---
system-info:
      stress-ng-version: 0.17.08
      run-by: root
      date-yyyy-mm-dd: 2024:06:09
      time-hh-mm-ss: 14:56:18
      epoch-secs: 1717944978
      hostname: 23ad575b81d3
      sysname: Linux
      nodename: 23ad575b81d3
      release: 6.8.0-1008-aws
      version: '#8-Ubuntu SMP Sat Apr 20 00:46:25 UTC 2024'
      machine: x86_64
      compiler: 'musl-gcc 13.2.1'
      uptime: 141
      totalram: 794608656384
      freeram: 788483739648
      sharedram: 70742016
      bufferram: 109346816
      totalswap: 0
      freeswap: 0
      pagesize: 4096
      cpus: 96
      cpus-online: 96
      ticks-per-second: 100

metrics:
    - stressor: cpu
      bogo-ops: 17133
      bogo-ops-per-second-usr-sys-time: 1712.825719
      bogo-ops-per-second-real-time: 1712.732846
      wall-clock-time: 10.003311
      user-time: 10.000770
      system-time: 0.001999
      cpu-usage-per-instance: 99.994578
      max-rss: 3072

...
