---
system-info:
      stress-ng-version: 0.17.08
      run-by: root
      date-yyyy-mm-dd: 2024:06:15
      time-hh-mm-ss: 17:41:29
      epoch-secs: 1718473289
      hostname: 8384dd99e40a
      sysname: Linux
      nodename: 8384dd99e40a
      release: 6.8.0-1008-aws
      version: '#8-Ubuntu SMP Sat Apr 20 00:46:25 UTC 2024'
      machine: x86_64
      compiler: 'musl-gcc 13.2.1'
      uptime: 143
      totalram: 794608656384
      freeram: 788786216960
      sharedram: 70742016
      bufferram: 112128000
      totalswap: 0
      freeswap: 0
      pagesize: 4096
      cpus: 96
      cpus-online: 96
      ticks-per-second: 100

metrics:
    - stressor: cpu
      bogo-ops: 59544
      bogo-ops-per-second-usr-sys-time: 2977.283215
      bogo-ops-per-second-real-time: 2977.188288
      wall-clock-time: 20.000079
      user-time: 19.998441
      system-time: 0.001000
      cpu-usage-per-instance: 99.996812
      max-rss: 0

...
