---
system-info:
      stress-ng-version: 0.17.08
      run-by: root
      date-yyyy-mm-dd: 2024:06:06
      time-hh-mm-ss: 10:22:23
      epoch-secs: 1717669343
      hostname: 160892764a49
      sysname: Linux
      nodename: 160892764a49
      release: 6.8.0-1008-aws
      version: '#8-Ubuntu SMP Sat Apr 20 00:46:25 UTC 2024'
      machine: x86_64
      compiler: 'musl-gcc 13.2.1'
      uptime: 101
      totalram: 99611602944
      freeram: 95156006912
      sharedram: 60289024
      bufferram: 82329600
      totalswap: 0
      freeswap: 0
      pagesize: 4096
      cpus: 48
      cpus-online: 48
      ticks-per-second: 100

metrics:
    - stressor: cpu
      bogo-ops: 558898
      bogo-ops-per-second-usr-sys-time: 1164.831325
      bogo-ops-per-second-real-time: 55878.788697
      wall-clock-time: 10.001971
      user-time: 479.764265
      system-time: 0.045977
      cpu-usage-per-instance: 99.940773
      max-rss: 3840

...
