---
system-info:
      stress-ng-version: 0.17.08
      run-by: root
      date-yyyy-mm-dd: 2024:06:14
      time-hh-mm-ss: 05:39:40
      epoch-secs: 1718343580
      hostname: b9443ec24c1f
      sysname: Linux
      nodename: b9443ec24c1f
      release: 6.8.0-1008-aws
      version: '#8-Ubuntu SMP Sat Apr 20 00:46:25 UTC 2024'
      machine: x86_64
      compiler: 'musl-gcc 13.2.1'
      uptime: 113
      totalram: 99611561984
      freeram: 94974144512
      sharedram: 60289024
      bufferram: 107143168
      totalswap: 0
      freeswap: 0
      pagesize: 4096
      cpus: 48
      cpus-online: 48
      ticks-per-second: 100

metrics:
    - stressor: cpu
      bogo-ops: 926943
      bogo-ops-per-second-usr-sys-time: 965.927664
      bogo-ops-per-second-real-time: 46346.982363
      wall-clock-time: 20.000072
      user-time: 959.608210
      system-time: 0.031973
      cpu-usage-per-instance: 99.962157
      max-rss: 1152

...
