BaselineInfo:
  WebDBID: -1
  TimeStamp: 20260612163702
Version:
  Major: 11
  Minor: 0
  Build: 1004
  SpecialBuildName: ""
  ptArchitecture: x86_64_linux
Results:
  Results Complete: true
  NumTestProcesses: 8
  CPU_INTEGER_MATH: 51247.870999999999
  CPU_FLOATINGPOINT_MATH: 31235.256502432938
  CPU_PRIME: 123.12986309310202
  CPU_SORTING: 24935.59002296815
  CPU_ENCRYPTION: 10300.28198203974
  CPU_COMPRESSION: 195952.43393225374
  CPU_SINGLETHREAD: 3659.1319267667886
  CPU_PHYSICS: 2096.163287274263
  CPU_MATRIX_MULT_SSE: 15604.282092982217
  CPU_mm: 1482.2815103001262
  CPU_sse: 5522.6654097088476
  CPU_fma: 16792.405880962368
  CPU_avx: 16456.850737205736
  CPU_avx512: 23645.206344051927
  m_CPU_enc_SHA: 12917326491.772541
  m_CPU_enc_AES: 10575767291.553366
  m_CPU_enc_ECDSA: 8908791655.4719963
  ME_ALLOC_S: 5594.6357992694921
  ME_READ_S: 32764.0751953125
  ME_READ_L: 30646.41015625
  ME_WRITE: 31645.08203125
  ME_LARGE: 23778.166666666668
  ME_LATENCY: 85.124564681130735
  ME_THREADED: 72131.9375
  SUMM_CPU: 18511.265644493105
  SUMM_ME: 2566.4515988323524
SystemInformation:
  OSName: Ubuntu 24.04.4 LTS
  Kernel: 6.8.0-124-generic
  Device: ""
  Processor: AMD EPYC-Turin Processor
  NumSockets: 1
  Manufacturer: AuthenticAMD
  NumCores: 4
  NumLogicals: 8
  CPUFrequency: 0
  CPUMaxFrequency: 0
  Memory: 32088
  CPUInfo:
    number: 1
    Family: 15
    Model: 0
    stepping: 0
    features: 395049983
    manufacture: AuthenticAMD
    typestring: AMD EPYC-Turin Processor
    iCoresPerPackage: 4
    iThreadsPerPackage: 2
    featuresEx:
      - 395049983
      - 4277809667
      - 802421759
    bHybrid: false
    nPCore: 0
    nLogicalsPerPCore: 0
    nECore: 0
    nLogicalsPerECore: 0
  MemModuleInfo:
    iNumMemSticks: 1
    DIMM 1:
      manufacturer: QEMU
      modulePartNo: Not Specified
      memType: RAM
      size: 32
      clkspeed: 0
      moduleVoltage: 0
Checksum: FA75B8DA7F8A6A11266F0082469A4678D3626B0B