BaselineInfo:
  WebDBID: -1
  TimeStamp: 20241108122649
Version:
  Major: 11
  Minor: 0
  Build: 1002
  SpecialBuildName: ""
  ptArchitecture: x86_64_linux
Results:
  Results Complete: true
  NumTestProcesses: 32
  CPU_INTEGER_MATH: 82651.218333333352
  CPU_FLOATINGPOINT_MATH: 43692.158685628601
  CPU_PRIME: 75.046282495118817
  CPU_SORTING: 48575.956690556784
  CPU_ENCRYPTION: 25957.765914414951
  CPU_COMPRESSION: 353179.29518174077
  CPU_SINGLETHREAD: 1418.902189662841
  CPU_PHYSICS: 1877.2626426644167
  CPU_MATRIX_MULT_SSE: 13173.726863657927
  CPU_mm: 2514.8459222759948
  CPU_sse: 10208.914559435147
  CPU_fma: 15032.544365637406
  CPU_avx: 14279.721665901236
  CPU_avx512: 0
  m_CPU_enc_SHA: 36700089111.060089
  m_CPU_enc_AES: 25449162739.887173
  m_CPU_enc_ECDSA: 19506819203.473461
  ME_ALLOC_S: 7625.1882681214993
  ME_READ_S: 14978.77783203125
  ME_READ_L: 11977.4765625
  ME_WRITE: 8206.369140625
  ME_LARGE: 116066.25
  ME_LATENCY: 59.667695858718616
  ME_THREADED: 59458.641357421875
  SUMM_CPU: 22449.634725986096
  SUMM_ME: 2178.5186768587132
SystemInformation:
  OSName: Ubuntu 24.04.1 LTS
  Kernel: 6.8.0-1016-aws
  Device: ""
  Processor: AMD EPYC 7571
  NumSockets: 1
  Manufacturer: AuthenticAMD
  NumCores: 16
  NumLogicals: 32
  CPUFrequency: 0
  Memory: 126820
  MemModuleInfo:
    iNumMemSticks: 2
    DIMM 1:
      manufacturer: Not Specified
      modulePartNo: Not Specified
      memType: DDR4
      size: 64
      clkspeed: 1333
      moduleVoltage: 0
    DIMM 2:
      manufacturer: Not Specified
      modulePartNo: Not Specified
      memType: DDR4
      size: 64
      clkspeed: 1333
      moduleVoltage: 0
Checksum: 0545295ADD0AE0FBEE2D3DE2A11AD1A8F904FE47