BaselineInfo:
  WebDBID: -1
  TimeStamp: 20260404065226
Version:
  Major: 11
  Minor: 0
  Build: 1004
  SpecialBuildName: ""
  ptArchitecture: x86_64_linux
Results:
  Results Complete: true
  NumTestProcesses: 4
  CPU_INTEGER_MATH: 9787.2553333333344
  CPU_FLOATINGPOINT_MATH: 5263.5003121521986
  CPU_PRIME: 24.992301041482914
  CPU_SORTING: 6144.3138135183835
  CPU_ENCRYPTION: 1357.4693415376951
  CPU_COMPRESSION: 45225.329374547371
  CPU_SINGLETHREAD: 1652.0170282916768
  CPU_PHYSICS: 440.44748620116229
  CPU_MATRIX_MULT_SSE: 2946.6350263584281
  CPU_mm: 298.81098800343261
  CPU_sse: 1064.1425704250619
  CPU_fma: 3646.9785282904936
  CPU_avx: 2579.7063127165829
  CPU_avx512: 4495.7126940015751
  m_CPU_enc_SHA: 444166150.15684217
  m_CPU_enc_AES: 3423436760.9681091
  m_CPU_enc_ECDSA: 402626405.69173872
  ME_ALLOC_S: 1111.7450912930922
  ME_READ_S: 19414.429492187501
  ME_READ_L: 6863.45458984375
  ME_WRITE: 7171.5
  ME_LARGE: 2875.75
  ME_LATENCY: 74.516001384889208
  ME_THREADED: 19691.03857421875
  SUMM_CPU: 3616.0650629538404
  SUMM_ME: 1375.1979377271043
SystemInformation:
  OSName: Ubuntu 24.04.4 LTS
  Kernel: 6.8.0-106-generic
  Device: ""
  Processor: Intel(R) Xeon(R) Platinum 8269CY CPU @ 2.50GHz
  NumSockets: 1
  Manufacturer: GenuineIntel
  NumCores: 2
  NumLogicals: 4
  CPUFrequency: 0
  CPUMaxFrequency: 0
  Memory: 15607
  CPUInfo:
    number: 1
    Family: 6
    Model: 5
    stepping: 7
    features: 529267711
    manufacture: GenuineIntel
    typestring: Intel(R) Xeon(R) Platinum 8269CY CPU @ 2.50GHz
    iCoresPerPackage: 2
    iThreadsPerPackage: 2
    featuresEx:
      - 529267711
      - 4277809667
      - 739248128
    bHybrid: false
    nPCore: 0
    nLogicalsPerPCore: 0
    nECore: 0
    nLogicalsPerECore: 0
  MemModuleInfo:
    iNumMemSticks: 1
    DIMM 1:
      manufacturer: Alibaba Cloud
      modulePartNo: Not Specified
      memType: RAM
      size: 16
      clkspeed: 0
      moduleVoltage: 0
Checksum: 10E51E92CA9926D694038073C9C845C1197A0163