BaselineInfo:
  WebDBID: -1
  TimeStamp: 20260206221612
Version:
  Major: 11
  Minor: 0
  Build: 1004
  SpecialBuildName: ""
  ptArchitecture: x86_64_linux
Results:
  Results Complete: true
  NumTestProcesses: 128
  CPU_INTEGER_MATH: 659946.56200000015
  CPU_FLOATINGPOINT_MATH: 477898.92259388202
  CPU_PRIME: 1083.1188534712117
  CPU_SORTING: 327423.25353019452
  CPU_ENCRYPTION: 144514.31897167166
  CPU_COMPRESSION: 2538600.7657441241
  CPU_SINGLETHREAD: 3262.9392753575803
  CPU_PHYSICS: 18558.568406386337
  CPU_MATRIX_MULT_SSE: 176528.69666915757
  CPU_mm: 19183.548773425624
  CPU_sse: 78927.642901395811
  CPU_fma: 207078.97184308674
  CPU_avx: 165777.28107454116
  CPU_avx512: 254330.89085760698
  m_CPU_enc_SHA: 153198738382.57428
  m_CPU_enc_AES: 200107741474.45346
  m_CPU_enc_ECDSA: 101296259733.09077
  ME_ALLOC_S: 34690.695396728639
  ME_READ_S: 28007.266796874999
  ME_READ_L: 16759.6328125
  ME_WRITE: 11977.939453125
  ME_LARGE: 491998.08333333331
  ME_LATENCY: 64.866611279436185
  ME_THREADED: 394944.38549804688
  SUMM_CPU: 122861.45407862512
  SUMM_ME: 2825.443616041835
SystemInformation:
  OSName: Ubuntu 24.04.3 LTS
  Kernel: 6.14.0-1018-aws
  Device: ""
  Processor: Intel(R) Xeon(R) 6975P-C
  NumSockets: 1
  Manufacturer: GenuineIntel
  NumCores: 64
  NumLogicals: 128
  CPUFrequency: 0
  CPUMaxFrequency: 0
  Memory: 507805
  CPUInfo:
    number: 1
    Family: 6
    Model: 13
    stepping: 1
    features: 529267711
    manufacture: GenuineIntel
    typestring: Intel(R) Xeon(R) 6975P-C
    iCoresPerPackage: 64
    iThreadsPerPackage: 2
    featuresEx:
      - 529267711
      - 4294619651
      - 739248128
    bHybrid: false
    nPCore: 0
    nLogicalsPerPCore: 0
    nECore: 0
    nLogicalsPerECore: 0
  MemModuleInfo:
    iNumMemSticks: 2
    DIMM 1:
      manufacturer: Not Specified
      modulePartNo: Not Specified
      memType: DDR5
      size: 256
      clkspeed: 3600
      moduleVoltage: 0
    DIMM 2:
      manufacturer: Not Specified
      modulePartNo: Not Specified
      memType: DDR5
      size: 256
      clkspeed: 3600
      moduleVoltage: 0
Checksum: 12C87495ADBB8391A4778FAE3F3C1D1910E96778