---
system-info:
      stress-ng-version: 0.17.08
      run-by: root
      date-yyyy-mm-dd: 2024:07:03
      time-hh-mm-ss: 00:51:54
      epoch-secs: 1719967914
      hostname: c2d-highcpu-112-f5cfa3a
      sysname: Linux
      nodename: c2d-highcpu-112-f5cfa3a
      release: 6.8.0-1009-gcp
      version: '#10-Ubuntu SMP Wed Jun 12 18:52:23 UTC 2024'
      machine: x86_64
      compiler: 'musl-gcc 13.2.1'
      uptime: 171
      totalram: 236597686272
      freeram: 230326919168
      sharedram: 68956160
      bufferram: 130981888
      totalswap: 0
      freeswap: 0
      pagesize: 4096
      cpus: 112
      cpus-online: 112
      ticks-per-second: 100

metrics:
    - stressor: cpu
      bogo-ops: 58529
      bogo-ops-per-second-usr-sys-time: 2926.638768
      bogo-ops-per-second-real-time: 2926.441244
      wall-clock-time: 20.000060
      user-time: 19.998710
      system-time: 0.000000
      cpu-usage-per-instance: 99.993251
      max-rss: 896

...
