BaselineInfo:
  WebDBID: -1
  TimeStamp: 20260622033621
Version:
  Major: 11
  Minor: 0
  Build: 1004
  SpecialBuildName: ""
  ptArchitecture: x86_64_linux
Results:
  Results Complete: true
  NumTestProcesses: 192
  CPU_INTEGER_MATH: 905386.15433333395
  CPU_FLOATINGPOINT_MATH: 657227.88539919467
  CPU_PRIME: 1776.0713537792824
  CPU_SORTING: 456990.82085934072
  CPU_ENCRYPTION: 197257.52534991605
  CPU_COMPRESSION: 3492731.2710940787
  CPU_SINGLETHREAD: 3533.5115917797361
  CPU_PHYSICS: 27150.563697477566
  CPU_MATRIX_MULT_SSE: 239247.76362163687
  CPU_mm: 25651.199614202629
  CPU_sse: 109368.84172319309
  CPU_fma: 288183.3443630446
  CPU_avx: 222122.956355017
  CPU_avx512: 337315.91204529244
  m_CPU_enc_SHA: 209395682944.8176
  m_CPU_enc_AES: 274156591602.69022
  m_CPU_enc_ECDSA: 136966246156.43301
  ME_ALLOC_S: 34363.14745142452
  ME_READ_S: 30887.555273437501
  ME_READ_L: 22453.66015625
  ME_WRITE: 8572.4228515625
  ME_LARGE: 759968.91666666663
  ME_LATENCY: 78.01841286661211
  ME_THREADED: 856865.48010253906
  SUMM_CPU: 148946.93896149637
  SUMM_ME: 2570.504477670695
SystemInformation:
  OSName: Ubuntu 24.04.4 LTS
  Kernel: 6.17.0-1018-azure
  Device: ""
  Processor: Intel(R) Xeon(R) 6973P-C
  NumSockets: 2
  Manufacturer: GenuineIntel
  NumCores: 96
  NumLogicals: 192
  CPUFrequency: 2600
  CPUMaxFrequency: 2600
  Memory: 773961
  CPUInfo:
    number: 2
    Family: 6
    Model: 13
    stepping: 1
    features: 529267711
    manufacture: GenuineIntel
    typestring: Intel(R) Xeon(R) 6973P-C
    iCoresPerPackage: 64
    iThreadsPerPackage: 2
    featuresEx:
      - 529267711
      - 4294586915
      - 739248128
    bHybrid: false
    nPCore: 0
    nLogicalsPerPCore: 0
    nECore: 0
    nLogicalsPerECore: 0
  MemModuleInfo:
    iNumMemSticks: 6
    DIMM 1:
      manufacturer: Microsoft Corporation
      modulePartNo: None
      memType: Unknown
      size: 1
      clkspeed: 0
      moduleVoltage: 0
    DIMM 2:
      manufacturer: Microsoft Corporation
      modulePartNo: None
      memType: Unknown
      size: 59
      clkspeed: 0
      moduleVoltage: 0
    DIMM 3:
      manufacturer: Microsoft Corporation
      modulePartNo: None
      memType: Unknown
      size: 132
      clkspeed: 0
      moduleVoltage: 0
    DIMM 4:
      manufacturer: Microsoft Corporation
      modulePartNo: None
      memType: Unknown
      size: 192
      clkspeed: 0
      moduleVoltage: 0
    DIMM 5:
      manufacturer: Microsoft Corporation
      modulePartNo: None
      memType: Unknown
      size: 192
      clkspeed: 0
      moduleVoltage: 0
    DIMM 6:
      manufacturer: Microsoft Corporation
      modulePartNo: None
      memType: Unknown
      size: 192
      clkspeed: 0
      moduleVoltage: 0
Checksum: 35983A3B56FB0F75E0076F4F891B0D1D9DB60C55