---
system-info:
      stress-ng-version: 0.17.08
      run-by: root
      date-yyyy-mm-dd: 2024:06:14
      time-hh-mm-ss: 03:55:50
      epoch-secs: 1718337350
      hostname: e526e905c88c
      sysname: Linux
      nodename: e526e905c88c
      release: 6.8.0-1008-aws
      version: '#8-Ubuntu SMP Sat Apr 20 00:46:25 UTC 2024'
      machine: x86_64
      compiler: 'musl-gcc 13.2.1'
      uptime: 146
      totalram: 397092769792
      freeram: 391057571840
      sharedram: 138264576
      bufferram: 109461504
      totalswap: 0
      freeswap: 0
      pagesize: 4096
      cpus: 192
      cpus-online: 192
      ticks-per-second: 100

metrics:
    - stressor: cpu
      bogo-ops: 60391
      bogo-ops-per-second-usr-sys-time: 3019.737828
      bogo-ops-per-second-real-time: 3019.538913
      wall-clock-time: 20.000073
      user-time: 19.998756
      system-time: 0.000000
      cpu-usage-per-instance: 99.993413
      max-rss: 0

...
