---
system-info:
      stress-ng-version: 0.17.08
      run-by: root
      date-yyyy-mm-dd: 2024:06:06
      time-hh-mm-ss: 03:41:38
      epoch-secs: 1717645298
      hostname: 250b67a3ddbd
      sysname: Linux
      nodename: 250b67a3ddbd
      release: 6.8.0-1008-aws
      version: '#8-Ubuntu SMP Sat Apr 20 00:46:25 UTC 2024'
      machine: x86_64
      compiler: 'musl-gcc 13.2.1'
      uptime: 134
      totalram: 397092802560
      freeram: 391149326336
      sharedram: 138264576
      bufferram: 82800640
      totalswap: 0
      freeswap: 0
      pagesize: 4096
      cpus: 192
      cpus-online: 192
      ticks-per-second: 100

metrics:
    - stressor: cpu
      bogo-ops: 17110
      bogo-ops-per-second-usr-sys-time: 1710.268347
      bogo-ops-per-second-real-time: 1710.210318
      wall-clock-time: 10.004617
      user-time: 10.004278
      system-time: 0.000000
      cpu-usage-per-instance: 99.996607
      max-rss: 3072

...
