BaselineInfo:
  WebDBID: -1
  TimeStamp: 20260404185816
Version:
  Major: 11
  Minor: 0
  Build: 1004
  SpecialBuildName: ""
  ptArchitecture: aarch64_linux
Results:
  Results Complete: true
  NumTestProcesses: 32
  CPU_INTEGER_MATH: 151671.92766666671
  CPU_FLOATINGPOINT_MATH: 115484.16423348049
  CPU_PRIME: 141.40774380424912
  CPU_SORTING: 106455.00044081794
  CPU_ENCRYPTION: 5168.4523494858477
  CPU_COMPRESSION: 182352.00485582906
  CPU_SINGLETHREAD: 1331.5831266611822
  CPU_PHYSICS: 2505.21983900023
  CPU_MATRIX_MULT_SSE: 23922.695719258165
  CPU_mm: 4015.7859773379014
  CPU_sse: 19949.330991629166
  CPU_fma: 27896.060446887175
  CPU_avx: 0
  CPU_avx512: 0
  m_CPU_enc_SHA: 7740967866.1600142
  m_CPU_enc_AES: 3644639199.1328969
  m_CPU_enc_ECDSA: 4872938207.1505051
  ME_ALLOC_S: 12731.25027470832
  ME_READ_S: 11310.899121093749
  ME_READ_L: 8530.794921875
  ME_WRITE: 15004.5849609375
  ME_LARGE: 47304.666666666664
  ME_LATENCY: 71.962226126163586
  ME_THREADED: 149272.56884765625
  SUMM_CPU: 20286.832723185955
  SUMM_ME: 1905.8053580100452
SystemInformation:
  OSName: Ubuntu 24.04.4 LTS
  Kernel: 6.8.0-106-generic
  Device: ""
  Processor: ARM Neoverse-N1 32 Core 0 MHz
  NumSockets: 1
  Manufacturer: ARM
  NumCores: 32
  NumLogicals: 32
  CPUFrequency: 0
  CPUMaxFrequency: 0
  Memory: 62436
Checksum: 9E5ED4340629D82FB06D1B81257C5640E59BA511