---
system-info:
      stress-ng-version: 0.17.08
      run-by: root
      date-yyyy-mm-dd: 2024:09:03
      time-hh-mm-ss: 06:33:09
      epoch-secs: 1725345189
      hostname: sc-runner
      sysname: Linux
      nodename: sc-runner
      release: 6.8.0-1013-azure
      version: '#15-Ubuntu SMP Thu Aug  8 18:40:40 UTC 2024'
      machine: x86_64
      compiler: 'musl-gcc 13.2.1'
      uptime: 383
      totalram: 29425528832
      freeram: 20973416448
      sharedram: 42033152
      bufferram: 210518016
      totalswap: 0
      freeswap: 0
      pagesize: 4096
      cpus: 1
      cpus-online: 1
      ticks-per-second: 100

metrics:
    - stressor: cpu
      bogo-ops: 24498
      bogo-ops-per-second-usr-sys-time: 1246.855314
      bogo-ops-per-second-real-time: 1224.889866
      wall-clock-time: 20.000165
      user-time: 19.642878
      system-time: 0.004951
      cpu-usage-per-instance: 98.238332
      max-rss: 3248

...
