BaselineInfo:
  WebDBID: -1
  TimeStamp: 20260630212642
Version:
  Major: 11
  Minor: 0
  Build: 1004
  SpecialBuildName: ""
  ptArchitecture: x86_64_linux
Results:
  Results Complete: true
  NumTestProcesses: 64
  CPU_INTEGER_MATH: 310333.40299999993
  CPU_FLOATINGPOINT_MATH: 173500.88924259515
  CPU_PRIME: 724.74975182322771
  CPU_SORTING: 187378.26204090196
  CPU_ENCRYPTION: 78647.354377161493
  CPU_COMPRESSION: 1276176.7011467563
  CPU_SINGLETHREAD: 2943.5436357106287
  CPU_PHYSICS: 12278.320337205316
  CPU_MATRIX_MULT_SSE: 88261.595962108287
  CPU_mm: 8311.9660992494064
  CPU_sse: 36358.869076817828
  CPU_fma: 110426.44573551472
  CPU_avx: 93055.314752793216
  CPU_avx512: 113205.75428330743
  m_CPU_enc_SHA: 110070166060.81473
  m_CPU_enc_AES: 74689829763.771591
  m_CPU_enc_ECDSA: 62643188965.57328
  ME_ALLOC_S: 30485.58979007239
  ME_READ_S: 28279.711328124999
  ME_READ_L: 26069.16796875
  ME_WRITE: 23551.744140625
  ME_LARGE: 182155
  ME_LATENCY: 68.263769631861805
  ME_THREADED: 417205.640625
  SUMM_CPU: 79514.136419183182
  SUMM_ME: 3067.6855231780828
SystemInformation:
  OSName: Ubuntu 24.04.4 LTS
  Kernel: 6.8.0-124-generic
  Device: ""
  Processor: AMD EPYC-Genoa Processor
  NumSockets: 2
  Manufacturer: AuthenticAMD
  NumCores: 32
  NumLogicals: 64
  CPUFrequency: 0
  CPUMaxFrequency: 0
  Memory: 193201
  CPUInfo:
    number: 2
    Family: 15
    Model: 1
    stepping: 0
    features: 395049983
    manufacture: AuthenticAMD
    typestring: AMD EPYC-Genoa Processor
    iCoresPerPackage: 16
    iThreadsPerPackage: 2
    featuresEx:
      - 395049983
      - 4277809667
      - 802421759
    bHybrid: false
    nPCore: 0
    nLogicalsPerPCore: 0
    nECore: 0
    nLogicalsPerECore: 0
  MemModuleInfo:
    iNumMemSticks: 12
    DIMM 1:
      manufacturer: QEMU
      modulePartNo: Not Specified
      memType: RAM
      size: 16
      clkspeed: 0
      moduleVoltage: 0
    DIMM 2:
      manufacturer: QEMU
      modulePartNo: Not Specified
      memType: RAM
      size: 16
      clkspeed: 0
      moduleVoltage: 0
    DIMM 3:
      manufacturer: QEMU
      modulePartNo: Not Specified
      memType: RAM
      size: 16
      clkspeed: 0
      moduleVoltage: 0
    DIMM 4:
      manufacturer: QEMU
      modulePartNo: Not Specified
      memType: RAM
      size: 16
      clkspeed: 0
      moduleVoltage: 0
    DIMM 5:
      manufacturer: QEMU
      modulePartNo: Not Specified
      memType: RAM
      size: 16
      clkspeed: 0
      moduleVoltage: 0
    DIMM 6:
      manufacturer: QEMU
      modulePartNo: Not Specified
      memType: RAM
      size: 16
      clkspeed: 0
      moduleVoltage: 0
    DIMM 7:
      manufacturer: QEMU
      modulePartNo: Not Specified
      memType: RAM
      size: 16
      clkspeed: 0
      moduleVoltage: 0
    DIMM 8:
      manufacturer: QEMU
      modulePartNo: Not Specified
      memType: RAM
      size: 16
      clkspeed: 0
      moduleVoltage: 0
    DIMM 9:
      manufacturer: QEMU
      modulePartNo: Not Specified
      memType: RAM
      size: 16
      clkspeed: 0
      moduleVoltage: 0
    DIMM 10:
      manufacturer: QEMU
      modulePartNo: Not Specified
      memType: RAM
      size: 16
      clkspeed: 0
      moduleVoltage: 0
    DIMM 11:
      manufacturer: QEMU
      modulePartNo: Not Specified
      memType: RAM
      size: 16
      clkspeed: 0
      moduleVoltage: 0
    DIMM 12:
      manufacturer: QEMU
      modulePartNo: Not Specified
      memType: RAM
      size: 16
      clkspeed: 0
      moduleVoltage: 0
Checksum: BC6F9833467E3274E6251FDD4CABB96131C0449E