BaselineInfo:
  WebDBID: -1
  TimeStamp: 20241230164400
Version:
  Major: 11
  Minor: 0
  Build: 1002
  SpecialBuildName: ""
  ptArchitecture: x86_64_linux
Results:
  Results Complete: true
  NumTestProcesses: 48
  CPU_INTEGER_MATH: 251058.74533333333
  CPU_FLOATINGPOINT_MATH: 177766.5001282111
  CPU_PRIME: 496.47648445885147
  CPU_SORTING: 124096.82928835272
  CPU_ENCRYPTION: 55296.861183463945
  CPU_COMPRESSION: 904484.21502355894
  CPU_SINGLETHREAD: 3205.1248174940993
  CPU_PHYSICS: 11009.722417385037
  CPU_MATRIX_MULT_SSE: 73602.906918222157
  CPU_mm: 7108.0278946602375
  CPU_sse: 30711.34302074381
  CPU_fma: 80990.822835986095
  CPU_avx: 63840.262398827806
  CPU_avx512: 118869.19941733096
  m_CPU_enc_SHA: 58392802123.872231
  m_CPU_enc_AES: 75906423867.808273
  m_CPU_enc_ECDSA: 39649658545.255272
  ME_ALLOC_S: 26466.500969238245
  ME_READ_S: 25661.594531250001
  ME_READ_L: 7889.84423828125
  ME_WRITE: 15996.9404296875
  ME_LARGE: 369155
  ME_LATENCY: 45.771786792351968
  ME_THREADED: 307779.56396484375
  SUMM_CPU: 69515.891405802409
  SUMM_ME: 2853.9645489498289
SystemInformation:
  OSName: Ubuntu 24.04.1 LTS
  Kernel: 6.8.0-1021-aws
  Device: ""
  Processor: Intel Xeon Platinum 8559C
  NumSockets: 1
  Manufacturer: GenuineIntel
  NumCores: 24
  NumLogicals: 48
  CPUFrequency: 0
  Memory: 380668
  MemModuleInfo:
    iNumMemSticks: 1
    DIMM 1:
      manufacturer: Not Specified
      modulePartNo: Not Specified
      memType: DDR5
      size: 384
      clkspeed: 2800
      moduleVoltage: 0
Checksum: 6C7B4AEB319DCB75FD16C3B58470BDA75F1CF79E