BaselineInfo:
  WebDBID: -1
  TimeStamp: 20241109194859
Version:
  Major: 11
  Minor: 0
  Build: 1002
  SpecialBuildName: ""
  ptArchitecture: x86_64_linux
Results:
  Results Complete: true
  NumTestProcesses: 64
  CPU_INTEGER_MATH: 199772.10833333337
  CPU_FLOATINGPOINT_MATH: 107007.41579867303
  CPU_PRIME: 276.66882946708563
  CPU_SORTING: 101099.47848844338
  CPU_ENCRYPTION: 27292.549236699761
  CPU_COMPRESSION: 866392.80604406679
  CPU_SINGLETHREAD: 2109.3072015150997
  CPU_PHYSICS: 4505.8492899361509
  CPU_MATRIX_MULT_SSE: 57590.479637764081
  CPU_mm: 6048.5059795613888
  CPU_sse: 21803.823675645588
  CPU_fma: 70004.533861489326
  CPU_avx: 49359.257419038906
  CPU_avx512: 89194.303594882527
  m_CPU_enc_SHA: 9016722338.9479294
  m_CPU_enc_AES: 68750378071.0802
  m_CPU_enc_ECDSA: 8087835915.2368984
  ME_ALLOC_S: 22694.197185925288
  ME_READ_S: 25251.530078125001
  ME_READ_L: 11459.958984375
  ME_WRITE: 10653.3583984375
  ME_LARGE: 495473.91666666669
  ME_LATENCY: 47.954169791174337
  ME_THREADED: 213642.98217773438
  SUMM_CPU: 47568.21675658699
  SUMM_ME: 2917.5896331296317
SystemInformation:
  OSName: Ubuntu 24.04.1 LTS
  Kernel: 6.8.0-1017-azure
  Device: ""
  Processor: Intel Xeon Platinum 8272CL CPU @ 2.60GHz
  NumSockets: 2
  Manufacturer: GenuineIntel
  NumCores: 32
  NumLogicals: 64
  CPUFrequency: 0
  Memory: 507894
  MemModuleInfo:
    iNumMemSticks: 4
    DIMM 1:
      manufacturer: Microsoft Corporation
      modulePartNo: None
      memType: Unknown
      size: 1
      clkspeed: 0
      moduleVoltage: 0
    DIMM 2:
      manufacturer: Microsoft Corporation
      modulePartNo: None
      memType: Unknown
      size: 60928
      clkspeed: 0
      moduleVoltage: 0
    DIMM 3:
      manufacturer: Microsoft Corporation
      modulePartNo: None
      memType: Unknown
      size: 196096
      clkspeed: 0
      moduleVoltage: 0
    DIMM 4:
      manufacturer: Microsoft Corporation
      modulePartNo: None
      memType: Unknown
      size: 252
      clkspeed: 0
      moduleVoltage: 0
Checksum: 11552E6E81EAF872EF676F7260C4D91EF0D3A511