size_kb,operation,bandwidth_mb_s,latency_ns,latency_stddev_ns,latency_samples,threads,iterations,elapsed_s
32,read,1546378.16,0,0,0,32,649350,0.419917
32,write,953661.91,0,0,0,32,593824,0.622678
32,copy,777743.86,0,0,0,32,346260,0.445211
32,latency,0,1.30,0.00,7,1,7,0.186411
128,read,1548165.83,0,0,0,32,156250,0.403704
128,write,950889.72,0,0,0,32,112764,0.474352
128,copy,779088.87,0,0,0,32,86475,0.443980
128,latency,0,3.55,0.00,7,1,7,0.690414
1024,read,761676.71,0,0,0,32,21088,0.885961
1024,write,646311.85,0,0,0,32,13469,0.666873
1024,copy,131891.69,0,0,0,32,6345,1.539445
1024,latency,0,6.69,0.01,7,1,7,0.695951
2048,read,264019.71,0,0,0,32,5877,1.424621
2048,write,339873.24,0,0,0,32,4951,0.932301
2048,copy,125284.79,0,0,0,32,1788,0.913375
2048,latency,0,11.76,0.04,7,1,7,0.698971
4096,read,255686.86,0,0,0,32,1660,0.831017
4096,write,326180.26,0,0,0,32,1812,0.711067
4096,copy,136802.90,0,0,0,32,886,0.828988
4096,latency,0,22.81,0.03,7,1,7,0.693254
131072,read,173950.05,0,0,0,32,34,0.800598
131072,write,163544.27,0,0,0,32,24,0.601085
131072,copy,54746.17,0,0,0,32,16,1.197088
131072,latency,0,40.61,0.99,7,1,7,3.664964
262144,read,170207.17,0,0,0,32,18,0.866332
262144,write,162192.47,0,0,0,32,11,0.555587
262144,copy,54974.20,0,0,0,16,8,0.596061
262144,latency,0,91.32,3.11,7,1,7,15.901840
524288,read,150837.27,0,0,0,16,9,0.488792
524288,write,158649.09,0,0,0,16,5,0.258180
524288,copy,47005.85,0,0,0,8,4,0.348552
524288,latency,0,113.05,1.97,7,1,7,39.261266
