BaselineInfo:
  WebDBID: -1
  TimeStamp: 20260619132200
Version:
  Major: 11
  Minor: 0
  Build: 1004
  SpecialBuildName: ""
  ptArchitecture: x86_64_linux
Results:
  Results Complete: true
  NumTestProcesses: 4
  CPU_INTEGER_MATH: 15855.672666666665
  CPU_FLOATINGPOINT_MATH: 11257.424626756876
  CPU_PRIME: 33.306375876034068
  CPU_SORTING: 8018.3577186079083
  CPU_ENCRYPTION: 3525.3635439228669
  CPU_COMPRESSION: 60605.625632107127
  CPU_SINGLETHREAD: 2426.1626604081976
  CPU_PHYSICS: 796.22453792220176
  CPU_MATRIX_MULT_SSE: 4307.6948582542445
  CPU_mm: 433.7925280018967
  CPU_sse: 1871.0316251815261
  CPU_fma: 5076.2518051214765
  CPU_avx: 3635.0515010376694
  CPU_avx512: 6648.4445016763038
  m_CPU_enc_SHA: 3694632638.8708329
  m_CPU_enc_AES: 4814063670.1820164
  m_CPU_enc_ECDSA: 2581138501.2445426
  ME_ALLOC_S: 2305.6543072028189
  ME_READ_S: 22063.744921875001
  ME_READ_L: 8991.0419921875
  ME_WRITE: 8446.5478515625
  ME_LARGE: 3731
  ME_LATENCY: 74.361404847422776
  ME_THREADED: 27429.0078125
  SUMM_CPU: 6121.5482436660341
  SUMM_ME: 1646.1951053164694
SystemInformation:
  OSName: Ubuntu 24.04.4 LTS
  Kernel: 6.17.0-1018-azure
  Device: ""
  Processor: INTEL(R) XEON(R) PLATINUM 8573C
  NumSockets: 1
  Manufacturer: GenuineIntel
  NumCores: 2
  NumLogicals: 4
  CPUFrequency: 2300
  CPUMaxFrequency: 2300
  Memory: 7936
  CPUInfo:
    number: 1
    Family: 6
    Model: 15
    stepping: 2
    features: 529267711
    manufacture: GenuineIntel
    typestring: INTEL(R) XEON(R) PLATINUM 8573C
    iCoresPerPackage: 2
    iThreadsPerPackage: 2
    featuresEx:
      - 529267711
      - 4294586915
      - 739248128
    bHybrid: false
    nPCore: 0
    nLogicalsPerPCore: 0
    nECore: 0
    nLogicalsPerECore: 0
  MemModuleInfo:
    iNumMemSticks: 2
    DIMM 1:
      manufacturer: Microsoft Corporation
      modulePartNo: None
      memType: Unknown
      size: 1
      clkspeed: 0
      moduleVoltage: 0
    DIMM 2:
      manufacturer: Microsoft Corporation
      modulePartNo: None
      memType: Unknown
      size: 7
      clkspeed: 0
      moduleVoltage: 0
Checksum: 31BA69F954CBF2837A2076B40234E2CBD769CE8F