---
system-info:
      stress-ng-version: 0.17.08
      run-by: root
      date-yyyy-mm-dd: 2024:09:22
      time-hh-mm-ss: 18:12:19
      epoch-secs: 1727028739
      hostname: sc-runner
      sysname: Linux
      nodename: sc-runner
      release: 6.8.0-1014-azure
      version: '#16-Ubuntu SMP Thu Aug 15 20:04:41 UTC 2024'
      machine: x86_64
      compiler: 'musl-gcc 13.2.1'
      uptime: 401
      totalram: 135161151488
      freeram: 124283170816
      sharedram: 71938048
      bufferram: 257744896
      totalswap: 0
      freeswap: 0
      pagesize: 4096
      cpus: 32
      cpus-online: 32
      ticks-per-second: 100

metrics:
    - stressor: cpu
      bogo-ops: 865071
      bogo-ops-per-second-usr-sys-time: 1352.395881
      bogo-ops-per-second-real-time: 43253.441591
      wall-clock-time: 20.000050
      user-time: 639.623128
      system-time: 0.034987
      cpu-usage-per-instance: 99.946330
      max-rss: 3256

...
