---
system-info:
      stress-ng-version: 0.17.08
      run-by: root
      date-yyyy-mm-dd: 2024:09:24
      time-hh-mm-ss: 04:40:55
      epoch-secs: 1727152855
      hostname: sc-runner
      sysname: Linux
      nodename: sc-runner
      release: 6.8.0-1014-azure
      version: '#16-Ubuntu SMP Thu Aug 15 20:04:41 UTC 2024'
      machine: x86_64
      compiler: 'musl-gcc 13.2.1'
      uptime: 310
      totalram: 135060652032
      freeram: 124257406976
      sharedram: 42311680
      bufferram: 292974592
      totalswap: 0
      freeswap: 0
      pagesize: 4096
      cpus: 32
      cpus-online: 32
      ticks-per-second: 100

metrics:
    - stressor: cpu
      bogo-ops: 595980
      bogo-ops-per-second-usr-sys-time: 932.070960
      bogo-ops-per-second-real-time: 29798.865135
      wall-clock-time: 20.000091
      user-time: 639.367864
      system-time: 0.046972
      cpu-usage-per-instance: 99.908116
      max-rss: 3080

...
