size_kb,operation,bandwidth_mb_s,latency_ns,latency_stddev_ns,latency_samples,threads,iterations,elapsed_s
32,read,5945964.29,0,0,0,48,595237,0.150162
32,write,6379229.47,0,0,0,48,543478,0.127792
32,copy,2714418.99,0,0,0,48,396825,0.219287
32,latency,0,0.89,0.05,21,1,21,0.394060
128,read,5374565.48,0,0,0,48,211864,0.236518
128,write,4938254.02,0,0,0,48,177304,0.215425
128,copy,3291011.00,0,0,0,48,121951,0.222335
128,latency,0,2.43,0.12,9,1,9,0.771853
512,read,5468462.49,0,0,0,48,58275,0.255757
512,write,5318876.81,0,0,0,48,55309,0.249567
512,copy,2546958.05,0,0,0,48,23877,0.224993
512,latency,0,3.36,0.17,7,1,7,0.608425
1024,read,4499459.60,0,0,0,48,23832,0.254239
1024,write,4569518.99,0,0,0,48,26014,0.273261
1024,copy,2025008.77,0,0,0,48,10283,0.243744
1024,latency,0,5.02,0.25,13,1,13,1.069977
2048,read,3789770.93,0,0,0,48,9084,0.230110
2048,write,4002064.03,0,0,0,48,8931,0.214233
2048,copy,1527151.01,0,0,0,48,4270,0.268421
2048,latency,0,8.90,0.42,7,1,7,0.599512
8192,read,967870.87,0,0,0,48,1272,0.504662
8192,write,607648.45,0,0,0,48,1475,0.932118
8192,copy,222358.62,0,0,0,48,1103,1.904815
8192,latency,0,10.37,0.00,7,1,7,0.709846
16384,read,453448.13,0,0,0,48,1376,2.330516
16384,write,211850.23,0,0,0,48,714,2.588395
16384,copy,111254.30,0,0,0,48,481,3.320393
16384,latency,0,10.81,0.01,7,1,7,0.687027
32768,read,307999.54,0,0,0,48,349,1.740470
32768,write,170673.83,0,0,0,48,428,3.851838
32768,copy,102426.25,0,0,0,48,149,2.234427
32768,latency,0,14.65,0.27,7,1,7,0.791220
65536,read,289233.40,0,0,0,48,179,1.901191
65536,write,159214.17,0,0,0,48,143,2.759151
65536,copy,100771.53,0,0,0,48,84,2.560723
65536,latency,0,79.62,1.77,7,1,7,3.448901
131072,read,283296.61,0,0,0,48,85,1.843439
131072,write,156847.52,0,0,0,48,66,2.585339
131072,copy,100969.47,0,0,0,48,41,2.494853
131072,latency,0,108.22,2.81,7,1,7,9.136032
