BaselineInfo:
  WebDBID: -1
  TimeStamp: 20241108232015
Version:
  Major: 11
  Minor: 0
  Build: 1002
  SpecialBuildName: ""
  ptArchitecture: x86_64_linux
Results:
  Results Complete: true
  NumTestProcesses: 48
  CPU_INTEGER_MATH: 199407.54699999999
  CPU_FLOATINGPOINT_MATH: 109613.81140426089
  CPU_PRIME: 284.4829486971733
  CPU_SORTING: 102851.42175782661
  CPU_ENCRYPTION: 51361.835952468202
  CPU_COMPRESSION: 755123.93603804964
  CPU_SINGLETHREAD: 2389.7790391499052
  CPU_PHYSICS: 5231.2744833082379
  CPU_MATRIX_MULT_SSE: 44979.708916308547
  CPU_mm: 5391.1741154217898
  CPU_sse: 22888.040680291659
  CPU_fma: 62498.739019127373
  CPU_avx: 49552.347049506599
  CPU_avx512: 0
  m_CPU_enc_SHA: 74551228857.530624
  m_CPU_enc_AES: 47670438414.632797
  m_CPU_enc_ECDSA: 39348698214.92247
  ME_ALLOC_S: 19905.018560025495
  ME_READ_S: 24461.285351562499
  ME_READ_L: 19558.84765625
  ME_WRITE: 19116.87890625
  ME_LARGE: 375475.83333333331
  ME_LATENCY: 63.343007863181867
  ME_THREADED: 115875.041015625
  SUMM_CPU: 51331.688148881571
  SUMM_ME: 2903.8681791136537
SystemInformation:
  OSName: Ubuntu 24.04.1 LTS
  Kernel: 6.8.0-1017-azure
  Device: ""
  Processor: AMD EPYC 7763 64-Core Processor
  NumSockets: 1
  Manufacturer: AuthenticAMD
  NumCores: 24
  NumLogicals: 48
  CPUFrequency: 0
  Memory: 386748
  MemModuleInfo:
    iNumMemSticks: 3
    DIMM 1:
      manufacturer: Microsoft Corporation
      modulePartNo: None
      memType: Unknown
      size: 1
      clkspeed: 0
      moduleVoltage: 0
    DIMM 2:
      manufacturer: Microsoft Corporation
      modulePartNo: None
      memType: Unknown
      size: 59
      clkspeed: 0
      moduleVoltage: 0
    DIMM 3:
      manufacturer: Microsoft Corporation
      modulePartNo: None
      memType: Unknown
      size: 324
      clkspeed: 0
      moduleVoltage: 0
Checksum: 6C3856D6F655AF5CBEFE0E480F5CC87C8C365A03