---
system-info:
      stress-ng-version: 0.17.08
      run-by: root
      date-yyyy-mm-dd: 2024:06:06
      time-hh-mm-ss: 11:19:19
      epoch-secs: 1717672759
      hostname: ad75b6f3c317
      sysname: Linux
      nodename: ad75b6f3c317
      release: 6.8.0-1008-aws
      version: '#8-Ubuntu SMP Sat Apr 20 00:46:25 UTC 2024'
      machine: x86_64
      compiler: 'musl-gcc 13.2.1'
      uptime: 102
      totalram: 4002344960
      freeram: 112590848
      sharedram: 59854848
      bufferram: 80015360
      totalswap: 0
      freeswap: 0
      pagesize: 4096
      cpus: 2
      cpus-online: 2
      ticks-per-second: 100

metrics:
    - stressor: cpu
      bogo-ops: 24438
      bogo-ops-per-second-usr-sys-time: 1234.444611
      bogo-ops-per-second-real-time: 2443.428677
      wall-clock-time: 10.001520
      user-time: 19.790759
      system-time: 0.005998
      cpu-usage-per-instance: 98.968745
      max-rss: 4176

...
