---
system-info:
      stress-ng-version: 0.17.08
      run-by: root
      date-yyyy-mm-dd: 2024:06:13
      time-hh-mm-ss: 01:19:03
      epoch-secs: 1718241543
      hostname: c147346fa03b
      sysname: Linux
      nodename: c147346fa03b
      release: 6.8.0-1008-aws
      version: '#8-Ubuntu SMP Sat Apr 20 00:46:25 UTC 2024'
      machine: x86_64
      compiler: 'musl-gcc 13.2.1'
      uptime: 118
      totalram: 4002340864
      freeram: 221302784
      sharedram: 59854848
      bufferram: 104407040
      totalswap: 0
      freeswap: 0
      pagesize: 4096
      cpus: 2
      cpus-online: 2
      ticks-per-second: 100

metrics:
    - stressor: cpu
      bogo-ops: 38369
      bogo-ops-per-second-usr-sys-time: 968.233615
      bogo-ops-per-second-real-time: 1918.440109
      wall-clock-time: 20.000103
      user-time: 39.622843
      system-time: 0.004990
      cpu-usage-per-instance: 99.069072
      max-rss: 1104

...
