BaselineInfo:
  WebDBID: -1
  TimeStamp: 20241108022035
Version:
  Major: 11
  Minor: 0
  Build: 1002
  SpecialBuildName: ""
  ptArchitecture: x86_64_linux
Results:
  Results Complete: true
  NumTestProcesses: 4
  CPU_INTEGER_MATH: 11271.155333333334
  CPU_FLOATINGPOINT_MATH: 6040.2663506737235
  CPU_PRIME: 23.554440049542372
  CPU_SORTING: 6018.6064517330778
  CPU_ENCRYPTION: 1551.165496233004
  CPU_COMPRESSION: 50320.029511115972
  CPU_SINGLETHREAD: 1805.8664524276855
  CPU_PHYSICS: 507.13231879485443
  CPU_MATRIX_MULT_SSE: 2903.2241886148749
  CPU_mm: 342.38943731968504
  CPU_sse: 1231.1368121723062
  CPU_fma: 3641.2017218178844
  CPU_avx: 2570.583619134467
  CPU_avx512: 4169.9746013348422
  m_CPU_enc_SHA: 509332908.44074619
  m_CPU_enc_AES: 3917077399.2884831
  m_CPU_enc_ECDSA: 453134426.40482616
  ME_ALLOC_S: 1357.1662040754259
  ME_READ_S: 21944.555273437501
  ME_READ_L: 10235.1044921875
  ME_WRITE: 9654.8935546875
  ME_LARGE: 3612.8333333333335
  ME_LATENCY: 54.634725702050169
  ME_THREADED: 23758.029296875
  SUMM_CPU: 3956.0548875277918
  SUMM_ME: 1793.6635803031741
SystemInformation:
  OSName: Ubuntu 24.04.1 LTS
  Kernel: 6.8.0-1016-aws
  Device: ""
  Processor: Intel Xeon Platinum 8259CL CPU @ 2.50GHz
  NumSockets: 1
  Manufacturer: GenuineIntel
  NumCores: 2
  NumLogicals: 4
  CPUFrequency: 0
  Memory: 15788
  MemModuleInfo:
    iNumMemSticks: 1
    DIMM 1:
      manufacturer: Not Specified
      modulePartNo: Not Specified
      memType: DDR4
      size: 16
      clkspeed: 1600
      moduleVoltage: 0
Checksum: A8747DB1ED0B21A62A92F277FBD196718C4A192B