---
system-info:
      stress-ng-version: 0.17.08
      run-by: root
      date-yyyy-mm-dd: 2024:09:07
      time-hh-mm-ss: 22:53:13
      epoch-secs: 1725749593
      hostname: ip-172-31-45-163
      sysname: Linux
      nodename: ip-172-31-45-163
      release: 6.8.0-1014-aws
      version: '#15-Ubuntu SMP Thu Aug  8 19:13:06 UTC 2024'
      machine: x86_64
      compiler: 'musl-gcc 13.2.1'
      uptime: 264
      totalram: 1031432380416
      freeram: 1021758599168
      sharedram: 95993856
      bufferram: 224763904
      totalswap: 0
      freeswap: 0
      pagesize: 4096
      cpus: 64
      cpus-online: 64
      ticks-per-second: 100

metrics:
    - stressor: cpu
      bogo-ops: 14878
      bogo-ops-per-second-usr-sys-time: 743.908927
      bogo-ops-per-second-real-time: 743.890547
      wall-clock-time: 20.000254
      user-time: 19.997761
      system-time: 0.001999
      cpu-usage-per-instance: 99.997529
      max-rss: 512

...
