---
system-info:
      stress-ng-version: 0.17.08
      run-by: root
      date-yyyy-mm-dd: 2024:09:13
      time-hh-mm-ss: 22:19:47
      epoch-secs: 1726265987
      hostname: ip-172-31-35-9
      sysname: Linux
      nodename: ip-172-31-35-9
      release: 6.8.0-1014-aws
      version: '#15-Ubuntu SMP Thu Aug  8 19:13:06 UTC 2024'
      machine: x86_64
      compiler: 'musl-gcc 13.2.1'
      uptime: 277
      totalram: 1031432364032
      freeram: 1020344582144
      sharedram: 95956992
      bufferram: 224845824
      totalswap: 0
      freeswap: 0
      pagesize: 4096
      cpus: 64
      cpus-online: 64
      ticks-per-second: 100

metrics:
    - stressor: cpu
      bogo-ops: 14495
      bogo-ops-per-second-usr-sys-time: 724.726374
      bogo-ops-per-second-real-time: 724.741784
      wall-clock-time: 20.000227
      user-time: 20.000652
      system-time: 0.000000
      cpu-usage-per-instance: 100.002126
      max-rss: 512

...
