---
system-info:
      stress-ng-version: 0.17.08
      run-by: root
      date-yyyy-mm-dd: 2024:08:30
      time-hh-mm-ss: 20:04:12
      epoch-secs: 1725048252
      hostname: sc-runner
      sysname: Linux
      nodename: sc-runner
      release: 6.8.0-1013-azure
      version: '#15-Ubuntu SMP Thu Aug  8 18:40:40 UTC 2024'
      machine: x86_64
      compiler: 'musl-gcc 13.2.1'
      uptime: 358
      totalram: 33650921472
      freeram: 25181581312
      sharedram: 38121472
      bufferram: 208199680
      totalswap: 0
      freeswap: 0
      pagesize: 4096
      cpus: 8
      cpus-online: 8
      ticks-per-second: 100

metrics:
    - stressor: cpu
      bogo-ops: 54158
      bogo-ops-per-second-usr-sys-time: 2707.926673
      bogo-ops-per-second-real-time: 2707.891736
      wall-clock-time: 20.000061
      user-time: 19.999803
      system-time: 0.000000
      cpu-usage-per-instance: 99.998710
      max-rss: 3280

...
