---
system-info:
      stress-ng-version: 0.17.08
      run-by: root
      date-yyyy-mm-dd: 2024:07:02
      time-hh-mm-ss: 04:50:59
      epoch-secs: 1719895859
      hostname: c3d-standard-16-lssd-3e84c59
      sysname: Linux
      nodename: c3d-standard-16-lssd-3e84c59
      release: 6.8.0-1009-gcp
      version: '#10-Ubuntu SMP Wed Jun 12 18:52:23 UTC 2024'
      machine: x86_64
      compiler: 'musl-gcc 13.2.1'
      uptime: 112
      totalram: 67421843456
      freeram: 62298890240
      sharedram: 35082240
      bufferram: 125460480
      totalswap: 0
      freeswap: 0
      pagesize: 4096
      cpus: 16
      cpus-online: 16
      ticks-per-second: 100

metrics:
    - stressor: cpu
      bogo-ops: 459570
      bogo-ops-per-second-usr-sys-time: 1437.672194
      bogo-ops-per-second-real-time: 22978.426794
      wall-clock-time: 20.000064
      user-time: 319.645587
      system-time: 0.016991
      cpu-usage-per-instance: 99.894237
      max-rss: 1104

...
