---
system-info:
      stress-ng-version: 0.17.08
      run-by: root
      date-yyyy-mm-dd: 2024:07:12
      time-hh-mm-ss: 12:33:34
      epoch-secs: 1720787614
      hostname: ip-172-31-2-222
      sysname: Linux
      nodename: ip-172-31-2-222
      release: 6.8.0-1010-aws
      version: '#10-Ubuntu SMP Thu Jun 13 17:36:15 UTC 2024'
      machine: x86_64
      compiler: 'musl-gcc 13.2.1'
      uptime: 277
      totalram: 405340602368
      freeram: 395481108480
      sharedram: 78888960
      bufferram: 132005888
      totalswap: 0
      freeswap: 0
      pagesize: 4096
      cpus: 96
      cpus-online: 96
      ticks-per-second: 100

metrics:
    - stressor: cpu
      bogo-ops: 1639185
      bogo-ops-per-second-usr-sys-time: 854.077764
      bogo-ops-per-second-real-time: 81958.847130
      wall-clock-time: 20.000098
      user-time: 1919.201641
      system-time: 0.043971
      cpu-usage-per-instance: 99.960218
      max-rss: 768

...
