---
system-info:
      stress-ng-version: 0.17.08
      run-by: root
      date-yyyy-mm-dd: 2024:09:17
      time-hh-mm-ss: 05:16:25
      epoch-secs: 1726550185
      hostname: sc-runner
      sysname: Linux
      nodename: sc-runner
      release: 6.8.0-1014-azure
      version: '#16-Ubuntu SMP Thu Aug 15 20:04:41 UTC 2024'
      machine: x86_64
      compiler: 'musl-gcc 13.2.1'
      uptime: 322
      totalram: 202798833664
      freeram: 191521624064
      sharedram: 79921152
      bufferram: 242601984
      totalswap: 0
      freeswap: 0
      pagesize: 4096
      cpus: 48
      cpus-online: 48
      ticks-per-second: 100

metrics:
    - stressor: cpu
      bogo-ops: 893051
      bogo-ops-per-second-usr-sys-time: 930.977304
      bogo-ops-per-second-real-time: 44652.356188
      wall-clock-time: 20.000087
      user-time: 959.202873
      system-time: 0.058965
      cpu-usage-per-instance: 99.922674
      max-rss: 3252

...
