---
system-info:
      stress-ng-version: 0.17.08
      run-by: root
      date-yyyy-mm-dd: 2024:06:26
      time-hh-mm-ss: 21:36:12
      epoch-secs: 1719437772
      hostname: c3-highmem-8-f7eaf72.us-east4-a.c.algebraic-pier-412621.internal
      sysname: Linux
      nodename: c3-highmem-8-f7eaf72.us-east4-a.c.algebraic-pier-412621.internal
      release: 6.8.0-1009-gcp
      version: '#10-Ubuntu SMP Wed Jun 12 18:52:23 UTC 2024'
      machine: x86_64
      compiler: 'musl-gcc 13.2.1'
      uptime: 112
      totalram: 67423666176
      freeram: 62301233152
      sharedram: 111583232
      bufferram: 125382656
      totalswap: 0
      freeswap: 0
      pagesize: 4096
      cpus: 8
      cpus-online: 8
      ticks-per-second: 100

metrics:
    - stressor: cpu
      bogo-ops: 133112
      bogo-ops-per-second-usr-sys-time: 833.321287
      bogo-ops-per-second-real-time: 6655.567103
      wall-clock-time: 20.000099
      user-time: 159.731713
      system-time: 0.004996
      cpu-usage-per-instance: 99.834950
      max-rss: 1104

...
