size_kb,operation,bandwidth_mb_s,latency_ns,latency_stddev_ns,latency_samples,threads,iterations,elapsed_s
32,read,215592.10,0,0,0,2,566893,0.164342
32,write,203293.69,0,0,0,2,402576,0.123767
32,copy,132671.56,0,0,0,2,308261,0.145218
32,latency,0,1.14,0.22,21,1,21,0.518111
128,read,209586.23,0,0,0,2,172176,0.205376
128,write,176830.59,0,0,0,2,117205,0.165702
128,copy,113205.21,0,0,0,2,114521,0.252906
128,latency,0,3.04,0.09,7,1,7,0.678981
256,read,210284.49,0,0,0,2,117205,0.278682
256,write,188047.50,0,0,0,2,92114,0.244922
256,copy,138763.42,0,0,0,2,46399,0.167187
256,latency,0,3.30,0.08,7,1,7,0.675135
512,read,208705.12,0,0,0,2,60009,0.287530
512,write,200264.13,0,0,0,2,56484,0.282048
512,copy,112503.35,0,0,0,2,15307,0.136058
512,latency,0,4.46,0.64,21,1,21,1.628298
1024,read,177469.90,0,0,0,2,10346,0.116594
1024,write,184968.40,0,0,0,2,10873,0.117566
1024,copy,90204.36,0,0,0,2,8014,0.177685
1024,latency,0,8.02,1.08,21,1,21,1.713051
4096,read,160263.95,0,0,0,2,2315,0.115559
4096,write,167878.16,0,0,0,2,1494,0.071194
4096,copy,81926.94,0,0,0,2,1121,0.109463
4096,latency,0,122.74,41.25,21,1,21,2.428196
8192,read,104430.75,0,0,0,2,1773,0.271644
8192,write,158323.57,0,0,0,2,1216,0.122888
8192,copy,57912.01,0,0,0,2,532,0.146982
8192,latency,0,141.70,6.30,7,1,7,0.753529
16384,read,49927.53,0,0,0,2,443,0.283932
16384,write,67918.64,0,0,0,2,293,0.138048
16384,copy,18045.23,0,0,0,2,242,0.429144
16384,latency,0,167.61,4.12,7,1,7,1.782976
32768,read,38290.47,0,0,0,2,174,0.290830
32768,write,30015.41,0,0,0,2,162,0.345423
32768,copy,15652.57,0,0,0,2,94,0.384346
32768,latency,0,162.34,2.89,7,1,7,3.572348
65536,read,35440.75,0,0,0,2,94,0.339496
65536,write,24242.98,0,0,0,2,92,0.485749
65536,copy,15772.90,0,0,0,2,40,0.324607
65536,latency,0,154.07,7.20,7,1,7,6.948831
