---
system-info:
      stress-ng-version: 0.17.08
      run-by: root
      date-yyyy-mm-dd: 2024:06:12
      time-hh-mm-ss: 18:36:58
      epoch-secs: 1718217418
      hostname: 3b3756ad15d2
      sysname: Linux
      nodename: 3b3756ad15d2
      release: 6.8.0-1008-aws
      version: '#8-Ubuntu SMP Sat Apr 20 00:46:25 UTC 2024'
      machine: x86_64
      compiler: 'musl-gcc 13.2.1'
      uptime: 155
      totalram: 73720221696
      freeram: 69175459840
      sharedram: 29327360
      bufferram: 112623616
      totalswap: 0
      freeswap: 0
      pagesize: 4096
      cpus: 36
      cpus-online: 36
      ticks-per-second: 100

metrics:
    - stressor: cpu
      bogo-ops: 28518
      bogo-ops-per-second-usr-sys-time: 1425.893655
      bogo-ops-per-second-real-time: 1425.897467
      wall-clock-time: 20.000036
      user-time: 20.000089
      system-time: 0.000000
      cpu-usage-per-instance: 100.000267
      max-rss: 916

...
