---
system-info:
      stress-ng-version: 0.17.08
      run-by: root
      date-yyyy-mm-dd: 2024:06:05
      time-hh-mm-ss: 15:29:16
      epoch-secs: 1717601356
      hostname: 80121c0d0e66
      sysname: Linux
      nodename: 80121c0d0e66
      release: 6.8.0-1008-aws
      version: '#8-Ubuntu SMP Sat Apr 20 00:46:25 UTC 2024'
      machine: x86_64
      compiler: 'musl-gcc 13.2.1'
      uptime: 129
      totalram: 73720209408
      freeram: 69482504192
      sharedram: 29327360
      bufferram: 78163968
      totalswap: 0
      freeswap: 0
      pagesize: 4096
      cpus: 36
      cpus-online: 36
      ticks-per-second: 100

metrics:
    - stressor: cpu
      bogo-ops: 15519
      bogo-ops-per-second-usr-sys-time: 1551.824271
      bogo-ops-per-second-real-time: 1551.827261
      wall-clock-time: 10.000469
      user-time: 10.000488
      system-time: 0.000000
      cpu-usage-per-instance: 100.000193
      max-rss: 3508

...
