---
system-info:
      stress-ng-version: 0.17.08
      run-by: root
      date-yyyy-mm-dd: 2024:06:12
      time-hh-mm-ss: 15:22:39
      epoch-secs: 1718205759
      hostname: 487162ce3268
      sysname: Linux
      nodename: 487162ce3268
      release: 6.8.0-1008-aws
      version: '#8-Ubuntu SMP Sat Apr 20 00:46:25 UTC 2024'
      machine: x86_64
      compiler: 'musl-gcc 13.2.1'
      uptime: 199
      totalram: 73720225792
      freeram: 69205053440
      sharedram: 29327360
      bufferram: 113008640
      totalswap: 0
      freeswap: 0
      pagesize: 4096
      cpus: 36
      cpus-online: 36
      ticks-per-second: 100

metrics:
    - stressor: cpu
      bogo-ops: 29561
      bogo-ops-per-second-usr-sys-time: 1478.072245
      bogo-ops-per-second-real-time: 1478.049736
      wall-clock-time: 20.000004
      user-time: 19.999699
      system-time: 0.000000
      cpu-usage-per-instance: 99.998477
      max-rss: 1204

...
