---
system-info:
      stress-ng-version: 0.17.08
      run-by: root
      date-yyyy-mm-dd: 2024:06:09
      time-hh-mm-ss: 22:20:10
      epoch-secs: 1717971610
      hostname: 09dfa7a97c5b
      sysname: Linux
      nodename: 09dfa7a97c5b
      release: 6.8.0-1008-aws
      version: '#8-Ubuntu SMP Sat Apr 20 02:43:14 UTC 2024'
      machine: aarch64
      compiler: 'musl-gcc 13.2.1'
      uptime: 122
      totalram: 33024307200
      freeram: 28517650432
      sharedram: 35000320
      bufferram: 112099328
      totalswap: 0
      freeswap: 0
      pagesize: 4096
      cpus: 4
      cpus-online: 4
      ticks-per-second: 100

metrics:
    - stressor: cpu
      bogo-ops: 4267
      bogo-ops-per-second-usr-sys-time: 424.510291
      bogo-ops-per-second-real-time: 424.505605
      wall-clock-time: 10.051693
      user-time: 10.050583
      system-time: 0.000999
      cpu-usage-per-instance: 99.998896
      max-rss: 4008

...
