---
system-info:
      stress-ng-version: 0.17.08
      run-by: root
      date-yyyy-mm-dd: 2024:06:16
      time-hh-mm-ss: 02:28:47
      epoch-secs: 1718504927
      hostname: aa08c2803b66
      sysname: Linux
      nodename: aa08c2803b66
      release: 6.8.0-1008-aws
      version: '#8-Ubuntu SMP Sat Apr 20 02:43:14 UTC 2024'
      machine: aarch64
      compiler: 'musl-gcc 13.2.1'
      uptime: 156
      totalram: 33024311296
      freeram: 28751642624
      sharedram: 35000320
      bufferram: 109314048
      totalswap: 0
      freeswap: 0
      pagesize: 4096
      cpus: 4
      cpus-online: 4
      ticks-per-second: 100

metrics:
    - stressor: cpu
      bogo-ops: 30649
      bogo-ops-per-second-usr-sys-time: 1532.441035
      bogo-ops-per-second-real-time: 1532.444593
      wall-clock-time: 20.000071
      user-time: 20.000117
      system-time: 0.000000
      cpu-usage-per-instance: 100.000232
      max-rss: 1320

...
