BaselineInfo:
  WebDBID: -1
  TimeStamp: 20241219002828
Version:
  Major: 11
  Minor: 0
  Build: 1002
  SpecialBuildName: ""
  ptArchitecture: x86_64_linux
Results:
  Results Complete: true
  NumTestProcesses: 8
  CPU_INTEGER_MATH: 37701.639000000003
  CPU_FLOATINGPOINT_MATH: 27586.171009965663
  CPU_PRIME: 115.80120016238382
  CPU_SORTING: 21930.151909432549
  CPU_ENCRYPTION: 9197.3519463908469
  CPU_COMPRESSION: 166194.73128380554
  CPU_SINGLETHREAD: 2161.4611800266771
  CPU_PHYSICS: 1321.3072337318561
  CPU_MATRIX_MULT_SSE: 13687.20664436673
  CPU_mm: 1312.8823113266733
  CPU_sse: 5233.9965865707936
  CPU_fma: 20709.536154005305
  CPU_avx: 15118.087192524097
  CPU_avx512: 0
  m_CPU_enc_SHA: 12980248333.798494
  m_CPU_enc_AES: 8396032730.0903282
  m_CPU_enc_ECDSA: 7556086479.7273645
  ME_ALLOC_S: 4690.4628830744832
  ME_READ_S: 23114.260156249999
  ME_READ_L: 7074.7822265625
  ME_WRITE: 8396.1396484375
  ME_LARGE: 5148.416666666667
  ME_LATENCY: 76.321658323483874
  ME_THREADED: 36209.324462890625
  SUMM_CPU: 15058.684288535862
  SUMM_ME: 1699.2115016679768
SystemInformation:
  OSName: Ubuntu 24.04.1 LTS
  Kernel: 6.8.0-31-generic
  Device: ""
  Processor: AMD EPYC 7542 32-Core Processor
  NumSockets: 1
  Manufacturer: AuthenticAMD
  NumCores: 8
  NumLogicals: 8
  CPUFrequency: 0
  Memory: 15946
  MemModuleInfo:
    iNumMemSticks: 1
    DIMM 1:
      manufacturer: QEMU
      modulePartNo: Not Specified
      memType: RAM
      size: 16
      clkspeed: 0
      moduleVoltage: 0
Checksum: 077617D38B88AEC502C3FCBD82463AF479976202