---
system-info:
      stress-ng-version: 0.17.08
      run-by: root
      date-yyyy-mm-dd: 2024:06:15
      time-hh-mm-ss: 04:43:46
      epoch-secs: 1718426626
      hostname: 043dafa34690
      sysname: Linux
      nodename: 043dafa34690
      release: 6.8.0-1008-aws
      version: '#8-Ubuntu SMP Sat Apr 20 00:46:25 UTC 2024'
      machine: x86_64
      compiler: 'musl-gcc 13.2.1'
      uptime: 106
      totalram: 8112771072
      freeram: 3828543488
      sharedram: 11792384
      bufferram: 108605440
      totalswap: 0
      freeswap: 0
      pagesize: 4096
      cpus: 2
      cpus-online: 2
      ticks-per-second: 100

metrics:
    - stressor: cpu
      bogo-ops: 122050
      bogo-ops-per-second-usr-sys-time: 3076.017943
      bogo-ops-per-second-real-time: 6102.477739
      wall-clock-time: 20.000073
      user-time: 39.674925
      system-time: 0.002997
      cpu-usage-per-instance: 99.194443
      max-rss: 1104

...
