---
system-info:
      stress-ng-version: 0.17.08
      run-by: root
      date-yyyy-mm-dd: 2024:06:08
      time-hh-mm-ss: 19:55:12
      epoch-secs: 1717876512
      hostname: f65f7acc5497
      sysname: Linux
      nodename: f65f7acc5497
      release: 6.8.0-1008-aws
      version: '#8-Ubuntu SMP Sat Apr 20 00:46:25 UTC 2024'
      machine: x86_64
      compiler: 'musl-gcc 13.2.1'
      uptime: 94
      totalram: 8112771072
      freeram: 3776692224
      sharedram: 11792384
      bufferram: 104988672
      totalswap: 0
      freeswap: 0
      pagesize: 4096
      cpus: 2
      cpus-online: 2
      ticks-per-second: 100

metrics:
    - stressor: cpu
      bogo-ops: 35476
      bogo-ops-per-second-usr-sys-time: 1786.989952
      bogo-ops-per-second-real-time: 3546.659451
      wall-clock-time: 10.002652
      user-time: 19.849389
      system-time: 0.002989
      cpu-usage-per-instance: 99.235573
      max-rss: 4048

...
