BaselineInfo:
  WebDBID: -1
  TimeStamp: 20241109215834
Version:
  Major: 11
  Minor: 0
  Build: 1002
  SpecialBuildName: ""
  ptArchitecture: x86_64_linux
Results:
  Results Complete: true
  NumTestProcesses: 96
  CPU_INTEGER_MATH: 404163.71333333309
  CPU_FLOATINGPOINT_MATH: 206630.44791611665
  CPU_PRIME: 475.97474579650736
  CPU_SORTING: 199738.25868562338
  CPU_ENCRYPTION: 87443.145315372967
  CPU_COMPRESSION: 1434959.9524735764
  CPU_SINGLETHREAD: 2436.110410388495
  CPU_PHYSICS: 7524.1654015211443
  CPU_MATRIX_MULT_SSE: 83805.077260395381
  CPU_mm: 8705.6145127615146
  CPU_sse: 37180.210356894939
  CPU_fma: 101693.89297631783
  CPU_avx: 76420.312132961626
  CPU_avx512: 119925.89357540724
  m_CPU_enc_SHA: 88568775788.945496
  m_CPU_enc_AES: 132633602538.36006
  m_CPU_enc_ECDSA: 53869972299.331947
  ME_ALLOC_S: 30812.468338861472
  ME_READ_S: 24336.312890624999
  ME_READ_L: 12453.8359375
  ME_WRITE: 11285.517578125
  ME_LARGE: 373301.25
  ME_LATENCY: 51.477131512504393
  ME_THREADED: 185329.06677246094
  SUMM_CPU: 76512.704934085559
  SUMM_ME: 2875.4848784956412
SystemInformation:
  OSName: Ubuntu 24.04.1 LTS
  Kernel: 6.8.0-1017-azure
  Device: ""
  Processor: Intel Xeon Platinum 8370C CPU @ 2.80GHz
  NumSockets: 2
  Manufacturer: GenuineIntel
  NumCores: 48
  NumLogicals: 96
  CPUFrequency: 2800
  Memory: 386920
  MemModuleInfo:
    iNumMemSticks: 4
    DIMM 1:
      manufacturer: Microsoft Corporation
      modulePartNo: None
      memType: Unknown
      size: 1
      clkspeed: 0
      moduleVoltage: 0
    DIMM 2:
      manufacturer: Microsoft Corporation
      modulePartNo: None
      memType: Unknown
      size: 59
      clkspeed: 0
      moduleVoltage: 0
    DIMM 3:
      manufacturer: Microsoft Corporation
      modulePartNo: None
      memType: Unknown
      size: 132
      clkspeed: 0
      moduleVoltage: 0
    DIMM 4:
      manufacturer: Microsoft Corporation
      modulePartNo: None
      memType: Unknown
      size: 192
      clkspeed: 0
      moduleVoltage: 0
Checksum: F74254E9BD5099F683CCD99627B6BBAD15CB6886