---
system-info:
      stress-ng-version: 0.17.08
      run-by: root
      date-yyyy-mm-dd: 2024:06:09
      time-hh-mm-ss: 16:55:15
      epoch-secs: 1717952115
      hostname: b522cabee35f
      sysname: Linux
      nodename: b522cabee35f
      release: 6.8.0-1008-aws
      version: '#8-Ubuntu SMP Sat Apr 20 00:46:25 UTC 2024'
      machine: x86_64
      compiler: 'musl-gcc 13.2.1'
      uptime: 122
      totalram: 399160176640
      freeram: 394342326272
      sharedram: 60071936
      bufferram: 110309376
      totalswap: 0
      freeswap: 0
      pagesize: 4096
      cpus: 48
      cpus-online: 48
      ticks-per-second: 100

metrics:
    - stressor: cpu
      bogo-ops: 16743
      bogo-ops-per-second-usr-sys-time: 1674.197707
      bogo-ops-per-second-real-time: 1674.208352
      wall-clock-time: 10.000547
      user-time: 9.999612
      system-time: 0.000999
      cpu-usage-per-instance: 100.000636
      max-rss: 3840

...
