BaselineInfo:
  WebDBID: -1
  TimeStamp: 20241107054646
Version:
  Major: 11
  Minor: 0
  Build: 1002
  SpecialBuildName: ""
  ptArchitecture: x86_64_linux
Results:
  Results Complete: true
  NumTestProcesses: 2
  CPU_INTEGER_MATH: 8348.2510000000002
  CPU_FLOATINGPOINT_MATH: 4268.9444491289223
  CPU_PRIME: 18.898492098573378
  CPU_SORTING: 4393.4317430800702
  CPU_ENCRYPTION: 1813.515802309485
  CPU_COMPRESSION: 32274.95447832653
  CPU_SINGLETHREAD: 2310.9336942799951
  CPU_PHYSICS: 369.56759275393904
  CPU_MATRIX_MULT_SSE: 1755.6455889951933
  CPU_mm: 179.88436523542731
  CPU_sse: 784.71804687302892
  CPU_fma: 2175.0762998134678
  CPU_avx: 1606.9659320004762
  CPU_avx512: 2455.8220772938007
  m_CPU_enc_SHA: 1826373253.6763632
  m_CPU_enc_AES: 2751053315.3666353
  m_CPU_enc_ECDSA: 1127400868.7244134
  ME_ALLOC_S: 1049.6812529283827
  ME_READ_S: 24023.5654296875
  ME_READ_L: 12032.734375
  ME_WRITE: 10582.6630859375
  ME_LARGE: 697
  ME_LATENCY: 60.888111480074052
  ME_THREADED: 16046.8427734375
  SUMM_CPU: 3010.8824797355046
  SUMM_ME: 1041.2510804609533
SystemInformation:
  OSName: Ubuntu 24.04.1 LTS
  Kernel: 6.8.0-1016-aws
  Device: ""
  Processor: Intel Xeon Platinum 8375C CPU @ 2.90GHz
  NumSockets: 1
  Manufacturer: GenuineIntel
  NumCores: 1
  NumLogicals: 2
  CPUFrequency: 0
  Memory: 7780
  MemModuleInfo:
    iNumMemSticks: 1
    DIMM 1:
      manufacturer: Not Specified
      modulePartNo: Not Specified
      memType: DDR4
      size: 8
      clkspeed: 1600
      moduleVoltage: 0
Checksum: B35EB201730511ED4DB368FB032B62731EF8DE51