---
system-info:
      stress-ng-version: 0.17.08
      run-by: root
      date-yyyy-mm-dd: 2024:09:17
      time-hh-mm-ss: 08:05:57
      epoch-secs: 1726560357
      hostname: sc-runner
      sysname: Linux
      nodename: sc-runner
      release: 6.8.0-1014-azure
      version: '#16-Ubuntu SMP Thu Aug 15 20:04:41 UTC 2024'
      machine: x86_64
      compiler: 'musl-gcc 13.2.1'
      uptime: 343
      totalram: 152051654656
      freeram: 139967602688
      sharedram: 79835136
      bufferram: 266584064
      totalswap: 0
      freeswap: 0
      pagesize: 4096
      cpus: 72
      cpus-online: 72
      ticks-per-second: 100

metrics:
    - stressor: cpu
      bogo-ops: 29367
      bogo-ops-per-second-usr-sys-time: 1468.340456
      bogo-ops-per-second-real-time: 1468.344889
      wall-clock-time: 20.000070
      user-time: 20.000130
      system-time: 0.000000
      cpu-usage-per-instance: 100.000302
      max-rss: 2624

...
