BaselineInfo:
  WebDBID: -1
  TimeStamp: 20260404005105
Version:
  Major: 11
  Minor: 0
  Build: 1004
  SpecialBuildName: ""
  ptArchitecture: aarch64_linux
Results:
  Results Complete: true
  NumTestProcesses: 4
  CPU_INTEGER_MATH: 22068.598666666669
  CPU_FLOATINGPOINT_MATH: 18500.081130148275
  CPU_PRIME: 48.8971353517992
  CPU_SORTING: 17483.610202523396
  CPU_ENCRYPTION: 654.14918443442173
  CPU_COMPRESSION: 23342.879318404637
  CPU_SINGLETHREAD: 1626.8741697107484
  CPU_PHYSICS: 1113.5278799369885
  CPU_MATRIX_MULT_SSE: 3128.886108891505
  CPU_mm: 505.6389347736511
  CPU_sse: 2640.6089012573257
  CPU_fma: 3617.1633165256844
  CPU_avx: 0
  CPU_avx512: 0
  m_CPU_enc_SHA: 962737676.20379663
  m_CPU_enc_AES: 422897691.64783394
  m_CPU_enc_ECDSA: 672140037.80089402
  ME_ALLOC_S: 4132.8154942862657
  ME_READ_S: 22531.266210937501
  ME_READ_L: 16594.228515625
  ME_WRITE: 21097.783203125
  ME_LARGE: 18205.583333333332
  ME_LATENCY: 65.146926846955623
  ME_THREADED: 55501.0341796875
  SUMM_CPU: 3466.4286973846615
  SUMM_ME: 2502.1018018367326
SystemInformation:
  OSName: Ubuntu 24.04.4 LTS
  Kernel: 6.8.0-106-generic
  Device: ""
  Processor: ARM Neoverse-N2 4 Core 3000 MHz
  NumSockets: 1
  Manufacturer: ARM
  NumCores: 4
  NumLogicals: 4
  CPUFrequency: 3000
  CPUMaxFrequency: 3000
  Memory: 30940
Checksum: 9CE2E776D838E9CF6D5967BB421EA28286236E28