---
system-info:
      stress-ng-version: 0.17.08
      run-by: root
      date-yyyy-mm-dd: 2024:06:06
      time-hh-mm-ss: 10:55:50
      epoch-secs: 1717671350
      hostname: 3c755aa40916
      sysname: Linux
      nodename: 3c755aa40916
      release: 6.8.0-1008-aws
      version: '#8-Ubuntu SMP Sat Apr 20 00:46:25 UTC 2024'
      machine: x86_64
      compiler: 'musl-gcc 13.2.1'
      uptime: 113
      totalram: 66325282816
      freeram: 61974220800
      sharedram: 60137472
      bufferram: 82526208
      totalswap: 0
      freeswap: 0
      pagesize: 4096
      cpus: 32
      cpus-online: 32
      ticks-per-second: 100

metrics:
    - stressor: cpu
      bogo-ops: 373795
      bogo-ops-per-second-usr-sys-time: 1168.758175
      bogo-ops-per-second-real-time: 37372.164329
      wall-clock-time: 10.001963
      user-time: 319.776383
      system-time: 0.045979
      cpu-usage-per-instance: 99.924874
      max-rss: 3592

...
