---
system-info:
      stress-ng-version: 0.17.08
      run-by: root
      date-yyyy-mm-dd: 2024:06:14
      time-hh-mm-ss: 06:27:49
      epoch-secs: 1718346469
      hostname: 8b4a28a6660c
      sysname: Linux
      nodename: 8b4a28a6660c
      release: 6.8.0-1008-aws
      version: '#8-Ubuntu SMP Sat Apr 20 00:46:25 UTC 2024'
      machine: x86_64
      compiler: 'musl-gcc 13.2.1'
      uptime: 127
      totalram: 66325278720
      freeram: 61709287424
      sharedram: 60141568
      bufferram: 106844160
      totalswap: 0
      freeswap: 0
      pagesize: 4096
      cpus: 32
      cpus-online: 32
      ticks-per-second: 100

metrics:
    - stressor: cpu
      bogo-ops: 618173
      bogo-ops-per-second-usr-sys-time: 966.518276
      bogo-ops-per-second-real-time: 30908.511863
      wall-clock-time: 20.000089
      user-time: 639.563502
      system-time: 0.023990
      cpu-usage-per-instance: 99.935099
      max-rss: 1032

...
