---
system-info:
      stress-ng-version: 0.17.08
      run-by: root
      date-yyyy-mm-dd: 2024:06:15
      time-hh-mm-ss: 23:20:07
      epoch-secs: 1718493607
      hostname: 25ec7a1b62c2
      sysname: Linux
      nodename: 25ec7a1b62c2
      release: 6.8.0-1008-aws
      version: '#8-Ubuntu SMP Sat Apr 20 00:46:25 UTC 2024'
      machine: x86_64
      compiler: 'musl-gcc 13.2.1'
      uptime: 110
      totalram: 132212973568
      freeram: 127742009344
      sharedram: 37101568
      bufferram: 108761088
      totalswap: 0
      freeswap: 0
      pagesize: 4096
      cpus: 16
      cpus-online: 16
      ticks-per-second: 100

metrics:
    - stressor: cpu
      bogo-ops: 957627
      bogo-ops-per-second-usr-sys-time: 2996.269243
      bogo-ops-per-second-real-time: 47881.225390
      wall-clock-time: 20.000052
      user-time: 319.589470
      system-time: 0.016988
      cpu-usage-per-instance: 99.876758
      max-rss: 976

...
