---
system-info:
      stress-ng-version: 0.17.08
      run-by: root
      date-yyyy-mm-dd: 2024:06:09
      time-hh-mm-ss: 20:40:08
      epoch-secs: 1717965608
      hostname: 8048613acc82
      sysname: Linux
      nodename: 8048613acc82
      release: 6.8.0-1008-aws
      version: '#8-Ubuntu SMP Sat Apr 20 00:46:25 UTC 2024'
      machine: x86_64
      compiler: 'musl-gcc 13.2.1'
      uptime: 104
      totalram: 132212969472
      freeram: 127559913472
      sharedram: 37101568
      bufferram: 111742976
      totalswap: 0
      freeswap: 0
      pagesize: 4096
      cpus: 16
      cpus-online: 16
      ticks-per-second: 100

metrics:
    - stressor: cpu
      bogo-ops: 285758
      bogo-ops-per-second-usr-sys-time: 1788.424161
      bogo-ops-per-second-real-time: 28572.264490
      wall-clock-time: 10.001237
      user-time: 159.763018
      system-time: 0.018988
      cpu-usage-per-instance: 99.851398
      max-rss: 3920

...
