---
system-info:
      stress-ng-version: 0.17.08
      run-by: root
      date-yyyy-mm-dd: 2024:06:19
      time-hh-mm-ss: 14:51:38
      epoch-secs: 1718808698
      hostname: 6c13dc0782c5
      sysname: Linux
      nodename: 6c13dc0782c5
      release: 6.8.0-1008-gcp
      version: '#9-Ubuntu SMP Wed May 22 18:09:04 UTC 2024'
      machine: x86_64
      compiler: 'musl-gcc 13.2.1'
      uptime: 139
      totalram: 16765943808
      freeram: 11697016832
      sharedram: 35024896
      bufferram: 126455808
      totalswap: 0
      freeswap: 0
      pagesize: 4096
      cpus: 8
      cpus-online: 8
      ticks-per-second: 100

metrics:
    - stressor: cpu
      bogo-ops: 234483
      bogo-ops-per-second-usr-sys-time: 1468.139167
      bogo-ops-per-second-real-time: 11724.110535
      wall-clock-time: 20.000067
      user-time: 159.695433
      system-time: 0.018990
      cpu-usage-per-instance: 99.821178
      max-rss: 1104

...
