BaselineInfo:
  WebDBID: -1
  TimeStamp: 20241107162001
Version:
  Major: 11
  Minor: 0
  Build: 1002
  SpecialBuildName: ""
  ptArchitecture: x86_64_linux
Results:
  Results Complete: true
  NumTestProcesses: 4
  CPU_INTEGER_MATH: 12357.384333333333
  CPU_FLOATINGPOINT_MATH: 6641.2109858556869
  CPU_PRIME: 24.926814149289815
  CPU_SORTING: 6580.346349649737
  CPU_ENCRYPTION: 1701.6911063000639
  CPU_COMPRESSION: 55698.480093975508
  CPU_SINGLETHREAD: 1978.8482375728609
  CPU_PHYSICS: 507.24961565169417
  CPU_MATRIX_MULT_SSE: 3146.8811641932489
  CPU_mm: 376.01893680656525
  CPU_sse: 1350.1542366752349
  CPU_fma: 3914.0882537484508
  CPU_avx: 2765.238864536559
  CPU_avx512: 4558.0433018127515
  m_CPU_enc_SHA: 558678155.5259558
  m_CPU_enc_AES: 4296900117.1623182
  m_CPU_enc_ECDSA: 497479087.75081348
  ME_ALLOC_S: 1441.5699631736456
  ME_READ_S: 23873.1669921875
  ME_READ_L: 10482.099609375
  ME_WRITE: 9736.236328125
  ME_LARGE: 22182
  ME_LATENCY: 51.781459055069242
  ME_THREADED: 25207.40283203125
  SUMM_CPU: 4320.4186564351276
  SUMM_ME: 2173.3903415320151
SystemInformation:
  OSName: Ubuntu 24.04.1 LTS
  Kernel: 6.8.0-1015-gcp
  Device: ""
  Processor: Intel Xeon CPU @ 2.80GHz
  NumSockets: 1
  Manufacturer: GenuineIntel
  NumCores: 2
  NumLogicals: 4
  CPUFrequency: 0
  Memory: 32094
  MemModuleInfo:
    iNumMemSticks: 2
    DIMM 1:
      manufacturer: ""
      modulePartNo: ""
      memType: RAM
      size: 16
      clkspeed: 0
      moduleVoltage: 0
    DIMM 2:
      manufacturer: ""
      modulePartNo: ""
      memType: RAM
      size: 16
      clkspeed: 0
      moduleVoltage: 0
Checksum: 8838F9E163A9F5E0AC2885ACF825ACC74D4CFDFA