BaselineInfo:
  WebDBID: -1
  TimeStamp: 20250820225930
Version:
  Major: 11
  Minor: 0
  Build: 1002
  SpecialBuildName: ""
  ptArchitecture: x86_64_linux
Results:
  Results Complete: true
  NumTestProcesses: 8
  CPU_INTEGER_MATH: 41307.042666666661
  CPU_FLOATINGPOINT_MATH: 29883.405434135435
  CPU_PRIME: 90.412276045714833
  CPU_SORTING: 21461.01660414453
  CPU_ENCRYPTION: 9134.7772275595562
  CPU_COMPRESSION: 161536.86464308246
  CPU_SINGLETHREAD: 3270.6664347065139
  CPU_PHYSICS: 1943.0910902840019
  CPU_MATRIX_MULT_SSE: 11344.360452458157
  CPU_mm: 1233.2103684993201
  CPU_sse: 5030.4586156626247
  CPU_fma: 13148.105528748052
  CPU_avx: 10615.356614208167
  CPU_avx512: 16583.521051213786
  m_CPU_enc_SHA: 9581566693.9333191
  m_CPU_enc_AES: 12511417192.439215
  m_CPU_enc_ECDSA: 6642540612.1239367
  ME_ALLOC_S: 4607.3272832646653
  ME_READ_S: 28679.294140624999
  ME_READ_L: 11020.833984375
  ME_WRITE: 11198.1103515625
  ME_LARGE: 53555.333333333336
  ME_LATENCY: 75.929966954744572
  ME_THREADED: 66395.97265625
  SUMM_CPU: 15611.692451660199
  SUMM_ME: 2251.5957665438591
SystemInformation:
  OSName: Ubuntu 24.04.2 LTS
  Kernel: 6.14.0-1010-aws
  Device: ""
  Processor: Intel Xeon 6975P-C
  NumSockets: 1
  Manufacturer: GenuineIntel
  NumCores: 4
  NumLogicals: 8
  CPUFrequency: 0
  Memory: 63260
  MemModuleInfo:
    iNumMemSticks: 1
    DIMM 1:
      manufacturer: Not Specified
      modulePartNo: Not Specified
      memType: DDR5
      size: 64
      clkspeed: 3600
      moduleVoltage: 0
Checksum: FE069A97229AC637BB6AC5698CE6072980EB8FA5