---
system-info:
      stress-ng-version: 0.17.08
      run-by: root
      date-yyyy-mm-dd: 2024:06:14
      time-hh-mm-ss: 06:56:37
      epoch-secs: 1718348197
      hostname: 6f88480c9451
      sysname: Linux
      nodename: 6f88480c9451
      release: 6.8.0-1008-aws
      version: '#8-Ubuntu SMP Sat Apr 20 00:46:25 UTC 2024'
      machine: x86_64
      compiler: 'musl-gcc 13.2.1'
      uptime: 143
      totalram: 264705994752
      freeram: 259126325248
      sharedram: 71331840
      bufferram: 108072960
      totalswap: 0
      freeswap: 0
      pagesize: 4096
      cpus: 128
      cpus-online: 128
      ticks-per-second: 100

metrics:
    - stressor: cpu
      bogo-ops: 61443
      bogo-ops-per-second-usr-sys-time: 3072.227267
      bogo-ops-per-second-real-time: 3072.140625
      wall-clock-time: 20.000061
      user-time: 19.999497
      system-time: 0.000000
      cpu-usage-per-instance: 99.997180
      max-rss: 0

...
