---
system-info:
      stress-ng-version: 0.17.08
      run-by: root
      date-yyyy-mm-dd: 2024:06:06
      time-hh-mm-ss: 13:42:23
      epoch-secs: 1717681343
      hostname: 29f2f7feb14f
      sysname: Linux
      nodename: 29f2f7feb14f
      release: 6.8.0-1008-aws
      version: '#8-Ubuntu SMP Sat Apr 20 00:46:25 UTC 2024'
      machine: x86_64
      compiler: 'musl-gcc 13.2.1'
      uptime: 122
      totalram: 264705994752
      freeram: 259313725440
      sharedram: 71331840
      bufferram: 84107264
      totalswap: 0
      freeswap: 0
      pagesize: 4096
      cpus: 128
      cpus-online: 128
      ticks-per-second: 100

metrics:
    - stressor: cpu
      bogo-ops: 17499
      bogo-ops-per-second-usr-sys-time: 1749.821258
      bogo-ops-per-second-real-time: 1749.782772
      wall-clock-time: 10.000670
      user-time: 10.000450
      system-time: 0.000000
      cpu-usage-per-instance: 99.997801
      max-rss: 3072

...
