---
system-info:
      stress-ng-version: 0.17.08
      run-by: root
      date-yyyy-mm-dd: 2024:06:15
      time-hh-mm-ss: 08:43:00
      epoch-secs: 1718440980
      hostname: c7801fbe8705
      sysname: Linux
      nodename: c7801fbe8705
      release: 6.8.0-1008-aws
      version: '#8-Ubuntu SMP Sat Apr 20 00:46:25 UTC 2024'
      machine: x86_64
      compiler: 'musl-gcc 13.2.1'
      uptime: 125
      totalram: 66684055552
      freeram: 62259286016
      sharedram: 40783872
      bufferram: 105598976
      totalswap: 0
      freeswap: 0
      pagesize: 4096
      cpus: 8
      cpus-online: 8
      ticks-per-second: 100

metrics:
    - stressor: cpu
      bogo-ops: 143792
      bogo-ops-per-second-usr-sys-time: 900.636402
      bogo-ops-per-second-real-time: 7189.568428
      wall-clock-time: 20.000088
      user-time: 159.630004
      system-time: 0.025990
      cpu-usage-per-instance: 99.784558
      max-rss: 1104

...
