---
system-info:
      stress-ng-version: 0.17.08
      run-by: root
      date-yyyy-mm-dd: 2024:06:08
      time-hh-mm-ss: 03:21:42
      epoch-secs: 1717816902
      hostname: 069d0ce4b1cc
      sysname: Linux
      nodename: 069d0ce4b1cc
      release: 6.8.0-1008-aws
      version: '#8-Ubuntu SMP Sat Apr 20 00:46:25 UTC 2024'
      machine: x86_64
      compiler: 'musl-gcc 13.2.1'
      uptime: 141
      totalram: 66684051456
      freeram: 62293254144
      sharedram: 40783872
      bufferram: 95629312
      totalswap: 0
      freeswap: 0
      pagesize: 4096
      cpus: 8
      cpus-online: 8
      ticks-per-second: 100

metrics:
    - stressor: cpu
      bogo-ops: 82049
      bogo-ops-per-second-usr-sys-time: 1027.791418
      bogo-ops-per-second-real-time: 8203.271688
      wall-clock-time: 10.001985
      user-time: 79.813419
      system-time: 0.016981
      cpu-usage-per-instance: 99.768196
      max-rss: 4048

...
