BaselineInfo:
  WebDBID: -1
  TimeStamp: 20241109132332
Version:
  Major: 11
  Minor: 0
  Build: 1002
  SpecialBuildName: ""
  ptArchitecture: x86_64_linux
Results:
  Results Complete: true
  NumTestProcesses: 48
  CPU_INTEGER_MATH: 252844.65566666669
  CPU_FLOATINGPOINT_MATH: 208239.01360275794
  CPU_PRIME: 600.15638436386098
  CPU_SORTING: 147402.32941577287
  CPU_ENCRYPTION: 56306.944823501341
  CPU_COMPRESSION: 1086137.2792694562
  CPU_SINGLETHREAD: 2437.4235511684401
  CPU_PHYSICS: 7900.2576984842253
  CPU_MATRIX_MULT_SSE: 88749.909756038323
  CPU_mm: 11586.218087365407
  CPU_sse: 37085.468150150504
  CPU_fma: 103392.49409292472
  CPU_avx: 79794.370240368502
  CPU_avx512: 134727.30654070972
  m_CPU_enc_SHA: 66068168228.027756
  m_CPU_enc_AES: 68171487463.828156
  m_CPU_enc_ECDSA: 42886677233.887276
  ME_ALLOC_S: 29631.657840259919
  ME_READ_S: 23693.179492187501
  ME_READ_L: 11164.021484375
  ME_WRITE: 10546.4365234375
  ME_LARGE: 372878.33333333331
  ME_LATENCY: 59.375033640386484
  ME_THREADED: 211963.11254882812
  SUMM_CPU: 67719.929000400196
  SUMM_ME: 2609.0819907706505
SystemInformation:
  OSName: Ubuntu 24.04.1 LTS
  Kernel: 6.8.0-1017-azure
  Device: ""
  Processor: Intel Xeon Platinum 8370C CPU @ 2.80GHz
  NumSockets: 2
  Manufacturer: GenuineIntel
  NumCores: 48
  NumLogicals: 48
  CPUFrequency: 2800
  Memory: 386938
  MemModuleInfo:
    iNumMemSticks: 6
    DIMM 1:
      manufacturer: Microsoft Corporation
      modulePartNo: None
      memType: Unknown
      size: 1
      clkspeed: 0
      moduleVoltage: 0
    DIMM 2:
      manufacturer: Microsoft Corporation
      modulePartNo: None
      memType: Unknown
      size: 60928
      clkspeed: 0
      moduleVoltage: 0
    DIMM 3:
      manufacturer: Microsoft Corporation
      modulePartNo: None
      memType: Unknown
      size: 134656
      clkspeed: 0
      moduleVoltage: 0
    DIMM 4:
      manufacturer: Microsoft Corporation
      modulePartNo: None
      memType: Unknown
      size: 192
      clkspeed: 0
      moduleVoltage: 0
    DIMM 5:
      manufacturer: Microsoft Corporation
      modulePartNo: None
      memType: Unknown
      size: 125
      clkspeed: 0
      moduleVoltage: 0
    DIMM 6:
      manufacturer: Microsoft Corporation
      modulePartNo: None
      memType: Unknown
      size: 125
      clkspeed: 0
      moduleVoltage: 0
Checksum: E9F71C5D4D06C1BF5FB74E2D3FFB343427BB2ED0