---
system-info:
      stress-ng-version: 0.17.08
      run-by: root
      date-yyyy-mm-dd: 2024:06:14
      time-hh-mm-ss: 22:40:25
      epoch-secs: 1718404825
      hostname: 73d237aeb2c9
      sysname: Linux
      nodename: 73d237aeb2c9
      release: 6.8.0-1008-aws
      version: '#8-Ubuntu SMP Sat Apr 20 00:46:25 UTC 2024'
      machine: x86_64
      compiler: 'musl-gcc 13.2.1'
      uptime: 125
      totalram: 808133001216
      freeram: 799561965568
      sharedram: 204156928
      bufferram: 110428160
      totalswap: 0
      freeswap: 0
      pagesize: 4096
      cpus: 192
      cpus-online: 192
      ticks-per-second: 100

metrics:
    - stressor: cpu
      bogo-ops: 5775616
      bogo-ops-per-second-usr-sys-time: 1505.493439
      bogo-ops-per-second-real-time: 288780.102297
      wall-clock-time: 20.000048
      user-time: 3836.201854
      system-time: 0.158936
      cpu-usage-per-instance: 99.904988
      max-rss: 0

...
