---
system-info:
      stress-ng-version: 0.17.08
      run-by: root
      date-yyyy-mm-dd: 2024:06:08
      time-hh-mm-ss: 16:25:17
      epoch-secs: 1717863917
      hostname: 9a2fb03173f0
      sysname: Linux
      nodename: 9a2fb03173f0
      release: 6.8.0-1008-aws
      version: '#8-Ubuntu SMP Sat Apr 20 00:46:25 UTC 2024'
      machine: x86_64
      compiler: 'musl-gcc 13.2.1'
      uptime: 111
      totalram: 808133025792
      freeram: 799225298944
      sharedram: 204165120
      bufferram: 105299968
      totalswap: 0
      freeswap: 0
      pagesize: 4096
      cpus: 192
      cpus-online: 192
      ticks-per-second: 100

metrics:
    - stressor: cpu
      bogo-ops: 2406817
      bogo-ops-per-second-usr-sys-time: 1255.017280
      bogo-ops-per-second-real-time: 240641.375661
      wall-clock-time: 10.001676
      user-time: 1917.460209
      system-time: 0.295856
      cpu-usage-per-instance: 99.866394
      max-rss: 3072

...
