BaselineInfo:
  WebDBID: -1
  TimeStamp: 20260404084351
Version:
  Major: 11
  Minor: 0
  Build: 1004
  SpecialBuildName: ""
  ptArchitecture: x86_64_linux
Results:
  Results Complete: true
  NumTestProcesses: 4
  CPU_INTEGER_MATH: 16762.200666666668
  CPU_FLOATINGPOINT_MATH: 8584.7945128822575
  CPU_PRIME: 35.26883410227687
  CPU_SORTING: 8830.1416259205162
  CPU_ENCRYPTION: 3604.1075098692359
  CPU_COMPRESSION: 64426.760868297642
  CPU_SINGLETHREAD: 2346.3511623413565
  CPU_PHYSICS: 720.61369295562622
  CPU_MATRIX_MULT_SSE: 3397.0520361959493
  CPU_mm: 362.02197674987627
  CPU_sse: 1592.4660434909138
  CPU_fma: 4365.229156428748
  CPU_avx: 3231.1977926848731
  CPU_avx512: 4399.3151521792606
  m_CPU_enc_SHA: 3536300798.0039134
  m_CPU_enc_AES: 5523897884.2471104
  m_CPU_enc_ECDSA: 2277343226.5549083
  ME_ALLOC_S: 2005.8193275449044
  ME_READ_S: 24122.289257812499
  ME_READ_L: 11910.998046875
  ME_WRITE: 11010.904296875
  ME_LARGE: 18510.916666666668
  ME_LATENCY: 54.484976108035802
  ME_THREADED: 30227.19287109375
  SUMM_CPU: 5875.8980220802177
  SUMM_ME: 2293.5465040114573
SystemInformation:
  OSName: Ubuntu 24.04.4 LTS
  Kernel: 6.8.0-106-generic
  Device: ""
  Processor: Intel(R) Xeon(R) Platinum 8369B CPU @ 2.90GHz
  NumSockets: 1
  Manufacturer: GenuineIntel
  NumCores: 2
  NumLogicals: 4
  CPUFrequency: 0
  CPUMaxFrequency: 0
  Memory: 31174
  CPUInfo:
    number: 1
    Family: 6
    Model: 10
    stepping: 6
    features: 529267711
    manufacture: GenuineIntel
    typestring: Intel(R) Xeon(R) Platinum 8369B CPU @ 2.90GHz
    iCoresPerPackage: 2
    iThreadsPerPackage: 2
    featuresEx:
      - 529267711
      - 4277809667
      - 739248128
    bHybrid: false
    nPCore: 0
    nLogicalsPerPCore: 0
    nECore: 0
    nLogicalsPerECore: 0
  MemModuleInfo:
    iNumMemSticks: 2
    DIMM 1:
      manufacturer: Alibaba Cloud
      modulePartNo: Not Specified
      memType: RAM
      size: 16
      clkspeed: 0
      moduleVoltage: 0
    DIMM 2:
      manufacturer: Alibaba Cloud
      modulePartNo: Not Specified
      memType: RAM
      size: 16
      clkspeed: 0
      moduleVoltage: 0
Checksum: 491FF69C0CA031443B56DD04A145BA1E05651B43