BaselineInfo:
  WebDBID: -1
  TimeStamp: 20250423170848
Version:
  Major: 11
  Minor: 0
  Build: 1002
  SpecialBuildName: ""
  ptArchitecture: aarch64_linux
Results:
  Results Complete: true
  NumTestProcesses: 192
  CPU_INTEGER_MATH: 964602.18966666679
  CPU_FLOATINGPOINT_MATH: 1120660.8616551626
  CPU_PRIME: 1521.1888353008578
  CPU_SORTING: 831591.90831908514
  CPU_ENCRYPTION: 34399.327087606864
  CPU_COMPRESSION: 1219801.8275940914
  CPU_SINGLETHREAD: 1872.8393113590612
  CPU_PHYSICS: 35081.7600573909
  CPU_MATRIX_MULT_SSE: 140378.58891399452
  CPU_mm: 21034.488943240591
  CPU_sse: 111021.71638169303
  CPU_fma: 169735.46144629599
  CPU_avx: 0
  CPU_avx512: 0
  m_CPU_enc_SHA: 54208237084.424889
  m_CPU_enc_AES: 18965295528.517658
  m_CPU_enc_ECDSA: 35037393787.700798
  ME_ALLOC_S: 45539.438189659493
  ME_READ_S: 20290.923828125
  ME_READ_L: 18669.234375
  ME_WRITE: 20504.962890625
  ME_LARGE: 369956.5
  ME_LATENCY: 46.896886793242537
  ME_THREADED: 889241.88958740234
  SUMM_CPU: 77384.140304737637
  SUMM_ME: 3317.4381422828787
SystemInformation:
  OSName: Ubuntu 24.04.2 LTS
  Kernel: 6.8.0-1027-aws
  Device: ""
  Processor: ARM Neoverse-V2 192 Core 0 MHz
  NumSockets: 2
  Manufacturer: ARM
  NumCores: 192
  NumLogicals: 192
  CPUFrequency: 0
  Memory: 386131
Checksum: 4B139BCF3E3CC87D68D1A36BC598C54E236F93DD