---
system-info:
      stress-ng-version: 0.17.08
      run-by: root
      date-yyyy-mm-dd: 2024:06:13
      time-hh-mm-ss: 19:30:36
      epoch-secs: 1718307036
      hostname: e330dc9d4b49
      sysname: Linux
      nodename: e330dc9d4b49
      release: 6.8.0-1008-aws
      version: '#8-Ubuntu SMP Sat Apr 20 02:43:14 UTC 2024'
      machine: aarch64
      compiler: 'musl-gcc 13.2.1'
      uptime: 185
      totalram: 8189718528
      freeram: 4020203520
      sharedram: 35016704
      bufferram: 108421120
      totalswap: 0
      freeswap: 0
      pagesize: 4096
      cpus: 1
      cpus-online: 1
      ticks-per-second: 100

metrics:
    - stressor: cpu
      bogo-ops: 29864
      bogo-ops-per-second-usr-sys-time: 1518.877227
      bogo-ops-per-second-real-time: 1493.193058
      wall-clock-time: 20.000093
      user-time: 19.657925
      system-time: 0.003967
      cpu-usage-per-instance: 98.309003
      max-rss: 1192

...
