---
system-info:
      stress-ng-version: 0.17.08
      run-by: root
      date-yyyy-mm-dd: 2024:06:08
      time-hh-mm-ss: 06:42:23
      epoch-secs: 1717828943
      hostname: 3d60c233589b
      sysname: Linux
      nodename: 3d60c233589b
      release: 6.8.0-1008-aws
      version: '#8-Ubuntu SMP Sat Apr 20 02:43:14 UTC 2024'
      machine: aarch64
      compiler: 'musl-gcc 13.2.1'
      uptime: 150
      totalram: 8189722624
      freeram: 3984220160
      sharedram: 35008512
      bufferram: 98881536
      totalswap: 0
      freeswap: 0
      pagesize: 4096
      cpus: 1
      cpus-online: 1
      ticks-per-second: 100

metrics:
    - stressor: cpu
      bogo-ops: 2904
      bogo-ops-per-second-usr-sys-time: 294.890504
      bogo-ops-per-second-real-time: 290.283521
      wall-clock-time: 10.004013
      user-time: 9.840774
      system-time: 0.006949
      cpu-usage-per-instance: 98.437731
      max-rss: 4136

...
