---
system-info:
      stress-ng-version: 0.17.08
      run-by: root
      date-yyyy-mm-dd: 2024:09:03
      time-hh-mm-ss: 09:04:56
      epoch-secs: 1725354296
      hostname: sc-runner
      sysname: Linux
      nodename: sc-runner
      release: 6.8.0-1013-azure
      version: '#15-Ubuntu SMP Thu Aug  8 18:40:40 UTC 2024'
      machine: x86_64
      compiler: 'musl-gcc 13.2.1'
      uptime: 381
      totalram: 33650913280
      freeram: 25130188800
      sharedram: 42037248
      bufferram: 210681856
      totalswap: 0
      freeswap: 0
      pagesize: 4096
      cpus: 8
      cpus-online: 8
      ticks-per-second: 100

metrics:
    - stressor: cpu
      bogo-ops: 28229
      bogo-ops-per-second-usr-sys-time: 1411.550361
      bogo-ops-per-second-real-time: 1411.441183
      wall-clock-time: 20.000125
      user-time: 19.998578
      system-time: 0.000000
      cpu-usage-per-instance: 99.992265
      max-rss: 976

...
