---
system-info:
      stress-ng-version: 0.17.08
      run-by: root
      date-yyyy-mm-dd: 2024:07:01
      time-hh-mm-ss: 22:39:58
      epoch-secs: 1719873598
      hostname: n2d-highcpu-16-0b60bd3
      sysname: Linux
      nodename: n2d-highcpu-16-0b60bd3
      release: 6.8.0-1009-gcp
      version: '#10-Ubuntu SMP Wed Jun 12 18:52:23 UTC 2024'
      machine: x86_64
      compiler: 'musl-gcc 13.2.1'
      uptime: 185
      totalram: 16763076608
      freeram: 11529134080
      sharedram: 35000320
      bufferram: 125620224
      totalswap: 0
      freeswap: 0
      pagesize: 4096
      cpus: 16
      cpus-online: 16
      ticks-per-second: 100

metrics:
    - stressor: cpu
      bogo-ops: 53937
      bogo-ops-per-second-usr-sys-time: 2696.900027
      bogo-ops-per-second-real-time: 2696.842349
      wall-clock-time: 20.000057
      user-time: 19.999629
      system-time: 0.000000
      cpu-usage-per-instance: 99.997861
      max-rss: 1104

...
