BaselineInfo:
  WebDBID: -1
  TimeStamp: 20260612222713
Version:
  Major: 11
  Minor: 0
  Build: 1004
  SpecialBuildName: ""
  ptArchitecture: x86_64_linux
Results:
  Results Complete: true
  NumTestProcesses: 16
  CPU_INTEGER_MATH: 101928.19166666668
  CPU_FLOATINGPOINT_MATH: 62256.331315906697
  CPU_PRIME: 208.77187351388511
  CPU_SORTING: 49038.144346221219
  CPU_ENCRYPTION: 20572.131359725045
  CPU_COMPRESSION: 385138.42111715395
  CPU_SINGLETHREAD: 3615.2303871966856
  CPU_PHYSICS: 4097.7751787018979
  CPU_MATRIX_MULT_SSE: 31529.403841676765
  CPU_mm: 2947.7203780990208
  CPU_sse: 10993.782068522269
  CPU_fma: 33307.518009380437
  CPU_avx: 32998.560125142874
  CPU_avx512: 48817.755163661473
  m_CPU_enc_SHA: 25769394662.363094
  m_CPU_enc_AES: 21089816049.120438
  m_CPU_enc_ECDSA: 17855118926.481594
  ME_ALLOC_S: 11269.228115815295
  ME_READ_S: 32612.2373046875
  ME_READ_L: 30958.109375
  ME_WRITE: 31401.646484375
  ME_LARGE: 120106
  ME_LATENCY: 80.646559746461875
  ME_THREADED: 141839.12646484375
  SUMM_CPU: 34157.162392341881
  SUMM_ME: 2834.2838249279553
SystemInformation:
  OSName: Ubuntu 24.04.4 LTS
  Kernel: 6.8.0-124-generic
  Device: ""
  Processor: AMD EPYC-Turin Processor
  NumSockets: 1
  Manufacturer: AuthenticAMD
  NumCores: 8
  NumLogicals: 16
  CPUFrequency: 0
  CPUMaxFrequency: 0
  Memory: 128805
  CPUInfo:
    number: 1
    Family: 15
    Model: 0
    stepping: 0
    features: 395049983
    manufacture: AuthenticAMD
    typestring: AMD EPYC-Turin Processor
    iCoresPerPackage: 8
    iThreadsPerPackage: 2
    featuresEx:
      - 395049983
      - 4277809667
      - 802421759
    bHybrid: false
    nPCore: 0
    nLogicalsPerPCore: 0
    nECore: 0
    nLogicalsPerECore: 0
  MemModuleInfo:
    iNumMemSticks: 1
    DIMM 1:
      manufacturer: QEMU
      modulePartNo: Not Specified
      memType: RAM
      size: 128
      clkspeed: 0
      moduleVoltage: 0
Checksum: CD2CB2A3BA989C372BAD97B0735DCBBBD6EB8A17