BaselineInfo:
  WebDBID: -1
  TimeStamp: 20260522152547
Version:
  Major: 11
  Minor: 0
  Build: 1004
  SpecialBuildName: ""
  ptArchitecture: x86_64_linux
Results:
  Results Complete: true
  NumTestProcesses: 8
  CPU_INTEGER_MATH: 46747.299333333329
  CPU_FLOATINGPOINT_MATH: 43535.99164494162
  CPU_PRIME: 48.523139642427161
  CPU_SORTING: 20530.195489869922
  CPU_ENCRYPTION: 9513.8837566345519
  CPU_COMPRESSION: 164182.05229591136
  CPU_SINGLETHREAD: 2611.3597953355661
  CPU_PHYSICS: 1704.4088385355894
  CPU_MATRIX_MULT_SSE: 19166.339563419129
  CPU_mm: 1657.1591704759751
  CPU_sse: 6884.0375727547216
  CPU_fma: 22861.358217125369
  CPU_avx: 14764.00362798983
  CPU_avx512: 32155.958835806596
  m_CPU_enc_SHA: 13956316125.096077
  m_CPU_enc_AES: 8019816865.5096502
  m_CPU_enc_ECDSA: 7951957531.3847675
  ME_ALLOC_S: 8260.6567637970657
  ME_READ_S: 31648.723437500001
  ME_READ_L: 23409.83984375
  ME_WRITE: 22271.94140625
  ME_LARGE: 115435.08333333333
  ME_LATENCY: 175.13590281609285
  ME_THREADED: 73558.45703125
  SUMM_CPU: 16578.118669324263
  SUMM_ME: 1520.2923167891181
SystemInformation:
  OSName: Ubuntu 24.04.4 LTS
  Kernel: 6.8.0-111-generic
  Device: ""
  Processor: "AMD EPYC 9575F 64-Core Processor               "
  NumSockets: 1
  Manufacturer: AuthenticAMD
  NumCores: 8
  NumLogicals: 8
  CPUFrequency: 0
  CPUMaxFrequency: 0
  Memory: 128721
  CPUInfo:
    number: 1
    Family: 15
    Model: 2
    stepping: 1
    features: 395049983
    manufacture: AuthenticAMD
    typestring: "AMD EPYC 9575F 64-Core Processor               "
    iCoresPerPackage: 255
    iThreadsPerPackage: 1
    featuresEx:
      - 395049983
      - 4294586883
      - 802421759
    bHybrid: false
    nPCore: 0
    nLogicalsPerPCore: 0
    nECore: 0
    nLogicalsPerECore: 0
  MemModuleInfo:
    iNumMemSticks: 8
    DIMM 1:
      manufacturer: QEMU
      modulePartNo: Not Specified
      memType: RAM
      size: 16
      clkspeed: 0
      moduleVoltage: 0
    DIMM 2:
      manufacturer: QEMU
      modulePartNo: Not Specified
      memType: RAM
      size: 16
      clkspeed: 0
      moduleVoltage: 0
    DIMM 3:
      manufacturer: QEMU
      modulePartNo: Not Specified
      memType: RAM
      size: 16
      clkspeed: 0
      moduleVoltage: 0
    DIMM 4:
      manufacturer: QEMU
      modulePartNo: Not Specified
      memType: RAM
      size: 16
      clkspeed: 0
      moduleVoltage: 0
    DIMM 5:
      manufacturer: QEMU
      modulePartNo: Not Specified
      memType: RAM
      size: 16
      clkspeed: 0
      moduleVoltage: 0
    DIMM 6:
      manufacturer: QEMU
      modulePartNo: Not Specified
      memType: RAM
      size: 16
      clkspeed: 0
      moduleVoltage: 0
    DIMM 7:
      manufacturer: QEMU
      modulePartNo: Not Specified
      memType: RAM
      size: 16
      clkspeed: 0
      moduleVoltage: 0
    DIMM 8:
      manufacturer: QEMU
      modulePartNo: Not Specified
      memType: RAM
      size: 16
      clkspeed: 0
      moduleVoltage: 0
Checksum: 982F6CA626AFB30892A52ADA59BA32BFA237D0AC