---
system-info:
      stress-ng-version: 0.17.08
      run-by: root
      date-yyyy-mm-dd: 2024:09:23
      time-hh-mm-ss: 21:28:30
      epoch-secs: 1727126910
      hostname: c4-standard-16-ef7c2bb
      sysname: Linux
      nodename: c4-standard-16-ef7c2bb
      release: 6.8.0-1014-gcp
      version: '#16-Ubuntu SMP Mon Aug 26 15:55:46 UTC 2024'
      machine: x86_64
      compiler: 'musl-gcc 13.2.1'
      uptime: 209
      totalram: 63192940544
      freeram: 52635303936
      sharedram: 274636800
      bufferram: 252436480
      totalswap: 0
      freeswap: 0
      pagesize: 4096
      cpus: 16
      cpus-online: 16
      ticks-per-second: 100

metrics:
    - stressor: cpu
      bogo-ops: 43416
      bogo-ops-per-second-usr-sys-time: 2170.828221
      bogo-ops-per-second-real-time: 2170.798214
      wall-clock-time: 20.000016
      user-time: 19.999740
      system-time: 0.000000
      cpu-usage-per-instance: 99.998618
      max-rss: 1104

...
