BaselineInfo:
  WebDBID: -1
  TimeStamp: 20241219004827
Version:
  Major: 11
  Minor: 0
  Build: 1002
  SpecialBuildName: ""
  ptArchitecture: x86_64_linux
Results:
  Results Complete: true
  NumTestProcesses: 16
  CPU_INTEGER_MATH: 71932.726999999999
  CPU_FLOATINGPOINT_MATH: 50040.858478744645
  CPU_PRIME: 176.88005701555144
  CPU_SORTING: 39802.225817573868
  CPU_ENCRYPTION: 18164.507445145271
  CPU_COMPRESSION: 292199.2414588898
  CPU_SINGLETHREAD: 2183.9735083812575
  CPU_PHYSICS: 2438.6270550563399
  CPU_MATRIX_MULT_SSE: 21506.006597399708
  CPU_mm: 2889.1722698884164
  CPU_sse: 10120.633166400639
  CPU_fma: 30315.357319043684
  CPU_avx: 24082.029306754794
  CPU_avx512: 0
  m_CPU_enc_SHA: 25916717167.050755
  m_CPU_enc_AES: 16814528048.676935
  m_CPU_enc_ECDSA: 14409354460.67425
  ME_ALLOC_S: 8497.2736805559762
  ME_READ_S: 24644.356640624999
  ME_READ_L: 11006.8271484375
  ME_WRITE: 9691.3740234375
  ME_LARGE: 52946.333333333336
  ME_LATENCY: 119.83473603221141
  ME_THREADED: 43982.294799804688
  SUMM_CPU: 25240.422331754264
  SUMM_ME: 1682.7512501773103
SystemInformation:
  OSName: Ubuntu 24.04.1 LTS
  Kernel: 6.8.0-31-generic
  Device: ""
  Processor: AMD EPYC 7542 32-Core Processor
  NumSockets: 1
  Manufacturer: AuthenticAMD
  NumCores: 16
  NumLogicals: 16
  CPUFrequency: 0
  Memory: 64258
  MemModuleInfo:
    iNumMemSticks: 4
    DIMM 1:
      manufacturer: QEMU
      modulePartNo: Not Specified
      memType: RAM
      size: 16
      clkspeed: 0
      moduleVoltage: 0
    DIMM 2:
      manufacturer: QEMU
      modulePartNo: Not Specified
      memType: RAM
      size: 16
      clkspeed: 0
      moduleVoltage: 0
    DIMM 3:
      manufacturer: QEMU
      modulePartNo: Not Specified
      memType: RAM
      size: 16
      clkspeed: 0
      moduleVoltage: 0
    DIMM 4:
      manufacturer: QEMU
      modulePartNo: Not Specified
      memType: RAM
      size: 16
      clkspeed: 0
      moduleVoltage: 0
Checksum: 67CD73A75F74E6FA6D89488B13955CB343E9E3A3