BaselineInfo:
  WebDBID: -1
  TimeStamp: 20241108114322
Version:
  Major: 11
  Minor: 0
  Build: 1002
  SpecialBuildName: ""
  ptArchitecture: x86_64_linux
Results:
  Results Complete: true
  NumTestProcesses: 16
  CPU_INTEGER_MATH: 49629.520666666671
  CPU_FLOATINGPOINT_MATH: 26668.837911246967
  CPU_PRIME: 72.013520626650902
  CPU_SORTING: 25682.280834319274
  CPU_ENCRYPTION: 6823.1643567273904
  CPU_COMPRESSION: 218618.16642033216
  CPU_SINGLETHREAD: 2017.8435338788865
  CPU_PHYSICS: 1544.0528240398346
  CPU_MATRIX_MULT_SSE: 13813.697280781762
  CPU_mm: 1513.2197657875233
  CPU_sse: 5470.1459550799937
  CPU_fma: 17129.387939738273
  CPU_avx: 12116.811814780891
  CPU_avx512: 20538.44341352789
  m_CPU_enc_SHA: 2249964155.2727175
  m_CPU_enc_AES: 17199194659.144402
  m_CPU_enc_ECDSA: 2014660351.1422307
  ME_ALLOC_S: 5723.8863619513804
  ME_READ_S: 23804.692773437499
  ME_READ_L: 11059.1865234375
  ME_WRITE: 8866.4755859375
  ME_LARGE: 118592.08333333333
  ME_LATENCY: 50.371073918122988
  ME_THREADED: 77678.43310546875
  SUMM_CPU: 15626.72337370795
  SUMM_ME: 2595.2607078437741
SystemInformation:
  OSName: Ubuntu 24.04.1 LTS
  Kernel: 6.8.0-1017-azure
  Device: ""
  Processor: Intel Xeon Platinum 8272CL CPU @ 2.60GHz
  NumSockets: 1
  Manufacturer: GenuineIntel
  NumCores: 8
  NumLogicals: 16
  CPUFrequency: 0
  Memory: 128809
  MemModuleInfo:
    iNumMemSticks: 3
    DIMM 1:
      manufacturer: Microsoft Corporation
      modulePartNo: None
      memType: Unknown
      size: 1
      clkspeed: 0
      moduleVoltage: 0
    DIMM 2:
      manufacturer: Microsoft Corporation
      modulePartNo: None
      memType: Unknown
      size: 60928
      clkspeed: 0
      moduleVoltage: 0
    DIMM 3:
      manufacturer: Microsoft Corporation
      modulePartNo: None
      memType: Unknown
      size: 69120
      clkspeed: 0
      moduleVoltage: 0
Checksum: 7DDD37E9D6C251553648915B64A0ACEF6C283466