---
system-info:
      stress-ng-version: 0.17.08
      run-by: root
      date-yyyy-mm-dd: 2024:06:20
      time-hh-mm-ss: 21:37:24
      epoch-secs: 1718919444
      hostname: d189e8ae80af
      sysname: Linux
      nodename: d189e8ae80af
      release: 6.8.0-1008-gcp
      version: '#9-Ubuntu SMP Wed May 22 18:09:04 UTC 2024'
      machine: x86_64
      compiler: 'musl-gcc 13.2.1'
      uptime: 225
      totalram: 4103372800
      freeram: 262410240
      sharedram: 59088896
      bufferram: 125427712
      totalswap: 0
      freeswap: 0
      pagesize: 4096
      cpus: 2
      cpus-online: 2
      ticks-per-second: 100

metrics:
    - stressor: cpu
      bogo-ops: 17129
      bogo-ops-per-second-usr-sys-time: 853.895018
      bogo-ops-per-second-real-time: 853.737960
      wall-clock-time: 20.063533
      user-time: 20.059843
      system-time: 0.000000
      cpu-usage-per-instance: 99.981607
      max-rss: 1104

...
