---
system-info:
      stress-ng-version: 0.17.08
      run-by: root
      date-yyyy-mm-dd: 2024:07:02
      time-hh-mm-ss: 21:26:04
      epoch-secs: 1719955564
      hostname: n4-standard-48-d5a218d
      sysname: Linux
      nodename: n4-standard-48-d5a218d
      release: 6.8.0-1009-gcp
      version: '#10-Ubuntu SMP Wed Jun 12 18:52:23 UTC 2024'
      machine: x86_64
      compiler: 'musl-gcc 13.2.1'
      uptime: 139
      totalram: 202597765120
      freeram: 196881821696
      sharedram: 274210816
      bufferram: 129896448
      totalswap: 0
      freeswap: 0
      pagesize: 4096
      cpus: 48
      cpus-online: 48
      ticks-per-second: 100

metrics:
    - stressor: cpu
      bogo-ops: 34584
      bogo-ops-per-second-usr-sys-time: 1729.198271
      bogo-ops-per-second-real-time: 1729.192888
      wall-clock-time: 20.000082
      user-time: 20.000020
      system-time: 0.000000
      cpu-usage-per-instance: 99.999689
      max-rss: 1152

...
