---
system-info:
      stress-ng-version: 0.17.08
      run-by: root
      date-yyyy-mm-dd: 2024:09:10
      time-hh-mm-ss: 12:28:18
      epoch-secs: 1725971298
      hostname: ip-172-31-51-13
      sysname: Linux
      nodename: ip-172-31-51-13
      release: 6.8.0-1014-aws
      version: '#15-Ubuntu SMP Thu Aug  8 19:13:06 UTC 2024'
      machine: x86_64
      compiler: 'musl-gcc 13.2.1'
      uptime: 242
      totalram: 49416667136
      freeram: 40659668992
      sharedram: 40796160
      bufferram: 220651520
      totalswap: 0
      freeswap: 0
      pagesize: 4096
      cpus: 24
      cpus-online: 24
      ticks-per-second: 100

metrics:
    - stressor: cpu
      bogo-ops: 29918
      bogo-ops-per-second-usr-sys-time: 1495.896709
      bogo-ops-per-second-real-time: 1495.890192
      wall-clock-time: 20.000131
      user-time: 19.999045
      system-time: 0.000999
      cpu-usage-per-instance: 99.999564
      max-rss: 1212

...
