---
system-info:
      stress-ng-version: 0.17.08
      run-by: root
      date-yyyy-mm-dd: 2024:09:06
      time-hh-mm-ss: 16:52:20
      epoch-secs: 1725641540
      hostname: ip-172-31-48-180
      sysname: Linux
      nodename: ip-172-31-48-180
      release: 6.8.0-1014-aws
      version: '#15-Ubuntu SMP Thu Aug  8 19:13:06 UTC 2024'
      machine: x86_64
      compiler: 'musl-gcc 13.2.1'
      uptime: 198
      totalram: 49416691712
      freeram: 40747950080
      sharedram: 40792064
      bufferram: 221540352
      totalswap: 0
      freeswap: 0
      pagesize: 4096
      cpus: 24
      cpus-online: 24
      ticks-per-second: 100

metrics:
    - stressor: cpu
      bogo-ops: 29918
      bogo-ops-per-second-usr-sys-time: 1495.907405
      bogo-ops-per-second-real-time: 1495.894561
      wall-clock-time: 20.000073
      user-time: 19.999901
      system-time: 0.000000
      cpu-usage-per-instance: 99.999141
      max-rss: 1212

...
