---
system-info:
      stress-ng-version: 0.17.08
      run-by: root
      date-yyyy-mm-dd: 2024:06:28
      time-hh-mm-ss: 15:38:40
      epoch-secs: 1719589120
      hostname: z3-highmem-88-59f2ecb
      sysname: Linux
      nodename: z3-highmem-88-59f2ecb
      release: 6.8.0-1009-gcp
      version: '#10-Ubuntu SMP Wed Jun 12 18:52:23 UTC 2024'
      machine: x86_64
      compiler: 'musl-gcc 13.2.1'
      uptime: 155
      totalram: 743947845632
      freeram: 737473097728
      sharedram: 222068736
      bufferram: 132341760
      totalswap: 0
      freeswap: 0
      pagesize: 4096
      cpus: 88
      cpus-online: 88
      ticks-per-second: 100

metrics:
    - stressor: cpu
      bogo-ops: 32473
      bogo-ops-per-second-usr-sys-time: 1623.664613
      bogo-ops-per-second-real-time: 1623.645510
      wall-clock-time: 20.000055
      user-time: 19.999820
      system-time: 0.000000
      cpu-usage-per-instance: 99.998823
      max-rss: 704

...
