---
system-info:
      stress-ng-version: 0.17.08
      run-by: root
      date-yyyy-mm-dd: 2024:06:11
      time-hh-mm-ss: 10:21:26
      epoch-secs: 1718101286
      hostname: 87dc455ed9da
      sysname: Linux
      nodename: 87dc455ed9da
      release: 6.8.0-31-generic
      version: '#31-Ubuntu SMP PREEMPT_DYNAMIC Sat Apr 20 00:40:06 UTC 2024'
      machine: x86_64
      compiler: 'musl-gcc 13.2.1'
      uptime: 126
      totalram: 16372457472
      freeram: 12598951936
      sharedram: 21237760
      bufferram: 123084800
      totalswap: 0
      freeswap: 0
      pagesize: 4096
      cpus: 8
      cpus-online: 8
      ticks-per-second: 100

metrics:
    - stressor: cpu
      bogo-ops: 14379
      bogo-ops-per-second-usr-sys-time: 1437.534148
      bogo-ops-per-second-real-time: 1437.526181
      wall-clock-time: 10.002600
      user-time: 9.999544
      system-time: 0.003001
      cpu-usage-per-instance: 99.999446
      max-rss: 3920

...
