---
system-info:
      stress-ng-version: 0.17.08
      run-by: root
      date-yyyy-mm-dd: 2024:06:14
      time-hh-mm-ss: 21:52:08
      epoch-secs: 1718401928
      hostname: f0ba09f9df18
      sysname: Linux
      nodename: f0ba09f9df18
      release: 6.8.0-31-generic
      version: '#31-Ubuntu SMP PREEMPT_DYNAMIC Sat Apr 20 00:40:06 UTC 2024'
      machine: x86_64
      compiler: 'musl-gcc 13.2.1'
      uptime: 164
      totalram: 16372461568
      freeram: 12804587520
      sharedram: 21237760
      bufferram: 112566272
      totalswap: 0
      freeswap: 0
      pagesize: 4096
      cpus: 8
      cpus-online: 8
      ticks-per-second: 100

metrics:
    - stressor: cpu
      bogo-ops: 22026
      bogo-ops-per-second-usr-sys-time: 1101.344164
      bogo-ops-per-second-real-time: 1101.283708
      wall-clock-time: 20.000296
      user-time: 19.999198
      system-time: 0.000000
      cpu-usage-per-instance: 99.994511
      max-rss: 1160

...
