size_kb,operation,bandwidth_mb_s,latency_ns,latency_stddev_ns,latency_samples,threads,iterations,elapsed_s
32,read,6742806.86,0,0,0,192,319693,0.284475
32,write,9420844.05,0,0,0,192,513346,0.326943
32,copy,8357070.03,0,0,0,192,279017,0.200322
32,latency,0,2.24,0.00,7,1,7,0.322056
128,read,9363975.19,0,0,0,192,81833,0.209739
128,write,12463152.58,0,0,0,192,127356,0.245246
128,copy,7079659.48,0,0,0,192,64201,0.217641
128,latency,0,2.94,0.00,7,1,7,0.662546
1024,read,8066120.72,0,0,0,192,10365,0.246721
1024,write,12401274.34,0,0,0,192,15729,0.243521
1024,copy,2598473.39,0,0,0,192,5540,0.409348
1024,latency,0,5.43,0.02,7,1,7,0.691592
2048,read,3393870.28,0,0,0,192,4103,0.464235
2048,write,4601348.66,0,0,0,192,7834,0.653777
2048,copy,728809.81,0,0,0,192,2871,1.512691
2048,latency,0,9.13,0.02,7,1,7,0.678902
4096,read,1551574.71,0,0,0,192,1762,0.872157
4096,write,1590810.96,0,0,0,192,4053,1.956677
4096,copy,507636.38,0,0,0,192,1377,2.083255
4096,latency,0,19.06,0.05,7,1,7,0.688577
8192,read,1063227.36,0,0,0,192,785,1.134057
8192,write,1009118.16,0,0,0,192,2070,3.150791
8192,copy,436847.99,0,0,0,192,678,2.383914
8192,latency,0,24.45,0.02,7,1,7,0.684434
16384,read,936843.59,0,0,0,192,375,1.229661
16384,write,877967.17,0,0,0,192,951,3.327541
16384,copy,394885.01,0,0,0,192,329,2.559449
16384,latency,0,26.59,0.04,7,1,7,0.708725
32768,read,894248.87,0,0,0,192,185,1.271056
32768,write,805787.08,0,0,0,192,508,3.873420
32768,copy,411263.62,0,0,0,192,168,2.509806
32768,latency,0,31.27,0.32,7,1,7,0.768221
65536,read,872693.41,0,0,0,192,93,1.309491
65536,write,793021.24,0,0,0,192,248,3.842802
65536,copy,391114.27,0,0,0,192,84,2.639106
65536,latency,0,77.75,1.65,7,1,7,3.528745
131072,read,869029.81,0,0,0,192,46,1.300871
131072,write,792117.92,0,0,0,192,125,3.878210
131072,copy,388081.46,0,0,0,192,42,2.659730
131072,latency,0,98.69,0.31,7,1,7,8.856820
