BaselineInfo:
  WebDBID: -1
  TimeStamp: 20260618044219
Version:
  Major: 11
  Minor: 0
  Build: 1004
  SpecialBuildName: ""
  ptArchitecture: x86_64_linux
Results:
  Results Complete: true
  NumTestProcesses: 16
  CPU_INTEGER_MATH: 67255.862333333338
  CPU_FLOATINGPOINT_MATH: 34396.341931968011
  CPU_PRIME: 122.16261318811706
  CPU_SORTING: 35074.660252855057
  CPU_ENCRYPTION: 14601.850062535867
  CPU_COMPRESSION: 250799.66836571251
  CPU_SINGLETHREAD: 2362.2225421850917
  CPU_PHYSICS: 2210.2859319436034
  CPU_MATRIX_MULT_SSE: 14106.244304495267
  CPU_mm: 1448.6991901785109
  CPU_sse: 6379.8481930279295
  CPU_fma: 17501.686191856876
  CPU_avx: 12944.253132782602
  CPU_avx512: 19599.189700313658
  m_CPU_enc_SHA: 14743634605.516012
  m_CPU_enc_AES: 22168735632.649956
  m_CPU_enc_ECDSA: 9021078355.3548622
  ME_ALLOC_S: 7860.6397137494105
  ME_READ_S: 24284.9208984375
  ME_READ_L: 11603.130859375
  ME_WRITE: 10681.2919921875
  ME_LARGE: 54258.083333333336
  ME_LATENCY: 55.07246019431625
  ME_THREADED: 88372.580078125
  SUMM_CPU: 21079.202223589695
  SUMM_ME: 2609.8554781931339
SystemInformation:
  OSName: Ubuntu 24.04.4 LTS
  Kernel: 6.8.0-117-generic
  Device: ""
  Processor: Intel(R) Xeon(R) Platinum 8369B CPU @ 2.70GHz
  NumSockets: 1
  Manufacturer: GenuineIntel
  NumCores: 8
  NumLogicals: 16
  CPUFrequency: 0
  CPUMaxFrequency: 0
  Memory: 62874
  CPUInfo:
    number: 1
    Family: 6
    Model: 10
    stepping: 6
    features: 529267711
    manufacture: GenuineIntel
    typestring: Intel(R) Xeon(R) Platinum 8369B CPU @ 2.70GHz
    iCoresPerPackage: 8
    iThreadsPerPackage: 2
    featuresEx:
      - 529267711
      - 4277809667
      - 739248128
    bHybrid: false
    nPCore: 0
    nLogicalsPerPCore: 0
    nECore: 0
    nLogicalsPerECore: 0
  MemModuleInfo:
    iNumMemSticks: 4
    DIMM 1:
      manufacturer: Alibaba Cloud
      modulePartNo: Not Specified
      memType: RAM
      size: 16
      clkspeed: 0
      moduleVoltage: 0
    DIMM 2:
      manufacturer: Alibaba Cloud
      modulePartNo: Not Specified
      memType: RAM
      size: 16
      clkspeed: 0
      moduleVoltage: 0
    DIMM 3:
      manufacturer: Alibaba Cloud
      modulePartNo: Not Specified
      memType: RAM
      size: 16
      clkspeed: 0
      moduleVoltage: 0
    DIMM 4:
      manufacturer: Alibaba Cloud
      modulePartNo: Not Specified
      memType: RAM
      size: 16
      clkspeed: 0
      moduleVoltage: 0
Checksum: E7E373B0DA03943419E5F70895BA7507CC8174A8