BaselineInfo:
  WebDBID: -1
  TimeStamp: 20250426195751
Version:
  Major: 11
  Minor: 0
  Build: 1002
  SpecialBuildName: ""
  ptArchitecture: x86_64_linux
Results:
  Results Complete: true
  NumTestProcesses: 48
  CPU_INTEGER_MATH: 250937.97433333335
  CPU_FLOATINGPOINT_MATH: 177689.42817360771
  CPU_PRIME: 496.8811768532334
  CPU_SORTING: 123192.15035437704
  CPU_ENCRYPTION: 55094.620654948587
  CPU_COMPRESSION: 899027.08923292276
  CPU_SINGLETHREAD: 3202.5776524513954
  CPU_PHYSICS: 11088.54239669671
  CPU_MATRIX_MULT_SSE: 69814.05048646369
  CPU_mm: 7103.8656659107437
  CPU_sse: 30626.475193429338
  CPU_fma: 69434.129386209286
  CPU_avx: 61887.495568034479
  CPU_avx512: 117308.10179818157
  m_CPU_enc_SHA: 58387739373.88002
  m_CPU_enc_AES: 76053069695.455276
  m_CPU_enc_ECDSA: 38871881774.314842
  ME_ALLOC_S: 26527.803621046078
  ME_READ_S: 26033.498730468749
  ME_READ_L: 7638.2802734375
  ME_WRITE: 15893.3447265625
  ME_LARGE: 369564.75
  ME_LATENCY: 45.563881034153745
  ME_THREADED: 307313.01171875
  SUMM_CPU: 69056.452302689053
  SUMM_ME: 2837.3911129781245
SystemInformation:
  OSName: Ubuntu 24.04.2 LTS
  Kernel: 6.8.0-1027-aws
  Device: ""
  Processor: Intel Xeon Platinum 8559C
  NumSockets: 1
  Manufacturer: GenuineIntel
  NumCores: 24
  NumLogicals: 48
  CPUFrequency: 0
  Memory: 380668
  MemModuleInfo:
    iNumMemSticks: 1
    DIMM 1:
      manufacturer: Not Specified
      modulePartNo: Not Specified
      memType: DDR5
      size: 384
      clkspeed: 2800
      moduleVoltage: 0
Checksum: 3F0A08BFB3C117B70BEE457D888C7E7E27E8901C