---
system-info:
      stress-ng-version: 0.17.08
      run-by: root
      date-yyyy-mm-dd: 2024:06:08
      time-hh-mm-ss: 17:44:15
      epoch-secs: 1717868655
      hostname: cf2823e05fc9
      sysname: Linux
      nodename: cf2823e05fc9
      release: 6.8.0-1008-aws
      version: '#8-Ubuntu SMP Sat Apr 20 00:46:25 UTC 2024'
      machine: x86_64
      compiler: 'musl-gcc 13.2.1'
      uptime: 145
      totalram: 532474388480
      freeram: 526555762688
      sharedram: 117661696
      bufferram: 104927232
      totalswap: 0
      freeswap: 0
      pagesize: 4096
      cpus: 128
      cpus-online: 128
      ticks-per-second: 100

metrics:
    - stressor: cpu
      bogo-ops: 1533808
      bogo-ops-per-second-usr-sys-time: 1199.115810
      bogo-ops-per-second-real-time: 153357.695007
      wall-clock-time: 10.001507
      user-time: 1278.994892
      system-time: 0.120926
      cpu-usage-per-instance: 99.915870
      max-rss: 3072

...
