---
system-info:
      stress-ng-version: 0.17.08
      run-by: root
      date-yyyy-mm-dd: 2024:06:15
      time-hh-mm-ss: 01:20:33
      epoch-secs: 1718414433
      hostname: 918f26168fa7
      sysname: Linux
      nodename: 918f26168fa7
      release: 6.8.0-1008-aws
      version: '#8-Ubuntu SMP Sat Apr 20 00:46:25 UTC 2024'
      machine: x86_64
      compiler: 'musl-gcc 13.2.1'
      uptime: 177
      totalram: 532474368000
      freeram: 526769647616
      sharedram: 117661696
      bufferram: 108695552
      totalswap: 0
      freeswap: 0
      pagesize: 4096
      cpus: 128
      cpus-online: 128
      ticks-per-second: 100

metrics:
    - stressor: cpu
      bogo-ops: 2469750
      bogo-ops-per-second-usr-sys-time: 965.129239
      bogo-ops-per-second-real-time: 123487.039411
      wall-clock-time: 20.000075
      user-time: 2558.935741
      system-time: 0.047968
      cpu-usage-per-instance: 99.959928
      max-rss: 0

...
