BaselineInfo:
  WebDBID: -1
  TimeStamp: 20250421214602
Version:
  Major: 11
  Minor: 0
  Build: 1002
  SpecialBuildName: ""
  ptArchitecture: aarch64_linux
Results:
  Results Complete: true
  NumTestProcesses: 1
  CPU_INTEGER_MATH: 5182.8816666666671
  CPU_FLOATINGPOINT_MATH: 6022.1164432828991
  CPU_PRIME: 17.082513546731199
  CPU_SORTING: 4529.7243797437168
  CPU_ENCRYPTION: 184.25287133776877
  CPU_COMPRESSION: 6390.5772805245469
  CPU_SINGLETHREAD: 1844.4811692622122
  CPU_PHYSICS: 339.4333924604685
  CPU_MATRIX_MULT_SSE: 915.83024227688134
  CPU_mm: 112.61889128366072
  CPU_sse: 720.01872607343114
  CPU_fma: 1111.6417584803316
  CPU_avx: 0
  CPU_avx512: 0
  m_CPU_enc_SHA: 291581658.3049767
  m_CPU_enc_AES: 106589642.35155912
  m_CPU_enc_ECDSA: 181438115.79108092
  ME_ALLOC_S: 1502.4455614568369
  ME_READ_S: 20292.786914062501
  ME_READ_L: 19338.73828125
  ME_WRITE: 21027.921875
  ME_LARGE: 829.5
  ME_LATENCY: 48.072391623947389
  ME_THREADED: 19336.630859375
  SUMM_CPU: 986.83313778407864
  SUMM_ME: 1274.7592451020989
SystemInformation:
  OSName: Ubuntu 24.04.2 LTS
  Kernel: 6.8.0-1027-aws
  Device: ""
  Processor: ARM Neoverse-V2 1 Core 0 MHz
  NumSockets: 1
  Manufacturer: ARM
  NumCores: 1
  NumLogicals: 1
  CPUFrequency: 0
  Memory: 7764
Checksum: F0077521F9801C9E93FBC03552552B8260E11462