---
system-info:
      stress-ng-version: 0.17.08
      run-by: root
      date-yyyy-mm-dd: 2024:06:05
      time-hh-mm-ss: 21:16:16
      epoch-secs: 1717622176
      hostname: 61241bb0f462
      sysname: Linux
      nodename: 61241bb0f462
      release: 6.8.0-1008-aws
      version: '#8-Ubuntu SMP Sat Apr 20 00:46:25 UTC 2024'
      machine: x86_64
      compiler: 'musl-gcc 13.2.1'
      uptime: 147
      totalram: 32673808384
      freeram: 28499873792
      sharedram: 29249536
      bufferram: 79421440
      totalswap: 0
      freeswap: 0
      pagesize: 4096
      cpus: 16
      cpus-online: 16
      ticks-per-second: 100

metrics:
    - stressor: cpu
      bogo-ops: 15206
      bogo-ops-per-second-usr-sys-time: 1520.248975
      bogo-ops-per-second-real-time: 1520.202109
      wall-clock-time: 10.002617
      user-time: 10.002309
      system-time: 0.000000
      cpu-usage-per-instance: 99.996917
      max-rss: 3792

...
