---
system-info:
      stress-ng-version: 0.17.08
      run-by: root
      date-yyyy-mm-dd: 2024:06:12
      time-hh-mm-ss: 20:42:01
      epoch-secs: 1718224921
      hostname: 8e4143de9d6a
      sysname: Linux
      nodename: 8e4143de9d6a
      release: 6.8.0-1008-aws
      version: '#8-Ubuntu SMP Sat Apr 20 00:46:25 UTC 2024'
      machine: x86_64
      compiler: 'musl-gcc 13.2.1'
      uptime: 143
      totalram: 32673792000
      freeram: 28214120448
      sharedram: 29249536
      bufferram: 112967680
      totalswap: 0
      freeswap: 0
      pagesize: 4096
      cpus: 16
      cpus-online: 16
      ticks-per-second: 100

metrics:
    - stressor: cpu
      bogo-ops: 28178
      bogo-ops-per-second-usr-sys-time: 1408.895914
      bogo-ops-per-second-real-time: 1408.890376
      wall-clock-time: 20.000137
      user-time: 19.999059
      system-time: 0.000999
      cpu-usage-per-instance: 99.999607
      max-rss: 976

...
