---
system-info:
      stress-ng-version: 0.17.08
      run-by: root
      date-yyyy-mm-dd: 2024:06:12
      time-hh-mm-ss: 17:56:41
      epoch-secs: 1718215001
      hostname: f375d962d78f
      sysname: Linux
      nodename: f375d962d78f
      release: 6.8.0-1008-aws
      version: '#8-Ubuntu SMP Sat Apr 20 00:46:25 UTC 2024'
      machine: x86_64
      compiler: 'musl-gcc 13.2.1'
      uptime: 157
      totalram: 32908681216
      freeram: 28457349120
      sharedram: 40783872
      bufferram: 113049600
      totalswap: 0
      freeswap: 0
      pagesize: 4096
      cpus: 16
      cpus-online: 16
      ticks-per-second: 100

metrics:
    - stressor: cpu
      bogo-ops: 31055
      bogo-ops-per-second-usr-sys-time: 1552.804271
      bogo-ops-per-second-real-time: 1552.747409
      wall-clock-time: 20.000033
      user-time: 19.998302
      system-time: 0.000999
      cpu-usage-per-instance: 99.996338
      max-rss: 976

...
