---
system-info:
      stress-ng-version: 0.17.08
      run-by: root
      date-yyyy-mm-dd: 2024:06:26
      time-hh-mm-ss: 18:51:08
      epoch-secs: 1719427868
      hostname: n4-standard-8-351a921
      sysname: Linux
      nodename: n4-standard-8-351a921
      release: 6.8.0-1009-gcp
      version: '#10-Ubuntu SMP Wed Jun 12 18:52:23 UTC 2024'
      machine: x86_64
      compiler: 'musl-gcc 13.2.1'
      uptime: 120
      totalram: 33651146752
      freeram: 28374966272
      sharedram: 274075648
      bufferram: 123670528
      totalswap: 0
      freeswap: 0
      pagesize: 4096
      cpus: 8
      cpus-online: 8
      ticks-per-second: 100

metrics:
    - stressor: cpu
      bogo-ops: 135992
      bogo-ops-per-second-usr-sys-time: 851.821815
      bogo-ops-per-second-real-time: 6799.556584
      wall-clock-time: 20.000128
      user-time: 159.628420
      system-time: 0.019992
      cpu-usage-per-instance: 99.779620
      max-rss: 1104

...
