---
system-info:
      stress-ng-version: 0.17.08
      run-by: root
      date-yyyy-mm-dd: 2024:06:14
      time-hh-mm-ss: 17:23:58
      epoch-secs: 1718385838
      hostname: e8eda49fa908
      sysname: Linux
      nodename: e8eda49fa908
      release: 6.8.0-1008-aws
      version: '#8-Ubuntu SMP Sat Apr 20 00:46:25 UTC 2024'
      machine: x86_64
      compiler: 'musl-gcc 13.2.1'
      uptime: 206
      totalram: 266077200384
      freeram: 260887687168
      sharedram: 37048320
      bufferram: 109858816
      totalswap: 0
      freeswap: 0
      pagesize: 4096
      cpus: 64
      cpus-online: 64
      ticks-per-second: 100

metrics:
    - stressor: cpu
      bogo-ops: 11829
      bogo-ops-per-second-usr-sys-time: 591.459315
      bogo-ops-per-second-real-time: 591.444790
      wall-clock-time: 20.000176
      user-time: 19.997686
      system-time: 0.001999
      cpu-usage-per-instance: 99.997544
      max-rss: 512

...
