---
system-info:
      stress-ng-version: 0.17.08
      run-by: root
      date-yyyy-mm-dd: 2024:06:08
      time-hh-mm-ss: 10:56:37
      epoch-secs: 1717844197
      hostname: 56f2e088af3b
      sysname: Linux
      nodename: 56f2e088af3b
      release: 6.8.0-1008-aws
      version: '#8-Ubuntu SMP Sat Apr 20 00:46:25 UTC 2024'
      machine: x86_64
      compiler: 'musl-gcc 13.2.1'
      uptime: 174
      totalram: 266077159424
      freeram: 260644851712
      sharedram: 37048320
      bufferram: 100741120
      totalswap: 0
      freeswap: 0
      pagesize: 4096
      cpus: 64
      cpus-online: 64
      ticks-per-second: 100

metrics:
    - stressor: cpu
      bogo-ops: 9894
      bogo-ops-per-second-usr-sys-time: 989.101984
      bogo-ops-per-second-real-time: 989.066208
      wall-clock-time: 10.003375
      user-time: 10.002013
      system-time: 0.001000
      cpu-usage-per-instance: 99.996383
      max-rss: 3584

...
