---
system-info:
      stress-ng-version: 0.17.08
      run-by: root
      date-yyyy-mm-dd: 2024:09:17
      time-hh-mm-ss: 12:06:32
      epoch-secs: 1726574792
      hostname: sc-runner
      sysname: Linux
      nodename: sc-runner
      release: 6.8.0-1014-azure
      version: '#16-Ubuntu SMP Thu Aug 15 20:04:41 UTC 2024'
      machine: x86_64
      compiler: 'musl-gcc 13.2.1'
      uptime: 348
      totalram: 270438899712
      freeram: 258457894912
      sharedram: 80093184
      bufferram: 329125888
      totalswap: 0
      freeswap: 0
      pagesize: 4096
      cpus: 64
      cpus-online: 64
      ticks-per-second: 100

metrics:
    - stressor: cpu
      bogo-ops: 1191771
      bogo-ops-per-second-usr-sys-time: 931.450705
      bogo-ops-per-second-real-time: 59588.281278
      wall-clock-time: 20.000090
      user-time: 1279.413383
      system-time: 0.064955
      cpu-usage-per-instance: 99.958794
      max-rss: 3000

...
