BaselineInfo:
  WebDBID: -1
  TimeStamp: 20260619125705
Version:
  Major: 11
  Minor: 0
  Build: 1004
  SpecialBuildName: ""
  ptArchitecture: x86_64_linux
Results:
  Results Complete: true
  NumTestProcesses: 4
  CPU_INTEGER_MATH: 22160.401666666665
  CPU_FLOATINGPOINT_MATH: 15961.213726504882
  CPU_PRIME: 47.862385450191198
  CPU_SORTING: 11598.381766145927
  CPU_ENCRYPTION: 4942.7478542967383
  CPU_COMPRESSION: 88293.175359855537
  CPU_SINGLETHREAD: 3533.7099015644017
  CPU_PHYSICS: 1026.4683011462905
  CPU_MATRIX_MULT_SSE: 5721.1185559634396
  CPU_mm: 604.66976540445364
  CPU_sse: 2637.8667729230342
  CPU_fma: 6972.2189100178821
  CPU_avx: 5295.4325760695792
  CPU_avx512: 7978.9559648432587
  m_CPU_enc_SHA: 5178205283.8765783
  m_CPU_enc_AES: 6760587141.5830317
  m_CPU_enc_ECDSA: 3609747896.7415581
  ME_ALLOC_S: 2650.4893617946273
  ME_READ_S: 30465.203125
  ME_READ_L: 20226.130859375
  ME_WRITE: 8486.6953125
  ME_LARGE: 3945.75
  ME_LATENCY: 76.364516774633572
  ME_THREADED: 54843.5107421875
  SUMM_CPU: 8626.1619070016022
  SUMM_ME: 1960.2651373492909
SystemInformation:
  OSName: Ubuntu 24.04.4 LTS
  Kernel: 6.17.0-1018-azure
  Device: ""
  Processor: Intel(R) Xeon(R) 6973P-C
  NumSockets: 1
  Manufacturer: GenuineIntel
  NumCores: 2
  NumLogicals: 4
  CPUFrequency: 2600
  CPUMaxFrequency: 2600
  Memory: 7936
  CPUInfo:
    number: 1
    Family: 6
    Model: 13
    stepping: 1
    features: 529267711
    manufacture: GenuineIntel
    typestring: Intel(R) Xeon(R) 6973P-C
    iCoresPerPackage: 2
    iThreadsPerPackage: 2
    featuresEx:
      - 529267711
      - 4294586915
      - 739248128
    bHybrid: false
    nPCore: 0
    nLogicalsPerPCore: 0
    nECore: 0
    nLogicalsPerECore: 0
  MemModuleInfo:
    iNumMemSticks: 2
    DIMM 1:
      manufacturer: Microsoft Corporation
      modulePartNo: None
      memType: Unknown
      size: 1
      clkspeed: 0
      moduleVoltage: 0
    DIMM 2:
      manufacturer: Microsoft Corporation
      modulePartNo: None
      memType: Unknown
      size: 7
      clkspeed: 0
      moduleVoltage: 0
Checksum: 5C6488FAEC7EDB5F0CE84AE82463D2C59C714D87