---
system-info:
      stress-ng-version: 0.17.08
      run-by: root
      date-yyyy-mm-dd: 2024:09:16
      time-hh-mm-ss: 07:46:13
      epoch-secs: 1726472773
      hostname: sc-runner
      sysname: Linux
      nodename: sc-runner
      release: 6.8.0-1014-azure
      version: '#16-Ubuntu SMP Thu Aug 15 20:04:41 UTC 2024'
      machine: x86_64
      compiler: 'musl-gcc 13.2.1'
      uptime: 255
      totalram: 33651286016
      freeram: 23457079296
      sharedram: 54882304
      bufferram: 224780288
      totalswap: 0
      freeswap: 0
      pagesize: 4096
      cpus: 4
      cpus-online: 4
      ticks-per-second: 100

metrics:
    - stressor: cpu
      bogo-ops: 37962
      bogo-ops-per-second-usr-sys-time: 1898.096109
      bogo-ops-per-second-real-time: 1898.097126
      wall-clock-time: 20.000030
      user-time: 19.999041
      system-time: 0.001000
      cpu-usage-per-instance: 100.000054
      max-rss: 3280

...
