BaselineInfo:
  WebDBID: -1
  TimeStamp: 20250527073947
Version:
  Major: 11
  Minor: 0
  Build: 1002
  SpecialBuildName: ""
  ptArchitecture: x86_64_linux
Results:
  Results Complete: true
  NumTestProcesses: 12
  CPU_INTEGER_MATH: 63761.337
  CPU_FLOATINGPOINT_MATH: 45204.375311488577
  CPU_PRIME: 126.85035879299268
  CPU_SORTING: 32090.390268662344
  CPU_ENCRYPTION: 14104.875055823637
  CPU_COMPRESSION: 231565.41277477535
  CPU_SINGLETHREAD: 3249.3687893029614
  CPU_PHYSICS: 3023.5230438570484
  CPU_MATRIX_MULT_SSE: 18591.221533445729
  CPU_mm: 1803.5484280846581
  CPU_sse: 7762.2995054831727
  CPU_fma: 20294.579232958367
  CPU_avx: 16044.870492828646
  CPU_avx512: 30263.136902512742
  m_CPU_enc_SHA: 14852821481.635708
  m_CPU_enc_AES: 19321618319.238754
  m_CPU_enc_ECDSA: 10195660598.731522
  ME_ALLOC_S: 8807.9601866014036
  ME_READ_S: 29635.170117187499
  ME_READ_L: 10579.6201171875
  ME_WRITE: 9699.111328125
  ME_LARGE: 1004705.4166666666
  ME_LATENCY: 56.694573061649635
  ME_THREADED: 135703.5830078125
  SUMM_CPU: 22868.231395105471
  SUMM_ME: 2665.4478424173976
SystemInformation:
  OSName: Ubuntu 24.04.2 LTS
  Kernel: 6.11.0-1015-azure
  Device: ""
  Processor: INTEL XEON PLATINUM 8573C
  NumSockets: 2
  Manufacturer: GenuineIntel
  NumCores: 6
  NumLogicals: 12
  CPUFrequency: 2300
  Memory: 1015950
  MemModuleInfo:
    iNumMemSticks: 4
    DIMM 1:
      manufacturer: Microsoft Corporation
      modulePartNo: None
      memType: Unknown
      size: 1
      clkspeed: 0
      moduleVoltage: 0
    DIMM 2:
      manufacturer: Microsoft Corporation
      modulePartNo: None
      memType: Unknown
      size: 59
      clkspeed: 0
      moduleVoltage: 0
    DIMM 3:
      manufacturer: Microsoft Corporation
      modulePartNo: None
      memType: Unknown
      size: 444
      clkspeed: 0
      moduleVoltage: 0
    DIMM 4:
      manufacturer: Microsoft Corporation
      modulePartNo: None
      memType: Unknown
      size: 504
      clkspeed: 0
      moduleVoltage: 0
Checksum: 1088BB71378DB745EB8E501604039707D30F5655