---
system-info:
      stress-ng-version: 0.17.08
      run-by: root
      date-yyyy-mm-dd: 2024:09:02
      time-hh-mm-ss: 22:21:46
      epoch-secs: 1725315706
      hostname: sc-runner
      sysname: Linux
      nodename: sc-runner
      release: 6.8.0-1013-azure
      version: '#15-Ubuntu SMP Thu Aug  8 18:40:40 UTC 2024'
      machine: x86_64
      compiler: 'musl-gcc 13.2.1'
      uptime: 294
      totalram: 8322613248
      freeram: 256299008
      sharedram: 54902784
      bufferram: 200589312
      totalswap: 0
      freeswap: 0
      pagesize: 4096
      cpus: 2
      cpus-online: 2
      ticks-per-second: 100

metrics:
    - stressor: cpu
      bogo-ops: 38622
      bogo-ops-per-second-usr-sys-time: 975.441883
      bogo-ops-per-second-real-time: 1931.086383
      wall-clock-time: 20.000141
      user-time: 39.587379
      system-time: 0.006984
      cpu-usage-per-instance: 98.985210
      max-rss: 1104

...
