---
system-info:
      stress-ng-version: 0.17.08
      run-by: root
      date-yyyy-mm-dd: 2024:09:23
      time-hh-mm-ss: 21:24:56
      epoch-secs: 1727126696
      hostname: c4-highcpu-16-8dd22b5
      sysname: Linux
      nodename: c4-highcpu-16-8dd22b5
      release: 6.8.0-1014-gcp
      version: '#16-Ubuntu SMP Mon Aug 26 15:55:46 UTC 2024'
      machine: x86_64
      compiler: 'musl-gcc 13.2.1'
      uptime: 188
      totalram: 33648275456
      freeram: 23052709888
      sharedram: 274636800
      bufferram: 252669952
      totalswap: 0
      freeswap: 0
      pagesize: 4096
      cpus: 16
      cpus-online: 16
      ticks-per-second: 100

metrics:
    - stressor: cpu
      bogo-ops: 42991
      bogo-ops-per-second-usr-sys-time: 2149.566337
      bogo-ops-per-second-real-time: 2149.539853
      wall-clock-time: 20.000094
      user-time: 19.999848
      system-time: 0.000000
      cpu-usage-per-instance: 99.998768
      max-rss: 1104

...
