---
system-info:
      stress-ng-version: 0.17.08
      run-by: root
      date-yyyy-mm-dd: 2024:09:03
      time-hh-mm-ss: 09:46:36
      epoch-secs: 1725356796
      hostname: sc-runner
      sysname: Linux
      nodename: sc-runner
      release: 6.8.0-1013-azure
      version: '#15-Ubuntu SMP Thu Aug  8 18:40:40 UTC 2024'
      machine: x86_64
      compiler: 'musl-gcc 13.2.1'
      uptime: 407
      totalram: 16765378560
      freeram: 8182034432
      sharedram: 57118720
      bufferram: 215408640
      totalswap: 0
      freeswap: 0
      pagesize: 4096
      cpus: 8
      cpus-online: 8
      ticks-per-second: 100

metrics:
    - stressor: cpu
      bogo-ops: 16977
      bogo-ops-per-second-usr-sys-time: 848.909169
      bogo-ops-per-second-real-time: 848.840255
      wall-clock-time: 20.000230
      user-time: 19.997599
      system-time: 0.001007
      cpu-usage-per-instance: 99.991882
      max-rss: 3152

...
