BaselineInfo:
  WebDBID: -1
  TimeStamp: 20260403054252
Version:
  Major: 11
  Minor: 0
  Build: 1004
  SpecialBuildName: ""
  ptArchitecture: x86_64_linux
Results:
  Results Complete: true
  NumTestProcesses: 2
  CPU_INTEGER_MATH: 6246.8403333333335
  CPU_FLOATINGPOINT_MATH: 4016.1272923343458
  CPU_PRIME: 15.454675914694395
  CPU_SORTING: 4158.8695111231136
  CPU_ENCRYPTION: 797.8217022519068
  CPU_COMPRESSION: 32877.387897736313
  CPU_SINGLETHREAD: 1623.0342942660814
  CPU_PHYSICS: 278.50310608109601
  CPU_MATRIX_MULT_SSE: 2331.7393810653284
  CPU_mm: 263.26295852008298
  CPU_sse: 873.34246246899215
  CPU_fma: 3356.9600325125298
  CPU_avx: 2172.8126367152267
  CPU_avx512: 2923.8423925645648
  m_CPU_enc_SHA: 432960521.50637376
  m_CPU_enc_AES: 1711793881.1394448
  m_CPU_enc_ECDSA: 364975665.1356678
  ME_ALLOC_S: 531.45612031600444
  ME_READ_S: 17775.722851562499
  ME_READ_L: 6328.5888671875
  ME_WRITE: 6547.42724609375
  ME_LARGE: 1086
  ME_LATENCY: 81.214736321483201
  ME_THREADED: 10750.8974609375
  SUMM_CPU: 2468.6551134145348
  SUMM_ME: 942.278012764967
SystemInformation:
  OSName: Ubuntu 24.04.4 LTS
  Kernel: 6.8.0-106-generic
  Device: ""
  Processor: Intel(R) Xeon(R) Platinum 8269CY CPU @ 2.50GHz
  NumSockets: 1
  Manufacturer: GenuineIntel
  NumCores: 1
  NumLogicals: 2
  CPUFrequency: 0
  CPUMaxFrequency: 0
  Memory: 3530
  CPUInfo:
    number: 1
    Family: 6
    Model: 5
    stepping: 7
    features: 529267711
    manufacture: GenuineIntel
    typestring: Intel(R) Xeon(R) Platinum 8269CY CPU @ 2.50GHz
    iCoresPerPackage: 1
    iThreadsPerPackage: 2
    featuresEx:
      - 529267711
      - 4277809667
      - 739248128
    bHybrid: false
    nPCore: 0
    nLogicalsPerPCore: 0
    nECore: 0
    nLogicalsPerECore: 0
  MemModuleInfo:
    iNumMemSticks: 1
    DIMM 1:
      manufacturer: Alibaba Cloud
      modulePartNo: Not Specified
      memType: RAM
      size: 4
      clkspeed: 0
      moduleVoltage: 0
Checksum: BFCD68A2116A6105F33D9091C4DF5F454F286C00