---
system-info:
      stress-ng-version: 0.17.08
      run-by: root
      date-yyyy-mm-dd: 2024:06:14
      time-hh-mm-ss: 22:05:54
      epoch-secs: 1718402754
      hostname: d7a8a054c247
      sysname: Linux
      nodename: d7a8a054c247
      release: 6.8.0-31-generic
      version: '#31-Ubuntu SMP PREEMPT_DYNAMIC Sat Apr 20 00:40:06 UTC 2024'
      machine: x86_64
      compiler: 'musl-gcc 13.2.1'
      uptime: 111
      totalram: 197840891904
      freeram: 193932652544
      sharedram: 38199296
      bufferram: 169996288
      totalswap: 0
      freeswap: 0
      pagesize: 4096
      cpus: 48
      cpus-online: 48
      ticks-per-second: 100

metrics:
    - stressor: cpu
      bogo-ops: 61279
      bogo-ops-per-second-usr-sys-time: 3064.173225
      bogo-ops-per-second-real-time: 3063.941015
      wall-clock-time: 20.000059
      user-time: 19.998543
      system-time: 0.000000
      cpu-usage-per-instance: 99.992422
      max-rss: 1152

...
