---
system-info:
      stress-ng-version: 0.17.08
      run-by: root
      date-yyyy-mm-dd: 2024:06:10
      time-hh-mm-ss: 11:34:25
      epoch-secs: 1718019265
      hostname: fa9f5f66117e
      sysname: Linux
      nodename: fa9f5f66117e
      release: 6.8.0-31-generic
      version: '#31-Ubuntu SMP PREEMPT_DYNAMIC Sat Apr 20 00:40:06 UTC 2024'
      machine: x86_64
      compiler: 'musl-gcc 13.2.1'
      uptime: 95
      totalram: 197840908288
      freeram: 193699295232
      sharedram: 38199296
      bufferram: 177414144
      totalswap: 0
      freeswap: 0
      pagesize: 4096
      cpus: 48
      cpus-online: 48
      ticks-per-second: 100

metrics:
    - stressor: cpu
      bogo-ops: 17654
      bogo-ops-per-second-usr-sys-time: 1765.084579
      bogo-ops-per-second-real-time: 1764.982688
      wall-clock-time: 10.002364
      user-time: 10.000788
      system-time: 0.000999
      cpu-usage-per-instance: 99.994227
      max-rss: 3840

...
