---
system-info:
      stress-ng-version: 0.17.08
      run-by: root
      date-yyyy-mm-dd: 2024:09:16
      time-hh-mm-ss: 22:27:02
      epoch-secs: 1726525622
      hostname: sc-runner
      sysname: Linux
      nodename: sc-runner
      release: 6.8.0-1014-azure
      version: '#16-Ubuntu SMP Thu Aug 15 20:04:41 UTC 2024'
      machine: x86_64
      compiler: 'musl-gcc 13.2.1'
      uptime: 333
      totalram: 135066304512
      freeram: 124710461440
      sharedram: 42090496
      bufferram: 256135168
      totalswap: 0
      freeswap: 0
      pagesize: 4096
      cpus: 16
      cpus-online: 16
      ticks-per-second: 100

metrics:
    - stressor: cpu
      bogo-ops: 28248
      bogo-ops-per-second-usr-sys-time: 1412.414124
      bogo-ops-per-second-real-time: 1412.391295
      wall-clock-time: 20.000123
      user-time: 19.998801
      system-time: 0.000999
      cpu-usage-per-instance: 99.998384
      max-rss: 3152

...
