---
system-info:
      stress-ng-version: 0.17.08
      run-by: root
      date-yyyy-mm-dd: 2024:09:17
      time-hh-mm-ss: 08:20:33
      epoch-secs: 1726561233
      hostname: sc-runner
      sysname: Linux
      nodename: sc-runner
      release: 6.8.0-1014-azure
      version: '#16-Ubuntu SMP Thu Aug 15 20:04:41 UTC 2024'
      machine: x86_64
      compiler: 'musl-gcc 13.2.1'
      uptime: 334
      totalram: 135146471424
      freeram: 123100463104
      sharedram: 105508864
      bufferram: 327696384
      totalswap: 0
      freeswap: 0
      pagesize: 4096
      cpus: 64
      cpus-online: 64
      ticks-per-second: 100

metrics:
    - stressor: cpu
      bogo-ops: 37991
      bogo-ops-per-second-usr-sys-time: 1899.495864
      bogo-ops-per-second-real-time: 1899.539448
      wall-clock-time: 20.000111
      user-time: 19.999571
      system-time: 0.000999
      cpu-usage-per-instance: 100.002294
      max-rss: 2560

...
