---
system-info:
      stress-ng-version: 0.17.08
      run-by: root
      date-yyyy-mm-dd: 2024:08:17
      time-hh-mm-ss: 15:58:19
      epoch-secs: 1723910299
      hostname: ip-172-31-0-192
      sysname: Linux
      nodename: ip-172-31-0-192
      release: 6.8.0-1013-aws
      version: '#14-Ubuntu SMP Thu Jul 25 21:19:24 UTC 2024'
      machine: x86_64
      compiler: 'musl-gcc 13.2.1'
      uptime: 357
      totalram: 533739126784
      freeram: 525365587968
      sharedram: 37695488
      bufferram: 191225856
      totalswap: 0
      freeswap: 0
      pagesize: 4096
      cpus: 64
      cpus-online: 64
      ticks-per-second: 100

metrics:
    - stressor: cpu
      bogo-ops: 1912062
      bogo-ops-per-second-usr-sys-time: 1494.518514
      bogo-ops-per-second-real-time: 95602.830823
      wall-clock-time: 20.000056
      user-time: 1279.336304
      system-time: 0.046977
      cpu-usage-per-instance: 99.951537
      max-rss: 512

...
