---
system-info:
      stress-ng-version: 0.17.08
      run-by: root
      date-yyyy-mm-dd: 2024:06:09
      time-hh-mm-ss: 14:31:50
      epoch-secs: 1717943510
      hostname: 219ca87e45e4
      sysname: Linux
      nodename: 219ca87e45e4
      release: 6.8.0-1008-aws
      version: '#8-Ubuntu SMP Sat Apr 20 00:46:25 UTC 2024'
      machine: x86_64
      compiler: 'musl-gcc 13.2.1'
      uptime: 127
      totalram: 66684051456
      freeram: 62139203584
      sharedram: 40771584
      bufferram: 108466176
      totalswap: 0
      freeswap: 0
      pagesize: 4096
      cpus: 8
      cpus-online: 8
      ticks-per-second: 100

metrics:
    - stressor: cpu
      bogo-ops: 80644
      bogo-ops-per-second-usr-sys-time: 1010.938048
      bogo-ops-per-second-real-time: 8062.636306
      wall-clock-time: 10.002187
      user-time: 79.752480
      system-time: 0.018976
      cpu-usage-per-instance: 99.692512
      max-rss: 4048

...
