---
system-info:
      stress-ng-version: 0.17.08
      run-by: root
      date-yyyy-mm-dd: 2024:06:15
      time-hh-mm-ss: 16:55:08
      epoch-secs: 1718470508
      hostname: 4cd9f5805fe2
      sysname: Linux
      nodename: 4cd9f5805fe2
      release: 6.8.0-1008-aws
      version: '#8-Ubuntu SMP Sat Apr 20 00:46:25 UTC 2024'
      machine: x86_64
      compiler: 'musl-gcc 13.2.1'
      uptime: 127
      totalram: 66684055552
      freeram: 62254739456
      sharedram: 40779776
      bufferram: 108593152
      totalswap: 0
      freeswap: 0
      pagesize: 4096
      cpus: 8
      cpus-online: 8
      ticks-per-second: 100

metrics:
    - stressor: cpu
      bogo-ops: 134928
      bogo-ops-per-second-usr-sys-time: 845.562933
      bogo-ops-per-second-real-time: 6746.357436
      wall-clock-time: 20.000126
      user-time: 159.560816
      system-time: 0.010985
      cpu-usage-per-instance: 99.731746
      max-rss: 1104

...
