"size","threads","connections","rps","latency","failed","server_usr","server_sys","client_usr","client_sys"
"1k",2,2,163077,0.000015590,0,3.56,6.80,1.80,7.82
"1k",2,4,130739,0.000065530,0,2.88,6.87,1.47,7.76
"1k",2,8,165094,0.000125960,0,3.22,6.61,1.68,7.70
"1k",2,16,186495,0.000209980,0,3.42,6.35,1.81,7.60
"1k",2,32,168552,0.000348160,0,3.28,6.65,1.61,7.74
"1k",2,64,137274,0.000659880,0,2.59,7.42,1.18,8.45
"1k",4,4,115666,0.000045800,0,2.60,7.38,1.58,8.40
"1k",4,8,124584,0.000086080,0,2.53,7.21,1.55,8.67
"1k",4,16,119113,0.000236510,0,2.53,7.12,1.50,8.55
"1k",4,32,170264,0.000385930,0,3.12,6.60,1.80,8.28
"1k",4,64,167625,0.000528800,0,3.02,6.74,1.65,8.39
"1k",8,8,139442,0.000075110,0,2.79,6.82,1.85,8.44
"1k",8,16,144831,0.000187990,0,2.64,6.73,1.94,8.47
"1k",8,32,143421,0.000362260,0,2.78,6.62,1.82,8.53
"1k",8,64,113660,0.000744990,0,2.40,7.19,1.47,8.74
"16k",2,2,119815,0.000036460,0,3.52,6.38,1.90,8.03
"16k",2,4,98110,0.000070780,0,2.77,6.64,1.44,7.76
"16k",2,8,125642,0.000183600,0,2.88,6.67,1.43,8.13
"16k",2,16,148451,0.000358960,0,3.00,6.36,1.65,7.75
"16k",2,32,138830,0.000440050,0,3.14,6.45,1.49,8.22
"16k",2,64,119597,0.000655150,0,3.06,6.75,1.47,8.46
"16k",4,4,87266,0.000059440,0,2.45,7.33,1.51,8.60
"16k",4,8,139186,0.000061790,0,3.11,6.57,1.89,8.42
"16k",4,16,139447,0.000137330,0,3.03,6.50,1.70,8.73
"16k",4,32,139011,0.000406480,0,2.91,6.52,1.77,8.56
"16k",4,64,130611,0.000640910,0,2.89,6.70,1.48,8.70
"16k",8,8,87521,0.000111070,0,2.24,7.06,1.61,9.03
"16k",8,16,98412,0.000197440,0,2.24,6.84,1.70,9.14
"16k",8,32,103802,0.000380320,0,2.50,6.80,1.58,9.09
"16k",8,64,117727,0.000626580,0,2.66,6.74,1.61,8.75
"64k",2,2,72781,0.000031630,0,2.75,7.03,1.70,8.46
"64k",2,4,78466,0.000049560,0,2.67,7.07,1.64,8.59
"64k",2,8,65204,0.000214730,0,2.52,6.58,1.34,8.37
"64k",2,16,71742,0.000354490,0,2.58,6.48,1.35,8.26
"64k",2,32,68820,0.000595980,0,2.50,6.82,1.34,8.44
"64k",2,64,67111,0.000960000,0,2.72,6.74,1.23,8.54
"64k",4,4,66557,0.000069060,0,2.50,7.03,1.45,8.98
"64k",4,8,55277,0.000161050,0,1.84,7.62,1.24,9.28
"64k",4,16,53134,0.000330330,0,1.89,7.68,1.17,9.18
"64k",4,32,42794,0.000837240,0,2.46,7.21,0.98,9.00
"64k",4,64,61956,0.001080000,0,3.36,6.69,1.23,8.49
"64k",8,8,60231,0.000143310,0,1.93,7.47,1.47,9.08
"64k",8,16,70305,0.000245310,0,2.18,6.73,1.77,9.30
"64k",8,32,57525,0.000704070,0,2.35,6.99,1.32,9.26
"64k",8,64,44168,0.001540000,0,2.59,7.41,1.05,8.66
"256k",2,2,31462,0.000070000,0,2.61,7.03,1.49,8.82
"256k",2,4,25910,0.000234600,0,2.23,6.92,1.17,7.42
"256k",2,8,23233,0.000396360,0,2.38,7.16,1.13,8.25
"256k",2,16,28474,0.000662480,0,2.45,7.36,1.32,8.21
"256k",2,32,22283,0.001390000,0,2.55,7.82,1.06,8.14
"256k",4,4,27271,0.000177420,0,2.52,7.43,1.46,8.33
"256k",4,8,27035,0.000400900,0,2.37,7.38,1.32,8.60
"256k",4,16,19288,0.000940000,0,1.80,8.26,0.89,8.81
"256k",4,32,23595,0.001380000,0,2.70,7.61,1.22,8.27
"256k",8,8,20168,0.000446900,0,1.79,8.13,1.16,8.66
"256k",8,16,19352,0.001030000,0,2.56,7.55,1.10,8.44
"256k",8,32,18611,0.001760000,0,2.40,8.03,1.02,8.31
"512k",2,2,14435,0.000145260,0,2.54,7.49,1.49,8.42
"512k",2,4,15467,0.000281960,0,2.57,7.20,1.27,8.25
"512k",2,8,12470,0.000648430,0,2.15,7.84,1.08,8.23
"512k",2,16,12779,0.001240000,0,2.56,7.74,1.11,8.05
"512k",2,32,12066,0.002360000,0,3.52,7.27,0.95,8.13
"512k",4,4,12576,0.000324660,0,2.00,7.97,1.09,8.84
"512k",4,8,12885,0.000661490,0,2.09,7.89,1.11,8.68
"512k",4,16,13992,0.001160000,0,2.92,7.43,1.22,8.21
"512k",4,32,11118,0.002770000,0,3.82,7.04,1.04,7.92
"512k",8,8,15789,0.000514000,0,2.26,7.43,1.49,8.77
"512k",8,16,14717,0.001160000,0,2.62,7.69,1.29,8.18
"512k",8,32,12551,0.002540000,0,3.15,7.69,1.09,7.88
