---
system-info:
      stress-ng-version: 0.17.08
      run-by: root
      date-yyyy-mm-dd: 2024:06:19
      time-hh-mm-ss: 13:45:55
      epoch-secs: 1718804755
      hostname: 58b992907bb5
      sysname: Linux
      nodename: 58b992907bb5
      release: 6.8.0-1008-gcp
      version: '#9-Ubuntu SMP Wed May 22 18:09:04 UTC 2024'
      machine: x86_64
      compiler: 'musl-gcc 13.2.1'
      uptime: 155
      totalram: 33652195328
      freeram: 28544389120
      sharedram: 34992128
      bufferram: 127479808
      totalswap: 0
      freeswap: 0
      pagesize: 4096
      cpus: 8
      cpus-online: 8
      ticks-per-second: 100

metrics:
    - stressor: cpu
      bogo-ops: 58533
      bogo-ops-per-second-usr-sys-time: 2926.652195
      bogo-ops-per-second-real-time: 2926.643406
      wall-clock-time: 20.000045
      user-time: 19.999985
      system-time: 0.000000
      cpu-usage-per-instance: 99.999700
      max-rss: 1104

...
