BaselineInfo:
  WebDBID: -1
  TimeStamp: 20251216110656
Version:
  Major: 11
  Minor: 0
  Build: 1002
  SpecialBuildName: ""
  ptArchitecture: x86_64_linux
Results:
  Results Complete: true
  NumTestProcesses: 4
  CPU_INTEGER_MATH: 24092.808666666668
  CPU_FLOATINGPOINT_MATH: 22174.528097301358
  CPU_PRIME: 77.679549119907307
  CPU_SORTING: 15485.795533485751
  CPU_ENCRYPTION: 5204.4011483937466
  CPU_COMPRESSION: 104375.81954959266
  CPU_SINGLETHREAD: 2941.232887926451
  CPU_PHYSICS: 1412.1169105039057
  CPU_MATRIX_MULT_SSE: 9655.4490215010919
  CPU_mm: 1041.7365092107827
  CPU_sse: 4700.7070155951733
  CPU_fma: 13637.44608879455
  CPU_avx: 10628.193960113551
  CPU_avx512: 0
  m_CPU_enc_SHA: 7175937272.8629875
  m_CPU_enc_AES: 4568891617.3505402
  m_CPU_enc_ECDSA: 4626801525.520833
  ME_ALLOC_S: 4392.4004019208796
  ME_READ_S: 27868.690820312499
  ME_READ_L: 25731.21875
  ME_WRITE: 24369.7578125
  ME_LARGE: 19450.416666666668
  ME_LATENCY: 69.48604664841551
  ME_THREADED: 101044.810546875
  SUMM_CPU: 10671.632797374981
  SUMM_ME: 2742.2389122736558
SystemInformation:
  OSName: Ubuntu 24.04.2 LTS
  Kernel: 6.8.0-86-generic
  Device: ""
  Processor: AMD EPYC-Milan Processor
  NumSockets: 4
  Manufacturer: AuthenticAMD
  NumCores: 4
  NumLogicals: 4
  CPUFrequency: 0
  Memory: 31341
  MemModuleInfo:
    iNumMemSticks: 1
    DIMM 1:
      manufacturer: QEMU
      modulePartNo: Not Specified
      memType: RAM
      size: 32000
      clkspeed: 0
      moduleVoltage: 0
Checksum: 3C0B4C8C2B466263103A3F4425853B7D2D7E7F2C