---
system-info:
      stress-ng-version: 0.17.08
      run-by: root
      date-yyyy-mm-dd: 2024:06:13
      time-hh-mm-ss: 03:42:45
      epoch-secs: 1718250165
      hostname: bcc9c7310a33
      sysname: Linux
      nodename: bcc9c7310a33
      release: 6.8.0-1008-aws
      version: '#8-Ubuntu SMP Sat Apr 20 00:46:25 UTC 2024'
      machine: x86_64
      compiler: 'musl-gcc 13.2.1'
      uptime: 170
      totalram: 128684695552
      freeram: 124165439488
      sharedram: 32837632
      bufferram: 112877568
      totalswap: 0
      freeswap: 0
      pagesize: 4096
      cpus: 16
      cpus-online: 16
      ticks-per-second: 100

metrics:
    - stressor: cpu
      bogo-ops: 14792
      bogo-ops-per-second-usr-sys-time: 739.642271
      bogo-ops-per-second-real-time: 739.592691
      wall-clock-time: 20.000198
      user-time: 19.997858
      system-time: 0.000999
      cpu-usage-per-instance: 99.993297
      max-rss: 1104

...
