---
system-info:
      stress-ng-version: 0.17.08
      run-by: root
      date-yyyy-mm-dd: 2024:06:06
      time-hh-mm-ss: 19:56:41
      epoch-secs: 1717703801
      hostname: 00c0f6a63fb0
      sysname: Linux
      nodename: 00c0f6a63fb0
      release: 6.8.0-1008-aws
      version: '#8-Ubuntu SMP Sat Apr 20 00:46:25 UTC 2024'
      machine: x86_64
      compiler: 'musl-gcc 13.2.1'
      uptime: 149
      totalram: 128684675072
      freeram: 124386328576
      sharedram: 32837632
      bufferram: 86421504
      totalswap: 0
      freeswap: 0
      pagesize: 4096
      cpus: 16
      cpus-online: 16
      ticks-per-second: 100

metrics:
    - stressor: cpu
      bogo-ops: 11776
      bogo-ops-per-second-usr-sys-time: 1177.627556
      bogo-ops-per-second-real-time: 1177.574957
      wall-clock-time: 10.000213
      user-time: 9.998767
      system-time: 0.000999
      cpu-usage-per-instance: 99.995533
      max-rss: 3920

...
