---
system-info:
      stress-ng-version: 0.17.08
      run-by: root
      date-yyyy-mm-dd: 2024:09:16
      time-hh-mm-ss: 21:10:15
      epoch-secs: 1726521015
      hostname: sc-runner
      sysname: Linux
      nodename: sc-runner
      release: 6.8.0-1014-azure
      version: '#16-Ubuntu SMP Thu Aug 15 20:04:41 UTC 2024'
      machine: x86_64
      compiler: 'musl-gcc 13.2.1'
      uptime: 266
      totalram: 135065268224
      freeram: 124686483456
      sharedram: 55005184
      bufferram: 232669184
      totalswap: 0
      freeswap: 0
      pagesize: 4096
      cpus: 16
      cpus-online: 16
      ticks-per-second: 100

metrics:
    - stressor: cpu
      bogo-ops: 310659
      bogo-ops-per-second-usr-sys-time: 972.011455
      bogo-ops-per-second-real-time: 15532.872276
      wall-clock-time: 20.000100
      user-time: 319.592267
      system-time: 0.011991
      cpu-usage-per-instance: 99.875831
      max-rss: 976

...
