BaselineInfo:
  WebDBID: -1
  TimeStamp: 20241107173813
Version:
  Major: 11
  Minor: 0
  Build: 1002
  SpecialBuildName: ""
  ptArchitecture: x86_64_linux
Results:
  Results Complete: true
  NumTestProcesses: 4
  CPU_INTEGER_MATH: 12399.747666666666
  CPU_FLOATINGPOINT_MATH: 6627.9221441128848
  CPU_PRIME: 25.608673242999835
  CPU_SORTING: 6624.8977444263437
  CPU_ENCRYPTION: 1707.1631629093094
  CPU_COMPRESSION: 55201.834299374023
  CPU_SINGLETHREAD: 2005.7167748581596
  CPU_PHYSICS: 495.0311407805284
  CPU_MATRIX_MULT_SSE: 3634.2092878618814
  CPU_mm: 375.97189432690254
  CPU_sse: 1343.7576672427697
  CPU_fma: 4442.6096032278892
  CPU_avx: 3134.990165465309
  CPU_avx512: 5615.4797155115593
  m_CPU_enc_SHA: 559695738.7928586
  m_CPU_enc_AES: 4309711911.3575706
  m_CPU_enc_ECDSA: 500863311.98194671
  ME_ALLOC_S: 1348.400845955216
  ME_READ_S: 23687.410546874999
  ME_READ_L: 10966.294921875
  ME_WRITE: 8736.3857421875
  ME_LARGE: 22132
  ME_LATENCY: 60.801961100410608
  ME_THREADED: 21106.306640625
  SUMM_CPU: 4396.2815425549707
  SUMM_ME: 1994.9881755082458
SystemInformation:
  OSName: Ubuntu 24.04.1 LTS
  Kernel: 6.8.0-1017-azure
  Device: ""
  Processor: Intel Xeon Platinum 8272CL CPU @ 2.60GHz
  NumSockets: 1
  Manufacturer: GenuineIntel
  NumCores: 2
  NumLogicals: 4
  CPUFrequency: 0
  Memory: 32093
  MemModuleInfo:
    iNumMemSticks: 2
    DIMM 1:
      manufacturer: Microsoft Corporation
      modulePartNo: None
      memType: Unknown
      size: 1
      clkspeed: 0
      moduleVoltage: 0
    DIMM 2:
      manufacturer: Microsoft Corporation
      modulePartNo: None
      memType: Unknown
      size: 31
      clkspeed: 0
      moduleVoltage: 0
Checksum: 9B663C3311140028A3EBDF1031308BA7D836F3DD