BaselineInfo:
  WebDBID: -1
  TimeStamp: 20241109235826
Version:
  Major: 11
  Minor: 0
  Build: 1002
  SpecialBuildName: ""
  ptArchitecture: x86_64_linux
Results:
  Results Complete: true
  NumTestProcesses: 64
  CPU_INTEGER_MATH: 269431.91233333328
  CPU_FLOATINGPOINT_MATH: 137744.88999483845
  CPU_PRIME: 392.93556838367522
  CPU_SORTING: 137674.48964579753
  CPU_ENCRYPTION: 58489.872684975002
  CPU_COMPRESSION: 973147.54230447626
  CPU_SINGLETHREAD: 2429.4233824904877
  CPU_PHYSICS: 6748.5388252274824
  CPU_MATRIX_MULT_SSE: 58327.174710673651
  CPU_mm: 5802.2861598513455
  CPU_sse: 25567.551884659955
  CPU_fma: 70193.41030243205
  CPU_avx: 51838.680181188603
  CPU_avx512: 85709.05647441397
  m_CPU_enc_SHA: 59088352083.870178
  m_CPU_enc_AES: 88964431864.398804
  m_CPU_enc_ECDSA: 35940446273.291985
  ME_ALLOC_S: 30548.211285488414
  ME_READ_S: 24244.4111328125
  ME_READ_L: 12881.9228515625
  ME_WRITE: 11400.1220703125
  ME_LARGE: 503435.16666666669
  ME_LATENCY: 51.317166247517946
  ME_THREADED: 241179.18920898438
  SUMM_CPU: 61253.495713891723
  SUMM_ME: 2913.0167853305252
SystemInformation:
  OSName: Ubuntu 24.04.1 LTS
  Kernel: 6.8.0-1017-azure
  Device: ""
  Processor: Intel Xeon Platinum 8370C CPU @ 2.80GHz
  NumSockets: 2
  Manufacturer: GenuineIntel
  NumCores: 32
  NumLogicals: 64
  CPUFrequency: 2800
  Memory: 515957
  MemModuleInfo:
    iNumMemSticks: 4
    DIMM 1:
      manufacturer: Microsoft Corporation
      modulePartNo: None
      memType: Unknown
      size: 1
      clkspeed: 0
      moduleVoltage: 0
    DIMM 2:
      manufacturer: Microsoft Corporation
      modulePartNo: None
      memType: Unknown
      size: 60928
      clkspeed: 0
      moduleVoltage: 0
    DIMM 3:
      manufacturer: Microsoft Corporation
      modulePartNo: None
      memType: Unknown
      size: 200192
      clkspeed: 0
      moduleVoltage: 0
    DIMM 4:
      manufacturer: Microsoft Corporation
      modulePartNo: None
      memType: Unknown
      size: 256
      clkspeed: 0
      moduleVoltage: 0
Checksum: 823D850625E473477DC6AF0B9EA141147BC94756