BaselineInfo:
  WebDBID: -1
  TimeStamp: 20241107184731
Version:
  Major: 11
  Minor: 0
  Build: 1002
  SpecialBuildName: ""
  ptArchitecture: aarch64_linux
Results:
  Results Complete: true
  NumTestProcesses: 8
  CPU_INTEGER_MATH: 37684.409666666666
  CPU_FLOATINGPOINT_MATH: 28697.733905202494
  CPU_PRIME: 66.983119961536602
  CPU_SORTING: 27337.949085489723
  CPU_ENCRYPTION: 1305.2030731054374
  CPU_COMPRESSION: 44783.885635450293
  CPU_SINGLETHREAD: 1330.7781541052113
  CPU_PHYSICS: 1165.5266622587048
  CPU_MATRIX_MULT_SSE: 5963.582257208267
  CPU_mm: 993.31294283378429
  CPU_sse: 4992.1156496830017
  CPU_fma: 6935.0488647335314
  CPU_avx: 0
  CPU_avx512: 0
  m_CPU_enc_SHA: 1962173723.5279443
  m_CPU_enc_AES: 906911077.97644436
  m_CPU_enc_ECDSA: 1236729051.2494323
  ME_ALLOC_S: 5718.6986308806945
  ME_READ_S: 11369.4771484375
  ME_READ_L: 8765.8359375
  ME_WRITE: 14818.1328125
  ME_LARGE: 53989.833333333336
  ME_LATENCY: 71.718972404662154
  ME_THREADED: 64702.88623046875
  SUMM_CPU: 6226.5452894203981
  SUMM_ME: 1867.2637746948556
SystemInformation:
  OSName: Ubuntu 24.04.1 LTS
  Kernel: 6.8.0-1017-azure
  Device: ""
  Processor: ARM Neoverse-N1 8 Core 0 MHz
  NumSockets: 1
  Manufacturer: ARM
  NumCores: 8
  NumLogicals: 8
  CPUFrequency: 0
  Memory: 64173
Checksum: 27290F76F1984D6E94C959258E68316B7162302E