BaselineInfo:
  WebDBID: -1
  TimeStamp: 20250103063244
Version:
  Major: 11
  Minor: 0
  Build: 1002
  SpecialBuildName: ""
  ptArchitecture: x86_64_linux
Results:
  Results Complete: true
  NumTestProcesses: 20
  CPU_INTEGER_MATH: 95009.194333333333
  CPU_FLOATINGPOINT_MATH: 53154.187212484088
  CPU_PRIME: 218.54549669494236
  CPU_SORTING: 57304.632858964505
  CPU_ENCRYPTION: 24131.762951925044
  CPU_COMPRESSION: 387585.09881978802
  CPU_SINGLETHREAD: 2905.9443934092892
  CPU_PHYSICS: 3490.23932561724
  CPU_MATRIX_MULT_SSE: 27371.111874196726
  CPU_mm: 2545.1337926524566
  CPU_sse: 11152.968672976767
  CPU_fma: 35148.319842514538
  CPU_avx: 28947.788243841274
  CPU_avx512: 34235.370737454345
  m_CPU_enc_SHA: 33735063630.498539
  m_CPU_enc_AES: 22893113051.910885
  m_CPU_enc_ECDSA: 19283785724.823845
  ME_ALLOC_S: 9636.6039314681657
  ME_READ_S: 27896.118359374999
  ME_READ_L: 27557.748046875
  ME_WRITE: 26831.330078125
  ME_LARGE: 149672.83333333334
  ME_LATENCY: 77.53157883389116
  ME_THREADED: 78755.9365234375
  SUMM_CPU: 32615.1765605771
  SUMM_ME: 2732.6455673623636
SystemInformation:
  OSName: Ubuntu 24.04.1 LTS
  Kernel: 6.8.0-1017-azure
  Device: ""
  Processor: AMD EPYC 9V74 80-Core Processor
  NumSockets: 1
  Manufacturer: AuthenticAMD
  NumCores: 10
  NumLogicals: 20
  CPUFrequency: 0
  Memory: 161159
  MemModuleInfo:
    iNumMemSticks: 4
    DIMM 1:
      manufacturer: Microsoft Corporation
      modulePartNo: None
      memType: Unknown
      size: 1
      clkspeed: 0
      moduleVoltage: 0
    DIMM 2:
      manufacturer: Microsoft Corporation
      modulePartNo: None
      memType: Unknown
      size: 59
      clkspeed: 0
      moduleVoltage: 0
    DIMM 3:
      manufacturer: Microsoft Corporation
      modulePartNo: None
      memType: Unknown
      size: 20
      clkspeed: 0
      moduleVoltage: 0
    DIMM 4:
      manufacturer: Microsoft Corporation
      modulePartNo: None
      memType: Unknown
      size: 80
      clkspeed: 0
      moduleVoltage: 0
Checksum: FFEA3DB2B4722C079E40A667E810135C0FC9E793