---
system-info:
      stress-ng-version: 0.17.08
      run-by: root
      date-yyyy-mm-dd: 2024:06:08
      time-hh-mm-ss: 15:56:12
      epoch-secs: 1717862172
      hostname: e48e7c0991eb
      sysname: Linux
      nodename: e48e7c0991eb
      release: 6.8.0-1008-aws
      version: '#8-Ubuntu SMP Sat Apr 20 00:46:25 UTC 2024'
      machine: x86_64
      compiler: 'musl-gcc 13.2.1'
      uptime: 105
      totalram: 65976565760
      freeram: 61487480832
      sharedram: 36909056
      bufferram: 102903808
      totalswap: 0
      freeswap: 0
      pagesize: 4096
      cpus: 16
      cpus-online: 16
      ticks-per-second: 100

metrics:
    - stressor: cpu
      bogo-ops: 206243
      bogo-ops-per-second-usr-sys-time: 1290.409868
      bogo-ops-per-second-real-time: 20620.427928
      wall-clock-time: 10.001878
      user-time: 159.804527
      system-time: 0.022986
      cpu-usage-per-instance: 99.873442
      max-rss: 3920

...
