---
system-info:
      stress-ng-version: 0.17.08
      run-by: root
      date-yyyy-mm-dd: 2024:06:14
      time-hh-mm-ss: 22:19:30
      epoch-secs: 1718403570
      hostname: 4234dd18dbf9
      sysname: Linux
      nodename: 4234dd18dbf9
      release: 6.8.0-1008-aws
      version: '#8-Ubuntu SMP Sat Apr 20 00:46:25 UTC 2024'
      machine: x86_64
      compiler: 'musl-gcc 13.2.1'
      uptime: 114
      totalram: 65976569856
      freeram: 61541154816
      sharedram: 36909056
      bufferram: 108630016
      totalswap: 0
      freeswap: 0
      pagesize: 4096
      cpus: 16
      cpus-online: 16
      ticks-per-second: 100

metrics:
    - stressor: cpu
      bogo-ops: 477991
      bogo-ops-per-second-usr-sys-time: 1494.997150
      bogo-ops-per-second-real-time: 23899.504540
      wall-clock-time: 20.000038
      user-time: 319.707038
      system-time: 0.019993
      cpu-usage-per-instance: 99.914507
      max-rss: 1104

...
