---
system-info:
      stress-ng-version: 0.17.08
      run-by: root
      date-yyyy-mm-dd: 2024:06:26
      time-hh-mm-ss: 19:54:03
      epoch-secs: 1719431643
      hostname: g2-standard-12-be6bd21
      sysname: Linux
      nodename: g2-standard-12-be6bd21
      release: 6.8.0-1009-gcp
      version: '#10-Ubuntu SMP Wed Jun 12 18:52:23 UTC 2024'
      machine: x86_64
      compiler: 'musl-gcc 13.2.1'
      uptime: 229
      totalram: 50511851520
      freeram: 42657824768
      sharedram: 41832448
      bufferram: 117243904
      totalswap: 0
      freeswap: 0
      pagesize: 4096
      cpus: 12
      cpus-online: 12
      ticks-per-second: 100

metrics:
    - stressor: cpu
      bogo-ops: 24008
      bogo-ops-per-second-usr-sys-time: 1200.544546
      bogo-ops-per-second-real-time: 1200.397739
      wall-clock-time: 20.000038
      user-time: 19.997592
      system-time: 0.000000
      cpu-usage-per-instance: 99.987772
      max-rss: 976

...
