"size","threads","connections","rps","latency","failed","server_usr","server_sys","client_usr","client_sys"
"1k",4,4,132141,0.000030460,0,4.48,14.91,3.62,17.17
"1k",4,8,117211,0.000065060,0,3.89,15.80,2.90,17.11
"1k",4,16,130865,0.000115300,0,4.40,14.90,3.04,16.57
"1k",4,32,143473,0.000321910,0,4.29,14.99,2.99,16.70
"1k",4,64,152863,0.000617570,0,4.02,15.52,3.02,16.98
"1k",4,128,153957,0.000980000,0,4.15,15.60,2.95,17.09
"1k",8,8,107255,0.000076080,0,3.25,15.20,3.13,17.93
"1k",8,16,129364,0.000127000,0,3.61,15.11,3.21,18.25
"1k",8,32,135047,0.000253120,0,3.43,15.16,3.36,18.26
"1k",8,64,138607,0.000606490,0,3.36,14.97,3.37,18.17
"1k",8,128,142145,0.001070000,0,3.53,15.02,3.26,18.13
"1k",16,16,120627,0.000137970,0,3.19,14.80,3.51,18.58
"1k",16,32,123121,0.000304390,0,3.01,14.71,3.49,19.00
"1k",16,64,123794,0.000663780,0,3.01,14.63,3.37,18.90
"1k",16,128,134954,0.001070000,0,3.39,14.73,3.47,18.67
"16k",4,4,112506,0.000035480,0,4.29,13.55,4.31,17.91
"16k",4,8,92433,0.000091940,0,3.71,15.28,3.51,16.80
"16k",4,16,95672,0.000151230,0,3.87,15.38,3.49,16.19
"16k",4,32,103068,0.000298580,0,3.76,15.74,3.54,16.61
"16k",4,64,104721,0.000628400,0,3.58,16.21,3.39,16.40
"16k",4,128,107887,0.001130000,0,3.82,15.80,3.29,16.76
"16k",8,8,96198,0.000086910,0,3.53,14.89,3.95,17.83
"16k",8,16,98903,0.000161510,0,3.28,15.28,3.69,17.93
"16k",8,32,101202,0.000318770,0,3.09,15.17,3.76,18.17
"16k",8,64,103649,0.000709480,0,3.08,15.22,3.63,17.92
"16k",8,128,106199,0.001300000,0,3.15,15.29,3.71,17.83
"16k",16,16,93744,0.000175490,0,3.06,15.11,3.96,17.94
"16k",16,32,94521,0.000401080,0,2.78,14.85,3.86,18.65
"16k",16,64,96906,0.000796700,0,2.80,14.74,3.83,18.52
"16k",16,128,100735,0.001340000,0,2.98,14.88,3.86,18.36
"64k",4,4,59268,0.000067490,0,3.45,14.07,4.68,17.67
"64k",4,8,48079,0.000152360,0,3.64,15.31,3.73,16.09
"64k",4,16,45301,0.000324220,0,2.94,17.55,3.36,15.58
"64k",4,32,46083,0.000633960,0,2.66,18.24,3.36,15.29
"64k",4,64,47015,0.001240000,0,2.76,18.26,3.14,15.36
"64k",4,128,50043,0.002270000,0,2.69,18.21,3.35,15.60
"64k",8,8,50939,0.000159920,0,3.02,15.78,4.02,17.38
"64k",8,16,49193,0.000318750,0,2.57,16.53,3.75,17.34
"64k",8,32,46383,0.000767650,0,2.44,17.13,3.48,16.81
"64k",8,64,49040,0.001350000,0,2.39,17.12,3.58,16.86
"64k",8,128,48346,0.002560000,0,2.58,17.50,3.54,16.43
"64k",16,16,50123,0.000333300,0,2.56,15.73,4.01,17.86
"64k",16,32,46610,0.000784290,0,2.17,16.63,3.89,17.20
"64k",16,64,45356,0.001450000,0,2.27,16.98,3.73,16.99
"64k",16,128,46838,0.002720000,0,2.43,17.11,3.53,16.98
"256k",4,4,24095,0.000166390,0,3.57,12.71,5.44,18.26
"256k",4,8,17649,0.000420410,0,2.61,18.65,3.97,14.85
"256k",4,16,15654,0.000980000,0,2.51,19.98,3.45,13.39
"256k",4,32,15675,0.001890000,0,1.96,20.94,3.40,13.58
"256k",4,64,16808,0.003410000,0,2.22,20.78,3.43,13.69
"256k",8,8,18666,0.000442150,0,2.04,18.22,4.26,15.64
"256k",8,16,15681,0.001080000,0,1.71,19.95,3.64,14.56
"256k",8,32,14967,0.002100000,0,1.83,20.61,3.46,14.05
"256k",8,64,15163,0.004090000,0,2.09,20.85,3.36,13.76
"256k",16,16,16491,0.001010000,0,1.60,19.26,3.92,15.07
"256k",16,32,15110,0.002130000,0,1.87,20.01,3.56,14.51
"256k",16,64,15164,0.004180000,0,2.14,20.08,3.47,14.36
"512k",4,4,12415,0.000321060,0,2.16,15.58,5.36,17.03
"512k",4,8,8510,0.000880000,0,3.03,19.64,3.53,13.36
"512k",4,16,7928,0.001880000,0,2.98,20.63,3.25,12.74
"512k",4,32,8473,0.003400000,0,2.30,21.37,3.57,12.83
"512k",4,64,8681,0.006840000,0,3.20,20.11,3.46,13.29
"512k",8,8,9290,0.000870000,0,1.80,19.72,3.94,14.35
"512k",8,16,8351,0.001900000,0,1.40,20.99,3.66,13.87
"512k",8,32,8132,0.003830000,0,1.80,21.31,3.56,13.41
"512k",8,64,8114,0.007700000,0,2.60,20.97,3.43,13.18
"512k",16,16,8504,0.001900000,0,1.67,20.15,3.69,14.42
"512k",16,32,8137,0.003900000,0,1.86,20.74,3.56,13.85
"512k",16,64,8291,0.007670000,0,2.57,20.05,3.57,13.83
