BaselineInfo:
  WebDBID: -1
  TimeStamp: 20241114230154
Version:
  Major: 11
  Minor: 0
  Build: 1002
  SpecialBuildName: ""
  ptArchitecture: x86_64_linux
Results:
  Results Complete: true
  NumTestProcesses: 2
  CPU_INTEGER_MATH: 8362.498333333333
  CPU_FLOATINGPOINT_MATH: 4281.014917639558
  CPU_PRIME: 18.334230679553269
  CPU_SORTING: 4364.2125685019801
  CPU_ENCRYPTION: 1820.9265330857252
  CPU_COMPRESSION: 32293.501836842224
  CPU_SINGLETHREAD: 2372.5973549287078
  CPU_PHYSICS: 365.83005188812024
  CPU_MATRIX_MULT_SSE: 1737.38523336765
  CPU_mm: 180.58645429177778
  CPU_sse: 790.81971788579176
  CPU_fma: 2179.2974336395891
  CPU_avx: 1612.2626205499589
  CPU_avx512: 2367.1611613952605
  m_CPU_enc_SHA: 1835155632.9366727
  m_CPU_enc_AES: 2755176641.9054356
  m_CPU_enc_ECDSA: 1137807306.2285838
  ME_ALLOC_S: 0
  ME_READ_S: 0
  ME_READ_L: 0
  ME_WRITE: 0
  ME_LARGE: 0
  ME_LATENCY: 0
  ME_THREADED: 0
  SUMM_CPU: 3004.994999688618
  SUMM_ME: 0
SystemInformation:
  OSName: Ubuntu 24.04.1 LTS
  Kernel: 6.8.0-1017-azure
  Device: ""
  Processor: Intel Xeon Platinum 8370C CPU @ 2.80GHz
  NumSockets: 1
  Manufacturer: GenuineIntel
  NumCores: 1
  NumLogicals: 2
  CPUFrequency: 2800
  Memory: 891
  MemModuleInfo:
    iNumMemSticks: 1
    DIMM 1:
      manufacturer: Microsoft Corporation
      modulePartNo: None
      memType: Unknown
      size: 1
      clkspeed: 0
      moduleVoltage: 0
Checksum: CB7D572F8489C86401AD7FB6050603A0697089EB