BaselineInfo:
  WebDBID: -1
  TimeStamp: 20241115081613
Version:
  Major: 11
  Minor: 0
  Build: 1002
  SpecialBuildName: ""
  ptArchitecture: x86_64_linux
Results:
  Results Complete: true
  NumTestProcesses: 2
  CPU_INTEGER_MATH: 8364.5336666666662
  CPU_FLOATINGPOINT_MATH: 4283.3868652274596
  CPU_PRIME: 18.164238510465005
  CPU_SORTING: 4378.202657534971
  CPU_ENCRYPTION: 1816.7769439180479
  CPU_COMPRESSION: 32385.45233970142
  CPU_SINGLETHREAD: 2380.4832165827438
  CPU_PHYSICS: 365.14465555694017
  CPU_MATRIX_MULT_SSE: 1670.3744713085807
  CPU_mm: 180.32388280898891
  CPU_sse: 786.87373122357462
  CPU_fma: 2169.5298459686073
  CPU_avx: 1593.7405794261758
  CPU_avx512: 2131.3537286159649
  m_CPU_enc_SHA: 1834676692.8764138
  m_CPU_enc_AES: 2757086049.2935724
  m_CPU_enc_ECDSA: 1123323360.0674477
  ME_ALLOC_S: 0
  ME_READ_S: 0
  ME_READ_L: 0
  ME_WRITE: 0
  ME_LARGE: 0
  ME_LATENCY: 0
  ME_THREADED: 0
  SUMM_CPU: 2987.7351114275843
  SUMM_ME: 0
SystemInformation:
  OSName: Ubuntu 24.04.1 LTS
  Kernel: 6.8.0-1017-azure
  Device: ""
  Processor: Intel Xeon Platinum 8370C CPU @ 2.80GHz
  NumSockets: 1
  Manufacturer: GenuineIntel
  NumCores: 1
  NumLogicals: 2
  CPUFrequency: 2800
  Memory: 891
  MemModuleInfo:
    iNumMemSticks: 1
    DIMM 1:
      manufacturer: Microsoft Corporation
      modulePartNo: None
      memType: Unknown
      size: 1
      clkspeed: 0
      moduleVoltage: 0
Checksum: 38E57674BDFD710CA6893FF1C298947C84D1EB39