BaselineInfo:
  WebDBID: -1
  TimeStamp: 20241115102815
Version:
  Major: 11
  Minor: 0
  Build: 1002
  SpecialBuildName: ""
  ptArchitecture: x86_64_linux
Results:
  Results Complete: true
  NumTestProcesses: 2
  CPU_INTEGER_MATH: 8380.5086666666666
  CPU_FLOATINGPOINT_MATH: 4285.0080515470036
  CPU_PRIME: 18.559823352012724
  CPU_SORTING: 4390.1209075423276
  CPU_ENCRYPTION: 1809.7505007033656
  CPU_COMPRESSION: 32161.027144339903
  CPU_SINGLETHREAD: 2384.6617682068772
  CPU_PHYSICS: 370.96974531865214
  CPU_MATRIX_MULT_SSE: 1758.7816683617677
  CPU_mm: 180.70713683516024
  CPU_sse: 792.25503442658214
  CPU_fma: 2183.7443122411973
  CPU_avx: 1613.4368393342063
  CPU_avx512: 2445.6904874450856
  m_CPU_enc_SHA: 1834338403.1497145
  m_CPU_enc_AES: 2759662716.7117367
  m_CPU_enc_ECDSA: 1098981703.2151456
  ME_ALLOC_S: 0
  ME_READ_S: 0
  ME_READ_L: 0
  ME_WRITE: 0
  ME_LARGE: 0
  ME_LATENCY: 0
  ME_THREADED: 0
  SUMM_CPU: 3012.6079769032617
  SUMM_ME: 0
SystemInformation:
  OSName: Ubuntu 24.04.1 LTS
  Kernel: 6.8.0-1017-azure
  Device: ""
  Processor: Intel Xeon Platinum 8370C CPU @ 2.80GHz
  NumSockets: 1
  Manufacturer: GenuineIntel
  NumCores: 1
  NumLogicals: 2
  CPUFrequency: 2800
  Memory: 891
  MemModuleInfo:
    iNumMemSticks: 1
    DIMM 1:
      manufacturer: Microsoft Corporation
      modulePartNo: None
      memType: Unknown
      size: 1
      clkspeed: 0
      moduleVoltage: 0
Checksum: A080E9750BDAB7429E97DB49283E0952D5A9F7C4