BaselineInfo:
  WebDBID: -1
  TimeStamp: 20241114183417
Version:
  Major: 11
  Minor: 0
  Build: 1002
  SpecialBuildName: ""
  ptArchitecture: x86_64_linux
Results:
  Results Complete: true
  NumTestProcesses: 2
  CPU_INTEGER_MATH: 8370.2373333333326
  CPU_FLOATINGPOINT_MATH: 4283.8690671442582
  CPU_PRIME: 18.174495533318058
  CPU_SORTING: 4377.8551776690656
  CPU_ENCRYPTION: 1822.2322681775531
  CPU_COMPRESSION: 32132.118359292122
  CPU_SINGLETHREAD: 2376.2592264478203
  CPU_PHYSICS: 363.48247378839807
  CPU_MATRIX_MULT_SSE: 1675.011672319868
  CPU_mm: 180.47537712734996
  CPU_sse: 791.1985511431435
  CPU_fma: 2182.4784531926161
  CPU_avx: 1612.0637973086386
  CPU_avx512: 2114.3058876350733
  m_CPU_enc_SHA: 1834223341.7327092
  m_CPU_enc_AES: 2755409547.628541
  m_CPU_enc_ECDSA: 1142614179.1483884
  ME_ALLOC_S: 0
  ME_READ_S: 0
  ME_READ_L: 0
  ME_WRITE: 0
  ME_LARGE: 0
  ME_LATENCY: 0
  ME_THREADED: 0
  SUMM_CPU: 2985.9031703509013
  SUMM_ME: 0
SystemInformation:
  OSName: Ubuntu 24.04.1 LTS
  Kernel: 6.8.0-1017-azure
  Device: ""
  Processor: Intel Xeon Platinum 8370C CPU @ 2.80GHz
  NumSockets: 1
  Manufacturer: GenuineIntel
  NumCores: 1
  NumLogicals: 2
  CPUFrequency: 2800
  Memory: 891
  MemModuleInfo:
    iNumMemSticks: 1
    DIMM 1:
      manufacturer: Microsoft Corporation
      modulePartNo: None
      memType: Unknown
      size: 1
      clkspeed: 0
      moduleVoltage: 0
Checksum: FA73068B68137468BF7BDD7717EF32198553B886