BaselineInfo:
  WebDBID: -1
  TimeStamp: 20241114204746
Version:
  Major: 11
  Minor: 0
  Build: 1002
  SpecialBuildName: ""
  ptArchitecture: x86_64_linux
Results:
  Results Complete: true
  NumTestProcesses: 2
  CPU_INTEGER_MATH: 8371.2076666666653
  CPU_FLOATINGPOINT_MATH: 4282.2223560195907
  CPU_PRIME: 17.749484069349172
  CPU_SORTING: 4386.1124778843387
  CPU_ENCRYPTION: 1816.7500918694141
  CPU_COMPRESSION: 32444.634129839767
  CPU_SINGLETHREAD: 2366.2025569920606
  CPU_PHYSICS: 362.27321920849056
  CPU_MATRIX_MULT_SSE: 1749.3100345863988
  CPU_mm: 180.58114732306368
  CPU_sse: 791.75131775406396
  CPU_fma: 2183.1057021181959
  CPU_avx: 1611.7577486116888
  CPU_avx512: 2410.6253698616465
  m_CPU_enc_SHA: 1830715803.0551577
  m_CPU_enc_AES: 2757673279.1330333
  m_CPU_enc_ECDSA: 1126612550.8079967
  ME_ALLOC_S: 0
  ME_READ_S: 0
  ME_READ_L: 0
  ME_WRITE: 0
  ME_LARGE: 0
  ME_LATENCY: 0
  ME_THREADED: 0
  SUMM_CPU: 3007.457752119517
  SUMM_ME: 0
SystemInformation:
  OSName: Ubuntu 24.04.1 LTS
  Kernel: 6.8.0-1017-azure
  Device: ""
  Processor: Intel Xeon Platinum 8370C CPU @ 2.80GHz
  NumSockets: 1
  Manufacturer: GenuineIntel
  NumCores: 1
  NumLogicals: 2
  CPUFrequency: 2800
  Memory: 891
  MemModuleInfo:
    iNumMemSticks: 1
    DIMM 1:
      manufacturer: Microsoft Corporation
      modulePartNo: None
      memType: Unknown
      size: 1
      clkspeed: 0
      moduleVoltage: 0
Checksum: A8C1121AB04712BCE556EBB99C2CAABA26A5CA80