BaselineInfo:
  WebDBID: -1
  TimeStamp: 20241115014407
Version:
  Major: 11
  Minor: 0
  Build: 1002
  SpecialBuildName: ""
  ptArchitecture: x86_64_linux
Results:
  Results Complete: true
  NumTestProcesses: 2
  CPU_INTEGER_MATH: 8362.7113333333327
  CPU_FLOATINGPOINT_MATH: 4280.4305666682867
  CPU_PRIME: 18.404771111223216
  CPU_SORTING: 4369.6098725828033
  CPU_ENCRYPTION: 1819.4263407367516
  CPU_COMPRESSION: 32351.427921636365
  CPU_SINGLETHREAD: 2373.7460665665717
  CPU_PHYSICS: 368.81995866388957
  CPU_MATRIX_MULT_SSE: 1676.2979254457259
  CPU_mm: 180.53728812875653
  CPU_sse: 786.17616119448394
  CPU_fma: 2181.8081391046962
  CPU_avx: 1611.9384513903847
  CPU_avx512: 2125.2689500933384
  m_CPU_enc_SHA: 1833241633.1630478
  m_CPU_enc_AES: 2758004350.703928
  m_CPU_enc_ECDSA: 1132174400.126164
  ME_ALLOC_S: 0
  ME_READ_S: 0
  ME_READ_L: 0
  ME_WRITE: 0
  ME_LARGE: 0
  ME_LATENCY: 0
  ME_THREADED: 0
  SUMM_CPU: 2990.4899123000678
  SUMM_ME: 0
SystemInformation:
  OSName: Ubuntu 24.04.1 LTS
  Kernel: 6.8.0-1017-azure
  Device: ""
  Processor: Intel Xeon Platinum 8370C CPU @ 2.80GHz
  NumSockets: 1
  Manufacturer: GenuineIntel
  NumCores: 1
  NumLogicals: 2
  CPUFrequency: 2800
  Memory: 891
  MemModuleInfo:
    iNumMemSticks: 1
    DIMM 1:
      manufacturer: Microsoft Corporation
      modulePartNo: None
      memType: Unknown
      size: 1
      clkspeed: 0
      moduleVoltage: 0
Checksum: A84B968ED6F284596E48AD3E3DF7BB087FDBD3DF