---
system-info:
      stress-ng-version: 0.17.08
      run-by: root
      date-yyyy-mm-dd: 2024:06:21
      time-hh-mm-ss: 08:50:27
      epoch-secs: 1718959827
      hostname: 8340d3d35df5
      sysname: Linux
      nodename: 8340d3d35df5
      release: 6.8.0-1008-gcp
      version: '#9-Ubuntu SMP Wed May 22 18:09:04 UTC 2024'
      machine: x86_64
      compiler: 'musl-gcc 13.2.1'
      uptime: 155
      totalram: 33652183040
      freeram: 28532191232
      sharedram: 36073472
      bufferram: 133951488
      totalswap: 0
      freeswap: 0
      pagesize: 4096
      cpus: 8
      cpus-online: 8
      ticks-per-second: 100

metrics:
    - stressor: cpu
      bogo-ops: 148187
      bogo-ops-per-second-usr-sys-time: 929.194772
      bogo-ops-per-second-real-time: 7409.314946
      wall-clock-time: 20.000095
      user-time: 159.461955
      system-time: 0.016988
      cpu-usage-per-instance: 99.673868
      max-rss: 976

...
