BaselineInfo:
  WebDBID: -1
  TimeStamp: 20260619230902
Version:
  Major: 11
  Minor: 0
  Build: 1004
  SpecialBuildName: ""
  ptArchitecture: x86_64_linux
Results:
  Results Complete: true
  NumTestProcesses: 8
  CPU_INTEGER_MATH: 38957.321333333341
  CPU_FLOATINGPOINT_MATH: 28188.433181529261
  CPU_PRIME: 86.714081666324006
  CPU_SORTING: 20226.127878377807
  CPU_ENCRYPTION: 8642.7895752028016
  CPU_COMPRESSION: 154090.80596743757
  CPU_SINGLETHREAD: 3222.8874105374921
  CPU_PHYSICS: 1858.9158405053618
  CPU_MATRIX_MULT_SSE: 10067.312614957971
  CPU_mm: 1087.2992017798106
  CPU_sse: 4594.2153294878026
  CPU_fma: 12247.866802523857
  CPU_avx: 9461.3853872496493
  CPU_avx512: 13965.782940570571
  m_CPU_enc_SHA: 9131763273.7537727
  m_CPU_enc_AES: 11916697917.515009
  m_CPU_enc_ECDSA: 6139403973.5547743
  ME_ALLOC_S: 4172.5984175930398
  ME_READ_S: 27936.087109374999
  ME_READ_L: 17968.8203125
  ME_WRITE: 8244.8271484375
  ME_LARGE: 55947.333333333336
  ME_LATENCY: 78.63346337158201
  ME_THREADED: 74373.8203125
  SUMM_CPU: 14704.332503149171
  SUMM_ME: 2272.7419585026496
SystemInformation:
  OSName: Ubuntu 24.04.4 LTS
  Kernel: 6.17.0-1018-azure
  Device: ""
  Processor: Intel(R) Xeon(R) 6973P-C
  NumSockets: 1
  Manufacturer: GenuineIntel
  NumCores: 4
  NumLogicals: 8
  CPUFrequency: 2600
  CPUMaxFrequency: 2600
  Memory: 64299
  CPUInfo:
    number: 1
    Family: 6
    Model: 13
    stepping: 1
    features: 529267711
    manufacture: GenuineIntel
    typestring: Intel(R) Xeon(R) 6973P-C
    iCoresPerPackage: 4
    iThreadsPerPackage: 2
    featuresEx:
      - 529267711
      - 4294586915
      - 739248128
    bHybrid: false
    nPCore: 0
    nLogicalsPerPCore: 0
    nECore: 0
    nLogicalsPerECore: 0
  MemModuleInfo:
    iNumMemSticks: 3
    DIMM 1:
      manufacturer: Microsoft Corporation
      modulePartNo: None
      memType: Unknown
      size: 1
      clkspeed: 0
      moduleVoltage: 0
    DIMM 2:
      manufacturer: Microsoft Corporation
      modulePartNo: None
      memType: Unknown
      size: 59
      clkspeed: 0
      moduleVoltage: 0
    DIMM 3:
      manufacturer: Microsoft Corporation
      modulePartNo: None
      memType: Unknown
      size: 4
      clkspeed: 0
      moduleVoltage: 0
Checksum: 1FDC1FA523FB24803AC7EAE05544C08A512F816A