BaselineInfo:
  WebDBID: -1
  TimeStamp: 20260708191542
Version:
  Major: 11
  Minor: 0
  Build: 1004
  SpecialBuildName: ""
  ptArchitecture: x86_64_linux
Results:
  Results Complete: true
  NumTestProcesses: 4
  CPU_INTEGER_MATH: 25807.222000000002
  CPU_FLOATINGPOINT_MATH: 15528.108829928
  CPU_PRIME: 69.149490414187895
  CPU_SORTING: 12617.649209193971
  CPU_ENCRYPTION: 5140.7925474282101
  CPU_COMPRESSION: 97814.219398318528
  CPU_SINGLETHREAD: 3567.1028096101059
  CPU_PHYSICS: 1265.8757327123985
  CPU_MATRIX_MULT_SSE: 7731.7996269686437
  CPU_mm: 745.50757134558751
  CPU_sse: 2780.4068379286568
  CPU_fma: 8396.5197493266169
  CPU_avx: 8328.0187332373989
  CPU_avx512: 11422.253187381901
  m_CPU_enc_SHA: 6373866232.9849262
  m_CPU_enc_AES: 5333957508.4924431
  m_CPU_enc_ECDSA: 4463711317.1588802
  ME_ALLOC_S: 2595.2696350809692
  ME_READ_S: 33073.498828124997
  ME_READ_L: 28536.900390625
  ME_WRITE: 30188.927734375
  ME_LARGE: 23792
  ME_LATENCY: 85.033125645548523
  ME_THREADED: 46145.6748046875
  SUMM_CPU: 9677.6784842713078
  SUMM_ME: 2425.6128236711634
SystemInformation:
  OSName: Ubuntu 24.04.4 LTS
  Kernel: 6.17.0-1018-azure
  Device: ""
  Processor: "AMD EPYC 9V45 96-Core Processor                "
  NumSockets: 1
  Manufacturer: AuthenticAMD
  NumCores: 2
  NumLogicals: 4
  CPUFrequency: 0
  CPUMaxFrequency: 0
  Memory: 32093
  CPUInfo:
    number: 1
    Family: 15
    Model: 2
    stepping: 1
    features: 395049983
    manufacture: AuthenticAMD
    typestring: "AMD EPYC 9V45 96-Core Processor                "
    iCoresPerPackage: 8
    iThreadsPerPackage: 2
    featuresEx:
      - 395049983
      - 4277809667
      - 802421759
    bHybrid: false
    nPCore: 0
    nLogicalsPerPCore: 0
    nECore: 0
    nLogicalsPerECore: 0
  MemModuleInfo:
    iNumMemSticks: 2
    DIMM 1:
      manufacturer: Microsoft Corporation
      modulePartNo: None
      memType: Unknown
      size: 1
      clkspeed: 0
      moduleVoltage: 0
    DIMM 2:
      manufacturer: Microsoft Corporation
      modulePartNo: None
      memType: Unknown
      size: 31
      clkspeed: 0
      moduleVoltage: 0
Checksum: B5C5C3C8A1A0B32FF2450CAC2CDBF41385D5A27B