---
system-info:
      stress-ng-version: 0.17.08
      run-by: root
      date-yyyy-mm-dd: 2024:06:18
      time-hh-mm-ss: 21:36:00
      epoch-secs: 1718746560
      hostname: 1e73750f0271
      sysname: Linux
      nodename: 1e73750f0271
      release: 6.8.0-1008-gcp
      version: '#9-Ubuntu SMP Wed May 22 18:09:04 UTC 2024'
      machine: x86_64
      compiler: 'musl-gcc 13.2.1'
      uptime: 825
      totalram: 581828608
      freeram: 53772288
      sharedram: 41807872
      bufferram: 2494464
      totalswap: 0
      freeswap: 0
      pagesize: 4096
      cpus: 1
      cpus-online: 1
      ticks-per-second: 100

metrics:
    - stressor: cpu
      bogo-ops: 23602
      bogo-ops-per-second-usr-sys-time: 1203.737001
      bogo-ops-per-second-real-time: 1180.091545
      wall-clock-time: 20.000143
      user-time: 19.605290
      system-time: 0.001983
      cpu-usage-per-instance: 98.035663
      max-rss: 976

...
