---
system-info:
      stress-ng-version: 0.17.08
      run-by: root
      date-yyyy-mm-dd: 2024:06:10
      time-hh-mm-ss: 06:28:37
      epoch-secs: 1718000917
      hostname: 49219c240c09
      sysname: Linux
      nodename: 49219c240c09
      release: 6.8.0-1008-aws
      version: '#8-Ubuntu SMP Sat Apr 20 00:46:25 UTC 2024'
      machine: x86_64
      compiler: 'musl-gcc 13.2.1'
      uptime: 112
      totalram: 33086943232
      freeram: 28409098240
      sharedram: 113651712
      bufferram: 115228672
      totalswap: 0
      freeswap: 0
      pagesize: 4096
      cpus: 16
      cpus-online: 16
      ticks-per-second: 100

metrics:
    - stressor: cpu
      bogo-ops: 243315
      bogo-ops-per-second-usr-sys-time: 1522.742675
      bogo-ops-per-second-real-time: 24327.420457
      wall-clock-time: 10.001677
      user-time: 159.757354
      system-time: 0.029985
      cpu-usage-per-instance: 99.850343
      max-rss: 4176

...
