---
system-info:
      stress-ng-version: 0.17.08
      run-by: root
      date-yyyy-mm-dd: 2024:07:11
      time-hh-mm-ss: 16:43:54
      epoch-secs: 1720716234
      hostname: ip-172-31-30-251
      sysname: Linux
      nodename: ip-172-31-30-251
      release: 6.8.0-1010-aws
      version: '#10-Ubuntu SMP Thu Jun 13 17:36:15 UTC 2024'
      machine: x86_64
      compiler: 'musl-gcc 13.2.1'
      uptime: 207
      totalram: 33086926848
      freeram: 28034011136
      sharedram: 113635328
      bufferram: 126013440
      totalswap: 0
      freeswap: 0
      pagesize: 4096
      cpus: 16
      cpus-online: 16
      ticks-per-second: 100

metrics:
    - stressor: cpu
      bogo-ops: 372063
      bogo-ops-per-second-usr-sys-time: 1163.489597
      bogo-ops-per-second-real-time: 18603.067656
      wall-clock-time: 20.000089
      user-time: 319.767975
      system-time: 0.013999
      cpu-usage-per-instance: 99.931425
      max-rss: 972

...
