BaselineInfo:
  WebDBID: -1
  TimeStamp: 20260522133444
Version:
  Major: 11
  Minor: 0
  Build: 1004
  SpecialBuildName: ""
  ptArchitecture: x86_64_linux
Results:
  Results Complete: true
  NumTestProcesses: 2
  CPU_INTEGER_MATH: 15140.205666666667
  CPU_FLOATINGPOINT_MATH: 15338.566328569344
  CPU_PRIME: 52.335559302946557
  CPU_SORTING: 8805.9134750240082
  CPU_ENCRYPTION: 3161.4511152526866
  CPU_COMPRESSION: 65240.687152034094
  CPU_SINGLETHREAD: 3740.1438946620638
  CPU_PHYSICS: 703.55577415422192
  CPU_MATRIX_MULT_SSE: 5438.4486067197286
  CPU_mm: 699.6781839456271
  CPU_sse: 2162.4734001001143
  CPU_fma: 7633.4846103690779
  CPU_avx: 4032.5055340692179
  CPU_avx512: 7925.3308823405023
  m_CPU_enc_SHA: 4386024030.6889095
  m_CPU_enc_AES: 2781399012.9557953
  m_CPU_enc_ECDSA: 2777642250.2368994
  ME_ALLOC_S: 2404.7596310781432
  ME_READ_S: 34623.951171875
  ME_READ_L: 28108.4140625
  ME_WRITE: 25151.703125
  ME_LARGE: 567.91666666666663
  ME_LATENCY: 114.54213133134265
  ME_THREADED: 55783.51171875
  SUMM_CPU: 6709.351097524006
  SUMM_ME: 950.54453297015971
SystemInformation:
  OSName: Ubuntu 24.04.4 LTS
  Kernel: 6.8.0-111-generic
  Device: ""
  Processor: "AMD EPYC 9575F 64-Core Processor               "
  NumSockets: 1
  Manufacturer: AuthenticAMD
  NumCores: 2
  NumLogicals: 2
  CPUFrequency: 0
  CPUMaxFrequency: 0
  Memory: 1806
  CPUInfo:
    number: 1
    Family: 15
    Model: 2
    stepping: 1
    features: 395049983
    manufacture: AuthenticAMD
    typestring: "AMD EPYC 9575F 64-Core Processor               "
    iCoresPerPackage: 255
    iThreadsPerPackage: 1
    featuresEx:
      - 395049983
      - 4294586883
      - 802421759
    bHybrid: false
    nPCore: 0
    nLogicalsPerPCore: 0
    nECore: 0
    nLogicalsPerECore: 0
  MemModuleInfo:
    iNumMemSticks: 1
    DIMM 1:
      manufacturer: QEMU
      modulePartNo: Not Specified
      memType: RAM
      size: 2
      clkspeed: 0
      moduleVoltage: 0
Checksum: F12C5A62A28E92E6BB7B3DB375F8B508DF4A30FC