BaselineInfo:
  WebDBID: -1
  TimeStamp: 20241109044137
Version:
  Major: 11
  Minor: 0
  Build: 1002
  SpecialBuildName: ""
  ptArchitecture: x86_64_linux
Results:
  Results Complete: true
  NumTestProcesses: 8
  CPU_INTEGER_MATH: 21980.724333333335
  CPU_FLOATINGPOINT_MATH: 11794.583236151571
  CPU_PRIME: 50.787690274292878
  CPU_SORTING: 11612.644606437429
  CPU_ENCRYPTION: 3028.5901430453309
  CPU_COMPRESSION: 97993.824287478041
  CPU_SINGLETHREAD: 1783.0622983279791
  CPU_PHYSICS: 910.99073483658401
  CPU_MATRIX_MULT_SSE: 6989.8299014344984
  CPU_mm: 637.67589685146606
  CPU_sse: 2364.2404909007228
  CPU_fma: 8169.8203862873088
  CPU_avx: 5772.3017555854476
  CPU_avx512: 11652.956972964515
  m_CPU_enc_SHA: 994174354.10043609
  m_CPU_enc_AES: 7647116977.7070312
  m_CPU_enc_ECDSA: 885829481.69423723
  ME_ALLOC_S: 2720.6233045068821
  ME_READ_S: 21641.078906250001
  ME_READ_L: 11710.2607421875
  ME_WRITE: 10586.6513671875
  ME_LARGE: 247492
  ME_LATENCY: 48.290622999107065
  ME_THREADED: 45234.23828125
  SUMM_CPU: 7667.5731744686282
  SUMM_ME: 2541.3740001019141
SystemInformation:
  OSName: Ubuntu 24.04.1 LTS
  Kernel: 6.8.0-1017-azure
  Device: ""
  Processor: Intel Xeon Platinum 8272CL CPU @ 2.60GHz
  NumSockets: 1
  Manufacturer: GenuineIntel
  NumCores: 4
  NumLogicals: 8
  CPUFrequency: 0
  Memory: 257739
  MemModuleInfo:
    iNumMemSticks: 3
    DIMM 1:
      manufacturer: Microsoft Corporation
      modulePartNo: None
      memType: Unknown
      size: 1
      clkspeed: 0
      moduleVoltage: 0
    DIMM 2:
      manufacturer: Microsoft Corporation
      modulePartNo: None
      memType: Unknown
      size: 60928
      clkspeed: 0
      moduleVoltage: 0
    DIMM 3:
      manufacturer: Microsoft Corporation
      modulePartNo: None
      memType: Unknown
      size: 200192
      clkspeed: 0
      moduleVoltage: 0
Checksum: BC5DF3C7E2FD0476E699FFAD91163BD83EF156EC