---
system-info:
      stress-ng-version: 0.17.08
      run-by: root
      date-yyyy-mm-dd: 2024:06:06
      time-hh-mm-ss: 21:55:28
      epoch-secs: 1717710928
      hostname: 3f1cf9d6b5cb
      sysname: Linux
      nodename: 3f1cf9d6b5cb
      release: 6.8.0-1008-aws
      version: '#8-Ubuntu SMP Sat Apr 20 00:46:25 UTC 2024'
      machine: x86_64
      compiler: 'musl-gcc 13.2.1'
      uptime: 126
      totalram: 803068563456
      freeram: 797405327360
      sharedram: 79085568
      bufferram: 88895488
      totalswap: 0
      freeswap: 0
      pagesize: 4096
      cpus: 96
      cpus-online: 96
      ticks-per-second: 100

metrics:
    - stressor: cpu
      bogo-ops: 971644
      bogo-ops-per-second-usr-sys-time: 1012.797880
      bogo-ops-per-second-real-time: 97144.777441
      wall-clock-time: 10.002020
      user-time: 959.213220
      system-time: 0.152927
      cpu-usage-per-instance: 99.913792
      max-rss: 3072

...
