---
system-info:
      stress-ng-version: 0.17.08
      run-by: root
      date-yyyy-mm-dd: 2024:06:16
      time-hh-mm-ss: 09:43:32
      epoch-secs: 1718531012
      hostname: 077ad847d37f
      sysname: Linux
      nodename: 077ad847d37f
      release: 6.8.0-1008-aws
      version: '#8-Ubuntu SMP Sat Apr 20 00:46:25 UTC 2024'
      machine: x86_64
      compiler: 'musl-gcc 13.2.1'
      uptime: 133
      totalram: 803068583936
      freeram: 797261897728
      sharedram: 79085568
      bufferram: 111935488
      totalswap: 0
      freeswap: 0
      pagesize: 4096
      cpus: 96
      cpus-online: 96
      ticks-per-second: 100

metrics:
    - stressor: cpu
      bogo-ops: 1621848
      bogo-ops-per-second-usr-sys-time: 845.158519
      bogo-ops-per-second-real-time: 81092.028317
      wall-clock-time: 20.000092
      user-time: 1918.935779
      system-time: 0.050972
      cpu-usage-per-instance: 99.946769
      max-rss: 768

...
