---
system-info:
      stress-ng-version: 0.17.08
      run-by: root
      date-yyyy-mm-dd: 2024:07:09
      time-hh-mm-ss: 20:47:12
      epoch-secs: 1720558032
      hostname: m1-megamem-96-3472360
      sysname: Linux
      nodename: m1-megamem-96-3472360
      release: 6.8.0-1009-gcp
      version: '#10-Ubuntu SMP Wed Jun 12 18:52:23 UTC 2024'
      machine: x86_64
      compiler: 'musl-gcc 13.2.1'
      uptime: 206
      totalram: 1515106123776
      freeram: 1507965358080
      sharedram: 82534400
      bufferram: 136855552
      totalswap: 0
      freeswap: 0
      pagesize: 4096
      cpus: 96
      cpus-online: 96
      ticks-per-second: 100

metrics:
    - stressor: cpu
      bogo-ops: 25509
      bogo-ops-per-second-usr-sys-time: 1275.522513
      bogo-ops-per-second-real-time: 1275.447719
      wall-clock-time: 20.000036
      user-time: 19.997864
      system-time: 0.000999
      cpu-usage-per-instance: 99.994136
      max-rss: 768

...
