BaselineInfo:
  WebDBID: -1
  TimeStamp: 20260304164448
Version:
  Major: 11
  Minor: 0
  Build: 1004
  SpecialBuildName: ""
  ptArchitecture: x86_64_linux
Results:
  Results Complete: true
  NumTestProcesses: 16
  CPU_INTEGER_MATH: 77015.143666666656
  CPU_FLOATINGPOINT_MATH: 43061.024677742535
  CPU_PRIME: 124.1254845817771
  CPU_SORTING: 45817.100262431086
  CPU_ENCRYPTION: 19497.519793324213
  CPU_COMPRESSION: 312273.45158289745
  CPU_SINGLETHREAD: 2921.3049617372631
  CPU_PHYSICS: 2539.794607224539
  CPU_MATRIX_MULT_SSE: 22212.631494014848
  CPU_mm: 2063.1556968132186
  CPU_sse: 9104.7535298269304
  CPU_fma: 28489.740488628595
  CPU_avx: 23478.015422730146
  CPU_avx512: 27778.016534873703
  m_CPU_enc_SHA: 27289067838.923466
  m_CPU_enc_AES: 18530287483.093094
  m_CPU_enc_ECDSA: 15514538622.397638
  ME_ALLOC_S: 7533.3940492994898
  ME_READ_S: 27793.975781249999
  ME_READ_L: 26510.98828125
  ME_WRITE: 26024.296875
  ME_LARGE: 113406.33333333333
  ME_LATENCY: 72.088554595018067
  ME_THREADED: 48974.03076171875
  SUMM_CPU: 26668.60864901419
  SUMM_ME: 2754.7706848852699
SystemInformation:
  OSName: Ubuntu 24.04.4 LTS
  Kernel: 6.8.0-100-generic
  Device: ""
  Processor: "AMD EPYC 9T34 64-Core Processor                "
  NumSockets: 1
  Manufacturer: AuthenticAMD
  NumCores: 8
  NumLogicals: 16
  CPUFrequency: 0
  CPUMaxFrequency: 0
  Memory: 126250
  CPUInfo:
    number: 1
    Family: 15
    Model: 1
    stepping: 1
    features: 395049983
    manufacture: AuthenticAMD
    typestring: "AMD EPYC 9T34 64-Core Processor                "
    iCoresPerPackage: 8
    iThreadsPerPackage: 2
    featuresEx:
      - 395049983
      - 4277809667
      - 802421759
    bHybrid: false
    nPCore: 0
    nLogicalsPerPCore: 0
    nECore: 0
    nLogicalsPerECore: 0
  MemModuleInfo:
    iNumMemSticks: 8
    DIMM 1:
      manufacturer: Alibaba Cloud
      modulePartNo: Not Specified
      memType: RAM
      size: 16
      clkspeed: 0
      moduleVoltage: 0
    DIMM 2:
      manufacturer: Alibaba Cloud
      modulePartNo: Not Specified
      memType: RAM
      size: 16
      clkspeed: 0
      moduleVoltage: 0
    DIMM 3:
      manufacturer: Alibaba Cloud
      modulePartNo: Not Specified
      memType: RAM
      size: 16
      clkspeed: 0
      moduleVoltage: 0
    DIMM 4:
      manufacturer: Alibaba Cloud
      modulePartNo: Not Specified
      memType: RAM
      size: 16
      clkspeed: 0
      moduleVoltage: 0
    DIMM 5:
      manufacturer: Alibaba Cloud
      modulePartNo: Not Specified
      memType: RAM
      size: 16
      clkspeed: 0
      moduleVoltage: 0
    DIMM 6:
      manufacturer: Alibaba Cloud
      modulePartNo: Not Specified
      memType: RAM
      size: 16
      clkspeed: 0
      moduleVoltage: 0
    DIMM 7:
      manufacturer: Alibaba Cloud
      modulePartNo: Not Specified
      memType: RAM
      size: 16
      clkspeed: 0
      moduleVoltage: 0
    DIMM 8:
      manufacturer: Alibaba Cloud
      modulePartNo: Not Specified
      memType: RAM
      size: 16
      clkspeed: 0
      moduleVoltage: 0
Checksum: B094C1C56C89128D0027324EBAF151AF5F755025