size_kb,operation,bandwidth_mb_s,latency_ns,latency_stddev_ns,latency_samples,threads,iterations,elapsed_s
32,read,123739.45,0,0,0,2,417362,0.210807
32,write,75026.55,0,0,0,2,258264,0.215144
32,copy,70710.63,0,0,0,2,232558,0.205554
32,latency,0,2.72,0.00,7,1,7,0.390871
128,read,85212.85,0,0,0,2,78320,0.229778
128,write,74853.10,0,0,0,2,72716,0.242862
128,copy,61428.66,0,0,0,2,58356,0.237495
128,latency,0,4.40,0.00,7,1,7,0.703063
512,read,82625.07,0,0,0,2,20190,0.244357
512,write,74568.72,0,0,0,2,18806,0.252197
512,copy,54843.59,0,0,0,2,13351,0.243438
512,latency,0,7.01,0.06,7,1,7,0.668023
1024,read,77044.27,0,0,0,2,9572,0.248481
1024,write,74293.24,0,0,0,2,9462,0.254720
1024,copy,39177.88,0,0,0,2,6194,0.316199
1024,latency,0,11.35,0.03,7,1,7,0.671440
2048,read,71211.25,0,0,0,2,4267,0.239681
2048,write,73497.55,0,0,0,2,4746,0.258294
2048,copy,33422.26,0,0,0,2,2802,0.335345
2048,latency,0,22.07,0.37,7,1,7,0.687023
8192,read,67275.82,0,0,0,2,988,0.234973
8192,write,73466.23,0,0,0,2,1063,0.231508
8192,copy,30553.51,0,0,0,2,610,0.319440
8192,latency,0,71.96,7.48,21,1,21,1.683141
16384,read,46505.05,0,0,0,2,380,0.261477
16384,write,73302.94,0,0,0,2,576,0.251450
16384,copy,30150.21,0,0,0,2,296,0.314160
16384,latency,0,88.12,3.26,7,1,7,0.994439
32768,read,37534.38,0,0,0,2,168,0.286457
32768,write,72916.72,0,0,0,2,292,0.256292
32768,copy,29824.57,0,0,0,2,146,0.313299
32768,latency,0,97.87,0.46,7,1,7,2.236604
65536,read,38033.58,0,0,0,2,73,0.245678
65536,write,74159.88,0,0,0,2,147,0.253722
65536,copy,29346.80,0,0,0,2,62,0.270421
65536,latency,0,99.27,0.46,7,1,7,4.628774
131072,read,35310.18,0,0,0,2,37,0.268251
131072,write,74394.79,0,0,0,2,72,0.247759
131072,copy,15764.26,0,0,0,1,31,0.251709
131072,latency,0,102.27,0.34,7,1,7,9.573027
