---
system-info:
      stress-ng-version: 0.17.08
      run-by: root
      date-yyyy-mm-dd: 2024:07:09
      time-hh-mm-ss: 15:35:27
      epoch-secs: 1720539327
      hostname: n1-ultramem-40-c26bb03
      sysname: Linux
      nodename: n1-ultramem-40-c26bb03
      release: 6.8.0-1009-gcp
      version: '#10-Ubuntu SMP Wed Jun 12 18:52:23 UTC 2024'
      machine: x86_64
      compiler: 'musl-gcc 13.2.1'
      uptime: 190
      totalram: 1015205617664
      freeram: 1009336672256
      sharedram: 59416576
      bufferram: 132517888
      totalswap: 0
      freeswap: 0
      pagesize: 4096
      cpus: 40
      cpus-online: 40
      ticks-per-second: 100

metrics:
    - stressor: cpu
      bogo-ops: 401954
      bogo-ops-per-second-usr-sys-time: 502.847605
      bogo-ops-per-second-real-time: 20097.545644
      wall-clock-time: 20.000154
      user-time: 799.316528
      system-time: 0.038975
      cpu-usage-per-instance: 99.918670
      max-rss: 980

...
