---
system-info:
      stress-ng-version: 0.17.08
      run-by: root
      date-yyyy-mm-dd: 2024:09:17
      time-hh-mm-ss: 22:41:47
      epoch-secs: 1726612907
      hostname: sc-runner
      sysname: Linux
      nodename: sc-runner
      release: 6.8.0-1014-azure
      version: '#16-Ubuntu SMP Thu Aug 15 20:04:41 UTC 2024'
      machine: x86_64
      compiler: 'musl-gcc 13.2.1'
      uptime: 395
      totalram: 473395978240
      freeram: 462469795840
      sharedram: 88453120
      bufferram: 287711232
      totalswap: 0
      freeswap: 0
      pagesize: 4096
      cpus: 8
      cpus-online: 8
      ticks-per-second: 100

metrics:
    - stressor: cpu
      bogo-ops: 17732
      bogo-ops-per-second-usr-sys-time: 886.698911
      bogo-ops-per-second-real-time: 886.596861
      wall-clock-time: 20.000071
      user-time: 19.996767
      system-time: 0.001002
      cpu-usage-per-instance: 99.988491
      max-rss: 3152

...
