---
system-info:
      stress-ng-version: 0.17.08
      run-by: root
      date-yyyy-mm-dd: 2024:09:16
      time-hh-mm-ss: 18:37:25
      epoch-secs: 1726511845
      hostname: sc-runner
      sysname: Linux
      nodename: sc-runner
      release: 6.8.0-1014-azure
      version: '#16-Ubuntu SMP Thu Aug 15 20:04:41 UTC 2024'
      machine: x86_64
      compiler: 'musl-gcc 13.2.1'
      uptime: 292
      totalram: 67419570176
      freeram: 57080262656
      sharedram: 54935552
      bufferram: 231829504
      totalswap: 0
      freeswap: 0
      pagesize: 4096
      cpus: 16
      cpus-online: 16
      ticks-per-second: 100

metrics:
    - stressor: cpu
      bogo-ops: 37968
      bogo-ops-per-second-usr-sys-time: 1898.391172
      bogo-ops-per-second-real-time: 1898.391423
      wall-clock-time: 20.000090
      user-time: 19.999093
      system-time: 0.001000
      cpu-usage-per-instance: 100.000013
      max-rss: 3152

...
