---
system-info:
      stress-ng-version: 0.17.08
      run-by: root
      date-yyyy-mm-dd: 2024:06:15
      time-hh-mm-ss: 19:17:48
      epoch-secs: 1718479068
      hostname: e6a61abf3522
      sysname: Linux
      nodename: e6a61abf3522
      release: 6.8.0-1008-aws
      version: '#8-Ubuntu SMP Sat Apr 20 02:43:14 UTC 2024'
      machine: aarch64
      compiler: 'musl-gcc 13.2.1'
      uptime: 162
      totalram: 267046637568
      freeram: 262391398400
      sharedram: 34963456
      bufferram: 109273088
      totalswap: 0
      freeswap: 0
      pagesize: 4096
      cpus: 32
      cpus-online: 32
      ticks-per-second: 100

metrics:
    - stressor: cpu
      bogo-ops: 30391
      bogo-ops-per-second-usr-sys-time: 1519.534349
      bogo-ops-per-second-real-time: 1519.545471
      wall-clock-time: 20.000060
      user-time: 20.000206
      system-time: 0.000000
      cpu-usage-per-instance: 100.000732
      max-rss: 1280

...
