---
system-info:
      stress-ng-version: 0.17.08
      run-by: root
      date-yyyy-mm-dd: 2024:06:09
      time-hh-mm-ss: 16:24:49
      epoch-secs: 1717950289
      hostname: 5d11059bd341
      sysname: Linux
      nodename: 5d11059bd341
      release: 6.8.0-1008-aws
      version: '#8-Ubuntu SMP Sat Apr 20 02:43:14 UTC 2024'
      machine: aarch64
      compiler: 'musl-gcc 13.2.1'
      uptime: 149
      totalram: 267046633472
      freeram: 262239293440
      sharedram: 34963456
      bufferram: 109174784
      totalswap: 0
      freeswap: 0
      pagesize: 4096
      cpus: 32
      cpus-online: 32
      ticks-per-second: 100

metrics:
    - stressor: cpu
      bogo-ops: 2940
      bogo-ops-per-second-usr-sys-time: 292.730224
      bogo-ops-per-second-real-time: 292.726050
      wall-clock-time: 10.043520
      user-time: 10.043377
      system-time: 0.000000
      cpu-usage-per-instance: 99.998574
      max-rss: 3840

...
