---
system-info:
      stress-ng-version: 0.17.08
      run-by: root
      date-yyyy-mm-dd: 2024:09:03
      time-hh-mm-ss: 09:49:09
      epoch-secs: 1725356949
      hostname: sc-runner
      sysname: Linux
      nodename: sc-runner
      release: 6.8.0-1013-azure
      version: '#15-Ubuntu SMP Thu Aug  8 18:40:40 UTC 2024'
      machine: x86_64
      compiler: 'musl-gcc 13.2.1'
      uptime: 382
      totalram: 16764661760
      freeram: 8218484736
      sharedram: 42053632
      bufferram: 212377600
      totalswap: 0
      freeswap: 0
      pagesize: 4096
      cpus: 8
      cpus-online: 8
      ticks-per-second: 100

metrics:
    - stressor: cpu
      bogo-ops: 21557
      bogo-ops-per-second-usr-sys-time: 1077.922059
      bogo-ops-per-second-real-time: 1077.843383
      wall-clock-time: 20.000123
      user-time: 19.997664
      system-time: 0.000999
      cpu-usage-per-instance: 99.992701
      max-rss: 3152

...
