---
system-info:
      stress-ng-version: 0.17.08
      run-by: root
      date-yyyy-mm-dd: 2024:09:19
      time-hh-mm-ss: 01:07:19
      epoch-secs: 1726708039
      hostname: sc-runner
      sysname: Linux
      nodename: sc-runner
      release: 6.8.0-1014-azure
      version: '#16-Ubuntu SMP Thu Aug 15 20:04:41 UTC 2024'
      machine: x86_64
      compiler: 'musl-gcc 13.2.1'
      uptime: 337
      totalram: 67422384128
      freeram: 57121636352
      sharedram: 54915072
      bufferram: 251305984
      totalswap: 0
      freeswap: 0
      pagesize: 4096
      cpus: 8
      cpus-online: 8
      ticks-per-second: 100

metrics:
    - stressor: cpu
      bogo-ops: 37985
      bogo-ops-per-second-usr-sys-time: 1899.252184
      bogo-ops-per-second-real-time: 1899.247532
      wall-clock-time: 20.000026
      user-time: 19.999977
      system-time: 0.000000
      cpu-usage-per-instance: 99.999755
      max-rss: 3024

...
