BaselineInfo:
  WebDBID: -1
  TimeStamp: 20241107115836
Version:
  Major: 11
  Minor: 0
  Build: 1002
  SpecialBuildName: ""
  ptArchitecture: x86_64_linux
Results:
  Results Complete: true
  NumTestProcesses: 2
  CPU_INTEGER_MATH: 4301.2273333333333
  CPU_FLOATINGPOINT_MATH: 2602.2903540472948
  CPU_PRIME: 10.301025745719951
  CPU_SORTING: 2319.7449830011392
  CPU_ENCRYPTION: 586.82397618126129
  CPU_COMPRESSION: 19342.084876519817
  CPU_SINGLETHREAD: 1214.3361008398222
  CPU_PHYSICS: 217.69953735354383
  CPU_MATRIX_MULT_SSE: 522.22149791017171
  CPU_mm: 147.29971824788487
  CPU_sse: 522.22149791017171
  CPU_fma: 0
  CPU_avx: 0
  CPU_avx512: 0
  m_CPU_enc_SHA: 218575664.95420587
  m_CPU_enc_AES: 1433551286.7661943
  m_CPU_enc_ECDSA: 193861661.22432667
  ME_ALLOC_S: 662.01733713486556
  ME_READ_S: 15826.678125
  ME_READ_L: 6960.0068359375
  ME_WRITE: 6860.62109375
  ME_LARGE: 571.91666666666663
  ME_LATENCY: 78.310439981481409
  ME_THREADED: 9677.25146484375
  SUMM_CPU: 1378.1021726632673
  SUMM_ME: 765.0054345543457
SystemInformation:
  OSName: Ubuntu 24.04.1 LTS
  Kernel: 6.8.0-1016-aws
  Device: ""
  Processor: Intel Xeon CPU E5-2651 v2 @ 1.80GHz
  NumSockets: 1
  Manufacturer: GenuineIntel
  NumCores: 2
  NumLogicals: 2
  CPUFrequency: 0
  Memory: 7434
  MemModuleInfo:
    iNumMemSticks: 1
    DIMM 1:
      manufacturer: Not Specified
      modulePartNo: Not Specified
      memType: RAM
      size: 7680
      clkspeed: 0
      moduleVoltage: 0
Checksum: 25236D0F7AA97FAC69D3ED5D911D774C5D070FBC