BaselineInfo:
  WebDBID: -1
  TimeStamp: 20241112121253
Version:
  Major: 11
  Minor: 0
  Build: 1002
  SpecialBuildName: ""
  ptArchitecture: x86_64_linux
Results:
  Results Complete: true
  NumTestProcesses: 128
  CPU_INTEGER_MATH: 527886.15966666664
  CPU_FLOATINGPOINT_MATH: 375488.2910075658
  CPU_PRIME: 844.89413598924023
  CPU_SORTING: 260749.30133994523
  CPU_ENCRYPTION: 116612.91914856058
  CPU_COMPRESSION: 1935407.9090744401
  CPU_SINGLETHREAD: 3162.7103698717624
  CPU_PHYSICS: 13833.408008802979
  CPU_MATRIX_MULT_SSE: 135638.27753592606
  CPU_mm: 14477.701135341847
  CPU_sse: 63053.767548225434
  CPU_fma: 157759.83253152957
  CPU_avx: 121692.4670547718
  CPU_avx512: 200047.04300917761
  m_CPU_enc_SHA: 123051044226.6707
  m_CPU_enc_AES: 159929517513.37122
  m_CPU_enc_ECDSA: 83851963187.321411
  ME_ALLOC_S: 34530.342982025548
  ME_READ_S: 27663.595117187499
  ME_READ_L: 10688.578125
  ME_WRITE: 9366.0029296875
  ME_LARGE: 2798123.5
  ME_LATENCY: 69.092746420525842
  ME_THREADED: 439953.72436523438
  SUMM_CPU: 106798.22541803171
  SUMM_ME: 2460.7185674502789
SystemInformation:
  OSName: Ubuntu 24.04.1 LTS
  Kernel: 6.8.0-1017-azure
  Device: ""
  Processor: Intel Xeon Platinum 8473C
  NumSockets: 2
  Manufacturer: GenuineIntel
  NumCores: 64
  NumLogicals: 128
  CPUFrequency: 2100
  Memory: 2816188
  MemModuleInfo:
    iNumMemSticks: 4
    DIMM 1:
      manufacturer: Microsoft Corporation
      modulePartNo: None
      memType: Unknown
      size: 1
      clkspeed: 0
      moduleVoltage: 0
    DIMM 2:
      manufacturer: Microsoft Corporation
      modulePartNo: None
      memType: Unknown
      size: 59
      clkspeed: 0
      moduleVoltage: 0
    DIMM 3:
      manufacturer: Microsoft Corporation
      modulePartNo: None
      memType: Unknown
      size: 1337
      clkspeed: 0
      moduleVoltage: 0
    DIMM 4:
      manufacturer: Microsoft Corporation
      modulePartNo: None
      memType: Unknown
      size: 1397
      clkspeed: 0
      moduleVoltage: 0
Checksum: 616DE066917BD08CAE6AAA33CB0AE963754F5F51