BaselineInfo:
  WebDBID: -1
  TimeStamp: 20260715210414
Version:
  Major: 11
  Minor: 0
  Build: 1004
  SpecialBuildName: ""
  ptArchitecture: x86_64_linux
Results:
  Results Complete: true
  NumTestProcesses: 8
  CPU_INTEGER_MATH: 53206.429666666671
  CPU_FLOATINGPOINT_MATH: 32311.188834593857
  CPU_PRIME: 124.40681762542151
  CPU_SORTING: 24377.85855408803
  CPU_ENCRYPTION: 10619.422513729191
  CPU_COMPRESSION: 194970.37172729266
  CPU_SINGLETHREAD: 3777.761360957104
  CPU_PHYSICS: 1981.514996663999
  CPU_MATRIX_MULT_SSE: 15252.406340548145
  CPU_mm: 1448.9623965811306
  CPU_sse: 5432.5837089767656
  CPU_fma: 16398.434926350004
  CPU_avx: 16010.562576699804
  CPU_avx512: 23168.04415016601
  m_CPU_enc_SHA: 13342330281.027649
  m_CPU_enc_AES: 10981954765.283056
  m_CPU_enc_ECDSA: 9081529698.9575882
  ME_ALLOC_S: 5342.2070325147506
  ME_READ_S: 32669.326171875
  ME_READ_L: 28698.638671875
  ME_WRITE: 30238.505859375
  ME_LARGE: 23291
  ME_LATENCY: 80.648930249316848
  ME_THREADED: 50829.05517578125
  SUMM_CPU: 18686.800932487691
  SUMM_ME: 2587.0244225206843
SystemInformation:
  OSName: Ubuntu 24.04.4 LTS
  Kernel: 6.17.0-1020-azure
  Device: ""
  Processor: "AMD EPYC 9V45 96-Core Processor                "
  NumSockets: 1
  Manufacturer: AuthenticAMD
  NumCores: 4
  NumLogicals: 8
  CPUFrequency: 0
  CPUMaxFrequency: 0
  Memory: 32092
  CPUInfo:
    number: 1
    Family: 15
    Model: 2
    stepping: 1
    features: 395049983
    manufacture: AuthenticAMD
    typestring: "AMD EPYC 9V45 96-Core Processor                "
    iCoresPerPackage: 8
    iThreadsPerPackage: 2
    featuresEx:
      - 395049983
      - 4277809667
      - 802421759
    bHybrid: false
    nPCore: 0
    nLogicalsPerPCore: 0
    nECore: 0
    nLogicalsPerECore: 0
  MemModuleInfo:
    iNumMemSticks: 2
    DIMM 1:
      manufacturer: Microsoft Corporation
      modulePartNo: None
      memType: Unknown
      size: 1
      clkspeed: 0
      moduleVoltage: 0
    DIMM 2:
      manufacturer: Microsoft Corporation
      modulePartNo: None
      memType: Unknown
      size: 31
      clkspeed: 0
      moduleVoltage: 0
Checksum: 0B436544C2550F81D871346CCC6AF3A2A9EB7F9C