---
system-info:
      stress-ng-version: 0.17.08
      run-by: root
      date-yyyy-mm-dd: 2024:06:10
      time-hh-mm-ss: 04:57:18
      epoch-secs: 1717995438
      hostname: 6e59d1ae35a6
      sysname: Linux
      nodename: 6e59d1ae35a6
      release: 6.8.0-1008-aws
      version: '#8-Ubuntu SMP Sat Apr 20 00:46:25 UTC 2024'
      machine: x86_64
      compiler: 'musl-gcc 13.2.1'
      uptime: 174
      totalram: 2009800704
      freeram: 122003456
      sharedram: 11616256
      bufferram: 101445632
      totalswap: 0
      freeswap: 0
      pagesize: 4096
      cpus: 2
      cpus-online: 2
      ticks-per-second: 100

metrics:
    - stressor: cpu
      bogo-ops: 9720
      bogo-ops-per-second-usr-sys-time: 972.180728
      bogo-ops-per-second-real-time: 971.926196
      wall-clock-time: 10.000759
      user-time: 9.996135
      system-time: 0.002006
      cpu-usage-per-instance: 99.973818
      max-rss: 4048

...
