---
system-info:
      stress-ng-version: 0.17.08
      run-by: root
      date-yyyy-mm-dd: 2024:06:16
      time-hh-mm-ss: 07:41:45
      epoch-secs: 1718523705
      hostname: 6f4e7e110857
      sysname: Linux
      nodename: 6f4e7e110857
      release: 6.8.0-1008-aws
      version: '#8-Ubuntu SMP Sat Apr 20 00:46:25 UTC 2024'
      machine: x86_64
      compiler: 'musl-gcc 13.2.1'
      uptime: 186
      totalram: 2009800704
      freeram: 192421888
      sharedram: 11616256
      bufferram: 100052992
      totalswap: 0
      freeswap: 0
      pagesize: 4096
      cpus: 2
      cpus-online: 2
      ticks-per-second: 100

metrics:
    - stressor: cpu
      bogo-ops: 11839
      bogo-ops-per-second-usr-sys-time: 592.056689
      bogo-ops-per-second-real-time: 591.946888
      wall-clock-time: 20.000105
      user-time: 19.995397
      system-time: 0.000999
      cpu-usage-per-instance: 99.981454
      max-rss: 1104

...
