BaselineInfo:
  WebDBID: -1
  TimeStamp: 20241109195949
Version:
  Major: 11
  Minor: 0
  Build: 1002
  SpecialBuildName: ""
  ptArchitecture: x86_64_linux
Results:
  Results Complete: true
  NumTestProcesses: 48
  CPU_INTEGER_MATH: 201373.03999999995
  CPU_FLOATINGPOINT_MATH: 102948.72135408477
  CPU_PRIME: 228.89712567806961
  CPU_SORTING: 98364.046301275637
  CPU_ENCRYPTION: 43100.496882324558
  CPU_COMPRESSION: 724143.55172137916
  CPU_SINGLETHREAD: 2367.3323730071515
  CPU_PHYSICS: 3937.8867114659834
  CPU_MATRIX_MULT_SSE: 41909.406553980109
  CPU_mm: 4298.3540408876261
  CPU_sse: 18721.743906307893
  CPU_fma: 50668.453060847824
  CPU_avx: 38575.185827333822
  CPU_avx512: 59672.24342143086
  m_CPU_enc_SHA: 43705909908.313919
  m_CPU_enc_AES: 65276283867.264572
  m_CPU_enc_ECDSA: 26600246081.062523
  ME_ALLOC_S: 20855.811330164965
  ME_READ_S: 24213.865039062501
  ME_READ_L: 11835.8388671875
  ME_WRITE: 10708.90625
  ME_LARGE: 368861.41666666669
  ME_LATENCY: 61.194772378773507
  ME_THREADED: 151508.46166992188
  SUMM_CPU: 48290.739407341585
  SUMM_ME: 2597.6295957409898
SystemInformation:
  OSName: Ubuntu 24.04.1 LTS
  Kernel: 6.8.0-1016-aws
  Device: ""
  Processor: Intel Xeon Platinum 8375C CPU @ 2.90GHz
  NumSockets: 1
  Manufacturer: GenuineIntel
  NumCores: 24
  NumLogicals: 48
  CPUFrequency: 0
  Memory: 380668
  MemModuleInfo:
    iNumMemSticks: 1
    DIMM 1:
      manufacturer: Not Specified
      modulePartNo: Not Specified
      memType: DDR4
      size: 384
      clkspeed: 1600
      moduleVoltage: 0
Checksum: A674B076994B3BE5A72B84E2028D7D404186FE68