size_kb,operation,bandwidth_mb_s,latency_ns,latency_stddev_ns,latency_samples,threads,iterations,elapsed_s
32,read,3865134.24,0,0,0,64,462107,0.239116
32,write,2954313.38,0,0,0,64,453720,0.307158
32,copy,2215182.76,0,0,0,64,332889,0.300552
32,latency,0,0.99,0.03,7,1,7,0.144481
128,read,3870509.28,0,0,0,64,190548,0.393846
128,write,3313102.24,0,0,0,64,179597,0.433665
128,copy,2408458.65,0,0,0,64,108084,0.359015
128,latency,0,2.69,0.00,7,1,7,0.673516
512,read,3455070.15,0,0,0,64,44658,0.413611
512,write,3530396.55,0,0,0,64,51899,0.470420
512,copy,1621706.81,0,0,0,64,15553,0.306896
512,latency,0,3.75,0.00,7,1,7,0.706396
1024,read,3165276.32,0,0,0,64,21648,0.437710
1024,write,2776150.95,0,0,0,64,23395,0.539337
1024,copy,1221060.13,0,0,0,64,7179,0.376276
1024,latency,0,5.66,0.01,7,1,7,0.722176
2048,read,2396384.51,0,0,0,64,5406,0.288755
2048,write,2212502.98,0,0,0,64,7451,0.431063
2048,copy,494478.17,0,0,0,64,3247,0.840514
2048,latency,0,10.08,0.01,7,1,7,0.700966
8192,read,586022.30,0,0,0,64,2629,2.296923
8192,write,466404.03,0,0,0,64,1208,1.326095
8192,copy,147365.73,0,0,0,64,713,2.477211
8192,latency,0,11.57,0.03,7,1,7,0.708921
16384,read,410379.22,0,0,0,64,602,1.502142
16384,write,127574.59,0,0,0,64,578,4.639419
16384,copy,96477.12,0,0,0,64,328,3.481364
16384,latency,0,11.32,0.01,7,1,7,0.720073
32768,read,268192.36,0,0,0,64,318,2.428347
32768,write,138461.55,0,0,0,64,247,3.653404
32768,copy,76152.04,0,0,0,64,138,3.711312
32768,latency,0,15.30,0.37,7,1,7,0.826260
65536,read,229965.79,0,0,0,64,159,2.832004
65536,write,140446.00,0,0,0,64,101,2.945588
65536,copy,86567.75,0,0,0,64,64,3.028195
65536,latency,0,74.69,1.09,7,1,7,3.338495
131072,read,212560.37,0,0,0,64,72,2.774854
131072,write,129553.64,0,0,0,64,47,2.971927
131072,copy,79540.93,0,0,0,64,32,3.295712
131072,latency,0,102.92,0.50,7,1,7,8.865833
