BaselineInfo:
  WebDBID: -1
  TimeStamp: 20241109102102
Version:
  Major: 11
  Minor: 0
  Build: 1002
  SpecialBuildName: ""
  ptArchitecture: x86_64_linux
Results:
  Results Complete: true
  NumTestProcesses: 64
  CPU_INTEGER_MATH: 265872.32733333332
  CPU_FLOATINGPOINT_MATH: 146092.82557848419
  CPU_PRIME: 376.59541681523149
  CPU_SORTING: 136239.10405047055
  CPU_ENCRYPTION: 68535.322888007213
  CPU_COMPRESSION: 1006355.69836924
  CPU_SINGLETHREAD: 2398.5684911560711
  CPU_PHYSICS: 7018.1746793765942
  CPU_MATRIX_MULT_SSE: 58343.158084657836
  CPU_mm: 7176.5675840782169
  CPU_sse: 29961.175133759283
  CPU_fma: 79446.87379308285
  CPU_avx: 65621.425327131365
  CPU_avx512: 0
  m_CPU_enc_SHA: 99477633504.068909
  m_CPU_enc_AES: 63612546672.55294
  m_CPU_enc_ECDSA: 52503304021.223221
  ME_ALLOC_S: 26434.76080363775
  ME_READ_S: 24472.504296874999
  ME_READ_L: 20975.404296875
  ME_WRITE: 20646.537109375
  ME_LARGE: 245878.5
  ME_LATENCY: 58.500146339805269
  ME_THREADED: 153925.05078125
  SUMM_CPU: 62203.541425728552
  SUMM_ME: 3100.3394987031929
SystemInformation:
  OSName: Ubuntu 24.04.1 LTS
  Kernel: 6.8.0-1017-azure
  Device: ""
  Processor: AMD EPYC 7763 64-Core Processor
  NumSockets: 1
  Manufacturer: AuthenticAMD
  NumCores: 32
  NumLogicals: 64
  CPUFrequency: 0
  Memory: 257718
  MemModuleInfo:
    iNumMemSticks: 3
    DIMM 1:
      manufacturer: Microsoft Corporation
      modulePartNo: None
      memType: Unknown
      size: 1
      clkspeed: 0
      moduleVoltage: 0
    DIMM 2:
      manufacturer: Microsoft Corporation
      modulePartNo: None
      memType: Unknown
      size: 59
      clkspeed: 0
      moduleVoltage: 0
    DIMM 3:
      manufacturer: Microsoft Corporation
      modulePartNo: None
      memType: Unknown
      size: 196
      clkspeed: 0
      moduleVoltage: 0
Checksum: E346F6D99613E8EF3CAE6808BFFFDFF99F9DF6BD