---
system-info:
      stress-ng-version: 0.17.08
      run-by: root
      date-yyyy-mm-dd: 2024:06:12
      time-hh-mm-ss: 17:19:24
      epoch-secs: 1718212764
      hostname: ce4cd80b40a4
      sysname: Linux
      nodename: ce4cd80b40a4
      release: 6.8.0-1008-aws
      version: '#8-Ubuntu SMP Sat Apr 20 00:46:25 UTC 2024'
      machine: x86_64
      compiler: 'musl-gcc 13.2.1'
      uptime: 161
      totalram: 66671308800
      freeram: 62131879936
      sharedram: 20160512
      bufferram: 112414720
      totalswap: 0
      freeswap: 0
      pagesize: 4096
      cpus: 32
      cpus-online: 32
      ticks-per-second: 100

metrics:
    - stressor: cpu
      bogo-ops: 31401
      bogo-ops-per-second-usr-sys-time: 1569.954782
      bogo-ops-per-second-real-time: 1570.048016
      wall-clock-time: 20.000025
      user-time: 20.001213
      system-time: 0.000000
      cpu-usage-per-instance: 100.005939
      max-rss: 1032

...
