---
system-info:
      stress-ng-version: 0.17.08
      run-by: root
      date-yyyy-mm-dd: 2024:06:05
      time-hh-mm-ss: 18:51:36
      epoch-secs: 1717613496
      hostname: 493bd232ba73
      sysname: Linux
      nodename: 493bd232ba73
      release: 6.8.0-1008-aws
      version: '#8-Ubuntu SMP Sat Apr 20 00:46:25 UTC 2024'
      machine: x86_64
      compiler: 'musl-gcc 13.2.1'
      uptime: 129
      totalram: 66671300608
      freeram: 62445875200
      sharedram: 20160512
      bufferram: 78942208
      totalswap: 0
      freeswap: 0
      pagesize: 4096
      cpus: 32
      cpus-online: 32
      ticks-per-second: 100

metrics:
    - stressor: cpu
      bogo-ops: 13709
      bogo-ops-per-second-usr-sys-time: 1370.362955
      bogo-ops-per-second-real-time: 1370.425352
      wall-clock-time: 10.003464
      user-time: 10.001920
      system-time: 0.001999
      cpu-usage-per-instance: 100.004553
      max-rss: 3848

...
