---
system-info:
      stress-ng-version: 0.17.08
      run-by: root
      date-yyyy-mm-dd: 2024:06:12
      time-hh-mm-ss: 19:56:14
      epoch-secs: 1718222174
      hostname: b9c92d678c1a
      sysname: Linux
      nodename: b9c92d678c1a
      release: 6.8.0-1008-aws
      version: '#8-Ubuntu SMP Sat Apr 20 00:46:25 UTC 2024'
      machine: x86_64
      compiler: 'musl-gcc 13.2.1'
      uptime: 154
      totalram: 66671312896
      freeram: 62120468480
      sharedram: 20160512
      bufferram: 112783360
      totalswap: 0
      freeswap: 0
      pagesize: 4096
      cpus: 32
      cpus-online: 32
      ticks-per-second: 100

metrics:
    - stressor: cpu
      bogo-ops: 15192
      bogo-ops-per-second-usr-sys-time: 759.589784
      bogo-ops-per-second-real-time: 759.590030
      wall-clock-time: 20.000262
      user-time: 19.999270
      system-time: 0.000999
      cpu-usage-per-instance: 100.000033
      max-rss: 1032

...
