---
system-info:
      stress-ng-version: 0.17.08
      run-by: root
      date-yyyy-mm-dd: 2024:06:14
      time-hh-mm-ss: 05:21:23
      epoch-secs: 1718342483
      hostname: 67395c61fa54
      sysname: Linux
      nodename: 67395c61fa54
      release: 6.8.0-1008-aws
      version: '#8-Ubuntu SMP Sat Apr 20 02:43:14 UTC 2024'
      machine: aarch64
      compiler: 'musl-gcc 13.2.1'
      uptime: 146
      totalram: 8140926976
      freeram: 3892502528
      sharedram: 35012608
      bufferram: 107208704
      totalswap: 0
      freeswap: 0
      pagesize: 4096
      cpus: 4
      cpus-online: 4
      ticks-per-second: 100

metrics:
    - stressor: cpu
      bogo-ops: 30404
      bogo-ops-per-second-usr-sys-time: 1520.229492
      bogo-ops-per-second-real-time: 1520.195451
      wall-clock-time: 20.000060
      user-time: 19.999612
      system-time: 0.000000
      cpu-usage-per-instance: 99.997761
      max-rss: 1192

...
