size_kb,operation,bandwidth_mb_s,latency_ns,latency_stddev_ns,latency_samples,threads,iterations,elapsed_s
32,read,2368555.32,0,0,0,16,925926,0.195462
32,write,2185825.54,0,0,0,16,803858,0.183880
32,copy,1155080.88,0,0,0,16,378214,0.163718
32,latency,0,0.81,0.00,7,1,7,0.119340
128,read,2291910.84,0,0,0,16,242248,0.211394
128,write,2052139.16,0,0,0,16,239923,0.233827
128,copy,1377377.85,0,0,0,16,132065,0.191763
128,latency,0,2.20,0.00,7,1,7,0.693715
256,read,2299988.19,0,0,0,16,134192,0.233379
256,write,2180202.93,0,0,0,16,122970,0.225612
256,copy,1457463.91,0,0,0,16,97924,0.268752
256,latency,0,2.52,0.00,7,1,7,0.699624
512,read,2242190.72,0,0,0,16,71530,0.255215
512,write,2205490.67,0,0,0,16,66207,0.240153
512,copy,1144193.62,0,0,0,16,27833,0.194603
512,latency,0,3.05,0.01,7,1,7,0.702330
1024,read,1915002.15,0,0,0,16,30822,0.257520
1024,write,1857258.79,0,0,0,16,26989,0.232506
1024,copy,907937.75,0,0,0,16,12038,0.212138
1024,latency,0,4.77,0.11,7,1,7,0.676010
4096,read,1701981.28,0,0,0,16,4878,0.183429
4096,write,1752912.40,0,0,0,16,4876,0.178026
4096,copy,617354.69,0,0,0,16,2350,0.243620
4096,latency,0,8.66,0.01,7,1,7,0.695288
8192,read,977424.78,0,0,0,16,1417,0.185565
8192,write,870822.46,0,0,0,16,1750,0.257228
8192,copy,190435.31,0,0,0,16,999,0.671472
8192,latency,0,9.31,0.03,7,1,7,0.706607
16384,read,467884.96,0,0,0,16,790,0.432243
16384,write,269763.22,0,0,0,16,802,0.761082
16384,copy,103976.59,0,0,0,16,455,1.120252
16384,latency,0,9.69,0.20,7,1,7,0.693671
32768,read,335121.42,0,0,0,16,362,0.553065
32768,write,160099.11,0,0,0,16,431,1.378346
32768,copy,92037.93,0,0,0,16,175,0.973512
32768,latency,0,32.80,12.75,21,1,21,3.341985
65536,read,292011.66,0,0,0,16,188,0.659261
65536,write,133808.74,0,0,0,16,170,1.300961
65536,copy,92505.20,0,0,0,16,83,0.918781
65536,latency,0,106.31,2.65,7,1,7,4.553497
