---
system-info:
      stress-ng-version: 0.17.08
      run-by: root
      date-yyyy-mm-dd: 2024:07:03
      time-hh-mm-ss: 04:16:00
      epoch-secs: 1719980160
      hostname: n2-standard-64-239d95e
      sysname: Linux
      nodename: n2-standard-64-239d95e
      release: 6.8.0-1009-gcp
      version: '#10-Ubuntu SMP Wed Jun 12 18:52:23 UTC 2024'
      machine: x86_64
      compiler: 'musl-gcc 13.2.1'
      uptime: 147
      totalram: 270439931904
      freeram: 264326021120
      sharedram: 71151616
      bufferram: 129957888
      totalswap: 0
      freeswap: 0
      pagesize: 4096
      cpus: 64
      cpus-online: 64
      ticks-per-second: 100

metrics:
    - stressor: cpu
      bogo-ops: 1203618
      bogo-ops-per-second-usr-sys-time: 940.795676
      bogo-ops-per-second-real-time: 60180.608048
      wall-clock-time: 20.000097
      user-time: 1279.329761
      system-time: 0.031986
      cpu-usage-per-instance: 99.949652
      max-rss: 512

...
