BaselineInfo:
  WebDBID: -1
  TimeStamp: 20260618050417
Version:
  Major: 11
  Minor: 0
  Build: 1004
  SpecialBuildName: ""
  ptArchitecture: x86_64_linux
Results:
  Results Complete: true
  NumTestProcesses: 16
  CPU_INTEGER_MATH: 55539.631666666661
  CPU_FLOATINGPOINT_MATH: 29857.503110724312
  CPU_PRIME: 93.88893523253509
  CPU_SORTING: 34148.781357551219
  CPU_ENCRYPTION: 7694.6526732395059
  CPU_COMPRESSION: 264310.70778225287
  CPU_SINGLETHREAD: 2327.9998746349602
  CPU_PHYSICS: 1660.6245849731802
  CPU_MATRIX_MULT_SSE: 14805.812058954802
  CPU_mm: 1694.9060655542039
  CPU_sse: 6002.8784349777898
  CPU_fma: 17961.655128201572
  CPU_avx: 12694.737610400089
  CPU_avx512: 22563.977062239741
  m_CPU_enc_SHA: 2515569811.7215281
  m_CPU_enc_AES: 19404306459.807827
  m_CPU_enc_ECDSA: 2285408092.9550118
  ME_ALLOC_S: 6338.0181601441209
  ME_READ_S: 24805.0400390625
  ME_READ_L: 9993.9189453125
  ME_WRITE: 10188.482421875
  ME_LARGE: 54213.75
  ME_LATENCY: 48.598351540074042
  ME_THREADED: 87367.9501953125
  SUMM_CPU: 18072.936852300347
  SUMM_ME: 2643.8453821656444
SystemInformation:
  OSName: Ubuntu 24.04.4 LTS
  Kernel: 6.8.0-124-generic
  Device: ""
  Processor: Intel(R) Xeon(R) Platinum 8369HB CPU @ 3.30GHz
  NumSockets: 1
  Manufacturer: GenuineIntel
  NumCores: 8
  NumLogicals: 16
  CPUFrequency: 0
  CPUMaxFrequency: 0
  Memory: 62874
  CPUInfo:
    number: 1
    Family: 6
    Model: 5
    stepping: 11
    features: 529267711
    manufacture: GenuineIntel
    typestring: Intel(R) Xeon(R) Platinum 8369HB CPU @ 3.30GHz
    iCoresPerPackage: 8
    iThreadsPerPackage: 2
    featuresEx:
      - 529267711
      - 4277809667
      - 739248128
    bHybrid: false
    nPCore: 0
    nLogicalsPerPCore: 0
    nECore: 0
    nLogicalsPerECore: 0
  MemModuleInfo:
    iNumMemSticks: 4
    DIMM 1:
      manufacturer: Alibaba Cloud
      modulePartNo: Not Specified
      memType: RAM
      size: 16
      clkspeed: 0
      moduleVoltage: 0
    DIMM 2:
      manufacturer: Alibaba Cloud
      modulePartNo: Not Specified
      memType: RAM
      size: 16
      clkspeed: 0
      moduleVoltage: 0
    DIMM 3:
      manufacturer: Alibaba Cloud
      modulePartNo: Not Specified
      memType: RAM
      size: 16
      clkspeed: 0
      moduleVoltage: 0
    DIMM 4:
      manufacturer: Alibaba Cloud
      modulePartNo: Not Specified
      memType: RAM
      size: 16
      clkspeed: 0
      moduleVoltage: 0
Checksum: F89111A384D478BF1418BB3F542DC75203F7642F