BaselineInfo:
  WebDBID: -1
  TimeStamp: 20241107084154
Version:
  Major: 11
  Minor: 0
  Build: 1002
  SpecialBuildName: ""
  ptArchitecture: x86_64_linux
Results:
  Results Complete: true
  NumTestProcesses: 2
  CPU_INTEGER_MATH: 8362.3089999999993
  CPU_FLOATINGPOINT_MATH: 4281.3485494476899
  CPU_PRIME: 19.360046657487366
  CPU_SORTING: 4415.0252030886604
  CPU_ENCRYPTION: 1819.9859689462569
  CPU_COMPRESSION: 32201.979699294978
  CPU_SINGLETHREAD: 2376.6572220767221
  CPU_PHYSICS: 370.02980399635612
  CPU_MATRIX_MULT_SSE: 1686.9845518444906
  CPU_mm: 180.34264377998528
  CPU_sse: 793.85657720200288
  CPU_fma: 2181.7491585827529
  CPU_avx: 1612.4221235809855
  CPU_avx512: 2159.9103480122217
  m_CPU_enc_SHA: 1834535189.8022103
  m_CPU_enc_AES: 2755956710.8032284
  m_CPU_enc_ECDSA: 1134688921.5159321
  ME_ALLOC_S: 1042.3246850478572
  ME_READ_S: 24222.411328124999
  ME_READ_L: 12343.5390625
  ME_WRITE: 10969.80859375
  ME_LARGE: 6068
  ME_LATENCY: 51.986705279145987
  ME_THREADED: 16136.54345703125
  SUMM_CPU: 3000.6863769166835
  SUMM_ME: 1920.1285692860536
SystemInformation:
  OSName: Ubuntu 24.04.1 LTS
  Kernel: 6.8.0-1017-azure
  Device: ""
  Processor: Intel Xeon Platinum 8370C CPU @ 2.80GHz
  NumSockets: 1
  Manufacturer: GenuineIntel
  NumCores: 1
  NumLogicals: 2
  CPUFrequency: 2800
  Memory: 15989
  MemModuleInfo:
    iNumMemSticks: 2
    DIMM 1:
      manufacturer: Microsoft Corporation
      modulePartNo: None
      memType: Unknown
      size: 1
      clkspeed: 0
      moduleVoltage: 0
    DIMM 2:
      manufacturer: Microsoft Corporation
      modulePartNo: None
      memType: Unknown
      size: 15
      clkspeed: 0
      moduleVoltage: 0
Checksum: 93C78D748906ADD34AC79299B010820BF6DCEF0B