BaselineInfo:
  WebDBID: -1
  TimeStamp: 20260405002408
Version:
  Major: 11
  Minor: 0
  Build: 1004
  SpecialBuildName: ""
  ptArchitecture: x86_64_linux
Results:
  Results Complete: true
  NumTestProcesses: 24
  CPU_INTEGER_MATH: 59085.134999999987
  CPU_FLOATINGPOINT_MATH: 31688.692137149192
  CPU_PRIME: 90.925456414017461
  CPU_SORTING: 36185.048100242842
  CPU_ENCRYPTION: 8161.2156184673186
  CPU_COMPRESSION: 269911.73618075979
  CPU_SINGLETHREAD: 1691.9341309359977
  CPU_PHYSICS: 1785.5261084614792
  CPU_MATRIX_MULT_SSE: 18521.570464153767
  CPU_mm: 1796.645096273329
  CPU_sse: 6485.4193960750381
  CPU_fma: 21935.801465197794
  CPU_avx: 15507.595275142932
  CPU_avx512: 30157.465720199303
  m_CPU_enc_SHA: 2668455277.9936872
  m_CPU_enc_AES: 20585858021.486206
  m_CPU_enc_ECDSA: 2418651185.5700698
  ME_ALLOC_S: 6441.0268968115033
  ME_READ_S: 19366.436718749999
  ME_READ_L: 6909.341796875
  ME_WRITE: 7138.15673828125
  ME_LARGE: 82462.666666666672
  ME_LATENCY: 73.549472550304557
  ME_THREADED: 92259.020751953125
  SUMM_CPU: 18419.598744612449
  SUMM_ME: 1893.3925563468374
SystemInformation:
  OSName: Ubuntu 24.04.4 LTS
  Kernel: 6.8.0-106-generic
  Device: ""
  Processor: Intel(R) Xeon(R) Platinum 8269CY CPU @ 2.50GHz
  NumSockets: 1
  Manufacturer: GenuineIntel
  NumCores: 12
  NumLogicals: 24
  CPUFrequency: 2500
  CPUMaxFrequency: 3800
  Memory: 96040
  CPUInfo:
    number: 1
    Family: 6
    Model: 5
    stepping: 7
    features: 529267711
    manufacture: GenuineIntel
    typestring: Intel(R) Xeon(R) Platinum 8269CY CPU @ 2.50GHz
    iCoresPerPackage: 12
    iThreadsPerPackage: 2
    featuresEx:
      - 529267711
      - 4294586883
      - 739248128
    bHybrid: false
    nPCore: 0
    nLogicalsPerPCore: 0
    nECore: 0
    nLogicalsPerECore: 0
  MemModuleInfo:
    iNumMemSticks: 6
    DIMM 1:
      manufacturer: Alibaba Cloud
      modulePartNo: Not Specified
      memType: RAM
      size: 16
      clkspeed: 0
      moduleVoltage: 0
    DIMM 2:
      manufacturer: Alibaba Cloud
      modulePartNo: Not Specified
      memType: RAM
      size: 16
      clkspeed: 0
      moduleVoltage: 0
    DIMM 3:
      manufacturer: Alibaba Cloud
      modulePartNo: Not Specified
      memType: RAM
      size: 16
      clkspeed: 0
      moduleVoltage: 0
    DIMM 4:
      manufacturer: Alibaba Cloud
      modulePartNo: Not Specified
      memType: RAM
      size: 16
      clkspeed: 0
      moduleVoltage: 0
    DIMM 5:
      manufacturer: Alibaba Cloud
      modulePartNo: Not Specified
      memType: RAM
      size: 16
      clkspeed: 0
      moduleVoltage: 0
    DIMM 6:
      manufacturer: Alibaba Cloud
      modulePartNo: Not Specified
      memType: RAM
      size: 16
      clkspeed: 0
      moduleVoltage: 0
Checksum: 5692BF51B76E4576CFE508CED98650CF591B21DA