BaselineInfo:
  WebDBID: -1
  TimeStamp: 20260404122111
Version:
  Major: 11
  Minor: 0
  Build: 1004
  SpecialBuildName: ""
  ptArchitecture: x86_64_linux
Results:
  Results Complete: true
  NumTestProcesses: 8
  CPU_INTEGER_MATH: 19671.851666666666
  CPU_FLOATINGPOINT_MATH: 10559.290991224927
  CPU_PRIME: 45.011431115928794
  CPU_SORTING: 12088.883657795261
  CPU_ENCRYPTION: 2725.4521498903446
  CPU_COMPRESSION: 91271.833415846195
  CPU_SINGLETHREAD: 1686.2132361273575
  CPU_PHYSICS: 777.79942224604929
  CPU_MATRIX_MULT_SSE: 6058.5313794112171
  CPU_mm: 598.56251366159813
  CPU_sse: 2151.1230625189992
  CPU_fma: 7310.4450929769946
  CPU_avx: 5166.4350994115293
  CPU_avx512: 9606.12226273735
  m_CPU_enc_SHA: 889017584.88849688
  m_CPU_enc_AES: 6877767391.1420603
  m_CPU_enc_ECDSA: 806746164.53969491
  ME_ALLOC_S: 2204.7532877250374
  ME_READ_S: 19493.749414062499
  ME_READ_L: 6654.22998046875
  ME_WRITE: 6867.876953125
  ME_LARGE: 3639.5833333333335
  ME_LATENCY: 74.559969580193567
  ME_THREADED: 38695.9189453125
  SUMM_CPU: 7009.6985621590202
  SUMM_ME: 1522.9900652723186
SystemInformation:
  OSName: Ubuntu 24.04.4 LTS
  Kernel: 6.8.0-106-generic
  Device: ""
  Processor: Intel(R) Xeon(R) Platinum 8269CY CPU @ 2.50GHz
  NumSockets: 1
  Manufacturer: GenuineIntel
  NumCores: 4
  NumLogicals: 8
  CPUFrequency: 2500
  CPUMaxFrequency: 3800
  Memory: 15606
  CPUInfo:
    number: 1
    Family: 6
    Model: 5
    stepping: 7
    features: 529267711
    manufacture: GenuineIntel
    typestring: Intel(R) Xeon(R) Platinum 8269CY CPU @ 2.50GHz
    iCoresPerPackage: 4
    iThreadsPerPackage: 2
    featuresEx:
      - 529267711
      - 4294586883
      - 739248128
    bHybrid: false
    nPCore: 0
    nLogicalsPerPCore: 0
    nECore: 0
    nLogicalsPerECore: 0
  MemModuleInfo:
    iNumMemSticks: 1
    DIMM 1:
      manufacturer: Alibaba Cloud
      modulePartNo: Not Specified
      memType: RAM
      size: 16
      clkspeed: 0
      moduleVoltage: 0
Checksum: F2408260A895CAE7B5C627BC110F32717C83C05B