---
system-info:
      stress-ng-version: 0.17.08
      run-by: root
      date-yyyy-mm-dd: 2024:06:13
      time-hh-mm-ss: 01:19:27
      epoch-secs: 1718241567
      hostname: bff2f0f19518
      sysname: Linux
      nodename: bff2f0f19518
      release: 6.8.0-1008-aws
      version: '#8-Ubuntu SMP Sat Apr 20 00:46:25 UTC 2024'
      machine: x86_64
      compiler: 'musl-gcc 13.2.1'
      uptime: 141
      totalram: 4002340864
      freeram: 219619328
      sharedram: 59850752
      bufferram: 105742336
      totalswap: 0
      freeswap: 0
      pagesize: 4096
      cpus: 2
      cpus-online: 2
      ticks-per-second: 100

metrics:
    - stressor: cpu
      bogo-ops: 37587
      bogo-ops-per-second-usr-sys-time: 1879.489740
      bogo-ops-per-second-real-time: 1879.341554
      wall-clock-time: 20.000090
      user-time: 19.997532
      system-time: 0.000981
      cpu-usage-per-instance: 99.992116
      max-rss: 976

...
