---
system-info:
      stress-ng-version: 0.17.08
      run-by: root
      date-yyyy-mm-dd: 2024:06:06
      time-hh-mm-ss: 11:19:31
      epoch-secs: 1717672771
      hostname: 2e7fc1460fb4
      sysname: Linux
      nodename: 2e7fc1460fb4
      release: 6.8.0-1008-aws
      version: '#8-Ubuntu SMP Sat Apr 20 00:46:25 UTC 2024'
      machine: x86_64
      compiler: 'musl-gcc 13.2.1'
      uptime: 115
      totalram: 4002344960
      freeram: 107892736
      sharedram: 59850752
      bufferram: 80519168
      totalswap: 0
      freeswap: 0
      pagesize: 4096
      cpus: 2
      cpus-online: 2
      ticks-per-second: 100

metrics:
    - stressor: cpu
      bogo-ops: 16564
      bogo-ops-per-second-usr-sys-time: 1656.402485
      bogo-ops-per-second-real-time: 1656.272491
      wall-clock-time: 10.000770
      user-time: 9.996983
      system-time: 0.003002
      cpu-usage-per-instance: 99.992152
      max-rss: 3792

...
