---
system-info:
      stress-ng-version: 0.17.08
      run-by: root
      date-yyyy-mm-dd: 2024:07:02
      time-hh-mm-ss: 10:52:13
      epoch-secs: 1719917533
      hostname: n2-highcpu-32-a2d75f8
      sysname: Linux
      nodename: n2-highcpu-32-a2d75f8
      release: 6.8.0-1009-gcp
      version: '#10-Ubuntu SMP Wed Jun 12 18:52:23 UTC 2024'
      machine: x86_64
      compiler: 'musl-gcc 13.2.1'
      uptime: 180
      totalram: 33693773824
      freeram: 28040294400
      sharedram: 70717440
      bufferram: 127586304
      totalswap: 0
      freeswap: 0
      pagesize: 4096
      cpus: 32
      cpus-online: 32
      ticks-per-second: 100

metrics:
    - stressor: cpu
      bogo-ops: 28187
      bogo-ops-per-second-usr-sys-time: 1409.405742
      bogo-ops-per-second-real-time: 1409.342809
      wall-clock-time: 20.000102
      user-time: 19.999209
      system-time: 0.000000
      cpu-usage-per-instance: 99.995535
      max-rss: 1032

...
