BaselineInfo:
  WebDBID: -1
  TimeStamp: 20260404005626
Version:
  Major: 11
  Minor: 0
  Build: 1004
  SpecialBuildName: ""
  ptArchitecture: x86_64_linux
Results:
  Results Complete: true
  NumTestProcesses: 4
  CPU_INTEGER_MATH: 16601.906333333332
  CPU_FLOATINGPOINT_MATH: 9153.5075348836272
  CPU_PRIME: 37.611546697139531
  CPU_SORTING: 9328.0593777919476
  CPU_ENCRYPTION: 4315.1624726970858
  CPU_COMPRESSION: 64579.5642730986
  CPU_SINGLETHREAD: 2388.1052234623603
  CPU_PHYSICS: 769.89535818443574
  CPU_MATRIX_MULT_SSE: 3596.8686958734966
  CPU_mm: 448.90356503226752
  CPU_sse: 1885.1372251335167
  CPU_fma: 5185.8926846098148
  CPU_avx: 3719.5761778771575
  CPU_avx512: 0
  m_CPU_enc_SHA: 6248161172.5865202
  m_CPU_enc_AES: 4001024786.6085854
  m_CPU_enc_ECDSA: 3325141455.7173529
  ME_ALLOC_S: 1845.2281092724847
  ME_READ_S: 23548.155859375001
  ME_READ_L: 17570.146484375
  ME_WRITE: 15749.541015625
  ME_LARGE: 18461.166666666668
  ME_LATENCY: 57.416325281675135
  ME_THREADED: 37225.4970703125
  SUMM_CPU: 6182.7937818887203
  SUMM_ME: 2465.28766211421
SystemInformation:
  OSName: Ubuntu 24.04.4 LTS
  Kernel: 6.8.0-106-generic
  Device: ""
  Processor: "AMD EPYC 7T83 64-Core Processor                "
  NumSockets: 1
  Manufacturer: AuthenticAMD
  NumCores: 2
  NumLogicals: 4
  CPUFrequency: 0
  CPUMaxFrequency: 0
  Memory: 31192
  CPUInfo:
    number: 1
    Family: 15
    Model: 1
    stepping: 1
    features: 395049983
    manufacture: AuthenticAMD
    typestring: "AMD EPYC 7T83 64-Core Processor                "
    iCoresPerPackage: 2
    iThreadsPerPackage: 2
    featuresEx:
      - 395049983
      - 4277809667
      - 802421759
    bHybrid: false
    nPCore: 0
    nLogicalsPerPCore: 0
    nECore: 0
    nLogicalsPerECore: 0
  MemModuleInfo:
    iNumMemSticks: 2
    DIMM 1:
      manufacturer: Alibaba Cloud
      modulePartNo: Not Specified
      memType: RAM
      size: 16
      clkspeed: 0
      moduleVoltage: 0
    DIMM 2:
      manufacturer: Alibaba Cloud
      modulePartNo: Not Specified
      memType: RAM
      size: 16
      clkspeed: 0
      moduleVoltage: 0
Checksum: CF607CBDE43DA4A419DA9347B06553237468C309