BaselineInfo:
  WebDBID: -1
  TimeStamp: 20260404074950
Version:
  Major: 11
  Minor: 0
  Build: 1004
  SpecialBuildName: ""
  ptArchitecture: x86_64_linux
Results:
  Results Complete: true
  NumTestProcesses: 8
  CPU_INTEGER_MATH: 25536.853999999999
  CPU_FLOATINGPOINT_MATH: 13712.549418784845
  CPU_PRIME: 53.284395277410155
  CPU_SORTING: 15720.743778283191
  CPU_ENCRYPTION: 3537.6617188679611
  CPU_COMPRESSION: 118475.49389747932
  CPU_SINGLETHREAD: 2145.9194119836166
  CPU_PHYSICS: 951.19811864301641
  CPU_MATRIX_MULT_SSE: 7074.4213180486386
  CPU_mm: 777.6173072254303
  CPU_sse: 2800.6743998469124
  CPU_fma: 8673.6126540820496
  CPU_avx: 6130.8046235068696
  CPU_avx512: 10692.593594758719
  m_CPU_enc_SHA: 1154373392.9999716
  m_CPU_enc_AES: 8927385564.268631
  m_CPU_enc_ECDSA: 1046762566.3024729
  ME_ALLOC_S: 2943.3421171246996
  ME_READ_S: 24755.580078125
  ME_READ_L: 9727.0556640625
  ME_WRITE: 9679.060546875
  ME_LARGE: 3815
  ME_LATENCY: 55.683337836895369
  ME_THREADED: 46327.99365234375
  SUMM_CPU: 8939.3100873713774
  SUMM_ME: 1981.8098285714116
SystemInformation:
  OSName: Ubuntu 24.04.4 LTS
  Kernel: 6.8.0-106-generic
  Device: ""
  Processor: Intel(R) Xeon(R) Platinum 8269CY CPU T 3.10GHz
  NumSockets: 1
  Manufacturer: GenuineIntel
  NumCores: 4
  NumLogicals: 8
  CPUFrequency: 3100
  CPUMaxFrequency: 3800
  Memory: 15069
  CPUInfo:
    number: 1
    Family: 6
    Model: 5
    stepping: 7
    features: 529267711
    manufacture: GenuineIntel
    typestring: Intel(R) Xeon(R) Platinum 8269CY CPU T 3.10GHz
    iCoresPerPackage: 4
    iThreadsPerPackage: 2
    featuresEx:
      - 529267711
      - 4277809667
      - 739248128
    bHybrid: false
    nPCore: 0
    nLogicalsPerPCore: 0
    nECore: 0
    nLogicalsPerECore: 0
  MemModuleInfo:
    iNumMemSticks: 1
    DIMM 1:
      manufacturer: Alibaba Cloud
      modulePartNo: Not Specified
      memType: RAM
      size: 16
      clkspeed: 0
      moduleVoltage: 0
Checksum: 810BC47D00720D26EA13051A1E49A6F7E6E43023