BaselineInfo:
  WebDBID: -1
  TimeStamp: 20250829032158
Version:
  Major: 11
  Minor: 0
  Build: 1002
  SpecialBuildName: ""
  ptArchitecture: aarch64_linux
Results:
  Results Complete: true
  NumTestProcesses: 8
  CPU_INTEGER_MATH: 41738.888333333336
  CPU_FLOATINGPOINT_MATH: 48485.937345541024
  CPU_PRIME: 139.42007291640169
  CPU_SORTING: 36985.00613213452
  CPU_ENCRYPTION: 1503.7895339529771
  CPU_COMPRESSION: 53067.848260184386
  CPU_SINGLETHREAD: 1942.1764715542486
  CPU_PHYSICS: 2577.1286398661218
  CPU_MATRIX_MULT_SSE: 7366.4877811800588
  CPU_mm: 909.63581380002984
  CPU_sse: 5788.9161082905212
  CPU_fma: 8944.0594540695984
  CPU_avx: 0
  CPU_avx512: 0
  m_CPU_enc_SHA: 2349603976.5914855
  m_CPU_enc_AES: 860197252.624856
  m_CPU_enc_ECDSA: 1520711613.8464892
  ME_ALLOC_S: 12108.991100288982
  ME_READ_S: 21200.866015625001
  ME_READ_L: 20165.615234375
  ME_WRITE: 21293.9921875
  ME_LARGE: 53272.333333333336
  ME_LATENCY: 47.618323501349671
  ME_THREADED: 152885.580078125
  SUMM_CPU: 7682.4720623361391
  SUMM_ME: 3223.3826311592584
SystemInformation:
  OSName: Ubuntu 24.04.2 LTS
  Kernel: 6.14.0-1011-aws
  Device: ""
  Processor: ARM Neoverse-V2 8 Core 0 MHz
  NumSockets: 1
  Manufacturer: ARM
  NumCores: 8
  NumLogicals: 8
  CPUFrequency: 0
  Memory: 63131
Checksum: A7E292461FCD6A6609BD60FFD0CE2646020C2291