---
system-info:
      stress-ng-version: 0.17.08
      run-by: root
      date-yyyy-mm-dd: 2024:09:03
      time-hh-mm-ss: 05:25:24
      epoch-secs: 1725341124
      hostname: sc-runner
      sysname: Linux
      nodename: sc-runner
      release: 6.8.0-1013-azure
      version: '#15-Ubuntu SMP Thu Aug  8 18:40:40 UTC 2024'
      machine: x86_64
      compiler: 'musl-gcc 13.2.1'
      uptime: 395
      totalram: 14652858368
      freeram: 6151303168
      sharedram: 42160128
      bufferram: 215924736
      totalswap: 0
      freeswap: 0
      pagesize: 4096
      cpus: 4
      cpus-online: 4
      ticks-per-second: 100

metrics:
    - stressor: cpu
      bogo-ops: 20801
      bogo-ops-per-second-usr-sys-time: 1040.135551
      bogo-ops-per-second-real-time: 1040.040800
      wall-clock-time: 20.000177
      user-time: 19.997355
      system-time: 0.001000
      cpu-usage-per-instance: 99.990891
      max-rss: 3152

...
