BaselineInfo:
  WebDBID: -1
  TimeStamp: 20260404025747
Version:
  Major: 11
  Minor: 0
  Build: 1004
  SpecialBuildName: ""
  ptArchitecture: x86_64_linux
Results:
  Results Complete: true
  NumTestProcesses: 4
  CPU_INTEGER_MATH: 16806.007666666665
  CPU_FLOATINGPOINT_MATH: 8594.5807274597664
  CPU_PRIME: 36.674709001716451
  CPU_SORTING: 8885.0319000735653
  CPU_ENCRYPTION: 3651.6461921101991
  CPU_COMPRESSION: 64331.862560658687
  CPU_SINGLETHREAD: 2365.1949075503449
  CPU_PHYSICS: 736.43730711497733
  CPU_MATRIX_MULT_SSE: 3407.0391369617482
  CPU_mm: 362.21031583768104
  CPU_sse: 1594.8257433332899
  CPU_fma: 4366.9582319083174
  CPU_avx: 3222.885548959453
  CPU_avx512: 4443.487023645931
  m_CPU_enc_SHA: 3683811276.2900763
  m_CPU_enc_AES: 5538339300.3914137
  m_CPU_enc_ECDSA: 2264935095.9329419
  ME_ALLOC_S: 1989.2894919503435
  ME_READ_S: 24074.4521484375
  ME_READ_L: 10910.2841796875
  ME_WRITE: 9772.333984375
  ME_LARGE: 1726.75
  ME_LATENCY: 63.534875524564427
  ME_THREADED: 29296.833984375
  SUMM_CPU: 5908.5206656642476
  SUMM_ME: 1548.6158606343633
SystemInformation:
  OSName: Ubuntu 24.04.4 LTS
  Kernel: 6.8.0-106-generic
  Device: ""
  Processor: Intel(R) Xeon(R) Platinum 8369B CPU @ 2.70GHz
  NumSockets: 1
  Manufacturer: GenuineIntel
  NumCores: 2
  NumLogicals: 4
  CPUFrequency: 0
  CPUMaxFrequency: 0
  Memory: 7270
  CPUInfo:
    number: 1
    Family: 6
    Model: 10
    stepping: 6
    features: 529267711
    manufacture: GenuineIntel
    typestring: Intel(R) Xeon(R) Platinum 8369B CPU @ 2.70GHz
    iCoresPerPackage: 2
    iThreadsPerPackage: 2
    featuresEx:
      - 529267711
      - 4277809667
      - 739248128
    bHybrid: false
    nPCore: 0
    nLogicalsPerPCore: 0
    nECore: 0
    nLogicalsPerECore: 0
  MemModuleInfo:
    iNumMemSticks: 1
    DIMM 1:
      manufacturer: Alibaba Cloud
      modulePartNo: Not Specified
      memType: RAM
      size: 8
      clkspeed: 0
      moduleVoltage: 0
Checksum: 3708E9798CE60184CE1B9C2396F1178885FA6EFC