---
system-info:
      stress-ng-version: 0.17.08
      run-by: root
      date-yyyy-mm-dd: 2024:06:26
      time-hh-mm-ss: 14:29:28
      epoch-secs: 1719412168
      hostname: n4-highmem-2-0712465
      sysname: Linux
      nodename: n4-highmem-2-0712465
      release: 6.8.0-1008-gcp
      version: '#9-Ubuntu SMP Wed May 22 18:09:04 UTC 2024'
      machine: x86_64
      compiler: 'musl-gcc 13.2.1'
      uptime: 122
      totalram: 16767029248
      freeram: 11608834048
      sharedram: 274026496
      bufferram: 124772352
      totalswap: 0
      freeswap: 0
      pagesize: 4096
      cpus: 2
      cpus-online: 2
      ticks-per-second: 100

metrics:
    - stressor: cpu
      bogo-ops: 33007
      bogo-ops-per-second-usr-sys-time: 832.138795
      bogo-ops-per-second-real-time: 1650.343075
      wall-clock-time: 20.000084
      user-time: 39.658275
      system-time: 0.006983
      cpu-usage-per-instance: 99.162729
      max-rss: 1104

...
