---
system-info:
      stress-ng-version: 0.17.08
      run-by: root
      date-yyyy-mm-dd: 2024:06:08
      time-hh-mm-ss: 16:55:48
      epoch-secs: 1717865748
      hostname: aa792d8a4c28
      sysname: Linux
      nodename: aa792d8a4c28
      release: 6.8.0-1008-aws
      version: '#8-Ubuntu SMP Sat Apr 20 00:46:25 UTC 2024'
      machine: x86_64
      compiler: 'musl-gcc 13.2.1'
      uptime: 112
      totalram: 33089789952
      freeram: 28598628352
      sharedram: 59887616
      bufferram: 103804928
      totalswap: 0
      freeswap: 0
      pagesize: 4096
      cpus: 8
      cpus-online: 8
      ticks-per-second: 100

metrics:
    - stressor: cpu
      bogo-ops: 16761
      bogo-ops-per-second-usr-sys-time: 1675.288825
      bogo-ops-per-second-real-time: 1675.290854
      wall-clock-time: 10.004830
      user-time: 10.004842
      system-time: 0.000000
      cpu-usage-per-instance: 100.000121
      max-rss: 3920

...
