---
system-info:
      stress-ng-version: 0.17.08
      run-by: root
      date-yyyy-mm-dd: 2024:06:14
      time-hh-mm-ss: 22:55:53
      epoch-secs: 1718405753
      hostname: baabfb641a93
      sysname: Linux
      nodename: baabfb641a93
      release: 6.8.0-1008-aws
      version: '#8-Ubuntu SMP Sat Apr 20 00:46:25 UTC 2024'
      machine: x86_64
      compiler: 'musl-gcc 13.2.1'
      uptime: 133
      totalram: 33089798144
      freeram: 28659044352
      sharedram: 59887616
      bufferram: 110034944
      totalswap: 0
      freeswap: 0
      pagesize: 4096
      cpus: 8
      cpus-online: 8
      ticks-per-second: 100

metrics:
    - stressor: cpu
      bogo-ops: 37817
      bogo-ops-per-second-usr-sys-time: 1890.811144
      bogo-ops-per-second-real-time: 1890.847318
      wall-clock-time: 20.000028
      user-time: 20.000411
      system-time: 0.000000
      cpu-usage-per-instance: 100.001913
      max-rss: 976

...
