BaselineInfo:
  WebDBID: -1
  TimeStamp: 20241108174653
Version:
  Major: 11
  Minor: 0
  Build: 1002
  SpecialBuildName: ""
  ptArchitecture: x86_64_linux
Results:
  Results Complete: true
  NumTestProcesses: 16
  CPU_INTEGER_MATH: 73648.181666666671
  CPU_FLOATINGPOINT_MATH: 40347.980578580828
  CPU_PRIME: 103.31537052274385
  CPU_SORTING: 37580.449477806753
  CPU_ENCRYPTION: 18989.266427473438
  CPU_COMPRESSION: 281371.1134625072
  CPU_SINGLETHREAD: 2640.9871378529665
  CPU_PHYSICS: 2085.1979020625722
  CPU_MATRIX_MULT_SSE: 16500.832157104745
  CPU_mm: 1988.3959106116401
  CPU_sse: 8440.5192350445432
  CPU_fma: 23025.453897822252
  CPU_avx: 18036.523338447445
  CPU_avx512: 0
  m_CPU_enc_SHA: 27496530416.528679
  m_CPU_enc_AES: 17579800506.138542
  m_CPU_enc_ECDSA: 14658736177.69595
  ME_ALLOC_S: 7176.9436001179456
  ME_READ_S: 26527.1220703125
  ME_READ_L: 17143.65625
  ME_WRITE: 17502.9375
  ME_LARGE: 49196.25
  ME_LATENCY: 67.561060741625226
  ME_THREADED: 38762.13427734375
  SUMM_CPU: 23622.645220306738
  SUMM_ME: 2566.5634828969787
SystemInformation:
  OSName: Ubuntu 24.04.1 LTS
  Kernel: 6.8.0-1016-aws
  Device: ""
  Processor: AMD EPYC 7R13 Processor
  NumSockets: 1
  Manufacturer: AuthenticAMD
  NumCores: 8
  NumLogicals: 16
  CPUFrequency: 0
  Memory: 61912
  MemModuleInfo:
    iNumMemSticks: 1
    DIMM 1:
      manufacturer: Not Specified
      modulePartNo: Not Specified
      memType: DDR4
      size: 64
      clkspeed: 1600
      moduleVoltage: 0
Checksum: CE00CCF4B8FAE5A76A2EC1B5F655426CFFEBDD8D