---
system-info:
      stress-ng-version: 0.17.08
      run-by: root
      date-yyyy-mm-dd: 2024:06:13
      time-hh-mm-ss: 02:22:22
      epoch-secs: 1718245342
      hostname: df681bcaf344
      sysname: Linux
      nodename: df681bcaf344
      release: 6.8.0-1008-aws
      version: '#8-Ubuntu SMP Sat Apr 20 00:46:25 UTC 2024'
      machine: x86_64
      compiler: 'musl-gcc 13.2.1'
      uptime: 140
      totalram: 99611578368
      freeram: 94935437312
      sharedram: 60047360
      bufferram: 113164288
      totalswap: 0
      freeswap: 0
      pagesize: 4096
      cpus: 48
      cpus-online: 48
      ticks-per-second: 100

metrics:
    - stressor: cpu
      bogo-ops: 37837
      bogo-ops-per-second-usr-sys-time: 1891.806299
      bogo-ops-per-second-real-time: 1891.841317
      wall-clock-time: 20.000092
      user-time: 20.000462
      system-time: 0.000000
      cpu-usage-per-instance: 100.001851
      max-rss: 1152

...
