---
system-info:
      stress-ng-version: 0.17.08
      run-by: root
      date-yyyy-mm-dd: 2024:06:06
      time-hh-mm-ss: 11:41:09
      epoch-secs: 1717674069
      hostname: a79d867bdcbe
      sysname: Linux
      nodename: a79d867bdcbe
      release: 6.8.0-1008-aws
      version: '#8-Ubuntu SMP Sat Apr 20 00:46:25 UTC 2024'
      machine: x86_64
      compiler: 'musl-gcc 13.2.1'
      uptime: 111
      totalram: 99611574272
      freeram: 95163232256
      sharedram: 60047360
      bufferram: 83456000
      totalswap: 0
      freeswap: 0
      pagesize: 4096
      cpus: 48
      cpus-online: 48
      ticks-per-second: 100

metrics:
    - stressor: cpu
      bogo-ops: 16761
      bogo-ops-per-second-usr-sys-time: 1675.870573
      bogo-ops-per-second-real-time: 1675.903813
      wall-clock-time: 10.001171
      user-time: 10.001369
      system-time: 0.000000
      cpu-usage-per-instance: 100.001983
      max-rss: 3840

...
