---
system-info:
      stress-ng-version: 0.17.08
      run-by: root
      date-yyyy-mm-dd: 2024:09:22
      time-hh-mm-ss: 09:14:17
      epoch-secs: 1726996457
      hostname: sc-runner
      sysname: Linux
      nodename: sc-runner
      release: 6.8.0-1014-azure
      version: '#16-Ubuntu SMP Thu Aug 15 20:04:41 UTC 2024'
      machine: x86_64
      compiler: 'musl-gcc 13.2.1'
      uptime: 337
      totalram: 168988221440
      freeram: 158180581376
      sharedram: 71704576
      bufferram: 250318848
      totalswap: 0
      freeswap: 0
      pagesize: 4096
      cpus: 20
      cpus-online: 20
      ticks-per-second: 100

metrics:
    - stressor: cpu
      bogo-ops: 54049
      bogo-ops-per-second-usr-sys-time: 2702.452162
      bogo-ops-per-second-real-time: 2702.444652
      wall-clock-time: 20.000040
      user-time: 19.998985
      system-time: 0.000999
      cpu-usage-per-instance: 99.999722
      max-rss: 3188

...
