BaselineInfo:
  WebDBID: -1
  TimeStamp: 20260615164650
Version:
  Major: 11
  Minor: 0
  Build: 1004
  SpecialBuildName: ""
  ptArchitecture: x86_64_linux
Results:
  Results Complete: true
  NumTestProcesses: 4
  CPU_INTEGER_MATH: 26839.064999999999
  CPU_FLOATINGPOINT_MATH: 23470.359760984196
  CPU_PRIME: 85.560366638767078
  CPU_SORTING: 17035.66459546742
  CPU_ENCRYPTION: 5745.0522355386611
  CPU_COMPRESSION: 115854.67218472845
  CPU_SINGLETHREAD: 3202.5729987312902
  CPU_PHYSICS: 1542.5682566769929
  CPU_MATRIX_MULT_SSE: 10771.384841878917
  CPU_mm: 1156.1784370803443
  CPU_sse: 5169.2223376827105
  CPU_fma: 15140.290365516539
  CPU_avx: 13048.199057936663
  CPU_avx512: 9727.8276063797512
  m_CPU_enc_SHA: 8047656636.6294489
  m_CPU_enc_AES: 5103137581.3031826
  m_CPU_enc_ECDSA: 4921577460.8639317
  ME_ALLOC_S: 2298.6597559131324
  ME_READ_S: 30667.022656249999
  ME_READ_L: 28101.705078125
  ME_WRITE: 28007.2109375
  ME_LARGE: 3730.6666666666665
  ME_LATENCY: 66.730878879780803
  ME_THREADED: 112342.3359375
  SUMM_CPU: 11748.876629320461
  SUMM_ME: 2349.3834296931086
SystemInformation:
  OSName: Ubuntu 24.04.4 LTS
  Kernel: 6.8.0-124-generic
  Device: ""
  Processor: AMD EPYC-Genoa Processor
  NumSockets: 1
  Manufacturer: AuthenticAMD
  NumCores: 2
  NumLogicals: 4
  CPUFrequency: 0
  CPUMaxFrequency: 0
  Memory: 7934
  CPUInfo:
    number: 1
    Family: 15
    Model: 1
    stepping: 0
    features: 395049983
    manufacture: AuthenticAMD
    typestring: AMD EPYC-Genoa Processor
    iCoresPerPackage: 2
    iThreadsPerPackage: 2
    featuresEx:
      - 395049983
      - 4277809667
      - 802421759
    bHybrid: false
    nPCore: 0
    nLogicalsPerPCore: 0
    nECore: 0
    nLogicalsPerECore: 0
  MemModuleInfo:
    iNumMemSticks: 1
    DIMM 1:
      manufacturer: QEMU
      modulePartNo: Not Specified
      memType: RAM
      size: 8
      clkspeed: 0
      moduleVoltage: 0
Checksum: 8AD6BC819C8F85AACAD279D6454A60DC91E24185