BaselineInfo:
  WebDBID: -1
  TimeStamp: 20260714182919
Version:
  Major: 11
  Minor: 0
  Build: 1004
  SpecialBuildName: ""
  ptArchitecture: x86_64_linux
Results:
  Results Complete: true
  NumTestProcesses: 4
  CPU_INTEGER_MATH: 26876.766
  CPU_FLOATINGPOINT_MATH: 23598.539042361976
  CPU_PRIME: 84.669942147263001
  CPU_SORTING: 16866.427403268302
  CPU_ENCRYPTION: 5763.1618189346955
  CPU_COMPRESSION: 115878.18175198289
  CPU_SINGLETHREAD: 3194.5565006919396
  CPU_PHYSICS: 1533.1076380483814
  CPU_MATRIX_MULT_SSE: 10579.61026742614
  CPU_mm: 1156.1249069413248
  CPU_sse: 5121.9203884584167
  CPU_fma: 14766.285561840999
  CPU_avx: 12838.041566159538
  CPU_avx512: 9592.1935532456064
  m_CPU_enc_SHA: 8037023334.8647318
  m_CPU_enc_AES: 5100553940.2307777
  m_CPU_enc_ECDSA: 4991762227.2582932
  ME_ALLOC_S: 2217.0363391941764
  ME_READ_S: 30356.781054687501
  ME_READ_L: 27783.986328125
  ME_WRITE: 27690.4609375
  ME_LARGE: 3880.5833333333335
  ME_LATENCY: 68.904819645946432
  ME_THREADED: 107731.93359375
  SUMM_CPU: 11724.374442610006
  SUMM_ME: 2319.003540750512
SystemInformation:
  OSName: Ubuntu 24.04.4 LTS
  Kernel: 6.8.0-134-generic
  Device: ""
  Processor: AMD EPYC-Genoa Processor
  NumSockets: 1
  Manufacturer: AuthenticAMD
  NumCores: 2
  NumLogicals: 4
  CPUFrequency: 0
  CPUMaxFrequency: 0
  Memory: 7934
  CPUInfo:
    number: 1
    Family: 15
    Model: 1
    stepping: 0
    features: 395049983
    manufacture: AuthenticAMD
    typestring: AMD EPYC-Genoa Processor
    iCoresPerPackage: 2
    iThreadsPerPackage: 2
    featuresEx:
      - 395049983
      - 4277809667
      - 802421759
    bHybrid: false
    nPCore: 0
    nLogicalsPerPCore: 0
    nECore: 0
    nLogicalsPerECore: 0
  MemModuleInfo:
    iNumMemSticks: 1
    DIMM 1:
      manufacturer: QEMU
      modulePartNo: Not Specified
      memType: RAM
      size: 8
      clkspeed: 0
      moduleVoltage: 0
Checksum: 8812D6C7FB83C6D6AA37107D5F18C011D4C61FEA