---
system-info:
      stress-ng-version: 0.17.08
      run-by: root
      date-yyyy-mm-dd: 2024:09:22
      time-hh-mm-ss: 15:14:13
      epoch-secs: 1727018053
      hostname: sc-runner
      sysname: Linux
      nodename: sc-runner
      release: 6.8.0-1014-azure
      version: '#16-Ubuntu SMP Thu Aug 15 20:04:41 UTC 2024'
      machine: x86_64
      compiler: 'musl-gcc 13.2.1'
      uptime: 335
      totalram: 67414966272
      freeram: 56855511040
      sharedram: 38207488
      bufferram: 250822656
      totalswap: 0
      freeswap: 0
      pagesize: 4096
      cpus: 32
      cpus-online: 32
      ticks-per-second: 100

metrics:
    - stressor: cpu
      bogo-ops: 54064
      bogo-ops-per-second-usr-sys-time: 2703.158912
      bogo-ops-per-second-real-time: 2703.186466
      wall-clock-time: 20.000100
      user-time: 19.999305
      system-time: 0.000999
      cpu-usage-per-instance: 100.001019
      max-rss: 2824

...
