---
system-info:
      stress-ng-version: 0.17.08
      run-by: root
      date-yyyy-mm-dd: 2024:09:05
      time-hh-mm-ss: 23:05:48
      epoch-secs: 1725577548
      hostname: sc-runner
      sysname: Linux
      nodename: sc-runner
      release: 6.8.0-1013-azure
      version: '#15-Ubuntu SMP Thu Aug  8 18:40:40 UTC 2024'
      machine: x86_64
      compiler: 'musl-gcc 13.2.1'
      uptime: 375
      totalram: 67414962176
      freeram: 58511470592
      sharedram: 38207488
      bufferram: 220504064
      totalswap: 0
      freeswap: 0
      pagesize: 4096
      cpus: 32
      cpus-online: 32
      ticks-per-second: 100

metrics:
    - stressor: cpu
      bogo-ops: 53929
      bogo-ops-per-second-usr-sys-time: 2696.420339
      bogo-ops-per-second-real-time: 2696.441321
      wall-clock-time: 20.000064
      user-time: 20.000220
      system-time: 0.000000
      cpu-usage-per-instance: 100.000778
      max-rss: 1032

...
