---
system-info:
      stress-ng-version: 0.17.08
      run-by: root
      date-yyyy-mm-dd: 2024:06:08
      time-hh-mm-ss: 13:41:01
      epoch-secs: 1717854061
      hostname: 98a612cfa378
      sysname: Linux
      nodename: 98a612cfa378
      release: 6.8.0-1008-aws
      version: '#8-Ubuntu SMP Sat Apr 20 00:46:25 UTC 2024'
      machine: x86_64
      compiler: 'musl-gcc 13.2.1'
      uptime: 138
      totalram: 405340655616
      freeram: 399173623808
      sharedram: 78774272
      bufferram: 101855232
      totalswap: 0
      freeswap: 0
      pagesize: 4096
      cpus: 96
      cpus-online: 96
      ticks-per-second: 100

metrics:
    - stressor: cpu
      bogo-ops: 989689
      bogo-ops-per-second-usr-sys-time: 1031.513077
      bogo-ops-per-second-real-time: 98955.803924
      wall-clock-time: 10.001323
      user-time: 959.325731
      system-time: 0.127932
      cpu-usage-per-instance: 99.929865
      max-rss: 3072

...
