---
system-info:
      stress-ng-version: 0.17.08
      run-by: root
      date-yyyy-mm-dd: 2024:06:14
      time-hh-mm-ss: 19:41:45
      epoch-secs: 1718394105
      hostname: 03e2f47571f7
      sysname: Linux
      nodename: 03e2f47571f7
      release: 6.8.0-1008-aws
      version: '#8-Ubuntu SMP Sat Apr 20 00:46:25 UTC 2024'
      machine: x86_64
      compiler: 'musl-gcc 13.2.1'
      uptime: 154
      totalram: 405340614656
      freeram: 399308513280
      sharedram: 78774272
      bufferram: 108138496
      totalswap: 0
      freeswap: 0
      pagesize: 4096
      cpus: 96
      cpus-online: 96
      ticks-per-second: 100

metrics:
    - stressor: cpu
      bogo-ops: 1639084
      bogo-ops-per-second-usr-sys-time: 854.050797
      bogo-ops-per-second-real-time: 81953.820215
      wall-clock-time: 20.000093
      user-time: 1919.153978
      system-time: 0.033974
      cpu-usage-per-instance: 99.957243
      max-rss: 768

...
