BaselineInfo:
  WebDBID: -1
  TimeStamp: 20260618092237
Version:
  Major: 11
  Minor: 0
  Build: 1004
  SpecialBuildName: ""
  ptArchitecture: x86_64_linux
Results:
  Results Complete: true
  NumTestProcesses: 1
  CPU_INTEGER_MATH: 3135.3836666666666
  CPU_FLOATINGPOINT_MATH: 2362.0752972217392
  CPU_PRIME: 10.235253246261806
  CPU_SORTING: 2084.9018450856574
  CPU_ENCRYPTION: 401.61693768335476
  CPU_COMPRESSION: 15420.931178081097
  CPU_SINGLETHREAD: 1548.8931705463863
  CPU_PHYSICS: 178.17679259602076
  CPU_MATRIX_MULT_SSE: 1162.484065797956
  CPU_mm: 140.25530624411226
  CPU_sse: 513.9917062298282
  CPU_fma: 1728.017312308825
  CPU_avx: 1188.2643988064353
  CPU_avx512: 1219.6628458467351
  m_CPU_enc_SHA: 221187358.14571947
  m_CPU_enc_AES: 854452601.12483513
  m_CPU_enc_ECDSA: 187737686.87422964
  ME_ALLOC_S: 0
  ME_READ_S: 0
  ME_READ_L: 0
  ME_WRITE: 0
  ME_LARGE: 0
  ME_LATENCY: 0
  ME_THREADED: 0
  SUMM_CPU: 1288.1056013902296
  SUMM_ME: 0
SystemInformation:
  OSName: Ubuntu 24.04.4 LTS
  Kernel: 6.8.0-117-generic
  Device: ""
  Processor: Intel(R) Xeon(R) Platinum 8163 CPU @ 2.50GHz
  NumSockets: 1
  Manufacturer: GenuineIntel
  NumCores: 1
  NumLogicals: 1
  CPUFrequency: 2500
  CPUMaxFrequency: 3100
  Memory: 456
  CPUInfo:
    number: 1
    Family: 6
    Model: 5
    stepping: 4
    features: 529267711
    manufacture: GenuineIntel
    typestring: Intel(R) Xeon(R) Platinum 8163 CPU @ 2.50GHz
    iCoresPerPackage: 1
    iThreadsPerPackage: 2
    featuresEx:
      - 529267711
      - 4294586883
      - 739248128
    bHybrid: false
    nPCore: 0
    nLogicalsPerPCore: 0
    nECore: 0
    nLogicalsPerECore: 0
  MemModuleInfo:
    iNumMemSticks: 1
    DIMM 1:
      manufacturer: Alibaba Cloud
      modulePartNo: Not Specified
      memType: RAM
      size: 512
      clkspeed: 0
      moduleVoltage: 0
Checksum: 1AA7426284179FDBB86E75F9BEFBA6147DFB4A74