BaselineInfo:
  WebDBID: -1
  TimeStamp: 20241126062625
Version:
  Major: 11
  Minor: 0
  Build: 1002
  SpecialBuildName: ""
  ptArchitecture: x86_64_linux
Results:
  Results Complete: true
  NumTestProcesses: 48
  CPU_INTEGER_MATH: 228072.09299999991
  CPU_FLOATINGPOINT_MATH: 127382.5902246495
  CPU_PRIME: 358.47479947448062
  CPU_SORTING: 134414.49544404866
  CPU_ENCRYPTION: 57884.288006023788
  CPU_COMPRESSION: 925167.4878874321
  CPU_SINGLETHREAD: 2905.3195842167993
  CPU_PHYSICS: 6590.2315592599571
  CPU_MATRIX_MULT_SSE: 63515.123787948964
  CPU_mm: 6104.215688542663
  CPU_sse: 26916.578581682381
  CPU_fma: 81457.890510561716
  CPU_avx: 66441.013037588898
  CPU_avx512: 79245.013021962863
  m_CPU_enc_SHA: 80986836617.064514
  m_CPU_enc_AES: 54967524548.076218
  m_CPU_enc_ECDSA: 46133864375.47245
  ME_ALLOC_S: 22127.365263331358
  ME_READ_S: 27795.497656250001
  ME_READ_L: 27354.314453125
  ME_WRITE: 26820.814453125
  ME_LARGE: 181239.16666666666
  ME_LATENCY: 77.465753458559035
  ME_THREADED: 132288.9912109375
  SUMM_CPU: 62724.379325422298
  SUMM_ME: 2803.6266952056421
SystemInformation:
  OSName: Ubuntu 24.04.1 LTS
  Kernel: 6.8.0-1017-azure
  Device: ""
  Processor: AMD EPYC 9V74 80-Core Processor
  NumSockets: 1
  Manufacturer: AuthenticAMD
  NumCores: 24
  NumLogicals: 48
  CPUFrequency: 0
  Memory: 193212
  MemModuleInfo:
    iNumMemSticks: 3
    DIMM 1:
      manufacturer: Microsoft Corporation
      modulePartNo: None
      memType: Unknown
      size: 1
      clkspeed: 0
      moduleVoltage: 0
    DIMM 2:
      manufacturer: Microsoft Corporation
      modulePartNo: None
      memType: Unknown
      size: 59
      clkspeed: 0
      moduleVoltage: 0
    DIMM 3:
      manufacturer: Microsoft Corporation
      modulePartNo: None
      memType: Unknown
      size: 132
      clkspeed: 0
      moduleVoltage: 0
Checksum: 4970E9A92522AF4846364D4CA2F48D75624771D4