---
system-info:
      stress-ng-version: 0.17.08
      run-by: root
      date-yyyy-mm-dd: 2024:06:07
      time-hh-mm-ss: 17:55:50
      epoch-secs: 1717782950
      hostname: fa697d9d0692
      sysname: Linux
      nodename: fa697d9d0692
      release: 6.8.0-1008-aws
      version: '#8-Ubuntu SMP Sat Apr 20 00:46:25 UTC 2024'
      machine: x86_64
      compiler: 'musl-gcc 13.2.1'
      uptime: 129
      totalram: 200450969600
      freeram: 195910381568
      sharedram: 40910848
      bufferram: 93888512
      totalswap: 0
      freeswap: 0
      pagesize: 4096
      cpus: 48
      cpus-online: 48
      ticks-per-second: 100

metrics:
    - stressor: cpu
      bogo-ops: 14951
      bogo-ops-per-second-usr-sys-time: 1494.865306
      bogo-ops-per-second-real-time: 1494.844925
      wall-clock-time: 10.001706
      user-time: 10.001570
      system-time: 0.000000
      cpu-usage-per-instance: 99.998637
      max-rss: 3840

...
