BaselineInfo:
  WebDBID: -1
  TimeStamp: 20241110074540
Version:
  Major: 11
  Minor: 0
  Build: 1002
  SpecialBuildName: ""
  ptArchitecture: x86_64_linux
Results:
  Results Complete: true
  NumTestProcesses: 104
  CPU_INTEGER_MATH: 436757.94366666663
  CPU_FLOATINGPOINT_MATH: 223465.60132654235
  CPU_PRIME: 496.68049826142976
  CPU_SORTING: 211557.00834690515
  CPU_ENCRYPTION: 93156.864305619893
  CPU_COMPRESSION: 1565455.9199196529
  CPU_SINGLETHREAD: 2435.6539272104224
  CPU_PHYSICS: 7703.1382990094316
  CPU_MATRIX_MULT_SSE: 89880.33437808395
  CPU_mm: 9284.0516474571123
  CPU_sse: 40166.550566267244
  CPU_fma: 106950.2744213254
  CPU_avx: 82951.137501959616
  CPU_avx512: 129453.37502278363
  m_CPU_enc_SHA: 94692741058.10939
  m_CPU_enc_AES: 141296338580.69205
  m_CPU_enc_ECDSA: 57057076799.587669
  ME_ALLOC_S: 30704.943195100765
  ME_READ_S: 24495.19140625
  ME_READ_L: 12780.0927734375
  ME_WRITE: 11433.6552734375
  ME_LARGE: 662873
  ME_LATENCY: 50.914299180963177
  ME_THREADED: 314480.14868164062
  SUMM_CPU: 79491.914922254131
  SUMM_ME: 2937.2848345122979
SystemInformation:
  OSName: Ubuntu 24.04.1 LTS
  Kernel: 6.8.0-1017-azure
  Device: ""
  Processor: Intel Xeon Platinum 8370C CPU @ 2.80GHz
  NumSockets: 2
  Manufacturer: GenuineIntel
  NumCores: 52
  NumLogicals: 104
  CPUFrequency: 2800
  Memory: 677221
  MemModuleInfo:
    iNumMemSticks: 4
    DIMM 1:
      manufacturer: Microsoft Corporation
      modulePartNo: None
      memType: Unknown
      size: 1
      clkspeed: 0
      moduleVoltage: 0
    DIMM 2:
      manufacturer: Microsoft Corporation
      modulePartNo: None
      memType: Unknown
      size: 59
      clkspeed: 0
      moduleVoltage: 0
    DIMM 3:
      manufacturer: Microsoft Corporation
      modulePartNo: None
      memType: Unknown
      size: 276
      clkspeed: 0
      moduleVoltage: 0
    DIMM 4:
      manufacturer: Microsoft Corporation
      modulePartNo: None
      memType: Unknown
      size: 336
      clkspeed: 0
      moduleVoltage: 0
Checksum: 913EEC6F2AF585BA5CCE624DC7A2BB97AF2822F8