---
system-info:
      stress-ng-version: 0.17.08
      run-by: root
      date-yyyy-mm-dd: 2024:06:14
      time-hh-mm-ss: 05:40:36
      epoch-secs: 1718343636
      hostname: 38f6bbf7d1f8
      sysname: Linux
      nodename: 38f6bbf7d1f8
      release: 6.8.0-1008-aws
      version: '#8-Ubuntu SMP Sat Apr 20 00:46:25 UTC 2024'
      machine: x86_64
      compiler: 'musl-gcc 13.2.1'
      uptime: 117
      totalram: 199542132736
      freeram: 194288914432
      sharedram: 117370880
      bufferram: 107376640
      totalswap: 0
      freeswap: 0
      pagesize: 4096
      cpus: 96
      cpus-online: 96
      ticks-per-second: 100

metrics:
    - stressor: cpu
      bogo-ops: 1853373
      bogo-ops-per-second-usr-sys-time: 965.609322
      bogo-ops-per-second-real-time: 92668.299490
      wall-clock-time: 20.000076
      user-time: 1919.347867
      system-time: 0.033975
      cpu-usage-per-instance: 99.967426
      max-rss: 768

...
