---
system-info:
      stress-ng-version: 0.17.08
      run-by: root
      date-yyyy-mm-dd: 2024:06:06
      time-hh-mm-ss: 10:41:21
      epoch-secs: 1717670481
      hostname: 322e1c51f36f
      sysname: Linux
      nodename: 322e1c51f36f
      release: 6.8.0-1008-aws
      version: '#8-Ubuntu SMP Sat Apr 20 00:46:25 UTC 2024'
      machine: x86_64
      compiler: 'musl-gcc 13.2.1'
      uptime: 106
      totalram: 199542136832
      freeram: 194411102208
      sharedram: 117370880
      bufferram: 82415616
      totalswap: 0
      freeswap: 0
      pagesize: 4096
      cpus: 96
      cpus-online: 96
      ticks-per-second: 100

metrics:
    - stressor: cpu
      bogo-ops: 1165163
      bogo-ops-per-second-usr-sys-time: 1214.461253
      bogo-ops-per-second-real-time: 116498.322742
      wall-clock-time: 10.001543
      user-time: 959.310364
      system-time: 0.096943
      cpu-usage-per-instance: 99.922842
      max-rss: 3072

...
