---
system-info:
      stress-ng-version: 0.17.08
      run-by: root
      date-yyyy-mm-dd: 2024:09:12
      time-hh-mm-ss: 02:55:05
      epoch-secs: 1726109705
      hostname: ip-172-31-36-204
      sysname: Linux
      nodename: ip-172-31-36-204
      release: 6.8.0-1014-aws
      version: '#15-Ubuntu SMP Thu Aug  8 19:13:06 UTC 2024'
      machine: x86_64
      compiler: 'musl-gcc 13.2.1'
      uptime: 171
      totalram: 1070793158656
      freeram: 1060539310080
      sharedram: 55382016
      bufferram: 221716480
      totalswap: 0
      freeswap: 0
      pagesize: 4096
      cpus: 32
      cpus-online: 32
      ticks-per-second: 100

metrics:
    - stressor: cpu
      bogo-ops: 787228
      bogo-ops-per-second-usr-sys-time: 1230.946120
      bogo-ops-per-second-real-time: 39361.333854
      wall-clock-time: 20.000034
      user-time: 639.501854
      system-time: 0.028981
      cpu-usage-per-instance: 99.926525
      max-rss: 1032

...
