---
system-info:
      stress-ng-version: 0.17.08
      run-by: root
      date-yyyy-mm-dd: 2024:07:12
      time-hh-mm-ss: 03:42:22
      epoch-secs: 1720755742
      hostname: ip-172-31-13-193
      sysname: Linux
      nodename: ip-172-31-13-193
      release: 6.8.0-1010-aws
      version: '#10-Ubuntu SMP Thu Jun 13 17:36:15 UTC 2024'
      machine: x86_64
      compiler: 'musl-gcc 13.2.1'
      uptime: 261
      totalram: 66681192448
      freeram: 58689761280
      sharedram: 20160512
      bufferram: 129130496
      totalswap: 0
      freeswap: 0
      pagesize: 4096
      cpus: 16
      cpus-online: 16
      ticks-per-second: 100

metrics:
    - stressor: cpu
      bogo-ops: 122624
      bogo-ops-per-second-usr-sys-time: 383.596734
      bogo-ops-per-second-real-time: 6131.143489
      wall-clock-time: 20.000184
      user-time: 319.647054
      system-time: 0.021987
      cpu-usage-per-instance: 99.895655
      max-rss: 1104

...
