---
system-info:
      stress-ng-version: 0.17.08
      run-by: root
      date-yyyy-mm-dd: 2024:09:03
      time-hh-mm-ss: 18:39:37
      epoch-secs: 1725388777
      hostname: sc-runner
      sysname: Linux
      nodename: sc-runner
      release: 6.8.0-1013-azure
      version: '#15-Ubuntu SMP Thu Aug  8 18:40:40 UTC 2024'
      machine: x86_64
      compiler: 'musl-gcc 13.2.1'
      uptime: 321
      totalram: 67422384128
      freeram: 58701438976
      sharedram: 54956032
      bufferram: 225185792
      totalswap: 0
      freeswap: 0
      pagesize: 4096
      cpus: 8
      cpus-online: 8
      ticks-per-second: 100

metrics:
    - stressor: cpu
      bogo-ops: 155097
      bogo-ops-per-second-usr-sys-time: 972.094720
      bogo-ops-per-second-real-time: 7754.812791
      wall-clock-time: 20.000096
      user-time: 159.530281
      system-time: 0.018986
      cpu-usage-per-instance: 99.717813
      max-rss: 3128

...
