---
system-info:
      stress-ng-version: 0.17.08
      run-by: root
      date-yyyy-mm-dd: 2024:09:16
      time-hh-mm-ss: 17:36:37
      epoch-secs: 1726508197
      hostname: sc-runner
      sysname: Linux
      nodename: sc-runner
      release: 6.8.0-1014-azure
      version: '#16-Ubuntu SMP Thu Aug 15 20:04:41 UTC 2024'
      machine: x86_64
      compiler: 'musl-gcc 13.2.1'
      uptime: 279
      totalram: 67422384128
      freeram: 57172549632
      sharedram: 54964224
      bufferram: 240574464
      totalswap: 0
      freeswap: 0
      pagesize: 4096
      cpus: 8
      cpus-online: 8
      ticks-per-second: 100

metrics:
    - stressor: cpu
      bogo-ops: 155115
      bogo-ops-per-second-usr-sys-time: 971.534207
      bogo-ops-per-second-real-time: 7755.733601
      wall-clock-time: 20.000042
      user-time: 159.644851
      system-time: 0.014993
      cpu-usage-per-instance: 99.787192
      max-rss: 3124

...
