---
system-info:
      stress-ng-version: 0.17.08
      run-by: root
      date-yyyy-mm-dd: 2024:06:13
      time-hh-mm-ss: 18:56:08
      epoch-secs: 1718304968
      hostname: 631bfbb12663
      sysname: Linux
      nodename: 631bfbb12663
      release: 6.8.0-1008-aws
      version: '#8-Ubuntu SMP Sat Apr 20 00:46:25 UTC 2024'
      machine: x86_64
      compiler: 'musl-gcc 13.2.1'
      uptime: 182
      totalram: 33265278976
      freeram: 28955758592
      sharedram: 40722432
      bufferram: 107061248
      totalswap: 0
      freeswap: 0
      pagesize: 4096
      cpus: 4
      cpus-online: 4
      ticks-per-second: 100

metrics:
    - stressor: cpu
      bogo-ops: 25609
      bogo-ops-per-second-usr-sys-time: 1280.478747
      bogo-ops-per-second-real-time: 1280.448275
      wall-clock-time: 20.000027
      user-time: 19.999551
      system-time: 0.000000
      cpu-usage-per-instance: 99.997620
      max-rss: 976

...
