---
system-info:
      stress-ng-version: 0.17.08
      run-by: root
      date-yyyy-mm-dd: 2024:06:08
      time-hh-mm-ss: 05:40:55
      epoch-secs: 1717825255
      hostname: d797b721c1da
      sysname: Linux
      nodename: d797b721c1da
      release: 6.8.0-1008-aws
      version: '#8-Ubuntu SMP Sat Apr 20 00:46:25 UTC 2024'
      machine: x86_64
      compiler: 'musl-gcc 13.2.1'
      uptime: 133
      totalram: 33265283072
      freeram: 28975284224
      sharedram: 40722432
      bufferram: 97554432
      totalswap: 0
      freeswap: 0
      pagesize: 4096
      cpus: 4
      cpus-online: 4
      ticks-per-second: 100

metrics:
    - stressor: cpu
      bogo-ops: 14285
      bogo-ops-per-second-usr-sys-time: 1428.159384
      bogo-ops-per-second-real-time: 1428.140233
      wall-clock-time: 10.002519
      user-time: 10.001385
      system-time: 0.001000
      cpu-usage-per-instance: 99.998659
      max-rss: 3792

...
