BaselineInfo:
  WebDBID: -1
  TimeStamp: 20241110075052
Version:
  Major: 11
  Minor: 0
  Build: 1002
  SpecialBuildName: ""
  ptArchitecture: x86_64_linux
Results:
  Results Complete: true
  NumTestProcesses: 128
  CPU_INTEGER_MATH: 536630.66166666674
  CPU_FLOATINGPOINT_MATH: 274172.7527033349
  CPU_PRIME: 528.77040242710484
  CPU_SORTING: 246093.60500026066
  CPU_ENCRYPTION: 111311.49132625764
  CPU_COMPRESSION: 1896450.4102352408
  CPU_SINGLETHREAD: 2426.4800013257723
  CPU_PHYSICS: 8355.7339614298362
  CPU_MATRIX_MULT_SSE: 107468.03025589857
  CPU_mm: 11124.508076442515
  CPU_sse: 47610.031411566764
  CPU_fma: 125732.80468644088
  CPU_avx: 97376.430754416258
  CPU_avx512: 159152.85417117039
  m_CPU_enc_SHA: 115190015287.06171
  m_CPU_enc_AES: 165170449469.09683
  m_CPU_enc_ECDSA: 69795210230.607239
  ME_ALLOC_S: 29715.977664800437
  ME_READ_S: 23767.963085937499
  ME_READ_L: 11325.974609375
  ME_WRITE: 10238.791015625
  ME_LARGE: 239908.66666666666
  ME_LATENCY: 59.234721850789583
  ME_THREADED: 325138.97741699219
  SUMM_CPU: 86862.871389967695
  SUMM_ME: 2620.4795669474083
SystemInformation:
  OSName: Ubuntu 24.04.1 LTS
  Kernel: 6.8.0-1016-aws
  Device: ""
  Processor: Intel Xeon Platinum 8375C CPU @ 2.90GHz
  NumSockets: 2
  Manufacturer: GenuineIntel
  NumCores: 64
  NumLogicals: 128
  CPUFrequency: 0
  Memory: 253791
  MemModuleInfo:
    iNumMemSticks: 2
    DIMM 1:
      manufacturer: Not Specified
      modulePartNo: Not Specified
      memType: DDR4
      size: 128
      clkspeed: 1600
      moduleVoltage: 0
    DIMM 2:
      manufacturer: Not Specified
      modulePartNo: Not Specified
      memType: DDR4
      size: 128
      clkspeed: 1600
      moduleVoltage: 0
Checksum: 96E2FBC5F80185668E00BBD13B129F052F5EA309