---
system-info:
      stress-ng-version: 0.17.08
      run-by: root
      date-yyyy-mm-dd: 2024:06:10
      time-hh-mm-ss: 04:45:03
      epoch-secs: 1717994703
      hostname: c93535649070
      sysname: Linux
      nodename: c93535649070
      release: 6.8.0-1008-aws
      version: '#8-Ubuntu SMP Sat Apr 20 00:46:25 UTC 2024'
      machine: x86_64
      compiler: 'musl-gcc 13.2.1'
      uptime: 207
      totalram: 8223911936
      freeram: 3730501632
      sharedram: 11616256
      bufferram: 116944896
      totalswap: 0
      freeswap: 0
      pagesize: 4096
      cpus: 2
      cpus-online: 2
      ticks-per-second: 100

metrics:
    - stressor: cpu
      bogo-ops: 9667
      bogo-ops-per-second-usr-sys-time: 966.650701
      bogo-ops-per-second-real-time: 966.390865
      wall-clock-time: 10.003199
      user-time: 9.998491
      system-time: 0.002019
      cpu-usage-per-instance: 99.973120
      max-rss: 3792

...
