---
system-info:
      stress-ng-version: 0.17.08
      run-by: root
      date-yyyy-mm-dd: 2024:06:16
      time-hh-mm-ss: 06:57:55
      epoch-secs: 1718521075
      hostname: 2c981ff6e17b
      sysname: Linux
      nodename: 2c981ff6e17b
      release: 6.8.0-1008-aws
      version: '#8-Ubuntu SMP Sat Apr 20 00:46:25 UTC 2024'
      machine: x86_64
      compiler: 'musl-gcc 13.2.1'
      uptime: 212
      totalram: 8223920128
      freeram: 3941031936
      sharedram: 11616256
      bufferram: 112082944
      totalswap: 0
      freeswap: 0
      pagesize: 4096
      cpus: 2
      cpus-online: 2
      ticks-per-second: 100

metrics:
    - stressor: cpu
      bogo-ops: 11373
      bogo-ops-per-second-usr-sys-time: 568.733319
      bogo-ops-per-second-real-time: 568.643309
      wall-clock-time: 20.000235
      user-time: 19.997070
      system-time: 0.000000
      cpu-usage-per-instance: 99.984174
      max-rss: 1104

...
