BaselineInfo:
  WebDBID: -1
  TimeStamp: 20241107233712
Version:
  Major: 11
  Minor: 0
  Build: 1002
  SpecialBuildName: ""
  ptArchitecture: aarch64_linux
Results:
  Results Complete: true
  NumTestProcesses: 16
  CPU_INTEGER_MATH: 100917.15166666667
  CPU_FLOATINGPOINT_MATH: 84779.358616596452
  CPU_PRIME: 223.28345380232645
  CPU_SORTING: 82180.282730164472
  CPU_ENCRYPTION: 3028.6413861250512
  CPU_COMPRESSION: 109852.52175928174
  CPU_SINGLETHREAD: 1884.995704894618
  CPU_PHYSICS: 5171.8874378302435
  CPU_MATRIX_MULT_SSE: 14309.072955722124
  CPU_mm: 2304.4024385526532
  CPU_sse: 12066.498981143663
  CPU_fma: 16551.646930300591
  CPU_avx: 0
  CPU_avx512: 0
  m_CPU_enc_SHA: 4484153279.2007036
  m_CPU_enc_AES: 1971848460.5680273
  m_CPU_enc_ECDSA: 3071280270.523654
  ME_ALLOC_S: 19313.193032980522
  ME_READ_S: 25673.77734375
  ME_READ_L: 18848.68359375
  ME_WRITE: 25742.990234375
  ME_LARGE: 118000
  ME_LATENCY: 52.131344977503552
  ME_THREADED: 277800.283203125
  SUMM_CPU: 14789.119327210869
  SUMM_ME: 3346.5241255063074
SystemInformation:
  OSName: Ubuntu 24.04.1 LTS
  Kernel: 6.8.0-1017-azure
  Device: ""
  Processor: ARM Neoverse-N2 16 Core 0 MHz
  NumSockets: 1
  Manufacturer: ARM
  NumCores: 16
  NumLogicals: 16
  CPUFrequency: 0
  Memory: 128555
Checksum: 1521F850C1D2E72AD46E7544A4B2D3D882088F11