---
system-info:
      stress-ng-version: 0.17.08
      run-by: root
      date-yyyy-mm-dd: 2024:06:05
      time-hh-mm-ss: 23:40:31
      epoch-secs: 1717630831
      hostname: ff057de8e15c
      sysname: Linux
      nodename: ff057de8e15c
      release: 6.8.0-1008-aws
      version: '#8-Ubuntu SMP Sat Apr 20 00:46:25 UTC 2024'
      machine: x86_64
      compiler: 'musl-gcc 13.2.1'
      uptime: 120
      totalram: 202412273664
      freeram: 196941041664
      sharedram: 55398400
      bufferram: 79765504
      totalswap: 0
      freeswap: 0
      pagesize: 4096
      cpus: 72
      cpus-online: 72
      ticks-per-second: 100

metrics:
    - stressor: cpu
      bogo-ops: 810787
      bogo-ops-per-second-usr-sys-time: 1126.620373
      bogo-ops-per-second-real-time: 81061.874883
      wall-clock-time: 10.002076
      user-time: 719.567049
      system-time: 0.095953
      cpu-usage-per-instance: 99.932453
      max-rss: 3456

...
