---
system-info:
      stress-ng-version: 0.17.08
      run-by: root
      date-yyyy-mm-dd: 2024:06:12
      time-hh-mm-ss: 22:20:15
      epoch-secs: 1718230815
      hostname: a6378daeb239
      sysname: Linux
      nodename: a6378daeb239
      release: 6.8.0-1008-aws
      version: '#8-Ubuntu SMP Sat Apr 20 00:46:25 UTC 2024'
      machine: x86_64
      compiler: 'musl-gcc 13.2.1'
      uptime: 153
      totalram: 202412294144
      freeram: 196748324864
      sharedram: 55398400
      bufferram: 111042560
      totalswap: 0
      freeswap: 0
      pagesize: 4096
      cpus: 72
      cpus-online: 72
      ticks-per-second: 100

metrics:
    - stressor: cpu
      bogo-ops: 1347839
      bogo-ops-per-second-usr-sys-time: 936.366760
      bogo-ops-per-second-real-time: 67391.640680
      wall-clock-time: 20.000092
      user-time: 1439.407924
      system-time: 0.026983
      cpu-usage-per-instance: 99.960299
      max-rss: 576

...
