BaselineInfo:
  WebDBID: -1
  TimeStamp: 20260620192234
Version:
  Major: 11
  Minor: 0
  Build: 1004
  SpecialBuildName: ""
  ptArchitecture: x86_64_linux
Results:
  Results Complete: true
  NumTestProcesses: 16
  CPU_INTEGER_MATH: 106590.14633333331
  CPU_FLOATINGPOINT_MATH: 61966.383226576763
  CPU_PRIME: 142.83273745739521
  CPU_SORTING: 47453.099190220957
  CPU_ENCRYPTION: 20290.732536805332
  CPU_COMPRESSION: 369097.01368133671
  CPU_SINGLETHREAD: 3834.0338865767344
  CPU_PHYSICS: 3112.0710946143167
  CPU_MATRIX_MULT_SSE: 28868.998796936488
  CPU_mm: 2775.5337076281894
  CPU_sse: 10420.617865499036
  CPU_fma: 31079.064688928949
  CPU_avx: 30225.337962236445
  CPU_avx512: 43750.974671081516
  m_CPU_enc_SHA: 25668357398.992775
  m_CPU_enc_AES: 20870625805.867554
  m_CPU_enc_ECDSA: 17290142276.679234
  ME_ALLOC_S: 9752.4174561425243
  ME_READ_S: 34131.158398437503
  ME_READ_L: 31075.8203125
  ME_WRITE: 30533.08203125
  ME_LARGE: 506881.25
  ME_LATENCY: 80.173044185991174
  ME_THREADED: 55378.35791015625
  SUMM_CPU: 32976.120916667423
  SUMM_ME: 2774.0408902714357
SystemInformation:
  OSName: Ubuntu 24.04.4 LTS
  Kernel: 6.17.0-1018-azure
  Device: ""
  Processor: "AMD EPYC 9V45 96-Core Processor                "
  NumSockets: 1
  Manufacturer: AuthenticAMD
  NumCores: 8
  NumLogicals: 16
  CPUFrequency: 0
  CPUMaxFrequency: 0
  Memory: 515785
  CPUInfo:
    number: 1
    Family: 15
    Model: 2
    stepping: 1
    features: 395049983
    manufacture: AuthenticAMD
    typestring: "AMD EPYC 9V45 96-Core Processor                "
    iCoresPerPackage: 8
    iThreadsPerPackage: 2
    featuresEx:
      - 395049983
      - 4277809667
      - 802421759
    bHybrid: false
    nPCore: 0
    nLogicalsPerPCore: 0
    nECore: 0
    nLogicalsPerECore: 0
  MemModuleInfo:
    iNumMemSticks: 3
    DIMM 1:
      manufacturer: Microsoft Corporation
      modulePartNo: None
      memType: Unknown
      size: 1
      clkspeed: 0
      moduleVoltage: 0
    DIMM 2:
      manufacturer: Microsoft Corporation
      modulePartNo: None
      memType: Unknown
      size: 59
      clkspeed: 0
      moduleVoltage: 0
    DIMM 3:
      manufacturer: Microsoft Corporation
      modulePartNo: None
      memType: Unknown
      size: 452
      clkspeed: 0
      moduleVoltage: 0
Checksum: C6B5C15B9FF110AB4D91E2568A4649D82DFFF039