---
system-info:
      stress-ng-version: 0.17.08
      run-by: root
      date-yyyy-mm-dd: 2024:06:13
      time-hh-mm-ss: 15:23:12
      epoch-secs: 1718292192
      hostname: 4e7dd8495aea
      sysname: Linux
      nodename: 4e7dd8495aea
      release: 6.8.0-1008-aws
      version: '#8-Ubuntu SMP Sat Apr 20 00:46:25 UTC 2024'
      machine: x86_64
      compiler: 'musl-gcc 13.2.1'
      uptime: 203
      totalram: 535313928192
      freeram: 530145517568
      sharedram: 78467072
      bufferram: 107360256
      totalswap: 0
      freeswap: 0
      pagesize: 4096
      cpus: 64
      cpus-online: 64
      ticks-per-second: 100

metrics:
    - stressor: cpu
      bogo-ops: 25679
      bogo-ops-per-second-usr-sys-time: 1283.958603
      bogo-ops-per-second-real-time: 1283.944383
      wall-clock-time: 20.000087
      user-time: 19.998867
      system-time: 0.000999
      cpu-usage-per-instance: 99.998893
      max-rss: 512

...
