---
system-info:
      stress-ng-version: 0.17.08
      run-by: root
      date-yyyy-mm-dd: 2024:06:08
      time-hh-mm-ss: 01:19:54
      epoch-secs: 1717809594
      hostname: 0404179ab76b
      sysname: Linux
      nodename: 0404179ab76b
      release: 6.8.0-1008-aws
      version: '#8-Ubuntu SMP Sat Apr 20 00:46:25 UTC 2024'
      machine: x86_64
      compiler: 'musl-gcc 13.2.1'
      uptime: 174
      totalram: 535313903616
      freeram: 530027044864
      sharedram: 78467072
      bufferram: 95588352
      totalswap: 0
      freeswap: 0
      pagesize: 4096
      cpus: 64
      cpus-online: 64
      ticks-per-second: 100

metrics:
    - stressor: cpu
      bogo-ops: 13879
      bogo-ops-per-second-usr-sys-time: 1387.610406
      bogo-ops-per-second-real-time: 1387.606652
      wall-clock-time: 10.002114
      user-time: 10.001088
      system-time: 0.000999
      cpu-usage-per-instance: 99.999729
      max-rss: 3584

...
