---
system-info:
      stress-ng-version: 0.17.08
      run-by: root
      date-yyyy-mm-dd: 2024:09:17
      time-hh-mm-ss: 08:12:58
      epoch-secs: 1726560778
      hostname: sc-runner
      sysname: Linux
      nodename: sc-runner
      release: 6.8.0-1014-azure
      version: '#16-Ubuntu SMP Thu Aug 15 20:04:41 UTC 2024'
      machine: x86_64
      compiler: 'musl-gcc 13.2.1'
      uptime: 415
      totalram: 405734535168
      freeram: 394179416064
      sharedram: 109731840
      bufferram: 287588352
      totalswap: 0
      freeswap: 0
      pagesize: 4096
      cpus: 48
      cpus-online: 48
      ticks-per-second: 100

metrics:
    - stressor: cpu
      bogo-ops: 20346
      bogo-ops-per-second-usr-sys-time: 1017.314039
      bogo-ops-per-second-real-time: 1017.293051
      wall-clock-time: 20.000137
      user-time: 19.998724
      system-time: 0.001000
      cpu-usage-per-instance: 99.997937
      max-rss: 3200

...
