BaselineInfo:
  WebDBID: -1
  TimeStamp: 20260404141912
Version:
  Major: 11
  Minor: 0
  Build: 1004
  SpecialBuildName: ""
  ptArchitecture: aarch64_linux
Results:
  Results Complete: true
  NumTestProcesses: 16
  CPU_INTEGER_MATH: 75922.21699999999
  CPU_FLOATINGPOINT_MATH: 57647.286020100946
  CPU_PRIME: 87.529679333328687
  CPU_SORTING: 54374.19017504045
  CPU_ENCRYPTION: 2605.1324756938443
  CPU_COMPRESSION: 90962.375622275809
  CPU_SINGLETHREAD: 1332.2779938372009
  CPU_PHYSICS: 1659.4976611358081
  CPU_MATRIX_MULT_SSE: 11977.282171057297
  CPU_mm: 2008.8247356947652
  CPU_sse: 10023.175531213708
  CPU_fma: 13931.388810900886
  CPU_avx: 0
  CPU_avx512: 0
  m_CPU_enc_SHA: 3910923479.5941873
  m_CPU_enc_AES: 1811528977.5187306
  m_CPU_enc_ECDSA: 2472585715.386529
  ME_ALLOC_S: 9562.4467413338043
  ME_READ_S: 11300.805957031251
  ME_READ_L: 8618.6865234375
  ME_WRITE: 15008.001953125
  ME_LARGE: 49215.25
  ME_LATENCY: 68.077836754244288
  ME_THREADED: 106978.4755859375
  SUMM_CPU: 11540.139462378651
  SUMM_ME: 1935.6421870424103
SystemInformation:
  OSName: Ubuntu 24.04.4 LTS
  Kernel: 6.8.0-106-generic
  Device: ""
  Processor: ARM Neoverse-N1 16 Core 0 MHz
  NumSockets: 1
  Manufacturer: ARM
  NumCores: 16
  NumLogicals: 16
  CPUFrequency: 0
  CPUMaxFrequency: 0
  Memory: 62439
Checksum: F06961FC81D6ECA6E67EEB5EE1B646BAEE982766