---
system-info:
      stress-ng-version: 0.17.08
      run-by: root
      date-yyyy-mm-dd: 2024:07:02
      time-hh-mm-ss: 11:36:59
      epoch-secs: 1719920219
      hostname: n4-highcpu-32-640ce0e
      sysname: Linux
      nodename: n4-highcpu-32-640ce0e
      release: 6.8.0-1009-gcp
      version: '#10-Ubuntu SMP Wed Jun 12 18:52:23 UTC 2024'
      machine: x86_64
      compiler: 'musl-gcc 13.2.1'
      uptime: 113
      totalram: 67415097344
      freeram: 61840695296
      sharedram: 274284544
      bufferram: 126668800
      totalswap: 0
      freeswap: 0
      pagesize: 4096
      cpus: 32
      cpus-online: 32
      ticks-per-second: 100

metrics:
    - stressor: cpu
      bogo-ops: 566146
      bogo-ops-per-second-usr-sys-time: 884.993267
      bogo-ops-per-second-real-time: 28307.179890
      wall-clock-time: 20.000085
      user-time: 639.698864
      system-time: 0.018997
      cpu-usage-per-instance: 99.955492
      max-rss: 1032

...
