"size","threads","connections","rps","latency","failed","server_usr","server_sys","client_usr","client_sys"
"1k",2,2,133436,0.000016300,0,3.29,6.85,1.77,8.15
"1k",2,4,145580,0.000027170,0,3.22,6.87,1.86,8.09
"1k",2,8,163455,0.000046280,0,3.31,6.82,1.94,7.99
"1k",2,16,182182,0.000084380,0,3.44,6.74,1.86,8.01
"1k",2,32,171826,0.000477030,0,2.93,7.03,1.52,8.20
"1k",2,64,172800,0.000612600,0,3.02,7.18,1.52,8.16
"1k",4,4,104336,0.000040310,0,2.62,7.28,1.44,8.79
"1k",4,8,115811,0.000070600,0,2.64,7.26,1.56,8.68
"1k",4,16,133733,0.000129790,0,2.76,7.23,1.55,8.52
"1k",4,32,150580,0.000284170,0,2.87,7.15,1.65,8.43
"1k",4,64,150489,0.000599020,0,2.76,7.11,1.55,8.47
"1k",8,8,110867,0.000084340,0,2.65,7.08,1.67,8.68
"1k",8,16,116277,0.000136330,0,2.61,7.16,1.58,8.83
"1k",8,32,119021,0.000276790,0,2.60,7.31,1.50,8.75
"1k",8,64,134462,0.000497920,0,2.74,7.30,1.52,8.59
"16k",2,2,108350,0.000019880,0,3.35,6.67,1.60,8.37
"16k",2,4,119516,0.000030880,0,2.93,7.12,1.67,8.33
"16k",2,8,96945,0.000090480,0,2.45,6.47,1.17,7.69
"16k",2,16,132019,0.000322200,0,2.94,6.97,1.42,8.48
"16k",2,32,144791,0.000247690,0,3.28,6.64,1.62,8.27
"16k",2,64,126991,0.000870000,0,2.84,7.00,1.23,8.62
"16k",4,4,91414,0.000044040,0,2.67,7.01,1.55,8.93
"16k",4,8,94394,0.000083840,0,2.49,7.07,1.47,9.11
"16k",4,16,107014,0.000143560,0,2.70,7.00,1.49,8.96
"16k",4,32,112770,0.000400460,0,2.64,6.96,1.40,8.95
"16k",4,64,115716,0.000688510,0,2.77,6.84,1.42,8.87
"16k",8,8,95247,0.000085320,0,2.74,6.73,1.70,9.01
"16k",8,16,88312,0.000178880,0,2.52,6.87,1.45,9.32
"16k",8,32,95340,0.000330440,0,2.64,6.84,1.50,9.18
"16k",8,64,100586,0.000666810,0,2.75,6.92,1.47,8.98
"64k",2,2,65476,0.000032450,0,2.93,6.87,1.32,8.92
"64k",2,4,68964,0.000046330,0,2.75,7.04,1.30,8.95
"64k",2,8,57087,0.000087970,0,2.55,5.65,1.15,7.89
"64k",2,16,53388,0.000305120,0,2.11,6.27,1.02,8.33
"64k",2,32,61469,0.000537130,0,2.43,6.95,1.05,9.12
"64k",2,64,59189,0.000838310,0,2.60,6.75,1.17,9.23
"64k",4,4,56094,0.000074150,0,2.18,7.30,1.33,9.34
"64k",4,8,52929,0.000145140,0,2.15,7.06,1.22,9.59
"64k",4,16,57515,0.000267550,0,2.23,6.95,1.24,9.65
"64k",4,32,57587,0.000536690,0,2.36,6.95,1.17,9.52
"64k",4,64,56639,0.001120000,0,2.32,7.06,1.19,9.30
"64k",8,8,51247,0.000160010,0,1.95,7.20,1.34,9.65
"64k",8,16,51288,0.000334270,0,2.10,7.07,1.23,9.74
"64k",8,32,52113,0.000606500,0,2.21,7.09,1.29,9.56
"64k",8,64,55708,0.001170000,0,2.25,7.08,1.25,9.29
"256k",2,2,26691,0.000076880,0,2.32,6.45,1.25,9.94
"256k",2,4,25718,0.000124480,0,2.61,6.60,1.23,9.59
"256k",2,8,23791,0.000239690,0,2.61,6.71,1.07,9.44
"256k",2,16,21909,0.000890000,0,2.15,7.20,0.95,8.93
"256k",2,32,21976,0.001320000,0,2.16,7.36,1.00,9.16
"256k",4,4,20567,0.000198950,0,2.20,7.08,1.05,9.68
"256k",4,8,20658,0.000390550,0,2.21,7.15,1.03,9.57
"256k",4,16,22126,0.000681720,0,2.22,7.10,1.13,9.40
"256k",4,32,21273,0.001460000,0,2.03,7.43,1.05,9.38
"256k",8,8,19876,0.000410780,0,2.10,7.36,1.22,9.44
"256k",8,16,20093,0.000814770,0,2.04,7.30,1.07,9.48
"256k",8,32,20571,0.001540000,0,2.16,7.24,1.12,9.39
"512k",2,2,14037,0.000145510,0,2.37,5.99,1.13,10.43
"512k",2,4,11584,0.000300070,0,2.51,6.62,1.00,9.78
"512k",2,8,11038,0.000662460,0,2.24,6.89,0.83,8.75
"512k",2,16,11820,0.001310000,0,2.21,7.42,0.93,9.18
"512k",2,32,11343,0.002170000,0,2.39,7.04,0.90,9.51
"512k",4,4,11704,0.000344790,0,2.53,6.61,1.07,9.91
"512k",4,8,11203,0.000700520,0,2.31,7.31,0.99,9.36
"512k",4,16,11427,0.001480000,0,2.24,7.33,0.96,9.37
"512k",4,32,11407,0.002650000,0,2.22,7.39,0.96,9.35
"512k",8,8,10971,0.000730030,0,2.24,7.42,1.02,9.36
"512k",8,16,10907,0.001480000,0,2.33,7.35,1.05,9.12
"512k",8,32,11109,0.002840000,0,2.22,7.39,1.03,9.25
