---
system-info:
      stress-ng-version: 0.17.08
      run-by: root
      date-yyyy-mm-dd: 2024:06:13
      time-hh-mm-ss: 07:20:53
      epoch-secs: 1718263253
      hostname: 0133e8fb5aee
      sysname: Linux
      nodename: 0133e8fb5aee
      release: 6.8.0-1008-aws
      version: '#8-Ubuntu SMP Sat Apr 20 00:46:25 UTC 2024'
      machine: x86_64
      compiler: 'musl-gcc 13.2.1'
      uptime: 142
      totalram: 515633987584
      freeram: 510127964160
      sharedram: 96358400
      bufferram: 105619456
      totalswap: 0
      freeswap: 0
      pagesize: 4096
      cpus: 64
      cpus-online: 64
      ticks-per-second: 100

metrics:
    - stressor: cpu
      bogo-ops: 592476
      bogo-ops-per-second-usr-sys-time: 463.144650
      bogo-ops-per-second-real-time: 29623.585473
      wall-clock-time: 20.000145
      user-time: 1279.225150
      system-time: 0.020977
      cpu-usage-per-instance: 99.940380
      max-rss: 512

...
