---
system-info:
      stress-ng-version: 0.17.08
      run-by: root
      date-yyyy-mm-dd: 2024:06:07
      time-hh-mm-ss: 11:27:08
      epoch-secs: 1717759628
      hostname: 41f74cd9db25
      sysname: Linux
      nodename: 41f74cd9db25
      release: 6.8.0-1008-aws
      version: '#8-Ubuntu SMP Sat Apr 20 00:46:25 UTC 2024'
      machine: x86_64
      compiler: 'musl-gcc 13.2.1'
      uptime: 164
      totalram: 515633946624
      freeram: 510349127680
      sharedram: 96358400
      bufferram: 89993216
      totalswap: 0
      freeswap: 0
      pagesize: 4096
      cpus: 64
      cpus-online: 64
      ticks-per-second: 100

metrics:
    - stressor: cpu
      bogo-ops: 464443
      bogo-ops-per-second-usr-sys-time: 726.302010
      bogo-ops-per-second-real-time: 46430.860578
      wall-clock-time: 10.002895
      user-time: 639.349692
      system-time: 0.112947
      cpu-usage-per-instance: 99.887125
      max-rss: 3072

...
