BaselineInfo:
  WebDBID: -1
  TimeStamp: 20241108071922
Version:
  Major: 11
  Minor: 0
  Build: 1002
  SpecialBuildName: ""
  ptArchitecture: x86_64_linux
Results:
  Results Complete: true
  NumTestProcesses: 8
  CPU_INTEGER_MATH: 22575.065333333332
  CPU_FLOATINGPOINT_MATH: 12134.559165063714
  CPU_PRIME: 44.791266484395912
  CPU_SORTING: 11899.855225354291
  CPU_ENCRYPTION: 3133.0760996781573
  CPU_COMPRESSION: 100085.76389686773
  CPU_SINGLETHREAD: 1833.7867663637219
  CPU_PHYSICS: 922.00202825935912
  CPU_MATRIX_MULT_SSE: 6149.4232774718494
  CPU_mm: 699.68502052996678
  CPU_sse: 2498.1853777675151
  CPU_fma: 7453.9819979150507
  CPU_avx: 5264.2442214592438
  CPU_avx512: 9381.281512745587
  m_CPU_enc_SHA: 1037400565.2251092
  m_CPU_enc_AES: 7891765009.4905758
  m_CPU_enc_ECDSA: 926639638.17268443
  ME_ALLOC_S: 2744.4484195110363
  ME_READ_S: 22451.468164062499
  ME_READ_L: 10796.546875
  ME_WRITE: 10103.8330078125
  ME_LARGE: 19309.833333333332
  ME_LATENCY: 54.566781289956189
  ME_THREADED: 46038.6259765625
  SUMM_CPU: 7707.2498010434438
  SUMM_ME: 2314.8065392103122
SystemInformation:
  OSName: Ubuntu 24.04.1 LTS
  Kernel: 6.8.0-1016-aws
  Device: ""
  Processor: Intel Xeon Platinum 8259CL CPU @ 2.50GHz
  NumSockets: 1
  Manufacturer: GenuineIntel
  NumCores: 4
  NumLogicals: 8
  CPUFrequency: 0
  Memory: 31722
  MemModuleInfo:
    iNumMemSticks: 1
    DIMM 1:
      manufacturer: Not Specified
      modulePartNo: Not Specified
      memType: DDR4
      size: 32
      clkspeed: 1466
      moduleVoltage: 0
Checksum: 895437E3E2442BFE38114FBEBB4EE6DD58F0FD1E