BaselineInfo:
  WebDBID: -1
  TimeStamp: 20260404111925
Version:
  Major: 11
  Minor: 0
  Build: 1004
  SpecialBuildName: ""
  ptArchitecture: x86_64_linux
Results:
  Results Complete: true
  NumTestProcesses: 16
  CPU_INTEGER_MATH: 45985.351000000002
  CPU_FLOATINGPOINT_MATH: 30934.189191805628
  CPU_PRIME: 86.164854711529259
  CPU_SORTING: 31917.109439275035
  CPU_ENCRYPTION: 6239.9858612100952
  CPU_COMPRESSION: 251161.57082646003
  CPU_SINGLETHREAD: 1650.7757976125349
  CPU_PHYSICS: 1706.2534905153318
  CPU_MATRIX_MULT_SSE: 17422.06332442605
  CPU_mm: 1770.5295799564308
  CPU_sse: 6583.3461610504937
  CPU_fma: 21420.95741087912
  CPU_avx: 15092.531957944862
  CPU_avx512: 26591.41776782972
  m_CPU_enc_SHA: 3091634343.0044174
  m_CPU_enc_AES: 13842142912.266188
  m_CPU_enc_ECDSA: 2695520987.9421048
  ME_ALLOC_S: 3747.3984888174627
  ME_READ_S: 18901.6826171875
  ME_READ_L: 6284.81982421875
  ME_WRITE: 6558.06591796875
  ME_LARGE: 18684.583333333332
  ME_LATENCY: 86.287854251530575
  ME_THREADED: 85626.04150390625
  SUMM_CPU: 16269.179182526501
  SUMM_ME: 1647.5584341700933
SystemInformation:
  OSName: Ubuntu 24.04.4 LTS
  Kernel: 6.8.0-106-generic
  Device: ""
  Processor: Intel(R) Xeon(R) Platinum 8269CY CPU @ 2.50GHz
  NumSockets: 1
  Manufacturer: GenuineIntel
  NumCores: 8
  NumLogicals: 16
  CPUFrequency: 0
  CPUMaxFrequency: 0
  Memory: 31707
  CPUInfo:
    number: 1
    Family: 6
    Model: 5
    stepping: 7
    features: 529267711
    manufacture: GenuineIntel
    typestring: Intel(R) Xeon(R) Platinum 8269CY CPU @ 2.50GHz
    iCoresPerPackage: 8
    iThreadsPerPackage: 2
    featuresEx:
      - 529267711
      - 4277809667
      - 739248128
    bHybrid: false
    nPCore: 0
    nLogicalsPerPCore: 0
    nECore: 0
    nLogicalsPerECore: 0
  MemModuleInfo:
    iNumMemSticks: 2
    DIMM 1:
      manufacturer: Alibaba Cloud
      modulePartNo: Not Specified
      memType: RAM
      size: 16
      clkspeed: 0
      moduleVoltage: 0
    DIMM 2:
      manufacturer: Alibaba Cloud
      modulePartNo: Not Specified
      memType: RAM
      size: 16
      clkspeed: 0
      moduleVoltage: 0
Checksum: DE0C2C584E4B33D88E96AE5635E3E6531A7F7306