BaselineInfo:
  WebDBID: -1
  TimeStamp: 20241109055344
Version:
  Major: 11
  Minor: 0
  Build: 1002
  SpecialBuildName: ""
  ptArchitecture: x86_64_linux
Results:
  Results Complete: true
  NumTestProcesses: 64
  CPU_INTEGER_MATH: 265699.56066666654
  CPU_FLOATINGPOINT_MATH: 146031.70107682332
  CPU_PRIME: 373.85904646924439
  CPU_SORTING: 137778.19978153222
  CPU_ENCRYPTION: 68596.414552175527
  CPU_COMPRESSION: 1004968.6706840333
  CPU_SINGLETHREAD: 2395.2403610427168
  CPU_PHYSICS: 6373.1037227117085
  CPU_MATRIX_MULT_SSE: 58066.499948955694
  CPU_mm: 7062.4820023110296
  CPU_sse: 29878.907228368225
  CPU_fma: 78809.663910919873
  CPU_avx: 65510.928707578925
  CPU_avx512: 0
  m_CPU_enc_SHA: 99396240792.678024
  m_CPU_enc_AES: 63585398874.413811
  m_CPU_enc_ECDSA: 52804022289.294228
  ME_ALLOC_S: 25343.076986031145
  ME_READ_S: 24442.563085937501
  ME_READ_L: 20833.080078125
  ME_WRITE: 20379.951171875
  ME_LARGE: 245755.5
  ME_LATENCY: 60.697828261575495
  ME_THREADED: 143627.751953125
  SUMM_CPU: 61958.783410531039
  SUMM_ME: 3027.2765903898871
SystemInformation:
  OSName: Ubuntu 24.04.1 LTS
  Kernel: 6.8.0-1017-azure
  Device: ""
  Processor: AMD EPYC 7763 64-Core Processor
  NumSockets: 1
  Manufacturer: AuthenticAMD
  NumCores: 32
  NumLogicals: 64
  CPUFrequency: 0
  Memory: 257718
  MemModuleInfo:
    iNumMemSticks: 3
    DIMM 1:
      manufacturer: Microsoft Corporation
      modulePartNo: None
      memType: Unknown
      size: 1
      clkspeed: 0
      moduleVoltage: 0
    DIMM 2:
      manufacturer: Microsoft Corporation
      modulePartNo: None
      memType: Unknown
      size: 60928
      clkspeed: 0
      moduleVoltage: 0
    DIMM 3:
      manufacturer: Microsoft Corporation
      modulePartNo: None
      memType: Unknown
      size: 200192
      clkspeed: 0
      moduleVoltage: 0
Checksum: 590FD842777FD32C3D41E00FFE759C00292BA78D