---
system-info:
      stress-ng-version: 0.17.08
      run-by: root
      date-yyyy-mm-dd: 2024:06:26
      time-hh-mm-ss: 13:51:19
      epoch-secs: 1719409879
      hostname: n4-highcpu-2-9afdca8
      sysname: Linux
      nodename: n4-highcpu-2-9afdca8
      release: 6.8.0-1008-gcp
      version: '#9-Ubuntu SMP Wed May 22 18:09:04 UTC 2024'
      machine: x86_64
      compiler: 'musl-gcc 13.2.1'
      uptime: 135
      totalram: 4102332416
      freeram: 193945600
      sharedram: 274022400
      bufferram: 121327616
      totalswap: 0
      freeswap: 0
      pagesize: 4096
      cpus: 2
      cpus-online: 2
      ticks-per-second: 100

metrics:
    - stressor: cpu
      bogo-ops: 34417
      bogo-ops-per-second-usr-sys-time: 1720.928044
      bogo-ops-per-second-real-time: 1720.841117
      wall-clock-time: 20.000103
      user-time: 19.999093
      system-time: 0.000000
      cpu-usage-per-instance: 99.994949
      max-rss: 976

...
