BaselineInfo:
  WebDBID: -1
  TimeStamp: 20241109073517
Version:
  Major: 11
  Minor: 0
  Build: 1002
  SpecialBuildName: ""
  ptArchitecture: x86_64_linux
Results:
  Results Complete: true
  NumTestProcesses: 16
  CPU_INTEGER_MATH: 49898.634333333335
  CPU_FLOATINGPOINT_MATH: 26766.25545462843
  CPU_PRIME: 82.406551224556992
  CPU_SORTING: 25772.043795265898
  CPU_ENCRYPTION: 6868.1210186960407
  CPU_COMPRESSION: 220081.57147121476
  CPU_SINGLETHREAD: 2054.9563089967819
  CPU_PHYSICS: 1476.9604912929262
  CPU_MATRIX_MULT_SSE: 15308.125190952125
  CPU_mm: 1515.6679926177958
  CPU_sse: 5462.6163659094318
  CPU_fma: 17988.992554277072
  CPU_avx: 12710.666492836097
  CPU_avx512: 25070.225350785891
  m_CPU_enc_SHA: 2255775609.0498853
  m_CPU_enc_AES: 17326093217.987049
  m_CPU_enc_ECDSA: 2023371768.863729
  ME_ALLOC_S: 5436.8620914157309
  ME_READ_S: 24073.042773437501
  ME_READ_L: 9575.384765625
  ME_WRITE: 8612.7236328125
  ME_LARGE: 247336.16666666666
  ME_LATENCY: 55.249923185218968
  ME_THREADED: 68358.0849609375
  SUMM_CPU: 15944.585938306525
  SUMM_ME: 2419.5966435431937
SystemInformation:
  OSName: Ubuntu 24.04.1 LTS
  Kernel: 6.8.0-1017-azure
  Device: ""
  Processor: Intel Xeon Platinum 8272CL CPU @ 2.60GHz
  NumSockets: 1
  Manufacturer: GenuineIntel
  NumCores: 8
  NumLogicals: 16
  CPUFrequency: 0
  Memory: 257737
  MemModuleInfo:
    iNumMemSticks: 3
    DIMM 1:
      manufacturer: Microsoft Corporation
      modulePartNo: None
      memType: Unknown
      size: 1
      clkspeed: 0
      moduleVoltage: 0
    DIMM 2:
      manufacturer: Microsoft Corporation
      modulePartNo: None
      memType: Unknown
      size: 60928
      clkspeed: 0
      moduleVoltage: 0
    DIMM 3:
      manufacturer: Microsoft Corporation
      modulePartNo: None
      memType: Unknown
      size: 200192
      clkspeed: 0
      moduleVoltage: 0
Checksum: 68E41D85492E9F2635D03C4B9D630ED3AEBAFE5C