BaselineInfo:
  WebDBID: -1
  TimeStamp: 20260407090706
Version:
  Major: 11
  Minor: 0
  Build: 1004
  SpecialBuildName: ""
  ptArchitecture: x86_64_linux
Results:
  Results Complete: true
  NumTestProcesses: 2
  CPU_INTEGER_MATH: 8362.403666666667
  CPU_FLOATINGPOINT_MATH: 4280.729447306182
  CPU_PRIME: 18.570010874860127
  CPU_SORTING: 4450.3460780213445
  CPU_ENCRYPTION: 1809.5928012158529
  CPU_COMPRESSION: 32342.267070422997
  CPU_SINGLETHREAD: 2301.8427088669514
  CPU_PHYSICS: 367.13008252712928
  CPU_MATRIX_MULT_SSE: 1652.824336549495
  CPU_mm: 180.4312419739959
  CPU_sse: 793.60579811342529
  CPU_fma: 2176.6349459059493
  CPU_avx: 1610.2264876763757
  CPU_avx512: 2030.8301145022306
  m_CPU_enc_SHA: 1811076127.4332099
  m_CPU_enc_AES: 2748894653.2277555
  m_CPU_enc_ECDSA: 1132515962.7221763
  ME_ALLOC_S: 1044.5643589997658
  ME_READ_S: 23693.910351562499
  ME_READ_L: 12031.64453125
  ME_WRITE: 11106.46875
  ME_LARGE: 1113.5
  ME_LATENCY: 52.680791846973307
  ME_THREADED: 16289.56103515625
  SUMM_CPU: 2986.9033050099911
  SUMM_ME: 1313.6124439042821
SystemInformation:
  OSName: Ubuntu 24.04.4 LTS
  Kernel: 6.8.0-106-generic
  Device: ""
  Processor: Intel(R) Xeon(R) Platinum 8369B CPU @ 2.70GHz
  NumSockets: 1
  Manufacturer: GenuineIntel
  NumCores: 1
  NumLogicals: 2
  CPUFrequency: 0
  CPUMaxFrequency: 0
  Memory: 7397
  CPUInfo:
    number: 1
    Family: 6
    Model: 10
    stepping: 6
    features: 529267711
    manufacture: GenuineIntel
    typestring: Intel(R) Xeon(R) Platinum 8369B CPU @ 2.70GHz
    iCoresPerPackage: 1
    iThreadsPerPackage: 2
    featuresEx:
      - 529267711
      - 4277809667
      - 739248128
    bHybrid: false
    nPCore: 0
    nLogicalsPerPCore: 0
    nECore: 0
    nLogicalsPerECore: 0
  MemModuleInfo:
    iNumMemSticks: 1
    DIMM 1:
      manufacturer: Alibaba Cloud
      modulePartNo: Not Specified
      memType: RAM
      size: 8
      clkspeed: 0
      moduleVoltage: 0
Checksum: 9894829EFBB9CC97DC7CEA983968C7815FA6FC0C