---
system-info:
      stress-ng-version: 0.17.08
      run-by: root
      date-yyyy-mm-dd: 2024:09:18
      time-hh-mm-ss: 20:05:11
      epoch-secs: 1726689911
      hostname: ip-172-31-23-241
      sysname: Linux
      nodename: ip-172-31-23-241
      release: 6.8.0-1014-aws
      version: '#15-Ubuntu SMP Thu Aug  8 20:05:03 UTC 2024'
      machine: aarch64
      compiler: 'musl-gcc 13.2.1'
      uptime: 195
      totalram: 66201886720
      freeram: 56138334208
      sharedram: 39247872
      bufferram: 245743616
      totalswap: 0
      freeswap: 0
      pagesize: 4096
      cpus: 4
      cpus-online: 4
      ticks-per-second: 100

metrics:
    - stressor: cpu
      bogo-ops: 34147
      bogo-ops-per-second-usr-sys-time: 1707.297586
      bogo-ops-per-second-real-time: 1707.345258
      wall-clock-time: 20.000056
      user-time: 20.000614
      system-time: 0.000000
      cpu-usage-per-instance: 100.002792
      max-rss: 1192

...
