BaselineInfo:
  WebDBID: -1
  TimeStamp: 20241111022057
Version:
  Major: 11
  Minor: 0
  Build: 1002
  SpecialBuildName: ""
  ptArchitecture: aarch64_linux
Results:
  Results Complete: true
  NumTestProcesses: 192
  CPU_INTEGER_MATH: 963343.14666666661
  CPU_FLOATINGPOINT_MATH: 1119367.8880464118
  CPU_PRIME: 1559.7881957097111
  CPU_SORTING: 820799.48425280687
  CPU_ENCRYPTION: 34706.03877843856
  CPU_COMPRESSION: 1228505.9696401735
  CPU_SINGLETHREAD: 1869.1352625647994
  CPU_PHYSICS: 35697.031951934303
  CPU_MATRIX_MULT_SSE: 140040.9264071495
  CPU_mm: 20784.718918626113
  CPU_sse: 110778.72515707741
  CPU_fma: 169303.12765722157
  CPU_avx: 0
  CPU_avx512: 0
  m_CPU_enc_SHA: 54358226276.073441
  m_CPU_enc_AES: 19814446310.637089
  m_CPU_enc_ECDSA: 35003085367.709473
  ME_ALLOC_S: 46223.7654524178
  ME_READ_S: 19158.832714843749
  ME_READ_L: 17527.958984375
  ME_WRITE: 20513.787109375
  ME_LARGE: 3024765.6666666665
  ME_LATENCY: 49.004481378465698
  ME_THREADED: 583259.30029296875
  SUMM_CPU: 77485.182594533064
  SUMM_ME: 3166.8074212861734
SystemInformation:
  OSName: Ubuntu 24.04.1 LTS
  Kernel: 6.8.0-1016-aws
  Device: ""
  Processor: ARM Neoverse-V2 192 Core 0 MHz
  NumSockets: 2
  Manufacturer: ARM
  NumCores: 192
  NumLogicals: 192
  CPUFrequency: 0
  Memory: 3041843
Checksum: 5FFE5426892BCF4F9E5A61CCC632AEB515D03498