BaselineInfo:
  WebDBID: -1
  TimeStamp: 20241108114101
Version:
  Major: 11
  Minor: 0
  Build: 1002
  SpecialBuildName: ""
  ptArchitecture: aarch64_linux
Results:
  Results Complete: true
  NumTestProcesses: 48
  CPU_INTEGER_MATH: 189360.78666666671
  CPU_FLOATINGPOINT_MATH: 144095.828131799
  CPU_PRIME: 221.4336007334239
  CPU_SORTING: 134230.26614470367
  CPU_ENCRYPTION: 6569.4628376113669
  CPU_COMPRESSION: 228891.39712445397
  CPU_SINGLETHREAD: 1110.4347111847928
  CPU_PHYSICS: 3682.5522501241994
  CPU_MATRIX_MULT_SSE: 29863.993064878279
  CPU_mm: 5012.2165409553263
  CPU_sse: 24915.061073358942
  CPU_fma: 34812.925056397602
  CPU_avx: 0
  CPU_avx512: 0
  m_CPU_enc_SHA: 9861434792.1186447
  m_CPU_enc_AES: 4548481553.2147932
  m_CPU_enc_ECDSA: 6255826847.9000969
  ME_ALLOC_S: 20478.440481163318
  ME_READ_S: 9486.9474609374993
  ME_READ_L: 9221.7734375
  ME_WRITE: 12567.60546875
  ME_LARGE: 82492.25
  ME_LATENCY: 68.236750982868514
  ME_THREADED: 181546.41015625
  SUMM_CPU: 23324.652529605988
  SUMM_ME: 1858.0015960536718
SystemInformation:
  OSName: Ubuntu 24.04.1 LTS
  Kernel: 6.8.0-1016-aws
  Device: ""
  Processor: ARM Neoverse-N1 48 Core 0 MHz
  NumSockets: 1
  Manufacturer: ARM
  NumCores: 48
  NumLogicals: 48
  CPUFrequency: 0
  Memory: 94812
Checksum: 0214CFB978B9DD03664ED1F69D5BC615BDCF5CBD