"size","threads","connections","rps","latency","failed","server_usr","server_sys","client_usr","client_sys"
"1k",64,64,3777178,0.000016320,0,206.87,186.17,48.42,204.09
"1k",64,128,2983252,0.000174450,0,143.05,192.30,40.41,208.75
"1k",64,256,3022414,0.000092010,0,140.47,206.89,40.23,221.09
"1k",64,512,3217478,0.000245900,0,142.46,213.05,38.82,228.64
"1k",64,1024,3386671,0.000513530,0,158.83,210.76,36.89,230.84
"1k",64,2048,3467309,0.000808370,0,163.53,208.97,36.12,231.48
"1k",128,128,3931078,0.000032000,0,225.27,170.41,52.87,199.09
"1k",128,256,2939983,0.000201900,0,126.19,196.92,44.45,225.05
"1k",128,512,3063136,0.000453020,0,124.83,220.11,36.83,252.80
"1k",128,1024,3123644,0.000483110,0,125.78,216.50,48.91,251.55
"1k",128,2048,3185357,0.000760060,0,132.09,213.28,48.73,250.07
"1k",256,256,3857634,0.000075710,0,204.37,177.93,53.73,208.40
"1k",256,512,2988986,0.000253840,0,115.68,214.96,48.85,251.04
"1k",256,1024,3000190,0.000437370,0,113.63,216.64,58.72,255.78
"1k",256,2048,2975432,0.000790890,0,108.69,220.44,51.43,263.41
"16k",64,64,3397786,0.000018410,0,187.15,182.13,46.68,217.98
"16k",64,128,2810295,0.000079350,0,127.94,200.17,41.19,225.37
"16k",64,256,2689918,0.000098520,0,123.60,212.99,39.39,235.79
"16k",64,512,2682805,0.000248990,0,118.40,223.03,35.79,247.94
"16k",64,1024,2421868,0.000597950,0,103.55,211.31,25.97,299.95
"16k",64,2048,2154886,0.001130000,0,89.28,201.70,19.29,334.54
"16k",128,128,3654836,0.000034470,0,202.69,173.71,55.25,215.83
"16k",128,256,2744805,0.000190570,0,108.44,198.57,44.94,235.23
"16k",128,512,2667163,0.000310310,0,99.85,223.82,38.28,263.23
"16k",128,1024,2475699,0.000699370,0,85.05,217.11,31.93,309.98
"16k",128,2048,2256998,0.001230000,0,79.08,202.38,28.46,338.69
"16k",256,256,3603649,0.000075670,0,191.11,176.66,55.70,223.68
"16k",256,512,2749594,0.000276100,0,102.34,218.87,47.73,263.30
"16k",256,1024,2766752,0.000466990,0,100.83,218.37,57.97,271.23
"16k",256,2048,2668801,0.000839370,0,96.51,221.19,55.85,279.19
"64k",64,64,2282922,0.000027660,0,104.21,221.11,47.15,263.14
"64k",64,128,1770535,0.000168160,0,81.59,227.39,35.51,246.27
"64k",64,256,1469855,0.000167710,0,78.91,253.44,31.05,254.69
"64k",64,512,1232241,0.000399930,0,65.88,264.94,22.85,280.85
"64k",64,1024,846288,0.001140000,0,59.31,247.95,14.59,322.46
"64k",64,2048,624296,0.003050000,0,56.58,240.36,11.16,332.13
"64k",128,128,2475194,0.000051240,0,119.19,209.33,51.87,266.90
"64k",128,256,1601166,0.000258970,0,64.76,239.80,36.99,249.41
"64k",128,512,1446746,0.000484140,0,58.91,269.36,31.83,270.92
"64k",128,1024,1337699,0.000910000,0,54.10,272.79,32.71,285.77
"64k",128,2048,811020,0.002590000,0,48.62,238.72,17.94,349.53
"64k",256,256,2352058,0.000109320,0,107.43,216.79,54.11,271.46
"64k",256,512,1647448,0.000380460,0,58.36,258.86,44.68,278.08
"64k",256,1024,1612669,0.000711190,0,56.82,260.69,48.91,284.89
"64k",256,2048,1350750,0.001570000,0,63.88,257.32,44.69,286.51
"256k",64,64,952757,0.000079340,0,80.12,247.64,40.84,270.18
"256k",64,128,391170,0.000363570,0,43.88,254.02,15.73,302.15
"256k",64,256,234612,0.001120000,0,35.62,278.29,9.46,306.12
"256k",64,512,167042,0.003070000,0,34.43,303.05,7.22,288.18
"256k",64,1024,153698,0.006440000,0,30.18,293.35,6.05,271.32
"256k",128,128,473209,0.000332680,0,33.39,252.04,19.92,342.51
"256k",128,256,286236,0.001010000,0,27.69,237.66,12.23,361.27
"256k",128,512,190021,0.002820000,0,26.65,249.66,8.77,355.12
"256k",128,1024,167733,0.006110000,0,25.66,257.62,7.65,320.00
"256k",256,256,237338,0.001150000,0,13.14,206.23,9.95,423.21
"256k",256,512,232721,0.002420000,0,22.70,222.54,11.70,390.95
"256k",256,1024,208837,0.005050000,0,25.30,258.34,11.71,341.90
"512k",64,64,85590,0.000754350,0,0.00,261.45,6.47,377.97
"512k",64,128,83064,0.001440000,0,3.06,293.65,5.87,321.64
"512k",64,256,69885,0.003460000,0,19.81,323.22,4.96,284.73
"512k",64,512,68666,0.007080000,0,18.22,346.32,4.61,242.09
"512k",64,1024,67073,0.014460000,0,18.98,340.48,4.13,212.83
"512k",128,128,78662,0.001630000,0,11.14,172.40,4.88,460.31
"512k",128,256,72155,0.003480000,0,12.52,257.07,5.55,364.15
"512k",128,512,68983,0.007200000,0,11.03,302.23,5.34,317.43
"512k",128,1024,66836,0.014880000,0,10.73,325.25,5.01,286.06
"512k",256,256,71777,0.003580000,0,10.20,165.50,4.86,473.63
"512k",256,512,70573,0.007200000,0,7.88,254.25,5.93,376.01
"512k",256,1024,70927,0.014390000,0,4.92,307.74,6.41,331.19
