---
system-info:
      stress-ng-version: 0.17.08
      run-by: root
      date-yyyy-mm-dd: 2024:09:21
      time-hh-mm-ss: 14:29:26
      epoch-secs: 1726928966
      hostname: sc-runner
      sysname: Linux
      nodename: sc-runner
      release: 6.8.0-1014-azure
      version: '#16-Ubuntu SMP Thu Aug 15 20:04:41 UTC 2024'
      machine: x86_64
      compiler: 'musl-gcc 13.2.1'
      uptime: 318
      totalram: 67420610560
      freeram: 57050054656
      sharedram: 38133760
      bufferram: 249335808
      totalswap: 0
      freeswap: 0
      pagesize: 4096
      cpus: 16
      cpus-online: 16
      ticks-per-second: 100

metrics:
    - stressor: cpu
      bogo-ops: 54059
      bogo-ops-per-second-usr-sys-time: 2702.920944
      bogo-ops-per-second-real-time: 2702.945876
      wall-clock-time: 20.000031
      user-time: 20.000215
      system-time: 0.000000
      cpu-usage-per-instance: 100.000922
      max-rss: 3152

...
