---
system-info:
      stress-ng-version: 0.17.08
      run-by: root
      date-yyyy-mm-dd: 2024:09:04
      time-hh-mm-ss: 12:22:54
      epoch-secs: 1725452574
      hostname: sc-runner
      sysname: Linux
      nodename: sc-runner
      release: 6.8.0-1013-azure
      version: '#15-Ubuntu SMP Thu Aug  8 18:40:40 UTC 2024'
      machine: x86_64
      compiler: 'musl-gcc 13.2.1'
      uptime: 1171
      totalram: 67420610560
      freeram: 64511053824
      sharedram: 38191104
      bufferram: 250650624
      totalswap: 0
      freeswap: 0
      pagesize: 4096
      cpus: 16
      cpus-online: 16
      ticks-per-second: 100

metrics:
    - stressor: cpu
      bogo-ops: 54058
      bogo-ops-per-second-usr-sys-time: 2702.889999
      bogo-ops-per-second-real-time: 2702.891655
      wall-clock-time: 20.000062
      user-time: 20.000074
      system-time: 0.000000
      cpu-usage-per-instance: 100.000061
      max-rss: 3152

...
