BaselineInfo:
  WebDBID: -1
  TimeStamp: 20241107065604
Version:
  Major: 11
  Minor: 0
  Build: 1002
  SpecialBuildName: ""
  ptArchitecture: x86_64_linux
Results:
  Results Complete: true
  NumTestProcesses: 2
  CPU_INTEGER_MATH: 11903.221
  CPU_FLOATINGPOINT_MATH: 10507.349920965882
  CPU_PRIME: 39.00314984593291
  CPU_SORTING: 7437.9568503928804
  CPU_ENCRYPTION: 2576.5694921282029
  CPU_COMPRESSION: 51894.520883504563
  CPU_SINGLETHREAD: 2880.5717529854069
  CPU_PHYSICS: 689.27009430084945
  CPU_MATRIX_MULT_SSE: 4649.3705486374947
  CPU_mm: 507.41215043713464
  CPU_sse: 2296.8757648920691
  CPU_fma: 6741.4608418910229
  CPU_avx: 5751.6237493819335
  CPU_avx512: 3807.5218383849524
  m_CPU_enc_SHA: 3553457923.7897334
  m_CPU_enc_AES: 2276616150.4226351
  m_CPU_enc_ECDSA: 2275112721.1210985
  ME_ALLOC_S: 1854.7614646306456
  ME_READ_S: 27421.838671875001
  ME_READ_L: 26620.34765625
  ME_WRITE: 23131.90625
  ME_LARGE: 593.66666666666663
  ME_LATENCY: 84.347219516376171
  ME_THREADED: 30023.4677734375
  SUMM_CPU: 5354.5783074847077
  SUMM_ME: 1020.205164311995
SystemInformation:
  OSName: Ubuntu 24.04.1 LTS
  Kernel: 6.8.0-1016-aws
  Device: ""
  Processor: AMD EPYC 9R14
  NumSockets: 1
  Manufacturer: AuthenticAMD
  NumCores: 2
  NumLogicals: 2
  CPUFrequency: 0
  Memory: 3794
  MemModuleInfo:
    iNumMemSticks: 1
    DIMM 1:
      manufacturer: Not Specified
      modulePartNo: Not Specified
      memType: DDR5
      size: 4
      clkspeed: 2400
      moduleVoltage: 0
Checksum: 8399460FB275AA6F13422A5D4CE89A351FA56FA7