BaselineInfo:
  WebDBID: -1
  TimeStamp: 20260403205514
Version:
  Major: 11
  Minor: 0
  Build: 1004
  SpecialBuildName: ""
  ptArchitecture: x86_64_linux
Results:
  Results Complete: true
  NumTestProcesses: 2
  CPU_INTEGER_MATH: 8378.615333333335
  CPU_FLOATINGPOINT_MATH: 4283.7796531946979
  CPU_PRIME: 18.287756686031525
  CPU_SORTING: 4418.3154551193747
  CPU_ENCRYPTION: 1814.5076698338412
  CPU_COMPRESSION: 32313.789206332847
  CPU_SINGLETHREAD: 2303.9243014015537
  CPU_PHYSICS: 365.70845472601752
  CPU_MATRIX_MULT_SSE: 1674.5380930720366
  CPU_mm: 180.81692662860581
  CPU_sse: 795.58922015457597
  CPU_fma: 2178.2968439822262
  CPU_avx: 1615.5127473711086
  CPU_avx512: 2108.7535607802361
  m_CPU_enc_SHA: 1826332981.6334045
  m_CPU_enc_AES: 2754957526.0112953
  m_CPU_enc_ECDSA: 1126657075.56637
  ME_ALLOC_S: 1035.5016519575197
  ME_READ_S: 23974.002734375001
  ME_READ_L: 11962.7666015625
  ME_WRITE: 10928.1884765625
  ME_LARGE: 1000.1666666666666
  ME_LATENCY: 53.515841686987095
  ME_THREADED: 15895.298828125
  SUMM_CPU: 2990.4912410957318
  SUMM_ME: 1251.6291669591715
SystemInformation:
  OSName: Ubuntu 24.04.4 LTS
  Kernel: 6.8.0-106-generic
  Device: ""
  Processor: Intel(R) Xeon(R) Platinum 8369B CPU @ 2.90GHz
  NumSockets: 1
  Manufacturer: GenuineIntel
  NumCores: 1
  NumLogicals: 2
  CPUFrequency: 0
  CPUMaxFrequency: 0
  Memory: 3499
  CPUInfo:
    number: 1
    Family: 6
    Model: 10
    stepping: 6
    features: 529267711
    manufacture: GenuineIntel
    typestring: Intel(R) Xeon(R) Platinum 8369B CPU @ 2.90GHz
    iCoresPerPackage: 1
    iThreadsPerPackage: 2
    featuresEx:
      - 529267711
      - 4277809667
      - 739248128
    bHybrid: false
    nPCore: 0
    nLogicalsPerPCore: 0
    nECore: 0
    nLogicalsPerECore: 0
  MemModuleInfo:
    iNumMemSticks: 1
    DIMM 1:
      manufacturer: Alibaba Cloud
      modulePartNo: Not Specified
      memType: RAM
      size: 4
      clkspeed: 0
      moduleVoltage: 0
Checksum: 94F3E8D7BD3DB1B7C2C7AD33A6722DC52A9A8C72