---
system-info:
      stress-ng-version: 0.17.08
      run-by: root
      date-yyyy-mm-dd: 2024:06:15
      time-hh-mm-ss: 23:42:28
      epoch-secs: 1718494948
      hostname: 51d359558059
      sysname: Linux
      nodename: 51d359558059
      release: 6.8.0-1008-aws
      version: '#8-Ubuntu SMP Sat Apr 20 02:43:14 UTC 2024'
      machine: aarch64
      compiler: 'musl-gcc 13.2.1'
      uptime: 145
      totalram: 398371147776
      freeram: 393502322688
      sharedram: 34951168
      bufferram: 109432832
      totalswap: 0
      freeswap: 0
      pagesize: 4096
      cpus: 48
      cpus-online: 48
      ticks-per-second: 100

metrics:
    - stressor: cpu
      bogo-ops: 30666
      bogo-ops-per-second-usr-sys-time: 1533.337490
      bogo-ops-per-second-real-time: 1533.296015
      wall-clock-time: 20.000052
      user-time: 19.999511
      system-time: 0.000000
      cpu-usage-per-instance: 99.997295
      max-rss: 1152

...
