---
system-info:
      stress-ng-version: 0.17.08
      run-by: root
      date-yyyy-mm-dd: 2024:06:09
      time-hh-mm-ss: 21:20:35
      epoch-secs: 1717968035
      hostname: 9cea524c3e45
      sysname: Linux
      nodename: 9cea524c3e45
      release: 6.8.0-1008-aws
      version: '#8-Ubuntu SMP Sat Apr 20 02:43:14 UTC 2024'
      machine: aarch64
      compiler: 'musl-gcc 13.2.1'
      uptime: 159
      totalram: 398371147776
      freeram: 393367224320
      sharedram: 34951168
      bufferram: 111632384
      totalswap: 0
      freeswap: 0
      pagesize: 4096
      cpus: 48
      cpus-online: 48
      ticks-per-second: 100

metrics:
    - stressor: cpu
      bogo-ops: 4267
      bogo-ops-per-second-usr-sys-time: 425.021759
      bogo-ops-per-second-real-time: 425.023266
      wall-clock-time: 10.039450
      user-time: 10.037487
      system-time: 0.001999
      cpu-usage-per-instance: 100.000355
      max-rss: 3840

...
