BaselineInfo:
  WebDBID: -1
  TimeStamp: 20241108132708
Version:
  Major: 11
  Minor: 0
  Build: 1002
  SpecialBuildName: ""
  ptArchitecture: x86_64_linux
Results:
  Results Complete: true
  NumTestProcesses: 16
  CPU_INTEGER_MATH: 66482.625
  CPU_FLOATINGPOINT_MATH: 36545.487387082881
  CPU_PRIME: 89.327453960450072
  CPU_SORTING: 34411.036938015925
  CPU_ENCRYPTION: 17140.870551736542
  CPU_COMPRESSION: 254599.82179401454
  CPU_SINGLETHREAD: 2383.2870733590426
  CPU_PHYSICS: 1853.0992749224135
  CPU_MATRIX_MULT_SSE: 14927.981268919708
  CPU_mm: 1797.4332951584836
  CPU_sse: 7642.0731203450378
  CPU_fma: 20836.726113179899
  CPU_avx: 16305.144573234176
  CPU_avx512: 0
  m_CPU_enc_SHA: 24858878851.994667
  m_CPU_enc_AES: 15886806816.782494
  m_CPU_enc_ECDSA: 13174830770.195925
  ME_ALLOC_S: 6349.022535304146
  ME_READ_S: 24354.654882812501
  ME_READ_L: 16725.021484375
  ME_WRITE: 18162.462890625
  ME_LARGE: 247492.83333333334
  ME_LATENCY: 66.429601575606782
  ME_THREADED: 35775.90966796875
  SUMM_CPU: 21317.239050407294
  SUMM_ME: 2558.4853059388242
SystemInformation:
  OSName: Ubuntu 24.04.1 LTS
  Kernel: 6.8.0-1017-azure
  Device: ""
  Processor: AMD EPYC 7763 64-Core Processor
  NumSockets: 1
  Manufacturer: AuthenticAMD
  NumCores: 8
  NumLogicals: 16
  CPUFrequency: 0
  Memory: 257737
  MemModuleInfo:
    iNumMemSticks: 3
    DIMM 1:
      manufacturer: Microsoft Corporation
      modulePartNo: None
      memType: Unknown
      size: 1
      clkspeed: 0
      moduleVoltage: 0
    DIMM 2:
      manufacturer: Microsoft Corporation
      modulePartNo: None
      memType: Unknown
      size: 59
      clkspeed: 0
      moduleVoltage: 0
    DIMM 3:
      manufacturer: Microsoft Corporation
      modulePartNo: None
      memType: Unknown
      size: 196
      clkspeed: 0
      moduleVoltage: 0
Checksum: 0B3E401B5B30580F43F1457302D9619FA3910BF3