BaselineInfo:
  WebDBID: -1
  TimeStamp: 20241109005534
Version:
  Major: 11
  Minor: 0
  Build: 1002
  SpecialBuildName: ""
  ptArchitecture: x86_64_linux
Results:
  Results Complete: true
  NumTestProcesses: 4
  CPU_INTEGER_MATH: 18341.240666666665
  CPU_FLOATINGPOINT_MATH: 10111.245377314855
  CPU_PRIME: 43.557686443228256
  CPU_SORTING: 10001.639730307372
  CPU_ENCRYPTION: 4779.8354283508143
  CPU_COMPRESSION: 71360.817646421361
  CPU_SINGLETHREAD: 2633.6678235011982
  CPU_PHYSICS: 871.1912621132866
  CPU_MATRIX_MULT_SSE: 3990.3970087022817
  CPU_mm: 495.44081932624454
  CPU_sse: 2104.3552160746981
  CPU_fma: 5730.7992547175627
  CPU_avx: 4136.036555314583
  CPU_avx512: 0
  m_CPU_enc_SHA: 6918553607.5782089
  m_CPU_enc_AES: 4424161231.6488962
  m_CPU_enc_ECDSA: 3693347303.1280456
  ME_ALLOC_S: 1930.2635340187489
  ME_READ_S: 26397.727929687499
  ME_READ_L: 16957.2578125
  ME_WRITE: 17365.421875
  ME_LARGE: 19288.75
  ME_LATENCY: 66.290191642287894
  ME_THREADED: 37663.125
  SUMM_CPU: 6829.6610357038198
  SUMM_ME: 2383.035119666325
SystemInformation:
  OSName: Ubuntu 24.04.1 LTS
  Kernel: 6.8.0-1016-aws
  Device: ""
  Processor: AMD EPYC 7R13 Processor
  NumSockets: 1
  Manufacturer: AuthenticAMD
  NumCores: 2
  NumLogicals: 4
  CPUFrequency: 0
  Memory: 31640
  MemModuleInfo:
    iNumMemSticks: 1
    DIMM 1:
      manufacturer: Not Specified
      modulePartNo: Not Specified
      memType: DDR4
      size: 32
      clkspeed: 1600
      moduleVoltage: 0
Checksum: 1FDD762F85A7EED429AE5AFA7192C0349E2A4791