---
system-info:
      stress-ng-version: 0.17.08
      run-by: root
      date-yyyy-mm-dd: 2024:06:14
      time-hh-mm-ss: 10:56:23
      epoch-secs: 1718362583
      hostname: f04de3f3afed
      sysname: Linux
      nodename: f04de3f3afed
      release: 6.8.0-1008-aws
      version: '#8-Ubuntu SMP Sat Apr 20 00:46:25 UTC 2024'
      machine: x86_64
      compiler: 'musl-gcc 13.2.1'
      uptime: 146
      totalram: 132900208640
      freeram: 128151134208
      sharedram: 114188288
      bufferram: 107134976
      totalswap: 0
      freeswap: 0
      pagesize: 4096
      cpus: 64
      cpus-online: 64
      ticks-per-second: 100

metrics:
    - stressor: cpu
      bogo-ops: 1132554
      bogo-ops-per-second-usr-sys-time: 885.105749
      bogo-ops-per-second-real-time: 56627.454228
      wall-clock-time: 20.000087
      user-time: 1279.534154
      system-time: 0.034984
      cpu-usage-per-instance: 99.965905
      max-rss: 512

...
