---
system-info:
      stress-ng-version: 0.17.08
      run-by: root
      date-yyyy-mm-dd: 2024:06:06
      time-hh-mm-ss: 17:22:23
      epoch-secs: 1717694543
      hostname: 12431ab420e7
      sysname: Linux
      nodename: 12431ab420e7
      release: 6.8.0-1008-aws
      version: '#8-Ubuntu SMP Sat Apr 20 00:46:25 UTC 2024'
      machine: x86_64
      compiler: 'musl-gcc 13.2.1'
      uptime: 162
      totalram: 132900237312
      freeram: 128284405760
      sharedram: 114180096
      bufferram: 85176320
      totalswap: 0
      freeswap: 0
      pagesize: 4096
      cpus: 64
      cpus-online: 64
      ticks-per-second: 100

metrics:
    - stressor: cpu
      bogo-ops: 884515
      bogo-ops-per-second-usr-sys-time: 1382.848717
      bogo-ops-per-second-real-time: 88440.632069
      wall-clock-time: 10.001229
      user-time: 639.551550
      system-time: 0.080963
      cpu-usage-per-instance: 99.930300
      max-rss: 3584

...
