BaselineInfo:
  WebDBID: -1
  TimeStamp: 20241109081839
Version:
  Major: 11
  Minor: 0
  Build: 1002
  SpecialBuildName: ""
  ptArchitecture: x86_64_linux
Results:
  Results Complete: true
  NumTestProcesses: 32
  CPU_INTEGER_MATH: 134245.90066666665
  CPU_FLOATINGPOINT_MATH: 68632.474151274393
  CPU_PRIME: 194.11446296468662
  CPU_SORTING: 68574.273324224632
  CPU_ENCRYPTION: 29107.299461392908
  CPU_COMPRESSION: 488235.70878077368
  CPU_SINGLETHREAD: 2368.4804310403024
  CPU_PHYSICS: 3486.3590081126745
  CPU_MATRIX_MULT_SSE: 28246.61089877793
  CPU_mm: 2891.9153610068406
  CPU_sse: 12742.437755046507
  CPU_fma: 34988.9274411355
  CPU_avx: 25829.605203259609
  CPU_avx512: 39425.473195670085
  m_CPU_enc_SHA: 29427560817.484066
  m_CPU_enc_AES: 44283599702.991913
  m_CPU_enc_ECDSA: 17852486399.612579
  ME_ALLOC_S: 14858.187250449892
  ME_READ_S: 24310.445117187501
  ME_READ_L: 11968.9775390625
  ME_WRITE: 10499.32421875
  ME_LARGE: 242764.16666666666
  ME_LATENCY: 60.501200619052931
  ME_THREADED: 135506.306640625
  SUMM_CPU: 36684.51010446385
  SUMM_ME: 2595.8897116702833
SystemInformation:
  OSName: Ubuntu 24.04.1 LTS
  Kernel: 6.8.0-1016-aws
  Device: ""
  Processor: Intel Xeon Platinum 8375C CPU @ 2.90GHz
  NumSockets: 1
  Manufacturer: GenuineIntel
  NumCores: 16
  NumLogicals: 32
  CPUFrequency: 0
  Memory: 253668
  MemModuleInfo:
    iNumMemSticks: 1
    DIMM 1:
      manufacturer: Not Specified
      modulePartNo: Not Specified
      memType: DDR4
      size: 256
      clkspeed: 1600
      moduleVoltage: 0
Checksum: 09CA05F13DFFB84B70A4F4817B42F4F6333F86FB