---
system-info:
      stress-ng-version: 0.17.08
      run-by: root
      date-yyyy-mm-dd: 2024:09:14
      time-hh-mm-ss: 05:06:49
      epoch-secs: 1726290409
      hostname: ip-172-31-11-87
      sysname: Linux
      nodename: ip-172-31-11-87
      release: 6.8.0-1014-aws
      version: '#15-Ubuntu SMP Thu Aug  8 19:13:06 UTC 2024'
      machine: x86_64
      compiler: 'musl-gcc 13.2.1'
      uptime: 217
      totalram: 4328985587712
      freeram: 4314485145600
      sharedram: 116658176
      bufferram: 225402880
      totalswap: 0
      freeswap: 0
      pagesize: 4096
      cpus: 128
      cpus-online: 128
      ticks-per-second: 100

metrics:
    - stressor: cpu
      bogo-ops: 38202
      bogo-ops-per-second-usr-sys-time: 1910.076602
      bogo-ops-per-second-real-time: 1910.100205
      wall-clock-time: 19.999998
      user-time: 20.000245
      system-time: 0.000000
      cpu-usage-per-instance: 100.001236
      max-rss: 0

...
