BaselineInfo:
  WebDBID: -1
  TimeStamp: 20250919115355
Version:
  Major: 11
  Minor: 0
  Build: 1002
  SpecialBuildName: ""
  ptArchitecture: aarch64_linux
Results:
  Results Complete: true
  NumTestProcesses: 192
  CPU_INTEGER_MATH: 963722.61800000025
  CPU_FLOATINGPOINT_MATH: 1119381.8994398147
  CPU_PRIME: 1740.8326391899657
  CPU_SORTING: 834667.82514150022
  CPU_ENCRYPTION: 34743.644578046529
  CPU_COMPRESSION: 1226779.4372616478
  CPU_SINGLETHREAD: 1867.6016158885488
  CPU_PHYSICS: 39854.51365616476
  CPU_MATRIX_MULT_SSE: 140156.16861366321
  CPU_mm: 21008.019720208958
  CPU_sse: 110633.87639767624
  CPU_fma: 169678.46082965014
  CPU_avx: 0
  CPU_avx512: 0
  m_CPU_enc_SHA: 54409279757.225563
  m_CPU_enc_AES: 19845562729.6814
  m_CPU_enc_ECDSA: 35039213084.3022
  ME_ALLOC_S: 47235.193668806118
  ME_READ_S: 19816.625195312499
  ME_READ_L: 18681.58203125
  ME_WRITE: 20494.67578125
  ME_LARGE: 1504839.5833333333
  ME_LATENCY: 44.660666067836779
  ME_THREADED: 1107176.7275390625
  SUMM_CPU: 77632.855414889651
  SUMM_ME: 3377.9211519294267
SystemInformation:
  OSName: Ubuntu 24.04.2 LTS
  Kernel: 6.14.0-1012-aws
  Device: ""
  Processor: ARM Neoverse-V2 192 Core 0 MHz
  NumSockets: 2
  Manufacturer: ARM
  NumCores: 192
  NumLogicals: 192
  CPUFrequency: 0
  Memory: 1520774
Checksum: F91771F93D4A024614B273BBC93DF9352C14B259