BaselineInfo:
  WebDBID: -1
  TimeStamp: 20241109040131
Version:
  Major: 11
  Minor: 0
  Build: 1002
  SpecialBuildName: ""
  ptArchitecture: aarch64_linux
Results:
  Results Complete: true
  NumTestProcesses: 32
  CPU_INTEGER_MATH: 152768.59366666668
  CPU_FLOATINGPOINT_MATH: 151890.22032893015
  CPU_PRIME: 239.46385058711959
  CPU_SORTING: 125690.14890581078
  CPU_ENCRYPTION: 4447.2861413063138
  CPU_COMPRESSION: 169345.78117816988
  CPU_SINGLETHREAD: 1562.1476851251068
  CPU_PHYSICS: 6726.2937060310651
  CPU_MATRIX_MULT_SSE: 31280.447616836918
  CPU_mm: 3472.7692788310069
  CPU_sse: 24845.416702329312
  CPU_fma: 37715.478531344539
  CPU_avx: 0
  CPU_avx512: 0
  m_CPU_enc_SHA: 6723515448.1134624
  m_CPU_enc_AES: 2591816920.6239257
  m_CPU_enc_ECDSA: 4674620169.9818411
  ME_ALLOC_S: 31190.053366596108
  ME_READ_S: 19691.500390624999
  ME_READ_L: 19049.208984375
  ME_WRITE: 19701.822265625
  ME_LARGE: 51575.666666666664
  ME_LATENCY: 48.920873454284795
  ME_THREADED: 252293.9873046875
  SUMM_CPU: 20950.21366798937
  SUMM_ME: 3130.4185743102944
SystemInformation:
  OSName: Ubuntu 24.04.1 LTS
  Kernel: 6.8.0-1016-aws
  Device: ""
  Processor: ARM Neoverse-V1 32 Core 0 MHz
  NumSockets: 1
  Manufacturer: ARM
  NumCores: 32
  NumLogicals: 32
  CPUFrequency: 0
  Memory: 63129
Checksum: EF41D1FBA33A8D6E087C46FB835C5DE93F97E9C3