BaselineInfo:
  WebDBID: -1
  TimeStamp: 20260620213204
Version:
  Major: 11
  Minor: 0
  Build: 1004
  SpecialBuildName: ""
  ptArchitecture: x86_64_linux
Results:
  Results Complete: true
  NumTestProcesses: 96
  CPU_INTEGER_MATH: 583290.06299999962
  CPU_FLOATINGPOINT_MATH: 343297.97632974177
  CPU_PRIME: 807.38370090743217
  CPU_SORTING: 234856.16163352577
  CPU_ENCRYPTION: 110970.42268620193
  CPU_COMPRESSION: 1800326.9435539509
  CPU_SINGLETHREAD: 3581.6489676674269
  CPU_PHYSICS: 15383.816964889686
  CPU_MATRIX_MULT_SSE: 118939.53849683396
  CPU_mm: 12236.552827158788
  CPU_sse: 46555.319237414376
  CPU_fma: 129332.24145592275
  CPU_avx: 125907.81007269483
  CPU_avx512: 173962.78322130404
  m_CPU_enc_SHA: 144861481359.61462
  m_CPU_enc_AES: 113825092755.48701
  m_CPU_enc_ECDSA: 90396191700.718979
  ME_ALLOC_S: 37922.226783136488
  ME_READ_S: 31875.192968750001
  ME_READ_L: 29153.689453125
  ME_WRITE: 30247.30859375
  ME_LARGE: 182519.16666666666
  ME_LATENCY: 79.889455162371576
  ME_THREADED: 339837.5654296875
  SUMM_CPU: 109958.3779564408
  SUMM_ME: 2898.2204096592168
SystemInformation:
  OSName: Ubuntu 24.04.4 LTS
  Kernel: 6.17.0-1018-azure
  Device: ""
  Processor: "AMD EPYC 9V45 96-Core Processor                "
  NumSockets: 1
  Manufacturer: AuthenticAMD
  NumCores: 48
  NumLogicals: 96
  CPUFrequency: 0
  CPUMaxFrequency: 0
  Memory: 193386
  CPUInfo:
    number: 1
    Family: 15
    Model: 2
    stepping: 1
    features: 395049983
    manufacture: AuthenticAMD
    typestring: "AMD EPYC 9V45 96-Core Processor                "
    iCoresPerPackage: 64
    iThreadsPerPackage: 2
    featuresEx:
      - 395049983
      - 4277809667
      - 802421759
    bHybrid: false
    nPCore: 0
    nLogicalsPerPCore: 0
    nECore: 0
    nLogicalsPerECore: 0
  MemModuleInfo:
    iNumMemSticks: 4
    DIMM 1:
      manufacturer: Microsoft Corporation
      modulePartNo: None
      memType: Unknown
      size: 1
      clkspeed: 0
      moduleVoltage: 0
    DIMM 2:
      manufacturer: Microsoft Corporation
      modulePartNo: None
      memType: Unknown
      size: 59
      clkspeed: 0
      moduleVoltage: 0
    DIMM 3:
      manufacturer: Microsoft Corporation
      modulePartNo: None
      memType: Unknown
      size: 36
      clkspeed: 0
      moduleVoltage: 0
    DIMM 4:
      manufacturer: Microsoft Corporation
      modulePartNo: None
      memType: Unknown
      size: 96
      clkspeed: 0
      moduleVoltage: 0
Checksum: 09A92CE21999E086EC7EAEB0DE69C512B0A0629F