size_kb,operation,bandwidth_mb_s,latency_ns,latency_stddev_ns,latency_samples,threads,iterations,elapsed_s
32,read,359359.90,0,0,0,4,437828,0.152294
32,write,301569.23,0,0,0,4,337381,0.139844
32,copy,196005.54,0,0,0,4,174581,0.111337
32,latency,0,1.09,0.04,7,1,7,0.159986
128,read,365450.77,0,0,0,4,150421,0.205802
128,write,323919.34,0,0,0,4,134916,0.208256
128,copy,245742.33,0,0,0,4,132065,0.268706
128,latency,0,3.24,0.75,21,1,21,1.001248
256,read,419877.32,0,0,0,4,81327,0.193692
256,write,346077.47,0,0,0,4,68587,0.198184
256,copy,142685.71,0,0,0,4,17338,0.121512
256,latency,0,3.66,0.50,21,1,21,2.008368
512,read,368783.91,0,0,0,4,43952,0.238362
512,write,353621.84,0,0,0,4,22512,0.127322
512,copy,180738.18,0,0,0,4,14081,0.155817
512,latency,0,5.41,1.55,21,1,21,1.998421
1024,read,346405.22,0,0,0,4,10678,0.123301
1024,write,341085.36,0,0,0,4,8009,0.093924
1024,copy,124345.86,0,0,0,4,5218,0.167854
1024,latency,0,9.31,8.03,21,1,21,3.402166
4096,read,256826.22,0,0,0,4,1985,0.123663
4096,write,182223.76,0,0,0,4,318,0.027922
4096,copy,26017.76,0,0,0,4,415,0.255210
4096,latency,0,128.53,76.06,21,1,21,0.765395
8192,read,76323.76,0,0,0,4,160,0.067083
8192,write,56411.08,0,0,0,4,465,0.263778
8192,copy,44649.15,0,0,0,4,383,0.274496
8192,latency,0,176.07,78.46,21,1,21,2.579466
16384,read,75889.67,0,0,0,4,169,0.142523
16384,write,86541.61,0,0,0,4,414,0.306165
16384,copy,28848.50,0,0,0,4,122,0.270655
16384,latency,0,301.24,101.36,21,1,21,8.264737
32768,read,27768.00,0,0,0,4,83,0.382599
32768,write,72797.98,0,0,0,4,213,0.374516
32768,copy,16748.70,0,0,0,4,123,0.940013
32768,latency,0,282.78,53.84,21,1,21,14.732788
65536,read,16650.54,0,0,0,4,38,0.584245
65536,write,20869.64,0,0,0,4,18,0.220799
65536,copy,27846.50,0,0,0,4,58,0.533209
65536,latency,0,250.49,105.15,21,1,21,28.770736
