BaselineInfo:
  WebDBID: -1
  TimeStamp: 20241108053959
Version:
  Major: 11
  Minor: 0
  Build: 1002
  SpecialBuildName: ""
  ptArchitecture: x86_64_linux
Results:
  Results Complete: true
  NumTestProcesses: 8
  CPU_INTEGER_MATH: 33204.830333333332
  CPU_FLOATINGPOINT_MATH: 18359.503017772688
  CPU_PRIME: 75.837313390695286
  CPU_SORTING: 18072.339310609939
  CPU_ENCRYPTION: 8615.1773284368173
  CPU_COMPRESSION: 128129.197361461
  CPU_SINGLETHREAD: 2393.5791786215846
  CPU_PHYSICS: 1300.7276568789741
  CPU_MATRIX_MULT_SSE: 7348.4139047362542
  CPU_mm: 896.56060262527649
  CPU_sse: 3779.8801334951372
  CPU_fma: 10404.331163520155
  CPU_avx: 7861.0304171934704
  CPU_avx512: 0
  m_CPU_enc_SHA: 12485519969.254091
  m_CPU_enc_AES: 7977811619.0648355
  m_CPU_enc_ECDSA: 6637672958.7099638
  ME_ALLOC_S: 3497.034182195393
  ME_READ_S: 24393.132617187501
  ME_READ_L: 19738.865234375
  ME_WRITE: 18807.171875
  ME_LARGE: 118713
  ME_LATENCY: 63.68310370935675
  ME_THREADED: 37786.080078125
  SUMM_CPU: 11863.939612474487
  SUMM_ME: 2623.6275766712447
SystemInformation:
  OSName: Ubuntu 24.04.1 LTS
  Kernel: 6.8.0-1017-azure
  Device: ""
  Processor: AMD EPYC 7763 64-Core Processor
  NumSockets: 1
  Manufacturer: AuthenticAMD
  NumCores: 4
  NumLogicals: 8
  CPUFrequency: 0
  Memory: 128811
  MemModuleInfo:
    iNumMemSticks: 3
    DIMM 1:
      manufacturer: Microsoft Corporation
      modulePartNo: None
      memType: Unknown
      size: 1
      clkspeed: 0
      moduleVoltage: 0
    DIMM 2:
      manufacturer: Microsoft Corporation
      modulePartNo: None
      memType: Unknown
      size: 59
      clkspeed: 0
      moduleVoltage: 0
    DIMM 3:
      manufacturer: Microsoft Corporation
      modulePartNo: None
      memType: Unknown
      size: 68
      clkspeed: 0
      moduleVoltage: 0
Checksum: 630713AB7B8BB87DEC8725EC1220C14E2F9DB2A6