BaselineInfo:
  WebDBID: -1
  TimeStamp: 20241107074044
Version:
  Major: 11
  Minor: 0
  Build: 1002
  SpecialBuildName: ""
  ptArchitecture: x86_64_linux
Results:
  Results Complete: true
  NumTestProcesses: 2
  CPU_INTEGER_MATH: 6165.1666666666661
  CPU_FLOATINGPOINT_MATH: 3311.6252191902277
  CPU_PRIME: 13.703205255798437
  CPU_SORTING: 3195.4104771685861
  CPU_ENCRYPTION: 846.88866408257456
  CPU_COMPRESSION: 27191.151129487727
  CPU_SINGLETHREAD: 1962.7975451092209
  CPU_PHYSICS: 267.06835322857887
  CPU_MATRIX_MULT_SSE: 1752.5505917927453
  CPU_mm: 177.23360855810549
  CPU_sse: 674.52814226954774
  CPU_fma: 2223.0860487574437
  CPU_avx: 1565.2721599181282
  CPU_avx512: 2547.3160162258619
  m_CPU_enc_SHA: 279344963.41142029
  m_CPU_enc_AES: 2138636888.3746572
  m_CPU_enc_ECDSA: 246099531.7010718
  ME_ALLOC_S: 565.76155070832931
  ME_READ_S: 23377.590039062499
  ME_READ_L: 6930.82080078125
  ME_WRITE: 6726.08203125
  ME_LARGE: 660.08333333333337
  ME_LATENCY: 83.599064268977756
  ME_THREADED: 8526.4609375
  SUMM_CPU: 2212.9734129066524
  SUMM_ME: 804.8297517224305
SystemInformation:
  OSName: Ubuntu 24.04.1 LTS
  Kernel: 6.8.0-1017-azure
  Device: ""
  Processor: Intel Xeon Platinum 8272CL CPU @ 2.60GHz
  NumSockets: 1
  Manufacturer: GenuineIntel
  NumCores: 1
  NumLogicals: 2
  CPUFrequency: 0
  Memory: 7938
  MemModuleInfo:
    iNumMemSticks: 2
    DIMM 1:
      manufacturer: Microsoft Corporation
      modulePartNo: None
      memType: Unknown
      size: 1
      clkspeed: 0
      moduleVoltage: 0
    DIMM 2:
      manufacturer: Microsoft Corporation
      modulePartNo: None
      memType: Unknown
      size: 7
      clkspeed: 0
      moduleVoltage: 0
Checksum: D9C25E2EE45C59A08FCDC9D3DAAF1ADDE6022D9A