BaselineInfo:
  WebDBID: -1
  TimeStamp: 20241108233927
Version:
  Major: 11
  Minor: 0
  Build: 1002
  SpecialBuildName: ""
  ptArchitecture: x86_64_linux
Results:
  Results Complete: true
  NumTestProcesses: 8
  CPU_INTEGER_MATH: 22248.702000000001
  CPU_FLOATINGPOINT_MATH: 16582.074050385214
  CPU_PRIME: 82.894679698809185
  CPU_SORTING: 15681.299662480626
  CPU_ENCRYPTION: 2054.5699102480667
  CPU_COMPRESSION: 112569.07760115298
  CPU_SINGLETHREAD: 1527.7571934691796
  CPU_PHYSICS: 983.80976739660605
  CPU_MATRIX_MULT_SSE: 7110.5459574354227
  CPU_mm: 986.39956451732814
  CPU_sse: 3983.4239628343398
  CPU_fma: 9946.3758285107942
  CPU_avx: 7401.8380809611353
  CPU_avx512: 0
  m_CPU_enc_SHA: 1464623552.8390942
  m_CPU_enc_AES: 3714757075.970768
  m_CPU_enc_ECDSA: 1283737465.8149679
  ME_ALLOC_S: 4189.2066164126336
  ME_READ_S: 18064.195507812499
  ME_READ_L: 8659.5419921875
  ME_WRITE: 7121.38720703125
  ME_LARGE: 102556.66666666667
  ME_LATENCY: 69.124507514577957
  ME_THREADED: 32552.723876953125
  SUMM_CPU: 7765.8148706102756
  SUMM_ME: 1907.4219617162391
SystemInformation:
  OSName: Ubuntu 24.04.1 LTS
  Kernel: 6.8.0-1017-azure
  Device: ""
  Processor: Intel Xeon CPU E5-2698B v3 @ 2.00GHz
  NumSockets: 1
  Manufacturer: GenuineIntel
  NumCores: 8
  NumLogicals: 8
  CPUFrequency: 0
  Memory: 112683
  MemModuleInfo:
    iNumMemSticks: 3
    DIMM 1:
      manufacturer: Microsoft Corporation
      modulePartNo: None
      memType: Unknown
      size: 1
      clkspeed: 0
      moduleVoltage: 0
    DIMM 2:
      manufacturer: Microsoft Corporation
      modulePartNo: None
      memType: Unknown
      size: 60928
      clkspeed: 0
      moduleVoltage: 0
    DIMM 3:
      manufacturer: Microsoft Corporation
      modulePartNo: None
      memType: Unknown
      size: 52736
      clkspeed: 0
      moduleVoltage: 0
Checksum: 8C93390EF8ADA92166B61800E9DDD2FCC8EFE1E6