"size","threads","connections","rps","latency","failed","server_usr","server_sys","client_usr","client_sys"
"1k",8,8,275016,0.000027120,0,13.43,25.43,7.10,34.67
"1k",8,16,262849,0.000067250,0,11.28,23.79,5.57,28.77
"1k",8,32,326865,0.000090870,0,12.39,25.61,5.47,31.33
"1k",8,64,415613,0.000151180,0,13.14,27.27,5.40,32.02
"1k",8,128,502416,0.000272880,0,13.16,28.32,5.51,32.11
"1k",8,256,554546,0.000487590,0,13.35,28.36,5.73,31.99
"1k",16,16,261796,0.000060590,0,11.69,25.13,7.33,35.63
"1k",16,32,305333,0.000105330,0,11.55,27.05,6.51,34.87
"1k",16,64,376648,0.000207330,0,11.07,27.64,6.49,35.27
"1k",16,128,438283,0.000507000,0,11.13,27.50,6.53,34.70
"1k",16,256,458277,0.000812430,0,11.50,27.56,6.37,34.74
"1k",32,32,298991,0.000111820,0,11.50,26.24,6.81,35.15
"1k",32,64,344559,0.000235220,0,10.93,27.29,6.81,35.41
"1k",32,128,357819,0.000510690,0,10.39,27.36,6.86,36.11
"1k",32,256,375732,0.000870000,0,10.47,27.64,6.85,35.73
"16k",8,8,208037,0.000037230,0,11.04,23.37,5.54,34.14
"16k",8,16,220934,0.000069710,0,10.67,23.00,5.42,29.10
"16k",8,32,276051,0.000106270,0,11.93,25.18,5.58,32.02
"16k",8,64,348094,0.000174530,0,12.40,26.10,5.57,33.31
"16k",8,128,413806,0.000312570,0,12.37,27.03,5.67,33.86
"16k",8,256,450371,0.000568720,0,12.29,27.42,5.87,33.89
"16k",16,16,231396,0.000069230,0,11.32,25.41,7.07,36.21
"16k",16,32,263856,0.000119620,0,11.44,26.27,6.18,35.58
"16k",16,64,321338,0.000214270,0,11.12,26.51,6.49,36.36
"16k",16,128,355856,0.000479790,0,10.79,26.68,6.46,36.72
"16k",16,256,379567,0.000860000,0,10.76,27.08,6.38,36.21
"16k",32,32,262900,0.000124620,0,11.45,25.74,6.55,36.26
"16k",32,64,291819,0.000251850,0,10.70,26.33,6.67,36.90
"16k",32,128,309639,0.000587370,0,10.17,26.66,6.79,37.00
"16k",32,256,315548,0.000960000,0,10.37,26.44,6.64,37.29
"64k",8,8,131731,0.000059860,0,9.28,24.89,4.56,33.54
"64k",8,16,137791,0.000106320,0,8.96,23.74,4.60,32.79
"64k",8,32,164819,0.000174280,0,9.74,25.27,4.78,35.25
"64k",8,64,200876,0.000285620,0,10.20,26.65,4.98,36.12
"64k",8,128,228477,0.000496540,0,10.18,27.61,5.13,36.21
"64k",8,256,241912,0.000910000,0,10.00,27.91,5.13,36.66
"64k",16,16,145585,0.000109360,0,9.51,26.56,5.61,38.62
"64k",16,32,164681,0.000190580,0,9.32,26.78,5.38,38.12
"64k",16,64,194262,0.000336700,0,9.36,27.28,5.45,38.46
"64k",16,128,205904,0.000718220,0,9.04,27.65,5.49,37.94
"64k",16,256,213191,0.001320000,0,9.33,27.90,5.56,37.70
"64k",32,32,167666,0.000193950,0,9.47,25.98,5.69,38.94
"64k",32,64,177555,0.000401230,0,9.04,26.99,6.02,38.57
"64k",32,128,183188,0.000850000,0,8.76,27.24,5.82,38.80
"64k",32,256,182959,0.001500000,0,8.82,27.25,5.58,38.80
"256k",8,8,66088,0.000401070,0,8.34,26.65,4.82,35.80
"256k",8,16,66649,0.000365500,0,8.05,26.09,4.34,32.09
"256k",8,32,76360,0.000382010,0,8.93,28.04,4.64,34.38
"256k",8,64,85870,0.000639350,0,9.52,28.90,4.86,36.51
"256k",8,128,90769,0.001200000,0,9.46,28.74,4.72,36.92
"256k",16,16,68352,0.000238980,0,8.37,27.14,5.25,39.80
"256k",16,32,73877,0.000424420,0,8.72,29.22,5.12,37.47
"256k",16,64,78545,0.000900000,0,8.90,29.09,5.02,36.99
"256k",16,128,81693,0.001670000,0,8.66,29.45,4.91,37.21
"256k",32,32,72193,0.000457900,0,8.31,28.70,5.56,38.06
"256k",32,64,72740,0.001010000,0,8.16,29.07,5.10,37.70
"256k",32,128,75037,0.001810000,0,8.25,29.58,5.16,37.78
"512k",8,8,37276,0.001340000,0,7.38,24.29,4.31,37.22
"512k",8,16,35825,0.006020000,0,7.33,24.18,3.98,34.98
"512k",8,32,45343,0.000673230,0,9.01,29.34,4.50,35.13
"512k",8,64,48082,0.001130000,0,9.13,29.67,4.65,36.29
"512k",8,128,46523,0.002220000,0,8.69,29.24,4.23,38.14
"512k",16,16,40455,0.000527980,0,8.38,24.59,4.93,42.74
"512k",16,32,43078,0.000920000,0,8.37,29.87,4.94,36.85
"512k",16,64,43895,0.001510000,0,8.44,30.12,4.77,36.84
"512k",16,128,44319,0.002840000,0,8.51,30.02,4.53,37.49
"512k",32,32,40961,0.000795320,0,7.90,29.46,5.12,37.60
"512k",32,64,41451,0.001660000,0,8.01,29.98,4.95,37.22
"512k",32,128,42077,0.003060000,0,7.94,30.39,4.82,37.24
