---
system-info:
      stress-ng-version: 0.17.08
      run-by: root
      date-yyyy-mm-dd: 2024:07:02
      time-hh-mm-ss: 21:51:39
      epoch-secs: 1719957099
      hostname: c3-standard-44-lssd-fed4c33
      sysname: Linux
      nodename: c3-standard-44-lssd-fed4c33
      release: 6.8.0-1009-gcp
      version: '#10-Ubuntu SMP Wed Jun 12 18:52:23 UTC 2024'
      machine: x86_64
      compiler: 'musl-gcc 13.2.1'
      uptime: 137
      totalram: 185687777280
      freeram: 180209827840
      sharedram: 111734784
      bufferram: 129851392
      totalswap: 0
      freeswap: 0
      pagesize: 4096
      cpus: 44
      cpus-online: 44
      ticks-per-second: 100

metrics:
    - stressor: cpu
      bogo-ops: 32494
      bogo-ops-per-second-usr-sys-time: 1624.713323
      bogo-ops-per-second-real-time: 1624.689851
      wall-clock-time: 20.000125
      user-time: 19.999836
      system-time: 0.000000
      cpu-usage-per-instance: 99.998555
      max-rss: 1056

...
