---
system-info:
      stress-ng-version: 0.17.08
      run-by: root
      date-yyyy-mm-dd: 2024:06:08
      time-hh-mm-ss: 22:19:21
      epoch-secs: 1717885161
      hostname: af0a8c1b8160
      sysname: Linux
      nodename: af0a8c1b8160
      release: 6.8.0-1008-aws
      version: '#8-Ubuntu SMP Sat Apr 20 02:43:14 UTC 2024'
      machine: aarch64
      compiler: 'musl-gcc 13.2.1'
      uptime: 104
      totalram: 16435388416
      freeram: 12036132864
      sharedram: 35024896
      bufferram: 105394176
      totalswap: 0
      freeswap: 0
      pagesize: 4096
      cpus: 4
      cpus-online: 4
      ticks-per-second: 100

metrics:
    - stressor: cpu
      bogo-ops: 17042
      bogo-ops-per-second-usr-sys-time: 425.647922
      bogo-ops-per-second-real-time: 1696.896732
      wall-clock-time: 10.043039
      user-time: 40.031789
      system-time: 0.005996
      cpu-usage-per-instance: 99.665512
      max-rss: 4136

...
