---
system-info:
      stress-ng-version: 0.17.08
      run-by: root
      date-yyyy-mm-dd: 2024:06:15
      time-hh-mm-ss: 06:55:19
      epoch-secs: 1718434519
      hostname: 3acc08fff99b
      sysname: Linux
      nodename: 3acc08fff99b
      release: 6.8.0-1008-aws
      version: '#8-Ubuntu SMP Sat Apr 20 02:43:14 UTC 2024'
      machine: aarch64
      compiler: 'musl-gcc 13.2.1'
      uptime: 111
      totalram: 16435384320
      freeram: 12186648576
      sharedram: 35024896
      bufferram: 107401216
      totalswap: 0
      freeswap: 0
      pagesize: 4096
      cpus: 4
      cpus-online: 4
      ticks-per-second: 100

metrics:
    - stressor: cpu
      bogo-ops: 122183
      bogo-ops-per-second-usr-sys-time: 1533.190148
      bogo-ops-per-second-real-time: 6109.121743
      wall-clock-time: 20.000093
      user-time: 79.691008
      system-time: 0.000999
      cpu-usage-per-instance: 99.614548
      max-rss: 1192

...
