---
system-info:
      stress-ng-version: 0.17.08
      run-by: root
      date-yyyy-mm-dd: 2024:06:14
      time-hh-mm-ss: 17:56:06
      epoch-secs: 1718387766
      hostname: 9a3c46b06860
      sysname: Linux
      nodename: 9a3c46b06860
      release: 6.8.0-1008-aws
      version: '#8-Ubuntu SMP Sat Apr 20 00:46:25 UTC 2024'
      machine: x86_64
      compiler: 'musl-gcc 13.2.1'
      uptime: 189
      totalram: 132980944896
      freeram: 128280911872
      sharedram: 20144128
      bufferram: 110120960
      totalswap: 0
      freeswap: 0
      pagesize: 4096
      cpus: 32
      cpus-online: 32
      ticks-per-second: 100

metrics:
    - stressor: cpu
      bogo-ops: 11822
      bogo-ops-per-second-usr-sys-time: 591.048933
      bogo-ops-per-second-real-time: 591.094137
      wall-clock-time: 20.000198
      user-time: 20.001728
      system-time: 0.000000
      cpu-usage-per-instance: 100.007648
      max-rss: 1032

...
