---
system-info:
      stress-ng-version: 0.17.08
      run-by: root
      date-yyyy-mm-dd: 2024:06:08
      time-hh-mm-ss: 11:29:46
      epoch-secs: 1717846186
      hostname: 52a300770973
      sysname: Linux
      nodename: 52a300770973
      release: 6.8.0-1008-aws
      version: '#8-Ubuntu SMP Sat Apr 20 00:46:25 UTC 2024'
      machine: x86_64
      compiler: 'musl-gcc 13.2.1'
      uptime: 165
      totalram: 132980948992
      freeram: 128233066496
      sharedram: 20135936
      bufferram: 101044224
      totalswap: 0
      freeswap: 0
      pagesize: 4096
      cpus: 32
      cpus-online: 32
      ticks-per-second: 100

metrics:
    - stressor: cpu
      bogo-ops: 9890
      bogo-ops-per-second-usr-sys-time: 988.505352
      bogo-ops-per-second-real-time: 988.490378
      wall-clock-time: 10.005156
      user-time: 10.004004
      system-time: 0.001000
      cpu-usage-per-instance: 99.998485
      max-rss: 3848

...
