BaselineInfo:
  WebDBID: -1
  TimeStamp: 20241108175716
Version:
  Major: 11
  Minor: 0
  Build: 1002
  SpecialBuildName: ""
  ptArchitecture: x86_64_linux
Results:
  Results Complete: true
  NumTestProcesses: 8
  CPU_INTEGER_MATH: 33218.746333333336
  CPU_FLOATINGPOINT_MATH: 18351.011320318357
  CPU_PRIME: 77.46886969885793
  CPU_SORTING: 18245.631151280071
  CPU_ENCRYPTION: 8614.7527817458176
  CPU_COMPRESSION: 127730.6755531766
  CPU_SINGLETHREAD: 2391.9141572511594
  CPU_PHYSICS: 1313.6716835095035
  CPU_MATRIX_MULT_SSE: 7358.2563352456818
  CPU_mm: 894.54983485491891
  CPU_sse: 3772.3974072113192
  CPU_fma: 10408.073102314334
  CPU_avx: 7894.2984962113906
  CPU_avx512: 0
  m_CPU_enc_SHA: 12501446348.534515
  m_CPU_enc_AES: 7990562163.6691923
  m_CPU_enc_ECDSA: 6607660526.4120026
  ME_ALLOC_S: 3634.6886585633411
  ME_READ_S: 24447.824414062499
  ME_READ_L: 20764.755859375
  ME_WRITE: 19875.380859375
  ME_LARGE: 247403.91666666666
  ME_LATENCY: 60.874067132467893
  ME_THREADED: 39181.0068359375
  SUMM_CPU: 11884.562569254222
  SUMM_ME: 2731.7024149443373
SystemInformation:
  OSName: Ubuntu 24.04.1 LTS
  Kernel: 6.8.0-1017-azure
  Device: ""
  Processor: AMD EPYC 7763 64-Core Processor
  NumSockets: 1
  Manufacturer: AuthenticAMD
  NumCores: 4
  NumLogicals: 8
  CPUFrequency: 0
  Memory: 257739
  MemModuleInfo:
    iNumMemSticks: 3
    DIMM 1:
      manufacturer: Microsoft Corporation
      modulePartNo: None
      memType: Unknown
      size: 1
      clkspeed: 0
      moduleVoltage: 0
    DIMM 2:
      manufacturer: Microsoft Corporation
      modulePartNo: None
      memType: Unknown
      size: 59
      clkspeed: 0
      moduleVoltage: 0
    DIMM 3:
      manufacturer: Microsoft Corporation
      modulePartNo: None
      memType: Unknown
      size: 196
      clkspeed: 0
      moduleVoltage: 0
Checksum: 17C6C53FCC9AA0C33F635550E75C597A1ED2D8C6