---
system-info:
      stress-ng-version: 0.17.08
      run-by: root
      date-yyyy-mm-dd: 2024:06:08
      time-hh-mm-ss: 10:40:27
      epoch-secs: 1717843227
      hostname: fbef2fe4f7ff
      sysname: Linux
      nodename: fbef2fe4f7ff
      release: 6.8.0-1008-aws
      version: '#8-Ubuntu SMP Sat Apr 20 00:46:25 UTC 2024'
      machine: x86_64
      compiler: 'musl-gcc 13.2.1'
      uptime: 134
      totalram: 33653239808
      freeram: 29258858496
      sharedram: 48549888
      bufferram: 100102144
      totalswap: 0
      freeswap: 0
      pagesize: 4096
      cpus: 8
      cpus-online: 8
      ticks-per-second: 100

metrics:
    - stressor: cpu
      bogo-ops: 75537
      bogo-ops-per-second-usr-sys-time: 947.418434
      bogo-ops-per-second-real-time: 7552.203893
      wall-clock-time: 10.001981
      user-time: 79.712633
      system-time: 0.016658
      cpu-usage-per-instance: 99.641874
      max-rss: 3920

...
