---
system-info:
      stress-ng-version: 0.17.08
      run-by: root
      date-yyyy-mm-dd: 2024:06:14
      time-hh-mm-ss: 16:55:25
      epoch-secs: 1718384125
      hostname: f4811dfef1b8
      sysname: Linux
      nodename: f4811dfef1b8
      release: 6.8.0-1008-aws
      version: '#8-Ubuntu SMP Sat Apr 20 00:46:25 UTC 2024'
      machine: x86_64
      compiler: 'musl-gcc 13.2.1'
      uptime: 148
      totalram: 33653243904
      freeram: 29252825088
      sharedram: 48549888
      bufferram: 108822528
      totalswap: 0
      freeswap: 0
      pagesize: 4096
      cpus: 8
      cpus-online: 8
      ticks-per-second: 100

metrics:
    - stressor: cpu
      bogo-ops: 125493
      bogo-ops-per-second-usr-sys-time: 786.810934
      bogo-ops-per-second-real-time: 6274.623586
      wall-clock-time: 20.000084
      user-time: 159.490592
      system-time: 0.005158
      cpu-usage-per-instance: 99.684424
      max-rss: 1232

...
