---
system-info:
      stress-ng-version: 0.17.08
      run-by: root
      date-yyyy-mm-dd: 2024:06:06
      time-hh-mm-ss: 08:43:36
      epoch-secs: 1717663416
      hostname: 266dabc80d06
      sysname: Linux
      nodename: 266dabc80d06
      release: 6.8.0-1008-aws
      version: '#8-Ubuntu SMP Sat Apr 20 02:43:14 UTC 2024'
      machine: aarch64
      compiler: 'musl-gcc 13.2.1'
      uptime: 157
      totalram: 132642861056
      freeram: 128051306496
      sharedram: 34951168
      bufferram: 81215488
      totalswap: 0
      freeswap: 0
      pagesize: 4096
      cpus: 64
      cpus-online: 64
      ticks-per-second: 100

metrics:
    - stressor: cpu
      bogo-ops: 2940
      bogo-ops-per-second-usr-sys-time: 293.142587
      bogo-ops-per-second-real-time: 293.135934
      wall-clock-time: 10.029477
      user-time: 10.028250
      system-time: 0.000999
      cpu-usage-per-instance: 99.997730
      max-rss: 3584

...
