---
system-info:
      stress-ng-version: 0.17.08
      run-by: root
      date-yyyy-mm-dd: 2024:06:13
      time-hh-mm-ss: 22:40:22
      epoch-secs: 1718318422
      hostname: 504f3dfa6982
      sysname: Linux
      nodename: 504f3dfa6982
      release: 6.8.0-1008-aws
      version: '#8-Ubuntu SMP Sat Apr 20 02:43:14 UTC 2024'
      machine: aarch64
      compiler: 'musl-gcc 13.2.1'
      uptime: 155
      totalram: 132642865152
      freeram: 127815053312
      sharedram: 34951168
      bufferram: 107397120
      totalswap: 0
      freeswap: 0
      pagesize: 4096
      cpus: 64
      cpus-online: 64
      ticks-per-second: 100

metrics:
    - stressor: cpu
      bogo-ops: 30387
      bogo-ops-per-second-usr-sys-time: 1519.368688
      bogo-ops-per-second-real-time: 1519.342882
      wall-clock-time: 20.000094
      user-time: 19.999754
      system-time: 0.000000
      cpu-usage-per-instance: 99.998302
      max-rss: 1024

...
