BaselineInfo:
  WebDBID: -1
  TimeStamp: 20241107132745
Version:
  Major: 11
  Minor: 0
  Build: 1002
  SpecialBuildName: ""
  ptArchitecture: x86_64_linux
Results:
  Results Complete: true
  NumTestProcesses: 4
  CPU_INTEGER_MATH: 12415.817333333334
  CPU_FLOATINGPOINT_MATH: 6656.4610504172124
  CPU_PRIME: 28.120342338974233
  CPU_SORTING: 6671.9746170644485
  CPU_ENCRYPTION: 1710.16143715315
  CPU_COMPRESSION: 55740.411825887815
  CPU_SINGLETHREAD: 2013.041852130207
  CPU_PHYSICS: 549.67272674202422
  CPU_MATRIX_MULT_SSE: 3646.1005384047462
  CPU_mm: 377.49594516105839
  CPU_sse: 1337.981947665467
  CPU_fma: 4460.2594806480747
  CPU_avx: 3147.6849274296824
  CPU_avx512: 5638.4757978757607
  m_CPU_enc_SHA: 561617411.60406947
  m_CPU_enc_AES: 4317999655.0685825
  m_CPU_enc_ECDSA: 500085650.70025223
  ME_ALLOC_S: 1430.1606361466579
  ME_READ_S: 24258.414648437501
  ME_READ_L: 11612.6494140625
  ME_WRITE: 10425.9072265625
  ME_LARGE: 6048.416666666667
  ME_LATENCY: 53.250446237051456
  ME_THREADED: 22336.21337890625
  SUMM_CPU: 4444.4046827116135
  SUMM_ME: 2012.5095936655803
SystemInformation:
  OSName: Ubuntu 24.04.1 LTS
  Kernel: 6.8.0-1017-azure
  Device: ""
  Processor: Intel Xeon Platinum 8272CL CPU @ 2.60GHz
  NumSockets: 1
  Manufacturer: GenuineIntel
  NumCores: 2
  NumLogicals: 4
  CPUFrequency: 0
  Memory: 15989
  MemModuleInfo:
    iNumMemSticks: 2
    DIMM 1:
      manufacturer: Microsoft Corporation
      modulePartNo: None
      memType: Unknown
      size: 1
      clkspeed: 0
      moduleVoltage: 0
    DIMM 2:
      manufacturer: Microsoft Corporation
      modulePartNo: None
      memType: Unknown
      size: 15
      clkspeed: 0
      moduleVoltage: 0
Checksum: 22437B52D055C450EF3092B873E7B540F8299FD2