BaselineInfo:
  WebDBID: -1
  TimeStamp: 20241109113312
Version:
  Major: 11
  Minor: 0
  Build: 1002
  SpecialBuildName: ""
  ptArchitecture: x86_64_linux
Results:
  Results Complete: true
  NumTestProcesses: 48
  CPU_INTEGER_MATH: 201326.48766666668
  CPU_FLOATINGPOINT_MATH: 102914.87873212463
  CPU_PRIME: 230.34323381164205
  CPU_SORTING: 98731.171983826978
  CPU_ENCRYPTION: 43366.493387783827
  CPU_COMPRESSION: 728879.61677752342
  CPU_SINGLETHREAD: 2367.0273660304983
  CPU_PHYSICS: 3974.4083422157682
  CPU_MATRIX_MULT_SSE: 41818.142445093799
  CPU_mm: 4337.9839477631749
  CPU_sse: 18698.125596675087
  CPU_fma: 50544.274643341341
  CPU_avx: 38577.056216274315
  CPU_avx512: 59453.113324084392
  m_CPU_enc_SHA: 43968949709.708778
  m_CPU_enc_AES: 65713648767.059891
  m_CPU_enc_ECDSA: 26736594034.997761
  ME_ALLOC_S: 21115.65123969963
  ME_READ_S: 24310.912890625001
  ME_READ_L: 11768.248046875
  ME_WRITE: 10600.68359375
  ME_LARGE: 368684.08333333331
  ME_LATENCY: 59.757439587531252
  ME_THREADED: 153543.89477539062
  SUMM_CPU: 48391.392562716283
  SUMM_ME: 2623.4287830469625
SystemInformation:
  OSName: Ubuntu 24.04.1 LTS
  Kernel: 6.8.0-1016-aws
  Device: ""
  Processor: Intel Xeon Platinum 8375C CPU @ 2.90GHz
  NumSockets: 1
  Manufacturer: GenuineIntel
  NumCores: 24
  NumLogicals: 48
  CPUFrequency: 0
  Memory: 380668
  MemModuleInfo:
    iNumMemSticks: 1
    DIMM 1:
      manufacturer: Not Specified
      modulePartNo: Not Specified
      memType: DDR4
      size: 384
      clkspeed: 1600
      moduleVoltage: 0
Checksum: 988DB7D48031DC6448244DCB65D36BC19B97A7D8