---
system-info:
      stress-ng-version: 0.17.08
      run-by: root
      date-yyyy-mm-dd: 2024:06:21
      time-hh-mm-ss: 07:36:51
      epoch-secs: 1718955411
      hostname: 49f99722ed33
      sysname: Linux
      nodename: 49f99722ed33
      release: 6.8.0-1008-gcp
      version: '#9-Ubuntu SMP Wed May 22 18:09:04 UTC 2024'
      machine: x86_64
      compiler: 'musl-gcc 13.2.1'
      uptime: 168
      totalram: 67424706560
      freeram: 62270767104
      sharedram: 34992128
      bufferram: 135241728
      totalswap: 0
      freeswap: 0
      pagesize: 4096
      cpus: 8
      cpus-online: 8
      ticks-per-second: 100

metrics:
    - stressor: cpu
      bogo-ops: 53743
      bogo-ops-per-second-usr-sys-time: 2687.241366
      bogo-ops-per-second-real-time: 2687.145419
      wall-clock-time: 20.000034
      user-time: 19.999320
      system-time: 0.000000
      cpu-usage-per-instance: 99.996430
      max-rss: 976

...
