---
system-info:
      stress-ng-version: 0.17.08
      run-by: root
      date-yyyy-mm-dd: 2024:09:16
      time-hh-mm-ss: 13:59:36
      epoch-secs: 1726495176
      hostname: sc-runner
      sysname: Linux
      nodename: sc-runner
      release: 6.8.0-1014-azure
      version: '#16-Ubuntu SMP Thu Aug 15 21:06:50 UTC 2024'
      machine: aarch64
      compiler: 'musl-gcc 13.2.1'
      uptime: 351
      totalram: 67292835840
      freeram: 57039802368
      sharedram: 38178816
      bufferram: 248557568
      totalswap: 0
      freeswap: 0
      pagesize: 4096
      cpus: 16
      cpus-online: 16
      ticks-per-second: 100

metrics:
    - stressor: cpu
      bogo-ops: 36450
      bogo-ops-per-second-usr-sys-time: 1822.491525
      bogo-ops-per-second-real-time: 1822.490701
      wall-clock-time: 20.000102
      user-time: 20.000093
      system-time: 0.000000
      cpu-usage-per-instance: 99.999955
      max-rss: 1320

...
