---
system-info:
      stress-ng-version: 0.17.08
      run-by: root
      date-yyyy-mm-dd: 2024:06:20
      time-hh-mm-ss: 08:07:53
      epoch-secs: 1718870873
      hostname: 2eaea5456519
      sysname: Linux
      nodename: 2eaea5456519
      release: 6.8.0-1008-gcp
      version: '#9-Ubuntu SMP Wed May 22 18:09:04 UTC 2024'
      machine: x86_64
      compiler: 'musl-gcc 13.2.1'
      uptime: 201
      totalram: 16767361024
      freeram: 9167314944
      sharedram: 41832448
      bufferram: 123457536
      totalswap: 0
      freeswap: 0
      pagesize: 4096
      cpus: 4
      cpus-online: 4
      ticks-per-second: 100

metrics:
    - stressor: cpu
      bogo-ops: 62964
      bogo-ops-per-second-usr-sys-time: 791.865492
      bogo-ops-per-second-real-time: 3148.183947
      wall-clock-time: 20.000102
      user-time: 79.496521
      system-time: 0.016983
      cpu-usage-per-instance: 99.391373
      max-rss: 1104

...
