---
system-info:
      stress-ng-version: 0.17.08
      run-by: root
      date-yyyy-mm-dd: 2024:09:06
      time-hh-mm-ss: 05:49:04
      epoch-secs: 1725601744
      hostname: sc-runner
      sysname: Linux
      nodename: sc-runner
      release: 6.8.0-1013-azure
      version: '#15-Ubuntu SMP Thu Aug  8 18:40:40 UTC 2024'
      machine: x86_64
      compiler: 'musl-gcc 13.2.1'
      uptime: 345
      totalram: 58964901888
      freeram: 50251042816
      sharedram: 42156032
      bufferram: 224018432
      totalswap: 0
      freeswap: 0
      pagesize: 4096
      cpus: 16
      cpus-online: 16
      ticks-per-second: 100

metrics:
    - stressor: cpu
      bogo-ops: 397237
      bogo-ops-per-second-usr-sys-time: 1242.863147
      bogo-ops-per-second-real-time: 19861.743557
      wall-clock-time: 20.000107
      user-time: 319.592433
      system-time: 0.022000
      cpu-usage-per-instance: 99.878975
      max-rss: 3256

...
