---
system-info:
      stress-ng-version: 0.17.08
      run-by: root
      date-yyyy-mm-dd: 2024:09:16
      time-hh-mm-ss: 20:15:47
      epoch-secs: 1726517747
      hostname: sc-runner
      sysname: Linux
      nodename: sc-runner
      release: 6.8.0-1014-azure
      version: '#16-Ubuntu SMP Thu Aug 15 20:04:41 UTC 2024'
      machine: x86_64
      compiler: 'musl-gcc 13.2.1'
      uptime: 297
      totalram: 58964885504
      freeram: 48714137600
      sharedram: 42156032
      bufferram: 235937792
      totalswap: 0
      freeswap: 0
      pagesize: 4096
      cpus: 16
      cpus-online: 16
      ticks-per-second: 100

metrics:
    - stressor: cpu
      bogo-ops: 398523
      bogo-ops-per-second-usr-sys-time: 1246.763904
      bogo-ops-per-second-real-time: 19926.080817
      wall-clock-time: 20.000069
      user-time: 319.631930
      system-time: 0.013994
      cpu-usage-per-instance: 99.889004
      max-rss: 1104

...
