BaselineInfo:
  WebDBID: -1
  TimeStamp: 20241202191606
Version:
  Major: 11
  Minor: 0
  Build: 1002
  SpecialBuildName: ""
  ptArchitecture: aarch64_linux
Results:
  Results Complete: true
  NumTestProcesses: 2
  CPU_INTEGER_MATH: 10399.440999999999
  CPU_FLOATINGPOINT_MATH: 12081.896251866947
  CPU_PRIME: 34.584302515116775
  CPU_SORTING: 9120.1749409443637
  CPU_ENCRYPTION: 374.25095585922941
  CPU_COMPRESSION: 13066.057904498019
  CPU_SINGLETHREAD: 1943.3520339494919
  CPU_PHYSICS: 683.86901930020406
  CPU_MATRIX_MULT_SSE: 1836.8248183168105
  CPU_mm: 225.96956260165729
  CPU_sse: 1443.5120916735427
  CPU_fma: 2230.1375449600782
  CPU_avx: 0
  CPU_avx512: 0
  m_CPU_enc_SHA: 590629287.69538462
  m_CPU_enc_AES: 213897053.46193874
  m_CPU_enc_ECDSA: 372765369.71581864
  ME_ALLOC_S: 3025.3971254218113
  ME_READ_S: 21178.707617187501
  ME_READ_L: 19843.12890625
  ME_WRITE: 21298.732421875
  ME_LARGE: 4955.333333333333
  ME_LATENCY: 47.030692109559034
  ME_THREADED: 38666.470703125
  SUMM_CPU: 1988.3193239789939
  SUMM_ME: 2473.448607909892
SystemInformation:
  OSName: Ubuntu 24.04.1 LTS
  Kernel: 6.8.0-1018-aws
  Device: ""
  Processor: ARM Neoverse-V2 2 Core 0 MHz
  NumSockets: 1
  Manufacturer: ARM
  NumCores: 2
  NumLogicals: 2
  CPUFrequency: 0
  Memory: 15674
Checksum: F79F46E68B0DA851AB2781F947A6A7D56C96795B