BaselineInfo:
  WebDBID: -1
  TimeStamp: 20260611230452
Version:
  Major: 11
  Minor: 0
  Build: 1004
  SpecialBuildName: ""
  ptArchitecture: x86_64_linux
Results:
  Results Complete: true
  NumTestProcesses: 1
  CPU_INTEGER_MATH: 3617.3553333333334
  CPU_FLOATINGPOINT_MATH: 2398.3548567841849
  CPU_PRIME: 5.102152818636589
  CPU_SORTING: 1169.6448292489779
  CPU_ENCRYPTION: 437.6698888143049
  CPU_COMPRESSION: 13170.941671675655
  CPU_SINGLETHREAD: 1242.8105582087128
  CPU_PHYSICS: 104.37050643656465
  CPU_MATRIX_MULT_SSE: 1012.0174170933328
  CPU_mm: 83.945788439793972
  CPU_sse: 504.91568316410218
  CPU_fma: 1564.6493011902432
  CPU_avx: 963.86364784572174
  CPU_avx512: 1014.6410361732643
  m_CPU_enc_SHA: 213167751.83964393
  m_CPU_enc_AES: 988056971.50747526
  m_CPU_enc_ECDSA: 175565700.6529268
  ME_ALLOC_S: 285.18655201585619
  ME_READ_S: 16006.88828125
  ME_READ_L: 4770.3564453125
  ME_WRITE: 5278.39404296875
  ME_LARGE: 714.16666666666663
  ME_LATENCY: 109.99940580755218
  ME_THREADED: 4786.2900390625
  SUMM_CPU: 1141.0009434720157
  SUMM_ME: 625.88619519276506
SystemInformation:
  OSName: Ubuntu 24.04.4 LTS
  Kernel: 6.8.0-124-generic
  Device: ""
  Processor: Intel Xeon Processor (Skylake, IBRS)
  NumSockets: 1
  Manufacturer: GenuineIntel
  NumCores: 1
  NumLogicals: 1
  CPUFrequency: 743
  CPUMaxFrequency: 2696
  Memory: 1962
  CPUInfo:
    number: 1
    Family: 6
    Model: 5
    stepping: 4
    features: 126614527
    manufacture: GenuineIntel
    typestring: Intel Xeon Processor (Skylake, IBRS)
    iCoresPerPackage: 1
    iThreadsPerPackage: 1
    featuresEx:
      - 126614527
      - 4294586883
      - 739248128
    bHybrid: false
    nPCore: 0
    nLogicalsPerPCore: 0
    nECore: 0
    nLogicalsPerECore: 0
  MemModuleInfo:
    iNumMemSticks: 1
    DIMM 1:
      manufacturer: QEMU
      modulePartNo: Not Specified
      memType: RAM
      size: 2
      clkspeed: 0
      moduleVoltage: 0
Checksum: 9E985D671208D3BA9A1FF7FDE70D326287DD96BF