BaselineInfo:
  WebDBID: -1
  TimeStamp: 20260620163659
Version:
  Major: 11
  Minor: 0
  Build: 1004
  SpecialBuildName: ""
  ptArchitecture: x86_64_linux
Results:
  Results Complete: true
  NumTestProcesses: 8
  CPU_INTEGER_MATH: 58042.121333333329
  CPU_FLOATINGPOINT_MATH: 57243.05193166044
  CPU_PRIME: 203.49571297809109
  CPU_SORTING: 32849.234943461692
  CPU_ENCRYPTION: 12069.832502012379
  CPU_COMPRESSION: 247150.12772203723
  CPU_SINGLETHREAD: 3639.8593675309635
  CPU_PHYSICS: 2992.0459773564908
  CPU_MATRIX_MULT_SSE: 22049.715339574235
  CPU_mm: 2607.7124258905087
  CPU_sse: 8011.7228928888917
  CPU_fma: 30874.368606099568
  CPU_avx: 16250.069223851406
  CPU_avx512: 33062.700635457077
  m_CPU_enc_SHA: 16901901141.121765
  m_CPU_enc_AES: 10420389567.347141
  m_CPU_enc_ECDSA: 10646119348.421492
  ME_ALLOC_S: 10139.969444432669
  ME_READ_S: 32667.8330078125
  ME_READ_L: 28307.830078125
  ME_WRITE: 30088.59375
  ME_LARGE: 249179.66666666666
  ME_LATENCY: 80.01883369693968
  ME_THREADED: 55141.0625
  SUMM_CPU: 23992.977364297927
  SUMM_ME: 2733.5388952792382
SystemInformation:
  OSName: Ubuntu 24.04.4 LTS
  Kernel: 6.17.0-1018-azure
  Device: ""
  Processor: "AMD EPYC 9V45 96-Core Processor                "
  NumSockets: 1
  Manufacturer: AuthenticAMD
  NumCores: 8
  NumLogicals: 8
  CPUFrequency: 0
  CPUMaxFrequency: 0
  Memory: 257740
  CPUInfo:
    number: 1
    Family: 15
    Model: 2
    stepping: 1
    features: 395049983
    manufacture: AuthenticAMD
    typestring: "AMD EPYC 9V45 96-Core Processor                "
    iCoresPerPackage: 8
    iThreadsPerPackage: 1
    featuresEx:
      - 395049983
      - 4277809667
      - 802421759
    bHybrid: false
    nPCore: 0
    nLogicalsPerPCore: 0
    nECore: 0
    nLogicalsPerECore: 0
  MemModuleInfo:
    iNumMemSticks: 3
    DIMM 1:
      manufacturer: Microsoft Corporation
      modulePartNo: None
      memType: Unknown
      size: 1
      clkspeed: 0
      moduleVoltage: 0
    DIMM 2:
      manufacturer: Microsoft Corporation
      modulePartNo: None
      memType: Unknown
      size: 59
      clkspeed: 0
      moduleVoltage: 0
    DIMM 3:
      manufacturer: Microsoft Corporation
      modulePartNo: None
      memType: Unknown
      size: 196
      clkspeed: 0
      moduleVoltage: 0
Checksum: A9C4A5D153BE5AC30A1B3940571703E2195A278A