---
system-info:
      stress-ng-version: 0.17.08
      run-by: root
      date-yyyy-mm-dd: 2024:07:03
      time-hh-mm-ss: 00:51:29
      epoch-secs: 1719967889
      hostname: c2d-highcpu-112-f5cfa3a
      sysname: Linux
      nodename: c2d-highcpu-112-f5cfa3a
      release: 6.8.0-1009-gcp
      version: '#10-Ubuntu SMP Wed Jun 12 18:52:23 UTC 2024'
      machine: x86_64
      compiler: 'musl-gcc 13.2.1'
      uptime: 147
      totalram: 236597686272
      freeram: 230367162368
      sharedram: 69476352
      bufferram: 129388544
      totalswap: 0
      freeswap: 0
      pagesize: 4096
      cpus: 112
      cpus-online: 112
      ticks-per-second: 100

metrics:
    - stressor: cpu
      bogo-ops: 3284104
      bogo-ops-per-second-usr-sys-time: 1466.718469
      bogo-ops-per-second-real-time: 164204.703519
      wall-clock-time: 20.000060
      user-time: 2239.024770
      system-time: 0.057965
      cpu-usage-per-instance: 99.958748
      max-rss: 0

...
