BaselineInfo:
  WebDBID: -1
  TimeStamp: 20260625000807
Version:
  Major: 11
  Minor: 0
  Build: 1004
  SpecialBuildName: ""
  ptArchitecture: x86_64_linux
Results:
  Results Complete: true
  NumTestProcesses: 128
  CPU_INTEGER_MATH: 786312.74066666665
  CPU_FLOATINGPOINT_MATH: 465433.51415102626
  CPU_PRIME: 1076.0441714986237
  CPU_SORTING: 311613.41978757916
  CPU_ENCRYPTION: 149705.54996193037
  CPU_COMPRESSION: 2366226.8048591814
  CPU_SINGLETHREAD: 3791.728710840729
  CPU_PHYSICS: 19245.90422076128
  CPU_MATRIX_MULT_SSE: 154305.92338361751
  CPU_mm: 16148.863183027503
  CPU_sse: 62143.043902634832
  CPU_fma: 168957.59428877456
  CPU_avx: 164612.29487113893
  CPU_avx512: 221510.76047192203
  m_CPU_enc_SHA: 194025769875.26575
  m_CPU_enc_AES: 155241873945.67615
  m_CPU_enc_ECDSA: 121665296449.70151
  ME_ALLOC_S: 40176.815241020042
  ME_READ_S: 34207.860937500001
  ME_READ_L: 30881.095703125
  ME_WRITE: 30646.646484375
  ME_LARGE: 1019109.6666666666
  ME_LATENCY: 78.118703167614456
  ME_THREADED: 451379.93408203125
  SUMM_CPU: 131808.84614641659
  SUMM_ME: 3014.6084362179095
SystemInformation:
  OSName: Ubuntu 24.04.4 LTS
  Kernel: 6.17.0-1018-azure
  Device: ""
  Processor: "AMD EPYC 9V45 96-Core Processor                "
  NumSockets: 1
  Manufacturer: AuthenticAMD
  NumCores: 64
  NumLogicals: 128
  CPUFrequency: 0
  CPUMaxFrequency: 0
  Memory: 1032031
  CPUInfo:
    number: 1
    Family: 15
    Model: 2
    stepping: 1
    features: 395049983
    manufacture: AuthenticAMD
    typestring: "AMD EPYC 9V45 96-Core Processor                "
    iCoresPerPackage: 64
    iThreadsPerPackage: 2
    featuresEx:
      - 395049983
      - 4277809667
      - 802421759
    bHybrid: false
    nPCore: 0
    nLogicalsPerPCore: 0
    nECore: 0
    nLogicalsPerECore: 0
  MemModuleInfo:
    iNumMemSticks: 5
    DIMM 1:
      manufacturer: Microsoft Corporation
      modulePartNo: None
      memType: Unknown
      size: 1
      clkspeed: 0
      moduleVoltage: 0
    DIMM 2:
      manufacturer: Microsoft Corporation
      modulePartNo: None
      memType: Unknown
      size: 59
      clkspeed: 0
      moduleVoltage: 0
    DIMM 3:
      manufacturer: Microsoft Corporation
      modulePartNo: None
      memType: Unknown
      size: 452
      clkspeed: 0
      moduleVoltage: 0
    DIMM 4:
      manufacturer: Microsoft Corporation
      modulePartNo: None
      memType: Unknown
      size: 496
      clkspeed: 0
      moduleVoltage: 0
    DIMM 5:
      manufacturer: Microsoft Corporation
      modulePartNo: None
      memType: Unknown
      size: 16
      clkspeed: 0
      moduleVoltage: 0
Checksum: 64336A2FEA29DCBA3C477605D5277495EAA6ED82