---
system-info:
      stress-ng-version: 0.17.08
      run-by: root
      date-yyyy-mm-dd: 2024:06:14
      time-hh-mm-ss: 23:20:39
      epoch-secs: 1718407239
      hostname: 7c521a2e3df4
      sysname: Linux
      nodename: 7c521a2e3df4
      release: 6.8.0-1008-aws
      version: '#8-Ubuntu SMP Sat Apr 20 00:46:25 UTC 2024'
      machine: x86_64
      compiler: 'musl-gcc 13.2.1'
      uptime: 112
      totalram: 132914003968
      freeram: 128370393088
      sharedram: 60137472
      bufferram: 108232704
      totalswap: 0
      freeswap: 0
      pagesize: 4096
      cpus: 32
      cpus-online: 32
      ticks-per-second: 100

metrics:
    - stressor: cpu
      bogo-ops: 618150
      bogo-ops-per-second-usr-sys-time: 966.429454
      bogo-ops-per-second-real-time: 30907.349824
      wall-clock-time: 20.000097
      user-time: 639.609483
      system-time: 0.012993
      cpu-usage-per-instance: 99.940526
      max-rss: 776

...
