---
system-info:
      stress-ng-version: 0.17.08
      run-by: root
      date-yyyy-mm-dd: 2024:06:08
      time-hh-mm-ss: 17:17:43
      epoch-secs: 1717867063
      hostname: b7d12da9e972
      sysname: Linux
      nodename: b7d12da9e972
      release: 6.8.0-1008-aws
      version: '#8-Ubuntu SMP Sat Apr 20 00:46:25 UTC 2024'
      machine: x86_64
      compiler: 'musl-gcc 13.2.1'
      uptime: 103
      totalram: 132914003968
      freeram: 128237047808
      sharedram: 60137472
      bufferram: 103600128
      totalswap: 0
      freeswap: 0
      pagesize: 4096
      cpus: 32
      cpus-online: 32
      ticks-per-second: 100

metrics:
    - stressor: cpu
      bogo-ops: 374869
      bogo-ops-per-second-usr-sys-time: 1171.996462
      bogo-ops-per-second-real-time: 37478.117568
      wall-clock-time: 10.002343
      user-time: 319.823079
      system-time: 0.031982
      cpu-usage-per-instance: 99.931289
      max-rss: 3848

...
