BaselineInfo:
  WebDBID: -1
  TimeStamp: 20241107084245
Version:
  Major: 11
  Minor: 0
  Build: 1002
  SpecialBuildName: ""
  ptArchitecture: x86_64_linux
Results:
  Results Complete: true
  NumTestProcesses: 2
  CPU_INTEGER_MATH: 6188.5256666666664
  CPU_FLOATINGPOINT_MATH: 3320.8017858082849
  CPU_PRIME: 13.986043218873942
  CPU_SORTING: 3299.0987532812842
  CPU_ENCRYPTION: 849.04985679620836
  CPU_COMPRESSION: 27339.580108497721
  CPU_SINGLETHREAD: 1990.2991518989811
  CPU_PHYSICS: 288.3235909692699
  CPU_MATRIX_MULT_SSE: 1728.1018629035348
  CPU_mm: 188.63788336182245
  CPU_sse: 673.99673193891158
  CPU_fma: 2219.7231914169665
  CPU_avx: 1564.6756067992892
  CPU_avx512: 2454.0119214589731
  m_CPU_enc_SHA: 279569653.91961825
  m_CPU_enc_AES: 2144813742.861083
  m_CPU_enc_ECDSA: 246496511.13912106
  ME_ALLOC_S: 726.39356633158854
  ME_READ_S: 23941.5703125
  ME_READ_L: 11652.537109375
  ME_WRITE: 10513.2216796875
  ME_LARGE: 6096
  ME_LATENCY: 49.325023725205632
  ME_THREADED: 12721.93115234375
  SUMM_CPU: 2230.4767575820065
  SUMM_ME: 1778.4682032385831
SystemInformation:
  OSName: Ubuntu 24.04.1 LTS
  Kernel: 6.8.0-1017-azure
  Device: ""
  Processor: Intel Xeon Platinum 8272CL CPU @ 2.60GHz
  NumSockets: 1
  Manufacturer: GenuineIntel
  NumCores: 1
  NumLogicals: 2
  CPUFrequency: 0
  Memory: 15990
  MemModuleInfo:
    iNumMemSticks: 2
    DIMM 1:
      manufacturer: Microsoft Corporation
      modulePartNo: None
      memType: Unknown
      size: 1
      clkspeed: 0
      moduleVoltage: 0
    DIMM 2:
      manufacturer: Microsoft Corporation
      modulePartNo: None
      memType: Unknown
      size: 15
      clkspeed: 0
      moduleVoltage: 0
Checksum: 47E4A3DF163A667070D7AE3EDFD3937479304D4D