BaselineInfo:
  WebDBID: -1
  TimeStamp: 20260620125732
Version:
  Major: 11
  Minor: 0
  Build: 1004
  SpecialBuildName: ""
  ptArchitecture: x86_64_linux
Results:
  Results Complete: true
  NumTestProcesses: 48
  CPU_INTEGER_MATH: 315684.38900000002
  CPU_FLOATINGPOINT_MATH: 184348.72874876313
  CPU_PRIME: 422.11592691670319
  CPU_SORTING: 135955.46120767688
  CPU_ENCRYPTION: 60005.038258567169
  CPU_COMPRESSION: 1052101.0842552055
  CPU_SINGLETHREAD: 3782.0487643036281
  CPU_PHYSICS: 9171.0315655355953
  CPU_MATRIX_MULT_SSE: 79944.965220794111
  CPU_mm: 7624.7600303303116
  CPU_sse: 29449.600347564043
  CPU_fma: 85910.702761996654
  CPU_avx: 83867.327431146914
  CPU_avx512: 120552.23034246884
  m_CPU_enc_SHA: 76587522233.441559
  m_CPU_enc_AES: 61995344458.055511
  m_CPU_enc_ECDSA: 50176662299.54892
  ME_ALLOC_S: 28576.082201179615
  ME_READ_S: 34096.596093749999
  ME_READ_L: 30618.89453125
  ME_WRITE: 30542.11328125
  ME_LARGE: 87170.583333333328
  ME_LATENCY: 79.582809368372651
  ME_THREADED: 217013.0458984375
  SUMM_CPU: 77885.385410035757
  SUMM_ME: 2914.0501762138961
SystemInformation:
  OSName: Ubuntu 24.04.4 LTS
  Kernel: 6.17.0-1018-azure
  Device: ""
  Processor: "AMD EPYC 9V45 96-Core Processor                "
  NumSockets: 1
  Manufacturer: AuthenticAMD
  NumCores: 24
  NumLogicals: 48
  CPUFrequency: 0
  CPUMaxFrequency: 0
  Memory: 96540
  CPUInfo:
    number: 1
    Family: 15
    Model: 2
    stepping: 1
    features: 395049983
    manufacture: AuthenticAMD
    typestring: "AMD EPYC 9V45 96-Core Processor                "
    iCoresPerPackage: 32
    iThreadsPerPackage: 2
    featuresEx:
      - 395049983
      - 4277809667
      - 802421759
    bHybrid: false
    nPCore: 0
    nLogicalsPerPCore: 0
    nECore: 0
    nLogicalsPerECore: 0
  MemModuleInfo:
    iNumMemSticks: 3
    DIMM 1:
      manufacturer: Microsoft Corporation
      modulePartNo: None
      memType: Unknown
      size: 1
      clkspeed: 0
      moduleVoltage: 0
    DIMM 2:
      manufacturer: Microsoft Corporation
      modulePartNo: None
      memType: Unknown
      size: 59
      clkspeed: 0
      moduleVoltage: 0
    DIMM 3:
      manufacturer: Microsoft Corporation
      modulePartNo: None
      memType: Unknown
      size: 36
      clkspeed: 0
      moduleVoltage: 0
Checksum: BDA1FA795FDD6F2D61B6EE5236AD7873B5B8253D