size_kb,operation,bandwidth_mb_s,latency_ns,latency_stddev_ns,latency_samples,threads,iterations,elapsed_s
32,read,21557529.49,0,0,0,192,778816,0.216764
32,write,15401919.60,0,0,0,192,489236,0.190588
32,copy,8294948.49,0,0,0,192,390015,0.282110
32,latency,0,0.98,0.00,7,1,7,0.141522
128,read,16426651.04,0,0,0,192,233426,0.341045
128,write,16397255.80,0,0,0,192,201288,0.294617
128,copy,10101268.89,0,0,0,192,96006,0.228104
128,latency,0,2.68,0.00,7,1,7,0.704324
512,read,18758927.00,0,0,0,192,61942,0.316992
512,write,17009380.15,0,0,0,192,56091,0.316574
512,copy,7554964.22,0,0,0,192,23395,0.297277
512,latency,0,3.71,0.00,7,1,7,0.703372
1024,read,12046111.60,0,0,0,192,24495,0.390420
1024,write,13737571.78,0,0,0,192,25786,0.360392
1024,copy,6342902.00,0,0,0,192,12105,0.366419
1024,latency,0,5.51,0.00,7,1,7,0.680602
2048,read,12481835.35,0,0,0,192,8444,0.259777
2048,write,10978092.68,0,0,0,192,8230,0.287875
2048,copy,4538563.65,0,0,0,192,4123,0.348840
2048,latency,0,9.76,0.06,7,1,7,0.689596
8192,read,2767013.97,0,0,0,192,1671,0.927591
8192,write,2564623.80,0,0,0,192,1682,1.007380
8192,copy,495715.66,0,0,0,192,804,2.491235
8192,latency,0,11.34,0.02,7,1,7,0.693705
16384,read,1293964.77,0,0,0,192,732,1.737840
16384,write,621116.56,0,0,0,192,810,4.006205
16384,copy,316575.91,0,0,0,192,382,3.706864
16384,latency,0,11.89,0.01,7,1,7,0.754722
32768,read,1065798.22,0,0,0,192,390,2.248230
32768,write,453236.25,0,0,0,192,350,4.744545
32768,copy,286217.47,0,0,0,192,57,1.223573
32768,latency,0,12.81,0.20,7,1,7,0.696796
65536,read,991783.26,0,0,0,192,186,2.304504
65536,write,417769.39,0,0,0,192,147,4.323763
65536,copy,293773.60,0,0,0,192,86,3.597219
65536,latency,0,67.79,0.06,7,1,7,2.940048
131072,read,970270.00,0,0,0,192,90,2.279613
131072,write,415349.07,0,0,0,192,31,1.834255
131072,copy,283270.43,0,0,0,192,42,3.643840
131072,latency,0,89.94,0.16,7,1,7,7.758694
