BaselineInfo:
  WebDBID: -1
  TimeStamp: 20241114214801
Version:
  Major: 11
  Minor: 0
  Build: 1002
  SpecialBuildName: ""
  ptArchitecture: aarch64_linux
Results:
  Results Complete: true
  NumTestProcesses: 2
  CPU_INTEGER_MATH: 9331.4826666666668
  CPU_FLOATINGPOINT_MATH: 7091.8307466848282
  CPU_PRIME: 13.728607703017465
  CPU_SORTING: 6606.5620240381104
  CPU_ENCRYPTION: 318.76100300224874
  CPU_COMPRESSION: 10345.130950527804
  CPU_SINGLETHREAD: 1323.5008249916752
  CPU_PHYSICS: 288.30356967761804
  CPU_MATRIX_MULT_SSE: 1479.8433409588697
  CPU_mm: 248.38249707649007
  CPU_sse: 1232.0501879968881
  CPU_fma: 1727.6364939208513
  CPU_avx: 0
  CPU_avx512: 0
  m_CPU_enc_SHA: 476124793.78678584
  m_CPU_enc_AES: 222737989.67479038
  m_CPU_enc_ECDSA: 303872628.99068177
  ME_ALLOC_S: 1297.783770224753
  ME_READ_S: 11243.74208984375
  ME_READ_L: 6604.78759765625
  ME_WRITE: 14648.7734375
  ME_LARGE: 6990.916666666667
  ME_LATENCY: 90.789868709020155
  ME_THREADED: 14092.94775390625
  SUMM_CPU: 1570.9610200574336
  SUMM_ME: 1312.2131606115852
SystemInformation:
  OSName: Ubuntu 24.04.1 LTS
  Kernel: 6.8.0-1017-azure
  Device: ""
  Processor: ARM Neoverse-N1 2 Core 0 MHz
  NumSockets: 1
  Manufacturer: ARM
  NumCores: 2
  NumLogicals: 2
  CPUFrequency: 0
  Memory: 15959
Checksum: 041D6CDF9A845524D285005D19F3EFEF05EEA88E