BaselineInfo:
  WebDBID: -1
  TimeStamp: 20241107032659
Version:
  Major: 11
  Minor: 0
  Build: 1002
  SpecialBuildName: ""
  ptArchitecture: aarch64_linux
Results:
  Results Complete: true
  NumTestProcesses: 2
  CPU_INTEGER_MATH: 9402.387999999999
  CPU_FLOATINGPOINT_MATH: 7151.208325704556
  CPU_PRIME: 18.322037947709553
  CPU_SORTING: 6833.8120130589214
  CPU_ENCRYPTION: 318.63722400317909
  CPU_COMPRESSION: 10543.91387241026
  CPU_SINGLETHREAD: 1333.6439903340338
  CPU_PHYSICS: 385.88418983897645
  CPU_MATRIX_MULT_SSE: 1481.9137442449401
  CPU_mm: 248.72185281855241
  CPU_sse: 1234.8838255345056
  CPU_fma: 1728.9436629553743
  CPU_avx: 0
  CPU_avx512: 0
  m_CPU_enc_SHA: 479629913.95851731
  m_CPU_enc_AES: 223997888.0417254
  m_CPU_enc_ECDSA: 298718235.38882983
  ME_ALLOC_S: 1444.3844975480031
  ME_READ_S: 11380.157031250001
  ME_READ_L: 9319.8115234375
  ME_WRITE: 15008.74609375
  ME_LARGE: 6033.083333333333
  ME_LATENCY: 69.991711888614063
  ME_THREADED: 18279.7236328125
  SUMM_CPU: 1602.5944950558121
  SUMM_ME: 1548.7372055636965
SystemInformation:
  OSName: Ubuntu 24.04.1 LTS
  Kernel: 6.8.0-1017-azure
  Device: ""
  Processor: ARM Neoverse-N1 2 Core 0 MHz
  NumSockets: 1
  Manufacturer: ARM
  NumCores: 2
  NumLogicals: 2
  CPUFrequency: 0
  Memory: 15959
Checksum: A61ABC773C89D3E8B417C56847EE14D3B3DAC7FD