BaselineInfo:
  WebDBID: -1
  TimeStamp: 20241115140246
Version:
  Major: 11
  Minor: 0
  Build: 1002
  SpecialBuildName: ""
  ptArchitecture: aarch64_linux
Results:
  Results Complete: true
  NumTestProcesses: 2
  CPU_INTEGER_MATH: 9393.9626666666663
  CPU_FLOATINGPOINT_MATH: 7147.0255429613171
  CPU_PRIME: 17.441165508240111
  CPU_SORTING: 6769.9615717309862
  CPU_ENCRYPTION: 322.0293033079472
  CPU_COMPRESSION: 10442.132132074452
  CPU_SINGLETHREAD: 1333.2671160193229
  CPU_PHYSICS: 351.93948545477872
  CPU_MATRIX_MULT_SSE: 1481.7178273597176
  CPU_mm: 248.84366280597436
  CPU_sse: 1234.3536062770513
  CPU_fma: 1729.0820484423839
  CPU_avx: 0
  CPU_avx512: 0
  m_CPU_enc_SHA: 479536081.44753492
  m_CPU_enc_AES: 224207985.57157952
  m_CPU_enc_ECDSA: 309272529.21718788
  ME_ALLOC_S: 1417.7009889115909
  ME_READ_S: 11372.0537109375
  ME_READ_L: 8953.861328125
  ME_WRITE: 14913.4345703125
  ME_LARGE: 7116
  ME_LATENCY: 73.530837773095087
  ME_THREADED: 17930.744140625
  SUMM_CPU: 1599.7145537391059
  SUMM_ME: 1529.2283223801091
SystemInformation:
  OSName: Ubuntu 24.04.1 LTS
  Kernel: 6.8.0-1017-azure
  Device: ""
  Processor: ARM Neoverse-N1 2 Core 0 MHz
  NumSockets: 1
  Manufacturer: ARM
  NumCores: 2
  NumLogicals: 2
  CPUFrequency: 0
  Memory: 15959
Checksum: E7283A4C73A4368F8AE63F9FDADBAD0B0E41C29A