---
system-info:
      stress-ng-version: 0.17.08
      run-by: root
      date-yyyy-mm-dd: 2024:08:30
      time-hh-mm-ss: 20:31:05
      epoch-secs: 1725049865
      hostname: sc-runner
      sysname: Linux
      nodename: sc-runner
      release: 6.8.0-1013-azure
      version: '#15-Ubuntu SMP Thu Aug  8 18:40:40 UTC 2024'
      machine: x86_64
      compiler: 'musl-gcc 13.2.1'
      uptime: 399
      totalram: 33652330496
      freeram: 25149878272
      sharedram: 42053632
      bufferram: 207380480
      totalswap: 0
      freeswap: 0
      pagesize: 4096
      cpus: 4
      cpus-online: 4
      ticks-per-second: 100

metrics:
    - stressor: cpu
      bogo-ops: 53900
      bogo-ops-per-second-usr-sys-time: 678.706030
      bogo-ops-per-second-real-time: 2694.981864
      wall-clock-time: 20.000135
      user-time: 79.390845
      system-time: 0.024981
      cpu-usage-per-instance: 99.269114
      max-rss: 3128

...
