BaselineInfo:
  WebDBID: -1
  TimeStamp: 20241108050002
Version:
  Major: 11
  Minor: 0
  Build: 1002
  SpecialBuildName: ""
  ptArchitecture: x86_64_linux
Results:
  Results Complete: true
  NumTestProcesses: 8
  CPU_INTEGER_MATH: 22330.091666666667
  CPU_FLOATINGPOINT_MATH: 16650.785275437025
  CPU_PRIME: 84.620789212894422
  CPU_SORTING: 15761.92598258458
  CPU_ENCRYPTION: 2073.2319550376133
  CPU_COMPRESSION: 114027.06024778727
  CPU_SINGLETHREAD: 1560.8999285110435
  CPU_PHYSICS: 955.31332275574493
  CPU_MATRIX_MULT_SSE: 7095.8802071269229
  CPU_mm: 996.00600823795094
  CPU_sse: 3920.1857422613652
  CPU_fma: 9827.6524979936039
  CPU_avx: 7539.8023811257981
  CPU_avx512: 0
  m_CPU_enc_SHA: 1472520579.8743198
  m_CPU_enc_AES: 3753215873.6454196
  m_CPU_enc_ECDSA: 1296087357.9368217
  ME_ALLOC_S: 4213.5040421011672
  ME_READ_S: 17524.399804687499
  ME_READ_L: 8299.271484375
  ME_WRITE: 6949.53466796875
  ME_LARGE: 54090.333333333336
  ME_LATENCY: 70.42435653928284
  ME_THREADED: 32094.86328125
  SUMM_CPU: 7817.6166902500354
  SUMM_ME: 1850.4931361397698
SystemInformation:
  OSName: Ubuntu 24.04.1 LTS
  Kernel: 6.8.0-1017-azure
  Device: ""
  Processor: Intel Xeon CPU E5-2698B v3 @ 2.00GHz
  NumSockets: 1
  Manufacturer: GenuineIntel
  NumCores: 8
  NumLogicals: 8
  CPUFrequency: 0
  Memory: 64299
  MemModuleInfo:
    iNumMemSticks: 3
    DIMM 1:
      manufacturer: Microsoft Corporation
      modulePartNo: None
      memType: Unknown
      size: 1
      clkspeed: 0
      moduleVoltage: 0
    DIMM 2:
      manufacturer: Microsoft Corporation
      modulePartNo: None
      memType: Unknown
      size: 60928
      clkspeed: 0
      moduleVoltage: 0
    DIMM 3:
      manufacturer: Microsoft Corporation
      modulePartNo: None
      memType: Unknown
      size: 3584
      clkspeed: 0
      moduleVoltage: 0
Checksum: 006B8C4A74CC27748C6DA79A1E3C486BF53B7091