---
system-info:
      stress-ng-version: 0.17.08
      run-by: root
      date-yyyy-mm-dd: 2024:06:08
      time-hh-mm-ss: 17:44:27
      epoch-secs: 1717868667
      hostname: aca949d8f067
      sysname: Linux
      nodename: aca949d8f067
      release: 6.8.0-1008-aws
      version: '#8-Ubuntu SMP Sat Apr 20 00:46:25 UTC 2024'
      machine: x86_64
      compiler: 'musl-gcc 13.2.1'
      uptime: 158
      totalram: 532474388480
      freeram: 526409621504
      sharedram: 117067776
      bufferram: 105373696
      totalswap: 0
      freeswap: 0
      pagesize: 4096
      cpus: 128
      cpus-online: 128
      ticks-per-second: 100

metrics:
    - stressor: cpu
      bogo-ops: 16761
      bogo-ops-per-second-usr-sys-time: 1675.969442
      bogo-ops-per-second-real-time: 1675.974411
      wall-clock-time: 10.000749
      user-time: 9.999780
      system-time: 0.000999
      cpu-usage-per-instance: 100.000296
      max-rss: 3072

...
