---
system-info:
      stress-ng-version: 0.17.08
      run-by: root
      date-yyyy-mm-dd: 2024:06:15
      time-hh-mm-ss: 01:20:57
      epoch-secs: 1718414457
      hostname: e1a7ad5e8133
      sysname: Linux
      nodename: e1a7ad5e8133
      release: 6.8.0-1008-aws
      version: '#8-Ubuntu SMP Sat Apr 20 00:46:25 UTC 2024'
      machine: x86_64
      compiler: 'musl-gcc 13.2.1'
      uptime: 201
      totalram: 532474368000
      freeram: 526432956416
      sharedram: 117067776
      bufferram: 110338048
      totalswap: 0
      freeswap: 0
      pagesize: 4096
      cpus: 128
      cpus-online: 128
      ticks-per-second: 100

metrics:
    - stressor: cpu
      bogo-ops: 37795
      bogo-ops-per-second-usr-sys-time: 1889.733276
      bogo-ops-per-second-real-time: 1889.746846
      wall-clock-time: 20.000033
      user-time: 19.999178
      system-time: 0.000999
      cpu-usage-per-instance: 100.000718
      max-rss: 0

...
