---
system-info:
      stress-ng-version: 0.17.08
      run-by: root
      date-yyyy-mm-dd: 2024:06:05
      time-hh-mm-ss: 16:17:37
      epoch-secs: 1717604257
      hostname: caf5ddd88c78
      sysname: Linux
      nodename: caf5ddd88c78
      release: 6.8.0-1008-aws
      version: '#8-Ubuntu SMP Sat Apr 20 00:46:25 UTC 2024'
      machine: x86_64
      compiler: 'musl-gcc 13.2.1'
      uptime: 114
      totalram: 200431546368
      freeram: 195816398848
      sharedram: 20852736
      bufferram: 77922304
      totalswap: 0
      freeswap: 0
      pagesize: 4096
      cpus: 96
      cpus-online: 96
      ticks-per-second: 100

metrics:
    - stressor: cpu
      bogo-ops: 1054396
      bogo-ops-per-second-usr-sys-time: 1099.161438
      bogo-ops-per-second-real-time: 105417.593803
      wall-clock-time: 10.002088
      user-time: 959.138138
      system-time: 0.134962
      cpu-usage-per-instance: 99.903426
      max-rss: 3072

...
