---
system-info:
      stress-ng-version: 0.17.08
      run-by: root
      date-yyyy-mm-dd: 2024:06:12
      time-hh-mm-ss: 18:56:14
      epoch-secs: 1718218574
      hostname: b10c97cd3ba6
      sysname: Linux
      nodename: b10c97cd3ba6
      release: 6.8.0-1008-aws
      version: '#8-Ubuntu SMP Sat Apr 20 00:46:25 UTC 2024'
      machine: x86_64
      compiler: 'musl-gcc 13.2.1'
      uptime: 138
      totalram: 200431534080
      freeram: 195665408000
      sharedram: 20852736
      bufferram: 110858240
      totalswap: 0
      freeswap: 0
      pagesize: 4096
      cpus: 96
      cpus-online: 96
      ticks-per-second: 100

metrics:
    - stressor: cpu
      bogo-ops: 735854
      bogo-ops-per-second-usr-sys-time: 383.464288
      bogo-ops-per-second-real-time: 36792.364878
      wall-clock-time: 20.000182
      user-time: 1918.929599
      system-time: 0.033974
      cpu-usage-per-instance: 99.945109
      max-rss: 768

...
