---
system-info:
      stress-ng-version: 0.17.08
      run-by: root
      date-yyyy-mm-dd: 2024:06:12
      time-hh-mm-ss: 15:57:22
      epoch-secs: 1718207842
      hostname: 9dfcff7b7bf4
      sysname: Linux
      nodename: 9dfcff7b7bf4
      release: 6.8.0-1008-aws
      version: '#8-Ubuntu SMP Sat Apr 20 00:46:25 UTC 2024'
      machine: x86_64
      compiler: 'musl-gcc 13.2.1'
      uptime: 225
      totalram: 200431517696
      freeram: 195658465280
      sharedram: 20852736
      bufferram: 110800896
      totalswap: 0
      freeswap: 0
      pagesize: 4096
      cpus: 96
      cpus-online: 96
      ticks-per-second: 100

metrics:
    - stressor: cpu
      bogo-ops: 1449515
      bogo-ops-per-second-usr-sys-time: 755.421190
      bogo-ops-per-second-real-time: 72475.659201
      wall-clock-time: 20.000025
      user-time: 1918.762006
      system-time: 0.054966
      cpu-usage-per-instance: 99.938259
      max-rss: 768

...
