BaselineInfo:
  WebDBID: -1
  TimeStamp: 20260617004409
Version:
  Major: 11
  Minor: 0
  Build: 1004
  SpecialBuildName: ""
  ptArchitecture: x86_64_linux
Results:
  Results Complete: true
  NumTestProcesses: 2
  CPU_INTEGER_MATH: 9558.8956666666672
  CPU_FLOATINGPOINT_MATH: 5356.5004620126474
  CPU_PRIME: 23.006943925828182
  CPU_SORTING: 5851.6332806255004
  CPU_ENCRYPTION: 2414.621028158921
  CPU_COMPRESSION: 40116.050413785299
  CPU_SINGLETHREAD: 2861.6925813480088
  CPU_PHYSICS: 474.16544023810957
  CPU_MATRIX_MULT_SSE: 2650.4682767912209
  CPU_mm: 256.36314996681369
  CPU_sse: 1125.3241731291969
  CPU_fma: 3527.1173909116933
  CPU_avx: 2914.5016298839541
  CPU_avx512: 3034.9299132400383
  m_CPU_enc_SHA: 3378466496.4932947
  m_CPU_enc_AES: 2292533617.3026328
  m_CPU_enc_ECDSA: 1924740863.8723786
  ME_ALLOC_S: 999.29222494284306
  ME_READ_S: 27619.299999999999
  ME_READ_L: 26161.1328125
  ME_WRITE: 24345.666015625
  ME_LARGE: 7110.333333333333
  ME_LATENCY: 75.253764551210182
  ME_THREADED: 27425.5576171875
  SUMM_CPU: 3862.4054229456688
  SUMM_ME: 2062.8398232925524
SystemInformation:
  OSName: Ubuntu 24.04.4 LTS
  Kernel: 6.8.0-117-generic
  Device: ""
  Processor: "AMD EPYC 9T34 64-Core Processor                "
  NumSockets: 1
  Manufacturer: AuthenticAMD
  NumCores: 1
  NumLogicals: 2
  CPUFrequency: 0
  CPUMaxFrequency: 0
  Memory: 15323
  CPUInfo:
    number: 1
    Family: 15
    Model: 1
    stepping: 1
    features: 395049983
    manufacture: AuthenticAMD
    typestring: "AMD EPYC 9T34 64-Core Processor                "
    iCoresPerPackage: 1
    iThreadsPerPackage: 2
    featuresEx:
      - 395049983
      - 4277809667
      - 802421759
    bHybrid: false
    nPCore: 0
    nLogicalsPerPCore: 0
    nECore: 0
    nLogicalsPerECore: 0
  MemModuleInfo:
    iNumMemSticks: 1
    DIMM 1:
      manufacturer: Alibaba Cloud
      modulePartNo: Not Specified
      memType: RAM
      size: 16
      clkspeed: 0
      moduleVoltage: 0
Checksum: 41DEA738D3F83527C8F7BF0F162B01F22EDF0713