---
system-info:
      stress-ng-version: 0.17.08
      run-by: root
      date-yyyy-mm-dd: 2024:06:21
      time-hh-mm-ss: 08:50:51
      epoch-secs: 1718959851
      hostname: f6e6423076ea
      sysname: Linux
      nodename: f6e6423076ea
      release: 6.8.0-1008-gcp
      version: '#9-Ubuntu SMP Wed May 22 18:09:04 UTC 2024'
      machine: x86_64
      compiler: 'musl-gcc 13.2.1'
      uptime: 180
      totalram: 33652183040
      freeram: 28523655168
      sharedram: 36040704
      bufferram: 135495680
      totalswap: 0
      freeswap: 0
      pagesize: 4096
      cpus: 8
      cpus-online: 8
      ticks-per-second: 100

metrics:
    - stressor: cpu
      bogo-ops: 28135
      bogo-ops-per-second-usr-sys-time: 1406.896388
      bogo-ops-per-second-real-time: 1406.740861
      wall-clock-time: 20.000130
      user-time: 19.997919
      system-time: 0.000000
      cpu-usage-per-instance: 99.988945
      max-rss: 1104

...
