---
system-info:
      stress-ng-version: 0.17.08
      run-by: root
      date-yyyy-mm-dd: 2024:09:12
      time-hh-mm-ss: 14:38:24
      epoch-secs: 1726151904
      hostname: ip-172-31-7-63
      sysname: Linux
      nodename: ip-172-31-7-63
      release: 6.8.0-1014-aws
      version: '#15-Ubuntu SMP Thu Aug  8 19:13:06 UTC 2024'
      machine: x86_64
      compiler: 'musl-gcc 13.2.1'
      uptime: 302
      totalram: 3233837473792
      freeram: 3219356942336
      sharedram: 164786176
      bufferram: 223854592
      totalswap: 0
      freeswap: 0
      pagesize: 4096
      cpus: 224
      cpus-online: 224
      ticks-per-second: 100

metrics:
    - stressor: cpu
      bogo-ops: 3388741
      bogo-ops-per-second-usr-sys-time: 757.641984
      bogo-ops-per-second-real-time: 169436.094888
      wall-clock-time: 20.000113
      user-time: 4472.635194
      system-time: 0.111923
      cpu-usage-per-instance: 99.837543
      max-rss: 0

...
