---
system-info:
      stress-ng-version: 0.17.08
      run-by: root
      date-yyyy-mm-dd: 2024:09:07
      time-hh-mm-ss: 21:43:37
      epoch-secs: 1725745417
      hostname: ip-172-31-11-123
      sysname: Linux
      nodename: ip-172-31-11-123
      release: 6.8.0-1014-aws
      version: '#15-Ubuntu SMP Thu Aug  8 19:13:06 UTC 2024'
      machine: x86_64
      compiler: 'musl-gcc 13.2.1'
      uptime: 245
      totalram: 3233837522944
      freeram: 3220769992704
      sharedram: 164827136
      bufferram: 223416320
      totalswap: 0
      freeswap: 0
      pagesize: 4096
      cpus: 224
      cpus-online: 224
      ticks-per-second: 100

metrics:
    - stressor: cpu
      bogo-ops: 3391634
      bogo-ops-per-second-usr-sys-time: 758.148913
      bogo-ops-per-second-real-time: 169580.516838
      wall-clock-time: 20.000140
      user-time: 4473.449410
      system-time: 0.122920
      cpu-usage-per-instance: 99.855829
      max-rss: 0

...
