BaselineInfo:
  WebDBID: -1
  TimeStamp: 20260619013309
Version:
  Major: 11
  Minor: 0
  Build: 1004
  SpecialBuildName: ""
  ptArchitecture: x86_64_linux
Results:
  Results Complete: true
  NumTestProcesses: 52
  CPU_INTEGER_MATH: 151655.69233333331
  CPU_FLOATINGPOINT_MATH: 81484.998663426129
  CPU_PRIME: 147.82081326162913
  CPU_SORTING: 83274.753383426883
  CPU_ENCRYPTION: 20212.099255665908
  CPU_COMPRESSION: 682926.92060348042
  CPU_SINGLETHREAD: 1965.4731799536362
  CPU_PHYSICS: 2179.4196404617423
  CPU_MATRIX_MULT_SSE: 41702.083727796147
  CPU_mm: 4139.7231289915226
  CPU_sse: 15515.469432238317
  CPU_fma: 49450.110522331895
  CPU_avx: 35793.086012661806
  CPU_avx512: 66049.668943952667
  m_CPU_enc_SHA: 6640546720.4251966
  m_CPU_enc_AES: 50917914920.223701
  m_CPU_enc_ECDSA: 6023304926.6784973
  ME_ALLOC_S: 16583.546163783081
  ME_READ_S: 22531.352343750001
  ME_READ_L: 9945.0927734375
  ME_WRITE: 9535.55859375
  ME_LARGE: 82651.333333333328
  ME_LATENCY: 53.076475539083731
  ME_THREADED: 105183.14965820312
  SUMM_CPU: 36916.665716851145
  SUMM_ME: 2545.1109577107286
SystemInformation:
  OSName: Ubuntu 24.04.4 LTS
  Kernel: 6.8.0-117-generic
  Device: ""
  Processor: Intel(R) Xeon(R) Platinum 8269CY CPU @ 2.50GHz
  NumSockets: 1
  Manufacturer: GenuineIntel
  NumCores: 26
  NumLogicals: 52
  CPUFrequency: 0
  CPUMaxFrequency: 0
  Memory: 92971
  CPUInfo:
    number: 1
    Family: 6
    Model: 5
    stepping: 7
    features: 529267711
    manufacture: GenuineIntel
    typestring: Intel(R) Xeon(R) Platinum 8269CY CPU @ 2.50GHz
    iCoresPerPackage: 26
    iThreadsPerPackage: 2
    featuresEx:
      - 529267711
      - 4277809667
      - 739248128
    bHybrid: false
    nPCore: 0
    nLogicalsPerPCore: 0
    nECore: 0
    nLogicalsPerECore: 0
  MemModuleInfo:
    iNumMemSticks: 6
    DIMM 1:
      manufacturer: Alibaba Cloud
      modulePartNo: Not Specified
      memType: RAM
      size: 16
      clkspeed: 0
      moduleVoltage: 0
    DIMM 2:
      manufacturer: Alibaba Cloud
      modulePartNo: Not Specified
      memType: RAM
      size: 16
      clkspeed: 0
      moduleVoltage: 0
    DIMM 3:
      manufacturer: Alibaba Cloud
      modulePartNo: Not Specified
      memType: RAM
      size: 16
      clkspeed: 0
      moduleVoltage: 0
    DIMM 4:
      manufacturer: Alibaba Cloud
      modulePartNo: Not Specified
      memType: RAM
      size: 16
      clkspeed: 0
      moduleVoltage: 0
    DIMM 5:
      manufacturer: Alibaba Cloud
      modulePartNo: Not Specified
      memType: RAM
      size: 16
      clkspeed: 0
      moduleVoltage: 0
    DIMM 6:
      manufacturer: Alibaba Cloud
      modulePartNo: Not Specified
      memType: RAM
      size: 16
      clkspeed: 0
      moduleVoltage: 0
Checksum: 45C9222DC418582ED559A6D9954C40931C0A5B48