BaselineInfo:
  WebDBID: -1
  TimeStamp: 20241112110807
Version:
  Major: 11
  Minor: 0
  Build: 1002
  SpecialBuildName: ""
  ptArchitecture: aarch64_linux
Results:
  Results Complete: true
  NumTestProcesses: 4
  CPU_INTEGER_MATH: 25172.623999999996
  CPU_FLOATINGPOINT_MATH: 21120.556263244194
  CPU_PRIME: 54.504131099878414
  CPU_SORTING: 20607.023018928139
  CPU_ENCRYPTION: 750.00717728905261
  CPU_COMPRESSION: 27396.774986870711
  CPU_SINGLETHREAD: 1881.0912381787241
  CPU_PHYSICS: 1299.6668488434686
  CPU_MATRIX_MULT_SSE: 3573.5143515996128
  CPU_mm: 573.66261076934666
  CPU_sse: 3012.6851188401142
  CPU_fma: 4134.3435843591114
  CPU_avx: 0
  CPU_avx512: 0
  m_CPU_enc_SHA: 1099529388.071383
  m_CPU_enc_AES: 482960288.2282815
  m_CPU_enc_ECDSA: 776828901.49947226
  ME_ALLOC_S: 5034.9405660908615
  ME_READ_S: 25364.2080078125
  ME_READ_L: 18872.796875
  ME_WRITE: 25721.8828125
  ME_LARGE: 21979.166666666668
  ME_LATENCY: 54.105735485805276
  ME_THREADED: 73440.251953125
  SUMM_CPU: 4000.7281041373449
  SUMM_ME: 2966.1543661759611
SystemInformation:
  OSName: Ubuntu 24.04.1 LTS
  Kernel: 6.8.0-1017-azure
  Device: ""
  Processor: ARM Neoverse-N2 4 Core 0 MHz
  NumSockets: 1
  Manufacturer: ARM
  NumCores: 4
  NumLogicals: 4
  CPUFrequency: 0
  Memory: 32030
Checksum: 02A78085B4AC1B1BD53F5F3AB410B80BB5130486