BaselineInfo:
  WebDBID: -1
  TimeStamp: 20241115154915
Version:
  Major: 11
  Minor: 0
  Build: 1002
  SpecialBuildName: ""
  ptArchitecture: x86_64_linux
Results:
  Results Complete: true
  NumTestProcesses: 2
  CPU_INTEGER_MATH: 5606.018
  CPU_FLOATINGPOINT_MATH: 3018.2567444240303
  CPU_PRIME: 7.5873470876808922
  CPU_SORTING: 2958.8617068206554
  CPU_ENCRYPTION: 772.46027279476505
  CPU_COMPRESSION: 25032.856715511694
  CPU_SINGLETHREAD: 1452.6290751395557
  CPU_PHYSICS: 206.5749922628701
  CPU_MATRIX_MULT_SSE: 1462.5875332978824
  CPU_mm: 170.61305461468766
  CPU_sse: 608.06713384228624
  CPU_fma: 1817.3911798243585
  CPU_avx: 1285.2093299780963
  CPU_avx512: 2139.6824895467889
  m_CPU_enc_SHA: 254041976.18611649
  m_CPU_enc_AES: 1950923020.0963514
  m_CPU_enc_ECDSA: 224984912.73566294
  ME_ALLOC_S: 527.88357818833265
  ME_READ_S: 19299.15478515625
  ME_READ_L: 6674.43798828125
  ME_WRITE: 6522.802734375
  ME_LARGE: 573.91666666666663
  ME_LATENCY: 76.72764502103324
  ME_THREADED: 10161.8095703125
  SUMM_CPU: 1939.3665836185594
  SUMM_ME: 766.29890108389816
SystemInformation:
  OSName: Ubuntu 24.04.1 LTS
  Kernel: 6.8.0-1018-aws
  Device: ""
  Processor: Intel Xeon Platinum 8259CL CPU @ 2.50GHz
  NumSockets: 1
  Manufacturer: GenuineIntel
  NumCores: 1
  NumLogicals: 2
  CPUFrequency: 0
  Memory: 7820
  MemModuleInfo:
    iNumMemSticks: 1
    DIMM 1:
      manufacturer: Not Specified
      modulePartNo: Not Specified
      memType: DDR4
      size: 8
      clkspeed: 1333
      moduleVoltage: 0
Checksum: B1B4274C2C2A33ADBE4F3530812FE86A99BC57BD