BaselineInfo:
  WebDBID: -1
  TimeStamp: 20241114232829
Version:
  Major: 11
  Minor: 0
  Build: 1002
  SpecialBuildName: ""
  ptArchitecture: x86_64_linux
Results:
  Results Complete: true
  NumTestProcesses: 2
  CPU_INTEGER_MATH: 5628.241
  CPU_FLOATINGPOINT_MATH: 3018.9149549746353
  CPU_PRIME: 9.7909363315346294
  CPU_SORTING: 2947.8657449588873
  CPU_ENCRYPTION: 771.11843219834464
  CPU_COMPRESSION: 24990.524756834082
  CPU_SINGLETHREAD: 1530.9533164856268
  CPU_PHYSICS: 211.62532208037612
  CPU_MATRIX_MULT_SSE: 1420.2986424027781
  CPU_mm: 169.98321157722756
  CPU_sse: 615.19269067118103
  CPU_fma: 1817.6353332140388
  CPU_avx: 1284.2649613196659
  CPU_avx512: 1964.1015844062265
  m_CPU_enc_SHA: 254238540.95871937
  m_CPU_enc_AES: 1947935935.592135
  m_CPU_enc_ECDSA: 223554366.93157995
  ME_ALLOC_S: 543.00756973347734
  ME_READ_S: 19868.764062499999
  ME_READ_L: 5848.375
  ME_WRITE: 6704.56103515625
  ME_LARGE: 665
  ME_LATENCY: 78.883177514544442
  ME_THREADED: 9934.73095703125
  SUMM_CPU: 1960.9407894340527
  SUMM_ME: 802.09502409799143
SystemInformation:
  OSName: Ubuntu 24.04.1 LTS
  Kernel: 6.8.0-1018-aws
  Device: ""
  Processor: Intel Xeon Platinum 8259CL CPU @ 2.50GHz
  NumSockets: 1
  Manufacturer: GenuineIntel
  NumCores: 1
  NumLogicals: 2
  CPUFrequency: 0
  Memory: 7820
  MemModuleInfo:
    iNumMemSticks: 1
    DIMM 1:
      manufacturer: Not Specified
      modulePartNo: Not Specified
      memType: DDR4
      size: 8
      clkspeed: 1466
      moduleVoltage: 0
Checksum: F31BDE7432D522A094F6EF1BA5D7DD98BA544B68