BaselineInfo:
  WebDBID: -1
  TimeStamp: 20241106204222
Version:
  Major: 11
  Minor: 0
  Build: 1002
  SpecialBuildName: ""
  ptArchitecture: x86_64_linux
Results:
  Results Complete: true
  NumTestProcesses: 2
  CPU_INTEGER_MATH: 5551.0640000000003
  CPU_FLOATINGPOINT_MATH: 3015.3718888873436
  CPU_PRIME: 7.4138002963964995
  CPU_SORTING: 2932.2670382557549
  CPU_ENCRYPTION: 768.90887260722116
  CPU_COMPRESSION: 24848.280315931748
  CPU_SINGLETHREAD: 1493.7090403470613
  CPU_PHYSICS: 201.36734306461801
  CPU_MATRIX_MULT_SSE: 1427.4916354096715
  CPU_mm: 170.46958689284537
  CPU_sse: 613.37408220183363
  CPU_fma: 1817.4048345299534
  CPU_avx: 1283.801214438573
  CPU_avx512: 1995.3864104683262
  m_CPU_enc_SHA: 254180578.3875367
  m_CPU_enc_AES: 1940220088.0963233
  m_CPU_enc_ECDSA: 224377503.52510917
  ME_ALLOC_S: 488.9520876789403
  ME_READ_S: 16321.94384765625
  ME_READ_L: 5694.01025390625
  ME_WRITE: 6487.875
  ME_LARGE: 636.58333333333337
  ME_LATENCY: 79.53432654376401
  ME_THREADED: 10112.3291015625
  SUMM_CPU: 1921.3287444288858
  SUMM_ME: 765.47323737604597
SystemInformation:
  OSName: Ubuntu 24.04.1 LTS
  Kernel: 6.8.0-1016-aws
  Device: ""
  Processor: Intel Xeon Platinum 8259CL CPU @ 2.50GHz
  NumSockets: 1
  Manufacturer: GenuineIntel
  NumCores: 1
  NumLogicals: 2
  CPUFrequency: 0
  Memory: 7820
  MemModuleInfo:
    iNumMemSticks: 1
    DIMM 1:
      manufacturer: Not Specified
      modulePartNo: Not Specified
      memType: DDR4
      size: 8
      clkspeed: 1466
      moduleVoltage: 0
Checksum: 8024E6CFC033EDED6C52D8753AE6C118F8B90FEF