---
system-info:
      stress-ng-version: 0.17.08
      run-by: root
      date-yyyy-mm-dd: 2024:08:30
      time-hh-mm-ss: 20:12:41
      epoch-secs: 1725048761
      hostname: sc-runner
      sysname: Linux
      nodename: sc-runner
      release: 6.8.0-1013-azure
      version: '#15-Ubuntu SMP Thu Aug  8 18:40:40 UTC 2024'
      machine: x86_64
      compiler: 'musl-gcc 13.2.1'
      uptime: 382
      totalram: 33653035008
      freeram: 25188614144
      sharedram: 38100992
      bufferram: 207237120
      totalswap: 0
      freeswap: 0
      pagesize: 4096
      cpus: 2
      cpus-online: 2
      ticks-per-second: 100

metrics:
    - stressor: cpu
      bogo-ops: 53975
      bogo-ops-per-second-usr-sys-time: 1360.931143
      bogo-ops-per-second-real-time: 2698.738000
      wall-clock-time: 20.000089
      user-time: 39.640390
      system-time: 0.019956
      cpu-usage-per-instance: 99.150424
      max-rss: 3252

...
