---
system-info:
      stress-ng-version: 0.17.08
      run-by: root
      date-yyyy-mm-dd: 2024:07:12
      time-hh-mm-ss: 14:39:00
      epoch-secs: 1720795140
      hostname: ip-172-31-24-133
      sysname: Linux
      nodename: ip-172-31-24-133
      release: 6.8.0-1010-aws
      version: '#10-Ubuntu SMP Thu Jun 13 17:36:15 UTC 2024'
      machine: x86_64
      compiler: 'musl-gcc 13.2.1'
      uptime: 352
      totalram: 781895081984
      freeram: 771831558144
      sharedram: 72994816
      bufferram: 133242880
      totalswap: 0
      freeswap: 0
      pagesize: 4096
      cpus: 192
      cpus-online: 192
      ticks-per-second: 100

metrics:
    - stressor: cpu
      bogo-ops: 5729570
      bogo-ops-per-second-usr-sys-time: 1493.564686
      bogo-ops-per-second-real-time: 286477.537161
      wall-clock-time: 20.000067
      user-time: 3836.092373
      system-time: 0.078938
      cpu-usage-per-instance: 99.899959
      max-rss: 0

...
