---
system-info:
      stress-ng-version: 0.17.08
      run-by: root
      date-yyyy-mm-dd: 2024:09:15
      time-hh-mm-ss: 20:07:03
      epoch-secs: 1726430823
      hostname: sc-runner
      sysname: Linux
      nodename: sc-runner
      release: 6.8.0-1014-azure
      version: '#16-Ubuntu SMP Thu Aug 15 20:04:41 UTC 2024'
      machine: x86_64
      compiler: 'musl-gcc 13.2.1'
      uptime: 319
      totalram: 8322961408
      freeram: 176132096
      sharedram: 54882304
      bufferram: 207962112
      totalswap: 0
      freeswap: 0
      pagesize: 4096
      cpus: 1
      cpus-online: 1
      ticks-per-second: 100

metrics:
    - stressor: cpu
      bogo-ops: 37320
      bogo-ops-per-second-usr-sys-time: 1896.608319
      bogo-ops-per-second-real-time: 1865.994061
      wall-clock-time: 20.000064
      user-time: 19.664338
      system-time: 0.012893
      cpu-usage-per-instance: 98.385842
      max-rss: 3256

...
