BaselineInfo:
  WebDBID: -1
  TimeStamp: 20260404001329
Version:
  Major: 11
  Minor: 0
  Build: 1004
  SpecialBuildName: ""
  ptArchitecture: x86_64_linux
Results:
  Results Complete: true
  NumTestProcesses: 4
  CPU_INTEGER_MATH: 16777.134333333332
  CPU_FLOATINGPOINT_MATH: 8579.5055432118916
  CPU_PRIME: 36.376348610026568
  CPU_SORTING: 8854.6303986527346
  CPU_ENCRYPTION: 3658.3027363544488
  CPU_COMPRESSION: 63012.929164127665
  CPU_SINGLETHREAD: 2360.6897372561207
  CPU_PHYSICS: 707.59091195576707
  CPU_MATRIX_MULT_SSE: 3416.1758506757178
  CPU_mm: 361.87992393249925
  CPU_sse: 1577.8241259135043
  CPU_fma: 4369.3325058747778
  CPU_avx: 3233.0363608046268
  CPU_avx512: 4484.5104101099614
  m_CPU_enc_SHA: 3687271698.6623306
  m_CPU_enc_AES: 5536944565.2365952
  m_CPU_enc_ECDSA: 2283809086.3278828
  ME_ALLOC_S: 2032.1629604273498
  ME_READ_S: 24098.924218749999
  ME_READ_L: 11454.83203125
  ME_WRITE: 10535.0986328125
  ME_LARGE: 1879
  ME_LATENCY: 55.14812292758706
  ME_THREADED: 29951.4501953125
  SUMM_CPU: 5875.4357939516931
  SUMM_ME: 1675.0989008855961
SystemInformation:
  OSName: Ubuntu 24.04.4 LTS
  Kernel: 6.8.0-106-generic
  Device: ""
  Processor: Intel(R) Xeon(R) Platinum 8369B CPU @ 2.90GHz
  NumSockets: 1
  Manufacturer: GenuineIntel
  NumCores: 2
  NumLogicals: 4
  CPUFrequency: 0
  CPUMaxFrequency: 0
  Memory: 7270
  CPUInfo:
    number: 1
    Family: 6
    Model: 10
    stepping: 6
    features: 529267711
    manufacture: GenuineIntel
    typestring: Intel(R) Xeon(R) Platinum 8369B CPU @ 2.90GHz
    iCoresPerPackage: 2
    iThreadsPerPackage: 2
    featuresEx:
      - 529267711
      - 4277809667
      - 739248128
    bHybrid: false
    nPCore: 0
    nLogicalsPerPCore: 0
    nECore: 0
    nLogicalsPerECore: 0
  MemModuleInfo:
    iNumMemSticks: 1
    DIMM 1:
      manufacturer: Alibaba Cloud
      modulePartNo: Not Specified
      memType: RAM
      size: 8
      clkspeed: 0
      moduleVoltage: 0
Checksum: 1D8EA891B05860FCC1AF453F2ABDB9547A6AE315