---
system-info:
      stress-ng-version: 0.17.08
      run-by: root
      date-yyyy-mm-dd: 2024:07:02
      time-hh-mm-ss: 10:42:23
      epoch-secs: 1719916943
      hostname: c3-standard-22-lssd-4ab9d61
      sysname: Linux
      nodename: c3-standard-22-lssd-4ab9d61
      release: 6.8.0-1009-gcp
      version: '#10-Ubuntu SMP Wed Jun 12 18:52:23 UTC 2024'
      machine: x86_64
      compiler: 'musl-gcc 13.2.1'
      uptime: 115
      totalram: 92785803264
      freeram: 87470804992
      sharedram: 111706112
      bufferram: 126525440
      totalswap: 0
      freeswap: 0
      pagesize: 4096
      cpus: 22
      cpus-online: 22
      ticks-per-second: 100

metrics:
    - stressor: cpu
      bogo-ops: 366326
      bogo-ops-per-second-usr-sys-time: 833.074976
      bogo-ops-per-second-real-time: 18316.213704
      wall-clock-time: 20.000094
      user-time: 439.709534
      system-time: 0.017994
      cpu-usage-per-instance: 99.937604
      max-rss: 1060

...
