BaselineInfo:
  WebDBID: -1
  TimeStamp: 20241108203635
Version:
  Major: 11
  Minor: 0
  Build: 1002
  SpecialBuildName: ""
  ptArchitecture: x86_64_linux
Results:
  Results Complete: true
  NumTestProcesses: 32
  CPU_INTEGER_MATH: 90841.612666666668
  CPU_FLOATINGPOINT_MATH: 48659.650377664999
  CPU_PRIME: 128.75341872755112
  CPU_SORTING: 47120.840397950131
  CPU_ENCRYPTION: 12448.468900171922
  CPU_COMPRESSION: 390583.32407329947
  CPU_SINGLETHREAD: 1812.5551053872962
  CPU_PHYSICS: 2274.7036213454094
  CPU_MATRIX_MULT_SSE: 24665.423411751432
  CPU_mm: 2762.2442174655639
  CPU_sse: 9800.4772469629406
  CPU_fma: 29311.651055297178
  CPU_avx: 20705.685272464521
  CPU_avx512: 38843.880072281092
  m_CPU_enc_SHA: 4093757429.0416927
  m_CPU_enc_AES: 31414924626.133011
  m_CPU_enc_ECDSA: 3650815121.2253203
  ME_ALLOC_S: 10434.185927493205
  ME_READ_S: 22147.738671874999
  ME_READ_L: 9996.228515625
  ME_WRITE: 9858.4072265625
  ME_LARGE: 116544.66666666667
  ME_LATENCY: 54.571552279310474
  ME_THREADED: 107595.1201171875
  SUMM_CPU: 25371.432099125464
  SUMM_ME: 2517.5156249362735
SystemInformation:
  OSName: Ubuntu 24.04.1 LTS
  Kernel: 6.8.0-1016-aws
  Device: ""
  Processor: Intel Xeon Platinum 8259CL CPU @ 2.50GHz
  NumSockets: 1
  Manufacturer: GenuineIntel
  NumCores: 16
  NumLogicals: 32
  CPUFrequency: 0
  Memory: 127426
  MemModuleInfo:
    iNumMemSticks: 1
    DIMM 1:
      manufacturer: Not Specified
      modulePartNo: Not Specified
      memType: DDR4
      size: 128
      clkspeed: 1600
      moduleVoltage: 0
Checksum: E05B216749A57B9E8145A4F68C29F315C99D7355