---
system-info:
      stress-ng-version: 0.17.08
      run-by: root
      date-yyyy-mm-dd: 2024:09:16
      time-hh-mm-ss: 18:40:42
      epoch-secs: 1726512042
      hostname: sc-runner
      sysname: Linux
      nodename: sc-runner
      release: 6.8.0-1014-azure
      version: '#16-Ubuntu SMP Thu Aug 15 20:04:41 UTC 2024'
      machine: x86_64
      compiler: 'musl-gcc 13.2.1'
      uptime: 343
      totalram: 67421302784
      freeram: 57115844608
      sharedram: 57229312
      bufferram: 243425280
      totalswap: 0
      freeswap: 0
      pagesize: 4096
      cpus: 16
      cpus-online: 16
      ticks-per-second: 100

metrics:
    - stressor: cpu
      bogo-ops: 157995
      bogo-ops-per-second-usr-sys-time: 494.969432
      bogo-ops-per-second-real-time: 7899.675487
      wall-clock-time: 20.000189
      user-time: 319.148455
      system-time: 0.053075
      cpu-usage-per-instance: 99.749537
      max-rss: 1104

...
