---
system-info:
      stress-ng-version: 0.17.08
      run-by: root
      date-yyyy-mm-dd: 2024:09:05
      time-hh-mm-ss: 17:07:00
      epoch-secs: 1725556020
      hostname: sc-runner
      sysname: Linux
      nodename: sc-runner
      release: 6.8.0-1013-azure
      version: '#15-Ubuntu SMP Thu Aug  8 18:40:40 UTC 2024'
      machine: x86_64
      compiler: 'musl-gcc 13.2.1'
      uptime: 366
      totalram: 67421315072
      freeram: 58661724160
      sharedram: 42295296
      bufferram: 232017920
      totalswap: 0
      freeswap: 0
      pagesize: 4096
      cpus: 16
      cpus-online: 16
      ticks-per-second: 100

metrics:
    - stressor: cpu
      bogo-ops: 216214
      bogo-ops-per-second-usr-sys-time: 677.024676
      bogo-ops-per-second-real-time: 10810.619954
      wall-clock-time: 20.000148
      user-time: 319.317090
      system-time: 0.042023
      cpu-usage-per-instance: 99.798984
      max-rss: 3152

...
