BaselineInfo:
  WebDBID: -1
  TimeStamp: 20241109104626
Version:
  Major: 11
  Minor: 0
  Build: 1002
  SpecialBuildName: ""
  ptArchitecture: x86_64_linux
Results:
  Results Complete: true
  NumTestProcesses: 96
  CPU_INTEGER_MATH: 553911.4463333335
  CPU_FLOATINGPOINT_MATH: 447646.88117825607
  CPU_PRIME: 1594.5757098184306
  CPU_SORTING: 310459.43674667942
  CPU_ENCRYPTION: 119294.42963084148
  CPU_COMPRESSION: 2258676.4857962951
  CPU_SINGLETHREAD: 2641.551087436791
  CPU_PHYSICS: 20339.580047651969
  CPU_MATRIX_MULT_SSE: 162348.83231030262
  CPU_mm: 18373.807786751007
  CPU_sse: 77765.28500746112
  CPU_fma: 229551.07441061843
  CPU_avx: 179730.1375128284
  CPU_avx512: 0
  m_CPU_enc_SHA: 167656799153.02347
  m_CPU_enc_AES: 106149495215.50809
  m_CPU_enc_ECDSA: 101461533165.23611
  ME_ALLOC_S: 30251.85640781383
  ME_READ_S: 26489.823046875001
  ME_READ_L: 17708.568359375
  ME_WRITE: 17255.30859375
  ME_LARGE: 365081
  ME_LATENCY: 61.404057931682161
  ME_THREADED: 260902.03234863281
  SUMM_CPU: 105393.73422734906
  SUMM_ME: 2995.6186520368274
SystemInformation:
  OSName: Ubuntu 24.04.1 LTS
  Kernel: 6.8.0-1016-aws
  Device: ""
  Processor: AMD EPYC 7R13 Processor
  NumSockets: 2
  Manufacturer: AuthenticAMD
  NumCores: 96
  NumLogicals: 96
  CPUFrequency: 0
  Memory: 378729
  MemModuleInfo:
    iNumMemSticks: 4
    DIMM 1:
      manufacturer: Not Specified
      modulePartNo: Not Specified
      memType: DDR4
      size: 96
      clkspeed: 1466
      moduleVoltage: 0
    DIMM 2:
      manufacturer: Not Specified
      modulePartNo: Not Specified
      memType: DDR4
      size: 96
      clkspeed: 1466
      moduleVoltage: 0
    DIMM 3:
      manufacturer: Not Specified
      modulePartNo: Not Specified
      memType: DDR4
      size: 96
      clkspeed: 1466
      moduleVoltage: 0
    DIMM 4:
      manufacturer: Not Specified
      modulePartNo: Not Specified
      memType: DDR4
      size: 96
      clkspeed: 1466
      moduleVoltage: 0
Checksum: 9E89FC5664DE985FDBBCE259922D01D93AC15F3A