---
system-info:
      stress-ng-version: 0.17.08
      run-by: root
      date-yyyy-mm-dd: 2024:06:12
      time-hh-mm-ss: 19:18:58
      epoch-secs: 1718219938
      hostname: e18c64c40942
      sysname: Linux
      nodename: e18c64c40942
      release: 6.8.0-1008-aws
      version: '#8-Ubuntu SMP Sat Apr 20 00:46:25 UTC 2024'
      machine: x86_64
      compiler: 'musl-gcc 13.2.1'
      uptime: 153
      totalram: 66675503104
      freeram: 62152437760
      sharedram: 20135936
      bufferram: 112820224
      totalswap: 0
      freeswap: 0
      pagesize: 4096
      cpus: 32
      cpus-online: 32
      ticks-per-second: 100

metrics:
    - stressor: cpu
      bogo-ops: 15350
      bogo-ops-per-second-usr-sys-time: 767.493553
      bogo-ops-per-second-real-time: 767.493376
      wall-clock-time: 20.000173
      user-time: 19.999169
      system-time: 0.000999
      cpu-usage-per-instance: 99.999977
      max-rss: 1032

...
