---
system-info:
      stress-ng-version: 0.17.08
      run-by: root
      date-yyyy-mm-dd: 2024:06:05
      time-hh-mm-ss: 17:14:04
      epoch-secs: 1717607644
      hostname: 5ee01077ce40
      sysname: Linux
      nodename: 5ee01077ce40
      release: 6.8.0-1008-aws
      version: '#8-Ubuntu SMP Sat Apr 20 00:46:25 UTC 2024'
      machine: x86_64
      compiler: 'musl-gcc 13.2.1'
      uptime: 150
      totalram: 66675499008
      freeram: 62446735360
      sharedram: 20135936
      bufferram: 78565376
      totalswap: 0
      freeswap: 0
      pagesize: 4096
      cpus: 32
      cpus-online: 32
      ticks-per-second: 100

metrics:
    - stressor: cpu
      bogo-ops: 13953
      bogo-ops-per-second-usr-sys-time: 1395.216008
      bogo-ops-per-second-real-time: 1395.177523
      wall-clock-time: 10.000878
      user-time: 9.999603
      system-time: 0.000999
      cpu-usage-per-instance: 99.997242
      max-rss: 3848

...
