---
system-info:
      stress-ng-version: 0.17.08
      run-by: root
      date-yyyy-mm-dd: 2024:06:12
      time-hh-mm-ss: 16:26:56
      epoch-secs: 1718209616
      hostname: 689c2f1be687
      sysname: Linux
      nodename: 689c2f1be687
      release: 6.8.0-1008-aws
      version: '#8-Ubuntu SMP Sat Apr 20 00:46:25 UTC 2024'
      machine: x86_64
      compiler: 'musl-gcc 13.2.1'
      uptime: 165
      totalram: 66675499008
      freeram: 62178926592
      sharedram: 20135936
      bufferram: 112676864
      totalswap: 0
      freeswap: 0
      pagesize: 4096
      cpus: 32
      cpus-online: 32
      ticks-per-second: 100

metrics:
    - stressor: cpu
      bogo-ops: 31527
      bogo-ops-per-second-usr-sys-time: 1576.430871
      bogo-ops-per-second-real-time: 1576.342483
      wall-clock-time: 20.000095
      user-time: 19.997975
      system-time: 0.000999
      cpu-usage-per-instance: 99.994393
      max-rss: 776

...
