---
system-info:
      stress-ng-version: 0.17.08
      run-by: root
      date-yyyy-mm-dd: 2024:06:06
      time-hh-mm-ss: 14:55:48
      epoch-secs: 1717685748
      hostname: ee641f5fe966
      sysname: Linux
      nodename: ee641f5fe966
      release: 6.8.0-1008-aws
      version: '#8-Ubuntu SMP Sat Apr 20 02:43:14 UTC 2024'
      machine: aarch64
      compiler: 'musl-gcc 13.2.1'
      uptime: 123
      totalram: 66195951616
      freeram: 61852143616
      sharedram: 34959360
      bufferram: 83918848
      totalswap: 0
      freeswap: 0
      pagesize: 4096
      cpus: 32
      cpus-online: 32
      ticks-per-second: 100

metrics:
    - stressor: cpu
      bogo-ops: 4267
      bogo-ops-per-second-usr-sys-time: 424.820086
      bogo-ops-per-second-real-time: 424.824426
      wall-clock-time: 10.044149
      user-time: 10.043253
      system-time: 0.000999
      cpu-usage-per-instance: 100.001022
      max-rss: 3840

...
