---
system-info:
      stress-ng-version: 0.17.08
      run-by: root
      date-yyyy-mm-dd: 2024:06:14
      time-hh-mm-ss: 08:25:25
      epoch-secs: 1718353525
      hostname: 8081d64ac253
      sysname: Linux
      nodename: 8081d64ac253
      release: 6.8.0-1008-aws
      version: '#8-Ubuntu SMP Sat Apr 20 02:43:14 UTC 2024'
      machine: aarch64
      compiler: 'musl-gcc 13.2.1'
      uptime: 137
      totalram: 66195955712
      freeram: 61612908544
      sharedram: 34951168
      bufferram: 107577344
      totalswap: 0
      freeswap: 0
      pagesize: 4096
      cpus: 32
      cpus-online: 32
      ticks-per-second: 100

metrics:
    - stressor: cpu
      bogo-ops: 30643
      bogo-ops-per-second-usr-sys-time: 1532.134142
      bogo-ops-per-second-real-time: 1532.140703
      wall-clock-time: 20.000121
      user-time: 20.000207
      system-time: 0.000000
      cpu-usage-per-instance: 100.000428
      max-rss: 1024

...
