---
system-info:
      stress-ng-version: 0.17.08
      run-by: root
      date-yyyy-mm-dd: 2024:07:02
      time-hh-mm-ss: 06:52:43
      epoch-secs: 1719903163
      hostname: t2d-standard-32-ec623ae
      sysname: Linux
      nodename: t2d-standard-32-ec623ae
      release: 6.8.0-1009-gcp
      version: '#10-Ubuntu SMP Wed Jun 12 18:52:23 UTC 2024'
      machine: x86_64
      compiler: 'musl-gcc 13.2.1'
      uptime: 167
      totalram: 135061852160
      freeram: 129565491200
      sharedram: 35065856
      bufferram: 127344640
      totalswap: 0
      freeswap: 0
      pagesize: 4096
      cpus: 32
      cpus-online: 32
      ticks-per-second: 100

metrics:
    - stressor: cpu
      bogo-ops: 53953
      bogo-ops-per-second-usr-sys-time: 2697.639479
      bogo-ops-per-second-real-time: 2697.633053
      wall-clock-time: 20.000126
      user-time: 20.000078
      system-time: 0.000000
      cpu-usage-per-instance: 99.999762
      max-rss: 1032

...
