---
system-info:
      stress-ng-version: 0.17.08
      run-by: root
      date-yyyy-mm-dd: 2024:06:06
      time-hh-mm-ss: 20:56:38
      epoch-secs: 1717707398
      hostname: 51c615ed466a
      sysname: Linux
      nodename: 51c615ed466a
      release: 6.8.0-1008-aws
      version: '#8-Ubuntu SMP Sat Apr 20 00:46:25 UTC 2024'
      machine: x86_64
      compiler: 'musl-gcc 13.2.1'
      uptime: 157
      totalram: 66681188352
      freeram: 62315274240
      sharedram: 40878080
      bufferram: 86986752
      totalswap: 0
      freeswap: 0
      pagesize: 4096
      cpus: 16
      cpus-online: 16
      ticks-per-second: 100

metrics:
    - stressor: cpu
      bogo-ops: 13900
      bogo-ops-per-second-usr-sys-time: 1389.903819
      bogo-ops-per-second-real-time: 1389.902276
      wall-clock-time: 10.000703
      user-time: 9.999693
      system-time: 0.000999
      cpu-usage-per-instance: 99.999889
      max-rss: 4048

...
