---
system-info:
      stress-ng-version: 0.17.08
      run-by: root
      date-yyyy-mm-dd: 2024:06:14
      time-hh-mm-ss: 13:03:15
      epoch-secs: 1718370195
      hostname: 278c065408d2
      sysname: Linux
      nodename: 278c065408d2
      release: 6.8.0-1008-aws
      version: '#8-Ubuntu SMP Sat Apr 20 00:46:25 UTC 2024'
      machine: x86_64
      compiler: 'musl-gcc 13.2.1'
      uptime: 147
      totalram: 66681196544
      freeram: 62151274496
      sharedram: 40878080
      bufferram: 108670976
      totalswap: 0
      freeswap: 0
      pagesize: 4096
      cpus: 16
      cpus-online: 16
      ticks-per-second: 100

metrics:
    - stressor: cpu
      bogo-ops: 26521
      bogo-ops-per-second-usr-sys-time: 1326.045558
      bogo-ops-per-second-real-time: 1326.041211
      wall-clock-time: 20.000133
      user-time: 20.000067
      system-time: 0.000000
      cpu-usage-per-instance: 99.999672
      max-rss: 1104

...
