BaselineInfo:
  WebDBID: -1
  TimeStamp: 20241110165658
Version:
  Major: 11
  Minor: 0
  Build: 1002
  SpecialBuildName: ""
  ptArchitecture: x86_64_linux
Results:
  Results Complete: true
  NumTestProcesses: 128
  CPU_INTEGER_MATH: 661619.81900000013
  CPU_FLOATINGPOINT_MATH: 470812.26330886042
  CPU_PRIME: 757.17655864737776
  CPU_SORTING: 304511.92648352677
  CPU_ENCRYPTION: 144753.58636719434
  CPU_COMPRESSION: 2311630.1346355341
  CPU_SINGLETHREAD: 3163.3476112230928
  CPU_PHYSICS: 14341.158938093589
  CPU_MATRIX_MULT_SSE: 165388.35495983387
  CPU_mm: 17715.889114834084
  CPU_sse: 75040.4139025435
  CPU_fma: 182422.41108712187
  CPU_avx: 151448.62315265488
  CPU_avx512: 252641.97169701534
  m_CPU_enc_SHA: 154295057808.90668
  m_CPU_enc_AES: 198026142279.96939
  m_CPU_enc_ECDSA: 103034209646.82552
  ME_ALLOC_S: 35513.04766719653
  ME_READ_S: 27930.421679687501
  ME_READ_L: 10836.7431640625
  ME_WRITE: 9336.7099609375
  ME_LARGE: 1001386.9166666666
  ME_LATENCY: 70.120411680718746
  ME_THREADED: 473644.2177734375
  SUMM_CPU: 116619.91356598963
  SUMM_ME: 2451.7999008787765
SystemInformation:
  OSName: Ubuntu 24.04.1 LTS
  Kernel: 6.8.0-1016-aws
  Device: ""
  Processor: Intel Xeon Gold 6455B
  NumSockets: 2
  Manufacturer: GenuineIntel
  NumCores: 64
  NumLogicals: 128
  CPUFrequency: 0
  Memory: 1015774
  MemModuleInfo:
    iNumMemSticks: 2
    DIMM 1:
      manufacturer: Not Specified
      modulePartNo: Not Specified
      memType: DDR5
      size: 512
      clkspeed: 2400
      moduleVoltage: 0
    DIMM 2:
      manufacturer: Not Specified
      modulePartNo: Not Specified
      memType: DDR5
      size: 512
      clkspeed: 2400
      moduleVoltage: 0
Checksum: 64898DD7CBE7C19C97F73AA3BAAB8C7353E80B1D