size_kb,operation,bandwidth_mb_s,latency_ns,latency_stddev_ns,latency_samples,threads,iterations,elapsed_s
32,read,3746844.36,0,0,0,48,523012,0.209381
32,write,3762370.16,0,0,0,48,505050,0.201356
32,copy,3667463.54,0,0,0,48,474383,0.194024
32,latency,0,1.93,0.06,7,1,7,0.280519
128,read,2661828.57,0,0,0,48,99206,0.223619
128,write,3753614.93,0,0,0,48,144009,0.230192
128,copy,2577380.97,0,0,0,48,92971,0.216431
128,latency,0,3.38,0.00,7,1,7,0.701523
512,read,2404415.37,0,0,0,48,29422,0.293680
512,write,3730499.99,0,0,0,48,38568,0.248125
512,copy,826663.82,0,0,0,48,21741,0.631192
512,latency,0,5.30,0.00,7,1,7,0.706511
1024,read,1300861.83,0,0,0,48,12178,0.449351
1024,write,1313705.66,0,0,0,48,18912,0.691004
1024,copy,307914.95,0,0,0,48,8535,1.330497
1024,latency,0,9.98,0.04,7,1,7,0.618926
2048,read,494217.65,0,0,0,48,4886,0.949088
2048,write,491982.64,0,0,0,48,8955,1.747379
2048,copy,165434.63,0,0,0,48,3380,1.961379
2048,latency,0,22.36,0.03,7,1,7,0.669853
8192,read,280958.93,0,0,0,48,888,1.213672
8192,write,269767.84,0,0,0,48,2023,2.879632
8192,copy,120205.68,0,0,0,48,757,2.418255
8192,latency,0,29.11,0.01,7,1,7,0.707953
16384,read,263653.71,0,0,0,48,451,1.313723
16384,write,253121.54,0,0,0,48,995,3.018945
16384,copy,117540.67,0,0,0,48,286,1.868698
16384,latency,0,30.39,0.02,7,1,7,0.811925
32768,read,253610.25,0,0,0,48,179,1.084120
32768,write,243728.06,0,0,0,48,486,3.062823
32768,copy,117231.18,0,0,0,48,199,2.607361
32768,latency,0,36.80,1.60,7,1,7,0.890170
65536,read,249211.70,0,0,0,48,106,1.306648
65536,write,241556.45,0,0,0,48,234,2.975901
65536,copy,117090.41,0,0,0,48,97,2.544905
65536,latency,0,84.86,1.45,7,1,7,3.882647
131072,read,246871.34,0,0,0,48,53,1.319035
131072,write,239859.81,0,0,0,48,116,2.971336
131072,copy,117116.70,0,0,0,48,49,2.570564
131072,latency,0,102.12,0.19,7,1,7,9.243607
