---
system-info:
      stress-ng-version: 0.17.08
      run-by: root
      date-yyyy-mm-dd: 2024:09:20
      time-hh-mm-ss: 04:41:20
      epoch-secs: 1726807280
      hostname: sc-runner
      sysname: Linux
      nodename: sc-runner
      release: 6.8.0-1014-azure
      version: '#16-Ubuntu SMP Thu Aug 15 20:04:41 UTC 2024'
      machine: x86_64
      compiler: 'musl-gcc 13.2.1'
      uptime: 342
      totalram: 16766771200
      freeram: 6589640704
      sharedram: 38096896
      bufferram: 248508416
      totalswap: 0
      freeswap: 0
      pagesize: 4096
      cpus: 2
      cpus-online: 2
      ticks-per-second: 100

metrics:
    - stressor: cpu
      bogo-ops: 54051
      bogo-ops-per-second-usr-sys-time: 2702.879751
      bogo-ops-per-second-real-time: 2702.544491
      wall-clock-time: 20.000041
      user-time: 19.988561
      system-time: 0.008999
      cpu-usage-per-instance: 99.987596
      max-rss: 3256

...
