---
system-info:
      stress-ng-version: 0.17.08
      run-by: root
      date-yyyy-mm-dd: 2024:07:02
      time-hh-mm-ss: 23:37:41
      epoch-secs: 1719963461
      hostname: c3d-standard-60-7f8989a
      sysname: Linux
      nodename: c3d-standard-60-7f8989a
      release: 6.8.0-1009-gcp
      version: '#10-Ubuntu SMP Wed Jun 12 18:52:23 UTC 2024'
      machine: x86_64
      compiler: 'musl-gcc 13.2.1'
      uptime: 118
      totalram: 253328830464
      freeram: 247884136448
      sharedram: 35463168
      bufferram: 129179648
      totalswap: 0
      freeswap: 0
      pagesize: 4096
      cpus: 60
      cpus-online: 60
      ticks-per-second: 100

metrics:
    - stressor: cpu
      bogo-ops: 1723249
      bogo-ops-per-second-usr-sys-time: 1436.689290
      bogo-ops-per-second-real-time: 86162.185582
      wall-clock-time: 20.000061
      user-time: 1199.442388
      system-time: 0.015986
      cpu-usage-per-instance: 99.954558
      max-rss: 480

...
