size_kb,operation,bandwidth_mb_s,latency_ns,latency_stddev_ns,latency_samples,threads,iterations,elapsed_s
32,read,4530718.31,0,0,0,64,438596,0.193610
32,write,5400345.31,0,0,0,64,612744,0.226928
32,copy,3779311.66,0,0,0,64,361794,0.191460
32,latency,0,2.15,0.00,7,1,7,0.308784
128,read,3757856.71,0,0,0,64,147318,0.313621
128,write,4738558.70,0,0,0,64,165016,0.278593
128,copy,2825972.77,0,0,0,64,109697,0.310539
128,latency,0,2.83,0.00,7,1,7,0.649425
1024,read,3352849.49,0,0,0,64,17695,0.337766
1024,write,4584981.75,0,0,0,64,20948,0.292405
1024,copy,1073669.44,0,0,0,64,11262,0.671313
1024,latency,0,5.25,0.00,7,1,7,0.689860
2048,read,1398486.68,0,0,0,64,5976,0.546968
2048,write,2143027.74,0,0,0,64,10390,0.620580
2048,copy,384751.76,0,0,0,64,4153,1.381629
2048,latency,0,9.47,0.03,7,1,7,0.581708
4096,read,757017.81,0,0,0,64,2604,0.880592
4096,write,728246.71,0,0,0,64,4782,1.681013
4096,copy,241778.32,0,0,0,64,1689,1.788349
4096,latency,0,17.93,0.45,7,1,7,0.650896
8192,read,531987.88,0,0,0,64,1025,0.986489
8192,write,444812.19,0,0,0,64,2142,2.465544
8192,copy,199796.23,0,0,0,64,825,2.114154
8192,latency,0,80.66,3.94,13,1,13,1.746438
16384,read,468521.39,0,0,0,64,448,0.979148
16384,write,371483.58,0,0,0,64,1019,2.808889
16384,copy,186451.79,0,0,0,64,398,2.185830
16384,latency,0,99.21,0.94,7,1,7,1.088237
32768,read,445646.01,0,0,0,64,217,0.997240
32768,write,345659.05,0,0,0,64,469,2.778784
32768,copy,187827.80,0,0,0,64,199,2.169817
32768,latency,0,107.24,0.45,7,1,7,2.411256
65536,read,438961.57,0,0,0,64,118,1.101071
65536,write,343838.10,0,0,0,64,226,2.692244
65536,copy,187886.65,0,0,0,64,101,2.201838
65536,latency,0,111.42,0.23,7,1,7,5.100133
131072,read,434553.45,0,0,0,64,60,1.131092
131072,write,342866.73,0,0,0,64,120,2.867120
131072,copy,187943.16,0,0,0,64,51,2.222970
131072,latency,0,113.36,0.11,7,1,7,10.499519
