---
system-info:
      stress-ng-version: 0.17.08
      run-by: root
      date-yyyy-mm-dd: 2024:09:05
      time-hh-mm-ss: 08:00:04
      epoch-secs: 1725523204
      hostname: sc-runner
      sysname: Linux
      nodename: sc-runner
      release: 6.8.0-1013-azure
      version: '#15-Ubuntu SMP Thu Aug  8 18:40:40 UTC 2024'
      machine: x86_64
      compiler: 'musl-gcc 13.2.1'
      uptime: 370
      totalram: 67420610560
      freeram: 58733936640
      sharedram: 42086400
      bufferram: 222896128
      totalswap: 0
      freeswap: 0
      pagesize: 4096
      cpus: 16
      cpus-online: 16
      ticks-per-second: 100

metrics:
    - stressor: cpu
      bogo-ops: 24932
      bogo-ops-per-second-usr-sys-time: 1246.608851
      bogo-ops-per-second-real-time: 1246.589761
      wall-clock-time: 20.000164
      user-time: 19.998859
      system-time: 0.000999
      cpu-usage-per-instance: 99.998469
      max-rss: 3152

...
