size_kb,operation,bandwidth_mb_s,latency_ns,latency_stddev_ns,latency_samples,threads,iterations,elapsed_s
32,read,866400.00,0,0,0,8,535331,0.154470
32,write,722717.16,0,0,0,8,652741,0.225794
32,copy,719351.75,0,0,0,8,416666,0.144806
32,latency,0,2.01,0.00,7,1,7,0.288434
128,read,702525.18,0,0,0,8,150150,0.213729
128,write,723697.17,0,0,0,8,175932,0.243102
128,copy,633731.07,0,0,0,8,130548,0.205999
128,latency,0,2.64,0.00,7,1,7,0.661015
1024,read,591845.24,0,0,0,8,17614,0.238089
1024,write,724584.94,0,0,0,8,22646,0.250030
1024,copy,393142.65,0,0,0,8,15040,0.306047
1024,latency,0,5.17,0.02,7,1,7,0.689409
2048,read,496026.64,0,0,0,8,7477,0.241181
2048,write,717244.90,0,0,0,8,11073,0.247012
2048,copy,328019.19,0,0,0,8,5179,0.252619
2048,latency,0,11.95,0.08,7,1,7,0.679775
4096,read,351044.04,0,0,0,8,3665,0.334089
4096,write,694128.56,0,0,0,8,5351,0.246686
4096,copy,240520.62,0,0,0,8,2291,0.304805
4096,latency,0,23.72,0.09,7,1,7,0.679429
16384,read,195289.94,0,0,0,8,615,0.403093
16384,write,317725.76,0,0,0,8,1171,0.471753
16384,copy,120592.81,0,0,0,8,375,0.398034
16384,latency,0,51.11,24.87,21,1,21,3.070829
32768,read,176868.21,0,0,0,8,212,0.306850
32768,write,393729.35,0,0,0,8,567,0.368659
32768,copy,114656.64,0,0,0,8,179,0.399663
32768,latency,0,66.78,13.18,21,1,21,3.511400
65536,read,175817.59,0,0,0,8,96,0.279562
65536,write,328395.70,0,0,0,8,283,0.441224
65536,copy,113034.94,0,0,0,8,87,0.394073
65536,latency,0,114.39,12.36,21,1,21,11.758015
131072,read,168412.93,0,0,0,8,41,0.249292
131072,write,292533.34,0,0,0,8,141,0.493564
131072,copy,111221.56,0,0,0,8,44,0.405101
131072,latency,0,111.05,1.49,7,1,7,10.433799
262144,read,169156.90,0,0,0,8,24,0.290570
262144,write,283324.84,0,0,0,8,70,0.505992
262144,copy,112332.94,0,0,0,8,22,0.401093
262144,latency,0,116.08,1.51,7,1,7,21.331710
