BaselineInfo:
  WebDBID: -1
  TimeStamp: 20250421225005
Version:
  Major: 11
  Minor: 0
  Build: 1002
  SpecialBuildName: ""
  ptArchitecture: aarch64_linux
Results:
  Results Complete: true
  NumTestProcesses: 4
  CPU_INTEGER_MATH: 20839.470333333335
  CPU_FLOATINGPOINT_MATH: 24202.860332225457
  CPU_PRIME: 57.39577078929775
  CPU_SORTING: 18415.099911411704
  CPU_ENCRYPTION: 751.41844913555713
  CPU_COMPRESSION: 26463.894308274426
  CPU_SINGLETHREAD: 1940.1912813288288
  CPU_PHYSICS: 1190.7505561111773
  CPU_MATRIX_MULT_SSE: 3679.0942993676963
  CPU_mm: 454.07668845299099
  CPU_sse: 2892.2658817160486
  CPU_fma: 4465.9227170193435
  CPU_avx: 0
  CPU_avx512: 0
  m_CPU_enc_SHA: 1177470126.5052032
  m_CPU_enc_AES: 429284542.6048317
  m_CPU_enc_ECDSA: 757003386.0522629
  ME_ALLOC_S: 5938.4039931533907
  ME_READ_S: 19168.947070312501
  ME_READ_L: 17947.3203125
  ME_WRITE: 21211.5546875
  ME_LARGE: 22194.25
  ME_LATENCY: 54.33506028652544
  ME_THREADED: 69154.54296875
  SUMM_CPU: 3927.9069329292761
  SUMM_ME: 2726.626199196603
SystemInformation:
  OSName: Ubuntu 24.04.2 LTS
  Kernel: 6.8.0-1027-aws
  Device: ""
  Processor: ARM Neoverse-V2 4 Core 0 MHz
  NumSockets: 1
  Manufacturer: ARM
  NumCores: 4
  NumLogicals: 4
  CPUFrequency: 0
  Memory: 31494
Checksum: 8D9250D73F77EE3CB69F2C1F10252A06B67098E7