BaselineInfo:
  WebDBID: -1
  TimeStamp: 20260405085633
Version:
  Major: 11
  Minor: 0
  Build: 1004
  SpecialBuildName: ""
  ptArchitecture: x86_64_linux
Results:
  Results Complete: true
  NumTestProcesses: 24
  CPU_INTEGER_MATH: 59268.859333333334
  CPU_FLOATINGPOINT_MATH: 31789.864179762764
  CPU_PRIME: 90.169177255290251
  CPU_SORTING: 35253.628277516778
  CPU_ENCRYPTION: 8194.150716050468
  CPU_COMPRESSION: 270594.43028420612
  CPU_SINGLETHREAD: 1661.0494903847598
  CPU_PHYSICS: 1770.5635811959432
  CPU_MATRIX_MULT_SSE: 17999.782242533456
  CPU_mm: 1801.8126238963132
  CPU_sse: 6503.8922991661429
  CPU_fma: 22002.357332972711
  CPU_avx: 15552.985267888558
  CPU_avx512: 27939.894070106417
  m_CPU_enc_SHA: 2677268841.9071665
  m_CPU_enc_AES: 20674961283.517666
  m_CPU_enc_ECDSA: 2424339218.2751803
  ME_ALLOC_S: 6496.3078350779642
  ME_READ_S: 19430.426171874999
  ME_READ_L: 6634.83740234375
  ME_WRITE: 7142.09326171875
  ME_LARGE: 72553.333333333328
  ME_LATENCY: 77.854034718341964
  ME_THREADED: 93938.8818359375
  SUMM_CPU: 18301.800073767528
  SUMM_ME: 1832.4523759809842
SystemInformation:
  OSName: Ubuntu 24.04.4 LTS
  Kernel: 6.8.0-106-generic
  Device: ""
  Processor: Intel(R) Xeon(R) Platinum 8163 CPU @ 2.50GHz
  NumSockets: 1
  Manufacturer: GenuineIntel
  NumCores: 12
  NumLogicals: 24
  CPUFrequency: 0
  CPUMaxFrequency: 0
  Memory: 93018
  CPUInfo:
    number: 1
    Family: 6
    Model: 5
    stepping: 4
    features: 529267711
    manufacture: GenuineIntel
    typestring: Intel(R) Xeon(R) Platinum 8163 CPU @ 2.50GHz
    iCoresPerPackage: 12
    iThreadsPerPackage: 2
    featuresEx:
      - 529267711
      - 4277809667
      - 739248128
    bHybrid: false
    nPCore: 0
    nLogicalsPerPCore: 0
    nECore: 0
    nLogicalsPerECore: 0
  MemModuleInfo:
    iNumMemSticks: 6
    DIMM 1:
      manufacturer: Alibaba Cloud
      modulePartNo: Not Specified
      memType: RAM
      size: 16
      clkspeed: 0
      moduleVoltage: 0
    DIMM 2:
      manufacturer: Alibaba Cloud
      modulePartNo: Not Specified
      memType: RAM
      size: 16
      clkspeed: 0
      moduleVoltage: 0
    DIMM 3:
      manufacturer: Alibaba Cloud
      modulePartNo: Not Specified
      memType: RAM
      size: 16
      clkspeed: 0
      moduleVoltage: 0
    DIMM 4:
      manufacturer: Alibaba Cloud
      modulePartNo: Not Specified
      memType: RAM
      size: 16
      clkspeed: 0
      moduleVoltage: 0
    DIMM 5:
      manufacturer: Alibaba Cloud
      modulePartNo: Not Specified
      memType: RAM
      size: 16
      clkspeed: 0
      moduleVoltage: 0
    DIMM 6:
      manufacturer: Alibaba Cloud
      modulePartNo: Not Specified
      memType: RAM
      size: 13
      clkspeed: 0
      moduleVoltage: 0
Checksum: A1B478A4BB4699FFA9FA9334B025B44D64E71FE5