---
system-info:
      stress-ng-version: 0.17.08
      run-by: root
      date-yyyy-mm-dd: 2024:07:03
      time-hh-mm-ss: 05:14:21
      epoch-secs: 1719983661
      hostname: c3d-highcpu-90-2e1e3be
      sysname: Linux
      nodename: c3d-highcpu-90-2e1e3be
      release: 6.8.0-1009-gcp
      version: '#10-Ubuntu SMP Wed Jun 12 18:52:23 UTC 2024'
      machine: x86_64
      compiler: 'musl-gcc 13.2.1'
      uptime: 142
      totalram: 186727055360
      freeram: 181205950464
      sharedram: 35307520
      bufferram: 130969600
      totalswap: 0
      freeswap: 0
      pagesize: 4096
      cpus: 90
      cpus-online: 90
      ticks-per-second: 100

metrics:
    - stressor: cpu
      bogo-ops: 57269
      bogo-ops-per-second-usr-sys-time: 2863.488514
      bogo-ops-per-second-real-time: 2863.441500
      wall-clock-time: 20.000059
      user-time: 19.998732
      system-time: 0.000999
      cpu-usage-per-instance: 99.998358
      max-rss: 720

...
