BaselineInfo:
  WebDBID: -1
  TimeStamp: 20241109235443
Version:
  Major: 11
  Minor: 0
  Build: 1002
  SpecialBuildName: ""
  ptArchitecture: x86_64_linux
Results:
  Results Complete: true
  NumTestProcesses: 96
  CPU_INTEGER_MATH: 579631.97733333334
  CPU_FLOATINGPOINT_MATH: 475756.03726962564
  CPU_PRIME: 1405.3585662598598
  CPU_SORTING: 265295.13914676034
  CPU_ENCRYPTION: 113992.88739001554
  CPU_COMPRESSION: 1862073.8663733485
  CPU_SINGLETHREAD: 2887.3167314577181
  CPU_PHYSICS: 18191.510716534616
  CPU_MATRIX_MULT_SSE: 139718.01486927288
  CPU_mm: 15879.888546637056
  CPU_sse: 66211.317166962152
  CPU_fma: 180232.68123820843
  CPU_avx: 154607.03564510695
  CPU_avx512: 157821.02542681416
  m_CPU_enc_SHA: 160754982430.14114
  m_CPU_enc_AES: 103636093951.7558
  m_CPU_enc_ECDSA: 94199541281.721817
  ME_ALLOC_S: 29560.188150652208
  ME_READ_S: 27837.593359375001
  ME_READ_L: 26912.27734375
  ME_WRITE: 25604.51171875
  ME_LARGE: 365701.08333333331
  ME_LATENCY: 79.734249537107146
  ME_THREADED: 637303.09765625
  SUMM_CPU: 106240.68741856358
  SUMM_ME: 2806.3366638593102
SystemInformation:
  OSName: Ubuntu 24.04.1 LTS
  Kernel: 6.8.0-1016-aws
  Device: ""
  Processor: AMD EPYC 9R14
  NumSockets: 1
  Manufacturer: AuthenticAMD
  NumCores: 96
  NumLogicals: 96
  CPUFrequency: 0
  Memory: 378634
  MemModuleInfo:
    iNumMemSticks: 1
    DIMM 1:
      manufacturer: Not Specified
      modulePartNo: Not Specified
      memType: DDR5
      size: 384
      clkspeed: 2400
      moduleVoltage: 0
Checksum: 81B6B216A9442869B6D24A83C549854A1380108F