---
system-info:
      stress-ng-version: 0.17.08
      run-by: root
      date-yyyy-mm-dd: 2024:09:16
      time-hh-mm-ss: 16:26:13
      epoch-secs: 1726503973
      hostname: sc-runner
      sysname: Linux
      nodename: sc-runner
      release: 6.8.0-1014-azure
      version: '#16-Ubuntu SMP Thu Aug 15 20:04:41 UTC 2024'
      machine: x86_64
      compiler: 'musl-gcc 13.2.1'
      uptime: 301
      totalram: 67423416320
      freeram: 57272365056
      sharedram: 38178816
      bufferram: 231796736
      totalswap: 0
      freeswap: 0
      pagesize: 4096
      cpus: 8
      cpus-online: 8
      ticks-per-second: 100

metrics:
    - stressor: cpu
      bogo-ops: 215603
      bogo-ops-per-second-usr-sys-time: 1351.172938
      bogo-ops-per-second-real-time: 10780.125824
      wall-clock-time: 20.000045
      user-time: 159.548295
      system-time: 0.018992
      cpu-usage-per-instance: 99.729331
      max-rss: 3128

...
