BaselineInfo:
  WebDBID: -1
  TimeStamp: 20250422152037
Version:
  Major: 11
  Minor: 0
  Build: 1002
  SpecialBuildName: ""
  ptArchitecture: aarch64_linux
Results:
  Results Complete: true
  NumTestProcesses: 64
  CPU_INTEGER_MATH: 333911.08299999998
  CPU_FLOATINGPOINT_MATH: 387883.80286233989
  CPU_PRIME: 683.8756694754386
  CPU_SORTING: 293376.43405168375
  CPU_ENCRYPTION: 12050.474176679405
  CPU_COMPRESSION: 424974.41615732043
  CPU_SINGLETHREAD: 1943.9880287729254
  CPU_PHYSICS: 15962.796112058481
  CPU_MATRIX_MULT_SSE: 56338.971405427721
  CPU_mm: 7283.0593637976017
  CPU_sse: 44359.086070703357
  CPU_fma: 68318.8567401521
  CPU_avx: 0
  CPU_avx512: 0
  m_CPU_enc_SHA: 18786144013.678345
  m_CPU_enc_AES: 6880690141.0255537
  m_CPU_enc_ECDSA: 12240679876.153439
  ME_ALLOC_S: 47309.360106021006
  ME_READ_S: 21163.543164062499
  ME_READ_L: 20236.66796875
  ME_WRITE: 21204.626953125
  ME_LARGE: 493938
  ME_LATENCY: 46.544776331849924
  ME_THREADED: 505252.7578125
  SUMM_CPU: 44080.563096102371
  SUMM_ME: 3411.7846714280054
SystemInformation:
  OSName: Ubuntu 24.04.2 LTS
  Kernel: 6.8.0-1027-aws
  Device: ""
  Processor: ARM Neoverse-V2 64 Core 0 MHz
  NumSockets: 1
  Manufacturer: ARM
  NumCores: 64
  NumLogicals: 64
  CPUFrequency: 0
  Memory: 506668
Checksum: 276C526034F0F77206DD333780374E25BCFD16DE