---
system-info:
      stress-ng-version: 0.17.08
      run-by: root
      date-yyyy-mm-dd: 2024:06:15
      time-hh-mm-ss: 11:55:27
      epoch-secs: 1718452527
      hostname: 9ded8afafec3
      sysname: Linux
      nodename: 9ded8afafec3
      release: 6.8.0-1008-aws
      version: '#8-Ubuntu SMP Sat Apr 20 00:46:25 UTC 2024'
      machine: x86_64
      compiler: 'musl-gcc 13.2.1'
      uptime: 138
      totalram: 265977057280
      freeram: 261153832960
      sharedram: 114180096
      bufferram: 108310528
      totalswap: 0
      freeswap: 0
      pagesize: 4096
      cpus: 64
      cpus-online: 64
      ticks-per-second: 100

metrics:
    - stressor: cpu
      bogo-ops: 1225838
      bogo-ops-per-second-usr-sys-time: 958.005193
      bogo-ops-per-second-real-time: 61291.630926
      wall-clock-time: 20.000088
      user-time: 1279.537447
      system-time: 0.035992
      cpu-usage-per-instance: 99.966236
      max-rss: 512

...
