---
system-info:
      stress-ng-version: 0.17.08
      run-by: root
      date-yyyy-mm-dd: 2024:06:09
      time-hh-mm-ss: 09:55:58
      epoch-secs: 1717926958
      hostname: d38476d52e2f
      sysname: Linux
      nodename: d38476d52e2f
      release: 6.8.0-1008-aws
      version: '#8-Ubuntu SMP Sat Apr 20 00:46:25 UTC 2024'
      machine: x86_64
      compiler: 'musl-gcc 13.2.1'
      uptime: 137
      totalram: 265977020416
      freeram: 261064728576
      sharedram: 114180096
      bufferram: 106037248
      totalswap: 0
      freeswap: 0
      pagesize: 4096
      cpus: 64
      cpus-online: 64
      ticks-per-second: 100

metrics:
    - stressor: cpu
      bogo-ops: 921047
      bogo-ops-per-second-usr-sys-time: 1439.787207
      bogo-ops-per-second-real-time: 92089.408248
      wall-clock-time: 10.001661
      user-time: 639.651532
      system-time: 0.058972
      cpu-usage-per-instance: 99.938171
      max-rss: 3584

...
