BaselineInfo:
  WebDBID: -1
  TimeStamp: 20241108094130
Version:
  Major: 11
  Minor: 0
  Build: 1002
  SpecialBuildName: ""
  ptArchitecture: x86_64_linux
Results:
  Results Complete: true
  NumTestProcesses: 4
  CPU_INTEGER_MATH: 9665.2773333333334
  CPU_FLOATINGPOINT_MATH: 6088.9144859723001
  CPU_PRIME: 26.942073025321591
  CPU_SORTING: 6383.006444135819
  CPU_ENCRYPTION: 936.85689255897137
  CPU_COMPRESSION: 43330.698707973184
  CPU_SINGLETHREAD: 1732.308055208518
  CPU_PHYSICS: 469.42560457424725
  CPU_MATRIX_MULT_SSE: 2123.9212933875488
  CPU_mm: 289.52421497787032
  CPU_sse: 1192.9453768552094
  CPU_fma: 3043.5227316430246
  CPU_avx: 2135.2957716644119
  CPU_avx512: 0
  m_CPU_enc_SHA: 422912274.87342471
  m_CPU_enc_AES: 2142220715.9202065
  m_CPU_enc_ECDSA: 381963968.12211686
  ME_ALLOC_S: 1218.1210221432716
  ME_READ_S: 19444.8955078125
  ME_READ_L: 9713.6328125
  ME_WRITE: 7316.69580078125
  ME_LARGE: 46702.916666666664
  ME_LATENCY: 54.982256660994757
  ME_THREADED: 22887.3466796875
  SUMM_CPU: 3256.7571537241115
  SUMM_ME: 1942.7152573420597
SystemInformation:
  OSName: Ubuntu 24.04.1 LTS
  Kernel: 6.8.0-1016-aws
  Device: ""
  Processor: Intel Xeon CPU E5-2686 v4 @ 2.30GHz
  NumSockets: 1
  Manufacturer: GenuineIntel
  NumCores: 2
  NumLogicals: 4
  CPUFrequency: 3000
  Memory: 61278
  MemModuleInfo:
    iNumMemSticks: 4
    DIMM 1:
      manufacturer: Not Specified
      modulePartNo: Not Specified
      memType: RAM
      size: 16
      clkspeed: 0
      moduleVoltage: 0
    DIMM 2:
      manufacturer: Not Specified
      modulePartNo: Not Specified
      memType: RAM
      size: 16
      clkspeed: 0
      moduleVoltage: 0
    DIMM 3:
      manufacturer: Not Specified
      modulePartNo: Not Specified
      memType: RAM
      size: 16
      clkspeed: 0
      moduleVoltage: 0
    DIMM 4:
      manufacturer: Not Specified
      modulePartNo: Not Specified
      memType: RAM
      size: 13
      clkspeed: 0
      moduleVoltage: 0
Checksum: 696A29270CFF59BBB3577A89A555D9D6748ED176