---
system-info:
      stress-ng-version: 0.17.08
      run-by: root
      date-yyyy-mm-dd: 2024:09:19
      time-hh-mm-ss: 12:41:32
      epoch-secs: 1726749692
      hostname: sc-runner
      sysname: Linux
      nodename: sc-runner
      release: 6.8.0-1014-azure
      version: '#16-Ubuntu SMP Thu Aug 15 20:04:41 UTC 2024'
      machine: x86_64
      compiler: 'musl-gcc 13.2.1'
      uptime: 323
      totalram: 135060627456
      freeram: 124432494592
      sharedram: 42291200
      bufferram: 249499648
      totalswap: 0
      freeswap: 0
      pagesize: 4096
      cpus: 32
      cpus-online: 32
      ticks-per-second: 100

metrics:
    - stressor: cpu
      bogo-ops: 596637
      bogo-ops-per-second-usr-sys-time: 932.853235
      bogo-ops-per-second-real-time: 29831.734289
      wall-clock-time: 20.000078
      user-time: 639.550944
      system-time: 0.031980
      cpu-usage-per-instance: 99.934444
      max-rss: 3080

...
