---
system-info:
      stress-ng-version: 0.17.08
      run-by: root
      date-yyyy-mm-dd: 2024:09:19
      time-hh-mm-ss: 07:51:20
      epoch-secs: 1726732280
      hostname: sc-runner
      sysname: Linux
      nodename: sc-runner
      release: 6.8.0-1014-azure
      version: '#16-Ubuntu SMP Thu Aug 15 20:04:41 UTC 2024'
      machine: x86_64
      compiler: 'musl-gcc 13.2.1'
      uptime: 316
      totalram: 168786038784
      freeram: 158215639040
      sharedram: 54964224
      bufferram: 249675776
      totalswap: 0
      freeswap: 0
      pagesize: 4096
      cpus: 20
      cpus-online: 20
      ticks-per-second: 100

metrics:
    - stressor: cpu
      bogo-ops: 37979
      bogo-ops-per-second-usr-sys-time: 1898.906325
      bogo-ops-per-second-real-time: 1898.935784
      wall-clock-time: 20.000150
      user-time: 20.000460
      system-time: 0.000000
      cpu-usage-per-instance: 100.001551
      max-rss: 980

...
