BaselineInfo:
  WebDBID: -1
  TimeStamp: 20251016183351
Version:
  Major: 11
  Minor: 0
  Build: 1002
  SpecialBuildName: ""
  ptArchitecture: x86_64_linux
Results:
  Results Complete: true
  NumTestProcesses: 2
  CPU_INTEGER_MATH: 11939.052333333333
  CPU_FLOATINGPOINT_MATH: 10477.67830015608
  CPU_PRIME: 38.382618844998952
  CPU_SORTING: 7504.3065830733103
  CPU_ENCRYPTION: 2575.1726425230545
  CPU_COMPRESSION: 51803.54096747873
  CPU_SINGLETHREAD: 2860.8880361810002
  CPU_PHYSICS: 688.11633081324271
  CPU_MATRIX_MULT_SSE: 4698.6516545134073
  CPU_mm: 515.42176091637862
  CPU_sse: 2293.2331483364746
  CPU_fma: 6750.8326035812061
  CPU_avx: 5791.1056257414339
  CPU_avx512: 3959.4352403945149
  m_CPU_enc_SHA: 3566545072.9660273
  m_CPU_enc_AES: 2259448246.9541864
  m_CPU_enc_ECDSA: 2274799366.4985495
  ME_ALLOC_S: 2170.8869610594857
  ME_READ_S: 27306.279296875
  ME_READ_L: 26547.548828125
  ME_WRITE: 26201.392578125
  ME_LARGE: 1041.1666666666667
  ME_LATENCY: 68.132325239882292
  ME_THREADED: 53267.109375
  SUMM_CPU: 5361.2911919481321
  SUMM_ME: 1479.4666385907526
SystemInformation:
  OSName: Ubuntu 24.04.2 LTS
  Kernel: 6.8.0-79-generic
  Device: ""
  Processor: AMD EPYC-Genoa Processor
  NumSockets: 1
  Manufacturer: AuthenticAMD
  NumCores: 2
  NumLogicals: 2
  CPUFrequency: 0
  Memory: 3814
  MemModuleInfo:
    iNumMemSticks: 1
    DIMM 1:
      manufacturer: QEMU
      modulePartNo: Not Specified
      memType: RAM
      size: 4000
      clkspeed: 0
      moduleVoltage: 0
Checksum: 8AEFC6FC3EA292FB514CB519C21A387BBD3FD406