BaselineInfo:
  WebDBID: -1
  TimeStamp: 20241126093550
Version:
  Major: 11
  Minor: 0
  Build: 1002
  SpecialBuildName: ""
  ptArchitecture: x86_64_linux
Results:
  Results Complete: true
  NumTestProcesses: 64
  CPU_INTEGER_MATH: 304015.11300000007
  CPU_FLOATINGPOINT_MATH: 170064.16313281682
  CPU_PRIME: 478.7310437292341
  CPU_SORTING: 177511.27365341288
  CPU_ENCRYPTION: 77146.354450322746
  CPU_COMPRESSION: 1231507.6970020025
  CPU_SINGLETHREAD: 2904.9804577295977
  CPU_PHYSICS: 8706.9865372847435
  CPU_MATRIX_MULT_SSE: 82063.596734251609
  CPU_mm: 8113.4118068405051
  CPU_sse: 35275.638178718531
  CPU_fma: 103165.52200500923
  CPU_avx: 85759.702414086249
  CPU_avx512: 104053.52433919259
  m_CPU_enc_SHA: 107979086721.20955
  m_CPU_enc_AES: 73273153488.270752
  m_CPU_enc_ECDSA: 61429207082.824554
  ME_ALLOC_S: 29533.788162561206
  ME_READ_S: 27888.191015625001
  ME_READ_L: 27536.98828125
  ME_WRITE: 26680.494140625
  ME_LARGE: 116337.41666666667
  ME_LATENCY: 77.743163108046488
  ME_THREADED: 183370.818359375
  SUMM_CPU: 75840.829064630467
  SUMM_ME: 2815.8198716093875
SystemInformation:
  OSName: Ubuntu 24.04.1 LTS
  Kernel: 6.8.0-1017-azure
  Device: ""
  Processor: AMD EPYC 9V74 80-Core Processor
  NumSockets: 1
  Manufacturer: AuthenticAMD
  NumCores: 32
  NumLogicals: 64
  CPUFrequency: 0
  Memory: 128790
  MemModuleInfo:
    iNumMemSticks: 3
    DIMM 1:
      manufacturer: Microsoft Corporation
      modulePartNo: None
      memType: Unknown
      size: 1
      clkspeed: 0
      moduleVoltage: 0
    DIMM 2:
      manufacturer: Microsoft Corporation
      modulePartNo: None
      memType: Unknown
      size: 59
      clkspeed: 0
      moduleVoltage: 0
    DIMM 3:
      manufacturer: Microsoft Corporation
      modulePartNo: None
      memType: Unknown
      size: 68
      clkspeed: 0
      moduleVoltage: 0
Checksum: E93AC6503949A173FBBE3D83CF8C7FE49CE67B19