---
system-info:
      stress-ng-version: 0.17.08
      run-by: root
      date-yyyy-mm-dd: 2024:07:03
      time-hh-mm-ss: 11:12:25
      epoch-secs: 1720005145
      hostname: c3-standard-88-lssd-4157501
      sysname: Linux
      nodename: c3-standard-88-lssd-4157501
      release: 6.8.0-1009-gcp
      version: '#10-Ubuntu SMP Wed Jun 12 18:52:23 UTC 2024'
      machine: x86_64
      compiler: 'musl-gcc 13.2.1'
      uptime: 120
      totalram: 371896528896
      freeram: 365629652992
      sharedram: 222502912
      bufferram: 130854912
      totalswap: 0
      freeswap: 0
      pagesize: 4096
      cpus: 88
      cpus-online: 88
      ticks-per-second: 100

metrics:
    - stressor: cpu
      bogo-ops: 1465461
      bogo-ops-per-second-usr-sys-time: 832.832780
      bogo-ops-per-second-real-time: 73272.731547
      wall-clock-time: 20.000087
      user-time: 1759.589147
      system-time: 0.020988
      cpu-usage-per-instance: 99.977414
      max-rss: 704

...
