---
system-info:
      stress-ng-version: 0.17.08
      run-by: root
      date-yyyy-mm-dd: 2024:09:06
      time-hh-mm-ss: 04:00:51
      epoch-secs: 1725595251
      hostname: sc-runner
      sysname: Linux
      nodename: sc-runner
      release: 6.8.0-1013-azure
      version: '#15-Ubuntu SMP Thu Aug  8 18:40:40 UTC 2024'
      machine: x86_64
      compiler: 'musl-gcc 13.2.1'
      uptime: 369
      totalram: 67420602368
      freeram: 58613817344
      sharedram: 42094592
      bufferram: 241201152
      totalswap: 0
      freeswap: 0
      pagesize: 4096
      cpus: 16
      cpus-online: 16
      ticks-per-second: 100

metrics:
    - stressor: cpu
      bogo-ops: 28273
      bogo-ops-per-second-usr-sys-time: 1413.641377
      bogo-ops-per-second-real-time: 1413.632171
      wall-clock-time: 20.000252
      user-time: 19.999122
      system-time: 0.001000
      cpu-usage-per-instance: 99.999349
      max-rss: 3152

...
