---
system-info:
      stress-ng-version: 0.17.08
      run-by: root
      date-yyyy-mm-dd: 2024:09:16
      time-hh-mm-ss: 19:50:18
      epoch-secs: 1726516218
      hostname: sc-runner
      sysname: Linux
      nodename: sc-runner
      release: 6.8.0-1014-azure
      version: '#16-Ubuntu SMP Thu Aug 15 20:04:41 UTC 2024'
      machine: x86_64
      compiler: 'musl-gcc 13.2.1'
      uptime: 326
      totalram: 67420598272
      freeram: 57046597632
      sharedram: 42098688
      bufferram: 252002304
      totalswap: 0
      freeswap: 0
      pagesize: 4096
      cpus: 16
      cpus-online: 16
      ticks-per-second: 100

metrics:
    - stressor: cpu
      bogo-ops: 28250
      bogo-ops-per-second-usr-sys-time: 1412.507628
      bogo-ops-per-second-real-time: 1412.492995
      wall-clock-time: 20.000099
      user-time: 19.998893
      system-time: 0.000999
      cpu-usage-per-instance: 99.998964
      max-rss: 3280

...
