---
system-info:
      stress-ng-version: 0.17.08
      run-by: root
      date-yyyy-mm-dd: 2024:07:11
      time-hh-mm-ss: 23:20:23
      epoch-secs: 1720740023
      hostname: ip-172-31-15-171
      sysname: Linux
      nodename: ip-172-31-15-171
      release: 6.8.0-1010-aws
      version: '#10-Ubuntu SMP Thu Jun 13 17:36:15 UTC 2024'
      machine: x86_64
      compiler: 'musl-gcc 13.2.1'
      uptime: 202
      totalram: 66681184256
      freeram: 58694877184
      sharedram: 40869888
      bufferram: 128614400
      totalswap: 0
      freeswap: 0
      pagesize: 4096
      cpus: 16
      cpus-online: 16
      ticks-per-second: 100

metrics:
    - stressor: cpu
      bogo-ops: 270312
      bogo-ops-per-second-usr-sys-time: 845.745312
      bogo-ops-per-second-real-time: 13515.533388
      wall-clock-time: 20.000099
      user-time: 319.578966
      system-time: 0.034984
      cpu-usage-per-instance: 99.878867
      max-rss: 976

...
