---
system-info:
      stress-ng-version: 0.17.08
      run-by: root
      date-yyyy-mm-dd: 2024:06:21
      time-hh-mm-ss: 11:10:51
      epoch-secs: 1718968251
      hostname: 61b965061736
      sysname: Linux
      nodename: 61b965061736
      release: 6.8.0-1008-gcp
      version: '#9-Ubuntu SMP Wed May 22 18:09:04 UTC 2024'
      machine: x86_64
      compiler: 'musl-gcc 13.2.1'
      uptime: 168
      totalram: 67421851648
      freeram: 62165028864
      sharedram: 18251776
      bufferram: 135856128
      totalswap: 0
      freeswap: 0
      pagesize: 4096
      cpus: 16
      cpus-online: 16
      ticks-per-second: 100

metrics:
    - stressor: cpu
      bogo-ops: 53811
      bogo-ops-per-second-usr-sys-time: 2690.606099
      bogo-ops-per-second-real-time: 2690.542880
      wall-clock-time: 20.000053
      user-time: 19.999583
      system-time: 0.000000
      cpu-usage-per-instance: 99.997650
      max-rss: 1104

...
