BaselineInfo:
  WebDBID: -1
  TimeStamp: 20260620180830
Version:
  Major: 11
  Minor: 0
  Build: 1004
  SpecialBuildName: ""
  ptArchitecture: x86_64_linux
Results:
  Results Complete: true
  NumTestProcesses: 32
  CPU_INTEGER_MATH: 141677.163
  CPU_FLOATINGPOINT_MATH: 100621.88859240092
  CPU_PRIME: 294.35896377410194
  CPU_SORTING: 68846.286097526317
  CPU_ENCRYPTION: 31231.110865659768
  CPU_COMPRESSION: 508680.25829589751
  CPU_SINGLETHREAD: 2918.7690248999311
  CPU_PHYSICS: 6714.6954480801396
  CPU_MATRIX_MULT_SSE: 40667.176492911749
  CPU_mm: 4012.4792221919738
  CPU_sse: 17001.361586596187
  CPU_fma: 44284.428336402278
  CPU_avx: 33759.122398811996
  CPU_avx512: 67623.793649836545
  m_CPU_enc_SHA: 32972887821.610249
  m_CPU_enc_AES: 42982223135.934021
  m_CPU_enc_ECDSA: 22289468963.665916
  ME_ALLOC_S: 17189.356751997886
  ME_READ_S: 26561.452343749999
  ME_READ_L: 10099.529296875
  ME_WRITE: 8959.408203125
  ME_LARGE: 119862.33333333333
  ME_LATENCY: 69.968958462663224
  ME_THREADED: 198600.20703125
  SUMM_CPU: 44221.795537179307
  SUMM_ME: 2346.9169516008583
SystemInformation:
  OSName: Ubuntu 24.04.4 LTS
  Kernel: 6.17.0-1018-azure
  Device: ""
  Processor: INTEL(R) XEON(R) PLATINUM 8573C
  NumSockets: 1
  Manufacturer: GenuineIntel
  NumCores: 16
  NumLogicals: 32
  CPUFrequency: 2300
  CPUMaxFrequency: 2300
  Memory: 128803
  CPUInfo:
    number: 1
    Family: 6
    Model: 15
    stepping: 2
    features: 529267711
    manufacture: GenuineIntel
    typestring: INTEL(R) XEON(R) PLATINUM 8573C
    iCoresPerPackage: 16
    iThreadsPerPackage: 2
    featuresEx:
      - 529267711
      - 4294586915
      - 739248128
    bHybrid: false
    nPCore: 0
    nLogicalsPerPCore: 0
    nECore: 0
    nLogicalsPerECore: 0
  MemModuleInfo:
    iNumMemSticks: 3
    DIMM 1:
      manufacturer: Microsoft Corporation
      modulePartNo: None
      memType: Unknown
      size: 1
      clkspeed: 0
      moduleVoltage: 0
    DIMM 2:
      manufacturer: Microsoft Corporation
      modulePartNo: None
      memType: Unknown
      size: 59
      clkspeed: 0
      moduleVoltage: 0
    DIMM 3:
      manufacturer: Microsoft Corporation
      modulePartNo: None
      memType: Unknown
      size: 68
      clkspeed: 0
      moduleVoltage: 0
Checksum: D733354B5AB1522F14ABE3B1C3414703FEF0A80E