BaselineInfo:
  WebDBID: -1
  TimeStamp: 20250211234225
Version:
  Major: 11
  Minor: 0
  Build: 1002
  SpecialBuildName: ""
  ptArchitecture: x86_64_linux
Results:
  Results Complete: true
  NumTestProcesses: 2
  CPU_INTEGER_MATH: 9522.2596666666668
  CPU_FLOATINGPOINT_MATH: 6760.5201549928697
  CPU_PRIME: 19.469943873370038
  CPU_SORTING: 4862.0871457404673
  CPU_ENCRYPTION: 2112.2480886212547
  CPU_COMPRESSION: 35282.815457581877
  CPU_SINGLETHREAD: 2890.3541294130664
  CPU_PHYSICS: 463.52209414810761
  CPU_MATRIX_MULT_SSE: 2718.8733615799074
  CPU_mm: 269.48317154189363
  CPU_sse: 1167.4788293780061
  CPU_fma: 3318.1840679376091
  CPU_avx: 2479.9055310974109
  CPU_avx512: 3909.9250179066025
  m_CPU_enc_SHA: 2219368908.3674107
  m_CPU_enc_AES: 2874002116.0963974
  m_CPU_enc_ECDSA: 1551186930.8585548
  ME_ALLOC_S: 1615.9047277048076
  ME_READ_S: 26160.5712890625
  ME_READ_L: 10727.951171875
  ME_WRITE: 9859.98828125
  ME_LARGE: 1145
  ME_LATENCY: 57.823046970781547
  ME_THREADED: 16102.27392578125
  SUMM_CPU: 3736.1917369609719
  SUMM_ME: 1321.3646009196327
SystemInformation:
  OSName: Ubuntu 24.04.1 LTS
  Kernel: 6.8.0-1021-azure
  Device: ""
  Processor: INTEL XEON PLATINUM 8573C
  NumSockets: 1
  Manufacturer: GenuineIntel
  NumCores: 1
  NumLogicals: 2
  CPUFrequency: 2300
  Memory: 3911
  MemModuleInfo:
    iNumMemSticks: 2
    DIMM 1:
      manufacturer: Microsoft Corporation
      modulePartNo: None
      memType: Unknown
      size: 1
      clkspeed: 0
      moduleVoltage: 0
    DIMM 2:
      manufacturer: Microsoft Corporation
      modulePartNo: None
      memType: Unknown
      size: 3
      clkspeed: 0
      moduleVoltage: 0
Checksum: 87116364175AE3F7CC972F8AC4183C4600EEF514