---
system-info:
      stress-ng-version: 0.17.08
      run-by: root
      date-yyyy-mm-dd: 2024:08:30
      time-hh-mm-ss: 16:33:12
      epoch-secs: 1725035592
      hostname: sc-runner
      sysname: Linux
      nodename: sc-runner
      release: 6.8.0-1013-azure
      version: '#15-Ubuntu SMP Thu Aug  8 18:40:40 UTC 2024'
      machine: x86_64
      compiler: 'musl-gcc 13.2.1'
      uptime: 350
      totalram: 33652330496
      freeram: 25238880256
      sharedram: 21340160
      bufferram: 203468800
      totalswap: 0
      freeswap: 0
      pagesize: 4096
      cpus: 4
      cpus-online: 4
      ticks-per-second: 100

metrics:
    - stressor: cpu
      bogo-ops: 30895
      bogo-ops-per-second-usr-sys-time: 387.695339
      bogo-ops-per-second-real-time: 1544.731650
      wall-clock-time: 20.000238
      user-time: 79.665875
      system-time: 0.022986
      cpu-usage-per-instance: 99.609893
      max-rss: 3152

...
