---
system-info:
      stress-ng-version: 0.17.08
      run-by: root
      date-yyyy-mm-dd: 2024:09:16
      time-hh-mm-ss: 20:18:46
      epoch-secs: 1726517926
      hostname: sc-runner
      sysname: Linux
      nodename: sc-runner
      release: 6.8.0-1014-azure
      version: '#16-Ubuntu SMP Thu Aug 15 20:04:41 UTC 2024'
      machine: x86_64
      compiler: 'musl-gcc 13.2.1'
      uptime: 319
      totalram: 58965614592
      freeram: 48633012224
      sharedram: 57229312
      bufferram: 258289664
      totalswap: 0
      freeswap: 0
      pagesize: 4096
      cpus: 16
      cpus-online: 16
      ticks-per-second: 100

metrics:
    - stressor: cpu
      bogo-ops: 265914
      bogo-ops-per-second-usr-sys-time: 832.482142
      bogo-ops-per-second-real-time: 13295.609420
      wall-clock-time: 20.000136
      user-time: 319.377966
      system-time: 0.045102
      cpu-usage-per-instance: 99.819029
      max-rss: 3152

...
