---
system-info:
      stress-ng-version: 0.17.08
      run-by: root
      date-yyyy-mm-dd: 2024:09:06
      time-hh-mm-ss: 05:31:26
      epoch-secs: 1725600686
      hostname: sc-runner
      sysname: Linux
      nodename: sc-runner
      release: 6.8.0-1013-azure
      version: '#15-Ubuntu SMP Thu Aug  8 18:40:40 UTC 2024'
      machine: x86_64
      compiler: 'musl-gcc 13.2.1'
      uptime: 352
      totalram: 58965614592
      freeram: 50167558144
      sharedram: 42283008
      bufferram: 246947840
      totalswap: 0
      freeswap: 0
      pagesize: 4096
      cpus: 16
      cpus-online: 16
      ticks-per-second: 100

metrics:
    - stressor: cpu
      bogo-ops: 327096
      bogo-ops-per-second-usr-sys-time: 1023.646469
      bogo-ops-per-second-real-time: 16354.708099
      wall-clock-time: 20.000112
      user-time: 319.514961
      system-time: 0.025046
      cpu-usage-per-instance: 99.855691
      max-rss: 976

...
