---
system-info:
      stress-ng-version: 0.17.08
      run-by: root
      date-yyyy-mm-dd: 2024:07:03
      time-hh-mm-ss: 15:15:22
      epoch-secs: 1720019722
      hostname: n2-highmem-96-ff6bf24
      sysname: Linux
      nodename: n2-highmem-96-ff6bf24
      release: 6.8.0-1009-gcp
      version: '#10-Ubuntu SMP Wed Jun 12 18:52:23 UTC 2024'
      machine: x86_64
      compiler: 'musl-gcc 13.2.1'
      uptime: 166
      totalram: 811591729152
      freeram: 804785086464
      sharedram: 115036160
      bufferram: 133689344
      totalswap: 0
      freeswap: 0
      pagesize: 4096
      cpus: 96
      cpus-online: 96
      ticks-per-second: 100

metrics:
    - stressor: cpu
      bogo-ops: 36853
      bogo-ops-per-second-usr-sys-time: 1842.726381
      bogo-ops-per-second-real-time: 1842.643696
      wall-clock-time: 20.000068
      user-time: 19.999171
      system-time: 0.000000
      cpu-usage-per-instance: 99.995513
      max-rss: 768

...
