---
system-info:
      stress-ng-version: 0.17.08
      run-by: root
      date-yyyy-mm-dd: 2024:09:22
      time-hh-mm-ss: 08:10:43
      epoch-secs: 1726992643
      hostname: sc-runner
      sysname: Linux
      nodename: sc-runner
      release: 6.8.0-1014-azure
      version: '#16-Ubuntu SMP Thu Aug 15 20:04:41 UTC 2024'
      machine: x86_64
      compiler: 'musl-gcc 13.2.1'
      uptime: 326
      totalram: 135066300416
      freeram: 124555005952
      sharedram: 38154240
      bufferram: 271384576
      totalswap: 0
      freeswap: 0
      pagesize: 4096
      cpus: 16
      cpus-online: 16
      ticks-per-second: 100

metrics:
    - stressor: cpu
      bogo-ops: 55085
      bogo-ops-per-second-usr-sys-time: 2754.287458
      bogo-ops-per-second-real-time: 2754.241890
      wall-clock-time: 20.000059
      user-time: 19.998729
      system-time: 0.000999
      cpu-usage-per-instance: 99.998346
      max-rss: 1104

...
