---
system-info:
      stress-ng-version: 0.17.08
      run-by: root
      date-yyyy-mm-dd: 2024:06:21
      time-hh-mm-ss: 01:48:42
      epoch-secs: 1718934522
      hostname: 59cef874445f
      sysname: Linux
      nodename: 59cef874445f
      release: 6.8.0-1008-gcp
      version: '#9-Ubuntu SMP Wed May 22 18:09:04 UTC 2024'
      machine: x86_64
      compiler: 'musl-gcc 13.2.1'
      uptime: 187
      totalram: 13597184000
      freeram: 8629460992
      sharedram: 48603136
      bufferram: 134127616
      totalswap: 0
      freeswap: 0
      pagesize: 4096
      cpus: 2
      cpus-online: 2
      ticks-per-second: 100

metrics:
    - stressor: cpu
      bogo-ops: 29033
      bogo-ops-per-second-usr-sys-time: 735.772758
      bogo-ops-per-second-real-time: 1451.640240
      wall-clock-time: 20.000134
      user-time: 39.444223
      system-time: 0.014971
      cpu-usage-per-instance: 98.647322
      max-rss: 976

...
