BaselineInfo:
  WebDBID: -1
  TimeStamp: 20260404211346
Version:
  Major: 11
  Minor: 0
  Build: 1004
  SpecialBuildName: ""
  ptArchitecture: x86_64_linux
Results:
  Results Complete: true
  NumTestProcesses: 16
  CPU_INTEGER_MATH: 39279.590333333326
  CPU_FLOATINGPOINT_MATH: 21092.259701615472
  CPU_PRIME: 90.173884046551407
  CPU_SORTING: 24190.364356491405
  CPU_ENCRYPTION: 5441.3262222703825
  CPU_COMPRESSION: 180945.78463601269
  CPU_SINGLETHREAD: 1686.8450511361996
  CPU_PHYSICS: 1518.0327462433479
  CPU_MATRIX_MULT_SSE: 12453.287713840125
  CPU_mm: 1196.6805015270274
  CPU_sse: 4275.1506715160531
  CPU_fma: 14593.748695988757
  CPU_avx: 10320.161479376695
  CPU_avx512: 20624.090008478997
  m_CPU_enc_SHA: 1776509646.8678732
  m_CPU_enc_AES: 13730196117.273899
  m_CPU_enc_ECDSA: 1610226490.3883924
  ME_ALLOC_S: 4395.8848696245877
  ME_READ_S: 19510.609179687501
  ME_READ_L: 6855.4521484375
  ME_WRITE: 7146.70361328125
  ME_LARGE: 50614.666666666664
  ME_LATENCY: 74.606650702505505
  ME_THREADED: 74543.49951171875
  SUMM_CPU: 13262.558859739791
  SUMM_ME: 1848.6508090636432
SystemInformation:
  OSName: Ubuntu 24.04.4 LTS
  Kernel: 6.8.0-106-generic
  Device: ""
  Processor: Intel(R) Xeon(R) Platinum 8269CY CPU @ 2.50GHz
  NumSockets: 1
  Manufacturer: GenuineIntel
  NumCores: 8
  NumLogicals: 16
  CPUFrequency: 2500
  CPUMaxFrequency: 3800
  Memory: 63787
  CPUInfo:
    number: 1
    Family: 6
    Model: 5
    stepping: 7
    features: 529267711
    manufacture: GenuineIntel
    typestring: Intel(R) Xeon(R) Platinum 8269CY CPU @ 2.50GHz
    iCoresPerPackage: 8
    iThreadsPerPackage: 2
    featuresEx:
      - 529267711
      - 4294586883
      - 739248128
    bHybrid: false
    nPCore: 0
    nLogicalsPerPCore: 0
    nECore: 0
    nLogicalsPerECore: 0
  MemModuleInfo:
    iNumMemSticks: 4
    DIMM 1:
      manufacturer: Alibaba Cloud
      modulePartNo: Not Specified
      memType: RAM
      size: 16
      clkspeed: 0
      moduleVoltage: 0
    DIMM 2:
      manufacturer: Alibaba Cloud
      modulePartNo: Not Specified
      memType: RAM
      size: 16
      clkspeed: 0
      moduleVoltage: 0
    DIMM 3:
      manufacturer: Alibaba Cloud
      modulePartNo: Not Specified
      memType: RAM
      size: 16
      clkspeed: 0
      moduleVoltage: 0
    DIMM 4:
      manufacturer: Alibaba Cloud
      modulePartNo: Not Specified
      memType: RAM
      size: 16
      clkspeed: 0
      moduleVoltage: 0
Checksum: 3DCC264D5E444CCB70DB1FDFC7C016554334C121