---
system-info:
      stress-ng-version: 0.17.08
      run-by: root
      date-yyyy-mm-dd: 2024:07:12
      time-hh-mm-ss: 08:55:35
      epoch-secs: 1720774535
      hostname: ip-172-31-14-232
      sysname: Linux
      nodename: ip-172-31-14-232
      release: 6.8.0-1010-aws
      version: '#10-Ubuntu SMP Thu Jun 13 17:36:15 UTC 2024'
      machine: x86_64
      compiler: 'musl-gcc 13.2.1'
      uptime: 250
      totalram: 267384233984
      freeram: 259055013888
      sharedram: 20594688
      bufferram: 131190784
      totalswap: 0
      freeswap: 0
      pagesize: 4096
      cpus: 64
      cpus-online: 64
      ticks-per-second: 100

metrics:
    - stressor: cpu
      bogo-ops: 490832
      bogo-ops-per-second-usr-sys-time: 383.686468
      bogo-ops-per-second-real-time: 24541.398854
      wall-clock-time: 20.000164
      user-time: 1279.210853
      system-time: 0.041976
      cpu-usage-per-instance: 99.940808
      max-rss: 512

...
