---
system-info:
      stress-ng-version: 0.17.08
      run-by: root
      date-yyyy-mm-dd: 2024:06:06
      time-hh-mm-ss: 17:22:32
      epoch-secs: 1717694552
      hostname: ecffe0ca2779
      sysname: Linux
      nodename: ecffe0ca2779
      release: 6.8.0-1008-aws
      version: '#8-Ubuntu SMP Sat Apr 20 00:46:25 UTC 2024'
      machine: x86_64
      compiler: 'musl-gcc 13.2.1'
      uptime: 146
      totalram: 199374536704
      freeram: 194657767424
      sharedram: 114089984
      bufferram: 85905408
      totalswap: 0
      freeswap: 0
      pagesize: 4096
      cpus: 96
      cpus-online: 96
      ticks-per-second: 100

metrics:
    - stressor: cpu
      bogo-ops: 21054
      bogo-ops-per-second-usr-sys-time: 2105.243580
      bogo-ops-per-second-real-time: 2105.273562
      wall-clock-time: 10.000601
      user-time: 10.000743
      system-time: 0.000000
      cpu-usage-per-instance: 100.001424
      max-rss: 3072

...
