---
system-info:
      stress-ng-version: 0.17.08
      run-by: root
      date-yyyy-mm-dd: 2024:06:15
      time-hh-mm-ss: 10:22:18
      epoch-secs: 1718446938
      hostname: ab2061ab930d
      sysname: Linux
      nodename: ab2061ab930d
      release: 6.8.0-1008-aws
      version: '#8-Ubuntu SMP Sat Apr 20 00:46:25 UTC 2024'
      machine: x86_64
      compiler: 'musl-gcc 13.2.1'
      uptime: 165
      totalram: 199374548992
      freeram: 194394607616
      sharedram: 114089984
      bufferram: 108933120
      totalswap: 0
      freeswap: 0
      pagesize: 4096
      cpus: 96
      cpus-online: 96
      ticks-per-second: 100

metrics:
    - stressor: cpu
      bogo-ops: 40377
      bogo-ops-per-second-usr-sys-time: 2018.840915
      bogo-ops-per-second-real-time: 2018.847858
      wall-clock-time: 20.000021
      user-time: 20.000090
      system-time: 0.000000
      cpu-usage-per-instance: 100.000344
      max-rss: 768

...
