---
system-info:
      stress-ng-version: 0.17.08
      run-by: root
      date-yyyy-mm-dd: 2024:06:08
      time-hh-mm-ss: 05:55:32
      epoch-secs: 1717826132
      hostname: fb682b50f0da
      sysname: Linux
      nodename: fb682b50f0da
      release: 6.8.0-1008-aws
      version: '#8-Ubuntu SMP Sat Apr 20 02:43:14 UTC 2024'
      machine: aarch64
      compiler: 'musl-gcc 13.2.1'
      uptime: 115
      totalram: 66596827136
      freeram: 62236196864
      sharedram: 35024896
      bufferram: 96174080
      totalswap: 0
      freeswap: 0
      pagesize: 4096
      cpus: 8
      cpus-online: 8
      ticks-per-second: 100

metrics:
    - stressor: cpu
      bogo-ops: 23511
      bogo-ops-per-second-usr-sys-time: 293.315074
      bogo-ops-per-second-real-time: 2340.794963
      wall-clock-time: 10.044024
      user-time: 80.147134
      system-time: 0.008992
      cpu-usage-per-instance: 99.755995
      max-rss: 4136

...
