---
system-info:
      stress-ng-version: 0.17.08
      run-by: root
      date-yyyy-mm-dd: 2024:06:13
      time-hh-mm-ss: 19:17:58
      epoch-secs: 1718306278
      hostname: 1e81f75820a2
      sysname: Linux
      nodename: 1e81f75820a2
      release: 6.8.0-1008-aws
      version: '#8-Ubuntu SMP Sat Apr 20 02:43:14 UTC 2024'
      machine: aarch64
      compiler: 'musl-gcc 13.2.1'
      uptime: 165
      totalram: 66596831232
      freeram: 62249152512
      sharedram: 35016704
      bufferram: 104931328
      totalswap: 0
      freeswap: 0
      pagesize: 4096
      cpus: 8
      cpus-online: 8
      ticks-per-second: 100

metrics:
    - stressor: cpu
      bogo-ops: 242611
      bogo-ops-per-second-usr-sys-time: 1519.425795
      bogo-ops-per-second-real-time: 12130.517174
      wall-clock-time: 20.000054
      user-time: 159.661827
      system-time: 0.010992
      cpu-usage-per-instance: 99.795242
      max-rss: 1192

...
