size_kb,operation,bandwidth_mb_s,latency_ns,latency_stddev_ns,latency_samples,threads,iterations,elapsed_s
32,read,78369.75,0,0,0,1,407830,0.162623
32,write,78364.73,0,0,0,1,553097,0.220562
32,copy,76330.01,0,0,0,1,521920,0.213677
32,latency,0,1.97,0.10,13,1,13,0.531698
128,read,55555.30,0,0,0,1,101584,0.228565
128,write,78215.09,0,0,0,1,152905,0.244366
128,copy,54316.93,0,0,0,1,104166,0.239718
128,latency,0,3.34,0.01,7,1,7,0.709449
512,read,53755.63,0,0,0,1,31709,0.294937
512,write,78055.88,0,0,0,1,38337,0.245574
512,copy,38369.04,0,0,0,1,25040,0.326305
512,latency,0,5.40,0.02,7,1,7,0.718539
1024,read,46703.38,0,0,0,1,14063,0.301113
1024,write,77614.80,0,0,0,1,19626,0.252864
1024,copy,42653.15,0,0,0,1,11227,0.263216
1024,latency,0,10.64,0.19,7,1,7,0.653793
2048,read,41298.19,0,0,0,1,6071,0.294008
2048,write,76287.79,0,0,0,1,9575,0.251023
2048,copy,36703.81,0,0,0,1,4705,0.256377
2048,latency,0,21.15,0.18,7,1,7,0.712420
8192,read,40998.04,0,0,0,1,913,0.178155
8192,write,63870.11,0,0,0,1,2036,0.255018
8192,copy,32433.83,0,0,0,1,837,0.206451
8192,latency,0,27.41,0.11,7,1,7,0.769405
16384,read,39745.69,0,0,0,1,453,0.182359
16384,write,61766.36,0,0,0,1,977,0.253083
16384,copy,31631.05,0,0,0,1,423,0.213967
16384,latency,0,28.58,0.11,7,1,7,0.767412
32768,read,36856.09,0,0,0,1,221,0.191881
32768,write,60472.12,0,0,0,1,469,0.248180
32768,copy,31214.94,0,0,0,1,205,0.210156
32768,latency,0,43.52,7.88,21,1,21,2.380203
65536,read,28577.51,0,0,0,1,109,0.244108
65536,write,60082.50,0,0,0,1,235,0.250322
65536,copy,28314.60,0,0,0,1,103,0.232813
65536,latency,0,91.84,1.78,7,1,7,4.140809
131072,read,27926.81,0,0,0,1,54,0.247504
131072,write,59697.97,0,0,0,1,117,0.250863
131072,copy,26964.39,0,0,0,1,51,0.242097
131072,latency,0,105.68,1.27,7,1,7,9.607840
