---
system-info:
      stress-ng-version: 0.17.08
      run-by: root
      date-yyyy-mm-dd: 2024:06:13
      time-hh-mm-ss: 02:23:23
      epoch-secs: 1718245403
      hostname: e36478d09bef
      sysname: Linux
      nodename: e36478d09bef
      release: 6.8.0-1008-aws
      version: '#8-Ubuntu SMP Sat Apr 20 00:46:25 UTC 2024'
      machine: x86_64
      compiler: 'musl-gcc 13.2.1'
      uptime: 172
      totalram: 132900265984
      freeram: 128164904960
      sharedram: 60411904
      bufferram: 111337472
      totalswap: 0
      freeswap: 0
      pagesize: 4096
      cpus: 64
      cpus-online: 64
      ticks-per-second: 100

metrics:
    - stressor: cpu
      bogo-ops: 1235655
      bogo-ops-per-second-usr-sys-time: 965.643420
      bogo-ops-per-second-real-time: 61782.515849
      wall-clock-time: 20.000076
      user-time: 1279.585329
      system-time: 0.032980
      cpu-usage-per-instance: 99.969802
      max-rss: 512

...
