---
system-info:
      stress-ng-version: 0.17.08
      run-by: root
      date-yyyy-mm-dd: 2024:06:06
      time-hh-mm-ss: 11:42:24
      epoch-secs: 1717674144
      hostname: 1d441a2c8b0d
      sysname: Linux
      nodename: 1d441a2c8b0d
      release: 6.8.0-1008-aws
      version: '#8-Ubuntu SMP Sat Apr 20 00:46:25 UTC 2024'
      machine: x86_64
      compiler: 'musl-gcc 13.2.1'
      uptime: 160
      totalram: 132900237312
      freeram: 128343924736
      sharedram: 60411904
      bufferram: 82759680
      totalswap: 0
      freeswap: 0
      pagesize: 4096
      cpus: 64
      cpus-online: 64
      ticks-per-second: 100

metrics:
    - stressor: cpu
      bogo-ops: 751099
      bogo-ops-per-second-usr-sys-time: 1174.055607
      bogo-ops-per-second-real-time: 75097.434409
      wall-clock-time: 10.001660
      user-time: 639.688410
      system-time: 0.058971
      cpu-usage-per-instance: 99.943938
      max-rss: 3584

...
