BaselineInfo:
  WebDBID: -1
  TimeStamp: 20241107095152
Version:
  Major: 11
  Minor: 0
  Build: 1002
  SpecialBuildName: ""
  ptArchitecture: x86_64_linux
Results:
  Results Complete: true
  NumTestProcesses: 2
  CPU_INTEGER_MATH: 8363.0426666666681
  CPU_FLOATINGPOINT_MATH: 4279.6486036222141
  CPU_PRIME: 18.003788248267924
  CPU_SORTING: 4343.8378870486904
  CPU_ENCRYPTION: 1798.641086571645
  CPU_COMPRESSION: 32299.877376395001
  CPU_SINGLETHREAD: 2361.4582227511878
  CPU_PHYSICS: 359.83777558115236
  CPU_MATRIX_MULT_SSE: 1680.2908315042766
  CPU_mm: 180.44264017887588
  CPU_sse: 794.04477365317177
  CPU_fma: 2182.3105750432333
  CPU_avx: 1612.6812182947706
  CPU_avx512: 2132.1267590259304
  m_CPU_enc_SHA: 1778477199.7321653
  m_CPU_enc_AES: 2751482110.6591539
  m_CPU_enc_ECDSA: 1128076317.5875278
  ME_ALLOC_S: 873.25809027310254
  ME_READ_S: 23141.768359375001
  ME_READ_L: 7928.3369140625
  ME_WRITE: 7481.0009765625
  ME_LARGE: 6065
  ME_LATENCY: 89.952387144911128
  ME_THREADED: 11396.92138671875
  SUMM_CPU: 2979.268263122
  SUMM_ME: 1360.1875435516074
SystemInformation:
  OSName: Ubuntu 24.04.1 LTS
  Kernel: 6.8.0-1017-azure
  Device: ""
  Processor: Intel Xeon Platinum 8370C CPU @ 2.80GHz
  NumSockets: 1
  Manufacturer: GenuineIntel
  NumCores: 1
  NumLogicals: 2
  CPUFrequency: 2800
  Memory: 15989
  MemModuleInfo:
    iNumMemSticks: 2
    DIMM 1:
      manufacturer: Microsoft Corporation
      modulePartNo: None
      memType: Unknown
      size: 1
      clkspeed: 0
      moduleVoltage: 0
    DIMM 2:
      manufacturer: Microsoft Corporation
      modulePartNo: None
      memType: Unknown
      size: 15
      clkspeed: 0
      moduleVoltage: 0
Checksum: 721034B6F77682D338D5625212DDE1F3E0F34205