BaselineInfo:
  WebDBID: -1
  TimeStamp: 20260630171615
Version:
  Major: 11
  Minor: 0
  Build: 1004
  SpecialBuildName: ""
  ptArchitecture: x86_64_linux
Results:
  Results Complete: true
  NumTestProcesses: 16
  CPU_INTEGER_MATH: 99133.13466666668
  CPU_FLOATINGPOINT_MATH: 116851.78876889445
  CPU_PRIME: 334.81383368257417
  CPU_SORTING: 59201.528849309259
  CPU_ENCRYPTION: 24670.804633649284
  CPU_COMPRESSION: 437981.09950054577
  CPU_SINGLETHREAD: 3317.3404634060757
  CPU_PHYSICS: 6155.7699449974361
  CPU_MATRIX_MULT_SSE: 46461.747469316746
  CPU_mm: 4731.192014650388
  CPU_sse: 18929.432888794548
  CPU_fma: 59583.67761018555
  CPU_avx: 42447.90451510674
  CPU_avx512: 64885.97486318017
  m_CPU_enc_SHA: 31449008691.524448
  m_CPU_enc_AES: 26520937949.701126
  m_CPU_enc_ECDSA: 19637694277.374722
  ME_ALLOC_S: 16440.522662573225
  ME_READ_S: 29757.073828125001
  ME_READ_L: 9424.43359375
  ME_WRITE: 8236.1328125
  ME_LARGE: 171555.75
  ME_LATENCY: 79.617186839251289
  ME_THREADED: 149256.56005859375
  SUMM_CPU: 40930.364504053636
  SUMM_ME: 2177.6501755328304
SystemInformation:
  OSName: Ubuntu 24.04.4 LTS
  Kernel: 6.8.0-124-generic
  Device: ""
  Processor: Intel(R) Xeon(R) Gold 6448H
  NumSockets: 16
  Manufacturer: GenuineIntel
  NumCores: 16
  NumLogicals: 16
  CPUFrequency: 0
  CPUMaxFrequency: 0
  Memory: 181125
  CPUInfo:
    number: 16
    Family: 6
    Model: 15
    stepping: 8
    features: 260832255
    manufacture: GenuineIntel
    typestring: Intel(R) Xeon(R) Gold 6448H
    iCoresPerPackage: 1
    iThreadsPerPackage: 1
    featuresEx:
      - 260832255
      - 4294619651
      - 739248128
    bHybrid: false
    nPCore: 0
    nLogicalsPerPCore: 0
    nECore: 0
    nLogicalsPerECore: 0
  MemModuleInfo:
    iNumMemSticks: 12
    DIMM 1:
      manufacturer: QEMU
      modulePartNo: Not Specified
      memType: RAM
      size: 16
      clkspeed: 0
      moduleVoltage: 0
    DIMM 2:
      manufacturer: QEMU
      modulePartNo: Not Specified
      memType: RAM
      size: 16
      clkspeed: 0
      moduleVoltage: 0
    DIMM 3:
      manufacturer: QEMU
      modulePartNo: Not Specified
      memType: RAM
      size: 16
      clkspeed: 0
      moduleVoltage: 0
    DIMM 4:
      manufacturer: QEMU
      modulePartNo: Not Specified
      memType: RAM
      size: 16
      clkspeed: 0
      moduleVoltage: 0
    DIMM 5:
      manufacturer: QEMU
      modulePartNo: Not Specified
      memType: RAM
      size: 16
      clkspeed: 0
      moduleVoltage: 0
    DIMM 6:
      manufacturer: QEMU
      modulePartNo: Not Specified
      memType: RAM
      size: 16
      clkspeed: 0
      moduleVoltage: 0
    DIMM 7:
      manufacturer: QEMU
      modulePartNo: Not Specified
      memType: RAM
      size: 16
      clkspeed: 0
      moduleVoltage: 0
    DIMM 8:
      manufacturer: QEMU
      modulePartNo: Not Specified
      memType: RAM
      size: 16
      clkspeed: 0
      moduleVoltage: 0
    DIMM 9:
      manufacturer: QEMU
      modulePartNo: Not Specified
      memType: RAM
      size: 16
      clkspeed: 0
      moduleVoltage: 0
    DIMM 10:
      manufacturer: QEMU
      modulePartNo: Not Specified
      memType: RAM
      size: 16
      clkspeed: 0
      moduleVoltage: 0
    DIMM 11:
      manufacturer: QEMU
      modulePartNo: Not Specified
      memType: RAM
      size: 16
      clkspeed: 0
      moduleVoltage: 0
    DIMM 12:
      manufacturer: QEMU
      modulePartNo: Not Specified
      memType: RAM
      size: 4
      clkspeed: 0
      moduleVoltage: 0
Checksum: 0F3978A9FC940251AC7E0B64635C59C54A929394