BaselineInfo:
  WebDBID: -1
  TimeStamp: 20241115114537
Version:
  Major: 11
  Minor: 0
  Build: 1002
  SpecialBuildName: ""
  ptArchitecture: x86_64_linux
Results:
  Results Complete: true
  NumTestProcesses: 2
  CPU_INTEGER_MATH: 6585.6759999999995
  CPU_FLOATINGPOINT_MATH: 3942.6233338342818
  CPU_PRIME: 18.520360610698717
  CPU_SORTING: 4267.4524411964103
  CPU_ENCRYPTION: 2092.9044542958241
  CPU_COMPRESSION: 29437.133834720815
  CPU_SINGLETHREAD: 2061.0754364260097
  CPU_PHYSICS: 357.06890374234001
  CPU_MATRIX_MULT_SSE: 1735.7218083706639
  CPU_mm: 197.95889187810968
  CPU_sse: 818.25012268893988
  CPU_fma: 2642.7069647712033
  CPU_avx: 1746.2083376518494
  CPU_avx512: 0
  m_CPU_enc_SHA: 2957308118.7698774
  m_CPU_enc_AES: 2021673739.8770773
  m_CPU_enc_ECDSA: 1604726284.556139
  ME_ALLOC_S: 732.46924895444909
  ME_READ_S: 23856.288281249999
  ME_READ_L: 12656.197265625
  ME_WRITE: 12767.3076171875
  ME_LARGE: 642.66666666666663
  ME_LATENCY: 50.841896188550287
  ME_THREADED: 20764.052734375
  SUMM_CPU: 2820.2050538466938
  SUMM_ME: 1034.8359604047216
SystemInformation:
  OSName: Ubuntu 24.04.1 LTS
  Kernel: 6.8.0-1018-aws
  Device: ""
  Processor: AMD EPYC 7R32
  NumSockets: 1
  Manufacturer: AuthenticAMD
  NumCores: 1
  NumLogicals: 2
  CPUFrequency: 0
  Memory: 3836
  MemModuleInfo:
    iNumMemSticks: 1
    DIMM 1:
      manufacturer: Not Specified
      modulePartNo: Not Specified
      memType: DDR4
      size: 4
      clkspeed: 1466
      moduleVoltage: 0
Checksum: FCBCAE3228C49A40635B122427FB520E8C4EB2D6