BaselineInfo:
  WebDBID: -1
  TimeStamp: 20241106234045
Version:
  Major: 11
  Minor: 0
  Build: 1002
  SpecialBuildName: ""
  ptArchitecture: x86_64_linux
Results:
  Results Complete: true
  NumTestProcesses: 2
  CPU_INTEGER_MATH: 6712.387333333334
  CPU_FLOATINGPOINT_MATH: 4016.1416683104153
  CPU_PRIME: 19.234336567219792
  CPU_SORTING: 4248.046492194555
  CPU_ENCRYPTION: 2128.1330408233334
  CPU_COMPRESSION: 30322.914635010442
  CPU_SINGLETHREAD: 2104.2775695231594
  CPU_PHYSICS: 363.4513362769369
  CPU_MATRIX_MULT_SSE: 1754.4349282215862
  CPU_mm: 200.67463922916926
  CPU_sse: 829.77213612671994
  CPU_fma: 2682.0557910474017
  CPU_avx: 1751.4768574906373
  CPU_avx512: 0
  m_CPU_enc_SHA: 3003620625.62251
  m_CPU_enc_AES: 2061348401.3787498
  m_CPU_enc_ECDSA: 1629558667.2418442
  ME_ALLOC_S: 709.26416106616512
  ME_READ_S: 23963.792773437501
  ME_READ_L: 12537.8701171875
  ME_WRITE: 12958.078125
  ME_LARGE: 593.33333333333337
  ME_LATENCY: 50.695413911722653
  ME_THREADED: 20568.2158203125
  SUMM_CPU: 2869.6229752932136
  SUMM_ME: 989.74226166356038
SystemInformation:
  OSName: Ubuntu 24.04.1 LTS
  Kernel: 6.8.0-1016-aws
  Device: ""
  Processor: AMD EPYC 7R32
  NumSockets: 1
  Manufacturer: AuthenticAMD
  NumCores: 1
  NumLogicals: 2
  CPUFrequency: 0
  Memory: 3836
  MemModuleInfo:
    iNumMemSticks: 1
    DIMM 1:
      manufacturer: Not Specified
      modulePartNo: Not Specified
      memType: DDR4
      size: 4
      clkspeed: 1466
      moduleVoltage: 0
Checksum: 44B7BD68CD54E86FF5BD6D204749B6BA49BF4F08