BaselineInfo:
  WebDBID: -1
  TimeStamp: 20241109184109
Version:
  Major: 11
  Minor: 0
  Build: 1002
  SpecialBuildName: ""
  ptArchitecture: x86_64_linux
Results:
  Results Complete: true
  NumTestProcesses: 48
  CPU_INTEGER_MATH: 136423.04466666665
  CPU_FLOATINGPOINT_MATH: 73015.467411350823
  CPU_PRIME: 165.54166347809729
  CPU_SORTING: 69046.122604565346
  CPU_ENCRYPTION: 18582.206314493909
  CPU_COMPRESSION: 598622.39152785914
  CPU_SINGLETHREAD: 1946.0943139194578
  CPU_PHYSICS: 2506.1679677748871
  CPU_MATRIX_MULT_SSE: 37023.395860808341
  CPU_mm: 4141.1776154029903
  CPU_sse: 14817.773644620662
  CPU_fma: 43975.773699747151
  CPU_avx: 31051.994522575598
  CPU_avx512: 58248.041576289943
  m_CPU_enc_SHA: 6118724935.0765705
  m_CPU_enc_AES: 46859024205.571335
  m_CPU_enc_ECDSA: 5476817564.6323929
  ME_ALLOC_S: 15531.162432330997
  ME_READ_S: 23650.107421875
  ME_READ_L: 10575.8955078125
  ME_WRITE: 10111.529296875
  ME_LARGE: 176920.66666666666
  ME_LATENCY: 52.757874346784114
  ME_THREADED: 114068.77294921875
  SUMM_CPU: 34629.491972858377
  SUMM_ME: 2649.6060246125185
SystemInformation:
  OSName: Ubuntu 24.04.1 LTS
  Kernel: 6.8.0-1016-aws
  Device: ""
  Processor: Intel Xeon Platinum 8259CL CPU @ 2.50GHz
  NumSockets: 1
  Manufacturer: GenuineIntel
  NumCores: 24
  NumLogicals: 48
  CPUFrequency: 0
  Memory: 191164
  MemModuleInfo:
    iNumMemSticks: 1
    DIMM 1:
      manufacturer: Not Specified
      modulePartNo: Not Specified
      memType: DDR4
      size: 192
      clkspeed: 1466
      moduleVoltage: 0
Checksum: 8478521463C65D8F2D893E651BAB9A387FEE7553