---
system-info:
      stress-ng-version: 0.17.08
      run-by: root
      date-yyyy-mm-dd: 2024:09:14
      time-hh-mm-ss: 21:30:54
      epoch-secs: 1726349454
      hostname: ip-172-31-34-204
      sysname: Linux
      nodename: ip-172-31-34-204
      release: 6.8.0-1014-aws
      version: '#15-Ubuntu SMP Thu Aug  8 19:13:06 UTC 2024'
      machine: x86_64
      compiler: 'musl-gcc 13.2.1'
      uptime: 262
      totalram: 4126222499840
      freeram: 4111653720064
      sharedram: 191258624
      bufferram: 225480704
      totalswap: 0
      freeswap: 0
      pagesize: 4096
      cpus: 128
      cpus-online: 128
      ticks-per-second: 100

metrics:
    - stressor: cpu
      bogo-ops: 981034
      bogo-ops-per-second-usr-sys-time: 383.408943
      bogo-ops-per-second-real-time: 49050.882161
      wall-clock-time: 20.000333
      user-time: 2558.644641
      system-time: 0.069799
      cpu-usage-per-instance: 99.948116
      max-rss: 0

...
