BaselineInfo:
  WebDBID: -1
  TimeStamp: 20241115172534
Version:
  Major: 11
  Minor: 0
  Build: 1002
  SpecialBuildName: ""
  ptArchitecture: x86_64_linux
Results:
  Results Complete: true
  NumTestProcesses: 2
  CPU_INTEGER_MATH: 6525.7756666666673
  CPU_FLOATINGPOINT_MATH: 3509.3334108771523
  CPU_PRIME: 14.080168845639328
  CPU_SORTING: 3465.1458935764404
  CPU_ENCRYPTION: 896.07672673594482
  CPU_COMPRESSION: 29838.477027052162
  CPU_SINGLETHREAD: 2001.7865882978072
  CPU_PHYSICS: 298.73083156579105
  CPU_MATRIX_MULT_SSE: 1623.5739057035007
  CPU_mm: 197.24767206600433
  CPU_sse: 715.81544647498117
  CPU_fma: 2088.0633940036792
  CPU_avx: 1474.9429490587768
  CPU_avx512: 2215.4738332765664
  m_CPU_enc_SHA: 295775388.38261747
  m_CPU_enc_AES: 2262063400.9906349
  m_CPU_enc_ECDSA: 260974860.06835777
  ME_ALLOC_S: 748.59165912239519
  ME_READ_S: 25036.082421874999
  ME_READ_L: 10166.8779296875
  ME_WRITE: 9965.48046875
  ME_LARGE: 657.66666666666663
  ME_LATENCY: 53.673177466568461
  ME_THREADED: 12596.47900390625
  SUMM_CPU: 2324.9963473163189
  SUMM_ME: 979.8501395350163
SystemInformation:
  OSName: Ubuntu 24.04.1 LTS
  Kernel: 6.8.0-1018-aws
  Device: ""
  Processor: Intel Xeon Platinum 8275CL CPU @ 3.00GHz
  NumSockets: 1
  Manufacturer: GenuineIntel
  NumCores: 1
  NumLogicals: 2
  CPUFrequency: 0
  Memory: 3794
  MemModuleInfo:
    iNumMemSticks: 1
    DIMM 1:
      manufacturer: Not Specified
      modulePartNo: Not Specified
      memType: DDR4
      size: 4
      clkspeed: 1466
      moduleVoltage: 0
Checksum: 90BE32482A192274C69DC6EC89B9783C11636FCE