BaselineInfo:
  WebDBID: -1
  TimeStamp: 20241107054730
Version:
  Major: 11
  Minor: 0
  Build: 1002
  SpecialBuildName: ""
  ptArchitecture: x86_64_linux
Results:
  Results Complete: true
  NumTestProcesses: 2
  CPU_INTEGER_MATH: 6126.5900000000001
  CPU_FLOATINGPOINT_MATH: 3292.2684093600583
  CPU_PRIME: 10.097924337703155
  CPU_SORTING: 3194.6279577283003
  CPU_ENCRYPTION: 841.62241007154137
  CPU_COMPRESSION: 27385.324141404719
  CPU_SINGLETHREAD: 1918.3718900224412
  CPU_PHYSICS: 220.91426762791832
  CPU_MATRIX_MULT_SSE: 1705.0983301746774
  CPU_mm: 186.57169892821713
  CPU_sse: 667.02256897292261
  CPU_fma: 2209.5740439931055
  CPU_avx: 1563.3925953440248
  CPU_avx512: 2380.4041123886559
  m_CPU_enc_SHA: 277497879.51987636
  m_CPU_enc_AES: 2124812866.7696538
  m_CPU_enc_ECDSA: 245204434.49999943
  ME_ALLOC_S: 659.1989827120276
  ME_READ_S: 23112.223437500001
  ME_READ_L: 9118.751953125
  ME_WRITE: 9601.7177734375
  ME_LARGE: 594.91666666666663
  ME_LATENCY: 59.485563917558295
  ME_THREADED: 11448.9013671875
  SUMM_CPU: 2158.3665002113207
  SUMM_ME: 887.94669053070629
SystemInformation:
  OSName: Ubuntu 24.04.1 LTS
  Kernel: 6.8.0-1016-aws
  Device: ""
  Processor: Intel Xeon Platinum 8124M CPU @ 3.00GHz
  NumSockets: 1
  Manufacturer: GenuineIntel
  NumCores: 1
  NumLogicals: 2
  CPUFrequency: 0
  Memory: 3768
  MemModuleInfo:
    iNumMemSticks: 1
    DIMM 1:
      manufacturer: Not Specified
      modulePartNo: Not Specified
      memType: DDR4
      size: 4
      clkspeed: 1333
      moduleVoltage: 0
Checksum: 2A3C85EEE608F05A999E23515CD1F0F2D9F67FBC