BaselineInfo:
  WebDBID: -1
  TimeStamp: 20241115081758
Version:
  Major: 11
  Minor: 0
  Build: 1002
  SpecialBuildName: ""
  ptArchitecture: x86_64_linux
Results:
  Results Complete: true
  NumTestProcesses: 2
  CPU_INTEGER_MATH: 6134.4236666666666
  CPU_FLOATINGPOINT_MATH: 3297.4143684629416
  CPU_PRIME: 12.894783679077738
  CPU_SORTING: 3207.4488971283504
  CPU_ENCRYPTION: 843.98819726434112
  CPU_COMPRESSION: 27223.400900820841
  CPU_SINGLETHREAD: 1935.9159465397156
  CPU_PHYSICS: 277.58044683231913
  CPU_MATRIX_MULT_SSE: 1730.5920233925478
  CPU_mm: 186.54718155610354
  CPU_sse: 673.50719462329403
  CPU_fma: 2211.6208660786233
  CPU_avx: 1564.2217935013755
  CPU_avx512: 2473.0182393668983
  m_CPU_enc_SHA: 277766147.06659323
  m_CPU_enc_AES: 2131078105.4286213
  m_CPU_enc_ECDSA: 246113051.30874658
  ME_ALLOC_S: 707.70735542286468
  ME_READ_S: 23454.465039062499
  ME_READ_L: 9689.28125
  ME_WRITE: 9630.7607421875
  ME_LARGE: 611.5
  ME_LATENCY: 54.776638627380777
  ME_THREADED: 11910.37939453125
  SUMM_CPU: 2203.4129468110582
  SUMM_ME: 924.94048770930453
SystemInformation:
  OSName: Ubuntu 24.04.1 LTS
  Kernel: 6.8.0-1018-aws
  Device: ""
  Processor: Intel Xeon Platinum 8124M CPU @ 3.00GHz
  NumSockets: 1
  Manufacturer: GenuineIntel
  NumCores: 1
  NumLogicals: 2
  CPUFrequency: 0
  Memory: 3768
  MemModuleInfo:
    iNumMemSticks: 1
    DIMM 1:
      manufacturer: Not Specified
      modulePartNo: Not Specified
      memType: DDR4
      size: 4
      clkspeed: 1466
      moduleVoltage: 0
Checksum: 2848E9F643AA1B548266F1654910C086DF0E35CA