BaselineInfo:
  WebDBID: -1
  TimeStamp: 20260522171408
Version:
  Major: 11
  Minor: 0
  Build: 1004
  SpecialBuildName: ""
  ptArchitecture: x86_64_linux
Results:
  Results Complete: true
  NumTestProcesses: 32
  CPU_INTEGER_MATH: 176290.72800000003
  CPU_FLOATINGPOINT_MATH: 145578.05647970689
  CPU_PRIME: 395.51206741773518
  CPU_SORTING: 81001.440564885561
  CPU_ENCRYPTION: 41392.288427911953
  CPU_COMPRESSION: 626840.99871854426
  CPU_SINGLETHREAD: 2622.4040035449548
  CPU_PHYSICS: 7194.7722650058686
  CPU_MATRIX_MULT_SSE: 62470.080550886138
  CPU_mm: 6873.6283075628226
  CPU_sse: 24511.53122720962
  CPU_fma: 68340.530310517614
  CPU_avx: 52694.245910667974
  CPU_avx512: 104334.01475514939
  m_CPU_enc_SHA: 56833082770.968521
  m_CPU_enc_AES: 38668004993.261955
  m_CPU_enc_ECDSA: 34707792927.528107
  ME_ALLOC_S: 29894.311320384608
  ME_READ_S: 32818.518945312499
  ME_READ_L: 26274.93359375
  ME_WRITE: 29570.3984375
  ME_LARGE: 49352.416666666664
  ME_LATENCY: 174.16712093199803
  ME_THREADED: 188377.8232421875
  SUMM_CPU: 52444.280111691616
  SUMM_ME: 1580.5228591013708
SystemInformation:
  OSName: Ubuntu 24.04.4 LTS
  Kernel: 6.8.0-111-generic
  Device: ""
  Processor: "AMD EPYC 9575F 64-Core Processor               "
  NumSockets: 1
  Manufacturer: AuthenticAMD
  NumCores: 32
  NumLogicals: 32
  CPUFrequency: 0
  CPUMaxFrequency: 0
  Memory: 64209
  CPUInfo:
    number: 1
    Family: 15
    Model: 2
    stepping: 1
    features: 395049983
    manufacture: AuthenticAMD
    typestring: "AMD EPYC 9575F 64-Core Processor               "
    iCoresPerPackage: 255
    iThreadsPerPackage: 1
    featuresEx:
      - 395049983
      - 4294586883
      - 802421759
    bHybrid: false
    nPCore: 0
    nLogicalsPerPCore: 0
    nECore: 0
    nLogicalsPerECore: 0
  MemModuleInfo:
    iNumMemSticks: 4
    DIMM 1:
      manufacturer: QEMU
      modulePartNo: Not Specified
      memType: RAM
      size: 16
      clkspeed: 0
      moduleVoltage: 0
    DIMM 2:
      manufacturer: QEMU
      modulePartNo: Not Specified
      memType: RAM
      size: 16
      clkspeed: 0
      moduleVoltage: 0
    DIMM 3:
      manufacturer: QEMU
      modulePartNo: Not Specified
      memType: RAM
      size: 16
      clkspeed: 0
      moduleVoltage: 0
    DIMM 4:
      manufacturer: QEMU
      modulePartNo: Not Specified
      memType: RAM
      size: 16
      clkspeed: 0
      moduleVoltage: 0
Checksum: 76B76FB40387598F772DD25D789036ABFD7B8913