---
system-info:
      stress-ng-version: 0.17.08
      run-by: root
      date-yyyy-mm-dd: 2024:06:15
      time-hh-mm-ss: 17:18:46
      epoch-secs: 1718471926
      hostname: 7be2007687ed
      sysname: Linux
      nodename: 7be2007687ed
      release: 6.8.0-1008-aws
      version: '#8-Ubuntu SMP Sat Apr 20 00:46:25 UTC 2024'
      machine: x86_64
      compiler: 'musl-gcc 13.2.1'
      uptime: 137
      totalram: 16555905024
      freeram: 12257484800
      sharedram: 40718336
      bufferram: 109350912
      totalswap: 0
      freeswap: 0
      pagesize: 4096
      cpus: 2
      cpus-online: 2
      ticks-per-second: 100

metrics:
    - stressor: cpu
      bogo-ops: 34628
      bogo-ops-per-second-usr-sys-time: 873.101676
      bogo-ops-per-second-real-time: 1731.392890
      wall-clock-time: 20.000082
      user-time: 39.651920
      system-time: 0.008982
      cpu-usage-per-instance: 99.151848
      max-rss: 1104

...
