---
system-info:
      stress-ng-version: 0.17.08
      run-by: root
      date-yyyy-mm-dd: 2024:06:09
      time-hh-mm-ss: 14:43:26
      epoch-secs: 1717944206
      hostname: cfb517cb5d3d
      sysname: Linux
      nodename: cfb517cb5d3d
      release: 6.8.0-1008-aws
      version: '#8-Ubuntu SMP Sat Apr 20 00:46:25 UTC 2024'
      machine: x86_64
      compiler: 'musl-gcc 13.2.1'
      uptime: 129
      totalram: 16555905024
      freeram: 12146212864
      sharedram: 40718336
      bufferram: 108707840
      totalswap: 0
      freeswap: 0
      pagesize: 4096
      cpus: 2
      cpus-online: 2
      ticks-per-second: 100

metrics:
    - stressor: cpu
      bogo-ops: 20891
      bogo-ops-per-second-usr-sys-time: 1056.762743
      bogo-ops-per-second-real-time: 2088.726357
      wall-clock-time: 10.001789
      user-time: 19.763876
      system-time: 0.004989
      cpu-usage-per-instance: 98.826646
      max-rss: 3920

...
