---
system-info:
      stress-ng-version: 0.17.08
      run-by: root
      date-yyyy-mm-dd: 2024:06:28
      time-hh-mm-ss: 15:51:34
      epoch-secs: 1719589894
      hostname: c3-standard-176-18593e1
      sysname: Linux
      nodename: c3-standard-176-18593e1
      release: 6.8.0-1009-gcp
      version: '#10-Ubuntu SMP Wed Jun 12 18:52:23 UTC 2024'
      machine: x86_64
      compiler: 'musl-gcc 13.2.1'
      uptime: 124
      totalram: 743916142592
      freeram: 736667947008
      sharedram: 443338752
      bufferram: 131305472
      totalswap: 0
      freeswap: 0
      pagesize: 4096
      cpus: 176
      cpus-online: 176
      ticks-per-second: 100

metrics:
    - stressor: cpu
      bogo-ops: 2927395
      bogo-ops-per-second-usr-sys-time: 831.947124
      bogo-ops-per-second-real-time: 146369.181355
      wall-clock-time: 20.000078
      user-time: 3518.675272
      system-time: 0.051958
      cpu-usage-per-instance: 99.963453
      max-rss: 0

...
