---
system-info:
      stress-ng-version: 0.17.08
      run-by: root
      date-yyyy-mm-dd: 2024:06:13
      time-hh-mm-ss: 11:41:45
      epoch-secs: 1718278905
      hostname: 4b9f24afeaa4
      sysname: Linux
      nodename: 4b9f24afeaa4
      release: 6.8.0-1008-aws
      version: '#8-Ubuntu SMP Sat Apr 20 00:46:25 UTC 2024'
      machine: x86_64
      compiler: 'musl-gcc 13.2.1'
      uptime: 145
      totalram: 405340626944
      freeram: 399253516288
      sharedram: 78192640
      bufferram: 107167744
      totalswap: 0
      freeswap: 0
      pagesize: 4096
      cpus: 96
      cpus-online: 96
      ticks-per-second: 100

metrics:
    - stressor: cpu
      bogo-ops: 29097
      bogo-ops-per-second-usr-sys-time: 1454.847381
      bogo-ops-per-second-real-time: 1454.842941
      wall-clock-time: 20.000097
      user-time: 20.000036
      system-time: 0.000000
      cpu-usage-per-instance: 99.999695
      max-rss: 0

...
