---
system-info:
      stress-ng-version: 0.17.08
      run-by: root
      date-yyyy-mm-dd: 2024:06:07
      time-hh-mm-ss: 20:55:45
      epoch-secs: 1717793745
      hostname: 9491af1deb74
      sysname: Linux
      nodename: 9491af1deb74
      release: 6.8.0-1008-aws
      version: '#8-Ubuntu SMP Sat Apr 20 00:46:25 UTC 2024'
      machine: x86_64
      compiler: 'musl-gcc 13.2.1'
      uptime: 134
      totalram: 405340655616
      freeram: 399411810304
      sharedram: 72392704
      bufferram: 93732864
      totalswap: 0
      freeswap: 0
      pagesize: 4096
      cpus: 96
      cpus-online: 96
      ticks-per-second: 100

metrics:
    - stressor: cpu
      bogo-ops: 15862
      bogo-ops-per-second-usr-sys-time: 1586.021255
      bogo-ops-per-second-real-time: 1585.986320
      wall-clock-time: 10.001347
      user-time: 10.000128
      system-time: 0.000999
      cpu-usage-per-instance: 99.997797
      max-rss: 3072

...
