BaselineInfo:
  WebDBID: -1
  TimeStamp: 20241108214600
Version:
  Major: 11
  Minor: 0
  Build: 1002
  SpecialBuildName: ""
  ptArchitecture: x86_64_linux
Results:
  Results Complete: true
  NumTestProcesses: 48
  CPU_INTEGER_MATH: 199368.1893333334
  CPU_FLOATINGPOINT_MATH: 109590.68482358863
  CPU_PRIME: 287.43784495208251
  CPU_SORTING: 104604.47587305374
  CPU_ENCRYPTION: 51369.672974318935
  CPU_COMPRESSION: 756256.44180320029
  CPU_SINGLETHREAD: 2508.6620815732845
  CPU_PHYSICS: 5286.665095784283
  CPU_MATRIX_MULT_SSE: 45000.028571596027
  CPU_mm: 5392.2862401777929
  CPU_sse: 22906.907682893052
  CPU_fma: 62487.649365239093
  CPU_avx: 49605.528666655919
  CPU_avx512: 0
  m_CPU_enc_SHA: 74553524792.681625
  m_CPU_enc_AES: 47659675836.855888
  m_CPU_enc_ECDSA: 39381817996.620872
  ME_ALLOC_S: 19902.6268822372
  ME_READ_S: 25429.516796874999
  ME_READ_L: 21218.689453125
  ME_WRITE: 20475.720703125
  ME_LARGE: 181945.08333333334
  ME_LATENCY: 64.746771185415028
  ME_THREADED: 119685.17578125
  SUMM_CPU: 52188.405383780868
  SUMM_ME: 2931.147041362372
SystemInformation:
  OSName: Ubuntu 24.04.1 LTS
  Kernel: 6.8.0-1017-azure
  Device: ""
  Processor: AMD EPYC 7763 64-Core Processor
  NumSockets: 1
  Manufacturer: AuthenticAMD
  NumCores: 24
  NumLogicals: 48
  CPUFrequency: 0
  Memory: 193212
  MemModuleInfo:
    iNumMemSticks: 3
    DIMM 1:
      manufacturer: Microsoft Corporation
      modulePartNo: None
      memType: Unknown
      size: 1
      clkspeed: 0
      moduleVoltage: 0
    DIMM 2:
      manufacturer: Microsoft Corporation
      modulePartNo: None
      memType: Unknown
      size: 60928
      clkspeed: 0
      moduleVoltage: 0
    DIMM 3:
      manufacturer: Microsoft Corporation
      modulePartNo: None
      memType: Unknown
      size: 134656
      clkspeed: 0
      moduleVoltage: 0
Checksum: 86AD0EBC36B7EA17331D0D5784BFEFAE2E415A9E