---
system-info:
      stress-ng-version: 0.17.08
      run-by: root
      date-yyyy-mm-dd: 2024:06:19
      time-hh-mm-ss: 14:50:26
      epoch-secs: 1718808626
      hostname: 8f45048c1b2b
      sysname: Linux
      nodename: 8f45048c1b2b
      release: 6.8.0-1008-gcp
      version: '#9-Ubuntu SMP Wed May 22 18:09:04 UTC 2024'
      machine: x86_64
      compiler: 'musl-gcc 13.2.1'
      uptime: 140
      totalram: 4103385088
      freeram: 202919936
      sharedram: 34971648
      bufferram: 121806848
      totalswap: 0
      freeswap: 0
      pagesize: 4096
      cpus: 2
      cpus-online: 2
      ticks-per-second: 100

metrics:
    - stressor: cpu
      bogo-ops: 57903
      bogo-ops-per-second-usr-sys-time: 1457.722608
      bogo-ops-per-second-real-time: 2895.139456
      wall-clock-time: 20.000073
      user-time: 39.712575
      system-time: 0.008974
      cpu-usage-per-instance: 99.303511
      max-rss: 1104

...
