BaselineInfo:
  WebDBID: -1
  TimeStamp: 20260403215526
Version:
  Major: 11
  Minor: 0
  Build: 1004
  SpecialBuildName: ""
  ptArchitecture: x86_64_linux
Results:
  Results Complete: true
  NumTestProcesses: 2
  CPU_INTEGER_MATH: 6940.5339999999997
  CPU_FLOATINGPOINT_MATH: 3724.8254183560052
  CPU_PRIME: 16.960311229237199
  CPU_SORTING: 4299.2583066005445
  CPU_ENCRYPTION: 959.85224775410984
  CPU_COMPRESSION: 31929.487857212356
  CPU_SINGLETHREAD: 2307.1456939009627
  CPU_PHYSICS: 311.12199389285092
  CPU_MATRIX_MULT_SSE: 1735.4445892934555
  CPU_mm: 209.88234027759967
  CPU_sse: 756.87163907158561
  CPU_fma: 2234.7541278656172
  CPU_avx: 1584.305730857455
  CPU_avx512: 2365.846859379164
  m_CPU_enc_SHA: 314275087.64144254
  m_CPU_enc_AES: 2422094988.5166836
  m_CPU_enc_ECDSA: 283064015.46491456
  ME_ALLOC_S: 800.38852872602013
  ME_READ_S: 24174.3974609375
  ME_READ_L: 10787.7763671875
  ME_WRITE: 10862.4609375
  ME_LARGE: 2694.5
  ME_LATENCY: 49.098010834187619
  ME_THREADED: 13452.54638671875
  SUMM_CPU: 2533.7791284663995
  SUMM_ME: 1613.722062232981
SystemInformation:
  OSName: Ubuntu 24.04.4 LTS
  Kernel: 6.8.0-106-generic
  Device: ""
  Processor: Intel(R) Xeon(R) Platinum 8369HB CPU @ 3.30GHz
  NumSockets: 1
  Manufacturer: GenuineIntel
  NumCores: 1
  NumLogicals: 2
  CPUFrequency: 0
  CPUMaxFrequency: 0
  Memory: 15340
  CPUInfo:
    number: 1
    Family: 6
    Model: 5
    stepping: 11
    features: 529267711
    manufacture: GenuineIntel
    typestring: Intel(R) Xeon(R) Platinum 8369HB CPU @ 3.30GHz
    iCoresPerPackage: 1
    iThreadsPerPackage: 2
    featuresEx:
      - 529267711
      - 4277809667
      - 739248128
    bHybrid: false
    nPCore: 0
    nLogicalsPerPCore: 0
    nECore: 0
    nLogicalsPerECore: 0
  MemModuleInfo:
    iNumMemSticks: 1
    DIMM 1:
      manufacturer: Alibaba Cloud
      modulePartNo: Not Specified
      memType: RAM
      size: 16
      clkspeed: 0
      moduleVoltage: 0
Checksum: DCABAD969CE55D4F373CA16B4A43E07F22516F46