BaselineInfo:
  WebDBID: -1
  TimeStamp: 20241110005606
Version:
  Major: 11
  Minor: 0
  Build: 1002
  SpecialBuildName: ""
  ptArchitecture: aarch64_linux
Results:
  Results Complete: true
  NumTestProcesses: 96
  CPU_INTEGER_MATH: 500398.48600000009
  CPU_FLOATINGPOINT_MATH: 581280.26714840846
  CPU_PRIME: 838.10697278027112
  CPU_SORTING: 434073.14945396432
  CPU_ENCRYPTION: 18065.466972445571
  CPU_COMPRESSION: 637496.05048406462
  CPU_SINGLETHREAD: 1944.0198228791905
  CPU_PHYSICS: 18892.136431645969
  CPU_MATRIX_MULT_SSE: 80643.66378759392
  CPU_mm: 10871.044116053434
  CPU_sse: 63640.943872169359
  CPU_fma: 97646.383703018466
  CPU_avx: 0
  CPU_avx512: 0
  m_CPU_enc_SHA: 28154880103.565166
  m_CPU_enc_AES: 10314543824.433786
  m_CPU_enc_ECDSA: 18359621360.298336
  ME_ALLOC_S: 47367.645492384981
  ME_READ_S: 21193.9248046875
  ME_READ_L: 20174.25390625
  ME_WRITE: 21289.29296875
  ME_LARGE: 745966
  ME_LATENCY: 46.57086658431416
  ME_THREADED: 507529.8681640625
  SUMM_CPU: 56731.019317235659
  SUMM_ME: 3414.66356489276
SystemInformation:
  OSName: Ubuntu 24.04.1 LTS
  Kernel: 6.8.0-1016-aws
  Device: ""
  Processor: ARM Neoverse-V2 96 Core 0 MHz
  NumSockets: 1
  Manufacturer: ARM
  NumCores: 96
  NumLogicals: 96
  CPUFrequency: 0
  Memory: 759977
Checksum: 8BE14D35A1C7AE80B8BD04139237622680CA63A6