BaselineInfo:
  WebDBID: -1
  TimeStamp: 20251208094055
Version:
  Major: 11
  Minor: 0
  Build: 1002
  SpecialBuildName: ""
  ptArchitecture: x86_64_linux
Results:
  Results Complete: true
  NumTestProcesses: 2
  CPU_INTEGER_MATH: 12030.950000000001
  CPU_FLOATINGPOINT_MATH: 11067.275474359225
  CPU_PRIME: 39.605656242240634
  CPU_SORTING: 7706.058100644048
  CPU_ENCRYPTION: 2602.5549959185437
  CPU_COMPRESSION: 51592.76741808471
  CPU_SINGLETHREAD: 2947.9168518268762
  CPU_PHYSICS: 699.17906378009059
  CPU_MATRIX_MULT_SSE: 4713.0329166061911
  CPU_mm: 520.00425411956496
  CPU_sse: 2378.4540660396906
  CPU_fma: 6794.423094136805
  CPU_avx: 4966.2215896420794
  CPU_avx512: 0
  m_CPU_enc_SHA: 3586918478.9483781
  m_CPU_enc_AES: 2281024352.1707935
  m_CPU_enc_ECDSA: 2318987291.0816765
  ME_ALLOC_S: 2294.5465169949862
  ME_READ_S: 27887.861718749999
  ME_READ_L: 26733.478515625
  ME_WRITE: 20351.982421875
  ME_LARGE: 860
  ME_LATENCY: 61.940257548773985
  ME_THREADED: 52810.35546875
  SUMM_CPU: 5442.4362547732626
  SUMM_ME: 1378.2235939978782
SystemInformation:
  OSName: Ubuntu 24.04.2 LTS
  Kernel: 6.8.0-86-generic
  Device: ""
  Processor: AMD EPYC-Milan Processor
  NumSockets: 2
  Manufacturer: AuthenticAMD
  NumCores: 2
  NumLogicals: 2
  CPUFrequency: 0
  Memory: 3819
  MemModuleInfo:
    iNumMemSticks: 1
    DIMM 1:
      manufacturer: QEMU
      modulePartNo: Not Specified
      memType: RAM
      size: 4000
      clkspeed: 0
      moduleVoltage: 0
Checksum: F0BB41A2AD146B154EA9FB5A2FD44BB997BCDB0A