---
system-info:
      stress-ng-version: 0.17.08
      run-by: root
      date-yyyy-mm-dd: 2024:09:16
      time-hh-mm-ss: 14:44:07
      epoch-secs: 1726497847
      hostname: sc-runner
      sysname: Linux
      nodename: sc-runner
      release: 6.8.0-1014-azure
      version: '#16-Ubuntu SMP Thu Aug 15 20:04:41 UTC 2024'
      machine: x86_64
      compiler: 'musl-gcc 13.2.1'
      uptime: 291
      totalram: 67422388224
      freeram: 57199734784
      sharedram: 54902784
      bufferram: 229216256
      totalswap: 0
      freeswap: 0
      pagesize: 4096
      cpus: 8
      cpus-online: 8
      ticks-per-second: 100

metrics:
    - stressor: cpu
      bogo-ops: 37951
      bogo-ops-per-second-usr-sys-time: 1897.558349
      bogo-ops-per-second-real-time: 1897.540522
      wall-clock-time: 20.000100
      user-time: 19.998913
      system-time: 0.000999
      cpu-usage-per-instance: 99.999061
      max-rss: 3152

...
