---
system-info:
      stress-ng-version: 0.17.08
      run-by: root
      date-yyyy-mm-dd: 2024:06:15
      time-hh-mm-ss: 13:42:46
      epoch-secs: 1718458966
      hostname: 9532a3ed8828
      sysname: Linux
      nodename: 9532a3ed8828
      release: 6.8.0-1008-aws
      version: '#8-Ubuntu SMP Sat Apr 20 00:46:25 UTC 2024'
      machine: x86_64
      compiler: 'musl-gcc 13.2.1'
      uptime: 137
      totalram: 257880612864
      freeram: 252866859008
      sharedram: 54038528
      bufferram: 108781568
      totalswap: 0
      freeswap: 0
      pagesize: 4096
      cpus: 32
      cpus-online: 32
      ticks-per-second: 100

metrics:
    - stressor: cpu
      bogo-ops: 534418
      bogo-ops-per-second-usr-sys-time: 836.030112
      bogo-ops-per-second-real-time: 26720.722337
      wall-clock-time: 20.000133
      user-time: 639.211951
      system-time: 0.021005
      cpu-usage-per-instance: 99.879485
      max-rss: 776

...
