---
system-info:
      stress-ng-version: 0.17.08
      run-by: root
      date-yyyy-mm-dd: 2024:06:09
      time-hh-mm-ss: 11:28:45
      epoch-secs: 1717932525
      hostname: 2ce2a9d3c0ea
      sysname: Linux
      nodename: 2ce2a9d3c0ea
      release: 6.8.0-1008-aws
      version: '#8-Ubuntu SMP Sat Apr 20 00:46:25 UTC 2024'
      machine: x86_64
      compiler: 'musl-gcc 13.2.1'
      uptime: 144
      totalram: 257880621056
      freeram: 252788113408
      sharedram: 54038528
      bufferram: 107220992
      totalswap: 0
      freeswap: 0
      pagesize: 4096
      cpus: 32
      cpus-online: 32
      ticks-per-second: 100

metrics:
    - stressor: cpu
      bogo-ops: 322807
      bogo-ops-per-second-usr-sys-time: 1010.159142
      bogo-ops-per-second-real-time: 32275.716706
      wall-clock-time: 10.001544
      user-time: 319.519520
      system-time: 0.041019
      cpu-usage-per-instance: 99.847252
      max-rss: 3848

...
