---
system-info:
      stress-ng-version: 0.17.08
      run-by: root
      date-yyyy-mm-dd: 2024:09:20
      time-hh-mm-ss: 13:17:12
      epoch-secs: 1726838232
      hostname: sc-runner
      sysname: Linux
      nodename: sc-runner
      release: 6.8.0-1014-azure
      version: '#16-Ubuntu SMP Thu Aug 15 20:04:41 UTC 2024'
      machine: x86_64
      compiler: 'musl-gcc 13.2.1'
      uptime: 370
      totalram: 33652326400
      freeram: 23444910080
      sharedram: 38117376
      bufferram: 251301888
      totalswap: 0
      freeswap: 0
      pagesize: 4096
      cpus: 4
      cpus-online: 4
      ticks-per-second: 100

metrics:
    - stressor: cpu
      bogo-ops: 107760
      bogo-ops-per-second-usr-sys-time: 1353.677522
      bogo-ops-per-second-real-time: 5387.979511
      wall-clock-time: 20.000076
      user-time: 79.583390
      system-time: 0.021980
      cpu-usage-per-instance: 99.506334
      max-rss: 3256

...
