---
system-info:
      stress-ng-version: 0.17.08
      run-by: root
      date-yyyy-mm-dd: 2024:09:05
      time-hh-mm-ss: 22:38:20
      epoch-secs: 1725575900
      hostname: sc-runner
      sysname: Linux
      nodename: sc-runner
      release: 6.8.0-1013-azure
      version: '#15-Ubuntu SMP Thu Aug  8 18:40:40 UTC 2024'
      machine: x86_64
      compiler: 'musl-gcc 13.2.1'
      uptime: 369
      totalram: 84330627072
      freeram: 75520954368
      sharedram: 42106880
      bufferram: 225918976
      totalswap: 0
      freeswap: 0
      pagesize: 4096
      cpus: 20
      cpus-online: 20
      ticks-per-second: 100

metrics:
    - stressor: cpu
      bogo-ops: 24933
      bogo-ops-per-second-usr-sys-time: 1246.651309
      bogo-ops-per-second-real-time: 1246.641603
      wall-clock-time: 20.000135
      user-time: 19.997980
      system-time: 0.001999
      cpu-usage-per-instance: 99.999221
      max-rss: 5168

...
