BaselineInfo:
  WebDBID: -1
  TimeStamp: 20260404203058
Version:
  Major: 11
  Minor: 0
  Build: 1004
  SpecialBuildName: ""
  ptArchitecture: aarch64_linux
Results:
  Results Complete: true
  NumTestProcesses: 32
  CPU_INTEGER_MATH: 175915.77699999997
  CPU_FLOATINGPOINT_MATH: 147406.68241897653
  CPU_PRIME: 251.77000828675077
  CPU_SORTING: 122808.2262423503
  CPU_ENCRYPTION: 5242.6197190225639
  CPU_COMPRESSION: 190403.23253811881
  CPU_SINGLETHREAD: 1635.3066632714058
  CPU_PHYSICS: 4975.6563522953475
  CPU_MATRIX_MULT_SSE: 24941.154530896616
  CPU_mm: 4023.0773891756262
  CPU_sse: 21052.806945017546
  CPU_fma: 28829.502116775686
  CPU_avx: 0
  CPU_avx512: 0
  m_CPU_enc_SHA: 7692415073.7361326
  m_CPU_enc_AES: 3373824705.1630411
  m_CPU_enc_ECDSA: 5425615864.5822372
  ME_ALLOC_S: 23774.359569382144
  ME_READ_S: 22459.800390625001
  ME_READ_L: 18850.35546875
  ME_WRITE: 22190.107421875
  ME_LARGE: 110224.08333333333
  ME_LATENCY: 60.868829851567391
  ME_THREADED: 108285.26708984375
  SUMM_CPU: 22713.480110945442
  SUMM_ME: 2907.1832674437187
SystemInformation:
  OSName: Ubuntu 24.04.4 LTS
  Kernel: 6.8.0-106-generic
  Device: ""
  Processor: ARM Neoverse-N2 32 Core 3000 MHz
  NumSockets: 1
  Manufacturer: ARM
  NumCores: 32
  NumLogicals: 32
  CPUFrequency: 3000
  CPUMaxFrequency: 3000
  Memory: 125289
Checksum: 6AECFFEE592FD5132021A677A9F23DD541B3390F