BaselineInfo:
  WebDBID: -1
  TimeStamp: 20260405060746
Version:
  Major: 11
  Minor: 0
  Build: 1004
  SpecialBuildName: ""
  ptArchitecture: x86_64_linux
Results:
  Results Complete: true
  NumTestProcesses: 8
  CPU_INTEGER_MATH: 20889.028333333332
  CPU_FLOATINGPOINT_MATH: 13216.694712920307
  CPU_PRIME: 53.632033461872986
  CPU_SORTING: 13281.940345016015
  CPU_ENCRYPTION: 2027.9267609836743
  CPU_COMPRESSION: 94413.092382330695
  CPU_SINGLETHREAD: 1874.4909089767996
  CPU_PHYSICS: 789.82604462850941
  CPU_MATRIX_MULT_SSE: 4277.1681056918487
  CPU_mm: 631.9840762700278
  CPU_sse: 2550.0957680067404
  CPU_fma: 5895.3194405211307
  CPU_avx: 4386.0891085476769
  CPU_avx512: 0
  m_CPU_enc_SHA: 916745870.85326338
  m_CPU_enc_AES: 4631241321.6707296
  m_CPU_enc_ECDSA: 831318801.4516592
  ME_ALLOC_S: 2258.8338684928158
  ME_READ_S: 20953.175976562499
  ME_READ_L: 6729.81494140625
  ME_WRITE: 6112.74609375
  ME_LARGE: 40317.416666666664
  ME_LATENCY: 72.093853377611495
  ME_THREADED: 36127.0234375
  SUMM_CPU: 6724.4316239076888
  SUMM_ME: 1750.1408959389203
SystemInformation:
  OSName: Ubuntu 24.04.4 LTS
  Kernel: 6.8.0-106-generic
  Device: ""
  Processor: Intel(R) Xeon(R) CPU E5-2682 v4 @ 2.50GHz
  NumSockets: 1
  Manufacturer: GenuineIntel
  NumCores: 4
  NumLogicals: 8
  CPUFrequency: 0
  CPUMaxFrequency: 0
  Memory: 59887
  CPUInfo:
    number: 1
    Family: 6
    Model: 15
    stepping: 1
    features: 529267711
    manufacture: GenuineIntel
    typestring: Intel(R) Xeon(R) CPU E5-2682 v4 @ 2.50GHz
    iCoresPerPackage: 4
    iThreadsPerPackage: 2
    featuresEx:
      - 529267711
      - 4294586883
      - 739248128
    bHybrid: false
    nPCore: 0
    nLogicalsPerPCore: 0
    nECore: 0
    nLogicalsPerECore: 0
  MemModuleInfo:
    iNumMemSticks: 4
    DIMM 1:
      manufacturer: Alibaba Cloud
      modulePartNo: Not Specified
      memType: RAM
      size: 16
      clkspeed: 0
      moduleVoltage: 0
    DIMM 2:
      manufacturer: Alibaba Cloud
      modulePartNo: Not Specified
      memType: RAM
      size: 16
      clkspeed: 0
      moduleVoltage: 0
    DIMM 3:
      manufacturer: Alibaba Cloud
      modulePartNo: Not Specified
      memType: RAM
      size: 16
      clkspeed: 0
      moduleVoltage: 0
    DIMM 4:
      manufacturer: Alibaba Cloud
      modulePartNo: Not Specified
      memType: RAM
      size: 12
      clkspeed: 0
      moduleVoltage: 0
Checksum: A5F3CE00E361A4F4A25C3D8714E68F44E6C695FA