BaselineInfo:
  WebDBID: -1
  TimeStamp: 20241107164051
Version:
  Major: 11
  Minor: 0
  Build: 1002
  SpecialBuildName: ""
  ptArchitecture: x86_64_linux
Results:
  Results Complete: true
  NumTestProcesses: 4
  CPU_INTEGER_MATH: 20113.306
  CPU_FLOATINGPOINT_MATH: 14330.437401883692
  CPU_PRIME: 39.741437039554356
  CPU_SORTING: 10107.755350261681
  CPU_ENCRYPTION: 4438.5222327721376
  CPU_COMPRESSION: 73731.116175360527
  CPU_SINGLETHREAD: 3070.3245619106669
  CPU_PHYSICS: 947.85988746232601
  CPU_MATRIX_MULT_SSE: 5541.8964399202468
  CPU_mm: 568.93735917062918
  CPU_sse: 2456.0019396128773
  CPU_fma: 6227.3193123276924
  CPU_avx: 5117.756753358708
  CPU_avx512: 8366.5077543817115
  m_CPU_enc_SHA: 4690108982.5085316
  m_CPU_enc_AES: 6079003477.3137341
  m_CPU_enc_ECDSA: 3193271206.4315667
  ME_ALLOC_S: 2297.025774802155
  ME_READ_S: 28009.660937500001
  ME_READ_L: 9342.19921875
  ME_WRITE: 12825.7568359375
  ME_LARGE: 21530.5
  ME_LATENCY: 82.681090186848635
  ME_THREADED: 25177.2626953125
  SUMM_CPU: 7669.2491707076315
  SUMM_ME: 1912.9706771835356
SystemInformation:
  OSName: Ubuntu 24.04.1 LTS
  Kernel: 6.8.0-1016-aws
  Device: ""
  Processor: Intel Xeon Platinum 8488C
  NumSockets: 1
  Manufacturer: GenuineIntel
  NumCores: 2
  NumLogicals: 4
  CPUFrequency: 0
  Memory: 31558
  MemModuleInfo:
    iNumMemSticks: 1
    DIMM 1:
      manufacturer: Not Specified
      modulePartNo: Not Specified
      memType: DDR5
      size: 32
      clkspeed: 2400
      moduleVoltage: 0
Checksum: 42D6136FFE1BF94A45EFF06FF43089F4C9660EC3