BaselineInfo:
  WebDBID: -1
  TimeStamp: 20260617002242
Version:
  Major: 11
  Minor: 0
  Build: 1004
  SpecialBuildName: ""
  ptArchitecture: aarch64_linux
Results:
  Results Complete: true
  NumTestProcesses: 4
  CPU_INTEGER_MATH: 22018.969666666668
  CPU_FLOATINGPOINT_MATH: 18436.310072060871
  CPU_PRIME: 50.672779321350539
  CPU_SORTING: 17519.188969018647
  CPU_ENCRYPTION: 659.82854646979672
  CPU_COMPRESSION: 23183.410992477766
  CPU_SINGLETHREAD: 1639.8886382264377
  CPU_PHYSICS: 1118.9614900688803
  CPU_MATRIX_MULT_SSE: 3119.8376374830668
  CPU_mm: 501.18208028188008
  CPU_sse: 2633.8765530472597
  CPU_fma: 3605.7987219188749
  CPU_avx: 0
  CPU_avx512: 0
  m_CPU_enc_SHA: 973826337.26185489
  m_CPU_enc_AES: 438863426.28364211
  m_CPU_enc_ECDSA: 662951370.28384352
  ME_ALLOC_S: 4162.8564034708706
  ME_READ_S: 22475.217578125001
  ME_READ_L: 18094.845703125
  ME_WRITE: 21223.888671875
  ME_LARGE: 7127
  ME_LATENCY: 61.650921070993469
  ME_THREADED: 62218.2431640625
  SUMM_CPU: 3472.8654319575558
  SUMM_ME: 2436.2243522752869
SystemInformation:
  OSName: Ubuntu 24.04.4 LTS
  Kernel: 6.8.0-117-generic
  Device: ""
  Processor: ARM Neoverse-N2 4 Core 3000 MHz
  NumSockets: 1
  Manufacturer: ARM
  NumCores: 4
  NumLogicals: 4
  CPUFrequency: 3000
  CPUMaxFrequency: 3000
  Memory: 15209
Checksum: B63CE8E1552528370386C35C62A2841CE245F9FD