---
system-info:
      stress-ng-version: 0.17.08
      run-by: root
      date-yyyy-mm-dd: 2024:06:14
      time-hh-mm-ss: 21:52:24
      epoch-secs: 1718401944
      hostname: 0b1c1af4ad94
      sysname: Linux
      nodename: 0b1c1af4ad94
      release: 6.8.0-31-generic
      version: '#31-Ubuntu SMP PREEMPT_DYNAMIC Sat Apr 20 00:40:06 UTC 2024'
      machine: x86_64
      compiler: 'musl-gcc 13.2.1'
      uptime: 108
      totalram: 131889442816
      freeram: 128028045312
      sharedram: 38125568
      bufferram: 143994880
      totalswap: 0
      freeswap: 0
      pagesize: 4096
      cpus: 32
      cpus-online: 32
      ticks-per-second: 100

metrics:
    - stressor: cpu
      bogo-ops: 61324
      bogo-ops-per-second-usr-sys-time: 3066.205059
      bogo-ops-per-second-real-time: 3066.191045
      wall-clock-time: 20.000058
      user-time: 19.999967
      system-time: 0.000000
      cpu-usage-per-instance: 99.999543
      max-rss: 1032

...
