---
system-info:
      stress-ng-version: 0.17.08
      run-by: root
      date-yyyy-mm-dd: 2024:06:10
      time-hh-mm-ss: 08:28:07
      epoch-secs: 1718008087
      hostname: 5441decc5e5d
      sysname: Linux
      nodename: 5441decc5e5d
      release: 6.8.0-31-generic
      version: '#31-Ubuntu SMP PREEMPT_DYNAMIC Sat Apr 20 00:40:06 UTC 2024'
      machine: x86_64
      compiler: 'musl-gcc 13.2.1'
      uptime: 92
      totalram: 131889442816
      freeram: 127912615936
      sharedram: 38125568
      bufferram: 153374720
      totalswap: 0
      freeswap: 0
      pagesize: 4096
      cpus: 32
      cpus-online: 32
      ticks-per-second: 100

metrics:
    - stressor: cpu
      bogo-ops: 17579
      bogo-ops-per-second-usr-sys-time: 1757.810527
      bogo-ops-per-second-real-time: 1757.812367
      wall-clock-time: 10.000499
      user-time: 9.996510
      system-time: 0.003999
      cpu-usage-per-instance: 100.000105
      max-rss: 3848

...
