---
system-info:
      stress-ng-version: 0.17.08
      run-by: root
      date-yyyy-mm-dd: 2024:07:29
      time-hh-mm-ss: 14:54:21
      epoch-secs: 1722264861
      hostname: c3d-highmem-90-lssd-e351455
      sysname: Linux
      nodename: c3d-highmem-90-lssd-e351455
      release: 6.8.0-1011-gcp
      version: '#12-Ubuntu SMP Wed Jul 10 21:47:53 UTC 2024'
      machine: x86_64
      compiler: 'musl-gcc 13.2.1'
      uptime: 126
      totalram: 760457129984
      freeram: 754515816448
      sharedram: 35811328
      bufferram: 141103104
      totalswap: 0
      freeswap: 0
      pagesize: 4096
      cpus: 90
      cpus-online: 90
      ticks-per-second: 100

metrics:
    - stressor: cpu
      bogo-ops: 2581843
      bogo-ops-per-second-usr-sys-time: 1434.933019
      bogo-ops-per-second-real-time: 129091.779195
      wall-clock-time: 20.000057
      user-time: 1799.241732
      system-time: 0.035980
      cpu-usage-per-instance: 99.959586
      max-rss: 720

...
