BaselineInfo:
  WebDBID: -1
  TimeStamp: 20260711005943
Version:
  Major: 11
  Minor: 0
  Build: 1004
  SpecialBuildName: ""
  ptArchitecture: x86_64_linux
Results:
  Results Complete: true
  NumTestProcesses: 16
  CPU_INTEGER_MATH: 105662.697
  CPU_FLOATINGPOINT_MATH: 61712.220073646669
  CPU_PRIME: 144.91033002610837
  CPU_SORTING: 46321.105690803452
  CPU_ENCRYPTION: 20014.30262903879
  CPU_COMPRESSION: 368681.16371133528
  CPU_SINGLETHREAD: 3659.4112212849445
  CPU_PHYSICS: 3082.9395756625872
  CPU_MATRIX_MULT_SSE: 28640.547355452414
  CPU_mm: 2760.8108336522778
  CPU_sse: 10366.481058454845
  CPU_fma: 30851.832019401299
  CPU_avx: 29866.649244236534
  CPU_avx512: 43477.227099716969
  m_CPU_enc_SHA: 25381573285.069
  m_CPU_enc_AES: 20605844695.431236
  m_CPU_enc_ECDSA: 16972134200.140676
  ME_ALLOC_S: 10035.883193507714
  ME_READ_S: 33103.847851562503
  ME_READ_L: 29544.154296875
  ME_WRITE: 30294.7890625
  ME_LARGE: 23347.583333333332
  ME_LATENCY: 79.975456756359407
  ME_THREADED: 55364.85791015625
  SUMM_CPU: 32563.554061599541
  SUMM_ME: 2658.8782866899878
SystemInformation:
  OSName: Ubuntu 24.04.4 LTS
  Kernel: 6.17.0-1018-azure
  Device: ""
  Processor: "AMD EPYC 9V45 96-Core Processor                "
  NumSockets: 1
  Manufacturer: AuthenticAMD
  NumCores: 8
  NumLogicals: 16
  CPUFrequency: 0
  CPUMaxFrequency: 0
  Memory: 32089
  CPUInfo:
    number: 1
    Family: 15
    Model: 2
    stepping: 1
    features: 395049983
    manufacture: AuthenticAMD
    typestring: "AMD EPYC 9V45 96-Core Processor                "
    iCoresPerPackage: 8
    iThreadsPerPackage: 2
    featuresEx:
      - 395049983
      - 4277809667
      - 802421759
    bHybrid: false
    nPCore: 0
    nLogicalsPerPCore: 0
    nECore: 0
    nLogicalsPerECore: 0
  MemModuleInfo:
    iNumMemSticks: 2
    DIMM 1:
      manufacturer: Microsoft Corporation
      modulePartNo: None
      memType: Unknown
      size: 1
      clkspeed: 0
      moduleVoltage: 0
    DIMM 2:
      manufacturer: Microsoft Corporation
      modulePartNo: None
      memType: Unknown
      size: 31
      clkspeed: 0
      moduleVoltage: 0
Checksum: 9284CE7C6D2BB0FC20AA5836614309F0E7F7D2D3