"size","threads","connections","rps","latency","failed","server_usr","server_sys","client_usr","client_sys"
"1k",60,60,923905,0.001120000,0,84.09,190.51,32.35,207.13
"1k",60,120,1091884,0.000194220,0,92.53,215.30,32.02,220.24
"1k",60,240,1261332,0.000281010,0,92.22,215.31,34.05,226.23
"1k",60,480,1368209,0.000628240,0,93.70,214.27,34.06,226.18
"1k",60,960,1467991,0.001080000,0,99.59,220.15,33.44,232.82
"1k",60,1920,1449412,0.001630000,0,99.31,222.59,33.32,233.78
"1k",120,120,1112451,0.000122890,0,90.93,207.62,37.69,230.54
"1k",120,240,1164579,0.000300460,0,86.46,214.89,36.89,233.34
"1k",120,480,1241491,0.000650990,0,86.46,215.83,36.07,233.88
"1k",120,960,1308009,0.000980000,0,90.03,220.37,36.66,238.43
"1k",120,1920,1297954,0.001690000,0,90.51,221.43,36.04,238.81
"1k",240,240,1111380,0.000334760,0,82.98,210.42,39.66,240.96
"1k",240,480,1120967,0.000628950,0,81.49,216.53,37.98,241.62
"1k",240,960,1182164,0.000990000,0,83.66,218.74,37.97,243.25
"1k",240,1920,1184155,0.001770000,0,83.12,218.01,37.74,248.15
"16k",60,60,766930,0.000082230,0,78.53,192.81,31.46,210.30
"16k",60,120,822829,0.000148270,0,80.11,222.26,31.58,230.34
"16k",60,240,909255,0.000301940,0,82.08,227.64,31.18,239.72
"16k",60,480,935044,0.000757400,0,80.05,230.22,30.98,239.64
"16k",60,960,915534,0.001390000,0,84.99,240.64,29.86,240.02
"16k",60,1920,780333,0.002530000,0,94.85,232.18,27.35,242.97
"16k",120,120,830931,0.000158790,0,79.70,211.82,35.79,238.52
"16k",120,240,854573,0.000351590,0,76.13,222.96,34.29,245.52
"16k",120,480,882890,0.000831770,0,75.48,226.34,33.37,248.26
"16k",120,960,841024,0.001430000,0,79.82,231.66,32.38,245.80
"16k",120,1920,741008,0.002760000,0,91.11,228.69,30.47,244.66
"16k",240,240,839166,0.000403760,0,75.25,215.11,38.07,250.80
"16k",240,480,820199,0.000849650,0,71.35,220.35,36.76,251.69
"16k",240,960,779301,0.001420000,0,76.48,225.78,34.32,249.86
"16k",240,1920,706804,0.002870000,0,90.17,223.31,32.67,249.60
"64k",60,60,414051,0.000153590,0,66.12,205.95,27.73,213.71
"64k",60,120,428313,0.000278510,0,69.43,235.08,26.62,232.50
"64k",60,240,430060,0.000585430,0,69.27,251.97,24.67,237.65
"64k",60,480,401181,0.001350000,0,77.62,257.65,23.41,232.93
"64k",60,960,313703,0.002950000,0,105.66,251.18,20.01,221.56
"64k",60,1920,270473,0.007970000,0,119.16,239.82,19.24,219.45
"64k",120,120,455084,0.000291000,0,72.63,225.77,32.02,239.78
"64k",120,240,373342,0.031660000,0,71.59,247.44,27.60,241.08
"64k",120,480,238403,0.134060000,0,77.69,263.06,25.24,240.24
"64k",120,960,194423,0.098810000,0,86.68,245.91,20.45,230.26
"64k",120,1920,255993,0.032840000,0,151.64,219.29,26.53,212.39
"64k",240,240,376094,0.006720000,0,91.77,222.79,32.43,240.29
"64k",240,480,354176,0.004870000,0,87.39,232.99,34.33,238.73
"64k",240,960,300899,0.006380000,0,117.62,228.22,31.52,231.71
"64k",240,1920,264275,0.025940000,0,116.85,243.45,29.15,224.65
"256k",60,60,114774,0.033840000,0,115.97,203.39,41.30,164.07
"256k",60,120,30891,0.200500000,0,255.02,137.03,83.26,86.76
"256k",60,240,89777,0.002700000,0,116.36,265.14,16.39,189.45
"256k",60,480,38002,0.206200000,0,258.27,165.10,54.47,113.18
"256k",60,960,65246,0.046120000,0,139.40,271.64,14.36,177.06
"256k",120,120,121680,0.001120000,0,83.27,260.82,22.14,205.81
"256k",120,240,88709,0.002790000,0,114.08,261.14,18.62,199.12
"256k",120,480,79445,0.006070000,0,131.15,256.61,17.10,184.20
"256k",120,960,77507,0.012400000,0,131.85,258.34,16.52,187.31
"256k",240,240,91444,0.002820000,0,111.99,256.10,21.44,200.27
"256k",240,480,79714,0.006780000,0,129.20,255.09,21.06,195.54
"256k",240,960,77186,0.014380000,0,127.29,256.30,19.93,196.32
"512k",60,60,58109,0.001490000,0,80.28,262.38,21.14,174.10
"512k",60,120,43203,0.002750000,0,113.02,270.94,14.59,171.83
"512k",60,240,36434,0.006420000,0,131.23,271.97,13.52,173.44
"512k",60,480,36088,0.012970000,0,134.63,274.29,13.47,171.40
"512k",60,960,36427,0.026300000,0,137.37,282.54,14.54,177.05
"512k",120,120,43303,0.002850000,0,111.55,274.61,16.74,176.89
"512k",120,240,38831,0.006200000,0,129.96,272.93,15.53,175.41
"512k",120,480,36868,0.012970000,0,127.81,265.98,14.98,176.05
"512k",120,960,37521,0.025620000,0,129.70,273.60,15.27,175.56
"512k",240,240,38504,0.006310000,0,125.67,270.90,16.60,179.36
"512k",240,480,38265,0.012630000,0,129.47,271.85,16.19,177.22
"512k",240,960,37862,0.025550000,0,128.70,271.48,16.28,180.58
