BaselineInfo:
  WebDBID: -1
  TimeStamp: 20260618211759
Version:
  Major: 11
  Minor: 0
  Build: 1004
  SpecialBuildName: ""
  ptArchitecture: x86_64_linux
Results:
  Results Complete: true
  NumTestProcesses: 32
  CPU_INTEGER_MATH: 152078.4973333333
  CPU_FLOATINGPOINT_MATH: 85043.174564673231
  CPU_PRIME: 247.12590929294197
  CPU_SORTING: 89951.333013493117
  CPU_ENCRYPTION: 38554.372996949736
  CPU_COMPRESSION: 621316.09992143465
  CPU_SINGLETHREAD: 2886.609643421436
  CPU_PHYSICS: 4758.6194121589515
  CPU_MATRIX_MULT_SSE: 43929.259416886198
  CPU_mm: 4071.9144897105321
  CPU_sse: 17933.07538016398
  CPU_fma: 56215.702569024637
  CPU_avx: 46319.574410385547
  CPU_avx512: 55248.685307970583
  m_CPU_enc_SHA: 53928425570.018753
  m_CPU_enc_AES: 36600114352.07975
  m_CPU_enc_ECDSA: 30753030736.85025
  ME_ALLOC_S: 15837.040069795419
  ME_READ_S: 27480.978125000001
  ME_READ_L: 26292.9375
  ME_WRITE: 26072.263671875
  ME_LARGE: 116820.25
  ME_LATENCY: 71.710651958884284
  ME_THREADED: 80217.0322265625
  SUMM_CPU: 46777.537442104433
  SUMM_ME: 2858.7507391994764
SystemInformation:
  OSName: Ubuntu 24.04.4 LTS
  Kernel: 6.8.0-117-generic
  Device: ""
  Processor: "AMD EPYC 9T24 96-Core Processor                "
  NumSockets: 1
  Manufacturer: AuthenticAMD
  NumCores: 16
  NumLogicals: 32
  CPUFrequency: 0
  CPUMaxFrequency: 0
  Memory: 126244
  CPUInfo:
    number: 1
    Family: 15
    Model: 1
    stepping: 1
    features: 395049983
    manufacture: AuthenticAMD
    typestring: "AMD EPYC 9T24 96-Core Processor                "
    iCoresPerPackage: 16
    iThreadsPerPackage: 2
    featuresEx:
      - 395049983
      - 4277809667
      - 802421759
    bHybrid: false
    nPCore: 0
    nLogicalsPerPCore: 0
    nECore: 0
    nLogicalsPerECore: 0
  MemModuleInfo:
    iNumMemSticks: 8
    DIMM 1:
      manufacturer: Alibaba Cloud
      modulePartNo: Not Specified
      memType: RAM
      size: 16
      clkspeed: 0
      moduleVoltage: 0
    DIMM 2:
      manufacturer: Alibaba Cloud
      modulePartNo: Not Specified
      memType: RAM
      size: 16
      clkspeed: 0
      moduleVoltage: 0
    DIMM 3:
      manufacturer: Alibaba Cloud
      modulePartNo: Not Specified
      memType: RAM
      size: 16
      clkspeed: 0
      moduleVoltage: 0
    DIMM 4:
      manufacturer: Alibaba Cloud
      modulePartNo: Not Specified
      memType: RAM
      size: 16
      clkspeed: 0
      moduleVoltage: 0
    DIMM 5:
      manufacturer: Alibaba Cloud
      modulePartNo: Not Specified
      memType: RAM
      size: 16
      clkspeed: 0
      moduleVoltage: 0
    DIMM 6:
      manufacturer: Alibaba Cloud
      modulePartNo: Not Specified
      memType: RAM
      size: 16
      clkspeed: 0
      moduleVoltage: 0
    DIMM 7:
      manufacturer: Alibaba Cloud
      modulePartNo: Not Specified
      memType: RAM
      size: 16
      clkspeed: 0
      moduleVoltage: 0
    DIMM 8:
      manufacturer: Alibaba Cloud
      modulePartNo: Not Specified
      memType: RAM
      size: 16
      clkspeed: 0
      moduleVoltage: 0
Checksum: 6DF51C9FDA1387555AD70DA200B9AC74E48BBAB3