---
system-info:
      stress-ng-version: 0.17.08
      run-by: root
      date-yyyy-mm-dd: 2024:07:11
      time-hh-mm-ss: 14:16:54
      epoch-secs: 1720707414
      hostname: ip-172-31-53-181
      sysname: Linux
      nodename: ip-172-31-53-181
      release: 6.8.0-1010-aws
      version: '#10-Ubuntu SMP Thu Jun 13 17:48:42 UTC 2024'
      machine: aarch64
      compiler: 'musl-gcc 13.2.1'
      uptime: 181
      totalram: 66597523456
      freeram: 61442666496
      sharedram: 35000320
      bufferram: 136634368
      totalswap: 0
      freeswap: 0
      pagesize: 4096
      cpus: 4
      cpus-online: 4
      ticks-per-second: 100

metrics:
    - stressor: cpu
      bogo-ops: 30396
      bogo-ops-per-second-usr-sys-time: 1519.793541
      bogo-ops-per-second-real-time: 1519.796467
      wall-clock-time: 20.000046
      user-time: 20.000085
      system-time: 0.000000
      cpu-usage-per-instance: 100.000193
      max-rss: 1192

...
