---
system-info:
      stress-ng-version: 0.17.08
      run-by: root
      date-yyyy-mm-dd: 2024:09:24
      time-hh-mm-ss: 08:33:25
      epoch-secs: 1727166805
      hostname: sc-runner
      sysname: Linux
      nodename: sc-runner
      release: 6.8.0-1014-azure
      version: '#16-Ubuntu SMP Thu Aug 15 21:06:50 UTC 2024'
      machine: aarch64
      compiler: 'musl-gcc 13.2.1'
      uptime: 328
      totalram: 219079405568
      freeram: 207227088896
      sharedram: 38670336
      bufferram: 332754944
      totalswap: 0
      freeswap: 0
      pagesize: 4096
      cpus: 64
      cpus-online: 64
      ticks-per-second: 100

metrics:
    - stressor: cpu
      bogo-ops: 2248221
      bogo-ops-per-second-usr-sys-time: 1756.971006
      bogo-ops-per-second-real-time: 112410.679940
      wall-clock-time: 20.000066
      user-time: 1279.569535
      system-time: 0.030978
      cpu-usage-per-instance: 99.968461
      max-rss: 1024

...
