BaselineInfo:
  WebDBID: -1
  TimeStamp: 20241108071813
Version:
  Major: 11
  Minor: 0
  Build: 1002
  SpecialBuildName: ""
  ptArchitecture: x86_64_linux
Results:
  Results Complete: true
  NumTestProcesses: 16
  CPU_INTEGER_MATH: 39178.67566666667
  CPU_FLOATINGPOINT_MATH: 24110.238340806052
  CPU_PRIME: 65.728158395496024
  CPU_SORTING: 20981.120623229264
  CPU_ENCRYPTION: 5418.8960395558825
  CPU_COMPRESSION: 177005.42246337916
  CPU_SINGLETHREAD: 1639.3572502513555
  CPU_PHYSICS: 1383.4179921388293
  CPU_MATRIX_MULT_SSE: 9763.1556363111267
  CPU_mm: 1215.5273295365164
  CPU_sse: 4578.0383973278795
  CPU_fma: 14580.439180308371
  CPU_avx: 10130.989331297134
  CPU_avx512: 0
  m_CPU_enc_SHA: 1766404520.8197696
  m_CPU_enc_AES: 13691166284.520903
  m_CPU_enc_ECDSA: 1588802195.3793745
  ME_ALLOC_S: 4899.7240991923882
  ME_READ_S: 19404.107617187499
  ME_READ_L: 10313.544921875
  ME_WRITE: 9637.6572265625
  ME_LARGE: 49740.833333333336
  ME_LATENCY: 53.687981044540265
  ME_THREADED: 79412.76123046875
  SUMM_CPU: 12703.65015057667
  SUMM_ME: 2389.0231888738103
SystemInformation:
  OSName: Ubuntu 24.04.1 LTS
  Kernel: 6.8.0-1015-gcp
  Device: ""
  Processor: Intel Xeon CPU @ 2.30GHz
  NumSockets: 1
  Manufacturer: GenuineIntel
  NumCores: 8
  NumLogicals: 16
  CPUFrequency: 0
  Memory: 60266
  MemModuleInfo:
    iNumMemSticks: 4
    DIMM 1:
      manufacturer: ""
      modulePartNo: ""
      memType: RAM
      size: 16
      clkspeed: 0
      moduleVoltage: 0
    DIMM 2:
      manufacturer: ""
      modulePartNo: ""
      memType: RAM
      size: 16
      clkspeed: 0
      moduleVoltage: 0
    DIMM 3:
      manufacturer: ""
      modulePartNo: ""
      memType: RAM
      size: 16
      clkspeed: 0
      moduleVoltage: 0
    DIMM 4:
      manufacturer: ""
      modulePartNo: ""
      memType: RAM
      size: 12
      clkspeed: 0
      moduleVoltage: 0
Checksum: E23AE979B7CAE53E0A832ACE8A722F15A1EEE243