BaselineInfo:
  WebDBID: -1
  TimeStamp: 20241109125459
Version:
  Major: 11
  Minor: 0
  Build: 1002
  SpecialBuildName: ""
  ptArchitecture: aarch64_linux
Results:
  Results Complete: true
  NumTestProcesses: 32
  CPU_INTEGER_MATH: 166989.34933333335
  CPU_FLOATINGPOINT_MATH: 194023.95082410256
  CPU_PRIME: 425.08784783107365
  CPU_SORTING: 147771.81963682076
  CPU_ENCRYPTION: 6065.0125368624413
  CPU_COMPRESSION: 213010.0937405744
  CPU_SINGLETHREAD: 1945.4365551605447
  CPU_PHYSICS: 9126.5371677112271
  CPU_MATRIX_MULT_SSE: 29487.815915138017
  CPU_mm: 3657.0408339141959
  CPU_sse: 23202.898393616746
  CPU_fma: 35772.733436659284
  CPU_avx: 0
  CPU_avx512: 0
  m_CPU_enc_SHA: 9583264722.7081795
  m_CPU_enc_AES: 3434141393.3907938
  m_CPU_enc_ECDSA: 6061473641.4602423
  ME_ALLOC_S: 46855.807117713965
  ME_READ_S: 21194.121289062499
  ME_READ_L: 18166.28515625
  ME_WRITE: 21209.11328125
  ME_LARGE: 494652
  ME_LATENCY: 49.187244271492084
  ME_THREADED: 404397.66015625
  SUMM_CPU: 26410.640962665664
  SUMM_ME: 3267.7484431510993
SystemInformation:
  OSName: Ubuntu 24.04.1 LTS
  Kernel: 6.8.0-1016-aws
  Device: ""
  Processor: ARM Neoverse-V2 32 Core 0 MHz
  NumSockets: 1
  Manufacturer: ARM
  NumCores: 32
  NumLogicals: 32
  CPUFrequency: 0
  Memory: 506677
Checksum: C4974062C890117A70BA433CBC9FF998448896B2