---
system-info:
      stress-ng-version: 0.17.08
      run-by: root
      date-yyyy-mm-dd: 2024:09:10
      time-hh-mm-ss: 20:17:36
      epoch-secs: 1725999456
      hostname: ip-172-31-44-117
      sysname: Linux
      nodename: ip-172-31-44-117
      release: 6.8.0-1014-aws
      version: '#15-Ubuntu SMP Thu Aug  8 20:05:03 UTC 2024'
      machine: aarch64
      compiler: 'musl-gcc 13.2.1'
      uptime: 164
      totalram: 132652109824
      freeram: 123785191424
      sharedram: 35074048
      bufferram: 218894336
      totalswap: 0
      freeswap: 0
      pagesize: 4096
      cpus: 32
      cpus-online: 32
      ticks-per-second: 100

metrics:
    - stressor: cpu
      bogo-ops: 980321
      bogo-ops-per-second-usr-sys-time: 1532.369203
      bogo-ops-per-second-real-time: 49015.879344
      wall-clock-time: 20.000070
      user-time: 639.726048
      system-time: 0.015992
      cpu-usage-per-instance: 99.959346
      max-rss: 1024

...
