---
system-info:
      stress-ng-version: 0.17.08
      run-by: root
      date-yyyy-mm-dd: 2024:09:07
      time-hh-mm-ss: 11:20:14
      epoch-secs: 1725708014
      hostname: ip-172-31-34-96
      sysname: Linux
      nodename: ip-172-31-34-96
      release: 6.8.0-1014-aws
      version: '#15-Ubuntu SMP Thu Aug  8 20:05:03 UTC 2024'
      machine: aarch64
      compiler: 'musl-gcc 13.2.1'
      uptime: 158
      totalram: 132652105728
      freeram: 123850641408
      sharedram: 35074048
      bufferram: 221114368
      totalswap: 0
      freeswap: 0
      pagesize: 4096
      cpus: 32
      cpus-online: 32
      ticks-per-second: 100

metrics:
    - stressor: cpu
      bogo-ops: 980099
      bogo-ops-per-second-usr-sys-time: 1532.131260
      bogo-ops-per-second-real-time: 49004.787652
      wall-clock-time: 20.000066
      user-time: 639.680505
      system-time: 0.015992
      cpu-usage-per-instance: 99.952247
      max-rss: 1280

...
