BaselineInfo:
  WebDBID: -1
  TimeStamp: 20241107144429
Version:
  Major: 11
  Minor: 0
  Build: 1002
  SpecialBuildName: ""
  ptArchitecture: aarch64_linux
Results:
  Results Complete: true
  NumTestProcesses: 8
  CPU_INTEGER_MATH: 29527.456333333332
  CPU_FLOATINGPOINT_MATH: 11475.451641033531
  CPU_PRIME: 20.179139364543879
  CPU_SORTING: 13402.571578765013
  CPU_ENCRYPTION: 815.40305442219983
  CPU_COMPRESSION: 22820.210414866415
  CPU_SINGLETHREAD: 619.91489044126081
  CPU_PHYSICS: 453.35309830094877
  CPU_MATRIX_MULT_SSE: 1957.6702436407375
  CPU_mm: 580.25566043348249
  CPU_sse: 1487.7064522951605
  CPU_fma: 2427.6340349863144
  CPU_avx: 0
  CPU_avx512: 0
  m_CPU_enc_SHA: 1198182138.2833226
  m_CPU_enc_AES: 672259356.27361286
  m_CPU_enc_ECDSA: 694594725.02450204
  ME_ALLOC_S: 2462.5084685288093
  ME_READ_S: 8379.1371582031243
  ME_READ_L: 8074.8046875
  ME_WRITE: 8640.1796875
  ME_LARGE: 5598.666666666667
  ME_LATENCY: 65.309777862053025
  ME_THREADED: 22179.72265625
  SUMM_CPU: 3170.4706138942811
  SUMM_ME: 1418.0321999105429
SystemInformation:
  OSName: Ubuntu 24.04.1 LTS
  Kernel: 6.8.0-1016-aws
  Device: ""
  Processor: ARM Cortex-A72 8 Core 0 MHz
  NumSockets: 2
  Manufacturer: ARM
  NumCores: 8
  NumLogicals: 8
  CPUFrequency: 0
  Memory: 15421
Checksum: 2B01E3191E94B359D2FE2AA1BED2EAFC5E3190ED