BaselineInfo:
  WebDBID: -1
  TimeStamp: 20250415084316
Version:
  Major: 11
  Minor: 0
  Build: 1002
  SpecialBuildName: ""
  ptArchitecture: x86_64_linux
Results:
  Results Complete: true
  NumTestProcesses: 96
  CPU_INTEGER_MATH: 454759.14166666649
  CPU_FLOATINGPOINT_MATH: 322270.64026657934
  CPU_PRIME: 945.08873393002284
  CPU_SORTING: 223241.33158599044
  CPU_ENCRYPTION: 100010.59506573302
  CPU_COMPRESSION: 1629182.9964827977
  CPU_SINGLETHREAD: 2916.1427236697796
  CPU_PHYSICS: 19620.449125019109
  CPU_MATRIX_MULT_SSE: 138975.05933507311
  CPU_mm: 12973.991823674749
  CPU_sse: 56208.67082890353
  CPU_fma: 154501.20454858593
  CPU_avx: 117929.36259860487
  CPU_avx512: 227260.99936419801
  m_CPU_enc_SHA: 105800075789.89386
  m_CPU_enc_AES: 137679818590.01846
  m_CPU_enc_ECDSA: 71126234815.025848
  ME_ALLOC_S: 36143.230055945707
  ME_READ_S: 26613.5166015625
  ME_READ_L: 10782.27734375
  ME_WRITE: 9933.7998046875
  ME_LARGE: 760192.25
  ME_LATENCY: 57.019778652316312
  ME_THREADED: 463098.4794921875
  SUMM_CPU: 97473.824711782509
  SUMM_ME: 2704.5476645206331
SystemInformation:
  OSName: Ubuntu 24.04.2 LTS
  Kernel: 6.8.0-1021-azure
  Device: ""
  Processor: INTEL XEON PLATINUM 8573C
  NumSockets: 2
  Manufacturer: GenuineIntel
  NumCores: 48
  NumLogicals: 96
  CPUFrequency: 2300
  Memory: 773992
  MemModuleInfo:
    iNumMemSticks: 4
    DIMM 1:
      manufacturer: Microsoft Corporation
      modulePartNo: None
      memType: Unknown
      size: 1
      clkspeed: 0
      moduleVoltage: 0
    DIMM 2:
      manufacturer: Microsoft Corporation
      modulePartNo: None
      memType: Unknown
      size: 59
      clkspeed: 0
      moduleVoltage: 0
    DIMM 3:
      manufacturer: Microsoft Corporation
      modulePartNo: None
      memType: Unknown
      size: 324
      clkspeed: 0
      moduleVoltage: 0
    DIMM 4:
      manufacturer: Microsoft Corporation
      modulePartNo: None
      memType: Unknown
      size: 384
      clkspeed: 0
      moduleVoltage: 0
Checksum: 75FBD8B1CB647D57CCAF2D779495A513CF4D6BBB