---
system-info:
      stress-ng-version: 0.17.08
      run-by: root
      date-yyyy-mm-dd: 2024:06:06
      time-hh-mm-ss: 12:39:06
      epoch-secs: 1717677546
      hostname: 4db5e3ef3df6
      sysname: Linux
      nodename: 4db5e3ef3df6
      release: 6.8.0-1008-aws
      version: '#8-Ubuntu SMP Sat Apr 20 00:46:25 UTC 2024'
      machine: x86_64
      compiler: 'musl-gcc 13.2.1'
      uptime: 114
      totalram: 4002340864
      freeram: 130641920
      sharedram: 59850752
      bufferram: 81649664
      totalswap: 0
      freeswap: 0
      pagesize: 4096
      cpus: 2
      cpus-online: 2
      ticks-per-second: 100

metrics:
    - stressor: cpu
      bogo-ops: 16546
      bogo-ops-per-second-usr-sys-time: 1654.610755
      bogo-ops-per-second-real-time: 1654.464189
      wall-clock-time: 10.000821
      user-time: 9.998935
      system-time: 0.001000
      cpu-usage-per-instance: 99.991142
      max-rss: 3792

...
