---
system-info:
      stress-ng-version: 0.17.08
      run-by: root
      date-yyyy-mm-dd: 2024:06:13
      time-hh-mm-ss: 03:22:51
      epoch-secs: 1718248971
      hostname: 86a88d11538f
      sysname: Linux
      nodename: 86a88d11538f
      release: 6.8.0-1008-aws
      version: '#8-Ubuntu SMP Sat Apr 20 00:46:25 UTC 2024'
      machine: x86_64
      compiler: 'musl-gcc 13.2.1'
      uptime: 130
      totalram: 4002353152
      freeram: 187596800
      sharedram: 59850752
      bufferram: 104095744
      totalswap: 0
      freeswap: 0
      pagesize: 4096
      cpus: 2
      cpus-online: 2
      ticks-per-second: 100

metrics:
    - stressor: cpu
      bogo-ops: 37577
      bogo-ops-per-second-usr-sys-time: 1878.922245
      bogo-ops-per-second-real-time: 1878.839496
      wall-clock-time: 20.000112
      user-time: 19.998231
      system-time: 0.001000
      cpu-usage-per-instance: 99.995596
      max-rss: 976

...
