---
system-info:
      stress-ng-version: 0.17.08
      run-by: root
      date-yyyy-mm-dd: 2024:07:02
      time-hh-mm-ss: 19:53:36
      epoch-secs: 1719950016
      hostname: n2-highmem-32-e8dc8d6
      sysname: Linux
      nodename: n2-highmem-32-e8dc8d6
      release: 6.8.0-1009-gcp
      version: '#10-Ubuntu SMP Wed Jun 12 18:52:23 UTC 2024'
      machine: x86_64
      compiler: 'musl-gcc 13.2.1'
      uptime: 176
      totalram: 270453719040
      freeram: 264485244928
      sharedram: 70725632
      bufferram: 130142208
      totalswap: 0
      freeswap: 0
      pagesize: 4096
      cpus: 32
      cpus-online: 32
      ticks-per-second: 100

metrics:
    - stressor: cpu
      bogo-ops: 28229
      bogo-ops-per-second-usr-sys-time: 1411.464115
      bogo-ops-per-second-real-time: 1411.441873
      wall-clock-time: 20.000115
      user-time: 19.999800
      system-time: 0.000000
      cpu-usage-per-instance: 99.998424
      max-rss: 1032

...
