BaselineInfo:
  WebDBID: -1
  TimeStamp: 20250418072620
Version:
  Major: 11
  Minor: 0
  Build: 1002
  SpecialBuildName: ""
  ptArchitecture: x86_64_linux
Results:
  Results Complete: true
  NumTestProcesses: 64
  CPU_INTEGER_MATH: 271225.25400000002
  CPU_FLOATINGPOINT_MATH: 193332.23660980604
  CPU_PRIME: 565.98411557062389
  CPU_SORTING: 133205.27228832614
  CPU_ENCRYPTION: 60117.208516237974
  CPU_COMPRESSION: 971481.70188879711
  CPU_SINGLETHREAD: 2917.7282178388405
  CPU_PHYSICS: 10563.878935830206
  CPU_MATRIX_MULT_SSE: 77637.884741309565
  CPU_mm: 7462.6386053519327
  CPU_sse: 31831.173167312358
  CPU_fma: 86261.437010655529
  CPU_avx: 66087.929117476684
  CPU_avx512: 126370.99966979383
  m_CPU_enc_SHA: 63299724648.263359
  m_CPU_enc_AES: 82985277878.627655
  m_CPU_enc_ECDSA: 42827383584.477158
  ME_ALLOC_S: 31925.827765214799
  ME_READ_S: 25703.861132812501
  ME_READ_L: 10179.5498046875
  ME_WRITE: 9241.6650390625
  ME_LARGE: 117802.75
  ME_LATENCY: 69.016610855728473
  ME_THREADED: 299177.92626953125
  SUMM_CPU: 70905.372419081803
  SUMM_ME: 2382.0294977062954
SystemInformation:
  OSName: Ubuntu 24.04.2 LTS
  Kernel: 6.8.0-1021-azure
  Device: ""
  Processor: INTEL XEON PLATINUM 8573C
  NumSockets: 1
  Manufacturer: GenuineIntel
  NumCores: 32
  NumLogicals: 64
  CPUFrequency: 2300
  Memory: 128789
  MemModuleInfo:
    iNumMemSticks: 3
    DIMM 1:
      manufacturer: Microsoft Corporation
      modulePartNo: None
      memType: Unknown
      size: 1
      clkspeed: 0
      moduleVoltage: 0
    DIMM 2:
      manufacturer: Microsoft Corporation
      modulePartNo: None
      memType: Unknown
      size: 59
      clkspeed: 0
      moduleVoltage: 0
    DIMM 3:
      manufacturer: Microsoft Corporation
      modulePartNo: None
      memType: Unknown
      size: 68
      clkspeed: 0
      moduleVoltage: 0
Checksum: 4FCFE53202BFE952E250F70EFAD02DE20753BE05