---
system-info:
      stress-ng-version: 0.17.08
      run-by: root
      date-yyyy-mm-dd: 2024:06:09
      time-hh-mm-ss: 16:55:04
      epoch-secs: 1717952104
      hostname: bbffd062c57d
      sysname: Linux
      nodename: bbffd062c57d
      release: 6.8.0-1008-aws
      version: '#8-Ubuntu SMP Sat Apr 20 02:43:14 UTC 2024'
      machine: aarch64
      compiler: 'musl-gcc 13.2.1'
      uptime: 137
      totalram: 33221046272
      freeram: 28767186944
      sharedram: 35012608
      bufferram: 109338624
      totalswap: 0
      freeswap: 0
      pagesize: 4096
      cpus: 4
      cpus-online: 4
      ticks-per-second: 100

metrics:
    - stressor: cpu
      bogo-ops: 2940
      bogo-ops-per-second-usr-sys-time: 292.596561
      bogo-ops-per-second-real-time: 292.593123
      wall-clock-time: 10.048083
      user-time: 10.046966
      system-time: 0.000999
      cpu-usage-per-instance: 99.998825
      max-rss: 4008

...
