---
system-info:
      stress-ng-version: 0.17.08
      run-by: root
      date-yyyy-mm-dd: 2024:06:15
      time-hh-mm-ss: 19:30:10
      epoch-secs: 1718479810
      hostname: 6536466a52a9
      sysname: Linux
      nodename: 6536466a52a9
      release: 6.8.0-1008-aws
      version: '#8-Ubuntu SMP Sat Apr 20 02:43:14 UTC 2024'
      machine: aarch64
      compiler: 'musl-gcc 13.2.1'
      uptime: 163
      totalram: 33221050368
      freeram: 28944793600
      sharedram: 35012608
      bufferram: 109494272
      totalswap: 0
      freeswap: 0
      pagesize: 4096
      cpus: 4
      cpus-online: 4
      ticks-per-second: 100

metrics:
    - stressor: cpu
      bogo-ops: 30398
      bogo-ops-per-second-usr-sys-time: 1519.883357
      bogo-ops-per-second-real-time: 1519.895289
      wall-clock-time: 20.000062
      user-time: 19.999220
      system-time: 0.000999
      cpu-usage-per-instance: 100.000785
      max-rss: 1320

...
