---
system-info:
      stress-ng-version: 0.17.08
      run-by: root
      date-yyyy-mm-dd: 2024:06:26
      time-hh-mm-ss: 09:17:49
      epoch-secs: 1719393469
      hostname: c3d-standard-8-lssd-7aec1a9
      sysname: Linux
      nodename: c3d-standard-8-lssd-7aec1a9
      release: 6.8.0-1008-gcp
      version: '#9-Ubuntu SMP Wed May 22 18:09:04 UTC 2024'
      machine: x86_64
      compiler: 'musl-gcc 13.2.1'
      uptime: 116
      totalram: 33652191232
      freeram: 28634558464
      sharedram: 35016704
      bufferram: 124841984
      totalswap: 0
      freeswap: 0
      pagesize: 4096
      cpus: 8
      cpus-online: 8
      ticks-per-second: 100

metrics:
    - stressor: cpu
      bogo-ops: 229663
      bogo-ops-per-second-usr-sys-time: 1438.464161
      bogo-ops-per-second-real-time: 11483.108471
      wall-clock-time: 20.000072
      user-time: 159.638488
      system-time: 0.019991
      cpu-usage-per-instance: 99.786188
      max-rss: 1104

...
