---
system-info:
      stress-ng-version: 0.17.08
      run-by: root
      date-yyyy-mm-dd: 2024:09:23
      time-hh-mm-ss: 21:00:04
      epoch-secs: 1727125204
      hostname: c4-standard-2-60cd4cc
      sysname: Linux
      nodename: c4-standard-2-60cd4cc
      release: 6.8.0-1014-gcp
      version: '#16-Ubuntu SMP Mon Aug 26 15:55:46 UTC 2024'
      machine: x86_64
      compiler: 'musl-gcc 13.2.1'
      uptime: 186
      totalram: 7266910208
      freeram: 180695040
      sharedram: 274558976
      bufferram: 238268416
      totalswap: 0
      freeswap: 0
      pagesize: 4096
      cpus: 2
      cpus-online: 2
      ticks-per-second: 100

metrics:
    - stressor: cpu
      bogo-ops: 42440
      bogo-ops-per-second-usr-sys-time: 2122.399011
      bogo-ops-per-second-real-time: 2121.993727
      wall-clock-time: 20.000059
      user-time: 19.996240
      system-time: 0.000000
      cpu-usage-per-instance: 99.980904
      max-rss: 1104

...
