BaselineInfo:
  WebDBID: -1
  TimeStamp: 20241218232844
Version:
  Major: 11
  Minor: 0
  Build: 1002
  SpecialBuildName: ""
  ptArchitecture: x86_64_linux
Results:
  Results Complete: true
  NumTestProcesses: 1
  CPU_INTEGER_MATH: 4685.7870000000003
  CPU_FLOATINGPOINT_MATH: 3413.7891892250677
  CPU_PRIME: 14.814855575160534
  CPU_SORTING: 2637.6620898353581
  CPU_ENCRYPTION: 1132.1011415973846
  CPU_COMPRESSION: 19622.579751384743
  CPU_SINGLETHREAD: 1959.5055546170418
  CPU_PHYSICS: 225.20365241272251
  CPU_MATRIX_MULT_SSE: 1590.3698391831269
  CPU_mm: 193.04517831058132
  CPU_sse: 770.61491419200297
  CPU_fma: 2531.2806951877778
  CPU_avx: 1469.2139081696002
  CPU_avx512: 0
  m_CPU_enc_SHA: 1598369876.1996481
  m_CPU_enc_AES: 1033455316.4038391
  m_CPU_enc_ECDSA: 929457067.35137105
  ME_ALLOC_S: 0
  ME_READ_S: 0
  ME_READ_L: 0
  ME_WRITE: 0
  ME_LARGE: 0
  ME_LATENCY: 0
  ME_THREADED: 0
  SUMM_CPU: 2019.5134349951159
  SUMM_ME: 0
SystemInformation:
  OSName: Ubuntu 24.04.1 LTS
  Kernel: 6.8.0-31-generic
  Device: ""
  Processor: AMD EPYC 7542 32-Core Processor
  NumSockets: 1
  Manufacturer: AuthenticAMD
  NumCores: 1
  NumLogicals: 1
  CPUFrequency: 0
  Memory: 848
  MemModuleInfo:
    iNumMemSticks: 1
    DIMM 1:
      manufacturer: QEMU
      modulePartNo: Not Specified
      memType: RAM
      size: 1
      clkspeed: 0
      moduleVoltage: 0
Checksum: B20D10036D0FBE71010B49EEFABBAF7562775C75