---
system-info:
      stress-ng-version: 0.17.08
      run-by: root
      date-yyyy-mm-dd: 2024:09:12
      time-hh-mm-ss: 12:54:29
      epoch-secs: 1726145669
      hostname: ip-172-31-82-176
      sysname: Linux
      nodename: ip-172-31-82-176
      release: 6.8.0-1014-aws
      version: '#15-Ubuntu SMP Thu Aug  8 19:13:06 UTC 2024'
      machine: x86_64
      compiler: 'musl-gcc 13.2.1'
      uptime: 218
      totalram: 1031432364032
      freeram: 1019986358272
      sharedram: 96358400
      bufferram: 223084544
      totalswap: 0
      freeswap: 0
      pagesize: 4096
      cpus: 64
      cpus-online: 64
      ticks-per-second: 100

metrics:
    - stressor: cpu
      bogo-ops: 589560
      bogo-ops-per-second-usr-sys-time: 460.932057
      bogo-ops-per-second-real-time: 29477.749879
      wall-clock-time: 20.000170
      user-time: 1279.028727
      system-time: 0.031801
      cpu-usage-per-instance: 99.925756
      max-rss: 512

...
