BaselineInfo:
  WebDBID: -1
  TimeStamp: 20260611124135
Version:
  Major: 11
  Minor: 0
  Build: 1004
  SpecialBuildName: ""
  ptArchitecture: aarch64_linux
Results:
  Results Complete: true
  NumTestProcesses: 16
  CPU_INTEGER_MATH: 98015.026666666658
  CPU_FLOATINGPOINT_MATH: 122519.037212298
  CPU_PRIME: 331.25235139889389
  CPU_SORTING: 86293.452595856375
  CPU_ENCRYPTION: 4747.9290130239133
  CPU_COMPRESSION: 149560.03394194433
  CPU_SINGLETHREAD: 2464.9306967704897
  CPU_PHYSICS: 6145.2370886996014
  CPU_MATRIX_MULT_SSE: 21584.331815934376
  CPU_mm: 2155.4578192301801
  CPU_sse: 17171.725948333373
  CPU_fma: 25996.937683535365
  CPU_avx: 0
  CPU_avx512: 0
  m_CPU_enc_SHA: 7943535638.2108011
  m_CPU_enc_AES: 2216861389.2361236
  m_CPU_enc_ECDSA: 4775296210.8347664
  ME_ALLOC_S: 29240.131359449788
  ME_READ_S: 24215.588085937499
  ME_READ_L: 24715.63671875
  ME_WRITE: 25047.44140625
  ME_LARGE: 54364.083333333336
  ME_LATENCY: 25.811507283294361
  ME_THREADED: 190606.2880859375
  SUMM_CPU: 20551.009988978836
  SUMM_ME: 4552.8472294808325
SystemInformation:
  OSName: Ubuntu 24.04.4 LTS
  Kernel: 6.17.0-1017-aws
  Device: ""
  Processor: ARM Neoverse-V3 16 Core 0 MHz
  NumSockets: 1
  Manufacturer: ARM
  NumCores: 16
  NumLogicals: 16
  CPUFrequency: 0
  CPUMaxFrequency: 0
  Memory: 63094
Checksum: 2BFF31C7B31EA7794DF09717F8E923CAE90D4BA6