---
system-info:
      stress-ng-version: 0.17.08
      run-by: root
      date-yyyy-mm-dd: 2024:06:07
      time-hh-mm-ss: 17:22:39
      epoch-secs: 1717780959
      hostname: 2cd5f46e3d65
      sysname: Linux
      nodename: 2cd5f46e3d65
      release: 6.8.0-1008-aws
      version: '#8-Ubuntu SMP Sat Apr 20 00:46:25 UTC 2024'
      machine: x86_64
      compiler: 'musl-gcc 13.2.1'
      uptime: 164
      totalram: 168949768192
      freeram: 164106113024
      sharedram: 64401408
      bufferram: 93495296
      totalswap: 0
      freeswap: 0
      pagesize: 4096
      cpus: 40
      cpus-online: 40
      ticks-per-second: 100

metrics:
    - stressor: cpu
      bogo-ops: 13442
      bogo-ops-per-second-usr-sys-time: 1344.105375
      bogo-ops-per-second-real-time: 1344.052626
      wall-clock-time: 10.001096
      user-time: 10.000704
      system-time: 0.000000
      cpu-usage-per-instance: 99.996076
      max-rss: 3860

...
