---
system-info:
      stress-ng-version: 0.17.08
      run-by: root
      date-yyyy-mm-dd: 2024:06:14
      time-hh-mm-ss: 16:44:01
      epoch-secs: 1718383441
      hostname: 4b8b3d5aa66b
      sysname: Linux
      nodename: 4b8b3d5aa66b
      release: 6.8.0-1008-aws
      version: '#8-Ubuntu SMP Sat Apr 20 00:46:25 UTC 2024'
      machine: x86_64
      compiler: 'musl-gcc 13.2.1'
      uptime: 159
      totalram: 168949780480
      freeram: 164019474432
      sharedram: 64401408
      bufferram: 110006272
      totalswap: 0
      freeswap: 0
      pagesize: 4096
      cpus: 40
      cpus-online: 40
      ticks-per-second: 100

metrics:
    - stressor: cpu
      bogo-ops: 24844
      bogo-ops-per-second-usr-sys-time: 1242.320940
      bogo-ops-per-second-real-time: 1242.196579
      wall-clock-time: 20.000055
      user-time: 19.998053
      system-time: 0.000000
      cpu-usage-per-instance: 99.989990
      max-rss: 976

...
