BaselineInfo:
  WebDBID: -1
  TimeStamp: 20241108182231
Version:
  Major: 11
  Minor: 0
  Build: 1002
  SpecialBuildName: ""
  ptArchitecture: x86_64_linux
Results:
  Results Complete: true
  NumTestProcesses: 16
  CPU_INTEGER_MATH: 67280.925333333333
  CPU_FLOATINGPOINT_MATH: 34393.601516672599
  CPU_PRIME: 124.80057682085285
  CPU_SORTING: 34778.300297826703
  CPU_ENCRYPTION: 14607.716872860725
  CPU_COMPRESSION: 246572.35699104401
  CPU_SINGLETHREAD: 2430.8817102791122
  CPU_PHYSICS: 2143.5943839885449
  CPU_MATRIX_MULT_SSE: 14471.531356372179
  CPU_mm: 1448.4983121038749
  CPU_sse: 6376.5985512196785
  CPU_fma: 17526.09339122384
  CPU_avx: 12947.078571913164
  CPU_avx512: 21036.354911132028
  m_CPU_enc_SHA: 14775958191.11754
  m_CPU_enc_AES: 22135884758.714672
  m_CPU_enc_ECDSA: 9040061033.1982193
  ME_ALLOC_S: 7921.7086990935095
  ME_READ_S: 24158.772265625001
  ME_READ_L: 11243.826171875
  ME_WRITE: 10201.8603515625
  ME_LARGE: 118480.41666666667
  ME_LATENCY: 52.922453893565894
  ME_THREADED: 88839.1962890625
  SUMM_CPU: 21141.477031648683
  SUMM_ME: 2642.724864678863
SystemInformation:
  OSName: Ubuntu 24.04.1 LTS
  Kernel: 6.8.0-1017-azure
  Device: ""
  Processor: Intel Xeon Platinum 8370C CPU @ 2.80GHz
  NumSockets: 1
  Manufacturer: GenuineIntel
  NumCores: 8
  NumLogicals: 16
  CPUFrequency: 2800
  Memory: 128808
  MemModuleInfo:
    iNumMemSticks: 3
    DIMM 1:
      manufacturer: Microsoft Corporation
      modulePartNo: None
      memType: Unknown
      size: 1
      clkspeed: 0
      moduleVoltage: 0
    DIMM 2:
      manufacturer: Microsoft Corporation
      modulePartNo: None
      memType: Unknown
      size: 59
      clkspeed: 0
      moduleVoltage: 0
    DIMM 3:
      manufacturer: Microsoft Corporation
      modulePartNo: None
      memType: Unknown
      size: 68
      clkspeed: 0
      moduleVoltage: 0
Checksum: 67EB2402B9E43803E6469C707413AB54248DE911