BaselineInfo:
  WebDBID: -1
  TimeStamp: 20241108085911
Version:
  Major: 11
  Minor: 0
  Build: 1002
  SpecialBuildName: ""
  ptArchitecture: x86_64_linux
Results:
  Results Complete: true
  NumTestProcesses: 20
  CPU_INTEGER_MATH: 83024.986000000004
  CPU_FLOATINGPOINT_MATH: 45815.786559325963
  CPU_PRIME: 174.99545477196131
  CPU_SORTING: 44980.692558371396
  CPU_ENCRYPTION: 21515.038461376495
  CPU_COMPRESSION: 316156.18125824252
  CPU_SINGLETHREAD: 2391.634655258938
  CPU_PHYSICS: 3006.8544811382135
  CPU_MATRIX_MULT_SSE: 18659.087383936763
  CPU_mm: 2241.8357669657871
  CPU_sse: 9534.9894133446051
  CPU_fma: 26011.677508506989
  CPU_avx: 20430.595229958704
  CPU_avx512: 0
  m_CPU_enc_SHA: 31184363628.861275
  m_CPU_enc_AES: 19938926777.610546
  m_CPU_enc_ECDSA: 16557168502.557138
  ME_ALLOC_S: 8793.010981472291
  ME_READ_S: 24425.865234375
  ME_READ_L: 19655.66015625
  ME_WRITE: 19171.70703125
  ME_LARGE: 150546.41666666666
  ME_LATENCY: 63.034944676418839
  ME_THREADED: 73714.385498046875
  SUMM_CPU: 26746.520593642286
  SUMM_ME: 2826.5890066747188
SystemInformation:
  OSName: Ubuntu 24.04.1 LTS
  Kernel: 6.8.0-1017-azure
  Device: ""
  Processor: AMD EPYC 7763 64-Core Processor
  NumSockets: 1
  Manufacturer: AuthenticAMD
  NumCores: 10
  NumLogicals: 20
  CPUFrequency: 0
  Memory: 161159
  MemModuleInfo:
    iNumMemSticks: 4
    DIMM 1:
      manufacturer: Microsoft Corporation
      modulePartNo: None
      memType: Unknown
      size: 1
      clkspeed: 0
      moduleVoltage: 0
    DIMM 2:
      manufacturer: Microsoft Corporation
      modulePartNo: None
      memType: Unknown
      size: 60928
      clkspeed: 0
      moduleVoltage: 0
    DIMM 3:
      manufacturer: Microsoft Corporation
      modulePartNo: None
      memType: Unknown
      size: 19968
      clkspeed: 0
      moduleVoltage: 0
    DIMM 4:
      manufacturer: Microsoft Corporation
      modulePartNo: None
      memType: Unknown
      size: 80
      clkspeed: 0
      moduleVoltage: 0
Checksum: AFC6465F6E63932DA00EB6C5B8595B9441DE6EC1