BaselineInfo:
  WebDBID: -1
  TimeStamp: 20260206115233
Version:
  Major: 11
  Minor: 0
  Build: 1004
  SpecialBuildName: ""
  ptArchitecture: x86_64_linux
Results:
  Results Complete: true
  NumTestProcesses: 16
  CPU_INTEGER_MATH: 82530.731333333315
  CPU_FLOATINGPOINT_MATH: 59771.235106104366
  CPU_PRIME: 178.23698128247699
  CPU_SORTING: 42717.446109768673
  CPU_ENCRYPTION: 18273.078756607181
  CPU_COMPRESSION: 321360.20792748785
  CPU_SINGLETHREAD: 3280.7846087854305
  CPU_PHYSICS: 3834.7434192753012
  CPU_MATRIX_MULT_SSE: 22947.525481081593
  CPU_mm: 2466.3275274299986
  CPU_sse: 10088.380706201369
  CPU_fma: 26338.425253241807
  CPU_avx: 21362.550494977015
  CPU_avx512: 34000.745469906185
  m_CPU_enc_SHA: 19226118556.762726
  m_CPU_enc_AES: 25091417678.751858
  m_CPU_enc_ECDSA: 13164599255.349823
  ME_ALLOC_S: 9403.0516039052618
  ME_READ_S: 28792.186328125001
  ME_READ_L: 16925.34765625
  ME_WRITE: 12396.20703125
  ME_LARGE: 50774.166666666664
  ME_LATENCY: 70.624802985138558
  ME_THREADED: 126837.9326171875
  SUMM_CPU: 29279.12800853766
  SUMM_ME: 2608.333753864722
SystemInformation:
  OSName: Ubuntu 24.04.3 LTS
  Kernel: 6.14.0-1018-aws
  Device: ""
  Processor: Intel(R) Xeon(R) 6975P-C
  NumSockets: 1
  Manufacturer: GenuineIntel
  NumCores: 8
  NumLogicals: 16
  CPUFrequency: 0
  CPUMaxFrequency: 0
  Memory: 63258
  CPUInfo:
    number: 1
    Family: 6
    Model: 13
    stepping: 1
    features: 529267711
    manufacture: GenuineIntel
    typestring: Intel(R) Xeon(R) 6975P-C
    iCoresPerPackage: 8
    iThreadsPerPackage: 2
    featuresEx:
      - 529267711
      - 4294619651
      - 739248128
    bHybrid: false
    nPCore: 0
    nLogicalsPerPCore: 0
    nECore: 0
    nLogicalsPerECore: 0
  MemModuleInfo:
    iNumMemSticks: 1
    DIMM 1:
      manufacturer: Not Specified
      modulePartNo: Not Specified
      memType: DDR5
      size: 64
      clkspeed: 3600
      moduleVoltage: 0
Checksum: 8244E628FCD51AF41007985EBC9BD95613FB76CA