---
system-info:
      stress-ng-version: 0.17.08
      run-by: root
      date-yyyy-mm-dd: 2024:09:22
      time-hh-mm-ss: 14:19:14
      epoch-secs: 1727014754
      hostname: sc-runner
      sysname: Linux
      nodename: sc-runner
      release: 6.8.0-1014-azure
      version: '#16-Ubuntu SMP Thu Aug 15 20:04:41 UTC 2024'
      machine: x86_64
      compiler: 'musl-gcc 13.2.1'
      uptime: 359
      totalram: 168988225536
      freeram: 158052147200
      sharedram: 71729152
      bufferram: 275668992
      totalswap: 0
      freeswap: 0
      pagesize: 4096
      cpus: 20
      cpus-online: 20
      ticks-per-second: 100

metrics:
    - stressor: cpu
      bogo-ops: 54030
      bogo-ops-per-second-usr-sys-time: 2701.512157
      bogo-ops-per-second-real-time: 2701.485637
      wall-clock-time: 20.000106
      user-time: 19.998911
      system-time: 0.000999
      cpu-usage-per-instance: 99.999018
      max-rss: 3188

...
