---
system-info:
      stress-ng-version: 0.17.08
      run-by: root
      date-yyyy-mm-dd: 2024:06:28
      time-hh-mm-ss: 19:36:51
      epoch-secs: 1719603411
      hostname: c3d-highcpu-360-86af1c5
      sysname: Linux
      nodename: c3d-highcpu-360-86af1c5
      release: 6.8.0-1009-gcp
      version: '#10-Ubuntu SMP Wed Jun 12 18:52:23 UTC 2024'
      machine: x86_64
      compiler: 'musl-gcc 13.2.1'
      uptime: 135
      totalram: 748007563264
      freeram: 740813606912
      sharedram: 70930432
      bufferram: 132104192
      totalswap: 0
      freeswap: 0
      pagesize: 4096
      cpus: 360
      cpus-online: 360
      ticks-per-second: 100

metrics:
    - stressor: cpu
      bogo-ops: 11069222
      bogo-ops-per-second-usr-sys-time: 1538.642015
      bogo-ops-per-second-real-time: 553459.491157
      wall-clock-time: 20.000058
      user-time: 7194.050441
      system-time: 0.099916
      cpu-usage-per-instance: 99.918465
      max-rss: 0

...
