size_kb,operation,bandwidth_mb_s,latency_ns,latency_stddev_ns,latency_samples,threads,iterations,elapsed_s
32,read,991620.23,0,0,0,16,384024,0.193635
32,write,942862.07,0,0,0,16,580046,0.307599
32,copy,653798.06,0,0,0,16,409165,0.312914
32,latency,0,0.98,0.00,7,1,7,0.143257
128,read,992640.90,0,0,0,16,233426,0.470313
128,write,979143.46,0,0,0,16,177053,0.361649
128,copy,677452.70,0,0,0,16,126710,0.374078
128,latency,0,2.69,0.00,7,1,7,0.670596
512,read,918283.59,0,0,0,16,53682,0.467673
512,write,969456.58,0,0,0,16,52443,0.432762
512,copy,434321.60,0,0,0,16,25680,0.473014
512,latency,0,3.70,0.00,7,1,7,0.693910
1024,read,841463.82,0,0,0,16,24495,0.465760
1024,write,847739.09,0,0,0,16,25087,0.473485
1024,copy,353211.44,0,0,0,16,7645,0.346308
1024,latency,0,5.37,0.02,7,1,7,0.697457
2048,read,688789.34,0,0,0,16,9484,0.440611
2048,write,636131.16,0,0,0,16,11189,0.562852
2048,copy,141037.92,0,0,0,16,4213,0.955885
2048,latency,0,9.84,0.06,7,1,7,0.675452
8192,read,127378.22,0,0,0,16,1128,1.133506
8192,write,102487.27,0,0,0,16,1141,1.425036
8192,copy,32066.16,0,0,0,16,737,2.941918
8192,latency,0,11.46,0.07,7,1,7,0.701547
16384,read,61754.32,0,0,0,16,529,2.192948
16384,write,43205.49,0,0,0,16,564,3.341798
16384,copy,23047.48,0,0,0,16,359,3.987595
16384,latency,0,12.07,0.10,7,1,7,0.681430
32768,read,49748.64,0,0,0,16,285,2.933145
32768,write,33648.88,0,0,0,16,295,4.488707
32768,copy,22699.08,0,0,0,16,180,4.060076
32768,latency,0,14.34,0.62,7,1,7,0.785180
65536,read,49753.85,0,0,0,16,161,3.313593
65536,write,33176.11,0,0,0,16,141,4.352048
65536,copy,22728.96,0,0,0,16,85,3.829475
65536,latency,0,75.74,0.47,7,1,7,3.256876
131072,read,50079.95,0,0,0,16,78,3.189780
131072,write,33242.00,0,0,0,16,62,3.819746
131072,copy,22585.59,0,0,0,16,42,3.808445
131072,latency,0,100.06,1.37,7,1,7,8.667557
