BaselineInfo:
  WebDBID: -1
  TimeStamp: 20250228154059
Version:
  Major: 11
  Minor: 0
  Build: 1002
  SpecialBuildName: ""
  ptArchitecture: x86_64_linux
Results:
  Results Complete: true
  NumTestProcesses: 12
  CPU_INTEGER_MATH: 57350.415666666668
  CPU_FLOATINGPOINT_MATH: 41874.074008556556
  CPU_PRIME: 192.73144582396813
  CPU_SORTING: 34145.414478781284
  CPU_ENCRYPTION: 13951.761359792279
  CPU_COMPRESSION: 251886.55629991795
  CPU_SINGLETHREAD: 2155.1735686112843
  CPU_PHYSICS: 2983.6931509057331
  CPU_MATRIX_MULT_SSE: 21918.274755379491
  CPU_mm: 2445.3548618953942
  CPU_sse: 9667.718129535664
  CPU_fma: 32039.988975767988
  CPU_avx: 24047.117160834823
  CPU_avx512: 0
  m_CPU_enc_SHA: 19680479112.981827
  m_CPU_enc_AES: 12708452589.345139
  m_CPU_enc_ECDSA: 11499514656.489685
  ME_ALLOC_S: 6982.1450265072726
  ME_READ_S: 25089.706445312499
  ME_READ_L: 8157.78515625
  ME_WRITE: 8122.92822265625
  ME_LARGE: 20854.083333333332
  ME_LATENCY: 89.903865182049344
  ME_THREADED: 59790.4541015625
  SUMM_CPU: 22297.863110884249
  SUMM_ME: 1834.0998138648476
SystemInformation:
  OSName: Ubuntu 24.04.1 LTS
  Kernel: 6.8.0-31-generic
  Device: ""
  Processor: AMD EPYC 7542 32-Core Processor
  NumSockets: 1
  Manufacturer: AuthenticAMD
  NumCores: 12
  NumLogicals: 12
  CPUFrequency: 0
  Memory: 32050
  MemModuleInfo:
    iNumMemSticks: 2
    DIMM 1:
      manufacturer: QEMU
      modulePartNo: Not Specified
      memType: RAM
      size: 16
      clkspeed: 0
      moduleVoltage: 0
    DIMM 2:
      manufacturer: QEMU
      modulePartNo: Not Specified
      memType: RAM
      size: 16
      clkspeed: 0
      moduleVoltage: 0
Checksum: 842541A679B667D36C58496F3B3C7244E8489DAC