---
system-info:
      stress-ng-version: 0.17.08
      run-by: root
      date-yyyy-mm-dd: 2024:06:14
      time-hh-mm-ss: 06:44:00
      epoch-secs: 1718347440
      hostname: e8aa494b5629
      sysname: Linux
      nodename: e8aa494b5629
      release: 6.8.0-1008-aws
      version: '#8-Ubuntu SMP Sat Apr 20 00:46:25 UTC 2024'
      machine: x86_64
      compiler: 'musl-gcc 13.2.1'
      uptime: 133
      totalram: 8158199808
      freeram: 3804151808
      sharedram: 59871232
      bufferram: 108797952
      totalswap: 0
      freeswap: 0
      pagesize: 4096
      cpus: 4
      cpus-online: 4
      ticks-per-second: 100

metrics:
    - stressor: cpu
      bogo-ops: 37750
      bogo-ops-per-second-usr-sys-time: 1887.537468
      bogo-ops-per-second-real-time: 1887.494420
      wall-clock-time: 20.000059
      user-time: 19.999603
      system-time: 0.000000
      cpu-usage-per-instance: 99.997719
      max-rss: 1104

...
