---
system-info:
      stress-ng-version: 0.17.08
      run-by: root
      date-yyyy-mm-dd: 2024:06:06
      time-hh-mm-ss: 11:18:59
      epoch-secs: 1717672739
      hostname: fb5a0e7770d1
      sysname: Linux
      nodename: fb5a0e7770d1
      release: 6.8.0-1008-aws
      version: '#8-Ubuntu SMP Sat Apr 20 00:46:25 UTC 2024'
      machine: x86_64
      compiler: 'musl-gcc 13.2.1'
      uptime: 108
      totalram: 8158199808
      freeram: 4021252096
      sharedram: 59871232
      bufferram: 83042304
      totalswap: 0
      freeswap: 0
      pagesize: 4096
      cpus: 4
      cpus-online: 4
      ticks-per-second: 100

metrics:
    - stressor: cpu
      bogo-ops: 16637
      bogo-ops-per-second-usr-sys-time: 1663.734439
      bogo-ops-per-second-real-time: 1663.665016
      wall-clock-time: 10.000210
      user-time: 9.998794
      system-time: 0.000999
      cpu-usage-per-instance: 99.995827
      max-rss: 4048

...
