BaselineInfo:
  WebDBID: -1
  TimeStamp: 20260621232928
Version:
  Major: 11
  Minor: 0
  Build: 1004
  SpecialBuildName: ""
  ptArchitecture: x86_64_linux
Results:
  Results Complete: true
  NumTestProcesses: 128
  CPU_INTEGER_MATH: 650178.00333333341
  CPU_FLOATINGPOINT_MATH: 471103.06260197994
  CPU_PRIME: 1411.8677753080779
  CPU_SORTING: 329616.09505417047
  CPU_ENCRYPTION: 142532.58442765742
  CPU_COMPRESSION: 2506129.2395606413
  CPU_SINGLETHREAD: 3533.517714654532
  CPU_PHYSICS: 24041.43468332609
  CPU_MATRIX_MULT_SSE: 171745.49863759836
  CPU_mm: 18295.230478420533
  CPU_sse: 78843.805546463147
  CPU_fma: 205503.53627015377
  CPU_avx: 157340.35502501111
  CPU_avx512: 245294.2977087652
  m_CPU_enc_SHA: 151560630625.98691
  m_CPU_enc_AES: 197855501377.86938
  m_CPU_enc_ECDSA: 98952609742.589859
  ME_ALLOC_S: 34662.858616928919
  ME_READ_S: 30954.199804687501
  ME_READ_L: 23577.544921875
  ME_WRITE: 8646.447265625
  ME_LARGE: 245562.66666666666
  ME_LATENCY: 70.550373547807922
  ME_THREADED: 690473.04028320312
  SUMM_CPU: 128741.43319137051
  SUMM_ME: 2733.7202641591539
SystemInformation:
  OSName: Ubuntu 24.04.4 LTS
  Kernel: 6.17.0-1018-azure
  Device: ""
  Processor: Intel(R) Xeon(R) 6973P-C
  NumSockets: 2
  Manufacturer: GenuineIntel
  NumCores: 64
  NumLogicals: 128
  CPUFrequency: 2600
  CPUMaxFrequency: 2600
  Memory: 257886
  CPUInfo:
    number: 2
    Family: 6
    Model: 13
    stepping: 1
    features: 529267711
    manufacture: GenuineIntel
    typestring: Intel(R) Xeon(R) 6973P-C
    iCoresPerPackage: 32
    iThreadsPerPackage: 2
    featuresEx:
      - 529267711
      - 4294586915
      - 739248128
    bHybrid: false
    nPCore: 0
    nLogicalsPerPCore: 0
    nECore: 0
    nLogicalsPerECore: 0
  MemModuleInfo:
    iNumMemSticks: 6
    DIMM 1:
      manufacturer: Microsoft Corporation
      modulePartNo: None
      memType: Unknown
      size: 1
      clkspeed: 0
      moduleVoltage: 0
    DIMM 2:
      manufacturer: Microsoft Corporation
      modulePartNo: None
      memType: Unknown
      size: 59
      clkspeed: 0
      moduleVoltage: 0
    DIMM 3:
      manufacturer: Microsoft Corporation
      modulePartNo: None
      memType: Unknown
      size: 4
      clkspeed: 0
      moduleVoltage: 0
    DIMM 4:
      manufacturer: Microsoft Corporation
      modulePartNo: None
      memType: Unknown
      size: 64
      clkspeed: 0
      moduleVoltage: 0
    DIMM 5:
      manufacturer: Microsoft Corporation
      modulePartNo: None
      memType: Unknown
      size: 64
      clkspeed: 0
      moduleVoltage: 0
    DIMM 6:
      manufacturer: Microsoft Corporation
      modulePartNo: None
      memType: Unknown
      size: 64
      clkspeed: 0
      moduleVoltage: 0
Checksum: 6C06387CDB1BA606A685443D7053E0BD43D6CA20