BaselineInfo:
  WebDBID: -1
  TimeStamp: 20241108105140
Version:
  Major: 11
  Minor: 0
  Build: 1002
  SpecialBuildName: ""
  ptArchitecture: aarch64_linux
Results:
  Results Complete: true
  NumTestProcesses: 32
  CPU_INTEGER_MATH: 126412.02100000001
  CPU_FLOATINGPOINT_MATH: 95872.343593424623
  CPU_PRIME: 180.7161350515924
  CPU_SORTING: 90866.522940874245
  CPU_ENCRYPTION: 4374.367885778991
  CPU_COMPRESSION: 152347.3406695044
  CPU_SINGLETHREAD: 1110.1437950563641
  CPU_PHYSICS: 3167.4642448450118
  CPU_MATRIX_MULT_SSE: 19956.938037214997
  CPU_mm: 3325.1900127110871
  CPU_sse: 16719.054003743899
  CPU_fma: 23194.822070686088
  CPU_avx: 0
  CPU_avx512: 0
  m_CPU_enc_SHA: 6567390690.0585566
  m_CPU_enc_AES: 3036774667.8481426
  m_CPU_enc_ECDSA: 4156406182.6890712
  ME_ALLOC_S: 20452.109279111421
  ME_READ_S: 9487.9118164062493
  ME_READ_L: 9223.3603515625
  ME_WRITE: 12572.2900390625
  ME_LARGE: 114444
  ME_LATENCY: 69.683364144547113
  ME_THREADED: 170844.51538085938
  SUMM_CPU: 17388.359600026368
  SUMM_ME: 1845.9344029678355
SystemInformation:
  OSName: Ubuntu 24.04.1 LTS
  Kernel: 6.8.0-1016-aws
  Device: ""
  Processor: ARM Neoverse-N1 32 Core 0 MHz
  NumSockets: 1
  Manufacturer: ARM
  NumCores: 32
  NumLogicals: 32
  CPUFrequency: 0
  Memory: 126003
Checksum: 62697ECFAF02989656DE204AB816F92264A01548