BaselineInfo:
  WebDBID: -1
  TimeStamp: 20241107194033
Version:
  Major: 11
  Minor: 0
  Build: 1002
  SpecialBuildName: ""
  ptArchitecture: aarch64_linux
Results:
  Results Complete: true
  NumTestProcesses: 8
  CPU_INTEGER_MATH: 38152.062999999995
  CPU_FLOATINGPOINT_MATH: 37939.597833463369
  CPU_PRIME: 97.728143780689436
  CPU_SORTING: 31632.841231961702
  CPU_ENCRYPTION: 1117.5978554140024
  CPU_COMPRESSION: 42223.267723020865
  CPU_SINGLETHREAD: 1563.4547900007028
  CPU_PHYSICS: 2041.6763146515818
  CPU_MATRIX_MULT_SSE: 6641.9550863598433
  CPU_mm: 866.17472346711349
  CPU_sse: 5584.409829515761
  CPU_fma: 7699.5003432039266
  CPU_avx: 0
  CPU_avx512: 0
  m_CPU_enc_SHA: 1691872116.1610799
  m_CPU_enc_AES: 660322290.6853826
  m_CPU_enc_ECDSA: 1163464459.6693168
  ME_ALLOC_S: 8124.5087409299922
  ME_READ_S: 19687.1376953125
  ME_READ_L: 18931.12109375
  ME_WRITE: 19665.615234375
  ME_LARGE: 53107
  ME_LATENCY: 50.686541029431773
  ME_THREADED: 140119.447265625
  SUMM_CPU: 6080.1690558069849
  SUMM_ME: 2997.5394838968728
SystemInformation:
  OSName: Ubuntu 24.04.1 LTS
  Kernel: 6.8.0-1016-aws
  Device: ""
  Processor: ARM Neoverse-V1 8 Core 0 MHz
  NumSockets: 1
  Manufacturer: ARM
  NumCores: 8
  NumLogicals: 8
  CPUFrequency: 0
  Memory: 63134
Checksum: 1DA4C1C1BAE3F73C542843061FC19F7B995074E7