---
system-info:
      stress-ng-version: 0.17.08
      run-by: root
      date-yyyy-mm-dd: 2024:06:14
      time-hh-mm-ss: 08:42:39
      epoch-secs: 1718354559
      hostname: c4d0a2742491
      sysname: Linux
      nodename: c4d0a2742491
      release: 6.8.0-1008-aws
      version: '#8-Ubuntu SMP Sat Apr 20 02:43:14 UTC 2024'
      machine: aarch64
      compiler: 'musl-gcc 13.2.1'
      uptime: 112
      totalram: 134778195968
      freeram: 129847586816
      sharedram: 35708928
      bufferram: 106065920
      totalswap: 0
      freeswap: 0
      pagesize: 4096
      cpus: 64
      cpus-online: 64
      ticks-per-second: 100

metrics:
    - stressor: cpu
      bogo-ops: 1961626
      bogo-ops-per-second-usr-sys-time: 1533.022123
      bogo-ops-per-second-real-time: 98080.960434
      wall-clock-time: 20.000069
      user-time: 1279.558028
      system-time: 0.022984
      cpu-usage-per-instance: 99.966920
      max-rss: 512

...
