---
system-info:
      stress-ng-version: 0.17.08
      run-by: root
      date-yyyy-mm-dd: 2024:06:06
      time-hh-mm-ss: 16:26:59
      epoch-secs: 1717691219
      hostname: 79818e18f684
      sysname: Linux
      nodename: 79818e18f684
      release: 6.8.0-1008-aws
      version: '#8-Ubuntu SMP Sat Apr 20 02:43:14 UTC 2024'
      machine: aarch64
      compiler: 'musl-gcc 13.2.1'
      uptime: 147
      totalram: 134778200064
      freeram: 129944735744
      sharedram: 35700736
      bufferram: 84144128
      totalswap: 0
      freeswap: 0
      pagesize: 4096
      cpus: 64
      cpus-online: 64
      ticks-per-second: 100

metrics:
    - stressor: cpu
      bogo-ops: 273046
      bogo-ops-per-second-usr-sys-time: 425.076886
      bogo-ops-per-second-real-time: 27191.750229
      wall-clock-time: 10.041501
      user-time: 642.288009
      system-time: 0.056962
      cpu-usage-per-instance: 99.951588
      max-rss: 3584

...
