---
system-info:
      stress-ng-version: 0.17.08
      run-by: root
      date-yyyy-mm-dd: 2024:06:14
      time-hh-mm-ss: 16:25:24
      epoch-secs: 1718382324
      hostname: 4d928b166485
      sysname: Linux
      nodename: 4d928b166485
      release: 6.8.0-1008-aws
      version: '#8-Ubuntu SMP Sat Apr 20 00:46:25 UTC 2024'
      machine: x86_64
      compiler: 'musl-gcc 13.2.1'
      uptime: 192
      totalram: 31539245056
      freeram: 27140476928
      sharedram: 27557888
      bufferram: 111190016
      totalswap: 0
      freeswap: 0
      pagesize: 4096
      cpus: 8
      cpus-online: 8
      ticks-per-second: 100

metrics:
    - stressor: cpu
      bogo-ops: 25438
      bogo-ops-per-second-usr-sys-time: 1271.918379
      bogo-ops-per-second-real-time: 1271.889690
      wall-clock-time: 20.000162
      user-time: 19.999711
      system-time: 0.000000
      cpu-usage-per-instance: 99.997744
      max-rss: 976

...
