---
system-info:
      stress-ng-version: 0.17.08
      run-by: root
      date-yyyy-mm-dd: 2024:06:07
      time-hh-mm-ss: 17:00:14
      epoch-secs: 1717779614
      hostname: 8af0caa6d217
      sysname: Linux
      nodename: 8af0caa6d217
      release: 6.8.0-1008-aws
      version: '#8-Ubuntu SMP Sat Apr 20 00:46:25 UTC 2024'
      machine: x86_64
      compiler: 'musl-gcc 13.2.1'
      uptime: 177
      totalram: 31539212288
      freeram: 27257024512
      sharedram: 27566080
      bufferram: 94892032
      totalswap: 0
      freeswap: 0
      pagesize: 4096
      cpus: 8
      cpus-online: 8
      ticks-per-second: 100

metrics:
    - stressor: cpu
      bogo-ops: 13750
      bogo-ops-per-second-usr-sys-time: 1374.873237
      bogo-ops-per-second-real-time: 1374.815033
      wall-clock-time: 10.001345
      user-time: 9.999923
      system-time: 0.000999
      cpu-usage-per-instance: 99.995767
      max-rss: 3920

...
