BaselineInfo:
  WebDBID: -1
  TimeStamp: 20241109005121
Version:
  Major: 11
  Minor: 0
  Build: 1002
  SpecialBuildName: ""
  ptArchitecture: aarch64_linux
Results:
  Results Complete: true
  NumTestProcesses: 64
  CPU_INTEGER_MATH: 305271.22133333335
  CPU_FLOATINGPOINT_MATH: 303585.76158695493
  CPU_PRIME: 324.93890932740265
  CPU_SORTING: 241549.81752261447
  CPU_ENCRYPTION: 8908.093483808123
  CPU_COMPRESSION: 337566.47088876681
  CPU_SINGLETHREAD: 1561.7833559232856
  CPU_PHYSICS: 8372.2708182338447
  CPU_MATRIX_MULT_SSE: 52868.919864022311
  CPU_mm: 6948.2037831284933
  CPU_sse: 44341.964340441424
  CPU_fma: 61395.875387603206
  CPU_avx: 0
  CPU_avx512: 0
  m_CPU_enc_SHA: 13522381914.747902
  m_CPU_enc_AES: 5181654726.6938372
  m_CPU_enc_ECDSA: 9318402457.1910229
  ME_ALLOC_S: 31327.381758633401
  ME_READ_S: 19682.538867187501
  ME_READ_L: 18973.08984375
  ME_WRITE: 19705.74609375
  ME_LARGE: 113800.08333333333
  ME_LATENCY: 50.203860781253375
  ME_THREADED: 284603.41162109375
  SUMM_CPU: 34542.259597110504
  SUMM_ME: 3129.8212109363863
SystemInformation:
  OSName: Ubuntu 24.04.1 LTS
  Kernel: 6.8.0-1016-aws
  Device: ""
  Processor: ARM Neoverse-V1 64 Core 0 MHz
  NumSockets: 1
  Manufacturer: ARM
  NumCores: 64
  NumLogicals: 64
  CPUFrequency: 0
  Memory: 126497
Checksum: AA13E289CA410652A10C3AAD6C5ECCC7203D8472