---
system-info:
      stress-ng-version: 0.17.08
      run-by: root
      date-yyyy-mm-dd: 2024:09:17
      time-hh-mm-ss: 05:25:45
      epoch-secs: 1726550745
      hostname: sc-runner
      sysname: Linux
      nodename: sc-runner
      release: 6.8.0-1014-azure
      version: '#16-Ubuntu SMP Thu Aug 15 20:04:41 UTC 2024'
      machine: x86_64
      compiler: 'musl-gcc 13.2.1'
      uptime: 280
      totalram: 270250344448
      freeram: 259348226048
      sharedram: 55177216
      bufferram: 283136000
      totalswap: 0
      freeswap: 0
      pagesize: 4096
      cpus: 32
      cpus-online: 32
      ticks-per-second: 100

metrics:
    - stressor: cpu
      bogo-ops: 620550
      bogo-ops-per-second-usr-sys-time: 970.158514
      bogo-ops-per-second-real-time: 31027.370359
      wall-clock-time: 20.000084
      user-time: 639.593755
      system-time: 0.043986
      cpu-usage-per-instance: 99.942979
      max-rss: 3260

...
