---
system-info:
      stress-ng-version: 0.17.08
      run-by: root
      date-yyyy-mm-dd: 2024:06:08
      time-hh-mm-ss: 11:30:15
      epoch-secs: 1717846215
      hostname: d199b254518e
      sysname: Linux
      nodename: d199b254518e
      release: 6.8.0-1008-aws
      version: '#8-Ubuntu SMP Sat Apr 20 00:46:25 UTC 2024'
      machine: x86_64
      compiler: 'musl-gcc 13.2.1'
      uptime: 168
      totalram: 8158912512
      freeram: 3900481536
      sharedram: 11616256
      bufferram: 102969344
      totalswap: 0
      freeswap: 0
      pagesize: 4096
      cpus: 2
      cpus-online: 2
      ticks-per-second: 100

metrics:
    - stressor: cpu
      bogo-ops: 9751
      bogo-ops-per-second-usr-sys-time: 975.310667
      bogo-ops-per-second-real-time: 975.069988
      wall-clock-time: 10.000308
      user-time: 9.995840
      system-time: 0.002000
      cpu-usage-per-instance: 99.975323
      max-rss: 4048

...
