---
system-info:
      stress-ng-version: 0.17.08
      run-by: root
      date-yyyy-mm-dd: 2024:06:26
      time-hh-mm-ss: 14:12:43
      epoch-secs: 1719411163
      hostname: n4-standard-2-b4cdf2e
      sysname: Linux
      nodename: n4-standard-2-b4cdf2e
      release: 6.8.0-1008-gcp
      version: '#9-Ubuntu SMP Wed May 22 18:09:04 UTC 2024'
      machine: x86_64
      compiler: 'musl-gcc 13.2.1'
      uptime: 121
      totalram: 8323899392
      freeram: 3202203648
      sharedram: 274026496
      bufferram: 124379136
      totalswap: 0
      freeswap: 0
      pagesize: 4096
      cpus: 2
      cpus-online: 2
      ticks-per-second: 100

metrics:
    - stressor: cpu
      bogo-ops: 35330
      bogo-ops-per-second-usr-sys-time: 889.594566
      bogo-ops-per-second-real-time: 1766.485807
      wall-clock-time: 20.000161
      user-time: 39.711723
      system-time: 0.002998
      cpu-usage-per-instance: 99.286005
      max-rss: 1104

...
