BaselineInfo:
  WebDBID: -1
  TimeStamp: 20250211110716
Version:
  Major: 11
  Minor: 0
  Build: 1002
  SpecialBuildName: ""
  ptArchitecture: x86_64_linux
Results:
  Results Complete: true
  NumTestProcesses: 8
  CPU_INTEGER_MATH: 38248.788666666667
  CPU_FLOATINGPOINT_MATH: 27115.072717689487
  CPU_PRIME: 79.269379219435947
  CPU_SORTING: 19414.34312297951
  CPU_ENCRYPTION: 8434.1403679195082
  CPU_COMPRESSION: 138596.92661816312
  CPU_SINGLETHREAD: 2927.9685068679441
  CPU_PHYSICS: 1841.0413214755743
  CPU_MATRIX_MULT_SSE: 11542.439208163913
  CPU_mm: 1081.2908517832445
  CPU_sse: 4690.2446802973682
  CPU_fma: 13232.91870295453
  CPU_avx: 9829.7973014862946
  CPU_avx512: 18416.796147917459
  m_CPU_enc_SHA: 8908927796.1239204
  m_CPU_enc_AES: 11590654734.114433
  m_CPU_enc_ECDSA: 6031928981.0563478
  ME_ALLOC_S: 5261.3217252318536
  ME_READ_S: 26569.625585937501
  ME_READ_L: 10803.09765625
  ME_WRITE: 10036.90625
  ME_LARGE: 53193.333333333336
  ME_LATENCY: 57.475417464734967
  ME_THREADED: 63551.72802734375
  SUMM_CPU: 14263.295819487172
  SUMM_ME: 2494.8800790124997
SystemInformation:
  OSName: Ubuntu 24.04.1 LTS
  Kernel: 6.8.0-1021-azure
  Device: ""
  Processor: INTEL XEON PLATINUM 8573C
  NumSockets: 1
  Manufacturer: GenuineIntel
  NumCores: 4
  NumLogicals: 8
  CPUFrequency: 2300
  Memory: 64299
  MemModuleInfo:
    iNumMemSticks: 3
    DIMM 1:
      manufacturer: Microsoft Corporation
      modulePartNo: None
      memType: Unknown
      size: 1
      clkspeed: 0
      moduleVoltage: 0
    DIMM 2:
      manufacturer: Microsoft Corporation
      modulePartNo: None
      memType: Unknown
      size: 59
      clkspeed: 0
      moduleVoltage: 0
    DIMM 3:
      manufacturer: Microsoft Corporation
      modulePartNo: None
      memType: Unknown
      size: 4
      clkspeed: 0
      moduleVoltage: 0
Checksum: FC803A0737A535FBDE30A8FDE7B8F4E1757B3F36