BaselineInfo:
  WebDBID: -1
  TimeStamp: 20260615205850
Version:
  Major: 11
  Minor: 0
  Build: 1004
  SpecialBuildName: ""
  ptArchitecture: x86_64_linux
Results:
  Results Complete: true
  NumTestProcesses: 4
  CPU_INTEGER_MATH: 25861.063666666669
  CPU_FLOATINGPOINT_MATH: 17799.791665894947
  CPU_PRIME: 32.614368852011999
  CPU_SORTING: 11791.285723286575
  CPU_ENCRYPTION: 2779.7500306905476
  CPU_COMPRESSION: 82561.5805148035
  CPU_SINGLETHREAD: 2834.5674662072656
  CPU_PHYSICS: 679.0083561709323
  CPU_MATRIX_MULT_SSE: 5689.0950345208666
  CPU_mm: 849.01122079190066
  CPU_sse: 2767.4169845777719
  CPU_fma: 8357.3160227631615
  CPU_avx: 5942.5520962216669
  CPU_avx512: 0
  m_CPU_enc_SHA: 1239261727.9578967
  m_CPU_enc_AES: 6504398853.1503496
  m_CPU_enc_ECDSA: 1000676923.4358692
  ME_ALLOC_S: 2003.3690226658136
  ME_READ_S: 29249.058007812499
  ME_READ_L: 13814.27734375
  ME_WRITE: 11516.923828125
  ME_LARGE: 7836.166666666667
  ME_LATENCY: 54.542072769878082
  ME_THREADED: 28593.96142578125
  SUMM_CPU: 7697.2788680705171
  SUMM_ME: 2287.9378462956111
SystemInformation:
  OSName: Ubuntu 24.04.4 LTS
  Kernel: 6.8.0-124-generic
  Device: ""
  Processor: Intel Core Processor (Skylake, IBRS)
  NumSockets: 1
  Manufacturer: GenuineIntel
  NumCores: 2
  NumLogicals: 4
  CPUFrequency: 7
  CPUMaxFrequency: 832
  Memory: 15987
  CPUInfo:
    number: 1
    Family: 6
    Model: 14
    stepping: 3
    features: 395049983
    manufacture: GenuineIntel
    typestring: Intel Core Processor (Skylake, IBRS)
    iCoresPerPackage: 2
    iThreadsPerPackage: 2
    featuresEx:
      - 395049983
      - 4294586883
      - 672139264
    bHybrid: false
    nPCore: 0
    nLogicalsPerPCore: 0
    nECore: 0
    nLogicalsPerECore: 0
  MemModuleInfo:
    iNumMemSticks: 1
    DIMM 1:
      manufacturer: QEMU
      modulePartNo: Not Specified
      memType: RAM
      size: 16
      clkspeed: 0
      moduleVoltage: 0
Checksum: D4DEB5736BC7DB71FE21B208784D2A0FD0A720EE