---
system-info:
      stress-ng-version: 0.17.08
      run-by: root
      date-yyyy-mm-dd: 2024:06:08
      time-hh-mm-ss: 02:56:07
      epoch-secs: 1717815367
      hostname: adb2bd29d99d
      sysname: Linux
      nodename: adb2bd29d99d
      release: 6.8.0-1008-aws
      version: '#8-Ubuntu SMP Sat Apr 20 00:46:25 UTC 2024'
      machine: x86_64
      compiler: 'musl-gcc 13.2.1'
      uptime: 158
      totalram: 803068571648
      freeram: 797376761856
      sharedram: 79097856
      bufferram: 97665024
      totalswap: 0
      freeswap: 0
      pagesize: 4096
      cpus: 96
      cpus-online: 96
      ticks-per-second: 100

metrics:
    - stressor: cpu
      bogo-ops: 978323
      bogo-ops-per-second-usr-sys-time: 1019.785495
      bogo-ops-per-second-real-time: 97811.985900
      wall-clock-time: 10.002077
      user-time: 959.194023
      system-time: 0.147922
      cpu-usage-per-instance: 99.910703
      max-rss: 3072

...
