---
system-info:
      stress-ng-version: 0.17.08
      run-by: root
      date-yyyy-mm-dd: 2024:06:13
      time-hh-mm-ss: 16:27:47
      epoch-secs: 1718296067
      hostname: 0f4f704bb51b
      sysname: Linux
      nodename: 0f4f704bb51b
      release: 6.8.0-1008-aws
      version: '#8-Ubuntu SMP Sat Apr 20 00:46:25 UTC 2024'
      machine: x86_64
      compiler: 'musl-gcc 13.2.1'
      uptime: 186
      totalram: 803068534784
      freeram: 797194768384
      sharedram: 79097856
      bufferram: 108007424
      totalswap: 0
      freeswap: 0
      pagesize: 4096
      cpus: 96
      cpus-online: 96
      ticks-per-second: 100

metrics:
    - stressor: cpu
      bogo-ops: 1621734
      bogo-ops-per-second-usr-sys-time: 845.068582
      bogo-ops-per-second-real-time: 81086.370764
      wall-clock-time: 20.000081
      user-time: 1919.021102
      system-time: 0.034977
      cpu-usage-per-instance: 99.950432
      max-rss: 0

...
