BaselineInfo:
  WebDBID: -1
  TimeStamp: 20241107115504
Version:
  Major: 11
  Minor: 0
  Build: 1002
  SpecialBuildName: ""
  ptArchitecture: aarch64_linux
Results:
  Results Complete: true
  NumTestProcesses: 4
  CPU_INTEGER_MATH: 20853.220666666668
  CPU_FLOATINGPOINT_MATH: 24229.854469633661
  CPU_PRIME: 70.491269681350488
  CPU_SORTING: 18545.801222721184
  CPU_ENCRYPTION: 753.28780918840062
  CPU_COMPRESSION: 26522.584465595846
  CPU_SINGLETHREAD: 1945.0464291000428
  CPU_PHYSICS: 1373.0026062876211
  CPU_MATRIX_MULT_SSE: 3676.9748991556389
  CPU_mm: 452.09089362455529
  CPU_sse: 2886.973512356748
  CPU_fma: 4466.9762859545299
  CPU_avx: 0
  CPU_avx512: 0
  m_CPU_enc_SHA: 1190043679.6441157
  m_CPU_enc_AES: 429027474.48328751
  m_CPU_enc_ECDSA: 750567399.29520583
  ME_ALLOC_S: 6070.3075288996879
  ME_READ_S: 19823.498437499999
  ME_READ_L: 20268.712890625
  ME_WRITE: 21300.41015625
  ME_LARGE: 5798.166666666667
  ME_LATENCY: 47.258457969414309
  ME_THREADED: 77618.38671875
  SUMM_CPU: 3953.7963274347499
  SUMM_ME: 2656.8718523564658
SystemInformation:
  OSName: Ubuntu 24.04.1 LTS
  Kernel: 6.8.0-1016-aws
  Device: ""
  Processor: ARM Neoverse-V2 4 Core 0 MHz
  NumSockets: 1
  Manufacturer: ARM
  NumCores: 4
  NumLogicals: 4
  CPUFrequency: 0
  Memory: 15673
Checksum: 9150D7523461F5267ABF3A240C685A512D321F6F