BaselineInfo:
  WebDBID: -1
  TimeStamp: 20250526230442
Version:
  Major: 11
  Minor: 0
  Build: 1002
  SpecialBuildName: ""
  ptArchitecture: x86_64_linux
Results:
  Results Complete: true
  NumTestProcesses: 12
  CPU_INTEGER_MATH: 63870.440333333332
  CPU_FLOATINGPOINT_MATH: 45277.433742029367
  CPU_PRIME: 126.1889038853847
  CPU_SORTING: 31761.208226618244
  CPU_ENCRYPTION: 13999.688908426251
  CPU_COMPRESSION: 231156.20161444217
  CPU_SINGLETHREAD: 3249.3206862687503
  CPU_PHYSICS: 3025.7044906440169
  CPU_MATRIX_MULT_SSE: 18854.391056745229
  CPU_mm: 1806.645766622046
  CPU_sse: 7803.4694487854995
  CPU_fma: 20828.570739992181
  CPU_avx: 16040.684460613369
  CPU_avx512: 30744.839577589864
  m_CPU_enc_SHA: 14868359001.490814
  m_CPU_enc_AES: 19341263610.555862
  m_CPU_enc_ECDSA: 9829590778.4792233
  ME_ALLOC_S: 6385.6698218494112
  ME_READ_S: 28397.282812500001
  ME_READ_L: 7489.59912109375
  ME_WRITE: 6571.5537109375
  ME_LARGE: 497748
  ME_LATENCY: 114.67877343800899
  ME_THREADED: 67396.5673828125
  SUMM_CPU: 22851.504446332532
  SUMM_ME: 1619.7126265064524
SystemInformation:
  OSName: Ubuntu 24.04.2 LTS
  Kernel: 6.11.0-1015-azure
  Device: ""
  Processor: INTEL XEON PLATINUM 8573C
  NumSockets: 1
  Manufacturer: GenuineIntel
  NumCores: 6
  NumLogicals: 12
  CPUFrequency: 2300
  Memory: 507726
  MemModuleInfo:
    iNumMemSticks: 3
    DIMM 1:
      manufacturer: Microsoft Corporation
      modulePartNo: None
      memType: Unknown
      size: 1
      clkspeed: 0
      moduleVoltage: 0
    DIMM 2:
      manufacturer: Microsoft Corporation
      modulePartNo: None
      memType: Unknown
      size: 59
      clkspeed: 0
      moduleVoltage: 0
    DIMM 3:
      manufacturer: Microsoft Corporation
      modulePartNo: None
      memType: Unknown
      size: 444
      clkspeed: 0
      moduleVoltage: 0
Checksum: 795EB272D7F36A9007EEFF5095804BB639C2221F