"size","threads","connections","rps","latency","failed","server_usr","server_sys","client_usr","client_sys"
"1k",2,2,76405,0.000026950,0,2.13,7.60,1.35,8.77
"1k",2,4,71328,0.000053490,0,2.07,7.85,1.14,8.95
"1k",2,8,91270,0.000075710,0,2.16,7.82,1.23,8.82
"1k",2,16,90627,0.000568720,0,1.84,8.09,1.02,8.90
"1k",2,32,94524,0.000860000,0,1.86,8.05,1.08,8.87
"1k",2,64,96770,0.000806730,0,1.80,8.07,0.98,9.04
"1k",4,4,66151,0.000067600,0,1.89,7.64,1.24,9.26
"1k",4,8,74380,0.000109310,0,1.81,7.85,1.25,9.13
"1k",4,16,83518,0.000191970,0,1.82,7.75,1.24,9.22
"1k",4,32,84750,0.000627300,0,1.74,7.69,1.12,9.32
"1k",4,64,89955,0.000860000,0,1.67,7.84,1.10,9.29
"1k",8,8,67815,0.000124660,0,1.64,7.60,1.34,9.44
"1k",8,16,71704,0.000232570,0,1.49,7.54,1.38,9.60
"1k",8,32,82116,0.000403760,0,1.67,7.54,1.42,9.40
"1k",8,64,82603,0.000870000,0,1.62,7.52,1.28,9.38
"16k",2,2,68623,0.000029900,0,2.14,7.05,1.42,9.43
"16k",2,4,73977,0.000048750,0,2.21,7.05,1.40,9.36
"16k",2,8,63303,0.000118840,0,1.84,8.00,1.17,8.97
"16k",2,16,62621,0.000326160,0,1.52,8.53,1.01,8.79
"16k",2,32,82208,0.000316690,0,2.22,7.07,1.44,9.31
"16k",2,64,76607,0.000693480,0,1.92,7.64,1.29,9.00
"16k",4,4,69070,0.000059930,0,1.95,7.00,1.45,9.63
"16k",4,8,57110,0.000139570,0,1.72,7.99,1.23,9.09
"16k",4,16,63031,0.000277910,0,1.61,7.89,1.32,9.19
"16k",4,32,63382,0.000566590,0,1.53,8.00,1.16,9.12
"16k",4,64,66636,0.000960000,0,1.55,8.05,1.19,9.09
"16k",8,8,53235,0.000157470,0,1.58,7.85,1.33,9.27
"16k",8,16,55617,0.000299910,0,1.56,7.54,1.29,9.58
"16k",8,32,60947,0.000541570,0,1.49,7.65,1.36,9.53
"16k",8,64,60795,0.001090000,0,1.42,7.99,1.16,9.24
"64k",2,2,36937,0.000054740,0,1.83,7.35,1.43,9.41
"64k",2,4,28258,0.000132330,0,1.31,9.17,1.02,8.53
"64k",2,8,29560,0.000243520,0,1.20,9.35,0.97,8.52
"64k",2,16,25630,0.000744200,0,0.81,10.10,0.84,8.11
"64k",2,32,27632,0.001090000,0,0.97,9.86,0.93,8.14
"64k",2,64,32258,0.001740000,0,1.18,9.07,1.02,8.59
"64k",4,4,27526,0.000148840,0,1.36,8.94,1.09,8.63
"64k",4,8,27813,0.000290610,0,1.18,9.24,1.10,8.50
"64k",4,16,28401,0.000602390,0,1.06,9.36,1.00,8.40
"64k",4,32,28693,0.001100000,0,1.01,9.55,1.03,8.27
"64k",4,64,29571,0.002070000,0,1.11,9.55,0.98,8.27
"64k",8,8,29215,0.000284650,0,1.19,8.70,1.18,8.92
"64k",8,16,27285,0.000629170,0,1.03,9.15,1.00,8.65
"64k",8,32,27942,0.001150000,0,0.98,9.36,1.07,8.44
"64k",8,64,29528,0.002130000,0,1.09,9.23,1.07,8.50
"256k",2,2,15560,0.000128890,0,1.55,6.91,1.47,10.09
"256k",2,4,10091,0.000394810,0,1.04,10.23,0.90,7.81
"256k",2,8,9887,0.000829190,0,0.87,10.53,0.86,7.61
"256k",2,16,10396,0.001440000,0,0.92,10.42,0.89,7.64
"256k",2,32,12488,0.002330000,0,1.08,9.67,1.05,8.12
"256k",4,4,10316,0.000449010,0,1.09,10.05,0.97,7.89
"256k",4,8,9855,0.000860000,0,0.87,10.35,0.93,7.69
"256k",4,16,10149,0.001570000,0,0.86,10.40,0.98,7.64
"256k",4,32,10203,0.003070000,0,0.93,10.49,0.84,7.62
"256k",8,8,10633,0.000798490,0,1.00,9.62,1.06,8.17
"256k",8,16,9959,0.001610000,0,0.90,10.19,0.92,7.86
"256k",8,32,10244,0.003120000,0,0.94,10.18,0.95,7.81
"512k",2,2,7577,0.000345080,0,1.21,8.34,1.24,9.16
"512k",2,4,5670,0.000686110,0,0.92,10.41,0.87,7.81
"512k",2,8,5701,0.001320000,0,0.79,10.54,0.84,7.69
"512k",2,16,5879,0.002490000,0,0.92,10.60,0.84,7.54
"512k",2,32,5364,0.005660000,0,0.86,10.83,0.80,7.43
"512k",4,4,5828,0.000731310,0,0.95,10.14,0.92,7.94
"512k",4,8,5578,0.001420000,0,0.87,10.33,0.92,7.76
"512k",4,16,5690,0.002740000,0,0.88,10.55,0.87,7.61
"512k",4,32,5762,0.005420000,0,0.98,10.48,0.86,7.56
"512k",8,8,6079,0.001340000,0,0.95,9.69,0.99,8.25
"512k",8,16,5369,0.002970000,0,0.84,10.46,0.93,7.62
"512k",8,32,5614,0.005670000,0,0.98,10.31,0.89,7.65
