BaselineInfo:
  WebDBID: -1
  TimeStamp: 20241108113201
Version:
  Major: 11
  Minor: 0
  Build: 1002
  SpecialBuildName: ""
  ptArchitecture: x86_64_linux
Results:
  Results Complete: true
  NumTestProcesses: 8
  CPU_INTEGER_MATH: 33655.727666666673
  CPU_FLOATINGPOINT_MATH: 17209.096252049618
  CPU_PRIME: 76.321501421943381
  CPU_SORTING: 17576.188086336973
  CPU_ENCRYPTION: 7321.5069805193752
  CPU_COMPRESSION: 124179.86552270701
  CPU_SINGLETHREAD: 2434.3723732668732
  CPU_PHYSICS: 1403.2793579944455
  CPU_MATRIX_MULT_SSE: 7388.5492303062729
  CPU_mm: 720.18763496033148
  CPU_sse: 3160.1174775831014
  CPU_fma: 8771.2161244219806
  CPU_avx: 6475.9686216642185
  CPU_avx512: 11146.894697555786
  m_CPU_enc_SHA: 7379428062.5137749
  m_CPU_enc_AES: 11091916655.440666
  m_CPU_enc_ECDSA: 4560124792.8608131
  ME_ALLOC_S: 4131.9971620620599
  ME_READ_S: 24531.806054687499
  ME_READ_L: 13255.013671875
  ME_WRITE: 11463.8076171875
  ME_LARGE: 118650.75
  ME_LATENCY: 50.989806079695065
  ME_THREADED: 55704.93359375
  SUMM_CPU: 11502.334369184511
  SUMM_ME: 2709.7544262958631
SystemInformation:
  OSName: Ubuntu 24.04.1 LTS
  Kernel: 6.8.0-1017-azure
  Device: ""
  Processor: Intel Xeon Platinum 8370C CPU @ 2.80GHz
  NumSockets: 1
  Manufacturer: GenuineIntel
  NumCores: 4
  NumLogicals: 8
  CPUFrequency: 2800
  Memory: 128810
  MemModuleInfo:
    iNumMemSticks: 3
    DIMM 1:
      manufacturer: Microsoft Corporation
      modulePartNo: None
      memType: Unknown
      size: 1
      clkspeed: 0
      moduleVoltage: 0
    DIMM 2:
      manufacturer: Microsoft Corporation
      modulePartNo: None
      memType: Unknown
      size: 59
      clkspeed: 0
      moduleVoltage: 0
    DIMM 3:
      manufacturer: Microsoft Corporation
      modulePartNo: None
      memType: Unknown
      size: 68
      clkspeed: 0
      moduleVoltage: 0
Checksum: FE92CFD0CB884A60149E9EF58FE6CB2C5A707E51