---
system-info:
      stress-ng-version: 0.17.08
      run-by: root
      date-yyyy-mm-dd: 2024:06:09
      time-hh-mm-ss: 22:21:26
      epoch-secs: 1717971686
      hostname: 9709a13f53f9
      sysname: Linux
      nodename: 9709a13f53f9
      release: 6.8.0-1008-aws
      version: '#8-Ubuntu SMP Sat Apr 20 02:43:14 UTC 2024'
      machine: aarch64
      compiler: 'musl-gcc 13.2.1'
      uptime: 119
      totalram: 531280302080
      freeram: 526147469312
      sharedram: 34979840
      bufferram: 112050176
      totalswap: 0
      freeswap: 0
      pagesize: 4096
      cpus: 64
      cpus-online: 64
      ticks-per-second: 100

metrics:
    - stressor: cpu
      bogo-ops: 4267
      bogo-ops-per-second-usr-sys-time: 424.908924
      bogo-ops-per-second-real-time: 424.914496
      wall-clock-time: 10.042020
      user-time: 10.041153
      system-time: 0.000999
      cpu-usage-per-instance: 100.001311
      max-rss: 3584

...
