---
system-info:
      stress-ng-version: 0.17.08
      run-by: root
      date-yyyy-mm-dd: 2024:06:16
      time-hh-mm-ss: 02:52:05
      epoch-secs: 1718506325
      hostname: 91ee841b165c
      sysname: Linux
      nodename: 91ee841b165c
      release: 6.8.0-1008-aws
      version: '#8-Ubuntu SMP Sat Apr 20 02:43:14 UTC 2024'
      machine: aarch64
      compiler: 'musl-gcc 13.2.1'
      uptime: 169
      totalram: 531280306176
      freeram: 526462525440
      sharedram: 34979840
      bufferram: 109334528
      totalswap: 0
      freeswap: 0
      pagesize: 4096
      cpus: 64
      cpus-online: 64
      ticks-per-second: 100

metrics:
    - stressor: cpu
      bogo-ops: 30653
      bogo-ops-per-second-usr-sys-time: 1532.632528
      bogo-ops-per-second-real-time: 1532.645049
      wall-clock-time: 20.000065
      user-time: 20.000228
      system-time: 0.000000
      cpu-usage-per-instance: 100.000817
      max-rss: 512

...
