---
system-info:
      stress-ng-version: 0.17.08
      run-by: root
      date-yyyy-mm-dd: 2024:09:17
      time-hh-mm-ss: 05:45:39
      epoch-secs: 1726551939
      hostname: sc-runner
      sysname: Linux
      nodename: sc-runner
      release: 6.8.0-1014-azure
      version: '#16-Ubuntu SMP Thu Aug 15 20:04:41 UTC 2024'
      machine: x86_64
      compiler: 'musl-gcc 13.2.1'
      uptime: 370
      totalram: 270452174848
      freeram: 259044597760
      sharedram: 38445056
      bufferram: 254291968
      totalswap: 0
      freeswap: 0
      pagesize: 4096
      cpus: 32
      cpus-online: 32
      ticks-per-second: 100

metrics:
    - stressor: cpu
      bogo-ops: 186992
      bogo-ops-per-second-usr-sys-time: 292.553377
      bogo-ops-per-second-real-time: 9349.457231
      wall-clock-time: 20.000305
      user-time: 639.106290
      system-time: 0.065960
      cpu-usage-per-instance: 99.869139
      max-rss: 1032

...
