BaselineInfo:
  WebDBID: -1
  TimeStamp: 20260611234200
Version:
  Major: 11
  Minor: 0
  Build: 1004
  SpecialBuildName: ""
  ptArchitecture: x86_64_linux
Results:
  Results Complete: true
  NumTestProcesses: 1
  CPU_INTEGER_MATH: 6626.2879999999996
  CPU_FLOATINGPOINT_MATH: 5777.914075398985
  CPU_PRIME: 20.965907850987143
  CPU_SORTING: 4119.3711541042048
  CPU_ENCRYPTION: 1416.3594749255424
  CPU_COMPRESSION: 27501.041729523815
  CPU_SINGLETHREAD: 3062.4145094936416
  CPU_PHYSICS: 377.76188424941125
  CPU_MATRIX_MULT_SSE: 2472.5772656576487
  CPU_mm: 285.85666212902458
  CPU_sse: 1264.0231722723925
  CPU_fma: 3660.208053496377
  CPU_avx: 3134.3958019992228
  CPU_avx512: 1831.682034862602
  m_CPU_enc_SHA: 1985683220.4422493
  m_CPU_enc_AES: 1259308221.2907767
  m_CPU_enc_ECDSA: 1210490216.6055503
  ME_ALLOC_S: 1117.6559345431788
  ME_READ_S: 30176.987890625001
  ME_READ_L: 27863.294921875
  ME_WRITE: 27939.232421875
  ME_LARGE: 771.08333333333337
  ME_LATENCY: 69.031795681450731
  ME_THREADED: 27808.91015625
  SUMM_CPU: 2955.7992087140301
  SUMM_ME: 1216.2772128143306
SystemInformation:
  OSName: Ubuntu 24.04.4 LTS
  Kernel: 6.8.0-124-generic
  Device: ""
  Processor: AMD EPYC-Genoa Processor
  NumSockets: 1
  Manufacturer: AuthenticAMD
  NumCores: 1
  NumLogicals: 1
  CPUFrequency: 0
  CPUMaxFrequency: 0
  Memory: 1961
  CPUInfo:
    number: 1
    Family: 15
    Model: 1
    stepping: 0
    features: 126614527
    manufacture: AuthenticAMD
    typestring: AMD EPYC-Genoa Processor
    iCoresPerPackage: 1
    iThreadsPerPackage: 1
    featuresEx:
      - 126614527
      - 4277809667
      - 802421759
    bHybrid: false
    nPCore: 0
    nLogicalsPerPCore: 0
    nECore: 0
    nLogicalsPerECore: 0
  MemModuleInfo:
    iNumMemSticks: 1
    DIMM 1:
      manufacturer: QEMU
      modulePartNo: Not Specified
      memType: RAM
      size: 2
      clkspeed: 0
      moduleVoltage: 0
Checksum: 61F24F5AB3805643634701D3F45051F0A544A0BE