BaselineInfo:
  WebDBID: -1
  TimeStamp: 20241107130239
Version:
  Major: 11
  Minor: 0
  Build: 1002
  SpecialBuildName: ""
  ptArchitecture: x86_64_linux
Results:
  Results Complete: true
  NumTestProcesses: 4
  CPU_INTEGER_MATH: 12397.948999999999
  CPU_FLOATINGPOINT_MATH: 6655.9822302579123
  CPU_PRIME: 27.436822591507276
  CPU_SORTING: 6617.7640048671074
  CPU_ENCRYPTION: 1709.6436680961067
  CPU_COMPRESSION: 56001.203992783296
  CPU_SINGLETHREAD: 1982.5128206727202
  CPU_PHYSICS: 544.22200104106378
  CPU_MATRIX_MULT_SSE: 3584.5342346387752
  CPU_mm: 377.36013530779246
  CPU_sse: 1359.0218803239572
  CPU_fma: 4473.0604151209309
  CPU_avx: 3147.2071803860736
  CPU_avx512: 5358.8474627241385
  m_CPU_enc_SHA: 560716142.64838338
  m_CPU_enc_AES: 4315037909.2057571
  m_CPU_enc_ECDSA: 502319904.89848804
  ME_ALLOC_S: 1465.6650135536372
  ME_READ_S: 24267.685742187499
  ME_READ_L: 10925.0244140625
  ME_WRITE: 10177.5185546875
  ME_LARGE: 661.66666666666663
  ME_LATENCY: 53.272013453183547
  ME_THREADED: 24275.02783203125
  SUMM_CPU: 4426.4616949748088
  SUMM_ME: 1073.650741723774
SystemInformation:
  OSName: Ubuntu 24.04.1 LTS
  Kernel: 6.8.0-1016-aws
  Device: ""
  Processor: Intel Xeon Platinum 8223CL CPU @ 3.00GHz
  NumSockets: 1
  Manufacturer: GenuineIntel
  NumCores: 2
  NumLogicals: 4
  CPUFrequency: 0
  Memory: 7736
  MemModuleInfo:
    iNumMemSticks: 1
    DIMM 1:
      manufacturer: Not Specified
      modulePartNo: Not Specified
      memType: DDR4
      size: 8
      clkspeed: 1466
      moduleVoltage: 0
Checksum: A776848E9BDBE70C6E91914A9F77D810756830AB