BaselineInfo:
  WebDBID: -1
  TimeStamp: 20241108064642
Version:
  Major: 11
  Minor: 0
  Build: 1002
  SpecialBuildName: ""
  ptArchitecture: x86_64_linux
Results:
  Results Complete: true
  NumTestProcesses: 20
  CPU_INTEGER_MATH: 83023.613333333342
  CPU_FLOATINGPOINT_MATH: 45747.402557238223
  CPU_PRIME: 178.47514914225778
  CPU_SORTING: 45208.449255842905
  CPU_ENCRYPTION: 21507.247999447471
  CPU_COMPRESSION: 318044.11937879893
  CPU_SINGLETHREAD: 2391.0440490262699
  CPU_PHYSICS: 3024.2822608158413
  CPU_MATRIX_MULT_SSE: 18609.528250125775
  CPU_mm: 2221.563421061112
  CPU_sse: 9460.8108029623672
  CPU_fma: 26020.736514056083
  CPU_avx: 20347.037433358888
  CPU_avx512: 0
  m_CPU_enc_SHA: 31191289222.267525
  m_CPU_enc_AES: 19940925051.016861
  m_CPU_enc_ECDSA: 16523737961.521503
  ME_ALLOC_S: 8928.0001999023134
  ME_READ_S: 24440.623046875
  ME_READ_L: 20011.884765625
  ME_WRITE: 19508.220703125
  ME_LARGE: 150667.58333333334
  ME_LATENCY: 63.604076460174461
  ME_THREADED: 71137.228515625
  SUMM_CPU: 26792.659208466779
  SUMM_ME: 2819.580333832148
SystemInformation:
  OSName: Ubuntu 24.04.1 LTS
  Kernel: 6.8.0-1017-azure
  Device: ""
  Processor: AMD EPYC 7763 64-Core Processor
  NumSockets: 1
  Manufacturer: AuthenticAMD
  NumCores: 10
  NumLogicals: 20
  CPUFrequency: 0
  Memory: 161159
  MemModuleInfo:
    iNumMemSticks: 4
    DIMM 1:
      manufacturer: Microsoft Corporation
      modulePartNo: None
      memType: Unknown
      size: 1
      clkspeed: 0
      moduleVoltage: 0
    DIMM 2:
      manufacturer: Microsoft Corporation
      modulePartNo: None
      memType: Unknown
      size: 60928
      clkspeed: 0
      moduleVoltage: 0
    DIMM 3:
      manufacturer: Microsoft Corporation
      modulePartNo: None
      memType: Unknown
      size: 19968
      clkspeed: 0
      moduleVoltage: 0
    DIMM 4:
      manufacturer: Microsoft Corporation
      modulePartNo: None
      memType: Unknown
      size: 80
      clkspeed: 0
      moduleVoltage: 0
Checksum: 062F08B8ECB12F7BC80991E80E28BF0265BBBEF5