BaselineInfo:
  WebDBID: -1
  TimeStamp: 20241108083938
Version:
  Major: 11
  Minor: 0
  Build: 1002
  SpecialBuildName: ""
  ptArchitecture: x86_64_linux
Results:
  Results Complete: true
  NumTestProcesses: 16
  CPU_INTEGER_MATH: 67104.49033333332
  CPU_FLOATINGPOINT_MATH: 34304.960613903888
  CPU_PRIME: 135.05908179016589
  CPU_SORTING: 34826.927587798418
  CPU_ENCRYPTION: 14549.540909481149
  CPU_COMPRESSION: 244833.82303275313
  CPU_SINGLETHREAD: 2366.9774290881546
  CPU_PHYSICS: 2374.2229775652831
  CPU_MATRIX_MULT_SSE: 15096.29380926205
  CPU_mm: 1446.6428843662582
  CPU_sse: 6367.6160219752319
  CPU_fma: 17493.002946437067
  CPU_avx: 12912.749447298378
  CPU_avx512: 23611.806821337508
  m_CPU_enc_SHA: 14702147231.897709
  m_CPU_enc_AES: 22146699605.724602
  m_CPU_enc_ECDSA: 8920051388.4780121
  ME_ALLOC_S: 7860.7647496036061
  ME_READ_S: 24404.250390624999
  ME_READ_L: 12536.4873046875
  ME_WRITE: 11107.171875
  ME_LARGE: 21352.166666666668
  ME_LATENCY: 59.222923880579835
  ME_THREADED: 92052.5751953125
  SUMM_CPU: 21278.808721699937
  SUMM_ME: 2521.998291477415
SystemInformation:
  OSName: Ubuntu 24.04.1 LTS
  Kernel: 6.8.0-1016-aws
  Device: ""
  Processor: Intel Xeon Platinum 8375C CPU @ 2.90GHz
  NumSockets: 1
  Manufacturer: GenuineIntel
  NumCores: 8
  NumLogicals: 16
  CPUFrequency: 0
  Memory: 31554
  MemModuleInfo:
    iNumMemSticks: 1
    DIMM 1:
      manufacturer: Not Specified
      modulePartNo: Not Specified
      memType: DDR4
      size: 32
      clkspeed: 1600
      moduleVoltage: 0
Checksum: 29C58F96C295B354E68A5BADD09C31E615EC4F83