BaselineInfo:
  WebDBID: -1
  TimeStamp: 20241109234136
Version:
  Major: 11
  Minor: 0
  Build: 1002
  SpecialBuildName: ""
  ptArchitecture: x86_64_linux
Results:
  Results Complete: true
  NumTestProcesses: 96
  CPU_INTEGER_MATH: 402530.027
  CPU_FLOATINGPOINT_MATH: 205768.88915398362
  CPU_PRIME: 463.48603957691245
  CPU_SORTING: 200887.63067056768
  CPU_ENCRYPTION: 87331.355238572607
  CPU_COMPRESSION: 1459127.0266801617
  CPU_SINGLETHREAD: 2371.2868466029445
  CPU_PHYSICS: 7851.3859287178329
  CPU_MATRIX_MULT_SSE: 86464.221840302009
  CPU_mm: 8673.4523261254726
  CPU_sse: 37592.912697361346
  CPU_fma: 103016.17492752084
  CPU_avx: 77390.125948927496
  CPU_avx512: 127857.67378739832
  m_CPU_enc_SHA: 88214008088.135452
  m_CPU_enc_AES: 132748506609.99707
  m_CPU_enc_ECDSA: 53758174753.792084
  ME_ALLOC_S: 29764.038775104778
  ME_READ_S: 23746.288671875001
  ME_READ_L: 11413.71484375
  ME_WRITE: 10314.9794921875
  ME_LARGE: 178168.83333333334
  ME_LATENCY: 59.023476609380417
  ME_THREADED: 277297.12927246094
  SUMM_CPU: 75949.921538382929
  SUMM_ME: 2623.3633836279682
SystemInformation:
  OSName: Ubuntu 24.04.1 LTS
  Kernel: 6.8.0-1016-aws
  Device: ""
  Processor: Intel Xeon Platinum 8375C CPU @ 2.90GHz
  NumSockets: 2
  Manufacturer: GenuineIntel
  NumCores: 48
  NumLogicals: 96
  CPUFrequency: 0
  Memory: 190298
  MemModuleInfo:
    iNumMemSticks: 2
    DIMM 1:
      manufacturer: Not Specified
      modulePartNo: Not Specified
      memType: DDR4
      size: 96
      clkspeed: 1600
      moduleVoltage: 0
    DIMM 2:
      manufacturer: Not Specified
      modulePartNo: Not Specified
      memType: DDR4
      size: 96
      clkspeed: 1600
      moduleVoltage: 0
Checksum: AD5540B0467E9C1145194B54B962776E7B696E4B