BaselineInfo:
  WebDBID: -1
  TimeStamp: 20250526201359
Version:
  Major: 11
  Minor: 0
  Build: 1002
  SpecialBuildName: ""
  ptArchitecture: x86_64_linux
Results:
  Results Complete: true
  NumTestProcesses: 12
  CPU_INTEGER_MATH: 63884.403666666658
  CPU_FLOATINGPOINT_MATH: 45278.988754390419
  CPU_PRIME: 125.12393107730408
  CPU_SORTING: 32044.971434008472
  CPU_ENCRYPTION: 14060.72051322452
  CPU_COMPRESSION: 229373.32984065008
  CPU_SINGLETHREAD: 3251.1970624076516
  CPU_PHYSICS: 3006.4805801553007
  CPU_MATRIX_MULT_SSE: 18793.947200140898
  CPU_mm: 1806.6430269679834
  CPU_sse: 7819.8489996607805
  CPU_fma: 20820.885671226242
  CPU_avx: 16110.730191704824
  CPU_avx512: 30424.323937971749
  m_CPU_enc_SHA: 14869886902.391335
  m_CPU_enc_AES: 19366392600.583698
  m_CPU_enc_ECDSA: 9994922715.6497097
  ME_ALLOC_S: 7848.2635249053765
  ME_READ_S: 29104.54296875
  ME_READ_L: 10386.265625
  ME_WRITE: 9349.369140625
  ME_LARGE: 243913.58333333334
  ME_LATENCY: 61.16190693762055
  ME_THREADED: 91661.65771484375
  SUMM_CPU: 22837.219415154752
  SUMM_ME: 2508.1900709071679
SystemInformation:
  OSName: Ubuntu 24.04.2 LTS
  Kernel: 6.11.0-1015-azure
  Device: ""
  Processor: INTEL XEON PLATINUM 8573C
  NumSockets: 1
  Manufacturer: GenuineIntel
  NumCores: 6
  NumLogicals: 12
  CPUFrequency: 2300
  Memory: 253711
  MemModuleInfo:
    iNumMemSticks: 3
    DIMM 1:
      manufacturer: Microsoft Corporation
      modulePartNo: None
      memType: Unknown
      size: 1
      clkspeed: 0
      moduleVoltage: 0
    DIMM 2:
      manufacturer: Microsoft Corporation
      modulePartNo: None
      memType: Unknown
      size: 59
      clkspeed: 0
      moduleVoltage: 0
    DIMM 3:
      manufacturer: Microsoft Corporation
      modulePartNo: None
      memType: Unknown
      size: 192
      clkspeed: 0
      moduleVoltage: 0
Checksum: 2D030FF0B5B6B65504F821AB86C2F09B954A50CF