BaselineInfo:
  WebDBID: -1
  TimeStamp: 20260611223747
Version:
  Major: 11
  Minor: 0
  Build: 1004
  SpecialBuildName: ""
  ptArchitecture: x86_64_linux
Results:
  Results Complete: true
  NumTestProcesses: 1
  CPU_INTEGER_MATH: 6457.0476666666673
  CPU_FLOATINGPOINT_MATH: 4808.0451086567318
  CPU_PRIME: 18.672752249308015
  CPU_SORTING: 3826.4870130558115
  CPU_ENCRYPTION: 1360.8719752308255
  CPU_COMPRESSION: 25773.417575799984
  CPU_SINGLETHREAD: 2840.6537228397483
  CPU_PHYSICS: 339.03804909536132
  CPU_MATRIX_MULT_SSE: 2254.6186689790088
  CPU_mm: 257.64168435699571
  CPU_sse: 1145.571291219728
  CPU_fma: 3298.464597429876
  CPU_avx: 2814.4914308117573
  CPU_avx512: 1759.9473564546738
  m_CPU_enc_SHA: 1920197568.1180408
  m_CPU_enc_AES: 1207163187.8120735
  m_CPU_enc_ECDSA: 1153572320.9688003
  ME_ALLOC_S: 965.62113697466066
  ME_READ_S: 26419.490234375
  ME_READ_L: 24299.75
  ME_WRITE: 23968.328125
  ME_LARGE: 541.66666666666663
  ME_LATENCY: 79.611529135540835
  ME_THREADED: 24192.572265625
  SUMM_CPU: 2738.5232755142019
  SUMM_ME: 942.88873355028704
SystemInformation:
  OSName: Ubuntu 24.04.4 LTS
  Kernel: 6.8.0-124-generic
  Device: ""
  Processor: AMD EPYC-Genoa Processor
  NumSockets: 1
  Manufacturer: AuthenticAMD
  NumCores: 1
  NumLogicals: 1
  CPUFrequency: 0
  CPUMaxFrequency: 0
  Memory: 954
  CPUInfo:
    number: 1
    Family: 15
    Model: 1
    stepping: 0
    features: 126614527
    manufacture: AuthenticAMD
    typestring: AMD EPYC-Genoa Processor
    iCoresPerPackage: 1
    iThreadsPerPackage: 1
    featuresEx:
      - 126614527
      - 4277809667
      - 802421759
    bHybrid: false
    nPCore: 0
    nLogicalsPerPCore: 0
    nECore: 0
    nLogicalsPerECore: 0
  MemModuleInfo:
    iNumMemSticks: 1
    DIMM 1:
      manufacturer: QEMU
      modulePartNo: Not Specified
      memType: RAM
      size: 1
      clkspeed: 0
      moduleVoltage: 0
Checksum: D7D7E82A4DC92DFAF6F10B9F39A33D6D309702DC