---
system-info:
      stress-ng-version: 0.17.08
      run-by: root
      date-yyyy-mm-dd: 2024:06:14
      time-hh-mm-ss: 17:21:51
      epoch-secs: 1718385711
      hostname: afb3d73a90de
      sysname: Linux
      nodename: afb3d73a90de
      release: 6.8.0-1008-aws
      version: '#8-Ubuntu SMP Sat Apr 20 00:46:25 UTC 2024'
      machine: x86_64
      compiler: 'musl-gcc 13.2.1'
      uptime: 154
      totalram: 16766984192
      freeram: 12423852032
      sharedram: 48521216
      bufferram: 109670400
      totalswap: 0
      freeswap: 0
      pagesize: 4096
      cpus: 4
      cpus-online: 4
      ticks-per-second: 100

metrics:
    - stressor: cpu
      bogo-ops: 62428
      bogo-ops-per-second-usr-sys-time: 785.836841
      bogo-ops-per-second-real-time: 3121.379767
      wall-clock-time: 20.000130
      user-time: 79.427129
      system-time: 0.014298
      cpu-usage-per-instance: 99.301140
      max-rss: 1104

...
