---
system-info:
      stress-ng-version: 0.17.08
      run-by: root
      date-yyyy-mm-dd: 2024:06:08
      time-hh-mm-ss: 10:55:13
      epoch-secs: 1717844113
      hostname: d57af4944535
      sysname: Linux
      nodename: d57af4944535
      release: 6.8.0-1008-aws
      version: '#8-Ubuntu SMP Sat Apr 20 00:46:25 UTC 2024'
      machine: x86_64
      compiler: 'musl-gcc 13.2.1'
      uptime: 141
      totalram: 16766992384
      freeram: 12426506240
      sharedram: 48521216
      bufferram: 101396480
      totalswap: 0
      freeswap: 0
      pagesize: 4096
      cpus: 4
      cpus-online: 4
      ticks-per-second: 100

metrics:
    - stressor: cpu
      bogo-ops: 37943
      bogo-ops-per-second-usr-sys-time: 955.238577
      bogo-ops-per-second-real-time: 3792.949640
      wall-clock-time: 10.003560
      user-time: 39.710579
      system-time: 0.010388
      cpu-usage-per-instance: 99.267077
      max-rss: 4048

...
