---
system-info:
      stress-ng-version: 0.17.08
      run-by: root
      date-yyyy-mm-dd: 2024:07:11
      time-hh-mm-ss: 13:21:22
      epoch-secs: 1720704082
      hostname: ip-172-31-56-199
      sysname: Linux
      nodename: ip-172-31-56-199
      release: 6.8.0-1010-aws
      version: '#10-Ubuntu SMP Thu Jun 13 17:48:42 UTC 2024'
      machine: aarch64
      compiler: 'musl-gcc 13.2.1'
      uptime: 184
      totalram: 33221292032
      freeram: 28105850880
      sharedram: 35008512
      bufferram: 136540160
      totalswap: 0
      freeswap: 0
      pagesize: 4096
      cpus: 2
      cpus-online: 2
      ticks-per-second: 100

metrics:
    - stressor: cpu
      bogo-ops: 30400
      bogo-ops-per-second-usr-sys-time: 1520.102379
      bogo-ops-per-second-real-time: 1519.996793
      wall-clock-time: 20.000042
      user-time: 19.997654
      system-time: 0.000999
      cpu-usage-per-instance: 99.993054
      max-rss: 1192

...
