BaselineInfo:
  WebDBID: -1
  TimeStamp: 20241107171906
Version:
  Major: 11
  Minor: 0
  Build: 1002
  SpecialBuildName: ""
  ptArchitecture: x86_64_linux
Results:
  Results Complete: true
  NumTestProcesses: 8
  CPU_INTEGER_MATH: 33126.919666666668
  CPU_FLOATINGPOINT_MATH: 18325.6386944818
  CPU_PRIME: 75.427167539591736
  CPU_SORTING: 17960.42553589779
  CPU_ENCRYPTION: 8614.041900072385
  CPU_COMPRESSION: 127976.20249182791
  CPU_SINGLETHREAD: 2394.2197944282302
  CPU_PHYSICS: 1296.4455974912885
  CPU_MATRIX_MULT_SSE: 7363.6205438478264
  CPU_mm: 894.22782828575191
  CPU_sse: 3773.0403195251702
  CPU_fma: 10401.364753590329
  CPU_avx: 7916.4565584279799
  CPU_avx512: 0
  m_CPU_enc_SHA: 12471134415.097353
  m_CPU_enc_AES: 7983504903.5642433
  m_CPU_enc_ECDSA: 6642793479.5693092
  ME_ALLOC_S: 3600.6189416267798
  ME_READ_S: 24404.038671875001
  ME_READ_L: 20359.189453125
  ME_WRITE: 19728.818359375
  ME_LARGE: 54252.166666666664
  ME_LATENCY: 60.998412186758372
  ME_THREADED: 39125.6650390625
  SUMM_CPU: 11845.005869927038
  SUMM_ME: 2685.3644074812773
SystemInformation:
  OSName: Ubuntu 24.04.1 LTS
  Kernel: 6.8.0-1017-azure
  Device: ""
  Processor: AMD EPYC 7763 64-Core Processor
  NumSockets: 1
  Manufacturer: AuthenticAMD
  NumCores: 4
  NumLogicals: 8
  CPUFrequency: 0
  Memory: 64299
  MemModuleInfo:
    iNumMemSticks: 3
    DIMM 1:
      manufacturer: Microsoft Corporation
      modulePartNo: None
      memType: Unknown
      size: 1
      clkspeed: 0
      moduleVoltage: 0
    DIMM 2:
      manufacturer: Microsoft Corporation
      modulePartNo: None
      memType: Unknown
      size: 60928
      clkspeed: 0
      moduleVoltage: 0
    DIMM 3:
      manufacturer: Microsoft Corporation
      modulePartNo: None
      memType: Unknown
      size: 3584
      clkspeed: 0
      moduleVoltage: 0
Checksum: 7E0C44E46CC3F0C9A413DA7CEB74087F1538C492