BaselineInfo:
  WebDBID: -1
  TimeStamp: 20260612130114
Version:
  Major: 11
  Minor: 0
  Build: 1004
  SpecialBuildName: ""
  ptArchitecture: x86_64_linux
Results:
  Results Complete: true
  NumTestProcesses: 4
  CPU_INTEGER_MATH: 25623.024333333335
  CPU_FLOATINGPOINT_MATH: 15613.741347091949
  CPU_PRIME: 67.973082101096338
  CPU_SORTING: 12809.637202388734
  CPU_ENCRYPTION: 5119.4590123659582
  CPU_COMPRESSION: 97900.837261557492
  CPU_SINGLETHREAD: 3619.5614605917553
  CPU_PHYSICS: 1298.4472869249182
  CPU_MATRIX_MULT_SSE: 7671.1462543587149
  CPU_mm: 742.4294721261906
  CPU_sse: 2766.5599731954112
  CPU_fma: 8404.0321111112899
  CPU_avx: 8227.5322820511792
  CPU_avx512: 11286.460651076985
  m_CPU_enc_SHA: 6461432442.0203829
  m_CPU_enc_AES: 5282062518.0456734
  m_CPU_enc_ECDSA: 4360930599.9858837
  ME_ALLOC_S: 2807.685776217078
  ME_READ_S: 32661.334374999999
  ME_READ_L: 30106.24609375
  ME_WRITE: 31428.15234375
  ME_LARGE: 24082
  ME_LATENCY: 84.069922608013101
  ME_THREADED: 69055.28125
  SUMM_CPU: 9687.4055184639983
  SUMM_ME: 2512.722300502388
SystemInformation:
  OSName: Ubuntu 24.04.4 LTS
  Kernel: 6.8.0-124-generic
  Device: ""
  Processor: AMD EPYC-Turin Processor
  NumSockets: 1
  Manufacturer: AuthenticAMD
  NumCores: 2
  NumLogicals: 4
  CPUFrequency: 0
  CPUMaxFrequency: 0
  Memory: 32090
  CPUInfo:
    number: 1
    Family: 15
    Model: 0
    stepping: 0
    features: 395049983
    manufacture: AuthenticAMD
    typestring: AMD EPYC-Turin Processor
    iCoresPerPackage: 2
    iThreadsPerPackage: 2
    featuresEx:
      - 395049983
      - 4277809667
      - 802421759
    bHybrid: false
    nPCore: 0
    nLogicalsPerPCore: 0
    nECore: 0
    nLogicalsPerECore: 0
  MemModuleInfo:
    iNumMemSticks: 1
    DIMM 1:
      manufacturer: QEMU
      modulePartNo: Not Specified
      memType: RAM
      size: 32
      clkspeed: 0
      moduleVoltage: 0
Checksum: C1D5C3C76A8F560A20D4A504635CDBA3F2B73B67