---
system-info:
      stress-ng-version: 0.17.08
      run-by: root
      date-yyyy-mm-dd: 2024:07:11
      time-hh-mm-ss: 12:58:15
      epoch-secs: 1720702695
      hostname: ip-172-31-63-241
      sysname: Linux
      nodename: ip-172-31-63-241
      release: 6.8.0-1010-aws
      version: '#10-Ubuntu SMP Thu Jun 13 17:48:42 UTC 2024'
      machine: aarch64
      compiler: 'musl-gcc 13.2.1'
      uptime: 191
      totalram: 16534220800
      freeram: 11482161152
      sharedram: 35008512
      bufferram: 136564736
      totalswap: 0
      freeswap: 0
      pagesize: 4096
      cpus: 1
      cpus-online: 1
      ticks-per-second: 100

metrics:
    - stressor: cpu
      bogo-ops: 30012
      bogo-ops-per-second-usr-sys-time: 1519.501535
      bogo-ops-per-second-real-time: 1500.592433
      wall-clock-time: 20.000101
      user-time: 19.751214
      system-time: 0.000000
      cpu-usage-per-instance: 98.755572
      max-rss: 1192

...
