---
system-info:
      stress-ng-version: 0.17.08
      run-by: root
      date-yyyy-mm-dd: 2024:07:02
      time-hh-mm-ss: 22:31:44
      epoch-secs: 1719959504
      hostname: n2-standard-48-b4abfc7
      sysname: Linux
      nodename: n2-standard-48-b4abfc7
      release: 6.8.0-1009-gcp
      version: '#10-Ubuntu SMP Wed Jun 12 18:52:23 UTC 2024'
      machine: x86_64
      compiler: 'musl-gcc 13.2.1'
      uptime: 158
      totalram: 202799947776
      freeram: 196780474368
      sharedram: 71004160
      bufferram: 128811008
      totalswap: 0
      freeswap: 0
      pagesize: 4096
      cpus: 48
      cpus-online: 48
      ticks-per-second: 100

metrics:
    - stressor: cpu
      bogo-ops: 886780
      bogo-ops-per-second-usr-sys-time: 924.534937
      bogo-ops-per-second-real-time: 44338.795624
      wall-clock-time: 20.000092
      user-time: 959.133338
      system-time: 0.029982
      cpu-usage-per-instance: 99.912385
      max-rss: 1152

...
