---
system-info:
      stress-ng-version: 0.17.08
      run-by: root
      date-yyyy-mm-dd: 2024:07:03
      time-hh-mm-ss: 07:53:16
      epoch-secs: 1719993196
      hostname: n1-highmem-64-05f74e3
      sysname: Linux
      nodename: n1-highmem-64-05f74e3
      release: 6.8.0-1009-gcp
      version: '#10-Ubuntu SMP Wed Jun 12 18:52:23 UTC 2024'
      machine: x86_64
      compiler: 'musl-gcc 13.2.1'
      uptime: 198
      totalram: 439353020416
      freeram: 433613799424
      sharedram: 48836608
      bufferram: 132308992
      totalswap: 0
      freeswap: 0
      pagesize: 4096
      cpus: 64
      cpus-online: 64
      ticks-per-second: 100

metrics:
    - stressor: cpu
      bogo-ops: 23378
      bogo-ops-per-second-usr-sys-time: 1168.925307
      bogo-ops-per-second-real-time: 1168.894816
      wall-clock-time: 20.000089
      user-time: 19.999567
      system-time: 0.000000
      cpu-usage-per-instance: 99.997392
      max-rss: 512

...
