---
system-info:
      stress-ng-version: 0.17.08
      run-by: root
      date-yyyy-mm-dd: 2024:08:17
      time-hh-mm-ss: 18:28:14
      epoch-secs: 1723919294
      hostname: ip-172-31-4-204
      sysname: Linux
      nodename: ip-172-31-4-204
      release: 6.8.0-1013-aws
      version: '#14-Ubuntu SMP Thu Jul 25 21:19:24 UTC 2024'
      machine: x86_64
      compiler: 'musl-gcc 13.2.1'
      uptime: 490
      totalram: 803068542976
      freeram: 793575849984
      sharedram: 73011200
      bufferram: 192991232
      totalswap: 0
      freeswap: 0
      pagesize: 4096
      cpus: 96
      cpus-online: 96
      ticks-per-second: 100

metrics:
    - stressor: cpu
      bogo-ops: 27760
      bogo-ops-per-second-usr-sys-time: 1388.008120
      bogo-ops-per-second-real-time: 1387.992289
      wall-clock-time: 20.000111
      user-time: 19.999883
      system-time: 0.000000
      cpu-usage-per-instance: 99.998859
      max-rss: 0

...
