BaselineInfo:
  WebDBID: -1
  TimeStamp: 20241110050042
Version:
  Major: 11
  Minor: 0
  Build: 1002
  SpecialBuildName: ""
  ptArchitecture: x86_64_linux
Results:
  Results Complete: true
  NumTestProcesses: 96
  CPU_INTEGER_MATH: 272404.84800000011
  CPU_FLOATINGPOINT_MATH: 145900.04005405944
  CPU_PRIME: 330.14624578625893
  CPU_SORTING: 136466.30742964073
  CPU_ENCRYPTION: 37158.089329262511
  CPU_COMPRESSION: 1195793.7602768044
  CPU_SINGLETHREAD: 1943.5935639976808
  CPU_PHYSICS: 4919.5503989561212
  CPU_MATRIX_MULT_SSE: 74186.199752092318
  CPU_mm: 8285.3626333876291
  CPU_sse: 29312.27104904821
  CPU_fma: 87904.424078918455
  CPU_avx: 61987.02327088271
  CPU_avx512: 117541.08060951981
  m_CPU_enc_SHA: 12250528294.817413
  m_CPU_enc_AES: 93681275088.87056
  m_CPU_enc_ECDSA: 10957438645.874422
  ME_ALLOC_S: 21347.937282851748
  ME_READ_S: 23482.536718750001
  ME_READ_L: 10283.1943359375
  ME_WRITE: 9910.1103515625
  ME_LARGE: 369993.75
  ME_LATENCY: 52.822053007187179
  ME_THREADED: 212025.60375976562
  SUMM_CPU: 55532.591639937629
  SUMM_ME: 2667.5418485362147
SystemInformation:
  OSName: Ubuntu 24.04.1 LTS
  Kernel: 6.8.0-1016-aws
  Device: ""
  Processor: Intel Xeon Platinum 8259CL CPU @ 2.50GHz
  NumSockets: 2
  Manufacturer: GenuineIntel
  NumCores: 48
  NumLogicals: 96
  CPUFrequency: 0
  Memory: 382826
  MemModuleInfo:
    iNumMemSticks: 2
    DIMM 1:
      manufacturer: Not Specified
      modulePartNo: Not Specified
      memType: DDR4
      size: 192
      clkspeed: 1600
      moduleVoltage: 0
    DIMM 2:
      manufacturer: Not Specified
      modulePartNo: Not Specified
      memType: DDR4
      size: 192
      clkspeed: 1600
      moduleVoltage: 0
Checksum: FCDFC75FE128D90DFB42BB08A9BF7538DB0126C7