---
system-info:
      stress-ng-version: 0.17.08
      run-by: root
      date-yyyy-mm-dd: 2024:09:16
      time-hh-mm-ss: 07:44:55
      epoch-secs: 1726472695
      hostname: sc-runner
      sysname: Linux
      nodename: sc-runner
      release: 6.8.0-1014-azure
      version: '#16-Ubuntu SMP Thu Aug 15 20:04:41 UTC 2024'
      machine: x86_64
      compiler: 'musl-gcc 13.2.1'
      uptime: 311
      totalram: 33653030912
      freeram: 23632547840
      sharedram: 54870016
      bufferram: 223141888
      totalswap: 0
      freeswap: 0
      pagesize: 4096
      cpus: 2
      cpus-online: 2
      ticks-per-second: 100

metrics:
    - stressor: cpu
      bogo-ops: 31893
      bogo-ops-per-second-usr-sys-time: 808.874002
      bogo-ops-per-second-real-time: 1594.636456
      wall-clock-time: 20.000170
      user-time: 39.420906
      system-time: 0.007979
      cpu-usage-per-instance: 98.571375
      max-rss: 3128

...
