BaselineInfo:
  WebDBID: -1
  TimeStamp: 20241107194251
Version:
  Major: 11
  Minor: 0
  Build: 1002
  SpecialBuildName: ""
  ptArchitecture: x86_64_linux
Results:
  Results Complete: true
  NumTestProcesses: 4
  CPU_INTEGER_MATH: 8662.2839999999997
  CPU_FLOATINGPOINT_MATH: 5142.4386343276401
  CPU_PRIME: 20.614774348634164
  CPU_SORTING: 4763.5926279817677
  CPU_ENCRYPTION: 1185.5067321225058
  CPU_COMPRESSION: 40853.787035439709
  CPU_SINGLETHREAD: 1223.0969358255068
  CPU_PHYSICS: 423.31961500525972
  CPU_MATRIX_MULT_SSE: 1106.9874377579649
  CPU_mm: 305.50112182757221
  CPU_sse: 1106.9874377579649
  CPU_fma: 0
  CPU_avx: 0
  CPU_avx512: 0
  m_CPU_enc_SHA: 451691691.57442355
  m_CPU_enc_AES: 2878828156.9132962
  m_CPU_enc_ECDSA: 398761872.93854612
  ME_ALLOC_S: 1321.8772479950703
  ME_READ_S: 16014.10927734375
  ME_READ_L: 7439.060546875
  ME_WRITE: 6845.84619140625
  ME_LARGE: 5060.666666666667
  ME_LATENCY: 78.278276826817446
  ME_THREADED: 19479.77783203125
  SUMM_CPU: 2779.5164882768272
  SUMM_ME: 1435.9999407822813
SystemInformation:
  OSName: Ubuntu 24.04.1 LTS
  Kernel: 6.8.0-1016-aws
  Device: ""
  Processor: Intel Xeon CPU E5-2651 v2 @ 1.80GHz
  NumSockets: 1
  Manufacturer: GenuineIntel
  NumCores: 4
  NumLogicals: 4
  CPUFrequency: 0
  Memory: 14982
  MemModuleInfo:
    iNumMemSticks: 1
    DIMM 1:
      manufacturer: Not Specified
      modulePartNo: Not Specified
      memType: RAM
      size: 15
      clkspeed: 0
      moduleVoltage: 0
Checksum: 1A3709247E0D039A7D98601758089050E620D4DC