---
system-info:
      stress-ng-version: 0.17.08
      run-by: root
      date-yyyy-mm-dd: 2024:06:07
      time-hh-mm-ss: 21:13:01
      epoch-secs: 1717794781
      hostname: b940e3ce27e0
      sysname: Linux
      nodename: b940e3ce27e0
      release: 6.8.0-31-generic
      version: '#31-Ubuntu SMP PREEMPT_DYNAMIC Sat Apr 20 00:40:06 UTC 2024'
      machine: x86_64
      compiler: 'musl-gcc 13.2.1'
      uptime: 118
      totalram: 32862363648
      freeram: 29406060544
      sharedram: 18001920
      bufferram: 102227968
      totalswap: 0
      freeswap: 0
      pagesize: 4096
      cpus: 8
      cpus-online: 8
      ticks-per-second: 100

metrics:
    - stressor: cpu
      bogo-ops: 15276
      bogo-ops-per-second-usr-sys-time: 1527.704342
      bogo-ops-per-second-real-time: 1527.536849
      wall-clock-time: 10.000413
      user-time: 9.998317
      system-time: 0.001000
      cpu-usage-per-instance: 99.989036
      max-rss: 3920

...
