---
system-info:
      stress-ng-version: 0.17.08
      run-by: root
      date-yyyy-mm-dd: 2024:06:14
      time-hh-mm-ss: 21:41:39
      epoch-secs: 1718401299
      hostname: ba76029fa9e2
      sysname: Linux
      nodename: ba76029fa9e2
      release: 6.8.0-31-generic
      version: '#31-Ubuntu SMP PREEMPT_DYNAMIC Sat Apr 20 00:40:06 UTC 2024'
      machine: x86_64
      compiler: 'musl-gcc 13.2.1'
      uptime: 137
      totalram: 32862363648
      freeram: 29301977088
      sharedram: 17993728
      bufferram: 118083584
      totalswap: 0
      freeswap: 0
      pagesize: 4096
      cpus: 8
      cpus-online: 8
      ticks-per-second: 100

metrics:
    - stressor: cpu
      bogo-ops: 22198
      bogo-ops-per-second-usr-sys-time: 1109.913541
      bogo-ops-per-second-real-time: 1109.803660
      wall-clock-time: 20.001736
      user-time: 19.998757
      system-time: 0.000999
      cpu-usage-per-instance: 99.990100
      max-rss: 1104

...
