BaselineInfo:
  WebDBID: -1
  TimeStamp: 20241108234730
Version:
  Major: 11
  Minor: 0
  Build: 1002
  SpecialBuildName: ""
  ptArchitecture: aarch64_linux
Results:
  Results Complete: true
  NumTestProcesses: 48
  CPU_INTEGER_MATH: 189623.39199999999
  CPU_FLOATINGPOINT_MATH: 143866.4715490246
  CPU_PRIME: 222.55474635800104
  CPU_SORTING: 133776.29849228682
  CPU_ENCRYPTION: 6516.8991885151781
  CPU_COMPRESSION: 228641.89485916335
  CPU_SINGLETHREAD: 1110.6712809010237
  CPU_PHYSICS: 3739.0232026164217
  CPU_MATRIX_MULT_SSE: 29904.021858528682
  CPU_mm: 5009.3800136185328
  CPU_sse: 25028.529964116758
  CPU_fma: 34779.513752940613
  CPU_avx: 0
  CPU_avx512: 0
  m_CPU_enc_SHA: 9661232556.0728588
  m_CPU_enc_AES: 4522505901.3392887
  m_CPU_enc_ECDSA: 6316653793.0773249
  ME_ALLOC_S: 20394.019993619022
  ME_READ_S: 9484.1691406249993
  ME_READ_L: 9210.1416015625
  ME_WRITE: 12565.8857421875
  ME_LARGE: 370092.75
  ME_LATENCY: 69.889912328409352
  ME_THREADED: 171344.22705078125
  SUMM_CPU: 23281.218254691314
  SUMM_ME: 1849.7628556303305
SystemInformation:
  OSName: Ubuntu 24.04.1 LTS
  Kernel: 6.8.0-1016-aws
  Device: ""
  Processor: ARM Neoverse-N1 48 Core 0 MHz
  NumSockets: 1
  Manufacturer: ARM
  NumCores: 48
  NumLogicals: 48
  CPUFrequency: 0
  Memory: 382179
Checksum: 35CEC085954E708E60D00A9313F5550A002A7582