---
system-info:
      stress-ng-version: 0.17.08
      run-by: root
      date-yyyy-mm-dd: 2024:08:30
      time-hh-mm-ss: 14:26:50
      epoch-secs: 1725028010
      hostname: sc-runner
      sysname: Linux
      nodename: sc-runner
      release: 6.8.0-1013-azure
      version: '#15-Ubuntu SMP Thu Aug  8 18:40:40 UTC 2024'
      machine: x86_64
      compiler: 'musl-gcc 13.2.1'
      uptime: 547
      totalram: 16767492096
      freeram: 8330981376
      sharedram: 57110528
      bufferram: 201269248
      totalswap: 0
      freeswap: 0
      pagesize: 4096
      cpus: 2
      cpus-online: 2
      ticks-per-second: 100

metrics:
    - stressor: cpu
      bogo-ops: 18811
      bogo-ops-per-second-usr-sys-time: 478.274706
      bogo-ops-per-second-real-time: 940.531377
      wall-clock-time: 20.000396
      user-time: 39.308909
      system-time: 0.022044
      cpu-usage-per-instance: 98.325436
      max-rss: 3252

...
