---
system-info:
      stress-ng-version: 0.17.08
      run-by: root
      date-yyyy-mm-dd: 2024:06:16
      time-hh-mm-ss: 04:24:33
      epoch-secs: 1718511873
      hostname: 5fc4e1525783
      sysname: Linux
      nodename: 5fc4e1525783
      release: 6.8.0-1008-aws
      version: '#8-Ubuntu SMP Sat Apr 20 00:46:25 UTC 2024'
      machine: x86_64
      compiler: 'musl-gcc 13.2.1'
      uptime: 168
      totalram: 265990803456
      freeram: 261311180800
      sharedram: 113655808
      bufferram: 110616576
      totalswap: 0
      freeswap: 0
      pagesize: 4096
      cpus: 32
      cpus-online: 32
      ticks-per-second: 100

metrics:
    - stressor: cpu
      bogo-ops: 38212
      bogo-ops-per-second-usr-sys-time: 1910.594937
      bogo-ops-per-second-real-time: 1910.592302
      wall-clock-time: 20.000081
      user-time: 20.000053
      system-time: 0.000000
      cpu-usage-per-instance: 99.999862
      max-rss: 1032

...
