---
system-info:
      stress-ng-version: 0.17.08
      run-by: root
      date-yyyy-mm-dd: 2024:07:09
      time-hh-mm-ss: 16:54:36
      epoch-secs: 1720544076
      hostname: ip-172-31-15-187
      sysname: Linux
      nodename: ip-172-31-15-187
      release: 6.8.0-1009-aws
      version: '#9-Ubuntu SMP Fri May 17 20:15:49 UTC 2024'
      machine: aarch64
      compiler: 'musl-gcc 13.2.1'
      uptime: 185
      totalram: 16435630080
      freeram: 11377790976
      sharedram: 39231488
      bufferram: 134475776
      totalswap: 0
      freeswap: 0
      pagesize: 4096
      cpus: 2
      cpus-online: 2
      ticks-per-second: 100

metrics:
    - stressor: cpu
      bogo-ops: 34148
      bogo-ops-per-second-usr-sys-time: 1707.404695
      bogo-ops-per-second-real-time: 1707.396112
      wall-clock-time: 20.000046
      user-time: 19.999945
      system-time: 0.000000
      cpu-usage-per-instance: 99.999497
      max-rss: 1192

...
