---
system-info:
      stress-ng-version: 0.17.08
      run-by: root
      date-yyyy-mm-dd: 2024:07:09
      time-hh-mm-ss: 21:57:43
      epoch-secs: 1720562263
      hostname: m3-ultramem-64-73a807d
      sysname: Linux
      nodename: m3-ultramem-64-73a807d
      release: 6.8.0-1009-gcp
      version: '#10-Ubuntu SMP Wed Jun 12 18:52:23 UTC 2024'
      machine: x86_64
      compiler: 'musl-gcc 13.2.1'
      uptime: 148
      totalram: 2062648328192
      freeram: 2056476524544
      sharedram: 58580992
      bufferram: 133378048
      totalswap: 0
      freeswap: 0
      pagesize: 4096
      cpus: 64
      cpus-online: 64
      ticks-per-second: 100

metrics:
    - stressor: cpu
      bogo-ops: 1208081
      bogo-ops-per-second-usr-sys-time: 944.128484
      bogo-ops-per-second-real-time: 60403.799281
      wall-clock-time: 20.000083
      user-time: 1279.539680
      system-time: 0.032984
      cpu-usage-per-instance: 99.966199
      max-rss: 512

...
