---
system-info:
      stress-ng-version: 0.17.08
      run-by: root
      date-yyyy-mm-dd: 2024:07:02
      time-hh-mm-ss: 23:38:04
      epoch-secs: 1719963484
      hostname: c3d-standard-60-7f8989a
      sysname: Linux
      nodename: c3d-standard-60-7f8989a
      release: 6.8.0-1009-gcp
      version: '#10-Ubuntu SMP Wed Jun 12 18:52:23 UTC 2024'
      machine: x86_64
      compiler: 'musl-gcc 13.2.1'
      uptime: 141
      totalram: 253328830464
      freeram: 247891308544
      sharedram: 35188736
      bufferram: 130265088
      totalswap: 0
      freeswap: 0
      pagesize: 4096
      cpus: 60
      cpus-online: 60
      ticks-per-second: 100

metrics:
    - stressor: cpu
      bogo-ops: 57316
      bogo-ops-per-second-usr-sys-time: 2865.824646
      bogo-ops-per-second-real-time: 2865.793031
      wall-clock-time: 20.000049
      user-time: 19.999828
      system-time: 0.000000
      cpu-usage-per-instance: 99.998897
      max-rss: 480

...
