BaselineInfo:
  WebDBID: -1
  TimeStamp: 20260612225006
Version:
  Major: 11
  Minor: 0
  Build: 1004
  SpecialBuildName: ""
  ptArchitecture: x86_64_linux
Results:
  Results Complete: true
  NumTestProcesses: 16
  CPU_INTEGER_MATH: 76985.986333333334
  CPU_FLOATINGPOINT_MATH: 43066.009279862294
  CPU_PRIME: 124.71257335386061
  CPU_SORTING: 46307.56141291275
  CPU_ENCRYPTION: 19517.310446211584
  CPU_COMPRESSION: 314956.35317415011
  CPU_SINGLETHREAD: 2924.4624520577768
  CPU_PHYSICS: 2596.9391592321999
  CPU_MATRIX_MULT_SSE: 22157.292222024629
  CPU_mm: 2062.3405299004162
  CPU_sse: 9006.0021494115226
  CPU_fma: 28445.409278673353
  CPU_avx: 23454.962294697867
  CPU_avx512: 27722.795165315772
  m_CPU_enc_SHA: 27262264668.948608
  m_CPU_enc_AES: 18507023678.649807
  m_CPU_enc_ECDSA: 15626861607.741873
  ME_ALLOC_S: 8023.1077432675629
  ME_READ_S: 27844.016015624999
  ME_READ_L: 26542.4921875
  ME_WRITE: 25812.818359375
  ME_LARGE: 54165.916666666664
  ME_LATENCY: 72.479557424245797
  ME_THREADED: 47393.35205078125
  SUMM_CPU: 26762.176784726522
  SUMM_ME: 2720.5022435949554
SystemInformation:
  OSName: Ubuntu 24.04.4 LTS
  Kernel: 6.8.0-117-generic
  Device: ""
  Processor: "AMD EPYC 9T34 64-Core Processor                "
  NumSockets: 1
  Manufacturer: AuthenticAMD
  NumCores: 8
  NumLogicals: 16
  CPUFrequency: 0
  CPUMaxFrequency: 0
  Memory: 62874
  CPUInfo:
    number: 1
    Family: 15
    Model: 1
    stepping: 1
    features: 395049983
    manufacture: AuthenticAMD
    typestring: "AMD EPYC 9T34 64-Core Processor                "
    iCoresPerPackage: 8
    iThreadsPerPackage: 2
    featuresEx:
      - 395049983
      - 4277809667
      - 802421759
    bHybrid: false
    nPCore: 0
    nLogicalsPerPCore: 0
    nECore: 0
    nLogicalsPerECore: 0
  MemModuleInfo:
    iNumMemSticks: 4
    DIMM 1:
      manufacturer: Alibaba Cloud
      modulePartNo: Not Specified
      memType: RAM
      size: 16
      clkspeed: 0
      moduleVoltage: 0
    DIMM 2:
      manufacturer: Alibaba Cloud
      modulePartNo: Not Specified
      memType: RAM
      size: 16
      clkspeed: 0
      moduleVoltage: 0
    DIMM 3:
      manufacturer: Alibaba Cloud
      modulePartNo: Not Specified
      memType: RAM
      size: 16
      clkspeed: 0
      moduleVoltage: 0
    DIMM 4:
      manufacturer: Alibaba Cloud
      modulePartNo: Not Specified
      memType: RAM
      size: 16
      clkspeed: 0
      moduleVoltage: 0
Checksum: 96ED74BF57AEA5B2821BE42D60CCDD05903E38EB