BaselineInfo:
  WebDBID: -1
  TimeStamp: 20241107232416
Version:
  Major: 11
  Minor: 0
  Build: 1002
  SpecialBuildName: ""
  ptArchitecture: aarch64_linux
Results:
  Results Complete: true
  NumTestProcesses: 8
  CPU_INTEGER_MATH: 41722.156000000003
  CPU_FLOATINGPOINT_MATH: 48483.780296081582
  CPU_PRIME: 140.7133442493714
  CPU_SORTING: 37134.908127079012
  CPU_ENCRYPTION: 1509.6455035382064
  CPU_COMPRESSION: 53158.800433918797
  CPU_SINGLETHREAD: 1944.296282659159
  CPU_PHYSICS: 2568.7114303676208
  CPU_MATRIX_MULT_SSE: 7357.3267009582523
  CPU_mm: 902.43132919481707
  CPU_sse: 5777.8841896104786
  CPU_fma: 8936.769212306026
  CPU_avx: 0
  CPU_avx512: 0
  m_CPU_enc_SHA: 2382753385.0043802
  m_CPU_enc_AES: 858518507.85573733
  m_CPU_enc_ECDSA: 1507662237.6941166
  ME_ALLOC_S: 12133.940094533868
  ME_READ_S: 21193.807421875001
  ME_READ_L: 20094.72265625
  ME_WRITE: 21274.1875
  ME_LARGE: 53075.833333333336
  ME_LATENCY: 47.306858901449061
  ME_THREADED: 152530.20703125
  SUMM_CPU: 7698.8712196321158
  SUMM_ME: 3230.58547398463
SystemInformation:
  OSName: Ubuntu 24.04.1 LTS
  Kernel: 6.8.0-1016-aws
  Device: ""
  Processor: ARM Neoverse-V2 8 Core 0 MHz
  NumSockets: 1
  Manufacturer: ARM
  NumCores: 8
  NumLogicals: 8
  CPUFrequency: 0
  Memory: 63134
Checksum: AE86CAD0B942F45494F34CC92179B3403E726392