BaselineInfo:
  WebDBID: -1
  TimeStamp: 20251208165042
Version:
  Major: 11
  Minor: 0
  Build: 1002
  SpecialBuildName: ""
  ptArchitecture: x86_64_linux
Results:
  Results Complete: true
  NumTestProcesses: 1
  CPU_INTEGER_MATH: 3005.643
  CPU_FLOATINGPOINT_MATH: 2033.3918471567129
  CPU_PRIME: 10.067890877001473
  CPU_SORTING: 1887.0983887875188
  CPU_ENCRYPTION: 267.06543431112857
  CPU_COMPRESSION: 13591.286667793684
  CPU_SINGLETHREAD: 1155.1380032587222
  CPU_PHYSICS: 135.97703031115725
  CPU_MATRIX_MULT_SSE: 831.36440583260173
  CPU_mm: 131.85294194872438
  CPU_sse: 484.06713294095545
  CPU_fma: 1259.8385927914615
  CPU_avx: 750.18749176538836
  CPU_avx512: 0
  m_CPU_enc_SHA: 177741509.1970835
  m_CPU_enc_AES: 507060048.34074265
  m_CPU_enc_ECDSA: 155313657.00685164
  ME_ALLOC_S: 533.02960836085379
  ME_READ_S: 17067.659863281249
  ME_READ_L: 7862.20361328125
  ME_WRITE: 7691.9169921875
  ME_LARGE: 539.08333333333337
  ME_LATENCY: 61.692229699084123
  ME_THREADED: 7813.00048828125
  SUMM_CPU: 1039.7940289471844
  SUMM_ME: 762.67391416366945
SystemInformation:
  OSName: Ubuntu 24.04.2 LTS
  Kernel: 6.8.0-86-generic
  Device: ""
  Processor: Intel Core Processor (Haswell, no TSX)
  NumSockets: 1
  Manufacturer: GenuineIntel
  NumCores: 1
  NumLogicals: 1
  CPUFrequency: 0
  Memory: 1920
  MemModuleInfo:
    iNumMemSticks: 1
    DIMM 1:
      manufacturer: QEMU
      modulePartNo: Not Specified
      memType: RAM
      size: 2000
      clkspeed: 0
      moduleVoltage: 0
Checksum: 8AF0D155BAAE528C9B05F76D910EFD36778A7CCC