BaselineInfo:
  WebDBID: -1
  TimeStamp: 20241108021409
Version:
  Major: 11
  Minor: 0
  Build: 1002
  SpecialBuildName: ""
  ptArchitecture: x86_64_linux
Results:
  Results Complete: true
  NumTestProcesses: 4
  CPU_INTEGER_MATH: 11643.289999999999
  CPU_FLOATINGPOINT_MATH: 6254.0631855708907
  CPU_PRIME: 25.617736135923288
  CPU_SORTING: 6190.0349993794671
  CPU_ENCRYPTION: 1602.0435821390474
  CPU_COMPRESSION: 51700.761537405946
  CPU_SINGLETHREAD: 1869.2229825296224
  CPU_PHYSICS: 538.92631050174009
  CPU_MATRIX_MULT_SSE: 3090.1246947281797
  CPU_mm: 353.94237149720578
  CPU_sse: 1262.6003825580751
  CPU_fma: 3772.3952097333722
  CPU_avx: 2673.4090323426653
  CPU_avx512: 4652.0941542786068
  m_CPU_enc_SHA: 526919918.28695351
  m_CPU_enc_AES: 4044807463.32618
  m_CPU_enc_ECDSA: 467865971.94196856
  ME_ALLOC_S: 1366.4274630150294
  ME_READ_S: 22862.012500000001
  ME_READ_L: 9824.052734375
  ME_WRITE: 9519.8193359375
  ME_LARGE: 5806.083333333333
  ME_LATENCY: 54.886977799643262
  ME_THREADED: 24017.26806640625
  SUMM_CPU: 4108.7642791672879
  SUMM_ME: 1906.3752585617071
SystemInformation:
  OSName: Ubuntu 24.04.1 LTS
  Kernel: 6.8.0-1016-aws
  Device: ""
  Processor: Intel Xeon Platinum 8259CL CPU @ 2.50GHz
  NumSockets: 1
  Manufacturer: GenuineIntel
  NumCores: 2
  NumLogicals: 4
  CPUFrequency: 0
  Memory: 15788
  MemModuleInfo:
    iNumMemSticks: 1
    DIMM 1:
      manufacturer: Not Specified
      modulePartNo: Not Specified
      memType: DDR4
      size: 16
      clkspeed: 1466
      moduleVoltage: 0
Checksum: E83F10527FD0000C621A3BD9F64D87726D901541