---
system-info:
      stress-ng-version: 0.17.08
      run-by: root
      date-yyyy-mm-dd: 2024:07:03
      time-hh-mm-ss: 02:35:59
      epoch-secs: 1719974159
      hostname: a2-highgpu-4g-8f2415a
      sysname: Linux
      nodename: a2-highgpu-4g-8f2415a
      release: 6.8.0-1009-gcp
      version: '#10-Ubuntu SMP Wed Jun 12 18:52:23 UTC 2024'
      machine: x86_64
      compiler: 'musl-gcc 13.2.1'
      uptime: 279
      totalram: 359029469184
      freeram: 350621757440
      sharedram: 42024960
      bufferram: 123535360
      totalswap: 0
      freeswap: 0
      pagesize: 4096
      cpus: 48
      cpus-online: 48
      ticks-per-second: 100

metrics:
    - stressor: cpu
      bogo-ops: 24037
      bogo-ops-per-second-usr-sys-time: 1201.989912
      bogo-ops-per-second-real-time: 1201.846404
      wall-clock-time: 20.000060
      user-time: 19.997672
      system-time: 0.000000
      cpu-usage-per-instance: 99.988061
      max-rss: 768

...
