---
system-info:
      stress-ng-version: 0.17.08
      run-by: root
      date-yyyy-mm-dd: 2024:06:06
      time-hh-mm-ss: 20:42:06
      epoch-secs: 1717706526
      hostname: affbdc560d8a
      sysname: Linux
      nodename: affbdc560d8a
      release: 6.8.0-1008-aws
      version: '#8-Ubuntu SMP Sat Apr 20 00:46:25 UTC 2024'
      machine: x86_64
      compiler: 'musl-gcc 13.2.1'
      uptime: 139
      totalram: 200450973696
      freeram: 195816108032
      sharedram: 41222144
      bufferram: 86835200
      totalswap: 0
      freeswap: 0
      pagesize: 4096
      cpus: 48
      cpus-online: 48
      ticks-per-second: 100

metrics:
    - stressor: cpu
      bogo-ops: 14936
      bogo-ops-per-second-usr-sys-time: 1493.523681
      bogo-ops-per-second-real-time: 1493.510980
      wall-clock-time: 10.000596
      user-time: 9.999512
      system-time: 0.000999
      cpu-usage-per-instance: 99.999150
      max-rss: 3840

...
