---
system-info:
      stress-ng-version: 0.17.08
      run-by: root
      date-yyyy-mm-dd: 2024:06:14
      time-hh-mm-ss: 12:37:15
      epoch-secs: 1718368635
      hostname: 5db666094247
      sysname: Linux
      nodename: 5db666094247
      release: 6.8.0-1008-aws
      version: '#8-Ubuntu SMP Sat Apr 20 00:46:25 UTC 2024'
      machine: x86_64
      compiler: 'musl-gcc 13.2.1'
      uptime: 146
      totalram: 200450957312
      freeram: 195627442176
      sharedram: 41222144
      bufferram: 108941312
      totalswap: 0
      freeswap: 0
      pagesize: 4096
      cpus: 48
      cpus-online: 48
      ticks-per-second: 100

metrics:
    - stressor: cpu
      bogo-ops: 27660
      bogo-ops-per-second-usr-sys-time: 1383.010027
      bogo-ops-per-second-real-time: 1382.996703
      wall-clock-time: 20.000048
      user-time: 19.999855
      system-time: 0.000000
      cpu-usage-per-instance: 99.999037
      max-rss: 1152

...
