BaselineInfo:
  WebDBID: -1
  TimeStamp: 20241107232454
Version:
  Major: 11
  Minor: 0
  Build: 1002
  SpecialBuildName: ""
  ptArchitecture: x86_64_linux
Results:
  Results Complete: true
  NumTestProcesses: 8
  CPU_INTEGER_MATH: 33521.371999999996
  CPU_FLOATINGPOINT_MATH: 17130.374372780265
  CPU_PRIME: 73.835581755183043
  CPU_SORTING: 17484.548979884639
  CPU_ENCRYPTION: 7290.8155840047648
  CPU_COMPRESSION: 125936.32861574287
  CPU_SINGLETHREAD: 2393.0798205055535
  CPU_PHYSICS: 1431.5082078048595
  CPU_MATRIX_MULT_SSE: 7118.0351716956884
  CPU_mm: 722.32900297291235
  CPU_sse: 3150.504292971943
  CPU_fma: 8735.8562233386383
  CPU_avx: 6448.8246314664611
  CPU_avx512: 10136.955539005714
  m_CPU_enc_SHA: 7340603822.4586487
  m_CPU_enc_AES: 11053803645.978939
  m_CPU_enc_ECDSA: 4540515257.002553
  ME_ALLOC_S: 4008.6567637254111
  ME_READ_S: 24420.841601562501
  ME_READ_L: 12281.17578125
  ME_WRITE: 10747.56640625
  ME_LARGE: 21463.083333333332
  ME_LATENCY: 59.393957137554025
  ME_THREADED: 55050.22802734375
  SUMM_CPU: 11423.462206129581
  SUMM_ME: 2409.3656286126043
SystemInformation:
  OSName: Ubuntu 24.04.1 LTS
  Kernel: 6.8.0-1016-aws
  Device: ""
  Processor: Intel Xeon Platinum 8375C CPU @ 2.90GHz
  NumSockets: 1
  Manufacturer: GenuineIntel
  NumCores: 4
  NumLogicals: 8
  CPUFrequency: 0
  Memory: 31556
  MemModuleInfo:
    iNumMemSticks: 1
    DIMM 1:
      manufacturer: Not Specified
      modulePartNo: Not Specified
      memType: DDR4
      size: 32
      clkspeed: 1600
      moduleVoltage: 0
Checksum: 058CD52670C4439416560E306ADE3E8DC464ACD9