---
system-info:
      stress-ng-version: 0.17.08
      run-by: root
      date-yyyy-mm-dd: 2024:07:26
      time-hh-mm-ss: 08:58:01
      epoch-secs: 1721984281
      hostname: a3-megagpu-8g-6a16f74
      sysname: Linux
      nodename: a3-megagpu-8g-6a16f74
      release: 6.8.0-1010-gcp
      version: '#11-Ubuntu SMP Fri Jun 14 16:56:45 UTC 2024'
      machine: x86_64
      compiler: 'musl-gcc 13.2.1'
      uptime: 215
      totalram: 1978434301952
      freeram: 1968105721856
      sharedram: 222756864
      bufferram: 131121152
      totalswap: 0
      freeswap: 0
      pagesize: 4096
      cpus: 208
      cpus-online: 208
      ticks-per-second: 100

metrics:
    - stressor: cpu
      bogo-ops: 41014
      bogo-ops-per-second-usr-sys-time: 2050.870427
      bogo-ops-per-second-real-time: 2050.694817
      wall-clock-time: 20.000051
      user-time: 19.998338
      system-time: 0.000000
      cpu-usage-per-instance: 99.991437
      max-rss: 0

...
