BaselineInfo:
  WebDBID: -1
  TimeStamp: 20260522135425
Version:
  Major: 11
  Minor: 0
  Build: 1004
  SpecialBuildName: ""
  ptArchitecture: x86_64_linux
Results:
  Results Complete: true
  NumTestProcesses: 2
  CPU_INTEGER_MATH: 14898.356
  CPU_FLOATINGPOINT_MATH: 15613.286392562133
  CPU_PRIME: 55.741307147057938
  CPU_SORTING: 8899.8406260661359
  CPU_ENCRYPTION: 3274.1796674819097
  CPU_COMPRESSION: 68492.880971111648
  CPU_SINGLETHREAD: 3881.7061491917602
  CPU_PHYSICS: 918.61757535145875
  CPU_MATRIX_MULT_SSE: 5454.8818873286455
  CPU_mm: 724.12722418520161
  CPU_sse: 2268.3913413576538
  CPU_fma: 8047.2346438764207
  CPU_avx: 3946.1342445883133
  CPU_avx512: 7557.7673194921917
  m_CPU_enc_SHA: 4583265069.010849
  m_CPU_enc_AES: 2884390221.0780678
  m_CPU_enc_ECDSA: 2832023366.9396152
  ME_ALLOC_S: 2457.628603238195
  ME_READ_S: 34212.774218749997
  ME_READ_L: 28844.341796875
  ME_WRITE: 27956.58984375
  ME_LARGE: 1007
  ME_LATENCY: 107.7493511016893
  ME_THREADED: 55262.8203125
  SUMM_CPU: 6891.9946781993085
  SUMM_ME: 1278.6048000678027
SystemInformation:
  OSName: Ubuntu 24.04.4 LTS
  Kernel: 6.8.0-111-generic
  Device: ""
  Processor: "AMD EPYC 9575F 64-Core Processor               "
  NumSockets: 1
  Manufacturer: AuthenticAMD
  NumCores: 2
  NumLogicals: 2
  CPUFrequency: 0
  CPUMaxFrequency: 0
  Memory: 3819
  CPUInfo:
    number: 1
    Family: 15
    Model: 2
    stepping: 1
    features: 395049983
    manufacture: AuthenticAMD
    typestring: "AMD EPYC 9575F 64-Core Processor               "
    iCoresPerPackage: 255
    iThreadsPerPackage: 1
    featuresEx:
      - 395049983
      - 4294586883
      - 802421759
    bHybrid: false
    nPCore: 0
    nLogicalsPerPCore: 0
    nECore: 0
    nLogicalsPerECore: 0
  MemModuleInfo:
    iNumMemSticks: 1
    DIMM 1:
      manufacturer: QEMU
      modulePartNo: Not Specified
      memType: RAM
      size: 4
      clkspeed: 0
      moduleVoltage: 0
Checksum: 11972256443DB82964D8F010C340306E4BA323EF