BaselineInfo:
  WebDBID: -1
  TimeStamp: 20241202192255
Version:
  Major: 11
  Minor: 0
  Build: 1002
  SpecialBuildName: ""
  ptArchitecture: aarch64_linux
Results:
  Results Complete: true
  NumTestProcesses: 96
  CPU_INTEGER_MATH: 501334.36066666682
  CPU_FLOATINGPOINT_MATH: 582648.26597938046
  CPU_PRIME: 838.89268968948136
  CPU_SORTING: 434493.13371826982
  CPU_ENCRYPTION: 18097.12630933286
  CPU_COMPRESSION: 639187.7297548179
  CPU_SINGLETHREAD: 1948.3499386268404
  CPU_PHYSICS: 19161.354516896259
  CPU_MATRIX_MULT_SSE: 80827.474770049594
  CPU_mm: 10913.907057756009
  CPU_sse: 63781.695414507718
  CPU_fma: 97873.254125591411
  CPU_avx: 0
  CPU_avx512: 0
  m_CPU_enc_SHA: 28204441685.976112
  m_CPU_enc_AES: 10334776847.646572
  m_CPU_enc_ECDSA: 18389418417.182365
  ME_ALLOC_S: 47559.851293719548
  ME_READ_S: 20877.116601562499
  ME_READ_L: 20224.96875
  ME_WRITE: 21337.21484375
  ME_LARGE: 756772
  ME_LATENCY: 46.359753297259282
  ME_THREADED: 506164.3916015625
  SUMM_CPU: 56859.256317747706
  SUMM_ME: 3408.4942126311576
SystemInformation:
  OSName: Ubuntu 24.04.1 LTS
  Kernel: 6.8.0-1018-aws
  Device: ""
  Processor: ARM Neoverse-V2 96 Core 0 MHz
  NumSockets: 1
  Manufacturer: ARM
  NumCores: 96
  NumLogicals: 96
  CPUFrequency: 0
  Memory: 772074
Checksum: 846BF1F78DAF9BD5D4A61F5DD979A7323099D33F