---
system-info:
      stress-ng-version: 0.17.08
      run-by: root
      date-yyyy-mm-dd: 2024:06:19
      time-hh-mm-ss: 17:12:06
      epoch-secs: 1718817126
      hostname: 40987d817420
      sysname: Linux
      nodename: 40987d817420
      release: 6.8.0-1008-gcp
      version: '#9-Ubuntu SMP Wed May 22 18:40:57 UTC 2024'
      machine: aarch64
      compiler: 'musl-gcc 13.2.1'
      uptime: 148
      totalram: 8304586752
      freeram: 3489263616
      sharedram: 3502080
      bufferram: 129572864
      totalswap: 0
      freeswap: 0
      pagesize: 4096
      cpus: 2
      cpus-online: 2
      ticks-per-second: 100

metrics:
    - stressor: cpu
      bogo-ops: 71878
      bogo-ops-per-second-usr-sys-time: 1812.833000
      bogo-ops-per-second-real-time: 3593.882242
      wall-clock-time: 20.000099
      user-time: 39.644552
      system-time: 0.004991
      cpu-usage-per-instance: 99.123368
      max-rss: 1192

...
