---
system-info:
      stress-ng-version: 0.17.08
      run-by: root
      date-yyyy-mm-dd: 2024:09:19
      time-hh-mm-ss: 08:18:44
      epoch-secs: 1726733924
      hostname: sc-runner
      sysname: Linux
      nodename: sc-runner
      release: 6.8.0-1014-azure
      version: '#16-Ubuntu SMP Thu Aug 15 21:06:50 UTC 2024'
      machine: aarch64
      compiler: 'musl-gcc 13.2.1'
      uptime: 359
      totalram: 219088855040
      freeram: 208198057984
      sharedram: 38244352
      bufferram: 289968128
      totalswap: 0
      freeswap: 0
      pagesize: 4096
      cpus: 32
      cpus-online: 32
      ticks-per-second: 100

metrics:
    - stressor: cpu
      bogo-ops: 36454
      bogo-ops-per-second-usr-sys-time: 1822.703554
      bogo-ops-per-second-real-time: 1822.695741
      wall-clock-time: 20.000047
      user-time: 19.999961
      system-time: 0.000000
      cpu-usage-per-instance: 99.999571
      max-rss: 1024

...
