BaselineInfo:
  WebDBID: -1
  TimeStamp: 20241109101909
Version:
  Major: 11
  Minor: 0
  Build: 1002
  SpecialBuildName: ""
  ptArchitecture: aarch64_linux
Results:
  Results Complete: true
  NumTestProcesses: 64
  CPU_INTEGER_MATH: 252633.40700000006
  CPU_FLOATINGPOINT_MATH: 191569.03430219635
  CPU_PRIME: 243.12408127876063
  CPU_SORTING: 174887.05887769166
  CPU_ENCRYPTION: 8752.7199888231153
  CPU_COMPRESSION: 304978.60465362325
  CPU_SINGLETHREAD: 1111.1670100769675
  CPU_PHYSICS: 3962.1710831147548
  CPU_MATRIX_MULT_SSE: 39757.128527616915
  CPU_mm: 6678.6946382123415
  CPU_sse: 33161.662143755064
  CPU_fma: 46352.59491147878
  CPU_avx: 0
  CPU_avx512: 0
  m_CPU_enc_SHA: 13138408100.050611
  m_CPU_enc_AES: 6059389062.5129805
  m_CPU_enc_ECDSA: 8335879182.4369802
  ME_ALLOC_S: 20469.316165942677
  ME_READ_S: 9484.4560546875
  ME_READ_L: 9197.240234375
  ME_WRITE: 12551.34765625
  ME_LARGE: 113714.16666666667
  ME_LATENCY: 70.915297322054954
  ME_THREADED: 169686.0322265625
  SUMM_CPU: 28071.062524132845
  SUMM_ME: 1832.1117985098376
SystemInformation:
  OSName: Ubuntu 24.04.1 LTS
  Kernel: 6.8.0-1016-aws
  Device: ""
  Processor: ARM Neoverse-N1 64 Core 0 MHz
  NumSockets: 1
  Manufacturer: ARM
  NumCores: 64
  NumLogicals: 64
  CPUFrequency: 0
  Memory: 126497
Checksum: 568083B62E853F5D0875948DE92CAF5E9A82CEC0