BaselineInfo:
  WebDBID: -1
  TimeStamp: 20250923073543
Version:
  Major: 11
  Minor: 0
  Build: 1002
  SpecialBuildName: ""
  ptArchitecture: aarch64_linux
Results:
  Results Complete: true
  NumTestProcesses: 64
  CPU_INTEGER_MATH: 333762.17233333341
  CPU_FLOATINGPOINT_MATH: 387811.77837908309
  CPU_PRIME: 711.58728799665721
  CPU_SORTING: 293471.56818358408
  CPU_ENCRYPTION: 12059.063828780454
  CPU_COMPRESSION: 424989.24223720608
  CPU_SINGLETHREAD: 1944.0138561047597
  CPU_PHYSICS: 16931.37539917008
  CPU_MATRIX_MULT_SSE: 56369.390036433717
  CPU_mm: 7242.4555236118094
  CPU_sse: 44403.756989080786
  CPU_fma: 68335.023083786655
  CPU_avx: 0
  CPU_avx512: 0
  m_CPU_enc_SHA: 18800473937.458694
  m_CPU_enc_AES: 6877007508.0287523
  m_CPU_enc_ECDSA: 12257053294.494436
  ME_ALLOC_S: 47948.787230721849
  ME_READ_S: 20524.096874999999
  ME_READ_L: 20330.0546875
  ME_WRITE: 21292.0234375
  ME_LARGE: 494419.91666666669
  ME_LATENCY: 45.404335881104394
  ME_THREADED: 523510.712890625
  SUMM_CPU: 44142.051162980104
  SUMM_ME: 3423.9539655494823
SystemInformation:
  OSName: Ubuntu 24.04.2 LTS
  Kernel: 6.14.0-1012-aws
  Device: ""
  Processor: ARM Neoverse-V2 64 Core 0 MHz
  NumSockets: 1
  Manufacturer: ARM
  NumCores: 64
  NumLogicals: 64
  CPUFrequency: 0
  Memory: 506664
Checksum: BD516AE641C2CA120F022330ED9ED2A04504D467