---
system-info:
      stress-ng-version: 0.17.08
      run-by: root
      date-yyyy-mm-dd: 2024:06:08
      time-hh-mm-ss: 03:40:16
      epoch-secs: 1717818016
      hostname: bc83ea617693
      sysname: Linux
      nodename: bc83ea617693
      release: 6.8.0-1008-aws
      version: '#8-Ubuntu SMP Sat Apr 20 00:46:25 UTC 2024'
      machine: x86_64
      compiler: 'musl-gcc 13.2.1'
      uptime: 147
      totalram: 16555905024
      freeram: 12301594624
      sharedram: 40726528
      bufferram: 96305152
      totalswap: 0
      freeswap: 0
      pagesize: 4096
      cpus: 2
      cpus-online: 2
      ticks-per-second: 100

metrics:
    - stressor: cpu
      bogo-ops: 14200
      bogo-ops-per-second-usr-sys-time: 1420.187039
      bogo-ops-per-second-real-time: 1419.995362
      wall-clock-time: 10.000033
      user-time: 9.996711
      system-time: 0.001972
      cpu-usage-per-instance: 99.986503
      max-rss: 3792

...
