---
system-info:
      stress-ng-version: 0.17.08
      run-by: root
      date-yyyy-mm-dd: 2024:06:13
      time-hh-mm-ss: 16:47:49
      epoch-secs: 1718297269
      hostname: ede49be50b0c
      sysname: Linux
      nodename: ede49be50b0c
      release: 6.8.0-1008-aws
      version: '#8-Ubuntu SMP Sat Apr 20 00:46:25 UTC 2024'
      machine: x86_64
      compiler: 'musl-gcc 13.2.1'
      uptime: 177
      totalram: 16555905024
      freeram: 12241813504
      sharedram: 40726528
      bufferram: 107593728
      totalswap: 0
      freeswap: 0
      pagesize: 4096
      cpus: 2
      cpus-online: 2
      ticks-per-second: 100

metrics:
    - stressor: cpu
      bogo-ops: 25512
      bogo-ops-per-second-usr-sys-time: 1275.670289
      bogo-ops-per-second-real-time: 1275.590086
      wall-clock-time: 20.000155
      user-time: 19.997898
      system-time: 0.001000
      cpu-usage-per-instance: 99.993713
      max-rss: 1104

...
