BaselineInfo:
  WebDBID: -1
  TimeStamp: 20241111141116
Version:
  Major: 11
  Minor: 0
  Build: 1002
  SpecialBuildName: ""
  ptArchitecture: x86_64_linux
Results:
  Results Complete: true
  NumTestProcesses: 16
  CPU_INTEGER_MATH: 36541.664666666664
  CPU_FLOATINGPOINT_MATH: 19643.675470461112
  CPU_PRIME: 68.425113426380761
  CPU_SORTING: 19134.666292663922
  CPU_ENCRYPTION: 5039.386762350553
  CPU_COMPRESSION: 160124.71290879862
  CPU_SINGLETHREAD: 1487.6188463823898
  CPU_PHYSICS: 1213.854992758851
  CPU_MATRIX_MULT_SSE: 11787.195661833359
  CPU_mm: 1112.8393795849802
  CPU_sse: 4024.4465390916594
  CPU_fma: 13610.785110526507
  CPU_avx: 9616.0234383650604
  CPU_avx512: 19897.527559350197
  m_CPU_enc_SHA: 1654758204.4663506
  m_CPU_enc_AES: 12717282800.50565
  m_CPU_enc_ECDSA: 1480499036.1834781
  ME_ALLOC_S: 4143.7287243256087
  ME_READ_S: 18254.753515625001
  ME_READ_L: 5886.92431640625
  ME_WRITE: 6251.10400390625
  ME_LARGE: 870167
  ME_LATENCY: 73.633496834646294
  ME_THREADED: 60182.90283203125
  SUMM_CPU: 11843.866893935843
  SUMM_ME: 1744.9164429059417
SystemInformation:
  OSName: Ubuntu 24.04.1 LTS
  Kernel: 6.8.0-1017-azure
  Device: ""
  Processor: Intel Xeon Platinum 8280M CPU @ 2.70GHz
  NumSockets: 1
  Manufacturer: GenuineIntel
  NumCores: 8
  NumLogicals: 16
  CPUFrequency: 0
  Memory: 881496
  MemModuleInfo:
    iNumMemSticks: 3
    DIMM 1:
      manufacturer: Microsoft Corporation
      modulePartNo: None
      memType: Unknown
      size: 1
      clkspeed: 0
      moduleVoltage: 0
    DIMM 2:
      manufacturer: Microsoft Corporation
      modulePartNo: None
      memType: Unknown
      size: 60928
      clkspeed: 0
      moduleVoltage: 0
    DIMM 3:
      manufacturer: Microsoft Corporation
      modulePartNo: None
      memType: Unknown
      size: 834048
      clkspeed: 0
      moduleVoltage: 0
Checksum: 3238F6FD4AD523590A9C7D1A06C7993576115589