---
system-info:
      stress-ng-version: 0.17.08
      run-by: root
      date-yyyy-mm-dd: 2024:06:06
      time-hh-mm-ss: 13:26:51
      epoch-secs: 1717680411
      hostname: f2a82918a17c
      sysname: Linux
      nodename: f2a82918a17c
      release: 6.8.0-1008-aws
      version: '#8-Ubuntu SMP Sat Apr 20 00:46:25 UTC 2024'
      machine: x86_64
      compiler: 'musl-gcc 13.2.1'
      uptime: 101
      totalram: 99083091968
      freeram: 94629167104
      sharedram: 37388288
      bufferram: 83591168
      totalswap: 0
      freeswap: 0
      pagesize: 4096
      cpus: 48
      cpus-online: 48
      ticks-per-second: 100

metrics:
    - stressor: cpu
      bogo-ops: 857633
      bogo-ops-per-second-usr-sys-time: 1787.482853
      bogo-ops-per-second-real-time: 85748.122926
      wall-clock-time: 10.001770
      user-time: 479.750317
      system-time: 0.048971
      cpu-usage-per-instance: 99.940496
      max-rss: 3840

...
