---
system-info:
      stress-ng-version: 0.17.08
      run-by: root
      date-yyyy-mm-dd: 2024:08:30
      time-hh-mm-ss: 15:13:41
      epoch-secs: 1725030821
      hostname: sc-runner
      sysname: Linux
      nodename: sc-runner
      release: 6.8.0-1013-azure
      version: '#15-Ubuntu SMP Thu Aug  8 18:40:40 UTC 2024'
      machine: x86_64
      compiler: 'musl-gcc 13.2.1'
      uptime: 363
      totalram: 7266680832
      freeram: 213200896
      sharedram: 42033152
      bufferram: 190046208
      totalswap: 0
      freeswap: 0
      pagesize: 4096
      cpus: 2
      cpus-online: 2
      ticks-per-second: 100

metrics:
    - stressor: cpu
      bogo-ops: 49315
      bogo-ops-per-second-usr-sys-time: 1244.725534
      bogo-ops-per-second-real-time: 2465.735670
      wall-clock-time: 20.000116
      user-time: 39.615185
      system-time: 0.003991
      cpu-usage-per-instance: 99.047364
      max-rss: 3248

...
