---
system-info:
      stress-ng-version: 0.17.08
      run-by: root
      date-yyyy-mm-dd: 2024:07:02
      time-hh-mm-ss: 13:30:04
      epoch-secs: 1719927004
      hostname: c3d-standard-30-5ff2876
      sysname: Linux
      nodename: c3d-standard-30-5ff2876
      release: 6.8.0-1009-gcp
      version: '#10-Ubuntu SMP Wed Jun 12 18:52:23 UTC 2024'
      machine: x86_64
      compiler: 'musl-gcc 13.2.1'
      uptime: 135
      totalram: 126606843904
      freeram: 121385398272
      sharedram: 35057664
      bufferram: 128012288
      totalswap: 0
      freeswap: 0
      pagesize: 4096
      cpus: 30
      cpus-online: 30
      ticks-per-second: 100

metrics:
    - stressor: cpu
      bogo-ops: 57260
      bogo-ops-per-second-usr-sys-time: 2863.048386
      bogo-ops-per-second-real-time: 2862.994812
      wall-clock-time: 20.000036
      user-time: 19.999662
      system-time: 0.000000
      cpu-usage-per-instance: 99.998129
      max-rss: 972

...
