BaselineInfo:
  WebDBID: -1
  TimeStamp: 20260620000447
Version:
  Major: 11
  Minor: 0
  Build: 1004
  SpecialBuildName: ""
  ptArchitecture: x86_64_linux
Results:
  Results Complete: true
  NumTestProcesses: 32
  CPU_INTEGER_MATH: 179802.93233333336
  CPU_FLOATINGPOINT_MATH: 108401.26066047025
  CPU_PRIME: 278.83046930396023
  CPU_SORTING: 81690.101826553146
  CPU_ENCRYPTION: 35423.042797475842
  CPU_COMPRESSION: 643827.93380333739
  CPU_SINGLETHREAD: 3233.7571636305797
  CPU_PHYSICS: 6064.2950205887546
  CPU_MATRIX_MULT_SSE: 50042.740084543075
  CPU_mm: 4843.2685322051493
  CPU_sse: 18113.596939487248
  CPU_fma: 53622.498948652697
  CPU_avx: 52170.001114814731
  CPU_avx512: 76264.863335217669
  m_CPU_enc_SHA: 44680871063.301033
  m_CPU_enc_AES: 36435035418.57663
  m_CPU_enc_ECDSA: 30315351091.340393
  ME_ALLOC_S: 17924.396298919022
  ME_READ_S: 28625.485156250001
  ME_READ_L: 26937.376953125
  ME_WRITE: 28080.92578125
  ME_LARGE: 55388.416666666664
  ME_LATENCY: 83.743410153490018
  ME_THREADED: 148005.35571289062
  SUMM_CPU: 51232.853794956922
  SUMM_ME: 2655.0918069554468
SystemInformation:
  OSName: Ubuntu 24.04.4 LTS
  Kernel: 6.17.0-1018-azure
  Device: ""
  Processor: "AMD EPYC 9V45 96-Core Processor                "
  NumSockets: 1
  Manufacturer: AuthenticAMD
  NumCores: 16
  NumLogicals: 32
  CPUFrequency: 0
  CPUMaxFrequency: 0
  Memory: 64292
  CPUInfo:
    number: 1
    Family: 15
    Model: 2
    stepping: 1
    features: 395049983
    manufacture: AuthenticAMD
    typestring: "AMD EPYC 9V45 96-Core Processor                "
    iCoresPerPackage: 16
    iThreadsPerPackage: 2
    featuresEx:
      - 395049983
      - 4277809667
      - 802421759
    bHybrid: false
    nPCore: 0
    nLogicalsPerPCore: 0
    nECore: 0
    nLogicalsPerECore: 0
  MemModuleInfo:
    iNumMemSticks: 3
    DIMM 1:
      manufacturer: Microsoft Corporation
      modulePartNo: None
      memType: Unknown
      size: 1
      clkspeed: 0
      moduleVoltage: 0
    DIMM 2:
      manufacturer: Microsoft Corporation
      modulePartNo: None
      memType: Unknown
      size: 59
      clkspeed: 0
      moduleVoltage: 0
    DIMM 3:
      manufacturer: Microsoft Corporation
      modulePartNo: None
      memType: Unknown
      size: 4
      clkspeed: 0
      moduleVoltage: 0
Checksum: FAAF2A6208D6FB905EDE6125DE77A0177919647E