---
system-info:
      stress-ng-version: 0.17.08
      run-by: root
      date-yyyy-mm-dd: 2024:07:09
      time-hh-mm-ss: 17:17:34
      epoch-secs: 1720545454
      hostname: ip-172-31-13-154
      sysname: Linux
      nodename: ip-172-31-13-154
      release: 6.8.0-1009-aws
      version: '#9-Ubuntu SMP Fri May 17 20:15:49 UTC 2024'
      machine: aarch64
      compiler: 'musl-gcc 13.2.1'
      uptime: 187
      totalram: 33024110592
      freeram: 27922124800
      sharedram: 39243776
      bufferram: 134520832
      totalswap: 0
      freeswap: 0
      pagesize: 4096
      cpus: 4
      cpus-online: 4
      ticks-per-second: 100

metrics:
    - stressor: cpu
      bogo-ops: 34132
      bogo-ops-per-second-usr-sys-time: 1706.547097
      bogo-ops-per-second-real-time: 1706.595484
      wall-clock-time: 20.000053
      user-time: 20.000620
      system-time: 0.000000
      cpu-usage-per-instance: 100.002835
      max-rss: 1320

...
