BaselineInfo:
  WebDBID: -1
  TimeStamp: 20241107085948
Version:
  Major: 11
  Minor: 0
  Build: 1002
  SpecialBuildName: ""
  ptArchitecture: x86_64_linux
Results:
  Results Complete: true
  NumTestProcesses: 2
  CPU_INTEGER_MATH: 4724.7186666666666
  CPU_FLOATINGPOINT_MATH: 2719.911392431954
  CPU_PRIME: 12.837148602981966
  CPU_SORTING: 3121.375566984344
  CPU_ENCRYPTION: 463.28894159212342
  CPU_COMPRESSION: 20970.659018291059
  CPU_SINGLETHREAD: 1571.9188866992688
  CPU_PHYSICS: 228.46530559973033
  CPU_MATRIX_MULT_SSE: 998.00289379715923
  CPU_mm: 144.5070577079735
  CPU_sse: 581.68582948208382
  CPU_fma: 1491.4237830307848
  CPU_avx: 920.899068878609
  CPU_avx512: 0
  m_CPU_enc_SHA: 209896403.14517933
  m_CPU_enc_AES: 1061124408.9149947
  m_CPU_enc_ECDSA: 186360183.59653294
  ME_ALLOC_S: 599.50929695832269
  ME_READ_S: 19401.890429687501
  ME_READ_L: 9542.1767578125
  ME_WRITE: 6958.8681640625
  ME_LARGE: 5431
  ME_LATENCY: 54.737160729496487
  ME_THREADED: 11748.40283203125
  SUMM_CPU: 1583.621845958935
  SUMM_ME: 1499.0523418051175
SystemInformation:
  OSName: Ubuntu 24.04.1 LTS
  Kernel: 6.8.0-1016-aws
  Device: ""
  Processor: Intel Xeon CPU E5-2686 v4 @ 2.30GHz
  NumSockets: 1
  Manufacturer: GenuineIntel
  NumCores: 1
  NumLogicals: 2
  CPUFrequency: 3000
  Memory: 15234
  MemModuleInfo:
    iNumMemSticks: 1
    DIMM 1:
      manufacturer: Not Specified
      modulePartNo: Not Specified
      memType: RAM
      size: 15616
      clkspeed: 0
      moduleVoltage: 0
Checksum: 19A7956070F18160CB250C0AF4DC455C7849E233