---
system-info:
      stress-ng-version: 0.17.08
      run-by: root
      date-yyyy-mm-dd: 2024:09:16
      time-hh-mm-ss: 13:13:38
      epoch-secs: 1726492418
      hostname: sc-runner
      sysname: Linux
      nodename: sc-runner
      release: 6.8.0-1014-azure
      version: '#16-Ubuntu SMP Thu Aug 15 20:04:41 UTC 2024'
      machine: x86_64
      compiler: 'musl-gcc 13.2.1'
      uptime: 261
      totalram: 67422384128
      freeram: 57011986432
      sharedram: 54898688
      bufferram: 227225600
      totalswap: 0
      freeswap: 0
      pagesize: 4096
      cpus: 8
      cpus-online: 8
      ticks-per-second: 100

metrics:
    - stressor: cpu
      bogo-ops: 37958
      bogo-ops-per-second-usr-sys-time: 1898.012837
      bogo-ops-per-second-real-time: 1897.891131
      wall-clock-time: 20.000093
      user-time: 19.998811
      system-time: 0.000000
      cpu-usage-per-instance: 99.993588
      max-rss: 3152

...
