---
system-info:
      stress-ng-version: 0.17.08
      run-by: root
      date-yyyy-mm-dd: 2024:09:16
      time-hh-mm-ss: 14:35:09
      epoch-secs: 1726497309
      hostname: sc-runner
      sysname: Linux
      nodename: sc-runner
      release: 6.8.0-1014-azure
      version: '#16-Ubuntu SMP Thu Aug 15 20:04:41 UTC 2024'
      machine: x86_64
      compiler: 'musl-gcc 13.2.1'
      uptime: 346
      totalram: 67425529856
      freeram: 57379508224
      sharedram: 42016768
      bufferram: 227405824
      totalswap: 0
      freeswap: 0
      pagesize: 4096
      cpus: 2
      cpus-online: 2
      ticks-per-second: 100

metrics:
    - stressor: cpu
      bogo-ops: 36737
      bogo-ops-per-second-usr-sys-time: 930.557539
      bogo-ops-per-second-real-time: 1836.839610
      wall-clock-time: 20.000113
      user-time: 39.465508
      system-time: 0.012975
      cpu-usage-per-instance: 98.695649
      max-rss: 3128

...
