BaselineInfo:
  WebDBID: -1
  TimeStamp: 20250421173215
Version:
  Major: 11
  Minor: 0
  Build: 1002
  SpecialBuildName: ""
  ptArchitecture: aarch64_linux
Results:
  Results Complete: true
  NumTestProcesses: 2
  CPU_INTEGER_MATH: 10409.594000000001
  CPU_FLOATINGPOINT_MATH: 12070.095585093874
  CPU_PRIME: 34.679751623581993
  CPU_SORTING: 9055.6221385537046
  CPU_ENCRYPTION: 373.04399423041878
  CPU_COMPRESSION: 13064.423784027009
  CPU_SINGLETHREAD: 1941.1710758389077
  CPU_PHYSICS: 683.8260221103817
  CPU_MATRIX_MULT_SSE: 1832.7717097264458
  CPU_mm: 224.92832126956552
  CPU_sse: 1435.5753044103672
  CPU_fma: 2229.9681150425249
  CPU_avx: 0
  CPU_avx512: 0
  m_CPU_enc_SHA: 589945083.7051332
  m_CPU_enc_AES: 214149000.79815185
  m_CPU_enc_ECDSA: 369400853.37918162
  ME_ALLOC_S: 3027.2573991868639
  ME_READ_S: 19967.644726562499
  ME_READ_L: 19797.25
  ME_WRITE: 21262.830078125
  ME_LARGE: 943.16666666666663
  ME_LATENCY: 46.665579277436528
  ME_THREADED: 38376.76171875
  SUMM_CPU: 1984.8013813085008
  SUMM_ME: 1458.8166834021451
SystemInformation:
  OSName: Ubuntu 24.04.2 LTS
  Kernel: 6.8.0-1027-aws
  Device: ""
  Processor: ARM Neoverse-V2 2 Core 0 MHz
  NumSockets: 1
  Manufacturer: ARM
  NumCores: 2
  NumLogicals: 2
  CPUFrequency: 0
  Memory: 3807
Checksum: B487B5CFDCC2CE360B1DCDC56D6B9FB5389E4098