---
system-info:
      stress-ng-version: 0.17.08
      run-by: root
      date-yyyy-mm-dd: 2024:06:08
      time-hh-mm-ss: 18:41:26
      epoch-secs: 1717872086
      hostname: 9084757407c7
      sysname: Linux
      nodename: 9084757407c7
      release: 6.8.0-1008-aws
      version: '#8-Ubuntu SMP Sat Apr 20 00:46:25 UTC 2024'
      machine: x86_64
      compiler: 'musl-gcc 13.2.1'
      uptime: 105
      totalram: 33089794048
      freeram: 28604248064
      sharedram: 59908096
      bufferram: 104452096
      totalswap: 0
      freeswap: 0
      pagesize: 4096
      cpus: 8
      cpus-online: 8
      ticks-per-second: 100

metrics:
    - stressor: cpu
      bogo-ops: 94632
      bogo-ops-per-second-usr-sys-time: 1186.542284
      bogo-ops-per-second-real-time: 9462.558943
      wall-clock-time: 10.000677
      user-time: 79.731442
      system-time: 0.022985
      cpu-usage-per-instance: 99.686280
      max-rss: 3920

...
