---
system-info:
      stress-ng-version: 0.17.08
      run-by: root
      date-yyyy-mm-dd: 2024:06:15
      time-hh-mm-ss: 02:59:38
      epoch-secs: 1718420378
      hostname: 93d7fb536c4b
      sysname: Linux
      nodename: 93d7fb536c4b
      release: 6.8.0-1008-aws
      version: '#8-Ubuntu SMP Sat Apr 20 00:46:25 UTC 2024'
      machine: x86_64
      compiler: 'musl-gcc 13.2.1'
      uptime: 116
      totalram: 33089789952
      freeram: 28679036928
      sharedram: 59908096
      bufferram: 108212224
      totalswap: 0
      freeswap: 0
      pagesize: 4096
      cpus: 8
      cpus-online: 8
      ticks-per-second: 100

metrics:
    - stressor: cpu
      bogo-ops: 154265
      bogo-ops-per-second-usr-sys-time: 965.945513
      bogo-ops-per-second-real-time: 7713.214289
      wall-clock-time: 20.000093
      user-time: 159.693631
      system-time: 0.009994
      cpu-usage-per-instance: 99.814304
      max-rss: 1104

...
