---
system-info:
      stress-ng-version: 0.17.08
      run-by: root
      date-yyyy-mm-dd: 2024:06:12
      time-hh-mm-ss: 22:40:58
      epoch-secs: 1718232058
      hostname: 69a5295be8fd
      sysname: Linux
      nodename: 69a5295be8fd
      release: 6.8.0-1008-aws
      version: '#8-Ubuntu SMP Sat Apr 20 02:43:14 UTC 2024'
      machine: aarch64
      compiler: 'musl-gcc 13.2.1'
      uptime: 149
      totalram: 16434507776
      freeram: 12115726336
      sharedram: 34983936
      bufferram: 111599616
      totalswap: 0
      freeswap: 0
      pagesize: 4096
      cpus: 8
      cpus-online: 8
      ticks-per-second: 100

metrics:
    - stressor: cpu
      bogo-ops: 30393
      bogo-ops-per-second-usr-sys-time: 1519.665501
      bogo-ops-per-second-real-time: 1519.645163
      wall-clock-time: 20.000064
      user-time: 19.999796
      system-time: 0.000000
      cpu-usage-per-instance: 99.998662
      max-rss: 1192

...
