BaselineInfo:
  WebDBID: -1
  TimeStamp: 20250101223317
Version:
  Major: 11
  Minor: 0
  Build: 1002
  SpecialBuildName: ""
  ptArchitecture: x86_64_linux
Results:
  Results Complete: true
  NumTestProcesses: 448
  CPU_INTEGER_MATH: 1343307.7643333327
  CPU_FLOATINGPOINT_MATH: 717516.2077854349
  CPU_PRIME: 943.83630584874004
  CPU_SORTING: 525900.93078743236
  CPU_ENCRYPTION: 160136.8245583309
  CPU_COMPRESSION: 5608772.2211981732
  CPU_SINGLETHREAD: 2189.9163658993498
  CPU_PHYSICS: 18019.292786044356
  CPU_MATRIX_MULT_SSE: 357784.60870300181
  CPU_mm: 37340.218209430081
  CPU_sse: 135843.06880166216
  CPU_fma: 437636.81750527822
  CPU_avx: 309588.64133130264
  CPU_avx512: 548069.90717376245
  m_CPU_enc_SHA: 57576694975.441589
  m_CPU_enc_AES: 394965273409.90137
  m_CPU_enc_ECDSA: 51204924458.886024
  ME_ALLOC_S: 14407.201784731034
  ME_READ_S: 22754.067968750001
  ME_READ_L: 2248.384033203125
  ME_WRITE: 2933.921142578125
  ME_LARGE: 24706025.416666668
  ME_LATENCY: 110.27015019148018
  ME_THREADED: 354023.0319519043
  SUMM_CPU: 113703.31511167623
  SUMM_ME: 1046.1189057712686
SystemInformation:
  OSName: Ubuntu 24.04.1 LTS
  Kernel: 6.8.0-1021-aws
  Device: ""
  Processor: Intel Xeon Platinum 8280L CPU @ 2.70GHz
  NumSockets: 8
  Manufacturer: GenuineIntel
  NumCores: 224
  NumLogicals: 448
  CPUFrequency: 0
  Memory: 24744033
  MemModuleInfo:
    iNumMemSticks: 8
    DIMM 1:
      manufacturer: Not Specified
      modulePartNo: Not Specified
      memType: DDR4
      size: 3
      clkspeed: 1466
      moduleVoltage: 0
    DIMM 2:
      manufacturer: Not Specified
      modulePartNo: Not Specified
      memType: DDR4
      size: 3
      clkspeed: 1466
      moduleVoltage: 0
    DIMM 3:
      manufacturer: Not Specified
      modulePartNo: Not Specified
      memType: DDR4
      size: 3
      clkspeed: 1466
      moduleVoltage: 0
    DIMM 4:
      manufacturer: Not Specified
      modulePartNo: Not Specified
      memType: DDR4
      size: 3
      clkspeed: 1466
      moduleVoltage: 0
    DIMM 5:
      manufacturer: Not Specified
      modulePartNo: Not Specified
      memType: DDR4
      size: 3
      clkspeed: 1466
      moduleVoltage: 0
    DIMM 6:
      manufacturer: Not Specified
      modulePartNo: Not Specified
      memType: DDR4
      size: 3
      clkspeed: 1466
      moduleVoltage: 0
    DIMM 7:
      manufacturer: Not Specified
      modulePartNo: Not Specified
      memType: DDR4
      size: 3
      clkspeed: 1466
      moduleVoltage: 0
    DIMM 8:
      manufacturer: Not Specified
      modulePartNo: Not Specified
      memType: DDR4
      size: 3
      clkspeed: 1466
      moduleVoltage: 0
Checksum: B635973316A84F6B0C802B0A52D69B7FCA8EFE0E