BaselineInfo:
  WebDBID: -1
  TimeStamp: 20260404221759
Version:
  Major: 11
  Minor: 0
  Build: 1004
  SpecialBuildName: ""
  ptArchitecture: x86_64_linux
Results:
  Results Complete: true
  NumTestProcesses: 16
  CPU_INTEGER_MATH: 39440.358
  CPU_FLOATINGPOINT_MATH: 21126.708488893284
  CPU_PRIME: 64.723385042690893
  CPU_SORTING: 23832.273599887034
  CPU_ENCRYPTION: 5458.7251789857319
  CPU_COMPRESSION: 181514.48222803063
  CPU_SINGLETHREAD: 1685.7725178068665
  CPU_PHYSICS: 1251.5083514650153
  CPU_MATRIX_MULT_SSE: 11969.324948690959
  CPU_mm: 1196.1012586662532
  CPU_sse: 4321.2007512132004
  CPU_fma: 14650.870031261929
  CPU_avx: 10340.322017381324
  CPU_avx512: 18564.906994907389
  m_CPU_enc_SHA: 1782366246.5899036
  m_CPU_enc_AES: 13774601429.907417
  m_CPU_enc_ECDSA: 1614696963.3431125
  ME_ALLOC_S: 4364.8670262926144
  ME_READ_S: 19350.950390624999
  ME_READ_L: 6282.02978515625
  ME_WRITE: 6895.82763671875
  ME_LARGE: 115001.66666666667
  ME_LATENCY: 77.989967892240116
  ME_THREADED: 68488.447265625
  SUMM_CPU: 12957.147875349488
  SUMM_ME: 1775.5008270340452
SystemInformation:
  OSName: Ubuntu 24.04.4 LTS
  Kernel: 6.8.0-106-generic
  Device: ""
  Processor: Intel(R) Xeon(R) Platinum 8163 CPU @ 2.50GHz
  NumSockets: 1
  Manufacturer: GenuineIntel
  NumCores: 8
  NumLogicals: 16
  CPUFrequency: 2500
  CPUMaxFrequency: 3100
  Memory: 128301
  CPUInfo:
    number: 1
    Family: 6
    Model: 5
    stepping: 4
    features: 529267711
    manufacture: GenuineIntel
    typestring: Intel(R) Xeon(R) Platinum 8163 CPU @ 2.50GHz
    iCoresPerPackage: 8
    iThreadsPerPackage: 2
    featuresEx:
      - 529267711
      - 4294586883
      - 739248128
    bHybrid: false
    nPCore: 0
    nLogicalsPerPCore: 0
    nECore: 0
    nLogicalsPerECore: 0
  MemModuleInfo:
    iNumMemSticks: 8
    DIMM 1:
      manufacturer: Alibaba Cloud
      modulePartNo: Not Specified
      memType: RAM
      size: 16
      clkspeed: 0
      moduleVoltage: 0
    DIMM 2:
      manufacturer: Alibaba Cloud
      modulePartNo: Not Specified
      memType: RAM
      size: 16
      clkspeed: 0
      moduleVoltage: 0
    DIMM 3:
      manufacturer: Alibaba Cloud
      modulePartNo: Not Specified
      memType: RAM
      size: 16
      clkspeed: 0
      moduleVoltage: 0
    DIMM 4:
      manufacturer: Alibaba Cloud
      modulePartNo: Not Specified
      memType: RAM
      size: 16
      clkspeed: 0
      moduleVoltage: 0
    DIMM 5:
      manufacturer: Alibaba Cloud
      modulePartNo: Not Specified
      memType: RAM
      size: 16
      clkspeed: 0
      moduleVoltage: 0
    DIMM 6:
      manufacturer: Alibaba Cloud
      modulePartNo: Not Specified
      memType: RAM
      size: 16
      clkspeed: 0
      moduleVoltage: 0
    DIMM 7:
      manufacturer: Alibaba Cloud
      modulePartNo: Not Specified
      memType: RAM
      size: 16
      clkspeed: 0
      moduleVoltage: 0
    DIMM 8:
      manufacturer: Alibaba Cloud
      modulePartNo: Not Specified
      memType: RAM
      size: 16
      clkspeed: 0
      moduleVoltage: 0
Checksum: EC3CCC6ABFBA747D226872284B22B6CEC2959D27