BaselineInfo:
  WebDBID: -1
  TimeStamp: 20241107153642
Version:
  Major: 11
  Minor: 0
  Build: 1002
  SpecialBuildName: ""
  ptArchitecture: x86_64_linux
Results:
  Results Complete: true
  NumTestProcesses: 4
  CPU_INTEGER_MATH: 9732.1593333333331
  CPU_FLOATINGPOINT_MATH: 5993.3224224042388
  CPU_PRIME: 20.804651778165287
  CPU_SORTING: 5177.2551369007006
  CPU_ENCRYPTION: 1342.5288167514263
  CPU_COMPRESSION: 43760.95829083665
  CPU_SINGLETHREAD: 1625.514361809604
  CPU_PHYSICS: 445.9807976775005
  CPU_MATRIX_MULT_SSE: 2368.3456807783859
  CPU_mm: 302.74175717508979
  CPU_sse: 1132.3524196645678
  CPU_fma: 3621.273743117803
  CPU_avx: 2351.4108795527873
  CPU_avx512: 0
  m_CPU_enc_SHA: 440789528.96200025
  m_CPU_enc_AES: 3391559997.0143728
  m_CPU_enc_ECDSA: 390880963.68545765
  ME_ALLOC_S: 1172.9960031121263
  ME_READ_S: 19259.934960937499
  ME_READ_L: 8775.376953125
  ME_WRITE: 8951.96875
  ME_LARGE: 15974.666666666666
  ME_LATENCY: 67.552467433300691
  ME_THREADED: 21576.798828125
  SUMM_CPU: 3477.6236961792988
  SUMM_ME: 1762.692137390884
SystemInformation:
  OSName: Ubuntu 24.04.1 LTS
  Kernel: 6.8.0-1015-gcp
  Device: ""
  Processor: Intel Xeon CPU @ 2.30GHz
  NumSockets: 1
  Manufacturer: GenuineIntel
  NumCores: 2
  NumLogicals: 4
  CPUFrequency: 0
  Memory: 26046
  MemModuleInfo:
    iNumMemSticks: 2
    DIMM 1:
      manufacturer: ""
      modulePartNo: ""
      memType: RAM
      size: 16
      clkspeed: 0
      moduleVoltage: 0
    DIMM 2:
      manufacturer: ""
      modulePartNo: ""
      memType: RAM
      size: 10
      clkspeed: 0
      moduleVoltage: 0
Checksum: 1D47D77FAD13848C98149252BA6562B0B95506BB