---
system-info:
      stress-ng-version: 0.17.08
      run-by: root
      date-yyyy-mm-dd: 2024:06:04
      time-hh-mm-ss: 21:27:01
      epoch-secs: 1717536421
      hostname: ffb085e88ba9
      sysname: Linux
      nodename: ffb085e88ba9
      release: 6.8.0-1008-aws
      version: '#8-Ubuntu SMP Sat Apr 20 02:43:14 UTC 2024'
      machine: aarch64
      compiler: 'musl-gcc 13.2.1'
      uptime: 212
      totalram: 16170778624
      freeram: 12138725376
      sharedram: 3600384
      bufferram: 78123008
      totalswap: 0
      freeswap: 0
      pagesize: 4096
      cpus: 8
      cpus-online: 8
      ticks-per-second: 100

metrics:
    - stressor: cpu
      bogo-ops: 16283
      bogo-ops-per-second-usr-sys-time: 204.097308
      bogo-ops-per-second-real-time: 1624.719412
      wall-clock-time: 10.022038
      user-time: 79.758586
      system-time: 0.021986
      cpu-usage-per-instance: 99.506421
      max-rss: 4008

...
