---
system-info:
      stress-ng-version: 0.17.08
      run-by: root
      date-yyyy-mm-dd: 2024:06:13
      time-hh-mm-ss: 23:22:32
      epoch-secs: 1718320952
      hostname: b26048ca51ab
      sysname: Linux
      nodename: b26048ca51ab
      release: 6.8.0-1008-aws
      version: '#8-Ubuntu SMP Sat Apr 20 02:43:14 UTC 2024'
      machine: aarch64
      compiler: 'musl-gcc 13.2.1'
      uptime: 192
      totalram: 16170778624
      freeram: 11952971776
      sharedram: 3559424
      bufferram: 105918464
      totalswap: 0
      freeswap: 0
      pagesize: 4096
      cpus: 8
      cpus-online: 8
      ticks-per-second: 100

metrics:
    - stressor: cpu
      bogo-ops: 238237
      bogo-ops-per-second-usr-sys-time: 1493.961014
      bogo-ops-per-second-real-time: 11911.800584
      wall-clock-time: 20.000083
      user-time: 159.442693
      system-time: 0.023985
      cpu-usage-per-instance: 99.666260
      max-rss: 1320

...
