---
system-info:
      stress-ng-version: 0.17.08
      run-by: root
      date-yyyy-mm-dd: 2024:06:06
      time-hh-mm-ss: 16:56:34
      epoch-secs: 1717692994
      hostname: a4a8e34233c4
      sysname: Linux
      nodename: a4a8e34233c4
      release: 6.8.0-1008-aws
      version: '#8-Ubuntu SMP Sat Apr 20 02:43:14 UTC 2024'
      machine: aarch64
      compiler: 'musl-gcc 13.2.1'
      uptime: 113
      totalram: 1920221184
      freeram: 68575232
      sharedram: 35008512
      bufferram: 71270400
      totalswap: 0
      freeswap: 0
      pagesize: 4096
      cpus: 1
      cpus-online: 1
      ticks-per-second: 100

metrics:
    - stressor: cpu
      bogo-ops: 4202
      bogo-ops-per-second-usr-sys-time: 424.818370
      bogo-ops-per-second-real-time: 420.168354
      wall-clock-time: 10.000753
      user-time: 9.886323
      system-time: 0.004963
      cpu-usage-per-instance: 98.905411
      max-rss: 4136

...
