---
system-info:
      stress-ng-version: 0.17.08
      run-by: root
      date-yyyy-mm-dd: 2024:06:14
      time-hh-mm-ss: 10:42:17
      epoch-secs: 1718361737
      hostname: bceaa811b3af
      sysname: Linux
      nodename: bceaa811b3af
      release: 6.8.0-1008-aws
      version: '#8-Ubuntu SMP Sat Apr 20 02:43:14 UTC 2024'
      machine: aarch64
      compiler: 'musl-gcc 13.2.1'
      uptime: 176
      totalram: 1920217088
      freeram: 151543808
      sharedram: 35008512
      bufferram: 93749248
      totalswap: 0
      freeswap: 0
      pagesize: 4096
      cpus: 1
      cpus-online: 1
      ticks-per-second: 100

metrics:
    - stressor: cpu
      bogo-ops: 30316
      bogo-ops-per-second-usr-sys-time: 1532.776186
      bogo-ops-per-second-real-time: 1515.791272
      wall-clock-time: 20.000115
      user-time: 19.774517
      system-time: 0.003974
      cpu-usage-per-instance: 98.891886
      max-rss: 1192

...
