BaselineInfo:
  WebDBID: -1
  TimeStamp: 20241108094909
Version:
  Major: 11
  Minor: 0
  Build: 1002
  SpecialBuildName: ""
  ptArchitecture: x86_64_linux
Results:
  Results Complete: true
  NumTestProcesses: 16
  CPU_INTEGER_MATH: 45359.840999999993
  CPU_FLOATINGPOINT_MATH: 24315.700860678939
  CPU_PRIME: 80.01913373470974
  CPU_SORTING: 23724.161566981995
  CPU_ENCRYPTION: 6235.8494085287875
  CPU_COMPRESSION: 200562.08725765007
  CPU_SINGLETHREAD: 1811.7103548780192
  CPU_PHYSICS: 1550.3200822622516
  CPU_MATRIX_MULT_SSE: 12260.207585094033
  CPU_mm: 1379.9387167741065
  CPU_sse: 4947.4953522995611
  CPU_fma: 14647.156634386636
  CPU_avx: 10345.221355648342
  CPU_avx512: 19100.956998041598
  m_CPU_enc_SHA: 2047892425.3042037
  m_CPU_enc_AES: 15738867633.788353
  m_CPU_enc_ECDSA: 1829526029.0998905
  ME_ALLOC_S: 5407.2763711268435
  ME_READ_S: 21968.838671875001
  ME_READ_L: 9853.0458984375
  ME_WRITE: 9625.5322265625
  ME_LARGE: 53313.666666666664
  ME_LATENCY: 54.519470773734589
  ME_THREADED: 85661.619140625
  SUMM_CPU: 14405.521968565499
  SUMM_ME: 2431.5653684350432
SystemInformation:
  OSName: Ubuntu 24.04.1 LTS
  Kernel: 6.8.0-1016-aws
  Device: ""
  Processor: Intel Xeon Platinum 8259CL CPU @ 2.50GHz
  NumSockets: 1
  Manufacturer: GenuineIntel
  NumCores: 8
  NumLogicals: 16
  CPUFrequency: 0
  Memory: 63592
  MemModuleInfo:
    iNumMemSticks: 1
    DIMM 1:
      manufacturer: Not Specified
      modulePartNo: Not Specified
      memType: DDR4
      size: 64
      clkspeed: 1600
      moduleVoltage: 0
Checksum: 774357A9DE5DCE91F81B7FA11A76926B7A153140