---
system-info:
      stress-ng-version: 0.17.08
      run-by: root
      date-yyyy-mm-dd: 2024:06:15
      time-hh-mm-ss: 11:40:54
      epoch-secs: 1718451654
      hostname: 1f5777918368
      sysname: Linux
      nodename: 1f5777918368
      release: 6.8.0-1008-aws
      version: '#8-Ubuntu SMP Sat Apr 20 00:46:25 UTC 2024'
      machine: x86_64
      compiler: 'musl-gcc 13.2.1'
      uptime: 112
      totalram: 8158912512
      freeram: 3784478720
      sharedram: 113508352
      bufferram: 108154880
      totalswap: 0
      freeswap: 0
      pagesize: 4096
      cpus: 2
      cpus-online: 2
      ticks-per-second: 100

metrics:
    - stressor: cpu
      bogo-ops: 40819
      bogo-ops-per-second-usr-sys-time: 1028.009565
      bogo-ops-per-second-real-time: 2040.943090
      wall-clock-time: 20.000068
      user-time: 39.699844
      system-time: 0.006985
      cpu-usage-per-instance: 99.266736
      max-rss: 1104

...
