BaselineInfo:
  WebDBID: -1
  TimeStamp: 20260205002230
Version:
  Major: 11
  Minor: 0
  Build: 1004
  SpecialBuildName: ""
  ptArchitecture: x86_64_linux
Results:
  Results Complete: true
  NumTestProcesses: 2
  CPU_INTEGER_MATH: 10265.132666666665
  CPU_FLOATINGPOINT_MATH: 7451.2686225118396
  CPU_PRIME: 21.814548158719688
  CPU_SORTING: 5328.7499078440887
  CPU_ENCRYPTION: 2282.2129775603098
  CPU_COMPRESSION: 41049.624216486096
  CPU_SINGLETHREAD: 3249.0500203746924
  CPU_PHYSICS: 486.90685382155777
  CPU_MATRIX_MULT_SSE: 2733.5644245544454
  CPU_mm: 307.28876976560991
  CPU_sse: 1253.4781292340415
  CPU_fma: 3267.5526871356387
  CPU_avx: 2657.3083337824978
  CPU_avx512: 3755.918548065602
  m_CPU_enc_SHA: 2392226559.1988769
  m_CPU_enc_AES: 3105184893.283886
  m_CPU_enc_ECDSA: 1681809812.9920754
  ME_ALLOC_S: 1517.206672214068
  ME_READ_S: 28232.708203124999
  ME_READ_L: 14773.9677734375
  ME_WRITE: 11868.8037109375
  ME_LARGE: 1105
  ME_LATENCY: 72.318698886018524
  ME_THREADED: 19265.1923828125
  SUMM_CPU: 4081.6196812668404
  SUMM_ME: 1306.5501345571972
SystemInformation:
  OSName: Ubuntu 24.04.3 LTS
  Kernel: 6.14.0-1018-aws
  Device: ""
  Processor: Intel(R) Xeon(R) 6975P-C
  NumSockets: 1
  Manufacturer: GenuineIntel
  NumCores: 1
  NumLogicals: 2
  CPUFrequency: 0
  CPUMaxFrequency: 0
  Memory: 3816
  CPUInfo:
    number: 1
    Family: 6
    Model: 13
    stepping: 1
    features: 529267711
    manufacture: GenuineIntel
    typestring: Intel(R) Xeon(R) 6975P-C
    iCoresPerPackage: 1
    iThreadsPerPackage: 2
    featuresEx:
      - 529267711
      - 4294619651
      - 739248128
    bHybrid: false
    nPCore: 0
    nLogicalsPerPCore: 0
    nECore: 0
    nLogicalsPerECore: 0
  MemModuleInfo:
    iNumMemSticks: 1
    DIMM 1:
      manufacturer: Not Specified
      modulePartNo: Not Specified
      memType: DDR5
      size: 4
      clkspeed: 3600
      moduleVoltage: 0
Checksum: A26F9AC3E98F68EF4EF69B891908E4EED11B1BE6