---
system-info:
      stress-ng-version: 0.17.08
      run-by: root
      date-yyyy-mm-dd: 2024:06:15
      time-hh-mm-ss: 09:56:02
      epoch-secs: 1718445362
      hostname: e2a91ce94405
      sysname: Linux
      nodename: e2a91ce94405
      release: 6.8.0-1008-aws
      version: '#8-Ubuntu SMP Sat Apr 20 02:43:14 UTC 2024'
      machine: aarch64
      compiler: 'musl-gcc 13.2.1'
      uptime: 109
      totalram: 134778200064
      freeram: 129780916224
      sharedram: 35762176
      bufferram: 106070016
      totalswap: 0
      freeswap: 0
      pagesize: 4096
      cpus: 64
      cpus-online: 64
      ticks-per-second: 100

metrics:
    - stressor: cpu
      bogo-ops: 1961516
      bogo-ops-per-second-usr-sys-time: 1532.862878
      bogo-ops-per-second-real-time: 98075.463394
      wall-clock-time: 20.000069
      user-time: 1279.627193
      system-time: 0.014990
      cpu-usage-per-instance: 99.971702
      max-rss: 512

...
