---
system-info:
      stress-ng-version: 0.17.08
      run-by: root
      date-yyyy-mm-dd: 2024:06:06
      time-hh-mm-ss: 17:20:08
      epoch-secs: 1717694408
      hostname: 6941720e04a8
      sysname: Linux
      nodename: 6941720e04a8
      release: 6.8.0-1008-aws
      version: '#8-Ubuntu SMP Sat Apr 20 02:43:14 UTC 2024'
      machine: aarch64
      compiler: 'musl-gcc 13.2.1'
      uptime: 173
      totalram: 134778195968
      freeram: 129898250240
      sharedram: 35762176
      bufferram: 84795392
      totalswap: 0
      freeswap: 0
      pagesize: 4096
      cpus: 64
      cpus-online: 64
      ticks-per-second: 100

metrics:
    - stressor: cpu
      bogo-ops: 273046
      bogo-ops-per-second-usr-sys-time: 425.125610
      bogo-ops-per-second-real-time: 27192.508918
      wall-clock-time: 10.041221
      user-time: 642.229381
      system-time: 0.041971
      cpu-usage-per-instance: 99.942921
      max-rss: 3584

...
