---
system-info:
      stress-ng-version: 0.17.08
      run-by: root
      date-yyyy-mm-dd: 2024:06:15
      time-hh-mm-ss: 03:55:44
      epoch-secs: 1718423744
      hostname: ee808d9611bf
      sysname: Linux
      nodename: ee808d9611bf
      release: 6.8.0-1008-aws
      version: '#8-Ubuntu SMP Sat Apr 20 00:46:25 UTC 2024'
      machine: x86_64
      compiler: 'musl-gcc 13.2.1'
      uptime: 104
      totalram: 32911519744
      freeram: 28507807744
      sharedram: 37015552
      bufferram: 108789760
      totalswap: 0
      freeswap: 0
      pagesize: 4096
      cpus: 8
      cpus-online: 8
      ticks-per-second: 100

metrics:
    - stressor: cpu
      bogo-ops: 491455
      bogo-ops-per-second-usr-sys-time: 3078.032822
      bogo-ops-per-second-real-time: 24572.689034
      wall-clock-time: 20.000050
      user-time: 159.647296
      system-time: 0.017993
      cpu-usage-per-instance: 99.790558
      max-rss: 1104

...
