---
system-info:
      stress-ng-version: 0.17.08
      run-by: root
      date-yyyy-mm-dd: 2024:06:08
      time-hh-mm-ss: 19:40:26
      epoch-secs: 1717875626
      hostname: 19ba92558853
      sysname: Linux
      nodename: 19ba92558853
      release: 6.8.0-1008-aws
      version: '#8-Ubuntu SMP Sat Apr 20 00:46:25 UTC 2024'
      machine: x86_64
      compiler: 'musl-gcc 13.2.1'
      uptime: 97
      totalram: 32911527936
      freeram: 28441653248
      sharedram: 37015552
      bufferram: 104919040
      totalswap: 0
      freeswap: 0
      pagesize: 4096
      cpus: 8
      cpus-online: 8
      ticks-per-second: 100

metrics:
    - stressor: cpu
      bogo-ops: 140648
      bogo-ops-per-second-usr-sys-time: 1761.624372
      bogo-ops-per-second-real-time: 14063.462366
      wall-clock-time: 10.000951
      user-time: 79.826957
      system-time: 0.012992
      cpu-usage-per-instance: 99.790445
      max-rss: 3920

...
