BaselineInfo:
  WebDBID: -1
  TimeStamp: 20241110030757
Version:
  Major: 11
  Minor: 0
  Build: 1002
  SpecialBuildName: ""
  ptArchitecture: x86_64_linux
Results:
  Results Complete: true
  NumTestProcesses: 96
  CPU_INTEGER_MATH: 402531.96766666655
  CPU_FLOATINGPOINT_MATH: 205777.82874446845
  CPU_PRIME: 464.37205911623914
  CPU_SORTING: 200724.23299201476
  CPU_ENCRYPTION: 87330.182941211518
  CPU_COMPRESSION: 1451632.4597657977
  CPU_SINGLETHREAD: 2371.7932280924692
  CPU_PHYSICS: 8014.5824601755567
  CPU_MATRIX_MULT_SSE: 86447.33413873156
  CPU_mm: 8671.2834493072387
  CPU_sse: 37786.258538943461
  CPU_fma: 102904.15875117734
  CPU_avx: 77382.278039321085
  CPU_avx512: 127716.64122548442
  m_CPU_enc_SHA: 88217354940.577805
  m_CPU_enc_AES: 132747757323.5247
  m_CPU_enc_ECDSA: 53751889459.188942
  ME_ALLOC_S: 29796.827356053363
  ME_READ_S: 24391.123828125001
  ME_READ_L: 11968.7265625
  ME_WRITE: 10620.0107421875
  ME_LARGE: 748673.91666666663
  ME_LATENCY: 57.892211526794959
  ME_THREADED: 252948.79223632812
  SUMM_CPU: 75974.785461282983
  SUMM_ME: 2702.4804230921391
SystemInformation:
  OSName: Ubuntu 24.04.1 LTS
  Kernel: 6.8.0-1016-aws
  Device: ""
  Processor: Intel Xeon Platinum 8375C CPU @ 2.90GHz
  NumSockets: 2
  Manufacturer: GenuineIntel
  NumCores: 48
  NumLogicals: 96
  CPUFrequency: 0
  Memory: 761833
  MemModuleInfo:
    iNumMemSticks: 2
    DIMM 1:
      manufacturer: Not Specified
      modulePartNo: Not Specified
      memType: DDR4
      size: 384
      clkspeed: 1600
      moduleVoltage: 0
    DIMM 2:
      manufacturer: Not Specified
      modulePartNo: Not Specified
      memType: DDR4
      size: 384
      clkspeed: 1600
      moduleVoltage: 0
Checksum: 66587FC4F62C2EC6D08EF2B3F0C82BC5A6EA7E16