BaselineInfo:
  WebDBID: -1
  TimeStamp: 20260619113842
Version:
  Major: 11
  Minor: 0
  Build: 1004
  SpecialBuildName: ""
  ptArchitecture: x86_64_linux
Results:
  Results Complete: true
  NumTestProcesses: 32
  CPU_INTEGER_MATH: 111336.30700000002
  CPU_FLOATINGPOINT_MATH: 59838.832398490908
  CPU_PRIME: 142.4286576785162
  CPU_SORTING: 66475.779037630055
  CPU_ENCRYPTION: 15404.844992734103
  CPU_COMPRESSION: 511318.21400581737
  CPU_SINGLETHREAD: 2343.8020115765266
  CPU_PHYSICS: 2507.8343142588519
  CPU_MATRIX_MULT_SSE: 29686.47413768397
  CPU_mm: 3391.3404813497773
  CPU_sse: 11789.031319344464
  CPU_fma: 35978.162975266008
  CPU_avx: 25429.724873465435
  CPU_avx512: 45548.977382659941
  m_CPU_enc_SHA: 5033585778.3864384
  m_CPU_enc_AES: 38862134097.272598
  m_CPU_enc_ECDSA: 4563732353.6444407
  ME_ALLOC_S: 12244.880584933941
  ME_READ_S: 24836.530468749999
  ME_READ_L: 9853.30859375
  ME_WRITE: 10134.78515625
  ME_LARGE: 116909.91666666667
  ME_LATENCY: 47.458065210865264
  ME_THREADED: 111348.45361328125
  SUMM_CPU: 31757.656693184595
  SUMM_ME: 2732.9513887468597
SystemInformation:
  OSName: Ubuntu 24.04.4 LTS
  Kernel: 6.8.0-117-generic
  Device: ""
  Processor: Intel(R) Xeon(R) Platinum 8369HB CPU @ 3.30GHz
  NumSockets: 1
  Manufacturer: GenuineIntel
  NumCores: 16
  NumLogicals: 32
  CPUFrequency: 0
  CPUMaxFrequency: 0
  Memory: 126244
  CPUInfo:
    number: 1
    Family: 6
    Model: 5
    stepping: 11
    features: 529267711
    manufacture: GenuineIntel
    typestring: Intel(R) Xeon(R) Platinum 8369HB CPU @ 3.30GHz
    iCoresPerPackage: 16
    iThreadsPerPackage: 2
    featuresEx:
      - 529267711
      - 4277809667
      - 739248128
    bHybrid: false
    nPCore: 0
    nLogicalsPerPCore: 0
    nECore: 0
    nLogicalsPerECore: 0
  MemModuleInfo:
    iNumMemSticks: 8
    DIMM 1:
      manufacturer: Alibaba Cloud
      modulePartNo: Not Specified
      memType: RAM
      size: 16
      clkspeed: 0
      moduleVoltage: 0
    DIMM 2:
      manufacturer: Alibaba Cloud
      modulePartNo: Not Specified
      memType: RAM
      size: 16
      clkspeed: 0
      moduleVoltage: 0
    DIMM 3:
      manufacturer: Alibaba Cloud
      modulePartNo: Not Specified
      memType: RAM
      size: 16
      clkspeed: 0
      moduleVoltage: 0
    DIMM 4:
      manufacturer: Alibaba Cloud
      modulePartNo: Not Specified
      memType: RAM
      size: 16
      clkspeed: 0
      moduleVoltage: 0
    DIMM 5:
      manufacturer: Alibaba Cloud
      modulePartNo: Not Specified
      memType: RAM
      size: 16
      clkspeed: 0
      moduleVoltage: 0
    DIMM 6:
      manufacturer: Alibaba Cloud
      modulePartNo: Not Specified
      memType: RAM
      size: 16
      clkspeed: 0
      moduleVoltage: 0
    DIMM 7:
      manufacturer: Alibaba Cloud
      modulePartNo: Not Specified
      memType: RAM
      size: 16
      clkspeed: 0
      moduleVoltage: 0
    DIMM 8:
      manufacturer: Alibaba Cloud
      modulePartNo: Not Specified
      memType: RAM
      size: 16
      clkspeed: 0
      moduleVoltage: 0
Checksum: 3BF36A0ED788C0C5810249B04D714FB4EEC6268E