---
system-info:
      stress-ng-version: 0.17.08
      run-by: root
      date-yyyy-mm-dd: 2024:06:12
      time-hh-mm-ss: 20:22:42
      epoch-secs: 1718223762
      hostname: 647402ba4ea4
      sysname: Linux
      nodename: 647402ba4ea4
      release: 6.8.0-1008-aws
      version: '#8-Ubuntu SMP Sat Apr 20 00:46:25 UTC 2024'
      machine: x86_64
      compiler: 'musl-gcc 13.2.1'
      uptime: 149
      totalram: 99083091968
      freeram: 94442721280
      sharedram: 40935424
      bufferram: 113119232
      totalswap: 0
      freeswap: 0
      pagesize: 4096
      cpus: 48
      cpus-online: 48
      ticks-per-second: 100

metrics:
    - stressor: cpu
      bogo-ops: 31275
      bogo-ops-per-second-usr-sys-time: 1563.748045
      bogo-ops-per-second-real-time: 1563.746402
      wall-clock-time: 20.000046
      user-time: 20.000025
      system-time: 0.000000
      cpu-usage-per-instance: 99.999895
      max-rss: 1152

...
