---
system-info:
      stress-ng-version: 0.17.08
      run-by: root
      date-yyyy-mm-dd: 2024:06:05
      time-hh-mm-ss: 20:15:53
      epoch-secs: 1717618553
      hostname: 0f911bd474e2
      sysname: Linux
      nodename: 0f911bd474e2
      release: 6.8.0-1008-aws
      version: '#8-Ubuntu SMP Sat Apr 20 00:46:25 UTC 2024'
      machine: x86_64
      compiler: 'musl-gcc 13.2.1'
      uptime: 137
      totalram: 99083096064
      freeram: 94739488768
      sharedram: 40935424
      bufferram: 79060992
      totalswap: 0
      freeswap: 0
      pagesize: 4096
      cpus: 48
      cpus-online: 48
      ticks-per-second: 100

metrics:
    - stressor: cpu
      bogo-ops: 16950
      bogo-ops-per-second-usr-sys-time: 1694.728335
      bogo-ops-per-second-real-time: 1694.737686
      wall-clock-time: 10.001548
      user-time: 9.999604
      system-time: 0.001999
      cpu-usage-per-instance: 100.000552
      max-rss: 3840

...
