---
system-info:
      stress-ng-version: 0.17.08
      run-by: root
      date-yyyy-mm-dd: 2024:06:12
      time-hh-mm-ss: 17:41:02
      epoch-secs: 1718214062
      hostname: 19bb88acbbe6
      sysname: Linux
      nodename: 19bb88acbbe6
      release: 6.8.0-1008-aws
      version: '#8-Ubuntu SMP Sat Apr 20 00:46:25 UTC 2024'
      machine: x86_64
      compiler: 'musl-gcc 13.2.1'
      uptime: 142
      totalram: 99083100160
      freeram: 94388056064
      sharedram: 40935424
      bufferram: 112549888
      totalswap: 0
      freeswap: 0
      pagesize: 4096
      cpus: 48
      cpus-online: 48
      ticks-per-second: 100

metrics:
    - stressor: cpu
      bogo-ops: 32479
      bogo-ops-per-second-usr-sys-time: 1623.951543
      bogo-ops-per-second-real-time: 1623.950348
      wall-clock-time: 19.999996
      user-time: 19.998982
      system-time: 0.000999
      cpu-usage-per-instance: 99.999926
      max-rss: 768

...
