---
system-info:
      stress-ng-version: 0.17.08
      run-by: root
      date-yyyy-mm-dd: 2024:09:17
      time-hh-mm-ss: 08:24:38
      epoch-secs: 1726561478
      hostname: sc-runner
      sysname: Linux
      nodename: sc-runner
      release: 6.8.0-1014-azure
      version: '#16-Ubuntu SMP Thu Aug 15 20:04:41 UTC 2024'
      machine: x86_64
      compiler: 'musl-gcc 13.2.1'
      uptime: 346
      totalram: 270437494784
      freeram: 258538852352
      sharedram: 110108672
      bufferram: 299446272
      totalswap: 0
      freeswap: 0
      pagesize: 4096
      cpus: 64
      cpus-online: 64
      ticks-per-second: 100

metrics:
    - stressor: cpu
      bogo-ops: 635859
      bogo-ops-per-second-usr-sys-time: 497.025291
      bogo-ops-per-second-real-time: 31792.646790
      wall-clock-time: 20.000191
      user-time: 1279.199067
      system-time: 0.130197
      cpu-usage-per-instance: 99.946646
      max-rss: 3000

...
