BaselineInfo:
  WebDBID: -1
  TimeStamp: 20260404224407
Version:
  Major: 11
  Minor: 0
  Build: 1004
  SpecialBuildName: ""
  ptArchitecture: x86_64_linux
Results:
  Results Complete: true
  NumTestProcesses: 24
  CPU_INTEGER_MATH: 101076.78333333333
  CPU_FLOATINGPOINT_MATH: 51688.408857960349
  CPU_PRIME: 156.78461833180293
  CPU_SORTING: 50485.342499707869
  CPU_ENCRYPTION: 21888.6139535279
  CPU_COMPRESSION: 368363.99919684266
  CPU_SINGLETHREAD: 2363.1758940405466
  CPU_PHYSICS: 2114.5848181121969
  CPU_MATRIX_MULT_SSE: 21199.03379890848
  CPU_mm: 2178.1192730985094
  CPU_sse: 9498.9037137259711
  CPU_fma: 26228.410482503507
  CPU_avx: 19446.242760126512
  CPU_avx512: 29622.578239277966
  m_CPU_enc_SHA: 22058859591.314842
  m_CPU_enc_AES: 33333144602.284523
  m_CPU_enc_ECDSA: 13463621601.204039
  ME_ALLOC_S: 10486.694386416184
  ME_READ_S: 24105.271289062501
  ME_READ_L: 8154.9033203125
  ME_WRITE: 8157.39501953125
  ME_LARGE: 32378.916666666668
  ME_LATENCY: 62.602888266048431
  ME_THREADED: 70191.476318359375
  SUMM_CPU: 28868.057034651873
  SUMM_ME: 2190.8013527820776
SystemInformation:
  OSName: Ubuntu 24.04.4 LTS
  Kernel: 6.8.0-106-generic
  Device: ""
  Processor: Intel(R) Xeon(R) Platinum 8369B CPU @ 2.70GHz
  NumSockets: 1
  Manufacturer: GenuineIntel
  NumCores: 12
  NumLogicals: 24
  CPUFrequency: 0
  CPUMaxFrequency: 0
  Memory: 46239
  CPUInfo:
    number: 1
    Family: 6
    Model: 10
    stepping: 6
    features: 529267711
    manufacture: GenuineIntel
    typestring: Intel(R) Xeon(R) Platinum 8369B CPU @ 2.70GHz
    iCoresPerPackage: 12
    iThreadsPerPackage: 2
    featuresEx:
      - 529267711
      - 4277809667
      - 739248128
    bHybrid: false
    nPCore: 0
    nLogicalsPerPCore: 0
    nECore: 0
    nLogicalsPerECore: 0
  MemModuleInfo:
    iNumMemSticks: 3
    DIMM 1:
      manufacturer: Alibaba Cloud
      modulePartNo: Not Specified
      memType: RAM
      size: 16
      clkspeed: 0
      moduleVoltage: 0
    DIMM 2:
      manufacturer: Alibaba Cloud
      modulePartNo: Not Specified
      memType: RAM
      size: 16
      clkspeed: 0
      moduleVoltage: 0
    DIMM 3:
      manufacturer: Alibaba Cloud
      modulePartNo: Not Specified
      memType: RAM
      size: 16
      clkspeed: 0
      moduleVoltage: 0
Checksum: D13B9A42B1C3D8149F1DDC73A15B29CE3B81D669