---
system-info:
      stress-ng-version: 0.17.08
      run-by: root
      date-yyyy-mm-dd: 2024:06:16
      time-hh-mm-ss: 03:55:36
      epoch-secs: 1718510136
      hostname: edf36bb3ccae
      sysname: Linux
      nodename: edf36bb3ccae
      release: 6.8.0-1008-aws
      version: '#8-Ubuntu SMP Sat Apr 20 00:46:25 UTC 2024'
      machine: x86_64
      compiler: 'musl-gcc 13.2.1'
      uptime: 161
      totalram: 532331929600
      freeram: 527494742016
      sharedram: 113885184
      bufferram: 110174208
      totalswap: 0
      freeswap: 0
      pagesize: 4096
      cpus: 64
      cpus-online: 64
      ticks-per-second: 100

metrics:
    - stressor: cpu
      bogo-ops: 40722
      bogo-ops-per-second-usr-sys-time: 2036.107432
      bogo-ops-per-second-real-time: 2036.090534
      wall-clock-time: 20.000093
      user-time: 19.999927
      system-time: 0.000000
      cpu-usage-per-instance: 99.999170
      max-rss: 512

...
