---
system-info:
      stress-ng-version: 0.17.08
      run-by: root
      date-yyyy-mm-dd: 2024:06:09
      time-hh-mm-ss: 23:21:11
      epoch-secs: 1717975271
      hostname: 7fcadbeb8944
      sysname: Linux
      nodename: 7fcadbeb8944
      release: 6.8.0-1008-aws
      version: '#8-Ubuntu SMP Sat Apr 20 00:46:25 UTC 2024'
      machine: x86_64
      compiler: 'musl-gcc 13.2.1'
      uptime: 153
      totalram: 532331950080
      freeram: 527347798016
      sharedram: 113885184
      bufferram: 113348608
      totalswap: 0
      freeswap: 0
      pagesize: 4096
      cpus: 64
      cpus-online: 64
      ticks-per-second: 100

metrics:
    - stressor: cpu
      bogo-ops: 21024
      bogo-ops-per-second-usr-sys-time: 2101.900588
      bogo-ops-per-second-real-time: 2101.926825
      wall-clock-time: 10.002251
      user-time: 10.002376
      system-time: 0.000000
      cpu-usage-per-instance: 100.001248
      max-rss: 3072

...
