BaselineInfo:
  WebDBID: -1
  TimeStamp: 20251219162412
Version:
  Major: 11
  Minor: 0
  Build: 1002
  SpecialBuildName: ""
  ptArchitecture: aarch64_linux
Results:
  Results Complete: true
  NumTestProcesses: 64
  CPU_INTEGER_MATH: 333562.11799999996
  CPU_FLOATINGPOINT_MATH: 387645.55630837154
  CPU_PRIME: 712.25278526322711
  CPU_SORTING: 292567.23755198234
  CPU_ENCRYPTION: 12116.148722702092
  CPU_COMPRESSION: 425304.01278827642
  CPU_SINGLETHREAD: 1942.7729481543161
  CPU_PHYSICS: 16988.883715167729
  CPU_MATRIX_MULT_SSE: 56201.196358032459
  CPU_mm: 7204.001378027483
  CPU_sse: 44138.884894409246
  CPU_fma: 68263.507821655687
  CPU_avx: 0
  CPU_avx512: 0
  m_CPU_enc_SHA: 19150250135.015999
  m_CPU_enc_AES: 6850343392.8508549
  m_CPU_enc_ECDSA: 12113514761.301355
  ME_ALLOC_S: 47908.100701310374
  ME_READ_S: 20905.189648437499
  ME_READ_L: 20356.765625
  ME_WRITE: 21293.5
  ME_LARGE: 237897.91666666666
  ME_LATENCY: 44.653192761026311
  ME_THREADED: 525936.0380859375
  SUMM_CPU: 44185.551753277068
  SUMM_ME: 3461.9640141953801
SystemInformation:
  OSName: Ubuntu 24.04.2 LTS
  Kernel: 6.14.0-1018-aws
  Device: ""
  Processor: ARM Neoverse-V2 64 Core 0 MHz
  NumSockets: 1
  Manufacturer: ARM
  NumCores: 64
  NumLogicals: 64
  CPUFrequency: 0
  Memory: 253153
Checksum: CF0A2CB275D3A8C3D363496A9AE795A632BDC96E