BaselineInfo:
  WebDBID: -1
  TimeStamp: 20260403223550
Version:
  Major: 11
  Minor: 0
  Build: 1004
  SpecialBuildName: ""
  ptArchitecture: x86_64_linux
Results:
  Results Complete: true
  NumTestProcesses: 4
  CPU_INTEGER_MATH: 16570.429666666667
  CPU_FLOATINGPOINT_MATH: 9163.0483246344265
  CPU_PRIME: 37.384495211507378
  CPU_SORTING: 9238.1697230088157
  CPU_ENCRYPTION: 4316.435467579101
  CPU_COMPRESSION: 63907.597120294384
  CPU_SINGLETHREAD: 2372.3278492146619
  CPU_PHYSICS: 773.04628579021892
  CPU_MATRIX_MULT_SSE: 3602.1519976128575
  CPU_mm: 429.94748174595026
  CPU_sse: 1892.6969164986963
  CPU_fma: 5176.7905685944525
  CPU_avx: 3736.9685077454242
  CPU_avx512: 0
  m_CPU_enc_SHA: 6239843152.5229874
  m_CPU_enc_AES: 3991195292.3640213
  m_CPU_enc_ECDSA: 3347293465.6696596
  ME_ALLOC_S: 1902.5919329758256
  ME_READ_S: 23514.677539062501
  ME_READ_L: 18048.763671875
  ME_WRITE: 15563.0205078125
  ME_LARGE: 2712.9166666666665
  ME_LATENCY: 54.404012279353843
  ME_THREADED: 39288.4013671875
  SUMM_CPU: 6162.618289854925
  SUMM_ME: 2021.0259493018957
SystemInformation:
  OSName: Ubuntu 24.04.4 LTS
  Kernel: 6.8.0-106-generic
  Device: ""
  Processor: "AMD EPYC 7T83 64-Core Processor                "
  NumSockets: 1
  Manufacturer: AuthenticAMD
  NumCores: 2
  NumLogicals: 4
  CPUFrequency: 0
  CPUMaxFrequency: 0
  Memory: 15340
  CPUInfo:
    number: 1
    Family: 15
    Model: 1
    stepping: 1
    features: 395049983
    manufacture: AuthenticAMD
    typestring: "AMD EPYC 7T83 64-Core Processor                "
    iCoresPerPackage: 2
    iThreadsPerPackage: 2
    featuresEx:
      - 395049983
      - 4277809667
      - 802421759
    bHybrid: false
    nPCore: 0
    nLogicalsPerPCore: 0
    nECore: 0
    nLogicalsPerECore: 0
  MemModuleInfo:
    iNumMemSticks: 1
    DIMM 1:
      manufacturer: Alibaba Cloud
      modulePartNo: Not Specified
      memType: RAM
      size: 16
      clkspeed: 0
      moduleVoltage: 0
Checksum: 5281946797BB875D7070F347BD62C6F1B335F64E