---
system-info:
      stress-ng-version: 0.17.08
      run-by: root
      date-yyyy-mm-dd: 2024:06:08
      time-hh-mm-ss: 05:40:21
      epoch-secs: 1717825221
      hostname: 7f096682c0ff
      sysname: Linux
      nodename: 7f096682c0ff
      release: 6.8.0-1008-aws
      version: '#8-Ubuntu SMP Sat Apr 20 00:46:25 UTC 2024'
      machine: x86_64
      compiler: 'musl-gcc 13.2.1'
      uptime: 151
      totalram: 16555900928
      freeram: 12284821504
      sharedram: 40718336
      bufferram: 97562624
      totalswap: 0
      freeswap: 0
      pagesize: 4096
      cpus: 2
      cpus-online: 2
      ticks-per-second: 100

metrics:
    - stressor: cpu
      bogo-ops: 20235
      bogo-ops-per-second-usr-sys-time: 1023.727768
      bogo-ops-per-second-real-time: 2022.088112
      wall-clock-time: 10.006982
      user-time: 19.760010
      system-time: 0.005987
      cpu-usage-per-instance: 98.761027
      max-rss: 4048

...
