---
system-info:
      stress-ng-version: 0.17.08
      run-by: root
      date-yyyy-mm-dd: 2024:06:13
      time-hh-mm-ss: 18:44:50
      epoch-secs: 1718304290
      hostname: a50df5d7e7de
      sysname: Linux
      nodename: a50df5d7e7de
      release: 6.8.0-1008-aws
      version: '#8-Ubuntu SMP Sat Apr 20 00:46:25 UTC 2024'
      machine: x86_64
      compiler: 'musl-gcc 13.2.1'
      uptime: 169
      totalram: 16555896832
      freeram: 12285325312
      sharedram: 40718336
      bufferram: 105861120
      totalswap: 0
      freeswap: 0
      pagesize: 4096
      cpus: 2
      cpus-online: 2
      ticks-per-second: 100

metrics:
    - stressor: cpu
      bogo-ops: 33488
      bogo-ops-per-second-usr-sys-time: 845.999281
      bogo-ops-per-second-real-time: 1674.395219
      wall-clock-time: 20.000057
      user-time: 39.567012
      system-time: 0.016946
      cpu-usage-per-instance: 98.959612
      max-rss: 1104

...
