BaselineInfo:
  WebDBID: -1
  TimeStamp: 20241210042908
Version:
  Major: 11
  Minor: 0
  Build: 1002
  SpecialBuildName: ""
  ptArchitecture: x86_64_linux
Results:
  Results Complete: true
  NumTestProcesses: 88
  CPU_INTEGER_MATH: 411409.3816666666
  CPU_FLOATINGPOINT_MATH: 292915.18004701386
  CPU_PRIME: 755.90038179995634
  CPU_SORTING: 203192.3545365363
  CPU_ENCRYPTION: 90691.654565723875
  CPU_COMPRESSION: 1509283.932693183
  CPU_SINGLETHREAD: 3126.3726966122213
  CPU_PHYSICS: 12775.560876421419
  CPU_MATRIX_MULT_SSE: 116478.20131781754
  CPU_mm: 11627.691539372005
  CPU_sse: 50344.017943778745
  CPU_fma: 132217.65244086107
  CPU_avx: 102724.86581724678
  CPU_avx512: 180626.26906938362
  m_CPU_enc_SHA: 95937953769.49115
  m_CPU_enc_AES: 124600359182.67784
  m_CPU_enc_ECDSA: 64752964181.55645
  ME_ALLOC_S: 34450.215930745864
  ME_READ_S: 28344.464062499999
  ME_READ_L: 10366.4619140625
  ME_WRITE: 9034.59765625
  ME_LARGE: 1533556
  ME_LATENCY: 69.393836011739936
  ME_THREADED: 404662.00610351562
  SUMM_CPU: 93806.763723899625
  SUMM_ME: 2436.6089174467161
SystemInformation:
  OSName: Ubuntu 24.04.1 LTS
  Kernel: 6.8.0-1017-azure
  Device: ""
  Processor: Intel Xeon Platinum 8473C
  NumSockets: 2
  Manufacturer: GenuineIntel
  NumCores: 44
  NumLogicals: 88
  CPUFrequency: 2100
  Memory: 1548138
  MemModuleInfo:
    iNumMemSticks: 6
    DIMM 1:
      manufacturer: Microsoft Corporation
      modulePartNo: None
      memType: Unknown
      size: 1
      clkspeed: 0
      moduleVoltage: 0
    DIMM 2:
      manufacturer: Microsoft Corporation
      modulePartNo: None
      memType: Unknown
      size: 59
      clkspeed: 0
      moduleVoltage: 0
    DIMM 3:
      manufacturer: Microsoft Corporation
      modulePartNo: None
      memType: Unknown
      size: 324
      clkspeed: 0
      moduleVoltage: 0
    DIMM 4:
      manufacturer: Microsoft Corporation
      modulePartNo: None
      memType: Unknown
      size: 384
      clkspeed: 0
      moduleVoltage: 0
    DIMM 5:
      manufacturer: Microsoft Corporation
      modulePartNo: None
      memType: Unknown
      size: 384
      clkspeed: 0
      moduleVoltage: 0
    DIMM 6:
      manufacturer: Microsoft Corporation
      modulePartNo: None
      memType: Unknown
      size: 384
      clkspeed: 0
      moduleVoltage: 0
Checksum: 64C75222D8D6F92BF4AFB7DAE97CBAE2439AE05B