BaselineInfo:
  WebDBID: -1
  TimeStamp: 20260404092742
Version:
  Major: 11
  Minor: 0
  Build: 1004
  SpecialBuildName: ""
  ptArchitecture: x86_64_linux
Results:
  Results Complete: true
  NumTestProcesses: 8
  CPU_INTEGER_MATH: 33663.82166666667
  CPU_FLOATINGPOINT_MATH: 17219.494010030779
  CPU_PRIME: 74.43958613187317
  CPU_SORTING: 17668.5427234608
  CPU_ENCRYPTION: 7272.0193179667112
  CPU_COMPRESSION: 124561.11759424787
  CPU_SINGLETHREAD: 2370.3573067960483
  CPU_PHYSICS: 1410.8750699338104
  CPU_MATRIX_MULT_SSE: 6995.5957967160257
  CPU_mm: 725.44374263197244
  CPU_sse: 3163.608623011346
  CPU_fma: 8740.2737569441852
  CPU_avx: 6478.9173987741515
  CPU_avx512: 9599.5834081344201
  m_CPU_enc_SHA: 7317719845.8070126
  m_CPU_enc_AES: 11100597008.237204
  m_CPU_enc_ECDSA: 4457477931.0245724
  ME_ALLOC_S: 4039.2737392012218
  ME_READ_S: 23981.924023437499
  ME_READ_L: 11784.3369140625
  ME_WRITE: 11200.421875
  ME_LARGE: 18333.25
  ME_LATENCY: 56.135937554752651
  ME_THREADED: 55808.79052734375
  SUMM_CPU: 11391.105574550744
  SUMM_ME: 2439.3455319200252
SystemInformation:
  OSName: Ubuntu 24.04.4 LTS
  Kernel: 6.8.0-106-generic
  Device: ""
  Processor: Intel(R) Xeon(R) Platinum 8369B CPU @ 2.70GHz
  NumSockets: 1
  Manufacturer: GenuineIntel
  NumCores: 4
  NumLogicals: 8
  CPUFrequency: 0
  CPUMaxFrequency: 0
  Memory: 31173
  CPUInfo:
    number: 1
    Family: 6
    Model: 10
    stepping: 6
    features: 529267711
    manufacture: GenuineIntel
    typestring: Intel(R) Xeon(R) Platinum 8369B CPU @ 2.70GHz
    iCoresPerPackage: 4
    iThreadsPerPackage: 2
    featuresEx:
      - 529267711
      - 4277809667
      - 739248128
    bHybrid: false
    nPCore: 0
    nLogicalsPerPCore: 0
    nECore: 0
    nLogicalsPerECore: 0
  MemModuleInfo:
    iNumMemSticks: 2
    DIMM 1:
      manufacturer: Alibaba Cloud
      modulePartNo: Not Specified
      memType: RAM
      size: 16
      clkspeed: 0
      moduleVoltage: 0
    DIMM 2:
      manufacturer: Alibaba Cloud
      modulePartNo: Not Specified
      memType: RAM
      size: 16
      clkspeed: 0
      moduleVoltage: 0
Checksum: 27AFA78D2ECA02CACC069F5A6149F7EA02F1934A