---
system-info:
      stress-ng-version: 0.17.08
      run-by: root
      date-yyyy-mm-dd: 2024:06:08
      time-hh-mm-ss: 11:30:01
      epoch-secs: 1717846201
      hostname: a0c998228cae
      sysname: Linux
      nodename: a0c998228cae
      release: 6.8.0-1008-aws
      version: '#8-Ubuntu SMP Sat Apr 20 00:46:25 UTC 2024'
      machine: x86_64
      compiler: 'musl-gcc 13.2.1'
      uptime: 154
      totalram: 8158912512
      freeram: 3880943616
      sharedram: 11620352
      bufferram: 102563840
      totalswap: 0
      freeswap: 0
      pagesize: 4096
      cpus: 2
      cpus-online: 2
      ticks-per-second: 100

metrics:
    - stressor: cpu
      bogo-ops: 15799
      bogo-ops-per-second-usr-sys-time: 801.302615
      bogo-ops-per-second-real-time: 1579.561609
      wall-clock-time: 10.002142
      user-time: 19.713655
      system-time: 0.002991
      cpu-usage-per-instance: 98.562115
      max-rss: 4048

...
