---
system-info:
      stress-ng-version: 0.17.08
      run-by: root
      date-yyyy-mm-dd: 2024:06:14
      time-hh-mm-ss: 17:56:12
      epoch-secs: 1718387772
      hostname: 18dfef5c0398
      sysname: Linux
      nodename: 18dfef5c0398
      release: 6.8.0-1008-aws
      version: '#8-Ubuntu SMP Sat Apr 20 00:46:25 UTC 2024'
      machine: x86_64
      compiler: 'musl-gcc 13.2.1'
      uptime: 167
      totalram: 8158912512
      freeram: 3883081728
      sharedram: 11620352
      bufferram: 108326912
      totalswap: 0
      freeswap: 0
      pagesize: 4096
      cpus: 2
      cpus-online: 2
      ticks-per-second: 100

metrics:
    - stressor: cpu
      bogo-ops: 11784
      bogo-ops-per-second-usr-sys-time: 299.642199
      bogo-ops-per-second-real-time: 589.190300
      wall-clock-time: 20.000329
      user-time: 39.313951
      system-time: 0.012953
      cpu-usage-per-instance: 98.315641
      max-rss: 1104

...
