BaselineInfo:
  WebDBID: -1
  TimeStamp: 20251220014436
Version:
  Major: 11
  Minor: 0
  Build: 1002
  SpecialBuildName: ""
  ptArchitecture: x86_64_linux
Results:
  Results Complete: true
  NumTestProcesses: 60
  CPU_INTEGER_MATH: 343962.43466666667
  CPU_FLOATINGPOINT_MATH: 320499.6423547329
  CPU_PRIME: 1170.628595519602
  CPU_SORTING: 225939.96868084901
  CPU_ENCRYPTION: 79372.386094715112
  CPU_COMPRESSION: 1605666.7823050066
  CPU_SINGLETHREAD: 2938.0519344496979
  CPU_PHYSICS: 19889.352761843191
  CPU_MATRIX_MULT_SSE: 134718.40828149152
  CPU_mm: 14112.03458417762
  CPU_sse: 62784.01500418975
  CPU_fma: 186309.50554986019
  CPU_avx: 144149.73709271141
  CPU_avx512: 145630.37547920438
  m_CPU_enc_SHA: 109709821462.077
  m_CPU_enc_AES: 69723443066.068527
  m_CPU_enc_ECDSA: 70250672836.810471
  ME_ALLOC_S: 27491.31072657738
  ME_READ_S: 28451.297070312499
  ME_READ_L: 27068.62109375
  ME_WRITE: 25452.068359375
  ME_LARGE: 726430.08333333337
  ME_LATENCY: 86.73736052475077
  ME_THREADED: 775802.955078125
  SUMM_CPU: 93218.128879898766
  SUMM_ME: 2667.4382813034399
SystemInformation:
  OSName: Ubuntu 24.04.2 LTS
  Kernel: 6.8.0-86-generic
  Device: ""
  Processor: AMD EPYC 9354 32-Core Processor
  NumSockets: 60
  Manufacturer: AuthenticAMD
  NumCores: 60
  NumLogicals: 60
  CPUFrequency: 0
  Memory: 747606
  MemModuleInfo:
    iNumMemSticks: 1
    DIMM 1:
      manufacturer: QEMU
      modulePartNo: Not Specified
      memType: RAM
      size: 760000
      clkspeed: 0
      moduleVoltage: 0
Checksum: 54EE3868CC87CA8B60039F8456C33F3267CC29CF