BaselineInfo:
  WebDBID: -1
  TimeStamp: 20241108130322
Version:
  Major: 11
  Minor: 0
  Build: 1002
  SpecialBuildName: ""
  ptArchitecture: x86_64_linux
Results:
  Results Complete: true
  NumTestProcesses: 12
  CPU_INTEGER_MATH: 43880.532333333336
  CPU_FLOATINGPOINT_MATH: 23512.422510827124
  CPU_PRIME: 70.229079356608153
  CPU_SORTING: 22436.107469073369
  CPU_ENCRYPTION: 6042.3834355017334
  CPU_COMPRESSION: 191473.19353182145
  CPU_SINGLETHREAD: 2359.0026383502068
  CPU_PHYSICS: 1302.8386100556354
  CPU_MATRIX_MULT_SSE: 12284.33183495746
  CPU_mm: 1332.4510016200784
  CPU_sse: 4806.5977512102145
  CPU_fma: 14638.245199166797
  CPU_avx: 10339.740898411343
  CPU_avx512: 19352.743491041481
  m_CPU_enc_SHA: 1980998212.6177022
  m_CPU_enc_AES: 15257940802.846437
  m_CPU_enc_ECDSA: 1768755744.3298573
  ME_ALLOC_S: 4668.0216112312883
  ME_READ_S: 28018.0166015625
  ME_READ_L: 11244.515625
  ME_WRITE: 10783.283203125
  ME_LARGE: 85259.583333333328
  ME_LATENCY: 50.978158018026797
  ME_THREADED: 70140.8251953125
  SUMM_CPU: 14193.221999435706
  SUMM_ME: 2710.00734716751
SystemInformation:
  OSName: Ubuntu 24.04.1 LTS
  Kernel: 6.8.0-1016-aws
  Device: ""
  Processor: Intel Xeon Platinum 8151 CPU @ 3.40GHz
  NumSockets: 1
  Manufacturer: GenuineIntel
  NumCores: 6
  NumLogicals: 12
  CPUFrequency: 0
  Memory: 95515
  MemModuleInfo:
    iNumMemSticks: 1
    DIMM 1:
      manufacturer: Not Specified
      modulePartNo: Not Specified
      memType: DDR4
      size: 96
      clkspeed: 1333
      moduleVoltage: 0
Checksum: 6F38A2AD0CB4DE5668C25DFBD6EAD5DEDC813623