---
system-info:
      stress-ng-version: 0.17.08
      run-by: root
      date-yyyy-mm-dd: 2024:07:02
      time-hh-mm-ss: 20:39:49
      epoch-secs: 1719952789
      hostname: c3d-highcpu-60-36c0d6a
      sysname: Linux
      nodename: c3d-highcpu-60-36c0d6a
      release: 6.8.0-1009-gcp
      version: '#10-Ubuntu SMP Wed Jun 12 18:52:23 UTC 2024'
      machine: x86_64
      compiler: 'musl-gcc 13.2.1'
      uptime: 139
      totalram: 124479881216
      freeram: 119091875840
      sharedram: 35184640
      bufferram: 129523712
      totalswap: 0
      freeswap: 0
      pagesize: 4096
      cpus: 60
      cpus-online: 60
      ticks-per-second: 100

metrics:
    - stressor: cpu
      bogo-ops: 57331
      bogo-ops-per-second-usr-sys-time: 2866.599306
      bogo-ops-per-second-real-time: 2866.539133
      wall-clock-time: 20.000076
      user-time: 19.999656
      system-time: 0.000000
      cpu-usage-per-instance: 99.997901
      max-rss: 480

...
