---
system-info:
      stress-ng-version: 0.17.08
      run-by: root
      date-yyyy-mm-dd: 2024:07:03
      time-hh-mm-ss: 14:30:52
      epoch-secs: 1720017052
      hostname: c3-highmem-88-2f1c1ef
      sysname: Linux
      nodename: c3-highmem-88-2f1c1ef
      release: 6.8.0-1009-gcp
      version: '#10-Ubuntu SMP Wed Jun 12 18:52:23 UTC 2024'
      machine: x86_64
      compiler: 'musl-gcc 13.2.1'
      uptime: 125
      totalram: 743947878400
      freeram: 737296363520
      sharedram: 222363648
      bufferram: 131633152
      totalswap: 0
      freeswap: 0
      pagesize: 4096
      cpus: 88
      cpus-online: 88
      ticks-per-second: 100

metrics:
    - stressor: cpu
      bogo-ops: 1465439
      bogo-ops-per-second-usr-sys-time: 832.848602
      bogo-ops-per-second-real-time: 73271.632118
      wall-clock-time: 20.000087
      user-time: 1759.524307
      system-time: 0.025985
      cpu-usage-per-instance: 99.974015
      max-rss: 704

...
