---
system-info:
      stress-ng-version: 0.17.08
      run-by: root
      date-yyyy-mm-dd: 2024:07:02
      time-hh-mm-ss: 05:52:01
      epoch-secs: 1719899521
      hostname: e2-highcpu-32-2d04fff
      sysname: Linux
      nodename: e2-highcpu-32-2d04fff
      release: 6.8.0-1009-gcp
      version: '#10-Ubuntu SMP Wed Jun 12 18:52:23 UTC 2024'
      machine: x86_64
      compiler: 'musl-gcc 13.2.1'
      uptime: 182
      totalram: 33643638784
      freeram: 28181245952
      sharedram: 18292736
      bufferram: 127213568
      totalswap: 0
      freeswap: 0
      pagesize: 4096
      cpus: 32
      cpus-online: 32
      ticks-per-second: 100

metrics:
    - stressor: cpu
      bogo-ops: 53723
      bogo-ops-per-second-usr-sys-time: 2686.228572
      bogo-ops-per-second-real-time: 2686.139881
      wall-clock-time: 20.000075
      user-time: 19.999415
      system-time: 0.000000
      cpu-usage-per-instance: 99.996698
      max-rss: 776

...
