---
system-info:
      stress-ng-version: 0.17.08
      run-by: root
      date-yyyy-mm-dd: 2024:06:21
      time-hh-mm-ss: 03:12:38
      epoch-secs: 1718939558
      hostname: 52d8b45b06d9
      sysname: Linux
      nodename: 52d8b45b06d9
      release: 6.8.0-1008-gcp
      version: '#9-Ubuntu SMP Wed May 22 18:09:04 UTC 2024'
      machine: x86_64
      compiler: 'musl-gcc 13.2.1'
      uptime: 163
      totalram: 3679035392
      freeram: 208535552
      sharedram: 48619520
      bufferram: 130080768
      totalswap: 0
      freeswap: 0
      pagesize: 4096
      cpus: 4
      cpus-online: 4
      ticks-per-second: 100

metrics:
    - stressor: cpu
      bogo-ops: 58300
      bogo-ops-per-second-usr-sys-time: 734.100168
      bogo-ops-per-second-real-time: 2914.979854
      wall-clock-time: 20.000138
      user-time: 79.393981
      system-time: 0.022974
      cpu-usage-per-instance: 99.270508
      max-rss: 976

...
