---
system-info:
      stress-ng-version: 0.17.08
      run-by: root
      date-yyyy-mm-dd: 2024:09:23
      time-hh-mm-ss: 15:08:53
      epoch-secs: 1727104133
      hostname: sc-runner
      sysname: Linux
      nodename: sc-runner
      release: 6.8.0-1014-azure
      version: '#16-Ubuntu SMP Thu Aug 15 20:04:41 UTC 2024'
      machine: x86_64
      compiler: 'musl-gcc 13.2.1'
      uptime: 327
      totalram: 202798669824
      freeram: 191300333568
      sharedram: 105410560
      bufferram: 265846784
      totalswap: 0
      freeswap: 0
      pagesize: 4096
      cpus: 48
      cpus-online: 48
      ticks-per-second: 100

metrics:
    - stressor: cpu
      bogo-ops: 54686
      bogo-ops-per-second-usr-sys-time: 2734.293028
      bogo-ops-per-second-real-time: 2734.295208
      wall-clock-time: 20.000035
      user-time: 20.000051
      system-time: 0.000000
      cpu-usage-per-instance: 100.000080
      max-rss: 1152

...
