---
system-info:
      stress-ng-version: 0.17.08
      run-by: root
      date-yyyy-mm-dd: 2024:06:14
      time-hh-mm-ss: 16:26:55
      epoch-secs: 1718382415
      hostname: 98ba12316ec1
      sysname: Linux
      nodename: 98ba12316ec1
      release: 6.8.0-1008-aws
      version: '#8-Ubuntu SMP Sat Apr 20 00:46:25 UTC 2024'
      machine: x86_64
      compiler: 'musl-gcc 13.2.1'
      uptime: 215
      totalram: 3905884160
      freeram: 135819264
      sharedram: 27529216
      bufferram: 101023744
      totalswap: 0
      freeswap: 0
      pagesize: 4096
      cpus: 1
      cpus-online: 1
      ticks-per-second: 100

metrics:
    - stressor: cpu
      bogo-ops: 25172
      bogo-ops-per-second-usr-sys-time: 1274.855620
      bogo-ops-per-second-real-time: 1258.591958
      wall-clock-time: 20.000128
      user-time: 19.743988
      system-time: 0.000993
      cpu-usage-per-instance: 98.724274
      max-rss: 976

...
