---
system-info:
      stress-ng-version: 0.17.08
      run-by: root
      date-yyyy-mm-dd: 2024:06:07
      time-hh-mm-ss: 17:22:35
      epoch-secs: 1717780955
      hostname: 0986a56a02cf
      sysname: Linux
      nodename: 0986a56a02cf
      release: 6.8.0-1008-aws
      version: '#8-Ubuntu SMP Sat Apr 20 00:46:25 UTC 2024'
      machine: x86_64
      compiler: 'musl-gcc 13.2.1'
      uptime: 213
      totalram: 3905884160
      freeram: 98693120
      sharedram: 27529216
      bufferram: 89862144
      totalswap: 0
      freeswap: 0
      pagesize: 4096
      cpus: 1
      cpus-online: 1
      ticks-per-second: 100

metrics:
    - stressor: cpu
      bogo-ops: 13537
      bogo-ops-per-second-usr-sys-time: 1379.306410
      bogo-ops-per-second-real-time: 1353.575496
      wall-clock-time: 10.000920
      user-time: 9.813362
      system-time: 0.000991
      cpu-usage-per-instance: 98.134503
      max-rss: 4048

...
