BaselineInfo:
  WebDBID: -1
  TimeStamp: 20241109205808
Version:
  Major: 11
  Minor: 0
  Build: 1002
  SpecialBuildName: ""
  ptArchitecture: x86_64_linux
Results:
  Results Complete: true
  NumTestProcesses: 112
  CPU_INTEGER_MATH: 465082.32866666641
  CPU_FLOATINGPOINT_MATH: 255536.76635498225
  CPU_PRIME: 606.62706863552467
  CPU_SORTING: 200560.36988099985
  CPU_ENCRYPTION: 119178.13784420348
  CPU_COMPRESSION: 1632737.6440205041
  CPU_SINGLETHREAD: 2592.3835401565007
  CPU_PHYSICS: 7509.1576667310037
  CPU_MATRIX_MULT_SSE: 83003.492076490205
  CPU_mm: 10472.000367926799
  CPU_sse: 42845.223753451348
  CPU_fma: 112004.0763587777
  CPU_avx: 94161.176117241557
  CPU_avx512: 0
  m_CPU_enc_SHA: 173869210791.04025
  m_CPU_enc_AES: 111191776477.32315
  m_CPU_enc_ECDSA: 89841017936.007172
  ME_ALLOC_S: 26336.502210257611
  ME_READ_S: 25800.709179687499
  ME_READ_L: 21660.775390625
  ME_WRITE: 20753.328125
  ME_LARGE: 663009.16666666663
  ME_LATENCY: 59.68384705111189
  ME_THREADED: 196148.7919921875
  SUMM_CPU: 84300.848671318527
  SUMM_ME: 3140.7925010091581
SystemInformation:
  OSName: Ubuntu 24.04.1 LTS
  Kernel: 6.8.0-1017-azure
  Device: ""
  Processor: AMD EPYC 7763 64-Core Processor
  NumSockets: 1
  Manufacturer: AuthenticAMD
  NumCores: 56
  NumLogicals: 112
  CPUFrequency: 0
  Memory: 677220
  MemModuleInfo:
    iNumMemSticks: 4
    DIMM 1:
      manufacturer: Microsoft Corporation
      modulePartNo: None
      memType: Unknown
      size: 1
      clkspeed: 0
      moduleVoltage: 0
    DIMM 2:
      manufacturer: Microsoft Corporation
      modulePartNo: None
      memType: Unknown
      size: 59
      clkspeed: 0
      moduleVoltage: 0
    DIMM 3:
      manufacturer: Microsoft Corporation
      modulePartNo: None
      memType: Unknown
      size: 276
      clkspeed: 0
      moduleVoltage: 0
    DIMM 4:
      manufacturer: Microsoft Corporation
      modulePartNo: None
      memType: Unknown
      size: 336
      clkspeed: 0
      moduleVoltage: 0
Checksum: 54A942BBFC42D5F1619A14EFBB2054CE743DEF5C