BaselineInfo:
  WebDBID: -1
  TimeStamp: 20241106213353
Version:
  Major: 11
  Minor: 0
  Build: 1002
  SpecialBuildName: ""
  ptArchitecture: aarch64_linux
Results:
  Results Complete: true
  NumTestProcesses: 4
  CPU_INTEGER_MATH: 18335.395
  CPU_FLOATINGPOINT_MATH: 14064.245031160106
  CPU_PRIME: 21.587453937069011
  CPU_SORTING: 13101.578560869477
  CPU_ENCRYPTION: 649.5607205788624
  CPU_COMPRESSION: 21439.872050663223
  CPU_SINGLETHREAD: 1308.6086028309951
  CPU_PHYSICS: 465.71950636633096
  CPU_MATRIX_MULT_SSE: 2940.0079181015772
  CPU_mm: 492.6697270935959
  CPU_sse: 2458.0223321015515
  CPU_fma: 3421.9935041016033
  CPU_avx: 0
  CPU_avx512: 0
  m_CPU_enc_SHA: 978201914.53161788
  m_CPU_enc_AES: 451024619.09422112
  m_CPU_enc_ECDSA: 614114812.79926443
  ME_ALLOC_S: 2474.492760564588
  ME_READ_S: 10400.199462890625
  ME_READ_L: 7058.3603515625
  ME_WRITE: 14506.0107421875
  ME_LARGE: 888.16666666666663
  ME_LATENCY: 82.675262332046401
  ME_THREADED: 27882.90478515625
  SUMM_CPU: 3097.9446990624583
  SUMM_ME: 1000.2871953136565
SystemInformation:
  OSName: Ubuntu 24.04.1 LTS
  Kernel: 6.8.0-45-generic
  Device: ""
  Processor: ARM Neoverse-N1 4 Core 0 MHz
  NumSockets: 1
  Manufacturer: ARM
  NumCores: 4
  NumLogicals: 4
  CPUFrequency: 0
  Memory: 7729
Checksum: B53FF6CBC4884766E55C21F32AC9066067DF3429