BaselineInfo:
  WebDBID: -1
  TimeStamp: 20241115091738
Version:
  Major: 11
  Minor: 0
  Build: 1002
  SpecialBuildName: ""
  ptArchitecture: aarch64_linux
Results:
  Results Complete: true
  NumTestProcesses: 4
  CPU_INTEGER_MATH: 18797.108
  CPU_FLOATINGPOINT_MATH: 14299.547205191824
  CPU_PRIME: 35.194373762827134
  CPU_SORTING: 13551.779073232465
  CPU_ENCRYPTION: 646.59095590880975
  CPU_COMPRESSION: 21848.276455086252
  CPU_SINGLETHREAD: 1327.0612035353447
  CPU_PHYSICS: 642.41365903114797
  CPU_MATRIX_MULT_SSE: 2964.4393592889446
  CPU_mm: 498.09677850830349
  CPU_sse: 2472.7452512597861
  CPU_fma: 3456.1334673181036
  CPU_avx: 0
  CPU_avx512: 0
  m_CPU_enc_SHA: 964427850.67491663
  m_CPU_enc_AES: 449075668.38430893
  m_CPU_enc_ECDSA: 620495755.48988223
  ME_ALLOC_S: 2796.8310571334323
  ME_READ_S: 11345.57861328125
  ME_READ_L: 8802.0849609375
  ME_WRITE: 14914.66015625
  ME_LARGE: 893.25
  ME_LATENCY: 72.818406025389507
  ME_THREADED: 33982.3798828125
  SUMM_CPU: 3188.4774388216256
  SUMM_ME: 1087.4266468294936
SystemInformation:
  OSName: Ubuntu 24.04.1 LTS
  Kernel: 6.8.0-45-generic
  Device: ""
  Processor: ARM Neoverse-N1 4 Core 0 MHz
  NumSockets: 1
  Manufacturer: ARM
  NumCores: 4
  NumLogicals: 4
  CPUFrequency: 0
  Memory: 7729
Checksum: 2A5FD67A2D1B94B71D8C9730D24F82B1E23203EC