BaselineInfo:
  WebDBID: -1
  TimeStamp: 20241114163140
Version:
  Major: 11
  Minor: 0
  Build: 1002
  SpecialBuildName: ""
  ptArchitecture: aarch64_linux
Results:
  Results Complete: true
  NumTestProcesses: 4
  CPU_INTEGER_MATH: 18676.999666666667
  CPU_FLOATINGPOINT_MATH: 14223.896383360967
  CPU_PRIME: 31.99563689274439
  CPU_SORTING: 13511.873582706616
  CPU_ENCRYPTION: 645.38461517350913
  CPU_COMPRESSION: 21707.020258930177
  CPU_SINGLETHREAD: 1325.8174078733359
  CPU_PHYSICS: 598.40930546505888
  CPU_MATRIX_MULT_SSE: 2961.5049278282854
  CPU_mm: 495.9305108381642
  CPU_sse: 2477.2317274979664
  CPU_fma: 3445.778128158604
  CPU_avx: 0
  CPU_avx512: 0
  m_CPU_enc_SHA: 961012621.00922692
  m_CPU_enc_AES: 449911238.16747314
  m_CPU_enc_ECDSA: 619280595.54383218
  ME_ALLOC_S: 2705.7284118296475
  ME_READ_S: 10984.04052734375
  ME_READ_L: 8156.03271484375
  ME_WRITE: 14503.8115234375
  ME_LARGE: 893.83333333333337
  ME_LATENCY: 74.643931108010349
  ME_THREADED: 32056.8671875
  SUMM_CPU: 3166.2897569314759
  SUMM_ME: 1062.4517647585769
SystemInformation:
  OSName: Ubuntu 24.04.1 LTS
  Kernel: 6.8.0-45-generic
  Device: ""
  Processor: ARM Neoverse-N1 4 Core 0 MHz
  NumSockets: 1
  Manufacturer: ARM
  NumCores: 4
  NumLogicals: 4
  CPUFrequency: 0
  Memory: 7729
Checksum: 47F78CDE04DECBC0E011FDC768FD5BE7AC2BBA30