BaselineInfo:
  WebDBID: -1
  TimeStamp: 20260404131643
Version:
  Major: 11
  Minor: 0
  Build: 1004
  SpecialBuildName: ""
  ptArchitecture: x86_64_linux
Results:
  Results Complete: true
  NumTestProcesses: 8
  CPU_INTEGER_MATH: 19674.19466666667
  CPU_FLOATINGPOINT_MATH: 10563.931414579094
  CPU_PRIME: 49.679445027400888
  CPU_SORTING: 12134.025457026757
  CPU_ENCRYPTION: 2727.2881770925042
  CPU_COMPRESSION: 90759.701456823968
  CPU_SINGLETHREAD: 1683.4708546234406
  CPU_PHYSICS: 806.65351099448401
  CPU_MATRIX_MULT_SSE: 6079.665757576091
  CPU_mm: 599.29929463820929
  CPU_sse: 2142.4479777612664
  CPU_fma: 7310.9172546803875
  CPU_avx: 5168.4861881511715
  CPU_avx512: 9696.8116097115399
  m_CPU_enc_SHA: 890432229.94660163
  m_CPU_enc_AES: 6883702067.200388
  m_CPU_enc_ECDSA: 805172485.60185945
  ME_ALLOC_S: 2236.5982737970976
  ME_READ_S: 19243.974218750001
  ME_READ_L: 6849.490234375
  ME_WRITE: 7171.12060546875
  ME_LARGE: 18858.416666666668
  ME_LATENCY: 75.133970029514742
  ME_THREADED: 39105.91259765625
  SUMM_CPU: 7041.8780992419934
  SUMM_ME: 1722.0698186716679
SystemInformation:
  OSName: Ubuntu 24.04.4 LTS
  Kernel: 6.8.0-106-generic
  Device: ""
  Processor: Intel(R) Xeon(R) Platinum 8269CY CPU @ 2.50GHz
  NumSockets: 1
  Manufacturer: GenuineIntel
  NumCores: 4
  NumLogicals: 8
  CPUFrequency: 0
  CPUMaxFrequency: 0
  Memory: 31710
  CPUInfo:
    number: 1
    Family: 6
    Model: 5
    stepping: 7
    features: 529267711
    manufacture: GenuineIntel
    typestring: Intel(R) Xeon(R) Platinum 8269CY CPU @ 2.50GHz
    iCoresPerPackage: 4
    iThreadsPerPackage: 2
    featuresEx:
      - 529267711
      - 4277809667
      - 739248128
    bHybrid: false
    nPCore: 0
    nLogicalsPerPCore: 0
    nECore: 0
    nLogicalsPerECore: 0
  MemModuleInfo:
    iNumMemSticks: 2
    DIMM 1:
      manufacturer: Alibaba Cloud
      modulePartNo: Not Specified
      memType: RAM
      size: 16
      clkspeed: 0
      moduleVoltage: 0
    DIMM 2:
      manufacturer: Alibaba Cloud
      modulePartNo: Not Specified
      memType: RAM
      size: 16
      clkspeed: 0
      moduleVoltage: 0
Checksum: 981E184E13C1397012EF8CF82F41729F1BC3476A