---
system-info:
      stress-ng-version: 0.17.08
      run-by: root
      date-yyyy-mm-dd: 2024:06:13
      time-hh-mm-ss: 20:56:27
      epoch-secs: 1718312187
      hostname: 4169d57873a8
      sysname: Linux
      nodename: 4169d57873a8
      release: 6.8.0-1008-aws
      version: '#8-Ubuntu SMP Sat Apr 20 00:46:25 UTC 2024'
      machine: x86_64
      compiler: 'musl-gcc 13.2.1'
      uptime: 186
      totalram: 8200843264
      freeram: 3904700416
      sharedram: 40718336
      bufferram: 105840640
      totalswap: 0
      freeswap: 0
      pagesize: 4096
      cpus: 2
      cpus-online: 2
      ticks-per-second: 100

metrics:
    - stressor: cpu
      bogo-ops: 33406
      bogo-ops-per-second-usr-sys-time: 845.877910
      bogo-ops-per-second-real-time: 1670.290751
      wall-clock-time: 20.000111
      user-time: 39.479146
      system-time: 0.013551
      cpu-usage-per-instance: 98.731196
      max-rss: 1104

...
