---
system-info:
      stress-ng-version: 0.17.08
      run-by: root
      date-yyyy-mm-dd: 2024:06:08
      time-hh-mm-ss: 07:56:27
      epoch-secs: 1717833387
      hostname: 5cbd2b0b19f8
      sysname: Linux
      nodename: 5cbd2b0b19f8
      release: 6.8.0-1008-aws
      version: '#8-Ubuntu SMP Sat Apr 20 00:46:25 UTC 2024'
      machine: x86_64
      compiler: 'musl-gcc 13.2.1'
      uptime: 160
      totalram: 8200843264
      freeram: 3941998592
      sharedram: 40718336
      bufferram: 98078720
      totalswap: 0
      freeswap: 0
      pagesize: 4096
      cpus: 2
      cpus-online: 2
      ticks-per-second: 100

metrics:
    - stressor: cpu
      bogo-ops: 20339
      bogo-ops-per-second-usr-sys-time: 1029.419461
      bogo-ops-per-second-real-time: 2033.629039
      wall-clock-time: 10.001332
      user-time: 19.749762
      system-time: 0.007976
      cpu-usage-per-instance: 98.775529
      max-rss: 3920

...
