---
system-info:
      stress-ng-version: 0.17.08
      run-by: root
      date-yyyy-mm-dd: 2024:09:16
      time-hh-mm-ss: 19:49:04
      epoch-secs: 1726516144
      hostname: sc-runner
      sysname: Linux
      nodename: sc-runner
      release: 6.8.0-1014-azure
      version: '#16-Ubuntu SMP Thu Aug 15 20:04:41 UTC 2024'
      machine: x86_64
      compiler: 'musl-gcc 13.2.1'
      uptime: 286
      totalram: 67419570176
      freeram: 57029472256
      sharedram: 55029760
      bufferram: 251056128
      totalswap: 0
      freeswap: 0
      pagesize: 4096
      cpus: 16
      cpus-online: 16
      ticks-per-second: 100

metrics:
    - stressor: cpu
      bogo-ops: 309497
      bogo-ops-per-second-usr-sys-time: 968.274548
      bogo-ops-per-second-real-time: 15474.787982
      wall-clock-time: 20.000080
      user-time: 319.602666
      system-time: 0.034983
      cpu-usage-per-instance: 99.886365
      max-rss: 3120

...
