---
system-info:
      stress-ng-version: 0.17.08
      run-by: root
      date-yyyy-mm-dd: 2024:09:06
      time-hh-mm-ss: 04:29:51
      epoch-secs: 1725596991
      hostname: sc-runner
      sysname: Linux
      nodename: sc-runner
      release: 6.8.0-1013-azure
      version: '#15-Ubuntu SMP Thu Aug  8 18:40:40 UTC 2024'
      machine: x86_64
      compiler: 'musl-gcc 13.2.1'
      uptime: 311
      totalram: 67419578368
      freeram: 58574233600
      sharedram: 55029760
      bufferram: 240107520
      totalswap: 0
      freeswap: 0
      pagesize: 4096
      cpus: 16
      cpus-online: 16
      ticks-per-second: 100

metrics:
    - stressor: cpu
      bogo-ops: 310360
      bogo-ops-per-second-usr-sys-time: 971.230756
      bogo-ops-per-second-real-time: 15517.934364
      wall-clock-time: 20.000085
      user-time: 319.535317
      system-time: 0.017990
      cpu-usage-per-instance: 99.859986
      max-rss: 3128

...
