BaselineInfo:
  WebDBID: -1
  TimeStamp: 20241109184143
Version:
  Major: 11
  Minor: 0
  Build: 1002
  SpecialBuildName: ""
  ptArchitecture: x86_64_linux
Results:
  Results Complete: true
  NumTestProcesses: 24
  CPU_INTEGER_MATH: 99722.032333333307
  CPU_FLOATINGPOINT_MATH: 54866.833520847787
  CPU_PRIME: 179.96399337034586
  CPU_SORTING: 52149.200169442542
  CPU_ENCRYPTION: 25768.324048553804
  CPU_COMPRESSION: 380415.67786276841
  CPU_SINGLETHREAD: 2591.3720235697183
  CPU_PHYSICS: 3336.6491537417587
  CPU_MATRIX_MULT_SSE: 22445.88885414166
  CPU_mm: 2697.5692015192217
  CPU_sse: 11460.471332502184
  CPU_fma: 31256.38784001215
  CPU_avx: 24620.807389910653
  CPU_avx512: 0
  m_CPU_enc_SHA: 37348913224.16053
  m_CPU_enc_AES: 23894413652.722939
  m_CPU_enc_ECDSA: 19816811595.725594
  ME_ALLOC_S: 10500.078253043072
  ME_READ_S: 26249.299414062501
  ME_READ_L: 17177.03125
  ME_WRITE: 19706.140625
  ME_LARGE: 665832.33333333337
  ME_LATENCY: 63.2944992218344
  ME_THREADED: 82765.907958984375
  SUMM_CPU: 31215.575088186557
  SUMM_ME: 2854.448940177831
SystemInformation:
  OSName: Ubuntu 24.04.1 LTS
  Kernel: 6.8.0-1017-azure
  Device: ""
  Processor: AMD EPYC 7763 64-Core Processor
  NumSockets: 1
  Manufacturer: AuthenticAMD
  NumCores: 12
  NumLogicals: 24
  CPUFrequency: 0
  Memory: 676870
  MemModuleInfo:
    iNumMemSticks: 3
    DIMM 1:
      manufacturer: Microsoft Corporation
      modulePartNo: None
      memType: Unknown
      size: 1
      clkspeed: 0
      moduleVoltage: 0
    DIMM 2:
      manufacturer: Microsoft Corporation
      modulePartNo: None
      memType: Unknown
      size: 59
      clkspeed: 0
      moduleVoltage: 0
    DIMM 3:
      manufacturer: Microsoft Corporation
      modulePartNo: None
      memType: Unknown
      size: 612
      clkspeed: 0
      moduleVoltage: 0
Checksum: AC065D66D2BC7211D4CE230BBF8B30C43865455E