---
system-info:
      stress-ng-version: 0.17.08
      run-by: root
      date-yyyy-mm-dd: 2024:09:22
      time-hh-mm-ss: 12:57:49
      epoch-secs: 1727009869
      hostname: sc-runner
      sysname: Linux
      nodename: sc-runner
      release: 6.8.0-1014-azure
      version: '#16-Ubuntu SMP Thu Aug 15 20:04:41 UTC 2024'
      machine: x86_64
      compiler: 'musl-gcc 13.2.1'
      uptime: 319
      totalram: 168987693056
      freeram: 157465526272
      sharedram: 172482560
      bufferram: 265695232
      totalswap: 0
      freeswap: 0
      pagesize: 4096
      cpus: 20
      cpus-online: 20
      ticks-per-second: 100

metrics:
    - stressor: cpu
      bogo-ops: 540642
      bogo-ops-per-second-usr-sys-time: 1353.487420
      bogo-ops-per-second-real-time: 27032.024610
      wall-clock-time: 20.000056
      user-time: 399.412698
      system-time: 0.030985
      cpu-usage-per-instance: 99.860642
      max-rss: 3284

...
