---
system-info:
      stress-ng-version: 0.17.08
      run-by: root
      date-yyyy-mm-dd: 2024:09:16
      time-hh-mm-ss: 01:18:53
      epoch-secs: 1726449533
      hostname: sc-runner
      sysname: Linux
      nodename: sc-runner
      release: 6.8.0-1014-azure
      version: '#16-Ubuntu SMP Thu Aug 15 20:04:41 UTC 2024'
      machine: x86_64
      compiler: 'musl-gcc 13.2.1'
      uptime: 617
      totalram: 33653039104
      freeram: 23592181760
      sharedram: 57102336
      bufferram: 225738752
      totalswap: 0
      freeswap: 0
      pagesize: 4096
      cpus: 4
      cpus-online: 4
      ticks-per-second: 100

metrics:
    - stressor: cpu
      bogo-ops: 7628
      bogo-ops-per-second-usr-sys-time: 381.402708
      bogo-ops-per-second-real-time: 381.395994
      wall-clock-time: 20.000210
      user-time: 19.964265
      system-time: 0.035593
      cpu-usage-per-instance: 99.998240
      max-rss: 3152

...
