---
system-info:
      stress-ng-version: 0.17.08
      run-by: root
      date-yyyy-mm-dd: 2024:08:30
      time-hh-mm-ss: 19:07:11
      epoch-secs: 1725044831
      hostname: sc-runner
      sysname: Linux
      nodename: sc-runner
      release: 6.8.0-1013-azure
      version: '#15-Ubuntu SMP Thu Aug  8 19:55:58 UTC 2024'
      machine: aarch64
      compiler: 'musl-gcc 13.2.1'
      uptime: 354
      totalram: 33589325824
      freeram: 25165004800
      sharedram: 38137856
      bufferram: 204017664
      totalswap: 0
      freeswap: 0
      pagesize: 4096
      cpus: 8
      cpus-online: 8
      ticks-per-second: 100

metrics:
    - stressor: cpu
      bogo-ops: 290025
      bogo-ops-per-second-usr-sys-time: 1816.392729
      bogo-ops-per-second-real-time: 14501.204104
      wall-clock-time: 20.000063
      user-time: 159.657875
      system-time: 0.012991
      cpu-usage-per-instance: 99.793975
      max-rss: 1192

...
