BaselineInfo:
  WebDBID: -1
  TimeStamp: 20241108231835
Version:
  Major: 11
  Minor: 0
  Build: 1002
  SpecialBuildName: ""
  ptArchitecture: x86_64_linux
Results:
  Results Complete: true
  NumTestProcesses: 48
  CPU_INTEGER_MATH: 149071.19766666667
  CPU_FLOATINGPOINT_MATH: 80163.6491636672
  CPU_PRIME: 204.85797068698031
  CPU_SORTING: 76366.377439758639
  CPU_ENCRYPTION: 20471.867899229524
  CPU_COMPRESSION: 658184.20072918816
  CPU_SINGLETHREAD: 2005.0599245935366
  CPU_PHYSICS: 4009.3970803873431
  CPU_MATRIX_MULT_SSE: 39421.86437921739
  CPU_mm: 4507.3690838905859
  CPU_sse: 16356.486062894006
  CPU_fma: 47244.914798425787
  CPU_avx: 33325.806436434264
  CPU_avx512: 60760.250219115536
  m_CPU_enc_SHA: 6735483662.2942047
  m_CPU_enc_AES: 51657461164.071007
  m_CPU_enc_ECDSA: 6005983236.5422592
  ME_ALLOC_S: 17058.577899975651
  ME_READ_S: 24206.261328125001
  ME_READ_L: 10811.30078125
  ME_WRITE: 10207.859375
  ME_LARGE: 36987.666666666664
  ME_LATENCY: 51.087272341782544
  ME_THREADED: 163843.53637695312
  SUMM_CPU: 38168.24242084696
  SUMM_ME: 2687.7020544456509
SystemInformation:
  OSName: Ubuntu 24.04.1 LTS
  Kernel: 6.8.0-1015-gcp
  Device: ""
  Processor: Intel Xeon CPU @ 2.80GHz
  NumSockets: 2
  Manufacturer: GenuineIntel
  NumCores: 24
  NumLogicals: 48
  CPUFrequency: 0
  Memory: 48253
  MemModuleInfo:
    iNumMemSticks: 3
    DIMM 1:
      manufacturer: ""
      modulePartNo: ""
      memType: RAM
      size: 16
      clkspeed: 0
      moduleVoltage: 0
    DIMM 2:
      manufacturer: ""
      modulePartNo: ""
      memType: RAM
      size: 16
      clkspeed: 0
      moduleVoltage: 0
    DIMM 3:
      manufacturer: ""
      modulePartNo: ""
      memType: RAM
      size: 16
      clkspeed: 0
      moduleVoltage: 0
Checksum: A75C33F5D9965F267FE8C3B1C178A6CAAD79B691