---
system-info:
      stress-ng-version: 0.17.08
      run-by: root
      date-yyyy-mm-dd: 2024:06:07
      time-hh-mm-ss: 14:22:14
      epoch-secs: 1717770134
      hostname: fd0800e8f740
      sysname: Linux
      nodename: fd0800e8f740
      release: 6.8.0-1008-aws
      version: '#8-Ubuntu SMP Sat Apr 20 00:46:25 UTC 2024'
      machine: x86_64
      compiler: 'musl-gcc 13.2.1'
      uptime: 148
      totalram: 1065117110272
      freeram: 1059101843456
      sharedram: 117116928
      bufferram: 91594752
      totalswap: 0
      freeswap: 0
      pagesize: 4096
      cpus: 128
      cpus-online: 128
      ticks-per-second: 100

metrics:
    - stressor: cpu
      bogo-ops: 16775
      bogo-ops-per-second-usr-sys-time: 1677.253444
      bogo-ops-per-second-real-time: 1677.234957
      wall-clock-time: 10.001580
      user-time: 10.000471
      system-time: 0.000999
      cpu-usage-per-instance: 99.998898
      max-rss: 3072

...
