---
system-info:
      stress-ng-version: 0.17.08
      run-by: root
      date-yyyy-mm-dd: 2024:07:12
      time-hh-mm-ss: 13:21:55
      epoch-secs: 1720790515
      hostname: ip-172-31-22-35
      sysname: Linux
      nodename: ip-172-31-22-35
      release: 6.8.0-1010-aws
      version: '#10-Ubuntu SMP Thu Jun 13 17:36:15 UTC 2024'
      machine: x86_64
      compiler: 'musl-gcc 13.2.1'
      uptime: 182
      totalram: 1065117110272
      freeram: 1058009976832
      sharedram: 117100544
      bufferram: 129802240
      totalswap: 0
      freeswap: 0
      pagesize: 4096
      cpus: 128
      cpus-online: 128
      ticks-per-second: 100

metrics:
    - stressor: cpu
      bogo-ops: 37828
      bogo-ops-per-second-usr-sys-time: 1891.389219
      bogo-ops-per-second-real-time: 1891.392695
      wall-clock-time: 20.000077
      user-time: 20.000114
      system-time: 0.000000
      cpu-usage-per-instance: 100.000184
      max-rss: 0

...
