BaselineInfo:
  WebDBID: -1
  TimeStamp: 20260404231539
Version:
  Major: 11
  Minor: 0
  Build: 1004
  SpecialBuildName: ""
  ptArchitecture: aarch64_linux
Results:
  Results Complete: true
  NumTestProcesses: 64
  CPU_INTEGER_MATH: 349989.34066666669
  CPU_FLOATINGPOINT_MATH: 293103.46658226161
  CPU_PRIME: 322.76159950310597
  CPU_SORTING: 230302.08755185126
  CPU_ENCRYPTION: 10359.643235574849
  CPU_COMPRESSION: 378523.05264960276
  CPU_SINGLETHREAD: 1641.6931099564185
  CPU_PHYSICS: 6346.95662602414
  CPU_MATRIX_MULT_SSE: 49659.257216010294
  CPU_mm: 8032.3480897742675
  CPU_sse: 41879.901719378009
  CPU_fma: 57438.612712642556
  CPU_avx: 0
  CPU_avx512: 0
  m_CPU_enc_SHA: 15120288871.262413
  m_CPU_enc_AES: 6724602011.4986238
  m_CPU_enc_ECDSA: 10743728913.397373
  ME_ALLOC_S: 27691.528548199181
  ME_READ_S: 22291.922070312499
  ME_READ_L: 19312.060546875
  ME_WRITE: 22463.521484375
  ME_LARGE: 108811
  ME_LATENCY: 58.048669210666326
  ME_THREADED: 157941.75610351562
  SUMM_CPU: 37272.871753567881
  SUMM_ME: 3017.9323579744896
SystemInformation:
  OSName: Ubuntu 24.04.4 LTS
  Kernel: 6.8.0-106-generic
  Device: ""
  Processor: ARM Neoverse-N2 64 Core 3000 MHz
  NumSockets: 1
  Manufacturer: ARM
  NumCores: 64
  NumLogicals: 64
  CPUFrequency: 3000
  CPUMaxFrequency: 3000
  Memory: 125280
Checksum: 80BB3E8AEDA7F1F0DBFB1A2CA73EB53864118D69