---
system-info:
      stress-ng-version: 0.17.08
      run-by: root
      date-yyyy-mm-dd: 2024:07:02
      time-hh-mm-ss: 07:29:58
      epoch-secs: 1719905398
      hostname: c2-standard-16-fa74b45
      sysname: Linux
      nodename: c2-standard-16-fa74b45
      release: 6.8.0-1009-gcp
      version: '#10-Ubuntu SMP Wed Jun 12 18:52:23 UTC 2024'
      machine: x86_64
      compiler: 'musl-gcc 13.2.1'
      uptime: 177
      totalram: 67421847552
      freeram: 62168109056
      sharedram: 27398144
      bufferram: 127053824
      totalswap: 0
      freeswap: 0
      pagesize: 4096
      cpus: 16
      cpus-online: 16
      ticks-per-second: 100

metrics:
    - stressor: cpu
      bogo-ops: 31501
      bogo-ops-per-second-usr-sys-time: 1575.177826
      bogo-ops-per-second-real-time: 1575.042452
      wall-clock-time: 20.000096
      user-time: 19.998377
      system-time: 0.000000
      cpu-usage-per-instance: 99.991406
      max-rss: 1104

...
