size_kb,operation,bandwidth_mb_s,latency_ns,latency_stddev_ns,latency_samples,threads,iterations,elapsed_s
32,read,1703964.72,0,0,0,12,566893,0.124759
32,write,1392903.05,0,0,0,12,568181,0.152967
32,copy,813404.87,0,0,0,12,445632,0.205448
32,latency,0,0.86,0.04,13,1,13,0.233385
128,read,1683713.85,0,0,0,12,254841,0.227035
128,write,1447849.27,0,0,0,12,203086,0.210401
128,copy,961620.79,0,0,0,12,115580,0.180289
128,latency,0,2.34,0.02,7,1,7,0.709887
256,read,1646473.58,0,0,0,12,84061,0.153166
256,write,1448579.71,0,0,0,12,104427,0.216268
256,copy,1038233.96,0,0,0,12,74738,0.215957
256,latency,0,2.61,0.04,7,1,7,0.692428
512,read,1577052.66,0,0,0,12,70721,0.269063
512,write,1534073.65,0,0,0,12,67114,0.262493
512,copy,790289.86,0,0,0,12,25295,0.192043
512,latency,0,3.18,0.16,10,1,10,1.026020
1024,read,1411277.32,0,0,0,12,29029,0.246832
1024,write,1362394.37,0,0,0,12,30784,0.271146
1024,copy,644794.71,0,0,0,12,14217,0.264587
1024,latency,0,3.80,0.19,9,1,9,0.854040
4096,read,1166408.67,0,0,0,12,5426,0.223291
4096,write,1132418.35,0,0,0,12,5363,0.227322
4096,copy,264217.79,0,0,0,12,2084,0.378597
4096,latency,0,8.96,0.13,7,1,7,0.732930
8192,read,483848.55,0,0,0,12,1740,0.345232
8192,write,204118.92,0,0,0,12,1668,0.784484
8192,copy,88343.99,0,0,0,12,898,0.975822
8192,latency,0,9.47,0.20,7,1,7,0.686820
16384,read,211938.69,0,0,0,12,714,0.646829
16384,write,113683.91,0,0,0,12,1368,2.310406
16384,copy,55086.01,0,0,0,12,394,1.373271
16384,latency,0,15.91,13.58,21,1,21,4.315473
32768,read,168009.65,0,0,0,12,425,0.971373
32768,write,96215.18,0,0,0,12,421,1.680234
32768,copy,52253.35,0,0,0,12,178,1.308088
32768,latency,0,115.75,23.30,21,1,21,5.082688
65536,read,159887.73,0,0,0,12,178,0.855000
65536,write,80545.50,0,0,0,12,159,1.516062
65536,copy,54617.17,0,0,0,12,83,1.167106
65536,latency,0,128.33,6.02,8,1,8,5.872258
