---
system-info:
      stress-ng-version: 0.17.08
      run-by: root
      date-yyyy-mm-dd: 2024:06:07
      time-hh-mm-ss: 19:23:48
      epoch-secs: 1717788228
      hostname: 1a91a4942498
      sysname: Linux
      nodename: 1a91a4942498
      release: 6.8.0-1008-aws
      version: '#8-Ubuntu SMP Sat Apr 20 00:46:25 UTC 2024'
      machine: x86_64
      compiler: 'musl-gcc 13.2.1'
      uptime: 141
      totalram: 267549712384
      freeram: 262446927872
      sharedram: 78815232
      bufferram: 93806592
      totalswap: 0
      freeswap: 0
      pagesize: 4096
      cpus: 64
      cpus-online: 64
      ticks-per-second: 100

metrics:
    - stressor: cpu
      bogo-ops: 650742
      bogo-ops-per-second-usr-sys-time: 1017.484153
      bogo-ops-per-second-real-time: 65062.285843
      wall-clock-time: 10.001831
      user-time: 639.467899
      system-time: 0.091939
      cpu-usage-per-instance: 99.912929
      max-rss: 3584

...
