---
system-info:
      stress-ng-version: 0.17.08
      run-by: root
      date-yyyy-mm-dd: 2024:06:13
      time-hh-mm-ss: 10:56:02
      epoch-secs: 1718276162
      hostname: 0a285b969027
      sysname: Linux
      nodename: 0a285b969027
      release: 6.8.0-1008-aws
      version: '#8-Ubuntu SMP Sat Apr 20 00:46:25 UTC 2024'
      machine: x86_64
      compiler: 'musl-gcc 13.2.1'
      uptime: 127
      totalram: 267549736960
      freeram: 262430482432
      sharedram: 78815232
      bufferram: 105943040
      totalswap: 0
      freeswap: 0
      pagesize: 4096
      cpus: 64
      cpus-online: 64
      ticks-per-second: 100

metrics:
    - stressor: cpu
      bogo-ops: 1098743
      bogo-ops-per-second-usr-sys-time: 858.870034
      bogo-ops-per-second-real-time: 54936.886894
      wall-clock-time: 20.000096
      user-time: 1279.245042
      system-time: 0.043973
      cpu-usage-per-instance: 99.943976
      max-rss: 512

...
