BaselineInfo:
  WebDBID: -1
  TimeStamp: 20251006232200
Version:
  Major: 11
  Minor: 0
  Build: 1002
  SpecialBuildName: ""
  ptArchitecture: x86_64_linux
Results:
  Results Complete: true
  NumTestProcesses: 32
  CPU_INTEGER_MATH: 165072.01800000001
  CPU_FLOATINGPOINT_MATH: 119518.73945818428
  CPU_PRIME: 350.20369330003905
  CPU_SORTING: 83955.006701819191
  CPU_ENCRYPTION: 36252.742488634889
  CPU_COMPRESSION: 637750.50294112531
  CPU_SINGLETHREAD: 3262.2132610321182
  CPU_PHYSICS: 6797.9775179629878
  CPU_MATRIX_MULT_SSE: 46055.95792004119
  CPU_mm: 4931.7251913760228
  CPU_sse: 20174.128868883945
  CPU_fma: 52624.281588027654
  CPU_avx: 42724.565375636659
  CPU_avx512: 68700.855847616418
  m_CPU_enc_SHA: 38232079564.072105
  m_CPU_enc_AES: 49942422533.010208
  m_CPU_enc_ECDSA: 25866765026.206142
  ME_ALLOC_S: 17347.799699650757
  ME_READ_S: 27899.685156250001
  ME_READ_L: 17822.876953125
  ME_WRITE: 11407.73046875
  ME_LARGE: 52698.833333333336
  ME_LATENCY: 65.942579054616317
  ME_THREADED: 180115.447265625
  SUMM_CPU: 51718.69582091341
  SUMM_ME: 2724.5814301986006
SystemInformation:
  OSName: Ubuntu 24.04.2 LTS
  Kernel: 6.14.0-1014-aws
  Device: ""
  Processor: Intel Xeon 6975P-C
  NumSockets: 1
  Manufacturer: GenuineIntel
  NumCores: 16
  NumLogicals: 32
  CPUFrequency: 0
  Memory: 63252
  MemModuleInfo:
    iNumMemSticks: 1
    DIMM 1:
      manufacturer: Not Specified
      modulePartNo: Not Specified
      memType: DDR5
      size: 64
      clkspeed: 3600
      moduleVoltage: 0
Checksum: 113442F7C57087D4D77FB9466E0BB018DBA3CC7A