---
system-info:
      stress-ng-version: 0.17.08
      run-by: root
      date-yyyy-mm-dd: 2024:06:04
      time-hh-mm-ss: 20:31:08
      epoch-secs: 1717533068
      hostname: 19f8255e1bcb
      sysname: Linux
      nodename: 19f8255e1bcb
      release: 6.8.0-1008-aws
      version: '#8-Ubuntu SMP Sat Apr 20 02:43:14 UTC 2024'
      machine: aarch64
      compiler: 'musl-gcc 13.2.1'
      uptime: 2711
      totalram: 1886724096
      freeram: 179101696
      sharedram: 3600384
      bufferram: 75706368
      totalswap: 0
      freeswap: 0
      pagesize: 4096
      cpus: 1
      cpus-online: 1
      ticks-per-second: 100

metrics:
    - stressor: cpu
      bogo-ops: 1834
      bogo-ops-per-second-usr-sys-time: 186.626777
      bogo-ops-per-second-real-time: 180.284574
      wall-clock-time: 10.172806
      user-time: 9.820163
      system-time: 0.006937
      cpu-usage-per-instance: 96.601665
      max-rss: 4136

...
