---
system-info:
      stress-ng-version: 0.17.08
      run-by: root
      date-yyyy-mm-dd: 2024:06:13
      time-hh-mm-ss: 23:43:33
      epoch-secs: 1718322213
      hostname: 0fe7405ba20a
      sysname: Linux
      nodename: 0fe7405ba20a
      release: 6.8.0-1008-aws
      version: '#8-Ubuntu SMP Sat Apr 20 02:43:14 UTC 2024'
      machine: aarch64
      compiler: 'musl-gcc 13.2.1'
      uptime: 267
      totalram: 1886724096
      freeram: 155009024
      sharedram: 3551232
      bufferram: 93818880
      totalswap: 0
      freeswap: 0
      pagesize: 4096
      cpus: 1
      cpus-online: 1
      ticks-per-second: 100

metrics:
    - stressor: cpu
      bogo-ops: 28882
      bogo-ops-per-second-usr-sys-time: 1486.408309
      bogo-ops-per-second-real-time: 1444.090222
      wall-clock-time: 20.000135
      user-time: 19.426770
      system-time: 0.003961
      cpu-usage-per-instance: 97.152997
      max-rss: 1320

...
