---
system-info:
      stress-ng-version: 0.17.08
      run-by: root
      date-yyyy-mm-dd: 2024:06:04
      time-hh-mm-ss: 20:10:00
      epoch-secs: 1717531800
      hostname: 6724cc223f0f
      sysname: Linux
      nodename: 6724cc223f0f
      release: 6.8.0-1008-aws
      version: '#8-Ubuntu SMP Sat Apr 20 02:43:14 UTC 2024'
      machine: aarch64
      compiler: 'musl-gcc 13.2.1'
      uptime: 1443
      totalram: 1886724096
      freeram: 164319232
      sharedram: 3600384
      bufferram: 64253952
      totalswap: 0
      freeswap: 0
      pagesize: 4096
      cpus: 1
      cpus-online: 1
      ticks-per-second: 100

metrics:
    - stressor: cpu
      bogo-ops: 1972
      bogo-ops-per-second-usr-sys-time: 204.437772
      bogo-ops-per-second-real-time: 196.943832
      wall-clock-time: 10.013007
      user-time: 9.639028
      system-time: 0.006939
      cpu-usage-per-instance: 96.334366
      max-rss: 4136

...
