---
system-info:
      stress-ng-version: 0.17.08
      run-by: root
      date-yyyy-mm-dd: 2024:06:04
      time-hh-mm-ss: 20:45:39
      epoch-secs: 1717533939
      hostname: 779f5261f511
      sysname: Linux
      nodename: 779f5261f511
      release: 6.8.0-1008-aws
      version: '#8-Ubuntu SMP Sat Apr 20 02:43:14 UTC 2024'
      machine: aarch64
      compiler: 'musl-gcc 13.2.1'
      uptime: 3582
      totalram: 1886724096
      freeram: 148901888
      sharedram: 3600384
      bufferram: 87818240
      totalswap: 0
      freeswap: 0
      pagesize: 4096
      cpus: 1
      cpus-online: 1
      ticks-per-second: 100

metrics:
    - stressor: cpu
      bogo-ops: 1982
      bogo-ops-per-second-usr-sys-time: 201.241728
      bogo-ops-per-second-real-time: 195.507446
      wall-clock-time: 10.137721
      user-time: 9.844890
      system-time: 0.003962
      cpu-usage-per-instance: 97.150550
      max-rss: 4136

...
