---
system-info:
      stress-ng-version: 0.17.08
      run-by: root
      date-yyyy-mm-dd: 2024:06:04
      time-hh-mm-ss: 20:33:37
      epoch-secs: 1717533217
      hostname: 31092428d3e5
      sysname: Linux
      nodename: 31092428d3e5
      release: 6.8.0-1008-aws
      version: '#8-Ubuntu SMP Sat Apr 20 02:43:14 UTC 2024'
      machine: aarch64
      compiler: 'musl-gcc 13.2.1'
      uptime: 2860
      totalram: 1886724096
      freeram: 161415168
      sharedram: 3690496
      bufferram: 77955072
      totalswap: 0
      freeswap: 0
      pagesize: 4096
      cpus: 1
      cpus-online: 1
      ticks-per-second: 100

metrics:
    - stressor: cpu
      bogo-ops: 981
      bogo-ops-per-second-usr-sys-time: 202.323482
      bogo-ops-per-second-real-time: 98.032850
      wall-clock-time: 10.006850
      user-time: 4.846699
      system-time: 0.001972
      cpu-usage-per-instance: 48.453520
      max-rss: 4136

...
