---
system-info:
      stress-ng-version: 0.17.08
      run-by: root
      date-yyyy-mm-dd: 2024:06:08
      time-hh-mm-ss: 17:43:05
      epoch-secs: 1717868585
      hostname: 9e033d1b2585
      sysname: Linux
      nodename: 9e033d1b2585
      release: 6.8.0-1008-aws
      version: '#8-Ubuntu SMP Sat Apr 20 00:46:25 UTC 2024'
      machine: x86_64
      compiler: 'musl-gcc 13.2.1'
      uptime: 126
      totalram: 399308288000
      freeram: 393673375744
      sharedram: 116928512
      bufferram: 104218624
      totalswap: 0
      freeswap: 0
      pagesize: 4096
      cpus: 96
      cpus-online: 96
      ticks-per-second: 100

metrics:
    - stressor: cpu
      bogo-ops: 16761
      bogo-ops-per-second-usr-sys-time: 1675.466004
      bogo-ops-per-second-real-time: 1675.424007
      wall-clock-time: 10.004035
      user-time: 10.001785
      system-time: 0.001999
      cpu-usage-per-instance: 99.997493
      max-rss: 3072

...
