---
system-info:
      stress-ng-version: 0.17.08
      run-by: root
      date-yyyy-mm-dd: 2024:06:14
      time-hh-mm-ss: 23:56:27
      epoch-secs: 1718409387
      hostname: 5535f2ac8d17
      sysname: Linux
      nodename: 5535f2ac8d17
      release: 6.8.0-1008-aws
      version: '#8-Ubuntu SMP Sat Apr 20 00:46:25 UTC 2024'
      machine: x86_64
      compiler: 'musl-gcc 13.2.1'
      uptime: 147
      totalram: 399308349440
      freeram: 393737494528
      sharedram: 116928512
      bufferram: 110493696
      totalswap: 0
      freeswap: 0
      pagesize: 4096
      cpus: 96
      cpus-online: 96
      ticks-per-second: 100

metrics:
    - stressor: cpu
      bogo-ops: 37831
      bogo-ops-per-second-usr-sys-time: 1891.550284
      bogo-ops-per-second-real-time: 1891.542243
      wall-clock-time: 20.000082
      user-time: 19.999997
      system-time: 0.000000
      cpu-usage-per-instance: 99.999575
      max-rss: 768

...
