---
system-info:
      stress-ng-version: 0.17.08
      run-by: root
      date-yyyy-mm-dd: 2024:06:14
      time-hh-mm-ss: 22:05:02
      epoch-secs: 1718402702
      hostname: 1be7eaddea5b
      sysname: Linux
      nodename: 1be7eaddea5b
      release: 6.8.0-31-generic
      version: '#31-Ubuntu SMP PREEMPT_DYNAMIC Sat Apr 20 02:32:42 UTC 2024'
      machine: aarch64
      compiler: 'musl-gcc 13.2.1'
      uptime: 93
      totalram: 32788762624
      freeram: 29166485504
      sharedram: 6787072
      bufferram: 122093568
      totalswap: 0
      freeswap: 0
      pagesize: 4096
      cpus: 16
      cpus-online: 16
      ticks-per-second: 100

metrics:
    - stressor: cpu
      bogo-ops: 36438
      bogo-ops-per-second-usr-sys-time: 1821.885152
      bogo-ops-per-second-real-time: 1821.896178
      wall-clock-time: 20.000042
      user-time: 20.000163
      system-time: 0.000000
      cpu-usage-per-instance: 100.000605
      max-rss: 1192

...
