---
system-info:
      stress-ng-version: 0.17.08
      run-by: root
      date-yyyy-mm-dd: 2024:06:07
      time-hh-mm-ss: 23:31:38
      epoch-secs: 1717803098
      hostname: 79e359cca208
      sysname: Linux
      nodename: 79e359cca208
      release: 6.8.0-31-generic
      version: '#31-Ubuntu SMP PREEMPT_DYNAMIC Sat Apr 20 02:32:42 UTC 2024'
      machine: aarch64
      compiler: 'musl-gcc 13.2.1'
      uptime: 76
      totalram: 32788762624
      freeram: 29203161088
      sharedram: 6787072
      bufferram: 107728896
      totalswap: 0
      freeswap: 0
      pagesize: 4096
      cpus: 16
      cpus-online: 16
      ticks-per-second: 100

metrics:
    - stressor: cpu
      bogo-ops: 3530
      bogo-ops-per-second-usr-sys-time: 350.270726
      bogo-ops-per-second-real-time: 350.403194
      wall-clock-time: 10.074109
      user-time: 10.077919
      system-time: 0.000000
      cpu-usage-per-instance: 100.037819
      max-rss: 4008

...
