---
system-info:
      stress-ng-version: 0.17.08
      run-by: root
      date-yyyy-mm-dd: 2024:07:02
      time-hh-mm-ss: 03:15:42
      epoch-secs: 1719890142
      hostname: n2d-highmem-16-c0f0c7e
      sysname: Linux
      nodename: n2d-highmem-16-c0f0c7e
      release: 6.8.0-1009-gcp
      version: '#10-Ubuntu SMP Wed Jun 12 18:52:23 UTC 2024'
      machine: x86_64
      compiler: 'musl-gcc 13.2.1'
      uptime: 186
      totalram: 135067541504
      freeram: 129792696320
      sharedram: 35000320
      bufferram: 126894080
      totalswap: 0
      freeswap: 0
      pagesize: 4096
      cpus: 16
      cpus-online: 16
      ticks-per-second: 100

metrics:
    - stressor: cpu
      bogo-ops: 53796
      bogo-ops-per-second-usr-sys-time: 2689.860118
      bogo-ops-per-second-real-time: 2689.794645
      wall-clock-time: 20.000040
      user-time: 19.999553
      system-time: 0.000000
      cpu-usage-per-instance: 99.997566
      max-rss: 976

...
