BaselineInfo:
  WebDBID: -1
  TimeStamp: 20241109202029
Version:
  Major: 11
  Minor: 0
  Build: 1002
  SpecialBuildName: ""
  ptArchitecture: x86_64_linux
Results:
  Results Complete: true
  NumTestProcesses: 48
  CPU_INTEGER_MATH: 202180.33366666664
  CPU_FLOATINGPOINT_MATH: 103356.50039511558
  CPU_PRIME: 236.15951869275636
  CPU_SORTING: 101111.02276091633
  CPU_ENCRYPTION: 43900.84599980068
  CPU_COMPRESSION: 733525.08961215126
  CPU_SINGLETHREAD: 2421.8985460798631
  CPU_PHYSICS: 3924.2739970505404
  CPU_MATRIX_MULT_SSE: 41509.680002267254
  CPU_mm: 4354.3203706611021
  CPU_sse: 18667.860205440058
  CPU_fma: 49437.922756460692
  CPU_avx: 38186.86650760995
  CPU_avx512: 59746.070539558365
  m_CPU_enc_SHA: 44277178452.174194
  m_CPU_enc_AES: 66650967134.407211
  m_CPU_enc_ECDSA: 27171974898.679512
  ME_ALLOC_S: 21582.448740709278
  ME_READ_S: 24329.599218750001
  ME_READ_L: 13100.7890625
  ME_WRITE: 11389.36328125
  ME_LARGE: 375314.16666666669
  ME_LATENCY: 50.764173851511337
  ME_THREADED: 157691.67211914062
  SUMM_CPU: 48928.119222802285
  SUMM_ME: 2908.3723530914822
SystemInformation:
  OSName: Ubuntu 24.04.1 LTS
  Kernel: 6.8.0-1017-azure
  Device: ""
  Processor: Intel Xeon Platinum 8370C CPU @ 2.80GHz
  NumSockets: 1
  Manufacturer: GenuineIntel
  NumCores: 24
  NumLogicals: 48
  CPUFrequency: 2800
  Memory: 386747
  MemModuleInfo:
    iNumMemSticks: 3
    DIMM 1:
      manufacturer: Microsoft Corporation
      modulePartNo: None
      memType: Unknown
      size: 1
      clkspeed: 0
      moduleVoltage: 0
    DIMM 2:
      manufacturer: Microsoft Corporation
      modulePartNo: None
      memType: Unknown
      size: 60928
      clkspeed: 0
      moduleVoltage: 0
    DIMM 3:
      manufacturer: Microsoft Corporation
      modulePartNo: None
      memType: Unknown
      size: 331264
      clkspeed: 0
      moduleVoltage: 0
Checksum: 9709DB569B0106BA9345471AF3B6120041E40163