BaselineInfo:
  WebDBID: -1
  TimeStamp: 20241110155228
Version:
  Major: 11
  Minor: 0
  Build: 1002
  SpecialBuildName: ""
  ptArchitecture: x86_64_linux
Results:
  Results Complete: true
  NumTestProcesses: 16
  CPU_INTEGER_MATH: 36617.824000000001
  CPU_FLOATINGPOINT_MATH: 19630.843785953879
  CPU_PRIME: 86.97875342252874
  CPU_SORTING: 19294.404348697597
  CPU_ENCRYPTION: 5038.4887293597767
  CPU_COMPRESSION: 159831.4762939589
  CPU_SINGLETHREAD: 1486.9424024772827
  CPU_PHYSICS: 1541.8130864852612
  CPU_MATRIX_MULT_SSE: 11626.819389518621
  CPU_mm: 1111.5925166337865
  CPU_sse: 3978.4557690759548
  CPU_fma: 13597.399397143423
  CPU_avx: 9599.5754420771336
  CPU_avx512: 19331.846949777973
  m_CPU_enc_SHA: 1654999709.1815472
  m_CPU_enc_AES: 12717210022.285139
  m_CPU_enc_ECDSA: 1477505342.1647885
  ME_ALLOC_S: 4102.4369774669976
  ME_READ_S: 18208.972851562499
  ME_READ_L: 6199.13330078125
  ME_WRITE: 6241.81982421875
  ME_LARGE: 1793370.9166666667
  ME_LATENCY: 72.584382735311308
  ME_THREADED: 64732.2333984375
  SUMM_CPU: 12033.406655344035
  SUMM_ME: 1779.7514333023109
SystemInformation:
  OSName: Ubuntu 24.04.1 LTS
  Kernel: 6.8.0-1017-azure
  Device: ""
  Processor: Intel Xeon Platinum 8280M CPU @ 2.70GHz
  NumSockets: 2
  Manufacturer: GenuineIntel
  NumCores: 8
  NumLogicals: 16
  CPUFrequency: 0
  Memory: 1806214
  MemModuleInfo:
    iNumMemSticks: 4
    DIMM 1:
      manufacturer: Microsoft Corporation
      modulePartNo: None
      memType: Unknown
      size: 1
      clkspeed: 0
      moduleVoltage: 0
    DIMM 2:
      manufacturer: Microsoft Corporation
      modulePartNo: None
      memType: Unknown
      size: 60928
      clkspeed: 0
      moduleVoltage: 0
    DIMM 3:
      manufacturer: Microsoft Corporation
      modulePartNo: None
      memType: Unknown
      size: 855552
      clkspeed: 0
      moduleVoltage: 0
    DIMM 4:
      manufacturer: Microsoft Corporation
      modulePartNo: None
      memType: Unknown
      size: 896
      clkspeed: 0
      moduleVoltage: 0
Checksum: 346EB94DB5CDDCFDD2D01897680FAAFEF1696161