BaselineInfo:
  WebDBID: -1
  TimeStamp: 20241109181845
Version:
  Major: 11
  Minor: 0
  Build: 1002
  SpecialBuildName: ""
  ptArchitecture: aarch64_linux
Results:
  Results Complete: true
  NumTestProcesses: 96
  CPU_INTEGER_MATH: 500192.15999999986
  CPU_FLOATINGPOINT_MATH: 581288.76898897137
  CPU_PRIME: 793.41241166019859
  CPU_SORTING: 416452.74729600671
  CPU_ENCRYPTION: 18127.376282517649
  CPU_COMPRESSION: 637585.22690628434
  CPU_SINGLETHREAD: 1944.116617330124
  CPU_PHYSICS: 18067.869183676507
  CPU_MATRIX_MULT_SSE: 80372.609959371126
  CPU_mm: 10960.418712662142
  CPU_sse: 63170.99279285629
  CPU_fma: 97574.227125886027
  CPU_avx: 0
  CPU_avx512: 0
  m_CPU_enc_SHA: 28527569269.276695
  m_CPU_enc_AES: 10289111046.360909
  m_CPU_enc_ECDSA: 18207114822.814083
  ME_ALLOC_S: 46998.0436704358
  ME_READ_S: 21176.165429687499
  ME_READ_L: 19806.173828125
  ME_WRITE: 21152.986328125
  ME_LARGE: 176452.08333333334
  ME_LATENCY: 46.871886198498885
  ME_THREADED: 506283.9287109375
  SUMM_CPU: 56634.878206348374
  SUMM_ME: 3376.7305006584616
SystemInformation:
  OSName: Ubuntu 24.04.1 LTS
  Kernel: 6.8.0-1016-aws
  Device: ""
  Processor: ARM Neoverse-V2 96 Core 0 MHz
  NumSockets: 1
  Manufacturer: ARM
  NumCores: 96
  NumLogicals: 96
  CPUFrequency: 0
  Memory: 189770
Checksum: 1BFE65905C91871831FDD27CB743097B45440E71