BaselineInfo:
  WebDBID: -1
  TimeStamp: 20241107213634
Version:
  Major: 11
  Minor: 0
  Build: 1002
  SpecialBuildName: ""
  ptArchitecture: aarch64_linux
Results:
  Results Complete: true
  NumTestProcesses: 16
  CPU_INTEGER_MATH: 59184.132666666672
  CPU_FLOATINGPOINT_MATH: 23002.978134430705
  CPU_PRIME: 25.801417382164598
  CPU_SORTING: 24463.884464084942
  CPU_ENCRYPTION: 1598.8031773361927
  CPU_COMPRESSION: 46361.019253536244
  CPU_SINGLETHREAD: 620.44048302709678
  CPU_PHYSICS: 619.13057494060922
  CPU_MATRIX_MULT_SSE: 3925.2346748274713
  CPU_mm: 1160.6336861762261
  CPU_sse: 2985.0870863275413
  CPU_fma: 4865.3822633274021
  CPU_avx: 0
  CPU_avx512: 0
  m_CPU_enc_SHA: 2291099346.9792175
  m_CPU_enc_AES: 1339159502.0526016
  m_CPU_enc_ECDSA: 1399141072.4036078
  ME_ALLOC_S: 4180.9306280864193
  ME_READ_S: 8346.083984375
  ME_READ_L: 8072.9169921875
  ME_WRITE: 8643.3701171875
  ME_LARGE: 20896.166666666668
  ME_LATENCY: 65.454592380043849
  ME_THREADED: 32837.459716796875
  SUMM_CPU: 5725.1764408788322
  SUMM_ME: 1566.7851333955441
SystemInformation:
  OSName: Ubuntu 24.04.1 LTS
  Kernel: 6.8.0-1016-aws
  Device: ""
  Processor: ARM Cortex-A72 16 Core 0 MHz
  NumSockets: 4
  Manufacturer: ARM
  NumCores: 16
  NumLogicals: 16
  CPUFrequency: 0
  Memory: 30988
Checksum: A8BCB0C05AE693936DE4A1485DBAAA885F244F24