---
system-info:
      stress-ng-version: 0.17.08
      run-by: root
      date-yyyy-mm-dd: 2024:09:03
      time-hh-mm-ss: 07:35:16
      epoch-secs: 1725348916
      hostname: sc-runner
      sysname: Linux
      nodename: sc-runner
      release: 6.8.0-1013-azure
      version: '#15-Ubuntu SMP Thu Aug  8 18:40:40 UTC 2024'
      machine: x86_64
      compiler: 'musl-gcc 13.2.1'
      uptime: 587
      totalram: 16765378560
      freeram: 8194232320
      sharedram: 57118720
      bufferram: 212946944
      totalswap: 0
      freeswap: 0
      pagesize: 4096
      cpus: 8
      cpus-online: 8
      ticks-per-second: 100

metrics:
    - stressor: cpu
      bogo-ops: 6901
      bogo-ops-per-second-usr-sys-time: 345.098538
      bogo-ops-per-second-real-time: 345.047540
      wall-clock-time: 20.000143
      user-time: 19.986131
      system-time: 0.011056
      cpu-usage-per-instance: 99.985222
      max-rss: 3152

...
