BaselineInfo:
  WebDBID: -1
  TimeStamp: 20260404185828
Version:
  Major: 11
  Minor: 0
  Build: 1004
  SpecialBuildName: ""
  ptArchitecture: x86_64_linux
Results:
  Results Complete: true
  NumTestProcesses: 12
  CPU_INTEGER_MATH: 50580.518333333326
  CPU_FLOATINGPOINT_MATH: 25868.802698314423
  CPU_PRIME: 106.83656275775418
  CPU_SORTING: 26497.301169323669
  CPU_ENCRYPTION: 10993.652093672856
  CPU_COMPRESSION: 185768.35717892597
  CPU_SINGLETHREAD: 2369.722181947925
  CPU_PHYSICS: 1889.1623018086434
  CPU_MATRIX_MULT_SSE: 10526.297099579078
  CPU_mm: 1089.003460939372
  CPU_sse: 4798.9255175555145
  CPU_fma: 13151.916394644446
  CPU_avx: 9733.1904232777706
  CPU_avx512: 14421.156062838587
  m_CPU_enc_SHA: 11096829358.028208
  m_CPU_enc_AES: 16691673570.08988
  m_CPU_enc_ECDSA: 6794536285.2072401
  ME_ALLOC_S: 6125.1205383367396
  ME_READ_S: 24259.579882812501
  ME_READ_L: 12254.314453125
  ME_WRITE: 11455.10546875
  ME_LARGE: 81364.25
  ME_LATENCY: 52.266702319012417
  ME_THREADED: 57506.76708984375
  SUMM_CPU: 16471.090323987402
  SUMM_ME: 2667.2903511781496
SystemInformation:
  OSName: Ubuntu 24.04.4 LTS
  Kernel: 6.8.0-106-generic
  Device: ""
  Processor: Intel(R) Xeon(R) Platinum 8369B CPU @ 2.90GHz
  NumSockets: 1
  Manufacturer: GenuineIntel
  NumCores: 6
  NumLogicals: 12
  CPUFrequency: 0
  CPUMaxFrequency: 0
  Memory: 94499
  CPUInfo:
    number: 1
    Family: 6
    Model: 10
    stepping: 6
    features: 529267711
    manufacture: GenuineIntel
    typestring: Intel(R) Xeon(R) Platinum 8369B CPU @ 2.90GHz
    iCoresPerPackage: 6
    iThreadsPerPackage: 2
    featuresEx:
      - 529267711
      - 4277809667
      - 739248128
    bHybrid: false
    nPCore: 0
    nLogicalsPerPCore: 0
    nECore: 0
    nLogicalsPerECore: 0
  MemModuleInfo:
    iNumMemSticks: 6
    DIMM 1:
      manufacturer: Alibaba Cloud
      modulePartNo: Not Specified
      memType: RAM
      size: 16
      clkspeed: 0
      moduleVoltage: 0
    DIMM 2:
      manufacturer: Alibaba Cloud
      modulePartNo: Not Specified
      memType: RAM
      size: 16
      clkspeed: 0
      moduleVoltage: 0
    DIMM 3:
      manufacturer: Alibaba Cloud
      modulePartNo: Not Specified
      memType: RAM
      size: 16
      clkspeed: 0
      moduleVoltage: 0
    DIMM 4:
      manufacturer: Alibaba Cloud
      modulePartNo: Not Specified
      memType: RAM
      size: 16
      clkspeed: 0
      moduleVoltage: 0
    DIMM 5:
      manufacturer: Alibaba Cloud
      modulePartNo: Not Specified
      memType: RAM
      size: 16
      clkspeed: 0
      moduleVoltage: 0
    DIMM 6:
      manufacturer: Alibaba Cloud
      modulePartNo: Not Specified
      memType: RAM
      size: 16
      clkspeed: 0
      moduleVoltage: 0
Checksum: 549F253FD545C1A4AFFFC180ACDEFB596F299AEB