"size","threads","connections","rps","latency","failed","server_usr","server_sys","client_usr","client_sys"
"1k",16,16,551588,0.000027210,0,26.18,51.34,13.69,70.18
"1k",16,32,538645,0.000062200,0,23.05,48.31,11.36,57.97
"1k",16,64,680804,0.000087300,0,25.05,51.47,11.31,62.73
"1k",16,128,835868,0.000148290,0,26.27,54.50,11.08,64.78
"1k",16,256,1046991,0.000297680,0,26.53,56.92,11.69,64.10
"1k",16,512,1141463,0.000520300,0,26.87,57.56,11.54,63.71
"1k",32,32,543286,0.000057570,0,23.02,46.36,14.51,74.46
"1k",32,64,650967,0.000101530,0,22.82,53.97,12.49,67.31
"1k",32,128,768780,0.000203120,0,22.67,55.03,13.37,70.04
"1k",32,256,831752,0.000495630,0,22.11,55.29,13.54,70.68
"1k",32,512,866179,0.000777700,0,23.15,55.35,13.53,69.54
"1k",64,64,627199,0.000105430,0,23.43,52.27,14.22,69.88
"1k",64,128,678200,0.000227770,0,22.17,54.10,14.25,71.15
"1k",64,256,717764,0.000515140,0,21.00,54.98,14.02,71.74
"1k",64,512,736517,0.000832940,0,21.50,54.46,13.64,72.29
"16k",16,16,436463,0.000035520,0,23.74,46.73,12.06,71.01
"16k",16,32,461848,0.000064480,0,22.12,47.55,11.10,59.11
"16k",16,64,576566,0.000101290,0,24.52,50.49,11.30,64.13
"16k",16,128,700239,0.000172620,0,24.79,53.15,10.92,67.48
"16k",16,256,827160,0.000305580,0,25.26,54.25,11.41,67.56
"16k",16,512,897040,0.000541970,0,24.93,55.93,11.63,68.46
"16k",32,32,487664,0.000064770,0,24.22,48.63,14.76,73.75
"16k",32,64,557343,0.000114300,0,22.92,52.29,12.62,69.05
"16k",32,128,663224,0.000220910,0,22.31,52.83,12.58,72.98
"16k",32,256,698159,0.000516700,0,21.78,53.69,13.24,73.22
"16k",32,512,730068,0.000920000,0,21.64,54.68,12.77,73.18
"16k",64,64,532266,0.000122200,0,22.72,50.40,13.21,73.47
"16k",64,128,587204,0.000266160,0,21.52,52.68,13.56,72.81
"16k",64,256,606054,0.000581380,0,20.30,53.32,13.95,74.02
"16k",64,512,616120,0.000990000,0,20.72,53.77,13.13,74.31
"64k",16,16,288457,0.000054680,0,20.43,51.39,10.48,70.34
"64k",16,32,287181,0.000101410,0,18.68,48.22,9.26,65.47
"64k",16,64,349757,0.000164640,0,19.67,52.20,9.61,69.09
"64k",16,128,417663,0.000277450,0,20.78,54.93,9.74,71.45
"64k",16,256,467467,0.000497290,0,20.50,57.03,10.12,72.74
"64k",16,512,465513,0.000980000,0,20.26,56.27,9.91,73.76
"64k",32,32,303673,0.000105820,0,19.03,51.87,11.39,75.16
"64k",32,64,326903,0.000193020,0,18.32,50.14,9.94,70.20
"64k",32,128,387179,0.000343370,0,18.00,53.56,10.49,73.18
"64k",32,256,417095,0.000765340,0,18.32,56.53,11.18,75.76
"64k",32,512,411706,0.001400000,0,18.51,57.05,10.80,75.80
"64k",64,64,349690,0.000186630,0,19.34,51.98,11.41,77.40
"64k",64,128,355317,0.000393310,0,17.72,54.81,11.86,77.30
"64k",64,256,364028,0.000870000,0,17.53,55.77,11.52,76.96
"64k",64,512,359808,0.001540000,0,17.85,56.48,11.52,76.28
"256k",16,16,139959,0.000118490,0,17.09,56.59,10.51,73.69
"256k",16,32,135260,0.000301580,0,15.95,52.03,8.62,65.04
"256k",16,64,155364,0.000370980,0,17.83,56.27,9.13,69.17
"256k",16,128,170145,0.000649220,0,19.12,58.07,9.20,73.43
"256k",16,256,165175,0.001340000,0,18.29,56.33,8.51,76.99
"256k",32,32,145459,0.000219020,0,16.86,54.62,10.98,78.88
"256k",32,64,152264,0.000447660,0,17.12,58.69,10.17,75.10
"256k",32,128,157991,0.000890000,0,17.13,59.08,9.99,75.29
"256k",32,256,158194,0.001740000,0,16.78,58.84,9.65,76.13
"256k",64,64,151606,0.000587750,0,17.18,57.33,10.92,75.92
"256k",64,128,149235,0.000960000,0,16.02,59.23,10.54,75.91
"256k",64,256,146390,0.001860000,0,16.18,58.85,10.33,76.46
"512k",16,16,73523,0.002870000,0,13.97,45.99,8.67,80.86
"512k",16,32,77011,0.000695920,0,15.35,49.63,8.05,69.96
"512k",16,64,89518,0.000618130,0,17.73,58.29,8.93,71.98
"512k",16,128,87771,0.001260000,0,17.35,57.27,8.15,76.90
"512k",16,256,85580,0.002390000,0,16.72,56.41,7.81,79.98
"512k",32,32,83547,0.000386800,0,16.14,49.47,10.15,85.70
"512k",32,64,86390,0.000890000,0,16.63,60.15,9.47,75.01
"512k",32,128,84685,0.001570000,0,16.13,59.93,9.13,75.44
"512k",32,256,83660,0.003040000,0,16.00,58.96,8.57,78.02
"512k",64,64,83904,0.000900000,0,15.58,60.07,10.38,75.61
"512k",64,128,81663,0.001630000,0,15.34,60.71,9.63,75.70
"512k",64,256,80239,0.003240000,0,15.23,60.47,9.43,75.93
