BaselineInfo:
  WebDBID: -1
  TimeStamp: 20241108234750
Version:
  Major: 11
  Minor: 0
  Build: 1002
  SpecialBuildName: ""
  ptArchitecture: x86_64_linux
Results:
  Results Complete: true
  NumTestProcesses: 32
  CPU_INTEGER_MATH: 167413.55066666665
  CPU_FLOATINGPOINT_MATH: 137978.80776280817
  CPU_PRIME: 327.87717452332572
  CPU_SORTING: 92227.406556749265
  CPU_ENCRYPTION: 36894.875863351452
  CPU_COMPRESSION: 696356.81450267194
  CPU_SINGLETHREAD: 2437.6264907932846
  CPU_PHYSICS: 4336.3720634216425
  CPU_MATRIX_MULT_SSE: 52726.125153122615
  CPU_mm: 6796.7956220502365
  CPU_sse: 22091.357616957885
  CPU_fma: 59192.463709888463
  CPU_avx: 46700.235139107353
  CPU_avx512: 82920.444146536785
  m_CPU_enc_SHA: 43282206891.108574
  m_CPU_enc_AES: 45144343657.905952
  m_CPU_enc_ECDSA: 27634693510.854321
  ME_ALLOC_S: 25003.688853070173
  ME_READ_S: 24523.312890624999
  ME_READ_L: 12081.44140625
  ME_WRITE: 11033.259765625
  ME_LARGE: 245554.75
  ME_LATENCY: 58.475473538095379
  ME_THREADED: 156821.57421875
  SUMM_CPU: 49792.602690950232
  SUMM_ME: 2681.6630949782566
SystemInformation:
  OSName: Ubuntu 24.04.1 LTS
  Kernel: 6.8.0-1017-azure
  Device: ""
  Processor: Intel Xeon Platinum 8370C CPU @ 2.80GHz
  NumSockets: 1
  Manufacturer: GenuineIntel
  NumCores: 32
  NumLogicals: 32
  CPUFrequency: 2800
  Memory: 257730
  MemModuleInfo:
    iNumMemSticks: 4
    DIMM 1:
      manufacturer: Microsoft Corporation
      modulePartNo: None
      memType: Unknown
      size: 1
      clkspeed: 0
      moduleVoltage: 0
    DIMM 2:
      manufacturer: Microsoft Corporation
      modulePartNo: None
      memType: Unknown
      size: 60928
      clkspeed: 0
      moduleVoltage: 0
    DIMM 3:
      manufacturer: Microsoft Corporation
      modulePartNo: None
      memType: Unknown
      size: 200192
      clkspeed: 0
      moduleVoltage: 0
    DIMM 4:
      manufacturer: Microsoft Corporation
      modulePartNo: None
      memType: Unknown
      size: 180
      clkspeed: 0
      moduleVoltage: 0
Checksum: DABC0F79A3BDD60AB7D3C62E5BB5EBAE2FB3381B