---
system-info:
      stress-ng-version: 0.17.08
      run-by: root
      date-yyyy-mm-dd: 2024:09:03
      time-hh-mm-ss: 05:24:57
      epoch-secs: 1725341097
      hostname: sc-runner
      sysname: Linux
      nodename: sc-runner
      release: 6.8.0-1013-azure
      version: '#15-Ubuntu SMP Thu Aug  8 18:40:40 UTC 2024'
      machine: x86_64
      compiler: 'musl-gcc 13.2.1'
      uptime: 368
      totalram: 14652858368
      freeram: 6134358016
      sharedram: 42172416
      bufferram: 214810624
      totalswap: 0
      freeswap: 0
      pagesize: 4096
      cpus: 4
      cpus-online: 4
      ticks-per-second: 100

metrics:
    - stressor: cpu
      bogo-ops: 84847
      bogo-ops-per-second-usr-sys-time: 1066.346933
      bogo-ops-per-second-real-time: 4242.325270
      wall-clock-time: 20.000117
      user-time: 79.549928
      system-time: 0.017985
      cpu-usage-per-instance: 99.459311
      max-rss: 3256

...
