---
system-info:
      stress-ng-version: 0.17.08
      run-by: root
      date-yyyy-mm-dd: 2024:06:26
      time-hh-mm-ss: 21:36:35
      epoch-secs: 1719437795
      hostname: c3-highmem-8-f7eaf72.us-east4-a.c.algebraic-pier-412621.internal
      sysname: Linux
      nodename: c3-highmem-8-f7eaf72.us-east4-a.c.algebraic-pier-412621.internal
      release: 6.8.0-1009-gcp
      version: '#10-Ubuntu SMP Wed Jun 12 18:52:23 UTC 2024'
      machine: x86_64
      compiler: 'musl-gcc 13.2.1'
      uptime: 134
      totalram: 67423666176
      freeram: 62323523584
      sharedram: 111550464
      bufferram: 126443520
      totalswap: 0
      freeswap: 0
      pagesize: 4096
      cpus: 8
      cpus-online: 8
      ticks-per-second: 100

metrics:
    - stressor: cpu
      bogo-ops: 32452
      bogo-ops-per-second-usr-sys-time: 1622.606653
      bogo-ops-per-second-real-time: 1622.587659
      wall-clock-time: 20.000152
      user-time: 19.998919
      system-time: 0.000999
      cpu-usage-per-instance: 99.998829
      max-rss: 1104

...
