---
system-info:
      stress-ng-version: 0.17.08
      run-by: root
      date-yyyy-mm-dd: 2024:09:17
      time-hh-mm-ss: 05:15:45
      epoch-secs: 1726550145
      hostname: sc-runner
      sysname: Linux
      nodename: sc-runner
      release: 6.8.0-1014-azure
      version: '#16-Ubuntu SMP Thu Aug 15 20:04:41 UTC 2024'
      machine: x86_64
      compiler: 'musl-gcc 13.2.1'
      uptime: 346
      totalram: 270257012736
      freeram: 259750936576
      sharedram: 42090496
      bufferram: 284536832
      totalswap: 0
      freeswap: 0
      pagesize: 4096
      cpus: 16
      cpus-online: 16
      ticks-per-second: 100

metrics:
    - stressor: cpu
      bogo-ops: 28267
      bogo-ops-per-second-usr-sys-time: 1413.367879
      bogo-ops-per-second-real-time: 1413.341946
      wall-clock-time: 20.000114
      user-time: 19.999747
      system-time: 0.000000
      cpu-usage-per-instance: 99.998165
      max-rss: 3152

...
