BaselineInfo:
  WebDBID: -1
  TimeStamp: 20241111111905
Version:
  Major: 11
  Minor: 0
  Build: 1002
  SpecialBuildName: ""
  ptArchitecture: x86_64_linux
Results:
  Results Complete: true
  NumTestProcesses: 32
  CPU_INTEGER_MATH: 99634.276333333299
  CPU_FLOATINGPOINT_MATH: 53550.493323104725
  CPU_PRIME: 133.49770657810473
  CPU_SORTING: 50473.404916366067
  CPU_ENCRYPTION: 13649.024712582148
  CPU_COMPRESSION: 436662.6982109088
  CPU_SINGLETHREAD: 2087.1776765582758
  CPU_PHYSICS: 2357.7045025508723
  CPU_MATRIX_MULT_SSE: 28691.932960499238
  CPU_mm: 3027.8415904230806
  CPU_sse: 10849.617313843803
  CPU_fma: 34642.794139931953
  CPU_avx: 24701.328372915457
  CPU_avx512: 44573.99201530571
  m_CPU_enc_SHA: 4510549920.3163157
  m_CPU_enc_AES: 34390983050.247101
  m_CPU_enc_ECDSA: 4034586240.4981995
  ME_ALLOC_S: 11428.518594697005
  ME_READ_S: 24900.9873046875
  ME_READ_L: 11621.2109375
  ME_WRITE: 11061.8203125
  ME_LARGE: 118159.33333333333
  ME_LATENCY: 48.244957804304477
  ME_THREADED: 110492.99658203125
  SUMM_CPU: 28103.84166300383
  SUMM_ME: 2845.9759659310939
SystemInformation:
  OSName: Ubuntu 24.04.1 LTS
  Kernel: 6.8.0-1017-azure
  Device: ""
  Processor: Intel Xeon Platinum 8272CL CPU @ 2.60GHz
  NumSockets: 1
  Manufacturer: GenuineIntel
  NumCores: 16
  NumLogicals: 32
  CPUFrequency: 0
  Memory: 128803
  MemModuleInfo:
    iNumMemSticks: 3
    DIMM 1:
      manufacturer: Microsoft Corporation
      modulePartNo: None
      memType: Unknown
      size: 1
      clkspeed: 0
      moduleVoltage: 0
    DIMM 2:
      manufacturer: Microsoft Corporation
      modulePartNo: None
      memType: Unknown
      size: 60928
      clkspeed: 0
      moduleVoltage: 0
    DIMM 3:
      manufacturer: Microsoft Corporation
      modulePartNo: None
      memType: Unknown
      size: 69120
      clkspeed: 0
      moduleVoltage: 0
Checksum: C8BF1F41D77C65C75C88457800236B7BFD2A7A46