---
system-info:
      stress-ng-version: 0.17.08
      run-by: root
      date-yyyy-mm-dd: 2024:09:17
      time-hh-mm-ss: 05:26:12
      epoch-secs: 1726550772
      hostname: sc-runner
      sysname: Linux
      nodename: sc-runner
      release: 6.8.0-1014-azure
      version: '#16-Ubuntu SMP Thu Aug 15 20:04:41 UTC 2024'
      machine: x86_64
      compiler: 'musl-gcc 13.2.1'
      uptime: 313
      totalram: 270259843072
      freeram: 259791085568
      sharedram: 42090496
      bufferram: 283086848
      totalswap: 0
      freeswap: 0
      pagesize: 4096
      cpus: 8
      cpus-online: 8
      ticks-per-second: 100

metrics:
    - stressor: cpu
      bogo-ops: 149698
      bogo-ops-per-second-usr-sys-time: 938.844861
      bogo-ops-per-second-real-time: 7484.874515
      wall-clock-time: 20.000068
      user-time: 159.416158
      system-time: 0.032976
      cpu-usage-per-instance: 99.655369
      max-rss: 3256

...
