---
system-info:
      stress-ng-version: 0.17.08
      run-by: root
      date-yyyy-mm-dd: 2024:06:16
      time-hh-mm-ss: 08:43:24
      epoch-secs: 1718527404
      hostname: 1a3e1a0090d3
      sysname: Linux
      nodename: 1a3e1a0090d3
      release: 6.8.0-1008-aws
      version: '#8-Ubuntu SMP Sat Apr 20 00:46:25 UTC 2024'
      machine: x86_64
      compiler: 'musl-gcc 13.2.1'
      uptime: 109
      totalram: 8158191616
      freeram: 3761233920
      sharedram: 113528832
      bufferram: 109846528
      totalswap: 0
      freeswap: 0
      pagesize: 4096
      cpus: 4
      cpus-online: 4
      ticks-per-second: 100

metrics:
    - stressor: cpu
      bogo-ops: 84117
      bogo-ops-per-second-usr-sys-time: 1054.886265
      bogo-ops-per-second-real-time: 4205.828905
      wall-clock-time: 20.000100
      user-time: 79.730357
      system-time: 0.009993
      cpu-usage-per-instance: 99.674938
      max-rss: 976

...
