---
system-info:
      stress-ng-version: 0.17.08
      run-by: root
      date-yyyy-mm-dd: 2024:06:10
      time-hh-mm-ss: 06:44:25
      epoch-secs: 1718001865
      hostname: e541a313a38a
      sysname: Linux
      nodename: e541a313a38a
      release: 6.8.0-1008-aws
      version: '#8-Ubuntu SMP Sat Apr 20 00:46:25 UTC 2024'
      machine: x86_64
      compiler: 'musl-gcc 13.2.1'
      uptime: 106
      totalram: 8158195712
      freeram: 3583156224
      sharedram: 113528832
      bufferram: 115671040
      totalswap: 0
      freeswap: 0
      pagesize: 4096
      cpus: 4
      cpus-online: 4
      ticks-per-second: 100

metrics:
    - stressor: cpu
      bogo-ops: 63019
      bogo-ops-per-second-usr-sys-time: 1584.202251
      bogo-ops-per-second-real-time: 6301.781606
      wall-clock-time: 10.000188
      user-time: 39.766658
      system-time: 0.012985
      cpu-usage-per-instance: 99.447239
      max-rss: 4048

...
