---
system-info:
      stress-ng-version: 0.17.08
      run-by: root
      date-yyyy-mm-dd: 2024:09:03
      time-hh-mm-ss: 06:30:51
      epoch-secs: 1725345051
      hostname: sc-runner
      sysname: Linux
      nodename: sc-runner
      release: 6.8.0-1013-azure
      version: '#15-Ubuntu SMP Thu Aug  8 18:40:40 UTC 2024'
      machine: x86_64
      compiler: 'musl-gcc 13.2.1'
      uptime: 370
      totalram: 29425188864
      freeram: 20883947520
      sharedram: 57114624
      bufferram: 215109632
      totalswap: 0
      freeswap: 0
      pagesize: 4096
      cpus: 4
      cpus-online: 4
      ticks-per-second: 100

metrics:
    - stressor: cpu
      bogo-ops: 64833
      bogo-ops-per-second-usr-sys-time: 816.312655
      bogo-ops-per-second-real-time: 3241.619259
      wall-clock-time: 20.000190
      user-time: 79.377541
      system-time: 0.044234
      cpu-usage-per-instance: 99.276277
      max-rss: 3252

...
