BaselineInfo:
  WebDBID: -1
  TimeStamp: 20241107233812
Version:
  Major: 11
  Minor: 0
  Build: 1002
  SpecialBuildName: ""
  ptArchitecture: x86_64_linux
Results:
  Results Complete: true
  NumTestProcesses: 16
  CPU_INTEGER_MATH: 54010.859666666656
  CPU_FLOATINGPOINT_MATH: 32172.145348459133
  CPU_PRIME: 84.141148669952656
  CPU_SORTING: 32077.314956525792
  CPU_ENCRYPTION: 17035.173251923592
  CPU_COMPRESSION: 243316.07010587529
  CPU_SINGLETHREAD: 2124.5100702531654
  CPU_PHYSICS: 1691.2628275784502
  CPU_MATRIX_MULT_SSE: 14551.229114874959
  CPU_mm: 1612.406042590741
  CPU_sse: 6634.3961273575724
  CPU_fma: 21120.797660880467
  CPU_avx: 15898.493556386835
  CPU_avx512: 0
  m_CPU_enc_SHA: 24088886254.924789
  m_CPU_enc_AES: 16466252118.689245
  m_CPU_enc_ECDSA: 13032883109.813061
  ME_ALLOC_S: 5431.4897793165765
  ME_READ_S: 24643.493554687499
  ME_READ_L: 12404.3271484375
  ME_WRITE: 11096.55078125
  ME_LARGE: 54057.25
  ME_LATENCY: 51.788645770307077
  ME_THREADED: 46544.209716796875
  SUMM_CPU: 19473.467144051599
  SUMM_ME: 2626.316590271073
SystemInformation:
  OSName: Ubuntu 24.04.1 LTS
  Kernel: 6.8.0-1017-azure
  Device: ""
  Processor: AMD EPYC 7452 32-Core Processor
  NumSockets: 1
  Manufacturer: AuthenticAMD
  NumCores: 8
  NumLogicals: 16
  CPUFrequency: 0
  Memory: 64393
  MemModuleInfo:
    iNumMemSticks: 4
    DIMM 1:
      manufacturer: Microsoft Corporation
      modulePartNo: None
      memType: Unknown
      size: 1
      clkspeed: 0
      moduleVoltage: 0
    DIMM 2:
      manufacturer: Microsoft Corporation
      modulePartNo: None
      memType: Unknown
      size: 31
      clkspeed: 0
      moduleVoltage: 0
    DIMM 3:
      manufacturer: Microsoft Corporation
      modulePartNo: None
      memType: Unknown
      size: 29184
      clkspeed: 0
      moduleVoltage: 0
    DIMM 4:
      manufacturer: Microsoft Corporation
      modulePartNo: None
      memType: Unknown
      size: 3584
      clkspeed: 0
      moduleVoltage: 0
Checksum: 8ACB87A780C30357CB0DB47F82D4F8FC01CCC638