---
system-info:
      stress-ng-version: 0.17.08
      run-by: root
      date-yyyy-mm-dd: 2024:06:14
      time-hh-mm-ss: 08:24:41
      epoch-secs: 1718353481
      hostname: ac918ba16136
      sysname: Linux
      nodename: ac918ba16136
      release: 6.8.0-1008-aws
      version: '#8-Ubuntu SMP Sat Apr 20 02:43:14 UTC 2024'
      machine: aarch64
      compiler: 'musl-gcc 13.2.1'
      uptime: 122
      totalram: 33021652992
      freeram: 28667924480
      sharedram: 35020800
      bufferram: 106061824
      totalswap: 0
      freeswap: 0
      pagesize: 4096
      cpus: 16
      cpus-online: 16
      ticks-per-second: 100

metrics:
    - stressor: cpu
      bogo-ops: 490096
      bogo-ops-per-second-usr-sys-time: 1533.040796
      bogo-ops-per-second-real-time: 24504.717385
      wall-clock-time: 20.000067
      user-time: 319.675827
      system-time: 0.012991
      cpu-usage-per-instance: 99.902419
      max-rss: 1320

...
