---
system-info:
      stress-ng-version: 0.17.08
      run-by: root
      date-yyyy-mm-dd: 2024:06:06
      time-hh-mm-ss: 14:55:19
      epoch-secs: 1717685719
      hostname: 1ce40aa8b72c
      sysname: Linux
      nodename: 1ce40aa8b72c
      release: 6.8.0-1008-aws
      version: '#8-Ubuntu SMP Sat Apr 20 02:43:14 UTC 2024'
      machine: aarch64
      compiler: 'musl-gcc 13.2.1'
      uptime: 120
      totalram: 33021657088
      freeram: 28798926848
      sharedram: 35020800
      bufferram: 83390464
      totalswap: 0
      freeswap: 0
      pagesize: 4096
      cpus: 16
      cpus-online: 16
      ticks-per-second: 100

metrics:
    - stressor: cpu
      bogo-ops: 68207
      bogo-ops-per-second-usr-sys-time: 424.820832
      bogo-ops-per-second-real-time: 6788.284276
      wall-clock-time: 10.047752
      user-time: 160.537753
      system-time: 0.016991
      cpu-usage-per-instance: 99.869812
      max-rss: 4136

...
