BaselineInfo:
  WebDBID: -1
  TimeStamp: 20250617190506
Version:
  Major: 11
  Minor: 0
  Build: 1002
  SpecialBuildName: ""
  ptArchitecture: x86_64_linux
Results:
  Results Complete: true
  NumTestProcesses: 80
  CPU_INTEGER_MATH: 332522.96200000006
  CPU_FLOATINGPOINT_MATH: 235425.77603715551
  CPU_PRIME: 666.03781326380999
  CPU_SORTING: 159447.94509933543
  CPU_ENCRYPTION: 73081.726223730177
  CPU_COMPRESSION: 1185570.8116268401
  CPU_SINGLETHREAD: 2921.5839021111365
  CPU_PHYSICS: 10465.29562876759
  CPU_MATRIX_MULT_SSE: 89561.069938469911
  CPU_mm: 9088.2731145240959
  CPU_sse: 38241.699012303317
  CPU_fma: 98675.341039978841
  CPU_avx: 79120.995133908771
  CPU_avx512: 142206.24456768885
  m_CPU_enc_SHA: 77363699973.061142
  m_CPU_enc_AES: 100722682684.48006
  m_CPU_enc_ECDSA: 51808849812.781075
  ME_ALLOC_S: 32186.366156083408
  ME_READ_S: 26248.1435546875
  ME_READ_L: 10444.0400390625
  ME_WRITE: 9818.2705078125
  ME_LARGE: 634642.16666666663
  ME_LATENCY: 59.204997282417331
  ME_THREADED: 243600.63110351562
  SUMM_CPU: 79652.77236748382
  SUMM_ME: 2612.7884117207359
SystemInformation:
  OSName: Ubuntu 24.04.2 LTS
  Kernel: 6.11.0-1015-azure
  Device: ""
  Processor: INTEL XEON PLATINUM 8573C
  NumSockets: 1
  Manufacturer: GenuineIntel
  NumCores: 40
  NumLogicals: 80
  CPUFrequency: 2300
  Memory: 644978
  MemModuleInfo:
    iNumMemSticks: 4
    DIMM 1:
      manufacturer: Microsoft Corporation
      modulePartNo: None
      memType: Unknown
      size: 1
      clkspeed: 0
      moduleVoltage: 0
    DIMM 2:
      manufacturer: Microsoft Corporation
      modulePartNo: None
      memType: Unknown
      size: 59
      clkspeed: 0
      moduleVoltage: 0
    DIMM 3:
      manufacturer: Microsoft Corporation
      modulePartNo: None
      memType: Unknown
      size: 260
      clkspeed: 0
      moduleVoltage: 0
    DIMM 4:
      manufacturer: Microsoft Corporation
      modulePartNo: None
      memType: Unknown
      size: 320
      clkspeed: 0
      moduleVoltage: 0
Checksum: F9CFF38CA52E138DB6FE47DDFF30C592DD8A8F3F