size_kb,operation,bandwidth_mb_s,latency_ns,latency_stddev_ns,latency_samples,threads,iterations,elapsed_s
32,read,149981.07,0,0,0,2,431034,0.179620
32,write,165626.72,0,0,0,2,580046,0.218883
32,copy,124141.37,0,0,0,2,358166,0.180322
32,latency,0,2.15,0.00,7,1,7,0.308903
128,read,123584.56,0,0,0,2,145433,0.294197
128,write,151912.04,0,0,0,2,141803,0.233364
128,copy,87662.35,0,0,0,2,98270,0.280251
128,latency,0,2.81,0.00,7,1,7,0.654328
1024,read,112427.12,0,0,0,2,12521,0.222740
1024,write,146543.32,0,0,0,2,20885,0.285035
1024,copy,68122.94,0,0,0,2,13160,0.386360
1024,latency,0,5.25,0.02,7,1,7,0.680162
2048,read,91360.57,0,0,0,2,6745,0.295313
2048,write,144614.71,0,0,0,2,10045,0.277842
2048,copy,52469.63,0,0,0,2,4403,0.335661
2048,latency,0,10.36,0.04,7,1,7,0.655610
4096,read,64338.93,0,0,0,2,2400,0.298420
4096,write,107893.98,0,0,0,2,4785,0.354793
4096,copy,42172.47,0,0,0,2,1624,0.308068
4096,latency,0,70.97,1.21,7,1,7,0.582206
8192,read,57145.81,0,0,0,2,991,0.277466
8192,write,79609.33,0,0,0,2,2115,0.425076
8192,copy,38846.04,0,0,0,2,767,0.315914
8192,latency,0,99.66,0.61,7,1,7,0.546920
16384,read,48809.68,0,0,0,2,405,0.265521
16384,write,69681.21,0,0,0,2,993,0.456020
16384,copy,32966.08,0,0,0,2,358,0.347509
16384,latency,0,111.82,0.56,7,1,7,1.254009
32768,read,46040.60,0,0,0,2,193,0.268285
32768,write,65564.51,0,0,0,2,504,0.491974
32768,copy,30884.15,0,0,0,2,178,0.368862
32768,latency,0,119.60,0.52,7,1,7,2.714857
65536,read,45672.24,0,0,0,2,100,0.280258
65536,write,63434.37,0,0,0,2,244,0.492351
65536,copy,30762.69,0,0,0,2,88,0.366158
65536,latency,0,120.85,0.19,7,1,7,5.556226
131072,read,45474.54,0,0,0,2,49,0.275847
131072,write,62451.00,0,0,0,2,116,0.475509
131072,copy,30822.56,0,0,0,2,45,0.373752
131072,latency,0,123.09,0.38,7,1,7,11.390464
