---
system-info:
      stress-ng-version: 0.17.08
      run-by: root
      date-yyyy-mm-dd: 2024:06:08
      time-hh-mm-ss: 04:24:11
      epoch-secs: 1717820651
      hostname: 6cf0005cd731
      sysname: Linux
      nodename: 6cf0005cd731
      release: 6.8.0-1008-aws
      version: '#8-Ubuntu SMP Sat Apr 20 00:46:25 UTC 2024'
      machine: x86_64
      compiler: 'musl-gcc 13.2.1'
      uptime: 129
      totalram: 66684051456
      freeram: 62292619264
      sharedram: 40751104
      bufferram: 96563200
      totalswap: 0
      freeswap: 0
      pagesize: 4096
      cpus: 8
      cpus-online: 8
      ticks-per-second: 100

metrics:
    - stressor: cpu
      bogo-ops: 14122
      bogo-ops-per-second-usr-sys-time: 1412.066983
      bogo-ops-per-second-real-time: 1412.049480
      wall-clock-time: 10.001066
      user-time: 10.000942
      system-time: 0.000000
      cpu-usage-per-instance: 99.998760
      max-rss: 3920

...
