---
system-info:
      stress-ng-version: 0.17.08
      run-by: root
      date-yyyy-mm-dd: 2024:06:13
      time-hh-mm-ss: 17:20:40
      epoch-secs: 1718299240
      hostname: 7863957cc40a
      sysname: Linux
      nodename: 7863957cc40a
      release: 6.8.0-1008-aws
      version: '#8-Ubuntu SMP Sat Apr 20 00:46:25 UTC 2024'
      machine: x86_64
      compiler: 'musl-gcc 13.2.1'
      uptime: 186
      totalram: 66684047360
      freeram: 62264606720
      sharedram: 40751104
      bufferram: 107982848
      totalswap: 0
      freeswap: 0
      pagesize: 4096
      cpus: 8
      cpus-online: 8
      ticks-per-second: 100

metrics:
    - stressor: cpu
      bogo-ops: 25628
      bogo-ops-per-second-usr-sys-time: 1281.412558
      bogo-ops-per-second-real-time: 1281.391262
      wall-clock-time: 20.000136
      user-time: 19.997803
      system-time: 0.002001
      cpu-usage-per-instance: 99.998338
      max-rss: 1232

...
