BaselineInfo:
  WebDBID: -1
  TimeStamp: 20260404142814
Version:
  Major: 11
  Minor: 0
  Build: 1004
  SpecialBuildName: ""
  ptArchitecture: x86_64_linux
Results:
  Results Complete: true
  NumTestProcesses: 16
  CPU_INTEGER_MATH: 66476.684666666668
  CPU_FLOATINGPOINT_MATH: 36384.635671130491
  CPU_PRIME: 92.991573897732607
  CPU_SORTING: 35058.0755527242
  CPU_ENCRYPTION: 17105.231228313449
  CPU_COMPRESSION: 250866.4142633428
  CPU_SINGLETHREAD: 2378.1845581881657
  CPU_PHYSICS: 1685.7613693441881
  CPU_MATRIX_MULT_SSE: 14915.056406040505
  CPU_mm: 1796.6205848648954
  CPU_sse: 7639.3338701948305
  CPU_fma: 20788.784118172021
  CPU_avx: 16317.051229754659
  CPU_avx512: 0
  m_CPU_enc_SHA: 24764304947.71162
  m_CPU_enc_AES: 15839197220.746885
  m_CPU_enc_ECDSA: 13204902652.921505
  ME_ALLOC_S: 6741.2170299009595
  ME_READ_S: 23569.479687499999
  ME_READ_L: 17983.921875
  ME_WRITE: 15732.3173828125
  ME_LARGE: 49779.166666666664
  ME_LATENCY: 55.417181389233271
  ME_THREADED: 39815.78955078125
  SUMM_CPU: 21235.698431941441
  SUMM_ME: 2753.6145940293559
SystemInformation:
  OSName: Ubuntu 24.04.4 LTS
  Kernel: 6.8.0-106-generic
  Device: ""
  Processor: "AMD EPYC 7T83 64-Core Processor                "
  NumSockets: 1
  Manufacturer: AuthenticAMD
  NumCores: 8
  NumLogicals: 16
  CPUFrequency: 0
  CPUMaxFrequency: 0
  Memory: 62891
  CPUInfo:
    number: 1
    Family: 15
    Model: 1
    stepping: 1
    features: 395049983
    manufacture: AuthenticAMD
    typestring: "AMD EPYC 7T83 64-Core Processor                "
    iCoresPerPackage: 8
    iThreadsPerPackage: 2
    featuresEx:
      - 395049983
      - 4277809667
      - 802421759
    bHybrid: false
    nPCore: 0
    nLogicalsPerPCore: 0
    nECore: 0
    nLogicalsPerECore: 0
  MemModuleInfo:
    iNumMemSticks: 4
    DIMM 1:
      manufacturer: Alibaba Cloud
      modulePartNo: Not Specified
      memType: RAM
      size: 16
      clkspeed: 0
      moduleVoltage: 0
    DIMM 2:
      manufacturer: Alibaba Cloud
      modulePartNo: Not Specified
      memType: RAM
      size: 16
      clkspeed: 0
      moduleVoltage: 0
    DIMM 3:
      manufacturer: Alibaba Cloud
      modulePartNo: Not Specified
      memType: RAM
      size: 16
      clkspeed: 0
      moduleVoltage: 0
    DIMM 4:
      manufacturer: Alibaba Cloud
      modulePartNo: Not Specified
      memType: RAM
      size: 16
      clkspeed: 0
      moduleVoltage: 0
Checksum: CE6AE98D34018D52DFFA25290515D691EB844D1D