BaselineInfo:
  WebDBID: -1
  TimeStamp: 20241115152945
Version:
  Major: 11
  Minor: 0
  Build: 1002
  SpecialBuildName: ""
  ptArchitecture: x86_64_linux
Results:
  Results Complete: true
  NumTestProcesses: 2
  CPU_INTEGER_MATH: 8275.7363333333342
  CPU_FLOATINGPOINT_MATH: 4590.1326866156305
  CPU_PRIME: 19.778583302496582
  CPU_SORTING: 4638.1114452503534
  CPU_ENCRYPTION: 2153.1191585475053
  CPU_COMPRESSION: 32525.273990051603
  CPU_SINGLETHREAD: 2338.1972870478835
  CPU_PHYSICS: 397.22830540794473
  CPU_MATRIX_MULT_SSE: 1771.3650105057745
  CPU_mm: 223.27454784005485
  CPU_sse: 948.39388304581325
  CPU_fma: 2584.7325185237059
  CPU_avx: 1780.9686299478035
  CPU_avx512: 0
  m_CPU_enc_SHA: 3116310051.4140859
  m_CPU_enc_AES: 1990461581.1836605
  m_CPU_enc_ECDSA: 1666355591.7815795
  ME_ALLOC_S: 922.2889650647046
  ME_READ_S: 24141.324023437501
  ME_READ_L: 20150.0390625
  ME_WRITE: 19283.775390625
  ME_LARGE: 7036.333333333333
  ME_LATENCY: 67.305429688609848
  ME_THREADED: 22619.462890625
  SUMM_CPU: 3148.9291863422045
  SUMM_ME: 2000.4390297777661
SystemInformation:
  OSName: Ubuntu 24.04.1 LTS
  Kernel: 6.8.0-1017-azure
  Device: ""
  Processor: AMD EPYC 7763 64-Core Processor
  NumSockets: 1
  Manufacturer: AuthenticAMD
  NumCores: 1
  NumLogicals: 2
  CPUFrequency: 0
  Memory: 15990
  MemModuleInfo:
    iNumMemSticks: 2
    DIMM 1:
      manufacturer: Microsoft Corporation
      modulePartNo: None
      memType: Unknown
      size: 1
      clkspeed: 0
      moduleVoltage: 0
    DIMM 2:
      manufacturer: Microsoft Corporation
      modulePartNo: None
      memType: Unknown
      size: 15
      clkspeed: 0
      moduleVoltage: 0
Checksum: 0CC98EEDB894DE65FC263115D9852865FBACD206