BaselineInfo:
  WebDBID: -1
  TimeStamp: 20241107042208
Version:
  Major: 11
  Minor: 0
  Build: 1002
  SpecialBuildName: ""
  ptArchitecture: x86_64_linux
Results:
  Results Complete: true
  NumTestProcesses: 2
  CPU_INTEGER_MATH: 8216.119999999999
  CPU_FLOATINGPOINT_MATH: 4592.6814990464336
  CPU_PRIME: 19.80244295828561
  CPU_SORTING: 4643.1018511903931
  CPU_ENCRYPTION: 2160.1187698235117
  CPU_COMPRESSION: 32068.257557470777
  CPU_SINGLETHREAD: 2331.2254060908404
  CPU_PHYSICS: 397.02860597435017
  CPU_MATRIX_MULT_SSE: 1780.326518777149
  CPU_mm: 224.10770534998693
  CPU_sse: 943.59945506686347
  CPU_fma: 2590.2644691095284
  CPU_avx: 1807.1156321550545
  CPU_avx512: 0
  m_CPU_enc_SHA: 3122234328.3531494
  m_CPU_enc_AES: 1997821137.8776121
  m_CPU_enc_ECDSA: 1675090631.3286152
  ME_ALLOC_S: 935.66866868086868
  ME_READ_S: 24224.278125000001
  ME_READ_L: 17679.400390625
  ME_WRITE: 16808.201171875
  ME_LARGE: 6072
  ME_LATENCY: 67.17195513345068
  ME_THREADED: 22390.4296875
  SUMM_CPU: 3140.9099700757688
  SUMM_ME: 1938.8128150108521
SystemInformation:
  OSName: Ubuntu 24.04.1 LTS
  Kernel: 6.8.0-1017-azure
  Device: ""
  Processor: AMD EPYC 7763 64-Core Processor
  NumSockets: 1
  Manufacturer: AuthenticAMD
  NumCores: 1
  NumLogicals: 2
  CPUFrequency: 0
  Memory: 15990
  MemModuleInfo:
    iNumMemSticks: 2
    DIMM 1:
      manufacturer: Microsoft Corporation
      modulePartNo: None
      memType: Unknown
      size: 1
      clkspeed: 0
      moduleVoltage: 0
    DIMM 2:
      manufacturer: Microsoft Corporation
      modulePartNo: None
      memType: Unknown
      size: 15
      clkspeed: 0
      moduleVoltage: 0
Checksum: B1E10CE6CA05E2A3725AC78DD28EEDD1F35A6375