---
system-info:
      stress-ng-version: 0.17.08
      run-by: root
      date-yyyy-mm-dd: 2024:07:02
      time-hh-mm-ss: 05:31:20
      epoch-secs: 1719898280
      hostname: n4-standard-16-312b510
      sysname: Linux
      nodename: n4-standard-16-312b510
      release: 6.8.0-1009-gcp
      version: '#10-Ubuntu SMP Wed Jun 12 18:52:23 UTC 2024'
      machine: x86_64
      compiler: 'musl-gcc 13.2.1'
      uptime: 136
      totalram: 67420815360
      freeram: 61942673408
      sharedram: 274075648
      bufferram: 126574592
      totalswap: 0
      freeswap: 0
      pagesize: 4096
      cpus: 16
      cpus-online: 16
      ticks-per-second: 100

metrics:
    - stressor: cpu
      bogo-ops: 34553
      bogo-ops-per-second-usr-sys-time: 1727.663821
      bogo-ops-per-second-real-time: 1727.641618
      wall-clock-time: 20.000097
      user-time: 19.999840
      system-time: 0.000000
      cpu-usage-per-instance: 99.998715
      max-rss: 1104

...
