BaselineInfo:
  WebDBID: -1
  TimeStamp: 20260708213157
Version:
  Major: 11
  Minor: 0
  Build: 1004
  SpecialBuildName: ""
  ptArchitecture: x86_64_linux
Results:
  Results Complete: true
  NumTestProcesses: 4
  CPU_INTEGER_MATH: 30160.989333333331
  CPU_FLOATINGPOINT_MATH: 30137.617721957551
  CPU_PRIME: 112.79768162308912
  CPU_SORTING: 17609.820256248793
  CPU_ENCRYPTION: 6315.4649575957601
  CPU_COMPRESSION: 132085.91059334882
  CPU_SINGLETHREAD: 3737.8632885823126
  CPU_PHYSICS: 1812.2582798423903
  CPU_MATRIX_MULT_SSE: 11617.319405781083
  CPU_mm: 1392.1221397395864
  CPU_sse: 4388.1011922701418
  CPU_fma: 16513.265740963503
  CPU_avx: 8762.8929564381215
  CPU_avx512: 16805.017733452572
  m_CPU_enc_SHA: 8745901336.4717999
  m_CPU_enc_AES: 5484314801.7350206
  m_CPU_enc_ECDSA: 5636518811.9209785
  ME_ALLOC_S: 5354.8771560896867
  ME_READ_S: 33476.0986328125
  ME_READ_L: 29217.935546875
  ME_WRITE: 30654.15625
  ME_LARGE: 23708.666666666668
  ME_LATENCY: 80.821946214598782
  ME_THREADED: 49376.41796875
  SUMM_CPU: 13311.691598751411
  SUMM_ME: 2595.084252453134
SystemInformation:
  OSName: Ubuntu 24.04.4 LTS
  Kernel: 6.17.0-1018-azure
  Device: ""
  Processor: "AMD EPYC 9V45 96-Core Processor                "
  NumSockets: 1
  Manufacturer: AuthenticAMD
  NumCores: 4
  NumLogicals: 4
  CPUFrequency: 0
  CPUMaxFrequency: 0
  Memory: 32093
  CPUInfo:
    number: 1
    Family: 15
    Model: 2
    stepping: 1
    features: 395049983
    manufacture: AuthenticAMD
    typestring: "AMD EPYC 9V45 96-Core Processor                "
    iCoresPerPackage: 8
    iThreadsPerPackage: 1
    featuresEx:
      - 395049983
      - 4277809667
      - 802421759
    bHybrid: false
    nPCore: 0
    nLogicalsPerPCore: 0
    nECore: 0
    nLogicalsPerECore: 0
  MemModuleInfo:
    iNumMemSticks: 2
    DIMM 1:
      manufacturer: Microsoft Corporation
      modulePartNo: None
      memType: Unknown
      size: 1
      clkspeed: 0
      moduleVoltage: 0
    DIMM 2:
      manufacturer: Microsoft Corporation
      modulePartNo: None
      memType: Unknown
      size: 31
      clkspeed: 0
      moduleVoltage: 0
Checksum: 01D54809FA4162B5471305D13F409532F8BA4B06