---
system-info:
      stress-ng-version: 0.17.08
      run-by: root
      date-yyyy-mm-dd: 2024:09:22
      time-hh-mm-ss: 03:40:48
      epoch-secs: 1726976448
      hostname: sc-runner
      sysname: Linux
      nodename: sc-runner
      release: 6.8.0-1014-azure
      version: '#16-Ubuntu SMP Thu Aug 15 20:04:41 UTC 2024'
      machine: x86_64
      compiler: 'musl-gcc 13.2.1'
      uptime: 337
      totalram: 135066296320
      freeram: 124627963904
      sharedram: 38154240
      bufferram: 259059712
      totalswap: 0
      freeswap: 0
      pagesize: 4096
      cpus: 16
      cpus-online: 16
      ticks-per-second: 100

metrics:
    - stressor: cpu
      bogo-ops: 54154
      bogo-ops-per-second-usr-sys-time: 2707.664394
      bogo-ops-per-second-real-time: 2707.675275
      wall-clock-time: 20.000183
      user-time: 19.999264
      system-time: 0.000999
      cpu-usage-per-instance: 100.000402
      max-rss: 3152

...
