---
system-info:
      stress-ng-version: 0.17.08
      run-by: root
      date-yyyy-mm-dd: 2024:07:12
      time-hh-mm-ss: 06:24:19
      epoch-secs: 1720765459
      hostname: ip-172-31-9-159
      sysname: Linux
      nodename: ip-172-31-9-159
      release: 6.8.0-1010-aws
      version: '#10-Ubuntu SMP Thu Jun 13 17:36:15 UTC 2024'
      machine: x86_64
      compiler: 'musl-gcc 13.2.1'
      uptime: 246
      totalram: 133616545792
      freeram: 125472296960
      sharedram: 20160512
      bufferram: 131051520
      totalswap: 0
      freeswap: 0
      pagesize: 4096
      cpus: 32
      cpus-online: 32
      ticks-per-second: 100

metrics:
    - stressor: cpu
      bogo-ops: 15340
      bogo-ops-per-second-usr-sys-time: 767.009473
      bogo-ops-per-second-real-time: 766.993901
      wall-clock-time: 20.000159
      user-time: 19.999753
      system-time: 0.000000
      cpu-usage-per-instance: 99.997970
      max-rss: 776

...
