---
system-info:
      stress-ng-version: 0.17.08
      run-by: root
      date-yyyy-mm-dd: 2024:09:17
      time-hh-mm-ss: 06:41:59
      epoch-secs: 1726555319
      hostname: sc-runner
      sysname: Linux
      nodename: sc-runner
      release: 6.8.0-1014-azure
      version: '#16-Ubuntu SMP Thu Aug 15 20:04:41 UTC 2024'
      machine: x86_64
      compiler: 'musl-gcc 13.2.1'
      uptime: 353
      totalram: 202798850048
      freeram: 191359041536
      sharedram: 79724544
      bufferram: 307036160
      totalswap: 0
      freeswap: 0
      pagesize: 4096
      cpus: 48
      cpus-online: 48
      ticks-per-second: 100

metrics:
    - stressor: cpu
      bogo-ops: 29472
      bogo-ops-per-second-usr-sys-time: 1473.593664
      bogo-ops-per-second-real-time: 1473.597400
      wall-clock-time: 20.000035
      user-time: 19.999086
      system-time: 0.001000
      cpu-usage-per-instance: 100.000254
      max-rss: 3200

...
