BaselineInfo:
  WebDBID: -1
  TimeStamp: 20241108021556
Version:
  Major: 11
  Minor: 0
  Build: 1002
  SpecialBuildName: ""
  ptArchitecture: x86_64_linux
Results:
  Results Complete: true
  NumTestProcesses: 8
  CPU_INTEGER_MATH: 32853.498666666666
  CPU_FLOATINGPOINT_MATH: 23316.975595225205
  CPU_PRIME: 71.49927803411083
  CPU_SORTING: 16853.316734900745
  CPU_ENCRYPTION: 7258.0614279260026
  CPU_COMPRESSION: 123799.30220750575
  CPU_SINGLETHREAD: 2549.7369931688841
  CPU_PHYSICS: 1629.8065282314312
  CPU_MATRIX_MULT_SSE: 8974.0033691792032
  CPU_mm: 931.43224457580516
  CPU_sse: 4049.2263325538229
  CPU_fma: 10101.526992397172
  CPU_avx: 7856.4588223086193
  CPU_avx512: 13888.801329457196
  m_CPU_enc_SHA: 7615782189.1082811
  m_CPU_enc_AES: 9950350084.0715752
  m_CPU_enc_ECDSA: 5265754786.366951
  ME_ALLOC_S: 4132.6294079537311
  ME_READ_S: 22836.75390625
  ME_READ_L: 7673.38818359375
  ME_WRITE: 7326.966796875
  ME_LARGE: 52172.083333333336
  ME_LATENCY: 70.520084898487852
  ME_THREADED: 47108.77880859375
  SUMM_CPU: 12270.586210419853
  SUMM_ME: 1960.8698917161651
SystemInformation:
  OSName: Ubuntu 24.04.1 LTS
  Kernel: 6.8.0-1015-gcp
  Device: ""
  Processor: INTEL XEON PLATINUM 8581C CPU @ 2.30GHz
  NumSockets: 1
  Manufacturer: GenuineIntel
  NumCores: 4
  NumLogicals: 8
  CPUFrequency: 0
  Memory: 62284
  MemModuleInfo:
    iNumMemSticks: 4
    DIMM 1:
      manufacturer: ""
      modulePartNo: ""
      memType: RAM
      size: 16
      clkspeed: 0
      moduleVoltage: 0
    DIMM 2:
      manufacturer: ""
      modulePartNo: ""
      memType: RAM
      size: 16
      clkspeed: 0
      moduleVoltage: 0
    DIMM 3:
      manufacturer: ""
      modulePartNo: ""
      memType: RAM
      size: 16
      clkspeed: 0
      moduleVoltage: 0
    DIMM 4:
      manufacturer: ""
      modulePartNo: ""
      memType: RAM
      size: 14
      clkspeed: 0
      moduleVoltage: 0
Checksum: A1492A03AD589BCB4C928FF81B4C7BA6039DD5D8