BaselineInfo:
  WebDBID: -1
  TimeStamp: 20260120212340
Version:
  Major: 11
  Minor: 0
  Build: 1004
  SpecialBuildName: ""
  ptArchitecture: x86_64_linux
Results:
  Results Complete: true
  NumTestProcesses: 8
  CPU_INTEGER_MATH: 26687.409
  CPU_FLOATINGPOINT_MATH: 15923.884033324444
  CPU_PRIME: 39.503932388427238
  CPU_SORTING: 15922.421922642476
  CPU_ENCRYPTION: 8342.3183568599197
  CPU_COMPRESSION: 119296.31666852298
  CPU_SINGLETHREAD: 2109.6434375285739
  CPU_PHYSICS: 855.6060198777036
  CPU_MATRIX_MULT_SSE: 7252.9693324738491
  CPU_mm: 799.05817313553337
  CPU_sse: 3303.7724107743866
  CPU_fma: 10702.397763287336
  CPU_avx: 7752.7378233598247
  CPU_avx512: 0
  m_CPU_enc_SHA: 11842163577.303841
  m_CPU_enc_AES: 8092283146.1115446
  m_CPU_enc_ECDSA: 6308217716.6728582
  ME_ALLOC_S: 2659.9543294949317
  ME_READ_S: 24008.502343749999
  ME_READ_L: 12343.806640625
  ME_WRITE: 11248.5693359375
  ME_LARGE: 3769.3333333333335
  ME_LATENCY: 51.674601832543793
  ME_THREADED: 31912.412109375
  SUMM_CPU: 10249.385021846269
  SUMM_ME: 2067.1210331342345
SystemInformation:
  OSName: Ubuntu 24.04.3 LTS
  Kernel: 6.8.0-90-generic
  Device: ""
  Processor: "AMD EPYC 7H12 64-Core Processor                "
  NumSockets: 1
  Manufacturer: AuthenticAMD
  NumCores: 4
  NumLogicals: 8
  CPUFrequency: 7
  CPUMaxFrequency: 832
  Memory: 15086
  CPUInfo:
    number: 1
    Family: 15
    Model: 1
    stepping: 0
    features: 395049983
    manufacture: AuthenticAMD
    typestring: "AMD EPYC 7H12 64-Core Processor                "
    iCoresPerPackage: 4
    iThreadsPerPackage: 2
    featuresEx:
      - 395049983
      - 4277678595
      - 776996864
    bHybrid: false
    nPCore: 0
    nLogicalsPerPCore: 0
    nECore: 0
    nLogicalsPerECore: 0
  MemModuleInfo:
    iNumMemSticks: 1
    DIMM 1:
      manufacturer: Alibaba Cloud
      modulePartNo: Not Specified
      memType: RAM
      size: 16
      clkspeed: 0
      moduleVoltage: 0
Checksum: 58857F392BC7B56F83B0ED3EC0F997EB3701424F