BaselineInfo:
  WebDBID: -1
  TimeStamp: 20260404231622
Version:
  Major: 11
  Minor: 0
  Build: 1004
  SpecialBuildName: ""
  ptArchitecture: x86_64_linux
Results:
  Results Complete: true
  NumTestProcesses: 40
  CPU_INTEGER_MATH: 128430.74033333336
  CPU_FLOATINGPOINT_MATH: 68845.943795696425
  CPU_PRIME: 142.35545881583928
  CPU_SORTING: 73971.829337907344
  CPU_ENCRYPTION: 17670.646061747033
  CPU_COMPRESSION: 586714.70005692251
  CPU_SINGLETHREAD: 2165.5729987811451
  CPU_PHYSICS: 2138.0617578731699
  CPU_MATRIX_MULT_SSE: 35311.937446562042
  CPU_mm: 3889.6008740922107
  CPU_sse: 13366.042688047492
  CPU_fma: 42336.188149976813
  CPU_avx: 30337.890838786963
  CPU_avx512: 55207.628109436882
  m_CPU_enc_SHA: 5784189824.0051241
  m_CPU_enc_AES: 44556947441.126617
  m_CPU_enc_ECDSA: 5245908829.3956347
  ME_ALLOC_S: 13891.079120432922
  ME_READ_S: 24567.513867187499
  ME_READ_L: 10270.1748046875
  ME_WRITE: 9944.06640625
  ME_LARGE: 78624
  ME_LATENCY: 52.035059685184827
  ME_THREADED: 112567.56298828125
  SUMM_CPU: 34144.543053620611
  SUMM_ME: 2642.5928723737929
SystemInformation:
  OSName: Ubuntu 24.04.4 LTS
  Kernel: 6.8.0-106-generic
  Device: ""
  Processor: Intel(R) Xeon(R) Platinum 8269CY CPU T 3.10GHz
  NumSockets: 1
  Manufacturer: GenuineIntel
  NumCores: 20
  NumLogicals: 40
  CPUFrequency: 3100
  CPUMaxFrequency: 3800
  Memory: 92975
  CPUInfo:
    number: 1
    Family: 6
    Model: 5
    stepping: 7
    features: 529267711
    manufacture: GenuineIntel
    typestring: Intel(R) Xeon(R) Platinum 8269CY CPU T 3.10GHz
    iCoresPerPackage: 20
    iThreadsPerPackage: 2
    featuresEx:
      - 529267711
      - 4277809667
      - 739248128
    bHybrid: false
    nPCore: 0
    nLogicalsPerPCore: 0
    nECore: 0
    nLogicalsPerECore: 0
  MemModuleInfo:
    iNumMemSticks: 6
    DIMM 1:
      manufacturer: Alibaba Cloud
      modulePartNo: Not Specified
      memType: RAM
      size: 16
      clkspeed: 0
      moduleVoltage: 0
    DIMM 2:
      manufacturer: Alibaba Cloud
      modulePartNo: Not Specified
      memType: RAM
      size: 16
      clkspeed: 0
      moduleVoltage: 0
    DIMM 3:
      manufacturer: Alibaba Cloud
      modulePartNo: Not Specified
      memType: RAM
      size: 16
      clkspeed: 0
      moduleVoltage: 0
    DIMM 4:
      manufacturer: Alibaba Cloud
      modulePartNo: Not Specified
      memType: RAM
      size: 16
      clkspeed: 0
      moduleVoltage: 0
    DIMM 5:
      manufacturer: Alibaba Cloud
      modulePartNo: Not Specified
      memType: RAM
      size: 16
      clkspeed: 0
      moduleVoltage: 0
    DIMM 6:
      manufacturer: Alibaba Cloud
      modulePartNo: Not Specified
      memType: RAM
      size: 16
      clkspeed: 0
      moduleVoltage: 0
Checksum: BCBDD2BA700E4B14B64634D3D74C312627B9B416