BaselineInfo:
  WebDBID: -1
  TimeStamp: 20241107182311
Version:
  Major: 11
  Minor: 0
  Build: 1002
  SpecialBuildName: ""
  ptArchitecture: x86_64_linux
Results:
  Results Complete: true
  NumTestProcesses: 8
  CPU_INTEGER_MATH: 33178.631333333331
  CPU_FLOATINGPOINT_MATH: 18403.393523599781
  CPU_PRIME: 78.448113903922192
  CPU_SORTING: 18302.573663527961
  CPU_ENCRYPTION: 8667.6265951599653
  CPU_COMPRESSION: 129649.37303491557
  CPU_SINGLETHREAD: 2397.9303372623367
  CPU_PHYSICS: 1557.5380306838474
  CPU_MATRIX_MULT_SSE: 7373.9275891958268
  CPU_mm: 897.69241118706236
  CPU_sse: 3793.2448434869448
  CPU_fma: 10410.479197231363
  CPU_avx: 7918.0587268691743
  CPU_avx512: 0
  m_CPU_enc_SHA: 12549946873.89983
  m_CPU_enc_AES: 8021938827.5673046
  m_CPU_enc_ECDSA: 6694109972.4722338
  ME_ALLOC_S: 3709.4394626637236
  ME_READ_S: 24453.712109374999
  ME_READ_L: 20236.775390625
  ME_WRITE: 19533.361328125
  ME_LARGE: 54265.75
  ME_LATENCY: 62.050861105287375
  ME_THREADED: 83018.1748046875
  SUMM_CPU: 12006.697787819539
  SUMM_ME: 2777.2113776025249
SystemInformation:
  OSName: Ubuntu 24.04.1 LTS
  Kernel: 6.8.0-1017-azure
  Device: ""
  Processor: AMD EPYC 7763 64-Core Processor
  NumSockets: 1
  Manufacturer: AuthenticAMD
  NumCores: 4
  NumLogicals: 8
  CPUFrequency: 0
  Memory: 64299
  MemModuleInfo:
    iNumMemSticks: 3
    DIMM 1:
      manufacturer: Microsoft Corporation
      modulePartNo: None
      memType: Unknown
      size: 1
      clkspeed: 0
      moduleVoltage: 0
    DIMM 2:
      manufacturer: Microsoft Corporation
      modulePartNo: None
      memType: Unknown
      size: 60928
      clkspeed: 0
      moduleVoltage: 0
    DIMM 3:
      manufacturer: Microsoft Corporation
      modulePartNo: None
      memType: Unknown
      size: 3584
      clkspeed: 0
      moduleVoltage: 0
Checksum: 3C8D0DE45C0F8C3E2DA9AF478CA7FEEB5540147F