"size","threads","connections","rps","latency","failed","server_usr","server_sys","client_usr","client_sys"
"1k",20,20,1637448,0.000013210,0,43.40,65.97,18.76,73.46
"1k",20,40,1216668,0.000069110,0,30.86,68.35,14.05,74.00
"1k",20,80,1177622,0.000068260,0,29.84,71.81,12.94,76.85
"1k",20,160,1253008,0.000169100,0,28.22,74.53,12.32,80.58
"1k",20,320,1331768,0.000439790,0,28.24,75.63,11.24,82.33
"1k",20,640,1338130,0.000726320,0,29.45,76.15,10.79,82.79
"1k",40,40,1533005,0.000027980,0,38.60,65.24,18.75,76.44
"1k",40,80,1179233,0.000098240,0,24.04,70.49,13.90,81.50
"1k",40,160,1168892,0.000281200,0,22.47,76.38,12.48,88.99
"1k",40,320,1211260,0.000607050,0,23.38,77.00,11.96,89.36
"1k",40,640,1217476,0.000805100,0,23.71,76.31,12.05,89.57
"1k",80,80,1597577,0.000057700,0,36.95,64.39,21.25,78.46
"1k",80,160,1089827,0.000299500,0,19.28,75.48,13.63,92.36
"1k",80,320,1108071,0.000420850,0,20.33,73.64,18.16,89.22
"1k",80,640,1085051,0.000702400,0,20.15,74.11,17.85,89.53
"16k",20,20,1368253,0.000015160,0,37.17,64.25,16.23,78.00
"16k",20,40,1066095,0.000065950,0,27.52,70.42,13.30,78.21
"16k",20,80,1065621,0.000074010,0,28.04,72.18,12.65,79.05
"16k",20,160,1102318,0.000170880,0,26.82,75.24,11.95,82.08
"16k",20,320,1149274,0.000411130,0,26.87,76.80,11.19,84.11
"16k",20,640,1171978,0.000680640,0,27.89,76.81,10.88,85.11
"16k",40,40,1431605,0.000029290,0,36.45,64.99,18.22,80.26
"16k",40,80,1062568,0.000095060,0,23.35,70.54,14.21,83.86
"16k",40,160,1072299,0.000299220,0,21.00,76.92,12.69,89.58
"16k",40,320,1088514,0.000638610,0,21.69,77.30,12.14,90.58
"16k",40,640,1082721,0.000870000,0,22.01,76.96,12.26,90.92
"16k",80,80,1449121,0.000062940,0,34.28,64.00,19.18,83.66
"16k",80,160,962390,0.000327320,0,18.22,76.06,13.45,93.14
"16k",80,320,1025361,0.000433320,0,20.00,73.06,18.07,90.55
"16k",80,640,1007109,0.000735000,0,19.90,73.70,17.92,90.78
"64k",20,20,840298,0.000024510,0,25.43,71.07,16.17,83.19
"64k",20,40,662693,0.000069900,0,23.59,71.50,12.22,78.89
"64k",20,80,629895,0.000122460,0,22.92,78.28,10.92,81.20
"64k",20,160,618882,0.000268880,0,21.83,83.11,10.20,81.83
"64k",20,320,603100,0.000578670,0,22.81,84.26,9.45,82.78
"64k",20,640,567477,0.001070000,0,25.34,81.63,8.53,85.31
"64k",40,40,876174,0.000047820,0,26.43,69.08,16.17,88.84
"64k",40,80,621754,0.000157220,0,18.89,77.14,12.22,84.65
"64k",40,160,597013,0.000449290,0,16.75,83.71,10.71,90.03
"64k",40,320,594148,0.000801380,0,17.18,84.61,10.39,89.58
"64k",40,640,590493,0.001270000,0,18.67,84.04,10.47,89.06
"64k",80,80,858490,0.000105060,0,25.54,69.88,17.66,88.43
"64k",80,160,590340,0.000405160,0,15.99,82.34,12.14,91.29
"64k",80,320,616150,0.000611150,0,16.63,79.63,16.09,89.81
"64k",80,640,582529,0.001170000,0,17.47,80.59,14.70,89.94
"256k",20,20,343273,0.000063880,0,25.39,73.71,14.59,83.31
"256k",20,40,248916,0.000270710,0,20.96,83.24,10.31,74.01
"256k",20,80,227799,0.000370240,0,20.35,91.19,8.92,75.22
"256k",20,160,209646,0.000782940,0,21.69,93.84,7.62,76.11
"256k",20,320,180836,0.001720000,0,26.39,90.38,6.68,77.19
"256k",40,40,317850,0.000137400,0,22.40,86.06,14.05,78.56
"256k",40,80,241859,0.000405130,0,16.36,92.61,10.13,82.26
"256k",40,160,225103,0.000890000,0,15.78,94.68,8.94,82.28
"256k",40,320,205664,0.001610000,0,21.30,91.35,9.41,79.96
"256k",80,80,308112,0.000309630,0,20.15,85.41,14.36,81.98
"256k",80,160,253136,0.000719080,0,17.19,88.93,12.69,83.07
"256k",80,320,219025,0.001530000,0,18.94,90.64,10.85,82.03
"512k",20,20,154110,0.000132110,0,18.91,97.67,11.64,70.29
"512k",20,40,125111,0.000374430,0,19.46,91.74,8.92,67.73
"512k",20,80,112143,0.000697790,0,21.37,96.54,7.57,72.32
"512k",20,160,91740,0.001660000,0,23.71,98.99,6.35,71.04
"512k",20,320,80809,0.003650000,0,28.09,97.64,5.40,70.21
"512k",40,40,160428,0.000259290,0,19.16,96.76,12.28,73.69
"512k",40,80,123616,0.000766780,0,15.21,100.12,8.83,77.40
"512k",40,160,109799,0.001510000,0,17.41,102.17,8.38,74.02
"512k",40,320,91133,0.003500000,0,24.20,99.89,7.09,70.99
"512k",80,80,151253,0.000563240,0,18.10,96.88,12.35,74.89
"512k",80,160,119515,0.001380000,0,18.91,99.04,10.43,73.84
"512k",80,320,96274,0.003350000,0,27.36,98.87,9.17,67.42
