---
system-info:
      stress-ng-version: 0.17.08
      run-by: root
      date-yyyy-mm-dd: 2024:07:02
      time-hh-mm-ss: 15:27:59
      epoch-secs: 1719934079
      hostname: n2d-highcpu-80-14227ed
      sysname: Linux
      nodename: n2d-highcpu-80-14227ed
      release: 6.8.0-1009-gcp
      version: '#10-Ubuntu SMP Wed Jun 12 18:52:23 UTC 2024'
      machine: x86_64
      compiler: 'musl-gcc 13.2.1'
      uptime: 173
      totalram: 84406239232
      freeram: 78492962816
      sharedram: 69185536
      bufferram: 127504384
      totalswap: 0
      freeswap: 0
      pagesize: 4096
      cpus: 80
      cpus-online: 80
      ticks-per-second: 100

metrics:
    - stressor: cpu
      bogo-ops: 2151021
      bogo-ops-per-second-usr-sys-time: 1345.176801
      bogo-ops-per-second-real-time: 107550.657292
      wall-clock-time: 20.000073
      user-time: 1598.992965
      system-time: 0.068956
      cpu-usage-per-instance: 99.941005
      max-rss: 640

...
