---
system-info:
      stress-ng-version: 0.17.08
      run-by: root
      date-yyyy-mm-dd: 2024:06:15
      time-hh-mm-ss: 03:24:51
      epoch-secs: 1718421891
      hostname: 6ed750d05c94
      sysname: Linux
      nodename: 6ed750d05c94
      release: 6.8.0-1008-aws
      version: '#8-Ubuntu SMP Sat Apr 20 00:46:25 UTC 2024'
      machine: x86_64
      compiler: 'musl-gcc 13.2.1'
      uptime: 110
      totalram: 132914016256
      freeram: 128285929472
      sharedram: 60125184
      bufferram: 108449792
      totalswap: 0
      freeswap: 0
      pagesize: 4096
      cpus: 32
      cpus-online: 32
      ticks-per-second: 100

metrics:
    - stressor: cpu
      bogo-ops: 618063
      bogo-ops-per-second-usr-sys-time: 966.164664
      bogo-ops-per-second-real-time: 30903.039125
      wall-clock-time: 20.000072
      user-time: 639.685739
      system-time: 0.021987
      cpu-usage-per-instance: 99.953974
      max-rss: 1032

...
