---
system-info:
      stress-ng-version: 0.17.08
      run-by: root
      date-yyyy-mm-dd: 2024:06:08
      time-hh-mm-ss: 18:55:43
      epoch-secs: 1717872943
      hostname: 2dc4651e0db2
      sysname: Linux
      nodename: 2dc4651e0db2
      release: 6.8.0-1008-aws
      version: '#8-Ubuntu SMP Sat Apr 20 00:46:25 UTC 2024'
      machine: x86_64
      compiler: 'musl-gcc 13.2.1'
      uptime: 102
      totalram: 132914003968
      freeram: 128235880448
      sharedram: 60125184
      bufferram: 104443904
      totalswap: 0
      freeswap: 0
      pagesize: 4096
      cpus: 32
      cpus-online: 32
      ticks-per-second: 100

metrics:
    - stressor: cpu
      bogo-ops: 376577
      bogo-ops-per-second-usr-sys-time: 1177.381308
      bogo-ops-per-second-real-time: 37649.207494
      wall-clock-time: 10.002256
      user-time: 319.800874
      system-time: 0.041982
      cpu-usage-per-instance: 99.928352
      max-rss: 3848

...
