BaselineInfo:
  WebDBID: -1
  TimeStamp: 20260618115112
Version:
  Major: 11
  Minor: 0
  Build: 1004
  SpecialBuildName: ""
  ptArchitecture: x86_64_linux
Results:
  Results Complete: true
  NumTestProcesses: 2
  CPU_INTEGER_MATH: 9398.743333333332
  CPU_FLOATINGPOINT_MATH: 5263.1961787613791
  CPU_PRIME: 23.094031106219994
  CPU_SORTING: 5774.855343980631
  CPU_ENCRYPTION: 2377.2500916547051
  CPU_COMPRESSION: 39172.262462977851
  CPU_SINGLETHREAD: 2801.0846547228439
  CPU_PHYSICS: 479.90941029067972
  CPU_MATRIX_MULT_SSE: 2600.6239649606132
  CPU_mm: 252.14250923801634
  CPU_sse: 1113.1747289808204
  CPU_fma: 3469.4322003309599
  CPU_avx: 2855.2112817040279
  CPU_avx512: 2964.6776488266441
  m_CPU_enc_SHA: 3325950142.5302992
  m_CPU_enc_AES: 2256069574.6104574
  m_CPU_enc_ECDSA: 1896162459.1800146
  ME_ALLOC_S: 1020.4355526144277
  ME_READ_S: 27072.8330078125
  ME_READ_L: 25689.369140625
  ME_WRITE: 25208.880859375
  ME_LARGE: 2136.0833333333335
  ME_LATENCY: 72.571049307294388
  ME_THREADED: 27008.03125
  SUMM_CPU: 3799.4966317319031
  SUMM_ME: 1715.0419569668993
SystemInformation:
  OSName: Ubuntu 24.04.4 LTS
  Kernel: 6.8.0-117-generic
  Device: ""
  Processor: "AMD EPYC 9T24 96-Core Processor                "
  NumSockets: 1
  Manufacturer: AuthenticAMD
  NumCores: 1
  NumLogicals: 2
  CPUFrequency: 0
  CPUMaxFrequency: 0
  Memory: 3499
  CPUInfo:
    number: 1
    Family: 15
    Model: 1
    stepping: 1
    features: 395049983
    manufacture: AuthenticAMD
    typestring: "AMD EPYC 9T24 96-Core Processor                "
    iCoresPerPackage: 1
    iThreadsPerPackage: 2
    featuresEx:
      - 395049983
      - 4277809667
      - 802421759
    bHybrid: false
    nPCore: 0
    nLogicalsPerPCore: 0
    nECore: 0
    nLogicalsPerECore: 0
  MemModuleInfo:
    iNumMemSticks: 1
    DIMM 1:
      manufacturer: Alibaba Cloud
      modulePartNo: Not Specified
      memType: RAM
      size: 4
      clkspeed: 0
      moduleVoltage: 0
Checksum: 4B114363E35A40DCB9B3525891A6C679107CC830