---
system-info:
      stress-ng-version: 0.17.08
      run-by: root
      date-yyyy-mm-dd: 2024:09:21
      time-hh-mm-ss: 12:31:20
      epoch-secs: 1726921880
      hostname: sc-runner
      sysname: Linux
      nodename: sc-runner
      release: 6.8.0-1014-azure
      version: '#16-Ubuntu SMP Thu Aug 15 20:04:41 UTC 2024'
      machine: x86_64
      compiler: 'musl-gcc 13.2.1'
      uptime: 306
      totalram: 67423420416
      freeram: 57094287360
      sharedram: 38154240
      bufferram: 258564096
      totalswap: 0
      freeswap: 0
      pagesize: 4096
      cpus: 8
      cpus-online: 8
      ticks-per-second: 100

metrics:
    - stressor: cpu
      bogo-ops: 215599
      bogo-ops-per-second-usr-sys-time: 1350.964073
      bogo-ops-per-second-real-time: 10779.919881
      wall-clock-time: 20.000056
      user-time: 159.564008
      system-time: 0.024988
      cpu-usage-per-instance: 99.742844
      max-rss: 3152

...
