BaselineInfo:
  WebDBID: -1
  TimeStamp: 20241107204658
Version:
  Major: 11
  Minor: 0
  Build: 1002
  SpecialBuildName: ""
  ptArchitecture: aarch64_linux
Results:
  Results Complete: true
  NumTestProcesses: 16
  CPU_INTEGER_MATH: 75134.921666666676
  CPU_FLOATINGPOINT_MATH: 57177.656304911412
  CPU_PRIME: 120.95441226736271
  CPU_SORTING: 54436.19574236375
  CPU_ENCRYPTION: 2592.7363769510457
  CPU_COMPRESSION: 90377.944224870924
  CPU_SINGLETHREAD: 1333.7310754341333
  CPU_PHYSICS: 1994.8489997200707
  CPU_MATRIX_MULT_SSE: 11876.443985165073
  CPU_mm: 1987.7036201532624
  CPU_sse: 9937.1229531204735
  CPU_fma: 13815.765017209671
  CPU_avx: 0
  CPU_avx512: 0
  m_CPU_enc_SHA: 3859101727.3370299
  m_CPU_enc_AES: 1794557606.1521921
  m_CPU_enc_ECDSA: 2502384084.1042385
  ME_ALLOC_S: 11349.796397987764
  ME_READ_S: 11378.61240234375
  ME_READ_L: 9149.583984375
  ME_WRITE: 15021.2626953125
  ME_LARGE: 21639.583333333332
  ME_LATENCY: 69.640030045299923
  ME_THREADED: 121188.17724609375
  SUMM_CPU: 11630.996704054332
  SUMM_ME: 1920.6884806701953
SystemInformation:
  OSName: Ubuntu 24.04.1 LTS
  Kernel: 6.8.0-1017-azure
  Device: ""
  Processor: ARM Neoverse-N1 16 Core 0 MHz
  NumSockets: 1
  Manufacturer: ARM
  NumCores: 16
  NumLogicals: 16
  CPUFrequency: 0
  Memory: 32028
Checksum: 9A0D3ECBCBB88E4306C41E6D844D8F429868BB95