BaselineInfo:
  WebDBID: -1
  TimeStamp: 20241109055438
Version:
  Major: 11
  Minor: 0
  Build: 1002
  SpecialBuildName: ""
  ptArchitecture: x86_64_linux
Results:
  Results Complete: true
  NumTestProcesses: 32
  CPU_INTEGER_MATH: 90763.559999999998
  CPU_FLOATINGPOINT_MATH: 48637.520171188895
  CPU_PRIME: 125.9522463078993
  CPU_SORTING: 46255.639902283758
  CPU_ENCRYPTION: 12445.135334077821
  CPU_COMPRESSION: 395777.14045543259
  CPU_SINGLETHREAD: 1815.5127629444382
  CPU_PHYSICS: 2296.6638621753768
  CPU_MATRIX_MULT_SSE: 24908.259536427271
  CPU_mm: 2446.2567458330291
  CPU_sse: 9735.1739689918613
  CPU_fma: 29185.78705944918
  CPU_avx: 20392.444652100785
  CPU_avx512: 40319.632465167248
  m_CPU_enc_SHA: 4090656666.7045302
  m_CPU_enc_AES: 31404147637.811588
  m_CPU_enc_ECDSA: 3654206379.6818247
  ME_ALLOC_S: 10400.21990695296
  ME_READ_S: 22170.052539062501
  ME_READ_L: 10239.40234375
  ME_WRITE: 9799.4462890625
  ME_LARGE: 114272.91666666667
  ME_LATENCY: 54.323997214649843
  ME_THREADED: 104932.30419921875
  SUMM_CPU: 25379.381908237781
  SUMM_ME: 2531.167086426924
SystemInformation:
  OSName: Ubuntu 24.04.1 LTS
  Kernel: 6.8.0-1016-aws
  Device: ""
  Processor: Intel Xeon Platinum 8259CL CPU @ 2.50GHz
  NumSockets: 1
  Manufacturer: GenuineIntel
  NumCores: 16
  NumLogicals: 32
  CPUFrequency: 0
  Memory: 127426
  MemModuleInfo:
    iNumMemSticks: 1
    DIMM 1:
      manufacturer: Not Specified
      modulePartNo: Not Specified
      memType: DDR4
      size: 128
      clkspeed: 1333
      moduleVoltage: 0
Checksum: 2B2CB0399BD9DE5E31F0A74C810E2114D1697919