---
system-info:
      stress-ng-version: 0.17.08
      run-by: root
      date-yyyy-mm-dd: 2024:09:16
      time-hh-mm-ss: 12:21:44
      epoch-secs: 1726489304
      hostname: sc-runner
      sysname: Linux
      nodename: sc-runner
      release: 6.8.0-1014-azure
      version: '#16-Ubuntu SMP Thu Aug 15 21:06:50 UTC 2024'
      machine: aarch64
      compiler: 'musl-gcc 13.2.1'
      uptime: 338
      totalram: 67292831744
      freeram: 57226113024
      sharedram: 38129664
      bufferram: 227139584
      totalswap: 0
      freeswap: 0
      pagesize: 4096
      cpus: 16
      cpus-online: 16
      ticks-per-second: 100

metrics:
    - stressor: cpu
      bogo-ops: 36448
      bogo-ops-per-second-usr-sys-time: 1822.402096
      bogo-ops-per-second-real-time: 1822.390485
      wall-clock-time: 20.000104
      user-time: 19.999977
      system-time: 0.000000
      cpu-usage-per-instance: 99.999363
      max-rss: 1192

...
