---
system-info:
      stress-ng-version: 0.17.08
      run-by: root
      date-yyyy-mm-dd: 2024:06:08
      time-hh-mm-ss: 18:41:07
      epoch-secs: 1717872067
      hostname: ec0673e5b022
      sysname: Linux
      nodename: ec0673e5b022
      release: 6.8.0-1008-aws
      version: '#8-Ubuntu SMP Sat Apr 20 00:46:25 UTC 2024'
      machine: x86_64
      compiler: 'musl-gcc 13.2.1'
      uptime: 137
      totalram: 265977028608
      freeram: 261122211840
      sharedram: 60116992
      bufferram: 104751104
      totalswap: 0
      freeswap: 0
      pagesize: 4096
      cpus: 64
      cpus-online: 64
      ticks-per-second: 100

metrics:
    - stressor: cpu
      bogo-ops: 16775
      bogo-ops-per-second-usr-sys-time: 1677.380738
      bogo-ops-per-second-real-time: 1677.443129
      wall-clock-time: 10.000339
      user-time: 10.000711
      system-time: 0.000000
      cpu-usage-per-instance: 100.003720
      max-rss: 3584

...
