---
system-info:
      stress-ng-version: 0.17.08
      run-by: root
      date-yyyy-mm-dd: 2024:06:15
      time-hh-mm-ss: 02:50:01
      epoch-secs: 1718419801
      hostname: d2ec602bded5
      sysname: Linux
      nodename: d2ec602bded5
      release: 6.8.0-1008-aws
      version: '#8-Ubuntu SMP Sat Apr 20 00:46:25 UTC 2024'
      machine: x86_64
      compiler: 'musl-gcc 13.2.1'
      uptime: 192
      totalram: 265977028608
      freeram: 261193428992
      sharedram: 60116992
      bufferram: 109862912
      totalswap: 0
      freeswap: 0
      pagesize: 4096
      cpus: 64
      cpus-online: 64
      ticks-per-second: 100

metrics:
    - stressor: cpu
      bogo-ops: 37845
      bogo-ops-per-second-usr-sys-time: 1892.242336
      bogo-ops-per-second-real-time: 1892.242060
      wall-clock-time: 20.000084
      user-time: 19.999082
      system-time: 0.000999
      cpu-usage-per-instance: 99.999985
      max-rss: 512

...
