---
system-info:
      stress-ng-version: 0.17.08
      run-by: root
      date-yyyy-mm-dd: 2024:09:05
      time-hh-mm-ss: 16:52:29
      epoch-secs: 1725555149
      hostname: sc-runner
      sysname: Linux
      nodename: sc-runner
      release: 6.8.0-1013-azure
      version: '#15-Ubuntu SMP Thu Aug  8 18:40:40 UTC 2024'
      machine: x86_64
      compiler: 'musl-gcc 13.2.1'
      uptime: 383
      totalram: 67420610560
      freeram: 58636787712
      sharedram: 42070016
      bufferram: 219668480
      totalswap: 0
      freeswap: 0
      pagesize: 4096
      cpus: 16
      cpus-online: 16
      ticks-per-second: 100

metrics:
    - stressor: cpu
      bogo-ops: 28225
      bogo-ops-per-second-usr-sys-time: 1411.250847
      bogo-ops-per-second-real-time: 1411.243876
      wall-clock-time: 20.000087
      user-time: 19.996989
      system-time: 0.002999
      cpu-usage-per-instance: 99.999506
      max-rss: 3152

...
