---
system-info:
      stress-ng-version: 0.17.08
      run-by: root
      date-yyyy-mm-dd: 2024:09:16
      time-hh-mm-ss: 17:56:55
      epoch-secs: 1726509415
      hostname: sc-runner
      sysname: Linux
      nodename: sc-runner
      release: 6.8.0-1014-azure
      version: '#16-Ubuntu SMP Thu Aug 15 20:04:41 UTC 2024'
      machine: x86_64
      compiler: 'musl-gcc 13.2.1'
      uptime: 332
      totalram: 67420598272
      freeram: 57184088064
      sharedram: 42070016
      bufferram: 231014400
      totalswap: 0
      freeswap: 0
      pagesize: 4096
      cpus: 16
      cpus-online: 16
      ticks-per-second: 100

metrics:
    - stressor: cpu
      bogo-ops: 28260
      bogo-ops-per-second-usr-sys-time: 1412.999505
      bogo-ops-per-second-real-time: 1412.997810
      wall-clock-time: 20.000031
      user-time: 20.000007
      system-time: 0.000000
      cpu-usage-per-instance: 99.999880
      max-rss: 3152

...
