---
system-info:
      stress-ng-version: 0.17.08
      run-by: root
      date-yyyy-mm-dd: 2024:07:03
      time-hh-mm-ss: 05:52:12
      epoch-secs: 1719985932
      hostname: c2-standard-60-67603f6
      sysname: Linux
      nodename: c2-standard-60-67603f6
      release: 6.8.0-1009-gcp
      version: '#10-Ubuntu SMP Wed Jun 12 18:52:23 UTC 2024'
      machine: x86_64
      compiler: 'musl-gcc 13.2.1'
      uptime: 162
      totalram: 253529931776
      freeram: 247395442688
      sharedram: 53813248
      bufferram: 130228224
      totalswap: 0
      freeswap: 0
      pagesize: 4096
      cpus: 60
      cpus-online: 60
      ticks-per-second: 100

metrics:
    - stressor: cpu
      bogo-ops: 1230344
      bogo-ops-per-second-usr-sys-time: 1025.755592
      bogo-ops-per-second-real-time: 61516.887341
      wall-clock-time: 20.000102
      user-time: 1199.426437
      system-time: 0.024982
      cpu-usage-per-instance: 99.953777
      max-rss: 480

...
