BaselineInfo:
  WebDBID: -1
  TimeStamp: 20241219001301
Version:
  Major: 11
  Minor: 0
  Build: 1002
  SpecialBuildName: ""
  ptArchitecture: x86_64_linux
Results:
  Results Complete: true
  NumTestProcesses: 2
  CPU_INTEGER_MATH: 9454.0760000000009
  CPU_FLOATINGPOINT_MATH: 6796.8495803522419
  CPU_PRIME: 29.833788022014161
  CPU_SORTING: 5547.7995394615518
  CPU_ENCRYPTION: 2287.2811227784382
  CPU_COMPRESSION: 40656.99224975206
  CPU_SINGLETHREAD: 2133.6253713138594
  CPU_PHYSICS: 471.63677289855309
  CPU_MATRIX_MULT_SSE: 3207.3075321147689
  CPU_mm: 388.79980339700376
  CPU_sse: 1522.8096334181132
  CPU_fma: 4889.6222126351131
  CPU_avx: 3209.490750291081
  CPU_avx512: 0
  m_CPU_enc_SHA: 3246181272.1318188
  m_CPU_enc_AES: 2088698112.3012123
  m_CPU_enc_ECDSA: 1860284887.3625398
  ME_ALLOC_S: 1347.3424107600536
  ME_READ_S: 23922.491992187501
  ME_READ_L: 11126.6513671875
  ME_WRITE: 10728.646484375
  ME_LARGE: 1202.25
  ME_LATENCY: 62.789512003364941
  ME_THREADED: 22354.630859375
  SUMM_CPU: 4065.844281331586
  SUMM_ME: 1342.2163544071257
SystemInformation:
  OSName: Ubuntu 24.04.1 LTS
  Kernel: 6.8.0-31-generic
  Device: ""
  Processor: AMD EPYC 7542 32-Core Processor
  NumSockets: 1
  Manufacturer: AuthenticAMD
  NumCores: 2
  NumLogicals: 2
  CPUFrequency: 0
  Memory: 7894
  MemModuleInfo:
    iNumMemSticks: 1
    DIMM 1:
      manufacturer: QEMU
      modulePartNo: Not Specified
      memType: RAM
      size: 8
      clkspeed: 0
      moduleVoltage: 0
Checksum: 21C757FC5BC5DEF3C34719CCB85FFC2EA7CD5DF4