BaselineInfo:
  WebDBID: -1
  TimeStamp: 20250426204019
Version:
  Major: 11
  Minor: 0
  Build: 1002
  SpecialBuildName: ""
  ptArchitecture: x86_64_linux
Results:
  Results Complete: true
  NumTestProcesses: 96
  CPU_INTEGER_MATH: 407179.05966666661
  CPU_FLOATINGPOINT_MATH: 288347.76606178295
  CPU_PRIME: 812.50513034192522
  CPU_SORTING: 195733.15966918893
  CPU_ENCRYPTION: 89892.728624553216
  CPU_COMPRESSION: 1455486.9221770277
  CPU_SINGLETHREAD: 3159.2870115661026
  CPU_PHYSICS: 14149.648109440441
  CPU_MATRIX_MULT_SSE: 106698.77877409765
  CPU_mm: 11155.00705793138
  CPU_sse: 48008.655360815719
  CPU_fma: 107375.20313106503
  CPU_avx: 93919.75553364199
  CPU_avx512: 177491.5010708679
  m_CPU_enc_SHA: 94759729558.156128
  m_CPU_enc_AES: 123188694396.7757
  m_CPU_enc_ECDSA: 64829649475.726669
  ME_ALLOC_S: 32606.17077688103
  ME_READ_S: 25018.902050781249
  ME_READ_L: 7620.615234375
  ME_WRITE: 15668.087890625
  ME_LARGE: 748524.16666666663
  ME_LATENCY: 45.858563721898214
  ME_THREADED: 320528.13940429688
  SUMM_CPU: 93054.50404365646
  SUMM_ME: 2809.9298899100722
SystemInformation:
  OSName: Ubuntu 24.04.2 LTS
  Kernel: 6.8.0-1027-aws
  Device: ""
  Processor: Intel Xeon Platinum 8559C
  NumSockets: 1
  Manufacturer: GenuineIntel
  NumCores: 48
  NumLogicals: 96
  CPUFrequency: 0
  Memory: 761481
  MemModuleInfo:
    iNumMemSticks: 1
    DIMM 1:
      manufacturer: Not Specified
      modulePartNo: Not Specified
      memType: DDR5
      size: 768
      clkspeed: 2800
      moduleVoltage: 0
Checksum: 3CA6F4017A7DA2E604C3653AAFA99B4C6B253C76