---
system-info:
      stress-ng-version: 0.17.08
      run-by: root
      date-yyyy-mm-dd: 2024:06:07
      time-hh-mm-ss: 15:30:15
      epoch-secs: 1717774215
      hostname: ff8f1930652e
      sysname: Linux
      nodename: ff8f1930652e
      release: 6.1.91-99.172.amzn2023.x86_64
      version: '#1 SMP PREEMPT_DYNAMIC Tue May 21 16:55:08 UTC 2024'
      machine: x86_64
      compiler: 'musl-gcc 13.2.1'
      uptime: 151
      totalram: 257542479872
      freeram: 253461729280
      sharedram: 56614912
      bufferram: 2220032
      totalswap: 0
      freeswap: 0
      pagesize: 4096
      cpus: 32
      cpus-online: 32
      ticks-per-second: 100

metrics:
    - stressor: cpu
      bogo-ops: 11661
      bogo-ops-per-second-usr-sys-time: 1166.068050
      bogo-ops-per-second-real-time: 1166.016683
      wall-clock-time: 10.000715
      user-time: 10.000274
      system-time: 0.000000
      cpu-usage-per-instance: 99.995595
      max-rss: 3884

...
