---
system-info:
      stress-ng-version: 0.17.08
      run-by: root
      date-yyyy-mm-dd: 2024:06:15
      time-hh-mm-ss: 14:20:38
      epoch-secs: 1718461238
      hostname: 2cea468057a1
      sysname: Linux
      nodename: 2cea468057a1
      release: 6.8.0-1008-aws
      version: '#8-Ubuntu SMP Sat Apr 20 00:46:25 UTC 2024'
      machine: x86_64
      compiler: 'musl-gcc 13.2.1'
      uptime: 164
      totalram: 257533612032
      freeram: 252932165632
      sharedram: 48631808
      bufferram: 110288896
      totalswap: 0
      freeswap: 0
      pagesize: 4096
      cpus: 32
      cpus-online: 32
      ticks-per-second: 100

metrics:
    - stressor: cpu
      bogo-ops: 17243
      bogo-ops-per-second-usr-sys-time: 862.179400
      bogo-ops-per-second-real-time: 862.146310
      wall-clock-time: 20.000086
      user-time: 19.999318
      system-time: 0.000000
      cpu-usage-per-instance: 99.996162
      max-rss: 1032

...
