---
system-info:
      stress-ng-version: 0.17.08
      run-by: root
      date-yyyy-mm-dd: 2024:09:16
      time-hh-mm-ss: 19:50:57
      epoch-secs: 1726516257
      hostname: sc-runner
      sysname: Linux
      nodename: sc-runner
      release: 6.8.0-1014-azure
      version: '#16-Ubuntu SMP Thu Aug 15 20:04:41 UTC 2024'
      machine: x86_64
      compiler: 'musl-gcc 13.2.1'
      uptime: 234
      totalram: 135065247744
      freeram: 124237963264
      sharedram: 54992896
      bufferram: 230883328
      totalswap: 0
      freeswap: 0
      pagesize: 4096
      cpus: 16
      cpus-online: 16
      ticks-per-second: 100

metrics:
    - stressor: cpu
      bogo-ops: 606988
      bogo-ops-per-second-usr-sys-time: 1898.021889
      bogo-ops-per-second-real-time: 30349.302768
      wall-clock-time: 20.000064
      user-time: 319.789325
      system-time: 0.010991
      cpu-usage-per-instance: 99.937279
      max-rss: 3152

...
