BaselineInfo:
  WebDBID: -1
  TimeStamp: 20260206123436
Version:
  Major: 11
  Minor: 0
  Build: 1004
  SpecialBuildName: ""
  ptArchitecture: x86_64_linux
Results:
  Results Complete: true
  NumTestProcesses: 16
  CPU_INTEGER_MATH: 82521.525000000009
  CPU_FLOATINGPOINT_MATH: 59760.483930504168
  CPU_PRIME: 176.58239718592503
  CPU_SORTING: 42337.710477511268
  CPU_ENCRYPTION: 18073.933089748873
  CPU_COMPRESSION: 319852.92098542524
  CPU_SINGLETHREAD: 3279.2255019964414
  CPU_PHYSICS: 3596.4199717480133
  CPU_MATRIX_MULT_SSE: 22941.852653197991
  CPU_mm: 2465.5941419690967
  CPU_sse: 10079.544331717345
  CPU_fma: 26298.462150581348
  CPU_avx: 21334.052655346306
  CPU_avx512: 34055.35147514697
  m_CPU_enc_SHA: 19127039411.039772
  m_CPU_enc_AES: 24991913992.361526
  m_CPU_enc_ECDSA: 12736723987.148252
  ME_ALLOC_S: 8936.4351401375698
  ME_READ_S: 27064.523828124999
  ME_READ_L: 15826.9580078125
  ME_WRITE: 11148.9794921875
  ME_LARGE: 114437.5
  ME_LATENCY: 67.907445771076667
  ME_THREADED: 107528.39892578125
  SUMM_CPU: 29115.318272241468
  SUMM_ME: 2591.8864089321855
SystemInformation:
  OSName: Ubuntu 24.04.3 LTS
  Kernel: 6.14.0-1018-aws
  Device: ""
  Processor: Intel(R) Xeon(R) 6975P-C
  NumSockets: 1
  Manufacturer: GenuineIntel
  NumCores: 8
  NumLogicals: 16
  CPUFrequency: 0
  CPUMaxFrequency: 0
  Memory: 126762
  CPUInfo:
    number: 1
    Family: 6
    Model: 13
    stepping: 1
    features: 529267711
    manufacture: GenuineIntel
    typestring: Intel(R) Xeon(R) 6975P-C
    iCoresPerPackage: 8
    iThreadsPerPackage: 2
    featuresEx:
      - 529267711
      - 4294619651
      - 739248128
    bHybrid: false
    nPCore: 0
    nLogicalsPerPCore: 0
    nECore: 0
    nLogicalsPerECore: 0
  MemModuleInfo:
    iNumMemSticks: 1
    DIMM 1:
      manufacturer: Not Specified
      modulePartNo: Not Specified
      memType: DDR5
      size: 128
      clkspeed: 3600
      moduleVoltage: 0
Checksum: 4779791B7ED8DD0EED229AC0D181A385CF01AA4F