---
system-info:
      stress-ng-version: 0.17.08
      run-by: root
      date-yyyy-mm-dd: 2024:07:03
      time-hh-mm-ss: 17:38:19
      epoch-secs: 1720028299
      hostname: c3d-standard-180-lssd-356aab4
      sysname: Linux
      nodename: c3d-standard-180-lssd-356aab4
      release: 6.8.0-1009-gcp
      version: '#10-Ubuntu SMP Wed Jun 12 18:52:23 UTC 2024'
      machine: x86_64
      compiler: 'musl-gcc 13.2.1'
      uptime: 153
      totalram: 760425148416
      freeram: 754265235456
      sharedram: 35831808
      bufferram: 133226496
      totalswap: 0
      freeswap: 0
      pagesize: 4096
      cpus: 180
      cpus-online: 180
      ticks-per-second: 100

metrics:
    - stressor: cpu
      bogo-ops: 61493
      bogo-ops-per-second-usr-sys-time: 3074.753158
      bogo-ops-per-second-real-time: 3074.640324
      wall-clock-time: 20.000063
      user-time: 19.999329
      system-time: 0.000000
      cpu-usage-per-instance: 99.996330
      max-rss: 0

...
