---
system-info:
      stress-ng-version: 0.17.08
      run-by: root
      date-yyyy-mm-dd: 2024:09:17
      time-hh-mm-ss: 06:03:03
      epoch-secs: 1726552983
      hostname: sc-runner
      sysname: Linux
      nodename: sc-runner
      release: 6.8.0-1014-azure
      version: '#16-Ubuntu SMP Thu Aug 15 20:04:41 UTC 2024'
      machine: x86_64
      compiler: 'musl-gcc 13.2.1'
      uptime: 275
      totalram: 270250344448
      freeram: 259359367168
      sharedram: 55185408
      bufferram: 284753920
      totalswap: 0
      freeswap: 0
      pagesize: 4096
      cpus: 32
      cpus-online: 32
      ticks-per-second: 100

metrics:
    - stressor: cpu
      bogo-ops: 621602
      bogo-ops-per-second-usr-sys-time: 971.888385
      bogo-ops-per-second-real-time: 31079.942085
      wall-clock-time: 20.000102
      user-time: 639.501681
      system-time: 0.079993
      cpu-usage-per-instance: 99.934129
      max-rss: 3260

...
