---
system-info:
      stress-ng-version: 0.17.08
      run-by: root
      date-yyyy-mm-dd: 2024:06:13
      time-hh-mm-ss: 14:20:06
      epoch-secs: 1718288406
      hostname: 4d379cf2284b
      sysname: Linux
      nodename: 4d379cf2284b
      release: 6.8.0-1008-aws
      version: '#8-Ubuntu SMP Sat Apr 20 00:46:25 UTC 2024'
      machine: x86_64
      compiler: 'musl-gcc 13.2.1'
      uptime: 117
      totalram: 33089794048
      freeram: 28697128960
      sharedram: 59908096
      bufferram: 106221568
      totalswap: 0
      freeswap: 0
      pagesize: 4096
      cpus: 8
      cpus-online: 8
      ticks-per-second: 100

metrics:
    - stressor: cpu
      bogo-ops: 154215
      bogo-ops-per-second-usr-sys-time: 966.312564
      bogo-ops-per-second-real-time: 7710.705913
      wall-clock-time: 20.000114
      user-time: 159.572225
      system-time: 0.018994
      cpu-usage-per-instance: 99.743942
      max-rss: 1232

...
