---
system-info:
      stress-ng-version: 0.17.08
      run-by: root
      date-yyyy-mm-dd: 2024:06:07
      time-hh-mm-ss: 23:22:33
      epoch-secs: 1717802553
      hostname: 8a2c04d7b7fd
      sysname: Linux
      nodename: 8a2c04d7b7fd
      release: 6.8.0-1008-aws
      version: '#8-Ubuntu SMP Sat Apr 20 00:46:25 UTC 2024'
      machine: x86_64
      compiler: 'musl-gcc 13.2.1'
      uptime: 107
      totalram: 33089794048
      freeram: 28736770048
      sharedram: 59908096
      bufferram: 94478336
      totalswap: 0
      freeswap: 0
      pagesize: 4096
      cpus: 8
      cpus-online: 8
      ticks-per-second: 100

metrics:
    - stressor: cpu
      bogo-ops: 96147
      bogo-ops-per-second-usr-sys-time: 1205.212200
      bogo-ops-per-second-real-time: 9613.220762
      wall-clock-time: 10.001539
      user-time: 79.757016
      system-time: 0.018977
      cpu-usage-per-instance: 99.704649
      max-rss: 4048

...
