BaselineInfo:
  WebDBID: -1
  TimeStamp: 20260621175504
Version:
  Major: 11
  Minor: 0
  Build: 1004
  SpecialBuildName: ""
  ptArchitecture: x86_64_linux
Results:
  Results Complete: true
  NumTestProcesses: 128
  CPU_INTEGER_MATH: 783893.17900000024
  CPU_FLOATINGPOINT_MATH: 462153.93675241777
  CPU_PRIME: 1070.565050104115
  CPU_SORTING: 314553.69511162053
  CPU_ENCRYPTION: 149118.72835391411
  CPU_COMPRESSION: 2506468.177764459
  CPU_SINGLETHREAD: 3787.4307891656122
  CPU_PHYSICS: 19438.287310032531
  CPU_MATRIX_MULT_SSE: 174725.5689985232
  CPU_mm: 17947.917361436186
  CPU_sse: 67960.430274575046
  CPU_fma: 189530.68058134554
  CPU_avx: 185319.04293281035
  CPU_avx512: 256092.12220536146
  m_CPU_enc_SHA: 192005139733.06418
  m_CPU_enc_AES: 152988505183.17322
  m_CPU_enc_ECDSA: 124093314191.06432
  ME_ALLOC_S: 40257.007968936246
  ME_READ_S: 33949.316210937497
  ME_READ_L: 30940.240234375
  ME_WRITE: 30465.951171875
  ME_LARGE: 1019192
  ME_LATENCY: 78.801138516069145
  ME_THREADED: 418409.80615234375
  SUMM_CPU: 133696.24959254751
  SUMM_ME: 2990.6088840790731
SystemInformation:
  OSName: Ubuntu 24.04.4 LTS
  Kernel: 6.17.0-1018-azure
  Device: ""
  Processor: "AMD EPYC 9V45 96-Core Processor                "
  NumSockets: 1
  Manufacturer: AuthenticAMD
  NumCores: 64
  NumLogicals: 128
  CPUFrequency: 0
  CPUMaxFrequency: 0
  Memory: 1032031
  CPUInfo:
    number: 1
    Family: 15
    Model: 2
    stepping: 1
    features: 395049983
    manufacture: AuthenticAMD
    typestring: "AMD EPYC 9V45 96-Core Processor                "
    iCoresPerPackage: 64
    iThreadsPerPackage: 2
    featuresEx:
      - 395049983
      - 4277809667
      - 802421759
    bHybrid: false
    nPCore: 0
    nLogicalsPerPCore: 0
    nECore: 0
    nLogicalsPerECore: 0
  MemModuleInfo:
    iNumMemSticks: 5
    DIMM 1:
      manufacturer: Microsoft Corporation
      modulePartNo: None
      memType: Unknown
      size: 1
      clkspeed: 0
      moduleVoltage: 0
    DIMM 2:
      manufacturer: Microsoft Corporation
      modulePartNo: None
      memType: Unknown
      size: 59
      clkspeed: 0
      moduleVoltage: 0
    DIMM 3:
      manufacturer: Microsoft Corporation
      modulePartNo: None
      memType: Unknown
      size: 452
      clkspeed: 0
      moduleVoltage: 0
    DIMM 4:
      manufacturer: Microsoft Corporation
      modulePartNo: None
      memType: Unknown
      size: 496
      clkspeed: 0
      moduleVoltage: 0
    DIMM 5:
      manufacturer: Microsoft Corporation
      modulePartNo: None
      memType: Unknown
      size: 16
      clkspeed: 0
      moduleVoltage: 0
Checksum: AFE10BAB386CE8BFA22EFD269E6F5E15D2574AB5