BaselineInfo:
  WebDBID: -1
  TimeStamp: 20241109234155
Version:
  Major: 11
  Minor: 0
  Build: 1002
  SpecialBuildName: ""
  ptArchitecture: x86_64_linux
Results:
  Results Complete: true
  NumTestProcesses: 128
  CPU_INTEGER_MATH: 536612.48566666665
  CPU_FLOATINGPOINT_MATH: 274239.51990094333
  CPU_PRIME: 528.53980615240766
  CPU_SORTING: 242470.78700714864
  CPU_ENCRYPTION: 111188.78635443571
  CPU_COMPRESSION: 1863602.9606362532
  CPU_SINGLETHREAD: 2426.7071226080684
  CPU_PHYSICS: 8384.4391661463615
  CPU_MATRIX_MULT_SSE: 106808.88039791955
  CPU_mm: 11059.5154535003
  CPU_sse: 47084.974297325862
  CPU_fma: 124433.43128898674
  CPU_avx: 96495.481126306287
  CPU_avx512: 159221.63487905954
  m_CPU_enc_SHA: 114976719435.47498
  m_CPU_enc_AES: 165280326772.19247
  m_CPU_enc_ECDSA: 69512632313.498917
  ME_ALLOC_S: 29759.306023460787
  ME_READ_S: 23018.201367187499
  ME_READ_L: 12247.4697265625
  ME_WRITE: 10993.2490234375
  ME_LARGE: 240189.16666666666
  ME_LATENCY: 57.239633408770111
  ME_THREADED: 326816.54077148438
  SUMM_CPU: 86621.37209300822
  SUMM_ME: 2707.8623837185014
SystemInformation:
  OSName: Ubuntu 24.04.1 LTS
  Kernel: 6.8.0-1016-aws
  Device: ""
  Processor: Intel Xeon Platinum 8375C CPU @ 2.90GHz
  NumSockets: 2
  Manufacturer: GenuineIntel
  NumCores: 64
  NumLogicals: 128
  CPUFrequency: 0
  Memory: 253791
  MemModuleInfo:
    iNumMemSticks: 2
    DIMM 1:
      manufacturer: Not Specified
      modulePartNo: Not Specified
      memType: DDR4
      size: 128
      clkspeed: 1600
      moduleVoltage: 0
    DIMM 2:
      manufacturer: Not Specified
      modulePartNo: Not Specified
      memType: DDR4
      size: 128
      clkspeed: 1600
      moduleVoltage: 0
Checksum: 6B51CC15C20567E58B781C5FFBF58ED08513540D