---
system-info:
      stress-ng-version: 0.17.08
      run-by: root
      date-yyyy-mm-dd: 2024:06:09
      time-hh-mm-ss: 13:41:26
      epoch-secs: 1717940486
      hostname: b9186da1b4b6
      sysname: Linux
      nodename: b9186da1b4b6
      release: 6.8.0-1008-aws
      version: '#8-Ubuntu SMP Sat Apr 20 00:46:25 UTC 2024'
      machine: x86_64
      compiler: 'musl-gcc 13.2.1'
      uptime: 178
      totalram: 805047586816
      freeram: 798078083072
      sharedram: 54456320
      bufferram: 110256128
      totalswap: 0
      freeswap: 0
      pagesize: 4096
      cpus: 96
      cpus-online: 96
      ticks-per-second: 100

metrics:
    - stressor: cpu
      bogo-ops: 761324
      bogo-ops-per-second-usr-sys-time: 793.894113
      bogo-ops-per-second-real-time: 76110.036547
      wall-clock-time: 10.002938
      user-time: 958.742287
      system-time: 0.231949
      cpu-usage-per-instance: 99.863807
      max-rss: 3072

...
