---
system-info:
      stress-ng-version: 0.17.08
      run-by: root
      date-yyyy-mm-dd: 2024:06:15
      time-hh-mm-ss: 15:56:09
      epoch-secs: 1718466969
      hostname: 77bf646cc028
      sysname: Linux
      nodename: 77bf646cc028
      release: 6.8.0-1008-aws
      version: '#8-Ubuntu SMP Sat Apr 20 00:46:25 UTC 2024'
      machine: x86_64
      compiler: 'musl-gcc 13.2.1'
      uptime: 180
      totalram: 805047586816
      freeram: 798838915072
      sharedram: 54456320
      bufferram: 110075904
      totalswap: 0
      freeswap: 0
      pagesize: 4096
      cpus: 96
      cpus-online: 96
      ticks-per-second: 100

metrics:
    - stressor: cpu
      bogo-ops: 565473
      bogo-ops-per-second-usr-sys-time: 294.756813
      bogo-ops-per-second-real-time: 28273.320511
      wall-clock-time: 20.000233
      user-time: 1918.346159
      system-time: 0.092955
      cpu-usage-per-instance: 99.917539
      max-rss: 768

...
