---
system-info:
      stress-ng-version: 0.17.08
      run-by: root
      date-yyyy-mm-dd: 2024:06:06
      time-hh-mm-ss: 15:22:46
      epoch-secs: 1717687366
      hostname: 605bedbcb005
      sysname: Linux
      nodename: 605bedbcb005
      release: 6.8.0-1008-aws
      version: '#8-Ubuntu SMP Sat Apr 20 02:43:14 UTC 2024'
      machine: aarch64
      compiler: 'musl-gcc 13.2.1'
      uptime: 104
      totalram: 132642869248
      freeram: 128049082368
      sharedram: 35274752
      bufferram: 83615744
      totalswap: 0
      freeswap: 0
      pagesize: 4096
      cpus: 64
      cpus-online: 64
      ticks-per-second: 100

metrics:
    - stressor: cpu
      bogo-ops: 273011
      bogo-ops-per-second-usr-sys-time: 424.426895
      bogo-ops-per-second-real-time: 27147.545608
      wall-clock-time: 10.056563
      user-time: 643.198257
      system-time: 0.047972
      cpu-usage-per-instance: 99.941923
      max-rss: 3584

...
