---
system-info:
      stress-ng-version: 0.17.08
      run-by: root
      date-yyyy-mm-dd: 2024:06:14
      time-hh-mm-ss: 08:56:18
      epoch-secs: 1718355378
      hostname: a5380435601f
      sysname: Linux
      nodename: a5380435601f
      release: 6.8.0-1008-aws
      version: '#8-Ubuntu SMP Sat Apr 20 02:43:14 UTC 2024'
      machine: aarch64
      compiler: 'musl-gcc 13.2.1'
      uptime: 113
      totalram: 132642869248
      freeram: 127939960832
      sharedram: 35274752
      bufferram: 106053632
      totalswap: 0
      freeswap: 0
      pagesize: 4096
      cpus: 64
      cpus-online: 64
      ticks-per-second: 100

metrics:
    - stressor: cpu
      bogo-ops: 1957758
      bogo-ops-per-second-usr-sys-time: 1529.945972
      bogo-ops-per-second-real-time: 97887.561104
      wall-clock-time: 20.000069
      user-time: 1279.607591
      system-time: 0.017988
      cpu-usage-per-instance: 99.970402
      max-rss: 512

...
