---
system-info:
      stress-ng-version: 0.17.08
      run-by: root
      date-yyyy-mm-dd: 2024:07:03
      time-hh-mm-ss: 08:34:02
      epoch-secs: 1719995642
      hostname: n2-standard-80-5523d9c
      sysname: Linux
      nodename: n2-standard-80-5523d9c
      release: 6.8.0-1009-gcp
      version: '#10-Ubuntu SMP Wed Jun 12 18:52:23 UTC 2024'
      machine: x86_64
      compiler: 'musl-gcc 13.2.1'
      uptime: 158
      totalram: 338077569024
      freeram: 331840913408
      sharedram: 71290880
      bufferram: 130654208
      totalswap: 0
      freeswap: 0
      pagesize: 4096
      cpus: 80
      cpus-online: 80
      ticks-per-second: 100

metrics:
    - stressor: cpu
      bogo-ops: 1486382
      bogo-ops-per-second-usr-sys-time: 929.439623
      bogo-ops-per-second-real-time: 74318.772742
      wall-clock-time: 20.000088
      user-time: 1599.185863
      system-time: 0.037973
      cpu-usage-per-instance: 99.951050
      max-rss: 640

...
