---
system-info:
      stress-ng-version: 0.17.08
      run-by: root
      date-yyyy-mm-dd: 2024:07:11
      time-hh-mm-ss: 13:20:57
      epoch-secs: 1720704057
      hostname: ip-172-31-56-199
      sysname: Linux
      nodename: ip-172-31-56-199
      release: 6.8.0-1010-aws
      version: '#10-Ubuntu SMP Thu Jun 13 17:48:42 UTC 2024'
      machine: aarch64
      compiler: 'musl-gcc 13.2.1'
      uptime: 159
      totalram: 33221292032
      freeram: 28118630400
      sharedram: 35012608
      bufferram: 135327744
      totalswap: 0
      freeswap: 0
      pagesize: 4096
      cpus: 2
      cpus-online: 2
      ticks-per-second: 100

metrics:
    - stressor: cpu
      bogo-ops: 60279
      bogo-ops-per-second-usr-sys-time: 1519.496448
      bogo-ops-per-second-real-time: 3013.935700
      wall-clock-time: 20.000095
      user-time: 39.666386
      system-time: 0.003993
      cpu-usage-per-instance: 99.175477
      max-rss: 1320

...
