BaselineInfo:
  WebDBID: -1
  TimeStamp: 20260405032440
Version:
  Major: 11
  Minor: 0
  Build: 1004
  SpecialBuildName: ""
  ptArchitecture: x86_64_linux
Results:
  Results Complete: true
  NumTestProcesses: 16
  CPU_INTEGER_MATH: 39561.555
  CPU_FLOATINGPOINT_MATH: 21238.727052812075
  CPU_PRIME: 71.90868387632959
  CPU_SORTING: 23940.164897192073
  CPU_ENCRYPTION: 5482.0162421365903
  CPU_COMPRESSION: 182184.87248722083
  CPU_SINGLETHREAD: 1667.3712633199705
  CPU_PHYSICS: 1274.3434421140391
  CPU_MATRIX_MULT_SSE: 12036.949171154012
  CPU_mm: 1203.9730964332393
  CPU_sse: 4342.4388872811433
  CPU_fma: 14709.598246338071
  CPU_avx: 10396.747178039965
  CPU_avx512: 18699.01237295687
  m_CPU_enc_SHA: 1789516742.6639013
  m_CPU_enc_AES: 13836992757.920916
  m_CPU_enc_ECDSA: 1618422488.7590346
  ME_ALLOC_S: 4426.9456399464725
  ME_READ_S: 19525.6103515625
  ME_READ_L: 6376.73095703125
  ME_WRITE: 6855.0341796875
  ME_LARGE: 42047.75
  ME_LATENCY: 76.273415203360571
  ME_THREADED: 68402.6865234375
  SUMM_CPU: 13056.167892135352
  SUMM_ME: 1784.1849120112006
SystemInformation:
  OSName: Ubuntu 24.04.4 LTS
  Kernel: 6.8.0-106-generic
  Device: ""
  Processor: Intel(R) Xeon(R) Platinum 8163 CPU @ 2.50GHz
  NumSockets: 1
  Manufacturer: GenuineIntel
  NumCores: 8
  NumLogicals: 16
  CPUFrequency: 0
  CPUMaxFrequency: 0
  Memory: 61901
  CPUInfo:
    number: 1
    Family: 6
    Model: 5
    stepping: 4
    features: 529267711
    manufacture: GenuineIntel
    typestring: Intel(R) Xeon(R) Platinum 8163 CPU @ 2.50GHz
    iCoresPerPackage: 8
    iThreadsPerPackage: 2
    featuresEx:
      - 529267711
      - 4277809667
      - 739248128
    bHybrid: false
    nPCore: 0
    nLogicalsPerPCore: 0
    nECore: 0
    nLogicalsPerECore: 0
  MemModuleInfo:
    iNumMemSticks: 4
    DIMM 1:
      manufacturer: Alibaba Cloud
      modulePartNo: Not Specified
      memType: RAM
      size: 16
      clkspeed: 0
      moduleVoltage: 0
    DIMM 2:
      manufacturer: Alibaba Cloud
      modulePartNo: Not Specified
      memType: RAM
      size: 16
      clkspeed: 0
      moduleVoltage: 0
    DIMM 3:
      manufacturer: Alibaba Cloud
      modulePartNo: Not Specified
      memType: RAM
      size: 16
      clkspeed: 0
      moduleVoltage: 0
    DIMM 4:
      manufacturer: Alibaba Cloud
      modulePartNo: Not Specified
      memType: RAM
      size: 14
      clkspeed: 0
      moduleVoltage: 0
Checksum: F2A9EE6E1124FC3F1CF57949FD04B766A090E67E