BaselineInfo:
  WebDBID: -1
  TimeStamp: 20260630094752
Version:
  Major: 11
  Minor: 0
  Build: 1004
  SpecialBuildName: ""
  ptArchitecture: x86_64_linux
Results:
  Results Complete: true
  NumTestProcesses: 1
  CPU_INTEGER_MATH: 5973.0879999999997
  CPU_FLOATINGPOINT_MATH: 5427.3548855831295
  CPU_PRIME: 18.51662045416537
  CPU_SORTING: 3602.0746612958951
  CPU_ENCRYPTION: 1259.9488620670402
  CPU_COMPRESSION: 24710.218111961709
  CPU_SINGLETHREAD: 2621.5707341801408
  CPU_PHYSICS: 332.31220412136412
  CPU_MATRIX_MULT_SSE: 2173.6614702780189
  CPU_mm: 250.26556445939264
  CPU_sse: 1123.9897065022681
  CPU_fma: 3264.0338462964946
  CPU_avx: 2132.9608580352942
  CPU_avx512: 0
  m_CPU_enc_SHA: 1776174949.3595245
  m_CPU_enc_AES: 1118541291.4386754
  m_CPU_enc_ECDSA: 1068740173.1742264
  ME_ALLOC_S: 1029.3414480230495
  ME_READ_S: 26103.531445312499
  ME_READ_L: 24075.703125
  ME_WRITE: 21968.44921875
  ME_LARGE: 1474.6666666666667
  ME_LATENCY: 73.036426702335163
  ME_THREADED: 24266.72265625
  SUMM_CPU: 2647.8154748979605
  SUMM_ME: 1505.9676726722046
SystemInformation:
  OSName: Ubuntu 24.04.4 LTS
  Kernel: 6.8.0-124-generic
  Device: ""
  Processor: AMD EPYC-Milan Processor
  NumSockets: 1
  Manufacturer: AuthenticAMD
  NumCores: 1
  NumLogicals: 1
  CPUFrequency: 0
  CPUMaxFrequency: 0
  Memory: 3910
  CPUInfo:
    number: 1
    Family: 15
    Model: 1
    stepping: 1
    features: 126614527
    manufacture: AuthenticAMD
    typestring: AMD EPYC-Milan Processor
    iCoresPerPackage: 1
    iThreadsPerPackage: 1
    featuresEx:
      - 126614527
      - 4277809667
      - 802421759
    bHybrid: false
    nPCore: 0
    nLogicalsPerPCore: 0
    nECore: 0
    nLogicalsPerECore: 0
  MemModuleInfo:
    iNumMemSticks: 1
    DIMM 1:
      manufacturer: QEMU
      modulePartNo: Not Specified
      memType: RAM
      size: 4
      clkspeed: 0
      moduleVoltage: 0
Checksum: C976506E520563863A97B1A1A6E34E52237F398F