---
system-info:
      stress-ng-version: 0.17.08
      run-by: root
      date-yyyy-mm-dd: 2024:07:26
      time-hh-mm-ss: 15:34:00
      epoch-secs: 1722008040
      hostname: ip-172-31-16-241
      sysname: Linux
      nodename: ip-172-31-16-241
      release: 6.8.0-1012-aws
      version: '#13-Ubuntu SMP Mon Jul 15 13:40:27 UTC 2024'
      machine: x86_64
      compiler: 'musl-gcc 13.2.1'
      uptime: 167
      totalram: 67380731904
      freeram: 61938909184
      sharedram: 48619520
      bufferram: 139210752
      totalswap: 0
      freeswap: 0
      pagesize: 4096
      cpus: 16
      cpus-online: 16
      ticks-per-second: 100

metrics:
    - stressor: cpu
      bogo-ops: 167479
      bogo-ops-per-second-usr-sys-time: 524.163303
      bogo-ops-per-second-real-time: 8373.857301
      wall-clock-time: 20.000221
      user-time: 319.502876
      system-time: 0.013960
      cpu-usage-per-instance: 99.847906
      max-rss: 1104

...
