BaselineInfo:
  WebDBID: -1
  TimeStamp: 20241109165318
Version:
  Major: 11
  Minor: 0
  Build: 1002
  SpecialBuildName: ""
  ptArchitecture: x86_64_linux
Results:
  Results Complete: true
  NumTestProcesses: 16
  CPU_INTEGER_MATH: 44020.851999999992
  CPU_FLOATINGPOINT_MATH: 23585.772318400563
  CPU_PRIME: 100.92315854173434
  CPU_SORTING: 23135.555043101034
  CPU_ENCRYPTION: 6063.4439933667372
  CPU_COMPRESSION: 194223.03002455094
  CPU_SINGLETHREAD: 1784.556228858281
  CPU_PHYSICS: 1789.9970944294403
  CPU_MATRIX_MULT_SSE: 14179.339606831421
  CPU_mm: 1336.5492096310691
  CPU_sse: 4776.6634198996271
  CPU_fma: 16344.797223304657
  CPU_avx: 11544.858991112347
  CPU_avx512: 24051.038793009062
  m_CPU_enc_SHA: 1987975337.9221673
  m_CPU_enc_AES: 15307559981.439495
  m_CPU_enc_ECDSA: 1778410227.0038986
  ME_ALLOC_S: 5448.8738005220339
  ME_READ_S: 21413.882421875001
  ME_READ_L: 11706.6123046875
  ME_WRITE: 10479.892578125
  ME_LARGE: 424584.33333333331
  ME_LATENCY: 49.149991803124692
  ME_THREADED: 88648.01708984375
  SUMM_CPU: 14470.806370772179
  SUMM_ME: 2673.0033664183616
SystemInformation:
  OSName: Ubuntu 24.04.1 LTS
  Kernel: 6.8.0-1017-azure
  Device: ""
  Processor: Intel Xeon Platinum 8272CL CPU @ 2.60GHz
  NumSockets: 2
  Manufacturer: GenuineIntel
  NumCores: 8
  NumLogicals: 16
  CPUFrequency: 0
  Memory: 435334
  MemModuleInfo:
    iNumMemSticks: 4
    DIMM 1:
      manufacturer: Microsoft Corporation
      modulePartNo: None
      memType: Unknown
      size: 1
      clkspeed: 0
      moduleVoltage: 0
    DIMM 2:
      manufacturer: Microsoft Corporation
      modulePartNo: None
      memType: Unknown
      size: 60928
      clkspeed: 0
      moduleVoltage: 0
    DIMM 3:
      manufacturer: Microsoft Corporation
      modulePartNo: None
      memType: Unknown
      size: 159232
      clkspeed: 0
      moduleVoltage: 0
    DIMM 4:
      manufacturer: Microsoft Corporation
      modulePartNo: None
      memType: Unknown
      size: 216
      clkspeed: 0
      moduleVoltage: 0
Checksum: CE7120B5126A4D6AAF3D23671C5262341AE960EC