---
system-info:
      stress-ng-version: 0.17.08
      run-by: root
      date-yyyy-mm-dd: 2024:09:16
      time-hh-mm-ss: 20:18:18
      epoch-secs: 1726517898
      hostname: sc-runner
      sysname: Linux
      nodename: sc-runner
      release: 6.8.0-1014-azure
      version: '#16-Ubuntu SMP Thu Aug 15 21:06:50 UTC 2024'
      machine: aarch64
      compiler: 'musl-gcc 13.2.1'
      uptime: 313
      totalram: 134800506880
      freeram: 124104687616
      sharedram: 38387712
      bufferram: 270921728
      totalswap: 0
      freeswap: 0
      pagesize: 4096
      cpus: 32
      cpus-online: 32
      ticks-per-second: 100

metrics:
    - stressor: cpu
      bogo-ops: 1144459
      bogo-ops-per-second-usr-sys-time: 1789.533661
      bogo-ops-per-second-real-time: 57222.769700
      wall-clock-time: 20.000063
      user-time: 639.512195
      system-time: 0.016988
      cpu-usage-per-instance: 99.926120
      max-rss: 1024

...
