BaselineInfo:
  WebDBID: -1
  TimeStamp: 20241106225449
Version:
  Major: 11
  Minor: 0
  Build: 1002
  SpecialBuildName: ""
  ptArchitecture: aarch64_linux
Results:
  Results Complete: true
  NumTestProcesses: 1
  CPU_INTEGER_MATH: 3888.1966666666667
  CPU_FLOATINGPOINT_MATH: 2955.2635419341514
  CPU_PRIME: 8.2669763754270615
  CPU_SORTING: 2776.0307499580613
  CPU_ENCRYPTION: 133.44787048432579
  CPU_COMPRESSION: 4113.5965922805144
  CPU_SINGLETHREAD: 997.3855059873332
  CPU_PHYSICS: 174.9680033395949
  CPU_MATRIX_MULT_SSE: 613.03311057608562
  CPU_mm: 102.96912995780778
  CPU_sse: 510.67143065703573
  CPU_fma: 715.39479049513557
  CPU_avx: 0
  CPU_avx512: 0
  m_CPU_enc_SHA: 202222791.44353145
  m_CPU_enc_AES: 93149409.926822662
  m_CPU_enc_ECDSA: 124418501.35256307
  ME_ALLOC_S: 639.84319810527427
  ME_READ_S: 9310.0035156249996
  ME_READ_L: 9062.685546875
  ME_WRITE: 12290.69921875
  ME_LARGE: 481.91666666666669
  ME_LATENCY: 73.446125823915267
  ME_THREADED: 9064.7109375
  SUMM_CPU: 660.74213332075044
  SUMM_ME: 699.40046205424073
SystemInformation:
  OSName: Ubuntu 24.04.1 LTS
  Kernel: 6.8.0-1016-aws
  Device: ""
  Processor: ARM Neoverse-N1 1 Core 0 MHz
  NumSockets: 1
  Manufacturer: ARM
  NumCores: 1
  NumLogicals: 1
  CPUFrequency: 0
  Memory: 7810
Checksum: 335DBF6FDAF4316ABB01E000D0B2802FA472C42D