BaselineInfo:
  WebDBID: -1
  TimeStamp: 20241114174958
Version:
  Major: 11
  Minor: 0
  Build: 1002
  SpecialBuildName: ""
  ptArchitecture: aarch64_linux
Results:
  Results Complete: true
  NumTestProcesses: 1
  CPU_INTEGER_MATH: 3876.174
  CPU_FLOATINGPOINT_MATH: 2948.6526529571797
  CPU_PRIME: 8.0761413494997019
  CPU_SORTING: 2733.720904320362
  CPU_ENCRYPTION: 131.64527264187021
  CPU_COMPRESSION: 4095.2408779960733
  CPU_SINGLETHREAD: 995.16771226251683
  CPU_PHYSICS: 172.27853835651396
  CPU_MATRIX_MULT_SSE: 612.98898811636354
  CPU_mm: 102.94890606492416
  CPU_sse: 511.35632124647941
  CPU_fma: 714.62165498624756
  CPU_avx: 0
  CPU_avx512: 0
  m_CPU_enc_SHA: 198642110.10564002
  m_CPU_enc_AES: 92334677.507571831
  m_CPU_enc_ECDSA: 123143432.60395324
  ME_ALLOC_S: 641.40147744655167
  ME_READ_S: 9293.14892578125
  ME_READ_L: 8960.9931640625
  ME_WRITE: 12321.09765625
  ME_LARGE: 503.66666666666669
  ME_LATENCY: 73.825570457299094
  ME_THREADED: 9021.833984375
  SUMM_CPU: 655.32368456563415
  SUMM_ME: 712.39730166782272
SystemInformation:
  OSName: Ubuntu 24.04.1 LTS
  Kernel: 6.8.0-1018-aws
  Device: ""
  Processor: ARM Neoverse-N1 1 Core 0 MHz
  NumSockets: 1
  Manufacturer: ARM
  NumCores: 1
  NumLogicals: 1
  CPUFrequency: 0
  Memory: 7810
Checksum: 3CBB31FEB17254F00E8B6BBBD43B43230631BE53