BaselineInfo:
  WebDBID: -1
  TimeStamp: 20241115105146
Version:
  Major: 11
  Minor: 0
  Build: 1002
  SpecialBuildName: ""
  ptArchitecture: aarch64_linux
Results:
  Results Complete: true
  NumTestProcesses: 1
  CPU_INTEGER_MATH: 3899.6750000000002
  CPU_FLOATINGPOINT_MATH: 2961.5421031322826
  CPU_PRIME: 8.2399053175250891
  CPU_SORTING: 2780.2792308910357
  CPU_ENCRYPTION: 131.84423510351846
  CPU_COMPRESSION: 4094.556580260672
  CPU_SINGLETHREAD: 995.40184378109518
  CPU_PHYSICS: 176.03846208439984
  CPU_MATRIX_MULT_SSE: 615.65431480548739
  CPU_mm: 102.90737648501155
  CPU_sse: 515.68444386306646
  CPU_fma: 715.62418574790831
  CPU_avx: 0
  CPU_avx512: 0
  m_CPU_enc_SHA: 198727162.36339632
  m_CPU_enc_AES: 92541201.292332232
  m_CPU_enc_ECDSA: 123477738.34799227
  ME_ALLOC_S: 641.20542229581861
  ME_READ_S: 9329.1458007812507
  ME_READ_L: 9038.0478515625
  ME_WRITE: 12318.234375
  ME_LARGE: 569
  ME_LATENCY: 73.448700714923376
  ME_THREADED: 9034.21875
  SUMM_CPU: 657.29679310973916
  SUMM_ME: 753.33018049710051
SystemInformation:
  OSName: Ubuntu 24.04.1 LTS
  Kernel: 6.8.0-1018-aws
  Device: ""
  Processor: ARM Neoverse-N1 1 Core 0 MHz
  NumSockets: 1
  Manufacturer: ARM
  NumCores: 1
  NumLogicals: 1
  CPUFrequency: 0
  Memory: 7810
Checksum: D307867629A29191663804DAFB61F8393A0B992F