---
system-info:
      stress-ng-version: 0.17.08
      run-by: root
      date-yyyy-mm-dd: 2024:06:14
      time-hh-mm-ss: 21:56:51
      epoch-secs: 1718402211
      hostname: aa7edcbb4afe
      sysname: Linux
      nodename: aa7edcbb4afe
      release: 6.8.0-1008-aws
      version: '#8-Ubuntu SMP Sat Apr 20 00:46:25 UTC 2024'
      machine: x86_64
      compiler: 'musl-gcc 13.2.1'
      uptime: 173
      totalram: 529579982848
      freeram: 523695161344
      sharedram: 137998336
      bufferram: 109780992
      totalswap: 0
      freeswap: 0
      pagesize: 4096
      cpus: 128
      cpus-online: 128
      ticks-per-second: 100

metrics:
    - stressor: cpu
      bogo-ops: 59877
      bogo-ops-per-second-usr-sys-time: 2993.953291
      bogo-ops-per-second-real-time: 2993.843290
      wall-clock-time: 20.000045
      user-time: 19.999310
      system-time: 0.000000
      cpu-usage-per-instance: 99.996326
      max-rss: 0

...
