---
system-info:
      stress-ng-version: 0.17.08
      run-by: root
      date-yyyy-mm-dd: 2024:06:08
      time-hh-mm-ss: 15:55:42
      epoch-secs: 1717862142
      hostname: 40f692f362b1
      sysname: Linux
      nodename: 40f692f362b1
      release: 6.8.0-1008-aws
      version: '#8-Ubuntu SMP Sat Apr 20 00:46:25 UTC 2024'
      machine: x86_64
      compiler: 'musl-gcc 13.2.1'
      uptime: 130
      totalram: 529579999232
      freeram: 523519479808
      sharedram: 137990144
      bufferram: 103366656
      totalswap: 0
      freeswap: 0
      pagesize: 4096
      cpus: 128
      cpus-online: 128
      ticks-per-second: 100

metrics:
    - stressor: cpu
      bogo-ops: 17118
      bogo-ops-per-second-usr-sys-time: 1711.937982
      bogo-ops-per-second-real-time: 1711.786899
      wall-clock-time: 10.000077
      user-time: 9.998195
      system-time: 0.000999
      cpu-usage-per-instance: 99.991175
      max-rss: 3072

...
