size_kb,operation,bandwidth_mb_s,latency_ns,latency_stddev_ns,latency_samples,threads,iterations,elapsed_s
32,read,124433.13,0,0,0,2,755286,0.379363
32,write,124563.82,0,0,0,2,453720,0.227654
32,copy,84358.14,0,0,0,2,367107,0.271985
32,latency,0,0.99,0.04,7,1,7,0.144117
128,read,124452.40,0,0,0,2,228937,0.459889
128,write,124567.61,0,0,0,2,183553,0.368380
128,copy,85344.57,0,0,0,2,137893,0.403930
128,latency,0,2.72,0.01,7,1,7,0.676948
512,read,118807.06,0,0,0,2,60153,0.506308
512,write,123338.44,0,0,0,2,52653,0.426899
512,copy,56655.78,0,0,0,2,25733,0.454199
512,latency,0,3.75,0.00,7,1,7,0.698344
1024,read,109344.79,0,0,0,2,25293,0.462628
1024,write,112033.38,0,0,0,2,25214,0.450116
1024,copy,50273.57,0,0,0,2,12065,0.479974
1024,latency,0,5.27,0.03,7,1,7,0.583230
2048,read,100398.65,0,0,0,2,12007,0.478373
2048,write,98257.21,0,0,0,2,12053,0.490671
2048,copy,53145.11,0,0,0,2,5929,0.446250
2048,latency,0,9.92,0.07,7,1,7,0.672168
8192,read,107159.22,0,0,0,2,2869,0.428372
8192,write,107872.74,0,0,0,2,3223,0.478045
8192,copy,49494.30,0,0,0,2,865,0.279628
8192,latency,0,11.62,0.20,7,1,7,0.664029
16384,read,82486.98,0,0,0,2,972,0.377078
16384,write,76201.67,0,0,0,2,1095,0.459832
16384,copy,25502.58,0,0,0,2,410,0.514458
16384,latency,0,12.50,0.56,7,1,7,0.708302
32768,read,65134.65,0,0,0,2,328,0.322286
32768,write,37772.20,0,0,0,2,343,0.581168
32768,copy,21862.27,0,0,0,2,154,0.450822
32768,latency,0,61.70,5.60,21,1,21,3.185262
65536,read,52667.86,0,0,0,2,152,0.369409
65536,write,31628.77,0,0,0,2,125,0.505868
65536,copy,19742.86,0,0,0,2,67,0.434385
65536,latency,0,94.91,1.98,7,1,7,4.079708
131072,read,48530.83,0,0,0,2,78,0.411450
131072,write,27967.38,0,0,0,2,50,0.457676
131072,copy,18061.28,0,0,0,2,34,0.481915
131072,latency,0,112.58,1.82,7,1,7,9.668571
