BaselineInfo:
  WebDBID: -1
  TimeStamp: 20241115100203
Version:
  Major: 11
  Minor: 0
  Build: 1002
  SpecialBuildName: ""
  ptArchitecture: x86_64_linux
Results:
  Results Complete: true
  NumTestProcesses: 1
  CPU_INTEGER_MATH: 3146.2939999999999
  CPU_FLOATINGPOINT_MATH: 2625.7254993616716
  CPU_PRIME: 8.3248619098556098
  CPU_SORTING: 1812.6298770191531
  CPU_ENCRYPTION: 401.65319674375138
  CPU_COMPRESSION: 15405.486856712603
  CPU_SINGLETHREAD: 1487.1930959463862
  CPU_PHYSICS: 161.17896935538653
  CPU_MATRIX_MULT_SSE: 1074.0294971424053
  CPU_mm: 145.46312509778772
  CPU_sse: 549.1140141504759
  CPU_fma: 1786.8664712863326
  CPU_avx: 886.10800599040704
  CPU_avx512: 0
  m_CPU_enc_SHA: 221046915.56251568
  m_CPU_enc_AES: 853805234.40688634
  m_CPU_enc_ECDSA: 188639557.31692562
  ME_ALLOC_S: 564.9107136751536
  ME_READ_S: 18573.089941406251
  ME_READ_L: 8443.15625
  ME_WRITE: 8420.380859375
  ME_LARGE: 578.33333333333337
  ME_LATENCY: 58.470418248201405
  ME_THREADED: 6553.423828125
  SUMM_CPU: 1263.0259334558368
  SUMM_ME: 792.88893083204357
SystemInformation:
  OSName: Ubuntu 24.04.1 LTS
  Kernel: 6.8.0-1015-gcp
  Device: ""
  Processor: Intel Xeon CPU @ 2.30GHz
  NumSockets: 1
  Manufacturer: GenuineIntel
  NumCores: 1
  NumLogicals: 1
  CPUFrequency: 0
  Memory: 1661
  MemModuleInfo:
    iNumMemSticks: 1
    DIMM 1:
      manufacturer: ""
      modulePartNo: ""
      memType: RAM
      size: 1740
      clkspeed: 0
      moduleVoltage: 0
Checksum: 1FA137502B79C695B93101EF9A38FE417C7E7C2A