BaselineInfo:
  WebDBID: -1
  TimeStamp: 20241106224103
Version:
  Major: 11
  Minor: 0
  Build: 1002
  SpecialBuildName: ""
  ptArchitecture: x86_64_linux
Results:
  Results Complete: true
  NumTestProcesses: 1
  CPU_INTEGER_MATH: 3139.6436666666664
  CPU_FLOATINGPOINT_MATH: 2632.1946334522863
  CPU_PRIME: 8.1954963381431263
  CPU_SORTING: 1825.3889831780605
  CPU_ENCRYPTION: 402.25025693301001
  CPU_COMPRESSION: 15460.340622993974
  CPU_SINGLETHREAD: 1496.308625960336
  CPU_PHYSICS: 159.29364951006423
  CPU_MATRIX_MULT_SSE: 1076.4968960398901
  CPU_mm: 133.62218761062636
  CPU_sse: 553.404826733851
  CPU_fma: 1785.5640518140162
  CPU_avx: 890.52180957180281
  CPU_avx512: 0
  m_CPU_enc_SHA: 222068973.86214486
  m_CPU_enc_AES: 855535376.46101701
  m_CPU_enc_ECDSA: 187765545.91820192
  ME_ALLOC_S: 571.32757661656444
  ME_READ_S: 18659.3037109375
  ME_READ_L: 8118.04931640625
  ME_WRITE: 8046.59765625
  ME_LARGE: 600.66666666666663
  ME_LATENCY: 58.568102901583948
  ME_THREADED: 5977.35791015625
  SUMM_CPU: 1264.3903280483071
  SUMM_ME: 792.02683371356375
SystemInformation:
  OSName: Ubuntu 24.04.1 LTS
  Kernel: 6.8.0-1015-gcp
  Device: ""
  Processor: Intel Xeon CPU @ 2.30GHz
  NumSockets: 1
  Manufacturer: GenuineIntel
  NumCores: 1
  NumLogicals: 1
  CPUFrequency: 0
  Memory: 1661
  MemModuleInfo:
    iNumMemSticks: 1
    DIMM 1:
      manufacturer: ""
      modulePartNo: ""
      memType: RAM
      size: 1740
      clkspeed: 0
      moduleVoltage: 0
Checksum: 3881F3C97A13B2E0C374AB675FC3165BD9FA391F