BaselineInfo:
  WebDBID: -1
  TimeStamp: 20241109115826
Version:
  Major: 11
  Minor: 0
  Build: 1002
  SpecialBuildName: ""
  ptArchitecture: x86_64_linux
Results:
  Results Complete: true
  NumTestProcesses: 64
  CPU_INTEGER_MATH: 199620.90200000006
  CPU_FLOATINGPOINT_MATH: 106959.28876563886
  CPU_PRIME: 239.28874034836164
  CPU_SORTING: 100077.89466473594
  CPU_ENCRYPTION: 27102.289003274978
  CPU_COMPRESSION: 867247.31734673714
  CPU_SINGLETHREAD: 2014.9794045144504
  CPU_PHYSICS: 3534.1247035213883
  CPU_MATRIX_MULT_SSE: 54545.812670404834
  CPU_mm: 6017.9183505923502
  CPU_sse: 21474.160697603376
  CPU_fma: 65912.672394588648
  CPU_avx: 46734.707922253525
  CPU_avx512: 84061.709667173782
  m_CPU_enc_SHA: 8989767666.1813774
  m_CPU_enc_AES: 68230478554.32618
  m_CPU_enc_ECDSA: 8036183161.1866779
  ME_ALLOC_S: 20597.923875606997
  ME_READ_S: 24075.6435546875
  ME_READ_L: 8989.5849609375
  ME_WRITE: 8473.8935546875
  ME_LARGE: 245837.5
  ME_LATENCY: 58.486627447691035
  ME_THREADED: 116044.3876953125
  SUMM_CPU: 45851.37604991383
  SUMM_ME: 2410.1003477203603
SystemInformation:
  OSName: Ubuntu 24.04.1 LTS
  Kernel: 6.8.0-1017-azure
  Device: ""
  Processor: Intel Xeon Platinum 8272CL CPU @ 2.60GHz
  NumSockets: 2
  Manufacturer: GenuineIntel
  NumCores: 32
  NumLogicals: 64
  CPUFrequency: 0
  Memory: 257910
  MemModuleInfo:
    iNumMemSticks: 4
    DIMM 1:
      manufacturer: Microsoft Corporation
      modulePartNo: None
      memType: Unknown
      size: 1
      clkspeed: 0
      moduleVoltage: 0
    DIMM 2:
      manufacturer: Microsoft Corporation
      modulePartNo: None
      memType: Unknown
      size: 60928
      clkspeed: 0
      moduleVoltage: 0
    DIMM 3:
      manufacturer: Microsoft Corporation
      modulePartNo: None
      memType: Unknown
      size: 69120
      clkspeed: 0
      moduleVoltage: 0
    DIMM 4:
      manufacturer: Microsoft Corporation
      modulePartNo: None
      memType: Unknown
      size: 128
      clkspeed: 0
      moduleVoltage: 0
Checksum: 506575F15D5DD36CD910A2DC1E3124BAF02B68FC