---
system-info:
      stress-ng-version: 0.17.08
      run-by: root
      date-yyyy-mm-dd: 2024:09:21
      time-hh-mm-ss: 20:24:10
      epoch-secs: 1726950250
      hostname: sc-runner
      sysname: Linux
      nodename: sc-runner
      release: 6.8.0-1014-azure
      version: '#16-Ubuntu SMP Thu Aug 15 20:04:41 UTC 2024'
      machine: x86_64
      compiler: 'musl-gcc 13.2.1'
      uptime: 326
      totalram: 67420606464
      freeram: 56967401472
      sharedram: 38154240
      bufferram: 270454784
      totalswap: 0
      freeswap: 0
      pagesize: 4096
      cpus: 16
      cpus-online: 16
      ticks-per-second: 100

metrics:
    - stressor: cpu
      bogo-ops: 54041
      bogo-ops-per-second-usr-sys-time: 2702.031086
      bogo-ops-per-second-real-time: 2702.041271
      wall-clock-time: 20.000065
      user-time: 20.000140
      system-time: 0.000000
      cpu-usage-per-instance: 100.000377
      max-rss: 1104

...
