---
system-info:
      stress-ng-version: 0.17.08
      run-by: root
      date-yyyy-mm-dd: 2024:07:03
      time-hh-mm-ss: 09:29:43
      epoch-secs: 1719998983
      hostname: c3d-standard-90-lssd-235c667
      sysname: Linux
      nodename: c3d-standard-90-lssd-235c667
      release: 6.8.0-1009-gcp
      version: '#10-Ubuntu SMP Wed Jun 12 18:52:23 UTC 2024'
      machine: x86_64
      compiler: 'musl-gcc 13.2.1'
      uptime: 155
      totalram: 380151463936
      freeram: 374528950272
      sharedram: 35381248
      bufferram: 131670016
      totalswap: 0
      freeswap: 0
      pagesize: 4096
      cpus: 90
      cpus-online: 90
      ticks-per-second: 100

metrics:
    - stressor: cpu
      bogo-ops: 57288
      bogo-ops-per-second-usr-sys-time: 2864.594506
      bogo-ops-per-second-real-time: 2864.391054
      wall-clock-time: 20.000062
      user-time: 19.997643
      system-time: 0.000999
      cpu-usage-per-instance: 99.992898
      max-rss: 720

...
