BaselineInfo:
  WebDBID: -1
  TimeStamp: 20260621211335
Version:
  Major: 11
  Minor: 0
  Build: 1004
  SpecialBuildName: ""
  ptArchitecture: x86_64_linux
Results:
  Results Complete: true
  NumTestProcesses: 64
  CPU_INTEGER_MATH: 422321.11133333331
  CPU_FLOATINGPOINT_MATH: 246296.17048361764
  CPU_PRIME: 565.28194632635439
  CPU_SORTING: 177371.99636488067
  CPU_ENCRYPTION: 80098.835095627059
  CPU_COMPRESSION: 1400125.9664907318
  CPU_SINGLETHREAD: 3786.7837979201827
  CPU_PHYSICS: 11607.328877055701
  CPU_MATRIX_MULT_SSE: 106215.52430751501
  CPU_mm: 10374.508564054328
  CPU_sse: 39278.199711233974
  CPU_fma: 114263.7082973402
  CPU_avx: 109798.4304601148
  CPU_avx512: 161521.75876137111
  m_CPU_enc_SHA: 102304758494.72629
  m_CPU_enc_AES: 82882221224.473541
  m_CPU_enc_ECDSA: 66782168608.496948
  ME_ALLOC_S: 37846.034294525547
  ME_READ_S: 34189.671679687497
  ME_READ_L: 30831.181640625
  ME_WRITE: 30712.501953125
  ME_LARGE: 1020646.1666666666
  ME_LATENCY: 78.872613944479994
  ME_THREADED: 225874.25
  SUMM_CPU: 94640.84822085913
  SUMM_ME: 2971.1552790104538
SystemInformation:
  OSName: Ubuntu 24.04.4 LTS
  Kernel: 6.17.0-1018-azure
  Device: ""
  Processor: "AMD EPYC 9V45 96-Core Processor                "
  NumSockets: 1
  Manufacturer: AuthenticAMD
  NumCores: 32
  NumLogicals: 64
  CPUFrequency: 0
  CPUMaxFrequency: 0
  Memory: 1032054
  CPUInfo:
    number: 1
    Family: 15
    Model: 2
    stepping: 1
    features: 395049983
    manufacture: AuthenticAMD
    typestring: "AMD EPYC 9V45 96-Core Processor                "
    iCoresPerPackage: 32
    iThreadsPerPackage: 2
    featuresEx:
      - 395049983
      - 4277809667
      - 802421759
    bHybrid: false
    nPCore: 0
    nLogicalsPerPCore: 0
    nECore: 0
    nLogicalsPerECore: 0
  MemModuleInfo:
    iNumMemSticks: 5
    DIMM 1:
      manufacturer: Microsoft Corporation
      modulePartNo: None
      memType: Unknown
      size: 1
      clkspeed: 0
      moduleVoltage: 0
    DIMM 2:
      manufacturer: Microsoft Corporation
      modulePartNo: None
      memType: Unknown
      size: 59
      clkspeed: 0
      moduleVoltage: 0
    DIMM 3:
      manufacturer: Microsoft Corporation
      modulePartNo: None
      memType: Unknown
      size: 452
      clkspeed: 0
      moduleVoltage: 0
    DIMM 4:
      manufacturer: Microsoft Corporation
      modulePartNo: None
      memType: Unknown
      size: 496
      clkspeed: 0
      moduleVoltage: 0
    DIMM 5:
      manufacturer: Microsoft Corporation
      modulePartNo: None
      memType: Unknown
      size: 16
      clkspeed: 0
      moduleVoltage: 0
Checksum: 332228304AC308E8287E35F7A51192E628B42952