---
system-info:
      stress-ng-version: 0.17.08
      run-by: root
      date-yyyy-mm-dd: 2024:09:09
      time-hh-mm-ss: 07:00:04
      epoch-secs: 1725865204
      hostname: ip-172-31-55-65
      sysname: Linux
      nodename: ip-172-31-55-65
      release: 6.8.0-1014-aws
      version: '#15-Ubuntu SMP Thu Aug  8 19:13:06 UTC 2024'
      machine: x86_64
      compiler: 'musl-gcc 13.2.1'
      uptime: 232
      totalram: 532511703040
      freeram: 522675036160
      sharedram: 115834880
      bufferram: 225615872
      totalswap: 0
      freeswap: 0
      pagesize: 4096
      cpus: 128
      cpus-online: 128
      ticks-per-second: 100

metrics:
    - stressor: cpu
      bogo-ops: 2475294
      bogo-ops-per-second-usr-sys-time: 967.653896
      bogo-ops-per-second-real-time: 123764.210657
      wall-clock-time: 20.000079
      user-time: 2557.983550
      system-time: 0.052966
      cpu-usage-per-instance: 99.922906
      max-rss: 0

...
