---
system-info:
      stress-ng-version: 0.17.08
      run-by: root
      date-yyyy-mm-dd: 2024:09:12
      time-hh-mm-ss: 14:07:06
      epoch-secs: 1726150026
      hostname: ip-172-31-59-192
      sysname: Linux
      nodename: ip-172-31-59-192
      release: 6.8.0-1014-aws
      version: '#15-Ubuntu SMP Thu Aug  8 19:13:06 UTC 2024'
      machine: x86_64
      compiler: 'musl-gcc 13.2.1'
      uptime: 245
      totalram: 532511703040
      freeram: 521319677952
      sharedram: 115798016
      bufferram: 224153600
      totalswap: 0
      freeswap: 0
      pagesize: 4096
      cpus: 128
      cpus-online: 128
      ticks-per-second: 100

metrics:
    - stressor: cpu
      bogo-ops: 2475813
      bogo-ops-per-second-usr-sys-time: 967.363133
      bogo-ops-per-second-real-time: 123790.176175
      wall-clock-time: 20.000077
      user-time: 2559.299921
      system-time: 0.041980
      cpu-usage-per-instance: 99.973910
      max-rss: 0

...
