BaselineInfo:
  WebDBID: -1
  TimeStamp: 20241109073552
Version:
  Major: 11
  Minor: 0
  Build: 1002
  SpecialBuildName: ""
  ptArchitecture: x86_64_linux
Results:
  Results Complete: true
  NumTestProcesses: 32
  CPU_INTEGER_MATH: 99674.935666666672
  CPU_FLOATINGPOINT_MATH: 53514.58488038004
  CPU_PRIME: 132.57743683778224
  CPU_SORTING: 49383.682448707812
  CPU_ENCRYPTION: 13342.585279392086
  CPU_COMPRESSION: 429544.12551349535
  CPU_SINGLETHREAD: 2017.54069723266
  CPU_PHYSICS: 2267.9678440814655
  CPU_MATRIX_MULT_SSE: 26961.252445796727
  CPU_mm: 2898.8322227579915
  CPU_sse: 10514.810953356953
  CPU_fma: 32954.761416599431
  CPU_avx: 23229.079066772523
  CPU_avx512: 41146.358346458001
  m_CPU_enc_SHA: 4472225347.2128544
  m_CPU_enc_AES: 33505105400.940392
  m_CPU_enc_ECDSA: 3994813357.6182632
  ME_ALLOC_S: 11214.806922442556
  ME_READ_S: 24292.208593750001
  ME_READ_L: 11706.67578125
  ME_WRITE: 10730.0263671875
  ME_LARGE: 246815.83333333334
  ME_LATENCY: 48.532345971601451
  ME_THREADED: 98593.6044921875
  SUMM_CPU: 27501.466617427152
  SUMM_ME: 2817.9219357303673
SystemInformation:
  OSName: Ubuntu 24.04.1 LTS
  Kernel: 6.8.0-1017-azure
  Device: ""
  Processor: Intel Xeon Platinum 8272CL CPU @ 2.60GHz
  NumSockets: 1
  Manufacturer: GenuineIntel
  NumCores: 16
  NumLogicals: 32
  CPUFrequency: 0
  Memory: 257731
  MemModuleInfo:
    iNumMemSticks: 3
    DIMM 1:
      manufacturer: Microsoft Corporation
      modulePartNo: None
      memType: Unknown
      size: 1
      clkspeed: 0
      moduleVoltage: 0
    DIMM 2:
      manufacturer: Microsoft Corporation
      modulePartNo: None
      memType: Unknown
      size: 60928
      clkspeed: 0
      moduleVoltage: 0
    DIMM 3:
      manufacturer: Microsoft Corporation
      modulePartNo: None
      memType: Unknown
      size: 200192
      clkspeed: 0
      moduleVoltage: 0
Checksum: EFA6CC3607E45CEE91120CB6470F8E36014EA899