BaselineInfo:
  WebDBID: -1
  TimeStamp: 20241108114440
Version:
  Major: 11
  Minor: 0
  Build: 1002
  SpecialBuildName: ""
  ptArchitecture: aarch64_linux
Results:
  Results Complete: true
  NumTestProcesses: 32
  CPU_INTEGER_MATH: 148829.13499999998
  CPU_FLOATINGPOINT_MATH: 113323.36124242493
  CPU_PRIME: 178.15076204123793
  CPU_SORTING: 106141.8958590852
  CPU_ENCRYPTION: 5139.8737075007084
  CPU_COMPRESSION: 179526.84920484282
  CPU_SINGLETHREAD: 1334.5274060326406
  CPU_PHYSICS: 2999.3140856041518
  CPU_MATRIX_MULT_SSE: 23527.923908493696
  CPU_mm: 3937.4503127157845
  CPU_sse: 19695.543534342705
  CPU_fma: 27360.304282644669
  CPU_avx: 0
  CPU_avx512: 0
  m_CPU_enc_SHA: 7647418862.3150034
  m_CPU_enc_AES: 3555555638.9504862
  m_CPU_enc_ECDSA: 4965670136.8833046
  ME_ALLOC_S: 21174.017268960302
  ME_READ_S: 11377.066210937501
  ME_READ_L: 8910.3173828125
  ME_WRITE: 15053.37890625
  ME_LARGE: 196896.25
  ME_LATENCY: 72.456286962797876
  ME_THREADED: 163500.05029296875
  SUMM_CPU: 20364.962810525856
  SUMM_ME: 1948.0542137434811
SystemInformation:
  OSName: Ubuntu 24.04.1 LTS
  Kernel: 6.8.0-1017-azure
  Device: ""
  Processor: ARM Neoverse-N1 32 Core 0 MHz
  NumSockets: 1
  Manufacturer: ARM
  NumCores: 32
  NumLogicals: 32
  CPUFrequency: 0
  Memory: 208936
Checksum: E27BD08777F2CB2B24880817610D424C374F426A