BaselineInfo:
  WebDBID: -1
  TimeStamp: 20260708213619
Version:
  Major: 11
  Minor: 0
  Build: 1004
  SpecialBuildName: ""
  ptArchitecture: x86_64_linux
Results:
  Results Complete: true
  NumTestProcesses: 16
  CPU_INTEGER_MATH: 84957.038
  CPU_FLOATINGPOINT_MATH: 59980.798818890813
  CPU_PRIME: 168.89176018690966
  CPU_SORTING: 42762.432284345712
  CPU_ENCRYPTION: 18709.155994854016
  CPU_COMPRESSION: 314840.7349188152
  CPU_SINGLETHREAD: 3244.9591273278393
  CPU_PHYSICS: 4072.9888476007613
  CPU_MATRIX_MULT_SSE: 24928.534115220311
  CPU_mm: 2403.1168377392551
  CPU_sse: 10377.178323832191
  CPU_fma: 28459.88271612029
  CPU_avx: 20266.068362721006
  CPU_avx512: 40611.007058207746
  m_CPU_enc_SHA: 19760003347.315422
  m_CPU_enc_AES: 25798773529.255707
  m_CPU_enc_ECDSA: 13295138992.809015
  ME_ALLOC_S: 11083.730561903767
  ME_READ_S: 28764.822851562501
  ME_READ_L: 10460.7177734375
  ME_WRITE: 9648.8818359375
  ME_LARGE: 1343054.75
  ME_LATENCY: 59.260806806014955
  ME_THREADED: 184365.70068359375
  SUMM_CPU: 29623.8003633804
  SUMM_ME: 2616.6865682764351
SystemInformation:
  OSName: Ubuntu 24.04.4 LTS
  Kernel: 6.17.0-1018-azure
  Device: ""
  Processor: INTEL(R) XEON(R) PLATINUM 8573C
  NumSockets: 2
  Manufacturer: GenuineIntel
  NumCores: 8
  NumLogicals: 16
  CPUFrequency: 2300
  CPUMaxFrequency: 2300
  Memory: 1354631
  CPUInfo:
    number: 2
    Family: 6
    Model: 15
    stepping: 2
    features: 529267711
    manufacture: GenuineIntel
    typestring: INTEL(R) XEON(R) PLATINUM 8573C
    iCoresPerPackage: 4
    iThreadsPerPackage: 2
    featuresEx:
      - 529267711
      - 4294586915
      - 739248128
    bHybrid: false
    nPCore: 0
    nLogicalsPerPCore: 0
    nECore: 0
    nLogicalsPerECore: 0
  MemModuleInfo:
    iNumMemSticks: 4
    DIMM 1:
      manufacturer: Microsoft Corporation
      modulePartNo: None
      memType: Unknown
      size: 1
      clkspeed: 0
      moduleVoltage: 0
    DIMM 2:
      manufacturer: Microsoft Corporation
      modulePartNo: None
      memType: Unknown
      size: 59
      clkspeed: 0
      moduleVoltage: 0
    DIMM 3:
      manufacturer: Microsoft Corporation
      modulePartNo: None
      memType: Unknown
      size: 612
      clkspeed: 0
      moduleVoltage: 0
    DIMM 4:
      manufacturer: Microsoft Corporation
      modulePartNo: None
      memType: Unknown
      size: 672
      clkspeed: 0
      moduleVoltage: 0
Checksum: DB170D32A756FBF8586A47A7E2A87053F5C84AF7