---
system-info:
      stress-ng-version: 0.17.08
      run-by: root
      date-yyyy-mm-dd: 2024:06:13
      time-hh-mm-ss: 09:54:49
      epoch-secs: 1718272489
      hostname: 96bdd3a3f589
      sysname: Linux
      nodename: 96bdd3a3f589
      release: 6.8.0-1008-aws
      version: '#8-Ubuntu SMP Sat Apr 20 00:46:25 UTC 2024'
      machine: x86_64
      compiler: 'musl-gcc 13.2.1'
      uptime: 117
      totalram: 33091211264
      freeram: 28717068288
      sharedram: 59883520
      bufferram: 105857024
      totalswap: 0
      freeswap: 0
      pagesize: 4096
      cpus: 4
      cpus-online: 4
      ticks-per-second: 100

metrics:
    - stressor: cpu
      bogo-ops: 76909
      bogo-ops-per-second-usr-sys-time: 965.872388
      bogo-ops-per-second-real-time: 3845.425441
      wall-clock-time: 20.000128
      user-time: 79.607471
      system-time: 0.018990
      cpu-usage-per-instance: 99.532441
      max-rss: 1104

...
