---
system-info:
      stress-ng-version: 0.17.08
      run-by: root
      date-yyyy-mm-dd: 2024:06:07
      time-hh-mm-ss: 14:42:02
      epoch-secs: 1717771322
      hostname: 1f730685db55
      sysname: Linux
      nodename: 1f730685db55
      release: 6.8.0-1008-aws
      version: '#8-Ubuntu SMP Sat Apr 20 00:46:25 UTC 2024'
      machine: x86_64
      compiler: 'musl-gcc 13.2.1'
      uptime: 105
      totalram: 33091219456
      freeram: 28825595904
      sharedram: 59883520
      bufferram: 91549696
      totalswap: 0
      freeswap: 0
      pagesize: 4096
      cpus: 4
      cpus-online: 4
      ticks-per-second: 100

metrics:
    - stressor: cpu
      bogo-ops: 47706
      bogo-ops-per-second-usr-sys-time: 1198.866211
      bogo-ops-per-second-real-time: 4769.359079
      wall-clock-time: 10.002602
      user-time: 39.784605
      system-time: 0.007992
      cpu-usage-per-instance: 99.455616
      max-rss: 3920

...
