---
system-info:
      stress-ng-version: 0.17.08
      run-by: root
      date-yyyy-mm-dd: 2024:06:08
      time-hh-mm-ss: 06:26:44
      epoch-secs: 1717828004
      hostname: 8cac6f463c63
      sysname: Linux
      nodename: 8cac6f463c63
      release: 6.8.0-1008-aws
      version: '#8-Ubuntu SMP Sat Apr 20 02:43:14 UTC 2024'
      machine: aarch64
      compiler: 'musl-gcc 13.2.1'
      uptime: 132
      totalram: 16534196224
      freeram: 12260835328
      sharedram: 35016704
      bufferram: 96194560
      totalswap: 0
      freeswap: 0
      pagesize: 4096
      cpus: 2
      cpus-online: 2
      ticks-per-second: 100

metrics:
    - stressor: cpu
      bogo-ops: 5854
      bogo-ops-per-second-usr-sys-time: 295.495938
      bogo-ops-per-second-real-time: 585.191724
      wall-clock-time: 10.003559
      user-time: 19.803782
      system-time: 0.006981
      cpu-usage-per-instance: 99.018573
      max-rss: 4136

...
