---
system-info:
      stress-ng-version: 0.17.08
      run-by: root
      date-yyyy-mm-dd: 2024:06:15
      time-hh-mm-ss: 08:23:46
      epoch-secs: 1718439826
      hostname: 1587148f66d2
      sysname: Linux
      nodename: 1587148f66d2
      release: 6.8.0-1008-aws
      version: '#8-Ubuntu SMP Sat Apr 20 02:43:14 UTC 2024'
      machine: aarch64
      compiler: 'musl-gcc 13.2.1'
      uptime: 129
      totalram: 198210940928
      freeram: 193502060544
      sharedram: 35196928
      bufferram: 104914944
      totalswap: 0
      freeswap: 0
      pagesize: 4096
      cpus: 48
      cpus-online: 48
      ticks-per-second: 100

metrics:
    - stressor: cpu
      bogo-ops: 1456383
      bogo-ops-per-second-usr-sys-time: 1517.682688
      bogo-ops-per-second-real-time: 72818.864442
      wall-clock-time: 20.000078
      user-time: 959.586690
      system-time: 0.022991
      cpu-usage-per-instance: 99.958950
      max-rss: 1152

...
