---
system-info:
      stress-ng-version: 0.17.08
      run-by: root
      date-yyyy-mm-dd: 2024:06:07
      time-hh-mm-ss: 21:56:09
      epoch-secs: 1717797369
      hostname: eb513791b3ed
      sysname: Linux
      nodename: eb513791b3ed
      release: 6.8.0-1008-aws
      version: '#8-Ubuntu SMP Sat Apr 20 02:43:14 UTC 2024'
      machine: aarch64
      compiler: 'musl-gcc 13.2.1'
      uptime: 157
      totalram: 198210945024
      freeram: 193538252800
      sharedram: 35196928
      bufferram: 92852224
      totalswap: 0
      freeswap: 0
      pagesize: 4096
      cpus: 48
      cpus-online: 48
      ticks-per-second: 100

metrics:
    - stressor: cpu
      bogo-ops: 141105
      bogo-ops-per-second-usr-sys-time: 292.801684
      bogo-ops-per-second-real-time: 14045.623490
      wall-clock-time: 10.046190
      user-time: 481.860237
      system-time: 0.052975
      cpu-usage-per-instance: 99.936979
      max-rss: 3840

...
