BaselineInfo:
  WebDBID: -1
  TimeStamp: 20260618004925
Version:
  Major: 11
  Minor: 0
  Build: 1004
  SpecialBuildName: ""
  ptArchitecture: x86_64_linux
Results:
  Results Complete: true
  NumTestProcesses: 16
  CPU_INTEGER_MATH: 75985.880333333349
  CPU_FLOATINGPOINT_MATH: 42506.942318801666
  CPU_PRIME: 126.26834941737084
  CPU_SORTING: 45665.765698173032
  CPU_ENCRYPTION: 19267.842378382549
  CPU_COMPRESSION: 313369.67030216317
  CPU_SINGLETHREAD: 2889.8890393755537
  CPU_PHYSICS: 2453.0528020383849
  CPU_MATRIX_MULT_SSE: 21890.337687522373
  CPU_mm: 2034.2376097689291
  CPU_sse: 8972.3077157496318
  CPU_fma: 28094.4392486461
  CPU_avx: 23103.229135724861
  CPU_avx512: 27391.374649968886
  m_CPU_enc_SHA: 26936904809.115105
  m_CPU_enc_AES: 18285979917.729736
  m_CPU_enc_ECDSA: 15388506542.419735
  ME_ALLOC_S: 7885.2246797982079
  ME_READ_S: 27398.125390624999
  ME_READ_L: 26131.173828125
  ME_WRITE: 25903.716796875
  ME_LARGE: 54045.75
  ME_LATENCY: 69.880208100753364
  ME_THREADED: 38345.716796875
  SUMM_CPU: 26440.249464917681
  SUMM_ME: 2723.3920265566071
SystemInformation:
  OSName: Ubuntu 24.04.4 LTS
  Kernel: 6.8.0-117-generic
  Device: ""
  Processor: "AMD EPYC 9T24 96-Core Processor                "
  NumSockets: 1
  Manufacturer: AuthenticAMD
  NumCores: 8
  NumLogicals: 16
  CPUFrequency: 0
  CPUMaxFrequency: 0
  Memory: 62874
  CPUInfo:
    number: 1
    Family: 15
    Model: 1
    stepping: 1
    features: 395049983
    manufacture: AuthenticAMD
    typestring: "AMD EPYC 9T24 96-Core Processor                "
    iCoresPerPackage: 8
    iThreadsPerPackage: 2
    featuresEx:
      - 395049983
      - 4277809667
      - 802421759
    bHybrid: false
    nPCore: 0
    nLogicalsPerPCore: 0
    nECore: 0
    nLogicalsPerECore: 0
  MemModuleInfo:
    iNumMemSticks: 4
    DIMM 1:
      manufacturer: Alibaba Cloud
      modulePartNo: Not Specified
      memType: RAM
      size: 16
      clkspeed: 0
      moduleVoltage: 0
    DIMM 2:
      manufacturer: Alibaba Cloud
      modulePartNo: Not Specified
      memType: RAM
      size: 16
      clkspeed: 0
      moduleVoltage: 0
    DIMM 3:
      manufacturer: Alibaba Cloud
      modulePartNo: Not Specified
      memType: RAM
      size: 16
      clkspeed: 0
      moduleVoltage: 0
    DIMM 4:
      manufacturer: Alibaba Cloud
      modulePartNo: Not Specified
      memType: RAM
      size: 16
      clkspeed: 0
      moduleVoltage: 0
Checksum: CE537AF35A24F3E6F1697A490F7252F9BFAAB824