BaselineInfo:
  WebDBID: -1
  TimeStamp: 20241108035914
Version:
  Major: 11
  Minor: 0
  Build: 1002
  SpecialBuildName: ""
  ptArchitecture: x86_64_linux
Results:
  Results Complete: true
  NumTestProcesses: 2
  CPU_INTEGER_MATH: 6175.0830000000005
  CPU_FLOATINGPOINT_MATH: 3316.5842958156159
  CPU_PRIME: 13.504463095489236
  CPU_SORTING: 3311.0337264508698
  CPU_ENCRYPTION: 849.35970653993559
  CPU_COMPRESSION: 27646.194166501577
  CPU_SINGLETHREAD: 1976.9732678105515
  CPU_PHYSICS: 278.72624020789129
  CPU_MATRIX_MULT_SSE: 1745.5419790416165
  CPU_mm: 187.7160972793468
  CPU_sse: 670.72665619122961
  CPU_fma: 2230.3775378479108
  CPU_avx: 1577.8069002189118
  CPU_avx512: 2503.2568219084142
  m_CPU_enc_SHA: 279446449.09091341
  m_CPU_enc_AES: 2147711702.4174366
  m_CPU_enc_ECDSA: 244696459.42610824
  ME_ALLOC_S: 675.53690079621015
  ME_READ_S: 23844.639453125001
  ME_READ_L: 9847.921875
  ME_WRITE: 8644.65625
  ME_LARGE: 54330
  ME_LATENCY: 60.871228866870432
  ME_THREADED: 10437.79833984375
  SUMM_CPU: 2231.3900006778335
  SUMM_ME: 1670.543158464973
SystemInformation:
  OSName: Ubuntu 24.04.1 LTS
  Kernel: 6.8.0-1017-azure
  Device: ""
  Processor: Intel Xeon Platinum 8272CL CPU @ 2.60GHz
  NumSockets: 1
  Manufacturer: GenuineIntel
  NumCores: 1
  NumLogicals: 2
  CPUFrequency: 0
  Memory: 64301
  MemModuleInfo:
    iNumMemSticks: 3
    DIMM 1:
      manufacturer: Microsoft Corporation
      modulePartNo: None
      memType: Unknown
      size: 1
      clkspeed: 0
      moduleVoltage: 0
    DIMM 2:
      manufacturer: Microsoft Corporation
      modulePartNo: None
      memType: Unknown
      size: 60928
      clkspeed: 0
      moduleVoltage: 0
    DIMM 3:
      manufacturer: Microsoft Corporation
      modulePartNo: None
      memType: Unknown
      size: 3584
      clkspeed: 0
      moduleVoltage: 0
Checksum: B0CE19A6C4175899510A1FAF49FBEBB6925F2B19