---
system-info:
      stress-ng-version: 0.17.08
      run-by: root
      date-yyyy-mm-dd: 2024:09:03
      time-hh-mm-ss: 14:03:08
      epoch-secs: 1725372188
      hostname: sc-runner
      sysname: Linux
      nodename: sc-runner
      release: 6.8.0-1013-azure
      version: '#15-Ubuntu SMP Thu Aug  8 18:40:40 UTC 2024'
      machine: x86_64
      compiler: 'musl-gcc 13.2.1'
      uptime: 360
      totalram: 50510589952
      freeram: 41855012864
      sharedram: 42074112
      bufferram: 216264704
      totalswap: 0
      freeswap: 0
      pagesize: 4096
      cpus: 12
      cpus-online: 12
      ticks-per-second: 100

metrics:
    - stressor: cpu
      bogo-ops: 24933
      bogo-ops-per-second-usr-sys-time: 1246.663402
      bogo-ops-per-second-real-time: 1246.644724
      wall-clock-time: 20.000085
      user-time: 19.998786
      system-time: 0.000999
      cpu-usage-per-instance: 99.998502
      max-rss: 3152

...
