---
system-info:
      stress-ng-version: 0.17.08
      run-by: root
      date-yyyy-mm-dd: 2024:07:03
      time-hh-mm-ss: 17:57:46
      epoch-secs: 1720029466
      hostname: a2-megagpu-16g-4a7a286
      sysname: Linux
      nodename: a2-megagpu-16g-4a7a286
      release: 6.8.0-1009-gcp
      version: '#10-Ubuntu SMP Wed Jun 12 18:52:23 UTC 2024'
      machine: x86_64
      compiler: 'musl-gcc 13.2.1'
      uptime: 278
      totalram: 1437314379776
      freeram: 1427167797248
      sharedram: 83210240
      bufferram: 125026304
      totalswap: 0
      freeswap: 0
      pagesize: 4096
      cpus: 96
      cpus-online: 96
      ticks-per-second: 100

metrics:
    - stressor: cpu
      bogo-ops: 1514957
      bogo-ops-per-second-usr-sys-time: 789.590471
      bogo-ops-per-second-real-time: 75747.412638
      wall-clock-time: 20.000115
      user-time: 1918.618737
      system-time: 0.042970
      cpu-usage-per-instance: 99.929720
      max-rss: 768

...
