BaselineInfo:
  WebDBID: -1
  TimeStamp: 20251219155609
Version:
  Major: 11
  Minor: 0
  Build: 1002
  SpecialBuildName: ""
  ptArchitecture: x86_64_linux
Results:
  Results Complete: true
  NumTestProcesses: 128
  CPU_INTEGER_MATH: 673533.90299999982
  CPU_FLOATINGPOINT_MATH: 453024.88431119645
  CPU_PRIME: 1513.7103295323732
  CPU_SORTING: 317537.7667701887
  CPU_ENCRYPTION: 139586.74117432378
  CPU_COMPRESSION: 2234792.0890912241
  CPU_SINGLETHREAD: 2927.5212479576539
  CPU_PHYSICS: 19909.824102588485
  CPU_MATRIX_MULT_SSE: 150896.23295338059
  CPU_mm: 16260.299536643812
  CPU_sse: 74034.267911756731
  CPU_fma: 213879.78420052002
  CPU_avx: 164774.64674786487
  CPU_avx512: 0
  m_CPU_enc_SHA: 197884576953.44049
  m_CPU_enc_AES: 130124840014.55327
  m_CPU_enc_ECDSA: 111092503172.82959
  ME_ALLOC_S: 30956.516831333625
  ME_READ_S: 27783.523828124999
  ME_READ_L: 26677.033203125
  ME_WRITE: 25961.3359375
  ME_LARGE: 991761
  ME_LATENCY: 71.365318920174147
  ME_THREADED: 401518.044921875
  SUMM_CPU: 113820.58713838132
  SUMM_ME: 3010.3101213190894
SystemInformation:
  OSName: Ubuntu 24.04.2 LTS
  Kernel: 6.8.0-86-generic
  Device: ""
  Processor: AMD EPYC-Milan Processor
  NumSockets: 128
  Manufacturer: AuthenticAMD
  NumCores: 128
  NumLogicals: 128
  CPUFrequency: 0
  Memory: 1007457
  MemModuleInfo:
    iNumMemSticks: 1
    DIMM 1:
      manufacturer: QEMU
      modulePartNo: Not Specified
      memType: RAM
      size: 1000
      clkspeed: 0
      moduleVoltage: 0
Checksum: 9353DB919C7C8021A87703C630E650C844DCC67A