size_kb,operation,bandwidth_mb_s,latency_ns,latency_stddev_ns,latency_samples,threads,iterations,elapsed_s
16,read,134590.94,0,0,0,2,755285,0.175366
16,write,77620.09,0,0,0,2,367107,0.147798
16,copy,71913.81,0,0,0,2,328515,0.142756
16,latency,0,1.59,0.03,7,1,7,0.116670
64,read,119382.71,0,0,0,2,198098,0.207419
64,write,77756.27,0,0,0,2,130005,0.208994
64,copy,64458.44,0,0,0,2,57763,0.112016
64,latency,0,3.48,0.23,21,1,21,2.114779
256,read,121290.26,0,0,0,2,47537,0.195964
256,write,78018.41,0,0,0,2,36216,0.232099
256,copy,61450.05,0,0,0,2,30879,0.251253
256,latency,0,4.76,0.10,7,1,7,0.569903
512,read,103696.95,0,0,0,2,25105,0.242100
512,write,78426.44,0,0,0,2,20303,0.258880
512,copy,57038.93,0,0,0,2,14082,0.246884
512,latency,0,12.81,1.43,21,1,21,2.075544
1024,read,88662.41,0,0,0,2,11245,0.253659
1024,write,74267.98,0,0,0,2,9649,0.259843
1024,copy,53435.62,0,0,0,2,2830,0.105922
1024,latency,0,17.55,0.76,7,1,7,0.774671
4096,read,87632.17,0,0,0,2,1423,0.129907
4096,write,74320.05,0,0,0,2,1541,0.165877
4096,copy,46654.87,0,0,0,2,691,0.118487
4096,latency,0,52.11,24.33,21,1,21,4.479312
8192,read,53986.04,0,0,0,2,522,0.154707
8192,write,70176.81,0,0,0,2,390,0.088918
8192,copy,28676.73,0,0,0,2,300,0.167383
8192,latency,0,101.14,24.62,21,1,21,1.279793
16384,read,27890.20,0,0,0,2,214,0.245534
16384,write,24948.79,0,0,0,2,189,0.242417
16384,copy,11815.05,0,0,0,2,118,0.319592
16384,latency,0,144.77,2.61,7,1,7,1.609592
32768,read,24879.22,0,0,0,2,98,0.252098
32768,write,18364.52,0,0,0,2,101,0.351983
32768,copy,10072.78,0,0,0,2,64,0.406641
32768,latency,0,158.37,4.14,7,1,7,3.464978
65536,read,20662.58,0,0,0,2,51,0.315934
65536,write,16298.54,0,0,0,2,45,0.353406
65536,copy,9567.84,0,0,0,2,29,0.387966
65536,latency,0,167.00,0.95,7,1,7,7.440635
