---
system-info:
      stress-ng-version: 0.17.08
      run-by: root
      date-yyyy-mm-dd: 2024:06:13
      time-hh-mm-ss: 22:20:52
      epoch-secs: 1718317252
      hostname: d244551b4136
      sysname: Linux
      nodename: d244551b4136
      release: 6.8.0-1008-aws
      version: '#8-Ubuntu SMP Sat Apr 20 02:43:14 UTC 2024'
      machine: aarch64
      compiler: 'musl-gcc 13.2.1'
      uptime: 171
      totalram: 16533753856
      freeram: 12282236928
      sharedram: 35012608
      bufferram: 105308160
      totalswap: 0
      freeswap: 0
      pagesize: 4096
      cpus: 4
      cpus-online: 4
      ticks-per-second: 100

metrics:
    - stressor: cpu
      bogo-ops: 121015
      bogo-ops-per-second-usr-sys-time: 1518.872405
      bogo-ops-per-second-real-time: 6050.728649
      wall-clock-time: 20.000071
      user-time: 79.668243
      system-time: 0.005994
      cpu-usage-per-instance: 99.592445
      max-rss: 1192

...
