---
system-info:
      stress-ng-version: 0.17.08
      run-by: root
      date-yyyy-mm-dd: 2024:06:08
      time-hh-mm-ss: 09:22:33
      epoch-secs: 1717838553
      hostname: 1599b57ff7f6
      sysname: Linux
      nodename: 1599b57ff7f6
      release: 6.8.0-1008-aws
      version: '#8-Ubuntu SMP Sat Apr 20 02:43:14 UTC 2024'
      machine: aarch64
      compiler: 'musl-gcc 13.2.1'
      uptime: 131
      totalram: 16533749760
      freeram: 12252368896
      sharedram: 35012608
      bufferram: 97570816
      totalswap: 0
      freeswap: 0
      pagesize: 4096
      cpus: 4
      cpus-online: 4
      ticks-per-second: 100

metrics:
    - stressor: cpu
      bogo-ops: 11474
      bogo-ops-per-second-usr-sys-time: 286.962697
      bogo-ops-per-second-real-time: 1141.705016
      wall-clock-time: 10.049881
      user-time: 39.981295
      system-time: 0.002996
      cpu-usage-per-instance: 99.464584
      max-rss: 4136

...
