BaselineInfo:
  WebDBID: -1
  TimeStamp: 20250422003241
Version:
  Major: 11
  Minor: 0
  Build: 1002
  SpecialBuildName: ""
  ptArchitecture: aarch64_linux
Results:
  Results Complete: true
  NumTestProcesses: 32
  CPU_INTEGER_MATH: 167054.97700000001
  CPU_FLOATINGPOINT_MATH: 194044.33373432429
  CPU_PRIME: 431.55425558497808
  CPU_SORTING: 147898.41180511398
  CPU_ENCRYPTION: 6064.9258392481561
  CPU_COMPRESSION: 212918.09850369359
  CPU_SINGLETHREAD: 1944.6685532483482
  CPU_PHYSICS: 9245.2888600936694
  CPU_MATRIX_MULT_SSE: 29440.872453233693
  CPU_mm: 3612.7136684730531
  CPU_sse: 23110.003894176469
  CPU_fma: 35771.741012290891
  CPU_avx: 0
  CPU_avx512: 0
  m_CPU_enc_SHA: 9586858954.9555893
  m_CPU_enc_AES: 3431390493.4235191
  m_CPU_enc_ECDSA: 6060357582.0673132
  ME_ALLOC_S: 47362.409711101718
  ME_READ_S: 20602.638476562501
  ME_READ_L: 20033.953125
  ME_WRITE: 21299.630859375
  ME_LARGE: 241852.25
  ME_LATENCY: 46.683362813867667
  ME_THREADED: 420835.4521484375
  SUMM_CPU: 26413.328307158175
  SUMM_ME: 3363.492517402085
SystemInformation:
  OSName: Ubuntu 24.04.2 LTS
  Kernel: 6.8.0-1027-aws
  Device: ""
  Processor: ARM Neoverse-V2 32 Core 0 MHz
  NumSockets: 1
  Manufacturer: ARM
  NumCores: 32
  NumLogicals: 32
  CPUFrequency: 0
  Memory: 253166
Checksum: DE0FE3130BEDB8FAC88D1BC97CF37758E7B7B430