BaselineInfo:
  WebDBID: -1
  TimeStamp: 20260616194243
Version:
  Major: 11
  Minor: 0
  Build: 1004
  SpecialBuildName: ""
  ptArchitecture: x86_64_linux
Results:
  Results Complete: true
  NumTestProcesses: 2
  CPU_INTEGER_MATH: 4873.7003333333341
  CPU_FLOATINGPOINT_MATH: 2624.0144581447285
  CPU_PRIME: 12.870513624588236
  CPU_SORTING: 3022.950071033742
  CPU_ENCRYPTION: 674.72861629015927
  CPU_COMPRESSION: 22146.421465688625
  CPU_SINGLETHREAD: 1578.1976501532738
  CPU_PHYSICS: 246.50056259103917
  CPU_MATRIX_MULT_SSE: 1418.5598072185094
  CPU_mm: 148.37332181217749
  CPU_sse: 534.28758796684156
  CPU_fma: 1811.7146718401727
  CPU_avx: 1282.8459069657065
  CPU_avx512: 2045.3910621013163
  m_CPU_enc_SHA: 220889767.00611839
  m_CPU_enc_AES: 1703125854.1610341
  m_CPU_enc_ECDSA: 198497079.49805772
  ME_ALLOC_S: 561.66784100871178
  ME_READ_S: 19124.049218749999
  ME_READ_L: 6934.6064453125
  ME_WRITE: 7048.33935546875
  ME_LARGE: 792.41666666666663
  ME_LATENCY: 75.083375480527337
  ME_THREADED: 9687.279296875
  SUMM_CPU: 1820.9324397265555
  SUMM_ME: 881.34160971084225
SystemInformation:
  OSName: Ubuntu 24.04.4 LTS
  Kernel: 6.8.0-117-generic
  Device: ""
  Processor: Intel(R) Xeon(R) Platinum 8269CY CPU @ 2.50GHz
  NumSockets: 1
  Manufacturer: GenuineIntel
  NumCores: 1
  NumLogicals: 2
  CPUFrequency: 0
  CPUMaxFrequency: 0
  Memory: 1711
  CPUInfo:
    number: 1
    Family: 6
    Model: 5
    stepping: 7
    features: 529267711
    manufacture: GenuineIntel
    typestring: Intel(R) Xeon(R) Platinum 8269CY CPU @ 2.50GHz
    iCoresPerPackage: 1
    iThreadsPerPackage: 2
    featuresEx:
      - 529267711
      - 4277809667
      - 739248128
    bHybrid: false
    nPCore: 0
    nLogicalsPerPCore: 0
    nECore: 0
    nLogicalsPerECore: 0
  MemModuleInfo:
    iNumMemSticks: 1
    DIMM 1:
      manufacturer: Alibaba Cloud
      modulePartNo: Not Specified
      memType: RAM
      size: 2
      clkspeed: 0
      moduleVoltage: 0
Checksum: BBF9DD66B3DC47857B6DAA649D65CD7F2E588E0E