BaselineInfo:
  WebDBID: -1
  TimeStamp: 20241108070046
Version:
  Major: 11
  Minor: 0
  Build: 1002
  SpecialBuildName: ""
  ptArchitecture: aarch64_linux
Results:
  Results Complete: true
  NumTestProcesses: 8
  CPU_INTEGER_MATH: 31578.788333333334
  CPU_FLOATINGPOINT_MATH: 23964.390817117801
  CPU_PRIME: 65.631200713898423
  CPU_SORTING: 22939.937223348366
  CPU_ENCRYPTION: 1086.8939571901637
  CPU_COMPRESSION: 37726.913042493725
  CPU_SINGLETHREAD: 1109.9628550616853
  CPU_PHYSICS: 1156.2443484352445
  CPU_MATRIX_MULT_SSE: 4970.9215511712355
  CPU_mm: 834.4423170352037
  CPU_sse: 4147.7998638357958
  CPU_fma: 5794.0432385066761
  CPU_avx: 0
  CPU_avx512: 0
  m_CPU_enc_SHA: 1618268467.5364628
  m_CPU_enc_AES: 752767239.74580562
  m_CPU_enc_ECDSA: 1048037046.8816307
  ME_ALLOC_S: 5226.3673651392701
  ME_READ_S: 9484.9283203124996
  ME_READ_L: 9220.166015625
  ME_WRITE: 12571.25
  ME_LARGE: 21541.666666666668
  ME_LATENCY: 70.313482945983637
  ME_THREADED: 73030.4482421875
  SUMM_CPU: 5240.6296198466498
  SUMM_ME: 1745.6678020423847
SystemInformation:
  OSName: Ubuntu 24.04.1 LTS
  Kernel: 6.8.0-1016-aws
  Device: ""
  Processor: ARM Neoverse-N1 8 Core 0 MHz
  NumSockets: 1
  Manufacturer: ARM
  NumCores: 8
  NumLogicals: 8
  CPUFrequency: 0
  Memory: 31493
Checksum: 516A12D84F96A49DBBBF1DB06F30AC3FE507B6D9