"size","threads","connections","rps","latency","failed","server_usr","server_sys","client_usr","client_sys"
"1k",96,96,5275074,0.000017320,0,286.15,253.85,113.65,302.97
"1k",96,192,4949550,0.000040600,0,243.68,245.88,91.18,274.11
"1k",96,384,5391667,0.000074550,0,282.83,260.56,88.45,286.60
"1k",96,768,4363638,0.000193100,0,206.62,316.52,59.58,338.31
"1k",96,1536,4439238,0.000618820,0,213.87,330.64,53.89,356.97
"1k",96,3072,4549068,0.000900000,0,213.31,328.12,55.80,357.55
"1k",192,192,5234468,0.000036510,0,270.10,267.45,98.31,309.78
"1k",192,384,3795582,0.000111770,0,146.21,348.54,61.54,386.07
"1k",192,768,4269792,0.000391160,0,171.86,344.53,64.95,385.96
"1k",192,1536,4290735,0.000543200,0,178.30,340.13,73.94,384.63
"1k",192,3072,4210995,0.000960000,0,173.68,356.60,61.60,393.19
"1k",384,384,4667655,0.000089720,0,212.90,306.35,84.39,351.09
"1k",384,768,4019259,0.000279020,0,160.38,343.18,77.27,394.02
"1k",384,1536,3985606,0.000551200,0,146.17,361.61,66.69,412.95
"1k",384,3072,3872192,0.000940000,0,140.57,365.78,64.80,415.23
"16k",96,96,4235486,0.000023000,0,211.45,247.84,87.79,324.64
"16k",96,192,4044172,0.000045680,0,199.19,249.20,80.35,296.84
"16k",96,384,4623431,0.000085300,0,239.69,266.02,84.92,315.09
"16k",96,768,3004515,0.000257970,0,152.16,331.11,47.21,378.03
"16k",96,1536,2817398,0.000678450,0,148.49,345.70,45.20,405.98
"16k",96,3072,2730383,0.001360000,0,148.47,350.53,42.16,421.50
"16k",192,192,4740703,0.000040210,0,243.78,272.91,96.70,344.13
"16k",192,384,3032089,0.000133810,0,125.92,348.29,59.00,409.85
"16k",192,768,3056540,0.000389340,0,135.19,358.52,56.06,417.95
"16k",192,1536,2853903,0.000697860,0,132.61,356.91,63.39,424.93
"16k",192,3072,2845015,0.001350000,0,127.67,376.83,52.45,443.23
"16k",384,384,3986168,0.000102090,0,191.88,311.99,82.19,373.95
"16k",384,768,3263969,0.000311130,0,132.14,351.01,74.22,420.61
"16k",384,1536,2947159,0.000696890,0,117.35,366.28,59.12,438.77
"16k",384,3072,2797271,0.001260000,0,113.34,380.27,57.89,448.28
"64k",96,96,2884567,0.000033740,0,157.62,315.46,75.28,388.12
"64k",96,192,2620881,0.000067630,0,138.47,287.88,64.14,368.49
"64k",96,384,2896217,0.000130130,0,152.55,308.38,67.85,391.61
"64k",96,768,1364428,0.000543810,0,96.85,387.98,34.53,398.93
"64k",96,1536,982335,0.001630000,0,102.89,431.21,29.15,396.25
"64k",96,3072,789774,0.003600000,0,133.23,411.87,26.39,399.78
"64k",192,192,2860245,0.000066920,0,148.78,313.92,78.65,415.80
"64k",192,384,1620437,0.000254450,0,81.84,392.07,44.96,432.47
"64k",192,768,1454464,0.000662890,0,74.35,415.02,41.92,439.59
"64k",192,1536,1183987,0.001440000,0,84.21,426.92,42.84,423.21
"64k",192,3072,954040,0.003600000,0,122.51,411.78,33.68,445.66
"64k",384,384,2307356,0.000183140,0,112.84,352.92,71.04,432.38
"64k",384,768,1657682,0.000559990,0,77.96,400.38,57.84,447.49
"64k",384,1536,1350480,0.001280000,0,86.57,425.79,45.83,439.08
"64k",384,3072,1107590,0.002930000,0,126.39,417.94,45.58,427.42
"256k",96,96,1054828,0.000104780,0,131.94,352.07,58.70,396.81
"256k",96,192,1067287,0.000212180,0,125.97,337.34,57.62,387.68
"256k",96,384,403580,0.000930000,0,126.92,412.84,24.34,359.42
"256k",96,768,259870,0.002800000,0,154.12,435.85,20.53,348.66
"256k",96,1536,230338,0.006330000,0,213.91,420.46,19.93,334.22
"256k",192,192,1089432,0.000180590,0,130.48,350.61,63.59,418.55
"256k",192,384,487718,0.000900000,0,100.52,430.96,34.94,403.85
"256k",192,768,356433,0.002230000,0,158.42,428.09,31.53,357.15
"256k",192,1536,265120,0.005880000,0,201.01,413.93,27.59,343.62
"256k",384,384,612715,0.000703840,0,124.17,407.53,46.99,404.84
"256k",384,768,415851,0.001980000,0,174.09,408.63,38.61,373.46
"256k",384,1536,332264,0.004750000,0,240.26,398.40,34.45,331.18
"512k",96,96,527499,0.000497170,0,126.13,318.77,50.33,438.68
"512k",96,192,364409,0.000559930,0,174.69,375.04,38.08,334.84
"512k",96,384,146632,0.002510000,0,183.25,423.16,20.62,317.19
"512k",96,768,111025,0.006620000,0,246.28,404.84,19.05,303.65
"512k",96,1536,110060,0.013610000,0,253.60,410.01,18.03,314.68
"512k",192,192,352620,0.000626750,0,178.40,382.04,42.88,369.57
"512k",192,384,184056,0.002160000,0,206.49,412.88,27.85,329.07
"512k",192,768,135039,0.005700000,0,261.64,397.95,24.17,297.99
"512k",192,1536,128877,0.012020000,0,260.80,398.80,24.87,305.87
"512k",384,384,217458,0.001860000,0,261.07,381.97,34.87,309.26
"512k",384,768,155041,0.005080000,0,286.97,379.01,28.99,298.68
"512k",384,1536,152884,0.010260000,0,295.89,380.16,29.70,299.77
