---
system-info:
      stress-ng-version: 0.17.08
      run-by: root
      date-yyyy-mm-dd: 2024:07:02
      time-hh-mm-ss: 14:15:49
      epoch-secs: 1719929749
      hostname: a2-highgpu-2g-41c64ed
      sysname: Linux
      nodename: a2-highgpu-2g-41c64ed
      release: 6.8.0-1009-gcp
      version: '#10-Ubuntu SMP Wed Jun 12 18:52:23 UTC 2024'
      machine: x86_64
      compiler: 'musl-gcc 13.2.1'
      uptime: 240
      totalram: 179356512256
      freeram: 171205861376
      sharedram: 42000384
      bufferram: 119406592
      totalswap: 0
      freeswap: 0
      pagesize: 4096
      cpus: 24
      cpus-online: 24
      ticks-per-second: 100

metrics:
    - stressor: cpu
      bogo-ops: 379001
      bogo-ops-per-second-usr-sys-time: 790.457909
      bogo-ops-per-second-real-time: 18949.931572
      wall-clock-time: 20.000125
      user-time: 479.449167
      system-time: 0.021018
      cpu-usage-per-instance: 99.888998
      max-rss: 1212

...
