---
system-info:
      stress-ng-version: 0.17.08
      run-by: root
      date-yyyy-mm-dd: 2024:09:16
      time-hh-mm-ss: 14:45:41
      epoch-secs: 1726497941
      hostname: sc-runner
      sysname: Linux
      nodename: sc-runner
      release: 6.8.0-1014-azure
      version: '#16-Ubuntu SMP Thu Aug 15 21:06:50 UTC 2024'
      machine: aarch64
      compiler: 'musl-gcc 13.2.1'
      uptime: 315
      totalram: 134804041728
      freeram: 124547149824
      sharedram: 38227968
      bufferram: 227352576
      totalswap: 0
      freeswap: 0
      pagesize: 4096
      cpus: 16
      cpus-online: 16
      ticks-per-second: 100

metrics:
    - stressor: cpu
      bogo-ops: 577549
      bogo-ops-per-second-usr-sys-time: 1807.404977
      bogo-ops-per-second-real-time: 28877.348125
      wall-clock-time: 20.000071
      user-time: 319.534988
      system-time: 0.010995
      cpu-usage-per-instance: 99.857767
      max-rss: 1192

...
