---
system-info:
      stress-ng-version: 0.17.08
      run-by: root
      date-yyyy-mm-dd: 2024:08:30
      time-hh-mm-ss: 16:43:13
      epoch-secs: 1725036193
      hostname: sc-runner
      sysname: Linux
      nodename: sc-runner
      release: 6.8.0-1013-azure
      version: '#15-Ubuntu SMP Thu Aug  8 19:55:58 UTC 2024'
      machine: aarch64
      compiler: 'musl-gcc 13.2.1'
      uptime: 370
      totalram: 16736694272
      freeram: 8389255168
      sharedram: 38096896
      bufferram: 202858496
      totalswap: 0
      freeswap: 0
      pagesize: 4096
      cpus: 8
      cpus-online: 8
      ticks-per-second: 100

metrics:
    - stressor: cpu
      bogo-ops: 36450
      bogo-ops-per-second-usr-sys-time: 1822.487789
      bogo-ops-per-second-real-time: 1822.493656
      wall-clock-time: 20.000070
      user-time: 20.000134
      system-time: 0.000000
      cpu-usage-per-instance: 100.000322
      max-rss: 1192

...
