---
system-info:
      stress-ng-version: 0.17.08
      run-by: root
      date-yyyy-mm-dd: 2024:06:20
      time-hh-mm-ss: 22:07:25
      epoch-secs: 1718921245
      hostname: 457128edfa55
      sysname: Linux
      nodename: 457128edfa55
      release: 6.8.0-1008-gcp
      version: '#9-Ubuntu SMP Wed May 22 18:09:04 UTC 2024'
      machine: x86_64
      compiler: 'musl-gcc 13.2.1'
      uptime: 178
      totalram: 8324931584
      freeram: 3391471616
      sharedram: 34967552
      bufferram: 134922240
      totalswap: 0
      freeswap: 0
      pagesize: 4096
      cpus: 2
      cpus-online: 2
      ticks-per-second: 100

metrics:
    - stressor: cpu
      bogo-ops: 53678
      bogo-ops-per-second-usr-sys-time: 2684.324660
      bogo-ops-per-second-real-time: 2683.890050
      wall-clock-time: 20.000074
      user-time: 19.996836
      system-time: 0.000000
      cpu-usage-per-instance: 99.983809
      max-rss: 1104

...
