---
system-info:
      stress-ng-version: 0.17.08
      run-by: root
      date-yyyy-mm-dd: 2024:06:13
      time-hh-mm-ss: 09:40:52
      epoch-secs: 1718271652
      hostname: 4febde1cf688
      sysname: Linux
      nodename: 4febde1cf688
      release: 6.8.0-1008-aws
      version: '#8-Ubuntu SMP Sat Apr 20 00:46:25 UTC 2024'
      machine: x86_64
      compiler: 'musl-gcc 13.2.1'
      uptime: 134
      totalram: 265990791168
      freeram: 261381865472
      sharedram: 60006400
      bufferram: 107061248
      totalswap: 0
      freeswap: 0
      pagesize: 4096
      cpus: 32
      cpus-online: 32
      ticks-per-second: 100

metrics:
    - stressor: cpu
      bogo-ops: 37805
      bogo-ops-per-second-usr-sys-time: 1890.245085
      bogo-ops-per-second-real-time: 1890.240919
      wall-clock-time: 20.000096
      user-time: 20.000052
      system-time: 0.000000
      cpu-usage-per-instance: 99.999780
      max-rss: 776

...
