---
system-info:
      stress-ng-version: 0.17.08
      run-by: root
      date-yyyy-mm-dd: 2024:06:07
      time-hh-mm-ss: 14:41:22
      epoch-secs: 1717771282
      hostname: 8ad0be9e20a9
      sysname: Linux
      nodename: 8ad0be9e20a9
      release: 6.8.0-1008-aws
      version: '#8-Ubuntu SMP Sat Apr 20 00:46:25 UTC 2024'
      machine: x86_64
      compiler: 'musl-gcc 13.2.1'
      uptime: 150
      totalram: 265990795264
      freeram: 261483003904
      sharedram: 60006400
      bufferram: 92000256
      totalswap: 0
      freeswap: 0
      pagesize: 4096
      cpus: 32
      cpus-online: 32
      ticks-per-second: 100

metrics:
    - stressor: cpu
      bogo-ops: 16561
      bogo-ops-per-second-usr-sys-time: 1655.860397
      bogo-ops-per-second-real-time: 1655.870627
      wall-clock-time: 10.001385
      user-time: 9.999448
      system-time: 0.001999
      cpu-usage-per-instance: 100.000618
      max-rss: 3848

...
