BaselineInfo:
  WebDBID: -1
  TimeStamp: 20250228143750
Version:
  Major: 11
  Minor: 0
  Build: 1002
  SpecialBuildName: ""
  ptArchitecture: x86_64_linux
Results:
  Results Complete: true
  NumTestProcesses: 6
  CPU_INTEGER_MATH: 28625.756333333335
  CPU_FLOATINGPOINT_MATH: 20867.91937952087
  CPU_PRIME: 97.875879290360231
  CPU_SORTING: 17070.680416350089
  CPU_ENCRYPTION: 6981.9713249978377
  CPU_COMPRESSION: 126722.72125479634
  CPU_SINGLETHREAD: 2152.3254673341048
  CPU_PHYSICS: 1675.5142768353403
  CPU_MATRIX_MULT_SSE: 10714.04290087934
  CPU_mm: 1220.1705078348364
  CPU_sse: 4816.3859799978909
  CPU_fma: 15912.584025673721
  CPU_avx: 11413.158696966413
  CPU_avx512: 0
  m_CPU_enc_SHA: 9833374375.7706184
  m_CPU_enc_AES: 6353882744.2287445
  m_CPU_enc_ECDSA: 5776125572.243433
  ME_ALLOC_S: 3305.8955402427755
  ME_READ_S: 23338.255078124999
  ME_READ_L: 7506.27099609375
  ME_WRITE: 7541.57568359375
  ME_LARGE: 12871.666666666666
  ME_LATENCY: 121.82793178773029
  ME_THREADED: 34224.40185546875
  SUMM_CPU: 12023.120445908105
  SUMM_ME: 1446.4710107666679
SystemInformation:
  OSName: Ubuntu 24.04.1 LTS
  Kernel: 6.8.0-31-generic
  Device: ""
  Processor: AMD EPYC 7542 32-Core Processor
  NumSockets: 1
  Manufacturer: AuthenticAMD
  NumCores: 6
  NumLogicals: 6
  CPUFrequency: 0
  Memory: 23986
  MemModuleInfo:
    iNumMemSticks: 2
    DIMM 1:
      manufacturer: QEMU
      modulePartNo: Not Specified
      memType: RAM
      size: 16
      clkspeed: 0
      moduleVoltage: 0
    DIMM 2:
      manufacturer: QEMU
      modulePartNo: Not Specified
      memType: RAM
      size: 8
      clkspeed: 0
      moduleVoltage: 0
Checksum: C01526FD7D01FB25CEC3276AB215DACBFA0B836B