---
system-info:
      stress-ng-version: 0.17.08
      run-by: root
      date-yyyy-mm-dd: 2024:07:11
      time-hh-mm-ss: 23:40:02
      epoch-secs: 1720741202
      hostname: ip-172-31-47-237
      sysname: Linux
      nodename: ip-172-31-47-237
      release: 6.8.0-1010-aws
      version: '#10-Ubuntu SMP Thu Jun 13 17:36:15 UTC 2024'
      machine: x86_64
      compiler: 'musl-gcc 13.2.1'
      uptime: 199
      totalram: 33263849472
      freeram: 25388310528
      sharedram: 20086784
      bufferram: 129056768
      totalswap: 0
      freeswap: 0
      pagesize: 4096
      cpus: 8
      cpus-online: 8
      ticks-per-second: 100

metrics:
    - stressor: cpu
      bogo-ops: 61281
      bogo-ops-per-second-usr-sys-time: 383.805350
      bogo-ops-per-second-real-time: 3064.027696
      wall-clock-time: 20.000146
      user-time: 159.645886
      system-time: 0.020987
      cpu-usage-per-instance: 99.791069
      max-rss: 1104

...
