BaselineInfo:
  WebDBID: -1
  TimeStamp: 20241109084130
Version:
  Major: 11
  Minor: 0
  Build: 1002
  SpecialBuildName: ""
  ptArchitecture: x86_64_linux
Results:
  Results Complete: true
  NumTestProcesses: 32
  CPU_INTEGER_MATH: 132888.45166666666
  CPU_FLOATINGPOINT_MATH: 73045.773523617056
  CPU_PRIME: 199.24724448739923
  CPU_SORTING: 70056.5466392534
  CPU_ENCRYPTION: 34288.22123120039
  CPU_COMPRESSION: 503920.10050214612
  CPU_SINGLETHREAD: 2393.0966819970949
  CPU_PHYSICS: 3835.8995081017501
  CPU_MATRIX_MULT_SSE: 29980.017281149525
  CPU_mm: 3595.8314339626295
  CPU_sse: 15262.300829018644
  CPU_fma: 41679.700749134085
  CPU_avx: 32998.050265295838
  CPU_avx512: 0
  m_CPU_enc_SHA: 49724986599.578552
  m_CPU_enc_AES: 31787588074.540455
  m_CPU_enc_ECDSA: 26348842923.062527
  ME_ALLOC_S: 13300.413649050677
  ME_READ_S: 24566.566796874999
  ME_READ_L: 19564.146484375
  ME_WRITE: 19698.275390625
  ME_LARGE: 246910.83333333334
  ME_LATENCY: 63.202728578948118
  ME_THREADED: 72345.06494140625
  SUMM_CPU: 38269.265973550457
  SUMM_ME: 2852.3151652511938
SystemInformation:
  OSName: Ubuntu 24.04.1 LTS
  Kernel: 6.8.0-1017-azure
  Device: ""
  Processor: AMD EPYC 7763 64-Core Processor
  NumSockets: 1
  Manufacturer: AuthenticAMD
  NumCores: 16
  NumLogicals: 32
  CPUFrequency: 0
  Memory: 257731
  MemModuleInfo:
    iNumMemSticks: 3
    DIMM 1:
      manufacturer: Microsoft Corporation
      modulePartNo: None
      memType: Unknown
      size: 1
      clkspeed: 0
      moduleVoltage: 0
    DIMM 2:
      manufacturer: Microsoft Corporation
      modulePartNo: None
      memType: Unknown
      size: 60928
      clkspeed: 0
      moduleVoltage: 0
    DIMM 3:
      manufacturer: Microsoft Corporation
      modulePartNo: None
      memType: Unknown
      size: 200192
      clkspeed: 0
      moduleVoltage: 0
Checksum: 3B7DABF5A1050125C726F8BF76E44754611829DB