---
system-info:
      stress-ng-version: 0.17.08
      run-by: root
      date-yyyy-mm-dd: 2024:06:09
      time-hh-mm-ss: 21:40:11
      epoch-secs: 1717969211
      hostname: 492729c25545
      sysname: Linux
      nodename: 492729c25545
      release: 6.8.0-1008-aws
      version: '#8-Ubuntu SMP Sat Apr 20 02:43:14 UTC 2024'
      machine: aarch64
      compiler: 'musl-gcc 13.2.1'
      uptime: 132
      totalram: 66201260032
      freeram: 61618212864
      sharedram: 34983936
      bufferram: 111669248
      totalswap: 0
      freeswap: 0
      pagesize: 4096
      cpus: 8
      cpus-online: 8
      ticks-per-second: 100

metrics:
    - stressor: cpu
      bogo-ops: 4267
      bogo-ops-per-second-usr-sys-time: 424.274634
      bogo-ops-per-second-real-time: 424.268402
      wall-clock-time: 10.057313
      user-time: 10.056166
      system-time: 0.000999
      cpu-usage-per-instance: 99.998531
      max-rss: 4008

...
