---
system-info:
      stress-ng-version: 0.17.08
      run-by: root
      date-yyyy-mm-dd: 2024:06:15
      time-hh-mm-ss: 23:55:55
      epoch-secs: 1718495755
      hostname: 945245c4469b
      sysname: Linux
      nodename: 945245c4469b
      release: 6.8.0-1008-aws
      version: '#8-Ubuntu SMP Sat Apr 20 02:43:14 UTC 2024'
      machine: aarch64
      compiler: 'musl-gcc 13.2.1'
      uptime: 136
      totalram: 66201268224
      freeram: 61810712576
      sharedram: 34983936
      bufferram: 109527040
      totalswap: 0
      freeswap: 0
      pagesize: 4096
      cpus: 8
      cpus-online: 8
      ticks-per-second: 100

metrics:
    - stressor: cpu
      bogo-ops: 30645
      bogo-ops-per-second-usr-sys-time: 1532.286545
      bogo-ops-per-second-real-time: 1532.246256
      wall-clock-time: 20.000049
      user-time: 19.999523
      system-time: 0.000000
      cpu-usage-per-instance: 99.997371
      max-rss: 1192

...
