---
system-info:
      stress-ng-version: 0.17.08
      run-by: root
      date-yyyy-mm-dd: 2024:07:02
      time-hh-mm-ss: 13:52:46
      epoch-secs: 1719928366
      hostname: c2d-highcpu-56-f421dee
      sysname: Linux
      nodename: c2d-highcpu-56-f421dee
      release: 6.8.0-1009-gcp
      version: '#10-Ubuntu SMP Wed Jun 12 18:52:23 UTC 2024'
      machine: x86_64
      compiler: 'musl-gcc 13.2.1'
      uptime: 163
      totalram: 118139527168
      freeram: 112499814400
      sharedram: 35164160
      bufferram: 129191936
      totalswap: 0
      freeswap: 0
      pagesize: 4096
      cpus: 56
      cpus-online: 56
      ticks-per-second: 100

metrics:
    - stressor: cpu
      bogo-ops: 58494
      bogo-ops-per-second-usr-sys-time: 2924.722813
      bogo-ops-per-second-real-time: 2924.690447
      wall-clock-time: 20.000065
      user-time: 19.999844
      system-time: 0.000000
      cpu-usage-per-instance: 99.998893
      max-rss: 448

...
