---
system-info:
      stress-ng-version: 0.17.08
      run-by: root
      date-yyyy-mm-dd: 2024:06:13
      time-hh-mm-ss: 14:40:57
      epoch-secs: 1718289657
      hostname: 846ddf185d30
      sysname: Linux
      nodename: 846ddf185d30
      release: 6.8.0-1008-aws
      version: '#8-Ubuntu SMP Sat Apr 20 00:46:25 UTC 2024'
      machine: x86_64
      compiler: 'musl-gcc 13.2.1'
      uptime: 137
      totalram: 66330976256
      freeram: 61875343360
      sharedram: 59908096
      bufferram: 107347968
      totalswap: 0
      freeswap: 0
      pagesize: 4096
      cpus: 16
      cpus-online: 16
      ticks-per-second: 100

metrics:
    - stressor: cpu
      bogo-ops: 37818
      bogo-ops-per-second-usr-sys-time: 1890.887993
      bogo-ops-per-second-real-time: 1890.889045
      wall-clock-time: 20.000116
      user-time: 20.000127
      system-time: 0.000000
      cpu-usage-per-instance: 100.000056
      max-rss: 1104

...
