---
system-info:
      stress-ng-version: 0.17.08
      run-by: root
      date-yyyy-mm-dd: 2024:06:07
      time-hh-mm-ss: 23:40:40
      epoch-secs: 1717803640
      hostname: 54abe23bea93
      sysname: Linux
      nodename: 54abe23bea93
      release: 6.8.0-1008-aws
      version: '#8-Ubuntu SMP Sat Apr 20 00:46:25 UTC 2024'
      machine: x86_64
      compiler: 'musl-gcc 13.2.1'
      uptime: 115
      totalram: 66330984448
      freeram: 61909999616
      sharedram: 59908096
      bufferram: 95223808
      totalswap: 0
      freeswap: 0
      pagesize: 4096
      cpus: 16
      cpus-online: 16
      ticks-per-second: 100

metrics:
    - stressor: cpu
      bogo-ops: 16620
      bogo-ops-per-second-usr-sys-time: 1661.897627
      bogo-ops-per-second-real-time: 1661.926736
      wall-clock-time: 10.000441
      user-time: 9.998617
      system-time: 0.001999
      cpu-usage-per-instance: 100.001752
      max-rss: 3920

...
