BaselineInfo:
  WebDBID: -1
  TimeStamp: 20260619201030
Version:
  Major: 11
  Minor: 0
  Build: 1004
  SpecialBuildName: ""
  ptArchitecture: x86_64_linux
Results:
  Results Complete: true
  NumTestProcesses: 16
  CPU_INTEGER_MATH: 106651.32466666667
  CPU_FLOATINGPOINT_MATH: 61316.031008989958
  CPU_PRIME: 140.78558636514163
  CPU_SORTING: 45538.045142340503
  CPU_ENCRYPTION: 19862.099983044314
  CPU_COMPRESSION: 363362.80053683277
  CPU_SINGLETHREAD: 3587.5306875658239
  CPU_PHYSICS: 3470.1213729586234
  CPU_MATRIX_MULT_SSE: 28854.549376228093
  CPU_mm: 2745.3387004398842
  CPU_sse: 10310.1635374579
  CPU_fma: 30894.956879125286
  CPU_avx: 30079.351699817864
  CPU_avx512: 44133.725388511331
  m_CPU_enc_SHA: 25322369164.041916
  m_CPU_enc_AES: 20456790518.682453
  m_CPU_enc_ECDSA: 16701604372.737646
  ME_ALLOC_S: 9804.6134197893898
  ME_READ_S: 32773.014257812501
  ME_READ_L: 29052.33984375
  ME_WRITE: 30335.615234375
  ME_LARGE: 23561.5
  ME_LATENCY: 83.231066040743258
  ME_THREADED: 54797.0458984375
  SUMM_CPU: 32439.720982697057
  SUMM_ME: 2584.4319083237347
SystemInformation:
  OSName: Ubuntu 24.04.4 LTS
  Kernel: 6.17.0-1018-azure
  Device: ""
  Processor: "AMD EPYC 9V45 96-Core Processor                "
  NumSockets: 1
  Manufacturer: AuthenticAMD
  NumCores: 8
  NumLogicals: 16
  CPUFrequency: 0
  CPUMaxFrequency: 0
  Memory: 32089
  CPUInfo:
    number: 1
    Family: 15
    Model: 2
    stepping: 1
    features: 395049983
    manufacture: AuthenticAMD
    typestring: "AMD EPYC 9V45 96-Core Processor                "
    iCoresPerPackage: 8
    iThreadsPerPackage: 2
    featuresEx:
      - 395049983
      - 4277809667
      - 802421759
    bHybrid: false
    nPCore: 0
    nLogicalsPerPCore: 0
    nECore: 0
    nLogicalsPerECore: 0
  MemModuleInfo:
    iNumMemSticks: 2
    DIMM 1:
      manufacturer: Microsoft Corporation
      modulePartNo: None
      memType: Unknown
      size: 1
      clkspeed: 0
      moduleVoltage: 0
    DIMM 2:
      manufacturer: Microsoft Corporation
      modulePartNo: None
      memType: Unknown
      size: 31
      clkspeed: 0
      moduleVoltage: 0
Checksum: 338077903E00BF0668B3C18A6773270106FD73FA