BaselineInfo:
  WebDBID: -1
  TimeStamp: 20250418004522
Version:
  Major: 11
  Minor: 0
  Build: 1002
  SpecialBuildName: ""
  ptArchitecture: x86_64_linux
Results:
  Results Complete: true
  NumTestProcesses: 32
  CPU_INTEGER_MATH: 149704.89633333334
  CPU_FLOATINGPOINT_MATH: 105985.32106579367
  CPU_PRIME: 309.94315450467855
  CPU_SORTING: 72419.634029334193
  CPU_ENCRYPTION: 33153.827406568613
  CPU_COMPRESSION: 537087.62024615856
  CPU_SINGLETHREAD: 2917.5537920415768
  CPU_PHYSICS: 7108.0876509214313
  CPU_MATRIX_MULT_SSE: 45183.573791953124
  CPU_mm: 4274.4348279906417
  CPU_sse: 18371.360943378979
  CPU_fma: 49137.25735345031
  CPU_avx: 38529.502698660472
  CPU_avx512: 74696.174172322702
  m_CPU_enc_SHA: 35048968592.060829
  m_CPU_enc_AES: 45317424833.513824
  m_CPU_enc_ECDSA: 23926529754.435608
  ME_ALLOC_S: 13915.323673359606
  ME_READ_S: 26680.558007812499
  ME_READ_L: 7163.998046875
  ME_WRITE: 6786.64794921875
  ME_LARGE: 247674.83333333334
  ME_LATENCY: 120.13531957089445
  ME_THREADED: 147785.357421875
  SUMM_CPU: 46370.850816876009
  SUMM_ME: 1595.0945049790703
SystemInformation:
  OSName: Ubuntu 24.04.2 LTS
  Kernel: 6.8.0-1021-azure
  Device: ""
  Processor: INTEL XEON PLATINUM 8573C
  NumSockets: 1
  Manufacturer: GenuineIntel
  NumCores: 16
  NumLogicals: 32
  CPUFrequency: 2300
  Memory: 257730
  MemModuleInfo:
    iNumMemSticks: 3
    DIMM 1:
      manufacturer: Microsoft Corporation
      modulePartNo: None
      memType: Unknown
      size: 1
      clkspeed: 0
      moduleVoltage: 0
    DIMM 2:
      manufacturer: Microsoft Corporation
      modulePartNo: None
      memType: Unknown
      size: 59
      clkspeed: 0
      moduleVoltage: 0
    DIMM 3:
      manufacturer: Microsoft Corporation
      modulePartNo: None
      memType: Unknown
      size: 196
      clkspeed: 0
      moduleVoltage: 0
Checksum: D83CDB7DED50865B6967CEACEC89753FE195E3AD