---
system-info:
      stress-ng-version: 0.17.08
      run-by: root
      date-yyyy-mm-dd: 2024:07:03
      time-hh-mm-ss: 13:55:29
      epoch-secs: 1720014929
      hostname: a2-highgpu-8g-4b1a784
      sysname: Linux
      nodename: a2-highgpu-8g-4b1a784
      release: 6.8.0-1009-gcp
      version: '#10-Ubuntu SMP Wed Jun 12 18:52:23 UTC 2024'
      machine: x86_64
      compiler: 'musl-gcc 13.2.1'
      uptime: 267
      totalram: 718578892800
      freeram: 708964470784
      sharedram: 82657280
      bufferram: 125100032
      totalswap: 0
      freeswap: 0
      pagesize: 4096
      cpus: 96
      cpus-online: 96
      ticks-per-second: 100

metrics:
    - stressor: cpu
      bogo-ops: 23984
      bogo-ops-per-second-usr-sys-time: 1199.327848
      bogo-ops-per-second-real-time: 1199.188907
      wall-clock-time: 20.000185
      user-time: 19.996868
      system-time: 0.001000
      cpu-usage-per-instance: 99.988415
      max-rss: 768

...
