BaselineInfo:
  WebDBID: -1
  TimeStamp: 20260630170828
Version:
  Major: 11
  Minor: 0
  Build: 1004
  SpecialBuildName: ""
  ptArchitecture: x86_64_linux
Results:
  Results Complete: true
  NumTestProcesses: 64
  CPU_INTEGER_MATH: 416833.80533333326
  CPU_FLOATINGPOINT_MATH: 254137.17369618922
  CPU_PRIME: 975.59754757500536
  CPU_SORTING: 187725.32806545464
  CPU_ENCRYPTION: 83115.64152776658
  CPU_COMPRESSION: 1484632.1696302339
  CPU_SINGLETHREAD: 3758.1799624727637
  CPU_PHYSICS: 15314.599000049295
  CPU_MATRIX_MULT_SSE: 112966.52232527683
  CPU_mm: 10872.117174826531
  CPU_sse: 41232.225872821939
  CPU_fma: 123619.76576789572
  CPU_avx: 118415.30329228227
  CPU_avx512: 168598.79436810731
  m_CPU_enc_SHA: 105117250303.48685
  m_CPU_enc_AES: 85374948509.522064
  m_CPU_enc_ECDSA: 70967001978.849045
  ME_ALLOC_S: 41716.120607185665
  ME_READ_S: 33522.442187499997
  ME_READ_L: 31667.314453125
  ME_WRITE: 32144.208984375
  ME_LARGE: 245934
  ME_LATENCY: 83.176959707568798
  ME_THREADED: 661800.8447265625
  SUMM_CPU: 98888.120209933331
  SUMM_ME: 2886.5595832955178
SystemInformation:
  OSName: Ubuntu 24.04.4 LTS
  Kernel: 6.8.0-124-generic
  Device: ""
  Processor: AMD EPYC-Turin Processor
  NumSockets: 1
  Manufacturer: AuthenticAMD
  NumCores: 32
  NumLogicals: 64
  CPUFrequency: 0
  CPUMaxFrequency: 0
  Memory: 257713
  CPUInfo:
    number: 1
    Family: 15
    Model: 0
    stepping: 0
    features: 395049983
    manufacture: AuthenticAMD
    typestring: AMD EPYC-Turin Processor
    iCoresPerPackage: 32
    iThreadsPerPackage: 2
    featuresEx:
      - 395049983
      - 4277809667
      - 802421759
    bHybrid: false
    nPCore: 0
    nLogicalsPerPCore: 0
    nECore: 0
    nLogicalsPerECore: 0
  MemModuleInfo:
    iNumMemSticks: 1
    DIMM 1:
      manufacturer: QEMU
      modulePartNo: Not Specified
      memType: RAM
      size: 256
      clkspeed: 0
      moduleVoltage: 0
Checksum: EA3316AE2A1A0D5B1A095DA7D62460A2A2274C02