---
system-info:
      stress-ng-version: 0.17.08
      run-by: root
      date-yyyy-mm-dd: 2024:06:08
      time-hh-mm-ss: 04:55:33
      epoch-secs: 1717822533
      hostname: 001104b479a6
      sysname: Linux
      nodename: 001104b479a6
      release: 6.8.0-1008-aws
      version: '#8-Ubuntu SMP Sat Apr 20 00:46:25 UTC 2024'
      machine: x86_64
      compiler: 'musl-gcc 13.2.1'
      uptime: 127
      totalram: 535313936384
      freeram: 529901015040
      sharedram: 78761984
      bufferram: 98754560
      totalswap: 0
      freeswap: 0
      pagesize: 4096
      cpus: 64
      cpus-online: 64
      ticks-per-second: 100

metrics:
    - stressor: cpu
      bogo-ops: 648563
      bogo-ops-per-second-usr-sys-time: 1014.146967
      bogo-ops-per-second-real-time: 64844.855863
      wall-clock-time: 10.001765
      user-time: 639.430828
      system-time: 0.084963
      cpu-usage-per-instance: 99.906710
      max-rss: 3584

...
