---
system-info:
      stress-ng-version: 0.17.08
      run-by: root
      date-yyyy-mm-dd: 2024:06:13
      time-hh-mm-ss: 18:27:09
      epoch-secs: 1718303229
      hostname: 4303c28003ce
      sysname: Linux
      nodename: 4303c28003ce
      release: 6.8.0-1008-aws
      version: '#8-Ubuntu SMP Sat Apr 20 00:46:25 UTC 2024'
      machine: x86_64
      compiler: 'musl-gcc 13.2.1'
      uptime: 133
      totalram: 535313907712
      freeram: 529906675712
      sharedram: 78761984
      bufferram: 105660416
      totalswap: 0
      freeswap: 0
      pagesize: 4096
      cpus: 64
      cpus-online: 64
      ticks-per-second: 100

metrics:
    - stressor: cpu
      bogo-ops: 1081051
      bogo-ops-per-second-usr-sys-time: 845.135312
      bogo-ops-per-second-real-time: 54052.333537
      wall-clock-time: 20.000080
      user-time: 1279.119479
      system-time: 0.025984
      cpu-usage-per-instance: 99.932839
      max-rss: 512

...
