BaselineInfo:
  WebDBID: -1
  TimeStamp: 20260620104958
Version:
  Major: 11
  Minor: 0
  Build: 1004
  SpecialBuildName: ""
  ptArchitecture: x86_64_linux
Results:
  Results Complete: true
  NumTestProcesses: 32
  CPU_INTEGER_MATH: 240584.9673333333
  CPU_FLOATINGPOINT_MATH: 240083.35442710089
  CPU_PRIME: 792.59360316791685
  CPU_SORTING: 127817.74002656651
  CPU_ENCRYPTION: 49311.294876596025
  CPU_COMPRESSION: 937063.42206624476
  CPU_SINGLETHREAD: 3798.6876226252621
  CPU_PHYSICS: 10833.30907290434
  CPU_MATRIX_MULT_SSE: 81451.373831431396
  CPU_mm: 9570.2286631370152
  CPU_sse: 30115.890631217022
  CPU_fma: 109505.69438954543
  CPU_avx: 61854.015559391781
  CPU_avx512: 124329.89474557131
  m_CPU_enc_SHA: 69524634691.551819
  m_CPU_enc_AES: 43462485565.542023
  m_CPU_enc_ECDSA: 42132800752.47081
  ME_ALLOC_S: 37710.773507312726
  ME_READ_S: 34038.065234374997
  ME_READ_L: 31046.78515625
  ME_WRITE: 30650.33984375
  ME_LARGE: 119639.33333333333
  ME_LATENCY: 77.999532083875167
  ME_THREADED: 234188.35986328125
  SUMM_CPU: 75729.059428408334
  SUMM_ME: 2973.6607937049325
SystemInformation:
  OSName: Ubuntu 24.04.4 LTS
  Kernel: 6.17.0-1018-azure
  Device: ""
  Processor: "AMD EPYC 9V45 96-Core Processor                "
  NumSockets: 1
  Manufacturer: AuthenticAMD
  NumCores: 32
  NumLogicals: 32
  CPUFrequency: 0
  CPUMaxFrequency: 0
  Memory: 128804
  CPUInfo:
    number: 1
    Family: 15
    Model: 2
    stepping: 1
    features: 395049983
    manufacture: AuthenticAMD
    typestring: "AMD EPYC 9V45 96-Core Processor                "
    iCoresPerPackage: 32
    iThreadsPerPackage: 1
    featuresEx:
      - 395049983
      - 4277809667
      - 802421759
    bHybrid: false
    nPCore: 0
    nLogicalsPerPCore: 0
    nECore: 0
    nLogicalsPerECore: 0
  MemModuleInfo:
    iNumMemSticks: 3
    DIMM 1:
      manufacturer: Microsoft Corporation
      modulePartNo: None
      memType: Unknown
      size: 1
      clkspeed: 0
      moduleVoltage: 0
    DIMM 2:
      manufacturer: Microsoft Corporation
      modulePartNo: None
      memType: Unknown
      size: 59
      clkspeed: 0
      moduleVoltage: 0
    DIMM 3:
      manufacturer: Microsoft Corporation
      modulePartNo: None
      memType: Unknown
      size: 68
      clkspeed: 0
      moduleVoltage: 0
Checksum: 6C00B6F598602EFE249D9D57750A96C4AD8A1648