---
system-info:
      stress-ng-version: 0.17.08
      run-by: root
      date-yyyy-mm-dd: 2024:06:06
      time-hh-mm-ss: 14:55:36
      epoch-secs: 1717685736
      hostname: 2129f0706604
      sysname: Linux
      nodename: 2129f0706604
      release: 6.8.0-1008-aws
      version: '#8-Ubuntu SMP Sat Apr 20 02:43:14 UTC 2024'
      machine: aarch64
      compiler: 'musl-gcc 13.2.1'
      uptime: 111
      totalram: 66195951616
      freeram: 61834231808
      sharedram: 35094528
      bufferram: 83484672
      totalswap: 0
      freeswap: 0
      pagesize: 4096
      cpus: 32
      cpus-online: 32
      ticks-per-second: 100

metrics:
    - stressor: cpu
      bogo-ops: 136479
      bogo-ops-per-second-usr-sys-time: 424.780829
      bogo-ops-per-second-real-time: 13582.772710
      wall-clock-time: 10.047948
      user-time: 321.271761
      system-time: 0.020987
      cpu-usage-per-instance: 99.924860
      max-rss: 3840

...
