---
system-info:
      stress-ng-version: 0.17.08
      run-by: root
      date-yyyy-mm-dd: 2024:06:14
      time-hh-mm-ss: 08:25:02
      epoch-secs: 1718353502
      hostname: ac5c1c091cd7
      sysname: Linux
      nodename: ac5c1c091cd7
      release: 6.8.0-1008-aws
      version: '#8-Ubuntu SMP Sat Apr 20 02:43:14 UTC 2024'
      machine: aarch64
      compiler: 'musl-gcc 13.2.1'
      uptime: 114
      totalram: 66195955712
      freeram: 61703176192
      sharedram: 35094528
      bufferram: 105922560
      totalswap: 0
      freeswap: 0
      pagesize: 4096
      cpus: 32
      cpus-online: 32
      ticks-per-second: 100

metrics:
    - stressor: cpu
      bogo-ops: 980039
      bogo-ops-per-second-usr-sys-time: 1531.941628
      bogo-ops-per-second-real-time: 49001.770996
      wall-clock-time: 20.000073
      user-time: 639.722527
      system-time: 0.013989
      cpu-usage-per-instance: 99.958465
      max-rss: 1024

...
