BaselineInfo:
  WebDBID: -1
  TimeStamp: 20241107210033
Version:
  Major: 11
  Minor: 0
  Build: 1002
  SpecialBuildName: ""
  ptArchitecture: x86_64_linux
Results:
  Results Complete: true
  NumTestProcesses: 8
  CPU_INTEGER_MATH: 34078.935000000005
  CPU_FLOATINGPOINT_MATH: 24326.232056876495
  CPU_PRIME: 75.292317604606936
  CPU_SORTING: 17424.026768621905
  CPU_ENCRYPTION: 7625.091971553139
  CPU_COMPRESSION: 127103.83990622402
  CPU_SINGLETHREAD: 2652.3062071748986
  CPU_PHYSICS: 1698.9762329429964
  CPU_MATRIX_MULT_SSE: 9123.9123313909349
  CPU_mm: 955.30121915971199
  CPU_sse: 4108.8453288872015
  CPU_fma: 10326.410784990539
  CPU_avx: 7874.4913819950698
  CPU_avx512: 14185.901829690931
  m_CPU_enc_SHA: 7965832802.9374409
  m_CPU_enc_AES: 10389091298.638708
  m_CPU_enc_ECDSA: 5631541215.9137659
  ME_ALLOC_S: 4348.7941820501683
  ME_READ_S: 23681.668359374999
  ME_READ_L: 9038.6513671875
  ME_WRITE: 8346.037109375
  ME_LARGE: 20007.666666666668
  ME_LATENCY: 68.671638119032764
  ME_THREADED: 51034.5029296875
  SUMM_CPU: 12708.613796793557
  SUMM_ME: 2065.1599941238646
SystemInformation:
  OSName: Ubuntu 24.04.1 LTS
  Kernel: 6.8.0-1015-gcp
  Device: ""
  Processor: INTEL XEON PLATINUM 8581C CPU @ 2.30GHz
  NumSockets: 1
  Manufacturer: GenuineIntel
  NumCores: 4
  NumLogicals: 8
  CPUFrequency: 0
  Memory: 30076
  MemModuleInfo:
    iNumMemSticks: 2
    DIMM 1:
      manufacturer: ""
      modulePartNo: ""
      memType: RAM
      size: 16
      clkspeed: 0
      moduleVoltage: 0
    DIMM 2:
      manufacturer: ""
      modulePartNo: ""
      memType: RAM
      size: 14
      clkspeed: 0
      moduleVoltage: 0
Checksum: E898E6E526C9753920486AC98AE25332CC20B86E