BaselineInfo:
  WebDBID: -1
  TimeStamp: 20260630212043
Version:
  Major: 11
  Minor: 0
  Build: 1004
  SpecialBuildName: ""
  ptArchitecture: x86_64_linux
Results:
  Results Complete: true
  NumTestProcesses: 64
  CPU_INTEGER_MATH: 417319.23233333341
  CPU_FLOATINGPOINT_MATH: 254091.40864098005
  CPU_PRIME: 978.08000456585125
  CPU_SORTING: 187808.85054829065
  CPU_ENCRYPTION: 83297.230586158112
  CPU_COMPRESSION: 1491052.8009803076
  CPU_SINGLETHREAD: 3751.4617584664384
  CPU_PHYSICS: 15581.75199981412
  CPU_MATRIX_MULT_SSE: 112379.54027782049
  CPU_mm: 10944.54278417957
  CPU_sse: 41231.640593463846
  CPU_fma: 123655.3548466241
  CPU_avx: 117334.9024775982
  CPU_avx512: 167296.26319359589
  m_CPU_enc_SHA: 105087671809.13948
  m_CPU_enc_AES: 85594055437.111984
  m_CPU_enc_ECDSA: 71348703331.082382
  ME_ALLOC_S: 42060.80143481589
  ME_READ_S: 33420.358593750003
  ME_READ_L: 31834.212890625
  ME_WRITE: 32157.18359375
  ME_LARGE: 504377.08333333331
  ME_LATENCY: 85.439485461159279
  ME_THREADED: 661857.705078125
  SUMM_CPU: 98920.130688769699
  SUMM_ME: 2837.330407136777
SystemInformation:
  OSName: Ubuntu 24.04.4 LTS
  Kernel: 6.8.0-124-generic
  Device: ""
  Processor: AMD EPYC-Turin Processor
  NumSockets: 1
  Manufacturer: AuthenticAMD
  NumCores: 32
  NumLogicals: 64
  CPUFrequency: 0
  CPUMaxFrequency: 0
  Memory: 515761
  CPUInfo:
    number: 1
    Family: 15
    Model: 0
    stepping: 0
    features: 395049983
    manufacture: AuthenticAMD
    typestring: AMD EPYC-Turin Processor
    iCoresPerPackage: 32
    iThreadsPerPackage: 2
    featuresEx:
      - 395049983
      - 4277809667
      - 802421759
    bHybrid: false
    nPCore: 0
    nLogicalsPerPCore: 0
    nECore: 0
    nLogicalsPerECore: 0
  MemModuleInfo:
    iNumMemSticks: 1
    DIMM 1:
      manufacturer: QEMU
      modulePartNo: Not Specified
      memType: RAM
      size: 512
      clkspeed: 0
      moduleVoltage: 0
Checksum: 34FD61286644CFC46C31EFFF3CB003B4D05E5D06