BaselineInfo:
  WebDBID: -1
  TimeStamp: 20241108232159
Version:
  Major: 11
  Minor: 0
  Build: 1002
  SpecialBuildName: ""
  ptArchitecture: x86_64_linux
Results:
  Results Complete: true
  NumTestProcesses: 48
  CPU_INTEGER_MATH: 199350.24999999994
  CPU_FLOATINGPOINT_MATH: 109518.4208960476
  CPU_PRIME: 286.34989407351497
  CPU_SORTING: 104963.89069784529
  CPU_ENCRYPTION: 51432.733990736444
  CPU_COMPRESSION: 757317.42641892273
  CPU_SINGLETHREAD: 2498.3183150061509
  CPU_PHYSICS: 5420.0597540663066
  CPU_MATRIX_MULT_SSE: 44963.988253269985
  CPU_mm: 5391.331009853855
  CPU_sse: 22906.844233724649
  CPU_fma: 62479.898090795468
  CPU_avx: 49505.222435289834
  CPU_avx512: 0
  m_CPU_enc_SHA: 74573681673.944244
  m_CPU_enc_AES: 47672152536.346909
  m_CPU_enc_ECDSA: 39547557220.920197
  ME_ALLOC_S: 20182.674563029985
  ME_READ_S: 25471.953906250001
  ME_READ_L: 21504.171875
  ME_WRITE: 20604.029296875
  ME_LARGE: 375542.08333333331
  ME_LATENCY: 59.751342176940433
  ME_THREADED: 116173.1015625
  SUMM_CPU: 52187.554967451266
  SUMM_ME: 3077.176411280594
SystemInformation:
  OSName: Ubuntu 24.04.1 LTS
  Kernel: 6.8.0-1017-azure
  Device: ""
  Processor: AMD EPYC 7763 64-Core Processor
  NumSockets: 1
  Manufacturer: AuthenticAMD
  NumCores: 24
  NumLogicals: 48
  CPUFrequency: 0
  Memory: 386748
  MemModuleInfo:
    iNumMemSticks: 3
    DIMM 1:
      manufacturer: Microsoft Corporation
      modulePartNo: None
      memType: Unknown
      size: 1
      clkspeed: 0
      moduleVoltage: 0
    DIMM 2:
      manufacturer: Microsoft Corporation
      modulePartNo: None
      memType: Unknown
      size: 60928
      clkspeed: 0
      moduleVoltage: 0
    DIMM 3:
      manufacturer: Microsoft Corporation
      modulePartNo: None
      memType: Unknown
      size: 331264
      clkspeed: 0
      moduleVoltage: 0
Checksum: 1D157023CD857C671956006635E91A9AF3B43383