---
system-info:
      stress-ng-version: 0.17.08
      run-by: root
      date-yyyy-mm-dd: 2024:06:06
      time-hh-mm-ss: 07:41:38
      epoch-secs: 1717659698
      hostname: f0244a1bd80e
      sysname: Linux
      nodename: f0244a1bd80e
      release: 6.8.0-1008-aws
      version: '#8-Ubuntu SMP Sat Apr 20 02:43:14 UTC 2024'
      machine: aarch64
      compiler: 'musl-gcc 13.2.1'
      uptime: 118
      totalram: 3993088000
      freeram: 158683136
      sharedram: 35024896
      bufferram: 77737984
      totalswap: 0
      freeswap: 0
      pagesize: 4096
      cpus: 2
      cpus-online: 2
      ticks-per-second: 100

metrics:
    - stressor: cpu
      bogo-ops: 5854
      bogo-ops-per-second-usr-sys-time: 295.565627
      bogo-ops-per-second-real-time: 585.185726
      wall-clock-time: 10.003662
      user-time: 19.802105
      system-time: 0.003987
      cpu-usage-per-instance: 98.994212
      max-rss: 4136

...
