---
system-info:
      stress-ng-version: 0.17.08
      run-by: root
      date-yyyy-mm-dd: 2024:06:14
      time-hh-mm-ss: 04:56:01
      epoch-secs: 1718340961
      hostname: 23e1032bb866
      sysname: Linux
      nodename: 23e1032bb866
      release: 6.8.0-1008-aws
      version: '#8-Ubuntu SMP Sat Apr 20 02:43:14 UTC 2024'
      machine: aarch64
      compiler: 'musl-gcc 13.2.1'
      uptime: 125
      totalram: 3993088000
      freeram: 142495744
      sharedram: 35024896
      bufferram: 103079936
      totalswap: 0
      freeswap: 0
      pagesize: 4096
      cpus: 2
      cpus-online: 2
      ticks-per-second: 100

metrics:
    - stressor: cpu
      bogo-ops: 60279
      bogo-ops-per-second-usr-sys-time: 1518.905279
      bogo-ops-per-second-real-time: 3013.933922
      wall-clock-time: 20.000107
      user-time: 39.680829
      system-time: 0.004990
      cpu-usage-per-instance: 99.214018
      max-rss: 1192

...
