---
system-info:
      stress-ng-version: 0.17.08
      run-by: root
      date-yyyy-mm-dd: 2024:09:16
      time-hh-mm-ss: 17:08:33
      epoch-secs: 1726506513
      hostname: sc-runner
      sysname: Linux
      nodename: sc-runner
      release: 6.8.0-1014-azure
      version: '#16-Ubuntu SMP Thu Aug 15 21:06:50 UTC 2024'
      machine: aarch64
      compiler: 'musl-gcc 13.2.1'
      uptime: 350
      totalram: 134804041728
      freeram: 124422496256
      sharedram: 38178816
      bufferram: 250597376
      totalswap: 0
      freeswap: 0
      pagesize: 4096
      cpus: 16
      cpus-online: 16
      ticks-per-second: 100

metrics:
    - stressor: cpu
      bogo-ops: 36457
      bogo-ops-per-second-usr-sys-time: 1822.838425
      bogo-ops-per-second-real-time: 1822.844807
      wall-clock-time: 20.000057
      user-time: 20.000127
      system-time: 0.000000
      cpu-usage-per-instance: 100.000350
      max-rss: 1320

...
