---
system-info:
      stress-ng-version: 0.17.08
      run-by: root
      date-yyyy-mm-dd: 2024:06:21
      time-hh-mm-ss: 09:12:24
      epoch-secs: 1718961144
      hostname: 79a432042f9d
      sysname: Linux
      nodename: 79a432042f9d
      release: 6.8.0-1008-gcp
      version: '#9-Ubuntu SMP Wed May 22 18:09:04 UTC 2024'
      machine: x86_64
      compiler: 'musl-gcc 13.2.1'
      uptime: 195
      totalram: 16763064320
      freeram: 11490287616
      sharedram: 59146240
      bufferram: 135352320
      totalswap: 0
      freeswap: 0
      pagesize: 4096
      cpus: 16
      cpus-online: 16
      ticks-per-second: 100

metrics:
    - stressor: cpu
      bogo-ops: 22234
      bogo-ops-per-second-usr-sys-time: 1111.726181
      bogo-ops-per-second-real-time: 1111.696342
      wall-clock-time: 20.000066
      user-time: 19.999529
      system-time: 0.000000
      cpu-usage-per-instance: 99.997316
      max-rss: 1104

...
