BaselineInfo:
  WebDBID: -1
  TimeStamp: 20250418074224
Version:
  Major: 11
  Minor: 0
  Build: 1002
  SpecialBuildName: ""
  ptArchitecture: x86_64_linux
Results:
  Results Complete: true
  NumTestProcesses: 48
  CPU_INTEGER_MATH: 225814.3403333333
  CPU_FLOATINGPOINT_MATH: 159872.6750582901
  CPU_PRIME: 468.69198501802799
  CPU_SORTING: 108335.56397571799
  CPU_ENCRYPTION: 49844.080245372461
  CPU_COMPRESSION: 808184.67588359967
  CPU_SINGLETHREAD: 2916.263062845987
  CPU_PHYSICS: 8571.3898448768487
  CPU_MATRIX_MULT_SSE: 68300.481455102141
  CPU_mm: 6416.0614392680127
  CPU_sse: 27827.032060610785
  CPU_fma: 76092.230679814136
  CPU_avx: 57697.467622897282
  CPU_avx512: 111585.19545708636
  m_CPU_enc_SHA: 52532204837.470001
  m_CPU_enc_AES: 68544194714.281052
  m_CPU_enc_ECDSA: 35719519310.36393
  ME_ALLOC_S: 20184.956934531729
  ME_READ_S: 26741.418554687501
  ME_READ_L: 7605.61181640625
  ME_WRITE: 6826.5537109375
  ME_LARGE: 376226.83333333331
  ME_LATENCY: 109.92703184840114
  ME_THREADED: 183442.599609375
  SUMM_CPU: 62531.305815403335
  SUMM_ME: 1705.686020323132
SystemInformation:
  OSName: Ubuntu 24.04.2 LTS
  Kernel: 6.8.0-1021-azure
  Device: ""
  Processor: INTEL XEON PLATINUM 8573C
  NumSockets: 1
  Manufacturer: GenuineIntel
  NumCores: 24
  NumLogicals: 48
  CPUFrequency: 2300
  Memory: 386747
  MemModuleInfo:
    iNumMemSticks: 3
    DIMM 1:
      manufacturer: Microsoft Corporation
      modulePartNo: None
      memType: Unknown
      size: 1
      clkspeed: 0
      moduleVoltage: 0
    DIMM 2:
      manufacturer: Microsoft Corporation
      modulePartNo: None
      memType: Unknown
      size: 59
      clkspeed: 0
      moduleVoltage: 0
    DIMM 3:
      manufacturer: Microsoft Corporation
      modulePartNo: None
      memType: Unknown
      size: 324
      clkspeed: 0
      moduleVoltage: 0
Checksum: D2B568CC4E72A26CAA59486289266CF732890A95