BaselineInfo:
  WebDBID: -1
  TimeStamp: 20241107114038
Version:
  Major: 11
  Minor: 0
  Build: 1002
  SpecialBuildName: ""
  ptArchitecture: aarch64_linux
Results:
  Results Complete: true
  NumTestProcesses: 4
  CPU_INTEGER_MATH: 15750.497999999998
  CPU_FLOATINGPOINT_MATH: 11957.641514607596
  CPU_PRIME: 34.593875637467605
  CPU_SORTING: 11435.316087641251
  CPU_ENCRYPTION: 541.58117271634251
  CPU_COMPRESSION: 18587.063595872263
  CPU_SINGLETHREAD: 1110.6406464152869
  CPU_PHYSICS: 691.42333418984947
  CPU_MATRIX_MULT_SSE: 2482.2525043913906
  CPU_mm: 416.4554960917863
  CPU_sse: 2073.1287145119118
  CPU_fma: 2891.3762942708699
  CPU_avx: 0
  CPU_avx512: 0
  m_CPU_enc_SHA: 807777002.4498775
  m_CPU_enc_AES: 375640721.77170658
  m_CPU_enc_ECDSA: 520249335.06505054
  ME_ALLOC_S: 2626.2636710230554
  ME_READ_S: 9484.4765625
  ME_READ_L: 9217.5078125
  ME_WRITE: 12487.1943359375
  ME_LARGE: 861.58333333333337
  ME_LATENCY: 69.369909076350652
  ME_THREADED: 36391.96484375
  SUMM_CPU: 2702.3445483689143
  SUMM_ME: 1046.1285592461034
SystemInformation:
  OSName: Ubuntu 24.04.1 LTS
  Kernel: 6.8.0-1016-aws
  Device: ""
  Processor: ARM Neoverse-N1 4 Core 0 MHz
  NumSockets: 1
  Manufacturer: ARM
  NumCores: 4
  NumLogicals: 4
  CPUFrequency: 0
  Memory: 7763
Checksum: 5BC728764A1B570BD8510EF8A0E53995D94C25C5