---
system-info:
      stress-ng-version: 0.17.08
      run-by: root
      date-yyyy-mm-dd: 2024:06:13
      time-hh-mm-ss: 09:56:10
      epoch-secs: 1718272570
      hostname: afa79ec7c8d1
      sysname: Linux
      nodename: afa79ec7c8d1
      release: 6.8.0-1008-aws
      version: '#8-Ubuntu SMP Sat Apr 20 00:46:25 UTC 2024'
      machine: x86_64
      compiler: 'musl-gcc 13.2.1'
      uptime: 128
      totalram: 264731148288
      freeram: 259604643840
      sharedram: 72994816
      bufferram: 106131456
      totalswap: 0
      freeswap: 0
      pagesize: 4096
      cpus: 64
      cpus-online: 64
      ticks-per-second: 100

metrics:
    - stressor: cpu
      bogo-ops: 1079571
      bogo-ops-per-second-usr-sys-time: 843.882034
      bogo-ops-per-second-real-time: 53978.277148
      wall-clock-time: 20.000101
      user-time: 1279.266383
      system-time: 0.024983
      cpu-usage-per-instance: 99.944133
      max-rss: 512

...
