---
system-info:
      stress-ng-version: 0.17.08
      run-by: root
      date-yyyy-mm-dd: 2024:06:07
      time-hh-mm-ss: 17:56:55
      epoch-secs: 1717783015
      hostname: 5ac44b3cf48d
      sysname: Linux
      nodename: 5ac44b3cf48d
      release: 6.8.0-1008-aws
      version: '#8-Ubuntu SMP Sat Apr 20 00:46:25 UTC 2024'
      machine: x86_64
      compiler: 'musl-gcc 13.2.1'
      uptime: 158
      totalram: 264731164672
      freeram: 259661934592
      sharedram: 72994816
      bufferram: 93360128
      totalswap: 0
      freeswap: 0
      pagesize: 4096
      cpus: 64
      cpus-online: 64
      ticks-per-second: 100

metrics:
    - stressor: cpu
      bogo-ops: 648496
      bogo-ops-per-second-usr-sys-time: 1013.872786
      bogo-ops-per-second-real-time: 64839.516106
      wall-clock-time: 10.001555
      user-time: 639.530695
      system-time: 0.091957
      cpu-usage-per-instance: 99.925499
      max-rss: 3584

...
