BaselineInfo:
  WebDBID: -1
  TimeStamp: 20260617012507
Version:
  Major: 11
  Minor: 0
  Build: 1004
  SpecialBuildName: ""
  ptArchitecture: x86_64_linux
Results:
  Results Complete: true
  NumTestProcesses: 4
  CPU_INTEGER_MATH: 18942.279333333336
  CPU_FLOATINGPOINT_MATH: 10610.562153508758
  CPU_PRIME: 46.213005468628552
  CPU_SORTING: 11670.955462168942
  CPU_ENCRYPTION: 4805.2425836907451
  CPU_COMPRESSION: 79609.776542796331
  CPU_SINGLETHREAD: 2881.6092984608672
  CPU_PHYSICS: 893.97087194796109
  CPU_MATRIX_MULT_SSE: 5325.797974720057
  CPU_mm: 506.99453962188977
  CPU_sse: 2222.5024355625374
  CPU_fma: 7000.8016849585383
  CPU_avx: 5775.7745950459066
  CPU_avx512: 6304.1131833132458
  m_CPU_enc_SHA: 6713396410.893877
  m_CPU_enc_AES: 4561894134.2244005
  m_CPU_enc_ECDSA: 3840695597.1900444
  ME_ALLOC_S: 2059.7879650187206
  ME_READ_S: 27521.225976562499
  ME_READ_L: 26140.076171875
  ME_WRITE: 25527.73828125
  ME_LARGE: 3066
  ME_LATENCY: 73.34619714244451
  ME_THREADED: 35510.248046875
  SUMM_CPU: 7535.2273568995988
  SUMM_ME: 2002.440185034859
SystemInformation:
  OSName: Ubuntu 24.04.4 LTS
  Kernel: 6.8.0-117-generic
  Device: ""
  Processor: "AMD EPYC 9T24 96-Core Processor                "
  NumSockets: 1
  Manufacturer: AuthenticAMD
  NumCores: 2
  NumLogicals: 4
  CPUFrequency: 0
  CPUMaxFrequency: 0
  Memory: 7270
  CPUInfo:
    number: 1
    Family: 15
    Model: 1
    stepping: 1
    features: 395049983
    manufacture: AuthenticAMD
    typestring: "AMD EPYC 9T24 96-Core Processor                "
    iCoresPerPackage: 2
    iThreadsPerPackage: 2
    featuresEx:
      - 395049983
      - 4277809667
      - 802421759
    bHybrid: false
    nPCore: 0
    nLogicalsPerPCore: 0
    nECore: 0
    nLogicalsPerECore: 0
  MemModuleInfo:
    iNumMemSticks: 1
    DIMM 1:
      manufacturer: Alibaba Cloud
      modulePartNo: Not Specified
      memType: RAM
      size: 8
      clkspeed: 0
      moduleVoltage: 0
Checksum: 0CFC12133CB41827AE64060FB0120C5D91EC9930