BaselineInfo:
  WebDBID: -1
  TimeStamp: 20241108082055
Version:
  Major: 11
  Minor: 0
  Build: 1002
  SpecialBuildName: ""
  ptArchitecture: x86_64_linux
Results:
  Results Complete: true
  NumTestProcesses: 32
  CPU_INTEGER_MATH: 132165.17466666666
  CPU_FLOATINGPOINT_MATH: 73106.446603229793
  CPU_PRIME: 266.82997460525212
  CPU_SORTING: 70074.34835858029
  CPU_ENCRYPTION: 34292.026299366116
  CPU_COMPRESSION: 505646.18099090684
  CPU_SINGLETHREAD: 2359.8374144804466
  CPU_PHYSICS: 4975.3008949918067
  CPU_MATRIX_MULT_SSE: 26620.11342957251
  CPU_mm: 3566.3266445823519
  CPU_sse: 15007.536367562147
  CPU_fma: 36292.116853282416
  CPU_avx: 28560.687067872972
  CPU_avx512: 0
  m_CPU_enc_SHA: 49690251732.395714
  m_CPU_enc_AES: 31785583472.177147
  m_CPU_enc_ECDSA: 26397552102.079498
  ME_ALLOC_S: 12925.174467216053
  ME_READ_S: 24142.877539062501
  ME_READ_L: 15218.73828125
  ME_WRITE: 15447.90234375
  ME_LARGE: 21488.5
  ME_LATENCY: 74.466495249119149
  ME_THREADED: 109699.93627929688
  SUMM_CPU: 38354.691070653593
  SUMM_ME: 2422.3285723861291
SystemInformation:
  OSName: Ubuntu 24.04.1 LTS
  Kernel: 6.8.0-1015-gcp
  Device: ""
  Processor: AMD EPYC 7B12
  NumSockets: 1
  Manufacturer: AuthenticAMD
  NumCores: 16
  NumLogicals: 32
  CPUFrequency: 0
  Memory: 32085
  MemModuleInfo:
    iNumMemSticks: 2
    DIMM 1:
      manufacturer: ""
      modulePartNo: ""
      memType: RAM
      size: 16
      clkspeed: 0
      moduleVoltage: 0
    DIMM 2:
      manufacturer: ""
      modulePartNo: ""
      memType: RAM
      size: 16
      clkspeed: 0
      moduleVoltage: 0
Checksum: 0F2B3C25D91AEBA756D580DAB96016D4B86C661C