BaselineInfo:
  WebDBID: -1
  TimeStamp: 20241108235000
Version:
  Major: 11
  Minor: 0
  Build: 1002
  SpecialBuildName: ""
  ptArchitecture: x86_64_linux
Results:
  Results Complete: true
  NumTestProcesses: 64
  CPU_INTEGER_MATH: 265745.09533333342
  CPU_FLOATINGPOINT_MATH: 146051.88479242503
  CPU_PRIME: 351.95585847981289
  CPU_SORTING: 136567.70254594201
  CPU_ENCRYPTION: 68518.124806732405
  CPU_COMPRESSION: 1003304.1786645601
  CPU_SINGLETHREAD: 2396.2784581141605
  CPU_PHYSICS: 6270.4096667947151
  CPU_MATRIX_MULT_SSE: 57754.154725350956
  CPU_mm: 7182.4101930823035
  CPU_sse: 29927.908808820615
  CPU_fma: 78101.690325759351
  CPU_avx: 65232.865041472993
  CPU_avx512: 0
  m_CPU_enc_SHA: 99380371561.726929
  m_CPU_enc_AES: 63556525666.469772
  m_CPU_enc_ECDSA: 52602486483.836014
  ME_ALLOC_S: 25095.807686582924
  ME_READ_S: 24423.966406250001
  ME_READ_L: 19804.57421875
  ME_WRITE: 19638.48828125
  ME_LARGE: 246037.41666666666
  ME_LATENCY: 63.450013531305764
  ME_THREADED: 143128.845703125
  SUMM_CPU: 61697.613987190103
  SUMM_ME: 2927.7143847258003
SystemInformation:
  OSName: Ubuntu 24.04.1 LTS
  Kernel: 6.8.0-1017-azure
  Device: ""
  Processor: AMD EPYC 7763 64-Core Processor
  NumSockets: 1
  Manufacturer: AuthenticAMD
  NumCores: 32
  NumLogicals: 64
  CPUFrequency: 0
  Memory: 257718
  MemModuleInfo:
    iNumMemSticks: 3
    DIMM 1:
      manufacturer: Microsoft Corporation
      modulePartNo: None
      memType: Unknown
      size: 1
      clkspeed: 0
      moduleVoltage: 0
    DIMM 2:
      manufacturer: Microsoft Corporation
      modulePartNo: None
      memType: Unknown
      size: 60928
      clkspeed: 0
      moduleVoltage: 0
    DIMM 3:
      manufacturer: Microsoft Corporation
      modulePartNo: None
      memType: Unknown
      size: 200192
      clkspeed: 0
      moduleVoltage: 0
Checksum: DC44E8ADC7C1E18AD92D32E647C2D1153AFFACA9