---
system-info:
      stress-ng-version: 0.17.08
      run-by: root
      date-yyyy-mm-dd: 2024:07:12
      time-hh-mm-ss: 12:04:01
      epoch-secs: 1720785841
      hostname: ip-172-31-3-121
      sysname: Linux
      nodename: ip-172-31-3-121
      release: 6.8.0-1010-aws
      version: '#10-Ubuntu SMP Thu Jun 13 17:36:15 UTC 2024'
      machine: x86_64
      compiler: 'musl-gcc 13.2.1'
      uptime: 429
      totalram: 515432792064
      freeram: 507735486464
      sharedram: 48881664
      bufferram: 132214784
      totalswap: 0
      freeswap: 0
      pagesize: 4096
      cpus: 32
      cpus-online: 32
      ticks-per-second: 100

metrics:
    - stressor: cpu
      bogo-ops: 325952
      bogo-ops-per-second-usr-sys-time: 509.722279
      bogo-ops-per-second-real-time: 16297.455686
      wall-clock-time: 20.000177
      user-time: 639.452838
      system-time: 0.016955
      cpu-usage-per-instance: 99.916270
      max-rss: 1032

...
