---
system-info:
      stress-ng-version: 0.17.08
      run-by: root
      date-yyyy-mm-dd: 2024:06:26
      time-hh-mm-ss: 14:38:19
      epoch-secs: 1719412699
      hostname: c3d-highcpu-4-cfa2b2d
      sysname: Linux
      nodename: c3d-highcpu-4-cfa2b2d
      release: 6.8.0-1008-gcp
      version: '#9-Ubuntu SMP Wed May 22 18:09:04 UTC 2024'
      machine: x86_64
      compiler: 'musl-gcc 13.2.1'
      uptime: 141
      totalram: 8324222976
      freeram: 3408019456
      sharedram: 34955264
      bufferram: 124456960
      totalswap: 0
      freeswap: 0
      pagesize: 4096
      cpus: 4
      cpus-online: 4
      ticks-per-second: 100

metrics:
    - stressor: cpu
      bogo-ops: 57311
      bogo-ops-per-second-usr-sys-time: 2865.666919
      bogo-ops-per-second-real-time: 2865.542280
      wall-clock-time: 20.000054
      user-time: 19.998185
      system-time: 0.000999
      cpu-usage-per-instance: 99.995651
      max-rss: 1104

...
