BaselineInfo:
  WebDBID: -1
  TimeStamp: 20241107055759
Version:
  Major: 11
  Minor: 0
  Build: 1002
  SpecialBuildName: ""
  ptArchitecture: x86_64_linux
Results:
  Results Complete: true
  NumTestProcesses: 2
  CPU_INTEGER_MATH: 8364.5100000000002
  CPU_FLOATINGPOINT_MATH: 4280.2651918101956
  CPU_PRIME: 18.966586096054122
  CPU_SORTING: 4393.4279061065954
  CPU_ENCRYPTION: 1802.8553376067118
  CPU_COMPRESSION: 32252.035314888446
  CPU_SINGLETHREAD: 2375.0344671674366
  CPU_PHYSICS: 366.45738748243116
  CPU_MATRIX_MULT_SSE: 1702.2514002657917
  CPU_mm: 180.49192551336859
  CPU_sse: 786.60978873800912
  CPU_fma: 2182.9836132273977
  CPU_avx: 1611.9565906477801
  CPU_avx512: 2227.4556084499804
  m_CPU_enc_SHA: 1789679888.4916916
  m_CPU_enc_AES: 2741683447.4345984
  m_CPU_enc_ECDSA: 1139929179.5325966
  ME_ALLOC_S: 1035.5124103061901
  ME_READ_S: 23735.298046874999
  ME_READ_L: 11643.6533203125
  ME_WRITE: 10591.5361328125
  ME_LARGE: 667
  ME_LATENCY: 52.480646588944886
  ME_THREADED: 15864.8212890625
  SUMM_CPU: 2997.3142960418545
  SUMM_ME: 1040.4232516218794
SystemInformation:
  OSName: Ubuntu 24.04.1 LTS
  Kernel: 6.8.0-1017-azure
  Device: ""
  Processor: Intel Xeon Platinum 8370C CPU @ 2.80GHz
  NumSockets: 1
  Manufacturer: GenuineIntel
  NumCores: 1
  NumLogicals: 2
  CPUFrequency: 2800
  Memory: 7937
  MemModuleInfo:
    iNumMemSticks: 2
    DIMM 1:
      manufacturer: Microsoft Corporation
      modulePartNo: None
      memType: Unknown
      size: 1
      clkspeed: 0
      moduleVoltage: 0
    DIMM 2:
      manufacturer: Microsoft Corporation
      modulePartNo: None
      memType: Unknown
      size: 7
      clkspeed: 0
      moduleVoltage: 0
Checksum: 4F9E28095CBBFFEF4B1AFB1837A99B9B6E4C71D4