---
system-info:
      stress-ng-version: 0.17.08
      run-by: root
      date-yyyy-mm-dd: 2024:07:03
      time-hh-mm-ss: 04:52:53
      epoch-secs: 1719982373
      hostname: c2d-standard-112-c98e7fb
      sysname: Linux
      nodename: c2d-standard-112-c98e7fb
      release: 6.8.0-1009-gcp
      version: '#10-Ubuntu SMP Wed Jun 12 18:52:23 UTC 2024'
      machine: x86_64
      compiler: 'musl-gcc 13.2.1'
      uptime: 149
      totalram: 473357611008
      freeram: 467029331968
      sharedram: 69480448
      bufferram: 129810432
      totalswap: 0
      freeswap: 0
      pagesize: 4096
      cpus: 112
      cpus-online: 112
      ticks-per-second: 100

metrics:
    - stressor: cpu
      bogo-ops: 3283466
      bogo-ops-per-second-usr-sys-time: 1466.405922
      bogo-ops-per-second-real-time: 164172.795874
      wall-clock-time: 20.000061
      user-time: 2239.072925
      system-time: 0.051966
      cpu-usage-per-instance: 99.960626
      max-rss: 0

...
