BaselineInfo:
  WebDBID: -1
  TimeStamp: 20241109110229
Version:
  Major: 11
  Minor: 0
  Build: 1002
  SpecialBuildName: ""
  ptArchitecture: x86_64_linux
Results:
  Results Complete: true
  NumTestProcesses: 32
  CPU_INTEGER_MATH: 150334.122
  CPU_FLOATINGPOINT_MATH: 109901.88948085102
  CPU_PRIME: 305.62866669490916
  CPU_SORTING: 77321.53115422753
  CPU_ENCRYPTION: 33183.211706438356
  CPU_COMPRESSION: 570528.45278159122
  CPU_SINGLETHREAD: 3147.9580012309989
  CPU_PHYSICS: 5812.3228201647362
  CPU_MATRIX_MULT_SSE: 42223.878019574637
  CPU_mm: 4399.4783393240923
  CPU_sse: 18948.730259644151
  CPU_fma: 48631.918428347271
  CPU_avx: 37656.305442924771
  CPU_avx512: 63658.557947382389
  m_CPU_enc_SHA: 34794189030.229248
  m_CPU_enc_AES: 45342430404.548477
  m_CPU_enc_ECDSA: 24248738760.093189
  ME_ALLOC_S: 17058.222334093171
  ME_READ_S: 27201.020703124999
  ME_READ_L: 10639.9365234375
  ME_WRITE: 9389.1279296875
  ME_LARGE: 247044.83333333334
  ME_LATENCY: 70.901597823662897
  ME_THREADED: 179891.82080078125
  SUMM_CPU: 47552.952328941334
  SUMM_ME: 2382.7942830352185
SystemInformation:
  OSName: Ubuntu 24.04.1 LTS
  Kernel: 6.8.0-1017-azure
  Device: ""
  Processor: Intel Xeon Platinum 8473C
  NumSockets: 1
  Manufacturer: GenuineIntel
  NumCores: 16
  NumLogicals: 32
  CPUFrequency: 2100
  Memory: 257730
  MemModuleInfo:
    iNumMemSticks: 3
    DIMM 1:
      manufacturer: Microsoft Corporation
      modulePartNo: None
      memType: Unknown
      size: 1
      clkspeed: 0
      moduleVoltage: 0
    DIMM 2:
      manufacturer: Microsoft Corporation
      modulePartNo: None
      memType: Unknown
      size: 59
      clkspeed: 0
      moduleVoltage: 0
    DIMM 3:
      manufacturer: Microsoft Corporation
      modulePartNo: None
      memType: Unknown
      size: 196
      clkspeed: 0
      moduleVoltage: 0
Checksum: 52D8CBAF07BD7DAE4D4CE87B8327B80D4ACC6EC7