---
system-info:
      stress-ng-version: 0.17.08
      run-by: root
      date-yyyy-mm-dd: 2024:06:05
      time-hh-mm-ss: 22:14:29
      epoch-secs: 1717625669
      hostname: 3b88676bf3d3
      sysname: Linux
      nodename: 3b88676bf3d3
      release: 6.8.0-1008-aws
      version: '#8-Ubuntu SMP Sat Apr 20 00:46:25 UTC 2024'
      machine: x86_64
      compiler: 'musl-gcc 13.2.1'
      uptime: 128
      totalram: 202403569664
      freeram: 196703301632
      sharedram: 78577664
      bufferram: 79241216
      totalswap: 0
      freeswap: 0
      pagesize: 4096
      cpus: 96
      cpus-online: 96
      ticks-per-second: 100

metrics:
    - stressor: cpu
      bogo-ops: 1140241
      bogo-ops-per-second-usr-sys-time: 1188.788263
      bogo-ops-per-second-real-time: 114005.533030
      wall-clock-time: 10.001629
      user-time: 959.031467
      system-time: 0.130930
      cpu-usage-per-instance: 99.896481
      max-rss: 3072

...
