---
system-info:
      stress-ng-version: 0.17.08
      run-by: root
      date-yyyy-mm-dd: 2024:06:12
      time-hh-mm-ss: 18:43:47
      epoch-secs: 1718217827
      hostname: 8247ae1f11b2
      sysname: Linux
      nodename: 8247ae1f11b2
      release: 6.8.0-1008-aws
      version: '#8-Ubuntu SMP Sat Apr 20 00:46:25 UTC 2024'
      machine: x86_64
      compiler: 'musl-gcc 13.2.1'
      uptime: 120
      totalram: 202403528704
      freeram: 196561018880
      sharedram: 78577664
      bufferram: 110927872
      totalswap: 0
      freeswap: 0
      pagesize: 4096
      cpus: 96
      cpus-online: 96
      ticks-per-second: 100

metrics:
    - stressor: cpu
      bogo-ops: 1904056
      bogo-ops-per-second-usr-sys-time: 992.080953
      bogo-ops-per-second-real-time: 95202.405527
      wall-clock-time: 20.000083
      user-time: 1919.220691
      system-time: 0.033976
      cpu-usage-per-instance: 99.960766
      max-rss: 768

...
