---
system-info:
      stress-ng-version: 0.17.08
      run-by: root
      date-yyyy-mm-dd: 2024:06:12
      time-hh-mm-ss: 15:42:59
      epoch-secs: 1718206979
      hostname: 952185eacb48
      sysname: Linux
      nodename: 952185eacb48
      release: 6.8.0-1008-aws
      version: '#8-Ubuntu SMP Sat Apr 20 00:46:25 UTC 2024'
      machine: x86_64
      compiler: 'musl-gcc 13.2.1'
      uptime: 144
      totalram: 202403545088
      freeram: 196619894784
      sharedram: 78577664
      bufferram: 111861760
      totalswap: 0
      freeswap: 0
      pagesize: 4096
      cpus: 96
      cpus-online: 96
      ticks-per-second: 100

metrics:
    - stressor: cpu
      bogo-ops: 1616642
      bogo-ops-per-second-usr-sys-time: 842.323262
      bogo-ops-per-second-real-time: 80832.056257
      wall-clock-time: 20.000011
      user-time: 1919.212563
      system-time: 0.052964
      cpu-usage-per-instance: 99.961692
      max-rss: 768

...
