---
system-info:
      stress-ng-version: 0.17.08
      run-by: root
      date-yyyy-mm-dd: 2024:06:09
      time-hh-mm-ss: 10:40:45
      epoch-secs: 1717929645
      hostname: 1e4f905a1dd0
      sysname: Linux
      nodename: 1e4f905a1dd0
      release: 6.8.0-1008-aws
      version: '#8-Ubuntu SMP Sat Apr 20 00:46:25 UTC 2024'
      machine: x86_64
      compiler: 'musl-gcc 13.2.1'
      uptime: 143
      totalram: 132913999872
      freeram: 128206204928
      sharedram: 113655808
      bufferram: 106889216
      totalswap: 0
      freeswap: 0
      pagesize: 4096
      cpus: 32
      cpus-online: 32
      ticks-per-second: 100

metrics:
    - stressor: cpu
      bogo-ops: 21044
      bogo-ops-per-second-usr-sys-time: 2104.294575
      bogo-ops-per-second-real-time: 2104.336985
      wall-clock-time: 10.000299
      user-time: 9.998501
      system-time: 0.002000
      cpu-usage-per-instance: 100.002015
      max-rss: 3848

...
