---
system-info:
      stress-ng-version: 0.17.08
      run-by: root
      date-yyyy-mm-dd: 2024:06:15
      time-hh-mm-ss: 12:36:09
      epoch-secs: 1718454969
      hostname: 671ce4a598ec
      sysname: Linux
      nodename: 671ce4a598ec
      release: 6.8.0-1008-aws
      version: '#8-Ubuntu SMP Sat Apr 20 00:46:25 UTC 2024'
      machine: x86_64
      compiler: 'musl-gcc 13.2.1'
      uptime: 161
      totalram: 132914008064
      freeram: 128290627584
      sharedram: 113655808
      bufferram: 109940736
      totalswap: 0
      freeswap: 0
      pagesize: 4096
      cpus: 32
      cpus-online: 32
      ticks-per-second: 100

metrics:
    - stressor: cpu
      bogo-ops: 40306
      bogo-ops-per-second-usr-sys-time: 2015.272088
      bogo-ops-per-second-real-time: 2015.292072
      wall-clock-time: 20.000079
      user-time: 20.000277
      system-time: 0.000000
      cpu-usage-per-instance: 100.000992
      max-rss: 1032

...
