BaselineInfo:
  WebDBID: -1
  TimeStamp: 20250617101424
Version:
  Major: 11
  Minor: 0
  Build: 1002
  SpecialBuildName: ""
  ptArchitecture: x86_64_linux
Results:
  Results Complete: true
  NumTestProcesses: 24
  CPU_INTEGER_MATH: 104395.74933333333
  CPU_FLOATINGPOINT_MATH: 74089.953382027103
  CPU_PRIME: 226.98656254072898
  CPU_SORTING: 52122.763824727648
  CPU_ENCRYPTION: 23144.420213006422
  CPU_COMPRESSION: 377176.0318751249
  CPU_SINGLETHREAD: 2850.3542567864165
  CPU_PHYSICS: 5093.7081986775602
  CPU_MATRIX_MULT_SSE: 28838.194823432907
  CPU_mm: 2964.6979685549359
  CPU_sse: 12614.074673137126
  CPU_fma: 32373.260826199941
  CPU_avx: 23538.099888916058
  CPU_avx512: 46827.343905478505
  m_CPU_enc_SHA: 24448885693.73122
  m_CPU_enc_AES: 31735651122.928116
  m_CPU_enc_ECDSA: 16621513891.160942
  ME_ALLOC_S: 13130.182282799884
  ME_READ_S: 25871.279687499999
  ME_READ_L: 10121.10546875
  ME_WRITE: 9177.1630859375
  ME_LARGE: 39540.666666666664
  ME_LATENCY: 60.320632738757091
  ME_THREADED: 145571.56982421875
  SUMM_CPU: 34445.215251397531
  SUMM_ME: 2459.7925429249044
SystemInformation:
  OSName: Ubuntu 24.04.2 LTS
  Kernel: 6.11.0-1015-gcp
  Device: ""
  Processor: INTEL XEON PLATINUM 8581C CPU @ 2.30GHz
  NumSockets: 1
  Manufacturer: GenuineIntel
  NumCores: 12
  NumLogicals: 24
  CPUFrequency: 0
  Memory: 48166
  MemModuleInfo:
    iNumMemSticks: 3
    DIMM 1:
      manufacturer: ""
      modulePartNo: ""
      memType: RAM
      size: 16
      clkspeed: 0
      moduleVoltage: 0
    DIMM 2:
      manufacturer: ""
      modulePartNo: ""
      memType: RAM
      size: 16
      clkspeed: 0
      moduleVoltage: 0
    DIMM 3:
      manufacturer: ""
      modulePartNo: ""
      memType: RAM
      size: 16
      clkspeed: 0
      moduleVoltage: 0
Checksum: 8372603AA7647603E12E1FAA346D8F641ADD7F9A