BaselineInfo:
  WebDBID: -1
  TimeStamp: 20241108045533
Version:
  Major: 11
  Minor: 0
  Build: 1002
  SpecialBuildName: ""
  ptArchitecture: aarch64_linux
Results:
  Results Complete: true
  NumTestProcesses: 16
  CPU_INTEGER_MATH: 75424.98033333334
  CPU_FLOATINGPOINT_MATH: 57256.462921935308
  CPU_PRIME: 118.18559914819789
  CPU_SORTING: 54221.397148525335
  CPU_ENCRYPTION: 2588.1419114539858
  CPU_COMPRESSION: 90392.547743336647
  CPU_SINGLETHREAD: 1321.3271129802326
  CPU_PHYSICS: 1943.8269045707975
  CPU_MATRIX_MULT_SSE: 11896.660016092415
  CPU_mm: 1993.2734256185965
  CPU_sse: 9950.6251104978746
  CPU_fma: 13842.694921686956
  CPU_avx: 0
  CPU_avx512: 0
  m_CPU_enc_SHA: 3843845255.8940945
  m_CPU_enc_AES: 1799461621.3917444
  m_CPU_enc_ECDSA: 2498283601.5484858
  ME_ALLOC_S: 10119.368532144055
  ME_READ_S: 11290.92626953125
  ME_READ_L: 8925.0986328125
  ME_WRITE: 14851.7333984375
  ME_LARGE: 53657.583333333336
  ME_LATENCY: 70.040641654318236
  ME_THREADED: 118355.90234375
  SUMM_CPU: 11602.636462076045
  SUMM_ME: 1931.6082694819538
SystemInformation:
  OSName: Ubuntu 24.04.1 LTS
  Kernel: 6.8.0-1015-gcp
  Device: ""
  Processor: ARM Neoverse-N1 16 Core 0 MHz
  NumSockets: 1
  Manufacturer: ARM
  NumCores: 16
  NumLogicals: 16
  CPUFrequency: 0
  Memory: 64168
Checksum: 853ED38A6048A1B9B4F1DFB37CF2CB69D732D047