---
system-info:
      stress-ng-version: 0.17.08
      run-by: root
      date-yyyy-mm-dd: 2024:07:02
      time-hh-mm-ss: 19:37:14
      epoch-secs: 1719949034
      hostname: n4-highmem-32-b20b5f6
      sysname: Linux
      nodename: n4-highmem-32-b20b5f6
      release: 6.8.0-1009-gcp
      version: '#10-Ubuntu SMP Wed Jun 12 18:52:23 UTC 2024'
      machine: x86_64
      compiler: 'musl-gcc 13.2.1'
      uptime: 152
      totalram: 270251520000
      freeram: 264637509632
      sharedram: 274149376
      bufferram: 129343488
      totalswap: 0
      freeswap: 0
      pagesize: 4096
      cpus: 32
      cpus-online: 32
      ticks-per-second: 100

metrics:
    - stressor: cpu
      bogo-ops: 34607
      bogo-ops-per-second-usr-sys-time: 1730.353028
      bogo-ops-per-second-real-time: 1730.344554
      wall-clock-time: 20.000063
      user-time: 19.999965
      system-time: 0.000000
      cpu-usage-per-instance: 99.999510
      max-rss: 1032

...
