---
system-info:
      stress-ng-version: 0.17.08
      run-by: root
      date-yyyy-mm-dd: 2024:07:02
      time-hh-mm-ss: 13:52:22
      epoch-secs: 1719928342
      hostname: c2d-highcpu-56-f421dee
      sysname: Linux
      nodename: c2d-highcpu-56-f421dee
      release: 6.8.0-1009-gcp
      version: '#10-Ubuntu SMP Wed Jun 12 18:52:23 UTC 2024'
      machine: x86_64
      compiler: 'musl-gcc 13.2.1'
      uptime: 139
      totalram: 118139527168
      freeram: 112536879104
      sharedram: 35422208
      bufferram: 127553536
      totalswap: 0
      freeswap: 0
      pagesize: 4096
      cpus: 56
      cpus-online: 56
      ticks-per-second: 100

metrics:
    - stressor: cpu
      bogo-ops: 1640879
      bogo-ops-per-second-usr-sys-time: 1465.605827
      bogo-ops-per-second-real-time: 82043.715952
      wall-clock-time: 20.000057
      user-time: 1119.563950
      system-time: 0.026986
      cpu-usage-per-instance: 99.963191
      max-rss: 448

...
