BaselineInfo:
  WebDBID: -1
  TimeStamp: 20241219002712
Version:
  Major: 11
  Minor: 0
  Build: 1002
  SpecialBuildName: ""
  ptArchitecture: x86_64_linux
Results:
  Results Complete: true
  NumTestProcesses: 4
  CPU_INTEGER_MATH: 18648.978333333333
  CPU_FLOATINGPOINT_MATH: 13539.723069760081
  CPU_PRIME: 61.844076522261865
  CPU_SORTING: 10746.735004177361
  CPU_ENCRYPTION: 4506.8820608914712
  CPU_COMPRESSION: 82290.713395319501
  CPU_SINGLETHREAD: 2085.4107745558531
  CPU_PHYSICS: 996.63799907317741
  CPU_MATRIX_MULT_SSE: 6884.598367850771
  CPU_mm: 797.30530039100086
  CPU_sse: 3169.7882417766923
  CPU_fma: 10349.97188170427
  CPU_avx: 7134.0349800713493
  CPU_avx512: 0
  m_CPU_enc_SHA: 6393467032.4258108
  m_CPU_enc_AES: 4128595790.5397968
  m_CPU_enc_ECDSA: 3655362268.6783981
  ME_ALLOC_S: 2467.6643911885394
  ME_READ_S: 24674.9013671875
  ME_READ_L: 11116.2744140625
  ME_WRITE: 8584.5009765625
  ME_LARGE: 5121.833333333333
  ME_LATENCY: 79.155072096281813
  ME_THREADED: 27975.1865234375
  SUMM_CPU: 7941.3048896726996
  SUMM_ME: 1759.8445314525588
SystemInformation:
  OSName: Ubuntu 24.04.1 LTS
  Kernel: 6.8.0-31-generic
  Device: ""
  Processor: AMD EPYC 7542 32-Core Processor
  NumSockets: 1
  Manufacturer: AuthenticAMD
  NumCores: 4
  NumLogicals: 4
  CPUFrequency: 0
  Memory: 15946
  MemModuleInfo:
    iNumMemSticks: 1
    DIMM 1:
      manufacturer: QEMU
      modulePartNo: Not Specified
      memType: RAM
      size: 16
      clkspeed: 0
      moduleVoltage: 0
Checksum: EDDD47A64E25E4A833AC96FE05D37188387D8BDC