BaselineInfo:
  WebDBID: -1
  TimeStamp: 20260617094352
Version:
  Major: 11
  Minor: 0
  Build: 1004
  SpecialBuildName: ""
  ptArchitecture: x86_64_linux
Results:
  Results Complete: true
  NumTestProcesses: 4
  CPU_INTEGER_MATH: 12866.123
  CPU_FLOATINGPOINT_MATH: 9717.4761357117113
  CPU_PRIME: 44.307038870960163
  CPU_SORTING: 8964.3315533575187
  CPU_ENCRYPTION: 1654.9887046634915
  CPU_COMPRESSION: 68341.507650465792
  CPU_SINGLETHREAD: 1684.1763653403232
  CPU_PHYSICS: 707.49143528741581
  CPU_MATRIX_MULT_SSE: 5452.2780447164778
  CPU_mm: 581.19851997992203
  CPU_sse: 2202.00971742705
  CPU_fma: 7318.3597875025944
  CPU_avx: 4938.9493205281433
  CPU_avx512: 7349.7933534081212
  m_CPU_enc_SHA: 908715445.15259016
  m_CPU_enc_AES: 3497377530.8810954
  m_CPU_enc_ECDSA: 800051331.90999007
  ME_ALLOC_S: 1120.4361349595697
  ME_READ_S: 19449.539648437501
  ME_READ_L: 6874.74169921875
  ME_WRITE: 7154.12255859375
  ME_LARGE: 3360.25
  ME_LATENCY: 75.158132656133461
  ME_THREADED: 27914.9130859375
  SUMM_CPU: 5282.3984697118431
  SUMM_ME: 1438.0987776744812
SystemInformation:
  OSName: Ubuntu 24.04.4 LTS
  Kernel: 6.8.0-117-generic
  Device: ""
  Processor: Intel(R) Xeon(R) Platinum 8269CY CPU @ 2.50GHz
  NumSockets: 1
  Manufacturer: GenuineIntel
  NumCores: 2
  NumLogicals: 4
  CPUFrequency: 2500
  CPUMaxFrequency: 3800
  Memory: 7555
  CPUInfo:
    number: 1
    Family: 6
    Model: 5
    stepping: 7
    features: 529267711
    manufacture: GenuineIntel
    typestring: Intel(R) Xeon(R) Platinum 8269CY CPU @ 2.50GHz
    iCoresPerPackage: 2
    iThreadsPerPackage: 2
    featuresEx:
      - 529267711
      - 4294586883
      - 739248128
    bHybrid: false
    nPCore: 0
    nLogicalsPerPCore: 0
    nECore: 0
    nLogicalsPerECore: 0
  MemModuleInfo:
    iNumMemSticks: 1
    DIMM 1:
      manufacturer: Alibaba Cloud
      modulePartNo: Not Specified
      memType: RAM
      size: 8
      clkspeed: 0
      moduleVoltage: 0
Checksum: 3D6B4F35CE9192E878569FC96E27E256B620D1E9