BaselineInfo:
  WebDBID: -1
  TimeStamp: 20241108194218
Version:
  Major: 11
  Minor: 0
  Build: 1002
  SpecialBuildName: ""
  ptArchitecture: x86_64_linux
Results:
  Results Complete: true
  NumTestProcesses: 20
  CPU_INTEGER_MATH: 84178.641333333333
  CPU_FLOATINGPOINT_MATH: 43038.509236567588
  CPU_PRIME: 153.2997469449916
  CPU_SORTING: 43541.63182268876
  CPU_ENCRYPTION: 18313.285076699263
  CPU_COMPRESSION: 306920.44758214359
  CPU_SINGLETHREAD: 2432.3961185362828
  CPU_PHYSICS: 2612.1880875077009
  CPU_MATRIX_MULT_SSE: 17660.204762107034
  CPU_mm: 1813.1870489031305
  CPU_sse: 7978.6380509151204
  CPU_fma: 21932.954665562775
  CPU_avx: 16195.889946961017
  CPU_avx512: 24533.336384989219
  m_CPU_enc_SHA: 18471264257.236156
  m_CPU_enc_AES: 27805822040.26815
  m_CPU_enc_ECDSA: 11331527340.250711
  ME_ALLOC_S: 9979.0293187637399
  ME_READ_S: 24335.008984374999
  ME_READ_L: 12605.302734375
  ME_WRITE: 11232.18359375
  ME_LARGE: 150428.08333333334
  ME_LATENCY: 51.613556820053127
  ME_THREADED: 109059.99072265625
  SUMM_CPU: 25547.100572228846
  SUMM_ME: 2801.0612768220017
SystemInformation:
  OSName: Ubuntu 24.04.1 LTS
  Kernel: 6.8.0-1017-azure
  Device: ""
  Processor: Intel Xeon Platinum 8370C CPU @ 2.80GHz
  NumSockets: 1
  Manufacturer: GenuineIntel
  NumCores: 10
  NumLogicals: 20
  CPUFrequency: 2800
  Memory: 160966
  MemModuleInfo:
    iNumMemSticks: 3
    DIMM 1:
      manufacturer: Microsoft Corporation
      modulePartNo: None
      memType: Unknown
      size: 1
      clkspeed: 0
      moduleVoltage: 0
    DIMM 2:
      manufacturer: Microsoft Corporation
      modulePartNo: None
      memType: Unknown
      size: 59
      clkspeed: 0
      moduleVoltage: 0
    DIMM 3:
      manufacturer: Microsoft Corporation
      modulePartNo: None
      memType: Unknown
      size: 100
      clkspeed: 0
      moduleVoltage: 0
Checksum: E2F4DBE4E85CA939EEC23C4F4E67D678B2FDABCF