---
system-info:
      stress-ng-version: 0.17.08
      run-by: root
      date-yyyy-mm-dd: 2024:09:02
      time-hh-mm-ss: 18:38:16
      epoch-secs: 1725302296
      hostname: sc-runner
      sysname: Linux
      nodename: sc-runner
      release: 6.8.0-1013-azure
      version: '#15-Ubuntu SMP Thu Aug  8 18:40:40 UTC 2024'
      machine: x86_64
      compiler: 'musl-gcc 13.2.1'
      uptime: 342
      totalram: 8322940928
      freeram: 325746688
      sharedram: 38080512
      bufferram: 202063872
      totalswap: 0
      freeswap: 0
      pagesize: 4096
      cpus: 4
      cpus-online: 4
      ticks-per-second: 100

metrics:
    - stressor: cpu
      bogo-ops: 54045
      bogo-ops-per-second-usr-sys-time: 2702.287562
      bogo-ops-per-second-real-time: 2702.242720
      wall-clock-time: 20.000054
      user-time: 19.998723
      system-time: 0.000999
      cpu-usage-per-instance: 99.998341
      max-rss: 3024

...
