size_kb,operation,bandwidth_mb_s,latency_ns,latency_stddev_ns,latency_samples,threads,iterations,elapsed_s
32,read,3091740.91,0,0,0,64,764525,0.494560
32,write,1906962.92,0,0,0,64,475285,0.498473
32,copy,1555136.28,0,0,0,64,322164,0.414323
32,latency,0,1.30,0.01,7,1,7,0.188178
128,read,3096014.40,0,0,0,64,165016,0.426396
128,write,1900995.94,0,0,0,64,113173,0.476268
128,copy,1556243.35,0,0,0,64,90350,0.464452
128,latency,0,3.55,0.00,7,1,7,0.707459
1024,read,1137729.97,0,0,0,64,21065,1.184956
1024,write,1176581.28,0,0,0,64,13517,0.735256
1024,copy,207856.44,0,0,0,64,6191,1.906239
1024,latency,0,6.44,0.01,7,1,7,0.706104
2048,read,389850.82,0,0,0,64,5061,1.661682
2048,write,508296.42,0,0,0,64,4720,1.188598
2048,copy,180324.46,0,0,0,64,1583,1.123663
2048,latency,0,14.23,0.06,7,1,7,0.621781
4096,read,407709.05,0,0,0,64,1431,0.898523
4096,write,356983.38,0,0,0,64,1364,0.978152
4096,copy,77534.93,0,0,0,64,723,2.387156
4096,latency,0,23.97,0.06,7,1,7,0.685337
131072,read,193089.23,0,0,0,64,34,1.442483
131072,write,163504.14,0,0,0,64,23,1.152362
131072,copy,54842.09,0,0,0,64,17,2.539364
131072,latency,0,42.39,0.07,7,1,7,3.784012
262144,read,190986.93,0,0,0,64,17,1.458362
262144,write,162481.69,0,0,0,64,11,1.109196
262144,copy,54034.20,0,0,0,32,8,1.212862
262144,latency,0,89.73,0.28,7,1,7,15.538946
524288,read,185398.13,0,0,0,32,8,0.706976
524288,write,166368.87,0,0,0,32,5,0.492400
524288,copy,54524.75,0,0,0,16,4,0.600975
524288,latency,0,114.20,0.01,7,1,7,39.449633
