BaselineInfo:
  WebDBID: -1
  TimeStamp: 20241107211718
Version:
  Major: 11
  Minor: 0
  Build: 1002
  SpecialBuildName: ""
  ptArchitecture: x86_64_linux
Results:
  Results Complete: true
  NumTestProcesses: 16
  CPU_INTEGER_MATH: 70769.888999999996
  CPU_FLOATINGPOINT_MATH: 38927.751248858025
  CPU_PRIME: 158.58691569628701
  CPU_SORTING: 38616.600551462427
  CPU_ENCRYPTION: 18422.438262609026
  CPU_COMPRESSION: 274312.33240762854
  CPU_SINGLETHREAD: 2510.1440705475466
  CPU_PHYSICS: 2803.9368283019662
  CPU_MATRIX_MULT_SSE: 15919.709376639561
  CPU_mm: 1920.414877512306
  CPU_sse: 8096.6297937924755
  CPU_fma: 22290.059382906638
  CPU_avx: 17372.438953219571
  CPU_avx512: 0
  m_CPU_enc_SHA: 26724123950.211842
  m_CPU_enc_AES: 17101746258.301123
  m_CPU_enc_ECDSA: 14126109662.447605
  ME_ALLOC_S: 7492.9969892189047
  ME_READ_S: 25630.615429687499
  ME_READ_L: 18373.658203125
  ME_WRITE: 18958.865234375
  ME_LARGE: 21887.25
  ME_LATENCY: 61.710391085754772
  ME_THREADED: 83332.1640625
  SUMM_CPU: 23685.514963614227
  SUMM_ME: 2765.976447406355
SystemInformation:
  OSName: Ubuntu 24.04.1 LTS
  Kernel: 6.8.0-1015-gcp
  Device: ""
  Processor: AMD EPYC 7B13
  NumSockets: 1
  Manufacturer: AuthenticAMD
  NumCores: 8
  NumLogicals: 16
  CPUFrequency: 0
  Memory: 32090
  MemModuleInfo:
    iNumMemSticks: 2
    DIMM 1:
      manufacturer: ""
      modulePartNo: ""
      memType: RAM
      size: 16
      clkspeed: 0
      moduleVoltage: 0
    DIMM 2:
      manufacturer: ""
      modulePartNo: ""
      memType: RAM
      size: 16
      clkspeed: 0
      moduleVoltage: 0
Checksum: 9BDC0B0EB01B80D6BADB68D455716762713DC345