---
system-info:
      stress-ng-version: 0.17.08
      run-by: root
      date-yyyy-mm-dd: 2024:06:06
      time-hh-mm-ss: 10:23:36
      epoch-secs: 1717669416
      hostname: 3febd2a5f801
      sysname: Linux
      nodename: 3febd2a5f801
      release: 6.8.0-1008-aws
      version: '#8-Ubuntu SMP Sat Apr 20 00:46:25 UTC 2024'
      machine: x86_64
      compiler: 'musl-gcc 13.2.1'
      uptime: 139
      totalram: 132900233216
      freeram: 128397729792
      sharedram: 60141568
      bufferram: 82718720
      totalswap: 0
      freeswap: 0
      pagesize: 4096
      cpus: 64
      cpus-online: 64
      ticks-per-second: 100

metrics:
    - stressor: cpu
      bogo-ops: 16769
      bogo-ops-per-second-usr-sys-time: 1676.832591
      bogo-ops-per-second-real-time: 1676.880010
      wall-clock-time: 10.000119
      user-time: 10.000402
      system-time: 0.000000
      cpu-usage-per-instance: 100.002828
      max-rss: 3584

...
