---
system-info:
      stress-ng-version: 0.17.08
      run-by: root
      date-yyyy-mm-dd: 2024:06:14
      time-hh-mm-ss: 05:40:57
      epoch-secs: 1718343657
      hostname: db937a666d5e
      sysname: Linux
      nodename: db937a666d5e
      release: 6.8.0-1008-aws
      version: '#8-Ubuntu SMP Sat Apr 20 00:46:25 UTC 2024'
      machine: x86_64
      compiler: 'musl-gcc 13.2.1'
      uptime: 165
      totalram: 132900237312
      freeram: 128220459008
      sharedram: 60141568
      bufferram: 108478464
      totalswap: 0
      freeswap: 0
      pagesize: 4096
      cpus: 64
      cpus-online: 64
      ticks-per-second: 100

metrics:
    - stressor: cpu
      bogo-ops: 37849
      bogo-ops-per-second-usr-sys-time: 1892.410165
      bogo-ops-per-second-real-time: 1892.446842
      wall-clock-time: 20.000033
      user-time: 20.000421
      system-time: 0.000000
      cpu-usage-per-instance: 100.001938
      max-rss: 512

...
