BaselineInfo:
  WebDBID: -1
  TimeStamp: 20241107185757
Version:
  Major: 11
  Minor: 0
  Build: 1002
  SpecialBuildName: ""
  ptArchitecture: x86_64_linux
Results:
  Results Complete: true
  NumTestProcesses: 8
  CPU_INTEGER_MATH: 33201.469666666664
  CPU_FLOATINGPOINT_MATH: 18334.460788503671
  CPU_PRIME: 74.226826408938464
  CPU_SORTING: 18176.339885864163
  CPU_ENCRYPTION: 8633.940126275058
  CPU_COMPRESSION: 127408.57804002379
  CPU_SINGLETHREAD: 2389.3178104841058
  CPU_PHYSICS: 1281.6946233422652
  CPU_MATRIX_MULT_SSE: 7373.0439667728297
  CPU_mm: 898.23275346943342
  CPU_sse: 3815.6732572567043
  CPU_fma: 10400.635201084344
  CPU_avx: 7902.8234419774444
  CPU_avx512: 0
  m_CPU_enc_SHA: 12482871657.424957
  m_CPU_enc_AES: 7985354882.7678928
  m_CPU_enc_ECDSA: 6691800665.3541374
  ME_ALLOC_S: 3544.2101231351153
  ME_READ_S: 24422.887500000001
  ME_READ_L: 18059.6796875
  ME_WRITE: 17396.72265625
  ME_LARGE: 54259.083333333336
  ME_LATENCY: 65.923884893116508
  ME_THREADED: 36895.30859375
  SUMM_CPU: 11848.592174654617
  SUMM_ME: 2515.7053537205716
SystemInformation:
  OSName: Ubuntu 24.04.1 LTS
  Kernel: 6.8.0-1017-azure
  Device: ""
  Processor: AMD EPYC 7763 64-Core Processor
  NumSockets: 1
  Manufacturer: AuthenticAMD
  NumCores: 4
  NumLogicals: 8
  CPUFrequency: 0
  Memory: 64299
  MemModuleInfo:
    iNumMemSticks: 3
    DIMM 1:
      manufacturer: Microsoft Corporation
      modulePartNo: None
      memType: Unknown
      size: 1
      clkspeed: 0
      moduleVoltage: 0
    DIMM 2:
      manufacturer: Microsoft Corporation
      modulePartNo: None
      memType: Unknown
      size: 59
      clkspeed: 0
      moduleVoltage: 0
    DIMM 3:
      manufacturer: Microsoft Corporation
      modulePartNo: None
      memType: Unknown
      size: 4
      clkspeed: 0
      moduleVoltage: 0
Checksum: FD36AFF585E03F60AC8F97EF4D2ABC6D2D5878E6