---
system-info:
      stress-ng-version: 0.17.08
      run-by: root
      date-yyyy-mm-dd: 2024:06:15
      time-hh-mm-ss: 09:55:26
      epoch-secs: 1718445326
      hostname: e7a8e8d92886
      sysname: Linux
      nodename: e7a8e8d92886
      release: 6.8.0-1008-aws
      version: '#8-Ubuntu SMP Sat Apr 20 02:43:14 UTC 2024'
      machine: aarch64
      compiler: 'musl-gcc 13.2.1'
      uptime: 112
      totalram: 3993088000
      freeram: 185782272
      sharedram: 35012608
      bufferram: 96940032
      totalswap: 0
      freeswap: 0
      pagesize: 4096
      cpus: 2
      cpus-online: 2
      ticks-per-second: 100

metrics:
    - stressor: cpu
      bogo-ops: 60865
      bogo-ops-per-second-usr-sys-time: 1532.261808
      bogo-ops-per-second-real-time: 3043.237430
      wall-clock-time: 20.000083
      user-time: 39.719331
      system-time: 0.002993
      cpu-usage-per-instance: 99.305400
      max-rss: 1192

...
