---
system-info:
      stress-ng-version: 0.17.08
      run-by: root
      date-yyyy-mm-dd: 2024:09:16
      time-hh-mm-ss: 00:34:41
      epoch-secs: 1726446881
      hostname: sc-runner
      sysname: Linux
      nodename: sc-runner
      release: 6.8.0-1014-azure
      version: '#16-Ubuntu SMP Thu Aug 15 20:04:41 UTC 2024'
      machine: x86_64
      compiler: 'musl-gcc 13.2.1'
      uptime: 292
      totalram: 16765026304
      freeram: 6684635136
      sharedram: 54886400
      bufferram: 224100352
      totalswap: 0
      freeswap: 0
      pagesize: 4096
      cpus: 4
      cpus-online: 4
      ticks-per-second: 100

metrics:
    - stressor: cpu
      bogo-ops: 37968
      bogo-ops-per-second-usr-sys-time: 1898.400190
      bogo-ops-per-second-real-time: 1898.391016
      wall-clock-time: 20.000095
      user-time: 19.998999
      system-time: 0.000999
      cpu-usage-per-instance: 99.999517
      max-rss: 3024

...
