---
system-info:
      stress-ng-version: 0.17.08
      run-by: root
      date-yyyy-mm-dd: 2024:06:08
      time-hh-mm-ss: 16:24:33
      epoch-secs: 1717863873
      hostname: 328e3e2f07c0
      sysname: Linux
      nodename: 328e3e2f07c0
      release: 6.8.0-1008-aws
      version: '#8-Ubuntu SMP Sat Apr 20 00:46:25 UTC 2024'
      machine: x86_64
      compiler: 'musl-gcc 13.2.1'
      uptime: 109
      totalram: 8112766976
      freeram: 3802935296
      sharedram: 7426048
      bufferram: 102948864
      totalswap: 0
      freeswap: 0
      pagesize: 4096
      cpus: 2
      cpus-online: 2
      ticks-per-second: 100

metrics:
    - stressor: cpu
      bogo-ops: 26510
      bogo-ops-per-second-usr-sys-time: 1337.739041
      bogo-ops-per-second-real-time: 2650.651408
      wall-clock-time: 10.001315
      user-time: 19.807039
      system-time: 0.009980
      cpu-usage-per-instance: 99.072066
      max-rss: 4176

...
