---
system-info:
      stress-ng-version: 0.17.08
      run-by: root
      date-yyyy-mm-dd: 2024:06:14
      time-hh-mm-ss: 22:20:26
      epoch-secs: 1718403626
      hostname: 3b49b54397ec
      sysname: Linux
      nodename: 3b49b54397ec
      release: 6.8.0-1008-aws
      version: '#8-Ubuntu SMP Sat Apr 20 00:46:25 UTC 2024'
      machine: x86_64
      compiler: 'musl-gcc 13.2.1'
      uptime: 119
      totalram: 8112775168
      freeram: 3850072064
      sharedram: 7426048
      bufferram: 108408832
      totalswap: 0
      freeswap: 0
      pagesize: 4096
      cpus: 2
      cpus-online: 2
      ticks-per-second: 100

metrics:
    - stressor: cpu
      bogo-ops: 59680
      bogo-ops-per-second-usr-sys-time: 1507.365328
      bogo-ops-per-second-real-time: 2983.990200
      wall-clock-time: 20.000066
      user-time: 39.588272
      system-time: 0.003988
      cpu-usage-per-instance: 98.980325
      max-rss: 1104

...
