BaselineInfo:
  WebDBID: -1
  TimeStamp: 20241108201842
Version:
  Major: 11
  Minor: 0
  Build: 1002
  SpecialBuildName: ""
  ptArchitecture: x86_64_linux
Results:
  Results Complete: true
  NumTestProcesses: 64
  CPU_INTEGER_MATH: 294369.76299999998
  CPU_FLOATINGPOINT_MATH: 161547.81543102811
  CPU_PRIME: 371.32559147862816
  CPU_SORTING: 144602.59239607668
  CPU_ENCRYPTION: 75817.855000481955
  CPU_COMPRESSION: 1116035.8564505682
  CPU_SINGLETHREAD: 2621.2279201461643
  CPU_PHYSICS: 6481.0033810095483
  CPU_MATRIX_MULT_SSE: 60752.465665544507
  CPU_mm: 7522.4604677394018
  CPU_sse: 31190.531977571474
  CPU_fma: 82780.550546951461
  CPU_avx: 68286.314472110578
  CPU_avx512: 0
  m_CPU_enc_SHA: 110119212024.84631
  m_CPU_enc_AES: 70410402574.622665
  m_CPU_enc_ECDSA: 57972734775.48703
  ME_ALLOC_S: 26733.657533641537
  ME_READ_S: 26418.729882812499
  ME_READ_L: 17662.017578125
  ME_WRITE: 17158.552734375
  ME_LARGE: 113792
  ME_LATENCY: 63.01102627077578
  ME_THREADED: 117384.62060546875
  SUMM_CPU: 67169.946114067265
  SUMM_ME: 2885.6746442221211
SystemInformation:
  OSName: Ubuntu 24.04.1 LTS
  Kernel: 6.8.0-1016-aws
  Device: ""
  Processor: AMD EPYC 7R13 Processor
  NumSockets: 1
  Manufacturer: AuthenticAMD
  NumCores: 32
  NumLogicals: 64
  CPUFrequency: 0
  Memory: 126131
  MemModuleInfo:
    iNumMemSticks: 2
    DIMM 1:
      manufacturer: Not Specified
      modulePartNo: Not Specified
      memType: DDR4
      size: 64
      clkspeed: 1466
      moduleVoltage: 0
    DIMM 2:
      manufacturer: Not Specified
      modulePartNo: Not Specified
      memType: DDR4
      size: 64
      clkspeed: 1466
      moduleVoltage: 0
Checksum: 97A05C808875530D6EF3E81F64A12DA725FD430C