BaselineInfo:
  WebDBID: -1
  TimeStamp: 20260219012323
Version:
  Major: 11
  Minor: 0
  Build: 1004
  SpecialBuildName: ""
  ptArchitecture: x86_64_linux
Results:
  Results Complete: true
  NumTestProcesses: 96
  CPU_INTEGER_MATH: 407060.58433333348
  CPU_FLOATINGPOINT_MATH: 288138.53495518124
  CPU_PRIME: 813.53141068462173
  CPU_SORTING: 187473.0322474252
  CPU_ENCRYPTION: 88995.408180344937
  CPU_COMPRESSION: 1411004.2791675413
  CPU_SINGLETHREAD: 3149.810538804003
  CPU_PHYSICS: 12618.287368191361
  CPU_MATRIX_MULT_SSE: 99970.226603688963
  CPU_mm: 10976.884622537636
  CPU_sse: 43804.823793283678
  CPU_fma: 113177.73399980707
  CPU_avx: 86701.471252460833
  CPU_avx512: 156196.87736920427
  m_CPU_enc_SHA: 94673511935.739288
  m_CPU_enc_AES: 121017742374.30069
  m_CPU_enc_ECDSA: 64264093074.300171
  ME_ALLOC_S: 32983.726322961418
  ME_READ_S: 26771.444531249999
  ME_READ_L: 9246.6484375
  ME_WRITE: 8893.9248046875
  ME_LARGE: 994013.5
  ME_LATENCY: 45.706237247948557
  ME_THREADED: 323215.048828125
  SUMM_CPU: 91429.146193475186
  SUMM_ME: 2809.9293284515879
SystemInformation:
  OSName: Ubuntu 24.04.3 LTS
  Kernel: 6.17.0-1007-aws
  Device: ""
  Processor: Intel(R) Xeon(R) Platinum 8559C
  NumSockets: 1
  Manufacturer: GenuineIntel
  NumCores: 48
  NumLogicals: 96
  CPUFrequency: 0
  CPUMaxFrequency: 0
  Memory: 1023527
  CPUInfo:
    number: 1
    Family: 6
    Model: 15
    stepping: 2
    features: 529267711
    manufacture: GenuineIntel
    typestring: Intel(R) Xeon(R) Platinum 8559C
    iCoresPerPackage: 48
    iThreadsPerPackage: 2
    featuresEx:
      - 529267711
      - 4294619651
      - 739248128
    bHybrid: false
    nPCore: 0
    nLogicalsPerPCore: 0
    nECore: 0
    nLogicalsPerECore: 0
  MemModuleInfo:
    iNumMemSticks: 1
    DIMM 1:
      manufacturer: Not Specified
      modulePartNo: Not Specified
      memType: DDR5
      size: 1
      clkspeed: 2800
      moduleVoltage: 0
Checksum: F040FE5C860D614D4F0A6C58A43B2678E2309238