---
system-info:
      stress-ng-version: 0.17.08
      run-by: root
      date-yyyy-mm-dd: 2024:06:07
      time-hh-mm-ss: 14:56:32
      epoch-secs: 1717772192
      hostname: 74c2a1f3c22f
      sysname: Linux
      nodename: 74c2a1f3c22f
      release: 6.8.0-1008-aws
      version: '#8-Ubuntu SMP Sat Apr 20 02:43:14 UTC 2024'
      machine: aarch64
      compiler: 'musl-gcc 13.2.1'
      uptime: 137
      totalram: 265454907392
      freeram: 260561920000
      sharedram: 35311616
      bufferram: 90832896
      totalswap: 0
      freeswap: 0
      pagesize: 4096
      cpus: 64
      cpus-online: 64
      ticks-per-second: 100

metrics:
    - stressor: cpu
      bogo-ops: 188139
      bogo-ops-per-second-usr-sys-time: 292.478423
      bogo-ops-per-second-real-time: 18707.164745
      wall-clock-time: 10.057056
      user-time: 643.182739
      system-time: 0.074968
      cpu-usage-per-instance: 99.938808
      max-rss: 3584

...
