---
system-info:
      stress-ng-version: 0.17.08
      run-by: root
      date-yyyy-mm-dd: 2024:06:14
      time-hh-mm-ss: 13:57:37
      epoch-secs: 1718373457
      hostname: f8a714cf89e5
      sysname: Linux
      nodename: f8a714cf89e5
      release: 6.8.0-1008-aws
      version: '#8-Ubuntu SMP Sat Apr 20 02:43:14 UTC 2024'
      machine: aarch64
      compiler: 'musl-gcc 13.2.1'
      uptime: 176
      totalram: 265454903296
      freeram: 260531474432
      sharedram: 35303424
      bufferram: 107417600
      totalswap: 0
      freeswap: 0
      pagesize: 4096
      cpus: 64
      cpus-online: 64
      ticks-per-second: 100

metrics:
    - stressor: cpu
      bogo-ops: 1940905
      bogo-ops-per-second-usr-sys-time: 1516.874686
      bogo-ops-per-second-real-time: 97044.877670
      wall-clock-time: 20.000077
      user-time: 1279.511108
      system-time: 0.030978
      cpu-usage-per-instance: 99.963842
      max-rss: 512

...
