---
system-info:
      stress-ng-version: 0.17.08
      run-by: root
      date-yyyy-mm-dd: 2024:09:20
      time-hh-mm-ss: 16:13:35
      epoch-secs: 1726848815
      hostname: sc-runner
      sysname: Linux
      nodename: sc-runner
      release: 6.8.0-1014-azure
      version: '#16-Ubuntu SMP Thu Aug 15 20:04:41 UTC 2024'
      machine: x86_64
      compiler: 'musl-gcc 13.2.1'
      uptime: 338
      totalram: 33650917376
      freeram: 23348596736
      sharedram: 38162432
      bufferram: 253849600
      totalswap: 0
      freeswap: 0
      pagesize: 4096
      cpus: 8
      cpus-online: 8
      ticks-per-second: 100

metrics:
    - stressor: cpu
      bogo-ops: 216279
      bogo-ops-per-second-usr-sys-time: 1356.192604
      bogo-ops-per-second-real-time: 10813.924137
      wall-clock-time: 20.000048
      user-time: 159.437155
      system-time: 0.037981
      cpu-usage-per-instance: 99.671722
      max-rss: 1104

...
