BaselineInfo:
  WebDBID: -1
  TimeStamp: 20241110151850
Version:
  Major: 11
  Minor: 0
  Build: 1002
  SpecialBuildName: ""
  ptArchitecture: x86_64_linux
Results:
  Results Complete: true
  NumTestProcesses: 192
  CPU_INTEGER_MATH: 811509.71766666672
  CPU_FLOATINGPOINT_MATH: 577438.43210310978
  CPU_PRIME: 961.70622812679733
  CPU_SORTING: 345374.42778136861
  CPU_ENCRYPTION: 177000.290824091
  CPU_COMPRESSION: 2866219.2909649871
  CPU_SINGLETHREAD: 3020.1984104106732
  CPU_PHYSICS: 14788.946466414249
  CPU_MATRIX_MULT_SSE: 189437.85529019474
  CPU_mm: 22147.52651123593
  CPU_sse: 86397.279130644238
  CPU_fma: 212731.17108518427
  CPU_avx: 174726.44532078438
  CPU_avx512: 283896.52562416601
  m_CPU_enc_SHA: 189109305829.68207
  m_CPU_enc_AES: 243857083206.63913
  m_CPU_enc_ECDSA: 123828381817.16493
  ME_ALLOC_S: 32514.000677759261
  ME_READ_S: 26081.347460937501
  ME_READ_L: 9273.470703125
  ME_WRITE: 8249.1337890625
  ME_LARGE: 747014
  ME_LATENCY: 78.862721712180544
  ME_THREADED: 477926.68444824219
  SUMM_CPU: 123573.36664249713
  SUMM_ME: 2180.3646779178871
SystemInformation:
  OSName: Ubuntu 24.04.1 LTS
  Kernel: 6.8.0-1016-aws
  Device: ""
  Processor: Intel Xeon Platinum 8488C
  NumSockets: 2
  Manufacturer: GenuineIntel
  NumCores: 96
  NumLogicals: 192
  CPUFrequency: 0
  Memory: 761801
  MemModuleInfo:
    iNumMemSticks: 2
    DIMM 1:
      manufacturer: Not Specified
      modulePartNo: Not Specified
      memType: DDR5
      size: 384
      clkspeed: 2400
      moduleVoltage: 0
    DIMM 2:
      manufacturer: Not Specified
      modulePartNo: Not Specified
      memType: DDR5
      size: 384
      clkspeed: 2400
      moduleVoltage: 0
Checksum: 00C45105AF1F816EDA22B14649472FFDAC88B1E7