BaselineInfo:
  WebDBID: -1
  TimeStamp: 20260622011419
Version:
  Major: 11
  Minor: 0
  Build: 1004
  SpecialBuildName: ""
  ptArchitecture: x86_64_linux
Results:
  Results Complete: true
  NumTestProcesses: 128
  CPU_INTEGER_MATH: 604673.72466666659
  CPU_FLOATINGPOINT_MATH: 437900.61267008848
  CPU_PRIME: 1032.1733928993242
  CPU_SORTING: 303441.31501490239
  CPU_ENCRYPTION: 132507.91083945372
  CPU_COMPRESSION: 2318178.6916889204
  CPU_SINGLETHREAD: 3534.3279372977786
  CPU_PHYSICS: 18284.501276809722
  CPU_MATRIX_MULT_SSE: 158675.30628400022
  CPU_mm: 17050.562804666519
  CPU_sse: 73255.502932411022
  CPU_fma: 190799.29431002054
  CPU_avx: 146916.62925656867
  CPU_avx512: 223729.79863700044
  m_CPU_enc_SHA: 140492192106.72256
  m_CPU_enc_AES: 183798864659.24011
  m_CPU_enc_ECDSA: 92542788583.210495
  ME_ALLOC_S: 32126.719344095982
  ME_READ_S: 30879.500390624999
  ME_READ_L: 23368.06640625
  ME_WRITE: 8460.66796875
  ME_LARGE: 1019392.8333333334
  ME_LATENCY: 74.17888948338333
  ME_THREADED: 572946.36401367188
  SUMM_CPU: 122576.44614720934
  SUMM_ME: 2647.4893719230276
SystemInformation:
  OSName: Ubuntu 24.04.4 LTS
  Kernel: 6.17.0-1018-azure
  Device: ""
  Processor: Intel(R) Xeon(R) 6973P-C
  NumSockets: 1
  Manufacturer: GenuineIntel
  NumCores: 64
  NumLogicals: 128
  CPUFrequency: 2600
  CPUMaxFrequency: 2600
  Memory: 1032030
  CPUInfo:
    number: 1
    Family: 6
    Model: 13
    stepping: 1
    features: 529267711
    manufacture: GenuineIntel
    typestring: Intel(R) Xeon(R) 6973P-C
    iCoresPerPackage: 64
    iThreadsPerPackage: 2
    featuresEx:
      - 529267711
      - 4294586915
      - 739248128
    bHybrid: false
    nPCore: 0
    nLogicalsPerPCore: 0
    nECore: 0
    nLogicalsPerECore: 0
  MemModuleInfo:
    iNumMemSticks: 6
    DIMM 1:
      manufacturer: Microsoft Corporation
      modulePartNo: None
      memType: Unknown
      size: 1
      clkspeed: 0
      moduleVoltage: 0
    DIMM 2:
      manufacturer: Microsoft Corporation
      modulePartNo: None
      memType: Unknown
      size: 59
      clkspeed: 0
      moduleVoltage: 0
    DIMM 3:
      manufacturer: Microsoft Corporation
      modulePartNo: None
      memType: Unknown
      size: 196
      clkspeed: 0
      moduleVoltage: 0
    DIMM 4:
      manufacturer: Microsoft Corporation
      modulePartNo: None
      memType: Unknown
      size: 256
      clkspeed: 0
      moduleVoltage: 0
    DIMM 5:
      manufacturer: Microsoft Corporation
      modulePartNo: None
      memType: Unknown
      size: 256
      clkspeed: 0
      moduleVoltage: 0
    DIMM 6:
      manufacturer: Microsoft Corporation
      modulePartNo: None
      memType: Unknown
      size: 256
      clkspeed: 0
      moduleVoltage: 0
Checksum: C8DF28935777336F2992EFCB2BB52666254FAF13