---
system-info:
      stress-ng-version: 0.17.08
      run-by: root
      date-yyyy-mm-dd: 2024:06:07
      time-hh-mm-ss: 15:20:43
      epoch-secs: 1717773643
      hostname: b86d9fe134a8
      sysname: Linux
      nodename: b86d9fe134a8
      release: 6.8.0-31-generic
      version: '#31-Ubuntu SMP PREEMPT_DYNAMIC Sat Apr 20 00:40:06 UTC 2024'
      machine: x86_64
      compiler: 'musl-gcc 13.2.1'
      uptime: 309
      totalram: 2013437952
      freeram: 88764416
      sharedram: 18001920
      bufferram: 83419136
      totalswap: 0
      freeswap: 0
      pagesize: 4096
      cpus: 1
      cpus-online: 1
      ticks-per-second: 100

metrics:
    - stressor: cpu
      bogo-ops: 11491
      bogo-ops-per-second-usr-sys-time: 1185.903936
      bogo-ops-per-second-real-time: 1148.739600
      wall-clock-time: 10.003137
      user-time: 9.684704
      system-time: 0.004951
      cpu-usage-per-instance: 96.866160
      max-rss: 4048

...
