---
system-info:
      stress-ng-version: 0.17.08
      run-by: root
      date-yyyy-mm-dd: 2024:06:14
      time-hh-mm-ss: 21:39:07
      epoch-secs: 1718401147
      hostname: b1014ef4437c
      sysname: Linux
      nodename: b1014ef4437c
      release: 6.8.0-31-generic
      version: '#31-Ubuntu SMP PREEMPT_DYNAMIC Sat Apr 20 00:40:06 UTC 2024'
      machine: x86_64
      compiler: 'musl-gcc 13.2.1'
      uptime: 133
      totalram: 2013437952
      freeram: 226492416
      sharedram: 17965056
      bufferram: 94359552
      totalswap: 0
      freeswap: 0
      pagesize: 4096
      cpus: 1
      cpus-online: 1
      ticks-per-second: 100

metrics:
    - stressor: cpu
      bogo-ops: 19770
      bogo-ops-per-second-usr-sys-time: 1020.520620
      bogo-ops-per-second-real-time: 988.484233
      wall-clock-time: 20.000319
      user-time: 19.360557
      system-time: 0.011908
      cpu-usage-per-instance: 96.860780
      max-rss: 1104

...
