BaselineInfo:
  WebDBID: -1
  TimeStamp: 20260619102853
Version:
  Major: 11
  Minor: 0
  Build: 1004
  SpecialBuildName: ""
  ptArchitecture: x86_64_linux
Results:
  Results Complete: true
  NumTestProcesses: 2
  CPU_INTEGER_MATH: 8153.8293333333331
  CPU_FLOATINGPOINT_MATH: 5749.2256962977053
  CPU_PRIME: 17.325041155876796
  CPU_SORTING: 4091.6971628478377
  CPU_ENCRYPTION: 1807.8743842143463
  CPU_COMPRESSION: 30900.428037246136
  CPU_SINGLETHREAD: 2501.0255892689825
  CPU_PHYSICS: 415.82953476415429
  CPU_MATRIX_MULT_SSE: 2243.1190457024309
  CPU_mm: 227.34986581498572
  CPU_sse: 986.7761053336726
  CPU_fma: 2707.3989503707385
  CPU_avx: 2001.912634624076
  CPU_avx512: 3276.388492481236
  m_CPU_enc_SHA: 1889012088.3656912
  m_CPU_enc_AES: 2462856527.3862448
  m_CPU_enc_ECDSA: 1335212455.1538918
  ME_ALLOC_S: 1111.7939260747478
  ME_READ_S: 23246.541406249999
  ME_READ_L: 8806.978515625
  ME_WRITE: 8358.5302734375
  ME_LARGE: 7867
  ME_LATENCY: 76.610882635058303
  ME_THREADED: 12935.83349609375
  SUMM_CPU: 3198.6624262794162
  SUMM_ME: 1562.7843703771416
SystemInformation:
  OSName: Ubuntu 24.04.4 LTS
  Kernel: 6.17.0-1018-azure
  Device: ""
  Processor: INTEL(R) XEON(R) PLATINUM 8573C
  NumSockets: 1
  Manufacturer: GenuineIntel
  NumCores: 1
  NumLogicals: 2
  CPUFrequency: 2300
  CPUMaxFrequency: 2300
  Memory: 15989
  CPUInfo:
    number: 1
    Family: 6
    Model: 15
    stepping: 2
    features: 529267711
    manufacture: GenuineIntel
    typestring: INTEL(R) XEON(R) PLATINUM 8573C
    iCoresPerPackage: 1
    iThreadsPerPackage: 2
    featuresEx:
      - 529267711
      - 4294586915
      - 739248128
    bHybrid: false
    nPCore: 0
    nLogicalsPerPCore: 0
    nECore: 0
    nLogicalsPerECore: 0
  MemModuleInfo:
    iNumMemSticks: 2
    DIMM 1:
      manufacturer: Microsoft Corporation
      modulePartNo: None
      memType: Unknown
      size: 1
      clkspeed: 0
      moduleVoltage: 0
    DIMM 2:
      manufacturer: Microsoft Corporation
      modulePartNo: None
      memType: Unknown
      size: 15
      clkspeed: 0
      moduleVoltage: 0
Checksum: 5B62DF08DF11723C98D089DE3AB47A9346CC21A4