BaselineInfo:
  WebDBID: -1
  TimeStamp: 20260620163703
Version:
  Major: 11
  Minor: 0
  Build: 1004
  SpecialBuildName: ""
  ptArchitecture: x86_64_linux
Results:
  Results Complete: true
  NumTestProcesses: 32
  CPU_INTEGER_MATH: 212864.43733333331
  CPU_FLOATINGPOINT_MATH: 206050.61533117507
  CPU_PRIME: 726.77166913667679
  CPU_SORTING: 117441.89381459189
  CPU_ENCRYPTION: 43561.347235468289
  CPU_COMPRESSION: 863458.53137353191
  CPU_SINGLETHREAD: 3314.714570996076
  CPU_PHYSICS: 10283.11666640321
  CPU_MATRIX_MULT_SSE: 76178.079303633465
  CPU_mm: 9024.4250151379656
  CPU_sse: 27744.496894742311
  CPU_fma: 103489.72145882405
  CPU_avx: 56205.275872904698
  CPU_avx512: 117272.82298806279
  m_CPU_enc_SHA: 60670537630.923721
  m_CPU_enc_AES: 38375731985.306473
  m_CPU_enc_ECDSA: 37985880100.105003
  ME_ALLOC_S: 35553.536419157754
  ME_READ_S: 30173.810156250001
  ME_READ_L: 27690.07421875
  ME_WRITE: 28895.71875
  ME_LARGE: 248491.5
  ME_LATENCY: 85.608699682813082
  ME_THREADED: 279777.92822265625
  SUMM_CPU: 67717.802304504556
  SUMM_ME: 2718.9540707501028
SystemInformation:
  OSName: Ubuntu 24.04.4 LTS
  Kernel: 6.17.0-1018-azure
  Device: ""
  Processor: "AMD EPYC 9V45 96-Core Processor                "
  NumSockets: 1
  Manufacturer: AuthenticAMD
  NumCores: 32
  NumLogicals: 32
  CPUFrequency: 0
  CPUMaxFrequency: 0
  Memory: 257732
  CPUInfo:
    number: 1
    Family: 15
    Model: 2
    stepping: 1
    features: 395049983
    manufacture: AuthenticAMD
    typestring: "AMD EPYC 9V45 96-Core Processor                "
    iCoresPerPackage: 32
    iThreadsPerPackage: 1
    featuresEx:
      - 395049983
      - 4277809667
      - 802421759
    bHybrid: false
    nPCore: 0
    nLogicalsPerPCore: 0
    nECore: 0
    nLogicalsPerECore: 0
  MemModuleInfo:
    iNumMemSticks: 3
    DIMM 1:
      manufacturer: Microsoft Corporation
      modulePartNo: None
      memType: Unknown
      size: 1
      clkspeed: 0
      moduleVoltage: 0
    DIMM 2:
      manufacturer: Microsoft Corporation
      modulePartNo: None
      memType: Unknown
      size: 59
      clkspeed: 0
      moduleVoltage: 0
    DIMM 3:
      manufacturer: Microsoft Corporation
      modulePartNo: None
      memType: Unknown
      size: 196
      clkspeed: 0
      moduleVoltage: 0
Checksum: A1B2DDCD57497380B6A2ED3989A913AED7F669CB