BaselineInfo:
  WebDBID: -1
  TimeStamp: 20251008060416
Version:
  Major: 11
  Minor: 0
  Build: 1002
  SpecialBuildName: ""
  ptArchitecture: x86_64_linux
Results:
  Results Complete: true
  NumTestProcesses: 48
  CPU_INTEGER_MATH: 362854.70633333322
  CPU_FLOATINGPOINT_MATH: 364117.82747873821
  CPU_PRIME: 1270.1858650402139
  CPU_SORTING: 202327.42550144129
  CPU_ENCRYPTION: 75411.446406627103
  CPU_COMPRESSION: 1466948.534906856
  CPU_SINGLETHREAD: 3830.1548769707156
  CPU_PHYSICS: 17110.949962650502
  CPU_MATRIX_MULT_SSE: 125068.92922167601
  CPU_mm: 14908.266042306192
  CPU_sse: 46735.161176351867
  CPU_fma: 169970.5925121771
  CPU_avx: 94062.456065277744
  CPU_avx512: 189507.50713289718
  m_CPU_enc_SHA: 105012158471.64043
  m_CPU_enc_AES: 65556222348.83535
  m_CPU_enc_ECDSA: 66655517661.350464
  ME_ALLOC_S: 40882.848145874799
  ME_READ_S: 33976.192968750001
  ME_READ_L: 32498.232421875
  ME_WRITE: 32994.39453125
  ME_LARGE: 177948.83333333334
  ME_LATENCY: 83.024376076347366
  ME_THREADED: 400835.330078125
  SUMM_CPU: 102059.59218276483
  SUMM_ME: 2891.7085289155893
SystemInformation:
  OSName: Ubuntu 24.04.2 LTS
  Kernel: 6.14.0-1014-aws
  Device: ""
  Processor: AMD EPYC 9R45
  NumSockets: 1
  Manufacturer: AuthenticAMD
  NumCores: 48
  NumLogicals: 48
  CPUFrequency: 0
  Memory: 189652
  MemModuleInfo:
    iNumMemSticks: 1
    DIMM 1:
      manufacturer: Not Specified
      modulePartNo: Not Specified
      memType: DDR5
      size: 192
      clkspeed: 3200
      moduleVoltage: 0
Checksum: BDEABBD4057271778966A649370781D442DF3D04