BaselineInfo:
  WebDBID: -1
  TimeStamp: 20260206164731
Version:
  Major: 11
  Minor: 0
  Build: 1004
  SpecialBuildName: ""
  ptArchitecture: x86_64_linux
Results:
  Results Complete: true
  NumTestProcesses: 48
  CPU_INTEGER_MATH: 247690.60000000001
  CPU_FLOATINGPOINT_MATH: 179321.74331753509
  CPU_PRIME: 486.73619804602146
  CPU_SORTING: 124664.52014335377
  CPU_ENCRYPTION: 54529.99455645094
  CPU_COMPRESSION: 954092.34759574395
  CPU_SINGLETHREAD: 3264.4044620007758
  CPU_PHYSICS: 8341.1562064229802
  CPU_MATRIX_MULT_SSE: 67712.486334031011
  CPU_mm: 7200.2724230555068
  CPU_sse: 29930.230487751844
  CPU_fma: 78319.778298833713
  CPU_avx: 62129.732415836232
  CPU_avx512: 100470.2041337023
  m_CPU_enc_SHA: 57638835081.338707
  m_CPU_enc_AES: 75289264064.461365
  m_CPU_enc_ECDSA: 38608431570.275185
  ME_ALLOC_S: 24117.069778523233
  ME_READ_S: 28933.1318359375
  ME_READ_L: 17973.9765625
  ME_WRITE: 11778.7998046875
  ME_LARGE: 176695
  ME_LATENCY: 64.480274282617117
  ME_THREADED: 207266.99267578125
  SUMM_CPU: 69221.867697778638
  SUMM_ME: 2836.5891026732952
SystemInformation:
  OSName: Ubuntu 24.04.3 LTS
  Kernel: 6.14.0-1018-aws
  Device: ""
  Processor: Intel(R) Xeon(R) 6975P-C
  NumSockets: 1
  Manufacturer: GenuineIntel
  NumCores: 24
  NumLogicals: 48
  CPUFrequency: 0
  CPUMaxFrequency: 0
  Memory: 190156
  CPUInfo:
    number: 1
    Family: 6
    Model: 13
    stepping: 1
    features: 529267711
    manufacture: GenuineIntel
    typestring: Intel(R) Xeon(R) 6975P-C
    iCoresPerPackage: 24
    iThreadsPerPackage: 2
    featuresEx:
      - 529267711
      - 4294619651
      - 739248128
    bHybrid: false
    nPCore: 0
    nLogicalsPerPCore: 0
    nECore: 0
    nLogicalsPerECore: 0
  MemModuleInfo:
    iNumMemSticks: 1
    DIMM 1:
      manufacturer: Not Specified
      modulePartNo: Not Specified
      memType: DDR5
      size: 192
      clkspeed: 3600
      moduleVoltage: 0
Checksum: 8136673CE1F68A8F1F83125D0E14A4271E6F3522