---
system-info:
      stress-ng-version: 0.17.08
      run-by: root
      date-yyyy-mm-dd: 2024:09:17
      time-hh-mm-ss: 08:18:50
      epoch-secs: 1726561130
      hostname: sc-runner
      sysname: Linux
      nodename: sc-runner
      release: 6.8.0-1014-azure
      version: '#16-Ubuntu SMP Thu Aug 15 20:04:41 UTC 2024'
      machine: x86_64
      compiler: 'musl-gcc 13.2.1'
      uptime: 370
      totalram: 270438891520
      freeram: 258726723584
      sharedram: 80072704
      bufferram: 245628928
      totalswap: 0
      freeswap: 0
      pagesize: 4096
      cpus: 64
      cpus-online: 64
      ticks-per-second: 100

metrics:
    - stressor: cpu
      bogo-ops: 1191034
      bogo-ops-per-second-usr-sys-time: 930.902002
      bogo-ops-per-second-real-time: 59551.442081
      wall-clock-time: 20.000087
      user-time: 1279.371837
      system-time: 0.068960
      cpu-usage-per-instance: 99.955879
      max-rss: 3004

...
