---
system-info:
      stress-ng-version: 0.17.08
      run-by: root
      date-yyyy-mm-dd: 2024:06:06
      time-hh-mm-ss: 04:32:36
      epoch-secs: 1717648356
      hostname: f8162379fd94
      sysname: Linux
      nodename: f8162379fd94
      release: 6.8.0-1008-aws
      version: '#8-Ubuntu SMP Sat Apr 20 00:46:25 UTC 2024'
      machine: x86_64
      compiler: 'musl-gcc 13.2.1'
      uptime: 107
      totalram: 3979276288
      freeram: 171466752
      sharedram: 7426048
      bufferram: 77017088
      totalswap: 0
      freeswap: 0
      pagesize: 4096
      cpus: 2
      cpus-online: 2
      ticks-per-second: 100

metrics:
    - stressor: cpu
      bogo-ops: 26611
      bogo-ops-per-second-usr-sys-time: 1344.572819
      bogo-ops-per-second-real-time: 2660.962996
      wall-clock-time: 10.000515
      user-time: 19.784435
      system-time: 0.006981
      cpu-usage-per-instance: 98.951985
      max-rss: 3920

...
