---
system-info:
      stress-ng-version: 0.17.08
      run-by: root
      date-yyyy-mm-dd: 2024:06:14
      time-hh-mm-ss: 04:23:27
      epoch-secs: 1718339007
      hostname: a6ddb594cb0c
      sysname: Linux
      nodename: a6ddb594cb0c
      release: 6.8.0-1008-aws
      version: '#8-Ubuntu SMP Sat Apr 20 00:46:25 UTC 2024'
      machine: x86_64
      compiler: 'musl-gcc 13.2.1'
      uptime: 121
      totalram: 3979276288
      freeram: 167960576
      sharedram: 7426048
      bufferram: 99618816
      totalswap: 0
      freeswap: 0
      pagesize: 4096
      cpus: 2
      cpus-online: 2
      ticks-per-second: 100

metrics:
    - stressor: cpu
      bogo-ops: 59691
      bogo-ops-per-second-usr-sys-time: 1504.246546
      bogo-ops-per-second-real-time: 2984.538668
      wall-clock-time: 20.000076
      user-time: 39.680662
      system-time: 0.000998
      cpu-usage-per-instance: 99.203773
      max-rss: 1104

...
