---
system-info:
      stress-ng-version: 0.17.08
      run-by: root
      date-yyyy-mm-dd: 2024:09:03
      time-hh-mm-ss: 09:21:24
      epoch-secs: 1725355284
      hostname: sc-runner
      sysname: Linux
      nodename: sc-runner
      release: 6.8.0-1013-azure
      version: '#15-Ubuntu SMP Thu Aug  8 18:40:40 UTC 2024'
      machine: x86_64
      compiler: 'musl-gcc 13.2.1'
      uptime: 362
      totalram: 16766074880
      freeram: 8261283840
      sharedram: 21356544
      bufferram: 216571904
      totalswap: 0
      freeswap: 0
      pagesize: 4096
      cpus: 4
      cpus-online: 4
      ticks-per-second: 100

metrics:
    - stressor: cpu
      bogo-ops: 150497
      bogo-ops-per-second-usr-sys-time: 1888.054337
      bogo-ops-per-second-real-time: 7524.833517
      wall-clock-time: 20.000044
      user-time: 79.682921
      system-time: 0.027179
      cpu-usage-per-instance: 99.637407
      max-rss: 3152

...
