---
system-info:
      stress-ng-version: 0.17.08
      run-by: root
      date-yyyy-mm-dd: 2024:09:16
      time-hh-mm-ss: 20:19:14
      epoch-secs: 1726517954
      hostname: sc-runner
      sysname: Linux
      nodename: sc-runner
      release: 6.8.0-1014-azure
      version: '#16-Ubuntu SMP Thu Aug 15 20:04:41 UTC 2024'
      machine: x86_64
      compiler: 'musl-gcc 13.2.1'
      uptime: 347
      totalram: 58965614592
      freeram: 48575328256
      sharedram: 57159680
      bufferram: 259710976
      totalswap: 0
      freeswap: 0
      pagesize: 4096
      cpus: 16
      cpus-online: 16
      ticks-per-second: 100

metrics:
    - stressor: cpu
      bogo-ops: 21184
      bogo-ops-per-second-usr-sys-time: 1059.207097
      bogo-ops-per-second-real-time: 1059.188838
      wall-clock-time: 20.000211
      user-time: 19.998865
      system-time: 0.001001
      cpu-usage-per-instance: 99.998276
      max-rss: 3152

...
