---
system-info:
      stress-ng-version: 0.17.08
      run-by: root
      date-yyyy-mm-dd: 2024:09:06
      time-hh-mm-ss: 05:31:54
      epoch-secs: 1725600714
      hostname: sc-runner
      sysname: Linux
      nodename: sc-runner
      release: 6.8.0-1013-azure
      version: '#15-Ubuntu SMP Thu Aug  8 18:40:40 UTC 2024'
      machine: x86_64
      compiler: 'musl-gcc 13.2.1'
      uptime: 379
      totalram: 58965614592
      freeram: 50156683264
      sharedram: 42213376
      bufferram: 247975936
      totalswap: 0
      freeswap: 0
      pagesize: 4096
      cpus: 16
      cpus-online: 16
      ticks-per-second: 100

metrics:
    - stressor: cpu
      bogo-ops: 20479
      bogo-ops-per-second-usr-sys-time: 1023.998435
      bogo-ops-per-second-real-time: 1023.941529
      wall-clock-time: 20.000165
      user-time: 19.998053
      system-time: 0.001001
      cpu-usage-per-instance: 99.994443
      max-rss: 3152

...
