BaselineInfo:
  WebDBID: -1
  TimeStamp: 20260620031425
Version:
  Major: 11
  Minor: 0
  Build: 1004
  SpecialBuildName: ""
  ptArchitecture: x86_64_linux
Results:
  Results Complete: true
  NumTestProcesses: 16
  CPU_INTEGER_MATH: 76079.411000000007
  CPU_FLOATINGPOINT_MATH: 53786.424457369816
  CPU_PRIME: 153.6461040753988
  CPU_SORTING: 38001.194917159526
  CPU_ENCRYPTION: 16795.73114490513
  CPU_COMPRESSION: 275948.67203523911
  CPU_SINGLETHREAD: 2914.2755757826276
  CPU_PHYSICS: 3668.8634186049126
  CPU_MATRIX_MULT_SSE: 22530.641844748166
  CPU_mm: 2150.3323699542075
  CPU_sse: 9258.9631164006787
  CPU_fma: 24624.477583756685
  CPU_avx: 18550.818349680325
  CPU_avx512: 37688.308329154985
  m_CPU_enc_SHA: 17694619095.751629
  m_CPU_enc_AES: 23003467053.912266
  m_CPU_enc_ECDSA: 12136715593.336239
  ME_ALLOC_S: 9400.5432445774404
  ME_READ_S: 26321.508007812499
  ME_READ_L: 9824.705078125
  ME_WRITE: 8936.7421875
  ME_LARGE: 55758.416666666664
  ME_LATENCY: 69.165383605196226
  ME_THREADED: 115103.47119140625
  SUMM_CPU: 26468.233574830821
  SUMM_ME: 2289.4653171874129
SystemInformation:
  OSName: Ubuntu 24.04.4 LTS
  Kernel: 6.17.0-1018-azure
  Device: ""
  Processor: INTEL(R) XEON(R) PLATINUM 8573C
  NumSockets: 1
  Manufacturer: GenuineIntel
  NumCores: 8
  NumLogicals: 16
  CPUFrequency: 2300
  CPUMaxFrequency: 2300
  Memory: 64296
  CPUInfo:
    number: 1
    Family: 6
    Model: 15
    stepping: 2
    features: 529267711
    manufacture: GenuineIntel
    typestring: INTEL(R) XEON(R) PLATINUM 8573C
    iCoresPerPackage: 8
    iThreadsPerPackage: 2
    featuresEx:
      - 529267711
      - 4294586915
      - 739248128
    bHybrid: false
    nPCore: 0
    nLogicalsPerPCore: 0
    nECore: 0
    nLogicalsPerECore: 0
  MemModuleInfo:
    iNumMemSticks: 3
    DIMM 1:
      manufacturer: Microsoft Corporation
      modulePartNo: None
      memType: Unknown
      size: 1
      clkspeed: 0
      moduleVoltage: 0
    DIMM 2:
      manufacturer: Microsoft Corporation
      modulePartNo: None
      memType: Unknown
      size: 59
      clkspeed: 0
      moduleVoltage: 0
    DIMM 3:
      manufacturer: Microsoft Corporation
      modulePartNo: None
      memType: Unknown
      size: 4
      clkspeed: 0
      moduleVoltage: 0
Checksum: C3A3B5D692624749A9AEC807CBD504FF8E53D5F4