---
system-info:
      stress-ng-version: 0.17.08
      run-by: root
      date-yyyy-mm-dd: 2024:09:17
      time-hh-mm-ss: 22:45:09
      epoch-secs: 1726613109
      hostname: sc-runner
      sysname: Linux
      nodename: sc-runner
      release: 6.8.0-1014-azure
      version: '#16-Ubuntu SMP Thu Aug 15 20:04:41 UTC 2024'
      machine: x86_64
      compiler: 'musl-gcc 13.2.1'
      uptime: 584
      totalram: 473388249088
      freeram: 461396635648
      sharedram: 88829952
      bufferram: 460963840
      totalswap: 0
      freeswap: 0
      pagesize: 4096
      cpus: 32
      cpus-online: 32
      ticks-per-second: 100

metrics:
    - stressor: cpu
      bogo-ops: 412376
      bogo-ops-per-second-usr-sys-time: 644.900681
      bogo-ops-per-second-real-time: 20618.628244
      wall-clock-time: 20.000167
      user-time: 639.346139
      system-time: 0.094960
      cpu-usage-per-instance: 99.911839
      max-rss: 776

...
