---
system-info:
      stress-ng-version: 0.17.08
      run-by: root
      date-yyyy-mm-dd: 2024:09:17
      time-hh-mm-ss: 08:54:10
      epoch-secs: 1726563250
      hostname: sc-runner
      sysname: Linux
      nodename: sc-runner
      release: 6.8.0-1014-azure
      version: '#16-Ubuntu SMP Thu Aug 15 20:04:41 UTC 2024'
      machine: x86_64
      compiler: 'musl-gcc 13.2.1'
      uptime: 318
      totalram: 270437859328
      freeram: 258423230464
      sharedram: 105488384
      bufferram: 248496128
      totalswap: 0
      freeswap: 0
      pagesize: 4096
      cpus: 64
      cpus-online: 64
      ticks-per-second: 100

metrics:
    - stressor: cpu
      bogo-ops: 37994
      bogo-ops-per-second-usr-sys-time: 1899.693921
      bogo-ops-per-second-real-time: 1899.697939
      wall-clock-time: 20.000022
      user-time: 19.999065
      system-time: 0.000999
      cpu-usage-per-instance: 100.000212
      max-rss: 2560

...
