---
system-info:
      stress-ng-version: 0.17.08
      run-by: root
      date-yyyy-mm-dd: 2024:06:10
      time-hh-mm-ss: 04:28:09
      epoch-secs: 1717993689
      hostname: c214da3aee38
      sysname: Linux
      nodename: c214da3aee38
      release: 6.8.0-1008-aws
      version: '#8-Ubuntu SMP Sat Apr 20 00:46:25 UTC 2024'
      machine: x86_64
      compiler: 'musl-gcc 13.2.1'
      uptime: 243
      totalram: 476258304
      freeram: 8962048
      sharedram: 48488448
      bufferram: 1101824
      totalswap: 0
      freeswap: 0
      pagesize: 4096
      cpus: 1
      cpus-online: 1
      ticks-per-second: 100

metrics:
    - stressor: cpu
      bogo-ops: 11007
      bogo-ops-per-second-usr-sys-time: 1126.867901
      bogo-ops-per-second-real-time: 1100.150437
      wall-clock-time: 10.004995
      user-time: 9.764806
      system-time: 0.002976
      cpu-usage-per-instance: 97.629051
      max-rss: 3792

...
