---
system-info:
      stress-ng-version: 0.17.08
      run-by: root
      date-yyyy-mm-dd: 2024:06:16
      time-hh-mm-ss: 06:44:48
      epoch-secs: 1718520288
      hostname: bd5dac5d3a5c
      sysname: Linux
      nodename: bd5dac5d3a5c
      release: 6.8.0-1008-aws
      version: '#8-Ubuntu SMP Sat Apr 20 00:46:25 UTC 2024'
      machine: x86_64
      compiler: 'musl-gcc 13.2.1'
      uptime: 196
      totalram: 476266496
      freeram: 10371072
      sharedram: 32751616
      bufferram: 1880064
      totalswap: 0
      freeswap: 0
      pagesize: 4096
      cpus: 1
      cpus-online: 1
      ticks-per-second: 100

metrics:
    - stressor: cpu
      bogo-ops: 14464
      bogo-ops-per-second-usr-sys-time: 738.312444
      bogo-ops-per-second-real-time: 723.193957
      wall-clock-time: 20.000167
      user-time: 19.586656
      system-time: 0.003966
      cpu-usage-per-instance: 97.952291
      max-rss: 976

...
