---
system-info:
      stress-ng-version: 0.17.08
      run-by: root
      date-yyyy-mm-dd: 2024:06:06
      time-hh-mm-ss: 22:20:18
      epoch-secs: 1717712418
      hostname: 754e0767957a
      sysname: Linux
      nodename: 754e0767957a
      release: 6.8.0-1008-aws
      version: '#8-Ubuntu SMP Sat Apr 20 00:46:25 UTC 2024'
      machine: x86_64
      compiler: 'musl-gcc 13.2.1'
      uptime: 133
      totalram: 128729669632
      freeram: 124414255104
      sharedram: 48570368
      bufferram: 86921216
      totalswap: 0
      freeswap: 0
      pagesize: 4096
      cpus: 8
      cpus-online: 8
      ticks-per-second: 100

metrics:
    - stressor: cpu
      bogo-ops: 65433
      bogo-ops-per-second-usr-sys-time: 820.308467
      bogo-ops-per-second-real-time: 6540.996587
      wall-clock-time: 10.003522
      user-time: 79.746352
      system-time: 0.019983
      cpu-usage-per-instance: 99.672819
      max-rss: 3792

...
