---
system-info:
      stress-ng-version: 0.17.08
      run-by: root
      date-yyyy-mm-dd: 2024:06:16
      time-hh-mm-ss: 09:42:20
      epoch-secs: 1718530940
      hostname: 9438bae6fd22
      sysname: Linux
      nodename: 9438bae6fd22
      release: 6.8.0-1008-aws
      version: '#8-Ubuntu SMP Sat Apr 20 00:46:25 UTC 2024'
      machine: x86_64
      compiler: 'musl-gcc 13.2.1'
      uptime: 143
      totalram: 128729657344
      freeram: 124229623808
      sharedram: 48570368
      bufferram: 109785088
      totalswap: 0
      freeswap: 0
      pagesize: 4096
      cpus: 8
      cpus-online: 8
      ticks-per-second: 100

metrics:
    - stressor: cpu
      bogo-ops: 82991
      bogo-ops-per-second-usr-sys-time: 520.289452
      bogo-ops-per-second-real-time: 4149.514360
      wall-clock-time: 20.000172
      user-time: 159.498298
      system-time: 0.010990
      cpu-usage-per-instance: 99.692449
      max-rss: 1104

...
