---
system-info:
      stress-ng-version: 0.17.08
      run-by: root
      date-yyyy-mm-dd: 2024:06:12
      time-hh-mm-ss: 18:36:02
      epoch-secs: 1718217362
      hostname: cd47beb2743e
      sysname: Linux
      nodename: cd47beb2743e
      release: 6.8.0-1008-aws
      version: '#8-Ubuntu SMP Sat Apr 20 00:46:25 UTC 2024'
      machine: x86_64
      compiler: 'musl-gcc 13.2.1'
      uptime: 134
      totalram: 32908677120
      freeram: 28475478016
      sharedram: 40841216
      bufferram: 111452160
      totalswap: 0
      freeswap: 0
      pagesize: 4096
      cpus: 16
      cpus-online: 16
      ticks-per-second: 100

metrics:
    - stressor: cpu
      bogo-ops: 314205
      bogo-ops-per-second-usr-sys-time: 983.233085
      bogo-ops-per-second-real-time: 15710.176621
      wall-clock-time: 20.000093
      user-time: 319.538098
      system-time: 0.024989
      cpu-usage-per-instance: 99.862998
      max-rss: 1104

...
