---
system-info:
      stress-ng-version: 0.17.08
      run-by: root
      date-yyyy-mm-dd: 2024:06:05
      time-hh-mm-ss: 15:15:01
      epoch-secs: 1717600501
      hostname: e0a2aacb2d79
      sysname: Linux
      nodename: e0a2aacb2d79
      release: 6.8.0-1008-aws
      version: '#8-Ubuntu SMP Sat Apr 20 00:46:25 UTC 2024'
      machine: x86_64
      compiler: 'musl-gcc 13.2.1'
      uptime: 130
      totalram: 32908689408
      freeram: 28772241408
      sharedram: 40841216
      bufferram: 77660160
      totalswap: 0
      freeswap: 0
      pagesize: 4096
      cpus: 16
      cpus-online: 16
      ticks-per-second: 100

metrics:
    - stressor: cpu
      bogo-ops: 184659
      bogo-ops-per-second-usr-sys-time: 1155.678135
      bogo-ops-per-second-real-time: 18463.352201
      wall-clock-time: 10.001380
      user-time: 159.750122
      system-time: 0.033986
      cpu-usage-per-instance: 99.851289
      max-rss: 4048

...
