---
system-info:
      stress-ng-version: 0.17.08
      run-by: root
      date-yyyy-mm-dd: 2024:06:12
      time-hh-mm-ss: 15:21:12
      epoch-secs: 1718205672
      hostname: d7321a8bc8f6
      sysname: Linux
      nodename: d7321a8bc8f6
      release: 6.8.0-1008-aws
      version: '#8-Ubuntu SMP Sat Apr 20 00:46:25 UTC 2024'
      machine: x86_64
      compiler: 'musl-gcc 13.2.1'
      uptime: 143
      totalram: 32908668928
      freeram: 28474376192
      sharedram: 40841216
      bufferram: 110821376
      totalswap: 0
      freeswap: 0
      pagesize: 4096
      cpus: 16
      cpus-online: 16
      ticks-per-second: 100

metrics:
    - stressor: cpu
      bogo-ops: 278160
      bogo-ops-per-second-usr-sys-time: 870.184061
      bogo-ops-per-second-real-time: 13907.986840
      wall-clock-time: 20.000019
      user-time: 319.638518
      system-time: 0.017992
      cpu-usage-per-instance: 99.892565
      max-rss: 1104

...
