---
system-info:
      stress-ng-version: 0.17.08
      run-by: root
      date-yyyy-mm-dd: 2024:06:14
      time-hh-mm-ss: 20:21:45
      epoch-secs: 1718396505
      hostname: 08e20720ded2
      sysname: Linux
      nodename: 08e20720ded2
      release: 6.8.0-1008-aws
      version: '#8-Ubuntu SMP Sat Apr 20 00:46:25 UTC 2024'
      machine: x86_64
      compiler: 'musl-gcc 13.2.1'
      uptime: 154
      totalram: 66681204736
      freeram: 62189678592
      sharedram: 40771584
      bufferram: 110059520
      totalswap: 0
      freeswap: 0
      pagesize: 4096
      cpus: 16
      cpus-online: 16
      ticks-per-second: 100

metrics:
    - stressor: cpu
      bogo-ops: 25672
      bogo-ops-per-second-usr-sys-time: 1283.611553
      bogo-ops-per-second-real-time: 1283.594614
      wall-clock-time: 20.000084
      user-time: 19.999820
      system-time: 0.000000
      cpu-usage-per-instance: 99.998680
      max-rss: 1104

...
