---
system-info:
      stress-ng-version: 0.17.08
      run-by: root
      date-yyyy-mm-dd: 2024:06:08
      time-hh-mm-ss: 14:18:30
      epoch-secs: 1717856310
      hostname: a2b0953bfd38
      sysname: Linux
      nodename: a2b0953bfd38
      release: 6.8.0-1008-aws
      version: '#8-Ubuntu SMP Sat Apr 20 00:46:25 UTC 2024'
      machine: x86_64
      compiler: 'musl-gcc 13.2.1'
      uptime: 127
      totalram: 66681200640
      freeram: 62159155200
      sharedram: 40771584
      bufferram: 102584320
      totalswap: 0
      freeswap: 0
      pagesize: 4096
      cpus: 16
      cpus-online: 16
      ticks-per-second: 100

metrics:
    - stressor: cpu
      bogo-ops: 13915
      bogo-ops-per-second-usr-sys-time: 1391.486642
      bogo-ops-per-second-real-time: 1391.476844
      wall-clock-time: 10.000166
      user-time: 9.998096
      system-time: 0.002000
      cpu-usage-per-instance: 99.999296
      max-rss: 3920

...
