BaselineInfo:
  WebDBID: -1
  TimeStamp: 20260404171341
Version:
  Major: 11
  Minor: 0
  Build: 1004
  SpecialBuildName: ""
  ptArchitecture: x86_64_linux
Results:
  Results Complete: true
  NumTestProcesses: 32
  CPU_INTEGER_MATH: 132931.71433333334
  CPU_FLOATINGPOINT_MATH: 72670.544057409614
  CPU_PRIME: 160.42085121015114
  CPU_SORTING: 57556.740982051146
  CPU_ENCRYPTION: 34036.493221323755
  CPU_COMPRESSION: 501636.28953620279
  CPU_SINGLETHREAD: 2383.4331566524929
  CPU_PHYSICS: 2135.145681761318
  CPU_MATRIX_MULT_SSE: 29886.25332503051
  CPU_mm: 3586.302241773782
  CPU_sse: 15109.043880263884
  CPU_fma: 41557.58371273306
  CPU_avx: 32992.132382094591
  CPU_avx512: 0
  m_CPU_enc_SHA: 49323983931.878433
  m_CPU_enc_AES: 31574044545.75959
  m_CPU_enc_ECDSA: 26171521270.490337
  ME_ALLOC_S: 10908.509208822583
  ME_READ_S: 23662.179296875001
  ME_READ_L: 17497.15234375
  ME_WRITE: 15444.5927734375
  ME_LARGE: 48125.166666666664
  ME_LATENCY: 56.662002080832657
  ME_THREADED: 47718.482421875
  SUMM_CPU: 35962.626574578768
  SUMM_ME: 2772.497181835382
SystemInformation:
  OSName: Ubuntu 24.04.4 LTS
  Kernel: 6.8.0-106-generic
  Device: ""
  Processor: "AMD EPYC 7T83 64-Core Processor                "
  NumSockets: 1
  Manufacturer: AuthenticAMD
  NumCores: 16
  NumLogicals: 32
  CPUFrequency: 0
  CPUMaxFrequency: 0
  Memory: 61878
  CPUInfo:
    number: 1
    Family: 15
    Model: 1
    stepping: 1
    features: 395049983
    manufacture: AuthenticAMD
    typestring: "AMD EPYC 7T83 64-Core Processor                "
    iCoresPerPackage: 16
    iThreadsPerPackage: 2
    featuresEx:
      - 395049983
      - 4277809667
      - 802421759
    bHybrid: false
    nPCore: 0
    nLogicalsPerPCore: 0
    nECore: 0
    nLogicalsPerECore: 0
  MemModuleInfo:
    iNumMemSticks: 4
    DIMM 1:
      manufacturer: Alibaba Cloud
      modulePartNo: Not Specified
      memType: RAM
      size: 16
      clkspeed: 0
      moduleVoltage: 0
    DIMM 2:
      manufacturer: Alibaba Cloud
      modulePartNo: Not Specified
      memType: RAM
      size: 16
      clkspeed: 0
      moduleVoltage: 0
    DIMM 3:
      manufacturer: Alibaba Cloud
      modulePartNo: Not Specified
      memType: RAM
      size: 16
      clkspeed: 0
      moduleVoltage: 0
    DIMM 4:
      manufacturer: Alibaba Cloud
      modulePartNo: Not Specified
      memType: RAM
      size: 16
      clkspeed: 0
      moduleVoltage: 0
Checksum: C303871F359FBC6295F7B361E52D9393D1FCF94B