---
system-info:
      stress-ng-version: 0.17.08
      run-by: root
      date-yyyy-mm-dd: 2024:06:09
      time-hh-mm-ss: 16:43:05
      epoch-secs: 1717951385
      hostname: 8cdc9bef7f24
      sysname: Linux
      nodename: 8cdc9bef7f24
      release: 6.8.0-1008-aws
      version: '#8-Ubuntu SMP Sat Apr 20 02:43:14 UTC 2024'
      machine: aarch64
      compiler: 'musl-gcc 13.2.1'
      uptime: 158
      totalram: 8189718528
      freeram: 3813908480
      sharedram: 35020800
      bufferram: 111505408
      totalswap: 0
      freeswap: 0
      pagesize: 4096
      cpus: 1
      cpus-online: 1
      ticks-per-second: 100

metrics:
    - stressor: cpu
      bogo-ops: 2875
      bogo-ops-per-second-usr-sys-time: 292.845902
      bogo-ops-per-second-real-time: 287.346910
      wall-clock-time: 10.005328
      user-time: 9.816459
      system-time: 0.000991
      cpu-usage-per-instance: 98.122223
      max-rss: 4136

...
