---
system-info:
      stress-ng-version: 0.17.08
      run-by: root
      date-yyyy-mm-dd: 2024:06:15
      time-hh-mm-ss: 19:18:54
      epoch-secs: 1718479134
      hostname: 0f5e298aa60f
      sysname: Linux
      nodename: 0f5e298aa60f
      release: 6.8.0-1008-aws
      version: '#8-Ubuntu SMP Sat Apr 20 02:43:14 UTC 2024'
      machine: aarch64
      compiler: 'musl-gcc 13.2.1'
      uptime: 176
      totalram: 8189718528
      freeram: 3955830784
      sharedram: 35020800
      bufferram: 111513600
      totalswap: 0
      freeswap: 0
      pagesize: 4096
      cpus: 1
      cpus-online: 1
      ticks-per-second: 100

metrics:
    - stressor: cpu
      bogo-ops: 29891
      bogo-ops-per-second-usr-sys-time: 1519.016340
      bogo-ops-per-second-real-time: 1494.544245
      wall-clock-time: 20.000077
      user-time: 19.675884
      system-time: 0.001982
      cpu-usage-per-instance: 98.388951
      max-rss: 1320

...
