---
system-info:
      stress-ng-version: 0.17.08
      run-by: root
      date-yyyy-mm-dd: 2024:07:02
      time-hh-mm-ss: 05:40:32
      epoch-secs: 1719898832
      hostname: n2-standard-16-b7841e7
      sysname: Linux
      nodename: n2-standard-16-b7841e7
      release: 6.8.0-1009-gcp
      version: '#10-Ubuntu SMP Wed Jun 12 18:52:23 UTC 2024'
      machine: x86_64
      compiler: 'musl-gcc 13.2.1'
      uptime: 170
      totalram: 67421847552
      freeram: 62087065600
      sharedram: 36048896
      bufferram: 126586880
      totalswap: 0
      freeswap: 0
      pagesize: 4096
      cpus: 16
      cpus-online: 16
      ticks-per-second: 100

metrics:
    - stressor: cpu
      bogo-ops: 28199
      bogo-ops-per-second-usr-sys-time: 1410.083605
      bogo-ops-per-second-real-time: 1409.941478
      wall-clock-time: 20.000121
      user-time: 19.998105
      system-time: 0.000000
      cpu-usage-per-instance: 99.989921
      max-rss: 1104

...
