BaselineInfo:
  WebDBID: -1
  TimeStamp: 20250212080450
Version:
  Major: 11
  Minor: 0
  Build: 1002
  SpecialBuildName: ""
  ptArchitecture: x86_64_linux
Results:
  Results Complete: true
  NumTestProcesses: 2
  CPU_INTEGER_MATH: 9523.9163333333345
  CPU_FLOATINGPOINT_MATH: 6760.6218707935168
  CPU_PRIME: 19.939942642951429
  CPU_SORTING: 4858.0829343978094
  CPU_ENCRYPTION: 2095.3034891588877
  CPU_COMPRESSION: 35536.057015010803
  CPU_SINGLETHREAD: 2889.8743267116888
  CPU_PHYSICS: 463.42621789556097
  CPU_MATRIX_MULT_SSE: 2743.6042933768222
  CPU_mm: 269.3787761222984
  CPU_sse: 1170.2751667481066
  CPU_fma: 3278.0824557560168
  CPU_avx: 2460.9173046604001
  CPU_avx512: 4065.1422463427662
  m_CPU_enc_SHA: 2220317042.7303028
  m_CPU_enc_AES: 2880668885.9046392
  m_CPU_enc_ECDSA: 1490268925.7098682
  ME_ALLOC_S: 1442.7392908072982
  ME_READ_S: 25948.051562500001
  ME_READ_L: 10073.57421875
  ME_WRITE: 9088.8671875
  ME_LARGE: 1379
  ME_LATENCY: 61.785353185089981
  ME_THREADED: 15187.3251953125
  SUMM_CPU: 3745.1704387603077
  SUMM_ME: 1352.8703141048222
SystemInformation:
  OSName: Ubuntu 24.04.1 LTS
  Kernel: 6.8.0-1021-azure
  Device: ""
  Processor: INTEL XEON PLATINUM 8573C
  NumSockets: 1
  Manufacturer: GenuineIntel
  NumCores: 1
  NumLogicals: 2
  CPUFrequency: 2300
  Memory: 7937
  MemModuleInfo:
    iNumMemSticks: 2
    DIMM 1:
      manufacturer: Microsoft Corporation
      modulePartNo: None
      memType: Unknown
      size: 1
      clkspeed: 0
      moduleVoltage: 0
    DIMM 2:
      manufacturer: Microsoft Corporation
      modulePartNo: None
      memType: Unknown
      size: 7
      clkspeed: 0
      moduleVoltage: 0
Checksum: D1A4E6077E87654C05789610ADFA585308377EDA