---
system-info:
      stress-ng-version: 0.17.08
      run-by: root
      date-yyyy-mm-dd: 2024:07:29
      time-hh-mm-ss: 11:16:24
      epoch-secs: 1722251784
      hostname: c3d-highmem-16-lssd-75195cd
      sysname: Linux
      nodename: c3d-highmem-16-lssd-75195cd
      release: 6.8.0-1011-gcp
      version: '#12-Ubuntu SMP Wed Jul 10 21:47:53 UTC 2024'
      machine: x86_64
      compiler: 'musl-gcc 13.2.1'
      uptime: 140
      totalram: 135067521024
      freeram: 129618771968
      sharedram: 35024896
      bufferram: 141967360
      totalswap: 0
      freeswap: 0
      pagesize: 4096
      cpus: 16
      cpus-online: 16
      ticks-per-second: 100

metrics:
    - stressor: cpu
      bogo-ops: 57295
      bogo-ops-per-second-usr-sys-time: 2864.787815
      bogo-ops-per-second-real-time: 2864.737125
      wall-clock-time: 20.000090
      user-time: 19.999736
      system-time: 0.000000
      cpu-usage-per-instance: 99.998231
      max-rss: 1104

...
