BaselineInfo:
  WebDBID: -1
  TimeStamp: 20260708202600
Version:
  Major: 11
  Minor: 0
  Build: 1004
  SpecialBuildName: ""
  ptArchitecture: x86_64_linux
Results:
  Results Complete: true
  NumTestProcesses: 4
  CPU_INTEGER_MATH: 29685.573333333337
  CPU_FLOATINGPOINT_MATH: 29782.463268320844
  CPU_PRIME: 111.21446255423646
  CPU_SORTING: 17612.002224616444
  CPU_ENCRYPTION: 6173.4985818560644
  CPU_COMPRESSION: 129931.49972271171
  CPU_SINGLETHREAD: 3661.8535952574343
  CPU_PHYSICS: 1804.3531298489916
  CPU_MATRIX_MULT_SSE: 11334.107505750597
  CPU_mm: 1388.6662218145409
  CPU_sse: 4242.0629961098875
  CPU_fma: 16442.874278055664
  CPU_avx: 8395.5217437362426
  CPU_avx512: 16255.971005100588
  m_CPU_enc_SHA: 8593881026.5651054
  m_CPU_enc_AES: 5395602769.2841663
  m_CPU_enc_ECDSA: 5430663551.0556412
  ME_ALLOC_S: 5211.8796036861959
  ME_READ_S: 33014.587304687499
  ME_READ_L: 28239.501953125
  ME_WRITE: 30495.974609375
  ME_LARGE: 7614.166666666667
  ME_LATENCY: 82.103135846824003
  ME_THREADED: 48265.427734375
  SUMM_CPU: 13108.684680201359
  SUMM_ME: 2378.0370511046503
SystemInformation:
  OSName: Ubuntu 24.04.4 LTS
  Kernel: 6.17.0-1018-azure
  Device: ""
  Processor: "AMD EPYC 9V45 96-Core Processor                "
  NumSockets: 1
  Manufacturer: AuthenticAMD
  NumCores: 4
  NumLogicals: 4
  CPUFrequency: 0
  CPUMaxFrequency: 0
  Memory: 15989
  CPUInfo:
    number: 1
    Family: 15
    Model: 2
    stepping: 1
    features: 395049983
    manufacture: AuthenticAMD
    typestring: "AMD EPYC 9V45 96-Core Processor                "
    iCoresPerPackage: 8
    iThreadsPerPackage: 1
    featuresEx:
      - 395049983
      - 4277809667
      - 802421759
    bHybrid: false
    nPCore: 0
    nLogicalsPerPCore: 0
    nECore: 0
    nLogicalsPerECore: 0
  MemModuleInfo:
    iNumMemSticks: 2
    DIMM 1:
      manufacturer: Microsoft Corporation
      modulePartNo: None
      memType: Unknown
      size: 1
      clkspeed: 0
      moduleVoltage: 0
    DIMM 2:
      manufacturer: Microsoft Corporation
      modulePartNo: None
      memType: Unknown
      size: 15
      clkspeed: 0
      moduleVoltage: 0
Checksum: 38DB2817C08181D45C8DF12263CE29A3007395C9