---
system-info:
      stress-ng-version: 0.17.08
      run-by: root
      date-yyyy-mm-dd: 2024:09:23
      time-hh-mm-ss: 22:57:23
      epoch-secs: 1727132243
      hostname: c4-highcpu-48-c63fa19
      sysname: Linux
      nodename: c4-highcpu-48-c63fa19
      release: 6.8.0-1014-gcp
      version: '#16-Ubuntu SMP Mon Aug 26 15:55:46 UTC 2024'
      machine: x86_64
      compiler: 'musl-gcc 13.2.1'
      uptime: 206
      totalram: 101229846528
      freeram: 90491625472
      sharedram: 274984960
      bufferram: 251727872
      totalswap: 0
      freeswap: 0
      pagesize: 4096
      cpus: 48
      cpus-online: 48
      ticks-per-second: 100

metrics:
    - stressor: cpu
      bogo-ops: 827247
      bogo-ops-per-second-usr-sys-time: 861.945031
      bogo-ops-per-second-real-time: 41362.198728
      wall-clock-time: 20.000073
      user-time: 959.719512
      system-time: 0.024985
      cpu-usage-per-instance: 99.973019
      max-rss: 1152

...
