BaselineInfo:
  WebDBID: -1
  TimeStamp: 20250630182158
Version:
  Major: 11
  Minor: 0
  Build: 1002
  SpecialBuildName: ""
  ptArchitecture: aarch64_linux
Results:
  Results Complete: true
  NumTestProcesses: 2
  CPU_INTEGER_MATH: 10392.554
  CPU_FLOATINGPOINT_MATH: 12076.837839630571
  CPU_PRIME: 34.461855044964885
  CPU_SORTING: 9187.2768097220687
  CPU_ENCRYPTION: 372.32480267509288
  CPU_COMPRESSION: 13030.359173287197
  CPU_SINGLETHREAD: 1943.511367545065
  CPU_PHYSICS: 682.06360479936086
  CPU_MATRIX_MULT_SSE: 1833.7773672168958
  CPU_mm: 226.70429822939266
  CPU_sse: 1440.3413200068408
  CPU_fma: 2227.2134144269512
  CPU_avx: 0
  CPU_avx512: 0
  m_CPU_enc_SHA: 591066980.79406297
  m_CPU_enc_AES: 213238822.60805801
  m_CPU_enc_ECDSA: 366926753.46739364
  ME_ALLOC_S: 3037.2373366553811
  ME_READ_S: 19078.011132812499
  ME_READ_L: 19687.38671875
  ME_WRITE: 21188.986328125
  ME_LARGE: 1000.5
  ME_LATENCY: 46.044177638049398
  ME_THREADED: 38602.712890625
  SUMM_CPU: 1982.4727583066219
  SUMM_ME: 1496.011612162449
SystemInformation:
  OSName: Ubuntu 24.04.2 LTS
  Kernel: 6.8.0-1030-aws
  Device: ""
  Processor: ARM Neoverse-V2 2 Core 0 MHz
  NumSockets: 1
  Manufacturer: ARM
  NumCores: 2
  NumLogicals: 2
  CPUFrequency: 0
  Memory: 3807
Checksum: 7B565CD3AE095B13540AAAC2B04A36702E35C2BA