---
system-info:
      stress-ng-version: 0.17.08
      run-by: root
      date-yyyy-mm-dd: 2024:09:03
      time-hh-mm-ss: 15:59:52
      epoch-secs: 1725379192
      hostname: sc-runner
      sysname: Linux
      nodename: sc-runner
      release: 6.8.0-1013-azure
      version: '#15-Ubuntu SMP Thu Aug  8 18:40:40 UTC 2024'
      machine: x86_64
      compiler: 'musl-gcc 13.2.1'
      uptime: 361
      totalram: 29423058944
      freeram: 20829290496
      sharedram: 54931456
      bufferram: 215638016
      totalswap: 0
      freeswap: 0
      pagesize: 4096
      cpus: 8
      cpus-online: 8
      ticks-per-second: 100

metrics:
    - stressor: cpu
      bogo-ops: 216689
      bogo-ops-per-second-usr-sys-time: 1356.763170
      bogo-ops-per-second-real-time: 10834.409526
      wall-clock-time: 20.000075
      user-time: 159.696270
      system-time: 0.013991
      cpu-usage-per-instance: 99.818540
      max-rss: 3252

...
