BaselineInfo:
  WebDBID: -1
  TimeStamp: 20251218034651
Version:
  Major: 11
  Minor: 0
  Build: 1002
  SpecialBuildName: ""
  ptArchitecture: aarch64_linux
Results:
  Results Complete: true
  NumTestProcesses: 4
  CPU_INTEGER_MATH: 20851.847999999998
  CPU_FLOATINGPOINT_MATH: 24217.664651306073
  CPU_PRIME: 69.724211445497758
  CPU_SORTING: 18541.00417818988
  CPU_ENCRYPTION: 753.67652173753856
  CPU_COMPRESSION: 26492.373865001395
  CPU_SINGLETHREAD: 1944.4386839758308
  CPU_PHYSICS: 1368.7511245012834
  CPU_MATRIX_MULT_SSE: 3673.5899916258222
  CPU_mm: 455.82322353221036
  CPU_sse: 2878.7731689026896
  CPU_fma: 4468.4068143489558
  CPU_avx: 0
  CPU_avx512: 0
  m_CPU_enc_SHA: 1189561988.9516704
  m_CPU_enc_AES: 429283245.19893765
  m_CPU_enc_ECDSA: 752016103.22177601
  ME_ALLOC_S: 6089.2463689520255
  ME_READ_S: 20142.83203125
  ME_READ_L: 20197.134765625
  ME_WRITE: 21168.2578125
  ME_LARGE: 3804.6666666666665
  ME_LATENCY: 44.804125565494076
  ME_THREADED: 77952.8359375
  SUMM_CPU: 3952.1139802578218
  SUMM_ME: 2518.865663442788
SystemInformation:
  OSName: Ubuntu 24.04.2 LTS
  Kernel: 6.14.0-1018-aws
  Device: ""
  Processor: ARM Neoverse-V2 4 Core 0 MHz
  NumSockets: 1
  Manufacturer: ARM
  NumCores: 4
  NumLogicals: 4
  CPUFrequency: 0
  Memory: 15670
Checksum: 90ED70E796A0A52600010CBA3CE5CFD431D20C89