---
system-info:
      stress-ng-version: 0.17.08
      run-by: root
      date-yyyy-mm-dd: 2024:06:13
      time-hh-mm-ss: 12:37:35
      epoch-secs: 1718282255
      hostname: 1961ebe9b3e5
      sysname: Linux
      nodename: 1961ebe9b3e5
      release: 6.8.0-1008-aws
      version: '#8-Ubuntu SMP Sat Apr 20 02:43:14 UTC 2024'
      machine: aarch64
      compiler: 'musl-gcc 13.2.1'
      uptime: 182
      totalram: 32891559936
      freeram: 28559351808
      sharedram: 34983936
      bufferram: 106188800
      totalswap: 0
      freeswap: 0
      pagesize: 4096
      cpus: 8
      cpus-online: 8
      ticks-per-second: 100

metrics:
    - stressor: cpu
      bogo-ops: 30393
      bogo-ops-per-second-usr-sys-time: 1519.632372
      bogo-ops-per-second-real-time: 1519.642120
      wall-clock-time: 20.000104
      user-time: 20.000232
      system-time: 0.000000
      cpu-usage-per-instance: 100.000641
      max-rss: 1320

...
