---
system-info:
      stress-ng-version: 0.17.08
      run-by: root
      date-yyyy-mm-dd: 2024:06:07
      time-hh-mm-ss: 21:22:07
      epoch-secs: 1717795327
      hostname: 9dbcf6e9393b
      sysname: Linux
      nodename: 9dbcf6e9393b
      release: 6.8.0-1008-aws
      version: '#8-Ubuntu SMP Sat Apr 20 02:43:14 UTC 2024'
      machine: aarch64
      compiler: 'musl-gcc 13.2.1'
      uptime: 168
      totalram: 32891568128
      freeram: 28603912192
      sharedram: 34983936
      bufferram: 92868608
      totalswap: 0
      freeswap: 0
      pagesize: 4096
      cpus: 8
      cpus-online: 8
      ticks-per-second: 100

metrics:
    - stressor: cpu
      bogo-ops: 2940
      bogo-ops-per-second-usr-sys-time: 292.781823
      bogo-ops-per-second-real-time: 292.783591
      wall-clock-time: 10.041546
      user-time: 10.040608
      system-time: 0.000999
      cpu-usage-per-instance: 100.000604
      max-rss: 4008

...
