---
system-info:
      stress-ng-version: 0.17.08
      run-by: root
      date-yyyy-mm-dd: 2024:07:09
      time-hh-mm-ss: 18:54:55
      epoch-secs: 1720551295
      hostname: ip-172-31-3-68
      sysname: Linux
      nodename: ip-172-31-3-68
      release: 6.8.0-1009-aws
      version: '#9-Ubuntu SMP Fri May 17 20:15:49 UTC 2024'
      machine: aarch64
      compiler: 'musl-gcc 13.2.1'
      uptime: 207
      totalram: 796894748672
      freeram: 790931443712
      sharedram: 39796736
      bufferram: 134946816
      totalswap: 0
      freeswap: 0
      pagesize: 4096
      cpus: 96
      cpus-online: 96
      ticks-per-second: 100

metrics:
    - stressor: cpu
      bogo-ops: 34128
      bogo-ops-per-second-usr-sys-time: 1706.352137
      bogo-ops-per-second-real-time: 1706.396399
      wall-clock-time: 20.000042
      user-time: 20.000561
      system-time: 0.000000
      cpu-usage-per-instance: 100.002594
      max-rss: 768

...
