BaselineInfo:
  WebDBID: -1
  TimeStamp: 20241109093946
Version:
  Major: 11
  Minor: 0
  Build: 1002
  SpecialBuildName: ""
  ptArchitecture: x86_64_linux
Results:
  Results Complete: true
  NumTestProcesses: 64
  CPU_INTEGER_MATH: 197457.41366666663
  CPU_FLOATINGPOINT_MATH: 106383.4006877951
  CPU_PRIME: 209.9544932127823
  CPU_SORTING: 95029.766678611195
  CPU_ENCRYPTION: 26105.766688320138
  CPU_COMPRESSION: 858424.65349851758
  CPU_SINGLETHREAD: 2010.4677433199013
  CPU_PHYSICS: 3856.0691536236031
  CPU_MATRIX_MULT_SSE: 54210.67286438743
  CPU_mm: 5615.544560086998
  CPU_sse: 20321.333748073812
  CPU_fma: 64792.700097789362
  CPU_avx: 46628.083893746974
  CPU_avx512: 85100.573717939609
  m_CPU_enc_SHA: 8704562989.7239914
  m_CPU_enc_AES: 65585431990.994904
  m_CPU_enc_ECDSA: 7831646252.197052
  ME_ALLOC_S: 20713.655039395017
  ME_READ_S: 24262.7265625
  ME_READ_L: 9868.2958984375
  ME_WRITE: 8128.86865234375
  ME_LARGE: 116915.08333333333
  ME_LATENCY: 60.282221492694894
  ME_THREADED: 113299.68005371094
  SUMM_CPU: 45171.416891681358
  SUMM_ME: 2406.2602520291985
SystemInformation:
  OSName: Ubuntu 24.04.1 LTS
  Kernel: 6.8.0-1017-azure
  Device: ""
  Processor: Intel Xeon Platinum 8272CL CPU @ 2.60GHz
  NumSockets: 2
  Manufacturer: GenuineIntel
  NumCores: 32
  NumLogicals: 64
  CPUFrequency: 0
  Memory: 128884
  MemModuleInfo:
    iNumMemSticks: 4
    DIMM 1:
      manufacturer: Microsoft Corporation
      modulePartNo: None
      memType: Unknown
      size: 1
      clkspeed: 0
      moduleVoltage: 0
    DIMM 2:
      manufacturer: Microsoft Corporation
      modulePartNo: None
      memType: Unknown
      size: 60928
      clkspeed: 0
      moduleVoltage: 0
    DIMM 3:
      manufacturer: Microsoft Corporation
      modulePartNo: None
      memType: Unknown
      size: 3584
      clkspeed: 0
      moduleVoltage: 0
    DIMM 4:
      manufacturer: Microsoft Corporation
      modulePartNo: None
      memType: Unknown
      size: 64
      clkspeed: 0
      moduleVoltage: 0
Checksum: 3F2737CD1DA1A36BC5E091058BE415E90D6A4D2B