size_kb,operation,bandwidth_mb_s,latency_ns,latency_stddev_ns,latency_samples,threads,iterations,elapsed_s
32,read,4003455.36,0,0,0,96,409165,0.306609
32,write,2337958.36,0,0,0,96,468164,0.600734
32,copy,1811219.59,0,0,0,96,303766,0.503141
32,latency,0,1.35,0.00,7,1,7,0.194548
128,read,3892557.92,0,0,0,96,125000,0.385351
128,write,2332260.91,0,0,0,96,104602,0.538201
128,copy,1975243.09,0,0,0,96,75483,0.458574
128,latency,0,3.75,0.01,7,1,7,0.625106
1024,read,1729459.77,0,0,0,96,16220,0.900351
1024,write,1454680.57,0,0,0,96,4458,0.294201
1024,copy,294315.38,0,0,0,96,4615,1.505324
1024,latency,0,6.72,0.01,7,1,7,0.598147
2048,read,535633.93,0,0,0,96,3263,1.169635
2048,write,369322.58,0,0,0,96,3401,1.768080
2048,copy,133694.41,0,0,0,96,1245,1.787958
2048,latency,0,12.57,0.06,7,1,7,0.679326
4096,read,394712.87,0,0,0,96,908,0.883356
4096,write,227887.21,0,0,0,96,1141,1.922635
4096,copy,77932.66,0,0,0,96,469,2.310918
4096,latency,0,24.78,0.01,7,1,7,0.708827
32768,read,226360.09,0,0,0,96,79,1.072132
32768,write,174261.23,0,0,0,96,88,1.551326
32768,copy,68349.73,0,0,0,96,48,2.157375
32768,latency,0,35.49,0.07,7,1,7,0.805977
65536,read,224304.57,0,0,0,96,43,1.177827
65536,write,172110.79,0,0,0,96,45,1.606407
65536,copy,67970.24,0,0,0,96,25,2.259812
65536,latency,0,36.94,0.15,7,1,7,1.675545
131072,read,222615.12,0,0,0,96,21,1.159167
131072,write,170971.19,0,0,0,96,22,1.581179
131072,copy,67866.80,0,0,0,96,12,2.172726
131072,latency,0,75.24,0.08,7,1,7,6.580299
262144,read,222043.03,0,0,0,96,10,1.106812
262144,write,169198.10,0,0,0,96,11,1.597748
262144,copy,67513.73,0,0,0,96,6,2.184089
262144,latency,0,105.38,0.05,7,1,7,18.263278
524288,read,222117.30,0,0,0,96,5,1.106442
524288,write,163482.32,0,0,0,96,5,1.503282
524288,copy,59945.45,0,0,0,48,3,1.229918
524288,latency,0,119.09,0.04,7,1,7,41.284885
