BaselineInfo:
  WebDBID: -1
  TimeStamp: 20241110075524
Version:
  Major: 11
  Minor: 0
  Build: 1002
  SpecialBuildName: ""
  ptArchitecture: x86_64_linux
Results:
  Results Complete: true
  NumTestProcesses: 96
  CPU_INTEGER_MATH: 402492.42066666659
  CPU_FLOATINGPOINT_MATH: 205760.14168301551
  CPU_PRIME: 463.18162615842186
  CPU_SORTING: 201658.02822659764
  CPU_ENCRYPTION: 87289.244683281271
  CPU_COMPRESSION: 1460335.3087097812
  CPU_SINGLETHREAD: 2367.2229109027394
  CPU_PHYSICS: 7987.2350048616327
  CPU_MATRIX_MULT_SSE: 86483.877961779115
  CPU_mm: 8673.6466972665057
  CPU_sse: 37514.111582379788
  CPU_fma: 103020.66695583044
  CPU_avx: 77360.026473272534
  CPU_avx512: 128040.70683563387
  m_CPU_enc_SHA: 88179393828.81813
  m_CPU_enc_AES: 132728162624.43077
  m_CPU_enc_ECDSA: 53680664645.800034
  ME_ALLOC_S: 29761.626847355765
  ME_READ_S: 23414.231640624999
  ME_READ_L: 11284.263671875
  ME_WRITE: 10170.802734375
  ME_LARGE: 367821.58333333331
  ME_LATENCY: 59.296482996915039
  ME_THREADED: 232552.91552734375
  SUMM_CPU: 75961.125300081054
  SUMM_ME: 2600.9326542018948
SystemInformation:
  OSName: Ubuntu 24.04.1 LTS
  Kernel: 6.8.0-1016-aws
  Device: ""
  Processor: Intel Xeon Platinum 8375C CPU @ 2.90GHz
  NumSockets: 2
  Manufacturer: GenuineIntel
  NumCores: 48
  NumLogicals: 96
  CPUFrequency: 0
  Memory: 380810
  MemModuleInfo:
    iNumMemSticks: 2
    DIMM 1:
      manufacturer: Not Specified
      modulePartNo: Not Specified
      memType: DDR4
      size: 192
      clkspeed: 1600
      moduleVoltage: 0
    DIMM 2:
      manufacturer: Not Specified
      modulePartNo: Not Specified
      memType: DDR4
      size: 192
      clkspeed: 1600
      moduleVoltage: 0
Checksum: EDCC33B8252223177C51356FD42C8F6609DD99B1