BaselineInfo:
  WebDBID: -1
  TimeStamp: 20241108113207
Version:
  Major: 11
  Minor: 0
  Build: 1002
  SpecialBuildName: ""
  ptArchitecture: x86_64_linux
Results:
  Results Complete: true
  NumTestProcesses: 8
  CPU_INTEGER_MATH: 33297.556333333334
  CPU_FLOATINGPOINT_MATH: 18371.006507004702
  CPU_PRIME: 74.872030559354329
  CPU_SORTING: 18140.28995766554
  CPU_ENCRYPTION: 8640.8824484254583
  CPU_COMPRESSION: 128773.30613133147
  CPU_SINGLETHREAD: 2395.4972934850898
  CPU_PHYSICS: 1306.6450872550213
  CPU_MATRIX_MULT_SSE: 7387.2122404139927
  CPU_mm: 899.17908754276334
  CPU_sse: 3791.9281976950706
  CPU_fma: 10422.447614430235
  CPU_avx: 7947.2609091166687
  CPU_avx512: 0
  m_CPU_enc_SHA: 12512331180.625166
  m_CPU_enc_AES: 8003243286.0357676
  m_CPU_enc_ECDSA: 6666291396.0595827
  ME_ALLOC_S: 3658.5741807598815
  ME_READ_S: 24437.34765625
  ME_READ_L: 20096.421875
  ME_WRITE: 19758.46875
  ME_LARGE: 118673
  ME_LATENCY: 62.815512602070861
  ME_THREADED: 39352.40185546875
  SUMM_CPU: 11895.862659088813
  SUMM_ME: 2670.2481165095705
SystemInformation:
  OSName: Ubuntu 24.04.1 LTS
  Kernel: 6.8.0-1017-azure
  Device: ""
  Processor: AMD EPYC 7763 64-Core Processor
  NumSockets: 1
  Manufacturer: AuthenticAMD
  NumCores: 4
  NumLogicals: 8
  CPUFrequency: 0
  Memory: 128811
  MemModuleInfo:
    iNumMemSticks: 3
    DIMM 1:
      manufacturer: Microsoft Corporation
      modulePartNo: None
      memType: Unknown
      size: 1
      clkspeed: 0
      moduleVoltage: 0
    DIMM 2:
      manufacturer: Microsoft Corporation
      modulePartNo: None
      memType: Unknown
      size: 60928
      clkspeed: 0
      moduleVoltage: 0
    DIMM 3:
      manufacturer: Microsoft Corporation
      modulePartNo: None
      memType: Unknown
      size: 69120
      clkspeed: 0
      moduleVoltage: 0
Checksum: 4C77ADC25FAEA415306B5CC04DDD15CDCDFDA4BF