---
system-info:
      stress-ng-version: 0.17.08
      run-by: root
      date-yyyy-mm-dd: 2024:06:07
      time-hh-mm-ss: 13:33:15
      epoch-secs: 1717767195
      hostname: a9a6416b0084
      sysname: Linux
      nodename: a9a6416b0084
      release: 6.8.0-1008-aws
      version: '#8-Ubuntu SMP Sat Apr 20 02:43:14 UTC 2024'
      machine: aarch64
      compiler: 'musl-gcc 13.2.1'
      uptime: 127
      totalram: 133446991872
      freeram: 129042403328
      sharedram: 34963456
      bufferram: 90214400
      totalswap: 0
      freeswap: 0
      pagesize: 4096
      cpus: 16
      cpus-online: 16
      ticks-per-second: 100

metrics:
    - stressor: cpu
      bogo-ops: 2940
      bogo-ops-per-second-usr-sys-time: 293.362553
      bogo-ops-per-second-real-time: 293.359433
      wall-clock-time: 10.021836
      user-time: 10.021729
      system-time: 0.000000
      cpu-usage-per-instance: 99.998937
      max-rss: 4008

...
