---
system-info:
      stress-ng-version: 0.17.08
      run-by: root
      date-yyyy-mm-dd: 2024:06:16
      time-hh-mm-ss: 08:57:29
      epoch-secs: 1718528249
      hostname: babb5f445085
      sysname: Linux
      nodename: babb5f445085
      release: 6.8.0-1008-aws
      version: '#8-Ubuntu SMP Sat Apr 20 02:43:14 UTC 2024'
      machine: aarch64
      compiler: 'musl-gcc 13.2.1'
      uptime: 166
      totalram: 133446991872
      freeram: 128960987136
      sharedram: 34963456
      bufferram: 110743552
      totalswap: 0
      freeswap: 0
      pagesize: 4096
      cpus: 16
      cpus-online: 16
      ticks-per-second: 100

metrics:
    - stressor: cpu
      bogo-ops: 30405
      bogo-ops-per-second-usr-sys-time: 1520.266191
      bogo-ops-per-second-real-time: 1520.243820
      wall-clock-time: 20.000081
      user-time: 19.999787
      system-time: 0.000000
      cpu-usage-per-instance: 99.998529
      max-rss: 1320

...
