BaselineInfo:
  WebDBID: -1
  TimeStamp: 20260405085303
Version:
  Major: 11
  Minor: 0
  Build: 1004
  SpecialBuildName: ""
  ptArchitecture: x86_64_linux
Results:
  Results Complete: true
  NumTestProcesses: 52
  CPU_INTEGER_MATH: 152572.37333333335
  CPU_FLOATINGPOINT_MATH: 81749.019941476465
  CPU_PRIME: 174.88868062313267
  CPU_SORTING: 85848.364416924363
  CPU_ENCRYPTION: 20508.693669805234
  CPU_COMPRESSION: 689236.65430857462
  CPU_SINGLETHREAD: 1971.3248987654772
  CPU_PHYSICS: 2476.0065592518595
  CPU_MATRIX_MULT_SSE: 41934.289079037953
  CPU_mm: 4329.0320788786648
  CPU_sse: 15344.070591121426
  CPU_fma: 50246.053571419106
  CPU_avx: 36059.607085504729
  CPU_avx512: 66087.425068106531
  m_CPU_enc_SHA: 6746348064.8819771
  m_CPU_enc_AES: 51674352756.215843
  m_CPU_enc_ECDSA: 6094071099.4312582
  ME_ALLOC_S: 17075.44350494492
  ME_READ_S: 22856.468554687501
  ME_READ_L: 9967.5576171875
  ME_WRITE: 9632.90625
  ME_LARGE: 174706.41666666666
  ME_LATENCY: 52.677303623299274
  ME_THREADED: 110536.26416015625
  SUMM_CPU: 37822.258971096504
  SUMM_ME: 2582.8205468732222
SystemInformation:
  OSName: Ubuntu 24.04.4 LTS
  Kernel: 6.8.0-106-generic
  Device: ""
  Processor: Intel(R) Xeon(R) Platinum 8269CY CPU @ 2.50GHz
  NumSockets: 1
  Manufacturer: GenuineIntel
  NumCores: 26
  NumLogicals: 52
  CPUFrequency: 0
  CPUMaxFrequency: 0
  Memory: 189661
  CPUInfo:
    number: 1
    Family: 6
    Model: 5
    stepping: 7
    features: 529267711
    manufacture: GenuineIntel
    typestring: Intel(R) Xeon(R) Platinum 8269CY CPU @ 2.50GHz
    iCoresPerPackage: 26
    iThreadsPerPackage: 2
    featuresEx:
      - 529267711
      - 4277809667
      - 739248128
    bHybrid: false
    nPCore: 0
    nLogicalsPerPCore: 0
    nECore: 0
    nLogicalsPerECore: 0
  MemModuleInfo:
    iNumMemSticks: 12
    DIMM 1:
      manufacturer: Alibaba Cloud
      modulePartNo: Not Specified
      memType: RAM
      size: 16
      clkspeed: 0
      moduleVoltage: 0
    DIMM 2:
      manufacturer: Alibaba Cloud
      modulePartNo: Not Specified
      memType: RAM
      size: 16
      clkspeed: 0
      moduleVoltage: 0
    DIMM 3:
      manufacturer: Alibaba Cloud
      modulePartNo: Not Specified
      memType: RAM
      size: 16
      clkspeed: 0
      moduleVoltage: 0
    DIMM 4:
      manufacturer: Alibaba Cloud
      modulePartNo: Not Specified
      memType: RAM
      size: 16
      clkspeed: 0
      moduleVoltage: 0
    DIMM 5:
      manufacturer: Alibaba Cloud
      modulePartNo: Not Specified
      memType: RAM
      size: 16
      clkspeed: 0
      moduleVoltage: 0
    DIMM 6:
      manufacturer: Alibaba Cloud
      modulePartNo: Not Specified
      memType: RAM
      size: 16
      clkspeed: 0
      moduleVoltage: 0
    DIMM 7:
      manufacturer: Alibaba Cloud
      modulePartNo: Not Specified
      memType: RAM
      size: 16
      clkspeed: 0
      moduleVoltage: 0
    DIMM 8:
      manufacturer: Alibaba Cloud
      modulePartNo: Not Specified
      memType: RAM
      size: 16
      clkspeed: 0
      moduleVoltage: 0
    DIMM 9:
      manufacturer: Alibaba Cloud
      modulePartNo: Not Specified
      memType: RAM
      size: 16
      clkspeed: 0
      moduleVoltage: 0
    DIMM 10:
      manufacturer: Alibaba Cloud
      modulePartNo: Not Specified
      memType: RAM
      size: 16
      clkspeed: 0
      moduleVoltage: 0
    DIMM 11:
      manufacturer: Alibaba Cloud
      modulePartNo: Not Specified
      memType: RAM
      size: 16
      clkspeed: 0
      moduleVoltage: 0
    DIMM 12:
      manufacturer: Alibaba Cloud
      modulePartNo: Not Specified
      memType: RAM
      size: 16
      clkspeed: 0
      moduleVoltage: 0
Checksum: 0793137EDB81AA9F590A0E46D33612DA6E3A5280