BaselineInfo:
  WebDBID: -1
  TimeStamp: 20241112111540
Version:
  Major: 11
  Minor: 0
  Build: 1002
  SpecialBuildName: ""
  ptArchitecture: x86_64_linux
Results:
  Results Complete: true
  NumTestProcesses: 4
  CPU_INTEGER_MATH: 11293.733333333332
  CPU_FLOATINGPOINT_MATH: 6059.519250922418
  CPU_PRIME: 25.033882221898534
  CPU_SORTING: 6060.4548705362904
  CPU_ENCRYPTION: 1557.109390152933
  CPU_COMPRESSION: 50481.005012382317
  CPU_SINGLETHREAD: 1809.1837056747111
  CPU_PHYSICS: 534.96323439345758
  CPU_MATRIX_MULT_SSE: 2983.1352476960951
  CPU_mm: 343.28032801415748
  CPU_sse: 1228.5625603689982
  CPU_fma: 3644.7724586285535
  CPU_avx: 2578.5946607222795
  CPU_avx512: 4480.6113110645492
  m_CPU_enc_SHA: 510616875.15914929
  m_CPU_enc_AES: 3931449010.0884466
  m_CPU_enc_ECDSA: 456176722.41940963
  ME_ALLOC_S: 1382.1231499413111
  ME_READ_S: 22096.891210937501
  ME_READ_L: 11335.04296875
  ME_WRITE: 10133.4453125
  ME_LARGE: 5775.25
  ME_LATENCY: 53.827544626583709
  ME_THREADED: 25287.57275390625
  SUMM_CPU: 3995.730517372227
  SUMM_ME: 1971.8188963804794
SystemInformation:
  OSName: Ubuntu 24.04.1 LTS
  Kernel: 6.8.0-1016-aws
  Device: ""
  Processor: Intel Xeon Platinum 8259CL CPU @ 2.50GHz
  NumSockets: 1
  Manufacturer: GenuineIntel
  NumCores: 2
  NumLogicals: 4
  CPUFrequency: 0
  Memory: 15788
  MemModuleInfo:
    iNumMemSticks: 1
    DIMM 1:
      manufacturer: Not Specified
      modulePartNo: Not Specified
      memType: DDR4
      size: 16
      clkspeed: 1333
      moduleVoltage: 0
Checksum: 1FC166B8719D0E23509C1024E31E5BEA3F4FD845