BaselineInfo:
  WebDBID: -1
  TimeStamp: 20250418121758
Version:
  Major: 11
  Minor: 0
  Build: 1002
  SpecialBuildName: ""
  ptArchitecture: x86_64_linux
Results:
  Results Complete: true
  NumTestProcesses: 96
  CPU_INTEGER_MATH: 420582.10833333328
  CPU_FLOATINGPOINT_MATH: 298331.20621826942
  CPU_PRIME: 890.88765073412549
  CPU_SORTING: 206849.94776554246
  CPU_ENCRYPTION: 92289.88527025636
  CPU_COMPRESSION: 1503598.4582638368
  CPU_SINGLETHREAD: 2919.3264475772344
  CPU_PHYSICS: 18367.74612995936
  CPU_MATRIX_MULT_SSE: 121844.09936586404
  CPU_mm: 11490.43651534178
  CPU_sse: 50650.453449300949
  CPU_fma: 133746.39242354853
  CPU_avx: 103395.47708308633
  CPU_avx512: 199584.07450752024
  m_CPU_enc_SHA: 97521203687.070129
  m_CPU_enc_AES: 127146988774.48763
  m_CPU_enc_ECDSA: 65650683749.875092
  ME_ALLOC_S: 35335.897734840866
  ME_READ_S: 25668.961718750001
  ME_READ_L: 10078.27734375
  ME_WRITE: 9064.564453125
  ME_LARGE: 761440.41666666663
  ME_LATENCY: 64.475862901593629
  ME_THREADED: 477414.10107421875
  SUMM_CPU: 93126.449804604403
  SUMM_ME: 2472.1021819760081
SystemInformation:
  OSName: Ubuntu 24.04.2 LTS
  Kernel: 6.8.0-1021-azure
  Device: ""
  Processor: INTEL XEON PLATINUM 8573C
  NumSockets: 2
  Manufacturer: GenuineIntel
  NumCores: 48
  NumLogicals: 96
  CPUFrequency: 2300
  Memory: 773992
  MemModuleInfo:
    iNumMemSticks: 4
    DIMM 1:
      manufacturer: Microsoft Corporation
      modulePartNo: None
      memType: Unknown
      size: 1
      clkspeed: 0
      moduleVoltage: 0
    DIMM 2:
      manufacturer: Microsoft Corporation
      modulePartNo: None
      memType: Unknown
      size: 59
      clkspeed: 0
      moduleVoltage: 0
    DIMM 3:
      manufacturer: Microsoft Corporation
      modulePartNo: None
      memType: Unknown
      size: 324
      clkspeed: 0
      moduleVoltage: 0
    DIMM 4:
      manufacturer: Microsoft Corporation
      modulePartNo: None
      memType: Unknown
      size: 384
      clkspeed: 0
      moduleVoltage: 0
Checksum: 6EA8A5C849D2E23A7DDD754E2C1362DA64FE2128