BaselineInfo:
  WebDBID: -1
  TimeStamp: 20260612210354
Version:
  Major: 11
  Minor: 0
  Build: 1004
  SpecialBuildName: ""
  ptArchitecture: x86_64_linux
Results:
  Results Complete: true
  NumTestProcesses: 16
  CPU_INTEGER_MATH: 89505.487333333323
  CPU_FLOATINGPOINT_MATH: 44907.638652855945
  CPU_PRIME: 71.033691216166687
  CPU_SORTING: 41279.006475710747
  CPU_ENCRYPTION: 17097.759549233757
  CPU_COMPRESSION: 277062.3205807904
  CPU_SINGLETHREAD: 3157.8383573517776
  CPU_PHYSICS: 1159.750957829511
  CPU_MATRIX_MULT_SSE: 14820.148096713579
  CPU_mm: 1896.609853979455
  CPU_sse: 6764.1738685693408
  CPU_fma: 17692.591927281879
  CPU_avx: 13514.633604957804
  CPU_avx512: 21309.192986045287
  m_CPU_enc_SHA: 16552105819.384081
  m_CPU_enc_AES: 27118091297.262299
  m_CPU_enc_ECDSA: 10114703834.645622
  ME_ALLOC_S: 8480.8748753108484
  ME_READ_S: 32281.763476562501
  ME_READ_L: 18786.630859375
  ME_WRITE: 15137.3994140625
  ME_LARGE: 119994.33333333333
  ME_LATENCY: 41.567310206191941
  ME_THREADED: 39968.431640625
  SUMM_CPU: 23271.221092779568
  SUMM_ME: 3390.3348430888873
SystemInformation:
  OSName: Ubuntu 24.04.4 LTS
  Kernel: 6.8.0-124-generic
  Device: ""
  Processor: Intel(R) Xeon(R) E-2388G CPU @ 3.20GHz
  NumSockets: 1
  Manufacturer: GenuineIntel
  NumCores: 8
  NumLogicals: 16
  CPUFrequency: 3200
  CPUMaxFrequency: 5100
  Memory: 128703
  CPUInfo:
    number: 1
    Family: 6
    Model: 7
    stepping: 1
    features: 3219913727
    manufacture: GenuineIntel
    typestring: Intel(R) Xeon(R) E-2388G CPU @ 3.20GHz
    iCoresPerPackage: 8
    iThreadsPerPackage: 2
    featuresEx:
      - 3219913727
      - 2147154935
      - 739248128
    bHybrid: false
    nPCore: 0
    nLogicalsPerPCore: 0
    nECore: 0
    nLogicalsPerECore: 0
  MemModuleInfo:
    iNumMemSticks: 4
    DIMM 1:
      manufacturer: Micron Technology
      modulePartNo: "18ADF4G72AZ-3G2B3   "
      memType: DDR4
      size: 32
      clkspeed: 1600
      moduleVoltage: 1.20000005
    DIMM 2:
      manufacturer: Micron Technology
      modulePartNo: "18ADF4G72AZ-3G2B3   "
      memType: DDR4
      size: 32
      clkspeed: 1600
      moduleVoltage: 1.20000005
    DIMM 3:
      manufacturer: Micron Technology
      modulePartNo: "18ADF4G72AZ-3G2B3   "
      memType: DDR4
      size: 32
      clkspeed: 1600
      moduleVoltage: 1.20000005
    DIMM 4:
      manufacturer: Micron Technology
      modulePartNo: "18ADF4G72AZ-3G2B3   "
      memType: DDR4
      size: 32
      clkspeed: 1600
      moduleVoltage: 1.20000005
Checksum: 263D47A1780278105B7B763BAD451336432CC45D