BaselineInfo:
  WebDBID: -1
  TimeStamp: 20260619183211
Version:
  Major: 11
  Minor: 0
  Build: 1004
  SpecialBuildName: ""
  ptArchitecture: x86_64_linux
Results:
  Results Complete: true
  NumTestProcesses: 8
  CPU_INTEGER_MATH: 33523.667666666668
  CPU_FLOATINGPOINT_MATH: 23640.136718975329
  CPU_PRIME: 71.15197719386498
  CPU_SORTING: 16766.679185077563
  CPU_ENCRYPTION: 7340.3292001289374
  CPU_COMPRESSION: 125601.40942449168
  CPU_SINGLETHREAD: 2636.2692025790188
  CPU_PHYSICS: 1679.1685969481352
  CPU_MATRIX_MULT_SSE: 9387.9798224562419
  CPU_mm: 927.75982725092695
  CPU_sse: 3964.7130628357522
  CPU_fma: 10591.919069213138
  CPU_avx: 7818.9226181120694
  CPU_avx512: 15176.364539664002
  m_CPU_enc_SHA: 7761917567.4018669
  m_CPU_enc_AES: 10137910988.359243
  m_CPU_enc_ECDSA: 5190850538.3020926
  ME_ALLOC_S: 4337.4008511743477
  ME_READ_S: 24266.027734374999
  ME_READ_L: 9193.28125
  ME_WRITE: 8528.91796875
  ME_LARGE: 7676.416666666667
  ME_LATENCY: 72.456965080287816
  ME_THREADED: 55196.39892578125
  SUMM_CPU: 12481.196419450009
  SUMM_ME: 1942.1107801344676
SystemInformation:
  OSName: Ubuntu 24.04.4 LTS
  Kernel: 6.17.0-1018-azure
  Device: ""
  Processor: INTEL(R) XEON(R) PLATINUM 8573C
  NumSockets: 1
  Manufacturer: GenuineIntel
  NumCores: 4
  NumLogicals: 8
  CPUFrequency: 2300
  CPUMaxFrequency: 2300
  Memory: 15987
  CPUInfo:
    number: 1
    Family: 6
    Model: 15
    stepping: 2
    features: 529267711
    manufacture: GenuineIntel
    typestring: INTEL(R) XEON(R) PLATINUM 8573C
    iCoresPerPackage: 4
    iThreadsPerPackage: 2
    featuresEx:
      - 529267711
      - 4294586915
      - 739248128
    bHybrid: false
    nPCore: 0
    nLogicalsPerPCore: 0
    nECore: 0
    nLogicalsPerECore: 0
  MemModuleInfo:
    iNumMemSticks: 2
    DIMM 1:
      manufacturer: Microsoft Corporation
      modulePartNo: None
      memType: Unknown
      size: 1
      clkspeed: 0
      moduleVoltage: 0
    DIMM 2:
      manufacturer: Microsoft Corporation
      modulePartNo: None
      memType: Unknown
      size: 15
      clkspeed: 0
      moduleVoltage: 0
Checksum: 9346D1C872DA276FED31D667A96B68EC180391DE