size_kb,operation,bandwidth_mb_s,latency_ns,latency_stddev_ns,latency_samples,threads,iterations,elapsed_s
32,read,994082.17,0,0,0,16,757575,0.381042
32,write,968353.14,0,0,0,16,623441,0.321908
32,copy,659002.69,0,0,0,16,543478,0.412349
32,latency,0,0.98,0.00,7,1,7,0.143862
128,read,994029.47,0,0,0,16,223015,0.448709
128,write,984371.76,0,0,0,16,199680,0.405700
128,copy,680296.69,0,0,0,16,134192,0.394510
128,latency,0,2.69,0.01,7,1,7,0.670689
512,read,916823.26,0,0,0,16,55469,0.484010
512,write,958020.81,0,0,0,16,53682,0.448274
512,copy,435458.53,0,0,0,16,25922,0.476224
512,latency,0,3.71,0.00,7,1,7,0.691999
1024,read,843161.69,0,0,0,16,25214,0.478466
1024,write,848993.42,0,0,0,16,25010,0.471335
1024,copy,350600.57,0,0,0,16,10708,0.488670
1024,latency,0,5.56,0.02,7,1,7,0.697250
2048,read,723047.24,0,0,0,16,11567,0.511922
2048,write,677922.08,0,0,0,16,10871,0.513145
2048,copy,136599.26,0,0,0,16,4507,1.055818
2048,latency,0,9.79,0.01,7,1,7,0.697721
8192,read,129722.93,0,0,0,16,1311,1.293588
8192,write,99268.52,0,0,0,16,1350,1.740733
8192,copy,26037.42,0,0,0,16,833,4.095029
8192,latency,0,11.43,0.02,7,1,7,0.697843
16384,read,63240.30,0,0,0,16,700,2.833636
16384,write,43791.29,0,0,0,16,661,3.864148
16384,copy,23434.32,0,0,0,16,385,4.205797
16384,latency,0,11.93,0.02,7,1,7,0.756661
32768,read,50647.27,0,0,0,16,351,3.548306
32768,write,33760.65,0,0,0,16,348,5.277624
32768,copy,23068.05,0,0,0,16,184,4.083916
32768,latency,0,14.18,0.26,7,1,7,0.761167
65536,read,50395.73,0,0,0,16,180,3.657453
65536,write,33230.80,0,0,0,16,144,4.437329
65536,copy,23037.59,0,0,0,16,88,3.911519
65536,latency,0,72.05,0.49,7,1,7,3.107795
131072,read,50004.20,0,0,0,16,85,3.481308
131072,write,33268.40,0,0,0,16,64,3.939835
131072,copy,23010.19,0,0,0,16,43,3.827173
131072,latency,0,95.12,0.79,7,1,7,8.169497
