BaselineInfo:
  WebDBID: -1
  TimeStamp: 20250422030913
Version:
  Major: 11
  Minor: 0
  Build: 1002
  SpecialBuildName: ""
  ptArchitecture: aarch64_linux
Results:
  Results Complete: true
  NumTestProcesses: 48
  CPU_INTEGER_MATH: 250376.12766666667
  CPU_FLOATINGPOINT_MATH: 290910.39903618011
  CPU_PRIME: 559.30102746444902
  CPU_SORTING: 220715.18819358453
  CPU_ENCRYPTION: 9061.6599641180219
  CPU_COMPRESSION: 318684.62738984224
  CPU_SINGLETHREAD: 1943.3082270444945
  CPU_PHYSICS: 12951.044769344269
  CPU_MATRIX_MULT_SSE: 44190.69576363972
  CPU_mm: 5411.5542407358062
  CPU_sse: 34753.908803966697
  CPU_fma: 53627.48272331278
  CPU_avx: 0
  CPU_avx512: 0
  m_CPU_enc_SHA: 14125701206.001165
  m_CPU_enc_AES: 5161025136.6065931
  m_CPU_enc_ECDSA: 9218791132.9972916
  ME_ALLOC_S: 47307.314391460968
  ME_READ_S: 20036.324414062499
  ME_READ_L: 19905.6171875
  ME_WRITE: 21246.1171875
  ME_LARGE: 367821.91666666669
  ME_LATENCY: 47.643932721177151
  ME_THREADED: 426483.07421875
  SUMM_CPU: 36072.818947432701
  SUMM_ME: 3305.8093808550102
SystemInformation:
  OSName: Ubuntu 24.04.2 LTS
  Kernel: 6.8.0-1027-aws
  Device: ""
  Processor: ARM Neoverse-V2 48 Core 0 MHz
  NumSockets: 1
  Manufacturer: ARM
  NumCores: 48
  NumLogicals: 48
  CPUFrequency: 0
  Memory: 379915
Checksum: DA81EF64687437360EF246A1ED87A84DAD2CB49F