BaselineInfo:
  WebDBID: -1
  TimeStamp: 20241109040157
Version:
  Major: 11
  Minor: 0
  Build: 1002
  SpecialBuildName: ""
  ptArchitecture: x86_64_linux
Results:
  Results Complete: true
  NumTestProcesses: 16
  CPU_INTEGER_MATH: 45345.333333333328
  CPU_FLOATINGPOINT_MATH: 24321.936587015913
  CPU_PRIME: 81.191852882796084
  CPU_SORTING: 23706.264051142498
  CPU_ENCRYPTION: 6242.6418190465674
  CPU_COMPRESSION: 200900.11844485675
  CPU_SINGLETHREAD: 1813.5628415174633
  CPU_PHYSICS: 1571.6964882668838
  CPU_MATRIX_MULT_SSE: 12293.307608963383
  CPU_mm: 1379.1992233245273
  CPU_sse: 4911.296588586004
  CPU_fma: 14648.409758834247
  CPU_avx: 10349.179790288634
  CPU_avx512: 19264.344298144639
  m_CPU_enc_SHA: 2049436780.6854901
  m_CPU_enc_AES: 15755237583.488617
  m_CPU_enc_ECDSA: 1832978799.9716182
  ME_ALLOC_S: 5436.1097225760668
  ME_READ_S: 22259.792578125001
  ME_READ_L: 10421.001953125
  ME_WRITE: 9932.7490234375
  ME_LARGE: 117154.5
  ME_LATENCY: 53.872652872585604
  ME_THREADED: 85489.23486328125
  SUMM_CPU: 14431.498489052727
  SUMM_ME: 2508.1393067081426
SystemInformation:
  OSName: Ubuntu 24.04.1 LTS
  Kernel: 6.8.0-1016-aws
  Device: ""
  Processor: Intel Xeon Platinum 8259CL CPU @ 2.50GHz
  NumSockets: 1
  Manufacturer: GenuineIntel
  NumCores: 8
  NumLogicals: 16
  CPUFrequency: 0
  Memory: 127432
  MemModuleInfo:
    iNumMemSticks: 1
    DIMM 1:
      manufacturer: Not Specified
      modulePartNo: Not Specified
      memType: DDR4
      size: 128
      clkspeed: 1600
      moduleVoltage: 0
Checksum: AF05687B285F59661D07B93F92C4255966111E2E