BaselineInfo:
  WebDBID: -1
  TimeStamp: 20241106203251
Version:
  Major: 11
  Minor: 0
  Build: 1002
  SpecialBuildName: ""
  ptArchitecture: aarch64_linux
Results:
  Results Complete: true
  NumTestProcesses: 2
  CPU_INTEGER_MATH: 7826.259
  CPU_FLOATINGPOINT_MATH: 5953.8460282204669
  CPU_PRIME: 16.015225036569298
  CPU_SORTING: 5602.2040481187978
  CPU_ENCRYPTION: 269.33856903375113
  CPU_COMPRESSION: 8907.0355956526728
  CPU_SINGLETHREAD: 1109.5777046322767
  CPU_PHYSICS: 321.58415303929314
  CPU_MATRIX_MULT_SSE: 1233.5803463812122
  CPU_mm: 207.32063656865424
  CPU_sse: 1027.7442905166713
  CPU_fma: 1439.416402245753
  CPU_avx: 0
  CPU_avx512: 0
  m_CPU_enc_SHA: 407339763.57874393
  m_CPU_enc_AES: 187263395.75776678
  m_CPU_enc_ECDSA: 252662718.75289309
  ME_ALLOC_S: 1287.258096601021
  ME_READ_S: 9473.8900390625004
  ME_READ_L: 9145.2958984375
  ME_WRITE: 12335.7021484375
  ME_LARGE: 605
  ME_LATENCY: 71.511308187156899
  ME_THREADED: 18027.39453125
  SUMM_CPU: 1348.181041015622
  SUMM_ME: 849.89233687482511
SystemInformation:
  OSName: Ubuntu 24.04.1 LTS
  Kernel: 6.8.0-1016-aws
  Device: ""
  Processor: ARM Neoverse-N1 2 Core 0 MHz
  NumSockets: 1
  Manufacturer: ARM
  NumCores: 2
  NumLogicals: 2
  CPUFrequency: 0
  Memory: 7809
Checksum: 026CA51D10B989B3A1DAA05A3025C194AB94624D