BaselineInfo:
  WebDBID: -1
  TimeStamp: 20241115112404
Version:
  Major: 11
  Minor: 0
  Build: 1002
  SpecialBuildName: ""
  ptArchitecture: aarch64_linux
Results:
  Results Complete: true
  NumTestProcesses: 2
  CPU_INTEGER_MATH: 7823.7029999999995
  CPU_FLOATINGPOINT_MATH: 5937.6226668373602
  CPU_PRIME: 16.19873220996168
  CPU_SORTING: 5591.0011572290596
  CPU_ENCRYPTION: 266.78744276251081
  CPU_COMPRESSION: 8828.8792844433374
  CPU_SINGLETHREAD: 1105.640344219499
  CPU_PHYSICS: 304.04296533976782
  CPU_MATRIX_MULT_SSE: 1231.9695873859828
  CPU_mm: 205.94087224657659
  CPU_sse: 1033.8906485678467
  CPU_fma: 1430.0485262041191
  CPU_avx: 0
  CPU_avx512: 0
  m_CPU_enc_SHA: 397770245.29087925
  m_CPU_enc_AES: 186214627.39604563
  m_CPU_enc_ECDSA: 255255856.05950284
  ME_ALLOC_S: 1272.8289993893873
  ME_READ_S: 9461.1296875000007
  ME_READ_L: 9091.818359375
  ME_WRITE: 12188.4521484375
  ME_LARGE: 510.5
  ME_LATENCY: 73.338539854779995
  ME_THREADED: 18036.4599609375
  SUMM_CPU: 1338.2750607602225
  SUMM_ME: 779.7996270014936
SystemInformation:
  OSName: Ubuntu 24.04.1 LTS
  Kernel: 6.8.0-1018-aws
  Device: ""
  Processor: ARM Neoverse-N1 2 Core 0 MHz
  NumSockets: 1
  Manufacturer: ARM
  NumCores: 2
  NumLogicals: 2
  CPUFrequency: 0
  Memory: 7809
Checksum: 2D05D8D94DA0C68CF0ED7C0C4DE4BE3186416795