BaselineInfo:
  WebDBID: -1
  TimeStamp: 20260404203136
Version:
  Major: 11
  Minor: 0
  Build: 1004
  SpecialBuildName: ""
  ptArchitecture: x86_64_linux
Results:
  Results Complete: true
  NumTestProcesses: 24
  CPU_INTEGER_MATH: 100771.88566666667
  CPU_FLOATINGPOINT_MATH: 51584.952542860447
  CPU_PRIME: 138.29328920780239
  CPU_SORTING: 51241.588517743177
  CPU_ENCRYPTION: 21818.306140935663
  CPU_COMPRESSION: 368013.08071124024
  CPU_SINGLETHREAD: 2356.715761313425
  CPU_PHYSICS: 2615.4885467391587
  CPU_MATRIX_MULT_SSE: 21163.369701990727
  CPU_mm: 2174.0587188339387
  CPU_sse: 9569.8055349235929
  CPU_fma: 26215.269383215851
  CPU_avx: 19408.963353577434
  CPU_avx512: 29459.440536246009
  m_CPU_enc_SHA: 21985269660.178471
  m_CPU_enc_AES: 33169505628.445953
  m_CPU_enc_ECDSA: 13479681251.488831
  ME_ALLOC_S: 11534.692372054677
  ME_READ_S: 24207.766015624999
  ME_READ_L: 12072.861328125
  ME_WRITE: 10999.810546875
  ME_LARGE: 81093.166666666672
  ME_LATENCY: 53.671639389136807
  ME_THREADED: 97566.963134765625
  SUMM_CPU: 28981.962033349904
  SUMM_ME: 2705.4798110924326
SystemInformation:
  OSName: Ubuntu 24.04.4 LTS
  Kernel: 6.8.0-106-generic
  Device: ""
  Processor: Intel(R) Xeon(R) Platinum 8369B CPU @ 2.70GHz
  NumSockets: 1
  Manufacturer: GenuineIntel
  NumCores: 12
  NumLogicals: 24
  CPUFrequency: 0
  CPUMaxFrequency: 0
  Memory: 94495
  CPUInfo:
    number: 1
    Family: 6
    Model: 10
    stepping: 6
    features: 529267711
    manufacture: GenuineIntel
    typestring: Intel(R) Xeon(R) Platinum 8369B CPU @ 2.70GHz
    iCoresPerPackage: 12
    iThreadsPerPackage: 2
    featuresEx:
      - 529267711
      - 4277809667
      - 739248128
    bHybrid: false
    nPCore: 0
    nLogicalsPerPCore: 0
    nECore: 0
    nLogicalsPerECore: 0
  MemModuleInfo:
    iNumMemSticks: 6
    DIMM 1:
      manufacturer: Alibaba Cloud
      modulePartNo: Not Specified
      memType: RAM
      size: 16
      clkspeed: 0
      moduleVoltage: 0
    DIMM 2:
      manufacturer: Alibaba Cloud
      modulePartNo: Not Specified
      memType: RAM
      size: 16
      clkspeed: 0
      moduleVoltage: 0
    DIMM 3:
      manufacturer: Alibaba Cloud
      modulePartNo: Not Specified
      memType: RAM
      size: 16
      clkspeed: 0
      moduleVoltage: 0
    DIMM 4:
      manufacturer: Alibaba Cloud
      modulePartNo: Not Specified
      memType: RAM
      size: 16
      clkspeed: 0
      moduleVoltage: 0
    DIMM 5:
      manufacturer: Alibaba Cloud
      modulePartNo: Not Specified
      memType: RAM
      size: 16
      clkspeed: 0
      moduleVoltage: 0
    DIMM 6:
      manufacturer: Alibaba Cloud
      modulePartNo: Not Specified
      memType: RAM
      size: 16
      clkspeed: 0
      moduleVoltage: 0
Checksum: 5C54530D2A852543969618434BAB3BB9DE1D7D9E