---
system-info:
      stress-ng-version: 0.17.08
      run-by: root
      date-yyyy-mm-dd: 2024:06:18
      time-hh-mm-ss: 12:51:59
      epoch-secs: 1718715119
      hostname: ae416d9312c1
      sysname: Linux
      nodename: ae416d9312c1
      release: 5.15.0-112-generic
      version: '#122-Ubuntu SMP Thu May 23 07:48:21 UTC 2024'
      machine: x86_64
      compiler: 'musl-gcc 13.2.1'
      uptime: 551
      totalram: 67271462912
      freeram: 64062341120
      sharedram: 14282752
      bufferram: 749568
      totalswap: 68719472640
      freeswap: 68719472640
      pagesize: 4096
      cpus: 12
      cpus-online: 12
      ticks-per-second: 100

metrics:
    - stressor: cpu
      bogo-ops: 38975
      bogo-ops-per-second-usr-sys-time: 1948.707713
      bogo-ops-per-second-real-time: 1948.748420
      wall-clock-time: 20.000016
      user-time: 20.000434
      system-time: 0.000000
      cpu-usage-per-instance: 100.002089
      max-rss: 436

...
