"size","threads","connections","rps","latency","failed","server_usr","server_sys","client_usr","client_sys"
"1k",64,64,4215770,0.000015560,0,149.47,188.12,67.89,231.19
"1k",64,128,3863954,0.000032590,0,134.59,178.62,54.44,208.76
"1k",64,256,4076325,0.000064320,0,140.45,192.49,51.50,218.98
"1k",64,512,3413151,0.000159700,0,104.72,222.40,39.09,244.62
"1k",64,1024,3497127,0.000473000,0,107.33,228.08,37.58,253.50
"1k",64,2048,3484627,0.000691200,0,109.58,228.87,37.92,251.58
"1k",128,128,4063539,0.000031320,0,135.96,198.54,61.78,235.38
"1k",128,256,3087586,0.000088850,0,83.50,229.70,40.91,272.59
"1k",128,512,3425109,0.000289910,0,93.24,229.47,44.33,276.06
"1k",128,1024,3417260,0.000525840,0,91.95,231.30,49.18,276.57
"1k",128,2048,3403021,0.000880000,0,91.36,236.14,42.43,280.67
"1k",256,256,3695666,0.000076750,0,110.54,211.08,56.26,259.51
"1k",256,512,3311120,0.000245700,0,87.58,226.82,53.78,280.52
"1k",256,1024,3155239,0.000514340,0,81.77,233.08,46.03,290.37
"1k",256,2048,3132075,0.000820440,0,80.77,234.61,45.71,290.23
"16k",64,64,3289899,0.000019810,0,117.89,182.97,55.89,235.59
"16k",64,128,3289981,0.000038710,0,115.34,173.74,51.33,219.12
"16k",64,256,3577338,0.000075600,0,123.69,192.57,51.96,234.03
"16k",64,512,2615988,0.000196020,0,87.86,221.64,36.92,257.89
"16k",64,1024,2458742,0.000508560,0,84.08,233.21,32.86,274.18
"16k",64,2048,2318180,0.000890000,0,88.87,232.21,31.28,281.17
"16k",128,128,3641124,0.000034910,0,126.17,197.13,64.48,253.19
"16k",128,256,2482095,0.000108170,0,72.32,229.35,40.64,285.83
"16k",128,512,2700375,0.000282750,0,79.11,233.35,41.95,289.36
"16k",128,1024,2558743,0.000627630,0,76.81,235.45,44.44,292.92
"16k",128,2048,2453998,0.001120000,0,76.11,245.47,38.78,299.39
"16k",256,256,3033990,0.000092460,0,95.50,209.59,56.10,273.46
"16k",256,512,2680785,0.000279540,0,78.93,225.98,52.09,291.21
"16k",256,1024,2514231,0.000601090,0,70.66,235.92,44.41,302.21
"16k",256,2048,2348630,0.001040000,0,69.43,239.62,41.63,301.59
"64k",64,64,1858654,0.000036640,0,90.88,207.40,43.52,252.13
"64k",64,128,1916346,0.000061370,0,91.12,185.55,42.25,243.78
"64k",64,256,1958924,0.000126440,0,90.21,205.52,42.12,258.44
"64k",64,512,1235298,0.000413460,0,66.43,247.80,27.00,265.29
"64k",64,1024,973746,0.001130000,0,74.57,263.47,23.12,271.35
"64k",64,2048,791920,0.002530000,0,100.04,254.53,21.60,271.35
"64k",128,128,2038565,0.000062880,0,93.03,211.22,51.76,279.17
"64k",128,256,1254086,0.000220200,0,55.15,253.30,31.46,289.26
"64k",128,512,1314843,0.000559400,0,57.33,262.33,32.66,291.33
"64k",128,1024,1105265,0.001100000,0,59.06,269.57,31.61,290.63
"64k",128,2048,878523,0.002550000,0,93.53,255.00,25.51,287.84
"64k",256,256,1699077,0.000171470,0,73.24,227.60,47.28,289.93
"64k",256,512,1388708,0.000473070,0,56.49,252.89,41.36,298.72
"64k",256,1024,1066374,0.001130000,0,60.72,264.61,30.83,297.68
"64k",256,2048,861617,0.002490000,0,94.84,256.35,28.74,282.83
"256k",64,64,677779,0.000137890,0,86.30,229.43,35.70,257.77
"256k",64,128,753264,0.000269280,0,85.98,214.00,39.90,260.96
"256k",64,256,342669,0.000718550,0,89.48,260.53,19.88,244.11
"256k",64,512,224755,0.002170000,0,120.24,266.67,15.93,235.16
"256k",64,1024,201489,0.004800000,0,129.55,271.58,14.44,237.03
"256k",128,128,772655,0.000186230,0,94.48,224.87,42.60,281.74
"256k",128,256,376849,0.000783530,0,66.70,278.51,23.38,273.70
"256k",128,512,272075,0.001970000,0,104.26,275.42,21.32,247.93
"256k",128,1024,225117,0.004610000,0,126.64,267.20,17.96,242.45
"256k",256,256,476801,0.000629680,0,78.57,265.57,31.41,273.74
"256k",256,512,302177,0.001800000,0,109.15,267.88,24.53,253.89
"256k",256,1024,258090,0.004080000,0,143.84,251.44,23.10,237.16
"512k",64,64,332501,0.000960000,0,87.89,201.25,29.63,281.79
"512k",64,128,240726,0.000577010,0,112.29,252.26,23.15,223.46
"512k",64,256,113190,0.002170000,0,143.90,258.70,15.05,213.97
"512k",64,512,104576,0.004690000,0,161.62,257.62,13.01,213.03
"512k",64,1024,90352,0.010910000,0,180.74,251.72,12.74,209.95
"512k",128,128,271481,0.001040000,0,123.28,249.15,29.25,245.26
"512k",128,256,139494,0.001900000,0,140.66,264.32,19.36,222.82
"512k",128,512,106310,0.004800000,0,177.43,249.81,15.89,207.82
"512k",128,1024,99639,0.010360000,0,180.08,246.95,16.83,211.56
"512k",256,256,182730,0.001500000,0,155.86,256.95,25.55,211.80
"512k",256,512,117524,0.004410000,0,182.53,243.11,18.48,211.15
"512k",256,1024,127610,0.008250000,0,174.51,246.03,20.18,218.30
