BaselineInfo:
  WebDBID: -1
  TimeStamp: 20241108214522
Version:
  Major: 11
  Minor: 0
  Build: 1002
  SpecialBuildName: ""
  ptArchitecture: aarch64_linux
Results:
  Results Complete: true
  NumTestProcesses: 64
  CPU_INTEGER_MATH: 252614.89966666664
  CPU_FLOATINGPOINT_MATH: 191659.64997125027
  CPU_PRIME: 251.47771587778405
  CPU_SORTING: 175828.01362490893
  CPU_ENCRYPTION: 8742.6716038359991
  CPU_COMPRESSION: 304715.92544621363
  CPU_SINGLETHREAD: 1110.3507809681776
  CPU_PHYSICS: 4111.0932060640616
  CPU_MATRIX_MULT_SSE: 39873.894500133552
  CPU_mm: 6645.046069387402
  CPU_sse: 33406.059596865227
  CPU_fma: 46341.729403401914
  CPU_avx: 0
  CPU_avx512: 0
  m_CPU_enc_SHA: 13122437323.413139
  m_CPU_enc_AES: 6067873213.6622581
  m_CPU_enc_ECDSA: 8311756321.9164162
  ME_ALLOC_S: 20464.561093263434
  ME_READ_S: 9484.0162109374996
  ME_READ_L: 9190.955078125
  ME_WRITE: 12549.2880859375
  ME_LARGE: 239491.66666666666
  ME_LATENCY: 70.031141128378394
  ME_THREADED: 173077.90209960938
  SUMM_CPU: 28113.112920924952
  SUMM_ME: 1846.141158955063
SystemInformation:
  OSName: Ubuntu 24.04.1 LTS
  Kernel: 6.8.0-1016-aws
  Device: ""
  Processor: ARM Neoverse-N1 64 Core 0 MHz
  NumSockets: 1
  Manufacturer: ARM
  NumCores: 64
  NumLogicals: 64
  CPUFrequency: 0
  Memory: 252151
Checksum: 8DBD2B681F9B8DEF5442F5F55DD788BD886BB8D2