---
system-info:
      stress-ng-version: 0.17.08
      run-by: root
      date-yyyy-mm-dd: 2024:08:30
      time-hh-mm-ss: 17:19:30
      epoch-secs: 1725038370
      hostname: sc-runner
      sysname: Linux
      nodename: sc-runner
      release: 6.8.0-1013-azure
      version: '#15-Ubuntu SMP Thu Aug  8 18:40:40 UTC 2024'
      machine: x86_64
      compiler: 'musl-gcc 13.2.1'
      uptime: 363
      totalram: 16766070784
      freeram: 8308461568
      sharedram: 42037248
      bufferram: 204443648
      totalswap: 0
      freeswap: 0
      pagesize: 4096
      cpus: 4
      cpus-online: 4
      ticks-per-second: 100

metrics:
    - stressor: cpu
      bogo-ops: 24929
      bogo-ops-per-second-usr-sys-time: 1246.578647
      bogo-ops-per-second-real-time: 1246.439109
      wall-clock-time: 20.000175
      user-time: 19.996937
      system-time: 0.000999
      cpu-usage-per-instance: 99.988806
      max-rss: 3152

...
