---
system-info:
      stress-ng-version: 0.17.08
      run-by: root
      date-yyyy-mm-dd: 2024:07:26
      time-hh-mm-ss: 20:42:45
      epoch-secs: 1722026565
      hostname: ip-172-31-29-250
      sysname: Linux
      nodename: ip-172-31-29-250
      release: 6.8.0-1012-aws
      version: '#13-Ubuntu SMP Mon Jul 15 13:40:27 UTC 2024'
      machine: x86_64
      compiler: 'musl-gcc 13.2.1'
      uptime: 259
      totalram: 270418309120
      freeram: 264304590848
      sharedram: 95952896
      bufferram: 140795904
      totalswap: 0
      freeswap: 0
      pagesize: 4096
      cpus: 64
      cpus-online: 64
      ticks-per-second: 100

metrics:
    - stressor: cpu
      bogo-ops: 17496
      bogo-ops-per-second-usr-sys-time: 874.807217
      bogo-ops-per-second-real-time: 874.793055
      wall-clock-time: 20.000159
      user-time: 19.998836
      system-time: 0.000999
      cpu-usage-per-instance: 99.998381
      max-rss: 512

...
