---
system-info:
      stress-ng-version: 0.17.08
      run-by: root
      date-yyyy-mm-dd: 2024:06:15
      time-hh-mm-ss: 19:55:48
      epoch-secs: 1718481348
      hostname: 2545cc0302f0
      sysname: Linux
      nodename: 2545cc0302f0
      release: 6.8.0-1008-aws
      version: '#8-Ubuntu SMP Sat Apr 20 00:46:25 UTC 2024'
      machine: x86_64
      compiler: 'musl-gcc 13.2.1'
      uptime: 126
      totalram: 265990795264
      freeram: 261315026944
      sharedram: 60137472
      bufferram: 109101056
      totalswap: 0
      freeswap: 0
      pagesize: 4096
      cpus: 32
      cpus-online: 32
      ticks-per-second: 100

metrics:
    - stressor: cpu
      bogo-ops: 599861
      bogo-ops-per-second-usr-sys-time: 937.917671
      bogo-ops-per-second-real-time: 29992.924279
      wall-clock-time: 20.000084
      user-time: 639.537812
      system-time: 0.028984
      cpu-usage-per-instance: 99.931893
      max-rss: 1032

...
