---
system-info:
      stress-ng-version: 0.17.08
      run-by: root
      date-yyyy-mm-dd: 2024:06:09
      time-hh-mm-ss: 17:40:10
      epoch-secs: 1717954810
      hostname: bdd4270391c3
      sysname: Linux
      nodename: bdd4270391c3
      release: 6.8.0-1008-aws
      version: '#8-Ubuntu SMP Sat Apr 20 00:46:25 UTC 2024'
      machine: x86_64
      compiler: 'musl-gcc 13.2.1'
      uptime: 117
      totalram: 265990819840
      freeram: 261182513152
      sharedram: 60137472
      bufferram: 110182400
      totalswap: 0
      freeswap: 0
      pagesize: 4096
      cpus: 32
      cpus-online: 32
      ticks-per-second: 100

metrics:
    - stressor: cpu
      bogo-ops: 374356
      bogo-ops-per-second-usr-sys-time: 1170.714660
      bogo-ops-per-second-real-time: 37429.553276
      wall-clock-time: 10.001615
      user-time: 319.709084
      system-time: 0.057989
      cpu-usage-per-instance: 99.911070
      max-rss: 4104

...
