---
system-info:
      stress-ng-version: 0.17.08
      run-by: root
      date-yyyy-mm-dd: 2024:06:14
      time-hh-mm-ss: 04:41:47
      epoch-secs: 1718340107
      hostname: 9fd9311130db
      sysname: Linux
      nodename: 9fd9311130db
      release: 6.8.0-1008-aws
      version: '#8-Ubuntu SMP Sat Apr 20 02:43:14 UTC 2024'
      machine: aarch64
      compiler: 'musl-gcc 13.2.1'
      uptime: 126
      totalram: 99418234880
      freeram: 94819635200
      sharedram: 35196928
      bufferram: 106213376
      totalswap: 0
      freeswap: 0
      pagesize: 4096
      cpus: 48
      cpus-online: 48
      ticks-per-second: 100

metrics:
    - stressor: cpu
      bogo-ops: 1456756
      bogo-ops-per-second-usr-sys-time: 1518.054193
      bogo-ops-per-second-real-time: 72837.565995
      wall-clock-time: 20.000064
      user-time: 959.594563
      system-time: 0.025987
      cpu-usage-per-instance: 99.960153
      max-rss: 1152

...
