---
system-info:
      stress-ng-version: 0.17.08
      run-by: root
      date-yyyy-mm-dd: 2024:06:06
      time-hh-mm-ss: 06:40:58
      epoch-secs: 1717656058
      hostname: 72c419412539
      sysname: Linux
      nodename: 72c419412539
      release: 6.8.0-1008-aws
      version: '#8-Ubuntu SMP Sat Apr 20 02:43:14 UTC 2024'
      machine: aarch64
      compiler: 'musl-gcc 13.2.1'
      uptime: 119
      totalram: 99418226688
      freeram: 94976745472
      sharedram: 35196928
      bufferram: 79966208
      totalswap: 0
      freeswap: 0
      pagesize: 4096
      cpus: 48
      cpus-online: 48
      ticks-per-second: 100

metrics:
    - stressor: cpu
      bogo-ops: 138606
      bogo-ops-per-second-usr-sys-time: 288.587318
      bogo-ops-per-second-real-time: 13842.443828
      wall-clock-time: 10.013116
      user-time: 480.255402
      system-time: 0.035974
      cpu-usage-per-instance: 99.929633
      max-rss: 3840

...
