BaselineInfo:
  WebDBID: -1
  TimeStamp: 20260708123354
Version:
  Major: 11
  Minor: 0
  Build: 1004
  SpecialBuildName: ""
  ptArchitecture: x86_64_linux
Results:
  Results Complete: true
  NumTestProcesses: 8
  CPU_INTEGER_MATH: 52338.360000000001
  CPU_FLOATINGPOINT_MATH: 31897.167045705108
  CPU_PRIME: 123.29998434459016
  CPU_SORTING: 24681.59307520611
  CPU_ENCRYPTION: 10464.724243396759
  CPU_COMPRESSION: 193467.70906544145
  CPU_SINGLETHREAD: 3667.2645616173977
  CPU_PHYSICS: 2004.6380900710533
  CPU_MATRIX_MULT_SSE: 15092.574475555815
  CPU_mm: 1444.6237001524707
  CPU_sse: 5391.5656591611396
  CPU_fma: 16312.699518576246
  CPU_avx: 15926.137582654846
  CPU_avx512: 22739.895141831024
  m_CPU_enc_SHA: 13013965991.005058
  m_CPU_enc_AES: 10757244181.299473
  m_CPU_enc_ECDSA: 9147965892.4274635
  ME_ALLOC_S: 5206.735326131663
  ME_READ_S: 33533.784765625001
  ME_READ_L: 29491.755859375
  ME_WRITE: 29934.802734375
  ME_LARGE: 7527.583333333333
  ME_LATENCY: 81.476132226573171
  ME_THREADED: 50098.05859375
  SUMM_CPU: 18512.777328377506
  SUMM_ME: 2400.9362255599999
SystemInformation:
  OSName: Ubuntu 24.04.4 LTS
  Kernel: 6.17.0-1018-azure
  Device: ""
  Processor: "AMD EPYC 9V45 96-Core Processor                "
  NumSockets: 1
  Manufacturer: AuthenticAMD
  NumCores: 4
  NumLogicals: 8
  CPUFrequency: 0
  CPUMaxFrequency: 0
  Memory: 15988
  CPUInfo:
    number: 1
    Family: 15
    Model: 2
    stepping: 1
    features: 395049983
    manufacture: AuthenticAMD
    typestring: "AMD EPYC 9V45 96-Core Processor                "
    iCoresPerPackage: 8
    iThreadsPerPackage: 2
    featuresEx:
      - 395049983
      - 4277809667
      - 802421759
    bHybrid: false
    nPCore: 0
    nLogicalsPerPCore: 0
    nECore: 0
    nLogicalsPerECore: 0
  MemModuleInfo:
    iNumMemSticks: 2
    DIMM 1:
      manufacturer: Microsoft Corporation
      modulePartNo: None
      memType: Unknown
      size: 1
      clkspeed: 0
      moduleVoltage: 0
    DIMM 2:
      manufacturer: Microsoft Corporation
      modulePartNo: None
      memType: Unknown
      size: 15
      clkspeed: 0
      moduleVoltage: 0
Checksum: 071C24F6B1C1E211C6EFDFA21D57004BE3340A0A