BaselineInfo:
  WebDBID: -1
  TimeStamp: 20241219042733
Version:
  Major: 11
  Minor: 0
  Build: 1002
  SpecialBuildName: ""
  ptArchitecture: x86_64_linux
Results:
  Results Complete: true
  NumTestProcesses: 64
  CPU_INTEGER_MATH: 229052.46099999998
  CPU_FLOATINGPOINT_MATH: 150665.03441604495
  CPU_PRIME: 402.60477753352723
  CPU_SORTING: 142060.42043620441
  CPU_ENCRYPTION: 70606.922442325231
  CPU_COMPRESSION: 1110042.608786345
  CPU_SINGLETHREAD: 2160.494525188893
  CPU_PHYSICS: 7970.5964188693915
  CPU_MATRIX_MULT_SSE: 74054.417077008489
  CPU_mm: 8592.4325865782012
  CPU_sse: 33700.379863208596
  CPU_fma: 106085.26723531468
  CPU_avx: 82377.60413250218
  CPU_avx512: 0
  m_CPU_enc_SHA: 99830899063.697617
  m_CPU_enc_AES: 67311231826.240402
  m_CPU_enc_ECDSA: 54968042030.712914
  ME_ALLOC_S: 19358.842252001858
  ME_READ_S: 25201.6630859375
  ME_READ_L: 10456.2392578125
  ME_WRITE: 10766.4033203125
  ME_LARGE: 83390.583333333328
  ME_LATENCY: 72.570643939058286
  ME_THREADED: 125735.71215820312
  SUMM_CPU: 61581.109370746766
  SUMM_ME: 2329.3843471045875
SystemInformation:
  OSName: Ubuntu 24.04.1 LTS
  Kernel: 6.8.0-31-generic
  Device: ""
  Processor: AMD EPYC 7542 32-Core Processor
  NumSockets: 1
  Manufacturer: AuthenticAMD
  NumCores: 64
  NumLogicals: 64
  CPUFrequency: 0
  Memory: 96514
  MemModuleInfo:
    iNumMemSticks: 6
    DIMM 1:
      manufacturer: QEMU
      modulePartNo: Not Specified
      memType: RAM
      size: 16
      clkspeed: 0
      moduleVoltage: 0
    DIMM 2:
      manufacturer: QEMU
      modulePartNo: Not Specified
      memType: RAM
      size: 16
      clkspeed: 0
      moduleVoltage: 0
    DIMM 3:
      manufacturer: QEMU
      modulePartNo: Not Specified
      memType: RAM
      size: 16
      clkspeed: 0
      moduleVoltage: 0
    DIMM 4:
      manufacturer: QEMU
      modulePartNo: Not Specified
      memType: RAM
      size: 16
      clkspeed: 0
      moduleVoltage: 0
    DIMM 5:
      manufacturer: QEMU
      modulePartNo: Not Specified
      memType: RAM
      size: 16
      clkspeed: 0
      moduleVoltage: 0
    DIMM 6:
      manufacturer: QEMU
      modulePartNo: Not Specified
      memType: RAM
      size: 16
      clkspeed: 0
      moduleVoltage: 0
Checksum: 9FC85174D864A213812A6D69BFA7B882AA7B88CF