---
system-info:
      stress-ng-version: 0.17.08
      run-by: root
      date-yyyy-mm-dd: 2024:09:03
      time-hh-mm-ss: 07:43:32
      epoch-secs: 1725349412
      hostname: sc-runner
      sysname: Linux
      nodename: sc-runner
      release: 6.8.0-1013-azure
      version: '#15-Ubuntu SMP Thu Aug  8 18:40:40 UTC 2024'
      machine: x86_64
      compiler: 'musl-gcc 13.2.1'
      uptime: 311
      totalram: 16763621376
      freeram: 8166301696
      sharedram: 54935552
      bufferram: 209215488
      totalswap: 0
      freeswap: 0
      pagesize: 4096
      cpus: 8
      cpus-online: 8
      ticks-per-second: 100

metrics:
    - stressor: cpu
      bogo-ops: 155073
      bogo-ops-per-second-usr-sys-time: 972.104848
      bogo-ops-per-second-real-time: 7753.626095
      wall-clock-time: 20.000062
      user-time: 159.505921
      system-time: 0.016995
      cpu-usage-per-instance: 99.701515
      max-rss: 3252

...
