"size","threads","connections","rps","latency","failed","server_usr","server_sys","client_usr","client_sys"
"1k",64,64,4672220,0.000013020,0,147.41,189.13,75.06,233.97
"1k",64,128,4191904,0.000033710,0,139.64,174.39,57.52,209.24
"1k",64,256,4603180,0.000063130,0,152.44,184.10,57.33,210.84
"1k",64,512,3558888,0.000153540,0,106.43,224.61,40.38,243.71
"1k",64,1024,3662178,0.000459560,0,108.07,230.69,38.18,252.69
"1k",64,2048,3684458,0.000667490,0,112.67,230.75,38.33,252.32
"1k",128,128,4367944,0.000029020,0,136.30,200.78,67.50,235.19
"1k",128,256,3031801,0.000089030,0,77.95,243.94,42.47,268.91
"1k",128,512,3302155,0.000258760,0,83.93,244.44,43.70,272.65
"1k",128,1024,3438056,0.000531240,0,89.24,239.26,49.34,272.47
"1k",128,2048,3436387,0.000950000,0,88.17,247.05,42.54,276.84
"1k",256,256,3689276,0.000077210,0,106.64,217.75,57.28,252.86
"1k",256,512,3222911,0.000246990,0,80.99,240.09,51.67,273.07
"1k",256,1024,3051758,0.000556070,0,73.18,247.74,46.07,283.71
"1k",256,2048,3126334,0.000819240,0,75.41,248.46,46.29,284.14
"16k",64,64,3455778,0.000018810,0,115.42,187.92,59.89,236.32
"16k",64,128,3580146,0.000034500,0,118.13,179.60,55.69,222.58
"16k",64,256,4016237,0.000068670,0,132.57,188.98,57.35,229.56
"16k",64,512,2439175,0.000209650,0,84.43,231.60,34.28,259.52
"16k",64,1024,2370363,0.000504490,0,83.02,240.37,31.50,274.69
"16k",64,2048,2277306,0.000825310,0,88.60,236.45,31.14,283.77
"16k",128,128,3877148,0.000032820,0,121.37,197.15,68.81,252.67
"16k",128,256,2396083,0.000110360,0,70.83,240.07,40.65,280.67
"16k",128,512,2502589,0.000302600,0,73.01,244.40,40.74,285.71
"16k",128,1024,2443175,0.000632200,0,71.06,247.73,42.46,290.07
"16k",128,2048,2343135,0.001150000,0,72.53,255.65,37.43,292.61
"16k",256,256,3063239,0.000091360,0,92.67,219.08,58.08,267.39
"16k",256,512,2461481,0.000294680,0,69.41,241.16,49.64,287.59
"16k",256,1024,2317008,0.000644710,0,65.10,250.03,42.63,296.40
"16k",256,2048,2248658,0.001070000,0,65.77,254.87,40.02,297.46
"64k",64,64,1883739,0.000035240,0,84.43,204.25,43.42,246.48
"64k",64,128,2170129,0.000059790,0,90.00,192.49,46.64,249.48
"64k",64,256,2322928,0.000109290,0,98.21,207.02,47.04,263.76
"64k",64,512,1151255,0.000420840,0,63.72,252.85,24.88,268.85
"64k",64,1024,856244,0.001210000,0,70.76,282.39,21.32,265.40
"64k",64,2048,685552,0.002830000,0,90.81,278.26,19.47,261.53
"64k",128,128,2215848,0.000057850,0,93.90,210.58,53.69,278.36
"64k",128,256,1257743,0.000215510,0,52.97,260.37,32.15,290.67
"64k",128,512,1270484,0.000518090,0,54.05,266.81,31.07,294.14
"64k",128,1024,1018140,0.001180000,0,60.06,276.48,29.87,283.48
"64k",128,2048,795477,0.002840000,0,86.25,283.05,23.94,270.20
"64k",256,256,1726321,0.000165780,0,70.56,236.10,46.76,288.31
"64k",256,512,1316788,0.000497040,0,52.48,260.25,41.03,295.35
"64k",256,1024,978255,0.001190000,0,54.68,277.28,30.30,292.05
"64k",256,2048,852379,0.002490000,0,84.29,272.99,27.91,272.89
"256k",64,64,720528,0.000098970,0,81.03,231.83,36.04,254.45
"256k",64,128,839427,0.000142490,0,87.27,219.27,42.06,262.91
"256k",64,256,371673,0.000681820,0,82.20,271.09,20.22,236.47
"256k",64,512,207397,0.002350000,0,99.37,297.56,15.17,225.38
"256k",64,1024,182153,0.005250000,0,129.28,293.42,14.40,213.59
"256k",128,128,848329,0.000155050,0,88.42,227.65,44.17,277.80
"256k",128,256,360661,0.000847050,0,57.36,292.31,21.49,266.51
"256k",128,512,280306,0.001900000,0,96.48,295.22,21.30,236.18
"256k",128,1024,215381,0.004770000,0,123.30,296.81,17.41,216.94
"256k",256,256,507681,0.000611840,0,74.57,273.12,32.47,266.73
"256k",256,512,294838,0.001840000,0,93.49,293.83,24.18,241.99
"256k",256,1024,252281,0.004120000,0,133.08,286.67,21.61,215.08
"512k",64,64,373585,0.001030000,0,73.28,200.11,32.17,292.35
"512k",64,128,330424,0.001150000,0,110.87,243.40,28.42,232.93
"512k",64,256,116946,0.002090000,0,113.11,297.26,14.46,207.77
"512k",64,512,98907,0.004890000,0,150.09,287.06,13.73,197.75
"512k",64,1024,95239,0.010420000,0,153.52,289.88,12.70,199.36
"512k",128,128,310081,0.000540420,0,123.26,234.65,31.34,257.50
"512k",128,256,152575,0.001730000,0,115.18,290.70,20.56,221.21
"512k",128,512,119062,0.004290000,0,154.68,281.88,16.60,197.81
"512k",128,1024,107960,0.009580000,0,156.14,284.67,15.87,199.53
"512k",256,256,208560,0.001270000,0,163.12,251.62,28.09,207.63
"512k",256,512,135205,0.004010000,0,170.80,285.52,20.83,216.39
"512k",256,1024,121690,0.008520000,0,161.61,275.77,18.37,203.38
