BaselineInfo:
  WebDBID: -1
  TimeStamp: 20241109125848
Version:
  Major: 11
  Minor: 0
  Build: 1002
  SpecialBuildName: ""
  ptArchitecture: x86_64_linux
Results:
  Results Complete: true
  NumTestProcesses: 16
  CPU_INTEGER_MATH: 65280.05066666667
  CPU_FLOATINGPOINT_MATH: 55733.264784477666
  CPU_PRIME: 188.52547227312925
  CPU_SORTING: 39448.807716761192
  CPU_ENCRYPTION: 8406.7704590689791
  CPU_COMPRESSION: 330750.48860668583
  CPU_SINGLETHREAD: 2101.417102402469
  CPU_PHYSICS: 2763.8098763536714
  CPU_MATRIX_MULT_SSE: 24832.627419054705
  CPU_mm: 3005.1802123116427
  CPU_sse: 11606.541998152614
  CPU_fma: 32724.963460143324
  CPU_avx: 22233.883354981866
  CPU_avx512: 32765.120862941039
  m_CPU_enc_SHA: 4627446128.7289696
  m_CPU_enc_AES: 17759000610.340473
  m_CPU_enc_ECDSA: 4058966483.5967045
  ME_ALLOC_S: 10797.101103449366
  ME_READ_S: 24484.046679687501
  ME_READ_L: 7290.47802734375
  ME_WRITE: 8059.712890625
  ME_LARGE: 343779.83333333331
  ME_LATENCY: 56.212066055382365
  ME_THREADED: 132721.046875
  SUMM_CPU: 23060.884717041787
  SUMM_ME: 2312.0401260788672
SystemInformation:
  OSName: Ubuntu 24.04.1 LTS
  Kernel: 6.8.0-1017-azure
  Device: ""
  Processor: Intel Xeon Platinum 8168 CPU @ 2.70GHz
  NumSockets: 2
  Manufacturer: GenuineIntel
  NumCores: 16
  NumLogicals: 16
  CPUFrequency: 0
  Memory: 354696
  MemModuleInfo:
    iNumMemSticks: 4
    DIMM 1:
      manufacturer: Microsoft Corporation
      modulePartNo: None
      memType: Unknown
      size: 1
      clkspeed: 0
      moduleVoltage: 0
    DIMM 2:
      manufacturer: Microsoft Corporation
      modulePartNo: None
      memType: Unknown
      size: 60928
      clkspeed: 0
      moduleVoltage: 0
    DIMM 3:
      manufacturer: Microsoft Corporation
      modulePartNo: None
      memType: Unknown
      size: 118272
      clkspeed: 0
      moduleVoltage: 0
    DIMM 4:
      manufacturer: Microsoft Corporation
      modulePartNo: None
      memType: Unknown
      size: 176
      clkspeed: 0
      moduleVoltage: 0
Checksum: F133CC682C868A8BDC811B1CFA830C49F22B576D