BaselineInfo:
  WebDBID: -1
  TimeStamp: 20251217233435
Version:
  Major: 11
  Minor: 0
  Build: 1002
  SpecialBuildName: ""
  ptArchitecture: aarch64_linux
Results:
  Results Complete: true
  NumTestProcesses: 2
  CPU_INTEGER_MATH: 10407.535
  CPU_FLOATINGPOINT_MATH: 12090.576284888895
  CPU_PRIME: 34.276032913468413
  CPU_SORTING: 9192.601471026639
  CPU_ENCRYPTION: 372.73140716998068
  CPU_COMPRESSION: 6594.0754776734111
  CPU_SINGLETHREAD: 1944.5554774402192
  CPU_PHYSICS: 683.42099081540709
  CPU_MATRIX_MULT_SSE: 1835.8194539915125
  CPU_mm: 227.46571869289497
  CPU_sse: 1440.6553069836045
  CPU_fma: 2230.9836009994206
  CPU_avx: 0
  CPU_avx512: 0
  m_CPU_enc_SHA: 589000617.48733294
  m_CPU_enc_AES: 214140309.45835817
  m_CPU_enc_ECDSA: 369370697.06831801
  ME_ALLOC_S: 3042.9519143976795
  ME_READ_S: 21009.097851562499
  ME_READ_L: 20003.1875
  ME_WRITE: 21300.818359375
  ME_LARGE: 872.66666666666663
  ME_LATENCY: 44.949266336143459
  ME_THREADED: 38976.791015625
  SUMM_CPU: 1542.4716242368993
  SUMM_ME: 1423.5941259412157
SystemInformation:
  OSName: Ubuntu 24.04.2 LTS
  Kernel: 6.14.0-1018-aws
  Device: ""
  Processor: ARM Neoverse-V2 2 Core 0 MHz
  NumSockets: 1
  Manufacturer: ARM
  NumCores: 2
  NumLogicals: 2
  CPUFrequency: 0
  Memory: 7760
Checksum: BB296A3956C13972714FAB7D791CD96CAC17305A