BaselineInfo:
  WebDBID: -1
  TimeStamp: 20260708183121
Version:
  Major: 11
  Minor: 0
  Build: 1004
  SpecialBuildName: ""
  ptArchitecture: x86_64_linux
Results:
  Results Complete: true
  NumTestProcesses: 4
  CPU_INTEGER_MATH: 26764.917333333331
  CPU_FLOATINGPOINT_MATH: 16315.999163270953
  CPU_PRIME: 71.595241307127338
  CPU_SORTING: 13203.733970656425
  CPU_ENCRYPTION: 5372.8523172924506
  CPU_COMPRESSION: 103016.5602154949
  CPU_SINGLETHREAD: 3791.1549368803417
  CPU_PHYSICS: 1315.9443315674814
  CPU_MATRIX_MULT_SSE: 8029.016996094655
  CPU_mm: 774.77946771809411
  CPU_sse: 2884.770895036253
  CPU_fma: 8769.4542783169418
  CPU_avx: 8651.3024821555227
  CPU_avx512: 11810.540328869905
  m_CPU_enc_SHA: 6739156558.9353199
  m_CPU_enc_AES: 5502699084.0868673
  m_CPU_enc_ECDSA: 4659676331.3495598
  ME_ALLOC_S: 2868.0076325022678
  ME_READ_S: 34269.381249999999
  ME_READ_L: 30537.59765625
  ME_WRITE: 29762.060546875
  ME_LARGE: 7669
  ME_LATENCY: 78.028337001050275
  ME_THREADED: 49906.603515625
  SUMM_CPU: 10120.386742944331
  SUMM_ME: 2423.9956131469617
SystemInformation:
  OSName: Ubuntu 24.04.4 LTS
  Kernel: 6.17.0-1018-azure
  Device: ""
  Processor: "AMD EPYC 9V45 96-Core Processor                "
  NumSockets: 1
  Manufacturer: AuthenticAMD
  NumCores: 2
  NumLogicals: 4
  CPUFrequency: 0
  CPUMaxFrequency: 0
  Memory: 15989
  CPUInfo:
    number: 1
    Family: 15
    Model: 2
    stepping: 1
    features: 395049983
    manufacture: AuthenticAMD
    typestring: "AMD EPYC 9V45 96-Core Processor                "
    iCoresPerPackage: 8
    iThreadsPerPackage: 2
    featuresEx:
      - 395049983
      - 4277809667
      - 802421759
    bHybrid: false
    nPCore: 0
    nLogicalsPerPCore: 0
    nECore: 0
    nLogicalsPerECore: 0
  MemModuleInfo:
    iNumMemSticks: 2
    DIMM 1:
      manufacturer: Microsoft Corporation
      modulePartNo: None
      memType: Unknown
      size: 1
      clkspeed: 0
      moduleVoltage: 0
    DIMM 2:
      manufacturer: Microsoft Corporation
      modulePartNo: None
      memType: Unknown
      size: 15
      clkspeed: 0
      moduleVoltage: 0
Checksum: 9688B246D0A433F0DCC33AB7394280B52812322C