---
system-info:
      stress-ng-version: 0.17.08
      run-by: root
      date-yyyy-mm-dd: 2024:07:02
      time-hh-mm-ss: 23:27:20
      epoch-secs: 1719962840
      hostname: n2d-standard-96-982e4fd
      sysname: Linux
      nodename: n2d-standard-96-982e4fd
      release: 6.8.0-1009-gcp
      version: '#10-Ubuntu SMP Wed Jun 12 18:52:23 UTC 2024'
      machine: x86_64
      compiler: 'musl-gcc 13.2.1'
      uptime: 203
      totalram: 405717594112
      freeram: 399374684160
      sharedram: 68890624
      bufferram: 130478080
      totalswap: 0
      freeswap: 0
      pagesize: 4096
      cpus: 96
      cpus-online: 96
      ticks-per-second: 100

metrics:
    - stressor: cpu
      bogo-ops: 53930
      bogo-ops-per-second-usr-sys-time: 2696.600583
      bogo-ops-per-second-real-time: 2696.488203
      wall-clock-time: 20.000087
      user-time: 19.998255
      system-time: 0.000999
      cpu-usage-per-instance: 99.995833
      max-rss: 768

...
