size_kb,operation,bandwidth_mb_s,latency_ns,latency_stddev_ns,latency_samples,threads,iterations,elapsed_s
32,read,4150695.98,0,0,0,32,490196,0.118100
32,write,4251604.13,0,0,0,32,510204,0.120003
32,copy,1832928.31,0,0,0,32,409836,0.223596
32,latency,0,0.91,0.05,19,1,19,0.359371
128,read,4169343.08,0,0,0,32,210084,0.201551
128,write,3499475.43,0,0,0,32,193798,0.221517
128,copy,2351134.91,0,0,0,32,156249,0.265827
128,latency,0,2.48,0.00,7,1,7,0.702598
256,read,4251624.83,0,0,0,32,118483,0.222942
256,write,3557590.19,0,0,0,32,94339,0.212141
256,copy,2556885.41,0,0,0,32,26595,0.083211
256,latency,0,2.84,0.00,7,1,7,0.600278
512,read,3969379.58,0,0,0,32,61274,0.246987
512,write,3811049.69,0,0,0,32,63451,0.266387
512,copy,2114088.98,0,0,0,32,25879,0.195859
512,latency,0,3.53,0.00,7,1,7,0.700052
1024,read,3575889.68,0,0,0,32,27901,0.249681
1024,write,3275408.87,0,0,0,32,28571,0.279132
1024,copy,1680519.85,0,0,0,32,11431,0.217666
1024,latency,0,5.37,0.01,7,1,7,0.690538
4096,read,3185726.61,0,0,0,32,6082,0.244370
4096,write,3179352.82,0,0,0,32,6116,0.246229
4096,copy,1269204.85,0,0,0,32,1643,0.165697
4096,latency,0,9.68,0.00,7,1,7,0.704396
8192,read,2315045.02,0,0,0,32,1082,0.119649
8192,write,2203755.94,0,0,0,32,1431,0.166233
8192,copy,628045.87,0,0,0,32,721,0.293889
8192,latency,0,10.53,0.00,7,1,7,0.720988
16384,read,1156769.73,0,0,0,32,627,0.277518
16384,write,1046654.32,0,0,0,32,563,0.275407
16384,copy,211878.45,0,0,0,32,338,0.816770
16384,latency,0,11.03,0.00,7,1,7,0.700237
32768,read,532209.94,0,0,0,32,347,0.667646
32768,write,437381.42,0,0,0,32,398,0.931800
32768,copy,155061.06,0,0,0,32,156,1.030201
32768,latency,0,12.80,7.97,21,1,21,0.994948
65536,read,384247.49,0,0,0,32,146,0.778165
65536,write,284133.31,0,0,0,32,155,1.117222
65536,copy,125152.11,0,0,0,32,74,1.210942
65536,latency,0,100.44,0.33,7,1,7,4.306617
