---
system-info:
      stress-ng-version: 0.17.08
      run-by: root
      date-yyyy-mm-dd: 2024:06:13
      time-hh-mm-ss: 22:41:34
      epoch-secs: 1718318494
      hostname: 14be05e0b565
      sysname: Linux
      nodename: 14be05e0b565
      release: 6.8.0-1008-aws
      version: '#8-Ubuntu SMP Sat Apr 20 02:43:14 UTC 2024'
      machine: aarch64
      compiler: 'musl-gcc 13.2.1'
      uptime: 177
      totalram: 33021652992
      freeram: 28606038016
      sharedram: 34951168
      bufferram: 107413504
      totalswap: 0
      freeswap: 0
      pagesize: 4096
      cpus: 16
      cpus-online: 16
      ticks-per-second: 100

metrics:
    - stressor: cpu
      bogo-ops: 30390
      bogo-ops-per-second-usr-sys-time: 1519.491947
      bogo-ops-per-second-real-time: 1519.490001
      wall-clock-time: 20.000132
      user-time: 20.000106
      system-time: 0.000000
      cpu-usage-per-instance: 99.999872
      max-rss: 1320

...
