BaselineInfo:
  WebDBID: -1
  TimeStamp: 20241107081959
Version:
  Major: 11
  Minor: 0
  Build: 1002
  SpecialBuildName: ""
  ptArchitecture: aarch64_linux
Results:
  Results Complete: true
  NumTestProcesses: 2
  CPU_INTEGER_MATH: 9483.612000000001
  CPU_FLOATINGPOINT_MATH: 9433.8612053924953
  CPU_PRIME: 25.469009961281127
  CPU_SORTING: 7803.3471100007482
  CPU_ENCRYPTION: 274.06098627102301
  CPU_COMPRESSION: 10317.47960446258
  CPU_SINGLETHREAD: 1564.0855379749707
  CPU_PHYSICS: 571.81515566883809
  CPU_MATRIX_MULT_SSE: 1941.6511471253284
  CPU_mm: 214.76187900374379
  CPU_sse: 1538.3082827729486
  CPU_fma: 2344.9940114777082
  CPU_avx: 0
  CPU_avx512: 0
  m_CPU_enc_SHA: 420613585.21860665
  m_CPU_enc_AES: 162505177.28398037
  m_CPU_enc_ECDSA: 279002555.7177856
  ME_ALLOC_S: 2033.4540444930105
  ME_READ_S: 19667.8017578125
  ME_READ_L: 18941.794921875
  ME_WRITE: 19678.138671875
  ME_LARGE: 556.66666666666663
  ME_LATENCY: 49.834724112344354
  ME_THREADED: 37107.001953125
  SUMM_CPU: 1580.0087559808969
  SUMM_ME: 1055.3718788400331
SystemInformation:
  OSName: Ubuntu 24.04.1 LTS
  Kernel: 6.8.0-1016-aws
  Device: ""
  Processor: ARM Neoverse-V1 2 Core 0 MHz
  NumSockets: 1
  Manufacturer: ARM
  NumCores: 2
  NumLogicals: 2
  CPUFrequency: 0
  Memory: 3807
Checksum: 294CA13E70CDA0EE392029B515022FBB491FF700