---
system-info:
      stress-ng-version: 0.17.08
      run-by: root
      date-yyyy-mm-dd: 2024:06:15
      time-hh-mm-ss: 04:25:14
      epoch-secs: 1718425514
      hostname: 40517c34609b
      sysname: Linux
      nodename: 40517c34609b
      release: 6.8.0-1008-aws
      version: '#8-Ubuntu SMP Sat Apr 20 00:46:25 UTC 2024'
      machine: x86_64
      compiler: 'musl-gcc 13.2.1'
      uptime: 122
      totalram: 794578665472
      freeram: 788355551232
      sharedram: 72663040
      bufferram: 109363200
      totalswap: 0
      freeswap: 0
      pagesize: 4096
      cpus: 192
      cpus-online: 192
      ticks-per-second: 100

metrics:
    - stressor: cpu
      bogo-ops: 11770402
      bogo-ops-per-second-usr-sys-time: 3068.909810
      bogo-ops-per-second-real-time: 588518.405968
      wall-clock-time: 20.000058
      user-time: 3835.287195
      system-time: 0.081952
      cpu-usage-per-instance: 99.879117
      max-rss: 0

...
