---
system-info:
      stress-ng-version: 0.17.08
      run-by: root
      date-yyyy-mm-dd: 2024:06:10
      time-hh-mm-ss: 11:18:25
      epoch-secs: 1718018305
      hostname: b2afcd2d5f91
      sysname: Linux
      nodename: b2afcd2d5f91
      release: 6.8.0-1008-aws
      version: '#8-Ubuntu SMP Sat Apr 20 00:46:25 UTC 2024'
      machine: x86_64
      compiler: 'musl-gcc 13.2.1'
      uptime: 120
      totalram: 794578714624
      freeram: 787961548800
      sharedram: 72663040
      bufferram: 116748288
      totalswap: 0
      freeswap: 0
      pagesize: 4096
      cpus: 192
      cpus-online: 192
      ticks-per-second: 100

metrics:
    - stressor: cpu
      bogo-ops: 3004950
      bogo-ops-per-second-usr-sys-time: 1569.455641
      bogo-ops-per-second-real-time: 300456.238243
      wall-clock-time: 10.001290
      user-time: 1914.434878
      system-time: 0.209870
      cpu-usage-per-instance: 99.708217
      max-rss: 3072

...
