---
system-info:
      stress-ng-version: 0.17.08
      run-by: root
      date-yyyy-mm-dd: 2024:09:19
      time-hh-mm-ss: 11:51:31
      epoch-secs: 1726746691
      hostname: sc-runner
      sysname: Linux
      nodename: sc-runner
      release: 6.8.0-1014-azure
      version: '#16-Ubuntu SMP Thu Aug 15 20:04:41 UTC 2024'
      machine: x86_64
      compiler: 'musl-gcc 13.2.1'
      uptime: 355
      totalram: 168787070976
      freeram: 158256443392
      sharedram: 42119168
      bufferram: 275775488
      totalswap: 0
      freeswap: 0
      pagesize: 4096
      cpus: 20
      cpus-online: 20
      ticks-per-second: 100

metrics:
    - stressor: cpu
      bogo-ops: 28246
      bogo-ops-per-second-usr-sys-time: 1412.302966
      bogo-ops-per-second-real-time: 1412.291633
      wall-clock-time: 20.000118
      user-time: 19.998959
      system-time: 0.000999
      cpu-usage-per-instance: 99.999198
      max-rss: 3028

...
