---
system-info:
      stress-ng-version: 0.17.08
      run-by: root
      date-yyyy-mm-dd: 2024:06:06
      time-hh-mm-ss: 15:23:06
      epoch-secs: 1717687386
      hostname: 507f60657b06
      sysname: Linux
      nodename: 507f60657b06
      release: 6.8.0-1008-aws
      version: '#8-Ubuntu SMP Sat Apr 20 02:43:14 UTC 2024'
      machine: aarch64
      compiler: 'musl-gcc 13.2.1'
      uptime: 101
      totalram: 16434499584
      freeram: 12283170816
      sharedram: 35028992
      bufferram: 83804160
      totalswap: 0
      freeswap: 0
      pagesize: 4096
      cpus: 8
      cpus-online: 8
      ticks-per-second: 100

metrics:
    - stressor: cpu
      bogo-ops: 34115
      bogo-ops-per-second-usr-sys-time: 425.414140
      bogo-ops-per-second-real-time: 3397.682413
      wall-clock-time: 10.040668
      user-time: 80.181452
      system-time: 0.010993
      cpu-usage-per-instance: 99.834552
      max-rss: 4136

...
