---
system-info:
      stress-ng-version: 0.17.08
      run-by: root
      date-yyyy-mm-dd: 2024:06:14
      time-hh-mm-ss: 09:21:33
      epoch-secs: 1718356893
      hostname: ca0efd858e3f
      sysname: Linux
      nodename: ca0efd858e3f
      release: 6.8.0-1008-aws
      version: '#8-Ubuntu SMP Sat Apr 20 02:43:14 UTC 2024'
      machine: aarch64
      compiler: 'musl-gcc 13.2.1'
      uptime: 117
      totalram: 16434503680
      freeram: 12139290624
      sharedram: 35028992
      bufferram: 106057728
      totalswap: 0
      freeswap: 0
      pagesize: 4096
      cpus: 8
      cpus-online: 8
      ticks-per-second: 100

metrics:
    - stressor: cpu
      bogo-ops: 244840
      bogo-ops-per-second-usr-sys-time: 1532.975064
      bogo-ops-per-second-real-time: 12241.953282
      wall-clock-time: 20.000076
      user-time: 159.703586
      system-time: 0.011993
      cpu-usage-per-instance: 99.821856
      max-rss: 1192

...
