---
system-info:
      stress-ng-version: 0.17.08
      run-by: root
      date-yyyy-mm-dd: 2024:06:06
      time-hh-mm-ss: 00:56:59
      epoch-secs: 1717635419
      hostname: 7504946d0da5
      sysname: Linux
      nodename: 7504946d0da5
      release: 6.8.0-1008-aws
      version: '#8-Ubuntu SMP Sat Apr 20 00:46:25 UTC 2024'
      machine: x86_64
      compiler: 'musl-gcc 13.2.1'
      uptime: 124
      totalram: 8055431168
      freeram: 3998216192
      sharedram: 29188096
      bufferram: 80150528
      totalswap: 0
      freeswap: 0
      pagesize: 4096
      cpus: 4
      cpus-online: 4
      ticks-per-second: 100

metrics:
    - stressor: cpu
      bogo-ops: 15255
      bogo-ops-per-second-usr-sys-time: 1525.459728
      bogo-ops-per-second-real-time: 1525.443737
      wall-clock-time: 10.000369
      user-time: 9.998265
      system-time: 0.001999
      cpu-usage-per-instance: 99.998952
      max-rss: 4048

...
