---
system-info:
      stress-ng-version: 0.17.08
      run-by: root
      date-yyyy-mm-dd: 2024:06:13
      time-hh-mm-ss: 07:09:05
      epoch-secs: 1718262545
      hostname: a26bc73b8352
      sysname: Linux
      nodename: a26bc73b8352
      release: 6.8.0-1008-aws
      version: '#8-Ubuntu SMP Sat Apr 20 00:46:25 UTC 2024'
      machine: x86_64
      compiler: 'musl-gcc 13.2.1'
      uptime: 137
      totalram: 8112054272
      freeram: 3802787840
      sharedram: 40722432
      bufferram: 106905600
      totalswap: 0
      freeswap: 0
      pagesize: 4096
      cpus: 4
      cpus-online: 4
      ticks-per-second: 100

metrics:
    - stressor: cpu
      bogo-ops: 29767
      bogo-ops-per-second-usr-sys-time: 1488.422188
      bogo-ops-per-second-real-time: 1488.345653
      wall-clock-time: 20.000058
      user-time: 19.999030
      system-time: 0.000000
      cpu-usage-per-instance: 99.994858
      max-rss: 1104

...
