---
system-info:
      stress-ng-version: 0.17.08
      run-by: root
      date-yyyy-mm-dd: 2024:06:12
      time-hh-mm-ss: 15:43:27
      epoch-secs: 1718207007
      hostname: e6a7e7de762b
      sysname: Linux
      nodename: e6a7e7de762b
      release: 6.8.0-1008-aws
      version: '#8-Ubuntu SMP Sat Apr 20 00:46:25 UTC 2024'
      machine: x86_64
      compiler: 'musl-gcc 13.2.1'
      uptime: 174
      totalram: 8112062464
      freeram: 3791863808
      sharedram: 40722432
      bufferram: 112570368
      totalswap: 0
      freeswap: 0
      pagesize: 4096
      cpus: 4
      cpus-online: 4
      ticks-per-second: 100

metrics:
    - stressor: cpu
      bogo-ops: 30881
      bogo-ops-per-second-usr-sys-time: 1544.100724
      bogo-ops-per-second-real-time: 1544.047202
      wall-clock-time: 20.000036
      user-time: 19.999343
      system-time: 0.000000
      cpu-usage-per-instance: 99.996534
      max-rss: 1104

...
