BaselineInfo:
  WebDBID: -1
  TimeStamp: 20260615230129
Version:
  Major: 11
  Minor: 0
  Build: 1004
  SpecialBuildName: ""
  ptArchitecture: x86_64_linux
Results:
  Results Complete: true
  NumTestProcesses: 4
  CPU_INTEGER_MATH: 25528.570666666667
  CPU_FLOATINGPOINT_MATH: 15602.604073645598
  CPU_PRIME: 68.001721565485241
  CPU_SORTING: 12752.18248630999
  CPU_ENCRYPTION: 5161.6263908873743
  CPU_COMPRESSION: 98006.077340766235
  CPU_SINGLETHREAD: 3641.6245924360242
  CPU_PHYSICS: 1293.3791765524552
  CPU_MATRIX_MULT_SSE: 7718.1916479573511
  CPU_mm: 739.21206328429707
  CPU_sse: 2760.3249902225034
  CPU_fma: 8406.3658669285669
  CPU_avx: 8218.7206908991684
  CPU_avx512: 11487.355043779162
  m_CPU_enc_SHA: 6445275132.9987154
  m_CPU_enc_AES: 5280533305.5860119
  m_CPU_enc_ECDSA: 4511264224.768631
  ME_ALLOC_S: 2912.7931113998648
  ME_READ_S: 32613.875585937501
  ME_READ_L: 30248.224609375
  ME_WRITE: 31636.05078125
  ME_LARGE: 7888.916666666667
  ME_LATENCY: 77.937100298181221
  ME_THREADED: 69998.880859375
  SUMM_CPU: 9695.8802904641652
  SUMM_ME: 2461.5146240309805
SystemInformation:
  OSName: Ubuntu 24.04.4 LTS
  Kernel: 6.8.0-124-generic
  Device: ""
  Processor: AMD EPYC-Turin Processor
  NumSockets: 1
  Manufacturer: AuthenticAMD
  NumCores: 2
  NumLogicals: 4
  CPUFrequency: 0
  CPUMaxFrequency: 0
  Memory: 15986
  CPUInfo:
    number: 1
    Family: 15
    Model: 0
    stepping: 0
    features: 395049983
    manufacture: AuthenticAMD
    typestring: AMD EPYC-Turin Processor
    iCoresPerPackage: 2
    iThreadsPerPackage: 2
    featuresEx:
      - 395049983
      - 4277809667
      - 802421759
    bHybrid: false
    nPCore: 0
    nLogicalsPerPCore: 0
    nECore: 0
    nLogicalsPerECore: 0
  MemModuleInfo:
    iNumMemSticks: 1
    DIMM 1:
      manufacturer: QEMU
      modulePartNo: Not Specified
      memType: RAM
      size: 16
      clkspeed: 0
      moduleVoltage: 0
Checksum: A6DD93494BFA759D81525F7A50C380699B8781B0