---
system-info:
      stress-ng-version: 0.17.08
      run-by: root
      date-yyyy-mm-dd: 2024:06:14
      time-hh-mm-ss: 08:42:14
      epoch-secs: 1718354534
      hostname: 2df379f1d79c
      sysname: Linux
      nodename: 2df379f1d79c
      release: 6.8.0-1008-aws
      version: '#8-Ubuntu SMP Sat Apr 20 02:43:14 UTC 2024'
      machine: aarch64
      compiler: 'musl-gcc 13.2.1'
      uptime: 151
      totalram: 3993092096
      freeram: 161558528
      sharedram: 35008512
      bufferram: 103817216
      totalswap: 0
      freeswap: 0
      pagesize: 4096
      cpus: 2
      cpus-online: 2
      ticks-per-second: 100

metrics:
    - stressor: cpu
      bogo-ops: 30646
      bogo-ops-per-second-usr-sys-time: 1532.406502
      bogo-ops-per-second-real-time: 1532.293680
      wall-clock-time: 20.000082
      user-time: 19.998610
      system-time: 0.000000
      cpu-usage-per-instance: 99.992638
      max-rss: 1192

...
