---
system-info:
      stress-ng-version: 0.17.08
      run-by: root
      date-yyyy-mm-dd: 2024:06:06
      time-hh-mm-ss: 15:56:36
      epoch-secs: 1717689396
      hostname: dfaa41a000fa
      sysname: Linux
      nodename: dfaa41a000fa
      release: 6.8.0-1008-aws
      version: '#8-Ubuntu SMP Sat Apr 20 02:43:14 UTC 2024'
      machine: aarch64
      compiler: 'musl-gcc 13.2.1'
      uptime: 126
      totalram: 3993088000
      freeram: 175050752
      sharedram: 35016704
      bufferram: 80211968
      totalswap: 0
      freeswap: 0
      pagesize: 4096
      cpus: 2
      cpus-online: 2
      ticks-per-second: 100

metrics:
    - stressor: cpu
      bogo-ops: 4267
      bogo-ops-per-second-usr-sys-time: 424.561230
      bogo-ops-per-second-real-time: 424.508847
      wall-clock-time: 10.051616
      user-time: 10.049377
      system-time: 0.000999
      cpu-usage-per-instance: 99.987662
      max-rss: 4136

...
