---
system-info:
      stress-ng-version: 0.17.08
      run-by: root
      date-yyyy-mm-dd: 2024:09:02
      time-hh-mm-ss: 23:48:30
      epoch-secs: 1725320910
      hostname: sc-runner
      sysname: Linux
      nodename: sc-runner
      release: 6.8.0-1013-azure
      version: '#15-Ubuntu SMP Thu Aug  8 18:40:40 UTC 2024'
      machine: x86_64
      compiler: 'musl-gcc 13.2.1'
      uptime: 347
      totalram: 8322945024
      freeram: 277237760
      sharedram: 42053632
      bufferram: 203444224
      totalswap: 0
      freeswap: 0
      pagesize: 4096
      cpus: 4
      cpus-online: 4
      ticks-per-second: 100

metrics:
    - stressor: cpu
      bogo-ops: 73876
      bogo-ops-per-second-usr-sys-time: 929.090941
      bogo-ops-per-second-real-time: 3693.780934
      wall-clock-time: 20.000103
      user-time: 79.492304
      system-time: 0.021979
      cpu-usage-per-instance: 99.392341
      max-rss: 3252

...
