BaselineInfo:
  WebDBID: -1
  TimeStamp: 20241109115735
Version:
  Major: 11
  Minor: 0
  Build: 1002
  SpecialBuildName: ""
  ptArchitecture: x86_64_linux
Results:
  Results Complete: true
  NumTestProcesses: 64
  CPU_INTEGER_MATH: 269398.94466666674
  CPU_FLOATINGPOINT_MATH: 137720.09972351001
  CPU_PRIME: 386.01958899266401
  CPU_SORTING: 136902.03117014791
  CPU_ENCRYPTION: 58531.978083915041
  CPU_COMPRESSION: 978427.28821104916
  CPU_SINGLETHREAD: 2434.6206443146366
  CPU_PHYSICS: 6708.4568856947471
  CPU_MATRIX_MULT_SSE: 57549.771695852229
  CPU_mm: 5803.1722803403227
  CPU_sse: 25344.448186432361
  CPU_fma: 70195.159588599461
  CPU_avx: 51836.654919504268
  CPU_avx512: 82822.824088872803
  m_CPU_enc_SHA: 59106104663.378242
  m_CPU_enc_AES: 88970233948.341766
  m_CPU_enc_ECDSA: 36049343742.237839
  ME_ALLOC_S: 30585.18246635266
  ME_READ_S: 24184.956835937501
  ME_READ_L: 12052.126953125
  ME_WRITE: 10925.5908203125
  ME_LARGE: 245633.5
  ME_LATENCY: 51.986128165083841
  ME_THREADED: 196583.95166015625
  SUMM_CPU: 61185.428203671669
  SUMM_ME: 2828.3765511098509
SystemInformation:
  OSName: Ubuntu 24.04.1 LTS
  Kernel: 6.8.0-1017-azure
  Device: ""
  Processor: Intel Xeon Platinum 8370C CPU @ 2.80GHz
  NumSockets: 2
  Manufacturer: GenuineIntel
  NumCores: 32
  NumLogicals: 64
  CPUFrequency: 2800
  Memory: 257909
  MemModuleInfo:
    iNumMemSticks: 4
    DIMM 1:
      manufacturer: Microsoft Corporation
      modulePartNo: None
      memType: Unknown
      size: 1
      clkspeed: 0
      moduleVoltage: 0
    DIMM 2:
      manufacturer: Microsoft Corporation
      modulePartNo: None
      memType: Unknown
      size: 59
      clkspeed: 0
      moduleVoltage: 0
    DIMM 3:
      manufacturer: Microsoft Corporation
      modulePartNo: None
      memType: Unknown
      size: 68
      clkspeed: 0
      moduleVoltage: 0
    DIMM 4:
      manufacturer: Microsoft Corporation
      modulePartNo: None
      memType: Unknown
      size: 128
      clkspeed: 0
      moduleVoltage: 0
Checksum: A47A9E20B2F7C10E12F95EBEC5AE755329E53D97