---
system-info:
      stress-ng-version: 0.17.08
      run-by: root
      date-yyyy-mm-dd: 2024:06:07
      time-hh-mm-ss: 17:22:08
      epoch-secs: 1717780928
      hostname: 80ce6a68a466
      sysname: Linux
      nodename: 80ce6a68a466
      release: 6.8.0-1008-aws
      version: '#8-Ubuntu SMP Sat Apr 20 00:46:25 UTC 2024'
      machine: x86_64
      compiler: 'musl-gcc 13.2.1'
      uptime: 160
      totalram: 15710015488
      freeram: 11480166400
      sharedram: 27541504
      bufferram: 94593024
      totalswap: 0
      freeswap: 0
      pagesize: 4096
      cpus: 4
      cpus-online: 4
      ticks-per-second: 100

metrics:
    - stressor: cpu
      bogo-ops: 13879
      bogo-ops-per-second-usr-sys-time: 1387.547424
      bogo-ops-per-second-real-time: 1387.536699
      wall-clock-time: 10.002618
      user-time: 10.002541
      system-time: 0.000000
      cpu-usage-per-instance: 99.999227
      max-rss: 3920

...
