---
system-info:
      stress-ng-version: 0.17.08
      run-by: root
      date-yyyy-mm-dd: 2024:06:14
      time-hh-mm-ss: 16:44:23
      epoch-secs: 1718383463
      hostname: 219a41227e56
      sysname: Linux
      nodename: 219a41227e56
      release: 6.8.0-1008-aws
      version: '#8-Ubuntu SMP Sat Apr 20 00:46:25 UTC 2024'
      machine: x86_64
      compiler: 'musl-gcc 13.2.1'
      uptime: 208
      totalram: 15709982720
      freeram: 11372437504
      sharedram: 27541504
      bufferram: 111910912
      totalswap: 0
      freeswap: 0
      pagesize: 4096
      cpus: 4
      cpus-online: 4
      ticks-per-second: 100

metrics:
    - stressor: cpu
      bogo-ops: 25324
      bogo-ops-per-second-usr-sys-time: 1266.208357
      bogo-ops-per-second-real-time: 1266.193313
      wall-clock-time: 20.000106
      user-time: 19.999868
      system-time: 0.000000
      cpu-usage-per-instance: 99.998812
      max-rss: 1104

...
