---
system-info:
      stress-ng-version: 0.17.08
      run-by: root
      date-yyyy-mm-dd: 2024:06:13
      time-hh-mm-ss: 08:43:17
      epoch-secs: 1718268197
      hostname: eadbd848cc5e
      sysname: Linux
      nodename: eadbd848cc5e
      release: 6.8.0-1008-aws
      version: '#8-Ubuntu SMP Sat Apr 20 00:46:25 UTC 2024'
      machine: x86_64
      compiler: 'musl-gcc 13.2.1'
      uptime: 156
      totalram: 16555905024
      freeram: 12272795648
      sharedram: 40730624
      bufferram: 105693184
      totalswap: 0
      freeswap: 0
      pagesize: 4096
      cpus: 2
      cpus-online: 2
      ticks-per-second: 100

metrics:
    - stressor: cpu
      bogo-ops: 34535
      bogo-ops-per-second-usr-sys-time: 873.557050
      bogo-ops-per-second-real-time: 1726.734582
      wall-clock-time: 20.000179
      user-time: 39.516808
      system-time: 0.016958
      cpu-usage-per-instance: 98.833533
      max-rss: 1104

...
