---
system-info:
      stress-ng-version: 0.17.08
      run-by: root
      date-yyyy-mm-dd: 2024:06:07
      time-hh-mm-ss: 12:39:41
      epoch-secs: 1717763981
      hostname: ae211f3309ce
      sysname: Linux
      nodename: ae211f3309ce
      release: 6.8.0-1008-aws
      version: '#8-Ubuntu SMP Sat Apr 20 00:46:25 UTC 2024'
      machine: x86_64
      compiler: 'musl-gcc 13.2.1'
      uptime: 152
      totalram: 16555905024
      freeram: 12387151872
      sharedram: 40730624
      bufferram: 90501120
      totalswap: 0
      freeswap: 0
      pagesize: 4096
      cpus: 2
      cpus-online: 2
      ticks-per-second: 100

metrics:
    - stressor: cpu
      bogo-ops: 20985
      bogo-ops-per-second-usr-sys-time: 1061.827882
      bogo-ops-per-second-real-time: 2098.088366
      wall-clock-time: 10.001962
      user-time: 19.756117
      system-time: 0.006973
      cpu-usage-per-instance: 98.796067
      max-rss: 4048

...
