---
system-info:
      stress-ng-version: 0.17.08
      run-by: root
      date-yyyy-mm-dd: 2024:09:17
      time-hh-mm-ss: 14:55:24
      epoch-secs: 1726584924
      hostname: sc-runner
      sysname: Linux
      nodename: sc-runner
      release: 6.8.0-1014-azure
      version: '#16-Ubuntu SMP Thu Aug 15 20:04:41 UTC 2024'
      machine: x86_64
      compiler: 'musl-gcc 13.2.1'
      uptime: 313
      totalram: 405533745152
      freeram: 394390159360
      sharedram: 55185408
      bufferram: 270520320
      totalswap: 0
      freeswap: 0
      pagesize: 4096
      cpus: 48
      cpus-online: 48
      ticks-per-second: 100

metrics:
    - stressor: cpu
      bogo-ops: 38006
      bogo-ops-per-second-usr-sys-time: 1900.250688
      bogo-ops-per-second-real-time: 1900.297689
      wall-clock-time: 20.000024
      user-time: 19.999519
      system-time: 0.001000
      cpu-usage-per-instance: 100.002473
      max-rss: 3200

...
