BaselineInfo:
  WebDBID: -1
  TimeStamp: 20260613063037
Version:
  Major: 11
  Minor: 0
  Build: 1004
  SpecialBuildName: ""
  ptArchitecture: x86_64_linux
Results:
  Results Complete: true
  NumTestProcesses: 64
  CPU_INTEGER_MATH: 314413.60733333346
  CPU_FLOATINGPOINT_MATH: 175915.87249954985
  CPU_PRIME: 756.4069731806087
  CPU_SORTING: 188881.49254799396
  CPU_ENCRYPTION: 79860.861385237309
  CPU_COMPRESSION: 1275517.5919417681
  CPU_SINGLETHREAD: 2991.3925930043042
  CPU_PHYSICS: 13301.834313080832
  CPU_MATRIX_MULT_SSE: 90915.729900210557
  CPU_mm: 8417.9472579259382
  CPU_sse: 37195.393231363516
  CPU_fma: 115862.40611698496
  CPU_avx: 95848.511251093296
  CPU_avx512: 114756.60900140025
  m_CPU_enc_SHA: 111742522797.86401
  m_CPU_enc_AES: 75854044224.516174
  m_CPU_enc_ECDSA: 63623980741.279716
  ME_ALLOC_S: 32639.257611631845
  ME_READ_S: 28623.429492187501
  ME_READ_L: 27525.78125
  ME_WRITE: 26633.837890625
  ME_LARGE: 761395.25
  ME_LATENCY: 67.792628965166742
  ME_THREADED: 427265.611328125
  SUMM_CPU: 80803.082583592724
  SUMM_ME: 3143.6879449585567
SystemInformation:
  OSName: Ubuntu 24.04.4 LTS
  Kernel: 6.8.0-124-generic
  Device: ""
  Processor: "AMD EPYC 9354P 32-Core Processor               "
  NumSockets: 1
  Manufacturer: AuthenticAMD
  NumCores: 32
  NumLogicals: 64
  CPUFrequency: 0
  CPUMaxFrequency: 0
  Memory: 773198
  CPUInfo:
    number: 1
    Family: 15
    Model: 1
    stepping: 1
    features: 395049983
    manufacture: AuthenticAMD
    typestring: "AMD EPYC 9354P 32-Core Processor               "
    iCoresPerPackage: 32
    iThreadsPerPackage: 2
    featuresEx:
      - 395049983
      - 2130326019
      - 802421759
    bHybrid: false
    nPCore: 0
    nLogicalsPerPCore: 0
    nECore: 0
    nLogicalsPerECore: 0
  MemModuleInfo:
    iNumMemSticks: 12
    DIMM 1:
      manufacturer: 80AD000080AD
      modulePartNo: HMCG94AEBRA123N
      memType: DDR5
      size: 64
      clkspeed: 2400
      moduleVoltage: 1.10000002
    DIMM 2:
      manufacturer: 80AD000080AD
      modulePartNo: HMCG94AEBRA109N
      memType: DDR5
      size: 64
      clkspeed: 2400
      moduleVoltage: 1.10000002
    DIMM 3:
      manufacturer: 80AD000080AD
      modulePartNo: HMCG94AEBRA123N
      memType: DDR5
      size: 64
      clkspeed: 2400
      moduleVoltage: 1.10000002
    DIMM 4:
      manufacturer: 80AD000080AD
      modulePartNo: HMCG94AEBRA109N
      memType: DDR5
      size: 64
      clkspeed: 2400
      moduleVoltage: 1.10000002
    DIMM 5:
      manufacturer: 80AD000080AD
      modulePartNo: HMCG94AEBRA123N
      memType: DDR5
      size: 64
      clkspeed: 2400
      moduleVoltage: 1.10000002
    DIMM 6:
      manufacturer: 80AD000080AD
      modulePartNo: HMCG94AEBRA109N
      memType: DDR5
      size: 64
      clkspeed: 2400
      moduleVoltage: 1.10000002
    DIMM 7:
      manufacturer: 80AD000080AD
      modulePartNo: HMCG94AEBRA123N
      memType: DDR5
      size: 64
      clkspeed: 2400
      moduleVoltage: 1.10000002
    DIMM 8:
      manufacturer: 80AD000080AD
      modulePartNo: HMCG94AEBRA109N
      memType: DDR5
      size: 64
      clkspeed: 2400
      moduleVoltage: 1.10000002
    DIMM 9:
      manufacturer: 80AD000080AD
      modulePartNo: HMCG94AEBRA123N
      memType: DDR5
      size: 64
      clkspeed: 2400
      moduleVoltage: 1.10000002
    DIMM 10:
      manufacturer: 80AD000080AD
      modulePartNo: HMCG94AEBRA109N
      memType: DDR5
      size: 64
      clkspeed: 2400
      moduleVoltage: 1.10000002
    DIMM 11:
      manufacturer: 80AD000080AD
      modulePartNo: HMCG94AEBRA123N
      memType: DDR5
      size: 64
      clkspeed: 2400
      moduleVoltage: 1.10000002
    DIMM 12:
      manufacturer: 80AD000080AD
      modulePartNo: HMCG94AEBRA109N
      memType: DDR5
      size: 64
      clkspeed: 2400
      moduleVoltage: 1.10000002
Checksum: DD74B3873772A53E4AE6E0A62F048696E25F9CA2