---
system-info:
      stress-ng-version: 0.17.08
      run-by: root
      date-yyyy-mm-dd: 2024:06:06
      time-hh-mm-ss: 05:31:34
      epoch-secs: 1717651894
      hostname: b4ace1780692
      sysname: Linux
      nodename: b4ace1780692
      release: 6.8.0-1008-aws
      version: '#8-Ubuntu SMP Sat Apr 20 02:43:14 UTC 2024'
      machine: aarch64
      compiler: 'musl-gcc 13.2.1'
      uptime: 116
      totalram: 132642865152
      freeram: 128160493568
      sharedram: 35246080
      bufferram: 79593472
      totalswap: 0
      freeswap: 0
      pagesize: 4096
      cpus: 64
      cpus-online: 64
      ticks-per-second: 100

metrics:
    - stressor: cpu
      bogo-ops: 188139
      bogo-ops-per-second-usr-sys-time: 292.489160
      bogo-ops-per-second-real-time: 18708.506274
      wall-clock-time: 10.056335
      user-time: 643.169120
      system-time: 0.064974
      cpu-usage-per-instance: 99.942306
      max-rss: 3584

...
