---
system-info:
      stress-ng-version: 0.17.08
      run-by: root
      date-yyyy-mm-dd: 2024:06:12
      time-hh-mm-ss: 22:40:13
      epoch-secs: 1718232013
      hostname: be370d31abe8
      sysname: Linux
      nodename: be370d31abe8
      release: 6.8.0-1008-aws
      version: '#8-Ubuntu SMP Sat Apr 20 02:43:14 UTC 2024'
      machine: aarch64
      compiler: 'musl-gcc 13.2.1'
      uptime: 129
      totalram: 132642865152
      freeram: 127988973568
      sharedram: 35246080
      bufferram: 110120960
      totalswap: 0
      freeswap: 0
      pagesize: 4096
      cpus: 64
      cpus-online: 64
      ticks-per-second: 100

metrics:
    - stressor: cpu
      bogo-ops: 1940765
      bogo-ops-per-second-usr-sys-time: 1516.750085
      bogo-ops-per-second-real-time: 97037.924745
      wall-clock-time: 20.000067
      user-time: 1279.528910
      system-time: 0.025988
      cpu-usage-per-instance: 99.964891
      max-rss: 1024

...
