---
system-info:
      stress-ng-version: 0.17.08
      run-by: root
      date-yyyy-mm-dd: 2024:07:12
      time-hh-mm-ss: 09:40:54
      epoch-secs: 1720777254
      hostname: ip-172-31-5-233
      sysname: Linux
      nodename: ip-172-31-5-233
      release: 6.8.0-1010-aws
      version: '#10-Ubuntu SMP Thu Jun 13 17:36:15 UTC 2024'
      machine: x86_64
      compiler: 'musl-gcc 13.2.1'
      uptime: 256
      totalram: 515633995776
      freeram: 506932285440
      sharedram: 96014336
      bufferram: 132784128
      totalswap: 0
      freeswap: 0
      pagesize: 4096
      cpus: 64
      cpus-online: 64
      ticks-per-second: 100

metrics:
    - stressor: cpu
      bogo-ops: 17139
      bogo-ops-per-second-usr-sys-time: 856.980380
      bogo-ops-per-second-real-time: 856.945474
      wall-clock-time: 20.000106
      user-time: 19.998292
      system-time: 0.000999
      cpu-usage-per-instance: 99.995927
      max-rss: 512

...
