BaselineInfo:
  WebDBID: -1
  TimeStamp: 20241202172311
Version:
  Major: 11
  Minor: 0
  Build: 1002
  SpecialBuildName: ""
  ptArchitecture: x86_64_linux
Results:
  Results Complete: true
  NumTestProcesses: 2
  CPU_INTEGER_MATH: 10468.760666666667
  CPU_FLOATINGPOINT_MATH: 7429.2188586756201
  CPU_PRIME: 20.335715335292363
  CPU_SORTING: 5305.2382336321698
  CPU_ENCRYPTION: 2322.7492238389264
  CPU_COMPRESSION: 40033.473543412641
  CPU_SINGLETHREAD: 3174.7255674991734
  CPU_PHYSICS: 506.73902656006794
  CPU_MATRIX_MULT_SSE: 3028.3819703365175
  CPU_mm: 299.37946670566345
  CPU_sse: 1292.0862516839657
  CPU_fma: 3624.2918123168529
  CPU_avx: 2723.3054673196611
  CPU_avx512: 4473.8443500255889
  m_CPU_enc_SHA: 2440011253.0782223
  m_CPU_enc_AES: 3161289856.272316
  m_CPU_enc_ECDSA: 1705436161.0578399
  ME_ALLOC_S: 1803.2869585883479
  ME_READ_S: 28026.837109374999
  ME_READ_L: 9341.9697265625
  ME_WRITE: 18567.458984375
  ME_LARGE: 4936.416666666667
  ME_LATENCY: 45.813178845162973
  ME_THREADED: 15034.90673828125
  SUMM_CPU: 4125.7445239643739
  SUMM_ME: 2043.8528107210891
SystemInformation:
  OSName: Ubuntu 24.04.1 LTS
  Kernel: 6.8.0-1018-aws
  Device: ""
  Processor: Intel Xeon Platinum 8559C
  NumSockets: 1
  Manufacturer: GenuineIntel
  NumCores: 1
  NumLogicals: 2
  CPUFrequency: 0
  Memory: 15706
  MemModuleInfo:
    iNumMemSticks: 1
    DIMM 1:
      manufacturer: Not Specified
      modulePartNo: Not Specified
      memType: DDR5
      size: 16
      clkspeed: 2800
      moduleVoltage: 0
Checksum: 40B682F6F235D7A2D3486E171492158D67F5E2EF