---
system-info:
      stress-ng-version: 0.17.08
      run-by: root
      date-yyyy-mm-dd: 2024:07:12
      time-hh-mm-ss: 12:58:26
      epoch-secs: 1720789106
      hostname: ip-172-31-1-41
      sysname: Linux
      nodename: ip-172-31-1-41
      release: 6.8.0-1010-aws
      version: '#10-Ubuntu SMP Thu Jun 13 17:36:15 UTC 2024'
      machine: x86_64
      compiler: 'musl-gcc 13.2.1'
      uptime: 201
      totalram: 401254653952
      freeram: 392618434560
      sharedram: 20918272
      bufferram: 132034560
      totalswap: 0
      freeswap: 0
      pagesize: 4096
      cpus: 96
      cpus-online: 96
      ticks-per-second: 100

metrics:
    - stressor: cpu
      bogo-ops: 735628
      bogo-ops-per-second-usr-sys-time: 383.417040
      bogo-ops-per-second-real-time: 36781.069379
      wall-clock-time: 20.000180
      user-time: 1918.556643
      system-time: 0.053965
      cpu-usage-per-instance: 99.926738
      max-rss: 768

...
