BaselineInfo:
  WebDBID: -1
  TimeStamp: 20260620010750
Version:
  Major: 11
  Minor: 0
  Build: 1004
  SpecialBuildName: ""
  ptArchitecture: x86_64_linux
Results:
  Results Complete: true
  NumTestProcesses: 32
  CPU_INTEGER_MATH: 184978.54833333337
  CPU_FLOATINGPOINT_MATH: 112808.27455981687
  CPU_PRIME: 268.36411411278976
  CPU_SORTING: 82330.310823263892
  CPU_ENCRYPTION: 36318.324606798888
  CPU_COMPRESSION: 636101.46740954299
  CPU_SINGLETHREAD: 3387.2463365197477
  CPU_PHYSICS: 5547.1061337209112
  CPU_MATRIX_MULT_SSE: 48401.128766021429
  CPU_mm: 4730.690812333738
  CPU_sse: 17996.259278901864
  CPU_fma: 52316.427569768959
  CPU_avx: 50773.627824727897
  CPU_avx512: 72518.200390686994
  m_CPU_enc_SHA: 46912943844.657166
  m_CPU_enc_AES: 37771058562.898369
  m_CPU_enc_ECDSA: 29563568221.140709
  ME_ALLOC_S: 18488.513095035454
  ME_READ_S: 30209.6357421875
  ME_READ_L: 28060.91796875
  ME_WRITE: 29325.615234375
  ME_LARGE: 119860.5
  ME_LATENCY: 80.54545514907187
  ME_THREADED: 112216.18994140625
  SUMM_CPU: 51858.257263073559
  SUMM_ME: 2769.6731373590451
SystemInformation:
  OSName: Ubuntu 24.04.4 LTS
  Kernel: 6.17.0-1018-azure
  Device: ""
  Processor: "AMD EPYC 9V45 96-Core Processor                "
  NumSockets: 1
  Manufacturer: AuthenticAMD
  NumCores: 16
  NumLogicals: 32
  CPUFrequency: 0
  CPUMaxFrequency: 0
  Memory: 128804
  CPUInfo:
    number: 1
    Family: 15
    Model: 2
    stepping: 1
    features: 395049983
    manufacture: AuthenticAMD
    typestring: "AMD EPYC 9V45 96-Core Processor                "
    iCoresPerPackage: 16
    iThreadsPerPackage: 2
    featuresEx:
      - 395049983
      - 4277809667
      - 802421759
    bHybrid: false
    nPCore: 0
    nLogicalsPerPCore: 0
    nECore: 0
    nLogicalsPerECore: 0
  MemModuleInfo:
    iNumMemSticks: 3
    DIMM 1:
      manufacturer: Microsoft Corporation
      modulePartNo: None
      memType: Unknown
      size: 1
      clkspeed: 0
      moduleVoltage: 0
    DIMM 2:
      manufacturer: Microsoft Corporation
      modulePartNo: None
      memType: Unknown
      size: 59
      clkspeed: 0
      moduleVoltage: 0
    DIMM 3:
      manufacturer: Microsoft Corporation
      modulePartNo: None
      memType: Unknown
      size: 68
      clkspeed: 0
      moduleVoltage: 0
Checksum: B49259EBEC4B5162A18503745D14A4A4CACD7DF9