BaselineInfo:
  WebDBID: -1
  TimeStamp: 20241107114006
Version:
  Major: 11
  Minor: 0
  Build: 1002
  SpecialBuildName: ""
  ptArchitecture: x86_64_linux
Results:
  Results Complete: true
  NumTestProcesses: 2
  CPU_INTEGER_MATH: 8321.2710000000006
  CPU_FLOATINGPOINT_MATH: 4256.2040860388597
  CPU_PRIME: 18.451778689834573
  CPU_SORTING: 4333.9613496376569
  CPU_ENCRYPTION: 1806.8239403084585
  CPU_COMPRESSION: 31842.809184091951
  CPU_SINGLETHREAD: 2299.2337886792134
  CPU_PHYSICS: 366.86807123912899
  CPU_MATRIX_MULT_SSE: 1676.5159141693168
  CPU_mm: 179.57900108726403
  CPU_sse: 789.23997275265197
  CPU_fma: 2161.4787241678823
  CPU_avx: 1602.6767575328108
  CPU_avx512: 2152.668202223922
  m_CPU_enc_SHA: 1821041963.6285415
  m_CPU_enc_AES: 2738489446.889473
  m_CPU_enc_ECDSA: 1124245249.5806322
  ME_ALLOC_S: 999.24391321525536
  ME_READ_S: 23935.109960937501
  ME_READ_L: 11097.255859375
  ME_WRITE: 10182.291015625
  ME_LARGE: 5855.833333333333
  ME_LATENCY: 61.795538217293746
  ME_THREADED: 15242.96826171875
  SUMM_CPU: 2969.4356463432537
  SUMM_ME: 1753.84530382363
SystemInformation:
  OSName: Ubuntu 24.04.1 LTS
  Kernel: 6.8.0-1016-aws
  Device: ""
  Processor: Intel Xeon Platinum 8375C CPU @ 2.90GHz
  NumSockets: 1
  Manufacturer: GenuineIntel
  NumCores: 1
  NumLogicals: 2
  CPUFrequency: 0
  Memory: 15706
  MemModuleInfo:
    iNumMemSticks: 1
    DIMM 1:
      manufacturer: Not Specified
      modulePartNo: Not Specified
      memType: DDR4
      size: 16
      clkspeed: 1600
      moduleVoltage: 0
Checksum: 999D60C6AE0D6BC80F67EC45597F11DA839D5068