BaselineInfo:
  WebDBID: -1
  TimeStamp: 20251016203626
Version:
  Major: 11
  Minor: 0
  Build: 1002
  SpecialBuildName: ""
  ptArchitecture: x86_64_linux
Results:
  Results Complete: true
  NumTestProcesses: 12
  CPU_INTEGER_MATH: 71992.201333333331
  CPU_FLOATINGPOINT_MATH: 63338.050115036815
  CPU_PRIME: 230.50054075891723
  CPU_SORTING: 46061.137930108627
  CPU_ENCRYPTION: 15573.695150837262
  CPU_COMPRESSION: 313936.03800103336
  CPU_SINGLETHREAD: 2882.0726959673593
  CPU_PHYSICS: 4185.3384115593744
  CPU_MATRIX_MULT_SSE: 29581.651422282503
  CPU_mm: 3111.1285503373369
  CPU_sse: 13722.390660659818
  CPU_fma: 40549.621031680028
  CPU_avx: 34929.764189048241
  CPU_avx512: 29124.829807741939
  m_CPU_enc_SHA: 21578564027.388138
  m_CPU_enc_AES: 13666074594.978245
  m_CPU_enc_ECDSA: 13745970277.086622
  ME_ALLOC_S: 12517.844684894888
  ME_READ_S: 27508.491015625001
  ME_READ_L: 26418.9375
  ME_WRITE: 26185.5078125
  ME_LARGE: 13748.916666666666
  ME_LATENCY: 69.049020020274853
  ME_THREADED: 290452.734375
  SUMM_CPU: 28868.842930055944
  SUMM_ME: 2832.2655581060171
SystemInformation:
  OSName: Ubuntu 24.04.2 LTS
  Kernel: 6.8.0-79-generic
  Device: ""
  Processor: AMD EPYC-Genoa Processor
  NumSockets: 1
  Manufacturer: AuthenticAMD
  NumCores: 12
  NumLogicals: 12
  CPUFrequency: 0
  Memory: 23457
  MemModuleInfo:
    iNumMemSticks: 2
    DIMM 1:
      manufacturer: QEMU
      modulePartNo: Not Specified
      memType: RAM
      size: 16
      clkspeed: 0
      moduleVoltage: 0
    DIMM 2:
      manufacturer: QEMU
      modulePartNo: Not Specified
      memType: RAM
      size: 7616
      clkspeed: 0
      moduleVoltage: 0
Checksum: 47E6355E81DFE0F8C42BE25CC8EF23E058089310