---
system-info:
      stress-ng-version: 0.17.08
      run-by: root
      date-yyyy-mm-dd: 2024:09:17
      time-hh-mm-ss: 05:18:51
      epoch-secs: 1726550331
      hostname: sc-runner
      sysname: Linux
      nodename: sc-runner
      release: 6.8.0-1014-azure
      version: '#16-Ubuntu SMP Thu Aug 15 20:04:41 UTC 2024'
      machine: x86_64
      compiler: 'musl-gcc 13.2.1'
      uptime: 280
      totalram: 270255984640
      freeram: 259609505792
      sharedram: 55029760
      bufferram: 282775552
      totalswap: 0
      freeswap: 0
      pagesize: 4096
      cpus: 16
      cpus-online: 16
      ticks-per-second: 100

metrics:
    - stressor: cpu
      bogo-ops: 310654
      bogo-ops-per-second-usr-sys-time: 971.774088
      bogo-ops-per-second-real-time: 15532.637195
      wall-clock-time: 20.000081
      user-time: 319.665188
      system-time: 0.011992
      cpu-usage-per-instance: 99.898715
      max-rss: 1104

...
