BaselineInfo:
  WebDBID: -1
  TimeStamp: 20241107104219
Version:
  Major: 11
  Minor: 0
  Build: 1002
  SpecialBuildName: ""
  ptArchitecture: aarch64_linux
Results:
  Results Complete: true
  NumTestProcesses: 8
  CPU_INTEGER_MATH: 37704.644666666667
  CPU_FLOATINGPOINT_MATH: 28714.520430312721
  CPU_PRIME: 73.07487949504636
  CPU_SORTING: 27501.47149835317
  CPU_ENCRYPTION: 1301.8655535193557
  CPU_COMPRESSION: 44885.27361292328
  CPU_SINGLETHREAD: 1333.2406113438008
  CPU_PHYSICS: 1263.4423445911571
  CPU_MATRIX_MULT_SSE: 5963.1373009098097
  CPU_mm: 997.88757561864713
  CPU_sse: 4991.9673688182911
  CPU_fma: 6934.3072330013283
  CPU_avx: 0
  CPU_avx512: 0
  m_CPU_enc_SHA: 1936415921.0429535
  m_CPU_enc_AES: 900722572.68079388
  m_CPU_enc_ECDSA: 1258176430.2175877
  ME_ALLOC_S: 5726.9477088016292
  ME_READ_S: 11377.68642578125
  ME_READ_L: 9130.8720703125
  ME_WRITE: 15029.318359375
  ME_LARGE: 6023.916666666667
  ME_LATENCY: 69.786672500367686
  ME_THREADED: 69204.6064453125
  SUMM_CPU: 6247.8349049214903
  SUMM_ME: 1748.770668760194
SystemInformation:
  OSName: Ubuntu 24.04.1 LTS
  Kernel: 6.8.0-1017-azure
  Device: ""
  Processor: ARM Neoverse-N1 8 Core 0 MHz
  NumSockets: 1
  Manufacturer: ARM
  NumCores: 8
  NumLogicals: 8
  CPUFrequency: 0
  Memory: 15958
Checksum: C168BD8342B133357996C95F111135E58EA2807B