---
system-info:
      stress-ng-version: 0.17.08
      run-by: root
      date-yyyy-mm-dd: 2024:07:02
      time-hh-mm-ss: 15:52:27
      epoch-secs: 1719935547
      hostname: c2d-standard-56-5f862b6
      sysname: Linux
      nodename: c2d-standard-56-5f862b6
      release: 6.8.0-1009-gcp
      version: '#10-Ubuntu SMP Wed Jun 12 18:52:23 UTC 2024'
      machine: x86_64
      compiler: 'musl-gcc 13.2.1'
      uptime: 139
      totalram: 236418822144
      freeram: 230723399680
      sharedram: 35426304
      bufferram: 127864832
      totalswap: 0
      freeswap: 0
      pagesize: 4096
      cpus: 56
      cpus-online: 56
      ticks-per-second: 100

metrics:
    - stressor: cpu
      bogo-ops: 1642159
      bogo-ops-per-second-usr-sys-time: 1466.790735
      bogo-ops-per-second-real-time: 82107.715927
      wall-clock-time: 20.000057
      user-time: 1119.527171
      system-time: 0.031987
      cpu-usage-per-instance: 99.960354
      max-rss: 448

...
