---
system-info:
      stress-ng-version: 0.17.08
      run-by: root
      date-yyyy-mm-dd: 2024:06:15
      time-hh-mm-ss: 23:55:32
      epoch-secs: 1718495732
      hostname: 9f0097e28b14
      sysname: Linux
      nodename: 9f0097e28b14
      release: 6.8.0-1008-aws
      version: '#8-Ubuntu SMP Sat Apr 20 02:43:14 UTC 2024'
      machine: aarch64
      compiler: 'musl-gcc 13.2.1'
      uptime: 113
      totalram: 66201268224
      freeram: 61846577152
      sharedram: 35016704
      bufferram: 107876352
      totalswap: 0
      freeswap: 0
      pagesize: 4096
      cpus: 8
      cpus-online: 8
      ticks-per-second: 100

metrics:
    - stressor: cpu
      bogo-ops: 244768
      bogo-ops-per-second-usr-sys-time: 1532.456552
      bogo-ops-per-second-real-time: 12238.363454
      wall-clock-time: 20.000060
      user-time: 159.713642
      system-time: 0.008994
      cpu-usage-per-instance: 99.826349
      max-rss: 1192

...
