---
system-info:
      stress-ng-version: 0.17.08
      run-by: root
      date-yyyy-mm-dd: 2024:06:09
      time-hh-mm-ss: 21:39:59
      epoch-secs: 1717969199
      hostname: 851ba0c1fdcc
      sysname: Linux
      nodename: 851ba0c1fdcc
      release: 6.8.0-1008-aws
      version: '#8-Ubuntu SMP Sat Apr 20 02:43:14 UTC 2024'
      machine: aarch64
      compiler: 'musl-gcc 13.2.1'
      uptime: 120
      totalram: 66201260032
      freeram: 61622022144
      sharedram: 35016704
      bufferram: 111251456
      totalswap: 0
      freeswap: 0
      pagesize: 4096
      cpus: 8
      cpus-online: 8
      ticks-per-second: 100

metrics:
    - stressor: cpu
      bogo-ops: 34071
      bogo-ops-per-second-usr-sys-time: 424.970626
      bogo-ops-per-second-real-time: 3392.019053
      wall-clock-time: 10.044460
      user-time: 80.156611
      system-time: 0.015989
      cpu-usage-per-instance: 99.772162
      max-rss: 4136

...
