---
system-info:
      stress-ng-version: 0.17.08
      run-by: root
      date-yyyy-mm-dd: 2024:06:05
      time-hh-mm-ss: 13:38:00
      epoch-secs: 1717594680
      hostname: a772755aae0a
      sysname: Linux
      nodename: a772755aae0a
      release: 6.8.0-1008-aws
      version: '#8-Ubuntu SMP Sat Apr 20 00:46:25 UTC 2024'
      machine: x86_64
      compiler: 'musl-gcc 13.2.1'
      uptime: 166
      totalram: 3905933312
      freeram: 105820160
      sharedram: 27541504
      bufferram: 75341824
      totalswap: 0
      freeswap: 0
      pagesize: 4096
      cpus: 2
      cpus-online: 2
      ticks-per-second: 100

metrics:
    - stressor: cpu
      bogo-ops: 20707
      bogo-ops-per-second-usr-sys-time: 1048.225405
      bogo-ops-per-second-real-time: 2070.563922
      wall-clock-time: 10.000657
      user-time: 19.749348
      system-time: 0.004991
      cpu-usage-per-instance: 98.765204
      max-rss: 4048

...
