---
system-info:
      stress-ng-version: 0.17.08
      run-by: root
      date-yyyy-mm-dd: 2024:06:14
      time-hh-mm-ss: 02:23:46
      epoch-secs: 1718331826
      hostname: 5c0382ad7508
      sysname: Linux
      nodename: 5c0382ad7508
      release: 6.8.0-1008-aws
      version: '#8-Ubuntu SMP Sat Apr 20 00:46:25 UTC 2024'
      machine: x86_64
      compiler: 'musl-gcc 13.2.1'
      uptime: 185
      totalram: 3905945600
      freeram: 133541888
      sharedram: 27541504
      bufferram: 102109184
      totalswap: 0
      freeswap: 0
      pagesize: 4096
      cpus: 2
      cpus-online: 2
      ticks-per-second: 100

metrics:
    - stressor: cpu
      bogo-ops: 33704
      bogo-ops-per-second-usr-sys-time: 851.620772
      bogo-ops-per-second-real-time: 1685.189082
      wall-clock-time: 20.000130
      user-time: 39.574321
      system-time: 0.001980
      cpu-usage-per-instance: 98.940111
      max-rss: 1104

...
