BaselineInfo:
  WebDBID: -1
  TimeStamp: 20241107193030
Version:
  Major: 11
  Minor: 0
  Build: 1002
  SpecialBuildName: ""
  ptArchitecture: x86_64_linux
Results:
  Results Complete: true
  NumTestProcesses: 8
  CPU_INTEGER_MATH: 33419.865666666672
  CPU_FLOATINGPOINT_MATH: 17121.170104558878
  CPU_PRIME: 54.669490755277877
  CPU_SORTING: 17194.993807024603
  CPU_ENCRYPTION: 7283.3986036224487
  CPU_COMPRESSION: 124156.26732455392
  CPU_SINGLETHREAD: 2422.0855617404741
  CPU_PHYSICS: 1050.5944424712361
  CPU_MATRIX_MULT_SSE: 6938.5961302582655
  CPU_mm: 719.88994767071733
  CPU_sse: 3177.6710272026403
  CPU_fma: 8734.4868318276422
  CPU_avx: 6457.0679526984068
  CPU_avx512: 9385.1587093043763
  m_CPU_enc_SHA: 7372839225.463851
  m_CPU_enc_AES: 11076901709.14706
  m_CPU_enc_ECDSA: 4461849987.9651251
  ME_ALLOC_S: 3585.2880413822631
  ME_READ_S: 24007.753710937501
  ME_READ_L: 9252.2783203125
  ME_WRITE: 7646.82568359375
  ME_LARGE: 5952.166666666667
  ME_LATENCY: 64.78895117134131
  ME_THREADED: 39165.25439453125
  SUMM_CPU: 11077.412892434442
  SUMM_ME: 1913.1199034533254
SystemInformation:
  OSName: Ubuntu 24.04.1 LTS
  Kernel: 6.8.0-1017-azure
  Device: ""
  Processor: Intel Xeon Platinum 8370C CPU @ 2.80GHz
  NumSockets: 1
  Manufacturer: GenuineIntel
  NumCores: 4
  NumLogicals: 8
  CPUFrequency: 2800
  Memory: 15987
  MemModuleInfo:
    iNumMemSticks: 2
    DIMM 1:
      manufacturer: Microsoft Corporation
      modulePartNo: None
      memType: Unknown
      size: 1
      clkspeed: 0
      moduleVoltage: 0
    DIMM 2:
      manufacturer: Microsoft Corporation
      modulePartNo: None
      memType: Unknown
      size: 15
      clkspeed: 0
      moduleVoltage: 0
Checksum: 3949FE9E3D3F450D438C3B168886F80F1E283D71