---
system-info:
      stress-ng-version: 0.17.08
      run-by: root
      date-yyyy-mm-dd: 2024:08:20
      time-hh-mm-ss: 08:14:11
      epoch-secs: 1724141651
      hostname: ip-10-150-130-160
      sysname: Linux
      nodename: ip-10-150-130-160
      release: 6.8.0-1013-aws
      version: '#14-Ubuntu SMP Thu Jul 25 21:19:24 UTC 2024'
      machine: x86_64
      compiler: 'musl-gcc 13.2.1'
      uptime: 1192
      totalram: 773533175808
      freeram: 763656720384
      sharedram: 96555008
      bufferram: 127995904
      totalswap: 0
      freeswap: 0
      pagesize: 4096
      cpus: 64
      cpus-online: 64
      ticks-per-second: 100

metrics:
    - stressor: cpu
      bogo-ops: 652719
      bogo-ops-per-second-usr-sys-time: 510.235285
      bogo-ops-per-second-real-time: 32635.621304
      wall-clock-time: 20.000201
      user-time: 1279.230101
      system-time: 0.020901
      cpu-usage-per-instance: 99.940478
      max-rss: 512

...
