BaselineInfo:
  WebDBID: -1
  TimeStamp: 20250418095231
Version:
  Major: 11
  Minor: 0
  Build: 1002
  SpecialBuildName: ""
  ptArchitecture: x86_64_linux
Results:
  Results Complete: true
  NumTestProcesses: 96
  CPU_INTEGER_MATH: 382208.26500000007
  CPU_FLOATINGPOINT_MATH: 270865.22469826235
  CPU_PRIME: 751.70320416664913
  CPU_SORTING: 184413.02685638779
  CPU_ENCRYPTION: 84174.212040996179
  CPU_COMPRESSION: 1360402.0707441675
  CPU_SINGLETHREAD: 2921.2594524616202
  CPU_PHYSICS: 11241.002916853897
  CPU_MATRIX_MULT_SSE: 105443.80828061484
  CPU_mm: 10449.881586123869
  CPU_sse: 44990.514112099161
  CPU_fma: 119867.33521203129
  CPU_avx: 91999.653297954763
  CPU_avx512: 164917.73050037405
  m_CPU_enc_SHA: 88903168169.34523
  m_CPU_enc_AES: 115835435977.44595
  m_CPU_enc_ECDSA: 60050571548.507645
  ME_ALLOC_S: 32248.971953030559
  ME_READ_S: 26563.036914062501
  ME_READ_L: 10861.9892578125
  ME_WRITE: 10119.8583984375
  ME_LARGE: 374583.58333333331
  ME_LATENCY: 56.139784448587619
  ME_THREADED: 287160.94677734375
  SUMM_CPU: 86698.127173918314
  SUMM_ME: 2718.0879858071517
SystemInformation:
  OSName: Ubuntu 24.04.2 LTS
  Kernel: 6.8.0-1021-azure
  Device: ""
  Processor: INTEL XEON PLATINUM 8573C
  NumSockets: 1
  Manufacturer: GenuineIntel
  NumCores: 48
  NumLogicals: 96
  CPUFrequency: 2300
  Memory: 386920
  MemModuleInfo:
    iNumMemSticks: 4
    DIMM 1:
      manufacturer: Microsoft Corporation
      modulePartNo: None
      memType: Unknown
      size: 1
      clkspeed: 0
      moduleVoltage: 0
    DIMM 2:
      manufacturer: Microsoft Corporation
      modulePartNo: None
      memType: Unknown
      size: 59
      clkspeed: 0
      moduleVoltage: 0
    DIMM 3:
      manufacturer: Microsoft Corporation
      modulePartNo: None
      memType: Unknown
      size: 132
      clkspeed: 0
      moduleVoltage: 0
    DIMM 4:
      manufacturer: Microsoft Corporation
      modulePartNo: None
      memType: Unknown
      size: 192
      clkspeed: 0
      moduleVoltage: 0
Checksum: 88F87C620CF72C59734C88AB9DA4FABA9E54CB87