---
system-info:
      stress-ng-version: 0.17.08
      run-by: root
      date-yyyy-mm-dd: 2024:09:15
      time-hh-mm-ss: 22:26:39
      epoch-secs: 1726439199
      hostname: sc-runner
      sysname: Linux
      nodename: sc-runner
      release: 6.8.0-1014-azure
      version: '#16-Ubuntu SMP Thu Aug 15 20:04:41 UTC 2024'
      machine: x86_64
      compiler: 'musl-gcc 13.2.1'
      uptime: 337
      totalram: 16766771200
      freeram: 6770753536
      sharedram: 42012672
      bufferram: 222150656
      totalswap: 0
      freeswap: 0
      pagesize: 4096
      cpus: 2
      cpus-online: 2
      ticks-per-second: 100

metrics:
    - stressor: cpu
      bogo-ops: 28114
      bogo-ops-per-second-usr-sys-time: 1406.092581
      bogo-ops-per-second-real-time: 1405.689845
      wall-clock-time: 20.000144
      user-time: 19.993417
      system-time: 0.000999
      cpu-usage-per-instance: 99.971358
      max-rss: 3152

...
