---
system-info:
      stress-ng-version: 0.17.08
      run-by: root
      date-yyyy-mm-dd: 2024:06:07
      time-hh-mm-ss: 15:25:56
      epoch-secs: 1717773956
      hostname: 97c55bff6dea
      sysname: Linux
      nodename: 97c55bff6dea
      release: 6.8.0-1008-aws
      version: '#8-Ubuntu SMP Sat Apr 20 02:43:14 UTC 2024'
      machine: aarch64
      compiler: 'musl-gcc 13.2.1'
      uptime: 130
      totalram: 16435384320
      freeram: 12244758528
      sharedram: 35024896
      bufferram: 90873856
      totalswap: 0
      freeswap: 0
      pagesize: 4096
      cpus: 4
      cpus-online: 4
      ticks-per-second: 100

metrics:
    - stressor: cpu
      bogo-ops: 11755
      bogo-ops-per-second-usr-sys-time: 293.482965
      bogo-ops-per-second-real-time: 1168.203007
      wall-clock-time: 10.062463
      user-time: 40.051434
      system-time: 0.001998
      cpu-usage-per-instance: 99.511994
      max-rss: 4136

...
