---
system-info:
      stress-ng-version: 0.17.08
      run-by: root
      date-yyyy-mm-dd: 2024:06:14
      time-hh-mm-ss: 14:41:38
      epoch-secs: 1718376098
      hostname: b7edfe8f9488
      sysname: Linux
      nodename: b7edfe8f9488
      release: 6.8.0-1008-aws
      version: '#8-Ubuntu SMP Sat Apr 20 02:43:14 UTC 2024'
      machine: aarch64
      compiler: 'musl-gcc 13.2.1'
      uptime: 140
      totalram: 16435384320
      freeram: 12190052352
      sharedram: 35024896
      bufferram: 107376640
      totalswap: 0
      freeswap: 0
      pagesize: 4096
      cpus: 4
      cpus-online: 4
      ticks-per-second: 100

metrics:
    - stressor: cpu
      bogo-ops: 121052
      bogo-ops-per-second-usr-sys-time: 1519.709122
      bogo-ops-per-second-real-time: 6052.576226
      wall-clock-time: 20.000079
      user-time: 79.645723
      system-time: 0.008994
      cpu-usage-per-instance: 99.568005
      max-rss: 1192

...
