---
system-info:
      stress-ng-version: 0.17.08
      run-by: root
      date-yyyy-mm-dd: 2024:06:14
      time-hh-mm-ss: 05:20:59
      epoch-secs: 1718342459
      hostname: 632a171ddf0c
      sysname: Linux
      nodename: 632a171ddf0c
      release: 6.8.0-1008-aws
      version: '#8-Ubuntu SMP Sat Apr 20 02:43:14 UTC 2024'
      machine: aarch64
      compiler: 'musl-gcc 13.2.1'
      uptime: 122
      totalram: 8140926976
      freeram: 3903373312
      sharedram: 35024896
      bufferram: 105938944
      totalswap: 0
      freeswap: 0
      pagesize: 4096
      cpus: 4
      cpus-online: 4
      ticks-per-second: 100

metrics:
    - stressor: cpu
      bogo-ops: 121093
      bogo-ops-per-second-usr-sys-time: 1519.851583
      bogo-ops-per-second-real-time: 6054.632623
      wall-clock-time: 20.000057
      user-time: 79.663235
      system-time: 0.010992
      cpu-usage-per-instance: 99.592498
      max-rss: 1192

...
