---
system-info:
      stress-ng-version: 0.17.08
      run-by: root
      date-yyyy-mm-dd: 2024:06:06
      time-hh-mm-ss: 08:25:58
      epoch-secs: 1717662358
      hostname: 15b44235c0f7
      sysname: Linux
      nodename: 15b44235c0f7
      release: 6.8.0-1008-aws
      version: '#8-Ubuntu SMP Sat Apr 20 02:43:14 UTC 2024'
      machine: aarch64
      compiler: 'musl-gcc 13.2.1'
      uptime: 136
      totalram: 8140918784
      freeram: 4089696256
      sharedram: 35024896
      bufferram: 80351232
      totalswap: 0
      freeswap: 0
      pagesize: 4096
      cpus: 4
      cpus-online: 4
      ticks-per-second: 100

metrics:
    - stressor: cpu
      bogo-ops: 11731
      bogo-ops-per-second-usr-sys-time: 293.273057
      bogo-ops-per-second-real-time: 1167.272818
      wall-clock-time: 10.049921
      user-time: 39.995270
      system-time: 0.004995
      cpu-usage-per-instance: 99.503926
      max-rss: 4136

...
