BaselineInfo:
  WebDBID: -1
  TimeStamp: 20241121103049
Version:
  Major: 11
  Minor: 0
  Build: 1002
  SpecialBuildName: ""
  ptArchitecture: x86_64_linux
Results:
  Results Complete: true
  NumTestProcesses: 2
  CPU_INTEGER_MATH: 12023.234666666667
  CPU_FLOATINGPOINT_MATH: 10608.359463534876
  CPU_PRIME: 39.268862839863623
  CPU_SORTING: 7699.1154519341235
  CPU_ENCRYPTION: 2603.7148697047965
  CPU_COMPRESSION: 51392.607316813068
  CPU_SINGLETHREAD: 2906.5564936006022
  CPU_PHYSICS: 697.06118637733618
  CPU_MATRIX_MULT_SSE: 4714.925883840282
  CPU_mm: 519.55054671202902
  CPU_sse: 2322.7364132657149
  CPU_fma: 6798.0728717176171
  CPU_avx: 5840.4242406665298
  CPU_avx512: 3898.4700097112654
  m_CPU_enc_SHA: 3603857716.1559477
  m_CPU_enc_AES: 2281723309.0201111
  m_CPU_enc_ECDSA: 2304997744.4706707
  ME_ALLOC_S: 1964.9749713005708
  ME_READ_S: 27897.079492187499
  ME_READ_L: 27569.52734375
  ME_WRITE: 26862.92578125
  ME_LARGE: 1203
  ME_LATENCY: 77.409384563737547
  ME_THREADED: 38475.65625
  SUMM_CPU: 5405.0507625892606
  SUMM_ME: 1493.6547195074575
SystemInformation:
  OSName: Ubuntu 24.04.1 LTS
  Kernel: 6.8.0-1017-azure
  Device: ""
  Processor: AMD EPYC 9V74 80-Core Processor
  NumSockets: 1
  Manufacturer: AuthenticAMD
  NumCores: 2
  NumLogicals: 2
  CPUFrequency: 0
  Memory: 3912
  MemModuleInfo:
    iNumMemSticks: 2
    DIMM 1:
      manufacturer: Microsoft Corporation
      modulePartNo: None
      memType: Unknown
      size: 1
      clkspeed: 0
      moduleVoltage: 0
    DIMM 2:
      manufacturer: Microsoft Corporation
      modulePartNo: None
      memType: Unknown
      size: 3
      clkspeed: 0
      moduleVoltage: 0
Checksum: 01785EEC10593345FE7CC860468BE30F52101C76