---
system-info:
      stress-ng-version: 0.17.08
      run-by: root
      date-yyyy-mm-dd: 2024:06:12
      time-hh-mm-ss: 18:36:34
      epoch-secs: 1718217394
      hostname: 5100e43bd4e3
      sysname: Linux
      nodename: 5100e43bd4e3
      release: 6.8.0-1008-aws
      version: '#8-Ubuntu SMP Sat Apr 20 00:46:25 UTC 2024'
      machine: x86_64
      compiler: 'musl-gcc 13.2.1'
      uptime: 131
      totalram: 73720221696
      freeram: 69172977664
      sharedram: 29491200
      bufferram: 110936064
      totalswap: 0
      freeswap: 0
      pagesize: 4096
      cpus: 36
      cpus-online: 36
      ticks-per-second: 100

metrics:
    - stressor: cpu
      bogo-ops: 667660
      bogo-ops-per-second-usr-sys-time: 927.837362
      bogo-ops-per-second-real-time: 33382.882515
      wall-clock-time: 20.000070
      user-time: 719.565328
      system-time: 0.021991
      cpu-usage-per-instance: 99.942331
      max-rss: 916

...
