---
system-info:
      stress-ng-version: 0.17.08
      run-by: root
      date-yyyy-mm-dd: 2024:06:05
      time-hh-mm-ss: 15:29:04
      epoch-secs: 1717601344
      hostname: 8a9ab66614fa
      sysname: Linux
      nodename: 8a9ab66614fa
      release: 6.8.0-1008-aws
      version: '#8-Ubuntu SMP Sat Apr 20 00:46:25 UTC 2024'
      machine: x86_64
      compiler: 'musl-gcc 13.2.1'
      uptime: 117
      totalram: 73720209408
      freeram: 69460348928
      sharedram: 29491200
      bufferram: 77676544
      totalswap: 0
      freeswap: 0
      pagesize: 4096
      cpus: 36
      cpus-online: 36
      ticks-per-second: 100

metrics:
    - stressor: cpu
      bogo-ops: 392881
      bogo-ops-per-second-usr-sys-time: 1092.128174
      bogo-ops-per-second-real-time: 39281.930397
      wall-clock-time: 10.001571
      user-time: 359.689943
      system-time: 0.048968
      cpu-usage-per-instance: 99.911783
      max-rss: 3796

...
