---
system-info:
      stress-ng-version: 0.17.08
      run-by: root
      date-yyyy-mm-dd: 2024:06:12
      time-hh-mm-ss: 15:22:15
      epoch-secs: 1718205735
      hostname: 0188ad901dd6
      sysname: Linux
      nodename: 0188ad901dd6
      release: 6.8.0-1008-aws
      version: '#8-Ubuntu SMP Sat Apr 20 00:46:25 UTC 2024'
      machine: x86_64
      compiler: 'musl-gcc 13.2.1'
      uptime: 175
      totalram: 73720225792
      freeram: 69187444736
      sharedram: 29491200
      bufferram: 111362048
      totalswap: 0
      freeswap: 0
      pagesize: 4096
      cpus: 36
      cpus-online: 36
      ticks-per-second: 100

metrics:
    - stressor: cpu
      bogo-ops: 590547
      bogo-ops-per-second-usr-sys-time: 820.670026
      bogo-ops-per-second-real-time: 29527.326974
      wall-clock-time: 20.000016
      user-time: 719.564298
      system-time: 0.026989
      cpu-usage-per-instance: 99.943156
      max-rss: 1204

...
