---
system-info:
      stress-ng-version: 0.17.08
      run-by: root
      date-yyyy-mm-dd: 2024:06:19
      time-hh-mm-ss: 17:12:04
      epoch-secs: 1718817124
      hostname: 80dc266ac5df
      sysname: Linux
      nodename: 80dc266ac5df
      release: 6.8.0-1008-gcp
      version: '#9-Ubuntu SMP Wed May 22 18:40:57 UTC 2024'
      machine: aarch64
      compiler: 'musl-gcc 13.2.1'
      uptime: 168
      totalram: 4091654144
      freeram: 97017856
      sharedram: 3493888
      bufferram: 118796288
      totalswap: 0
      freeswap: 0
      pagesize: 4096
      cpus: 1
      cpus-online: 1
      ticks-per-second: 100

metrics:
    - stressor: cpu
      bogo-ops: 35617
      bogo-ops-per-second-usr-sys-time: 1813.066838
      bogo-ops-per-second-real-time: 1780.840808
      wall-clock-time: 20.000103
      user-time: 19.642632
      system-time: 0.001983
      cpu-usage-per-instance: 98.222568
      max-rss: 1192

...
