---
system-info:
      stress-ng-version: 0.17.08
      run-by: root
      date-yyyy-mm-dd: 2024:09:03
      time-hh-mm-ss: 13:20:38
      epoch-secs: 1725369638
      hostname: sc-runner
      sysname: Linux
      nodename: sc-runner
      release: 6.8.0-1013-azure
      version: '#15-Ubuntu SMP Thu Aug  8 18:40:40 UTC 2024'
      machine: x86_64
      compiler: 'musl-gcc 13.2.1'
      uptime: 313
      totalram: 33649881088
      freeram: 24979992576
      sharedram: 54964224
      bufferram: 221421568
      totalswap: 0
      freeswap: 0
      pagesize: 4096
      cpus: 8
      cpus-online: 8
      ticks-per-second: 100

metrics:
    - stressor: cpu
      bogo-ops: 155088
      bogo-ops-per-second-usr-sys-time: 972.183978
      bogo-ops-per-second-real-time: 7754.374175
      wall-clock-time: 20.000067
      user-time: 159.508373
      system-time: 0.016988
      cpu-usage-per-instance: 99.703019
      max-rss: 3152

...
