---
system-info:
      stress-ng-version: 0.17.08
      run-by: root
      date-yyyy-mm-dd: 2024:09:16
      time-hh-mm-ss: 13:12:21
      epoch-secs: 1726492341
      hostname: sc-runner
      sysname: Linux
      nodename: sc-runner
      release: 6.8.0-1014-azure
      version: '#16-Ubuntu SMP Thu Aug 15 20:04:41 UTC 2024'
      machine: x86_64
      compiler: 'musl-gcc 13.2.1'
      uptime: 294
      totalram: 33649876992
      freeram: 23440416768
      sharedram: 54956032
      bufferram: 236179456
      totalswap: 0
      freeswap: 0
      pagesize: 4096
      cpus: 8
      cpus-online: 8
      ticks-per-second: 100

metrics:
    - stressor: cpu
      bogo-ops: 155082
      bogo-ops-per-second-usr-sys-time: 971.342363
      bogo-ops-per-second-real-time: 7754.071368
      wall-clock-time: 20.000074
      user-time: 159.623417
      system-time: 0.033987
      cpu-usage-per-instance: 99.785509
      max-rss: 1104

...
