BaselineInfo:
  WebDBID: -1
  TimeStamp: 20251208173516
Version:
  Major: 11
  Minor: 0
  Build: 1002
  SpecialBuildName: ""
  ptArchitecture: x86_64_linux
Results:
  Results Complete: true
  NumTestProcesses: 2
  CPU_INTEGER_MATH: 5980.306333333333
  CPU_FLOATINGPOINT_MATH: 3475.7541642349142
  CPU_PRIME: 15.256669601492408
  CPU_SORTING: 3837.4561945282694
  CPU_ENCRYPTION: 544.75577006049321
  CPU_COMPRESSION: 28760.460792369158
  CPU_SINGLETHREAD: 1433.1312215915555
  CPU_PHYSICS: 262.45065888787451
  CPU_MATRIX_MULT_SSE: 1845.8731426129211
  CPU_mm: 256.84402508362302
  CPU_sse: 1031.8780026032819
  CPU_fma: 2745.4962611138753
  CPU_avx: 1760.2451641216055
  CPU_avx512: 0
  m_CPU_enc_SHA: 368857652.21672547
  m_CPU_enc_AES: 1019508441.6283183
  m_CPU_enc_ECDSA: 325287385.19581151
  ME_ALLOC_S: 980.17930177958897
  ME_READ_S: 16677.123046875
  ME_READ_L: 8318.4716796875
  ME_WRITE: 7927.5986328125
  ME_LARGE: 600
  ME_LATENCY: 57.96123383808564
  ME_THREADED: 15043.6416015625
  SUMM_CPU: 2054.9009677220588
  SUMM_ME: 896.33028833028743
SystemInformation:
  OSName: Ubuntu 24.04.2 LTS
  Kernel: 6.8.0-86-generic
  Device: ""
  Processor: Intel Core Processor (Haswell, no TSX)
  NumSockets: 2
  Manufacturer: GenuineIntel
  NumCores: 2
  NumLogicals: 2
  CPUFrequency: 0
  Memory: 3819
  MemModuleInfo:
    iNumMemSticks: 1
    DIMM 1:
      manufacturer: QEMU
      modulePartNo: Not Specified
      memType: RAM
      size: 4000
      clkspeed: 0
      moduleVoltage: 0
Checksum: CC7213771B88D97D07BA5180C7E9E38A8173CF17