BaselineInfo:
  WebDBID: -1
  TimeStamp: 20260404113726
Version:
  Major: 11
  Minor: 0
  Build: 1004
  SpecialBuildName: ""
  ptArchitecture: x86_64_linux
Results:
  Results Complete: true
  NumTestProcesses: 8
  CPU_INTEGER_MATH: 33522.673666666669
  CPU_FLOATINGPOINT_MATH: 17154.7816576732
  CPU_PRIME: 62.715458830680916
  CPU_SORTING: 17454.25699179947
  CPU_ENCRYPTION: 7280.5740243685123
  CPU_COMPRESSION: 124603.16154428609
  CPU_SINGLETHREAD: 2350.9064712915774
  CPU_PHYSICS: 1200.5084890287171
  CPU_MATRIX_MULT_SSE: 6924.427023527187
  CPU_mm: 723.23024474702356
  CPU_sse: 3151.7972542023167
  CPU_fma: 8719.1112627394432
  CPU_avx: 6459.434184503667
  CPU_avx512: 9367.3653926633197
  m_CPU_enc_SHA: 7355270013.4122009
  m_CPU_enc_AES: 11052254911.79295
  m_CPU_enc_ECDSA: 4495180639.3235588
  ME_ALLOC_S: 3983.9734683620741
  ME_READ_S: 24074.387890624999
  ME_READ_L: 9668.8486328125
  ME_WRITE: 10417.6982421875
  ME_LARGE: 49976.75
  ME_LATENCY: 56.216440125445054
  ME_THREADED: 52857.3876953125
  SUMM_CPU: 11208.373410823842
  SUMM_ME: 2386.9504122813869
SystemInformation:
  OSName: Ubuntu 24.04.4 LTS
  Kernel: 6.8.0-106-generic
  Device: ""
  Processor: Intel(R) Xeon(R) Platinum 8369B CPU @ 2.70GHz
  NumSockets: 1
  Manufacturer: GenuineIntel
  NumCores: 4
  NumLogicals: 8
  CPUFrequency: 0
  CPUMaxFrequency: 0
  Memory: 62877
  CPUInfo:
    number: 1
    Family: 6
    Model: 10
    stepping: 6
    features: 529267711
    manufacture: GenuineIntel
    typestring: Intel(R) Xeon(R) Platinum 8369B CPU @ 2.70GHz
    iCoresPerPackage: 4
    iThreadsPerPackage: 2
    featuresEx:
      - 529267711
      - 4277809667
      - 739248128
    bHybrid: false
    nPCore: 0
    nLogicalsPerPCore: 0
    nECore: 0
    nLogicalsPerECore: 0
  MemModuleInfo:
    iNumMemSticks: 4
    DIMM 1:
      manufacturer: Alibaba Cloud
      modulePartNo: Not Specified
      memType: RAM
      size: 16
      clkspeed: 0
      moduleVoltage: 0
    DIMM 2:
      manufacturer: Alibaba Cloud
      modulePartNo: Not Specified
      memType: RAM
      size: 16
      clkspeed: 0
      moduleVoltage: 0
    DIMM 3:
      manufacturer: Alibaba Cloud
      modulePartNo: Not Specified
      memType: RAM
      size: 16
      clkspeed: 0
      moduleVoltage: 0
    DIMM 4:
      manufacturer: Alibaba Cloud
      modulePartNo: Not Specified
      memType: RAM
      size: 16
      clkspeed: 0
      moduleVoltage: 0
Checksum: 1CCE95875C0442231AB249ABEE06C01235EE9AC4