BaselineInfo:
  WebDBID: -1
  TimeStamp: 20260405103419
Version:
  Major: 11
  Minor: 0
  Build: 1004
  SpecialBuildName: ""
  ptArchitecture: x86_64_linux
Results:
  Results Complete: true
  NumTestProcesses: 28
  CPU_INTEGER_MATH: 73343.30766666666
  CPU_FLOATINGPOINT_MATH: 46275.481990023189
  CPU_PRIME: 92.960224137525415
  CPU_SORTING: 45365.478488761924
  CPU_ENCRYPTION: 7109.0079885048317
  CPU_COMPRESSION: 319052.68087909091
  CPU_SINGLETHREAD: 1864.1076575611619
  CPU_PHYSICS: 1534.1488862945264
  CPU_MATRIX_MULT_SSE: 15215.238510153926
  CPU_mm: 2213.360392348186
  CPU_sse: 9099.6011166060653
  CPU_fma: 20695.541475781556
  CPU_avx: 15850.572938074169
  CPU_avx512: 0
  m_CPU_enc_SHA: 3200534593.1155925
  m_CPU_enc_AES: 16245968696.561394
  m_CPU_enc_ECDSA: 2916502191.9863386
  ME_ALLOC_S: 7804.9589958667393
  ME_READ_S: 20959.693945312501
  ME_READ_L: 7309.0380859375
  ME_WRITE: 6276.81103515625
  ME_LARGE: 91765.333333333328
  ME_LATENCY: 68.852501507763421
  ME_THREADED: 56691.243774414062
  SUMM_CPU: 19899.231587487946
  SUMM_ME: 1937.9832655745442
SystemInformation:
  OSName: Ubuntu 24.04.4 LTS
  Kernel: 6.8.0-106-generic
  Device: ""
  Processor: Intel(R) Xeon(R) CPU E5-2682 v4 @ 2.50GHz
  NumSockets: 1
  Manufacturer: GenuineIntel
  NumCores: 14
  NumLogicals: 28
  CPUFrequency: 0
  CPUMaxFrequency: 0
  Memory: 112168
  CPUInfo:
    number: 1
    Family: 6
    Model: 15
    stepping: 1
    features: 529267711
    manufacture: GenuineIntel
    typestring: Intel(R) Xeon(R) CPU E5-2682 v4 @ 2.50GHz
    iCoresPerPackage: 14
    iThreadsPerPackage: 2
    featuresEx:
      - 529267711
      - 4294586883
      - 739248128
    bHybrid: false
    nPCore: 0
    nLogicalsPerPCore: 0
    nECore: 0
    nLogicalsPerECore: 0
  MemModuleInfo:
    iNumMemSticks: 7
    DIMM 1:
      manufacturer: Alibaba Cloud
      modulePartNo: Not Specified
      memType: RAM
      size: 16
      clkspeed: 0
      moduleVoltage: 0
    DIMM 2:
      manufacturer: Alibaba Cloud
      modulePartNo: Not Specified
      memType: RAM
      size: 16
      clkspeed: 0
      moduleVoltage: 0
    DIMM 3:
      manufacturer: Alibaba Cloud
      modulePartNo: Not Specified
      memType: RAM
      size: 16
      clkspeed: 0
      moduleVoltage: 0
    DIMM 4:
      manufacturer: Alibaba Cloud
      modulePartNo: Not Specified
      memType: RAM
      size: 16
      clkspeed: 0
      moduleVoltage: 0
    DIMM 5:
      manufacturer: Alibaba Cloud
      modulePartNo: Not Specified
      memType: RAM
      size: 16
      clkspeed: 0
      moduleVoltage: 0
    DIMM 6:
      manufacturer: Alibaba Cloud
      modulePartNo: Not Specified
      memType: RAM
      size: 16
      clkspeed: 0
      moduleVoltage: 0
    DIMM 7:
      manufacturer: Alibaba Cloud
      modulePartNo: Not Specified
      memType: RAM
      size: 16
      clkspeed: 0
      moduleVoltage: 0
Checksum: 33C9C644463AEE0999C8FD43B3D08BE471FAE042