BaselineInfo:
  WebDBID: -1
  TimeStamp: 20241107174729
Version:
  Major: 11
  Minor: 0
  Build: 1002
  SpecialBuildName: ""
  ptArchitecture: x86_64_linux
Results:
  Results Complete: true
  NumTestProcesses: 4
  CPU_INTEGER_MATH: 16761.088333333333
  CPU_FLOATINGPOINT_MATH: 8571.2355111916877
  CPU_PRIME: 38.341194919751345
  CPU_SORTING: 8803.0506282891583
  CPU_ENCRYPTION: 3611.2925073000247
  CPU_COMPRESSION: 61190.907328740082
  CPU_SINGLETHREAD: 2421.6281265549942
  CPU_PHYSICS: 731.28674976772766
  CPU_MATRIX_MULT_SSE: 3433.3894810157226
  CPU_mm: 361.3517766962612
  CPU_sse: 1591.3602513337855
  CPU_fma: 4365.4196405789089
  CPU_avx: 3226.1781017335161
  CPU_avx512: 4550.599930416678
  m_CPU_enc_SHA: 3684147616.842207
  m_CPU_enc_AES: 5456245126.8705988
  m_CPU_enc_ECDSA: 2219751212.6910863
  ME_ALLOC_S: 2070.4671343476193
  ME_READ_S: 24034.205468749999
  ME_READ_L: 12160.4150390625
  ME_WRITE: 10756.3857421875
  ME_LARGE: 22113.833333333332
  ME_LATENCY: 53.430572364254722
  ME_THREADED: 31070.2978515625
  SUMM_CPU: 5855.4592243547677
  SUMM_ME: 2335.9674760298917
SystemInformation:
  OSName: Ubuntu 24.04.1 LTS
  Kernel: 6.8.0-1017-azure
  Device: ""
  Processor: Intel Xeon Platinum 8370C CPU @ 2.80GHz
  NumSockets: 1
  Manufacturer: GenuineIntel
  NumCores: 2
  NumLogicals: 4
  CPUFrequency: 2800
  Memory: 32092
  MemModuleInfo:
    iNumMemSticks: 2
    DIMM 1:
      manufacturer: Microsoft Corporation
      modulePartNo: None
      memType: Unknown
      size: 1
      clkspeed: 0
      moduleVoltage: 0
    DIMM 2:
      manufacturer: Microsoft Corporation
      modulePartNo: None
      memType: Unknown
      size: 31
      clkspeed: 0
      moduleVoltage: 0
Checksum: BA8BCD1FCB9E75CF1DD0B6673518AAE1EEDFA6DE