BaselineInfo:
  WebDBID: -1
  TimeStamp: 20251219122205
Version:
  Major: 11
  Minor: 0
  Build: 1002
  SpecialBuildName: ""
  ptArchitecture: x86_64_linux
Results:
  Results Complete: true
  NumTestProcesses: 16
  CPU_INTEGER_MATH: 53915.530333333329
  CPU_FLOATINGPOINT_MATH: 38308.402255283836
  CPU_PRIME: 125.16113554028453
  CPU_SORTING: 32933.526134328684
  CPU_ENCRYPTION: 6950.8904698146262
  CPU_COMPRESSION: 270976.45073817956
  CPU_SINGLETHREAD: 1826.6165704835453
  CPU_PHYSICS: 1746.4406183232675
  CPU_MATRIX_MULT_SSE: 18507.190151104132
  CPU_mm: 2400.9712531726295
  CPU_sse: 8626.4908154616787
  CPU_fma: 29039.186037535757
  CPU_avx: 19468.92986368727
  CPU_avx512: 16894.153887731838
  m_CPU_enc_SHA: 3815087160.8970079
  m_CPU_enc_AES: 14698718949.141804
  m_CPU_enc_ECDSA: 3351804665.7902069
  ME_ALLOC_S: 8570.6150825006061
  ME_READ_S: 21988.453906250001
  ME_READ_L: 6641.59326171875
  ME_WRITE: 7885.466796875
  ME_LARGE: 69982.916666666672
  ME_LATENCY: 92.011897958085683
  ME_THREADED: 84320.231201171875
  SUMM_CPU: 18342.426864673114
  SUMM_ME: 1757.2739935582176
SystemInformation:
  OSName: Ubuntu 24.04.2 LTS
  Kernel: 6.8.0-86-generic
  Device: ""
  Processor: Intel Xeon Silver 4214 CPU @ 2.20GHz
  NumSockets: 16
  Manufacturer: GenuineIntel
  NumCores: 16
  NumLogicals: 16
  CPUFrequency: 0
  Memory: 88381
  MemModuleInfo:
    iNumMemSticks: 1
    DIMM 1:
      manufacturer: QEMU
      modulePartNo: Not Specified
      memType: RAM
      size: 90000
      clkspeed: 0
      moduleVoltage: 0
Checksum: D72C66903338623EC3E8AEA519C0983EA5ADEC5A