BaselineInfo:
  WebDBID: -1
  TimeStamp: 20241111094506
Version:
  Major: 11
  Minor: 0
  Build: 1002
  SpecialBuildName: ""
  ptArchitecture: x86_64_linux
Results:
  Results Complete: true
  NumTestProcesses: 2
  CPU_INTEGER_MATH: 10294.668666666666
  CPU_FLOATINGPOINT_MATH: 7328.8370404560937
  CPU_PRIME: 23.044051944110365
  CPU_SORTING: 5162.7057747403596
  CPU_ENCRYPTION: 2279.0599059657643
  CPU_COMPRESSION: 38444.824846740237
  CPU_SINGLETHREAD: 3111.3904391613742
  CPU_PHYSICS: 515.72168473028137
  CPU_MATRIX_MULT_SSE: 2842.3151213852434
  CPU_mm: 291.49327849907388
  CPU_sse: 1262.9073209316593
  CPU_fma: 3310.0350292691433
  CPU_avx: 2658.0273750791744
  CPU_avx512: 4138.2907602609957
  m_CPU_enc_SHA: 2404977618.124146
  m_CPU_enc_AES: 3105371049.7298222
  m_CPU_enc_ECDSA: 1658953892.0199044
  ME_ALLOC_S: 1221.6044800683371
  ME_READ_S: 28770.4423828125
  ME_READ_L: 10102.380859375
  ME_WRITE: 14530.9638671875
  ME_LARGE: 5675.75
  ME_LATENCY: 74.074267495531998
  ME_THREADED: 13756.56640625
  SUMM_CPU: 4038.0183173914074
  SUMM_ME: 1708.3698520066143
SystemInformation:
  OSName: Ubuntu 24.04.1 LTS
  Kernel: 6.8.0-1016-aws
  Device: ""
  Processor: Intel Xeon Gold 6455B
  NumSockets: 1
  Manufacturer: GenuineIntel
  NumCores: 1
  NumLogicals: 2
  CPUFrequency: 0
  Memory: 15706
  MemModuleInfo:
    iNumMemSticks: 1
    DIMM 1:
      manufacturer: Not Specified
      modulePartNo: Not Specified
      memType: DDR5
      size: 16
      clkspeed: 2400
      moduleVoltage: 0
Checksum: 12FCD0478B81F67A470A44965B270AFD74685C9E