---
system-info:
      stress-ng-version: 0.17.08
      run-by: root
      date-yyyy-mm-dd: 2024:07:03
      time-hh-mm-ss: 03:39:52
      epoch-secs: 1719977992
      hostname: n1-standard-64-ce7223a
      sysname: Linux
      nodename: n1-standard-64-ce7223a
      release: 6.8.0-1009-gcp
      version: '#10-Ubuntu SMP Wed Jun 12 18:52:23 UTC 2024'
      machine: x86_64
      compiler: 'musl-gcc 13.2.1'
      uptime: 164
      totalram: 253327388672
      freeram: 247612329984
      sharedram: 49131520
      bufferram: 129892352
      totalswap: 0
      freeswap: 0
      pagesize: 4096
      cpus: 64
      cpus-online: 64
      ticks-per-second: 100

metrics:
    - stressor: cpu
      bogo-ops: 939309
      bogo-ops-per-second-usr-sys-time: 734.391387
      bogo-ops-per-second-real-time: 46965.180301
      wall-clock-time: 20.000115
      user-time: 1278.975564
      system-time: 0.054959
      cpu-usage-per-instance: 99.923686
      max-rss: 512

...
