BaselineInfo:
  WebDBID: -1
  TimeStamp: 20241110040215
Version:
  Major: 11
  Minor: 0
  Build: 1002
  SpecialBuildName: ""
  ptArchitecture: x86_64_linux
Results:
  Results Complete: true
  NumTestProcesses: 64
  CPU_INTEGER_MATH: 268425.67666666664
  CPU_FLOATINGPOINT_MATH: 137265.43487494922
  CPU_PRIME: 267.42683923768698
  CPU_SORTING: 124082.72507850836
  CPU_ENCRYPTION: 56518.501930498329
  CPU_COMPRESSION: 946686.62592536141
  CPU_SINGLETHREAD: 2423.5219309012709
  CPU_PHYSICS: 4284.2845427786424
  CPU_MATRIX_MULT_SSE: 53865.208836978592
  CPU_mm: 5522.0145864735605
  CPU_sse: 23918.559391195893
  CPU_fma: 63300.43346283913
  CPU_avx: 48997.920953242297
  CPU_avx512: 79243.92154063702
  m_CPU_enc_SHA: 57945939784.898087
  m_CPU_enc_AES: 84825480566.95816
  m_CPU_enc_ECDSA: 35020413688.966385
  ME_ALLOC_S: 26521.805472700526
  ME_READ_S: 24283.7412109375
  ME_READ_L: 11494.7568359375
  ME_WRITE: 10411.0322265625
  ME_LARGE: 494875.83333333331
  ME_LATENCY: 58.622589479788751
  ME_THREADED: 166957.42553710938
  SUMM_CPU: 57772.177987432508
  SUMM_ME: 2637.7859914548881
SystemInformation:
  OSName: Ubuntu 24.04.1 LTS
  Kernel: 6.8.0-1016-aws
  Device: ""
  Processor: Intel Xeon Platinum 8375C CPU @ 2.90GHz
  NumSockets: 1
  Manufacturer: GenuineIntel
  NumCores: 32
  NumLogicals: 64
  CPUFrequency: 0
  Memory: 507671
  MemModuleInfo:
    iNumMemSticks: 1
    DIMM 1:
      manufacturer: Not Specified
      modulePartNo: Not Specified
      memType: DDR4
      size: 512
      clkspeed: 1600
      moduleVoltage: 0
Checksum: 1C9CED8B0D0806D3AD61F5F58A452421EFF37BF4