---
system-info:
      stress-ng-version: 0.17.08
      run-by: root
      date-yyyy-mm-dd: 2024:06:16
      time-hh-mm-ss: 06:45:24
      epoch-secs: 1718520324
      hostname: 1298ea31f45a
      sysname: Linux
      nodename: 1298ea31f45a
      release: 6.8.0-1008-aws
      version: '#8-Ubuntu SMP Sat Apr 20 00:46:25 UTC 2024'
      machine: x86_64
      compiler: 'musl-gcc 13.2.1'
      uptime: 233
      totalram: 476266496
      freeram: 13000704
      sharedram: 32751616
      bufferram: 1060864
      totalswap: 0
      freeswap: 0
      pagesize: 4096
      cpus: 1
      cpus-online: 1
      ticks-per-second: 100

metrics:
    - stressor: cpu
      bogo-ops: 14690
      bogo-ops-per-second-usr-sys-time: 746.093889
      bogo-ops-per-second-real-time: 734.492032
      wall-clock-time: 20.000217
      user-time: 19.686239
      system-time: 0.002972
      cpu-usage-per-instance: 98.444987
      max-rss: 1104

...
