---
system-info:
      stress-ng-version: 0.17.08
      run-by: root
      date-yyyy-mm-dd: 2024:06:10
      time-hh-mm-ss: 04:28:34
      epoch-secs: 1717993714
      hostname: 50e6c6e61f41
      sysname: Linux
      nodename: 50e6c6e61f41
      release: 6.8.0-1008-aws
      version: '#8-Ubuntu SMP Sat Apr 20 00:46:25 UTC 2024'
      machine: x86_64
      compiler: 'musl-gcc 13.2.1'
      uptime: 269
      totalram: 476258304
      freeram: 7766016
      sharedram: 48488448
      bufferram: 1200128
      totalswap: 0
      freeswap: 0
      pagesize: 4096
      cpus: 1
      cpus-online: 1
      ticks-per-second: 100

metrics:
    - stressor: cpu
      bogo-ops: 11062
      bogo-ops-per-second-usr-sys-time: 1130.152451
      bogo-ops-per-second-real-time: 1106.140794
      wall-clock-time: 10.000535
      user-time: 9.785088
      system-time: 0.002972
      cpu-usage-per-instance: 97.875361
      max-rss: 3920

...
