BaselineInfo:
  WebDBID: -1
  TimeStamp: 20250423023330
Version:
  Major: 11
  Minor: 0
  Build: 1002
  SpecialBuildName: ""
  ptArchitecture: x86_64_linux
Results:
  Results Complete: true
  NumTestProcesses: 48
  CPU_INTEGER_MATH: 201995.23666666672
  CPU_FLOATINGPOINT_MATH: 103273.34629690068
  CPU_PRIME: 327.97803142567597
  CPU_SORTING: 103811.49335930936
  CPU_ENCRYPTION: 43847.478433985656
  CPU_COMPRESSION: 730859.31042711635
  CPU_SINGLETHREAD: 2436.1319061260156
  CPU_PHYSICS: 5824.3268936992008
  CPU_MATRIX_MULT_SSE: 45260.401747722019
  CPU_mm: 4352.9085058218734
  CPU_sse: 19017.803400119654
  CPU_fma: 52593.546932954036
  CPU_avx: 38863.837762391297
  CPU_avx512: 70566.418895423063
  m_CPU_enc_SHA: 44215204567.079193
  m_CPU_enc_AES: 66711610913.324371
  m_CPU_enc_ECDSA: 27005425158.781284
  ME_ALLOC_S: 23765.969703059371
  ME_READ_S: 24196.848242187501
  ME_READ_L: 12699.95703125
  ME_WRITE: 11408.2861328125
  ME_LARGE: 667374
  ME_LATENCY: 51.255703047302461
  ME_THREADED: 240899.91064453125
  SUMM_CPU: 50979.729564269684
  SUMM_ME: 2902.4993441389011
SystemInformation:
  OSName: Ubuntu 24.04.2 LTS
  Kernel: 6.11.0-1012-azure
  Device: ""
  Processor: Intel Xeon Platinum 8370C CPU @ 2.80GHz
  NumSockets: 2
  Manufacturer: GenuineIntel
  NumCores: 24
  NumLogicals: 48
  CPUFrequency: 2800
  Memory: 677242
  MemModuleInfo:
    iNumMemSticks: 4
    DIMM 1:
      manufacturer: Microsoft Corporation
      modulePartNo: None
      memType: Unknown
      size: 1
      clkspeed: 0
      moduleVoltage: 0
    DIMM 2:
      manufacturer: Microsoft Corporation
      modulePartNo: None
      memType: Unknown
      size: 59
      clkspeed: 0
      moduleVoltage: 0
    DIMM 3:
      manufacturer: Microsoft Corporation
      modulePartNo: None
      memType: Unknown
      size: 276
      clkspeed: 0
      moduleVoltage: 0
    DIMM 4:
      manufacturer: Microsoft Corporation
      modulePartNo: None
      memType: Unknown
      size: 336
      clkspeed: 0
      moduleVoltage: 0
Checksum: C935AF8B74321B5A028DC128159C316ECBD5F35B