---
system-info:
      stress-ng-version: 0.17.08
      run-by: root
      date-yyyy-mm-dd: 2024:06:14
      time-hh-mm-ss: 07:55:36
      epoch-secs: 1718351736
      hostname: 0fa09204aa4f
      sysname: Linux
      nodename: 0fa09204aa4f
      release: 6.8.0-1008-aws
      version: '#8-Ubuntu SMP Sat Apr 20 02:43:14 UTC 2024'
      machine: aarch64
      compiler: 'musl-gcc 13.2.1'
      uptime: 130
      totalram: 99418230784
      freeram: 94841991168
      sharedram: 35168256
      bufferram: 106061824
      totalswap: 0
      freeswap: 0
      pagesize: 4096
      cpus: 48
      cpus-online: 48
      ticks-per-second: 100

metrics:
    - stressor: cpu
      bogo-ops: 1469617
      bogo-ops-per-second-usr-sys-time: 1531.401402
      bogo-ops-per-second-real-time: 73480.601703
      wall-clock-time: 20.000068
      user-time: 959.638006
      system-time: 0.016986
      cpu-usage-per-instance: 99.963724
      max-rss: 1152

...
