---
system-info:
      stress-ng-version: 0.17.08
      run-by: root
      date-yyyy-mm-dd: 2024:06:06
      time-hh-mm-ss: 14:40:52
      epoch-secs: 1717684852
      hostname: b7753d5c35f1
      sysname: Linux
      nodename: b7753d5c35f1
      release: 6.8.0-1008-aws
      version: '#8-Ubuntu SMP Sat Apr 20 02:43:14 UTC 2024'
      machine: aarch64
      compiler: 'musl-gcc 13.2.1'
      uptime: 115
      totalram: 99418238976
      freeram: 94923874304
      sharedram: 35168256
      bufferram: 83152896
      totalswap: 0
      freeswap: 0
      pagesize: 4096
      cpus: 48
      cpus-online: 48
      ticks-per-second: 100

metrics:
    - stressor: cpu
      bogo-ops: 204751
      bogo-ops-per-second-usr-sys-time: 424.530724
      bogo-ops-per-second-real-time: 20365.823213
      wall-clock-time: 10.053657
      user-time: 482.258629
      system-time: 0.040975
      cpu-usage-per-instance: 99.942822
      max-rss: 3840

...
