BaselineInfo:
  WebDBID: -1
  TimeStamp: 20241111095657
Version:
  Major: 11
  Minor: 0
  Build: 1002
  SpecialBuildName: ""
  ptArchitecture: x86_64_linux
Results:
  Results Complete: true
  NumTestProcesses: 2
  CPU_INTEGER_MATH: 8577.9833333333336
  CPU_FLOATINGPOINT_MATH: 4692.0872178833388
  CPU_PRIME: 20.110245954084483
  CPU_SORTING: 4761.5844347135717
  CPU_ENCRYPTION: 2236.0188971436874
  CPU_COMPRESSION: 32585.897635130605
  CPU_SINGLETHREAD: 2380.4767198376267
  CPU_PHYSICS: 412.60464158295844
  CPU_MATRIX_MULT_SSE: 1782.3982369811788
  CPU_mm: 231.31118969009165
  CPU_sse: 973.22593829950461
  CPU_fma: 2616.7207875363156
  CPU_avx: 1757.247985107716
  CPU_avx512: 0
  m_CPU_enc_SHA: 3265320525.3732748
  m_CPU_enc_AES: 2028210068.2638106
  m_CPU_enc_ECDSA: 1740376659.6369319
  ME_ALLOC_S: 1007.7159755214683
  ME_READ_S: 24715.131054687499
  ME_READ_L: 20620.3203125
  ME_WRITE: 19458.0703125
  ME_LARGE: 54262
  ME_LATENCY: 60.032566562863245
  ME_THREADED: 23555.5048828125
  SUMM_CPU: 3214.2139520285773
  SUMM_ME: 2334.2695171734213
SystemInformation:
  OSName: Ubuntu 24.04.1 LTS
  Kernel: 6.8.0-1017-azure
  Device: ""
  Processor: AMD EPYC 7763 64-Core Processor
  NumSockets: 1
  Manufacturer: AuthenticAMD
  NumCores: 1
  NumLogicals: 2
  CPUFrequency: 0
  Memory: 64302
  MemModuleInfo:
    iNumMemSticks: 3
    DIMM 1:
      manufacturer: Microsoft Corporation
      modulePartNo: None
      memType: Unknown
      size: 1
      clkspeed: 0
      moduleVoltage: 0
    DIMM 2:
      manufacturer: Microsoft Corporation
      modulePartNo: None
      memType: Unknown
      size: 59
      clkspeed: 0
      moduleVoltage: 0
    DIMM 3:
      manufacturer: Microsoft Corporation
      modulePartNo: None
      memType: Unknown
      size: 4
      clkspeed: 0
      moduleVoltage: 0
Checksum: B47B8757429EA9D9DB18E4389633A9D86D1CAB2C