---
system-info:
      stress-ng-version: 0.17.08
      run-by: root
      date-yyyy-mm-dd: 2024:06:26
      time-hh-mm-ss: 18:51:31
      epoch-secs: 1719427891
      hostname: n4-standard-8-351a921
      sysname: Linux
      nodename: n4-standard-8-351a921
      release: 6.8.0-1009-gcp
      version: '#10-Ubuntu SMP Wed Jun 12 18:52:23 UTC 2024'
      machine: x86_64
      compiler: 'musl-gcc 13.2.1'
      uptime: 143
      totalram: 33651146752
      freeram: 28362629120
      sharedram: 274042880
      bufferram: 124792832
      totalswap: 0
      freeswap: 0
      pagesize: 4096
      cpus: 8
      cpus-online: 8
      ticks-per-second: 100

metrics:
    - stressor: cpu
      bogo-ops: 33222
      bogo-ops-per-second-usr-sys-time: 1661.109385
      bogo-ops-per-second-real-time: 1661.088574
      wall-clock-time: 20.000138
      user-time: 19.999887
      system-time: 0.000000
      cpu-usage-per-instance: 99.998747
      max-rss: 1104

...
