BaselineInfo:
  WebDBID: -1
  TimeStamp: 20241110050029
Version:
  Major: 11
  Minor: 0
  Build: 1002
  SpecialBuildName: ""
  ptArchitecture: x86_64_linux
Results:
  Results Complete: true
  NumTestProcesses: 128
  CPU_INTEGER_MATH: 536553.81599999999
  CPU_FLOATINGPOINT_MATH: 274307.05238363612
  CPU_PRIME: 529.40049889925058
  CPU_SORTING: 245056.81161296077
  CPU_ENCRYPTION: 110784.00546323872
  CPU_COMPRESSION: 1898630.1473877039
  CPU_SINGLETHREAD: 2426.2784837968325
  CPU_PHYSICS: 8348.5267436000959
  CPU_MATRIX_MULT_SSE: 107119.20416396965
  CPU_mm: 10978.93497040217
  CPU_sse: 46934.873597511993
  CPU_fma: 125329.50790518282
  CPU_avx: 97009.288448893829
  CPU_avx512: 159203.14670428977
  m_CPU_enc_SHA: 114898495378.63148
  m_CPU_enc_AES: 164273836862.85522
  m_CPU_enc_ECDSA: 69324015696.376221
  ME_ALLOC_S: 29701.818187826659
  ME_READ_S: 23868.950000000001
  ME_READ_L: 11371.712890625
  ME_WRITE: 10343.44921875
  ME_LARGE: 240126.41666666666
  ME_LATENCY: 59.353482642813141
  ME_THREADED: 330288.72778320312
  SUMM_CPU: 86804.157951811576
  SUMM_ME: 2626.174013063046
SystemInformation:
  OSName: Ubuntu 24.04.1 LTS
  Kernel: 6.8.0-1016-aws
  Device: ""
  Processor: Intel Xeon Platinum 8375C CPU @ 2.90GHz
  NumSockets: 2
  Manufacturer: GenuineIntel
  NumCores: 64
  NumLogicals: 128
  CPUFrequency: 0
  Memory: 253791
  MemModuleInfo:
    iNumMemSticks: 2
    DIMM 1:
      manufacturer: Not Specified
      modulePartNo: Not Specified
      memType: DDR4
      size: 128
      clkspeed: 1600
      moduleVoltage: 0
    DIMM 2:
      manufacturer: Not Specified
      modulePartNo: Not Specified
      memType: DDR4
      size: 128
      clkspeed: 1600
      moduleVoltage: 0
Checksum: E31C6934CE41220196D7DAE73C47AB64C8A67378