---
system-info:
      stress-ng-version: 0.17.08
      run-by: root
      date-yyyy-mm-dd: 2024:06:12
      time-hh-mm-ss: 15:09:08
      epoch-secs: 1718204948
      hostname: 217084f2f215
      sysname: Linux
      nodename: 217084f2f215
      release: 6.8.0-1008-aws
      version: '#8-Ubuntu SMP Sat Apr 20 00:46:25 UTC 2024'
      machine: x86_64
      compiler: 'musl-gcc 13.2.1'
      uptime: 187
      totalram: 147759443968
      freeram: 142658142208
      sharedram: 55435264
      bufferram: 112431104
      totalswap: 0
      freeswap: 0
      pagesize: 4096
      cpus: 72
      cpus-online: 72
      ticks-per-second: 100

metrics:
    - stressor: cpu
      bogo-ops: 29636
      bogo-ops-per-second-usr-sys-time: 1481.812521
      bogo-ops-per-second-real-time: 1481.798728
      wall-clock-time: 20.000017
      user-time: 19.999831
      system-time: 0.000000
      cpu-usage-per-instance: 99.999069
      max-rss: 576

...
