---
system-info:
      stress-ng-version: 0.17.08
      run-by: root
      date-yyyy-mm-dd: 2024:06:05
      time-hh-mm-ss: 14:32:13
      epoch-secs: 1717597933
      hostname: 2d482caaf0e4
      sysname: Linux
      nodename: 2d482caaf0e4
      release: 6.8.0-1008-aws
      version: '#8-Ubuntu SMP Sat Apr 20 00:46:25 UTC 2024'
      machine: x86_64
      compiler: 'musl-gcc 13.2.1'
      uptime: 125
      totalram: 148816408576
      freeram: 143975383040
      sharedram: 55435264
      bufferram: 77955072
      totalswap: 0
      freeswap: 0
      pagesize: 4096
      cpus: 72
      cpus-online: 72
      ticks-per-second: 100

metrics:
    - stressor: cpu
      bogo-ops: 15456
      bogo-ops-per-second-usr-sys-time: 1545.592581
      bogo-ops-per-second-real-time: 1545.572068
      wall-clock-time: 10.000181
      user-time: 10.000048
      system-time: 0.000000
      cpu-usage-per-instance: 99.998673
      max-rss: 2880

...
