---
system-info:
      stress-ng-version: 0.17.08
      run-by: root
      date-yyyy-mm-dd: 2024:06:12
      time-hh-mm-ss: 18:27:54
      epoch-secs: 1718216874
      hostname: 11697bca15d6
      sysname: Linux
      nodename: 11697bca15d6
      release: 6.8.0-1008-aws
      version: '#8-Ubuntu SMP Sat Apr 20 00:46:25 UTC 2024'
      machine: x86_64
      compiler: 'musl-gcc 13.2.1'
      uptime: 148
      totalram: 147759415296
      freeram: 142533758976
      sharedram: 55435264
      bufferram: 112492544
      totalswap: 0
      freeswap: 0
      pagesize: 4096
      cpus: 72
      cpus-online: 72
      ticks-per-second: 100

metrics:
    - stressor: cpu
      bogo-ops: 28547
      bogo-ops-per-second-usr-sys-time: 1427.377620
      bogo-ops-per-second-real-time: 1427.348281
      wall-clock-time: 20.000024
      user-time: 19.999613
      system-time: 0.000000
      cpu-usage-per-instance: 99.997945
      max-rss: 576

...
