BaselineInfo:
  WebDBID: -1
  TimeStamp: 20250104090729
Version:
  Major: 11
  Minor: 0
  Build: 1002
  SpecialBuildName: ""
  ptArchitecture: x86_64_linux
Results:
  Results Complete: true
  NumTestProcesses: 64
  CPU_INTEGER_MATH: 387129.10933333321
  CPU_FLOATINGPOINT_MATH: 341650.68971404672
  CPU_PRIME: 1150.7676611958541
  CPU_SORTING: 216152.965303073
  CPU_ENCRYPTION: 83682.009549904018
  CPU_COMPRESSION: 1483338.4359105367
  CPU_SINGLETHREAD: 2901.5225541537861
  CPU_PHYSICS: 15073.211870001134
  CPU_MATRIX_MULT_SSE: 115317.23123083699
  CPU_mm: 13071.522672694409
  CPU_sse: 55137.646791515275
  CPU_fma: 149893.67313178268
  CPU_avx: 128113.88756348717
  CPU_avx512: 128123.71743656283
  m_CPU_enc_SHA: 116050390774.56593
  m_CPU_enc_AES: 73532584591.143127
  m_CPU_enc_ECDSA: 73657865171.691376
  ME_ALLOC_S: 30079.546385550111
  ME_READ_S: 27899.728906249999
  ME_READ_L: 27572.46875
  ME_WRITE: 26876.74609375
  ME_LARGE: 116132.58333333333
  ME_LATENCY: 77.453161572376317
  ME_THREADED: 429323.08984375
  SUMM_CPU: 92163.686242438227
  SUMM_ME: 2852.9985115282893
SystemInformation:
  OSName: Ubuntu 24.04.1 LTS
  Kernel: 6.8.0-1017-azure
  Device: ""
  Processor: AMD EPYC 9V74 80-Core Processor
  NumSockets: 1
  Manufacturer: AuthenticAMD
  NumCores: 64
  NumLogicals: 64
  CPUFrequency: 0
  Memory: 128790
  MemModuleInfo:
    iNumMemSticks: 3
    DIMM 1:
      manufacturer: Microsoft Corporation
      modulePartNo: None
      memType: Unknown
      size: 1
      clkspeed: 0
      moduleVoltage: 0
    DIMM 2:
      manufacturer: Microsoft Corporation
      modulePartNo: None
      memType: Unknown
      size: 59
      clkspeed: 0
      moduleVoltage: 0
    DIMM 3:
      manufacturer: Microsoft Corporation
      modulePartNo: None
      memType: Unknown
      size: 68
      clkspeed: 0
      moduleVoltage: 0
Checksum: 11107FCC60C7FA329A999E396791388702D6766B