size_kb,operation,bandwidth_mb_s,latency_ns,latency_stddev_ns,latency_samples,threads,iterations,elapsed_s
32,read,5217042.13,0,0,0,48,526315,0.151326
32,write,4347968.31,0,0,0,48,649350,0.224018
32,copy,4340429.26,0,0,0,48,534187,0.184609
32,latency,0,2.01,0.00,7,1,7,0.288430
128,read,4218076.59,0,0,0,48,149253,0.212305
128,write,4340547.02,0,0,0,48,177305,0.245091
128,copy,3694268.06,0,0,0,48,133546,0.216897
128,latency,0,2.68,0.00,7,1,7,0.623410
1024,read,3375152.87,0,0,0,48,15732,0.223734
1024,write,4337866.68,0,0,0,48,22649,0.250619
1024,copy,2137552.73,0,0,0,48,13280,0.298210
1024,latency,0,5.28,0.02,7,1,7,0.647954
2048,read,2504695.65,0,0,0,48,7468,0.286234
2048,write,4282564.76,0,0,0,48,11135,0.249607
2048,copy,528316.55,0,0,0,48,4001,0.727019
2048,latency,0,12.44,0.47,7,1,7,0.553913
4096,read,807412.56,0,0,0,48,2939,0.698884
4096,write,1540942.15,0,0,0,48,5350,0.666605
4096,copy,230291.27,0,0,0,48,1645,1.371481
4096,latency,0,26.28,0.44,7,1,7,0.660545
16384,read,356613.63,0,0,0,48,330,0.710685
16384,write,297523.65,0,0,0,48,1164,3.004642
16384,copy,156858.06,0,0,0,48,353,1.728340
16384,latency,0,38.19,0.61,7,1,7,0.724489
32768,read,336157.67,0,0,0,48,184,0.840748
32768,write,264666.79,0,0,0,48,588,3.412472
32768,copy,153848.09,0,0,0,48,157,1.567468
32768,latency,0,56.32,5.22,21,1,21,3.083025
65536,read,329760.16,0,0,0,48,94,0.875691
65536,write,261173.36,0,0,0,48,284,3.340494
65536,copy,151372.04,0,0,0,48,85,1.725021
65536,latency,0,92.73,2.87,7,1,7,4.050364
131072,read,326143.66,0,0,0,48,47,0.885401
131072,write,263945.56,0,0,0,48,141,3.282131
131072,copy,151859.12,0,0,0,48,43,1.739718
131072,latency,0,104.55,2.16,7,1,7,9.444465
262144,read,323465.77,0,0,0,48,24,0.911726
262144,write,266336.28,0,0,0,48,70,3.229601
262144,copy,154109.19,0,0,0,48,22,1.754185
262144,latency,0,113.53,0.52,7,1,7,20.734169
