---
system-info:
      stress-ng-version: 0.17.08
      run-by: root
      date-yyyy-mm-dd: 2024:06:16
      time-hh-mm-ss: 07:20:36
      epoch-secs: 1718522436
      hostname: e3496b23d45d
      sysname: Linux
      nodename: e3496b23d45d
      release: 6.8.0-1008-aws
      version: '#8-Ubuntu SMP Sat Apr 20 00:46:25 UTC 2024'
      machine: x86_64
      compiler: 'musl-gcc 13.2.1'
      uptime: 170
      totalram: 4035907584
      freeram: 189784064
      sharedram: 11620352
      bufferram: 103604224
      totalswap: 0
      freeswap: 0
      pagesize: 4096
      cpus: 2
      cpus-online: 2
      ticks-per-second: 100

metrics:
    - stressor: cpu
      bogo-ops: 11609
      bogo-ops-per-second-usr-sys-time: 295.065633
      bogo-ops-per-second-real-time: 580.443686
      wall-clock-time: 20.000218
      user-time: 39.330666
      system-time: 0.013123
      cpu-usage-per-instance: 98.358403
      max-rss: 1104

...
