---
system-info:
      stress-ng-version: 0.17.08
      run-by: root
      date-yyyy-mm-dd: 2024:06:10
      time-hh-mm-ss: 04:45:00
      epoch-secs: 1717994700
      hostname: 9d174e454f82
      sysname: Linux
      nodename: 9d174e454f82
      release: 6.8.0-1008-aws
      version: '#8-Ubuntu SMP Sat Apr 20 00:46:25 UTC 2024'
      machine: x86_64
      compiler: 'musl-gcc 13.2.1'
      uptime: 178
      totalram: 4035907584
      freeram: 171544576
      sharedram: 11620352
      bufferram: 112316416
      totalswap: 0
      freeswap: 0
      pagesize: 4096
      cpus: 2
      cpus-online: 2
      ticks-per-second: 100

metrics:
    - stressor: cpu
      bogo-ops: 15894
      bogo-ops-per-second-usr-sys-time: 806.292511
      bogo-ops-per-second-real-time: 1589.304304
      wall-clock-time: 10.000602
      user-time: 19.705471
      system-time: 0.006978
      cpu-usage-per-instance: 98.556311
      max-rss: 4048

...
