BaselineInfo:
  WebDBID: -1
  TimeStamp: 20241107104119
Version:
  Major: 11
  Minor: 0
  Build: 1002
  SpecialBuildName: ""
  ptArchitecture: x86_64_linux
Results:
  Results Complete: true
  NumTestProcesses: 2
  CPU_INTEGER_MATH: 6632.4650000000001
  CPU_FLOATINGPOINT_MATH: 3582.049864929696
  CPU_PRIME: 15.463799284956995
  CPU_SORTING: 3550.5663327843458
  CPU_ENCRYPTION: 839.57228805961313
  CPU_COMPRESSION: 26482.497921756581
  CPU_SINGLETHREAD: 1686.2233935602189
  CPU_PHYSICS: 310.67863410998513
  CPU_MATRIX_MULT_SSE: 1284.8162640295818
  CPU_mm: 181.08425671977898
  CPU_sse: 715.58765359647566
  CPU_fma: 1923.970878794217
  CPU_avx: 1214.8902596980531
  CPU_avx512: 0
  m_CPU_enc_SHA: 276663659.13063633
  m_CPU_enc_AES: 2118309518.9094219
  m_CPU_enc_ECDSA: 246092876.53313231
  ME_ALLOC_S: 737.35381411778349
  ME_READ_S: 18499.306054687499
  ME_READ_L: 8852.7392578125
  ME_WRITE: 8055.8251953125
  ME_LARGE: 5279.416666666667
  ME_LATENCY: 79.274418468466109
  ME_THREADED: 13065.16015625
  SUMM_CPU: 2202.2399499550329
  SUMM_ME: 1398.4014044527332
SystemInformation:
  OSName: Ubuntu 24.04.1 LTS
  Kernel: 6.8.0-1016-aws
  Device: ""
  Processor: Intel Xeon CPU E5-2686 v4 @ 2.30GHz
  NumSockets: 1
  Manufacturer: GenuineIntel
  NumCores: 1
  NumLogicals: 2
  CPUFrequency: 3000
  Memory: 15234
  MemModuleInfo:
    iNumMemSticks: 1
    DIMM 1:
      manufacturer: Not Specified
      modulePartNo: Not Specified
      memType: RAM
      size: 15616
      clkspeed: 0
      moduleVoltage: 0
Checksum: 980E4A70139FBA96CBD5DB5EE88BF0A3E98DBF64