BaselineInfo:
  WebDBID: -1
  TimeStamp: 20241202173219
Version:
  Major: 11
  Minor: 0
  Build: 1002
  SpecialBuildName: ""
  ptArchitecture: x86_64_linux
Results:
  Results Complete: true
  NumTestProcesses: 4
  CPU_INTEGER_MATH: 20998.936333333331
  CPU_FLOATINGPOINT_MATH: 14882.203380733288
  CPU_PRIME: 41.033005058412243
  CPU_SORTING: 10664.025659859086
  CPU_ENCRYPTION: 4646.9015543050009
  CPU_COMPRESSION: 79466.926865653906
  CPU_SINGLETHREAD: 3212.0151584401692
  CPU_PHYSICS: 1017.4902860680429
  CPU_MATRIX_MULT_SSE: 6024.5188840484634
  CPU_mm: 588.92915553858791
  CPU_sse: 2592.7577604547678
  CPU_fma: 6696.3867828366256
  CPU_avx: 5419.3911494526737
  CPU_avx512: 9389.5398434497893
  m_CPU_enc_SHA: 4891617969.5659199
  m_CPU_enc_AES: 6353567418.3930788
  m_CPU_enc_ECDSA: 3372702944.6617641
  ME_ALLOC_S: 3266.2135926264218
  ME_READ_S: 28436.390039062499
  ME_READ_L: 9782.791015625
  ME_WRITE: 19441.751953125
  ME_LARGE: 20728.25
  ME_LATENCY: 44.201671722281382
  ME_THREADED: 30918.97900390625
  SUMM_CPU: 8108.9395827571252
  SUMM_ME: 2661.6414195546436
SystemInformation:
  OSName: Ubuntu 24.04.1 LTS
  Kernel: 6.8.0-1018-aws
  Device: ""
  Processor: Intel Xeon Platinum 8559C
  NumSockets: 1
  Manufacturer: GenuineIntel
  NumCores: 2
  NumLogicals: 4
  CPUFrequency: 0
  Memory: 31558
  MemModuleInfo:
    iNumMemSticks: 1
    DIMM 1:
      manufacturer: Not Specified
      modulePartNo: Not Specified
      memType: DDR5
      size: 32
      clkspeed: 2800
      moduleVoltage: 0
Checksum: B49DF19AECDF58EE408F4BDB3E4168C7CF260D86