---
system-info:
      stress-ng-version: 0.17.08
      run-by: root
      date-yyyy-mm-dd: 2024:07:26
      time-hh-mm-ss: 03:58:14
      epoch-secs: 1721966294
      hostname: a2-ultragpu-1g-1dff120
      sysname: Linux
      nodename: a2-ultragpu-1g-1dff120
      release: 6.8.0-1010-gcp
      version: '#11-Ubuntu SMP Fri Jun 14 16:56:45 UTC 2024'
      machine: x86_64
      compiler: 'musl-gcc 13.2.1'
      uptime: 242
      totalram: 179360776192
      freeram: 171135389696
      sharedram: 41877504
      bufferram: 129605632
      totalswap: 0
      freeswap: 0
      pagesize: 4096
      cpus: 12
      cpus-online: 12
      ticks-per-second: 100

metrics:
    - stressor: cpu
      bogo-ops: 189501
      bogo-ops-per-second-usr-sys-time: 790.973549
      bogo-ops-per-second-real-time: 9474.978615
      wall-clock-time: 20.000151
      user-time: 239.564428
      system-time: 0.015012
      cpu-usage-per-instance: 99.824015
      max-rss: 1104

...
