BaselineInfo:
  WebDBID: -1
  TimeStamp: 20241109053825
Version:
  Major: 11
  Minor: 0
  Build: 1002
  SpecialBuildName: ""
  ptArchitecture: aarch64_linux
Results:
  Results Complete: true
  NumTestProcesses: 48
  CPU_INTEGER_MATH: 229092.647
  CPU_FLOATINGPOINT_MATH: 227732.48508745054
  CPU_PRIME: 285.76777204254711
  CPU_SORTING: 185746.5140029639
  CPU_ENCRYPTION: 6705.1655212379737
  CPU_COMPRESSION: 254009.48516888983
  CPU_SINGLETHREAD: 1566.0345258559053
  CPU_PHYSICS: 7688.4545335666871
  CPU_MATRIX_MULT_SSE: 39689.741252316438
  CPU_mm: 5206.5334674153273
  CPU_sse: 33270.65643357949
  CPU_fma: 46108.826071053365
  CPU_avx: 0
  CPU_avx512: 0
  m_CPU_enc_SHA: 10148609990.740656
  m_CPU_enc_AES: 3935383937.8399348
  m_CPU_enc_ECDSA: 7008632996.2122984
  ME_ALLOC_S: 31134.283389499727
  ME_READ_S: 19692.240234375
  ME_READ_L: 18988.388671875
  ME_WRITE: 19687.544921875
  ME_LARGE: 367401.5
  ME_LATENCY: 50.744400561896647
  ME_THREADED: 256456.0810546875
  SUMM_CPU: 28322.662323288474
  SUMM_ME: 3129.5338619124404
SystemInformation:
  OSName: Ubuntu 24.04.1 LTS
  Kernel: 6.8.0-1016-aws
  Device: ""
  Processor: ARM Neoverse-V1 48 Core 0 MHz
  NumSockets: 1
  Manufacturer: ARM
  NumCores: 48
  NumLogicals: 48
  CPUFrequency: 0
  Memory: 379916
Checksum: 2E85CE30267C754F6754C426AA245EA70D43227C