---
system-info:
      stress-ng-version: 0.17.08
      run-by: root
      date-yyyy-mm-dd: 2024:06:13
      time-hh-mm-ss: 01:20:24
      epoch-secs: 1718241624
      hostname: f131e5f90ee3
      sysname: Linux
      nodename: f131e5f90ee3
      release: 6.8.0-1008-aws
      version: '#8-Ubuntu SMP Sat Apr 20 00:46:25 UTC 2024'
      machine: x86_64
      compiler: 'musl-gcc 13.2.1'
      uptime: 145
      totalram: 8158199808
      freeram: 3803914240
      sharedram: 59858944
      bufferram: 112324608
      totalswap: 0
      freeswap: 0
      pagesize: 4096
      cpus: 4
      cpus-online: 4
      ticks-per-second: 100

metrics:
    - stressor: cpu
      bogo-ops: 37722
      bogo-ops-per-second-usr-sys-time: 1886.144607
      bogo-ops-per-second-real-time: 1886.093884
      wall-clock-time: 20.000065
      user-time: 19.999527
      system-time: 0.000000
      cpu-usage-per-instance: 99.997311
      max-rss: 976

...
