---
system-info:
      stress-ng-version: 0.17.08
      run-by: root
      date-yyyy-mm-dd: 2024:06:06
      time-hh-mm-ss: 13:04:10
      epoch-secs: 1717679050
      hostname: 2fecf91f6db4
      sysname: Linux
      nodename: 2fecf91f6db4
      release: 6.8.0-1008-aws
      version: '#8-Ubuntu SMP Sat Apr 20 00:46:25 UTC 2024'
      machine: x86_64
      compiler: 'musl-gcc 13.2.1'
      uptime: 115
      totalram: 8158199808
      freeram: 4037820416
      sharedram: 59858944
      bufferram: 84467712
      totalswap: 0
      freeswap: 0
      pagesize: 4096
      cpus: 4
      cpus-online: 4
      ticks-per-second: 100

metrics:
    - stressor: cpu
      bogo-ops: 16633
      bogo-ops-per-second-usr-sys-time: 1662.797835
      bogo-ops-per-second-real-time: 1662.754589
      wall-clock-time: 10.003280
      user-time: 10.002020
      system-time: 0.001000
      cpu-usage-per-instance: 99.997399
      max-rss: 3920

...
