BaselineInfo:
  WebDBID: -1
  TimeStamp: 20250118112253
Version:
  Major: 11
  Minor: 0
  Build: 1002
  SpecialBuildName: ""
  ptArchitecture: x86_64_linux
Results:
  Results Complete: true
  NumTestProcesses: 128
  CPU_INTEGER_MATH: 292661.28999999992
  CPU_FLOATINGPOINT_MATH: 156960.89894539941
  CPU_PRIME: 442.84202549477584
  CPU_SORTING: 150672.65999028369
  CPU_ENCRYPTION: 40266.717448595875
  CPU_COMPRESSION: 1269785.0780028608
  CPU_SINGLETHREAD: 1488.1605587885729
  CPU_PHYSICS: 7838.8562433475627
  CPU_MATRIX_MULT_SSE: 94006.467452180703
  CPU_mm: 8892.5770242664312
  CPU_sse: 31872.24457736389
  CPU_fma: 108750.20989740991
  CPU_avx: 76819.490473744896
  CPU_avx512: 158583.92486020431
  m_CPU_enc_SHA: 13229318279.993633
  m_CPU_enc_AES: 101618968563.75328
  m_CPU_enc_ECDSA: 11819853702.389612
  ME_ALLOC_S: 17126.445263705671
  ME_READ_S: 18294.396484375
  ME_READ_L: 7842.46044921875
  ME_WRITE: 7209.16796875
  ME_LARGE: 3904462.3333333335
  ME_LATENCY: 65.756332294008175
  ME_THREADED: 385388.66845703125
  SUMM_CPU: 53058.495229187945
  SUMM_ME: 2096.4499579514149
SystemInformation:
  OSName: Ubuntu 24.04.1 LTS
  Kernel: 6.8.0-1020-azure
  Device: ""
  Processor: Intel Xeon Platinum 8280L CPU @ 2.70GHz
  NumSockets: 4
  Manufacturer: GenuineIntel
  NumCores: 64
  NumLogicals: 128
  CPUFrequency: 0
  Memory: 3922970
  MemModuleInfo:
    iNumMemSticks: 6
    DIMM 1:
      manufacturer: Microsoft Corporation
      modulePartNo: None
      memType: Unknown
      size: 1
      clkspeed: 0
      moduleVoltage: 0
    DIMM 2:
      manufacturer: Microsoft Corporation
      modulePartNo: None
      memType: Unknown
      size: 60928
      clkspeed: 0
      moduleVoltage: 0
    DIMM 3:
      manufacturer: Microsoft Corporation
      modulePartNo: None
      memType: Unknown
      size: 934400
      clkspeed: 0
      moduleVoltage: 0
    DIMM 4:
      manufacturer: Microsoft Corporation
      modulePartNo: None
      memType: Unknown
      size: 973
      clkspeed: 0
      moduleVoltage: 0
    DIMM 5:
      manufacturer: Microsoft Corporation
      modulePartNo: None
      memType: Unknown
      size: 973
      clkspeed: 0
      moduleVoltage: 0
    DIMM 6:
      manufacturer: Microsoft Corporation
      modulePartNo: None
      memType: Unknown
      size: 973
      clkspeed: 0
      moduleVoltage: 0
Checksum: FD1774D0DC512B5B34E07498A03C24EAD49D2D95