BaselineInfo:
  WebDBID: -1
  TimeStamp: 20250418031504
Version:
  Major: 11
  Minor: 0
  Build: 1002
  SpecialBuildName: ""
  ptArchitecture: x86_64_linux
Results:
  Results Complete: true
  NumTestProcesses: 48
  CPU_INTEGER_MATH: 226974.69333333333
  CPU_FLOATINGPOINT_MATH: 160843.72223988816
  CPU_PRIME: 474.47795098415224
  CPU_SORTING: 111320.22075852602
  CPU_ENCRYPTION: 50074.908066361444
  CPU_COMPRESSION: 813866.91232222435
  CPU_SINGLETHREAD: 2918.1065234606499
  CPU_PHYSICS: 9893.2917958588678
  CPU_MATRIX_MULT_SSE: 68880.655753512823
  CPU_mm: 6476.4569581415235
  CPU_sse: 27870.75468356704
  CPU_fma: 78072.199798669055
  CPU_avx: 58523.091904155321
  CPU_avx512: 111056.57662765982
  m_CPU_enc_SHA: 52795748066.528893
  m_CPU_enc_AES: 68785655245.407059
  m_CPU_enc_ECDSA: 35940637089.843132
  ME_ALLOC_S: 25994.237495815345
  ME_READ_S: 26347.580664062501
  ME_READ_L: 10319.4990234375
  ME_WRITE: 9599.7880859375
  ME_LARGE: 182580.08333333334
  ME_LATENCY: 61.926926226388723
  ME_THREADED: 268877.9384765625
  SUMM_CPU: 63181.507411900391
  SUMM_ME: 2538.8873071379999
SystemInformation:
  OSName: Ubuntu 24.04.2 LTS
  Kernel: 6.8.0-1021-azure
  Device: ""
  Processor: INTEL XEON PLATINUM 8573C
  NumSockets: 1
  Manufacturer: GenuineIntel
  NumCores: 24
  NumLogicals: 48
  CPUFrequency: 2300
  Memory: 193211
  MemModuleInfo:
    iNumMemSticks: 3
    DIMM 1:
      manufacturer: Microsoft Corporation
      modulePartNo: None
      memType: Unknown
      size: 1
      clkspeed: 0
      moduleVoltage: 0
    DIMM 2:
      manufacturer: Microsoft Corporation
      modulePartNo: None
      memType: Unknown
      size: 59
      clkspeed: 0
      moduleVoltage: 0
    DIMM 3:
      manufacturer: Microsoft Corporation
      modulePartNo: None
      memType: Unknown
      size: 132
      clkspeed: 0
      moduleVoltage: 0
Checksum: 0331FE15C428BE4D22C33EF21D29850CABB5ACEB