---
system-info:
      stress-ng-version: 0.17.08
      run-by: root
      date-yyyy-mm-dd: 2024:06:06
      time-hh-mm-ss: 17:19:16
      epoch-secs: 1717694356
      hostname: bccd23ae429d
      sysname: Linux
      nodename: bccd23ae429d
      release: 6.8.0-1008-aws
      version: '#8-Ubuntu SMP Sat Apr 20 02:43:14 UTC 2024'
      machine: aarch64
      compiler: 'musl-gcc 13.2.1'
      uptime: 107
      totalram: 8140914688
      freeram: 4033204224
      sharedram: 35000320
      bufferram: 84811776
      totalswap: 0
      freeswap: 0
      pagesize: 4096
      cpus: 4
      cpus-online: 4
      ticks-per-second: 100

metrics:
    - stressor: cpu
      bogo-ops: 4267
      bogo-ops-per-second-usr-sys-time: 425.135205
      bogo-ops-per-second-real-time: 425.132395
      wall-clock-time: 10.036873
      user-time: 10.035808
      system-time: 0.000999
      cpu-usage-per-instance: 99.999339
      max-rss: 4008

...
