---
system-info:
      stress-ng-version: 0.17.08
      run-by: root
      date-yyyy-mm-dd: 2024:06:14
      time-hh-mm-ss: 10:57:22
      epoch-secs: 1718362642
      hostname: bd84a44a9721
      sysname: Linux
      nodename: bd84a44a9721
      release: 6.8.0-1008-aws
      version: '#8-Ubuntu SMP Sat Apr 20 02:43:14 UTC 2024'
      machine: aarch64
      compiler: 'musl-gcc 13.2.1'
      uptime: 277
      totalram: 8140922880
      freeram: 3896217600
      sharedram: 35000320
      bufferram: 107651072
      totalswap: 0
      freeswap: 0
      pagesize: 4096
      cpus: 4
      cpus-online: 4
      ticks-per-second: 100

metrics:
    - stressor: cpu
      bogo-ops: 30666
      bogo-ops-per-second-usr-sys-time: 1533.374829
      bogo-ops-per-second-real-time: 1533.296948
      wall-clock-time: 20.000040
      user-time: 19.999024
      system-time: 0.000000
      cpu-usage-per-instance: 99.994921
      max-rss: 1192

...
