BaselineInfo:
  WebDBID: -1
  TimeStamp: 20260405010108
Version:
  Major: 11
  Minor: 0
  Build: 1004
  SpecialBuildName: ""
  ptArchitecture: x86_64_linux
Results:
  Results Complete: true
  NumTestProcesses: 40
  CPU_INTEGER_MATH: 128387.31200000001
  CPU_FLOATINGPOINT_MATH: 68795.185127285469
  CPU_PRIME: 161.28357307751403
  CPU_SORTING: 74928.127610746757
  CPU_ENCRYPTION: 17622.005827302695
  CPU_COMPRESSION: 588957.65524078987
  CPU_SINGLETHREAD: 2165.7011630918569
  CPU_PHYSICS: 2498.5537646132393
  CPU_MATRIX_MULT_SSE: 35214.088639632937
  CPU_mm: 3816.2762795644048
  CPU_sse: 13163.199003267808
  CPU_fma: 42226.044549250051
  CPU_avx: 30238.442011524105
  CPU_avx512: 55228.66899448973
  m_CPU_enc_SHA: 5783588312.618928
  m_CPU_enc_AES: 44445141488.400719
  m_CPU_enc_ECDSA: 5205307346.0895786
  ME_ALLOC_S: 14249.039491249212
  ME_READ_S: 24813.219335937501
  ME_READ_L: 10357.2587890625
  ME_WRITE: 10073.498046875
  ME_LARGE: 175257.75
  ME_LATENCY: 51.533767993219648
  ME_THREADED: 113734.9833984375
  SUMM_CPU: 34691.946959432906
  SUMM_ME: 2685.3169766791411
SystemInformation:
  OSName: Ubuntu 24.04.4 LTS
  Kernel: 6.8.0-106-generic
  Device: ""
  Processor: Intel(R) Xeon(R) Platinum 8269CY CPU T 3.10GHz
  NumSockets: 1
  Manufacturer: GenuineIntel
  NumCores: 20
  NumLogicals: 40
  CPUFrequency: 3100
  CPUMaxFrequency: 3800
  Memory: 189647
  CPUInfo:
    number: 1
    Family: 6
    Model: 5
    stepping: 7
    features: 529267711
    manufacture: GenuineIntel
    typestring: Intel(R) Xeon(R) Platinum 8269CY CPU T 3.10GHz
    iCoresPerPackage: 20
    iThreadsPerPackage: 2
    featuresEx:
      - 529267711
      - 4277809667
      - 739248128
    bHybrid: false
    nPCore: 0
    nLogicalsPerPCore: 0
    nECore: 0
    nLogicalsPerECore: 0
  MemModuleInfo:
    iNumMemSticks: 12
    DIMM 1:
      manufacturer: Alibaba Cloud
      modulePartNo: Not Specified
      memType: RAM
      size: 16
      clkspeed: 0
      moduleVoltage: 0
    DIMM 2:
      manufacturer: Alibaba Cloud
      modulePartNo: Not Specified
      memType: RAM
      size: 16
      clkspeed: 0
      moduleVoltage: 0
    DIMM 3:
      manufacturer: Alibaba Cloud
      modulePartNo: Not Specified
      memType: RAM
      size: 16
      clkspeed: 0
      moduleVoltage: 0
    DIMM 4:
      manufacturer: Alibaba Cloud
      modulePartNo: Not Specified
      memType: RAM
      size: 16
      clkspeed: 0
      moduleVoltage: 0
    DIMM 5:
      manufacturer: Alibaba Cloud
      modulePartNo: Not Specified
      memType: RAM
      size: 16
      clkspeed: 0
      moduleVoltage: 0
    DIMM 6:
      manufacturer: Alibaba Cloud
      modulePartNo: Not Specified
      memType: RAM
      size: 16
      clkspeed: 0
      moduleVoltage: 0
    DIMM 7:
      manufacturer: Alibaba Cloud
      modulePartNo: Not Specified
      memType: RAM
      size: 16
      clkspeed: 0
      moduleVoltage: 0
    DIMM 8:
      manufacturer: Alibaba Cloud
      modulePartNo: Not Specified
      memType: RAM
      size: 16
      clkspeed: 0
      moduleVoltage: 0
    DIMM 9:
      manufacturer: Alibaba Cloud
      modulePartNo: Not Specified
      memType: RAM
      size: 16
      clkspeed: 0
      moduleVoltage: 0
    DIMM 10:
      manufacturer: Alibaba Cloud
      modulePartNo: Not Specified
      memType: RAM
      size: 16
      clkspeed: 0
      moduleVoltage: 0
    DIMM 11:
      manufacturer: Alibaba Cloud
      modulePartNo: Not Specified
      memType: RAM
      size: 16
      clkspeed: 0
      moduleVoltage: 0
    DIMM 12:
      manufacturer: Alibaba Cloud
      modulePartNo: Not Specified
      memType: RAM
      size: 16
      clkspeed: 0
      moduleVoltage: 0
Checksum: C0C36E51A74598B5868D8ED5659191CCFCF4D888