BaselineInfo:
  WebDBID: -1
  TimeStamp: 20241107084200
Version:
  Major: 11
  Minor: 0
  Build: 1002
  SpecialBuildName: ""
  ptArchitecture: x86_64_linux
Results:
  Results Complete: true
  NumTestProcesses: 2
  CPU_INTEGER_MATH: 8370.9236666666657
  CPU_FLOATINGPOINT_MATH: 4280.0480110360268
  CPU_PRIME: 18.946664947535517
  CPU_SORTING: 4335.756339191501
  CPU_ENCRYPTION: 1814.9182841915913
  CPU_COMPRESSION: 32353.254054042529
  CPU_SINGLETHREAD: 2377.9653459760789
  CPU_PHYSICS: 360.52115452201667
  CPU_MATRIX_MULT_SSE: 1778.1084379191507
  CPU_mm: 180.4837601145075
  CPU_sse: 794.02625646975162
  CPU_fma: 2181.4746034482341
  CPU_avx: 1612.0472650163774
  CPU_avx512: 2524.8856267422398
  m_CPU_enc_SHA: 1833120146.6884732
  m_CPU_enc_AES: 2753162806.3910847
  m_CPU_enc_ECDSA: 1122956311.2138877
  ME_ALLOC_S: 1039.6637270599624
  ME_READ_S: 23861.691992187501
  ME_READ_L: 11746.58203125
  ME_WRITE: 7883.52099609375
  ME_LARGE: 6060
  ME_LATENCY: 55.787423835071927
  ME_THREADED: 15600.1640625
  SUMM_CPU: 3015.7406308913774
  SUMM_ME: 1794.4415412114206
SystemInformation:
  OSName: Ubuntu 24.04.1 LTS
  Kernel: 6.8.0-1017-azure
  Device: ""
  Processor: Intel Xeon Platinum 8370C CPU @ 2.80GHz
  NumSockets: 1
  Manufacturer: GenuineIntel
  NumCores: 1
  NumLogicals: 2
  CPUFrequency: 2800
  Memory: 15989
  MemModuleInfo:
    iNumMemSticks: 2
    DIMM 1:
      manufacturer: Microsoft Corporation
      modulePartNo: None
      memType: Unknown
      size: 1
      clkspeed: 0
      moduleVoltage: 0
    DIMM 2:
      manufacturer: Microsoft Corporation
      modulePartNo: None
      memType: Unknown
      size: 15
      clkspeed: 0
      moduleVoltage: 0
Checksum: 295D7AFA0C8BA43085A8BB80C6A21FEB70545BF2