"size","threads","connections","rps","latency","failed","server_usr","server_sys","client_usr","client_sys"
"1k",64,64,4820667,0.000013300,0,221.83,161.01,61.02,199.50
"1k",64,128,4287388,0.000037030,0,124.09,181.66,50.06,215.74
"1k",64,256,4505810,0.000061220,0,124.88,192.24,50.32,220.87
"1k",64,512,4660217,0.000141780,0,119.04,192.95,49.76,222.67
"1k",64,1024,5208941,0.000404490,0,132.37,203.72,52.06,235.69
"1k",64,2048,5218745,0.000638480,0,135.43,202.97,53.95,233.16
"1k",128,128,4821183,0.000029560,0,182.86,168.84,59.54,217.51
"1k",128,256,4143720,0.000134670,0,97.84,189.62,47.09,241.79
"1k",128,512,4469361,0.000346610,0,104.58,187.69,49.25,240.11
"1k",128,1024,4366911,0.000306450,0,101.19,188.14,51.76,241.00
"1k",128,2048,4504944,0.000541650,0,105.90,194.14,50.75,243.25
"1k",256,256,5028383,0.000070550,0,172.98,167.78,63.33,225.69
"1k",256,512,4453275,0.000180650,0,104.41,190.29,56.41,254.97
"1k",256,1024,4292479,0.000313220,0,96.82,189.67,51.79,252.48
"1k",256,2048,4255369,0.000555090,0,96.11,190.94,49.75,251.05
"16k",64,64,4106725,0.000015460,0,149.93,171.76,59.15,235.91
"16k",64,128,3500428,0.000041810,0,107.63,179.41,47.20,228.68
"16k",64,256,3752219,0.000069000,0,109.61,191.90,46.83,242.17
"16k",64,512,3784809,0.000151970,0,109.62,190.25,46.57,241.76
"16k",64,1024,3900768,0.000342550,0,113.21,192.75,45.79,245.19
"16k",64,2048,3765222,0.000558150,0,117.94,194.40,45.60,242.06
"16k",128,128,4170375,0.000033270,0,152.75,176.21,59.52,243.96
"16k",128,256,3455394,0.000144130,0,93.78,189.06,45.25,258.52
"16k",128,512,3639564,0.000366210,0,97.44,186.66,47.53,256.79
"16k",128,1024,3599259,0.000375160,0,94.66,189.41,49.81,259.64
"16k",128,2048,3621701,0.000683090,0,99.94,196.88,49.39,261.06
"16k",256,256,4295233,0.000079740,0,143.06,175.48,61.05,251.80
"16k",256,512,3722151,0.000208380,0,98.68,186.86,54.67,270.39
"16k",256,1024,3519009,0.000375590,0,91.42,187.64,51.27,269.09
"16k",256,2048,3413295,0.000693510,0,91.51,191.94,49.20,267.12
"64k",64,64,2521267,0.000024970,0,100.65,198.53,47.04,267.16
"64k",64,128,2113353,0.000063390,0,82.54,190.52,40.44,251.51
"64k",64,256,2217943,0.000109740,0,83.54,201.73,40.84,268.38
"64k",64,512,2150398,0.000229970,0,83.15,201.60,39.55,268.26
"64k",64,1024,2060531,0.000505890,0,85.80,207.41,37.38,270.03
"64k",64,2048,1671476,0.001090000,0,92.33,213.53,32.95,293.75
"64k",128,128,2721662,0.000047060,0,95.88,200.39,52.10,294.20
"64k",128,256,2100945,0.000175150,0,73.22,206.43,40.47,284.54
"64k",128,512,2148511,0.000434800,0,75.77,208.13,40.52,283.01
"64k",128,1024,2117793,0.000587330,0,79.23,213.77,42.75,290.86
"64k",128,2048,1892805,0.001190000,0,86.54,221.07,39.98,285.24
"64k",256,256,2605992,0.000122080,0,90.34,194.65,51.87,295.14
"64k",256,512,2207599,0.000305880,0,74.01,207.66,47.63,297.82
"64k",256,1024,2067051,0.000607740,0,74.00,211.72,46.02,296.71
"64k",256,2048,1864522,0.001200000,0,81.97,216.01,41.65,286.76
"256k",64,64,1028666,0.000422350,0,78.77,196.58,47.50,301.85
"256k",64,128,795669,0.000242620,0,72.43,200.22,35.85,266.12
"256k",64,256,739841,0.000348750,0,80.97,209.53,32.80,267.46
"256k",64,512,589865,0.000756870,0,85.61,210.74,26.30,297.01
"256k",64,1024,488431,0.001750000,0,82.31,205.62,22.52,330.82
"256k",128,128,1019078,0.000188120,0,78.79,199.97,49.86,313.48
"256k",128,256,754381,0.000455910,0,77.31,229.40,33.85,291.07
"256k",128,512,678016,0.000834860,0,84.84,226.82,33.16,296.72
"256k",128,1024,558928,0.001880000,0,84.13,225.11,29.21,305.88
"256k",256,256,882293,0.000436440,0,82.74,217.51,44.63,297.78
"256k",256,512,715599,0.000834530,0,80.53,229.40,39.04,297.03
"256k",256,1024,596870,0.001810000,0,86.72,231.84,36.27,292.59
"512k",64,64,485379,0.000647570,0,73.88,188.80,40.01,314.53
"512k",64,128,350539,0.000394310,0,76.60,247.97,28.47,237.78
"512k",64,256,265544,0.000920000,0,69.18,318.97,22.63,213.26
"512k",64,512,212142,0.002220000,0,69.31,331.15,18.16,221.11
"512k",64,1024,180531,0.004780000,0,65.17,304.56,14.39,259.88
"512k",128,128,424973,0.000383630,0,87.06,234.58,36.80,287.26
"512k",128,256,296642,0.000900000,0,65.82,326.26,28.52,225.96
"512k",128,512,240152,0.002150000,0,60.92,353.96,25.01,208.15
"512k",128,1024,215241,0.004720000,0,65.25,343.56,21.79,219.08
"512k",256,256,309223,0.000900000,0,64.69,324.35,32.01,227.58
"512k",256,512,250181,0.002070000,0,60.10,351.31,28.37,210.49
"512k",256,1024,238304,0.004310000,0,62.33,352.63,27.46,210.24
