---
system-info:
      stress-ng-version: 0.17.08
      run-by: root
      date-yyyy-mm-dd: 2024:06:07
      time-hh-mm-ss: 13:07:29
      epoch-secs: 1717765649
      hostname: c424d6d63001
      sysname: Linux
      nodename: c424d6d63001
      release: 6.8.0-1008-aws
      version: '#8-Ubuntu SMP Sat Apr 20 00:46:25 UTC 2024'
      machine: x86_64
      compiler: 'musl-gcc 13.2.1'
      uptime: 304
      totalram: 32067788800
      freeram: 27784978432
      sharedram: 48513024
      bufferram: 93265920
      totalswap: 0
      freeswap: 0
      pagesize: 4096
      cpus: 4
      cpus-online: 4
      ticks-per-second: 100

metrics:
    - stressor: cpu
      bogo-ops: 11625
      bogo-ops-per-second-usr-sys-time: 1162.375277
      bogo-ops-per-second-real-time: 1162.307432
      wall-clock-time: 10.001657
      user-time: 10.001073
      system-time: 0.000000
      cpu-usage-per-instance: 99.994163
      max-rss: 3920

...
