---
system-info:
      stress-ng-version: 0.17.08
      run-by: root
      date-yyyy-mm-dd: 2024:06:13
      time-hh-mm-ss: 07:56:30
      epoch-secs: 1718265390
      hostname: 564c31b76fc6
      sysname: Linux
      nodename: 564c31b76fc6
      release: 6.8.0-1008-aws
      version: '#8-Ubuntu SMP Sat Apr 20 00:46:25 UTC 2024'
      machine: x86_64
      compiler: 'musl-gcc 13.2.1'
      uptime: 183
      totalram: 32067792896
      freeram: 27682115584
      sharedram: 48513024
      bufferram: 107601920
      totalswap: 0
      freeswap: 0
      pagesize: 4096
      cpus: 4
      cpus-online: 4
      ticks-per-second: 100

metrics:
    - stressor: cpu
      bogo-ops: 17651
      bogo-ops-per-second-usr-sys-time: 882.578551
      bogo-ops-per-second-real-time: 882.544971
      wall-clock-time: 20.000114
      user-time: 19.998357
      system-time: 0.000996
      cpu-usage-per-instance: 99.996195
      max-rss: 1104

...
