BaselineInfo:
  WebDBID: -1
  TimeStamp: 20241109045644
Version:
  Major: 11
  Minor: 0
  Build: 1002
  SpecialBuildName: ""
  ptArchitecture: x86_64_linux
Results:
  Results Complete: true
  NumTestProcesses: 48
  CPU_INTEGER_MATH: 201287.24833333332
  CPU_FLOATINGPOINT_MATH: 102891.57130326213
  CPU_PRIME: 223.45645231436814
  CPU_SORTING: 98450.239360214342
  CPU_ENCRYPTION: 42481.529184996485
  CPU_COMPRESSION: 711586.03326900047
  CPU_SINGLETHREAD: 2367.6561900925458
  CPU_PHYSICS: 3686.1428449158598
  CPU_MATRIX_MULT_SSE: 41761.513688932508
  CPU_mm: 4326.4688488020211
  CPU_sse: 18464.309707063148
  CPU_fma: 50939.425135829195
  CPU_avx: 38578.394288637843
  CPU_avx512: 59063.925624199896
  m_CPU_enc_SHA: 43213498086.013977
  m_CPU_enc_AES: 64179719666.148354
  m_CPU_enc_ECDSA: 26242118087.898308
  ME_ALLOC_S: 20909.384629643373
  ME_READ_S: 24301.796484375001
  ME_READ_L: 11518.6201171875
  ME_WRITE: 10412.751953125
  ME_LARGE: 83686.166666666672
  ME_LATENCY: 61.685138487632798
  ME_THREADED: 148042.47534179688
  SUMM_CPU: 47897.29953245401
  SUMM_ME: 2547.3449169194851
SystemInformation:
  OSName: Ubuntu 24.04.1 LTS
  Kernel: 6.8.0-1016-aws
  Device: ""
  Processor: Intel Xeon Platinum 8375C CPU @ 2.90GHz
  NumSockets: 1
  Manufacturer: GenuineIntel
  NumCores: 24
  NumLogicals: 48
  CPUFrequency: 0
  Memory: 94996
  MemModuleInfo:
    iNumMemSticks: 1
    DIMM 1:
      manufacturer: Not Specified
      modulePartNo: Not Specified
      memType: DDR4
      size: 96
      clkspeed: 1600
      moduleVoltage: 0
Checksum: A2295C23E85B458607E85CC5C9C217F59C141672