---
system-info:
      stress-ng-version: 0.17.08
      run-by: root
      date-yyyy-mm-dd: 2024:09:16
      time-hh-mm-ss: 15:30:50
      epoch-secs: 1726500650
      hostname: sc-runner
      sysname: Linux
      nodename: sc-runner
      release: 6.8.0-1014-azure
      version: '#16-Ubuntu SMP Thu Aug 15 20:04:41 UTC 2024'
      machine: x86_64
      compiler: 'musl-gcc 13.2.1'
      uptime: 336
      totalram: 29423767552
      freeram: 19262615552
      sharedram: 42209280
      bufferram: 241635328
      totalswap: 0
      freeswap: 0
      pagesize: 4096
      cpus: 8
      cpus-online: 8
      ticks-per-second: 100

metrics:
    - stressor: cpu
      bogo-ops: 198907
      bogo-ops-per-second-usr-sys-time: 1246.310824
      bogo-ops-per-second-real-time: 9945.304237
      wall-clock-time: 20.000092
      user-time: 159.571640
      system-time: 0.024984
      cpu-usage-per-instance: 99.747431
      max-rss: 3252

...
