---
system-info:
      stress-ng-version: 0.17.08
      run-by: root
      date-yyyy-mm-dd: 2024:09:03
      time-hh-mm-ss: 16:18:09
      epoch-secs: 1725380289
      hostname: sc-runner
      sysname: Linux
      nodename: sc-runner
      release: 6.8.0-1013-azure
      version: '#15-Ubuntu SMP Thu Aug  8 18:40:40 UTC 2024'
      machine: x86_64
      compiler: 'musl-gcc 13.2.1'
      uptime: 356
      totalram: 29423779840
      freeram: 20818747392
      sharedram: 42209280
      bufferram: 226910208
      totalswap: 0
      freeswap: 0
      pagesize: 4096
      cpus: 8
      cpus-online: 8
      ticks-per-second: 100

metrics:
    - stressor: cpu
      bogo-ops: 198736
      bogo-ops-per-second-usr-sys-time: 1245.053508
      bogo-ops-per-second-real-time: 9936.758570
      wall-clock-time: 20.000083
      user-time: 159.604458
      system-time: 0.015991
      cpu-usage-per-instance: 99.762365
      max-rss: 3152

...
