size_kb,operation,bandwidth_mb_s,latency_ns,latency_stddev_ns,latency_samples,threads,iterations,elapsed_s
32,read,400806.57,0,0,0,8,753011,0.469685
32,write,245825.06,0,0,0,8,443262,0.450790
32,copy,209747.80,0,0,0,8,393700,0.469254
32,latency,0,1.26,0.01,7,1,7,0.181245
128,read,399848.09,0,0,0,8,163398,0.408650
128,write,245420.74,0,0,0,8,127291,0.518664
128,copy,212474.05,0,0,0,8,101543,0.477908
128,latency,0,3.46,0.04,7,1,7,0.695886
1024,read,274808.72,0,0,0,8,22047,0.641814
1024,write,203346.21,0,0,0,8,15466,0.608460
1024,copy,68356.71,0,0,0,8,6671,0.780728
1024,latency,0,6.24,0.03,7,1,7,0.791591
2048,read,138819.01,0,0,0,8,5752,0.662964
2048,write,130778.72,0,0,0,8,5768,0.705681
2048,copy,66508.90,0,0,0,8,2291,0.551144
2048,latency,0,9.63,0.06,7,1,7,0.662498
4096,read,137080.45,0,0,0,8,2229,0.520337
4096,write,129873.03,0,0,0,8,2138,0.526791
4096,copy,66363.01,0,0,0,8,1078,0.519808
4096,latency,0,17.59,0.08,7,1,7,0.698498
65536,read,59627.37,0,0,0,8,61,0.523786
65536,write,38026.31,0,0,0,8,32,0.430860
65536,copy,25829.37,0,0,0,8,24,0.475737
65536,latency,0,25.38,0.04,7,1,7,1.180020
131072,read,55357.34,0,0,0,8,21,0.388458
131072,write,35103.56,0,0,0,8,14,0.408392
131072,copy,24943.48,0,0,0,8,11,0.451581
131072,latency,0,36.35,0.60,7,1,7,3.293307
262144,read,54299.85,0,0,0,8,10,0.377165
262144,write,33999.35,0,0,0,8,7,0.421655
262144,copy,21527.89,0,0,0,4,5,0.237831
262144,latency,0,75.89,0.43,7,1,7,13.246014
524288,read,42340.89,0,0,0,4,5,0.241847
524288,write,25998.05,0,0,0,4,3,0.236325
524288,copy,11883.61,0,0,0,2,3,0.258507
524288,latency,0,92.42,0.26,7,1,7,32.275953
