BaselineInfo:
  WebDBID: -1
  TimeStamp: 20241110182329
Version:
  Major: 11
  Minor: 0
  Build: 1002
  SpecialBuildName: ""
  ptArchitecture: x86_64_linux
Results:
  Results Complete: true
  NumTestProcesses: 64
  CPU_INTEGER_MATH: 268443.19000000006
  CPU_FLOATINGPOINT_MATH: 137226.71085598454
  CPU_PRIME: 255.83467442693174
  CPU_SORTING: 121691.93717279327
  CPU_ENCRYPTION: 54861.49118201025
  CPU_COMPRESSION: 927056.44339524081
  CPU_SINGLETHREAD: 2424.6015799250204
  CPU_PHYSICS: 3848.5087705658366
  CPU_MATRIX_MULT_SSE: 52573.609889974497
  CPU_mm: 5462.7564197951424
  CPU_sse: 22973.774261727362
  CPU_fma: 60866.751610808133
  CPU_avx: 47108.903848527138
  CPU_avx512: 79345.009838835453
  m_CPU_enc_SHA: 56302861108.241058
  m_CPU_enc_AES: 82127761879.41153
  m_CPU_enc_ECDSA: 34148705945.350132
  ME_ALLOC_S: 26144.875549663342
  ME_READ_S: 23639.143164062501
  ME_READ_L: 11124.9189453125
  ME_WRITE: 10458.4306640625
  ME_LARGE: 2042135.9166666667
  ME_LATENCY: 60.591569036071682
  ME_THREADED: 157110.18920898438
  SUMM_CPU: 56826.42324772475
  SUMM_ME: 2569.8838919191867
SystemInformation:
  OSName: Ubuntu 24.04.1 LTS
  Kernel: 6.8.0-1016-aws
  Device: ""
  Processor: Intel Xeon Platinum 8375C CPU @ 2.90GHz
  NumSockets: 1
  Manufacturer: GenuineIntel
  NumCores: 32
  NumLogicals: 64
  CPUFrequency: 0
  Memory: 2055734
  MemModuleInfo:
    iNumMemSticks: 1
    DIMM 1:
      manufacturer: Not Specified
      modulePartNo: Not Specified
      memType: DDR4
      size: 2
      clkspeed: 1600
      moduleVoltage: 0
Checksum: F919134DB7D83B197104F36963320A53462AD76A