---
system-info:
      stress-ng-version: 0.17.08
      run-by: root
      date-yyyy-mm-dd: 2024:07:02
      time-hh-mm-ss: 12:54:10
      epoch-secs: 1719924850
      hostname: t2d-standard-48-554b8f7
      sysname: Linux
      nodename: t2d-standard-48-554b8f7
      release: 6.8.0-1009-gcp
      version: '#10-Ubuntu SMP Wed Jun 12 18:52:23 UTC 2024'
      machine: x86_64
      compiler: 'musl-gcc 13.2.1'
      uptime: 170
      totalram: 202598797312
      freeram: 196972707840
      sharedram: 35131392
      bufferram: 128495616
      totalswap: 0
      freeswap: 0
      pagesize: 4096
      cpus: 48
      cpus-online: 48
      ticks-per-second: 100

metrics:
    - stressor: cpu
      bogo-ops: 55946
      bogo-ops-per-second-usr-sys-time: 2797.287412
      bogo-ops-per-second-real-time: 2797.287428
      wall-clock-time: 20.000090
      user-time: 20.000090
      system-time: 0.000000
      cpu-usage-per-instance: 100.000001
      max-rss: 1152

...
