BaselineInfo:
  WebDBID: -1
  TimeStamp: 20241107220453
Version:
  Major: 11
  Minor: 0
  Build: 1002
  SpecialBuildName: ""
  ptArchitecture: aarch64_linux
Results:
  Results Complete: true
  NumTestProcesses: 16
  CPU_INTEGER_MATH: 75109.787666666671
  CPU_FLOATINGPOINT_MATH: 57206.736523671265
  CPU_PRIME: 115.66945440980541
  CPU_SORTING: 54307.169100443338
  CPU_ENCRYPTION: 2608.593728464863
  CPU_COMPRESSION: 90342.526698544782
  CPU_SINGLETHREAD: 1332.4631033037151
  CPU_PHYSICS: 1950.8395265421811
  CPU_MATRIX_MULT_SSE: 11845.531845585998
  CPU_mm: 1988.7594537558107
  CPU_sse: 9877.9944207681401
  CPU_fma: 13813.069270403852
  CPU_avx: 0
  CPU_avx512: 0
  m_CPU_enc_SHA: 3915588641.6074076
  m_CPU_enc_AES: 1805224710.3939521
  m_CPU_enc_ECDSA: 2485112980.2549567
  ME_ALLOC_S: 11297.674870128098
  ME_READ_S: 11376.842480468749
  ME_READ_L: 9133.41015625
  ME_WRITE: 14985.19921875
  ME_LARGE: 53762.583333333336
  ME_LATENCY: 70.016448219697693
  ME_THREADED: 114912.841796875
  SUMM_CPU: 11631.879481601698
  SUMM_ME: 1946.8180388974704
SystemInformation:
  OSName: Ubuntu 24.04.1 LTS
  Kernel: 6.8.0-1017-azure
  Device: ""
  Processor: ARM Neoverse-N1 16 Core 0 MHz
  NumSockets: 1
  Manufacturer: ARM
  NumCores: 16
  NumLogicals: 16
  CPUFrequency: 0
  Memory: 64172
Checksum: A573036EC7FDCA19B5FE26BD97EBF35A052EBC11