---
system-info:
      stress-ng-version: 0.17.08
      run-by: root
      date-yyyy-mm-dd: 2024:09:19
      time-hh-mm-ss: 22:40:44
      epoch-secs: 1726785644
      hostname: sc-runner
      sysname: Linux
      nodename: sc-runner
      release: 6.8.0-1014-azure
      version: '#16-Ubuntu SMP Thu Aug 15 20:04:41 UTC 2024'
      machine: x86_64
      compiler: 'musl-gcc 13.2.1'
      uptime: 310
      totalram: 4102078464
      freeram: 345620480
      sharedram: 38080512
      bufferram: 228974592
      totalswap: 0
      freeswap: 0
      pagesize: 4096
      cpus: 2
      cpus-online: 2
      ticks-per-second: 100

metrics:
    - stressor: cpu
      bogo-ops: 53997
      bogo-ops-per-second-usr-sys-time: 2700.329849
      bogo-ops-per-second-real-time: 2699.843531
      wall-clock-time: 20.000048
      user-time: 19.988448
      system-time: 0.007998
      cpu-usage-per-instance: 99.981990
      max-rss: 3152

...
