---
system-info:
      stress-ng-version: 0.17.08
      run-by: root
      date-yyyy-mm-dd: 2024:09:17
      time-hh-mm-ss: 03:54:31
      epoch-secs: 1726545271
      hostname: sc-runner
      sysname: Linux
      nodename: sc-runner
      release: 6.8.0-1014-azure
      version: '#16-Ubuntu SMP Thu Aug 15 20:04:41 UTC 2024'
      machine: x86_64
      compiler: 'musl-gcc 13.2.1'
      uptime: 339
      totalram: 270251380736
      freeram: 259560861696
      sharedram: 42168320
      bufferram: 259506176
      totalswap: 0
      freeswap: 0
      pagesize: 4096
      cpus: 32
      cpus-online: 32
      ticks-per-second: 100

metrics:
    - stressor: cpu
      bogo-ops: 24947
      bogo-ops-per-second-usr-sys-time: 1247.364594
      bogo-ops-per-second-real-time: 1247.345807
      wall-clock-time: 20.000067
      user-time: 19.999766
      system-time: 0.000000
      cpu-usage-per-instance: 99.998494
      max-rss: 3080

...
