---
system-info:
      stress-ng-version: 0.17.08
      run-by: root
      date-yyyy-mm-dd: 2024:06:20
      time-hh-mm-ss: 20:51:58
      epoch-secs: 1718916718
      hostname: af8bb4cc60a1
      sysname: Linux
      nodename: af8bb4cc60a1
      release: 6.8.0-1008-gcp
      version: '#9-Ubuntu SMP Wed May 22 18:09:04 UTC 2024'
      machine: x86_64
      compiler: 'musl-gcc 13.2.1'
      uptime: 184
      totalram: 3839488000
      freeram: 221073408
      sharedram: 48594944
      bufferram: 124858368
      totalswap: 0
      freeswap: 0
      pagesize: 4096
      cpus: 1
      cpus-online: 1
      ticks-per-second: 100

metrics:
    - stressor: cpu
      bogo-ops: 21763
      bogo-ops-per-second-usr-sys-time: 1111.714001
      bogo-ops-per-second-real-time: 1088.142243
      wall-clock-time: 20.000143
      user-time: 19.570131
      system-time: 0.005947
      cpu-usage-per-instance: 97.879692
      max-rss: 1232

...
