"size","threads","connections","rps","latency","failed","server_usr","server_sys","client_usr","client_sys"
"1k",16,16,1420468,0.000010990,0,30.46,50.83,17.31,62.85
"1k",16,32,1304752,0.000023340,0,26.78,51.78,13.80,62.14
"1k",16,64,1489177,0.000042840,0,29.19,50.76,14.25,58.94
"1k",16,128,1598258,0.000096340,0,29.88,52.41,14.50,61.12
"1k",16,256,1694952,0.000289710,0,30.87,52.66,14.44,61.80
"1k",16,512,1739061,0.000507000,0,31.18,53.29,14.07,62.05
"1k",32,32,1347381,0.000023930,0,26.57,52.04,16.36,64.47
"1k",32,64,1336723,0.000052330,0,23.98,53.25,15.16,66.59
"1k",32,128,1432171,0.000213700,0,24.59,53.57,15.05,67.47
"1k",32,256,1540421,0.000513990,0,26.88,53.40,15.15,66.57
"1k",32,512,1504929,0.000559630,0,25.39,53.35,15.68,67.48
"1k",64,64,1359665,0.000052300,0,24.44,52.85,16.57,66.90
"1k",64,128,1319219,0.000188520,0,21.83,54.09,16.37,68.99
"1k",64,256,1334688,0.000380970,0,21.60,54.15,16.01,69.79
"1k",64,512,1348751,0.000585250,0,21.91,53.59,15.84,70.01
"16k",16,16,1084618,0.000014510,0,27.57,50.02,14.55,63.27
"16k",16,32,1088448,0.000025700,0,25.89,51.23,13.65,63.90
"16k",16,64,1161979,0.000052800,0,26.83,50.06,13.56,62.14
"16k",16,128,1236927,0.000111370,0,27.79,51.52,14.24,63.96
"16k",16,256,1264920,0.000289040,0,28.65,52.12,13.96,64.74
"16k",16,512,1239458,0.000465110,0,28.65,53.53,13.20,64.48
"16k",32,32,1181884,0.000027520,0,26.23,49.85,17.00,68.12
"16k",32,64,1088669,0.000060790,0,22.94,51.90,15.27,69.41
"16k",32,128,1138011,0.000163740,0,23.41,52.35,15.38,70.03
"16k",32,256,1152579,0.000472180,0,23.97,51.98,15.23,70.43
"16k",32,512,1144130,0.000696640,0,24.72,52.87,14.76,69.34
"16k",64,64,1130435,0.000059740,0,24.24,50.78,16.78,68.96
"16k",64,128,1073037,0.000182630,0,21.61,52.28,16.08,71.38
"16k",64,256,1065705,0.000392040,0,21.29,51.99,16.24,72.10
"16k",64,512,1048306,0.000645470,0,21.65,52.86,15.89,71.64
"64k",16,16,609150,0.000025980,0,23.40,52.43,11.94,66.51
"64k",16,32,628592,0.000044090,0,24.38,54.02,12.09,69.22
"64k",16,64,624135,0.000095220,0,22.91,51.39,11.62,67.71
"64k",16,128,645986,0.000189870,0,24.04,53.30,11.54,69.53
"64k",16,256,559504,0.000471270,0,23.74,58.63,10.19,67.40
"64k",16,512,359839,0.001430000,0,32.61,56.16,8.03,63.34
"64k",32,32,615450,0.000052400,0,25.73,52.37,13.06,70.24
"64k",32,64,598131,0.000108260,0,20.09,54.06,12.93,72.67
"64k",32,128,617464,0.000256050,0,20.52,54.70,13.00,73.12
"64k",32,256,589287,0.000646430,0,21.42,55.93,12.38,72.01
"64k",32,512,396928,0.001430000,0,29.78,55.44,9.81,66.66
"64k",64,64,609394,0.000109730,0,21.20,52.02,14.17,73.56
"64k",64,128,589890,0.000286660,0,18.85,54.75,13.77,74.08
"64k",64,256,556831,0.000603310,0,19.25,55.27,13.59,73.74
"64k",64,512,428108,0.001310000,0,27.19,55.50,11.32,67.98
"256k",16,16,222485,0.000076670,0,25.07,55.42,10.15,64.63
"256k",16,32,226540,0.000131790,0,21.73,53.21,10.27,64.76
"256k",16,64,166557,0.000368110,0,32.57,56.53,7.91,60.62
"256k",16,128,107101,0.001240000,0,39.13,56.96,6.21,57.81
"256k",16,256,71148,0.003430000,0,47.39,59.36,5.11,49.62
"256k",32,32,230529,0.000212010,0,22.53,56.35,11.04,70.73
"256k",32,64,185899,0.000382240,0,27.10,58.86,9.56,64.99
"256k",32,128,111950,0.001230000,0,38.62,59.43,7.65,55.94
"256k",32,256,76642,0.003310000,0,44.46,63.17,5.78,47.99
"256k",64,64,182900,0.000383720,0,25.66,58.35,11.16,66.17
"256k",64,128,115041,0.001200000,0,36.56,60.83,8.01,56.28
"256k",64,256,80587,0.003180000,0,44.77,62.01,6.23,48.84
"512k",16,16,117410,0.000266550,0,23.57,46.89,9.29,74.64
"512k",16,32,78735,0.000398870,0,31.90,57.83,7.18,60.19
"512k",16,64,46895,0.001350000,0,41.07,62.62,4.96,49.82
"512k",16,128,35390,0.003470000,0,49.91,63.49,4.44,43.10
"512k",16,256,33085,0.007430000,0,49.80,62.60,3.94,45.06
"512k",32,32,77963,0.000414060,0,31.83,56.22,7.80,65.44
"512k",32,64,50750,0.001300000,0,42.92,61.82,6.26,50.37
"512k",32,128,37702,0.003350000,0,49.37,62.37,5.22,44.22
"512k",32,256,35950,0.007050000,0,49.78,62.59,5.12,43.72
"512k",64,64,51987,0.001250000,0,46.18,59.43,6.86,49.05
"512k",64,128,39838,0.003220000,0,51.75,59.71,5.82,44.44
"512k",64,256,38449,0.006660000,0,51.60,60.48,5.62,44.32
