BaselineInfo:
  WebDBID: -1
  TimeStamp: 20260619230548
Version:
  Major: 11
  Minor: 0
  Build: 1004
  SpecialBuildName: ""
  ptArchitecture: x86_64_linux
Results:
  Results Complete: true
  NumTestProcesses: 16
  CPU_INTEGER_MATH: 119006.81566666666
  CPU_FLOATINGPOINT_MATH: 117596.0328838366
  CPU_PRIME: 394.79704450819315
  CPU_SORTING: 65239.7461601045
  CPU_ENCRYPTION: 24259.233045920788
  CPU_COMPRESSION: 476955.73007259471
  CPU_SINGLETHREAD: 3668.9274059642285
  CPU_PHYSICS: 5509.2480426121965
  CPU_MATRIX_MULT_SSE: 42168.180025626963
  CPU_mm: 4944.732501241001
  CPU_sse: 15476.684842427228
  CPU_fma: 57494.269737922885
  CPU_avx: 31459.430402362232
  CPU_avx512: 64242.335119795542
  m_CPU_enc_SHA: 34059449804.65686
  m_CPU_enc_AES: 21268831077.690506
  m_CPU_enc_ECDSA: 20984667768.730946
  ME_ALLOC_S: 19092.666318507752
  ME_READ_S: 33165.153515625003
  ME_READ_L: 28900.91796875
  ME_WRITE: 30438.953125
  ME_LARGE: 55666.583333333336
  ME_LATENCY: 82.73588655735189
  ME_THREADED: 113831.64013671875
  SUMM_CPU: 43764.959036468041
  SUMM_ME: 2751.3220506629168
SystemInformation:
  OSName: Ubuntu 24.04.4 LTS
  Kernel: 6.17.0-1018-azure
  Device: ""
  Processor: "AMD EPYC 9V45 96-Core Processor                "
  NumSockets: 1
  Manufacturer: AuthenticAMD
  NumCores: 16
  NumLogicals: 16
  CPUFrequency: 0
  CPUMaxFrequency: 0
  Memory: 64297
  CPUInfo:
    number: 1
    Family: 15
    Model: 2
    stepping: 1
    features: 395049983
    manufacture: AuthenticAMD
    typestring: "AMD EPYC 9V45 96-Core Processor                "
    iCoresPerPackage: 16
    iThreadsPerPackage: 1
    featuresEx:
      - 395049983
      - 4277809667
      - 802421759
    bHybrid: false
    nPCore: 0
    nLogicalsPerPCore: 0
    nECore: 0
    nLogicalsPerECore: 0
  MemModuleInfo:
    iNumMemSticks: 3
    DIMM 1:
      manufacturer: Microsoft Corporation
      modulePartNo: None
      memType: Unknown
      size: 1
      clkspeed: 0
      moduleVoltage: 0
    DIMM 2:
      manufacturer: Microsoft Corporation
      modulePartNo: None
      memType: Unknown
      size: 59
      clkspeed: 0
      moduleVoltage: 0
    DIMM 3:
      manufacturer: Microsoft Corporation
      modulePartNo: None
      memType: Unknown
      size: 4
      clkspeed: 0
      moduleVoltage: 0
Checksum: 5D6F8C0B0C9E6B40530947D2F0209D4AD6DC2893