---
system-info:
      stress-ng-version: 0.17.08
      run-by: root
      date-yyyy-mm-dd: 2024:06:08
      time-hh-mm-ss: 06:42:10
      epoch-secs: 1717828930
      hostname: a883e891a7d2
      sysname: Linux
      nodename: a883e891a7d2
      release: 6.8.0-1008-aws
      version: '#8-Ubuntu SMP Sat Apr 20 02:43:14 UTC 2024'
      machine: aarch64
      compiler: 'musl-gcc 13.2.1'
      uptime: 137
      totalram: 8189722624
      freeram: 3994415104
      sharedram: 35008512
      bufferram: 98455552
      totalswap: 0
      freeswap: 0
      pagesize: 4096
      cpus: 1
      cpus-online: 1
      ticks-per-second: 100

metrics:
    - stressor: cpu
      bogo-ops: 2916
      bogo-ops-per-second-usr-sys-time: 295.757043
      bogo-ops-per-second-real-time: 291.428518
      wall-clock-time: 10.005884
      user-time: 9.852501
      system-time: 0.006943
      cpu-usage-per-instance: 98.536459
      max-rss: 4136

...
