---
system-info:
      stress-ng-version: 0.17.08
      run-by: root
      date-yyyy-mm-dd: 2024:06:13
      time-hh-mm-ss: 19:30:12
      epoch-secs: 1718307012
      hostname: 4dff2ac6121e
      sysname: Linux
      nodename: 4dff2ac6121e
      release: 6.8.0-1008-aws
      version: '#8-Ubuntu SMP Sat Apr 20 02:43:14 UTC 2024'
      machine: aarch64
      compiler: 'musl-gcc 13.2.1'
      uptime: 161
      totalram: 8189718528
      freeram: 4032290816
      sharedram: 35016704
      bufferram: 107020288
      totalswap: 0
      freeswap: 0
      pagesize: 4096
      cpus: 1
      cpus-online: 1
      ticks-per-second: 100

metrics:
    - stressor: cpu
      bogo-ops: 29836
      bogo-ops-per-second-usr-sys-time: 1519.048928
      bogo-ops-per-second-real-time: 1491.792904
      wall-clock-time: 20.000095
      user-time: 19.635287
      system-time: 0.005950
      cpu-usage-per-instance: 98.205718
      max-rss: 1192

...
