BaselineInfo:
  WebDBID: -1
  TimeStamp: 20250228125017
Version:
  Major: 11
  Minor: 0
  Build: 1002
  SpecialBuildName: ""
  ptArchitecture: x86_64_linux
Results:
  Results Complete: true
  NumTestProcesses: 4
  CPU_INTEGER_MATH: 19006.155666666666
  CPU_FLOATINGPOINT_MATH: 13652.962120942317
  CPU_PRIME: 58.971408988255462
  CPU_SORTING: 11140.001400519408
  CPU_ENCRYPTION: 4589.9647622582652
  CPU_COMPRESSION: 82017.270704575581
  CPU_SINGLETHREAD: 2110.1560046233812
  CPU_PHYSICS: 950.40985321049266
  CPU_MATRIX_MULT_SSE: 6837.415607064333
  CPU_mm: 773.88033365412457
  CPU_sse: 3104.7966550279048
  CPU_fma: 10172.114145423437
  CPU_avx: 7235.3360207416572
  CPU_avx512: 0
  m_CPU_enc_SHA: 6512350303.7759037
  m_CPU_enc_AES: 4204366649.0713797
  m_CPU_enc_ECDSA: 3722063718.8018851
  ME_ALLOC_S: 2632.167870427641
  ME_READ_S: 23900.832226562499
  ME_READ_L: 11105.1201171875
  ME_WRITE: 11394.21875
  ME_LARGE: 1816.5
  ME_LATENCY: 67.14664814869478
  ME_THREADED: 38746.2041015625
  SUMM_CPU: 8006.5681285196233
  SUMM_ME: 1606.271753134077
SystemInformation:
  OSName: Ubuntu 24.04.1 LTS
  Kernel: 6.8.0-31-generic
  Device: ""
  Processor: AMD EPYC 7542 32-Core Processor
  NumSockets: 1
  Manufacturer: AuthenticAMD
  NumCores: 4
  NumLogicals: 4
  CPUFrequency: 0
  Memory: 7894
  MemModuleInfo:
    iNumMemSticks: 1
    DIMM 1:
      manufacturer: QEMU
      modulePartNo: Not Specified
      memType: RAM
      size: 8
      clkspeed: 0
      moduleVoltage: 0
Checksum: 5C0C6756C7B05F75CB81CD2185C7D9D823792982