---
system-info:
      stress-ng-version: 0.17.08
      run-by: root
      date-yyyy-mm-dd: 2024:09:14
      time-hh-mm-ss: 09:34:42
      epoch-secs: 1726306482
      hostname: ip-172-31-57-67
      sysname: Linux
      nodename: ip-172-31-57-67
      release: 6.8.0-1014-aws
      version: '#15-Ubuntu SMP Thu Aug  8 19:13:06 UTC 2024'
      machine: x86_64
      compiler: 'musl-gcc 13.2.1'
      uptime: 676
      totalram: 25945999343616
      freeram: 25924927508480
      sharedram: 326238208
      bufferram: 225951744
      totalswap: 0
      freeswap: 0
      pagesize: 4096
      cpus: 448
      cpus-online: 448
      ticks-per-second: 100

metrics:
    - stressor: cpu
      bogo-ops: 31105
      bogo-ops-per-second-usr-sys-time: 1555.778342
      bogo-ops-per-second-real-time: 1555.248925
      wall-clock-time: 20.000014
      user-time: 19.993208
      system-time: 0.000000
      cpu-usage-per-instance: 99.965971
      max-rss: 0

...
