---
system-info:
      stress-ng-version: 0.17.08
      run-by: root
      date-yyyy-mm-dd: 2024:06:12
      time-hh-mm-ss: 16:44:39
      epoch-secs: 1718210679
      hostname: 4b4d15934f25
      sysname: Linux
      nodename: 4b4d15934f25
      release: 6.8.0-1008-aws
      version: '#8-Ubuntu SMP Sat Apr 20 00:46:25 UTC 2024'
      machine: x86_64
      compiler: 'musl-gcc 13.2.1'
      uptime: 122
      totalram: 8200134656
      freeram: 3893665792
      sharedram: 11644928
      bufferram: 110809088
      totalswap: 0
      freeswap: 0
      pagesize: 4096
      cpus: 4
      cpus-online: 4
      ticks-per-second: 100

metrics:
    - stressor: cpu
      bogo-ops: 62789
      bogo-ops-per-second-usr-sys-time: 788.000416
      bogo-ops-per-second-real-time: 3139.446351
      wall-clock-time: 20.000023
      user-time: 79.671439
      system-time: 0.009991
      cpu-usage-per-instance: 99.601672
      max-rss: 1104

...
