---
system-info:
      stress-ng-version: 0.17.08
      run-by: root
      date-yyyy-mm-dd: 2024:06:12
      time-hh-mm-ss: 19:29:51
      epoch-secs: 1718220591
      hostname: 0d04c9b1f840
      sysname: Linux
      nodename: 0d04c9b1f840
      release: 6.8.0-1008-aws
      version: '#8-Ubuntu SMP Sat Apr 20 00:46:25 UTC 2024'
      machine: x86_64
      compiler: 'musl-gcc 13.2.1'
      uptime: 116
      totalram: 8200142848
      freeram: 3914276864
      sharedram: 11636736
      bufferram: 110788608
      totalswap: 0
      freeswap: 0
      pagesize: 4096
      cpus: 4
      cpus-online: 4
      ticks-per-second: 100

metrics:
    - stressor: cpu
      bogo-ops: 30677
      bogo-ops-per-second-usr-sys-time: 385.059563
      bogo-ops-per-second-real-time: 1533.835089
      wall-clock-time: 20.000194
      user-time: 79.657205
      system-time: 0.010989
      cpu-usage-per-instance: 99.584274
      max-rss: 1104

...
