---
system-info:
      stress-ng-version: 0.17.08
      run-by: root
      date-yyyy-mm-dd: 2024:06:05
      time-hh-mm-ss: 21:51:24
      epoch-secs: 1717624284
      hostname: 65455b91e2cd
      sysname: Linux
      nodename: 65455b91e2cd
      release: 6.8.0-1008-aws
      version: '#8-Ubuntu SMP Sat Apr 20 00:46:25 UTC 2024'
      machine: x86_64
      compiler: 'musl-gcc 13.2.1'
      uptime: 109
      totalram: 8200134656
      freeram: 4174917632
      sharedram: 11636736
      bufferram: 79097856
      totalswap: 0
      freeswap: 0
      pagesize: 4096
      cpus: 4
      cpus-online: 4
      ticks-per-second: 100

metrics:
    - stressor: cpu
      bogo-ops: 44163
      bogo-ops-per-second-usr-sys-time: 1108.974588
      bogo-ops-per-second-real-time: 4415.485710
      wall-clock-time: 10.001844
      user-time: 39.814288
      system-time: 0.008987
      cpu-usage-per-instance: 99.539831
      max-rss: 3920

...
