BaselineInfo:
  WebDBID: -1
  TimeStamp: 20241107113240
Version:
  Major: 11
  Minor: 0
  Build: 1002
  SpecialBuildName: ""
  ptArchitecture: x86_64_linux
Results:
  Results Complete: true
  NumTestProcesses: 4
  CPU_INTEGER_MATH: 13128.207666666667
  CPU_FLOATINGPOINT_MATH: 7046.2982140718113
  CPU_PRIME: 28.601467514069867
  CPU_SORTING: 7034.8631624421514
  CPU_ENCRYPTION: 1805.4232913066076
  CPU_COMPRESSION: 58329.709857669142
  CPU_SINGLETHREAD: 2100.553251080953
  CPU_PHYSICS: 522.75172858270355
  CPU_MATRIX_MULT_SSE: 3360.8126448604676
  CPU_mm: 394.93649254105884
  CPU_sse: 1406.1155893274083
  CPU_fma: 4145.3777954339484
  CPU_avx: 2929.9340952234843
  CPU_avx512: 4961.8230994570295
  m_CPU_enc_SHA: 592779125.37488532
  m_CPU_enc_AES: 4556709998.7513447
  m_CPU_enc_ECDSA: 529881475.18912184
  ME_ALLOC_S: 1391.0941144476296
  ME_READ_S: 25004.727734374999
  ME_READ_L: 10129.64453125
  ME_WRITE: 10228.3349609375
  ME_LARGE: 674.33333333333337
  ME_LATENCY: 53.644309793040371
  ME_THREADED: 25242.869140625
  SUMM_CPU: 4592.7511792670521
  SUMM_ME: 1078.5643622040329
SystemInformation:
  OSName: Ubuntu 24.04.1 LTS
  Kernel: 6.8.0-1016-aws
  Device: ""
  Processor: Intel Xeon Platinum 8275CL CPU @ 3.00GHz
  NumSockets: 1
  Manufacturer: GenuineIntel
  NumCores: 2
  NumLogicals: 4
  CPUFrequency: 0
  Memory: 7736
  MemModuleInfo:
    iNumMemSticks: 1
    DIMM 1:
      manufacturer: Not Specified
      modulePartNo: Not Specified
      memType: DDR4
      size: 8
      clkspeed: 1600
      moduleVoltage: 0
Checksum: 493F0F7DEA3E113B039B80CA9C2043DA7EB50AF5