BaselineInfo:
  WebDBID: -1
  TimeStamp: 20260620030638
Version:
  Major: 11
  Minor: 0
  Build: 1004
  SpecialBuildName: ""
  ptArchitecture: x86_64_linux
Results:
  Results Complete: true
  NumTestProcesses: 16
  CPU_INTEGER_MATH: 76046.135666666669
  CPU_FLOATINGPOINT_MATH: 55020.922362893121
  CPU_PRIME: 168.23268188936987
  CPU_SORTING: 39256.628001477402
  CPU_ENCRYPTION: 16860.908943266983
  CPU_COMPRESSION: 296903.58962838206
  CPU_SINGLETHREAD: 3182.3954434059433
  CPU_PHYSICS: 3501.8687042315014
  CPU_MATRIX_MULT_SSE: 19718.706537137929
  CPU_mm: 2141.8851594525049
  CPU_sse: 9196.5018572274112
  CPU_fma: 23996.399486101142
  CPU_avx: 18311.229509835353
  CPU_avx512: 27370.695295387803
  m_CPU_enc_SHA: 17761970759.972736
  m_CPU_enc_AES: 23206545581.525894
  m_CPU_enc_ECDSA: 12071317026.78672
  ME_ALLOC_S: 8069.9116997281963
  ME_READ_S: 28578.499414062499
  ME_READ_L: 20966.78125
  ME_WRITE: 8360.357421875
  ME_LARGE: 23509.666666666668
  ME_LATENCY: 77.871255456636675
  ME_THREADED: 123921.2099609375
  SUMM_CPU: 26945.66968477286
  SUMM_ME: 2358.2421752613304
SystemInformation:
  OSName: Ubuntu 24.04.4 LTS
  Kernel: 6.17.0-1018-azure
  Device: ""
  Processor: Intel(R) Xeon(R) 6973P-C
  NumSockets: 1
  Manufacturer: GenuineIntel
  NumCores: 8
  NumLogicals: 16
  CPUFrequency: 2600
  CPUMaxFrequency: 2600
  Memory: 32088
  CPUInfo:
    number: 1
    Family: 6
    Model: 13
    stepping: 1
    features: 529267711
    manufacture: GenuineIntel
    typestring: Intel(R) Xeon(R) 6973P-C
    iCoresPerPackage: 8
    iThreadsPerPackage: 2
    featuresEx:
      - 529267711
      - 4294586915
      - 739248128
    bHybrid: false
    nPCore: 0
    nLogicalsPerPCore: 0
    nECore: 0
    nLogicalsPerECore: 0
  MemModuleInfo:
    iNumMemSticks: 2
    DIMM 1:
      manufacturer: Microsoft Corporation
      modulePartNo: None
      memType: Unknown
      size: 1
      clkspeed: 0
      moduleVoltage: 0
    DIMM 2:
      manufacturer: Microsoft Corporation
      modulePartNo: None
      memType: Unknown
      size: 31
      clkspeed: 0
      moduleVoltage: 0
Checksum: 37EBEE413AEF36FDBB35ED8BE4244D2BB5F63249