BaselineInfo:
  WebDBID: -1
  TimeStamp: 20260612225944
Version:
  Major: 11
  Minor: 0
  Build: 1004
  SpecialBuildName: ""
  ptArchitecture: x86_64_linux
Results:
  Results Complete: true
  NumTestProcesses: 16
  CPU_INTEGER_MATH: 53956.284333333329
  CPU_FLOATINGPOINT_MATH: 32203.316764718562
  CPU_PRIME: 73.705690288495802
  CPU_SORTING: 30769.748907410605
  CPU_ENCRYPTION: 17087.37708178231
  CPU_COMPRESSION: 241391.51254998962
  CPU_SINGLETHREAD: 2129.8801373750948
  CPU_PHYSICS: 1359.5895497350114
  CPU_MATRIX_MULT_SSE: 14958.103716803866
  CPU_mm: 1607.4442465942373
  CPU_sse: 6626.392692311294
  CPU_fma: 21965.966148924144
  CPU_avx: 16281.952309176157
  CPU_avx512: 0
  m_CPU_enc_SHA: 24132200337.620041
  m_CPU_enc_AES: 16530599109.313871
  m_CPU_enc_ECDSA: 13089441085.786989
  ME_ALLOC_S: 5126.2792358829965
  ME_READ_S: 24487.448437499999
  ME_READ_L: 11836.25390625
  ME_WRITE: 11234.630859375
  ME_LARGE: 54203.583333333336
  ME_LATENCY: 50.809153153818791
  ME_THREADED: 32238.8818359375
  SUMM_CPU: 19093.043723932147
  SUMM_ME: 2548.3208694361419
SystemInformation:
  OSName: Ubuntu 24.04.4 LTS
  Kernel: 6.8.0-117-generic
  Device: ""
  Processor: "AMD EPYC 7H12 64-Core Processor                "
  NumSockets: 1
  Manufacturer: AuthenticAMD
  NumCores: 8
  NumLogicals: 16
  CPUFrequency: 7
  CPUMaxFrequency: 832
  Memory: 62891
  CPUInfo:
    number: 1
    Family: 15
    Model: 1
    stepping: 0
    features: 395049983
    manufacture: AuthenticAMD
    typestring: "AMD EPYC 7H12 64-Core Processor                "
    iCoresPerPackage: 8
    iThreadsPerPackage: 2
    featuresEx:
      - 395049983
      - 4277678595
      - 776996864
    bHybrid: false
    nPCore: 0
    nLogicalsPerPCore: 0
    nECore: 0
    nLogicalsPerECore: 0
  MemModuleInfo:
    iNumMemSticks: 4
    DIMM 1:
      manufacturer: Alibaba Cloud
      modulePartNo: Not Specified
      memType: RAM
      size: 16
      clkspeed: 0
      moduleVoltage: 0
    DIMM 2:
      manufacturer: Alibaba Cloud
      modulePartNo: Not Specified
      memType: RAM
      size: 16
      clkspeed: 0
      moduleVoltage: 0
    DIMM 3:
      manufacturer: Alibaba Cloud
      modulePartNo: Not Specified
      memType: RAM
      size: 16
      clkspeed: 0
      moduleVoltage: 0
    DIMM 4:
      manufacturer: Alibaba Cloud
      modulePartNo: Not Specified
      memType: RAM
      size: 16
      clkspeed: 0
      moduleVoltage: 0
Checksum: FA41FE9D1B28A84297A032AAC21C6C96B661790A