---
system-info:
      stress-ng-version: 0.17.08
      run-by: root
      date-yyyy-mm-dd: 2024:06:14
      time-hh-mm-ss: 09:55:48
      epoch-secs: 1718358948
      hostname: 242d23b99663
      sysname: Linux
      nodename: 242d23b99663
      release: 6.8.0-1008-aws
      version: '#8-Ubuntu SMP Sat Apr 20 02:43:14 UTC 2024'
      machine: aarch64
      compiler: 'musl-gcc 13.2.1'
      uptime: 124
      totalram: 99418234880
      freeram: 94713704448
      sharedram: 35168256
      bufferram: 106106880
      totalswap: 0
      freeswap: 0
      pagesize: 4096
      cpus: 48
      cpus-online: 48
      ticks-per-second: 100

metrics:
    - stressor: cpu
      bogo-ops: 1469807
      bogo-ops-per-second-usr-sys-time: 1531.535679
      bogo-ops-per-second-real-time: 73490.102784
      wall-clock-time: 20.000067
      user-time: 959.676924
      system-time: 0.017989
      cpu-usage-per-instance: 99.967884
      max-rss: 1152

...
