---
system-info:
      stress-ng-version: 0.17.08
      run-by: root
      date-yyyy-mm-dd: 2024:06:06
      time-hh-mm-ss: 16:26:41
      epoch-secs: 1717691201
      hostname: 7a0c8ef2adb2
      sysname: Linux
      nodename: 7a0c8ef2adb2
      release: 6.8.0-1008-aws
      version: '#8-Ubuntu SMP Sat Apr 20 02:43:14 UTC 2024'
      machine: aarch64
      compiler: 'musl-gcc 13.2.1'
      uptime: 112
      totalram: 99418238976
      freeram: 94822465536
      sharedram: 35168256
      bufferram: 84000768
      totalswap: 0
      freeswap: 0
      pagesize: 4096
      cpus: 48
      cpus-online: 48
      ticks-per-second: 100

metrics:
    - stressor: cpu
      bogo-ops: 204751
      bogo-ops-per-second-usr-sys-time: 424.492196
      bogo-ops-per-second-real-time: 20364.396587
      wall-clock-time: 10.054361
      user-time: 482.294404
      system-time: 0.048975
      cpu-usage-per-instance: 99.944891
      max-rss: 3840

...
