BaselineInfo:
  WebDBID: -1
  TimeStamp: 20241110155233
Version:
  Major: 11
  Minor: 0
  Build: 1002
  SpecialBuildName: ""
  ptArchitecture: x86_64_linux
Results:
  Results Complete: true
  NumTestProcesses: 32
  CPU_INTEGER_MATH: 73337.485666666675
  CPU_FLOATINGPOINT_MATH: 39275.001938159112
  CPU_PRIME: 147.68706281542518
  CPU_SORTING: 37975.471729604316
  CPU_ENCRYPTION: 10083.788783503695
  CPU_COMPRESSION: 319135.24886582064
  CPU_SINGLETHREAD: 1487.9536356184992
  CPU_PHYSICS: 2482.9586164853004
  CPU_MATRIX_MULT_SSE: 23511.907784200343
  CPU_mm: 2222.7066846704543
  CPU_sse: 7974.6203409905975
  CPU_fma: 27210.441704275465
  CPU_avx: 19224.034356275417
  CPU_avx512: 39638.534735259898
  m_CPU_enc_SHA: 3311591728.0681872
  m_CPU_enc_AES: 25449690494.707493
  m_CPU_enc_ECDSA: 2959574499.5778413
  ME_ALLOC_S: 8453.7634133835054
  ME_READ_S: 18312.685546875
  ME_READ_L: 7084.80078125
  ME_WRITE: 7012.9443359375
  ME_LARGE: 1793332.4166666667
  ME_LATENCY: 71.55559814896354
  ME_THREADED: 139832.55346679688
  SUMM_CPU: 21408.404840318857
  SUMM_ME: 1938.0061775572856
SystemInformation:
  OSName: Ubuntu 24.04.1 LTS
  Kernel: 6.8.0-1017-azure
  Device: ""
  Processor: Intel Xeon Platinum 8280M CPU @ 2.70GHz
  NumSockets: 2
  Manufacturer: GenuineIntel
  NumCores: 16
  NumLogicals: 32
  CPUFrequency: 0
  Memory: 1806208
  MemModuleInfo:
    iNumMemSticks: 4
    DIMM 1:
      manufacturer: Microsoft Corporation
      modulePartNo: None
      memType: Unknown
      size: 1
      clkspeed: 0
      moduleVoltage: 0
    DIMM 2:
      manufacturer: Microsoft Corporation
      modulePartNo: None
      memType: Unknown
      size: 60928
      clkspeed: 0
      moduleVoltage: 0
    DIMM 3:
      manufacturer: Microsoft Corporation
      modulePartNo: None
      memType: Unknown
      size: 855552
      clkspeed: 0
      moduleVoltage: 0
    DIMM 4:
      manufacturer: Microsoft Corporation
      modulePartNo: None
      memType: Unknown
      size: 896
      clkspeed: 0
      moduleVoltage: 0
Checksum: 1C3959095F4C99E46F7D1C79F38F58D98D381B86