---
system-info:
      stress-ng-version: 0.17.08
      run-by: root
      date-yyyy-mm-dd: 2024:06:13
      time-hh-mm-ss: 20:57:29
      epoch-secs: 1718312249
      hostname: f87a4acc3903
      sysname: Linux
      nodename: f87a4acc3903
      release: 6.8.0-1008-aws
      version: '#8-Ubuntu SMP Sat Apr 20 00:46:25 UTC 2024'
      machine: x86_64
      compiler: 'musl-gcc 13.2.1'
      uptime: 221
      totalram: 4023316480
      freeram: 278646784
      sharedram: 40714240
      bufferram: 100966400
      totalswap: 0
      freeswap: 0
      pagesize: 4096
      cpus: 2
      cpus-online: 2
      ticks-per-second: 100

metrics:
    - stressor: cpu
      bogo-ops: 18699
      bogo-ops-per-second-usr-sys-time: 935.040839
      bogo-ops-per-second-real-time: 934.821009
      wall-clock-time: 20.002760
      user-time: 19.996104
      system-time: 0.001953
      cpu-usage-per-instance: 99.976490
      max-rss: 1104

...
