---
system-info:
      stress-ng-version: 0.17.08
      run-by: root
      date-yyyy-mm-dd: 2024:06:13
      time-hh-mm-ss: 17:56:24
      epoch-secs: 1718301384
      hostname: 940f11d645c0
      sysname: Linux
      nodename: 940f11d645c0
      release: 6.8.0-1008-aws
      version: '#8-Ubuntu SMP Sat Apr 20 00:46:25 UTC 2024'
      machine: x86_64
      compiler: 'musl-gcc 13.2.1'
      uptime: 162
      totalram: 33265283072
      freeram: 28921077760
      sharedram: 40734720
      bufferram: 107741184
      totalswap: 0
      freeswap: 0
      pagesize: 4096
      cpus: 4
      cpus-online: 4
      ticks-per-second: 100

metrics:
    - stressor: cpu
      bogo-ops: 26483
      bogo-ops-per-second-usr-sys-time: 1324.161653
      bogo-ops-per-second-real-time: 1324.147569
      wall-clock-time: 20.000037
      user-time: 19.999824
      system-time: 0.000000
      cpu-usage-per-instance: 99.998936
      max-rss: 1104

...
