---
system-info:
      stress-ng-version: 0.17.08
      run-by: root
      date-yyyy-mm-dd: 2024:06:08
      time-hh-mm-ss: 04:42:02
      epoch-secs: 1717821722
      hostname: 8a6e4816074a
      sysname: Linux
      nodename: 8a6e4816074a
      release: 6.8.0-1008-aws
      version: '#8-Ubuntu SMP Sat Apr 20 00:46:25 UTC 2024'
      machine: x86_64
      compiler: 'musl-gcc 13.2.1'
      uptime: 137
      totalram: 33265278976
      freeram: 28961718272
      sharedram: 40734720
      bufferram: 96833536
      totalswap: 0
      freeswap: 0
      pagesize: 4096
      cpus: 4
      cpus-online: 4
      ticks-per-second: 100

metrics:
    - stressor: cpu
      bogo-ops: 13827
      bogo-ops-per-second-usr-sys-time: 1382.674282
      bogo-ops-per-second-real-time: 1382.632159
      wall-clock-time: 10.000491
      user-time: 9.999186
      system-time: 0.001000
      cpu-usage-per-instance: 99.996953
      max-rss: 3792

...
