BaselineInfo:
  WebDBID: -1
  TimeStamp: 20241107153609
Version:
  Major: 11
  Minor: 0
  Build: 1002
  SpecialBuildName: ""
  ptArchitecture: x86_64_linux
Results:
  Results Complete: true
  NumTestProcesses: 8
  CPU_INTEGER_MATH: 35968.126666666663
  CPU_FLOATINGPOINT_MATH: 19917.741961611449
  CPU_PRIME: 82.906272587013248
  CPU_SORTING: 19869.837085080351
  CPU_ENCRYPTION: 9352.1035881706994
  CPU_COMPRESSION: 140412.97017777551
  CPU_SINGLETHREAD: 2588.3528333251015
  CPU_PHYSICS: 1577.5299060582461
  CPU_MATRIX_MULT_SSE: 7981.2095253348061
  CPU_mm: 973.71045126106901
  CPU_sse: 4103.4268174294302
  CPU_fma: 11255.534242730128
  CPU_avx: 8584.6675158448597
  CPU_avx512: 0
  m_CPU_enc_SHA: 13580736280.441563
  m_CPU_enc_AES: 8672280524.7881088
  m_CPU_enc_ECDSA: 7166157310.9793711
  ME_ALLOC_S: 3900.87930273233
  ME_READ_S: 26333.0556640625
  ME_READ_L: 16661.189453125
  ME_WRITE: 19046.875
  ME_LARGE: 21942.75
  ME_LATENCY: 58.944660707801667
  ME_THREADED: 64221.99462890625
  SUMM_CPU: 12960.998230994635
  SUMM_ME: 2724.5399295400985
SystemInformation:
  OSName: Ubuntu 24.04.1 LTS
  Kernel: 6.8.0-1015-gcp
  Device: ""
  Processor: AMD EPYC 7B13
  NumSockets: 1
  Manufacturer: AuthenticAMD
  NumCores: 4
  NumLogicals: 8
  CPUFrequency: 0
  Memory: 32093
  MemModuleInfo:
    iNumMemSticks: 2
    DIMM 1:
      manufacturer: ""
      modulePartNo: ""
      memType: RAM
      size: 16
      clkspeed: 0
      moduleVoltage: 0
    DIMM 2:
      manufacturer: ""
      modulePartNo: ""
      memType: RAM
      size: 16
      clkspeed: 0
      moduleVoltage: 0
Checksum: 87B2035A0622EC38A9D69C3E3A48E1851A590666