---
system-info:
      stress-ng-version: 0.17.08
      run-by: root
      date-yyyy-mm-dd: 2024:09:22
      time-hh-mm-ss: 21:18:20
      epoch-secs: 1727039900
      hostname: sc-runner
      sysname: Linux
      nodename: sc-runner
      release: 6.8.0-1014-azure
      version: '#16-Ubuntu SMP Thu Aug 15 20:04:41 UTC 2024'
      machine: x86_64
      compiler: 'musl-gcc 13.2.1'
      uptime: 339
      totalram: 135069118464
      freeram: 124715573248
      sharedram: 38121472
      bufferram: 259919872
      totalswap: 0
      freeswap: 0
      pagesize: 4096
      cpus: 8
      cpus-online: 8
      ticks-per-second: 100

metrics:
    - stressor: cpu
      bogo-ops: 54165
      bogo-ops-per-second-usr-sys-time: 2708.241740
      bogo-ops-per-second-real-time: 2708.241832
      wall-clock-time: 20.000060
      user-time: 20.000061
      system-time: 0.000000
      cpu-usage-per-instance: 100.000003
      max-rss: 1104

...
