---
system-info:
      stress-ng-version: 0.17.08
      run-by: root
      date-yyyy-mm-dd: 2024:06:09
      time-hh-mm-ss: 14:56:05
      epoch-secs: 1717944965
      hostname: 6f1fefbc8a4f
      sysname: Linux
      nodename: 6f1fefbc8a4f
      release: 6.8.0-1008-aws
      version: '#8-Ubuntu SMP Sat Apr 20 00:46:25 UTC 2024'
      machine: x86_64
      compiler: 'musl-gcc 13.2.1'
      uptime: 128
      totalram: 794608656384
      freeram: 788459032576
      sharedram: 71184384
      bufferram: 108871680
      totalswap: 0
      freeswap: 0
      pagesize: 4096
      cpus: 96
      cpus-online: 96
      ticks-per-second: 100

metrics:
    - stressor: cpu
      bogo-ops: 1178884
      bogo-ops-per-second-usr-sys-time: 1229.000913
      bogo-ops-per-second-real-time: 117870.670331
      wall-clock-time: 10.001504
      user-time: 959.120480
      system-time: 0.100939
      cpu-usage-per-instance: 99.903871
      max-rss: 3072

...
