---
system-info:
      stress-ng-version: 0.17.08
      run-by: root
      date-yyyy-mm-dd: 2024:06:15
      time-hh-mm-ss: 17:41:05
      epoch-secs: 1718473265
      hostname: ec5a23981270
      sysname: Linux
      nodename: ec5a23981270
      release: 6.8.0-1008-aws
      version: '#8-Ubuntu SMP Sat Apr 20 00:46:25 UTC 2024'
      machine: x86_64
      compiler: 'musl-gcc 13.2.1'
      uptime: 119
      totalram: 794608656384
      freeram: 788785197056
      sharedram: 71184384
      bufferram: 110530560
      totalswap: 0
      freeswap: 0
      pagesize: 4096
      cpus: 96
      cpus-online: 96
      ticks-per-second: 100

metrics:
    - stressor: cpu
      bogo-ops: 2865666
      bogo-ops-per-second-usr-sys-time: 1493.249215
      bogo-ops-per-second-real-time: 143282.862931
      wall-clock-time: 20.000061
      user-time: 1919.033891
      system-time: 0.046977
      cpu-usage-per-instance: 99.951824
      max-rss: 768

...
