BaselineInfo:
  WebDBID: -1
  TimeStamp: 20241115014400
Version:
  Major: 11
  Minor: 0
  Build: 1002
  SpecialBuildName: ""
  ptArchitecture: x86_64_linux
Results:
  Results Complete: true
  NumTestProcesses: 16
  CPU_INTEGER_MATH: 75856.494666666666
  CPU_FLOATINGPOINT_MATH: 54489.279507458152
  CPU_PRIME: 235.13132430758003
  CPU_SORTING: 44660.123862138484
  CPU_ENCRYPTION: 18363.722999554131
  CPU_COMPRESSION: 329677.35394954443
  CPU_SINGLETHREAD: 2146.7260052084371
  CPU_PHYSICS: 3533.1788628707577
  CPU_MATRIX_MULT_SSE: 28238.737100144219
  CPU_mm: 3145.2872527207051
  CPU_sse: 12487.592228148442
  CPU_fma: 41086.320701242068
  CPU_avx: 31142.298371042161
  CPU_avx512: 0
  m_CPU_enc_SHA: 25978497549.30772
  m_CPU_enc_AES: 16734880489.457611
  m_CPU_enc_ECDSA: 15053899585.176079
  ME_ALLOC_S: 10490.825482121372
  ME_READ_S: 24801.584570312501
  ME_READ_L: 11574.265625
  ME_WRITE: 11738.283203125
  ME_LARGE: 22097.416666666668
  ME_LATENCY: 60.375065626457712
  ME_THREADED: 99025.0927734375
  SUMM_CPU: 27815.555238963567
  SUMM_ME: 2508.9400248601055
SystemInformation:
  OSName: Ubuntu 24.04.1 LTS
  Kernel: 6.8.0-48-generic
  Device: ""
  Processor: AMD EPYC Processor
  NumSockets: 1
  Manufacturer: AuthenticAMD
  NumCores: 16
  NumLogicals: 16
  CPUFrequency: 0
  Memory: 31337
  MemModuleInfo:
    iNumMemSticks: 2
    DIMM 1:
      manufacturer: QEMU
      modulePartNo: Not Specified
      memType: RAM
      size: 16
      clkspeed: 0
      moduleVoltage: 0
    DIMM 2:
      manufacturer: QEMU
      modulePartNo: Not Specified
      memType: RAM
      size: 15616
      clkspeed: 0
      moduleVoltage: 0
Checksum: 782694465B809684EEA7A42FFC85C09FEB6D0042