BaselineInfo:
  WebDBID: -1
  TimeStamp: 20241115163114
Version:
  Major: 11
  Minor: 0
  Build: 1002
  SpecialBuildName: ""
  ptArchitecture: x86_64_linux
Results:
  Results Complete: true
  NumTestProcesses: 16
  CPU_INTEGER_MATH: 82439.448999999993
  CPU_FLOATINGPOINT_MATH: 65462.876084362309
  CPU_PRIME: 247.32582323401738
  CPU_SORTING: 47693.429164615554
  CPU_ENCRYPTION: 17266.091715492486
  CPU_COMPRESSION: 343645.10750293511
  CPU_SINGLETHREAD: 2319.8726022364444
  CPU_PHYSICS: 4110.4341671764587
  CPU_MATRIX_MULT_SSE: 29549.194286295773
  CPU_mm: 3031.0016737303185
  CPU_sse: 13634.521216478912
  CPU_fma: 44130.33001300646
  CPU_avx: 30882.731629401944
  CPU_avx512: 0
  m_CPU_enc_SHA: 25135204190.762154
  m_CPU_enc_AES: 15888737189.681273
  m_CPU_enc_ECDSA: 13290486779.54933
  ME_ALLOC_S: 12861.662894219491
  ME_READ_S: 22462.339062499999
  ME_READ_L: 14253.7470703125
  ME_WRITE: 15473.8427734375
  ME_LARGE: 22073.083333333332
  ME_LATENCY: 71.526976857588366
  ME_THREADED: 142647.185546875
  SUMM_CPU: 29689.825184183777
  SUMM_ME: 2434.6449202589188
SystemInformation:
  OSName: Ubuntu 24.04.1 LTS
  Kernel: 6.8.0-45-generic
  Device: ""
  Processor: AMD EPYC Processor
  NumSockets: 1
  Manufacturer: AuthenticAMD
  NumCores: 16
  NumLogicals: 16
  CPUFrequency: 0
  Memory: 31337
  MemModuleInfo:
    iNumMemSticks: 2
    DIMM 1:
      manufacturer: QEMU
      modulePartNo: Not Specified
      memType: RAM
      size: 16
      clkspeed: 0
      moduleVoltage: 0
    DIMM 2:
      manufacturer: QEMU
      modulePartNo: Not Specified
      memType: RAM
      size: 15616
      clkspeed: 0
      moduleVoltage: 0
Checksum: 03EB9C8C689C479E4C157F438450EA42EC532751