BaselineInfo:
  WebDBID: -1
  TimeStamp: 20241107051723
Version:
  Major: 11
  Minor: 0
  Build: 1002
  SpecialBuildName: ""
  ptArchitecture: x86_64_linux
Results:
  Results Complete: true
  NumTestProcesses: 16
  CPU_INTEGER_MATH: 82081.348666666672
  CPU_FLOATINGPOINT_MATH: 64847.962334450582
  CPU_PRIME: 228.3241301510669
  CPU_SORTING: 46812.728608958154
  CPU_ENCRYPTION: 17624.533648153174
  CPU_COMPRESSION: 333860.0982622166
  CPU_SINGLETHREAD: 2280.3401355609772
  CPU_PHYSICS: 4252.7361276536913
  CPU_MATRIX_MULT_SSE: 29001.794634909682
  CPU_mm: 3052.4940743197585
  CPU_sse: 13574.525565476488
  CPU_fma: 43037.618778974327
  CPU_avx: 30393.239560278238
  CPU_avx512: 0
  m_CPU_enc_SHA: 25005059706.586468
  m_CPU_enc_AES: 15840908024.479593
  m_CPU_enc_ECDSA: 14596021252.871529
  ME_ALLOC_S: 12784.168456400103
  ME_READ_S: 22286.907031250001
  ME_READ_L: 14907.189453125
  ME_WRITE: 15234.5703125
  ME_LARGE: 20990.75
  ME_LATENCY: 68.944792149656877
  ME_THREADED: 126948.21044921875
  SUMM_CPU: 29335.948421183628
  SUMM_ME: 2478.419675017873
SystemInformation:
  OSName: Ubuntu 24.04.1 LTS
  Kernel: 6.8.0-45-generic
  Device: ""
  Processor: AMD EPYC Processor
  NumSockets: 1
  Manufacturer: AuthenticAMD
  NumCores: 16
  NumLogicals: 16
  CPUFrequency: 0
  Memory: 31337
  MemModuleInfo:
    iNumMemSticks: 2
    DIMM 1:
      manufacturer: QEMU
      modulePartNo: Not Specified
      memType: RAM
      size: 16
      clkspeed: 0
      moduleVoltage: 0
    DIMM 2:
      manufacturer: QEMU
      modulePartNo: Not Specified
      memType: RAM
      size: 15616
      clkspeed: 0
      moduleVoltage: 0
Checksum: 1BE7924CD62A98CB6636ED03980BE3641918D5DE