---
system-info:
      stress-ng-version: 0.17.08
      run-by: root
      date-yyyy-mm-dd: 2024:06:13
      time-hh-mm-ss: 16:59:07
      epoch-secs: 1718297947
      hostname: 9bcb01a3b5c4
      sysname: Linux
      nodename: 9bcb01a3b5c4
      release: 6.8.0-1008-aws
      version: '#8-Ubuntu SMP Sat Apr 20 00:46:25 UTC 2024'
      machine: x86_64
      compiler: 'musl-gcc 13.2.1'
      uptime: 137
      totalram: 401274138624
      freeram: 396483211264
      sharedram: 41160704
      bufferram: 105730048
      totalswap: 0
      freeswap: 0
      pagesize: 4096
      cpus: 48
      cpus-online: 48
      ticks-per-second: 100

metrics:
    - stressor: cpu
      bogo-ops: 811153
      bogo-ops-per-second-usr-sys-time: 845.372027
      bogo-ops-per-second-real-time: 40557.469329
      wall-clock-time: 20.000089
      user-time: 959.493949
      system-time: 0.027982
      cpu-usage-per-instance: 99.949756
      max-rss: 1152

...
