---
system-info:
      stress-ng-version: 0.17.08
      run-by: root
      date-yyyy-mm-dd: 2024:06:08
      time-hh-mm-ss: 03:54:46
      epoch-secs: 1717818886
      hostname: fe9cc7fe714e
      sysname: Linux
      nodename: fe9cc7fe714e
      release: 6.8.0-1008-aws
      version: '#8-Ubuntu SMP Sat Apr 20 00:46:25 UTC 2024'
      machine: x86_64
      compiler: 'musl-gcc 13.2.1'
      uptime: 116
      totalram: 401274134528
      freeram: 396472430592
      sharedram: 41152512
      bufferram: 95899648
      totalswap: 0
      freeswap: 0
      pagesize: 4096
      cpus: 48
      cpus-online: 48
      ticks-per-second: 100

metrics:
    - stressor: cpu
      bogo-ops: 479275
      bogo-ops-per-second-usr-sys-time: 999.150013
      bogo-ops-per-second-real-time: 47920.308595
      wall-clock-time: 10.001501
      user-time: 479.602760
      system-time: 0.079964
      cpu-usage-per-instance: 99.918906
      max-rss: 3840

...
