BaselineInfo:
  WebDBID: -1
  TimeStamp: 20250228142203
Version:
  Major: 11
  Minor: 0
  Build: 1002
  SpecialBuildName: ""
  ptArchitecture: x86_64_linux
Results:
  Results Complete: true
  NumTestProcesses: 6
  CPU_INTEGER_MATH: 28770.619999999999
  CPU_FLOATINGPOINT_MATH: 20822.90289147685
  CPU_PRIME: 96.115257723350481
  CPU_SORTING: 17007.94688089018
  CPU_ENCRYPTION: 6970.1428028915225
  CPU_COMPRESSION: 125386.37402309329
  CPU_SINGLETHREAD: 2184.8576037280368
  CPU_PHYSICS: 1549.6397922439407
  CPU_MATRIX_MULT_SSE: 10585.520642457474
  CPU_mm: 1214.8411576633052
  CPU_sse: 4582.2340751352276
  CPU_fma: 15869.91436375348
  CPU_avx: 11304.413488483715
  CPU_avx512: 0
  m_CPU_enc_SHA: 9838342757.3423004
  m_CPU_enc_AES: 6346511503.4904737
  m_CPU_enc_ECDSA: 5741319118.2215691
  ME_ALLOC_S: 3941.2696607101479
  ME_READ_S: 24775.739648437499
  ME_READ_L: 10935.9794921875
  ME_WRITE: 10578.7705078125
  ME_LARGE: 4937.25
  ME_LATENCY: 60.626952817804238
  ME_THREADED: 46662.4130859375
  SUMM_CPU: 11966.232884372082
  SUMM_ME: 2079.4416598404746
SystemInformation:
  OSName: Ubuntu 24.04.1 LTS
  Kernel: 6.8.0-31-generic
  Device: ""
  Processor: AMD EPYC 7542 32-Core Processor
  NumSockets: 1
  Manufacturer: AuthenticAMD
  NumCores: 6
  NumLogicals: 6
  CPUFrequency: 0
  Memory: 15946
  MemModuleInfo:
    iNumMemSticks: 1
    DIMM 1:
      manufacturer: QEMU
      modulePartNo: Not Specified
      memType: RAM
      size: 16
      clkspeed: 0
      moduleVoltage: 0
Checksum: EF9AA14A9BE5E9368614775AF22EE2037AE5C676