---
system-info:
      stress-ng-version: 0.17.08
      run-by: root
      date-yyyy-mm-dd: 2024:08:30
      time-hh-mm-ss: 17:21:17
      epoch-secs: 1725038477
      hostname: sc-runner
      sysname: Linux
      nodename: sc-runner
      release: 6.8.0-1013-azure
      version: '#15-Ubuntu SMP Thu Aug  8 18:40:40 UTC 2024'
      machine: x86_64
      compiler: 'musl-gcc 13.2.1'
      uptime: 351
      totalram: 16765030400
      freeram: 8259391488
      sharedram: 54882304
      bufferram: 203354112
      totalswap: 0
      freeswap: 0
      pagesize: 4096
      cpus: 4
      cpus-online: 4
      ticks-per-second: 100

metrics:
    - stressor: cpu
      bogo-ops: 37973
      bogo-ops-per-second-usr-sys-time: 1898.661772
      bogo-ops-per-second-real-time: 1898.643142
      wall-clock-time: 20.000072
      user-time: 19.998877
      system-time: 0.000999
      cpu-usage-per-instance: 99.999019
      max-rss: 3152

...
