BaselineInfo:
  WebDBID: -1
  TimeStamp: 20260612135010
Version:
  Major: 11
  Minor: 0
  Build: 1004
  SpecialBuildName: ""
  ptArchitecture: x86_64_linux
Results:
  Results Complete: true
  NumTestProcesses: 4
  CPU_INTEGER_MATH: 26885.522666666668
  CPU_FLOATINGPOINT_MATH: 23478.340008153777
  CPU_PRIME: 84.082038757348613
  CPU_SORTING: 16853.644336580575
  CPU_ENCRYPTION: 5754.7368050508803
  CPU_COMPRESSION: 116095.40852230921
  CPU_SINGLETHREAD: 3177.624112976815
  CPU_PHYSICS: 1534.6550457687958
  CPU_MATRIX_MULT_SSE: 10813.843281893884
  CPU_mm: 1157.4637059923762
  CPU_sse: 5134.4346283429413
  CPU_fma: 15143.948920690724
  CPU_avx: 12981.556695809199
  CPU_avx512: 9995.4328827326717
  m_CPU_enc_SHA: 8045019513.4442959
  m_CPU_enc_AES: 5098752108.6990166
  m_CPU_enc_ECDSA: 4959065078.1357822
  ME_ALLOC_S: 2181.428429853795
  ME_READ_S: 30782.230273437501
  ME_READ_L: 28062.05859375
  ME_WRITE: 28234.376953125
  ME_LARGE: 24067
  ME_LATENCY: 69.547041140744057
  ME_THREADED: 110315.81640625
  SUMM_CPU: 11737.873759618247
  SUMM_ME: 2761.336724691399
SystemInformation:
  OSName: Ubuntu 24.04.4 LTS
  Kernel: 6.8.0-124-generic
  Device: ""
  Processor: AMD EPYC-Genoa Processor
  NumSockets: 1
  Manufacturer: AuthenticAMD
  NumCores: 2
  NumLogicals: 4
  CPUFrequency: 0
  CPUMaxFrequency: 0
  Memory: 32090
  CPUInfo:
    number: 1
    Family: 15
    Model: 1
    stepping: 0
    features: 395049983
    manufacture: AuthenticAMD
    typestring: AMD EPYC-Genoa Processor
    iCoresPerPackage: 2
    iThreadsPerPackage: 2
    featuresEx:
      - 395049983
      - 4277809667
      - 802421759
    bHybrid: false
    nPCore: 0
    nLogicalsPerPCore: 0
    nECore: 0
    nLogicalsPerECore: 0
  MemModuleInfo:
    iNumMemSticks: 2
    DIMM 1:
      manufacturer: QEMU
      modulePartNo: Not Specified
      memType: RAM
      size: 16
      clkspeed: 0
      moduleVoltage: 0
    DIMM 2:
      manufacturer: QEMU
      modulePartNo: Not Specified
      memType: RAM
      size: 16
      clkspeed: 0
      moduleVoltage: 0
Checksum: 51A80D71C3590477E86E7D80855A8D8BF2E21752