---
system-info:
      stress-ng-version: 0.17.08
      run-by: root
      date-yyyy-mm-dd: 2024:07:03
      time-hh-mm-ss: 13:39:52
      epoch-secs: 1720013992
      hostname: n1-highmem-96-7fb93bc
      sysname: Linux
      nodename: n1-highmem-96-7fb93bc
      release: 6.8.0-1009-gcp
      version: '#10-Ubuntu SMP Wed Jun 12 18:52:23 UTC 2024'
      machine: x86_64
      compiler: 'musl-gcc 13.2.1'
      uptime: 169
      totalram: 659388919808
      freeram: 652754980864
      sharedram: 82968576
      bufferram: 131420160
      totalswap: 0
      freeswap: 0
      pagesize: 4096
      cpus: 96
      cpus-online: 96
      ticks-per-second: 100

metrics:
    - stressor: cpu
      bogo-ops: 1410158
      bogo-ops-per-second-usr-sys-time: 734.889734
      bogo-ops-per-second-real-time: 70507.463379
      wall-clock-time: 20.000124
      user-time: 1918.810228
      system-time: 0.059957
      cpu-usage-per-instance: 99.940537
      max-rss: 768

...
