BaselineInfo:
  WebDBID: -1
  TimeStamp: 20241109051709
Version:
  Major: 11
  Minor: 0
  Build: 1002
  SpecialBuildName: ""
  ptArchitecture: x86_64_linux
Results:
  Results Complete: true
  NumTestProcesses: 48
  CPU_INTEGER_MATH: 161949.98233333335
  CPU_FLOATINGPOINT_MATH: 96628.863103678028
  CPU_PRIME: 234.91996563696293
  CPU_SORTING: 93676.071835821145
  CPU_ENCRYPTION: 51204.809597424719
  CPU_COMPRESSION: 710988.61992227868
  CPU_SINGLETHREAD: 2111.4147719136081
  CPU_PHYSICS: 4594.3879722986076
  CPU_MATRIX_MULT_SSE: 44661.261584567408
  CPU_mm: 4854.9925996584716
  CPU_sse: 20056.016301664211
  CPU_fma: 64988.673505715233
  CPU_avx: 48939.094946322795
  CPU_avx512: 0
  m_CPU_enc_SHA: 72353487872.602814
  m_CPU_enc_AES: 49571062020.960716
  m_CPU_enc_ECDSA: 39151853391.724136
  ME_ALLOC_S: 16390.97790251776
  ME_READ_S: 24528.768164062501
  ME_READ_L: 12930.412109375
  ME_WRITE: 13368.1630859375
  ME_LARGE: 84091.416666666672
  ME_LATENCY: 50.946423544026743
  ME_THREADED: 98040.482421875
  SUMM_CPU: 46134.797979696414
  SUMM_ME: 2888.5357168896389
SystemInformation:
  OSName: Ubuntu 24.04.1 LTS
  Kernel: 6.8.0-1016-aws
  Device: ""
  Processor: AMD EPYC 7R32
  NumSockets: 1
  Manufacturer: AuthenticAMD
  NumCores: 24
  NumLogicals: 48
  CPUFrequency: 0
  Memory: 95500
  MemModuleInfo:
    iNumMemSticks: 1
    DIMM 1:
      manufacturer: Not Specified
      modulePartNo: Not Specified
      memType: DDR4
      size: 96
      clkspeed: 1466
      moduleVoltage: 0
Checksum: F24A8362595E62C187D2BBB3E26373A65F5C275B