---
system-info:
      stress-ng-version: 0.17.08
      run-by: root
      date-yyyy-mm-dd: 2024:06:28
      time-hh-mm-ss: 20:28:53
      epoch-secs: 1719606533
      hostname: c3d-standard-360-0bbb39a
      sysname: Linux
      nodename: c3d-standard-360-0bbb39a
      release: 6.8.0-1009-gcp
      version: '#10-Ubuntu SMP Wed Jun 12 18:52:23 UTC 2024'
      machine: x86_64
      compiler: 'musl-gcc 13.2.1'
      uptime: 156
      totalram: 1521705189376
      freeram: 1514400313344
      sharedram: 69246976
      bufferram: 135069696
      totalswap: 0
      freeswap: 0
      pagesize: 4096
      cpus: 360
      cpus-online: 360
      ticks-per-second: 100

metrics:
    - stressor: cpu
      bogo-ops: 61419
      bogo-ops-per-second-usr-sys-time: 3071.108776
      bogo-ops-per-second-real-time: 3070.933453
      wall-clock-time: 20.000108
      user-time: 19.998966
      system-time: 0.000000
      cpu-usage-per-instance: 99.994291
      max-rss: 0

...
