BaselineInfo:
  WebDBID: -1
  TimeStamp: 20260616224439
Version:
  Major: 11
  Minor: 0
  Build: 1004
  SpecialBuildName: ""
  ptArchitecture: x86_64_linux
Results:
  Results Complete: true
  NumTestProcesses: 2
  CPU_INTEGER_MATH: 9429.9360000000015
  CPU_FLOATINGPOINT_MATH: 5288.1580208730975
  CPU_PRIME: 22.869672822234307
  CPU_SORTING: 5805.4230338795769
  CPU_ENCRYPTION: 2383.3898960238375
  CPU_COMPRESSION: 39369.942805942133
  CPU_SINGLETHREAD: 2825.0599898346459
  CPU_PHYSICS: 480.04074669336421
  CPU_MATRIX_MULT_SSE: 2595.4164694394067
  CPU_mm: 252.77899999357714
  CPU_sse: 1110.825255570589
  CPU_fma: 3478.6541127997639
  CPU_avx: 2875.8161823261344
  CPU_avx512: 2916.3703270611404
  m_CPU_enc_SHA: 3342126959.2571392
  m_CPU_enc_AES: 2268515534.2539706
  m_CPU_enc_ECDSA: 1886853837.3281651
  ME_ALLOC_S: 1037.97128136725
  ME_READ_S: 27197.595898437499
  ME_READ_L: 25905.759765625
  ME_WRITE: 25482.234375
  ME_LARGE: 7226
  ME_LATENCY: 70.8222172239835
  ME_THREADED: 27137.998046875
  SUMM_CPU: 3810.3092683138125
  SUMM_ME: 2129.0153949300293
SystemInformation:
  OSName: Ubuntu 24.04.4 LTS
  Kernel: 6.8.0-117-generic
  Device: ""
  Processor: "AMD EPYC 9T24 96-Core Processor                "
  NumSockets: 1
  Manufacturer: AuthenticAMD
  NumCores: 1
  NumLogicals: 2
  CPUFrequency: 0
  CPUMaxFrequency: 0
  Memory: 15323
  CPUInfo:
    number: 1
    Family: 15
    Model: 1
    stepping: 1
    features: 395049983
    manufacture: AuthenticAMD
    typestring: "AMD EPYC 9T24 96-Core Processor                "
    iCoresPerPackage: 1
    iThreadsPerPackage: 2
    featuresEx:
      - 395049983
      - 4277809667
      - 802421759
    bHybrid: false
    nPCore: 0
    nLogicalsPerPCore: 0
    nECore: 0
    nLogicalsPerECore: 0
  MemModuleInfo:
    iNumMemSticks: 1
    DIMM 1:
      manufacturer: Alibaba Cloud
      modulePartNo: Not Specified
      memType: RAM
      size: 16
      clkspeed: 0
      moduleVoltage: 0
Checksum: 0FAD37E80C49C71DCDFD2AEE4A1C9AF3ABB9A1C9