---
system-info:
      stress-ng-version: 0.17.08
      run-by: root
      date-yyyy-mm-dd: 2024:06:14
      time-hh-mm-ss: 02:23:39
      epoch-secs: 1718331819
      hostname: 4b0f6a0e6adf
      sysname: Linux
      nodename: 4b0f6a0e6adf
      release: 6.8.0-1008-aws
      version: '#8-Ubuntu SMP Sat Apr 20 00:46:25 UTC 2024'
      machine: x86_64
      compiler: 'musl-gcc 13.2.1'
      uptime: 125
      totalram: 15710023680
      freeram: 11362947072
      sharedram: 27578368
      bufferram: 106639360
      totalswap: 0
      freeswap: 0
      pagesize: 4096
      cpus: 8
      cpus-online: 8
      ticks-per-second: 100

metrics:
    - stressor: cpu
      bogo-ops: 152100
      bogo-ops-per-second-usr-sys-time: 952.864625
      bogo-ops-per-second-real-time: 7604.960847
      wall-clock-time: 20.000103
      user-time: 159.618872
      system-time: 0.005062
      cpu-usage-per-instance: 99.764445
      max-rss: 1104

...
