---
system-info:
      stress-ng-version: 0.17.08
      run-by: root
      date-yyyy-mm-dd: 2024:06:05
      time-hh-mm-ss: 12:43:54
      epoch-secs: 1717591434
      hostname: 2befde5b0b72
      sysname: Linux
      nodename: 2befde5b0b72
      release: 6.8.0-1008-aws
      version: '#8-Ubuntu SMP Sat Apr 20 00:46:25 UTC 2024'
      machine: x86_64
      compiler: 'musl-gcc 13.2.1'
      uptime: 116
      totalram: 15710019584
      freeram: 11637719040
      sharedram: 27578368
      bufferram: 76972032
      totalswap: 0
      freeswap: 0
      pagesize: 4096
      cpus: 8
      cpus-online: 8
      ticks-per-second: 100

metrics:
    - stressor: cpu
      bogo-ops: 91240
      bogo-ops-per-second-usr-sys-time: 1143.784061
      bogo-ops-per-second-real-time: 9122.545316
      wall-clock-time: 10.001595
      user-time: 79.759106
      system-time: 0.011196
      cpu-usage-per-instance: 99.696980
      max-rss: 4176

...
