BaselineInfo:
  WebDBID: -1
  TimeStamp: 20241115132018
Version:
  Major: 11
  Minor: 0
  Build: 1002
  SpecialBuildName: ""
  ptArchitecture: x86_64_linux
Results:
  Results Complete: true
  NumTestProcesses: 2
  CPU_INTEGER_MATH: 8219.6700000000001
  CPU_FLOATINGPOINT_MATH: 4552.8586535039267
  CPU_PRIME: 19.019252864562368
  CPU_SORTING: 4501.7906247653546
  CPU_ENCRYPTION: 2131.2465437251444
  CPU_COMPRESSION: 32270.09654419664
  CPU_SINGLETHREAD: 2304.6385498688046
  CPU_PHYSICS: 387.21176375429258
  CPU_MATRIX_MULT_SSE: 1741.0900102071587
  CPU_mm: 221.67126551673803
  CPU_sse: 936.94601656413181
  CPU_fma: 2560.0108589933143
  CPU_avx: 1726.3131550640294
  CPU_avx512: 0
  m_CPU_enc_SHA: 3094872044.6522179
  m_CPU_enc_AES: 1975954232.0303426
  m_CPU_enc_ECDSA: 1633495650.8168511
  ME_ALLOC_S: 884.33402893208529
  ME_READ_S: 23809.514062499999
  ME_READ_L: 12508.3759765625
  ME_WRITE: 8182.37109375
  ME_LARGE: 579.66666666666663
  ME_LATENCY: 99.837196176424257
  ME_THREADED: 10964.0107421875
  SUMM_CPU: 3105.5858952085055
  SUMM_ME: 817.12675204102527
SystemInformation:
  OSName: Ubuntu 24.04.1 LTS
  Kernel: 6.8.0-1017-gcp
  Device: ""
  Processor: AMD EPYC 7B12
  NumSockets: 1
  Manufacturer: AuthenticAMD
  NumCores: 1
  NumLogicals: 2
  CPUFrequency: 0
  Memory: 3913
  MemModuleInfo:
    iNumMemSticks: 1
    DIMM 1:
      manufacturer: ""
      modulePartNo: ""
      memType: RAM
      size: 4
      clkspeed: 0
      moduleVoltage: 0
Checksum: 288BC7FD072F05DFB0206E5695DD5E1C442C5696