BaselineInfo:
  WebDBID: -1
  TimeStamp: 20241107005315
Version:
  Major: 11
  Minor: 0
  Build: 1002
  SpecialBuildName: ""
  ptArchitecture: x86_64_linux
Results:
  Results Complete: true
  NumTestProcesses: 2
  CPU_INTEGER_MATH: 8170.9166666666661
  CPU_FLOATINGPOINT_MATH: 4541.3402370695185
  CPU_PRIME: 16.612598041522361
  CPU_SORTING: 4361.6133748750754
  CPU_ENCRYPTION: 2101.7928347750831
  CPU_COMPRESSION: 31304.723043518992
  CPU_SINGLETHREAD: 2266.8753016656369
  CPU_PHYSICS: 313.96861180024871
  CPU_MATRIX_MULT_SSE: 868.31840190955813
  CPU_mm: 109.38702651306458
  CPU_sse: 464.83307323013423
  CPU_fma: 1254.7104395456915
  CPU_avx: 885.41169295284828
  CPU_avx512: 0
  m_CPU_enc_SHA: 3066598395.0032263
  m_CPU_enc_AES: 1960085849.0065289
  m_CPU_enc_ECDSA: 1584984326.5415969
  ME_ALLOC_S: 419.97068366200364
  ME_READ_S: 11815.88955078125
  ME_READ_L: 7332.7802734375
  ME_WRITE: 7331.16845703125
  ME_LARGE: 636.33333333333337
  ME_LATENCY: 134.60957018539133
  ME_THREADED: 10206.029296875
  SUMM_CPU: 2621.9248577851731
  SUMM_ME: 671.88102071309731
SystemInformation:
  OSName: Ubuntu 24.04.1 LTS
  Kernel: 6.8.0-1015-gcp
  Device: ""
  Processor: AMD EPYC 7B12
  NumSockets: 1
  Manufacturer: AuthenticAMD
  NumCores: 1
  NumLogicals: 2
  CPUFrequency: 0
  Memory: 3913
  MemModuleInfo:
    iNumMemSticks: 1
    DIMM 1:
      manufacturer: ""
      modulePartNo: ""
      memType: RAM
      size: 4
      clkspeed: 0
      moduleVoltage: 0
Checksum: 884FDC735D9E87CC8422B98EE0389D92015C7A12