BaselineInfo:
  WebDBID: -1
  TimeStamp: 20241114202915
Version:
  Major: 11
  Minor: 0
  Build: 1002
  SpecialBuildName: ""
  ptArchitecture: x86_64_linux
Results:
  Results Complete: true
  NumTestProcesses: 2
  CPU_INTEGER_MATH: 8162.1363333333338
  CPU_FLOATINGPOINT_MATH: 4542.9683600266762
  CPU_PRIME: 17.819173899891254
  CPU_SORTING: 4410.5833051061572
  CPU_ENCRYPTION: 2103.4304291274871
  CPU_COMPRESSION: 32093.688684388231
  CPU_SINGLETHREAD: 2273.4604091667456
  CPU_PHYSICS: 321.90127108543129
  CPU_MATRIX_MULT_SSE: 1710.5855127190659
  CPU_mm: 220.11976280725384
  CPU_sse: 939.58102443277289
  CPU_fma: 2544.5963892947238
  CPU_avx: 1647.5791244297016
  CPU_avx512: 0
  m_CPU_enc_SHA: 3070120233.9272175
  m_CPU_enc_AES: 1962353300.839962
  m_CPU_enc_ECDSA: 1584346462.1911724
  ME_ALLOC_S: 836.26891058411275
  ME_READ_S: 23503.949804687501
  ME_READ_L: 13828.05078125
  ME_WRITE: 6595.84326171875
  ME_LARGE: 657.25
  ME_LATENCY: 140.90376028388573
  ME_THREADED: 9845.7314453125
  SUMM_CPU: 3049.9327798009444
  SUMM_ME: 766.73518843298871
SystemInformation:
  OSName: Ubuntu 24.04.1 LTS
  Kernel: 6.8.0-1015-gcp
  Device: ""
  Processor: AMD EPYC 7B12
  NumSockets: 1
  Manufacturer: AuthenticAMD
  NumCores: 1
  NumLogicals: 2
  CPUFrequency: 0
  Memory: 3913
  MemModuleInfo:
    iNumMemSticks: 1
    DIMM 1:
      manufacturer: ""
      modulePartNo: ""
      memType: RAM
      size: 4
      clkspeed: 0
      moduleVoltage: 0
Checksum: 2C29FEE0DA1C530E05CEF979AA183AF8F395DE38