BaselineInfo:
  WebDBID: -1
  TimeStamp: 20241108164453
Version:
  Major: 11
  Minor: 0
  Build: 1002
  SpecialBuildName: ""
  ptArchitecture: x86_64_linux
Results:
  Results Complete: true
  NumTestProcesses: 16
  CPU_INTEGER_MATH: 47419.527333333332
  CPU_FLOATINGPOINT_MATH: 39427.220581728521
  CPU_PRIME: 116.84897731675085
  CPU_SORTING: 28644.83411605623
  CPU_ENCRYPTION: 6089.8805401445024
  CPU_COMPRESSION: 239957.82730076724
  CPU_SINGLETHREAD: 1782.1418285664997
  CPU_PHYSICS: 1926.6697445712925
  CPU_MATRIX_MULT_SSE: 20635.151618716925
  CPU_mm: 2187.1693742415318
  CPU_sse: 8203.1590605049205
  CPU_fma: 26980.581302241717
  CPU_avx: 18242.011369921751
  CPU_avx512: 29114.85474219931
  m_CPU_enc_SHA: 3351051743.7190709
  m_CPU_enc_AES: 12864136928.761841
  m_CPU_enc_ECDSA: 2941919059.3067751
  ME_ALLOC_S: 8750.7780511649671
  ME_READ_S: 21287.735546874999
  ME_READ_L: 7856.0751953125
  ME_WRITE: 7879.1103515625
  ME_LARGE: 102391.75
  ME_LATENCY: 58.894027864620057
  ME_THREADED: 100218.20654296875
  SUMM_CPU: 17133.931206004829
  SUMM_ME: 2216.7209131316986
SystemInformation:
  OSName: Ubuntu 24.04.1 LTS
  Kernel: 6.8.0-1017-azure
  Device: ""
  Processor: Intel Xeon Platinum 8171M CPU @ 2.60GHz
  NumSockets: 1
  Manufacturer: GenuineIntel
  NumCores: 16
  NumLogicals: 16
  CPUFrequency: 0
  Memory: 112681
  MemModuleInfo:
    iNumMemSticks: 3
    DIMM 1:
      manufacturer: Microsoft Corporation
      modulePartNo: None
      memType: Unknown
      size: 1
      clkspeed: 0
      moduleVoltage: 0
    DIMM 2:
      manufacturer: Microsoft Corporation
      modulePartNo: None
      memType: Unknown
      size: 60928
      clkspeed: 0
      moduleVoltage: 0
    DIMM 3:
      manufacturer: Microsoft Corporation
      modulePartNo: None
      memType: Unknown
      size: 52736
      clkspeed: 0
      moduleVoltage: 0
Checksum: 0482A421385F03645DD67AEE7A9E7151E33508AB