BaselineInfo:
  WebDBID: -1
  TimeStamp: 20241107122708
Version:
  Major: 11
  Minor: 0
  Build: 1002
  SpecialBuildName: ""
  ptArchitecture: aarch64_linux
Results:
  Results Complete: true
  NumTestProcesses: 2
  CPU_INTEGER_MATH: 7842.5889999999999
  CPU_FLOATINGPOINT_MATH: 5888.0973014361571
  CPU_PRIME: 17.040380872262375
  CPU_SORTING: 5625.6986662684867
  CPU_ENCRYPTION: 266.61017407068857
  CPU_COMPRESSION: 8886.4235155478273
  CPU_SINGLETHREAD: 1109.7525829721937
  CPU_PHYSICS: 355.06046852482126
  CPU_MATRIX_MULT_SSE: 1235.0930302399233
  CPU_mm: 207.41550936189427
  CPU_sse: 1030.3080536387765
  CPU_fma: 1439.8780068410704
  CPU_avx: 0
  CPU_avx512: 0
  m_CPU_enc_SHA: 407496478.77333128
  m_CPU_enc_AES: 187650107.86299473
  m_CPU_enc_ECDSA: 243536503.02271301
  ME_ALLOC_S: 1290.965476328879
  ME_READ_S: 9480.4947265624996
  ME_READ_L: 9195.9521484375
  ME_WRITE: 12506.8095703125
  ME_LARGE: 593
  ME_LATENCY: 71.715242021695033
  ME_THREADED: 18164.5302734375
  SUMM_CPU: 1345.3060859630714
  SUMM_ME: 843.02769472157365
SystemInformation:
  OSName: Ubuntu 24.04.1 LTS
  Kernel: 6.8.0-1016-aws
  Device: ""
  Processor: ARM Neoverse-N1 2 Core 0 MHz
  NumSockets: 1
  Manufacturer: ARM
  NumCores: 2
  NumLogicals: 2
  CPUFrequency: 0
  Memory: 7764
Checksum: 36085479199B10876C6E07DAA15A4F83B3F5BB1B