---
system-info:
      stress-ng-version: 0.17.08
      run-by: root
      date-yyyy-mm-dd: 2024:09:03
      time-hh-mm-ss: 18:36:53
      epoch-secs: 1725388613
      hostname: sc-runner
      sysname: Linux
      nodename: sc-runner
      release: 6.8.0-1013-azure
      version: '#15-Ubuntu SMP Thu Aug  8 18:40:40 UTC 2024'
      machine: x86_64
      compiler: 'musl-gcc 13.2.1'
      uptime: 395
      totalram: 67423420416
      freeram: 58667466752
      sharedram: 46542848
      bufferram: 261419008
      totalswap: 0
      freeswap: 0
      pagesize: 4096
      cpus: 8
      cpus-online: 8
      ticks-per-second: 100

metrics:
    - stressor: cpu
      bogo-ops: 102723
      bogo-ops-per-second-usr-sys-time: 643.996039
      bogo-ops-per-second-real-time: 5136.105266
      wall-clock-time: 20.000174
      user-time: 159.468472
      system-time: 0.040273
      cpu-usage-per-instance: 99.692097
      max-rss: 3124

...
