---
system-info:
      stress-ng-version: 0.17.08
      run-by: root
      date-yyyy-mm-dd: 2024:09:22
      time-hh-mm-ss: 02:21:41
      epoch-secs: 1726971701
      hostname: sc-runner
      sysname: Linux
      nodename: sc-runner
      release: 6.8.0-1014-azure
      version: '#16-Ubuntu SMP Thu Aug 15 20:04:41 UTC 2024'
      machine: x86_64
      compiler: 'musl-gcc 13.2.1'
      uptime: 400
      totalram: 67423420416
      freeram: 56993284096
      sharedram: 46542848
      bufferram: 294514688
      totalswap: 0
      freeswap: 0
      pagesize: 4096
      cpus: 8
      cpus-online: 8
      ticks-per-second: 100

metrics:
    - stressor: cpu
      bogo-ops: 102242
      bogo-ops-per-second-usr-sys-time: 641.338112
      bogo-ops-per-second-real-time: 5112.029447
      wall-clock-time: 20.000276
      user-time: 159.378588
      system-time: 0.041222
      cpu-usage-per-instance: 99.636006
      max-rss: 3256

...
