---
system-info:
      stress-ng-version: 0.17.08
      run-by: root
      date-yyyy-mm-dd: 2024:06:15
      time-hh-mm-ss: 11:17:47
      epoch-secs: 1718450267
      hostname: e027e3d4b813
      sysname: Linux
      nodename: e027e3d4b813
      release: 6.8.0-1008-aws
      version: '#8-Ubuntu SMP Sat Apr 20 00:46:25 UTC 2024'
      machine: x86_64
      compiler: 'musl-gcc 13.2.1'
      uptime: 134
      totalram: 202423418880
      freeram: 196937994240
      sharedram: 54996992
      bufferram: 109879296
      totalswap: 0
      freeswap: 0
      pagesize: 4096
      cpus: 48
      cpus-online: 48
      ticks-per-second: 100

metrics:
    - stressor: cpu
      bogo-ops: 37626
      bogo-ops-per-second-usr-sys-time: 1881.308936
      bogo-ops-per-second-real-time: 1881.298385
      wall-clock-time: 20.000017
      user-time: 19.999905
      system-time: 0.000000
      cpu-usage-per-instance: 99.999439
      max-rss: 1152

...
