---
system-info:
      stress-ng-version: 0.17.08
      run-by: root
      date-yyyy-mm-dd: 2024:06:08
      time-hh-mm-ss: 15:21:34
      epoch-secs: 1717860094
      hostname: 138d0e654a0f
      sysname: Linux
      nodename: 138d0e654a0f
      release: 6.8.0-1008-aws
      version: '#8-Ubuntu SMP Sat Apr 20 00:46:25 UTC 2024'
      machine: x86_64
      compiler: 'musl-gcc 13.2.1'
      uptime: 118
      totalram: 202423410688
      freeram: 196900892672
      sharedram: 54996992
      bufferram: 103006208
      totalswap: 0
      freeswap: 0
      pagesize: 4096
      cpus: 48
      cpus-online: 48
      ticks-per-second: 100

metrics:
    - stressor: cpu
      bogo-ops: 20408
      bogo-ops-per-second-usr-sys-time: 2040.590635
      bogo-ops-per-second-real-time: 2040.592599
      wall-clock-time: 10.001016
      user-time: 10.001026
      system-time: 0.000000
      cpu-usage-per-instance: 100.000096
      max-rss: 3840

...
