size_kb,operation,bandwidth_mb_s,latency_ns,latency_stddev_ns,latency_samples,threads,iterations,elapsed_s
32,read,63051.90,0,0,0,1,405844,0.201146
32,write,37457.13,0,0,0,1,276854,0.230976
32,copy,35458.07,0,0,0,1,272034,0.239750
32,latency,0,2.80,0.05,7,1,7,0.397489
128,read,42717.97,0,0,0,1,82562,0.241590
128,write,37414.51,0,0,0,1,72737,0.243011
128,copy,30650.70,0,0,0,1,56217,0.229265
128,latency,0,4.49,0.03,7,1,7,0.714370
512,read,38898.73,0,0,0,1,12311,0.158244
512,write,37462.39,0,0,0,1,18995,0.253521
512,copy,29875.79,0,0,0,1,9645,0.161418
512,latency,0,7.95,0.10,7,1,7,0.639154
1024,read,38139.43,0,0,0,1,5677,0.148849
1024,write,37230.56,0,0,0,1,9503,0.255247
1024,copy,20426.85,0,0,0,1,4497,0.220151
1024,latency,0,12.39,0.10,7,1,7,0.655037
2048,read,36583.64,0,0,0,1,2622,0.143343
2048,write,37368.30,0,0,0,1,4760,0.254761
2048,copy,17986.00,0,0,0,1,2107,0.234293
2048,latency,0,22.36,0.21,7,1,7,0.689875
8192,read,34609.09,0,0,0,1,638,0.147476
8192,write,37362.54,0,0,0,1,1190,0.254801
8192,copy,15996.61,0,0,0,1,589,0.294562
8192,latency,0,71.32,14.59,21,1,21,2.248754
16384,read,33641.25,0,0,0,1,323,0.153621
16384,write,37372.27,0,0,0,1,584,0.250025
16384,copy,15753.81,0,0,0,1,277,0.281329
16384,latency,0,93.80,1.11,7,1,7,1.048851
32768,read,23280.97,0,0,0,1,170,0.233667
32768,write,37327.61,0,0,0,1,296,0.253753
32768,copy,15548.57,0,0,0,1,136,0.279897
32768,latency,0,99.19,1.43,7,1,7,2.275635
65536,read,21133.59,0,0,0,1,77,0.233183
65536,write,36947.05,0,0,0,1,148,0.256367
65536,copy,15476.04,0,0,0,1,64,0.264667
65536,latency,0,103.34,1.23,7,1,7,4.797315
131072,read,19591.85,0,0,0,1,38,0.248266
131072,write,37092.47,0,0,0,1,74,0.255362
131072,copy,15544.63,0,0,0,1,30,0.247031
131072,latency,0,103.57,0.58,7,1,7,9.712788
