BaselineInfo:
  WebDBID: -1
  TimeStamp: 20241108100304
Version:
  Major: 11
  Minor: 0
  Build: 1002
  SpecialBuildName: ""
  ptArchitecture: x86_64_linux
Results:
  Results Complete: true
  NumTestProcesses: 16
  CPU_INTEGER_MATH: 67122.358666666652
  CPU_FLOATINGPOINT_MATH: 34304.850768324781
  CPU_PRIME: 135.91055945892811
  CPU_SORTING: 34786.418165610405
  CPU_ENCRYPTION: 14582.830036916755
  CPU_COMPRESSION: 250548.89550950698
  CPU_SINGLETHREAD: 2372.3984204333715
  CPU_PHYSICS: 2351.4179762381805
  CPU_MATRIX_MULT_SSE: 15137.3684285037
  CPU_mm: 1446.0093880879208
  CPU_sse: 6368.4231629272645
  CPU_fma: 17492.302157700695
  CPU_avx: 12905.363369032611
  CPU_avx512: 23783.385024354226
  m_CPU_enc_SHA: 14712967932.620804
  m_CPU_enc_AES: 22149883761.333893
  m_CPU_enc_ECDSA: 9010765072.4153748
  ME_ALLOC_S: 7805.4844774956364
  ME_READ_S: 23843.305078124999
  ME_READ_L: 12424.6611328125
  ME_WRITE: 10888.6044921875
  ME_LARGE: 21291.5
  ME_LATENCY: 57.750142260510792
  ME_THREADED: 90777.38671875
  SUMM_CPU: 21375.141234862855
  SUMM_ME: 2527.0460621715747
SystemInformation:
  OSName: Ubuntu 24.04.1 LTS
  Kernel: 6.8.0-1016-aws
  Device: ""
  Processor: Intel Xeon Platinum 8375C CPU @ 2.90GHz
  NumSockets: 1
  Manufacturer: GenuineIntel
  NumCores: 8
  NumLogicals: 16
  CPUFrequency: 0
  Memory: 31554
  MemModuleInfo:
    iNumMemSticks: 1
    DIMM 1:
      manufacturer: Not Specified
      modulePartNo: Not Specified
      memType: DDR4
      size: 32
      clkspeed: 1600
      moduleVoltage: 0
Checksum: 53CC134C041F21F64C4A95B10529B08069B760F6