---
system-info:
      stress-ng-version: 0.17.08
      run-by: root
      date-yyyy-mm-dd: 2024:06:15
      time-hh-mm-ss: 03:41:10
      epoch-secs: 1718422870
      hostname: d9518902c443
      sysname: Linux
      nodename: d9518902c443
      release: 6.8.0-1008-aws
      version: '#8-Ubuntu SMP Sat Apr 20 00:46:25 UTC 2024'
      machine: x86_64
      compiler: 'musl-gcc 13.2.1'
      uptime: 137
      totalram: 16469204992
      freeram: 12126380032
      sharedram: 59858944
      bufferram: 110338048
      totalswap: 0
      freeswap: 0
      pagesize: 4096
      cpus: 4
      cpus-online: 4
      ticks-per-second: 100

metrics:
    - stressor: cpu
      bogo-ops: 37779
      bogo-ops-per-second-usr-sys-time: 1888.940839
      bogo-ops-per-second-real-time: 1888.939462
      wall-clock-time: 20.000112
      user-time: 20.000097
      system-time: 0.000000
      cpu-usage-per-instance: 99.999927
      max-rss: 1104

...
