BaselineInfo:
  WebDBID: -1
  TimeStamp: 20241111104011
Version:
  Major: 11
  Minor: 0
  Build: 1002
  SpecialBuildName: ""
  ptArchitecture: x86_64_linux
Results:
  Results Complete: true
  NumTestProcesses: 16
  CPU_INTEGER_MATH: 61381.843000000001
  CPU_FLOATINGPOINT_MATH: 43583.548897054679
  CPU_PRIME: 127.8580306257079
  CPU_SORTING: 31334.213152837357
  CPU_ENCRYPTION: 13593.003679986123
  CPU_COMPRESSION: 229745.74360105873
  CPU_SINGLETHREAD: 2385.6000023790989
  CPU_PHYSICS: 3003.1388916224823
  CPU_MATRIX_MULT_SSE: 17007.138483495928
  CPU_mm: 1741.6124353617195
  CPU_sse: 7557.7393540774974
  CPU_fma: 18894.198613733632
  CPU_avx: 14580.082634130778
  CPU_avx512: 26996.533332041821
  m_CPU_enc_SHA: 14350983035.686132
  m_CPU_enc_AES: 18621336266.026333
  m_CPU_enc_ECDSA: 9787572978.5229053
  ME_ALLOC_S: 7532.926105579194
  ME_READ_S: 21477.078515624999
  ME_READ_L: 7075.92138671875
  ME_WRITE: 6861.98681640625
  ME_LARGE: 21748.5
  ME_LATENCY: 74.004715406916446
  ME_THREADED: 96400.025390625
  SUMM_CPU: 21470.490139008667
  SUMM_ME: 1889.3057320664357
SystemInformation:
  OSName: Ubuntu 24.04.1 LTS
  Kernel: 6.8.0-1015-gcp
  Device: ""
  Processor: INTEL XEON PLATINUM 8581C CPU @ 2.10GHz
  NumSockets: 1
  Manufacturer: GenuineIntel
  NumCores: 8
  NumLogicals: 16
  CPUFrequency: 0
  Memory: 32089
  MemModuleInfo:
    iNumMemSticks: 2
    DIMM 1:
      manufacturer: ""
      modulePartNo: ""
      memType: RAM
      size: 16
      clkspeed: 0
      moduleVoltage: 0
    DIMM 2:
      manufacturer: ""
      modulePartNo: ""
      memType: RAM
      size: 16
      clkspeed: 0
      moduleVoltage: 0
Checksum: 731308498D2EE9C81FEC2BD2B83D29F48F8BBEBA