size_kb,operation,bandwidth_mb_s,latency_ns,latency_stddev_ns,latency_samples,threads,iterations,elapsed_s
32,read,124298.78,0,0,0,2,755287,0.379774
32,write,125036.17,0,0,0,2,437828,0.218851
32,copy,84192.20,0,0,0,2,437828,0.325021
32,latency,0,0.98,0.00,7,1,7,0.141683
128,read,124793.64,0,0,0,2,233208,0.467187
128,write,125020.05,0,0,0,2,169836,0.339618
128,copy,85622.97,0,0,0,2,141003,0.411697
128,latency,0,2.69,0.00,7,1,7,0.672197
512,read,118255.83,0,0,0,2,55592,0.470099
512,write,123047.60,0,0,0,2,50423,0.409784
512,copy,55996.50,0,0,0,2,26388,0.471244
512,latency,0,3.72,0.00,7,1,7,0.693874
1024,read,110103.71,0,0,0,2,24740,0.449394
1024,write,110935.65,0,0,0,2,25012,0.450928
1024,copy,49585.20,0,0,0,2,11978,0.483128
1024,latency,0,5.84,0.04,7,1,7,0.644962
2048,read,98296.14,0,0,0,2,11713,0.476641
2048,write,97738.73,0,0,0,2,11780,0.482102
2048,copy,48666.82,0,0,0,2,5836,0.479670
2048,latency,0,9.85,0.08,7,1,7,0.685525
8192,read,90749.69,0,0,0,2,2706,0.477093
8192,write,93299.06,0,0,0,2,2972,0.509673
8192,copy,54694.33,0,0,0,2,1375,0.402235
8192,latency,0,11.43,0.04,7,1,7,0.699353
16384,read,94106.23,0,0,0,2,760,0.258431
16384,write,88003.93,0,0,0,2,1060,0.385437
16384,copy,32156.65,0,0,0,2,496,0.493584
16384,latency,0,12.42,0.18,7,1,7,0.699908
32768,read,66008.56,0,0,0,2,370,0.358741
32768,write,47120.89,0,0,0,2,318,0.431910
32768,copy,25266.25,0,0,0,2,187,0.473675
32768,latency,0,65.39,3.20,12,1,12,2.115971
65536,read,53282.33,0,0,0,2,181,0.434816
65536,write,35860.01,0,0,0,2,144,0.513999
65536,copy,22634.06,0,0,0,2,89,0.503312
65536,latency,0,90.37,1.58,7,1,7,3.926996
131072,read,48843.27,0,0,0,2,87,0.455989
131072,write,30996.08,0,0,0,2,63,0.520324
131072,copy,21767.04,0,0,0,2,41,0.482197
131072,latency,0,103.17,0.38,7,1,7,8.951068
