BaselineInfo:
  WebDBID: -1
  TimeStamp: 20241107115646
Version:
  Major: 11
  Minor: 0
  Build: 1002
  SpecialBuildName: ""
  ptArchitecture: aarch64_linux
Results:
  Results Complete: true
  NumTestProcesses: 4
  CPU_INTEGER_MATH: 19047.951000000001
  CPU_FLOATINGPOINT_MATH: 18854.77461040856
  CPU_PRIME: 49.877468041523535
  CPU_SORTING: 15769.471079462723
  CPU_ENCRYPTION: 552.44310112970027
  CPU_COMPRESSION: 21031.082784164475
  CPU_SINGLETHREAD: 1560.8926737678628
  CPU_PHYSICS: 1096.0911453183762
  CPU_MATRIX_MULT_SSE: 3306.4648231094016
  CPU_mm: 432.36896329852175
  CPU_sse: 2772.3587940267503
  CPU_fma: 3840.5708521920533
  CPU_avx: 0
  CPU_avx512: 0
  m_CPU_enc_SHA: 842068125.05474579
  m_CPU_enc_AES: 322689133.69394773
  m_CPU_enc_ECDSA: 573078472.88183594
  ME_ALLOC_S: 4036.3310704397873
  ME_READ_S: 19674.6181640625
  ME_READ_L: 18878.685546875
  ME_WRITE: 19539.9453125
  ME_LARGE: 21602
  ME_LATENCY: 51.968847164090455
  ME_THREADED: 74115.53515625
  SUMM_CPU: 3105.351077499362
  SUMM_ME: 2770.8011965786068
SystemInformation:
  OSName: Ubuntu 24.04.1 LTS
  Kernel: 6.8.0-1016-aws
  Device: ""
  Processor: ARM Neoverse-V1 4 Core 0 MHz
  NumSockets: 1
  Manufacturer: ARM
  NumCores: 4
  NumLogicals: 4
  CPUFrequency: 0
  Memory: 31494
Checksum: C5D326137C06DBF14570C0A31C49B3FCF7E93E3B