---
system-info:
      stress-ng-version: 0.17.08
      run-by: root
      date-yyyy-mm-dd: 2024:06:09
      time-hh-mm-ss: 09:22:25
      epoch-secs: 1717924945
      hostname: e41d3dcaaa95
      sysname: Linux
      nodename: e41d3dcaaa95
      release: 6.8.0-1008-aws
      version: '#8-Ubuntu SMP Sat Apr 20 00:46:25 UTC 2024'
      machine: x86_64
      compiler: 'musl-gcc 13.2.1'
      uptime: 160
      totalram: 794511233024
      freeram: 787378429952
      sharedram: 139157504
      bufferram: 107876352
      totalswap: 0
      freeswap: 0
      pagesize: 4096
      cpus: 192
      cpus-online: 192
      ticks-per-second: 100

metrics:
    - stressor: cpu
      bogo-ops: 2369575
      bogo-ops-per-second-usr-sys-time: 1235.391710
      bogo-ops-per-second-real-time: 236915.239192
      wall-clock-time: 10.001784
      user-time: 1917.848986
      system-time: 0.226860
      cpu-usage-per-instance: 99.881967
      max-rss: 3072

...
