---
system-info:
      stress-ng-version: 0.17.08
      run-by: root
      date-yyyy-mm-dd: 2024:06:14
      time-hh-mm-ss: 21:56:40
      epoch-secs: 1718402200
      hostname: 1be207ac6cd6
      sysname: Linux
      nodename: 1be207ac6cd6
      release: 6.8.0-1008-aws
      version: '#8-Ubuntu SMP Sat Apr 20 00:46:25 UTC 2024'
      machine: x86_64
      compiler: 'musl-gcc 13.2.1'
      uptime: 126
      totalram: 794511241216
      freeram: 787943763968
      sharedram: 139157504
      bufferram: 108347392
      totalswap: 0
      freeswap: 0
      pagesize: 4096
      cpus: 192
      cpus-online: 192
      ticks-per-second: 100

metrics:
    - stressor: cpu
      bogo-ops: 5731937
      bogo-ops-per-second-usr-sys-time: 1493.510152
      bogo-ops-per-second-real-time: 286596.058744
      wall-clock-time: 20.000055
      user-time: 3837.828295
      system-time: 0.067947
      cpu-usage-per-instance: 99.944939
      max-rss: 0

...
