---
system-info:
      stress-ng-version: 0.17.08
      run-by: root
      date-yyyy-mm-dd: 2024:09:03
      time-hh-mm-ss: 07:34:38
      epoch-secs: 1725348878
      hostname: sc-runner
      sysname: Linux
      nodename: sc-runner
      release: 6.8.0-1013-azure
      version: '#15-Ubuntu SMP Thu Aug  8 18:40:40 UTC 2024'
      machine: x86_64
      compiler: 'musl-gcc 13.2.1'
      uptime: 550
      totalram: 16765378560
      freeram: 8196386816
      sharedram: 57151488
      bufferram: 211865600
      totalswap: 0
      freeswap: 0
      pagesize: 4096
      cpus: 8
      cpus-online: 8
      ticks-per-second: 100

metrics:
    - stressor: cpu
      bogo-ops: 54117
      bogo-ops-per-second-usr-sys-time: 340.844363
      bogo-ops-per-second-real-time: 2705.697654
      wall-clock-time: 20.001126
      user-time: 157.576118
      system-time: 1.197228
      cpu-usage-per-instance: 99.227754
      max-rss: 3124

...
