BaselineInfo:
  WebDBID: -1
  TimeStamp: 20260714215625
Version:
  Major: 11
  Minor: 0
  Build: 1004
  SpecialBuildName: ""
  ptArchitecture: x86_64_linux
Results:
  Results Complete: true
  NumTestProcesses: 2
  CPU_INTEGER_MATH: 12459.932000000001
  CPU_FLOATINGPOINT_MATH: 12762.054412701422
  CPU_PRIME: 39.501394241877712
  CPU_SORTING: 7621.3500618596127
  CPU_ENCRYPTION: 2985.0790693590843
  CPU_COMPRESSION: 59937.498880164661
  CPU_SINGLETHREAD: 3524.8518303865567
  CPU_PHYSICS: 599.24404167331272
  CPU_MATRIX_MULT_SSE: 4123.5386392614419
  CPU_mm: 436.11657249037546
  CPU_sse: 1673.2849408051507
  CPU_fma: 4894.6846155686144
  CPU_avx: 3410.8082555960464
  CPU_avx512: 6515.3767450759569
  m_CPU_enc_SHA: 4194558251.8550739
  m_CPU_enc_AES: 2626119509.6475525
  m_CPU_enc_ECDSA: 2569569049.1941862
  ME_ALLOC_S: 1466.164951466438
  ME_READ_S: 24578.554882812499
  ME_READ_L: 21201.298828125
  ME_WRITE: 19528.654296875
  ME_LARGE: 7676.666666666667
  ME_LATENCY: 137.91645650081853
  ME_THREADED: 47370.099609375
  SUMM_CPU: 5760.8098308585541
  SUMM_ME: 1535.206534224013
SystemInformation:
  OSName: Ubuntu 24.04.4 LTS
  Kernel: 6.8.0-134-generic
  Device: ""
  Processor: "AMD EPYC 9575F 64-Core Processor               "
  NumSockets: 1
  Manufacturer: AuthenticAMD
  NumCores: 2
  NumLogicals: 2
  CPUFrequency: 0
  CPUMaxFrequency: 0
  Memory: 15945
  CPUInfo:
    number: 1
    Family: 15
    Model: 2
    stepping: 1
    features: 395049983
    manufacture: AuthenticAMD
    typestring: "AMD EPYC 9575F 64-Core Processor               "
    iCoresPerPackage: 128
    iThreadsPerPackage: 1
    featuresEx:
      - 395049983
      - 4294586883
      - 802421759
    bHybrid: false
    nPCore: 0
    nLogicalsPerPCore: 0
    nECore: 0
    nLogicalsPerECore: 0
  MemModuleInfo:
    iNumMemSticks: 1
    DIMM 1:
      manufacturer: QEMU
      modulePartNo: Not Specified
      memType: RAM
      size: 16
      clkspeed: 0
      moduleVoltage: 0
Checksum: 0C5AFD300C2BA177D068A85277446B9B91CE83B4