BaselineInfo:
  WebDBID: -1
  TimeStamp: 20260714190016
Version:
  Major: 11
  Minor: 0
  Build: 1004
  SpecialBuildName: ""
  ptArchitecture: x86_64_linux
Results:
  Results Complete: true
  NumTestProcesses: 2
  CPU_INTEGER_MATH: 12711.153666666667
  CPU_FLOATINGPOINT_MATH: 13107.212308125774
  CPU_PRIME: 31.313036408788438
  CPU_SORTING: 6357.7047997128338
  CPU_ENCRYPTION: 2866.5039637878581
  CPU_COMPRESSION: 51992.775392763841
  CPU_SINGLETHREAD: 3176.6590080484834
  CPU_PHYSICS: 569.87554758264037
  CPU_MATRIX_MULT_SSE: 4148.9682020828941
  CPU_mm: 469.30321209979274
  CPU_sse: 1884.2466611914442
  CPU_fma: 5371.6435891016972
  CPU_avx: 3608.0303228603721
  CPU_avx512: 5731.9522351780615
  m_CPU_enc_SHA: 4079873691.9756913
  m_CPU_enc_AES: 2476521917.2524996
  m_CPU_enc_ECDSA: 2460846171.7702599
  ME_ALLOC_S: 1495.5204633117314
  ME_READ_S: 24960.708593750001
  ME_READ_L: 20274.734375
  ME_WRITE: 20233.177734375
  ME_LARGE: 7623.916666666667
  ME_LATENCY: 139.36269779845762
  ME_THREADED: 27987.416015625
  SUMM_CPU: 5407.3767196929903
  SUMM_ME: 1489.2654554382973
SystemInformation:
  OSName: Ubuntu 24.04.4 LTS
  Kernel: 6.8.0-134-generic
  Device: ""
  Processor: "AMD EPYC 9575F 64-Core Processor               "
  NumSockets: 1
  Manufacturer: AuthenticAMD
  NumCores: 2
  NumLogicals: 2
  CPUFrequency: 0
  CPUMaxFrequency: 0
  Memory: 15945
  CPUInfo:
    number: 1
    Family: 15
    Model: 2
    stepping: 1
    features: 395049983
    manufacture: AuthenticAMD
    typestring: "AMD EPYC 9575F 64-Core Processor               "
    iCoresPerPackage: 128
    iThreadsPerPackage: 1
    featuresEx:
      - 395049983
      - 4294586883
      - 802421759
    bHybrid: false
    nPCore: 0
    nLogicalsPerPCore: 0
    nECore: 0
    nLogicalsPerECore: 0
  MemModuleInfo:
    iNumMemSticks: 1
    DIMM 1:
      manufacturer: QEMU
      modulePartNo: Not Specified
      memType: RAM
      size: 16
      clkspeed: 0
      moduleVoltage: 0
Checksum: 1BE5C8B8AA4320060D1C0EDCE733698FA6221CB7