BaselineInfo:
  WebDBID: -1
  TimeStamp: 20260522140345
Version:
  Major: 11
  Minor: 0
  Build: 1004
  SpecialBuildName: ""
  ptArchitecture: x86_64_linux
Results:
  Results Complete: true
  NumTestProcesses: 2
  CPU_INTEGER_MATH: 13980.255000000001
  CPU_FLOATINGPOINT_MATH: 13960.858434428344
  CPU_PRIME: 45.256638157257818
  CPU_SORTING: 6997.1558236449
  CPU_ENCRYPTION: 2843.0934159742937
  CPU_COMPRESSION: 58899.2351762744
  CPU_SINGLETHREAD: 3499.9458096558697
  CPU_PHYSICS: 814.88283366619203
  CPU_MATRIX_MULT_SSE: 4757.5581710438355
  CPU_mm: 664.2094908489712
  CPU_sse: 2028.5484832760485
  CPU_fma: 6461.6810968225873
  CPU_avx: 3773.4011964828196
  CPU_avx512: 6766.6019075938875
  m_CPU_enc_SHA: 3910895792.2300978
  m_CPU_enc_AES: 2516019417.8493109
  m_CPU_enc_ECDSA: 2516683355.1665745
  ME_ALLOC_S: 2116.2547952127734
  ME_READ_S: 30968.525195312501
  ME_READ_L: 27044.158203125
  ME_WRITE: 26574.958984375
  ME_LARGE: 2930.8333333333335
  ME_LATENCY: 119.15581422103601
  ME_THREADED: 52700.1953125
  SUMM_CPU: 6002.7495929440975
  SUMM_ME: 1615.812019486908
SystemInformation:
  OSName: Ubuntu 24.04.4 LTS
  Kernel: 6.8.0-111-generic
  Device: ""
  Processor: "AMD EPYC 9575F 64-Core Processor               "
  NumSockets: 1
  Manufacturer: AuthenticAMD
  NumCores: 2
  NumLogicals: 2
  CPUFrequency: 0
  CPUMaxFrequency: 0
  Memory: 15897
  CPUInfo:
    number: 1
    Family: 15
    Model: 2
    stepping: 1
    features: 395049983
    manufacture: AuthenticAMD
    typestring: "AMD EPYC 9575F 64-Core Processor               "
    iCoresPerPackage: 255
    iThreadsPerPackage: 1
    featuresEx:
      - 395049983
      - 4294586883
      - 802421759
    bHybrid: false
    nPCore: 0
    nLogicalsPerPCore: 0
    nECore: 0
    nLogicalsPerECore: 0
  MemModuleInfo:
    iNumMemSticks: 1
    DIMM 1:
      manufacturer: QEMU
      modulePartNo: Not Specified
      memType: RAM
      size: 16
      clkspeed: 0
      moduleVoltage: 0
Checksum: A1675D34E3CF0EB8B4BF1489AFBEC7474B78910D