---
system-info:
      stress-ng-version: 0.17.08
      run-by: root
      date-yyyy-mm-dd: 2024:07:02
      time-hh-mm-ss: 22:40:02
      epoch-secs: 1719960002
      hostname: n2d-highmem-64-bfc4884
      sysname: Linux
      nodename: n2d-highmem-64-bfc4884
      release: 6.8.0-1009-gcp
      version: '#10-Ubuntu SMP Wed Jun 12 18:52:23 UTC 2024'
      machine: x86_64
      compiler: 'musl-gcc 13.2.1'
      uptime: 181
      totalram: 541022732288
      freeram: 534755586048
      sharedram: 69058560
      bufferram: 129048576
      totalswap: 0
      freeswap: 0
      pagesize: 4096
      cpus: 64
      cpus-online: 64
      ticks-per-second: 100

metrics:
    - stressor: cpu
      bogo-ops: 1727716
      bogo-ops-per-second-usr-sys-time: 1350.563945
      bogo-ops-per-second-real-time: 86385.516758
      wall-clock-time: 20.000066
      user-time: 1279.216259
      system-time: 0.038978
      cpu-usage-per-instance: 99.941488
      max-rss: 512

...
