BaselineInfo:
  WebDBID: -1
  TimeStamp: 20241111093852
Version:
  Major: 11
  Minor: 0
  Build: 1002
  SpecialBuildName: ""
  ptArchitecture: x86_64_linux
Results:
  Results Complete: true
  NumTestProcesses: 2
  CPU_INTEGER_MATH: 7118.9333333333334
  CPU_FLOATINGPOINT_MATH: 6005.4132882583508
  CPU_PRIME: 22.600893229904099
  CPU_SORTING: 4294.6130546316945
  CPU_ENCRYPTION: 915.476464310138
  CPU_COMPRESSION: 34598.507918148956
  CPU_SINGLETHREAD: 1851.2194394049886
  CPU_PHYSICS: 401.64999328380998
  CPU_MATRIX_MULT_SSE: 2958.1472177955488
  CPU_mm: 330.32215325203219
  CPU_sse: 1244.4556582514288
  CPU_fma: 4047.162061686191
  CPU_avx: 2709.3618174079475
  CPU_avx512: 3831.609333836629
  m_CPU_enc_SHA: 503571889.10664082
  m_CPU_enc_AES: 1937346828.8366342
  m_CPU_enc_ECDSA: 438921229.17812729
  ME_ALLOC_S: 1336.9605976308521
  ME_READ_S: 21742.88671875
  ME_READ_L: 11299.0068359375
  ME_WRITE: 9251.34375
  ME_LARGE: 3991
  ME_LATENCY: 50.207656553801975
  ME_THREADED: 21210.2470703125
  SUMM_CPU: 2930.5216992612636
  SUMM_ME: 1859.4973694292735
SystemInformation:
  OSName: Ubuntu 24.04.1 LTS
  Kernel: 6.8.0-1017-azure
  Device: ""
  Processor: Intel Xeon Platinum 8272CL CPU @ 2.60GHz
  NumSockets: 1
  Manufacturer: GenuineIntel
  NumCores: 2
  NumLogicals: 2
  CPUFrequency: 0
  Memory: 13974
  MemModuleInfo:
    iNumMemSticks: 2
    DIMM 1:
      manufacturer: Microsoft Corporation
      modulePartNo: None
      memType: Unknown
      size: 1
      clkspeed: 0
      moduleVoltage: 0
    DIMM 2:
      manufacturer: Microsoft Corporation
      modulePartNo: None
      memType: Unknown
      size: 13
      clkspeed: 0
      moduleVoltage: 0
Checksum: 1FBA11FE07BF7FE5B46473BC2FA58675039DB85F