---
system-info:
      stress-ng-version: 0.17.08
      run-by: root
      date-yyyy-mm-dd: 2024:06:07
      time-hh-mm-ss: 20:56:25
      epoch-secs: 1717793785
      hostname: 59b5fed9142f
      sysname: Linux
      nodename: 59b5fed9142f
      release: 6.8.0-1008-aws
      version: '#8-Ubuntu SMP Sat Apr 20 02:43:14 UTC 2024'
      machine: aarch64
      compiler: 'musl-gcc 13.2.1'
      uptime: 151
      totalram: 198210945024
      freeram: 193572274176
      sharedram: 34951168
      bufferram: 92577792
      totalswap: 0
      freeswap: 0
      pagesize: 4096
      cpus: 48
      cpus-online: 48
      ticks-per-second: 100

metrics:
    - stressor: cpu
      bogo-ops: 2940
      bogo-ops-per-second-usr-sys-time: 293.126425
      bogo-ops-per-second-real-time: 293.117211
      wall-clock-time: 10.030117
      user-time: 10.028803
      system-time: 0.000999
      cpu-usage-per-instance: 99.996857
      max-rss: 3840

...
