---
system-info:
      stress-ng-version: 0.17.08
      run-by: root
      date-yyyy-mm-dd: 2024:06:13
      time-hh-mm-ss: 11:55:43
      epoch-secs: 1718279743
      hostname: 567f8634a7e9
      sysname: Linux
      nodename: 567f8634a7e9
      release: 6.8.0-1008-aws
      version: '#8-Ubuntu SMP Sat Apr 20 02:43:14 UTC 2024'
      machine: aarch64
      compiler: 'musl-gcc 13.2.1'
      uptime: 150
      totalram: 198210940928
      freeram: 193437806592
      sharedram: 34951168
      bufferram: 106147840
      totalswap: 0
      freeswap: 0
      pagesize: 4096
      cpus: 48
      cpus-online: 48
      ticks-per-second: 100

metrics:
    - stressor: cpu
      bogo-ops: 30395
      bogo-ops-per-second-usr-sys-time: 1519.698254
      bogo-ops-per-second-real-time: 1519.743569
      wall-clock-time: 20.000085
      user-time: 20.000681
      system-time: 0.000000
      cpu-usage-per-instance: 100.002982
      max-rss: 1152

...
