---
system-info:
      stress-ng-version: 0.17.08
      run-by: root
      date-yyyy-mm-dd: 2024:09:21
      time-hh-mm-ss: 19:34:11
      epoch-secs: 1726947251
      hostname: sc-runner
      sysname: Linux
      nodename: sc-runner
      release: 6.8.0-1014-azure
      version: '#16-Ubuntu SMP Thu Aug 15 20:04:41 UTC 2024'
      machine: x86_64
      compiler: 'musl-gcc 13.2.1'
      uptime: 389
      totalram: 67424829440
      freeram: 57140715520
      sharedram: 38113280
      bufferram: 254861312
      totalswap: 0
      freeswap: 0
      pagesize: 4096
      cpus: 4
      cpus-online: 4
      ticks-per-second: 100

metrics:
    - stressor: cpu
      bogo-ops: 54148
      bogo-ops-per-second-usr-sys-time: 2707.408122
      bogo-ops-per-second-real-time: 2707.395449
      wall-clock-time: 20.000034
      user-time: 19.998941
      system-time: 0.000999
      cpu-usage-per-instance: 99.999532
      max-rss: 3024

...
