---
system-info:
      stress-ng-version: 0.17.08
      run-by: root
      date-yyyy-mm-dd: 2024:09:03
      time-hh-mm-ss: 14:23:23
      epoch-secs: 1725373403
      hostname: sc-runner
      sysname: Linux
      nodename: sc-runner
      release: 6.8.0-1013-azure
      version: '#15-Ubuntu SMP Thu Aug  8 18:40:40 UTC 2024'
      machine: x86_64
      compiler: 'musl-gcc 13.2.1'
      uptime: 363
      totalram: 67424833536
      freeram: 58902499328
      sharedram: 21327872
      bufferram: 217792512
      totalswap: 0
      freeswap: 0
      pagesize: 4096
      cpus: 4
      cpus-online: 4
      ticks-per-second: 100

metrics:
    - stressor: cpu
      bogo-ops: 15568
      bogo-ops-per-second-usr-sys-time: 778.443943
      bogo-ops-per-second-real-time: 778.398024
      wall-clock-time: 20.000051
      user-time: 19.997872
      system-time: 0.000999
      cpu-usage-per-instance: 99.994101
      max-rss: 3152

...
