---
system-info:
      stress-ng-version: 0.17.08
      run-by: root
      date-yyyy-mm-dd: 2024:08:30
      time-hh-mm-ss: 19:47:35
      epoch-secs: 1725047255
      hostname: sc-runner
      sysname: Linux
      nodename: sc-runner
      release: 6.8.0-1013-azure
      version: '#15-Ubuntu SMP Thu Aug  8 18:40:40 UTC 2024'
      machine: x86_64
      compiler: 'musl-gcc 13.2.1'
      uptime: 362
      totalram: 14652137472
      freeram: 6193352704
      sharedram: 42045440
      bufferram: 206725120
      totalswap: 0
      freeswap: 0
      pagesize: 4096
      cpus: 4
      cpus-online: 4
      ticks-per-second: 100

metrics:
    - stressor: cpu
      bogo-ops: 24941
      bogo-ops-per-second-usr-sys-time: 1247.064840
      bogo-ops-per-second-real-time: 1247.043281
      wall-clock-time: 20.000108
      user-time: 19.994763
      system-time: 0.004999
      cpu-usage-per-instance: 99.998271
      max-rss: 3152

...
