BaselineInfo:
  WebDBID: -1
  TimeStamp: 20250228184322
Version:
  Major: 11
  Minor: 0
  Build: 1002
  SpecialBuildName: ""
  ptArchitecture: x86_64_linux
Results:
  Results Complete: true
  NumTestProcesses: 20
  CPU_INTEGER_MATH: 96003.265333333329
  CPU_FLOATINGPOINT_MATH: 69969.409137977796
  CPU_PRIME: 316.22331576303174
  CPU_SORTING: 56098.235241696508
  CPU_ENCRYPTION: 23337.465799314854
  CPU_COMPRESSION: 423385.53825614072
  CPU_SINGLETHREAD: 2161.6394011094276
  CPU_PHYSICS: 4763.8355156897842
  CPU_MATRIX_MULT_SSE: 36480.081856451434
  CPU_mm: 4070.72176450092
  CPU_sse: 16118.39847967931
  CPU_fma: 53056.743144708074
  CPU_avx: 40265.103944966897
  CPU_avx512: 0
  m_CPU_enc_SHA: 32900832407.859924
  m_CPU_enc_AES: 21201234154.163605
  m_CPU_enc_ECDSA: 19311253051.923573
  ME_ALLOC_S: 11571.575612425817
  ME_READ_S: 25227.859765624999
  ME_READ_L: 11435.0390625
  ME_WRITE: 11003.677734375
  ME_LARGE: 84689.333333333328
  ME_LATENCY: 55.858482973357276
  ME_THREADED: 49640.662353515625
  SUMM_CPU: 33959.887540029536
  SUMM_ME: 2578.2946664438064
SystemInformation:
  OSName: Ubuntu 24.04.1 LTS
  Kernel: 6.8.0-31-generic
  Device: ""
  Processor: AMD EPYC 7542 32-Core Processor
  NumSockets: 1
  Manufacturer: AuthenticAMD
  NumCores: 20
  NumLogicals: 20
  CPUFrequency: 0
  Memory: 96514
  MemModuleInfo:
    iNumMemSticks: 6
    DIMM 1:
      manufacturer: QEMU
      modulePartNo: Not Specified
      memType: RAM
      size: 16
      clkspeed: 0
      moduleVoltage: 0
    DIMM 2:
      manufacturer: QEMU
      modulePartNo: Not Specified
      memType: RAM
      size: 16
      clkspeed: 0
      moduleVoltage: 0
    DIMM 3:
      manufacturer: QEMU
      modulePartNo: Not Specified
      memType: RAM
      size: 16
      clkspeed: 0
      moduleVoltage: 0
    DIMM 4:
      manufacturer: QEMU
      modulePartNo: Not Specified
      memType: RAM
      size: 16
      clkspeed: 0
      moduleVoltage: 0
    DIMM 5:
      manufacturer: QEMU
      modulePartNo: Not Specified
      memType: RAM
      size: 16
      clkspeed: 0
      moduleVoltage: 0
    DIMM 6:
      manufacturer: QEMU
      modulePartNo: Not Specified
      memType: RAM
      size: 16
      clkspeed: 0
      moduleVoltage: 0
Checksum: D0B1DB0251FEE46F4E89861A7C1F1AA3104139FE