BaselineInfo:
  WebDBID: -1
  TimeStamp: 20241107075435
Version:
  Major: 11
  Minor: 0
  Build: 1002
  SpecialBuildName: ""
  ptArchitecture: x86_64_linux
Results:
  Results Complete: true
  NumTestProcesses: 2
  CPU_INTEGER_MATH: 8280.398666666666
  CPU_FLOATINGPOINT_MATH: 4243.6866100525358
  CPU_PRIME: 17.817252983320728
  CPU_SORTING: 4336.6455180652783
  CPU_ENCRYPTION: 1794.473270732015
  CPU_COMPRESSION: 31836.515175586414
  CPU_SINGLETHREAD: 2295.3140206648159
  CPU_PHYSICS: 363.54978775736231
  CPU_MATRIX_MULT_SSE: 1671.1555153062122
  CPU_mm: 178.6969651545794
  CPU_sse: 778.87556867206888
  CPU_fma: 2164.0655782651647
  CPU_avx: 1597.235428798595
  CPU_avx512: 2144.4454854890209
  m_CPU_enc_SHA: 1811797851.9362841
  m_CPU_enc_AES: 2717354313.8067908
  m_CPU_enc_ECDSA: 1115772647.2502046
  ME_ALLOC_S: 977.72996291646677
  ME_READ_S: 23913.583593750001
  ME_READ_L: 10447.2607421875
  ME_WRITE: 9841.23046875
  ME_LARGE: 597.91666666666663
  ME_LATENCY: 64.006084793033054
  ME_THREADED: 14858.13427734375
  SUMM_CPU: 2956.8534352096344
  SUMM_ME: 934.30856858794289
SystemInformation:
  OSName: Ubuntu 24.04.1 LTS
  Kernel: 6.8.0-1016-aws
  Device: ""
  Processor: Intel Xeon Platinum 8375C CPU @ 2.90GHz
  NumSockets: 1
  Manufacturer: GenuineIntel
  NumCores: 1
  NumLogicals: 2
  CPUFrequency: 0
  Memory: 7780
  MemModuleInfo:
    iNumMemSticks: 1
    DIMM 1:
      manufacturer: Not Specified
      modulePartNo: Not Specified
      memType: DDR4
      size: 8
      clkspeed: 1600
      moduleVoltage: 0
Checksum: 21FD1F9B0F3C011037F39E26110060E9A8F938E3