size_kb,operation,bandwidth_mb_s,latency_ns,latency_stddev_ns,latency_samples,threads,iterations,elapsed_s
32,read,3570098.44,0,0,0,48,446428,0.187570
32,write,3958800.02,0,0,0,48,589623,0.223410
32,copy,2922848.05,0,0,0,48,290023,0.148839
32,latency,0,2.16,0.00,7,1,7,0.309360
128,read,2958435.49,0,0,0,48,141163,0.286293
128,write,3540820.43,0,0,0,48,150330,0.254738
128,copy,2223820.50,0,0,0,48,106247,0.286661
128,latency,0,2.86,0.00,7,1,7,0.656425
1024,read,2593641.91,0,0,0,48,16307,0.301790
1024,write,3490954.39,0,0,0,48,20892,0.287261
1024,copy,925838.51,0,0,0,48,9273,0.480758
1024,latency,0,5.24,0.01,7,1,7,0.702474
2048,read,1241341.55,0,0,0,48,6349,0.491004
2048,write,1888095.79,0,0,0,48,10413,0.529448
2048,copy,345306.05,0,0,0,48,3687,1.025039
2048,latency,0,10.26,0.27,7,1,7,0.690362
4096,read,622942.93,0,0,0,48,2003,0.617354
4096,write,645201.51,0,0,0,48,4889,1.454876
4096,copy,223961.99,0,0,0,48,1701,1.458247
4096,latency,0,61.17,8.25,21,1,21,2.610499
8192,read,429669.72,0,0,0,48,804,0.718543
8192,write,439551.32,0,0,0,48,1955,1.707923
8192,copy,194316.36,0,0,0,48,804,1.588832
8192,latency,0,94.56,0.63,7,1,7,0.514202
16384,read,382263.76,0,0,0,48,410,0.823724
16384,write,368510.04,0,0,0,48,1047,2.182019
16384,copy,182654.43,0,0,0,48,385,1.618795
16384,latency,0,107.93,1.13,7,1,7,1.190250
32768,read,365574.20,0,0,0,48,203,0.852927
32768,write,342956.34,0,0,0,48,383,1.715344
32768,copy,177627.21,0,0,0,48,176,1.521929
32768,latency,0,112.64,0.88,7,1,7,2.555621
65536,read,361072.15,0,0,0,48,104,0.884831
65536,write,326778.44,0,0,0,48,236,2.218604
65536,copy,176057.02,0,0,0,48,93,1.622747
65536,latency,0,114.76,0.96,7,1,7,5.278959
131072,read,363251.01,0,0,0,48,55,0.930266
131072,write,326919.44,0,0,0,48,121,2.274028
131072,copy,175241.21,0,0,0,48,49,1.717952
131072,latency,0,117.36,0.21,7,1,7,10.874710
