BaselineInfo:
  WebDBID: -1
  TimeStamp: 20241108105203
Version:
  Major: 11
  Minor: 0
  Build: 1002
  SpecialBuildName: ""
  ptArchitecture: aarch64_linux
Results:
  Results Complete: true
  NumTestProcesses: 32
  CPU_INTEGER_MATH: 201787.6326666667
  CPU_FLOATINGPOINT_MATH: 169541.29550988085
  CPU_PRIME: 425.56186045127322
  CPU_SORTING: 163163.57210872276
  CPU_ENCRYPTION: 5981.6222071251905
  CPU_COMPRESSION: 219597.17687150839
  CPU_SINGLETHREAD: 1881.1758040956418
  CPU_PHYSICS: 9310.2432125325649
  CPU_MATRIX_MULT_SSE: 28622.593685112966
  CPU_mm: 4583.0232387113811
  CPU_sse: 24141.119116597853
  CPU_fma: 33104.068253628073
  CPU_avx: 0
  CPU_avx512: 0
  m_CPU_enc_SHA: 8734758506.819891
  m_CPU_enc_AES: 3874870425.219162
  m_CPU_enc_ECDSA: 6206927530.3364544
  ME_ALLOC_S: 37163.359727424722
  ME_READ_S: 25452.278710937499
  ME_READ_L: 19753.552734375
  ME_WRITE: 25714.890625
  ME_LARGE: 245304
  ME_LATENCY: 51.923729109448537
  ME_THREADED: 438853.3681640625
  SUMM_CPU: 26524.862825592667
  SUMM_ME: 3418.9071794790757
SystemInformation:
  OSName: Ubuntu 24.04.1 LTS
  Kernel: 6.8.0-1017-azure
  Device: ""
  Processor: ARM Neoverse-N2 32 Core 0 MHz
  NumSockets: 1
  Manufacturer: ARM
  NumCores: 32
  NumLogicals: 32
  CPUFrequency: 0
  Memory: 257223
Checksum: A630A805647649EA7195DF97CC0CEA8FC9B0F0A9