BaselineInfo:
  WebDBID: -1
  TimeStamp: 20241108132719
Version:
  Major: 11
  Minor: 0
  Build: 1002
  SpecialBuildName: ""
  ptArchitecture: x86_64_linux
Results:
  Results Complete: true
  NumTestProcesses: 32
  CPU_INTEGER_MATH: 82741.530333333343
  CPU_FLOATINGPOINT_MATH: 43697.511534734214
  CPU_PRIME: 73.44139195749166
  CPU_SORTING: 47773.417681226427
  CPU_ENCRYPTION: 25944.070735865182
  CPU_COMPRESSION: 353928.04525558482
  CPU_SINGLETHREAD: 1445.7687259394306
  CPU_PHYSICS: 1728.067215810873
  CPU_MATRIX_MULT_SSE: 13168.690578288668
  CPU_mm: 2514.3937999788627
  CPU_sse: 10202.514711303031
  CPU_fma: 15035.749549390408
  CPU_avx: 14267.807474172554
  CPU_avx512: 0
  m_CPU_enc_SHA: 36714609816.373344
  m_CPU_enc_AES: 25457878554.157219
  m_CPU_enc_ECDSA: 19440501377.26115
  ME_ALLOC_S: 7415.8211664650989
  ME_READ_S: 14851.8203125
  ME_READ_L: 10694.708984375
  ME_WRITE: 8162.40380859375
  ME_LARGE: 244767.33333333334
  ME_LATENCY: 64.662970851782987
  ME_THREADED: 53804.436889648438
  SUMM_CPU: 22396.512746923181
  SUMM_ME: 2065.1510723054785
SystemInformation:
  OSName: Ubuntu 24.04.1 LTS
  Kernel: 6.8.0-1016-aws
  Device: ""
  Processor: AMD EPYC 7571
  NumSockets: 1
  Manufacturer: AuthenticAMD
  NumCores: 16
  NumLogicals: 32
  CPUFrequency: 0
  Memory: 255844
  MemModuleInfo:
    iNumMemSticks: 2
    DIMM 1:
      manufacturer: Not Specified
      modulePartNo: Not Specified
      memType: DDR4
      size: 128
      clkspeed: 1600
      moduleVoltage: 0
    DIMM 2:
      manufacturer: Not Specified
      modulePartNo: Not Specified
      memType: DDR4
      size: 128
      clkspeed: 1600
      moduleVoltage: 0
Checksum: 0A3F77406911B3FA8C01EE23ECEE2C8268792380