BaselineInfo:
  WebDBID: -1
  TimeStamp: 20241108173752
Version:
  Major: 11
  Minor: 0
  Build: 1002
  SpecialBuildName: ""
  ptArchitecture: x86_64_linux
Results:
  Results Complete: true
  NumTestProcesses: 32
  CPU_INTEGER_MATH: 106448.35933333334
  CPU_FLOATINGPOINT_MATH: 63265.218148288659
  CPU_PRIME: 149.2470557507628
  CPU_SORTING: 54259.660460672822
  CPU_ENCRYPTION: 33391.28834176383
  CPU_COMPRESSION: 456801.40358168143
  CPU_SINGLETHREAD: 2165.0471010713627
  CPU_PHYSICS: 2380.7627989298185
  CPU_MATRIX_MULT_SSE: 25329.539223568696
  CPU_mm: 3053.8516452236536
  CPU_sse: 12037.603236810635
  CPU_fma: 35980.886976343281
  CPU_avx: 27970.127457552167
  CPU_avx512: 0
  m_CPU_enc_SHA: 47524118914.528473
  m_CPU_enc_AES: 32665133819.629658
  m_CPU_enc_ECDSA: 24850657958.601887
  ME_ALLOC_S: 10153.796529796133
  ME_READ_S: 24919.601367187501
  ME_READ_L: 12398.443359375
  ME_WRITE: 10875.05859375
  ME_LARGE: 246881.25
  ME_LATENCY: 52.450002549768662
  ME_THREADED: 49931.181884765625
  SUMM_CPU: 32467.201952882955
  SUMM_ME: 2690.7212468532266
SystemInformation:
  OSName: Ubuntu 24.04.1 LTS
  Kernel: 6.8.0-1017-azure
  Device: ""
  Processor: AMD EPYC 7452 32-Core Processor
  NumSockets: 1
  Manufacturer: AuthenticAMD
  NumCores: 16
  NumLogicals: 32
  CPUFrequency: 0
  Memory: 257923
  MemModuleInfo:
    iNumMemSticks: 6
    DIMM 1:
      manufacturer: Microsoft Corporation
      modulePartNo: None
      memType: Unknown
      size: 1
      clkspeed: 0
      moduleVoltage: 0
    DIMM 2:
      manufacturer: Microsoft Corporation
      modulePartNo: None
      memType: Unknown
      size: 60928
      clkspeed: 0
      moduleVoltage: 0
    DIMM 3:
      manufacturer: Microsoft Corporation
      modulePartNo: None
      memType: Unknown
      size: 3584
      clkspeed: 0
      moduleVoltage: 0
    DIMM 4:
      manufacturer: Microsoft Corporation
      modulePartNo: None
      memType: Unknown
      size: 64
      clkspeed: 0
      moduleVoltage: 0
    DIMM 5:
      manufacturer: Microsoft Corporation
      modulePartNo: None
      memType: Unknown
      size: 64
      clkspeed: 0
      moduleVoltage: 0
    DIMM 6:
      manufacturer: Microsoft Corporation
      modulePartNo: None
      memType: Unknown
      size: 64
      clkspeed: 0
      moduleVoltage: 0
Checksum: 375B16FC65EFB93F65D845DBA2AFAD793115EC95