---
system-info:
      stress-ng-version: 0.17.08
      run-by: root
      date-yyyy-mm-dd: 2024:09:23
      time-hh-mm-ss: 21:21:26
      epoch-secs: 1727126486
      hostname: c4-highmem-8-8090936.us-east4-a.c.algebraic-pier-412621.internal
      sysname: Linux
      nodename: c4-highmem-8-8090936.us-east4-a.c.algebraic-pier-412621.internal
      release: 6.8.0-1014-gcp
      version: '#16-Ubuntu SMP Mon Aug 26 15:55:46 UTC 2024'
      machine: x86_64
      compiler: 'musl-gcc 13.2.1'
      uptime: 181
      totalram: 65309716480
      freeram: 54801092608
      sharedram: 274640896
      bufferram: 251310080
      totalswap: 0
      freeswap: 0
      pagesize: 4096
      cpus: 8
      cpus-online: 8
      ticks-per-second: 100

metrics:
    - stressor: cpu
      bogo-ops: 177803
      bogo-ops-per-second-usr-sys-time: 1112.484062
      bogo-ops-per-second-real-time: 8890.108125
      wall-clock-time: 20.000094
      user-time: 159.819214
      system-time: 0.005997
      cpu-usage-per-instance: 99.890286
      max-rss: 1104

...
