---
system-info:
      stress-ng-version: 0.17.08
      run-by: root
      date-yyyy-mm-dd: 2024:06:06
      time-hh-mm-ss: 19:55:58
      epoch-secs: 1717703758
      hostname: befeeb16c77f
      sysname: Linux
      nodename: befeeb16c77f
      release: 6.8.0-1008-aws
      version: '#8-Ubuntu SMP Sat Apr 20 00:46:25 UTC 2024'
      machine: x86_64
      compiler: 'musl-gcc 13.2.1'
      uptime: 138
      totalram: 64254877696
      freeram: 60002787328
      sharedram: 32845824
      bufferram: 86024192
      totalswap: 0
      freeswap: 0
      pagesize: 4096
      cpus: 8
      cpus-online: 8
      ticks-per-second: 100

metrics:
    - stressor: cpu
      bogo-ops: 65962
      bogo-ops-per-second-usr-sys-time: 827.687335
      bogo-ops-per-second-real-time: 6594.147614
      wall-clock-time: 10.003112
      user-time: 79.671393
      system-time: 0.022952
      cpu-usage-per-instance: 99.586935
      max-rss: 4048

...
