---
system-info:
      stress-ng-version: 0.17.08
      run-by: root
      date-yyyy-mm-dd: 2024:06:13
      time-hh-mm-ss: 03:41:58
      epoch-secs: 1718250118
      hostname: ccdc879f537a
      sysname: Linux
      nodename: ccdc879f537a
      release: 6.8.0-1008-aws
      version: '#8-Ubuntu SMP Sat Apr 20 00:46:25 UTC 2024'
      machine: x86_64
      compiler: 'musl-gcc 13.2.1'
      uptime: 151
      totalram: 64254869504
      freeram: 59827642368
      sharedram: 32837632
      bufferram: 111394816
      totalswap: 0
      freeswap: 0
      pagesize: 4096
      cpus: 8
      cpus-online: 8
      ticks-per-second: 100

metrics:
    - stressor: cpu
      bogo-ops: 83016
      bogo-ops-per-second-usr-sys-time: 520.331742
      bogo-ops-per-second-real-time: 4150.751960
      wall-clock-time: 20.000231
      user-time: 159.536385
      system-time: 0.007985
      cpu-usage-per-instance: 99.714077
      max-rss: 1104

...
