BaselineInfo:
  WebDBID: -1
  TimeStamp: 20241109224625
Version:
  Major: 11
  Minor: 0
  Build: 1002
  SpecialBuildName: ""
  ptArchitecture: x86_64_linux
Results:
  Results Complete: true
  NumTestProcesses: 64
  CPU_INTEGER_MATH: 269442.25466666662
  CPU_FLOATINGPOINT_MATH: 137750.20725112112
  CPU_PRIME: 391.9548256560787
  CPU_SORTING: 137284.13804502288
  CPU_ENCRYPTION: 58488.399721907466
  CPU_COMPRESSION: 974453.37283140153
  CPU_SINGLETHREAD: 2437.8492841409952
  CPU_PHYSICS: 6573.0051305872785
  CPU_MATRIX_MULT_SSE: 58410.345081798463
  CPU_mm: 5801.4196309416457
  CPU_sse: 25254.332035152504
  CPU_fma: 70174.935491572964
  CPU_avx: 51840.454574965981
  CPU_avx512: 86371.658225502368
  m_CPU_enc_SHA: 59098757811.805496
  m_CPU_enc_AES: 88942752279.97583
  m_CPU_enc_ECDSA: 35947086588.615158
  ME_ALLOC_S: 30540.388462129744
  ME_READ_S: 24195.038867187501
  ME_READ_L: 12874.44140625
  ME_WRITE: 11456.212890625
  ME_LARGE: 503469.25
  ME_LATENCY: 51.050914965975075
  ME_THREADED: 249312.20703125
  SUMM_CPU: 61270.340872150242
  SUMM_ME: 2921.2129575516774
SystemInformation:
  OSName: Ubuntu 24.04.1 LTS
  Kernel: 6.8.0-1017-azure
  Device: ""
  Processor: Intel Xeon Platinum 8370C CPU @ 2.80GHz
  NumSockets: 2
  Manufacturer: GenuineIntel
  NumCores: 32
  NumLogicals: 64
  CPUFrequency: 2800
  Memory: 515957
  MemModuleInfo:
    iNumMemSticks: 4
    DIMM 1:
      manufacturer: Microsoft Corporation
      modulePartNo: None
      memType: Unknown
      size: 1
      clkspeed: 0
      moduleVoltage: 0
    DIMM 2:
      manufacturer: Microsoft Corporation
      modulePartNo: None
      memType: Unknown
      size: 59
      clkspeed: 0
      moduleVoltage: 0
    DIMM 3:
      manufacturer: Microsoft Corporation
      modulePartNo: None
      memType: Unknown
      size: 196
      clkspeed: 0
      moduleVoltage: 0
    DIMM 4:
      manufacturer: Microsoft Corporation
      modulePartNo: None
      memType: Unknown
      size: 256
      clkspeed: 0
      moduleVoltage: 0
Checksum: 5CE59DE46451009F6677EF4EFA180ECD6DC6BA29