BaselineInfo:
  WebDBID: -1
  TimeStamp: 20241107144336
Version:
  Major: 11
  Minor: 0
  Build: 1002
  SpecialBuildName: ""
  ptArchitecture: x86_64_linux
Results:
  Results Complete: true
  NumTestProcesses: 4
  CPU_INTEGER_MATH: 10926.923666666667
  CPU_FLOATINGPOINT_MATH: 6115.6665826182934
  CPU_PRIME: 25.242266641015199
  CPU_SORTING: 6150.6021981555186
  CPU_ENCRYPTION: 1544.8743850028425
  CPU_COMPRESSION: 50586.389221673744
  CPU_SINGLETHREAD: 1826.3760635816188
  CPU_PHYSICS: 539.3330026594308
  CPU_MATRIX_MULT_SSE: 1823.3591746130448
  CPU_mm: 347.18638813213931
  CPU_sse: 1290.2376177144561
  CPU_fma: 0
  CPU_avx: 2356.4807315116341
  CPU_avx512: 0
  m_CPU_enc_SHA: 507115073.82914031
  m_CPU_enc_AES: 3909950812.2910662
  m_CPU_enc_ECDSA: 442688723.26601577
  ME_ALLOC_S: 1343.6528065222089
  ME_READ_S: 21752.560546875
  ME_READ_L: 9689.267578125
  ME_WRITE: 9489.9345703125
  ME_LARGE: 678
  ME_LATENCY: 55.679755533673436
  ME_THREADED: 24050.01123046875
  SUMM_CPU: 3705.6643856123196
  SUMM_ME: 1049.52110627447
SystemInformation:
  OSName: Ubuntu 24.04.1 LTS
  Kernel: 6.8.0-1016-aws
  Device: ""
  Processor: Intel Xeon CPU E5-2680 v2 @ 2.80GHz
  NumSockets: 1
  Manufacturer: GenuineIntel
  NumCores: 2
  NumLogicals: 4
  CPUFrequency: 0
  Memory: 7434
  MemModuleInfo:
    iNumMemSticks: 1
    DIMM 1:
      manufacturer: Not Specified
      modulePartNo: Not Specified
      memType: RAM
      size: 7680
      clkspeed: 0
      moduleVoltage: 0
Checksum: 49FD4E5EC98C63A396E14D45F124BDE6811CEBA3