---
system-info:
      stress-ng-version: 0.17.08
      run-by: root
      date-yyyy-mm-dd: 2024:06:09
      time-hh-mm-ss: 15:41:10
      epoch-secs: 1717947670
      hostname: 36fab8cc46bd
      sysname: Linux
      nodename: 36fab8cc46bd
      release: 6.8.0-1008-aws
      version: '#8-Ubuntu SMP Sat Apr 20 00:46:25 UTC 2024'
      machine: x86_64
      compiler: 'musl-gcc 13.2.1'
      uptime: 127
      totalram: 16379740160
      freeram: 11962421248
      sharedram: 7426048
      bufferram: 109211648
      totalswap: 0
      freeswap: 0
      pagesize: 4096
      cpus: 2
      cpus-online: 2
      ticks-per-second: 100

metrics:
    - stressor: cpu
      bogo-ops: 26347
      bogo-ops-per-second-usr-sys-time: 1329.547200
      bogo-ops-per-second-real-time: 2633.674015
      wall-clock-time: 10.003896
      user-time: 19.810536
      system-time: 0.005985
      cpu-usage-per-instance: 99.044021
      max-rss: 4176

...
