---
system-info:
      stress-ng-version: 0.17.08
      run-by: root
      date-yyyy-mm-dd: 2024:06:15
      time-hh-mm-ss: 18:26:44
      epoch-secs: 1718476004
      hostname: 8726f7363500
      sysname: Linux
      nodename: 8726f7363500
      release: 6.8.0-1008-aws
      version: '#8-Ubuntu SMP Sat Apr 20 00:46:25 UTC 2024'
      machine: x86_64
      compiler: 'musl-gcc 13.2.1'
      uptime: 123
      totalram: 16379740160
      freeram: 12104130560
      sharedram: 7426048
      bufferram: 109686784
      totalswap: 0
      freeswap: 0
      pagesize: 4096
      cpus: 2
      cpus-online: 2
      ticks-per-second: 100

metrics:
    - stressor: cpu
      bogo-ops: 59626
      bogo-ops-per-second-usr-sys-time: 1505.719238
      bogo-ops-per-second-real-time: 2981.294314
      wall-clock-time: 20.000038
      user-time: 39.593692
      system-time: 0.005988
      cpu-usage-per-instance: 98.999011
      max-rss: 1104

...
