BaselineInfo:
  WebDBID: -1
  TimeStamp: 20241107100201
Version:
  Major: 11
  Minor: 0
  Build: 1002
  SpecialBuildName: ""
  ptArchitecture: x86_64_linux
Results:
  Results Complete: true
  NumTestProcesses: 4
  CPU_INTEGER_MATH: 10528.755666666666
  CPU_FLOATINGPOINT_MATH: 5668.2100337734773
  CPU_PRIME: 23.469631183595709
  CPU_SORTING: 5675.0194779423919
  CPU_ENCRYPTION: 1448.7307652528602
  CPU_COMPRESSION: 47481.202566076892
  CPU_SINGLETHREAD: 1691.4103926756422
  CPU_PHYSICS: 507.88496825047508
  CPU_MATRIX_MULT_SSE: 2900.7280848029218
  CPU_mm: 320.49491550422169
  CPU_sse: 1148.517364444092
  CPU_fma: 3642.6145340636599
  CPU_avx: 2577.8604197778805
  CPU_avx512: 4233.9200209260534
  m_CPU_enc_SHA: 477205509.28214347
  m_CPU_enc_AES: 3654329555.685791
  m_CPU_enc_ECDSA: 425777867.74941528
  ME_ALLOC_S: 1327.0670351165984
  ME_READ_S: 20539.740429687499
  ME_READ_L: 11098.9189453125
  ME_WRITE: 9910.2109375
  ME_LARGE: 3721.9166666666665
  ME_LATENCY: 52.28953184857081
  ME_THREADED: 24906.72802734375
  SUMM_CPU: 3754.0103207596162
  SUMM_ME: 1835.5868994411567
SystemInformation:
  OSName: Ubuntu 24.04.1 LTS
  Kernel: 6.8.0-1015-gcp
  Device: ""
  Processor: Intel Xeon CPU @ 2.20GHz
  NumSockets: 1
  Manufacturer: GenuineIntel
  NumCores: 2
  NumLogicals: 4
  CPUFrequency: 0
  Memory: 15990
  MemModuleInfo:
    iNumMemSticks: 1
    DIMM 1:
      manufacturer: ""
      modulePartNo: ""
      memType: RAM
      size: 16
      clkspeed: 0
      moduleVoltage: 0
Checksum: 298245D6D0841F2A576C0F5CC754CEC328CE8A82