BaselineInfo:
  WebDBID: -1
  TimeStamp: 20241107064525
Version:
  Major: 11
  Minor: 0
  Build: 1002
  SpecialBuildName: ""
  ptArchitecture: x86_64_linux
Results:
  Results Complete: true
  NumTestProcesses: 2
  CPU_INTEGER_MATH: 6152.9783333333326
  CPU_FLOATINGPOINT_MATH: 3495.2977822294883
  CPU_PRIME: 13.75865738978524
  CPU_SORTING: 3260.8699122563876
  CPU_ENCRYPTION: 865.24970783676497
  CPU_COMPRESSION: 27753.349364527243
  CPU_SINGLETHREAD: 1985.0854658994429
  CPU_PHYSICS: 285.49653306892583
  CPU_MATRIX_MULT_SSE: 1289.5417793435417
  CPU_mm: 197.40021932205823
  CPU_sse: 732.33738178564647
  CPU_fma: 2006.0272178982229
  CPU_avx: 1130.2607383467557
  CPU_avx512: 0
  m_CPU_enc_SHA: 290156523.79627907
  m_CPU_enc_AES: 2180836024.3766851
  m_CPU_enc_ECDSA: 250847684.76096666
  ME_ALLOC_S: 709.81546258213689
  ME_READ_S: 23994.141210937501
  ME_READ_L: 9899.01171875
  ME_WRITE: 9516.1005859375
  ME_LARGE: 550.83333333333337
  ME_LATENCY: 55.250681412464708
  ME_THREADED: 12655.25341796875
  SUMM_CPU: 2170.2322692533839
  SUMM_ME: 883.54012942899931
SystemInformation:
  OSName: Ubuntu 24.04.1 LTS
  Kernel: 6.8.0-1016-aws
  Device: ""
  Processor: Intel Xeon CPU E5-2666 v3 @ 2.90GHz
  NumSockets: 1
  Manufacturer: GenuineIntel
  NumCores: 1
  NumLogicals: 2
  CPUFrequency: 0
  Memory: 3724
  MemModuleInfo:
    iNumMemSticks: 1
    DIMM 1:
      manufacturer: Not Specified
      modulePartNo: Not Specified
      memType: RAM
      size: 3840
      clkspeed: 0
      moduleVoltage: 0
Checksum: A008B480857FF94D4FBD105BC147B5BEBA461B44