---
system-info:
      stress-ng-version: 0.17.08
      run-by: root
      date-yyyy-mm-dd: 2024:09:16
      time-hh-mm-ss: 21:14:17
      epoch-secs: 1726521257
      hostname: sc-runner
      sysname: Linux
      nodename: sc-runner
      release: 6.8.0-1014-azure
      version: '#16-Ubuntu SMP Thu Aug 15 20:04:41 UTC 2024'
      machine: x86_64
      compiler: 'musl-gcc 13.2.1'
      uptime: 297
      totalram: 135066296320
      freeram: 124800249856
      sharedram: 42139648
      bufferram: 232624128
      totalswap: 0
      freeswap: 0
      pagesize: 4096
      cpus: 16
      cpus-online: 16
      ticks-per-second: 100

metrics:
    - stressor: cpu
      bogo-ops: 297851
      bogo-ops-per-second-usr-sys-time: 932.083886
      bogo-ops-per-second-real-time: 14892.491337
      wall-clock-time: 20.000079
      user-time: 319.523872
      system-time: 0.029984
      cpu-usage-per-instance: 99.860187
      max-rss: 3152

...
