BaselineInfo:
  WebDBID: -1
  TimeStamp: 20241114232946
Version:
  Major: 11
  Minor: 0
  Build: 1002
  SpecialBuildName: ""
  ptArchitecture: x86_64_linux
Results:
  Results Complete: true
  NumTestProcesses: 2
  CPU_INTEGER_MATH: 5130.3180000000002
  CPU_FLOATINGPOINT_MATH: 2712.4961175395792
  CPU_PRIME: 8.9166643301776922
  CPU_SORTING: 3238.8556647381379
  CPU_ENCRYPTION: 1606.9903374304808
  CPU_COMPRESSION: 21385.320571850385
  CPU_SINGLETHREAD: 1401.1708470573326
  CPU_PHYSICS: 208.07745234591613
  CPU_MATRIX_MULT_SSE: 775.76092692677037
  CPU_mm: 155.696099721948
  CPU_sse: 629.95715544081554
  CPU_fma: 931.45541095932322
  CPU_avx: 765.87021438017211
  CPU_avx512: 0
  m_CPU_enc_SHA: 2281026573.6967487
  m_CPU_enc_AES: 1574783102.5771728
  m_CPU_enc_ECDSA: 1199344823.9105911
  ME_ALLOC_S: 496.01510919558996
  ME_READ_S: 14434.5943359375
  ME_READ_L: 10599.423828125
  ME_WRITE: 7584.19677734375
  ME_LARGE: 6970.916666666667
  ME_LATENCY: 68.547065587785639
  ME_THREADED: 16307.2880859375
  SUMM_CPU: 1857.5862214719559
  SUMM_ME: 1417.4512242888948
SystemInformation:
  OSName: Ubuntu 24.04.1 LTS
  Kernel: 6.8.0-1018-aws
  Device: ""
  Processor: AMD EPYC 7571
  NumSockets: 1
  Manufacturer: AuthenticAMD
  NumCores: 1
  NumLogicals: 2
  CPUFrequency: 0
  Memory: 15832
  MemModuleInfo:
    iNumMemSticks: 1
    DIMM 1:
      manufacturer: Not Specified
      modulePartNo: Not Specified
      memType: DDR4
      size: 16
      clkspeed: 1333
      moduleVoltage: 0
Checksum: 4EE5A02655D99E90D1B4C8A743D413E0A1E41299