BaselineInfo:
  WebDBID: -1
  TimeStamp: 20241107044214
Version:
  Major: 11
  Minor: 0
  Build: 1002
  SpecialBuildName: ""
  ptArchitecture: x86_64_linux
Results:
  Results Complete: true
  NumTestProcesses: 2
  CPU_INTEGER_MATH: 5127.8803333333335
  CPU_FLOATINGPOINT_MATH: 2688.5255276155281
  CPU_PRIME: 9.8710773537493299
  CPU_SORTING: 3261.5217879658553
  CPU_ENCRYPTION: 1611.4574075601236
  CPU_COMPRESSION: 21471.393689581684
  CPU_SINGLETHREAD: 1401.6536860977508
  CPU_PHYSICS: 220.59939232390693
  CPU_MATRIX_MULT_SSE: 786.9767194677836
  CPU_mm: 155.82741191002992
  CPU_sse: 631.70920748208744
  CPU_fma: 932.33295796692391
  CPU_avx: 796.8879929543391
  CPU_avx512: 0
  m_CPU_enc_SHA: 2282147763.7869091
  m_CPU_enc_AES: 1578374085.2383571
  m_CPU_enc_ECDSA: 1208684838.7440252
  ME_ALLOC_S: 496.94596748405331
  ME_READ_S: 14669.749707031249
  ME_READ_L: 11587.1044921875
  ME_WRITE: 8038.79150390625
  ME_LARGE: 5911.833333333333
  ME_LATENCY: 64.604926080995526
  ME_THREADED: 16498.484375
  SUMM_CPU: 1875.4751732210973
  SUMM_ME: 1452.1799626500695
SystemInformation:
  OSName: Ubuntu 24.04.1 LTS
  Kernel: 6.8.0-1016-aws
  Device: ""
  Processor: AMD EPYC 7571
  NumSockets: 1
  Manufacturer: AuthenticAMD
  NumCores: 1
  NumLogicals: 2
  CPUFrequency: 0
  Memory: 15832
  MemModuleInfo:
    iNumMemSticks: 1
    DIMM 1:
      manufacturer: Not Specified
      modulePartNo: Not Specified
      memType: DDR4
      size: 16
      clkspeed: 1333
      moduleVoltage: 0
Checksum: 1527EA65E6E4C160891B707CB91293575B8F8639