BaselineInfo:
  WebDBID: -1
  TimeStamp: 20241115210027
Version:
  Major: 11
  Minor: 0
  Build: 1002
  SpecialBuildName: ""
  ptArchitecture: x86_64_linux
Results:
  Results Complete: true
  NumTestProcesses: 2
  CPU_INTEGER_MATH: 5155.7596666666668
  CPU_FLOATINGPOINT_MATH: 2717.9681108286759
  CPU_PRIME: 11.496658183055334
  CPU_SORTING: 3263.763554963095
  CPU_ENCRYPTION: 1613.6101050368404
  CPU_COMPRESSION: 21422.028170274429
  CPU_SINGLETHREAD: 1405.802159070161
  CPU_PHYSICS: 224.88987670832199
  CPU_MATRIX_MULT_SSE: 773.66919419034753
  CPU_mm: 156.15703687456474
  CPU_sse: 633.72912481442404
  CPU_fma: 934.29078463845394
  CPU_avx: 752.98767311816437
  CPU_avx512: 0
  m_CPU_enc_SHA: 2287544820.3224249
  m_CPU_enc_AES: 1582889416.8411546
  m_CPU_enc_ECDSA: 1205544251.3337502
  ME_ALLOC_S: 496.86659905031462
  ME_READ_S: 14738.8794921875
  ME_READ_L: 11261.0263671875
  ME_WRITE: 8030.4873046875
  ME_LARGE: 6832.416666666667
  ME_LATENCY: 62.572116344569515
  ME_THREADED: 16463.46533203125
  SUMM_CPU: 1886.235352351609
  SUMM_ME: 1477.0946971579508
SystemInformation:
  OSName: Ubuntu 24.04.1 LTS
  Kernel: 6.8.0-1018-aws
  Device: ""
  Processor: AMD EPYC 7571
  NumSockets: 1
  Manufacturer: AuthenticAMD
  NumCores: 1
  NumLogicals: 2
  CPUFrequency: 0
  Memory: 15832
  MemModuleInfo:
    iNumMemSticks: 1
    DIMM 1:
      manufacturer: Not Specified
      modulePartNo: Not Specified
      memType: DDR4
      size: 16
      clkspeed: 1333
      moduleVoltage: 0
Checksum: F38756832F5D44D01E5F3D04B48BEB5242242F3F