BaselineInfo:
  WebDBID: -1
  TimeStamp: 20241108203714
Version:
  Major: 11
  Minor: 0
  Build: 1002
  SpecialBuildName: ""
  ptArchitecture: x86_64_linux
Results:
  Results Complete: true
  NumTestProcesses: 32
  CPU_INTEGER_MATH: 134769.31266666664
  CPU_FLOATINGPOINT_MATH: 68895.801995441332
  CPU_PRIME: 195.75802568373845
  CPU_SORTING: 68528.806597837727
  CPU_ENCRYPTION: 29300.864633651585
  CPU_COMPRESSION: 490255.05094701832
  CPU_SINGLETHREAD: 2435.2227847381905
  CPU_PHYSICS: 3178.3046280004824
  CPU_MATRIX_MULT_SSE: 29176.893353274394
  CPU_mm: 2901.9662790836092
  CPU_sse: 12792.552708590976
  CPU_fma: 35120.341249001875
  CPU_avx: 25928.187365660793
  CPU_avx512: 42866.492089843923
  m_CPU_enc_SHA: 29563502398.59359
  m_CPU_enc_AES: 44512712526.969887
  m_CPU_enc_ECDSA: 18096335376.724041
  ME_ALLOC_S: 15034.898793398292
  ME_READ_S: 24487.447070312501
  ME_READ_L: 12550.728515625
  ME_WRITE: 11103.3369140625
  ME_LARGE: 118002.83333333333
  ME_LATENCY: 51.835198923309463
  ME_THREADED: 128077.40014648438
  SUMM_CPU: 36986.594853451461
  SUMM_ME: 2815.924463846045
SystemInformation:
  OSName: Ubuntu 24.04.1 LTS
  Kernel: 6.8.0-1017-azure
  Device: ""
  Processor: Intel Xeon Platinum 8370C CPU @ 2.80GHz
  NumSockets: 1
  Manufacturer: GenuineIntel
  NumCores: 16
  NumLogicals: 32
  CPUFrequency: 2800
  Memory: 128802
  MemModuleInfo:
    iNumMemSticks: 3
    DIMM 1:
      manufacturer: Microsoft Corporation
      modulePartNo: None
      memType: Unknown
      size: 1
      clkspeed: 0
      moduleVoltage: 0
    DIMM 2:
      manufacturer: Microsoft Corporation
      modulePartNo: None
      memType: Unknown
      size: 59
      clkspeed: 0
      moduleVoltage: 0
    DIMM 3:
      manufacturer: Microsoft Corporation
      modulePartNo: None
      memType: Unknown
      size: 68
      clkspeed: 0
      moduleVoltage: 0
Checksum: 331E1117B0238DFAC68AE670D14A000C97AD69D6