---
system-info:
      stress-ng-version: 0.17.08
      run-by: root
      date-yyyy-mm-dd: 2024:06:07
      time-hh-mm-ss: 22:55:59
      epoch-secs: 1717800959
      hostname: 770d090ee45f
      sysname: Linux
      nodename: 770d090ee45f
      release: 6.8.0-1008-aws
      version: '#8-Ubuntu SMP Sat Apr 20 02:43:14 UTC 2024'
      machine: aarch64
      compiler: 'musl-gcc 13.2.1'
      uptime: 160
      totalram: 16368402432
      freeram: 12136669184
      sharedram: 35012608
      bufferram: 93765632
      totalswap: 0
      freeswap: 0
      pagesize: 4096
      cpus: 4
      cpus-online: 4
      ticks-per-second: 100

metrics:
    - stressor: cpu
      bogo-ops: 2940
      bogo-ops-per-second-usr-sys-time: 292.755351
      bogo-ops-per-second-real-time: 292.745842
      wall-clock-time: 10.042841
      user-time: 10.041516
      system-time: 0.000999
      cpu-usage-per-instance: 99.996752
      max-rss: 4136

...
