---
system-info:
      stress-ng-version: 0.17.08
      run-by: root
      date-yyyy-mm-dd: 2024:06:13
      time-hh-mm-ss: 13:55:59
      epoch-secs: 1718286959
      hostname: 6efe47b7eabe
      sysname: Linux
      nodename: 6efe47b7eabe
      release: 6.8.0-1008-aws
      version: '#8-Ubuntu SMP Sat Apr 20 02:43:14 UTC 2024'
      machine: aarch64
      compiler: 'musl-gcc 13.2.1'
      uptime: 189
      totalram: 16368410624
      freeram: 12123205632
      sharedram: 35012608
      bufferram: 106344448
      totalswap: 0
      freeswap: 0
      pagesize: 4096
      cpus: 4
      cpus-online: 4
      ticks-per-second: 100

metrics:
    - stressor: cpu
      bogo-ops: 30400
      bogo-ops-per-second-usr-sys-time: 1520.014820
      bogo-ops-per-second-real-time: 1519.989219
      wall-clock-time: 20.000142
      user-time: 19.999805
      system-time: 0.000000
      cpu-usage-per-instance: 99.998316
      max-rss: 1192

...
