---
system-info:
      stress-ng-version: 0.17.08
      run-by: root
      date-yyyy-mm-dd: 2024:06:15
      time-hh-mm-ss: 22:18:58
      epoch-secs: 1718489938
      hostname: c18b48f695f1
      sysname: Linux
      nodename: c18b48f695f1
      release: 6.8.0-1008-aws
      version: '#8-Ubuntu SMP Sat Apr 20 00:46:25 UTC 2024'
      machine: x86_64
      compiler: 'musl-gcc 13.2.1'
      uptime: 114
      totalram: 265990803456
      freeram: 261297991680
      sharedram: 60125184
      bufferram: 108556288
      totalswap: 0
      freeswap: 0
      pagesize: 4096
      cpus: 32
      cpus-online: 32
      ticks-per-second: 100

metrics:
    - stressor: cpu
      bogo-ops: 617479
      bogo-ops-per-second-usr-sys-time: 965.395774
      bogo-ops-per-second-real-time: 30873.827763
      wall-clock-time: 20.000079
      user-time: 639.590301
      system-time: 0.021987
      cpu-usage-per-instance: 99.939024
      max-rss: 1032

...
