---
system-info:
      stress-ng-version: 0.17.08
      run-by: root
      date-yyyy-mm-dd: 2024:06:09
      time-hh-mm-ss: 19:40:48
      epoch-secs: 1717962048
      hostname: 2e3f5b40a970
      sysname: Linux
      nodename: 2e3f5b40a970
      release: 6.8.0-1008-aws
      version: '#8-Ubuntu SMP Sat Apr 20 00:46:25 UTC 2024'
      machine: x86_64
      compiler: 'musl-gcc 13.2.1'
      uptime: 115
      totalram: 265990803456
      freeram: 261179387904
      sharedram: 60125184
      bufferram: 111345664
      totalswap: 0
      freeswap: 0
      pagesize: 4096
      cpus: 32
      cpus-online: 32
      ticks-per-second: 100

metrics:
    - stressor: cpu
      bogo-ops: 375969
      bogo-ops-per-second-usr-sys-time: 1175.611725
      bogo-ops-per-second-real-time: 37588.923323
      wall-clock-time: 10.002122
      user-time: 319.754145
      system-time: 0.052975
      cpu-usage-per-instance: 99.918521
      max-rss: 3848

...
