---
system-info:
      stress-ng-version: 0.17.08
      run-by: root
      date-yyyy-mm-dd: 2024:09:03
      time-hh-mm-ss: 17:56:48
      epoch-secs: 1725386208
      hostname: sc-runner
      sysname: Linux
      nodename: sc-runner
      release: 6.8.0-1013-azure
      version: '#15-Ubuntu SMP Thu Aug  8 18:40:40 UTC 2024'
      machine: x86_64
      compiler: 'musl-gcc 13.2.1'
      uptime: 383
      totalram: 58968432640
      freeram: 50304622592
      sharedram: 57159680
      bufferram: 227823616
      totalswap: 0
      freeswap: 0
      pagesize: 4096
      cpus: 8
      cpus-online: 8
      ticks-per-second: 100

metrics:
    - stressor: cpu
      bogo-ops: 130808
      bogo-ops-per-second-usr-sys-time: 820.569712
      bogo-ops-per-second-real-time: 6540.357937
      wall-clock-time: 20.000129
      user-time: 159.368100
      system-time: 0.043097
      cpu-usage-per-instance: 99.631357
      max-rss: 3152

...
