---
system-info:
      stress-ng-version: 0.17.08
      run-by: root
      date-yyyy-mm-dd: 2024:06:20
      time-hh-mm-ss: 08:43:05
      epoch-secs: 1718872985
      hostname: 195272ca10f6
      sysname: Linux
      nodename: 195272ca10f6
      release: 6.8.0-1008-gcp
      version: '#9-Ubuntu SMP Wed May 22 18:09:04 UTC 2024'
      machine: x86_64
      compiler: 'musl-gcc 13.2.1'
      uptime: 240
      totalram: 33652178944
      freeram: 25918828544
      sharedram: 41836544
      bufferram: 122982400
      totalswap: 0
      freeswap: 0
      pagesize: 4096
      cpus: 8
      cpus-online: 8
      ticks-per-second: 100

metrics:
    - stressor: cpu
      bogo-ops: 23993
      bogo-ops-per-second-usr-sys-time: 1199.786116
      bogo-ops-per-second-real-time: 1199.635899
      wall-clock-time: 20.000235
      user-time: 19.997731
      system-time: 0.000000
      cpu-usage-per-instance: 99.987480
      max-rss: 1232

...
