BaselineInfo:
  WebDBID: -1
  TimeStamp: 20241122085101
Version:
  Major: 11
  Minor: 0
  Build: 1002
  SpecialBuildName: ""
  ptArchitecture: x86_64_linux
Results:
  Results Complete: true
  NumTestProcesses: 8
  CPU_INTEGER_MATH: 48366.241333333332
  CPU_FLOATINGPOINT_MATH: 42618.866888402983
  CPU_PRIME: 156.79556817918768
  CPU_SORTING: 30522.029305380231
  CPU_ENCRYPTION: 10463.103713670165
  CPU_COMPRESSION: 210747.59764506048
  CPU_SINGLETHREAD: 2905.1091606298764
  CPU_PHYSICS: 2078.7115388682882
  CPU_MATRIX_MULT_SSE: 19752.787417696225
  CPU_mm: 2089.6088126067998
  CPU_sse: 9268.393994605387
  CPU_fma: 27361.996483940915
  CPU_avx: 23477.584103761521
  CPU_avx512: 18903.175088477081
  m_CPU_enc_SHA: 14498957333.202736
  m_CPU_enc_AES: 9183444886.943224
  m_CPU_enc_ECDSA: 9231676098.8502636
  ME_ALLOC_S: 7446.1449829499406
  ME_READ_S: 27898.39453125
  ME_READ_L: 27577.361328125
  ME_WRITE: 26863.66015625
  ME_LARGE: 53386.333333333336
  ME_LATENCY: 76.560941026547837
  ME_THREADED: 37867.9814453125
  SUMM_CPU: 20098.456530623953
  SUMM_ME: 2602.8904530359578
SystemInformation:
  OSName: Ubuntu 24.04.1 LTS
  Kernel: 6.8.0-1017-azure
  Device: ""
  Processor: AMD EPYC 9V74 80-Core Processor
  NumSockets: 1
  Manufacturer: AuthenticAMD
  NumCores: 8
  NumLogicals: 8
  CPUFrequency: 0
  Memory: 64300
  MemModuleInfo:
    iNumMemSticks: 3
    DIMM 1:
      manufacturer: Microsoft Corporation
      modulePartNo: None
      memType: Unknown
      size: 1
      clkspeed: 0
      moduleVoltage: 0
    DIMM 2:
      manufacturer: Microsoft Corporation
      modulePartNo: None
      memType: Unknown
      size: 59
      clkspeed: 0
      moduleVoltage: 0
    DIMM 3:
      manufacturer: Microsoft Corporation
      modulePartNo: None
      memType: Unknown
      size: 4
      clkspeed: 0
      moduleVoltage: 0
Checksum: 42E1DD727E03D5F141005D39A1396E707B936D42