---
system-info:
      stress-ng-version: 0.17.08
      run-by: root
      date-yyyy-mm-dd: 2024:09:12
      time-hh-mm-ss: 19:26:51
      epoch-secs: 1726169211
      hostname: ip-172-31-44-208
      sysname: Linux
      nodename: ip-172-31-44-208
      release: 6.8.0-1014-aws
      version: '#15-Ubuntu SMP Thu Aug  8 19:13:06 UTC 2024'
      machine: x86_64
      compiler: 'musl-gcc 13.2.1'
      uptime: 316
      totalram: 6467357954048
      freeram: 6450559590400
      sharedram: 325263360
      bufferram: 226177024
      totalswap: 0
      freeswap: 0
      pagesize: 4096
      cpus: 224
      cpus-online: 224
      ticks-per-second: 100

metrics:
    - stressor: cpu
      bogo-ops: 28757
      bogo-ops-per-second-usr-sys-time: 1438.012208
      bogo-ops-per-second-real-time: 1437.850051
      wall-clock-time: 19.999999
      user-time: 19.996745
      system-time: 0.000999
      cpu-usage-per-instance: 99.988724
      max-rss: 0

...
