BaselineInfo:
  WebDBID: -1
  TimeStamp: 20260405001501
Version:
  Major: 11
  Minor: 0
  Build: 1004
  SpecialBuildName: ""
  ptArchitecture: x86_64_linux
Results:
  Results Complete: true
  NumTestProcesses: 24
  CPU_INTEGER_MATH: 101158.97766666667
  CPU_FLOATINGPOINT_MATH: 51739.509984954777
  CPU_PRIME: 162.25767688015122
  CPU_SORTING: 51990.489899083077
  CPU_ENCRYPTION: 21968.544055421884
  CPU_COMPRESSION: 370110.11710377387
  CPU_SINGLETHREAD: 2371.3726887916773
  CPU_PHYSICS: 2841.8008593767599
  CPU_MATRIX_MULT_SSE: 21259.97255925092
  CPU_mm: 2180.7614094428268
  CPU_sse: 9508.1859889542011
  CPU_fma: 26298.826368286995
  CPU_avx: 19468.669462352478
  CPU_avx512: 29764.208417410002
  m_CPU_enc_SHA: 22184715111.169083
  m_CPU_enc_AES: 33371752910.826443
  m_CPU_enc_ECDSA: 13550596132.378645
  ME_ALLOC_S: 11222.293087806151
  ME_READ_S: 24284.7216796875
  ME_READ_L: 11503.44140625
  ME_WRITE: 10790.1806640625
  ME_LARGE: 78518
  ME_LATENCY: 61.504007377732442
  ME_THREADED: 120614.50634765625
  SUMM_CPU: 29448.327077499729
  SUMM_ME: 2532.7313260820129
SystemInformation:
  OSName: Ubuntu 24.04.4 LTS
  Kernel: 6.8.0-106-generic
  Device: ""
  Processor: Intel(R) Xeon(R) Platinum 8369B CPU @ 2.70GHz
  NumSockets: 1
  Manufacturer: GenuineIntel
  NumCores: 12
  NumLogicals: 24
  CPUFrequency: 0
  CPUMaxFrequency: 0
  Memory: 92983
  CPUInfo:
    number: 1
    Family: 6
    Model: 10
    stepping: 6
    features: 529267711
    manufacture: GenuineIntel
    typestring: Intel(R) Xeon(R) Platinum 8369B CPU @ 2.70GHz
    iCoresPerPackage: 12
    iThreadsPerPackage: 2
    featuresEx:
      - 529267711
      - 4277809667
      - 739248128
    bHybrid: false
    nPCore: 0
    nLogicalsPerPCore: 0
    nECore: 0
    nLogicalsPerECore: 0
  MemModuleInfo:
    iNumMemSticks: 6
    DIMM 1:
      manufacturer: Alibaba Cloud
      modulePartNo: Not Specified
      memType: RAM
      size: 16
      clkspeed: 0
      moduleVoltage: 0
    DIMM 2:
      manufacturer: Alibaba Cloud
      modulePartNo: Not Specified
      memType: RAM
      size: 16
      clkspeed: 0
      moduleVoltage: 0
    DIMM 3:
      manufacturer: Alibaba Cloud
      modulePartNo: Not Specified
      memType: RAM
      size: 16
      clkspeed: 0
      moduleVoltage: 0
    DIMM 4:
      manufacturer: Alibaba Cloud
      modulePartNo: Not Specified
      memType: RAM
      size: 16
      clkspeed: 0
      moduleVoltage: 0
    DIMM 5:
      manufacturer: Alibaba Cloud
      modulePartNo: Not Specified
      memType: RAM
      size: 16
      clkspeed: 0
      moduleVoltage: 0
    DIMM 6:
      manufacturer: Alibaba Cloud
      modulePartNo: Not Specified
      memType: RAM
      size: 16
      clkspeed: 0
      moduleVoltage: 0
Checksum: 248A9620B4004B7D4C218A345C954C0FF9FEC635