---
system-info:
      stress-ng-version: 0.17.08
      run-by: root
      date-yyyy-mm-dd: 2024:06:20
      time-hh-mm-ss: 20:31:20
      epoch-secs: 1718915480
      hostname: ff6445d104d1
      sysname: Linux
      nodename: ff6445d104d1
      release: 6.8.0-1008-gcp
      version: '#9-Ubuntu SMP Wed May 22 18:09:04 UTC 2024'
      machine: x86_64
      compiler: 'musl-gcc 13.2.1'
      uptime: 261
      totalram: 1742077952
      freeram: 178393088
      sharedram: 48594944
      bufferram: 85028864
      totalswap: 0
      freeswap: 0
      pagesize: 4096
      cpus: 1
      cpus-online: 1
      ticks-per-second: 100

metrics:
    - stressor: cpu
      bogo-ops: 21743
      bogo-ops-per-second-usr-sys-time: 1110.120219
      bogo-ops-per-second-real-time: 1087.146864
      wall-clock-time: 20.000058
      user-time: 19.579227
      system-time: 0.006940
      cpu-usage-per-instance: 97.930552
      max-rss: 1104

...
