BaselineInfo:
  WebDBID: -1
  TimeStamp: 20241110010246
Version:
  Major: 11
  Minor: 0
  Build: 1002
  SpecialBuildName: ""
  ptArchitecture: x86_64_linux
Results:
  Results Complete: true
  NumTestProcesses: 48
  CPU_INTEGER_MATH: 162109.59033333336
  CPU_FLOATINGPOINT_MATH: 96699.910165241701
  CPU_PRIME: 234.0304337054757
  CPU_SORTING: 92793.167864980976
  CPU_ENCRYPTION: 51145.584217295029
  CPU_COMPRESSION: 711299.35617698275
  CPU_SINGLETHREAD: 2123.9222174110855
  CPU_PHYSICS: 4565.7386547393025
  CPU_MATRIX_MULT_SSE: 44586.864306669231
  CPU_mm: 4852.625547502631
  CPU_sse: 20023.778806387243
  CPU_fma: 64770.714431547764
  CPU_avx: 48966.099682072738
  CPU_avx512: 0
  m_CPU_enc_SHA: 72390954499.554489
  m_CPU_enc_AES: 49597499548.818283
  m_CPU_enc_ECDSA: 38901642300.330284
  ME_ALLOC_S: 16786.976555680616
  ME_READ_S: 24631.151562499999
  ME_READ_L: 12720.50390625
  ME_WRITE: 13500.783203125
  ME_LARGE: 177351.33333333334
  ME_LATENCY: 51.562970650891977
  ME_THREADED: 97826.416381835938
  SUMM_CPU: 46161.951598959567
  SUMM_ME: 2887.4951435934327
SystemInformation:
  OSName: Ubuntu 24.04.1 LTS
  Kernel: 6.8.0-1016-aws
  Device: ""
  Processor: AMD EPYC 7R32
  NumSockets: 1
  Manufacturer: AuthenticAMD
  NumCores: 24
  NumLogicals: 48
  CPUFrequency: 0
  Memory: 191164
  MemModuleInfo:
    iNumMemSticks: 1
    DIMM 1:
      manufacturer: Not Specified
      modulePartNo: Not Specified
      memType: DDR4
      size: 192
      clkspeed: 1600
      moduleVoltage: 0
Checksum: 5BD0B672A7F3D23852F82AE324ACA7866AC29176