BaselineInfo:
  WebDBID: -1
  TimeStamp: 20241107141946
Version:
  Major: 11
  Minor: 0
  Build: 1002
  SpecialBuildName: ""
  ptArchitecture: aarch64_linux
Results:
  Results Complete: true
  NumTestProcesses: 8
  CPU_INTEGER_MATH: 37703.532333333329
  CPU_FLOATINGPOINT_MATH: 28702.889446731984
  CPU_PRIME: 50.515964001193701
  CPU_SORTING: 26893.568127838036
  CPU_ENCRYPTION: 1295.8392973402304
  CPU_COMPRESSION: 44795.543583056286
  CPU_SINGLETHREAD: 1329.8600280075227
  CPU_PHYSICS: 1126.4790219288654
  CPU_MATRIX_MULT_SSE: 5943.3673920934789
  CPU_mm: 997.63499259358377
  CPU_sse: 4952.1849911246009
  CPU_fma: 6934.5497930623587
  CPU_avx: 0
  CPU_avx512: 0
  m_CPU_enc_SHA: 1923815237.3311636
  m_CPU_enc_AES: 900337865.33082104
  m_CPU_enc_ECDSA: 1252204858.481504
  ME_ALLOC_S: 5418.2813858428999
  ME_READ_S: 11293.51455078125
  ME_READ_L: 7955.35400390625
  ME_WRITE: 14888.0458984375
  ME_LARGE: 21999.166666666668
  ME_LATENCY: 72.530316769271437
  ME_THREADED: 55237.298828125
  SUMM_CPU: 6158.034093001299
  SUMM_ME: 1783.2586142586858
SystemInformation:
  OSName: Ubuntu 24.04.1 LTS
  Kernel: 6.8.0-1017-azure
  Device: ""
  Processor: ARM Neoverse-N1 8 Core 0 MHz
  NumSockets: 1
  Manufacturer: ARM
  NumCores: 8
  NumLogicals: 8
  CPUFrequency: 0
  Memory: 32029
Checksum: FC431CEF3B62C86C1F6712CE4B8C4F3732757C9E