---
system-info:
      stress-ng-version: 0.17.08
      run-by: root
      date-yyyy-mm-dd: 2024:07:10
      time-hh-mm-ss: 02:18:22
      epoch-secs: 1720577902
      hostname: m2-ultramem-208-e2243da
      sysname: Linux
      nodename: m2-ultramem-208-e2243da
      release: 6.8.0-1009-gcp
      version: '#10-Ubuntu SMP Wed Jun 12 18:52:23 UTC 2024'
      machine: x86_64
      compiler: 'musl-gcc 13.2.1'
      uptime: 277
      totalram: 6223202217984
      freeram: 6213151498240
      sharedram: 164708352
      bufferram: 135659520
      totalswap: 0
      freeswap: 0
      pagesize: 4096
      cpus: 208
      cpus-online: 208
      ticks-per-second: 100

metrics:
    - stressor: cpu
      bogo-ops: 3654589
      bogo-ops-per-second-usr-sys-time: 879.359727
      bogo-ops-per-second-real-time: 182728.674694
      wall-clock-time: 20.000085
      user-time: 4155.851918
      system-time: 0.113936
      cpu-usage-per-instance: 99.902601
      max-rss: 0

...
