---
system-info:
      stress-ng-version: 0.17.08
      run-by: root
      date-yyyy-mm-dd: 2024:06:14
      time-hh-mm-ss: 11:55:53
      epoch-secs: 1718366153
      hostname: 960c019c356e
      sysname: Linux
      nodename: 960c019c356e
      release: 6.8.0-1008-aws
      version: '#8-Ubuntu SMP Sat Apr 20 00:46:25 UTC 2024'
      machine: x86_64
      compiler: 'musl-gcc 13.2.1'
      uptime: 122
      totalram: 267397980160
      freeram: 262617792512
      sharedram: 41295872
      bufferram: 107503616
      totalswap: 0
      freeswap: 0
      pagesize: 4096
      cpus: 32
      cpus-online: 32
      ticks-per-second: 100

metrics:
    - stressor: cpu
      bogo-ops: 558305
      bogo-ops-per-second-usr-sys-time: 872.914033
      bogo-ops-per-second-real-time: 27915.125397
      wall-clock-time: 20.000089
      user-time: 639.560625
      system-time: 0.026985
      cpu-usage-per-instance: 99.935118
      max-rss: 1032

...
