---
system-info:
      stress-ng-version: 0.17.08
      run-by: root
      date-yyyy-mm-dd: 2024:06:06
      time-hh-mm-ss: 20:41:18
      epoch-secs: 1717706478
      hostname: 122b8d2bebf2
      sysname: Linux
      nodename: 122b8d2bebf2
      release: 6.8.0-1008-aws
      version: '#8-Ubuntu SMP Sat Apr 20 00:46:25 UTC 2024'
      machine: x86_64
      compiler: 'musl-gcc 13.2.1'
      uptime: 117
      totalram: 267397984256
      freeram: 262772936704
      sharedram: 41295872
      bufferram: 86278144
      totalswap: 0
      freeswap: 0
      pagesize: 4096
      cpus: 32
      cpus-online: 32
      ticks-per-second: 100

metrics:
    - stressor: cpu
      bogo-ops: 329592
      bogo-ops-per-second-usr-sys-time: 1030.732550
      bogo-ops-per-second-real-time: 32952.821034
      wall-clock-time: 10.001936
      user-time: 319.715830
      system-time: 0.048982
      cpu-usage-per-instance: 99.907164
      max-rss: 4104

...
