BaselineInfo:
  WebDBID: -1
  TimeStamp: 20241108032431
Version:
  Major: 11
  Minor: 0
  Build: 1002
  SpecialBuildName: ""
  ptArchitecture: x86_64_linux
Results:
  Results Complete: true
  NumTestProcesses: 16
  CPU_INTEGER_MATH: 66478.696333333326
  CPU_FLOATINGPOINT_MATH: 36546.119091003551
  CPU_PRIME: 99.816731498173141
  CPU_SORTING: 35295.784047124325
  CPU_ENCRYPTION: 17160.508265716195
  CPU_COMPRESSION: 252895.7668709264
  CPU_SINGLETHREAD: 2393.1911734014493
  CPU_PHYSICS: 2035.7736094245756
  CPU_MATRIX_MULT_SSE: 14910.304397133015
  CPU_mm: 1798.039267309206
  CPU_sse: 7573.5908590829631
  CPU_fma: 20835.378799452257
  CPU_avx: 16321.943532863826
  CPU_avx512: 0
  m_CPU_enc_SHA: 24846055997.295029
  m_CPU_enc_AES: 15884542804.582626
  m_CPU_enc_ECDSA: 13251692543.817217
  ME_ALLOC_S: 6956.6842303214262
  ME_READ_S: 24423.486718749999
  ME_READ_L: 20001.552734375
  ME_WRITE: 19162.943359375
  ME_LARGE: 54067
  ME_LATENCY: 62.843887324178887
  ME_THREADED: 38864.305419921875
  SUMM_CPU: 21568.349301302671
  SUMM_ME: 2689.4866959349206
SystemInformation:
  OSName: Ubuntu 24.04.1 LTS
  Kernel: 6.8.0-1017-azure
  Device: ""
  Processor: AMD EPYC 7763 64-Core Processor
  NumSockets: 1
  Manufacturer: AuthenticAMD
  NumCores: 8
  NumLogicals: 16
  CPUFrequency: 0
  Memory: 64297
  MemModuleInfo:
    iNumMemSticks: 3
    DIMM 1:
      manufacturer: Microsoft Corporation
      modulePartNo: None
      memType: Unknown
      size: 1
      clkspeed: 0
      moduleVoltage: 0
    DIMM 2:
      manufacturer: Microsoft Corporation
      modulePartNo: None
      memType: Unknown
      size: 59
      clkspeed: 0
      moduleVoltage: 0
    DIMM 3:
      manufacturer: Microsoft Corporation
      modulePartNo: None
      memType: Unknown
      size: 4
      clkspeed: 0
      moduleVoltage: 0
Checksum: 627C0EA1CBFF3BA4464C4906CA7A16ED6A1113F1