---
system-info:
      stress-ng-version: 0.17.08
      run-by: root
      date-yyyy-mm-dd: 2024:06:15
      time-hh-mm-ss: 19:41:38
      epoch-secs: 1718480498
      hostname: 3e9ac12d6eba
      sysname: Linux
      nodename: 3e9ac12d6eba
      release: 6.8.0-1008-aws
      version: '#8-Ubuntu SMP Sat Apr 20 00:46:25 UTC 2024'
      machine: x86_64
      compiler: 'musl-gcc 13.2.1'
      uptime: 165
      totalram: 532331950080
      freeram: 527352795136
      sharedram: 60141568
      bufferram: 110661632
      totalswap: 0
      freeswap: 0
      pagesize: 4096
      cpus: 64
      cpus-online: 64
      ticks-per-second: 100

metrics:
    - stressor: cpu
      bogo-ops: 37846
      bogo-ops-per-second-usr-sys-time: 1892.257708
      bogo-ops-per-second-real-time: 1892.294812
      wall-clock-time: 20.000055
      user-time: 20.000447
      system-time: 0.000000
      cpu-usage-per-instance: 100.001961
      max-rss: 512

...
