---
system-info:
      stress-ng-version: 0.17.08
      run-by: root
      date-yyyy-mm-dd: 2024:06:09
      time-hh-mm-ss: 16:56:20
      epoch-secs: 1717952180
      hostname: 4325890380dc
      sysname: Linux
      nodename: 4325890380dc
      release: 6.8.0-1008-aws
      version: '#8-Ubuntu SMP Sat Apr 20 00:46:25 UTC 2024'
      machine: x86_64
      compiler: 'musl-gcc 13.2.1'
      uptime: 161
      totalram: 532331966464
      freeram: 527402041344
      sharedram: 60141568
      bufferram: 110182400
      totalswap: 0
      freeswap: 0
      pagesize: 4096
      cpus: 64
      cpus-online: 64
      ticks-per-second: 100

metrics:
    - stressor: cpu
      bogo-ops: 16782
      bogo-ops-per-second-usr-sys-time: 1678.160395
      bogo-ops-per-second-real-time: 1678.191198
      wall-clock-time: 10.000052
      user-time: 10.000236
      system-time: 0.000000
      cpu-usage-per-instance: 100.001835
      max-rss: 3584

...
