---
system-info:
      stress-ng-version: 0.17.08
      run-by: root
      date-yyyy-mm-dd: 2024:09:17
      time-hh-mm-ss: 06:39:38
      epoch-secs: 1726555178
      hostname: sc-runner
      sysname: Linux
      nodename: sc-runner
      release: 6.8.0-1014-azure
      version: '#16-Ubuntu SMP Thu Aug 15 20:04:41 UTC 2024'
      machine: x86_64
      compiler: 'musl-gcc 13.2.1'
      uptime: 300
      totalram: 202596655104
      freeram: 191331098624
      sharedram: 55320576
      bufferram: 304590848
      totalswap: 0
      freeswap: 0
      pagesize: 4096
      cpus: 48
      cpus-online: 48
      ticks-per-second: 100

metrics:
    - stressor: cpu
      bogo-ops: 931800
      bogo-ops-per-second-usr-sys-time: 971.002035
      bogo-ops-per-second-real-time: 46589.851374
      wall-clock-time: 20.000064
      user-time: 959.567264
      system-time: 0.059973
      cpu-usage-per-instance: 99.960852
      max-rss: 3260

...
