---
system-info:
      stress-ng-version: 0.17.08
      run-by: root
      date-yyyy-mm-dd: 2024:07:03
      time-hh-mm-ss: 05:40:10
      epoch-secs: 1719985210
      hostname: n2-highcpu-96-ec2c331
      sysname: Linux
      nodename: n2-highcpu-96-ec2c331
      release: 6.8.0-1009-gcp
      version: '#10-Ubuntu SMP Wed Jun 12 18:52:23 UTC 2024'
      machine: x86_64
      compiler: 'musl-gcc 13.2.1'
      uptime: 161
      totalram: 101311950848
      freeram: 95162662912
      sharedram: 115023872
      bufferram: 131833856
      totalswap: 0
      freeswap: 0
      pagesize: 4096
      cpus: 96
      cpus-online: 96
      ticks-per-second: 100

metrics:
    - stressor: cpu
      bogo-ops: 36865
      bogo-ops-per-second-usr-sys-time: 1843.359680
      bogo-ops-per-second-real-time: 1843.241980
      wall-clock-time: 20.000087
      user-time: 19.998810
      system-time: 0.000000
      cpu-usage-per-instance: 99.993615
      max-rss: 768

...
