BaselineInfo:
  WebDBID: -1
  TimeStamp: 20250617160648
Version:
  Major: 11
  Minor: 0
  Build: 1002
  SpecialBuildName: ""
  ptArchitecture: x86_64_linux
Results:
  Results Complete: true
  NumTestProcesses: 48
  CPU_INTEGER_MATH: 227979.69833333328
  CPU_FLOATINGPOINT_MATH: 127382.23564841671
  CPU_PRIME: 350.0485023215536
  CPU_SORTING: 134144.44395104778
  CPU_ENCRYPTION: 57871.913044537774
  CPU_COMPRESSION: 923254.20429384941
  CPU_SINGLETHREAD: 2900.7317927004592
  CPU_PHYSICS: 6359.3858874883063
  CPU_MATRIX_MULT_SSE: 65993.675639873298
  CPU_mm: 6103.2131285896348
  CPU_sse: 26938.217369881557
  CPU_fma: 84275.798714511358
  CPU_avx: 69594.243186080013
  CPU_avx512: 83166.443289020259
  m_CPU_enc_SHA: 80913658084.609299
  m_CPU_enc_AES: 54907110204.664597
  m_CPU_enc_ECDSA: 46228528988.493858
  ME_ALLOC_S: 21366.365033506529
  ME_READ_S: 27840.818945312501
  ME_READ_L: 26351.244140625
  ME_WRITE: 25624.09375
  ME_LARGE: 377889.58333333331
  ME_LATENCY: 79.008477919758135
  ME_THREADED: 128806.19677734375
  SUMM_CPU: 62728.195481906172
  SUMM_ME: 2758.1611245812151
SystemInformation:
  OSName: Ubuntu 24.04.2 LTS
  Kernel: 6.11.0-1015-azure
  Device: ""
  Processor: AMD EPYC 9V74 80-Core Processor
  NumSockets: 1
  Manufacturer: AuthenticAMD
  NumCores: 24
  NumLogicals: 48
  CPUFrequency: 0
  Memory: 386753
  MemModuleInfo:
    iNumMemSticks: 3
    DIMM 1:
      manufacturer: Microsoft Corporation
      modulePartNo: None
      memType: Unknown
      size: 1
      clkspeed: 0
      moduleVoltage: 0
    DIMM 2:
      manufacturer: Microsoft Corporation
      modulePartNo: None
      memType: Unknown
      size: 59
      clkspeed: 0
      moduleVoltage: 0
    DIMM 3:
      manufacturer: Microsoft Corporation
      modulePartNo: None
      memType: Unknown
      size: 324
      clkspeed: 0
      moduleVoltage: 0
Checksum: 4F5E8F30174C67219F006A43488A54399F6E52C0