BaselineInfo:
  WebDBID: -1
  TimeStamp: 20260204223002
Version:
  Major: 11
  Minor: 0
  Build: 1004
  SpecialBuildName: ""
  ptArchitecture: x86_64_linux
Results:
  Results Complete: true
  NumTestProcesses: 2
  CPU_INTEGER_MATH: 10261.393333333333
  CPU_FLOATINGPOINT_MATH: 7453.4152864975094
  CPU_PRIME: 22.534107754516413
  CPU_SORTING: 5364.2977755948586
  CPU_ENCRYPTION: 2254.6486589913757
  CPU_COMPRESSION: 40636.634087329985
  CPU_SINGLETHREAD: 3250.4972419525261
  CPU_PHYSICS: 497.28896256678252
  CPU_MATRIX_MULT_SSE: 2669.685616939209
  CPU_mm: 298.78368684898334
  CPU_sse: 1241.4751343870935
  CPU_fma: 3245.4858976101641
  CPU_avx: 2573.8894085526072
  CPU_avx512: 3617.8920272069709
  m_CPU_enc_SHA: 2398029304.8752055
  m_CPU_enc_AES: 3105412888.6435552
  m_CPU_enc_ECDSA: 1589069223.2328622
  ME_ALLOC_S: 1476.800719554428
  ME_READ_S: 28979.651953125001
  ME_READ_L: 15824.419921875
  ME_WRITE: 11771.990234375
  ME_LARGE: 1054.4166666666667
  ME_LATENCY: 71.454035647945375
  ME_THREADED: 21943.31640625
  SUMM_CPU: 4065.6622213200226
  SUMM_ME: 1306.1531040795785
SystemInformation:
  OSName: Ubuntu 24.04.3 LTS
  Kernel: 6.14.0-1018-aws
  Device: ""
  Processor: Intel(R) Xeon(R) 6975P-C
  NumSockets: 1
  Manufacturer: GenuineIntel
  NumCores: 1
  NumLogicals: 2
  CPUFrequency: 0
  CPUMaxFrequency: 0
  Memory: 7780
  CPUInfo:
    number: 1
    Family: 6
    Model: 13
    stepping: 1
    features: 529267711
    manufacture: GenuineIntel
    typestring: Intel(R) Xeon(R) 6975P-C
    iCoresPerPackage: 1
    iThreadsPerPackage: 2
    featuresEx:
      - 529267711
      - 4294619651
      - 739248128
    bHybrid: false
    nPCore: 0
    nLogicalsPerPCore: 0
    nECore: 0
    nLogicalsPerECore: 0
  MemModuleInfo:
    iNumMemSticks: 1
    DIMM 1:
      manufacturer: Not Specified
      modulePartNo: Not Specified
      memType: DDR5
      size: 8
      clkspeed: 3600
      moduleVoltage: 0
Checksum: ADF28A4A305F70A272920A79A00598716B624243