BaselineInfo:
  WebDBID: -1
  TimeStamp: 20241109025756
Version:
  Major: 11
  Minor: 0
  Build: 1002
  SpecialBuildName: ""
  ptArchitecture: x86_64_linux
Results:
  Results Complete: true
  NumTestProcesses: 48
  CPU_INTEGER_MATH: 209425.15000000005
  CPU_FLOATINGPOINT_MATH: 148530.4388562215
  CPU_PRIME: 434.93737119791405
  CPU_SORTING: 105594.01942450603
  CPU_ENCRYPTION: 46066.517928506873
  CPU_COMPRESSION: 765897.48335560877
  CPU_SINGLETHREAD: 2708.1126205114633
  CPU_PHYSICS: 10017.276529243554
  CPU_MATRIX_MULT_SSE: 59127.583936214796
  CPU_mm: 5938.0254404846728
  CPU_sse: 25684.910250971159
  CPU_fma: 62046.507708491816
  CPU_avx: 51164.407696703071
  CPU_avx512: 97614.510088693161
  m_CPU_enc_SHA: 48442296671.192375
  m_CPU_enc_AES: 63387758505.264305
  m_CPU_enc_ECDSA: 33082680133.749386
  ME_ALLOC_S: 26021.351498451862
  ME_READ_S: 23952.056054687499
  ME_READ_L: 10170.275390625
  ME_WRITE: 9689.1025390625
  ME_LARGE: 84855.416666666672
  ME_LATENCY: 57.245943861161017
  ME_THREADED: 287778.6025390625
  SUMM_CPU: 58467.717070245351
  SUMM_ME: 2567.4439590585544
SystemInformation:
  OSName: Ubuntu 24.04.1 LTS
  Kernel: 6.8.0-1015-gcp
  Device: ""
  Processor: INTEL XEON PLATINUM 8581C CPU @ 2.10GHz
  NumSockets: 1
  Manufacturer: GenuineIntel
  NumCores: 24
  NumLogicals: 48
  CPUFrequency: 0
  Memory: 96540
  MemModuleInfo:
    iNumMemSticks: 6
    DIMM 1:
      manufacturer: ""
      modulePartNo: ""
      memType: RAM
      size: 16
      clkspeed: 0
      moduleVoltage: 0
    DIMM 2:
      manufacturer: ""
      modulePartNo: ""
      memType: RAM
      size: 16
      clkspeed: 0
      moduleVoltage: 0
    DIMM 3:
      manufacturer: ""
      modulePartNo: ""
      memType: RAM
      size: 16
      clkspeed: 0
      moduleVoltage: 0
    DIMM 4:
      manufacturer: ""
      modulePartNo: ""
      memType: RAM
      size: 16
      clkspeed: 0
      moduleVoltage: 0
    DIMM 5:
      manufacturer: ""
      modulePartNo: ""
      memType: RAM
      size: 16
      clkspeed: 0
      moduleVoltage: 0
    DIMM 6:
      manufacturer: ""
      modulePartNo: ""
      memType: RAM
      size: 16
      clkspeed: 0
      moduleVoltage: 0
Checksum: BF32B1B6DA8F27B37AC76499F04B2B4E8CFFB787