---
system-info:
      stress-ng-version: 0.17.08
      run-by: root
      date-yyyy-mm-dd: 2024:06:09
      time-hh-mm-ss: 11:56:46
      epoch-secs: 1717934206
      hostname: 07af649dc961
      sysname: Linux
      nodename: 07af649dc961
      release: 6.8.0-1008-aws
      version: '#8-Ubuntu SMP Sat Apr 20 00:46:25 UTC 2024'
      machine: x86_64
      compiler: 'musl-gcc 13.2.1'
      uptime: 166
      totalram: 402464968704
      freeram: 396967833600
      sharedram: 28807168
      bufferram: 107446272
      totalswap: 0
      freeswap: 0
      pagesize: 4096
      cpus: 48
      cpus-online: 48
      ticks-per-second: 100

metrics:
    - stressor: cpu
      bogo-ops: 375566
      bogo-ops-per-second-usr-sys-time: 783.250823
      bogo-ops-per-second-real-time: 37547.083808
      wall-clock-time: 10.002534
      user-time: 479.379534
      system-time: 0.116930
      cpu-usage-per-instance: 99.869785
      max-rss: 3840

...
