---
system-info:
      stress-ng-version: 0.17.08
      run-by: root
      date-yyyy-mm-dd: 2024:06:15
      time-hh-mm-ss: 14:42:13
      epoch-secs: 1718462533
      hostname: 4d667cd420f3
      sysname: Linux
      nodename: 4d667cd420f3
      release: 6.8.0-1008-aws
      version: '#8-Ubuntu SMP Sat Apr 20 00:46:25 UTC 2024'
      machine: x86_64
      compiler: 'musl-gcc 13.2.1'
      uptime: 167
      totalram: 402464948224
      freeram: 397166796800
      sharedram: 28807168
      bufferram: 109748224
      totalswap: 0
      freeswap: 0
      pagesize: 4096
      cpus: 48
      cpus-online: 48
      ticks-per-second: 100

metrics:
    - stressor: cpu
      bogo-ops: 283215
      bogo-ops-per-second-usr-sys-time: 295.364473
      bogo-ops-per-second-real-time: 14160.562139
      wall-clock-time: 20.000265
      user-time: 958.808202
      system-time: 0.057965
      cpu-usage-per-instance: 99.880567
      max-rss: 768

...
