---
system-info:
      stress-ng-version: 0.17.08
      run-by: root
      date-yyyy-mm-dd: 2024:06:09
      time-hh-mm-ss: 18:55:48
      epoch-secs: 1717959348
      hostname: 38976a2da546
      sysname: Linux
      nodename: 38976a2da546
      release: 6.8.0-1008-aws
      version: '#8-Ubuntu SMP Sat Apr 20 00:46:25 UTC 2024'
      machine: x86_64
      compiler: 'musl-gcc 13.2.1'
      uptime: 125
      totalram: 1081992290304
      freeram: 1074382299136
      sharedram: 116760576
      bufferram: 111173632
      totalswap: 0
      freeswap: 0
      pagesize: 4096
      cpus: 128
      cpus-online: 128
      ticks-per-second: 100

metrics:
    - stressor: cpu
      bogo-ops: 16950
      bogo-ops-per-second-usr-sys-time: 1694.627182
      bogo-ops-per-second-real-time: 1694.689733
      wall-clock-time: 10.001831
      user-time: 10.002200
      system-time: 0.000000
      cpu-usage-per-instance: 100.003691
      max-rss: 3072

...
