---
system-info:
      stress-ng-version: 0.17.08
      run-by: root
      date-yyyy-mm-dd: 2024:06:15
      time-hh-mm-ss: 21:20:43
      epoch-secs: 1718486443
      hostname: 116d1fd5748f
      sysname: Linux
      nodename: 116d1fd5748f
      release: 6.8.0-1008-aws
      version: '#8-Ubuntu SMP Sat Apr 20 00:46:25 UTC 2024'
      machine: x86_64
      compiler: 'musl-gcc 13.2.1'
      uptime: 151
      totalram: 1081992314880
      freeram: 1074759434240
      sharedram: 116760576
      bufferram: 110268416
      totalswap: 0
      freeswap: 0
      pagesize: 4096
      cpus: 128
      cpus-online: 128
      ticks-per-second: 100

metrics:
    - stressor: cpu
      bogo-ops: 38187
      bogo-ops-per-second-usr-sys-time: 1909.342744
      bogo-ops-per-second-real-time: 1909.347246
      wall-clock-time: 20.000029
      user-time: 20.000076
      system-time: 0.000000
      cpu-usage-per-instance: 100.000236
      max-rss: 0

...
