BaselineInfo:
  WebDBID: -1
  TimeStamp: 20250821002114
Version:
  Major: 11
  Minor: 0
  Build: 1002
  SpecialBuildName: ""
  ptArchitecture: x86_64_linux
Results:
  Results Complete: true
  NumTestProcesses: 32
  CPU_INTEGER_MATH: 163193.07399999996
  CPU_FLOATINGPOINT_MATH: 117860.25977864949
  CPU_PRIME: 347.17432159232249
  CPU_SORTING: 83029.889544340491
  CPU_ENCRYPTION: 36100.762917590691
  CPU_COMPRESSION: 632175.8756210648
  CPU_SINGLETHREAD: 3287.117028463213
  CPU_PHYSICS: 6597.2709371029023
  CPU_MATRIX_MULT_SSE: 45558.888692506771
  CPU_mm: 4873.468371502413
  CPU_sse: 19976.577844968404
  CPU_fma: 52237.409438117968
  CPU_avx: 42197.921421252242
  CPU_avx512: 67823.646065688445
  m_CPU_enc_SHA: 38087992889.193687
  m_CPU_enc_AES: 49825402382.388565
  m_CPU_enc_ECDSA: 25649785459.644451
  ME_ALLOC_S: 16617.666449677843
  ME_READ_S: 29079.310351562501
  ME_READ_L: 9662.03515625
  ME_WRITE: 11227.5439453125
  ME_LARGE: 243020.83333333334
  ME_LATENCY: 68.425797513034993
  ME_THREADED: 173820.3486328125
  SUMM_CPU: 51371.123374262184
  SUMM_ME: 2454.3841164314717
SystemInformation:
  OSName: Ubuntu 24.04.2 LTS
  Kernel: 6.14.0-1010-aws
  Device: ""
  Processor: Intel Xeon 6975P-C
  NumSockets: 1
  Manufacturer: GenuineIntel
  NumCores: 16
  NumLogicals: 32
  CPUFrequency: 0
  Memory: 253668
  MemModuleInfo:
    iNumMemSticks: 1
    DIMM 1:
      manufacturer: Not Specified
      modulePartNo: Not Specified
      memType: DDR5
      size: 256
      clkspeed: 3600
      moduleVoltage: 0
Checksum: 1435F86E2403A4F9BE732E36093BB5E941439937