---
system-info:
      stress-ng-version: 0.17.08
      run-by: root
      date-yyyy-mm-dd: 2024:06:14
      time-hh-mm-ss: 21:56:26
      epoch-secs: 1718402186
      hostname: fb1494d89d55
      sysname: Linux
      nodename: fb1494d89d55
      release: 6.8.0-1008-aws
      version: '#8-Ubuntu SMP Sat Apr 20 00:46:25 UTC 2024'
      machine: x86_64
      compiler: 'musl-gcc 13.2.1'
      uptime: 149
      totalram: 529579982848
      freeram: 523773902848
      sharedram: 138592256
      bufferram: 108240896
      totalswap: 0
      freeswap: 0
      pagesize: 4096
      cpus: 128
      cpus-online: 128
      ticks-per-second: 100

metrics:
    - stressor: cpu
      bogo-ops: 3820007
      bogo-ops-per-second-usr-sys-time: 1493.065757
      bogo-ops-per-second-real-time: 190999.788852
      wall-clock-time: 20.000059
      user-time: 2558.441876
      system-time: 0.056959
      cpu-usage-per-instance: 99.941067
      max-rss: 0

...
