---
system-info:
      stress-ng-version: 0.17.08
      run-by: root
      date-yyyy-mm-dd: 2024:06:08
      time-hh-mm-ss: 15:55:29
      epoch-secs: 1717862129
      hostname: 9a0c2c0544b2
      sysname: Linux
      nodename: 9a0c2c0544b2
      release: 6.8.0-1008-aws
      version: '#8-Ubuntu SMP Sat Apr 20 00:46:25 UTC 2024'
      machine: x86_64
      compiler: 'musl-gcc 13.2.1'
      uptime: 117
      totalram: 529579999232
      freeram: 523468136448
      sharedram: 138584064
      bufferram: 102944768
      totalswap: 0
      freeswap: 0
      pagesize: 4096
      cpus: 128
      cpus-online: 128
      ticks-per-second: 100

metrics:
    - stressor: cpu
      bogo-ops: 1698392
      bogo-ops-per-second-usr-sys-time: 1327.683116
      bogo-ops-per-second-real-time: 169815.993351
      wall-clock-time: 10.001367
      user-time: 1279.053978
      system-time: 0.160904
      cpu-usage-per-instance: 99.925007
      max-rss: 3072

...
