---
system-info:
      stress-ng-version: 0.17.08
      run-by: root
      date-yyyy-mm-dd: 2024:09:15
      time-hh-mm-ss: 22:25:09
      epoch-secs: 1726439109
      hostname: sc-runner
      sysname: Linux
      nodename: sc-runner
      release: 6.8.0-1014-azure
      version: '#16-Ubuntu SMP Thu Aug 15 20:04:41 UTC 2024'
      machine: x86_64
      compiler: 'musl-gcc 13.2.1'
      uptime: 319
      totalram: 16765739008
      freeram: 6656978944
      sharedram: 54886400
      bufferram: 227667968
      totalswap: 0
      freeswap: 0
      pagesize: 4096
      cpus: 2
      cpus-online: 2
      ticks-per-second: 100

metrics:
    - stressor: cpu
      bogo-ops: 37945
      bogo-ops-per-second-usr-sys-time: 1897.313370
      bogo-ops-per-second-real-time: 1897.241654
      wall-clock-time: 20.000088
      user-time: 19.997332
      system-time: 0.002000
      cpu-usage-per-instance: 99.996220
      max-rss: 3152

...
