BaselineInfo:
  WebDBID: -1
  TimeStamp: 20250421174854
Version:
  Major: 11
  Minor: 0
  Build: 1002
  SpecialBuildName: ""
  ptArchitecture: aarch64_linux
Results:
  Results Complete: true
  NumTestProcesses: 4
  CPU_INTEGER_MATH: 20843.398999999998
  CPU_FLOATINGPOINT_MATH: 24214.101976250222
  CPU_PRIME: 68.973887105264609
  CPU_SORTING: 18497.338148072726
  CPU_ENCRYPTION: 750.26012192509347
  CPU_COMPRESSION: 26424.919281092294
  CPU_SINGLETHREAD: 1943.2273349104287
  CPU_PHYSICS: 1350.5314415770488
  CPU_MATRIX_MULT_SSE: 3679.0112466974242
  CPU_mm: 451.08609105457123
  CPU_sse: 2891.984240494779
  CPU_fma: 4466.038252900069
  CPU_avx: 0
  CPU_avx512: 0
  m_CPU_enc_SHA: 1175318793.2471299
  m_CPU_enc_AES: 429256542.68425214
  m_CPU_enc_ECDSA: 755538936.89179873
  ME_ALLOC_S: 6043.9582515399725
  ME_READ_S: 18806.7890625
  ME_READ_L: 19651.10546875
  ME_WRITE: 21287.6171875
  ME_LARGE: 1791
  ME_LATENCY: 47.961018523258836
  ME_THREADED: 75555.62890625
  SUMM_CPU: 3940.8488996794154
  SUMM_ME: 1962.4498538478094
SystemInformation:
  OSName: Ubuntu 24.04.2 LTS
  Kernel: 6.8.0-1027-aws
  Device: ""
  Processor: ARM Neoverse-V2 4 Core 0 MHz
  NumSockets: 1
  Manufacturer: ARM
  NumCores: 4
  NumLogicals: 4
  CPUFrequency: 0
  Memory: 7763
Checksum: BA2C97CB5F3AC9B51C7E3AEAE619E0B02B157D70