---
system-info:
      stress-ng-version: 0.17.08
      run-by: root
      date-yyyy-mm-dd: 2024:07:29
      time-hh-mm-ss: 17:55:33
      epoch-secs: 1722275733
      hostname: c3d-highmem-360-lssd-2041822
      sysname: Linux
      nodename: c3d-highmem-360-lssd-2041822
      release: 6.8.0-1011-gcp
      version: '#12-Ubuntu SMP Wed Jul 10 21:47:53 UTC 2024'
      machine: x86_64
      compiler: 'musl-gcc 13.2.1'
      uptime: 149
      totalram: 3043733241856
      freeram: 3035295977472
      sharedram: 71229440
      bufferram: 143179776
      totalswap: 0
      freeswap: 0
      pagesize: 4096
      cpus: 360
      cpus-online: 360
      ticks-per-second: 100

metrics:
    - stressor: cpu
      bogo-ops: 11070971
      bogo-ops-per-second-usr-sys-time: 1540.283195
      bogo-ops-per-second-real-time: 553546.900760
      wall-clock-time: 20.000060
      user-time: 7187.482563
      system-time: 0.137894
      cpu-usage-per-instance: 99.827764
      max-rss: 0

...
