---
system-info:
      stress-ng-version: 0.17.08
      run-by: root
      date-yyyy-mm-dd: 2024:06:19
      time-hh-mm-ss: 17:12:29
      epoch-secs: 1718817149
      hostname: 253d5a12e542
      sysname: Linux
      nodename: 253d5a12e542
      release: 6.8.0-1008-gcp
      version: '#9-Ubuntu SMP Wed May 22 18:40:57 UTC 2024'
      machine: aarch64
      compiler: 'musl-gcc 13.2.1'
      uptime: 171
      totalram: 8304586752
      freeram: 3481038848
      sharedram: 3497984
      bufferram: 131088384
      totalswap: 0
      freeswap: 0
      pagesize: 4096
      cpus: 2
      cpus-online: 2
      ticks-per-second: 100

metrics:
    - stressor: cpu
      bogo-ops: 36261
      bogo-ops-per-second-usr-sys-time: 1813.266685
      bogo-ops-per-second-real-time: 1813.042803
      wall-clock-time: 20.000079
      user-time: 19.997610
      system-time: 0.000000
      cpu-usage-per-instance: 99.987653
      max-rss: 1192

...
