---
system-info:
      stress-ng-version: 0.17.08
      run-by: root
      date-yyyy-mm-dd: 2024:06:15
      time-hh-mm-ss: 09:41:37
      epoch-secs: 1718444497
      hostname: 07d0cf5ea38e
      sysname: Linux
      nodename: 07d0cf5ea38e
      release: 6.8.0-1008-aws
      version: '#8-Ubuntu SMP Sat Apr 20 02:43:14 UTC 2024'
      machine: aarch64
      compiler: 'musl-gcc 13.2.1'
      uptime: 109
      totalram: 134778200064
      freeram: 129874173952
      sharedram: 35799040
      bufferram: 105947136
      totalswap: 0
      freeswap: 0
      pagesize: 4096
      cpus: 64
      cpus-online: 64
      ticks-per-second: 100

metrics:
    - stressor: cpu
      bogo-ops: 1962038
      bogo-ops-per-second-usr-sys-time: 1533.287324
      bogo-ops-per-second-real-time: 98101.552487
      wall-clock-time: 20.000071
      user-time: 1279.614408
      system-time: 0.013989
      cpu-usage-per-instance: 99.970614
      max-rss: 1024

...
