---
system-info:
      stress-ng-version: 0.17.08
      run-by: root
      date-yyyy-mm-dd: 2024:06:06
      time-hh-mm-ss: 15:55:36
      epoch-secs: 1717689336
      hostname: 5864f6e19adb
      sysname: Linux
      nodename: 5864f6e19adb
      release: 6.8.0-1008-aws
      version: '#8-Ubuntu SMP Sat Apr 20 02:43:14 UTC 2024'
      machine: aarch64
      compiler: 'musl-gcc 13.2.1'
      uptime: 103
      totalram: 134778200064
      freeram: 129975971840
      sharedram: 35799040
      bufferram: 83800064
      totalswap: 0
      freeswap: 0
      pagesize: 4096
      cpus: 64
      cpus-online: 64
      ticks-per-second: 100

metrics:
    - stressor: cpu
      bogo-ops: 273046
      bogo-ops-per-second-usr-sys-time: 425.187342
      bogo-ops-per-second-real-time: 27198.896979
      wall-clock-time: 10.038863
      user-time: 642.131130
      system-time: 0.046971
      cpu-usage-per-instance: 99.951885
      max-rss: 3584

...
