BaselineInfo:
  WebDBID: -1
  TimeStamp: 20241107074148
Version:
  Major: 11
  Minor: 0
  Build: 1002
  SpecialBuildName: ""
  ptArchitecture: aarch64_linux
Results:
  Results Complete: true
  NumTestProcesses: 4
  CPU_INTEGER_MATH: 19045.395
  CPU_FLOATINGPOINT_MATH: 18926.311280856829
  CPU_PRIME: 51.154625452322584
  CPU_SORTING: 15781.994214804979
  CPU_ENCRYPTION: 553.22724016250311
  CPU_COMPRESSION: 21021.917914994519
  CPU_SINGLETHREAD: 1557.4377791373622
  CPU_PHYSICS: 1100.3901813245018
  CPU_MATRIX_MULT_SSE: 3308.3434829618882
  CPU_mm: 432.46611307318778
  CPU_sse: 2774.6535481890614
  CPU_fma: 3842.0334177347149
  CPU_avx: 0
  CPU_avx512: 0
  m_CPU_enc_SHA: 843160887.88146043
  m_CPU_enc_AES: 323218255.68377072
  m_CPU_enc_ECDSA: 573923276.17667937
  ME_ALLOC_S: 4086.4635567282912
  ME_READ_S: 19679.818164062501
  ME_READ_L: 18964.470703125
  ME_WRITE: 19658.193359375
  ME_LARGE: 5810.583333333333
  ME_LATENCY: 50.465316979307524
  ME_THREADED: 74041.009765625
  SUMM_CPU: 3108.5887359519629
  SUMM_ME: 2522.1893843309135
SystemInformation:
  OSName: Ubuntu 24.04.1 LTS
  Kernel: 6.8.0-1016-aws
  Device: ""
  Processor: ARM Neoverse-V1 4 Core 0 MHz
  NumSockets: 1
  Manufacturer: ARM
  NumCores: 4
  NumLogicals: 4
  CPUFrequency: 0
  Memory: 15673
Checksum: 3C0B60BA78890E84A38C8521EC0660997847F78E