"size","threads","connections","rps","latency","failed","server_usr","server_sys","client_usr","client_sys"
"1k",4,4,344295,0.000011820,0,8.04,12.52,4.19,15.52
"1k",4,8,305070,0.000024850,0,7.19,12.30,3.64,14.74
"1k",4,16,355610,0.000043800,0,7.26,12.30,3.39,14.53
"1k",4,32,394819,0.000191680,0,7.34,12.65,3.44,14.90
"1k",4,64,422284,0.000180730,0,7.45,13.33,3.50,15.80
"1k",4,128,434606,0.000309730,0,7.52,13.28,3.45,15.55
"1k",8,8,309935,0.000027380,0,6.17,13.11,3.67,16.23
"1k",8,16,348472,0.000051980,0,6.05,13.38,3.90,16.64
"1k",8,32,364797,0.000122080,0,6.25,13.42,3.74,16.74
"1k",8,64,382544,0.000307550,0,6.46,13.33,3.84,16.51
"1k",8,128,380313,0.000509680,0,6.42,13.16,3.62,16.67
"1k",16,16,296630,0.000064080,0,5.66,13.63,3.66,17.16
"1k",16,32,277551,0.000194250,0,4.90,14.14,3.46,17.65
"1k",16,64,304298,0.000335070,0,5.24,13.76,3.49,17.67
"1k",16,128,367620,0.000697850,0,6.40,13.02,3.68,16.66
"16k",4,4,263839,0.000016950,0,6.96,12.46,3.69,15.85
"16k",4,8,221661,0.000036010,0,5.70,10.52,2.72,13.65
"16k",4,16,279957,0.000061370,0,6.51,12.01,3.28,15.20
"16k",4,32,304858,0.000249380,0,6.79,12.40,3.42,15.63
"16k",4,64,324205,0.000659370,0,6.96,12.81,3.51,16.10
"16k",4,128,324199,0.000709340,0,7.08,12.85,3.52,16.05
"16k",8,8,265459,0.000034490,0,5.78,12.88,3.85,16.97
"16k",8,16,278771,0.000066820,0,5.91,13.06,3.77,17.27
"16k",8,32,288812,0.000149280,0,6.00,12.98,3.75,17.25
"16k",8,64,294892,0.000381510,0,6.02,13.09,3.71,17.07
"16k",8,128,300600,0.000618550,0,6.22,12.68,3.77,17.25
"16k",16,16,277750,0.000060530,0,5.93,12.47,4.14,17.62
"16k",16,32,263834,0.000130020,0,5.22,13.17,3.87,17.81
"16k",16,64,266988,0.000321530,0,5.24,13.12,3.89,17.76
"16k",16,128,278523,0.000729560,0,5.71,13.08,3.75,17.56
"64k",4,4,162065,0.000025840,0,6.41,13.46,3.20,17.09
"64k",4,8,152322,0.000047890,0,6.13,13.13,3.05,16.86
"64k",4,16,149620,0.000102730,0,5.80,12.49,2.80,16.64
"64k",4,32,160743,0.000212530,0,5.80,13.05,2.94,17.13
"64k",4,64,167117,0.000374050,0,5.89,13.03,2.83,17.48
"64k",4,128,165028,0.000747000,0,6.28,12.91,2.87,17.42
"64k",8,8,152221,0.000055060,0,5.92,12.97,3.44,17.80
"64k",8,16,154683,0.000107180,0,5.34,13.23,3.26,18.35
"64k",8,32,156801,0.000219200,0,5.22,13.27,3.23,18.50
"64k",8,64,160077,0.000450990,0,5.40,13.27,3.14,18.38
"64k",8,128,158497,0.000890000,0,5.67,13.22,3.13,17.89
"64k",16,16,148741,0.000111920,0,4.95,13.28,3.50,18.42
"64k",16,32,147610,0.000232790,0,4.54,13.47,3.35,18.85
"64k",16,64,148736,0.000491970,0,4.62,13.53,3.22,18.88
"64k",16,128,150948,0.000930000,0,5.06,13.45,3.21,18.49
"256k",4,4,59261,0.000068270,0,6.49,13.68,2.62,17.46
"256k",4,8,59194,0.000119770,0,5.97,14.11,2.67,17.17
"256k",4,16,58666,0.000391590,0,5.55,13.96,2.71,16.38
"256k",4,32,59317,0.000500800,0,5.63,14.58,2.59,16.51
"256k",4,64,53191,0.001070000,0,6.40,14.56,2.31,16.62
"256k",8,8,57413,0.000163430,0,5.27,14.26,2.99,17.63
"256k",8,16,58629,0.000289270,0,5.22,14.26,2.88,17.77
"256k",8,32,57535,0.000619820,0,5.11,14.61,2.77,17.33
"256k",8,64,53319,0.001250000,0,5.55,14.68,2.52,17.16
"256k",16,16,56477,0.000297550,0,4.89,14.41,3.03,17.85
"256k",16,32,55841,0.000612850,0,4.82,14.62,2.84,17.91
"256k",16,64,52334,0.001320000,0,5.27,14.29,2.74,16.84
"512k",4,4,25907,0.000182990,0,4.49,10.68,2.10,13.59
"512k",4,8,25329,0.000300970,0,4.41,10.32,2.04,13.19
"512k",4,16,27937,0.000524870,0,4.80,12.51,2.19,14.33
"512k",4,32,27905,0.001020000,0,5.91,15.65,1.98,16.33
"512k",4,64,24743,0.002270000,0,6.98,14.85,1.88,16.37
"512k",8,8,31186,0.000808530,0,5.09,12.63,2.60,19.66
"512k",8,16,31270,0.000519670,0,5.17,13.39,2.56,19.05
"512k",8,32,29056,0.001150000,0,5.35,14.95,2.47,17.09
"512k",8,64,25374,0.002470000,0,6.12,15.06,2.13,16.65
"512k",16,16,30882,0.000660710,0,5.07,14.14,2.88,18.09
"512k",16,32,28312,0.001190000,0,5.20,15.09,2.58,16.96
"512k",16,64,25743,0.002570000,0,5.91,15.23,2.30,16.53
