BaselineInfo:
  WebDBID: -1
  TimeStamp: 20241107203900
Version:
  Major: 11
  Minor: 0
  Build: 1002
  SpecialBuildName: ""
  ptArchitecture: x86_64_linux
Results:
  Results Complete: true
  NumTestProcesses: 8
  CPU_INTEGER_MATH: 24937.661333333337
  CPU_FLOATINGPOINT_MATH: 13356.448595960115
  CPU_PRIME: 53.111407978306616
  CPU_SORTING: 13077.765575295121
  CPU_ENCRYPTION: 3420.028315037725
  CPU_COMPRESSION: 111106.30510841761
  CPU_SINGLETHREAD: 2020.764805724046
  CPU_PHYSICS: 941.20594909026067
  CPU_MATRIX_MULT_SSE: 7069.0479143377543
  CPU_mm: 758.22915325465647
  CPU_sse: 2718.4107881277978
  CPU_fma: 8687.8630574445142
  CPU_avx: 6161.5771256956123
  CPU_avx512: 10708.340686083095
  m_CPU_enc_SHA: 1125249488.3415685
  m_CPU_enc_AES: 8627279638.8474274
  m_CPU_enc_ECDSA: 1005949704.2179947
  ME_ALLOC_S: 2861.2095766621842
  ME_READ_S: 24217.927148437499
  ME_READ_L: 10588.6259765625
  ME_WRITE: 9387.826171875
  ME_LARGE: 22070.5
  ME_LATENCY: 48.15502347146532
  ME_THREADED: 42246.16259765625
  SUMM_CPU: 8527.5998760090952
  SUMM_ME: 2428.7045239919553
SystemInformation:
  OSName: Ubuntu 24.04.1 LTS
  Kernel: 6.8.0-1017-azure
  Device: ""
  Processor: Intel Xeon Platinum 8272CL CPU @ 2.60GHz
  NumSockets: 1
  Manufacturer: GenuineIntel
  NumCores: 4
  NumLogicals: 8
  CPUFrequency: 0
  Memory: 32092
  MemModuleInfo:
    iNumMemSticks: 2
    DIMM 1:
      manufacturer: Microsoft Corporation
      modulePartNo: None
      memType: Unknown
      size: 1
      clkspeed: 0
      moduleVoltage: 0
    DIMM 2:
      manufacturer: Microsoft Corporation
      modulePartNo: None
      memType: Unknown
      size: 31
      clkspeed: 0
      moduleVoltage: 0
Checksum: D61CF8C84D70F79DB75739EACC3168D459565C04