---
system-info:
      stress-ng-version: 0.17.08
      run-by: root
      date-yyyy-mm-dd: 2024:06:14
      time-hh-mm-ss: 05:20:57
      epoch-secs: 1718342457
      hostname: 94aba8762e26
      sysname: Linux
      nodename: 94aba8762e26
      release: 6.8.0-1008-aws
      version: '#8-Ubuntu SMP Sat Apr 20 02:43:14 UTC 2024'
      machine: aarch64
      compiler: 'musl-gcc 13.2.1'
      uptime: 149
      totalram: 134781472768
      freeram: 129702240256
      sharedram: 36286464
      bufferram: 107528192
      totalswap: 0
      freeswap: 0
      pagesize: 4096
      cpus: 64
      cpus-online: 64
      ticks-per-second: 100

metrics:
    - stressor: cpu
      bogo-ops: 30458
      bogo-ops-per-second-usr-sys-time: 1522.923758
      bogo-ops-per-second-real-time: 1522.898711
      wall-clock-time: 20.000017
      user-time: 19.999688
      system-time: 0.000000
      cpu-usage-per-instance: 99.998355
      max-rss: 512

...
