---
system-info:
      stress-ng-version: 0.17.08
      run-by: root
      date-yyyy-mm-dd: 2024:06:06
      time-hh-mm-ss: 08:25:24
      epoch-secs: 1717662324
      hostname: a8cb55831bf2
      sysname: Linux
      nodename: a8cb55831bf2
      release: 6.8.0-1008-aws
      version: '#8-Ubuntu SMP Sat Apr 20 02:43:14 UTC 2024'
      machine: aarch64
      compiler: 'musl-gcc 13.2.1'
      uptime: 128
      totalram: 134781476864
      freeram: 129954484224
      sharedram: 36286464
      bufferram: 80678912
      totalswap: 0
      freeswap: 0
      pagesize: 4096
      cpus: 64
      cpus-online: 64
      ticks-per-second: 100

metrics:
    - stressor: cpu
      bogo-ops: 2940
      bogo-ops-per-second-usr-sys-time: 293.899339
      bogo-ops-per-second-real-time: 293.892983
      wall-clock-time: 10.003641
      user-time: 10.001426
      system-time: 0.001999
      cpu-usage-per-instance: 99.997837
      max-rss: 3584

...
