---
system-info:
      stress-ng-version: 0.17.08
      run-by: root
      date-yyyy-mm-dd: 2024:09:24
      time-hh-mm-ss: 04:00:23
      epoch-secs: 1727150423
      hostname: c4-standard-192-99baf84
      sysname: Linux
      nodename: c4-standard-192-99baf84
      release: 6.8.0-1014-gcp
      version: '#16-Ubuntu SMP Mon Aug 26 15:55:46 UTC 2024'
      machine: x86_64
      compiler: 'musl-gcc 13.2.1'
      uptime: 239
      totalram: 760821903360
      freeram: 747601977344
      sharedram: 1093259264
      bufferram: 253857792
      totalswap: 0
      freeswap: 0
      pagesize: 4096
      cpus: 192
      cpus-online: 192
      ticks-per-second: 100

metrics:
    - stressor: cpu
      bogo-ops: 41917
      bogo-ops-per-second-usr-sys-time: 2095.896215
      bogo-ops-per-second-real-time: 2095.846352
      wall-clock-time: 20.000035
      user-time: 19.999559
      system-time: 0.000000
      cpu-usage-per-instance: 99.997621
      max-rss: 0

...
