---
system-info:
      stress-ng-version: 0.17.08
      run-by: root
      date-yyyy-mm-dd: 2024:06:12
      time-hh-mm-ss: 23:56:04
      epoch-secs: 1718236564
      hostname: 92139aef708a
      sysname: Linux
      nodename: 92139aef708a
      release: 6.8.0-1008-aws
      version: '#8-Ubuntu SMP Sat Apr 20 00:46:25 UTC 2024'
      machine: x86_64
      compiler: 'musl-gcc 13.2.1'
      uptime: 141
      totalram: 33086922752
      freeram: 28640014336
      sharedram: 59908096
      bufferram: 113172480
      totalswap: 0
      freeswap: 0
      pagesize: 4096
      cpus: 16
      cpus-online: 16
      ticks-per-second: 100

metrics:
    - stressor: cpu
      bogo-ops: 37810
      bogo-ops-per-second-usr-sys-time: 1890.494990
      bogo-ops-per-second-real-time: 1890.497070
      wall-clock-time: 20.000031
      user-time: 20.000053
      system-time: 0.000000
      cpu-usage-per-instance: 100.000110
      max-rss: 1104

...
