---
system-info:
      stress-ng-version: 0.17.08
      run-by: root
      date-yyyy-mm-dd: 2024:06:06
      time-hh-mm-ss: 09:56:20
      epoch-secs: 1717667780
      hostname: cdaf9326f6c9
      sysname: Linux
      nodename: cdaf9326f6c9
      release: 6.8.0-1008-aws
      version: '#8-Ubuntu SMP Sat Apr 20 00:46:25 UTC 2024'
      machine: x86_64
      compiler: 'musl-gcc 13.2.1'
      uptime: 114
      totalram: 33086947328
      freeram: 28863016960
      sharedram: 59908096
      bufferram: 82493440
      totalswap: 0
      freeswap: 0
      pagesize: 4096
      cpus: 16
      cpus-online: 16
      ticks-per-second: 100

metrics:
    - stressor: cpu
      bogo-ops: 16574
      bogo-ops-per-second-usr-sys-time: 1657.362875
      bogo-ops-per-second-real-time: 1657.364832
      wall-clock-time: 10.000212
      user-time: 10.000224
      system-time: 0.000000
      cpu-usage-per-instance: 100.000118
      max-rss: 3920

...
