---
system-info:
      stress-ng-version: 0.17.08
      run-by: root
      date-yyyy-mm-dd: 2024:08:30
      time-hh-mm-ss: 10:32:39
      epoch-secs: 1725013959
      hostname: sc-runner
      sysname: Linux
      nodename: sc-runner
      release: 6.8.0-1013-azure
      version: '#15-Ubuntu SMP Thu Aug  8 18:40:40 UTC 2024'
      machine: x86_64
      compiler: 'musl-gcc 13.2.1'
      uptime: 524
      totalram: 16767492096
      freeram: 8367968256
      sharedram: 42156032
      bufferram: 198647808
      totalswap: 0
      freeswap: 0
      pagesize: 4096
      cpus: 2
      cpus-online: 2
      ticks-per-second: 100

metrics:
    - stressor: cpu
      bogo-ops: 16689
      bogo-ops-per-second-usr-sys-time: 428.040382
      bogo-ops-per-second-real-time: 834.338882
      wall-clock-time: 20.002664
      user-time: 38.513757
      system-time: 0.475555
      cpu-usage-per-instance: 97.460300
      max-rss: 3128

...
