---
system-info:
      stress-ng-version: 0.17.08
      run-by: root
      date-yyyy-mm-dd: 2024:06:05
      time-hh-mm-ss: 13:03:20
      epoch-secs: 1717592600
      hostname: 5fe0fb17e3ff
      sysname: Linux
      nodename: 5fe0fb17e3ff
      release: 6.8.0-1008-aws
      version: '#8-Ubuntu SMP Sat Apr 20 00:46:25 UTC 2024'
      machine: x86_64
      compiler: 'musl-gcc 13.2.1'
      uptime: 131
      totalram: 31494287360
      freeram: 27327123456
      sharedram: 27648000
      bufferram: 77045760
      totalswap: 0
      freeswap: 0
      pagesize: 4096
      cpus: 16
      cpus-online: 16
      ticks-per-second: 100

metrics:
    - stressor: cpu
      bogo-ops: 184221
      bogo-ops-per-second-usr-sys-time: 1153.665934
      bogo-ops-per-second-real-time: 18418.697328
      wall-clock-time: 10.001847
      user-time: 159.656711
      system-time: 0.026430
      cpu-usage-per-instance: 99.783529
      max-rss: 3920

...
