---
system-info:
      stress-ng-version: 0.17.08
      run-by: root
      date-yyyy-mm-dd: 2024:06:14
      time-hh-mm-ss: 02:49:21
      epoch-secs: 1718333361
      hostname: f0fec5caf9c3
      sysname: Linux
      nodename: f0fec5caf9c3
      release: 6.8.0-1008-aws
      version: '#8-Ubuntu SMP Sat Apr 20 00:46:25 UTC 2024'
      machine: x86_64
      compiler: 'musl-gcc 13.2.1'
      uptime: 136
      totalram: 31494336512
      freeram: 27052793856
      sharedram: 27648000
      bufferram: 107270144
      totalswap: 0
      freeswap: 0
      pagesize: 4096
      cpus: 16
      cpus-online: 16
      ticks-per-second: 100

metrics:
    - stressor: cpu
      bogo-ops: 304486
      bogo-ops-per-second-usr-sys-time: 952.795887
      bogo-ops-per-second-real-time: 15224.229606
      wall-clock-time: 20.000092
      user-time: 319.558792
      system-time: 0.012277
      cpu-usage-per-instance: 99.865497
      max-rss: 1104

...
