---
system-info:
      stress-ng-version: 0.17.08
      run-by: root
      date-yyyy-mm-dd: 2024:07:09
      time-hh-mm-ss: 18:54:32
      epoch-secs: 1720551272
      hostname: ip-172-31-3-68
      sysname: Linux
      nodename: ip-172-31-3-68
      release: 6.8.0-1009-aws
      version: '#9-Ubuntu SMP Fri May 17 20:15:49 UTC 2024'
      machine: aarch64
      compiler: 'musl-gcc 13.2.1'
      uptime: 184
      totalram: 796894748672
      freeram: 791015104512
      sharedram: 40239104
      bufferram: 133734400
      totalswap: 0
      freeswap: 0
      pagesize: 4096
      cpus: 96
      cpus-online: 96
      ticks-per-second: 100

metrics:
    - stressor: cpu
      bogo-ops: 3270308
      bogo-ops-per-second-usr-sys-time: 1703.922375
      bogo-ops-per-second-real-time: 163514.846759
      wall-clock-time: 20.000068
      user-time: 1919.260284
      system-time: 0.021984
      cpu-usage-per-instance: 99.962280
      max-rss: 768

...
