BaselineInfo:
  WebDBID: -1
  TimeStamp: 20241107101841
Version:
  Major: 11
  Minor: 0
  Build: 1002
  SpecialBuildName: ""
  ptArchitecture: aarch64_linux
Results:
  Results Complete: true
  NumTestProcesses: 4
  CPU_INTEGER_MATH: 18776.163
  CPU_FLOATINGPOINT_MATH: 14236.517003157967
  CPU_PRIME: 35.581459464483757
  CPU_SORTING: 13498.498897780888
  CPU_ENCRYPTION: 648.53326606704661
  CPU_COMPRESSION: 21859.588924668518
  CPU_SINGLETHREAD: 1320.2027224107885
  CPU_PHYSICS: 651.78868239169128
  CPU_MATRIX_MULT_SSE: 2957.465505724876
  CPU_mm: 496.55163842135687
  CPU_sse: 2470.196208980642
  CPU_fma: 3444.7348024691096
  CPU_avx: 0
  CPU_avx512: 0
  m_CPU_enc_SHA: 977137552.44797325
  m_CPU_enc_AES: 450812224.05655098
  m_CPU_enc_ECDSA: 612159477.49403429
  ME_ALLOC_S: 2850.503330446084
  ME_READ_S: 11288.701171875
  ME_READ_L: 8670.7431640625
  ME_WRITE: 14816.0234375
  ME_LARGE: 6068
  ME_LATENCY: 71.007308502357418
  ME_THREADED: 33991.8037109375
  SUMM_CPU: 3191.3093276381273
  SUMM_ME: 1642.9625989837364
SystemInformation:
  OSName: Ubuntu 24.04.1 LTS
  Kernel: 6.8.0-1015-gcp
  Device: ""
  Processor: ARM Neoverse-N1 4 Core 0 MHz
  NumSockets: 1
  Manufacturer: ARM
  NumCores: 4
  NumLogicals: 4
  CPUFrequency: 0
  Memory: 15955
Checksum: C5385D9575EF07FB1863419546F051E3CDFD97D1