BaselineInfo:
  WebDBID: -1
  TimeStamp: 20250418001449
Version:
  Major: 11
  Minor: 0
  Build: 1002
  SpecialBuildName: ""
  ptArchitecture: x86_64_linux
Results:
  Results Complete: true
  NumTestProcesses: 32
  CPU_INTEGER_MATH: 153128.114
  CPU_FLOATINGPOINT_MATH: 108530.96146391596
  CPU_PRIME: 315.48958188272593
  CPU_SORTING: 74341.424500061301
  CPU_ENCRYPTION: 33955.445594942183
  CPU_COMPRESSION: 546566.66546906042
  CPU_SINGLETHREAD: 2923.8458992594246
  CPU_PHYSICS: 7174.9923197140115
  CPU_MATRIX_MULT_SSE: 46848.407287600639
  CPU_mm: 4331.6981568661777
  CPU_sse: 18773.964786823217
  CPU_fma: 52276.243196109252
  CPU_avx: 39599.198348368358
  CPU_avx512: 76744.222819101735
  m_CPU_enc_SHA: 35635161557.308846
  m_CPU_enc_AES: 46359122162.060211
  m_CPU_enc_ECDSA: 24820312241.117195
  ME_ALLOC_S: 13629.574846098192
  ME_READ_S: 26859.954687500001
  ME_READ_L: 7035.111328125
  ME_WRITE: 6524.1533203125
  ME_LARGE: 118742.58333333333
  ME_LATENCY: 104.73095823291995
  ME_THREADED: 135684.716796875
  SUMM_CPU: 47243.557100953105
  SUMM_ME: 1699.6384900680557
SystemInformation:
  OSName: Ubuntu 24.04.2 LTS
  Kernel: 6.8.0-1021-azure
  Device: ""
  Processor: INTEL XEON PLATINUM 8573C
  NumSockets: 1
  Manufacturer: GenuineIntel
  NumCores: 16
  NumLogicals: 32
  CPUFrequency: 2300
  Memory: 128802
  MemModuleInfo:
    iNumMemSticks: 3
    DIMM 1:
      manufacturer: Microsoft Corporation
      modulePartNo: None
      memType: Unknown
      size: 1
      clkspeed: 0
      moduleVoltage: 0
    DIMM 2:
      manufacturer: Microsoft Corporation
      modulePartNo: None
      memType: Unknown
      size: 59
      clkspeed: 0
      moduleVoltage: 0
    DIMM 3:
      manufacturer: Microsoft Corporation
      modulePartNo: None
      memType: Unknown
      size: 68
      clkspeed: 0
      moduleVoltage: 0
Checksum: 627FFE81A4B07F9211C1E79B17B93A5BF722715E