---
system-info:
      stress-ng-version: 0.17.08
      run-by: root
      date-yyyy-mm-dd: 2024:06:14
      time-hh-mm-ss: 22:19:45
      epoch-secs: 1718403585
      hostname: 93175d7c9f60
      sysname: Linux
      nodename: 93175d7c9f60
      release: 6.8.0-31-generic
      version: '#31-Ubuntu SMP PREEMPT_DYNAMIC Sat Apr 20 00:40:06 UTC 2024'
      machine: x86_64
      compiler: 'musl-gcc 13.2.1'
      uptime: 108
      totalram: 65834954752
      freeram: 62109175808
      sharedram: 38064128
      bufferram: 126730240
      totalswap: 0
      freeswap: 0
      pagesize: 4096
      cpus: 16
      cpus-online: 16
      ticks-per-second: 100

metrics:
    - stressor: cpu
      bogo-ops: 61336
      bogo-ops-per-second-usr-sys-time: 3066.822541
      bogo-ops-per-second-real-time: 3066.788447
      wall-clock-time: 20.000075
      user-time: 19.997854
      system-time: 0.001999
      cpu-usage-per-instance: 99.998888
      max-rss: 1104

...
