---
system-info:
      stress-ng-version: 0.17.08
      run-by: root
      date-yyyy-mm-dd: 2024:06:10
      time-hh-mm-ss: 07:53:04
      epoch-secs: 1718005984
      hostname: a6991929adde
      sysname: Linux
      nodename: a6991929adde
      release: 6.8.0-31-generic
      version: '#31-Ubuntu SMP PREEMPT_DYNAMIC Sat Apr 20 00:40:06 UTC 2024'
      machine: x86_64
      compiler: 'musl-gcc 13.2.1'
      uptime: 96
      totalram: 65834954752
      freeram: 61996609536
      sharedram: 38055936
      bufferram: 137019392
      totalswap: 0
      freeswap: 0
      pagesize: 4096
      cpus: 16
      cpus-online: 16
      ticks-per-second: 100

metrics:
    - stressor: cpu
      bogo-ops: 17763
      bogo-ops-per-second-usr-sys-time: 1776.150626
      bogo-ops-per-second-real-time: 1776.178505
      wall-clock-time: 10.000684
      user-time: 9.998842
      system-time: 0.001999
      cpu-usage-per-instance: 100.001570
      max-rss: 3920

...
