---
system-info:
      stress-ng-version: 0.17.08
      run-by: root
      date-yyyy-mm-dd: 2024:06:16
      time-hh-mm-ss: 07:21:31
      epoch-secs: 1718522491
      hostname: 2717dc531ea1
      sysname: Linux
      nodename: 2717dc531ea1
      release: 6.8.0-1008-aws
      version: '#8-Ubuntu SMP Sat Apr 20 00:46:25 UTC 2024'
      machine: x86_64
      compiler: 'musl-gcc 13.2.1'
      uptime: 193
      totalram: 962793472
      freeram: 170582016
      sharedram: 11616256
      bufferram: 50475008
      totalswap: 0
      freeswap: 0
      pagesize: 4096
      cpus: 2
      cpus-online: 2
      ticks-per-second: 100

metrics:
    - stressor: cpu
      bogo-ops: 11828
      bogo-ops-per-second-usr-sys-time: 591.681196
      bogo-ops-per-second-real-time: 591.395389
      wall-clock-time: 20.000156
      user-time: 19.989496
      system-time: 0.000999
      cpu-usage-per-instance: 99.951696
      max-rss: 976

...
