---
system-info:
      stress-ng-version: 0.17.08
      run-by: root
      date-yyyy-mm-dd: 2024:06:10
      time-hh-mm-ss: 04:56:06
      epoch-secs: 1717995366
      hostname: 871ca658627d
      sysname: Linux
      nodename: 871ca658627d
      release: 6.8.0-1008-aws
      version: '#8-Ubuntu SMP Sat Apr 20 00:46:25 UTC 2024'
      machine: x86_64
      compiler: 'musl-gcc 13.2.1'
      uptime: 174
      totalram: 962797568
      freeram: 138051584
      sharedram: 11616256
      bufferram: 50081792
      totalswap: 0
      freeswap: 0
      pagesize: 4096
      cpus: 2
      cpus-online: 2
      ticks-per-second: 100

metrics:
    - stressor: cpu
      bogo-ops: 9839
      bogo-ops-per-second-usr-sys-time: 983.741716
      bogo-ops-per-second-real-time: 983.519940
      wall-clock-time: 10.003864
      user-time: 9.998613
      system-time: 0.002996
      cpu-usage-per-instance: 99.977456
      max-rss: 3920

...
