"size","threads","connections","rps","latency","failed","server_usr","server_sys","client_usr","client_sys"
"1k",64,64,1521395,0.000039850,0,118.08,209.38,66.75,251.99
"1k",64,128,2267839,0.000267970,0,106.72,196.40,50.96,235.39
"1k",64,256,2169178,0.000106280,0,114.85,202.13,56.69,245.61
"1k",64,512,2689667,0.000176040,0,118.55,212.56,54.31,248.14
"1k",64,1024,3289705,0.000516740,0,128.88,213.80,53.28,244.82
"1k",64,2048,3338636,0.000785510,0,132.42,218.28,49.93,241.69
"1k",128,128,1481887,0.000084180,0,113.58,228.69,64.57,240.14
"1k",128,256,1896092,0.000131860,0,108.44,210.86,58.85,245.66
"1k",128,512,2206366,0.000235610,0,107.55,211.50,60.94,266.80
"1k",128,1024,2289840,0.000550090,0,105.20,209.89,60.59,272.62
"1k",128,2048,2429839,0.000980000,0,111.94,218.89,56.99,262.18
"1k",256,256,1812485,0.000140710,0,108.12,213.91,60.63,258.87
"1k",256,512,1985819,0.000276010,0,106.48,217.02,61.08,264.89
"1k",256,1024,2104373,0.000610920,0,104.60,216.27,58.14,269.36
"1k",256,2048,2070752,0.001090000,0,103.64,220.90,57.69,266.76
"16k",64,64,1278031,0.000047890,0,113.32,195.12,59.16,267.45
"16k",64,128,1752442,0.000076440,0,98.05,196.55,47.13,237.27
"16k",64,256,1730104,0.000133110,0,109.22,206.33,51.60,252.88
"16k",64,512,2054689,0.000227740,0,111.00,218.17,49.49,254.31
"16k",64,1024,2413340,0.000589630,0,110.67,225.11,47.84,258.98
"16k",64,2048,2282476,0.000980000,0,115.29,222.48,46.00,260.97
"16k",128,128,1277159,0.000098050,0,109.40,210.57,61.19,264.57
"16k",128,256,1527825,0.000163640,0,105.07,209.80,54.32,255.37
"16k",128,512,1734362,0.000296470,0,105.47,218.75,53.88,268.61
"16k",128,1024,1757653,0.000678940,0,101.96,220.43,52.91,272.98
"16k",128,2048,1784239,0.001260000,0,103.95,227.44,51.25,268.72
"16k",256,256,1485008,0.000174430,0,104.53,212.87,56.94,267.35
"16k",256,512,1596328,0.000341070,0,102.96,219.33,55.99,272.32
"16k",256,1024,1595638,0.000750240,0,99.28,221.56,54.82,274.71
"16k",256,2048,1527342,0.001420000,0,100.77,229.17,52.71,272.19
"64k",64,64,754865,0.000082480,0,89.81,188.07,46.18,309.97
"64k",64,128,855829,0.000140650,0,86.53,188.91,38.46,247.29
"64k",64,256,1021913,0.000227130,0,100.07,216.92,39.45,262.92
"64k",64,512,1045355,0.000433040,0,102.98,220.98,36.20,279.54
"64k",64,1024,927367,0.000930000,0,99.36,216.50,31.83,296.25
"64k",64,2048,920940,0.001870000,0,93.64,219.74,31.78,299.33
"64k",128,128,796100,0.000158640,0,90.19,214.31,51.47,291.54
"64k",128,256,928851,0.000268790,0,95.91,212.68,44.51,276.34
"64k",128,512,966300,0.000524580,0,99.80,222.37,42.21,283.28
"64k",128,1024,965071,0.001110000,0,96.44,224.87,41.25,286.21
"64k",128,2048,935094,0.002200000,0,95.55,229.67,39.52,290.21
"64k",256,256,1001427,0.000255740,0,100.80,205.75,47.52,296.12
"64k",256,512,918198,0.000576350,0,95.42,221.17,45.24,290.44
"64k",256,1024,908711,0.001200000,0,94.29,226.34,44.67,288.74
"64k",256,2048,878234,0.002360000,0,94.85,230.95,44.42,286.58
"256k",64,64,347277,0.000185990,0,89.35,201.56,41.50,304.53
"256k",64,128,333183,0.000417200,0,115.41,211.87,32.72,247.68
"256k",64,256,292022,0.000787390,0,110.91,219.91,26.30,271.98
"256k",64,512,271308,0.001550000,0,96.05,214.14,23.34,308.76
"256k",64,1024,261094,0.003080000,0,80.24,198.80,22.48,344.02
"256k",128,128,337035,0.000380790,0,128.98,213.37,39.99,265.69
"256k",128,256,294778,0.000844920,0,114.34,226.32,31.53,275.55
"256k",128,512,293776,0.001710000,0,107.94,232.58,29.57,279.78
"256k",128,1024,283242,0.003490000,0,96.33,228.36,27.84,297.37
"256k",256,256,292355,0.000870000,0,112.39,218.04,35.35,284.87
"256k",256,512,300439,0.001700000,0,109.00,235.54,34.17,274.05
"256k",256,1024,299462,0.003400000,0,107.76,238.93,33.93,274.40
"512k",64,64,163722,0.000387670,0,118.86,250.14,29.44,247.70
"512k",64,128,142916,0.000844190,0,95.91,267.47,23.90,237.58
"512k",64,256,124767,0.001720000,0,70.60,247.37,19.32,296.40
"512k",64,512,121154,0.003290000,0,66.00,234.51,18.27,325.36
"512k",64,1024,118017,0.006000000,0,63.26,223.43,17.42,345.52
"512k",128,128,133126,0.000960000,0,101.98,253.64,24.35,269.04
"512k",128,256,134670,0.001840000,0,78.86,277.60,23.12,267.78
"512k",128,512,129873,0.003800000,0,71.87,265.91,21.53,290.70
"512k",128,1024,124096,0.007830000,0,62.45,246.96,18.92,322.61
"512k",256,256,145753,0.001760000,0,80.88,294.19,28.39,251.87
"512k",256,512,142535,0.003570000,0,82.93,291.28,26.04,254.14
"512k",256,1024,137024,0.007420000,0,80.63,279.83,25.09,267.85
