---
system-info:
      stress-ng-version: 0.17.08
      run-by: root
      date-yyyy-mm-dd: 2024:09:02
      time-hh-mm-ss: 16:47:12
      epoch-secs: 1725295632
      hostname: sc-runner
      sysname: Linux
      nodename: sc-runner
      release: 6.8.0-1013-azure
      version: '#15-Ubuntu SMP Thu Aug  8 18:40:40 UTC 2024'
      machine: x86_64
      compiler: 'musl-gcc 13.2.1'
      uptime: 373
      totalram: 4102078464
      freeram: 274796544
      sharedram: 42037248
      bufferram: 191479808
      totalswap: 0
      freeswap: 0
      pagesize: 4096
      cpus: 2
      cpus-online: 2
      ticks-per-second: 100

metrics:
    - stressor: cpu
      bogo-ops: 36937
      bogo-ops-per-second-usr-sys-time: 934.542623
      bogo-ops-per-second-real-time: 1846.836559
      wall-clock-time: 20.000146
      user-time: 39.507194
      system-time: 0.016953
      cpu-usage-per-instance: 98.809648
      max-rss: 1104

...
