---
system-info:
      stress-ng-version: 0.17.08
      run-by: root
      date-yyyy-mm-dd: 2024:09:14
      time-hh-mm-ss: 05:06:25
      epoch-secs: 1726290385
      hostname: ip-172-31-11-87
      sysname: Linux
      nodename: ip-172-31-11-87
      release: 6.8.0-1014-aws
      version: '#15-Ubuntu SMP Thu Aug  8 19:13:06 UTC 2024'
      machine: x86_64
      compiler: 'musl-gcc 13.2.1'
      uptime: 193
      totalram: 4328985587712
      freeram: 4314197336064
      sharedram: 117252096
      bufferram: 224198656
      totalswap: 0
      freeswap: 0
      pagesize: 4096
      cpus: 128
      cpus-online: 128
      ticks-per-second: 100

metrics:
    - stressor: cpu
      bogo-ops: 2498636
      bogo-ops-per-second-usr-sys-time: 976.378428
      bogo-ops-per-second-real-time: 124931.352990
      wall-clock-time: 20.000072
      user-time: 2559.042654
      system-time: 0.042971
      cpu-usage-per-instance: 99.963925
      max-rss: 0

...
