BaselineInfo:
  WebDBID: -1
  TimeStamp: 20241107203917
Version:
  Major: 11
  Minor: 0
  Build: 1002
  SpecialBuildName: ""
  ptArchitecture: x86_64_linux
Results:
  Results Complete: true
  NumTestProcesses: 8
  CPU_INTEGER_MATH: 19931.143666666667
  CPU_FLOATINGPOINT_MATH: 11837.679009098823
  CPU_PRIME: 56.615421650948967
  CPU_SORTING: 13238.176668158381
  CPU_ENCRYPTION: 1928.7032141687935
  CPU_COMPRESSION: 89988.767217891669
  CPU_SINGLETHREAD: 1996.3241446499242
  CPU_PHYSICS: 859.11414386422962
  CPU_MATRIX_MULT_SSE: 4005.0850419286253
  CPU_mm: 604.64754457050651
  CPU_sse: 2489.2823208977352
  CPU_fma: 5494.1756369152699
  CPU_avx: 4031.7971679728712
  CPU_avx512: 0
  m_CPU_enc_SHA: 871031057.41586244
  m_CPU_enc_AES: 4407651093.6005678
  m_CPU_enc_ECDSA: 788493553.48433971
  ME_ALLOC_S: 2274.35092843047
  ME_READ_S: 21709.761132812499
  ME_READ_L: 7445.3046875
  ME_WRITE: 6131.72265625
  ME_LARGE: 22069.916666666668
  ME_LATENCY: 66.5040894283879
  ME_THREADED: 37827.390625
  SUMM_CPU: 6439.678691579059
  SUMM_ME: 1835.7695844825503
SystemInformation:
  OSName: Ubuntu 24.04.1 LTS
  Kernel: 6.8.0-1017-azure
  Device: ""
  Processor: Intel Xeon CPU E5-2673 v4 @ 2.30GHz
  NumSockets: 1
  Manufacturer: GenuineIntel
  NumCores: 4
  NumLogicals: 8
  CPUFrequency: 0
  Memory: 32092
  MemModuleInfo:
    iNumMemSticks: 2
    DIMM 1:
      manufacturer: Microsoft Corporation
      modulePartNo: None
      memType: Unknown
      size: 1
      clkspeed: 0
      moduleVoltage: 0
    DIMM 2:
      manufacturer: Microsoft Corporation
      modulePartNo: None
      memType: Unknown
      size: 31
      clkspeed: 0
      moduleVoltage: 0
Checksum: D5CC4669A400EA837610B9572D1931CF26FED2E0