---
system-info:
      stress-ng-version: 0.17.08
      run-by: root
      date-yyyy-mm-dd: 2024:06:10
      time-hh-mm-ss: 05:55:24
      epoch-secs: 1717998924
      hostname: 775a2286c304
      sysname: Linux
      nodename: 775a2286c304
      release: 6.8.0-1008-aws
      version: '#8-Ubuntu SMP Sat Apr 20 00:46:25 UTC 2024'
      machine: x86_64
      compiler: 'musl-gcc 13.2.1'
      uptime: 126
      totalram: 33265283072
      freeram: 28734316544
      sharedram: 29200384
      bufferram: 116588544
      totalswap: 0
      freeswap: 0
      pagesize: 4096
      cpus: 4
      cpus-online: 4
      ticks-per-second: 100

metrics:
    - stressor: cpu
      bogo-ops: 17952
      bogo-ops-per-second-usr-sys-time: 1794.994114
      bogo-ops-per-second-real-time: 1794.949692
      wall-clock-time: 10.001395
      user-time: 9.999147
      system-time: 0.002000
      cpu-usage-per-instance: 99.997525
      max-rss: 3920

...
