---
system-info:
      stress-ng-version: 0.17.08
      run-by: root
      date-yyyy-mm-dd: 2024:06:16
      time-hh-mm-ss: 08:24:28
      epoch-secs: 1718526268
      hostname: 8468c7f57991
      sysname: Linux
      nodename: 8468c7f57991
      release: 6.8.0-1008-aws
      version: '#8-Ubuntu SMP Sat Apr 20 00:46:25 UTC 2024'
      machine: x86_64
      compiler: 'musl-gcc 13.2.1'
      uptime: 149
      totalram: 33265274880
      freeram: 28896215040
      sharedram: 29200384
      bufferram: 111108096
      totalswap: 0
      freeswap: 0
      pagesize: 4096
      cpus: 4
      cpus-online: 4
      ticks-per-second: 100

metrics:
    - stressor: cpu
      bogo-ops: 33142
      bogo-ops-per-second-usr-sys-time: 1657.167612
      bogo-ops-per-second-real-time: 1657.090775
      wall-clock-time: 20.000111
      user-time: 19.998184
      system-time: 0.001000
      cpu-usage-per-instance: 99.995363
      max-rss: 1104

...
