---
system-info:
      stress-ng-version: 0.17.08
      run-by: root
      date-yyyy-mm-dd: 2024:09:15
      time-hh-mm-ss: 21:02:11
      epoch-secs: 1726434131
      hostname: sc-runner
      sysname: Linux
      nodename: sc-runner
      release: 6.8.0-1014-azure
      version: '#16-Ubuntu SMP Thu Aug 15 20:04:41 UTC 2024'
      machine: x86_64
      compiler: 'musl-gcc 13.2.1'
      uptime: 454
      totalram: 8323645440
      freeram: 303509504
      sharedram: 42029056
      bufferram: 206639104
      totalswap: 0
      freeswap: 0
      pagesize: 4096
      cpus: 2
      cpus-online: 2
      ticks-per-second: 100

metrics:
    - stressor: cpu
      bogo-ops: 24935
      bogo-ops-per-second-usr-sys-time: 1246.938849
      bogo-ops-per-second-real-time: 1246.742331
      wall-clock-time: 20.000123
      user-time: 19.994972
      system-time: 0.001999
      cpu-usage-per-instance: 99.984240
      max-rss: 3152

...
