---
system-info:
      stress-ng-version: 0.17.08
      run-by: root
      date-yyyy-mm-dd: 2024:06:14
      time-hh-mm-ss: 21:51:56
      epoch-secs: 1718401916
      hostname: 81924ab76e9d
      sysname: Linux
      nodename: 81924ab76e9d
      release: 6.8.0-31-generic
      version: '#31-Ubuntu SMP PREEMPT_DYNAMIC Sat Apr 20 00:40:06 UTC 2024'
      machine: x86_64
      compiler: 'musl-gcc 13.2.1'
      uptime: 120
      totalram: 32859475968
      freeram: 29239398400
      sharedram: 21340160
      bufferram: 122744832
      totalswap: 0
      freeswap: 0
      pagesize: 4096
      cpus: 16
      cpus-online: 16
      ticks-per-second: 100

metrics:
    - stressor: cpu
      bogo-ops: 355151
      bogo-ops-per-second-usr-sys-time: 1111.669259
      bogo-ops-per-second-real-time: 17757.499844
      wall-clock-time: 20.000056
      user-time: 319.435368
      system-time: 0.040049
      cpu-usage-per-instance: 99.835786
      max-rss: 1104

...
