---
system-info:
      stress-ng-version: 0.17.08
      run-by: root
      date-yyyy-mm-dd: 2024:06:07
      time-hh-mm-ss: 22:02:36
      epoch-secs: 1717797756
      hostname: 506dcb0f2776
      sysname: Linux
      nodename: 506dcb0f2776
      release: 6.8.0-31-generic
      version: '#31-Ubuntu SMP PREEMPT_DYNAMIC Sat Apr 20 00:40:06 UTC 2024'
      machine: x86_64
      compiler: 'musl-gcc 13.2.1'
      uptime: 112
      totalram: 32859484160
      freeram: 29304209408
      sharedram: 21340160
      bufferram: 108277760
      totalswap: 0
      freeswap: 0
      pagesize: 4096
      cpus: 16
      cpus-online: 16
      ticks-per-second: 100

metrics:
    - stressor: cpu
      bogo-ops: 183400
      bogo-ops-per-second-usr-sys-time: 1148.705437
      bogo-ops-per-second-real-time: 18337.225816
      wall-clock-time: 10.001513
      user-time: 159.594992
      system-time: 0.062997
      cpu-usage-per-instance: 99.771149
      max-rss: 4176

...
