BaselineInfo:
  WebDBID: -1
  TimeStamp: 20260624150507
Version:
  Major: 11
  Minor: 0
  Build: 1004
  SpecialBuildName: ""
  ptArchitecture: x86_64_linux
Results:
  Results Complete: true
  NumTestProcesses: 2
  CPU_INTEGER_MATH: 10198.629333333332
  CPU_FLOATINGPOINT_MATH: 7060.9391339312879
  CPU_PRIME: 21.715000821475797
  CPU_SORTING: 4941.8544553062266
  CPU_ENCRYPTION: 2152.6796538966678
  CPU_COMPRESSION: 38132.151667206141
  CPU_SINGLETHREAD: 2979.3696083768809
  CPU_PHYSICS: 459.89084505479218
  CPU_MATRIX_MULT_SSE: 2378.5179468679971
  CPU_mm: 260.4270637766524
  CPU_sse: 1124.7959423742795
  CPU_fma: 2998.4100147493755
  CPU_avx: 2293.0392321636136
  CPU_avx512: 3097.8265981847208
  m_CPU_enc_SHA: 2281513817.9522538
  m_CPU_enc_AES: 2918695332.6969447
  m_CPU_enc_ECDSA: 1571535511.6438584
  ME_ALLOC_S: 1018.7693646864667
  ME_READ_S: 27691.440039062501
  ME_READ_L: 19126.951171875
  ME_WRITE: 8142.38330078125
  ME_LARGE: 2100
  ME_LATENCY: 81.185927634270215
  ME_THREADED: 28406.796875
  SUMM_CPU: 3831.4250256143305
  SUMM_ME: 1513.2894347227827
SystemInformation:
  OSName: Ubuntu 24.04.4 LTS
  Kernel: 6.17.0-1018-azure
  Device: ""
  Processor: Intel(R) Xeon(R) 6973P-C
  NumSockets: 1
  Manufacturer: GenuineIntel
  NumCores: 1
  NumLogicals: 2
  CPUFrequency: 2600
  CPUMaxFrequency: 2600
  Memory: 3911
  CPUInfo:
    number: 1
    Family: 6
    Model: 13
    stepping: 1
    features: 529267711
    manufacture: GenuineIntel
    typestring: Intel(R) Xeon(R) 6973P-C
    iCoresPerPackage: 1
    iThreadsPerPackage: 2
    featuresEx:
      - 529267711
      - 4294586915
      - 739248128
    bHybrid: false
    nPCore: 0
    nLogicalsPerPCore: 0
    nECore: 0
    nLogicalsPerECore: 0
  MemModuleInfo:
    iNumMemSticks: 2
    DIMM 1:
      manufacturer: Microsoft Corporation
      modulePartNo: None
      memType: Unknown
      size: 1
      clkspeed: 0
      moduleVoltage: 0
    DIMM 2:
      manufacturer: Microsoft Corporation
      modulePartNo: None
      memType: Unknown
      size: 3
      clkspeed: 0
      moduleVoltage: 0
Checksum: 6646135103F7CEBB559ECF37EDC9AE5F6FBB1B12