---
system-info:
      stress-ng-version: 0.17.08
      run-by: root
      date-yyyy-mm-dd: 2024:06:08
      time-hh-mm-ss: 19:28:34
      epoch-secs: 1717874914
      hostname: 5741559ab025
      sysname: Linux
      nodename: 5741559ab025
      release: 6.8.0-1008-aws
      version: '#8-Ubuntu SMP Sat Apr 20 00:46:25 UTC 2024'
      machine: x86_64
      compiler: 'musl-gcc 13.2.1'
      uptime: 120
      totalram: 198337032192
      freeram: 193613266944
      sharedram: 37171200
      bufferram: 105414656
      totalswap: 0
      freeswap: 0
      pagesize: 4096
      cpus: 48
      cpus-online: 48
      ticks-per-second: 100

metrics:
    - stressor: cpu
      bogo-ops: 17007
      bogo-ops-per-second-usr-sys-time: 1700.522295
      bogo-ops-per-second-real-time: 1700.530121
      wall-clock-time: 10.000999
      user-time: 10.000046
      system-time: 0.000999
      cpu-usage-per-instance: 100.000460
      max-rss: 3840

...
