---
system-info:
      stress-ng-version: 0.17.08
      run-by: root
      date-yyyy-mm-dd: 2024:06:15
      time-hh-mm-ss: 03:41:43
      epoch-secs: 1718422903
      hostname: b333ab8e5a19
      sysname: Linux
      nodename: b333ab8e5a19
      release: 6.8.0-1008-aws
      version: '#8-Ubuntu SMP Sat Apr 20 00:46:25 UTC 2024'
      machine: x86_64
      compiler: 'musl-gcc 13.2.1'
      uptime: 134
      totalram: 198337040384
      freeram: 193572118528
      sharedram: 37171200
      bufferram: 109973504
      totalswap: 0
      freeswap: 0
      pagesize: 4096
      cpus: 48
      cpus-online: 48
      ticks-per-second: 100

metrics:
    - stressor: cpu
      bogo-ops: 61429
      bogo-ops-per-second-usr-sys-time: 3071.508052
      bogo-ops-per-second-real-time: 3071.443007
      wall-clock-time: 20.000046
      user-time: 19.999622
      system-time: 0.000000
      cpu-usage-per-instance: 99.997882
      max-rss: 1152

...
