size_kb,operation,bandwidth_mb_s,latency_ns,latency_stddev_ns,latency_samples,threads,iterations,elapsed_s
32,read,6510743.79,0,0,0,96,356125,0.164094
32,write,7727515.00,0,0,0,96,574712,0.223116
32,copy,5373391.11,0,0,0,96,297265,0.165965
32,latency,0,2.15,0.03,7,1,7,0.310676
128,read,5409538.39,0,0,0,96,148986,0.330496
128,write,6779855.28,0,0,0,96,134553,0.238152
128,copy,4072995.77,0,0,0,96,113843,0.335408
128,latency,0,2.87,0.00,7,1,7,0.571555
1024,read,4810432.55,0,0,0,96,16304,0.325373
1024,write,6760559.16,0,0,0,96,20868,0.296326
1024,copy,1398582.26,0,0,0,96,11977,0.822113
1024,latency,0,5.69,0.01,7,1,7,0.689145
2048,read,1754889.26,0,0,0,96,6297,0.688946
2048,write,2519372.82,0,0,0,96,10379,0.790978
2048,copy,391967.67,0,0,0,96,3992,1.955427
2048,latency,0,9.00,0.03,7,1,7,0.660142
4096,read,834971.64,0,0,0,96,2250,1.034766
4096,write,837624.59,0,0,0,96,4903,2.247728
4096,copy,269424.09,0,0,0,96,1760,2.508462
4096,latency,0,19.16,0.09,7,1,7,0.689616
8192,read,589316.88,0,0,0,96,1002,1.305810
8192,write,551000.24,0,0,0,96,2189,3.051091
8192,copy,227532.41,0,0,0,96,858,2.896045
8192,latency,0,24.16,0.01,7,1,7,0.674410
16384,read,515151.19,0,0,0,96,474,1.413302
16384,write,464949.20,0,0,0,96,989,3.267247
16384,copy,211787.38,0,0,0,96,435,3.154862
16384,latency,0,26.31,0.02,7,1,7,0.699486
32768,read,487767.22,0,0,0,96,227,1.429666
32768,write,427021.66,0,0,0,96,523,3.762470
32768,copy,211620.94,0,0,0,96,212,3.077503
32768,latency,0,27.82,0.20,7,1,7,0.683737
65536,read,476081.99,0,0,0,96,123,1.587357
65536,write,419477.33,0,0,0,96,255,3.734934
65536,copy,211731.66,0,0,0,96,106,3.075893
65536,latency,0,77.49,1.37,7,1,7,3.494810
131072,read,469843.00,0,0,0,96,62,1.621512
131072,write,419487.74,0,0,0,96,127,3.720195
131072,copy,211682.84,0,0,0,96,52,3.018554
131072,latency,0,98.19,0.31,7,1,7,8.825503
