BaselineInfo:
  WebDBID: -1
  TimeStamp: 20260405060614
Version:
  Major: 11
  Minor: 0
  Build: 1004
  SpecialBuildName: ""
  ptArchitecture: x86_64_linux
Results:
  Results Complete: true
  NumTestProcesses: 24
  CPU_INTEGER_MATH: 58872.324333333345
  CPU_FLOATINGPOINT_MATH: 31706.741389258554
  CPU_PRIME: 88.526029762648605
  CPU_SORTING: 35604.358465500212
  CPU_ENCRYPTION: 8175.2771605737917
  CPU_COMPRESSION: 271028.59937226045
  CPU_SINGLETHREAD: 1691.1236899875826
  CPU_PHYSICS: 1799.2082462620617
  CPU_MATRIX_MULT_SSE: 18644.185724698993
  CPU_mm: 1793.4700643167178
  CPU_sse: 6424.5034957727312
  CPU_fma: 21945.66950650897
  CPU_avx: 15511.040883017638
  CPU_avx512: 30695.529013496624
  m_CPU_enc_SHA: 2668829197.0095716
  m_CPU_enc_AES: 20631807614.576797
  m_CPU_enc_ECDSA: 2416561460.1910992
  ME_ALLOC_S: 6457.0770625875302
  ME_READ_S: 19480.517773437499
  ME_READ_L: 6798.48681640625
  ME_WRITE: 7025.36083984375
  ME_LARGE: 179171.41666666666
  ME_LATENCY: 77.170685459189329
  ME_THREADED: 95949.177734375
  SUMM_CPU: 18392.831727287121
  SUMM_ME: 1856.0648174588609
SystemInformation:
  OSName: Ubuntu 24.04.4 LTS
  Kernel: 6.8.0-106-generic
  Device: ""
  Processor: Intel(R) Xeon(R) Platinum 8269CY CPU @ 2.50GHz
  NumSockets: 1
  Manufacturer: GenuineIntel
  NumCores: 12
  NumLogicals: 24
  CPUFrequency: 2500
  CPUMaxFrequency: 3800
  Memory: 192712
  CPUInfo:
    number: 1
    Family: 6
    Model: 5
    stepping: 7
    features: 529267711
    manufacture: GenuineIntel
    typestring: Intel(R) Xeon(R) Platinum 8269CY CPU @ 2.50GHz
    iCoresPerPackage: 12
    iThreadsPerPackage: 2
    featuresEx:
      - 529267711
      - 4294586883
      - 739248128
    bHybrid: false
    nPCore: 0
    nLogicalsPerPCore: 0
    nECore: 0
    nLogicalsPerECore: 0
  MemModuleInfo:
    iNumMemSticks: 12
    DIMM 1:
      manufacturer: Alibaba Cloud
      modulePartNo: Not Specified
      memType: RAM
      size: 16
      clkspeed: 0
      moduleVoltage: 0
    DIMM 2:
      manufacturer: Alibaba Cloud
      modulePartNo: Not Specified
      memType: RAM
      size: 16
      clkspeed: 0
      moduleVoltage: 0
    DIMM 3:
      manufacturer: Alibaba Cloud
      modulePartNo: Not Specified
      memType: RAM
      size: 16
      clkspeed: 0
      moduleVoltage: 0
    DIMM 4:
      manufacturer: Alibaba Cloud
      modulePartNo: Not Specified
      memType: RAM
      size: 16
      clkspeed: 0
      moduleVoltage: 0
    DIMM 5:
      manufacturer: Alibaba Cloud
      modulePartNo: Not Specified
      memType: RAM
      size: 16
      clkspeed: 0
      moduleVoltage: 0
    DIMM 6:
      manufacturer: Alibaba Cloud
      modulePartNo: Not Specified
      memType: RAM
      size: 16
      clkspeed: 0
      moduleVoltage: 0
    DIMM 7:
      manufacturer: Alibaba Cloud
      modulePartNo: Not Specified
      memType: RAM
      size: 16
      clkspeed: 0
      moduleVoltage: 0
    DIMM 8:
      manufacturer: Alibaba Cloud
      modulePartNo: Not Specified
      memType: RAM
      size: 16
      clkspeed: 0
      moduleVoltage: 0
    DIMM 9:
      manufacturer: Alibaba Cloud
      modulePartNo: Not Specified
      memType: RAM
      size: 16
      clkspeed: 0
      moduleVoltage: 0
    DIMM 10:
      manufacturer: Alibaba Cloud
      modulePartNo: Not Specified
      memType: RAM
      size: 16
      clkspeed: 0
      moduleVoltage: 0
    DIMM 11:
      manufacturer: Alibaba Cloud
      modulePartNo: Not Specified
      memType: RAM
      size: 16
      clkspeed: 0
      moduleVoltage: 0
    DIMM 12:
      manufacturer: Alibaba Cloud
      modulePartNo: Not Specified
      memType: RAM
      size: 16
      clkspeed: 0
      moduleVoltage: 0
Checksum: C1583F52D67AA5F88F993184AA1FC1728E48471E