BaselineInfo:
  WebDBID: -1
  TimeStamp: 20241115112348
Version:
  Major: 11
  Minor: 0
  Build: 1002
  SpecialBuildName: ""
  ptArchitecture: aarch64_linux
Results:
  Results Complete: true
  NumTestProcesses: 1
  CPU_INTEGER_MATH: 4713.5006666666668
  CPU_FLOATINGPOINT_MATH: 4685.5296845076682
  CPU_PRIME: 12.480238015875637
  CPU_SORTING: 3838.503433017569
  CPU_ENCRYPTION: 133.43295542945384
  CPU_COMPRESSION: 5001.6354224417173
  CPU_SINGLETHREAD: 1445.6134948628337
  CPU_PHYSICS: 281.72082935036019
  CPU_MATRIX_MULT_SSE: 822.2190384692409
  CPU_mm: 107.32549565748248
  CPU_sse: 692.93340863478579
  CPU_fma: 951.50466830369601
  CPU_avx: 0
  CPU_avx512: 0
  m_CPU_enc_SHA: 207188793.30909753
  m_CPU_enc_AES: 79581286.297080576
  m_CPU_enc_ECDSA: 132973704.41100685
  ME_ALLOC_S: 1000.6657817813198
  ME_READ_S: 19366.711718750001
  ME_READ_L: 18688.7265625
  ME_WRITE: 19222.37890625
  ME_LARGE: 556
  ME_LATENCY: 51.570737794443424
  ME_THREADED: 18693.88671875
  SUMM_CPU: 767.25972778471203
  SUMM_ME: 985.15781607571762
SystemInformation:
  OSName: Ubuntu 24.04.1 LTS
  Kernel: 6.8.0-1018-aws
  Device: ""
  Processor: ARM Neoverse-V1 1 Core 0 MHz
  NumSockets: 1
  Manufacturer: ARM
  NumCores: 1
  NumLogicals: 1
  CPUFrequency: 0
  Memory: 7764
Checksum: 9B94BA186700E24E9878AE78C6ECB2ECDFDD0BC8