BaselineInfo:
  WebDBID: -1
  TimeStamp: 20241111090314
Version:
  Major: 11
  Minor: 0
  Build: 1002
  SpecialBuildName: ""
  ptArchitecture: aarch64_linux
Results:
  Results Complete: true
  NumTestProcesses: 1
  CPU_INTEGER_MATH: 4710.9446666666672
  CPU_FLOATINGPOINT_MATH: 4679.6098323139813
  CPU_PRIME: 12.569853793949449
  CPU_SORTING: 3871.0450861070876
  CPU_ENCRYPTION: 134.54448471880764
  CPU_COMPRESSION: 5160.3919634299382
  CPU_SINGLETHREAD: 1451.265718602559
  CPU_PHYSICS: 281.53566269755788
  CPU_MATRIX_MULT_SSE: 819.79535574692545
  CPU_mm: 106.81402578381419
  CPU_sse: 687.62590055576561
  CPU_fma: 951.96481093808518
  CPU_avx: 0
  CPU_avx512: 0
  m_CPU_enc_SHA: 208211273.00585991
  m_CPU_enc_AES: 80242124.060355216
  m_CPU_enc_ECDSA: 134786955.75931019
  ME_ALLOC_S: 996.62967492783002
  ME_READ_S: 19391.334765625001
  ME_READ_L: 18681.015625
  ME_WRITE: 19371.3046875
  ME_LARGE: 484.33333333333331
  ME_LATENCY: 51.941171111024239
  ME_THREADED: 18628.421875
  SUMM_CPU: 777.21588698403446
  SUMM_ME: 907.38539978709161
SystemInformation:
  OSName: Ubuntu 24.04.1 LTS
  Kernel: 6.8.0-1016-aws
  Device: ""
  Processor: ARM Neoverse-V1 1 Core 0 MHz
  NumSockets: 1
  Manufacturer: ARM
  NumCores: 1
  NumLogicals: 1
  CPUFrequency: 0
  Memory: 7764
Checksum: 17DC71ED6AE5AB2E1178EE2DF21B076ECD45099F