BaselineInfo:
  WebDBID: -1
  TimeStamp: 20241114192213
Version:
  Major: 11
  Minor: 0
  Build: 1002
  SpecialBuildName: ""
  ptArchitecture: aarch64_linux
Results:
  Results Complete: true
  NumTestProcesses: 1
  CPU_INTEGER_MATH: 4715.6306666666669
  CPU_FLOATINGPOINT_MATH: 4670.6755905374403
  CPU_PRIME: 12.302276914690419
  CPU_SORTING: 3837.511470105414
  CPU_ENCRYPTION: 134.60251568792128
  CPU_COMPRESSION: 5177.7370363022037
  CPU_SINGLETHREAD: 1450.8917062971154
  CPU_PHYSICS: 281.31351506716106
  CPU_MATRIX_MULT_SSE: 820.48615579232728
  CPU_mm: 107.31316164518361
  CPU_sse: 689.92932208425475
  CPU_fma: 951.04298950039993
  CPU_avx: 0
  CPU_avx512: 0
  m_CPU_enc_SHA: 208387485.91130805
  m_CPU_enc_AES: 80228726.308577925
  m_CPU_enc_ECDSA: 134806690.2500473
  ME_ALLOC_S: 986.38211093711743
  ME_READ_S: 19387.0205078125
  ME_READ_L: 18615.53125
  ME_WRITE: 19384.951171875
  ME_LARGE: 562.41666666666663
  ME_LATENCY: 53.136372748995022
  ME_THREADED: 18627.86328125
  SUMM_CPU: 777.69177188491949
  SUMM_ME: 986.22730073532307
SystemInformation:
  OSName: Ubuntu 24.04.1 LTS
  Kernel: 6.8.0-1018-aws
  Device: ""
  Processor: ARM Neoverse-V1 1 Core 0 MHz
  NumSockets: 1
  Manufacturer: ARM
  NumCores: 1
  NumLogicals: 1
  CPUFrequency: 0
  Memory: 7764
Checksum: ED98250A842065A73C8C25D3F3368ADC1C96ABFF