---
system-info:
      stress-ng-version: 0.17.08
      run-by: root
      date-yyyy-mm-dd: 2024:07:26
      time-hh-mm-ss: 08:44:44
      epoch-secs: 1721983484
      hostname: a3-highgpu-8g-8308fd7
      sysname: Linux
      nodename: a3-highgpu-8g-8308fd7
      release: 6.8.0-1010-gcp
      version: '#11-Ubuntu SMP Fri Jun 14 16:56:45 UTC 2024'
      machine: x86_64
      compiler: 'musl-gcc 13.2.1'
      uptime: 182
      totalram: 1978434248704
      freeram: 1968363524096
      sharedram: 223715328
      bufferram: 130338816
      totalswap: 0
      freeswap: 0
      pagesize: 4096
      cpus: 208
      cpus-online: 208
      ticks-per-second: 100

metrics:
    - stressor: cpu
      bogo-ops: 3343416
      bogo-ops-per-second-usr-sys-time: 804.094689
      bogo-ops-per-second-real-time: 167169.951489
      wall-clock-time: 20.000102
      user-time: 4157.882965
      system-time: 0.104951
      cpu-usage-per-instance: 99.951125
      max-rss: 0

...
