BaselineInfo:
  WebDBID: -1
  TimeStamp: 20241107223922
Version:
  Major: 11
  Minor: 0
  Build: 1002
  SpecialBuildName: ""
  ptArchitecture: x86_64_linux
Results:
  Results Complete: true
  NumTestProcesses: 8
  CPU_INTEGER_MATH: 24838.592666666667
  CPU_FLOATINGPOINT_MATH: 13356.461212108501
  CPU_PRIME: 51.393548507994474
  CPU_SORTING: 13064.226341093863
  CPU_ENCRYPTION: 3432.2382584035968
  CPU_COMPRESSION: 110746.40278146071
  CPU_SINGLETHREAD: 2019.4614065665864
  CPU_PHYSICS: 962.97875105566447
  CPU_MATRIX_MULT_SSE: 7321.129136852569
  CPU_mm: 758.29338225624485
  CPU_sse: 2709.0477315041626
  CPU_fma: 8868.4677869898314
  CPU_avx: 6281.4720022833917
  CPU_avx512: 11425.529026632892
  m_CPU_enc_SHA: 1125624243.9256649
  m_CPU_enc_AES: 8661575605.8519135
  m_CPU_enc_ECDSA: 1009688142.353853
  ME_ALLOC_S: 2941.9722607748863
  ME_READ_S: 24402.306835937499
  ME_READ_L: 11651.037109375
  ME_WRITE: 9664.8037109375
  ME_LARGE: 22054.666666666668
  ME_LATENCY: 48.943467951546694
  ME_THREADED: 45112.57568359375
  SUMM_CPU: 8550.4563972357755
  SUMM_ME: 2484.246345487029
SystemInformation:
  OSName: Ubuntu 24.04.1 LTS
  Kernel: 6.8.0-1017-azure
  Device: ""
  Processor: Intel Xeon Platinum 8272CL CPU @ 2.60GHz
  NumSockets: 1
  Manufacturer: GenuineIntel
  NumCores: 4
  NumLogicals: 8
  CPUFrequency: 0
  Memory: 32092
  MemModuleInfo:
    iNumMemSticks: 2
    DIMM 1:
      manufacturer: Microsoft Corporation
      modulePartNo: None
      memType: Unknown
      size: 1
      clkspeed: 0
      moduleVoltage: 0
    DIMM 2:
      manufacturer: Microsoft Corporation
      modulePartNo: None
      memType: Unknown
      size: 31
      clkspeed: 0
      moduleVoltage: 0
Checksum: FD5D19E3A38FDF1189946721E72EDA087D8D3A37