BaselineInfo:
  WebDBID: -1
  TimeStamp: 20260621210347
Version:
  Major: 11
  Minor: 0
  Build: 1004
  SpecialBuildName: ""
  ptArchitecture: x86_64_linux
Results:
  Results Complete: true
  NumTestProcesses: 32
  CPU_INTEGER_MATH: 212414.06066666669
  CPU_FLOATINGPOINT_MATH: 123753.59318069971
  CPU_PRIME: 282.34394176825896
  CPU_SORTING: 92969.215025723737
  CPU_ENCRYPTION: 40625.80990751474
  CPU_COMPRESSION: 733886.98642771214
  CPU_SINGLETHREAD: 3821.2246196095066
  CPU_PHYSICS: 6134.8017914158045
  CPU_MATRIX_MULT_SSE: 57934.447988609012
  CPU_mm: 5543.3605637057617
  CPU_sse: 20853.4381887323
  CPU_fma: 62139.692914422434
  CPU_avx: 60473.390235944273
  CPU_avx512: 88271.270615337096
  m_CPU_enc_SHA: 51268982031.983162
  m_CPU_enc_AES: 41756509588.11837
  m_CPU_enc_ECDSA: 34772256128.644951
  ME_ALLOC_S: 19311.779559420524
  ME_READ_S: 34050.464453125001
  ME_READ_L: 30644.20703125
  ME_WRITE: 30499.818359375
  ME_LARGE: 1021090.4166666666
  ME_LATENCY: 80.044857218234156
  ME_THREADED: 113321.84716796875
  SUMM_CPU: 58692.463624234719
  SUMM_ME: 2882.2320925244462
SystemInformation:
  OSName: Ubuntu 24.04.4 LTS
  Kernel: 6.17.0-1018-azure
  Device: ""
  Processor: "AMD EPYC 9V45 96-Core Processor                "
  NumSockets: 1
  Manufacturer: AuthenticAMD
  NumCores: 16
  NumLogicals: 32
  CPUFrequency: 0
  CPUMaxFrequency: 0
  Memory: 1032067
  CPUInfo:
    number: 1
    Family: 15
    Model: 2
    stepping: 1
    features: 395049983
    manufacture: AuthenticAMD
    typestring: "AMD EPYC 9V45 96-Core Processor                "
    iCoresPerPackage: 16
    iThreadsPerPackage: 2
    featuresEx:
      - 395049983
      - 4277809667
      - 802421759
    bHybrid: false
    nPCore: 0
    nLogicalsPerPCore: 0
    nECore: 0
    nLogicalsPerECore: 0
  MemModuleInfo:
    iNumMemSticks: 5
    DIMM 1:
      manufacturer: Microsoft Corporation
      modulePartNo: None
      memType: Unknown
      size: 1
      clkspeed: 0
      moduleVoltage: 0
    DIMM 2:
      manufacturer: Microsoft Corporation
      modulePartNo: None
      memType: Unknown
      size: 59
      clkspeed: 0
      moduleVoltage: 0
    DIMM 3:
      manufacturer: Microsoft Corporation
      modulePartNo: None
      memType: Unknown
      size: 452
      clkspeed: 0
      moduleVoltage: 0
    DIMM 4:
      manufacturer: Microsoft Corporation
      modulePartNo: None
      memType: Unknown
      size: 496
      clkspeed: 0
      moduleVoltage: 0
    DIMM 5:
      manufacturer: Microsoft Corporation
      modulePartNo: None
      memType: Unknown
      size: 16
      clkspeed: 0
      moduleVoltage: 0
Checksum: 02C41B86287DF14EDF650EFB7D3E71536D6BA637