BaselineInfo:
  WebDBID: -1
  TimeStamp: 20241108231920
Version:
  Major: 11
  Minor: 0
  Build: 1002
  SpecialBuildName: ""
  ptArchitecture: x86_64_linux
Results:
  Results Complete: true
  NumTestProcesses: 8
  CPU_INTEGER_MATH: 29041.129999999997
  CPU_FLOATINGPOINT_MATH: 15317.911177528387
  CPU_PRIME: 67.919854817263499
  CPU_SORTING: 16135.096002735605
  CPU_ENCRYPTION: 3694.9363816190566
  CPU_COMPRESSION: 113722.80683310033
  CPU_SINGLETHREAD: 1992.7590148170932
  CPU_PHYSICS: 1265.5679986985981
  CPU_MATRIX_MULT_SSE: 4487.6414360356212
  CPU_mm: 750.61046657919951
  CPU_sse: 3050.7461941703732
  CPU_fma: 0
  CPU_avx: 5924.5366779008691
  CPU_avx512: 0
  m_CPU_enc_SHA: 1142789737.0342834
  m_CPU_enc_AES: 9455582481.6381588
  m_CPU_enc_ECDSA: 1024892615.2053105
  ME_ALLOC_S: 3356.0170095218855
  ME_READ_S: 20584.660742187501
  ME_READ_L: 10313.7861328125
  ME_WRITE: 9257.73046875
  ME_LARGE: 51450.833333333336
  ME_LATENCY: 71.081098986478395
  ME_THREADED: 51123.734375
  SUMM_CPU: 8839.6546103594846
  SUMM_ME: 2084.9409277619998
SystemInformation:
  OSName: Ubuntu 24.04.1 LTS
  Kernel: 6.8.0-1016-aws
  Device: ""
  Processor: Intel Xeon CPU E5-2670 v2 @ 2.50GHz
  NumSockets: 1
  Manufacturer: GenuineIntel
  NumCores: 4
  NumLogicals: 8
  CPUFrequency: 0
  Memory: 61311
  MemModuleInfo:
    iNumMemSticks: 4
    DIMM 1:
      manufacturer: Not Specified
      modulePartNo: Not Specified
      memType: RAM
      size: 16
      clkspeed: 0
      moduleVoltage: 0
    DIMM 2:
      manufacturer: Not Specified
      modulePartNo: Not Specified
      memType: RAM
      size: 16
      clkspeed: 0
      moduleVoltage: 0
    DIMM 3:
      manufacturer: Not Specified
      modulePartNo: Not Specified
      memType: RAM
      size: 16
      clkspeed: 0
      moduleVoltage: 0
    DIMM 4:
      manufacturer: Not Specified
      modulePartNo: Not Specified
      memType: RAM
      size: 13348
      clkspeed: 0
      moduleVoltage: 0
Checksum: C464862B3A15A361CD83824E7D21BB33EEB3FCA6