size_kb,operation,bandwidth_mb_s,latency_ns,latency_stddev_ns,latency_samples,threads,iterations,elapsed_s
32,read,223275.63,0,0,0,2,612744,0.171521
32,write,200251.83,0,0,0,2,737463,0.230167
32,copy,180629.98,0,0,0,2,609755,0.210982
32,latency,0,1.83,0.01,7,1,7,0.263217
128,read,180289.43,0,0,0,2,160462,0.222506
128,write,200050.28,0,0,0,2,184638,0.230739
128,copy,150713.57,0,0,0,2,123092,0.204182
128,latency,0,2.10,0.00,7,1,7,0.585602
1024,read,171564.58,0,0,0,2,22614,0.263621
1024,write,198562.48,0,0,0,2,25005,0.251860
1024,copy,103433.93,0,0,0,2,16792,0.324690
1024,latency,0,4.63,0.00,7,1,7,0.707610
2048,read,146868.59,0,0,0,2,11164,0.304054
2048,write,195649.13,0,0,0,2,12315,0.251777
2048,copy,63103.54,0,0,0,2,5718,0.362452
2048,latency,0,8.71,0.05,7,1,7,0.687184
4096,read,102737.89,0,0,0,2,4668,0.363488
4096,write,116743.13,0,0,0,2,5487,0.376005
4096,copy,47222.58,0,0,0,2,2338,0.396082
4096,latency,0,14.80,0.03,7,1,7,0.696561
16384,read,70231.51,0,0,0,2,924,0.421008
16384,write,72610.72,0,0,0,2,1096,0.483014
16384,copy,39849.93,0,0,0,2,549,0.440854
16384,latency,0,22.48,3.02,21,1,21,2.121831
32768,read,66082.33,0,0,0,2,386,0.373837
32768,write,68238.63,0,0,0,2,516,0.483949
32768,copy,37946.74,0,0,0,2,241,0.406464
32768,latency,0,25.32,6.84,21,1,21,1.508980
65536,read,63089.81,0,0,0,2,161,0.326645
65536,write,66266.20,0,0,0,2,258,0.498354
65536,copy,35260.59,0,0,0,2,115,0.417463
65536,latency,0,64.77,3.52,21,1,21,6.759726
131072,read,61953.99,0,0,0,2,75,0.309907
131072,write,65368.95,0,0,0,2,128,0.501278
131072,copy,34200.37,0,0,0,2,56,0.419177
131072,latency,0,77.57,1.60,7,1,7,6.948804
262144,read,61811.17,0,0,0,2,36,0.298199
262144,write,65187.25,0,0,0,2,63,0.494821
262144,copy,30402.93,0,0,0,1,29,0.244187
262144,latency,0,81.88,0.56,7,1,7,14.991641
