---
system-info:
      stress-ng-version: 0.17.08
      run-by: root
      date-yyyy-mm-dd: 2024:08:30
      time-hh-mm-ss: 10:33:12
      epoch-secs: 1725013992
      hostname: sc-runner
      sysname: Linux
      nodename: sc-runner
      release: 6.8.0-1013-azure
      version: '#15-Ubuntu SMP Thu Aug  8 18:40:40 UTC 2024'
      machine: x86_64
      compiler: 'musl-gcc 13.2.1'
      uptime: 557
      totalram: 16767492096
      freeram: 8356560896
      sharedram: 42151936
      bufferram: 200036352
      totalswap: 0
      freeswap: 0
      pagesize: 4096
      cpus: 2
      cpus-online: 2
      ticks-per-second: 100

metrics:
    - stressor: cpu
      bogo-ops: 8526
      bogo-ops-per-second-usr-sys-time: 426.302217
      bogo-ops-per-second-real-time: 426.268490
      wall-clock-time: 20.001478
      user-time: 19.958103
      system-time: 0.041793
      cpu-usage-per-instance: 99.992088
      max-rss: 3152

...
