---
system-info:
      stress-ng-version: 0.17.08
      run-by: root
      date-yyyy-mm-dd: 2024:09:17
      time-hh-mm-ss: 04:05:31
      epoch-secs: 1726545931
      hostname: sc-runner
      sysname: Linux
      nodename: sc-runner
      release: 6.8.0-1014-azure
      version: '#16-Ubuntu SMP Thu Aug 15 20:04:41 UTC 2024'
      machine: x86_64
      compiler: 'musl-gcc 13.2.1'
      uptime: 284
      totalram: 270250348544
      freeram: 257856643072
      sharedram: 55173120
      bufferram: 321130496
      totalswap: 0
      freeswap: 0
      pagesize: 4096
      cpus: 32
      cpus-online: 32
      ticks-per-second: 100

metrics:
    - stressor: cpu
      bogo-ops: 1204850
      bogo-ops-per-second-usr-sys-time: 1883.226694
      bogo-ops-per-second-real-time: 60242.333233
      wall-clock-time: 20.000055
      user-time: 639.760568
      system-time: 0.019021
      cpu-usage-per-instance: 99.965284
      max-rss: 3080

...
