---
system-info:
      stress-ng-version: 0.17.08
      run-by: root
      date-yyyy-mm-dd: 2024:09:02
      time-hh-mm-ss: 21:19:45
      epoch-secs: 1725311985
      hostname: sc-runner
      sysname: Linux
      nodename: sc-runner
      release: 6.8.0-1013-azure
      version: '#15-Ubuntu SMP Thu Aug  8 18:40:40 UTC 2024'
      machine: x86_64
      compiler: 'musl-gcc 13.2.1'
      uptime: 305
      totalram: 4101046272
      freeram: 197009408
      sharedram: 54902784
      bufferram: 191565824
      totalswap: 0
      freeswap: 0
      pagesize: 4096
      cpus: 2
      cpus-online: 2
      ticks-per-second: 100

metrics:
    - stressor: cpu
      bogo-ops: 38582
      bogo-ops-per-second-usr-sys-time: 975.415766
      bogo-ops-per-second-real-time: 1929.092423
      wall-clock-time: 20.000079
      user-time: 39.542441
      system-time: 0.011974
      cpu-usage-per-instance: 98.885649
      max-rss: 3256

...
