BaselineInfo:
  WebDBID: -1
  TimeStamp: 20241114172813
Version:
  Major: 11
  Minor: 0
  Build: 1002
  SpecialBuildName: ""
  ptArchitecture: x86_64_linux
Results:
  Results Complete: true
  NumTestProcesses: 2
  CPU_INTEGER_MATH: 5139.0509999999995
  CPU_FLOATINGPOINT_MATH: 2708.3378865218683
  CPU_PRIME: 5.982837602304504
  CPU_SORTING: 3205.723257296373
  CPU_ENCRYPTION: 1605.7107556887295
  CPU_COMPRESSION: 21164.93372183849
  CPU_SINGLETHREAD: 1137.9721204128725
  CPU_PHYSICS: 182.50915704036549
  CPU_MATRIX_MULT_SSE: 783.77987472890027
  CPU_mm: 155.8093319854874
  CPU_sse: 632.45872329489475
  CPU_fma: 933.3535160443214
  CPU_avx: 785.52738484748443
  CPU_avx512: 0
  m_CPU_enc_SHA: 2272848919.2328482
  m_CPU_enc_AES: 1573689116.453918
  m_CPU_enc_ECDSA: 1204591248.3844295
  ME_ALLOC_S: 380.09955543326276
  ME_READ_S: 11446.6205078125
  ME_READ_L: 6693.818359375
  ME_WRITE: 5021.10205078125
  ME_LARGE: 683.91666666666663
  ME_LATENCY: 106.65857508832305
  ME_THREADED: 13058.50927734375
  SUMM_CPU: 1798.5973117957712
  SUMM_ME: 710.03329335743103
SystemInformation:
  OSName: Ubuntu 24.04.1 LTS
  Kernel: 6.8.0-1018-aws
  Device: ""
  Processor: AMD EPYC 7571
  NumSockets: 1
  Manufacturer: AuthenticAMD
  NumCores: 1
  NumLogicals: 2
  CPUFrequency: 0
  Memory: 3848
  MemModuleInfo:
    iNumMemSticks: 1
    DIMM 1:
      manufacturer: Not Specified
      modulePartNo: Not Specified
      memType: DDR4
      size: 4
      clkspeed: 1600
      moduleVoltage: 0
Checksum: ECD68FACFDF95B4C3C2CEBFBCBF26BC664E4D699