BaselineInfo:
  WebDBID: -1
  TimeStamp: 20241115204912
Version:
  Major: 11
  Minor: 0
  Build: 1002
  SpecialBuildName: ""
  ptArchitecture: x86_64_linux
Results:
  Results Complete: true
  NumTestProcesses: 2
  CPU_INTEGER_MATH: 5070.1099999999997
  CPU_FLOATINGPOINT_MATH: 2717.9211521700081
  CPU_PRIME: 8.5774534126083299
  CPU_SORTING: 3269.719760355707
  CPU_ENCRYPTION: 1616.0721994195201
  CPU_COMPRESSION: 21350.388175088927
  CPU_SINGLETHREAD: 1406.4918709798599
  CPU_PHYSICS: 211.19243152957588
  CPU_MATRIX_MULT_SSE: 766.32192311423478
  CPU_mm: 146.1054513481055
  CPU_sse: 625.81863838624065
  CPU_fma: 930.60874177025585
  CPU_avx: 742.53838918620772
  CPU_avx512: 0
  m_CPU_enc_SHA: 2287695018.7381268
  m_CPU_enc_AES: 1583580914.4310126
  m_CPU_enc_ECDSA: 1212447634.5664291
  ME_ALLOC_S: 497.08201497800661
  ME_READ_S: 14556.2744140625
  ME_READ_L: 10772.466796875
  ME_WRITE: 7681.228515625
  ME_LARGE: 632.41666666666663
  ME_LATENCY: 71.845796103749805
  ME_THREADED: 15432.2265625
  SUMM_CPU: 1849.4954020958967
  SUMM_ME: 848.09579755861921
SystemInformation:
  OSName: Ubuntu 24.04.1 LTS
  Kernel: 6.8.0-1018-aws
  Device: ""
  Processor: AMD EPYC 7571
  NumSockets: 1
  Manufacturer: AuthenticAMD
  NumCores: 1
  NumLogicals: 2
  CPUFrequency: 0
  Memory: 3848
  MemModuleInfo:
    iNumMemSticks: 1
    DIMM 1:
      manufacturer: Not Specified
      modulePartNo: Not Specified
      memType: DDR4
      size: 4
      clkspeed: 1333
      moduleVoltage: 0
Checksum: 90B2A4CD75C5A884E8834ED233009392C467C90E