BaselineInfo:
  WebDBID: -1
  TimeStamp: 20241106222000
Version:
  Major: 11
  Minor: 0
  Build: 1002
  SpecialBuildName: ""
  ptArchitecture: x86_64_linux
Results:
  Results Complete: true
  NumTestProcesses: 2
  CPU_INTEGER_MATH: 5110.3670000000002
  CPU_FLOATINGPOINT_MATH: 2699.2206116036659
  CPU_PRIME: 7.2760988092099819
  CPU_SORTING: 3160.5337187018504
  CPU_ENCRYPTION: 1603.524847437779
  CPU_COMPRESSION: 21293.986335864112
  CPU_SINGLETHREAD: 1284.0842123859838
  CPU_PHYSICS: 198.11487687908146
  CPU_MATRIX_MULT_SSE: 773.40640644656264
  CPU_mm: 156.26879231712763
  CPU_sse: 632.94539395194306
  CPU_fma: 933.98760428932894
  CPU_avx: 753.28622109841558
  CPU_avx512: 0
  m_CPU_enc_SHA: 2271978701.9070969
  m_CPU_enc_AES: 1573940475.9811592
  m_CPU_enc_ECDSA: 1198333833.3924937
  ME_ALLOC_S: 458.34531710113919
  ME_READ_S: 12770.179003906251
  ME_READ_L: 9172.2236328125
  ME_WRITE: 6563.626953125
  ME_LARGE: 591.91666666666663
  ME_LATENCY: 82.884281686845398
  ME_THREADED: 14814.4296875
  SUMM_CPU: 1822.0464409521057
  SUMM_ME: 768.25456271516157
SystemInformation:
  OSName: Ubuntu 24.04.1 LTS
  Kernel: 6.8.0-1016-aws
  Device: ""
  Processor: AMD EPYC 7571
  NumSockets: 1
  Manufacturer: AuthenticAMD
  NumCores: 1
  NumLogicals: 2
  CPUFrequency: 0
  Memory: 3848
  MemModuleInfo:
    iNumMemSticks: 1
    DIMM 1:
      manufacturer: Not Specified
      modulePartNo: Not Specified
      memType: DDR4
      size: 4
      clkspeed: 1333
      moduleVoltage: 0
Checksum: FE430E01CFB994772C6CC7C61DCC54954D84FF6B