BaselineInfo:
  WebDBID: -1
  TimeStamp: 20260617032715
Version:
  Major: 11
  Minor: 0
  Build: 1004
  SpecialBuildName: ""
  ptArchitecture: x86_64_linux
Results:
  Results Complete: true
  NumTestProcesses: 4
  CPU_INTEGER_MATH: 11666.104666666668
  CPU_FLOATINGPOINT_MATH: 6262.2875431744533
  CPU_PRIME: 29.759256009590576
  CPU_SORTING: 7374.9587304862398
  CPU_ENCRYPTION: 1614.1194102198679
  CPU_COMPRESSION: 54977.675027594552
  CPU_SINGLETHREAD: 1955.7868526458349
  CPU_PHYSICS: 533.54865725917909
  CPU_MATRIX_MULT_SSE: 3137.2256539900272
  CPU_mm: 355.30573381226418
  CPU_sse: 1265.1679185098351
  CPU_fma: 3924.2873354827452
  CPU_avx: 2772.0849558977779
  CPU_avx512: 4587.3624060697512
  m_CPU_enc_SHA: 527754969.36032659
  m_CPU_enc_AES: 4073430595.1603818
  m_CPU_enc_ECDSA: 476395059.55141622
  ME_ALLOC_S: 1419.0639127271174
  ME_READ_S: 22505.815234375001
  ME_READ_L: 9960.0146484375
  ME_WRITE: 9496.8642578125
  ME_LARGE: 3030.5
  ME_LATENCY: 54.748598627980378
  ME_THREADED: 23713.87060546875
  SUMM_CPU: 4268.0419803937057
  SUMM_ME: 1741.3078156202978
SystemInformation:
  OSName: Ubuntu 24.04.4 LTS
  Kernel: 6.8.0-117-generic
  Device: ""
  Processor: Intel(R) Xeon(R) Platinum 8269CY CPU @ 2.50GHz
  NumSockets: 1
  Manufacturer: GenuineIntel
  NumCores: 2
  NumLogicals: 4
  CPUFrequency: 0
  CPUMaxFrequency: 0
  Memory: 7270
  CPUInfo:
    number: 1
    Family: 6
    Model: 5
    stepping: 7
    features: 529267711
    manufacture: GenuineIntel
    typestring: Intel(R) Xeon(R) Platinum 8269CY CPU @ 2.50GHz
    iCoresPerPackage: 2
    iThreadsPerPackage: 2
    featuresEx:
      - 529267711
      - 4277809667
      - 739248128
    bHybrid: false
    nPCore: 0
    nLogicalsPerPCore: 0
    nECore: 0
    nLogicalsPerECore: 0
  MemModuleInfo:
    iNumMemSticks: 1
    DIMM 1:
      manufacturer: Alibaba Cloud
      modulePartNo: Not Specified
      memType: RAM
      size: 8
      clkspeed: 0
      moduleVoltage: 0
Checksum: 2C9AC21C4B2A83091DAA3041E448BEF3DCD150D2