---
system-info:
      stress-ng-version: 0.17.08
      run-by: root
      date-yyyy-mm-dd: 2024:09:16
      time-hh-mm-ss: 13:12:24
      epoch-secs: 1726492344
      hostname: sc-runner
      sysname: Linux
      nodename: sc-runner
      release: 6.8.0-1014-azure
      version: '#16-Ubuntu SMP Thu Aug 15 20:04:41 UTC 2024'
      machine: x86_64
      compiler: 'musl-gcc 13.2.1'
      uptime: 332
      totalram: 33650913280
      freeram: 23483658240
      sharedram: 42057728
      bufferram: 238342144
      totalswap: 0
      freeswap: 0
      pagesize: 4096
      cpus: 8
      cpus-online: 8
      ticks-per-second: 100

metrics:
    - stressor: cpu
      bogo-ops: 28232
      bogo-ops-per-second-usr-sys-time: 1411.631903
      bogo-ops-per-second-real-time: 1411.589853
      wall-clock-time: 20.000144
      user-time: 19.997549
      system-time: 0.001999
      cpu-usage-per-instance: 99.997021
      max-rss: 3152

...
