---
system-info:
      stress-ng-version: 0.17.08
      run-by: root
      date-yyyy-mm-dd: 2024:07:26
      time-hh-mm-ss: 15:27:44
      epoch-secs: 1722007664
      hostname: c3d-highmem-180-lssd-504cf4c
      sysname: Linux
      nodename: c3d-highmem-180-lssd-504cf4c
      release: 6.8.0-1011-gcp
      version: '#12-Ubuntu SMP Wed Jul 10 21:47:53 UTC 2024'
      machine: x86_64
      compiler: 'musl-gcc 13.2.1'
      uptime: 131
      totalram: 1521439182848
      freeram: 1515101306880
      sharedram: 36679680
      bufferram: 138903552
      totalswap: 0
      freeswap: 0
      pagesize: 4096
      cpus: 180
      cpus-online: 180
      ticks-per-second: 100

metrics:
    - stressor: cpu
      bogo-ops: 5542038
      bogo-ops-per-second-usr-sys-time: 1540.350038
      bogo-ops-per-second-real-time: 277101.183055
      wall-clock-time: 20.000052
      user-time: 3597.823226
      system-time: 0.084954
      cpu-usage-per-instance: 99.941635
      max-rss: 0

...
