---
system-info:
      stress-ng-version: 0.17.08
      run-by: root
      date-yyyy-mm-dd: 2024:09:16
      time-hh-mm-ss: 14:47:42
      epoch-secs: 1726498062
      hostname: sc-runner
      sysname: Linux
      nodename: sc-runner
      release: 6.8.0-1014-azure
      version: '#16-Ubuntu SMP Thu Aug 15 20:04:41 UTC 2024'
      machine: x86_64
      compiler: 'musl-gcc 13.2.1'
      uptime: 317
      totalram: 67423420416
      freeram: 57269129216
      sharedram: 42070016
      bufferram: 228057088
      totalswap: 0
      freeswap: 0
      pagesize: 4096
      cpus: 8
      cpus-online: 8
      ticks-per-second: 100

metrics:
    - stressor: cpu
      bogo-ops: 148546
      bogo-ops-per-second-usr-sys-time: 932.417419
      bogo-ops-per-second-real-time: 7427.263178
      wall-clock-time: 20.000099
      user-time: 159.282785
      system-time: 0.029983
      cpu-usage-per-instance: 99.569986
      max-rss: 3280

...
