---
system-info:
      stress-ng-version: 0.17.08
      run-by: root
      date-yyyy-mm-dd: 2024:06:07
      time-hh-mm-ss: 16:27:17
      epoch-secs: 1717777637
      hostname: 69de0bf81eb3
      sysname: Linux
      nodename: 69de0bf81eb3
      release: 6.8.0-1008-aws
      version: '#8-Ubuntu SMP Sat Apr 20 00:46:25 UTC 2024'
      machine: x86_64
      compiler: 'musl-gcc 13.2.1'
      uptime: 237
      totalram: 7795359744
      freeram: 3602702336
      sharedram: 32780288
      bufferram: 95014912
      totalswap: 0
      freeswap: 0
      pagesize: 4096
      cpus: 2
      cpus-online: 2
      ticks-per-second: 100

metrics:
    - stressor: cpu
      bogo-ops: 15586
      bogo-ops-per-second-usr-sys-time: 795.906144
      bogo-ops-per-second-real-time: 1557.990054
      wall-clock-time: 10.003915
      user-time: 19.569891
      system-time: 0.012820
      cpu-usage-per-instance: 97.875237
      max-rss: 3920

...
