---
system-info:
      stress-ng-version: 0.17.08
      run-by: root
      date-yyyy-mm-dd: 2024:06:14
      time-hh-mm-ss: 15:25:58
      epoch-secs: 1718378758
      hostname: 8a2f35c75bac
      sysname: Linux
      nodename: 8a2f35c75bac
      release: 6.8.0-1008-aws
      version: '#8-Ubuntu SMP Sat Apr 20 00:46:25 UTC 2024'
      machine: x86_64
      compiler: 'musl-gcc 13.2.1'
      uptime: 249
      totalram: 7795347456
      freeram: 3509559296
      sharedram: 32780288
      bufferram: 111026176
      totalswap: 0
      freeswap: 0
      pagesize: 4096
      cpus: 2
      cpus-online: 2
      ticks-per-second: 100

metrics:
    - stressor: cpu
      bogo-ops: 27799
      bogo-ops-per-second-usr-sys-time: 705.349241
      bogo-ops-per-second-real-time: 1389.935146
      wall-clock-time: 20.000214
      user-time: 39.403433
      system-time: 0.008249
      cpu-usage-per-instance: 98.528152
      max-rss: 1104

...
