BaselineInfo:
  WebDBID: -1
  TimeStamp: 20260620143311
Version:
  Major: 11
  Minor: 0
  Build: 1004
  SpecialBuildName: ""
  ptArchitecture: x86_64_linux
Results:
  Results Complete: true
  NumTestProcesses: 48
  CPU_INTEGER_MATH: 317335.06799999997
  CPU_FLOATINGPOINT_MATH: 184529.94820038206
  CPU_PRIME: 423.44566225982618
  CPU_SORTING: 133875.13094568974
  CPU_ENCRYPTION: 60082.975731453313
  CPU_COMPRESSION: 1051040.3561683996
  CPU_SINGLETHREAD: 3813.4187489967044
  CPU_PHYSICS: 9042.6446224610736
  CPU_MATRIX_MULT_SSE: 79970.305529497637
  CPU_mm: 7826.9820501411123
  CPU_sse: 29492.838019936149
  CPU_fma: 85980.168972772284
  CPU_avx: 83723.324152326255
  CPU_avx512: 120684.89097295587
  m_CPU_enc_SHA: 76531280382.566818
  m_CPU_enc_AES: 62035415571.296494
  m_CPU_enc_ECDSA: 50438003127.889839
  ME_ALLOC_S: 29064.383534323824
  ME_READ_S: 34079.819140624997
  ME_READ_L: 31144.302734375
  ME_WRITE: 30491.05078125
  ME_LARGE: 377261.16666666669
  ME_LATENCY: 80.123479035076841
  ME_THREADED: 188086.86474609375
  SUMM_CPU: 77976.447615785059
  SUMM_ME: 2921.5793454353616
SystemInformation:
  OSName: Ubuntu 24.04.4 LTS
  Kernel: 6.17.0-1018-azure
  Device: ""
  Processor: "AMD EPYC 9V45 96-Core Processor                "
  NumSockets: 1
  Manufacturer: AuthenticAMD
  NumCores: 24
  NumLogicals: 48
  CPUFrequency: 0
  CPUMaxFrequency: 0
  Memory: 386748
  CPUInfo:
    number: 1
    Family: 15
    Model: 2
    stepping: 1
    features: 395049983
    manufacture: AuthenticAMD
    typestring: "AMD EPYC 9V45 96-Core Processor                "
    iCoresPerPackage: 32
    iThreadsPerPackage: 2
    featuresEx:
      - 395049983
      - 4277809667
      - 802421759
    bHybrid: false
    nPCore: 0
    nLogicalsPerPCore: 0
    nECore: 0
    nLogicalsPerECore: 0
  MemModuleInfo:
    iNumMemSticks: 3
    DIMM 1:
      manufacturer: Microsoft Corporation
      modulePartNo: None
      memType: Unknown
      size: 1
      clkspeed: 0
      moduleVoltage: 0
    DIMM 2:
      manufacturer: Microsoft Corporation
      modulePartNo: None
      memType: Unknown
      size: 59
      clkspeed: 0
      moduleVoltage: 0
    DIMM 3:
      manufacturer: Microsoft Corporation
      modulePartNo: None
      memType: Unknown
      size: 324
      clkspeed: 0
      moduleVoltage: 0
Checksum: AE1BB21D0BB5E8EC93A1AF2F86DA623826851CDF