---
system-info:
      stress-ng-version: 0.17.08
      run-by: root
      date-yyyy-mm-dd: 2024:06:14
      time-hh-mm-ss: 16:55:49
      epoch-secs: 1718384149
      hostname: 9b4ca998941a
      sysname: Linux
      nodename: 9b4ca998941a
      release: 6.8.0-1008-aws
      version: '#8-Ubuntu SMP Sat Apr 20 00:46:25 UTC 2024'
      machine: x86_64
      compiler: 'musl-gcc 13.2.1'
      uptime: 173
      totalram: 33653243904
      freeram: 29244772352
      sharedram: 48517120
      bufferram: 110432256
      totalswap: 0
      freeswap: 0
      pagesize: 4096
      cpus: 8
      cpus-online: 8
      ticks-per-second: 100

metrics:
    - stressor: cpu
      bogo-ops: 23563
      bogo-ops-per-second-usr-sys-time: 1178.162194
      bogo-ops-per-second-real-time: 1178.145688
      wall-clock-time: 20.000073
      user-time: 19.998755
      system-time: 0.001038
      cpu-usage-per-instance: 99.998599
      max-rss: 1104

...
