---
system-info:
      stress-ng-version: 0.17.08
      run-by: root
      date-yyyy-mm-dd: 2024:06:08
      time-hh-mm-ss: 10:40:39
      epoch-secs: 1717843239
      hostname: 5844fc3e13f4
      sysname: Linux
      nodename: 5844fc3e13f4
      release: 6.8.0-1008-aws
      version: '#8-Ubuntu SMP Sat Apr 20 00:46:25 UTC 2024'
      machine: x86_64
      compiler: 'musl-gcc 13.2.1'
      uptime: 147
      totalram: 33653239808
      freeram: 29257650176
      sharedram: 48517120
      bufferram: 100503552
      totalswap: 0
      freeswap: 0
      pagesize: 4096
      cpus: 8
      cpus-online: 8
      ticks-per-second: 100

metrics:
    - stressor: cpu
      bogo-ops: 12742
      bogo-ops-per-second-usr-sys-time: 1273.387833
      bogo-ops-per-second-real-time: 1273.365784
      wall-clock-time: 10.006551
      user-time: 10.004299
      system-time: 0.002079
      cpu-usage-per-instance: 99.998268
      max-rss: 3920

...
