BaselineInfo:
  WebDBID: -1
  TimeStamp: 20260714171003
Version:
  Major: 11
  Minor: 0
  Build: 1004
  SpecialBuildName: ""
  ptArchitecture: x86_64_linux
Results:
  Results Complete: true
  NumTestProcesses: 8
  CPU_INTEGER_MATH: 53046.088000000003
  CPU_FLOATINGPOINT_MATH: 32322.921909969671
  CPU_PRIME: 122.58719111745194
  CPU_SORTING: 24716.482759050828
  CPU_ENCRYPTION: 10547.142113520853
  CPU_COMPRESSION: 192829.13575168097
  CPU_SINGLETHREAD: 3806.8862661083376
  CPU_PHYSICS: 1958.1170652326261
  CPU_MATRIX_MULT_SSE: 14999.119325897238
  CPU_mm: 1427.2740232807207
  CPU_sse: 5402.2334406799564
  CPU_fma: 16254.283896401626
  CPU_avx: 15850.434083089731
  CPU_avx512: 22489.525883417631
  m_CPU_enc_SHA: 13333439393.74457
  m_CPU_enc_AES: 10892611103.502228
  m_CPU_enc_ECDSA: 8952389769.23493
  ME_ALLOC_S: 5297.7376259938092
  ME_READ_S: 34081.755468750001
  ME_READ_L: 29839.173828125
  ME_WRITE: 30110.30078125
  ME_LARGE: 7242.583333333333
  ME_LATENCY: 81.20566244908828
  ME_THREADED: 50597.5
  SUMM_CPU: 18615.110007427724
  SUMM_ME: 2405.7409699955879
SystemInformation:
  OSName: Ubuntu 24.04.4 LTS
  Kernel: 6.17.0-1020-azure
  Device: ""
  Processor: "AMD EPYC 9V45 96-Core Processor                "
  NumSockets: 1
  Manufacturer: AuthenticAMD
  NumCores: 4
  NumLogicals: 8
  CPUFrequency: 0
  CPUMaxFrequency: 0
  Memory: 15988
  CPUInfo:
    number: 1
    Family: 15
    Model: 2
    stepping: 1
    features: 395049983
    manufacture: AuthenticAMD
    typestring: "AMD EPYC 9V45 96-Core Processor                "
    iCoresPerPackage: 8
    iThreadsPerPackage: 2
    featuresEx:
      - 395049983
      - 4277809667
      - 802421759
    bHybrid: false
    nPCore: 0
    nLogicalsPerPCore: 0
    nECore: 0
    nLogicalsPerECore: 0
  MemModuleInfo:
    iNumMemSticks: 2
    DIMM 1:
      manufacturer: Microsoft Corporation
      modulePartNo: None
      memType: Unknown
      size: 1
      clkspeed: 0
      moduleVoltage: 0
    DIMM 2:
      manufacturer: Microsoft Corporation
      modulePartNo: None
      memType: Unknown
      size: 15
      clkspeed: 0
      moduleVoltage: 0
Checksum: A822ABF8E46C6A2B4D71927DFFF62DDF37C3EF43