---
system-info:
      stress-ng-version: 0.17.08
      run-by: root
      date-yyyy-mm-dd: 2024:06:13
      time-hh-mm-ss: 17:20:16
      epoch-secs: 1718299216
      hostname: 8b3d70552c1c
      sysname: Linux
      nodename: 8b3d70552c1c
      release: 6.8.0-1008-aws
      version: '#8-Ubuntu SMP Sat Apr 20 00:46:25 UTC 2024'
      machine: x86_64
      compiler: 'musl-gcc 13.2.1'
      uptime: 162
      totalram: 66684047360
      freeram: 62275260416
      sharedram: 40783872
      bufferram: 106315776
      totalswap: 0
      freeswap: 0
      pagesize: 4096
      cpus: 8
      cpus-online: 8
      ticks-per-second: 100

metrics:
    - stressor: cpu
      bogo-ops: 134733
      bogo-ops-per-second-usr-sys-time: 844.534242
      bogo-ops-per-second-real-time: 6736.624513
      wall-clock-time: 20.000076
      user-time: 159.515287
      system-time: 0.019985
      cpu-usage-per-instance: 99.709168
      max-rss: 1104

...
