---
system-info:
      stress-ng-version: 0.17.08
      run-by: root
      date-yyyy-mm-dd: 2024:06:08
      time-hh-mm-ss: 04:23:58
      epoch-secs: 1717820638
      hostname: 2c5b422e427a
      sysname: Linux
      nodename: 2c5b422e427a
      release: 6.8.0-1008-aws
      version: '#8-Ubuntu SMP Sat Apr 20 00:46:25 UTC 2024'
      machine: x86_64
      compiler: 'musl-gcc 13.2.1'
      uptime: 117
      totalram: 66684051456
      freeram: 62293082112
      sharedram: 40783872
      bufferram: 96157696
      totalswap: 0
      freeswap: 0
      pagesize: 4096
      cpus: 8
      cpus-online: 8
      ticks-per-second: 100

metrics:
    - stressor: cpu
      bogo-ops: 83271
      bogo-ops-per-second-usr-sys-time: 1043.473606
      bogo-ops-per-second-real-time: 8326.152607
      wall-clock-time: 10.001138
      user-time: 79.784735
      system-time: 0.016996
      cpu-usage-per-instance: 99.740815
      max-rss: 4048

...
