---
system-info:
      stress-ng-version: 0.17.08
      run-by: root
      date-yyyy-mm-dd: 2024:07:03
      time-hh-mm-ss: 04:53:18
      epoch-secs: 1719982398
      hostname: c2d-standard-112-c98e7fb
      sysname: Linux
      nodename: c2d-standard-112-c98e7fb
      release: 6.8.0-1009-gcp
      version: '#10-Ubuntu SMP Wed Jun 12 18:52:23 UTC 2024'
      machine: x86_64
      compiler: 'musl-gcc 13.2.1'
      uptime: 174
      totalram: 473357611008
      freeram: 467008729088
      sharedram: 68960256
      bufferram: 131399680
      totalswap: 0
      freeswap: 0
      pagesize: 4096
      cpus: 112
      cpus-online: 112
      ticks-per-second: 100

metrics:
    - stressor: cpu
      bogo-ops: 58490
      bogo-ops-per-second-usr-sys-time: 2924.575015
      bogo-ops-per-second-real-time: 2924.486996
      wall-clock-time: 20.000089
      user-time: 19.999487
      system-time: 0.000000
      cpu-usage-per-instance: 99.996990
      max-rss: 0

...
