---
system-info:
      stress-ng-version: 0.17.08
      run-by: root
      date-yyyy-mm-dd: 2024:09:20
      time-hh-mm-ss: 13:06:31
      epoch-secs: 1726837591
      hostname: ip-172-31-21-225
      sysname: Linux
      nodename: ip-172-31-21-225
      release: 6.8.0-1014-aws
      version: '#15-Ubuntu SMP Thu Aug  8 20:05:03 UTC 2024'
      machine: aarch64
      compiler: 'musl-gcc 13.2.1'
      uptime: 204
      totalram: 531289485312
      freeram: 520844357632
      sharedram: 39378944
      bufferram: 246427648
      totalswap: 0
      freeswap: 0
      pagesize: 4096
      cpus: 32
      cpus-online: 32
      ticks-per-second: 100

metrics:
    - stressor: cpu
      bogo-ops: 34132
      bogo-ops-per-second-usr-sys-time: 1706.536943
      bogo-ops-per-second-real-time: 1706.591598
      wall-clock-time: 20.000098
      user-time: 20.000739
      system-time: 0.000000
      cpu-usage-per-instance: 100.003203
      max-rss: 1024

...
