---
system-info:
      stress-ng-version: 0.17.08
      run-by: root
      date-yyyy-mm-dd: 2024:06:13
      time-hh-mm-ss: 07:21:54
      epoch-secs: 1718263314
      hostname: 27b91d1db517
      sysname: Linux
      nodename: 27b91d1db517
      release: 6.8.0-1008-aws
      version: '#8-Ubuntu SMP Sat Apr 20 00:46:25 UTC 2024'
      machine: x86_64
      compiler: 'musl-gcc 13.2.1'
      uptime: 166
      totalram: 64254881792
      freeram: 59821776896
      sharedram: 48529408
      bufferram: 107204608
      totalswap: 0
      freeswap: 0
      pagesize: 4096
      cpus: 8
      cpus-online: 8
      ticks-per-second: 100

metrics:
    - stressor: cpu
      bogo-ops: 17682
      bogo-ops-per-second-usr-sys-time: 884.085810
      bogo-ops-per-second-real-time: 884.089851
      wall-clock-time: 20.000230
      user-time: 20.000321
      system-time: 0.000000
      cpu-usage-per-instance: 100.000457
      max-rss: 1104

...
