---
system-info:
      stress-ng-version: 0.17.08
      run-by: root
      date-yyyy-mm-dd: 2024:06:07
      time-hh-mm-ss: 11:28:17
      epoch-secs: 1717759697
      hostname: 3112e7b23d3f
      sysname: Linux
      nodename: 3112e7b23d3f
      release: 6.8.0-1008-aws
      version: '#8-Ubuntu SMP Sat Apr 20 00:46:25 UTC 2024'
      machine: x86_64
      compiler: 'musl-gcc 13.2.1'
      uptime: 180
      totalram: 64254877696
      freeram: 59913506816
      sharedram: 48529408
      bufferram: 90341376
      totalswap: 0
      freeswap: 0
      pagesize: 4096
      cpus: 8
      cpus-online: 8
      ticks-per-second: 100

metrics:
    - stressor: cpu
      bogo-ops: 11531
      bogo-ops-per-second-usr-sys-time: 1153.058490
      bogo-ops-per-second-real-time: 1152.988970
      wall-clock-time: 10.000963
      user-time: 9.999360
      system-time: 0.001000
      cpu-usage-per-instance: 99.993971
      max-rss: 3920

...
