---
system-info:
      stress-ng-version: 0.17.08
      run-by: root
      date-yyyy-mm-dd: 2024:07:03
      time-hh-mm-ss: 07:38:37
      epoch-secs: 1719992317
      hostname: c3-highcpu-88-4a2344e
      sysname: Linux
      nodename: c3-highcpu-88-4a2344e
      release: 6.8.0-1009-gcp
      version: '#10-Ubuntu SMP Wed Jun 12 18:52:23 UTC 2024'
      machine: x86_64
      compiler: 'musl-gcc 13.2.1'
      uptime: 114
      totalram: 185870856192
      freeram: 179771273216
      sharedram: 222351360
      bufferram: 130306048
      totalswap: 0
      freeswap: 0
      pagesize: 4096
      cpus: 88
      cpus-online: 88
      ticks-per-second: 100

metrics:
    - stressor: cpu
      bogo-ops: 1465534
      bogo-ops-per-second-usr-sys-time: 832.980471
      bogo-ops-per-second-real-time: 73276.360021
      wall-clock-time: 20.000093
      user-time: 1759.357806
      system-time: 0.027979
      cpu-usage-per-instance: 99.964638
      max-rss: 704

...
