---
system-info:
      stress-ng-version: 0.17.08
      run-by: root
      date-yyyy-mm-dd: 2024:06:10
      time-hh-mm-ss: 03:42:39
      epoch-secs: 1717990959
      hostname: 607fa3d85284
      sysname: Linux
      nodename: 607fa3d85284
      release: 6.8.0-1008-aws
      version: '#8-Ubuntu SMP Sat Apr 20 00:46:25 UTC 2024'
      machine: x86_64
      compiler: 'musl-gcc 13.2.1'
      uptime: 155
      totalram: 33653227520
      freeram: 29056815104
      sharedram: 48513024
      bufferram: 114561024
      totalswap: 0
      freeswap: 0
      pagesize: 4096
      cpus: 8
      cpus-online: 8
      ticks-per-second: 100

metrics:
    - stressor: cpu
      bogo-ops: 11379
      bogo-ops-per-second-usr-sys-time: 1137.244720
      bogo-ops-per-second-real-time: 1137.277092
      wall-clock-time: 10.005477
      user-time: 10.004762
      system-time: 0.001000
      cpu-usage-per-instance: 100.002847
      max-rss: 3920

...
