---
system-info:
      stress-ng-version: 0.17.08
      run-by: root
      date-yyyy-mm-dd: 2024:06:16
      time-hh-mm-ss: 06:27:40
      epoch-secs: 1718519260
      hostname: 91914824b428
      sysname: Linux
      nodename: 91914824b428
      release: 6.8.0-1008-aws
      version: '#8-Ubuntu SMP Sat Apr 20 00:46:25 UTC 2024'
      machine: x86_64
      compiler: 'musl-gcc 13.2.1'
      uptime: 193
      totalram: 33653243904
      freeram: 29235699712
      sharedram: 48521216
      bufferram: 111222784
      totalswap: 0
      freeswap: 0
      pagesize: 4096
      cpus: 8
      cpus-online: 8
      ticks-per-second: 100

metrics:
    - stressor: cpu
      bogo-ops: 29867
      bogo-ops-per-second-usr-sys-time: 1493.382406
      bogo-ops-per-second-real-time: 1493.341046
      wall-clock-time: 20.000120
      user-time: 19.999566
      system-time: 0.000000
      cpu-usage-per-instance: 99.997230
      max-rss: 1104

...
