---
system-info:
      stress-ng-version: 0.17.08
      run-by: root
      date-yyyy-mm-dd: 2024:07:12
      time-hh-mm-ss: 09:20:17
      epoch-secs: 1720776017
      hostname: ip-172-31-13-30
      sysname: Linux
      nodename: ip-172-31-13-30
      release: 6.8.0-1010-aws
      version: '#10-Ubuntu SMP Thu Jun 13 17:36:15 UTC 2024'
      machine: x86_64
      compiler: 'musl-gcc 13.2.1'
      uptime: 225
      totalram: 267549708288
      freeram: 258706169856
      sharedram: 78495744
      bufferram: 132034560
      totalswap: 0
      freeswap: 0
      pagesize: 4096
      cpus: 64
      cpus-online: 64
      ticks-per-second: 100

metrics:
    - stressor: cpu
      bogo-ops: 25683
      bogo-ops-per-second-usr-sys-time: 1284.153531
      bogo-ops-per-second-real-time: 1284.140555
      wall-clock-time: 20.000147
      user-time: 19.999945
      system-time: 0.000000
      cpu-usage-per-instance: 99.998989
      max-rss: 512

...
