---
system-info:
      stress-ng-version: 0.17.08
      run-by: root
      date-yyyy-mm-dd: 2024:09:03
      time-hh-mm-ss: 03:01:08
      epoch-secs: 1725332468
      hostname: sc-runner
      sysname: Linux
      nodename: sc-runner
      release: 6.8.0-1013-azure
      version: '#15-Ubuntu SMP Thu Aug  8 18:40:40 UTC 2024'
      machine: x86_64
      compiler: 'musl-gcc 13.2.1'
      uptime: 370
      totalram: 16766062592
      freeram: 8283287552
      sharedram: 42033152
      bufferram: 207884288
      totalswap: 0
      freeswap: 0
      pagesize: 4096
      cpus: 4
      cpus-online: 4
      ticks-per-second: 100

metrics:
    - stressor: cpu
      bogo-ops: 73965
      bogo-ops-per-second-usr-sys-time: 930.161795
      bogo-ops-per-second-real-time: 3698.226833
      wall-clock-time: 20.000125
      user-time: 79.496449
      system-time: 0.021975
      cpu-usage-per-instance: 99.397407
      max-rss: 3152

...
