BaselineInfo:
  WebDBID: -1
  TimeStamp: 20241115210024
Version:
  Major: 11
  Minor: 0
  Build: 1002
  SpecialBuildName: ""
  ptArchitecture: aarch64_linux
Results:
  Results Complete: true
  NumTestProcesses: 2
  CPU_INTEGER_MATH: 12555.710999999999
  CPU_FLOATINGPOINT_MATH: 10553.362920430951
  CPU_PRIME: 27.114056999894835
  CPU_SORTING: 10206.601120004492
  CPU_ENCRYPTION: 372.3910736604347
  CPU_COMPRESSION: 12812.96016632154
  CPU_SINGLETHREAD: 1881.5564348580397
  CPU_PHYSICS: 645.07846268580317
  CPU_MATRIX_MULT_SSE: 1769.7907062106863
  CPU_mm: 286.296342271735
  CPU_sse: 1483.3160677527721
  CPU_fma: 2056.2653446686004
  CPU_avx: 0
  CPU_avx512: 0
  m_CPU_enc_SHA: 551823949.80821228
  m_CPU_enc_AES: 241977250.68909001
  m_CPU_enc_ECDSA: 377639826.86638939
  ME_ALLOC_S: 2508.5005177484268
  ME_READ_S: 25458.251171874999
  ME_READ_L: 19350.216796875
  ME_WRITE: 25730.703125
  ME_LARGE: 566.25
  ME_LATENCY: 54.195408659527438
  ME_THREADED: 38000.568359375
  SUMM_CPU: 1981.8130622546705
  SUMM_ME: 1091.298074010223
SystemInformation:
  OSName: Ubuntu 24.04.1 LTS
  Kernel: 6.8.0-1017-azure
  Device: ""
  Processor: ARM Neoverse-N2 2 Core 0 MHz
  NumSockets: 1
  Manufacturer: ARM
  NumCores: 2
  NumLogicals: 2
  CPUFrequency: 0
  Memory: 3905
Checksum: CCB849CB10AD9C0FC0BE8165E75249F41E2763E2