BaselineInfo:
  WebDBID: -1
  TimeStamp: 20241111092122
Version:
  Major: 11
  Minor: 0
  Build: 1002
  SpecialBuildName: ""
  ptArchitecture: aarch64_linux
Results:
  Results Complete: true
  NumTestProcesses: 2
  CPU_INTEGER_MATH: 12560.255000000001
  CPU_FLOATINGPOINT_MATH: 10553.823602123901
  CPU_PRIME: 27.049814129203789
  CPU_SORTING: 10281.853447445417
  CPU_ENCRYPTION: 368.40976531227057
  CPU_COMPRESSION: 13656.374092599233
  CPU_SINGLETHREAD: 1879.8637869421102
  CPU_PHYSICS: 645.4288102438029
  CPU_MATRIX_MULT_SSE: 1779.3596252880729
  CPU_mm: 284.8580727591235
  CPU_sse: 1503.0513143276848
  CPU_fma: 2055.667936248461
  CPU_avx: 0
  CPU_avx512: 0
  m_CPU_enc_SHA: 542869984.29572392
  m_CPU_enc_AES: 240634564.06648552
  m_CPU_enc_ECDSA: 375412365.85402888
  ME_ALLOC_S: 2554.2265884000226
  ME_READ_S: 25475.397851562499
  ME_READ_L: 19088.66015625
  ME_WRITE: 25729.41796875
  ME_LARGE: 593.08333333333337
  ME_LATENCY: 52.981874690536038
  ME_THREADED: 37969.16015625
  SUMM_CPU: 2011.4564597394565
  SUMM_ME: 1127.1792703673054
SystemInformation:
  OSName: Ubuntu 24.04.1 LTS
  Kernel: 6.8.0-1017-azure
  Device: ""
  Processor: ARM Neoverse-N2 2 Core 0 MHz
  NumSockets: 1
  Manufacturer: ARM
  NumCores: 2
  NumLogicals: 2
  CPUFrequency: 0
  Memory: 3905
Checksum: 3280CBBE662CC5D3123C626942146953CB7FD058