BaselineInfo:
  WebDBID: -1
  TimeStamp: 20241114202950
Version:
  Major: 11
  Minor: 0
  Build: 1002
  SpecialBuildName: ""
  ptArchitecture: aarch64_linux
Results:
  Results Complete: true
  NumTestProcesses: 2
  CPU_INTEGER_MATH: 12560.515333333333
  CPU_FLOATINGPOINT_MATH: 10554.284392534426
  CPU_PRIME: 26.988047781502356
  CPU_SORTING: 10273.770191361338
  CPU_ENCRYPTION: 374.05140120821102
  CPU_COMPRESSION: 13636.979357116663
  CPU_SINGLETHREAD: 1884.4678594170882
  CPU_PHYSICS: 654.63788703268733
  CPU_MATRIX_MULT_SSE: 1782.3919503566931
  CPU_mm: 285.65975250928199
  CPU_sse: 1503.4439614948824
  CPU_fma: 2061.3399392185038
  CPU_avx: 0
  CPU_avx512: 0
  m_CPU_enc_SHA: 557709160.9186883
  m_CPU_enc_AES: 243849636.1378552
  m_CPU_enc_ECDSA: 375105169.16335976
  ME_ALLOC_S: 2575.3229370467998
  ME_READ_S: 25353.197656249999
  ME_READ_L: 19259.49609375
  ME_WRITE: 25726.123046875
  ME_LARGE: 580.16666666666663
  ME_LATENCY: 52.797337373760762
  ME_THREADED: 38201.06640625
  SUMM_CPU: 2024.0719882077019
  SUMM_ME: 1113.1852961694306
SystemInformation:
  OSName: Ubuntu 24.04.1 LTS
  Kernel: 6.8.0-1017-azure
  Device: ""
  Processor: ARM Neoverse-N2 2 Core 0 MHz
  NumSockets: 1
  Manufacturer: ARM
  NumCores: 2
  NumLogicals: 2
  CPUFrequency: 0
  Memory: 3905
Checksum: EF886624B8F3393F980FDD265F504A940A4B5ABA