---
system-info:
      stress-ng-version: 0.17.08
      run-by: root
      date-yyyy-mm-dd: 2024:06:15
      time-hh-mm-ss: 02:48:30
      epoch-secs: 1718419710
      hostname: 7fe9de037415
      sysname: Linux
      nodename: 7fe9de037415
      release: 6.8.0-1008-aws
      version: '#8-Ubuntu SMP Sat Apr 20 00:46:25 UTC 2024'
      machine: x86_64
      compiler: 'musl-gcc 13.2.1'
      uptime: 135
      totalram: 199393996800
      freeram: 194674597888
      sharedram: 60047360
      bufferram: 109899776
      totalswap: 0
      freeswap: 0
      pagesize: 4096
      cpus: 48
      cpus-online: 48
      ticks-per-second: 100

metrics:
    - stressor: cpu
      bogo-ops: 37804
      bogo-ops-per-second-usr-sys-time: 1890.181949
      bogo-ops-per-second-real-time: 1890.190649
      wall-clock-time: 20.000099
      user-time: 19.999192
      system-time: 0.000999
      cpu-usage-per-instance: 100.000460
      max-rss: 1152

...
