---
system-info:
      stress-ng-version: 0.17.08
      run-by: root
      date-yyyy-mm-dd: 2024:06:08
      time-hh-mm-ss: 18:24:54
      epoch-secs: 1717871094
      hostname: 9a78e09fe6a5
      sysname: Linux
      nodename: 9a78e09fe6a5
      release: 6.8.0-1008-aws
      version: '#8-Ubuntu SMP Sat Apr 20 00:46:25 UTC 2024'
      machine: x86_64
      compiler: 'musl-gcc 13.2.1'
      uptime: 109
      totalram: 199394000896
      freeram: 194621583360
      sharedram: 60047360
      bufferram: 104624128
      totalswap: 0
      freeswap: 0
      pagesize: 4096
      cpus: 48
      cpus-online: 48
      ticks-per-second: 100

metrics:
    - stressor: cpu
      bogo-ops: 16707
      bogo-ops-per-second-usr-sys-time: 1670.418534
      bogo-ops-per-second-real-time: 1670.455782
      wall-clock-time: 10.001462
      user-time: 10.001685
      system-time: 0.000000
      cpu-usage-per-instance: 100.002230
      max-rss: 3840

...
