---
system-info:
      stress-ng-version: 0.17.08
      run-by: root
      date-yyyy-mm-dd: 2024:06:13
      time-hh-mm-ss: 09:22:49
      epoch-secs: 1718270569
      hostname: 4944bb868d7c
      sysname: Linux
      nodename: 4944bb868d7c
      release: 6.8.0-1008-aws
      version: '#8-Ubuntu SMP Sat Apr 20 00:46:25 UTC 2024'
      machine: x86_64
      compiler: 'musl-gcc 13.2.1'
      uptime: 137
      totalram: 66333839360
      freeram: 61876523008
      sharedram: 59887616
      bufferram: 107802624
      totalswap: 0
      freeswap: 0
      pagesize: 4096
      cpus: 8
      cpus-online: 8
      ticks-per-second: 100

metrics:
    - stressor: cpu
      bogo-ops: 37794
      bogo-ops-per-second-usr-sys-time: 1889.734866
      bogo-ops-per-second-real-time: 1889.690043
      wall-clock-time: 20.000105
      user-time: 19.999631
      system-time: 0.000000
      cpu-usage-per-instance: 99.997628
      max-rss: 1232

...
