---
system-info:
      stress-ng-version: 0.17.08
      run-by: root
      date-yyyy-mm-dd: 2024:06:07
      time-hh-mm-ss: 14:21:10
      epoch-secs: 1717770070
      hostname: 4cce99494d38
      sysname: Linux
      nodename: 4cce99494d38
      release: 6.8.0-1008-aws
      version: '#8-Ubuntu SMP Sat Apr 20 00:46:25 UTC 2024'
      machine: x86_64
      compiler: 'musl-gcc 13.2.1'
      uptime: 127
      totalram: 66333835264
      freeram: 61996679168
      sharedram: 59887616
      bufferram: 91889664
      totalswap: 0
      freeswap: 0
      pagesize: 4096
      cpus: 8
      cpus-online: 8
      ticks-per-second: 100

metrics:
    - stressor: cpu
      bogo-ops: 16654
      bogo-ops-per-second-usr-sys-time: 1665.302413
      bogo-ops-per-second-real-time: 1665.315708
      wall-clock-time: 10.000506
      user-time: 9.998587
      system-time: 0.001999
      cpu-usage-per-instance: 100.000798
      max-rss: 4048

...
