BaselineInfo:
  WebDBID: -1
  TimeStamp: 20241107162137
Version:
  Major: 11
  Minor: 0
  Build: 1002
  SpecialBuildName: ""
  ptArchitecture: x86_64_linux
Results:
  Results Complete: true
  NumTestProcesses: 4
  CPU_INTEGER_MATH: 12336.155333333332
  CPU_FLOATINGPOINT_MATH: 6619.8920630339726
  CPU_PRIME: 25.156218083562095
  CPU_SORTING: 6619.756533736755
  CPU_ENCRYPTION: 1707.6498982851642
  CPU_COMPRESSION: 55736.321083966184
  CPU_SINGLETHREAD: 2008.8804450732039
  CPU_PHYSICS: 492.89090093624498
  CPU_MATRIX_MULT_SSE: 3250.9099159134794
  CPU_mm: 374.79949672127077
  CPU_sse: 1334.9451218969123
  CPU_fma: 4128.999988822482
  CPU_avx: 2887.3052751460805
  CPU_avx512: 4652.389277788443
  m_CPU_enc_SHA: 558987587.16961718
  m_CPU_enc_AES: 4312986220.2610893
  m_CPU_enc_ECDSA: 499828291.8020857
  ME_ALLOC_S: 1439.581101186305
  ME_READ_S: 24312.018749999999
  ME_READ_L: 10805.8642578125
  ME_WRITE: 9783.28125
  ME_LARGE: 22157
  ME_LATENCY: 49.922759313535302
  ME_THREADED: 24423.00390625
  SUMM_CPU: 4339.6469826582634
  SUMM_ME: 2211.7702791099859
SystemInformation:
  OSName: Ubuntu 24.04.1 LTS
  Kernel: 6.8.0-1017-azure
  Device: ""
  Processor: Intel Xeon Platinum 8272CL CPU @ 2.60GHz
  NumSockets: 1
  Manufacturer: GenuineIntel
  NumCores: 2
  NumLogicals: 4
  CPUFrequency: 0
  Memory: 32093
  MemModuleInfo:
    iNumMemSticks: 2
    DIMM 1:
      manufacturer: Microsoft Corporation
      modulePartNo: None
      memType: Unknown
      size: 1
      clkspeed: 0
      moduleVoltage: 0
    DIMM 2:
      manufacturer: Microsoft Corporation
      modulePartNo: None
      memType: Unknown
      size: 31
      clkspeed: 0
      moduleVoltage: 0
Checksum: 3DC66A6547025163E7A7212E2EEBB97DA35CCA2A