---
system-info:
      stress-ng-version: 0.17.08
      run-by: root
      date-yyyy-mm-dd: 2024:06:06
      time-hh-mm-ss: 06:52:01
      epoch-secs: 1717656721
      hostname: db38f1e8d550
      sysname: Linux
      nodename: db38f1e8d550
      release: 6.8.0-1008-aws
      version: '#8-Ubuntu SMP Sat Apr 20 02:43:14 UTC 2024'
      machine: aarch64
      compiler: 'musl-gcc 13.2.1'
      uptime: 125
      totalram: 132642861056
      freeram: 128136060928
      sharedram: 35274752
      bufferram: 79990784
      totalswap: 0
      freeswap: 0
      pagesize: 4096
      cpus: 64
      cpus-online: 64
      ticks-per-second: 100

metrics:
    - stressor: cpu
      bogo-ops: 188136
      bogo-ops-per-second-usr-sys-time: 292.463718
      bogo-ops-per-second-real-time: 18705.916389
      wall-clock-time: 10.057567
      user-time: 643.224820
      system-time: 0.054973
      cpu-usage-per-instance: 99.937163
      max-rss: 3584

...
