---
system-info:
      stress-ng-version: 0.17.08
      run-by: root
      date-yyyy-mm-dd: 2024:06:14
      time-hh-mm-ss: 04:42:24
      epoch-secs: 1718340144
      hostname: ad9e336fb9ec
      sysname: Linux
      nodename: ad9e336fb9ec
      release: 6.8.0-1008-aws
      version: '#8-Ubuntu SMP Sat Apr 20 02:43:14 UTC 2024'
      machine: aarch64
      compiler: 'musl-gcc 13.2.1'
      uptime: 127
      totalram: 132642869248
      freeram: 127971631104
      sharedram: 35274752
      bufferram: 106139648
      totalswap: 0
      freeswap: 0
      pagesize: 4096
      cpus: 64
      cpus-online: 64
      ticks-per-second: 100

metrics:
    - stressor: cpu
      bogo-ops: 1940330
      bogo-ops-per-second-usr-sys-time: 1516.460479
      bogo-ops-per-second-real-time: 97016.169740
      wall-clock-time: 20.000068
      user-time: 1279.491422
      system-time: 0.020987
      cpu-usage-per-instance: 99.961567
      max-rss: 512

...
