---
system-info:
      stress-ng-version: 0.17.08
      run-by: root
      date-yyyy-mm-dd: 2024:06:09
      time-hh-mm-ss: 14:33:03
      epoch-secs: 1717943583
      hostname: 33991d5d343b
      sysname: Linux
      nodename: 33991d5d343b
      release: 6.8.0-1008-aws
      version: '#8-Ubuntu SMP Sat Apr 20 00:46:25 UTC 2024'
      machine: x86_64
      compiler: 'musl-gcc 13.2.1'
      uptime: 130
      totalram: 267397988352
      freeram: 262719926272
      sharedram: 40845312
      bufferram: 108900352
      totalswap: 0
      freeswap: 0
      pagesize: 4096
      cpus: 32
      cpus-online: 32
      ticks-per-second: 100

metrics:
    - stressor: cpu
      bogo-ops: 14379
      bogo-ops-per-second-usr-sys-time: 1437.430679
      bogo-ops-per-second-real-time: 1437.441553
      wall-clock-time: 10.003189
      user-time: 10.002266
      system-time: 0.000999
      cpu-usage-per-instance: 100.000757
      max-rss: 3848

...
