---
system-info:
      stress-ng-version: 0.17.08
      run-by: root
      date-yyyy-mm-dd: 2024:06:15
      time-hh-mm-ss: 16:56:24
      epoch-secs: 1718470584
      hostname: a74b98415d8a
      sysname: Linux
      nodename: a74b98415d8a
      release: 6.8.0-1008-aws
      version: '#8-Ubuntu SMP Sat Apr 20 00:46:25 UTC 2024'
      machine: x86_64
      compiler: 'musl-gcc 13.2.1'
      uptime: 145
      totalram: 267397976064
      freeram: 262809640960
      sharedram: 40845312
      bufferram: 110415872
      totalswap: 0
      freeswap: 0
      pagesize: 4096
      cpus: 32
      cpus-online: 32
      ticks-per-second: 100

metrics:
    - stressor: cpu
      bogo-ops: 25697
      bogo-ops-per-second-usr-sys-time: 1284.841520
      bogo-ops-per-second-real-time: 1284.840259
      wall-clock-time: 20.000152
      user-time: 20.000132
      system-time: 0.000000
      cpu-usage-per-instance: 99.999902
      max-rss: 1032

...
