size_kb,operation,bandwidth_mb_s,latency_ns,latency_stddev_ns,latency_samples,threads,iterations,elapsed_s
16,read,326036.49,0,0,0,4,694444,0.133122
16,write,178418.66,0,0,0,4,624999,0.218937
16,copy,171150.47,0,0,0,4,480769,0.175565
16,latency,0,2.29,0.02,7,1,7,0.164759
64,read,288907.75,0,0,0,4,249999,0.216331
64,write,176353.04,0,0,0,4,164473,0.233159
64,copy,163405.77,0,0,0,4,152439,0.233222
64,latency,0,2.31,0.04,7,1,7,0.306074
128,read,198920.51,0,0,0,4,102458,0.257535
128,write,176022.83,0,0,0,4,86805,0.246573
128,copy,143673.45,0,0,0,4,68681,0.239018
128,latency,0,3.93,0.11,7,1,7,0.347892
256,read,198423.78,0,0,0,4,39062,0.196861
256,write,176822.13,0,0,0,4,44964,0.254289
256,copy,138268.57,0,0,0,4,12886,0.093195
256,latency,0,4.72,0.17,7,1,7,0.537107
512,read,179511.44,0,0,0,4,7931,0.088362
512,write,162316.80,0,0,0,4,14705,0.181189
512,copy,83196.77,0,0,0,4,9873,0.237341
512,latency,0,6.22,0.15,7,1,7,0.735256
2048,read,106221.44,0,0,0,4,2221,0.167273
2048,write,131919.46,0,0,0,4,2059,0.124864
2048,copy,34912.39,0,0,0,4,2229,0.510764
2048,latency,0,26.17,1.32,11,1,11,1.085978
4096,read,96322.67,0,0,0,4,1216,0.201988
4096,write,152231.72,0,0,0,4,1546,0.162489
4096,copy,33601.22,0,0,0,4,905,0.430937
4096,latency,0,81.43,4.80,21,1,21,1.867190
8192,read,55946.19,0,0,0,4,374,0.213920
8192,write,141566.99,0,0,0,4,595,0.134495
8192,copy,32146.60,0,0,0,4,252,0.250851
8192,latency,0,91.18,1.19,7,1,7,0.833284
16384,read,43593.12,0,0,0,4,195,0.286284
16384,write,138331.53,0,0,0,4,437,0.202181
16384,copy,30568.76,0,0,0,4,137,0.286829
16384,latency,0,104.79,0.72,7,1,7,1.176161
32768,read,42147.59,0,0,0,4,89,0.270288
32768,write,132853.09,0,0,0,4,149,0.143557
32768,copy,31502.22,0,0,0,4,83,0.337246
32768,latency,0,103.05,0.34,7,1,7,2.367629
