BaselineInfo:
  WebDBID: -1
  TimeStamp: 20260622010556
Version:
  Major: 11
  Minor: 0
  Build: 1004
  SpecialBuildName: ""
  ptArchitecture: x86_64_linux
Results:
  Results Complete: true
  NumTestProcesses: 128
  CPU_INTEGER_MATH: 695397.85600000003
  CPU_FLOATINGPOINT_MATH: 502079.67971724266
  CPU_PRIME: 1476.5909215819104
  CPU_SORTING: 349697.47022220824
  CPU_ENCRYPTION: 151458.71798934523
  CPU_COMPRESSION: 2679448.2071396285
  CPU_SINGLETHREAD: 3521.7726107044605
  CPU_PHYSICS: 25088.839708945252
  CPU_MATRIX_MULT_SSE: 184681.93553493265
  CPU_mm: 19347.501317313974
  CPU_sse: 84276.255860580306
  CPU_fma: 218026.44688331473
  CPU_avx: 166137.53509432441
  CPU_avx512: 270287.50430151133
  m_CPU_enc_SHA: 160639605267.76212
  m_CPU_enc_AES: 210743191629.00699
  m_CPU_enc_ECDSA: 105065133126.41805
  ME_ALLOC_S: 34561.976093310659
  ME_READ_S: 30561.507226562499
  ME_READ_L: 20791.255859375
  ME_WRITE: 8625.89453125
  ME_LARGE: 503649.91666666669
  ME_LATENCY: 70.095589392553279
  ME_THREADED: 707098.28125
  SUMM_CPU: 132598.7213969827
  SUMM_ME: 2707.1740598027195
SystemInformation:
  OSName: Ubuntu 24.04.4 LTS
  Kernel: 6.17.0-1018-azure
  Device: ""
  Processor: Intel(R) Xeon(R) 6973P-C
  NumSockets: 2
  Manufacturer: GenuineIntel
  NumCores: 64
  NumLogicals: 128
  CPUFrequency: 2600
  CPUMaxFrequency: 2600
  Memory: 515934
  CPUInfo:
    number: 2
    Family: 6
    Model: 13
    stepping: 1
    features: 529267711
    manufacture: GenuineIntel
    typestring: Intel(R) Xeon(R) 6973P-C
    iCoresPerPackage: 32
    iThreadsPerPackage: 2
    featuresEx:
      - 529267711
      - 4294586915
      - 739248128
    bHybrid: false
    nPCore: 0
    nLogicalsPerPCore: 0
    nECore: 0
    nLogicalsPerECore: 0
  MemModuleInfo:
    iNumMemSticks: 6
    DIMM 1:
      manufacturer: Microsoft Corporation
      modulePartNo: None
      memType: Unknown
      size: 1
      clkspeed: 0
      moduleVoltage: 0
    DIMM 2:
      manufacturer: Microsoft Corporation
      modulePartNo: None
      memType: Unknown
      size: 59
      clkspeed: 0
      moduleVoltage: 0
    DIMM 3:
      manufacturer: Microsoft Corporation
      modulePartNo: None
      memType: Unknown
      size: 68
      clkspeed: 0
      moduleVoltage: 0
    DIMM 4:
      manufacturer: Microsoft Corporation
      modulePartNo: None
      memType: Unknown
      size: 128
      clkspeed: 0
      moduleVoltage: 0
    DIMM 5:
      manufacturer: Microsoft Corporation
      modulePartNo: None
      memType: Unknown
      size: 128
      clkspeed: 0
      moduleVoltage: 0
    DIMM 6:
      manufacturer: Microsoft Corporation
      modulePartNo: None
      memType: Unknown
      size: 128
      clkspeed: 0
      moduleVoltage: 0
Checksum: E66ECBD6957E280986540811D07726F3F08C0EB5