---
system-info:
      stress-ng-version: 0.17.08
      run-by: root
      date-yyyy-mm-dd: 2024:07:02
      time-hh-mm-ss: 19:53:12
      epoch-secs: 1719949992
      hostname: n2-highmem-32-e8dc8d6
      sysname: Linux
      nodename: n2-highmem-32-e8dc8d6
      release: 6.8.0-1009-gcp
      version: '#10-Ubuntu SMP Wed Jun 12 18:52:23 UTC 2024'
      machine: x86_64
      compiler: 'musl-gcc 13.2.1'
      uptime: 152
      totalram: 270453719040
      freeram: 264459911168
      sharedram: 70868992
      bufferram: 128569344
      totalswap: 0
      freeswap: 0
      pagesize: 4096
      cpus: 32
      cpus-online: 32
      ticks-per-second: 100

metrics:
    - stressor: cpu
      bogo-ops: 595616
      bogo-ops-per-second-usr-sys-time: 931.282456
      bogo-ops-per-second-real-time: 29780.666803
      wall-clock-time: 20.000089
      user-time: 639.535376
      system-time: 0.029985
      cpu-usage-per-instance: 99.931641
      max-rss: 776

...
