---
system-info:
      stress-ng-version: 0.17.08
      run-by: root
      date-yyyy-mm-dd: 2024:06:08
      time-hh-mm-ss: 06:25:40
      epoch-secs: 1717827940
      hostname: 2edc4f526fc2
      sysname: Linux
      nodename: 2edc4f526fc2
      release: 6.8.0-1008-aws
      version: '#8-Ubuntu SMP Sat Apr 20 02:43:14 UTC 2024'
      machine: aarch64
      compiler: 'musl-gcc 13.2.1'
      uptime: 137
      totalram: 133446991872
      freeram: 128957292544
      sharedram: 34951168
      bufferram: 96669696
      totalswap: 0
      freeswap: 0
      pagesize: 4096
      cpus: 16
      cpus-online: 16
      ticks-per-second: 100

metrics:
    - stressor: cpu
      bogo-ops: 2940
      bogo-ops-per-second-usr-sys-time: 292.646859
      bogo-ops-per-second-real-time: 292.640562
      wall-clock-time: 10.046454
      user-time: 10.046238
      system-time: 0.000000
      cpu-usage-per-instance: 99.997848
      max-rss: 4008

...
