---
system-info:
      stress-ng-version: 0.17.08
      run-by: root
      date-yyyy-mm-dd: 2024:06:13
      time-hh-mm-ss: 19:18:23
      epoch-secs: 1718306303
      hostname: ee1e8a9d9d4b
      sysname: Linux
      nodename: ee1e8a9d9d4b
      release: 6.8.0-1008-aws
      version: '#8-Ubuntu SMP Sat Apr 20 02:43:14 UTC 2024'
      machine: aarch64
      compiler: 'musl-gcc 13.2.1'
      uptime: 153
      totalram: 133446987776
      freeram: 128980738048
      sharedram: 34951168
      bufferram: 106422272
      totalswap: 0
      freeswap: 0
      pagesize: 4096
      cpus: 16
      cpus-online: 16
      ticks-per-second: 100

metrics:
    - stressor: cpu
      bogo-ops: 30391
      bogo-ops-per-second-usr-sys-time: 1519.653108
      bogo-ops-per-second-real-time: 1519.545363
      wall-clock-time: 20.000061
      user-time: 19.998643
      system-time: 0.000000
      cpu-usage-per-instance: 99.992910
      max-rss: 1192

...
