size_kb,operation,bandwidth_mb_s,latency_ns,latency_stddev_ns,latency_samples,threads,iterations,elapsed_s
32,read,249045.69,0,0,0,4,483558,0.242705
32,write,149861.54,0,0,0,4,279642,0.233250
32,copy,141535.76,0,0,0,4,255885,0.225990
32,latency,0,2.72,0.00,7,1,7,0.390412
128,read,171858.11,0,0,0,4,84631,0.246223
128,write,150513.77,0,0,0,4,74872,0.248721
128,copy,123051.12,0,0,0,4,59851,0.243196
128,latency,0,4.40,0.00,7,1,7,0.703860
512,read,162440.50,0,0,0,4,19247,0.236973
512,write,147523.17,0,0,0,4,18912,0.256394
512,copy,105082.69,0,0,0,4,13614,0.259110
512,latency,0,6.55,0.00,7,1,7,0.704617
1024,read,149931.90,0,0,0,4,9536,0.254409
1024,write,143212.87,0,0,0,4,9471,0.264529
1024,copy,68708.64,0,0,0,4,6124,0.356520
1024,latency,0,11.75,0.01,7,1,7,0.658028
2048,read,121187.36,0,0,0,4,4511,0.297787
2048,write,119694.37,0,0,0,4,4747,0.317275
2048,copy,58795.80,0,0,0,4,2310,0.314308
2048,latency,0,24.85,0.02,7,1,7,0.699315
8192,read,93586.18,0,0,0,4,774,0.264654
8192,write,99203.64,0,0,0,4,1191,0.384179
8192,copy,54154.12,0,0,0,4,620,0.366362
8192,latency,0,31.66,0.01,7,1,7,0.773156
16384,read,80030.80,0,0,0,4,367,0.293487
16384,write,96543.47,0,0,0,4,573,0.379850
16384,copy,53214.57,0,0,0,4,269,0.323520
16384,latency,0,33.85,1.24,7,1,7,0.677749
32768,read,74382.07,0,0,0,4,167,0.287381
32768,write,92445.74,0,0,0,4,293,0.405687
32768,copy,51750.15,0,0,0,4,131,0.324018
32768,latency,0,88.62,2.70,7,1,7,2.006920
65536,read,70308.97,0,0,0,4,72,0.262157
65536,write,93454.31,0,0,0,4,146,0.399939
65536,copy,51634.54,0,0,0,4,61,0.302433
65536,latency,0,94.00,2.82,7,1,7,4.292895
131072,read,69628.03,0,0,0,4,36,0.264721
131072,write,92764.38,0,0,0,4,73,0.402913
131072,copy,51598.11,0,0,0,4,29,0.287762
131072,latency,0,98.79,0.47,7,1,7,9.087404
