BaselineInfo:
  WebDBID: -1
  TimeStamp: 20241108045738
Version:
  Major: 11
  Minor: 0
  Build: 1002
  SpecialBuildName: ""
  ptArchitecture: aarch64_linux
Results:
  Results Complete: true
  NumTestProcesses: 16
  CPU_INTEGER_MATH: 100914.59566666668
  CPU_FLOATINGPOINT_MATH: 84778.457566620214
  CPU_PRIME: 221.56843957168348
  CPU_SORTING: 82021.210860767169
  CPU_ENCRYPTION: 3013.8126733430759
  CPU_COMPRESSION: 109917.92531368045
  CPU_SINGLETHREAD: 1879.7746209160164
  CPU_PHYSICS: 5160.8245582520085
  CPU_MATRIX_MULT_SSE: 14316.073913952037
  CPU_mm: 2301.2691246184472
  CPU_sse: 12074.135222375795
  CPU_fma: 16558.012605528282
  CPU_avx: 0
  CPU_avx512: 0
  m_CPU_enc_SHA: 4411910352.2182856
  m_CPU_enc_AES: 1937294753.7050796
  m_CPU_enc_ECDSA: 3131429807.3668032
  ME_ALLOC_S: 19324.731030747109
  ME_READ_S: 25577.181445312501
  ME_READ_L: 19694.205078125
  ME_WRITE: 25716.337890625
  ME_LARGE: 117884.66666666667
  ME_LATENCY: 51.944054520322965
  ME_THREADED: 267916.47265625
  SUMM_CPU: 14757.433768173001
  SUMM_ME: 3369.1522568080945
SystemInformation:
  OSName: Ubuntu 24.04.1 LTS
  Kernel: 6.8.0-1017-azure
  Device: ""
  Processor: ARM Neoverse-N2 16 Core 0 MHz
  NumSockets: 1
  Manufacturer: ARM
  NumCores: 16
  NumLogicals: 16
  CPUFrequency: 0
  Memory: 128555
Checksum: 27FAA6C99E4D7EDC15B5B3CE1EC15B172DCB3FCE