---
system-info:
      stress-ng-version: 0.17.08
      run-by: root
      date-yyyy-mm-dd: 2024:09:23
      time-hh-mm-ss: 10:48:52
      epoch-secs: 1727088532
      hostname: sc-runner
      sysname: Linux
      nodename: sc-runner
      release: 6.8.0-1014-azure
      version: '#16-Ubuntu SMP Thu Aug 15 20:04:41 UTC 2024'
      machine: x86_64
      compiler: 'musl-gcc 13.2.1'
      uptime: 334
      totalram: 202605694976
      freeram: 191822782464
      sharedram: 38232064
      bufferram: 292192256
      totalswap: 0
      freeswap: 0
      pagesize: 4096
      cpus: 32
      cpus-online: 32
      ticks-per-second: 100

metrics:
    - stressor: cpu
      bogo-ops: 54023
      bogo-ops-per-second-usr-sys-time: 2701.339094
      bogo-ops-per-second-real-time: 2701.134963
      wall-clock-time: 20.000111
      user-time: 19.998600
      system-time: 0.000000
      cpu-usage-per-instance: 99.992443
      max-rss: 3080

...
