BaselineInfo:
  WebDBID: -1
  TimeStamp: 20250702122715
Version:
  Major: 11
  Minor: 0
  Build: 1002
  SpecialBuildName: ""
  ptArchitecture: x86_64_linux
Results:
  Results Complete: true
  NumTestProcesses: 8
  CPU_INTEGER_MATH: 43470.081333333328
  CPU_FLOATINGPOINT_MATH: 31648.369841768366
  CPU_PRIME: 56.372108292732641
  CPU_SORTING: 20819.081531087872
  CPU_ENCRYPTION: 9398.5504134665935
  CPU_COMPRESSION: 169003.59862658812
  CPU_SINGLETHREAD: 3432.0847891102549
  CPU_PHYSICS: 1228.8489192844643
  CPU_MATRIX_MULT_SSE: 11453.600747267861
  CPU_mm: 1234.2346681070526
  CPU_sse: 5308.8208685368909
  CPU_fma: 13882.786460952506
  CPU_avx: 10747.770495387051
  CPU_avx512: 15875.025164195002
  m_CPU_enc_SHA: 9927273453.8170261
  m_CPU_enc_AES: 13008041947.665728
  m_CPU_enc_ECDSA: 6629967793.5706882
  ME_ALLOC_S: 3723.9748528619498
  ME_READ_S: 25854.773535156251
  ME_READ_L: 9888.86328125
  ME_WRITE: 5424.6005859375
  ME_LARGE: 20507.583333333332
  ME_LATENCY: 100.95399793198935
  ME_THREADED: 29512.5439453125
  SUMM_CPU: 15406.434332158226
  SUMM_ME: 1624.3191098442298
SystemInformation:
  OSName: Ubuntu 24.04.2 LTS
  Kernel: 6.11.0-1016-gcp
  Device: ""
  Processor: Intel Xeon 6985P-C CPU @ 2.30GHz
  NumSockets: 1
  Manufacturer: GenuineIntel
  NumCores: 4
  NumLogicals: 8
  CPUFrequency: 0
  Memory: 30075
  MemModuleInfo:
    iNumMemSticks: 2
    DIMM 1:
      manufacturer: ""
      modulePartNo: ""
      memType: RAM
      size: 16
      clkspeed: 0
      moduleVoltage: 0
    DIMM 2:
      manufacturer: ""
      modulePartNo: ""
      memType: RAM
      size: 14
      clkspeed: 0
      moduleVoltage: 0
Checksum: A1292586339157D77472CC7288AA6A8DDA0D886D