---
system-info:
      stress-ng-version: 0.17.08
      run-by: root
      date-yyyy-mm-dd: 2024:06:06
      time-hh-mm-ss: 13:27:03
      epoch-secs: 1717680423
      hostname: 3302e2526537
      sysname: Linux
      nodename: 3302e2526537
      release: 6.8.0-1008-aws
      version: '#8-Ubuntu SMP Sat Apr 20 00:46:25 UTC 2024'
      machine: x86_64
      compiler: 'musl-gcc 13.2.1'
      uptime: 113
      totalram: 99083091968
      freeram: 94669742080
      sharedram: 37171200
      bufferram: 84017152
      totalswap: 0
      freeswap: 0
      pagesize: 4096
      cpus: 48
      cpus-online: 48
      ticks-per-second: 100

metrics:
    - stressor: cpu
      bogo-ops: 17803
      bogo-ops-per-second-usr-sys-time: 1779.415097
      bogo-ops-per-second-real-time: 1779.414303
      wall-clock-time: 10.004977
      user-time: 10.004973
      system-time: 0.000000
      cpu-usage-per-instance: 99.999955
      max-rss: 3840

...
