---
system-info:
      stress-ng-version: 0.17.08
      run-by: root
      date-yyyy-mm-dd: 2024:06:14
      time-hh-mm-ss: 06:44:43
      epoch-secs: 1718347483
      hostname: 97f758cf34d9
      sysname: Linux
      nodename: 97f758cf34d9
      release: 6.8.0-1008-aws
      version: '#8-Ubuntu SMP Sat Apr 20 00:46:25 UTC 2024'
      machine: x86_64
      compiler: 'musl-gcc 13.2.1'
      uptime: 141
      totalram: 99083079680
      freeram: 94458011648
      sharedram: 37171200
      bufferram: 108380160
      totalswap: 0
      freeswap: 0
      pagesize: 4096
      cpus: 48
      cpus-online: 48
      ticks-per-second: 100

metrics:
    - stressor: cpu
      bogo-ops: 61537
      bogo-ops-per-second-usr-sys-time: 3076.893538
      bogo-ops-per-second-real-time: 3076.843214
      wall-clock-time: 20.000044
      user-time: 19.999717
      system-time: 0.000000
      cpu-usage-per-instance: 99.998364
      max-rss: 1152

...
