---
system-info:
      stress-ng-version: 0.17.08
      run-by: root
      date-yyyy-mm-dd: 2024:06:21
      time-hh-mm-ss: 05:50:54
      epoch-secs: 1718949054
      hostname: 674d65678d81
      sysname: Linux
      nodename: 674d65678d81
      release: 6.8.0-1008-gcp
      version: '#9-Ubuntu SMP Wed May 22 18:09:04 UTC 2024'
      machine: x86_64
      compiler: 'musl-gcc 13.2.1'
      uptime: 206
      totalram: 27311837184
      freeram: 22275493888
      sharedram: 48607232
      bufferram: 134922240
      totalswap: 0
      freeswap: 0
      pagesize: 4096
      cpus: 4
      cpus-online: 4
      ticks-per-second: 100

metrics:
    - stressor: cpu
      bogo-ops: 22206
      bogo-ops-per-second-usr-sys-time: 1110.479953
      bogo-ops-per-second-real-time: 1110.290086
      wall-clock-time: 20.000179
      user-time: 19.996759
      system-time: 0.000000
      cpu-usage-per-instance: 99.982902
      max-rss: 1104

...
