---
system-info:
      stress-ng-version: 0.17.08
      run-by: root
      date-yyyy-mm-dd: 2024:09:23
      time-hh-mm-ss: 22:46:59
      epoch-secs: 1727131619
      hostname: c4-standard-32-f48b871
      sysname: Linux
      nodename: c4-standard-32-f48b871
      release: 6.8.0-1014-gcp
      version: '#16-Ubuntu SMP Mon Aug 26 15:55:46 UTC 2024'
      machine: x86_64
      compiler: 'musl-gcc 13.2.1'
      uptime: 217
      totalram: 126605070336
      freeram: 115926339584
      sharedram: 274702336
      bufferram: 253095936
      totalswap: 0
      freeswap: 0
      pagesize: 4096
      cpus: 32
      cpus-online: 32
      ticks-per-second: 100

metrics:
    - stressor: cpu
      bogo-ops: 41760
      bogo-ops-per-second-usr-sys-time: 2088.036123
      bogo-ops-per-second-real-time: 2087.997063
      wall-clock-time: 20.000028
      user-time: 19.999654
      system-time: 0.000000
      cpu-usage-per-instance: 99.998129
      max-rss: 776

...
