BaselineInfo:
  WebDBID: -1
  TimeStamp: 20250418120339
Version:
  Major: 11
  Minor: 0
  Build: 1002
  SpecialBuildName: ""
  ptArchitecture: x86_64_linux
Results:
  Results Complete: true
  NumTestProcesses: 48
  CPU_INTEGER_MATH: 229496.25833333336
  CPU_FLOATINGPOINT_MATH: 162616.82641360979
  CPU_PRIME: 478.86331988064126
  CPU_SORTING: 113276.98105694143
  CPU_ENCRYPTION: 50501.659270857563
  CPU_COMPRESSION: 818790.13972484169
  CPU_SINGLETHREAD: 2919.3736588447177
  CPU_PHYSICS: 10818.897498215541
  CPU_MATRIX_MULT_SSE: 70047.083546925685
  CPU_mm: 6494.5795018999934
  CPU_sse: 28184.528600984991
  CPU_fma: 77426.91149285053
  CPU_avx: 59411.369062215097
  CPU_avx512: 115165.52503165211
  m_CPU_enc_SHA: 53405898105.746452
  m_CPU_enc_AES: 69620383473.031143
  m_CPU_enc_ECDSA: 35838202036.018631
  ME_ALLOC_S: 24034.711465404049
  ME_READ_S: 26585.809960937499
  ME_READ_L: 10174.51953125
  ME_WRITE: 9214.5771484375
  ME_LARGE: 762800.16666666663
  ME_LATENCY: 61.450287949561364
  ME_THREADED: 398930.1123046875
  SUMM_CPU: 63798.645270810048
  SUMM_ME: 2546.7160350046361
SystemInformation:
  OSName: Ubuntu 24.04.2 LTS
  Kernel: 6.8.0-1021-azure
  Device: ""
  Processor: INTEL XEON PLATINUM 8573C
  NumSockets: 2
  Manufacturer: GenuineIntel
  NumCores: 24
  NumLogicals: 48
  CPUFrequency: 2300
  Memory: 774010
  MemModuleInfo:
    iNumMemSticks: 4
    DIMM 1:
      manufacturer: Microsoft Corporation
      modulePartNo: None
      memType: Unknown
      size: 1
      clkspeed: 0
      moduleVoltage: 0
    DIMM 2:
      manufacturer: Microsoft Corporation
      modulePartNo: None
      memType: Unknown
      size: 59
      clkspeed: 0
      moduleVoltage: 0
    DIMM 3:
      manufacturer: Microsoft Corporation
      modulePartNo: None
      memType: Unknown
      size: 324
      clkspeed: 0
      moduleVoltage: 0
    DIMM 4:
      manufacturer: Microsoft Corporation
      modulePartNo: None
      memType: Unknown
      size: 384
      clkspeed: 0
      moduleVoltage: 0
Checksum: C0475FED9D2B4C242D1901F7E74208ED5927C67E