BaselineInfo:
  WebDBID: -1
  TimeStamp: 20241114165319
Version:
  Major: 11
  Minor: 0
  Build: 1002
  SpecialBuildName: ""
  ptArchitecture: x86_64_linux
Results:
  Results Complete: true
  NumTestProcesses: 1
  CPU_INTEGER_MATH: 2978.4263333333333
  CPU_FLOATINGPOINT_MATH: 2469.2811151742667
  CPU_PRIME: 9.3160550241075804
  CPU_SORTING: 1715.9419628618307
  CPU_ENCRYPTION: 381.18317983432098
  CPU_COMPRESSION: 13940.284330003577
  CPU_SINGLETHREAD: 1363.2203209737722
  CPU_PHYSICS: 169.6531890882807
  CPU_MATRIX_MULT_SSE: 1154.9627404226112
  CPU_mm: 136.87623335834459
  CPU_sse: 522.10355846353229
  CPU_fma: 1682.4856001665769
  CPU_avx: 1118.9951972726133
  CPU_avx512: 1296.2666057877225
  m_CPU_enc_SHA: 211982647.04965517
  m_CPU_enc_AES: 803932343.53549671
  m_CPU_enc_ECDSA: 183183611.34870693
  ME_ALLOC_S: 533.85604106780465
  ME_READ_S: 17857.557226562501
  ME_READ_L: 7011.03564453125
  ME_WRITE: 7132.7578125
  ME_LARGE: 557
  ME_LATENCY: 64.098832089518325
  ME_THREADED: 7040.76220703125
  SUMM_CPU: 1211.3179620550102
  SUMM_ME: 752.99269757648653
SystemInformation:
  OSName: Ubuntu 24.04.1 LTS
  Kernel: 6.8.0-1017-azure
  Device: ""
  Processor: Intel Xeon Platinum 8171M CPU @ 2.60GHz
  NumSockets: 1
  Manufacturer: GenuineIntel
  NumCores: 1
  NumLogicals: 1
  CPUFrequency: 0
  Memory: 1899
  MemModuleInfo:
    iNumMemSticks: 2
    DIMM 1:
      manufacturer: Microsoft Corporation
      modulePartNo: None
      memType: Unknown
      size: 1
      clkspeed: 0
      moduleVoltage: 0
    DIMM 2:
      manufacturer: Microsoft Corporation
      modulePartNo: None
      memType: Unknown
      size: 1
      clkspeed: 0
      moduleVoltage: 0
Checksum: 681823B933683D7A5828D017DBAF6A17C73950C3