BaselineInfo:
  WebDBID: -1
  TimeStamp: 20241115093033
Version:
  Major: 11
  Minor: 0
  Build: 1002
  SpecialBuildName: ""
  ptArchitecture: x86_64_linux
Results:
  Results Complete: true
  NumTestProcesses: 1
  CPU_INTEGER_MATH: 3542.971
  CPU_FLOATINGPOINT_MATH: 3024.7212870573208
  CPU_PRIME: 10.69731219215087
  CPU_SORTING: 2128.8263057725112
  CPU_ENCRYPTION: 454.19970650794704
  CPU_COMPRESSION: 16910.726790223958
  CPU_SINGLETHREAD: 1645.4249693359459
  CPU_PHYSICS: 197.23675411778385
  CPU_MATRIX_MULT_SSE: 1401.6991153219117
  CPU_mm: 163.3619554510048
  CPU_sse: 616.36882242131173
  CPU_fma: 2015.9165703150791
  CPU_avx: 1346.351791274509
  CPU_avx512: 1628.1592772767469
  m_CPU_enc_SHA: 251155199.49284935
  m_CPU_enc_AES: 961408512.57053268
  m_CPU_enc_ECDSA: 216225022.29044908
  ME_ALLOC_S: 623.66227195794954
  ME_READ_S: 21153.717578125001
  ME_READ_L: 9834.9326171875
  ME_WRITE: 9163.9013671875
  ME_LARGE: 628
  ME_LATENCY: 52.753559748637166
  ME_THREADED: 11305.7998046875
  SUMM_CPU: 1459.1570801384019
  SUMM_ME: 919.77380604536052
SystemInformation:
  OSName: Ubuntu 24.04.1 LTS
  Kernel: 6.8.0-1017-azure
  Device: ""
  Processor: Intel Xeon Platinum 8272CL CPU @ 2.60GHz
  NumSockets: 1
  Manufacturer: GenuineIntel
  NumCores: 1
  NumLogicals: 1
  CPUFrequency: 0
  Memory: 1899
  MemModuleInfo:
    iNumMemSticks: 2
    DIMM 1:
      manufacturer: Microsoft Corporation
      modulePartNo: None
      memType: Unknown
      size: 1
      clkspeed: 0
      moduleVoltage: 0
    DIMM 2:
      manufacturer: Microsoft Corporation
      modulePartNo: None
      memType: Unknown
      size: 1
      clkspeed: 0
      moduleVoltage: 0
Checksum: 0B86A159C452B00F6F6D883A96005391F0B6ECBD