BaselineInfo:
  WebDBID: -1
  TimeStamp: 20241106221353
Version:
  Major: 11
  Minor: 0
  Build: 1002
  SpecialBuildName: ""
  ptArchitecture: x86_64_linux
Results:
  Results Complete: true
  NumTestProcesses: 1
  CPU_INTEGER_MATH: 3540.7936666666665
  CPU_FLOATINGPOINT_MATH: 3018.5663387823251
  CPU_PRIME: 10.851380635536758
  CPU_SORTING: 2091.7876124359154
  CPU_ENCRYPTION: 453.09277581671728
  CPU_COMPRESSION: 16821.128439563956
  CPU_SINGLETHREAD: 1637.6885097037509
  CPU_PHYSICS: 194.72814542604789
  CPU_MATRIX_MULT_SSE: 1395.3717524775575
  CPU_mm: 163.45185656326413
  CPU_sse: 627.05253666480542
  CPU_fma: 2003.3501056391267
  CPU_avx: 1345.1721083047253
  CPU_avx512: 1605.9122593015729
  m_CPU_enc_SHA: 250501656.19299021
  m_CPU_enc_AES: 960374413.22906959
  m_CPU_enc_ECDSA: 214430562.06231076
  ME_ALLOC_S: 601.08948741196195
  ME_READ_S: 21013.803124999999
  ME_READ_L: 7279.2236328125
  ME_WRITE: 6835.591796875
  ME_LARGE: 589
  ME_LATENCY: 59.577153009592415
  ME_THREADED: 7283.353515625
  SUMM_CPU: 1452.8716831970276
  SUMM_ME: 800.50666752917743
SystemInformation:
  OSName: Ubuntu 24.04.1 LTS
  Kernel: 6.8.0-1017-azure
  Device: ""
  Processor: Intel Xeon Platinum 8272CL CPU @ 2.60GHz
  NumSockets: 1
  Manufacturer: GenuineIntel
  NumCores: 1
  NumLogicals: 1
  CPUFrequency: 0
  Memory: 1899
  MemModuleInfo:
    iNumMemSticks: 2
    DIMM 1:
      manufacturer: Microsoft Corporation
      modulePartNo: None
      memType: Unknown
      size: 1
      clkspeed: 0
      moduleVoltage: 0
    DIMM 2:
      manufacturer: Microsoft Corporation
      modulePartNo: None
      memType: Unknown
      size: 1
      clkspeed: 0
      moduleVoltage: 0
Checksum: C1C38642D7214F7EA8201F766D3802C5460943A7