---
system-info:
      stress-ng-version: 0.17.08
      run-by: root
      date-yyyy-mm-dd: 2024:09:16
      time-hh-mm-ss: 13:12:55
      epoch-secs: 1726492375
      hostname: sc-runner
      sysname: Linux
      nodename: sc-runner
      release: 6.8.0-1014-azure
      version: '#16-Ubuntu SMP Thu Aug 15 20:04:41 UTC 2024'
      machine: x86_64
      compiler: 'musl-gcc 13.2.1'
      uptime: 347
      totalram: 33650909184
      freeram: 23480963072
      sharedram: 42057728
      bufferram: 237309952
      totalswap: 0
      freeswap: 0
      pagesize: 4096
      cpus: 8
      cpus-online: 8
      ticks-per-second: 100

metrics:
    - stressor: cpu
      bogo-ops: 28197
      bogo-ops-per-second-usr-sys-time: 1409.935724
      bogo-ops-per-second-real-time: 1409.845361
      wall-clock-time: 20.000066
      user-time: 19.996785
      system-time: 0.001999
      cpu-usage-per-instance: 99.993591
      max-rss: 3152

...
