---
system-info:
      stress-ng-version: 0.17.08
      run-by: root
      date-yyyy-mm-dd: 2024:09:03
      time-hh-mm-ss: 13:21:32
      epoch-secs: 1725369692
      hostname: sc-runner
      sysname: Linux
      nodename: sc-runner
      release: 6.8.0-1013-azure
      version: '#15-Ubuntu SMP Thu Aug  8 18:40:40 UTC 2024'
      machine: x86_64
      compiler: 'musl-gcc 13.2.1'
      uptime: 370
      totalram: 33650925568
      freeram: 25091907584
      sharedram: 42057728
      bufferram: 222416896
      totalswap: 0
      freeswap: 0
      pagesize: 4096
      cpus: 8
      cpus-online: 8
      ticks-per-second: 100

metrics:
    - stressor: cpu
      bogo-ops: 28242
      bogo-ops-per-second-usr-sys-time: 1412.202738
      bogo-ops-per-second-real-time: 1412.087476
      wall-clock-time: 20.000177
      user-time: 19.997546
      system-time: 0.000999
      cpu-usage-per-instance: 99.991838
      max-rss: 3152

...
