---
system-info:
      stress-ng-version: 0.17.08
      run-by: root
      date-yyyy-mm-dd: 2024:07:12
      time-hh-mm-ss: 02:45:58
      epoch-secs: 1720752358
      hostname: ip-172-31-3-66
      sysname: Linux
      nodename: ip-172-31-3-66
      release: 6.8.0-1010-aws
      version: '#10-Ubuntu SMP Thu Jun 13 17:48:42 UTC 2024'
      machine: aarch64
      compiler: 'musl-gcc 13.2.1'
      uptime: 163
      totalram: 66195759104
      freeram: 60735561728
      sharedram: 35086336
      bufferram: 142200832
      totalswap: 0
      freeswap: 0
      pagesize: 4096
      cpus: 32
      cpus-online: 32
      ticks-per-second: 100

metrics:
    - stressor: cpu
      bogo-ops: 971380
      bogo-ops-per-second-usr-sys-time: 1518.675517
      bogo-ops-per-second-real-time: 48568.823970
      wall-clock-time: 20.000072
      user-time: 639.604153
      system-time: 0.018985
      cpu-usage-per-instance: 99.940753
      max-rss: 1024

...
