---
system-info:
      stress-ng-version: 0.17.08
      run-by: root
      date-yyyy-mm-dd: 2024:06:10
      time-hh-mm-ss: 03:24:00
      epoch-secs: 1717989840
      hostname: a824fb877a2e
      sysname: Linux
      nodename: a824fb877a2e
      release: 6.8.0-1008-aws
      version: '#8-Ubuntu SMP Sat Apr 20 00:46:25 UTC 2024'
      machine: x86_64
      compiler: 'musl-gcc 13.2.1'
      uptime: 117
      totalram: 1081964466176
      freeram: 1074729373696
      sharedram: 129421312
      bufferram: 114343936
      totalswap: 0
      freeswap: 0
      pagesize: 4096
      cpus: 128
      cpus-online: 128
      ticks-per-second: 100

metrics:
    - stressor: cpu
      bogo-ops: 22171
      bogo-ops-per-second-usr-sys-time: 2217.092240
      bogo-ops-per-second-real-time: 2217.092335
      wall-clock-time: 10.000035
      user-time: 9.999035
      system-time: 0.001000
      cpu-usage-per-instance: 100.000004
      max-rss: 3072

...
