---
system-info:
      stress-ng-version: 0.17.08
      run-by: root
      date-yyyy-mm-dd: 2024:06:16
      time-hh-mm-ss: 05:55:15
      epoch-secs: 1718517315
      hostname: c8b023f6edfd
      sysname: Linux
      nodename: c8b023f6edfd
      release: 6.8.0-1008-aws
      version: '#8-Ubuntu SMP Sat Apr 20 00:46:25 UTC 2024'
      machine: x86_64
      compiler: 'musl-gcc 13.2.1'
      uptime: 136
      totalram: 1081964511232
      freeram: 1074753896448
      sharedram: 129421312
      bufferram: 110632960
      totalswap: 0
      freeswap: 0
      pagesize: 4096
      cpus: 128
      cpus-online: 128
      ticks-per-second: 100

metrics:
    - stressor: cpu
      bogo-ops: 42511
      bogo-ops-per-second-usr-sys-time: 2125.545005
      bogo-ops-per-second-real-time: 2125.544147
      wall-clock-time: 20.000055
      user-time: 20.000047
      system-time: 0.000000
      cpu-usage-per-instance: 99.999960
      max-rss: 0

...
