---
system-info:
      stress-ng-version: 0.17.08
      run-by: root
      date-yyyy-mm-dd: 2024:06:08
      time-hh-mm-ss: 15:40:56
      epoch-secs: 1717861256
      hostname: 3775297155cb
      sysname: Linux
      nodename: 3775297155cb
      release: 6.8.0-1008-aws
      version: '#8-Ubuntu SMP Sat Apr 20 00:46:25 UTC 2024'
      machine: x86_64
      compiler: 'musl-gcc 13.2.1'
      uptime: 130
      totalram: 264731160576
      freeram: 259516313600
      sharedram: 70602752
      bufferram: 103133184
      totalswap: 0
      freeswap: 0
      pagesize: 4096
      cpus: 64
      cpus-online: 64
      ticks-per-second: 100

metrics:
    - stressor: cpu
      bogo-ops: 16802
      bogo-ops-per-second-usr-sys-time: 1679.803734
      bogo-ops-per-second-real-time: 1679.794940
      wall-clock-time: 10.002411
      user-time: 10.001359
      system-time: 0.001000
      cpu-usage-per-instance: 99.999476
      max-rss: 3584

...
