---
system-info:
      stress-ng-version: 0.17.08
      run-by: root
      date-yyyy-mm-dd: 2024:06:14
      time-hh-mm-ss: 21:41:56
      epoch-secs: 1718401316
      hostname: fba705d4ba51
      sysname: Linux
      nodename: fba705d4ba51
      release: 6.8.0-1008-aws
      version: '#8-Ubuntu SMP Sat Apr 20 00:46:25 UTC 2024'
      machine: x86_64
      compiler: 'musl-gcc 13.2.1'
      uptime: 152
      totalram: 264731189248
      freeram: 259591254016
      sharedram: 70602752
      bufferram: 109846528
      totalswap: 0
      freeswap: 0
      pagesize: 4096
      cpus: 64
      cpus-online: 64
      ticks-per-second: 100

metrics:
    - stressor: cpu
      bogo-ops: 59848
      bogo-ops-per-second-usr-sys-time: 2992.462094
      bogo-ops-per-second-real-time: 2992.388763
      wall-clock-time: 20.000075
      user-time: 19.999585
      system-time: 0.000000
      cpu-usage-per-instance: 99.997549
      max-rss: 512

...
