BaselineInfo:
  WebDBID: -1
  TimeStamp: 20251219111422
Version:
  Major: 11
  Minor: 0
  Build: 1002
  SpecialBuildName: ""
  ptArchitecture: x86_64_linux
Results:
  Results Complete: true
  NumTestProcesses: 128
  CPU_INTEGER_MATH: 674319.25766666711
  CPU_FLOATINGPOINT_MATH: 451092.35896733316
  CPU_PRIME: 1485.4875128221377
  CPU_SORTING: 316815.97341357748
  CPU_ENCRYPTION: 139192.45561180633
  CPU_COMPRESSION: 2214921.7448294871
  CPU_SINGLETHREAD: 2935.8972265150373
  CPU_PHYSICS: 19795.462241221707
  CPU_MATRIX_MULT_SSE: 151387.39130919825
  CPU_mm: 16286.783646514963
  CPU_sse: 74114.677717447397
  CPU_fma: 214913.13752701302
  CPU_avx: 165134.35868313443
  CPU_avx512: 0
  m_CPU_enc_SHA: 197927158105.71042
  m_CPU_enc_AES: 129701169027.7955
  m_CPU_enc_ECDSA: 110233277873.31047
  ME_ALLOC_S: 29393.134879647379
  ME_READ_S: 27855.038671875001
  ME_READ_L: 26642.798828125
  ME_WRITE: 25811.767578125
  ME_LARGE: 490223.91666666669
  ME_LATENCY: 71.469203461458079
  ME_THREADED: 408288.4248046875
  SUMM_CPU: 113810.7609318498
  SUMM_ME: 3004.2177433424408
SystemInformation:
  OSName: Ubuntu 24.04.2 LTS
  Kernel: 6.8.0-86-generic
  Device: ""
  Processor: AMD EPYC-Milan Processor
  NumSockets: 128
  Manufacturer: AuthenticAMD
  NumCores: 128
  NumLogicals: 128
  CPUFrequency: 0
  Memory: 503649
  MemModuleInfo:
    iNumMemSticks: 1
    DIMM 1:
      manufacturer: QEMU
      modulePartNo: Not Specified
      memType: RAM
      size: 500
      clkspeed: 0
      moduleVoltage: 0
Checksum: 986521B45AED7E5159DFEDE0A383D66F63871903