---
system-info:
      stress-ng-version: 0.17.08
      run-by: root
      date-yyyy-mm-dd: 2024:06:07
      time-hh-mm-ss: 15:26:09
      epoch-secs: 1717773969
      hostname: b77661372f46
      sysname: Linux
      nodename: b77661372f46
      release: 6.8.0-1008-aws
      version: '#8-Ubuntu SMP Sat Apr 20 02:43:14 UTC 2024'
      machine: aarch64
      compiler: 'musl-gcc 13.2.1'
      uptime: 143
      totalram: 16435384320
      freeram: 12256083968
      sharedram: 35012608
      bufferram: 91291648
      totalswap: 0
      freeswap: 0
      pagesize: 4096
      cpus: 4
      cpus-online: 4
      ticks-per-second: 100

metrics:
    - stressor: cpu
      bogo-ops: 2940
      bogo-ops-per-second-usr-sys-time: 292.675264
      bogo-ops-per-second-real-time: 292.663371
      wall-clock-time: 10.045671
      user-time: 10.044263
      system-time: 0.001000
      cpu-usage-per-instance: 99.995936
      max-rss: 4136

...
