---
system-info:
      stress-ng-version: 0.17.08
      run-by: root
      date-yyyy-mm-dd: 2024:06:14
      time-hh-mm-ss: 14:42:03
      epoch-secs: 1718376123
      hostname: 33de839a1476
      sysname: Linux
      nodename: 33de839a1476
      release: 6.8.0-1008-aws
      version: '#8-Ubuntu SMP Sat Apr 20 02:43:14 UTC 2024'
      machine: aarch64
      compiler: 'musl-gcc 13.2.1'
      uptime: 165
      totalram: 16435384320
      freeram: 12178681856
      sharedram: 35012608
      bufferram: 108949504
      totalswap: 0
      freeswap: 0
      pagesize: 4096
      cpus: 4
      cpus-online: 4
      ticks-per-second: 100

metrics:
    - stressor: cpu
      bogo-ops: 30401
      bogo-ops-per-second-usr-sys-time: 1520.132695
      bogo-ops-per-second-real-time: 1520.044510
      wall-clock-time: 20.000072
      user-time: 19.997913
      system-time: 0.000999
      cpu-usage-per-instance: 99.994199
      max-rss: 1192

...
