size_kb,operation,bandwidth_mb_s,latency_ns,latency_stddev_ns,latency_samples,threads,iterations,elapsed_s
32,read,1991895.48,0,0,0,32,469043,0.235476
32,write,1199028.75,0,0,0,32,277161,0.231155
32,copy,1138214.54,0,0,0,32,241779,0.212420
32,latency,0,2.72,0.00,7,1,7,0.390388
128,read,1372676.02,0,0,0,32,81459,0.237373
128,write,1203332.52,0,0,0,32,72886,0.242280
128,copy,979465.15,0,0,0,32,57155,0.233413
128,latency,0,4.40,0.00,7,1,7,0.702631
512,read,1268057.08,0,0,0,32,19888,0.250941
512,write,997385.93,0,0,0,32,18960,0.304155
512,copy,259348.22,0,0,0,32,13786,0.850501
512,latency,0,7.43,0.01,7,1,7,0.702959
1024,read,712820.85,0,0,0,32,9283,0.416733
1024,write,426227.85,0,0,0,32,9459,0.710155
1024,copy,123843.36,0,0,0,32,6220,1.607192
1024,latency,0,12.43,0.02,7,1,7,0.666833
2048,read,326172.23,0,0,0,32,3495,0.685773
2048,write,240046.28,0,0,0,32,4746,1.265356
2048,copy,93178.10,0,0,0,32,2613,1.794757
2048,latency,0,25.21,0.28,7,1,7,0.690060
8192,read,183890.72,0,0,0,32,729,1.014864
8192,write,171466.21,0,0,0,32,1190,1.776677
8192,copy,78644.40,0,0,0,32,624,2.031219
8192,latency,0,33.56,4.02,21,1,21,2.000909
16384,read,167748.64,0,0,0,32,342,1.043848
16384,write,163556.05,0,0,0,32,591,1.850081
16384,copy,77699.42,0,0,0,32,283,1.864827
16384,latency,0,71.41,3.56,14,1,14,1.372991
32768,read,162006.09,0,0,0,32,156,0.986037
32768,write,157622.94,0,0,0,32,294,1.909976
32768,copy,75430.79,0,0,0,32,120,1.629043
32768,latency,0,98.52,0.62,7,1,7,2.264934
65536,read,154634.74,0,0,0,32,71,0.940332
65536,write,156942.48,0,0,0,32,147,1.918257
65536,copy,76932.46,0,0,0,32,60,1.597245
65536,latency,0,97.06,0.65,7,1,7,4.472620
131072,read,160166.98,0,0,0,32,36,0.920639
131072,write,159154.44,0,0,0,32,72,1.852993
131072,copy,76557.94,0,0,0,32,29,1.551557
131072,latency,0,100.60,0.32,7,1,7,9.398058
