---
system-info:
      stress-ng-version: 0.17.08
      run-by: root
      date-yyyy-mm-dd: 2024:09:19
      time-hh-mm-ss: 07:47:37
      epoch-secs: 1726732057
      hostname: sc-runner
      sysname: Linux
      nodename: sc-runner
      release: 6.8.0-1014-azure
      version: '#16-Ubuntu SMP Thu Aug 15 20:04:41 UTC 2024'
      machine: x86_64
      compiler: 'musl-gcc 13.2.1'
      uptime: 378
      totalram: 168787070976
      freeram: 158397394944
      sharedram: 42094592
      bufferram: 249290752
      totalswap: 0
      freeswap: 0
      pagesize: 4096
      cpus: 20
      cpus-online: 20
      ticks-per-second: 100

metrics:
    - stressor: cpu
      bogo-ops: 28239
      bogo-ops-per-second-usr-sys-time: 1411.956777
      bogo-ops-per-second-real-time: 1411.941803
      wall-clock-time: 20.000116
      user-time: 19.999904
      system-time: 0.000000
      cpu-usage-per-instance: 99.998939
      max-rss: 3188

...
