BaselineInfo:
  WebDBID: -1
  TimeStamp: 20250421190047
Version:
  Major: 11
  Minor: 0
  Build: 1002
  SpecialBuildName: ""
  ptArchitecture: aarch64_linux
Results:
  Results Complete: true
  NumTestProcesses: 32
  CPU_INTEGER_MATH: 167029.79566666667
  CPU_FLOATINGPOINT_MATH: 194086.24049240301
  CPU_PRIME: 425.14747222134594
  CPU_SORTING: 147746.48217220418
  CPU_ENCRYPTION: 6053.228610451959
  CPU_COMPRESSION: 212953.46398470199
  CPU_SINGLETHREAD: 1944.449314569219
  CPU_PHYSICS: 9096.6276001217775
  CPU_MATRIX_MULT_SSE: 29491.975401286094
  CPU_mm: 3636.9202377335146
  CPU_sse: 23212.109003087131
  CPU_fma: 35771.841799485061
  CPU_avx: 0
  CPU_avx512: 0
  m_CPU_enc_SHA: 9445227290.5203266
  m_CPU_enc_AES: 3443546323.6277471
  m_CPU_enc_ECDSA: 6153037116.1517477
  ME_ALLOC_S: 46924.963481677034
  ME_READ_S: 20590.806835937499
  ME_READ_L: 19925.47265625
  ME_WRITE: 21296.88671875
  ME_LARGE: 51835.083333333336
  ME_LATENCY: 47.155558646347629
  ME_THREADED: 381158.419921875
  SUMM_CPU: 26389.290071829633
  SUMM_ME: 3287.7543131706334
SystemInformation:
  OSName: Ubuntu 24.04.2 LTS
  Kernel: 6.8.0-1027-aws
  Device: ""
  Processor: ARM Neoverse-V2 32 Core 0 MHz
  NumSockets: 1
  Manufacturer: ARM
  NumCores: 32
  NumLogicals: 32
  CPUFrequency: 0
  Memory: 63129
Checksum: F3871830AEFE3F0DE6F472AD38AA6896C4096566