BaselineInfo:
  WebDBID: -1
  TimeStamp: 20241107191819
Version:
  Major: 11
  Minor: 0
  Build: 1002
  SpecialBuildName: ""
  ptArchitecture: x86_64_linux
Results:
  Results Complete: true
  NumTestProcesses: 8
  CPU_INTEGER_MATH: 24922.561999999998
  CPU_FLOATINGPOINT_MATH: 13352.059836220065
  CPU_PRIME: 52.124429862142627
  CPU_SORTING: 13234.428539353969
  CPU_ENCRYPTION: 3421.4396859490162
  CPU_COMPRESSION: 110458.13966772353
  CPU_SINGLETHREAD: 2019.083698321894
  CPU_PHYSICS: 925.22152752981447
  CPU_MATRIX_MULT_SSE: 7143.6716962973496
  CPU_mm: 710.87736984437493
  CPU_sse: 2718.4428363084749
  CPU_fma: 8770.2006712700568
  CPU_avx: 6137.0154079429431
  CPU_avx512: 10949.027869667927
  m_CPU_enc_SHA: 1125683563.1011477
  m_CPU_enc_AES: 8628057798.6452293
  m_CPU_enc_ECDSA: 1009177258.6546483
  ME_ALLOC_S: 2877.8340147044205
  ME_READ_S: 24341.157812500001
  ME_READ_L: 11126.080078125
  ME_WRITE: 9570.1005859375
  ME_LARGE: 6017
  ME_LATENCY: 49.660292139484369
  ME_THREADED: 44919.02685546875
  SUMM_CPU: 8529.1247132627032
  SUMM_ME: 2231.0494852701463
SystemInformation:
  OSName: Ubuntu 24.04.1 LTS
  Kernel: 6.8.0-1017-azure
  Device: ""
  Processor: Intel Xeon Platinum 8272CL CPU @ 2.60GHz
  NumSockets: 1
  Manufacturer: GenuineIntel
  NumCores: 4
  NumLogicals: 8
  CPUFrequency: 0
  Memory: 15988
  MemModuleInfo:
    iNumMemSticks: 2
    DIMM 1:
      manufacturer: Microsoft Corporation
      modulePartNo: None
      memType: Unknown
      size: 1
      clkspeed: 0
      moduleVoltage: 0
    DIMM 2:
      manufacturer: Microsoft Corporation
      modulePartNo: None
      memType: Unknown
      size: 15
      clkspeed: 0
      moduleVoltage: 0
Checksum: 58784E5150236B3AE266A408E5C9337FB2D951DD