---
system-info:
      stress-ng-version: 0.17.08
      run-by: root
      date-yyyy-mm-dd: 2024:09:04
      time-hh-mm-ss: 13:45:32
      epoch-secs: 1725457532
      hostname: ip-172-31-7-133
      sysname: Linux
      nodename: ip-172-31-7-133
      release: 6.8.0-1014-aws
      version: '#15-Ubuntu SMP Thu Aug  8 20:05:03 UTC 2024'
      machine: aarch64
      compiler: 'musl-gcc 13.2.1'
      uptime: 239
      totalram: 33574453248
      freeram: 25303216128
      sharedram: 3772416
      bufferram: 205889536
      totalswap: 0
      freeswap: 0
      pagesize: 4096
      cpus: 16
      cpus-online: 16
      ticks-per-second: 100

metrics:
    - stressor: cpu
      bogo-ops: 30161
      bogo-ops-per-second-usr-sys-time: 1508.193429
      bogo-ops-per-second-real-time: 1508.041209
      wall-clock-time: 20.000117
      user-time: 19.998098
      system-time: 0.000000
      cpu-usage-per-instance: 99.989907
      max-rss: 1320

...
