---
system-info:
      stress-ng-version: 0.17.08
      run-by: root
      date-yyyy-mm-dd: 2024:09:09
      time-hh-mm-ss: 21:34:58
      epoch-secs: 1725917698
      hostname: ip-172-31-13-194
      sysname: Linux
      nodename: ip-172-31-13-194
      release: 6.8.0-1014-aws
      version: '#15-Ubuntu SMP Thu Aug  8 20:05:03 UTC 2024'
      machine: aarch64
      compiler: 'musl-gcc 13.2.1'
      uptime: 256
      totalram: 33574461440
      freeram: 25412202496
      sharedram: 3731456
      bufferram: 207331328
      totalswap: 0
      freeswap: 0
      pagesize: 4096
      cpus: 16
      cpus-online: 16
      ticks-per-second: 100

metrics:
    - stressor: cpu
      bogo-ops: 30161
      bogo-ops-per-second-usr-sys-time: 1508.057691
      bogo-ops-per-second-real-time: 1508.043259
      wall-clock-time: 20.000089
      user-time: 19.999898
      system-time: 0.000000
      cpu-usage-per-instance: 99.999043
      max-rss: 1192

...
