---
system-info:
      stress-ng-version: 0.17.08
      run-by: root
      date-yyyy-mm-dd: 2024:06:04
      time-hh-mm-ss: 21:59:51
      epoch-secs: 1717538391
      hostname: def42025ba8d
      sysname: Linux
      nodename: def42025ba8d
      release: 6.8.0-1008-aws
      version: '#8-Ubuntu SMP Sat Apr 20 02:43:14 UTC 2024'
      machine: aarch64
      compiler: 'musl-gcc 13.2.1'
      uptime: 173
      totalram: 33574653952
      freeram: 29454897152
      sharedram: 3751936
      bufferram: 76447744
      totalswap: 0
      freeswap: 0
      pagesize: 4096
      cpus: 16
      cpus-online: 16
      ticks-per-second: 100

metrics:
    - stressor: cpu
      bogo-ops: 2056
      bogo-ops-per-second-usr-sys-time: 205.421304
      bogo-ops-per-second-real-time: 205.419881
      wall-clock-time: 10.008768
      user-time: 10.006700
      system-time: 0.001999
      cpu-usage-per-instance: 99.999307
      max-rss: 4008

...
