BaselineInfo:
  WebDBID: -1
  TimeStamp: 20241109155456
Version:
  Major: 11
  Minor: 0
  Build: 1002
  SpecialBuildName: ""
  ptArchitecture: x86_64_linux
Results:
  Results Complete: true
  NumTestProcesses: 48
  CPU_INTEGER_MATH: 136343.14599999998
  CPU_FLOATINGPOINT_MATH: 72999.547022279585
  CPU_PRIME: 173.71299918739106
  CPU_SORTING: 68650.238140724512
  CPU_ENCRYPTION: 18583.235380669114
  CPU_COMPRESSION: 590685.9001078906
  CPU_SINGLETHREAD: 1958.7797035668277
  CPU_PHYSICS: 2552.4757528808668
  CPU_MATRIX_MULT_SSE: 37076.193640056386
  CPU_mm: 4126.3582947992545
  CPU_sse: 14771.700625045863
  CPU_fma: 43969.728116282466
  CPU_avx: 30999.123084154053
  CPU_avx512: 58564.222734743133
  m_CPU_enc_SHA: 6128860992.2764015
  m_CPU_enc_AES: 46848331320.847557
  m_CPU_enc_ECDSA: 5480611554.4375401
  ME_ALLOC_S: 15539.382136702332
  ME_READ_S: 23850.188085937501
  ME_READ_L: 10315.1259765625
  ME_WRITE: 10025.662109375
  ME_LARGE: 370828.16666666669
  ME_LATENCY: 52.184882003354495
  ME_THREADED: 113972.45458984375
  SUMM_CPU: 34726.922731740626
  SUMM_ME: 2655.7092343220011
SystemInformation:
  OSName: Ubuntu 24.04.1 LTS
  Kernel: 6.8.0-1016-aws
  Device: ""
  Processor: Intel Xeon Platinum 8259CL CPU @ 2.50GHz
  NumSockets: 1
  Manufacturer: GenuineIntel
  NumCores: 24
  NumLogicals: 48
  CPUFrequency: 0
  Memory: 382684
  MemModuleInfo:
    iNumMemSticks: 1
    DIMM 1:
      manufacturer: Not Specified
      modulePartNo: Not Specified
      memType: DDR4
      size: 384
      clkspeed: 1600
      moduleVoltage: 0
Checksum: 848F29959B1DF5040931A66B9D70C50D878B693D