BaselineInfo:
  WebDBID: -1
  TimeStamp: 20241109161036
Version:
  Major: 11
  Minor: 0
  Build: 1002
  SpecialBuildName: ""
  ptArchitecture: x86_64_linux
Results:
  Results Complete: true
  NumTestProcesses: 48
  CPU_INTEGER_MATH: 136289.5646666667
  CPU_FLOATINGPOINT_MATH: 72984.322613689394
  CPU_PRIME: 174.92169606417883
  CPU_SORTING: 68330.495544697624
  CPU_ENCRYPTION: 18576.765130413256
  CPU_COMPRESSION: 594118.69105172821
  CPU_SINGLETHREAD: 1949.7509716539598
  CPU_PHYSICS: 2546.4472066443936
  CPU_MATRIX_MULT_SSE: 37003.053883582761
  CPU_mm: 4130.0832041276863
  CPU_sse: 14852.339417810539
  CPU_fma: 43975.032799602101
  CPU_avx: 31065.707496716641
  CPU_avx512: 58119.135820201736
  m_CPU_enc_SHA: 6127026081.7701187
  m_CPU_enc_AES: 46833117525.6185
  m_CPU_enc_ECDSA: 5477306612.776001
  ME_ALLOC_S: 15658.369390974674
  ME_READ_S: 23832.289257812499
  ME_READ_L: 11544.9521484375
  ME_WRITE: 10818.4228515625
  ME_LARGE: 370719.25
  ME_LATENCY: 52.781682675987987
  ME_THREADED: 114117.22412109375
  SUMM_CPU: 34693.258664406225
  SUMM_ME: 2732.0623889740668
SystemInformation:
  OSName: Ubuntu 24.04.1 LTS
  Kernel: 6.8.0-1016-aws
  Device: ""
  Processor: Intel Xeon Platinum 8259CL CPU @ 2.50GHz
  NumSockets: 1
  Manufacturer: GenuineIntel
  NumCores: 24
  NumLogicals: 48
  CPUFrequency: 0
  Memory: 382684
  MemModuleInfo:
    iNumMemSticks: 1
    DIMM 1:
      manufacturer: Not Specified
      modulePartNo: Not Specified
      memType: DDR4
      size: 384
      clkspeed: 1600
      moduleVoltage: 0
Checksum: EAAE42D3678DF5895DE13E0AF1D9C856E613871E