---
system-info:
      stress-ng-version: 0.17.08
      run-by: root
      date-yyyy-mm-dd: 2024:09:23
      time-hh-mm-ss: 21:38:27
      epoch-secs: 1727127507
      hostname: sc-runner
      sysname: Linux
      nodename: sc-runner
      release: 6.8.0-1014-azure
      version: '#16-Ubuntu SMP Thu Aug 15 20:04:41 UTC 2024'
      machine: x86_64
      compiler: 'musl-gcc 13.2.1'
      uptime: 340
      totalram: 405534773248
      freeram: 394434768896
      sharedram: 38281216
      bufferram: 253669376
      totalswap: 0
      freeswap: 0
      pagesize: 4096
      cpus: 48
      cpus-online: 48
      ticks-per-second: 100

metrics:
    - stressor: cpu
      bogo-ops: 54071
      bogo-ops-per-second-usr-sys-time: 2703.550406
      bogo-ops-per-second-real-time: 2703.541105
      wall-clock-time: 20.000066
      user-time: 19.998998
      system-time: 0.000999
      cpu-usage-per-instance: 99.999656
      max-rss: 3200

...
