BaselineInfo:
  WebDBID: -1
  TimeStamp: 20241115025932
Version:
  Major: 11
  Minor: 0
  Build: 1002
  SpecialBuildName: ""
  ptArchitecture: aarch64_linux
Results:
  Results Complete: true
  NumTestProcesses: 2
  CPU_INTEGER_MATH: 9394.2939999999999
  CPU_FLOATINGPOINT_MATH: 7155.6231750299221
  CPU_PRIME: 18.388676395014762
  CPU_SORTING: 6773.2597022364826
  CPU_ENCRYPTION: 324.00033213980987
  CPU_COMPRESSION: 10448.154901932254
  CPU_SINGLETHREAD: 1331.022174072054
  CPU_PHYSICS: 376.9194885812812
  CPU_MATRIX_MULT_SSE: 1486.1323254912058
  CPU_mm: 247.50966177437337
  CPU_sse: 1245.3403381574562
  CPU_fma: 1726.9243128249555
  CPU_avx: 0
  CPU_avx512: 0
  m_CPU_enc_SHA: 488815908.87513155
  m_CPU_enc_AES: 225645931.67980862
  m_CPU_enc_ECDSA: 304755076.26655972
  ME_ALLOC_S: 0
  ME_READ_S: 0
  ME_READ_L: 0
  ME_WRITE: 0
  ME_LARGE: 0
  ME_LATENCY: 0
  ME_THREADED: 0
  SUMM_CPU: 1607.8349367884143
  SUMM_ME: 0
SystemInformation:
  OSName: Ubuntu 24.04.1 LTS
  Kernel: 6.8.0-1017-azure
  Device: ""
  Processor: ARM Neoverse-N1 2 Core 0 MHz
  NumSockets: 1
  Manufacturer: ARM
  NumCores: 2
  NumLogicals: 2
  CPUFrequency: 0
  Memory: 955
Checksum: 3FA8E88D792CFDA6866F07A9D5F5BBDD15724D4B