BaselineInfo:
  WebDBID: -1
  TimeStamp: 20241115103020
Version:
  Major: 11
  Minor: 0
  Build: 1002
  SpecialBuildName: ""
  ptArchitecture: aarch64_linux
Results:
  Results Complete: true
  NumTestProcesses: 2
  CPU_INTEGER_MATH: 9386.2473333333328
  CPU_FLOATINGPOINT_MATH: 7151.2221077209288
  CPU_PRIME: 17.96741569199272
  CPU_SORTING: 6784.1175216197153
  CPU_ENCRYPTION: 321.58627749538005
  CPU_COMPRESSION: 10527.220788495442
  CPU_SINGLETHREAD: 1331.4008096962866
  CPU_PHYSICS: 375.06313804576143
  CPU_MATRIX_MULT_SSE: 1480.0128965593562
  CPU_mm: 248.65460595314059
  CPU_sse: 1230.6913658999315
  CPU_fma: 1729.3344272187812
  CPU_avx: 0
  CPU_avx512: 0
  m_CPU_enc_SHA: 479437311.90416968
  m_CPU_enc_AES: 224309162.60495955
  m_CPU_enc_ECDSA: 307876483.02385783
  ME_ALLOC_S: 1425.2011405106882
  ME_READ_S: 11364.306933593751
  ME_READ_L: 8571.1748046875
  ME_WRITE: 15025.3212890625
  ME_LARGE: 544.5
  ME_LATENCY: 72.737638450445559
  ME_THREADED: 16935.6748046875
  SUMM_CPU: 1605.2512579218101
  SUMM_ME: 829.39942069462018
SystemInformation:
  OSName: Ubuntu 24.04.1 LTS
  Kernel: 6.8.0-1017-azure
  Device: ""
  Processor: ARM Neoverse-N1 2 Core 0 MHz
  NumSockets: 1
  Manufacturer: ARM
  NumCores: 2
  NumLogicals: 2
  CPUFrequency: 0
  Memory: 955
Checksum: DEFBC9DD375840446372B0BC7EB0FF44CC6669FB