BaselineInfo:
  WebDBID: -1
  TimeStamp: 20241115081642
Version:
  Major: 11
  Minor: 0
  Build: 1002
  SpecialBuildName: ""
  ptArchitecture: aarch64_linux
Results:
  Results Complete: true
  NumTestProcesses: 2
  CPU_INTEGER_MATH: 9383.099666666667
  CPU_FLOATINGPOINT_MATH: 7150.562955838308
  CPU_PRIME: 18.031417812875056
  CPU_SORTING: 6769.1319960544952
  CPU_ENCRYPTION: 322.36158499352797
  CPU_COMPRESSION: 10369.326112893468
  CPU_SINGLETHREAD: 1332.836474143653
  CPU_PHYSICS: 383.54456289437923
  CPU_MATRIX_MULT_SSE: 1483.9932804139316
  CPU_mm: 248.8093722095617
  CPU_sse: 1244.6051953501978
  CPU_fma: 1723.3813654776654
  CPU_avx: 0
  CPU_avx512: 0
  m_CPU_enc_SHA: 480601253.32469034
  m_CPU_enc_AES: 224147201.28910512
  m_CPU_enc_ECDSA: 309313409.42472541
  ME_ALLOC_S: 0
  ME_READ_S: 0
  ME_READ_L: 0
  ME_WRITE: 0
  ME_LARGE: 0
  ME_LATENCY: 0
  ME_THREADED: 0
  SUMM_CPU: 1600.5072180408997
  SUMM_ME: 0
SystemInformation:
  OSName: Ubuntu 24.04.1 LTS
  Kernel: 6.8.0-1017-azure
  Device: ""
  Processor: ARM Neoverse-N1 2 Core 0 MHz
  NumSockets: 1
  Manufacturer: ARM
  NumCores: 2
  NumLogicals: 2
  CPUFrequency: 0
  Memory: 955
Checksum: 242AB5DB2CED55296940F7CBC50FE2D19781C786