BaselineInfo:
  WebDBID: -1
  TimeStamp: 20241114185447
Version:
  Major: 11
  Minor: 0
  Build: 1002
  SpecialBuildName: ""
  ptArchitecture: aarch64_linux
Results:
  Results Complete: true
  NumTestProcesses: 2
  CPU_INTEGER_MATH: 9386.886333333332
  CPU_FLOATINGPOINT_MATH: 7148.809854548861
  CPU_PRIME: 17.784040664233665
  CPU_SORTING: 6732.4701662091102
  CPU_ENCRYPTION: 323.86726144483669
  CPU_COMPRESSION: 10545.435587173948
  CPU_SINGLETHREAD: 1330.4958626629475
  CPU_PHYSICS: 375.61898204288246
  CPU_MATRIX_MULT_SSE: 1486.7873500405735
  CPU_mm: 247.41325370063339
  CPU_sse: 1244.9798416674025
  CPU_fma: 1728.5948584137445
  CPU_avx: 0
  CPU_avx512: 0
  m_CPU_enc_SHA: 488747300.12864625
  m_CPU_enc_AES: 225890291.16447425
  m_CPU_enc_ECDSA: 304160721.31722283
  ME_ALLOC_S: 0
  ME_READ_S: 0
  ME_READ_L: 0
  ME_WRITE: 0
  ME_LARGE: 0
  ME_LATENCY: 0
  ME_THREADED: 0
  SUMM_CPU: 1610.2825927777237
  SUMM_ME: 0
SystemInformation:
  OSName: Ubuntu 24.04.1 LTS
  Kernel: 6.8.0-1017-azure
  Device: ""
  Processor: ARM Neoverse-N1 2 Core 0 MHz
  NumSockets: 1
  Manufacturer: ARM
  NumCores: 2
  NumLogicals: 2
  CPUFrequency: 0
  Memory: 955
Checksum: 8EADB89A541005FBB2C40AE06C0D7F5C0DF0C348