BaselineInfo:
  WebDBID: -1
  TimeStamp: 20241114163256
Version:
  Major: 11
  Minor: 0
  Build: 1002
  SpecialBuildName: ""
  ptArchitecture: aarch64_linux
Results:
  Results Complete: true
  NumTestProcesses: 2
  CPU_INTEGER_MATH: 9268.9316666666673
  CPU_FLOATINGPOINT_MATH: 7152.4120823804042
  CPU_PRIME: 18.044259128715112
  CPU_SORTING: 6727.4133827918631
  CPU_ENCRYPTION: 322.28818133910073
  CPU_COMPRESSION: 10438.802149140385
  CPU_SINGLETHREAD: 1329.861437204218
  CPU_PHYSICS: 381.50103128236418
  CPU_MATRIX_MULT_SSE: 1485.8813668850771
  CPU_mm: 246.62971026555522
  CPU_sse: 1244.5890972933812
  CPU_fma: 1727.173636476773
  CPU_avx: 0
  CPU_avx512: 0
  m_CPU_enc_SHA: 488505327.19697762
  m_CPU_enc_AES: 225659291.51865232
  m_CPU_enc_ECDSA: 299666337.39185667
  ME_ALLOC_S: 0
  ME_READ_S: 0
  ME_READ_L: 0
  ME_WRITE: 0
  ME_LARGE: 0
  ME_LATENCY: 0
  ME_THREADED: 0
  SUMM_CPU: 1601.6590929677336
  SUMM_ME: 0
SystemInformation:
  OSName: Ubuntu 24.04.1 LTS
  Kernel: 6.8.0-1017-azure
  Device: ""
  Processor: ARM Neoverse-N1 2 Core 0 MHz
  NumSockets: 1
  Manufacturer: ARM
  NumCores: 2
  NumLogicals: 2
  CPUFrequency: 0
  Memory: 955
Checksum: 72BD9ADA19DA15258C7344A29E1D8E455A49EBD0