BaselineInfo:
  WebDBID: -1
  TimeStamp: 20241114212604
Version:
  Major: 11
  Minor: 0
  Build: 1002
  SpecialBuildName: ""
  ptArchitecture: aarch64_linux
Results:
  Results Complete: true
  NumTestProcesses: 2
  CPU_INTEGER_MATH: 9391.241
  CPU_FLOATINGPOINT_MATH: 7150.5173728180835
  CPU_PRIME: 17.749125796604083
  CPU_SORTING: 6721.0194023726617
  CPU_ENCRYPTION: 321.62057392582767
  CPU_COMPRESSION: 10432.76881810138
  CPU_SINGLETHREAD: 1331.3623469494585
  CPU_PHYSICS: 383.6198663033083
  CPU_MATRIX_MULT_SSE: 1481.5336115022269
  CPU_mm: 248.1872484386584
  CPU_sse: 1234.4109068454854
  CPU_fma: 1728.6563161589679
  CPU_avx: 0
  CPU_avx512: 0
  m_CPU_enc_SHA: 478997528.52289629
  m_CPU_enc_AES: 223938516.93483031
  m_CPU_enc_ECDSA: 308794799.31681949
  ME_ALLOC_S: 0
  ME_READ_S: 0
  ME_READ_L: 0
  ME_WRITE: 0
  ME_LARGE: 0
  ME_LATENCY: 0
  ME_THREADED: 0
  SUMM_CPU: 1600.8427956354139
  SUMM_ME: 0
SystemInformation:
  OSName: Ubuntu 24.04.1 LTS
  Kernel: 6.8.0-1017-azure
  Device: ""
  Processor: ARM Neoverse-N1 2 Core 0 MHz
  NumSockets: 1
  Manufacturer: ARM
  NumCores: 2
  NumLogicals: 2
  CPUFrequency: 0
  Memory: 955
Checksum: 4F96E3E460988812A3AE2BBF128D48F880EA08B6