BaselineInfo:
  WebDBID: -1
  TimeStamp: 20241106211941
Version:
  Major: 11
  Minor: 0
  Build: 1002
  SpecialBuildName: ""
  ptArchitecture: aarch64_linux
Results:
  Results Complete: true
  NumTestProcesses: 2
  CPU_INTEGER_MATH: 9402.1276666666654
  CPU_FLOATINGPOINT_MATH: 7157.2038949372018
  CPU_PRIME: 19.146452890161054
  CPU_SORTING: 6815.0260326965781
  CPU_ENCRYPTION: 321.60218643613973
  CPU_COMPRESSION: 10504.035253512347
  CPU_SINGLETHREAD: 1333.9045428349909
  CPU_PHYSICS: 392.06942470185015
  CPU_MATRIX_MULT_SSE: 1488.3643402468031
  CPU_mm: 247.62281693580616
  CPU_sse: 1245.9787275136091
  CPU_fma: 1730.749952979997
  CPU_avx: 0
  CPU_avx512: 0
  m_CPU_enc_SHA: 489024935.75836611
  m_CPU_enc_AES: 225891043.54749966
  m_CPU_enc_ECDSA: 296757023.4275192
  ME_ALLOC_S: 1442.6490126070446
  ME_READ_S: 11374.596972656251
  ME_READ_L: 9170.7275390625
  ME_WRITE: 15001.0693359375
  ME_LARGE: 552.58333333333337
  ME_LATENCY: 68.802807426836026
  ME_THREADED: 18016.265625
  SUMM_CPU: 1608.8808599685042
  SUMM_ME: 851.43015572651507
SystemInformation:
  OSName: Ubuntu 24.04.1 LTS
  Kernel: 6.8.0-1017-azure
  Device: ""
  Processor: ARM Neoverse-N1 2 Core 0 MHz
  NumSockets: 1
  Manufacturer: ARM
  NumCores: 2
  NumLogicals: 2
  CPUFrequency: 0
  Memory: 955
Checksum: A3EB18D5C7E863B374BC93F6BDF61FC99AFEBBC5