BaselineInfo:
  WebDBID: -1
  TimeStamp: 20241114234730
Version:
  Major: 11
  Minor: 0
  Build: 1002
  SpecialBuildName: ""
  ptArchitecture: aarch64_linux
Results:
  Results Complete: true
  NumTestProcesses: 2
  CPU_INTEGER_MATH: 9393.5839999999989
  CPU_FLOATINGPOINT_MATH: 7154.6678020389654
  CPU_PRIME: 17.834638796835748
  CPU_SORTING: 6752.3083521592634
  CPU_ENCRYPTION: 324.21676636190136
  CPU_COMPRESSION: 10285.358759624876
  CPU_SINGLETHREAD: 1331.5647254875373
  CPU_PHYSICS: 378.45307184023068
  CPU_MATRIX_MULT_SSE: 1481.9723445500692
  CPU_mm: 248.82044848712954
  CPU_sse: 1236.3999168503262
  CPU_fma: 1727.544772249812
  CPU_avx: 0
  CPU_avx512: 0
  m_CPU_enc_SHA: 489556642.66588891
  m_CPU_enc_AES: 225593167.68587273
  m_CPU_enc_ECDSA: 304747949.66232967
  ME_ALLOC_S: 0
  ME_READ_S: 0
  ME_READ_L: 0
  ME_WRITE: 0
  ME_LARGE: 0
  ME_LATENCY: 0
  ME_THREADED: 0
  SUMM_CPU: 1599.2141224025277
  SUMM_ME: 0
SystemInformation:
  OSName: Ubuntu 24.04.1 LTS
  Kernel: 6.8.0-1017-azure
  Device: ""
  Processor: ARM Neoverse-N1 2 Core 0 MHz
  NumSockets: 1
  Manufacturer: ARM
  NumCores: 2
  NumLogicals: 2
  CPUFrequency: 0
  Memory: 955
Checksum: F1797C1742C00EF3E6DF225639F3F812BE39E60C