BaselineInfo:
  WebDBID: -1
  TimeStamp: 20241122090707
Version:
  Major: 11
  Minor: 0
  Build: 1002
  SpecialBuildName: ""
  ptArchitecture: x86_64_linux
Results:
  Results Complete: true
  NumTestProcesses: 16
  CPU_INTEGER_MATH: 76023.060666666672
  CPU_FLOATINGPOINT_MATH: 42537.474359453547
  CPU_PRIME: 122.19269092072629
  CPU_SORTING: 44900.869249852789
  CPU_ENCRYPTION: 19264.961619911366
  CPU_COMPRESSION: 309706.43326187623
  CPU_SINGLETHREAD: 2907.7432814648337
  CPU_PHYSICS: 2270.410488270878
  CPU_MATRIX_MULT_SSE: 21853.368781766301
  CPU_mm: 2033.5386752099544
  CPU_sse: 8933.0886012974279
  CPU_fma: 28122.695688947257
  CPU_avx: 23107.003353027038
  CPU_avx512: 27250.687483793492
  m_CPU_enc_SHA: 26992877214.274796
  m_CPU_enc_AES: 18316452516.944172
  m_CPU_enc_ECDSA: 15292999455.461573
  ME_ALLOC_S: 7629.4632787250002
  ME_READ_S: 27895.797656250001
  ME_READ_L: 27562.203125
  ME_WRITE: 26756.0234375
  ME_LARGE: 21000.833333333332
  ME_LATENCY: 76.665937466004777
  ME_THREADED: 36514.26025390625
  SUMM_CPU: 26237.73589882323
  SUMM_ME: 2532.7349102315343
SystemInformation:
  OSName: Ubuntu 24.04.1 LTS
  Kernel: 6.8.0-1017-azure
  Device: ""
  Processor: AMD EPYC 9V74 80-Core Processor
  NumSockets: 1
  Manufacturer: AuthenticAMD
  NumCores: 8
  NumLogicals: 16
  CPUFrequency: 0
  Memory: 32089
  MemModuleInfo:
    iNumMemSticks: 2
    DIMM 1:
      manufacturer: Microsoft Corporation
      modulePartNo: None
      memType: Unknown
      size: 1
      clkspeed: 0
      moduleVoltage: 0
    DIMM 2:
      manufacturer: Microsoft Corporation
      modulePartNo: None
      memType: Unknown
      size: 31
      clkspeed: 0
      moduleVoltage: 0
Checksum: 4108C675FAC6C51517C92384FAFD162E44EC2D60