"size","threads","connections","rps","latency","failed","server_usr","server_sys","client_usr","client_sys"
"1k",48,48,1589509,0.000027840,0,74.49,164.98,41.11,203.97
"1k",48,96,1569398,0.000061960,0,67.31,150.93,33.83,177.31
"1k",48,192,2040243,0.000087880,0,75.61,158.61,33.54,185.74
"1k",48,384,2484237,0.000155990,0,81.14,166.16,34.06,192.51
"1k",48,768,3101619,0.000495300,0,84.03,168.19,35.53,193.21
"1k",48,1536,3135359,0.000653440,0,86.74,169.48,35.69,187.75
"1k",96,96,1643030,0.000056260,0,68.53,145.95,46.03,225.20
"1k",96,192,1908976,0.000101270,0,69.81,163.66,37.50,191.42
"1k",96,384,2192837,0.000191180,0,72.01,165.29,38.29,207.93
"1k",96,768,2214801,0.000466680,0,69.19,164.72,41.36,211.97
"1k",96,1536,2396330,0.000832620,0,72.63,165.78,39.97,210.41
"1k",192,192,1799850,0.000109630,0,70.26,157.37,43.10,208.86
"1k",192,384,1939474,0.000214640,0,67.53,162.99,42.03,213.44
"1k",192,768,1965798,0.000502370,0,64.06,164.72,42.20,217.22
"1k",192,1536,2019823,0.000890000,0,64.55,166.56,41.26,217.17
"16k",48,48,1344418,0.000033580,0,72.89,141.46,38.58,221.33
"16k",48,96,1367912,0.000064940,0,65.34,144.27,32.57,180.73
"16k",48,192,1739222,0.000101460,0,73.22,153.26,33.33,192.36
"16k",48,384,2107693,0.000173620,0,76.26,159.85,33.61,201.01
"16k",48,768,2371725,0.000320390,0,77.62,163.82,33.60,202.64
"16k",48,1536,2445037,0.000570230,0,78.64,167.47,33.41,204.97
"16k",96,96,1409290,0.000066560,0,66.98,146.27,44.02,228.13
"16k",96,192,1602511,0.000118840,0,67.44,152.55,36.85,201.28
"16k",96,384,1884037,0.000212070,0,69.77,160.54,38.44,214.06
"16k",96,768,1937216,0.000501460,0,66.19,162.51,39.24,219.81
"16k",96,1536,1977380,0.000980000,0,67.20,167.06,38.49,218.57
"16k",192,192,1598173,0.000121430,0,68.98,153.68,40.38,216.92
"16k",192,384,1716184,0.000234520,0,66.58,158.51,41.01,218.42
"16k",192,768,1721540,0.000584180,0,63.28,162.64,40.62,222.27
"16k",192,1536,1665658,0.001040000,0,62.33,167.03,39.52,221.55
"64k",48,48,856430,0.000054550,0,63.42,148.73,32.05,230.19
"64k",48,96,839333,0.000103490,0,55.63,147.09,27.77,201.63
"64k",48,192,1043700,0.000165660,0,58.79,158.37,28.66,206.43
"64k",48,384,1220856,0.000285810,0,61.70,167.51,30.14,214.21
"64k",48,768,1278159,0.000567380,0,61.54,170.09,29.24,222.04
"64k",48,1536,1169099,0.001240000,0,60.66,167.31,26.99,230.53
"64k",96,96,882298,0.000107510,0,53.86,158.61,35.09,237.10
"64k",96,192,995309,0.000188350,0,55.67,158.97,31.90,218.82
"64k",96,384,1127093,0.000342250,0,56.57,166.01,32.89,227.93
"64k",96,768,1119265,0.000777300,0,54.94,169.27,33.68,229.58
"64k",96,1536,1082599,0.001580000,0,56.19,173.71,31.28,230.83
"64k",192,192,994587,0.000194620,0,56.32,156.48,33.63,233.85
"64k",192,384,1029010,0.000386900,0,53.24,165.62,36.15,231.92
"64k",192,768,1017079,0.000890000,0,51.47,170.09,35.02,230.94
"64k",192,1536,944544,0.001730000,0,53.29,171.92,33.12,232.33
"256k",48,48,413668,0.000165110,0,48.28,165.30,31.99,230.07
"256k",48,96,398857,0.000271420,0,48.54,157.03,26.09,199.06
"256k",48,192,434731,0.000393000,0,52.53,166.38,26.12,212.03
"256k",48,384,395753,0.000817260,0,52.70,161.42,23.48,242.88
"256k",48,768,373409,0.001740000,0,50.52,158.75,21.74,253.72
"256k",96,96,427604,0.000224130,0,50.65,162.04,32.67,240.26
"256k",96,192,432317,0.000494380,0,52.09,174.12,30.14,227.94
"256k",96,384,398153,0.000950000,0,50.62,168.01,26.68,240.35
"256k",96,768,369524,0.002050000,0,47.32,165.76,24.08,248.17
"256k",192,192,431290,0.000459020,0,50.67,161.97,32.66,241.53
"256k",192,384,388586,0.001040000,0,47.53,172.16,30.16,237.76
"256k",192,768,370560,0.002140000,0,47.24,175.62,29.55,237.38
"512k",48,48,238526,0.000396160,0,46.68,135.16,29.28,265.21
"512k",48,96,213469,0.000652240,0,46.23,151.85,23.55,209.55
"512k",48,192,200808,0.000827080,0,49.37,162.99,21.16,236.86
"512k",48,384,179582,0.001750000,0,48.96,154.26,18.55,260.29
"512k",48,768,161287,0.003560000,0,49.34,146.06,17.00,274.20
"512k",96,96,232413,0.000414970,0,48.63,148.43,29.11,259.42
"512k",96,192,196364,0.000970000,0,48.52,166.83,23.66,246.07
"512k",96,384,179848,0.002040000,0,46.54,163.60,20.23,254.38
"512k",96,768,170673,0.004240000,0,48.60,157.02,18.44,262.69
"512k",192,192,181911,0.001050000,0,47.40,153.02,25.39,261.72
"512k",192,384,188799,0.002040000,0,43.96,177.36,24.79,242.87
"512k",192,768,183837,0.004150000,0,43.99,176.64,24.58,243.23
