---
system-info:
      stress-ng-version: 0.17.08
      run-by: root
      date-yyyy-mm-dd: 2024:06:21
      time-hh-mm-ss: 03:30:57
      epoch-secs: 1718940657
      hostname: 0146e834ff02
      sysname: Linux
      nodename: 0146e834ff02
      release: 6.8.0-1008-gcp
      version: '#9-Ubuntu SMP Wed May 22 18:09:04 UTC 2024'
      machine: x86_64
      compiler: 'musl-gcc 13.2.1'
      uptime: 148
      totalram: 4102660096
      freeram: 213495808
      sharedram: 36036608
      bufferram: 127942656
      totalswap: 0
      freeswap: 0
      pagesize: 4096
      cpus: 4
      cpus-online: 4
      ticks-per-second: 100

metrics:
    - stressor: cpu
      bogo-ops: 73795
      bogo-ops-per-second-usr-sys-time: 928.313656
      bogo-ops-per-second-real-time: 3689.733781
      wall-clock-time: 20.000088
      user-time: 79.479615
      system-time: 0.013991
      cpu-usage-per-instance: 99.366571
      max-rss: 1104

...
