BaselineInfo:
  WebDBID: -1
  TimeStamp: 20250820212922
Version:
  Major: 11
  Minor: 0
  Build: 1002
  SpecialBuildName: ""
  ptArchitecture: x86_64_linux
Results:
  Results Complete: true
  NumTestProcesses: 2
  CPU_INTEGER_MATH: 10292.775333333333
  CPU_FLOATINGPOINT_MATH: 7472.1528661063385
  CPU_PRIME: 22.701443206823082
  CPU_SORTING: 5423.1668518397
  CPU_ENCRYPTION: 2278.5827659054689
  CPU_COMPRESSION: 40728.41255416537
  CPU_SINGLETHREAD: 3250.8406268868075
  CPU_PHYSICS: 506.82933166820771
  CPU_MATRIX_MULT_SSE: 2746.5792459351742
  CPU_mm: 308.28069476838607
  CPU_sse: 1260.4968516365093
  CPU_fma: 3267.0831637435149
  CPU_avx: 2666.7749031124281
  CPU_avx512: 3791.9620652482449
  m_CPU_enc_SHA: 2403907530.612298
  m_CPU_enc_AES: 3136296602.6217675
  m_CPU_enc_ECDSA: 1627597473.7922146
  ME_ALLOC_S: 1555.5496128932978
  ME_READ_S: 28954.453515624999
  ME_READ_L: 13134.806640625
  ME_WRITE: 11593.3955078125
  ME_LARGE: 6154.75
  ME_LATENCY: 73.71786099047705
  ME_THREADED: 20425.6025390625
  SUMM_CPU: 4101.9967815745313
  SUMM_ME: 1878.4207053269365
SystemInformation:
  OSName: Ubuntu 24.04.2 LTS
  Kernel: 6.14.0-1010-aws
  Device: ""
  Processor: Intel Xeon 6975P-C
  NumSockets: 1
  Manufacturer: GenuineIntel
  NumCores: 1
  NumLogicals: 2
  CPUFrequency: 0
  Memory: 15707
  MemModuleInfo:
    iNumMemSticks: 1
    DIMM 1:
      manufacturer: Not Specified
      modulePartNo: Not Specified
      memType: DDR5
      size: 16
      clkspeed: 3600
      moduleVoltage: 0
Checksum: C3ED5A72EDA438C9F851943BD6FDB41B8546277A