BaselineInfo:
  WebDBID: -1
  TimeStamp: 20260621155309
Version:
  Major: 11
  Minor: 0
  Build: 1004
  SpecialBuildName: ""
  ptArchitecture: x86_64_linux
Results:
  Results Complete: true
  NumTestProcesses: 16
  CPU_INTEGER_MATH: 121919.425
  CPU_FLOATINGPOINT_MATH: 121355.18632569982
  CPU_PRIME: 403.86960298358667
  CPU_SORTING: 65520.231631052258
  CPU_ENCRYPTION: 24987.273269357145
  CPU_COMPRESSION: 485581.36020672997
  CPU_SINGLETHREAD: 3786.5416950819022
  CPU_PHYSICS: 5538.4867005462465
  CPU_MATRIX_MULT_SSE: 42949.652888488461
  CPU_mm: 5103.3026100227098
  CPU_sse: 15832.852195262252
  CPU_fma: 58112.539903024568
  CPU_avx: 32267.003248837809
  CPU_avx512: 65586.216206829253
  m_CPU_enc_SHA: 35220702910.449753
  m_CPU_enc_AES: 22041807850.203625
  m_CPU_enc_ECDSA: 21340654406.414932
  ME_ALLOC_S: 19259.226926971671
  ME_READ_S: 33960.384960937503
  ME_READ_L: 30463.365234375
  ME_WRITE: 30550.138671875
  ME_LARGE: 506708.5
  ME_LATENCY: 79.650167642801065
  ME_THREADED: 117020.66357421875
  SUMM_CPU: 44748.766324483302
  SUMM_ME: 2889.5117823497299
SystemInformation:
  OSName: Ubuntu 24.04.4 LTS
  Kernel: 6.17.0-1018-azure
  Device: ""
  Processor: "AMD EPYC 9V45 96-Core Processor                "
  NumSockets: 1
  Manufacturer: AuthenticAMD
  NumCores: 16
  NumLogicals: 16
  CPUFrequency: 0
  CPUMaxFrequency: 0
  Memory: 515785
  CPUInfo:
    number: 1
    Family: 15
    Model: 2
    stepping: 1
    features: 395049983
    manufacture: AuthenticAMD
    typestring: "AMD EPYC 9V45 96-Core Processor                "
    iCoresPerPackage: 16
    iThreadsPerPackage: 1
    featuresEx:
      - 395049983
      - 4277809667
      - 802421759
    bHybrid: false
    nPCore: 0
    nLogicalsPerPCore: 0
    nECore: 0
    nLogicalsPerECore: 0
  MemModuleInfo:
    iNumMemSticks: 3
    DIMM 1:
      manufacturer: Microsoft Corporation
      modulePartNo: None
      memType: Unknown
      size: 1
      clkspeed: 0
      moduleVoltage: 0
    DIMM 2:
      manufacturer: Microsoft Corporation
      modulePartNo: None
      memType: Unknown
      size: 59
      clkspeed: 0
      moduleVoltage: 0
    DIMM 3:
      manufacturer: Microsoft Corporation
      modulePartNo: None
      memType: Unknown
      size: 452
      clkspeed: 0
      moduleVoltage: 0
Checksum: 96F52708850148C2058765C6D6DE9837A7B306CA