---
system-info:
      stress-ng-version: 0.17.08
      run-by: root
      date-yyyy-mm-dd: 2024:06:15
      time-hh-mm-ss: 22:55:17
      epoch-secs: 1718492117
      hostname: ef6849713ad8
      sysname: Linux
      nodename: ef6849713ad8
      release: 6.8.0-1008-aws
      version: '#8-Ubuntu SMP Sat Apr 20 00:46:25 UTC 2024'
      machine: x86_64
      compiler: 'musl-gcc 13.2.1'
      uptime: 141
      totalram: 529511280640
      freeram: 524636229632
      sharedram: 37335040
      bufferram: 110567424
      totalswap: 0
      freeswap: 0
      pagesize: 4096
      cpus: 64
      cpus-online: 64
      ticks-per-second: 100

metrics:
    - stressor: cpu
      bogo-ops: 61532
      bogo-ops-per-second-usr-sys-time: 3076.624151
      bogo-ops-per-second-real-time: 3076.591124
      wall-clock-time: 20.000058
      user-time: 19.998844
      system-time: 0.000999
      cpu-usage-per-instance: 99.998927
      max-rss: 512

...
