---
system-info:
      stress-ng-version: 0.17.08
      run-by: root
      date-yyyy-mm-dd: 2024:06:09
      time-hh-mm-ss: 19:55:36
      epoch-secs: 1717962936
      hostname: 65aaf9ca4929
      sysname: Linux
      nodename: 65aaf9ca4929
      release: 6.8.0-1008-aws
      version: '#8-Ubuntu SMP Sat Apr 20 00:46:25 UTC 2024'
      machine: x86_64
      compiler: 'musl-gcc 13.2.1'
      uptime: 117
      totalram: 529511297024
      freeram: 524460294144
      sharedram: 37335040
      bufferram: 111874048
      totalswap: 0
      freeswap: 0
      pagesize: 4096
      cpus: 64
      cpus-online: 64
      ticks-per-second: 100

metrics:
    - stressor: cpu
      bogo-ops: 17829
      bogo-ops-per-second-usr-sys-time: 1782.829043
      bogo-ops-per-second-real-time: 1782.829695
      wall-clock-time: 10.000394
      user-time: 9.999398
      system-time: 0.001000
      cpu-usage-per-instance: 100.000037
      max-rss: 3584

...
