---
system-info:
      stress-ng-version: 0.17.08
      run-by: root
      date-yyyy-mm-dd: 2024:06:14
      time-hh-mm-ss: 19:29:28
      epoch-secs: 1718393368
      hostname: 3acc9a06a1b2
      sysname: Linux
      nodename: 3acc9a06a1b2
      release: 6.8.0-1008-aws
      version: '#8-Ubuntu SMP Sat Apr 20 00:46:25 UTC 2024'
      machine: x86_64
      compiler: 'musl-gcc 13.2.1'
      uptime: 169
      totalram: 66681208832
      freeram: 62182514688
      sharedram: 40796160
      bufferram: 110292992
      totalswap: 0
      freeswap: 0
      pagesize: 4096
      cpus: 16
      cpus-online: 16
      ticks-per-second: 100

metrics:
    - stressor: cpu
      bogo-ops: 25698
      bogo-ops-per-second-usr-sys-time: 1284.900257
      bogo-ops-per-second-real-time: 1284.897993
      wall-clock-time: 20.000031
      user-time: 19.999996
      system-time: 0.000000
      cpu-usage-per-instance: 99.999824
      max-rss: 1104

...
