---
system-info:
      stress-ng-version: 0.17.08
      run-by: root
      date-yyyy-mm-dd: 2024:06:08
      time-hh-mm-ss: 13:23:58
      epoch-secs: 1717853038
      hostname: 78a8ae080acd
      sysname: Linux
      nodename: 78a8ae080acd
      release: 6.8.0-1008-aws
      version: '#8-Ubuntu SMP Sat Apr 20 00:46:25 UTC 2024'
      machine: x86_64
      compiler: 'musl-gcc 13.2.1'
      uptime: 148
      totalram: 66681200640
      freeram: 62151614464
      sharedram: 40796160
      bufferram: 102019072
      totalswap: 0
      freeswap: 0
      pagesize: 4096
      cpus: 16
      cpus-online: 16
      ticks-per-second: 100

metrics:
    - stressor: cpu
      bogo-ops: 13913
      bogo-ops-per-second-usr-sys-time: 1391.241290
      bogo-ops-per-second-real-time: 1391.233495
      wall-clock-time: 10.000478
      user-time: 9.998423
      system-time: 0.001999
      cpu-usage-per-instance: 99.999440
      max-rss: 3920

...
