BaselineInfo:
  WebDBID: -1
  TimeStamp: 20250901164440
Version:
  Major: 11
  Minor: 0
  Build: 1002
  SpecialBuildName: ""
  ptArchitecture: aarch64_linux
Results:
  Results Complete: true
  NumTestProcesses: 96
  CPU_INTEGER_MATH: 499924.22966666659
  CPU_FLOATINGPOINT_MATH: 581113.42007183237
  CPU_PRIME: 842.43689960929544
  CPU_SORTING: 430397.22223371459
  CPU_ENCRYPTION: 18040.62963495353
  CPU_COMPRESSION: 636213.73069854709
  CPU_SINGLETHREAD: 1942.6386200740628
  CPU_PHYSICS: 18979.425472443454
  CPU_MATRIX_MULT_SSE: 80638.252246484641
  CPU_mm: 10893.744101962393
  CPU_sse: 63589.03667217055
  CPU_fma: 97687.467820798716
  CPU_avx: 0
  CPU_avx512: 0
  m_CPU_enc_SHA: 28103524940.829067
  m_CPU_enc_AES: 10307416045.2976
  m_CPU_enc_ECDSA: 18339972794.176422
  ME_ALLOC_S: 47386.364274850333
  ME_READ_S: 21152.319921875001
  ME_READ_L: 20158.212890625
  ME_WRITE: 21170.916015625
  ME_LARGE: 746873.75
  ME_LATENCY: 47.014239853335603
  ME_THREADED: 507139.0595703125
  SUMM_CPU: 56669.692726398469
  SUMM_ME: 3395.5999457442736
SystemInformation:
  OSName: Ubuntu 24.04.2 LTS
  Kernel: 6.14.0-1011-aws
  Device: ""
  Processor: ARM Neoverse-V2 96 Core 0 MHz
  NumSockets: 1
  Manufacturer: ARM
  NumCores: 96
  NumLogicals: 96
  CPUFrequency: 0
  Memory: 759974
Checksum: B997819033318A303DCCB4DC12528EE70F917B57