---
system-info:
      stress-ng-version: 0.17.08
      run-by: root
      date-yyyy-mm-dd: 2024:07:03
      time-hh-mm-ss: 04:41:25
      epoch-secs: 1719981685
      hostname: n4-highcpu-80-2ec3f86
      sysname: Linux
      nodename: n4-highcpu-80-2ec3f86
      release: 6.8.0-1009-gcp
      version: '#10-Ubuntu SMP Wed Jun 12 18:52:23 UTC 2024'
      machine: x86_64
      compiler: 'musl-gcc 13.2.1'
      uptime: 125
      totalram: 168761143296
      freeram: 162921062400
      sharedram: 274710528
      bufferram: 129622016
      totalswap: 0
      freeswap: 0
      pagesize: 4096
      cpus: 80
      cpus-online: 80
      ticks-per-second: 100

metrics:
    - stressor: cpu
      bogo-ops: 1334888
      bogo-ops-per-second-usr-sys-time: 834.546173
      bogo-ops-per-second-real-time: 66744.073564
      wall-clock-time: 20.000098
      user-time: 1599.507627
      system-time: 0.029993
      cpu-usage-per-instance: 99.970612
      max-rss: 640

...
