---
system-info:
      stress-ng-version: 0.17.08
      run-by: root
      date-yyyy-mm-dd: 2024:07:12
      time-hh-mm-ss: 14:39:25
      epoch-secs: 1720795165
      hostname: ip-172-31-24-133
      sysname: Linux
      nodename: ip-172-31-24-133
      release: 6.8.0-1010-aws
      version: '#10-Ubuntu SMP Thu Jun 13 17:36:15 UTC 2024'
      machine: x86_64
      compiler: 'musl-gcc 13.2.1'
      uptime: 377
      totalram: 781895081984
      freeram: 771760132096
      sharedram: 72101888
      bufferram: 133959680
      totalswap: 0
      freeswap: 0
      pagesize: 4096
      cpus: 192
      cpus-online: 192
      ticks-per-second: 100

metrics:
    - stressor: cpu
      bogo-ops: 59601
      bogo-ops-per-second-usr-sys-time: 2980.392894
      bogo-ops-per-second-real-time: 2980.034334
      wall-clock-time: 20.000105
      user-time: 19.997699
      system-time: 0.000000
      cpu-usage-per-instance: 99.987969
      max-rss: 0

...
