BaselineInfo:
  WebDBID: -1
  TimeStamp: 20260404121500
Version:
  Major: 11
  Minor: 0
  Build: 1004
  SpecialBuildName: ""
  ptArchitecture: x86_64_linux
Results:
  Results Complete: true
  NumTestProcesses: 12
  CPU_INTEGER_MATH: 50568.022333333334
  CPU_FLOATINGPOINT_MATH: 25855.773301316043
  CPU_PRIME: 106.79374641694399
  CPU_SORTING: 25783.405418457452
  CPU_ENCRYPTION: 10956.361875063687
  CPU_COMPRESSION: 185556.92505166226
  CPU_SINGLETHREAD: 2368.8692092912456
  CPU_PHYSICS: 1754.3788358646693
  CPU_MATRIX_MULT_SSE: 10550.299875363067
  CPU_mm: 1089.448785390704
  CPU_sse: 4795.0090717588464
  CPU_fma: 13140.320275504804
  CPU_avx: 9729.7614572827006
  CPU_avx512: 14536.108696905918
  m_CPU_enc_SHA: 10999182286.358002
  m_CPU_enc_AES: 16663971385.703951
  m_CPU_enc_ECDSA: 6802580656.4583912
  ME_ALLOC_S: 5747.6715898614175
  ME_READ_S: 24254.338085937499
  ME_READ_L: 8405.857421875
  ME_WRITE: 8342.0546875
  ME_LARGE: 5712.166666666667
  ME_LATENCY: 62.733322197439087
  ME_THREADED: 39378.48876953125
  SUMM_CPU: 16374.149066533315
  SUMM_ME: 1939.7438216711851
SystemInformation:
  OSName: Ubuntu 24.04.4 LTS
  Kernel: 6.8.0-106-generic
  Device: ""
  Processor: Intel(R) Xeon(R) Platinum 8369B CPU @ 2.70GHz
  NumSockets: 1
  Manufacturer: GenuineIntel
  NumCores: 6
  NumLogicals: 12
  CPUFrequency: 0
  CPUMaxFrequency: 0
  Memory: 10783
  CPUInfo:
    number: 1
    Family: 6
    Model: 10
    stepping: 6
    features: 529267711
    manufacture: GenuineIntel
    typestring: Intel(R) Xeon(R) Platinum 8369B CPU @ 2.70GHz
    iCoresPerPackage: 6
    iThreadsPerPackage: 2
    featuresEx:
      - 529267711
      - 4277809667
      - 739248128
    bHybrid: false
    nPCore: 0
    nLogicalsPerPCore: 0
    nECore: 0
    nLogicalsPerECore: 0
  MemModuleInfo:
    iNumMemSticks: 1
    DIMM 1:
      manufacturer: Alibaba Cloud
      modulePartNo: Not Specified
      memType: RAM
      size: 12
      clkspeed: 0
      moduleVoltage: 0
Checksum: CB789FD9072D5AB35F830BE793A85AF80176894B