BaselineInfo:
  WebDBID: -1
  TimeStamp: 20241107030334
Version:
  Major: 11
  Minor: 0
  Build: 1002
  SpecialBuildName: ""
  ptArchitecture: x86_64_linux
Results:
  Results Complete: true
  NumTestProcesses: 2
  CPU_INTEGER_MATH: 8956.5790000000015
  CPU_FLOATINGPOINT_MATH: 4961.425206205573
  CPU_PRIME: 21.080309066403515
  CPU_SORTING: 4971.3877780934836
  CPU_ENCRYPTION: 2336.9679736497028
  CPU_COMPRESSION: 35035.269629320421
  CPU_SINGLETHREAD: 2539.6035885078845
  CPU_PHYSICS: 430.09724299990268
  CPU_MATRIX_MULT_SSE: 1909.5181318423365
  CPU_mm: 241.95651301970167
  CPU_sse: 1030.2484804141
  CPU_fma: 2791.4901944094536
  CPU_avx: 1906.8157207034565
  CPU_avx512: 0
  m_CPU_enc_SHA: 3376522827.0553989
  m_CPU_enc_AES: 2158242139.8272128
  m_CPU_enc_ECDSA: 1816700622.930521
  ME_ALLOC_S: 986.27447424271611
  ME_READ_S: 26101.432812499999
  ME_READ_L: 16462.810546875
  ME_WRITE: 17899.51953125
  ME_LARGE: 680
  ME_LATENCY: 61.547951241281147
  ME_THREADED: 23834.1962890625
  SUMM_CPU: 3397.7443171363871
  SUMM_ME: 1098.8254249959384
SystemInformation:
  OSName: Ubuntu 24.04.1 LTS
  Kernel: 6.8.0-1015-gcp
  Device: ""
  Processor: AMD EPYC 7B13
  NumSockets: 1
  Manufacturer: AuthenticAMD
  NumCores: 1
  NumLogicals: 2
  CPUFrequency: 0
  Memory: 7939
  MemModuleInfo:
    iNumMemSticks: 1
    DIMM 1:
      manufacturer: ""
      modulePartNo: ""
      memType: RAM
      size: 8
      clkspeed: 0
      moduleVoltage: 0
Checksum: FCB497CC7D11FC41F239E8E982ADC5486684AB87