BaselineInfo:
  WebDBID: -1
  TimeStamp: 20241115134309
Version:
  Major: 11
  Minor: 0
  Build: 1002
  SpecialBuildName: ""
  ptArchitecture: x86_64_linux
Results:
  Results Complete: true
  NumTestProcesses: 2
  CPU_INTEGER_MATH: 8919.9903333333332
  CPU_FLOATINGPOINT_MATH: 4932.5002526601793
  CPU_PRIME: 21.093319043931274
  CPU_SORTING: 4977.5752076099752
  CPU_ENCRYPTION: 2317.1982698386673
  CPU_COMPRESSION: 35074.250837702501
  CPU_SINGLETHREAD: 2529.6637597645063
  CPU_PHYSICS: 432.54506533716096
  CPU_MATRIX_MULT_SSE: 1891.3093949877941
  CPU_mm: 241.07157829456642
  CPU_sse: 1023.748346129072
  CPU_fma: 2788.6669217357812
  CPU_avx: 1861.5129170985292
  CPU_avx512: 0
  m_CPU_enc_SHA: 3353975891.8974085
  m_CPU_enc_AES: 2150594688.9772568
  m_CPU_enc_ECDSA: 1784704898.1083868
  ME_ALLOC_S: 1018.0385052773596
  ME_READ_S: 26002.882617187501
  ME_READ_L: 18191.716796875
  ME_WRITE: 18956.638671875
  ME_LARGE: 568.41666666666663
  ME_LATENCY: 59.132472239297876
  ME_THREADED: 24019.3681640625
  SUMM_CPU: 3385.2158143924944
  SUMM_ME: 1012.4662139133978
SystemInformation:
  OSName: Ubuntu 24.04.1 LTS
  Kernel: 6.8.0-1017-gcp
  Device: ""
  Processor: AMD EPYC 7B13
  NumSockets: 1
  Manufacturer: AuthenticAMD
  NumCores: 1
  NumLogicals: 2
  CPUFrequency: 0
  Memory: 7939
  MemModuleInfo:
    iNumMemSticks: 1
    DIMM 1:
      manufacturer: ""
      modulePartNo: ""
      memType: RAM
      size: 8
      clkspeed: 0
      moduleVoltage: 0
Checksum: C76A9776D1D827CB67CEFC3C50DE727C7FC0F4F3