BaselineInfo:
  WebDBID: -1
  TimeStamp: 20241114210001
Version:
  Major: 11
  Minor: 0
  Build: 1002
  SpecialBuildName: ""
  ptArchitecture: x86_64_linux
Results:
  Results Complete: true
  NumTestProcesses: 2
  CPU_INTEGER_MATH: 8966.5190000000002
  CPU_FLOATINGPOINT_MATH: 4969.1652688751565
  CPU_PRIME: 21.376159023004107
  CPU_SORTING: 5004.4588668384986
  CPU_ENCRYPTION: 2330.0956469589973
  CPU_COMPRESSION: 34956.273195127855
  CPU_SINGLETHREAD: 2547.6327758619786
  CPU_PHYSICS: 434.86941571519628
  CPU_MATRIX_MULT_SSE: 1882.0040240407207
  CPU_mm: 242.60161511527235
  CPU_sse: 1030.6309799375028
  CPU_fma: 2803.3987005778881
  CPU_avx: 1811.9823916067719
  CPU_avx512: 0
  m_CPU_enc_SHA: 3383436844.9916477
  m_CPU_enc_AES: 2162390615.2727108
  m_CPU_enc_ECDSA: 1784019659.0526724
  ME_ALLOC_S: 1021.6630968445813
  ME_READ_S: 26164.708789062501
  ME_READ_L: 18038.802734375
  ME_WRITE: 18879.396484375
  ME_LARGE: 638
  ME_LATENCY: 59.523652523117811
  ME_THREADED: 24287.8125
  SUMM_CPU: 3394.5594523810682
  SUMM_ME: 1079.5136981914447
SystemInformation:
  OSName: Ubuntu 24.04.1 LTS
  Kernel: 6.8.0-1015-gcp
  Device: ""
  Processor: AMD EPYC 7B13
  NumSockets: 1
  Manufacturer: AuthenticAMD
  NumCores: 1
  NumLogicals: 2
  CPUFrequency: 0
  Memory: 7939
  MemModuleInfo:
    iNumMemSticks: 1
    DIMM 1:
      manufacturer: ""
      modulePartNo: ""
      memType: RAM
      size: 8
      clkspeed: 0
      moduleVoltage: 0
Checksum: 957F9B99611F67A0EB42E516694BC3C62CA9AE31