BaselineInfo:
  WebDBID: -1
  TimeStamp: 20241111030844
Version:
  Major: 11
  Minor: 0
  Build: 1002
  SpecialBuildName: ""
  ptArchitecture: x86_64_linux
Results:
  Results Complete: true
  NumTestProcesses: 208
  CPU_INTEGER_MATH: 627899.29200000013
  CPU_FLOATINGPOINT_MATH: 336929.10648846609
  CPU_PRIME: 739.60997710862796
  CPU_SORTING: 303226.41507659422
  CPU_ENCRYPTION: 84687.867855412958
  CPU_COMPRESSION: 2671307.3595147436
  CPU_SINGLETHREAD: 1971.4585051850215
  CPU_PHYSICS: 10463.855099975955
  CPU_MATRIX_MULT_SSE: 168413.60263647564
  CPU_mm: 18297.562147309833
  CPU_sse: 65973.847721859172
  CPU_fma: 205072.22537536547
  CPU_avx: 144865.69196502308
  CPU_avx512: 257742.64548365452
  m_CPU_enc_SHA: 28031246289.631748
  m_CPU_enc_AES: 213677207765.25861
  m_CPU_enc_ECDSA: 24696543118.182049
  ME_ALLOC_S: 20494.672625198004
  ME_READ_S: 22496.641210937501
  ME_READ_L: 6521.63720703125
  ME_WRITE: 4869.6455078125
  ME_LARGE: 2852448
  ME_LATENCY: 58.456168627105335
  ME_THREADED: 412902.57971191406
  SUMM_CPU: 84712.920342379119
  SUMM_ME: 2035.5363569645478
SystemInformation:
  OSName: Ubuntu 24.04.1 LTS
  Kernel: 6.8.0-1017-azure
  Device: ""
  Processor: Intel Xeon Platinum 8280L CPU @ 2.70GHz
  NumSockets: 4
  Manufacturer: GenuineIntel
  NumCores: 104
  NumLogicals: 208
  CPUFrequency: 0
  Memory: 2872605
  MemModuleInfo:
    iNumMemSticks: 6
    DIMM 1:
      manufacturer: Microsoft Corporation
      modulePartNo: None
      memType: Unknown
      size: 1
      clkspeed: 0
      moduleVoltage: 0
    DIMM 2:
      manufacturer: Microsoft Corporation
      modulePartNo: None
      memType: Unknown
      size: 59
      clkspeed: 0
      moduleVoltage: 0
    DIMM 3:
      manufacturer: Microsoft Corporation
      modulePartNo: None
      memType: Unknown
      size: 653
      clkspeed: 0
      moduleVoltage: 0
    DIMM 4:
      manufacturer: Microsoft Corporation
      modulePartNo: None
      memType: Unknown
      size: 713
      clkspeed: 0
      moduleVoltage: 0
    DIMM 5:
      manufacturer: Microsoft Corporation
      modulePartNo: None
      memType: Unknown
      size: 712
      clkspeed: 0
      moduleVoltage: 0
    DIMM 6:
      manufacturer: Microsoft Corporation
      modulePartNo: None
      memType: Unknown
      size: 712
      clkspeed: 0
      moduleVoltage: 0
Checksum: F44268F086C54145B79BC50BC76FE863785C7DEF