BaselineInfo:
  WebDBID: -1
  TimeStamp: 20250526153355
Version:
  Major: 11
  Minor: 0
  Build: 1002
  SpecialBuildName: ""
  ptArchitecture: x86_64_linux
Results:
  Results Complete: true
  NumTestProcesses: 2
  CPU_INTEGER_MATH: 10602.832333333332
  CPU_FLOATINGPOINT_MATH: 7523.8239576671713
  CPU_PRIME: 21.565278283877202
  CPU_SORTING: 5426.1474111317475
  CPU_ENCRYPTION: 2325.6343158412583
  CPU_COMPRESSION: 40653.360727589898
  CPU_SINGLETHREAD: 3207.4829089229061
  CPU_PHYSICS: 524.09555696241273
  CPU_MATRIX_MULT_SSE: 2967.6308001077423
  CPU_mm: 300.13225086066734
  CPU_sse: 1296.6625366104545
  CPU_fma: 3478.1519064288686
  CPU_avx: 2669.4649006959262
  CPU_avx512: 4426.2438566957208
  m_CPU_enc_SHA: 2472520886.446629
  m_CPU_enc_AES: 3209389174.28335
  m_CPU_enc_ECDSA: 1633902924.3727109
  ME_ALLOC_S: 1795.7600587917391
  ME_READ_S: 28910.160546874999
  ME_READ_L: 10508.7763671875
  ME_WRITE: 9708.6015625
  ME_LARGE: 32483
  ME_LATENCY: 56.218541801255178
  ME_THREADED: 16283.5087890625
  SUMM_CPU: 4173.78489194743
  SUMM_ME: 2118.9331128319609
SystemInformation:
  OSName: Ubuntu 24.04.2 LTS
  Kernel: 6.11.0-1015-azure
  Device: ""
  Processor: INTEL XEON PLATINUM 8573C
  NumSockets: 1
  Manufacturer: GenuineIntel
  NumCores: 1
  NumLogicals: 2
  CPUFrequency: 2300
  Memory: 42130
  MemModuleInfo:
    iNumMemSticks: 2
    DIMM 1:
      manufacturer: Microsoft Corporation
      modulePartNo: None
      memType: Unknown
      size: 1
      clkspeed: 0
      moduleVoltage: 0
    DIMM 2:
      manufacturer: Microsoft Corporation
      modulePartNo: None
      memType: Unknown
      size: 41
      clkspeed: 0
      moduleVoltage: 0
Checksum: 18C513B665F89B76BD13906086DF9CD6FEF8307C