BaselineInfo:
  WebDBID: -1
  TimeStamp: 20251217225516
Version:
  Major: 11
  Minor: 0
  Build: 1002
  SpecialBuildName: ""
  ptArchitecture: aarch64_linux
Results:
  Results Complete: true
  NumTestProcesses: 1
  CPU_INTEGER_MATH: 5187.0943333333335
  CPU_FLOATINGPOINT_MATH: 6019.1461390806526
  CPU_PRIME: 17.169812536490973
  CPU_SORTING: 4563.7968667417244
  CPU_ENCRYPTION: 184.13764580975635
  CPU_COMPRESSION: 6401.9684512513941
  CPU_SINGLETHREAD: 1847.3066524390133
  CPU_PHYSICS: 339.00555116739991
  CPU_MATRIX_MULT_SSE: 913.81367234455888
  CPU_mm: 111.48652785648729
  CPU_sse: 715.0080444521451
  CPU_fma: 1112.6193002369725
  CPU_avx: 0
  CPU_avx512: 0
  m_CPU_enc_SHA: 293500690.26942807
  m_CPU_enc_AES: 106684535.27621569
  m_CPU_enc_ECDSA: 179061722.73218942
  ME_ALLOC_S: 1503.7644510239286
  ME_READ_S: 20375.01171875
  ME_READ_L: 19425.15625
  ME_WRITE: 21067.158203125
  ME_LARGE: 588.5
  ME_LATENCY: 45.479675497559604
  ME_THREADED: 19427.033203125
  SUMM_CPU: 987.28105251331749
  SUMM_ME: 1069.4978237827022
SystemInformation:
  OSName: Ubuntu 24.04.2 LTS
  Kernel: 6.14.0-1018-aws
  Device: ""
  Processor: ARM Neoverse-V2 1 Core 0 MHz
  NumSockets: 1
  Manufacturer: ARM
  NumCores: 1
  NumLogicals: 1
  CPUFrequency: 0
  Memory: 3805
Checksum: 1CBED3A3F4F6FC590278D30935C9AD7B2351C92D