BaselineInfo:
  WebDBID: -1
  TimeStamp: 20241109231704
Version:
  Major: 11
  Minor: 0
  Build: 1002
  SpecialBuildName: ""
  ptArchitecture: x86_64_linux
Results:
  Results Complete: true
  NumTestProcesses: 24
  CPU_INTEGER_MATH: 99234.025666666654
  CPU_FLOATINGPOINT_MATH: 53174.981988386506
  CPU_PRIME: 111.19931032502535
  CPU_SORTING: 48238.72597679295
  CPU_ENCRYPTION: 13244.455168783021
  CPU_COMPRESSION: 423694.07653089624
  CPU_SINGLETHREAD: 2643.0542395248917
  CPU_PHYSICS: 2204.0726787140652
  CPU_MATRIX_MULT_SSE: 25785.886448593254
  CPU_mm: 2873.0738670226679
  CPU_sse: 10279.640560077065
  CPU_fma: 31069.541835809112
  CPU_avx: 21941.78805706554
  CPU_avx512: 39852.575341421296
  m_CPU_enc_SHA: 4402197116.777235
  m_CPU_enc_AES: 33322784631.83073
  m_CPU_enc_ECDSA: 3938471720.5774941
  ME_ALLOC_S: 9938.4899066804956
  ME_READ_S: 30894.189062500001
  ME_READ_L: 11592.849609375
  ME_WRITE: 11012.916015625
  ME_LARGE: 754342
  ME_LATENCY: 51.12912722288862
  ME_THREADED: 105721.2060546875
  SUMM_CPU: 28155.202031429457
  SUMM_ME: 2899.6817218611959
SystemInformation:
  OSName: Ubuntu 24.04.1 LTS
  Kernel: 6.8.0-1016-aws
  Device: ""
  Processor: Intel Xeon Platinum 8252C CPU @ 3.80GHz
  NumSockets: 1
  Manufacturer: GenuineIntel
  NumCores: 12
  NumLogicals: 24
  CPUFrequency: 0
  Memory: 765542
  MemModuleInfo:
    iNumMemSticks: 1
    DIMM 1:
      manufacturer: Not Specified
      modulePartNo: Not Specified
      memType: DDR4
      size: 768
      clkspeed: 1600
      moduleVoltage: 0
Checksum: 6A7287FBE6EC76C05DC19F1475818D6DDEC906A4