---
system-info:
      stress-ng-version: 0.17.08
      run-by: root
      date-yyyy-mm-dd: 2024:07:09
      time-hh-mm-ss: 23:43:15
      epoch-secs: 1720568595
      hostname: m3-ultramem-128-657d05e
      sysname: Linux
      nodename: m3-ultramem-128-657d05e
      release: 6.8.0-1009-gcp
      version: '#10-Ubuntu SMP Wed Jun 12 18:52:23 UTC 2024'
      machine: x86_64
      compiler: 'musl-gcc 13.2.1'
      uptime: 161
      totalram: 4126219333632
      freeram: 4117536059392
      sharedram: 115765248
      bufferram: 133648384
      totalswap: 0
      freeswap: 0
      pagesize: 4096
      cpus: 128
      cpus-online: 128
      ticks-per-second: 100

metrics:
    - stressor: cpu
      bogo-ops: 2413875
      bogo-ops-per-second-usr-sys-time: 943.173427
      bogo-ops-per-second-real-time: 120693.267639
      wall-clock-time: 20.000080
      user-time: 2559.272957
      system-time: 0.038969
      cpu-usage-per-instance: 99.972723
      max-rss: 0

...
