BaselineInfo:
  WebDBID: -1
  TimeStamp: 20241107055829
Version:
  Major: 11
  Minor: 0
  Build: 1002
  SpecialBuildName: ""
  ptArchitecture: x86_64_linux
Results:
  Results Complete: true
  NumTestProcesses: 2
  CPU_INTEGER_MATH: 6195.4363333333331
  CPU_FLOATINGPOINT_MATH: 3318.5342273960428
  CPU_PRIME: 13.663004598600931
  CPU_SORTING: 3300.8468758427243
  CPU_ENCRYPTION: 848.72292006886437
  CPU_COMPRESSION: 27644.798894994645
  CPU_SINGLETHREAD: 1993.1022530926939
  CPU_PHYSICS: 277.44978331583621
  CPU_MATRIX_MULT_SSE: 1745.809355178563
  CPU_mm: 188.28913541331178
  CPU_sse: 672.55293421703891
  CPU_fma: 2226.17589273557
  CPU_avx: 1572.9038384783425
  CPU_avx512: 2511.6047552833006
  m_CPU_enc_SHA: 279973462.83129895
  m_CPU_enc_AES: 2142571832.0222745
  m_CPU_enc_ECDSA: 247306159.04881513
  ME_ALLOC_S: 717.95073046506866
  ME_READ_S: 23893.486132812501
  ME_READ_L: 9909.2216796875
  ME_WRITE: 9298.404296875
  ME_LARGE: 724
  ME_LATENCY: 50.197113395414895
  ME_THREADED: 12183.9541015625
  SUMM_CPU: 2232.6353191237426
  SUMM_ME: 1019.3661484524556
SystemInformation:
  OSName: Ubuntu 24.04.1 LTS
  Kernel: 6.8.0-1017-azure
  Device: ""
  Processor: Intel Xeon Platinum 8272CL CPU @ 2.60GHz
  NumSockets: 1
  Manufacturer: GenuineIntel
  NumCores: 1
  NumLogicals: 2
  CPUFrequency: 0
  Memory: 7938
  MemModuleInfo:
    iNumMemSticks: 2
    DIMM 1:
      manufacturer: Microsoft Corporation
      modulePartNo: None
      memType: Unknown
      size: 1
      clkspeed: 0
      moduleVoltage: 0
    DIMM 2:
      manufacturer: Microsoft Corporation
      modulePartNo: None
      memType: Unknown
      size: 7
      clkspeed: 0
      moduleVoltage: 0
Checksum: E07891AF81066B1C279DE6640486DE8338EB69B5