BaselineInfo:
  WebDBID: -1
  TimeStamp: 20260407091913
Version:
  Major: 11
  Minor: 0
  Build: 1004
  SpecialBuildName: ""
  ptArchitecture: x86_64_linux
Results:
  Results Complete: true
  NumTestProcesses: 8
  CPU_INTEGER_MATH: 33637.48066666667
  CPU_FLOATINGPOINT_MATH: 17203.758699432929
  CPU_PRIME: 70.635401771968162
  CPU_SORTING: 17562.939590125487
  CPU_ENCRYPTION: 7302.2135489786142
  CPU_COMPRESSION: 124569.18178017005
  CPU_SINGLETHREAD: 2361.4529207282853
  CPU_PHYSICS: 1313.4467811245472
  CPU_MATRIX_MULT_SSE: 6970.7785827776625
  CPU_mm: 725.11292047986217
  CPU_sse: 3189.5541001864858
  CPU_fma: 8725.7229387369225
  CPU_avx: 6471.9573406163399
  CPU_avx512: 9495.8799515709034
  m_CPU_enc_SHA: 7374133530.4518785
  m_CPU_enc_AES: 11089283536.18247
  m_CPU_enc_ECDSA: 4507360556.3670511
  ME_ALLOC_S: 3876.4008321125789
  ME_READ_S: 24230.816601562499
  ME_READ_L: 10506.21875
  ME_WRITE: 9595.6728515625
  ME_LARGE: 18060.916666666668
  ME_LATENCY: 57.391273460061029
  ME_THREADED: 42676.56298828125
  SUMM_CPU: 11330.748775990367
  SUMM_ME: 2292.9355780954288
SystemInformation:
  OSName: Ubuntu 24.04.4 LTS
  Kernel: 6.8.0-106-generic
  Device: ""
  Processor: Intel(R) Xeon(R) Platinum 8369B CPU @ 2.90GHz
  NumSockets: 1
  Manufacturer: GenuineIntel
  NumCores: 4
  NumLogicals: 8
  CPUFrequency: 0
  CPUMaxFrequency: 0
  Memory: 31173
  CPUInfo:
    number: 1
    Family: 6
    Model: 10
    stepping: 6
    features: 529267711
    manufacture: GenuineIntel
    typestring: Intel(R) Xeon(R) Platinum 8369B CPU @ 2.90GHz
    iCoresPerPackage: 4
    iThreadsPerPackage: 2
    featuresEx:
      - 529267711
      - 4277809667
      - 739248128
    bHybrid: false
    nPCore: 0
    nLogicalsPerPCore: 0
    nECore: 0
    nLogicalsPerECore: 0
  MemModuleInfo:
    iNumMemSticks: 2
    DIMM 1:
      manufacturer: Alibaba Cloud
      modulePartNo: Not Specified
      memType: RAM
      size: 16
      clkspeed: 0
      moduleVoltage: 0
    DIMM 2:
      manufacturer: Alibaba Cloud
      modulePartNo: Not Specified
      memType: RAM
      size: 16
      clkspeed: 0
      moduleVoltage: 0
Checksum: FD88D5C173CED3CF1A94E7983B4D8C21B50B38EA