---
system-info:
      stress-ng-version: 0.17.08
      run-by: root
      date-yyyy-mm-dd: 2024:09:21
      time-hh-mm-ss: 12:31:48
      epoch-secs: 1726921908
      hostname: sc-runner
      sysname: Linux
      nodename: sc-runner
      release: 6.8.0-1014-azure
      version: '#16-Ubuntu SMP Thu Aug 15 20:04:41 UTC 2024'
      machine: x86_64
      compiler: 'musl-gcc 13.2.1'
      uptime: 334
      totalram: 67423420416
      freeram: 57091416064
      sharedram: 38121472
      bufferram: 260370432
      totalswap: 0
      freeswap: 0
      pagesize: 4096
      cpus: 8
      cpus-online: 8
      ticks-per-second: 100

metrics:
    - stressor: cpu
      bogo-ops: 53975
      bogo-ops-per-second-usr-sys-time: 2698.790212
      bogo-ops-per-second-real-time: 2698.739351
      wall-clock-time: 20.000079
      user-time: 19.998703
      system-time: 0.000999
      cpu-usage-per-instance: 99.998115
      max-rss: 3152

...
