---
system-info:
      stress-ng-version: 0.17.08
      run-by: root
      date-yyyy-mm-dd: 2024:06:21
      time-hh-mm-ss: 11:25:00
      epoch-secs: 1718969100
      hostname: b03df1acd543
      sysname: Linux
      nodename: b03df1acd543
      release: 6.8.0-1008-gcp
      version: '#9-Ubuntu SMP Wed May 22 18:09:04 UTC 2024'
      machine: x86_64
      compiler: 'musl-gcc 13.2.1'
      uptime: 158
      totalram: 15070674944
      freeram: 9820635136
      sharedram: 59211776
      bufferram: 134438912
      totalswap: 0
      freeswap: 0
      pagesize: 4096
      cpus: 16
      cpus-online: 16
      ticks-per-second: 100

metrics:
    - stressor: cpu
      bogo-ops: 234900
      bogo-ops-per-second-usr-sys-time: 735.415133
      bogo-ops-per-second-real-time: 11744.936943
      wall-clock-time: 20.000107
      user-time: 319.377457
      system-time: 0.033974
      cpu-usage-per-instance: 99.815536
      max-rss: 1104

...
