BaselineInfo:
  WebDBID: -1
  TimeStamp: 20241219003448
Version:
  Major: 11
  Minor: 0
  Build: 1002
  SpecialBuildName: ""
  ptArchitecture: x86_64_linux
Results:
  Results Complete: true
  NumTestProcesses: 2
  CPU_INTEGER_MATH: 9431.5453333333317
  CPU_FLOATINGPOINT_MATH: 6819.1308931010853
  CPU_PRIME: 30.345544129298904
  CPU_SORTING: 5569.8624199961478
  CPU_ENCRYPTION: 2291.5082505394166
  CPU_COMPRESSION: 40881.440062931506
  CPU_SINGLETHREAD: 2137.4114930954797
  CPU_PHYSICS: 512.66954651363858
  CPU_MATRIX_MULT_SSE: 3281.8484679662297
  CPU_mm: 394.32942506028741
  CPU_sse: 1542.0363565660534
  CPU_fma: 5030.5724565473065
  CPU_avx: 3272.9365907853298
  CPU_avx512: 0
  m_CPU_enc_SHA: 3250411090.0837488
  m_CPU_enc_AES: 2088590064.6709857
  m_CPU_enc_ECDSA: 1869460511.198122
  ME_ALLOC_S: 1356.670757413083
  ME_READ_S: 23819.911523437499
  ME_READ_L: 10784.384765625
  ME_WRITE: 9802.5712890625
  ME_LARGE: 1163.5833333333333
  ME_LATENCY: 60.591526526895315
  ME_THREADED: 21416.32421875
  SUMM_CPU: 4096.8205071006641
  SUMM_ME: 1321.7769186998214
SystemInformation:
  OSName: Ubuntu 24.04.1 LTS
  Kernel: 6.8.0-31-generic
  Device: ""
  Processor: AMD EPYC 7542 32-Core Processor
  NumSockets: 1
  Manufacturer: AuthenticAMD
  NumCores: 2
  NumLogicals: 2
  CPUFrequency: 0
  Memory: 7894
  MemModuleInfo:
    iNumMemSticks: 1
    DIMM 1:
      manufacturer: QEMU
      modulePartNo: Not Specified
      memType: RAM
      size: 8
      clkspeed: 0
      moduleVoltage: 0
Checksum: 646AFFDC3BF9700860DAAEA84D4D3D3A38BEDAFF