---
system-info:
      stress-ng-version: 0.17.08
      run-by: root
      date-yyyy-mm-dd: 2024:09:15
      time-hh-mm-ss: 21:33:58
      epoch-secs: 1726436038
      hostname: sc-runner
      sysname: Linux
      nodename: sc-runner
      release: 6.8.0-1014-azure
      version: '#16-Ubuntu SMP Thu Aug 15 21:06:50 UTC 2024'
      machine: aarch64
      compiler: 'musl-gcc 13.2.1'
      uptime: 333
      totalram: 16737579008
      freeram: 6844727296
      sharedram: 38109184
      bufferram: 221356032
      totalswap: 0
      freeswap: 0
      pagesize: 4096
      cpus: 4
      cpus-online: 4
      ticks-per-second: 100

metrics:
    - stressor: cpu
      bogo-ops: 36440
      bogo-ops-per-second-usr-sys-time: 1822.304872
      bogo-ops-per-second-real-time: 1821.995938
      wall-clock-time: 20.000045
      user-time: 19.996654
      system-time: 0.000000
      cpu-usage-per-instance: 99.983047
      max-rss: 1320

...
