BaselineInfo:
  WebDBID: -1
  TimeStamp: 20241108084342
Version:
  Major: 11
  Minor: 0
  Build: 1002
  SpecialBuildName: ""
  ptArchitecture: aarch64_linux
Results:
  Results Complete: true
  NumTestProcesses: 32
  CPU_INTEGER_MATH: 148797.06666666668
  CPU_FLOATINGPOINT_MATH: 113325.5456000781
  CPU_PRIME: 149.01770167901577
  CPU_SORTING: 104782.80014902302
  CPU_ENCRYPTION: 5122.0773382264206
  CPU_COMPRESSION: 179119.23827798595
  CPU_SINGLETHREAD: 1329.0419045215774
  CPU_PHYSICS: 2581.3483474295599
  CPU_MATRIX_MULT_SSE: 23438.173736025281
  CPU_mm: 3935.9445872005094
  CPU_sse: 19512.795308031647
  CPU_fma: 27363.552164018918
  CPU_avx: 0
  CPU_avx512: 0
  m_CPU_enc_SHA: 7595230498.7634745
  m_CPU_enc_AES: 3553986681.9701815
  m_CPU_enc_ECDSA: 4963444920.2906656
  ME_ALLOC_S: 20048.292619401844
  ME_READ_S: 11362.90869140625
  ME_READ_L: 8425.908203125
  ME_WRITE: 14943.703125
  ME_LARGE: 116740.16666666667
  ME_LATENCY: 70.202278979688813
  ME_THREADED: 159994.55712890625
  SUMM_CPU: 20115.760035284799
  SUMM_ME: 1945.7730550967894
SystemInformation:
  OSName: Ubuntu 24.04.1 LTS
  Kernel: 6.8.0-1017-azure
  Device: ""
  Processor: ARM Neoverse-N1 32 Core 0 MHz
  NumSockets: 1
  Manufacturer: ARM
  NumCores: 32
  NumLogicals: 32
  CPUFrequency: 0
  Memory: 128552
Checksum: 20AF49266F9D435071F40844C4AFF6CED1A10C60