---
system-info:
      stress-ng-version: 0.17.08
      run-by: root
      date-yyyy-mm-dd: 2024:06:15
      time-hh-mm-ss: 14:56:02
      epoch-secs: 1718463362
      hostname: b7b8f28d79be
      sysname: Linux
      nodename: b7b8f28d79be
      release: 6.8.0-1008-aws
      version: '#8-Ubuntu SMP Sat Apr 20 00:46:25 UTC 2024'
      machine: x86_64
      compiler: 'musl-gcc 13.2.1'
      uptime: 199
      totalram: 536659955712
      freeram: 531078856704
      sharedram: 37048320
      bufferram: 111656960
      totalswap: 0
      freeswap: 0
      pagesize: 4096
      cpus: 64
      cpus-online: 64
      ticks-per-second: 100

metrics:
    - stressor: cpu
      bogo-ops: 11824
      bogo-ops-per-second-usr-sys-time: 591.204079
      bogo-ops-per-second-real-time: 591.194609
      wall-clock-time: 20.000182
      user-time: 19.998863
      system-time: 0.000999
      cpu-usage-per-instance: 99.998398
      max-rss: 512

...
