---
system-info:
      stress-ng-version: 0.17.08
      run-by: root
      date-yyyy-mm-dd: 2024:06:09
      time-hh-mm-ss: 12:35:26
      epoch-secs: 1717936526
      hostname: 6de3b346d8ea
      sysname: Linux
      nodename: 6de3b346d8ea
      release: 6.8.0-1008-aws
      version: '#8-Ubuntu SMP Sat Apr 20 00:46:25 UTC 2024'
      machine: x86_64
      compiler: 'musl-gcc 13.2.1'
      uptime: 187
      totalram: 536659947520
      freeram: 530887819264
      sharedram: 37048320
      bufferram: 109154304
      totalswap: 0
      freeswap: 0
      pagesize: 4096
      cpus: 64
      cpus-online: 64
      ticks-per-second: 100

metrics:
    - stressor: cpu
      bogo-ops: 9884
      bogo-ops-per-second-usr-sys-time: 988.436078
      bogo-ops-per-second-real-time: 988.373655
      wall-clock-time: 10.000267
      user-time: 9.995636
      system-time: 0.003999
      cpu-usage-per-instance: 99.993685
      max-rss: 3584

...
