---
system-info:
      stress-ng-version: 0.17.08
      run-by: root
      date-yyyy-mm-dd: 2024:06:07
      time-hh-mm-ss: 13:57:37
      epoch-secs: 1717768657
      hostname: 0f72663eb054
      sysname: Linux
      nodename: 0f72663eb054
      release: 6.8.0-1008-aws
      version: '#8-Ubuntu SMP Sat Apr 20 00:46:25 UTC 2024'
      machine: x86_64
      compiler: 'musl-gcc 13.2.1'
      uptime: 147
      totalram: 532331937792
      freeram: 527681773568
      sharedram: 60170240
      bufferram: 91594752
      totalswap: 0
      freeswap: 0
      pagesize: 4096
      cpus: 64
      cpus-online: 64
      ticks-per-second: 100

metrics:
    - stressor: cpu
      bogo-ops: 16782
      bogo-ops-per-second-usr-sys-time: 1677.759756
      bogo-ops-per-second-real-time: 1677.792023
      wall-clock-time: 10.002432
      user-time: 10.001624
      system-time: 0.001000
      cpu-usage-per-instance: 100.001923
      max-rss: 3584

...
