---
system-info:
      stress-ng-version: 0.17.08
      run-by: root
      date-yyyy-mm-dd: 2024:07:09
      time-hh-mm-ss: 16:44:17
      epoch-secs: 1720543457
      hostname: ip-172-31-1-229
      sysname: Linux
      nodename: ip-172-31-1-229
      release: 6.8.0-1009-aws
      version: '#9-Ubuntu SMP Fri May 17 20:15:49 UTC 2024'
      machine: aarch64
      compiler: 'musl-gcc 13.2.1'
      uptime: 164
      totalram: 8141393920
      freeram: 3136712704
      sharedram: 39219200
      bufferram: 134443008
      totalswap: 0
      freeswap: 0
      pagesize: 4096
      cpus: 1
      cpus-online: 1
      ticks-per-second: 100

metrics:
    - stressor: cpu
      bogo-ops: 33909
      bogo-ops-per-second-usr-sys-time: 1706.979881
      bogo-ops-per-second-real-time: 1695.441936
      wall-clock-time: 20.000095
      user-time: 19.864909
      system-time: 0.000000
      cpu-usage-per-instance: 99.324073
      max-rss: 1320

...
