---
system-info:
      stress-ng-version: 0.17.08
      run-by: root
      date-yyyy-mm-dd: 2024:06:14
      time-hh-mm-ss: 21:39:17
      epoch-secs: 1718401157
      hostname: 75208a6e250a
      sysname: Linux
      nodename: 75208a6e250a
      release: 6.8.0-31-generic
      version: '#31-Ubuntu SMP PREEMPT_DYNAMIC Sat Apr 20 00:40:06 UTC 2024'
      machine: x86_64
      compiler: 'musl-gcc 13.2.1'
      uptime: 107
      totalram: 4005638144
      freeram: 544743424
      sharedram: 17973248
      bufferram: 102895616
      totalswap: 0
      freeswap: 0
      pagesize: 4096
      cpus: 2
      cpus-online: 2
      ticks-per-second: 100

metrics:
    - stressor: cpu
      bogo-ops: 39823
      bogo-ops-per-second-usr-sys-time: 1010.689585
      bogo-ops-per-second-real-time: 1991.124757
      wall-clock-time: 20.000254
      user-time: 39.380835
      system-time: 0.020976
      cpu-usage-per-instance: 98.503279
      max-rss: 1104

...
