---
system-info:
      stress-ng-version: 0.17.08
      run-by: root
      date-yyyy-mm-dd: 2024:06:07
      time-hh-mm-ss: 19:48:29
      epoch-secs: 1717789709
      hostname: f4b595601e40
      sysname: Linux
      nodename: f4b595601e40
      release: 6.8.0-31-generic
      version: '#31-Ubuntu SMP PREEMPT_DYNAMIC Sat Apr 20 00:40:06 UTC 2024'
      machine: x86_64
      compiler: 'musl-gcc 13.2.1'
      uptime: 355
      totalram: 4005634048
      freeram: 639164416
      sharedram: 17997824
      bufferram: 84508672
      totalswap: 0
      freeswap: 0
      pagesize: 4096
      cpus: 2
      cpus-online: 2
      ticks-per-second: 100

metrics:
    - stressor: cpu
      bogo-ops: 23082
      bogo-ops-per-second-usr-sys-time: 1172.108212
      bogo-ops-per-second-real-time: 2307.789398
      wall-clock-time: 10.001779
      user-time: 19.678767
      system-time: 0.013954
      cpu-usage-per-instance: 98.446089
      max-rss: 3920

...
