---
system-info:
      stress-ng-version: 0.17.08
      run-by: root
      date-yyyy-mm-dd: 2024:06:14
      time-hh-mm-ss: 20:55:44
      epoch-secs: 1718398544
      hostname: 75a82796c376
      sysname: Linux
      nodename: 75a82796c376
      release: 6.8.0-1008-aws
      version: '#8-Ubuntu SMP Sat Apr 20 00:46:25 UTC 2024'
      machine: x86_64
      compiler: 'musl-gcc 13.2.1'
      uptime: 113
      totalram: 99093987328
      freeram: 94514311168
      sharedram: 29380608
      bufferram: 108199936
      totalswap: 0
      freeswap: 0
      pagesize: 4096
      cpus: 24
      cpus-online: 24
      ticks-per-second: 100

metrics:
    - stressor: cpu
      bogo-ops: 591346
      bogo-ops-per-second-usr-sys-time: 1232.744098
      bogo-ops-per-second-real-time: 29567.204217
      wall-clock-time: 20.000065
      user-time: 479.688917
      system-time: 0.009993
      cpu-usage-per-instance: 99.936949
      max-rss: 1020

...
