---
system-info:
      stress-ng-version: 0.17.08
      run-by: root
      date-yyyy-mm-dd: 2024:06:08
      time-hh-mm-ss: 14:55:52
      epoch-secs: 1717858552
      hostname: 3413695be2af
      sysname: Linux
      nodename: 3413695be2af
      release: 6.8.0-1008-aws
      version: '#8-Ubuntu SMP Sat Apr 20 00:46:25 UTC 2024'
      machine: x86_64
      compiler: 'musl-gcc 13.2.1'
      uptime: 110
      totalram: 99093999616
      freeram: 94490853376
      sharedram: 29380608
      bufferram: 102322176
      totalswap: 0
      freeswap: 0
      pagesize: 4096
      cpus: 24
      cpus-online: 24
      ticks-per-second: 100

metrics:
    - stressor: cpu
      bogo-ops: 343216
      bogo-ops-per-second-usr-sys-time: 1431.269404
      bogo-ops-per-second-real-time: 34316.879317
      wall-clock-time: 10.001376
      user-time: 239.757339
      system-time: 0.040982
      cpu-usage-per-instance: 99.902224
      max-rss: 3900

...
