BaselineInfo:
  WebDBID: -1
  TimeStamp: 20241110034300
Version:
  Major: 11
  Minor: 0
  Build: 1002
  SpecialBuildName: ""
  ptArchitecture: x86_64_linux
Results:
  Results Complete: true
  NumTestProcesses: 8
  CPU_INTEGER_MATH: 18309.124999999996
  CPU_FLOATINGPOINT_MATH: 9818.7318446761928
  CPU_PRIME: 42.798402816153526
  CPU_SORTING: 9655.5087717471888
  CPU_ENCRYPTION: 2520.3323786277265
  CPU_COMPRESSION: 81078.260564845215
  CPU_SINGLETHREAD: 1487.3662853279825
  CPU_PHYSICS: 759.7640063502331
  CPU_MATRIX_MULT_SSE: 5734.4181723042875
  CPU_mm: 555.79872080097448
  CPU_sse: 1974.8106280085699
  CPU_fma: 6798.5444870829724
  CPU_avx: 4802.1476459292007
  CPU_avx512: 9362.1699281964047
  m_CPU_enc_SHA: 827215074.08766341
  m_CPU_enc_AES: 6361061462.2949915
  m_CPU_enc_ECDSA: 740003596.37318671
  ME_ALLOC_S: 2092.1547827632103
  ME_READ_S: 18108.996289062499
  ME_READ_L: 5939.53076171875
  ME_WRITE: 5936.82958984375
  ME_LARGE: 870688
  ME_LATENCY: 73.337332901403954
  ME_THREADED: 31885.0546875
  SUMM_CPU: 6371.0747231018795
  SUMM_ME: 1649.3804312755183
SystemInformation:
  OSName: Ubuntu 24.04.1 LTS
  Kernel: 6.8.0-1017-azure
  Device: ""
  Processor: Intel Xeon Platinum 8280M CPU @ 2.70GHz
  NumSockets: 1
  Manufacturer: GenuineIntel
  NumCores: 4
  NumLogicals: 8
  CPUFrequency: 0
  Memory: 881499
  MemModuleInfo:
    iNumMemSticks: 3
    DIMM 1:
      manufacturer: Microsoft Corporation
      modulePartNo: None
      memType: Unknown
      size: 1
      clkspeed: 0
      moduleVoltage: 0
    DIMM 2:
      manufacturer: Microsoft Corporation
      modulePartNo: None
      memType: Unknown
      size: 60928
      clkspeed: 0
      moduleVoltage: 0
    DIMM 3:
      manufacturer: Microsoft Corporation
      modulePartNo: None
      memType: Unknown
      size: 834048
      clkspeed: 0
      moduleVoltage: 0
Checksum: D9B26948A4C43AD4EA6CAD1BEBB36763062D862F