---
system-info:
      stress-ng-version: 0.17.08
      run-by: root
      date-yyyy-mm-dd: 2024:06:14
      time-hh-mm-ss: 06:55:09
      epoch-secs: 1718348109
      hostname: c90aa005e8b4
      sysname: Linux
      nodename: c90aa005e8b4
      release: 6.8.0-1008-aws
      version: '#8-Ubuntu SMP Sat Apr 20 00:46:25 UTC 2024'
      machine: x86_64
      compiler: 'musl-gcc 13.2.1'
      uptime: 109
      totalram: 198317588480
      freeram: 193549991936
      sharedram: 37982208
      bufferram: 107364352
      totalswap: 0
      freeswap: 0
      pagesize: 4096
      cpus: 96
      cpus-online: 96
      ticks-per-second: 100

metrics:
    - stressor: cpu
      bogo-ops: 5825486
      bogo-ops-per-second-usr-sys-time: 3035.862925
      bogo-ops-per-second-real-time: 291273.605658
      wall-clock-time: 20.000048
      user-time: 1918.852689
      system-time: 0.036979
      cpu-usage-per-instance: 99.941932
      max-rss: 0

...
