---
system-info:
      stress-ng-version: 0.17.08
      run-by: root
      date-yyyy-mm-dd: 2024:06:06
      time-hh-mm-ss: 13:27:45
      epoch-secs: 1717680465
      hostname: 2e4ece158b60
      sysname: Linux
      nodename: 2e4ece158b60
      release: 6.8.0-1008-aws
      version: '#8-Ubuntu SMP Sat Apr 20 00:46:25 UTC 2024'
      machine: x86_64
      compiler: 'musl-gcc 13.2.1'
      uptime: 103
      totalram: 198317600768
      freeram: 193605308416
      sharedram: 37982208
      bufferram: 83533824
      totalswap: 0
      freeswap: 0
      pagesize: 4096
      cpus: 96
      cpus-online: 96
      ticks-per-second: 100

metrics:
    - stressor: cpu
      bogo-ops: 1474124
      bogo-ops-per-second-usr-sys-time: 1537.492300
      bogo-ops-per-second-real-time: 147394.203906
      wall-clock-time: 10.001235
      user-time: 958.677699
      system-time: 0.106940
      cpu-usage-per-instance: 99.861072
      max-rss: 3072

...
