BaselineInfo:
  WebDBID: -1
  TimeStamp: 20241110175456
Version:
  Major: 11
  Minor: 0
  Build: 1002
  SpecialBuildName: ""
  ptArchitecture: x86_64_linux
Results:
  Results Complete: true
  NumTestProcesses: 192
  CPU_INTEGER_MATH: 811467.85133333388
  CPU_FLOATINGPOINT_MATH: 577458.40587660973
  CPU_PRIME: 965.94912068501935
  CPU_SORTING: 350297.15777922818
  CPU_ENCRYPTION: 176724.40882901184
  CPU_COMPRESSION: 2864202.570183313
  CPU_SINGLETHREAD: 3025.98613073656
  CPU_PHYSICS: 14913.149570536283
  CPU_MATRIX_MULT_SSE: 192232.64763549078
  CPU_mm: 22199.311780016473
  CPU_sse: 90475.500530074249
  CPU_fma: 217628.77372419092
  CPU_avx: 175214.07681627836
  CPU_avx512: 285612.23947141948
  m_CPU_enc_SHA: 189211159750.83698
  m_CPU_enc_AES: 242228418859.91852
  m_CPU_enc_ECDSA: 124487342526.1143
  ME_ALLOC_S: 32620.664891350425
  ME_READ_S: 26925.481054687501
  ME_READ_L: 8556.5302734375
  ME_WRITE: 8029.83740234375
  ME_LARGE: 1509265.5
  ME_LATENCY: 74.403799041067614
  ME_THREADED: 480981.89562988281
  SUMM_CPU: 123948.44357106654
  SUMM_ME: 2211.1807373337119
SystemInformation:
  OSName: Ubuntu 24.04.1 LTS
  Kernel: 6.8.0-1016-aws
  Device: ""
  Processor: Intel Xeon Platinum 8488C
  NumSockets: 2
  Manufacturer: GenuineIntel
  NumCores: 96
  NumLogicals: 192
  CPUFrequency: 0
  Memory: 1523784
  MemModuleInfo:
    iNumMemSticks: 2
    DIMM 1:
      manufacturer: Not Specified
      modulePartNo: Not Specified
      memType: DDR5
      size: 768
      clkspeed: 2400
      moduleVoltage: 0
    DIMM 2:
      manufacturer: Not Specified
      modulePartNo: Not Specified
      memType: DDR5
      size: 768
      clkspeed: 2400
      moduleVoltage: 0
Checksum: 6E6222365A51BA161CCE33C4C836302B209930A2