---
system-info:
      stress-ng-version: 0.17.08
      run-by: root
      date-yyyy-mm-dd: 2024:06:26
      time-hh-mm-ss: 18:15:51
      epoch-secs: 1719425751
      hostname: c3-highcpu-8-623bf31.us-east4-a.c.algebraic-pier-412621.internal
      sysname: Linux
      nodename: c3-highcpu-8-623bf31.us-east4-a.c.algebraic-pier-412621.internal
      release: 6.8.0-1009-gcp
      version: '#10-Ubuntu SMP Wed Jun 12 18:52:23 UTC 2024'
      machine: x86_64
      compiler: 'musl-gcc 13.2.1'
      uptime: 113
      totalram: 16764899328
      freeram: 11684429824
      sharedram: 111550464
      bufferram: 123420672
      totalswap: 0
      freeswap: 0
      pagesize: 4096
      cpus: 8
      cpus-online: 8
      ticks-per-second: 100

metrics:
    - stressor: cpu
      bogo-ops: 133106
      bogo-ops-per-second-usr-sys-time: 833.270950
      bogo-ops-per-second-real-time: 6655.256722
      wall-clock-time: 20.000130
      user-time: 159.733161
      system-time: 0.005997
      cpu-usage-per-instance: 99.836325
      max-rss: 1104

...
