BaselineInfo:
  WebDBID: -1
  TimeStamp: 20260620073015
Version:
  Major: 11
  Minor: 0
  Build: 1004
  SpecialBuildName: ""
  ptArchitecture: x86_64_linux
Results:
  Results Complete: true
  NumTestProcesses: 32
  CPU_INTEGER_MATH: 212089.75633333335
  CPU_FLOATINGPOINT_MATH: 123295.49509063356
  CPU_PRIME: 280.78383885763282
  CPU_SORTING: 90037.440414080804
  CPU_ENCRYPTION: 40124.539083317934
  CPU_COMPRESSION: 704673.99497637223
  CPU_SINGLETHREAD: 3813.1673451433708
  CPU_PHYSICS: 6087.5482063654745
  CPU_MATRIX_MULT_SSE: 53395.536607016002
  CPU_mm: 5232.2917545667251
  CPU_sse: 19724.198557367436
  CPU_fma: 57411.22712982275
  CPU_avx: 55855.875662954524
  CPU_avx512: 80590.845077919323
  m_CPU_enc_SHA: 51143492845.124794
  m_CPU_enc_AES: 41443875796.656364
  m_CPU_enc_ECDSA: 33633517439.706425
  ME_ALLOC_S: 19362.998220728157
  ME_READ_S: 33912.919140625003
  ME_READ_L: 30416.208984375
  ME_WRITE: 30711.419921875
  ME_LARGE: 119746.08333333333
  ME_LATENCY: 78.149919384317514
  ME_THREADED: 116489.25146484375
  SUMM_CPU: 57509.958768046556
  SUMM_ME: 2908.9162740259667
SystemInformation:
  OSName: Ubuntu 24.04.4 LTS
  Kernel: 6.17.0-1018-azure
  Device: ""
  Processor: "AMD EPYC 9V45 96-Core Processor                "
  NumSockets: 1
  Manufacturer: AuthenticAMD
  NumCores: 16
  NumLogicals: 32
  CPUFrequency: 0
  CPUMaxFrequency: 0
  Memory: 128804
  CPUInfo:
    number: 1
    Family: 15
    Model: 2
    stepping: 1
    features: 395049983
    manufacture: AuthenticAMD
    typestring: "AMD EPYC 9V45 96-Core Processor                "
    iCoresPerPackage: 16
    iThreadsPerPackage: 2
    featuresEx:
      - 395049983
      - 4277809667
      - 802421759
    bHybrid: false
    nPCore: 0
    nLogicalsPerPCore: 0
    nECore: 0
    nLogicalsPerECore: 0
  MemModuleInfo:
    iNumMemSticks: 3
    DIMM 1:
      manufacturer: Microsoft Corporation
      modulePartNo: None
      memType: Unknown
      size: 1
      clkspeed: 0
      moduleVoltage: 0
    DIMM 2:
      manufacturer: Microsoft Corporation
      modulePartNo: None
      memType: Unknown
      size: 59
      clkspeed: 0
      moduleVoltage: 0
    DIMM 3:
      manufacturer: Microsoft Corporation
      modulePartNo: None
      memType: Unknown
      size: 68
      clkspeed: 0
      moduleVoltage: 0
Checksum: 1715732B512F20D0917B6AE491D1B6BD3499B0A8