BaselineInfo:
  WebDBID: -1
  TimeStamp: 20260619220309
Version:
  Major: 11
  Minor: 0
  Build: 1004
  SpecialBuildName: ""
  ptArchitecture: x86_64_linux
Results:
  Results Complete: true
  NumTestProcesses: 8
  CPU_INTEGER_MATH: 36121.605000000003
  CPU_FLOATINGPOINT_MATH: 25770.943313434935
  CPU_PRIME: 75.567396770934238
  CPU_SORTING: 18120.947354890075
  CPU_ENCRYPTION: 7969.2058218157617
  CPU_COMPRESSION: 135148.3355094773
  CPU_SINGLETHREAD: 2830.5695665868807
  CPU_PHYSICS: 1800.8151672907334
  CPU_MATRIX_MULT_SSE: 10329.358718329924
  CPU_mm: 1020.9898271990138
  CPU_sse: 4358.8394410019137
  CPU_fma: 11532.368691265396
  CPU_avx: 8663.6233738311821
  CPU_avx512: 16762.603367221207
  m_CPU_enc_SHA: 8426361086.4979534
  m_CPU_enc_AES: 10990289607.321634
  m_CPU_enc_ECDSA: 5652303197.6292686
  ME_ALLOC_S: 4873.6701801118224
  ME_READ_S: 25713.254296874999
  ME_READ_L: 9948.5244140625
  ME_WRITE: 9122.341796875
  ME_LARGE: 23793.25
  ME_LATENCY: 71.624105349286609
  ME_THREADED: 58722.15576171875
  SUMM_CPU: 13504.186456127949
  SUMM_ME: 2144.3959401858478
SystemInformation:
  OSName: Ubuntu 24.04.4 LTS
  Kernel: 6.17.0-1018-azure
  Device: ""
  Processor: INTEL(R) XEON(R) PLATINUM 8573C
  NumSockets: 1
  Manufacturer: GenuineIntel
  NumCores: 4
  NumLogicals: 8
  CPUFrequency: 2300
  CPUMaxFrequency: 2300
  Memory: 32091
  CPUInfo:
    number: 1
    Family: 6
    Model: 15
    stepping: 2
    features: 529267711
    manufacture: GenuineIntel
    typestring: INTEL(R) XEON(R) PLATINUM 8573C
    iCoresPerPackage: 4
    iThreadsPerPackage: 2
    featuresEx:
      - 529267711
      - 4294586915
      - 739248128
    bHybrid: false
    nPCore: 0
    nLogicalsPerPCore: 0
    nECore: 0
    nLogicalsPerECore: 0
  MemModuleInfo:
    iNumMemSticks: 2
    DIMM 1:
      manufacturer: Microsoft Corporation
      modulePartNo: None
      memType: Unknown
      size: 1
      clkspeed: 0
      moduleVoltage: 0
    DIMM 2:
      manufacturer: Microsoft Corporation
      modulePartNo: None
      memType: Unknown
      size: 31
      clkspeed: 0
      moduleVoltage: 0
Checksum: 782F0B6AD14D47D7A1080B024E82005A005F7864