BaselineInfo:
  WebDBID: -1
  TimeStamp: 20251016210730
Version:
  Major: 11
  Minor: 0
  Build: 1002
  SpecialBuildName: ""
  ptArchitecture: x86_64_linux
Results:
  Results Complete: true
  NumTestProcesses: 16
  CPU_INTEGER_MATH: 96012.850333333336
  CPU_FLOATINGPOINT_MATH: 83971.014399070118
  CPU_PRIME: 308.52990686251337
  CPU_SORTING: 60971.310430841098
  CPU_ENCRYPTION: 20752.942236532614
  CPU_COMPRESSION: 415804.02469945955
  CPU_SINGLETHREAD: 2876.9727357077209
  CPU_PHYSICS: 5542.9166786351507
  CPU_MATRIX_MULT_SSE: 39347.306247224362
  CPU_mm: 4128.874647503284
  CPU_sse: 18374.311197679624
  CPU_fma: 53892.284521008769
  CPU_avx: 46285.94692394881
  CPU_avx512: 38836.682346260248
  m_CPU_enc_SHA: 28728712486.740051
  m_CPU_enc_AES: 18211234874.372105
  m_CPU_enc_ECDSA: 18343164114.731102
  ME_ALLOC_S: 16326.819791010914
  ME_READ_S: 27601.908789062501
  ME_READ_L: 26595.548828125
  ME_WRITE: 25888.00390625
  ME_LARGE: 21297.5
  ME_LATENCY: 69.574918295392436
  ME_THREADED: 355936.1142578125
  SUMM_CPU: 36691.906615037282
  SUMM_ME: 2904.2631465720133
SystemInformation:
  OSName: Ubuntu 24.04.2 LTS
  Kernel: 6.8.0-79-generic
  Device: ""
  Processor: AMD EPYC-Genoa Processor
  NumSockets: 1
  Manufacturer: AuthenticAMD
  NumCores: 16
  NumLogicals: 16
  CPUFrequency: 0
  Memory: 31331
  MemModuleInfo:
    iNumMemSticks: 2
    DIMM 1:
      manufacturer: QEMU
      modulePartNo: Not Specified
      memType: RAM
      size: 16
      clkspeed: 0
      moduleVoltage: 0
    DIMM 2:
      manufacturer: QEMU
      modulePartNo: Not Specified
      memType: RAM
      size: 15616
      clkspeed: 0
      moduleVoltage: 0
Checksum: C3293B906C9E5DF31B721B2456A4FD39B1A35DC7