BaselineInfo:
  WebDBID: -1
  TimeStamp: 20250421181233
Version:
  Major: 11
  Minor: 0
  Build: 1002
  SpecialBuildName: ""
  ptArchitecture: aarch64_linux
Results:
  Results Complete: true
  NumTestProcesses: 8
  CPU_INTEGER_MATH: 41696.241000000002
  CPU_FLOATINGPOINT_MATH: 48462.831775734674
  CPU_PRIME: 116.9861067181554
  CPU_SORTING: 36789.038170073727
  CPU_ENCRYPTION: 1512.1577520503536
  CPU_COMPRESSION: 53077.537847429994
  CPU_SINGLETHREAD: 1939.1304222001568
  CPU_PHYSICS: 2360.3373610570275
  CPU_MATRIX_MULT_SSE: 7352.1805752559949
  CPU_mm: 912.18368586754218
  CPU_sse: 5764.8255280586127
  CPU_fma: 8939.5356224533753
  CPU_avx: 0
  CPU_avx512: 0
  m_CPU_enc_SHA: 2388434019.9427605
  m_CPU_enc_AES: 857024062.23520827
  m_CPU_enc_ECDSA: 1511378898.8638859
  ME_ALLOC_S: 11880.550793710212
  ME_READ_S: 20897.752148437499
  ME_READ_L: 18078.7578125
  ME_WRITE: 21230.61328125
  ME_LARGE: 6306
  ME_LATENCY: 52.72954253922483
  ME_THREADED: 135982.265625
  SUMM_CPU: 7668.8683349346611
  SUMM_ME: 2649.2554467936243
SystemInformation:
  OSName: Ubuntu 24.04.2 LTS
  Kernel: 6.8.0-1027-aws
  Device: ""
  Processor: ARM Neoverse-V2 8 Core 0 MHz
  NumSockets: 1
  Manufacturer: ARM
  NumCores: 8
  NumLogicals: 8
  CPUFrequency: 0
  Memory: 15672
Checksum: 0A4FDE018B4AC2492701653BD5F9FBCBEE33B3E0