---
system-info:
      stress-ng-version: 0.17.08
      run-by: root
      date-yyyy-mm-dd: 2024:06:13
      time-hh-mm-ss: 07:43:26
      epoch-secs: 1718264606
      hostname: f96bb580982c
      sysname: Linux
      nodename: f96bb580982c
      release: 6.8.0-1008-aws
      version: '#8-Ubuntu SMP Sat Apr 20 00:46:25 UTC 2024'
      machine: x86_64
      compiler: 'musl-gcc 13.2.1'
      uptime: 197
      totalram: 15974268928
      freeram: 11664949248
      sharedram: 48508928
      bufferram: 108187648
      totalswap: 0
      freeswap: 0
      pagesize: 4096
      cpus: 2
      cpus-online: 2
      ticks-per-second: 100

metrics:
    - stressor: cpu
      bogo-ops: 20629
      bogo-ops-per-second-usr-sys-time: 523.491826
      bogo-ops-per-second-real-time: 1031.441922
      wall-clock-time: 20.000157
      user-time: 39.398568
      system-time: 0.007969
      cpu-usage-per-instance: 98.515571
      max-rss: 1104

...
