---
system-info:
      stress-ng-version: 0.17.08
      run-by: root
      date-yyyy-mm-dd: 2024:06:07
      time-hh-mm-ss: 13:04:22
      epoch-secs: 1717765462
      hostname: a9740a5eb7d1
      sysname: Linux
      nodename: a9740a5eb7d1
      release: 6.8.0-1008-aws
      version: '#8-Ubuntu SMP Sat Apr 20 00:46:25 UTC 2024'
      machine: x86_64
      compiler: 'musl-gcc 13.2.1'
      uptime: 184
      totalram: 15974273024
      freeram: 11752022016
      sharedram: 48508928
      bufferram: 92655616
      totalswap: 0
      freeswap: 0
      pagesize: 4096
      cpus: 2
      cpus-online: 2
      ticks-per-second: 100

metrics:
    - stressor: cpu
      bogo-ops: 16282
      bogo-ops-per-second-usr-sys-time: 825.631262
      bogo-ops-per-second-real-time: 1626.812636
      wall-clock-time: 10.008528
      user-time: 19.716681
      system-time: 0.003987
      cpu-usage-per-instance: 98.519322
      max-rss: 4232

...
