BaselineInfo:
  WebDBID: -1
  TimeStamp: 20241107085837
Version:
  Major: 11
  Minor: 0
  Build: 1002
  SpecialBuildName: ""
  ptArchitecture: x86_64_linux
Results:
  Results Complete: true
  NumTestProcesses: 2
  CPU_INTEGER_MATH: 5625.2116666666661
  CPU_FLOATINGPOINT_MATH: 3163.2487876057294
  CPU_PRIME: 12.476979519561294
  CPU_SORTING: 3062.4553396102378
  CPU_ENCRYPTION: 752.53699243045389
  CPU_COMPRESSION: 25264.331120937713
  CPU_SINGLETHREAD: 1688.9383803341941
  CPU_PHYSICS: 278.11688144344521
  CPU_MATRIX_MULT_SSE: 899.76132412457378
  CPU_mm: 177.22143425640905
  CPU_sse: 661.04212855859896
  CPU_fma: 0
  CPU_avx: 1138.4805196905486
  CPU_avx512: 0
  m_CPU_enc_SHA: 257563611.45375967
  m_CPU_enc_AES: 1881552511.7118688
  m_CPU_enc_ECDSA: 228160564.95863828
  ME_ALLOC_S: 682.71281771445547
  ME_READ_S: 21985.510156249999
  ME_READ_L: 9907.8740234375
  ME_WRITE: 9477.7841796875
  ME_LARGE: 706.08333333333337
  ME_LATENCY: 56.113965509886761
  ME_THREADED: 12148.6103515625
  SUMM_CPU: 1880.5697324293574
  SUMM_ME: 980.61475318578402
SystemInformation:
  OSName: Ubuntu 24.04.1 LTS
  Kernel: 6.8.0-1016-aws
  Device: ""
  Processor: Intel Xeon CPU E5-2670 v2 @ 2.50GHz
  NumSockets: 1
  Manufacturer: GenuineIntel
  NumCores: 1
  NumLogicals: 2
  CPUFrequency: 0
  Memory: 7434
  MemModuleInfo:
    iNumMemSticks: 1
    DIMM 1:
      manufacturer: Not Specified
      modulePartNo: Not Specified
      memType: RAM
      size: 7680
      clkspeed: 0
      moduleVoltage: 0
Checksum: EBA1A5E7E38DBC208FA4C6FEE911BE114548D07D