---
system-info:
      stress-ng-version: 0.17.08
      run-by: root
      date-yyyy-mm-dd: 2024:08:30
      time-hh-mm-ss: 20:17:36
      epoch-secs: 1725049056
      hostname: sc-runner
      sysname: Linux
      nodename: sc-runner
      release: 6.8.0-1013-azure
      version: '#15-Ubuntu SMP Thu Aug  8 18:40:40 UTC 2024'
      machine: x86_64
      compiler: 'musl-gcc 13.2.1'
      uptime: 428
      totalram: 33653030912
      freeram: 25195024384
      sharedram: 56987648
      bufferram: 207314944
      totalswap: 0
      freeswap: 0
      pagesize: 4096
      cpus: 2
      cpus-online: 2
      ticks-per-second: 100

metrics:
    - stressor: cpu
      bogo-ops: 21232
      bogo-ops-per-second-usr-sys-time: 540.338212
      bogo-ops-per-second-real-time: 1061.589838
      wall-clock-time: 20.000191
      user-time: 39.276719
      system-time: 0.017189
      cpu-usage-per-instance: 98.233830
      max-rss: 976

...
