BaselineInfo:
  WebDBID: -1
  TimeStamp: 20260616230539
Version:
  Major: 11
  Minor: 0
  Build: 1004
  SpecialBuildName: ""
  ptArchitecture: x86_64_linux
Results:
  Results Complete: true
  NumTestProcesses: 4
  CPU_INTEGER_MATH: 13468.534333333333
  CPU_FLOATINGPOINT_MATH: 8056.9621573432314
  CPU_PRIME: 33.463729725722963
  CPU_SORTING: 8223.1294816740537
  CPU_ENCRYPTION: 4270.7733403396796
  CPU_COMPRESSION: 60645.431713203536
  CPU_SINGLETHREAD: 2128.9556964766844
  CPU_PHYSICS: 579.18771331324285
  CPU_MATRIX_MULT_SSE: 3677.8193043499864
  CPU_mm: 402.98073674077665
  CPU_sse: 1652.655625882192
  CPU_fma: 5529.3051741451718
  CPU_avx: 3851.4971130225958
  CPU_avx512: 0
  m_CPU_enc_SHA: 6033934854.352212
  m_CPU_enc_AES: 4133508038.2172041
  m_CPU_enc_ECDSA: 3267248385.7906451
  ME_ALLOC_S: 1356.6212251078218
  ME_READ_S: 24404.307421875001
  ME_READ_L: 11986.283203125
  ME_WRITE: 11145.4951171875
  ME_LARGE: 3051
  ME_LATENCY: 54.745705881869434
  ME_THREADED: 30705.21240234375
  SUMM_CPU: 5590.4616202468733
  SUMM_ME: 1865.0736227159343
SystemInformation:
  OSName: Ubuntu 24.04.4 LTS
  Kernel: 6.8.0-117-generic
  Device: ""
  Processor: "AMD EPYC 7H12 64-Core Processor                "
  NumSockets: 1
  Manufacturer: AuthenticAMD
  NumCores: 2
  NumLogicals: 4
  CPUFrequency: 7
  CPUMaxFrequency: 832
  Memory: 7288
  CPUInfo:
    number: 1
    Family: 15
    Model: 1
    stepping: 0
    features: 395049983
    manufacture: AuthenticAMD
    typestring: "AMD EPYC 7H12 64-Core Processor                "
    iCoresPerPackage: 2
    iThreadsPerPackage: 2
    featuresEx:
      - 395049983
      - 4277678595
      - 776996864
    bHybrid: false
    nPCore: 0
    nLogicalsPerPCore: 0
    nECore: 0
    nLogicalsPerECore: 0
  MemModuleInfo:
    iNumMemSticks: 1
    DIMM 1:
      manufacturer: Alibaba Cloud
      modulePartNo: Not Specified
      memType: RAM
      size: 8
      clkspeed: 0
      moduleVoltage: 0
Checksum: 5B6137A7566ED77319B49CE6844930338626F01E