"size","threads","connections","rps","latency","failed","server_usr","server_sys","client_usr","client_sys"
"1k",2,2,197693,0.000010150,0,3.77,6.32,2.20,7.82
"1k",2,4,168032,0.000022990,0,2.98,6.49,1.54,7.59
"1k",2,8,220217,0.000033460,0,3.62,6.71,1.88,7.90
"1k",2,16,250399,0.000057260,0,3.92,6.63,1.96,7.59
"1k",2,32,220612,0.000860000,0,3.33,6.66,1.79,8.15
"1k",2,64,228584,0.000777050,0,3.23,6.75,1.77,8.09
"1k",4,4,175648,0.000022900,0,3.16,6.57,1.89,8.55
"1k",4,8,185999,0.000078800,0,3.07,6.68,1.73,8.55
"1k",4,16,200354,0.000116680,0,3.10,6.80,1.76,8.36
"1k",4,32,207788,0.000321550,0,3.10,6.61,1.79,8.45
"1k",4,64,214053,0.000488280,0,3.20,6.51,1.85,8.36
"1k",8,8,183753,0.000045050,0,3.07,6.33,1.94,8.82
"1k",8,16,179772,0.000111810,0,2.83,6.65,1.77,8.86
"1k",8,32,194178,0.000220250,0,2.99,6.62,1.80,8.68
"1k",8,64,204182,0.000436630,0,3.08,6.50,1.82,8.52
"16k",2,2,156879,0.000012940,0,3.69,6.32,1.94,8.14
"16k",2,4,168673,0.000021350,0,3.68,6.37,1.84,8.21
"16k",2,8,166047,0.000431380,0,3.30,6.63,1.60,8.32
"16k",2,16,177126,0.000543070,0,3.27,6.71,1.61,8.35
"16k",2,32,177591,0.000762130,0,3.16,6.79,1.53,8.42
"16k",2,64,178760,0.000930000,0,3.28,6.68,1.52,8.43
"16k",4,4,141490,0.000029220,0,2.89,6.57,1.85,8.86
"16k",4,8,149118,0.000052360,0,2.87,6.50,1.74,9.06
"16k",4,16,164410,0.000117470,0,3.13,6.49,1.80,8.71
"16k",4,32,161243,0.000409630,0,3.02,6.42,1.73,8.75
"16k",4,64,167211,0.000575600,0,3.05,6.42,1.69,8.77
"16k",8,8,143857,0.000056470,0,2.84,6.25,1.91,9.15
"16k",8,16,149106,0.000107580,0,2.84,6.35,1.86,9.08
"16k",8,32,156844,0.000245470,0,2.93,6.40,1.79,8.98
"16k",8,64,157234,0.000518900,0,2.97,6.29,1.80,8.85
"64k",2,2,90482,0.000022360,0,3.05,6.62,1.58,8.84
"64k",2,4,81289,0.000042730,0,2.67,7.00,1.38,8.90
"64k",2,8,72571,0.000118100,0,2.22,5.59,1.18,7.57
"64k",2,16,97838,0.000111540,0,3.04,6.43,1.47,9.15
"64k",2,32,87908,0.000376380,0,2.75,6.56,1.36,8.83
"64k",2,64,89620,0.000738870,0,2.73,6.77,1.25,8.95
"64k",4,4,83737,0.000047790,0,2.60,6.84,1.66,9.02
"64k",4,8,84831,0.000093020,0,2.50,6.65,1.48,9.42
"64k",4,16,90163,0.000169360,0,2.69,6.48,1.46,9.44
"64k",4,32,87249,0.000365250,0,2.67,6.60,1.50,9.31
"64k",4,64,85098,0.000802250,0,2.66,6.72,1.39,9.13
"64k",8,8,80847,0.000101940,0,2.25,6.82,1.64,9.44
"64k",8,16,80564,0.000201750,0,2.32,6.63,1.56,9.58
"64k",8,32,83939,0.000386950,0,2.49,6.60,1.59,9.42
"64k",8,64,84739,0.000778270,0,2.58,6.55,1.52,9.25
"256k",2,2,35643,0.000056940,0,2.64,5.83,1.65,9.98
"256k",2,4,26273,0.000848070,0,1.94,5.83,1.17,7.98
"256k",2,8,27715,0.000314910,0,2.27,6.19,1.16,7.90
"256k",2,16,33444,0.000701640,0,2.46,7.48,1.24,8.74
"256k",2,32,33008,0.000743550,0,2.82,7.08,1.31,8.69
"256k",4,4,32256,0.000940000,0,2.32,6.58,1.57,9.64
"256k",4,8,30576,0.000254050,0,2.52,6.59,1.44,9.52
"256k",4,16,30966,0.000570620,0,2.46,7.10,1.30,9.07
"256k",4,32,24171,0.001760000,0,1.92,5.39,1.02,7.11
"256k",8,8,30494,0.000264390,0,2.17,6.91,1.55,9.53
"256k",8,16,29941,0.000542620,0,2.52,6.83,1.40,9.35
"256k",8,32,23721,0.001540000,0,1.87,5.37,1.04,6.93
"512k",2,2,18320,0.000378070,0,2.27,6.13,1.40,10.14
"512k",2,4,15353,0.000231910,0,2.57,7.48,1.18,8.71
"512k",2,8,15087,0.000529450,0,2.65,8.02,1.09,8.14
"512k",2,16,15412,0.000880000,0,2.95,8.08,1.12,7.93
"512k",2,32,15302,0.001770000,0,2.74,8.24,1.13,7.84
"512k",4,4,15441,0.000260940,0,2.30,6.98,1.24,9.51
"512k",4,8,14611,0.000561240,0,2.34,8.12,1.15,8.48
"512k",4,16,14657,0.001080000,0,2.36,8.24,1.14,8.18
"512k",4,32,14810,0.002090000,0,2.36,8.41,1.05,8.13
"512k",8,8,14523,0.000600530,0,2.34,8.02,1.22,8.48
"512k",8,16,14438,0.001130000,0,2.22,8.21,1.12,8.37
"512k",8,32,14547,0.002180000,0,2.38,8.16,1.12,8.27
