---
system-info:
      stress-ng-version: 0.17.08
      run-by: root
      date-yyyy-mm-dd: 2024:06:28
      time-hh-mm-ss: 20:28:29
      epoch-secs: 1719606509
      hostname: c3d-standard-360-0bbb39a
      sysname: Linux
      nodename: c3d-standard-360-0bbb39a
      release: 6.8.0-1009-gcp
      version: '#10-Ubuntu SMP Wed Jun 12 18:52:23 UTC 2024'
      machine: x86_64
      compiler: 'musl-gcc 13.2.1'
      uptime: 133
      totalram: 1521705189376
      freeram: 1514265595904
      sharedram: 70934528
      bufferram: 134012928
      totalswap: 0
      freeswap: 0
      pagesize: 4096
      cpus: 360
      cpus-online: 360
      ticks-per-second: 100

metrics:
    - stressor: cpu
      bogo-ops: 11067036
      bogo-ops-per-second-usr-sys-time: 1538.445976
      bogo-ops-per-second-real-time: 553350.190906
      wall-clock-time: 20.000058
      user-time: 7193.507273
      system-time: 0.138895
      cpu-usage-per-instance: 99.911462
      max-rss: 0

...
