---
system-info:
      stress-ng-version: 0.17.08
      run-by: root
      date-yyyy-mm-dd: 2024:09:23
      time-hh-mm-ss: 21:03:18
      epoch-secs: 1727125398
      hostname: c4-highmem-2-c460e75.us-east4-a.c.algebraic-pier-412621.internal
      sysname: Linux
      nodename: c4-highmem-2-c460e75.us-east4-a.c.algebraic-pier-412621.internal
      release: 6.8.0-1014-gcp
      version: '#16-Ubuntu SMP Mon Aug 26 15:55:46 UTC 2024'
      machine: x86_64
      compiler: 'musl-gcc 13.2.1'
      uptime: 202
      totalram: 15710048256
      freeram: 5337210880
      sharedram: 274583552
      bufferram: 251719680
      totalswap: 0
      freeswap: 0
      pagesize: 4096
      cpus: 2
      cpus-online: 2
      ticks-per-second: 100

metrics:
    - stressor: cpu
      bogo-ops: 42524
      bogo-ops-per-second-usr-sys-time: 2126.285158
      bogo-ops-per-second-real-time: 2126.188037
      wall-clock-time: 20.000113
      user-time: 19.998200
      system-time: 0.000999
      cpu-usage-per-instance: 99.995432
      max-rss: 1104

...
