BaselineInfo:
  WebDBID: -1
  TimeStamp: 20260403210200
Version:
  Major: 11
  Minor: 0
  Build: 1004
  SpecialBuildName: ""
  ptArchitecture: x86_64_linux
Results:
  Results Complete: true
  NumTestProcesses: 2
  CPU_INTEGER_MATH: 4866.9553333333333
  CPU_FLOATINGPOINT_MATH: 2620.1738231108529
  CPU_PRIME: 12.731154282215307
  CPU_SORTING: 3026.3916225306443
  CPU_ENCRYPTION: 669.17650279963743
  CPU_COMPRESSION: 22824.41316311455
  CPU_SINGLETHREAD: 1608.5161616831772
  CPU_PHYSICS: 242.76178066126585
  CPU_MATRIX_MULT_SSE: 1427.5506118777821
  CPU_mm: 148.07367154795617
  CPU_sse: 526.85989878937335
  CPU_fma: 1812.5095919112946
  CPU_avx: 1281.3812266403661
  CPU_avx512: 2089.4517301700944
  m_CPU_enc_SHA: 220797192.15319186
  m_CPU_enc_AES: 1686157982.7334945
  m_CPU_enc_ECDSA: 198092086.91221136
  ME_ALLOC_S: 545.89264823468693
  ME_READ_S: 19094.760156249999
  ME_READ_L: 7210.8486328125
  ME_WRITE: 7518.76708984375
  ME_LARGE: 1009.1666666666666
  ME_LATENCY: 76.068150380211463
  ME_THREADED: 9802.76806640625
  SUMM_CPU: 1826.1338704789885
  SUMM_ME: 958.9583740026311
SystemInformation:
  OSName: Ubuntu 24.04.4 LTS
  Kernel: 6.8.0-106-generic
  Device: ""
  Processor: Intel(R) Xeon(R) Platinum 8269CY CPU @ 2.50GHz
  NumSockets: 1
  Manufacturer: GenuineIntel
  NumCores: 1
  NumLogicals: 2
  CPUFrequency: 2500
  CPUMaxFrequency: 3800
  Memory: 7556
  CPUInfo:
    number: 1
    Family: 6
    Model: 5
    stepping: 7
    features: 529267711
    manufacture: GenuineIntel
    typestring: Intel(R) Xeon(R) Platinum 8269CY CPU @ 2.50GHz
    iCoresPerPackage: 1
    iThreadsPerPackage: 2
    featuresEx:
      - 529267711
      - 4294586883
      - 739248128
    bHybrid: false
    nPCore: 0
    nLogicalsPerPCore: 0
    nECore: 0
    nLogicalsPerECore: 0
  MemModuleInfo:
    iNumMemSticks: 1
    DIMM 1:
      manufacturer: Alibaba Cloud
      modulePartNo: Not Specified
      memType: RAM
      size: 8
      clkspeed: 0
      moduleVoltage: 0
Checksum: 6FF60854EF02DF57BF2E429B6C4672A4839923F2