BaselineInfo:
  WebDBID: -1
  TimeStamp: 20241106221937
Version:
  Major: 11
  Minor: 0
  Build: 1002
  SpecialBuildName: ""
  ptArchitecture: x86_64_linux
Results:
  Results Complete: true
  NumTestProcesses: 2
  CPU_INTEGER_MATH: 8266.0803333333333
  CPU_FLOATINGPOINT_MATH: 4580.9223668562481
  CPU_PRIME: 19.756435623741062
  CPU_SORTING: 4578.8199123591976
  CPU_ENCRYPTION: 2154.6403950606191
  CPU_COMPRESSION: 32103.29670749951
  CPU_SINGLETHREAD: 2327.4284211544232
  CPU_PHYSICS: 394.11120131283292
  CPU_MATRIX_MULT_SSE: 1751.0703799827552
  CPU_mm: 223.34516169044224
  CPU_sse: 939.6823521227426
  CPU_fma: 2584.6960010931589
  CPU_avx: 1728.8327867323637
  CPU_avx512: 0
  m_CPU_enc_SHA: 3115134872.1695948
  m_CPU_enc_AES: 1991449960.2610662
  m_CPU_enc_ECDSA: 1671327788.242589
  ME_ALLOC_S: 954.26335993795601
  ME_READ_S: 24186.88671875
  ME_READ_L: 18433.232421875
  ME_WRITE: 19029.09375
  ME_LARGE: 709
  ME_LATENCY: 59.862956951944305
  ME_THREADED: 22510.240234375
  SUMM_CPU: 3128.2338192622947
  SUMM_ME: 1124.9496884065261
SystemInformation:
  OSName: Ubuntu 24.04.1 LTS
  Kernel: 6.8.0-1017-azure
  Device: ""
  Processor: AMD EPYC 7763 64-Core Processor
  NumSockets: 1
  Manufacturer: AuthenticAMD
  NumCores: 1
  NumLogicals: 2
  CPUFrequency: 0
  Memory: 3912
  MemModuleInfo:
    iNumMemSticks: 2
    DIMM 1:
      manufacturer: Microsoft Corporation
      modulePartNo: None
      memType: Unknown
      size: 1
      clkspeed: 0
      moduleVoltage: 0
    DIMM 2:
      manufacturer: Microsoft Corporation
      modulePartNo: None
      memType: Unknown
      size: 3
      clkspeed: 0
      moduleVoltage: 0
Checksum: 88BA8EF6EECCD97B3B9AF5353ECC708D9A4BD02A