BaselineInfo:
  WebDBID: -1
  TimeStamp: 20241115100219
Version:
  Major: 11
  Minor: 0
  Build: 1002
  SpecialBuildName: ""
  ptArchitecture: x86_64_linux
Results:
  Results Complete: true
  NumTestProcesses: 2
  CPU_INTEGER_MATH: 8253.6080000000002
  CPU_FLOATINGPOINT_MATH: 4583.4413974683503
  CPU_PRIME: 19.693555992827321
  CPU_SORTING: 4502.6650226282309
  CPU_ENCRYPTION: 2154.9914548722163
  CPU_COMPRESSION: 32260.4437130033
  CPU_SINGLETHREAD: 2333.4726322648989
  CPU_PHYSICS: 394.27685868362698
  CPU_MATRIX_MULT_SSE: 1768.7288017085789
  CPU_mm: 223.68726651308776
  CPU_sse: 941.39866084713958
  CPU_fma: 2587.5085951282026
  CPU_avx: 1777.279149150394
  CPU_avx512: 0
  m_CPU_enc_SHA: 3116825007.1692553
  m_CPU_enc_AES: 1992694796.579802
  m_CPU_enc_ECDSA: 1669497155.603209
  ME_ALLOC_S: 977.99725814011936
  ME_READ_S: 24204.664648437501
  ME_READ_L: 18942.5859375
  ME_WRITE: 19253.04296875
  ME_LARGE: 672
  ME_LATENCY: 61.320805885892561
  ME_THREADED: 22680.9755859375
  SUMM_CPU: 3129.2112649788596
  SUMM_ME: 1093.0839336114625
SystemInformation:
  OSName: Ubuntu 24.04.1 LTS
  Kernel: 6.8.0-1017-azure
  Device: ""
  Processor: AMD EPYC 7763 64-Core Processor
  NumSockets: 1
  Manufacturer: AuthenticAMD
  NumCores: 1
  NumLogicals: 2
  CPUFrequency: 0
  Memory: 3912
  MemModuleInfo:
    iNumMemSticks: 2
    DIMM 1:
      manufacturer: Microsoft Corporation
      modulePartNo: None
      memType: Unknown
      size: 1
      clkspeed: 0
      moduleVoltage: 0
    DIMM 2:
      manufacturer: Microsoft Corporation
      modulePartNo: None
      memType: Unknown
      size: 3
      clkspeed: 0
      moduleVoltage: 0
Checksum: 71755DB5EC078142F8292E72892CE42BB934F73B