BaselineInfo:
  WebDBID: -1
  TimeStamp: 20260620124808
Version:
  Major: 11
  Minor: 0
  Build: 1004
  SpecialBuildName: ""
  ptArchitecture: x86_64_linux
Results:
  Results Complete: true
  NumTestProcesses: 16
  CPU_INTEGER_MATH: 88885.586333333325
  CPU_FLOATINGPOINT_MATH: 64396.477872147181
  CPU_PRIME: 193.51427163682584
  CPU_SORTING: 45700.095518618567
  CPU_ENCRYPTION: 19628.289332185312
  CPU_COMPRESSION: 346951.258070543
  CPU_SINGLETHREAD: 3534.9639294230728
  CPU_PHYSICS: 4054.0246867054152
  CPU_MATRIX_MULT_SSE: 23441.846693013504
  CPU_mm: 2454.9165474860915
  CPU_sse: 10616.380597286969
  CPU_fma: 28054.902310480589
  CPU_avx: 21214.009503311281
  CPU_avx512: 33882.094360975163
  m_CPU_enc_SHA: 20722890341.75415
  m_CPU_enc_AES: 27102567554.710922
  m_CPU_enc_ECDSA: 13919801447.89156
  ME_ALLOC_S: 8890.6723463784128
  ME_READ_S: 30884.724804687499
  ME_READ_L: 21052.44140625
  ME_WRITE: 8662.416015625
  ME_LARGE: 119907.83333333333
  ME_LATENCY: 69.703024537915795
  ME_THREADED: 137146.0400390625
  SUMM_CPU: 31315.038212687512
  SUMM_ME: 2629.2545839890963
SystemInformation:
  OSName: Ubuntu 24.04.4 LTS
  Kernel: 6.17.0-1018-azure
  Device: ""
  Processor: Intel(R) Xeon(R) 6973P-C
  NumSockets: 1
  Manufacturer: GenuineIntel
  NumCores: 8
  NumLogicals: 16
  CPUFrequency: 2600
  CPUMaxFrequency: 2600
  Memory: 128808
  CPUInfo:
    number: 1
    Family: 6
    Model: 13
    stepping: 1
    features: 529267711
    manufacture: GenuineIntel
    typestring: Intel(R) Xeon(R) 6973P-C
    iCoresPerPackage: 8
    iThreadsPerPackage: 2
    featuresEx:
      - 529267711
      - 4294586915
      - 739248128
    bHybrid: false
    nPCore: 0
    nLogicalsPerPCore: 0
    nECore: 0
    nLogicalsPerECore: 0
  MemModuleInfo:
    iNumMemSticks: 3
    DIMM 1:
      manufacturer: Microsoft Corporation
      modulePartNo: None
      memType: Unknown
      size: 1
      clkspeed: 0
      moduleVoltage: 0
    DIMM 2:
      manufacturer: Microsoft Corporation
      modulePartNo: None
      memType: Unknown
      size: 59
      clkspeed: 0
      moduleVoltage: 0
    DIMM 3:
      manufacturer: Microsoft Corporation
      modulePartNo: None
      memType: Unknown
      size: 68
      clkspeed: 0
      moduleVoltage: 0
Checksum: 0CBB874218A76D5760084E8FC3C89610BA14A791