---
system-info:
      stress-ng-version: 0.17.08
      run-by: root
      date-yyyy-mm-dd: 2024:06:09
      time-hh-mm-ss: 18:25:07
      epoch-secs: 1717957507
      hostname: 77e551c48d01
      sysname: Linux
      nodename: 77e551c48d01
      release: 6.8.0-1008-aws
      version: '#8-Ubuntu SMP Sat Apr 20 00:46:25 UTC 2024'
      machine: x86_64
      compiler: 'musl-gcc 13.2.1'
      uptime: 162
      totalram: 532331966464
      freeram: 527413415936
      sharedram: 60141568
      bufferram: 110768128
      totalswap: 0
      freeswap: 0
      pagesize: 4096
      cpus: 64
      cpus-online: 64
      ticks-per-second: 100

metrics:
    - stressor: cpu
      bogo-ops: 16782
      bogo-ops-per-second-usr-sys-time: 1677.553136
      bogo-ops-per-second-real-time: 1677.616477
      wall-clock-time: 10.003478
      user-time: 10.003856
      system-time: 0.000000
      cpu-usage-per-instance: 100.003776
      max-rss: 3584

...
