---
system-info:
      stress-ng-version: 0.17.08
      run-by: root
      date-yyyy-mm-dd: 2024:06:15
      time-hh-mm-ss: 20:41:50
      epoch-secs: 1718484110
      hostname: ae114b78ab85
      sysname: Linux
      nodename: ae114b78ab85
      release: 6.8.0-1008-aws
      version: '#8-Ubuntu SMP Sat Apr 20 00:46:25 UTC 2024'
      machine: x86_64
      compiler: 'musl-gcc 13.2.1'
      uptime: 165
      totalram: 532331958272
      freeram: 527473463296
      sharedram: 60141568
      bufferram: 110108672
      totalswap: 0
      freeswap: 0
      pagesize: 4096
      cpus: 64
      cpus-online: 64
      ticks-per-second: 100

metrics:
    - stressor: cpu
      bogo-ops: 37834
      bogo-ops-per-second-usr-sys-time: 1891.674935
      bogo-ops-per-second-real-time: 1891.697903
      wall-clock-time: 20.000022
      user-time: 20.000265
      system-time: 0.000000
      cpu-usage-per-instance: 100.001214
      max-rss: 512

...
