---
system-info:
      stress-ng-version: 0.17.08
      run-by: root
      date-yyyy-mm-dd: 2024:06:14
      time-hh-mm-ss: 11:31:11
      epoch-secs: 1718364671
      hostname: 6522e15ee1d0
      sysname: Linux
      nodename: 6522e15ee1d0
      release: 6.8.0-1008-aws
      version: '#8-Ubuntu SMP Sat Apr 20 00:46:25 UTC 2024'
      machine: x86_64
      compiler: 'musl-gcc 13.2.1'
      uptime: 146
      totalram: 4002353152
      freeram: 192110592
      sharedram: 113504256
      bufferram: 101216256
      totalswap: 0
      freeswap: 0
      pagesize: 4096
      cpus: 2
      cpus-online: 2
      ticks-per-second: 100

metrics:
    - stressor: cpu
      bogo-ops: 40905
      bogo-ops-per-second-usr-sys-time: 2045.370472
      bogo-ops-per-second-real-time: 2045.242466
      wall-clock-time: 20.000074
      user-time: 19.997822
      system-time: 0.001000
      cpu-usage-per-instance: 99.993742
      max-rss: 976

...
