BaselineInfo:
  WebDBID: -1
  TimeStamp: 20241107175800
Version:
  Major: 11
  Minor: 0
  Build: 1002
  SpecialBuildName: ""
  ptArchitecture: x86_64_linux
Results:
  Results Complete: true
  NumTestProcesses: 8
  CPU_INTEGER_MATH: 21134.924999999999
  CPU_FLOATINGPOINT_MATH: 11295.518185903453
  CPU_PRIME: 45.597292434808182
  CPU_SORTING: 11157.70236987379
  CPU_ENCRYPTION: 2897.8571338531656
  CPU_COMPRESSION: 94348.321746933929
  CPU_SINGLETHREAD: 1695.3894249494801
  CPU_PHYSICS: 890.8273345418645
  CPU_MATRIX_MULT_SSE: 5897.3685287082408
  CPU_mm: 643.98801869972294
  CPU_sse: 2292.5988443053648
  CPU_fma: 7312.7539547802089
  CPU_avx: 5094.8585703809586
  CPU_avx512: 8889.2627453664281
  m_CPU_enc_SHA: 956437620.71100783
  m_CPU_enc_AES: 7305899763.0111103
  m_CPU_enc_ECDSA: 853532942.23953414
  ME_ALLOC_S: 2656.9979259386996
  ME_READ_S: 20885.606640624999
  ME_READ_L: 11196.8564453125
  ME_WRITE: 10114.72265625
  ME_LARGE: 19632.5
  ME_LATENCY: 51.678342092034171
  ME_THREADED: 47751.9150390625
  SUMM_CPU: 7244.6773534229778
  SUMM_ME: 2345.5826852286059
SystemInformation:
  OSName: Ubuntu 24.04.1 LTS
  Kernel: 6.8.0-1015-gcp
  Device: ""
  Processor: Intel Xeon CPU @ 2.20GHz
  NumSockets: 1
  Manufacturer: GenuineIntel
  NumCores: 4
  NumLogicals: 8
  CPUFrequency: 0
  Memory: 32093
  MemModuleInfo:
    iNumMemSticks: 2
    DIMM 1:
      manufacturer: ""
      modulePartNo: ""
      memType: RAM
      size: 16
      clkspeed: 0
      moduleVoltage: 0
    DIMM 2:
      manufacturer: ""
      modulePartNo: ""
      memType: RAM
      size: 16
      clkspeed: 0
      moduleVoltage: 0
Checksum: 12E99139B37CFA8BCB5A0539AC116ECE4CF0236F