---
system-info:
      stress-ng-version: 0.17.08
      run-by: root
      date-yyyy-mm-dd: 2024:09:21
      time-hh-mm-ss: 11:39:55
      epoch-secs: 1726918795
      hostname: sc-runner
      sysname: Linux
      nodename: sc-runner
      release: 6.8.0-1014-azure
      version: '#16-Ubuntu SMP Thu Aug 15 20:04:41 UTC 2024'
      machine: x86_64
      compiler: 'musl-gcc 13.2.1'
      uptime: 344
      totalram: 67423420416
      freeram: 57113329664
      sharedram: 38121472
      bufferram: 260300800
      totalswap: 0
      freeswap: 0
      pagesize: 4096
      cpus: 8
      cpus-online: 8
      ticks-per-second: 100

metrics:
    - stressor: cpu
      bogo-ops: 54058
      bogo-ops-per-second-usr-sys-time: 2702.877701
      bogo-ops-per-second-real-time: 2702.892170
      wall-clock-time: 20.000058
      user-time: 20.000165
      system-time: 0.000000
      cpu-usage-per-instance: 100.000535
      max-rss: 3152

...
