size_kb,operation,bandwidth_mb_s,latency_ns,latency_stddev_ns,latency_samples,threads,iterations,elapsed_s
32,read,772781.04,0,0,0,16,692521,0.448071
32,write,476542.36,0,0,0,16,309405,0.324635
32,copy,387776.79,0,0,0,16,310945,0.400933
32,latency,0,1.30,0.05,7,1,7,0.190030
128,read,772234.97,0,0,0,16,168236,0.435712
128,write,474877.68,0,0,0,16,113584,0.478372
128,copy,388875.04,0,0,0,16,78419,0.403312
128,latency,0,3.57,0.00,7,1,7,0.693066
1024,read,476382.52,0,0,0,16,18543,0.622794
1024,write,377842.71,0,0,0,16,13360,0.565738
1024,copy,97093.70,0,0,0,16,4577,0.754240
1024,latency,0,6.44,0.00,7,1,7,0.670331
2048,read,187137.53,0,0,0,16,4484,0.766752
2048,write,188537.13,0,0,0,16,4169,0.707595
2048,copy,88300.89,0,0,0,16,1879,0.680944
2048,latency,0,10.84,0.04,7,1,7,0.673661
4096,read,171516.26,0,0,0,16,1323,0.493667
4096,write,169622.87,0,0,0,16,1567,0.591241
4096,copy,85323.54,0,0,0,16,644,0.483055
4096,latency,0,22.24,0.05,7,1,7,0.717097
131072,read,123756.89,0,0,0,16,34,0.562651
131072,write,83454.69,0,0,0,16,22,0.539886
131072,copy,40847.51,0,0,0,16,17,0.852341
131072,latency,0,138.81,0.93,7,1,7,11.966866
262144,read,116371.43,0,0,0,16,17,0.598360
262144,write,84307.01,0,0,0,16,11,0.534428
262144,copy,40546.10,0,0,0,8,8,0.404083
262144,latency,0,142.28,2.14,7,1,7,24.353751
524288,read,110351.14,0,0,0,8,8,0.296943
524288,write,60645.94,0,0,0,8,5,0.337698
524288,copy,29412.96,0,0,0,4,4,0.278517
524288,latency,0,143.23,0.81,7,1,7,49.505206
