BaselineInfo:
  WebDBID: -1
  TimeStamp: 20260617141726
Version:
  Major: 11
  Minor: 0
  Build: 1004
  SpecialBuildName: ""
  ptArchitecture: x86_64_linux
Results:
  Results Complete: true
  NumTestProcesses: 8
  CPU_INTEGER_MATH: 23313.773000000001
  CPU_FLOATINGPOINT_MATH: 12529.125291160293
  CPU_PRIME: 57.528203747770348
  CPU_SORTING: 14611.125052591207
  CPU_ENCRYPTION: 3231.1258610823261
  CPU_COMPRESSION: 109752.52174898864
  CPU_SINGLETHREAD: 1966.1493650652312
  CPU_PHYSICS: 951.98270476178743
  CPU_MATRIX_MULT_SSE: 6431.6983258099617
  CPU_mm: 709.41170250839957
  CPU_sse: 2558.8456528253469
  CPU_fma: 7847.4153197284786
  CPU_avx: 5550.3284123895637
  CPU_avx512: 9770.2039182964581
  m_CPU_enc_SHA: 1055452779.4104137
  m_CPU_enc_AES: 8154714037.756114
  m_CPU_enc_ECDSA: 954076275.56425679
  ME_ALLOC_S: 2831.8282851773752
  ME_READ_S: 22349.133984374999
  ME_READ_L: 9865.283203125
  ME_WRITE: 9654.927734375
  ME_LARGE: 6894
  ME_LATENCY: 54.955877994971274
  ME_THREADED: 47186.8623046875
  SUMM_CPU: 8266.9141737841837
  SUMM_ME: 2118.8645580160955
SystemInformation:
  OSName: Ubuntu 24.04.4 LTS
  Kernel: 6.8.0-117-generic
  Device: ""
  Processor: Intel(R) Xeon(R) Platinum 8269CY CPU @ 2.50GHz
  NumSockets: 1
  Manufacturer: GenuineIntel
  NumCores: 4
  NumLogicals: 8
  CPUFrequency: 0
  CPUMaxFrequency: 0
  Memory: 15069
  CPUInfo:
    number: 1
    Family: 6
    Model: 5
    stepping: 7
    features: 529267711
    manufacture: GenuineIntel
    typestring: Intel(R) Xeon(R) Platinum 8269CY CPU @ 2.50GHz
    iCoresPerPackage: 4
    iThreadsPerPackage: 2
    featuresEx:
      - 529267711
      - 4277809667
      - 739248128
    bHybrid: false
    nPCore: 0
    nLogicalsPerPCore: 0
    nECore: 0
    nLogicalsPerECore: 0
  MemModuleInfo:
    iNumMemSticks: 1
    DIMM 1:
      manufacturer: Alibaba Cloud
      modulePartNo: Not Specified
      memType: RAM
      size: 16
      clkspeed: 0
      moduleVoltage: 0
Checksum: 6AD0611A12B71B58617C6BB8BCF9719367C113EC