---
system-info:
      stress-ng-version: 0.17.08
      run-by: root
      date-yyyy-mm-dd: 2024:06:15
      time-hh-mm-ss: 08:44:02
      epoch-secs: 1718441042
      hostname: c0eb22540305
      sysname: Linux
      nodename: c0eb22540305
      release: 6.8.0-1008-aws
      version: '#8-Ubuntu SMP Sat Apr 20 00:46:25 UTC 2024'
      machine: x86_64
      compiler: 'musl-gcc 13.2.1'
      uptime: 159
      totalram: 803068559360
      freeram: 797147226112
      sharedram: 79048704
      bufferram: 107757568
      totalswap: 0
      freeswap: 0
      pagesize: 4096
      cpus: 96
      cpus-online: 96
      ticks-per-second: 100

metrics:
    - stressor: cpu
      bogo-ops: 1621425
      bogo-ops-per-second-usr-sys-time: 844.949918
      bogo-ops-per-second-real-time: 81070.850931
      wall-clock-time: 20.000098
      user-time: 1918.907913
      system-time: 0.051975
      cpu-usage-per-instance: 99.945336
      max-rss: 768

...
