---
system-info:
      stress-ng-version: 0.17.08
      run-by: root
      date-yyyy-mm-dd: 2024:06:08
      time-hh-mm-ss: 04:55:56
      epoch-secs: 1717822556
      hostname: fdd446ac60d9
      sysname: Linux
      nodename: fdd446ac60d9
      release: 6.8.0-1008-aws
      version: '#8-Ubuntu SMP Sat Apr 20 00:46:25 UTC 2024'
      machine: x86_64
      compiler: 'musl-gcc 13.2.1'
      uptime: 124
      totalram: 803068579840
      freeram: 797246529536
      sharedram: 79048704
      bufferram: 97619968
      totalswap: 0
      freeswap: 0
      pagesize: 4096
      cpus: 96
      cpus-online: 96
      ticks-per-second: 100

metrics:
    - stressor: cpu
      bogo-ops: 971364
      bogo-ops-per-second-usr-sys-time: 1012.660765
      bogo-ops-per-second-real-time: 97115.850410
      wall-clock-time: 10.002116
      user-time: 959.064621
      system-time: 0.154926
      cpu-usage-per-instance: 99.897565
      max-rss: 3072

...
