---
system-info:
      stress-ng-version: 0.17.08
      run-by: root
      date-yyyy-mm-dd: 2024:09:17
      time-hh-mm-ss: 05:14:24
      epoch-secs: 1726550064
      hostname: sc-runner
      sysname: Linux
      nodename: sc-runner
      release: 6.8.0-1014-azure
      version: '#16-Ubuntu SMP Thu Aug 15 20:04:41 UTC 2024'
      machine: x86_64
      compiler: 'musl-gcc 13.2.1'
      uptime: 283
      totalram: 202596663296
      freeram: 191576121344
      sharedram: 55300096
      bufferram: 242520064
      totalswap: 0
      freeswap: 0
      pagesize: 4096
      cpus: 48
      cpus-online: 48
      ticks-per-second: 100

metrics:
    - stressor: cpu
      bogo-ops: 932527
      bogo-ops-per-second-usr-sys-time: 971.714460
      bogo-ops-per-second-real-time: 46626.150458
      wall-clock-time: 20.000086
      user-time: 959.626865
      system-time: 0.044971
      cpu-usage-per-instance: 99.965388
      max-rss: 3200

...
