BaselineInfo:
  WebDBID: -1
  TimeStamp: 20260612225134
Version:
  Major: 11
  Minor: 0
  Build: 1004
  SpecialBuildName: ""
  ptArchitecture: x86_64_linux
Results:
  Results Complete: true
  NumTestProcesses: 16
  CPU_INTEGER_MATH: 46692.582000000002
  CPU_FLOATINGPOINT_MATH: 25059.147029037053
  CPU_PRIME: 87.412864630240861
  CPU_SORTING: 28875.075078642003
  CPU_ENCRYPTION: 6464.1596906452487
  CPU_COMPRESSION: 220213.27070626267
  CPU_SINGLETHREAD: 1960.7446588582227
  CPU_PHYSICS: 1583.2584170070472
  CPU_MATRIX_MULT_SSE: 12914.481632421071
  CPU_mm: 1420.2576384103286
  CPU_sse: 5104.0881826930927
  CPU_fma: 15699.72885593681
  CPU_avx: 11100.464989399001
  CPU_avx512: 19753.644501655381
  m_CPU_enc_SHA: 2111691187.8607554
  m_CPU_enc_AES: 16310830753.518757
  m_CPU_enc_ECDSA: 1911966193.9545803
  ME_ALLOC_S: 5576.0164882693998
  ME_READ_S: 22796.842578125001
  ME_READ_L: 9878.65234375
  ME_WRITE: 9657.8857421875
  ME_LARGE: 54274.833333333336
  ME_LATENCY: 54.78392328629112
  ME_THREADED: 86089.66064453125
  SUMM_CPU: 15381.149907014398
  SUMM_ME: 2450.2934559215823
SystemInformation:
  OSName: Ubuntu 24.04.4 LTS
  Kernel: 6.8.0-117-generic
  Device: ""
  Processor: Intel(R) Xeon(R) Platinum 8269CY CPU @ 2.50GHz
  NumSockets: 1
  Manufacturer: GenuineIntel
  NumCores: 8
  NumLogicals: 16
  CPUFrequency: 0
  CPUMaxFrequency: 0
  Memory: 62874
  CPUInfo:
    number: 1
    Family: 6
    Model: 5
    stepping: 7
    features: 529267711
    manufacture: GenuineIntel
    typestring: Intel(R) Xeon(R) Platinum 8269CY CPU @ 2.50GHz
    iCoresPerPackage: 8
    iThreadsPerPackage: 2
    featuresEx:
      - 529267711
      - 4277809667
      - 739248128
    bHybrid: false
    nPCore: 0
    nLogicalsPerPCore: 0
    nECore: 0
    nLogicalsPerECore: 0
  MemModuleInfo:
    iNumMemSticks: 4
    DIMM 1:
      manufacturer: Alibaba Cloud
      modulePartNo: Not Specified
      memType: RAM
      size: 16
      clkspeed: 0
      moduleVoltage: 0
    DIMM 2:
      manufacturer: Alibaba Cloud
      modulePartNo: Not Specified
      memType: RAM
      size: 16
      clkspeed: 0
      moduleVoltage: 0
    DIMM 3:
      manufacturer: Alibaba Cloud
      modulePartNo: Not Specified
      memType: RAM
      size: 16
      clkspeed: 0
      moduleVoltage: 0
    DIMM 4:
      manufacturer: Alibaba Cloud
      modulePartNo: Not Specified
      memType: RAM
      size: 16
      clkspeed: 0
      moduleVoltage: 0
Checksum: C9FED98B34DF8BC92794692FDBEF8682914C877A