---
system-info:
      stress-ng-version: 0.17.08
      run-by: root
      date-yyyy-mm-dd: 2024:09:16
      time-hh-mm-ss: 01:18:13
      epoch-secs: 1726449493
      hostname: sc-runner
      sysname: Linux
      nodename: sc-runner
      release: 6.8.0-1014-azure
      version: '#16-Ubuntu SMP Thu Aug 15 20:04:41 UTC 2024'
      machine: x86_64
      compiler: 'musl-gcc 13.2.1'
      uptime: 577
      totalram: 33653039104
      freeram: 23581560832
      sharedram: 57114624
      bufferram: 224247808
      totalswap: 0
      freeswap: 0
      pagesize: 4096
      cpus: 4
      cpus-online: 4
      ticks-per-second: 100

metrics:
    - stressor: cpu
      bogo-ops: 29849
      bogo-ops-per-second-usr-sys-time: 378.011367
      bogo-ops-per-second-real-time: 1492.316296
      wall-clock-time: 20.001792
      user-time: 78.017950
      system-time: 0.945284
      cpu-usage-per-instance: 98.695200
      max-rss: 3128

...
