BaselineInfo:
  WebDBID: -1
  TimeStamp: 20241107153604
Version:
  Major: 11
  Minor: 0
  Build: 1002
  SpecialBuildName: ""
  ptArchitecture: x86_64_linux
Results:
  Results Complete: true
  NumTestProcesses: 4
  CPU_INTEGER_MATH: 16669.900666666665
  CPU_FLOATINGPOINT_MATH: 8529.5132791310189
  CPU_PRIME: 36.723979639092306
  CPU_SORTING: 8711.3919368392126
  CPU_ENCRYPTION: 3634.0617817065204
  CPU_COMPRESSION: 64181.557599130756
  CPU_SINGLETHREAD: 2350.9613994371607
  CPU_PHYSICS: 728.06654197158491
  CPU_MATRIX_MULT_SSE: 3419.9143372798253
  CPU_mm: 359.85392774830939
  CPU_sse: 1567.0055589218446
  CPU_fma: 4350.2271509566781
  CPU_avx: 3211.8617781754415
  CPU_avx512: 4550.5628610653393
  m_CPU_enc_SHA: 3662892942.75599
  m_CPU_enc_AES: 5506540765.1868925
  m_CPU_enc_ECDSA: 2262336192.5012064
  ME_ALLOC_S: 1965.827805494926
  ME_READ_S: 24248.708789062501
  ME_READ_L: 10731.408203125
  ME_WRITE: 9932.94921875
  ME_LARGE: 5730.833333333333
  ME_LATENCY: 64.869047838333628
  ME_THREADED: 28696.13623046875
  SUMM_CPU: 5874.349124381537
  SUMM_ME: 1921.9506635660828
SystemInformation:
  OSName: Ubuntu 24.04.1 LTS
  Kernel: 6.8.0-1016-aws
  Device: ""
  Processor: Intel Xeon Platinum 8375C CPU @ 2.90GHz
  NumSockets: 1
  Manufacturer: GenuineIntel
  NumCores: 2
  NumLogicals: 4
  CPUFrequency: 0
  Memory: 15706
  MemModuleInfo:
    iNumMemSticks: 1
    DIMM 1:
      manufacturer: Not Specified
      modulePartNo: Not Specified
      memType: DDR4
      size: 16
      clkspeed: 1600
      moduleVoltage: 0
Checksum: ECA2D645C8FC0C6913AF0FFD3899897B2453CE32