---
system-info:
      stress-ng-version: 0.17.08
      run-by: root
      date-yyyy-mm-dd: 2024:06:09
      time-hh-mm-ss: 14:18:37
      epoch-secs: 1717942717
      hostname: 00f2134f0e27
      sysname: Linux
      nodename: 00f2134f0e27
      release: 6.8.0-1008-aws
      version: '#8-Ubuntu SMP Sat Apr 20 00:46:25 UTC 2024'
      machine: x86_64
      compiler: 'musl-gcc 13.2.1'
      uptime: 137
      totalram: 535313915904
      freeram: 529827135488
      sharedram: 78467072
      bufferram: 109891584
      totalswap: 0
      freeswap: 0
      pagesize: 4096
      cpus: 64
      cpus-online: 64
      ticks-per-second: 100

metrics:
    - stressor: cpu
      bogo-ops: 14125
      bogo-ops-per-second-usr-sys-time: 1412.459039
      bogo-ops-per-second-real-time: 1412.430562
      wall-clock-time: 10.000492
      user-time: 10.000290
      system-time: 0.000000
      cpu-usage-per-instance: 99.997984
      max-rss: 3584

...
