---
system-info:
      stress-ng-version: 0.17.08
      run-by: root
      date-yyyy-mm-dd: 2024:06:15
      time-hh-mm-ss: 16:44:00
      epoch-secs: 1718469840
      hostname: cf24dc55a913
      sysname: Linux
      nodename: cf24dc55a913
      release: 6.8.0-1008-aws
      version: '#8-Ubuntu SMP Sat Apr 20 00:46:25 UTC 2024'
      machine: x86_64
      compiler: 'musl-gcc 13.2.1'
      uptime: 186
      totalram: 535313928192
      freeram: 529937911808
      sharedram: 78467072
      bufferram: 111214592
      totalswap: 0
      freeswap: 0
      pagesize: 4096
      cpus: 64
      cpus-online: 64
      ticks-per-second: 100

metrics:
    - stressor: cpu
      bogo-ops: 25697
      bogo-ops-per-second-usr-sys-time: 1284.852634
      bogo-ops-per-second-real-time: 1284.839539
      wall-clock-time: 20.000163
      user-time: 19.999959
      system-time: 0.000000
      cpu-usage-per-instance: 99.998981
      max-rss: 512

...
