BaselineInfo:
  WebDBID: -1
  TimeStamp: 20260622090456
Version:
  Major: 11
  Minor: 0
  Build: 1004
  SpecialBuildName: ""
  ptArchitecture: x86_64_linux
Results:
  Results Complete: true
  NumTestProcesses: 192
  CPU_INTEGER_MATH: 898638.33800000022
  CPU_FLOATINGPOINT_MATH: 650198.05935632309
  CPU_PRIME: 1764.4315533328643
  CPU_SORTING: 452320.01639838848
  CPU_ENCRYPTION: 195179.6973118684
  CPU_COMPRESSION: 3452460.4057007204
  CPU_SINGLETHREAD: 3529.8647619631865
  CPU_PHYSICS: 27052.81828758421
  CPU_MATRIX_MULT_SSE: 235953.37153329988
  CPU_mm: 25369.897950689061
  CPU_sse: 107588.22640266729
  CPU_fma: 284128.40354670782
  CPU_avx: 218869.90409500778
  CPU_avx512: 333226.95208881679
  m_CPU_enc_SHA: 207273698661.97827
  m_CPU_enc_AES: 271125931527.43124
  m_CPU_enc_ECDSA: 135582608676.05945
  ME_ALLOC_S: 34547.235073617601
  ME_READ_S: 30440.01171875
  ME_READ_L: 21915.45703125
  ME_WRITE: 8241.8447265625
  ME_LARGE: 759871.25
  ME_LATENCY: 76.898180820135252
  ME_THREADED: 914833.744140625
  SUMM_CPU: 148222.23323968463
  SUMM_ME: 2565.4991781905474
SystemInformation:
  OSName: Ubuntu 24.04.4 LTS
  Kernel: 6.17.0-1018-azure
  Device: ""
  Processor: Intel(R) Xeon(R) 6973P-C
  NumSockets: 2
  Manufacturer: GenuineIntel
  NumCores: 96
  NumLogicals: 192
  CPUFrequency: 2600
  CPUMaxFrequency: 2600
  Memory: 773961
  CPUInfo:
    number: 2
    Family: 6
    Model: 13
    stepping: 1
    features: 529267711
    manufacture: GenuineIntel
    typestring: Intel(R) Xeon(R) 6973P-C
    iCoresPerPackage: 64
    iThreadsPerPackage: 2
    featuresEx:
      - 529267711
      - 4294586915
      - 739248128
    bHybrid: false
    nPCore: 0
    nLogicalsPerPCore: 0
    nECore: 0
    nLogicalsPerECore: 0
  MemModuleInfo:
    iNumMemSticks: 6
    DIMM 1:
      manufacturer: Microsoft Corporation
      modulePartNo: None
      memType: Unknown
      size: 1
      clkspeed: 0
      moduleVoltage: 0
    DIMM 2:
      manufacturer: Microsoft Corporation
      modulePartNo: None
      memType: Unknown
      size: 59
      clkspeed: 0
      moduleVoltage: 0
    DIMM 3:
      manufacturer: Microsoft Corporation
      modulePartNo: None
      memType: Unknown
      size: 132
      clkspeed: 0
      moduleVoltage: 0
    DIMM 4:
      manufacturer: Microsoft Corporation
      modulePartNo: None
      memType: Unknown
      size: 192
      clkspeed: 0
      moduleVoltage: 0
    DIMM 5:
      manufacturer: Microsoft Corporation
      modulePartNo: None
      memType: Unknown
      size: 192
      clkspeed: 0
      moduleVoltage: 0
    DIMM 6:
      manufacturer: Microsoft Corporation
      modulePartNo: None
      memType: Unknown
      size: 192
      clkspeed: 0
      moduleVoltage: 0
Checksum: F3F3512918D6D7D647F659A1C88DEA7CE44729FC