---
system-info:
      stress-ng-version: 0.17.08
      run-by: root
      date-yyyy-mm-dd: 2024:09:16
      time-hh-mm-ss: 22:27:42
      epoch-secs: 1726525662
      hostname: sc-runner
      sysname: Linux
      nodename: sc-runner
      release: 6.8.0-1014-azure
      version: '#16-Ubuntu SMP Thu Aug 15 20:04:41 UTC 2024'
      machine: x86_64
      compiler: 'musl-gcc 13.2.1'
      uptime: 306
      totalram: 135068078080
      freeram: 124713115648
      sharedram: 54931456
      bufferram: 255553536
      totalswap: 0
      freeswap: 0
      pagesize: 4096
      cpus: 8
      cpus-online: 8
      ticks-per-second: 100

metrics:
    - stressor: cpu
      bogo-ops: 37967
      bogo-ops-per-second-usr-sys-time: 1898.382557
      bogo-ops-per-second-real-time: 1898.341378
      wall-clock-time: 20.000091
      user-time: 19.998658
      system-time: 0.000999
      cpu-usage-per-instance: 99.997831
      max-rss: 3152

...
