BaselineInfo:
  WebDBID: -1
  TimeStamp: 20250617174524
Version:
  Major: 11
  Minor: 0
  Build: 1002
  SpecialBuildName: ""
  ptArchitecture: x86_64_linux
Results:
  Results Complete: true
  NumTestProcesses: 64
  CPU_INTEGER_MATH: 303934.52800000005
  CPU_FLOATINGPOINT_MATH: 169999.53255043848
  CPU_PRIME: 465.57152775316473
  CPU_SORTING: 179650.1033225657
  CPU_ENCRYPTION: 77150.801004523193
  CPU_COMPRESSION: 1228878.2357302445
  CPU_SINGLETHREAD: 2904.1215410204009
  CPU_PHYSICS: 8359.2804533610943
  CPU_MATRIX_MULT_SSE: 83477.333193709273
  CPU_mm: 8136.4045480145251
  CPU_sse: 35841.658816266579
  CPU_fma: 104116.84691485406
  CPU_avx: 87694.496128102677
  CPU_avx512: 106256.33091561383
  m_CPU_enc_SHA: 107848166936.99878
  m_CPU_enc_AES: 73202470590.470245
  m_CPU_enc_ECDSA: 61644797414.887642
  ME_ALLOC_S: 27733.639353613649
  ME_READ_S: 27810.026562499999
  ME_READ_L: 26228.40234375
  ME_WRITE: 25607.591796875
  ME_LARGE: 506242.58333333331
  ME_LATENCY: 81.021263459861942
  ME_THREADED: 182257.0498046875
  SUMM_CPU: 75798.992473525679
  SUMM_ME: 2737.3280379053313
SystemInformation:
  OSName: Ubuntu 24.04.2 LTS
  Kernel: 6.11.0-1015-azure
  Device: ""
  Processor: AMD EPYC 9V74 80-Core Processor
  NumSockets: 1
  Manufacturer: AuthenticAMD
  NumCores: 32
  NumLogicals: 64
  CPUFrequency: 0
  Memory: 515771
  MemModuleInfo:
    iNumMemSticks: 3
    DIMM 1:
      manufacturer: Microsoft Corporation
      modulePartNo: None
      memType: Unknown
      size: 1
      clkspeed: 0
      moduleVoltage: 0
    DIMM 2:
      manufacturer: Microsoft Corporation
      modulePartNo: None
      memType: Unknown
      size: 59
      clkspeed: 0
      moduleVoltage: 0
    DIMM 3:
      manufacturer: Microsoft Corporation
      modulePartNo: None
      memType: Unknown
      size: 452
      clkspeed: 0
      moduleVoltage: 0
Checksum: 5AE060286D60D22921A83975AE3529E698AFE738