BaselineInfo:
  WebDBID: -1
  TimeStamp: 20241109032220
Version:
  Major: 11
  Minor: 0
  Build: 1002
  SpecialBuildName: ""
  ptArchitecture: x86_64_linux
Results:
  Results Complete: true
  NumTestProcesses: 96
  CPU_INTEGER_MATH: 396717.20966666669
  CPU_FLOATINGPOINT_MATH: 219025.73791983753
  CPU_PRIME: 667.51138058648053
  CPU_SORTING: 208502.879033584
  CPU_ENCRYPTION: 102845.56257380232
  CPU_COMPRESSION: 1501704.6365004808
  CPU_SINGLETHREAD: 2378.0002998188761
  CPU_PHYSICS: 12119.722005448381
  CPU_MATRIX_MULT_SSE: 79876.960848367089
  CPU_mm: 10402.34267234356
  CPU_sse: 43659.517994298832
  CPU_fma: 109389.86714238541
  CPU_avx: 86581.497408416952
  CPU_avx512: 0
  m_CPU_enc_SHA: 149013689907.30341
  m_CPU_enc_AES: 95266766760.325058
  m_CPU_enc_ECDSA: 79243709196.533463
  ME_ALLOC_S: 26942.552019168463
  ME_READ_S: 24253.79296875
  ME_READ_L: 16276.609375
  ME_WRITE: 16471.330078125
  ME_LARGE: 84376.083333333328
  ME_LATENCY: 68.359895362739579
  ME_THREADED: 181951.08459472656
  SUMM_CPU: 79003.933972884348
  SUMM_ME: 2693.2141427270221
SystemInformation:
  OSName: Ubuntu 24.04.1 LTS
  Kernel: 6.8.0-1015-gcp
  Device: ""
  Processor: AMD EPYC 7B13
  NumSockets: 2
  Manufacturer: AuthenticAMD
  NumCores: 48
  NumLogicals: 96
  CPUFrequency: 0
  Memory: 96618
  MemModuleInfo:
    iNumMemSticks: 6
    DIMM 1:
      manufacturer: ""
      modulePartNo: ""
      memType: RAM
      size: 16
      clkspeed: 0
      moduleVoltage: 0
    DIMM 2:
      manufacturer: ""
      modulePartNo: ""
      memType: RAM
      size: 16
      clkspeed: 0
      moduleVoltage: 0
    DIMM 3:
      manufacturer: ""
      modulePartNo: ""
      memType: RAM
      size: 16
      clkspeed: 0
      moduleVoltage: 0
    DIMM 4:
      manufacturer: ""
      modulePartNo: ""
      memType: RAM
      size: 16
      clkspeed: 0
      moduleVoltage: 0
    DIMM 5:
      manufacturer: ""
      modulePartNo: ""
      memType: RAM
      size: 16
      clkspeed: 0
      moduleVoltage: 0
    DIMM 6:
      manufacturer: ""
      modulePartNo: ""
      memType: RAM
      size: 16
      clkspeed: 0
      moduleVoltage: 0
Checksum: 895089FB943FF8FE0C531D2C384331A585F512AA