---
system-info:
      stress-ng-version: 0.17.08
      run-by: root
      date-yyyy-mm-dd: 2024:07:12
      time-hh-mm-ss: 04:20:05
      epoch-secs: 1720758005
      hostname: ip-172-31-32-174
      sysname: Linux
      nodename: ip-172-31-32-174
      release: 6.8.0-1010-aws
      version: '#10-Ubuntu SMP Thu Jun 13 17:36:15 UTC 2024'
      machine: x86_64
      compiler: 'musl-gcc 13.2.1'
      uptime: 172
      totalram: 257578610688
      freeram: 252254195712
      sharedram: 48549888
      bufferram: 137289728
      totalswap: 0
      freeswap: 0
      pagesize: 4096
      cpus: 8
      cpus-online: 8
      ticks-per-second: 100

metrics:
    - stressor: cpu
      bogo-ops: 83017
      bogo-ops-per-second-usr-sys-time: 520.864793
      bogo-ops-per-second-real-time: 4150.812969
      wall-clock-time: 20.000178
      user-time: 159.370028
      system-time: 0.012985
      cpu-usage-per-instance: 99.613494
      max-rss: 1104

...
