---
system-info:
      stress-ng-version: 0.17.08
      run-by: root
      date-yyyy-mm-dd: 2024:06:05
      time-hh-mm-ss: 21:51:36
      epoch-secs: 1717624296
      hostname: 43b112050591
      sysname: Linux
      nodename: 43b112050591
      release: 6.8.0-1008-aws
      version: '#8-Ubuntu SMP Sat Apr 20 00:46:25 UTC 2024'
      machine: x86_64
      compiler: 'musl-gcc 13.2.1'
      uptime: 121
      totalram: 8200134656
      freeram: 4177317888
      sharedram: 11624448
      bufferram: 79577088
      totalswap: 0
      freeswap: 0
      pagesize: 4096
      cpus: 4
      cpus-online: 4
      ticks-per-second: 100

metrics:
    - stressor: cpu
      bogo-ops: 13873
      bogo-ops-per-second-usr-sys-time: 1387.156291
      bogo-ops-per-second-real-time: 1387.093142
      wall-clock-time: 10.001491
      user-time: 10.000037
      system-time: 0.000999
      cpu-usage-per-instance: 99.995448
      max-rss: 3920

...
