---
system-info:
      stress-ng-version: 0.17.08
      run-by: root
      date-yyyy-mm-dd: 2024:06:12
      time-hh-mm-ss: 19:30:16
      epoch-secs: 1718220616
      hostname: 94cc15adc2a2
      sysname: Linux
      nodename: 94cc15adc2a2
      release: 6.8.0-1008-aws
      version: '#8-Ubuntu SMP Sat Apr 20 00:46:25 UTC 2024'
      machine: x86_64
      compiler: 'musl-gcc 13.2.1'
      uptime: 141
      totalram: 8200142848
      freeram: 3911954432
      sharedram: 11624448
      bufferram: 112287744
      totalswap: 0
      freeswap: 0
      pagesize: 4096
      cpus: 4
      cpus-online: 4
      ticks-per-second: 100

metrics:
    - stressor: cpu
      bogo-ops: 15364
      bogo-ops-per-second-usr-sys-time: 768.246287
      bogo-ops-per-second-real-time: 768.192390
      wall-clock-time: 20.000198
      user-time: 19.998795
      system-time: 0.000000
      cpu-usage-per-instance: 99.992984
      max-rss: 1080

...
