BaselineInfo:
  WebDBID: -1
  TimeStamp: 20241109193540
Version:
  Major: 11
  Minor: 0
  Build: 1002
  SpecialBuildName: ""
  ptArchitecture: x86_64_linux
Results:
  Results Complete: true
  NumTestProcesses: 16
  CPU_INTEGER_MATH: 67355.995999999999
  CPU_FLOATINGPOINT_MATH: 34434.661240231886
  CPU_PRIME: 143.89513874389715
  CPU_SORTING: 34842.612774312496
  CPU_ENCRYPTION: 14640.89045725383
  CPU_COMPRESSION: 245939.99680348131
  CPU_SINGLETHREAD: 2438.6696602652278
  CPU_PHYSICS: 2314.9888439746314
  CPU_MATRIX_MULT_SSE: 14971.719317003513
  CPU_mm: 1450.7959451191596
  CPU_sse: 6390.7918331024548
  CPU_fma: 17549.879356708632
  CPU_avx: 12959.058965221358
  CPU_avx512: 22987.147112981609
  m_CPU_enc_SHA: 14711837452.770416
  m_CPU_enc_AES: 22245962955.959183
  m_CPU_enc_ECDSA: 9098458647.5865707
  ME_ALLOC_S: 8079.3930505115422
  ME_READ_S: 23527.3525390625
  ME_READ_L: 12012.513671875
  ME_WRITE: 10875.6484375
  ME_LARGE: 505125.33333333331
  ME_LATENCY: 52.207021454464289
  ME_THREADED: 94952.255859375
  SUMM_CPU: 21418.738835168933
  SUMM_ME: 2721.3145082138212
SystemInformation:
  OSName: Ubuntu 24.04.1 LTS
  Kernel: 6.8.0-1017-azure
  Device: ""
  Processor: Intel Xeon Platinum 8370C CPU @ 2.80GHz
  NumSockets: 2
  Manufacturer: GenuineIntel
  NumCores: 8
  NumLogicals: 16
  CPUFrequency: 2800
  Memory: 515975
  MemModuleInfo:
    iNumMemSticks: 4
    DIMM 1:
      manufacturer: Microsoft Corporation
      modulePartNo: None
      memType: Unknown
      size: 1
      clkspeed: 0
      moduleVoltage: 0
    DIMM 2:
      manufacturer: Microsoft Corporation
      modulePartNo: None
      memType: Unknown
      size: 59
      clkspeed: 0
      moduleVoltage: 0
    DIMM 3:
      manufacturer: Microsoft Corporation
      modulePartNo: None
      memType: Unknown
      size: 196
      clkspeed: 0
      moduleVoltage: 0
    DIMM 4:
      manufacturer: Microsoft Corporation
      modulePartNo: None
      memType: Unknown
      size: 256
      clkspeed: 0
      moduleVoltage: 0
Checksum: A6E04A832670215500B1FD73DF36A762D521CB24