BaselineInfo:
  WebDBID: -1
  TimeStamp: 20241109163947
Version:
  Major: 11
  Minor: 0
  Build: 1002
  SpecialBuildName: ""
  ptArchitecture: x86_64_linux
Results:
  Results Complete: true
  NumTestProcesses: 64
  CPU_INTEGER_MATH: 187713.1369999999
  CPU_FLOATINGPOINT_MATH: 100411.07787469208
  CPU_PRIME: 263.77471824192207
  CPU_SORTING: 95299.402480889388
  CPU_ENCRYPTION: 25714.160312040345
  CPU_COMPRESSION: 811559.84173530713
  CPU_SINGLETHREAD: 1877.7886200050539
  CPU_PHYSICS: 4703.9408623921063
  CPU_MATRIX_MULT_SSE: 52991.803324127875
  CPU_mm: 5692.9508776935936
  CPU_sse: 20378.120659717279
  CPU_fma: 62850.261864921551
  CPU_avx: 44227.036856582265
  CPU_avx512: 84511.793915290371
  m_CPU_enc_SHA: 8453670946.3866768
  m_CPU_enc_AES: 64879554546.73098
  m_CPU_enc_ECDSA: 7556528596.9563761
  ME_ALLOC_S: 21664.661064998607
  ME_READ_S: 22595.335351562499
  ME_READ_L: 10819.3642578125
  ME_WRITE: 10257.892578125
  ME_LARGE: 242464.66666666666
  ME_LATENCY: 53.11611034069989
  ME_THREADED: 154993.60766601562
  SUMM_CPU: 44078.303930077891
  SUMM_ME: 2663.4521302710473
SystemInformation:
  OSName: Ubuntu 24.04.1 LTS
  Kernel: 6.8.0-1016-aws
  Device: ""
  Processor: Intel Xeon Platinum 8259CL CPU @ 2.50GHz
  NumSockets: 2
  Manufacturer: GenuineIntel
  NumCores: 32
  NumLogicals: 64
  CPUFrequency: 0
  Memory: 255155
  MemModuleInfo:
    iNumMemSticks: 2
    DIMM 1:
      manufacturer: Not Specified
      modulePartNo: Not Specified
      memType: DDR4
      size: 128
      clkspeed: 1466
      moduleVoltage: 0
    DIMM 2:
      manufacturer: Not Specified
      modulePartNo: Not Specified
      memType: DDR4
      size: 128
      clkspeed: 1466
      moduleVoltage: 0
Checksum: F591DE0D3FAC0972C17FBB6FEBBC46F7F3BB672A