---
system-info:
      stress-ng-version: 0.17.08
      run-by: root
      date-yyyy-mm-dd: 2024:09:17
      time-hh-mm-ss: 08:04:06
      epoch-secs: 1726560246
      hostname: sc-runner
      sysname: Linux
      nodename: sc-runner
      release: 6.8.0-1014-azure
      version: '#16-Ubuntu SMP Thu Aug 15 20:04:41 UTC 2024'
      machine: x86_64
      compiler: 'musl-gcc 13.2.1'
      uptime: 283
      totalram: 405734883328
      freeram: 394138464256
      sharedram: 105639936
      bufferram: 245555200
      totalswap: 0
      freeswap: 0
      pagesize: 4096
      cpus: 48
      cpus-online: 48
      ticks-per-second: 100

metrics:
    - stressor: cpu
      bogo-ops: 931587
      bogo-ops-per-second-usr-sys-time: 970.930637
      bogo-ops-per-second-real-time: 46579.171192
      wall-clock-time: 20.000077
      user-time: 959.413459
      system-time: 0.064968
      cpu-usage-per-instance: 99.945286
      max-rss: 3252

...
