---
system-info:
      stress-ng-version: 0.17.08
      run-by: root
      date-yyyy-mm-dd: 2024:06:09
      time-hh-mm-ss: 17:55:26
      epoch-secs: 1717955726
      hostname: 3692d0fe015f
      sysname: Linux
      nodename: 3692d0fe015f
      release: 6.8.0-1008-aws
      version: '#8-Ubuntu SMP Sat Apr 20 00:46:25 UTC 2024'
      machine: x86_64
      compiler: 'musl-gcc 13.2.1'
      uptime: 118
      totalram: 33091219456
      freeram: 28579987456
      sharedram: 59871232
      bufferram: 110661632
      totalswap: 0
      freeswap: 0
      pagesize: 4096
      cpus: 4
      cpus-online: 4
      ticks-per-second: 100

metrics:
    - stressor: cpu
      bogo-ops: 16653
      bogo-ops-per-second-usr-sys-time: 1664.978992
      bogo-ops-per-second-real-time: 1664.938853
      wall-clock-time: 10.002169
      user-time: 10.000929
      system-time: 0.000999
      cpu-usage-per-instance: 99.997589
      max-rss: 3920

...
