---
system-info:
      stress-ng-version: 0.17.08
      run-by: root
      date-yyyy-mm-dd: 2024:06:15
      time-hh-mm-ss: 20:22:47
      epoch-secs: 1718482967
      hostname: 2fc393e66fc4
      sysname: Linux
      nodename: 2fc393e66fc4
      release: 6.8.0-1008-aws
      version: '#8-Ubuntu SMP Sat Apr 20 00:46:25 UTC 2024'
      machine: x86_64
      compiler: 'musl-gcc 13.2.1'
      uptime: 137
      totalram: 33091219456
      freeram: 28719722496
      sharedram: 59871232
      bufferram: 110231552
      totalswap: 0
      freeswap: 0
      pagesize: 4096
      cpus: 4
      cpus-online: 4
      ticks-per-second: 100

metrics:
    - stressor: cpu
      bogo-ops: 37748
      bogo-ops-per-second-usr-sys-time: 1887.408021
      bogo-ops-per-second-real-time: 1887.390010
      wall-clock-time: 20.000106
      user-time: 19.999915
      system-time: 0.000000
      cpu-usage-per-instance: 99.999046
      max-rss: 1104

...
