"size","threads","connections","rps","latency","failed","server_usr","server_sys","client_usr","client_sys"
"1k",96,96,5582224,0.000016280,0,281.83,258.59,110.18,308.65
"1k",96,192,5255360,0.000038460,0,249.56,244.67,92.82,272.53
"1k",96,384,5661627,0.000074090,0,277.77,258.12,87.84,284.37
"1k",96,768,4621092,0.000184870,0,210.22,314.68,59.24,337.68
"1k",96,1536,4733819,0.000564830,0,218.33,323.75,56.23,354.50
"1k",96,3072,4819705,0.001070000,0,228.85,327.03,54.17,364.06
"1k",192,192,4996601,0.000038910,0,233.44,283.31,86.48,327.66
"1k",192,384,4012274,0.000105880,0,150.18,346.61,60.49,384.68
"1k",192,768,4407057,0.000389080,0,177.67,339.80,62.79,384.53
"1k",192,1536,4448406,0.000557810,0,178.86,340.51,69.69,385.77
"1k",192,3072,4412273,0.000930000,0,179.52,352.57,59.77,391.30
"1k",384,384,4817131,0.000088370,0,209.57,309.50,82.18,356.96
"1k",384,768,4200028,0.000287440,0,157.14,346.20,74.54,397.85
"1k",384,1536,4119890,0.000546530,0,151.71,358.29,63.05,408.88
"1k",384,3072,4226546,0.000900000,0,153.40,367.74,65.15,420.70
"16k",96,96,4233105,0.000022920,0,197.21,251.02,82.90,324.03
"16k",96,192,4400683,0.000041720,0,206.32,252.38,79.64,294.98
"16k",96,384,4826750,0.000083940,0,242.60,270.47,79.61,308.99
"16k",96,768,3290135,0.000232260,0,153.89,333.67,49.25,374.68
"16k",96,1536,3048440,0.000590670,0,149.27,352.70,44.38,397.81
"16k",96,3072,2777352,0.001090000,0,153.52,348.00,40.91,417.28
"16k",192,192,5107380,0.000037250,0,247.58,275.00,94.70,343.09
"16k",192,384,3284372,0.000123570,0,127.68,347.93,57.87,407.51
"16k",192,768,3364861,0.000354230,0,135.96,357.90,57.75,415.48
"16k",192,1536,3204978,0.000658940,0,132.80,363.00,61.53,422.18
"16k",192,3072,2990007,0.001270000,0,127.40,382.92,49.27,435.20
"16k",384,384,4161929,0.000100970,0,193.38,308.78,80.93,373.64
"16k",384,768,3482475,0.000308160,0,139.20,349.97,71.14,418.37
"16k",384,1536,3114980,0.000663870,0,115.25,373.91,57.43,443.19
"16k",384,3072,2936949,0.001200000,0,113.84,380.30,56.70,435.64
"64k",96,96,2832447,0.000034730,0,153.42,305.60,70.16,375.05
"64k",96,192,2784555,0.000064060,0,140.12,281.25,61.47,360.06
"64k",96,384,3142335,0.000124470,0,153.20,306.91,67.62,386.79
"64k",96,768,1624973,0.000449600,0,98.55,374.40,36.50,400.09
"64k",96,1536,1047664,0.001490000,0,109.09,419.17,29.04,401.70
"64k",96,3072,807380,0.003540000,0,129.87,418.98,26.00,406.52
"64k",192,192,3086634,0.000061990,0,150.49,315.10,77.72,413.74
"64k",192,384,1657401,0.000246770,0,76.68,391.71,41.95,431.43
"64k",192,768,1815566,0.000555690,0,82.66,401.77,45.10,439.13
"64k",192,1536,1398152,0.001240000,0,86.42,414.07,45.16,432.60
"64k",192,3072,1045179,0.003270000,0,123.32,420.81,33.63,433.47
"64k",384,384,2428937,0.000177240,0,107.53,359.01,67.13,430.96
"64k",384,768,1909306,0.000506550,0,80.26,396.34,58.36,448.54
"64k",384,1536,1417720,0.001230000,0,78.80,421.81,41.28,448.50
"64k",384,3072,1203030,0.002670000,0,122.41,412.98,41.18,422.53
"256k",96,96,1026077,0.000103450,0,134.79,351.17,52.88,380.53
"256k",96,192,1104363,0.000176730,0,129.32,333.10,55.47,380.07
"256k",96,384,440154,0.000844960,0,126.55,411.94,26.42,358.12
"256k",96,768,282116,0.002580000,0,160.91,434.35,21.44,342.50
"256k",96,1536,223613,0.006420000,0,176.55,435.98,18.82,355.67
"256k",192,192,1116413,0.000199560,0,137.63,350.96,59.68,411.97
"256k",192,384,473164,0.000940000,0,91.69,437.83,30.61,405.74
"256k",192,768,362580,0.002170000,0,183.20,405.25,31.72,361.54
"256k",192,1536,279699,0.005470000,0,216.00,404.13,25.17,337.44
"256k",384,384,616757,0.000703530,0,127.43,410.20,42.71,400.49
"256k",384,768,391079,0.002060000,0,186.00,403.41,35.63,366.26
"256k",384,1536,320305,0.004850000,0,243.80,390.43,31.05,332.10
"512k",96,96,512406,0.000696500,0,128.69,318.38,43.84,431.10
"512k",96,192,355114,0.000553020,0,174.57,379.52,34.47,333.64
"512k",96,384,161676,0.002270000,0,177.49,429.04,21.25,320.35
"512k",96,768,131624,0.005520000,0,249.46,401.42,18.35,302.35
"512k",96,1536,130848,0.011380000,0,259.62,402.80,18.02,314.90
"512k",192,192,379760,0.000571360,0,175.16,387.88,41.59,367.97
"512k",192,384,187568,0.002100000,0,197.16,413.91,27.02,334.17
"512k",192,768,148600,0.005140000,0,274.64,378.66,23.67,304.30
"512k",192,1536,148167,0.010470000,0,259.92,387.70,22.59,317.72
"512k",384,384,229628,0.001770000,0,236.29,394.99,34.88,316.77
"512k",384,768,160417,0.004870000,0,282.91,375.39,27.21,308.11
"512k",384,1536,166045,0.009770000,0,281.42,378.92,27.12,313.63
