BaselineInfo:
  WebDBID: -1
  TimeStamp: 20241107235729
Version:
  Major: 11
  Minor: 0
  Build: 1002
  SpecialBuildName: ""
  ptArchitecture: x86_64_linux
Results:
  Results Complete: true
  NumTestProcesses: 4
  CPU_INTEGER_MATH: 12431.484666666667
  CPU_FLOATINGPOINT_MATH: 6666.6143649788182
  CPU_PRIME: 28.340972331954006
  CPU_SORTING: 6645.6538304586593
  CPU_ENCRYPTION: 1713.5706787767833
  CPU_COMPRESSION: 55675.829274346914
  CPU_SINGLETHREAD: 2012.5499313352475
  CPU_PHYSICS: 564.7742974170767
  CPU_MATRIX_MULT_SSE: 3695.5350324173128
  CPU_mm: 377.13359366156635
  CPU_sse: 1347.1744993987704
  CPU_fma: 4477.6672176936709
  CPU_avx: 3165.0782140465471
  CPU_avx512: 5792.2201985302636
  m_CPU_enc_SHA: 562418883.01398849
  m_CPU_enc_AES: 4325267051.7128696
  m_CPU_enc_ECDSA: 502741329.48027474
  ME_ALLOC_S: 1407.0839409562591
  ME_READ_S: 23687.095312500001
  ME_READ_L: 11620.1767578125
  ME_WRITE: 9976.962890625
  ME_LARGE: 54306
  ME_LATENCY: 56.049722983202237
  ME_THREADED: 21860.5458984375
  SUMM_CPU: 4456.7031864599967
  SUMM_ME: 2157.408306652153
SystemInformation:
  OSName: Ubuntu 24.04.1 LTS
  Kernel: 6.8.0-1017-azure
  Device: ""
  Processor: Intel Xeon Platinum 8272CL CPU @ 2.60GHz
  NumSockets: 1
  Manufacturer: GenuineIntel
  NumCores: 2
  NumLogicals: 4
  CPUFrequency: 0
  Memory: 64301
  MemModuleInfo:
    iNumMemSticks: 3
    DIMM 1:
      manufacturer: Microsoft Corporation
      modulePartNo: None
      memType: Unknown
      size: 1
      clkspeed: 0
      moduleVoltage: 0
    DIMM 2:
      manufacturer: Microsoft Corporation
      modulePartNo: None
      memType: Unknown
      size: 60928
      clkspeed: 0
      moduleVoltage: 0
    DIMM 3:
      manufacturer: Microsoft Corporation
      modulePartNo: None
      memType: Unknown
      size: 3584
      clkspeed: 0
      moduleVoltage: 0
Checksum: 378A398484E1E09F2AEF496FDC5488CACD8E9D0E