BaselineInfo:
  WebDBID: -1
  TimeStamp: 20241114230233
Version:
  Major: 11
  Minor: 0
  Build: 1002
  SpecialBuildName: ""
  ptArchitecture: x86_64_linux
Results:
  Results Complete: true
  NumTestProcesses: 2
  CPU_INTEGER_MATH: 8966.4716666666664
  CPU_FLOATINGPOINT_MATH: 4970.0161370739697
  CPU_PRIME: 21.355732422429845
  CPU_SORTING: 4950.3983413334172
  CPU_ENCRYPTION: 2337.1810349335892
  CPU_COMPRESSION: 35002.41185880189
  CPU_SINGLETHREAD: 2552.7020254180234
  CPU_PHYSICS: 433.85967943517107
  CPU_MATRIX_MULT_SSE: 1906.9125837140614
  CPU_mm: 241.73208020233088
  CPU_sse: 1030.2063881296413
  CPU_fma: 2801.2005882698045
  CPU_avx: 1889.3307747427384
  CPU_avx512: 0
  m_CPU_enc_SHA: 3381951726.3447495
  m_CPU_enc_AES: 2162910756.1004267
  m_CPU_enc_ECDSA: 1807273340.2143946
  ME_ALLOC_S: 1034.4107930211778
  ME_READ_S: 26186.765039062499
  ME_READ_L: 18160.59765625
  ME_WRITE: 19172.326171875
  ME_LARGE: 6918.75
  ME_LATENCY: 59.102977773464225
  ME_THREADED: 24271.7724609375
  SUMM_CPU: 3399.2069311230366
  SUMM_ME: 2150.0701238430884
SystemInformation:
  OSName: Ubuntu 24.04.1 LTS
  Kernel: 6.8.0-1015-gcp
  Device: ""
  Processor: AMD EPYC 7B13
  NumSockets: 1
  Manufacturer: AuthenticAMD
  NumCores: 1
  NumLogicals: 2
  CPUFrequency: 0
  Memory: 15991
  MemModuleInfo:
    iNumMemSticks: 1
    DIMM 1:
      manufacturer: ""
      modulePartNo: ""
      memType: RAM
      size: 16
      clkspeed: 0
      moduleVoltage: 0
Checksum: 2CFAC6C4715DD6933146C09ED7E5C3BB36AE8A0D