BaselineInfo:
  WebDBID: -1
  TimeStamp: 20241115152805
Version:
  Major: 11
  Minor: 0
  Build: 1002
  SpecialBuildName: ""
  ptArchitecture: x86_64_linux
Results:
  Results Complete: true
  NumTestProcesses: 2
  CPU_INTEGER_MATH: 8968.862000000001
  CPU_FLOATINGPOINT_MATH: 4955.8909574579975
  CPU_PRIME: 21.004001956415252
  CPU_SORTING: 4997.0326983003224
  CPU_ENCRYPTION: 2329.486746705792
  CPU_COMPRESSION: 34757.233608090028
  CPU_SINGLETHREAD: 2540.5975436219442
  CPU_PHYSICS: 429.00919255909821
  CPU_MATRIX_MULT_SSE: 1919.0115662581693
  CPU_mm: 242.44230088194357
  CPU_sse: 1029.4041692456367
  CPU_fma: 2798.9273496048859
  CPU_avx: 1928.7031799239855
  CPU_avx512: 0
  m_CPU_enc_SHA: 3380444072.9643536
  m_CPU_enc_AES: 2156008445.9863796
  m_CPU_enc_ECDSA: 1791479165.7905843
  ME_ALLOC_S: 964.47849841003404
  ME_READ_S: 26102.097265625001
  ME_READ_L: 18037.908203125
  ME_WRITE: 18249.5
  ME_LARGE: 7090
  ME_LATENCY: 61.279958107678475
  ME_THREADED: 24188.931640625
  SUMM_CPU: 3395.6198893394453
  SUMM_ME: 2098.9233974728595
SystemInformation:
  OSName: Ubuntu 24.04.1 LTS
  Kernel: 6.8.0-1017-gcp
  Device: ""
  Processor: AMD EPYC 7B13
  NumSockets: 1
  Manufacturer: AuthenticAMD
  NumCores: 1
  NumLogicals: 2
  CPUFrequency: 0
  Memory: 15991
  MemModuleInfo:
    iNumMemSticks: 1
    DIMM 1:
      manufacturer: ""
      modulePartNo: ""
      memType: RAM
      size: 16
      clkspeed: 0
      moduleVoltage: 0
Checksum: EB2A28293DE9AB7F3DDE373CFDD55FA73C9B2110