BaselineInfo:
  WebDBID: -1
  TimeStamp: 20241107044014
Version:
  Major: 11
  Minor: 0
  Build: 1002
  SpecialBuildName: ""
  ptArchitecture: x86_64_linux
Results:
  Results Complete: true
  NumTestProcesses: 2
  CPU_INTEGER_MATH: 8844.8013333333329
  CPU_FLOATINGPOINT_MATH: 4890.8381741178382
  CPU_PRIME: 21.0914401843836
  CPU_SORTING: 4925.1840247116979
  CPU_ENCRYPTION: 2301.1006837905925
  CPU_COMPRESSION: 34730.714385301995
  CPU_SINGLETHREAD: 2511.6163061644679
  CPU_PHYSICS: 426.22462749522106
  CPU_MATRIX_MULT_SSE: 1863.2595578892856
  CPU_mm: 238.90149673597102
  CPU_sse: 1010.4074210420586
  CPU_fma: 2758.4630563668288
  CPU_avx: 1820.9081962589685
  CPU_avx512: 0
  m_CPU_enc_SHA: 3335035286.8440285
  m_CPU_enc_AES: 2130822388.2717571
  m_CPU_enc_ECDSA: 1772779176.7034268
  ME_ALLOC_S: 997.26787993501807
  ME_READ_S: 25820.105859374999
  ME_READ_L: 17689.296875
  ME_WRITE: 18380.134765625
  ME_LARGE: 6003.416666666667
  ME_LATENCY: 59.631593246529896
  ME_THREADED: 23507.1103515625
  SUMM_CPU: 3352.560922596459
  SUMM_ME: 2080.3316205564497
SystemInformation:
  OSName: Ubuntu 24.04.1 LTS
  Kernel: 6.8.0-1015-gcp
  Device: ""
  Processor: AMD EPYC 7B13
  NumSockets: 1
  Manufacturer: AuthenticAMD
  NumCores: 1
  NumLogicals: 2
  CPUFrequency: 0
  Memory: 15991
  MemModuleInfo:
    iNumMemSticks: 1
    DIMM 1:
      manufacturer: ""
      modulePartNo: ""
      memType: RAM
      size: 16
      clkspeed: 0
      moduleVoltage: 0
Checksum: 5DBF67B476F8950C56B380F6845B48FB8A59FD59