---
system-info:
      stress-ng-version: 0.17.08
      run-by: root
      date-yyyy-mm-dd: 2024:07:26
      time-hh-mm-ss: 03:58:39
      epoch-secs: 1721966319
      hostname: a2-ultragpu-1g-1dff120
      sysname: Linux
      nodename: a2-ultragpu-1g-1dff120
      release: 6.8.0-1010-gcp
      version: '#11-Ubuntu SMP Fri Jun 14 16:56:45 UTC 2024'
      machine: x86_64
      compiler: 'musl-gcc 13.2.1'
      uptime: 267
      totalram: 179360776192
      freeram: 171131879424
      sharedram: 41828352
      bufferram: 131141632
      totalswap: 0
      freeswap: 0
      pagesize: 4096
      cpus: 12
      cpus-online: 12
      ticks-per-second: 100

metrics:
    - stressor: cpu
      bogo-ops: 24026
      bogo-ops-per-second-usr-sys-time: 1201.387281
      bogo-ops-per-second-real-time: 1201.294401
      wall-clock-time: 20.000093
      user-time: 19.998547
      system-time: 0.000000
      cpu-usage-per-instance: 99.992269
      max-rss: 1232

...
