BaselineInfo:
  WebDBID: -1
  TimeStamp: 20241121123311
Version:
  Major: 11
  Minor: 0
  Build: 1002
  SpecialBuildName: ""
  ptArchitecture: x86_64_linux
Results:
  Results Complete: true
  NumTestProcesses: 16
  CPU_INTEGER_MATH: 76016.292000000016
  CPU_FLOATINGPOINT_MATH: 42531.343731898873
  CPU_PRIME: 121.76334798472038
  CPU_SORTING: 44136.7513350304
  CPU_ENCRYPTION: 19321.800730244162
  CPU_COMPRESSION: 309851.99178561737
  CPU_SINGLETHREAD: 2904.9240568400164
  CPU_PHYSICS: 2096.3903616987373
  CPU_MATRIX_MULT_SSE: 21915.493599004087
  CPU_mm: 2035.1175463229458
  CPU_sse: 8964.5164506277852
  CPU_fma: 28110.123963106518
  CPU_avx: 23143.960972991747
  CPU_avx512: 27443.373009290292
  m_CPU_enc_SHA: 26976555200.733547
  m_CPU_enc_AES: 18313997492.950565
  m_CPU_enc_ECDSA: 15490576873.865406
  ME_ALLOC_S: 6843.4776475030249
  ME_READ_S: 27884.173046874999
  ME_READ_L: 27334.994140625
  ME_WRITE: 26819.287109375
  ME_LARGE: 21008
  ME_LATENCY: 77.217623843086912
  ME_THREADED: 36752.51806640625
  SUMM_CPU: 26107.106149063555
  SUMM_ME: 2516.7082029156481
SystemInformation:
  OSName: Ubuntu 24.04.1 LTS
  Kernel: 6.8.0-1017-azure
  Device: ""
  Processor: AMD EPYC 9V74 80-Core Processor
  NumSockets: 1
  Manufacturer: AuthenticAMD
  NumCores: 8
  NumLogicals: 16
  CPUFrequency: 0
  Memory: 32089
  MemModuleInfo:
    iNumMemSticks: 2
    DIMM 1:
      manufacturer: Microsoft Corporation
      modulePartNo: None
      memType: Unknown
      size: 1
      clkspeed: 0
      moduleVoltage: 0
    DIMM 2:
      manufacturer: Microsoft Corporation
      modulePartNo: None
      memType: Unknown
      size: 31
      clkspeed: 0
      moduleVoltage: 0
Checksum: C28FBC83207B70DFE02DF63CD9B226092AFD8069