BaselineInfo:
  WebDBID: -1
  TimeStamp: 20260621082523
Version:
  Major: 11
  Minor: 0
  Build: 1004
  SpecialBuildName: ""
  ptArchitecture: x86_64_linux
Results:
  Results Complete: true
  NumTestProcesses: 80
  CPU_INTEGER_MATH: 589663.16499999992
  CPU_FLOATINGPOINT_MATH: 547587.70909977576
  CPU_PRIME: 1776.7221263567935
  CPU_SORTING: 278113.16136931337
  CPU_ENCRYPTION: 117609.35218615108
  CPU_COMPRESSION: 2145630.3913211287
  CPU_SINGLETHREAD: 3785.3839380953018
  CPU_PHYSICS: 24621.298942195615
  CPU_MATRIX_MULT_SSE: 174965.14058983649
  CPU_mm: 20900.241347093113
  CPU_sse: 66796.237744194892
  CPU_fma: 227805.16255037824
  CPU_avx: 139500.31171916486
  CPU_avx512: 265758.85034560791
  m_CPU_enc_SHA: 165371648302.16196
  m_CPU_enc_AES: 104608367304.11852
  m_CPU_enc_ECDSA: 99987016627.556076
  ME_ALLOC_S: 40492.010673686302
  ME_READ_S: 34012.167382812499
  ME_READ_L: 31131.62109375
  ME_WRITE: 30646.19921875
  ME_LARGE: 150402.16666666666
  ME_LATENCY: 78.629499866404714
  ME_THREADED: 535720.73583984375
  SUMM_CPU: 128198.6612617824
  SUMM_ME: 2987.4237584916732
SystemInformation:
  OSName: Ubuntu 24.04.4 LTS
  Kernel: 6.17.0-1018-azure
  Device: ""
  Processor: "AMD EPYC 9V45 96-Core Processor                "
  NumSockets: 1
  Manufacturer: AuthenticAMD
  NumCores: 80
  NumLogicals: 80
  CPUFrequency: 0
  CPUMaxFrequency: 0
  Memory: 161135
  CPUInfo:
    number: 1
    Family: 15
    Model: 2
    stepping: 1
    features: 395049983
    manufacture: AuthenticAMD
    typestring: "AMD EPYC 9V45 96-Core Processor                "
    iCoresPerPackage: 128
    iThreadsPerPackage: 1
    featuresEx:
      - 395049983
      - 4277809667
      - 802421759
    bHybrid: false
    nPCore: 0
    nLogicalsPerPCore: 0
    nECore: 0
    nLogicalsPerECore: 0
  MemModuleInfo:
    iNumMemSticks: 4
    DIMM 1:
      manufacturer: Microsoft Corporation
      modulePartNo: None
      memType: Unknown
      size: 1
      clkspeed: 0
      moduleVoltage: 0
    DIMM 2:
      manufacturer: Microsoft Corporation
      modulePartNo: None
      memType: Unknown
      size: 59
      clkspeed: 0
      moduleVoltage: 0
    DIMM 3:
      manufacturer: Microsoft Corporation
      modulePartNo: None
      memType: Unknown
      size: 20
      clkspeed: 0
      moduleVoltage: 0
    DIMM 4:
      manufacturer: Microsoft Corporation
      modulePartNo: None
      memType: Unknown
      size: 80
      clkspeed: 0
      moduleVoltage: 0
Checksum: 2F820FC11F042206DAE079B40519AF2558CFB397