BaselineInfo:
  WebDBID: -1
  TimeStamp: 20241107165914
Version:
  Major: 11
  Minor: 0
  Build: 1002
  SpecialBuildName: ""
  ptArchitecture: aarch64_linux
Results:
  Results Complete: true
  NumTestProcesses: 8
  CPU_INTEGER_MATH: 38155.281666666669
  CPU_FLOATINGPOINT_MATH: 37938.294552705309
  CPU_PRIME: 99.452002213981515
  CPU_SORTING: 31643.569220445694
  CPU_ENCRYPTION: 1109.0055996615579
  CPU_COMPRESSION: 42271.567014850065
  CPU_SINGLETHREAD: 1561.761193621405
  CPU_PHYSICS: 2054.3125486085369
  CPU_MATRIX_MULT_SSE: 6644.9020816831817
  CPU_mm: 867.39045614221607
  CPU_sse: 5592.7628817878567
  CPU_fma: 7697.0412815785076
  CPU_avx: 0
  CPU_avx512: 0
  m_CPU_enc_SHA: 1679190005.8632758
  m_CPU_enc_AES: 647050631.45505476
  m_CPU_enc_ECDSA: 1162389329.6938231
  ME_ALLOC_S: 8192.4331252504053
  ME_READ_S: 19676.690039062501
  ME_READ_L: 18968.6640625
  ME_WRITE: 19673.7109375
  ME_LARGE: 21531.416666666668
  ME_LATENCY: 50.86478249156378
  ME_THREADED: 143358.90625
  SUMM_CPU: 6064.3267808062983
  SUMM_ME: 2917.6392436071087
SystemInformation:
  OSName: Ubuntu 24.04.1 LTS
  Kernel: 6.8.0-1016-aws
  Device: ""
  Processor: ARM Neoverse-V1 8 Core 0 MHz
  NumSockets: 1
  Manufacturer: ARM
  NumCores: 8
  NumLogicals: 8
  CPUFrequency: 0
  Memory: 31493
Checksum: 8F35E7D0CACEFE9837CA01841E66D4D34E104C87