BaselineInfo:
  WebDBID: -1
  TimeStamp: 20260206085124
Version:
  Major: 11
  Minor: 0
  Build: 1004
  SpecialBuildName: ""
  ptArchitecture: x86_64_linux
Results:
  Results Complete: true
  NumTestProcesses: 8
  CPU_INTEGER_MATH: 41218.576666666668
  CPU_FLOATINGPOINT_MATH: 29867.353807648433
  CPU_PRIME: 88.138441124927539
  CPU_SORTING: 21345.784729920004
  CPU_ENCRYPTION: 9056.3820769482518
  CPU_COMPRESSION: 161868.35933524539
  CPU_SINGLETHREAD: 3276.3683096211689
  CPU_PHYSICS: 1941.6930077444183
  CPU_MATRIX_MULT_SSE: 11395.663527731811
  CPU_mm: 1229.9681481923133
  CPU_sse: 5031.3257128401237
  CPU_fma: 13163.45502477417
  CPU_avx: 10664.118990704397
  CPU_avx512: 16723.754382608553
  m_CPU_enc_SHA: 9552594144.0966301
  m_CPU_enc_AES: 12477134086.47514
  m_CPU_enc_ECDSA: 6459186447.5825005
  ME_ALLOC_S: 4832.30596298402
  ME_READ_S: 29071.265625
  ME_READ_L: 15980.62890625
  ME_WRITE: 12116.58203125
  ME_LARGE: 3734.25
  ME_LATENCY: 71.460137972668932
  ME_THREADED: 83548.8662109375
  SUMM_CPU: 15576.858584463926
  SUMM_ME: 2085.8552965410031
SystemInformation:
  OSName: Ubuntu 24.04.3 LTS
  Kernel: 6.14.0-1018-aws
  Device: ""
  Processor: Intel(R) Xeon(R) 6975P-C
  NumSockets: 1
  Manufacturer: GenuineIntel
  NumCores: 4
  NumLogicals: 8
  CPUFrequency: 0
  CPUMaxFrequency: 0
  Memory: 15704
  CPUInfo:
    number: 1
    Family: 6
    Model: 13
    stepping: 1
    features: 529267711
    manufacture: GenuineIntel
    typestring: Intel(R) Xeon(R) 6975P-C
    iCoresPerPackage: 4
    iThreadsPerPackage: 2
    featuresEx:
      - 529267711
      - 4294619651
      - 739248128
    bHybrid: false
    nPCore: 0
    nLogicalsPerPCore: 0
    nECore: 0
    nLogicalsPerECore: 0
  MemModuleInfo:
    iNumMemSticks: 1
    DIMM 1:
      manufacturer: Not Specified
      modulePartNo: Not Specified
      memType: DDR5
      size: 16
      clkspeed: 3600
      moduleVoltage: 0
Checksum: 829479486CF307E0A09F7AD63B65937F7C832692