BaselineInfo:
  WebDBID: -1
  TimeStamp: 20241108233338
Version:
  Major: 11
  Minor: 0
  Build: 1002
  SpecialBuildName: ""
  ptArchitecture: x86_64_linux
Results:
  Results Complete: true
  NumTestProcesses: 64
  CPU_INTEGER_MATH: 294357.66933333332
  CPU_FLOATINGPOINT_MATH: 161529.21018141904
  CPU_PRIME: 370.37883278790719
  CPU_SORTING: 144527.38055290727
  CPU_ENCRYPTION: 75888.650237926529
  CPU_COMPRESSION: 1113815.9151917559
  CPU_SINGLETHREAD: 2646.1396055156165
  CPU_PHYSICS: 6492.1474532847087
  CPU_MATRIX_MULT_SSE: 61603.814394027206
  CPU_mm: 7627.6757817370581
  CPU_sse: 31708.271631878244
  CPU_fma: 83993.636704673641
  CPU_avx: 69109.53484552975
  CPU_avx512: 0
  m_CPU_enc_SHA: 109948720632.73389
  m_CPU_enc_AES: 70345375287.669205
  m_CPU_enc_ECDSA: 58430956015.249092
  ME_ALLOC_S: 26727.950801493007
  ME_READ_S: 26489.5185546875
  ME_READ_L: 17494.318359375
  ME_WRITE: 17379.36328125
  ME_LARGE: 240227.91666666666
  ME_LATENCY: 61.285261135597068
  ME_THREADED: 125602.61413574219
  SUMM_CPU: 67467.005247863839
  SUMM_ME: 2947.929498156775
SystemInformation:
  OSName: Ubuntu 24.04.1 LTS
  Kernel: 6.8.0-1016-aws
  Device: ""
  Processor: AMD EPYC 7R13 Processor
  NumSockets: 1
  Manufacturer: AuthenticAMD
  NumCores: 32
  NumLogicals: 64
  CPUFrequency: 0
  Memory: 252467
  MemModuleInfo:
    iNumMemSticks: 2
    DIMM 1:
      manufacturer: Not Specified
      modulePartNo: Not Specified
      memType: DDR4
      size: 128
      clkspeed: 1600
      moduleVoltage: 0
    DIMM 2:
      manufacturer: Not Specified
      modulePartNo: Not Specified
      memType: DDR4
      size: 128
      clkspeed: 1600
      moduleVoltage: 0
Checksum: DAE611461162D7A4D23AF8FE8C42F576780EEF04