BaselineInfo:
  WebDBID: -1
  TimeStamp: 20260404101717
Version:
  Major: 11
  Minor: 0
  Build: 1004
  SpecialBuildName: ""
  ptArchitecture: x86_64_linux
Results:
  Results Complete: true
  NumTestProcesses: 8
  CPU_INTEGER_MATH: 27762.774999999998
  CPU_FLOATINGPOINT_MATH: 14902.519655318227
  CPU_PRIME: 38.203338481425646
  CPU_SORTING: 16943.158387603562
  CPU_ENCRYPTION: 3858.4001892430415
  CPU_COMPRESSION: 130096.37165447604
  CPU_SINGLETHREAD: 2330.5189378156983
  CPU_PHYSICS: 824.80116193965569
  CPU_MATRIX_MULT_SSE: 7278.8525766489111
  CPU_mm: 844.67257128650556
  CPU_sse: 3030.8375761911661
  CPU_fma: 8938.3337291956032
  CPU_avx: 6321.265443742177
  CPU_avx512: 10824.973557466694
  m_CPU_enc_SHA: 1252970499.9572613
  m_CPU_enc_AES: 9748757100.1515388
  m_CPU_enc_ECDSA: 1135749910.398334
  ME_ALLOC_S: 3010.6582839125067
  ME_READ_S: 24904.205859375001
  ME_READ_L: 8977.458984375
  ME_WRITE: 9399.1572265625
  ME_LARGE: 18266
  ME_LATENCY: 53.571299586932184
  ME_THREADED: 46683.4638671875
  SUMM_CPU: 9399.2838058429916
  SUMM_ME: 2277.0165125972726
SystemInformation:
  OSName: Ubuntu 24.04.4 LTS
  Kernel: 6.8.0-106-generic
  Device: ""
  Processor: Intel(R) Xeon(R) Platinum 8369HB CPU @ 3.30GHz
  NumSockets: 1
  Manufacturer: GenuineIntel
  NumCores: 4
  NumLogicals: 8
  CPUFrequency: 0
  CPUMaxFrequency: 0
  Memory: 31173
  CPUInfo:
    number: 1
    Family: 6
    Model: 5
    stepping: 11
    features: 529267711
    manufacture: GenuineIntel
    typestring: Intel(R) Xeon(R) Platinum 8369HB CPU @ 3.30GHz
    iCoresPerPackage: 4
    iThreadsPerPackage: 2
    featuresEx:
      - 529267711
      - 4277809667
      - 739248128
    bHybrid: false
    nPCore: 0
    nLogicalsPerPCore: 0
    nECore: 0
    nLogicalsPerECore: 0
  MemModuleInfo:
    iNumMemSticks: 2
    DIMM 1:
      manufacturer: Alibaba Cloud
      modulePartNo: Not Specified
      memType: RAM
      size: 16
      clkspeed: 0
      moduleVoltage: 0
    DIMM 2:
      manufacturer: Alibaba Cloud
      modulePartNo: Not Specified
      memType: RAM
      size: 16
      clkspeed: 0
      moduleVoltage: 0
Checksum: 77558C09B71C5BF9A721FDBCCCA99EC20F842352