BaselineInfo:
  WebDBID: -1
  TimeStamp: 20241109115641
Version:
  Major: 11
  Minor: 0
  Build: 1002
  SpecialBuildName: ""
  ptArchitecture: x86_64_linux
Results:
  Results Complete: true
  NumTestProcesses: 64
  CPU_INTEGER_MATH: 184358.15033333341
  CPU_FLOATINGPOINT_MATH: 98811.523197773597
  CPU_PRIME: 262.29090263182542
  CPU_SORTING: 93910.398427219217
  CPU_ENCRYPTION: 25267.452475635117
  CPU_COMPRESSION: 803191.78331781214
  CPU_SINGLETHREAD: 1820.8822678771942
  CPU_PHYSICS: 4621.4466363997781
  CPU_MATRIX_MULT_SSE: 52045.174327260844
  CPU_mm: 5611.1528071375524
  CPU_sse: 20016.216172331227
  CPU_fma: 61760.40738172493
  CPU_avx: 43540.808542821476
  CPU_avx512: 82863.265212165687
  m_CPU_enc_SHA: 8314955848.356719
  m_CPU_enc_AES: 63740008047.794212
  m_CPU_enc_ECDSA: 7429568845.1237736
  ME_ALLOC_S: 21182.949426331488
  ME_READ_S: 22767.26953125
  ME_READ_L: 10592.1806640625
  ME_WRITE: 10278.6708984375
  ME_LARGE: 242613.83333333334
  ME_LATENCY: 51.934711997353538
  ME_THREADED: 224802.26098632812
  SUMM_CPU: 43191.126890549232
  SUMM_ME: 2697.6211642594058
SystemInformation:
  OSName: Ubuntu 24.04.1 LTS
  Kernel: 6.8.0-1016-aws
  Device: ""
  Processor: Intel Xeon Platinum 8259CL CPU @ 2.50GHz
  NumSockets: 2
  Manufacturer: GenuineIntel
  NumCores: 32
  NumLogicals: 64
  CPUFrequency: 0
  Memory: 255155
  MemModuleInfo:
    iNumMemSticks: 2
    DIMM 1:
      manufacturer: Not Specified
      modulePartNo: Not Specified
      memType: DDR4
      size: 128
      clkspeed: 1333
      moduleVoltage: 0
    DIMM 2:
      manufacturer: Not Specified
      modulePartNo: Not Specified
      memType: DDR4
      size: 128
      clkspeed: 1333
      moduleVoltage: 0
Checksum: 480522E696B7B605A646856052B3196249869524