BaselineInfo:
  WebDBID: -1
  TimeStamp: 20260611224436
Version:
  Major: 11
  Minor: 0
  Build: 1004
  SpecialBuildName: ""
  ptArchitecture: x86_64_linux
Results:
  Results Complete: true
  NumTestProcesses: 1
  CPU_INTEGER_MATH: 6595.5213333333331
  CPU_FLOATINGPOINT_MATH: 5668.3303484004855
  CPU_PRIME: 20.040208148424789
  CPU_SORTING: 4096.5852306204642
  CPU_ENCRYPTION: 1408.1467461701038
  CPU_COMPRESSION: 27767.590877530183
  CPU_SINGLETHREAD: 3020.4653172240119
  CPU_PHYSICS: 364.88538946270552
  CPU_MATRIX_MULT_SSE: 2458.0692398754295
  CPU_mm: 277.35986769130426
  CPU_sse: 1255.4901787188285
  CPU_fma: 3651.2098755269531
  CPU_avx: 3118.1897654178993
  CPU_avx512: 1807.3871398380377
  m_CPU_enc_SHA: 1975510994.1822309
  m_CPU_enc_AES: 1247405456.9454193
  m_CPU_enc_ECDSA: 1206730196.4085374
  ME_ALLOC_S: 1067.9340449299816
  ME_READ_S: 28255.827929687501
  ME_READ_L: 25986.05078125
  ME_WRITE: 26366.759765625
  ME_LARGE: 840.16666666666663
  ME_LATENCY: 73.643367316913256
  ME_THREADED: 26632.0625
  SUMM_CPU: 2937.1109087231775
  SUMM_ME: 1230.0637258663346
SystemInformation:
  OSName: Ubuntu 24.04.4 LTS
  Kernel: 6.8.0-124-generic
  Device: ""
  Processor: AMD EPYC-Genoa Processor
  NumSockets: 1
  Manufacturer: AuthenticAMD
  NumCores: 1
  NumLogicals: 1
  CPUFrequency: 0
  CPUMaxFrequency: 0
  Memory: 1961
  CPUInfo:
    number: 1
    Family: 15
    Model: 1
    stepping: 0
    features: 126614527
    manufacture: AuthenticAMD
    typestring: AMD EPYC-Genoa Processor
    iCoresPerPackage: 1
    iThreadsPerPackage: 1
    featuresEx:
      - 126614527
      - 4277809667
      - 802421759
    bHybrid: false
    nPCore: 0
    nLogicalsPerPCore: 0
    nECore: 0
    nLogicalsPerECore: 0
  MemModuleInfo:
    iNumMemSticks: 1
    DIMM 1:
      manufacturer: QEMU
      modulePartNo: Not Specified
      memType: RAM
      size: 2
      clkspeed: 0
      moduleVoltage: 0
Checksum: 367C8611DB029F46E35D7EEC500251D58CA21B92