BaselineInfo:
  WebDBID: -1
  TimeStamp: 20260617050151
Version:
  Major: 11
  Minor: 0
  Build: 1004
  SpecialBuildName: ""
  ptArchitecture: x86_64_linux
Results:
  Results Complete: true
  NumTestProcesses: 4
  CPU_INTEGER_MATH: 18953.284333333333
  CPU_FLOATINGPOINT_MATH: 10613.216637213523
  CPU_PRIME: 46.999694666490512
  CPU_SORTING: 11649.359471037555
  CPU_ENCRYPTION: 4793.9694654152881
  CPU_COMPRESSION: 78956.81749030482
  CPU_SINGLETHREAD: 2874.9356417757158
  CPU_PHYSICS: 936.15550509893797
  CPU_MATRIX_MULT_SSE: 5376.9872008531102
  CPU_mm: 507.51230355537575
  CPU_sse: 2244.0212237313303
  CPU_fma: 6993.8381934307126
  CPU_avx: 5772.8275365945992
  CPU_avx512: 6497.261849655798
  m_CPU_enc_SHA: 6710189474.900466
  m_CPU_enc_AES: 4556554011.0098572
  m_CPU_enc_ECDSA: 3813780492.5915818
  ME_ALLOC_S: 2068.7943571263186
  ME_READ_S: 27388.377343749999
  ME_READ_L: 26266.009765625
  ME_WRITE: 26001.19921875
  ME_LARGE: 7105.166666666667
  ME_LATENCY: 69.558469622733
  ME_THREADED: 36841.91796875
  SUMM_CPU: 7545.1947257400179
  SUMM_ME: 2341.9022250409553
SystemInformation:
  OSName: Ubuntu 24.04.4 LTS
  Kernel: 6.8.0-117-generic
  Device: ""
  Processor: "AMD EPYC 9T24 96-Core Processor                "
  NumSockets: 1
  Manufacturer: AuthenticAMD
  NumCores: 2
  NumLogicals: 4
  CPUFrequency: 0
  CPUMaxFrequency: 0
  Memory: 15322
  CPUInfo:
    number: 1
    Family: 15
    Model: 1
    stepping: 1
    features: 395049983
    manufacture: AuthenticAMD
    typestring: "AMD EPYC 9T24 96-Core Processor                "
    iCoresPerPackage: 2
    iThreadsPerPackage: 2
    featuresEx:
      - 395049983
      - 4277809667
      - 802421759
    bHybrid: false
    nPCore: 0
    nLogicalsPerPCore: 0
    nECore: 0
    nLogicalsPerECore: 0
  MemModuleInfo:
    iNumMemSticks: 1
    DIMM 1:
      manufacturer: Alibaba Cloud
      modulePartNo: Not Specified
      memType: RAM
      size: 16
      clkspeed: 0
      moduleVoltage: 0
Checksum: A68025BEB30F6D2E2238FEEC5877848D3C54D753