---
system-info:
      stress-ng-version: 0.17.08
      run-by: root
      date-yyyy-mm-dd: 2024:06:08
      time-hh-mm-ss: 06:55:29
      epoch-secs: 1717829729
      hostname: f5317690733b
      sysname: Linux
      nodename: f5317690733b
      release: 6.8.0-1008-aws
      version: '#8-Ubuntu SMP Sat Apr 20 00:46:25 UTC 2024'
      machine: x86_64
      compiler: 'musl-gcc 13.2.1'
      uptime: 126
      totalram: 532331970560
      freeram: 527567859712
      sharedram: 60411904
      bufferram: 97415168
      totalswap: 0
      freeswap: 0
      pagesize: 4096
      cpus: 64
      cpus-online: 64
      ticks-per-second: 100

metrics:
    - stressor: cpu
      bogo-ops: 752911
      bogo-ops-per-second-usr-sys-time: 1176.887206
      bogo-ops-per-second-real-time: 75278.225927
      wall-clock-time: 10.001710
      user-time: 639.664827
      system-time: 0.082972
      cpu-usage-per-instance: 99.943501
      max-rss: 3584

...
