---
system-info:
      stress-ng-version: 0.17.08
      run-by: root
      date-yyyy-mm-dd: 2024:06:13
      time-hh-mm-ss: 19:55:04
      epoch-secs: 1718308504
      hostname: 635b882cdca1
      sysname: Linux
      nodename: 635b882cdca1
      release: 6.8.0-1008-aws
      version: '#8-Ubuntu SMP Sat Apr 20 00:46:25 UTC 2024'
      machine: x86_64
      compiler: 'musl-gcc 13.2.1'
      uptime: 140
      totalram: 532331950080
      freeram: 527551029248
      sharedram: 60411904
      bufferram: 106209280
      totalswap: 0
      freeswap: 0
      pagesize: 4096
      cpus: 64
      cpus-online: 64
      ticks-per-second: 100

metrics:
    - stressor: cpu
      bogo-ops: 1235888
      bogo-ops-per-second-usr-sys-time: 965.868996
      bogo-ops-per-second-real-time: 61794.157840
      wall-clock-time: 20.000078
      user-time: 1279.531720
      system-time: 0.028971
      cpu-usage-per-instance: 99.965287
      max-rss: 512

...
