---
system-info:
      stress-ng-version: 0.17.08
      run-by: root
      date-yyyy-mm-dd: 2024:09:16
      time-hh-mm-ss: 21:12:37
      epoch-secs: 1726521157
      hostname: sc-runner
      sysname: Linux
      nodename: sc-runner
      release: 6.8.0-1014-azure
      version: '#16-Ubuntu SMP Thu Aug 15 20:04:41 UTC 2024'
      machine: x86_64
      compiler: 'musl-gcc 13.2.1'
      uptime: 262
      totalram: 135068078080
      freeram: 124785135616
      sharedram: 54935552
      bufferram: 232501248
      totalswap: 0
      freeswap: 0
      pagesize: 4096
      cpus: 8
      cpus-online: 8
      ticks-per-second: 100

metrics:
    - stressor: cpu
      bogo-ops: 155190
      bogo-ops-per-second-usr-sys-time: 972.035998
      bogo-ops-per-second-real-time: 7759.470620
      wall-clock-time: 20.000076
      user-time: 159.641588
      system-time: 0.012993
      cpu-usage-per-instance: 99.783735
      max-rss: 3128

...
