BaselineInfo:
  WebDBID: -1
  TimeStamp: 20241107062508
Version:
  Major: 11
  Minor: 0
  Build: 1002
  SpecialBuildName: ""
  ptArchitecture: aarch64_linux
Results:
  Results Complete: true
  NumTestProcesses: 4
  CPU_INTEGER_MATH: 18854.144666666667
  CPU_FLOATINGPOINT_MATH: 14360.458938062147
  CPU_PRIME: 34.637491607517823
  CPU_SORTING: 13680.488941965617
  CPU_ENCRYPTION: 653.25975386804646
  CPU_COMPRESSION: 21939.4019607888
  CPU_SINGLETHREAD: 1330.899849796356
  CPU_PHYSICS: 660.15451616522807
  CPU_MATRIX_MULT_SSE: 2974.0604536054498
  CPU_mm: 499.23563149029059
  CPU_sse: 2480.1754515517096
  CPU_fma: 3467.9454556591891
  CPU_avx: 0
  CPU_avx512: 0
  m_CPU_enc_SHA: 981818333.55672014
  m_CPU_enc_AES: 452792876.1193248
  m_CPU_enc_ECDSA: 620366289.33977723
  ME_ALLOC_S: 2832.5265718912833
  ME_READ_S: 11365.94921875
  ME_READ_L: 8334.33984375
  ME_WRITE: 14938.7109375
  ME_LARGE: 870.41666666666663
  ME_LATENCY: 71.983740526636439
  ME_THREADED: 32435.14404296875
  SUMM_CPU: 3209.2009704137818
  SUMM_ME: 1071.9234588618297
SystemInformation:
  OSName: Ubuntu 24.04.1 LTS
  Kernel: 6.8.0-1017-azure
  Device: ""
  Processor: ARM Neoverse-N1 4 Core 0 MHz
  NumSockets: 1
  Manufacturer: ARM
  NumCores: 4
  NumLogicals: 4
  CPUFrequency: 0
  Memory: 7922
Checksum: 54FC30041BE931A1112FC7E3CC06324BDCD12ABB