BaselineInfo:
  WebDBID: -1
  TimeStamp: 20241107234305
Version:
  Major: 11
  Minor: 0
  Build: 1002
  SpecialBuildName: ""
  ptArchitecture: x86_64_linux
Results:
  Results Complete: true
  NumTestProcesses: 4
  CPU_INTEGER_MATH: 11637.420666666667
  CPU_FLOATINGPOINT_MATH: 6249.9629293867129
  CPU_PRIME: 25.438132938125655
  CPU_SORTING: 6186.7095904308098
  CPU_ENCRYPTION: 1603.9545119058607
  CPU_COMPRESSION: 51974.966980196798
  CPU_SINGLETHREAD: 1860.4042734525369
  CPU_PHYSICS: 538.09288568043462
  CPU_MATRIX_MULT_SSE: 3104.3876769673147
  CPU_mm: 340.25782287748109
  CPU_sse: 1255.2745808211421
  CPU_fma: 3779.3072103698719
  CPU_avx: 2670.1852179172056
  CPU_avx512: 4712.7836987610381
  m_CPU_enc_SHA: 526787024.85109186
  m_CPU_enc_AES: 4048276843.119318
  m_CPU_enc_ECDSA: 470540750.85818994
  ME_ALLOC_S: 1400.146891710081
  ME_READ_S: 22724.537695312501
  ME_READ_L: 10831.7197265625
  ME_WRITE: 9701.873046875
  ME_LARGE: 21782.666666666668
  ME_LATENCY: 53.946315721949439
  ME_THREADED: 24778.328125
  SUMM_CPU: 4112.427481028968
  SUMM_ME: 2126.6753413286228
SystemInformation:
  OSName: Ubuntu 24.04.1 LTS
  Kernel: 6.8.0-1016-aws
  Device: ""
  Processor: Intel Xeon Platinum 8259CL CPU @ 2.50GHz
  NumSockets: 1
  Manufacturer: GenuineIntel
  NumCores: 2
  NumLogicals: 4
  CPUFrequency: 0
  Memory: 31724
  MemModuleInfo:
    iNumMemSticks: 1
    DIMM 1:
      manufacturer: Not Specified
      modulePartNo: Not Specified
      memType: DDR4
      size: 32
      clkspeed: 1466
      moduleVoltage: 0
Checksum: A1DE8130FF61A3FE4EE53C4872534638FD494FB0