BaselineInfo:
  WebDBID: -1
  TimeStamp: 20250210205419
Version:
  Major: 11
  Minor: 0
  Build: 1002
  SpecialBuildName: ""
  ptArchitecture: x86_64_linux
Results:
  Results Complete: true
  NumTestProcesses: 8
  CPU_INTEGER_MATH: 38257.663666666667
  CPU_FLOATINGPOINT_MATH: 27125.434459900378
  CPU_PRIME: 79.53095864793643
  CPU_SORTING: 19606.359957233133
  CPU_ENCRYPTION: 8479.2369824411435
  CPU_COMPRESSION: 141541.80140677423
  CPU_SINGLETHREAD: 2976.3007238630885
  CPU_PHYSICS: 1851.2786666291761
  CPU_MATRIX_MULT_SSE: 11504.497138000295
  CPU_mm: 1081.9185131595741
  CPU_sse: 4663.0621038621784
  CPU_fma: 12970.202431023805
  CPU_avx: 9887.5711228650725
  CPU_avx512: 18497.152894250132
  m_CPU_enc_SHA: 8905820391.9526806
  m_CPU_enc_AES: 11587896462.20373
  m_CPU_enc_ECDSA: 6179656340.1442051
  ME_ALLOC_S: 5343.0131285225889
  ME_READ_S: 26791.533593749999
  ME_READ_L: 10045.7197265625
  ME_WRITE: 9095.8349609375
  ME_LARGE: 4929.083333333333
  ME_LATENCY: 57.087862657156755
  ME_THREADED: 60055.59033203125
  SUMM_CPU: 14366.125990499477
  SUMM_ME: 2126.1480604140488
SystemInformation:
  OSName: Ubuntu 24.04.1 LTS
  Kernel: 6.8.0-1021-azure
  Device: ""
  Processor: INTEL XEON PLATINUM 8573B
  NumSockets: 1
  Manufacturer: GenuineIntel
  NumCores: 4
  NumLogicals: 8
  CPUFrequency: 2300
  Memory: 15987
  MemModuleInfo:
    iNumMemSticks: 2
    DIMM 1:
      manufacturer: Microsoft Corporation
      modulePartNo: None
      memType: Unknown
      size: 1
      clkspeed: 0
      moduleVoltage: 0
    DIMM 2:
      manufacturer: Microsoft Corporation
      modulePartNo: None
      memType: Unknown
      size: 15
      clkspeed: 0
      moduleVoltage: 0
Checksum: 95FF68D455382269550957273260DDFFE9237419