---
system-info:
      stress-ng-version: 0.17.08
      run-by: root
      date-yyyy-mm-dd: 2024:07:02
      time-hh-mm-ss: 20:31:02
      epoch-secs: 1719952262
      hostname: n2d-standard-80-e736b36
      sysname: Linux
      nodename: n2d-standard-80-e736b36
      release: 6.8.0-1009-gcp
      version: '#10-Ubuntu SMP Wed Jun 12 18:52:23 UTC 2024'
      machine: x86_64
      compiler: 'musl-gcc 13.2.1'
      uptime: 177
      totalram: 338077581312
      freeram: 331869749248
      sharedram: 69193728
      bufferram: 128458752
      totalswap: 0
      freeswap: 0
      pagesize: 4096
      cpus: 80
      cpus-online: 80
      ticks-per-second: 100

metrics:
    - stressor: cpu
      bogo-ops: 2158707
      bogo-ops-per-second-usr-sys-time: 1350.109598
      bogo-ops-per-second-real-time: 107934.979595
      wall-clock-time: 20.000069
      user-time: 1598.857452
      system-time: 0.054965
      cpu-usage-per-instance: 99.931683
      max-rss: 640

...
