BaselineInfo:
  WebDBID: -1
  TimeStamp: 20251219221123
Version:
  Major: 11
  Minor: 0
  Build: 1002
  SpecialBuildName: ""
  ptArchitecture: aarch64_linux
Results:
  Results Complete: true
  NumTestProcesses: 16
  CPU_INTEGER_MATH: 83522.222666666668
  CPU_FLOATINGPOINT_MATH: 97004.378473444129
  CPU_PRIME: 266.77908026228425
  CPU_SORTING: 74305.616621969762
  CPU_ENCRYPTION: 3019.8974520856023
  CPU_COMPRESSION: 106379.96821690099
  CPU_SINGLETHREAD: 1944.7911270238631
  CPU_PHYSICS: 4931.4836423426068
  CPU_MATRIX_MULT_SSE: 14707.35617675371
  CPU_mm: 1805.6164239024768
  CPU_sse: 11533.263212114374
  CPU_fma: 17881.449141393041
  CPU_avx: 0
  CPU_avx512: 0
  m_CPU_enc_SHA: 4714151058.1233149
  m_CPU_enc_AES: 1721201103.5812321
  m_CPU_enc_ECDSA: 3064423810.4497886
  ME_ALLOC_S: 24236.186508144296
  ME_READ_S: 21214.37890625
  ME_READ_L: 20413.359375
  ME_WRITE: 21235.705078125
  ME_LARGE: 50478.833333333336
  ME_LATENCY: 44.791464867243974
  ME_THREADED: 286853.423828125
  SUMM_CPU: 14593.037223705969
  SUMM_ME: 3379.2696210332228
SystemInformation:
  OSName: Ubuntu 24.04.2 LTS
  Kernel: 6.14.0-1018-aws
  Device: ""
  Processor: ARM Neoverse-V2 16 Core 0 MHz
  NumSockets: 1
  Manufacturer: ARM
  NumCores: 16
  NumLogicals: 16
  CPUFrequency: 0
  Memory: 63129
Checksum: DA777233ADFDCAF9B9EEF5B0541C069EBF336507