BaselineInfo:
  WebDBID: -1
  TimeStamp: 20260405000547
Version:
  Major: 11
  Minor: 0
  Build: 1004
  SpecialBuildName: ""
  ptArchitecture: x86_64_linux
Results:
  Results Complete: true
  NumTestProcesses: 32
  CPU_INTEGER_MATH: 84286.23000000001
  CPU_FLOATINGPOINT_MATH: 50689.361630249528
  CPU_PRIME: 126.26959180865572
  CPU_SORTING: 52271.898670330629
  CPU_ENCRYPTION: 11423.71109505025
  CPU_COMPRESSION: 404746.36490737734
  CPU_SINGLETHREAD: 1688.7303501651875
  CPU_PHYSICS: 2414.9760385797113
  CPU_MATRIX_MULT_SSE: 26847.127191157433
  CPU_mm: 2803.8439497470622
  CPU_sse: 10211.78796460816
  CPU_fma: 32885.920787205403
  CPU_avx: 23427.270368383339
  CPU_avx512: 40863.529644432863
  m_CPU_enc_SHA: 4415778416.1602602
  m_CPU_enc_AES: 27561893318.631939
  m_CPU_enc_ECDSA: 3958216120.8180408
  ME_ALLOC_S: 6951.5176920119493
  ME_READ_S: 19423.582226562499
  ME_READ_L: 6791.2841796875
  ME_WRITE: 7354.55078125
  ME_LARGE: 49691.166666666664
  ME_LATENCY: 80.361157340697005
  ME_THREADED: 86330.133544921875
  SUMM_CPU: 25113.130811769643
  SUMM_ME: 1815.7636266022921
SystemInformation:
  OSName: Ubuntu 24.04.4 LTS
  Kernel: 6.8.0-106-generic
  Device: ""
  Processor: Intel(R) Xeon(R) Platinum 8163 CPU @ 2.50GHz
  NumSockets: 1
  Manufacturer: GenuineIntel
  NumCores: 16
  NumLogicals: 32
  CPUFrequency: 2500
  CPUMaxFrequency: 3100
  Memory: 63782
  CPUInfo:
    number: 1
    Family: 6
    Model: 5
    stepping: 4
    features: 529267711
    manufacture: GenuineIntel
    typestring: Intel(R) Xeon(R) Platinum 8163 CPU @ 2.50GHz
    iCoresPerPackage: 16
    iThreadsPerPackage: 2
    featuresEx:
      - 529267711
      - 4294586883
      - 739248128
    bHybrid: false
    nPCore: 0
    nLogicalsPerPCore: 0
    nECore: 0
    nLogicalsPerECore: 0
  MemModuleInfo:
    iNumMemSticks: 4
    DIMM 1:
      manufacturer: Alibaba Cloud
      modulePartNo: Not Specified
      memType: RAM
      size: 16
      clkspeed: 0
      moduleVoltage: 0
    DIMM 2:
      manufacturer: Alibaba Cloud
      modulePartNo: Not Specified
      memType: RAM
      size: 16
      clkspeed: 0
      moduleVoltage: 0
    DIMM 3:
      manufacturer: Alibaba Cloud
      modulePartNo: Not Specified
      memType: RAM
      size: 16
      clkspeed: 0
      moduleVoltage: 0
    DIMM 4:
      manufacturer: Alibaba Cloud
      modulePartNo: Not Specified
      memType: RAM
      size: 16
      clkspeed: 0
      moduleVoltage: 0
Checksum: 106AFFBD9CF204A41F05F479F2C0D408AAB83651