BaselineInfo:
  WebDBID: -1
  TimeStamp: 20250103195727
Version:
  Major: 11
  Minor: 0
  Build: 1002
  SpecialBuildName: ""
  ptArchitecture: x86_64_linux
Results:
  Results Complete: true
  NumTestProcesses: 32
  CPU_INTEGER_MATH: 152075.65733333337
  CPU_FLOATINGPOINT_MATH: 85074.257596997661
  CPU_PRIME: 243.01314968504008
  CPU_SORTING: 90179.166105435404
  CPU_ENCRYPTION: 38619.671582094838
  CPU_COMPRESSION: 617385.91586495319
  CPU_SINGLETHREAD: 2903.3832564321997
  CPU_PHYSICS: 4571.2196572201992
  CPU_MATRIX_MULT_SSE: 43881.870396858649
  CPU_mm: 4000.6554566807081
  CPU_sse: 17783.984939135444
  CPU_fma: 56245.921963484012
  CPU_avx: 46353.012793713562
  CPU_avx512: 55144.561891101563
  m_CPU_enc_SHA: 53993850665.468163
  m_CPU_enc_AES: 36643259083.470184
  m_CPU_enc_ECDSA: 30849872497.661655
  ME_ALLOC_S: 14648.130836287637
  ME_READ_S: 27887.989648437499
  ME_READ_L: 27468.5
  ME_WRITE: 26362.73828125
  ME_LARGE: 246087.58333333334
  ME_LATENCY: 77.272139157217111
  ME_THREADED: 80306.25048828125
  SUMM_CPU: 46704.601525753395
  SUMM_ME: 2758.7442445632951
SystemInformation:
  OSName: Ubuntu 24.04.1 LTS
  Kernel: 6.8.0-1017-azure
  Device: ""
  Processor: AMD EPYC 9V74 80-Core Processor
  NumSockets: 1
  Manufacturer: AuthenticAMD
  NumCores: 16
  NumLogicals: 32
  CPUFrequency: 0
  Memory: 257731
  MemModuleInfo:
    iNumMemSticks: 3
    DIMM 1:
      manufacturer: Microsoft Corporation
      modulePartNo: None
      memType: Unknown
      size: 1
      clkspeed: 0
      moduleVoltage: 0
    DIMM 2:
      manufacturer: Microsoft Corporation
      modulePartNo: None
      memType: Unknown
      size: 59
      clkspeed: 0
      moduleVoltage: 0
    DIMM 3:
      manufacturer: Microsoft Corporation
      modulePartNo: None
      memType: Unknown
      size: 196
      clkspeed: 0
      moduleVoltage: 0
Checksum: FED01FE9F9A6D5DE4494C4F24911E167B247E491