---
system-info:
      stress-ng-version: 0.17.08
      run-by: root
      date-yyyy-mm-dd: 2024:06:15
      time-hh-mm-ss: 04:44:09
      epoch-secs: 1718426649
      hostname: 2b8aca5b27a6
      sysname: Linux
      nodename: 2b8aca5b27a6
      release: 6.8.0-1008-aws
      version: '#8-Ubuntu SMP Sat Apr 20 00:46:25 UTC 2024'
      machine: x86_64
      compiler: 'musl-gcc 13.2.1'
      uptime: 130
      totalram: 8112771072
      freeram: 3835719680
      sharedram: 11788288
      bufferram: 109981696
      totalswap: 0
      freeswap: 0
      pagesize: 4096
      cpus: 2
      cpus-online: 2
      ticks-per-second: 100

metrics:
    - stressor: cpu
      bogo-ops: 61522
      bogo-ops-per-second-usr-sys-time: 3076.287500
      bogo-ops-per-second-real-time: 3076.089439
      wall-clock-time: 20.000069
      user-time: 19.998781
      system-time: 0.000000
      cpu-usage-per-instance: 99.993562
      max-rss: 1104

...
