---
system-info:
      stress-ng-version: 0.17.08
      run-by: root
      date-yyyy-mm-dd: 2024:06:08
      time-hh-mm-ss: 19:55:24
      epoch-secs: 1717876524
      hostname: 8f2fa67510d6
      sysname: Linux
      nodename: 8f2fa67510d6
      release: 6.8.0-1008-aws
      version: '#8-Ubuntu SMP Sat Apr 20 00:46:25 UTC 2024'
      machine: x86_64
      compiler: 'musl-gcc 13.2.1'
      uptime: 106
      totalram: 8112771072
      freeram: 3753934848
      sharedram: 11788288
      bufferram: 105410560
      totalswap: 0
      freeswap: 0
      pagesize: 4096
      cpus: 2
      cpus-online: 2
      ticks-per-second: 100

metrics:
    - stressor: cpu
      bogo-ops: 17862
      bogo-ops-per-second-usr-sys-time: 1786.430092
      bogo-ops-per-second-real-time: 1786.188204
      wall-clock-time: 10.000066
      user-time: 9.996713
      system-time: 0.001999
      cpu-usage-per-instance: 99.986460
      max-rss: 3920

...
