---
system-info:
      stress-ng-version: 0.17.08
      run-by: root
      date-yyyy-mm-dd: 2024:06:15
      time-hh-mm-ss: 01:20:05
      epoch-secs: 1718414405
      hostname: 0f031b871d84
      sysname: Linux
      nodename: 0f031b871d84
      release: 6.8.0-1008-aws
      version: '#8-Ubuntu SMP Sat Apr 20 00:46:25 UTC 2024'
      machine: x86_64
      compiler: 'musl-gcc 13.2.1'
      uptime: 124
      totalram: 66330980352
      freeram: 61837971456
      sharedram: 59990016
      bufferram: 107270144
      totalswap: 0
      freeswap: 0
      pagesize: 4096
      cpus: 16
      cpus-online: 16
      ticks-per-second: 100

metrics:
    - stressor: cpu
      bogo-ops: 308850
      bogo-ops-per-second-usr-sys-time: 966.266829
      bogo-ops-per-second-real-time: 15442.437214
      wall-clock-time: 20.000081
      user-time: 319.608221
      system-time: 0.023987
      cpu-usage-per-instance: 99.884659
      max-rss: 1232

...
