---
system-info:
      stress-ng-version: 0.17.08
      run-by: root
      date-yyyy-mm-dd: 2024:06:08
      time-hh-mm-ss: 17:54:24
      epoch-secs: 1717869264
      hostname: d3565cfb31c6
      sysname: Linux
      nodename: d3565cfb31c6
      release: 6.8.0-1008-aws
      version: '#8-Ubuntu SMP Sat Apr 20 00:46:25 UTC 2024'
      machine: x86_64
      compiler: 'musl-gcc 13.2.1'
      uptime: 98
      totalram: 66330984448
      freeram: 61812666368
      sharedram: 59990016
      bufferram: 104030208
      totalswap: 0
      freeswap: 0
      pagesize: 4096
      cpus: 16
      cpus-online: 16
      ticks-per-second: 100

metrics:
    - stressor: cpu
      bogo-ops: 189246
      bogo-ops-per-second-usr-sys-time: 1184.320959
      bogo-ops-per-second-real-time: 18921.048698
      wall-clock-time: 10.001877
      user-time: 159.754860
      system-time: 0.037972
      cpu-usage-per-instance: 99.851779
      max-rss: 4048

...
