BaselineInfo:
  WebDBID: -1
  TimeStamp: 20241111140205
Version:
  Major: 11
  Minor: 0
  Build: 1002
  SpecialBuildName: ""
  ptArchitecture: x86_64_linux
Results:
  Results Complete: true
  NumTestProcesses: 16
  CPU_INTEGER_MATH: 49578.684666666661
  CPU_FLOATINGPOINT_MATH: 36973.800816920331
  CPU_PRIME: 187.09138443378495
  CPU_SORTING: 34741.191543949477
  CPU_ENCRYPTION: 4632.695584955316
  CPU_COMPRESSION: 250551.83928025025
  CPU_SINGLETHREAD: 1975.657808243421
  CPU_PHYSICS: 2184.7821904324683
  CPU_MATRIX_MULT_SSE: 15874.124827036459
  CPU_mm: 2221.1827479572612
  CPU_sse: 8800.8610158590909
  CPU_fma: 21965.310760598408
  CPU_avx: 16856.202704651871
  CPU_avx512: 0
  m_CPU_enc_SHA: 3305176604.5207286
  m_CPU_enc_AES: 8366064730.8161612
  m_CPU_enc_ECDSA: 2901958881.7334285
  ME_ALLOC_S: 9094.6702602978967
  ME_READ_S: 21647.704492187499
  ME_READ_L: 9151.6884765625
  ME_WRITE: 8009.30908203125
  ME_LARGE: 440463.16666666669
  ME_LATENCY: 64.910760084766608
  ME_THREADED: 67407.022216796875
  SUMM_CPU: 16524.253509197177
  SUMM_ME: 2201.6238449304201
SystemInformation:
  OSName: Ubuntu 24.04.1 LTS
  Kernel: 6.8.0-1017-azure
  Device: ""
  Processor: Intel Xeon CPU E5-2698B v3 @ 2.00GHz
  NumSockets: 2
  Manufacturer: GenuineIntel
  NumCores: 16
  NumLogicals: 16
  CPUFrequency: 0
  Memory: 451462
  MemModuleInfo:
    iNumMemSticks: 4
    DIMM 1:
      manufacturer: Microsoft Corporation
      modulePartNo: None
      memType: Unknown
      size: 1
      clkspeed: 0
      moduleVoltage: 0
    DIMM 2:
      manufacturer: Microsoft Corporation
      modulePartNo: None
      memType: Unknown
      size: 60928
      clkspeed: 0
      moduleVoltage: 0
    DIMM 3:
      manufacturer: Microsoft Corporation
      modulePartNo: None
      memType: Unknown
      size: 167424
      clkspeed: 0
      moduleVoltage: 0
    DIMM 4:
      manufacturer: Microsoft Corporation
      modulePartNo: None
      memType: Unknown
      size: 224
      clkspeed: 0
      moduleVoltage: 0
Checksum: B7A0ED4D9BB121D91717A0268960FF24C9C1B936