BaselineInfo:
  WebDBID: -1
  TimeStamp: 20241110165612
Version:
  Major: 11
  Minor: 0
  Build: 1002
  SpecialBuildName: ""
  ptArchitecture: aarch64_linux
Results:
  Results Complete: true
  NumTestProcesses: 192
  CPU_INTEGER_MATH: 962146.44166666665
  CPU_FLOATINGPOINT_MATH: 1119371.7055122419
  CPU_PRIME: 1634.1318412517883
  CPU_SORTING: 826319.89195720782
  CPU_ENCRYPTION: 34657.658853570123
  CPU_COMPRESSION: 1226247.9334012389
  CPU_SINGLETHREAD: 1869.2079437766345
  CPU_PHYSICS: 36373.332206701358
  CPU_MATRIX_MULT_SSE: 139978.79598448085
  CPU_mm: 20870.753025640723
  CPU_sse: 110686.88514744393
  CPU_fma: 169270.70682151784
  CPU_avx: 0
  CPU_avx512: 0
  m_CPU_enc_SHA: 54158976180.058655
  m_CPU_enc_AES: 19828383316.281734
  m_CPU_enc_ECDSA: 35036208373.783028
  ME_ALLOC_S: 46777.01130616758
  ME_READ_S: 19372.777539062499
  ME_READ_L: 18626.041015625
  ME_WRITE: 20515.630859375
  ME_LARGE: 1504189.6666666667
  ME_LATENCY: 47.336983448459414
  ME_THREADED: 979950.33349609375
  SUMM_CPU: 77505.855158597013
  SUMM_ME: 3264.7150435970475
SystemInformation:
  OSName: Ubuntu 24.04.1 LTS
  Kernel: 6.8.0-1016-aws
  Device: ""
  Processor: ARM Neoverse-V2 192 Core 0 MHz
  NumSockets: 2
  Manufacturer: ARM
  NumCores: 192
  NumLogicals: 192
  CPUFrequency: 0
  Memory: 1520778
Checksum: 35CF8EE4452498CCBD28736669A1D409F50EE3B7