---
system-info:
      stress-ng-version: 0.17.08
      run-by: root
      date-yyyy-mm-dd: 2024:06:09
      time-hh-mm-ss: 14:44:11
      epoch-secs: 1717944251
      hostname: bc95d90a0d21
      sysname: Linux
      nodename: bc95d90a0d21
      release: 6.8.0-1008-aws
      version: '#8-Ubuntu SMP Sat Apr 20 00:46:25 UTC 2024'
      machine: x86_64
      compiler: 'musl-gcc 13.2.1'
      uptime: 117
      totalram: 811214786560
      freeram: 804753620992
      sharedram: 78589952
      bufferram: 108720128
      totalswap: 0
      freeswap: 0
      pagesize: 4096
      cpus: 96
      cpus-online: 96
      ticks-per-second: 100

metrics:
    - stressor: cpu
      bogo-ops: 991650
      bogo-ops-per-second-usr-sys-time: 1033.557800
      bogo-ops-per-second-real-time: 99144.170138
      wall-clock-time: 10.002101
      user-time: 959.315940
      system-time: 0.136932
      cpu-usage-per-instance: 99.922014
      max-rss: 3072

...
