---
system-info:
      stress-ng-version: 0.17.08
      run-by: root
      date-yyyy-mm-dd: 2024:06:15
      time-hh-mm-ss: 17:19:34
      epoch-secs: 1718471974
      hostname: 8d4e225f19dc
      sysname: Linux
      nodename: 8d4e225f19dc
      release: 6.8.0-1008-aws
      version: '#8-Ubuntu SMP Sat Apr 20 00:46:25 UTC 2024'
      machine: x86_64
      compiler: 'musl-gcc 13.2.1'
      uptime: 122
      totalram: 811214819328
      freeram: 804869672960
      sharedram: 78589952
      bufferram: 108666880
      totalswap: 0
      freeswap: 0
      pagesize: 4096
      cpus: 96
      cpus-online: 96
      ticks-per-second: 100

metrics:
    - stressor: cpu
      bogo-ops: 1638978
      bogo-ops-per-second-usr-sys-time: 853.963365
      bogo-ops-per-second-real-time: 81948.517695
      wall-clock-time: 20.000093
      user-time: 1919.228340
      system-time: 0.031978
      cpu-usage-per-instance: 99.961009
      max-rss: 768

...
