---
system-info:
      stress-ng-version: 0.17.08
      run-by: root
      date-yyyy-mm-dd: 2024:06:09
      time-hh-mm-ss: 15:56:04
      epoch-secs: 1717948564
      hostname: cbf87893f8d3
      sysname: Linux
      nodename: cbf87893f8d3
      release: 6.8.0-1008-aws
      version: '#8-Ubuntu SMP Sat Apr 20 02:43:14 UTC 2024'
      machine: aarch64
      compiler: 'musl-gcc 13.2.1'
      uptime: 126
      totalram: 400744583168
      freeram: 395752706048
      sharedram: 35196928
      bufferram: 108498944
      totalswap: 0
      freeswap: 0
      pagesize: 4096
      cpus: 48
      cpus-online: 48
      ticks-per-second: 100

metrics:
    - stressor: cpu
      bogo-ops: 141099
      bogo-ops-per-second-usr-sys-time: 292.705088
      bogo-ops-per-second-real-time: 14041.621330
      wall-clock-time: 10.048626
      user-time: 482.011771
      system-time: 0.039980
      cpu-usage-per-instance: 99.941474
      max-rss: 3840

...
