---
system-info:
      stress-ng-version: 0.17.08
      run-by: root
      date-yyyy-mm-dd: 2024:06:15
      time-hh-mm-ss: 18:43:00
      epoch-secs: 1718476980
      hostname: 54c82625b4be
      sysname: Linux
      nodename: 54c82625b4be
      release: 6.8.0-1008-aws
      version: '#8-Ubuntu SMP Sat Apr 20 02:43:14 UTC 2024'
      machine: aarch64
      compiler: 'musl-gcc 13.2.1'
      uptime: 146
      totalram: 400744587264
      freeram: 395914338304
      sharedram: 35196928
      bufferram: 108429312
      totalswap: 0
      freeswap: 0
      pagesize: 4096
      cpus: 48
      cpus-online: 48
      ticks-per-second: 100

metrics:
    - stressor: cpu
      bogo-ops: 1456487
      bogo-ops-per-second-usr-sys-time: 1517.801013
      bogo-ops-per-second-real-time: 72824.083846
      wall-clock-time: 20.000073
      user-time: 959.585402
      system-time: 0.017990
      cpu-usage-per-instance: 99.958321
      max-rss: 1152

...
