BaselineInfo:
  WebDBID: -1
  TimeStamp: 20260206083404
Version:
  Major: 11
  Minor: 0
  Build: 1004
  SpecialBuildName: ""
  ptArchitecture: x86_64_linux
Results:
  Results Complete: true
  NumTestProcesses: 4
  CPU_INTEGER_MATH: 20585.574333333334
  CPU_FLOATINGPOINT_MATH: 14923.947687226053
  CPU_PRIME: 43.328181943256148
  CPU_SORTING: 10740.99887726192
  CPU_ENCRYPTION: 4525.5397754951691
  CPU_COMPRESSION: 81220.370489071094
  CPU_SINGLETHREAD: 3267.2120481544371
  CPU_PHYSICS: 985.83315939607303
  CPU_MATRIX_MULT_SSE: 5587.9479434343029
  CPU_mm: 615.27228748670984
  CPU_sse: 2512.5233902601021
  CPU_fma: 6550.1443676345953
  CPU_avx: 5322.3277674827614
  CPU_avx512: 7966.7962483597548
  m_CPU_enc_SHA: 4778196756.5531902
  m_CPU_enc_AES: 6231690057.0526237
  m_CPU_enc_ECDSA: 3226230373.2830524
  ME_ALLOC_S: 2794.3669797370258
  ME_READ_S: 28968.284374999999
  ME_READ_L: 14475.193359375
  ME_WRITE: 12187.94140625
  ME_LARGE: 19537.583333333332
  ME_LATENCY: 68.753300525832231
  ME_THREADED: 38852.2080078125
  SUMM_CPU: 8037.553794072478
  SUMM_ME: 2318.8635094538913
SystemInformation:
  OSName: Ubuntu 24.04.3 LTS
  Kernel: 6.14.0-1018-aws
  Device: ""
  Processor: Intel(R) Xeon(R) 6975P-C
  NumSockets: 1
  Manufacturer: GenuineIntel
  NumCores: 2
  NumLogicals: 4
  CPUFrequency: 0
  CPUMaxFrequency: 0
  Memory: 31558
  CPUInfo:
    number: 1
    Family: 6
    Model: 13
    stepping: 1
    features: 529267711
    manufacture: GenuineIntel
    typestring: Intel(R) Xeon(R) 6975P-C
    iCoresPerPackage: 2
    iThreadsPerPackage: 2
    featuresEx:
      - 529267711
      - 4294619651
      - 739248128
    bHybrid: false
    nPCore: 0
    nLogicalsPerPCore: 0
    nECore: 0
    nLogicalsPerECore: 0
  MemModuleInfo:
    iNumMemSticks: 1
    DIMM 1:
      manufacturer: Not Specified
      modulePartNo: Not Specified
      memType: DDR5
      size: 32
      clkspeed: 3600
      moduleVoltage: 0
Checksum: BB9DF5FEBB3A65F6F9440940108F74999FF28D26