---
system-info:
      stress-ng-version: 0.17.08
      run-by: root
      date-yyyy-mm-dd: 2024:06:28
      time-hh-mm-ss: 18:52:12
      epoch-secs: 1719600732
      hostname: c3-highmem-176-aafae23
      sysname: Linux
      nodename: c3-highmem-176-aafae23
      release: 6.8.0-1009-gcp
      version: '#10-Ubuntu SMP Wed Jun 12 18:52:23 UTC 2024'
      machine: x86_64
      compiler: 'musl-gcc 13.2.1'
      uptime: 154
      totalram: 1488018817024
      freeram: 1480244690944
      sharedram: 442523648
      bufferram: 132952064
      totalswap: 0
      freeswap: 0
      pagesize: 4096
      cpus: 176
      cpus-online: 176
      ticks-per-second: 100

metrics:
    - stressor: cpu
      bogo-ops: 32484
      bogo-ops-per-second-usr-sys-time: 1624.266351
      bogo-ops-per-second-real-time: 1624.190648
      wall-clock-time: 20.000115
      user-time: 19.999183
      system-time: 0.000000
      cpu-usage-per-instance: 99.995339
      max-rss: 0

...
