BaselineInfo:
  WebDBID: -1
  TimeStamp: 20241219003500
Version:
  Major: 11
  Minor: 0
  Build: 1002
  SpecialBuildName: ""
  ptArchitecture: x86_64_linux
Results:
  Results Complete: true
  NumTestProcesses: 4
  CPU_INTEGER_MATH: 18800.657999999999
  CPU_FLOATINGPOINT_MATH: 13739.237314129756
  CPU_PRIME: 63.775544454230641
  CPU_SORTING: 11020.390096321938
  CPU_ENCRYPTION: 4554.812199698601
  CPU_COMPRESSION: 82290.886097708397
  CPU_SINGLETHREAD: 2135.587944250427
  CPU_PHYSICS: 855.83873933884422
  CPU_MATRIX_MULT_SSE: 6706.3506634461373
  CPU_mm: 721.12061165613068
  CPU_sse: 2876.5024830037655
  CPU_fma: 10149.236037634999
  CPU_avx: 7093.3134696996467
  CPU_avx512: 0
  m_CPU_enc_SHA: 6462296803.5970821
  m_CPU_enc_AES: 4136888168.2005534
  m_CPU_enc_ECDSA: 3729015299.5358458
  ME_ALLOC_S: 1901.1302602950925
  ME_READ_S: 24257.256054687499
  ME_READ_L: 5275.81494140625
  ME_WRITE: 4714.994140625
  ME_LARGE: 21202
  ME_LATENCY: 129.35561732453729
  ME_THREADED: 15190.683837890625
  SUMM_CPU: 7962.6158477342087
  SUMM_ME: 1187.5049503922824
SystemInformation:
  OSName: Ubuntu 24.04.1 LTS
  Kernel: 6.8.0-31-generic
  Device: ""
  Processor: AMD EPYC 7542 32-Core Processor
  NumSockets: 1
  Manufacturer: AuthenticAMD
  NumCores: 4
  NumLogicals: 4
  CPUFrequency: 0
  Memory: 32050
  MemModuleInfo:
    iNumMemSticks: 2
    DIMM 1:
      manufacturer: QEMU
      modulePartNo: Not Specified
      memType: RAM
      size: 16
      clkspeed: 0
      moduleVoltage: 0
    DIMM 2:
      manufacturer: QEMU
      modulePartNo: Not Specified
      memType: RAM
      size: 16
      clkspeed: 0
      moduleVoltage: 0
Checksum: 358DD99C8180F1F1AC2F399D2E381C81B2E62FEA