BaselineInfo:
  WebDBID: -1
  TimeStamp: 20241108132607
Version:
  Major: 11
  Minor: 0
  Build: 1002
  SpecialBuildName: ""
  ptArchitecture: x86_64_linux
Results:
  Results Complete: true
  NumTestProcesses: 32
  CPU_INTEGER_MATH: 147230.30966666664
  CPU_FLOATINGPOINT_MATH: 80728.17339588872
  CPU_PRIME: 202.50946925649768
  CPU_SORTING: 74971.26011153913
  CPU_ENCRYPTION: 37927.083835708268
  CPU_COMPRESSION: 559864.28114082827
  CPU_SINGLETHREAD: 2644.2726915470016
  CPU_PHYSICS: 4060.0761817973421
  CPU_MATRIX_MULT_SSE: 33135.288109763205
  CPU_mm: 3982.2275447248453
  CPU_sse: 16907.095031343881
  CPU_fma: 46043.70502123297
  CPU_avx: 36455.064276712787
  CPU_avx512: 0
  m_CPU_enc_SHA: 55016745784.956322
  m_CPU_enc_AES: 35179688474.572174
  m_CPU_enc_ECDSA: 29111855320.806404
  ME_ALLOC_S: 14543.177277381938
  ME_READ_S: 26426.653710937499
  ME_READ_L: 17602.666015625
  ME_WRITE: 17567.296875
  ME_LARGE: 241421.41666666666
  ME_LATENCY: 62.647769351094531
  ME_THREADED: 77975.64697265625
  SUMM_CPU: 41982.766465490211
  SUMM_ME: 2856.4090572095938
SystemInformation:
  OSName: Ubuntu 24.04.1 LTS
  Kernel: 6.8.0-1016-aws
  Device: ""
  Processor: AMD EPYC 7R13 Processor
  NumSockets: 1
  Manufacturer: AuthenticAMD
  NumCores: 16
  NumLogicals: 32
  CPUFrequency: 0
  Memory: 252480
  MemModuleInfo:
    iNumMemSticks: 2
    DIMM 1:
      manufacturer: Not Specified
      modulePartNo: Not Specified
      memType: DDR4
      size: 128
      clkspeed: 1600
      moduleVoltage: 0
    DIMM 2:
      manufacturer: Not Specified
      modulePartNo: Not Specified
      memType: DDR4
      size: 128
      clkspeed: 1600
      moduleVoltage: 0
Checksum: A33EFC0DF3B159AD92B6B81940FDD1C5C42B7214