---
system-info:
      stress-ng-version: 0.17.08
      run-by: root
      date-yyyy-mm-dd: 2024:07:02
      time-hh-mm-ss: 20:39:25
      epoch-secs: 1719952765
      hostname: c3d-highcpu-60-36c0d6a
      sysname: Linux
      nodename: c3d-highcpu-60-36c0d6a
      release: 6.8.0-1009-gcp
      version: '#10-Ubuntu SMP Wed Jun 12 18:52:23 UTC 2024'
      machine: x86_64
      compiler: 'musl-gcc 13.2.1'
      uptime: 115
      totalram: 124479881216
      freeram: 119084036096
      sharedram: 35459072
      bufferram: 128487424
      totalswap: 0
      freeswap: 0
      pagesize: 4096
      cpus: 60
      cpus-online: 60
      ticks-per-second: 100

metrics:
    - stressor: cpu
      bogo-ops: 1723614
      bogo-ops-per-second-usr-sys-time: 1437.165777
      bogo-ops-per-second-real-time: 86180.459035
      wall-clock-time: 20.000056
      user-time: 1199.287686
      system-time: 0.026984
      cpu-usage-per-instance: 99.942610
      max-rss: 480

...
