BaselineInfo:
  WebDBID: -1
  TimeStamp: 20241111113354
Version:
  Major: 11
  Minor: 0
  Build: 1002
  SpecialBuildName: ""
  ptArchitecture: x86_64_linux
Results:
  Results Complete: true
  NumTestProcesses: 32
  CPU_INTEGER_MATH: 99374.392666666652
  CPU_FLOATINGPOINT_MATH: 53292.354728532453
  CPU_PRIME: 128.15161572689064
  CPU_SORTING: 48030.454763763075
  CPU_ENCRYPTION: 13084.543618649754
  CPU_COMPRESSION: 418605.69733923092
  CPU_SINGLETHREAD: 2014.1815554832169
  CPU_PHYSICS: 2181.9937575188592
  CPU_MATRIX_MULT_SSE: 26680.812529156574
  CPU_mm: 2930.3091146508627
  CPU_sse: 10190.463107684192
  CPU_fma: 32600.615047133699
  CPU_avx: 23088.460856553404
  CPU_avx512: 40843.711105254959
  m_CPU_enc_SHA: 4272640767.7683816
  m_CPU_enc_AES: 32988442227.783009
  m_CPU_enc_ECDSA: 3899332232.8564696
  ME_ALLOC_S: 10873.404799371971
  ME_READ_S: 24319.754101562499
  ME_READ_L: 11638.89453125
  ME_WRITE: 10629.349609375
  ME_LARGE: 247113.33333333334
  ME_LATENCY: 49.517924059313714
  ME_THREADED: 92729.302001953125
  SUMM_CPU: 27104.537214733558
  SUMM_ME: 2782.1234265734524
SystemInformation:
  OSName: Ubuntu 24.04.1 LTS
  Kernel: 6.8.0-1017-azure
  Device: ""
  Processor: Intel Xeon Platinum 8272CL CPU @ 2.60GHz
  NumSockets: 1
  Manufacturer: GenuineIntel
  NumCores: 16
  NumLogicals: 32
  CPUFrequency: 0
  Memory: 257731
  MemModuleInfo:
    iNumMemSticks: 3
    DIMM 1:
      manufacturer: Microsoft Corporation
      modulePartNo: None
      memType: Unknown
      size: 1
      clkspeed: 0
      moduleVoltage: 0
    DIMM 2:
      manufacturer: Microsoft Corporation
      modulePartNo: None
      memType: Unknown
      size: 60928
      clkspeed: 0
      moduleVoltage: 0
    DIMM 3:
      manufacturer: Microsoft Corporation
      modulePartNo: None
      memType: Unknown
      size: 200192
      clkspeed: 0
      moduleVoltage: 0
Checksum: EE8ABD8830406569CAF77D6416B4C718A52CE6DB