BaselineInfo:
  WebDBID: -1
  TimeStamp: 20260621005958
Version:
  Major: 11
  Minor: 0
  Build: 1004
  SpecialBuildName: ""
  ptArchitecture: x86_64_linux
Results:
  Results Complete: true
  NumTestProcesses: 48
  CPU_INTEGER_MATH: 227826.62233333336
  CPU_FLOATINGPOINT_MATH: 165288.92245400281
  CPU_PRIME: 456.18310823432466
  CPU_SORTING: 115027.43226719828
  CPU_ENCRYPTION: 50504.509112074295
  CPU_COMPRESSION: 880487.90051426378
  CPU_SINGLETHREAD: 3526.2142255178433
  CPU_PHYSICS: 7038.6155788288161
  CPU_MATRIX_MULT_SSE: 59749.825373106753
  CPU_mm: 6424.3632730294266
  CPU_sse: 27489.273390798106
  CPU_fma: 72025.702495353631
  CPU_avx: 55407.071021406147
  CPU_avx512: 84077.254584869108
  m_CPU_enc_SHA: 53213745043.864067
  m_CPU_enc_AES: 69560237593.565414
  m_CPU_enc_ECDSA: 36099465802.677719
  ME_ALLOC_S: 22353.148498613886
  ME_READ_S: 30215.632617187501
  ME_READ_L: 20434.05859375
  ME_WRITE: 8416.73828125
  ME_LARGE: 87028.083333333328
  ME_LATENCY: 78.339094518143455
  ME_THREADED: 186499.95043945312
  SUMM_CPU: 66237.874882653923
  SUMM_ME: 2469.2777508656345
SystemInformation:
  OSName: Ubuntu 24.04.4 LTS
  Kernel: 6.17.0-1018-azure
  Device: ""
  Processor: Intel(R) Xeon(R) 6973P-C
  NumSockets: 1
  Manufacturer: GenuineIntel
  NumCores: 24
  NumLogicals: 48
  CPUFrequency: 2600
  CPUMaxFrequency: 2600
  Memory: 96539
  CPUInfo:
    number: 1
    Family: 6
    Model: 13
    stepping: 1
    features: 529267711
    manufacture: GenuineIntel
    typestring: Intel(R) Xeon(R) 6973P-C
    iCoresPerPackage: 32
    iThreadsPerPackage: 2
    featuresEx:
      - 529267711
      - 4294586915
      - 739248128
    bHybrid: false
    nPCore: 0
    nLogicalsPerPCore: 0
    nECore: 0
    nLogicalsPerECore: 0
  MemModuleInfo:
    iNumMemSticks: 3
    DIMM 1:
      manufacturer: Microsoft Corporation
      modulePartNo: None
      memType: Unknown
      size: 1
      clkspeed: 0
      moduleVoltage: 0
    DIMM 2:
      manufacturer: Microsoft Corporation
      modulePartNo: None
      memType: Unknown
      size: 59
      clkspeed: 0
      moduleVoltage: 0
    DIMM 3:
      manufacturer: Microsoft Corporation
      modulePartNo: None
      memType: Unknown
      size: 36
      clkspeed: 0
      moduleVoltage: 0
Checksum: FBC016A91BD21F0A5C186829AC84BC41A77960EE