BaselineInfo:
  WebDBID: -1
  TimeStamp: 20260404195825
Version:
  Major: 11
  Minor: 0
  Build: 1004
  SpecialBuildName: ""
  ptArchitecture: x86_64_linux
Results:
  Results Complete: true
  NumTestProcesses: 10
  CPU_INTEGER_MATH: 24708.189333333328
  CPU_FLOATINGPOINT_MATH: 13263.408784180245
  CPU_PRIME: 51.990152835371333
  CPU_SORTING: 15056.443951461733
  CPU_ENCRYPTION: 3423.2611354358214
  CPU_COMPRESSION: 114462.16969828133
  CPU_SINGLETHREAD: 1665.7091082312261
  CPU_PHYSICS: 906.4674739135362
  CPU_MATRIX_MULT_SSE: 7414.7864000982645
  CPU_mm: 751.65364081042685
  CPU_sse: 2714.1018076016744
  CPU_fma: 9183.7299203334715
  CPU_avx: 6475.5035370311143
  CPU_avx512: 11285.810335426795
  m_CPU_enc_SHA: 1117038818.6455138
  m_CPU_enc_AES: 8638491341.6510887
  m_CPU_enc_ECDSA: 1013118244.7556525
  ME_ALLOC_S: 2766.315533850986
  ME_READ_S: 19552.594335937501
  ME_READ_L: 7135.169921875
  ME_WRITE: 7731.6572265625
  ME_LARGE: 26414.416666666668
  ME_LATENCY: 77.834415030388797
  ME_THREADED: 45327.50732421875
  SUMM_CPU: 8589.7113328359137
  SUMM_ME: 1774.9086571184723
SystemInformation:
  OSName: Ubuntu 24.04.4 LTS
  Kernel: 6.8.0-106-generic
  Device: ""
  Processor: Intel(R) Xeon(R) Platinum 8163 CPU @ 2.50GHz
  NumSockets: 1
  Manufacturer: GenuineIntel
  NumCores: 5
  NumLogicals: 10
  CPUFrequency: 0
  CPUMaxFrequency: 0
  Memory: 45740
  CPUInfo:
    number: 1
    Family: 6
    Model: 5
    stepping: 4
    features: 529267711
    manufacture: GenuineIntel
    typestring: Intel(R) Xeon(R) Platinum 8163 CPU @ 2.50GHz
    iCoresPerPackage: 5
    iThreadsPerPackage: 2
    featuresEx:
      - 529267711
      - 4277809667
      - 739248128
    bHybrid: false
    nPCore: 0
    nLogicalsPerPCore: 0
    nECore: 0
    nLogicalsPerECore: 0
  MemModuleInfo:
    iNumMemSticks: 3
    DIMM 1:
      manufacturer: Alibaba Cloud
      modulePartNo: Not Specified
      memType: RAM
      size: 16
      clkspeed: 0
      moduleVoltage: 0
    DIMM 2:
      manufacturer: Alibaba Cloud
      modulePartNo: Not Specified
      memType: RAM
      size: 16
      clkspeed: 0
      moduleVoltage: 0
    DIMM 3:
      manufacturer: Alibaba Cloud
      modulePartNo: Not Specified
      memType: RAM
      size: 14
      clkspeed: 0
      moduleVoltage: 0
Checksum: 27CA682A90FB3C7E0DFD131161EC8555BE6DA305