BaselineInfo:
  WebDBID: -1
  TimeStamp: 20260612185408
Version:
  Major: 11
  Minor: 0
  Build: 1004
  SpecialBuildName: ""
  ptArchitecture: x86_64_linux
Results:
  Results Complete: true
  NumTestProcesses: 4
  CPU_INTEGER_MATH: 26898.941666666666
  CPU_FLOATINGPOINT_MATH: 23610.944867951333
  CPU_PRIME: 85.816529303099117
  CPU_SORTING: 17003.221508806906
  CPU_ENCRYPTION: 5727.0879995467849
  CPU_COMPRESSION: 115505.64202766896
  CPU_SINGLETHREAD: 3221.3351808298912
  CPU_PHYSICS: 1536.9874696559457
  CPU_MATRIX_MULT_SSE: 10826.065257618895
  CPU_mm: 1161.2151097117462
  CPU_sse: 5064.6980891542298
  CPU_fma: 15196.476684674264
  CPU_avx: 13049.51324014047
  CPU_avx512: 9993.5730165066143
  m_CPU_enc_SHA: 8035045877.172266
  m_CPU_enc_AES: 5098303222.7876272
  m_CPU_enc_ECDSA: 4882511978.6784153
  ME_ALLOC_S: 2264.1318921949
  ME_READ_S: 30734.6533203125
  ME_READ_L: 28343.654296875
  ME_WRITE: 28467.60546875
  ME_LARGE: 23801.333333333332
  ME_LATENCY: 68.049243473549794
  ME_THREADED: 112142.853515625
  SUMM_CPU: 11756.428819495808
  SUMM_ME: 2805.8088769139326
SystemInformation:
  OSName: Ubuntu 24.04.4 LTS
  Kernel: 6.8.0-124-generic
  Device: ""
  Processor: AMD EPYC-Genoa Processor
  NumSockets: 1
  Manufacturer: AuthenticAMD
  NumCores: 2
  NumLogicals: 4
  CPUFrequency: 0
  CPUMaxFrequency: 0
  Memory: 32090
  CPUInfo:
    number: 1
    Family: 15
    Model: 1
    stepping: 0
    features: 395049983
    manufacture: AuthenticAMD
    typestring: AMD EPYC-Genoa Processor
    iCoresPerPackage: 2
    iThreadsPerPackage: 2
    featuresEx:
      - 395049983
      - 4277809667
      - 802421759
    bHybrid: false
    nPCore: 0
    nLogicalsPerPCore: 0
    nECore: 0
    nLogicalsPerECore: 0
  MemModuleInfo:
    iNumMemSticks: 2
    DIMM 1:
      manufacturer: QEMU
      modulePartNo: Not Specified
      memType: RAM
      size: 16
      clkspeed: 0
      moduleVoltage: 0
    DIMM 2:
      manufacturer: QEMU
      modulePartNo: Not Specified
      memType: RAM
      size: 16
      clkspeed: 0
      moduleVoltage: 0
Checksum: 325F280F043DDBFED4AD1B6DA869DB34AC7D0917