BaselineInfo:
  WebDBID: -1
  TimeStamp: 20241111113127
Version:
  Major: 11
  Minor: 0
  Build: 1002
  SpecialBuildName: ""
  ptArchitecture: x86_64_linux
Results:
  Results Complete: true
  NumTestProcesses: 32
  CPU_INTEGER_MATH: 93766.505000000019
  CPU_FLOATINGPOINT_MATH: 50210.689652156245
  CPU_PRIME: 132.253039259346
  CPU_SORTING: 47424.027736733049
  CPU_ENCRYPTION: 12832.808323650092
  CPU_COMPRESSION: 409294.71538427519
  CPU_SINGLETHREAD: 1880.1596146788454
  CPU_PHYSICS: 2354.3211225119139
  CPU_MATRIX_MULT_SSE: 25649.963343105592
  CPU_mm: 2837.5158082444414
  CPU_sse: 10172.517448622189
  CPU_fma: 30394.572219745613
  CPU_avx: 21459.185655290763
  CPU_avx512: 40573.578048763782
  m_CPU_enc_SHA: 4230963720.8066468
  m_CPU_enc_AES: 32358910851.571716
  m_CPU_enc_ECDSA: 3778649889.9608021
  ME_ALLOC_S: 10687.255274300289
  ME_READ_S: 22849.667773437501
  ME_READ_L: 11076.4013671875
  ME_WRITE: 10538.4716796875
  ME_LARGE: 116518.58333333333
  ME_LATENCY: 51.826546753920262
  ME_THREADED: 111094.79443359375
  SUMM_CPU: 26208.910390521818
  SUMM_ME: 2668.9519705883731
SystemInformation:
  OSName: Ubuntu 24.04.1 LTS
  Kernel: 6.8.0-1016-aws
  Device: ""
  Processor: Intel Xeon Platinum 8259CL CPU @ 2.50GHz
  NumSockets: 1
  Manufacturer: GenuineIntel
  NumCores: 16
  NumLogicals: 32
  CPUFrequency: 0
  Memory: 127426
  MemModuleInfo:
    iNumMemSticks: 1
    DIMM 1:
      manufacturer: Not Specified
      modulePartNo: Not Specified
      memType: DDR4
      size: 128
      clkspeed: 1600
      moduleVoltage: 0
Checksum: BF49A5634DBC06C04C7C2057151C1908E5675CA2