BaselineInfo:
  WebDBID: -1
  TimeStamp: 20241107195752
Version:
  Major: 11
  Minor: 0
  Build: 1002
  SpecialBuildName: ""
  ptArchitecture: x86_64_linux
Results:
  Results Complete: true
  NumTestProcesses: 8
  CPU_INTEGER_MATH: 31628.74866666667
  CPU_FLOATINGPOINT_MATH: 22204.361481621803
  CPU_PRIME: 91.080117113948532
  CPU_SORTING: 18755.482380306701
  CPU_ENCRYPTION: 3946.1305358387413
  CPU_COMPRESSION: 137931.67299677889
  CPU_SINGLETHREAD: 1801.9033747831602
  CPU_PHYSICS: 1526.6426743821778
  CPU_MATRIX_MULT_SSE: 8019.5753994686547
  CPU_mm: 1428.4694911803015
  CPU_sse: 4690.6159281442906
  CPU_fma: 11006.336019331782
  CPU_avx: 8361.7742509298914
  CPU_avx512: 0
  m_CPU_enc_SHA: 1942384030.2825954
  m_CPU_enc_AES: 8766356486.5680103
  m_CPU_enc_ECDSA: 1704712801.3923271
  ME_ALLOC_S: 5634.8395232559569
  ME_READ_S: 18842.525000000001
  ME_READ_L: 8588.0849609375
  ME_WRITE: 8040.8515625
  ME_LARGE: 22070.333333333332
  ME_LATENCY: 81.244029443063255
  ME_THREADED: 55737.15869140625
  SUMM_CPU: 10905.02933848545
  SUMM_ME: 1845.1574631390938
SystemInformation:
  OSName: Ubuntu 24.04.1 LTS
  Kernel: 6.8.0-1016-aws
  Device: ""
  Processor: Intel Xeon CPU E5-2686 v4 @ 2.30GHz
  NumSockets: 1
  Manufacturer: GenuineIntel
  NumCores: 8
  NumLogicals: 8
  CPUFrequency: 0
  Memory: 32094
  MemModuleInfo:
    iNumMemSticks: 2
    DIMM 1:
      manufacturer: Not Specified
      modulePartNo: Not Specified
      memType: RAM
      size: 16
      clkspeed: 0
      moduleVoltage: 0
    DIMM 2:
      manufacturer: Not Specified
      modulePartNo: Not Specified
      memType: RAM
      size: 16
      clkspeed: 0
      moduleVoltage: 0
Checksum: 2DBB001EC882F7D72E5BE4125BB68B3D076FFD3C