BaselineInfo:
  WebDBID: -1
  TimeStamp: 20260619234231
Version:
  Major: 11
  Minor: 0
  Build: 1004
  SpecialBuildName: ""
  ptArchitecture: x86_64_linux
Results:
  Results Complete: true
  NumTestProcesses: 16
  CPU_INTEGER_MATH: 119994.94633333334
  CPU_FLOATINGPOINT_MATH: 118203.39506842646
  CPU_PRIME: 408.34330494158417
  CPU_SORTING: 65792.90165671712
  CPU_ENCRYPTION: 24794.463495444132
  CPU_COMPRESSION: 487361.91179789027
  CPU_SINGLETHREAD: 3751.8237759199264
  CPU_PHYSICS: 5761.7465462498949
  CPU_MATRIX_MULT_SSE: 42471.038329549847
  CPU_mm: 5082.9908279226611
  CPU_sse: 15792.992570749344
  CPU_fma: 57241.709892495994
  CPU_avx: 32099.752513622636
  CPU_avx512: 64749.698341331416
  m_CPU_enc_SHA: 34972727021.570374
  m_CPU_enc_AES: 21795513658.147137
  m_CPU_enc_ECDSA: 21228397382.878975
  ME_ALLOC_S: 19817.545971352785
  ME_READ_S: 33102.132421875001
  ME_READ_L: 30034.57421875
  ME_WRITE: 30362.70703125
  ME_LARGE: 23471.166666666668
  ME_LATENCY: 80.502297078267176
  ME_THREADED: 149674.1259765625
  SUMM_CPU: 44476.583302603969
  SUMM_ME: 2767.1258247313108
SystemInformation:
  OSName: Ubuntu 24.04.4 LTS
  Kernel: 6.17.0-1018-azure
  Device: ""
  Processor: "AMD EPYC 9V45 96-Core Processor                "
  NumSockets: 1
  Manufacturer: AuthenticAMD
  NumCores: 16
  NumLogicals: 16
  CPUFrequency: 0
  CPUMaxFrequency: 0
  Memory: 32089
  CPUInfo:
    number: 1
    Family: 15
    Model: 2
    stepping: 1
    features: 395049983
    manufacture: AuthenticAMD
    typestring: "AMD EPYC 9V45 96-Core Processor                "
    iCoresPerPackage: 16
    iThreadsPerPackage: 1
    featuresEx:
      - 395049983
      - 4277809667
      - 802421759
    bHybrid: false
    nPCore: 0
    nLogicalsPerPCore: 0
    nECore: 0
    nLogicalsPerECore: 0
  MemModuleInfo:
    iNumMemSticks: 2
    DIMM 1:
      manufacturer: Microsoft Corporation
      modulePartNo: None
      memType: Unknown
      size: 1
      clkspeed: 0
      moduleVoltage: 0
    DIMM 2:
      manufacturer: Microsoft Corporation
      modulePartNo: None
      memType: Unknown
      size: 31
      clkspeed: 0
      moduleVoltage: 0
Checksum: B28112B97EEB2EA859D56FC1696B907C0EEBD86C