BaselineInfo:
  WebDBID: -1
  TimeStamp: 20260522140453
Version:
  Major: 11
  Minor: 0
  Build: 1004
  SpecialBuildName: ""
  ptArchitecture: x86_64_linux
Results:
  Results Complete: true
  NumTestProcesses: 4
  CPU_INTEGER_MATH: 28446.670666666665
  CPU_FLOATINGPOINT_MATH: 28602.894742473636
  CPU_PRIME: 97.276234349822246
  CPU_SORTING: 16572.867981320684
  CPU_ENCRYPTION: 5921.6829391285219
  CPU_COMPRESSION: 115963.4051259432
  CPU_SINGLETHREAD: 3472.4400680196768
  CPU_PHYSICS: 1276.7843049626845
  CPU_MATRIX_MULT_SSE: 10380.300514278675
  CPU_mm: 1291.802614969376
  CPU_sse: 4094.2319067377289
  CPU_fma: 13978.200955980406
  CPU_avx: 7607.5016132123328
  CPU_avx512: 15841.267581184231
  m_CPU_enc_SHA: 8288278138.7916126
  m_CPU_enc_AES: 5126244321.1879292
  m_CPU_enc_ECDSA: 5213481368.7593451
  ME_ALLOC_S: 4598.4461194806681
  ME_READ_S: 32362.586132812499
  ME_READ_L: 26836.654296875
  ME_WRITE: 25873.974609375
  ME_LARGE: 2930
  ME_LATENCY: 115.11634791039317
  ME_THREADED: 75390.302734375
  SUMM_CPU: 12150.686042665402
  SUMM_ME: 1711.8484686701843
SystemInformation:
  OSName: Ubuntu 24.04.4 LTS
  Kernel: 6.8.0-111-generic
  Device: ""
  Processor: "AMD EPYC 9575F 64-Core Processor               "
  NumSockets: 1
  Manufacturer: AuthenticAMD
  NumCores: 4
  NumLogicals: 4
  CPUFrequency: 0
  CPUMaxFrequency: 0
  Memory: 15897
  CPUInfo:
    number: 1
    Family: 15
    Model: 2
    stepping: 1
    features: 395049983
    manufacture: AuthenticAMD
    typestring: "AMD EPYC 9575F 64-Core Processor               "
    iCoresPerPackage: 255
    iThreadsPerPackage: 1
    featuresEx:
      - 395049983
      - 4294586883
      - 802421759
    bHybrid: false
    nPCore: 0
    nLogicalsPerPCore: 0
    nECore: 0
    nLogicalsPerECore: 0
  MemModuleInfo:
    iNumMemSticks: 1
    DIMM 1:
      manufacturer: QEMU
      modulePartNo: Not Specified
      memType: RAM
      size: 16
      clkspeed: 0
      moduleVoltage: 0
Checksum: 3A6D52DEF60598A4EC80294049B8CA1A25841DD5