---
system-info:
      stress-ng-version: 0.17.08
      run-by: root
      date-yyyy-mm-dd: 2024:07:09
      time-hh-mm-ss: 15:24:12
      epoch-secs: 1720538652
      hostname: m3-ultramem-32-a736b7c
      sysname: Linux
      nodename: m3-ultramem-32-a736b7c
      release: 6.8.0-1009-gcp
      version: '#10-Ubuntu SMP Wed Jun 12 18:52:23 UTC 2024'
      machine: x86_64
      compiler: 'musl-gcc 13.2.1'
      uptime: 169
      totalram: 1031065272320
      freeram: 1025319010304
      sharedram: 58163200
      bufferram: 133238784
      totalswap: 0
      freeswap: 0
      pagesize: 4096
      cpus: 32
      cpus-online: 32
      ticks-per-second: 100

metrics:
    - stressor: cpu
      bogo-ops: 36911
      bogo-ops-per-second-usr-sys-time: 1845.585620
      bogo-ops-per-second-real-time: 1845.543818
      wall-clock-time: 20.000067
      user-time: 19.999614
      system-time: 0.000000
      cpu-usage-per-instance: 99.997735
      max-rss: 1032

...
