BaselineInfo:
  WebDBID: -1
  TimeStamp: 20241107122809
Version:
  Major: 11
  Minor: 0
  Build: 1002
  SpecialBuildName: ""
  ptArchitecture: aarch64_linux
Results:
  Results Complete: true
  NumTestProcesses: 8
  CPU_INTEGER_MATH: 50435.820333333329
  CPU_FLOATINGPOINT_MATH: 42282.498963641076
  CPU_PRIME: 109.92961699607727
  CPU_SORTING: 41139.465283665792
  CPU_ENCRYPTION: 1504.1446153776692
  CPU_COMPRESSION: 54882.992454539904
  CPU_SINGLETHREAD: 1879.7880841641095
  CPU_PHYSICS: 2608.3929776002669
  CPU_MATRIX_MULT_SSE: 7156.432461219385
  CPU_mm: 1149.7322886829861
  CPU_sse: 6034.5888433928667
  CPU_fma: 8278.2760790459033
  CPU_avx: 0
  CPU_avx512: 0
  m_CPU_enc_SHA: 2204891156.4144921
  m_CPU_enc_AES: 967967621.06323171
  m_CPU_enc_ECDSA: 1558771055.165041
  ME_ALLOC_S: 9906.6686519643154
  ME_READ_S: 25641.376562500001
  ME_READ_L: 18887.58203125
  ME_WRITE: 25746.828125
  ME_LARGE: 21942.166666666668
  ME_LATENCY: 53.323002704100958
  ME_THREADED: 144379.48046875
  SUMM_CPU: 7789.5199488355656
  SUMM_ME: 3116.6206143803834
SystemInformation:
  OSName: Ubuntu 24.04.1 LTS
  Kernel: 6.8.0-1017-azure
  Device: ""
  Processor: ARM Neoverse-N2 8 Core 0 MHz
  NumSockets: 1
  Manufacturer: ARM
  NumCores: 8
  NumLogicals: 8
  CPUFrequency: 0
  Memory: 32029
Checksum: C6AF9998EA8A120A5EFDD8C87A8B1C0BEC0E45CB