---
system-info:
      stress-ng-version: 0.17.08
      run-by: root
      date-yyyy-mm-dd: 2024:06:05
      time-hh-mm-ss: 23:15:31
      epoch-secs: 1717629331
      hostname: 7cd858e3c32c
      sysname: Linux
      nodename: 7cd858e3c32c
      release: 6.8.0-1008-aws
      version: '#8-Ubuntu SMP Sat Apr 20 00:46:25 UTC 2024'
      machine: x86_64
      compiler: 'musl-gcc 13.2.1'
      uptime: 134
      totalram: 99087368192
      freeram: 94715052032
      sharedram: 29327360
      bufferram: 79986688
      totalswap: 0
      freeswap: 0
      pagesize: 4096
      cpus: 36
      cpus-online: 36
      ticks-per-second: 100

metrics:
    - stressor: cpu
      bogo-ops: 15510
      bogo-ops-per-second-usr-sys-time: 1550.995192
      bogo-ops-per-second-real-time: 1550.998373
      wall-clock-time: 10.000010
      user-time: 9.999032
      system-time: 0.000999
      cpu-usage-per-instance: 100.000205
      max-rss: 3796

...
