---
system-info:
      stress-ng-version: 0.17.08
      run-by: root
      date-yyyy-mm-dd: 2024:06:12
      time-hh-mm-ss: 21:55:54
      epoch-secs: 1718229354
      hostname: 360fa66ecfa6
      sysname: Linux
      nodename: 360fa66ecfa6
      release: 6.8.0-1008-aws
      version: '#8-Ubuntu SMP Sat Apr 20 00:46:25 UTC 2024'
      machine: x86_64
      compiler: 'musl-gcc 13.2.1'
      uptime: 146
      totalram: 99087360000
      freeram: 94406938624
      sharedram: 29327360
      bufferram: 112709632
      totalswap: 0
      freeswap: 0
      pagesize: 4096
      cpus: 36
      cpus-online: 36
      ticks-per-second: 100

metrics:
    - stressor: cpu
      bogo-ops: 28547
      bogo-ops-per-second-usr-sys-time: 1427.345076
      bogo-ops-per-second-real-time: 1427.343806
      wall-clock-time: 20.000087
      user-time: 20.000069
      system-time: 0.000000
      cpu-usage-per-instance: 99.999911
      max-rss: 1204

...
