BaselineInfo:
  WebDBID: -1
  TimeStamp: 20260619214537
Version:
  Major: 11
  Minor: 0
  Build: 1004
  SpecialBuildName: ""
  ptArchitecture: x86_64_linux
Results:
  Results Complete: true
  NumTestProcesses: 4
  CPU_INTEGER_MATH: 25577.726333333336
  CPU_FLOATINGPOINT_MATH: 15738.619547296905
  CPU_PRIME: 68.618763797311686
  CPU_SORTING: 12670.137376213534
  CPU_ENCRYPTION: 5151.5266247192048
  CPU_COMPRESSION: 98681.460702410899
  CPU_SINGLETHREAD: 3728.0203282556563
  CPU_PHYSICS: 1271.4486516037653
  CPU_MATRIX_MULT_SSE: 7765.3233642768755
  CPU_mm: 746.55437971514675
  CPU_sse: 2792.8166702582271
  CPU_fma: 8450.2995113430243
  CPU_avx: 8249.2549934309318
  CPU_avx512: 11568.922282075318
  m_CPU_enc_SHA: 6497775844.2229176
  m_CPU_enc_AES: 5273020644.8381405
  m_CPU_enc_ECDSA: 4434505057.0636349
  ME_ALLOC_S: 2656.8750790770678
  ME_READ_S: 32731.482421875
  ME_READ_L: 28891.62109375
  ME_WRITE: 30432.41796875
  ME_LARGE: 120445
  ME_LATENCY: 80.52062120806886
  ME_THREADED: 47755.4443359375
  SUMM_CPU: 9726.664220204806
  SUMM_ME: 2585.031453845656
SystemInformation:
  OSName: Ubuntu 24.04.4 LTS
  Kernel: 6.17.0-1018-azure
  Device: ""
  Processor: "AMD EPYC 9V45 96-Core Processor                "
  NumSockets: 1
  Manufacturer: AuthenticAMD
  NumCores: 2
  NumLogicals: 4
  CPUFrequency: 0
  CPUMaxFrequency: 0
  Memory: 128813
  CPUInfo:
    number: 1
    Family: 15
    Model: 2
    stepping: 1
    features: 395049983
    manufacture: AuthenticAMD
    typestring: "AMD EPYC 9V45 96-Core Processor                "
    iCoresPerPackage: 8
    iThreadsPerPackage: 2
    featuresEx:
      - 395049983
      - 4277809667
      - 802421759
    bHybrid: false
    nPCore: 0
    nLogicalsPerPCore: 0
    nECore: 0
    nLogicalsPerECore: 0
  MemModuleInfo:
    iNumMemSticks: 3
    DIMM 1:
      manufacturer: Microsoft Corporation
      modulePartNo: None
      memType: Unknown
      size: 1
      clkspeed: 0
      moduleVoltage: 0
    DIMM 2:
      manufacturer: Microsoft Corporation
      modulePartNo: None
      memType: Unknown
      size: 59
      clkspeed: 0
      moduleVoltage: 0
    DIMM 3:
      manufacturer: Microsoft Corporation
      modulePartNo: None
      memType: Unknown
      size: 68
      clkspeed: 0
      moduleVoltage: 0
Checksum: 02CD11C22B86E415709562B8203A5191721ACCA7