BaselineInfo:
  WebDBID: -1
  TimeStamp: 20241111122908
Version:
  Major: 11
  Minor: 0
  Build: 1002
  SpecialBuildName: ""
  ptArchitecture: x86_64_linux
Results:
  Results Complete: true
  NumTestProcesses: 48
  CPU_INTEGER_MATH: 201758.21499999994
  CPU_FLOATINGPOINT_MATH: 103320.56771654662
  CPU_PRIME: 231.75874014624378
  CPU_SORTING: 95532.241339875254
  CPU_ENCRYPTION: 41963.432761489741
  CPU_COMPRESSION: 703093.99568698334
  CPU_SINGLETHREAD: 2351.977360536544
  CPU_PHYSICS: 3567.5276855772718
  CPU_MATRIX_MULT_SSE: 39370.328983559848
  CPU_mm: 4012.3824552629212
  CPU_sse: 17072.949293366761
  CPU_fma: 45698.965612802167
  CPU_avx: 35146.276459458823
  CPU_avx512: 59563.124568611609
  m_CPU_enc_SHA: 42809304614.250443
  m_CPU_enc_AES: 63279724500.926483
  m_CPU_enc_ECDSA: 25916516298.758675
  ME_ALLOC_S: 20995.064633660972
  ME_READ_S: 24447.582617187501
  ME_READ_L: 11209.65625
  ME_WRITE: 10581.9384765625
  ME_LARGE: 84995.916666666672
  ME_LATENCY: 53.023267358091665
  ME_THREADED: 152737.95581054688
  SUMM_CPU: 47311.755642450713
  SUMM_ME: 2721.188750360725
SystemInformation:
  OSName: Ubuntu 24.04.1 LTS
  Kernel: 6.8.0-1017-azure
  Device: ""
  Processor: Intel Xeon Platinum 8370C CPU @ 2.80GHz
  NumSockets: 1
  Manufacturer: GenuineIntel
  NumCores: 24
  NumLogicals: 48
  CPUFrequency: 2800
  Memory: 96539
  MemModuleInfo:
    iNumMemSticks: 3
    DIMM 1:
      manufacturer: Microsoft Corporation
      modulePartNo: None
      memType: Unknown
      size: 1
      clkspeed: 0
      moduleVoltage: 0
    DIMM 2:
      manufacturer: Microsoft Corporation
      modulePartNo: None
      memType: Unknown
      size: 59
      clkspeed: 0
      moduleVoltage: 0
    DIMM 3:
      manufacturer: Microsoft Corporation
      modulePartNo: None
      memType: Unknown
      size: 36
      clkspeed: 0
      moduleVoltage: 0
Checksum: 66F4FA22A0E25A7B46C1C281304CE5C8F2ABA2E8