BaselineInfo:
  WebDBID: -1
  TimeStamp: 20241109225600
Version:
  Major: 11
  Minor: 0
  Build: 1002
  SpecialBuildName: ""
  ptArchitecture: aarch64_linux
Results:
  Results Complete: true
  NumTestProcesses: 64
  CPU_INTEGER_MATH: 252654.44666666663
  CPU_FLOATINGPOINT_MATH: 191586.70477227872
  CPU_PRIME: 248.82571282348212
  CPU_SORTING: 175377.55333831441
  CPU_ENCRYPTION: 8753.5508923785292
  CPU_COMPRESSION: 304954.32913654728
  CPU_SINGLETHREAD: 1110.650850118438
  CPU_PHYSICS: 4056.3796734474618
  CPU_MATRIX_MULT_SSE: 39752.189504715243
  CPU_mm: 6678.1741863931638
  CPU_sse: 33146.311998940699
  CPU_fma: 46358.067010489787
  CPU_avx: 0
  CPU_avx512: 0
  m_CPU_enc_SHA: 13140537252.313343
  m_CPU_enc_AES: 6060154533.3861256
  m_CPU_enc_ECDSA: 8335598355.8806601
  ME_ALLOC_S: 20447.26860701431
  ME_READ_S: 9486.8928710937507
  ME_READ_L: 9187.8349609375
  ME_WRITE: 12585.451171875
  ME_LARGE: 496739
  ME_LATENCY: 70.369541262320595
  ME_THREADED: 169034.5927734375
  SUMM_CPU: 28103.335848340164
  SUMM_ME: 1845.0655673580382
SystemInformation:
  OSName: Ubuntu 24.04.1 LTS
  Kernel: 6.8.0-1016-aws
  Device: ""
  Processor: ARM Neoverse-N1 64 Core 0 MHz
  NumSockets: 1
  Manufacturer: ARM
  NumCores: 64
  NumLogicals: 64
  CPUFrequency: 0
  Memory: 509686
Checksum: 135684FDB3E12556D99865822274DAE1F9838E0B