BaselineInfo:
  WebDBID: -1
  TimeStamp: 20260617154735
Version:
  Major: 11
  Minor: 0
  Build: 1004
  SpecialBuildName: ""
  ptArchitecture: x86_64_linux
Results:
  Results Complete: true
  NumTestProcesses: 8
  CPU_INTEGER_MATH: 23218.68033333333
  CPU_FLOATINGPOINT_MATH: 12491.089513552388
  CPU_PRIME: 51.364143172676059
  CPU_SORTING: 14507.218226377008
  CPU_ENCRYPTION: 3220.9297597226223
  CPU_COMPRESSION: 109523.79605325512
  CPU_SINGLETHREAD: 1951.3134900388579
  CPU_PHYSICS: 900.525221470357
  CPU_MATRIX_MULT_SSE: 6419.7349817458189
  CPU_mm: 707.93187013448778
  CPU_sse: 2528.9304236721841
  CPU_fma: 7830.7901770784911
  CPU_avx: 5532.1868461821923
  CPU_avx512: 9787.0324800504077
  m_CPU_enc_SHA: 1050936636.871474
  m_CPU_enc_AES: 8123051914.2510328
  m_CPU_enc_ECDSA: 958180380.07021809
  ME_ALLOC_S: 2777.4172821298157
  ME_READ_S: 22671.280859375001
  ME_READ_L: 9783.09375
  ME_WRITE: 9574.830078125
  ME_LARGE: 22807.833333333332
  ME_LATENCY: 55.856937213531999
  ME_THREADED: 45561.552734375
  SUMM_CPU: 8191.3652896850481
  SUMM_ME: 2256.2076049665611
SystemInformation:
  OSName: Ubuntu 24.04.4 LTS
  Kernel: 6.8.0-117-generic
  Device: ""
  Processor: Intel(R) Xeon(R) Platinum 8269CY CPU @ 2.50GHz
  NumSockets: 1
  Manufacturer: GenuineIntel
  NumCores: 4
  NumLogicals: 8
  CPUFrequency: 0
  CPUMaxFrequency: 0
  Memory: 31173
  CPUInfo:
    number: 1
    Family: 6
    Model: 5
    stepping: 7
    features: 529267711
    manufacture: GenuineIntel
    typestring: Intel(R) Xeon(R) Platinum 8269CY CPU @ 2.50GHz
    iCoresPerPackage: 4
    iThreadsPerPackage: 2
    featuresEx:
      - 529267711
      - 4277809667
      - 739248128
    bHybrid: false
    nPCore: 0
    nLogicalsPerPCore: 0
    nECore: 0
    nLogicalsPerECore: 0
  MemModuleInfo:
    iNumMemSticks: 2
    DIMM 1:
      manufacturer: Alibaba Cloud
      modulePartNo: Not Specified
      memType: RAM
      size: 16
      clkspeed: 0
      moduleVoltage: 0
    DIMM 2:
      manufacturer: Alibaba Cloud
      modulePartNo: Not Specified
      memType: RAM
      size: 16
      clkspeed: 0
      moduleVoltage: 0
Checksum: C9E88B4FD8DBE28A181DF2AAF2F4B64184E18A5B