---
system-info:
      stress-ng-version: 0.17.08
      run-by: root
      date-yyyy-mm-dd: 2024:06:06
      time-hh-mm-ss: 14:55:32
      epoch-secs: 1717685732
      hostname: a947fc5f8fec
      sysname: Linux
      nodename: a947fc5f8fec
      release: 6.8.0-1008-aws
      version: '#8-Ubuntu SMP Sat Apr 20 02:43:14 UTC 2024'
      machine: aarch64
      compiler: 'musl-gcc 13.2.1'
      uptime: 133
      totalram: 33021657088
      freeram: 28777914368
      sharedram: 34951168
      bufferram: 83865600
      totalswap: 0
      freeswap: 0
      pagesize: 4096
      cpus: 16
      cpus-online: 16
      ticks-per-second: 100

metrics:
    - stressor: cpu
      bogo-ops: 4267
      bogo-ops-per-second-usr-sys-time: 424.755385
      bogo-ops-per-second-real-time: 424.757216
      wall-clock-time: 10.045739
      user-time: 10.044783
      system-time: 0.000999
      cpu-usage-per-instance: 100.000431
      max-rss: 4136

...
