---
system-info:
      stress-ng-version: 0.17.08
      run-by: root
      date-yyyy-mm-dd: 2024:06:14
      time-hh-mm-ss: 08:25:04
      epoch-secs: 1718353504
      hostname: 38c7c715aacc
      sysname: Linux
      nodename: 38c7c715aacc
      release: 6.8.0-1008-aws
      version: '#8-Ubuntu SMP Sat Apr 20 02:43:14 UTC 2024'
      machine: aarch64
      compiler: 'musl-gcc 13.2.1'
      uptime: 145
      totalram: 33021652992
      freeram: 28640120832
      sharedram: 34951168
      bufferram: 107622400
      totalswap: 0
      freeswap: 0
      pagesize: 4096
      cpus: 16
      cpus-online: 16
      ticks-per-second: 100

metrics:
    - stressor: cpu
      bogo-ops: 30643
      bogo-ops-per-second-usr-sys-time: 1532.135521
      bogo-ops-per-second-real-time: 1532.143443
      wall-clock-time: 20.000086
      user-time: 19.999189
      system-time: 0.001000
      cpu-usage-per-instance: 100.000517
      max-rss: 1192

...
