BaselineInfo:
  WebDBID: -1
  TimeStamp: 20260207004429
Version:
  Major: 11
  Minor: 0
  Build: 1004
  SpecialBuildName: ""
  ptArchitecture: x86_64_linux
Results:
  Results Complete: true
  NumTestProcesses: 192
  CPU_INTEGER_MATH: 989443.97733333276
  CPU_FLOATINGPOINT_MATH: 716485.7086784268
  CPU_PRIME: 1580.9099420013313
  CPU_SORTING: 445489.72438028309
  CPU_ENCRYPTION: 206341.66418234809
  CPU_COMPRESSION: 3507421.8163396199
  CPU_SINGLETHREAD: 3269.0924369023105
  CPU_PHYSICS: 26502.676492627244
  CPU_MATRIX_MULT_SSE: 238392.93925513735
  CPU_mm: 26949.500972547045
  CPU_sse: 110042.39307558726
  CPU_fma: 277780.74845655682
  CPU_avx: 222708.57183866345
  CPU_avx512: 343040.04364974273
  m_CPU_enc_SHA: 225917019959.7789
  m_CPU_enc_AES: 282186856063.76105
  m_CPU_enc_ECDSA: 140990874561.4693
  ME_ALLOC_S: 34297.505167916657
  ME_READ_S: 28736.576757812501
  ME_READ_L: 14867.3037109375
  ME_WRITE: 11718.8193359375
  ME_LARGE: 1506084.3333333333
  ME_LATENCY: 67.110019382143633
  ME_THREADED: 734815.48828125
  SUMM_CPU: 143575.79743370813
  SUMM_ME: 2744.3328713984488
SystemInformation:
  OSName: Ubuntu 24.04.3 LTS
  Kernel: 6.14.0-1018-aws
  Device: ""
  Processor: Intel(R) Xeon(R) 6975P-C
  NumSockets: 1
  Manufacturer: GenuineIntel
  NumCores: 96
  NumLogicals: 192
  CPUFrequency: 0
  CPUMaxFrequency: 0
  Memory: 1523718
  CPUInfo:
    number: 1
    Family: 6
    Model: 13
    stepping: 1
    features: 529267711
    manufacture: GenuineIntel
    typestring: Intel(R) Xeon(R) 6975P-C
    iCoresPerPackage: 96
    iThreadsPerPackage: 2
    featuresEx:
      - 529267711
      - 4294619651
      - 739248128
    bHybrid: false
    nPCore: 0
    nLogicalsPerPCore: 0
    nECore: 0
    nLogicalsPerECore: 0
  MemModuleInfo:
    iNumMemSticks: 3
    DIMM 1:
      manufacturer: Not Specified
      modulePartNo: Not Specified
      memType: DDR5
      size: 512
      clkspeed: 3600
      moduleVoltage: 0
    DIMM 2:
      manufacturer: Not Specified
      modulePartNo: Not Specified
      memType: DDR5
      size: 512
      clkspeed: 3600
      moduleVoltage: 0
    DIMM 3:
      manufacturer: Not Specified
      modulePartNo: Not Specified
      memType: DDR5
      size: 512
      clkspeed: 3600
      moduleVoltage: 0
Checksum: 523D819F7B79CBB99AFC787464297B744062B429