---
system-info:
      stress-ng-version: 0.17.08
      run-by: root
      date-yyyy-mm-dd: 2024:07:02
      time-hh-mm-ss: 15:14:30
      epoch-secs: 1719933270
      hostname: n2-standard-32-b0aca88
      sysname: Linux
      nodename: n2-standard-32-b0aca88
      release: 6.8.0-1009-gcp
      version: '#10-Ubuntu SMP Wed Jun 12 18:52:23 UTC 2024'
      machine: x86_64
      compiler: 'musl-gcc 13.2.1'
      uptime: 156
      totalram: 135162322944
      freeram: 129365491712
      sharedram: 70860800
      bufferram: 127279104
      totalswap: 0
      freeswap: 0
      pagesize: 4096
      cpus: 32
      cpus-online: 32
      ticks-per-second: 100

metrics:
    - stressor: cpu
      bogo-ops: 593530
      bogo-ops-per-second-usr-sys-time: 928.355154
      bogo-ops-per-second-real-time: 29676.369039
      wall-clock-time: 20.000088
      user-time: 639.305077
      system-time: 0.029985
      cpu-usage-per-instance: 99.895663
      max-rss: 1032

...
