BaselineInfo:
  WebDBID: -1
  TimeStamp: 20260404162232
Version:
  Major: 11
  Minor: 0
  Build: 1004
  SpecialBuildName: ""
  ptArchitecture: x86_64_linux
Results:
  Results Complete: true
  NumTestProcesses: 8
  CPU_INTEGER_MATH: 19642.268333333333
  CPU_FLOATINGPOINT_MATH: 10548.894117448132
  CPU_PRIME: 39.605396818881275
  CPU_SORTING: 12229.240322036285
  CPU_ENCRYPTION: 2721.1881044576849
  CPU_COMPRESSION: 91730.956944309481
  CPU_SINGLETHREAD: 1648.4032546406145
  CPU_PHYSICS: 749.4658062769372
  CPU_MATRIX_MULT_SSE: 6068.4527558979034
  CPU_mm: 597.5223154475641
  CPU_sse: 2135.6796425588827
  CPU_fma: 7300.9078501608055
  CPU_avx: 5158.860056402782
  CPU_avx512: 9678.3634744691426
  m_CPU_enc_SHA: 887564786.22699809
  m_CPU_enc_AES: 6868996478.456686
  m_CPU_enc_ECDSA: 803556348.7757802
  ME_ALLOC_S: 2218.0997771898087
  ME_READ_S: 19397.057031249999
  ME_READ_L: 7045.1416015625
  ME_WRITE: 7264.12841796875
  ME_LARGE: 50908.75
  ME_LATENCY: 75.237080680460295
  ME_THREADED: 38891.09521484375
  SUMM_CPU: 6967.2495766857037
  SUMM_ME: 1768.091565787817
SystemInformation:
  OSName: Ubuntu 24.04.4 LTS
  Kernel: 6.8.0-106-generic
  Device: ""
  Processor: Intel(R) Xeon(R) Platinum 8269CY CPU @ 2.50GHz
  NumSockets: 1
  Manufacturer: GenuineIntel
  NumCores: 4
  NumLogicals: 8
  CPUFrequency: 0
  CPUMaxFrequency: 0
  Memory: 63790
  CPUInfo:
    number: 1
    Family: 6
    Model: 5
    stepping: 7
    features: 529267711
    manufacture: GenuineIntel
    typestring: Intel(R) Xeon(R) Platinum 8269CY CPU @ 2.50GHz
    iCoresPerPackage: 4
    iThreadsPerPackage: 2
    featuresEx:
      - 529267711
      - 4277809667
      - 739248128
    bHybrid: false
    nPCore: 0
    nLogicalsPerPCore: 0
    nECore: 0
    nLogicalsPerECore: 0
  MemModuleInfo:
    iNumMemSticks: 4
    DIMM 1:
      manufacturer: Alibaba Cloud
      modulePartNo: Not Specified
      memType: RAM
      size: 16
      clkspeed: 0
      moduleVoltage: 0
    DIMM 2:
      manufacturer: Alibaba Cloud
      modulePartNo: Not Specified
      memType: RAM
      size: 16
      clkspeed: 0
      moduleVoltage: 0
    DIMM 3:
      manufacturer: Alibaba Cloud
      modulePartNo: Not Specified
      memType: RAM
      size: 16
      clkspeed: 0
      moduleVoltage: 0
    DIMM 4:
      manufacturer: Alibaba Cloud
      modulePartNo: Not Specified
      memType: RAM
      size: 16
      clkspeed: 0
      moduleVoltage: 0
Checksum: E8DD86FE5EFD450D4FE13FDE85580F7813DE2078