---
system-info:
      stress-ng-version: 0.17.08
      run-by: root
      date-yyyy-mm-dd: 2024:06:08
      time-hh-mm-ss: 19:42:31
      epoch-secs: 1717875751
      hostname: 0ac7f4112e2f
      sysname: Linux
      nodename: 0ac7f4112e2f
      release: 6.8.0-1008-aws
      version: '#8-Ubuntu SMP Sat Apr 20 00:46:25 UTC 2024'
      machine: x86_64
      compiler: 'musl-gcc 13.2.1'
      uptime: 124
      totalram: 65976553472
      freeram: 61474271232
      sharedram: 37031936
      bufferram: 105406464
      totalswap: 0
      freeswap: 0
      pagesize: 4096
      cpus: 16
      cpus-online: 16
      ticks-per-second: 100

metrics:
    - stressor: cpu
      bogo-ops: 17769
      bogo-ops-per-second-usr-sys-time: 1776.505438
      bogo-ops-per-second-real-time: 1776.456342
      wall-clock-time: 10.002497
      user-time: 10.001221
      system-time: 0.001000
      cpu-usage-per-instance: 99.997236
      max-rss: 3920

...
