---
system-info:
      stress-ng-version: 0.17.08
      run-by: root
      date-yyyy-mm-dd: 2024:06:15
      time-hh-mm-ss: 04:25:57
      epoch-secs: 1718425557
      hostname: cc515c80f937
      sysname: Linux
      nodename: cc515c80f937
      release: 6.8.0-1008-aws
      version: '#8-Ubuntu SMP Sat Apr 20 00:46:25 UTC 2024'
      machine: x86_64
      compiler: 'musl-gcc 13.2.1'
      uptime: 133
      totalram: 65976557568
      freeram: 61524262912
      sharedram: 37031936
      bufferram: 110280704
      totalswap: 0
      freeswap: 0
      pagesize: 4096
      cpus: 16
      cpus-online: 16
      ticks-per-second: 100

metrics:
    - stressor: cpu
      bogo-ops: 61429
      bogo-ops-per-second-usr-sys-time: 3071.502216
      bogo-ops-per-second-real-time: 3071.436233
      wall-clock-time: 20.000090
      user-time: 19.998661
      system-time: 0.000999
      cpu-usage-per-instance: 99.997852
      max-rss: 1104

...
