---
system-info:
      stress-ng-version: 0.17.08
      run-by: root
      date-yyyy-mm-dd: 2024:06:15
      time-hh-mm-ss: 22:18:33
      epoch-secs: 1718489913
      hostname: 35c31a58f79b
      sysname: Linux
      nodename: 35c31a58f79b
      release: 6.8.0-1008-aws
      version: '#8-Ubuntu SMP Sat Apr 20 00:46:25 UTC 2024'
      machine: x86_64
      compiler: 'musl-gcc 13.2.1'
      uptime: 115
      totalram: 132919713792
      freeram: 128389013504
      sharedram: 59977728
      bufferram: 108703744
      totalswap: 0
      freeswap: 0
      pagesize: 4096
      cpus: 16
      cpus-online: 16
      ticks-per-second: 100

metrics:
    - stressor: cpu
      bogo-ops: 308781
      bogo-ops-per-second-usr-sys-time: 966.127464
      bogo-ops-per-second-real-time: 15438.984399
      wall-clock-time: 20.000085
      user-time: 319.570906
      system-time: 0.035990
      cpu-usage-per-instance: 99.876731
      max-rss: 976

...
