---
system-info:
      stress-ng-version: 0.17.08
      run-by: root
      date-yyyy-mm-dd: 2024:06:09
      time-hh-mm-ss: 19:29:46
      epoch-secs: 1717961386
      hostname: 9936ece5dbe3
      sysname: Linux
      nodename: 9936ece5dbe3
      release: 6.8.0-1008-aws
      version: '#8-Ubuntu SMP Sat Apr 20 00:46:25 UTC 2024'
      machine: x86_64
      compiler: 'musl-gcc 13.2.1'
      uptime: 111
      totalram: 132919713792
      freeram: 128276647936
      sharedram: 59985920
      bufferram: 111255552
      totalswap: 0
      freeswap: 0
      pagesize: 4096
      cpus: 16
      cpus-online: 16
      ticks-per-second: 100

metrics:
    - stressor: cpu
      bogo-ops: 190030
      bogo-ops-per-second-usr-sys-time: 1189.244972
      bogo-ops-per-second-real-time: 19000.298463
      wall-clock-time: 10.001422
      user-time: 159.761473
      system-time: 0.028986
      cpu-usage-per-instance: 99.854839
      max-rss: 3920

...
