"size","threads","connections","rps","latency","failed","server_usr","server_sys","client_usr","client_sys"
"1k",8,8,711631,0.000011030,0,15.41,25.15,8.56,31.54
"1k",8,16,657968,0.000023030,0,13.45,24.17,6.88,28.60
"1k",8,32,740928,0.000042510,0,14.32,25.40,7.02,29.34
"1k",8,64,801110,0.000091460,0,15.02,25.84,7.05,30.40
"1k",8,128,840475,0.000265650,0,15.23,26.04,7.24,30.61
"1k",8,256,867938,0.000385010,0,15.56,26.01,7.08,30.51
"1k",16,16,651854,0.000025000,0,12.62,25.92,7.85,31.99
"1k",16,32,601132,0.000064390,0,10.96,23.52,6.63,29.20
"1k",16,64,631709,0.000204330,0,11.03,23.66,6.58,29.27
"1k",16,128,730943,0.000492750,0,12.36,25.45,7.20,31.98
"1k",16,256,767234,0.000587860,0,13.10,26.15,7.61,33.43
"1k",32,32,669365,0.000056900,0,11.88,26.22,8.21,33.36
"1k",32,64,663987,0.000184560,0,11.01,26.83,7.97,34.52
"1k",32,128,684654,0.000378420,0,11.11,26.94,7.84,34.70
"1k",32,256,692404,0.000534130,0,11.19,26.73,8.00,34.76
"16k",8,8,493303,0.000016580,0,12.67,25.12,6.65,31.62
"16k",8,16,541829,0.000028100,0,12.51,23.81,6.83,29.74
"16k",8,32,582080,0.000052810,0,13.36,24.71,6.90,30.79
"16k",8,64,623404,0.000117870,0,14.03,25.36,7.04,31.84
"16k",8,128,640920,0.000421000,0,14.01,25.73,7.13,32.01
"16k",8,256,636776,0.000582640,0,14.51,25.70,6.89,32.05
"16k",16,16,550163,0.000030880,0,12.15,25.45,7.96,33.80
"16k",16,32,551405,0.000060350,0,11.53,26.29,7.46,34.76
"16k",16,64,571882,0.000149310,0,11.85,26.31,7.60,34.60
"16k",16,128,575952,0.000489650,0,12.08,26.21,7.50,34.41
"16k",16,256,583754,0.000736720,0,12.47,26.37,7.11,34.46
"16k",32,32,555458,0.000062290,0,11.54,25.48,8.14,34.63
"16k",32,64,537435,0.000189620,0,10.68,26.07,7.89,35.08
"16k",32,128,535042,0.000384160,0,10.60,26.10,7.93,35.85
"16k",32,256,549459,0.000664720,0,11.31,26.35,7.61,35.39
"64k",8,8,284625,0.000028040,0,10.80,25.81,5.83,32.21
"64k",8,16,301844,0.000048100,0,11.24,24.97,5.74,32.62
"64k",8,32,312158,0.000095470,0,11.53,25.66,5.92,33.68
"64k",8,64,330647,0.000184100,0,11.80,26.36,5.85,34.78
"64k",8,128,333418,0.000406470,0,12.17,26.65,5.60,34.93
"64k",8,256,299154,0.000839970,0,13.55,26.53,5.12,34.19
"64k",16,16,301294,0.000053600,0,11.33,26.60,6.47,35.60
"64k",16,32,307209,0.000103760,0,10.41,26.71,6.63,36.52
"64k",16,64,314479,0.000237230,0,10.45,26.85,6.61,36.56
"64k",16,128,315549,0.000540900,0,10.61,27.11,6.42,36.52
"64k",16,256,298266,0.001040000,0,11.51,27.19,5.83,35.71
"64k",32,32,299418,0.000112790,0,10.13,26.30,7.03,36.63
"64k",32,64,300285,0.000279930,0,9.63,26.85,6.93,37.16
"64k",32,128,296507,0.000579660,0,9.40,27.07,6.85,37.38
"64k",32,256,285950,0.001040000,0,10.50,27.16,6.56,36.42
"256k",8,8,110418,0.000072400,0,12.04,27.39,5.03,31.98
"256k",8,16,114852,0.000125850,0,11.21,26.65,5.28,32.88
"256k",8,32,118088,0.000250610,0,11.27,28.68,5.02,32.86
"256k",8,64,107927,0.000557780,0,12.48,29.35,4.59,32.53
"256k",8,128,86234,0.001410000,0,15.29,29.47,3.81,31.06
"256k",16,16,116300,0.000138980,0,11.31,27.95,5.77,35.39
"256k",16,32,115857,0.000285260,0,10.31,29.14,5.71,35.37
"256k",16,64,111567,0.000731090,0,11.05,29.83,5.18,34.33
"256k",16,128,95396,0.001470000,0,12.42,29.73,4.72,33.20
"256k",32,32,114163,0.000381560,0,10.16,28.66,6.05,35.67
"256k",32,64,108328,0.000705560,0,10.37,29.55,5.61,35.04
"256k",32,128,94756,0.001430000,0,12.08,30.17,5.15,33.29
"512k",8,8,53919,0.005450000,0,10.27,20.73,4.23,34.52
"512k",8,16,62453,0.000227330,0,11.48,24.51,4.94,38.82
"512k",8,32,57364,0.000586060,0,11.90,29.29,4.27,32.91
"512k",8,64,46023,0.001330000,0,14.84,30.06,3.81,31.27
"512k",8,128,35128,0.003420000,0,19.22,31.08,3.12,26.91
"512k",16,16,61936,0.006350000,0,10.42,24.19,5.16,40.48
"512k",16,32,58255,0.000574260,0,11.04,29.43,5.09,34.87
"512k",16,64,50513,0.001350000,0,12.79,30.48,4.41,32.29
"512k",16,128,36842,0.003440000,0,18.92,30.58,3.50,27.18
"512k",32,32,57494,0.000583560,0,10.25,29.82,5.36,35.01
"512k",32,64,50568,0.001340000,0,12.05,31.06,4.64,32.41
"512k",32,128,38146,0.003380000,0,18.33,30.69,3.74,27.56
