---
system-info:
      stress-ng-version: 0.17.08
      run-by: root
      date-yyyy-mm-dd: 2024:06:08
      time-hh-mm-ss: 05:55:44
      epoch-secs: 1717826144
      hostname: e1155c39f526
      sysname: Linux
      nodename: e1155c39f526
      release: 6.8.0-1008-aws
      version: '#8-Ubuntu SMP Sat Apr 20 02:43:14 UTC 2024'
      machine: aarch64
      compiler: 'musl-gcc 13.2.1'
      uptime: 127
      totalram: 66596827136
      freeram: 62233358336
      sharedram: 34992128
      bufferram: 96563200
      totalswap: 0
      freeswap: 0
      pagesize: 4096
      cpus: 8
      cpus-online: 8
      ticks-per-second: 100

metrics:
    - stressor: cpu
      bogo-ops: 2913
      bogo-ops-per-second-usr-sys-time: 291.289688
      bogo-ops-per-second-real-time: 291.290416
      wall-clock-time: 10.000329
      user-time: 9.999354
      system-time: 0.001000
      cpu-usage-per-instance: 100.000250
      max-rss: 4136

...
