---
system-info:
      stress-ng-version: 0.17.08
      run-by: root
      date-yyyy-mm-dd: 2024:06:13
      time-hh-mm-ss: 19:18:23
      epoch-secs: 1718306303
      hostname: 7023255ce921
      sysname: Linux
      nodename: 7023255ce921
      release: 6.8.0-1008-aws
      version: '#8-Ubuntu SMP Sat Apr 20 02:43:14 UTC 2024'
      machine: aarch64
      compiler: 'musl-gcc 13.2.1'
      uptime: 189
      totalram: 66596831232
      freeram: 62243794944
      sharedram: 34983936
      bufferram: 106151936
      totalswap: 0
      freeswap: 0
      pagesize: 4096
      cpus: 8
      cpus-online: 8
      ticks-per-second: 100

metrics:
    - stressor: cpu
      bogo-ops: 30379
      bogo-ops-per-second-usr-sys-time: 1518.914609
      bogo-ops-per-second-real-time: 1518.942250
      wall-clock-time: 20.000102
      user-time: 20.000466
      system-time: 0.000000
      cpu-usage-per-instance: 100.001820
      max-rss: 1192

...
