BaselineInfo:
  WebDBID: -1
  TimeStamp: 20241107072439
Version:
  Major: 11
  Minor: 0
  Build: 1002
  SpecialBuildName: ""
  ptArchitecture: aarch64_linux
Results:
  Results Complete: true
  NumTestProcesses: 4
  CPU_INTEGER_MATH: 18861.954666666665
  CPU_FLOATINGPOINT_MATH: 14359.337533388585
  CPU_PRIME: 37.216777530507542
  CPU_SORTING: 13729.907286776832
  CPU_ENCRYPTION: 647.61089117603615
  CPU_COMPRESSION: 21965.74515361165
  CPU_SINGLETHREAD: 1332.482979875205
  CPU_PHYSICS: 710.16423585008522
  CPU_MATRIX_MULT_SSE: 2970.3357172633669
  CPU_mm: 499.14445987028625
  CPU_sse: 2475.7850906753356
  CPU_fma: 3464.8863438513981
  CPU_avx: 0
  CPU_avx512: 0
  m_CPU_enc_SHA: 962807709.94117892
  m_CPU_enc_AES: 450448041.00692236
  m_CPU_enc_ECDSA: 623951962.52930832
  ME_ALLOC_S: 2889.7743995636829
  ME_READ_S: 11379.456738281249
  ME_READ_L: 8932.759765625
  ME_WRITE: 14954.3779296875
  ME_LARGE: 6029.916666666667
  ME_LATENCY: 70.072796918509638
  ME_THREADED: 34473.25
  SUMM_CPU: 3208.8531272118594
  SUMM_ME: 1663.7018611605324
SystemInformation:
  OSName: Ubuntu 24.04.1 LTS
  Kernel: 6.8.0-1017-azure
  Device: ""
  Processor: ARM Neoverse-N1 4 Core 0 MHz
  NumSockets: 1
  Manufacturer: ARM
  NumCores: 4
  NumLogicals: 4
  CPUFrequency: 0
  Memory: 15958
Checksum: 006767039E6A35A7BB7898D2D1673668DEB88B8A