---
system-info:
      stress-ng-version: 0.17.08
      run-by: root
      date-yyyy-mm-dd: 2024:09:03
      time-hh-mm-ss: 04:46:10
      epoch-secs: 1725338770
      hostname: sc-runner
      sysname: Linux
      nodename: sc-runner
      release: 6.8.0-1013-azure
      version: '#15-Ubuntu SMP Thu Aug  8 18:40:40 UTC 2024'
      machine: x86_64
      compiler: 'musl-gcc 13.2.1'
      uptime: 391
      totalram: 33652326400
      freeram: 25132576768
      sharedram: 42029056
      bufferram: 209457152
      totalswap: 0
      freeswap: 0
      pagesize: 4096
      cpus: 4
      cpus-online: 4
      ticks-per-second: 100

metrics:
    - stressor: cpu
      bogo-ops: 28124
      bogo-ops-per-second-usr-sys-time: 1406.247883
      bogo-ops-per-second-real-time: 1406.194099
      wall-clock-time: 20.000084
      user-time: 19.997320
      system-time: 0.001999
      cpu-usage-per-instance: 99.996175
      max-rss: 3024

...
