BaselineInfo:
  WebDBID: -1
  TimeStamp: 20241107110900
Version:
  Major: 11
  Minor: 0
  Build: 1002
  SpecialBuildName: ""
  ptArchitecture: x86_64_linux
Results:
  Results Complete: true
  NumTestProcesses: 4
  CPU_INTEGER_MATH: 17853.068333333333
  CPU_FLOATINGPOINT_MATH: 9879.5234200592022
  CPU_PRIME: 41.016441047764296
  CPU_SORTING: 9977.6019435364287
  CPU_ENCRYPTION: 4648.7570976108864
  CPU_COMPRESSION: 69901.567803848491
  CPU_SINGLETHREAD: 2573.9298271576959
  CPU_PHYSICS: 854.06385376383093
  CPU_MATRIX_MULT_SSE: 3887.5761696385744
  CPU_mm: 484.11701201440673
  CPU_sse: 2052.4456416531634
  CPU_fma: 5577.8355885808214
  CPU_avx: 4032.4472786817373
  CPU_avx512: 0
  m_CPU_enc_SHA: 6746106613.2230864
  m_CPU_enc_AES: 4310323397.1520414
  m_CPU_enc_ECDSA: 3567295356.7781692
  ME_ALLOC_S: 1878.5744314383899
  ME_READ_S: 26131.9130859375
  ME_READ_L: 17142.88671875
  ME_WRITE: 17874.216796875
  ME_LARGE: 22198
  ME_LATENCY: 60.212676408055188
  ME_THREADED: 43880.34765625
  SUMM_CPU: 6673.4649699034644
  SUMM_ME: 2528.9260407322977
SystemInformation:
  OSName: Ubuntu 24.04.1 LTS
  Kernel: 6.8.0-1015-gcp
  Device: ""
  Processor: AMD EPYC 7B13
  NumSockets: 1
  Manufacturer: AuthenticAMD
  NumCores: 2
  NumLogicals: 4
  CPUFrequency: 0
  Memory: 32094
  MemModuleInfo:
    iNumMemSticks: 2
    DIMM 1:
      manufacturer: ""
      modulePartNo: ""
      memType: RAM
      size: 16
      clkspeed: 0
      moduleVoltage: 0
    DIMM 2:
      manufacturer: ""
      modulePartNo: ""
      memType: RAM
      size: 16
      clkspeed: 0
      moduleVoltage: 0
Checksum: F208043A82C476FAFCC6D2C767724404AFC2043B