BaselineInfo:
  WebDBID: -1
  TimeStamp: 20260612210553
Version:
  Major: 11
  Minor: 0
  Build: 1004
  SpecialBuildName: ""
  ptArchitecture: x86_64_linux
Results:
  Results Complete: true
  NumTestProcesses: 16
  CPU_INTEGER_MATH: 127079.70499999999
  CPU_FLOATINGPOINT_MATH: 76024.048442407249
  CPU_PRIME: 173.31162350425373
  CPU_SORTING: 50797.276001704646
  CPU_ENCRYPTION: 24533.563093703477
  CPU_COMPRESSION: 430838.07558489317
  CPU_SINGLETHREAD: 4620.7776935310867
  CPU_PHYSICS: 3107.6087290369869
  CPU_MATRIX_MULT_SSE: 31945.261735123298
  CPU_mm: 3139.3471735963703
  CPU_sse: 11839.738187254117
  CPU_fma: 35457.16510213619
  CPU_avx: 33770.867928330073
  CPU_avx512: 46713.275722772814
  m_CPU_enc_SHA: 31134310996.064606
  m_CPU_enc_AES: 25293537643.166782
  m_CPU_enc_ECDSA: 20748067724.398273
  ME_ALLOC_S: 11065.862377829848
  ME_READ_S: 41752.116796875001
  ME_READ_L: 40136.46484375
  ME_WRITE: 22533.943359375
  ME_LARGE: 47427.166666666664
  ME_LATENCY: 56.643813589625971
  ME_THREADED: 52469.48779296875
  SUMM_CPU: 38348.417717606921
  SUMM_ME: 3475.4281279316583
SystemInformation:
  OSName: Ubuntu 24.04.4 LTS
  Kernel: 6.8.0-124-generic
  Device: ""
  Processor: "AMD EPYC 4345P 8-Core Processor                "
  NumSockets: 1
  Manufacturer: AuthenticAMD
  NumCores: 8
  NumLogicals: 16
  CPUFrequency: 5581
  CPUMaxFrequency: 5581
  Memory: 61875
  CPUInfo:
    number: 1
    Family: 15
    Model: 4
    stepping: 0
    features: 395049983
    manufacture: AuthenticAMD
    typestring: "AMD EPYC 4345P 8-Core Processor                "
    iCoresPerPackage: 8
    iThreadsPerPackage: 2
    featuresEx:
      - 395049983
      - 2128097795
      - 802421759
    bHybrid: false
    nPCore: 0
    nLogicalsPerPCore: 0
    nECore: 0
    nLogicalsPerECore: 0
  MemModuleInfo:
    iNumMemSticks: 4
    DIMM 1:
      manufacturer: ""
      modulePartNo: ""
      memType: Unknown
      size: 0
      clkspeed: 0
      moduleVoltage: 0
    DIMM 2:
      manufacturer: Micron Technology
      modulePartNo: "MTC20C2085S1EC56BD1 NC        "
      memType: DDR5
      size: 32
      clkspeed: 2800
      moduleVoltage: 1.10000002
    DIMM 3:
      manufacturer: ""
      modulePartNo: ""
      memType: Unknown
      size: 0
      clkspeed: 0
      moduleVoltage: 0
    DIMM 4:
      manufacturer: Micron Technology
      modulePartNo: "MTC20C2085S1EC56BD1 NC        "
      memType: DDR5
      size: 32
      clkspeed: 2800
      moduleVoltage: 1.10000002
Checksum: 56654F4A8616F1091AFDBF1D7CD0D77E5BB67936