BaselineInfo:
  WebDBID: -1
  TimeStamp: 20260619010447
Version:
  Major: 11
  Minor: 0
  Build: 1004
  SpecialBuildName: ""
  ptArchitecture: x86_64_linux
Results:
  Results Complete: true
  NumTestProcesses: 32
  CPU_INTEGER_MATH: 97079.341333333345
  CPU_FLOATINGPOINT_MATH: 68058.067759812693
  CPU_PRIME: 174.97023150134825
  CPU_SORTING: 58748.152590182006
  CPU_ENCRYPTION: 12001.363479046748
  CPU_COMPRESSION: 429972.18901787547
  CPU_SINGLETHREAD: 1680.7346777801238
  CPU_PHYSICS: 2779.884041039943
  CPU_MATRIX_MULT_SSE: 28909.332645313767
  CPU_mm: 3073.5399564780346
  CPU_sse: 11024.485483938251
  CPU_fma: 35097.003292129993
  CPU_avx: 24978.112523740379
  CPU_avx512: 44537.729281446431
  m_CPU_enc_SHA: 5348950031.6918669
  m_CPU_enc_AES: 27626556997.299992
  m_CPU_enc_ECDSA: 4777518105.2229156
  ME_ALLOC_S: 8016.0517241810103
  ME_READ_S: 19290.2548828125
  ME_READ_L: 6779.876953125
  ME_WRITE: 7368.37255859375
  ME_LARGE: 54621.833333333336
  ME_LATENCY: 80.011482800929599
  ME_THREADED: 110335.16943359375
  SUMM_CPU: 27781.642816753571
  SUMM_ME: 1831.8344967601877
SystemInformation:
  OSName: Ubuntu 24.04.4 LTS
  Kernel: 6.8.0-117-generic
  Device: ""
  Processor: Intel(R) Xeon(R) Platinum 8163 CPU @ 2.50GHz
  NumSockets: 1
  Manufacturer: GenuineIntel
  NumCores: 16
  NumLogicals: 32
  CPUFrequency: 2500
  CPUMaxFrequency: 3100
  Memory: 63781
  CPUInfo:
    number: 1
    Family: 6
    Model: 5
    stepping: 4
    features: 529267711
    manufacture: GenuineIntel
    typestring: Intel(R) Xeon(R) Platinum 8163 CPU @ 2.50GHz
    iCoresPerPackage: 16
    iThreadsPerPackage: 2
    featuresEx:
      - 529267711
      - 4294586883
      - 739248128
    bHybrid: false
    nPCore: 0
    nLogicalsPerPCore: 0
    nECore: 0
    nLogicalsPerECore: 0
  MemModuleInfo:
    iNumMemSticks: 4
    DIMM 1:
      manufacturer: Alibaba Cloud
      modulePartNo: Not Specified
      memType: RAM
      size: 16
      clkspeed: 0
      moduleVoltage: 0
    DIMM 2:
      manufacturer: Alibaba Cloud
      modulePartNo: Not Specified
      memType: RAM
      size: 16
      clkspeed: 0
      moduleVoltage: 0
    DIMM 3:
      manufacturer: Alibaba Cloud
      modulePartNo: Not Specified
      memType: RAM
      size: 16
      clkspeed: 0
      moduleVoltage: 0
    DIMM 4:
      manufacturer: Alibaba Cloud
      modulePartNo: Not Specified
      memType: RAM
      size: 16
      clkspeed: 0
      moduleVoltage: 0
Checksum: 3F58C817D41787BE22BD2A3C6B8FF73E55B8F1A2