---
system-info:
      stress-ng-version: 0.17.08
      run-by: root
      date-yyyy-mm-dd: 2024:09:17
      time-hh-mm-ss: 05:41:45
      epoch-secs: 1726551705
      hostname: sc-runner
      sysname: Linux
      nodename: sc-runner
      release: 6.8.0-1014-azure
      version: '#16-Ubuntu SMP Thu Aug 15 20:04:41 UTC 2024'
      machine: x86_64
      compiler: 'musl-gcc 13.2.1'
      uptime: 295
      totalram: 270251388928
      freeram: 259511681024
      sharedram: 38445056
      bufferram: 254443520
      totalswap: 0
      freeswap: 0
      pagesize: 4096
      cpus: 32
      cpus-online: 32
      ticks-per-second: 100

metrics:
    - stressor: cpu
      bogo-ops: 862809
      bogo-ops-per-second-usr-sys-time: 1348.999551
      bogo-ops-per-second-real-time: 43140.317703
      wall-clock-time: 20.000061
      user-time: 639.558788
      system-time: 0.032974
      cpu-usage-per-instance: 99.935906
      max-rss: 3260

...
