BaselineInfo:
  WebDBID: -1
  TimeStamp: 20260622090744
Version:
  Major: 11
  Minor: 0
  Build: 1004
  SpecialBuildName: ""
  ptArchitecture: x86_64_linux
Results:
  Results Complete: true
  NumTestProcesses: 192
  CPU_INTEGER_MATH: 962974.84600000002
  CPU_FLOATINGPOINT_MATH: 698602.20189915725
  CPU_PRIME: 1872.9133119818539
  CPU_SORTING: 475924.39744953573
  CPU_ENCRYPTION: 210330.70986489416
  CPU_COMPRESSION: 3672518.3309835433
  CPU_SINGLETHREAD: 3535.0436129814343
  CPU_PHYSICS: 28212.752470369905
  CPU_MATRIX_MULT_SSE: 248200.85555705306
  CPU_mm: 27153.57228916356
  CPU_sse: 113969.04089224903
  CPU_fma: 291807.10449759755
  CPU_avx: 231186.81548714149
  CPU_avx512: 355840.46135122364
  m_CPU_enc_SHA: 223470981787.34647
  m_CPU_enc_AES: 291513788628.5293
  m_CPU_enc_ECDSA: 146658432865.99774
  ME_ALLOC_S: 34548.023707320215
  ME_READ_S: 30834.556640625
  ME_READ_L: 20906.478515625
  ME_WRITE: 8576.53125
  ME_LARGE: 1533464.3333333333
  ME_LATENCY: 69.147081439706781
  ME_THREADED: 990669.55773925781
  SUMM_CPU: 152241.34229990048
  SUMM_ME: 2737.5491870437481
SystemInformation:
  OSName: Ubuntu 24.04.4 LTS
  Kernel: 6.17.0-1018-azure
  Device: ""
  Processor: Intel(R) Xeon(R) 6973P-C
  NumSockets: 1
  Manufacturer: GenuineIntel
  NumCores: 96
  NumLogicals: 192
  CPUFrequency: 2600
  CPUMaxFrequency: 2600
  Memory: 1548104
  CPUInfo:
    number: 1
    Family: 6
    Model: 13
    stepping: 1
    features: 529267711
    manufacture: GenuineIntel
    typestring: Intel(R) Xeon(R) 6973P-C
    iCoresPerPackage: 128
    iThreadsPerPackage: 2
    featuresEx:
      - 529267711
      - 4294586915
      - 739248128
    bHybrid: false
    nPCore: 0
    nLogicalsPerPCore: 0
    nECore: 0
    nLogicalsPerECore: 0
  MemModuleInfo:
    iNumMemSticks: 6
    DIMM 1:
      manufacturer: Microsoft Corporation
      modulePartNo: None
      memType: Unknown
      size: 1
      clkspeed: 0
      moduleVoltage: 0
    DIMM 2:
      manufacturer: Microsoft Corporation
      modulePartNo: None
      memType: Unknown
      size: 59
      clkspeed: 0
      moduleVoltage: 0
    DIMM 3:
      manufacturer: Microsoft Corporation
      modulePartNo: None
      memType: Unknown
      size: 324
      clkspeed: 0
      moduleVoltage: 0
    DIMM 4:
      manufacturer: Microsoft Corporation
      modulePartNo: None
      memType: Unknown
      size: 384
      clkspeed: 0
      moduleVoltage: 0
    DIMM 5:
      manufacturer: Microsoft Corporation
      modulePartNo: None
      memType: Unknown
      size: 384
      clkspeed: 0
      moduleVoltage: 0
    DIMM 6:
      manufacturer: Microsoft Corporation
      modulePartNo: None
      memType: Unknown
      size: 384
      clkspeed: 0
      moduleVoltage: 0
Checksum: D5D65A2050A3C543112BC03E49B3BE7E063B5E36