---
system-info:
      stress-ng-version: 0.17.08
      run-by: root
      date-yyyy-mm-dd: 2024:09:16
      time-hh-mm-ss: 17:53:27
      epoch-secs: 1726509207
      hostname: sc-runner
      sysname: Linux
      nodename: sc-runner
      release: 6.8.0-1014-azure
      version: '#16-Ubuntu SMP Thu Aug 15 20:04:41 UTC 2024'
      machine: x86_64
      compiler: 'musl-gcc 13.2.1'
      uptime: 272
      totalram: 33647050752
      freeram: 23268524032
      sharedram: 55029760
      bufferram: 250159104
      totalswap: 0
      freeswap: 0
      pagesize: 4096
      cpus: 16
      cpus-online: 16
      ticks-per-second: 100

metrics:
    - stressor: cpu
      bogo-ops: 310672
      bogo-ops-per-second-usr-sys-time: 971.840719
      bogo-ops-per-second-real-time: 15533.535930
      wall-clock-time: 20.000082
      user-time: 319.658791
      system-time: 0.014993
      cpu-usage-per-instance: 99.897645
      max-rss: 1104

...
