---
system-info:
      stress-ng-version: 0.17.08
      run-by: root
      date-yyyy-mm-dd: 2024:09:05
      time-hh-mm-ss: 16:31:52
      epoch-secs: 1725553912
      hostname: sc-runner
      sysname: Linux
      nodename: sc-runner
      release: 6.8.0-1013-azure
      version: '#15-Ubuntu SMP Thu Aug  8 18:40:40 UTC 2024'
      machine: x86_64
      compiler: 'musl-gcc 13.2.1'
      uptime: 318
      totalram: 33647058944
      freeram: 24814448640
      sharedram: 55029760
      bufferram: 238317568
      totalswap: 0
      freeswap: 0
      pagesize: 4096
      cpus: 16
      cpus-online: 16
      ticks-per-second: 100

metrics:
    - stressor: cpu
      bogo-ops: 309969
      bogo-ops-per-second-usr-sys-time: 970.186851
      bogo-ops-per-second-real-time: 15498.391340
      wall-clock-time: 20.000076
      user-time: 319.468137
      system-time: 0.025989
      cpu-usage-per-instance: 99.841536
      max-rss: 3256

...
