BaselineInfo:
  WebDBID: -1
  TimeStamp: 20250730004202
Version:
  Major: 11
  Minor: 0
  Build: 1002
  SpecialBuildName: ""
  ptArchitecture: x86_64_linux
Results:
  Results Complete: true
  NumTestProcesses: 16
  CPU_INTEGER_MATH: 70268.865666666679
  CPU_FLOATINGPOINT_MATH: 39210.296097025559
  CPU_PRIME: 97.084755188832048
  CPU_SORTING: 37242.009318608078
  CPU_ENCRYPTION: 17852.421249197825
  CPU_COMPRESSION: 274125.58703387715
  CPU_SINGLETHREAD: 2610.2582740712
  CPU_PHYSICS: 2134.8850707152219
  CPU_MATRIX_MULT_SSE: 15503.372860091011
  CPU_mm: 1868.8113443548352
  CPU_sse: 7974.8641330313239
  CPU_fma: 21700.831306154527
  CPU_avx: 16834.42314108718
  CPU_avx512: 0
  m_CPU_enc_SHA: 25894638849.427818
  m_CPU_enc_AES: 16548965370.728203
  m_CPU_enc_ECDSA: 13715257171.240555
  ME_ALLOC_S: 6734.7999771776467
  ME_READ_S: 26595.842187499999
  ME_READ_L: 16658.552734375
  ME_WRITE: 16675.431640625
  ME_LARGE: 46272.25
  ME_LATENCY: 68.534072383585553
  ME_THREADED: 38068.0947265625
  SUMM_CPU: 22835.109752164721
  SUMM_ME: 2521.2062134322014
SystemInformation:
  OSName: Ubuntu 24.04.2 LTS
  Kernel: 6.8.0-1030-aws
  Device: ""
  Processor: AMD EPYC 7R13 Processor
  NumSockets: 1
  Manufacturer: AuthenticAMD
  NumCores: 8
  NumLogicals: 16
  CPUFrequency: 0
  Memory: 61912
  MemModuleInfo:
    iNumMemSticks: 1
    DIMM 1:
      manufacturer: Not Specified
      modulePartNo: Not Specified
      memType: DDR4
      size: 64
      clkspeed: 1600
      moduleVoltage: 0
Checksum: 80104BE520CE16B722DB97FA750FDE870DE8E575