BaselineInfo:
  WebDBID: -1
  TimeStamp: 20260708104041
Version:
  Major: 11
  Minor: 0
  Build: 1004
  SpecialBuildName: ""
  ptArchitecture: x86_64_linux
Results:
  Results Complete: true
  NumTestProcesses: 2
  CPU_INTEGER_MATH: 15319.764666666666
  CPU_FLOATINGPOINT_MATH: 15293.746234608743
  CPU_PRIME: 57.690632705383933
  CPU_SORTING: 8987.8170128440361
  CPU_ENCRYPTION: 3188.368760023397
  CPU_COMPRESSION: 66717.762596621615
  CPU_SINGLETHREAD: 3808.4474109610896
  CPU_PHYSICS: 995.1418823098652
  CPU_MATRIX_MULT_SSE: 5876.5213284184138
  CPU_mm: 738.283103777615
  CPU_sse: 2218.4963854267617
  CPU_fma: 8785.150414545893
  CPU_avx: 4445.5894552053069
  CPU_avx512: 8056.8490584956935
  m_CPU_enc_SHA: 4424434342.8252716
  m_CPU_enc_AES: 2768393729.6778831
  m_CPU_enc_ECDSA: 2836912810.227726
  ME_ALLOC_S: 2872.940771407817
  ME_READ_S: 34105.473046874999
  ME_READ_L: 31052.818359375
  ME_WRITE: 30630.546875
  ME_LARGE: 1794
  ME_LATENCY: 78.498192769922966
  ME_THREADED: 48528.244140625
  SUMM_CPU: 6933.3595150600268
  SUMM_ME: 1813.2993670079268
SystemInformation:
  OSName: Ubuntu 24.04.4 LTS
  Kernel: 6.17.0-1018-azure
  Device: ""
  Processor: "AMD EPYC 9V45 96-Core Processor                "
  NumSockets: 1
  Manufacturer: AuthenticAMD
  NumCores: 2
  NumLogicals: 2
  CPUFrequency: 0
  CPUMaxFrequency: 0
  Memory: 3912
  CPUInfo:
    number: 1
    Family: 15
    Model: 2
    stepping: 1
    features: 395049983
    manufacture: AuthenticAMD
    typestring: "AMD EPYC 9V45 96-Core Processor                "
    iCoresPerPackage: 8
    iThreadsPerPackage: 1
    featuresEx:
      - 395049983
      - 4277809667
      - 802421759
    bHybrid: false
    nPCore: 0
    nLogicalsPerPCore: 0
    nECore: 0
    nLogicalsPerECore: 0
  MemModuleInfo:
    iNumMemSticks: 2
    DIMM 1:
      manufacturer: Microsoft Corporation
      modulePartNo: None
      memType: Unknown
      size: 1
      clkspeed: 0
      moduleVoltage: 0
    DIMM 2:
      manufacturer: Microsoft Corporation
      modulePartNo: None
      memType: Unknown
      size: 3
      clkspeed: 0
      moduleVoltage: 0
Checksum: 140292B92DABC600F32DF1C4AEB7B1234BA9B611