BaselineInfo:
  WebDBID: -1
  TimeStamp: 20241110053351
Version:
  Major: 11
  Minor: 0
  Build: 1002
  SpecialBuildName: ""
  ptArchitecture: x86_64_linux
Results:
  Results Complete: true
  NumTestProcesses: 64
  CPU_INTEGER_MATH: 268437.58100000006
  CPU_FLOATINGPOINT_MATH: 137198.01778418603
  CPU_PRIME: 276.24738242225607
  CPU_SORTING: 118992.79898812063
  CPU_ENCRYPTION: 52803.600862332889
  CPU_COMPRESSION: 890545.34378915466
  CPU_SINGLETHREAD: 2427.5658123052635
  CPU_PHYSICS: 4356.662654840462
  CPU_MATRIX_MULT_SSE: 51167.205868803787
  CPU_mm: 5199.5457783696711
  CPU_sse: 22155.921960823976
  CPU_fma: 58977.395694677114
  CPU_avx: 45545.157132576656
  CPU_avx512: 77990.348687137332
  m_CPU_enc_SHA: 54249883846.987793
  m_CPU_enc_AES: 78786538632.310516
  m_CPU_enc_ECDSA: 33069343254.166405
  ME_ALLOC_S: 26134.768034663317
  ME_READ_S: 24335.5810546875
  ME_READ_L: 11481.365234375
  ME_WRITE: 10821.54296875
  ME_LARGE: 1010707.1666666666
  ME_LATENCY: 58.347249254754253
  ME_THREADED: 168480.1376953125
  SUMM_CPU: 56725.091504718315
  SUMM_ME: 2659.5021427416564
SystemInformation:
  OSName: Ubuntu 24.04.1 LTS
  Kernel: 6.8.0-1016-aws
  Device: ""
  Processor: Intel Xeon Platinum 8375C CPU @ 2.90GHz
  NumSockets: 1
  Manufacturer: GenuineIntel
  NumCores: 32
  NumLogicals: 64
  CPUFrequency: 0
  Memory: 1023542
  MemModuleInfo:
    iNumMemSticks: 1
    DIMM 1:
      manufacturer: Not Specified
      modulePartNo: Not Specified
      memType: DDR4
      size: 1
      clkspeed: 1600
      moduleVoltage: 0
Checksum: 72DAAA5119DECD448BA22EA7127B98A60F2E0ADC