---
system-info:
      stress-ng-version: 0.17.08
      run-by: root
      date-yyyy-mm-dd: 2024:09:12
      time-hh-mm-ss: 00:57:49
      epoch-secs: 1726102669
      hostname: ip-172-31-7-160
      sysname: Linux
      nodename: ip-172-31-7-160
      release: 6.8.0-1014-aws
      version: '#15-Ubuntu SMP Thu Aug  8 19:13:06 UTC 2024'
      machine: x86_64
      compiler: 'musl-gcc 13.2.1'
      uptime: 237
      totalram: 397194350592
      freeram: 387695169536
      sharedram: 71204864
      bufferram: 221589504
      totalswap: 0
      freeswap: 0
      pagesize: 4096
      cpus: 96
      cpus-online: 96
      ticks-per-second: 100

metrics:
    - stressor: cpu
      bogo-ops: 2865800
      bogo-ops-per-second-usr-sys-time: 1493.333031
      bogo-ops-per-second-real-time: 143289.585508
      wall-clock-time: 20.000058
      user-time: 1919.026913
      system-time: 0.035976
      cpu-usage-per-instance: 99.950903
      max-rss: 768

...
