---
system-info:
      stress-ng-version: 0.17.08
      run-by: root
      date-yyyy-mm-dd: 2024:06:08
      time-hh-mm-ss: 20:55:36
      epoch-secs: 1717880136
      hostname: a506dbb01244
      sysname: Linux
      nodename: a506dbb01244
      release: 6.8.0-1008-aws
      version: '#8-Ubuntu SMP Sat Apr 20 02:43:14 UTC 2024'
      machine: aarch64
      compiler: 'musl-gcc 13.2.1'
      uptime: 113
      totalram: 3993309184
      freeram: 101433344
      sharedram: 35008512
      bufferram: 90800128
      totalswap: 0
      freeswap: 0
      pagesize: 4096
      cpus: 1
      cpus-online: 1
      ticks-per-second: 100

metrics:
    - stressor: cpu
      bogo-ops: 4193
      bogo-ops-per-second-usr-sys-time: 424.433180
      bogo-ops-per-second-real-time: 418.176230
      wall-clock-time: 10.026873
      user-time: 9.876086
      system-time: 0.002972
      cpu-usage-per-instance: 98.525810
      max-rss: 4136

...
