---
system-info:
      stress-ng-version: 0.17.08
      run-by: root
      date-yyyy-mm-dd: 2024:06:15
      time-hh-mm-ss: 05:40:50
      epoch-secs: 1718430050
      hostname: 7e30d4e9dff2
      sysname: Linux
      nodename: 7e30d4e9dff2
      release: 6.8.0-1008-aws
      version: '#8-Ubuntu SMP Sat Apr 20 02:43:14 UTC 2024'
      machine: aarch64
      compiler: 'musl-gcc 13.2.1'
      uptime: 117
      totalram: 3993309184
      freeram: 157966336
      sharedram: 35008512
      bufferram: 96944128
      totalswap: 0
      freeswap: 0
      pagesize: 4096
      cpus: 1
      cpus-online: 1
      ticks-per-second: 100

metrics:
    - stressor: cpu
      bogo-ops: 30246
      bogo-ops-per-second-usr-sys-time: 1532.240113
      bogo-ops-per-second-real-time: 1512.296430
      wall-clock-time: 20.000047
      user-time: 19.739726
      system-time: 0.000000
      cpu-usage-per-instance: 98.698397
      max-rss: 1320

...
