---
system-info:
      stress-ng-version: 0.17.08
      run-by: root
      date-yyyy-mm-dd: 2024:06:09
      time-hh-mm-ss: 18:55:36
      epoch-secs: 1717959336
      hostname: f3227efb2fd2
      sysname: Linux
      nodename: f3227efb2fd2
      release: 6.8.0-1008-aws
      version: '#8-Ubuntu SMP Sat Apr 20 00:46:25 UTC 2024'
      machine: x86_64
      compiler: 'musl-gcc 13.2.1'
      uptime: 113
      totalram: 1081992290304
      freeram: 1074359758848
      sharedram: 117354496
      bufferram: 110764032
      totalswap: 0
      freeswap: 0
      pagesize: 4096
      cpus: 128
      cpus-online: 128
      ticks-per-second: 100

metrics:
    - stressor: cpu
      bogo-ops: 1556920
      bogo-ops-per-second-usr-sys-time: 1217.238698
      bogo-ops-per-second-real-time: 155670.174636
      wall-clock-time: 10.001402
      user-time: 1278.915966
      system-time: 0.142942
      cpu-usage-per-instance: 99.912469
      max-rss: 3072

...
