---
system-info:
      stress-ng-version: 0.17.08
      run-by: root
      date-yyyy-mm-dd: 2024:06:15
      time-hh-mm-ss: 21:20:19
      epoch-secs: 1718486419
      hostname: c365fa8372bb
      sysname: Linux
      nodename: c365fa8372bb
      release: 6.8.0-1008-aws
      version: '#8-Ubuntu SMP Sat Apr 20 00:46:25 UTC 2024'
      machine: x86_64
      compiler: 'musl-gcc 13.2.1'
      uptime: 128
      totalram: 1081992314880
      freeram: 1074645647360
      sharedram: 117354496
      bufferram: 108560384
      totalswap: 0
      freeswap: 0
      pagesize: 4096
      cpus: 128
      cpus-online: 128
      ticks-per-second: 100

metrics:
    - stressor: cpu
      bogo-ops: 2499209
      bogo-ops-per-second-usr-sys-time: 976.734924
      bogo-ops-per-second-real-time: 124959.985070
      wall-clock-time: 20.000074
      user-time: 2558.687263
      system-time: 0.050976
      cpu-usage-per-instance: 99.950341
      max-rss: 0

...
