---
system-info:
      stress-ng-version: 0.17.08
      run-by: root
      date-yyyy-mm-dd: 2024:07:02
      time-hh-mm-ss: 12:22:07
      epoch-secs: 1719922927
      hostname: n2d-highcpu-64-e8516b0
      sysname: Linux
      nodename: n2d-highcpu-64-e8516b0
      release: 6.8.0-1009-gcp
      version: '#10-Ubuntu SMP Wed Jun 12 18:52:23 UTC 2024'
      machine: x86_64
      compiler: 'musl-gcc 13.2.1'
      uptime: 167
      totalram: 67402383360
      freeram: 61775556608
      sharedram: 35491840
      bufferram: 126935040
      totalswap: 0
      freeswap: 0
      pagesize: 4096
      cpus: 64
      cpus-online: 64
      ticks-per-second: 100

metrics:
    - stressor: cpu
      bogo-ops: 1727492
      bogo-ops-per-second-usr-sys-time: 1350.177847
      bogo-ops-per-second-real-time: 86374.347636
      wall-clock-time: 20.000058
      user-time: 1279.422172
      system-time: 0.032978
      cpu-usage-per-instance: 99.957142
      max-rss: 512

...
