---
system-info:
      stress-ng-version: 0.17.08
      run-by: root
      date-yyyy-mm-dd: 2024:06:15
      time-hh-mm-ss: 04:56:51
      epoch-secs: 1718427411
      hostname: df3e51fecec8
      sysname: Linux
      nodename: df3e51fecec8
      release: 6.8.0-1008-aws
      version: '#8-Ubuntu SMP Sat Apr 20 02:43:14 UTC 2024'
      machine: aarch64
      compiler: 'musl-gcc 13.2.1'
      uptime: 141
      totalram: 199002091520
      freeram: 194280079360
      sharedram: 34951168
      bufferram: 109322240
      totalswap: 0
      freeswap: 0
      pagesize: 4096
      cpus: 48
      cpus-online: 48
      ticks-per-second: 100

metrics:
    - stressor: cpu
      bogo-ops: 30663
      bogo-ops-per-second-usr-sys-time: 1533.182350
      bogo-ops-per-second-real-time: 1533.146071
      wall-clock-time: 20.000051
      user-time: 19.999578
      system-time: 0.000000
      cpu-usage-per-instance: 99.997634
      max-rss: 1152

...
