---
system-info:
      stress-ng-version: 0.17.08
      run-by: root
      date-yyyy-mm-dd: 2024:06:08
      time-hh-mm-ss: 20:20:26
      epoch-secs: 1717878026
      hostname: 8d1147620110
      sysname: Linux
      nodename: 8d1147620110
      release: 6.8.0-1008-aws
      version: '#8-Ubuntu SMP Sat Apr 20 02:43:14 UTC 2024'
      machine: aarch64
      compiler: 'musl-gcc 13.2.1'
      uptime: 121
      totalram: 199002091520
      freeram: 194170884096
      sharedram: 34951168
      bufferram: 104947712
      totalswap: 0
      freeswap: 0
      pagesize: 4096
      cpus: 48
      cpus-online: 48
      ticks-per-second: 100

metrics:
    - stressor: cpu
      bogo-ops: 4267
      bogo-ops-per-second-usr-sys-time: 424.532338
      bogo-ops-per-second-real-time: 424.533568
      wall-clock-time: 10.051031
      user-time: 10.050060
      system-time: 0.001000
      cpu-usage-per-instance: 100.000290
      max-rss: 3840

...
