---
system-info:
      stress-ng-version: 0.17.08
      run-by: root
      date-yyyy-mm-dd: 2024:06:14
      time-hh-mm-ss: 01:20:36
      epoch-secs: 1718328036
      hostname: f5d34f0cc150
      sysname: Linux
      nodename: f5d34f0cc150
      release: 6.8.0-1008-aws
      version: '#8-Ubuntu SMP Sat Apr 20 00:46:25 UTC 2024'
      machine: x86_64
      compiler: 'musl-gcc 13.2.1'
      uptime: 157
      totalram: 63253159936
      freeram: 58505728000
      sharedram: 54034432
      bufferram: 110034944
      totalswap: 0
      freeswap: 0
      pagesize: 4096
      cpus: 32
      cpus-online: 32
      ticks-per-second: 100

metrics:
    - stressor: cpu
      bogo-ops: 532581
      bogo-ops-per-second-usr-sys-time: 833.954231
      bogo-ops-per-second-real-time: 26628.894791
      wall-clock-time: 20.000117
      user-time: 638.606348
      system-time: 0.015030
      cpu-usage-per-instance: 99.784009
      max-rss: 776

...
