---
system-info:
      stress-ng-version: 0.17.08
      run-by: root
      date-yyyy-mm-dd: 2024:06:05
      time-hh-mm-ss: 05:05:52
      epoch-secs: 1717563952
      hostname: 34a5b390d5cb
      sysname: Linux
      nodename: 34a5b390d5cb
      release: 6.8.0-1008-aws
      version: '#8-Ubuntu SMP Sat Apr 20 00:46:25 UTC 2024'
      machine: x86_64
      compiler: 'musl-gcc 13.2.1'
      uptime: 149
      totalram: 63253164032
      freeram: 58775326720
      sharedram: 54034432
      bufferram: 79396864
      totalswap: 0
      freeswap: 0
      pagesize: 4096
      cpus: 32
      cpus-online: 32
      ticks-per-second: 100

metrics:
    - stressor: cpu
      bogo-ops: 319264
      bogo-ops-per-second-usr-sys-time: 1000.783627
      bogo-ops-per-second-real-time: 31920.284006
      wall-clock-time: 10.001916
      user-time: 318.952779
      system-time: 0.061233
      cpu-usage-per-instance: 99.672781
      max-rss: 3592

...
