BaselineInfo:
  WebDBID: -1
  TimeStamp: 20241107184448
Version:
  Major: 11
  Minor: 0
  Build: 1002
  SpecialBuildName: ""
  ptArchitecture: x86_64_linux
Results:
  Results Complete: true
  NumTestProcesses: 8
  CPU_INTEGER_MATH: 35745.754666666668
  CPU_FLOATINGPOINT_MATH: 19749.203707534634
  CPU_PRIME: 79.917731514530672
  CPU_SORTING: 19340.284255050476
  CPU_ENCRYPTION: 9278.9446319082926
  CPU_COMPRESSION: 139308.33711866778
  CPU_SINGLETHREAD: 2569.7482970994984
  CPU_PHYSICS: 1425.2472558043523
  CPU_MATRIX_MULT_SSE: 7917.7244091587409
  CPU_mm: 967.14855359278863
  CPU_sse: 4107.0509527990407
  CPU_fma: 11177.059803078366
  CPU_avx: 8469.0624715988124
  CPU_avx512: 0
  m_CPU_enc_SHA: 13437015581.851351
  m_CPU_enc_AES: 8598735544.7302971
  m_CPU_enc_ECDSA: 7153284812.461957
  ME_ALLOC_S: 3786.3747604450136
  ME_READ_S: 26224.074414062499
  ME_READ_L: 18289.734375
  ME_WRITE: 19201.86328125
  ME_LARGE: 54232.416666666664
  ME_LATENCY: 58.651039095307759
  ME_THREADED: 41802.73974609375
  SUMM_CPU: 12781.972679930854
  SUMM_ME: 2755.2062496724097
SystemInformation:
  OSName: Ubuntu 24.04.1 LTS
  Kernel: 6.8.0-1015-gcp
  Device: ""
  Processor: AMD EPYC 7B13
  NumSockets: 1
  Manufacturer: AuthenticAMD
  NumCores: 4
  NumLogicals: 8
  CPUFrequency: 0
  Memory: 64301
  MemModuleInfo:
    iNumMemSticks: 4
    DIMM 1:
      manufacturer: ""
      modulePartNo: ""
      memType: RAM
      size: 16
      clkspeed: 0
      moduleVoltage: 0
    DIMM 2:
      manufacturer: ""
      modulePartNo: ""
      memType: RAM
      size: 16
      clkspeed: 0
      moduleVoltage: 0
    DIMM 3:
      manufacturer: ""
      modulePartNo: ""
      memType: RAM
      size: 16
      clkspeed: 0
      moduleVoltage: 0
    DIMM 4:
      manufacturer: ""
      modulePartNo: ""
      memType: RAM
      size: 16
      clkspeed: 0
      moduleVoltage: 0
Checksum: 5C9654DB7FAFC9178BAA1213800FD6CD17F62830