BaselineInfo:
  WebDBID: -1
  TimeStamp: 20260615203920
Version:
  Major: 11
  Minor: 0
  Build: 1004
  SpecialBuildName: ""
  ptArchitecture: x86_64_linux
Results:
  Results Complete: true
  NumTestProcesses: 4
  CPU_INTEGER_MATH: 22512.01733333333
  CPU_FLOATINGPOINT_MATH: 18064.134479822867
  CPU_PRIME: 68.952309485406786
  CPU_SORTING: 12932.470289499706
  CPU_ENCRYPTION: 4878.8531461306093
  CPU_COMPRESSION: 95204.920970597013
  CPU_SINGLETHREAD: 2554.6258690136128
  CPU_PHYSICS: 1256.5176690237633
  CPU_MATRIX_MULT_SSE: 8083.356898871205
  CPU_mm: 855.98199371086514
  CPU_sse: 3850.1043122911442
  CPU_fma: 12491.320401967501
  CPU_avx: 7908.6459823549667
  CPU_avx512: 0
  m_CPU_enc_SHA: 6856015269.8310041
  m_CPU_enc_AES: 4344721991.4259644
  m_CPU_enc_ECDSA: 4146807688.4141769
  ME_ALLOC_S: 1916.7328648034768
  ME_READ_S: 25558.4287109375
  ME_READ_L: 15778.0517578125
  ME_WRITE: 17068.04296875
  ME_LARGE: 3871
  ME_LATENCY: 61.973251558419328
  ME_THREADED: 57278.064453125
  SUMM_CPU: 9459.220690711958
  SUMM_ME: 2128.4450563273872
SystemInformation:
  OSName: Ubuntu 24.04.4 LTS
  Kernel: 6.8.0-124-generic
  Device: ""
  Processor: AMD EPYC-Rome Processor
  NumSockets: 1
  Manufacturer: AuthenticAMD
  NumCores: 2
  NumLogicals: 4
  CPUFrequency: 0
  CPUMaxFrequency: 0
  Memory: 7935
  CPUInfo:
    number: 1
    Family: 15
    Model: 1
    stepping: 0
    features: 395049983
    manufacture: AuthenticAMD
    typestring: AMD EPYC-Rome Processor
    iCoresPerPackage: 2
    iThreadsPerPackage: 2
    featuresEx:
      - 395049983
      - 4277678595
      - 802421759
    bHybrid: false
    nPCore: 0
    nLogicalsPerPCore: 0
    nECore: 0
    nLogicalsPerECore: 0
  MemModuleInfo:
    iNumMemSticks: 1
    DIMM 1:
      manufacturer: QEMU
      modulePartNo: Not Specified
      memType: RAM
      size: 8
      clkspeed: 0
      moduleVoltage: 0
Checksum: 8DAFF36C0C833AE75D77F89310747C8489D90B70