---
system-info:
      stress-ng-version: 0.17.08
      run-by: root
      date-yyyy-mm-dd: 2024:06:08
      time-hh-mm-ss: 14:56:05
      epoch-secs: 1717858565
      hostname: ad8a23ee80f5
      sysname: Linux
      nodename: ad8a23ee80f5
      release: 6.8.0-1008-aws
      version: '#8-Ubuntu SMP Sat Apr 20 00:46:25 UTC 2024'
      machine: x86_64
      compiler: 'musl-gcc 13.2.1'
      uptime: 122
      totalram: 99093999616
      freeram: 94493913088
      sharedram: 29274112
      bufferram: 102719488
      totalswap: 0
      freeswap: 0
      pagesize: 4096
      cpus: 24
      cpus-online: 24
      ticks-per-second: 100

metrics:
    - stressor: cpu
      bogo-ops: 20259
      bogo-ops-per-second-usr-sys-time: 2025.536214
      bogo-ops-per-second-real-time: 2025.531191
      wall-clock-time: 10.001821
      user-time: 10.001796
      system-time: 0.000000
      cpu-usage-per-instance: 99.999752
      max-rss: 3708

...
