---
system-info:
      stress-ng-version: 0.17.08
      run-by: root
      date-yyyy-mm-dd: 2024:08:30
      time-hh-mm-ss: 19:32:50
      epoch-secs: 1725046370
      hostname: sc-runner
      sysname: Linux
      nodename: sc-runner
      release: 6.8.0-1013-azure
      version: '#15-Ubuntu SMP Thu Aug  8 18:40:40 UTC 2024'
      machine: x86_64
      compiler: 'musl-gcc 13.2.1'
      uptime: 350
      totalram: 16766070784
      freeram: 8282677248
      sharedram: 42053632
      bufferram: 209436672
      totalswap: 0
      freeswap: 0
      pagesize: 4096
      cpus: 4
      cpus-online: 4
      ticks-per-second: 100

metrics:
    - stressor: cpu
      bogo-ops: 75529
      bogo-ops-per-second-usr-sys-time: 948.903156
      bogo-ops-per-second-real-time: 3776.439466
      wall-clock-time: 20.000056
      user-time: 79.574130
      system-time: 0.021980
      cpu-usage-per-instance: 99.494860
      max-rss: 3152

...
