BaselineInfo:
  WebDBID: -1
  TimeStamp: 20241109232005
Version:
  Major: 11
  Minor: 0
  Build: 1002
  SpecialBuildName: ""
  ptArchitecture: x86_64_linux
Results:
  Results Complete: true
  NumTestProcesses: 112
  CPU_INTEGER_MATH: 465059.34833333344
  CPU_FLOATINGPOINT_MATH: 255728.36221802895
  CPU_PRIME: 600.96602796373384
  CPU_SORTING: 204713.721692525
  CPU_ENCRYPTION: 119950.92683336613
  CPU_COMPRESSION: 1643104.5116592208
  CPU_SINGLETHREAD: 2593.7955625327295
  CPU_PHYSICS: 7533.4557158630223
  CPU_MATRIX_MULT_SSE: 83702.374284897029
  CPU_mm: 10581.990403675727
  CPU_sse: 43218.24584366996
  CPU_fma: 112857.15150530002
  CPU_avx: 95031.725505721086
  CPU_avx512: 0
  m_CPU_enc_SHA: 174011941552.11475
  m_CPU_enc_AES: 111257022454.98495
  m_CPU_enc_ECDSA: 92064025158.571594
  ME_ALLOC_S: 26204.063056702274
  ME_READ_S: 25555.084570312501
  ME_READ_L: 21832.8203125
  ME_WRITE: 20639.439453125
  ME_LARGE: 662386.66666666663
  ME_LATENCY: 59.117516984810244
  ME_THREADED: 205531.3271484375
  SUMM_CPU: 84582.79696287695
  SUMM_ME: 3154.7253906363699
SystemInformation:
  OSName: Ubuntu 24.04.1 LTS
  Kernel: 6.8.0-1017-azure
  Device: ""
  Processor: AMD EPYC 7763 64-Core Processor
  NumSockets: 1
  Manufacturer: AuthenticAMD
  NumCores: 56
  NumLogicals: 112
  CPUFrequency: 0
  Memory: 677220
  MemModuleInfo:
    iNumMemSticks: 4
    DIMM 1:
      manufacturer: Microsoft Corporation
      modulePartNo: None
      memType: Unknown
      size: 1
      clkspeed: 0
      moduleVoltage: 0
    DIMM 2:
      manufacturer: Microsoft Corporation
      modulePartNo: None
      memType: Unknown
      size: 59
      clkspeed: 0
      moduleVoltage: 0
    DIMM 3:
      manufacturer: Microsoft Corporation
      modulePartNo: None
      memType: Unknown
      size: 276
      clkspeed: 0
      moduleVoltage: 0
    DIMM 4:
      manufacturer: Microsoft Corporation
      modulePartNo: None
      memType: Unknown
      size: 336
      clkspeed: 0
      moduleVoltage: 0
Checksum: D34F0B0F9EC68F69785091C2B6704957DC14EB90