---
system-info:
      stress-ng-version: 0.17.08
      run-by: root
      date-yyyy-mm-dd: 2024:09:20
      time-hh-mm-ss: 11:49:16
      epoch-secs: 1726832956
      hostname: sc-runner
      sysname: Linux
      nodename: sc-runner
      release: 6.8.0-1014-azure
      version: '#16-Ubuntu SMP Thu Aug 15 20:04:41 UTC 2024'
      machine: x86_64
      compiler: 'musl-gcc 13.2.1'
      uptime: 362
      totalram: 33653030912
      freeram: 23438118912
      sharedram: 38105088
      bufferram: 252985344
      totalswap: 0
      freeswap: 0
      pagesize: 4096
      cpus: 2
      cpus-online: 2
      ticks-per-second: 100

metrics:
    - stressor: cpu
      bogo-ops: 54030
      bogo-ops-per-second-usr-sys-time: 2701.666288
      bogo-ops-per-second-real-time: 2701.489308
      wall-clock-time: 20.000079
      user-time: 19.997770
      system-time: 0.000999
      cpu-usage-per-instance: 99.993449
      max-rss: 1104

...
