---
system-info:
      stress-ng-version: 0.17.08
      run-by: root
      date-yyyy-mm-dd: 2024:06:08
      time-hh-mm-ss: 12:17:01
      epoch-secs: 1717849021
      hostname: 6a9f3aec30d9
      sysname: Linux
      nodename: 6a9f3aec30d9
      release: 6.8.0-31-generic
      version: '#31-Ubuntu SMP PREEMPT_DYNAMIC Sat Apr 20 00:40:06 UTC 2024'
      machine: x86_64
      compiler: 'musl-gcc 13.2.1'
      uptime: 73
      totalram: 8124313600
      freeram: 4584243200
      sharedram: 37998592
      bufferram: 99086336
      totalswap: 0
      freeswap: 0
      pagesize: 4096
      cpus: 2
      cpus-online: 2
      ticks-per-second: 100

metrics:
    - stressor: cpu
      bogo-ops: 17499
      bogo-ops-per-second-usr-sys-time: 1749.839456
      bogo-ops-per-second-real-time: 1749.580852
      wall-clock-time: 10.001824
      user-time: 9.999347
      system-time: 0.000999
      cpu-usage-per-instance: 99.985221
      max-rss: 3920

...
