---
system-info:
      stress-ng-version: 0.17.08
      run-by: root
      date-yyyy-mm-dd: 2024:06:14
      time-hh-mm-ss: 22:17:46
      epoch-secs: 1718403466
      hostname: af017d3fcbb2
      sysname: Linux
      nodename: af017d3fcbb2
      release: 6.8.0-31-generic
      version: '#31-Ubuntu SMP PREEMPT_DYNAMIC Sat Apr 20 00:40:06 UTC 2024'
      machine: x86_64
      compiler: 'musl-gcc 13.2.1'
      uptime: 90
      totalram: 8124317696
      freeram: 4595613696
      sharedram: 37998592
      bufferram: 106840064
      totalswap: 0
      freeswap: 0
      pagesize: 4096
      cpus: 2
      cpus-online: 2
      ticks-per-second: 100

metrics:
    - stressor: cpu
      bogo-ops: 61412
      bogo-ops-per-second-usr-sys-time: 3070.961452
      bogo-ops-per-second-real-time: 3070.592569
      wall-clock-time: 20.000048
      user-time: 19.997646
      system-time: 0.000000
      cpu-usage-per-instance: 99.987988
      max-rss: 976

...
