---
system-info:
      stress-ng-version: 0.17.08
      run-by: root
      date-yyyy-mm-dd: 2024:09:22
      time-hh-mm-ss: 10:09:25
      epoch-secs: 1726999765
      hostname: sc-runner
      sysname: Linux
      nodename: sc-runner
      release: 6.8.0-1014-azure
      version: '#16-Ubuntu SMP Thu Aug 15 20:04:41 UTC 2024'
      machine: x86_64
      compiler: 'musl-gcc 13.2.1'
      uptime: 339
      totalram: 168988233728
      freeram: 158156562432
      sharedram: 71704576
      bufferram: 250531840
      totalswap: 0
      freeswap: 0
      pagesize: 4096
      cpus: 20
      cpus-online: 20
      ticks-per-second: 100

metrics:
    - stressor: cpu
      bogo-ops: 54023
      bogo-ops-per-second-usr-sys-time: 2701.161885
      bogo-ops-per-second-real-time: 2701.126848
      wall-clock-time: 20.000171
      user-time: 19.998913
      system-time: 0.000999
      cpu-usage-per-instance: 99.998703
      max-rss: 3028

...
