BaselineInfo:
  WebDBID: -1
  TimeStamp: 20241107130219
Version:
  Major: 11
  Minor: 0
  Build: 1002
  SpecialBuildName: ""
  ptArchitecture: x86_64_linux
Results:
  Results Complete: true
  NumTestProcesses: 4
  CPU_INTEGER_MATH: 19682.028333333335
  CPU_FLOATINGPOINT_MATH: 13852.665569480967
  CPU_PRIME: 37.834890705302058
  CPU_SORTING: 9607.5101798034993
  CPU_ENCRYPTION: 4214.769033135286
  CPU_COMPRESSION: 71724.769032161028
  CPU_SINGLETHREAD: 2970.6803991844913
  CPU_PHYSICS: 928.06883300403842
  CPU_MATRIX_MULT_SSE: 4969.4505895387319
  CPU_mm: 505.90447502640063
  CPU_sse: 2395.1303767251566
  CPU_fma: 5862.7135496162291
  CPU_avx: 4581.8539106374474
  CPU_avx512: 7038.1045211760957
  m_CPU_enc_SHA: 4490453717.9404945
  m_CPU_enc_AES: 5809540698.6889715
  m_CPU_enc_ECDSA: 2958522544.4371319
  ME_ALLOC_S: 2063.1312719745511
  ME_READ_S: 27221.441015625001
  ME_READ_L: 8738.57421875
  ME_WRITE: 12234.4716796875
  ME_LARGE: 5746.833333333333
  ME_LATENCY: 83.568910723759544
  ME_THREADED: 24148.44287109375
  SUMM_CPU: 7332.3084884539157
  SUMM_ME: 1720.6511275952903
SystemInformation:
  OSName: Ubuntu 24.04.1 LTS
  Kernel: 6.8.0-1016-aws
  Device: ""
  Processor: Intel Xeon Platinum 8488C
  NumSockets: 1
  Manufacturer: GenuineIntel
  NumCores: 2
  NumLogicals: 4
  CPUFrequency: 0
  Memory: 15706
  MemModuleInfo:
    iNumMemSticks: 1
    DIMM 1:
      manufacturer: Not Specified
      modulePartNo: Not Specified
      memType: DDR5
      size: 16
      clkspeed: 2400
      moduleVoltage: 0
Checksum: 070D0C8AB19DBBFC0BD872803F4E2A7358CB5088