---
system-info:
      stress-ng-version: 0.17.08
      run-by: root
      date-yyyy-mm-dd: 2024:09:07
      time-hh-mm-ss: 10:58:22
      epoch-secs: 1725706702
      hostname: ip-172-31-33-165
      sysname: Linux
      nodename: ip-172-31-33-165
      release: 6.8.0-1014-aws
      version: '#15-Ubuntu SMP Thu Aug  8 20:05:03 UTC 2024'
      machine: aarch64
      compiler: 'musl-gcc 13.2.1'
      uptime: 197
      totalram: 132642668544
      freeram: 123696390144
      sharedram: 34930688
      bufferram: 222220288
      totalswap: 0
      freeswap: 0
      pagesize: 4096
      cpus: 64
      cpus-online: 64
      ticks-per-second: 100

metrics:
    - stressor: cpu
      bogo-ops: 30657
      bogo-ops-per-second-usr-sys-time: 1532.834442
      bogo-ops-per-second-real-time: 1532.847442
      wall-clock-time: 20.000033
      user-time: 19.999204
      system-time: 0.000999
      cpu-usage-per-instance: 100.000848
      max-rss: 1024

...
