---
system-info:
      stress-ng-version: 0.17.08
      run-by: root
      date-yyyy-mm-dd: 2024:09:16
      time-hh-mm-ss: 15:23:10
      epoch-secs: 1726500190
      hostname: sc-runner
      sysname: Linux
      nodename: sc-runner
      release: 6.8.0-1014-azure
      version: '#16-Ubuntu SMP Thu Aug 15 20:04:41 UTC 2024'
      machine: x86_64
      compiler: 'musl-gcc 13.2.1'
      uptime: 330
      totalram: 29423050752
      freeram: 19219750912
      sharedram: 42053632
      bufferram: 232796160
      totalswap: 0
      freeswap: 0
      pagesize: 4096
      cpus: 8
      cpus-online: 8
      ticks-per-second: 100

metrics:
    - stressor: cpu
      bogo-ops: 24942
      bogo-ops-per-second-usr-sys-time: 1247.175579
      bogo-ops-per-second-real-time: 1247.096432
      wall-clock-time: 20.000057
      user-time: 19.997789
      system-time: 0.000999
      cpu-usage-per-instance: 99.993654
      max-rss: 3152

...
