---
system-info:
      stress-ng-version: 0.17.08
      run-by: root
      date-yyyy-mm-dd: 2024:09:03
      time-hh-mm-ss: 14:54:21
      epoch-secs: 1725375261
      hostname: sc-runner
      sysname: Linux
      nodename: sc-runner
      release: 6.8.0-1013-azure
      version: '#15-Ubuntu SMP Thu Aug  8 18:40:40 UTC 2024'
      machine: x86_64
      compiler: 'musl-gcc 13.2.1'
      uptime: 370
      totalram: 29423063040
      freeram: 20884582400
      sharedram: 42053632
      bufferram: 216563712
      totalswap: 0
      freeswap: 0
      pagesize: 4096
      cpus: 8
      cpus-online: 8
      ticks-per-second: 100

metrics:
    - stressor: cpu
      bogo-ops: 24948
      bogo-ops-per-second-usr-sys-time: 1247.414470
      bogo-ops-per-second-real-time: 1247.391509
      wall-clock-time: 20.000136
      user-time: 19.997769
      system-time: 0.001999
      cpu-usage-per-instance: 99.998159
      max-rss: 3152

...
