---
system-info:
      stress-ng-version: 0.17.08
      run-by: root
      date-yyyy-mm-dd: 2024:09:16
      time-hh-mm-ss: 00:11:09
      epoch-secs: 1726445469
      hostname: sc-runner
      sysname: Linux
      nodename: sc-runner
      release: 6.8.0-1014-azure
      version: '#16-Ubuntu SMP Thu Aug 15 21:06:50 UTC 2024'
      machine: aarch64
      compiler: 'musl-gcc 13.2.1'
      uptime: 321
      totalram: 16736686080
      freeram: 6728196096
      sharedram: 38125568
      bufferram: 223092736
      totalswap: 0
      freeswap: 0
      pagesize: 4096
      cpus: 8
      cpus-online: 8
      ticks-per-second: 100

metrics:
    - stressor: cpu
      bogo-ops: 36454
      bogo-ops-per-second-usr-sys-time: 1822.694350
      bogo-ops-per-second-real-time: 1822.691157
      wall-clock-time: 20.000097
      user-time: 20.000062
      system-time: 0.000000
      cpu-usage-per-instance: 99.999825
      max-rss: 1192

...
