BaselineInfo:
  WebDBID: -1
  TimeStamp: 20260404113744
Version:
  Major: 11
  Minor: 0
  Build: 1004
  SpecialBuildName: ""
  ptArchitecture: x86_64_linux
Results:
  Results Complete: true
  NumTestProcesses: 12
  CPU_INTEGER_MATH: 38456.582000000002
  CPU_FLOATINGPOINT_MATH: 20622.638521966335
  CPU_PRIME: 82.31796024343825
  CPU_SORTING: 23780.590781363906
  CPU_ENCRYPTION: 5320.1470713943472
  CPU_COMPRESSION: 177393.53416923864
  CPU_SINGLETHREAD: 2153.3288072875043
  CPU_PHYSICS: 1328.0083088878273
  CPU_MATRIX_MULT_SSE: 10661.974239870551
  CPU_mm: 1170.8584337651941
  CPU_sse: 4184.9169197738447
  CPU_fma: 13043.23535314362
  CPU_avx: 9219.3701776603921
  CPU_avx512: 16200.374508904346
  m_CPU_enc_SHA: 1737916524.4497931
  m_CPU_enc_AES: 13423242136.307537
  m_CPU_enc_ECDSA: 1574576945.8458664
  ME_ALLOC_S: 4431.0820039377304
  ME_READ_S: 24596.598828124999
  ME_READ_L: 10282.828125
  ME_WRITE: 9966.306640625
  ME_LARGE: 9986.5
  ME_LATENCY: 52.377170156453836
  ME_THREADED: 70301.85693359375
  SUMM_CPU: 13054.114438576915
  SUMM_ME: 2368.9589128123739
SystemInformation:
  OSName: Ubuntu 24.04.4 LTS
  Kernel: 6.8.0-106-generic
  Device: ""
  Processor: Intel(R) Xeon(R) Platinum 8269CY CPU T 3.10GHz
  NumSockets: 1
  Manufacturer: GenuineIntel
  NumCores: 6
  NumLogicals: 12
  CPUFrequency: 3100
  CPUMaxFrequency: 3800
  Memory: 22855
  CPUInfo:
    number: 1
    Family: 6
    Model: 5
    stepping: 7
    features: 529267711
    manufacture: GenuineIntel
    typestring: Intel(R) Xeon(R) Platinum 8269CY CPU T 3.10GHz
    iCoresPerPackage: 6
    iThreadsPerPackage: 2
    featuresEx:
      - 529267711
      - 4277809667
      - 739248128
    bHybrid: false
    nPCore: 0
    nLogicalsPerPCore: 0
    nECore: 0
    nLogicalsPerECore: 0
  MemModuleInfo:
    iNumMemSticks: 2
    DIMM 1:
      manufacturer: Alibaba Cloud
      modulePartNo: Not Specified
      memType: RAM
      size: 16
      clkspeed: 0
      moduleVoltage: 0
    DIMM 2:
      manufacturer: Alibaba Cloud
      modulePartNo: Not Specified
      memType: RAM
      size: 8
      clkspeed: 0
      moduleVoltage: 0
Checksum: 008A7FFD813C0F3920C59F6D0EFEB26553EF9F6A