BaselineInfo:
  WebDBID: -1
  TimeStamp: 20260205004239
Version:
  Major: 11
  Minor: 0
  Build: 1004
  SpecialBuildName: ""
  ptArchitecture: x86_64_linux
Results:
  Results Complete: true
  NumTestProcesses: 4
  CPU_INTEGER_MATH: 20596.602999999996
  CPU_FLOATINGPOINT_MATH: 14928.647515873214
  CPU_PRIME: 44.25992410440638
  CPU_SORTING: 10775.288436452316
  CPU_ENCRYPTION: 4532.6568522732414
  CPU_COMPRESSION: 80816.94453329235
  CPU_SINGLETHREAD: 3277.5740242665447
  CPU_PHYSICS: 1006.3971531364074
  CPU_MATRIX_MULT_SSE: 5620.0024402397612
  CPU_mm: 616.21272389960188
  CPU_sse: 2517.7367583104005
  CPU_fma: 6550.9419994003674
  CPU_avx: 5329.2876291173798
  CPU_avx512: 8082.0433741308952
  m_CPU_enc_SHA: 4796914332.1842709
  m_CPU_enc_AES: 6261138423.6542501
  m_CPU_enc_ECDSA: 3200452818.7492781
  ME_ALLOC_S: 2921.0484450253434
  ME_READ_S: 28931.1494140625
  ME_READ_L: 15400.337890625
  ME_WRITE: 12904.0576171875
  ME_LARGE: 1721.25
  ME_LATENCY: 65.960383705963963
  ME_THREADED: 41275.0478515625
  SUMM_CPU: 8054.9590014472806
  SUMM_ME: 1708.0131771264566
SystemInformation:
  OSName: Ubuntu 24.04.3 LTS
  Kernel: 6.14.0-1018-aws
  Device: ""
  Processor: Intel(R) Xeon(R) 6975P-C
  NumSockets: 1
  Manufacturer: GenuineIntel
  NumCores: 2
  NumLogicals: 4
  CPUFrequency: 0
  CPUMaxFrequency: 0
  Memory: 7780
  CPUInfo:
    number: 1
    Family: 6
    Model: 13
    stepping: 1
    features: 529267711
    manufacture: GenuineIntel
    typestring: Intel(R) Xeon(R) 6975P-C
    iCoresPerPackage: 2
    iThreadsPerPackage: 2
    featuresEx:
      - 529267711
      - 4294619651
      - 739248128
    bHybrid: false
    nPCore: 0
    nLogicalsPerPCore: 0
    nECore: 0
    nLogicalsPerECore: 0
  MemModuleInfo:
    iNumMemSticks: 1
    DIMM 1:
      manufacturer: Not Specified
      modulePartNo: Not Specified
      memType: DDR5
      size: 8
      clkspeed: 3600
      moduleVoltage: 0
Checksum: FDB41057186BD4FEED2263CF87243B92964B25A0