BaselineInfo:
  WebDBID: -1
  TimeStamp: 20250901182129
Version:
  Major: 11
  Minor: 0
  Build: 1002
  SpecialBuildName: ""
  ptArchitecture: aarch64_linux
Results:
  Results Complete: true
  NumTestProcesses: 192
  CPU_INTEGER_MATH: 962489.63200000057
  CPU_FLOATINGPOINT_MATH: 1117764.9134119514
  CPU_PRIME: 1625.6507961662342
  CPU_SORTING: 821576.51522604143
  CPU_ENCRYPTION: 34703.029205102095
  CPU_COMPRESSION: 1226615.901741747
  CPU_SINGLETHREAD: 1866.8209841620512
  CPU_PHYSICS: 36672.740996100838
  CPU_MATRIX_MULT_SSE: 139880.51456244595
  CPU_mm: 20954.163056441255
  CPU_sse: 110312.29153172507
  CPU_fma: 169448.73759316697
  CPU_avx: 0
  CPU_avx512: 0
  m_CPU_enc_SHA: 54453867148.272682
  m_CPU_enc_AES: 19789371135.085766
  m_CPU_enc_ECDSA: 34923052371.948921
  ME_ALLOC_S: 46868.694084958443
  ME_READ_S: 20033.7529296875
  ME_READ_L: 18663.369140625
  ME_WRITE: 20497.79296875
  ME_LARGE: 1505728.1666666667
  ME_LATENCY: 46.350669019840915
  ME_THREADED: 1002021.0228271484
  SUMM_CPU: 77459.693558214334
  SUMM_ME: 3331.3894611738119
SystemInformation:
  OSName: Ubuntu 24.04.2 LTS
  Kernel: 6.14.0-1011-aws
  Device: ""
  Processor: ARM Neoverse-V2 192 Core 0 MHz
  NumSockets: 2
  Manufacturer: ARM
  NumCores: 192
  NumLogicals: 192
  CPUFrequency: 0
  Memory: 1520774
Checksum: BEB68CEE128874D12143C1165D2EF4A715AA7304