BaselineInfo:
  WebDBID: -1
  TimeStamp: 20260708175522
Version:
  Major: 11
  Minor: 0
  Build: 1004
  SpecialBuildName: ""
  ptArchitecture: x86_64_linux
Results:
  Results Complete: true
  NumTestProcesses: 2
  CPU_INTEGER_MATH: 15094.955
  CPU_FLOATINGPOINT_MATH: 15017.143969995515
  CPU_PRIME: 53.186562448634938
  CPU_SORTING: 8878.3517134373815
  CPU_ENCRYPTION: 3078.2995084665135
  CPU_COMPRESSION: 65530.932290057317
  CPU_SINGLETHREAD: 3778.7087650211597
  CPU_PHYSICS: 969.23287487915854
  CPU_MATRIX_MULT_SSE: 5485.740624736769
  CPU_mm: 720.42719994544973
  CPU_sse: 2184.6455156658162
  CPU_fma: 8287.5739628972115
  CPU_avx: 4227.7721149826775
  CPU_avx512: 7242.9709054013701
  m_CPU_enc_SHA: 4288774199.7223263
  m_CPU_enc_AES: 2682983154.9006968
  m_CPU_enc_ECDSA: 2711735601.5463266
  ME_ALLOC_S: 2749.4643548675972
  ME_READ_S: 33019.005273437499
  ME_READ_L: 29102.009765625
  ME_WRITE: 29382.279296875
  ME_LARGE: 7745
  ME_LATENCY: 81.247173123644842
  ME_THREADED: 45551.8203125
  SUMM_CPU: 6750.9200318779003
  SUMM_ME: 2335.1307723420468
SystemInformation:
  OSName: Ubuntu 24.04.4 LTS
  Kernel: 6.17.0-1018-azure
  Device: ""
  Processor: "AMD EPYC 9V45 96-Core Processor                "
  NumSockets: 1
  Manufacturer: AuthenticAMD
  NumCores: 2
  NumLogicals: 2
  CPUFrequency: 0
  CPUMaxFrequency: 0
  Memory: 15990
  CPUInfo:
    number: 1
    Family: 15
    Model: 2
    stepping: 1
    features: 395049983
    manufacture: AuthenticAMD
    typestring: "AMD EPYC 9V45 96-Core Processor                "
    iCoresPerPackage: 8
    iThreadsPerPackage: 1
    featuresEx:
      - 395049983
      - 4277809667
      - 802421759
    bHybrid: false
    nPCore: 0
    nLogicalsPerPCore: 0
    nECore: 0
    nLogicalsPerECore: 0
  MemModuleInfo:
    iNumMemSticks: 2
    DIMM 1:
      manufacturer: Microsoft Corporation
      modulePartNo: None
      memType: Unknown
      size: 1
      clkspeed: 0
      moduleVoltage: 0
    DIMM 2:
      manufacturer: Microsoft Corporation
      modulePartNo: None
      memType: Unknown
      size: 15
      clkspeed: 0
      moduleVoltage: 0
Checksum: FC20FF441831E6AB111D404CF3CA925DF0C629EE