---
system-info:
      stress-ng-version: 0.17.08
      run-by: root
      date-yyyy-mm-dd: 2024:06:09
      time-hh-mm-ss: 13:56:06
      epoch-secs: 1717941366
      hostname: 80bbce251631
      sysname: Linux
      nodename: 80bbce251631
      release: 6.8.0-1008-aws
      version: '#8-Ubuntu SMP Sat Apr 20 00:46:25 UTC 2024'
      machine: x86_64
      compiler: 'musl-gcc 13.2.1'
      uptime: 160
      totalram: 16602042368
      freeram: 12181196800
      sharedram: 11632640
      bufferram: 110223360
      totalswap: 0
      freeswap: 0
      pagesize: 4096
      cpus: 2
      cpus-online: 2
      ticks-per-second: 100

metrics:
    - stressor: cpu
      bogo-ops: 15829
      bogo-ops-per-second-usr-sys-time: 801.713334
      bogo-ops-per-second-real-time: 1581.955591
      wall-clock-time: 10.005970
      user-time: 19.732997
      system-time: 0.010968
      cpu-usage-per-instance: 98.660926
      max-rss: 4048

...
