---
system-info:
      stress-ng-version: 0.17.08
      run-by: root
      date-yyyy-mm-dd: 2024:06:15
      time-hh-mm-ss: 16:25:52
      epoch-secs: 1718468752
      hostname: 2ddb89b9588a
      sysname: Linux
      nodename: 2ddb89b9588a
      release: 6.8.0-1008-aws
      version: '#8-Ubuntu SMP Sat Apr 20 00:46:25 UTC 2024'
      machine: x86_64
      compiler: 'musl-gcc 13.2.1'
      uptime: 166
      totalram: 16602042368
      freeram: 12316553216
      sharedram: 11632640
      bufferram: 110895104
      totalswap: 0
      freeswap: 0
      pagesize: 4096
      cpus: 2
      cpus-online: 2
      ticks-per-second: 100

metrics:
    - stressor: cpu
      bogo-ops: 11780
      bogo-ops-per-second-usr-sys-time: 299.094996
      bogo-ops-per-second-real-time: 588.996665
      wall-clock-time: 20.000113
      user-time: 39.371543
      system-time: 0.013937
      cpu-usage-per-instance: 98.463142
      max-rss: 1104

...
