BaselineInfo:
  WebDBID: -1
  TimeStamp: 20260630170725
Version:
  Major: 11
  Minor: 0
  Build: 1004
  SpecialBuildName: ""
  ptArchitecture: x86_64_linux
Results:
  Results Complete: true
  NumTestProcesses: 24
  CPU_INTEGER_MATH: 148304.1846666667
  CPU_FLOATINGPOINT_MATH: 130480.33146865293
  CPU_PRIME: 479.29567909042117
  CPU_SORTING: 93854.680477492424
  CPU_ENCRYPTION: 31757.416422946906
  CPU_COMPRESSION: 643608.87785450206
  CPU_SINGLETHREAD: 2950.3107671338366
  CPU_PHYSICS: 8420.1335959255466
  CPU_MATRIX_MULT_SSE: 61051.060020638724
  CPU_mm: 6396.2576813502574
  CPU_sse: 28391.279604859741
  CPU_fma: 83618.696842100355
  CPU_avx: 71752.193893876829
  CPU_avx512: 60442.069741717867
  m_CPU_enc_SHA: 44356306375.262039
  m_CPU_enc_AES: 28114207024.58873
  m_CPU_enc_ECDSA: 27429680649.473164
  ME_ALLOC_S: 12936.091532629478
  ME_READ_S: 28273.630468750001
  ME_READ_L: 26359.1796875
  ME_WRITE: 24921.333984375
  ME_LARGE: 184048.16666666666
  ME_LATENCY: 67.609978233599577
  ME_THREADED: 539607.3359375
  SUMM_CPU: 52038.954387349688
  SUMM_ME: 3082.2265408589024
SystemInformation:
  OSName: Ubuntu 24.04.4 LTS
  Kernel: 6.8.0-124-generic
  Device: ""
  Processor: AMD EPYC-Genoa Processor
  NumSockets: 2
  Manufacturer: AuthenticAMD
  NumCores: 12
  NumLogicals: 24
  CPUFrequency: 0
  CPUMaxFrequency: 0
  Memory: 193218
  CPUInfo:
    number: 2
    Family: 15
    Model: 1
    stepping: 0
    features: 395049983
    manufacture: AuthenticAMD
    typestring: AMD EPYC-Genoa Processor
    iCoresPerPackage: 6
    iThreadsPerPackage: 2
    featuresEx:
      - 395049983
      - 4277809667
      - 802421759
    bHybrid: false
    nPCore: 0
    nLogicalsPerPCore: 0
    nECore: 0
    nLogicalsPerECore: 0
  MemModuleInfo:
    iNumMemSticks: 12
    DIMM 1:
      manufacturer: QEMU
      modulePartNo: Not Specified
      memType: RAM
      size: 16
      clkspeed: 0
      moduleVoltage: 0
    DIMM 2:
      manufacturer: QEMU
      modulePartNo: Not Specified
      memType: RAM
      size: 16
      clkspeed: 0
      moduleVoltage: 0
    DIMM 3:
      manufacturer: QEMU
      modulePartNo: Not Specified
      memType: RAM
      size: 16
      clkspeed: 0
      moduleVoltage: 0
    DIMM 4:
      manufacturer: QEMU
      modulePartNo: Not Specified
      memType: RAM
      size: 16
      clkspeed: 0
      moduleVoltage: 0
    DIMM 5:
      manufacturer: QEMU
      modulePartNo: Not Specified
      memType: RAM
      size: 16
      clkspeed: 0
      moduleVoltage: 0
    DIMM 6:
      manufacturer: QEMU
      modulePartNo: Not Specified
      memType: RAM
      size: 16
      clkspeed: 0
      moduleVoltage: 0
    DIMM 7:
      manufacturer: QEMU
      modulePartNo: Not Specified
      memType: RAM
      size: 16
      clkspeed: 0
      moduleVoltage: 0
    DIMM 8:
      manufacturer: QEMU
      modulePartNo: Not Specified
      memType: RAM
      size: 16
      clkspeed: 0
      moduleVoltage: 0
    DIMM 9:
      manufacturer: QEMU
      modulePartNo: Not Specified
      memType: RAM
      size: 16
      clkspeed: 0
      moduleVoltage: 0
    DIMM 10:
      manufacturer: QEMU
      modulePartNo: Not Specified
      memType: RAM
      size: 16
      clkspeed: 0
      moduleVoltage: 0
    DIMM 11:
      manufacturer: QEMU
      modulePartNo: Not Specified
      memType: RAM
      size: 16
      clkspeed: 0
      moduleVoltage: 0
    DIMM 12:
      manufacturer: QEMU
      modulePartNo: Not Specified
      memType: RAM
      size: 16
      clkspeed: 0
      moduleVoltage: 0
Checksum: F187BFDE983E558CB82DD4AB8E779CB4EE7A2D66