BaselineInfo:
  WebDBID: -1
  TimeStamp: 20250527044248
Version:
  Major: 11
  Minor: 0
  Build: 1002
  SpecialBuildName: ""
  ptArchitecture: x86_64_linux
Results:
  Results Complete: true
  NumTestProcesses: 32
  CPU_INTEGER_MATH: 170141.77299999999
  CPU_FLOATINGPOINT_MATH: 120557.66287993011
  CPU_PRIME: 340.54312652765185
  CPU_SORTING: 84586.488286179738
  CPU_ENCRYPTION: 37479.2180205185
  CPU_COMPRESSION: 617539.52105806523
  CPU_SINGLETHREAD: 3249.4861610573821
  CPU_PHYSICS: 7893.8213684247976
  CPU_MATRIX_MULT_SSE: 50319.412784592132
  CPU_mm: 4811.1421530605021
  CPU_sse: 20799.978818225773
  CPU_fma: 55406.379947276044
  CPU_avx: 42619.109709873679
  CPU_avx512: 82452.182662993058
  m_CPU_enc_SHA: 39612072611.137558
  m_CPU_enc_AES: 51636841046.802406
  m_CPU_enc_ECDSA: 26650511887.309643
  ME_ALLOC_S: 20147.7651819772
  ME_READ_S: 29076.345117187499
  ME_READ_L: 10853.001953125
  ME_WRITE: 9234.123046875
  ME_LARGE: 666207.25
  ME_LATENCY: 66.445662537723521
  ME_THREADED: 283813.7529296875
  SUMM_CPU: 52508.623060998609
  SUMM_ME: 2513.1006305478309
SystemInformation:
  OSName: Ubuntu 24.04.2 LTS
  Kernel: 6.11.0-1015-azure
  Device: ""
  Processor: INTEL XEON PLATINUM 8573C
  NumSockets: 2
  Manufacturer: GenuineIntel
  NumCores: 16
  NumLogicals: 32
  CPUFrequency: 2300
  Memory: 677255
  MemModuleInfo:
    iNumMemSticks: 4
    DIMM 1:
      manufacturer: Microsoft Corporation
      modulePartNo: None
      memType: Unknown
      size: 1
      clkspeed: 0
      moduleVoltage: 0
    DIMM 2:
      manufacturer: Microsoft Corporation
      modulePartNo: None
      memType: Unknown
      size: 59
      clkspeed: 0
      moduleVoltage: 0
    DIMM 3:
      manufacturer: Microsoft Corporation
      modulePartNo: None
      memType: Unknown
      size: 276
      clkspeed: 0
      moduleVoltage: 0
    DIMM 4:
      manufacturer: Microsoft Corporation
      modulePartNo: None
      memType: Unknown
      size: 336
      clkspeed: 0
      moduleVoltage: 0
Checksum: EEA58533312351491A4248C48F229E21501A551B