---
system-info:
      stress-ng-version: 0.17.08
      run-by: root
      date-yyyy-mm-dd: 2024:06:08
      time-hh-mm-ss: 14:40:57
      epoch-secs: 1717857657
      hostname: 2ae6d5446d03
      sysname: Linux
      nodename: 2ae6d5446d03
      release: 6.8.0-1008-aws
      version: '#8-Ubuntu SMP Sat Apr 20 00:46:25 UTC 2024'
      machine: x86_64
      compiler: 'musl-gcc 13.2.1'
      uptime: 147
      totalram: 16555192320
      freeram: 12206030848
      sharedram: 40722432
      bufferram: 102539264
      totalswap: 0
      freeswap: 0
      pagesize: 4096
      cpus: 4
      cpus-online: 4
      ticks-per-second: 100

metrics:
    - stressor: cpu
      bogo-ops: 14251
      bogo-ops-per-second-usr-sys-time: 1424.587718
      bogo-ops-per-second-real-time: 1424.568933
      wall-clock-time: 10.003728
      user-time: 10.003596
      system-time: 0.000000
      cpu-usage-per-instance: 99.998681
      max-rss: 3920

...
