---
system-info:
      stress-ng-version: 0.17.08
      run-by: root
      date-yyyy-mm-dd: 2024:06:14
      time-hh-mm-ss: 20:42:34
      epoch-secs: 1718397754
      hostname: b37b1a2955ca
      sysname: Linux
      nodename: b37b1a2955ca
      release: 6.8.0-1008-aws
      version: '#8-Ubuntu SMP Sat Apr 20 00:46:25 UTC 2024'
      machine: x86_64
      compiler: 'musl-gcc 13.2.1'
      uptime: 161
      totalram: 16555180032
      freeram: 12221669376
      sharedram: 40722432
      bufferram: 110501888
      totalswap: 0
      freeswap: 0
      pagesize: 4096
      cpus: 4
      cpus-online: 4
      ticks-per-second: 100

metrics:
    - stressor: cpu
      bogo-ops: 25577
      bogo-ops-per-second-usr-sys-time: 1278.881269
      bogo-ops-per-second-real-time: 1278.842149
      wall-clock-time: 20.000123
      user-time: 19.999511
      system-time: 0.000000
      cpu-usage-per-instance: 99.996941
      max-rss: 1104

...
