BaselineInfo:
  WebDBID: -1
  TimeStamp: 20241109030147
Version:
  Major: 11
  Minor: 0
  Build: 1002
  SpecialBuildName: ""
  ptArchitecture: aarch64_linux
Results:
  Results Complete: true
  NumTestProcesses: 64
  CPU_INTEGER_MATH: 292236.0946666667
  CPU_FLOATINGPOINT_MATH: 222515.49885189722
  CPU_PRIME: 237.44877926039268
  CPU_SORTING: 197230.08805197038
  CPU_ENCRYPTION: 10076.5854169216
  CPU_COMPRESSION: 353282.61518636782
  CPU_SINGLETHREAD: 1334.4994067351245
  CPU_PHYSICS: 3863.0009856052297
  CPU_MATRIX_MULT_SSE: 46046.66011846871
  CPU_mm: 7729.4171639110091
  CPU_sse: 38363.318419535841
  CPU_fma: 53730.001817401593
  CPU_avx: 0
  CPU_avx512: 0
  m_CPU_enc_SHA: 14935048192.847834
  m_CPU_enc_AES: 6992654967.305584
  m_CPU_enc_ECDSA: 9770493730.2485313
  ME_ALLOC_S: 21390.792620464432
  ME_READ_S: 11380.384472656249
  ME_READ_L: 9766.625
  ME_WRITE: 15051.41796875
  ME_LARGE: 195216.41666666666
  ME_LATENCY: 69.89841775948419
  ME_THREADED: 180093.02856445312
  SUMM_CPU: 32520.870245565045
  SUMM_ME: 2012.4593122241417
SystemInformation:
  OSName: Ubuntu 24.04.1 LTS
  Kernel: 6.8.0-1017-azure
  Device: ""
  Processor: ARM Neoverse-N1 64 Core 0 MHz
  NumSockets: 1
  Manufacturer: ARM
  NumCores: 64
  NumLogicals: 64
  CPUFrequency: 0
  Memory: 208927
Checksum: 00423BC541850D3FED36D87C65E662CBE4117DC8