---
system-info:
      stress-ng-version: 0.17.08
      run-by: root
      date-yyyy-mm-dd: 2024:09:17
      time-hh-mm-ss: 12:07:00
      epoch-secs: 1726574820
      hostname: sc-runner
      sysname: Linux
      nodename: sc-runner
      release: 6.8.0-1014-azure
      version: '#16-Ubuntu SMP Thu Aug 15 20:04:41 UTC 2024'
      machine: x86_64
      compiler: 'musl-gcc 13.2.1'
      uptime: 376
      totalram: 270438899712
      freeram: 258415644672
      sharedram: 79798272
      bufferram: 330416128
      totalswap: 0
      freeswap: 0
      pagesize: 4096
      cpus: 64
      cpus-online: 64
      ticks-per-second: 100

metrics:
    - stressor: cpu
      bogo-ops: 29292
      bogo-ops-per-second-usr-sys-time: 1464.641230
      bogo-ops-per-second-real-time: 1464.594116
      wall-clock-time: 20.000080
      user-time: 19.999437
      system-time: 0.000000
      cpu-usage-per-instance: 99.996783
      max-rss: 2560

...
