---
system-info:
      stress-ng-version: 0.17.08
      run-by: root
      date-yyyy-mm-dd: 2024:06:10
      time-hh-mm-ss: 03:58:15
      epoch-secs: 1717991895
      hostname: c7b1e8896764
      sysname: Linux
      nodename: c7b1e8896764
      release: 6.8.0-1008-aws
      version: '#8-Ubuntu SMP Sat Apr 20 00:46:25 UTC 2024'
      machine: x86_64
      compiler: 'musl-gcc 13.2.1'
      uptime: 198
      totalram: 1003958272
      freeram: 118521856
      sharedram: 32751616
      bufferram: 62087168
      totalswap: 0
      freeswap: 0
      pagesize: 4096
      cpus: 1
      cpus-online: 1
      ticks-per-second: 100

metrics:
    - stressor: cpu
      bogo-ops: 11287
      bogo-ops-per-second-usr-sys-time: 1152.801977
      bogo-ops-per-second-real-time: 1128.654685
      wall-clock-time: 10.000401
      user-time: 9.787955
      system-time: 0.002972
      cpu-usage-per-instance: 97.905339
      max-rss: 4048

...
