---
system-info:
      stress-ng-version: 0.17.08
      run-by: root
      date-yyyy-mm-dd: 2024:06:16
      time-hh-mm-ss: 06:44:18
      epoch-secs: 1718520258
      hostname: cbe5c0d3d8f6
      sysname: Linux
      nodename: cbe5c0d3d8f6
      release: 6.8.0-1008-aws
      version: '#8-Ubuntu SMP Sat Apr 20 00:46:25 UTC 2024'
      machine: x86_64
      compiler: 'musl-gcc 13.2.1'
      uptime: 210
      totalram: 1003962368
      freeram: 91668480
      sharedram: 32751616
      bufferram: 53805056
      totalswap: 0
      freeswap: 0
      pagesize: 4096
      cpus: 1
      cpus-online: 1
      ticks-per-second: 100

metrics:
    - stressor: cpu
      bogo-ops: 14281
      bogo-ops-per-second-usr-sys-time: 729.048645
      bogo-ops-per-second-real-time: 714.042254
      wall-clock-time: 20.000217
      user-time: 19.587551
      system-time: 0.000991
      cpu-usage-per-instance: 97.941648
      max-rss: 1104

...
