---
system-info:
      stress-ng-version: 0.17.08
      run-by: root
      date-yyyy-mm-dd: 2024:06:14
      time-hh-mm-ss: 16:26:10
      epoch-secs: 1718382370
      hostname: 876d32577bd8
      sysname: Linux
      nodename: 876d32577bd8
      release: 6.8.0-1008-aws
      version: '#8-Ubuntu SMP Sat Apr 20 00:46:25 UTC 2024'
      machine: x86_64
      compiler: 'musl-gcc 13.2.1'
      uptime: 204
      totalram: 7795363840
      freeram: 3466473472
      sharedram: 27529216
      bufferram: 113422336
      totalswap: 0
      freeswap: 0
      pagesize: 4096
      cpus: 2
      cpus-online: 2
      ticks-per-second: 100

metrics:
    - stressor: cpu
      bogo-ops: 25266
      bogo-ops-per-second-usr-sys-time: 1263.599663
      bogo-ops-per-second-real-time: 1263.290437
      wall-clock-time: 20.000151
      user-time: 19.994257
      system-time: 0.001000
      cpu-usage-per-instance: 99.975528
      max-rss: 1232

...
