---
system-info:
      stress-ng-version: 0.17.08
      run-by: root
      date-yyyy-mm-dd: 2024:06:07
      time-hh-mm-ss: 17:00:46
      epoch-secs: 1717779646
      hostname: a6fb995db725
      sysname: Linux
      nodename: a6fb995db725
      release: 6.8.0-1008-aws
      version: '#8-Ubuntu SMP Sat Apr 20 00:46:25 UTC 2024'
      machine: x86_64
      compiler: 'musl-gcc 13.2.1'
      uptime: 183
      totalram: 7795359744
      freeram: 3591626752
      sharedram: 27537408
      bufferram: 96378880
      totalswap: 0
      freeswap: 0
      pagesize: 4096
      cpus: 2
      cpus-online: 2
      ticks-per-second: 100

metrics:
    - stressor: cpu
      bogo-ops: 13486
      bogo-ops-per-second-usr-sys-time: 1349.788219
      bogo-ops-per-second-real-time: 1348.477379
      wall-clock-time: 10.000909
      user-time: 9.989218
      system-time: 0.001979
      cpu-usage-per-instance: 99.902886
      max-rss: 4048

...
