BaselineInfo:
  WebDBID: -1
  TimeStamp: 20260522140321
Version:
  Major: 11
  Minor: 0
  Build: 1004
  SpecialBuildName: ""
  ptArchitecture: x86_64_linux
Results:
  Results Complete: true
  NumTestProcesses: 2
  CPU_INTEGER_MATH: 13669.559000000001
  CPU_FLOATINGPOINT_MATH: 14243.142124746799
  CPU_PRIME: 50.096927303784533
  CPU_SORTING: 7300.7773825419727
  CPU_ENCRYPTION: 2935.2466203010845
  CPU_COMPRESSION: 56247.521836504486
  CPU_SINGLETHREAD: 3337.6982285119975
  CPU_PHYSICS: 696.65467909885353
  CPU_MATRIX_MULT_SSE: 4842.7820696810577
  CPU_mm: 559.90283636857816
  CPU_sse: 1963.5286201395486
  CPU_fma: 6906.1707791369035
  CPU_avx: 3691.1856667552065
  CPU_avx512: 6810.2432126925742
  m_CPU_enc_SHA: 4145273644.8224354
  m_CPU_enc_AES: 2593480835.5090208
  m_CPU_enc_ECDSA: 2494733000.0550337
  ME_ALLOC_S: 2223.6896232539411
  ME_READ_S: 31579.30859375
  ME_READ_L: 27208.44921875
  ME_WRITE: 22756.126953125
  ME_LARGE: 2938.1666666666665
  ME_LATENCY: 112.63534899734093
  ME_THREADED: 41301.259765625
  SUMM_CPU: 5994.8644186302972
  SUMM_ME: 1650.499219243367
SystemInformation:
  OSName: Ubuntu 24.04.4 LTS
  Kernel: 6.8.0-111-generic
  Device: ""
  Processor: "AMD EPYC 9575F 64-Core Processor               "
  NumSockets: 1
  Manufacturer: AuthenticAMD
  NumCores: 2
  NumLogicals: 2
  CPUFrequency: 0
  CPUMaxFrequency: 0
  Memory: 15897
  CPUInfo:
    number: 1
    Family: 15
    Model: 2
    stepping: 1
    features: 395049983
    manufacture: AuthenticAMD
    typestring: "AMD EPYC 9575F 64-Core Processor               "
    iCoresPerPackage: 255
    iThreadsPerPackage: 1
    featuresEx:
      - 395049983
      - 4294586883
      - 802421759
    bHybrid: false
    nPCore: 0
    nLogicalsPerPCore: 0
    nECore: 0
    nLogicalsPerECore: 0
  MemModuleInfo:
    iNumMemSticks: 1
    DIMM 1:
      manufacturer: QEMU
      modulePartNo: Not Specified
      memType: RAM
      size: 16
      clkspeed: 0
      moduleVoltage: 0
Checksum: C54D112865F230B5C0F968321A2CF7A73F98ED5B