BaselineInfo:
  WebDBID: -1
  TimeStamp: 20260403000548
Version:
  Major: 11
  Minor: 0
  Build: 1004
  SpecialBuildName: ""
  ptArchitecture: x86_64_linux
Results:
  Results Complete: true
  NumTestProcesses: 2
  CPU_INTEGER_MATH: 8294.9063333333324
  CPU_FLOATINGPOINT_MATH: 4252.4767082985709
  CPU_PRIME: 18.385641461287552
  CPU_SORTING: 4341.6140212654955
  CPU_ENCRYPTION: 1046.2716654271612
  CPU_COMPRESSION: 31925.310691124432
  CPU_SINGLETHREAD: 2285.4072590657597
  CPU_PHYSICS: 363.91184185574468
  CPU_MATRIX_MULT_SSE: 1626.0782388716975
  CPU_mm: 179.60148471754971
  CPU_sse: 781.1957376072445
  CPU_fma: 2164.2556189895813
  CPU_avx: 1603.0164202533474
  CPU_avx512: 1955.8451786366163
  m_CPU_enc_SHA: 298733763.85103905
  m_CPU_enc_AES: 2724672460.2228971
  m_CPU_enc_ECDSA: 267879849.46691656
  ME_ALLOC_S: 1002.310431794302
  ME_READ_S: 23777.324804687501
  ME_READ_L: 10940.18359375
  ME_WRITE: 10158.0029296875
  ME_LARGE: 1140.9166666666667
  ME_LATENCY: 53.96429407852478
  ME_THREADED: 15549.11474609375
  SUMM_CPU: 2706.5664712286211
  SUMM_ME: 1290.9965599921632
SystemInformation:
  OSName: Ubuntu 24.04.4 LTS
  Kernel: 6.8.0-106-generic
  Device: ""
  Processor: Intel(R) Xeon(R) Platinum
  NumSockets: 1
  Manufacturer: GenuineIntel
  NumCores: 1
  NumLogicals: 2
  CPUFrequency: 0
  CPUMaxFrequency: 0
  Memory: 3499
  CPUInfo:
    number: 1
    Family: 6
    Model: 5
    stepping: 4
    features: 529267711
    manufacture: GenuineIntel
    typestring: Intel(R) Xeon(R) Platinum
    iCoresPerPackage: 1
    iThreadsPerPackage: 2
    featuresEx:
      - 529267711
      - 4294586883
      - 739248128
    bHybrid: false
    nPCore: 0
    nLogicalsPerPCore: 0
    nECore: 0
    nLogicalsPerECore: 0
  MemModuleInfo:
    iNumMemSticks: 1
    DIMM 1:
      manufacturer: Alibaba Cloud
      modulePartNo: Not Specified
      memType: RAM
      size: 4
      clkspeed: 0
      moduleVoltage: 0
Checksum: AF2970BFE79B07CC837A22775E09AA87F5DB6D4D