BaselineInfo:
  WebDBID: -1
  TimeStamp: 20241109053716
Version:
  Major: 11
  Minor: 0
  Build: 1002
  SpecialBuildName: ""
  ptArchitecture: x86_64_linux
Results:
  Results Complete: true
  NumTestProcesses: 32
  CPU_INTEGER_MATH: 156728.42933333336
  CPU_FLOATINGPOINT_MATH: 111654.00642776029
  CPU_PRIME: 287.7811041827681
  CPU_SORTING: 75040.848040130295
  CPU_ENCRYPTION: 31455.127232183306
  CPU_COMPRESSION: 525801.28065841156
  CPU_SINGLETHREAD: 3004.0851569077754
  CPU_PHYSICS: 5545.710596901693
  CPU_MATRIX_MULT_SSE: 36886.044877622022
  CPU_mm: 4260.4083233399133
  CPU_sse: 18354.283316480891
  CPU_fma: 41910.723419827176
  CPU_avx: 34116.50331446754
  CPU_avx512: 53162.669459712481
  m_CPU_enc_SHA: 33780490904.453278
  m_CPU_enc_AES: 42579612758.121925
  m_CPU_enc_ECDSA: 22589170815.266315
  ME_ALLOC_S: 15634.439743267447
  ME_READ_S: 27460.609960937501
  ME_READ_L: 9028.7509765625
  ME_WRITE: 12163.326171875
  ME_LARGE: 242790.83333333334
  ME_LATENCY: 82.919622967554133
  ME_THREADED: 157957.7158203125
  SUMM_CPU: 45572.144482249976
  SUMM_ME: 2186.5911011479811
SystemInformation:
  OSName: Ubuntu 24.04.1 LTS
  Kernel: 6.8.0-1016-aws
  Device: ""
  Processor: Intel Xeon Platinum 8488C
  NumSockets: 1
  Manufacturer: GenuineIntel
  NumCores: 16
  NumLogicals: 32
  CPUFrequency: 0
  Memory: 253668
  MemModuleInfo:
    iNumMemSticks: 1
    DIMM 1:
      manufacturer: Not Specified
      modulePartNo: Not Specified
      memType: DDR5
      size: 256
      clkspeed: 2400
      moduleVoltage: 0
Checksum: 8B3E1FB28D55FBA6B606ED1EBAF80A312A4210BE