BaselineInfo:
  WebDBID: -1
  TimeStamp: 20241107075755
Version:
  Major: 11
  Minor: 0
  Build: 1002
  SpecialBuildName: ""
  ptArchitecture: aarch64_linux
Results:
  Results Complete: true
  NumTestProcesses: 4
  CPU_INTEGER_MATH: 18727.078333333331
  CPU_FLOATINGPOINT_MATH: 14337.624153219123
  CPU_PRIME: 26.384919142854329
  CPU_SORTING: 13342.690207993412
  CPU_ENCRYPTION: 651.07598589361021
  CPU_COMPRESSION: 21768.890121251006
  CPU_SINGLETHREAD: 1323.065173424651
  CPU_PHYSICS: 525.99757367270422
  CPU_MATRIX_MULT_SSE: 2981.542417388328
  CPU_mm: 496.46218223866128
  CPU_sse: 2497.2577650699341
  CPU_fma: 3465.8270697067219
  CPU_avx: 0
  CPU_avx512: 0
  m_CPU_enc_SHA: 980260227.89292443
  m_CPU_enc_AES: 452906396.29487014
  m_CPU_enc_ECDSA: 614941334.76534009
  ME_ALLOC_S: 2662.2259990760854
  ME_READ_S: 11179.73779296875
  ME_READ_L: 7046.50390625
  ME_WRITE: 14775.0087890625
  ME_LARGE: 5984.416666666667
  ME_LATENCY: 83.731190777494589
  ME_THREADED: 27378.70751953125
  SUMM_CPU: 3157.6317832147388
  SUMM_ME: 1470.1756211705697
SystemInformation:
  OSName: Ubuntu 24.04.1 LTS
  Kernel: 6.8.0-1017-azure
  Device: ""
  Processor: ARM Neoverse-N1 4 Core 0 MHz
  NumSockets: 1
  Manufacturer: ARM
  NumCores: 4
  NumLogicals: 4
  CPUFrequency: 0
  Memory: 15958
Checksum: B3162BA95DA7490F8215063B0C9EE6F8385F55AC