---
system-info:
      stress-ng-version: 0.17.08
      run-by: root
      date-yyyy-mm-dd: 2024:06:20
      time-hh-mm-ss: 22:07:00
      epoch-secs: 1718921220
      hostname: 7ea8dfd8bcb7
      sysname: Linux
      nodename: 7ea8dfd8bcb7
      release: 6.8.0-1008-gcp
      version: '#9-Ubuntu SMP Wed May 22 18:09:04 UTC 2024'
      machine: x86_64
      compiler: 'musl-gcc 13.2.1'
      uptime: 153
      totalram: 8324931584
      freeram: 3386023936
      sharedram: 34971648
      bufferram: 133513216
      totalswap: 0
      freeswap: 0
      pagesize: 4096
      cpus: 2
      cpus-online: 2
      ticks-per-second: 100

metrics:
    - stressor: cpu
      bogo-ops: 53761
      bogo-ops-per-second-usr-sys-time: 1360.738164
      bogo-ops-per-second-real-time: 2688.040483
      wall-clock-time: 20.000071
      user-time: 39.496737
      system-time: 0.011966
      cpu-usage-per-instance: 98.771408
      max-rss: 1104

...
