---
system-info:
      stress-ng-version: 0.17.08
      run-by: root
      date-yyyy-mm-dd: 2024:06:13
      time-hh-mm-ss: 16:47:25
      epoch-secs: 1718297245
      hostname: 834fc342bdfd
      sysname: Linux
      nodename: 834fc342bdfd
      release: 6.8.0-1008-aws
      version: '#8-Ubuntu SMP Sat Apr 20 00:46:25 UTC 2024'
      machine: x86_64
      compiler: 'musl-gcc 13.2.1'
      uptime: 152
      totalram: 16555905024
      freeram: 12281270272
      sharedram: 40730624
      bufferram: 105992192
      totalswap: 0
      freeswap: 0
      pagesize: 4096
      cpus: 2
      cpus-online: 2
      ticks-per-second: 100

metrics:
    - stressor: cpu
      bogo-ops: 33500
      bogo-ops-per-second-usr-sys-time: 845.209664
      bogo-ops-per-second-real-time: 1674.990136
      wall-clock-time: 20.000118
      user-time: 39.630146
      system-time: 0.004990
      cpu-usage-per-instance: 99.087256
      max-rss: 1104

...
