---
system-info:
      stress-ng-version: 0.17.08
      run-by: root
      date-yyyy-mm-dd: 2024:06:08
      time-hh-mm-ss: 03:40:03
      epoch-secs: 1717818003
      hostname: d3150a546b44
      sysname: Linux
      nodename: d3150a546b44
      release: 6.8.0-1008-aws
      version: '#8-Ubuntu SMP Sat Apr 20 00:46:25 UTC 2024'
      machine: x86_64
      compiler: 'musl-gcc 13.2.1'
      uptime: 134
      totalram: 16555905024
      freeram: 12301090816
      sharedram: 40730624
      bufferram: 95858688
      totalswap: 0
      freeswap: 0
      pagesize: 4096
      cpus: 2
      cpus-online: 2
      ticks-per-second: 100

metrics:
    - stressor: cpu
      bogo-ops: 20702
      bogo-ops-per-second-usr-sys-time: 1048.574125
      bogo-ops-per-second-real-time: 2070.135146
      wall-clock-time: 10.000313
      user-time: 19.735017
      system-time: 0.007984
      cpu-usage-per-instance: 98.711913
      max-rss: 4048

...
