size_kb,operation,bandwidth_mb_s,latency_ns,latency_stddev_ns,latency_samples,threads,iterations,elapsed_s
32,read,8165367.26,0,0,0,64,925926,0.226793
32,write,8450742.78,0,0,0,64,892854,0.211308
32,copy,3402490.25,0,0,0,64,362318,0.212972
32,latency,0,0.91,0.03,7,1,7,0.133222
128,read,7426034.92,0,0,0,64,252525,0.272043
128,write,6487248.79,0,0,0,64,158227,0.195124
128,copy,4326365.72,0,0,0,64,35018,0.064753
128,latency,0,2.50,0.00,7,1,7,0.703220
256,read,7116964.88,0,0,0,64,130890,0.294260
256,write,7187042.55,0,0,0,64,117370,0.261292
256,copy,4603850.91,0,0,0,64,51229,0.178039
256,latency,0,2.84,0.00,7,1,7,0.702668
512,read,7707256.48,0,0,0,64,62500,0.259496
512,write,6616196.59,0,0,0,64,63131,0.305340
512,copy,3811307.03,0,0,0,64,24557,0.206182
512,latency,0,3.44,0.00,7,1,7,0.706411
1024,read,6698126.67,0,0,0,64,23766,0.227082
1024,write,6071185.50,0,0,0,64,19455,0.205087
1024,copy,3042087.74,0,0,0,64,7157,0.150570
1024,latency,0,5.12,0.01,7,1,7,0.699609
4096,read,5259425.46,0,0,0,64,3470,0.168901
4096,write,5368663.23,0,0,0,64,2544,0.121308
4096,copy,1082195.76,0,0,0,64,1495,0.353651
4096,latency,0,9.74,0.00,7,1,7,0.709166
8192,read,2354193.57,0,0,0,64,1257,0.273378
8192,write,2144741.38,0,0,0,64,1394,0.332780
8192,copy,359294.78,0,0,0,64,654,0.931959
8192,latency,0,10.52,0.01,7,1,7,0.720182
16384,read,746697.20,0,0,0,64,596,0.817338
16384,write,478827.68,0,0,0,64,575,1.229670
16384,copy,178989.43,0,0,0,64,314,1.796397
16384,latency,0,10.95,0.00,7,1,7,0.696109
32768,read,394663.81,0,0,0,64,317,1.644985
32768,write,338887.63,0,0,0,64,317,1.915726
32768,copy,140816.21,0,0,0,64,152,2.210655
32768,latency,0,11.75,0.15,7,1,7,0.816400
65536,read,360104.68,0,0,0,64,150,1.706171
65536,write,289998.45,0,0,0,64,151,2.132756
65536,copy,135679.24,0,0,0,64,70,2.113219
65536,latency,0,99.97,0.69,7,1,7,4.287317
