---
system-info:
      stress-ng-version: 0.17.08
      run-by: root
      date-yyyy-mm-dd: 2024:09:02
      time-hh-mm-ss: 16:47:38
      epoch-secs: 1725295658
      hostname: sc-runner
      sysname: Linux
      nodename: sc-runner
      release: 6.8.0-1013-azure
      version: '#15-Ubuntu SMP Thu Aug  8 18:40:40 UTC 2024'
      machine: x86_64
      compiler: 'musl-gcc 13.2.1'
      uptime: 399
      totalram: 4102078464
      freeram: 281202688
      sharedram: 42033152
      bufferram: 193007616
      totalswap: 0
      freeswap: 0
      pagesize: 4096
      cpus: 2
      cpus-online: 2
      ticks-per-second: 100

metrics:
    - stressor: cpu
      bogo-ops: 28116
      bogo-ops-per-second-usr-sys-time: 1405.949804
      bogo-ops-per-second-real-time: 1405.792693
      wall-clock-time: 20.000104
      user-time: 19.994870
      system-time: 0.002999
      cpu-usage-per-instance: 99.988825
      max-rss: 1104

...
