---
system-info:
      stress-ng-version: 0.17.08
      run-by: root
      date-yyyy-mm-dd: 2024:06:07
      time-hh-mm-ss: 10:56:23
      epoch-secs: 1717757783
      hostname: 80be6ba2a0fe
      sysname: Linux
      nodename: 80be6ba2a0fe
      release: 6.8.0-1008-aws
      version: '#8-Ubuntu SMP Sat Apr 20 00:46:25 UTC 2024'
      machine: x86_64
      compiler: 'musl-gcc 13.2.1'
      uptime: 165
      totalram: 16114782208
      freeram: 9557852160
      sharedram: 11862016
      bufferram: 79163392
      totalswap: 0
      freeswap: 0
      pagesize: 4096
      cpus: 4
      cpus-online: 4
      ticks-per-second: 100

metrics:
    - stressor: cpu
      bogo-ops: 53098
      bogo-ops-per-second-usr-sys-time: 1332.071589
      bogo-ops-per-second-real-time: 5308.309092
      wall-clock-time: 10.002809
      user-time: 39.850232
      system-time: 0.010989
      cpu-usage-per-instance: 99.625071
      max-rss: 4048

...
