---
system-info:
      stress-ng-version: 0.17.08
      run-by: root
      date-yyyy-mm-dd: 2024:07:11
      time-hh-mm-ss: 17:46:59
      epoch-secs: 1720720019
      hostname: ip-172-31-25-33
      sysname: Linux
      nodename: ip-172-31-25-33
      release: 6.8.0-1010-aws
      version: '#10-Ubuntu SMP Thu Jun 13 17:36:15 UTC 2024'
      machine: x86_64
      compiler: 'musl-gcc 13.2.1'
      uptime: 399
      totalram: 16114774016
      freeram: 8290988032
      sharedram: 11862016
      bufferram: 128282624
      totalswap: 0
      freeswap: 0
      pagesize: 4096
      cpus: 4
      cpus-online: 4
      ticks-per-second: 100

metrics:
    - stressor: cpu
      bogo-ops: 122954
      bogo-ops-per-second-usr-sys-time: 1544.156032
      bogo-ops-per-second-real-time: 6147.669641
      wall-clock-time: 20.000099
      user-time: 79.608385
      system-time: 0.016988
      cpu-usage-per-instance: 99.531225
      max-rss: 976

...
