BaselineInfo:
  WebDBID: -1
  TimeStamp: 20241108184429
Version:
  Major: 11
  Minor: 0
  Build: 1002
  SpecialBuildName: ""
  ptArchitecture: x86_64_linux
Results:
  Results Complete: true
  NumTestProcesses: 32
  CPU_INTEGER_MATH: 99900.407999999996
  CPU_FLOATINGPOINT_MATH: 53568.291930390631
  CPU_PRIME: 136.17790440877289
  CPU_SORTING: 50841.964740277079
  CPU_ENCRYPTION: 13642.640363187702
  CPU_COMPRESSION: 438290.21144575812
  CPU_SINGLETHREAD: 2083.6426931733022
  CPU_PHYSICS: 2318.0845928912922
  CPU_MATRIX_MULT_SSE: 28627.004668708967
  CPU_mm: 3024.7699300615318
  CPU_sse: 10644.422623640041
  CPU_fma: 34409.384950315674
  CPU_avx: 24602.731359937417
  CPU_avx512: 44851.479740942719
  m_CPU_enc_SHA: 4511933019.3448896
  m_CPU_enc_AES: 34371271365.693352
  m_CPU_enc_ECDSA: 4032831399.3714709
  ME_ALLOC_S: 11238.326071061036
  ME_READ_S: 24708.267187500001
  ME_READ_L: 11695.1328125
  ME_WRITE: 9981.9287109375
  ME_LARGE: 53667.25
  ME_LATENCY: 47.792414913668232
  ME_THREADED: 102327.68310546875
  SUMM_CPU: 28135.447633296375
  SUMM_ME: 2783.2294893178309
SystemInformation:
  OSName: Ubuntu 24.04.1 LTS
  Kernel: 6.8.0-1017-azure
  Device: ""
  Processor: Intel Xeon Platinum 8272CL CPU @ 2.60GHz
  NumSockets: 1
  Manufacturer: GenuineIntel
  NumCores: 16
  NumLogicals: 32
  CPUFrequency: 0
  Memory: 64291
  MemModuleInfo:
    iNumMemSticks: 3
    DIMM 1:
      manufacturer: Microsoft Corporation
      modulePartNo: None
      memType: Unknown
      size: 1
      clkspeed: 0
      moduleVoltage: 0
    DIMM 2:
      manufacturer: Microsoft Corporation
      modulePartNo: None
      memType: Unknown
      size: 60928
      clkspeed: 0
      moduleVoltage: 0
    DIMM 3:
      manufacturer: Microsoft Corporation
      modulePartNo: None
      memType: Unknown
      size: 3584
      clkspeed: 0
      moduleVoltage: 0
Checksum: 013E7C6A26602C2457F3ED308B67C4E245C22733