---
system-info:
      stress-ng-version: 0.17.08
      run-by: root
      date-yyyy-mm-dd: 2024:06:13
      time-hh-mm-ss: 07:56:01
      epoch-secs: 1718265361
      hostname: 935ff3fc6d24
      sysname: Linux
      nodename: 935ff3fc6d24
      release: 6.8.0-1008-aws
      version: '#8-Ubuntu SMP Sat Apr 20 00:46:25 UTC 2024'
      machine: x86_64
      compiler: 'musl-gcc 13.2.1'
      uptime: 161
      totalram: 540881768448
      freeram: 535232458752
      sharedram: 97226752
      bufferram: 107384832
      totalswap: 0
      freeswap: 0
      pagesize: 4096
      cpus: 72
      cpus-online: 72
      ticks-per-second: 100

metrics:
    - stressor: cpu
      bogo-ops: 19751
      bogo-ops-per-second-usr-sys-time: 987.514351
      bogo-ops-per-second-real-time: 987.542218
      wall-clock-time: 20.000158
      user-time: 20.000722
      system-time: 0.000000
      cpu-usage-per-instance: 100.002822
      max-rss: 576

...
