---
system-info:
      stress-ng-version: 0.17.08
      run-by: root
      date-yyyy-mm-dd: 2024:06:07
      time-hh-mm-ss: 13:05:13
      epoch-secs: 1717765513
      hostname: dbfbcec47edf
      sysname: Linux
      nodename: dbfbcec47edf
      release: 6.8.0-1008-aws
      version: '#8-Ubuntu SMP Sat Apr 20 00:46:25 UTC 2024'
      machine: x86_64
      compiler: 'musl-gcc 13.2.1'
      uptime: 176
      totalram: 540881776640
      freeram: 535441596416
      sharedram: 97226752
      bufferram: 91172864
      totalswap: 0
      freeswap: 0
      pagesize: 4096
      cpus: 72
      cpus-online: 72
      ticks-per-second: 100

metrics:
    - stressor: cpu
      bogo-ops: 13277
      bogo-ops-per-second-usr-sys-time: 1327.365637
      bogo-ops-per-second-real-time: 1327.440734
      wall-clock-time: 10.001953
      user-time: 10.001519
      system-time: 0.001000
      cpu-usage-per-instance: 100.005658
      max-rss: 2880

...
