---
system-info:
      stress-ng-version: 0.17.08
      run-by: root
      date-yyyy-mm-dd: 2024:06:13
      time-hh-mm-ss: 09:40:29
      epoch-secs: 1718271629
      hostname: d41506410c07
      sysname: Linux
      nodename: d41506410c07
      release: 6.8.0-1008-aws
      version: '#8-Ubuntu SMP Sat Apr 20 00:46:25 UTC 2024'
      machine: x86_64
      compiler: 'musl-gcc 13.2.1'
      uptime: 111
      totalram: 265990791168
      freeram: 261368311808
      sharedram: 60149760
      bufferram: 105582592
      totalswap: 0
      freeswap: 0
      pagesize: 4096
      cpus: 32
      cpus-online: 32
      ticks-per-second: 100

metrics:
    - stressor: cpu
      bogo-ops: 617403
      bogo-ops-per-second-usr-sys-time: 965.281368
      bogo-ops-per-second-real-time: 30870.027721
      wall-clock-time: 20.000079
      user-time: 639.585376
      system-time: 0.023986
      cpu-usage-per-instance: 99.938567
      max-rss: 776

...
