---
system-info:
      stress-ng-version: 0.17.08
      run-by: root
      date-yyyy-mm-dd: 2024:06:07
      time-hh-mm-ss: 14:41:10
      epoch-secs: 1717771270
      hostname: 7ccc469e6217
      sysname: Linux
      nodename: 7ccc469e6217
      release: 6.8.0-1008-aws
      version: '#8-Ubuntu SMP Sat Apr 20 00:46:25 UTC 2024'
      machine: x86_64
      compiler: 'musl-gcc 13.2.1'
      uptime: 138
      totalram: 265990795264
      freeram: 261475409920
      sharedram: 60149760
      bufferram: 91578368
      totalswap: 0
      freeswap: 0
      pagesize: 4096
      cpus: 32
      cpus-online: 32
      ticks-per-second: 100

metrics:
    - stressor: cpu
      bogo-ops: 375128
      bogo-ops-per-second-usr-sys-time: 1173.051586
      bogo-ops-per-second-real-time: 37507.567156
      wall-clock-time: 10.001395
      user-time: 319.746170
      system-time: 0.041983
      cpu-usage-per-instance: 99.919858
      max-rss: 4104

...
