BaselineInfo:
  WebDBID: -1
  TimeStamp: 20241202191504
Version:
  Major: 11
  Minor: 0
  Build: 1002
  SpecialBuildName: ""
  ptArchitecture: aarch64_linux
Results:
  Results Complete: true
  NumTestProcesses: 4
  CPU_INTEGER_MATH: 20859.610666666667
  CPU_FLOATINGPOINT_MATH: 24219.865756137373
  CPU_PRIME: 69.63617969942932
  CPU_SORTING: 18493.469678205744
  CPU_ENCRYPTION: 750.86424064999767
  CPU_COMPRESSION: 26513.746119539712
  CPU_SINGLETHREAD: 1943.9004469910728
  CPU_PHYSICS: 1369.3826223156686
  CPU_MATRIX_MULT_SSE: 3683.5792492975952
  CPU_mm: 453.2131299282625
  CPU_sse: 2897.935632375476
  CPU_fma: 4469.222866219714
  CPU_avx: 0
  CPU_avx512: 0
  m_CPU_enc_SHA: 1174095266.1472337
  m_CPU_enc_AES: 429471210.65360981
  m_CPU_enc_ECDSA: 758448189.21059191
  ME_ALLOC_S: 6045.8705967433862
  ME_READ_S: 19836.0048828125
  ME_READ_L: 20270.958984375
  ME_WRITE: 21302.36328125
  ME_LARGE: 20738.416666666668
  ME_LATENCY: 46.814734437024804
  ME_THREADED: 77441.46875
  SUMM_CPU: 3947.7892027655366
  SUMM_ME: 2984.7423559440758
SystemInformation:
  OSName: Ubuntu 24.04.1 LTS
  Kernel: 6.8.0-1018-aws
  Device: ""
  Processor: ARM Neoverse-V2 4 Core 0 MHz
  NumSockets: 1
  Manufacturer: ARM
  NumCores: 4
  NumLogicals: 4
  CPUFrequency: 0
  Memory: 31494
Checksum: 4F5089521C290FB9AFE4CB9DB31FEE32E4EF282B