BaselineInfo:
  WebDBID: -1
  TimeStamp: 20260204225820
Version:
  Major: 11
  Minor: 0
  Build: 1004
  SpecialBuildName: ""
  ptArchitecture: x86_64_linux
Results:
  Results Complete: true
  NumTestProcesses: 4
  CPU_INTEGER_MATH: 20522.431666666671
  CPU_FLOATINGPOINT_MATH: 14877.021455031418
  CPU_PRIME: 44.154908920128889
  CPU_SORTING: 10639.261196701806
  CPU_ENCRYPTION: 4539.2900731827358
  CPU_COMPRESSION: 81778.582444298023
  CPU_SINGLETHREAD: 3252.8195499005092
  CPU_PHYSICS: 999.43428193910609
  CPU_MATRIX_MULT_SSE: 5421.9435976099703
  CPU_mm: 595.10600144252567
  CPU_sse: 2474.4428158943119
  CPU_fma: 6472.7933927441009
  CPU_avx: 5136.237826554715
  CPU_avx512: 7604.3003552467535
  m_CPU_enc_SHA: 4788686358.8166523
  m_CPU_enc_AES: 6246032883.0549374
  m_CPU_enc_ECDSA: 3244652641.4613914
  ME_ALLOC_S: 2230.2980654682569
  ME_READ_S: 29064.106835937499
  ME_READ_L: 15474.314453125
  ME_WRITE: 11107.3330078125
  ME_LARGE: 3713.6666666666665
  ME_LATENCY: 75.272523430956326
  ME_THREADED: 44039.2509765625
  SUMM_CPU: 8010.8852342548571
  SUMM_ME: 1913.4631093382968
SystemInformation:
  OSName: Ubuntu 24.04.3 LTS
  Kernel: 6.14.0-1018-aws
  Device: ""
  Processor: Intel(R) Xeon(R) 6975P-C
  NumSockets: 1
  Manufacturer: GenuineIntel
  NumCores: 2
  NumLogicals: 4
  CPUFrequency: 0
  CPUMaxFrequency: 0
  Memory: 15706
  CPUInfo:
    number: 1
    Family: 6
    Model: 13
    stepping: 1
    features: 529267711
    manufacture: GenuineIntel
    typestring: Intel(R) Xeon(R) 6975P-C
    iCoresPerPackage: 2
    iThreadsPerPackage: 2
    featuresEx:
      - 529267711
      - 4294619651
      - 739248128
    bHybrid: false
    nPCore: 0
    nLogicalsPerPCore: 0
    nECore: 0
    nLogicalsPerECore: 0
  MemModuleInfo:
    iNumMemSticks: 1
    DIMM 1:
      manufacturer: Not Specified
      modulePartNo: Not Specified
      memType: DDR5
      size: 16
      clkspeed: 3600
      moduleVoltage: 0
Checksum: 16E56F62AA51B1DE81D55D08B4791DC8AF2F4687