BaselineInfo:
  WebDBID: -1
  TimeStamp: 20241107223741
Version:
  Major: 11
  Minor: 0
  Build: 1002
  SpecialBuildName: ""
  ptArchitecture: x86_64_linux
Results:
  Results Complete: true
  NumTestProcesses: 8
  CPU_INTEGER_MATH: 33386.164333333334
  CPU_FLOATINGPOINT_MATH: 17066.930704464608
  CPU_PRIME: 46.895825237911005
  CPU_SORTING: 17279.089995257535
  CPU_ENCRYPTION: 7254.1693500672955
  CPU_COMPRESSION: 126270.30015510075
  CPU_SINGLETHREAD: 2354.0709077887668
  CPU_PHYSICS: 1201.1766694344867
  CPU_MATRIX_MULT_SSE: 6940.0786340623563
  CPU_mm: 718.59498236542379
  CPU_sse: 3161.86188220747
  CPU_fma: 8698.7039649016642
  CPU_avx: 6420.4898882890175
  CPU_avx512: 9479.2588008512721
  m_CPU_enc_SHA: 7322817043.0295248
  m_CPU_enc_AES: 11019509117.880651
  m_CPU_enc_ECDSA: 4477317480.338315
  ME_ALLOC_S: 3796.1191918707245
  ME_READ_S: 24256.561718749999
  ME_READ_L: 9719.1689453125
  ME_WRITE: 8935.8486328125
  ME_LARGE: 5773.333333333333
  ME_LATENCY: 69.251085283825617
  ME_THREADED: 47424.541015625
  SUMM_CPU: 11053.746032862397
  SUMM_ME: 1934.3987758570759
SystemInformation:
  OSName: Ubuntu 24.04.1 LTS
  Kernel: 6.8.0-1016-aws
  Device: ""
  Processor: Intel Xeon Platinum 8375C CPU @ 2.90GHz
  NumSockets: 1
  Manufacturer: GenuineIntel
  NumCores: 4
  NumLogicals: 8
  CPUFrequency: 0
  Memory: 15704
  MemModuleInfo:
    iNumMemSticks: 1
    DIMM 1:
      manufacturer: Not Specified
      modulePartNo: Not Specified
      memType: DDR4
      size: 16
      clkspeed: 1600
      moduleVoltage: 0
Checksum: 71F8939342502FABEBF134CB52E8BDDB79580F6A