---
system-info:
      stress-ng-version: 0.17.08
      run-by: root
      date-yyyy-mm-dd: 2024:06:14
      time-hh-mm-ss: 05:40:34
      epoch-secs: 1718343634
      hostname: df81bfca4ffd
      sysname: Linux
      nodename: df81bfca4ffd
      release: 6.8.0-1008-aws
      version: '#8-Ubuntu SMP Sat Apr 20 00:46:25 UTC 2024'
      machine: x86_64
      compiler: 'musl-gcc 13.2.1'
      uptime: 142
      totalram: 132900237312
      freeram: 128218427392
      sharedram: 60436480
      bufferram: 106921984
      totalswap: 0
      freeswap: 0
      pagesize: 4096
      cpus: 64
      cpus-online: 64
      ticks-per-second: 100

metrics:
    - stressor: cpu
      bogo-ops: 1235818
      bogo-ops-per-second-usr-sys-time: 965.737004
      bogo-ops-per-second-real-time: 61790.691565
      wall-clock-time: 20.000067
      user-time: 1279.637108
      system-time: 0.025984
      cpu-usage-per-instance: 99.973342
      max-rss: 512

...
