---
system-info:
      stress-ng-version: 0.17.08
      run-by: root
      date-yyyy-mm-dd: 2024:06:06
      time-hh-mm-ss: 10:23:24
      epoch-secs: 1717669404
      hostname: 512b05ac5a7d
      sysname: Linux
      nodename: 512b05ac5a7d
      release: 6.8.0-1008-aws
      version: '#8-Ubuntu SMP Sat Apr 20 00:46:25 UTC 2024'
      machine: x86_64
      compiler: 'musl-gcc 13.2.1'
      uptime: 127
      totalram: 132900233216
      freeram: 128371351552
      sharedram: 60436480
      bufferram: 82247680
      totalswap: 0
      freeswap: 0
      pagesize: 4096
      cpus: 64
      cpus-online: 64
      ticks-per-second: 100

metrics:
    - stressor: cpu
      bogo-ops: 750843
      bogo-ops-per-second-usr-sys-time: 1173.607463
      bogo-ops-per-second-real-time: 75071.985122
      wall-clock-time: 10.001640
      user-time: 639.709566
      system-time: 0.063973
      cpu-usage-per-instance: 99.948220
      max-rss: 3584

...
