BaselineInfo:
  WebDBID: -1
  TimeStamp: 20241107165711
Version:
  Major: 11
  Minor: 0
  Build: 1002
  SpecialBuildName: ""
  ptArchitecture: x86_64_linux
Results:
  Results Complete: true
  NumTestProcesses: 4
  CPU_INTEGER_MATH: 16701.779666666665
  CPU_FLOATINGPOINT_MATH: 8534.8033153427568
  CPU_PRIME: 36.638520404437678
  CPU_SORTING: 8804.9247188672452
  CPU_ENCRYPTION: 3623.4240297947863
  CPU_COMPRESSION: 63126.944688455173
  CPU_SINGLETHREAD: 2365.4559201933635
  CPU_PHYSICS: 730.87210343101765
  CPU_MATRIX_MULT_SSE: 3394.4537975785115
  CPU_mm: 359.87986957606694
  CPU_sse: 1581.9485531393896
  CPU_fma: 4350.4751578512096
  CPU_avx: 3211.2109136468403
  CPU_avx512: 4434.1805656766073
  m_CPU_enc_SHA: 3657744547.1120605
  m_CPU_enc_AES: 5504781679.9274454
  m_CPU_enc_ECDSA: 2235780199.3587885
  ME_ALLOC_S: 2016.198718625345
  ME_READ_S: 24248.460546875001
  ME_READ_L: 11702.6689453125
  ME_WRITE: 10538.1552734375
  ME_LARGE: 5745.916666666667
  ME_LATENCY: 61.105593362346589
  ME_THREADED: 29753.384765625
  SUMM_CPU: 5859.2846690883998
  SUMM_ME: 2009.7837872919799
SystemInformation:
  OSName: Ubuntu 24.04.1 LTS
  Kernel: 6.8.0-1016-aws
  Device: ""
  Processor: Intel Xeon Platinum 8375C CPU @ 2.90GHz
  NumSockets: 1
  Manufacturer: GenuineIntel
  NumCores: 2
  NumLogicals: 4
  CPUFrequency: 0
  Memory: 15706
  MemModuleInfo:
    iNumMemSticks: 1
    DIMM 1:
      manufacturer: Not Specified
      modulePartNo: Not Specified
      memType: DDR4
      size: 16
      clkspeed: 1600
      moduleVoltage: 0
Checksum: FE421163F9D50C53F6D01B7858E3E59426E72220