BaselineInfo:
  WebDBID: -1
  TimeStamp: 20241109225449
Version:
  Major: 11
  Minor: 0
  Build: 1002
  SpecialBuildName: ""
  ptArchitecture: x86_64_linux
Results:
  Results Complete: true
  NumTestProcesses: 96
  CPU_INTEGER_MATH: 579882.06299999985
  CPU_FLOATINGPOINT_MATH: 476937.91200388747
  CPU_PRIME: 1443.0885572911864
  CPU_SORTING: 267446.61789067724
  CPU_ENCRYPTION: 114517.29983521216
  CPU_COMPRESSION: 1869677.2879130703
  CPU_SINGLETHREAD: 2885.9486708525756
  CPU_PHYSICS: 18344.18210633536
  CPU_MATRIX_MULT_SSE: 140635.80789870251
  CPU_mm: 16014.950420843261
  CPU_sse: 67652.087387407926
  CPU_fma: 180987.83368195576
  CPU_avx: 156087.42007695435
  CPU_avx512: 157815.89044849217
  m_CPU_enc_SHA: 161492387434.36255
  m_CPU_enc_AES: 104365477336.34367
  m_CPU_enc_ECDSA: 94382411805.31601
  ME_ALLOC_S: 30232.019014389411
  ME_READ_S: 27847.329687500001
  ME_READ_L: 26961.251953125
  ME_WRITE: 26136.3125
  ME_LARGE: 176532.08333333334
  ME_LATENCY: 78.263357628698856
  ME_THREADED: 647682.8671875
  SUMM_CPU: 106489.34233352022
  SUMM_ME: 2837.7568978507143
SystemInformation:
  OSName: Ubuntu 24.04.1 LTS
  Kernel: 6.8.0-1016-aws
  Device: ""
  Processor: AMD EPYC 9R14
  NumSockets: 1
  Manufacturer: AuthenticAMD
  NumCores: 96
  NumLogicals: 96
  CPUFrequency: 0
  Memory: 189130
  MemModuleInfo:
    iNumMemSticks: 1
    DIMM 1:
      manufacturer: Not Specified
      modulePartNo: Not Specified
      memType: DDR5
      size: 192
      clkspeed: 2400
      moduleVoltage: 0
Checksum: 6DF9262C29DEAA4DFC6E68D222B0DFEDFC6424A2