---
system-info:
      stress-ng-version: 0.17.08
      run-by: root
      date-yyyy-mm-dd: 2024:06:07
      time-hh-mm-ss: 22:03:23
      epoch-secs: 1717797803
      hostname: a6e2126ec6a7
      sysname: Linux
      nodename: a6e2126ec6a7
      release: 6.8.0-31-generic
      version: '#31-Ubuntu SMP PREEMPT_DYNAMIC Sat Apr 20 00:40:06 UTC 2024'
      machine: x86_64
      compiler: 'musl-gcc 13.2.1'
      uptime: 70
      totalram: 4005265408
      freeram: 594223104
      sharedram: 21225472
      bufferram: 91611136
      totalswap: 0
      freeswap: 0
      pagesize: 4096
      cpus: 3
      cpus-online: 3
      ticks-per-second: 100

metrics:
    - stressor: cpu
      bogo-ops: 15019
      bogo-ops-per-second-usr-sys-time: 1501.876421
      bogo-ops-per-second-real-time: 1501.819758
      wall-clock-time: 10.000534
      user-time: 9.998158
      system-time: 0.001999
      cpu-usage-per-instance: 99.996227
      max-rss: 4048

...
