---
system-info:
      stress-ng-version: 0.17.08
      run-by: root
      date-yyyy-mm-dd: 2024:06:14
      time-hh-mm-ss: 21:56:28
      epoch-secs: 1718402188
      hostname: 8c476d23d7e5
      sysname: Linux
      nodename: 8c476d23d7e5
      release: 6.8.0-31-generic
      version: '#31-Ubuntu SMP PREEMPT_DYNAMIC Sat Apr 20 00:40:06 UTC 2024'
      machine: x86_64
      compiler: 'musl-gcc 13.2.1'
      uptime: 97
      totalram: 4005277696
      freeram: 498561024
      sharedram: 21217280
      bufferram: 106774528
      totalswap: 0
      freeswap: 0
      pagesize: 4096
      cpus: 3
      cpus-online: 3
      ticks-per-second: 100

metrics:
    - stressor: cpu
      bogo-ops: 53843
      bogo-ops-per-second-usr-sys-time: 2692.191998
      bogo-ops-per-second-real-time: 2692.142940
      wall-clock-time: 20.000052
      user-time: 19.999688
      system-time: 0.000000
      cpu-usage-per-instance: 99.998178
      max-rss: 1104

...
