BaselineInfo:
  WebDBID: -1
  TimeStamp: 20250610115840
Version:
  Major: 11
  Minor: 0
  Build: 1002
  SpecialBuildName: ""
  ptArchitecture: x86_64_linux
Results:
  Results Complete: true
  NumTestProcesses: 2
  CPU_INTEGER_MATH: 9431.758333333335
  CPU_FLOATINGPOINT_MATH: 5291.0752337007707
  CPU_PRIME: 23.874535421637169
  CPU_SORTING: 5842.5965380713278
  CPU_ENCRYPTION: 2392.5682246137685
  CPU_COMPRESSION: 39541.098679040282
  CPU_SINGLETHREAD: 2842.765789891459
  CPU_PHYSICS: 490.45721342990669
  CPU_MATRIX_MULT_SSE: 2612.8368759970517
  CPU_mm: 252.86227510342249
  CPU_sse: 1115.3621941232975
  CPU_fma: 3487.5379305183696
  CPU_avx: 2881.343639829051
  CPU_avx512: 2967.1037395174899
  m_CPU_enc_SHA: 3349041205.5481234
  m_CPU_enc_AES: 2270116419.313849
  m_CPU_enc_ECDSA: 1907211231.2158494
  ME_ALLOC_S: 994.37567388023524
  ME_READ_S: 27622.401562499999
  ME_READ_L: 26129.234375
  ME_WRITE: 25377.25
  ME_LARGE: 6660
  ME_LATENCY: 79.817556270685202
  ME_THREADED: 27387.66015625
  SUMM_CPU: 3830.7815838453603
  SUMM_ME: 1996.7477579355286
SystemInformation:
  OSName: Ubuntu 24.04.2 LTS
  Kernel: 6.11.0-1015-azure
  Device: ""
  Processor: AMD EPYC 9V74 80-Core Processor
  NumSockets: 1
  Manufacturer: AuthenticAMD
  NumCores: 1
  NumLogicals: 2
  CPUFrequency: 0
  Memory: 15995
  MemModuleInfo:
    iNumMemSticks: 2
    DIMM 1:
      manufacturer: Microsoft Corporation
      modulePartNo: None
      memType: Unknown
      size: 1
      clkspeed: 0
      moduleVoltage: 0
    DIMM 2:
      manufacturer: Microsoft Corporation
      modulePartNo: None
      memType: Unknown
      size: 15
      clkspeed: 0
      moduleVoltage: 0
Checksum: 7ABD53F5875489ED61E7E79448AE21AAED0E326D