---
system-info:
      stress-ng-version: 0.17.08
      run-by: root
      date-yyyy-mm-dd: 2024:06:12
      time-hh-mm-ss: 19:55:29
      epoch-secs: 1718222129
      hostname: 73ac9849f452
      sysname: Linux
      nodename: 73ac9849f452
      release: 6.8.0-1008-aws
      version: '#8-Ubuntu SMP Sat Apr 20 00:46:25 UTC 2024'
      machine: x86_64
      compiler: 'musl-gcc 13.2.1'
      uptime: 146
      totalram: 33261006848
      freeram: 28833787904
      sharedram: 20156416
      bufferram: 110723072
      totalswap: 0
      freeswap: 0
      pagesize: 4096
      cpus: 16
      cpus-online: 16
      ticks-per-second: 100

metrics:
    - stressor: cpu
      bogo-ops: 122711
      bogo-ops-per-second-usr-sys-time: 383.870699
      bogo-ops-per-second-real-time: 6135.490660
      wall-clock-time: 20.000193
      user-time: 319.641547
      system-time: 0.025988
      cpu-usage-per-instance: 99.895139
      max-rss: 1104

...
