---
system-info:
      stress-ng-version: 0.17.08
      run-by: root
      date-yyyy-mm-dd: 2024:06:05
      time-hh-mm-ss: 18:34:25
      epoch-secs: 1717612465
      hostname: 82aaef5e065e
      sysname: Linux
      nodename: 82aaef5e065e
      release: 6.8.0-1008-aws
      version: '#8-Ubuntu SMP Sat Apr 20 00:46:25 UTC 2024'
      machine: x86_64
      compiler: 'musl-gcc 13.2.1'
      uptime: 115
      totalram: 33258921984
      freeram: 29104066560
      sharedram: 20156416
      bufferram: 78286848
      totalswap: 0
      freeswap: 0
      pagesize: 4096
      cpus: 16
      cpus-online: 16
      ticks-per-second: 100

metrics:
    - stressor: cpu
      bogo-ops: 168988
      bogo-ops-per-second-usr-sys-time: 1057.459291
      bogo-ops-per-second-real-time: 16894.300743
      wall-clock-time: 10.002663
      user-time: 159.772692
      system-time: 0.032987
      cpu-usage-per-instance: 99.851957
      max-rss: 4048

...
