BaselineInfo:
  WebDBID: -1
  TimeStamp: 20241107093718
Version:
  Major: 11
  Minor: 0
  Build: 1002
  SpecialBuildName: ""
  ptArchitecture: x86_64_linux
Results:
  Results Complete: true
  NumTestProcesses: 4
  CPU_INTEGER_MATH: 16532.231666666667
  CPU_FLOATINGPOINT_MATH: 9142.6284561778411
  CPU_PRIME: 38.30588527434081
  CPU_SORTING: 9059.1126144119971
  CPU_ENCRYPTION: 4298.575174635369
  CPU_COMPRESSION: 65279.658055721819
  CPU_SINGLETHREAD: 2372.7600884912422
  CPU_PHYSICS: 625.36597681007083
  CPU_MATRIX_MULT_SSE: 3607.9930427593263
  CPU_mm: 446.61819421696782
  CPU_sse: 1897.7584002570943
  CPU_fma: 5180.4549214444705
  CPU_avx: 3745.7658065764131
  CPU_avx512: 0
  m_CPU_enc_SHA: 6231478246.7317715
  m_CPU_enc_AES: 3981216050.6180344
  m_CPU_enc_ECDSA: 3309453989.6055632
  ME_ALLOC_S: 1615.5852919047047
  ME_READ_S: 24170.149804687499
  ME_READ_L: 16747.62890625
  ME_WRITE: 14172.673828125
  ME_LARGE: 22147
  ME_LATENCY: 89.177179587051498
  ME_THREADED: 28204.38232421875
  SUMM_CPU: 6128.6772755891416
  SUMM_ME: 1944.0198658711504
SystemInformation:
  OSName: Ubuntu 24.04.1 LTS
  Kernel: 6.8.0-1017-azure
  Device: ""
  Processor: AMD EPYC 7763 64-Core Processor
  NumSockets: 1
  Manufacturer: AuthenticAMD
  NumCores: 2
  NumLogicals: 4
  CPUFrequency: 0
  Memory: 32093
  MemModuleInfo:
    iNumMemSticks: 2
    DIMM 1:
      manufacturer: Microsoft Corporation
      modulePartNo: None
      memType: Unknown
      size: 1
      clkspeed: 0
      moduleVoltage: 0
    DIMM 2:
      manufacturer: Microsoft Corporation
      modulePartNo: None
      memType: Unknown
      size: 31
      clkspeed: 0
      moduleVoltage: 0
Checksum: 6CE60A6AC84A89CA551E5CE8521DA0D58EBD86E5