BaselineInfo:
  WebDBID: -1
  TimeStamp: 20250104112520
Version:
  Major: 11
  Minor: 0
  Build: 1002
  SpecialBuildName: ""
  ptArchitecture: x86_64_linux
Results:
  Results Complete: true
  NumTestProcesses: 96
  CPU_INTEGER_MATH: 398760.09266666661
  CPU_FLOATINGPOINT_MATH: 219128.72502127523
  CPU_PRIME: 545.39483660097767
  CPU_SORTING: 191380.2222021702
  CPU_ENCRYPTION: 102623.87493458067
  CPU_COMPRESSION: 1459749.4601124777
  CPU_SINGLETHREAD: 2432.7108250206438
  CPU_PHYSICS: 8623.6460633587685
  CPU_MATRIX_MULT_SSE: 76167.491759346638
  CPU_mm: 9445.5592009247703
  CPU_sse: 39165.133994163494
  CPU_fma: 103726.72943586759
  CPU_avx: 85610.611848008819
  CPU_avx512: 0
  m_CPU_enc_SHA: 149064199908.48563
  m_CPU_enc_AES: 95355547553.037979
  m_CPU_enc_ECDSA: 78407049388.684723
  ME_ALLOC_S: 27134.397537036803
  ME_READ_S: 24665.608593749999
  ME_READ_L: 21699.87109375
  ME_WRITE: 21179.720703125
  ME_LARGE: 372808.58333333331
  ME_LATENCY: 57.752978970024508
  ME_THREADED: 188990.4638671875
  SUMM_CPU: 77576.958185792784
  SUMM_ME: 3165.1045323228254
SystemInformation:
  OSName: Ubuntu 24.04.1 LTS
  Kernel: 6.8.0-1017-azure
  Device: ""
  Processor: AMD EPYC 7763 64-Core Processor
  NumSockets: 1
  Manufacturer: AuthenticAMD
  NumCores: 48
  NumLogicals: 96
  CPUFrequency: 0
  Memory: 386921
  MemModuleInfo:
    iNumMemSticks: 4
    DIMM 1:
      manufacturer: Microsoft Corporation
      modulePartNo: None
      memType: Unknown
      size: 1
      clkspeed: 0
      moduleVoltage: 0
    DIMM 2:
      manufacturer: Microsoft Corporation
      modulePartNo: None
      memType: Unknown
      size: 59
      clkspeed: 0
      moduleVoltage: 0
    DIMM 3:
      manufacturer: Microsoft Corporation
      modulePartNo: None
      memType: Unknown
      size: 132
      clkspeed: 0
      moduleVoltage: 0
    DIMM 4:
      manufacturer: Microsoft Corporation
      modulePartNo: None
      memType: Unknown
      size: 192
      clkspeed: 0
      moduleVoltage: 0
Checksum: 5EE4F8ED0B8E946DDC01EFC70DD3CE7F252542FF