BaselineInfo:
  WebDBID: -1
  TimeStamp: 20260404182350
Version:
  Major: 11
  Minor: 0
  Build: 1004
  SpecialBuildName: ""
  ptArchitecture: x86_64_linux
Results:
  Results Complete: true
  NumTestProcesses: 12
  CPU_INTEGER_MATH: 36154.501666666671
  CPU_FLOATINGPOINT_MATH: 19391.438054512146
  CPU_PRIME: 52.304086558562034
  CPU_SORTING: 22249.993364853908
  CPU_ENCRYPTION: 4998.0230763704094
  CPU_COMPRESSION: 166704.55059704586
  CPU_SINGLETHREAD: 2055.0232763595131
  CPU_PHYSICS: 967.80189727374909
  CPU_MATRIX_MULT_SSE: 9762.4003142622714
  CPU_mm: 1100.2901182621122
  CPU_sse: 3916.9507458296989
  CPU_fma: 12612.240654895935
  CPU_avx: 8909.630843975363
  CPU_avx512: 13610.779012348095
  m_CPU_enc_SHA: 1632736063.8438759
  m_CPU_enc_AES: 12608000243.576023
  m_CPU_enc_ECDSA: 1481684828.5646369
  ME_ALLOC_S: 3630.7111655590188
  ME_READ_S: 23472.223437500001
  ME_READ_L: 6759.95556640625
  ME_WRITE: 7258.22998046875
  ME_LARGE: 10628.416666666666
  ME_LATENCY: 77.435095527973786
  ME_THREADED: 52046.38623046875
  SUMM_CPU: 11911.017245215096
  SUMM_ME: 1762.7925334463482
SystemInformation:
  OSName: Ubuntu 24.04.4 LTS
  Kernel: 6.8.0-106-generic
  Device: ""
  Processor: Intel(R) Xeon(R) Gold 6149 CPU @ 3.10GHz
  NumSockets: 1
  Manufacturer: GenuineIntel
  NumCores: 6
  NumLogicals: 12
  CPUFrequency: 3100
  CPUMaxFrequency: 3400
  Memory: 23646
  CPUInfo:
    number: 1
    Family: 6
    Model: 5
    stepping: 4
    features: 529267711
    manufacture: GenuineIntel
    typestring: Intel(R) Xeon(R) Gold 6149 CPU @ 3.10GHz
    iCoresPerPackage: 6
    iThreadsPerPackage: 2
    featuresEx:
      - 529267711
      - 4294586883
      - 739248128
    bHybrid: false
    nPCore: 0
    nLogicalsPerPCore: 0
    nECore: 0
    nLogicalsPerECore: 0
  MemModuleInfo:
    iNumMemSticks: 2
    DIMM 1:
      manufacturer: Alibaba Cloud
      modulePartNo: Not Specified
      memType: RAM
      size: 16
      clkspeed: 0
      moduleVoltage: 0
    DIMM 2:
      manufacturer: Alibaba Cloud
      modulePartNo: Not Specified
      memType: RAM
      size: 8
      clkspeed: 0
      moduleVoltage: 0
Checksum: B9AC05E30123C89FC1F268157A41CABABD3D85F8