---
system-info:
      stress-ng-version: 0.17.08
      run-by: root
      date-yyyy-mm-dd: 2024:07:02
      time-hh-mm-ss: 03:51:50
      epoch-secs: 1719892310
      hostname: c2d-highmem-16-a8da7cf
      sysname: Linux
      nodename: c2d-highmem-16-a8da7cf
      release: 6.8.0-1009-gcp
      version: '#10-Ubuntu SMP Wed Jun 12 18:52:23 UTC 2024'
      machine: x86_64
      compiler: 'musl-gcc 13.2.1'
      uptime: 165
      totalram: 135067537408
      freeram: 129765314560
      sharedram: 35069952
      bufferram: 125079552
      totalswap: 0
      freeswap: 0
      pagesize: 4096
      cpus: 16
      cpus-online: 16
      ticks-per-second: 100

metrics:
    - stressor: cpu
      bogo-ops: 469324
      bogo-ops-per-second-usr-sys-time: 1467.979192
      bogo-ops-per-second-real-time: 23466.144961
      wall-clock-time: 20.000047
      user-time: 319.692535
      system-time: 0.014994
      cpu-usage-per-instance: 99.908368
      max-rss: 1104

...
