BaselineInfo:
  WebDBID: -1
  TimeStamp: 20241109221751
Version:
  Major: 11
  Minor: 0
  Build: 1002
  SpecialBuildName: ""
  ptArchitecture: x86_64_linux
Results:
  Results Complete: true
  NumTestProcesses: 16
  CPU_INTEGER_MATH: 67353.463666666663
  CPU_FLOATINGPOINT_MATH: 34436.369221546724
  CPU_PRIME: 136.24475942551678
  CPU_SORTING: 34919.324494888147
  CPU_ENCRYPTION: 14661.047922705595
  CPU_COMPRESSION: 246623.96038234595
  CPU_SINGLETHREAD: 2434.516696386062
  CPU_PHYSICS: 2291.4416219162763
  CPU_MATRIX_MULT_SSE: 14989.077176939503
  CPU_mm: 1450.7492569695778
  CPU_sse: 6390.2316417118527
  CPU_fma: 17548.662641623283
  CPU_avx: 12960.145170849639
  CPU_avx512: 23057.269253573253
  m_CPU_enc_SHA: 14779199642.889723
  m_CPU_enc_AES: 22243144648.742378
  m_CPU_enc_ECDSA: 9097324668.1647167
  ME_ALLOC_S: 8079.8629892074587
  ME_READ_S: 24496.836523437501
  ME_READ_L: 13194.287109375
  ME_WRITE: 11488.1005859375
  ME_LARGE: 504987.16666666669
  ME_LATENCY: 51.483715224004868
  ME_THREADED: 94235.23779296875
  SUMM_CPU: 21387.418920216467
  SUMM_ME: 2827.6659468971934
SystemInformation:
  OSName: Ubuntu 24.04.1 LTS
  Kernel: 6.8.0-1017-azure
  Device: ""
  Processor: Intel Xeon Platinum 8370C CPU @ 2.80GHz
  NumSockets: 2
  Manufacturer: GenuineIntel
  NumCores: 8
  NumLogicals: 16
  CPUFrequency: 2800
  Memory: 515975
  MemModuleInfo:
    iNumMemSticks: 4
    DIMM 1:
      manufacturer: Microsoft Corporation
      modulePartNo: None
      memType: Unknown
      size: 1
      clkspeed: 0
      moduleVoltage: 0
    DIMM 2:
      manufacturer: Microsoft Corporation
      modulePartNo: None
      memType: Unknown
      size: 59
      clkspeed: 0
      moduleVoltage: 0
    DIMM 3:
      manufacturer: Microsoft Corporation
      modulePartNo: None
      memType: Unknown
      size: 196
      clkspeed: 0
      moduleVoltage: 0
    DIMM 4:
      manufacturer: Microsoft Corporation
      modulePartNo: None
      memType: Unknown
      size: 256
      clkspeed: 0
      moduleVoltage: 0
Checksum: 77F54561DDC30EE291CC92CB8573905F1C9BC750