BaselineInfo:
  WebDBID: -1
  TimeStamp: 20241108112042
Version:
  Major: 11
  Minor: 0
  Build: 1002
  SpecialBuildName: ""
  ptArchitecture: x86_64_linux
Results:
  Results Complete: true
  NumTestProcesses: 4
  CPU_INTEGER_MATH: 13468.297666666667
  CPU_FLOATINGPOINT_MATH: 8057.4113445071389
  CPU_PRIME: 34.759021175962118
  CPU_SORTING: 8712.2673045796073
  CPU_ENCRYPTION: 4271.4715393607685
  CPU_COMPRESSION: 60807.268674089079
  CPU_SINGLETHREAD: 2136.5996414289252
  CPU_PHYSICS: 608.34057299616461
  CPU_MATRIX_MULT_SSE: 3619.6569993136354
  CPU_mm: 403.80956865408513
  CPU_sse: 1666.6806495259482
  CPU_fma: 5401.1685503053468
  CPU_avx: 3791.1217981096111
  CPU_avx512: 0
  m_CPU_enc_SHA: 6039088519.559804
  m_CPU_enc_AES: 4136218595.0910406
  m_CPU_enc_ECDSA: 3261580507.9194269
  ME_ALLOC_S: 1431.2361466016214
  ME_READ_S: 24463.529882812501
  ME_READ_L: 12383.4072265625
  ME_WRITE: 12698.716796875
  ME_LARGE: 3479.6666666666665
  ME_LATENCY: 50.291270661674609
  ME_THREADED: 28695.48046875
  SUMM_CPU: 5636.5164300963806
  SUMM_ME: 1990.2677394787236
SystemInformation:
  OSName: Ubuntu 24.04.1 LTS
  Kernel: 6.8.0-1016-aws
  Device: ""
  Processor: AMD EPYC 7R32
  NumSockets: 1
  Manufacturer: AuthenticAMD
  NumCores: 2
  NumLogicals: 4
  CPUFrequency: 0
  Memory: 15788
  MemModuleInfo:
    iNumMemSticks: 1
    DIMM 1:
      manufacturer: Not Specified
      modulePartNo: Not Specified
      memType: DDR4
      size: 16
      clkspeed: 1600
      moduleVoltage: 0
Checksum: C933EB1BCF596F20964CFFB410028C29008904AD