---
system-info:
      stress-ng-version: 0.17.08
      run-by: root
      date-yyyy-mm-dd: 2024:06:08
      time-hh-mm-ss: 02:44:21
      epoch-secs: 1717814661
      hostname: 6607a4dc51bf
      sysname: Linux
      nodename: 6607a4dc51bf
      release: 6.8.0-1008-aws
      version: '#8-Ubuntu SMP Sat Apr 20 00:46:25 UTC 2024'
      machine: x86_64
      compiler: 'musl-gcc 13.2.1'
      uptime: 120
      totalram: 811214790656
      freeram: 805031874560
      sharedram: 72777728
      bufferram: 95285248
      totalswap: 0
      freeswap: 0
      pagesize: 4096
      cpus: 96
      cpus-online: 96
      ticks-per-second: 100

metrics:
    - stressor: cpu
      bogo-ops: 991767
      bogo-ops-per-second-usr-sys-time: 1033.795674
      bogo-ops-per-second-real-time: 99162.412894
      wall-clock-time: 10.001441
      user-time: 959.163339
      system-time: 0.181941
      cpu-usage-per-instance: 99.917404
      max-rss: 3072

...
