---
system-info:
      stress-ng-version: 0.17.08
      run-by: root
      date-yyyy-mm-dd: 2024:06:13
      time-hh-mm-ss: 15:55:46
      epoch-secs: 1718294146
      hostname: f6fe574f7888
      sysname: Linux
      nodename: f6fe574f7888
      release: 6.8.0-1008-aws
      version: '#8-Ubuntu SMP Sat Apr 20 00:46:25 UTC 2024'
      machine: x86_64
      compiler: 'musl-gcc 13.2.1'
      uptime: 137
      totalram: 811214774272
      freeram: 804912328704
      sharedram: 72777728
      bufferram: 106156032
      totalswap: 0
      freeswap: 0
      pagesize: 4096
      cpus: 96
      cpus-online: 96
      ticks-per-second: 100

metrics:
    - stressor: cpu
      bogo-ops: 1637625
      bogo-ops-per-second-usr-sys-time: 853.343066
      bogo-ops-per-second-real-time: 81880.878819
      wall-clock-time: 20.000091
      user-time: 1919.024930
      system-time: 0.044980
      cpu-usage-per-instance: 99.951105
      max-rss: 0

...
