BaselineInfo:
  WebDBID: -1
  TimeStamp: 20251202191917
Version:
  Major: 11
  Minor: 0
  Build: 1002
  SpecialBuildName: ""
  ptArchitecture: x86_64_linux
Results:
  Results Complete: true
  NumTestProcesses: 64
  CPU_INTEGER_MATH: 483770.26233333343
  CPU_FLOATINGPOINT_MATH: 475377.91524238372
  CPU_PRIME: 1612.2846298707082
  CPU_SORTING: 249758.46120961322
  CPU_ENCRYPTION: 99027.479107553299
  CPU_COMPRESSION: 1830213.0889467422
  CPU_SINGLETHREAD: 3818.7224724706507
  CPU_PHYSICS: 21605.519228039389
  CPU_MATRIX_MULT_SSE: 158772.84239499556
  CPU_mm: 18638.114495818936
  CPU_sse: 58853.671738206664
  CPU_fma: 214689.21193626142
  CPU_avx: 120651.64980053302
  CPU_avx512: 240896.83610498114
  m_CPU_enc_SHA: 139016641145.24875
  m_CPU_enc_AES: 87384396581.927292
  m_CPU_enc_ECDSA: 85112476070.869385
  ME_ALLOC_S: 40623.680189219071
  ME_READ_S: 33854.078125
  ME_READ_L: 32480.537109375
  ME_WRITE: 32641.498046875
  ME_LARGE: 112582.91666666667
  ME_LATENCY: 84.650528467324321
  ME_THREADED: 520740.22705078125
  SUMM_CPU: 118499.00264894479
  SUMM_ME: 2845.7969662246019
SystemInformation:
  OSName: Ubuntu 24.04.2 LTS
  Kernel: 6.14.0-1017-aws
  Device: ""
  Processor: AMD EPYC 9R45
  NumSockets: 1
  Manufacturer: AuthenticAMD
  NumCores: 64
  NumLogicals: 64
  CPUFrequency: 0
  Memory: 126404
  MemModuleInfo:
    iNumMemSticks: 1
    DIMM 1:
      manufacturer: Not Specified
      modulePartNo: Not Specified
      memType: DDR5
      size: 128
      clkspeed: 3200
      moduleVoltage: 0
Checksum: D403B2FB98843782246C405D268A35AB0B1E8362