---
system-info:
      stress-ng-version: 0.17.08
      run-by: root
      date-yyyy-mm-dd: 2024:09:17
      time-hh-mm-ss: 03:53:58
      epoch-secs: 1726545238
      hostname: sc-runner
      sysname: Linux
      nodename: sc-runner
      release: 6.8.0-1014-azure
      version: '#16-Ubuntu SMP Thu Aug 15 20:04:41 UTC 2024'
      machine: x86_64
      compiler: 'musl-gcc 13.2.1'
      uptime: 344
      totalram: 270451126272
      freeram: 259375849472
      sharedram: 109805568
      bufferram: 266993664
      totalswap: 0
      freeswap: 0
      pagesize: 4096
      cpus: 32
      cpus-online: 32
      ticks-per-second: 100

metrics:
    - stressor: cpu
      bogo-ops: 303879
      bogo-ops-per-second-usr-sys-time: 475.447909
      bogo-ops-per-second-real-time: 15193.807919
      wall-clock-time: 20.000187
      user-time: 639.055751
      system-time: 0.086822
      cpu-usage-per-instance: 99.865093
      max-rss: 3000

...
