BaselineInfo:
  WebDBID: -1
  TimeStamp: 20241108030239
Version:
  Major: 11
  Minor: 0
  Build: 1002
  SpecialBuildName: ""
  ptArchitecture: x86_64_linux
Results:
  Results Complete: true
  NumTestProcesses: 8
  CPU_INTEGER_MATH: 18984.358666666667
  CPU_FLOATINGPOINT_MATH: 10895.739756046511
  CPU_PRIME: 53.118423609163806
  CPU_SORTING: 12663.913182019249
  CPU_ENCRYPTION: 1875.9796092910594
  CPU_COMPRESSION: 85304.775536983245
  CPU_SINGLETHREAD: 1675.6874310212654
  CPU_PHYSICS: 853.29441070431164
  CPU_MATRIX_MULT_SSE: 4209.9530442559926
  CPU_mm: 581.64644669925303
  CPU_sse: 2271.9497995622396
  CPU_fma: 6000.8483285412922
  CPU_avx: 4357.0610046644433
  CPU_avx512: 0
  m_CPU_enc_SHA: 846403787.57414138
  m_CPU_enc_AES: 4287788691.725359
  m_CPU_enc_ECDSA: 767129105.07644486
  ME_ALLOC_S: 2437.1707550448909
  ME_READ_S: 19642.078906250001
  ME_READ_L: 10362.779296875
  ME_WRITE: 7344.287109375
  ME_LARGE: 51178.333333333336
  ME_LATENCY: 53.982773159386234
  ME_THREADED: 43229.56689453125
  SUMM_CPU: 6186.4536373512465
  SUMM_ME: 2184.0320048427307
SystemInformation:
  OSName: Ubuntu 24.04.1 LTS
  Kernel: 6.8.0-1016-aws
  Device: ""
  Processor: Intel Xeon CPU E5-2686 v4 @ 2.30GHz
  NumSockets: 1
  Manufacturer: GenuineIntel
  NumCores: 4
  NumLogicals: 8
  CPUFrequency: 3000
  Memory: 61278
  MemModuleInfo:
    iNumMemSticks: 4
    DIMM 1:
      manufacturer: Not Specified
      modulePartNo: Not Specified
      memType: RAM
      size: 16
      clkspeed: 0
      moduleVoltage: 0
    DIMM 2:
      manufacturer: Not Specified
      modulePartNo: Not Specified
      memType: RAM
      size: 16
      clkspeed: 0
      moduleVoltage: 0
    DIMM 3:
      manufacturer: Not Specified
      modulePartNo: Not Specified
      memType: RAM
      size: 16
      clkspeed: 0
      moduleVoltage: 0
    DIMM 4:
      manufacturer: Not Specified
      modulePartNo: Not Specified
      memType: RAM
      size: 13
      clkspeed: 0
      moduleVoltage: 0
Checksum: 149A5CC106F9925D5473F097805CE73895778677