BaselineInfo:
  WebDBID: -1
  TimeStamp: 20250923055532
Version:
  Major: 11
  Minor: 0
  Build: 1002
  SpecialBuildName: ""
  ptArchitecture: aarch64_linux
Results:
  Results Complete: true
  NumTestProcesses: 8
  CPU_INTEGER_MATH: 41742.745999999999
  CPU_FLOATINGPOINT_MATH: 48488.131065953705
  CPU_PRIME: 139.78794619544885
  CPU_SORTING: 37167.220293822909
  CPU_ENCRYPTION: 1503.7750063272933
  CPU_COMPRESSION: 53099.497716955193
  CPU_SINGLETHREAD: 1945.0601928575898
  CPU_PHYSICS: 2597.2011422875871
  CPU_MATRIX_MULT_SSE: 7367.2791545765585
  CPU_mm: 909.52656105903884
  CPU_sse: 5791.494345314386
  CPU_fma: 8943.0639638387293
  CPU_avx: 0
  CPU_avx512: 0
  m_CPU_enc_SHA: 2349118172.5105634
  m_CPU_enc_AES: 859836817.24664128
  m_CPU_enc_ECDSA: 1521512153.3467386
  ME_ALLOC_S: 12169.495502054015
  ME_READ_S: 21174.845312500001
  ME_READ_L: 20411.16796875
  ME_WRITE: 21218.833984375
  ME_LARGE: 53231.75
  ME_LATENCY: 44.888942604372602
  ME_THREADED: 148920.6015625
  SUMM_CPU: 7686.7541202548746
  SUMM_ME: 3310.6179134408035
SystemInformation:
  OSName: Ubuntu 24.04.2 LTS
  Kernel: 6.14.0-1012-aws
  Device: ""
  Processor: ARM Neoverse-V2 8 Core 0 MHz
  NumSockets: 1
  Manufacturer: ARM
  NumCores: 8
  NumLogicals: 8
  CPUFrequency: 0
  Memory: 63131
Checksum: B62C46D41508DFD2CA3464C0431E9B9D7805CDFE