---
system-info:
      stress-ng-version: 0.17.08
      run-by: root
      date-yyyy-mm-dd: 2024:06:15
      time-hh-mm-ss: 19:42:06
      epoch-secs: 1718480526
      hostname: 9b650082b045
      sysname: Linux
      nodename: 9b650082b045
      release: 6.8.0-1008-aws
      version: '#8-Ubuntu SMP Sat Apr 20 00:46:25 UTC 2024'
      machine: x86_64
      compiler: 'musl-gcc 13.2.1'
      uptime: 127
      totalram: 66333835264
      freeram: 61872472064
      sharedram: 59887616
      bufferram: 110239744
      totalswap: 0
      freeswap: 0
      pagesize: 4096
      cpus: 8
      cpus-online: 8
      ticks-per-second: 100

metrics:
    - stressor: cpu
      bogo-ops: 37813
      bogo-ops-per-second-usr-sys-time: 1890.635915
      bogo-ops-per-second-real-time: 1890.645470
      wall-clock-time: 20.000048
      user-time: 19.999150
      system-time: 0.000999
      cpu-usage-per-instance: 100.000505
      max-rss: 1104

...
