---
system-info:
      stress-ng-version: 0.17.08
      run-by: root
      date-yyyy-mm-dd: 2024:06:09
      time-hh-mm-ss: 17:18:54
      epoch-secs: 1717953534
      hostname: 83f4486fb47d
      sysname: Linux
      nodename: 83f4486fb47d
      release: 6.8.0-1008-aws
      version: '#8-Ubuntu SMP Sat Apr 20 00:46:25 UTC 2024'
      machine: x86_64
      compiler: 'musl-gcc 13.2.1'
      uptime: 115
      totalram: 66333839360
      freeram: 61712629760
      sharedram: 59887616
      bufferram: 110415872
      totalswap: 0
      freeswap: 0
      pagesize: 4096
      cpus: 8
      cpus-online: 8
      ticks-per-second: 100

metrics:
    - stressor: cpu
      bogo-ops: 16727
      bogo-ops-per-second-usr-sys-time: 1672.655675
      bogo-ops-per-second-real-time: 1672.630811
      wall-clock-time: 10.000414
      user-time: 9.999266
      system-time: 0.000999
      cpu-usage-per-instance: 99.998513
      max-rss: 4048

...
