BaselineInfo:
  WebDBID: -1
  TimeStamp: 20241108160604
Version:
  Major: 11
  Minor: 0
  Build: 1002
  SpecialBuildName: ""
  ptArchitecture: aarch64_linux
Results:
  Results Complete: true
  NumTestProcesses: 8
  CPU_INTEGER_MATH: 31581.864999999998
  CPU_FLOATINGPOINT_MATH: 23971.305580062635
  CPU_PRIME: 66.87509116811502
  CPU_SORTING: 22940.010573395324
  CPU_ENCRYPTION: 1092.3742056443621
  CPU_COMPRESSION: 37792.73443129666
  CPU_SINGLETHREAD: 1110.7330232157694
  CPU_PHYSICS: 1174.9764001655303
  CPU_MATRIX_MULT_SSE: 4969.231238183098
  CPU_mm: 834.27557537690871
  CPU_sse: 4144.3849047921494
  CPU_fma: 5794.0775715740447
  CPU_avx: 0
  CPU_avx512: 0
  m_CPU_enc_SHA: 1642271416.7513189
  m_CPU_enc_AES: 757352446.30969775
  m_CPU_enc_ECDSA: 1036688262.112211
  ME_ALLOC_S: 5248.2008015575466
  ME_READ_S: 9490.5162109374996
  ME_READ_L: 9216.7119140625
  ME_WRITE: 12581.42578125
  ME_LARGE: 37291.583333333336
  ME_LATENCY: 70.944398529503076
  ME_THREADED: 73063.9541015625
  SUMM_CPU: 5256.2451225245732
  SUMM_ME: 1759.8729725990627
SystemInformation:
  OSName: Ubuntu 24.04.1 LTS
  Kernel: 6.8.0-1016-aws
  Device: ""
  Processor: ARM Neoverse-N1 8 Core 0 MHz
  NumSockets: 1
  Manufacturer: ARM
  NumCores: 8
  NumLogicals: 8
  CPUFrequency: 0
  Memory: 47289
Checksum: 7B548FE01FAE1711CB57813B8596DE90F7EB660D