BaselineInfo:
  WebDBID: -1
  TimeStamp: 20260612164016
Version:
  Major: 11
  Minor: 0
  Build: 1004
  SpecialBuildName: ""
  ptArchitecture: x86_64_linux
Results:
  Results Complete: true
  NumTestProcesses: 4
  CPU_INTEGER_MATH: 24758.291666666668
  CPU_FLOATINGPOINT_MATH: 19854.468189431966
  CPU_PRIME: 75.65376044542063
  CPU_SORTING: 14715.178488416019
  CPU_ENCRYPTION: 5344.5317792770666
  CPU_COMPRESSION: 103863.87613770508
  CPU_SINGLETHREAD: 2806.1531011165757
  CPU_PHYSICS: 1382.6490884627774
  CPU_MATRIX_MULT_SSE: 9062.2189854296739
  CPU_mm: 935.52970867311046
  CPU_sse: 4223.8936167233314
  CPU_fma: 13991.837861856391
  CPU_avx: 8970.9254777092974
  CPU_avx512: 0
  m_CPU_enc_SHA: 7536080753.210103
  m_CPU_enc_AES: 4773529487.6709003
  m_CPU_enc_ECDSA: 4502833024.0806828
  ME_ALLOC_S: 1952.5313579564954
  ME_READ_S: 28000.188671874999
  ME_READ_L: 17530.927734375
  ME_WRITE: 18078.16015625
  ME_LARGE: 23876.583333333332
  ME_LATENCY: 59.992707517095091
  ME_THREADED: 66163.1630859375
  SUMM_CPU: 10443.166150932188
  SUMM_ME: 2646.6954997059274
SystemInformation:
  OSName: Ubuntu 24.04.4 LTS
  Kernel: 6.8.0-124-generic
  Device: ""
  Processor: AMD EPYC-Rome Processor
  NumSockets: 1
  Manufacturer: AuthenticAMD
  NumCores: 2
  NumLogicals: 4
  CPUFrequency: 0
  CPUMaxFrequency: 0
  Memory: 32091
  CPUInfo:
    number: 1
    Family: 15
    Model: 1
    stepping: 0
    features: 395049983
    manufacture: AuthenticAMD
    typestring: AMD EPYC-Rome Processor
    iCoresPerPackage: 2
    iThreadsPerPackage: 2
    featuresEx:
      - 395049983
      - 4277678595
      - 802421759
    bHybrid: false
    nPCore: 0
    nLogicalsPerPCore: 0
    nECore: 0
    nLogicalsPerECore: 0
  MemModuleInfo:
    iNumMemSticks: 2
    DIMM 1:
      manufacturer: QEMU
      modulePartNo: Not Specified
      memType: RAM
      size: 16
      clkspeed: 0
      moduleVoltage: 0
    DIMM 2:
      manufacturer: QEMU
      modulePartNo: Not Specified
      memType: RAM
      size: 16
      clkspeed: 0
      moduleVoltage: 0
Checksum: F54CF29851EFD37324AA146892AF0A342368DFF5