BaselineInfo:
  WebDBID: -1
  TimeStamp: 20260714114334
Version:
  Major: 11
  Minor: 0
  Build: 1004
  SpecialBuildName: ""
  ptArchitecture: x86_64_linux
Results:
  Results Complete: true
  NumTestProcesses: 48
  CPU_INTEGER_MATH: 218586.65866666668
  CPU_FLOATINGPOINT_MATH: 154293.45863234851
  CPU_PRIME: 451.62637281946564
  CPU_SORTING: 107008.73974234569
  CPU_ENCRYPTION: 48159.02644980498
  CPU_COMPRESSION: 780388.44997888862
  CPU_SINGLETHREAD: 2916.906799618152
  CPU_PHYSICS: 9625.7504928391027
  CPU_MATRIX_MULT_SSE: 63333.137765938351
  CPU_mm: 6210.1096530000477
  CPU_sse: 26521.911793172178
  CPU_fma: 69492.93535569997
  CPU_avx: 51402.388456619163
  CPU_avx512: 105915.31545826208
  m_CPU_enc_SHA: 50342895959.790543
  m_CPU_enc_AES: 66570113814.105682
  m_CPU_enc_ECDSA: 34582188181.995834
  ME_ALLOC_S: 25284.288226872966
  ME_READ_S: 26323.615820312501
  ME_READ_L: 10612.1640625
  ME_WRITE: 9613.455078125
  ME_LARGE: 183323.5
  ME_LATENCY: 62.637942256124568
  ME_THREADED: 268293.5029296875
  SUMM_CPU: 61185.710660264282
  SUMM_ME: 2539.3816070996877
SystemInformation:
  OSName: Ubuntu 24.04.4 LTS
  Kernel: 6.17.0-1020-azure
  Device: ""
  Processor: INTEL(R) XEON(R) PLATINUM 8573C
  NumSockets: 1
  Manufacturer: GenuineIntel
  NumCores: 24
  NumLogicals: 48
  CPUFrequency: 2300
  CPUMaxFrequency: 2300
  Memory: 193211
  CPUInfo:
    number: 1
    Family: 6
    Model: 15
    stepping: 2
    features: 529267711
    manufacture: GenuineIntel
    typestring: INTEL(R) XEON(R) PLATINUM 8573C
    iCoresPerPackage: 32
    iThreadsPerPackage: 2
    featuresEx:
      - 529267711
      - 4294586915
      - 739248128
    bHybrid: false
    nPCore: 0
    nLogicalsPerPCore: 0
    nECore: 0
    nLogicalsPerECore: 0
  MemModuleInfo:
    iNumMemSticks: 3
    DIMM 1:
      manufacturer: Microsoft Corporation
      modulePartNo: None
      memType: Unknown
      size: 1
      clkspeed: 0
      moduleVoltage: 0
    DIMM 2:
      manufacturer: Microsoft Corporation
      modulePartNo: None
      memType: Unknown
      size: 59
      clkspeed: 0
      moduleVoltage: 0
    DIMM 3:
      manufacturer: Microsoft Corporation
      modulePartNo: None
      memType: Unknown
      size: 132
      clkspeed: 0
      moduleVoltage: 0
Checksum: DEB0A4C7AAD97C48204164BB1A7D7F3BA70C72A0