BaselineInfo:
  WebDBID: -1
  TimeStamp: 20260617184116
Version:
  Major: 11
  Minor: 0
  Build: 1004
  SpecialBuildName: ""
  ptArchitecture: x86_64_linux
Results:
  Results Complete: true
  NumTestProcesses: 16
  CPU_INTEGER_MATH: 53900.525666666668
  CPU_FLOATINGPOINT_MATH: 32192.399493440891
  CPU_PRIME: 74.051286925800042
  CPU_SORTING: 30071.203269210971
  CPU_ENCRYPTION: 17063.082552864937
  CPU_COMPRESSION: 240571.39551672182
  CPU_SINGLETHREAD: 2128.3050548851411
  CPU_PHYSICS: 1340.7757792900672
  CPU_MATRIX_MULT_SSE: 14369.676102360054
  CPU_mm: 1549.0153888385657
  CPU_sse: 6391.7142683373149
  CPU_fma: 20975.557253948857
  CPU_avx: 15741.756784793997
  CPU_avx512: 0
  m_CPU_enc_SHA: 24097123380.326294
  m_CPU_enc_AES: 16537100336.590496
  m_CPU_enc_ECDSA: 13041592835.941916
  ME_ALLOC_S: 5107.6584386236045
  ME_READ_S: 24417.172460937501
  ME_READ_L: 12216.0576171875
  ME_WRITE: 11340.7802734375
  ME_LARGE: 22266.5
  ME_LATENCY: 49.318286778896095
  ME_THREADED: 32598.44970703125
  SUMM_CPU: 18931.511738727855
  SUMM_ME: 2539.3097410397791
SystemInformation:
  OSName: Ubuntu 24.04.4 LTS
  Kernel: 6.8.0-117-generic
  Device: ""
  Processor: "AMD EPYC 7H12 64-Core Processor                "
  NumSockets: 1
  Manufacturer: AuthenticAMD
  NumCores: 8
  NumLogicals: 16
  CPUFrequency: 7
  CPUMaxFrequency: 832
  Memory: 30683
  CPUInfo:
    number: 1
    Family: 15
    Model: 1
    stepping: 0
    features: 395049983
    manufacture: AuthenticAMD
    typestring: "AMD EPYC 7H12 64-Core Processor                "
    iCoresPerPackage: 8
    iThreadsPerPackage: 2
    featuresEx:
      - 395049983
      - 4277678595
      - 776996864
    bHybrid: false
    nPCore: 0
    nLogicalsPerPCore: 0
    nECore: 0
    nLogicalsPerECore: 0
  MemModuleInfo:
    iNumMemSticks: 2
    DIMM 1:
      manufacturer: Alibaba Cloud
      modulePartNo: Not Specified
      memType: RAM
      size: 16
      clkspeed: 0
      moduleVoltage: 0
    DIMM 2:
      manufacturer: Alibaba Cloud
      modulePartNo: Not Specified
      memType: RAM
      size: 16
      clkspeed: 0
      moduleVoltage: 0
Checksum: ADA0FBC70BABAB2530FC7FC15942F9A33F5E28FA