---
system-info:
      stress-ng-version: 0.17.08
      run-by: root
      date-yyyy-mm-dd: 2024:06:08
      time-hh-mm-ss: 10:22:33
      epoch-secs: 1717842153
      hostname: 4a2f38684c5e
      sysname: Linux
      nodename: 4a2f38684c5e
      release: 6.8.0-1008-aws
      version: '#8-Ubuntu SMP Sat Apr 20 00:46:25 UTC 2024'
      machine: x86_64
      compiler: 'musl-gcc 13.2.1'
      uptime: 139
      totalram: 270418350080
      freeram: 265206931456
      sharedram: 96247808
      bufferram: 100798464
      totalswap: 0
      freeswap: 0
      pagesize: 4096
      cpus: 64
      cpus-online: 64
      ticks-per-second: 100

metrics:
    - stressor: cpu
      bogo-ops: 483723
      bogo-ops-per-second-usr-sys-time: 756.260487
      bogo-ops-per-second-real-time: 48359.801075
      wall-clock-time: 10.002585
      user-time: 639.536932
      system-time: 0.087917
      cpu-usage-per-instance: 99.915559
      max-rss: 3584

...
