---
system-info:
      stress-ng-version: 0.17.08
      run-by: root
      date-yyyy-mm-dd: 2024:06:14
      time-hh-mm-ss: 16:44:18
      epoch-secs: 1718383458
      hostname: 7366df18baba
      sysname: Linux
      nodename: 7366df18baba
      release: 6.8.0-1008-aws
      version: '#8-Ubuntu SMP Sat Apr 20 00:46:25 UTC 2024'
      machine: x86_64
      compiler: 'musl-gcc 13.2.1'
      uptime: 140
      totalram: 270418333696
      freeram: 265271459840
      sharedram: 96247808
      bufferram: 108654592
      totalswap: 0
      freeswap: 0
      pagesize: 4096
      cpus: 64
      cpus-online: 64
      ticks-per-second: 100

metrics:
    - stressor: cpu
      bogo-ops: 609256
      bogo-ops-per-second-usr-sys-time: 476.269401
      bogo-ops-per-second-real-time: 30462.543588
      wall-clock-time: 20.000168
      user-time: 1279.197760
      system-time: 0.027818
      cpu-usage-per-instance: 99.938657
      max-rss: 512

...
