---
system-info:
      stress-ng-version: 0.17.08
      run-by: root
      date-yyyy-mm-dd: 2024:09:12
      time-hh-mm-ss: 21:30:37
      epoch-secs: 1726176637
      hostname: ip-172-31-51-199
      sysname: Linux
      nodename: ip-172-31-51-199
      release: 6.8.0-1014-aws
      version: '#15-Ubuntu SMP Thu Aug  8 19:13:06 UTC 2024'
      machine: x86_64
      compiler: 'musl-gcc 13.2.1'
      uptime: 237
      totalram: 532511707136
      freeram: 521334198272
      sharedram: 115798016
      bufferram: 223916032
      totalswap: 0
      freeswap: 0
      pagesize: 4096
      cpus: 128
      cpus-online: 128
      ticks-per-second: 100

metrics:
    - stressor: cpu
      bogo-ops: 2476339
      bogo-ops-per-second-usr-sys-time: 967.637899
      bogo-ops-per-second-real-time: 123816.528946
      wall-clock-time: 20.000068
      user-time: 2559.100781
      system-time: 0.057972
      cpu-usage-per-instance: 99.966799
      max-rss: 0

...
