BaselineInfo:
  WebDBID: -1
  TimeStamp: 20241107233642
Version:
  Major: 11
  Minor: 0
  Build: 1002
  SpecialBuildName: ""
  ptArchitecture: aarch64_linux
Results:
  Results Complete: true
  NumTestProcesses: 16
  CPU_INTEGER_MATH: 100923.11566666668
  CPU_FLOATINGPOINT_MATH: 84765.497476444769
  CPU_PRIME: 225.50509086225637
  CPU_SORTING: 82157.825027760962
  CPU_ENCRYPTION: 3013.3201038150751
  CPU_COMPRESSION: 109794.19568066574
  CPU_SINGLETHREAD: 1881.9348841210301
  CPU_PHYSICS: 5178.2160729212337
  CPU_MATRIX_MULT_SSE: 14309.741349669544
  CPU_mm: 2302.4740365960042
  CPU_sse: 12070.163487370084
  CPU_fma: 16549.31921196901
  CPU_avx: 0
  CPU_avx512: 0
  m_CPU_enc_SHA: 4413351539.3501186
  m_CPU_enc_AES: 1931935447.4212265
  m_CPU_enc_ECDSA: 3133798436.7626457
  ME_ALLOC_S: 19651.75533385776
  ME_READ_S: 25407.169335937499
  ME_READ_L: 18970.716796875
  ME_WRITE: 25734.427734375
  ME_LARGE: 53618.25
  ME_LATENCY: 54.164476926665678
  ME_THREADED: 277280.27734375
  SUMM_CPU: 14758.633207455894
  SUMM_ME: 3241.274304664676
SystemInformation:
  OSName: Ubuntu 24.04.1 LTS
  Kernel: 6.8.0-1017-azure
  Device: ""
  Processor: ARM Neoverse-N2 16 Core 0 MHz
  NumSockets: 1
  Manufacturer: ARM
  NumCores: 16
  NumLogicals: 16
  CPUFrequency: 0
  Memory: 64172
Checksum: 086F599F798B2276DC8E6D8D088AA99C71A7761A