---
system-info:
      stress-ng-version: 0.17.08
      run-by: root
      date-yyyy-mm-dd: 2024:09:02
      time-hh-mm-ss: 18:37:50
      epoch-secs: 1725302270
      hostname: sc-runner
      sysname: Linux
      nodename: sc-runner
      release: 6.8.0-1013-azure
      version: '#15-Ubuntu SMP Thu Aug  8 18:40:40 UTC 2024'
      machine: x86_64
      compiler: 'musl-gcc 13.2.1'
      uptime: 316
      totalram: 8322940928
      freeram: 243630080
      sharedram: 38092800
      bufferram: 201003008
      totalswap: 0
      freeswap: 0
      pagesize: 4096
      cpus: 4
      cpus-online: 4
      ticks-per-second: 100

metrics:
    - stressor: cpu
      bogo-ops: 107770
      bogo-ops-per-second-usr-sys-time: 1357.417106
      bogo-ops-per-second-real-time: 5388.490365
      wall-clock-time: 20.000036
      user-time: 79.370458
      system-time: 0.022972
      cpu-usage-per-instance: 99.241610
      max-rss: 3152

...
