BaselineInfo:
  WebDBID: -1
  TimeStamp: 20241107144114
Version:
  Major: 11
  Minor: 0
  Build: 1002
  SpecialBuildName: ""
  ptArchitecture: x86_64_linux
Results:
  Results Complete: true
  NumTestProcesses: 4
  CPU_INTEGER_MATH: 12294.431
  CPU_FLOATINGPOINT_MATH: 6608.7428588409985
  CPU_PRIME: 24.690015267813124
  CPU_SORTING: 6526.2604566723503
  CPU_ENCRYPTION: 1697.79126787419
  CPU_COMPRESSION: 55083.71277777561
  CPU_SINGLETHREAD: 1969.268261408185
  CPU_PHYSICS: 507.95675845110168
  CPU_MATRIX_MULT_SSE: 3566.2307493212074
  CPU_mm: 373.98834787448624
  CPU_sse: 1350.5854479264549
  CPU_fma: 4434.2853951270699
  CPU_avx: 3121.2045626589356
  CPU_avx512: 5358.8475915723693
  m_CPU_enc_SHA: 556323855.77055883
  m_CPU_enc_AES: 4287669876.3267651
  m_CPU_enc_ECDSA: 496795797.41001618
  ME_ALLOC_S: 1432.817245971416
  ME_READ_S: 24211.478710937499
  ME_READ_L: 9949.576171875
  ME_WRITE: 9637.9033203125
  ME_LARGE: 635.66666666666663
  ME_LATENCY: 55.396754609749557
  ME_THREADED: 24129.22119140625
  SUMM_CPU: 4360.5483413824959
  SUMM_ME: 1031.7812398561043
SystemInformation:
  OSName: Ubuntu 24.04.1 LTS
  Kernel: 6.8.0-1016-aws
  Device: ""
  Processor: Intel Xeon Platinum 8124M CPU @ 3.00GHz
  NumSockets: 1
  Manufacturer: GenuineIntel
  NumCores: 2
  NumLogicals: 4
  CPUFrequency: 0
  Memory: 10194
  MemModuleInfo:
    iNumMemSticks: 1
    DIMM 1:
      manufacturer: Not Specified
      modulePartNo: Not Specified
      memType: DDR4
      size: 10752
      clkspeed: 1600
      moduleVoltage: 0
Checksum: E30ADC724A6FAE7D74A9187A1F1A13E7A155E440