BaselineInfo:
  WebDBID: -1
  TimeStamp: 20251219140915
Version:
  Major: 11
  Minor: 0
  Build: 1002
  SpecialBuildName: ""
  ptArchitecture: x86_64_linux
Results:
  Results Complete: true
  NumTestProcesses: 30
  CPU_INTEGER_MATH: 121781.82699999999
  CPU_FLOATINGPOINT_MATH: 91022.642462699441
  CPU_PRIME: 212.99096470004403
  CPU_SORTING: 69976.371052500952
  CPU_ENCRYPTION: 16312.579292736838
  CPU_COMPRESSION: 629722.76552267419
  CPU_SINGLETHREAD: 2103.8315110743379
  CPU_PHYSICS: 2692.7635019937566
  CPU_MATRIX_MULT_SSE: 45801.963580852447
  CPU_mm: 5176.8594084079195
  CPU_sse: 18232.463474689848
  CPU_fma: 60518.68454011107
  CPU_avx: 41878.911690199617
  CPU_avx512: 62577.794618409222
  m_CPU_enc_SHA: 8757735966.585146
  m_CPU_enc_AES: 35068080894.768967
  m_CPU_enc_ECDSA: 7489120572.0283756
  ME_ALLOC_S: 16976.654503230526
  ME_READ_S: 25572.708789062501
  ME_READ_L: 7172.48046875
  ME_WRITE: 7379.77099609375
  ME_LARGE: 71381.833333333328
  ME_LATENCY: 81.716135100723321
  ME_THREADED: 106183.91162109375
  SUMM_CPU: 36248.251407714371
  SUMM_ME: 1938.0897056135409
SystemInformation:
  OSName: Ubuntu 24.04.2 LTS
  Kernel: 6.8.0-86-generic
  Device: ""
  Processor: Intel Xeon Gold 6226R CPU @ 2.90GHz
  NumSockets: 30
  Manufacturer: GenuineIntel
  NumCores: 30
  NumLogicals: 30
  CPUFrequency: 0
  Memory: 88376
  MemModuleInfo:
    iNumMemSticks: 1
    DIMM 1:
      manufacturer: QEMU
      modulePartNo: Not Specified
      memType: RAM
      size: 90000
      clkspeed: 0
      moduleVoltage: 0
Checksum: 78F4BE44B2299A1F2B80541830322656627AC399