BaselineInfo:
  WebDBID: -1
  TimeStamp: 20251218231127
Version:
  Major: 11
  Minor: 0
  Build: 1002
  SpecialBuildName: ""
  ptArchitecture: x86_64_linux
Results:
  Results Complete: true
  NumTestProcesses: 32
  CPU_INTEGER_MATH: 105166.69100000001
  CPU_FLOATINGPOINT_MATH: 85124.612582649672
  CPU_PRIME: 188.70687898180316
  CPU_SORTING: 61576.83026809826
  CPU_ENCRYPTION: 9334.0221097767317
  CPU_COMPRESSION: 533842.56586834951
  CPU_SINGLETHREAD: 2124.3857350929507
  CPU_PHYSICS: 1962.0698166271236
  CPU_MATRIX_MULT_SSE: 32448.325887991676
  CPU_mm: 4401.2124096446496
  CPU_sse: 17735.340843642716
  CPU_fma: 44471.178776294968
  CPU_avx: 35138.458044037332
  CPU_avx512: 0
  m_CPU_enc_SHA: 6633450909.628418
  m_CPU_enc_AES: 17974382957.058414
  m_CPU_enc_ECDSA: 4754460836.6569033
  ME_ALLOC_S: 16172.704430403875
  ME_READ_S: 23008.270312500001
  ME_READ_L: 8000.34765625
  ME_WRITE: 6795.01171875
  ME_LARGE: 106495.41666666667
  ME_LATENCY: 66.173699131144659
  ME_THREADED: 66869.1923828125
  SUMM_CPU: 29272.469747431081
  SUMM_ME: 2096.4686377457097
SystemInformation:
  OSName: Ubuntu 24.04.2 LTS
  Kernel: 6.8.0-86-generic
  Device: ""
  Processor: Intel Core Processor (Haswell, no TSX)
  NumSockets: 32
  Manufacturer: GenuineIntel
  NumCores: 32
  NumLogicals: 32
  CPUFrequency: 0
  Memory: 117907
  MemModuleInfo:
    iNumMemSticks: 1
    DIMM 1:
      manufacturer: QEMU
      modulePartNo: Not Specified
      memType: RAM
      size: 120000
      clkspeed: 0
      moduleVoltage: 0
Checksum: 896A875EAF36094C874CDD30722CB7CA8A651E26