---
system-info:
      stress-ng-version: 0.17.08
      run-by: root
      date-yyyy-mm-dd: 2024:09:24
      time-hh-mm-ss: 00:59:48
      epoch-secs: 1727139588
      hostname: sc-runner
      sysname: Linux
      nodename: sc-runner
      release: 6.8.0-1014-azure
      version: '#16-Ubuntu SMP Thu Aug 15 20:04:41 UTC 2024'
      machine: x86_64
      compiler: 'musl-gcc 13.2.1'
      uptime: 315
      totalram: 270237769728
      freeram: 258820546560
      sharedram: 38649856
      bufferram: 252248064
      totalswap: 0
      freeswap: 0
      pagesize: 4096
      cpus: 64
      cpus-online: 64
      ticks-per-second: 100

metrics:
    - stressor: cpu
      bogo-ops: 1724805
      bogo-ops-per-second-usr-sys-time: 1348.496704
      bogo-ops-per-second-real-time: 86240.008486
      wall-clock-time: 20.000056
      user-time: 1279.011664
      system-time: 0.045967
      cpu-usage-per-instance: 99.926098
      max-rss: 3004

...
