BaselineInfo:
  WebDBID: -1
  TimeStamp: 20241109181846
Version:
  Major: 11
  Minor: 0
  Build: 1002
  SpecialBuildName: ""
  ptArchitecture: aarch64_linux
Results:
  Results Complete: true
  NumTestProcesses: 96
  CPU_INTEGER_MATH: 501341.74466666649
  CPU_FLOATINGPOINT_MATH: 582681.04304849787
  CPU_PRIME: 801.58166287461643
  CPU_SORTING: 417162.09335889498
  CPU_ENCRYPTION: 18179.844601105709
  CPU_COMPRESSION: 639444.04233363562
  CPU_SINGLETHREAD: 1948.4208773482078
  CPU_PHYSICS: 18212.196263444002
  CPU_MATRIX_MULT_SSE: 80676.552028015445
  CPU_mm: 10814.19282983734
  CPU_sse: 63522.053135959664
  CPU_fma: 97831.050920071255
  CPU_avx: 0
  CPU_avx512: 0
  m_CPU_enc_SHA: 28628322613.799942
  m_CPU_enc_AES: 10317084533.799494
  m_CPU_enc_ECDSA: 18243439049.747643
  ME_ALLOC_S: 47205.609971331585
  ME_READ_S: 21222.962500000001
  ME_READ_L: 20066.9296875
  ME_WRITE: 21336.794921875
  ME_LARGE: 178956.66666666666
  ME_LATENCY: 46.197051739960692
  ME_THREADED: 505350.412109375
  SUMM_CPU: 56792.901605222985
  SUMM_ME: 3410.8228110271325
SystemInformation:
  OSName: Ubuntu 24.04.1 LTS
  Kernel: 6.8.0-1016-aws
  Device: ""
  Processor: ARM Neoverse-V2 96 Core 0 MHz
  NumSockets: 1
  Manufacturer: ARM
  NumCores: 96
  NumLogicals: 96
  CPUFrequency: 0
  Memory: 192813
Checksum: FEDD8FC4836D3813A6C1D6896339358D750E3E24