---
system-info:
      stress-ng-version: 0.17.08
      run-by: root
      date-yyyy-mm-dd: 2024:06:09
      time-hh-mm-ss: 19:41:35
      epoch-secs: 1717962095
      hostname: 916a73ba572c
      sysname: Linux
      nodename: 916a73ba572c
      release: 6.8.0-1008-aws
      version: '#8-Ubuntu SMP Sat Apr 20 00:46:25 UTC 2024'
      machine: x86_64
      compiler: 'musl-gcc 13.2.1'
      uptime: 129
      totalram: 16469909504
      freeram: 11982675968
      sharedram: 59850752
      bufferram: 111624192
      totalswap: 0
      freeswap: 0
      pagesize: 4096
      cpus: 2
      cpus-online: 2
      ticks-per-second: 100

metrics:
    - stressor: cpu
      bogo-ops: 16570
      bogo-ops-per-second-usr-sys-time: 1657.140194
      bogo-ops-per-second-real-time: 1656.901241
      wall-clock-time: 10.000596
      user-time: 9.998154
      system-time: 0.001000
      cpu-usage-per-instance: 99.985580
      max-rss: 3920

...
