---
system-info:
      stress-ng-version: 0.17.08
      run-by: root
      date-yyyy-mm-dd: 2024:06:15
      time-hh-mm-ss: 22:19:52
      epoch-secs: 1718489992
      hostname: c1979cc8dc0f
      sysname: Linux
      nodename: c1979cc8dc0f
      release: 6.8.0-1008-aws
      version: '#8-Ubuntu SMP Sat Apr 20 00:46:25 UTC 2024'
      machine: x86_64
      compiler: 'musl-gcc 13.2.1'
      uptime: 141
      totalram: 16469917696
      freeram: 12152991744
      sharedram: 59850752
      bufferram: 110465024
      totalswap: 0
      freeswap: 0
      pagesize: 4096
      cpus: 2
      cpus-online: 2
      ticks-per-second: 100

metrics:
    - stressor: cpu
      bogo-ops: 37605
      bogo-ops-per-second-usr-sys-time: 1880.379464
      bogo-ops-per-second-real-time: 1880.240183
      wall-clock-time: 20.000104
      user-time: 19.997623
      system-time: 0.001000
      cpu-usage-per-instance: 99.992593
      max-rss: 976

...
