BaselineInfo:
  WebDBID: -1
  TimeStamp: 20241110151648
Version:
  Major: 11
  Minor: 0
  Build: 1002
  SpecialBuildName: ""
  ptArchitecture: aarch64_linux
Results:
  Results Complete: true
  NumTestProcesses: 96
  CPU_INTEGER_MATH: 500265.45566666656
  CPU_FLOATINGPOINT_MATH: 580658.39927145804
  CPU_PRIME: 809.23005830959721
  CPU_SORTING: 431928.60693995503
  CPU_ENCRYPTION: 18128.530141126808
  CPU_COMPRESSION: 637522.76601917879
  CPU_SINGLETHREAD: 1943.8128284945485
  CPU_PHYSICS: 18542.063295502296
  CPU_MATRIX_MULT_SSE: 80506.202029109074
  CPU_mm: 10828.455772168149
  CPU_sse: 63363.22148667583
  CPU_fma: 97649.182571542347
  CPU_avx: 0
  CPU_avx512: 0
  m_CPU_enc_SHA: 28599348617.899952
  m_CPU_enc_AES: 10287174709.61137
  m_CPU_enc_ECDSA: 18140901536.2752
  ME_ALLOC_S: 46856.129082409054
  ME_READ_S: 21195.3505859375
  ME_READ_L: 18015.1953125
  ME_WRITE: 21149.255859375
  ME_LARGE: 1506364.5833333333
  ME_LATENCY: 48.955363088166138
  ME_THREADED: 507289.09716796875
  SUMM_CPU: 56718.690314998188
  SUMM_ME: 3281.0676887222739
SystemInformation:
  OSName: Ubuntu 24.04.1 LTS
  Kernel: 6.8.0-1016-aws
  Device: ""
  Processor: ARM Neoverse-V2 96 Core 0 MHz
  NumSockets: 1
  Manufacturer: ARM
  NumCores: 96
  NumLogicals: 96
  CPUFrequency: 0
  Memory: 1520478
Checksum: 7D7CC39608CDBC3B9CAC80CA1BBFD989EBE73268