BaselineInfo:
  WebDBID: -1
  TimeStamp: 20241114170828
Version:
  Major: 11
  Minor: 0
  Build: 1002
  SpecialBuildName: ""
  ptArchitecture: x86_64_linux
Results:
  Results Complete: true
  NumTestProcesses: 1
  CPU_INTEGER_MATH: 4221.9440000000004
  CPU_FLOATINGPOINT_MATH: 2867.7522685580261
  CPU_PRIME: 11.585983187194893
  CPU_SORTING: 2473.6199636376477
  CPU_ENCRYPTION: 233.53837110298187
  CPU_COMPRESSION: 17545.656311128256
  CPU_SINGLETHREAD: 1657.8157861745719
  CPU_PHYSICS: 218.261397106077
  CPU_MATRIX_MULT_SSE: 582.64968864365039
  CPU_mm: 193.08566454792134
  CPU_sse: 582.64968864365039
  CPU_fma: 0
  CPU_avx: 0
  CPU_avx512: 0
  m_CPU_enc_SHA: 260042326.08862591
  m_CPU_enc_AES: 252552202.63957188
  m_CPU_enc_ECDSA: 222053664.32484317
  ME_ALLOC_S: 0
  ME_READ_S: 0
  ME_READ_L: 0
  ME_WRITE: 0
  ME_LARGE: 0
  ME_LATENCY: 0
  ME_THREADED: 0
  SUMM_CPU: 1112.0548727482296
  SUMM_ME: 0
SystemInformation:
  OSName: Ubuntu 24.04.1 LTS
  Kernel: 6.8.0-1018-aws
  Device: ""
  Processor: Intel Xeon CPU E5-2670 v2 @ 2.50GHz
  NumSockets: 1
  Manufacturer: GenuineIntel
  NumCores: 1
  NumLogicals: 1
  CPUFrequency: 0
  Memory: 554
  MemModuleInfo:
    iNumMemSticks: 1
    DIMM 1:
      manufacturer: Not Specified
      modulePartNo: Not Specified
      memType: RAM
      size: 615
      clkspeed: 0
      moduleVoltage: 0
Checksum: C951D6ECF29DEA35823BC44434231759CFA0C36C