BaselineInfo:
  WebDBID: -1
  TimeStamp: 20241115210624
Version:
  Major: 11
  Minor: 0
  Build: 1002
  SpecialBuildName: ""
  ptArchitecture: x86_64_linux
Results:
  Results Complete: true
  NumTestProcesses: 1
  CPU_INTEGER_MATH: 4226.2039999999997
  CPU_FLOATINGPOINT_MATH: 2882.4168963232537
  CPU_PRIME: 11.777165584815467
  CPU_SORTING: 2492.8382490030795
  CPU_ENCRYPTION: 236.20854499700485
  CPU_COMPRESSION: 17900.054841517769
  CPU_SINGLETHREAD: 1667.3390606522551
  CPU_PHYSICS: 213.4862497269562
  CPU_MATRIX_MULT_SSE: 584.39652342508214
  CPU_mm: 198.54016670262357
  CPU_sse: 584.39652342508214
  CPU_fma: 0
  CPU_avx: 0
  CPU_avx512: 0
  m_CPU_enc_SHA: 263166302.13843834
  m_CPU_enc_AES: 253769694.84531713
  m_CPU_enc_ECDSA: 226111836.85258254
  ME_ALLOC_S: 0
  ME_READ_S: 0
  ME_READ_L: 0
  ME_WRITE: 0
  ME_LARGE: 0
  ME_LATENCY: 0
  ME_THREADED: 0
  SUMM_CPU: 1121.2924245511936
  SUMM_ME: 0
SystemInformation:
  OSName: Ubuntu 24.04.1 LTS
  Kernel: 6.8.0-1018-aws
  Device: ""
  Processor: Intel Xeon CPU E5-2670 v2 @ 2.50GHz
  NumSockets: 1
  Manufacturer: GenuineIntel
  NumCores: 1
  NumLogicals: 1
  CPUFrequency: 0
  Memory: 554
  MemModuleInfo:
    iNumMemSticks: 1
    DIMM 1:
      manufacturer: Not Specified
      modulePartNo: Not Specified
      memType: RAM
      size: 615
      clkspeed: 0
      moduleVoltage: 0
Checksum: EC4460C869833732746D8B04B48A18C7B33A85C2