BaselineInfo:
  WebDBID: -1
  TimeStamp: 20241114194044
Version:
  Major: 11
  Minor: 0
  Build: 1002
  SpecialBuildName: ""
  ptArchitecture: x86_64_linux
Results:
  Results Complete: true
  NumTestProcesses: 1
  CPU_INTEGER_MATH: 3334.9173333333333
  CPU_FLOATINGPOINT_MATH: 2208.3835098898571
  CPU_PRIME: 5.444574075397024
  CPU_SORTING: 1647.6084217626872
  CPU_ENCRYPTION: 183.45866113792135
  CPU_COMPRESSION: 14220.302360020829
  CPU_SINGLETHREAD: 1405.5168019339085
  CPU_PHYSICS: 164.8070019227242
  CPU_MATRIX_MULT_SSE: 494.69733613781381
  CPU_mm: 159.84082261176692
  CPU_sse: 494.69733613781381
  CPU_fma: 0
  CPU_avx: 0
  CPU_avx512: 0
  m_CPU_enc_SHA: 206750676.480194
  m_CPU_enc_AES: 200343414.42388836
  m_CPU_enc_ECDSA: 170016956.27998865
  ME_ALLOC_S: 0
  ME_READ_S: 0
  ME_READ_L: 0
  ME_WRITE: 0
  ME_LARGE: 0
  ME_LATENCY: 0
  ME_THREADED: 0
  SUMM_CPU: 861.98348759624139
  SUMM_ME: 0
SystemInformation:
  OSName: Ubuntu 24.04.1 LTS
  Kernel: 6.8.0-1018-aws
  Device: ""
  Processor: Intel Xeon CPU E5-2670 v2 @ 2.50GHz
  NumSockets: 1
  Manufacturer: GenuineIntel
  NumCores: 1
  NumLogicals: 1
  CPUFrequency: 0
  Memory: 554
  MemModuleInfo:
    iNumMemSticks: 1
    DIMM 1:
      manufacturer: Not Specified
      modulePartNo: Not Specified
      memType: RAM
      size: 615
      clkspeed: 0
      moduleVoltage: 0
Checksum: B4F85D50731D158249247E07278B7086240C1186