BaselineInfo:
  WebDBID: -1
  TimeStamp: 20260621232808
Version:
  Major: 11
  Minor: 0
  Build: 1004
  SpecialBuildName: ""
  ptArchitecture: x86_64_linux
Results:
  Results Complete: true
  NumTestProcesses: 96
  CPU_INTEGER_MATH: 464645.56033333321
  CPU_FLOATINGPOINT_MATH: 339394.74859067739
  CPU_PRIME: 898.61808113203494
  CPU_SORTING: 235742.85795605392
  CPU_ENCRYPTION: 102186.27177840582
  CPU_COMPRESSION: 1791636.6823672978
  CPU_SINGLETHREAD: 3535.4627566747304
  CPU_PHYSICS: 13869.362719099765
  CPU_MATRIX_MULT_SSE: 123083.77259919814
  CPU_mm: 13150.457301347171
  CPU_sse: 56654.784133957488
  CPU_fma: 147522.7906917441
  CPU_avx: 114338.32534431563
  CPU_avx512: 173819.19022677545
  m_CPU_enc_SHA: 108756574750.68275
  m_CPU_enc_AES: 141557288686.00507
  m_CPU_enc_ECDSA: 71136352912.253265
  ME_ALLOC_S: 33116.642380678415
  ME_READ_S: 30783.871875000001
  ME_READ_L: 20289.265625
  ME_WRITE: 8332.880859375
  ME_LARGE: 375848.08333333331
  ME_LATENCY: 74.36629502563774
  ME_THREADED: 305254.13757324219
  SUMM_CPU: 106546.32301421835
  SUMM_ME: 2583.9806596392509
SystemInformation:
  OSName: Ubuntu 24.04.4 LTS
  Kernel: 6.17.0-1018-azure
  Device: ""
  Processor: Intel(R) Xeon(R) 6973P-C
  NumSockets: 1
  Manufacturer: GenuineIntel
  NumCores: 48
  NumLogicals: 96
  CPUFrequency: 2600
  CPUMaxFrequency: 2600
  Memory: 386921
  CPUInfo:
    number: 1
    Family: 6
    Model: 13
    stepping: 1
    features: 529267711
    manufacture: GenuineIntel
    typestring: Intel(R) Xeon(R) 6973P-C
    iCoresPerPackage: 64
    iThreadsPerPackage: 2
    featuresEx:
      - 529267711
      - 4294586915
      - 739248128
    bHybrid: false
    nPCore: 0
    nLogicalsPerPCore: 0
    nECore: 0
    nLogicalsPerECore: 0
  MemModuleInfo:
    iNumMemSticks: 4
    DIMM 1:
      manufacturer: Microsoft Corporation
      modulePartNo: None
      memType: Unknown
      size: 1
      clkspeed: 0
      moduleVoltage: 0
    DIMM 2:
      manufacturer: Microsoft Corporation
      modulePartNo: None
      memType: Unknown
      size: 59
      clkspeed: 0
      moduleVoltage: 0
    DIMM 3:
      manufacturer: Microsoft Corporation
      modulePartNo: None
      memType: Unknown
      size: 132
      clkspeed: 0
      moduleVoltage: 0
    DIMM 4:
      manufacturer: Microsoft Corporation
      modulePartNo: None
      memType: Unknown
      size: 192
      clkspeed: 0
      moduleVoltage: 0
Checksum: 472BADEA2D51D4211A5D22300526DC2AF0D7052A