BaselineInfo:
  WebDBID: -1
  TimeStamp: 20260708051829
Version:
  Major: 11
  Minor: 0
  Build: 1004
  SpecialBuildName: ""
  ptArchitecture: x86_64_linux
Results:
  Results Complete: true
  NumTestProcesses: 2
  CPU_INTEGER_MATH: 13318.889999999999
  CPU_FLOATINGPOINT_MATH: 8101.9076851705231
  CPU_PRIME: 35.289510293030148
  CPU_SORTING: 6635.1726325587015
  CPU_ENCRYPTION: 2671.682217253021
  CPU_COMPRESSION: 50623.323778499165
  CPU_SINGLETHREAD: 3702.9595652915718
  CPU_PHYSICS: 701.92320125253684
  CPU_MATRIX_MULT_SSE: 3871.3784207923081
  CPU_mm: 383.13299651496095
  CPU_sse: 1442.1166968547909
  CPU_fma: 4365.7768500309448
  CPU_avx: 4292.1504315937655
  CPU_avx512: 5385.4697046897318
  m_CPU_enc_SHA: 3339983243.2572227
  m_CPU_enc_AES: 2745077445.7680044
  m_CPU_enc_ECDSA: 2319324868.8896837
  ME_ALLOC_S: 1472.4841699087476
  ME_READ_S: 34045.660546874999
  ME_READ_L: 29543.427734375
  ME_WRITE: 30600.484375
  ME_LARGE: 1914
  ME_LATENCY: 80.521290038263956
  ME_THREADED: 42948.3515625
  SUMM_CPU: 5110.1061262612748
  SUMM_ME: 1755.5804756530706
SystemInformation:
  OSName: Ubuntu 24.04.4 LTS
  Kernel: 6.17.0-1018-azure
  Device: ""
  Processor: "AMD EPYC 9V45 96-Core Processor                "
  NumSockets: 1
  Manufacturer: AuthenticAMD
  NumCores: 1
  NumLogicals: 2
  CPUFrequency: 0
  CPUMaxFrequency: 0
  Memory: 3912
  CPUInfo:
    number: 1
    Family: 15
    Model: 2
    stepping: 1
    features: 395049983
    manufacture: AuthenticAMD
    typestring: "AMD EPYC 9V45 96-Core Processor                "
    iCoresPerPackage: 8
    iThreadsPerPackage: 2
    featuresEx:
      - 395049983
      - 4277809667
      - 802421759
    bHybrid: false
    nPCore: 0
    nLogicalsPerPCore: 0
    nECore: 0
    nLogicalsPerECore: 0
  MemModuleInfo:
    iNumMemSticks: 2
    DIMM 1:
      manufacturer: Microsoft Corporation
      modulePartNo: None
      memType: Unknown
      size: 1
      clkspeed: 0
      moduleVoltage: 0
    DIMM 2:
      manufacturer: Microsoft Corporation
      modulePartNo: None
      memType: Unknown
      size: 3
      clkspeed: 0
      moduleVoltage: 0
Checksum: B4FD0D6539D31CB0805AC0BBE6E9505F497656DC