---
system-info:
      stress-ng-version: 0.17.08
      run-by: root
      date-yyyy-mm-dd: 2024:07:12
      time-hh-mm-ss: 05:43:24
      epoch-secs: 1720763004
      hostname: ip-172-31-45-149
      sysname: Linux
      nodename: ip-172-31-45-149
      release: 6.8.0-1010-aws
      version: '#10-Ubuntu SMP Thu Jun 13 17:36:15 UTC 2024'
      machine: x86_64
      compiler: 'musl-gcc 13.2.1'
      uptime: 219
      totalram: 257533599744
      freeram: 249395408896
      sharedram: 48795648
      bufferram: 129720320
      totalswap: 0
      freeswap: 0
      pagesize: 4096
      cpus: 32
      cpus-online: 32
      ticks-per-second: 100

metrics:
    - stressor: cpu
      bogo-ops: 323987
      bogo-ops-per-second-usr-sys-time: 506.704901
      bogo-ops-per-second-real-time: 16199.207690
      wall-clock-time: 20.000176
      user-time: 639.384795
      system-time: 0.014981
      cpu-usage-per-instance: 99.905337
      max-rss: 1032

...
