---
system-info:
      stress-ng-version: 0.17.08
      run-by: root
      date-yyyy-mm-dd: 2024:06:15
      time-hh-mm-ss: 16:25:50
      epoch-secs: 1718468750
      hostname: 0af84605dc9c
      sysname: Linux
      nodename: 0af84605dc9c
      release: 6.8.0-1008-aws
      version: '#8-Ubuntu SMP Sat Apr 20 00:46:25 UTC 2024'
      machine: x86_64
      compiler: 'musl-gcc 13.2.1'
      uptime: 190
      totalram: 268272332800
      freeram: 263288279040
      sharedram: 20303872
      bufferram: 108687360
      totalswap: 0
      freeswap: 0
      pagesize: 4096
      cpus: 32
      cpus-online: 32
      ticks-per-second: 100

metrics:
    - stressor: cpu
      bogo-ops: 188917
      bogo-ops-per-second-usr-sys-time: 295.548078
      bogo-ops-per-second-real-time: 9445.713639
      wall-clock-time: 20.000289
      user-time: 639.138073
      system-time: 0.070956
      cpu-usage-per-instance: 99.874969
      max-rss: 1032

...
