---
system-info:
      stress-ng-version: 0.17.08
      run-by: root
      date-yyyy-mm-dd: 2024:06:09
      time-hh-mm-ss: 13:55:45
      epoch-secs: 1717941345
      hostname: 668e2cd9bbc4
      sysname: Linux
      nodename: 668e2cd9bbc4
      release: 6.8.0-1008-aws
      version: '#8-Ubuntu SMP Sat Apr 20 00:46:25 UTC 2024'
      machine: x86_64
      compiler: 'musl-gcc 13.2.1'
      uptime: 165
      totalram: 268272320512
      freeram: 263211790336
      sharedram: 20303872
      bufferram: 108253184
      totalswap: 0
      freeswap: 0
      pagesize: 4096
      cpus: 32
      cpus-online: 32
      ticks-per-second: 100

metrics:
    - stressor: cpu
      bogo-ops: 248546
      bogo-ops-per-second-usr-sys-time: 777.696452
      bogo-ops-per-second-real-time: 24847.916849
      wall-clock-time: 10.002690
      user-time: 319.509594
      system-time: 0.082966
      cpu-usage-per-instance: 99.845820
      max-rss: 3848

...
