BaselineInfo:
  WebDBID: -1
  TimeStamp: 20260405103320
Version:
  Major: 11
  Minor: 0
  Build: 1004
  SpecialBuildName: ""
  ptArchitecture: x86_64_linux
Results:
  Results Complete: true
  NumTestProcesses: 64
  CPU_INTEGER_MATH: 157853.77933333337
  CPU_FLOATINGPOINT_MATH: 84659.856215916414
  CPU_PRIME: 200.42230162504029
  CPU_SORTING: 92286.901554050259
  CPU_ENCRYPTION: 21725.794299012181
  CPU_COMPRESSION: 727284.94588098337
  CPU_SINGLETHREAD: 1663.0223513931664
  CPU_PHYSICS: 3368.0787747099794
  CPU_MATRIX_MULT_SSE: 49680.016732337892
  CPU_mm: 4802.4736368063959
  CPU_sse: 17316.21676134118
  CPU_fma: 58642.631996158838
  CPU_avx: 41457.896146623883
  CPU_avx512: 81303.322025227608
  m_CPU_enc_SHA: 7110637301.0318785
  m_CPU_enc_AES: 54792762137.593239
  m_CPU_enc_ECDSA: 6440040010.0178823
  ME_ALLOC_S: 16822.906094744707
  ME_READ_S: 19309.482226562501
  ME_READ_L: 6778.83251953125
  ME_WRITE: 7004.82421875
  ME_LARGE: 112889.75
  ME_LATENCY: 72.119506811805621
  ME_THREADED: 141166.71533203125
  SUMM_CPU: 38269.324270220299
  SUMM_ME: 1933.8401345907457
SystemInformation:
  OSName: Ubuntu 24.04.4 LTS
  Kernel: 6.8.0-106-generic
  Device: ""
  Processor: Intel(R) Xeon(R) Platinum 8269CY CPU @ 2.50GHz
  NumSockets: 1
  Manufacturer: GenuineIntel
  NumCores: 32
  NumLogicals: 64
  CPUFrequency: 0
  CPUMaxFrequency: 0
  Memory: 128280
  CPUInfo:
    number: 1
    Family: 6
    Model: 5
    stepping: 7
    features: 529267711
    manufacture: GenuineIntel
    typestring: Intel(R) Xeon(R) Platinum 8269CY CPU @ 2.50GHz
    iCoresPerPackage: 32
    iThreadsPerPackage: 2
    featuresEx:
      - 529267711
      - 4277809667
      - 739248128
    bHybrid: false
    nPCore: 0
    nLogicalsPerPCore: 0
    nECore: 0
    nLogicalsPerECore: 0
  MemModuleInfo:
    iNumMemSticks: 8
    DIMM 1:
      manufacturer: Alibaba Cloud
      modulePartNo: Not Specified
      memType: RAM
      size: 16
      clkspeed: 0
      moduleVoltage: 0
    DIMM 2:
      manufacturer: Alibaba Cloud
      modulePartNo: Not Specified
      memType: RAM
      size: 16
      clkspeed: 0
      moduleVoltage: 0
    DIMM 3:
      manufacturer: Alibaba Cloud
      modulePartNo: Not Specified
      memType: RAM
      size: 16
      clkspeed: 0
      moduleVoltage: 0
    DIMM 4:
      manufacturer: Alibaba Cloud
      modulePartNo: Not Specified
      memType: RAM
      size: 16
      clkspeed: 0
      moduleVoltage: 0
    DIMM 5:
      manufacturer: Alibaba Cloud
      modulePartNo: Not Specified
      memType: RAM
      size: 16
      clkspeed: 0
      moduleVoltage: 0
    DIMM 6:
      manufacturer: Alibaba Cloud
      modulePartNo: Not Specified
      memType: RAM
      size: 16
      clkspeed: 0
      moduleVoltage: 0
    DIMM 7:
      manufacturer: Alibaba Cloud
      modulePartNo: Not Specified
      memType: RAM
      size: 16
      clkspeed: 0
      moduleVoltage: 0
    DIMM 8:
      manufacturer: Alibaba Cloud
      modulePartNo: Not Specified
      memType: RAM
      size: 16
      clkspeed: 0
      moduleVoltage: 0
Checksum: 5E43A228FE0B0A600E74E2807E7418660C0EE5EB