---
system-info:
      stress-ng-version: 0.17.08
      run-by: root
      date-yyyy-mm-dd: 2024:09:19
      time-hh-mm-ss: 07:09:23
      epoch-secs: 1726729763
      hostname: sc-runner
      sysname: Linux
      nodename: sc-runner
      release: 6.8.0-1014-azure
      version: '#16-Ubuntu SMP Thu Aug 15 21:06:50 UTC 2024'
      machine: aarch64
      compiler: 'musl-gcc 13.2.1'
      uptime: 365
      totalram: 202205147136
      freeram: 191170437120
      sharedram: 38289408
      bufferram: 248938496
      totalswap: 0
      freeswap: 0
      pagesize: 4096
      cpus: 48
      cpus-online: 48
      ticks-per-second: 100

metrics:
    - stressor: cpu
      bogo-ops: 34008
      bogo-ops-per-second-usr-sys-time: 1700.387927
      bogo-ops-per-second-real-time: 1700.391608
      wall-clock-time: 20.000099
      user-time: 20.000142
      system-time: 0.000000
      cpu-usage-per-instance: 100.000216
      max-rss: 1152

...
