---
system-info:
      stress-ng-version: 0.17.08
      run-by: root
      date-yyyy-mm-dd: 2024:06:15
      time-hh-mm-ss: 15:56:36
      epoch-secs: 1718466996
      hostname: f172b4fda304
      sysname: Linux
      nodename: f172b4fda304
      release: 6.8.0-1008-aws
      version: '#8-Ubuntu SMP Sat Apr 20 00:46:25 UTC 2024'
      machine: x86_64
      compiler: 'musl-gcc 13.2.1'
      uptime: 207
      totalram: 805047586816
      freeram: 798663696384
      sharedram: 54013952
      bufferram: 111595520
      totalswap: 0
      freeswap: 0
      pagesize: 4096
      cpus: 96
      cpus-online: 96
      ticks-per-second: 100

metrics:
    - stressor: cpu
      bogo-ops: 11818
      bogo-ops-per-second-usr-sys-time: 590.934156
      bogo-ops-per-second-real-time: 590.891153
      wall-clock-time: 20.000299
      user-time: 19.998844
      system-time: 0.000000
      cpu-usage-per-instance: 99.992723
      max-rss: 0

...
