---
system-info:
      stress-ng-version: 0.17.08
      run-by: root
      date-yyyy-mm-dd: 2024:06:09
      time-hh-mm-ss: 13:41:40
      epoch-secs: 1717940500
      hostname: ccccf797b0bc
      sysname: Linux
      nodename: ccccf797b0bc
      release: 6.8.0-1008-aws
      version: '#8-Ubuntu SMP Sat Apr 20 00:46:25 UTC 2024'
      machine: x86_64
      compiler: 'musl-gcc 13.2.1'
      uptime: 192
      totalram: 805047586816
      freeram: 798161702912
      sharedram: 54013952
      bufferram: 110702592
      totalswap: 0
      freeswap: 0
      pagesize: 4096
      cpus: 96
      cpus-online: 96
      ticks-per-second: 100

metrics:
    - stressor: cpu
      bogo-ops: 9779
      bogo-ops-per-second-usr-sys-time: 977.815419
      bogo-ops-per-second-real-time: 977.894941
      wall-clock-time: 10.000052
      user-time: 9.997866
      system-time: 0.002999
      cpu-usage-per-instance: 100.008133
      max-rss: 3072

...
