BaselineInfo:
  WebDBID: -1
  TimeStamp: 20241115144940
Version:
  Major: 11
  Minor: 0
  Build: 1002
  SpecialBuildName: ""
  ptArchitecture: x86_64_linux
Results:
  Results Complete: true
  NumTestProcesses: 2
  CPU_INTEGER_MATH: 6139.7723333333324
  CPU_FLOATINGPOINT_MATH: 3302.140731897874
  CPU_PRIME: 12.436832281993944
  CPU_SORTING: 3213.5617108494052
  CPU_ENCRYPTION: 839.13252054241138
  CPU_COMPRESSION: 27304.876310982509
  CPU_SINGLETHREAD: 1919.5602543884766
  CPU_PHYSICS: 257.10610596295925
  CPU_MATRIX_MULT_SSE: 1516.3922551862761
  CPU_mm: 185.94144741494662
  CPU_sse: 670.34349381162269
  CPU_fma: 1940.9150382503385
  CPU_avx: 1375.1982202255276
  CPU_avx512: 2079.1122684576162
  m_CPU_enc_SHA: 278130614.53332621
  m_CPU_enc_AES: 2116006236.3214884
  m_CPU_enc_ECDSA: 245545814.72602427
  ME_ALLOC_S: 687.89397660667805
  ME_READ_S: 23414.888281250001
  ME_READ_L: 9304.3857421875
  ME_WRITE: 9012.576171875
  ME_LARGE: 605.08333333333337
  ME_LATENCY: 53.463020984411003
  ME_THREADED: 12203.10302734375
  SUMM_CPU: 2160.1828276671304
  SUMM_ME: 917.2578967635078
SystemInformation:
  OSName: Ubuntu 24.04.1 LTS
  Kernel: 6.8.0-1017-gcp
  Device: ""
  Processor: Intel Xeon CPU @ 2.80GHz
  NumSockets: 1
  Manufacturer: GenuineIntel
  NumCores: 1
  NumLogicals: 2
  CPUFrequency: 0
  Memory: 1965
  MemModuleInfo:
    iNumMemSticks: 1
    DIMM 1:
      manufacturer: ""
      modulePartNo: ""
      memType: RAM
      size: 2
      clkspeed: 0
      moduleVoltage: 0
Checksum: 43335614F7DFDF89CB608C4CE98763DC7A57CA3C