BaselineInfo:
  WebDBID: -1
  TimeStamp: 20241114222555
Version:
  Major: 11
  Minor: 0
  Build: 1002
  SpecialBuildName: ""
  ptArchitecture: x86_64_linux
Results:
  Results Complete: true
  NumTestProcesses: 2
  CPU_INTEGER_MATH: 6148.174
  CPU_FLOATINGPOINT_MATH: 3307.7189786190211
  CPU_PRIME: 12.525911441270136
  CPU_SORTING: 3216.1393127737592
  CPU_ENCRYPTION: 841.62296046527524
  CPU_COMPRESSION: 27342.156362125006
  CPU_SINGLETHREAD: 1931.1007079316578
  CPU_PHYSICS: 256.66867667491607
  CPU_MATRIX_MULT_SSE: 1521.9389976279761
  CPU_mm: 186.89189654383711
  CPU_sse: 664.6353344774318
  CPU_fma: 1945.8564494642787
  CPU_avx: 1375.1140791158136
  CPU_avx512: 2102.1501274543807
  m_CPU_enc_SHA: 277779072.36633718
  m_CPU_enc_AES: 2122435612.410038
  m_CPU_enc_ECDSA: 247302227.40213418
  ME_ALLOC_S: 687.69750426205189
  ME_READ_S: 23488.321484374999
  ME_READ_L: 9311.8955078125
  ME_WRITE: 9225.6259765625
  ME_LARGE: 593.58333333333337
  ME_LATENCY: 53.399658293912161
  ME_THREADED: 12504.5732421875
  SUMM_CPU: 2164.8510141057836
  SUMM_ME: 911.9847986040412
SystemInformation:
  OSName: Ubuntu 24.04.1 LTS
  Kernel: 6.8.0-1015-gcp
  Device: ""
  Processor: Intel Xeon CPU @ 2.80GHz
  NumSockets: 1
  Manufacturer: GenuineIntel
  NumCores: 1
  NumLogicals: 2
  CPUFrequency: 0
  Memory: 1965
  MemModuleInfo:
    iNumMemSticks: 1
    DIMM 1:
      manufacturer: ""
      modulePartNo: ""
      memType: RAM
      size: 2
      clkspeed: 0
      moduleVoltage: 0
Checksum: DE5CBC2BBE7819CA81E32FE9B0436DFDEE19FC34