BaselineInfo:
  WebDBID: -1
  TimeStamp: 20241107040521
Version:
  Major: 11
  Minor: 0
  Build: 1002
  SpecialBuildName: ""
  ptArchitecture: x86_64_linux
Results:
  Results Complete: true
  NumTestProcesses: 2
  CPU_INTEGER_MATH: 6167.1073333333334
  CPU_FLOATINGPOINT_MATH: 3315.4965698262095
  CPU_PRIME: 13.094676582297138
  CPU_SORTING: 3262.062465699903
  CPU_ENCRYPTION: 849.18808039685189
  CPU_COMPRESSION: 27667.994185636551
  CPU_SINGLETHREAD: 1949.9872913039585
  CPU_PHYSICS: 272.33930809930769
  CPU_MATRIX_MULT_SSE: 1508.3007347623441
  CPU_mm: 187.33980866519647
  CPU_sse: 668.59852866905157
  CPU_fma: 1952.1172690428361
  CPU_avx: 1380.2700608012069
  CPU_avx512: 2032.2170805362816
  m_CPU_enc_SHA: 279405544.98289526
  m_CPU_enc_AES: 2143318909.2365866
  m_CPU_enc_ECDSA: 248590267.55114645
  ME_ALLOC_S: 700.99338036806864
  ME_READ_S: 23665.710351562499
  ME_READ_L: 9882.400390625
  ME_WRITE: 9531.3251953125
  ME_LARGE: 605.83333333333337
  ME_LATENCY: 52.093427792321101
  ME_THREADED: 12452.89453125
  SUMM_CPU: 2183.6299261367917
  SUMM_ME: 931.99138832520362
SystemInformation:
  OSName: Ubuntu 24.04.1 LTS
  Kernel: 6.8.0-1015-gcp
  Device: ""
  Processor: Intel Xeon CPU @ 2.80GHz
  NumSockets: 1
  Manufacturer: GenuineIntel
  NumCores: 1
  NumLogicals: 2
  CPUFrequency: 0
  Memory: 1965
  MemModuleInfo:
    iNumMemSticks: 1
    DIMM 1:
      manufacturer: ""
      modulePartNo: ""
      memType: RAM
      size: 2
      clkspeed: 0
      moduleVoltage: 0
Checksum: 8891CD7E51FB639A15F72CA86B21A6E0DC6811DB