---
system-info:
      stress-ng-version: 0.17.08
      run-by: root
      date-yyyy-mm-dd: 2024:09:24
      time-hh-mm-ss: 06:27:57
      epoch-secs: 1727159277
      hostname: sc-runner
      sysname: Linux
      nodename: sc-runner
      release: 6.8.0-1014-azure
      version: '#16-Ubuntu SMP Thu Aug 15 20:04:41 UTC 2024'
      machine: x86_64
      compiler: 'musl-gcc 13.2.1'
      uptime: 328
      totalram: 405735784448
      freeram: 393929629696
      sharedram: 105410560
      bufferram: 281239552
      totalswap: 0
      freeswap: 0
      pagesize: 4096
      cpus: 48
      cpus-online: 48
      ticks-per-second: 100

metrics:
    - stressor: cpu
      bogo-ops: 54155
      bogo-ops-per-second-usr-sys-time: 2707.747698
      bogo-ops-per-second-real-time: 2707.747837
      wall-clock-time: 20.000016
      user-time: 19.999018
      system-time: 0.000999
      cpu-usage-per-instance: 100.000005
      max-rss: 1152

...
