---
system-info:
      stress-ng-version: 0.17.08
      run-by: root
      date-yyyy-mm-dd: 2024:06:09
      time-hh-mm-ss: 14:43:39
      epoch-secs: 1717944219
      hostname: e6f07adf6ad4
      sysname: Linux
      nodename: e6f07adf6ad4
      release: 6.8.0-1008-aws
      version: '#8-Ubuntu SMP Sat Apr 20 00:46:25 UTC 2024'
      machine: x86_64
      compiler: 'musl-gcc 13.2.1'
      uptime: 142
      totalram: 16555905024
      freeram: 12113260544
      sharedram: 40714240
      bufferram: 109121536
      totalswap: 0
      freeswap: 0
      pagesize: 4096
      cpus: 2
      cpus-online: 2
      ticks-per-second: 100

metrics:
    - stressor: cpu
      bogo-ops: 14207
      bogo-ops-per-second-usr-sys-time: 1420.810397
      bogo-ops-per-second-real-time: 1420.631446
      wall-clock-time: 10.000483
      user-time: 9.998223
      system-time: 0.001000
      cpu-usage-per-instance: 99.987405
      max-rss: 3920

...
