---
system-info:
      stress-ng-version: 0.17.08
      run-by: root
      date-yyyy-mm-dd: 2024:06:15
      time-hh-mm-ss: 17:19:10
      epoch-secs: 1718471950
      hostname: 9ffe202f82ba
      sysname: Linux
      nodename: 9ffe202f82ba
      release: 6.8.0-1008-aws
      version: '#8-Ubuntu SMP Sat Apr 20 00:46:25 UTC 2024'
      machine: x86_64
      compiler: 'musl-gcc 13.2.1'
      uptime: 161
      totalram: 16555905024
      freeram: 12230557696
      sharedram: 40714240
      bufferram: 110870528
      totalswap: 0
      freeswap: 0
      pagesize: 4096
      cpus: 2
      cpus-online: 2
      ticks-per-second: 100

metrics:
    - stressor: cpu
      bogo-ops: 26364
      bogo-ops-per-second-usr-sys-time: 1318.272769
      bogo-ops-per-second-real-time: 1318.196087
      wall-clock-time: 20.000059
      user-time: 19.998896
      system-time: 0.000000
      cpu-usage-per-instance: 99.994183
      max-rss: 1104

...
