---
system-info:
      stress-ng-version: 0.17.08
      run-by: root
      date-yyyy-mm-dd: 2024:06:05
      time-hh-mm-ss: 14:18:24
      epoch-secs: 1717597104
      hostname: f7d6b4a4c005
      sysname: Linux
      nodename: f7d6b4a4c005
      release: 6.8.0-1008-aws
      version: '#8-Ubuntu SMP Sat Apr 20 00:46:25 UTC 2024'
      machine: x86_64
      compiler: 'musl-gcc 13.2.1'
      uptime: 114
      totalram: 99083100160
      freeram: 94758371328
      sharedram: 41127936
      bufferram: 77377536
      totalswap: 0
      freeswap: 0
      pagesize: 4096
      cpus: 48
      cpus-online: 48
      ticks-per-second: 100

metrics:
    - stressor: cpu
      bogo-ops: 550725
      bogo-ops-per-second-usr-sys-time: 1147.987759
      bogo-ops-per-second-real-time: 55062.576644
      wall-clock-time: 10.001802
      user-time: 479.664749
      system-time: 0.065976
      cpu-usage-per-instance: 99.925892
      max-rss: 3840

...
