---
system-info:
      stress-ng-version: 0.17.08
      run-by: root
      date-yyyy-mm-dd: 2024:06:12
      time-hh-mm-ss: 15:08:29
      epoch-secs: 1718204909
      hostname: 50fd110847f5
      sysname: Linux
      nodename: 50fd110847f5
      release: 6.8.0-1008-aws
      version: '#8-Ubuntu SMP Sat Apr 20 00:46:25 UTC 2024'
      machine: x86_64
      compiler: 'musl-gcc 13.2.1'
      uptime: 175
      totalram: 99083087872
      freeram: 94496591872
      sharedram: 41127936
      bufferram: 111427584
      totalswap: 0
      freeswap: 0
      pagesize: 4096
      cpus: 48
      cpus-online: 48
      ticks-per-second: 100

metrics:
    - stressor: cpu
      bogo-ops: 801275
      bogo-ops-per-second-usr-sys-time: 835.051071
      bogo-ops-per-second-real-time: 40063.714290
      wall-clock-time: 20.000018
      user-time: 959.535103
      system-time: 0.016986
      cpu-usage-per-instance: 99.953254
      max-rss: 1152

...
