---
system-info:
      stress-ng-version: 0.17.08
      run-by: root
      date-yyyy-mm-dd: 2024:06:12
      time-hh-mm-ss: 18:26:56
      epoch-secs: 1718216816
      hostname: 13f0d0fd7202
      sysname: Linux
      nodename: 13f0d0fd7202
      release: 6.8.0-1008-aws
      version: '#8-Ubuntu SMP Sat Apr 20 00:46:25 UTC 2024'
      machine: x86_64
      compiler: 'musl-gcc 13.2.1'
      uptime: 134
      totalram: 99083079680
      freeram: 94480863232
      sharedram: 41127936
      bufferram: 110940160
      totalswap: 0
      freeswap: 0
      pagesize: 4096
      cpus: 48
      cpus-online: 48
      ticks-per-second: 100

metrics:
    - stressor: cpu
      bogo-ops: 943868
      bogo-ops-per-second-usr-sys-time: 983.689243
      bogo-ops-per-second-real-time: 47193.209588
      wall-clock-time: 20.000081
      user-time: 959.494486
      system-time: 0.023987
      cpu-usage-per-instance: 99.949438
      max-rss: 1152

...
