BaselineInfo:
  WebDBID: -1
  TimeStamp: 20241106223755
Version:
  Major: 11
  Minor: 0
  Build: 1002
  SpecialBuildName: ""
  ptArchitecture: aarch64_linux
Results:
  Results Complete: true
  NumTestProcesses: 1
  CPU_INTEGER_MATH: 4710.400333333333
  CPU_FLOATINGPOINT_MATH: 4681.4506768022429
  CPU_PRIME: 12.46483511199447
  CPU_SORTING: 3853.6306382433586
  CPU_ENCRYPTION: 133.69070581451174
  CPU_COMPRESSION: 5161.081123529093
  CPU_SINGLETHREAD: 1450.4781127271788
  CPU_PHYSICS: 283.03443911596509
  CPU_MATRIX_MULT_SSE: 818.02645861021119
  CPU_mm: 107.30952424247955
  CPU_sse: 684.31816793030771
  CPU_fma: 951.73474929011456
  CPU_avx: 0
  CPU_avx512: 0
  m_CPU_enc_SHA: 207696566.74411523
  m_CPU_enc_AES: 80774947.517253458
  m_CPU_enc_ECDSA: 132083082.35910368
  ME_ALLOC_S: 1013.8082082900697
  ME_READ_S: 19388.124609375001
  ME_READ_L: 18646.09375
  ME_WRITE: 19277.1796875
  ME_LARGE: 507.5
  ME_LATENCY: 51.741448240717716
  ME_THREADED: 18710.060546875
  SUMM_CPU: 774.74266928472275
  SUMM_ME: 934.49783744549075
SystemInformation:
  OSName: Ubuntu 24.04.1 LTS
  Kernel: 6.8.0-1016-aws
  Device: ""
  Processor: ARM Neoverse-V1 1 Core 0 MHz
  NumSockets: 1
  Manufacturer: ARM
  NumCores: 1
  NumLogicals: 1
  CPUFrequency: 0
  Memory: 3808
Checksum: FAA2987965151E5EA95E1A7FF46DF4D40569F480