BaselineInfo:
  WebDBID: -1
  TimeStamp: 20241114174812
Version:
  Major: 11
  Minor: 0
  Build: 1002
  SpecialBuildName: ""
  ptArchitecture: aarch64_linux
Results:
  Results Complete: true
  NumTestProcesses: 1
  CPU_INTEGER_MATH: 4710.9210000000003
  CPU_FLOATINGPOINT_MATH: 4676.0555472019551
  CPU_PRIME: 12.535308458830718
  CPU_SORTING: 3852.9150505769562
  CPU_ENCRYPTION: 133.57976667046717
  CPU_COMPRESSION: 4984.166905836355
  CPU_SINGLETHREAD: 1446.9902993368671
  CPU_PHYSICS: 281.62596377660333
  CPU_MATRIX_MULT_SSE: 818.67018697616049
  CPU_mm: 107.09273836268984
  CPU_sse: 686.80575487718136
  CPU_fma: 950.53461907513963
  CPU_avx: 0
  CPU_avx512: 0
  m_CPU_enc_SHA: 208454629.72363383
  m_CPU_enc_AES: 79852767.157878041
  m_CPU_enc_ECDSA: 131898215.3672435
  ME_ALLOC_S: 988.77201514172202
  ME_READ_S: 19334.755664062501
  ME_READ_L: 18670.81640625
  ME_WRITE: 19334.1875
  ME_LARGE: 554.91666666666663
  ME_LATENCY: 51.311165572958053
  ME_THREADED: 18642.328125
  SUMM_CPU: 766.61696965045246
  SUMM_ME: 983.92891237059496
SystemInformation:
  OSName: Ubuntu 24.04.1 LTS
  Kernel: 6.8.0-1018-aws
  Device: ""
  Processor: ARM Neoverse-V1 1 Core 0 MHz
  NumSockets: 1
  Manufacturer: ARM
  NumCores: 1
  NumLogicals: 1
  CPUFrequency: 0
  Memory: 3808
Checksum: 3DE343D5C9FF5C42BBF816453D1380D7E4C829FA