BaselineInfo:
  WebDBID: -1
  TimeStamp: 20241115102805
Version:
  Major: 11
  Minor: 0
  Build: 1002
  SpecialBuildName: ""
  ptArchitecture: aarch64_linux
Results:
  Results Complete: true
  NumTestProcesses: 1
  CPU_INTEGER_MATH: 4710.5896666666667
  CPU_FLOATINGPOINT_MATH: 4683.2276581243814
  CPU_PRIME: 12.668553973806297
  CPU_SORTING: 3842.3032300912837
  CPU_ENCRYPTION: 135.59014886567124
  CPU_COMPRESSION: 4984.0669609615234
  CPU_SINGLETHREAD: 1449.5966119521477
  CPU_PHYSICS: 281.32821365757326
  CPU_MATRIX_MULT_SSE: 818.51388697553057
  CPU_mm: 106.8386169863918
  CPU_sse: 687.0448255116637
  CPU_fma: 949.98294843939755
  CPU_avx: 0
  CPU_avx512: 0
  m_CPU_enc_SHA: 208539007.98423123
  m_CPU_enc_AES: 81774856.298235178
  m_CPU_enc_ECDSA: 136215863.52844384
  ME_ALLOC_S: 1004.416191731085
  ME_READ_S: 19291.138085937499
  ME_READ_L: 18604.529296875
  ME_WRITE: 19247.23046875
  ME_LARGE: 548
  ME_LATENCY: 52.13540531857776
  ME_THREADED: 18538.896484375
  SUMM_CPU: 771.7301229883725
  SUMM_ME: 974.63535697091345
SystemInformation:
  OSName: Ubuntu 24.04.1 LTS
  Kernel: 6.8.0-1018-aws
  Device: ""
  Processor: ARM Neoverse-V1 1 Core 0 MHz
  NumSockets: 1
  Manufacturer: ARM
  NumCores: 1
  NumLogicals: 1
  CPUFrequency: 0
  Memory: 3808
Checksum: 0563B7B30F634BF0F9F68004DEC5DC24507C575C