BaselineInfo:
  WebDBID: -1
  TimeStamp: 20250417213725
Version:
  Major: 11
  Minor: 0
  Build: 1002
  SpecialBuildName: ""
  ptArchitecture: x86_64_linux
Results:
  Results Complete: true
  NumTestProcesses: 20
  CPU_INTEGER_MATH: 95634.159999999989
  CPU_FLOATINGPOINT_MATH: 67819.559540625618
  CPU_PRIME: 197.72819440686936
  CPU_SORTING: 47668.929648178804
  CPU_ENCRYPTION: 21214.654961847253
  CPU_COMPRESSION: 342820.64440826967
  CPU_SINGLETHREAD: 2921.8934421583212
  CPU_PHYSICS: 4549.1710773749746
  CPU_MATRIX_MULT_SSE: 29217.395121736768
  CPU_mm: 2707.4705619622828
  CPU_sse: 11776.623971978988
  CPU_fma: 32615.234392249324
  CPU_avx: 24789.597878123415
  CPU_avx512: 47688.124244595318
  m_CPU_enc_SHA: 22275342162.176708
  m_CPU_enc_AES: 29018320460.676945
  m_CPU_enc_ECDSA: 15441871500.96818
  ME_ALLOC_S: 11401.565364279735
  ME_READ_S: 26603.909960937501
  ME_READ_L: 9997.59765625
  ME_WRITE: 9303.2080078125
  ME_LARGE: 151250.16666666666
  ME_LATENCY: 66.603474147289219
  ME_THREADED: 146617.6064453125
  SUMM_CPU: 32322.287684009618
  SUMM_ME: 2392.5686495843834
SystemInformation:
  OSName: Ubuntu 24.04.2 LTS
  Kernel: 6.8.0-1021-azure
  Device: ""
  Processor: INTEL XEON PLATINUM 8573C
  NumSockets: 1
  Manufacturer: GenuineIntel
  NumCores: 10
  NumLogicals: 20
  CPUFrequency: 2300
  Memory: 160966
  MemModuleInfo:
    iNumMemSticks: 3
    DIMM 1:
      manufacturer: Microsoft Corporation
      modulePartNo: None
      memType: Unknown
      size: 1
      clkspeed: 0
      moduleVoltage: 0
    DIMM 2:
      manufacturer: Microsoft Corporation
      modulePartNo: None
      memType: Unknown
      size: 59
      clkspeed: 0
      moduleVoltage: 0
    DIMM 3:
      manufacturer: Microsoft Corporation
      modulePartNo: None
      memType: Unknown
      size: 100
      clkspeed: 0
      moduleVoltage: 0
Checksum: 82EA4952887AABE3490C2BB8A3CD6646F40F5DB6