BaselineInfo:
  WebDBID: -1
  TimeStamp: 20260714093018
Version:
  Major: 11
  Minor: 0
  Build: 1004
  SpecialBuildName: ""
  ptArchitecture: x86_64_linux
Results:
  Results Complete: true
  NumTestProcesses: 12
  CPU_INTEGER_MATH: 59181.434666666675
  CPU_FLOATINGPOINT_MATH: 45295.600509047632
  CPU_PRIME: 184.56820514092985
  CPU_SORTING: 35593.448403781062
  CPU_ENCRYPTION: 7231.6984727378913
  CPU_COMPRESSION: 261673.06993973837
  CPU_SINGLETHREAD: 2262.0612474354821
  CPU_PHYSICS: 2910.3541377327865
  CPU_MATRIX_MULT_SSE: 22213.843051446056
  CPU_mm: 2253.5501439958625
  CPU_sse: 8857.4710708900202
  CPU_fma: 25137.221033320915
  CPU_avx: 19382.371338191566
  CPU_avx512: 35478.308763381705
  m_CPU_enc_SHA: 3593987716.1962004
  m_CPU_enc_AES: 15965185388.655252
  m_CPU_enc_ECDSA: 3189783268.3973703
  ME_ALLOC_S: 5563.8203254502687
  ME_READ_S: 22540.1142578125
  ME_READ_L: 10794.2451171875
  ME_WRITE: 10616.1884765625
  ME_LARGE: 49862.916666666664
  ME_LATENCY: 54.895984555194957
  ME_THREADED: 95504.88916015625
  SUMM_CPU: 20613.93414827398
  SUMM_ME: 2520.6063266939723
SystemInformation:
  OSName: Ubuntu 24.04.4 LTS
  Kernel: 6.8.0-134-generic
  Device: ""
  Processor: Intel Xeon Processor (Cascadelake)
  NumSockets: 1
  Manufacturer: GenuineIntel
  NumCores: 6
  NumLogicals: 12
  CPUFrequency: 743
  CPUMaxFrequency: 2696
  Memory: 60264
  CPUInfo:
    number: 1
    Family: 6
    Model: 5
    stepping: 6
    features: 395049983
    manufacture: GenuineIntel
    typestring: Intel Xeon Processor (Cascadelake)
    iCoresPerPackage: 6
    iThreadsPerPackage: 2
    featuresEx:
      - 395049983
      - 4294586883
      - 739248128
    bHybrid: false
    nPCore: 0
    nLogicalsPerPCore: 0
    nECore: 0
    nLogicalsPerECore: 0
  MemModuleInfo:
    iNumMemSticks: 4
    DIMM 1:
      manufacturer: QEMU
      modulePartNo: Not Specified
      memType: RAM
      size: 16
      clkspeed: 0
      moduleVoltage: 0
    DIMM 2:
      manufacturer: QEMU
      modulePartNo: Not Specified
      memType: RAM
      size: 16
      clkspeed: 0
      moduleVoltage: 0
    DIMM 3:
      manufacturer: QEMU
      modulePartNo: Not Specified
      memType: RAM
      size: 16
      clkspeed: 0
      moduleVoltage: 0
    DIMM 4:
      manufacturer: QEMU
      modulePartNo: Not Specified
      memType: RAM
      size: 12
      clkspeed: 0
      moduleVoltage: 0
Checksum: 29732FADBC9A38F75D344B180E0025D09D7AADAA