---
system-info:
      stress-ng-version: 0.17.08
      run-by: root
      date-yyyy-mm-dd: 2024:07:26
      time-hh-mm-ss: 20:42:19
      epoch-secs: 1722026539
      hostname: ip-172-31-29-250
      sysname: Linux
      nodename: ip-172-31-29-250
      release: 6.8.0-1012-aws
      version: '#13-Ubuntu SMP Mon Jul 15 13:40:27 UTC 2024'
      machine: x86_64
      compiler: 'musl-gcc 13.2.1'
      uptime: 233
      totalram: 270418309120
      freeram: 264342003712
      sharedram: 96247808
      bufferram: 139735040
      totalswap: 0
      freeswap: 0
      pagesize: 4096
      cpus: 64
      cpus-online: 64
      ticks-per-second: 100

metrics:
    - stressor: cpu
      bogo-ops: 608095
      bogo-ops-per-second-usr-sys-time: 475.365680
      bogo-ops-per-second-real-time: 30404.448170
      wall-clock-time: 20.000199
      user-time: 1279.193213
      system-time: 0.021981
      cpu-usage-per-instance: 99.937695
      max-rss: 512

...
