---
system-info:
      stress-ng-version: 0.17.08
      run-by: root
      date-yyyy-mm-dd: 2024:06:05
      time-hh-mm-ss: 22:52:16
      epoch-secs: 1717627936
      hostname: c8226434885a
      sysname: Linux
      nodename: c8226434885a
      release: 6.8.0-1008-aws
      version: '#8-Ubuntu SMP Sat Apr 20 00:46:25 UTC 2024'
      machine: x86_64
      compiler: 'musl-gcc 13.2.1'
      uptime: 133
      totalram: 43209883648
      freeram: 38972973056
      sharedram: 29237248
      bufferram: 79900672
      totalswap: 0
      freeswap: 0
      pagesize: 4096
      cpus: 16
      cpus-online: 16
      ticks-per-second: 100

metrics:
    - stressor: cpu
      bogo-ops: 15341
      bogo-ops-per-second-usr-sys-time: 1533.822071
      bogo-ops-per-second-real-time: 1533.814323
      wall-clock-time: 10.001863
      user-time: 9.999813
      system-time: 0.001999
      cpu-usage-per-instance: 99.999495
      max-rss: 3792

...
