---
system-info:
      stress-ng-version: 0.17.08
      run-by: root
      date-yyyy-mm-dd: 2024:06:12
      time-hh-mm-ss: 21:55:19
      epoch-secs: 1718229319
      hostname: 19fe22d5b423
      sysname: Linux
      nodename: 19fe22d5b423
      release: 6.8.0-1008-aws
      version: '#8-Ubuntu SMP Sat Apr 20 00:46:25 UTC 2024'
      machine: x86_64
      compiler: 'musl-gcc 13.2.1'
      uptime: 148
      totalram: 43209891840
      freeram: 38743166976
      sharedram: 29237248
      bufferram: 113020928
      totalswap: 0
      freeswap: 0
      pagesize: 4096
      cpus: 16
      cpus-online: 16
      ticks-per-second: 100

metrics:
    - stressor: cpu
      bogo-ops: 28174
      bogo-ops-per-second-usr-sys-time: 1408.713453
      bogo-ops-per-second-real-time: 1408.691738
      wall-clock-time: 20.000117
      user-time: 19.998810
      system-time: 0.000999
      cpu-usage-per-instance: 99.998458
      max-rss: 976

...
