BaselineInfo:
  WebDBID: -1
  TimeStamp: 20241108042129
Version:
  Major: 11
  Minor: 0
  Build: 1002
  SpecialBuildName: ""
  ptArchitecture: x86_64_linux
Results:
  Results Complete: true
  NumTestProcesses: 8
  CPU_INTEGER_MATH: 33646.355666666663
  CPU_FLOATINGPOINT_MATH: 17206.513200776932
  CPU_PRIME: 75.98392993900427
  CPU_SORTING: 17620.940745269472
  CPU_ENCRYPTION: 7317.0195765037215
  CPU_COMPRESSION: 125297.30766566926
  CPU_SINGLETHREAD: 2433.4501240718478
  CPU_PHYSICS: 1395.8785906175322
  CPU_MATRIX_MULT_SSE: 7250.3339400135828
  CPU_mm: 723.50004907437187
  CPU_sse: 3193.0302268843716
  CPU_fma: 8758.3431007670133
  CPU_avx: 6475.3271479662872
  CPU_avx512: 10574.635284436657
  m_CPU_enc_SHA: 7383769828.3561945
  m_CPU_enc_AES: 11109060624.024872
  m_CPU_enc_ECDSA: 4524522905.9748344
  ME_ALLOC_S: 4132.170221483917
  ME_READ_S: 24473.672265624999
  ME_READ_L: 12325.68359375
  ME_WRITE: 11043.2890625
  ME_LARGE: 54223.333333333336
  ME_LATENCY: 51.396472413532656
  ME_THREADED: 55923.5478515625
  SUMM_CPU: 11488.068668660913
  SUMM_ME: 2631.7194913399694
SystemInformation:
  OSName: Ubuntu 24.04.1 LTS
  Kernel: 6.8.0-1017-azure
  Device: ""
  Processor: Intel Xeon Platinum 8370C CPU @ 2.80GHz
  NumSockets: 1
  Manufacturer: GenuineIntel
  NumCores: 4
  NumLogicals: 8
  CPUFrequency: 2800
  Memory: 64298
  MemModuleInfo:
    iNumMemSticks: 3
    DIMM 1:
      manufacturer: Microsoft Corporation
      modulePartNo: None
      memType: Unknown
      size: 1
      clkspeed: 0
      moduleVoltage: 0
    DIMM 2:
      manufacturer: Microsoft Corporation
      modulePartNo: None
      memType: Unknown
      size: 59
      clkspeed: 0
      moduleVoltage: 0
    DIMM 3:
      manufacturer: Microsoft Corporation
      modulePartNo: None
      memType: Unknown
      size: 4
      clkspeed: 0
      moduleVoltage: 0
Checksum: 845DF6EE619DF45011C1B9B31E77486CCE823461