BaselineInfo:
  WebDBID: -1
  TimeStamp: 20241108202350
Version:
  Major: 11
  Minor: 0
  Build: 1002
  SpecialBuildName: ""
  ptArchitecture: x86_64_linux
Results:
  Results Complete: true
  NumTestProcesses: 20
  CPU_INTEGER_MATH: 71701.787666666671
  CPU_FLOATINGPOINT_MATH: 59599.234119709101
  CPU_PRIME: 161.85843337640728
  CPU_SORTING: 43169.302887657163
  CPU_ENCRYPTION: 9229.6366853990021
  CPU_COMPRESSION: 364252.16744097468
  CPU_SINGLETHREAD: 1797.4109697094443
  CPU_PHYSICS: 2362.3126050144742
  CPU_MATRIX_MULT_SSE: 30492.494997432019
  CPU_mm: 3305.2252616946648
  CPU_sse: 12487.900260358259
  CPU_fma: 40175.087487455465
  CPU_avx: 27640.916239077451
  CPU_avx512: 41666.076002836875
  m_CPU_enc_SHA: 5075317328.7523718
  m_CPU_enc_AES: 19509825182.54031
  m_CPU_enc_ECDSA: 4448784039.7941551
  ME_ALLOC_S: 12853.494674953676
  ME_READ_S: 21709.4873046875
  ME_READ_L: 11228.5048828125
  ME_WRITE: 10056.919921875
  ME_LARGE: 130358.5
  ME_LATENCY: 48.285136826677409
  ME_THREADED: 103509.99658203125
  SUMM_CPU: 24037.835025884677
  SUMM_ME: 2707.880108339024
SystemInformation:
  OSName: Ubuntu 24.04.1 LTS
  Kernel: 6.8.0-1017-azure
  Device: ""
  Processor: Intel Xeon Platinum 8272CL CPU @ 2.60GHz
  NumSockets: 1
  Manufacturer: GenuineIntel
  NumCores: 20
  NumLogicals: 20
  CPUFrequency: 0
  Memory: 140807
  MemModuleInfo:
    iNumMemSticks: 3
    DIMM 1:
      manufacturer: Microsoft Corporation
      modulePartNo: None
      memType: Unknown
      size: 1
      clkspeed: 0
      moduleVoltage: 0
    DIMM 2:
      manufacturer: Microsoft Corporation
      modulePartNo: None
      memType: Unknown
      size: 60928
      clkspeed: 0
      moduleVoltage: 0
    DIMM 3:
      manufacturer: Microsoft Corporation
      modulePartNo: None
      memType: Unknown
      size: 81408
      clkspeed: 0
      moduleVoltage: 0
Checksum: 10F43D9C034164F0F76915988C85375A097A5BA5