---
system-info:
      stress-ng-version: 0.17.08
      run-by: root
      date-yyyy-mm-dd: 2024:07:03
      time-hh-mm-ss: 11:37:04
      epoch-secs: 1720006624
      hostname: n2-standard-96-af14652
      sysname: Linux
      nodename: n2-standard-96-af14652
      release: 6.8.0-1009-gcp
      version: '#10-Ubuntu SMP Wed Jun 12 18:52:23 UTC 2024'
      machine: x86_64
      compiler: 'musl-gcc 13.2.1'
      uptime: 158
      totalram: 405717569536
      freeram: 399352700928
      sharedram: 115027968
      bufferram: 133013504
      totalswap: 0
      freeswap: 0
      pagesize: 4096
      cpus: 96
      cpus-online: 96
      ticks-per-second: 100

metrics:
    - stressor: cpu
      bogo-ops: 36900
      bogo-ops-per-second-usr-sys-time: 1845.071773
      bogo-ops-per-second-real-time: 1844.995623
      wall-clock-time: 20.000047
      user-time: 19.999222
      system-time: 0.000000
      cpu-usage-per-instance: 99.995873
      max-rss: 768

...
