---
system-info:
      stress-ng-version: 0.17.08
      run-by: root
      date-yyyy-mm-dd: 2024:07:12
      time-hh-mm-ss: 08:43:18
      epoch-secs: 1720773798
      hostname: ip-172-31-8-151
      sysname: Linux
      nodename: ip-172-31-8-151
      release: 6.8.0-1010-aws
      version: '#10-Ubuntu SMP Thu Jun 13 17:36:15 UTC 2024'
      machine: x86_64
      compiler: 'musl-gcc 13.2.1'
      uptime: 260
      totalram: 200450953216
      freeram: 192092065792
      sharedram: 40980480
      bufferram: 131514368
      totalswap: 0
      freeswap: 0
      pagesize: 4096
      cpus: 48
      cpus-online: 48
      ticks-per-second: 100

metrics:
    - stressor: cpu
      bogo-ops: 27633
      bogo-ops-per-second-usr-sys-time: 1381.646684
      bogo-ops-per-second-real-time: 1381.645504
      wall-clock-time: 20.000065
      user-time: 20.000048
      system-time: 0.000000
      cpu-usage-per-instance: 99.999915
      max-rss: 1152

...
