---
system-info:
      stress-ng-version: 0.17.08
      run-by: root
      date-yyyy-mm-dd: 2024:09:21
      time-hh-mm-ss: 14:28:58
      epoch-secs: 1726928938
      hostname: sc-runner
      sysname: Linux
      nodename: sc-runner
      release: 6.8.0-1014-azure
      version: '#16-Ubuntu SMP Thu Aug 15 20:04:41 UTC 2024'
      machine: x86_64
      compiler: 'musl-gcc 13.2.1'
      uptime: 290
      totalram: 67420610560
      freeram: 57054277632
      sharedram: 38203392
      bufferram: 247693312
      totalswap: 0
      freeswap: 0
      pagesize: 4096
      cpus: 16
      cpus-online: 16
      ticks-per-second: 100

metrics:
    - stressor: cpu
      bogo-ops: 431355
      bogo-ops-per-second-usr-sys-time: 1349.460389
      bogo-ops-per-second-real-time: 21567.683458
      wall-clock-time: 20.000062
      user-time: 319.623004
      system-time: 0.026986
      cpu-usage-per-instance: 99.890314
      max-rss: 3152

...
