---
system-info:
      stress-ng-version: 0.17.08
      run-by: root
      date-yyyy-mm-dd: 2024:09:04
      time-hh-mm-ss: 12:22:26
      epoch-secs: 1725452546
      hostname: sc-runner
      sysname: Linux
      nodename: sc-runner
      release: 6.8.0-1013-azure
      version: '#15-Ubuntu SMP Thu Aug  8 18:40:40 UTC 2024'
      machine: x86_64
      compiler: 'musl-gcc 13.2.1'
      uptime: 1143
      totalram: 67420610560
      freeram: 64532992000
      sharedram: 38260736
      bufferram: 249257984
      totalswap: 0
      freeswap: 0
      pagesize: 4096
      cpus: 16
      cpus-online: 16
      ticks-per-second: 100

metrics:
    - stressor: cpu
      bogo-ops: 431272
      bogo-ops-per-second-usr-sys-time: 1349.220780
      bogo-ops-per-second-real-time: 21563.559770
      wall-clock-time: 20.000037
      user-time: 319.619251
      system-time: 0.025989
      cpu-usage-per-instance: 99.888951
      max-rss: 3128

...
