---
system-info:
      stress-ng-version: 0.17.08
      run-by: root
      date-yyyy-mm-dd: 2024:08:30
      time-hh-mm-ss: 13:46:56
      epoch-secs: 1725025616
      hostname: sc-runner
      sysname: Linux
      nodename: sc-runner
      release: 6.8.0-1013-azure
      version: '#15-Ubuntu SMP Thu Aug  8 18:40:40 UTC 2024'
      machine: x86_64
      compiler: 'musl-gcc 13.2.1'
      uptime: 315
      totalram: 8322613248
      freeram: 209539072
      sharedram: 54902784
      bufferram: 197070848
      totalswap: 0
      freeswap: 0
      pagesize: 4096
      cpus: 2
      cpus-online: 2
      ticks-per-second: 100

metrics:
    - stressor: cpu
      bogo-ops: 38565
      bogo-ops-per-second-usr-sys-time: 975.388050
      bogo-ops-per-second-real-time: 1928.238334
      wall-clock-time: 20.000121
      user-time: 39.525134
      system-time: 0.012976
      cpu-usage-per-instance: 98.844677
      max-rss: 3248

...
