---
system-info:
      stress-ng-version: 0.17.08
      run-by: root
      date-yyyy-mm-dd: 2024:07:12
      time-hh-mm-ss: 05:55:01
      epoch-secs: 1720763701
      hostname: ip-172-31-21-111
      sysname: Linux
      nodename: ip-172-31-21-111
      release: 6.8.0-1010-aws
      version: '#10-Ubuntu SMP Thu Jun 13 17:36:15 UTC 2024'
      machine: x86_64
      compiler: 'musl-gcc 13.2.1'
      uptime: 236
      totalram: 260351553536
      freeram: 252240125952
      sharedram: 37179392
      bufferram: 131067904
      totalswap: 0
      freeswap: 0
      pagesize: 4096
      cpus: 32
      cpus-online: 32
      ticks-per-second: 100

metrics:
    - stressor: cpu
      bogo-ops: 61924
      bogo-ops-per-second-usr-sys-time: 3096.391512
      bogo-ops-per-second-real-time: 3096.192987
      wall-clock-time: 20.000045
      user-time: 19.998763
      system-time: 0.000000
      cpu-usage-per-instance: 99.993589
      max-rss: 1032

...
