BaselineInfo:
  WebDBID: -1
  TimeStamp: 20260621031737
Version:
  Major: 11
  Minor: 0
  Build: 1004
  SpecialBuildName: ""
  ptArchitecture: x86_64_linux
Results:
  Results Complete: true
  NumTestProcesses: 48
  CPU_INTEGER_MATH: 357166.68333333317
  CPU_FLOATINGPOINT_MATH: 348699.18950606091
  CPU_PRIME: 1157.9896615069201
  CPU_SORTING: 189292.42398150405
  CPU_ENCRYPTION: 73075.815875698696
  CPU_COMPRESSION: 1362826.0978972455
  CPU_SINGLETHREAD: 3768.9296583446148
  CPU_PHYSICS: 15672.417882938551
  CPU_MATRIX_MULT_SSE: 116343.41197676561
  CPU_mm: 13719.112990189158
  CPU_sse: 43371.165114399744
  CPU_fma: 153914.44511448688
  CPU_avx: 89590.048056071726
  CPU_avx512: 178497.9896221041
  m_CPU_enc_SHA: 103191381759.41017
  m_CPU_enc_AES: 64607467048.011795
  m_CPU_enc_ECDSA: 62077791315.607956
  ME_ALLOC_S: 38963.06655445083
  ME_READ_S: 33443.011523437497
  ME_READ_L: 29601.494140625
  ME_WRITE: 30584.296875
  ME_LARGE: 377027.16666666669
  ME_LATENCY: 79.843176052070902
  ME_THREADED: 420241.32275390625
  SUMM_CPU: 98150.084148356094
  SUMM_ME: 2941.1973774672415
SystemInformation:
  OSName: Ubuntu 24.04.4 LTS
  Kernel: 6.17.0-1018-azure
  Device: ""
  Processor: "AMD EPYC 9V45 96-Core Processor                "
  NumSockets: 1
  Manufacturer: AuthenticAMD
  NumCores: 48
  NumLogicals: 48
  CPUFrequency: 0
  CPUMaxFrequency: 0
  Memory: 386748
  CPUInfo:
    number: 1
    Family: 15
    Model: 2
    stepping: 1
    features: 395049983
    manufacture: AuthenticAMD
    typestring: "AMD EPYC 9V45 96-Core Processor                "
    iCoresPerPackage: 64
    iThreadsPerPackage: 1
    featuresEx:
      - 395049983
      - 4277809667
      - 802421759
    bHybrid: false
    nPCore: 0
    nLogicalsPerPCore: 0
    nECore: 0
    nLogicalsPerECore: 0
  MemModuleInfo:
    iNumMemSticks: 3
    DIMM 1:
      manufacturer: Microsoft Corporation
      modulePartNo: None
      memType: Unknown
      size: 1
      clkspeed: 0
      moduleVoltage: 0
    DIMM 2:
      manufacturer: Microsoft Corporation
      modulePartNo: None
      memType: Unknown
      size: 59
      clkspeed: 0
      moduleVoltage: 0
    DIMM 3:
      manufacturer: Microsoft Corporation
      modulePartNo: None
      memType: Unknown
      size: 324
      clkspeed: 0
      moduleVoltage: 0
Checksum: D0D247566075B6EC1A5D80E61DF03DAA11C2A228