---
system-info:
      stress-ng-version: 0.17.08
      run-by: root
      date-yyyy-mm-dd: 2024:09:16
      time-hh-mm-ss: 21:13:03
      epoch-secs: 1726521183
      hostname: sc-runner
      sysname: Linux
      nodename: sc-runner
      release: 6.8.0-1014-azure
      version: '#16-Ubuntu SMP Thu Aug 15 20:04:41 UTC 2024'
      machine: x86_64
      compiler: 'musl-gcc 13.2.1'
      uptime: 288
      totalram: 135068078080
      freeram: 124780761088
      sharedram: 54902784
      bufferram: 234024960
      totalswap: 0
      freeswap: 0
      pagesize: 4096
      cpus: 8
      cpus-online: 8
      ticks-per-second: 100

metrics:
    - stressor: cpu
      bogo-ops: 37999
      bogo-ops-per-second-usr-sys-time: 1899.917986
      bogo-ops-per-second-real-time: 1899.944813
      wall-clock-time: 20.000055
      user-time: 19.999337
      system-time: 0.001000
      cpu-usage-per-instance: 100.001412
      max-rss: 3152

...
