---
system-info:
      stress-ng-version: 0.17.08
      run-by: root
      date-yyyy-mm-dd: 2024:06:13
      time-hh-mm-ss: 07:10:18
      epoch-secs: 1718262618
      hostname: 9b4a0315bdd6
      sysname: Linux
      nodename: 9b4a0315bdd6
      release: 6.8.0-1008-aws
      version: '#8-Ubuntu SMP Sat Apr 20 00:46:25 UTC 2024'
      machine: x86_64
      compiler: 'musl-gcc 13.2.1'
      uptime: 173
      totalram: 4023320576
      freeram: 226615296
      sharedram: 7421952
      bufferram: 100593664
      totalswap: 0
      freeswap: 0
      pagesize: 4096
      cpus: 2
      cpus-online: 2
      ticks-per-second: 100

metrics:
    - stressor: cpu
      bogo-ops: 15181
      bogo-ops-per-second-usr-sys-time: 759.121547
      bogo-ops-per-second-real-time: 759.046887
      wall-clock-time: 20.000082
      user-time: 19.997117
      system-time: 0.000998
      cpu-usage-per-instance: 99.990165
      max-rss: 976

...
