---
system-info:
      stress-ng-version: 0.17.08
      run-by: root
      date-yyyy-mm-dd: 2024:06:12
      time-hh-mm-ss: 16:45:44
      epoch-secs: 1718210744
      hostname: 2cc0eb91bada
      sysname: Linux
      nodename: 2cc0eb91bada
      release: 6.8.0-1008-aws
      version: '#8-Ubuntu SMP Sat Apr 20 00:46:25 UTC 2024'
      machine: x86_64
      compiler: 'musl-gcc 13.2.1'
      uptime: 223
      totalram: 4023320576
      freeram: 193626112
      sharedram: 7421952
      bufferram: 107327488
      totalswap: 0
      freeswap: 0
      pagesize: 4096
      cpus: 2
      cpus-online: 2
      ticks-per-second: 100

metrics:
    - stressor: cpu
      bogo-ops: 31321
      bogo-ops-per-second-usr-sys-time: 1566.307188
      bogo-ops-per-second-real-time: 1566.044997
      wall-clock-time: 20.000064
      user-time: 19.995717
      system-time: 0.000999
      cpu-usage-per-instance: 99.983261
      max-rss: 1104

...
