BaselineInfo:
  WebDBID: -1
  TimeStamp: 20260404101505
Version:
  Major: 11
  Minor: 0
  Build: 1004
  SpecialBuildName: ""
  ptArchitecture: x86_64_linux
Results:
  Results Complete: true
  NumTestProcesses: 4
  CPU_INTEGER_MATH: 12622.569333333333
  CPU_FLOATINGPOINT_MATH: 7966.5736817771576
  CPU_PRIME: 35.53382633350266
  CPU_SORTING: 8043.5448996355344
  CPU_ENCRYPTION: 1221.7623644245241
  CPU_COMPRESSION: 56192.095703726547
  CPU_SINGLETHREAD: 2250.3904048892209
  CPU_PHYSICS: 499.18988593421903
  CPU_MATRIX_MULT_SSE: 2869.2786148345081
  CPU_mm: 380.80253718966179
  CPU_sse: 1571.1700644667753
  CPU_fma: 4138.1605963087532
  CPU_avx: 2898.5051837279939
  CPU_avx512: 0
  m_CPU_enc_SHA: 543890073.69509244
  m_CPU_enc_AES: 2799066493.6209049
  m_CPU_enc_ECDSA: 500375511.80043221
  ME_ALLOC_S: 1301.6655963364319
  ME_READ_S: 25264.652148437501
  ME_READ_L: 8206.6884765625
  ME_WRITE: 7205.9833984375
  ME_LARGE: 18963.333333333332
  ME_LATENCY: 64.406026225385332
  ME_THREADED: 21640.68701171875
  SUMM_CPU: 4229.288252619931
  SUMM_ME: 1826.4279255760518
SystemInformation:
  OSName: Ubuntu 24.04.4 LTS
  Kernel: 6.8.0-106-generic
  Device: ""
  Processor: Intel(R) Xeon(R) CPU E5-2667 v4 @ 3.20GHz
  NumSockets: 1
  Manufacturer: GenuineIntel
  NumCores: 2
  NumLogicals: 4
  CPUFrequency: 0
  CPUMaxFrequency: 0
  Memory: 31713
  CPUInfo:
    number: 1
    Family: 6
    Model: 15
    stepping: 1
    features: 529267711
    manufacture: GenuineIntel
    typestring: Intel(R) Xeon(R) CPU E5-2667 v4 @ 3.20GHz
    iCoresPerPackage: 2
    iThreadsPerPackage: 2
    featuresEx:
      - 529267711
      - 4294586883
      - 739248128
    bHybrid: false
    nPCore: 0
    nLogicalsPerPCore: 0
    nECore: 0
    nLogicalsPerECore: 0
  MemModuleInfo:
    iNumMemSticks: 2
    DIMM 1:
      manufacturer: Alibaba Cloud
      modulePartNo: Not Specified
      memType: RAM
      size: 16
      clkspeed: 0
      moduleVoltage: 0
    DIMM 2:
      manufacturer: Alibaba Cloud
      modulePartNo: Not Specified
      memType: RAM
      size: 16
      clkspeed: 0
      moduleVoltage: 0
Checksum: 8539B91BF1FBC487DBC85DE5F3F5130F94DC3933