---
system-info:
      stress-ng-version: 0.17.08
      run-by: root
      date-yyyy-mm-dd: 2024:06:09
      time-hh-mm-ss: 11:28:58
      epoch-secs: 1717932538
      hostname: 1f9635b0c2c1
      sysname: Linux
      nodename: 1f9635b0c2c1
      release: 6.8.0-1008-aws
      version: '#8-Ubuntu SMP Sat Apr 20 00:46:25 UTC 2024'
      machine: x86_64
      compiler: 'musl-gcc 13.2.1'
      uptime: 156
      totalram: 257880621056
      freeram: 252858765312
      sharedram: 53895168
      bufferram: 107663360
      totalswap: 0
      freeswap: 0
      pagesize: 4096
      cpus: 32
      cpus-online: 32
      ticks-per-second: 100

metrics:
    - stressor: cpu
      bogo-ops: 13888
      bogo-ops-per-second-usr-sys-time: 1388.640862
      bogo-ops-per-second-real-time: 1388.596791
      wall-clock-time: 10.001463
      user-time: 10.000145
      system-time: 0.001001
      cpu-usage-per-instance: 99.996826
      max-rss: 3848

...
