---
system-info:
      stress-ng-version: 0.17.08
      run-by: root
      date-yyyy-mm-dd: 2024:06:15
      time-hh-mm-ss: 13:43:10
      epoch-secs: 1718458990
      hostname: 14b73c876b55
      sysname: Linux
      nodename: 14b73c876b55
      release: 6.8.0-1008-aws
      version: '#8-Ubuntu SMP Sat Apr 20 00:46:25 UTC 2024'
      machine: x86_64
      compiler: 'musl-gcc 13.2.1'
      uptime: 162
      totalram: 257880612864
      freeram: 252824563712
      sharedram: 53895168
      bufferram: 110460928
      totalswap: 0
      freeswap: 0
      pagesize: 4096
      cpus: 32
      cpus-online: 32
      ticks-per-second: 100

metrics:
    - stressor: cpu
      bogo-ops: 25591
      bogo-ops-per-second-usr-sys-time: 1279.585125
      bogo-ops-per-second-real-time: 1279.542312
      wall-clock-time: 20.000120
      user-time: 19.999451
      system-time: 0.000000
      cpu-usage-per-instance: 99.996654
      max-rss: 1032

...
