BaselineInfo:
  WebDBID: -1
  TimeStamp: 20241109042050
Version:
  Major: 11
  Minor: 0
  Build: 1002
  SpecialBuildName: ""
  ptArchitecture: x86_64_linux
Results:
  Results Complete: true
  NumTestProcesses: 32
  CPU_INTEGER_MATH: 147218.05033333332
  CPU_FLOATINGPOINT_MATH: 80798.502249802012
  CPU_PRIME: 197.93994672898177
  CPU_SORTING: 75596.890670400782
  CPU_ENCRYPTION: 37936.603422221764
  CPU_COMPRESSION: 562501.28891016217
  CPU_SINGLETHREAD: 2644.4585911230388
  CPU_PHYSICS: 4035.6402133614524
  CPU_MATRIX_MULT_SSE: 32765.307127724871
  CPU_mm: 3982.2871998426422
  CPU_sse: 16639.927257192354
  CPU_fma: 45154.391438691062
  CPU_avx: 36501.602687291219
  CPU_avx512: 0
  m_CPU_enc_SHA: 54994623277.798424
  m_CPU_enc_AES: 35184758243.006546
  m_CPU_enc_ECDSA: 29158854089.373848
  ME_ALLOC_S: 14153.845991799622
  ME_READ_S: 26430.277148437501
  ME_READ_L: 17169.220703125
  ME_WRITE: 17738.400390625
  ME_LARGE: 110898.41666666667
  ME_LATENCY: 67.456992732175777
  ME_THREADED: 80654.6123046875
  SUMM_CPU: 41941.486147485484
  SUMM_ME: 2729.4645038581893
SystemInformation:
  OSName: Ubuntu 24.04.1 LTS
  Kernel: 6.8.0-1016-aws
  Device: ""
  Processor: AMD EPYC 7R13 Processor
  NumSockets: 1
  Manufacturer: AuthenticAMD
  NumCores: 16
  NumLogicals: 32
  CPUFrequency: 0
  Memory: 124066
  MemModuleInfo:
    iNumMemSticks: 1
    DIMM 1:
      manufacturer: Not Specified
      modulePartNo: Not Specified
      memType: DDR4
      size: 128
      clkspeed: 1600
      moduleVoltage: 0
Checksum: 8ECE4CD51962C46E9B8261A6AD9CA2B7DDFF8B1D