BaselineInfo:
  WebDBID: -1
  TimeStamp: 20241107021500
Version:
  Major: 11
  Minor: 0
  Build: 1002
  SpecialBuildName: ""
  ptArchitecture: x86_64_linux
Results:
  Results Complete: true
  NumTestProcesses: 2
  CPU_INTEGER_MATH: 5141.8436666666666
  CPU_FLOATINGPOINT_MATH: 2714.5050840232975
  CPU_PRIME: 10.71327834198909
  CPU_SORTING: 3259.3593934321793
  CPU_ENCRYPTION: 1610.91555651154
  CPU_COMPRESSION: 21280.638048910918
  CPU_SINGLETHREAD: 1404.2120735396506
  CPU_PHYSICS: 219.4796185049687
  CPU_MATRIX_MULT_SSE: 769.37558082462579
  CPU_mm: 155.68842376581222
  CPU_sse: 606.42855404530667
  CPU_fma: 932.14756175676609
  CPU_avx: 769.55062667180482
  CPU_avx512: 0
  m_CPU_enc_SHA: 2282810145.7949314
  m_CPU_enc_AES: 1579768405.7633147
  m_CPU_enc_ECDSA: 1204923620.1956868
  ME_ALLOC_S: 495.66017494290566
  ME_READ_S: 14720.55859375
  ME_READ_L: 11391.1337890625
  ME_WRITE: 7612.72607421875
  ME_LARGE: 582.91666666666663
  ME_LATENCY: 63.359620745796235
  ME_THREADED: 16568.5673828125
  SUMM_CPU: 1873.4662110823349
  SUMM_ME: 841.9974770612813
SystemInformation:
  OSName: Ubuntu 24.04.1 LTS
  Kernel: 6.8.0-1016-aws
  Device: ""
  Processor: AMD EPYC 7571
  NumSockets: 1
  Manufacturer: AuthenticAMD
  NumCores: 1
  NumLogicals: 2
  CPUFrequency: 0
  Memory: 7780
  MemModuleInfo:
    iNumMemSticks: 1
    DIMM 1:
      manufacturer: Not Specified
      modulePartNo: Not Specified
      memType: DDR4
      size: 8
      clkspeed: 1333
      moduleVoltage: 0
Checksum: 0F1F28081DD003C37A04F4B8E92ABCEA2086842E