BaselineInfo:
  WebDBID: -1
  TimeStamp: 20241114205007
Version:
  Major: 11
  Minor: 0
  Build: 1002
  SpecialBuildName: ""
  ptArchitecture: x86_64_linux
Results:
  Results Complete: true
  NumTestProcesses: 2
  CPU_INTEGER_MATH: 5120.2833333333328
  CPU_FLOATINGPOINT_MATH: 2712.1206366763713
  CPU_PRIME: 9.7450665522672111
  CPU_SORTING: 3244.5707427836005
  CPU_ENCRYPTION: 1608.0698807991112
  CPU_COMPRESSION: 21404.833873439602
  CPU_SINGLETHREAD: 1401.1628592213942
  CPU_PHYSICS: 215.59643629146535
  CPU_MATRIX_MULT_SSE: 776.37509891974537
  CPU_mm: 155.5692730606292
  CPU_sse: 631.73398800924656
  CPU_fma: 931.15874010529842
  CPU_avx: 766.23256864469101
  CPU_avx512: 0
  m_CPU_enc_SHA: 2275670439.5875406
  m_CPU_enc_AES: 1576554580.0852547
  m_CPU_enc_ECDSA: 1206325430.3136306
  ME_ALLOC_S: 500.96683141852691
  ME_READ_S: 14681.610058593749
  ME_READ_L: 11417.7236328125
  ME_WRITE: 7817.09912109375
  ME_LARGE: 633.83333333333337
  ME_LATENCY: 62.627604373794718
  ME_THREADED: 16445.6025390625
  SUMM_CPU: 1867.6948293484672
  SUMM_ME: 878.1240491610215
SystemInformation:
  OSName: Ubuntu 24.04.1 LTS
  Kernel: 6.8.0-1018-aws
  Device: ""
  Processor: AMD EPYC 7571
  NumSockets: 1
  Manufacturer: AuthenticAMD
  NumCores: 1
  NumLogicals: 2
  CPUFrequency: 0
  Memory: 7780
  MemModuleInfo:
    iNumMemSticks: 1
    DIMM 1:
      manufacturer: Not Specified
      modulePartNo: Not Specified
      memType: DDR4
      size: 8
      clkspeed: 1333
      moduleVoltage: 0
Checksum: 84BB7FBEC27E0E1ED1B3CDA7D24B5DC2578DB907