BaselineInfo:
  WebDBID: -1
  TimeStamp: 20241115132121
Version:
  Major: 11
  Minor: 0
  Build: 1002
  SpecialBuildName: ""
  ptArchitecture: x86_64_linux
Results:
  Results Complete: true
  NumTestProcesses: 2
  CPU_INTEGER_MATH: 5101.1133333333337
  CPU_FLOATINGPOINT_MATH: 2711.7278938610948
  CPU_PRIME: 10.483003332984804
  CPU_SORTING: 3263.2741834076369
  CPU_ENCRYPTION: 1611.671062351292
  CPU_COMPRESSION: 21162.767593406301
  CPU_SINGLETHREAD: 1399.6110951781695
  CPU_PHYSICS: 216.37427209179546
  CPU_MATRIX_MULT_SSE: 774.95359264152421
  CPU_mm: 155.06509482395671
  CPU_sse: 632.51820322822141
  CPU_fma: 925.38159858699885
  CPU_avx: 766.96097610935237
  CPU_avx512: 0
  m_CPU_enc_SHA: 2283891815.1268454
  m_CPU_enc_AES: 1577605237.339783
  m_CPU_enc_ECDSA: 1208381735.1615765
  ME_ALLOC_S: 496.7494548353182
  ME_READ_S: 14571.134570312501
  ME_READ_L: 11162.3623046875
  ME_WRITE: 7816.34765625
  ME_LARGE: 704
  ME_LATENCY: 63.997960072085078
  ME_THREADED: 16570.484375
  SUMM_CPU: 1869.5129054148924
  SUMM_ME: 913.05413102555224
SystemInformation:
  OSName: Ubuntu 24.04.1 LTS
  Kernel: 6.8.0-1018-aws
  Device: ""
  Processor: AMD EPYC 7571
  NumSockets: 1
  Manufacturer: AuthenticAMD
  NumCores: 1
  NumLogicals: 2
  CPUFrequency: 0
  Memory: 7780
  MemModuleInfo:
    iNumMemSticks: 1
    DIMM 1:
      manufacturer: Not Specified
      modulePartNo: Not Specified
      memType: DDR4
      size: 8
      clkspeed: 1333
      moduleVoltage: 0
Checksum: 722D63C298BE84D378FE7BEB978EAA4CD0AA9929