---
system-info:
      stress-ng-version: 0.17.08
      run-by: root
      date-yyyy-mm-dd: 2024:06:14
      time-hh-mm-ss: 13:31:38
      epoch-secs: 1718371898
      hostname: a5c7c8347d0d
      sysname: Linux
      nodename: a5c7c8347d0d
      release: 6.8.0-1008-aws
      version: '#8-Ubuntu SMP Sat Apr 20 00:46:25 UTC 2024'
      machine: x86_64
      compiler: 'musl-gcc 13.2.1'
      uptime: 328
      totalram: 32067796992
      freeram: 25301835776
      sharedram: 48525312
      bufferram: 99573760
      totalswap: 0
      freeswap: 0
      pagesize: 4096
      cpus: 4
      cpus-online: 4
      ticks-per-second: 100

metrics:
    - stressor: cpu
      bogo-ops: 41471
      bogo-ops-per-second-usr-sys-time: 522.238072
      bogo-ops-per-second-real-time: 2073.538827
      wall-clock-time: 20.000108
      user-time: 79.399161
      system-time: 0.010982
      cpu-usage-per-instance: 99.262144
      max-rss: 1104

...
