---
system-info:
      stress-ng-version: 0.17.08
      run-by: root
      date-yyyy-mm-dd: 2024:06:06
      time-hh-mm-ss: 22:57:21
      epoch-secs: 1717714641
      hostname: c8661fcf9d67
      sysname: Linux
      nodename: c8661fcf9d67
      release: 6.8.0-1008-aws
      version: '#8-Ubuntu SMP Sat Apr 20 00:46:25 UTC 2024'
      machine: x86_64
      compiler: 'musl-gcc 13.2.1'
      uptime: 220
      totalram: 32067796992
      freeram: 25521119232
      sharedram: 48525312
      bufferram: 77565952
      totalswap: 0
      freeswap: 0
      pagesize: 4096
      cpus: 4
      cpus-online: 4
      ticks-per-second: 100

metrics:
    - stressor: cpu
      bogo-ops: 32869
      bogo-ops-per-second-usr-sys-time: 827.242626
      bogo-ops-per-second-real-time: 3286.322467
      wall-clock-time: 10.001757
      user-time: 39.716243
      system-time: 0.016961
      cpu-usage-per-instance: 99.315556
      max-rss: 4048

...
