BaselineInfo:
  WebDBID: -1
  TimeStamp: 20241107045604
Version:
  Major: 11
  Minor: 0
  Build: 1002
  SpecialBuildName: ""
  ptArchitecture: x86_64_linux
Results:
  Results Complete: true
  NumTestProcesses: 2
  CPU_INTEGER_MATH: 6537.9403333333339
  CPU_FLOATINGPOINT_MATH: 3509.4530035280513
  CPU_PRIME: 14.276769305414941
  CPU_SORTING: 3487.1893920553639
  CPU_ENCRYPTION: 894.14815300347414
  CPU_COMPRESSION: 29593.309131152964
  CPU_SINGLETHREAD: 2002.4831399981344
  CPU_PHYSICS: 301.42744640725334
  CPU_MATRIX_MULT_SSE: 1641.8674464074991
  CPU_mm: 198.43521648741427
  CPU_sse: 715.4236142429661
  CPU_fma: 2086.061382697415
  CPU_avx: 1473.0957913207583
  CPU_avx512: 2292.8889973688574
  m_CPU_enc_SHA: 295758739.2573961
  m_CPU_enc_AES: 2254665601.6423063
  m_CPU_enc_ECDSA: 262322540.15161026
  ME_ALLOC_S: 754.24044116829043
  ME_READ_S: 25059.944531249999
  ME_READ_L: 10152.6064453125
  ME_WRITE: 9959.7861328125
  ME_LARGE: 597.41666666666663
  ME_LATENCY: 53.139508231365873
  ME_THREADED: 12837.69677734375
  SUMM_CPU: 2328.6349204865442
  SUMM_ME: 937.88815072732916
SystemInformation:
  OSName: Ubuntu 24.04.1 LTS
  Kernel: 6.8.0-1016-aws
  Device: ""
  Processor: Intel Xeon Platinum 8275CL CPU @ 3.00GHz
  NumSockets: 1
  Manufacturer: GenuineIntel
  NumCores: 1
  NumLogicals: 2
  CPUFrequency: 0
  Memory: 3794
  MemModuleInfo:
    iNumMemSticks: 1
    DIMM 1:
      manufacturer: Not Specified
      modulePartNo: Not Specified
      memType: DDR4
      size: 4
      clkspeed: 1466
      moduleVoltage: 0
Checksum: F2D05E9890F3B7B22788DA0E7E9F27645F84A6EC