BaselineInfo:
  WebDBID: -1
  TimeStamp: 20241114235921
Version:
  Major: 11
  Minor: 0
  Build: 1002
  SpecialBuildName: ""
  ptArchitecture: x86_64_linux
Results:
  Results Complete: true
  NumTestProcesses: 2
  CPU_INTEGER_MATH: 6537.893
  CPU_FLOATINGPOINT_MATH: 3512.505061627372
  CPU_PRIME: 14.206236085524676
  CPU_SORTING: 3471.5080215617913
  CPU_ENCRYPTION: 895.9260138924559
  CPU_COMPRESSION: 29865.038589638574
  CPU_SINGLETHREAD: 2002.4838044976354
  CPU_PHYSICS: 303.43534874093018
  CPU_MATRIX_MULT_SSE: 1623.3281005709657
  CPU_mm: 197.45274082388323
  CPU_sse: 715.40719714900138
  CPU_fma: 2090.6188358001482
  CPU_avx: 1476.5094254205812
  CPU_avx512: 2210.7769439141321
  m_CPU_enc_SHA: 295917192.94667399
  m_CPU_enc_AES: 2261356266.4704819
  m_CPU_enc_ECDSA: 261066088.41273206
  ME_ALLOC_S: 762.76438174808993
  ME_READ_S: 25088.771874999999
  ME_READ_L: 11121.09765625
  ME_WRITE: 10620.892578125
  ME_LARGE: 676.16666666666663
  ME_LATENCY: 52.929729621918106
  ME_THREADED: 13248.43701171875
  SUMM_CPU: 2328.5669485291023
  SUMM_ME: 1011.3215099983581
SystemInformation:
  OSName: Ubuntu 24.04.1 LTS
  Kernel: 6.8.0-1018-aws
  Device: ""
  Processor: Intel Xeon Platinum 8275CL CPU @ 3.00GHz
  NumSockets: 1
  Manufacturer: GenuineIntel
  NumCores: 1
  NumLogicals: 2
  CPUFrequency: 0
  Memory: 3794
  MemModuleInfo:
    iNumMemSticks: 1
    DIMM 1:
      manufacturer: Not Specified
      modulePartNo: Not Specified
      memType: DDR4
      size: 4
      clkspeed: 1466
      moduleVoltage: 0
Checksum: B8298988926AEE1933C03324CFA3B0CDFFC2BCB7