BaselineInfo:
  WebDBID: -1
  TimeStamp: 20241115160227
Version:
  Major: 11
  Minor: 0
  Build: 1002
  SpecialBuildName: ""
  ptArchitecture: x86_64_linux
Results:
  Results Complete: true
  NumTestProcesses: 2
  CPU_INTEGER_MATH: 6539.8573333333334
  CPU_FLOATINGPOINT_MATH: 3508.8978837994655
  CPU_PRIME: 14.306610638632153
  CPU_SORTING: 3438.8853052107825
  CPU_ENCRYPTION: 898.65428203159377
  CPU_COMPRESSION: 29822.999894611916
  CPU_SINGLETHREAD: 2002.575805334608
  CPU_PHYSICS: 298.10419996651478
  CPU_MATRIX_MULT_SSE: 1603.4332243228841
  CPU_mm: 198.44255780961652
  CPU_sse: 707.01788161901777
  CPU_fma: 2084.8344989802899
  CPU_avx: 1474.4699413618002
  CPU_avx512: 2147.4105753304284
  m_CPU_enc_SHA: 295933195.51787013
  m_CPU_enc_AES: 2268846886.4464312
  m_CPU_enc_ECDSA: 262141855.34237975
  ME_ALLOC_S: 718.29170127936425
  ME_READ_S: 25220.400000000001
  ME_READ_L: 10326.208984375
  ME_WRITE: 10030.5
  ME_LARGE: 592.16666666666663
  ME_LATENCY: 53.337059668423564
  ME_THREADED: 12654.7890625
  SUMM_CPU: 2322.4005038387063
  SUMM_ME: 930.70547006278252
SystemInformation:
  OSName: Ubuntu 24.04.1 LTS
  Kernel: 6.8.0-1018-aws
  Device: ""
  Processor: Intel Xeon Platinum 8275CL CPU @ 3.00GHz
  NumSockets: 1
  Manufacturer: GenuineIntel
  NumCores: 1
  NumLogicals: 2
  CPUFrequency: 0
  Memory: 3794
  MemModuleInfo:
    iNumMemSticks: 1
    DIMM 1:
      manufacturer: Not Specified
      modulePartNo: Not Specified
      memType: DDR4
      size: 4
      clkspeed: 1600
      moduleVoltage: 0
Checksum: E025A3821439C3BE0B9AB03BD26A7C9B7AD474C3