---
system-info:
      stress-ng-version: 0.17.08
      run-by: root
      date-yyyy-mm-dd: 2024:06:19
      time-hh-mm-ss: 16:15:09
      epoch-secs: 1718813709
      hostname: 5e0326f6f595
      sysname: Linux
      nodename: 5e0326f6f595
      release: 6.8.0-1008-gcp
      version: '#9-Ubuntu SMP Wed May 22 18:09:04 UTC 2024'
      machine: x86_64
      compiler: 'musl-gcc 13.2.1'
      uptime: 142
      totalram: 33652195328
      freeram: 28593258496
      sharedram: 35024896
      bufferram: 127184896
      totalswap: 0
      freeswap: 0
      pagesize: 4096
      cpus: 8
      cpus-online: 8
      ticks-per-second: 100

metrics:
    - stressor: cpu
      bogo-ops: 429253
      bogo-ops-per-second-usr-sys-time: 2689.846673
      bogo-ops-per-second-real-time: 21462.595599
      wall-clock-time: 20.000051
      user-time: 159.554721
      system-time: 0.027981
      cpu-usage-per-instance: 99.738936
      max-rss: 1104

...
