BaselineInfo:
  WebDBID: -1
  TimeStamp: 20260403103720
Version:
  Major: 11
  Minor: 0
  Build: 1004
  SpecialBuildName: ""
  ptArchitecture: aarch64_linux
Results:
  Results Complete: true
  NumTestProcesses: 2
  CPU_INTEGER_MATH: 11012.005333333334
  CPU_FLOATINGPOINT_MATH: 9237.0803464166602
  CPU_PRIME: 24.404517877019565
  CPU_SORTING: 8862.9803081307073
  CPU_ENCRYPTION: 323.62620689172081
  CPU_COMPRESSION: 11288.525586615699
  CPU_SINGLETHREAD: 1640.1916004274478
  CPU_PHYSICS: 560.23718515544147
  CPU_MATRIX_MULT_SSE: 1562.2464199672036
  CPU_mm: 252.40597476979184
  CPU_sse: 1317.7979047775648
  CPU_fma: 1806.6949351568421
  CPU_avx: 0
  CPU_avx512: 0
  m_CPU_enc_SHA: 481527734.2205568
  m_CPU_enc_AES: 211504702.95549244
  m_CPU_enc_ECDSA: 325007583.37702984
  ME_ALLOC_S: 2163.9769833378773
  ME_READ_S: 22538.411718750001
  ME_READ_L: 17574.568359375
  ME_WRITE: 22502.845703125
  ME_LARGE: 1041.3333333333333
  ME_LATENCY: 61.047810124376532
  ME_THREADED: 33135.40234375
  SUMM_CPU: 1734.703520575144
  SUMM_ME: 1425.7295321352728
SystemInformation:
  OSName: Ubuntu 24.04.4 LTS
  Kernel: 6.8.0-106-generic
  Device: ""
  Processor: ARM Neoverse-N2 2 Core 3000 MHz
  NumSockets: 1
  Manufacturer: ARM
  NumCores: 2
  NumLogicals: 2
  CPUFrequency: 3000
  CPUMaxFrequency: 3000
  Memory: 7343
Checksum: 8A45F8B2E2FD314E8A2D5B3DA9728EF62339355F