---
system-info:
      stress-ng-version: 0.17.08
      run-by: root
      date-yyyy-mm-dd: 2024:07:03
      time-hh-mm-ss: 04:41:48
      epoch-secs: 1719981708
      hostname: n4-highcpu-80-2ec3f86
      sysname: Linux
      nodename: n4-highcpu-80-2ec3f86
      release: 6.8.0-1009-gcp
      version: '#10-Ubuntu SMP Wed Jun 12 18:52:23 UTC 2024'
      machine: x86_64
      compiler: 'musl-gcc 13.2.1'
      uptime: 148
      totalram: 168761143296
      freeram: 162960138240
      sharedram: 274341888
      bufferram: 130707456
      totalswap: 0
      freeswap: 0
      pagesize: 4096
      cpus: 80
      cpus-online: 80
      ticks-per-second: 100

metrics:
    - stressor: cpu
      bogo-ops: 34355
      bogo-ops-per-second-usr-sys-time: 1717.788478
      bogo-ops-per-second-real-time: 1717.741195
      wall-clock-time: 20.000103
      user-time: 19.999552
      system-time: 0.000000
      cpu-usage-per-instance: 99.997247
      max-rss: 640

...
