BaselineInfo:
  WebDBID: -1
  TimeStamp: 20250417183805
Version:
  Major: 11
  Minor: 0
  Build: 1002
  SpecialBuildName: ""
  ptArchitecture: x86_64_linux
Results:
  Results Complete: true
  NumTestProcesses: 16
  CPU_INTEGER_MATH: 76483.779666666684
  CPU_FLOATINGPOINT_MATH: 54234.36241829038
  CPU_PRIME: 158.71408385676506
  CPU_SORTING: 38296.625894818382
  CPU_ENCRYPTION: 16806.619480631289
  CPU_COMPRESSION: 274712.74750284618
  CPU_SINGLETHREAD: 2917.0841017485891
  CPU_PHYSICS: 3692.74936170811
  CPU_MATRIX_MULT_SSE: 23272.79615717641
  CPU_mm: 2165.4437491531198
  CPU_sse: 9360.4244241365905
  CPU_fma: 26433.153035372758
  CPU_avx: 19806.821686850639
  CPU_avx512: 37490.785482345658
  m_CPU_enc_SHA: 17785174865.174503
  m_CPU_enc_AES: 23182578682.170952
  m_CPU_enc_ECDSA: 11901299938.221859
  ME_ALLOC_S: 9577.8109933860032
  ME_READ_S: 26599.027734374999
  ME_READ_L: 10509.73828125
  ME_WRITE: 9504.388671875
  ME_LARGE: 54881.5
  ME_LATENCY: 64.922235838679171
  ME_THREADED: 121820.23974609375
  SUMM_CPU: 26651.670987485133
  SUMM_ME: 2415.026429198082
SystemInformation:
  OSName: Ubuntu 24.04.2 LTS
  Kernel: 6.8.0-1021-azure
  Device: ""
  Processor: INTEL XEON PLATINUM 8573C
  NumSockets: 1
  Manufacturer: GenuineIntel
  NumCores: 8
  NumLogicals: 16
  CPUFrequency: 2300
  Memory: 64296
  MemModuleInfo:
    iNumMemSticks: 3
    DIMM 1:
      manufacturer: Microsoft Corporation
      modulePartNo: None
      memType: Unknown
      size: 1
      clkspeed: 0
      moduleVoltage: 0
    DIMM 2:
      manufacturer: Microsoft Corporation
      modulePartNo: None
      memType: Unknown
      size: 59
      clkspeed: 0
      moduleVoltage: 0
    DIMM 3:
      manufacturer: Microsoft Corporation
      modulePartNo: None
      memType: Unknown
      size: 4
      clkspeed: 0
      moduleVoltage: 0
Checksum: 2339F7C0D7A2AC3F611248C15C3B97C7571C016B