BaselineInfo:
  WebDBID: -1
  TimeStamp: 20250721223256
Version:
  Major: 11
  Minor: 0
  Build: 1002
  SpecialBuildName: ""
  ptArchitecture: aarch64_linux
Results:
  Results Complete: true
  NumTestProcesses: 192
  CPU_INTEGER_MATH: 962992.50133333355
  CPU_FLOATINGPOINT_MATH: 1119313.1259704293
  CPU_PRIME: 1663.9259497990604
  CPU_SORTING: 833273.90461697499
  CPU_ENCRYPTION: 34651.814531587886
  CPU_COMPRESSION: 1226640.5188651434
  CPU_SINGLETHREAD: 1868.2280277792752
  CPU_PHYSICS: 37684.895421583962
  CPU_MATRIX_MULT_SSE: 139956.94601996246
  CPU_mm: 20956.178859811269
  CPU_sse: 110590.55534131505
  CPU_fma: 169323.33669860987
  CPU_avx: 0
  CPU_avx512: 0
  m_CPU_enc_SHA: 54469603181.36776
  m_CPU_enc_AES: 19814869409.364845
  m_CPU_enc_ECDSA: 34720710632.090324
  ME_ALLOC_S: 46956.654720803017
  ME_READ_S: 19154.662499999999
  ME_READ_L: 13685.8564453125
  ME_WRITE: 20515.43359375
  ME_LARGE: 364166.91666666669
  ME_LATENCY: 45.581167079582748
  ME_THREADED: 982160.45446777344
  SUMM_CPU: 77532.430083392115
  SUMM_ME: 3134.7225431616453
SystemInformation:
  OSName: Ubuntu 24.04.2 LTS
  Kernel: 6.8.0-1030-aws
  Device: ""
  Processor: ARM Neoverse-V2 192 Core 0 MHz
  NumSockets: 2
  Manufacturer: ARM
  NumCores: 192
  NumLogicals: 192
  CPUFrequency: 0
  Memory: 380043
Checksum: 24BC66BD14B33EF2864F20FB09FA02D55B2A39A4