BaselineInfo:
  WebDBID: -1
  TimeStamp: 20241115112604
Version:
  Major: 11
  Minor: 0
  Build: 1002
  SpecialBuildName: ""
  ptArchitecture: aarch64_linux
Results:
  Results Complete: true
  NumTestProcesses: 2
  CPU_INTEGER_MATH: 9384.8983333333344
  CPU_FLOATINGPOINT_MATH: 7151.4718336069445
  CPU_PRIME: 17.760843066823643
  CPU_SORTING: 6667.1077826585788
  CPU_ENCRYPTION: 323.6909662276459
  CPU_COMPRESSION: 10431.170137674773
  CPU_SINGLETHREAD: 1332.2466432226665
  CPU_PHYSICS: 380.56137666156314
  CPU_MATRIX_MULT_SSE: 1485.981465055572
  CPU_mm: 247.63175653398741
  CPU_sse: 1244.2334935286387
  CPU_fma: 1727.7294365825053
  CPU_avx: 0
  CPU_avx512: 0
  m_CPU_enc_SHA: 488141652.62603807
  m_CPU_enc_AES: 225639526.24001139
  m_CPU_enc_ECDSA: 304462556.94331062
  ME_ALLOC_S: 1419.1091267238066
  ME_READ_S: 11369.32822265625
  ME_READ_L: 8773.9609375
  ME_WRITE: 15012.984375
  ME_LARGE: 604.33333333333337
  ME_LATENCY: 72.783470630897739
  ME_THREADED: 17309.37109375
  SUMM_CPU: 1604.3881729680791
  SUMM_ME: 874.3816284248295
SystemInformation:
  OSName: Ubuntu 24.04.1 LTS
  Kernel: 6.8.0-1017-azure
  Device: ""
  Processor: ARM Neoverse-N1 2 Core 0 MHz
  NumSockets: 1
  Manufacturer: ARM
  NumCores: 2
  NumLogicals: 2
  CPUFrequency: 0
  Memory: 7923
Checksum: 5C15F76742D10754106DC7707094D52EE51C9339