BaselineInfo:
  WebDBID: -1
  TimeStamp: 20241106233522
Version:
  Major: 11
  Minor: 0
  Build: 1002
  SpecialBuildName: ""
  ptArchitecture: aarch64_linux
Results:
  Results Complete: true
  NumTestProcesses: 2
  CPU_INTEGER_MATH: 9403.3110000000015
  CPU_FLOATINGPOINT_MATH: 7148.9969051285643
  CPU_PRIME: 18.368393406202845
  CPU_SORTING: 6768.4572205371469
  CPU_ENCRYPTION: 321.64377459335435
  CPU_COMPRESSION: 10621.630773147048
  CPU_SINGLETHREAD: 1332.8732919287738
  CPU_PHYSICS: 386.70136711588628
  CPU_MATRIX_MULT_SSE: 1481.6235411668106
  CPU_mm: 248.76843411043217
  CPU_sse: 1234.4121945075872
  CPU_fma: 1728.834887826034
  CPU_avx: 0
  CPU_avx512: 0
  m_CPU_enc_SHA: 479533284.83682609
  m_CPU_enc_AES: 224418507.17514497
  m_CPU_enc_ECDSA: 307852035.75203216
  ME_ALLOC_S: 1434.1709896459213
  ME_READ_S: 11371.720410156249
  ME_READ_L: 8962.12890625
  ME_WRITE: 15001.26171875
  ME_LARGE: 609
  ME_LATENCY: 69.951529170435194
  ME_THREADED: 17641.03125
  SUMM_CPU: 1611.3107543707029
  SUMM_ME: 886.85770288724484
SystemInformation:
  OSName: Ubuntu 24.04.1 LTS
  Kernel: 6.8.0-1017-azure
  Device: ""
  Processor: ARM Neoverse-N1 2 Core 0 MHz
  NumSockets: 1
  Manufacturer: ARM
  NumCores: 2
  NumLogicals: 2
  CPUFrequency: 0
  Memory: 7923
Checksum: 60D9AEF99A6A903E308B041F160254ECC44BD635