---
system-info:
      stress-ng-version: 0.17.08
      run-by: root
      date-yyyy-mm-dd: 2024:07:02
      time-hh-mm-ss: 05:51:37
      epoch-secs: 1719899497
      hostname: e2-highcpu-32-2d04fff
      sysname: Linux
      nodename: e2-highcpu-32-2d04fff
      release: 6.8.0-1009-gcp
      version: '#10-Ubuntu SMP Wed Jun 12 18:52:23 UTC 2024'
      machine: x86_64
      compiler: 'musl-gcc 13.2.1'
      uptime: 158
      totalram: 33643638784
      freeram: 28189818880
      sharedram: 18436096
      bufferram: 125652992
      totalswap: 0
      freeswap: 0
      pagesize: 4096
      cpus: 32
      cpus-online: 32
      ticks-per-second: 100

metrics:
    - stressor: cpu
      bogo-ops: 814808
      bogo-ops-per-second-usr-sys-time: 1274.586532
      bogo-ops-per-second-real-time: 40740.244953
      wall-clock-time: 20.000076
      user-time: 639.197275
      system-time: 0.075132
      cpu-usage-per-instance: 99.885933
      max-rss: 1032

...
