BaselineInfo:
  WebDBID: -1
  TimeStamp: 20250527071904
Version:
  Major: 11
  Minor: 0
  Build: 1002
  SpecialBuildName: ""
  ptArchitecture: x86_64_linux
Results:
  Results Complete: true
  NumTestProcesses: 48
  CPU_INTEGER_MATH: 255220.17366666667
  CPU_FLOATINGPOINT_MATH: 180784.512454777
  CPU_PRIME: 509.87494246147691
  CPU_SORTING: 126083.14921532119
  CPU_ENCRYPTION: 56061.392220124311
  CPU_COMPRESSION: 911951.74950400495
  CPU_SINGLETHREAD: 3251.1115116969008
  CPU_PHYSICS: 11830.260459853002
  CPU_MATRIX_MULT_SSE: 75008.628002060897
  CPU_mm: 7215.7804072741874
  CPU_sse: 31109.043365650425
  CPU_fma: 81349.176293019511
  CPU_avx: 63623.27930714572
  CPU_avx512: 123953.01304242799
  m_CPU_enc_SHA: 59395663772.358543
  m_CPU_enc_AES: 77430257670.93718
  m_CPU_enc_ECDSA: 39527969782.531433
  ME_ALLOC_S: 28799.787599548352
  ME_READ_S: 29437.845898437499
  ME_READ_L: 10477.5498046875
  ME_WRITE: 9628.3388671875
  ME_LARGE: 1004387.5833333334
  ME_LATENCY: 57.906998322248057
  ME_THREADED: 405490.380859375
  SUMM_CPU: 70644.50967381119
  SUMM_ME: 2700.8325440694684
SystemInformation:
  OSName: Ubuntu 24.04.2 LTS
  Kernel: 6.11.0-1015-azure
  Device: ""
  Processor: INTEL XEON PLATINUM 8573C
  NumSockets: 2
  Manufacturer: GenuineIntel
  NumCores: 24
  NumLogicals: 48
  CPUFrequency: 2300
  Memory: 1015935
  MemModuleInfo:
    iNumMemSticks: 4
    DIMM 1:
      manufacturer: Microsoft Corporation
      modulePartNo: None
      memType: Unknown
      size: 1
      clkspeed: 0
      moduleVoltage: 0
    DIMM 2:
      manufacturer: Microsoft Corporation
      modulePartNo: None
      memType: Unknown
      size: 59
      clkspeed: 0
      moduleVoltage: 0
    DIMM 3:
      manufacturer: Microsoft Corporation
      modulePartNo: None
      memType: Unknown
      size: 444
      clkspeed: 0
      moduleVoltage: 0
    DIMM 4:
      manufacturer: Microsoft Corporation
      modulePartNo: None
      memType: Unknown
      size: 504
      clkspeed: 0
      moduleVoltage: 0
Checksum: 26DC07A78686DA959932D57786011CC504DA7027