---
system-info:
      stress-ng-version: 0.17.08
      run-by: root
      date-yyyy-mm-dd: 2024:07:02
      time-hh-mm-ss: 07:37:15
      epoch-secs: 1719905835
      hostname: c3-highcpu-22-d8f85ab
      sysname: Linux
      nodename: c3-highcpu-22-d8f85ab
      release: 6.8.0-1009-gcp
      version: '#10-Ubuntu SMP Wed Jun 12 18:52:23 UTC 2024'
      machine: x86_64
      compiler: 'musl-gcc 13.2.1'
      uptime: 134
      totalram: 46279385088
      freeram: 41008889856
      sharedram: 111570944
      bufferram: 127029248
      totalswap: 0
      freeswap: 0
      pagesize: 4096
      cpus: 22
      cpus-online: 22
      ticks-per-second: 100

metrics:
    - stressor: cpu
      bogo-ops: 32455
      bogo-ops-per-second-usr-sys-time: 1622.768418
      bogo-ops-per-second-real-time: 1622.742088
      wall-clock-time: 20.000098
      user-time: 19.999773
      system-time: 0.000000
      cpu-usage-per-instance: 99.998377
      max-rss: 1060

...
