BaselineInfo:
  WebDBID: -1
  TimeStamp: 20241107145010
Version:
  Major: 11
  Minor: 0
  Build: 1002
  SpecialBuildName: ""
  ptArchitecture: x86_64_linux
Results:
  Results Complete: true
  NumTestProcesses: 4
  CPU_INTEGER_MATH: 21012.497333333333
  CPU_FLOATINGPOINT_MATH: 17314.788075764463
  CPU_PRIME: 67.503088337157308
  CPU_SORTING: 12555.172072270085
  CPU_ENCRYPTION: 4672.4261776793719
  CPU_COMPRESSION: 90003.679230698704
  CPU_SINGLETHREAD: 2433.2211005959721
  CPU_PHYSICS: 1128.6540475499598
  CPU_MATRIX_MULT_SSE: 7331.8753465586133
  CPU_mm: 969.2155056389231
  CPU_sse: 3140.5859316269889
  CPU_fma: 8802.4229615977056
  CPU_avx: 6687.7850997093356
  CPU_avx512: 10696.707393300425
  m_CPU_enc_SHA: 5487348944.2924299
  m_CPU_enc_AES: 5664610029.1794567
  m_CPU_enc_ECDSA: 3546222881.5870872
  ME_ALLOC_S: 3971.5375544408071
  ME_READ_S: 24417.599804687499
  ME_READ_L: 11284.955078125
  ME_WRITE: 10497.5224609375
  ME_LARGE: 21996
  ME_LATENCY: 59.586921926598698
  ME_THREADED: 41765.9453125
  SUMM_CPU: 8943.5244616222935
  SUMM_ME: 2330.7538972703296
SystemInformation:
  OSName: Ubuntu 24.04.1 LTS
  Kernel: 6.8.0-1017-azure
  Device: ""
  Processor: Intel Xeon Platinum 8370C CPU @ 2.80GHz
  NumSockets: 1
  Manufacturer: GenuineIntel
  NumCores: 4
  NumLogicals: 4
  CPUFrequency: 2800
  Memory: 32092
  MemModuleInfo:
    iNumMemSticks: 3
    DIMM 1:
      manufacturer: Microsoft Corporation
      modulePartNo: None
      memType: Unknown
      size: 1
      clkspeed: 0
      moduleVoltage: 0
    DIMM 2:
      manufacturer: Microsoft Corporation
      modulePartNo: None
      memType: Unknown
      size: 31
      clkspeed: 0
      moduleVoltage: 0
    DIMM 3:
      manufacturer: Microsoft Corporation
      modulePartNo: None
      memType: Unknown
      size: 16
      clkspeed: 0
      moduleVoltage: 0
Checksum: 69199B2F8B3BA5A2625E111A0D44DC3D4CDBE41B