BaselineInfo:
  WebDBID: -1
  TimeStamp: 20260617151900
Version:
  Major: 11
  Minor: 0
  Build: 1004
  SpecialBuildName: ""
  ptArchitecture: x86_64_linux
Results:
  Results Complete: true
  NumTestProcesses: 4
  CPU_INTEGER_MATH: 12713.757000000001
  CPU_FLOATINGPOINT_MATH: 9574.7005747281564
  CPU_PRIME: 41.171334380272043
  CPU_SORTING: 8809.4872539416665
  CPU_ENCRYPTION: 1637.8166340602656
  CPU_COMPRESSION: 67257.325716581399
  CPU_SINGLETHREAD: 1692.2685609631747
  CPU_PHYSICS: 703.92998849623143
  CPU_MATRIX_MULT_SSE: 5297.2184191918595
  CPU_mm: 585.3492523058593
  CPU_sse: 2169.7684513944823
  CPU_fma: 7329.9739245528626
  CPU_avx: 4949.3091974274093
  CPU_avx512: 6739.822103392682
  m_CPU_enc_SHA: 897226715.06828892
  m_CPU_enc_AES: 3478193761.7040811
  m_CPU_enc_ECDSA: 776705167.8567605
  ME_ALLOC_S: 1111.0412089156962
  ME_READ_S: 19598.5341796875
  ME_READ_L: 6466.2626953125
  ME_WRITE: 6740.5224609375
  ME_LARGE: 7401
  ME_LATENCY: 82.123137186356004
  ME_THREADED: 24843.3466796875
  SUMM_CPU: 5201.7572739550524
  SUMM_ME: 1470.0326113055035
SystemInformation:
  OSName: Ubuntu 24.04.4 LTS
  Kernel: 6.8.0-117-generic
  Device: ""
  Processor: Intel(R) Xeon(R) Platinum 8163 CPU @ 2.50GHz
  NumSockets: 1
  Manufacturer: GenuineIntel
  NumCores: 2
  NumLogicals: 4
  CPUFrequency: 2500
  CPUMaxFrequency: 3100
  Memory: 15607
  CPUInfo:
    number: 1
    Family: 6
    Model: 5
    stepping: 4
    features: 529267711
    manufacture: GenuineIntel
    typestring: Intel(R) Xeon(R) Platinum 8163 CPU @ 2.50GHz
    iCoresPerPackage: 2
    iThreadsPerPackage: 2
    featuresEx:
      - 529267711
      - 4294586883
      - 739248128
    bHybrid: false
    nPCore: 0
    nLogicalsPerPCore: 0
    nECore: 0
    nLogicalsPerECore: 0
  MemModuleInfo:
    iNumMemSticks: 1
    DIMM 1:
      manufacturer: Alibaba Cloud
      modulePartNo: Not Specified
      memType: RAM
      size: 16
      clkspeed: 0
      moduleVoltage: 0
Checksum: 922068BD61478A6E086859562BAD938B8CFAF89A