BaselineInfo:
  WebDBID: -1
  TimeStamp: 20260403135424
Version:
  Major: 11
  Minor: 0
  Build: 1004
  SpecialBuildName: ""
  ptArchitecture: x86_64_linux
Results:
  Results Complete: true
  NumTestProcesses: 2
  CPU_INTEGER_MATH: 8252.8033333333333
  CPU_FLOATINGPOINT_MATH: 4570.2529431035764
  CPU_PRIME: 18.170426154822486
  CPU_SORTING: 4636.2085308985797
  CPU_ENCRYPTION: 2135.5451828992323
  CPU_COMPRESSION: 32695.434355860853
  CPU_SINGLETHREAD: 2303.148566940517
  CPU_PHYSICS: 389.208485444644
  CPU_MATRIX_MULT_SSE: 1752.0622866295164
  CPU_mm: 223.57315662781582
  CPU_sse: 941.20747571530705
  CPU_fma: 2582.0173540808046
  CPU_avx: 1732.9620300924373
  CPU_avx512: 0
  m_CPU_enc_SHA: 3091455190.514287
  m_CPU_enc_AES: 1986037642.1364036
  m_CPU_enc_ECDSA: 1640351444.4605455
  ME_ALLOC_S: 915.11679033623557
  ME_READ_S: 23299.2822265625
  ME_READ_L: 16910.666015625
  ME_WRITE: 13923.6953125
  ME_LARGE: 1220
  ME_LATENCY: 60.094142650417155
  ME_THREADED: 22007.822265625
  SUMM_CPU: 3126.8491840923648
  SUMM_ME: 1389.5748364748624
SystemInformation:
  OSName: Ubuntu 24.04.4 LTS
  Kernel: 6.8.0-106-generic
  Device: ""
  Processor: "AMD EPYC 7T83 64-Core Processor                "
  NumSockets: 1
  Manufacturer: AuthenticAMD
  NumCores: 1
  NumLogicals: 2
  CPUFrequency: 0
  CPUMaxFrequency: 0
  Memory: 7414
  CPUInfo:
    number: 1
    Family: 15
    Model: 1
    stepping: 1
    features: 395049983
    manufacture: AuthenticAMD
    typestring: "AMD EPYC 7T83 64-Core Processor                "
    iCoresPerPackage: 1
    iThreadsPerPackage: 2
    featuresEx:
      - 395049983
      - 4277809667
      - 802421759
    bHybrid: false
    nPCore: 0
    nLogicalsPerPCore: 0
    nECore: 0
    nLogicalsPerECore: 0
  MemModuleInfo:
    iNumMemSticks: 1
    DIMM 1:
      manufacturer: Alibaba Cloud
      modulePartNo: Not Specified
      memType: RAM
      size: 8
      clkspeed: 0
      moduleVoltage: 0
Checksum: 52B73C72796812DDE976A77517F6F007FE3AFBCA