---
system-info:
      stress-ng-version: 0.17.08
      run-by: root
      date-yyyy-mm-dd: 2024:06:06
      time-hh-mm-ss: 13:03:57
      epoch-secs: 1717679037
      hostname: 5c99b47eee16
      sysname: Linux
      nodename: 5c99b47eee16
      release: 6.8.0-1008-aws
      version: '#8-Ubuntu SMP Sat Apr 20 00:46:25 UTC 2024'
      machine: x86_64
      compiler: 'musl-gcc 13.2.1'
      uptime: 163
      totalram: 270244069376
      freeram: 263653527552
      sharedram: 117297152
      bufferram: 83230720
      totalswap: 0
      freeswap: 0
      pagesize: 4096
      cpus: 128
      cpus-online: 128
      ticks-per-second: 100

metrics:
    - stressor: cpu
      bogo-ops: 1563052
      bogo-ops-per-second-usr-sys-time: 1222.349931
      bogo-ops-per-second-real-time: 156284.335216
      wall-clock-time: 10.001335
      user-time: 1278.568182
      system-time: 0.158932
      cpu-usage-per-instance: 99.887220
      max-rss: 3072

...
