---
system-info:
      stress-ng-version: 0.17.08
      run-by: root
      date-yyyy-mm-dd: 2024:06:13
      time-hh-mm-ss: 03:23:19
      epoch-secs: 1718248999
      hostname: a38c02d1205d
      sysname: Linux
      nodename: a38c02d1205d
      release: 6.8.0-1008-aws
      version: '#8-Ubuntu SMP Sat Apr 20 00:46:25 UTC 2024'
      machine: x86_64
      compiler: 'musl-gcc 13.2.1'
      uptime: 113
      totalram: 270244036608
      freeram: 263553560576
      sharedram: 117297152
      bufferram: 111067136
      totalswap: 0
      freeswap: 0
      pagesize: 4096
      cpus: 128
      cpus-online: 128
      ticks-per-second: 100

metrics:
    - stressor: cpu
      bogo-ops: 2498433
      bogo-ops-per-second-usr-sys-time: 976.363456
      bogo-ops-per-second-real-time: 124921.242582
      wall-clock-time: 20.000065
      user-time: 2558.889974
      system-time: 0.026979
      cpu-usage-per-instance: 99.957367
      max-rss: 0

...
