---
system-info:
      stress-ng-version: 0.17.08
      run-by: root
      date-yyyy-mm-dd: 2024:07:02
      time-hh-mm-ss: 20:52:30
      epoch-secs: 1719953550
      hostname: c2d-highmem-56-201f50f
      sysname: Linux
      nodename: c2d-highmem-56-201f50f
      release: 6.8.0-1009-gcp
      version: '#10-Ubuntu SMP Wed Jun 12 18:52:23 UTC 2024'
      machine: x86_64
      compiler: 'musl-gcc 13.2.1'
      uptime: 153
      totalram: 473178738688
      freeram: 467336011776
      sharedram: 35434496
      bufferram: 128425984
      totalswap: 0
      freeswap: 0
      pagesize: 4096
      cpus: 56
      cpus-online: 56
      ticks-per-second: 100

metrics:
    - stressor: cpu
      bogo-ops: 1642666
      bogo-ops-per-second-usr-sys-time: 1467.180339
      bogo-ops-per-second-real-time: 82133.062847
      wall-clock-time: 20.000058
      user-time: 1119.570444
      system-time: 0.036980
      cpu-usage-per-instance: 99.964660
      max-rss: 448

...
