BaselineInfo:
  WebDBID: -1
  TimeStamp: 20241108111625
Version:
  Major: 11
  Minor: 0
  Build: 1002
  SpecialBuildName: ""
  ptArchitecture: x86_64_linux
Results:
  Results Complete: true
  NumTestProcesses: 16
  CPU_INTEGER_MATH: 67082.480333333326
  CPU_FLOATINGPOINT_MATH: 34296.16911000789
  CPU_PRIME: 133.99606030084067
  CPU_SORTING: 34676.520901697753
  CPU_ENCRYPTION: 14544.426763238811
  CPU_COMPRESSION: 247179.14532119501
  CPU_SINGLETHREAD: 2366.4064477674501
  CPU_PHYSICS: 2348.6934755074749
  CPU_MATRIX_MULT_SSE: 14073.810646159007
  CPU_mm: 1445.3852186417546
  CPU_sse: 6362.6463019810035
  CPU_fma: 17485.084423130338
  CPU_avx: 12904.547188050599
  CPU_avx512: 19542.964671474099
  m_CPU_enc_SHA: 14697128702.745243
  m_CPU_enc_AES: 22130170884.110336
  m_CPU_enc_ECDSA: 8925510926.2141151
  ME_ALLOC_S: 7768.5470225193931
  ME_READ_S: 24281.2080078125
  ME_READ_L: 11811.896484375
  ME_WRITE: 10440.4775390625
  ME_LARGE: 116548.16666666667
  ME_LATENCY: 59.540464690042313
  ME_THREADED: 90721.71044921875
  SUMM_CPU: 21093.883292774382
  SUMM_ME: 2546.1312381300972
SystemInformation:
  OSName: Ubuntu 24.04.1 LTS
  Kernel: 6.8.0-1016-aws
  Device: ""
  Processor: Intel Xeon Platinum 8375C CPU @ 2.90GHz
  NumSockets: 1
  Manufacturer: GenuineIntel
  NumCores: 8
  NumLogicals: 16
  CPUFrequency: 0
  Memory: 126762
  MemModuleInfo:
    iNumMemSticks: 1
    DIMM 1:
      manufacturer: Not Specified
      modulePartNo: Not Specified
      memType: DDR4
      size: 128
      clkspeed: 1600
      moduleVoltage: 0
Checksum: 9A05C8CA9880E1A37F78BCFA0DFBFAC53317EA54