BaselineInfo:
  WebDBID: -1
  TimeStamp: 20241107074223
Version:
  Major: 11
  Minor: 0
  Build: 1002
  SpecialBuildName: ""
  ptArchitecture: x86_64_linux
Results:
  Results Complete: true
  NumTestProcesses: 2
  CPU_INTEGER_MATH: 8306.1953333333331
  CPU_FLOATINGPOINT_MATH: 4255.1559599753728
  CPU_PRIME: 18.335469088800895
  CPU_SORTING: 4372.9471859009263
  CPU_ENCRYPTION: 1804.2421593629747
  CPU_COMPRESSION: 31639.221404259872
  CPU_SINGLETHREAD: 2301.4605506147777
  CPU_PHYSICS: 363.93041366269802
  CPU_MATRIX_MULT_SSE: 1658.2928568311713
  CPU_mm: 179.60521329131919
  CPU_sse: 789.37740411934601
  CPU_fma: 2170.8384225083828
  CPU_avx: 1604.4256707180657
  CPU_avx512: 2068.5299299788903
  m_CPU_enc_SHA: 1812615472.7704906
  m_CPU_enc_AES: 2739451107.3803444
  m_CPU_enc_ECDSA: 1123588499.3377364
  ME_ALLOC_S: 1006.2767488812061
  ME_READ_S: 24035.085546875001
  ME_READ_L: 11171.8798828125
  ME_WRITE: 10364.681640625
  ME_LARGE: 634
  ME_LATENCY: 62.606503656654866
  ME_THREADED: 15528.216796875
  SUMM_CPU: 2961.1063363805506
  SUMM_ME: 978.0876056180349
SystemInformation:
  OSName: Ubuntu 24.04.1 LTS
  Kernel: 6.8.0-1016-aws
  Device: ""
  Processor: Intel Xeon Platinum 8375C CPU @ 2.90GHz
  NumSockets: 1
  Manufacturer: GenuineIntel
  NumCores: 1
  NumLogicals: 2
  CPUFrequency: 0
  Memory: 3816
  MemModuleInfo:
    iNumMemSticks: 1
    DIMM 1:
      manufacturer: Not Specified
      modulePartNo: Not Specified
      memType: DDR4
      size: 4
      clkspeed: 1600
      moduleVoltage: 0
Checksum: E29A95C20A02429CBB08C03A2BE65B287411734D