---
system-info:
      stress-ng-version: 0.17.08
      run-by: root
      date-yyyy-mm-dd: 2024:09:11
      time-hh-mm-ss: 07:32:14
      epoch-secs: 1726039934
      hostname: a3-highgpu-2g-1965a9a
      sysname: Linux
      nodename: a3-highgpu-2g-1965a9a
      release: 6.8.0-1013-gcp
      version: '#14-Ubuntu SMP Thu Aug  8 23:18:23 UTC 2024'
      machine: x86_64
      compiler: 'musl-gcc 13.2.1'
      uptime: 281
      totalram: 494318399488
      freeram: 482421280768
      sharedram: 111800320
      bufferram: 268427264
      totalswap: 0
      freeswap: 0
      pagesize: 4096
      cpus: 52
      cpus-online: 52
      ticks-per-second: 100

metrics:
    - stressor: cpu
      bogo-ops: 40508
      bogo-ops-per-second-usr-sys-time: 2025.404760
      bogo-ops-per-second-real-time: 2025.391912
      wall-clock-time: 20.000080
      user-time: 19.999953
      system-time: 0.000000
      cpu-usage-per-instance: 99.999366
      max-rss: 860

...
