BaselineInfo:
  WebDBID: -1
  TimeStamp: 20241108034239
Version:
  Major: 11
  Minor: 0
  Build: 1002
  SpecialBuildName: ""
  ptArchitecture: x86_64_linux
Results:
  Results Complete: true
  NumTestProcesses: 16
  CPU_INTEGER_MATH: 66459.360666666675
  CPU_FLOATINGPOINT_MATH: 36566.112221094525
  CPU_PRIME: 94.104155013957097
  CPU_SORTING: 34236.370900857735
  CPU_ENCRYPTION: 17123.921007260178
  CPU_COMPRESSION: 252298.89677857611
  CPU_SINGLETHREAD: 2387.7407850236127
  CPU_PHYSICS: 1946.405972455532
  CPU_MATRIX_MULT_SSE: 14895.29874686286
  CPU_mm: 1795.4373406674513
  CPU_sse: 7636.1071333902646
  CPU_fma: 20731.840270978235
  CPU_avx: 16317.948836220075
  CPU_avx512: 0
  m_CPU_enc_SHA: 24830548305.051132
  m_CPU_enc_AES: 15881023076.53684
  m_CPU_enc_ECDSA: 13155626400.738592
  ME_ALLOC_S: 6769.1560094361594
  ME_READ_S: 24426.278125000001
  ME_READ_L: 18130.763671875
  ME_WRITE: 17776.421875
  ME_LARGE: 118607.5
  ME_LATENCY: 67.882650368904933
  ME_THREADED: 38108.4853515625
  SUMM_CPU: 21375.216137149022
  SUMM_ME: 2560.2690708266905
SystemInformation:
  OSName: Ubuntu 24.04.1 LTS
  Kernel: 6.8.0-1017-azure
  Device: ""
  Processor: AMD EPYC 7763 64-Core Processor
  NumSockets: 1
  Manufacturer: AuthenticAMD
  NumCores: 8
  NumLogicals: 16
  CPUFrequency: 0
  Memory: 128809
  MemModuleInfo:
    iNumMemSticks: 3
    DIMM 1:
      manufacturer: Microsoft Corporation
      modulePartNo: None
      memType: Unknown
      size: 1
      clkspeed: 0
      moduleVoltage: 0
    DIMM 2:
      manufacturer: Microsoft Corporation
      modulePartNo: None
      memType: Unknown
      size: 59
      clkspeed: 0
      moduleVoltage: 0
    DIMM 3:
      manufacturer: Microsoft Corporation
      modulePartNo: None
      memType: Unknown
      size: 68
      clkspeed: 0
      moduleVoltage: 0
Checksum: 2F0E97BD9956F5CB31E998CA2B5B620C6CDC6D1A