BaselineInfo:
  WebDBID: -1
  TimeStamp: 20241109094223
Version:
  Major: 11
  Minor: 0
  Build: 1002
  SpecialBuildName: ""
  ptArchitecture: x86_64_linux
Results:
  Results Complete: true
  NumTestProcesses: 24
  CPU_INTEGER_MATH: 68140.475000000006
  CPU_FLOATINGPOINT_MATH: 36491.400776994131
  CPU_PRIME: 106.737514908061
  CPU_SORTING: 34873.490565593624
  CPU_ENCRYPTION: 9357.3585390834833
  CPU_COMPRESSION: 297515.26772718207
  CPU_SINGLETHREAD: 1814.3580122060603
  CPU_PHYSICS: 2082.0596824730255
  CPU_MATRIX_MULT_SSE: 18716.82980060095
  CPU_mm: 2071.9855669020412
  CPU_sse: 7403.5615074700745
  CPU_fma: 21987.217492985568
  CPU_avx: 15528.397765330819
  CPU_avx512: 29948.142436617331
  m_CPU_enc_SHA: 3074816668.5704403
  m_CPU_enc_AES: 23612689895.132229
  m_CPU_enc_ECDSA: 2748198198.7313395
  ME_ALLOC_S: 8149.7234251889868
  ME_READ_S: 22202.373046875
  ME_READ_L: 10877.294921875
  ME_WRITE: 10487.720703125
  ME_LARGE: 180527.91666666666
  ME_LATENCY: 52.153499560298371
  ME_THREADED: 107497.44091796875
  SUMM_CPU: 20289.306242063711
  SUMM_ME: 2627.2996402604813
SystemInformation:
  OSName: Ubuntu 24.04.1 LTS
  Kernel: 6.8.0-1016-aws
  Device: ""
  Processor: Intel Xeon Platinum 8259CL CPU @ 2.50GHz
  NumSockets: 1
  Manufacturer: GenuineIntel
  NumCores: 12
  NumLogicals: 24
  CPUFrequency: 0
  Memory: 191175
  MemModuleInfo:
    iNumMemSticks: 1
    DIMM 1:
      manufacturer: Not Specified
      modulePartNo: Not Specified
      memType: DDR4
      size: 192
      clkspeed: 1600
      moduleVoltage: 0
Checksum: 7BF9311A84EDF10DC3DB8D33B4EE6E454FCA49EA