BaselineInfo:
  WebDBID: -1
  TimeStamp: 20251016201528
Version:
  Major: 11
  Minor: 0
  Build: 1002
  SpecialBuildName: ""
  ptArchitecture: x86_64_linux
Results:
  Results Complete: true
  NumTestProcesses: 16
  CPU_INTEGER_MATH: 82770.001333333334
  CPU_FLOATINGPOINT_MATH: 66562.105468302121
  CPU_PRIME: 236.85846433067661
  CPU_SORTING: 48100.436630787721
  CPU_ENCRYPTION: 17771.071202832398
  CPU_COMPRESSION: 348512.2112663489
  CPU_SINGLETHREAD: 2352.9021258803132
  CPU_PHYSICS: 4235.3474627769692
  CPU_MATRIX_MULT_SSE: 30827.991064365109
  CPU_mm: 3125.9268561955982
  CPU_sse: 14102.316839649842
  CPU_fma: 46334.570128436309
  CPU_avx: 32047.086225009163
  CPU_avx512: 0
  m_CPU_enc_SHA: 25143016227.463318
  m_CPU_enc_AES: 15910093158.638281
  m_CPU_enc_ECDSA: 14849846886.641953
  ME_ALLOC_S: 13116.517999862754
  ME_READ_S: 23302.464648437501
  ME_READ_L: 15119.3720703125
  ME_WRITE: 16104.7587890625
  ME_LARGE: 21387.75
  ME_LATENCY: 71.403464882710054
  ME_THREADED: 146622.591796875
  SUMM_CPU: 30149.721003543065
  SUMM_ME: 2481.5960178492687
SystemInformation:
  OSName: Ubuntu 24.04.2 LTS
  Kernel: 6.8.0-71-generic
  Device: ""
  Processor: AMD EPYC-Rome Processor
  NumSockets: 1
  Manufacturer: AuthenticAMD
  NumCores: 16
  NumLogicals: 16
  CPUFrequency: 0
  Memory: 31337
  MemModuleInfo:
    iNumMemSticks: 2
    DIMM 1:
      manufacturer: QEMU
      modulePartNo: Not Specified
      memType: RAM
      size: 16
      clkspeed: 0
      moduleVoltage: 0
    DIMM 2:
      manufacturer: QEMU
      modulePartNo: Not Specified
      memType: RAM
      size: 15616
      clkspeed: 0
      moduleVoltage: 0
Checksum: 86E4A37EECCA9836A70463A2B3DB9A3CFDEDB37C