---
system-info:
      stress-ng-version: 0.17.08
      run-by: root
      date-yyyy-mm-dd: 2024:06:14
      time-hh-mm-ss: 07:41:29
      epoch-secs: 1718350889
      hostname: 8341596a7c9d
      sysname: Linux
      nodename: 8341596a7c9d
      release: 6.8.0-1008-aws
      version: '#8-Ubuntu SMP Sat Apr 20 00:46:25 UTC 2024'
      machine: x86_64
      compiler: 'musl-gcc 13.2.1'
      uptime: 139
      totalram: 1980796928
      freeram: 156708864
      sharedram: 7581696
      bufferram: 97087488
      totalswap: 0
      freeswap: 0
      pagesize: 4096
      cpus: 1
      cpus-online: 1
      ticks-per-second: 100

metrics:
    - stressor: cpu
      bogo-ops: 60602
      bogo-ops-per-second-usr-sys-time: 3077.106807
      bogo-ops-per-second-real-time: 3030.089236
      wall-clock-time: 20.000071
      user-time: 19.691500
      system-time: 0.002974
      cpu-usage-per-instance: 98.472020
      max-rss: 976

...
