---
system-info:
      stress-ng-version: 0.17.08
      run-by: root
      date-yyyy-mm-dd: 2024:06:06
      time-hh-mm-ss: 14:20:42
      epoch-secs: 1717683642
      hostname: a21a62c1d6b9
      sysname: Linux
      nodename: a21a62c1d6b9
      release: 6.8.0-1008-aws
      version: '#8-Ubuntu SMP Sat Apr 20 00:46:25 UTC 2024'
      machine: x86_64
      compiler: 'musl-gcc 13.2.1'
      uptime: 118
      totalram: 1980801024
      freeram: 158425088
      sharedram: 7581696
      bufferram: 72843264
      totalswap: 0
      freeswap: 0
      pagesize: 4096
      cpus: 1
      cpus-online: 1
      ticks-per-second: 100

metrics:
    - stressor: cpu
      bogo-ops: 17556
      bogo-ops-per-second-usr-sys-time: 1781.576996
      bogo-ops-per-second-real-time: 1754.892236
      wall-clock-time: 10.004033
      user-time: 9.853200
      system-time: 0.000991
      cpu-usage-per-instance: 98.502183
      max-rss: 3920

...
