---
system-info:
      stress-ng-version: 0.17.08
      run-by: root
      date-yyyy-mm-dd: 2024:09:19
      time-hh-mm-ss: 07:47:09
      epoch-secs: 1726732029
      hostname: sc-runner
      sysname: Linux
      nodename: sc-runner
      release: 6.8.0-1014-azure
      version: '#16-Ubuntu SMP Thu Aug 15 20:04:41 UTC 2024'
      machine: x86_64
      compiler: 'musl-gcc 13.2.1'
      uptime: 350
      totalram: 168787070976
      freeram: 158308679680
      sharedram: 42184704
      bufferram: 247717888
      totalswap: 0
      freeswap: 0
      pagesize: 4096
      cpus: 20
      cpus-online: 20
      ticks-per-second: 100

metrics:
    - stressor: cpu
      bogo-ops: 371178
      bogo-ops-per-second-usr-sys-time: 929.026050
      bogo-ops-per-second-real-time: 18558.821671
      wall-clock-time: 20.000084
      user-time: 399.519554
      system-time: 0.014991
      cpu-usage-per-instance: 99.883215
      max-rss: 1140

...
