BaselineInfo:
  WebDBID: -1
  TimeStamp: 20241107092019
Version:
  Major: 11
  Minor: 0
  Build: 1002
  SpecialBuildName: ""
  ptArchitecture: x86_64_linux
Results:
  Results Complete: true
  NumTestProcesses: 4
  CPU_INTEGER_MATH: 16572.133666666665
  CPU_FLOATINGPOINT_MATH: 9176.3431322920205
  CPU_PRIME: 39.894241109718891
  CPU_SORTING: 9185.1198393637587
  CPU_ENCRYPTION: 4301.0300227396538
  CPU_COMPRESSION: 65777.603526958381
  CPU_SINGLETHREAD: 2384.1117233643627
  CPU_PHYSICS: 773.7739556227998
  CPU_MATRIX_MULT_SSE: 3620.2607653236723
  CPU_mm: 448.43238415814278
  CPU_sse: 1904.2837427522916
  CPU_fma: 5191.6597691111383
  CPU_avx: 3764.8387841075873
  CPU_avx512: 0
  m_CPU_enc_SHA: 6235956871.7650805
  m_CPU_enc_AES: 3994543301.8939252
  m_CPU_enc_ECDSA: 3299370397.7137613
  ME_ALLOC_S: 1866.727319231562
  ME_READ_S: 24402.111718749999
  ME_READ_L: 20342.69140625
  ME_WRITE: 19778.78125
  ME_LARGE: 6063
  ME_LATENCY: 62.936618036802201
  ME_THREADED: 39186.7138671875
  SUMM_CPU: 6211.1020983241388
  SUMM_ME: 2272.7857316321388
SystemInformation:
  OSName: Ubuntu 24.04.1 LTS
  Kernel: 6.8.0-1017-azure
  Device: ""
  Processor: AMD EPYC 7763 64-Core Processor
  NumSockets: 1
  Manufacturer: AuthenticAMD
  NumCores: 2
  NumLogicals: 4
  CPUFrequency: 0
  Memory: 15989
  MemModuleInfo:
    iNumMemSticks: 2
    DIMM 1:
      manufacturer: Microsoft Corporation
      modulePartNo: None
      memType: Unknown
      size: 1
      clkspeed: 0
      moduleVoltage: 0
    DIMM 2:
      manufacturer: Microsoft Corporation
      modulePartNo: None
      memType: Unknown
      size: 15
      clkspeed: 0
      moduleVoltage: 0
Checksum: 9F2D2EFF2C1908B65F823D8D24C6D7474057FA2B