"size","threads","connections","rps","latency","failed","server_usr","server_sys","client_usr","client_sys"
"1k",4,4,82594,0.000048400,0,7.80,14.74,2.95,14.69
"1k",4,8,89839,0.000094640,0,8.08,14.57,2.77,14.58
"1k",4,16,97733,0.000158580,0,8.79,14.21,2.75,14.38
"1k",4,32,103940,0.000344710,0,9.41,13.94,2.82,13.90
"1k",4,64,107281,0.000654430,0,9.86,13.40,2.97,13.62
"1k",4,128,110010,0.001180000,0,10.24,13.35,2.95,13.32
"1k",8,8,82234,0.000101830,0,7.44,14.77,2.91,14.80
"1k",8,16,91270,0.000185610,0,8.35,14.18,2.91,14.66
"1k",8,32,94221,0.000415050,0,8.47,13.98,2.81,14.55
"1k",8,64,97329,0.000729360,0,8.79,13.72,2.99,14.36
"1k",8,128,100337,0.001310000,0,9.25,13.60,3.04,13.98
"1k",16,16,84955,0.000203430,0,7.87,14.26,3.03,14.94
"1k",16,32,87655,0.000419550,0,7.99,14.23,2.91,15.00
"1k",16,64,88767,0.000762180,0,7.99,14.37,2.93,14.91
"1k",16,128,91506,0.001400000,0,8.33,14.18,2.96,14.65
"16k",4,4,69103,0.000058490,0,7.54,14.08,2.66,15.42
"16k",4,8,75201,0.000104270,0,7.94,14.29,2.68,15.19
"16k",4,16,79365,0.000192600,0,8.31,14.14,2.64,15.08
"16k",4,32,85595,0.000395600,0,8.86,13.88,2.78,14.61
"16k",4,64,88354,0.000749730,0,9.26,13.35,2.77,14.46
"16k",4,128,90831,0.001380000,0,9.64,13.24,2.79,14.19
"16k",8,8,68251,0.000122620,0,7.39,14.30,2.85,15.21
"16k",8,16,73850,0.000227730,0,7.78,14.13,2.82,15.37
"16k",8,32,76709,0.000539650,0,8.11,13.70,2.84,15.12
"16k",8,64,80448,0.000860000,0,8.44,13.61,2.89,14.92
"16k",8,128,83211,0.001550000,0,8.71,13.54,2.88,14.77
"16k",16,16,71839,0.000233600,0,7.63,14.25,3.00,15.24
"16k",16,32,71319,0.000497230,0,7.60,13.83,2.97,15.40
"16k",16,64,72101,0.000940000,0,7.67,13.89,2.87,15.40
"16k",16,128,75030,0.001700000,0,8.00,13.98,2.89,15.31
"64k",4,4,44571,0.000089630,0,6.23,14.20,2.46,16.61
"64k",4,8,47120,0.000167900,0,6.57,14.68,2.56,16.14
"64k",4,16,48908,0.000303290,0,6.93,14.69,2.41,16.10
"64k",4,32,50664,0.000580440,0,7.08,14.60,2.51,15.82
"64k",4,64,54114,0.001150000,0,7.25,14.57,2.32,15.74
"64k",4,128,53996,0.002120000,0,7.28,14.29,2.59,15.82
"64k",8,8,43681,0.000187540,0,6.14,14.91,2.43,16.52
"64k",8,16,45965,0.000357390,0,6.40,14.89,2.34,16.36
"64k",8,32,47712,0.000712520,0,6.63,14.57,2.49,16.12
"64k",8,64,49247,0.001320000,0,6.66,14.66,2.58,15.98
"64k",8,128,51439,0.002440000,0,7.01,14.56,2.34,16.00
"64k",16,16,45279,0.000362600,0,6.41,14.68,2.63,16.46
"64k",16,32,45039,0.000720470,0,6.34,14.93,2.48,16.43
"64k",16,64,46291,0.001390000,0,6.37,14.92,2.48,16.42
"64k",16,128,47045,0.002700000,0,6.45,14.90,2.45,16.10
"256k",4,4,19417,0.000204970,0,7.34,15.54,2.09,15.04
"256k",4,8,19674,0.000396480,0,3.81,19.93,1.97,14.33
"256k",4,16,19842,0.000786410,0,5.14,18.63,1.90,14.12
"256k",4,32,20109,0.001530000,0,4.97,18.93,1.86,14.07
"256k",4,64,20552,0.002960000,0,5.19,19.02,1.90,13.84
"256k",8,8,19121,0.000417790,0,5.45,17.87,1.95,14.77
"256k",8,16,19361,0.000828450,0,5.20,18.37,1.88,14.36
"256k",8,32,19449,0.001640000,0,5.03,18.70,1.98,14.16
"256k",8,64,19749,0.003180000,0,4.98,18.86,1.82,14.27
"256k",16,16,19116,0.000834780,0,5.17,18.27,2.01,14.59
"256k",16,32,19154,0.001670000,0,4.90,18.63,1.89,14.45
"256k",16,64,19291,0.003300000,0,5.08,18.49,1.91,14.43
"512k",4,4,10837,0.000367550,0,6.20,16.09,1.87,16.00
"512k",4,8,11297,0.000671170,0,3.69,20.99,1.74,13.64
"512k",4,16,11328,0.001370000,0,4.49,20.11,1.70,13.50
"512k",4,32,11370,0.002700000,0,4.79,20.07,1.63,13.40
"512k",4,64,11193,0.005530000,0,4.83,20.03,1.73,13.37
"512k",8,8,11179,0.000712780,0,5.74,18.39,1.86,14.14
"512k",8,16,11047,0.001440000,0,4.56,19.93,1.68,13.69
"512k",8,32,11162,0.002820000,0,4.69,19.90,1.74,13.57
"512k",8,64,11159,0.005660000,0,4.72,19.94,1.78,13.50
"512k",16,16,11118,0.001440000,0,4.79,19.47,1.82,13.81
"512k",16,32,11087,0.002870000,0,4.54,19.84,1.80,13.72
"512k",16,64,10978,0.005790000,0,4.67,19.76,1.70,13.82
