BaselineInfo:
  WebDBID: -1
  TimeStamp: 20250211052231
Version:
  Major: 11
  Minor: 0
  Build: 1002
  SpecialBuildName: ""
  ptArchitecture: x86_64_linux
Results:
  Results Complete: true
  NumTestProcesses: 2
  CPU_INTEGER_MATH: 9524.1766666666663
  CPU_FLOATINGPOINT_MATH: 6759.7973414058488
  CPU_PRIME: 19.954670928974309
  CPU_SORTING: 4845.3556315664482
  CPU_ENCRYPTION: 2113.394786406915
  CPU_COMPRESSION: 35943.472633531375
  CPU_SINGLETHREAD: 2891.5234969878097
  CPU_PHYSICS: 472.76223324799383
  CPU_MATRIX_MULT_SSE: 2770.0477759955147
  CPU_mm: 269.35240295952985
  CPU_sse: 1167.9038665278958
  CPU_fma: 3334.45256135099
  CPU_avx: 2457.5256213110306
  CPU_avx512: 4120.3090547921411
  m_CPU_enc_SHA: 2220968867.3094487
  m_CPU_enc_AES: 2883666059.1095605
  m_CPU_enc_ECDSA: 1543530228.2352424
  ME_ALLOC_S: 1624.7531120212377
  ME_READ_S: 26441.367773437501
  ME_READ_L: 10228.5849609375
  ME_WRITE: 9547.796875
  ME_LARGE: 53275
  ME_LATENCY: 56.644913756149037
  ME_THREADED: 15743.33056640625
  SUMM_CPU: 3763.6797670577107
  SUMM_ME: 2065.9713874915728
SystemInformation:
  OSName: Ubuntu 24.04.1 LTS
  Kernel: 6.8.0-1021-azure
  Device: ""
  Processor: INTEL XEON PLATINUM 8573C
  NumSockets: 1
  Manufacturer: GenuineIntel
  NumCores: 1
  NumLogicals: 2
  CPUFrequency: 2300
  Memory: 64301
  MemModuleInfo:
    iNumMemSticks: 3
    DIMM 1:
      manufacturer: Microsoft Corporation
      modulePartNo: None
      memType: Unknown
      size: 1
      clkspeed: 0
      moduleVoltage: 0
    DIMM 2:
      manufacturer: Microsoft Corporation
      modulePartNo: None
      memType: Unknown
      size: 59
      clkspeed: 0
      moduleVoltage: 0
    DIMM 3:
      manufacturer: Microsoft Corporation
      modulePartNo: None
      memType: Unknown
      size: 4
      clkspeed: 0
      moduleVoltage: 0
Checksum: 5C1162ACADF6D95F4C42F16F8841BAFDE8203FFF