BaselineInfo:
  WebDBID: -1
  TimeStamp: 20241108065942
Version:
  Major: 11
  Minor: 0
  Build: 1002
  SpecialBuildName: ""
  ptArchitecture: x86_64_linux
Results:
  Results Complete: true
  NumTestProcesses: 8
  CPU_INTEGER_MATH: 41377.900666666668
  CPU_FLOATINGPOINT_MATH: 29457.976625275551
  CPU_PRIME: 92.097441434297409
  CPU_SORTING: 20793.154529584328
  CPU_ENCRYPTION: 9115.8131884723589
  CPU_COMPRESSION: 149484.5105986805
  CPU_SINGLETHREAD: 3155.398186733933
  CPU_PHYSICS: 1992.4956873262629
  CPU_MATRIX_MULT_SSE: 11449.066758330786
  CPU_mm: 1161.9316509515006
  CPU_sse: 5018.0887454394187
  CPU_fma: 12390.647716350904
  CPU_avx: 10497.651153239885
  CPU_avx512: 17889.879418292938
  m_CPU_enc_SHA: 9653959125.162075
  m_CPU_enc_AES: 12517403919.545296
  m_CPU_enc_ECDSA: 6504505745.0394039
  ME_ALLOC_S: 4612.8637138376853
  ME_READ_S: 28751.878320312499
  ME_READ_L: 9766.5576171875
  ME_WRITE: 14429.2373046875
  ME_LARGE: 53130.75
  ME_LATENCY: 74.520332372033735
  ME_THREADED: 53880.0205078125
  SUMM_CPU: 15295.50420967531
  SUMM_ME: 2255.395544676398
SystemInformation:
  OSName: Ubuntu 24.04.1 LTS
  Kernel: 6.8.0-1016-aws
  Device: ""
  Processor: Intel Xeon Gold 6455B
  NumSockets: 1
  Manufacturer: GenuineIntel
  NumCores: 4
  NumLogicals: 8
  CPUFrequency: 0
  Memory: 63260
  MemModuleInfo:
    iNumMemSticks: 1
    DIMM 1:
      manufacturer: Not Specified
      modulePartNo: Not Specified
      memType: DDR5
      size: 64
      clkspeed: 2400
      moduleVoltage: 0
Checksum: 2987E25A4627B9ADBD510363918D32BFB89ACEDA