---
system-info:
      stress-ng-version: 0.17.08
      run-by: root
      date-yyyy-mm-dd: 2024:09:13
      time-hh-mm-ss: 20:31:00
      epoch-secs: 1726259460
      hostname: ip-172-31-25-150
      sysname: Linux
      nodename: ip-172-31-25-150
      release: 6.8.0-1014-aws
      version: '#15-Ubuntu SMP Thu Aug  8 20:05:03 UTC 2024'
      machine: aarch64
      compiler: 'musl-gcc 13.2.1'
      uptime: 211
      totalram: 1069025275904
      freeram: 1058311303168
      sharedram: 34955264
      bufferram: 224686080
      totalswap: 0
      freeswap: 0
      pagesize: 4096
      cpus: 64
      cpus-online: 64
      ticks-per-second: 100

metrics:
    - stressor: cpu
      bogo-ops: 30390
      bogo-ops-per-second-usr-sys-time: 1519.452137
      bogo-ops-per-second-real-time: 1519.490345
      wall-clock-time: 20.000127
      user-time: 20.000630
      system-time: 0.000000
      cpu-usage-per-instance: 100.002515
      max-rss: 512

...
