BaselineInfo:
  WebDBID: -1
  TimeStamp: 20260619235233
Version:
  Major: 11
  Minor: 0
  Build: 1004
  SpecialBuildName: ""
  ptArchitecture: x86_64_linux
Results:
  Results Complete: true
  NumTestProcesses: 8
  CPU_INTEGER_MATH: 53735.261333333328
  CPU_FLOATINGPOINT_MATH: 32737.27159353203
  CPU_PRIME: 132.78992769642676
  CPU_SORTING: 25870.694370810965
  CPU_ENCRYPTION: 10811.022422974318
  CPU_COMPRESSION: 196592.54683600878
  CPU_SINGLETHREAD: 3856.3195438170537
  CPU_PHYSICS: 2011.4837594381729
  CPU_MATRIX_MULT_SSE: 15280.116978211618
  CPU_mm: 1462.3904318485172
  CPU_sse: 5495.2920844301088
  CPU_fma: 16525.003349454513
  CPU_avx: 16029.28187871342
  CPU_avx512: 23070.890600248415
  m_CPU_enc_SHA: 13527177577.335773
  m_CPU_enc_AES: 11078028982.912251
  m_CPU_enc_ECDSA: 9403329384.3301353
  ME_ALLOC_S: 5295.6269956803271
  ME_READ_S: 34341.627343749999
  ME_READ_L: 31049.236328125
  ME_WRITE: 31028.71875
  ME_LARGE: 120412.66666666667
  ME_LATENCY: 80.982086196066419
  ME_THREADED: 51683.0185546875
  SUMM_CPU: 19052.76397691045
  SUMM_ME: 2697.3620645597289
SystemInformation:
  OSName: Ubuntu 24.04.4 LTS
  Kernel: 6.17.0-1018-azure
  Device: ""
  Processor: "AMD EPYC 9V45 96-Core Processor                "
  NumSockets: 1
  Manufacturer: AuthenticAMD
  NumCores: 4
  NumLogicals: 8
  CPUFrequency: 0
  CPUMaxFrequency: 0
  Memory: 128812
  CPUInfo:
    number: 1
    Family: 15
    Model: 2
    stepping: 1
    features: 395049983
    manufacture: AuthenticAMD
    typestring: "AMD EPYC 9V45 96-Core Processor                "
    iCoresPerPackage: 8
    iThreadsPerPackage: 2
    featuresEx:
      - 395049983
      - 4277809667
      - 802421759
    bHybrid: false
    nPCore: 0
    nLogicalsPerPCore: 0
    nECore: 0
    nLogicalsPerECore: 0
  MemModuleInfo:
    iNumMemSticks: 3
    DIMM 1:
      manufacturer: Microsoft Corporation
      modulePartNo: None
      memType: Unknown
      size: 1
      clkspeed: 0
      moduleVoltage: 0
    DIMM 2:
      manufacturer: Microsoft Corporation
      modulePartNo: None
      memType: Unknown
      size: 59
      clkspeed: 0
      moduleVoltage: 0
    DIMM 3:
      manufacturer: Microsoft Corporation
      modulePartNo: None
      memType: Unknown
      size: 68
      clkspeed: 0
      moduleVoltage: 0
Checksum: 93F42F27E274F68BAEDAF19528627469D26E8FCC