---
system-info:
      stress-ng-version: 0.17.08
      run-by: root
      date-yyyy-mm-dd: 2024:06:15
      time-hh-mm-ss: 13:56:29
      epoch-secs: 1718459789
      hostname: 4a8d4b0731d6
      sysname: Linux
      nodename: 4a8d4b0731d6
      release: 6.8.0-1008-aws
      version: '#8-Ubuntu SMP Sat Apr 20 00:46:25 UTC 2024'
      machine: x86_64
      compiler: 'musl-gcc 13.2.1'
      uptime: 177
      totalram: 32084500480
      freeram: 27734966272
      sharedram: 27541504
      bufferram: 110452736
      totalswap: 0
      freeswap: 0
      pagesize: 4096
      cpus: 4
      cpus-online: 4
      ticks-per-second: 100

metrics:
    - stressor: cpu
      bogo-ops: 25275
      bogo-ops-per-second-usr-sys-time: 1263.874049
      bogo-ops-per-second-real-time: 1263.746490
      wall-clock-time: 20.000056
      user-time: 19.998037
      system-time: 0.000000
      cpu-usage-per-instance: 99.989907
      max-rss: 1104

...
