---
system-info:
      stress-ng-version: 0.17.08
      run-by: root
      date-yyyy-mm-dd: 2024:06:09
      time-hh-mm-ss: 11:30:22
      epoch-secs: 1717932622
      hostname: 94a0cf7ae7b8
      sysname: Linux
      nodename: 94a0cf7ae7b8
      release: 6.8.0-1008-aws
      version: '#8-Ubuntu SMP Sat Apr 20 00:46:25 UTC 2024'
      machine: x86_64
      compiler: 'musl-gcc 13.2.1'
      uptime: 171
      totalram: 32084471808
      freeram: 27627585536
      sharedram: 27541504
      bufferram: 107573248
      totalswap: 0
      freeswap: 0
      pagesize: 4096
      cpus: 4
      cpus-online: 4
      ticks-per-second: 100

metrics:
    - stressor: cpu
      bogo-ops: 14313
      bogo-ops-per-second-usr-sys-time: 1431.297996
      bogo-ops-per-second-real-time: 1431.188250
      wall-clock-time: 10.000781
      user-time: 9.999015
      system-time: 0.000999
      cpu-usage-per-instance: 99.992332
      max-rss: 3920

...
