size_kb,operation,bandwidth_mb_s,latency_ns,latency_stddev_ns,latency_samples,threads,iterations,elapsed_s
16,read,325680.05,0,0,0,4,726744,0.139467
16,write,212172.79,0,0,0,4,432525,0.127409
16,copy,195647.51,0,0,0,4,307881,0.098353
16,latency,0,1.26,0.00,7,1,7,0.091472
64,read,235062.80,0,0,0,4,167448,0.178089
64,write,155518.85,0,0,0,4,136911,0.220087
64,copy,134953.10,0,0,0,4,100684,0.186517
64,latency,0,3.47,0.01,7,1,7,0.696774
2048,read,92897.76,0,0,0,4,2425,0.208832
2048,write,90963.19,0,0,0,4,2155,0.189527
2048,copy,46208.08,0,0,0,4,1117,0.193386
2048,latency,0,17.49,0.13,7,1,7,0.689023
4096,read,89980.71,0,0,0,4,1162,0.206622
4096,write,87882.74,0,0,0,4,819,0.149108
4096,copy,31442.81,0,0,0,4,380,0.193367
4096,latency,0,21.24,0.16,7,1,7,0.687843
8192,read,58550.46,0,0,0,4,402,0.219708
8192,write,51355.03,0,0,0,4,343,0.213728
8192,copy,21605.18,0,0,0,4,181,0.268084
8192,latency,0,27.35,4.37,21,1,21,2.316306
16384,read,39554.49,0,0,0,4,171,0.276682
16384,write,31832.46,0,0,0,4,162,0.325705
16384,copy,18334.56,0,0,0,4,81,0.282745
16384,latency,0,75.98,5.03,21,1,21,1.948574
32768,read,33976.57,0,0,0,4,75,0.282548
32768,write,28847.84,0,0,0,4,68,0.301721
32768,copy,17578.77,0,0,0,4,39,0.283979
32768,latency,0,95.32,1.64,7,1,7,2.139880
65536,read,29051.19,0,0,0,4,36,0.317233
65536,write,23362.56,0,0,0,4,31,0.339689
65536,copy,17491.07,0,0,0,4,19,0.278085
65536,latency,0,100.54,0.35,7,1,7,4.572696
