---
system-info:
      stress-ng-version: 0.17.08
      run-by: root
      date-yyyy-mm-dd: 2024:06:12
      time-hh-mm-ss: 19:42:12
      epoch-secs: 1718221332
      hostname: 72e424694ff5
      sysname: Linux
      nodename: 72e424694ff5
      release: 6.8.0-1008-aws
      version: '#8-Ubuntu SMP Sat Apr 20 00:46:25 UTC 2024'
      machine: x86_64
      compiler: 'musl-gcc 13.2.1'
      uptime: 150
      totalram: 200414715904
      freeram: 195583266816
      sharedram: 20434944
      bufferram: 112582656
      totalswap: 0
      freeswap: 0
      pagesize: 4096
      cpus: 96
      cpus-online: 96
      ticks-per-second: 100

metrics:
    - stressor: cpu
      bogo-ops: 15072
      bogo-ops-per-second-usr-sys-time: 753.605727
      bogo-ops-per-second-real-time: 753.592526
      wall-clock-time: 20.000198
      user-time: 19.999848
      system-time: 0.000000
      cpu-usage-per-instance: 99.998248
      max-rss: 768

...
