---
system-info:
      stress-ng-version: 0.17.08
      run-by: root
      date-yyyy-mm-dd: 2024:06:05
      time-hh-mm-ss: 17:51:58
      epoch-secs: 1717609918
      hostname: f39c49730f8a
      sysname: Linux
      nodename: f39c49730f8a
      release: 6.8.0-1008-aws
      version: '#8-Ubuntu SMP Sat Apr 20 00:46:25 UTC 2024'
      machine: x86_64
      compiler: 'musl-gcc 13.2.1'
      uptime: 127
      totalram: 200431517696
      freeram: 195828883456
      sharedram: 20434944
      bufferram: 78692352
      totalswap: 0
      freeswap: 0
      pagesize: 4096
      cpus: 96
      cpus-online: 96
      ticks-per-second: 100

metrics:
    - stressor: cpu
      bogo-ops: 13689
      bogo-ops-per-second-usr-sys-time: 1368.258150
      bogo-ops-per-second-real-time: 1368.248482
      wall-clock-time: 10.004762
      user-time: 10.004691
      system-time: 0.000000
      cpu-usage-per-instance: 99.999293
      max-rss: 3072

...
