---
system-info:
      stress-ng-version: 0.17.08
      run-by: root
      date-yyyy-mm-dd: 2024:06:12
      time-hh-mm-ss: 16:56:56
      epoch-secs: 1718211416
      hostname: 8ec407788567
      sysname: Linux
      nodename: 8ec407788567
      release: 6.8.0-1008-aws
      version: '#8-Ubuntu SMP Sat Apr 20 00:46:25 UTC 2024'
      machine: x86_64
      compiler: 'musl-gcc 13.2.1'
      uptime: 155
      totalram: 200431529984
      freeram: 195459362816
      sharedram: 20434944
      bufferram: 113160192
      totalswap: 0
      freeswap: 0
      pagesize: 4096
      cpus: 96
      cpus-online: 96
      ticks-per-second: 100

metrics:
    - stressor: cpu
      bogo-ops: 30963
      bogo-ops-per-second-usr-sys-time: 1548.087844
      bogo-ops-per-second-real-time: 1548.147619
      wall-clock-time: 20.000031
      user-time: 20.000803
      system-time: 0.000000
      cpu-usage-per-instance: 100.003861
      max-rss: 768

...
