BaselineInfo:
  WebDBID: -1
  TimeStamp: 20250212002548
Version:
  Major: 11
  Minor: 0
  Build: 1002
  SpecialBuildName: ""
  ptArchitecture: x86_64_linux
Results:
  Results Complete: true
  NumTestProcesses: 8
  CPU_INTEGER_MATH: 38253.048666666662
  CPU_FLOATINGPOINT_MATH: 27126.067762020168
  CPU_PRIME: 79.415019029685666
  CPU_SORTING: 19369.617604544816
  CPU_ENCRYPTION: 8455.0380189248172
  CPU_COMPRESSION: 138407.53121483512
  CPU_SINGLETHREAD: 2923.3606991375814
  CPU_PHYSICS: 1833.1152131048425
  CPU_MATRIX_MULT_SSE: 11558.64085805809
  CPU_mm: 1082.1608689185441
  CPU_sse: 4685.8989374585926
  CPU_fma: 13138.897501975003
  CPU_avx: 9852.8388998384144
  CPU_avx512: 18556.928092960352
  m_CPU_enc_SHA: 8908432793.2868633
  m_CPU_enc_AES: 11593114803.021511
  m_CPU_enc_ECDSA: 6095702240.8879566
  ME_ALLOC_S: 5263.6834902721175
  ME_READ_S: 26432.248046875
  ME_READ_L: 10455.3701171875
  ME_WRITE: 9637.7802734375
  ME_LARGE: 4939.25
  ME_LATENCY: 58.253420085379865
  ME_THREADED: 62828.947265625
  SUMM_CPU: 14260.832418520195
  SUMM_ME: 2138.9569262085161
SystemInformation:
  OSName: Ubuntu 24.04.1 LTS
  Kernel: 6.8.0-1021-azure
  Device: ""
  Processor: INTEL XEON PLATINUM 8573C
  NumSockets: 1
  Manufacturer: GenuineIntel
  NumCores: 4
  NumLogicals: 8
  CPUFrequency: 2300
  Memory: 15987
  MemModuleInfo:
    iNumMemSticks: 2
    DIMM 1:
      manufacturer: Microsoft Corporation
      modulePartNo: None
      memType: Unknown
      size: 1
      clkspeed: 0
      moduleVoltage: 0
    DIMM 2:
      manufacturer: Microsoft Corporation
      modulePartNo: None
      memType: Unknown
      size: 15
      clkspeed: 0
      moduleVoltage: 0
Checksum: 736A3787D51622119D0005B7E7EA52D659EA0B7C