BaselineInfo:
  WebDBID: -1
  TimeStamp: 20241108204659
Version:
  Major: 11
  Minor: 0
  Build: 1002
  SpecialBuildName: ""
  ptArchitecture: x86_64_linux
Results:
  Results Complete: true
  NumTestProcesses: 16
  CPU_INTEGER_MATH: 73669.22133333332
  CPU_FLOATINGPOINT_MATH: 40403.698107526696
  CPU_PRIME: 102.40317211619144
  CPU_SORTING: 38303.609199387116
  CPU_ENCRYPTION: 18979.807416469332
  CPU_COMPRESSION: 281949.49786254897
  CPU_SINGLETHREAD: 2643.553601336771
  CPU_PHYSICS: 2145.9241262451383
  CPU_MATRIX_MULT_SSE: 16487.100905747495
  CPU_mm: 1980.3324945033048
  CPU_sse: 8355.4613376897087
  CPU_fma: 23028.52744432912
  CPU_avx: 18077.313935223654
  CPU_avx512: 0
  m_CPU_enc_SHA: 27528461801.732121
  m_CPU_enc_AES: 17596046734.878696
  m_CPU_enc_ECDSA: 14580803087.984426
  ME_ALLOC_S: 7189.9971146434409
  ME_READ_S: 26526.671289062499
  ME_READ_L: 17014.68359375
  ME_WRITE: 17293.673828125
  ME_LARGE: 111474.41666666667
  ME_LATENCY: 66.727960258256871
  ME_THREADED: 39105
  SUMM_CPU: 23701.444437297661
  SUMM_ME: 2604.4458994020761
SystemInformation:
  OSName: Ubuntu 24.04.1 LTS
  Kernel: 6.8.0-1016-aws
  Device: ""
  Processor: AMD EPYC 7R13 Processor
  NumSockets: 1
  Manufacturer: AuthenticAMD
  NumCores: 8
  NumLogicals: 16
  CPUFrequency: 0
  Memory: 124072
  MemModuleInfo:
    iNumMemSticks: 1
    DIMM 1:
      manufacturer: Not Specified
      modulePartNo: Not Specified
      memType: DDR4
      size: 128
      clkspeed: 1600
      moduleVoltage: 0
Checksum: 33E7A2354DA3112121FD3028BA48A9D7A5ECE0F1