BaselineInfo:
  WebDBID: -1
  TimeStamp: 20251217232403
Version:
  Major: 11
  Minor: 0
  Build: 1002
  SpecialBuildName: ""
  ptArchitecture: aarch64_linux
Results:
  Results Complete: true
  NumTestProcesses: 2
  CPU_INTEGER_MATH: 10408.055666666667
  CPU_FLOATINGPOINT_MATH: 12089.866753800465
  CPU_PRIME: 34.729359928736734
  CPU_SORTING: 9200.254171836059
  CPU_ENCRYPTION: 373.47436243225053
  CPU_COMPRESSION: 13043.533348130495
  CPU_SINGLETHREAD: 1944.6418642582778
  CPU_PHYSICS: 683.49905643736486
  CPU_MATRIX_MULT_SSE: 1835.3940716285849
  CPU_mm: 227.74122740703976
  CPU_sse: 1439.3200464579231
  CPU_fma: 2231.4680967992467
  CPU_avx: 0
  CPU_avx512: 0
  m_CPU_enc_SHA: 591904055.47061706
  m_CPU_enc_AES: 213778664.69795376
  m_CPU_enc_ECDSA: 369166039.01670766
  ME_ALLOC_S: 3040.2179601235057
  ME_READ_S: 21185.572070312501
  ME_READ_L: 19976.677734375
  ME_WRITE: 21299.22265625
  ME_LARGE: 833.58333333333337
  ME_LATENCY: 44.763647581106454
  ME_THREADED: 38987.048828125
  SUMM_CPU: 1986.4373875364388
  SUMM_ME: 1391.684058097655
SystemInformation:
  OSName: Ubuntu 24.04.2 LTS
  Kernel: 6.14.0-1018-aws
  Device: ""
  Processor: ARM Neoverse-V2 2 Core 0 MHz
  NumSockets: 1
  Manufacturer: ARM
  NumCores: 2
  NumLogicals: 2
  CPUFrequency: 0
  Memory: 7760
Checksum: 06FD507156C0532A3BE7556895621C459F373EF2