---
system-info:
      stress-ng-version: 0.17.08
      run-by: root
      date-yyyy-mm-dd: 2024:06:15
      time-hh-mm-ss: 14:19:37
      epoch-secs: 1718461177
      hostname: c0104375f79f
      sysname: Linux
      nodename: c0104375f79f
      release: 6.8.0-1008-aws
      version: '#8-Ubuntu SMP Sat Apr 20 00:46:25 UTC 2024'
      machine: x86_64
      compiler: 'musl-gcc 13.2.1'
      uptime: 150
      totalram: 128684707840
      freeram: 124175982592
      sharedram: 48619520
      bufferram: 109072384
      totalswap: 0
      freeswap: 0
      pagesize: 4096
      cpus: 16
      cpus-online: 16
      ticks-per-second: 100

metrics:
    - stressor: cpu
      bogo-ops: 166767
      bogo-ops-per-second-usr-sys-time: 522.063558
      bogo-ops-per-second-real-time: 8338.273095
      wall-clock-time: 20.000184
      user-time: 319.420140
      system-time: 0.017977
      cpu-usage-per-instance: 99.823491
      max-rss: 1104

...
