---
system-info:
      stress-ng-version: 0.17.08
      run-by: root
      date-yyyy-mm-dd: 2024:06:09
      time-hh-mm-ss: 11:43:50
      epoch-secs: 1717933430
      hostname: 4a007567e2fb
      sysname: Linux
      nodename: 4a007567e2fb
      release: 6.8.0-1008-aws
      version: '#8-Ubuntu SMP Sat Apr 20 00:46:25 UTC 2024'
      machine: x86_64
      compiler: 'musl-gcc 13.2.1'
      uptime: 165
      totalram: 128684642304
      freeram: 124020854784
      sharedram: 48619520
      bufferram: 107286528
      totalswap: 0
      freeswap: 0
      pagesize: 4096
      cpus: 16
      cpus-online: 16
      ticks-per-second: 100

metrics:
    - stressor: cpu
      bogo-ops: 128269
      bogo-ops-per-second-usr-sys-time: 803.209879
      bogo-ops-per-second-real-time: 12824.886587
      wall-clock-time: 10.001570
      user-time: 159.664540
      system-time: 0.030956
      cpu-usage-per-instance: 99.794018
      max-rss: 4176

...
