BaselineInfo:
  WebDBID: -1
  TimeStamp: 20241108070527
Version:
  Major: 11
  Minor: 0
  Build: 1002
  SpecialBuildName: ""
  ptArchitecture: x86_64_linux
Results:
  Results Complete: true
  NumTestProcesses: 4
  CPU_INTEGER_MATH: 9667.6440000000002
  CPU_FLOATINGPOINT_MATH: 6101.2972893409014
  CPU_PRIME: 26.67788017370431
  CPU_SORTING: 6337.6577069375508
  CPU_ENCRYPTION: 936.90482314772134
  CPU_COMPRESSION: 43100.402631297045
  CPU_SINGLETHREAD: 1724.20004789272
  CPU_PHYSICS: 469.76323308728934
  CPU_MATRIX_MULT_SSE: 2131.346783050697
  CPU_mm: 291.78211479291207
  CPU_sse: 1197.9061333347163
  CPU_fma: 3045.8613587928066
  CPU_avx: 2150.2728570245681
  CPU_avx512: 0
  m_CPU_enc_SHA: 423209168.72737372
  m_CPU_enc_AES: 2142151366.8483448
  m_CPU_enc_ECDSA: 381887199.93511647
  ME_ALLOC_S: 1210.1539209666494
  ME_READ_S: 19410.58203125
  ME_READ_L: 9712.13671875
  ME_WRITE: 7220.1640625
  ME_LARGE: 18247.666666666668
  ME_LATENCY: 54.691051483900516
  ME_THREADED: 22690.0537109375
  SUMM_CPU: 3253.5688303011516
  SUMM_ME: 1899.3695744579088
SystemInformation:
  OSName: Ubuntu 24.04.1 LTS
  Kernel: 6.8.0-1016-aws
  Device: ""
  Processor: Intel Xeon CPU E5-2686 v4 @ 2.30GHz
  NumSockets: 1
  Manufacturer: GenuineIntel
  NumCores: 2
  NumLogicals: 4
  CPUFrequency: 3000
  Memory: 30582
  MemModuleInfo:
    iNumMemSticks: 2
    DIMM 1:
      manufacturer: Not Specified
      modulePartNo: Not Specified
      memType: RAM
      size: 16
      clkspeed: 0
      moduleVoltage: 0
    DIMM 2:
      manufacturer: Not Specified
      modulePartNo: Not Specified
      memType: RAM
      size: 14848
      clkspeed: 0
      moduleVoltage: 0
Checksum: B6C5A1DD9D64775DD115007EECAA6AB665F0EE7C