BaselineInfo:
  WebDBID: -1
  TimeStamp: 20241107144933
Version:
  Major: 11
  Minor: 0
  Build: 1002
  SpecialBuildName: ""
  ptArchitecture: x86_64_linux
Results:
  Results Complete: true
  NumTestProcesses: 8
  CPU_INTEGER_MATH: 41558.761333333328
  CPU_FLOATINGPOINT_MATH: 33594.706642126883
  CPU_PRIME: 129.7691307096988
  CPU_SORTING: 24972.579735396997
  CPU_ENCRYPTION: 8969.1153465313491
  CPU_COMPRESSION: 176411.36294912916
  CPU_SINGLETHREAD: 2383.906220732782
  CPU_PHYSICS: 2097.6405431161952
  CPU_MATRIX_MULT_SSE: 15555.267951043323
  CPU_mm: 1594.413423279761
  CPU_sse: 7256.4561074564381
  CPU_fma: 23585.383578135286
  CPU_avx: 15823.964167538239
  CPU_avx512: 0
  m_CPU_enc_SHA: 12609349221.75041
  m_CPU_enc_AES: 7991991759.6346149
  m_CPU_enc_ECDSA: 7613056299.4283457
  ME_ALLOC_S: 6859.5929852098652
  ME_READ_S: 24267.8017578125
  ME_READ_L: 16556.0859375
  ME_WRITE: 16813.19921875
  ME_LARGE: 21884.916666666668
  ME_LATENCY: 65.108935056767919
  ME_THREADED: 66725.60546875
  SUMM_CPU: 16769.544897669737
  SUMM_ME: 2576.986055379456
SystemInformation:
  OSName: Ubuntu 24.04.1 LTS
  Kernel: 6.8.0-1015-gcp
  Device: ""
  Processor: AMD EPYC 7B13
  NumSockets: 1
  Manufacturer: AuthenticAMD
  NumCores: 8
  NumLogicals: 8
  CPUFrequency: 0
  Memory: 32093
  MemModuleInfo:
    iNumMemSticks: 2
    DIMM 1:
      manufacturer: ""
      modulePartNo: ""
      memType: RAM
      size: 16
      clkspeed: 0
      moduleVoltage: 0
    DIMM 2:
      manufacturer: ""
      modulePartNo: ""
      memType: RAM
      size: 16
      clkspeed: 0
      moduleVoltage: 0
Checksum: 3A2B3F1E019BF2916CEB7BD7DC789A278659162C