BaselineInfo:
  WebDBID: -1
  TimeStamp: 20241110162148
Version:
  Major: 11
  Minor: 0
  Build: 1002
  SpecialBuildName: ""
  ptArchitecture: x86_64_linux
Results:
  Results Complete: true
  NumTestProcesses: 48
  CPU_INTEGER_MATH: 220881.44966666677
  CPU_FLOATINGPOINT_MATH: 121214.6707196269
  CPU_PRIME: 285.34430609655459
  CPU_SORTING: 107734.44385946679
  CPU_ENCRYPTION: 56880.156308398851
  CPU_COMPRESSION: 840663.59630769107
  CPU_SINGLETHREAD: 2635.7129524550141
  CPU_PHYSICS: 5408.2837962591339
  CPU_MATRIX_MULT_SSE: 49175.595170224144
  CPU_mm: 5972.7547215805034
  CPU_sse: 25288.568371027402
  CPU_fma: 67264.680421136392
  CPU_avx: 54973.536718508607
  CPU_avx512: 0
  m_CPU_enc_SHA: 82561701391.450607
  m_CPU_enc_AES: 52801625120.212006
  m_CPU_enc_ECDSA: 43566173832.044334
  ME_ALLOC_S: 20437.356091202524
  ME_READ_S: 26539.2265625
  ME_READ_L: 17026.302734375
  ME_WRITE: 17432.52734375
  ME_LARGE: 367720.08333333331
  ME_LATENCY: 67.89087398138993
  ME_THREADED: 118003.4873046875
  SUMM_CPU: 56073.349835913948
  SUMM_ME: 2773.4676988482638
SystemInformation:
  OSName: Ubuntu 24.04.1 LTS
  Kernel: 6.8.0-1016-aws
  Device: ""
  Processor: AMD EPYC 7R13 Processor
  NumSockets: 1
  Manufacturer: AuthenticAMD
  NumCores: 24
  NumLogicals: 48
  CPUFrequency: 0
  Memory: 381676
  MemModuleInfo:
    iNumMemSticks: 1
    DIMM 1:
      manufacturer: Not Specified
      modulePartNo: Not Specified
      memType: DDR4
      size: 384
      clkspeed: 1600
      moduleVoltage: 0
Checksum: 58A7DEE73135F5C197C1F7815D6240BC50C02D09