---
system-info:
      stress-ng-version: 0.17.08
      run-by: root
      date-yyyy-mm-dd: 2024:07:03
      time-hh-mm-ss: 05:32:15
      epoch-secs: 1719984735
      hostname: n1-highcpu-96-2c7e49e
      sysname: Linux
      nodename: n1-highcpu-96-2c7e49e
      release: 6.8.0-1009-gcp
      version: '#10-Ubuntu SMP Wed Jun 12 18:52:23 UTC 2024'
      machine: x86_64
      compiler: 'musl-gcc 13.2.1'
      uptime: 189
      totalram: 91163828224
      freeram: 85032452096
      sharedram: 82518016
      bufferram: 131702784
      totalswap: 0
      freeswap: 0
      pagesize: 4096
      cpus: 96
      cpus-online: 96
      ticks-per-second: 100

metrics:
    - stressor: cpu
      bogo-ops: 25828
      bogo-ops-per-second-usr-sys-time: 1291.484140
      bogo-ops-per-second-real-time: 1291.393627
      wall-clock-time: 20.000099
      user-time: 19.997698
      system-time: 0.000999
      cpu-usage-per-instance: 99.992992
      max-rss: 768

...
