BaselineInfo:
  WebDBID: -1
  TimeStamp: 20241110030819
Version:
  Major: 11
  Minor: 0
  Build: 1002
  SpecialBuildName: ""
  ptArchitecture: x86_64_linux
Results:
  Results Complete: true
  NumTestProcesses: 24
  CPU_INTEGER_MATH: 99939.19766666666
  CPU_FLOATINGPOINT_MATH: 55070.167032625985
  CPU_PRIME: 191.17421715203088
  CPU_SORTING: 53867.207005206954
  CPU_ENCRYPTION: 25848.486215894358
  CPU_COMPRESSION: 380037.94314976898
  CPU_SINGLETHREAD: 2396.7107924490429
  CPU_PHYSICS: 3342.3047211788912
  CPU_MATRIX_MULT_SSE: 22412.715189281964
  CPU_mm: 2689.4045168651915
  CPU_sse: 11367.81850810787
  CPU_fma: 31296.884773378362
  CPU_avx: 24573.442286359645
  CPU_avx512: 0
  m_CPU_enc_SHA: 37488601231.097496
  m_CPU_enc_AES: 23968268563.75687
  m_CPU_enc_ECDSA: 19855437052.098579
  ME_ALLOC_S: 10508.952214293528
  ME_READ_S: 24481.466210937499
  ME_READ_L: 20501.97265625
  ME_WRITE: 20200.15234375
  ME_LARGE: 665738.75
  ME_LATENCY: 61.238564824139395
  ME_THREADED: 78410.3349609375
  SUMM_CPU: 30998.743391171411
  SUMM_ME: 2927.5299725235886
SystemInformation:
  OSName: Ubuntu 24.04.1 LTS
  Kernel: 6.8.0-1017-azure
  Device: ""
  Processor: AMD EPYC 7763 64-Core Processor
  NumSockets: 1
  Manufacturer: AuthenticAMD
  NumCores: 12
  NumLogicals: 24
  CPUFrequency: 0
  Memory: 677254
  MemModuleInfo:
    iNumMemSticks: 4
    DIMM 1:
      manufacturer: Microsoft Corporation
      modulePartNo: None
      memType: Unknown
      size: 1
      clkspeed: 0
      moduleVoltage: 0
    DIMM 2:
      manufacturer: Microsoft Corporation
      modulePartNo: None
      memType: Unknown
      size: 60928
      clkspeed: 0
      moduleVoltage: 0
    DIMM 3:
      manufacturer: Microsoft Corporation
      modulePartNo: None
      memType: Unknown
      size: 282112
      clkspeed: 0
      moduleVoltage: 0
    DIMM 4:
      manufacturer: Microsoft Corporation
      modulePartNo: None
      memType: Unknown
      size: 336
      clkspeed: 0
      moduleVoltage: 0
Checksum: 3F639B7376B0509B16CD056508F23643D8B33FB2