BaselineInfo:
  WebDBID: -1
  TimeStamp: 20241109104644
Version:
  Major: 11
  Minor: 0
  Build: 1002
  SpecialBuildName: ""
  ptArchitecture: x86_64_linux
Results:
  Results Complete: true
  NumTestProcesses: 80
  CPU_INTEGER_MATH: 248152.88100000002
  CPU_FLOATINGPOINT_MATH: 133269.95184660223
  CPU_PRIME: 296.96061559956564
  CPU_SORTING: 118921.03982733501
  CPU_ENCRYPTION: 32095.937295698139
  CPU_COMPRESSION: 1047952.6103705375
  CPU_SINGLETHREAD: 1999.0852227393166
  CPU_PHYSICS: 4791.4417627361991
  CPU_MATRIX_MULT_SSE: 65069.42943951155
  CPU_mm: 6859.5277199912089
  CPU_sse: 25083.821400253106
  CPU_fma: 78488.22806672132
  CPU_avx: 55505.154925037925
  CPU_avx512: 101200.51336603392
  m_CPU_enc_SHA: 10842683309.227329
  m_CPU_enc_AES: 80412387344.535385
  m_CPU_enc_ECDSA: 9710017983.5591927
  ME_ALLOC_S: 22461.59036139373
  ME_READ_S: 24297.071679687499
  ME_READ_L: 10896.3408203125
  ME_WRITE: 10400.330078125
  ME_LARGE: 68877.5
  ME_LATENCY: 50.026804614866329
  ME_THREADED: 138927.83642578125
  SUMM_CPU: 52249.758927118128
  SUMM_ME: 2750.7639492366966
SystemInformation:
  OSName: Ubuntu 24.04.1 LTS
  Kernel: 6.8.0-1015-gcp
  Device: ""
  Processor: Intel Xeon CPU @ 2.80GHz
  NumSockets: 2
  Manufacturer: GenuineIntel
  NumCores: 40
  NumLogicals: 80
  CPUFrequency: 0
  Memory: 80496
  MemModuleInfo:
    iNumMemSticks: 5
    DIMM 1:
      manufacturer: ""
      modulePartNo: ""
      memType: RAM
      size: 16
      clkspeed: 0
      moduleVoltage: 0
    DIMM 2:
      manufacturer: ""
      modulePartNo: ""
      memType: RAM
      size: 16
      clkspeed: 0
      moduleVoltage: 0
    DIMM 3:
      manufacturer: ""
      modulePartNo: ""
      memType: RAM
      size: 16
      clkspeed: 0
      moduleVoltage: 0
    DIMM 4:
      manufacturer: ""
      modulePartNo: ""
      memType: RAM
      size: 16
      clkspeed: 0
      moduleVoltage: 0
    DIMM 5:
      manufacturer: ""
      modulePartNo: ""
      memType: RAM
      size: 16
      clkspeed: 0
      moduleVoltage: 0
Checksum: 0A41E97F14BAF7E6484F2D793AFE1BCCC782F6E5