BaselineInfo:
  WebDBID: -1
  TimeStamp: 20260404214038
Version:
  Major: 11
  Minor: 0
  Build: 1004
  SpecialBuildName: ""
  ptArchitecture: x86_64_linux
Results:
  Results Complete: true
  NumTestProcesses: 32
  CPU_INTEGER_MATH: 134051.9286666667
  CPU_FLOATINGPOINT_MATH: 68628.028751110061
  CPU_PRIME: 184.14848412331523
  CPU_SORTING: 68651.422582496773
  CPU_ENCRYPTION: 16942.048042887087
  CPU_COMPRESSION: 488482.42890468572
  CPU_SINGLETHREAD: 2353.6935872703534
  CPU_PHYSICS: 3299.0236132500131
  CPU_MATRIX_MULT_SSE: 28182.758318902088
  CPU_mm: 2891.6195635759286
  CPU_sse: 12712.104054566269
  CPU_fma: 34687.940146645335
  CPU_avx: 25813.814939421882
  CPU_avx512: 39517.174134974841
  m_CPU_enc_SHA: 4810950403.517684
  m_CPU_enc_AES: 44109653886.972748
  m_CPU_enc_ECDSA: 4374470615.3646641
  ME_ALLOC_S: 14983.05407847983
  ME_READ_S: 23979.165820312501
  ME_READ_L: 11762.7021484375
  ME_WRITE: 11002.06640625
  ME_LARGE: 112081.16666666667
  ME_LATENCY: 52.567790425851477
  ME_THREADED: 139306.44677734375
  SUMM_CPU: 34102.78664847144
  SUMM_ME: 2753.4471410936117
SystemInformation:
  OSName: Ubuntu 24.04.4 LTS
  Kernel: 6.8.0-106-generic
  Device: ""
  Processor: Intel(R) Xeon(R) Platinum
  NumSockets: 1
  Manufacturer: GenuineIntel
  NumCores: 16
  NumLogicals: 32
  CPUFrequency: 0
  CPUMaxFrequency: 0
  Memory: 126244
  CPUInfo:
    number: 1
    Family: 6
    Model: 5
    stepping: 4
    features: 529267711
    manufacture: GenuineIntel
    typestring: Intel(R) Xeon(R) Platinum
    iCoresPerPackage: 16
    iThreadsPerPackage: 2
    featuresEx:
      - 529267711
      - 4294586883
      - 739248128
    bHybrid: false
    nPCore: 0
    nLogicalsPerPCore: 0
    nECore: 0
    nLogicalsPerECore: 0
  MemModuleInfo:
    iNumMemSticks: 8
    DIMM 1:
      manufacturer: Alibaba Cloud
      modulePartNo: Not Specified
      memType: RAM
      size: 16
      clkspeed: 0
      moduleVoltage: 0
    DIMM 2:
      manufacturer: Alibaba Cloud
      modulePartNo: Not Specified
      memType: RAM
      size: 16
      clkspeed: 0
      moduleVoltage: 0
    DIMM 3:
      manufacturer: Alibaba Cloud
      modulePartNo: Not Specified
      memType: RAM
      size: 16
      clkspeed: 0
      moduleVoltage: 0
    DIMM 4:
      manufacturer: Alibaba Cloud
      modulePartNo: Not Specified
      memType: RAM
      size: 16
      clkspeed: 0
      moduleVoltage: 0
    DIMM 5:
      manufacturer: Alibaba Cloud
      modulePartNo: Not Specified
      memType: RAM
      size: 16
      clkspeed: 0
      moduleVoltage: 0
    DIMM 6:
      manufacturer: Alibaba Cloud
      modulePartNo: Not Specified
      memType: RAM
      size: 16
      clkspeed: 0
      moduleVoltage: 0
    DIMM 7:
      manufacturer: Alibaba Cloud
      modulePartNo: Not Specified
      memType: RAM
      size: 16
      clkspeed: 0
      moduleVoltage: 0
    DIMM 8:
      manufacturer: Alibaba Cloud
      modulePartNo: Not Specified
      memType: RAM
      size: 16
      clkspeed: 0
      moduleVoltage: 0
Checksum: FAB3AA8F0535B6EBAF5A749204B4EB4FFE0227DF