---
system-info:
      stress-ng-version: 0.17.08
      run-by: root
      date-yyyy-mm-dd: 2024:07:12
      time-hh-mm-ss: 06:54:06
      epoch-secs: 1720767246
      hostname: ip-172-31-10-31
      sysname: Linux
      nodename: ip-172-31-10-31
      release: 6.8.0-1010-aws
      version: '#10-Ubuntu SMP Thu Jun 13 17:48:42 UTC 2024'
      machine: aarch64
      compiler: 'musl-gcc 13.2.1'
      uptime: 175
      totalram: 134781280256
      freeram: 128743829504
      sharedram: 36257792
      bufferram: 144580608
      totalswap: 0
      freeswap: 0
      pagesize: 4096
      cpus: 64
      cpus-online: 64
      ticks-per-second: 100

metrics:
    - stressor: cpu
      bogo-ops: 30459
      bogo-ops-per-second-usr-sys-time: 1522.944365
      bogo-ops-per-second-real-time: 1522.939325
      wall-clock-time: 20.000140
      user-time: 20.000074
      system-time: 0.000000
      cpu-usage-per-instance: 99.999669
      max-rss: 1024

...
