BaselineInfo:
  WebDBID: -1
  TimeStamp: 20260617035733
Version:
  Major: 11
  Minor: 0
  Build: 1004
  SpecialBuildName: ""
  ptArchitecture: x86_64_linux
Results:
  Results Complete: true
  NumTestProcesses: 2
  CPU_INTEGER_MATH: 6333.1290000000008
  CPU_FLOATINGPOINT_MATH: 4807.5581352459303
  CPU_PRIME: 21.352948120640075
  CPU_SORTING: 4362.5445254733168
  CPU_ENCRYPTION: 819.86559772998203
  CPU_COMPRESSION: 33396.776536519988
  CPU_SINGLETHREAD: 1680.3058483787374
  CPU_PHYSICS: 351.83383992474398
  CPU_MATRIX_MULT_SSE: 2513.7561548748304
  CPU_mm: 287.72283141695374
  CPU_sse: 1088.4477987574651
  CPU_fma: 3622.878075903714
  CPU_avx: 2443.4921838818223
  CPU_avx512: 2900.2065609563206
  m_CPU_enc_SHA: 449575977.97226369
  m_CPU_enc_AES: 1736231200.3324866
  m_CPU_enc_ECDSA: 393266988.71119058
  ME_ALLOC_S: 553.09734218956635
  ME_READ_S: 19368.963476562501
  ME_READ_L: 6434.81640625
  ME_WRITE: 7136.63623046875
  ME_LARGE: 3103.8333333333335
  ME_LATENCY: 79.100117263472129
  ME_THREADED: 12621.3408203125
  SUMM_CPU: 2641.6185971954528
  SUMM_ME: 1211.7911055211093
SystemInformation:
  OSName: Ubuntu 24.04.4 LTS
  Kernel: 6.8.0-117-generic
  Device: ""
  Processor: Intel(R) Xeon(R) Platinum 8163 CPU @ 2.50GHz
  NumSockets: 1
  Manufacturer: GenuineIntel
  NumCores: 1
  NumLogicals: 2
  CPUFrequency: 2500
  CPUMaxFrequency: 3100
  Memory: 7556
  CPUInfo:
    number: 1
    Family: 6
    Model: 5
    stepping: 4
    features: 529267711
    manufacture: GenuineIntel
    typestring: Intel(R) Xeon(R) Platinum 8163 CPU @ 2.50GHz
    iCoresPerPackage: 1
    iThreadsPerPackage: 2
    featuresEx:
      - 529267711
      - 4294586883
      - 739248128
    bHybrid: false
    nPCore: 0
    nLogicalsPerPCore: 0
    nECore: 0
    nLogicalsPerECore: 0
  MemModuleInfo:
    iNumMemSticks: 1
    DIMM 1:
      manufacturer: Alibaba Cloud
      modulePartNo: Not Specified
      memType: RAM
      size: 8
      clkspeed: 0
      moduleVoltage: 0
Checksum: 41165CECC374DF8DCFF670678AD33624E1B36653