---
system-info:
      stress-ng-version: 0.17.08
      run-by: root
      date-yyyy-mm-dd: 2024:06:15
      time-hh-mm-ss: 05:19:50
      epoch-secs: 1718428790
      hostname: cac4730ac2d3
      sysname: Linux
      nodename: cac4730ac2d3
      release: 6.8.0-1008-aws
      version: '#8-Ubuntu SMP Sat Apr 20 02:43:14 UTC 2024'
      machine: aarch64
      compiler: 'musl-gcc 13.2.1'
      uptime: 115
      totalram: 33023426560
      freeram: 28688379904
      sharedram: 35016704
      bufferram: 107642880
      totalswap: 0
      freeswap: 0
      pagesize: 4096
      cpus: 8
      cpus-online: 8
      ticks-per-second: 100

metrics:
    - stressor: cpu
      bogo-ops: 244783
      bogo-ops-per-second-usr-sys-time: 1532.584595
      bogo-ops-per-second-real-time: 12239.114017
      wall-clock-time: 20.000059
      user-time: 159.715082
      system-time: 0.003997
      cpu-usage-per-instance: 99.824131
      max-rss: 1320

...
