---
system-info:
      stress-ng-version: 0.17.08
      run-by: root
      date-yyyy-mm-dd: 2024:06:08
      time-hh-mm-ss: 20:40:19
      epoch-secs: 1717879219
      hostname: 1a32f8cf35ed
      sysname: Linux
      nodename: 1a32f8cf35ed
      release: 6.8.0-1008-aws
      version: '#8-Ubuntu SMP Sat Apr 20 02:43:14 UTC 2024'
      machine: aarch64
      compiler: 'musl-gcc 13.2.1'
      uptime: 106
      totalram: 33023422464
      freeram: 28571504640
      sharedram: 35016704
      bufferram: 104538112
      totalswap: 0
      freeswap: 0
      pagesize: 4096
      cpus: 8
      cpus-online: 8
      ticks-per-second: 100

metrics:
    - stressor: cpu
      bogo-ops: 34071
      bogo-ops-per-second-usr-sys-time: 424.793280
      bogo-ops-per-second-real-time: 3390.531253
      wall-clock-time: 10.048868
      user-time: 80.197077
      system-time: 0.008994
      cpu-usage-per-instance: 99.770036
      max-rss: 4136

...
