---
system-info:
      stress-ng-version: 0.17.08
      run-by: root
      date-yyyy-mm-dd: 2024:06:13
      time-hh-mm-ss: 11:54:48
      epoch-secs: 1718279688
      hostname: d7245faa22c7
      sysname: Linux
      nodename: d7245faa22c7
      release: 6.8.0-1008-aws
      version: '#8-Ubuntu SMP Sat Apr 20 00:46:25 UTC 2024'
      machine: x86_64
      compiler: 'musl-gcc 13.2.1'
      uptime: 123
      totalram: 16379027456
      freeram: 12036915200
      sharedram: 37863424
      bufferram: 105734144
      totalswap: 0
      freeswap: 0
      pagesize: 4096
      cpus: 4
      cpus-online: 4
      ticks-per-second: 100

metrics:
    - stressor: cpu
      bogo-ops: 68224
      bogo-ops-per-second-usr-sys-time: 857.523044
      bogo-ops-per-second-real-time: 3411.183633
      wall-clock-time: 20.000096
      user-time: 79.548387
      system-time: 0.010991
      cpu-usage-per-instance: 99.448745
      max-rss: 976

...
