---
system-info:
      stress-ng-version: 0.17.08
      run-by: root
      date-yyyy-mm-dd: 2024:06:07
      time-hh-mm-ss: 20:55:23
      epoch-secs: 1717793723
      hostname: 73db8760e589
      sysname: Linux
      nodename: 73db8760e589
      release: 6.8.0-1008-aws
      version: '#8-Ubuntu SMP Sat Apr 20 00:46:25 UTC 2024'
      machine: x86_64
      compiler: 'musl-gcc 13.2.1'
      uptime: 118
      totalram: 16555192320
      freeram: 12296601600
      sharedram: 40755200
      bufferram: 92995584
      totalswap: 0
      freeswap: 0
      pagesize: 4096
      cpus: 4
      cpus-online: 4
      ticks-per-second: 100

metrics:
    - stressor: cpu
      bogo-ops: 40007
      bogo-ops-per-second-usr-sys-time: 1006.015751
      bogo-ops-per-second-real-time: 4000.149709
      wall-clock-time: 10.001376
      user-time: 39.753784
      system-time: 0.013983
      cpu-usage-per-instance: 99.405742
      max-rss: 3920

...
