BaselineInfo:
  WebDBID: -1
  TimeStamp: 20241108111856
Version:
  Major: 11
  Minor: 0
  Build: 1002
  SpecialBuildName: ""
  ptArchitecture: x86_64_linux
Results:
  Results Complete: true
  NumTestProcesses: 4
  CPU_INTEGER_MATH: 16614.875666666667
  CPU_FLOATINGPOINT_MATH: 9191.9071933247251
  CPU_PRIME: 39.196487404047957
  CPU_SORTING: 9205.6725257867329
  CPU_ENCRYPTION: 4308.6087068158049
  CPU_COMPRESSION: 64764.964656143238
  CPU_SINGLETHREAD: 2392.6376286992991
  CPU_PHYSICS: 750.24462832907716
  CPU_MATRIX_MULT_SSE: 3630.3453577206965
  CPU_mm: 449.6705382162412
  CPU_sse: 1907.4796614182583
  CPU_fma: 5202.4495649583296
  CPU_avx: 3781.1068467855021
  CPU_avx512: 0
  m_CPU_enc_SHA: 6255642714.1980143
  m_CPU_enc_AES: 4001389629.6389737
  m_CPU_enc_ECDSA: 3296678706.2372808
  ME_ALLOC_S: 1834.4400742184753
  ME_READ_S: 24442.457226562499
  ME_READ_L: 18648.9765625
  ME_WRITE: 18074.541015625
  ME_LARGE: 118742
  ME_LATENCY: 63.513620860217948
  ME_THREADED: 37616.6416015625
  SUMM_CPU: 6194.3796596669808
  SUMM_ME: 2506.2602266027502
SystemInformation:
  OSName: Ubuntu 24.04.1 LTS
  Kernel: 6.8.0-1017-azure
  Device: ""
  Processor: AMD EPYC 7763 64-Core Processor
  NumSockets: 1
  Manufacturer: AuthenticAMD
  NumCores: 2
  NumLogicals: 4
  CPUFrequency: 0
  Memory: 128813
  MemModuleInfo:
    iNumMemSticks: 3
    DIMM 1:
      manufacturer: Microsoft Corporation
      modulePartNo: None
      memType: Unknown
      size: 1
      clkspeed: 0
      moduleVoltage: 0
    DIMM 2:
      manufacturer: Microsoft Corporation
      modulePartNo: None
      memType: Unknown
      size: 60928
      clkspeed: 0
      moduleVoltage: 0
    DIMM 3:
      manufacturer: Microsoft Corporation
      modulePartNo: None
      memType: Unknown
      size: 69120
      clkspeed: 0
      moduleVoltage: 0
Checksum: F73D69B0FED1054954C38510234F957D888D8487