---
system-info:
      stress-ng-version: 0.17.08
      run-by: root
      date-yyyy-mm-dd: 2024:09:23
      time-hh-mm-ss: 16:08:39
      epoch-secs: 1727107719
      hostname: sc-runner
      sysname: Linux
      nodename: sc-runner
      release: 6.8.0-1014-azure
      version: '#16-Ubuntu SMP Thu Aug 15 20:04:41 UTC 2024'
      machine: x86_64
      compiler: 'musl-gcc 13.2.1'
      uptime: 333
      totalram: 202798665728
      freeram: 191253733376
      sharedram: 105410560
      bufferram: 292327424
      totalswap: 0
      freeswap: 0
      pagesize: 4096
      cpus: 48
      cpus-online: 48
      ticks-per-second: 100

metrics:
    - stressor: cpu
      bogo-ops: 54139
      bogo-ops-per-second-usr-sys-time: 2706.966106
      bogo-ops-per-second-real-time: 2706.942643
      wall-clock-time: 20.000054
      user-time: 19.997882
      system-time: 0.001999
      cpu-usage-per-instance: 99.999133
      max-rss: 3200

...
