BaselineInfo:
  WebDBID: -1
  TimeStamp: 20260618230905
Version:
  Major: 11
  Minor: 0
  Build: 1004
  SpecialBuildName: ""
  ptArchitecture: x86_64_linux
Results:
  Results Complete: true
  NumTestProcesses: 32
  CPU_INTEGER_MATH: 111006.06233333331
  CPU_FLOATINGPOINT_MATH: 59722.919703676213
  CPU_PRIME: 136.51189614201709
  CPU_SORTING: 64169.860733060741
  CPU_ENCRYPTION: 15069.929854180573
  CPU_COMPRESSION: 509821.70748376776
  CPU_SINGLETHREAD: 2333.7320969528741
  CPU_PHYSICS: 2437.8774732741026
  CPU_MATRIX_MULT_SSE: 29132.855715115034
  CPU_mm: 3228.3844908377569
  CPU_sse: 11480.204759855875
  CPU_fma: 34951.311802966673
  CPU_avx: 24895.304735598715
  CPU_avx512: 45204.601562038901
  m_CPU_enc_SHA: 4983855938.3245001
  m_CPU_enc_AES: 37897813198.080734
  m_CPU_enc_ECDSA: 4524231163.9265165
  ME_ALLOC_S: 12087.983998415184
  ME_READ_S: 24707.799218749999
  ME_READ_L: 9717.447265625
  ME_WRITE: 9996.544921875
  ME_LARGE: 117176.91666666667
  ME_LATENCY: 48.42816819620819
  ME_THREADED: 108256.62475585938
  SUMM_CPU: 31330.50663336063
  SUMM_ME: 2692.7518086347832
SystemInformation:
  OSName: Ubuntu 24.04.4 LTS
  Kernel: 6.8.0-117-generic
  Device: ""
  Processor: Intel(R) Xeon(R) Platinum 8369HB CPU @ 3.30GHz
  NumSockets: 1
  Manufacturer: GenuineIntel
  NumCores: 16
  NumLogicals: 32
  CPUFrequency: 3300
  CPUMaxFrequency: 4200
  Memory: 126244
  CPUInfo:
    number: 1
    Family: 6
    Model: 5
    stepping: 11
    features: 529267711
    manufacture: GenuineIntel
    typestring: Intel(R) Xeon(R) Platinum 8369HB CPU @ 3.30GHz
    iCoresPerPackage: 16
    iThreadsPerPackage: 2
    featuresEx:
      - 529267711
      - 4277809667
      - 739248128
    bHybrid: false
    nPCore: 0
    nLogicalsPerPCore: 0
    nECore: 0
    nLogicalsPerECore: 0
  MemModuleInfo:
    iNumMemSticks: 8
    DIMM 1:
      manufacturer: Alibaba Cloud
      modulePartNo: Not Specified
      memType: RAM
      size: 16
      clkspeed: 0
      moduleVoltage: 0
    DIMM 2:
      manufacturer: Alibaba Cloud
      modulePartNo: Not Specified
      memType: RAM
      size: 16
      clkspeed: 0
      moduleVoltage: 0
    DIMM 3:
      manufacturer: Alibaba Cloud
      modulePartNo: Not Specified
      memType: RAM
      size: 16
      clkspeed: 0
      moduleVoltage: 0
    DIMM 4:
      manufacturer: Alibaba Cloud
      modulePartNo: Not Specified
      memType: RAM
      size: 16
      clkspeed: 0
      moduleVoltage: 0
    DIMM 5:
      manufacturer: Alibaba Cloud
      modulePartNo: Not Specified
      memType: RAM
      size: 16
      clkspeed: 0
      moduleVoltage: 0
    DIMM 6:
      manufacturer: Alibaba Cloud
      modulePartNo: Not Specified
      memType: RAM
      size: 16
      clkspeed: 0
      moduleVoltage: 0
    DIMM 7:
      manufacturer: Alibaba Cloud
      modulePartNo: Not Specified
      memType: RAM
      size: 16
      clkspeed: 0
      moduleVoltage: 0
    DIMM 8:
      manufacturer: Alibaba Cloud
      modulePartNo: Not Specified
      memType: RAM
      size: 16
      clkspeed: 0
      moduleVoltage: 0
Checksum: 83C76A9BC436810B9E6312560A43E2AA5014103A