BaselineInfo:
  WebDBID: -1
  TimeStamp: 20260404175208
Version:
  Major: 11
  Minor: 0
  Build: 1004
  SpecialBuildName: ""
  ptArchitecture: x86_64_linux
Results:
  Results Complete: true
  NumTestProcesses: 16
  CPU_INTEGER_MATH: 50493.188333333324
  CPU_FLOATINGPOINT_MATH: 39170.549428456237
  CPU_PRIME: 101.14905483740327
  CPU_SORTING: 28660.923608894354
  CPU_ENCRYPTION: 4792.3411682000142
  CPU_COMPRESSION: 238591.97028655329
  CPU_SINGLETHREAD: 1737.511930876236
  CPU_PHYSICS: 1835.4182846019671
  CPU_MATRIX_MULT_SSE: 14596.585498742297
  CPU_mm: 2149.5715387343698
  CPU_sse: 8937.1654290314145
  CPU_fma: 19752.687517413993
  CPU_avx: 15099.903549781488
  CPU_avx512: 0
  m_CPU_enc_SHA: 3281459743.8572078
  m_CPU_enc_AES: 9303613653.1681919
  m_CPU_enc_ECDSA: 2490328401.3340926
  ME_ALLOC_S: 3535.527209679829
  ME_READ_S: 20654.979101562501
  ME_READ_L: 6798.0859375
  ME_WRITE: 5795.4423828125
  ME_LARGE: 50657.75
  ME_LATENCY: 71.02308107862207
  ME_THREADED: 50266.40234375
  SUMM_CPU: 15708.544793805571
  SUMM_ME: 1807.6628481412502
SystemInformation:
  OSName: Ubuntu 24.04.4 LTS
  Kernel: 6.8.0-106-generic
  Device: ""
  Processor: Intel(R) Xeon(R) CPU E5-2682 v4 @ 2.50GHz
  NumSockets: 1
  Manufacturer: GenuineIntel
  NumCores: 8
  NumLogicals: 16
  CPUFrequency: 0
  CPUMaxFrequency: 0
  Memory: 63787
  CPUInfo:
    number: 1
    Family: 6
    Model: 15
    stepping: 1
    features: 529267711
    manufacture: GenuineIntel
    typestring: Intel(R) Xeon(R) CPU E5-2682 v4 @ 2.50GHz
    iCoresPerPackage: 8
    iThreadsPerPackage: 2
    featuresEx:
      - 529267711
      - 4294586883
      - 739248128
    bHybrid: false
    nPCore: 0
    nLogicalsPerPCore: 0
    nECore: 0
    nLogicalsPerECore: 0
  MemModuleInfo:
    iNumMemSticks: 4
    DIMM 1:
      manufacturer: Alibaba Cloud
      modulePartNo: Not Specified
      memType: RAM
      size: 16
      clkspeed: 0
      moduleVoltage: 0
    DIMM 2:
      manufacturer: Alibaba Cloud
      modulePartNo: Not Specified
      memType: RAM
      size: 16
      clkspeed: 0
      moduleVoltage: 0
    DIMM 3:
      manufacturer: Alibaba Cloud
      modulePartNo: Not Specified
      memType: RAM
      size: 16
      clkspeed: 0
      moduleVoltage: 0
    DIMM 4:
      manufacturer: Alibaba Cloud
      modulePartNo: Not Specified
      memType: RAM
      size: 16
      clkspeed: 0
      moduleVoltage: 0
Checksum: 586477751CBC3D6C3D19E87D5381F97E3CA988F5