BaselineInfo:
  WebDBID: -1
  TimeStamp: 20241107100008
Version:
  Major: 11
  Minor: 0
  Build: 1002
  SpecialBuildName: ""
  ptArchitecture: aarch64_linux
Results:
  Results Complete: true
  NumTestProcesses: 4
  CPU_INTEGER_MATH: 15755.752
  CPU_FLOATINGPOINT_MATH: 11954.173271144955
  CPU_PRIME: 35.054527596836564
  CPU_SORTING: 11413.77339822146
  CPU_ENCRYPTION: 538.24642456830213
  CPU_COMPRESSION: 18503.93441405299
  CPU_SINGLETHREAD: 1109.387622973255
  CPU_PHYSICS: 645.59463663391591
  CPU_MATRIX_MULT_SSE: 2481.3527641537803
  CPU_mm: 416.14847736035506
  CPU_sse: 2072.1765617184815
  CPU_fma: 2890.5289665890787
  CPU_avx: 0
  CPU_avx512: 0
  m_CPU_enc_SHA: 803372592.47353661
  m_CPU_enc_AES: 374966861.20891529
  m_CPU_enc_ECDSA: 514837394.98194396
  ME_ALLOC_S: 2599.6707087739114
  ME_READ_S: 9480.2713867187504
  ME_READ_L: 9189.181640625
  ME_WRITE: 12537.54296875
  ME_LARGE: 21822.333333333332
  ME_LATENCY: 71.190573077638319
  ME_THREADED: 36585.27734375
  SUMM_CPU: 2690.00486690972
  SUMM_ME: 1660.4610735831689
SystemInformation:
  OSName: Ubuntu 24.04.1 LTS
  Kernel: 6.8.0-1016-aws
  Device: ""
  Processor: ARM Neoverse-N1 4 Core 0 MHz
  NumSockets: 1
  Manufacturer: ARM
  NumCores: 4
  NumLogicals: 4
  CPUFrequency: 0
  Memory: 31681
Checksum: 9B041699D8173F1B38AF65BD7BB3767F860B29F7