---
system-info:
      stress-ng-version: 0.17.08
      run-by: root
      date-yyyy-mm-dd: 2024:08:17
      time-hh-mm-ss: 16:29:21
      epoch-secs: 1723912161
      hostname: ip-172-31-16-35
      sysname: Linux
      nodename: ip-172-31-16-35
      release: 6.8.0-1013-aws
      version: '#14-Ubuntu SMP Thu Jul 25 21:19:24 UTC 2024'
      machine: x86_64
      compiler: 'musl-gcc 13.2.1'
      uptime: 415
      totalram: 400217128960
      freeram: 391796736000
      sharedram: 37531648
      bufferram: 191205376
      totalswap: 0
      freeswap: 0
      pagesize: 4096
      cpus: 48
      cpus-online: 48
      ticks-per-second: 100

metrics:
    - stressor: cpu
      bogo-ops: 1433828
      bogo-ops-per-second-usr-sys-time: 1494.220321
      bogo-ops-per-second-real-time: 71691.184439
      wall-clock-time: 20.000060
      user-time: 959.541740
      system-time: 0.040980
      cpu-usage-per-instance: 99.956233
      max-rss: 768

...
