---
system-info:
      stress-ng-version: 0.17.08
      run-by: root
      date-yyyy-mm-dd: 2024:09:16
      time-hh-mm-ss: 13:59:00
      epoch-secs: 1726495140
      hostname: sc-runner
      sysname: Linux
      nodename: sc-runner
      release: 6.8.0-1014-azure
      version: '#16-Ubuntu SMP Thu Aug 15 20:04:41 UTC 2024'
      machine: x86_64
      compiler: 'musl-gcc 13.2.1'
      uptime: 335
      totalram: 29423058944
      freeram: 19307794432
      sharedram: 42053632
      bufferram: 230035456
      totalswap: 0
      freeswap: 0
      pagesize: 4096
      cpus: 8
      cpus-online: 8
      ticks-per-second: 100

metrics:
    - stressor: cpu
      bogo-ops: 24923
      bogo-ops-per-second-usr-sys-time: 1246.174051
      bogo-ops-per-second-real-time: 1246.145959
      wall-clock-time: 20.000065
      user-time: 19.998615
      system-time: 0.000999
      cpu-usage-per-instance: 99.997746
      max-rss: 3024

...
