---
system-info:
      stress-ng-version: 0.17.08
      run-by: root
      date-yyyy-mm-dd: 2024:09:03
      time-hh-mm-ss: 16:00:19
      epoch-secs: 1725379219
      hostname: sc-runner
      sysname: Linux
      nodename: sc-runner
      release: 6.8.0-1013-azure
      version: '#15-Ubuntu SMP Thu Aug  8 18:40:40 UTC 2024'
      machine: x86_64
      compiler: 'musl-gcc 13.2.1'
      uptime: 388
      totalram: 29423058944
      freeram: 20827004928
      sharedram: 54898688
      bufferram: 216870912
      totalswap: 0
      freeswap: 0
      pagesize: 4096
      cpus: 8
      cpus-online: 8
      ticks-per-second: 100

metrics:
    - stressor: cpu
      bogo-ops: 27139
      bogo-ops-per-second-usr-sys-time: 1356.930392
      bogo-ops-per-second-real-time: 1356.941880
      wall-clock-time: 20.000120
      user-time: 20.000289
      system-time: 0.000000
      cpu-usage-per-instance: 100.000847
      max-rss: 3152

...
