---
system-info:
      stress-ng-version: 0.17.08
      run-by: root
      date-yyyy-mm-dd: 2024:09:16
      time-hh-mm-ss: 19:49:40
      epoch-secs: 1726516180
      hostname: sc-runner
      sysname: Linux
      nodename: sc-runner
      release: 6.8.0-1014-azure
      version: '#16-Ubuntu SMP Thu Aug 15 20:04:41 UTC 2024'
      machine: x86_64
      compiler: 'musl-gcc 13.2.1'
      uptime: 308
      totalram: 67420602368
      freeram: 57107394560
      sharedram: 42160128
      bufferram: 250986496
      totalswap: 0
      freeswap: 0
      pagesize: 4096
      cpus: 16
      cpus-online: 16
      ticks-per-second: 100

metrics:
    - stressor: cpu
      bogo-ops: 297743
      bogo-ops-per-second-usr-sys-time: 932.099234
      bogo-ops-per-second-real-time: 14887.072768
      wall-clock-time: 20.000104
      user-time: 319.409744
      system-time: 0.022983
      cpu-usage-per-instance: 99.822209
      max-rss: 3256

...
