---
system-info:
      stress-ng-version: 0.17.08
      run-by: root
      date-yyyy-mm-dd: 2024:09:06
      time-hh-mm-ss: 04:30:24
      epoch-secs: 1725597024
      hostname: sc-runner
      sysname: Linux
      nodename: sc-runner
      release: 6.8.0-1013-azure
      version: '#15-Ubuntu SMP Thu Aug  8 18:40:40 UTC 2024'
      machine: x86_64
      compiler: 'musl-gcc 13.2.1'
      uptime: 346
      totalram: 67420602368
      freeram: 58634399744
      sharedram: 42172416
      bufferram: 240005120
      totalswap: 0
      freeswap: 0
      pagesize: 4096
      cpus: 16
      cpus-online: 16
      ticks-per-second: 100

metrics:
    - stressor: cpu
      bogo-ops: 297875
      bogo-ops-per-second-usr-sys-time: 932.225149
      bogo-ops-per-second-real-time: 14893.659329
      wall-clock-time: 20.000122
      user-time: 319.473203
      system-time: 0.057975
      cpu-usage-per-instance: 99.852885
      max-rss: 3152

...
