"size","threads","connections","rps","latency","failed","server_usr","server_sys","client_usr","client_sys"
"1k",8,8,509414,0.000024660,0,15.50,27.12,7.20,30.32
"1k",8,16,401160,0.000069130,0,12.35,26.83,5.60,29.47
"1k",8,32,380575,0.000093590,0,11.47,28.69,5.23,30.89
"1k",8,64,278116,0.001450000,0,10.67,28.24,4.65,29.52
"1k",8,128,358262,0.000589670,0,10.59,29.65,4.55,32.23
"1k",8,256,397449,0.000880000,0,11.10,29.76,4.58,32.86
"1k",16,16,440405,0.000045690,0,11.82,28.23,6.52,32.39
"1k",16,32,363703,0.000105380,0,8.89,29.99,5.48,35.39
"1k",16,64,353853,0.000288760,0,8.23,30.57,5.13,36.13
"1k",16,128,329788,0.001430000,0,9.11,30.19,5.23,34.88
"1k",16,256,368383,0.001070000,0,9.42,30.15,4.95,35.30
"1k",32,32,459995,0.000089890,0,11.57,27.75,7.09,33.65
"1k",32,64,338813,0.000342570,0,7.70,30.01,5.63,36.24
"1k",32,128,341982,0.000632330,0,7.61,30.29,5.26,36.87
"1k",32,256,339580,0.000990000,0,7.80,30.42,5.36,36.45
"16k",8,8,265782,0.000141350,0,9.81,22.29,4.93,26.19
"16k",8,16,338452,0.000084500,0,11.51,26.46,5.78,30.87
"16k",8,32,311854,0.000113690,0,11.42,27.75,5.21,31.88
"16k",8,64,353801,0.000211460,0,11.25,28.28,4.89,33.10
"16k",8,128,315715,0.000537060,0,10.74,29.12,4.51,33.88
"16k",8,256,297006,0.001140000,0,11.42,28.60,4.63,33.36
"16k",16,16,406532,0.000225070,0,11.78,26.44,7.19,32.64
"16k",16,32,358754,0.000094950,0,8.59,29.28,5.64,36.31
"16k",16,64,332894,0.000250560,0,7.76,29.82,5.21,37.43
"16k",16,128,357993,0.000653320,0,8.40,29.53,5.29,37.21
"16k",16,256,369030,0.001010000,0,8.97,29.40,4.99,36.72
"16k",32,32,442389,0.000084030,0,11.30,26.47,7.75,34.74
"16k",32,64,280529,0.000485790,0,7.17,29.34,5.63,37.59
"16k",32,128,313816,0.000650870,0,7.22,29.52,5.40,38.16
"16k",32,256,319186,0.001010000,0,8.16,29.15,5.55,37.43
"64k",8,8,229008,0.000047240,0,9.46,27.11,5.73,32.03
"64k",8,16,202340,0.000084490,0,10.28,27.44,4.88,32.10
"64k",8,32,200618,0.000212350,0,10.57,28.47,4.66,32.51
"64k",8,64,135504,0.001140000,0,9.91,29.60,3.87,31.36
"64k",8,128,165559,0.000817780,0,10.72,29.84,3.61,33.56
"64k",8,256,161464,0.001600000,0,11.85,29.15,3.67,33.41
"64k",16,16,243178,0.000072230,0,9.25,28.91,6.01,35.77
"64k",16,32,188734,0.000189190,0,7.32,30.80,4.66,37.00
"64k",16,64,183196,0.000516950,0,7.19,31.82,4.44,36.82
"64k",16,128,182374,0.000970000,0,8.25,31.30,4.39,36.03
"64k",16,256,174531,0.001620000,0,10.66,30.31,4.07,34.83
"64k",32,32,237925,0.000153380,0,9.19,28.47,6.38,36.03
"64k",32,64,165825,0.000559730,0,6.83,31.23,4.87,37.32
"64k",32,128,164805,0.000980000,0,8.03,30.95,4.66,36.79
"64k",32,256,152907,0.001930000,0,9.85,30.28,4.72,35.41
"256k",8,8,97155,0.000151150,0,9.89,28.38,5.42,32.62
"256k",8,16,84389,0.000235530,0,9.70,30.55,4.43,31.47
"256k",8,32,65883,0.000547340,0,9.65,32.14,3.64,30.73
"256k",8,64,63936,0.001070000,0,9.92,33.35,3.11,31.25
"256k",8,128,58821,0.002100000,0,11.07,33.56,2.98,31.41
"256k",16,16,91637,0.000232320,0,9.02,32.39,5.00,33.43
"256k",16,32,76100,0.000544030,0,7.26,33.63,3.97,34.67
"256k",16,64,70563,0.001100000,0,8.27,34.35,3.65,33.63
"256k",16,128,63734,0.002080000,0,9.39,34.54,3.43,32.83
"256k",32,32,89216,0.000404920,0,7.88,32.65,5.22,34.72
"256k",32,64,67960,0.001070000,0,7.82,34.10,4.12,34.06
"256k",32,128,54144,0.003110000,0,10.37,34.03,4.10,32.00
"512k",8,8,39944,0.000416480,0,7.74,31.77,4.11,28.10
"512k",8,16,41200,0.000416540,0,9.09,33.26,3.81,29.52
"512k",8,32,34604,0.000970000,0,9.17,35.05,2.98,29.10
"512k",8,64,30174,0.002050000,0,9.58,37.59,2.77,29.34
"512k",8,128,27871,0.004300000,0,10.91,38.77,2.50,28.01
"512k",16,16,44787,0.000828600,0,8.30,35.26,4.81,31.23
"512k",16,32,32364,0.001600000,0,8.25,35.95,3.53,31.56
"512k",16,64,27752,0.002400000,0,9.82,37.89,3.07,29.19
"512k",16,128,24598,0.005350000,0,12.41,38.78,3.10,25.98
"512k",32,32,45408,0.000741210,0,8.21,35.54,4.67,32.13
"512k",32,64,29864,0.002240000,0,9.32,36.80,3.54,27.84
"512k",32,128,24177,0.005770000,0,11.71,39.14,3.58,26.02
