---
system-info:
      stress-ng-version: 0.17.08
      run-by: root
      date-yyyy-mm-dd: 2024:09:17
      time-hh-mm-ss: 05:19:17
      epoch-secs: 1726550357
      hostname: sc-runner
      sysname: Linux
      nodename: sc-runner
      release: 6.8.0-1014-azure
      version: '#16-Ubuntu SMP Thu Aug 15 20:04:41 UTC 2024'
      machine: x86_64
      compiler: 'musl-gcc 13.2.1'
      uptime: 307
      totalram: 270255984640
      freeram: 259578118144
      sharedram: 54960128
      bufferram: 284151808
      totalswap: 0
      freeswap: 0
      pagesize: 4096
      cpus: 16
      cpus-online: 16
      ticks-per-second: 100

metrics:
    - stressor: cpu
      bogo-ops: 37987
      bogo-ops-per-second-usr-sys-time: 1899.341073
      bogo-ops-per-second-real-time: 1899.344453
      wall-clock-time: 20.000058
      user-time: 19.999095
      system-time: 0.000999
      cpu-usage-per-instance: 100.000178
      max-rss: 3280

...
