BaselineInfo:
  WebDBID: -1
  TimeStamp: 20241108193052
Version:
  Major: 11
  Minor: 0
  Build: 1002
  SpecialBuildName: ""
  ptArchitecture: aarch64_linux
Results:
  Results Complete: true
  NumTestProcesses: 32
  CPU_INTEGER_MATH: 152777.25566666669
  CPU_FLOATINGPOINT_MATH: 151915.5661342612
  CPU_PRIME: 245.53429925926844
  CPU_SORTING: 125550.96314001092
  CPU_ENCRYPTION: 4453.3753645839452
  CPU_COMPRESSION: 169326.33623447313
  CPU_SINGLETHREAD: 1562.4974143678442
  CPU_PHYSICS: 6847.4992823873354
  CPU_MATRIX_MULT_SSE: 26494.871558917512
  CPU_mm: 3479.5892765306812
  CPU_sse: 22215.924932370919
  CPU_fma: 30773.818185464119
  CPU_avx: 0
  CPU_avx512: 0
  m_CPU_enc_SHA: 6764159615.410037
  m_CPU_enc_AES: 2591632519.0611124
  m_CPU_enc_ECDSA: 4653315444.4107761
  ME_ALLOC_S: 31275.255304071678
  ME_READ_S: 19682.968359375001
  ME_READ_L: 18952.060546875
  ME_WRITE: 19696.6875
  ME_LARGE: 241463.5
  ME_LATENCY: 51.429423657875247
  ME_THREADED: 239422.08349609375
  SUMM_CPU: 20751.948975772164
  SUMM_ME: 3101.3957227589344
SystemInformation:
  OSName: Ubuntu 24.04.1 LTS
  Kernel: 6.8.0-1016-aws
  Device: ""
  Processor: ARM Neoverse-V1 32 Core 0 MHz
  NumSockets: 1
  Manufacturer: ARM
  NumCores: 32
  NumLogicals: 32
  CPUFrequency: 0
  Memory: 253166
Checksum: 116657230679B006420001F015E48DEDF303EA91