BaselineInfo:
  WebDBID: -1
  TimeStamp: 20241108113249
Version:
  Major: 11
  Minor: 0
  Build: 1002
  SpecialBuildName: ""
  ptArchitecture: x86_64_linux
Results:
  Results Complete: true
  NumTestProcesses: 16
  CPU_INTEGER_MATH: 43945.118666666662
  CPU_FLOATINGPOINT_MATH: 23600.283513678187
  CPU_PRIME: 80.810239817754265
  CPU_SORTING: 23088.687849036156
  CPU_ENCRYPTION: 6048.803267534372
  CPU_COMPRESSION: 193605.80650551239
  CPU_SINGLETHREAD: 1784.8426625310622
  CPU_PHYSICS: 1512.4999389649256
  CPU_MATRIX_MULT_SSE: 13827.174224259343
  CPU_mm: 1334.350781597818
  CPU_sse: 4768.381816944383
  CPU_fma: 16330.844721404177
  CPU_avx: 11543.568998894638
  CPU_avx512: 22665.901359794156
  m_CPU_enc_SHA: 1987901413.7281382
  m_CPU_enc_AES: 15265080359.019062
  m_CPU_enc_ECDSA: 1774908032.4271655
  ME_ALLOC_S: 5356.1168203652633
  ME_READ_S: 21617.808984374999
  ME_READ_L: 11664.6796875
  ME_WRITE: 10313.1982421875
  ME_LARGE: 118601.66666666667
  ME_LATENCY: 48.59800835086898
  ME_THREADED: 74887.5107421875
  SUMM_CPU: 14224.852362518845
  SUMM_ME: 2651.1206495811984
SystemInformation:
  OSName: Ubuntu 24.04.1 LTS
  Kernel: 6.8.0-1017-azure
  Device: ""
  Processor: Intel Xeon Platinum 8272CL CPU @ 2.60GHz
  NumSockets: 1
  Manufacturer: GenuineIntel
  NumCores: 8
  NumLogicals: 16
  CPUFrequency: 0
  Memory: 128809
  MemModuleInfo:
    iNumMemSticks: 3
    DIMM 1:
      manufacturer: Microsoft Corporation
      modulePartNo: None
      memType: Unknown
      size: 1
      clkspeed: 0
      moduleVoltage: 0
    DIMM 2:
      manufacturer: Microsoft Corporation
      modulePartNo: None
      memType: Unknown
      size: 60928
      clkspeed: 0
      moduleVoltage: 0
    DIMM 3:
      manufacturer: Microsoft Corporation
      modulePartNo: None
      memType: Unknown
      size: 69120
      clkspeed: 0
      moduleVoltage: 0
Checksum: 364BD6D424155CC42A0EAFFD137F6FFA302F96F5