---
system-info:
      stress-ng-version: 0.17.08
      run-by: root
      date-yyyy-mm-dd: 2024:06:07
      time-hh-mm-ss: 23:55:29
      epoch-secs: 1717804529
      hostname: 30dfffc29bbb
      sysname: Linux
      nodename: 30dfffc29bbb
      release: 6.8.0-1008-aws
      version: '#8-Ubuntu SMP Sat Apr 20 00:46:25 UTC 2024'
      machine: x86_64
      compiler: 'musl-gcc 13.2.1'
      uptime: 103
      totalram: 16469192704
      freeram: 12197568512
      sharedram: 59871232
      bufferram: 95076352
      totalswap: 0
      freeswap: 0
      pagesize: 4096
      cpus: 4
      cpus-online: 4
      ticks-per-second: 100

metrics:
    - stressor: cpu
      bogo-ops: 47315
      bogo-ops-per-second-usr-sys-time: 1189.374127
      bogo-ops-per-second-real-time: 4731.202911
      wall-clock-time: 10.000628
      user-time: 39.761426
      system-time: 0.020001
      cpu-usage-per-instance: 99.447323
      max-rss: 4048

...
