---
system-info:
      stress-ng-version: 0.17.08
      run-by: root
      date-yyyy-mm-dd: 2024:06:13
      time-hh-mm-ss: 14:55:29
      epoch-secs: 1718290529
      hostname: 913035c8ddcc
      sysname: Linux
      nodename: 913035c8ddcc
      release: 6.8.0-1008-aws
      version: '#8-Ubuntu SMP Sat Apr 20 00:46:25 UTC 2024'
      machine: x86_64
      compiler: 'musl-gcc 13.2.1'
      uptime: 116
      totalram: 16469188608
      freeram: 12147945472
      sharedram: 59871232
      bufferram: 105705472
      totalswap: 0
      freeswap: 0
      pagesize: 4096
      cpus: 4
      cpus-online: 4
      ticks-per-second: 100

metrics:
    - stressor: cpu
      bogo-ops: 77016
      bogo-ops-per-second-usr-sys-time: 966.219709
      bogo-ops-per-second-real-time: 3850.780181
      wall-clock-time: 20.000103
      user-time: 79.701584
      system-time: 0.006995
      cpu-usage-per-instance: 99.635211
      max-rss: 976

...
