---
system-info:
      stress-ng-version: 0.17.08
      run-by: root
      date-yyyy-mm-dd: 2024:07:01
      time-hh-mm-ss: 22:52:09
      epoch-secs: 1719874329
      hostname: c2d-highcpu-16-85ff6c3
      sysname: Linux
      nodename: c2d-highcpu-16-85ff6c3
      release: 6.8.0-1009-gcp
      version: '#10-Ubuntu SMP Wed Jun 12 18:52:23 UTC 2024'
      machine: x86_64
      compiler: 'musl-gcc 13.2.1'
      uptime: 179
      totalram: 33649340416
      freeram: 28403847168
      sharedram: 35000320
      bufferram: 125898752
      totalswap: 0
      freeswap: 0
      pagesize: 4096
      cpus: 16
      cpus-online: 16
      ticks-per-second: 100

metrics:
    - stressor: cpu
      bogo-ops: 57205
      bogo-ops-per-second-usr-sys-time: 2860.273311
      bogo-ops-per-second-real-time: 2860.240623
      wall-clock-time: 20.000066
      user-time: 19.999837
      system-time: 0.000000
      cpu-usage-per-instance: 99.998857
      max-rss: 1104

...
