BaselineInfo:
  WebDBID: -1
  TimeStamp: 20241111030831
Version:
  Major: 11
  Minor: 0
  Build: 1002
  SpecialBuildName: ""
  ptArchitecture: x86_64_linux
Results:
  Results Complete: true
  NumTestProcesses: 64
  CPU_INTEGER_MATH: 246680.19899999991
  CPU_FLOATINGPOINT_MATH: 175625.14132572128
  CPU_PRIME: 408.88511774803641
  CPU_SORTING: 122114.39945811716
  CPU_ENCRYPTION: 54349.524985810313
  CPU_COMPRESSION: 903403.33118673752
  CPU_SINGLETHREAD: 3143.2595367548965
  CPU_PHYSICS: 6969.2323015265274
  CPU_MATRIX_MULT_SSE: 63601.111894229289
  CPU_mm: 6728.3753883615391
  CPU_sse: 29306.592179602809
  CPU_fma: 72359.66489549262
  CPU_avx: 57068.171561921612
  CPU_avx512: 95670.018939900168
  m_CPU_enc_SHA: 57500736223.500359
  m_CPU_enc_AES: 74630652613.519745
  m_CPU_enc_ECDSA: 38837433697.542976
  ME_ALLOC_S: 28843.46514148956
  ME_READ_S: 27038.0986328125
  ME_READ_L: 10297.9677734375
  ME_WRITE: 8980.4033203125
  ME_LARGE: 1395155.8333333333
  ME_LATENCY: 72.661081898077867
  ME_THREADED: 230083.39990234375
  SUMM_CPU: 66425.605465223314
  SUMM_ME: 2344.6236291335945
SystemInformation:
  OSName: Ubuntu 24.04.1 LTS
  Kernel: 6.8.0-1017-azure
  Device: ""
  Processor: Intel Xeon Platinum 8473C
  NumSockets: 1
  Manufacturer: GenuineIntel
  NumCores: 32
  NumLogicals: 64
  CPUFrequency: 2100
  Memory: 1407653
  MemModuleInfo:
    iNumMemSticks: 3
    DIMM 1:
      manufacturer: Microsoft Corporation
      modulePartNo: None
      memType: Unknown
      size: 1
      clkspeed: 0
      moduleVoltage: 0
    DIMM 2:
      manufacturer: Microsoft Corporation
      modulePartNo: None
      memType: Unknown
      size: 59
      clkspeed: 0
      moduleVoltage: 0
    DIMM 3:
      manufacturer: Microsoft Corporation
      modulePartNo: None
      memType: Unknown
      size: 1337
      clkspeed: 0
      moduleVoltage: 0
Checksum: 19E85EC233063AD7FD4EBEF89EBD7D2A27A96400