---
system-info:
      stress-ng-version: 0.17.08
      run-by: root
      date-yyyy-mm-dd: 2024:09:17
      time-hh-mm-ss: 05:26:40
      epoch-secs: 1726550800
      hostname: sc-runner
      sysname: Linux
      nodename: sc-runner
      release: 6.8.0-1014-azure
      version: '#16-Ubuntu SMP Thu Aug 15 20:04:41 UTC 2024'
      machine: x86_64
      compiler: 'musl-gcc 13.2.1'
      uptime: 341
      totalram: 270259843072
      freeram: 259746742272
      sharedram: 42057728
      bufferram: 284954624
      totalswap: 0
      freeswap: 0
      pagesize: 4096
      cpus: 8
      cpus-online: 8
      ticks-per-second: 100

metrics:
    - stressor: cpu
      bogo-ops: 29014
      bogo-ops-per-second-usr-sys-time: 1451.001736
      bogo-ops-per-second-real-time: 1450.691353
      wall-clock-time: 20.000119
      user-time: 19.994842
      system-time: 0.000999
      cpu-usage-per-instance: 99.978609
      max-rss: 3024

...
