BaselineInfo:
  WebDBID: -1
  TimeStamp: 20250422002228
Version:
  Major: 11
  Minor: 0
  Build: 1002
  SpecialBuildName: ""
  ptArchitecture: aarch64_linux
Results:
  Results Complete: true
  NumTestProcesses: 32
  CPU_INTEGER_MATH: 166975.24399999998
  CPU_FLOATINGPOINT_MATH: 194008.02046608221
  CPU_PRIME: 386.43043666082912
  CPU_SORTING: 146952.92500522031
  CPU_ENCRYPTION: 6064.0847081367019
  CPU_COMPRESSION: 212655.98837054413
  CPU_SINGLETHREAD: 1940.0453164834746
  CPU_PHYSICS: 8953.506316132547
  CPU_MATRIX_MULT_SSE: 29420.661209862847
  CPU_mm: 3643.2184446907713
  CPU_sse: 23105.567026995745
  CPU_fma: 35735.755392729952
  CPU_avx: 0
  CPU_avx512: 0
  m_CPU_enc_SHA: 9562301709.0375175
  m_CPU_enc_AES: 3437663747.7695441
  m_CPU_enc_ECDSA: 6075995603.9503918
  ME_ALLOC_S: 47242.751389020137
  ME_READ_S: 21112.892968749999
  ME_READ_L: 19559.796875
  ME_WRITE: 21105.416015625
  ME_LARGE: 115226.91666666667
  ME_LATENCY: 47.740030588408779
  ME_THREADED: 405578.5234375
  SUMM_CPU: 26332.906459095659
  SUMM_ME: 3321.5214524906223
SystemInformation:
  OSName: Ubuntu 24.04.2 LTS
  Kernel: 6.8.0-1027-aws
  Device: ""
  Processor: ARM Neoverse-V2 32 Core 0 MHz
  NumSockets: 1
  Manufacturer: ARM
  NumCores: 32
  NumLogicals: 32
  CPUFrequency: 0
  Memory: 126506
Checksum: F8EE81FBF96A8D66DAC115E83EF4D9B7F1E23836