BaselineInfo:
  WebDBID: -1
  TimeStamp: 20260620071937
Version:
  Major: 11
  Minor: 0
  Build: 1004
  SpecialBuildName: ""
  ptArchitecture: x86_64_linux
Results:
  Results Complete: true
  NumTestProcesses: 16
  CPU_INTEGER_MATH: 108746.77133333334
  CPU_FLOATINGPOINT_MATH: 108327.07292418487
  CPU_PRIME: 381.84085640843062
  CPU_SORTING: 62355.113851640126
  CPU_ENCRYPTION: 22484.240174444931
  CPU_COMPRESSION: 455987.35422446229
  CPU_SINGLETHREAD: 3405.571345068699
  CPU_PHYSICS: 5292.1606914289951
  CPU_MATRIX_MULT_SSE: 41083.890784478244
  CPU_mm: 4825.0055459871337
  CPU_sse: 15017.481862608613
  CPU_fma: 56349.774265058928
  CPU_avx: 30099.128044263438
  CPU_avx512: 62869.178965982006
  m_CPU_enc_SHA: 31458934555.232277
  m_CPU_enc_AES: 19623661427.515682
  m_CPU_enc_ECDSA: 19646707892.728333
  ME_ALLOC_S: 18915.505171046301
  ME_READ_S: 30166.664257812499
  ME_READ_L: 27690.927734375
  ME_WRITE: 29284.076171875
  ME_LARGE: 120111.58333333333
  ME_LATENCY: 85.181269128414428
  ME_THREADED: 116748.04296875
  SUMM_CPU: 41088.099451936738
  SUMM_ME: 2668.3635262203306
SystemInformation:
  OSName: Ubuntu 24.04.4 LTS
  Kernel: 6.17.0-1018-azure
  Device: ""
  Processor: "AMD EPYC 9V45 96-Core Processor                "
  NumSockets: 1
  Manufacturer: AuthenticAMD
  NumCores: 16
  NumLogicals: 16
  CPUFrequency: 0
  CPUMaxFrequency: 0
  Memory: 128809
  CPUInfo:
    number: 1
    Family: 15
    Model: 2
    stepping: 1
    features: 395049983
    manufacture: AuthenticAMD
    typestring: "AMD EPYC 9V45 96-Core Processor                "
    iCoresPerPackage: 16
    iThreadsPerPackage: 1
    featuresEx:
      - 395049983
      - 4277809667
      - 802421759
    bHybrid: false
    nPCore: 0
    nLogicalsPerPCore: 0
    nECore: 0
    nLogicalsPerECore: 0
  MemModuleInfo:
    iNumMemSticks: 3
    DIMM 1:
      manufacturer: Microsoft Corporation
      modulePartNo: None
      memType: Unknown
      size: 1
      clkspeed: 0
      moduleVoltage: 0
    DIMM 2:
      manufacturer: Microsoft Corporation
      modulePartNo: None
      memType: Unknown
      size: 59
      clkspeed: 0
      moduleVoltage: 0
    DIMM 3:
      manufacturer: Microsoft Corporation
      modulePartNo: None
      memType: Unknown
      size: 68
      clkspeed: 0
      moduleVoltage: 0
Checksum: 320A4F0D5BF103A53A3DA248B6976239EC8B08B4