---
system-info:
      stress-ng-version: 0.17.08
      run-by: root
      date-yyyy-mm-dd: 2024:09:21
      time-hh-mm-ss: 10:48:10
      epoch-secs: 1726915690
      hostname: sc-runner
      sysname: Linux
      nodename: sc-runner
      release: 6.8.0-1014-azure
      version: '#16-Ubuntu SMP Thu Aug 15 20:04:41 UTC 2024'
      machine: x86_64
      compiler: 'musl-gcc 13.2.1'
      uptime: 347
      totalram: 67424833536
      freeram: 57151897600
      sharedram: 38105088
      bufferram: 258994176
      totalswap: 0
      freeswap: 0
      pagesize: 4096
      cpus: 4
      cpus-online: 4
      ticks-per-second: 100

metrics:
    - stressor: cpu
      bogo-ops: 54044
      bogo-ops-per-second-usr-sys-time: 2702.229184
      bogo-ops-per-second-real-time: 2702.189756
      wall-clock-time: 20.000076
      user-time: 19.999784
      system-time: 0.000000
      cpu-usage-per-instance: 99.998541
      max-rss: 1032

...
