---
system-info:
      stress-ng-version: 0.17.08
      run-by: root
      date-yyyy-mm-dd: 2024:06:28
      time-hh-mm-ss: 19:37:15
      epoch-secs: 1719603435
      hostname: c3d-highcpu-360-86af1c5
      sysname: Linux
      nodename: c3d-highcpu-360-86af1c5
      release: 6.8.0-1009-gcp
      version: '#10-Ubuntu SMP Wed Jun 12 18:52:23 UTC 2024'
      machine: x86_64
      compiler: 'musl-gcc 13.2.1'
      uptime: 159
      totalram: 748007563264
      freeram: 740700921856
      sharedram: 69242880
      bufferram: 133206016
      totalswap: 0
      freeswap: 0
      pagesize: 4096
      cpus: 360
      cpus-online: 360
      ticks-per-second: 100

metrics:
    - stressor: cpu
      bogo-ops: 61422
      bogo-ops-per-second-usr-sys-time: 3071.258016
      bogo-ops-per-second-real-time: 3071.089859
      wall-clock-time: 20.000066
      user-time: 19.998971
      system-time: 0.000000
      cpu-usage-per-instance: 99.994525
      max-rss: 0

...
