BaselineInfo:
  WebDBID: -1
  TimeStamp: 20241107053651
Version:
  Major: 11
  Minor: 0
  Build: 1002
  SpecialBuildName: ""
  ptArchitecture: x86_64_linux
Results:
  Results Complete: true
  NumTestProcesses: 2
  CPU_INTEGER_MATH: 9162.8576666666668
  CPU_FLOATINGPOINT_MATH: 6546.1146503393429
  CPU_PRIME: 17.801328256082783
  CPU_SORTING: 4532.1632965227709
  CPU_ENCRYPTION: 2031.8199272209131
  CPU_COMPRESSION: 34534.245999152823
  CPU_SINGLETHREAD: 2775.3185863293706
  CPU_PHYSICS: 424.53985535227986
  CPU_MATRIX_MULT_SSE: 2200.8576440582701
  CPU_mm: 250.03088922349068
  CPU_sse: 1073.4827265664783
  CPU_fma: 2612.0999536307509
  CPU_avx: 2091.1443148898998
  CPU_avx512: 3026.7035811459518
  m_CPU_enc_SHA: 2141708645.0502396
  m_CPU_enc_AES: 2751284861.190403
  m_CPU_enc_ECDSA: 1498559329.7761455
  ME_ALLOC_S: 942.12482515330942
  ME_READ_S: 25409.099804687499
  ME_READ_L: 7284.19775390625
  ME_WRITE: 10867.201171875
  ME_LARGE: 623.66666666666663
  ME_LATENCY: 91.110264670173777
  ME_THREADED: 10263.30712890625
  SUMM_CPU: 3500.9767250436844
  SUMM_ME: 840.67019335146438
SystemInformation:
  OSName: Ubuntu 24.04.1 LTS
  Kernel: 6.8.0-1016-aws
  Device: ""
  Processor: Intel Xeon Platinum 8488C
  NumSockets: 1
  Manufacturer: GenuineIntel
  NumCores: 1
  NumLogicals: 2
  CPUFrequency: 0
  Memory: 3816
  MemModuleInfo:
    iNumMemSticks: 1
    DIMM 1:
      manufacturer: Not Specified
      modulePartNo: Not Specified
      memType: DDR5
      size: 4
      clkspeed: 2400
      moduleVoltage: 0
Checksum: A72A8DD1C9F6C1F9333C4AADE664AAB7E5A09956