BaselineInfo:
  WebDBID: -1
  TimeStamp: 20241115163223
Version:
  Major: 11
  Minor: 0
  Build: 1002
  SpecialBuildName: ""
  ptArchitecture: x86_64_linux
Results:
  Results Complete: true
  NumTestProcesses: 2
  CPU_INTEGER_MATH: 9342.2983333333323
  CPU_FLOATINGPOINT_MATH: 6713.8916903841355
  CPU_PRIME: 17.27287851393119
  CPU_SORTING: 4568.9075418891425
  CPU_ENCRYPTION: 2081.8995769657708
  CPU_COMPRESSION: 35668.961055106265
  CPU_SINGLETHREAD: 2843.0630333169406
  CPU_PHYSICS: 419.06540156232222
  CPU_MATRIX_MULT_SSE: 2349.5246263323988
  CPU_mm: 259.78339671472395
  CPU_sse: 1120.2551431377769
  CPU_fma: 2748.743832433252
  CPU_avx: 2196.8999402192248
  CPU_avx512: 3332.199589539342
  m_CPU_enc_SHA: 2188270309.9867401
  m_CPU_enc_AES: 2824600230.5349951
  m_CPU_enc_ECDSA: 1536219251.9276462
  ME_ALLOC_S: 924.42026944294821
  ME_READ_S: 25659.246484374999
  ME_READ_L: 7029.3759765625
  ME_WRITE: 10367.001953125
  ME_LARGE: 591.41666666666663
  ME_LATENCY: 95.197727841732558
  ME_THREADED: 9845.8544921875
  SUMM_CPU: 3589.5222801235468
  SUMM_ME: 805.61691594792899
SystemInformation:
  OSName: Ubuntu 24.04.1 LTS
  Kernel: 6.8.0-1018-aws
  Device: ""
  Processor: Intel Xeon Platinum 8488C
  NumSockets: 1
  Manufacturer: GenuineIntel
  NumCores: 1
  NumLogicals: 2
  CPUFrequency: 0
  Memory: 3816
  MemModuleInfo:
    iNumMemSticks: 1
    DIMM 1:
      manufacturer: Not Specified
      modulePartNo: Not Specified
      memType: DDR5
      size: 4
      clkspeed: 2400
      moduleVoltage: 0
Checksum: A8437D35EE9735321E75A32059AECE5252B515AB