BaselineInfo:
  WebDBID: -1
  TimeStamp: 20241115025616
Version:
  Major: 11
  Minor: 0
  Build: 1002
  SpecialBuildName: ""
  ptArchitecture: x86_64_linux
Results:
  Results Complete: true
  NumTestProcesses: 2
  CPU_INTEGER_MATH: 8630.4996666666666
  CPU_FLOATINGPOINT_MATH: 6165.2342974832645
  CPU_PRIME: 16.996132970370461
  CPU_SORTING: 4265.3877565311541
  CPU_ENCRYPTION: 1880.1081897311765
  CPU_COMPRESSION: 32545.026148334633
  CPU_SINGLETHREAD: 2610.8248698196307
  CPU_PHYSICS: 407.91397788293204
  CPU_MATRIX_MULT_SSE: 2001.2019199481997
  CPU_mm: 236.68076193425361
  CPU_sse: 1024.9590365991789
  CPU_fma: 2326.5469325245977
  CPU_avx: 1904.7861192033324
  CPU_avx512: 2748.5155914656898
  m_CPU_enc_SHA: 2015410395.8053327
  m_CPU_enc_AES: 2596710025.4946713
  m_CPU_enc_ECDSA: 1302188554.1666698
  ME_ALLOC_S: 891.66117378006049
  ME_READ_S: 24135.341210937499
  ME_READ_L: 7196.91845703125
  ME_WRITE: 10065.8984375
  ME_LARGE: 564.83333333333337
  ME_LATENCY: 95.872371841908333
  ME_THREADED: 9801.5712890625
  SUMM_CPU: 3277.067196559899
  SUMM_ME: 784.3551709324156
SystemInformation:
  OSName: Ubuntu 24.04.1 LTS
  Kernel: 6.8.0-1018-aws
  Device: ""
  Processor: Intel Xeon Platinum 8488C
  NumSockets: 1
  Manufacturer: GenuineIntel
  NumCores: 1
  NumLogicals: 2
  CPUFrequency: 0
  Memory: 3816
  MemModuleInfo:
    iNumMemSticks: 1
    DIMM 1:
      manufacturer: Not Specified
      modulePartNo: Not Specified
      memType: DDR5
      size: 4
      clkspeed: 2400
      moduleVoltage: 0
Checksum: 9045A5233783B2A7EA93CB40581050F54037FA11