---
system-info:
      stress-ng-version: 0.17.08
      run-by: root
      date-yyyy-mm-dd: 2024:09:23
      time-hh-mm-ss: 10:48:23
      epoch-secs: 1727088503
      hostname: sc-runner
      sysname: Linux
      nodename: sc-runner
      release: 6.8.0-1014-azure
      version: '#16-Ubuntu SMP Thu Aug 15 20:04:41 UTC 2024'
      machine: x86_64
      compiler: 'musl-gcc 13.2.1'
      uptime: 305
      totalram: 202605694976
      freeram: 191792381952
      sharedram: 38375424
      bufferram: 290381824
      totalswap: 0
      freeswap: 0
      pagesize: 4096
      cpus: 32
      cpus-online: 32
      ticks-per-second: 100

metrics:
    - stressor: cpu
      bogo-ops: 862288
      bogo-ops-per-second-usr-sys-time: 1348.246301
      bogo-ops-per-second-real-time: 43114.279203
      wall-clock-time: 20.000056
      user-time: 639.537682
      system-time: 0.024985
      cpu-usage-per-instance: 99.931387
      max-rss: 3080

...
