BaselineInfo:
  WebDBID: -1
  TimeStamp: 20241110060211
Version:
  Major: 11
  Minor: 0
  Build: 1002
  SpecialBuildName: ""
  ptArchitecture: x86_64_linux
Results:
  Results Complete: true
  NumTestProcesses: 96
  CPU_INTEGER_MATH: 402446.03399999993
  CPU_FLOATINGPOINT_MATH: 205700.53239373022
  CPU_PRIME: 460.76987917728462
  CPU_SORTING: 195943.7851043416
  CPU_ENCRYPTION: 86328.73781478779
  CPU_COMPRESSION: 1445239.5879338311
  CPU_SINGLETHREAD: 2365.1385364133798
  CPU_PHYSICS: 7822.6374569508744
  CPU_MATRIX_MULT_SSE: 84754.964478011942
  CPU_mm: 8626.9746127468279
  CPU_sse: 37449.884581974904
  CPU_fma: 101050.63555295642
  CPU_avx: 76924.677478059297
  CPU_avx512: 123594.66029905716
  m_CPU_enc_SHA: 87395990726.36438
  m_CPU_enc_AES: 131011853358.01854
  m_CPU_enc_ECDSA: 53158883664.253883
  ME_ALLOC_S: 29687.829073470122
  ME_READ_S: 23740.022851562499
  ME_READ_L: 11196.5986328125
  ME_WRITE: 10455.912109375
  ME_LARGE: 367929.08333333331
  ME_LATENCY: 60.372243927835875
  ME_THREADED: 235150.26196289062
  SUMM_CPU: 75459.920142450996
  SUMM_ME: 2592.3949263977684
SystemInformation:
  OSName: Ubuntu 24.04.1 LTS
  Kernel: 6.8.0-1016-aws
  Device: ""
  Processor: Intel Xeon Platinum 8375C CPU @ 2.90GHz
  NumSockets: 2
  Manufacturer: GenuineIntel
  NumCores: 48
  NumLogicals: 96
  CPUFrequency: 0
  Memory: 380810
  MemModuleInfo:
    iNumMemSticks: 2
    DIMM 1:
      manufacturer: Not Specified
      modulePartNo: Not Specified
      memType: DDR4
      size: 192
      clkspeed: 1600
      moduleVoltage: 0
    DIMM 2:
      manufacturer: Not Specified
      modulePartNo: Not Specified
      memType: DDR4
      size: 192
      clkspeed: 1600
      moduleVoltage: 0
Checksum: BAE6EDE18D10B604F0D0DC3F0CDB41135CB01132