---
system-info:
      stress-ng-version: 0.17.08
      run-by: root
      date-yyyy-mm-dd: 2024:07:02
      time-hh-mm-ss: 09:29:45
      epoch-secs: 1719912585
      hostname: e2-standard-32-a8f110c
      sysname: Linux
      nodename: e2-standard-32-a8f110c
      release: 6.8.0-1009-gcp
      version: '#10-Ubuntu SMP Wed Jun 12 18:52:23 UTC 2024'
      machine: x86_64
      compiler: 'musl-gcc 13.2.1'
      uptime: 197
      totalram: 135061831680
      freeram: 129525231616
      sharedram: 59187200
      bufferram: 128167936
      totalswap: 0
      freeswap: 0
      pagesize: 4096
      cpus: 32
      cpus-online: 32
      ticks-per-second: 100

metrics:
    - stressor: cpu
      bogo-ops: 22269
      bogo-ops-per-second-usr-sys-time: 1113.560131
      bogo-ops-per-second-real-time: 1113.444372
      wall-clock-time: 20.000101
      user-time: 19.998022
      system-time: 0.000000
      cpu-usage-per-instance: 99.989605
      max-rss: 1032

...
