BaselineInfo:
  WebDBID: -1
  TimeStamp: 20241108172711
Version:
  Major: 11
  Minor: 0
  Build: 1002
  SpecialBuildName: ""
  ptArchitecture: x86_64_linux
Results:
  Results Complete: true
  NumTestProcesses: 16
  CPU_INTEGER_MATH: 43554.878999999994
  CPU_FLOATINGPOINT_MATH: 32621.874014008852
  CPU_PRIME: 122.2828853246324
  CPU_SORTING: 30537.492070156306
  CPU_ENCRYPTION: 4196.5126444360085
  CPU_COMPRESSION: 228670.51959349788
  CPU_SINGLETHREAD: 1673.0560687774612
  CPU_PHYSICS: 1085.6894307474024
  CPU_MATRIX_MULT_SSE: 14542.971912887882
  CPU_mm: 2002.2494829789175
  CPU_sse: 8054.107524826275
  CPU_fma: 20014.425965050661
  CPU_avx: 15560.382248786709
  CPU_avx512: 0
  m_CPU_enc_SHA: 2972770501.2646046
  m_CPU_enc_AES: 7575680278.5525608
  m_CPU_enc_ECDSA: 2652636548.1392312
  ME_ALLOC_S: 7961.0704696617349
  ME_READ_S: 18565.540820312501
  ME_READ_L: 8881.8740234375
  ME_WRITE: 7283.2001953125
  ME_LARGE: 118289.58333333333
  ME_LATENCY: 69.613034173555278
  ME_THREADED: 34770.65380859375
  SUMM_CPU: 14290.745711074549
  SUMM_ME: 1961.2567216910547
SystemInformation:
  OSName: Ubuntu 24.04.1 LTS
  Kernel: 6.8.0-1017-azure
  Device: ""
  Processor: Intel Xeon CPU E5-2698B v3 @ 2.00GHz
  NumSockets: 1
  Manufacturer: GenuineIntel
  NumCores: 16
  NumLogicals: 16
  CPUFrequency: 0
  Memory: 128809
  MemModuleInfo:
    iNumMemSticks: 3
    DIMM 1:
      manufacturer: Microsoft Corporation
      modulePartNo: None
      memType: Unknown
      size: 1
      clkspeed: 0
      moduleVoltage: 0
    DIMM 2:
      manufacturer: Microsoft Corporation
      modulePartNo: None
      memType: Unknown
      size: 60928
      clkspeed: 0
      moduleVoltage: 0
    DIMM 3:
      manufacturer: Microsoft Corporation
      modulePartNo: None
      memType: Unknown
      size: 69120
      clkspeed: 0
      moduleVoltage: 0
Checksum: 46C91FE8DAAC16C49E691A34945F9AA911E23702