---
system-info:
      stress-ng-version: 0.17.08
      run-by: root
      date-yyyy-mm-dd: 2024:06:16
      time-hh-mm-ss: 02:29:13
      epoch-secs: 1718504953
      hostname: aaea9cb64f8f
      sysname: Linux
      nodename: aaea9cb64f8f
      release: 6.8.0-1008-aws
      version: '#8-Ubuntu SMP Sat Apr 20 02:43:14 UTC 2024'
      machine: aarch64
      compiler: 'musl-gcc 13.2.1'
      uptime: 142
      totalram: 398371143680
      freeram: 393559150592
      sharedram: 34979840
      bufferram: 109613056
      totalswap: 0
      freeswap: 0
      pagesize: 4096
      cpus: 48
      cpus-online: 48
      ticks-per-second: 100

metrics:
    - stressor: cpu
      bogo-ops: 30650
      bogo-ops-per-second-usr-sys-time: 1532.484905
      bogo-ops-per-second-real-time: 1532.492820
      wall-clock-time: 20.000094
      user-time: 20.000197
      system-time: 0.000000
      cpu-usage-per-instance: 100.000517
      max-rss: 1152

...
