---
system-info:
      stress-ng-version: 0.17.08
      run-by: root
      date-yyyy-mm-dd: 2024:06:09
      time-hh-mm-ss: 22:20:57
      epoch-secs: 1717971657
      hostname: 6a0d95b31880
      sysname: Linux
      nodename: 6a0d95b31880
      release: 6.8.0-1008-aws
      version: '#8-Ubuntu SMP Sat Apr 20 02:43:14 UTC 2024'
      machine: aarch64
      compiler: 'musl-gcc 13.2.1'
      uptime: 127
      totalram: 398371151872
      freeram: 393321304064
      sharedram: 34979840
      bufferram: 111992832
      totalswap: 0
      freeswap: 0
      pagesize: 4096
      cpus: 48
      cpus-online: 48
      ticks-per-second: 100

metrics:
    - stressor: cpu
      bogo-ops: 4267
      bogo-ops-per-second-usr-sys-time: 424.894877
      bogo-ops-per-second-real-time: 424.897992
      wall-clock-time: 10.042410
      user-time: 10.041484
      system-time: 0.001000
      cpu-usage-per-instance: 100.000733
      max-rss: 4224

...
