BaselineInfo:
  WebDBID: -1
  TimeStamp: 20260713195219
Version:
  Major: 11
  Minor: 0
  Build: 1004
  SpecialBuildName: ""
  ptArchitecture: x86_64_linux
Results:
  Results Complete: true
  NumTestProcesses: 192
  CPU_INTEGER_MATH: 760878.7183333335
  CPU_FLOATINGPOINT_MATH: 538634.93464873871
  CPU_PRIME: 1473.8990616653559
  CPU_SORTING: 361641.35575901746
  CPU_ENCRYPTION: 167291.32561709589
  CPU_COMPRESSION: 2702199.6398165342
  CPU_SINGLETHREAD: 2916.3383724819873
  CPU_PHYSICS: 22325.357809996596
  CPU_MATRIX_MULT_SSE: 203279.60651851163
  CPU_mm: 20778.80548065433
  CPU_sse: 89127.81761883742
  CPU_fma: 222333.04996643256
  CPU_avx: 174046.90489728478
  CPU_avx512: 327610.65359149128
  m_CPU_enc_SHA: 176796448455.57172
  m_CPU_enc_AES: 230025044429.35748
  m_CPU_enc_ECDSA: 119431514265.88657
  ME_ALLOC_S: 35902.533993013043
  ME_READ_S: 26708.817187500001
  ME_READ_L: 11176.2021484375
  ME_WRITE: 10167.4169921875
  ME_LARGE: 759666.91666666663
  ME_LATENCY: 57.470992760586135
  ME_THREADED: 635979.26513671875
  SUMM_CPU: 122467.64453608869
  SUMM_ME: 2730.1171850078472
SystemInformation:
  OSName: Ubuntu 24.04.4 LTS
  Kernel: 6.17.0-1018-azure
  Device: ""
  Processor: INTEL(R) XEON(R) PLATINUM 8573C
  NumSockets: 2
  Manufacturer: GenuineIntel
  NumCores: 96
  NumLogicals: 192
  CPUFrequency: 2300
  CPUMaxFrequency: 2300
  Memory: 773961
  CPUInfo:
    number: 2
    Family: 6
    Model: 15
    stepping: 2
    features: 529267711
    manufacture: GenuineIntel
    typestring: INTEL(R) XEON(R) PLATINUM 8573C
    iCoresPerPackage: 64
    iThreadsPerPackage: 2
    featuresEx:
      - 529267711
      - 4294586915
      - 739248128
    bHybrid: false
    nPCore: 0
    nLogicalsPerPCore: 0
    nECore: 0
    nLogicalsPerECore: 0
  MemModuleInfo:
    iNumMemSticks: 6
    DIMM 1:
      manufacturer: Microsoft Corporation
      modulePartNo: None
      memType: Unknown
      size: 1
      clkspeed: 0
      moduleVoltage: 0
    DIMM 2:
      manufacturer: Microsoft Corporation
      modulePartNo: None
      memType: Unknown
      size: 59
      clkspeed: 0
      moduleVoltage: 0
    DIMM 3:
      manufacturer: Microsoft Corporation
      modulePartNo: None
      memType: Unknown
      size: 132
      clkspeed: 0
      moduleVoltage: 0
    DIMM 4:
      manufacturer: Microsoft Corporation
      modulePartNo: None
      memType: Unknown
      size: 192
      clkspeed: 0
      moduleVoltage: 0
    DIMM 5:
      manufacturer: Microsoft Corporation
      modulePartNo: None
      memType: Unknown
      size: 192
      clkspeed: 0
      moduleVoltage: 0
    DIMM 6:
      manufacturer: Microsoft Corporation
      modulePartNo: None
      memType: Unknown
      size: 192
      clkspeed: 0
      moduleVoltage: 0
Checksum: 9C4EEE27FD7B4FC48147600FE9DB6FE9F6390C6A