BaselineInfo:
  WebDBID: -1
  TimeStamp: 20260611150757
Version:
  Major: 11
  Minor: 0
  Build: 1004
  SpecialBuildName: ""
  ptArchitecture: aarch64_linux
Results:
  Results Complete: true
  NumTestProcesses: 64
  CPU_INTEGER_MATH: 391715.96966666658
  CPU_FLOATINGPOINT_MATH: 489542.35196095722
  CPU_PRIME: 1130.0163206935586
  CPU_SORTING: 340125.26001008367
  CPU_ENCRYPTION: 19064.821337266185
  CPU_COMPRESSION: 596293.48102868116
  CPU_SINGLETHREAD: 2466.3426688290751
  CPU_PHYSICS: 19081.211678590178
  CPU_MATRIX_MULT_SSE: 86083.761454171006
  CPU_mm: 8636.9652977227197
  CPU_sse: 68371.23959153032
  CPU_fma: 103796.28331681169
  CPU_avx: 0
  CPU_avx512: 0
  m_CPU_enc_SHA: 32328817801.20697
  m_CPU_enc_AES: 8845227579.2723694
  m_CPU_enc_ECDSA: 18798696915.156342
  ME_ALLOC_S: 59174.385997386933
  ME_READ_S: 24879.171875
  ME_READ_L: 24664.501953125
  ME_WRITE: 25055.275390625
  ME_LARGE: 241510.41666666666
  ME_LATENCY: 26.402286312134759
  ME_THREADED: 381656.1396484375
  SUMM_CPU: 60913.915433142145
  SUMM_ME: 4742.2677895875204
SystemInformation:
  OSName: Ubuntu 24.04.4 LTS
  Kernel: 6.17.0-1017-aws
  Device: ""
  Processor: ARM Neoverse-V3 64 Core 0 MHz
  NumSockets: 1
  Manufacturer: ARM
  NumCores: 64
  NumLogicals: 64
  CPUFrequency: 0
  CPUMaxFrequency: 0
  Memory: 253246
Checksum: 9392AC4A457FEEFDA190C9ECEF6D903EA38BC381