---
system-info:
      stress-ng-version: 0.17.08
      run-by: root
      date-yyyy-mm-dd: 2024:07:02
      time-hh-mm-ss: 03:31:47
      epoch-secs: 1719891107
      hostname: t2a-standard-16-1cb8299
      sysname: Linux
      nodename: t2a-standard-16-1cb8299
      release: 6.8.0-1009-gcp
      version: '#10-Ubuntu SMP Thu Jun 13 02:33:24 UTC 2024'
      machine: aarch64
      compiler: 'musl-gcc 13.2.1'
      uptime: 177
      totalram: 67285737472
      freeram: 62083641344
      sharedram: 3534848
      bufferram: 126566400
      totalswap: 0
      freeswap: 0
      pagesize: 4096
      cpus: 16
      cpus-online: 16
      ticks-per-second: 100

metrics:
    - stressor: cpu
      bogo-ops: 36279
      bogo-ops-per-second-usr-sys-time: 1813.979114
      bogo-ops-per-second-real-time: 1813.942237
      wall-clock-time: 20.000086
      user-time: 19.999679
      system-time: 0.000000
      cpu-usage-per-instance: 99.997967
      max-rss: 1192

...
