BaselineInfo:
  WebDBID: -1
  TimeStamp: 20260615150756
Version:
  Major: 11
  Minor: 0
  Build: 1004
  SpecialBuildName: ""
  ptArchitecture: x86_64_linux
Results:
  Results Complete: true
  NumTestProcesses: 3
  CPU_INTEGER_MATH: 19412.725333333336
  CPU_FLOATINGPOINT_MATH: 12559.745459672977
  CPU_PRIME: 39.378040216842187
  CPU_SORTING: 7844.9643197001551
  CPU_ENCRYPTION: 1879.0702011750927
  CPU_COMPRESSION: 65526.248225856543
  CPU_SINGLETHREAD: 2751.8353709957337
  CPU_PHYSICS: 630.151468504832
  CPU_MATRIX_MULT_SSE: 3977.6059278623761
  CPU_mm: 624.34757758445062
  CPU_sse: 2586.7774967662267
  CPU_fma: 5909.2341630561441
  CPU_avx: 3436.8061237647566
  CPU_avx512: 0
  m_CPU_enc_SHA: 680289331.6874398
  m_CPU_enc_AES: 4481796511.5301905
  m_CPU_enc_ECDSA: 748957902.58449137
  ME_ALLOC_S: 2599.7758277376297
  ME_READ_S: 24766.005761718749
  ME_READ_L: 13390.23046875
  ME_WRITE: 12309.0634765625
  ME_LARGE: 3421.25
  ME_LATENCY: 52.906154887394202
  ME_THREADED: 29867.8662109375
  SUMM_CPU: 5738.3970079240316
  SUMM_ME: 2051.1488134641204
SystemInformation:
  OSName: Ubuntu 24.04.4 LTS
  Kernel: 6.8.0-124-generic
  Device: ""
  Processor: Intel Core Processor (Skylake, IBRS)
  NumSockets: 1
  Manufacturer: GenuineIntel
  NumCores: 3
  NumLogicals: 3
  CPUFrequency: 7
  CPUMaxFrequency: 832
  Memory: 7935
  CPUInfo:
    number: 1
    Family: 6
    Model: 14
    stepping: 3
    features: 395049983
    manufacture: GenuineIntel
    typestring: Intel Core Processor (Skylake, IBRS)
    iCoresPerPackage: 3
    iThreadsPerPackage: 1
    featuresEx:
      - 395049983
      - 4294586883
      - 672139264
    bHybrid: false
    nPCore: 0
    nLogicalsPerPCore: 0
    nECore: 0
    nLogicalsPerECore: 0
  MemModuleInfo:
    iNumMemSticks: 1
    DIMM 1:
      manufacturer: QEMU
      modulePartNo: Not Specified
      memType: RAM
      size: 8
      clkspeed: 0
      moduleVoltage: 0
Checksum: D46FAC08206E8339084DB487C7E93539053DC919