BaselineInfo:
  WebDBID: -1
  TimeStamp: 20241107072148
Version:
  Major: 11
  Minor: 0
  Build: 1002
  SpecialBuildName: ""
  ptArchitecture: x86_64_linux
Results:
  Results Complete: true
  NumTestProcesses: 2
  CPU_INTEGER_MATH: 6146.8723333333337
  CPU_FLOATINGPOINT_MATH: 3303.3175042400285
  CPU_PRIME: 13.625548271796035
  CPU_SORTING: 3264.9789091686171
  CPU_ENCRYPTION: 842.70051462223159
  CPU_COMPRESSION: 27349.089057051911
  CPU_SINGLETHREAD: 1937.187138596689
  CPU_PHYSICS: 289.26513087167274
  CPU_MATRIX_MULT_SSE: 1721.9278946145303
  CPU_mm: 187.03262758441963
  CPU_sse: 665.71015423853146
  CPU_fma: 2211.9366023567272
  CPU_avx: 1566.1241575644015
  CPU_avx512: 2443.9406642984613
  m_CPU_enc_SHA: 276038109.38721633
  m_CPU_enc_AES: 2129099464.9446955
  m_CPU_enc_ECDSA: 245769030.1296517
  ME_ALLOC_S: 718.73112951803728
  ME_READ_S: 23850.563671874999
  ME_READ_L: 10899.548828125
  ME_WRITE: 10235.35546875
  ME_LARGE: 731.25
  ME_LATENCY: 54.053530164357063
  ME_THREADED: 12948.5244140625
  SUMM_CPU: 2216.3779275660099
  SUMM_ME: 1031.0327815560599
SystemInformation:
  OSName: Ubuntu 24.04.1 LTS
  Kernel: 6.8.0-1016-aws
  Device: ""
  Processor: Intel Xeon Platinum 8124M CPU @ 3.00GHz
  NumSockets: 1
  Manufacturer: GenuineIntel
  NumCores: 1
  NumLogicals: 2
  CPUFrequency: 0
  Memory: 5024
  MemModuleInfo:
    iNumMemSticks: 1
    DIMM 1:
      manufacturer: Not Specified
      modulePartNo: Not Specified
      memType: DDR4
      size: 5376
      clkspeed: 1600
      moduleVoltage: 0
Checksum: ED9E1A2D9D963E3673B961BE12BBD5452B9F6C27