BaselineInfo:
  WebDBID: -1
  TimeStamp: 20250103185418
Version:
  Major: 11
  Minor: 0
  Build: 1002
  SpecialBuildName: ""
  ptArchitecture: x86_64_linux
Results:
  Results Complete: true
  NumTestProcesses: 48
  CPU_INTEGER_MATH: 228079.87933333332
  CPU_FLOATINGPOINT_MATH: 127582.4507052955
  CPU_PRIME: 360.08854370394954
  CPU_SORTING: 134784.82484928134
  CPU_ENCRYPTION: 57894.845652884651
  CPU_COMPRESSION: 924387.17946735641
  CPU_SINGLETHREAD: 2905.0972969622658
  CPU_PHYSICS: 6784.0554235206546
  CPU_MATRIX_MULT_SSE: 66018.265786159318
  CPU_mm: 6109.3237181879922
  CPU_sse: 26990.964215590713
  CPU_fma: 84373.756671325376
  CPU_avx: 69489.230663167284
  CPU_avx512: 83219.11159455395
  m_CPU_enc_SHA: 80975173871.833252
  m_CPU_enc_AES: 54959901872.278122
  m_CPU_enc_ECDSA: 46186361281.84613
  ME_ALLOC_S: 21742.215870928401
  ME_READ_S: 27871.5146484375
  ME_READ_L: 27332.46875
  ME_WRITE: 26277.533203125
  ME_LARGE: 181150.5
  ME_LATENCY: 78.89415897995336
  ME_THREADED: 128582.66943359375
  SUMM_CPU: 63028.708485286486
  SUMM_ME: 2766.8625474078945
SystemInformation:
  OSName: Ubuntu 24.04.1 LTS
  Kernel: 6.8.0-1017-azure
  Device: ""
  Processor: AMD EPYC 9V74 80-Core Processor
  NumSockets: 1
  Manufacturer: AuthenticAMD
  NumCores: 24
  NumLogicals: 48
  CPUFrequency: 0
  Memory: 193212
  MemModuleInfo:
    iNumMemSticks: 3
    DIMM 1:
      manufacturer: Microsoft Corporation
      modulePartNo: None
      memType: Unknown
      size: 1
      clkspeed: 0
      moduleVoltage: 0
    DIMM 2:
      manufacturer: Microsoft Corporation
      modulePartNo: None
      memType: Unknown
      size: 59
      clkspeed: 0
      moduleVoltage: 0
    DIMM 3:
      manufacturer: Microsoft Corporation
      modulePartNo: None
      memType: Unknown
      size: 132
      clkspeed: 0
      moduleVoltage: 0
Checksum: 3BDF503AE493F269D5A38134DEA952A4EB3922F0