BaselineInfo:
  WebDBID: -1
  TimeStamp: 20260621174125
Version:
  Major: 11
  Minor: 0
  Build: 1004
  SpecialBuildName: ""
  ptArchitecture: x86_64_linux
Results:
  Results Complete: true
  NumTestProcesses: 32
  CPU_INTEGER_MATH: 212559.53966666665
  CPU_FLOATINGPOINT_MATH: 123006.34352229207
  CPU_PRIME: 283.28139073142603
  CPU_SORTING: 89685.345833155719
  CPU_ENCRYPTION: 39858.877915285113
  CPU_COMPRESSION: 698360.02006874734
  CPU_SINGLETHREAD: 3835.6466349720595
  CPU_PHYSICS: 5962.3403286253761
  CPU_MATRIX_MULT_SSE: 52872.818831409189
  CPU_mm: 5203.548010094446
  CPU_sse: 19604.658352061138
  CPU_fma: 57134.974072033423
  CPU_avx: 54998.302415841426
  CPU_avx512: 79753.340485700814
  m_CPU_enc_SHA: 51047529841.929695
  m_CPU_enc_AES: 41347010642.211815
  m_CPU_enc_ECDSA: 32990647822.552528
  ME_ALLOC_S: 19497.873947228716
  ME_READ_S: 34124.621484374999
  ME_READ_L: 31324.681640625
  ME_WRITE: 30590.4765625
  ME_LARGE: 1021091.6666666666
  ME_LATENCY: 77.645614001242635
  ME_THREADED: 117634.42333984375
  SUMM_CPU: 57357.480090902172
  SUMM_ME: 2952.2171911918081
SystemInformation:
  OSName: Ubuntu 24.04.4 LTS
  Kernel: 6.17.0-1018-azure
  Device: ""
  Processor: "AMD EPYC 9V45 96-Core Processor                "
  NumSockets: 1
  Manufacturer: AuthenticAMD
  NumCores: 16
  NumLogicals: 32
  CPUFrequency: 0
  CPUMaxFrequency: 0
  Memory: 1032067
  CPUInfo:
    number: 1
    Family: 15
    Model: 2
    stepping: 1
    features: 395049983
    manufacture: AuthenticAMD
    typestring: "AMD EPYC 9V45 96-Core Processor                "
    iCoresPerPackage: 16
    iThreadsPerPackage: 2
    featuresEx:
      - 395049983
      - 4277809667
      - 802421759
    bHybrid: false
    nPCore: 0
    nLogicalsPerPCore: 0
    nECore: 0
    nLogicalsPerECore: 0
  MemModuleInfo:
    iNumMemSticks: 5
    DIMM 1:
      manufacturer: Microsoft Corporation
      modulePartNo: None
      memType: Unknown
      size: 1
      clkspeed: 0
      moduleVoltage: 0
    DIMM 2:
      manufacturer: Microsoft Corporation
      modulePartNo: None
      memType: Unknown
      size: 59
      clkspeed: 0
      moduleVoltage: 0
    DIMM 3:
      manufacturer: Microsoft Corporation
      modulePartNo: None
      memType: Unknown
      size: 452
      clkspeed: 0
      moduleVoltage: 0
    DIMM 4:
      manufacturer: Microsoft Corporation
      modulePartNo: None
      memType: Unknown
      size: 496
      clkspeed: 0
      moduleVoltage: 0
    DIMM 5:
      manufacturer: Microsoft Corporation
      modulePartNo: None
      memType: Unknown
      size: 16
      clkspeed: 0
      moduleVoltage: 0
Checksum: 8C4D3329B58BD1381C6E168643D78E093709860F