BaselineInfo:
  WebDBID: -1
  TimeStamp: 20241108224250
Version:
  Major: 11
  Minor: 0
  Build: 1002
  SpecialBuildName: ""
  ptArchitecture: x86_64_linux
Results:
  Results Complete: true
  NumTestProcesses: 80
  CPU_INTEGER_MATH: 331394.72466666671
  CPU_FLOATINGPOINT_MATH: 182511.85447642705
  CPU_PRIME: 504.3289056317584
  CPU_SORTING: 163813.87074005511
  CPU_ENCRYPTION: 85363.218047241884
  CPU_COMPRESSION: 1159570.899678604
  CPU_SINGLETHREAD: 2390.1549372927848
  CPU_PHYSICS: 8480.5148715523246
  CPU_MATRIX_MULT_SSE: 63864.217036967108
  CPU_mm: 7885.4831933207188
  CPU_sse: 32543.973972468
  CPU_fma: 87042.666032139372
  CPU_avx: 72006.011106294056
  CPU_avx512: 0
  m_CPU_enc_SHA: 123905098241.18994
  m_CPU_enc_AES: 79248206622.700531
  m_CPU_enc_ECDSA: 65376160317.42363
  ME_ALLOC_S: 25375.995379872194
  ME_READ_S: 24507.950781250001
  ME_READ_L: 17185.71875
  ME_WRITE: 17992.994140625
  ME_LARGE: 68678.25
  ME_LATENCY: 63.646269724283997
  ME_THREADED: 163520.87854003906
  SUMM_CPU: 69646.99052005382
  SUMM_ME: 2832.6969062452154
SystemInformation:
  OSName: Ubuntu 24.04.1 LTS
  Kernel: 6.8.0-1015-gcp
  Device: ""
  Processor: AMD EPYC 7B13
  NumSockets: 2
  Manufacturer: AuthenticAMD
  NumCores: 40
  NumLogicals: 80
  CPUFrequency: 0
  Memory: 80496
  MemModuleInfo:
    iNumMemSticks: 5
    DIMM 1:
      manufacturer: ""
      modulePartNo: ""
      memType: RAM
      size: 16
      clkspeed: 0
      moduleVoltage: 0
    DIMM 2:
      manufacturer: ""
      modulePartNo: ""
      memType: RAM
      size: 16
      clkspeed: 0
      moduleVoltage: 0
    DIMM 3:
      manufacturer: ""
      modulePartNo: ""
      memType: RAM
      size: 16
      clkspeed: 0
      moduleVoltage: 0
    DIMM 4:
      manufacturer: ""
      modulePartNo: ""
      memType: RAM
      size: 16
      clkspeed: 0
      moduleVoltage: 0
    DIMM 5:
      manufacturer: ""
      modulePartNo: ""
      memType: RAM
      size: 16
      clkspeed: 0
      moduleVoltage: 0
Checksum: 0426A0288C993141324DC3DE14E32FFFBB30BAB8