---
system-info:
      stress-ng-version: 0.17.08
      run-by: root
      date-yyyy-mm-dd: 2024:06:16
      time-hh-mm-ss: 01:27:11
      epoch-secs: 1718501231
      hostname: 9fa6328733c4
      sysname: Linux
      nodename: 9fa6328733c4
      release: 6.8.0-1008-aws
      version: '#8-Ubuntu SMP Sat Apr 20 02:43:14 UTC 2024'
      machine: aarch64
      compiler: 'musl-gcc 13.2.1'
      uptime: 151
      totalram: 8141586432
      freeram: 3905679360
      sharedram: 35008512
      bufferram: 111390720
      totalswap: 0
      freeswap: 0
      pagesize: 4096
      cpus: 1
      cpus-online: 1
      ticks-per-second: 100

metrics:
    - stressor: cpu
      bogo-ops: 30217
      bogo-ops-per-second-usr-sys-time: 1532.189570
      bogo-ops-per-second-real-time: 1510.844795
      wall-clock-time: 20.000069
      user-time: 19.720459
      system-time: 0.000991
      cpu-usage-per-instance: 98.606910
      max-rss: 1192

...
