---
system-info:
      stress-ng-version: 0.17.08
      run-by: root
      date-yyyy-mm-dd: 2024:06:15
      time-hh-mm-ss: 11:29:01
      epoch-secs: 1718450941
      hostname: 7934824865d4
      sysname: Linux
      nodename: 7934824865d4
      release: 6.8.0-1008-aws
      version: '#8-Ubuntu SMP Sat Apr 20 00:46:25 UTC 2024'
      machine: x86_64
      compiler: 'musl-gcc 13.2.1'
      uptime: 142
      totalram: 532474363904
      freeram: 526873907200
      sharedram: 117661696
      bufferram: 110157824
      totalswap: 0
      freeswap: 0
      pagesize: 4096
      cpus: 128
      cpus-online: 128
      ticks-per-second: 100

metrics:
    - stressor: cpu
      bogo-ops: 2469688
      bogo-ops-per-second-usr-sys-time: 965.113165
      bogo-ops-per-second-real-time: 123483.899574
      wall-clock-time: 20.000081
      user-time: 2558.897127
      system-time: 0.064961
      cpu-usage-per-instance: 99.959051
      max-rss: 0

...
