---
system-info:
      stress-ng-version: 0.17.08
      run-by: root
      date-yyyy-mm-dd: 2024:06:09
      time-hh-mm-ss: 09:22:26
      epoch-secs: 1717924946
      hostname: dda7ab9e4004
      sysname: Linux
      nodename: dda7ab9e4004
      release: 6.8.0-1008-aws
      version: '#8-Ubuntu SMP Sat Apr 20 00:46:25 UTC 2024'
      machine: x86_64
      compiler: 'musl-gcc 13.2.1'
      uptime: 135
      totalram: 532474388480
      freeram: 526597087232
      sharedram: 117661696
      bufferram: 106655744
      totalswap: 0
      freeswap: 0
      pagesize: 4096
      cpus: 128
      cpus-online: 128
      ticks-per-second: 100

metrics:
    - stressor: cpu
      bogo-ops: 1546186
      bogo-ops-per-second-usr-sys-time: 1208.547990
      bogo-ops-per-second-real-time: 154595.626663
      wall-clock-time: 10.001486
      user-time: 1279.170944
      system-time: 0.203986
      cpu-usage-per-instance: 99.936316
      max-rss: 3072

...
