"size","threads","connections","rps","latency","failed","server_usr","server_sys","client_usr","client_sys"
"1k",192,192,2635661,0.000114510,0,930.15,332.24,85.91,384.51
"1k",192,384,2250636,0.000196570,0,1040.86,312.36,78.89,405.00
"1k",192,768,2407354,0.000376300,0,937.85,380.73,87.54,468.43
"1k",192,1536,2520368,0.000752990,0,918.59,421.31,80.12,492.67
"1k",192,3072,2649523,0.001310000,0,888.33,430.51,82.33,522.85
"1k",192,6144,2699275,0.002320000,0,898.33,441.12,75.45,550.00
"1k",384,384,2115950,0.000200890,0,1178.18,307.35,77.45,385.43
"1k",384,768,2397611,0.000355680,0,958.28,407.64,93.89,473.13
"1k",384,1536,2582531,0.000705080,0,898.28,456.14,96.81,512.43
"1k",384,3072,2756789,0.001330000,0,893.54,487.80,86.42,524.34
"1k",384,6144,2696724,0.002540000,0,899.08,461.68,86.07,570.22
"1k",768,768,2396153,0.000362110,0,999.19,414.38,89.92,471.26
"1k",768,1536,2837828,0.000647300,0,910.17,516.63,94.40,506.07
"1k",768,3072,2999248,0.001170000,0,887.32,532.78,92.97,567.72
"1k",768,6144,3111955,0.002350000,0,994.57,563.24,104.66,614.38
"16k",192,192,2131365,0.000100140,0,1008.34,335.79,81.86,401.93
"16k",192,384,1916028,0.000226710,0,988.87,308.22,92.31,441.42
"16k",192,768,2005432,0.000448700,0,883.77,368.65,85.29,498.17
"16k",192,1536,2057164,0.000870000,0,864.01,412.36,78.71,540.57
"16k",192,3072,2120282,0.001600000,0,848.89,432.38,72.36,565.27
"16k",192,6144,2161105,0.002930000,0,844.21,435.39,74.07,578.52
"16k",384,384,1842376,0.000225220,0,1141.02,291.89,81.68,430.22
"16k",384,768,1977429,0.000422300,0,929.20,402.28,94.44,513.45
"16k",384,1536,2034522,0.000860000,0,873.22,432.19,96.10,560.23
"16k",384,3072,2136544,0.001560000,0,874.82,476.85,89.72,556.84
"16k",384,6144,2157550,0.003060000,0,865.09,477.89,90.96,615.72
"16k",768,768,2000069,0.000418800,0,991.47,404.90,93.61,500.45
"16k",768,1536,2128844,0.000810850,0,903.59,485.36,96.15,544.37
"16k",768,3072,2259028,0.001500000,0,899.95,494.82,101.09,567.47
"16k",768,6144,2535814,0.002840000,0,1002.12,542.86,118.28,657.09
"64k",192,192,1957135,0.000101880,0,738.44,483.24,104.79,544.77
"64k",192,384,2013176,0.000211490,0,693.99,460.75,104.41,579.33
"64k",192,768,2017134,0.000407860,0,648.19,499.13,94.87,609.51
"64k",192,1536,2239169,0.000725620,0,475.91,625.94,98.11,687.30
"64k",192,3072,2203471,0.001520000,0,253.64,810.81,98.55,766.32
"64k",192,6144,1944255,0.003380000,0,266.15,825.49,89.04,775.85
"64k",384,384,1810522,0.000214970,0,809.94,457.24,109.73,578.18
"64k",384,768,1978868,0.000402590,0,643.72,547.85,110.88,649.99
"64k",384,1536,2447381,0.000734490,0,290.64,738.95,122.67,806.58
"64k",384,3072,2393250,0.001440000,0,253.42,775.04,120.14,803.16
"64k",384,6144,2142387,0.003200000,0,259.41,901.67,113.78,869.30
"64k",768,768,1980003,0.000398140,0,673.98,553.00,114.45,648.03
"64k",768,1536,2155641,0.000777510,0,526.94,629.07,123.04,738.87
"64k",768,3072,2460795,0.001320000,0,297.40,761.85,142.41,845.68
"64k",768,6144,2458668,0.002700000,0,254.25,873.70,149.43,901.08
"256k",192,192,1196940,0.000179330,0,236.34,722.10,125.53,846.82
"256k",192,384,992328,0.000383210,0,246.03,745.33,106.21,723.29
"256k",192,768,896519,0.000870000,0,265.63,786.25,98.13,700.53
"256k",192,1536,738175,0.002220000,0,274.28,830.56,85.84,684.63
"256k",192,3072,510003,0.006150000,0,319.31,821.51,65.14,682.80
"256k",384,384,1025669,0.000387560,0,237.04,781.65,120.48,798.64
"256k",384,768,936008,0.000860000,0,241.69,800.79,110.62,751.03
"256k",384,1536,762415,0.002130000,0,245.99,859.70,96.97,719.59
"256k",384,3072,589514,0.005230000,0,335.14,893.83,85.87,707.56
"256k",768,768,979120,0.000803910,0,234.49,836.95,126.97,791.07
"256k",768,1536,858366,0.001840000,0,251.42,879.36,118.91,771.72
"256k",768,3072,697398,0.004460000,0,341.62,862.51,105.25,715.15
"512k",192,192,481323,0.000401950,0,290.40,615.41,96.42,926.35
"512k",192,384,458237,0.000829110,0,289.93,774.02,95.75,671.75
"512k",192,768,396491,0.002020000,0,305.48,817.85,85.59,640.41
"512k",192,1536,268604,0.005760000,0,325.30,840.39,64.40,632.00
"512k",192,3072,195079,0.015030000,0,438.80,851.28,54.80,670.11
"512k",384,384,463138,0.000846510,0,272.71,693.99,100.74,886.78
"512k",384,768,407493,0.002060000,0,283.70,839.91,95.06,662.40
"512k",384,1536,308220,0.005180000,0,331.95,863.02,79.22,623.42
"512k",384,3072,244089,0.013150000,0,409.89,876.71,69.75,600.58
"512k",768,768,427884,0.001840000,0,297.66,902.59,110.30,701.21
"512k",768,1536,307259,0.005090000,0,372.50,902.98,91.25,614.38
"512k",768,3072,247333,0.012650000,0,474.23,893.53,84.52,570.38
