BaselineInfo:
  WebDBID: -1
  TimeStamp: 20250423043109
Version:
  Major: 11
  Minor: 0
  Build: 1002
  SpecialBuildName: ""
  ptArchitecture: aarch64_linux
Results:
  Results Complete: true
  NumTestProcesses: 96
  CPU_INTEGER_MATH: 500485.17700000003
  CPU_FLOATINGPOINT_MATH: 581357.7997744719
  CPU_PRIME: 833.15895940788982
  CPU_SORTING: 432671.13352712052
  CPU_ENCRYPTION: 18140.134049124568
  CPU_COMPRESSION: 636979.97429317189
  CPU_SINGLETHREAD: 1944.456976592234
  CPU_PHYSICS: 18887.263499023458
  CPU_MATRIX_MULT_SSE: 80481.939146851015
  CPU_mm: 10813.44060911779
  CPU_sse: 63294.743818659117
  CPU_fma: 97669.134475043043
  CPU_avx: 0
  CPU_avx512: 0
  m_CPU_enc_SHA: 28618588910.471649
  m_CPU_enc_AES: 10279082880.869629
  m_CPU_enc_ECDSA: 18166255810.743252
  ME_ALLOC_S: 47460.249124184826
  ME_READ_S: 19678.741601562499
  ME_READ_L: 20046.73046875
  ME_WRITE: 21290.771484375
  ME_LARGE: 746697
  ME_LATENCY: 46.771259002406453
  ME_THREADED: 506692.46826171875
  SUMM_CPU: 56768.692300553324
  SUMM_ME: 3329.1548678717818
SystemInformation:
  OSName: Ubuntu 24.04.2 LTS
  Kernel: 6.8.0-1027-aws
  Device: ""
  Processor: ARM Neoverse-V2 96 Core 0 MHz
  NumSockets: 1
  Manufacturer: ARM
  NumCores: 96
  NumLogicals: 96
  CPUFrequency: 0
  Memory: 759977
Checksum: 98AC5102B0F8815C1978667985D56E2ADFB3036B