---
system-info:
      stress-ng-version: 0.17.08
      run-by: root
      date-yyyy-mm-dd: 2024:09:06
      time-hh-mm-ss: 04:00:21
      epoch-secs: 1725595221
      hostname: sc-runner
      sysname: Linux
      nodename: sc-runner
      release: 6.8.0-1013-azure
      version: '#15-Ubuntu SMP Thu Aug  8 18:40:40 UTC 2024'
      machine: x86_64
      compiler: 'musl-gcc 13.2.1'
      uptime: 347
      totalram: 67419570176
      freeram: 58513846272
      sharedram: 54960128
      bufferram: 241360896
      totalswap: 0
      freeswap: 0
      pagesize: 4096
      cpus: 16
      cpus-online: 16
      ticks-per-second: 100

metrics:
    - stressor: cpu
      bogo-ops: 37919
      bogo-ops-per-second-usr-sys-time: 1895.931704
      bogo-ops-per-second-real-time: 1895.945050
      wall-clock-time: 20.000052
      user-time: 19.999193
      system-time: 0.001000
      cpu-usage-per-instance: 100.000704
      max-rss: 3024

...
