BaselineInfo:
  WebDBID: -1
  TimeStamp: 20260702085905
Version:
  Major: 11
  Minor: 0
  Build: 1004
  SpecialBuildName: ""
  ptArchitecture: x86_64_linux
Results:
  Results Complete: true
  NumTestProcesses: 4
  CPU_INTEGER_MATH: 16622.425333333333
  CPU_FLOATINGPOINT_MATH: 8545.2712857270781
  CPU_PRIME: 36.231860592320992
  CPU_SORTING: 8798.7888098191961
  CPU_ENCRYPTION: 3540.9055426052078
  CPU_COMPRESSION: 63292.460284574612
  CPU_SINGLETHREAD: 2353.158837378493
  CPU_PHYSICS: 719.16526224153392
  CPU_MATRIX_MULT_SSE: 3416.1779583028997
  CPU_mm: 360.51784731743913
  CPU_sse: 1583.4156770356599
  CPU_fma: 4355.3110088278681
  CPU_avx: 3215.6790895516206
  CPU_avx512: 4510.3060577964497
  m_CPU_enc_SHA: 3412318573.8260708
  m_CPU_enc_AES: 5484616783.3949623
  m_CPU_enc_ECDSA: 2241790353.5073624
  ME_ALLOC_S: 2005.6330059985694
  ME_READ_S: 23910.908593749999
  ME_READ_L: 11072.1015625
  ME_WRITE: 10334.076171875
  ME_LARGE: 3004
  ME_LATENCY: 55.838216182488189
  ME_THREADED: 29550.95068359375
  SUMM_CPU: 5840.8312256397157
  SUMM_ME: 1852.8411658370117
SystemInformation:
  OSName: Ubuntu 24.04.4 LTS
  Kernel: 6.8.0-124-generic
  Device: ""
  Processor: Intel(R) Xeon(R) Platinum 8369B CPU @ 2.70GHz
  NumSockets: 1
  Manufacturer: GenuineIntel
  NumCores: 2
  NumLogicals: 4
  CPUFrequency: 0
  CPUMaxFrequency: 0
  Memory: 7270
  CPUInfo:
    number: 1
    Family: 6
    Model: 10
    stepping: 6
    features: 529267711
    manufacture: GenuineIntel
    typestring: Intel(R) Xeon(R) Platinum 8369B CPU @ 2.70GHz
    iCoresPerPackage: 2
    iThreadsPerPackage: 2
    featuresEx:
      - 529267711
      - 4277809667
      - 739248128
    bHybrid: false
    nPCore: 0
    nLogicalsPerPCore: 0
    nECore: 0
    nLogicalsPerECore: 0
  MemModuleInfo:
    iNumMemSticks: 1
    DIMM 1:
      manufacturer: Alibaba Cloud
      modulePartNo: Not Specified
      memType: RAM
      size: 8
      clkspeed: 0
      moduleVoltage: 0
Checksum: 17296DA95753C920629FB728FBAE172C66832AE4