BaselineInfo:
  WebDBID: -1
  TimeStamp: 20251006234047
Version:
  Major: 11
  Minor: 0
  Build: 1002
  SpecialBuildName: ""
  ptArchitecture: x86_64_linux
Results:
  Results Complete: true
  NumTestProcesses: 48
  CPU_INTEGER_MATH: 247624.35700000002
  CPU_FLOATINGPOINT_MATH: 179587.77746364381
  CPU_PRIME: 479.76487343058312
  CPU_SORTING: 124617.71837987515
  CPU_ENCRYPTION: 54755.201505300029
  CPU_COMPRESSION: 956448.69463420741
  CPU_SINGLETHREAD: 3280.4416067093384
  CPU_PHYSICS: 8054.1102541178761
  CPU_MATRIX_MULT_SSE: 67434.870557436341
  CPU_mm: 7212.5372605708662
  CPU_sse: 30094.11391576871
  CPU_fma: 78409.147916330316
  CPU_avx: 62280.055513686719
  CPU_avx512: 98956.164883959602
  m_CPU_enc_SHA: 57716616256.627831
  m_CPU_enc_AES: 75241311701.378403
  m_CPU_enc_ECDSA: 39287042562.858231
  ME_ALLOC_S: 22992.819601923107
  ME_READ_S: 28932.887109374999
  ME_READ_L: 10110.9189453125
  ME_WRITE: 11787.6748046875
  ME_LARGE: 83679.916666666672
  ME_LATENCY: 70.537505230715851
  ME_THREADED: 198508.34008789062
  SUMM_CPU: 69241.146807952158
  SUMM_ME: 2446.3530077466421
SystemInformation:
  OSName: Ubuntu 24.04.2 LTS
  Kernel: 6.14.0-1014-aws
  Device: ""
  Processor: Intel Xeon 6975P-C
  NumSockets: 1
  Manufacturer: GenuineIntel
  NumCores: 24
  NumLogicals: 48
  CPUFrequency: 0
  Memory: 94996
  MemModuleInfo:
    iNumMemSticks: 1
    DIMM 1:
      manufacturer: Not Specified
      modulePartNo: Not Specified
      memType: DDR5
      size: 96
      clkspeed: 3600
      moduleVoltage: 0
Checksum: 107264ACE5F948FD5E46DB3F1A8F405A0E82186D