BaselineInfo:
  WebDBID: -1
  TimeStamp: 20241107165903
Version:
  Major: 11
  Minor: 0
  Build: 1002
  SpecialBuildName: ""
  ptArchitecture: x86_64_linux
Results:
  Results Complete: true
  NumTestProcesses: 4
  CPU_INTEGER_MATH: 11465.127333333334
  CPU_FLOATINGPOINT_MATH: 6152.9840519014961
  CPU_PRIME: 25.732497788316508
  CPU_SORTING: 6100.6475047651411
  CPU_ENCRYPTION: 1577.8230636685878
  CPU_COMPRESSION: 50863.756592529026
  CPU_SINGLETHREAD: 1838.8725652908074
  CPU_PHYSICS: 539.59958226272283
  CPU_MATRIX_MULT_SSE: 3008.7407891729249
  CPU_mm: 348.17929035056949
  CPU_sse: 1234.1127424005588
  CPU_fma: 3715.615457711724
  CPU_avx: 2624.4024812671173
  CPU_avx512: 4460.8324753123015
  m_CPU_enc_SHA: 517799130.84597206
  m_CPU_enc_AES: 3983196064.9303432
  m_CPU_enc_ECDSA: 462406994.65174407
  ME_ALLOC_S: 1393.6957307338359
  ME_READ_S: 22418.528906250001
  ME_READ_L: 10782.3564453125
  ME_WRITE: 9785.98046875
  ME_LARGE: 5858.583333333333
  ME_LATENCY: 54.324625149148766
  ME_THREADED: 24529.97802734375
  SUMM_CPU: 4044.6123493505311
  SUMM_ME: 1948.5374181496218
SystemInformation:
  OSName: Ubuntu 24.04.1 LTS
  Kernel: 6.8.0-1016-aws
  Device: ""
  Processor: Intel Xeon Platinum 8259CL CPU @ 2.50GHz
  NumSockets: 1
  Manufacturer: GenuineIntel
  NumCores: 2
  NumLogicals: 4
  CPUFrequency: 0
  Memory: 15788
  MemModuleInfo:
    iNumMemSticks: 1
    DIMM 1:
      manufacturer: Not Specified
      modulePartNo: Not Specified
      memType: DDR4
      size: 16
      clkspeed: 1600
      moduleVoltage: 0
Checksum: EC3A30533CEE23400A1FD11248D39D9A133B1E8A