---
system-info:
      stress-ng-version: 0.17.08
      run-by: root
      date-yyyy-mm-dd: 2024:06:06
      time-hh-mm-ss: 16:44:41
      epoch-secs: 1717692281
      hostname: 71dd16580caa
      sysname: Linux
      nodename: 71dd16580caa
      release: 6.8.0-1008-aws
      version: '#8-Ubuntu SMP Sat Apr 20 02:43:14 UTC 2024'
      machine: aarch64
      compiler: 'musl-gcc 13.2.1'
      uptime: 120
      totalram: 33021648896
      freeram: 28694945792
      sharedram: 35020800
      bufferram: 84295680
      totalswap: 0
      freeswap: 0
      pagesize: 4096
      cpus: 16
      cpus-online: 16
      ticks-per-second: 100

metrics:
    - stressor: cpu
      bogo-ops: 68224
      bogo-ops-per-second-usr-sys-time: 424.714507
      bogo-ops-per-second-real-time: 6787.295606
      wall-clock-time: 10.051721
      user-time: 160.620970
      system-time: 0.013995
      cpu-usage-per-instance: 99.880265
      max-rss: 4008

...
