---
system-info:
      stress-ng-version: 0.17.08
      run-by: root
      date-yyyy-mm-dd: 2024:06:15
      time-hh-mm-ss: 09:55:04
      epoch-secs: 1718445304
      hostname: 720720fca12d
      sysname: Linux
      nodename: 720720fca12d
      release: 6.8.0-1008-aws
      version: '#8-Ubuntu SMP Sat Apr 20 02:43:14 UTC 2024'
      machine: aarch64
      compiler: 'musl-gcc 13.2.1'
      uptime: 118
      totalram: 33021648896
      freeram: 28628553728
      sharedram: 35020800
      bufferram: 106307584
      totalswap: 0
      freeswap: 0
      pagesize: 4096
      cpus: 16
      cpus-online: 16
      ticks-per-second: 100

metrics:
    - stressor: cpu
      bogo-ops: 490181
      bogo-ops-per-second-usr-sys-time: 1533.262450
      bogo-ops-per-second-real-time: 24508.950297
      wall-clock-time: 20.000081
      user-time: 319.679051
      system-time: 0.018989
      cpu-usage-per-instance: 99.905231
      max-rss: 1320

...
