BaselineInfo:
  WebDBID: -1
  TimeStamp: 20250527000439
Version:
  Major: 11
  Minor: 0
  Build: 1002
  SpecialBuildName: ""
  ptArchitecture: x86_64_linux
Results:
  Results Complete: true
  NumTestProcesses: 12
  CPU_INTEGER_MATH: 63824.621666666659
  CPU_FLOATINGPOINT_MATH: 45242.475578965124
  CPU_PRIME: 127.4308852117025
  CPU_SORTING: 31924.076269363213
  CPU_ENCRYPTION: 14021.239458966273
  CPU_COMPRESSION: 229855.77683134185
  CPU_SINGLETHREAD: 3246.4386888373274
  CPU_PHYSICS: 3021.5703444913156
  CPU_MATRIX_MULT_SSE: 18613.308334332756
  CPU_mm: 1805.0552678539541
  CPU_sse: 7772.7403772752041
  CPU_fma: 20478.21631511227
  CPU_avx: 15997.633084134732
  CPU_avx512: 30204.643560808829
  m_CPU_enc_SHA: 14859359120.714956
  m_CPU_enc_AES: 19330128293.550491
  m_CPU_enc_ECDSA: 9917518146.5096073
  ME_ALLOC_S: 7890.5198066454441
  ME_READ_S: 29586.892773437499
  ME_READ_L: 10485.482421875
  ME_WRITE: 9611.546875
  ME_LARGE: 497802.58333333331
  ME_LATENCY: 58.315177454547303
  ME_THREADED: 91494.10986328125
  SUMM_CPU: 22815.359650491446
  SUMM_ME: 2588.3529550203821
SystemInformation:
  OSName: Ubuntu 24.04.2 LTS
  Kernel: 6.11.0-1015-azure
  Device: ""
  Processor: INTEL XEON PLATINUM 8573C
  NumSockets: 1
  Manufacturer: GenuineIntel
  NumCores: 6
  NumLogicals: 12
  CPUFrequency: 2300
  Memory: 507726
  MemModuleInfo:
    iNumMemSticks: 3
    DIMM 1:
      manufacturer: Microsoft Corporation
      modulePartNo: None
      memType: Unknown
      size: 1
      clkspeed: 0
      moduleVoltage: 0
    DIMM 2:
      manufacturer: Microsoft Corporation
      modulePartNo: None
      memType: Unknown
      size: 59
      clkspeed: 0
      moduleVoltage: 0
    DIMM 3:
      manufacturer: Microsoft Corporation
      modulePartNo: None
      memType: Unknown
      size: 444
      clkspeed: 0
      moduleVoltage: 0
Checksum: A89D8AA7AB19B682EEB3EBBE7D69940180B9C97B