BaselineInfo:
  WebDBID: -1
  TimeStamp: 20250417213648
Version:
  Major: 11
  Minor: 0
  Build: 1002
  SpecialBuildName: ""
  ptArchitecture: x86_64_linux
Results:
  Results Complete: true
  NumTestProcesses: 16
  CPU_INTEGER_MATH: 74768.206666666651
  CPU_FLOATINGPOINT_MATH: 53178.398844162533
  CPU_PRIME: 157.83583122718144
  CPU_SORTING: 36947.377360572296
  CPU_ENCRYPTION: 16242.249775142478
  CPU_COMPRESSION: 268140.16753961047
  CPU_SINGLETHREAD: 2884.5596737570718
  CPU_PHYSICS: 3393.4868980817587
  CPU_MATRIX_MULT_SSE: 20996.092962606177
  CPU_mm: 2021.4077365817823
  CPU_sse: 8661.9711084795817
  CPU_fma: 23793.406153382202
  CPU_avx: 17684.196408917622
  CPU_avx512: 33844.798179645302
  m_CPU_enc_SHA: 17222495466.823486
  m_CPU_enc_AES: 22340237543.313843
  m_CPU_enc_ECDSA: 11530966890.522074
  ME_ALLOC_S: 8947.6306591662997
  ME_READ_S: 25849.721289062501
  ME_READ_L: 10247.3828125
  ME_WRITE: 9280.8369140625
  ME_LARGE: 119300.08333333333
  ME_LATENCY: 70.171688562009379
  ME_THREADED: 118456.95849609375
  SUMM_CPU: 25768.697391041816
  SUMM_ME: 2312.7976838314594
SystemInformation:
  OSName: Ubuntu 24.04.2 LTS
  Kernel: 6.8.0-1021-azure
  Device: ""
  Processor: INTEL XEON PLATINUM 8573C
  NumSockets: 1
  Manufacturer: GenuineIntel
  NumCores: 8
  NumLogicals: 16
  CPUFrequency: 2300
  Memory: 128808
  MemModuleInfo:
    iNumMemSticks: 3
    DIMM 1:
      manufacturer: Microsoft Corporation
      modulePartNo: None
      memType: Unknown
      size: 1
      clkspeed: 0
      moduleVoltage: 0
    DIMM 2:
      manufacturer: Microsoft Corporation
      modulePartNo: None
      memType: Unknown
      size: 59
      clkspeed: 0
      moduleVoltage: 0
    DIMM 3:
      manufacturer: Microsoft Corporation
      modulePartNo: None
      memType: Unknown
      size: 68
      clkspeed: 0
      moduleVoltage: 0
Checksum: A5690A4F11E377FEBA55752032CB1DE4A0BD4CBA