BaselineInfo:
  WebDBID: -1
  TimeStamp: 20241107191503
Version:
  Major: 11
  Minor: 0
  Build: 1002
  SpecialBuildName: ""
  ptArchitecture: x86_64_linux
Results:
  Results Complete: true
  NumTestProcesses: 8
  CPU_INTEGER_MATH: 33454.892333333337
  CPU_FLOATINGPOINT_MATH: 17099.212328690592
  CPU_PRIME: 67.001597116241228
  CPU_SORTING: 17315.213402588877
  CPU_ENCRYPTION: 7258.7653996467307
  CPU_COMPRESSION: 125644.27895532736
  CPU_SINGLETHREAD: 2359.5018235215516
  CPU_PHYSICS: 1281.5794179914897
  CPU_MATRIX_MULT_SSE: 6923.1799389207608
  CPU_mm: 721.28846867020911
  CPU_sse: 3144.1919313955973
  CPU_fma: 8723.5232820169531
  CPU_avx: 6439.3442104469896
  CPU_avx512: 9385.6603318235011
  m_CPU_enc_SHA: 7319710498.576581
  m_CPU_enc_AES: 10996633866.744286
  m_CPU_enc_ECDSA: 4517757197.7790432
  ME_ALLOC_S: 3877.0436418129225
  ME_READ_S: 24354.5302734375
  ME_READ_L: 11075.4765625
  ME_WRITE: 10341.728515625
  ME_LARGE: 5753.583333333333
  ME_LATENCY: 63.541561408756841
  ME_THREADED: 51567.6796875
  SUMM_CPU: 11257.97001525252
  SUMM_ME: 2085.1512001405104
SystemInformation:
  OSName: Ubuntu 24.04.1 LTS
  Kernel: 6.8.0-1016-aws
  Device: ""
  Processor: Intel Xeon Platinum 8375C CPU @ 2.90GHz
  NumSockets: 1
  Manufacturer: GenuineIntel
  NumCores: 4
  NumLogicals: 8
  CPUFrequency: 0
  Memory: 15704
  MemModuleInfo:
    iNumMemSticks: 1
    DIMM 1:
      manufacturer: Not Specified
      modulePartNo: Not Specified
      memType: DDR4
      size: 16
      clkspeed: 1600
      moduleVoltage: 0
Checksum: 607E6C006A237EA46EB4C76DCAB96243741E61A4