---
system-info:
      stress-ng-version: 0.17.08
      run-by: root
      date-yyyy-mm-dd: 2024:06:10
      time-hh-mm-ss: 02:25:09
      epoch-secs: 1717986309
      hostname: 09a8603db28d
      sysname: Linux
      nodename: 09a8603db28d
      release: 6.8.0-1008-aws
      version: '#8-Ubuntu SMP Sat Apr 20 00:46:25 UTC 2024'
      machine: x86_64
      compiler: 'musl-gcc 13.2.1'
      uptime: 130
      totalram: 399160205312
      freeram: 394203766784
      sharedram: 66752512
      bufferram: 113573888
      totalswap: 0
      freeswap: 0
      pagesize: 4096
      cpus: 48
      cpus-online: 48
      ticks-per-second: 100

metrics:
    - stressor: cpu
      bogo-ops: 809304
      bogo-ops-per-second-usr-sys-time: 1686.747952
      bogo-ops-per-second-real-time: 80923.170211
      wall-clock-time: 10.000893
      user-time: 479.754399
      system-time: 0.046984
      cpu-usage-per-instance: 99.949692
      max-rss: 3840

...
