---
system-info:
      stress-ng-version: 0.17.08
      run-by: root
      date-yyyy-mm-dd: 2024:06:16
      time-hh-mm-ss: 04:55:43
      epoch-secs: 1718513743
      hostname: 31caa7eea2fa
      sysname: Linux
      nodename: 31caa7eea2fa
      release: 6.8.0-1008-aws
      version: '#8-Ubuntu SMP Sat Apr 20 00:46:25 UTC 2024'
      machine: x86_64
      compiler: 'musl-gcc 13.2.1'
      uptime: 127
      totalram: 399160193024
      freeram: 394445049856
      sharedram: 66752512
      bufferram: 109129728
      totalswap: 0
      freeswap: 0
      pagesize: 4096
      cpus: 48
      cpus-online: 48
      ticks-per-second: 100

metrics:
    - stressor: cpu
      bogo-ops: 1037756
      bogo-ops-per-second-usr-sys-time: 1081.246836
      bogo-ops-per-second-real-time: 51887.618160
      wall-clock-time: 20.000070
      user-time: 959.762153
      system-time: 0.014991
      cpu-usage-per-instance: 99.976435
      max-rss: 1152

...
