---
system-info:
      stress-ng-version: 0.17.08
      run-by: root
      date-yyyy-mm-dd: 2024:07:11
      time-hh-mm-ss: 14:32:38
      epoch-secs: 1720708358
      hostname: ip-172-31-29-99
      sysname: Linux
      nodename: ip-172-31-29-99
      release: 6.8.0-1010-aws
      version: '#10-Ubuntu SMP Thu Jun 13 17:36:15 UTC 2024'
      machine: x86_64
      compiler: 'musl-gcc 13.2.1'
      uptime: 157
      totalram: 16377593856
      freeram: 11163136000
      sharedram: 40726528
      bufferram: 136187904
      totalswap: 0
      freeswap: 0
      pagesize: 4096
      cpus: 8
      cpus-online: 8
      ticks-per-second: 100

metrics:
    - stressor: cpu
      bogo-ops: 29894
      bogo-ops-per-second-usr-sys-time: 1494.710239
      bogo-ops-per-second-real-time: 1494.696116
      wall-clock-time: 20.000052
      user-time: 19.998864
      system-time: 0.000999
      cpu-usage-per-instance: 99.999055
      max-rss: 1104

...
