---
system-info:
      stress-ng-version: 0.17.08
      run-by: root
      date-yyyy-mm-dd: 2024:06:13
      time-hh-mm-ss: 09:24:31
      epoch-secs: 1718270671
      hostname: 52086fab1df9
      sysname: Linux
      nodename: 52086fab1df9
      release: 6.8.0-1008-aws
      version: '#8-Ubuntu SMP Sat Apr 20 00:46:25 UTC 2024'
      machine: x86_64
      compiler: 'musl-gcc 13.2.1'
      uptime: 142
      totalram: 132919717888
      freeram: 128411815936
      sharedram: 59920384
      bufferram: 107114496
      totalswap: 0
      freeswap: 0
      pagesize: 4096
      cpus: 16
      cpus-online: 16
      ticks-per-second: 100

metrics:
    - stressor: cpu
      bogo-ops: 37818
      bogo-ops-per-second-usr-sys-time: 1890.868706
      bogo-ops-per-second-real-time: 1890.893914
      wall-clock-time: 20.000064
      user-time: 20.000331
      system-time: 0.000000
      cpu-usage-per-instance: 100.001333
      max-rss: 1104

...
