---
system-info:
      stress-ng-version: 0.17.08
      run-by: root
      date-yyyy-mm-dd: 2024:06:07
      time-hh-mm-ss: 14:22:18
      epoch-secs: 1717770138
      hostname: fee4e121a4bf
      sysname: Linux
      nodename: fee4e121a4bf
      release: 6.8.0-1008-aws
      version: '#8-Ubuntu SMP Sat Apr 20 00:46:25 UTC 2024'
      machine: x86_64
      compiler: 'musl-gcc 13.2.1'
      uptime: 113
      totalram: 132919717888
      freeram: 128506155008
      sharedram: 59920384
      bufferram: 91787264
      totalswap: 0
      freeswap: 0
      pagesize: 4096
      cpus: 16
      cpus-online: 16
      ticks-per-second: 100

metrics:
    - stressor: cpu
      bogo-ops: 16635
      bogo-ops-per-second-usr-sys-time: 1663.420322
      bogo-ops-per-second-real-time: 1663.434879
      wall-clock-time: 10.000391
      user-time: 10.000479
      system-time: 0.000000
      cpu-usage-per-instance: 100.000875
      max-rss: 3992

...
