---
system-info:
      stress-ng-version: 0.17.08
      run-by: root
      date-yyyy-mm-dd: 2024:06:12
      time-hh-mm-ss: 22:55:19
      epoch-secs: 1718232919
      hostname: c30e472fc2e7
      sysname: Linux
      nodename: c30e472fc2e7
      release: 6.8.0-1008-aws
      version: '#8-Ubuntu SMP Sat Apr 20 02:43:14 UTC 2024'
      machine: aarch64
      compiler: 'musl-gcc 13.2.1'
      uptime: 154
      totalram: 66195947520
      freeram: 61671165952
      sharedram: 34951168
      bufferram: 111656960
      totalswap: 0
      freeswap: 0
      pagesize: 4096
      cpus: 32
      cpus-online: 32
      ticks-per-second: 100

metrics:
    - stressor: cpu
      bogo-ops: 30392
      bogo-ops-per-second-usr-sys-time: 1519.587767
      bogo-ops-per-second-real-time: 1519.591993
      wall-clock-time: 20.000105
      user-time: 20.000161
      system-time: 0.000000
      cpu-usage-per-instance: 100.000278
      max-rss: 1280

...
