---
system-info:
      stress-ng-version: 0.17.08
      run-by: root
      date-yyyy-mm-dd: 2024:06:06
      time-hh-mm-ss: 06:19:31
      epoch-secs: 1717654771
      hostname: e21f6c7c6a37
      sysname: Linux
      nodename: e21f6c7c6a37
      release: 6.8.0-1008-aws
      version: '#8-Ubuntu SMP Sat Apr 20 02:43:14 UTC 2024'
      machine: aarch64
      compiler: 'musl-gcc 13.2.1'
      uptime: 128
      totalram: 66195951616
      freeram: 61880459264
      sharedram: 34951168
      bufferram: 80474112
      totalswap: 0
      freeswap: 0
      pagesize: 4096
      cpus: 32
      cpus-online: 32
      ticks-per-second: 100

metrics:
    - stressor: cpu
      bogo-ops: 2940
      bogo-ops-per-second-usr-sys-time: 292.902640
      bogo-ops-per-second-real-time: 292.899298
      wall-clock-time: 10.037580
      user-time: 10.035466
      system-time: 0.001999
      cpu-usage-per-instance: 99.998859
      max-rss: 3840

...
