BaselineInfo:
  WebDBID: -1
  TimeStamp: 20241110044845
Version:
  Major: 11
  Minor: 0
  Build: 1002
  SpecialBuildName: ""
  ptArchitecture: x86_64_linux
Results:
  Results Complete: true
  NumTestProcesses: 48
  CPU_INTEGER_MATH: 136336.0223333333
  CPU_FLOATINGPOINT_MATH: 72962.700086379002
  CPU_PRIME: 164.44679794791591
  CPU_SORTING: 68891.231941010949
  CPU_ENCRYPTION: 18578.137834211222
  CPU_COMPRESSION: 594432.5197779719
  CPU_SINGLETHREAD: 1939.8317690549472
  CPU_PHYSICS: 2499.8764518779767
  CPU_MATRIX_MULT_SSE: 37627.605375112449
  CPU_mm: 4143.8297645430757
  CPU_sse: 14784.12645155596
  CPU_fma: 43971.014606714802
  CPU_avx: 31059.517730348653
  CPU_avx512: 60695.762711830394
  m_CPU_enc_SHA: 6122753686.3522186
  m_CPU_enc_AES: 46844101242.61393
  m_CPU_enc_ECDSA: 5474913443.9714489
  ME_ALLOC_S: 15372.824928554655
  ME_READ_S: 23640.816015625001
  ME_READ_L: 10112.015625
  ME_WRITE: 9889.3291015625
  ME_LARGE: 179161.5
  ME_LATENCY: 52.635684057888625
  ME_THREADED: 113897.51220703125
  SUMM_CPU: 34592.438565910707
  SUMM_ME: 2618.8162575690362
SystemInformation:
  OSName: Ubuntu 24.04.1 LTS
  Kernel: 6.8.0-1016-aws
  Device: ""
  Processor: Intel Xeon Platinum 8259CL CPU @ 2.50GHz
  NumSockets: 1
  Manufacturer: GenuineIntel
  NumCores: 24
  NumLogicals: 48
  CPUFrequency: 0
  Memory: 191164
  MemModuleInfo:
    iNumMemSticks: 1
    DIMM 1:
      manufacturer: Not Specified
      modulePartNo: Not Specified
      memType: DDR4
      size: 192
      clkspeed: 1600
      moduleVoltage: 0
Checksum: 076DC14954F94B1E9FEEC3AE753143E733E4F255