---
system-info:
      stress-ng-version: 0.17.08
      run-by: root
      date-yyyy-mm-dd: 2024:09:05
      time-hh-mm-ss: 08:50:52
      epoch-secs: 1725526252
      hostname: sc-runner
      sysname: Linux
      nodename: sc-runner
      release: 6.8.0-1013-azure
      version: '#15-Ubuntu SMP Thu Aug  8 18:40:40 UTC 2024'
      machine: x86_64
      compiler: 'musl-gcc 13.2.1'
      uptime: 335
      totalram: 33648095232
      freeram: 24944881664
      sharedram: 42164224
      bufferram: 221970432
      totalswap: 0
      freeswap: 0
      pagesize: 4096
      cpus: 16
      cpus-online: 16
      ticks-per-second: 100

metrics:
    - stressor: cpu
      bogo-ops: 297427
      bogo-ops-per-second-usr-sys-time: 930.813150
      bogo-ops-per-second-real-time: 14871.285160
      wall-clock-time: 20.000087
      user-time: 319.503604
      system-time: 0.030988
      cpu-usage-per-instance: 99.854125
      max-rss: 3124

...
