---
system-info:
      stress-ng-version: 0.17.08
      run-by: root
      date-yyyy-mm-dd: 2024:09:16
      time-hh-mm-ss: 17:34:40
      epoch-secs: 1726508080
      hostname: sc-runner
      sysname: Linux
      nodename: sc-runner
      release: 6.8.0-1014-azure
      version: '#16-Ubuntu SMP Thu Aug 15 20:04:41 UTC 2024'
      machine: x86_64
      compiler: 'musl-gcc 13.2.1'
      uptime: 297
      totalram: 33648091136
      freeram: 23434891264
      sharedram: 42160128
      bufferram: 234885120
      totalswap: 0
      freeswap: 0
      pagesize: 4096
      cpus: 16
      cpus-online: 16
      ticks-per-second: 100

metrics:
    - stressor: cpu
      bogo-ops: 298017
      bogo-ops-per-second-usr-sys-time: 932.564582
      bogo-ops-per-second-real-time: 14900.786552
      wall-clock-time: 20.000085
      user-time: 319.553153
      system-time: 0.013991
      cpu-usage-per-instance: 99.864307
      max-rss: 976

...
