---
system-info:
      stress-ng-version: 0.17.08
      run-by: root
      date-yyyy-mm-dd: 2024:06:06
      time-hh-mm-ss: 19:56:11
      epoch-secs: 1717703771
      hostname: e216a0bcc02c
      sysname: Linux
      nodename: e216a0bcc02c
      release: 6.8.0-1008-aws
      version: '#8-Ubuntu SMP Sat Apr 20 00:46:25 UTC 2024'
      machine: x86_64
      compiler: 'musl-gcc 13.2.1'
      uptime: 151
      totalram: 64254877696
      freeram: 60019490816
      sharedram: 32813056
      bufferram: 86462464
      totalswap: 0
      freeswap: 0
      pagesize: 4096
      cpus: 8
      cpus-online: 8
      ticks-per-second: 100

metrics:
    - stressor: cpu
      bogo-ops: 11528
      bogo-ops-per-second-usr-sys-time: 1152.663755
      bogo-ops-per-second-real-time: 1152.642148
      wall-clock-time: 10.001369
      user-time: 10.000182
      system-time: 0.001000
      cpu-usage-per-instance: 99.998125
      max-rss: 3920

...
