---
system-info:
      stress-ng-version: 0.17.08
      run-by: root
      date-yyyy-mm-dd: 2024:06:13
      time-hh-mm-ss: 03:42:23
      epoch-secs: 1718250143
      hostname: 0559c495e783
      sysname: Linux
      nodename: 0559c495e783
      release: 6.8.0-1008-aws
      version: '#8-Ubuntu SMP Sat Apr 20 00:46:25 UTC 2024'
      machine: x86_64
      compiler: 'musl-gcc 13.2.1'
      uptime: 176
      totalram: 64254869504
      freeram: 59819159552
      sharedram: 32804864
      bufferram: 113033216
      totalswap: 0
      freeswap: 0
      pagesize: 4096
      cpus: 8
      cpus-online: 8
      ticks-per-second: 100

metrics:
    - stressor: cpu
      bogo-ops: 14814
      bogo-ops-per-second-usr-sys-time: 740.717074
      bogo-ops-per-second-real-time: 740.694534
      wall-clock-time: 20.000148
      user-time: 19.999539
      system-time: 0.000000
      cpu-usage-per-instance: 99.996957
      max-rss: 976

...
