---
system-info:
      stress-ng-version: 0.17.08
      run-by: root
      date-yyyy-mm-dd: 2024:09:16
      time-hh-mm-ss: 21:00:59
      epoch-secs: 1726520459
      hostname: sc-runner
      sysname: Linux
      nodename: sc-runner
      release: 6.8.0-1014-azure
      version: '#16-Ubuntu SMP Thu Aug 15 20:04:41 UTC 2024'
      machine: x86_64
      compiler: 'musl-gcc 13.2.1'
      uptime: 308
      totalram: 135069114368
      freeram: 124847984640
      sharedram: 42070016
      bufferram: 231968768
      totalswap: 0
      freeswap: 0
      pagesize: 4096
      cpus: 8
      cpus-online: 8
      ticks-per-second: 100

metrics:
    - stressor: cpu
      bogo-ops: 148524
      bogo-ops-per-second-usr-sys-time: 932.142243
      bogo-ops-per-second-real-time: 7426.171882
      wall-clock-time: 20.000076
      user-time: 159.314210
      system-time: 0.021987
      cpu-usage-per-instance: 99.584746
      max-rss: 3152

...
