BaselineInfo:
  WebDBID: -1
  TimeStamp: 20241109094303
Version:
  Major: 11
  Minor: 0
  Build: 1002
  SpecialBuildName: ""
  ptArchitecture: x86_64_linux
Results:
  Results Complete: true
  NumTestProcesses: 48
  CPU_INTEGER_MATH: 201430.99966666667
  CPU_FLOATINGPOINT_MATH: 102964.01202477036
  CPU_PRIME: 231.90919946482725
  CPU_SORTING: 99679.843719141252
  CPU_ENCRYPTION: 43676.127017132509
  CPU_COMPRESSION: 731796.48184721486
  CPU_SINGLETHREAD: 2369.8800838012685
  CPU_PHYSICS: 3922.9289867951366
  CPU_MATRIX_MULT_SSE: 43163.126045995392
  CPU_mm: 4339.8542735371038
  CPU_sse: 18913.203616210583
  CPU_fma: 51257.316443901516
  CPU_avx: 38740.100851982112
  CPU_avx512: 63741.883271887389
  m_CPU_enc_SHA: 44115200118.925919
  m_CPU_enc_AES: 66388141675.711281
  m_CPU_enc_ECDSA: 26889873894.713036
  ME_ALLOC_S: 21091.461683769863
  ME_READ_S: 23895.088281249999
  ME_READ_L: 11912.9140625
  ME_WRITE: 10646.7626953125
  ME_LARGE: 83490.75
  ME_LATENCY: 57.793176821216207
  ME_THREADED: 155468.517578125
  SUMM_CPU: 48648.627201217918
  SUMM_ME: 2641.7620837315662
SystemInformation:
  OSName: Ubuntu 24.04.1 LTS
  Kernel: 6.8.0-1016-aws
  Device: ""
  Processor: Intel Xeon Platinum 8375C CPU @ 2.90GHz
  NumSockets: 1
  Manufacturer: GenuineIntel
  NumCores: 24
  NumLogicals: 48
  CPUFrequency: 0
  Memory: 94996
  MemModuleInfo:
    iNumMemSticks: 1
    DIMM 1:
      manufacturer: Not Specified
      modulePartNo: Not Specified
      memType: DDR4
      size: 96
      clkspeed: 1600
      moduleVoltage: 0
Checksum: 7286FF28FE0B54843BD7CF61FC81A0083A091756