BaselineInfo:
  WebDBID: -1
  TimeStamp: 20260621082424
Version:
  Major: 11
  Minor: 0
  Build: 1004
  SpecialBuildName: ""
  ptArchitecture: x86_64_linux
Results:
  Results Complete: true
  NumTestProcesses: 48
  CPU_INTEGER_MATH: 316812.43700000009
  CPU_FLOATINGPOINT_MATH: 185517.06301009149
  CPU_PRIME: 528.57925502155274
  CPU_SORTING: 137394.25989936173
  CPU_ENCRYPTION: 60592.301294977005
  CPU_COMPRESSION: 1086343.5054383224
  CPU_SINGLETHREAD: 3830.3800750918394
  CPU_PHYSICS: 9771.3552634375956
  CPU_MATRIX_MULT_SSE: 82754.366681089887
  CPU_mm: 8133.64471813604
  CPU_sse: 30632.569640003829
  CPU_fma: 88860.090225338005
  CPU_avx: 87103.974726724031
  CPU_avx512: 124420.83213229367
  m_CPU_enc_SHA: 76822340874.227264
  m_CPU_enc_AES: 62539711631.389404
  m_CPU_enc_ECDSA: 51244846262.428734
  ME_ALLOC_S: 27333.857457190301
  ME_READ_S: 33933.2529296875
  ME_READ_L: 30830.900390625
  ME_WRITE: 30597.53515625
  ME_LARGE: 763417.16666666663
  ME_LATENCY: 78.009176302767727
  ME_THREADED: 237134.96435546875
  SUMM_CPU: 79838.969085909092
  SUMM_ME: 2985.6030852918493
SystemInformation:
  OSName: Ubuntu 24.04.4 LTS
  Kernel: 6.17.0-1018-azure
  Device: ""
  Processor: "AMD EPYC 9V45 96-Core Processor                "
  NumSockets: 1
  Manufacturer: AuthenticAMD
  NumCores: 24
  NumLogicals: 48
  CPUFrequency: 0
  CPUMaxFrequency: 0
  Memory: 774012
  CPUInfo:
    number: 1
    Family: 15
    Model: 2
    stepping: 1
    features: 395049983
    manufacture: AuthenticAMD
    typestring: "AMD EPYC 9V45 96-Core Processor                "
    iCoresPerPackage: 32
    iThreadsPerPackage: 2
    featuresEx:
      - 395049983
      - 4277809667
      - 802421759
    bHybrid: false
    nPCore: 0
    nLogicalsPerPCore: 0
    nECore: 0
    nLogicalsPerECore: 0
  MemModuleInfo:
    iNumMemSticks: 4
    DIMM 1:
      manufacturer: Microsoft Corporation
      modulePartNo: None
      memType: Unknown
      size: 1
      clkspeed: 0
      moduleVoltage: 0
    DIMM 2:
      manufacturer: Microsoft Corporation
      modulePartNo: None
      memType: Unknown
      size: 59
      clkspeed: 0
      moduleVoltage: 0
    DIMM 3:
      manufacturer: Microsoft Corporation
      modulePartNo: None
      memType: Unknown
      size: 324
      clkspeed: 0
      moduleVoltage: 0
    DIMM 4:
      manufacturer: Microsoft Corporation
      modulePartNo: None
      memType: Unknown
      size: 384
      clkspeed: 0
      moduleVoltage: 0
Checksum: AA51F609A82C831EB88BD06CB123010FA0B902C3