BaselineInfo:
  WebDBID: -1
  TimeStamp: 20260612170336
Version:
  Major: 11
  Minor: 0
  Build: 1004
  SpecialBuildName: ""
  ptArchitecture: x86_64_linux
Results:
  Results Complete: true
  NumTestProcesses: 4
  CPU_INTEGER_MATH: 9760.9143333333341
  CPU_FLOATINGPOINT_MATH: 5191.6025264651889
  CPU_PRIME: 17.177502184628157
  CPU_SORTING: 5942.4580457166803
  CPU_ENCRYPTION: 1339.903558744157
  CPU_COMPRESSION: 45174.969056442467
  CPU_SINGLETHREAD: 1658.8862542122215
  CPU_PHYSICS: 348.39279943853046
  CPU_MATRIX_MULT_SSE: 2828.0131230527509
  CPU_mm: 277.24885571925654
  CPU_sse: 1054.1575922966545
  CPU_fma: 3583.0230438100584
  CPU_avx: 2532.8452455709435
  CPU_avx512: 4142.0266105333476
  m_CPU_enc_SHA: 432828792.38353664
  m_CPU_enc_AES: 3390095924.8715782
  m_CPU_enc_ECDSA: 392047424.78602505
  ME_ALLOC_S: 1034.0662509654785
  ME_READ_S: 19001.023144531249
  ME_READ_L: 6138.18212890625
  ME_WRITE: 6739.40283203125
  ME_LARGE: 7362.583333333333
  ME_LATENCY: 83.220098976955043
  ME_THREADED: 17182.59716796875
  SUMM_CPU: 3488.028666269382
  SUMM_ME: 1393.3198469113158
SystemInformation:
  OSName: Ubuntu 24.04.4 LTS
  Kernel: 6.8.0-117-generic
  Device: ""
  Processor: Intel(R) Xeon(R) Platinum 8163 CPU @ 2.50GHz
  NumSockets: 1
  Manufacturer: GenuineIntel
  NumCores: 2
  NumLogicals: 4
  CPUFrequency: 2500
  CPUMaxFrequency: 3100
  Memory: 15609
  CPUInfo:
    number: 1
    Family: 6
    Model: 5
    stepping: 4
    features: 529267711
    manufacture: GenuineIntel
    typestring: Intel(R) Xeon(R) Platinum 8163 CPU @ 2.50GHz
    iCoresPerPackage: 2
    iThreadsPerPackage: 2
    featuresEx:
      - 529267711
      - 4294586883
      - 739248128
    bHybrid: false
    nPCore: 0
    nLogicalsPerPCore: 0
    nECore: 0
    nLogicalsPerECore: 0
  MemModuleInfo:
    iNumMemSticks: 1
    DIMM 1:
      manufacturer: Alibaba Cloud
      modulePartNo: Not Specified
      memType: RAM
      size: 16
      clkspeed: 0
      moduleVoltage: 0
Checksum: FE03AF862A4FB8C15489B68AB8457F475911F5AE