BaselineInfo:
  WebDBID: -1
  TimeStamp: 20241107235819
Version:
  Major: 11
  Minor: 0
  Build: 1002
  SpecialBuildName: ""
  ptArchitecture: x86_64_linux
Results:
  Results Complete: true
  NumTestProcesses: 4
  CPU_INTEGER_MATH: 10954.945
  CPU_FLOATINGPOINT_MATH: 5875.6935111302664
  CPU_PRIME: 25.374487832825892
  CPU_SORTING: 5854.2434622020173
  CPU_ENCRYPTION: 1507.8611171983114
  CPU_COMPRESSION: 48712.757065822108
  CPU_SINGLETHREAD: 1780.4551432589665
  CPU_PHYSICS: 516.51801563462732
  CPU_MATRIX_MULT_SSE: 3381.8856198083022
  CPU_mm: 323.69124918812787
  CPU_sse: 1187.6644494925822
  CPU_fma: 4068.9389550636834
  CPU_avx: 2873.0587146764765
  CPU_avx512: 5397.8803600004685
  m_CPU_enc_SHA: 495384188.83691478
  m_CPU_enc_AES: 3807969812.1778154
  m_CPU_enc_ECDSA: 439966935.46727872
  ME_ALLOC_S: 1338.972924794376
  ME_READ_S: 21454.236718749999
  ME_READ_L: 9967.23828125
  ME_WRITE: 8896.8623046875
  ME_LARGE: 54293
  ME_LATENCY: 52.783273885634969
  ME_THREADED: 22860.54150390625
  SUMM_CPU: 3944.4108580487946
  SUMM_ME: 2084.1946032309811
SystemInformation:
  OSName: Ubuntu 24.04.1 LTS
  Kernel: 6.8.0-1017-azure
  Device: ""
  Processor: Intel Xeon Platinum 8272CL CPU @ 2.60GHz
  NumSockets: 1
  Manufacturer: GenuineIntel
  NumCores: 2
  NumLogicals: 4
  CPUFrequency: 0
  Memory: 64301
  MemModuleInfo:
    iNumMemSticks: 3
    DIMM 1:
      manufacturer: Microsoft Corporation
      modulePartNo: None
      memType: Unknown
      size: 1
      clkspeed: 0
      moduleVoltage: 0
    DIMM 2:
      manufacturer: Microsoft Corporation
      modulePartNo: None
      memType: Unknown
      size: 60928
      clkspeed: 0
      moduleVoltage: 0
    DIMM 3:
      manufacturer: Microsoft Corporation
      modulePartNo: None
      memType: Unknown
      size: 3584
      clkspeed: 0
      moduleVoltage: 0
Checksum: 4F79C8685FBB3949FFA793323B10483342AAAB77