---
system-info:
      stress-ng-version: 0.17.08
      run-by: root
      date-yyyy-mm-dd: 2024:09:17
      time-hh-mm-ss: 00:22:35
      epoch-secs: 1726532555
      hostname: sc-runner
      sysname: Linux
      nodename: sc-runner
      release: 6.8.0-1014-azure
      version: '#16-Ubuntu SMP Thu Aug 15 20:04:41 UTC 2024'
      machine: x86_64
      compiler: 'musl-gcc 13.2.1'
      uptime: 324
      totalram: 135061372928
      freeram: 124416397312
      sharedram: 42442752
      bufferram: 263929856
      totalswap: 0
      freeswap: 0
      pagesize: 4096
      cpus: 32
      cpus-online: 32
      ticks-per-second: 100

metrics:
    - stressor: cpu
      bogo-ops: 432816
      bogo-ops-per-second-usr-sys-time: 676.853404
      bogo-ops-per-second-real-time: 21640.663546
      wall-clock-time: 20.000126
      user-time: 639.385000
      system-time: 0.068089
      cpu-usage-per-instance: 99.913915
      max-rss: 3260

...
