---
system-info:
      stress-ng-version: 0.17.08
      run-by: root
      date-yyyy-mm-dd: 2024:06:21
      time-hh-mm-ss: 05:50:28
      epoch-secs: 1718949028
      hostname: 49cbfd8e1c9b
      sysname: Linux
      nodename: 49cbfd8e1c9b
      release: 6.8.0-1008-gcp
      version: '#9-Ubuntu SMP Wed May 22 18:09:04 UTC 2024'
      machine: x86_64
      compiler: 'musl-gcc 13.2.1'
      uptime: 181
      totalram: 27311837184
      freeram: 22295711744
      sharedram: 48619520
      bufferram: 133574656
      totalswap: 0
      freeswap: 0
      pagesize: 4096
      cpus: 4
      cpus-online: 4
      ticks-per-second: 100

metrics:
    - stressor: cpu
      bogo-ops: 58141
      bogo-ops-per-second-usr-sys-time: 732.119316
      bogo-ops-per-second-real-time: 2907.025716
      wall-clock-time: 20.000167
      user-time: 79.393670
      system-time: 0.020981
      cpu-usage-per-instance: 99.267485
      max-rss: 1104

...
