BaselineInfo:
  WebDBID: -1
  TimeStamp: 20251210205308
Version:
  Major: 11
  Minor: 0
  Build: 1002
  SpecialBuildName: ""
  ptArchitecture: aarch64_linux
Results:
  Results Complete: true
  NumTestProcesses: 2
  CPU_INTEGER_MATH: 10409.215333333334
  CPU_FLOATINGPOINT_MATH: 12076.936885821229
  CPU_PRIME: 34.726112547457724
  CPU_SORTING: 9122.3188449240952
  CPU_ENCRYPTION: 373.78607491266894
  CPU_COMPRESSION: 13142.764390355615
  CPU_SINGLETHREAD: 1944.1749340171789
  CPU_PHYSICS: 683.30471627982342
  CPU_MATRIX_MULT_SSE: 1832.9771690048426
  CPU_mm: 225.33553138296702
  CPU_sse: 1435.1816232980798
  CPU_fma: 2230.7727147116057
  CPU_avx: 0
  CPU_avx512: 0
  m_CPU_enc_SHA: 590080051.50947297
  m_CPU_enc_AES: 214242719.24627012
  m_CPU_enc_ECDSA: 371506551.10713708
  ME_ALLOC_S: 3036.3563412309031
  ME_READ_S: 20551.784960937501
  ME_READ_L: 19894.208984375
  ME_WRITE: 21181.98046875
  ME_LARGE: 824.83333333333337
  ME_LATENCY: 44.799286110826984
  ME_THREADED: 38626.544921875
  SUMM_CPU: 1990.5574607017099
  SUMM_ME: 1377.3497635082065
SystemInformation:
  OSName: Ubuntu 24.04.2 LTS
  Kernel: 6.14.0-1017-aws
  Device: ""
  Processor: ARM Neoverse-V2 2 Core 0 MHz
  NumSockets: 1
  Manufacturer: ARM
  NumCores: 2
  NumLogicals: 2
  CPUFrequency: 0
  Memory: 3804
Checksum: 127EF01C7B3BE970361151076C23B098C8E6EE7D