BaselineInfo:
  WebDBID: -1
  TimeStamp: 20241110034005
Version:
  Major: 11
  Minor: 0
  Build: 1002
  SpecialBuildName: ""
  ptArchitecture: x86_64_linux
Results:
  Results Complete: true
  NumTestProcesses: 128
  CPU_INTEGER_MATH: 536499.05133333325
  CPU_FLOATINGPOINT_MATH: 274155.33984449686
  CPU_PRIME: 535.03558602991325
  CPU_SORTING: 240545.27694940745
  CPU_ENCRYPTION: 110183.92098419285
  CPU_COMPRESSION: 1838347.4374121532
  CPU_SINGLETHREAD: 2410.5441480112308
  CPU_PHYSICS: 8548.9886816871149
  CPU_MATRIX_MULT_SSE: 105943.5342701945
  CPU_mm: 10863.640643014105
  CPU_sse: 46682.653437542976
  CPU_fma: 123600.72600903524
  CPU_avx: 95697.842651423125
  CPU_avx512: 157792.91498277683
  m_CPU_enc_SHA: 114020554567.39861
  m_CPU_enc_AES: 163797993550.65164
  m_CPU_enc_ECDSA: 68790097271.712723
  ME_ALLOC_S: 29746.078499861113
  ME_READ_S: 24237.018359375001
  ME_READ_L: 11537.9130859375
  ME_WRITE: 10370.0185546875
  ME_LARGE: 493930.16666666669
  ME_LATENCY: 58.971991656599677
  ME_THREADED: 333509.33056640625
  SUMM_CPU: 86192.712796283668
  SUMM_ME: 2655.4530442570658
SystemInformation:
  OSName: Ubuntu 24.04.1 LTS
  Kernel: 6.8.0-1016-aws
  Device: ""
  Processor: Intel Xeon Platinum 8375C CPU @ 2.90GHz
  NumSockets: 2
  Manufacturer: GenuineIntel
  NumCores: 64
  NumLogicals: 128
  CPUFrequency: 0
  Memory: 507807
  MemModuleInfo:
    iNumMemSticks: 2
    DIMM 1:
      manufacturer: Not Specified
      modulePartNo: Not Specified
      memType: DDR4
      size: 256
      clkspeed: 1600
      moduleVoltage: 0
    DIMM 2:
      manufacturer: Not Specified
      modulePartNo: Not Specified
      memType: DDR4
      size: 256
      clkspeed: 1600
      moduleVoltage: 0
Checksum: A81E1593E2E5485BF664D0CD6A1747F5851CE7A8