BaselineInfo:
  WebDBID: -1
  TimeStamp: 20241109214237
Version:
  Major: 11
  Minor: 0
  Build: 1002
  SpecialBuildName: ""
  ptArchitecture: x86_64_linux
Results:
  Results Complete: true
  NumTestProcesses: 48
  CPU_INTEGER_MATH: 220865.4273333333
  CPU_FLOATINGPOINT_MATH: 121170.7076656843
  CPU_PRIME: 285.4659417401794
  CPU_SORTING: 112261.25839787164
  CPU_ENCRYPTION: 56907.831843397529
  CPU_COMPRESSION: 828116.92221672891
  CPU_SINGLETHREAD: 2643.2209672391655
  CPU_PHYSICS: 5337.9543637495326
  CPU_MATRIX_MULT_SSE: 43720.580331036545
  CPU_mm: 5418.0705696588211
  CPU_sse: 22308.351299352526
  CPU_fma: 59745.339132639638
  CPU_avx: 49108.050561117445
  CPU_avx512: 0
  m_CPU_enc_SHA: 82520941814.109131
  m_CPU_enc_AES: 52769254169.971573
  m_CPU_enc_ECDSA: 43726364064.986496
  ME_ALLOC_S: 20385.430669528225
  ME_READ_S: 26407.4013671875
  ME_READ_L: 16907.6640625
  ME_WRITE: 17390.1953125
  ME_LARGE: 172121.5
  ME_LATENCY: 77.103633888102252
  ME_THREADED: 114967.5400390625
  SUMM_CPU: 55482.130454947539
  SUMM_ME: 2565.8329644799214
SystemInformation:
  OSName: Ubuntu 24.04.1 LTS
  Kernel: 6.8.0-1016-aws
  Device: ""
  Processor: AMD EPYC 7R13 Processor
  NumSockets: 1
  Manufacturer: AuthenticAMD
  NumCores: 24
  NumLogicals: 48
  CPUFrequency: 0
  Memory: 186124
  MemModuleInfo:
    iNumMemSticks: 1
    DIMM 1:
      manufacturer: Not Specified
      modulePartNo: Not Specified
      memType: DDR4
      size: 192
      clkspeed: 1600
      moduleVoltage: 0
Checksum: 5EC3B6BC47481828DA0D25B910669690550B80AF