BaselineInfo:
  WebDBID: -1
  TimeStamp: 20260618003431
Version:
  Major: 11
  Minor: 0
  Build: 1004
  SpecialBuildName: ""
  ptArchitecture: x86_64_linux
Results:
  Results Complete: true
  NumTestProcesses: 12
  CPU_INTEGER_MATH: 41681.615000000005
  CPU_FLOATINGPOINT_MATH: 22441.480248734719
  CPU_PRIME: 70.48780489929905
  CPU_SORTING: 24327.026405910296
  CPU_ENCRYPTION: 5793.6508389096962
  CPU_COMPRESSION: 195374.30528397055
  CPU_SINGLETHREAD: 2315.2522770245923
  CPU_PHYSICS: 741.78033858818708
  CPU_MATRIX_MULT_SSE: 10989.573707567382
  CPU_mm: 1190.65762259146
  CPU_sse: 4526.571012652922
  CPU_fma: 13422.331602457558
  CPU_avx: 9528.5637830684482
  CPU_avx512: 16480.828432090599
  m_CPU_enc_SHA: 1891661473.3418272
  m_CPU_enc_AES: 14618729346.830128
  m_CPU_enc_ECDSA: 1714858846.0097613
  ME_ALLOC_S: 3402.7760423489749
  ME_READ_S: 26213.78125
  ME_READ_L: 7082.76025390625
  ME_WRITE: 7313.10107421875
  ME_LARGE: 39311.5
  ME_LATENCY: 87.896920969469875
  ME_THREADED: 52605.06494140625
  SUMM_CPU: 13441.379198564564
  SUMM_ME: 1777.752672946081
SystemInformation:
  OSName: Ubuntu 24.04.4 LTS
  Kernel: 6.8.0-117-generic
  Device: ""
  Processor: Intel(R) Xeon(R) Platinum 8369HB CPU @ 3.20GHz
  NumSockets: 1
  Manufacturer: GenuineIntel
  NumCores: 6
  NumLogicals: 12
  CPUFrequency: 0
  CPUMaxFrequency: 0
  Memory: 47773
  CPUInfo:
    number: 1
    Family: 6
    Model: 5
    stepping: 11
    features: 529267711
    manufacture: GenuineIntel
    typestring: Intel(R) Xeon(R) Platinum 8369HB CPU @ 3.20GHz
    iCoresPerPackage: 6
    iThreadsPerPackage: 2
    featuresEx:
      - 529267711
      - 4277809667
      - 739248128
    bHybrid: false
    nPCore: 0
    nLogicalsPerPCore: 0
    nECore: 0
    nLogicalsPerECore: 0
  MemModuleInfo:
    iNumMemSticks: 3
    DIMM 1:
      manufacturer: Alibaba Cloud
      modulePartNo: Not Specified
      memType: RAM
      size: 16
      clkspeed: 0
      moduleVoltage: 0
    DIMM 2:
      manufacturer: Alibaba Cloud
      modulePartNo: Not Specified
      memType: RAM
      size: 16
      clkspeed: 0
      moduleVoltage: 0
    DIMM 3:
      manufacturer: Alibaba Cloud
      modulePartNo: Not Specified
      memType: RAM
      size: 16
      clkspeed: 0
      moduleVoltage: 0
Checksum: CB1A79163576644C4839476FB105F540D94FF48B