BaselineInfo:
  WebDBID: -1
  TimeStamp: 20241107191730
Version:
  Major: 11
  Minor: 0
  Build: 1002
  SpecialBuildName: ""
  ptArchitecture: aarch64_linux
Results:
  Results Complete: true
  NumTestProcesses: 4
  CPU_INTEGER_MATH: 15733.931333333334
  CPU_FLOATINGPOINT_MATH: 11979.432032885416
  CPU_PRIME: 33.313753215448656
  CPU_SORTING: 11407.325423423305
  CPU_ENCRYPTION: 543.2918644850846
  CPU_COMPRESSION: 18560.483749594965
  CPU_SINGLETHREAD: 1109.6719660188539
  CPU_PHYSICS: 635.88967822467419
  CPU_MATRIX_MULT_SSE: 2478.327686879511
  CPU_mm: 416.53091101265295
  CPU_sse: 2062.8322488439326
  CPU_fma: 2893.823124915089
  CPU_avx: 0
  CPU_avx512: 0
  m_CPU_enc_SHA: 818699508.5282985
  m_CPU_enc_AES: 377633135.56767327
  m_CPU_enc_ECDSA: 512715786.18696475
  ME_ALLOC_S: 2580.0190505284345
  ME_READ_S: 9482.7613281249996
  ME_READ_L: 9213.1455078125
  ME_WRITE: 12581.8408203125
  ME_LARGE: 53598.5
  ME_LATENCY: 76.382458224811728
  ME_THREADED: 36568.134765625
  SUMM_CPU: 2698.4914391033758
  SUMM_ME: 1643.2581381930061
SystemInformation:
  OSName: Ubuntu 24.04.1 LTS
  Kernel: 6.8.0-1016-aws
  Device: ""
  Processor: ARM Neoverse-N1 4 Core 0 MHz
  NumSockets: 1
  Manufacturer: ARM
  NumCores: 4
  NumLogicals: 4
  CPUFrequency: 0
  Memory: 63512
Checksum: 3ECCE436011FA26B8B45B2A8B04AE38A9EAC821F