---
system-info:
      stress-ng-version: 0.17.08
      run-by: root
      date-yyyy-mm-dd: 2024:07:02
      time-hh-mm-ss: 16:22:03
      epoch-secs: 1719937323
      hostname: n2-highcpu-48-7eb5a52
      sysname: Linux
      nodename: n2-highcpu-48-7eb5a52
      release: 6.8.0-1009-gcp
      version: '#10-Ubuntu SMP Wed Jun 12 18:52:23 UTC 2024'
      machine: x86_64
      compiler: 'musl-gcc 13.2.1'
      uptime: 178
      totalram: 50597146624
      freeram: 44776833024
      sharedram: 70782976
      bufferram: 129130496
      totalswap: 0
      freeswap: 0
      pagesize: 4096
      cpus: 48
      cpus-online: 48
      ticks-per-second: 100

metrics:
    - stressor: cpu
      bogo-ops: 28205
      bogo-ops-per-second-usr-sys-time: 1410.338146
      bogo-ops-per-second-real-time: 1410.238905
      wall-clock-time: 20.000157
      user-time: 19.998750
      system-time: 0.000000
      cpu-usage-per-instance: 99.992963
      max-rss: 1152

...
