BaselineInfo:
  WebDBID: -1
  TimeStamp: 20241111101950
Version:
  Major: 11
  Minor: 0
  Build: 1002
  SpecialBuildName: ""
  ptArchitecture: x86_64_linux
Results:
  Results Complete: true
  NumTestProcesses: 8
  CPU_INTEGER_MATH: 33051.919999999998
  CPU_FLOATINGPOINT_MATH: 18291.16367003238
  CPU_PRIME: 74.621700243275512
  CPU_SORTING: 18234.228150454353
  CPU_ENCRYPTION: 8580.4055333228644
  CPU_COMPRESSION: 127990.50074191633
  CPU_SINGLETHREAD: 2363.3956364278315
  CPU_PHYSICS: 1427.2926986335381
  CPU_MATRIX_MULT_SSE: 7304.8489564364199
  CPU_mm: 890.92791005930235
  CPU_sse: 3785.1351898829412
  CPU_fma: 10293.413442955643
  CPU_avx: 7835.998236470673
  CPU_avx512: 0
  m_CPU_enc_SHA: 12413519809.293863
  m_CPU_enc_AES: 7932912397.3465929
  m_CPU_enc_ECDSA: 6645189730.8882132
  ME_ALLOC_S: 3530.8512632686929
  ME_READ_S: 24251.145898437499
  ME_READ_L: 16497.478515625
  ME_WRITE: 17015.146484375
  ME_LARGE: 54070.166666666664
  ME_LATENCY: 68.011210070771952
  ME_THREADED: 67421.2275390625
  SUMM_CPU: 11861.40506807878
  SUMM_ME: 2529.1315732881503
SystemInformation:
  OSName: Ubuntu 24.04.1 LTS
  Kernel: 6.8.0-1015-gcp
  Device: ""
  Processor: AMD EPYC 7B13
  NumSockets: 1
  Manufacturer: AuthenticAMD
  NumCores: 4
  NumLogicals: 8
  CPUFrequency: 0
  Memory: 64301
  MemModuleInfo:
    iNumMemSticks: 4
    DIMM 1:
      manufacturer: ""
      modulePartNo: ""
      memType: RAM
      size: 16
      clkspeed: 0
      moduleVoltage: 0
    DIMM 2:
      manufacturer: ""
      modulePartNo: ""
      memType: RAM
      size: 16
      clkspeed: 0
      moduleVoltage: 0
    DIMM 3:
      manufacturer: ""
      modulePartNo: ""
      memType: RAM
      size: 16
      clkspeed: 0
      moduleVoltage: 0
    DIMM 4:
      manufacturer: ""
      modulePartNo: ""
      memType: RAM
      size: 16
      clkspeed: 0
      moduleVoltage: 0
Checksum: 4A20C7CFCF99ECA02DDFA226ECD6C61C469D5456