---
system-info:
      stress-ng-version: 0.17.08
      run-by: root
      date-yyyy-mm-dd: 2024:08:30
      time-hh-mm-ss: 19:45:47
      epoch-secs: 1725047147
      hostname: sc-runner
      sysname: Linux
      nodename: sc-runner
      release: 6.8.0-1013-azure
      version: '#15-Ubuntu SMP Thu Aug  8 18:40:40 UTC 2024'
      machine: x86_64
      compiler: 'musl-gcc 13.2.1'
      uptime: 382
      totalram: 14652858368
      freeram: 6186913792
      sharedram: 42160128
      bufferram: 212508672
      totalswap: 0
      freeswap: 0
      pagesize: 4096
      cpus: 4
      cpus-online: 4
      ticks-per-second: 100

metrics:
    - stressor: cpu
      bogo-ops: 20775
      bogo-ops-per-second-usr-sys-time: 1038.897212
      bogo-ops-per-second-real-time: 1038.740143
      wall-clock-time: 20.000190
      user-time: 19.995166
      system-time: 0.002000
      cpu-usage-per-instance: 99.984881
      max-rss: 3152

...
