---
system-info:
      stress-ng-version: 0.17.08
      run-by: root
      date-yyyy-mm-dd: 2024:06:05
      time-hh-mm-ss: 23:15:19
      epoch-secs: 1717629319
      hostname: eb6786b5693c
      sysname: Linux
      nodename: eb6786b5693c
      release: 6.8.0-1008-aws
      version: '#8-Ubuntu SMP Sat Apr 20 00:46:25 UTC 2024'
      machine: x86_64
      compiler: 'musl-gcc 13.2.1'
      uptime: 122
      totalram: 99087368192
      freeram: 94671085568
      sharedram: 29491200
      bufferram: 79495168
      totalswap: 0
      freeswap: 0
      pagesize: 4096
      cpus: 36
      cpus-online: 36
      ticks-per-second: 100

metrics:
    - stressor: cpu
      bogo-ops: 392054
      bogo-ops-per-second-usr-sys-time: 1089.744895
      bogo-ops-per-second-real-time: 39196.626904
      wall-clock-time: 10.002238
      user-time: 359.706801
      system-time: 0.059968
      cpu-usage-per-instance: 99.912851
      max-rss: 3796

...
