---
system-info:
      stress-ng-version: 0.17.08
      run-by: root
      date-yyyy-mm-dd: 2024:06:12
      time-hh-mm-ss: 21:55:30
      epoch-secs: 1718229330
      hostname: ca95872210e9
      sysname: Linux
      nodename: ca95872210e9
      release: 6.8.0-1008-aws
      version: '#8-Ubuntu SMP Sat Apr 20 00:46:25 UTC 2024'
      machine: x86_64
      compiler: 'musl-gcc 13.2.1'
      uptime: 122
      totalram: 99087360000
      freeram: 94427062272
      sharedram: 29491200
      bufferram: 111079424
      totalswap: 0
      freeswap: 0
      pagesize: 4096
      cpus: 36
      cpus-online: 36
      ticks-per-second: 100

metrics:
    - stressor: cpu
      bogo-ops: 667709
      bogo-ops-per-second-usr-sys-time: 927.946659
      bogo-ops-per-second-real-time: 33385.316885
      wall-clock-time: 20.000080
      user-time: 719.531390
      system-time: 0.023978
      cpu-usage-per-instance: 99.937847
      max-rss: 916

...
