---
system-info:
      stress-ng-version: 0.17.08
      run-by: root
      date-yyyy-mm-dd: 2024:06:26
      time-hh-mm-ss: 09:18:13
      epoch-secs: 1719393493
      hostname: c3d-standard-8-lssd-7aec1a9
      sysname: Linux
      nodename: c3d-standard-8-lssd-7aec1a9
      release: 6.8.0-1008-gcp
      version: '#9-Ubuntu SMP Wed May 22 18:09:04 UTC 2024'
      machine: x86_64
      compiler: 'musl-gcc 13.2.1'
      uptime: 139
      totalram: 33652191232
      freeram: 28649144320
      sharedram: 34983936
      bufferram: 125997056
      totalswap: 0
      freeswap: 0
      pagesize: 4096
      cpus: 8
      cpus-online: 8
      ticks-per-second: 100

metrics:
    - stressor: cpu
      bogo-ops: 57229
      bogo-ops-per-second-usr-sys-time: 2861.562459
      bogo-ops-per-second-real-time: 2861.443792
      wall-clock-time: 20.000043
      user-time: 19.998215
      system-time: 0.000999
      cpu-usage-per-instance: 99.995853
      max-rss: 1104

...
