---
system-info:
      stress-ng-version: 0.17.08
      run-by: root
      date-yyyy-mm-dd: 2024:09:16
      time-hh-mm-ss: 14:35:36
      epoch-secs: 1726497336
      hostname: sc-runner
      sysname: Linux
      nodename: sc-runner
      release: 6.8.0-1014-azure
      version: '#16-Ubuntu SMP Thu Aug 15 20:04:41 UTC 2024'
      machine: x86_64
      compiler: 'musl-gcc 13.2.1'
      uptime: 304
      totalram: 67424501760
      freeram: 57280581632
      sharedram: 54878208
      bufferram: 228745216
      totalswap: 0
      freeswap: 0
      pagesize: 4096
      cpus: 2
      cpus-online: 2
      ticks-per-second: 100

metrics:
    - stressor: cpu
      bogo-ops: 37735
      bogo-ops-per-second-usr-sys-time: 1886.978513
      bogo-ops-per-second-real-time: 1886.742015
      wall-clock-time: 20.000085
      user-time: 19.994579
      system-time: 0.002999
      cpu-usage-per-instance: 99.987467
      max-rss: 3024

...
