---
system-info:
      stress-ng-version: 0.17.08
      run-by: root
      date-yyyy-mm-dd: 2024:06:13
      time-hh-mm-ss: 19:55:17
      epoch-secs: 1718308517
      hostname: 6ca73d982edb
      sysname: Linux
      nodename: 6ca73d982edb
      release: 6.8.0-1008-aws
      version: '#8-Ubuntu SMP Sat Apr 20 00:46:25 UTC 2024'
      machine: x86_64
      compiler: 'musl-gcc 13.2.1'
      uptime: 123
      totalram: 798840692736
      freeram: 792959856640
      sharedram: 117321728
      bufferram: 105594880
      totalswap: 0
      freeswap: 0
      pagesize: 4096
      cpus: 96
      cpus-online: 96
      ticks-per-second: 100

metrics:
    - stressor: cpu
      bogo-ops: 1853552
      bogo-ops-per-second-usr-sys-time: 965.999071
      bogo-ops-per-second-real-time: 92677.244761
      wall-clock-time: 20.000077
      user-time: 1918.755753
      system-time: 0.036983
      cpu-usage-per-instance: 99.936739
      max-rss: 768

...
