---
system-info:
      stress-ng-version: 0.17.08
      run-by: root
      date-yyyy-mm-dd: 2024:06:08
      time-hh-mm-ss: 06:55:48
      epoch-secs: 1717829748
      hostname: 064a3926ff96
      sysname: Linux
      nodename: 064a3926ff96
      release: 6.8.0-1008-aws
      version: '#8-Ubuntu SMP Sat Apr 20 00:46:25 UTC 2024'
      machine: x86_64
      compiler: 'musl-gcc 13.2.1'
      uptime: 121
      totalram: 798840700928
      freeram: 792912252928
      sharedram: 117321728
      bufferram: 97472512
      totalswap: 0
      freeswap: 0
      pagesize: 4096
      cpus: 96
      cpus-online: 96
      ticks-per-second: 100

metrics:
    - stressor: cpu
      bogo-ops: 1163764
      bogo-ops-per-second-usr-sys-time: 1212.826588
      bogo-ops-per-second-real-time: 116354.624071
      wall-clock-time: 10.001872
      user-time: 959.446959
      system-time: 0.099947
      cpu-usage-per-instance: 99.934100
      max-rss: 3072

...
