BaselineInfo:
  WebDBID: -1
  TimeStamp: 20241107204334
Version:
  Major: 11
  Minor: 0
  Build: 1002
  SpecialBuildName: ""
  ptArchitecture: aarch64_linux
Results:
  Results Complete: true
  NumTestProcesses: 4
  CPU_INTEGER_MATH: 20855.043000000001
  CPU_FLOATINGPOINT_MATH: 24213.658942087273
  CPU_PRIME: 70.64047444176083
  CPU_SORTING: 18523.613873479117
  CPU_ENCRYPTION: 753.36992072924238
  CPU_COMPRESSION: 26549.751813791707
  CPU_SINGLETHREAD: 1944.735035201549
  CPU_PHYSICS: 1372.5348340620089
  CPU_MATRIX_MULT_SSE: 3675.426911512488
  CPU_mm: 456.26664283851397
  CPU_sse: 2882.0576871509975
  CPU_fma: 4468.7961358739785
  CPU_avx: 0
  CPU_avx512: 0
  m_CPU_enc_SHA: 1189553510.2291455
  m_CPU_enc_AES: 428896113.02099627
  m_CPU_enc_ECDSA: 751447230.74561644
  ME_ALLOC_S: 6023.6880066006097
  ME_READ_S: 18988.016796874999
  ME_READ_L: 18294.390625
  ME_WRITE: 21300.072265625
  ME_LARGE: 53189.833333333336
  ME_LATENCY: 48.747265139085677
  ME_THREADED: 71548.939453125
  SUMM_CPU: 3954.7960934408484
  SUMM_ME: 2931.9817355175119
SystemInformation:
  OSName: Ubuntu 24.04.1 LTS
  Kernel: 6.8.0-1016-aws
  Device: ""
  Processor: ARM Neoverse-V2 4 Core 0 MHz
  NumSockets: 1
  Manufacturer: ARM
  NumCores: 4
  NumLogicals: 4
  CPUFrequency: 0
  Memory: 63135
Checksum: 97A2DD2D016F7D2087FFF19DB0E42E2CDDC5908E