---
system-info:
      stress-ng-version: 0.17.08
      run-by: root
      date-yyyy-mm-dd: 2024:06:06
      time-hh-mm-ss: 05:40:30
      epoch-secs: 1717652430
      hostname: a239403a7f90
      sysname: Linux
      nodename: a239403a7f90
      release: 6.8.0-1008-aws
      version: '#8-Ubuntu SMP Sat Apr 20 02:43:14 UTC 2024'
      machine: aarch64
      compiler: 'musl-gcc 13.2.1'
      uptime: 113
      totalram: 16434499584
      freeram: 12316475392
      sharedram: 35016704
      bufferram: 79650816
      totalswap: 0
      freeswap: 0
      pagesize: 4096
      cpus: 8
      cpus-online: 8
      ticks-per-second: 100

metrics:
    - stressor: cpu
      bogo-ops: 23520
      bogo-ops-per-second-usr-sys-time: 292.979476
      bogo-ops-per-second-real-time: 2338.318726
      wall-clock-time: 10.058509
      user-time: 80.266669
      system-time: 0.011992
      cpu-usage-per-instance: 99.764613
      max-rss: 4136

...
