---
system-info:
      stress-ng-version: 0.17.08
      run-by: root
      date-yyyy-mm-dd: 2024:06:12
      time-hh-mm-ss: 22:40:33
      epoch-secs: 1718232033
      hostname: 964db4edfc91
      sysname: Linux
      nodename: 964db4edfc91
      release: 6.8.0-1008-aws
      version: '#8-Ubuntu SMP Sat Apr 20 02:43:14 UTC 2024'
      machine: aarch64
      compiler: 'musl-gcc 13.2.1'
      uptime: 125
      totalram: 16434507776
      freeram: 12131442688
      sharedram: 35016704
      bufferram: 110047232
      totalswap: 0
      freeswap: 0
      pagesize: 4096
      cpus: 8
      cpus-online: 8
      ticks-per-second: 100

metrics:
    - stressor: cpu
      bogo-ops: 242668
      bogo-ops-per-second-usr-sys-time: 1519.471587
      bogo-ops-per-second-real-time: 12133.361833
      wall-clock-time: 20.000063
      user-time: 159.687529
      system-time: 0.017991
      cpu-usage-per-instance: 99.815636
      max-rss: 1192

...
