---
system-info:
      stress-ng-version: 0.17.08
      run-by: root
      date-yyyy-mm-dd: 2024:06:06
      time-hh-mm-ss: 05:15:12
      epoch-secs: 1717650912
      hostname: a2953d49a1b9
      sysname: Linux
      nodename: a2953d49a1b9
      release: 6.8.0-1008-aws
      version: '#8-Ubuntu SMP Sat Apr 20 02:43:14 UTC 2024'
      machine: aarch64
      compiler: 'musl-gcc 13.2.1'
      uptime: 113
      totalram: 99418230784
      freeram: 95002480640
      sharedram: 35168256
      bufferram: 79581184
      totalswap: 0
      freeswap: 0
      pagesize: 4096
      cpus: 48
      cpus-online: 48
      ticks-per-second: 100

metrics:
    - stressor: cpu
      bogo-ops: 141103
      bogo-ops-per-second-usr-sys-time: 292.692672
      bogo-ops-per-second-real-time: 14039.826771
      wall-clock-time: 10.050195
      user-time: 482.037886
      system-time: 0.047979
      cpu-usage-per-instance: 99.932940
      max-rss: 3840

...
