---
system-info:
      stress-ng-version: 0.17.08
      run-by: root
      date-yyyy-mm-dd: 2024:06:12
      time-hh-mm-ss: 22:20:50
      epoch-secs: 1718230850
      hostname: 912f54f6e633
      sysname: Linux
      nodename: 912f54f6e633
      release: 6.8.0-1008-aws
      version: '#8-Ubuntu SMP Sat Apr 20 02:43:14 UTC 2024'
      machine: aarch64
      compiler: 'musl-gcc 13.2.1'
      uptime: 139
      totalram: 99418234880
      freeram: 94832398336
      sharedram: 35168256
      bufferram: 110342144
      totalswap: 0
      freeswap: 0
      pagesize: 4096
      cpus: 48
      cpus-online: 48
      ticks-per-second: 100

metrics:
    - stressor: cpu
      bogo-ops: 1456561
      bogo-ops-per-second-usr-sys-time: 1517.858683
      bogo-ops-per-second-real-time: 72827.779202
      wall-clock-time: 20.000074
      user-time: 959.592706
      system-time: 0.022979
      cpu-usage-per-instance: 99.959596
      max-rss: 1152

...
