BaselineInfo:
  WebDBID: -1
  TimeStamp: 20241108100337
Version:
  Major: 11
  Minor: 0
  Build: 1002
  SpecialBuildName: ""
  ptArchitecture: x86_64_linux
Results:
  Results Complete: true
  NumTestProcesses: 16
  CPU_INTEGER_MATH: 55628.334333333325
  CPU_FLOATINGPOINT_MATH: 29882.104489206165
  CPU_PRIME: 80.918536211720763
  CPU_SORTING: 28640.554858676292
  CPU_ENCRYPTION: 7646.432478249365
  CPU_COMPRESSION: 246261.93848144138
  CPU_SINGLETHREAD: 2220.3934102222406
  CPU_PHYSICS: 1597.7165994307902
  CPU_MATRIX_MULT_SSE: 14785.371864104825
  CPU_mm: 1688.0799056876417
  CPU_sse: 6085.6206800275022
  CPU_fma: 17945.71989291823
  CPU_avx: 12641.888751272119
  CPU_avx512: 22468.258132201445
  m_CPU_enc_SHA: 2516115397.0367522
  m_CPU_enc_AES: 19271455475.420513
  m_CPU_enc_ECDSA: 2266025874.4811525
  ME_ALLOC_S: 6205.4601456463433
  ME_READ_S: 26612.147070312501
  ME_READ_L: 11403.4775390625
  ME_WRITE: 10647.2412109375
  ME_LARGE: 53708.333333333336
  ME_LATENCY: 48.759246765548767
  ME_THREADED: 88933.31884765625
  SUMM_CPU: 17347.021173399593
  SUMM_ME: 2768.0424797054875
SystemInformation:
  OSName: Ubuntu 24.04.1 LTS
  Kernel: 6.8.0-1015-gcp
  Device: ""
  Processor: Intel Xeon CPU @ 3.10GHz
  NumSockets: 1
  Manufacturer: GenuineIntel
  NumCores: 8
  NumLogicals: 16
  CPUFrequency: 0
  Memory: 64298
  MemModuleInfo:
    iNumMemSticks: 4
    DIMM 1:
      manufacturer: ""
      modulePartNo: ""
      memType: RAM
      size: 16
      clkspeed: 0
      moduleVoltage: 0
    DIMM 2:
      manufacturer: ""
      modulePartNo: ""
      memType: RAM
      size: 16
      clkspeed: 0
      moduleVoltage: 0
    DIMM 3:
      manufacturer: ""
      modulePartNo: ""
      memType: RAM
      size: 16
      clkspeed: 0
      moduleVoltage: 0
    DIMM 4:
      manufacturer: ""
      modulePartNo: ""
      memType: RAM
      size: 16
      clkspeed: 0
      moduleVoltage: 0
Checksum: CDCFA3573C6C83085453035024A5DBC9569151BE