BaselineInfo:
  WebDBID: -1
  TimeStamp: 20260619181411
Version:
  Major: 11
  Minor: 0
  Build: 1004
  SpecialBuildName: ""
  ptArchitecture: x86_64_linux
Results:
  Results Complete: true
  NumTestProcesses: 2
  CPU_INTEGER_MATH: 14912.769
  CPU_FLOATINGPOINT_MATH: 14563.533439001101
  CPU_PRIME: 54.88288876247185
  CPU_SORTING: 8694.68625967351
  CPU_ENCRYPTION: 3089.7222845647366
  CPU_COMPRESSION: 64725.956266402238
  CPU_SINGLETHREAD: 3704.369584861879
  CPU_PHYSICS: 965.18030764599894
  CPU_MATRIX_MULT_SSE: 5673.4907310040835
  CPU_mm: 707.32474947835885
  CPU_sse: 2094.5454736440029
  CPU_fma: 8469.2278528054849
  CPU_avx: 4324.6164137983642
  CPU_avx512: 7805.5731837684834
  m_CPU_enc_SHA: 4305807980.0278864
  m_CPU_enc_AES: 2678511995.0157204
  m_CPU_enc_ECDSA: 2735105927.7356539
  ME_ALLOC_S: 2748.3270032256632
  ME_READ_S: 32991.579492187499
  ME_READ_L: 28639.958984375
  ME_WRITE: 30335.005859375
  ME_LARGE: 56096
  ME_LATENCY: 82.519660181597331
  ME_THREADED: 45330.236328125
  SUMM_CPU: 6706.3841296731225
  SUMM_ME: 2523.8301472964426
SystemInformation:
  OSName: Ubuntu 24.04.4 LTS
  Kernel: 6.17.0-1018-azure
  Device: ""
  Processor: "AMD EPYC 9V45 96-Core Processor                "
  NumSockets: 1
  Manufacturer: AuthenticAMD
  NumCores: 2
  NumLogicals: 2
  CPUFrequency: 0
  CPUMaxFrequency: 0
  Memory: 64302
  CPUInfo:
    number: 1
    Family: 15
    Model: 2
    stepping: 1
    features: 395049983
    manufacture: AuthenticAMD
    typestring: "AMD EPYC 9V45 96-Core Processor                "
    iCoresPerPackage: 8
    iThreadsPerPackage: 1
    featuresEx:
      - 395049983
      - 4277809667
      - 802421759
    bHybrid: false
    nPCore: 0
    nLogicalsPerPCore: 0
    nECore: 0
    nLogicalsPerECore: 0
  MemModuleInfo:
    iNumMemSticks: 3
    DIMM 1:
      manufacturer: Microsoft Corporation
      modulePartNo: None
      memType: Unknown
      size: 1
      clkspeed: 0
      moduleVoltage: 0
    DIMM 2:
      manufacturer: Microsoft Corporation
      modulePartNo: None
      memType: Unknown
      size: 59
      clkspeed: 0
      moduleVoltage: 0
    DIMM 3:
      manufacturer: Microsoft Corporation
      modulePartNo: None
      memType: Unknown
      size: 4
      clkspeed: 0
      moduleVoltage: 0
Checksum: E343176CCB925B8C3A7B98EF1662E26D5558BB1C