---
system-info:
      stress-ng-version: 0.17.08
      run-by: root
      date-yyyy-mm-dd: 2024:06:14
      time-hh-mm-ss: 09:56:34
      epoch-secs: 1718358994
      hostname: cf8ad787cf11
      sysname: Linux
      nodename: cf8ad787cf11
      release: 6.8.0-1008-aws
      version: '#8-Ubuntu SMP Sat Apr 20 02:43:14 UTC 2024'
      machine: aarch64
      compiler: 'musl-gcc 13.2.1'
      uptime: 135
      totalram: 132642865152
      freeram: 127807635456
      sharedram: 34951168
      bufferram: 107888640
      totalswap: 0
      freeswap: 0
      pagesize: 4096
      cpus: 64
      cpus-online: 64
      ticks-per-second: 100

metrics:
    - stressor: cpu
      bogo-ops: 30642
      bogo-ops-per-second-usr-sys-time: 1532.081768
      bogo-ops-per-second-real-time: 1532.096895
      wall-clock-time: 20.000041
      user-time: 20.000238
      system-time: 0.000000
      cpu-usage-per-instance: 100.000987
      max-rss: 1024

...
