---
system-info:
      stress-ng-version: 0.17.08
      run-by: root
      date-yyyy-mm-dd: 2024:06:06
      time-hh-mm-ss: 16:43:40
      epoch-secs: 1717692220
      hostname: 489f2fd6b3f0
      sysname: Linux
      nodename: 489f2fd6b3f0
      release: 6.8.0-1008-aws
      version: '#8-Ubuntu SMP Sat Apr 20 02:43:14 UTC 2024'
      machine: aarch64
      compiler: 'musl-gcc 13.2.1'
      uptime: 128
      totalram: 132642865152
      freeram: 128005591040
      sharedram: 34951168
      bufferram: 84807680
      totalswap: 0
      freeswap: 0
      pagesize: 4096
      cpus: 64
      cpus-online: 64
      ticks-per-second: 100

metrics:
    - stressor: cpu
      bogo-ops: 4267
      bogo-ops-per-second-usr-sys-time: 424.847960
      bogo-ops-per-second-real-time: 424.846924
      wall-clock-time: 10.043617
      user-time: 10.043593
      system-time: 0.000000
      cpu-usage-per-instance: 99.999756
      max-rss: 3584

...
