---
system-info:
      stress-ng-version: 0.17.08
      run-by: root
      date-yyyy-mm-dd: 2024:09:03
      time-hh-mm-ss: 08:48:29
      epoch-secs: 1725353309
      hostname: sc-runner
      sysname: Linux
      nodename: sc-runner
      release: 6.8.0-1013-azure
      version: '#15-Ubuntu SMP Thu Aug  8 18:40:40 UTC 2024'
      machine: x86_64
      compiler: 'musl-gcc 13.2.1'
      uptime: 382
      totalram: 33650921472
      freeram: 25071931392
      sharedram: 57028608
      bufferram: 211660800
      totalswap: 0
      freeswap: 0
      pagesize: 4096
      cpus: 8
      cpus-online: 8
      ticks-per-second: 100

metrics:
    - stressor: cpu
      bogo-ops: 79263
      bogo-ops-per-second-usr-sys-time: 497.662731
      bogo-ops-per-second-real-time: 3963.118630
      wall-clock-time: 20.000158
      user-time: 159.224311
      system-time: 0.046205
      cpu-usage-per-instance: 99.543285
      max-rss: 3152

...
