BaselineInfo:
  WebDBID: -1
  TimeStamp: 20260612164425
Version:
  Major: 11
  Minor: 0
  Build: 1004
  SpecialBuildName: ""
  ptArchitecture: x86_64_linux
Results:
  Results Complete: true
  NumTestProcesses: 4
  CPU_INTEGER_MATH: 19643.002
  CPU_FLOATINGPOINT_MATH: 15742.450928412467
  CPU_PRIME: 62.66683406866499
  CPU_SORTING: 11564.080241047526
  CPU_ENCRYPTION: 2399.7085449199776
  CPU_COMPRESSION: 83753.120834462665
  CPU_SINGLETHREAD: 2235.5190075424152
  CPU_PHYSICS: 1065.8648397014681
  CPU_MATRIX_MULT_SSE: 5705.2761635323832
  CPU_mm: 910.51183293178224
  CPU_sse: 2944.5234456865546
  CPU_fma: 8333.836770603717
  CPU_avx: 5837.4682743068797
  CPU_avx512: 0
  m_CPU_enc_SHA: 1191289685.7132838
  m_CPU_enc_AES: 5301493368.4927855
  m_CPU_enc_ECDSA: 1056047307.3879625
  ME_ALLOC_S: 1916.1349265250976
  ME_READ_S: 23003.708398437499
  ME_READ_L: 10805.6259765625
  ME_WRITE: 8897.63671875
  ME_LARGE: 11855.5
  ME_LATENCY: 51.301468678292451
  ME_THREADED: 39524.36767578125
  SUMM_CPU: 7273.2447651756784
  SUMM_ME: 2218.8138857447125
SystemInformation:
  OSName: Ubuntu 24.04.4 LTS
  Kernel: 6.8.0-124-generic
  Device: ""
  Processor: Intel Core Processor (Broadwell, no TSX, IBRS)
  NumSockets: 1
  Manufacturer: GenuineIntel
  NumCores: 2
  NumLogicals: 4
  CPUFrequency: 7
  CPUMaxFrequency: 832
  Memory: 19995
  CPUInfo:
    number: 1
    Family: 6
    Model: 13
    stepping: 2
    features: 395049983
    manufacture: GenuineIntel
    typestring: Intel Core Processor (Broadwell, no TSX, IBRS)
    iCoresPerPackage: 2
    iThreadsPerPackage: 2
    featuresEx:
      - 395049983
      - 4294586883
      - 672139264
    bHybrid: false
    nPCore: 0
    nLogicalsPerPCore: 0
    nECore: 0
    nLogicalsPerECore: 0
  MemModuleInfo:
    iNumMemSticks: 2
    DIMM 1:
      manufacturer: QEMU
      modulePartNo: Not Specified
      memType: RAM
      size: 16
      clkspeed: 0
      moduleVoltage: 0
    DIMM 2:
      manufacturer: QEMU
      modulePartNo: Not Specified
      memType: RAM
      size: 4
      clkspeed: 0
      moduleVoltage: 0
Checksum: FA1E4D70AE3D9AB8B4848A61FA812AFAE72B918A