BaselineInfo:
  WebDBID: -1
  TimeStamp: 20241108053852
Version:
  Major: 11
  Minor: 0
  Build: 1002
  SpecialBuildName: ""
  ptArchitecture: x86_64_linux
Results:
  Results Complete: true
  NumTestProcesses: 16
  CPU_INTEGER_MATH: 41445.563666666669
  CPU_FLOATINGPOINT_MATH: 21852.154698929226
  CPU_PRIME: 37.143546571713763
  CPU_SORTING: 23450.623445946592
  CPU_ENCRYPTION: 12970.597549495194
  CPU_COMPRESSION: 176036.94731718313
  CPU_SINGLETHREAD: 1444.3146921174516
  CPU_PHYSICS: 866.49568285400858
  CPU_MATRIX_MULT_SSE: 6556.1088171952051
  CPU_mm: 1257.3800443392288
  CPU_sse: 5103.9986371107452
  CPU_fma: 7517.4251726826587
  CPU_avx: 7046.9026417922123
  CPU_avx512: 0
  m_CPU_enc_SHA: 18357516012.537079
  m_CPU_enc_AES: 12713971964.595108
  m_CPU_enc_ECDSA: 9730483911.0462379
  ME_ALLOC_S: 3727.2099753791076
  ME_READ_S: 14936.35634765625
  ME_READ_L: 11549.37109375
  ME_WRITE: 8314.2568359375
  ME_LARGE: 117642.33333333333
  ME_LATENCY: 62.433629498338441
  ME_THREADED: 28207.23486328125
  SUMM_CPU: 12505.339008806781
  SUMM_ME: 2007.1949945059816
SystemInformation:
  OSName: Ubuntu 24.04.1 LTS
  Kernel: 6.8.0-1016-aws
  Device: ""
  Processor: AMD EPYC 7571
  NumSockets: 1
  Manufacturer: AuthenticAMD
  NumCores: 8
  NumLogicals: 16
  CPUFrequency: 0
  Memory: 127770
  MemModuleInfo:
    iNumMemSticks: 1
    DIMM 1:
      manufacturer: Not Specified
      modulePartNo: Not Specified
      memType: DDR4
      size: 128
      clkspeed: 1333
      moduleVoltage: 0
Checksum: 6CEDD17F7A269015394C67185BE179AD7A701810