---
system-info:
      stress-ng-version: 0.17.08
      run-by: root
      date-yyyy-mm-dd: 2024:08:30
      time-hh-mm-ss: 08:08:38
      epoch-secs: 1725005318
      hostname: sc-runner
      sysname: Linux
      nodename: sc-runner
      release: 6.8.0-1013-azure
      version: '#15-Ubuntu SMP Thu Aug  8 18:40:40 UTC 2024'
      machine: x86_64
      compiler: 'musl-gcc 13.2.1'
      uptime: 702
      totalram: 4102430720
      freeram: 228040704
      sharedram: 21368832
      bufferram: 182996992
      totalswap: 0
      freeswap: 0
      pagesize: 4096
      cpus: 1
      cpus-online: 1
      ticks-per-second: 100

metrics:
    - stressor: cpu
      bogo-ops: 32804
      bogo-ops-per-second-usr-sys-time: 1667.257844
      bogo-ops-per-second-real-time: 1640.196774
      wall-clock-time: 20.000039
      user-time: 19.663330
      system-time: 0.012091
      cpu-usage-per-instance: 98.376911
      max-rss: 1104

...
