BaselineInfo:
  WebDBID: -1
  TimeStamp: 20241107132638
Version:
  Major: 11
  Minor: 0
  Build: 1002
  SpecialBuildName: ""
  ptArchitecture: x86_64_linux
Results:
  Results Complete: true
  NumTestProcesses: 4
  CPU_INTEGER_MATH: 16664.220666666664
  CPU_FLOATINGPOINT_MATH: 8557.5347302435894
  CPU_PRIME: 37.684315323915889
  CPU_SORTING: 8789.3533752818821
  CPU_ENCRYPTION: 3643.2581814526457
  CPU_COMPRESSION: 62694.822932903291
  CPU_SINGLETHREAD: 2425.5666379049562
  CPU_PHYSICS: 701.0462159875882
  CPU_MATRIX_MULT_SSE: 3432.8865866052629
  CPU_mm: 360.46318702818769
  CPU_sse: 1574.7356639281377
  CPU_fma: 4364.2488860631702
  CPU_avx: 3225.8659932097053
  CPU_avx512: 4566.6958032200382
  m_CPU_enc_SHA: 3680963839.1748395
  m_CPU_enc_AES: 5543038065.7289438
  m_CPU_enc_ECDSA: 2236697367.7208834
  ME_ALLOC_S: 2045.7067160049346
  ME_READ_S: 24353.719921874999
  ME_READ_L: 11219.8837890625
  ME_WRITE: 10349.32421875
  ME_LARGE: 6015
  ME_LATENCY: 55.737740342643825
  ME_THREADED: 30175.9775390625
  SUMM_CPU: 5868.7629058948523
  SUMM_ME: 2075.1186542278147
SystemInformation:
  OSName: Ubuntu 24.04.1 LTS
  Kernel: 6.8.0-1017-azure
  Device: ""
  Processor: Intel Xeon Platinum 8370C CPU @ 2.80GHz
  NumSockets: 1
  Manufacturer: GenuineIntel
  NumCores: 2
  NumLogicals: 4
  CPUFrequency: 2800
  Memory: 15988
  MemModuleInfo:
    iNumMemSticks: 2
    DIMM 1:
      manufacturer: Microsoft Corporation
      modulePartNo: None
      memType: Unknown
      size: 1
      clkspeed: 0
      moduleVoltage: 0
    DIMM 2:
      manufacturer: Microsoft Corporation
      modulePartNo: None
      memType: Unknown
      size: 15
      clkspeed: 0
      moduleVoltage: 0
Checksum: 352DB4B2026E1DB5B288DB7257B86CDE26798C66