---
system-info:
      stress-ng-version: 0.17.08
      run-by: root
      date-yyyy-mm-dd: 2024:06:07
      time-hh-mm-ss: 14:20:58
      epoch-secs: 1717770058
      hostname: c14a39884f14
      sysname: Linux
      nodename: c14a39884f14
      release: 6.8.0-1008-aws
      version: '#8-Ubuntu SMP Sat Apr 20 00:46:25 UTC 2024'
      machine: x86_64
      compiler: 'musl-gcc 13.2.1'
      uptime: 115
      totalram: 66333835264
      freeram: 61996011520
      sharedram: 59920384
      bufferram: 91435008
      totalswap: 0
      freeswap: 0
      pagesize: 4096
      cpus: 8
      cpus-online: 8
      ticks-per-second: 100

metrics:
    - stressor: cpu
      bogo-ops: 95194
      bogo-ops-per-second-usr-sys-time: 1193.369766
      bogo-ops-per-second-real-time: 9517.712113
      wall-clock-time: 10.001773
      user-time: 79.748094
      system-time: 0.020979
      cpu-usage-per-instance: 99.693661
      max-rss: 3920

...
