---
system-info:
      stress-ng-version: 0.17.08
      run-by: root
      date-yyyy-mm-dd: 2024:06:13
      time-hh-mm-ss: 09:22:26
      epoch-secs: 1718270546
      hostname: 81412c3bc039
      sysname: Linux
      nodename: 81412c3bc039
      release: 6.8.0-1008-aws
      version: '#8-Ubuntu SMP Sat Apr 20 00:46:25 UTC 2024'
      machine: x86_64
      compiler: 'musl-gcc 13.2.1'
      uptime: 113
      totalram: 66333839360
      freeram: 61883625472
      sharedram: 59920384
      bufferram: 106205184
      totalswap: 0
      freeswap: 0
      pagesize: 4096
      cpus: 8
      cpus-online: 8
      ticks-per-second: 100

metrics:
    - stressor: cpu
      bogo-ops: 154007
      bogo-ops-per-second-usr-sys-time: 964.833571
      bogo-ops-per-second-real-time: 7700.320075
      wall-clock-time: 20.000078
      user-time: 159.606280
      system-time: 0.013995
      cpu-usage-per-instance: 99.762284
      max-rss: 1104

...
