"size","threads","connections","rps","latency","failed","server_usr","server_sys","client_usr","client_sys"
"1k",32,32,2202851,0.000014710,0,72.77,105.09,27.49,116.96
"1k",32,64,1610890,0.000073100,0,50.99,108.40,20.44,119.20
"1k",32,128,1574554,0.000083870,0,49.59,113.24,20.03,123.03
"1k",32,256,1681134,0.000205050,0,47.06,117.47,19.42,127.71
"1k",32,512,1788648,0.000562170,0,47.93,118.76,18.80,131.46
"1k",32,1024,1819370,0.000880000,0,50.40,117.80,17.85,131.76
"1k",64,64,2110208,0.000032950,0,67.86,102.60,27.21,120.23
"1k",64,128,1578518,0.000128110,0,41.43,108.69,21.93,126.44
"1k",64,256,1581038,0.000374110,0,38.00,120.33,19.31,139.52
"1k",64,512,1690467,0.000639700,0,41.56,119.85,18.83,140.99
"1k",64,1024,1618064,0.000860000,0,40.13,118.54,20.89,141.23
"1k",128,128,2067014,0.000074130,0,60.46,104.26,28.42,126.38
"1k",128,256,1467140,0.000370910,0,33.40,119.19,20.40,145.08
"1k",128,512,1557037,0.000481310,0,35.45,115.53,27.02,141.75
"1k",128,1024,1495591,0.000814280,0,33.81,118.30,24.37,145.73
"16k",32,32,1736560,0.000018900,0,57.56,101.47,25.62,122.92
"16k",32,64,1395282,0.000052750,0,48.77,105.36,21.17,120.35
"16k",32,128,1388000,0.000092660,0,47.50,112.32,20.39,127.19
"16k",32,256,1401098,0.000213340,0,45.42,116.74,18.97,132.74
"16k",32,512,1453012,0.000575860,0,44.37,117.90,17.61,138.53
"16k",32,1024,1406906,0.000900000,0,45.86,116.18,16.77,141.51
"16k",64,64,1952285,0.000034450,0,62.02,101.82,29.33,127.62
"16k",64,128,1378728,0.000135920,0,40.34,106.68,22.85,129.65
"16k",64,256,1367088,0.000324490,0,35.28,117.52,20.15,141.74
"16k",64,512,1415534,0.000694750,0,36.28,121.02,19.20,145.42
"16k",64,1024,1362399,0.001000000,0,37.34,118.32,20.02,147.03
"16k",128,128,1828920,0.000082570,0,54.75,102.42,29.44,133.55
"16k",128,256,1271174,0.000391770,0,31.25,118.45,20.85,147.78
"16k",128,512,1340928,0.000523710,0,33.51,114.97,27.03,145.00
"16k",128,1024,1320986,0.000910000,0,32.59,117.25,24.68,147.68
"64k",32,32,1061161,0.000030930,0,41.68,111.27,24.05,131.77
"64k",32,64,862390,0.000120570,0,37.75,114.72,18.21,129.38
"64k",32,128,740781,0.000167730,0,39.76,122.38,15.99,128.78
"64k",32,256,729628,0.000373180,0,38.28,127.98,15.13,133.09
"64k",32,512,702686,0.000830560,0,38.43,129.13,13.38,138.26
"64k",32,1024,606627,0.001650000,0,42.86,122.79,11.65,143.78
"64k",64,64,1207978,0.000055070,0,45.79,108.94,26.03,141.02
"64k",64,128,802668,0.000204110,0,31.59,118.85,18.76,132.10
"64k",64,256,783320,0.000477280,0,29.63,129.67,16.81,139.27
"64k",64,512,752601,0.000920000,0,29.29,131.49,16.69,145.65
"64k",64,1024,681886,0.001620000,0,35.45,127.40,16.20,144.25
"64k",128,128,1082403,0.000143380,0,40.16,114.37,25.92,140.64
"64k",128,256,789447,0.000447790,0,26.70,128.81,19.83,145.62
"64k",128,512,778213,0.000772860,0,27.44,127.09,23.04,145.82
"64k",128,1024,696601,0.001570000,0,30.95,128.13,18.52,145.45
"256k",32,32,457495,0.000076480,0,39.88,118.06,21.44,133.70
"256k",32,64,273705,0.000300100,0,31.44,131.05,13.15,122.11
"256k",32,128,210060,0.000591670,0,32.05,138.92,10.30,131.97
"256k",32,256,162226,0.001470000,0,33.22,141.14,7.47,137.48
"256k",32,512,144742,0.003200000,0,33.28,139.17,6.67,142.72
"256k",64,64,291583,0.000235410,0,23.95,130.18,14.23,154.58
"256k",64,128,265150,0.000568120,0,24.95,138.18,14.06,132.81
"256k",64,256,242902,0.001200000,0,25.01,151.47,12.62,133.87
"256k",64,512,184408,0.002780000,0,33.71,143.47,11.03,135.36
"256k",128,128,200467,0.000663310,0,16.59,107.54,9.70,190.40
"256k",128,256,274857,0.001020000,0,26.81,142.62,17.12,136.57
"256k",128,512,217520,0.002440000,0,34.80,145.49,14.73,130.32
"512k",32,32,85181,0.000376770,0,5.51,137.03,8.01,168.85
"512k",32,64,86276,0.000725960,0,19.40,141.78,7.55,135.21
"512k",32,128,71687,0.001640000,0,24.97,151.31,6.10,133.82
"512k",32,256,64625,0.003570000,0,25.05,153.01,5.18,138.31
"512k",32,512,62126,0.007070000,0,25.85,151.41,4.72,138.80
"512k",64,64,77812,0.000827160,0,9.49,106.80,6.11,201.05
"512k",64,128,70704,0.001750000,0,17.12,133.21,6.58,163.48
"512k",64,256,69360,0.003570000,0,17.45,154.76,6.67,143.94
"512k",64,512,62328,0.007900000,0,22.39,148.57,5.63,147.00
"512k",128,128,67628,0.001890000,0,10.35,96.14,5.70,212.21
"512k",128,256,69756,0.003630000,0,15.16,137.31,7.60,163.96
"512k",128,512,68052,0.007460000,0,20.04,148.09,7.71,149.59
