---
system-info:
      stress-ng-version: 0.17.08
      run-by: root
      date-yyyy-mm-dd: 2024:07:03
      time-hh-mm-ss: 08:17:00
      epoch-secs: 1719994620
      hostname: n4-standard-80-075fd47
      sysname: Linux
      nodename: n4-standard-80-075fd47
      release: 6.8.0-1009-gcp
      version: '#10-Ubuntu SMP Wed Jun 12 18:52:23 UTC 2024'
      machine: x86_64
      compiler: 'musl-gcc 13.2.1'
      uptime: 151
      totalram: 337875382272
      freeram: 331994255360
      sharedram: 274345984
      bufferram: 131366912
      totalswap: 0
      freeswap: 0
      pagesize: 4096
      cpus: 80
      cpus-online: 80
      ticks-per-second: 100

metrics:
    - stressor: cpu
      bogo-ops: 32833
      bogo-ops-per-second-usr-sys-time: 1641.674543
      bogo-ops-per-second-real-time: 1641.643209
      wall-clock-time: 20.000083
      user-time: 19.998701
      system-time: 0.001000
      cpu-usage-per-instance: 99.998091
      max-rss: 640

...
