---
system-info:
      stress-ng-version: 0.17.08
      run-by: root
      date-yyyy-mm-dd: 2024:07:02
      time-hh-mm-ss: 02:35:58
      epoch-secs: 1719887758
      hostname: n2-highcpu-16-c17d747
      sysname: Linux
      nodename: n2-highcpu-16-c17d747
      release: 6.8.0-1009-gcp
      version: '#10-Ubuntu SMP Wed Jun 12 18:52:23 UTC 2024'
      machine: x86_64
      compiler: 'musl-gcc 13.2.1'
      uptime: 173
      totalram: 16763080704
      freeram: 11524079616
      sharedram: 36048896
      bufferram: 126255104
      totalswap: 0
      freeswap: 0
      pagesize: 4096
      cpus: 16
      cpus-online: 16
      ticks-per-second: 100

metrics:
    - stressor: cpu
      bogo-ops: 28142
      bogo-ops-per-second-usr-sys-time: 1407.238191
      bogo-ops-per-second-real-time: 1407.093039
      wall-clock-time: 20.000099
      user-time: 19.998036
      system-time: 0.000000
      cpu-usage-per-instance: 99.989685
      max-rss: 1104

...
