size_kb,operation,bandwidth_mb_s,latency_ns,latency_stddev_ns,latency_samples,threads,iterations,elapsed_s
32,read,1332674.81,0,0,0,20,453720,0.212786
32,write,1203437.25,0,0,0,20,415973,0.216034
32,copy,797116.43,0,0,0,20,390015,0.305801
32,latency,0,0.87,0.02,7,1,7,0.125710
128,read,1415299.92,0,0,0,20,219106,0.387031
128,write,1395870.22,0,0,0,20,159033,0.284828
128,copy,956304.54,0,0,0,20,65703,0.171763
128,latency,0,2.45,0.05,7,1,7,0.656088
256,read,1339050.35,0,0,0,20,74096,0.276674
256,write,1360637.61,0,0,0,20,43952,0.161513
256,copy,720168.68,0,0,0,20,28499,0.197863
256,latency,0,2.76,0.08,7,1,7,0.679173
512,read,1436758.65,0,0,0,20,64333,0.447765
512,write,1835193.25,0,0,0,20,61334,0.334210
512,copy,545899.05,0,0,0,20,21824,0.399781
512,latency,0,3.24,0.04,7,1,7,0.595560
1024,read,1282051.49,0,0,0,20,16926,0.264046
1024,write,1128174.12,0,0,0,20,24098,0.427204
1024,copy,495913.50,0,0,0,20,6322,0.254964
1024,latency,0,5.67,0.30,21,1,21,2.201297
4096,read,762812.05,0,0,0,20,2502,0.262398
4096,write,525262.50,0,0,0,20,6763,1.030037
4096,copy,230476.49,0,0,0,20,987,0.342595
4096,latency,0,9.04,0.22,7,1,7,0.649270
8192,read,368601.39,0,0,0,20,2375,1.030924
8192,write,225738.18,0,0,0,20,1072,0.759818
8192,copy,113744.35,0,0,0,20,658,0.925584
8192,latency,0,10.41,0.13,7,1,7,0.679140
16384,read,217154.54,0,0,0,20,560,0.825219
16384,write,174082.44,0,0,0,20,565,1.038588
16384,copy,74685.64,0,0,0,20,297,1.272534
16384,latency,0,35.84,29.96,21,1,21,4.906516
32768,read,202178.01,0,0,0,20,257,0.813540
32768,write,100791.60,0,0,0,20,264,1.676330
32768,copy,66912.86,0,0,0,20,150,1.434702
32768,latency,0,130.50,5.18,7,1,7,2.744948
65536,read,186335.43,0,0,0,20,137,0.941099
65536,write,104172.09,0,0,0,20,136,1.671081
65536,copy,67666.57,0,0,0,20,77,1.456554
65536,latency,0,139.19,2.27,7,1,7,5.977930
