---
system-info:
      stress-ng-version: 0.17.08
      run-by: root
      date-yyyy-mm-dd: 2024:06:14
      time-hh-mm-ss: 20:55:36
      epoch-secs: 1718398536
      hostname: 5504f423d75b
      sysname: Linux
      nodename: 5504f423d75b
      release: 6.8.0-1008-aws
      version: '#8-Ubuntu SMP Sat Apr 20 00:46:25 UTC 2024'
      machine: x86_64
      compiler: 'musl-gcc 13.2.1'
      uptime: 138
      totalram: 49420980224
      freeram: 44982345728
      sharedram: 29220864
      bufferram: 109891584
      totalswap: 0
      freeswap: 0
      pagesize: 4096
      cpus: 12
      cpus-online: 12
      ticks-per-second: 100

metrics:
    - stressor: cpu
      bogo-ops: 37410
      bogo-ops-per-second-usr-sys-time: 1870.495978
      bogo-ops-per-second-real-time: 1870.493556
      wall-clock-time: 20.000069
      user-time: 20.000043
      system-time: 0.000000
      cpu-usage-per-instance: 99.999870
      max-rss: 1104

...
