---
system-info:
      stress-ng-version: 0.17.08
      run-by: root
      date-yyyy-mm-dd: 2024:06:08
      time-hh-mm-ss: 14:55:34
      epoch-secs: 1717858534
      hostname: b6c2054783b5
      sysname: Linux
      nodename: b6c2054783b5
      release: 6.8.0-1008-aws
      version: '#8-Ubuntu SMP Sat Apr 20 00:46:25 UTC 2024'
      machine: x86_64
      compiler: 'musl-gcc 13.2.1'
      uptime: 118
      totalram: 49420988416
      freeram: 44957077504
      sharedram: 29220864
      bufferram: 102658048
      totalswap: 0
      freeswap: 0
      pagesize: 4096
      cpus: 12
      cpus-online: 12
      ticks-per-second: 100

metrics:
    - stressor: cpu
      bogo-ops: 20273
      bogo-ops-per-second-usr-sys-time: 2027.188505
      bogo-ops-per-second-real-time: 2027.182360
      wall-clock-time: 10.000580
      user-time: 10.000550
      system-time: 0.000000
      cpu-usage-per-instance: 99.999697
      max-rss: 3920

...
