---
system-info:
      stress-ng-version: 0.17.08
      run-by: root
      date-yyyy-mm-dd: 2024:08:30
      time-hh-mm-ss: 19:33:16
      epoch-secs: 1725046396
      hostname: sc-runner
      sysname: Linux
      nodename: sc-runner
      release: 6.8.0-1013-azure
      version: '#15-Ubuntu SMP Thu Aug  8 18:40:40 UTC 2024'
      machine: x86_64
      compiler: 'musl-gcc 13.2.1'
      uptime: 375
      totalram: 16766070784
      freeram: 8312885248
      sharedram: 42041344
      bufferram: 210718720
      totalswap: 0
      freeswap: 0
      pagesize: 4096
      cpus: 4
      cpus-online: 4
      ticks-per-second: 100

metrics:
    - stressor: cpu
      bogo-ops: 29001
      bogo-ops-per-second-usr-sys-time: 1450.080814
      bogo-ops-per-second-real-time: 1450.040078
      wall-clock-time: 20.000137
      user-time: 19.997576
      system-time: 0.001999
      cpu-usage-per-instance: 99.997191
      max-rss: 3152

...
