BaselineInfo:
  WebDBID: -1
  TimeStamp: 20260522134025
Version:
  Major: 11
  Minor: 0
  Build: 1004
  SpecialBuildName: ""
  ptArchitecture: x86_64_linux
Results:
  Results Complete: true
  NumTestProcesses: 2
  CPU_INTEGER_MATH: 14896.060333333333
  CPU_FLOATINGPOINT_MATH: 14825.756304983321
  CPU_PRIME: 50.363196268922479
  CPU_SORTING: 8381.674075386567
  CPU_ENCRYPTION: 3051.6094289029315
  CPU_COMPRESSION: 62316.276128271071
  CPU_SINGLETHREAD: 3655.6472706034974
  CPU_PHYSICS: 802.5379177154382
  CPU_MATRIX_MULT_SSE: 5114.9247609518416
  CPU_mm: 675.17276133752046
  CPU_sse: 2088.8758233722319
  CPU_fma: 7290.2677172831945
  CPU_avx: 3776.5808869357797
  CPU_avx512: 7303.9746162161591
  m_CPU_enc_SHA: 4277712333.2857246
  m_CPU_enc_AES: 2697279190.6260924
  m_CPU_enc_ECDSA: 2624541701.6521425
  ME_ALLOC_S: 2196.384079339613
  ME_READ_S: 31960.5986328125
  ME_READ_L: 26846.841796875
  ME_WRITE: 24949.12890625
  ME_LARGE: 573
  ME_LATENCY: 125.77198303281845
  ME_THREADED: 46501.498046875
  SUMM_CPU: 6494.9438949429768
  SUMM_ME: 915.42955944950143
SystemInformation:
  OSName: Ubuntu 24.04.4 LTS
  Kernel: 6.8.0-111-generic
  Device: ""
  Processor: "AMD EPYC 9575F 64-Core Processor               "
  NumSockets: 1
  Manufacturer: AuthenticAMD
  NumCores: 2
  NumLogicals: 2
  CPUFrequency: 0
  CPUMaxFrequency: 0
  Memory: 1806
  CPUInfo:
    number: 1
    Family: 15
    Model: 2
    stepping: 1
    features: 395049983
    manufacture: AuthenticAMD
    typestring: "AMD EPYC 9575F 64-Core Processor               "
    iCoresPerPackage: 255
    iThreadsPerPackage: 1
    featuresEx:
      - 395049983
      - 4294586883
      - 802421759
    bHybrid: false
    nPCore: 0
    nLogicalsPerPCore: 0
    nECore: 0
    nLogicalsPerECore: 0
  MemModuleInfo:
    iNumMemSticks: 1
    DIMM 1:
      manufacturer: QEMU
      modulePartNo: Not Specified
      memType: RAM
      size: 2
      clkspeed: 0
      moduleVoltage: 0
Checksum: B6D0C9A793EE1189934A558D5445E228D06BFFD2