BaselineInfo:
  WebDBID: -1
  TimeStamp: 20251007000648
Version:
  Major: 11
  Minor: 0
  Build: 1002
  SpecialBuildName: ""
  ptArchitecture: x86_64_linux
Results:
  Results Complete: true
  NumTestProcesses: 48
  CPU_INTEGER_MATH: 247682.62433333331
  CPU_FLOATINGPOINT_MATH: 179317.18347769984
  CPU_PRIME: 491.07750041815325
  CPU_SORTING: 125294.89875360169
  CPU_ENCRYPTION: 54673.03127085571
  CPU_COMPRESSION: 952565.47620811267
  CPU_SINGLETHREAD: 3256.1009791986562
  CPU_PHYSICS: 8598.5915134159623
  CPU_MATRIX_MULT_SSE: 67602.7766800877
  CPU_mm: 7194.2260156949715
  CPU_sse: 29760.955888758152
  CPU_fma: 78281.711787798136
  CPU_avx: 62177.206096469868
  CPU_avx512: 100191.23294732469
  m_CPU_enc_SHA: 57627867540.588654
  m_CPU_enc_AES: 75338684449.672897
  m_CPU_enc_ECDSA: 39019933323.344833
  ME_ALLOC_S: 24133.391983229332
  ME_READ_S: 26766.600781249999
  ME_READ_L: 16156.9931640625
  ME_WRITE: 11395.10546875
  ME_LARGE: 83824.5
  ME_LATENCY: 67.885042098815106
  ME_THREADED: 207461.40185546875
  SUMM_CPU: 69280.056873616777
  SUMM_ME: 2656.8794989436378
SystemInformation:
  OSName: Ubuntu 24.04.2 LTS
  Kernel: 6.14.0-1014-aws
  Device: ""
  Processor: Intel Xeon 6975P-C
  NumSockets: 1
  Manufacturer: GenuineIntel
  NumCores: 24
  NumLogicals: 48
  CPUFrequency: 0
  Memory: 94996
  MemModuleInfo:
    iNumMemSticks: 1
    DIMM 1:
      manufacturer: Not Specified
      modulePartNo: Not Specified
      memType: DDR5
      size: 96
      clkspeed: 3600
      moduleVoltage: 0
Checksum: 79820BC78D56D865446175CB1B30216BBEB7EA16