BaselineInfo:
  WebDBID: -1
  TimeStamp: 20260404181443
Version:
  Major: 11
  Minor: 0
  Build: 1004
  SpecialBuildName: ""
  ptArchitecture: x86_64_linux
Results:
  Results Complete: true
  NumTestProcesses: 12
  CPU_INTEGER_MATH: 50564.495999999992
  CPU_FLOATINGPOINT_MATH: 25861.267714607584
  CPU_PRIME: 108.49902916885013
  CPU_SORTING: 26439.918587612578
  CPU_ENCRYPTION: 10973.490318011662
  CPU_COMPRESSION: 189147.71836396761
  CPU_SINGLETHREAD: 2371.730062068018
  CPU_PHYSICS: 1853.4498214789933
  CPU_MATRIX_MULT_SSE: 10544.139434824552
  CPU_mm: 1084.2303853135766
  CPU_sse: 4798.2332124611921
  CPU_fma: 13111.721127072697
  CPU_avx: 9728.9288327561226
  CPU_avx512: 14537.6745670082
  m_CPU_enc_SHA: 11091932802.723759
  m_CPU_enc_AES: 16682294183.853529
  m_CPU_enc_ECDSA: 6745388764.5208998
  ME_ALLOC_S: 5826.2822192099493
  ME_READ_S: 23485.450000000001
  ME_READ_L: 11201.2490234375
  ME_WRITE: 10691.5576171875
  ME_LARGE: 32848.833333333336
  ME_LATENCY: 61.39426606117987
  ME_THREADED: 71796.61767578125
  SUMM_CPU: 16516.224155141455
  SUMM_ME: 2402.2762550218513
SystemInformation:
  OSName: Ubuntu 24.04.4 LTS
  Kernel: 6.8.0-106-generic
  Device: ""
  Processor: Intel(R) Xeon(R) Platinum 8369B CPU @ 2.70GHz
  NumSockets: 1
  Manufacturer: GenuineIntel
  NumCores: 6
  NumLogicals: 12
  CPUFrequency: 0
  CPUMaxFrequency: 0
  Memory: 46243
  CPUInfo:
    number: 1
    Family: 6
    Model: 10
    stepping: 6
    features: 529267711
    manufacture: GenuineIntel
    typestring: Intel(R) Xeon(R) Platinum 8369B CPU @ 2.70GHz
    iCoresPerPackage: 6
    iThreadsPerPackage: 2
    featuresEx:
      - 529267711
      - 4277809667
      - 739248128
    bHybrid: false
    nPCore: 0
    nLogicalsPerPCore: 0
    nECore: 0
    nLogicalsPerECore: 0
  MemModuleInfo:
    iNumMemSticks: 3
    DIMM 1:
      manufacturer: Alibaba Cloud
      modulePartNo: Not Specified
      memType: RAM
      size: 16
      clkspeed: 0
      moduleVoltage: 0
    DIMM 2:
      manufacturer: Alibaba Cloud
      modulePartNo: Not Specified
      memType: RAM
      size: 16
      clkspeed: 0
      moduleVoltage: 0
    DIMM 3:
      manufacturer: Alibaba Cloud
      modulePartNo: Not Specified
      memType: RAM
      size: 16
      clkspeed: 0
      moduleVoltage: 0
Checksum: CBD2F3C8825CD9F8A008258F0ED590CB2296D859