---
system-info:
      stress-ng-version: 0.17.08
      run-by: root
      date-yyyy-mm-dd: 2024:06:13
      time-hh-mm-ss: 08:28:27
      epoch-secs: 1718267307
      hostname: b193b264181b
      sysname: Linux
      nodename: b193b264181b
      release: 6.8.0-1008-aws
      version: '#8-Ubuntu SMP Sat Apr 20 00:46:25 UTC 2024'
      machine: x86_64
      compiler: 'musl-gcc 13.2.1'
      uptime: 162
      totalram: 100155252736
      freeram: 95657553920
      sharedram: 40816640
      bufferram: 106090496
      totalswap: 0
      freeswap: 0
      pagesize: 4096
      cpus: 12
      cpus-online: 12
      ticks-per-second: 100

metrics:
    - stressor: cpu
      bogo-ops: 202633
      bogo-ops-per-second-usr-sys-time: 845.816900
      bogo-ops-per-second-real-time: 10131.603148
      wall-clock-time: 20.000092
      user-time: 239.542783
      system-time: 0.027980
      cpu-usage-per-instance: 99.820690
      max-rss: 1104

...
