---
system-info:
      stress-ng-version: 0.17.08
      run-by: root
      date-yyyy-mm-dd: 2024:06:07
      time-hh-mm-ss: 11:56:35
      epoch-secs: 1717761395
      hostname: e61cec45e4ef
      sysname: Linux
      nodename: e61cec45e4ef
      release: 6.8.0-1008-aws
      version: '#8-Ubuntu SMP Sat Apr 20 00:46:25 UTC 2024'
      machine: x86_64
      compiler: 'musl-gcc 13.2.1'
      uptime: 127
      totalram: 100155252736
      freeram: 95790239744
      sharedram: 40816640
      bufferram: 90439680
      totalswap: 0
      freeswap: 0
      pagesize: 4096
      cpus: 12
      cpus-online: 12
      ticks-per-second: 100

metrics:
    - stressor: cpu
      bogo-ops: 121294
      bogo-ops-per-second-usr-sys-time: 1012.957012
      bogo-ops-per-second-real-time: 12126.126920
      wall-clock-time: 10.002699
      user-time: 119.710498
      system-time: 0.031997
      cpu-usage-per-instance: 99.758486
      max-rss: 4048

...
