---
system-info:
      stress-ng-version: 0.17.08
      run-by: root
      date-yyyy-mm-dd: 2024:06:15
      time-hh-mm-ss: 14:42:39
      epoch-secs: 1718462559
      hostname: 428bb09b7900
      sysname: Linux
      nodename: 428bb09b7900
      release: 6.8.0-1008-aws
      version: '#8-Ubuntu SMP Sat Apr 20 00:46:25 UTC 2024'
      machine: x86_64
      compiler: 'musl-gcc 13.2.1'
      uptime: 193
      totalram: 402464948224
      freeram: 397083893760
      sharedram: 28590080
      bufferram: 111312896
      totalswap: 0
      freeswap: 0
      pagesize: 4096
      cpus: 48
      cpus-online: 48
      ticks-per-second: 100

metrics:
    - stressor: cpu
      bogo-ops: 11823
      bogo-ops-per-second-usr-sys-time: 591.168622
      bogo-ops-per-second-real-time: 591.144123
      wall-clock-time: 20.000199
      user-time: 19.998371
      system-time: 0.000999
      cpu-usage-per-instance: 99.995856
      max-rss: 1152

...
