---
system-info:
      stress-ng-version: 0.17.08
      run-by: root
      date-yyyy-mm-dd: 2024:06:09
      time-hh-mm-ss: 11:56:59
      epoch-secs: 1717934219
      hostname: 8c5d26294167
      sysname: Linux
      nodename: 8c5d26294167
      release: 6.8.0-1008-aws
      version: '#8-Ubuntu SMP Sat Apr 20 00:46:25 UTC 2024'
      machine: x86_64
      compiler: 'musl-gcc 13.2.1'
      uptime: 180
      totalram: 402464968704
      freeram: 397165731840
      sharedram: 28590080
      bufferram: 107888640
      totalswap: 0
      freeswap: 0
      pagesize: 4096
      cpus: 48
      cpus-online: 48
      ticks-per-second: 100

metrics:
    - stressor: cpu
      bogo-ops: 9773
      bogo-ops-per-second-usr-sys-time: 977.256023
      bogo-ops-per-second-real-time: 977.217057
      wall-clock-time: 10.000849
      user-time: 9.998451
      system-time: 0.001999
      cpu-usage-per-instance: 99.996013
      max-rss: 3840

...
