size_kb,operation,bandwidth_mb_s,latency_ns,latency_stddev_ns,latency_samples,threads,iterations,elapsed_s
16,read,214951.01,0,0,0,2,806450,0.117243
16,write,100038.57,0,0,0,2,454545,0.141991
16,copy,106064.77,0,0,0,2,120772,0.035583
16,latency,0,1.18,0.06,15,1,15,0.186482
64,read,210938.71,0,0,0,2,373134,0.221115
64,write,93762.61,0,0,0,2,183823,0.245064
64,copy,103763.14,0,0,0,2,171232,0.206277
64,latency,0,2.75,0.01,7,1,7,0.708204
256,read,211802.24,0,0,0,2,100806,0.237972
256,write,105320.41,0,0,0,2,50823,0.241278
256,copy,108758.72,0,0,0,2,51867,0.238450
256,latency,0,3.61,0.00,7,1,7,0.639928
512,read,210613.80,0,0,0,2,51124,0.242738
512,write,108347.16,0,0,0,2,27027,0.249448
512,copy,90085.34,0,0,0,2,21008,0.233201
512,latency,0,5.18,0.02,7,1,7,0.707933
1024,read,165346.73,0,0,0,2,20628,0.249512
1024,write,108835.61,0,0,0,2,12697,0.233324
1024,copy,88965.32,0,0,0,2,10482,0.235642
1024,latency,0,7.31,0.01,7,1,7,0.683509
8192,read,191337.17,0,0,0,2,2988,0.249863
8192,write,109527.26,0,0,0,2,1695,0.247610
8192,copy,87408.29,0,0,0,2,946,0.173164
8192,latency,0,13.22,0.14,7,1,7,0.710690
16384,read,177077.39,0,0,0,2,768,0.138787
16384,write,108743.31,0,0,0,2,668,0.196573
16384,copy,50710.62,0,0,0,2,304,0.191834
16384,latency,0,14.65,0.09,7,1,7,0.710780
32768,read,111532.31,0,0,0,2,333,0.191084
32768,write,85510.52,0,0,0,2,271,0.202829
32768,copy,33549.49,0,0,0,2,141,0.268976
32768,latency,0,21.89,0.97,7,1,7,0.812898
65536,read,75827.08,0,0,0,2,143,0.241391
65536,write,53367.58,0,0,0,2,119,0.285417
65536,copy,27919.93,0,0,0,2,66,0.302580
65536,latency,0,69.87,0.31,7,1,7,3.042040
131072,read,68301.13,0,0,0,2,69,0.258619
131072,write,43661.06,0,0,0,2,54,0.316621
131072,copy,25054.95,0,0,0,2,29,0.296309
131072,latency,0,90.59,0.18,7,1,7,7.881288
