BaselineInfo:
  WebDBID: -1
  TimeStamp: 20241114192250
Version:
  Major: 11
  Minor: 0
  Build: 1002
  SpecialBuildName: ""
  ptArchitecture: aarch64_linux
Results:
  Results Complete: true
  NumTestProcesses: 2
  CPU_INTEGER_MATH: 7839.7016666666659
  CPU_FLOATINGPOINT_MATH: 5947.4562062971827
  CPU_PRIME: 16.573364867864782
  CPU_SORTING: 5653.9594711934296
  CPU_ENCRYPTION: 268.13822171164782
  CPU_COMPRESSION: 8848.3932773740707
  CPU_SINGLETHREAD: 1107.999945816337
  CPU_PHYSICS: 336.85988627439633
  CPU_MATRIX_MULT_SSE: 1239.8018130830819
  CPU_mm: 206.42024013385753
  CPU_sse: 1040.0125917320324
  CPU_fma: 1439.5910344341314
  CPU_avx: 0
  CPU_avx512: 0
  m_CPU_enc_SHA: 406787687.8944338
  m_CPU_enc_AES: 187476913.08777243
  m_CPU_enc_ECDSA: 249225310.92633229
  ME_ALLOC_S: 1286.2903172924789
  ME_READ_S: 9476.7562500000004
  ME_READ_L: 9151.109375
  ME_WRITE: 12558.6962890625
  ME_LARGE: 553.16666666666663
  ME_LATENCY: 70.64801136312002
  ME_THREADED: 17818.8076171875
  SUMM_CPU: 1346.3292451151772
  SUMM_ME: 817.05147010786857
SystemInformation:
  OSName: Ubuntu 24.04.1 LTS
  Kernel: 6.8.0-1018-aws
  Device: ""
  Processor: ARM Neoverse-N1 2 Core 0 MHz
  NumSockets: 1
  Manufacturer: ARM
  NumCores: 2
  NumLogicals: 2
  CPUFrequency: 0
  Memory: 3807
Checksum: 34D5E9C8A0FACB54373D3588C0768B435FB2C11B