BaselineInfo:
  WebDBID: -1
  TimeStamp: 20241106231811
Version:
  Major: 11
  Minor: 0
  Build: 1002
  SpecialBuildName: ""
  ptArchitecture: aarch64_linux
Results:
  Results Complete: true
  NumTestProcesses: 2
  CPU_INTEGER_MATH: 7836.9326666666675
  CPU_FLOATINGPOINT_MATH: 5947.5952710244746
  CPU_PRIME: 16.513223855630518
  CPU_SORTING: 5572.4560820771158
  CPU_ENCRYPTION: 267.762002260624
  CPU_COMPRESSION: 8726.5620603701791
  CPU_SINGLETHREAD: 1109.3652160082752
  CPU_PHYSICS: 336.58335931291356
  CPU_MATRIX_MULT_SSE: 1214.0776109951748
  CPU_mm: 207.26025816523486
  CPU_sse: 989.8886697960894
  CPU_fma: 1438.2665521942604
  CPU_avx: 0
  CPU_avx512: 0
  m_CPU_enc_SHA: 398862610.27566898
  m_CPU_enc_AES: 186253017.11505026
  m_CPU_enc_ECDSA: 257190800.45658898
  ME_ALLOC_S: 1277.5809399057316
  ME_READ_S: 9478.4364257812504
  ME_READ_L: 9153.2744140625
  ME_WRITE: 12594.958984375
  ME_LARGE: 631.58333333333337
  ME_LATENCY: 72.613235382153221
  ME_THREADED: 18106.2373046875
  SUMM_CPU: 1336.494962986131
  SUMM_ME: 864.68361890861979
SystemInformation:
  OSName: Ubuntu 24.04.1 LTS
  Kernel: 6.8.0-1016-aws
  Device: ""
  Processor: ARM Neoverse-N1 2 Core 0 MHz
  NumSockets: 1
  Manufacturer: ARM
  NumCores: 2
  NumLogicals: 2
  CPUFrequency: 0
  Memory: 3807
Checksum: 928C8BC4A34649E6C3B6737F418D725F1A1B3806