BaselineInfo:
  WebDBID: -1
  TimeStamp: 20241115112422
Version:
  Major: 11
  Minor: 0
  Build: 1002
  SpecialBuildName: ""
  ptArchitecture: aarch64_linux
Results:
  Results Complete: true
  NumTestProcesses: 2
  CPU_INTEGER_MATH: 7848.6239999999998
  CPU_FLOATINGPOINT_MATH: 5957.3008020720208
  CPU_PRIME: 17.257417549336811
  CPU_SORTING: 5624.0372516408952
  CPU_ENCRYPTION: 268.27988467458363
  CPU_COMPRESSION: 8970.5422953417074
  CPU_SINGLETHREAD: 1111.256092793702
  CPU_PHYSICS: 362.537505349848
  CPU_MATRIX_MULT_SSE: 1238.8224560225449
  CPU_mm: 207.46250970967816
  CPU_sse: 1037.9612213457945
  CPU_fma: 1439.6836906992953
  CPU_avx: 0
  CPU_avx512: 0
  m_CPU_enc_SHA: 399697629.15255517
  m_CPU_enc_AES: 187011006.1172964
  m_CPU_enc_ECDSA: 257226909.78775707
  ME_ALLOC_S: 1294.1227279687669
  ME_READ_S: 9481.4603515625004
  ME_READ_L: 9198.79296875
  ME_WRITE: 12562.517578125
  ME_LARGE: 558.16666666666663
  ME_LATENCY: 70.592455849120782
  ME_THREADED: 18183.18359375
  SUMM_CPU: 1354.362553120706
  SUMM_ME: 822.09267721461629
SystemInformation:
  OSName: Ubuntu 24.04.1 LTS
  Kernel: 6.8.0-1018-aws
  Device: ""
  Processor: ARM Neoverse-N1 2 Core 0 MHz
  NumSockets: 1
  Manufacturer: ARM
  NumCores: 2
  NumLogicals: 2
  CPUFrequency: 0
  Memory: 3807
Checksum: F47C3EC6EE28EE22212AE2326A49B7A499109877