"size","threads","connections","rps","latency","failed","server_usr","server_sys","client_usr","client_sys"
"1k",20,20,1186172,0.000113880,0,39.37,68.19,17.83,74.73
"1k",20,40,951962,0.000105370,0,30.74,66.50,14.07,73.17
"1k",20,80,651010,0.001180000,0,27.13,66.87,12.08,72.23
"1k",20,160,828710,0.000394060,0,26.13,75.02,11.96,78.87
"1k",20,320,808619,0.000763400,0,25.49,78.00,11.51,78.74
"1k",20,640,649820,0.002000000,0,26.47,76.92,10.80,75.88
"1k",40,40,1063712,0.000193140,0,33.05,65.89,17.56,76.00
"1k",40,80,667180,0.000960000,0,22.49,65.39,12.38,77.25
"1k",40,160,587845,0.002670000,0,21.46,71.38,11.79,80.13
"1k",40,320,620130,0.002370000,0,22.39,77.28,11.33,79.80
"1k",40,640,643289,0.002600000,0,23.47,79.98,10.98,77.92
"1k",80,80,1057981,0.000578570,0,32.10,63.41,18.68,78.91
"1k",80,160,771630,0.000492710,0,17.33,76.83,12.93,89.47
"1k",80,320,684687,0.001170000,0,18.57,76.02,13.87,84.38
"1k",80,640,549094,0.002880000,0,20.48,77.68,15.08,78.39
"16k",20,20,876380,0.000075480,0,34.62,59.11,16.68,72.06
"16k",20,40,612596,0.001380000,0,28.85,61.91,13.76,70.45
"16k",20,80,584425,0.000379520,0,28.56,68.22,11.50,76.88
"16k",20,160,619217,0.000494880,0,27.19,72.74,11.25,80.26
"16k",20,320,638801,0.000819400,0,27.10,75.07,10.52,81.91
"16k",20,640,621047,0.001510000,0,28.71,73.88,10.35,81.74
"16k",40,40,1027465,0.000059100,0,33.94,64.24,18.81,80.93
"16k",40,80,755963,0.000157770,0,24.99,67.54,14.57,82.43
"16k",40,160,726987,0.000356750,0,21.89,73.74,12.49,87.85
"16k",40,320,754025,0.000797730,0,22.21,75.20,12.13,90.58
"16k",40,640,702642,0.001720000,0,24.36,75.04,11.85,87.15
"16k",80,80,983163,0.000234410,0,32.03,63.33,19.72,83.23
"16k",80,160,679961,0.000459480,0,18.01,74.82,13.30,92.57
"16k",80,320,710499,0.000658980,0,19.67,71.01,16.42,88.81
"16k",80,640,664620,0.001160000,0,22.06,71.56,15.38,89.31
"64k",20,20,564939,0.000055570,0,25.90,67.99,15.44,80.25
"64k",20,40,450508,0.000920000,0,25.49,67.89,12.30,78.54
"64k",20,80,327086,0.000900000,0,24.75,70.05,10.38,76.77
"64k",20,160,370887,0.000534680,0,25.57,77.21,9.47,82.14
"64k",20,320,325605,0.001600000,0,25.41,79.27,8.74,80.43
"64k",20,640,285908,0.002680000,0,28.31,77.31,8.32,80.45
"64k",40,40,573586,0.000127220,0,27.60,67.49,16.08,87.31
"64k",40,80,378077,0.000695570,0,19.39,70.81,11.49,83.53
"64k",40,160,345784,0.001670000,0,19.55,75.92,10.59,86.03
"64k",40,320,357099,0.001750000,0,20.92,80.40,9.89,87.03
"64k",40,640,310391,0.002470000,0,26.18,77.98,9.91,84.61
"64k",80,80,546267,0.000407550,0,24.76,69.44,17.13,87.60
"64k",80,160,362934,0.000980000,0,16.48,77.99,11.09,89.98
"64k",80,320,305423,0.003270000,0,21.28,77.45,13.46,81.52
"64k",80,640,276427,0.003640000,0,23.99,78.35,11.49,81.20
"256k",20,20,213443,0.000272130,0,24.95,67.79,13.52,78.49
"256k",20,40,154141,0.000742930,0,22.59,73.85,10.24,73.71
"256k",20,80,107757,0.001370000,0,23.59,80.21,7.60,73.10
"256k",20,160,105525,0.002030000,0,23.75,86.10,6.98,74.22
"256k",20,320,73077,0.008190000,0,27.10,84.85,6.76,70.92
"256k",40,40,206599,0.000770590,0,23.48,80.98,13.82,81.79
"256k",40,80,134782,0.001330000,0,18.02,82.80,9.15,81.35
"256k",40,160,125040,0.002230000,0,19.54,87.39,8.25,82.21
"256k",40,320,107800,0.004490000,0,27.32,86.16,8.96,75.63
"256k",80,80,182270,0.001370000,0,21.18,80.54,13.28,83.74
"256k",80,160,127400,0.002890000,0,21.33,82.23,10.91,78.83
"256k",80,320,118491,0.003640000,0,26.62,85.85,10.23,76.57
"512k",20,20,86238,0.000890000,0,20.46,87.84,10.62,68.67
"512k",20,40,68141,0.001070000,0,20.58,82.94,8.62,68.46
"512k",20,80,54947,0.001910000,0,23.28,85.91,6.88,69.60
"512k",20,160,53659,0.003410000,0,25.53,88.33,6.70,71.89
"512k",20,320,35966,0.014830000,0,28.10,84.68,6.15,69.61
"512k",40,40,89653,0.002780000,0,22.44,94.56,11.80,75.27
"512k",40,80,60923,0.003250000,0,20.05,88.28,8.02,75.44
"512k",40,160,56685,0.004810000,0,24.12,89.59,7.59,73.94
"512k",40,320,55335,0.008740000,0,31.36,88.20,7.98,72.72
"512k",80,80,79144,0.002110000,0,22.01,92.56,10.53,75.27
"512k",80,160,62830,0.004400000,0,26.54,89.89,9.76,71.36
"512k",80,320,57445,0.007890000,0,31.23,90.66,9.09,69.89
