BaselineInfo:
  WebDBID: -1
  TimeStamp: 20260621082529
Version:
  Major: 11
  Minor: 0
  Build: 1004
  SpecialBuildName: ""
  ptArchitecture: x86_64_linux
Results:
  Results Complete: true
  NumTestProcesses: 64
  CPU_INTEGER_MATH: 472886.69600000023
  CPU_FLOATINGPOINT_MATH: 453971.29603136401
  CPU_PRIME: 1512.276163105412
  CPU_SORTING: 238116.46526244879
  CPU_ENCRYPTION: 96559.76893273837
  CPU_COMPRESSION: 1758325.0179007279
  CPU_SINGLETHREAD: 3796.5398236118563
  CPU_PHYSICS: 20010.174480678568
  CPU_MATRIX_MULT_SSE: 140366.51422763729
  CPU_mm: 16400.137255371672
  CPU_sse: 54117.459463106017
  CPU_fma: 181730.62121437391
  CPU_avx: 114036.32192540063
  CPU_avx512: 211581.65430766853
  m_CPU_enc_SHA: 136097985221.88126
  m_CPU_enc_AES: 85446425036.850159
  m_CPU_enc_ECDSA: 82206358546.513885
  ME_ALLOC_S: 39984.55619690282
  ME_READ_S: 34105.892382812497
  ME_READ_L: 31097.4453125
  ME_WRITE: 30649.3046875
  ME_LARGE: 505693.5
  ME_LATENCY: 79.473360793811651
  ME_THREADED: 508268.7021484375
  SUMM_CPU: 114955.24136905126
  SUMM_ME: 2978.5796049511837
SystemInformation:
  OSName: Ubuntu 24.04.4 LTS
  Kernel: 6.17.0-1018-azure
  Device: ""
  Processor: "AMD EPYC 9V45 96-Core Processor                "
  NumSockets: 1
  Manufacturer: AuthenticAMD
  NumCores: 64
  NumLogicals: 64
  CPUFrequency: 0
  CPUMaxFrequency: 0
  Memory: 515767
  CPUInfo:
    number: 1
    Family: 15
    Model: 2
    stepping: 1
    features: 395049983
    manufacture: AuthenticAMD
    typestring: "AMD EPYC 9V45 96-Core Processor                "
    iCoresPerPackage: 64
    iThreadsPerPackage: 1
    featuresEx:
      - 395049983
      - 4277809667
      - 802421759
    bHybrid: false
    nPCore: 0
    nLogicalsPerPCore: 0
    nECore: 0
    nLogicalsPerECore: 0
  MemModuleInfo:
    iNumMemSticks: 3
    DIMM 1:
      manufacturer: Microsoft Corporation
      modulePartNo: None
      memType: Unknown
      size: 1
      clkspeed: 0
      moduleVoltage: 0
    DIMM 2:
      manufacturer: Microsoft Corporation
      modulePartNo: None
      memType: Unknown
      size: 59
      clkspeed: 0
      moduleVoltage: 0
    DIMM 3:
      manufacturer: Microsoft Corporation
      modulePartNo: None
      memType: Unknown
      size: 452
      clkspeed: 0
      moduleVoltage: 0
Checksum: B9EC6538E578F0AD0C496831390CDB00D46C7E29