BaselineInfo:
  WebDBID: -1
  TimeStamp: 20241107065903
Version:
  Major: 11
  Minor: 0
  Build: 1002
  SpecialBuildName: ""
  ptArchitecture: x86_64_linux
Results:
  Results Complete: true
  NumTestProcesses: 2
  CPU_INTEGER_MATH: 5129.0636666666669
  CPU_FLOATINGPOINT_MATH: 2934.0883984046568
  CPU_PRIME: 11.623308292725309
  CPU_SORTING: 2778.8495251989802
  CPU_ENCRYPTION: 711.49282604075097
  CPU_COMPRESSION: 23460.579074856541
  CPU_SINGLETHREAD: 1555.174330823902
  CPU_PHYSICS: 244.77198741837748
  CPU_MATRIX_MULT_SSE: 1116.8174957017791
  CPU_mm: 165.33311823975964
  CPU_sse: 620.73483843844701
  CPU_fma: 1702.2754299125668
  CPU_avx: 1027.4422187543232
  CPU_avx512: 0
  m_CPU_enc_SHA: 243339378.02060768
  m_CPU_enc_AES: 1780706890.559484
  m_CPU_enc_ECDSA: 214116636.09542781
  ME_ALLOC_S: 618.17647259860462
  ME_READ_S: 19538.466601562501
  ME_READ_L: 9574.97265625
  ME_WRITE: 9038.6201171875
  ME_LARGE: 696
  ME_LATENCY: 60.776693153707839
  ME_THREADED: 11930.1142578125
  SUMM_CPU: 1825.3732396426117
  SUMM_ME: 937.60302625904092
SystemInformation:
  OSName: Ubuntu 24.04.1 LTS
  Kernel: 6.8.0-1016-aws
  Device: ""
  Processor: Intel Xeon CPU E5-2686 v4 @ 2.30GHz
  NumSockets: 1
  Manufacturer: GenuineIntel
  NumCores: 1
  NumLogicals: 2
  CPUFrequency: 0
  Memory: 7938
  MemModuleInfo:
    iNumMemSticks: 1
    DIMM 1:
      manufacturer: Not Specified
      modulePartNo: Not Specified
      memType: RAM
      size: 8
      clkspeed: 0
      moduleVoltage: 0
Checksum: 6DAA8C15BB1E0C747148A5FBF02ECA4E0B03BBAA