---
system-info:
      stress-ng-version: 0.17.08
      run-by: root
      date-yyyy-mm-dd: 2024:09:03
      time-hh-mm-ss: 13:21:04
      epoch-secs: 1725369664
      hostname: sc-runner
      sysname: Linux
      nodename: sc-runner
      release: 6.8.0-1013-azure
      version: '#15-Ubuntu SMP Thu Aug  8 18:40:40 UTC 2024'
      machine: x86_64
      compiler: 'musl-gcc 13.2.1'
      uptime: 342
      totalram: 33650925568
      freeram: 25056055296
      sharedram: 42090496
      bufferram: 221302784
      totalswap: 0
      freeswap: 0
      pagesize: 4096
      cpus: 8
      cpus-online: 8
      ticks-per-second: 100

metrics:
    - stressor: cpu
      bogo-ops: 148448
      bogo-ops-per-second-usr-sys-time: 930.495133
      bogo-ops-per-second-real-time: 7422.369717
      wall-clock-time: 20.000082
      user-time: 159.510584
      system-time: 0.025984
      cpu-usage-per-instance: 99.709948
      max-rss: 3252

...
