---
system-info:
      stress-ng-version: 0.17.08
      run-by: root
      date-yyyy-mm-dd: 2024:09:16
      time-hh-mm-ss: 13:12:28
      epoch-secs: 1726492348
      hostname: sc-runner
      sysname: Linux
      nodename: sc-runner
      release: 6.8.0-1014-azure
      version: '#16-Ubuntu SMP Thu Aug 15 20:04:41 UTC 2024'
      machine: x86_64
      compiler: 'musl-gcc 13.2.1'
      uptime: 320
      totalram: 33650909184
      freeram: 23493885952
      sharedram: 42090496
      bufferram: 236146688
      totalswap: 0
      freeswap: 0
      pagesize: 4096
      cpus: 8
      cpus-online: 8
      ticks-per-second: 100

metrics:
    - stressor: cpu
      bogo-ops: 148136
      bogo-ops-per-second-usr-sys-time: 929.390257
      bogo-ops-per-second-real-time: 7406.775697
      wall-clock-time: 20.000066
      user-time: 159.363526
      system-time: 0.026998
      cpu-usage-per-instance: 99.618751
      max-rss: 3152

...
