BaselineInfo:
  WebDBID: -1
  TimeStamp: 20241107091805
Version:
  Major: 11
  Minor: 0
  Build: 1002
  SpecialBuildName: ""
  ptArchitecture: x86_64_linux
Results:
  Results Complete: true
  NumTestProcesses: 2
  CPU_INTEGER_MATH: 5794.4756666666672
  CPU_FLOATINGPOINT_MATH: 3114.7151771494669
  CPU_PRIME: 12.714571979102352
  CPU_SORTING: 3055.7823505924171
  CPU_ENCRYPTION: 792.01178296811963
  CPU_COMPRESSION: 26180.77847547381
  CPU_SINGLETHREAD: 1783.056886818986
  CPU_PHYSICS: 269.44092351999598
  CPU_MATRIX_MULT_SSE: 1489.173946524005
  CPU_mm: 176.20726950895909
  CPU_sse: 628.41884064994724
  CPU_fma: 1882.8692794648214
  CPU_avx: 1329.2899109677605
  CPU_avx512: 2116.1177550134912
  m_CPU_enc_SHA: 261609095.53515738
  m_CPU_enc_AES: 1998017315.7386642
  m_CPU_enc_ECDSA: 231827230.73891574
  ME_ALLOC_S: 687.41838072097005
  ME_READ_S: 22568.163671875001
  ME_READ_L: 10307.7412109375
  ME_WRITE: 9557.9287109375
  ME_LARGE: 628
  ME_LATENCY: 55.494347335892165
  ME_THREADED: 12239.798828125
  SUMM_CPU: 2067.7815711507842
  SUMM_ME: 936.71352919409776
SystemInformation:
  OSName: Ubuntu 24.04.1 LTS
  Kernel: 6.8.0-1016-aws
  Device: ""
  Processor: Intel Xeon Platinum 8259CL CPU @ 2.50GHz
  NumSockets: 1
  Manufacturer: GenuineIntel
  NumCores: 1
  NumLogicals: 2
  CPUFrequency: 0
  Memory: 7820
  MemModuleInfo:
    iNumMemSticks: 1
    DIMM 1:
      manufacturer: Not Specified
      modulePartNo: Not Specified
      memType: DDR4
      size: 8
      clkspeed: 1333
      moduleVoltage: 0
Checksum: 5DB5FF8203E22B04D1C32242B890376581752F83