---
system-info:
      stress-ng-version: 0.17.08
      run-by: root
      date-yyyy-mm-dd: 2024:09:11
      time-hh-mm-ss: 07:31:59
      epoch-secs: 1726039919
      hostname: a3-highgpu-1g-a37bd5a
      sysname: Linux
      nodename: a3-highgpu-1g-a37bd5a
      release: 6.8.0-1013-gcp
      version: '#14-Ubuntu SMP Thu Aug  8 23:18:23 UTC 2024'
      machine: x86_64
      compiler: 'musl-gcc 13.2.1'
      uptime: 270
      totalram: 247000449024
      freeram: 235451719680
      sharedram: 111652864
      bufferram: 268795904
      totalswap: 0
      freeswap: 0
      pagesize: 4096
      cpus: 26
      cpus-online: 26
      ticks-per-second: 100

metrics:
    - stressor: cpu
      bogo-ops: 37033
      bogo-ops-per-second-usr-sys-time: 1851.646204
      bogo-ops-per-second-real-time: 1851.646137
      wall-clock-time: 20.000042
      user-time: 20.000041
      system-time: 0.000000
      cpu-usage-per-instance: 99.999996
      max-rss: 1084

...
