---
system-info:
      stress-ng-version: 0.17.08
      run-by: root
      date-yyyy-mm-dd: 2024:06:14
      time-hh-mm-ss: 22:03:11
      epoch-secs: 1718402591
      hostname: aa4d4e6c7a97
      sysname: Linux
      nodename: aa4d4e6c7a97
      release: 6.8.0-31-generic
      version: '#31-Ubuntu SMP PREEMPT_DYNAMIC Sat Apr 20 02:32:42 UTC 2024'
      machine: aarch64
      compiler: 'musl-gcc 13.2.1'
      uptime: 92
      totalram: 8104771584
      freeram: 4639399936
      sharedram: 6737920
      bufferram: 105058304
      totalswap: 0
      freeswap: 0
      pagesize: 4096
      cpus: 4
      cpus-online: 4
      ticks-per-second: 100

metrics:
    - stressor: cpu
      bogo-ops: 36441
      bogo-ops-per-second-usr-sys-time: 1822.261200
      bogo-ops-per-second-real-time: 1822.044483
      wall-clock-time: 20.000061
      user-time: 19.997682
      system-time: 0.000000
      cpu-usage-per-instance: 99.988107
      max-rss: 1320

...
