---
system-info:
      stress-ng-version: 0.17.08
      run-by: root
      date-yyyy-mm-dd: 2024:06:07
      time-hh-mm-ss: 23:29:45
      epoch-secs: 1717802985
      hostname: af4394358b81
      sysname: Linux
      nodename: af4394358b81
      release: 6.8.0-31-generic
      version: '#31-Ubuntu SMP PREEMPT_DYNAMIC Sat Apr 20 02:32:42 UTC 2024'
      machine: aarch64
      compiler: 'musl-gcc 13.2.1'
      uptime: 73
      totalram: 8104771584
      freeram: 4667412480
      sharedram: 6737920
      bufferram: 90697728
      totalswap: 0
      freeswap: 0
      pagesize: 4096
      cpus: 4
      cpus-online: 4
      ticks-per-second: 100

metrics:
    - stressor: cpu
      bogo-ops: 3530
      bogo-ops-per-second-usr-sys-time: 350.078247
      bogo-ops-per-second-real-time: 350.191739
      wall-clock-time: 10.080192
      user-time: 10.082460
      system-time: 0.001000
      cpu-usage-per-instance: 100.032419
      max-rss: 4008

...
