BaselineInfo:
  WebDBID: -1
  TimeStamp: 20260624141245
Version:
  Major: 11
  Minor: 0
  Build: 1004
  SpecialBuildName: ""
  ptArchitecture: x86_64_linux
Results:
  Results Complete: true
  NumTestProcesses: 4
  CPU_INTEGER_MATH: 22152.899333333331
  CPU_FLOATINGPOINT_MATH: 16078.698401710262
  CPU_PRIME: 48.349985630463458
  CPU_SORTING: 11587.177771992296
  CPU_ENCRYPTION: 4908.1287356577814
  CPU_COMPRESSION: 89010.445655874049
  CPU_SINGLETHREAD: 3533.854036037907
  CPU_PHYSICS: 1037.3790505075308
  CPU_MATRIX_MULT_SSE: 5727.4476898786661
  CPU_mm: 613.94083295613245
  CPU_sse: 2677.8304692547877
  CPU_fma: 6999.3661655809074
  CPU_avx: 5283.7676416797422
  CPU_avx512: 7948.8264829992286
  m_CPU_enc_SHA: 5176909307.9955988
  m_CPU_enc_AES: 6761838894.9565125
  m_CPU_enc_ECDSA: 3500889788.4111686
  ME_ALLOC_S: 2555.5586366669113
  ME_READ_S: 30945.430273437501
  ME_READ_L: 22796.810546875
  ME_WRITE: 8427.4921875
  ME_LARGE: 23961.333333333332
  ME_LATENCY: 75.809654053646454
  ME_THREADED: 55024.4931640625
  SUMM_CPU: 8645.7372812287358
  SUMM_ME: 2294.3890770741423
SystemInformation:
  OSName: Ubuntu 24.04.4 LTS
  Kernel: 6.17.0-1018-azure
  Device: ""
  Processor: Intel(R) Xeon(R) 6973P-C
  NumSockets: 1
  Manufacturer: GenuineIntel
  NumCores: 2
  NumLogicals: 4
  CPUFrequency: 2600
  CPUMaxFrequency: 2600
  Memory: 32092
  CPUInfo:
    number: 1
    Family: 6
    Model: 13
    stepping: 1
    features: 529267711
    manufacture: GenuineIntel
    typestring: Intel(R) Xeon(R) 6973P-C
    iCoresPerPackage: 2
    iThreadsPerPackage: 2
    featuresEx:
      - 529267711
      - 4294586915
      - 739248128
    bHybrid: false
    nPCore: 0
    nLogicalsPerPCore: 0
    nECore: 0
    nLogicalsPerECore: 0
  MemModuleInfo:
    iNumMemSticks: 2
    DIMM 1:
      manufacturer: Microsoft Corporation
      modulePartNo: None
      memType: Unknown
      size: 1
      clkspeed: 0
      moduleVoltage: 0
    DIMM 2:
      manufacturer: Microsoft Corporation
      modulePartNo: None
      memType: Unknown
      size: 31
      clkspeed: 0
      moduleVoltage: 0
Checksum: B3278CFD511A383BA11BAD841881C56BF12FD579