BaselineInfo:
  WebDBID: -1
  TimeStamp: 20241111132824
Version:
  Major: 11
  Minor: 0
  Build: 1002
  SpecialBuildName: ""
  ptArchitecture: x86_64_linux
Results:
  Results Complete: true
  NumTestProcesses: 96
  CPU_INTEGER_MATH: 272578.41933333338
  CPU_FLOATINGPOINT_MATH: 145885.84768430624
  CPU_PRIME: 331.30590306215464
  CPU_SORTING: 137597.98522288332
  CPU_ENCRYPTION: 37146.197131633926
  CPU_COMPRESSION: 1182572.8039133397
  CPU_SINGLETHREAD: 1958.898917437007
  CPU_PHYSICS: 4979.1384986073572
  CPU_MATRIX_MULT_SSE: 74098.992922613746
  CPU_mm: 8258.229901589566
  CPU_sse: 29855.427509465811
  CPU_fma: 87915.210714435525
  CPU_avx: 61962.360580530571
  CPU_avx512: 116662.9728860231
  m_CPU_enc_SHA: 12251644736.669788
  m_CPU_enc_AES: 93647841341.647018
  m_CPU_enc_ECDSA: 10952346332.183746
  ME_ALLOC_S: 21303.955790320189
  ME_READ_S: 23515.582617187501
  ME_READ_L: 11420.96484375
  ME_WRITE: 10564.0322265625
  ME_LARGE: 369934.08333333331
  ME_LATENCY: 52.231002014219371
  ME_THREADED: 214824.7373046875
  SUMM_CPU: 55711.767399654927
  SUMM_ME: 2764.4869002839168
SystemInformation:
  OSName: Ubuntu 24.04.1 LTS
  Kernel: 6.8.0-1016-aws
  Device: ""
  Processor: Intel Xeon Platinum 8259CL CPU @ 2.50GHz
  NumSockets: 2
  Manufacturer: GenuineIntel
  NumCores: 48
  NumLogicals: 96
  CPUFrequency: 0
  Memory: 382826
  MemModuleInfo:
    iNumMemSticks: 2
    DIMM 1:
      manufacturer: Not Specified
      modulePartNo: Not Specified
      memType: DDR4
      size: 192
      clkspeed: 1466
      moduleVoltage: 0
    DIMM 2:
      manufacturer: Not Specified
      modulePartNo: Not Specified
      memType: DDR4
      size: 192
      clkspeed: 1466
      moduleVoltage: 0
Checksum: 1A4E43F35D8AB20530CACED32B344F4D28255EA7