BaselineInfo:
  WebDBID: -1
  TimeStamp: 20250713122245
Version:
  Major: 11
  Minor: 0
  Build: 1002
  SpecialBuildName: ""
  ptArchitecture: x86_64_linux
Results:
  Results Complete: true
  NumTestProcesses: 8
  CPU_INTEGER_MATH: 68180.305999999997
  CPU_FLOATINGPOINT_MATH: 68264.081819113606
  CPU_PRIME: 268.30327306235768
  CPU_SORTING: 39898.181474477184
  CPU_ENCRYPTION: 14198.348177523781
  CPU_COMPRESSION: 296376.56873509311
  CPU_SINGLETHREAD: 4223.0788923544387
  CPU_PHYSICS: 4460.0909699843778
  CPU_MATRIX_MULT_SSE: 26656.217275170289
  CPU_mm: 3285.166378085999
  CPU_sse: 9876.0765927506109
  CPU_fma: 37085.627966030384
  CPU_avx: 19165.819877193782
  CPU_avx512: 40497.344664706376
  m_CPU_enc_SHA: 19715146556.795719
  m_CPU_enc_AES: 12324587248.168036
  m_CPU_enc_ECDSA: 12624407610.821777
  ME_ALLOC_S: 12007.805261523721
  ME_READ_S: 37895.327343750003
  ME_READ_L: 35414.2421875
  ME_WRITE: 34095.43359375
  ME_LARGE: 54635.666666666664
  ME_LATENCY: 79.627558020922535
  ME_THREADED: 199442.10546875
  SUMM_CPU: 28778.842974467068
  SUMM_ME: 2959.3689862732431
SystemInformation:
  OSName: Ubuntu 24.04.2 LTS
  Kernel: 6.8.0-63-generic
  Device: ""
  Processor: AMD EPYC 9575F 64-Core Processor
  NumSockets: 1
  Manufacturer: AuthenticAMD
  NumCores: 8
  NumLogicals: 8
  CPUFrequency: 0
  Memory: 64257
  MemModuleInfo:
    iNumMemSticks: 4
    DIMM 1:
      manufacturer: QEMU
      modulePartNo: Not Specified
      memType: RAM
      size: 16
      clkspeed: 0
      moduleVoltage: 0
    DIMM 2:
      manufacturer: QEMU
      modulePartNo: Not Specified
      memType: RAM
      size: 16
      clkspeed: 0
      moduleVoltage: 0
    DIMM 3:
      manufacturer: QEMU
      modulePartNo: Not Specified
      memType: RAM
      size: 16
      clkspeed: 0
      moduleVoltage: 0
    DIMM 4:
      manufacturer: QEMU
      modulePartNo: Not Specified
      memType: RAM
      size: 16
      clkspeed: 0
      moduleVoltage: 0
Checksum: 0C169204216C9877EF96C6D7CA3C060D0E9BE3A0