BaselineInfo:
  WebDBID: -1
  TimeStamp: 20241114220359
Version:
  Major: 11
  Minor: 0
  Build: 1002
  SpecialBuildName: ""
  ptArchitecture: x86_64_linux
Results:
  Results Complete: true
  NumTestProcesses: 1
  CPU_INTEGER_MATH: 3575.7966666666666
  CPU_FLOATINGPOINT_MATH: 2668.0649396811232
  CPU_PRIME: 10.287265559992239
  CPU_SORTING: 2204.2271307170008
  CPU_ENCRYPTION: 464.57351151846825
  CPU_COMPRESSION: 17613.263754026513
  CPU_SINGLETHREAD: 1646.0033800691165
  CPU_PHYSICS: 189.20616510322353
  CPU_MATRIX_MULT_SSE: 803.25630968801852
  CPU_mm: 167.2749075929367
  CPU_sse: 625.15298727738343
  CPU_fma: 0
  CPU_avx: 981.35963209865361
  CPU_avx512: 0
  m_CPU_enc_SHA: 254045064.34624401
  m_CPU_enc_AES: 987706847.73459458
  m_CPU_enc_ECDSA: 219669991.16112959
  ME_ALLOC_S: 638.76377935312212
  ME_READ_S: 21214.651171875001
  ME_READ_L: 8949.53515625
  ME_WRITE: 8949.8740234375
  ME_LARGE: 452.83333333333331
  ME_LATENCY: 59.37695718361087
  ME_THREADED: 8991.1376953125
  SUMM_CPU: 1364.4513046468296
  SUMM_ME: 747.19797938403178
SystemInformation:
  OSName: Ubuntu 24.04.1 LTS
  Kernel: 6.8.0-1018-aws
  Device: ""
  Processor: Intel Xeon CPU E5-2670 v2 @ 2.50GHz
  NumSockets: 1
  Manufacturer: GenuineIntel
  NumCores: 1
  NumLogicals: 1
  CPUFrequency: 0
  Memory: 3724
  MemModuleInfo:
    iNumMemSticks: 1
    DIMM 1:
      manufacturer: Not Specified
      modulePartNo: Not Specified
      memType: RAM
      size: 3840
      clkspeed: 0
      moduleVoltage: 0
Checksum: 7A82FC4873898491FFD1753906AC36EF52F54F3A