BaselineInfo:
  WebDBID: -1
  TimeStamp: 20241115142900
Version:
  Major: 11
  Minor: 0
  Build: 1002
  SpecialBuildName: ""
  ptArchitecture: x86_64_linux
Results:
  Results Complete: true
  NumTestProcesses: 1
  CPU_INTEGER_MATH: 3725.5830000000001
  CPU_FLOATINGPOINT_MATH: 2775.7006246403403
  CPU_PRIME: 11.631871321316943
  CPU_SORTING: 2283.2043700826412
  CPU_ENCRYPTION: 484.21243480120637
  CPU_COMPRESSION: 19016.741525064521
  CPU_SINGLETHREAD: 1697.7819165109206
  CPU_PHYSICS: 212.3633836653546
  CPU_MATRIX_MULT_SSE: 893.50256161633411
  CPU_mm: 173.60239006533175
  CPU_sse: 647.97995670977889
  CPU_fma: 0
  CPU_avx: 1139.0251665228893
  CPU_avx512: 0
  m_CPU_enc_SHA: 265423330.48943529
  m_CPU_enc_AES: 1027128228.3729656
  m_CPU_enc_ECDSA: 230649055.23992836
  ME_ALLOC_S: 685.54779804769726
  ME_READ_S: 22304.4541015625
  ME_READ_L: 10919.4775390625
  ME_WRITE: 10556.4833984375
  ME_LARGE: 501.66666666666669
  ME_LATENCY: 54.62522345962207
  ME_THREADED: 11230.60546875
  SUMM_CPU: 1448.0424657322762
  SUMM_ME: 837.38084352198393
SystemInformation:
  OSName: Ubuntu 24.04.1 LTS
  Kernel: 6.8.0-1018-aws
  Device: ""
  Processor: Intel Xeon CPU E5-2670 v2 @ 2.50GHz
  NumSockets: 1
  Manufacturer: GenuineIntel
  NumCores: 1
  NumLogicals: 1
  CPUFrequency: 0
  Memory: 3724
  MemModuleInfo:
    iNumMemSticks: 1
    DIMM 1:
      manufacturer: Not Specified
      modulePartNo: Not Specified
      memType: RAM
      size: 3840
      clkspeed: 0
      moduleVoltage: 0
Checksum: 27813804A882AE21F46FD6DB60B2730EB50BDC30