BaselineInfo:
  WebDBID: -1
  TimeStamp: 20241107035149
Version:
  Major: 11
  Minor: 0
  Build: 1002
  SpecialBuildName: ""
  ptArchitecture: x86_64_linux
Results:
  Results Complete: true
  NumTestProcesses: 1
  CPU_INTEGER_MATH: 3601.3566666666666
  CPU_FLOATINGPOINT_MATH: 2687.3157899414828
  CPU_PRIME: 11.136016678792052
  CPU_SORTING: 2226.6206033850754
  CPU_ENCRYPTION: 468.17296887063929
  CPU_COMPRESSION: 17973.216551464477
  CPU_SINGLETHREAD: 1616.0026285008885
  CPU_PHYSICS: 202.01428415798694
  CPU_MATRIX_MULT_SSE: 810.49162052266274
  CPU_mm: 166.21349320078039
  CPU_sse: 628.58741274658894
  CPU_fma: 0
  CPU_avx: 992.39582829873643
  CPU_avx512: 0
  m_CPU_enc_SHA: 256581967.44081515
  m_CPU_enc_AES: 994325853.56099808
  m_CPU_enc_ECDSA: 221836996.01768512
  ME_ALLOC_S: 672.46598123755086
  ME_READ_S: 21725.103320312501
  ME_READ_L: 9670.103515625
  ME_WRITE: 9337.12890625
  ME_LARGE: 539.66666666666663
  ME_LATENCY: 55.491255742973884
  ME_THREADED: 9668.8603515625
  SUMM_CPU: 1382.5423309431792
  SUMM_ME: 841.93627754461249
SystemInformation:
  OSName: Ubuntu 24.04.1 LTS
  Kernel: 6.8.0-1016-aws
  Device: ""
  Processor: Intel Xeon CPU E5-2670 v2 @ 2.50GHz
  NumSockets: 1
  Manufacturer: GenuineIntel
  NumCores: 1
  NumLogicals: 1
  CPUFrequency: 0
  Memory: 3724
  MemModuleInfo:
    iNumMemSticks: 1
    DIMM 1:
      manufacturer: Not Specified
      modulePartNo: Not Specified
      memType: RAM
      size: 3840
      clkspeed: 0
      moduleVoltage: 0
Checksum: C3D0755358E0EB24158EB6E1C940455AEEA801C9