BaselineInfo:
  WebDBID: -1
  TimeStamp: 20260619213735
Version:
  Major: 11
  Minor: 0
  Build: 1004
  SpecialBuildName: ""
  ptArchitecture: x86_64_linux
Results:
  Results Complete: true
  NumTestProcesses: 4
  CPU_INTEGER_MATH: 28661.256333333335
  CPU_FLOATINGPOINT_MATH: 28683.248812900572
  CPU_PRIME: 107.6479102226764
  CPU_SORTING: 16897.506483650865
  CPU_ENCRYPTION: 5979.6648164343351
  CPU_COMPRESSION: 124773.42121914134
  CPU_SINGLETHREAD: 3577.1290822164387
  CPU_PHYSICS: 1713.8105532705688
  CPU_MATRIX_MULT_SSE: 11111.324006757435
  CPU_mm: 1345.4139109279897
  CPU_sse: 4096.1219757413073
  CPU_fma: 15950.976395432113
  CPU_avx: 8354.5252599226587
  CPU_avx512: 16043.672395933667
  m_CPU_enc_SHA: 8295399731.522646
  m_CPU_enc_AES: 5202662890.0679522
  m_CPU_enc_ECDSA: 5312336422.0817509
  ME_ALLOC_S: 4954.0748306320611
  ME_READ_S: 31994.177929687499
  ME_READ_L: 28379.88671875
  ME_WRITE: 29935.23828125
  ME_LARGE: 56023.083333333336
  ME_LATENCY: 84.730039010998851
  ME_THREADED: 47244.5126953125
  SUMM_CPU: 12658.059654973158
  SUMM_ME: 2533.5572324690988
SystemInformation:
  OSName: Ubuntu 24.04.4 LTS
  Kernel: 6.17.0-1018-azure
  Device: ""
  Processor: "AMD EPYC 9V45 96-Core Processor                "
  NumSockets: 1
  Manufacturer: AuthenticAMD
  NumCores: 4
  NumLogicals: 4
  CPUFrequency: 0
  CPUMaxFrequency: 0
  Memory: 64301
  CPUInfo:
    number: 1
    Family: 15
    Model: 2
    stepping: 1
    features: 395049983
    manufacture: AuthenticAMD
    typestring: "AMD EPYC 9V45 96-Core Processor                "
    iCoresPerPackage: 8
    iThreadsPerPackage: 1
    featuresEx:
      - 395049983
      - 4277809667
      - 802421759
    bHybrid: false
    nPCore: 0
    nLogicalsPerPCore: 0
    nECore: 0
    nLogicalsPerECore: 0
  MemModuleInfo:
    iNumMemSticks: 3
    DIMM 1:
      manufacturer: Microsoft Corporation
      modulePartNo: None
      memType: Unknown
      size: 1
      clkspeed: 0
      moduleVoltage: 0
    DIMM 2:
      manufacturer: Microsoft Corporation
      modulePartNo: None
      memType: Unknown
      size: 59
      clkspeed: 0
      moduleVoltage: 0
    DIMM 3:
      manufacturer: Microsoft Corporation
      modulePartNo: None
      memType: Unknown
      size: 4
      clkspeed: 0
      moduleVoltage: 0
Checksum: 4CA0A0DD85EEA0B0E30CCD55C7ED28D2DBE944B6