BaselineInfo:
  WebDBID: -1
  TimeStamp: 20260404102253
Version:
  Major: 11
  Minor: 0
  Build: 1004
  SpecialBuildName: ""
  ptArchitecture: x86_64_linux
Results:
  Results Complete: true
  NumTestProcesses: 4
  CPU_INTEGER_MATH: 9805.7153333333335
  CPU_FLOATINGPOINT_MATH: 5253.568959953257
  CPU_PRIME: 25.103589127745519
  CPU_SORTING: 6139.5392745327636
  CPU_ENCRYPTION: 1354.6650680601806
  CPU_COMPRESSION: 46139.979401303041
  CPU_SINGLETHREAD: 1680.2724957079502
  CPU_PHYSICS: 432.13817513605716
  CPU_MATRIX_MULT_SSE: 2974.3629587685864
  CPU_mm: 298.59177749748295
  CPU_sse: 1063.448586972168
  CPU_fma: 3642.4317923596077
  CPU_avx: 2573.9465405024907
  CPU_avx512: 4617.6249152400796
  m_CPU_enc_SHA: 443213185.64464247
  m_CPU_enc_AES: 3420648029.6039324
  m_CPU_enc_ECDSA: 397546619.97024059
  ME_ALLOC_S: 1073.819680681529
  ME_READ_S: 19136.077929687501
  ME_READ_L: 6494.4111328125
  ME_WRITE: 6826.0625
  ME_LARGE: 18950.5
  ME_LATENCY: 78.890606495385086
  ME_THREADED: 18337.7333984375
  SUMM_CPU: 3629.1731599315885
  SUMM_ME: 1508.5106279842496
SystemInformation:
  OSName: Ubuntu 24.04.4 LTS
  Kernel: 6.8.0-106-generic
  Device: ""
  Processor: Intel(R) Xeon(R) Platinum 8269CY CPU @ 2.50GHz
  NumSockets: 1
  Manufacturer: GenuineIntel
  NumCores: 2
  NumLogicals: 4
  CPUFrequency: 2500
  CPUMaxFrequency: 3800
  Memory: 31713
  CPUInfo:
    number: 1
    Family: 6
    Model: 5
    stepping: 7
    features: 529267711
    manufacture: GenuineIntel
    typestring: Intel(R) Xeon(R) Platinum 8269CY CPU @ 2.50GHz
    iCoresPerPackage: 2
    iThreadsPerPackage: 2
    featuresEx:
      - 529267711
      - 4294586883
      - 739248128
    bHybrid: false
    nPCore: 0
    nLogicalsPerPCore: 0
    nECore: 0
    nLogicalsPerECore: 0
  MemModuleInfo:
    iNumMemSticks: 2
    DIMM 1:
      manufacturer: Alibaba Cloud
      modulePartNo: Not Specified
      memType: RAM
      size: 16
      clkspeed: 0
      moduleVoltage: 0
    DIMM 2:
      manufacturer: Alibaba Cloud
      modulePartNo: Not Specified
      memType: RAM
      size: 16
      clkspeed: 0
      moduleVoltage: 0
Checksum: 685B96C31DA0AFAE70514E0802135A5BCA06E3EF