BaselineInfo:
  WebDBID: -1
  TimeStamp: 20250418040713
Version:
  Major: 11
  Minor: 0
  Build: 1002
  SpecialBuildName: ""
  ptArchitecture: x86_64_linux
Results:
  Results Complete: true
  NumTestProcesses: 48
  CPU_INTEGER_MATH: 227279.40166666667
  CPU_FLOATINGPOINT_MATH: 161038.36830432553
  CPU_PRIME: 473.55997520455082
  CPU_SORTING: 111696.10975079877
  CPU_ENCRYPTION: 50173.458549618321
  CPU_COMPRESSION: 818465.46989964775
  CPU_SINGLETHREAD: 2924.1683876376187
  CPU_PHYSICS: 9865.2623693755959
  CPU_MATRIX_MULT_SSE: 69720.652961123953
  CPU_mm: 6483.2356199307242
  CPU_sse: 28116.644175249923
  CPU_fma: 77565.387762459883
  CPU_avx: 59254.200127561395
  CPU_avx512: 113946.37977922459
  m_CPU_enc_SHA: 52869408559.886307
  m_CPU_enc_AES: 68999992778.427948
  m_CPU_enc_ECDSA: 35962652078.059494
  ME_ALLOC_S: 26043.211399145712
  ME_READ_S: 26334.161718750001
  ME_READ_L: 10382.3984375
  ME_WRITE: 9398.3740234375
  ME_LARGE: 86030.083333333328
  ME_LATENCY: 60.416145459031071
  ME_THREADED: 270471.50634765625
  SUMM_CPU: 63378.885595369713
  SUMM_ME: 2550.7043627012144
SystemInformation:
  OSName: Ubuntu 24.04.2 LTS
  Kernel: 6.8.0-1021-azure
  Device: ""
  Processor: INTEL XEON PLATINUM 8573C
  NumSockets: 1
  Manufacturer: GenuineIntel
  NumCores: 24
  NumLogicals: 48
  CPUFrequency: 2300
  Memory: 96539
  MemModuleInfo:
    iNumMemSticks: 3
    DIMM 1:
      manufacturer: Microsoft Corporation
      modulePartNo: None
      memType: Unknown
      size: 1
      clkspeed: 0
      moduleVoltage: 0
    DIMM 2:
      manufacturer: Microsoft Corporation
      modulePartNo: None
      memType: Unknown
      size: 59
      clkspeed: 0
      moduleVoltage: 0
    DIMM 3:
      manufacturer: Microsoft Corporation
      modulePartNo: None
      memType: Unknown
      size: 36
      clkspeed: 0
      moduleVoltage: 0
Checksum: 8B68A5DE0DF1EB237162F5528EB83F5F92C11825