---
system-info:
      stress-ng-version: 0.17.08
      run-by: root
      date-yyyy-mm-dd: 2024:09:03
      time-hh-mm-ss: 02:19:01
      epoch-secs: 1725329941
      hostname: sc-runner
      sysname: Linux
      nodename: sc-runner
      release: 6.8.0-1013-azure
      version: '#15-Ubuntu SMP Thu Aug  8 18:40:40 UTC 2024'
      machine: x86_64
      compiler: 'musl-gcc 13.2.1'
      uptime: 377
      totalram: 16766066688
      freeram: 8308613120
      sharedram: 42020864
      bufferram: 209027072
      totalswap: 0
      freeswap: 0
      pagesize: 4096
      cpus: 4
      cpus-online: 4
      ticks-per-second: 100

metrics:
    - stressor: cpu
      bogo-ops: 28212
      bogo-ops-per-second-usr-sys-time: 1410.635266
      bogo-ops-per-second-real-time: 1410.595931
      wall-clock-time: 20.000058
      user-time: 19.998501
      system-time: 0.000999
      cpu-usage-per-instance: 99.997212
      max-rss: 3152

...
