---
system-info:
      stress-ng-version: 0.17.08
      run-by: root
      date-yyyy-mm-dd: 2024:06:15
      time-hh-mm-ss: 20:40:31
      epoch-secs: 1718484031
      hostname: b3596cb8efbc
      sysname: Linux
      nodename: b3596cb8efbc
      release: 6.8.0-1008-aws
      version: '#8-Ubuntu SMP Sat Apr 20 00:46:25 UTC 2024'
      machine: x86_64
      compiler: 'musl-gcc 13.2.1'
      uptime: 112
      totalram: 399160188928
      freeram: 394349264896
      sharedram: 60289024
      bufferram: 108462080
      totalswap: 0
      freeswap: 0
      pagesize: 4096
      cpus: 48
      cpus-online: 48
      ticks-per-second: 100

metrics:
    - stressor: cpu
      bogo-ops: 927075
      bogo-ops-per-second-usr-sys-time: 966.037783
      bogo-ops-per-second-real-time: 46353.568755
      wall-clock-time: 20.000078
      user-time: 959.645445
      system-time: 0.021989
      cpu-usage-per-instance: 99.964967
      max-rss: 768

...
