---
system-info:
      stress-ng-version: 0.17.08
      run-by: root
      date-yyyy-mm-dd: 2024:06:09
      time-hh-mm-ss: 17:55:44
      epoch-secs: 1717955744
      hostname: 7fcdd061592f
      sysname: Linux
      nodename: 7fcdd061592f
      release: 6.8.0-1008-aws
      version: '#8-Ubuntu SMP Sat Apr 20 00:46:25 UTC 2024'
      machine: x86_64
      compiler: 'musl-gcc 13.2.1'
      uptime: 101
      totalram: 399160176640
      freeram: 394201571328
      sharedram: 60289024
      bufferram: 110333952
      totalswap: 0
      freeswap: 0
      pagesize: 4096
      cpus: 48
      cpus-online: 48
      ticks-per-second: 100

metrics:
    - stressor: cpu
      bogo-ops: 562012
      bogo-ops-per-second-usr-sys-time: 1171.341177
      bogo-ops-per-second-real-time: 56191.147969
      wall-clock-time: 10.001789
      user-time: 479.738159
      system-time: 0.063978
      cpu-usage-per-instance: 99.940900
      max-rss: 3840

...
