BaselineInfo:
  WebDBID: -1
  TimeStamp: 20241112120447
Version:
  Major: 11
  Minor: 0
  Build: 1002
  SpecialBuildName: ""
  ptArchitecture: x86_64_linux
Results:
  Results Complete: true
  NumTestProcesses: 176
  CPU_INTEGER_MATH: 677444.36999999988
  CPU_FLOATINGPOINT_MATH: 482660.59121188987
  CPU_PRIME: 957.92926667032611
  CPU_SORTING: 324935.0558606353
  CPU_ENCRYPTION: 149081.26947233858
  CPU_COMPRESSION: 2470805.0260354592
  CPU_SINGLETHREAD: 3053.6700933982092
  CPU_PHYSICS: 13810.011359033586
  CPU_MATRIX_MULT_SSE: 175304.68078160824
  CPU_mm: 18492.060566321044
  CPU_sse: 80486.59815379318
  CPU_fma: 200167.27658063016
  CPU_avx: 156160.83566710996
  CPU_avx512: 264404.01272489963
  m_CPU_enc_SHA: 158012267724.17947
  m_CPU_enc_AES: 204933629689.83124
  m_CPU_enc_ECDSA: 106023226240.67015
  ME_ALLOC_S: 34000.325144691458
  ME_READ_S: 27776.365820312501
  ME_READ_L: 10290.7724609375
  ME_WRITE: 8956.0546875
  ME_LARGE: 1531931.5
  ME_LATENCY: 69.695933438691426
  ME_THREADED: 484435.85803222656
  SUMM_CPU: 117452.64792084177
  SUMM_ME: 2419.7519893758849
SystemInformation:
  OSName: Ubuntu 24.04.1 LTS
  Kernel: 6.8.0-1017-azure
  Device: ""
  Processor: Intel Xeon Platinum 8473C
  NumSockets: 2
  Manufacturer: GenuineIntel
  NumCores: 88
  NumLogicals: 176
  CPUFrequency: 2100
  Memory: 1548108
  MemModuleInfo:
    iNumMemSticks: 6
    DIMM 1:
      manufacturer: Microsoft Corporation
      modulePartNo: None
      memType: Unknown
      size: 1
      clkspeed: 0
      moduleVoltage: 0
    DIMM 2:
      manufacturer: Microsoft Corporation
      modulePartNo: None
      memType: Unknown
      size: 59
      clkspeed: 0
      moduleVoltage: 0
    DIMM 3:
      manufacturer: Microsoft Corporation
      modulePartNo: None
      memType: Unknown
      size: 324
      clkspeed: 0
      moduleVoltage: 0
    DIMM 4:
      manufacturer: Microsoft Corporation
      modulePartNo: None
      memType: Unknown
      size: 384
      clkspeed: 0
      moduleVoltage: 0
    DIMM 5:
      manufacturer: Microsoft Corporation
      modulePartNo: None
      memType: Unknown
      size: 384
      clkspeed: 0
      moduleVoltage: 0
    DIMM 6:
      manufacturer: Microsoft Corporation
      modulePartNo: None
      memType: Unknown
      size: 384
      clkspeed: 0
      moduleVoltage: 0
Checksum: 1AF25A72A269DB5E35E59FAD51AFABB1861D0E78