BaselineInfo:
  WebDBID: -1
  TimeStamp: 20241108062307
Version:
  Major: 11
  Minor: 0
  Build: 1002
  SpecialBuildName: ""
  ptArchitecture: x86_64_linux
Results:
  Results Complete: true
  NumTestProcesses: 8
  CPU_INTEGER_MATH: 33473.186666666668
  CPU_FLOATINGPOINT_MATH: 17115.511879301535
  CPU_PRIME: 72.582430120533004
  CPU_SORTING: 17479.096722373619
  CPU_ENCRYPTION: 7273.2408898166741
  CPU_COMPRESSION: 126113.49144595492
  CPU_SINGLETHREAD: 2365.0286169684541
  CPU_PHYSICS: 1395.6256153684246
  CPU_MATRIX_MULT_SSE: 6942.0863001866419
  CPU_mm: 721.56735523511475
  CPU_sse: 3175.6137448626851
  CPU_fma: 8727.2490004668743
  CPU_avx: 6442.2531383941623
  CPU_avx512: 9423.229317022844
  m_CPU_enc_SHA: 7339946789.9861526
  m_CPU_enc_AES: 11042600180.507843
  m_CPU_enc_ECDSA: 4497090547.3472328
  ME_ALLOC_S: 3980.70563120833
  ME_READ_S: 23698.598242187501
  ME_READ_L: 11379.296875
  ME_WRITE: 10296.0400390625
  ME_LARGE: 53180.333333333336
  ME_LATENCY: 61.120652985379337
  ME_THREADED: 53918.59130859375
  SUMM_CPU: 11352.886406433423
  SUMM_ME: 2372.7885484277244
SystemInformation:
  OSName: Ubuntu 24.04.1 LTS
  Kernel: 6.8.0-1016-aws
  Device: ""
  Processor: Intel Xeon Platinum 8375C CPU @ 2.90GHz
  NumSockets: 1
  Manufacturer: GenuineIntel
  NumCores: 4
  NumLogicals: 8
  CPUFrequency: 0
  Memory: 63260
  MemModuleInfo:
    iNumMemSticks: 1
    DIMM 1:
      manufacturer: Not Specified
      modulePartNo: Not Specified
      memType: DDR4
      size: 64
      clkspeed: 1600
      moduleVoltage: 0
Checksum: DF2F81E5540EA97944189AD7C1666D8A211F86B3