---
system-info:
      stress-ng-version: 0.17.08
      run-by: root
      date-yyyy-mm-dd: 2024:09:16
      time-hh-mm-ss: 20:56:36
      epoch-secs: 1726520196
      hostname: sc-runner
      sysname: Linux
      nodename: sc-runner
      release: 6.8.0-1014-azure
      version: '#16-Ubuntu SMP Thu Aug 15 20:04:41 UTC 2024'
      machine: x86_64
      compiler: 'musl-gcc 13.2.1'
      uptime: 308
      totalram: 135069487104
      freeram: 124877991936
      sharedram: 54886400
      bufferram: 233795584
      totalswap: 0
      freeswap: 0
      pagesize: 4096
      cpus: 4
      cpus-online: 4
      ticks-per-second: 100

metrics:
    - stressor: cpu
      bogo-ops: 37951
      bogo-ops-per-second-usr-sys-time: 1897.580836
      bogo-ops-per-second-real-time: 1897.539866
      wall-clock-time: 20.000107
      user-time: 19.998676
      system-time: 0.000999
      cpu-usage-per-instance: 99.997841
      max-rss: 3152

...
