BaselineInfo:
  WebDBID: -1
  TimeStamp: 20241108191811
Version:
  Major: 11
  Minor: 0
  Build: 1002
  SpecialBuildName: ""
  ptArchitecture: x86_64_linux
Results:
  Results Complete: true
  NumTestProcesses: 32
  CPU_INTEGER_MATH: 132966.954
  CPU_FLOATINGPOINT_MATH: 73080.723698442001
  CPU_PRIME: 197.16832984045149
  CPU_SORTING: 69437.531369910241
  CPU_ENCRYPTION: 34283.383930640237
  CPU_COMPRESSION: 504454.62367809087
  CPU_SINGLETHREAD: 2559.969261761149
  CPU_PHYSICS: 3869.0718403437327
  CPU_MATRIX_MULT_SSE: 29951.461091093741
  CPU_mm: 3595.6088720335392
  CPU_sse: 15280.990029871606
  CPU_fma: 41678.314633173686
  CPU_avx: 32895.078610235942
  CPU_avx512: 0
  m_CPU_enc_SHA: 49688408657.73838
  m_CPU_enc_AES: 31782753471.655853
  m_CPU_enc_ECDSA: 26375038635.970772
  ME_ALLOC_S: 13785.446805377138
  ME_READ_S: 25943.980078125001
  ME_READ_L: 18205.568359375
  ME_WRITE: 20343.25
  ME_LARGE: 118203.66666666667
  ME_LATENCY: 61.571263230803162
  ME_THREADED: 76865.973388671875
  SUMM_CPU: 38793.007798743645
  SUMM_ME: 2902.5465097559072
SystemInformation:
  OSName: Ubuntu 24.04.1 LTS
  Kernel: 6.8.0-1017-azure
  Device: ""
  Processor: AMD EPYC 7763 64-Core Processor
  NumSockets: 1
  Manufacturer: AuthenticAMD
  NumCores: 16
  NumLogicals: 32
  CPUFrequency: 0
  Memory: 128803
  MemModuleInfo:
    iNumMemSticks: 3
    DIMM 1:
      manufacturer: Microsoft Corporation
      modulePartNo: None
      memType: Unknown
      size: 1
      clkspeed: 0
      moduleVoltage: 0
    DIMM 2:
      manufacturer: Microsoft Corporation
      modulePartNo: None
      memType: Unknown
      size: 59
      clkspeed: 0
      moduleVoltage: 0
    DIMM 3:
      manufacturer: Microsoft Corporation
      modulePartNo: None
      memType: Unknown
      size: 68
      clkspeed: 0
      moduleVoltage: 0
Checksum: 827F12BB49A8E6EA68AE94E8C3FDD21C83A3CE66