BaselineInfo:
  WebDBID: -1
  TimeStamp: 20241108214229
Version:
  Major: 11
  Minor: 0
  Build: 1002
  SpecialBuildName: ""
  ptArchitecture: x86_64_linux
Results:
  Results Complete: true
  NumTestProcesses: 32
  CPU_INTEGER_MATH: 134220.83766666666
  CPU_FLOATINGPOINT_MATH: 68615.998764396849
  CPU_PRIME: 192.88006045611272
  CPU_SORTING: 68160.109618786199
  CPU_ENCRYPTION: 29134.742543056283
  CPU_COMPRESSION: 490270.58649473364
  CPU_SINGLETHREAD: 2366.8788525285613
  CPU_PHYSICS: 3436.8570798164828
  CPU_MATRIX_MULT_SSE: 28297.168201570854
  CPU_mm: 2891.9519227498113
  CPU_sse: 12721.408479287868
  CPU_fma: 34979.861173198347
  CPU_avx: 25823.565620128087
  CPU_avx512: 39663.83753366911
  m_CPU_enc_SHA: 29418258422.893063
  m_CPU_enc_AES: 44298259440.684494
  m_CPU_enc_ECDSA: 17933457526.905807
  ME_ALLOC_S: 14815.172152661176
  ME_READ_S: 24330.019140625001
  ME_READ_L: 12019.3330078125
  ME_WRITE: 10659.736328125
  ME_LARGE: 52269.083333333336
  ME_LATENCY: 57.909118175153971
  ME_THREADED: 133138.92700195312
  SUMM_CPU: 36658.603866641221
  SUMM_ME: 2621.2175215679631
SystemInformation:
  OSName: Ubuntu 24.04.1 LTS
  Kernel: 6.8.0-1016-aws
  Device: ""
  Processor: Intel Xeon Platinum 8375C CPU @ 2.90GHz
  NumSockets: 1
  Manufacturer: GenuineIntel
  NumCores: 16
  NumLogicals: 32
  CPUFrequency: 0
  Memory: 63252
  MemModuleInfo:
    iNumMemSticks: 1
    DIMM 1:
      manufacturer: Not Specified
      modulePartNo: Not Specified
      memType: DDR4
      size: 64
      clkspeed: 1600
      moduleVoltage: 0
Checksum: E524979307AE41B5D62A673C937AC4FC21DD77C5