---
system-info:
      stress-ng-version: 0.17.08
      run-by: root
      date-yyyy-mm-dd: 2024:06:13
      time-hh-mm-ss: 08:55:37
      epoch-secs: 1718268937
      hostname: f9e85c942f0f
      sysname: Linux
      nodename: f9e85c942f0f
      release: 6.8.0-1008-aws
      version: '#8-Ubuntu SMP Sat Apr 20 00:46:25 UTC 2024'
      machine: x86_64
      compiler: 'musl-gcc 13.2.1'
      uptime: 139
      totalram: 399160176640
      freeram: 394527399936
      sharedram: 60088320
      bufferram: 107073536
      totalswap: 0
      freeswap: 0
      pagesize: 4096
      cpus: 48
      cpus-online: 48
      ticks-per-second: 100

metrics:
    - stressor: cpu
      bogo-ops: 37825
      bogo-ops-per-second-usr-sys-time: 1891.265887
      bogo-ops-per-second-real-time: 1891.243214
      wall-clock-time: 20.000072
      user-time: 19.999832
      system-time: 0.000000
      cpu-usage-per-instance: 99.998801
      max-rss: 1152

...
