---
system-info:
      stress-ng-version: 0.17.08
      run-by: root
      date-yyyy-mm-dd: 2024:06:07
      time-hh-mm-ss: 13:56:33
      epoch-secs: 1717768593
      hostname: c5fd6527e6dd
      sysname: Linux
      nodename: c5fd6527e6dd
      release: 6.8.0-1008-aws
      version: '#8-Ubuntu SMP Sat Apr 20 00:46:25 UTC 2024'
      machine: x86_64
      compiler: 'musl-gcc 13.2.1'
      uptime: 117
      totalram: 399160188928
      freeram: 394531762176
      sharedram: 60088320
      bufferram: 91414528
      totalswap: 0
      freeswap: 0
      pagesize: 4096
      cpus: 48
      cpus-online: 48
      ticks-per-second: 100

metrics:
    - stressor: cpu
      bogo-ops: 16666
      bogo-ops-per-second-usr-sys-time: 1666.446354
      bogo-ops-per-second-real-time: 1666.494074
      wall-clock-time: 10.000636
      user-time: 10.000922
      system-time: 0.000000
      cpu-usage-per-instance: 100.002864
      max-rss: 3840

...
