---
system-info:
      stress-ng-version: 0.17.08
      run-by: root
      date-yyyy-mm-dd: 2024:06:07
      time-hh-mm-ss: 22:20:24
      epoch-secs: 1717798824
      hostname: ee87dcbb29ca
      sysname: Linux
      nodename: ee87dcbb29ca
      release: 6.8.0-1008-aws
      version: '#8-Ubuntu SMP Sat Apr 20 02:43:14 UTC 2024'
      machine: aarch64
      compiler: 'musl-gcc 13.2.1'
      uptime: 138
      totalram: 32891559936
      freeram: 28596178944
      sharedram: 34996224
      bufferram: 93425664
      totalswap: 0
      freeswap: 0
      pagesize: 4096
      cpus: 8
      cpus-online: 8
      ticks-per-second: 100

metrics:
    - stressor: cpu
      bogo-ops: 2940
      bogo-ops-per-second-usr-sys-time: 292.701051
      bogo-ops-per-second-real-time: 292.692220
      wall-clock-time: 10.044681
      user-time: 10.044378
      system-time: 0.000000
      cpu-usage-per-instance: 99.996983
      max-rss: 4008

...
