---
system-info:
      stress-ng-version: 0.17.08
      run-by: root
      date-yyyy-mm-dd: 2024:06:13
      time-hh-mm-ss: 13:28:25
      epoch-secs: 1718285305
      hostname: a1c7e8f8a375
      sysname: Linux
      nodename: a1c7e8f8a375
      release: 6.8.0-1008-aws
      version: '#8-Ubuntu SMP Sat Apr 20 02:43:14 UTC 2024'
      machine: aarch64
      compiler: 'musl-gcc 13.2.1'
      uptime: 156
      totalram: 32891564032
      freeram: 28570710016
      sharedram: 34996224
      bufferram: 106577920
      totalswap: 0
      freeswap: 0
      pagesize: 4096
      cpus: 8
      cpus-online: 8
      ticks-per-second: 100

metrics:
    - stressor: cpu
      bogo-ops: 30404
      bogo-ops-per-second-usr-sys-time: 1520.181834
      bogo-ops-per-second-real-time: 1520.191809
      wall-clock-time: 20.000108
      user-time: 20.000239
      system-time: 0.000000
      cpu-usage-per-instance: 100.000656
      max-rss: 1320

...
