BaselineInfo:
  WebDBID: -1
  TimeStamp: 20241107052033
Version:
  Major: 11
  Minor: 0
  Build: 1002
  SpecialBuildName: ""
  ptArchitecture: x86_64_linux
Results:
  Results Complete: true
  NumTestProcesses: 2
  CPU_INTEGER_MATH: 6699.3233333333337
  CPU_FLOATINGPOINT_MATH: 4011.0720204546287
  CPU_PRIME: 18.858558976624543
  CPU_SORTING: 4326.9451598217738
  CPU_ENCRYPTION: 2127.1365512060129
  CPU_COMPRESSION: 30321.082470828544
  CPU_SINGLETHREAD: 2102.8914319228224
  CPU_PHYSICS: 360.60977504884517
  CPU_MATRIX_MULT_SSE: 1754.0074134356746
  CPU_mm: 201.15518323915953
  CPU_sse: 831.58840942246093
  CPU_fma: 2684.3725006684926
  CPU_avx: 1746.0613302160696
  CPU_avx512: 0
  m_CPU_enc_SHA: 2996486125.1507077
  m_CPU_enc_AES: 2055573842.878406
  m_CPU_enc_ECDSA: 1639333040.9230747
  ME_ALLOC_S: 731.85676886183023
  ME_READ_S: 24241.929296875001
  ME_READ_L: 12760.4345703125
  ME_WRITE: 12758.810546875
  ME_LARGE: 651.16666666666663
  ME_LATENCY: 50.426149912355108
  ME_THREADED: 20972.6923828125
  SUMM_CPU: 2871.0444403044553
  SUMM_ME: 1045.6394988495351
SystemInformation:
  OSName: Ubuntu 24.04.1 LTS
  Kernel: 6.8.0-1016-aws
  Device: ""
  Processor: AMD EPYC 7R32
  NumSockets: 1
  Manufacturer: AuthenticAMD
  NumCores: 1
  NumLogicals: 2
  CPUFrequency: 0
  Memory: 3836
  MemModuleInfo:
    iNumMemSticks: 1
    DIMM 1:
      manufacturer: Not Specified
      modulePartNo: Not Specified
      memType: DDR4
      size: 4
      clkspeed: 1466
      moduleVoltage: 0
Checksum: DAD532C1E20039AE31DD8D9498117B9EBCC72CD3