BaselineInfo:
  WebDBID: -1
  TimeStamp: 20241115000126
Version:
  Major: 11
  Minor: 0
  Build: 1002
  SpecialBuildName: ""
  ptArchitecture: x86_64_linux
Results:
  Results Complete: true
  NumTestProcesses: 2
  CPU_INTEGER_MATH: 6695.7733333333335
  CPU_FLOATINGPOINT_MATH: 4009.4967783860957
  CPU_PRIME: 17.956543280208749
  CPU_SORTING: 4333.2323427474039
  CPU_ENCRYPTION: 2120.7305720148793
  CPU_COMPRESSION: 30434.576645340378
  CPU_SINGLETHREAD: 2073.0936979552698
  CPU_PHYSICS: 319.67310873048257
  CPU_MATRIX_MULT_SSE: 1780.2167891496474
  CPU_mm: 200.82978892265641
  CPU_sse: 828.18061467931034
  CPU_fma: 2682.0952529152692
  CPU_avx: 1830.3744998543625
  CPU_avx512: 0
  m_CPU_enc_SHA: 3003170441.6427102
  m_CPU_enc_AES: 2058691142.1545136
  m_CPU_enc_ECDSA: 1609379957.0459981
  ME_ALLOC_S: 723.13298644973247
  ME_READ_S: 24183.189843749999
  ME_READ_L: 12824.470703125
  ME_WRITE: 12479.1162109375
  ME_LARGE: 607
  ME_LATENCY: 53.945001378681887
  ME_THREADED: 20503.2890625
  SUMM_CPU: 2861.4242494998766
  SUMM_ME: 994.36647932788685
SystemInformation:
  OSName: Ubuntu 24.04.1 LTS
  Kernel: 6.8.0-1018-aws
  Device: ""
  Processor: AMD EPYC 7R32
  NumSockets: 1
  Manufacturer: AuthenticAMD
  NumCores: 1
  NumLogicals: 2
  CPUFrequency: 0
  Memory: 3836
  MemModuleInfo:
    iNumMemSticks: 1
    DIMM 1:
      manufacturer: Not Specified
      modulePartNo: Not Specified
      memType: DDR4
      size: 4
      clkspeed: 1466
      moduleVoltage: 0
Checksum: 3F3C2F6F3911F591B40B43E3E10E23F1D90B900A