BaselineInfo:
  WebDBID: -1
  TimeStamp: 20241115160236
Version:
  Major: 11
  Minor: 0
  Build: 1002
  SpecialBuildName: ""
  ptArchitecture: x86_64_linux
Results:
  Results Complete: true
  NumTestProcesses: 2
  CPU_INTEGER_MATH: 6679.6563333333334
  CPU_FLOATINGPOINT_MATH: 3999.8057054889814
  CPU_PRIME: 19.240642112751157
  CPU_SORTING: 4331.1317798057971
  CPU_ENCRYPTION: 2120.8177831001494
  CPU_COMPRESSION: 30314.164588161562
  CPU_SINGLETHREAD: 2089.703983219058
  CPU_PHYSICS: 368.6711657694691
  CPU_MATRIX_MULT_SSE: 1742.217126714088
  CPU_mm: 200.65329878588653
  CPU_sse: 828.05707879000431
  CPU_fma: 2676.0062894703728
  CPU_avx: 1722.5880118818864
  CPU_avx512: 0
  m_CPU_enc_SHA: 2999224866.1925354
  m_CPU_enc_AES: 2056768550.8454227
  m_CPU_enc_ECDSA: 1615522466.1581078
  ME_ALLOC_S: 709.89314146396623
  ME_READ_S: 24295.566210937501
  ME_READ_L: 12470.7744140625
  ME_WRITE: 13200.04296875
  ME_LARGE: 674.41666666666663
  ME_LATENCY: 51.769439081805309
  ME_THREADED: 20895.3408203125
  SUMM_CPU: 2867.9830017245486
  SUMM_ME: 1057.2080614210608
SystemInformation:
  OSName: Ubuntu 24.04.1 LTS
  Kernel: 6.8.0-1018-aws
  Device: ""
  Processor: AMD EPYC 7R32
  NumSockets: 1
  Manufacturer: AuthenticAMD
  NumCores: 1
  NumLogicals: 2
  CPUFrequency: 0
  Memory: 3836
  MemModuleInfo:
    iNumMemSticks: 1
    DIMM 1:
      manufacturer: Not Specified
      modulePartNo: Not Specified
      memType: DDR4
      size: 4
      clkspeed: 1466
      moduleVoltage: 0
Checksum: 5F07F8FBD0690D7916A7694465A8B52C1262ACBF