---
system-info:
      stress-ng-version: 0.17.08
      run-by: root
      date-yyyy-mm-dd: 2024:09:16
      time-hh-mm-ss: 19:03:05
      epoch-secs: 1726513385
      hostname: sc-runner
      sysname: Linux
      nodename: sc-runner
      release: 6.8.0-1014-azure
      version: '#16-Ubuntu SMP Thu Aug 15 21:06:50 UTC 2024'
      machine: aarch64
      compiler: 'musl-gcc 13.2.1'
      uptime: 308
      totalram: 134800498688
      freeram: 124229656576
      sharedram: 38375424
      bufferram: 230014976
      totalswap: 0
      freeswap: 0
      pagesize: 4096
      cpus: 32
      cpus-online: 32
      ticks-per-second: 100

metrics:
    - stressor: cpu
      bogo-ops: 1144294
      bogo-ops-per-second-usr-sys-time: 1789.459594
      bogo-ops-per-second-real-time: 57214.513928
      wall-clock-time: 20.000065
      user-time: 639.438458
      system-time: 0.024989
      cpu-usage-per-instance: 99.915839
      max-rss: 1024

...
