BaselineInfo:
  WebDBID: -1
  TimeStamp: 20241109033105
Version:
  Major: 11
  Minor: 0
  Build: 1002
  SpecialBuildName: ""
  ptArchitecture: aarch64_linux
Results:
  Results Complete: true
  NumTestProcesses: 96
  CPU_INTEGER_MATH: 603863.7093333333
  CPU_FLOATINGPOINT_MATH: 506887.50617264851
  CPU_PRIME: 637.64906007799902
  CPU_SORTING: 477291.04399661085
  CPU_ENCRYPTION: 18056.508498490941
  CPU_COMPRESSION: 657324.84662000765
  CPU_SINGLETHREAD: 1880.5384471636207
  CPU_PHYSICS: 18453.319475168075
  CPU_MATRIX_MULT_SSE: 85629.583543627552
  CPU_mm: 13761.753877640956
  CPU_sse: 72230.555748063314
  CPU_fma: 99028.611339191804
  CPU_avx: 0
  CPU_avx512: 0
  m_CPU_enc_SHA: 26443326380.184517
  m_CPU_enc_AES: 11607368407.046337
  m_CPU_enc_ECDSA: 18750169578.710056
  ME_ALLOC_S: 37921.689991607971
  ME_READ_S: 25487.025976562501
  ME_READ_L: 19101.439453125
  ME_WRITE: 25733.2578125
  ME_LARGE: 177233.58333333334
  ME_LATENCY: 52.894749106200798
  ME_THREADED: 498016.3330078125
  SUMM_CPU: 56579.354464973527
  SUMM_ME: 3368.7290655306901
SystemInformation:
  OSName: Ubuntu 24.04.1 LTS
  Kernel: 6.8.0-1017-azure
  Device: ""
  Processor: ARM Neoverse-N2 96 Core 0 MHz
  NumSockets: 1
  Manufacturer: ARM
  NumCores: 96
  NumLogicals: 96
  CPUFrequency: 0
  Memory: 193014
Checksum: F28FD7EA043CFB481C187DAFBD62714C5B522BED