---
system-info:
      stress-ng-version: 0.17.08
      run-by: root
      date-yyyy-mm-dd: 2024:07:02
      time-hh-mm-ss: 10:51:49
      epoch-secs: 1719917509
      hostname: n2-highcpu-32-a2d75f8
      sysname: Linux
      nodename: n2-highcpu-32-a2d75f8
      release: 6.8.0-1009-gcp
      version: '#10-Ubuntu SMP Wed Jun 12 18:52:23 UTC 2024'
      machine: x86_64
      compiler: 'musl-gcc 13.2.1'
      uptime: 156
      totalram: 33693773824
      freeram: 28055146496
      sharedram: 70860800
      bufferram: 126398464
      totalswap: 0
      freeswap: 0
      pagesize: 4096
      cpus: 32
      cpus-online: 32
      ticks-per-second: 100

metrics:
    - stressor: cpu
      bogo-ops: 592571
      bogo-ops-per-second-usr-sys-time: 926.766986
      bogo-ops-per-second-real-time: 29628.410045
      wall-clock-time: 20.000094
      user-time: 639.357910
      system-time: 0.037978
      cpu-usage-per-instance: 99.905136
      max-rss: 1032

...
