BaselineInfo:
  WebDBID: -1
  TimeStamp: 20250713201637
Version:
  Major: 11
  Minor: 0
  Build: 1002
  SpecialBuildName: ""
  ptArchitecture: aarch64_linux
Results:
  Results Complete: true
  NumTestProcesses: 64
  CPU_INTEGER_MATH: 333914.11233333335
  CPU_FLOATINGPOINT_MATH: 387931.95585925056
  CPU_PRIME: 683.30247394775188
  CPU_SORTING: 292559.61606210249
  CPU_ENCRYPTION: 12098.434718254341
  CPU_COMPRESSION: 418785.44342581899
  CPU_SINGLETHREAD: 1944.1967241879352
  CPU_PHYSICS: 15917.57549637595
  CPU_MATRIX_MULT_SSE: 56171.487508340193
  CPU_mm: 7211.4175789940973
  CPU_sse: 44038.095510765103
  CPU_fma: 68304.879505915276
  CPU_avx: 0
  CPU_avx512: 0
  m_CPU_enc_SHA: 19065007090.345161
  m_CPU_enc_AES: 6875645792.2995472
  m_CPU_enc_ECDSA: 12117731966.740057
  ME_ALLOC_S: 47340.79249199872
  ME_READ_S: 21015.607812499999
  ME_READ_L: 20145.572265625
  ME_WRITE: 21297.283203125
  ME_LARGE: 114010.08333333333
  ME_LATENCY: 44.411809195325382
  ME_THREADED: 505177.66015625
  SUMM_CPU: 43987.241442093153
  SUMM_ME: 3452.0882809144432
SystemInformation:
  OSName: Ubuntu 24.04.2 LTS
  Kernel: 6.8.0-1030-aws
  Device: ""
  Processor: ARM Neoverse-V2 64 Core 0 MHz
  NumSockets: 1
  Manufacturer: ARM
  NumCores: 64
  NumLogicals: 64
  CPUFrequency: 0
  Memory: 126497
Checksum: 18F4D7C3BF9FEA00EB3692777EC20D279E934FFD