BaselineInfo:
  WebDBID: -1
  TimeStamp: 20250424060401
Version:
  Major: 11
  Minor: 0
  Build: 1002
  SpecialBuildName: ""
  ptArchitecture: aarch64_linux
Results:
  Results Complete: true
  NumTestProcesses: 192
  CPU_INTEGER_MATH: 963935.26299999969
  CPU_FLOATINGPOINT_MATH: 1120518.0830959051
  CPU_PRIME: 1597.355571842374
  CPU_SORTING: 747759.13120175106
  CPU_ENCRYPTION: 34712.979228866214
  CPU_COMPRESSION: 1173242.8582106326
  CPU_SINGLETHREAD: 1870.5378498602161
  CPU_PHYSICS: 37233.052238465447
  CPU_MATRIX_MULT_SSE: 131547.9610610329
  CPU_mm: 16815.744752050592
  CPU_sse: 101773.9658637659
  CPU_fma: 161321.95625830002
  CPU_avx: 0
  CPU_avx512: 0
  m_CPU_enc_SHA: 54238146098.966568
  m_CPU_enc_AES: 19828713655.614906
  m_CPU_enc_ECDSA: 35130730969.081383
  ME_ALLOC_S: 45704.814628245957
  ME_READ_S: 20284.089648437501
  ME_READ_L: 18734.263671875
  ME_WRITE: 20479.681640625
  ME_LARGE: 1527195.3333333333
  ME_LATENCY: 47.280094863484329
  ME_THREADED: 626969.23803710938
  SUMM_CPU: 76765.851772873328
  SUMM_ME: 3307.5184507272238
SystemInformation:
  OSName: Ubuntu 24.04.2 LTS
  Kernel: 6.8.0-1027-aws
  Device: ""
  Processor: ARM Neoverse-V2 192 Core 0 MHz
  NumSockets: 2
  Manufacturer: ARM
  NumCores: 192
  NumLogicals: 192
  CPUFrequency: 0
  Memory: 1545038
Checksum: 363D42887B32AC6B5CD0628016D568BCA2A15B30