---
system-info:
      stress-ng-version: 0.17.08
      run-by: root
      date-yyyy-mm-dd: 2024:09:17
      time-hh-mm-ss: 05:18:51
      epoch-secs: 1726550331
      hostname: sc-runner
      sysname: Linux
      nodename: sc-runner
      release: 6.8.0-1014-azure
      version: '#16-Ubuntu SMP Thu Aug 15 20:04:41 UTC 2024'
      machine: x86_64
      compiler: 'musl-gcc 13.2.1'
      uptime: 334
      totalram: 202597679104
      freeram: 191640375296
      sharedram: 42246144
      bufferram: 258154496
      totalswap: 0
      freeswap: 0
      pagesize: 4096
      cpus: 48
      cpus-online: 48
      ticks-per-second: 100

metrics:
    - stressor: cpu
      bogo-ops: 24949
      bogo-ops-per-second-usr-sys-time: 1247.438025
      bogo-ops-per-second-real-time: 1247.444810
      wall-clock-time: 20.000083
      user-time: 20.000192
      system-time: 0.000000
      cpu-usage-per-instance: 100.000544
      max-rss: 3200

...
