---
system-info:
      stress-ng-version: 0.17.08
      run-by: root
      date-yyyy-mm-dd: 2024:06:20
      time-hh-mm-ss: 22:09:24
      epoch-secs: 1718921364
      hostname: f84b4a249e4f
      sysname: Linux
      nodename: f84b4a249e4f
      release: 6.8.0-1008-gcp
      version: '#9-Ubuntu SMP Wed May 22 18:09:04 UTC 2024'
      machine: x86_64
      compiler: 'musl-gcc 13.2.1'
      uptime: 218
      totalram: 1847631872
      freeram: 128905216
      sharedram: 48599040
      bufferram: 124825600
      totalswap: 0
      freeswap: 0
      pagesize: 4096
      cpus: 2
      cpus-online: 2
      ticks-per-second: 100

metrics:
    - stressor: cpu
      bogo-ops: 22073
      bogo-ops-per-second-usr-sys-time: 1103.969213
      bogo-ops-per-second-real-time: 1103.640527
      wall-clock-time: 20.000172
      user-time: 19.991218
      system-time: 0.002999
      cpu-usage-per-instance: 99.970227
      max-rss: 976

...
