BaselineInfo:
  WebDBID: -1
  TimeStamp: 20241112113237
Version:
  Major: 11
  Minor: 0
  Build: 1002
  SpecialBuildName: ""
  ptArchitecture: x86_64_linux
Results:
  Results Complete: true
  NumTestProcesses: 96
  CPU_INTEGER_MATH: 403466.30399999989
  CPU_FLOATINGPOINT_MATH: 206544.34558795832
  CPU_PRIME: 471.71339382627821
  CPU_SORTING: 198117.40327215174
  CPU_ENCRYPTION: 87240.764047849196
  CPU_COMPRESSION: 1466364.7563068308
  CPU_SINGLETHREAD: 2411.7766704407395
  CPU_PHYSICS: 7680.9942805562487
  CPU_MATRIX_MULT_SSE: 83795.570384057224
  CPU_mm: 8694.6701352489035
  CPU_sse: 37361.56238703736
  CPU_fma: 101499.82075201109
  CPU_avx: 76886.817592399952
  CPU_avx512: 119434.08080478043
  m_CPU_enc_SHA: 88557549864.818405
  m_CPU_enc_AES: 132124714389.40872
  m_CPU_enc_ECDSA: 53753449952.485405
  ME_ALLOC_S: 30850.110574888513
  ME_READ_S: 24510.074609374999
  ME_READ_L: 12532.68359375
  ME_WRITE: 11340.8515625
  ME_LARGE: 179938.08333333334
  ME_LATENCY: 50.85393813445372
  ME_THREADED: 306515.86743164062
  SUMM_CPU: 76315.585514914899
  SUMM_ME: 2913.1985372067952
SystemInformation:
  OSName: Ubuntu 24.04.1 LTS
  Kernel: 6.8.0-1017-azure
  Device: ""
  Processor: Intel Xeon Platinum 8370C CPU @ 2.80GHz
  NumSockets: 2
  Manufacturer: GenuineIntel
  NumCores: 48
  NumLogicals: 96
  CPUFrequency: 2800
  Memory: 193384
  MemModuleInfo:
    iNumMemSticks: 4
    DIMM 1:
      manufacturer: Microsoft Corporation
      modulePartNo: None
      memType: Unknown
      size: 1
      clkspeed: 0
      moduleVoltage: 0
    DIMM 2:
      manufacturer: Microsoft Corporation
      modulePartNo: None
      memType: Unknown
      size: 59
      clkspeed: 0
      moduleVoltage: 0
    DIMM 3:
      manufacturer: Microsoft Corporation
      modulePartNo: None
      memType: Unknown
      size: 36
      clkspeed: 0
      moduleVoltage: 0
    DIMM 4:
      manufacturer: Microsoft Corporation
      modulePartNo: None
      memType: Unknown
      size: 96
      clkspeed: 0
      moduleVoltage: 0
Checksum: E79E47EF5B93D9B3C57D7224ADB1DE9C647840D8