---
system-info:
      stress-ng-version: 0.17.08
      run-by: root
      date-yyyy-mm-dd: 2024:06:26
      time-hh-mm-ss: 19:23:22
      epoch-secs: 1719429802
      hostname: c3-standard-8-b915d75
      sysname: Linux
      nodename: c3-standard-8-b915d75
      release: 6.8.0-1009-gcp
      version: '#10-Ubuntu SMP Wed Jun 12 18:52:23 UTC 2024'
      machine: x86_64
      compiler: 'musl-gcc 13.2.1'
      uptime: 112
      totalram: 33651150848
      freeram: 28553981952
      sharedram: 111546368
      bufferram: 123723776
      totalswap: 0
      freeswap: 0
      pagesize: 4096
      cpus: 8
      cpus-online: 8
      ticks-per-second: 100

metrics:
    - stressor: cpu
      bogo-ops: 132980
      bogo-ops-per-second-usr-sys-time: 832.722855
      bogo-ops-per-second-real-time: 6648.955485
      wall-clock-time: 20.000134
      user-time: 159.687991
      system-time: 0.004996
      cpu-usage-per-instance: 99.807449
      max-rss: 1104

...
