---
system-info:
      stress-ng-version: 0.17.08
      run-by: root
      date-yyyy-mm-dd: 2024:06:13
      time-hh-mm-ss: 21:22:55
      epoch-secs: 1718313775
      hostname: 3d730df0c198
      sysname: Linux
      nodename: 3d730df0c198
      release: 6.8.0-1008-aws
      version: '#8-Ubuntu SMP Sat Apr 20 00:46:25 UTC 2024'
      machine: x86_64
      compiler: 'musl-gcc 13.2.1'
      uptime: 214
      totalram: 2003509248
      freeram: 123867136
      sharedram: 40714240
      bufferram: 92192768
      totalswap: 0
      freeswap: 0
      pagesize: 4096
      cpus: 2
      cpus-online: 2
      ticks-per-second: 100

metrics:
    - stressor: cpu
      bogo-ops: 19081
      bogo-ops-per-second-usr-sys-time: 954.387424
      bogo-ops-per-second-real-time: 954.045928
      wall-clock-time: 20.000085
      user-time: 19.990334
      system-time: 0.002595
      cpu-usage-per-instance: 99.964218
      max-rss: 1104

...
