---
system-info:
      stress-ng-version: 0.17.08
      run-by: root
      date-yyyy-mm-dd: 2024:06:08
      time-hh-mm-ss: 08:41:08
      epoch-secs: 1717836068
      hostname: faa973de0f2c
      sysname: Linux
      nodename: faa973de0f2c
      release: 6.8.0-1008-aws
      version: '#8-Ubuntu SMP Sat Apr 20 00:46:25 UTC 2024'
      machine: x86_64
      compiler: 'musl-gcc 13.2.1'
      uptime: 192
      totalram: 2003509248
      freeram: 87199744
      sharedram: 40714240
      bufferram: 87285760
      totalswap: 0
      freeswap: 0
      pagesize: 4096
      cpus: 2
      cpus-online: 2
      ticks-per-second: 100

metrics:
    - stressor: cpu
      bogo-ops: 9041
      bogo-ops-per-second-usr-sys-time: 903.810600
      bogo-ops-per-second-real-time: 903.694207
      wall-clock-time: 10.004490
      user-time: 9.997032
      system-time: 0.006170
      cpu-usage-per-instance: 99.987122
      max-rss: 3792

...
