---
system-info:
      stress-ng-version: 0.17.08
      run-by: root
      date-yyyy-mm-dd: 2024:06:16
      time-hh-mm-ss: 08:23:51
      epoch-secs: 1718526231
      hostname: 976988ad6eac
      sysname: Linux
      nodename: 976988ad6eac
      release: 6.8.0-1008-aws
      version: '#8-Ubuntu SMP Sat Apr 20 00:46:25 UTC 2024'
      machine: x86_64
      compiler: 'musl-gcc 13.2.1'
      uptime: 119
      totalram: 405360508928
      freeram: 399771684864
      sharedram: 55070720
      bufferram: 109584384
      totalswap: 0
      freeswap: 0
      pagesize: 4096
      cpus: 48
      cpus-online: 48
      ticks-per-second: 100

metrics:
    - stressor: cpu
      bogo-ops: 1057825
      bogo-ops-per-second-usr-sys-time: 1102.354153
      bogo-ops-per-second-real-time: 52891.066626
      wall-clock-time: 20.000069
      user-time: 959.587414
      system-time: 0.017988
      cpu-usage-per-instance: 99.958549
      max-rss: 1152

...
