---
system-info:
      stress-ng-version: 0.17.08
      run-by: root
      date-yyyy-mm-dd: 2024:06:10
      time-hh-mm-ss: 05:55:18
      epoch-secs: 1717998918
      hostname: 49cd3c791069
      sysname: Linux
      nodename: 49cd3c791069
      release: 6.8.0-1008-aws
      version: '#8-Ubuntu SMP Sat Apr 20 00:46:25 UTC 2024'
      machine: x86_64
      compiler: 'musl-gcc 13.2.1'
      uptime: 115
      totalram: 405360504832
      freeram: 399589294080
      sharedram: 55070720
      bufferram: 115642368
      totalswap: 0
      freeswap: 0
      pagesize: 4096
      cpus: 48
      cpus-online: 48
      ticks-per-second: 100

metrics:
    - stressor: cpu
      bogo-ops: 630863
      bogo-ops-per-second-usr-sys-time: 1315.094077
      bogo-ops-per-second-real-time: 63079.504637
      wall-clock-time: 10.001077
      user-time: 479.653432
      system-time: 0.055975
      cpu-usage-per-instance: 99.928695
      max-rss: 3840

...
