BaselineInfo:
  WebDBID: -1
  TimeStamp: 20241108060042
Version:
  Major: 11
  Minor: 0
  Build: 1002
  SpecialBuildName: ""
  ptArchitecture: x86_64_linux
Results:
  Results Complete: true
  NumTestProcesses: 16
  CPU_INTEGER_MATH: 67083.213999999993
  CPU_FLOATINGPOINT_MATH: 34293.194568199076
  CPU_PRIME: 131.80842506048373
  CPU_SORTING: 34593.385517593269
  CPU_ENCRYPTION: 14558.891496206899
  CPU_COMPRESSION: 245558.8588324849
  CPU_SINGLETHREAD: 2365.0300748533646
  CPU_PHYSICS: 2303.8257942395458
  CPU_MATRIX_MULT_SSE: 14042.034958124028
  CPU_mm: 1445.3801046254655
  CPU_sse: 6304.8464605740064
  CPU_fma: 17481.243175722771
  CPU_avx: 12908.871832909072
  CPU_avx512: 19473.178363290266
  m_CPU_enc_SHA: 14699787365.716146
  m_CPU_enc_AES: 22118762848.535278
  m_CPU_enc_ECDSA: 8979762414.328516
  ME_ALLOC_S: 7742.7285624098604
  ME_READ_S: 24319.259960937499
  ME_READ_L: 11615.9326171875
  ME_WRITE: 10433.775390625
  ME_LARGE: 21244.166666666668
  ME_LATENCY: 61.18759145924588
  ME_THREADED: 89491.587890625
  SUMM_CPU: 21033.651486349911
  SUMM_ME: 2431.2428251832239
SystemInformation:
  OSName: Ubuntu 24.04.1 LTS
  Kernel: 6.8.0-1016-aws
  Device: ""
  Processor: Intel Xeon Platinum 8375C CPU @ 2.90GHz
  NumSockets: 1
  Manufacturer: GenuineIntel
  NumCores: 8
  NumLogicals: 16
  CPUFrequency: 0
  Memory: 31554
  MemModuleInfo:
    iNumMemSticks: 1
    DIMM 1:
      manufacturer: Not Specified
      modulePartNo: Not Specified
      memType: DDR4
      size: 32
      clkspeed: 1600
      moduleVoltage: 0
Checksum: BD53FC51B55284404A940C49087D49C36624143C