BaselineInfo:
  WebDBID: -1
  TimeStamp: 20241107113324
Version:
  Major: 11
  Minor: 0
  Build: 1002
  SpecialBuildName: ""
  ptArchitecture: x86_64_linux
Results:
  Results Complete: true
  NumTestProcesses: 2
  CPU_INTEGER_MATH: 8367.1606666666667
  CPU_FLOATINGPOINT_MATH: 4279.6746502435108
  CPU_PRIME: 18.476918707855909
  CPU_SORTING: 4343.6975259872543
  CPU_ENCRYPTION: 1817.3500580690134
  CPU_COMPRESSION: 32352.221614205337
  CPU_SINGLETHREAD: 2374.4652528585298
  CPU_PHYSICS: 362.07851722850262
  CPU_MATRIX_MULT_SSE: 1721.4435938174497
  CPU_mm: 180.58709998692061
  CPU_sse: 793.97179799589628
  CPU_fma: 2181.6119552931932
  CPU_avx: 1612.2944655192587
  CPU_avx512: 2297.896156461451
  m_CPU_enc_SHA: 1832885301.994283
  m_CPU_enc_AES: 2752805009.4531679
  m_CPU_enc_ECDSA: 1131198652.0218709
  ME_ALLOC_S: 1041.4898696688467
  ME_READ_S: 23876.879687500001
  ME_READ_L: 11846.419921875
  ME_WRITE: 10801.6630859375
  ME_LARGE: 6052.916666666667
  ME_LATENCY: 52.471123563610796
  ME_THREADED: 15646.69970703125
  SUMM_CPU: 2999.3299615677251
  SUMM_ME: 1889.4801268818164
SystemInformation:
  OSName: Ubuntu 24.04.1 LTS
  Kernel: 6.8.0-1017-azure
  Device: ""
  Processor: Intel Xeon Platinum 8370C CPU @ 2.80GHz
  NumSockets: 1
  Manufacturer: GenuineIntel
  NumCores: 1
  NumLogicals: 2
  CPUFrequency: 2800
  Memory: 15989
  MemModuleInfo:
    iNumMemSticks: 2
    DIMM 1:
      manufacturer: Microsoft Corporation
      modulePartNo: None
      memType: Unknown
      size: 1
      clkspeed: 0
      moduleVoltage: 0
    DIMM 2:
      manufacturer: Microsoft Corporation
      modulePartNo: None
      memType: Unknown
      size: 15
      clkspeed: 0
      moduleVoltage: 0
Checksum: 10656DA2946159D84DC034D04460108910373F4C