---
system-info:
      stress-ng-version: 0.17.08
      run-by: root
      date-yyyy-mm-dd: 2024:06:14
      time-hh-mm-ss: 05:55:49
      epoch-secs: 1718344549
      hostname: 4d415bae25a8
      sysname: Linux
      nodename: 4d415bae25a8
      release: 6.8.0-1008-aws
      version: '#8-Ubuntu SMP Sat Apr 20 00:46:25 UTC 2024'
      machine: x86_64
      compiler: 'musl-gcc 13.2.1'
      uptime: 140
      totalram: 266119442432
      freeram: 260691271680
      sharedram: 117661696
      bufferram: 108240896
      totalswap: 0
      freeswap: 0
      pagesize: 4096
      cpus: 128
      cpus-online: 128
      ticks-per-second: 100

metrics:
    - stressor: cpu
      bogo-ops: 2470146
      bogo-ops-per-second-usr-sys-time: 965.280454
      bogo-ops-per-second-real-time: 123506.829848
      wall-clock-time: 20.000076
      user-time: 2558.954106
      system-time: 0.038973
      cpu-usage-per-instance: 99.960287
      max-rss: 0

...
