---
system-info:
      stress-ng-version: 0.17.08
      run-by: root
      date-yyyy-mm-dd: 2024:06:06
      time-hh-mm-ss: 10:42:33
      epoch-secs: 1717670553
      hostname: 9b38450e2c47
      sysname: Linux
      nodename: 9b38450e2c47
      release: 6.8.0-1008-aws
      version: '#8-Ubuntu SMP Sat Apr 20 00:46:25 UTC 2024'
      machine: x86_64
      compiler: 'musl-gcc 13.2.1'
      uptime: 129
      totalram: 266119458816
      freeram: 260660293632
      sharedram: 117661696
      bufferram: 82460672
      totalswap: 0
      freeswap: 0
      pagesize: 4096
      cpus: 128
      cpus-online: 128
      ticks-per-second: 100

metrics:
    - stressor: cpu
      bogo-ops: 1538044
      bogo-ops-per-second-usr-sys-time: 1202.434503
      bogo-ops-per-second-real-time: 153776.226635
      wall-clock-time: 10.001832
      user-time: 1278.969414
      system-time: 0.138925
      cpu-usage-per-instance: 99.912034
      max-rss: 3072

...
