---
system-info:
      stress-ng-version: 0.17.08
      run-by: root
      date-yyyy-mm-dd: 2024:06:10
      time-hh-mm-ss: 04:57:20
      epoch-secs: 1717995440
      hostname: 0af65bca2d92
      sysname: Linux
      nodename: 0af65bca2d92
      release: 6.8.0-1008-aws
      version: '#8-Ubuntu SMP Sat Apr 20 00:46:25 UTC 2024'
      machine: x86_64
      compiler: 'musl-gcc 13.2.1'
      uptime: 212
      totalram: 439291904
      freeram: 12484608
      sharedram: 11620352
      bufferram: 1200128
      totalswap: 0
      freeswap: 0
      pagesize: 4096
      cpus: 2
      cpus-online: 2
      ticks-per-second: 100

metrics:
    - stressor: cpu
      bogo-ops: 15639
      bogo-ops-per-second-usr-sys-time: 795.400460
      bogo-ops-per-second-real-time: 1563.361063
      wall-clock-time: 10.003447
      user-time: 19.642103
      system-time: 0.019691
      cpu-usage-per-instance: 98.275092
      max-rss: 3792

...
