---
system-info:
      stress-ng-version: 0.17.08
      run-by: root
      date-yyyy-mm-dd: 2024:08:15
      time-hh-mm-ss: 15:15:18
      epoch-secs: 1723734918
      hostname: ip-172-31-62-75
      sysname: Linux
      nodename: ip-172-31-62-75
      release: 6.8.0-1013-aws
      version: '#14-Ubuntu SMP Thu Jul 25 21:19:24 UTC 2024'
      machine: x86_64
      compiler: 'musl-gcc 13.2.1'
      uptime: 461
      totalram: 439271424
      freeram: 7335936
      sharedram: 11624448
      bufferram: 438272
      totalswap: 0
      freeswap: 0
      pagesize: 4096
      cpus: 2
      cpus-online: 2
      ticks-per-second: 100

metrics:
    - stressor: cpu
      bogo-ops: 11591
      bogo-ops-per-second-usr-sys-time: 295.538963
      bogo-ops-per-second-real-time: 579.338251
      wall-clock-time: 20.007310
      user-time: 39.194974
      system-time: 0.024897
      cpu-usage-per-instance: 98.013853
      max-rss: 976

...
