---
system-info:
      stress-ng-version: 0.17.08
      run-by: root
      date-yyyy-mm-dd: 2024:06:16
      time-hh-mm-ss: 07:22:09
      epoch-secs: 1718522529
      hostname: 6a3f660aa3a6
      sysname: Linux
      nodename: 6a3f660aa3a6
      release: 6.8.0-1008-aws
      version: '#8-Ubuntu SMP Sat Apr 20 00:46:25 UTC 2024'
      machine: x86_64
      compiler: 'musl-gcc 13.2.1'
      uptime: 202
      totalram: 439291904
      freeram: 12496896
      sharedram: 11620352
      bufferram: 1417216
      totalswap: 0
      freeswap: 0
      pagesize: 4096
      cpus: 2
      cpus-online: 2
      ticks-per-second: 100

metrics:
    - stressor: cpu
      bogo-ops: 11301
      bogo-ops-per-second-usr-sys-time: 287.790538
      bogo-ops-per-second-real-time: 565.043355
      wall-clock-time: 20.000235
      user-time: 39.249393
      system-time: 0.018750
      cpu-usage-per-instance: 98.169203
      max-rss: 976

...
