---
system-info:
      stress-ng-version: 0.17.08
      run-by: root
      date-yyyy-mm-dd: 2024:06:12
      time-hh-mm-ss: 19:17:57
      epoch-secs: 1718219877
      hostname: 3eb1c2dd6459
      sysname: Linux
      nodename: 3eb1c2dd6459
      release: 6.8.0-1008-aws
      version: '#8-Ubuntu SMP Sat Apr 20 00:46:25 UTC 2024'
      machine: x86_64
      compiler: 'musl-gcc 13.2.1'
      uptime: 156
      totalram: 16553754624
      freeram: 12189278208
      sharedram: 20029440
      bufferram: 112918528
      totalswap: 0
      freeswap: 0
      pagesize: 4096
      cpus: 8
      cpus-online: 8
      ticks-per-second: 100

metrics:
    - stressor: cpu
      bogo-ops: 15349
      bogo-ops-per-second-usr-sys-time: 767.426325
      bogo-ops-per-second-real-time: 767.447731
      wall-clock-time: 20.000059
      user-time: 19.999618
      system-time: 0.000999
      cpu-usage-per-instance: 100.002789
      max-rss: 1104

...
