---
system-info:
      stress-ng-version: 0.17.08
      run-by: root
      date-yyyy-mm-dd: 2024:06:12
      time-hh-mm-ss: 16:26:49
      epoch-secs: 1718209609
      hostname: 3b929fcab40e
      sysname: Linux
      nodename: 3b929fcab40e
      release: 6.8.0-1008-aws
      version: '#8-Ubuntu SMP Sat Apr 20 00:46:25 UTC 2024'
      machine: x86_64
      compiler: 'musl-gcc 13.2.1'
      uptime: 211
      totalram: 16553762816
      freeram: 12205191168
      sharedram: 20029440
      bufferram: 112992256
      totalswap: 0
      freeswap: 0
      pagesize: 4096
      cpus: 8
      cpus-online: 8
      ticks-per-second: 100

metrics:
    - stressor: cpu
      bogo-ops: 31509
      bogo-ops-per-second-usr-sys-time: 1575.453781
      bogo-ops-per-second-real-time: 1575.445474
      wall-clock-time: 20.000057
      user-time: 19.999952
      system-time: 0.000000
      cpu-usage-per-instance: 99.999473
      max-rss: 1104

...
