---
system-info:
      stress-ng-version: 0.17.08
      run-by: root
      date-yyyy-mm-dd: 2024:06:05
      time-hh-mm-ss: 16:35:38
      epoch-secs: 1717605338
      hostname: 71b8d597f011
      sysname: Linux
      nodename: 71b8d597f011
      release: 6.8.0-1008-aws
      version: '#8-Ubuntu SMP Sat Apr 20 00:46:25 UTC 2024'
      machine: x86_64
      compiler: 'musl-gcc 13.2.1'
      uptime: 120
      totalram: 16553762816
      freeram: 12475871232
      sharedram: 20029440
      bufferram: 78376960
      totalswap: 0
      freeswap: 0
      pagesize: 4096
      cpus: 8
      cpus-online: 8
      ticks-per-second: 100

metrics:
    - stressor: cpu
      bogo-ops: 13975
      bogo-ops-per-second-usr-sys-time: 1397.462129
      bogo-ops-per-second-real-time: 1397.427468
      wall-clock-time: 10.000519
      user-time: 9.998272
      system-time: 0.001999
      cpu-usage-per-instance: 99.997520
      max-rss: 3920

...
