BaselineInfo:
  WebDBID: -1
  TimeStamp: 20260714183924
Version:
  Major: 11
  Minor: 0
  Build: 1004
  SpecialBuildName: ""
  ptArchitecture: x86_64_linux
Results:
  Results Complete: true
  NumTestProcesses: 16
  CPU_INTEGER_MATH: 107780.41399999999
  CPU_FLOATINGPOINT_MATH: 93819.155131812542
  CPU_PRIME: 334.60672868202101
  CPU_SORTING: 66803.591379188001
  CPU_ENCRYPTION: 23038.389034996162
  CPU_COMPRESSION: 461053.32269043452
  CPU_SINGLETHREAD: 3200.0595725796893
  CPU_PHYSICS: 5625.4454333051572
  CPU_MATRIX_MULT_SSE: 42888.697287922929
  CPU_mm: 4536.146049444038
  CPU_sse: 19910.2477909837
  CPU_fma: 57916.738749149685
  CPU_avx: 50403.450649953607
  CPU_avx512: 43324.351961604771
  m_CPU_enc_SHA: 32262654656.825848
  m_CPU_enc_AES: 20458878675.650879
  m_CPU_enc_ECDSA: 19750972129.803688
  ME_ALLOC_S: 8653.5856498494431
  ME_READ_S: 30457.569140625001
  ME_READ_L: 27699.572265625
  ME_WRITE: 27580.72265625
  ME_LARGE: 23461.25
  ME_LATENCY: 68.339076802293405
  ME_THREADED: 313534.0302734375
  SUMM_CPU: 40605.617206673305
  SUMM_ME: 2992.8335076558938
SystemInformation:
  OSName: Ubuntu 24.04.4 LTS
  Kernel: 6.8.0-134-generic
  Device: ""
  Processor: AMD EPYC-Genoa Processor
  NumSockets: 1
  Manufacturer: AuthenticAMD
  NumCores: 8
  NumLogicals: 16
  CPUFrequency: 0
  CPUMaxFrequency: 0
  Memory: 32085
  CPUInfo:
    number: 1
    Family: 15
    Model: 1
    stepping: 0
    features: 395049983
    manufacture: AuthenticAMD
    typestring: AMD EPYC-Genoa Processor
    iCoresPerPackage: 8
    iThreadsPerPackage: 2
    featuresEx:
      - 395049983
      - 4277809667
      - 802421759
    bHybrid: false
    nPCore: 0
    nLogicalsPerPCore: 0
    nECore: 0
    nLogicalsPerECore: 0
  MemModuleInfo:
    iNumMemSticks: 2
    DIMM 1:
      manufacturer: QEMU
      modulePartNo: Not Specified
      memType: RAM
      size: 16
      clkspeed: 0
      moduleVoltage: 0
    DIMM 2:
      manufacturer: QEMU
      modulePartNo: Not Specified
      memType: RAM
      size: 16
      clkspeed: 0
      moduleVoltage: 0
Checksum: DC37EA9A892FEB02EFF5A8523B515B5261E807D0