BaselineInfo:
  WebDBID: -1
  TimeStamp: 20260612205325
Version:
  Major: 11
  Minor: 0
  Build: 1004
  SpecialBuildName: ""
  ptArchitecture: x86_64_linux
Results:
  Results Complete: true
  NumTestProcesses: 16
  CPU_INTEGER_MATH: 107939.43033333334
  CPU_FLOATINGPOINT_MATH: 94652.042657578961
  CPU_PRIME: 340.58999500000459
  CPU_SORTING: 67914.65096357635
  CPU_ENCRYPTION: 23050.361140963589
  CPU_COMPRESSION: 465677.23081956152
  CPU_SINGLETHREAD: 3199.0811649548309
  CPU_PHYSICS: 5678.2390634860058
  CPU_MATRIX_MULT_SSE: 43512.657732569845
  CPU_mm: 4628.1779900288775
  CPU_sse: 20136.387211754449
  CPU_fma: 59396.723077741663
  CPU_avx: 50731.65802804027
  CPU_avx512: 43785.862612743003
  m_CPU_enc_SHA: 32283417012.148006
  m_CPU_enc_AES: 20461648849.999607
  m_CPU_enc_ECDSA: 19765100589.093498
  ME_ALLOC_S: 8751.862822296458
  ME_READ_S: 30808.222460937501
  ME_READ_L: 28286.87890625
  ME_WRITE: 27815.849609375
  ME_LARGE: 23786.5
  ME_LATENCY: 67.652086924849485
  ME_THREADED: 323766.40234375
  SUMM_CPU: 40873.242976702968
  SUMM_ME: 3027.87530701778
SystemInformation:
  OSName: Ubuntu 24.04.4 LTS
  Kernel: 6.8.0-124-generic
  Device: ""
  Processor: AMD EPYC-Genoa Processor
  NumSockets: 1
  Manufacturer: AuthenticAMD
  NumCores: 8
  NumLogicals: 16
  CPUFrequency: 0
  CPUMaxFrequency: 0
  Memory: 32085
  CPUInfo:
    number: 1
    Family: 15
    Model: 1
    stepping: 0
    features: 395049983
    manufacture: AuthenticAMD
    typestring: AMD EPYC-Genoa Processor
    iCoresPerPackage: 8
    iThreadsPerPackage: 2
    featuresEx:
      - 395049983
      - 4277809667
      - 802421759
    bHybrid: false
    nPCore: 0
    nLogicalsPerPCore: 0
    nECore: 0
    nLogicalsPerECore: 0
  MemModuleInfo:
    iNumMemSticks: 2
    DIMM 1:
      manufacturer: QEMU
      modulePartNo: Not Specified
      memType: RAM
      size: 16
      clkspeed: 0
      moduleVoltage: 0
    DIMM 2:
      manufacturer: QEMU
      modulePartNo: Not Specified
      memType: RAM
      size: 16
      clkspeed: 0
      moduleVoltage: 0
Checksum: 317AC2A41D2B5F8DC2A9F9E719931D54B36620BD