BaselineInfo:
  WebDBID: -1
  TimeStamp: 20250228152057
Version:
  Major: 11
  Minor: 0
  Build: 1002
  SpecialBuildName: ""
  ptArchitecture: x86_64_linux
Results:
  Results Complete: true
  NumTestProcesses: 12
  CPU_INTEGER_MATH: 57472.630333333334
  CPU_FLOATINGPOINT_MATH: 41861.208530915312
  CPU_PRIME: 196.59867309441512
  CPU_SORTING: 34377.835118324787
  CPU_ENCRYPTION: 13990.37931888401
  CPU_COMPRESSION: 254419.96886934619
  CPU_SINGLETHREAD: 2181.8926897304923
  CPU_PHYSICS: 3261.0155987594317
  CPU_MATRIX_MULT_SSE: 21911.831240883126
  CPU_mm: 2459.6627661132243
  CPU_sse: 9716.5354106511859
  CPU_fma: 32008.102059275032
  CPU_avx: 24010.856252723152
  CPU_avx512: 0
  m_CPU_enc_SHA: 19729271639.56609
  m_CPU_enc_AES: 12735834597.215225
  m_CPU_enc_ECDSA: 11544821717.253046
  ME_ALLOC_S: 7680.5617863478928
  ME_READ_S: 25311.512304687501
  ME_READ_L: 9400.27734375
  ME_WRITE: 10076.7041015625
  ME_LARGE: 12686.25
  ME_LATENCY: 66.013178442835155
  ME_THREADED: 67381.02294921875
  SUMM_CPU: 22472.201424643081
  SUMM_ME: 2194.7106471325465
SystemInformation:
  OSName: Ubuntu 24.04.1 LTS
  Kernel: 6.8.0-31-generic
  Device: ""
  Processor: AMD EPYC 7542 32-Core Processor
  NumSockets: 1
  Manufacturer: AuthenticAMD
  NumCores: 12
  NumLogicals: 12
  CPUFrequency: 0
  Memory: 23986
  MemModuleInfo:
    iNumMemSticks: 2
    DIMM 1:
      manufacturer: QEMU
      modulePartNo: Not Specified
      memType: RAM
      size: 16
      clkspeed: 0
      moduleVoltage: 0
    DIMM 2:
      manufacturer: QEMU
      modulePartNo: Not Specified
      memType: RAM
      size: 8
      clkspeed: 0
      moduleVoltage: 0
Checksum: D308240F9C8A6EA8BE47750B580DF336A8EBFA7C