BaselineInfo:
  WebDBID: -1
  TimeStamp: 20250417202144
Version:
  Major: 11
  Minor: 0
  Build: 1002
  SpecialBuildName: ""
  ptArchitecture: x86_64_linux
Results:
  Results Complete: true
  NumTestProcesses: 16
  CPU_INTEGER_MATH: 75305.88966666667
  CPU_FLOATINGPOINT_MATH: 53423.884053168098
  CPU_PRIME: 157.78562651394788
  CPU_SORTING: 37587.143451802302
  CPU_ENCRYPTION: 16735.589907581576
  CPU_COMPRESSION: 273766.35033368471
  CPU_SINGLETHREAD: 2913.160036792347
  CPU_PHYSICS: 3715.6623961420332
  CPU_MATRIX_MULT_SSE: 23023.901754840597
  CPU_mm: 2154.1652291330247
  CPU_sse: 9318.6961643723625
  CPU_fma: 26019.758534655404
  CPU_avx: 19423.054645029246
  CPU_avx512: 37334.097675305362
  m_CPU_enc_SHA: 17570760877.609074
  m_CPU_enc_AES: 22827400112.557339
  m_CPU_enc_ECDSA: 12247452778.630371
  ME_ALLOC_S: 9198.7393719932006
  ME_READ_S: 26716.19921875
  ME_READ_L: 10177.267578125
  ME_WRITE: 9057.5068359375
  ME_LARGE: 119391
  ME_LATENCY: 73.056499654223046
  ME_THREADED: 114599.8271484375
  SUMM_CPU: 26412.488829247985
  SUMM_ME: 2269.4805127397653
SystemInformation:
  OSName: Ubuntu 24.04.2 LTS
  Kernel: 6.8.0-1021-azure
  Device: ""
  Processor: INTEL XEON PLATINUM 8573C
  NumSockets: 1
  Manufacturer: GenuineIntel
  NumCores: 8
  NumLogicals: 16
  CPUFrequency: 2300
  Memory: 128808
  MemModuleInfo:
    iNumMemSticks: 3
    DIMM 1:
      manufacturer: Microsoft Corporation
      modulePartNo: None
      memType: Unknown
      size: 1
      clkspeed: 0
      moduleVoltage: 0
    DIMM 2:
      manufacturer: Microsoft Corporation
      modulePartNo: None
      memType: Unknown
      size: 59
      clkspeed: 0
      moduleVoltage: 0
    DIMM 3:
      manufacturer: Microsoft Corporation
      modulePartNo: None
      memType: Unknown
      size: 68
      clkspeed: 0
      moduleVoltage: 0
Checksum: 7E91EF196D6C4D90E276BBAABFC3D231B29E2B7C