"size","threads","connections","rps","latency","failed","server_usr","server_sys","client_usr","client_sys"
"1k",192,192,4397024,0.000775450,0,1455.86,170.83,99.33,185.51
"1k",192,384,4031663,0.000448040,0,1140.25,252.56,65.03,289.43
"1k",192,768,3905490,0.000617340,0,1057.08,283.08,59.81,314.97
"1k",192,1536,3568238,0.000824840,0,1096.93,265.08,54.35,299.83
"1k",192,3072,3379774,0.001260000,0,1133.03,260.95,51.76,285.13
"1k",192,6144,3467156,0.002140000,0,1074.61,265.61,57.48,327.64
"1k",384,384,3506388,0.000425800,0,1543.30,158.24,45.57,175.37
"1k",384,768,3393859,0.000412670,0,1237.97,254.64,69.44,336.02
"1k",384,1536,3400288,0.000717200,0,1080.62,290.82,59.06,362.80
"1k",384,3072,3461690,0.001220000,0,1044.22,305.47,57.10,377.85
"1k",384,6144,3460222,0.002190000,0,1064.57,304.74,64.16,371.41
"1k",768,768,3587713,0.000505230,0,1470.80,173.43,49.51,199.48
"1k",768,1536,3579630,0.000990000,0,1132.56,238.81,54.48,289.51
"1k",768,3072,3642399,0.001370000,0,1030.19,302.30,67.86,422.13
"1k",768,6144,3750460,0.002390000,0,1080.98,275.27,67.50,391.92
"16k",192,192,4187440,0.001400000,0,1362.45,200.13,84.03,249.81
"16k",192,384,4198990,0.000293270,0,972.45,273.34,75.95,350.33
"16k",192,768,3926723,0.000454170,0,986.87,315.71,64.95,350.75
"16k",192,1536,3985447,0.000751830,0,935.08,325.57,66.98,391.23
"16k",192,3072,4133466,0.001170000,0,963.07,333.57,63.06,387.67
"16k",192,6144,4054766,0.001940000,0,919.60,335.59,72.51,406.20
"16k",384,384,4311084,0.001600000,0,1397.79,204.12,69.85,254.99
"16k",384,768,4086574,0.000489890,0,968.23,308.48,83.47,403.91
"16k",384,1536,4020436,0.000811560,0,957.40,308.47,72.12,375.73
"16k",384,3072,4118340,0.001240000,0,897.64,316.74,81.91,424.28
"16k",384,6144,4041663,0.001900000,0,897.54,334.41,84.11,419.65
"16k",768,768,4277006,0.001880000,0,1327.77,218.76,73.31,293.80
"16k",768,1536,4130249,0.000765810,0,938.96,333.76,77.95,462.13
"16k",768,3072,4133549,0.001250000,0,928.60,317.56,75.59,422.93
"16k",768,6144,4104687,0.002000000,0,906.77,315.22,85.16,433.95
"64k",192,192,3793519,0.000150660,0,973.77,368.28,97.32,442.76
"64k",192,384,3652192,0.000153300,0,753.45,398.26,82.72,496.76
"64k",192,768,3574463,0.000278160,0,712.65,415.90,82.45,518.58
"64k",192,1536,3506721,0.000544220,0,689.32,427.57,77.70,522.03
"64k",192,3072,3377391,0.001000000,0,640.04,474.73,78.13,544.88
"64k",192,6144,3176659,0.001900000,0,504.21,547.68,72.72,629.10
"64k",384,384,3815681,0.000211020,0,1046.24,348.43,90.50,437.03
"64k",384,768,3575488,0.000296300,0,792.25,420.78,89.52,509.24
"64k",384,1536,3518326,0.000545520,0,697.03,426.72,86.43,542.65
"64k",384,3072,3422490,0.001000000,0,637.30,452.14,87.83,562.85
"64k",384,6144,3220585,0.001940000,0,501.81,528.34,86.80,629.91
"64k",768,768,3813489,0.000325280,0,975.11,377.59,93.61,467.45
"64k",768,1536,3590217,0.000543210,0,796.17,431.50,92.13,532.96
"64k",768,3072,3389845,0.001030000,0,653.22,448.59,86.73,567.17
"64k",768,6144,3198774,0.002020000,0,525.55,517.84,87.02,621.20
"256k",192,192,1752157,0.000221390,0,146.29,806.92,87.74,811.02
"256k",192,384,1595881,0.000265040,0,165.17,794.70,76.57,697.27
"256k",192,768,1335586,0.000551620,0,187.19,875.22,65.34,684.76
"256k",192,1536,1148204,0.001240000,0,207.41,830.99,56.28,726.93
"256k",192,3072,993921,0.002610000,0,267.32,633.80,47.98,935.57
"256k",384,384,1735934,0.000231310,0,153.58,873.69,93.57,823.42
"256k",384,768,1471036,0.000530680,0,157.44,896.14,83.57,766.19
"256k",384,1536,1320631,0.001200000,0,185.21,874.36,77.31,757.24
"256k",384,3072,1129135,0.002700000,0,266.69,732.51,69.31,803.16
"256k",768,768,1643499,0.000478780,0,148.78,932.86,99.78,784.08
"256k",768,1536,1438654,0.001100000,0,181.83,878.05,95.39,798.51
"256k",768,3072,1316967,0.002360000,0,280.35,767.40,99.26,804.18
"512k",192,192,810122,0.000237970,0,163.74,658.22,69.26,1048.75
"512k",192,384,571738,0.000674510,0,281.22,956.79,54.79,561.60
"512k",192,768,489404,0.001490000,0,245.09,1002.33,47.25,575.72
"512k",192,1536,428009,0.003160000,0,183.34,922.77,36.64,722.57
"512k",192,3072,398707,0.006250000,0,197.50,857.41,32.94,843.54
"512k",384,384,728771,0.000528500,0,454.23,707.15,75.15,709.42
"512k",384,768,585021,0.001310000,0,312.99,974.66,69.65,587.35
"512k",384,1536,520308,0.002920000,0,177.99,1130.20,62.62,575.83
"512k",384,3072,479835,0.006320000,0,178.30,1071.10,54.76,642.17
"512k",768,768,673577,0.001150000,0,173.67,1133.78,85.80,584.89
"512k",768,1536,579175,0.002680000,0,175.81,1177.07,77.80,558.30
"512k",768,3072,556179,0.005540000,0,173.20,1171.26,73.70,561.66
