BaselineInfo:
  WebDBID: -1
  TimeStamp: 20241114214733
Version:
  Major: 11
  Minor: 0
  Build: 1002
  SpecialBuildName: ""
  ptArchitecture: x86_64_linux
Results:
  Results Complete: true
  NumTestProcesses: 1
  CPU_INTEGER_MATH: 5209.3646666666673
  CPU_FLOATINGPOINT_MATH: 4221.9483372560126
  CPU_PRIME: 16.533055009491871
  CPU_SORTING: 3074.3851592782512
  CPU_ENCRYPTION: 1153.7271413280705
  CPU_COMPRESSION: 21653.999955204905
  CPU_SINGLETHREAD: 2214.3499875871075
  CPU_PHYSICS: 282.75474382026624
  CPU_MATRIX_MULT_SSE: 1656.4332560731646
  CPU_mm: 239.67939286761595
  CPU_sse: 776.38452510364573
  CPU_fma: 2183.7055434965869
  CPU_avx: 1659.1524477301896
  CPU_avx512: 2006.490507962237
  m_CPU_enc_SHA: 1355648799.3181798
  m_CPU_enc_AES: 1401538967.4490654
  m_CPU_enc_ECDSA: 872124006.06842303
  ME_ALLOC_S: 991.372793049812
  ME_READ_S: 24054.968945312499
  ME_READ_L: 11512.14453125
  ME_WRITE: 10769.2998046875
  ME_LARGE: 680
  ME_LATENCY: 60.283198460145705
  ME_THREADED: 11363.916015625
  SUMM_CPU: 2253.3040574068418
  SUMM_ME: 995.37889862789632
SystemInformation:
  OSName: Ubuntu 24.04.1 LTS
  Kernel: 6.8.0-1017-azure
  Device: ""
  Processor: Intel Xeon Platinum 8370C CPU @ 2.80GHz
  NumSockets: 1
  Manufacturer: GenuineIntel
  NumCores: 1
  NumLogicals: 1
  CPUFrequency: 2800
  Memory: 7937
  MemModuleInfo:
    iNumMemSticks: 3
    DIMM 1:
      manufacturer: Microsoft Corporation
      modulePartNo: None
      memType: Unknown
      size: 1
      clkspeed: 0
      moduleVoltage: 0
    DIMM 2:
      manufacturer: Microsoft Corporation
      modulePartNo: None
      memType: Unknown
      size: 7
      clkspeed: 0
      moduleVoltage: 0
    DIMM 3:
      manufacturer: Microsoft Corporation
      modulePartNo: None
      memType: Unknown
      size: 4
      clkspeed: 0
      moduleVoltage: 0
Checksum: 9555B54EF9EC39BF2369B47CF85C184A285AA7FB