BaselineInfo:
  WebDBID: -1
  TimeStamp: 20241115142725
Version:
  Major: 11
  Minor: 0
  Build: 1002
  SpecialBuildName: ""
  ptArchitecture: x86_64_linux
Results:
  Results Complete: true
  NumTestProcesses: 1
  CPU_INTEGER_MATH: 5211.3289999999997
  CPU_FLOATINGPOINT_MATH: 4291.9519699563361
  CPU_PRIME: 16.79921676709046
  CPU_SORTING: 3070.644549654578
  CPU_ENCRYPTION: 1157.7115558359999
  CPU_COMPRESSION: 21673.163476923997
  CPU_SINGLETHREAD: 2228.2052582012971
  CPU_PHYSICS: 282.01775571139126
  CPU_MATRIX_MULT_SSE: 1687.2265139891829
  CPU_mm: 240.50954461102961
  CPU_sse: 778.77391003564856
  CPU_fma: 2178.8231190105516
  CPU_avx: 1659.7858154704211
  CPU_avx512: 2131.5232114401101
  m_CPU_enc_SHA: 1361243591.8982086
  m_CPU_enc_AES: 1403793308.0274849
  m_CPU_enc_ECDSA: 876808757.1911751
  ME_ALLOC_S: 999.6760066626299
  ME_READ_S: 24173.466992187499
  ME_READ_L: 11925.2255859375
  ME_WRITE: 10975.2607421875
  ME_LARGE: 670
  ME_LATENCY: 59.14417971438548
  ME_THREADED: 12100.5439453125
  SUMM_CPU: 2265.7151805530334
  SUMM_ME: 1001.9527113603611
SystemInformation:
  OSName: Ubuntu 24.04.1 LTS
  Kernel: 6.8.0-1017-azure
  Device: ""
  Processor: Intel Xeon Platinum 8370C CPU @ 2.80GHz
  NumSockets: 1
  Manufacturer: GenuineIntel
  NumCores: 1
  NumLogicals: 1
  CPUFrequency: 2800
  Memory: 7937
  MemModuleInfo:
    iNumMemSticks: 3
    DIMM 1:
      manufacturer: Microsoft Corporation
      modulePartNo: None
      memType: Unknown
      size: 1
      clkspeed: 0
      moduleVoltage: 0
    DIMM 2:
      manufacturer: Microsoft Corporation
      modulePartNo: None
      memType: Unknown
      size: 7
      clkspeed: 0
      moduleVoltage: 0
    DIMM 3:
      manufacturer: Microsoft Corporation
      modulePartNo: None
      memType: Unknown
      size: 4
      clkspeed: 0
      moduleVoltage: 0
Checksum: BBD921E8252497A0835F89EA6545980C33061558