BaselineInfo:
  WebDBID: -1
  TimeStamp: 20241107032644
Version:
  Major: 11
  Minor: 0
  Build: 1002
  SpecialBuildName: ""
  ptArchitecture: x86_64_linux
Results:
  Results Complete: true
  NumTestProcesses: 1
  CPU_INTEGER_MATH: 5204.2526666666672
  CPU_FLOATINGPOINT_MATH: 4289.1074140546343
  CPU_PRIME: 16.189000116982793
  CPU_SORTING: 3039.2232377562727
  CPU_ENCRYPTION: 1152.1994538867207
  CPU_COMPRESSION: 21600.730784934942
  CPU_SINGLETHREAD: 2225.7332944331301
  CPU_PHYSICS: 275.02789153226144
  CPU_MATRIX_MULT_SSE: 1663.1702628781586
  CPU_mm: 223.78168525931503
  CPU_sse: 778.4736356928712
  CPU_fma: 2185.5342245966367
  CPU_avx: 1652.5419170972216
  CPU_avx512: 2036.1312741259048
  m_CPU_enc_SHA: 1361886725.2718801
  m_CPU_enc_AES: 1394499823.9941609
  m_CPU_enc_ECDSA: 868119534.41012537
  ME_ALLOC_S: 994.28516369906868
  ME_READ_S: 23530.976953124999
  ME_READ_L: 10948.279296875
  ME_WRITE: 10306.2900390625
  ME_LARGE: 650
  ME_LATENCY: 61.322107749422209
  ME_THREADED: 11089.5888671875
  SUMM_CPU: 2250.5797875196922
  SUMM_ME: 962.08103613317246
SystemInformation:
  OSName: Ubuntu 24.04.1 LTS
  Kernel: 6.8.0-1017-azure
  Device: ""
  Processor: Intel Xeon Platinum 8370C CPU @ 2.80GHz
  NumSockets: 1
  Manufacturer: GenuineIntel
  NumCores: 1
  NumLogicals: 1
  CPUFrequency: 2800
  Memory: 7937
  MemModuleInfo:
    iNumMemSticks: 3
    DIMM 1:
      manufacturer: Microsoft Corporation
      modulePartNo: None
      memType: Unknown
      size: 1
      clkspeed: 0
      moduleVoltage: 0
    DIMM 2:
      manufacturer: Microsoft Corporation
      modulePartNo: None
      memType: Unknown
      size: 7
      clkspeed: 0
      moduleVoltage: 0
    DIMM 3:
      manufacturer: Microsoft Corporation
      modulePartNo: None
      memType: Unknown
      size: 4
      clkspeed: 0
      moduleVoltage: 0
Checksum: 864836465DBF325CCA87604359B3649A5CB2B27B