---
system-info:
      stress-ng-version: 0.17.08
      run-by: root
      date-yyyy-mm-dd: 2024:07:12
      time-hh-mm-ss: 13:55:27
      epoch-secs: 1720792527
      hostname: ip-172-31-35-214
      sysname: Linux
      nodename: ip-172-31-35-214
      release: 6.8.0-1010-aws
      version: '#10-Ubuntu SMP Thu Jun 13 17:36:15 UTC 2024'
      machine: x86_64
      compiler: 'musl-gcc 13.2.1'
      uptime: 250
      totalram: 257533632512
      freeram: 249365950464
      sharedram: 48820224
      bufferram: 131960832
      totalswap: 0
      freeswap: 0
      pagesize: 4096
      cpus: 32
      cpus-online: 32
      ticks-per-second: 100

metrics:
    - stressor: cpu
      bogo-ops: 323827
      bogo-ops-per-second-usr-sys-time: 506.495115
      bogo-ops-per-second-real-time: 16191.192488
      wall-clock-time: 20.000195
      user-time: 639.331742
      system-time: 0.016971
      cpu-usage-per-instance: 99.897265
      max-rss: 776

...
