BaselineInfo:
  WebDBID: -1
  TimeStamp: 20241109165337
Version:
  Major: 11
  Minor: 0
  Build: 1002
  SpecialBuildName: ""
  ptArchitecture: x86_64_linux
Results:
  Results Complete: true
  NumTestProcesses: 64
  CPU_INTEGER_MATH: 145667.64700000003
  CPU_FLOATINGPOINT_MATH: 93031.79792848324
  CPU_PRIME: 233.82586529781156
  CPU_SORTING: 92012.314583328232
  CPU_ENCRYPTION: 14206.459829520476
  CPU_COMPRESSION: 655930.68842756399
  CPU_SINGLETHREAD: 2147.9058445471273
  CPU_PHYSICS: 2739.1463137763503
  CPU_MATRIX_MULT_SSE: 32420.598303957417
  CPU_mm: 4461.0737396705399
  CPU_sse: 18346.259975495548
  CPU_fma: 44682.640037958598
  CPU_avx: 34232.894898418082
  CPU_avx512: 0
  m_CPU_enc_SHA: 6378177443.5517769
  m_CPU_enc_AES: 32509464862.643406
  m_CPU_enc_ECDSA: 5802016160.4025965
  ME_ALLOC_S: 17522.598620245073
  ME_READ_S: 22972.460742187501
  ME_READ_L: 7649.7470703125
  ME_WRITE: 6567.671875
  ME_LARGE: 422998.08333333331
  ME_LATENCY: 62.952307184231188
  ME_THREADED: 116164.72119140625
  SUMM_CPU: 36421.977851234333
  SUMM_ME: 2149.3997690177657
SystemInformation:
  OSName: Ubuntu 24.04.1 LTS
  Kernel: 6.8.0-1017-azure
  Device: ""
  Processor: Intel Xeon CPU E5-2673 v4 @ 2.30GHz
  NumSockets: 2
  Manufacturer: GenuineIntel
  NumCores: 32
  NumLogicals: 64
  CPUFrequency: 0
  Memory: 435316
  MemModuleInfo:
    iNumMemSticks: 4
    DIMM 1:
      manufacturer: Microsoft Corporation
      modulePartNo: None
      memType: Unknown
      size: 1
      clkspeed: 0
      moduleVoltage: 0
    DIMM 2:
      manufacturer: Microsoft Corporation
      modulePartNo: None
      memType: Unknown
      size: 60928
      clkspeed: 0
      moduleVoltage: 0
    DIMM 3:
      manufacturer: Microsoft Corporation
      modulePartNo: None
      memType: Unknown
      size: 159232
      clkspeed: 0
      moduleVoltage: 0
    DIMM 4:
      manufacturer: Microsoft Corporation
      modulePartNo: None
      memType: Unknown
      size: 216
      clkspeed: 0
      moduleVoltage: 0
Checksum: BA2A541B2087919B144CE8CA1CA0477E770B42D7