---
system-info:
      stress-ng-version: 0.17.08
      run-by: root
      date-yyyy-mm-dd: 2024:06:20
      time-hh-mm-ss: 09:15:07
      epoch-secs: 1718874907
      hostname: 8014ffe5cc5a
      sysname: Linux
      nodename: 8014ffe5cc5a
      release: 6.8.0-1008-gcp
      version: '#9-Ubuntu SMP Wed May 22 18:09:04 UTC 2024'
      machine: x86_64
      compiler: 'musl-gcc 13.2.1'
      uptime: 208
      totalram: 67421855744
      freeram: 59553406976
      sharedram: 41938944
      bufferram: 122171392
      totalswap: 0
      freeswap: 0
      pagesize: 4096
      cpus: 16
      cpus-online: 16
      ticks-per-second: 100

metrics:
    - stressor: cpu
      bogo-ops: 253184
      bogo-ops-per-second-usr-sys-time: 792.415923
      bogo-ops-per-second-real-time: 12659.091365
      wall-clock-time: 20.000172
      user-time: 319.484988
      system-time: 0.023988
      cpu-usage-per-instance: 99.845698
      max-rss: 1104

...
