BaselineInfo:
  WebDBID: -1
  TimeStamp: 20250101172338
Version:
  Major: 11
  Minor: 0
  Build: 1002
  SpecialBuildName: ""
  ptArchitecture: x86_64_linux
Results:
  Results Complete: true
  NumTestProcesses: 96
  CPU_INTEGER_MATH: 316997.65233333333
  CPU_FLOATINGPOINT_MATH: 169654.67110383848
  CPU_PRIME: 353.91675150477545
  CPU_SORTING: 147375.90260183951
  CPU_ENCRYPTION: 40031.159284146343
  CPU_COMPRESSION: 1311699.4176836824
  CPU_SINGLETHREAD: 2166.8085259722643
  CPU_PHYSICS: 5154.5738147591583
  CPU_MATRIX_MULT_SSE: 83280.108711902052
  CPU_mm: 8691.2535265067581
  CPU_sse: 31290.644228949102
  CPU_fma: 99292.627788898375
  CPU_avx: 71056.192946806405
  CPU_avx512: 131480.96988295449
  m_CPU_enc_SHA: 13498749785.140369
  m_CPU_enc_AES: 100378769803.06776
  m_CPU_enc_ECDSA: 12049619044.390926
  ME_ALLOC_S: 23095.595675704546
  ME_READ_S: 26050.310937499999
  ME_READ_L: 10259.068359375
  ME_WRITE: 9840.216796875
  ME_LARGE: 1130460.0833333333
  ME_LATENCY: 52.469509333124115
  ME_THREADED: 217116.63061523438
  SUMM_CPU: 61678.800315354172
  SUMM_ME: 2733.9483916578147
SystemInformation:
  OSName: Ubuntu 24.04.1 LTS
  Kernel: 6.8.0-1021-aws
  Device: ""
  Processor: Intel Xeon Platinum 8275CL CPU @ 3.00GHz
  NumSockets: 2
  Manufacturer: GenuineIntel
  NumCores: 48
  NumLogicals: 96
  CPUFrequency: 0
  Memory: 1148721
  MemModuleInfo:
    iNumMemSticks: 2
    DIMM 1:
      manufacturer: Not Specified
      modulePartNo: Not Specified
      memType: DDR4
      size: 576
      clkspeed: 1600
      moduleVoltage: 0
    DIMM 2:
      manufacturer: Not Specified
      modulePartNo: Not Specified
      memType: DDR4
      size: 576
      clkspeed: 1600
      moduleVoltage: 0
Checksum: DDDD7F4252266088B2ADDE74E68DBF37031212E1