BaselineInfo:
  WebDBID: -1
  TimeStamp: 20250614101157
Version:
  Major: 11
  Minor: 0
  Build: 1002
  SpecialBuildName: ""
  ptArchitecture: x86_64_linux
Results:
  Results Complete: true
  NumTestProcesses: 16
  CPU_INTEGER_MATH: 76624.217666666664
  CPU_FLOATINGPOINT_MATH: 54305.97398291299
  CPU_PRIME: 157.58675058449893
  CPU_SORTING: 38279.281329449746
  CPU_ENCRYPTION: 16962.960879591574
  CPU_COMPRESSION: 282350.6780004442
  CPU_SINGLETHREAD: 2925.633430187846
  CPU_PHYSICS: 3629.801155129066
  CPU_MATRIX_MULT_SSE: 23174.54271271918
  CPU_mm: 2168.6371984657062
  CPU_sse: 9402.3299063632712
  CPU_fma: 25572.498195408025
  CPU_avx: 19772.809034797207
  CPU_avx512: 37950.533714308214
  m_CPU_enc_SHA: 17833267763.126186
  m_CPU_enc_AES: 23221128275.115326
  m_CPU_enc_ECDSA: 12306464963.594334
  ME_ALLOC_S: 9516.5199540977937
  ME_READ_S: 26757.082617187501
  ME_READ_L: 10400.470703125
  ME_WRITE: 9533.09375
  ME_LARGE: 119025.16666666667
  ME_LATENCY: 60.422716172507101
  ME_THREADED: 118240.8955078125
  SUMM_CPU: 26806.093734629554
  SUMM_ME: 2511.1266360399532
SystemInformation:
  OSName: Ubuntu 24.04.2 LTS
  Kernel: 6.11.0-1015-azure
  Device: ""
  Processor: INTEL XEON PLATINUM 8573C
  NumSockets: 1
  Manufacturer: GenuineIntel
  NumCores: 8
  NumLogicals: 16
  CPUFrequency: 2300
  Memory: 128813
  MemModuleInfo:
    iNumMemSticks: 3
    DIMM 1:
      manufacturer: Microsoft Corporation
      modulePartNo: None
      memType: Unknown
      size: 1
      clkspeed: 0
      moduleVoltage: 0
    DIMM 2:
      manufacturer: Microsoft Corporation
      modulePartNo: None
      memType: Unknown
      size: 59
      clkspeed: 0
      moduleVoltage: 0
    DIMM 3:
      manufacturer: Microsoft Corporation
      modulePartNo: None
      memType: Unknown
      size: 68
      clkspeed: 0
      moduleVoltage: 0
Checksum: C4A6BECEE99CEB2029A2A68CD3EBB1837C081F77