BaselineInfo:
  WebDBID: -1
  TimeStamp: 20260611224619
Version:
  Major: 11
  Minor: 0
  Build: 1004
  SpecialBuildName: ""
  ptArchitecture: x86_64_linux
Results:
  Results Complete: true
  NumTestProcesses: 1
  CPU_INTEGER_MATH: 4172.5990000000002
  CPU_FLOATINGPOINT_MATH: 3197.7112245550284
  CPU_PRIME: 12.000301111064765
  CPU_SORTING: 2514.1774625261723
  CPU_ENCRYPTION: 538.89020347126132
  CPU_COMPRESSION: 20531.63068637071
  CPU_SINGLETHREAD: 1906.1947862906559
  CPU_PHYSICS: 216.84061517397313
  CPU_MATRIX_MULT_SSE: 1368.9646497354217
  CPU_mm: 183.57780177220971
  CPU_sse: 651.49237710485954
  CPU_fma: 2049.6766610150867
  CPU_avx: 1375.2665309737022
  CPU_avx512: 1399.4230298480388
  m_CPU_enc_SHA: 297516355.21725416
  m_CPU_enc_AES: 1143208374.4009769
  m_CPU_enc_ECDSA: 254477272.36701277
  ME_ALLOC_S: 656.48053545331777
  ME_READ_S: 23258.289257812499
  ME_READ_L: 7100.6298828125
  ME_WRITE: 7159.1865234375
  ME_LARGE: 871.25
  ME_LATENCY: 60.114363025751288
  ME_THREADED: 7144.3671875
  SUMM_CPU: 1669.5731729922804
  SUMM_ME: 943.72348935588104
SystemInformation:
  OSName: Ubuntu 24.04.4 LTS
  Kernel: 6.8.0-124-generic
  Device: ""
  Processor: Intel Xeon Processor (Cascadelake)
  NumSockets: 1
  Manufacturer: GenuineIntel
  NumCores: 1
  NumLogicals: 1
  CPUFrequency: 743
  CPUMaxFrequency: 2696
  Memory: 1962
  CPUInfo:
    number: 1
    Family: 6
    Model: 5
    stepping: 6
    features: 126614527
    manufacture: GenuineIntel
    typestring: Intel Xeon Processor (Cascadelake)
    iCoresPerPackage: 1
    iThreadsPerPackage: 1
    featuresEx:
      - 126614527
      - 4294586883
      - 739248128
    bHybrid: false
    nPCore: 0
    nLogicalsPerPCore: 0
    nECore: 0
    nLogicalsPerECore: 0
  MemModuleInfo:
    iNumMemSticks: 1
    DIMM 1:
      manufacturer: QEMU
      modulePartNo: Not Specified
      memType: RAM
      size: 2
      clkspeed: 0
      moduleVoltage: 0
Checksum: 4CE02EB8B4175983E1FA6CD67909F3E6DB2F7013