BaselineInfo:
  WebDBID: -1
  TimeStamp: 20260714181423
Version:
  Major: 11
  Minor: 0
  Build: 1004
  SpecialBuildName: ""
  ptArchitecture: x86_64_linux
Results:
  Results Complete: true
  NumTestProcesses: 1
  CPU_INTEGER_MATH: 4026.268
  CPU_FLOATINGPOINT_MATH: 2872.2299802837874
  CPU_PRIME: 12.022213537197882
  CPU_SORTING: 2390.1339734675194
  CPU_ENCRYPTION: 520.01347859349823
  CPU_COMPRESSION: 20245.290262898281
  CPU_SINGLETHREAD: 1868.3923310759731
  CPU_PHYSICS: 214.16627893723847
  CPU_MATRIX_MULT_SSE: 1331.5733017531254
  CPU_mm: 176.89335960017394
  CPU_sse: 639.56510015854803
  CPU_fma: 1975.2362875325646
  CPU_avx: 1320.8283749436139
  CPU_avx512: 1390.663444377775
  m_CPU_enc_SHA: 286537215.02074534
  m_CPU_enc_AES: 1103649678.7234378
  m_CPU_enc_ECDSA: 245634066.2447851
  ME_ALLOC_S: 467.54747522855212
  ME_READ_S: 23943.923242187499
  ME_READ_L: 4242.8642578125
  ME_WRITE: 4304.76416015625
  ME_LARGE: 779.5
  ME_LATENCY: 100.2581820610193
  ME_THREADED: 4132.35302734375
  SUMM_CPU: 1602.8685001617946
  SUMM_ME: 668.50886452512407
SystemInformation:
  OSName: Ubuntu 24.04.4 LTS
  Kernel: 6.8.0-134-generic
  Device: ""
  Processor: Intel Xeon Processor (Cascadelake)
  NumSockets: 1
  Manufacturer: GenuineIntel
  NumCores: 1
  NumLogicals: 1
  CPUFrequency: 743
  CPUMaxFrequency: 2696
  Memory: 1962
  CPUInfo:
    number: 1
    Family: 6
    Model: 5
    stepping: 6
    features: 126614527
    manufacture: GenuineIntel
    typestring: Intel Xeon Processor (Cascadelake)
    iCoresPerPackage: 1
    iThreadsPerPackage: 1
    featuresEx:
      - 126614527
      - 4294586883
      - 739248128
    bHybrid: false
    nPCore: 0
    nLogicalsPerPCore: 0
    nECore: 0
    nLogicalsPerECore: 0
  MemModuleInfo:
    iNumMemSticks: 1
    DIMM 1:
      manufacturer: QEMU
      modulePartNo: Not Specified
      memType: RAM
      size: 2
      clkspeed: 0
      moduleVoltage: 0
Checksum: B3A06730EF062D91DB24E7C3AFBCDECFAD7A6823