BaselineInfo:
  WebDBID: -1
  TimeStamp: 20250228163745
Version:
  Major: 11
  Minor: 0
  Build: 1002
  SpecialBuildName: ""
  ptArchitecture: x86_64_linux
Results:
  Results Complete: true
  NumTestProcesses: 8
  CPU_INTEGER_MATH: 38287.010333333325
  CPU_FLOATINGPOINT_MATH: 27837.17218605274
  CPU_PRIME: 128.06412248474604
  CPU_SORTING: 22643.16602611879
  CPU_ENCRYPTION: 9299.2829672782227
  CPU_COMPRESSION: 168535.24892802606
  CPU_SINGLETHREAD: 2179.2633294211646
  CPU_PHYSICS: 2077.4216726496829
  CPU_MATRIX_MULT_SSE: 14395.010810332602
  CPU_mm: 1625.6707171728758
  CPU_sse: 6442.9362593552141
  CPU_fma: 21226.352886808134
  CPU_avx: 15515.743284834458
  CPU_avx512: 0
  m_CPU_enc_SHA: 13121157659.378939
  m_CPU_enc_AES: 8453414337.2336864
  m_CPU_enc_ECDSA: 7678442813.477561
  ME_ALLOC_S: 4386.7194561623728
  ME_READ_S: 24907.827539062499
  ME_READ_L: 7842.78662109375
  ME_WRITE: 7865.1005859375
  ME_LARGE: 53061.416666666664
  ME_LATENCY: 101.54351206889255
  ME_THREADED: 34308.452880859375
  SUMM_CPU: 15614.336449617076
  SUMM_ME: 1678.5551506094505
SystemInformation:
  OSName: Ubuntu 24.04.1 LTS
  Kernel: 6.8.0-31-generic
  Device: ""
  Processor: AMD EPYC 7542 32-Core Processor
  NumSockets: 1
  Manufacturer: AuthenticAMD
  NumCores: 8
  NumLogicals: 8
  CPUFrequency: 0
  Memory: 64258
  MemModuleInfo:
    iNumMemSticks: 4
    DIMM 1:
      manufacturer: QEMU
      modulePartNo: Not Specified
      memType: RAM
      size: 16
      clkspeed: 0
      moduleVoltage: 0
    DIMM 2:
      manufacturer: QEMU
      modulePartNo: Not Specified
      memType: RAM
      size: 16
      clkspeed: 0
      moduleVoltage: 0
    DIMM 3:
      manufacturer: QEMU
      modulePartNo: Not Specified
      memType: RAM
      size: 16
      clkspeed: 0
      moduleVoltage: 0
    DIMM 4:
      manufacturer: QEMU
      modulePartNo: Not Specified
      memType: RAM
      size: 16
      clkspeed: 0
      moduleVoltage: 0
Checksum: 36B223E30D553AD9B3033FCD8FF1ADC6EA517AD8