BaselineInfo:
  WebDBID: -1
  TimeStamp: 20260404214411
Version:
  Major: 11
  Minor: 0
  Build: 1004
  SpecialBuildName: ""
  ptArchitecture: x86_64_linux
Results:
  Results Complete: true
  NumTestProcesses: 32
  CPU_INTEGER_MATH: 102356.39266666668
  CPU_FLOATINGPOINT_MATH: 54927.44288671024
  CPU_PRIME: 131.01091222516897
  CPU_SORTING: 60894.236732556135
  CPU_ENCRYPTION: 14152.651775013966
  CPU_COMPRESSION: 468168.7153960588
  CPU_SINGLETHREAD: 2154.293900184723
  CPU_PHYSICS: 2074.5384743825343
  CPU_MATRIX_MULT_SSE: 28627.921709805869
  CPU_mm: 3119.9011091968632
  CPU_sse: 11237.351743235115
  CPU_fma: 34736.236871705194
  CPU_avx: 24562.501014422756
  CPU_avx512: 43975.597209860411
  m_CPU_enc_SHA: 4622497207.188591
  m_CPU_enc_AES: 35702591807.006058
  m_CPU_enc_ECDSA: 4195303948.7164879
  ME_ALLOC_S: 11255.124413669646
  ME_READ_S: 24568.759960937499
  ME_READ_L: 10402.5244140625
  ME_WRITE: 9996.7529296875
  ME_LARGE: 48020.25
  ME_LATENCY: 51.582171940758506
  ME_THREADED: 110000.27685546875
  SUMM_CPU: 29137.73036762049
  SUMM_ME: 2634.4362216896338
SystemInformation:
  OSName: Ubuntu 24.04.4 LTS
  Kernel: 6.8.0-106-generic
  Device: ""
  Processor: Intel(R) Xeon(R) Platinum 8269CY CPU T 3.10GHz
  NumSockets: 1
  Manufacturer: GenuineIntel
  NumCores: 16
  NumLogicals: 32
  CPUFrequency: 3100
  CPUMaxFrequency: 3800
  Memory: 61860
  CPUInfo:
    number: 1
    Family: 6
    Model: 5
    stepping: 7
    features: 529267711
    manufacture: GenuineIntel
    typestring: Intel(R) Xeon(R) Platinum 8269CY CPU T 3.10GHz
    iCoresPerPackage: 16
    iThreadsPerPackage: 2
    featuresEx:
      - 529267711
      - 4277809667
      - 739248128
    bHybrid: false
    nPCore: 0
    nLogicalsPerPCore: 0
    nECore: 0
    nLogicalsPerECore: 0
  MemModuleInfo:
    iNumMemSticks: 4
    DIMM 1:
      manufacturer: Alibaba Cloud
      modulePartNo: Not Specified
      memType: RAM
      size: 16
      clkspeed: 0
      moduleVoltage: 0
    DIMM 2:
      manufacturer: Alibaba Cloud
      modulePartNo: Not Specified
      memType: RAM
      size: 16
      clkspeed: 0
      moduleVoltage: 0
    DIMM 3:
      manufacturer: Alibaba Cloud
      modulePartNo: Not Specified
      memType: RAM
      size: 16
      clkspeed: 0
      moduleVoltage: 0
    DIMM 4:
      manufacturer: Alibaba Cloud
      modulePartNo: Not Specified
      memType: RAM
      size: 16
      clkspeed: 0
      moduleVoltage: 0
Checksum: 961A066B03291A7298C7E2DE331462B2A9533A33