BaselineInfo:
  WebDBID: -1
  TimeStamp: 20241109081907
Version:
  Major: 11
  Minor: 0
  Build: 1002
  SpecialBuildName: ""
  ptArchitecture: x86_64_linux
Results:
  Results Complete: true
  NumTestProcesses: 48
  CPU_INTEGER_MATH: 201400.13833333331
  CPU_FLOATINGPOINT_MATH: 102952.11156687226
  CPU_PRIME: 231.99151372456276
  CPU_SORTING: 100980.30095895252
  CPU_ENCRYPTION: 43659.004459894786
  CPU_COMPRESSION: 736194.16088094737
  CPU_SINGLETHREAD: 2372.42028681386
  CPU_PHYSICS: 3967.990883189681
  CPU_MATRIX_MULT_SSE: 43225.00256768438
  CPU_mm: 4340.1423134541628
  CPU_sse: 18796.294850876217
  CPU_fma: 51516.704117129309
  CPU_avx: 38736.241519010408
  CPU_avx512: 63850.769783721589
  m_CPU_enc_SHA: 44082253377.47242
  m_CPU_enc_AES: 66335427210.30825
  m_CPU_enc_ECDSA: 26921672193.835167
  ME_ALLOC_S: 20992.263547751605
  ME_READ_S: 24233.602343750001
  ME_READ_L: 11864.5625
  ME_WRITE: 10512.82421875
  ME_LARGE: 83550.5
  ME_LATENCY: 59.433884556873387
  ME_THREADED: 153875.54272460938
  SUMM_CPU: 48783.936667591166
  SUMM_ME: 2609.0880465775572
SystemInformation:
  OSName: Ubuntu 24.04.1 LTS
  Kernel: 6.8.0-1016-aws
  Device: ""
  Processor: Intel Xeon Platinum 8375C CPU @ 2.90GHz
  NumSockets: 1
  Manufacturer: GenuineIntel
  NumCores: 24
  NumLogicals: 48
  CPUFrequency: 0
  Memory: 94996
  MemModuleInfo:
    iNumMemSticks: 1
    DIMM 1:
      manufacturer: Not Specified
      modulePartNo: Not Specified
      memType: DDR4
      size: 96
      clkspeed: 1600
      moduleVoltage: 0
Checksum: 85C089D57AE97B4AA3E0167C00087EBC6480415D