---
system-info:
      stress-ng-version: 0.17.08
      run-by: root
      date-yyyy-mm-dd: 2024:06:26
      time-hh-mm-ss: 19:37:18
      epoch-secs: 1719430638
      hostname: c3-standard-8-lssd-2257767
      sysname: Linux
      nodename: c3-standard-8-lssd-2257767
      release: 6.8.0-1009-gcp
      version: '#10-Ubuntu SMP Wed Jun 12 18:52:23 UTC 2024'
      machine: x86_64
      compiler: 'musl-gcc 13.2.1'
      uptime: 139
      totalram: 33651154944
      freeram: 28566130688
      sharedram: 111534080
      bufferram: 124956672
      totalswap: 0
      freeswap: 0
      pagesize: 4096
      cpus: 8
      cpus-online: 8
      ticks-per-second: 100

metrics:
    - stressor: cpu
      bogo-ops: 32465
      bogo-ops-per-second-usr-sys-time: 1623.255844
      bogo-ops-per-second-real-time: 1623.240538
      wall-clock-time: 20.000117
      user-time: 19.999928
      system-time: 0.000000
      cpu-usage-per-instance: 99.999057
      max-rss: 1232

...
