---
system-info:
      stress-ng-version: 0.17.08
      run-by: root
      date-yyyy-mm-dd: 2024:06:15
      time-hh-mm-ss: 12:35:47
      epoch-secs: 1718454947
      hostname: 14171bcb7485
      sysname: Linux
      nodename: 14171bcb7485
      release: 6.8.0-1008-aws
      version: '#8-Ubuntu SMP Sat Apr 20 00:46:25 UTC 2024'
      machine: x86_64
      compiler: 'musl-gcc 13.2.1'
      uptime: 138
      totalram: 132914008064
      freeram: 128293912576
      sharedram: 113799168
      bufferram: 108437504
      totalswap: 0
      freeswap: 0
      pagesize: 4096
      cpus: 32
      cpus-online: 32
      ticks-per-second: 100

metrics:
    - stressor: cpu
      bogo-ops: 638361
      bogo-ops-per-second-usr-sys-time: 997.874055
      bogo-ops-per-second-real-time: 31917.892738
      wall-clock-time: 20.000099
      user-time: 639.693022
      system-time: 0.027990
      cpu-usage-per-instance: 99.955916
      max-rss: 776

...
