---
system-info:
      stress-ng-version: 0.17.08
      run-by: root
      date-yyyy-mm-dd: 2024:06:14
      time-hh-mm-ss: 04:55:21
      epoch-secs: 1718340921
      hostname: 7475cd27aa8a
      sysname: Linux
      nodename: 7475cd27aa8a
      release: 6.8.0-1008-aws
      version: '#8-Ubuntu SMP Sat Apr 20 02:43:14 UTC 2024'
      machine: aarch64
      compiler: 'musl-gcc 13.2.1'
      uptime: 151
      totalram: 33021657088
      freeram: 28636188672
      sharedram: 34963456
      bufferram: 107565056
      totalswap: 0
      freeswap: 0
      pagesize: 4096
      cpus: 16
      cpus-online: 16
      ticks-per-second: 100

metrics:
    - stressor: cpu
      bogo-ops: 30397
      bogo-ops-per-second-usr-sys-time: 1519.840957
      bogo-ops-per-second-real-time: 1519.844257
      wall-clock-time: 20.000076
      user-time: 20.000119
      system-time: 0.000000
      cpu-usage-per-instance: 100.000217
      max-rss: 1320

...
