---
system-info:
      stress-ng-version: 0.17.08
      run-by: root
      date-yyyy-mm-dd: 2024:06:06
      time-hh-mm-ss: 07:21:22
      epoch-secs: 1717658482
      hostname: 3f33075764c0
      sysname: Linux
      nodename: 3f33075764c0
      release: 6.8.0-1008-aws
      version: '#8-Ubuntu SMP Sat Apr 20 02:43:14 UTC 2024'
      machine: aarch64
      compiler: 'musl-gcc 13.2.1'
      uptime: 160
      totalram: 33021652992
      freeram: 28856487936
      sharedram: 34963456
      bufferram: 80379904
      totalswap: 0
      freeswap: 0
      pagesize: 4096
      cpus: 16
      cpus-online: 16
      ticks-per-second: 100

metrics:
    - stressor: cpu
      bogo-ops: 2940
      bogo-ops-per-second-usr-sys-time: 292.795323
      bogo-ops-per-second-real-time: 292.803870
      wall-clock-time: 10.040851
      user-time: 10.040144
      system-time: 0.001000
      cpu-usage-per-instance: 100.002919
      max-rss: 4008

...
