BaselineInfo:
  WebDBID: -1
  TimeStamp: 20241107110907
Version:
  Major: 11
  Minor: 0
  Build: 1002
  SpecialBuildName: ""
  ptArchitecture: x86_64_linux
Results:
  Results Complete: true
  NumTestProcesses: 8
  CPU_INTEGER_MATH: 33061.315666666662
  CPU_FLOATINGPOINT_MATH: 18289.415016058701
  CPU_PRIME: 71.891281289941134
  CPU_SORTING: 18112.097055300714
  CPU_ENCRYPTION: 8590.8846007747197
  CPU_COMPRESSION: 128073.28126401048
  CPU_SINGLETHREAD: 2373.2797992238989
  CPU_PHYSICS: 1418.2494436223362
  CPU_MATRIX_MULT_SSE: 7326.1024134517083
  CPU_mm: 893.07047369468955
  CPU_sse: 3787.2464011553466
  CPU_fma: 10298.317353198598
  CPU_avx: 7892.7434860011808
  CPU_avx512: 0
  m_CPU_enc_SHA: 12437234690.889206
  m_CPU_enc_AES: 7936422830.5666809
  m_CPU_enc_ECDSA: 6650928711.9699688
  ME_ALLOC_S: 3555.6731059460635
  ME_READ_S: 24079.923437500001
  ME_READ_L: 15937.607421875
  ME_WRITE: 16208.1318359375
  ME_LARGE: 1061
  ME_LATENCY: 69.707256167401155
  ME_THREADED: 67415.75341796875
  SUMM_CPU: 11845.470429676554
  SUMM_ME: 1424.7687220488669
SystemInformation:
  OSName: Ubuntu 24.04.1 LTS
  Kernel: 6.8.0-1015-gcp
  Device: ""
  Processor: AMD EPYC 7B13
  NumSockets: 1
  Manufacturer: AuthenticAMD
  NumCores: 4
  NumLogicals: 8
  CPUFrequency: 0
  Memory: 7937
  MemModuleInfo:
    iNumMemSticks: 1
    DIMM 1:
      manufacturer: ""
      modulePartNo: ""
      memType: RAM
      size: 8
      clkspeed: 0
      moduleVoltage: 0
Checksum: 1A95CB8BE653622F761B794F2EF9604922B69FD7