---
system-info:
      stress-ng-version: 0.17.08
      run-by: root
      date-yyyy-mm-dd: 2024:09:23
      time-hh-mm-ss: 15:08:24
      epoch-secs: 1727104104
      hostname: sc-runner
      sysname: Linux
      nodename: sc-runner
      release: 6.8.0-1014-azure
      version: '#16-Ubuntu SMP Thu Aug 15 20:04:41 UTC 2024'
      machine: x86_64
      compiler: 'musl-gcc 13.2.1'
      uptime: 299
      totalram: 202798669824
      freeram: 191337136128
      sharedram: 105627648
      bufferram: 264196096
      totalswap: 0
      freeswap: 0
      pagesize: 4096
      cpus: 48
      cpus-online: 48
      ticks-per-second: 100

metrics:
    - stressor: cpu
      bogo-ops: 1297513
      bogo-ops-per-second-usr-sys-time: 1352.232715
      bogo-ops-per-second-real-time: 64875.476860
      wall-clock-time: 20.000053
      user-time: 959.492825
      system-time: 0.040978
      cpu-usage-per-instance: 99.951171
      max-rss: 2872

...
