BaselineInfo:
  WebDBID: -1
  TimeStamp: 20260220093652
Version:
  Major: 11
  Minor: 0
  Build: 1004
  SpecialBuildName: ""
  ptArchitecture: x86_64_linux
Results:
  Results Complete: true
  NumTestProcesses: 384
  CPU_INTEGER_MATH: 1974622.4639999995
  CPU_FLOATINGPOINT_MATH: 1422134.7016410192
  CPU_PRIME: 3167.4477907663686
  CPU_SORTING: 857107.81818692712
  CPU_ENCRYPTION: 402686.28596444661
  CPU_COMPRESSION: 6913013.5005893698
  CPU_SINGLETHREAD: 3256.963654618728
  CPU_PHYSICS: 51598.80031266631
  CPU_MATRIX_MULT_SSE: 456394.25368062221
  CPU_mm: 48888.12225494015
  CPU_sse: 212075.83837935806
  CPU_fma: 532332.01978812728
  CPU_avx: 424992.3139343544
  CPU_avx512: 656176.84262064809
  m_CPU_enc_SHA: 446152882190.9845
  m_CPU_enc_AES: 543379162373.97778
  m_CPU_enc_ECDSA: 277209480409.40497
  ME_ALLOC_S: 36819.562637116251
  ME_READ_S: 27704.360937500001
  ME_READ_L: 16131.23046875
  ME_WRITE: 6074.53466796875
  ME_LARGE: 741522.16666666663
  ME_LATENCY: 68.185883910675528
  ME_THREADED: 2030079.2598266602
  SUMM_CPU: 177792.99960501856
  SUMM_ME: 2470.1513647089478
SystemInformation:
  OSName: Ubuntu 24.04.3 LTS
  Kernel: 6.17.0-1007-aws
  Device: ""
  Processor: Intel(R) Xeon(R) 6975P-C
  NumSockets: 2
  Manufacturer: GenuineIntel
  NumCores: 192
  NumLogicals: 384
  CPUFrequency: 0
  CPUMaxFrequency: 0
  Memory: 761536
  CPUInfo:
    number: 2
    Family: 6
    Model: 13
    stepping: 1
    features: 529267711
    manufacture: GenuineIntel
    typestring: Intel(R) Xeon(R) 6975P-C
    iCoresPerPackage: 96
    iThreadsPerPackage: 2
    featuresEx:
      - 529267711
      - 4294619651
      - 739248128
    bHybrid: false
    nPCore: 0
    nLogicalsPerPCore: 0
    nECore: 0
    nLogicalsPerECore: 0
  MemModuleInfo:
    iNumMemSticks: 6
    DIMM 1:
      manufacturer: Not Specified
      modulePartNo: Not Specified
      memType: DDR5
      size: 128
      clkspeed: 3600
      moduleVoltage: 0
    DIMM 2:
      manufacturer: Not Specified
      modulePartNo: Not Specified
      memType: DDR5
      size: 128
      clkspeed: 3600
      moduleVoltage: 0
    DIMM 3:
      manufacturer: Not Specified
      modulePartNo: Not Specified
      memType: DDR5
      size: 128
      clkspeed: 3600
      moduleVoltage: 0
    DIMM 4:
      manufacturer: Not Specified
      modulePartNo: Not Specified
      memType: DDR5
      size: 128
      clkspeed: 3600
      moduleVoltage: 0
    DIMM 5:
      manufacturer: Not Specified
      modulePartNo: Not Specified
      memType: DDR5
      size: 128
      clkspeed: 3600
      moduleVoltage: 0
    DIMM 6:
      manufacturer: Not Specified
      modulePartNo: Not Specified
      memType: DDR5
      size: 128
      clkspeed: 3600
      moduleVoltage: 0
Checksum: 7E57B31747C0728D0525C31870DBFC22DFE9F389