---
system-info:
      stress-ng-version: 0.17.08
      run-by: root
      date-yyyy-mm-dd: 2024:06:14
      time-hh-mm-ss: 13:56:47
      epoch-secs: 1718373407
      hostname: 857b427565fe
      sysname: Linux
      nodename: 857b427565fe
      release: 6.8.0-1008-aws
      version: '#8-Ubuntu SMP Sat Apr 20 00:46:25 UTC 2024'
      machine: x86_64
      compiler: 'musl-gcc 13.2.1'
      uptime: 219
      totalram: 257880584192
      freeram: 252858470400
      sharedram: 53886976
      bufferram: 110804992
      totalswap: 0
      freeswap: 0
      pagesize: 4096
      cpus: 32
      cpus-online: 32
      ticks-per-second: 100

metrics:
    - stressor: cpu
      bogo-ops: 15845
      bogo-ops-per-second-usr-sys-time: 792.295399
      bogo-ops-per-second-real-time: 792.245042
      wall-clock-time: 20.000125
      user-time: 19.998854
      system-time: 0.000000
      cpu-usage-per-instance: 99.993644
      max-rss: 1032

...
