BaselineInfo:
  WebDBID: -1
  TimeStamp: 20241115114649
Version:
  Major: 11
  Minor: 0
  Build: 1002
  SpecialBuildName: ""
  ptArchitecture: x86_64_linux
Results:
  Results Complete: true
  NumTestProcesses: 8
  CPU_INTEGER_MATH: 33630.096666666672
  CPU_FLOATINGPOINT_MATH: 17193.705309385885
  CPU_PRIME: 74.684380309126652
  CPU_SORTING: 17492.400349205644
  CPU_ENCRYPTION: 7308.6281223761816
  CPU_COMPRESSION: 124473.86016728777
  CPU_SINGLETHREAD: 2430.9488918992879
  CPU_PHYSICS: 1352.6666631593787
  CPU_MATRIX_MULT_SSE: 6980.0272212213249
  CPU_mm: 724.61363706541772
  CPU_sse: 3159.754100741713
  CPU_fma: 8763.658811967387
  CPU_avx: 6472.5290111649683
  CPU_avx512: 9524.1669610112313
  m_CPU_enc_SHA: 7378306859.5302105
  m_CPU_enc_AES: 11103625174.800571
  m_CPU_enc_ECDSA: 4509024091.8154001
  ME_ALLOC_S: 4045.5810588307036
  ME_READ_S: 23427.6357421875
  ME_READ_L: 11729.7109375
  ME_WRITE: 10680.154296875
  ME_LARGE: 22979.666666666668
  ME_LATENCY: 51.758274515267296
  ME_THREADED: 55211.75732421875
  SUMM_CPU: 11380.714884541321
  SUMM_ME: 2512.4027836480504
SystemInformation:
  OSName: Ubuntu 24.04.1 LTS
  Kernel: 6.8.0-1017-azure
  Device: ""
  Processor: Intel Xeon Platinum 8370C CPU @ 2.80GHz
  NumSockets: 1
  Manufacturer: GenuineIntel
  NumCores: 4
  NumLogicals: 8
  CPUFrequency: 2800
  Memory: 32091
  MemModuleInfo:
    iNumMemSticks: 2
    DIMM 1:
      manufacturer: Microsoft Corporation
      modulePartNo: None
      memType: Unknown
      size: 1
      clkspeed: 0
      moduleVoltage: 0
    DIMM 2:
      manufacturer: Microsoft Corporation
      modulePartNo: None
      memType: Unknown
      size: 31
      clkspeed: 0
      moduleVoltage: 0
Checksum: 00CC9F5C513C52BE85D532E1D823EA37A477A01F