BaselineInfo:
  WebDBID: -1
  TimeStamp: 20241114193539
Version:
  Major: 11
  Minor: 0
  Build: 1002
  SpecialBuildName: ""
  ptArchitecture: x86_64_linux
Results:
  Results Complete: true
  NumTestProcesses: 8
  CPU_INTEGER_MATH: 33638.900666666668
  CPU_FLOATINGPOINT_MATH: 17195.064038565528
  CPU_PRIME: 74.809797743272512
  CPU_SORTING: 17511.626425217892
  CPU_ENCRYPTION: 7287.1382490499518
  CPU_COMPRESSION: 126631.86865802661
  CPU_SINGLETHREAD: 2432.407883038376
  CPU_PHYSICS: 1363.4940244643012
  CPU_MATRIX_MULT_SSE: 7047.6381287297982
  CPU_mm: 724.72370494605445
  CPU_sse: 3188.4844095028729
  CPU_fma: 8759.1278701540141
  CPU_avx: 6472.3137038724453
  CPU_avx512: 9770.6265313898566
  m_CPU_enc_SHA: 7352667149.8315258
  m_CPU_enc_AES: 11098793548.336224
  m_CPU_enc_ECDSA: 4471894131.7396584
  ME_ALLOC_S: 4114.4977006696208
  ME_READ_S: 23380.374609375001
  ME_READ_L: 11392.056640625
  ME_WRITE: 10540.0673828125
  ME_LARGE: 22996.666666666668
  ME_LATENCY: 51.997989926084927
  ME_THREADED: 52972.50146484375
  SUMM_CPU: 11432.861050343732
  SUMM_ME: 2486.0483664815652
SystemInformation:
  OSName: Ubuntu 24.04.1 LTS
  Kernel: 6.8.0-1017-azure
  Device: ""
  Processor: Intel Xeon Platinum 8370C CPU @ 2.80GHz
  NumSockets: 1
  Manufacturer: GenuineIntel
  NumCores: 4
  NumLogicals: 8
  CPUFrequency: 2800
  Memory: 32091
  MemModuleInfo:
    iNumMemSticks: 2
    DIMM 1:
      manufacturer: Microsoft Corporation
      modulePartNo: None
      memType: Unknown
      size: 1
      clkspeed: 0
      moduleVoltage: 0
    DIMM 2:
      manufacturer: Microsoft Corporation
      modulePartNo: None
      memType: Unknown
      size: 31
      clkspeed: 0
      moduleVoltage: 0
Checksum: 607EE34E6558B321C4544F9BC45F304AA8AA802A