BaselineInfo:
  WebDBID: -1
  TimeStamp: 20241106233513
Version:
  Major: 11
  Minor: 0
  Build: 1002
  SpecialBuildName: ""
  ptArchitecture: x86_64_linux
Results:
  Results Complete: true
  NumTestProcesses: 8
  CPU_INTEGER_MATH: 33563.262000000002
  CPU_FLOATINGPOINT_MATH: 17197.395622018499
  CPU_PRIME: 74.597853661569076
  CPU_SORTING: 17526.704984187356
  CPU_ENCRYPTION: 7320.5533141833694
  CPU_COMPRESSION: 124430.14991019186
  CPU_SINGLETHREAD: 2428.8709609821285
  CPU_PHYSICS: 1370.3459924111357
  CPU_MATRIX_MULT_SSE: 6984.7852276871681
  CPU_mm: 724.78966108122404
  CPU_sse: 3183.2924746762415
  CPU_fma: 8766.5991788944448
  CPU_avx: 6472.8594619973055
  CPU_avx512: 9516.389795180683
  m_CPU_enc_SHA: 7382087145.9306936
  m_CPU_enc_AES: 11105601054.933172
  m_CPU_enc_ECDSA: 4540781335.0555534
  ME_ALLOC_S: 4082.4498055087424
  ME_READ_S: 24009.337304687499
  ME_READ_L: 11900.32421875
  ME_WRITE: 10665.2421875
  ME_LARGE: 22058.166666666668
  ME_LATENCY: 52.074063331976767
  ME_THREADED: 55510.48193359375
  SUMM_CPU: 11386.36237873457
  SUMM_ME: 2522.357872659069
SystemInformation:
  OSName: Ubuntu 24.04.1 LTS
  Kernel: 6.8.0-1017-azure
  Device: ""
  Processor: Intel Xeon Platinum 8370C CPU @ 2.80GHz
  NumSockets: 1
  Manufacturer: GenuineIntel
  NumCores: 4
  NumLogicals: 8
  CPUFrequency: 2800
  Memory: 32091
  MemModuleInfo:
    iNumMemSticks: 2
    DIMM 1:
      manufacturer: Microsoft Corporation
      modulePartNo: None
      memType: Unknown
      size: 1
      clkspeed: 0
      moduleVoltage: 0
    DIMM 2:
      manufacturer: Microsoft Corporation
      modulePartNo: None
      memType: Unknown
      size: 31
      clkspeed: 0
      moduleVoltage: 0
Checksum: 1FC8017B4DEFEC9ACCFD158ED319C362CBCBC7BA