BaselineInfo:
  WebDBID: -1
  TimeStamp: 20241107141749
Version:
  Major: 11
  Minor: 0
  Build: 1002
  SpecialBuildName: ""
  ptArchitecture: x86_64_linux
Results:
  Results Complete: true
  NumTestProcesses: 4
  CPU_INTEGER_MATH: 10306.951666666668
  CPU_FLOATINGPOINT_MATH: 5791.5386008473151
  CPU_PRIME: 23.44337028209792
  CPU_SORTING: 5621.1112357099155
  CPU_ENCRYPTION: 1435.2160851317701
  CPU_COMPRESSION: 47289.011739359863
  CPU_SINGLETHREAD: 1662.4392688893054
  CPU_PHYSICS: 491.91294471924931
  CPU_MATRIX_MULT_SSE: 2281.4313021360676
  CPU_mm: 331.20677805652826
  CPU_sse: 1244.6897475797118
  CPU_fma: 3418.2523560867207
  CPU_avx: 2181.3518027417695
  CPU_avx512: 0
  m_CPU_enc_SHA: 488559695.63714004
  m_CPU_enc_AES: 3594362456.8097334
  m_CPU_enc_ECDSA: 431877272.60251892
  ME_ALLOC_S: 1244.1021128089701
  ME_READ_S: 19830.963671875001
  ME_READ_L: 9095.763671875
  ME_WRITE: 8649.6875
  ME_LARGE: 6106.666666666667
  ME_LATENCY: 60.183462200558232
  ME_THREADED: 22583.96728515625
  SUMM_CPU: 3622.8035952370979
  SUMM_ME: 1757.6090816149278
SystemInformation:
  OSName: Ubuntu 24.04.1 LTS
  Kernel: 6.8.0-1016-aws
  Device: ""
  Processor: Intel Xeon CPU E5-2686 v4 @ 2.30GHz
  NumSockets: 1
  Manufacturer: GenuineIntel
  NumCores: 2
  NumLogicals: 4
  CPUFrequency: 0
  Memory: 15990
  MemModuleInfo:
    iNumMemSticks: 1
    DIMM 1:
      manufacturer: Not Specified
      modulePartNo: Not Specified
      memType: RAM
      size: 16
      clkspeed: 0
      moduleVoltage: 0
Checksum: 82F8065DCE1120C5EB45E13CCB616875EC1E27E4