BaselineInfo:
  WebDBID: -1
  TimeStamp: 20250101191307
Version:
  Major: 11
  Minor: 0
  Build: 1002
  SpecialBuildName: ""
  ptArchitecture: x86_64_linux
Results:
  Results Complete: true
  NumTestProcesses: 192
  CPU_INTEGER_MATH: 1158270.5463333332
  CPU_FLOATINGPOINT_MATH: 1020920.3630905405
  CPU_PRIME: 3620.2498852814715
  CPU_SORTING: 684342.71491332992
  CPU_ENCRYPTION: 251083.43143004153
  CPU_COMPRESSION: 4785029.3368072333
  CPU_SINGLETHREAD: 2888.5756409718038
  CPU_PHYSICS: 47492.052894609391
  CPU_MATRIX_MULT_SSE: 376808.36842563114
  CPU_mm: 42462.085184923199
  CPU_sse: 177817.42363155409
  CPU_fma: 490250.88116604451
  CPU_avx: 420177.78575973981
  CPU_avx512: 418987.38314518624
  m_CPU_enc_SHA: 346662963589.24103
  m_CPU_enc_AES: 219902493082.20798
  m_CPU_enc_ECDSA: 223274723914.1127
  ME_ALLOC_S: 31460.438425206841
  ME_READ_S: 27828.2490234375
  ME_READ_L: 26926.81640625
  ME_WRITE: 26216.005859375
  ME_LARGE: 743066.16666666663
  ME_LATENCY: 77.501200429270412
  ME_THREADED: 916615.9453125
  SUMM_CPU: 148817.56499347012
  SUMM_ME: 2871.9867369140725
SystemInformation:
  OSName: Ubuntu 24.04.1 LTS
  Kernel: 6.8.0-1021-aws
  Device: ""
  Processor: AMD EPYC 9R14
  NumSockets: 2
  Manufacturer: AuthenticAMD
  NumCores: 192
  NumLogicals: 192
  CPUFrequency: 0
  Memory: 757769
  MemModuleInfo:
    iNumMemSticks: 2
    DIMM 1:
      manufacturer: Not Specified
      modulePartNo: Not Specified
      memType: DDR5
      size: 384
      clkspeed: 2400
      moduleVoltage: 0
    DIMM 2:
      manufacturer: Not Specified
      modulePartNo: Not Specified
      memType: DDR5
      size: 384
      clkspeed: 2400
      moduleVoltage: 0
Checksum: 60D1577B58608CBD8F1AB2CA6F60283AAFC7603F