---
system-info:
      stress-ng-version: 0.17.08
      run-by: root
      date-yyyy-mm-dd: 2024:06:14
      time-hh-mm-ss: 16:56:46
      epoch-secs: 1718384206
      hostname: 50ae8dae8acb
      sysname: Linux
      nodename: 50ae8dae8acb
      release: 6.8.0-1008-aws
      version: '#8-Ubuntu SMP Sat Apr 20 00:46:25 UTC 2024'
      machine: x86_64
      compiler: 'musl-gcc 13.2.1'
      uptime: 178
      totalram: 8323858432
      freeram: 4032798720
      sharedram: 48496640
      bufferram: 110219264
      totalswap: 0
      freeswap: 0
      pagesize: 4096
      cpus: 2
      cpus-online: 2
      ticks-per-second: 100

metrics:
    - stressor: cpu
      bogo-ops: 32290
      bogo-ops-per-second-usr-sys-time: 817.659728
      bogo-ops-per-second-real-time: 1614.489790
      wall-clock-time: 20.000126
      user-time: 39.486587
      system-time: 0.004168
      cpu-usage-per-instance: 98.726263
      max-rss: 976

...
