---
system-info:
      stress-ng-version: 0.17.08
      run-by: root
      date-yyyy-mm-dd: 2024:06:08
      time-hh-mm-ss: 10:42:14
      epoch-secs: 1717843334
      hostname: 10693dd9d446
      sysname: Linux
      nodename: 10693dd9d446
      release: 6.8.0-1008-aws
      version: '#8-Ubuntu SMP Sat Apr 20 00:46:25 UTC 2024'
      machine: x86_64
      compiler: 'musl-gcc 13.2.1'
      uptime: 172
      totalram: 8323850240
      freeram: 4014944256
      sharedram: 48496640
      bufferram: 101982208
      totalswap: 0
      freeswap: 0
      pagesize: 4096
      cpus: 2
      cpus-online: 2
      ticks-per-second: 100

metrics:
    - stressor: cpu
      bogo-ops: 18819
      bogo-ops-per-second-usr-sys-time: 953.811819
      bogo-ops-per-second-real-time: 1881.705988
      wall-clock-time: 10.001031
      user-time: 19.726144
      system-time: 0.004163
      cpu-usage-per-instance: 98.641365
      max-rss: 3920

...
