---
system-info:
      stress-ng-version: 0.17.08
      run-by: root
      date-yyyy-mm-dd: 2024:08:30
      time-hh-mm-ss: 15:47:12
      epoch-secs: 1725032832
      hostname: sc-runner
      sysname: Linux
      nodename: sc-runner
      release: 6.8.0-1013-azure
      version: '#15-Ubuntu SMP Thu Aug  8 18:40:40 UTC 2024'
      machine: x86_64
      compiler: 'musl-gcc 13.2.1'
      uptime: 441
      totalram: 16766775296
      freeram: 8354066432
      sharedram: 42033152
      bufferram: 204492800
      totalswap: 0
      freeswap: 0
      pagesize: 4096
      cpus: 2
      cpus-online: 2
      ticks-per-second: 100

metrics:
    - stressor: cpu
      bogo-ops: 28103
      bogo-ops-per-second-usr-sys-time: 1405.357290
      bogo-ops-per-second-real-time: 1405.144355
      wall-clock-time: 20.000080
      user-time: 19.995051
      system-time: 0.001999
      cpu-usage-per-instance: 99.984848
      max-rss: 3152

...
