---
system-info:
      stress-ng-version: 0.17.08
      run-by: root
      date-yyyy-mm-dd: 2024:06:14
      time-hh-mm-ss: 19:55:23
      epoch-secs: 1718394923
      hostname: 2300c26fdd9f
      sysname: Linux
      nodename: 2300c26fdd9f
      release: 6.8.0-1008-aws
      version: '#8-Ubuntu SMP Sat Apr 20 00:46:25 UTC 2024'
      machine: x86_64
      compiler: 'musl-gcc 13.2.1'
      uptime: 134
      totalram: 401422278656
      freeram: 396021264384
      sharedram: 79048704
      bufferram: 109658112
      totalswap: 0
      freeswap: 0
      pagesize: 4096
      cpus: 96
      cpus-online: 96
      ticks-per-second: 100

metrics:
    - stressor: cpu
      bogo-ops: 1621281
      bogo-ops-per-second-usr-sys-time: 844.824357
      bogo-ops-per-second-real-time: 81063.623989
      wall-clock-time: 20.000105
      user-time: 1919.022675
      system-time: 0.051967
      cpu-usage-per-instance: 99.951279
      max-rss: 0

...
