---
system-info:
      stress-ng-version: 0.17.08
      run-by: root
      date-yyyy-mm-dd: 2024:06:08
      time-hh-mm-ss: 13:55:18
      epoch-secs: 1717854918
      hostname: c926b2522afb
      sysname: Linux
      nodename: c926b2522afb
      release: 6.8.0-1008-aws
      version: '#8-Ubuntu SMP Sat Apr 20 00:46:25 UTC 2024'
      machine: x86_64
      compiler: 'musl-gcc 13.2.1'
      uptime: 125
      totalram: 401422241792
      freeram: 395875569664
      sharedram: 79048704
      bufferram: 102957056
      totalswap: 0
      freeswap: 0
      pagesize: 4096
      cpus: 96
      cpus-online: 96
      ticks-per-second: 100

metrics:
    - stressor: cpu
      bogo-ops: 976215
      bogo-ops-per-second-usr-sys-time: 1017.655351
      bogo-ops-per-second-real-time: 97593.687388
      wall-clock-time: 10.002850
      user-time: 959.149688
      system-time: 0.128912
      cpu-usage-per-instance: 99.896385
      max-rss: 3072

...
