BaselineInfo:
  WebDBID: -1
  TimeStamp: 20241109114339
Version:
  Major: 11
  Minor: 0
  Build: 1002
  SpecialBuildName: ""
  ptArchitecture: x86_64_linux
Results:
  Results Complete: true
  NumTestProcesses: 48
  CPU_INTEGER_MATH: 202146.82166666666
  CPU_FLOATINGPOINT_MATH: 103348.9621495602
  CPU_PRIME: 233.72449050362232
  CPU_SORTING: 99148.196983114991
  CPU_ENCRYPTION: 43359.69783976952
  CPU_COMPRESSION: 734702.43610644352
  CPU_SINGLETHREAD: 2435.3178654858307
  CPU_PHYSICS: 3947.878655086578
  CPU_MATRIX_MULT_SSE: 40890.484077079571
  CPU_mm: 4350.3332157932837
  CPU_sse: 18268.038557356373
  CPU_fma: 48372.915251052968
  CPU_avx: 37163.132694901331
  CPU_avx512: 59757.849805007601
  m_CPU_enc_SHA: 44280356916.628845
  m_CPU_enc_AES: 65327016863.175346
  m_CPU_enc_ECDSA: 26790441786.298306
  ME_ALLOC_S: 21771.750884563469
  ME_READ_S: 24466.151953125001
  ME_READ_L: 12296.10546875
  ME_WRITE: 10991.029296875
  ME_LARGE: 375358.25
  ME_LATENCY: 51.257919868732252
  ME_THREADED: 156117.28466796875
  SUMM_CPU: 48791.491447368564
  SUMM_ME: 2851.524384742967
SystemInformation:
  OSName: Ubuntu 24.04.1 LTS
  Kernel: 6.8.0-1017-azure
  Device: ""
  Processor: Intel Xeon Platinum 8370C CPU @ 2.80GHz
  NumSockets: 2
  Manufacturer: GenuineIntel
  NumCores: 24
  NumLogicals: 48
  CPUFrequency: 2800
  Memory: 386938
  MemModuleInfo:
    iNumMemSticks: 4
    DIMM 1:
      manufacturer: Microsoft Corporation
      modulePartNo: None
      memType: Unknown
      size: 1
      clkspeed: 0
      moduleVoltage: 0
    DIMM 2:
      manufacturer: Microsoft Corporation
      modulePartNo: None
      memType: Unknown
      size: 59
      clkspeed: 0
      moduleVoltage: 0
    DIMM 3:
      manufacturer: Microsoft Corporation
      modulePartNo: None
      memType: Unknown
      size: 132
      clkspeed: 0
      moduleVoltage: 0
    DIMM 4:
      manufacturer: Microsoft Corporation
      modulePartNo: None
      memType: Unknown
      size: 192
      clkspeed: 0
      moduleVoltage: 0
Checksum: 2DBCDA3B65E579436A117FC4691906102E8495AF