BaselineInfo:
  WebDBID: -1
  TimeStamp: 20260620233835
Version:
  Major: 11
  Minor: 0
  Build: 1004
  SpecialBuildName: ""
  ptArchitecture: x86_64_linux
Results:
  Results Complete: true
  NumTestProcesses: 16
  CPU_INTEGER_MATH: 106352.58033333333
  CPU_FLOATINGPOINT_MATH: 61832.338716908416
  CPU_PRIME: 144.08713541366993
  CPU_SORTING: 47067.009677775277
  CPU_ENCRYPTION: 20222.548041981747
  CPU_COMPRESSION: 367671.38353974931
  CPU_SINGLETHREAD: 3827.4400014664789
  CPU_PHYSICS: 3174.7185382355128
  CPU_MATRIX_MULT_SSE: 28729.737445671908
  CPU_mm: 2766.4316991624119
  CPU_sse: 10401.104271271153
  CPU_fma: 30815.312777783034
  CPU_avx: 30078.108285910424
  CPU_avx512: 43624.424447723024
  m_CPU_enc_SHA: 25602242115.883381
  m_CPU_enc_AES: 20831936448.345528
  m_CPU_enc_ECDSA: 17180457042.778252
  ME_ALLOC_S: 9841.7741212063447
  ME_READ_S: 34180.117578124999
  ME_READ_L: 31282.42578125
  ME_WRITE: 30708.048828125
  ME_LARGE: 506850.5
  ME_LATENCY: 77.243279197724007
  ME_THREADED: 55360.33935546875
  SUMM_CPU: 32906.597027927441
  SUMM_ME: 2845.3375151386863
SystemInformation:
  OSName: Ubuntu 24.04.4 LTS
  Kernel: 6.17.0-1018-azure
  Device: ""
  Processor: "AMD EPYC 9V45 96-Core Processor                "
  NumSockets: 1
  Manufacturer: AuthenticAMD
  NumCores: 8
  NumLogicals: 16
  CPUFrequency: 0
  CPUMaxFrequency: 0
  Memory: 515785
  CPUInfo:
    number: 1
    Family: 15
    Model: 2
    stepping: 1
    features: 395049983
    manufacture: AuthenticAMD
    typestring: "AMD EPYC 9V45 96-Core Processor                "
    iCoresPerPackage: 8
    iThreadsPerPackage: 2
    featuresEx:
      - 395049983
      - 4277809667
      - 802421759
    bHybrid: false
    nPCore: 0
    nLogicalsPerPCore: 0
    nECore: 0
    nLogicalsPerECore: 0
  MemModuleInfo:
    iNumMemSticks: 3
    DIMM 1:
      manufacturer: Microsoft Corporation
      modulePartNo: None
      memType: Unknown
      size: 1
      clkspeed: 0
      moduleVoltage: 0
    DIMM 2:
      manufacturer: Microsoft Corporation
      modulePartNo: None
      memType: Unknown
      size: 59
      clkspeed: 0
      moduleVoltage: 0
    DIMM 3:
      manufacturer: Microsoft Corporation
      modulePartNo: None
      memType: Unknown
      size: 452
      clkspeed: 0
      moduleVoltage: 0
Checksum: 36B59A93D471F6797ABC46399D885CA50AA02062