---
system-info:
      stress-ng-version: 0.17.08
      run-by: root
      date-yyyy-mm-dd: 2024:06:14
      time-hh-mm-ss: 19:55:48
      epoch-secs: 1718394948
      hostname: 1357d444751d
      sysname: Linux
      nodename: 1357d444751d
      release: 6.8.0-1008-aws
      version: '#8-Ubuntu SMP Sat Apr 20 00:46:25 UTC 2024'
      machine: x86_64
      compiler: 'musl-gcc 13.2.1'
      uptime: 159
      totalram: 401422278656
      freeram: 395909287936
      sharedram: 78606336
      bufferram: 111243264
      totalswap: 0
      freeswap: 0
      pagesize: 4096
      cpus: 96
      cpus-online: 96
      ticks-per-second: 100

metrics:
    - stressor: cpu
      bogo-ops: 27712
      bogo-ops-per-second-usr-sys-time: 1385.611362
      bogo-ops-per-second-real-time: 1385.599207
      wall-clock-time: 20.000011
      user-time: 19.999836
      system-time: 0.000000
      cpu-usage-per-instance: 99.999123
      max-rss: 768

...
