---
system-info:
      stress-ng-version: 0.17.08
      run-by: root
      date-yyyy-mm-dd: 2024:06:08
      time-hh-mm-ss: 13:55:31
      epoch-secs: 1717854931
      hostname: 87bc29621a1f
      sysname: Linux
      nodename: 87bc29621a1f
      release: 6.8.0-1008-aws
      version: '#8-Ubuntu SMP Sat Apr 20 00:46:25 UTC 2024'
      machine: x86_64
      compiler: 'musl-gcc 13.2.1'
      uptime: 138
      totalram: 401422241792
      freeram: 395830239232
      sharedram: 78606336
      bufferram: 103370752
      totalswap: 0
      freeswap: 0
      pagesize: 4096
      cpus: 96
      cpus-online: 96
      ticks-per-second: 100

metrics:
    - stressor: cpu
      bogo-ops: 14933
      bogo-ops-per-second-usr-sys-time: 1493.239374
      bogo-ops-per-second-real-time: 1493.225059
      wall-clock-time: 10.000502
      user-time: 9.998407
      system-time: 0.001999
      cpu-usage-per-instance: 99.999041
      max-rss: 3072

...
