BaselineInfo:
  WebDBID: -1
  TimeStamp: 20241107114025
Version:
  Major: 11
  Minor: 0
  Build: 1002
  SpecialBuildName: ""
  ptArchitecture: x86_64_linux
Results:
  Results Complete: true
  NumTestProcesses: 4
  CPU_INTEGER_MATH: 13447.305333333334
  CPU_FLOATINGPOINT_MATH: 8033.1181635571866
  CPU_PRIME: 35.532702997333587
  CPU_SORTING: 8606.9826978231285
  CPU_ENCRYPTION: 4265.9494294374026
  CPU_COMPRESSION: 60879.771707454653
  CPU_SINGLETHREAD: 2130.7509679677482
  CPU_PHYSICS: 613.81782259858949
  CPU_MATRIX_MULT_SSE: 3621.2591758592098
  CPU_mm: 403.67831518820338
  CPU_sse: 1664.6642071581
  CPU_fma: 5397.4250278548252
  CPU_avx: 3801.6882925647037
  CPU_avx512: 0
  m_CPU_enc_SHA: 6033457583.7090302
  m_CPU_enc_AES: 4129190107.9729362
  m_CPU_enc_ECDSA: 3256868875.0832949
  ME_ALLOC_S: 1451.8347634108625
  ME_READ_S: 24084.970703125
  ME_READ_L: 12623.5302734375
  ME_WRITE: 12689.498046875
  ME_LARGE: 702.83333333333337
  ME_LATENCY: 50.472167590308665
  ME_THREADED: 33798.6416015625
  SUMM_CPU: 5630.7711067766704
  SUMM_ME: 1159.6729672181791
SystemInformation:
  OSName: Ubuntu 24.04.1 LTS
  Kernel: 6.8.0-1016-aws
  Device: ""
  Processor: AMD EPYC 7R32
  NumSockets: 1
  Manufacturer: AuthenticAMD
  NumCores: 2
  NumLogicals: 4
  CPUFrequency: 0
  Memory: 7820
  MemModuleInfo:
    iNumMemSticks: 1
    DIMM 1:
      manufacturer: Not Specified
      modulePartNo: Not Specified
      memType: DDR4
      size: 8
      clkspeed: 1466
      moduleVoltage: 0
Checksum: C182C9824457F39197A0E89FBD02A185073BF694