---
system-info:
      stress-ng-version: 0.17.08
      run-by: root
      date-yyyy-mm-dd: 2024:09:17
      time-hh-mm-ss: 12:02:25
      epoch-secs: 1726574545
      hostname: sc-runner
      sysname: Linux
      nodename: sc-runner
      release: 6.8.0-1014-azure
      version: '#16-Ubuntu SMP Thu Aug 15 20:04:41 UTC 2024'
      machine: x86_64
      compiler: 'musl-gcc 13.2.1'
      uptime: 297
      totalram: 270437851136
      freeram: 258298150912
      sharedram: 105803776
      bufferram: 329875456
      totalswap: 0
      freeswap: 0
      pagesize: 4096
      cpus: 64
      cpus-online: 64
      ticks-per-second: 100

metrics:
    - stressor: cpu
      bogo-ops: 1242183
      bogo-ops-per-second-usr-sys-time: 970.783505
      bogo-ops-per-second-real-time: 62108.885135
      wall-clock-time: 20.000085
      user-time: 1279.508512
      system-time: 0.058965
      cpu-usage-per-instance: 99.965783
      max-rss: 3000

...
