---
system-info:
      stress-ng-version: 0.17.08
      run-by: root
      date-yyyy-mm-dd: 2024:06:14
      time-hh-mm-ss: 07:56:16
      epoch-secs: 1718351776
      hostname: 96888b23ace0
      sysname: Linux
      nodename: 96888b23ace0
      release: 6.8.0-1008-aws
      version: '#8-Ubuntu SMP Sat Apr 20 02:43:14 UTC 2024'
      machine: aarch64
      compiler: 'musl-gcc 13.2.1'
      uptime: 142
      totalram: 132642869248
      freeram: 127983804416
      sharedram: 34951168
      bufferram: 107851776
      totalswap: 0
      freeswap: 0
      pagesize: 4096
      cpus: 64
      cpus-online: 64
      ticks-per-second: 100

metrics:
    - stressor: cpu
      bogo-ops: 30643
      bogo-ops-per-second-usr-sys-time: 1532.133147
      bogo-ops-per-second-real-time: 1532.145525
      wall-clock-time: 20.000058
      user-time: 20.000220
      system-time: 0.000000
      cpu-usage-per-instance: 100.000808
      max-rss: 1024

...
