---
system-info:
      stress-ng-version: 0.17.08
      run-by: root
      date-yyyy-mm-dd: 2024:06:06
      time-hh-mm-ss: 14:41:30
      epoch-secs: 1717684890
      hostname: b04f17205f0a
      sysname: Linux
      nodename: b04f17205f0a
      release: 6.8.0-1008-aws
      version: '#8-Ubuntu SMP Sat Apr 20 02:43:14 UTC 2024'
      machine: aarch64
      compiler: 'musl-gcc 13.2.1'
      uptime: 122
      totalram: 132642869248
      freeram: 128112295936
      sharedram: 34951168
      bufferram: 83628032
      totalswap: 0
      freeswap: 0
      pagesize: 4096
      cpus: 64
      cpus-online: 64
      ticks-per-second: 100

metrics:
    - stressor: cpu
      bogo-ops: 4267
      bogo-ops-per-second-usr-sys-time: 425.064649
      bogo-ops-per-second-real-time: 425.064542
      wall-clock-time: 10.038476
      user-time: 10.038473
      system-time: 0.000000
      cpu-usage-per-instance: 99.999975
      max-rss: 3584

...
