size_kb,operation,bandwidth_mb_s,latency_ns,latency_stddev_ns,latency_samples,threads,iterations,elapsed_s
32,read,1733373.98,0,0,0,16,530785,0.153107
32,write,1445452.12,0,0,0,16,661376,0.228778
32,copy,1442631.33,0,0,0,16,612746,0.212371
32,latency,0,2.01,0.00,7,1,7,0.288395
128,read,1404008.66,0,0,0,16,156739,0.223274
128,write,1450007.47,0,0,0,16,174947,0.241305
128,copy,1253161.68,0,0,0,16,128866,0.205665
128,latency,0,2.67,0.00,7,1,7,0.659471
1024,read,1156373.77,0,0,0,16,17913,0.247851
1024,write,1443170.18,0,0,0,16,22488,0.249318
1024,copy,748680.54,0,0,0,16,14507,0.310028
1024,latency,0,5.00,0.01,7,1,7,0.663533
2048,read,946098.80,0,0,0,16,7367,0.249175
2048,write,1444657.09,0,0,0,16,11075,0.245318
2048,copy,473414.29,0,0,0,16,4908,0.331752
2048,latency,0,12.89,0.18,7,1,7,0.638815
4096,read,564867.87,0,0,0,16,3530,0.399952
4096,write,1106036.67,0,0,0,16,5302,0.306796
4096,copy,239302.52,0,0,0,16,1373,0.367200
4096,latency,0,32.40,2.21,21,1,21,1.290817
16384,read,259525.13,0,0,0,16,389,0.383716
16384,write,250820.03,0,0,0,16,1102,1.124759
16384,copy,125629.53,0,0,0,16,325,0.662265
16384,latency,0,105.03,0.62,7,1,7,1.159558
32768,read,249105.44,0,0,0,16,176,0.361742
32768,write,214312.91,0,0,0,16,573,1.368914
32768,copy,118062.42,0,0,0,16,147,0.637493
32768,latency,0,114.26,0.54,7,1,7,2.574043
65536,read,237139.32,0,0,0,16,89,0.384314
65536,write,204491.70,0,0,0,16,286,1.432156
65536,copy,116743.85,0,0,0,16,83,0.728021
65536,latency,0,118.13,0.51,7,1,7,5.396625
131072,read,245203.98,0,0,0,16,47,0.392555
131072,write,204765.74,0,0,0,16,137,1.370229
131072,copy,121514.71,0,0,0,16,42,0.707865
131072,latency,0,119.93,0.20,7,1,7,11.074279
262144,read,249697.01,0,0,0,16,23,0.377289
262144,write,205308.84,0,0,0,16,61,1.216976
262144,copy,121691.23,0,0,0,16,21,0.706838
262144,latency,0,121.95,0.52,7,1,7,22.642744
