BaselineInfo:
  WebDBID: -1
  TimeStamp: 20260619123527
Version:
  Major: 11
  Minor: 0
  Build: 1004
  SpecialBuildName: ""
  ptArchitecture: x86_64_linux
Results:
  Results Complete: true
  NumTestProcesses: 2
  CPU_INTEGER_MATH: 10778.344333333334
  CPU_FLOATINGPOINT_MATH: 7830.8593064201359
  CPU_PRIME: 23.762240473782192
  CPU_SORTING: 5650.5090802284685
  CPU_ENCRYPTION: 2407.3290090933097
  CPU_COMPRESSION: 43067.772260455371
  CPU_SINGLETHREAD: 3388.9731864924124
  CPU_PHYSICS: 509.34340093805616
  CPU_MATRIX_MULT_SSE: 2699.4917747126656
  CPU_mm: 298.52982324907629
  CPU_sse: 1301.2250048310088
  CPU_fma: 3403.4538645629514
  CPU_avx: 2567.9675985251097
  CPU_avx512: 3525.320630931591
  m_CPU_enc_SHA: 2522932271.2852383
  m_CPU_enc_AES: 3289631654.6787701
  m_CPU_enc_ECDSA: 1760238343.1530709
  ME_ALLOC_S: 1429.9942322873244
  ME_READ_S: 30163.655664062499
  ME_READ_L: 19854.642578125
  ME_WRITE: 8442.03515625
  ME_LARGE: 7849
  ME_LATENCY: 77.725797896220968
  ME_THREADED: 24737.61328125
  SUMM_CPU: 4263.5286045052426
  SUMM_ME: 1927.7139727920717
SystemInformation:
  OSName: Ubuntu 24.04.4 LTS
  Kernel: 6.17.0-1018-azure
  Device: ""
  Processor: Intel(R) Xeon(R) 6973P-C
  NumSockets: 1
  Manufacturer: GenuineIntel
  NumCores: 1
  NumLogicals: 2
  CPUFrequency: 2600
  CPUMaxFrequency: 2600
  Memory: 15989
  CPUInfo:
    number: 1
    Family: 6
    Model: 13
    stepping: 1
    features: 529267711
    manufacture: GenuineIntel
    typestring: Intel(R) Xeon(R) 6973P-C
    iCoresPerPackage: 1
    iThreadsPerPackage: 2
    featuresEx:
      - 529267711
      - 4294586915
      - 739248128
    bHybrid: false
    nPCore: 0
    nLogicalsPerPCore: 0
    nECore: 0
    nLogicalsPerECore: 0
  MemModuleInfo:
    iNumMemSticks: 2
    DIMM 1:
      manufacturer: Microsoft Corporation
      modulePartNo: None
      memType: Unknown
      size: 1
      clkspeed: 0
      moduleVoltage: 0
    DIMM 2:
      manufacturer: Microsoft Corporation
      modulePartNo: None
      memType: Unknown
      size: 15
      clkspeed: 0
      moduleVoltage: 0
Checksum: 2583576C69EB7C429D01815C529A4632D3119F46