BaselineInfo:
  WebDBID: -1
  TimeStamp: 20241107075409
Version:
  Major: 11
  Minor: 0
  Build: 1002
  SpecialBuildName: ""
  ptArchitecture: aarch64_linux
Results:
  Results Complete: true
  NumTestProcesses: 2
  CPU_INTEGER_MATH: 10403.346000000001
  CPU_FLOATINGPOINT_MATH: 12086.561141170652
  CPU_PRIME: 35.31404127429753
  CPU_SORTING: 9148.9208460601203
  CPU_ENCRYPTION: 373.17416072450067
  CPU_COMPRESSION: 13051.972039780834
  CPU_SINGLETHREAD: 1943.8351420510442
  CPU_PHYSICS: 686.90101584256422
  CPU_MATRIX_MULT_SSE: 1835.343922407744
  CPU_mm: 227.77472621912761
  CPU_sse: 1439.2655629830979
  CPU_fma: 2231.4222818323906
  CPU_avx: 0
  CPU_avx512: 0
  m_CPU_enc_SHA: 591854556.13527668
  m_CPU_enc_AES: 213884956.15568921
  m_CPU_enc_ECDSA: 368164893.976596
  ME_ALLOC_S: 3030.6539472034287
  ME_READ_S: 21197.572460937499
  ME_READ_L: 19885.380859375
  ME_WRITE: 21292.38671875
  ME_LARGE: 5836.5
  ME_LATENCY: 46.714444166688253
  ME_THREADED: 38763.259765625
  SUMM_CPU: 1986.1673899882285
  SUMM_ME: 2542.7352934745791
SystemInformation:
  OSName: Ubuntu 24.04.1 LTS
  Kernel: 6.8.0-1016-aws
  Device: ""
  Processor: ARM Neoverse-V2 2 Core 0 MHz
  NumSockets: 1
  Manufacturer: ARM
  NumCores: 2
  NumLogicals: 2
  CPUFrequency: 0
  Memory: 15674
Checksum: 189514D1B2320E564817F3EE9CEACE181AAD7ED9