---
system-info:
      stress-ng-version: 0.17.08
      run-by: root
      date-yyyy-mm-dd: 2024:09:20
      time-hh-mm-ss: 20:11:52
      epoch-secs: 1726863112
      hostname: sc-runner
      sysname: Linux
      nodename: sc-runner
      release: 6.8.0-1014-azure
      version: '#16-Ubuntu SMP Thu Aug 15 20:04:41 UTC 2024'
      machine: x86_64
      compiler: 'musl-gcc 13.2.1'
      uptime: 477
      totalram: 67423420416
      freeram: 57280225280
      sharedram: 38154240
      bufferram: 248225792
      totalswap: 0
      freeswap: 0
      pagesize: 4096
      cpus: 8
      cpus-online: 8
      ticks-per-second: 100

metrics:
    - stressor: cpu
      bogo-ops: 216293
      bogo-ops-per-second-usr-sys-time: 1354.477807
      bogo-ops-per-second-real-time: 10814.623813
      wall-clock-time: 20.000048
      user-time: 159.663383
      system-time: 0.023988
      cpu-usage-per-instance: 99.804365
      max-rss: 3124

...
