---
system-info:
      stress-ng-version: 0.17.08
      run-by: root
      date-yyyy-mm-dd: 2024:09:16
      time-hh-mm-ss: 17:35:07
      epoch-secs: 1726508107
      hostname: sc-runner
      sysname: Linux
      nodename: sc-runner
      release: 6.8.0-1014-azure
      version: '#16-Ubuntu SMP Thu Aug 15 20:04:41 UTC 2024'
      machine: x86_64
      compiler: 'musl-gcc 13.2.1'
      uptime: 323
      totalram: 33648091136
      freeram: 23396814848
      sharedram: 42090496
      bufferram: 236527616
      totalswap: 0
      freeswap: 0
      pagesize: 4096
      cpus: 16
      cpus-online: 16
      ticks-per-second: 100

metrics:
    - stressor: cpu
      bogo-ops: 28258
      bogo-ops-per-second-usr-sys-time: 1412.908054
      bogo-ops-per-second-real-time: 1412.897575
      wall-clock-time: 20.000034
      user-time: 19.998887
      system-time: 0.000999
      cpu-usage-per-instance: 99.999258
      max-rss: 3152

...
