---
system-info:
      stress-ng-version: 0.17.08
      run-by: root
      date-yyyy-mm-dd: 2024:06:08
      time-hh-mm-ss: 17:42:53
      epoch-secs: 1717868573
      hostname: 1ee4a0046406
      sysname: Linux
      nodename: 1ee4a0046406
      release: 6.8.0-1008-aws
      version: '#8-Ubuntu SMP Sat Apr 20 00:46:25 UTC 2024'
      machine: x86_64
      compiler: 'musl-gcc 13.2.1'
      uptime: 114
      totalram: 399308288000
      freeram: 393585119232
      sharedram: 117370880
      bufferram: 103776256
      totalswap: 0
      freeswap: 0
      pagesize: 4096
      cpus: 96
      cpus-online: 96
      ticks-per-second: 100

metrics:
    - stressor: cpu
      bogo-ops: 1177870
      bogo-ops-per-second-usr-sys-time: 1228.294103
      bogo-ops-per-second-real-time: 117768.409790
      wall-clock-time: 10.001579
      user-time: 958.830918
      system-time: 0.116941
      cpu-usage-per-instance: 99.874636
      max-rss: 3072

...
