---
system-info:
      stress-ng-version: 0.17.08
      run-by: root
      date-yyyy-mm-dd: 2024:06:14
      time-hh-mm-ss: 23:56:03
      epoch-secs: 1718409363
      hostname: ccad2ceaef67
      sysname: Linux
      nodename: ccad2ceaef67
      release: 6.8.0-1008-aws
      version: '#8-Ubuntu SMP Sat Apr 20 00:46:25 UTC 2024'
      machine: x86_64
      compiler: 'musl-gcc 13.2.1'
      uptime: 124
      totalram: 399308349440
      freeram: 393754157056
      sharedram: 117370880
      bufferram: 108838912
      totalswap: 0
      freeswap: 0
      pagesize: 4096
      cpus: 96
      cpus-online: 96
      ticks-per-second: 100

metrics:
    - stressor: cpu
      bogo-ops: 1853915
      bogo-ops-per-second-usr-sys-time: 965.916541
      bogo-ops-per-second-real-time: 92695.424320
      wall-clock-time: 20.000070
      user-time: 1919.291529
      system-time: 0.040962
      cpu-usage-per-instance: 99.964883
      max-rss: 768

...
