BaselineInfo:
  WebDBID: -1
  TimeStamp: 20250418092454
Version:
  Major: 11
  Minor: 0
  Build: 1002
  SpecialBuildName: ""
  ptArchitecture: x86_64_linux
Results:
  Results Complete: true
  NumTestProcesses: 64
  CPU_INTEGER_MATH: 280245.25966666674
  CPU_FLOATINGPOINT_MATH: 198622.20814401587
  CPU_PRIME: 577.63700008082378
  CPU_SORTING: 136819.16999639562
  CPU_ENCRYPTION: 61937.019303412773
  CPU_COMPRESSION: 999565.05776777666
  CPU_SINGLETHREAD: 2920.6267800723695
  CPU_PHYSICS: 12942.898873677186
  CPU_MATRIX_MULT_SSE: 82812.122128979419
  CPU_mm: 7809.085152726283
  CPU_sse: 33694.85048855847
  CPU_fma: 91975.967214551172
  CPU_avx: 69824.48657042424
  CPU_avx512: 135753.18424238378
  m_CPU_enc_SHA: 65280711582.12162
  m_CPU_enc_AES: 84985315070.467194
  m_CPU_enc_ECDSA: 44570989206.69725
  ME_ALLOC_S: 28978.887512009587
  ME_READ_S: 26852.294921875
  ME_READ_L: 10518.7490234375
  ME_WRITE: 9596.0771484375
  ME_LARGE: 504407.33333333331
  ME_LATENCY: 65.518089947179533
  ME_THREADED: 374125.2587890625
  SUMM_CPU: 72789.566703867662
  SUMM_ME: 2505.5995353354083
SystemInformation:
  OSName: Ubuntu 24.04.2 LTS
  Kernel: 6.8.0-1021-azure
  Device: ""
  Processor: INTEL XEON PLATINUM 8573C
  NumSockets: 2
  Manufacturer: GenuineIntel
  NumCores: 32
  NumLogicals: 64
  CPUFrequency: 2300
  Memory: 515957
  MemModuleInfo:
    iNumMemSticks: 4
    DIMM 1:
      manufacturer: Microsoft Corporation
      modulePartNo: None
      memType: Unknown
      size: 1
      clkspeed: 0
      moduleVoltage: 0
    DIMM 2:
      manufacturer: Microsoft Corporation
      modulePartNo: None
      memType: Unknown
      size: 59
      clkspeed: 0
      moduleVoltage: 0
    DIMM 3:
      manufacturer: Microsoft Corporation
      modulePartNo: None
      memType: Unknown
      size: 196
      clkspeed: 0
      moduleVoltage: 0
    DIMM 4:
      manufacturer: Microsoft Corporation
      modulePartNo: None
      memType: Unknown
      size: 256
      clkspeed: 0
      moduleVoltage: 0
Checksum: 2921966846B1BB54EB7A9E28233F8056246FB0DF