---
system-info:
      stress-ng-version: 0.17.08
      run-by: root
      date-yyyy-mm-dd: 2024:06:15
      time-hh-mm-ss: 18:55:55
      epoch-secs: 1718477755
      hostname: ee9d4294195d
      sysname: Linux
      nodename: ee9d4294195d
      release: 6.8.0-1008-aws
      version: '#8-Ubuntu SMP Sat Apr 20 02:43:14 UTC 2024'
      machine: aarch64
      compiler: 'musl-gcc 13.2.1'
      uptime: 149
      totalram: 66596831232
      freeram: 62230237184
      sharedram: 35028992
      bufferram: 108158976
      totalswap: 0
      freeswap: 0
      pagesize: 4096
      cpus: 8
      cpus-online: 8
      ticks-per-second: 100

metrics:
    - stressor: cpu
      bogo-ops: 242586
      bogo-ops-per-second-usr-sys-time: 1519.431795
      bogo-ops-per-second-real-time: 12129.250911
      wall-clock-time: 20.000081
      user-time: 159.640743
      system-time: 0.014992
      cpu-usage-per-instance: 99.784431
      max-rss: 1192

...
