---
system-info:
      stress-ng-version: 0.17.08
      run-by: root
      date-yyyy-mm-dd: 2024:06:09
      time-hh-mm-ss: 16:23:10
      epoch-secs: 1717950190
      hostname: bb2b8b51b9a9
      sysname: Linux
      nodename: bb2b8b51b9a9
      release: 6.8.0-1008-aws
      version: '#8-Ubuntu SMP Sat Apr 20 02:43:14 UTC 2024'
      machine: aarch64
      compiler: 'musl-gcc 13.2.1'
      uptime: 126
      totalram: 66596831232
      freeram: 62049001472
      sharedram: 35028992
      bufferram: 108744704
      totalswap: 0
      freeswap: 0
      pagesize: 4096
      cpus: 8
      cpus-online: 8
      ticks-per-second: 100

metrics:
    - stressor: cpu
      bogo-ops: 23484
      bogo-ops-per-second-usr-sys-time: 292.975018
      bogo-ops-per-second-real-time: 2337.308779
      wall-clock-time: 10.047453
      user-time: 80.149010
      system-time: 0.007995
      cpu-usage-per-instance: 99.723041
      max-rss: 4136

...
