---
system-info:
      stress-ng-version: 0.17.08
      run-by: root
      date-yyyy-mm-dd: 2024:09:22
      time-hh-mm-ss: 05:32:57
      epoch-secs: 1726983177
      hostname: sc-runner
      sysname: Linux
      nodename: sc-runner
      release: 6.8.0-1014-azure
      version: '#16-Ubuntu SMP Thu Aug 15 20:04:41 UTC 2024'
      machine: x86_64
      compiler: 'musl-gcc 13.2.1'
      uptime: 310
      totalram: 135070527488
      freeram: 124733382656
      sharedram: 38117376
      bufferram: 269291520
      totalswap: 0
      freeswap: 0
      pagesize: 4096
      cpus: 4
      cpus-online: 4
      ticks-per-second: 100

metrics:
    - stressor: cpu
      bogo-ops: 107803
      bogo-ops-per-second-usr-sys-time: 1353.984293
      bogo-ops-per-second-real-time: 5390.129197
      wall-clock-time: 20.000077
      user-time: 79.603110
      system-time: 0.015982
      cpu-usage-per-instance: 99.523481
      max-rss: 3152

...
