---
system-info:
      stress-ng-version: 0.17.08
      run-by: root
      date-yyyy-mm-dd: 2024:09:17
      time-hh-mm-ss: 05:26:11
      epoch-secs: 1726550771
      hostname: sc-runner
      sysname: Linux
      nodename: sc-runner
      release: 6.8.0-1014-azure
      version: '#16-Ubuntu SMP Thu Aug 15 20:04:41 UTC 2024'
      machine: x86_64
      compiler: 'musl-gcc 13.2.1'
      uptime: 307
      totalram: 270250344448
      freeram: 259273756672
      sharedram: 55033856
      bufferram: 285134848
      totalswap: 0
      freeswap: 0
      pagesize: 4096
      cpus: 32
      cpus-online: 32
      ticks-per-second: 100

metrics:
    - stressor: cpu
      bogo-ops: 37979
      bogo-ops-per-second-usr-sys-time: 1898.957881
      bogo-ops-per-second-real-time: 1898.942009
      wall-clock-time: 20.000084
      user-time: 19.998918
      system-time: 0.000999
      cpu-usage-per-instance: 99.999164
      max-rss: 3080

...
