BaselineInfo:
  WebDBID: -1
  TimeStamp: 20260407090615
Version:
  Major: 11
  Minor: 0
  Build: 1004
  SpecialBuildName: ""
  ptArchitecture: x86_64_linux
Results:
  Results Complete: true
  NumTestProcesses: 4
  CPU_INTEGER_MATH: 16735.031333333332
  CPU_FLOATINGPOINT_MATH: 8569.0633028878638
  CPU_PRIME: 36.88745645203602
  CPU_SORTING: 8855.4865755112605
  CPU_ENCRYPTION: 3632.9832958034513
  CPU_COMPRESSION: 63780.162992623416
  CPU_SINGLETHREAD: 2395.9077886101859
  CPU_PHYSICS: 723.2120410962159
  CPU_MATRIX_MULT_SSE: 3420.6657875839269
  CPU_mm: 361.03019262270942
  CPU_sse: 1587.0577394527211
  CPU_fma: 4363.1903103843542
  CPU_avx: 3224.8987954278914
  CPU_avx512: 4507.5163050707415
  m_CPU_enc_SHA: 3669607714.9306769
  m_CPU_enc_AES: 5509193475.1637506
  m_CPU_enc_ECDSA: 2249576087.0467725
  ME_ALLOC_S: 2044.6798849405839
  ME_READ_S: 24096.392968749999
  ME_READ_L: 12010.6142578125
  ME_WRITE: 10831.4287109375
  ME_LARGE: 1690.4166666666667
  ME_LATENCY: 55.447088175567217
  ME_THREADED: 30607.9580078125
  SUMM_CPU: 5890.7205828033511
  SUMM_ME: 1635.7460809672691
SystemInformation:
  OSName: Ubuntu 24.04.4 LTS
  Kernel: 6.8.0-106-generic
  Device: ""
  Processor: Intel(R) Xeon(R) Platinum 8369B CPU @ 2.70GHz
  NumSockets: 1
  Manufacturer: GenuineIntel
  NumCores: 2
  NumLogicals: 4
  CPUFrequency: 0
  CPUMaxFrequency: 0
  Memory: 7270
  CPUInfo:
    number: 1
    Family: 6
    Model: 10
    stepping: 6
    features: 529267711
    manufacture: GenuineIntel
    typestring: Intel(R) Xeon(R) Platinum 8369B CPU @ 2.70GHz
    iCoresPerPackage: 2
    iThreadsPerPackage: 2
    featuresEx:
      - 529267711
      - 4277809667
      - 739248128
    bHybrid: false
    nPCore: 0
    nLogicalsPerPCore: 0
    nECore: 0
    nLogicalsPerECore: 0
  MemModuleInfo:
    iNumMemSticks: 1
    DIMM 1:
      manufacturer: Alibaba Cloud
      modulePartNo: Not Specified
      memType: RAM
      size: 8
      clkspeed: 0
      moduleVoltage: 0
Checksum: 23EBE71F8079F078BE6ABC275665F60A96B29134