---
system-info:
      stress-ng-version: 0.17.08
      run-by: root
      date-yyyy-mm-dd: 2024:06:13
      time-hh-mm-ss: 09:41:21
      epoch-secs: 1718271681
      hostname: dc4865876d80
      sysname: Linux
      nodename: dc4865876d80
      release: 6.8.0-1008-aws
      version: '#8-Ubuntu SMP Sat Apr 20 00:46:25 UTC 2024'
      machine: x86_64
      compiler: 'musl-gcc 13.2.1'
      uptime: 130
      totalram: 16469917696
      freeram: 12166733824
      sharedram: 59867136
      bufferram: 105676800
      totalswap: 0
      freeswap: 0
      pagesize: 4096
      cpus: 2
      cpus-online: 2
      ticks-per-second: 100

metrics:
    - stressor: cpu
      bogo-ops: 38396
      bogo-ops-per-second-usr-sys-time: 968.556693
      bogo-ops-per-second-real-time: 1919.782252
      wall-clock-time: 20.000185
      user-time: 39.634503
      system-time: 0.007988
      cpu-usage-per-instance: 99.105311
      max-rss: 1104

...
