---
system-info:
      stress-ng-version: 0.17.08
      run-by: root
      date-yyyy-mm-dd: 2024:06:07
      time-hh-mm-ss: 14:41:56
      epoch-secs: 1717771316
      hostname: c4367bdb3f71
      sysname: Linux
      nodename: c4367bdb3f71
      release: 6.8.0-1008-aws
      version: '#8-Ubuntu SMP Sat Apr 20 00:46:25 UTC 2024'
      machine: x86_64
      compiler: 'musl-gcc 13.2.1'
      uptime: 152
      totalram: 16469909504
      freeram: 12235448320
      sharedram: 59867136
      bufferram: 91308032
      totalswap: 0
      freeswap: 0
      pagesize: 4096
      cpus: 2
      cpus-online: 2
      ticks-per-second: 100

metrics:
    - stressor: cpu
      bogo-ops: 24647
      bogo-ops-per-second-usr-sys-time: 1245.522836
      bogo-ops-per-second-real-time: 2464.277596
      wall-clock-time: 10.001714
      user-time: 19.783499
      system-time: 0.004978
      cpu-usage-per-instance: 98.925428
      max-rss: 3920

...
