BaselineInfo:
  WebDBID: -1
  TimeStamp: 20250418095550
Version:
  Major: 11
  Minor: 0
  Build: 1002
  SpecialBuildName: ""
  ptArchitecture: x86_64_linux
Results:
  Results Complete: true
  NumTestProcesses: 128
  CPU_INTEGER_MATH: 560519.46366666642
  CPU_FLOATINGPOINT_MATH: 398358.80114032049
  CPU_PRIME: 1175.6593641186271
  CPU_SORTING: 274572.58495154924
  CPU_ENCRYPTION: 123628.19222531233
  CPU_COMPRESSION: 1995336.6286062298
  CPU_SINGLETHREAD: 2919.1211642520061
  CPU_PHYSICS: 21177.534982088426
  CPU_MATRIX_MULT_SSE: 159020.82651208021
  CPU_mm: 15619.142104247383
  CPU_sse: 67213.906788572727
  CPU_fma: 174102.24024863716
  CPU_avx: 136946.31801033553
  CPU_avx512: 257820.8410007754
  m_CPU_enc_SHA: 131125653701.09473
  m_CPU_enc_AES: 169718535557.34219
  m_CPU_enc_ECDSA: 88056476614.11026
  ME_ALLOC_S: 35990.038893902529
  ME_READ_S: 26411.654882812501
  ME_READ_L: 9939.62109375
  ME_WRITE: 9188.3466796875
  ME_LARGE: 245104.33333333334
  ME_LATENCY: 59.772943377859782
  ME_THREADED: 611161.53393554688
  SUMM_CPU: 107868.95916938227
  SUMM_ME: 2568.1836101540598
SystemInformation:
  OSName: Ubuntu 24.04.2 LTS
  Kernel: 6.8.0-1021-azure
  Device: ""
  Processor: INTEL XEON PLATINUM 8573C
  NumSockets: 2
  Manufacturer: GenuineIntel
  NumCores: 64
  NumLogicals: 128
  CPUFrequency: 2300
  Memory: 257885
  MemModuleInfo:
    iNumMemSticks: 4
    DIMM 1:
      manufacturer: Microsoft Corporation
      modulePartNo: None
      memType: Unknown
      size: 1
      clkspeed: 0
      moduleVoltage: 0
    DIMM 2:
      manufacturer: Microsoft Corporation
      modulePartNo: None
      memType: Unknown
      size: 59
      clkspeed: 0
      moduleVoltage: 0
    DIMM 3:
      manufacturer: Microsoft Corporation
      modulePartNo: None
      memType: Unknown
      size: 68
      clkspeed: 0
      moduleVoltage: 0
    DIMM 4:
      manufacturer: Microsoft Corporation
      modulePartNo: None
      memType: Unknown
      size: 128
      clkspeed: 0
      moduleVoltage: 0
Checksum: C52EBF3709C95FFBB22649577B0E84E266215C7D