BaselineInfo:
  WebDBID: -1
  TimeStamp: 20260612134221
Version:
  Major: 11
  Minor: 0
  Build: 1004
  SpecialBuildName: ""
  ptArchitecture: x86_64_linux
Results:
  Results Complete: true
  NumTestProcesses: 12
  CPU_INTEGER_MATH: 51952.238333333335
  CPU_FLOATINGPOINT_MATH: 38524.935537882484
  CPU_PRIME: 110.76171325618925
  CPU_SORTING: 24133.229516204017
  CPU_ENCRYPTION: 10762.39546228711
  CPU_COMPRESSION: 185153.64579130019
  CPU_SINGLETHREAD: 1750.5115116178054
  CPU_PHYSICS: 2045.1516369155104
  CPU_MATRIX_MULT_SSE: 13120.0643074421
  CPU_mm: 1464.3884257708746
  CPU_sse: 6392.9690364789294
  CPU_fma: 18839.295858647427
  CPU_avx: 14127.928027199949
  CPU_avx512: 0
  m_CPU_enc_SHA: 15695673077.754354
  m_CPU_enc_AES: 9741829416.7813549
  m_CPU_enc_ECDSA: 8418066258.2537994
  ME_ALLOC_S: 3550.5631850162963
  ME_READ_S: 13433.908398437499
  ME_READ_L: 9712.408203125
  ME_WRITE: 10638.3037109375
  ME_LARGE: 15722.416666666666
  ME_LATENCY: 99.344676644755239
  ME_THREADED: 68578.052734375
  SUMM_CPU: 17153.846153664505
  SUMM_ME: 1623.3966258711316
SystemInformation:
  OSName: Ubuntu 24.04.4 LTS
  Kernel: 6.8.0-124-generic
  Device: ""
  Processor: AMD EPYC-Rome Processor
  NumSockets: 1
  Manufacturer: AuthenticAMD
  NumCores: 6
  NumLogicals: 12
  CPUFrequency: 0
  CPUMaxFrequency: 0
  Memory: 24024
  CPUInfo:
    number: 1
    Family: 15
    Model: 1
    stepping: 0
    features: 395049983
    manufacture: AuthenticAMD
    typestring: AMD EPYC-Rome Processor
    iCoresPerPackage: 6
    iThreadsPerPackage: 2
    featuresEx:
      - 395049983
      - 4277678595
      - 802421759
    bHybrid: false
    nPCore: 0
    nLogicalsPerPCore: 0
    nECore: 0
    nLogicalsPerECore: 0
  MemModuleInfo:
    iNumMemSticks: 2
    DIMM 1:
      manufacturer: QEMU
      modulePartNo: Not Specified
      memType: RAM
      size: 16
      clkspeed: 0
      moduleVoltage: 0
    DIMM 2:
      manufacturer: QEMU
      modulePartNo: Not Specified
      memType: RAM
      size: 8
      clkspeed: 0
      moduleVoltage: 0
Checksum: F9F7F4EF8EC5D4897FF54C6EB9C50A7D7B6466FD