---
system-info:
      stress-ng-version: 0.17.08
      run-by: root
      date-yyyy-mm-dd: 2024:09:15
      time-hh-mm-ss: 19:12:33
      epoch-secs: 1726427553
      hostname: sc-runner
      sysname: Linux
      nodename: sc-runner
      release: 6.8.0-1014-azure
      version: '#16-Ubuntu SMP Thu Aug 15 20:04:41 UTC 2024'
      machine: x86_64
      compiler: 'musl-gcc 13.2.1'
      uptime: 331
      totalram: 1991647232
      freeram: 291352576
      sharedram: 42024960
      bufferram: 149192704
      totalswap: 0
      freeswap: 0
      pagesize: 4096
      cpus: 1
      cpus-online: 1
      ticks-per-second: 100

metrics:
    - stressor: cpu
      bogo-ops: 24474
      bogo-ops-per-second-usr-sys-time: 1246.993400
      bogo-ops-per-second-real-time: 1223.695317
      wall-clock-time: 20.000077
      user-time: 19.616477
      system-time: 0.009930
      cpu-usage-per-instance: 98.131659
      max-rss: 3128

...
