BaselineInfo:
  WebDBID: -1
  TimeStamp: 20250418121103
Version:
  Major: 11
  Minor: 0
  Build: 1002
  SpecialBuildName: ""
  ptArchitecture: x86_64_linux
Results:
  Results Complete: true
  NumTestProcesses: 128
  CPU_INTEGER_MATH: 538156.16766666644
  CPU_FLOATINGPOINT_MATH: 383245.57191755547
  CPU_PRIME: 1135.5633949846251
  CPU_SORTING: 265156.39374222775
  CPU_ENCRYPTION: 119699.15046745793
  CPU_COMPRESSION: 1934466.2398396262
  CPU_SINGLETHREAD: 2904.375133516432
  CPU_PHYSICS: 20734.135484908675
  CPU_MATRIX_MULT_SSE: 155347.53014231211
  CPU_mm: 14865.5875618217
  CPU_sse: 64814.431299346055
  CPU_fma: 170883.5464815569
  CPU_avx: 131513.69957828338
  CPU_avx512: 254178.44321006205
  m_CPU_enc_SHA: 126326197502.14099
  m_CPU_enc_AES: 164555637709.29156
  m_CPU_enc_ECDSA: 85659133990.263168
  ME_ALLOC_S: 35291.08353469109
  ME_READ_S: 26128.586328124999
  ME_READ_L: 10017.0234375
  ME_WRITE: 9170.759765625
  ME_LARGE: 502611.91666666669
  ME_LATENCY: 69.487344385125553
  ME_THREADED: 566872.01318359375
  SUMM_CPU: 105828.4878697625
  SUMM_ME: 2393.86169361263
SystemInformation:
  OSName: Ubuntu 24.04.2 LTS
  Kernel: 6.8.0-1021-azure
  Device: ""
  Processor: INTEL XEON PLATINUM 8573C
  NumSockets: 2
  Manufacturer: GenuineIntel
  NumCores: 64
  NumLogicals: 128
  CPUFrequency: 2300
  Memory: 515933
  MemModuleInfo:
    iNumMemSticks: 4
    DIMM 1:
      manufacturer: Microsoft Corporation
      modulePartNo: None
      memType: Unknown
      size: 1
      clkspeed: 0
      moduleVoltage: 0
    DIMM 2:
      manufacturer: Microsoft Corporation
      modulePartNo: None
      memType: Unknown
      size: 59
      clkspeed: 0
      moduleVoltage: 0
    DIMM 3:
      manufacturer: Microsoft Corporation
      modulePartNo: None
      memType: Unknown
      size: 196
      clkspeed: 0
      moduleVoltage: 0
    DIMM 4:
      manufacturer: Microsoft Corporation
      modulePartNo: None
      memType: Unknown
      size: 256
      clkspeed: 0
      moduleVoltage: 0
Checksum: DCB82330DCA1729AF074EE6FD27E7C6C1D69F676