---
system-info:
      stress-ng-version: 0.17.08
      run-by: root
      date-yyyy-mm-dd: 2024:06:07
      time-hh-mm-ss: 22:20:48
      epoch-secs: 1717798848
      hostname: afa0d6a3f2e2
      sysname: Linux
      nodename: afa0d6a3f2e2
      release: 6.8.0-1008-aws
      version: '#8-Ubuntu SMP Sat Apr 20 02:43:14 UTC 2024'
      machine: aarch64
      compiler: 'musl-gcc 13.2.1'
      uptime: 133
      totalram: 65935777792
      freeram: 61542690816
      sharedram: 34963456
      bufferram: 93630464
      totalswap: 0
      freeswap: 0
      pagesize: 4096
      cpus: 16
      cpus-online: 16
      ticks-per-second: 100

metrics:
    - stressor: cpu
      bogo-ops: 2940
      bogo-ops-per-second-usr-sys-time: 292.891990
      bogo-ops-per-second-real-time: 292.890880
      wall-clock-time: 10.037868
      user-time: 10.035831
      system-time: 0.001999
      cpu-usage-per-instance: 99.999621
      max-rss: 4008

...
