---
system-info:
      stress-ng-version: 0.17.08
      run-by: root
      date-yyyy-mm-dd: 2024:06:13
      time-hh-mm-ss: 13:28:49
      epoch-secs: 1718285329
      hostname: 041b51bcc01d
      sysname: Linux
      nodename: 041b51bcc01d
      release: 6.8.0-1008-aws
      version: '#8-Ubuntu SMP Sat Apr 20 02:43:14 UTC 2024'
      machine: aarch64
      compiler: 'musl-gcc 13.2.1'
      uptime: 153
      totalram: 65935773696
      freeram: 61529059328
      sharedram: 34963456
      bufferram: 106463232
      totalswap: 0
      freeswap: 0
      pagesize: 4096
      cpus: 16
      cpus-online: 16
      ticks-per-second: 100

metrics:
    - stressor: cpu
      bogo-ops: 30401
      bogo-ops-per-second-usr-sys-time: 1520.023476
      bogo-ops-per-second-real-time: 1520.040215
      wall-clock-time: 20.000129
      user-time: 20.000349
      system-time: 0.000000
      cpu-usage-per-instance: 100.001101
      max-rss: 1320

...
