---
system-info:
      stress-ng-version: 0.17.08
      run-by: root
      date-yyyy-mm-dd: 2024:07:09
      time-hh-mm-ss: 14:42:33
      epoch-secs: 1720536153
      hostname: h3-standard-88-3a80edb
      sysname: Linux
      nodename: h3-standard-88-3a80edb
      release: 6.8.0-1009-gcp
      version: '#10-Ubuntu SMP Wed Jun 12 18:52:23 UTC 2024'
      machine: x86_64
      compiler: 'musl-gcc 13.2.1'
      uptime: 152
      totalram: 371896188928
      freeram: 365268021248
      sharedram: 442150912
      bufferram: 133148672
      totalswap: 0
      freeswap: 0
      pagesize: 4096
      cpus: 88
      cpus-online: 88
      ticks-per-second: 100

metrics:
    - stressor: cpu
      bogo-ops: 32489
      bogo-ops-per-second-usr-sys-time: 1624.493699
      bogo-ops-per-second-real-time: 1624.443513
      wall-clock-time: 20.000080
      user-time: 19.999462
      system-time: 0.000000
      cpu-usage-per-instance: 99.996911
      max-rss: 704

...
