---
system-info:
      stress-ng-version: 0.17.08
      run-by: root
      date-yyyy-mm-dd: 2024:08:30
      time-hh-mm-ss: 19:30:04
      epoch-secs: 1725046204
      hostname: sc-runner
      sysname: Linux
      nodename: sc-runner
      release: 6.8.0-1013-azure
      version: '#15-Ubuntu SMP Thu Aug  8 18:40:40 UTC 2024'
      machine: x86_64
      compiler: 'musl-gcc 13.2.1'
      uptime: 313
      totalram: 16765030400
      freeram: 8243830784
      sharedram: 54919168
      bufferram: 209383424
      totalswap: 0
      freeswap: 0
      pagesize: 4096
      cpus: 4
      cpus-online: 4
      ticks-per-second: 100

metrics:
    - stressor: cpu
      bogo-ops: 77309
      bogo-ops-per-second-usr-sys-time: 972.328134
      bogo-ops-per-second-real-time: 3865.435036
      wall-clock-time: 20.000077
      user-time: 79.497180
      system-time: 0.011987
      cpu-usage-per-instance: 99.386074
      max-rss: 3152

...
