BaselineInfo:
  WebDBID: -1
  TimeStamp: 20260630191712
Version:
  Major: 11
  Minor: 0
  Build: 1004
  SpecialBuildName: ""
  ptArchitecture: x86_64_linux
Results:
  Results Complete: true
  NumTestProcesses: 64
  CPU_INTEGER_MATH: 345666.48200000002
  CPU_FLOATINGPOINT_MATH: 210855.93736114359
  CPU_PRIME: 799.1195932260955
  CPU_SORTING: 165757.46905341491
  CPU_ENCRYPTION: 69498.627299187079
  CPU_COMPRESSION: 1306342.7013534966
  CPU_SINGLETHREAD: 3088.3376344508074
  CPU_PHYSICS: 14024.178779085076
  CPU_MATRIX_MULT_SSE: 107142.77432441061
  CPU_mm: 9988.987759920592
  CPU_sse: 37255.163597445491
  CPU_fma: 113337.42733577422
  CPU_avx: 111858.98216984246
  CPU_avx512: 166119.52419458021
  m_CPU_enc_SHA: 87126387917.288879
  m_CPU_enc_AES: 71374839891.073257
  m_CPU_enc_ECDSA: 60122550048.255005
  ME_ALLOC_S: 35622.378432069861
  ME_READ_S: 27793.999804687501
  ME_READ_L: 26762.80859375
  ME_WRITE: 26792.546875
  ME_LARGE: 246137.75
  ME_LATENCY: 108.93196435107434
  ME_THREADED: 346408.7998046875
  SUMM_CPU: 83864.345241530056
  SUMM_ME: 2255.2492762303273
SystemInformation:
  OSName: Ubuntu 24.04.4 LTS
  Kernel: 6.8.0-124-generic
  Device: ""
  Processor: AMD EPYC-Turin Processor
  NumSockets: 1
  Manufacturer: AuthenticAMD
  NumCores: 32
  NumLogicals: 64
  CPUFrequency: 0
  CPUMaxFrequency: 0
  Memory: 257713
  CPUInfo:
    number: 1
    Family: 15
    Model: 0
    stepping: 0
    features: 395049983
    manufacture: AuthenticAMD
    typestring: AMD EPYC-Turin Processor
    iCoresPerPackage: 32
    iThreadsPerPackage: 2
    featuresEx:
      - 395049983
      - 4277809667
      - 802421759
    bHybrid: false
    nPCore: 0
    nLogicalsPerPCore: 0
    nECore: 0
    nLogicalsPerECore: 0
  MemModuleInfo:
    iNumMemSticks: 1
    DIMM 1:
      manufacturer: QEMU
      modulePartNo: Not Specified
      memType: RAM
      size: 256
      clkspeed: 0
      moduleVoltage: 0
Checksum: A36FB0BC9DBF2E942310E1B2303CF4E09BA31C98