---
system-info:
      stress-ng-version: 0.17.08
      run-by: root
      date-yyyy-mm-dd: 2024:06:08
      time-hh-mm-ss: 10:56:24
      epoch-secs: 1717844184
      hostname: 1c07cb08b6bf
      sysname: Linux
      nodename: 1c07cb08b6bf
      release: 6.8.0-1008-aws
      version: '#8-Ubuntu SMP Sat Apr 20 00:46:25 UTC 2024'
      machine: x86_64
      compiler: 'musl-gcc 13.2.1'
      uptime: 161
      totalram: 266077159424
      freeram: 260638212096
      sharedram: 37343232
      bufferram: 100306944
      totalswap: 0
      freeswap: 0
      pagesize: 4096
      cpus: 64
      cpus-online: 64
      ticks-per-second: 100

metrics:
    - stressor: cpu
      bogo-ops: 501027
      bogo-ops-per-second-usr-sys-time: 783.601033
      bogo-ops-per-second-real-time: 50084.703999
      wall-clock-time: 10.003593
      user-time: 639.252489
      system-time: 0.137939
      cpu-usage-per-instance: 99.868870
      max-rss: 3584

...
