---
system-info:
      stress-ng-version: 0.17.08
      run-by: root
      date-yyyy-mm-dd: 2024:06:14
      time-hh-mm-ss: 17:23:32
      epoch-secs: 1718385812
      hostname: b09ed5b837a4
      sysname: Linux
      nodename: b09ed5b837a4
      release: 6.8.0-1008-aws
      version: '#8-Ubuntu SMP Sat Apr 20 00:46:25 UTC 2024'
      machine: x86_64
      compiler: 'musl-gcc 13.2.1'
      uptime: 180
      totalram: 266077200384
      freeram: 260916649984
      sharedram: 37343232
      bufferram: 108240896
      totalswap: 0
      freeswap: 0
      pagesize: 4096
      cpus: 64
      cpus-online: 64
      ticks-per-second: 100

metrics:
    - stressor: cpu
      bogo-ops: 377741
      bogo-ops-per-second-usr-sys-time: 295.383182
      bogo-ops-per-second-real-time: 18886.847732
      wall-clock-time: 20.000214
      user-time: 1278.727935
      system-time: 0.088948
      cpu-usage-per-instance: 99.906499
      max-rss: 512

...
