---
system-info:
      stress-ng-version: 0.17.08
      run-by: root
      date-yyyy-mm-dd: 2024:06:21
      time-hh-mm-ss: 02:53:27
      epoch-secs: 1718938407
      hostname: 5146624c4795
      sysname: Linux
      nodename: 5146624c4795
      release: 6.8.0-1008-gcp
      version: '#9-Ubuntu SMP Wed May 22 18:09:04 UTC 2024'
      machine: x86_64
      compiler: 'musl-gcc 13.2.1'
      uptime: 181
      totalram: 16767361024
      freeram: 11763245056
      sharedram: 59109376
      bufferram: 134000640
      totalswap: 0
      freeswap: 0
      pagesize: 4096
      cpus: 4
      cpus-online: 4
      ticks-per-second: 100

metrics:
    - stressor: cpu
      bogo-ops: 57547
      bogo-ops-per-second-usr-sys-time: 724.969982
      bogo-ops-per-second-real-time: 2877.317320
      wall-clock-time: 20.000227
      user-time: 79.349490
      system-time: 0.028969
      cpu-usage-per-instance: 99.221947
      max-rss: 1232

...
