BaselineInfo:
  WebDBID: -1
  TimeStamp: 20241109025835
Version:
  Major: 11
  Minor: 0
  Build: 1002
  SpecialBuildName: ""
  ptArchitecture: aarch64_linux
Results:
  Results Complete: true
  NumTestProcesses: 64
  CPU_INTEGER_MATH: 252644.0333333333
  CPU_FLOATINGPOINT_MATH: 191578.8628719027
  CPU_PRIME: 251.60448337770006
  CPU_SORTING: 175973.96456662338
  CPU_ENCRYPTION: 8740.5969449080494
  CPU_COMPRESSION: 304632.29209564626
  CPU_SINGLETHREAD: 1109.9776271634562
  CPU_PHYSICS: 4165.2573592786075
  CPU_MATRIX_MULT_SSE: 39868.185180320826
  CPU_mm: 6643.3779568714363
  CPU_sse: 33393.065225132596
  CPU_fma: 46343.305135509057
  CPU_avx: 0
  CPU_avx512: 0
  m_CPU_enc_SHA: 13121835678.739168
  m_CPU_enc_AES: 6066955965.0037079
  m_CPU_enc_ECDSA: 8306748902.5688362
  ME_ALLOC_S: 20339.694327668025
  ME_READ_S: 9479.6820312500004
  ME_READ_L: 9210.6435546875
  ME_WRITE: 12581.69921875
  ME_LARGE: 239168.75
  ME_LATENCY: 70.189707799220358
  ME_THREADED: 173975.7119140625
  SUMM_CPU: 28116.738673311203
  SUMM_ME: 1845.3113546376646
SystemInformation:
  OSName: Ubuntu 24.04.1 LTS
  Kernel: 6.8.0-1016-aws
  Device: ""
  Processor: ARM Neoverse-N1 64 Core 0 MHz
  NumSockets: 1
  Manufacturer: ARM
  NumCores: 64
  NumLogicals: 64
  CPUFrequency: 0
  Memory: 252151
Checksum: F3AC6B935A8A13A2E7EF7F6C226E960D38A2CA46