---
system-info:
      stress-ng-version: 0.17.08
      run-by: root
      date-yyyy-mm-dd: 2024:06:13
      time-hh-mm-ss: 23:20:47
      epoch-secs: 1718320847
      hostname: ca3ade36fa20
      sysname: Linux
      nodename: ca3ade36fa20
      release: 6.8.0-1008-aws
      version: '#8-Ubuntu SMP Sat Apr 20 02:43:14 UTC 2024'
      machine: aarch64
      compiler: 'musl-gcc 13.2.1'
      uptime: 150
      totalram: 8140918784
      freeram: 3894026240
      sharedram: 35000320
      bufferram: 107528192
      totalswap: 0
      freeswap: 0
      pagesize: 4096
      cpus: 4
      cpus-online: 4
      ticks-per-second: 100

metrics:
    - stressor: cpu
      bogo-ops: 30370
      bogo-ops-per-second-usr-sys-time: 1518.487321
      bogo-ops-per-second-real-time: 1518.496162
      wall-clock-time: 20.000051
      user-time: 20.000167
      system-time: 0.000000
      cpu-usage-per-instance: 100.000582
      max-rss: 1192

...
