---
system-info:
      stress-ng-version: 0.17.08
      run-by: root
      date-yyyy-mm-dd: 2024:06:06
      time-hh-mm-ss: 09:23:49
      epoch-secs: 1717665829
      hostname: fea56b38bae9
      sysname: Linux
      nodename: fea56b38bae9
      release: 6.8.0-1008-aws
      version: '#8-Ubuntu SMP Sat Apr 20 02:43:14 UTC 2024'
      machine: aarch64
      compiler: 'musl-gcc 13.2.1'
      uptime: 118
      totalram: 8140918784
      freeram: 4073308160
      sharedram: 35000320
      bufferram: 81481728
      totalswap: 0
      freeswap: 0
      pagesize: 4096
      cpus: 4
      cpus-online: 4
      ticks-per-second: 100

metrics:
    - stressor: cpu
      bogo-ops: 2940
      bogo-ops-per-second-usr-sys-time: 292.939296
      bogo-ops-per-second-real-time: 292.928744
      wall-clock-time: 10.036571
      user-time: 10.034210
      system-time: 0.001999
      cpu-usage-per-instance: 99.996398
      max-rss: 4136

...
