BaselineInfo:
  WebDBID: -1
  TimeStamp: 20241108211814
Version:
  Major: 11
  Minor: 0
  Build: 1002
  SpecialBuildName: ""
  ptArchitecture: x86_64_linux
Results:
  Results Complete: true
  NumTestProcesses: 48
  CPU_INTEGER_MATH: 124410.43633333335
  CPU_FLOATINGPOINT_MATH: 65524.248632771858
  CPU_PRIME: 112.8923951103462
  CPU_SORTING: 73422.990933304551
  CPU_ENCRYPTION: 38939.328747255844
  CPU_COMPRESSION: 529323.57502563274
  CPU_SINGLETHREAD: 1446.8768315684736
  CPU_PHYSICS: 2828.1242593222914
  CPU_MATRIX_MULT_SSE: 19777.553486757741
  CPU_mm: 3771.0074488444488
  CPU_sse: 15314.382783604895
  CPU_fma: 22549.051777888606
  CPU_avx: 21469.225898779714
  CPU_avx512: 0
  m_CPU_enc_SHA: 55093878586.52491
  m_CPU_enc_AES: 38177386198.162872
  m_CPU_enc_ECDSA: 29221271956.75985
  ME_ALLOC_S: 11454.746431650434
  ME_READ_S: 14943.5521484375
  ME_READ_L: 11768.1083984375
  ME_WRITE: 8167.94970703125
  ME_LARGE: 178821
  ME_LATENCY: 60.07258567366663
  ME_THREADED: 89540.520141601562
  SUMM_CPU: 30590.789755826718
  SUMM_ME: 2211.6126976131391
SystemInformation:
  OSName: Ubuntu 24.04.1 LTS
  Kernel: 6.8.0-1016-aws
  Device: ""
  Processor: AMD EPYC 7571
  NumSockets: 1
  Manufacturer: AuthenticAMD
  NumCores: 24
  NumLogicals: 48
  CPUFrequency: 0
  Memory: 190284
  MemModuleInfo:
    iNumMemSticks: 3
    DIMM 1:
      manufacturer: Not Specified
      modulePartNo: Not Specified
      memType: DDR4
      size: 64
      clkspeed: 1333
      moduleVoltage: 0
    DIMM 2:
      manufacturer: Not Specified
      modulePartNo: Not Specified
      memType: DDR4
      size: 64
      clkspeed: 1333
      moduleVoltage: 0
    DIMM 3:
      manufacturer: Not Specified
      modulePartNo: Not Specified
      memType: DDR4
      size: 64
      clkspeed: 1333
      moduleVoltage: 0
Checksum: 055D83A512DC720249C8EB3C270C038655C9154B