BaselineInfo:
  WebDBID: -1
  TimeStamp: 20260403195909
Version:
  Major: 11
  Minor: 0
  Build: 1004
  SpecialBuildName: ""
  ptArchitecture: x86_64_linux
Results:
  Results Complete: true
  NumTestProcesses: 2
  CPU_INTEGER_MATH: 6936.6763333333329
  CPU_FLOATINGPOINT_MATH: 3722.2409132586258
  CPU_PRIME: 17.278110320489859
  CPU_SORTING: 4298.5469054643891
  CPU_ENCRYPTION: 959.31892263769305
  CPU_COMPRESSION: 32945.722967170368
  CPU_SINGLETHREAD: 2293.6292355345672
  CPU_PHYSICS: 306.38763033434941
  CPU_MATRIX_MULT_SSE: 1726.1579612494374
  CPU_mm: 210.59877252645327
  CPU_sse: 760.36316119121238
  CPU_fma: 2236.2683147194257
  CPU_avx: 1581.1971504782177
  CPU_avx512: 2326.803218608894
  m_CPU_enc_SHA: 313854964.35481489
  m_CPU_enc_AES: 2421786430.3715954
  m_CPU_enc_ECDSA: 282115001.14481479
  ME_ALLOC_S: 799.3705684522198
  ME_READ_S: 24509.5654296875
  ME_READ_L: 9736.0712890625
  ME_WRITE: 9979.419921875
  ME_LARGE: 985.5
  ME_LATENCY: 49.068859531910086
  ME_THREADED: 13784.35302734375
  SUMM_CPU: 2543.2860852552863
  SUMM_ME: 1195.4489483405582
SystemInformation:
  OSName: Ubuntu 24.04.4 LTS
  Kernel: 6.8.0-106-generic
  Device: ""
  Processor: Intel(R) Xeon(R) Platinum 8369HB CPU @ 3.30GHz
  NumSockets: 1
  Manufacturer: GenuineIntel
  NumCores: 1
  NumLogicals: 2
  CPUFrequency: 0
  CPUMaxFrequency: 0
  Memory: 3499
  CPUInfo:
    number: 1
    Family: 6
    Model: 5
    stepping: 11
    features: 529267711
    manufacture: GenuineIntel
    typestring: Intel(R) Xeon(R) Platinum 8369HB CPU @ 3.30GHz
    iCoresPerPackage: 1
    iThreadsPerPackage: 2
    featuresEx:
      - 529267711
      - 4277809667
      - 739248128
    bHybrid: false
    nPCore: 0
    nLogicalsPerPCore: 0
    nECore: 0
    nLogicalsPerECore: 0
  MemModuleInfo:
    iNumMemSticks: 1
    DIMM 1:
      manufacturer: Alibaba Cloud
      modulePartNo: Not Specified
      memType: RAM
      size: 4
      clkspeed: 0
      moduleVoltage: 0
Checksum: D9A5A4E5B24D90CF0FEBBC0858796DE27B385B86