BaselineInfo:
  WebDBID: -1
  TimeStamp: 20241108173807
Version:
  Major: 11
  Minor: 0
  Build: 1002
  SpecialBuildName: ""
  ptArchitecture: x86_64_linux
Results:
  Results Complete: true
  NumTestProcesses: 32
  CPU_INTEGER_MATH: 133255.75833333333
  CPU_FLOATINGPOINT_MATH: 73288.511776438449
  CPU_PRIME: 190.85011854456772
  CPU_SORTING: 68884.291302671889
  CPU_ENCRYPTION: 34351.293346697996
  CPU_COMPRESSION: 504757.45200535835
  CPU_SINGLETHREAD: 2388.460269107672
  CPU_PHYSICS: 3770.116326735103
  CPU_MATRIX_MULT_SSE: 29959.258281843006
  CPU_mm: 3579.1852613716055
  CPU_sse: 15116.925716651831
  CPU_fma: 41719.546435797238
  CPU_avx: 33041.302693079946
  CPU_avx512: 0
  m_CPU_enc_SHA: 49784246074.555542
  m_CPU_enc_AES: 31839021326.338341
  m_CPU_enc_ECDSA: 26436557916.027706
  ME_ALLOC_S: 13567.41023847732
  ME_READ_S: 24501.337109374999
  ME_READ_L: 18908.94140625
  ME_WRITE: 18010.888671875
  ME_LARGE: 246898.58333333334
  ME_LATENCY: 64.828751318548925
  ME_THREADED: 72238.0634765625
  SUMM_CPU: 38136.176671567846
  SUMM_ME: 2782.3563583279115
SystemInformation:
  OSName: Ubuntu 24.04.1 LTS
  Kernel: 6.8.0-1017-azure
  Device: ""
  Processor: AMD EPYC 7763 64-Core Processor
  NumSockets: 1
  Manufacturer: AuthenticAMD
  NumCores: 16
  NumLogicals: 32
  CPUFrequency: 0
  Memory: 257923
  MemModuleInfo:
    iNumMemSticks: 4
    DIMM 1:
      manufacturer: Microsoft Corporation
      modulePartNo: None
      memType: Unknown
      size: 1
      clkspeed: 0
      moduleVoltage: 0
    DIMM 2:
      manufacturer: Microsoft Corporation
      modulePartNo: None
      memType: Unknown
      size: 60928
      clkspeed: 0
      moduleVoltage: 0
    DIMM 3:
      manufacturer: Microsoft Corporation
      modulePartNo: None
      memType: Unknown
      size: 69120
      clkspeed: 0
      moduleVoltage: 0
    DIMM 4:
      manufacturer: Microsoft Corporation
      modulePartNo: None
      memType: Unknown
      size: 128
      clkspeed: 0
      moduleVoltage: 0
Checksum: 27DE5E4637F23231886318F68085AECACB7AA2FB