BaselineInfo:
  WebDBID: -1
  TimeStamp: 20250614060959
Version:
  Major: 11
  Minor: 0
  Build: 1002
  SpecialBuildName: ""
  ptArchitecture: x86_64_linux
Results:
  Results Complete: true
  NumTestProcesses: 8
  CPU_INTEGER_MATH: 37966.540000000008
  CPU_FLOATINGPOINT_MATH: 21249.412639291029
  CPU_PRIME: 89.547343246027722
  CPU_SORTING: 23165.315376897099
  CPU_ENCRYPTION: 9639.5072036985166
  CPU_COMPRESSION: 155365.7983124349
  CPU_SINGLETHREAD: 2901.831924225562
  CPU_PHYSICS: 1483.8868343219069
  CPU_MATRIX_MULT_SSE: 10862.207400074954
  CPU_mm: 1015.2227250252988
  CPU_sse: 4487.050172462581
  CPU_fma: 14041.323121342497
  CPU_avx: 11590.194143372022
  CPU_avx512: 13330.26216312271
  m_CPU_enc_SHA: 13474860927.097872
  m_CPU_enc_AES: 9142543393.0871048
  m_CPU_enc_ECDSA: 7705863396.6911469
  ME_ALLOC_S: 3817.0590829781681
  ME_READ_S: 27854.064648437499
  ME_READ_L: 26237.13671875
  ME_WRITE: 25520.39453125
  ME_LARGE: 54797.916666666664
  ME_LATENCY: 81.275322561573589
  ME_THREADED: 36355.78515625
  SUMM_CPU: 14420.986571022477
  SUMM_ME: 2444.320973633527
SystemInformation:
  OSName: Ubuntu 24.04.2 LTS
  Kernel: 6.11.0-1015-azure
  Device: ""
  Processor: AMD EPYC 9V74 80-Core Processor
  NumSockets: 1
  Manufacturer: AuthenticAMD
  NumCores: 4
  NumLogicals: 8
  CPUFrequency: 0
  Memory: 64305
  MemModuleInfo:
    iNumMemSticks: 3
    DIMM 1:
      manufacturer: Microsoft Corporation
      modulePartNo: None
      memType: Unknown
      size: 1
      clkspeed: 0
      moduleVoltage: 0
    DIMM 2:
      manufacturer: Microsoft Corporation
      modulePartNo: None
      memType: Unknown
      size: 59
      clkspeed: 0
      moduleVoltage: 0
    DIMM 3:
      manufacturer: Microsoft Corporation
      modulePartNo: None
      memType: Unknown
      size: 4
      clkspeed: 0
      moduleVoltage: 0
Checksum: 8539F1FF18FBCFF96F0DBC5153FA27B0BA20DFF1