BaselineInfo:
  WebDBID: -1
  TimeStamp: 20241109191738
Version:
  Major: 11
  Minor: 0
  Build: 1002
  SpecialBuildName: ""
  ptArchitecture: aarch64_linux
Results:
  Results Complete: true
  NumTestProcesses: 64
  CPU_INTEGER_MATH: 305781.59299999999
  CPU_FLOATINGPOINT_MATH: 304162.92118233378
  CPU_PRIME: 330.02075940580261
  CPU_SORTING: 241624.98257311957
  CPU_ENCRYPTION: 8914.8350444038733
  CPU_COMPRESSION: 339124.47018275451
  CPU_SINGLETHREAD: 1566.7477449561031
  CPU_PHYSICS: 8505.2517366189495
  CPU_MATRIX_MULT_SSE: 62678.254244518554
  CPU_mm: 6952.2410051132265
  CPU_sse: 49826.825241299797
  CPU_fma: 75529.683247737325
  CPU_avx: 0
  CPU_avx512: 0
  m_CPU_enc_SHA: 13471901300.829498
  m_CPU_enc_AES: 5191055426.9536695
  m_CPU_enc_ECDSA: 9380689486.7793369
  ME_ALLOC_S: 31590.285575628535
  ME_READ_S: 19725.435546875
  ME_READ_L: 19097.88671875
  ME_WRITE: 19759.46484375
  ME_LARGE: 115309.5
  ME_LATENCY: 48.721628238161315
  ME_THREADED: 288414.53271484375
  SUMM_CPU: 34959.41701437439
  SUMM_ME: 3179.9260539443962
SystemInformation:
  OSName: Ubuntu 24.04.1 LTS
  Kernel: 6.8.0-1016-aws
  Device: ""
  Processor: ARM Neoverse-V1 64 Core 0 MHz
  NumSockets: 1
  Manufacturer: ARM
  NumCores: 64
  NumLogicals: 64
  CPUFrequency: 0
  Memory: 128534
Checksum: BDC42353D66B0725B273491B9C81DEA38D98A6D9