---
system-info:
      stress-ng-version: 0.17.08
      run-by: root
      date-yyyy-mm-dd: 2024:06:07
      time-hh-mm-ss: 16:27:31
      epoch-secs: 1717777651
      hostname: d9b79f81f400
      sysname: Linux
      nodename: d9b79f81f400
      release: 6.8.0-1008-aws
      version: '#8-Ubuntu SMP Sat Apr 20 00:46:25 UTC 2024'
      machine: x86_64
      compiler: 'musl-gcc 13.2.1'
      uptime: 250
      totalram: 7795359744
      freeram: 3606974464
      sharedram: 32776192
      bufferram: 95477760
      totalswap: 0
      freeswap: 0
      pagesize: 4096
      cpus: 2
      cpus-online: 2
      ticks-per-second: 100

metrics:
    - stressor: cpu
      bogo-ops: 9779
      bogo-ops-per-second-usr-sys-time: 978.693623
      bogo-ops-per-second-real-time: 977.638453
      wall-clock-time: 10.002675
      user-time: 9.990701
      system-time: 0.001190
      cpu-usage-per-instance: 99.892186
      max-rss: 3792

...
