---
system-info:
      stress-ng-version: 0.17.08
      run-by: root
      date-yyyy-mm-dd: 2024:06:14
      time-hh-mm-ss: 15:26:24
      epoch-secs: 1718378784
      hostname: cddb346b0eeb
      sysname: Linux
      nodename: cddb346b0eeb
      release: 6.8.0-1008-aws
      version: '#8-Ubuntu SMP Sat Apr 20 00:46:25 UTC 2024'
      machine: x86_64
      compiler: 'musl-gcc 13.2.1'
      uptime: 274
      totalram: 7795347456
      freeram: 3485126656
      sharedram: 32776192
      bufferram: 112578560
      totalswap: 0
      freeswap: 0
      pagesize: 4096
      cpus: 2
      cpus-online: 2
      ticks-per-second: 100

metrics:
    - stressor: cpu
      bogo-ops: 18697
      bogo-ops-per-second-usr-sys-time: 935.410966
      bogo-ops-per-second-real-time: 934.798505
      wall-clock-time: 20.001102
      user-time: 19.985586
      system-time: 0.002420
      cpu-usage-per-instance: 99.934525
      max-rss: 976

...
