BaselineInfo:
  WebDBID: -1
  TimeStamp: 20250424054150
Version:
  Major: 11
  Minor: 0
  Build: 1002
  SpecialBuildName: ""
  ptArchitecture: aarch64_linux
Results:
  Results Complete: true
  NumTestProcesses: 192
  CPU_INTEGER_MATH: 961747.72933333309
  CPU_FLOATINGPOINT_MATH: 1118684.0417883568
  CPU_PRIME: 1606.3349804485797
  CPU_SORTING: 827708.2602502096
  CPU_ENCRYPTION: 34644.73505973928
  CPU_COMPRESSION: 1224684.6657922301
  CPU_SINGLETHREAD: 1867.7637116795736
  CPU_PHYSICS: 36330.155048577821
  CPU_MATRIX_MULT_SSE: 139706.85114292608
  CPU_mm: 20832.435292111826
  CPU_sse: 110214.95951381221
  CPU_fma: 169198.74277203999
  CPU_avx: 0
  CPU_avx512: 0
  m_CPU_enc_SHA: 54116614056.689926
  m_CPU_enc_AES: 19835947418.871479
  m_CPU_enc_ECDSA: 35030351654.442184
  ME_ALLOC_S: 46718.302822732658
  ME_READ_S: 20260.322265625
  ME_READ_L: 18574.82421875
  ME_WRITE: 20422.234375
  ME_LARGE: 1504173.6666666667
  ME_LATENCY: 47.555436265053068
  ME_THREADED: 1018284.6259765625
  SUMM_CPU: 77432.310726366079
  SUMM_ME: 3300.4119463338634
SystemInformation:
  OSName: Ubuntu 24.04.2 LTS
  Kernel: 6.8.0-1027-aws
  Device: ""
  Processor: ARM Neoverse-V2 192 Core 0 MHz
  NumSockets: 2
  Manufacturer: ARM
  NumCores: 192
  NumLogicals: 192
  CPUFrequency: 0
  Memory: 1520778
Checksum: 031906F7A103CB059F414531F57C25092258DD93