---
system-info:
      stress-ng-version: 0.17.08
      run-by: root
      date-yyyy-mm-dd: 2024:06:20
      time-hh-mm-ss: 22:51:22
      epoch-secs: 1718923882
      hostname: 9e2de20e355a
      sysname: Linux
      nodename: 9e2de20e355a
      release: 6.8.0-1008-gcp
      version: '#9-Ubuntu SMP Wed May 22 18:09:04 UTC 2024'
      machine: x86_64
      compiler: 'musl-gcc 13.2.1'
      uptime: 140
      totalram: 4102660096
      freeram: 226373632
      sharedram: 34988032
      bufferram: 129306624
      totalswap: 0
      freeswap: 0
      pagesize: 4096
      cpus: 4
      cpus-online: 4
      ticks-per-second: 100

metrics:
    - stressor: cpu
      bogo-ops: 107877
      bogo-ops-per-second-usr-sys-time: 1356.482073
      bogo-ops-per-second-real-time: 5393.829199
      wall-clock-time: 20.000077
      user-time: 79.509053
      system-time: 0.017984
      cpu-usage-per-instance: 99.408413
      max-rss: 1208

...
