---
system-info:
      stress-ng-version: 0.17.08
      run-by: root
      date-yyyy-mm-dd: 2024:08:30
      time-hh-mm-ss: 19:07:37
      epoch-secs: 1725044857
      hostname: sc-runner
      sysname: Linux
      nodename: sc-runner
      release: 6.8.0-1013-azure
      version: '#15-Ubuntu SMP Thu Aug  8 19:55:58 UTC 2024'
      machine: aarch64
      compiler: 'musl-gcc 13.2.1'
      uptime: 379
      totalram: 33589325824
      freeram: 25208561664
      sharedram: 38105088
      bufferram: 205438976
      totalswap: 0
      freeswap: 0
      pagesize: 4096
      cpus: 8
      cpus-online: 8
      ticks-per-second: 100

metrics:
    - stressor: cpu
      bogo-ops: 36447
      bogo-ops-per-second-usr-sys-time: 1822.363941
      bogo-ops-per-second-real-time: 1822.345916
      wall-clock-time: 20.000045
      user-time: 19.998848
      system-time: 0.000999
      cpu-usage-per-instance: 99.999011
      max-rss: 1320

...
