size_kb,operation,bandwidth_mb_s,latency_ns,latency_stddev_ns,latency_samples,threads,iterations,elapsed_s
32,read,3467223.42,0,0,0,32,696380,0.200847
32,write,2902336.30,0,0,0,32,649350,0.223734
32,copy,2889201.44,0,0,0,32,517598,0.179149
32,latency,0,2.01,0.00,7,1,7,0.288436
128,read,2812020.12,0,0,0,32,164149,0.233496
128,write,2903909.71,0,0,0,32,172294,0.237327
128,copy,2467629.22,0,0,0,32,137741,0.223277
128,latency,0,2.64,0.00,7,1,7,0.651590
1024,read,2308049.85,0,0,0,32,16740,0.232092
1024,write,2885514.74,0,0,0,32,22589,0.250509
1024,copy,1553049.75,0,0,0,32,14117,0.290875
1024,latency,0,5.15,0.03,7,1,7,0.649439
2048,read,1858712.22,0,0,0,32,7504,0.258381
2048,write,2888452.69,0,0,0,32,11217,0.248537
2048,copy,708855.63,0,0,0,32,5116,0.461905
2048,latency,0,11.45,0.30,7,1,7,0.592787
4096,read,934639.72,0,0,0,32,3661,0.501378
4096,write,2065061.38,0,0,0,32,5245,0.325104
4096,copy,253449.40,0,0,0,32,1813,0.915623
4096,latency,0,23.76,0.25,7,1,7,0.683150
16384,read,359350.09,0,0,0,32,435,0.619786
16384,write,325819.65,0,0,0,32,1174,1.844849
16384,copy,157703.18,0,0,0,32,353,1.146052
16384,latency,0,33.63,0.31,7,1,7,0.641008
32768,read,332925.50,0,0,0,32,193,0.593622
32768,write,272635.67,0,0,0,32,577,2.167171
32768,copy,152984.09,0,0,0,32,164,1.097735
32768,latency,0,43.09,6.31,21,1,21,2.364071
65536,read,324157.57,0,0,0,32,94,0.593884
65536,write,261301.95,0,0,0,32,282,2.210225
65536,copy,152618.04,0,0,0,32,88,1.180883
65536,latency,0,78.09,3.73,7,1,7,3.474308
131072,read,324407.13,0,0,0,32,48,0.606053
131072,write,267773.81,0,0,0,32,141,2.156805
131072,copy,154997.43,0,0,0,32,44,1.162755
131072,latency,0,100.20,1.84,7,1,7,8.922606
262144,read,323975.25,0,0,0,32,24,0.606861
262144,write,265521.27,0,0,0,32,70,2.159676
262144,copy,149704.60,0,0,0,32,22,1.203864
262144,latency,0,109.45,0.38,7,1,7,19.935955
