"size","threads","connections","rps","latency","failed","server_usr","server_sys","client_usr","client_sys"
"1k",16,16,155102,0.000144470,0,28.92,48.07,11.71,47.04
"1k",16,32,215243,0.000143930,0,33.00,53.88,14.08,52.81
"1k",16,64,267027,0.000282960,0,34.12,56.15,15.13,53.77
"1k",16,128,320409,0.000663970,0,33.13,55.51,16.24,55.03
"1k",16,256,346027,0.001120000,0,33.75,54.55,16.32,55.02
"1k",16,512,360582,0.001680000,0,33.60,55.13,16.03,55.33
"1k",32,32,196335,0.000166870,0,31.82,55.77,14.88,54.34
"1k",32,64,238927,0.000368850,0,31.43,56.16,15.61,56.20
"1k",32,128,277330,0.000716730,0,29.02,52.46,17.82,61.00
"1k",32,256,285309,0.001160000,0,30.93,56.03,16.94,57.07
"1k",32,512,298356,0.001870000,0,30.58,56.15,16.55,57.47
"1k",64,64,229270,0.000360260,0,30.74,56.41,16.09,56.86
"1k",64,128,242550,0.000707350,0,29.03,55.54,17.39,59.42
"1k",64,256,258344,0.001220000,0,27.96,54.12,17.66,61.61
"1k",64,512,262654,0.002080000,0,28.48,55.59,17.45,59.86
"16k",16,16,137688,0.000114360,0,27.17,46.39,14.17,50.30
"16k",16,32,173492,0.000176430,0,30.02,54.01,15.45,54.05
"16k",16,64,209931,0.000351740,0,30.89,56.56,16.76,54.79
"16k",16,128,235660,0.000796230,0,31.35,58.12,16.95,53.37
"16k",16,256,251314,0.001360000,0,29.48,55.83,17.68,57.46
"16k",16,512,240007,0.002210000,0,29.90,57.77,16.17,56.85
"16k",32,32,163199,0.000202860,0,29.58,54.39,16.31,56.04
"16k",32,64,188676,0.000455110,0,29.27,56.37,17.39,57.23
"16k",32,128,208908,0.000850000,0,27.49,55.31,18.45,59.63
"16k",32,256,216830,0.001410000,0,27.07,55.59,18.39,59.92
"16k",32,512,212023,0.002530000,0,26.73,55.04,17.71,61.30
"16k",64,64,186863,0.000415770,0,27.87,53.75,18.91,59.98
"16k",64,128,193974,0.000839860,0,25.41,53.22,18.98,63.50
"16k",64,256,201999,0.001460000,0,25.08,53.16,18.94,64.35
"16k",64,512,193806,0.002720000,0,27.31,56.91,17.36,59.24
"64k",16,16,79540,0.000199940,0,20.49,50.93,13.64,50.81
"64k",16,32,103148,0.000297030,0,24.85,57.84,16.36,56.23
"64k",16,64,112818,0.000585600,0,23.67,60.49,16.88,58.19
"64k",16,128,114361,0.002080000,0,24.29,63.56,16.67,55.24
"64k",16,256,108400,0.002730000,0,24.21,58.51,16.68,61.17
"64k",16,512,89119,0.005120000,0,31.10,55.85,14.68,58.76
"64k",32,32,100792,0.000321850,0,23.64,56.73,17.95,60.81
"64k",32,64,104693,0.000686710,0,22.85,58.48,17.29,61.36
"64k",32,128,109008,0.002050000,0,23.48,59.45,17.79,59.68
"64k",32,256,105230,0.003000000,0,23.61,57.40,18.07,61.52
"64k",32,512,88235,0.008000000,0,30.29,54.16,16.69,59.29
"64k",64,64,107422,0.000664640,0,21.93,58.55,19.09,61.39
"64k",64,128,109220,0.001340000,0,19.91,56.27,19.45,65.83
"64k",64,256,101038,0.002680000,0,22.41,57.79,18.10,63.28
"64k",64,512,89772,0.005780000,0,27.75,53.45,16.57,64.23
"256k",16,16,38293,0.000422030,0,17.69,57.14,17.13,51.29
"256k",16,32,42604,0.000734810,0,19.18,63.60,18.80,55.71
"256k",16,64,37370,0.001680000,0,21.22,64.43,17.67,55.46
"256k",16,128,30236,0.003920000,0,28.90,60.87,15.74,54.37
"256k",16,256,25205,0.008740000,0,32.67,55.19,15.37,56.41
"256k",32,32,43879,0.000771030,0,18.86,64.58,20.11,56.30
"256k",32,64,38036,0.001800000,0,20.04,62.59,18.21,58.69
"256k",32,128,29819,0.004310000,0,28.20,56.31,17.08,59.12
"256k",32,256,26868,0.009310000,0,31.25,54.40,16.88,58.21
"256k",64,64,37470,0.001840000,0,20.58,61.54,18.60,59.55
"256k",64,128,29661,0.004400000,0,27.78,57.34,17.66,58.02
"256k",64,256,27446,0.009340000,0,30.60,54.30,17.47,58.27
"512k",16,16,19946,0.000813300,0,16.37,60.20,17.06,50.08
"512k",16,32,18587,0.001660000,0,22.96,63.58,17.42,52.56
"512k",16,64,14459,0.004090000,0,29.76,60.51,16.07,52.38
"512k",16,128,13012,0.008820000,0,31.76,60.33,15.72,51.51
"512k",16,256,12082,0.018120000,0,32.30,55.36,16.41,55.90
"512k",32,32,19475,0.001700000,0,22.01,65.46,18.43,52.67
"512k",32,64,14529,0.004330000,0,29.34,57.25,17.11,56.06
"512k",32,128,13372,0.009390000,0,32.27,60.10,15.79,52.02
"512k",32,256,13022,0.019240000,0,31.68,58.16,16.77,54.47
"512k",64,64,14226,0.004760000,0,29.15,59.23,17.13,54.76
"512k",64,128,13358,0.009600000,0,31.25,59.70,16.90,53.66
"512k",64,256,13261,0.019230000,0,30.29,57.79,16.99,56.25
