---
system-info:
      stress-ng-version: 0.17.08
      run-by: root
      date-yyyy-mm-dd: 2024:06:08
      time-hh-mm-ss: 08:41:07
      epoch-secs: 1717836067
      hostname: bde82b1ef853
      sysname: Linux
      nodename: bde82b1ef853
      release: 6.8.0-1008-aws
      version: '#8-Ubuntu SMP Sat Apr 20 00:46:25 UTC 2024'
      machine: x86_64
      compiler: 'musl-gcc 13.2.1'
      uptime: 167
      totalram: 16555180032
      freeram: 12244733952
      sharedram: 40734720
      bufferram: 98070528
      totalswap: 0
      freeswap: 0
      pagesize: 4096
      cpus: 4
      cpus-online: 4
      ticks-per-second: 100

metrics:
    - stressor: cpu
      bogo-ops: 39330
      bogo-ops-per-second-usr-sys-time: 990.021948
      bogo-ops-per-second-real-time: 3932.812610
      wall-clock-time: 10.000476
      user-time: 39.713047
      system-time: 0.013345
      cpu-usage-per-instance: 99.311248
      max-rss: 4048

...
