---
system-info:
      stress-ng-version: 0.17.08
      run-by: root
      date-yyyy-mm-dd: 2024:06:13
      time-hh-mm-ss: 21:41:04
      epoch-secs: 1718314864
      hostname: 28b4a78c37e7
      sysname: Linux
      nodename: 28b4a78c37e7
      release: 6.8.0-1008-aws
      version: '#8-Ubuntu SMP Sat Apr 20 00:46:25 UTC 2024'
      machine: x86_64
      compiler: 'musl-gcc 13.2.1'
      uptime: 186
      totalram: 16555184128
      freeram: 12236386304
      sharedram: 40734720
      bufferram: 105545728
      totalswap: 0
      freeswap: 0
      pagesize: 4096
      cpus: 4
      cpus-online: 4
      ticks-per-second: 100

metrics:
    - stressor: cpu
      bogo-ops: 64552
      bogo-ops-per-second-usr-sys-time: 812.214553
      bogo-ops-per-second-real-time: 3227.581195
      wall-clock-time: 20.000117
      user-time: 79.446635
      system-time: 0.029902
      cpu-usage-per-instance: 99.345092
      max-rss: 1104

...
