---
system-info:
      stress-ng-version: 0.17.08
      run-by: root
      date-yyyy-mm-dd: 2024:09:15
      time-hh-mm-ss: 21:02:08
      epoch-secs: 1726434128
      hostname: sc-runner
      sysname: Linux
      nodename: sc-runner
      release: 6.8.0-1014-azure
      version: '#16-Ubuntu SMP Thu Aug 15 20:04:41 UTC 2024'
      machine: x86_64
      compiler: 'musl-gcc 13.2.1'
      uptime: 274
      totalram: 4101033984
      freeram: 241287168
      sharedram: 54882304
      bufferram: 201961472
      totalswap: 0
      freeswap: 0
      pagesize: 4096
      cpus: 2
      cpus-online: 2
      ticks-per-second: 100

metrics:
    - stressor: cpu
      bogo-ops: 38622
      bogo-ops-per-second-usr-sys-time: 975.066380
      bogo-ops-per-second-real-time: 1931.086924
      wall-clock-time: 20.000135
      user-time: 39.599635
      system-time: 0.009976
      cpu-usage-per-instance: 99.023357
      max-rss: 1104

...
