---
system-info:
      stress-ng-version: 0.17.08
      run-by: root
      date-yyyy-mm-dd: 2024:09:21
      time-hh-mm-ss: 19:33:43
      epoch-secs: 1726947223
      hostname: sc-runner
      sysname: Linux
      nodename: sc-runner
      release: 6.8.0-1014-azure
      version: '#16-Ubuntu SMP Thu Aug 15 20:04:41 UTC 2024'
      machine: x86_64
      compiler: 'musl-gcc 13.2.1'
      uptime: 360
      totalram: 67424829440
      freeram: 57155489792
      sharedram: 38125568
      bufferram: 253132800
      totalswap: 0
      freeswap: 0
      pagesize: 4096
      cpus: 4
      cpus-online: 4
      ticks-per-second: 100

metrics:
    - stressor: cpu
      bogo-ops: 108094
      bogo-ops-per-second-usr-sys-time: 1356.973620
      bogo-ops-per-second-real-time: 5404.684924
      wall-clock-time: 20.000056
      user-time: 79.630163
      system-time: 0.027981
      cpu-usage-per-instance: 99.572402
      max-rss: 3252

...
