---
system-info:
      stress-ng-version: 0.17.08
      run-by: root
      date-yyyy-mm-dd: 2024:09:03
      time-hh-mm-ss: 14:22:56
      epoch-secs: 1725373376
      hostname: sc-runner
      sysname: Linux
      nodename: sc-runner
      release: 6.8.0-1013-azure
      version: '#15-Ubuntu SMP Thu Aug  8 18:40:40 UTC 2024'
      machine: x86_64
      compiler: 'musl-gcc 13.2.1'
      uptime: 336
      totalram: 67424833536
      freeram: 58916745216
      sharedram: 21340160
      bufferram: 216780800
      totalswap: 0
      freeswap: 0
      pagesize: 4096
      cpus: 4
      cpus-online: 4
      ticks-per-second: 100

metrics:
    - stressor: cpu
      bogo-ops: 31091
      bogo-ops-per-second-usr-sys-time: 390.270568
      bogo-ops-per-second-real-time: 1554.540299
      wall-clock-time: 20.000125
      user-time: 79.638266
      system-time: 0.026978
      cpu-usage-per-instance: 99.580934
      max-rss: 1160

...
