BaselineInfo:
  WebDBID: -1
  TimeStamp: 20241108111955
Version:
  Major: 11
  Minor: 0
  Build: 1002
  SpecialBuildName: ""
  ptArchitecture: x86_64_linux
Results:
  Results Complete: true
  NumTestProcesses: 4
  CPU_INTEGER_MATH: 10962.186999999998
  CPU_FLOATINGPOINT_MATH: 5879.112219951362
  CPU_PRIME: 25.339008318062092
  CPU_SORTING: 5944.407659385538
  CPU_ENCRYPTION: 1512.8797367099469
  CPU_COMPRESSION: 48694.734381016169
  CPU_SINGLETHREAD: 1784.0942352123868
  CPU_PHYSICS: 530.11775226542545
  CPU_MATRIX_MULT_SSE: 3413.3322647900322
  CPU_mm: 332.78038275335723
  CPU_sse: 1199.5556941569109
  CPU_fma: 4075.5077797466397
  CPU_avx: 2879.9339958731775
  CPU_avx512: 5498.3315893833997
  m_CPU_enc_SHA: 495928257.51402253
  m_CPU_enc_AES: 3821464423.9574556
  m_CPU_enc_ECDSA: 441715466.92962945
  ME_ALLOC_S: 1369.832347335655
  ME_READ_S: 21573.019921874999
  ME_READ_L: 11728.18359375
  ME_WRITE: 10500.4814453125
  ME_LARGE: 118741
  ME_LATENCY: 48.822537985451596
  ME_THREADED: 24650.77880859375
  SUMM_CPU: 3961.3429649685309
  SUMM_ME: 2279.7961452569934
SystemInformation:
  OSName: Ubuntu 24.04.1 LTS
  Kernel: 6.8.0-1017-azure
  Device: ""
  Processor: Intel Xeon Platinum 8272CL CPU @ 2.60GHz
  NumSockets: 1
  Manufacturer: GenuineIntel
  NumCores: 2
  NumLogicals: 4
  CPUFrequency: 0
  Memory: 128813
  MemModuleInfo:
    iNumMemSticks: 3
    DIMM 1:
      manufacturer: Microsoft Corporation
      modulePartNo: None
      memType: Unknown
      size: 1
      clkspeed: 0
      moduleVoltage: 0
    DIMM 2:
      manufacturer: Microsoft Corporation
      modulePartNo: None
      memType: Unknown
      size: 60928
      clkspeed: 0
      moduleVoltage: 0
    DIMM 3:
      manufacturer: Microsoft Corporation
      modulePartNo: None
      memType: Unknown
      size: 69120
      clkspeed: 0
      moduleVoltage: 0
Checksum: F6BBAB00E5CC39B23E582FE7C3A8FDEEF572C754