---
system-info:
      stress-ng-version: 0.17.08
      run-by: root
      date-yyyy-mm-dd: 2024:09:17
      time-hh-mm-ss: 04:05:58
      epoch-secs: 1726545958
      hostname: sc-runner
      sysname: Linux
      nodename: sc-runner
      release: 6.8.0-1014-azure
      version: '#16-Ubuntu SMP Thu Aug 15 20:04:41 UTC 2024'
      machine: x86_64
      compiler: 'musl-gcc 13.2.1'
      uptime: 310
      totalram: 270250348544
      freeram: 257889837056
      sharedram: 55029760
      bufferram: 322998272
      totalswap: 0
      freeswap: 0
      pagesize: 4096
      cpus: 32
      cpus-online: 32
      ticks-per-second: 100

metrics:
    - stressor: cpu
      bogo-ops: 37962
      bogo-ops-per-second-usr-sys-time: 1898.062134
      bogo-ops-per-second-real-time: 1898.091402
      wall-clock-time: 20.000091
      user-time: 20.000399
      system-time: 0.000000
      cpu-usage-per-instance: 100.001542
      max-rss: 3080

...
