BaselineInfo:
  WebDBID: -1
  TimeStamp: 20241110165908
Version:
  Major: 11
  Minor: 0
  Build: 1002
  SpecialBuildName: ""
  ptArchitecture: aarch64_linux
Results:
  Results Complete: true
  NumTestProcesses: 192
  CPU_INTEGER_MATH: 963818.13666666672
  CPU_FLOATINGPOINT_MATH: 1119939.837293349
  CPU_PRIME: 1648.6132087124033
  CPU_SORTING: 836319.11481467925
  CPU_ENCRYPTION: 34709.372140278654
  CPU_COMPRESSION: 1228933.7043940194
  CPU_SINGLETHREAD: 1873.2057374001024
  CPU_PHYSICS: 37517.103092329584
  CPU_MATRIX_MULT_SSE: 137130.4292754315
  CPU_mm: 18201.378620975505
  CPU_sse: 105841.32021617814
  CPU_fma: 168419.53833468456
  CPU_avx: 0
  CPU_avx512: 0
  m_CPU_enc_SHA: 54526146590.859329
  m_CPU_enc_AES: 19613339913.506817
  m_CPU_enc_ECDSA: 35046757299.728287
  ME_ALLOC_S: 45848.505388651283
  ME_READ_S: 20286.9326171875
  ME_READ_L: 18726.47265625
  ME_WRITE: 20567.5390625
  ME_LARGE: 1527349.8333333333
  ME_LATENCY: 46.347042542243351
  ME_THREADED: 983476.20300292969
  SUMM_CPU: 77608.25275881686
  SUMM_ME: 3346.3613320542449
SystemInformation:
  OSName: Ubuntu 24.04.1 LTS
  Kernel: 6.8.0-1016-aws
  Device: ""
  Processor: ARM Neoverse-V2 192 Core 0 MHz
  NumSockets: 2
  Manufacturer: ARM
  NumCores: 192
  NumLogicals: 192
  CPUFrequency: 0
  Memory: 1545038
Checksum: 911F6776CF343A3CDE6AD77AA97F3F6C25FFA515