---
system-info:
      stress-ng-version: 0.17.08
      run-by: root
      date-yyyy-mm-dd: 2024:06:16
      time-hh-mm-ss: 02:28:49
      epoch-secs: 1718504929
      hostname: 8432cd35e1a8
      sysname: Linux
      nodename: 8432cd35e1a8
      release: 6.8.0-1008-aws
      version: '#8-Ubuntu SMP Sat Apr 20 02:43:14 UTC 2024'
      machine: aarch64
      compiler: 'musl-gcc 13.2.1'
      uptime: 119
      totalram: 398371143680
      freeram: 393505869824
      sharedram: 35196928
      bufferram: 107921408
      totalswap: 0
      freeswap: 0
      pagesize: 4096
      cpus: 48
      cpus-online: 48
      ticks-per-second: 100

metrics:
    - stressor: cpu
      bogo-ops: 1469667
      bogo-ops-per-second-usr-sys-time: 1531.475758
      bogo-ops-per-second-real-time: 73483.077130
      wall-clock-time: 20.000074
      user-time: 959.628055
      system-time: 0.012992
      cpu-usage-per-instance: 99.962238
      max-rss: 1152

...
