---
system-info:
      stress-ng-version: 0.17.08
      run-by: root
      date-yyyy-mm-dd: 2024:06:09
      time-hh-mm-ss: 22:20:45
      epoch-secs: 1717971645
      hostname: aa123a5e1459
      sysname: Linux
      nodename: aa123a5e1459
      release: 6.8.0-1008-aws
      version: '#8-Ubuntu SMP Sat Apr 20 02:43:14 UTC 2024'
      machine: aarch64
      compiler: 'musl-gcc 13.2.1'
      uptime: 115
      totalram: 398371151872
      freeram: 393331687424
      sharedram: 35196928
      bufferram: 111562752
      totalswap: 0
      freeswap: 0
      pagesize: 4096
      cpus: 48
      cpus-online: 48
      ticks-per-second: 100

metrics:
    - stressor: cpu
      bogo-ops: 204751
      bogo-ops-per-second-usr-sys-time: 424.704937
      bogo-ops-per-second-real-time: 20374.830879
      wall-clock-time: 10.049212
      user-time: 482.071785
      system-time: 0.029981
      cpu-usage-per-instance: 99.946011
      max-rss: 3840

...
