BaselineInfo:
  WebDBID: -1
  TimeStamp: 20241109055111
Version:
  Major: 11
  Minor: 0
  Build: 1002
  SpecialBuildName: ""
  ptArchitecture: aarch64_linux
Results:
  Results Complete: true
  NumTestProcesses: 48
  CPU_INTEGER_MATH: 250405.78200000012
  CPU_FLOATINGPOINT_MATH: 290929.12562297849
  CPU_PRIME: 568.39666143029467
  CPU_SORTING: 220955.45394678565
  CPU_ENCRYPTION: 9126.2459678469895
  CPU_COMPRESSION: 319524.99243443267
  CPU_SINGLETHREAD: 1944.0040438621845
  CPU_PHYSICS: 13038.441170033235
  CPU_MATRIX_MULT_SSE: 44205.280332542323
  CPU_mm: 5422.5944113986152
  CPU_sse: 34771.860624898742
  CPU_fma: 53638.700040185897
  CPU_avx: 0
  CPU_avx512: 0
  m_CPU_enc_SHA: 14483273131.287159
  m_CPU_enc_AES: 5149554415.2880945
  m_CPU_enc_ECDSA: 9075859929.3681221
  ME_ALLOC_S: 47440.213156048718
  ME_READ_S: 21164.984765624999
  ME_READ_L: 20142.296875
  ME_WRITE: 21226.4921875
  ME_LARGE: 177096.91666666666
  ME_LATENCY: 47.599354065271761
  ME_THREADED: 432371.9853515625
  SUMM_CPU: 36188.539210192394
  SUMM_ME: 3356.6622723482856
SystemInformation:
  OSName: Ubuntu 24.04.1 LTS
  Kernel: 6.8.0-1016-aws
  Device: ""
  Processor: ARM Neoverse-V2 48 Core 0 MHz
  NumSockets: 1
  Manufacturer: ARM
  NumCores: 48
  NumLogicals: 48
  CPUFrequency: 0
  Memory: 189782
Checksum: AF053D3F87C873BFC5A6985F12BC44C8515F60A1