---
system-info:
      stress-ng-version: 0.17.08
      run-by: root
      date-yyyy-mm-dd: 2024:06:07
      time-hh-mm-ss: 23:27:51
      epoch-secs: 1717802871
      hostname: a24d569f0418
      sysname: Linux
      nodename: a24d569f0418
      release: 6.8.0-31-generic
      version: '#31-Ubuntu SMP PREEMPT_DYNAMIC Sat Apr 20 00:40:06 UTC 2024'
      machine: x86_64
      compiler: 'musl-gcc 13.2.1'
      uptime: 83
      totalram: 32859484160
      freeram: 29295816704
      sharedram: 21270528
      bufferram: 112140288
      totalswap: 0
      freeswap: 0
      pagesize: 4096
      cpus: 16
      cpus-online: 16
      ticks-per-second: 100

metrics:
    - stressor: cpu
      bogo-ops: 13500
      bogo-ops-per-second-usr-sys-time: 1349.502573
      bogo-ops-per-second-real-time: 1349.475049
      wall-clock-time: 10.003890
      user-time: 9.999687
      system-time: 0.003999
      cpu-usage-per-instance: 99.997960
      max-rss: 3792

...
