---
system-info:
      stress-ng-version: 0.17.08
      run-by: root
      date-yyyy-mm-dd: 2024:06:14
      time-hh-mm-ss: 21:58:26
      epoch-secs: 1718402306
      hostname: 9e26ad3fa153
      sysname: Linux
      nodename: 9e26ad3fa153
      release: 6.8.0-31-generic
      version: '#31-Ubuntu SMP PREEMPT_DYNAMIC Sat Apr 20 00:40:06 UTC 2024'
      machine: x86_64
      compiler: 'musl-gcc 13.2.1'
      uptime: 111
      totalram: 32859471872
      freeram: 29180735488
      sharedram: 21270528
      bufferram: 126746624
      totalswap: 0
      freeswap: 0
      pagesize: 4096
      cpus: 16
      cpus-online: 16
      ticks-per-second: 100

metrics:
    - stressor: cpu
      bogo-ops: 15445
      bogo-ops-per-second-usr-sys-time: 772.333566
      bogo-ops-per-second-real-time: 772.242203
      wall-clock-time: 20.000202
      user-time: 19.996837
      system-time: 0.000999
      cpu-usage-per-instance: 99.988170
      max-rss: 976

...
