"size","threads","connections","rps","latency","failed","server_usr","server_sys","client_usr","client_sys"
"1k",8,8,280494,0.000028190,0,7.82,31.59,4.81,36.33
"1k",8,16,248583,0.000110660,0,7.55,30.16,4.38,33.84
"1k",8,32,267138,0.000172540,0,7.70,29.64,4.35,34.16
"1k",8,64,301797,0.000384650,0,7.80,30.18,4.39,34.69
"1k",8,128,312268,0.000716820,0,7.93,31.04,4.31,35.45
"1k",8,256,344942,0.000950000,0,8.16,31.30,4.12,35.91
"1k",16,16,272488,0.000062240,0,6.35,30.14,5.08,37.96
"1k",16,32,280652,0.000124970,0,6.33,29.69,4.73,38.39
"1k",16,64,322862,0.000250080,0,6.15,30.30,5.08,38.85
"1k",16,128,310289,0.000745390,0,6.15,30.23,4.72,38.93
"1k",16,256,318618,0.001130000,0,6.34,30.64,4.46,38.77
"1k",32,32,278208,0.000132760,0,6.09,29.45,5.38,39.37
"1k",32,64,263687,0.000357320,0,5.40,29.72,5.05,40.31
"1k",32,128,275426,0.000710820,0,5.41,29.95,4.92,40.37
"1k",32,256,293445,0.001080000,0,5.71,30.11,4.78,40.03
"16k",8,8,196060,0.000041880,0,6.26,27.26,4.75,34.76
"16k",8,16,204102,0.000238260,0,7.01,28.16,4.81,34.30
"16k",8,32,209992,0.000166660,0,7.38,28.57,4.77,35.75
"16k",8,64,238417,0.000380620,0,7.20,29.08,4.92,36.03
"16k",8,128,250482,0.000597510,0,7.20,30.38,4.81,37.11
"16k",8,256,262820,0.000970000,0,7.15,30.41,4.65,37.46
"16k",16,16,224737,0.000074220,0,6.17,28.79,5.34,39.34
"16k",16,32,217407,0.000159680,0,5.98,28.50,5.11,37.53
"16k",16,64,237176,0.000307070,0,5.82,29.03,5.25,40.21
"16k",16,128,235126,0.000841980,0,5.55,29.41,5.29,39.88
"16k",16,256,242067,0.001360000,0,5.93,29.51,4.95,39.71
"16k",32,32,229421,0.000146670,0,5.96,27.44,6.00,40.64
"16k",32,64,213742,0.000382510,0,5.11,28.78,5.57,41.07
"16k",32,128,231797,0.000821590,0,5.25,28.07,5.64,41.55
"16k",32,256,247449,0.001240000,0,5.28,28.65,5.54,41.23
"64k",8,8,118436,0.000069400,0,4.69,29.05,5.16,35.94
"64k",8,16,125197,0.000124980,0,5.36,27.88,4.96,37.74
"64k",8,32,128804,0.000243820,0,5.61,28.46,4.99,37.79
"64k",8,64,135473,0.000471290,0,5.42,29.61,4.91,38.34
"64k",8,128,138457,0.000841840,0,5.46,30.76,4.74,38.83
"64k",8,256,138292,0.001610000,0,5.49,30.90,4.52,38.97
"64k",16,16,137024,0.000118880,0,4.74,28.95,5.48,40.99
"64k",16,32,130442,0.000243260,0,4.57,29.35,5.27,40.65
"64k",16,64,132743,0.000498470,0,4.50,30.54,4.88,40.40
"64k",16,128,138084,0.001100000,0,4.18,30.65,4.93,40.31
"64k",16,256,139393,0.001970000,0,4.27,30.97,4.97,40.19
"64k",32,32,135678,0.000243320,0,4.65,28.32,5.87,41.56
"64k",32,64,126658,0.000620680,0,3.88,30.01,5.23,41.48
"64k",32,128,127179,0.001210000,0,3.85,30.42,5.06,41.39
"64k",32,256,128283,0.002120000,0,3.93,30.68,5.18,41.03
"256k",8,8,57410,0.000161800,0,4.71,28.09,6.11,39.57
"256k",8,16,50483,0.000320600,0,4.93,29.76,5.46,36.49
"256k",8,32,51537,0.000581430,0,5.15,32.13,5.07,36.27
"256k",8,64,53465,0.001100000,0,5.09,32.87,5.11,36.39
"256k",8,128,54229,0.002070000,0,5.00,33.43,5.01,36.63
"256k",16,16,56140,0.000310080,0,4.68,30.10,6.08,39.36
"256k",16,32,53740,0.000613660,0,4.44,31.70,5.68,38.47
"256k",16,64,53507,0.001350000,0,4.26,32.43,5.21,38.21
"256k",16,128,51922,0.002530000,0,4.12,33.41,5.19,37.65
"256k",32,32,55083,0.000614010,0,4.33,30.75,6.08,39.43
"256k",32,64,51263,0.001380000,0,3.75,32.62,5.24,38.74
"256k",32,128,51352,0.002590000,0,3.99,32.33,5.42,38.49
"512k",8,8,31207,0.000268760,0,3.99,31.74,6.23,38.11
"512k",8,16,28862,0.000519270,0,4.71,30.91,5.33,36.39
"512k",8,32,29989,0.000970000,0,5.01,32.71,5.36,35.82
"512k",8,64,30134,0.001860000,0,5.01,33.84,5.10,35.92
"512k",8,128,29541,0.003650000,0,5.02,34.40,4.98,35.53
"512k",16,16,31253,0.000513180,0,4.27,32.68,6.01,37.60
"512k",16,32,29595,0.001090000,0,4.10,33.20,5.24,37.34
"512k",16,64,28799,0.002250000,0,3.94,34.35,5.03,36.94
"512k",16,128,28945,0.004230000,0,4.27,34.37,5.28,36.65
"512k",32,32,29887,0.001090000,0,3.79,32.75,6.00,38.12
"512k",32,64,28265,0.002330000,0,3.75,33.60,5.34,37.56
"512k",32,128,27923,0.004560000,0,4.04,33.27,5.62,37.60
