---
system-info:
      stress-ng-version: 0.17.08
      run-by: root
      date-yyyy-mm-dd: 2024:06:16
      time-hh-mm-ss: 07:55:06
      epoch-secs: 1718524506
      hostname: 777898d0f47d
      sysname: Linux
      nodename: 777898d0f47d
      release: 6.8.0-1008-aws
      version: '#8-Ubuntu SMP Sat Apr 20 00:46:25 UTC 2024'
      machine: x86_64
      compiler: 'musl-gcc 13.2.1'
      uptime: 119
      totalram: 66684051456
      freeram: 62222266368
      sharedram: 29249536
      bufferram: 109830144
      totalswap: 0
      freeswap: 0
      pagesize: 4096
      cpus: 8
      cpus-online: 8
      ticks-per-second: 100

metrics:
    - stressor: cpu
      bogo-ops: 174631
      bogo-ops-per-second-usr-sys-time: 1093.522571
      bogo-ops-per-second-real-time: 8731.511618
      wall-clock-time: 20.000088
      user-time: 159.681839
      system-time: 0.013996
      cpu-usage-per-instance: 99.809458
      max-rss: 1104

...
