---
system-info:
      stress-ng-version: 0.17.08
      run-by: root
      date-yyyy-mm-dd: 2024:06:10
      time-hh-mm-ss: 12:41:57
      epoch-secs: 1718023317
      hostname: d62b70215c3c
      sysname: Linux
      nodename: d62b70215c3c
      release: 6.8.0-1008-aws
      version: '#8-Ubuntu SMP Sat Apr 20 00:46:25 UTC 2024'
      machine: x86_64
      compiler: 'musl-gcc 13.2.1'
      uptime: 108
      totalram: 66684051456
      freeram: 62262181888
      sharedram: 29249536
      bufferram: 109137920
      totalswap: 0
      freeswap: 0
      pagesize: 4096
      cpus: 8
      cpus-online: 8
      ticks-per-second: 100

metrics:
    - stressor: cpu
      bogo-ops: 104542
      bogo-ops-per-second-usr-sys-time: 1310.341586
      bogo-ops-per-second-real-time: 10452.646079
      wall-clock-time: 10.001487
      user-time: 79.760268
      system-time: 0.021982
      cpu-usage-per-instance: 99.712989
      max-rss: 4048

...
