---
system-info:
      stress-ng-version: 0.17.08
      run-by: root
      date-yyyy-mm-dd: 2024:09:16
      time-hh-mm-ss: 07:45:22
      epoch-secs: 1726472722
      hostname: sc-runner
      sysname: Linux
      nodename: sc-runner
      release: 6.8.0-1014-azure
      version: '#16-Ubuntu SMP Thu Aug 15 20:04:41 UTC 2024'
      machine: x86_64
      compiler: 'musl-gcc 13.2.1'
      uptime: 338
      totalram: 33653030912
      freeram: 23638163456
      sharedram: 54865920
      bufferram: 224337920
      totalswap: 0
      freeswap: 0
      pagesize: 4096
      cpus: 2
      cpus-online: 2
      ticks-per-second: 100

metrics:
    - stressor: cpu
      bogo-ops: 31287
      bogo-ops-per-second-usr-sys-time: 1564.482042
      bogo-ops-per-second-real-time: 1564.343212
      wall-clock-time: 20.000087
      user-time: 19.995313
      system-time: 0.002999
      cpu-usage-per-instance: 99.991126
      max-rss: 3152

...
