---
system-info:
      stress-ng-version: 0.17.08
      run-by: root
      date-yyyy-mm-dd: 2024:07:09
      time-hh-mm-ss: 14:42:10
      epoch-secs: 1720536130
      hostname: h3-standard-88-3a80edb
      sysname: Linux
      nodename: h3-standard-88-3a80edb
      release: 6.8.0-1009-gcp
      version: '#10-Ubuntu SMP Wed Jun 12 18:52:23 UTC 2024'
      machine: x86_64
      compiler: 'musl-gcc 13.2.1'
      uptime: 129
      totalram: 371896188928
      freeram: 365184618496
      sharedram: 442556416
      bufferram: 132190208
      totalswap: 0
      freeswap: 0
      pagesize: 4096
      cpus: 88
      cpus-online: 88
      ticks-per-second: 100

metrics:
    - stressor: cpu
      bogo-ops: 2853299
      bogo-ops-per-second-usr-sys-time: 1621.767526
      bogo-ops-per-second-real-time: 142664.452528
      wall-clock-time: 20.000070
      user-time: 1759.359099
      system-time: 0.016986
      cpu-usage-per-instance: 99.964202
      max-rss: 704

...
