BaselineInfo:
  WebDBID: -1
  TimeStamp: 20241107093601
Version:
  Major: 11
  Minor: 0
  Build: 1002
  SpecialBuildName: ""
  ptArchitecture: x86_64_linux
Results:
  Results Complete: true
  NumTestProcesses: 4
  CPU_INTEGER_MATH: 10287.521333333334
  CPU_FLOATINGPOINT_MATH: 5448.8763058797585
  CPU_PRIME: 15.572016658593498
  CPU_SORTING: 6578.6939060133209
  CPU_ENCRYPTION: 3238.0458167579686
  CPU_COMPRESSION: 43518.600068101274
  CPU_SINGLETHREAD: 1443.6095579537953
  CPU_PHYSICS: 380.56265473319201
  CPU_MATRIX_MULT_SSE: 1590.4916614071526
  CPU_mm: 313.25986962219088
  CPU_sse: 1272.1299003607771
  CPU_fma: 1842.9901065545682
  CPU_avx: 1656.3549773061118
  CPU_avx512: 0
  m_CPU_enc_SHA: 4589721896.6102352
  m_CPU_enc_AES: 3174789004.230196
  m_CPU_enc_ECDSA: 2421500490.2179794
  ME_ALLOC_S: 990.97700356968039
  ME_READ_S: 14850.772265625001
  ME_READ_L: 11312.0009765625
  ME_WRITE: 8212.662109375
  ME_LARGE: 21965
  ME_LATENCY: 63.525814551661135
  ME_THREADED: 26086.0458984375
  SUMM_CPU: 3657.6603821875083
  SUMM_ME: 1779.5749067834615
SystemInformation:
  OSName: Ubuntu 24.04.1 LTS
  Kernel: 6.8.0-1016-aws
  Device: ""
  Processor: AMD EPYC 7571
  NumSockets: 1
  Manufacturer: AuthenticAMD
  NumCores: 2
  NumLogicals: 4
  CPUFrequency: 0
  Memory: 31810
  MemModuleInfo:
    iNumMemSticks: 1
    DIMM 1:
      manufacturer: Not Specified
      modulePartNo: Not Specified
      memType: DDR4
      size: 32
      clkspeed: 1600
      moduleVoltage: 0
Checksum: AB00D0F72AB2C503D3062388EF2D14107F5A61D1