---
system-info:
      stress-ng-version: 0.17.08
      run-by: root
      date-yyyy-mm-dd: 2024:09:22
      time-hh-mm-ss: 08:10:15
      epoch-secs: 1726992615
      hostname: sc-runner
      sysname: Linux
      nodename: sc-runner
      release: 6.8.0-1014-azure
      version: '#16-Ubuntu SMP Thu Aug 15 20:04:41 UTC 2024'
      machine: x86_64
      compiler: 'musl-gcc 13.2.1'
      uptime: 298
      totalram: 135066300416
      freeram: 124601643008
      sharedram: 38223872
      bufferram: 269557760
      totalswap: 0
      freeswap: 0
      pagesize: 4096
      cpus: 16
      cpus-online: 16
      ticks-per-second: 100

metrics:
    - stressor: cpu
      bogo-ops: 431475
      bogo-ops-per-second-usr-sys-time: 1350.049337
      bogo-ops-per-second-real-time: 21573.691138
      wall-clock-time: 20.000055
      user-time: 319.569442
      system-time: 0.029989
      cpu-usage-per-instance: 99.874550
      max-rss: 3152

...
