BaselineInfo:
  WebDBID: -1
  TimeStamp: 20251016234720
Version:
  Major: 11
  Minor: 0
  Build: 1002
  SpecialBuildName: ""
  ptArchitecture: x86_64_linux
Results:
  Results Complete: true
  NumTestProcesses: 2
  CPU_INTEGER_MATH: 6315.7813333333343
  CPU_FLOATINGPOINT_MATH: 4414.2075076872043
  CPU_PRIME: 14.58596356728734
  CPU_SORTING: 3781.6046083958904
  CPU_ENCRYPTION: 808.91983773043239
  CPU_COMPRESSION: 30045.79983036367
  CPU_SINGLETHREAD: 1509.8110262380692
  CPU_PHYSICS: 264.12311107426996
  CPU_MATRIX_MULT_SSE: 1909.5105190326658
  CPU_mm: 270.68483245113129
  CPU_sse: 990.40430052060958
  CPU_fma: 2847.4699341818368
  CPU_avx: 1883.7122545660834
  CPU_avx512: 1916.4555868621333
  m_CPU_enc_SHA: 420356736.35182798
  m_CPU_enc_AES: 1758182776.9151425
  m_CPU_enc_ECDSA: 366102270.03710723
  ME_ALLOC_S: 1050.3872431588136
  ME_READ_S: 17667.893847656251
  ME_READ_L: 9303.6298828125
  ME_WRITE: 8845.9111328125
  ME_LARGE: 634.5
  ME_LATENCY: 60.631634256948381
  ME_THREADED: 17889.3583984375
  SUMM_CPU: 2394.0609767971741
  SUMM_ME: 947.82078069775514
SystemInformation:
  OSName: Ubuntu 24.04.2 LTS
  Kernel: 6.8.0-71-generic
  Device: ""
  Processor: Intel Xeon Processor (Skylake, IBRS, no TSX)
  NumSockets: 1
  Manufacturer: GenuineIntel
  NumCores: 2
  NumLogicals: 2
  CPUFrequency: 0
  Memory: 3820
  MemModuleInfo:
    iNumMemSticks: 1
    DIMM 1:
      manufacturer: QEMU
      modulePartNo: Not Specified
      memType: RAM
      size: 4000
      clkspeed: 0
      moduleVoltage: 0
Checksum: 7512FE3FA1C77FE0063A38CAA229118C100F0563