BaselineInfo:
  WebDBID: -1
  TimeStamp: 20241108170005
Version:
  Major: 11
  Minor: 0
  Build: 1002
  SpecialBuildName: ""
  ptArchitecture: aarch64_linux
Results:
  Results Complete: true
  NumTestProcesses: 48
  CPU_INTEGER_MATH: 189625.16700000004
  CPU_FLOATINGPOINT_MATH: 143745.29997687266
  CPU_PRIME: 226.79177854088002
  CPU_SORTING: 134254.62475739591
  CPU_ENCRYPTION: 6566.2616536717369
  CPU_COMPRESSION: 228752.99377756161
  CPU_SINGLETHREAD: 1109.9051654225177
  CPU_PHYSICS: 3781.701282368354
  CPU_MATRIX_MULT_SSE: 29829.653310030197
  CPU_mm: 5012.861505406875
  CPU_sse: 24880.796262043583
  CPU_fma: 34778.510358016792
  CPU_avx: 0
  CPU_avx512: 0
  m_CPU_enc_SHA: 9859754603.4647007
  m_CPU_enc_AES: 4546519825.5982952
  m_CPU_enc_ECDSA: 6249398710.2184925
  ME_ALLOC_S: 20444.287157184037
  ME_READ_S: 9479.7936523437493
  ME_READ_L: 9195.822265625
  ME_WRITE: 12559.6123046875
  ME_LARGE: 176658
  ME_LATENCY: 69.238194214072522
  ME_THREADED: 177169.68115234375
  SUMM_CPU: 23341.212360623649
  SUMM_ME: 1852.9912841922915
SystemInformation:
  OSName: Ubuntu 24.04.1 LTS
  Kernel: 6.8.0-1016-aws
  Device: ""
  Processor: ARM Neoverse-N1 48 Core 0 MHz
  NumSockets: 1
  Manufacturer: ARM
  NumCores: 48
  NumLogicals: 48
  CPUFrequency: 0
  Memory: 189028
Checksum: 0850D16ABC5689965C2FEFD5952E4386C6802C67