BaselineInfo:
  WebDBID: -1
  TimeStamp: 20241107193043
Version:
  Major: 11
  Minor: 0
  Build: 1002
  SpecialBuildName: ""
  ptArchitecture: x86_64_linux
Results:
  Results Complete: true
  NumTestProcesses: 8
  CPU_INTEGER_MATH: 26992.543333333335
  CPU_FLOATINGPOINT_MATH: 16102.700877549352
  CPU_PRIME: 42.809050236863492
  CPU_SORTING: 16889.348416299319
  CPU_ENCRYPTION: 8548.6291060447056
  CPU_COMPRESSION: 121200.80815805391
  CPU_SINGLETHREAD: 2132.3409896728958
  CPU_PHYSICS: 975.32138834076113
  CPU_MATRIX_MULT_SSE: 7335.7988272612556
  CPU_mm: 808.70463370483208
  CPU_sse: 3327.7536149328107
  CPU_fma: 10823.332659065827
  CPU_avx: 7856.310207785129
  CPU_avx512: 0
  m_CPU_enc_SHA: 12061071194.079823
  m_CPU_enc_AES: 8260686131.3816042
  m_CPU_enc_ECDSA: 6569904615.0383787
  ME_ALLOC_S: 2857.5238934832291
  ME_READ_S: 24470.657617187499
  ME_READ_L: 13031.3447265625
  ME_WRITE: 13262.015625
  ME_LARGE: 5850.083333333333
  ME_LATENCY: 48.489237882584121
  ME_THREADED: 35508.59130859375
  SUMM_CPU: 10535.707020942256
  SUMM_ME: 2341.6783108468385
SystemInformation:
  OSName: Ubuntu 24.04.1 LTS
  Kernel: 6.8.0-1016-aws
  Device: ""
  Processor: AMD EPYC 7R32
  NumSockets: 1
  Manufacturer: AuthenticAMD
  NumCores: 4
  NumLogicals: 8
  CPUFrequency: 0
  Memory: 15786
  MemModuleInfo:
    iNumMemSticks: 1
    DIMM 1:
      manufacturer: Not Specified
      modulePartNo: Not Specified
      memType: DDR4
      size: 16
      clkspeed: 1466
      moduleVoltage: 0
Checksum: 6C3F32368647488D020FDFD318759E894B5E17A6