BaselineInfo:
  WebDBID: -1
  TimeStamp: 20241108225829
Version:
  Major: 11
  Minor: 0
  Build: 1002
  SpecialBuildName: ""
  ptArchitecture: aarch64_linux
Results:
  Results Complete: true
  NumTestProcesses: 64
  CPU_INTEGER_MATH: 402979.03099999978
  CPU_FLOATINGPOINT_MATH: 338625.1895741988
  CPU_PRIME: 583.59474039951135
  CPU_SORTING: 323042.49915087351
  CPU_ENCRYPTION: 12015.203459586799
  CPU_COMPRESSION: 443121.52649667632
  CPU_SINGLETHREAD: 1880.8024956705249
  CPU_PHYSICS: 16060.463928534811
  CPU_MATRIX_MULT_SSE: 57112.716773234206
  CPU_mm: 9188.7892685798724
  CPU_sse: 48146.182607968061
  CPU_fma: 66079.250938500365
  CPU_avx: 0
  CPU_avx512: 0
  m_CPU_enc_SHA: 17725230810.696789
  m_CPU_enc_AES: 7789894922.2002687
  m_CPU_enc_ECDSA: 12281436215.62199
  ME_ALLOC_S: 37402.545441136026
  ME_READ_S: 25558.344335937501
  ME_READ_L: 19175.42578125
  ME_WRITE: 25743.591796875
  ME_LARGE: 114979.83333333333
  ME_LATENCY: 51.875043913989089
  ME_THREADED: 517537.94873046875
  SUMM_CPU: 44252.3548224431
  SUMM_ME: 3396.9227330431668
SystemInformation:
  OSName: Ubuntu 24.04.1 LTS
  Kernel: 6.8.0-1017-azure
  Device: ""
  Processor: ARM Neoverse-N2 64 Core 0 MHz
  NumSockets: 1
  Manufacturer: ARM
  NumCores: 64
  NumLogicals: 64
  CPUFrequency: 0
  Memory: 128543
Checksum: 7F311E0C783EE45B3B49B3AECC06906DB434C82E