BaselineInfo:
  WebDBID: -1
  TimeStamp: 20260619152924
Version:
  Major: 11
  Minor: 0
  Build: 1004
  SpecialBuildName: ""
  ptArchitecture: x86_64_linux
Results:
  Results Complete: true
  NumTestProcesses: 2
  CPU_INTEGER_MATH: 13133.651
  CPU_FLOATINGPOINT_MATH: 8052.4555786034362
  CPU_PRIME: 35.165689877157263
  CPU_SORTING: 6621.7597374902725
  CPU_ENCRYPTION: 2662.9714129737977
  CPU_COMPRESSION: 50405.494816382168
  CPU_SINGLETHREAD: 3756.8972212578392
  CPU_PHYSICS: 692.23916234076819
  CPU_MATRIX_MULT_SSE: 3898.730189683225
  CPU_mm: 385.36359960844015
  CPU_sse: 1439.9389346382191
  CPU_fma: 4344.0317813903948
  CPU_avx: 4289.2474728093584
  CPU_avx512: 5521.7025698949274
  m_CPU_enc_SHA: 3325480835.1875792
  m_CPU_enc_AES: 2733546817.7877593
  m_CPU_enc_ECDSA: 2317956084.0158997
  ME_ALLOC_S: 1437.6180115528191
  ME_READ_S: 33805.44140625
  ME_READ_L: 29498.69921875
  ME_WRITE: 30099.08203125
  ME_LARGE: 56114
  ME_LATENCY: 82.714610634149295
  ME_THREADED: 42046.341796875
  SUMM_CPU: 5087.7085959553633
  SUMM_ME: 2405.8784411537395
SystemInformation:
  OSName: Ubuntu 24.04.4 LTS
  Kernel: 6.17.0-1018-azure
  Device: ""
  Processor: "AMD EPYC 9V45 96-Core Processor                "
  NumSockets: 1
  Manufacturer: AuthenticAMD
  NumCores: 1
  NumLogicals: 2
  CPUFrequency: 0
  CPUMaxFrequency: 0
  Memory: 64302
  CPUInfo:
    number: 1
    Family: 15
    Model: 2
    stepping: 1
    features: 395049983
    manufacture: AuthenticAMD
    typestring: "AMD EPYC 9V45 96-Core Processor                "
    iCoresPerPackage: 8
    iThreadsPerPackage: 2
    featuresEx:
      - 395049983
      - 4277809667
      - 802421759
    bHybrid: false
    nPCore: 0
    nLogicalsPerPCore: 0
    nECore: 0
    nLogicalsPerECore: 0
  MemModuleInfo:
    iNumMemSticks: 3
    DIMM 1:
      manufacturer: Microsoft Corporation
      modulePartNo: None
      memType: Unknown
      size: 1
      clkspeed: 0
      moduleVoltage: 0
    DIMM 2:
      manufacturer: Microsoft Corporation
      modulePartNo: None
      memType: Unknown
      size: 59
      clkspeed: 0
      moduleVoltage: 0
    DIMM 3:
      manufacturer: Microsoft Corporation
      modulePartNo: None
      memType: Unknown
      size: 4
      clkspeed: 0
      moduleVoltage: 0
Checksum: 5471B4EE43C6418F0D512E45133F275622720ADF