"size","threads","connections","rps","latency","failed","server_usr","server_sys","client_usr","client_sys"
"1k",2,2,96609,0.000025910,0,5.49,5.76,1.95,6.70
"1k",2,4,115342,0.000048310,0,4.02,6.44,1.67,7.57
"1k",2,8,136922,0.000196480,0,4.04,6.40,1.73,7.68
"1k",2,16,157931,0.000379850,0,3.49,6.51,1.76,7.95
"1k",2,32,157975,0.000580370,0,3.47,6.56,1.75,7.93
"1k",2,64,154439,0.000676430,0,3.62,6.46,1.68,7.82
"1k",4,4,105663,0.000049310,0,4.75,6.02,1.84,7.27
"1k",4,8,120941,0.000084980,0,4.09,6.28,1.85,7.69
"1k",4,16,132929,0.000257840,0,3.78,6.32,1.88,7.91
"1k",4,32,142542,0.000446030,0,3.57,6.40,1.81,7.95
"1k",4,64,143392,0.000637680,0,3.56,6.45,1.84,7.86
"1k",8,8,110604,0.000100040,0,3.99,6.12,2.01,7.75
"1k",8,16,118338,0.000247870,0,3.69,6.27,1.88,8.02
"1k",8,32,127519,0.000376660,0,3.68,6.31,1.95,7.94
"1k",8,64,133780,0.000614880,0,3.58,6.38,1.94,7.81
"16k",2,2,84651,0.000029980,0,5.34,5.50,1.87,7.18
"16k",2,4,96956,0.000071730,0,4.06,6.07,1.72,7.52
"16k",2,8,113544,0.000259730,0,3.62,6.38,1.74,7.89
"16k",2,16,125857,0.000751030,0,3.38,6.51,1.70,8.13
"16k",2,32,127368,0.000630310,0,3.37,6.40,1.62,8.20
"16k",2,64,123177,0.000630130,0,3.61,6.21,1.64,8.25
"16k",4,4,88653,0.000061940,0,4.27,6.11,1.85,7.66
"16k",4,8,101807,0.000097670,0,3.89,6.15,1.78,8.07
"16k",4,16,109388,0.000169010,0,3.74,5.98,1.82,8.11
"16k",4,32,113414,0.000504780,0,3.71,5.94,1.92,8.15
"16k",4,64,118106,0.000713500,0,3.51,6.14,1.84,8.24
"16k",8,8,94335,0.000104560,0,3.81,5.94,1.99,8.14
"16k",8,16,97246,0.000192660,0,3.55,6.03,1.94,8.35
"16k",8,32,103697,0.000340140,0,3.63,6.00,2.00,8.26
"16k",8,64,107913,0.000710620,0,3.61,5.96,1.94,8.18
"64k",2,2,50097,0.000045700,0,3.73,6.40,1.83,7.95
"64k",2,4,52919,0.000076490,0,3.28,6.37,1.48,8.29
"64k",2,8,58020,0.000167610,0,3.19,6.27,1.51,8.48
"64k",2,16,59329,0.000294740,0,2.83,6.36,1.45,8.73
"64k",2,32,62082,0.000531450,0,2.59,6.33,1.36,8.92
"64k",2,64,61800,0.000950000,0,2.45,6.47,1.37,8.89
"64k",4,4,53050,0.000085550,0,3.29,6.32,1.54,8.60
"64k",4,8,56734,0.000145490,0,3.14,6.37,1.58,8.80
"64k",4,16,59964,0.000295040,0,2.80,6.37,1.57,8.94
"64k",4,32,62104,0.000521310,0,2.58,6.47,1.58,9.03
"64k",4,64,62049,0.001010000,0,2.64,6.46,1.51,9.08
"64k",8,8,53044,0.000169720,0,2.99,6.34,1.80,8.75
"64k",8,16,55187,0.000310740,0,2.74,6.40,1.65,9.06
"64k",8,32,57394,0.000598160,0,2.66,6.44,1.74,9.01
"64k",8,64,58294,0.001120000,0,2.50,6.50,1.66,8.99
"256k",2,2,20124,0.000104930,0,3.33,7.16,1.53,7.89
"256k",2,4,21999,0.000177630,0,2.86,7.13,1.44,8.20
"256k",2,8,23139,0.000365670,0,2.60,7.19,1.38,8.32
"256k",2,16,24324,0.000770500,0,2.48,7.26,1.35,8.47
"256k",2,32,23034,0.001310000,0,2.57,7.41,1.36,8.31
"256k",4,4,20571,0.000207320,0,2.97,7.15,1.47,8.15
"256k",4,8,21998,0.000378410,0,2.64,7.23,1.46,8.35
"256k",4,16,22621,0.000732270,0,2.45,7.34,1.47,8.40
"256k",4,32,22732,0.001410000,0,2.32,7.53,1.51,8.35
"256k",8,8,20376,0.000409800,0,2.68,7.36,1.63,8.19
"256k",8,16,22050,0.000774680,0,2.34,7.14,1.56,8.61
"256k",8,32,21815,0.001490000,0,2.36,7.33,1.55,8.43
"512k",2,2,11136,0.000185000,0,2.93,7.77,1.47,7.73
"512k",2,4,12254,0.000340140,0,2.68,7.55,1.31,8.22
"512k",2,8,12672,0.000589020,0,2.51,7.54,1.39,8.17
"512k",2,16,11553,0.001240000,0,2.25,7.63,1.41,8.36
"512k",2,32,10801,0.002590000,0,2.27,8.16,1.10,8.20
"512k",4,4,12165,0.000340300,0,2.59,7.60,1.45,8.24
"512k",4,8,12457,0.000642870,0,2.30,7.66,1.38,8.50
"512k",4,16,12446,0.001270000,0,2.29,7.60,1.38,8.40
"512k",4,32,11079,0.002790000,0,2.23,8.09,1.30,8.10
"512k",8,8,11956,0.000694130,0,2.21,7.64,1.44,8.55
"512k",8,16,11989,0.001370000,0,2.21,7.52,1.39,8.55
"512k",8,32,11287,0.002810000,0,2.17,7.81,1.41,8.31
