BaselineInfo:
  WebDBID: -1
  TimeStamp: 20241109045608
Version:
  Major: 11
  Minor: 0
  Build: 1002
  SpecialBuildName: ""
  ptArchitecture: x86_64_linux
Results:
  Results Complete: true
  NumTestProcesses: 48
  CPU_INTEGER_MATH: 197565.23899999994
  CPU_FLOATINGPOINT_MATH: 140094.02476196733
  CPU_PRIME: 412.76921205733981
  CPU_SORTING: 99107.348842093241
  CPU_ENCRYPTION: 43640.502391208545
  CPU_COMPRESSION: 725357.7640743209
  CPU_SINGLETHREAD: 2551.6078505674132
  CPU_PHYSICS: 7141.8568695951844
  CPU_MATRIX_MULT_SSE: 55146.269835058301
  CPU_mm: 5593.0688598487832
  CPU_sse: 24252.994394746045
  CPU_fma: 62303.021668952642
  CPU_avx: 47162.650367690258
  CPU_avx512: 86866.412908844228
  m_CPU_enc_SHA: 46092100113.295464
  m_CPU_enc_AES: 59770085594.004242
  m_CPU_enc_ECDSA: 31418964598.79195
  ME_ALLOC_S: 23110.22416730531
  ME_READ_S: 22876.555859374999
  ME_READ_L: 9689.142578125
  ME_WRITE: 9173.8974609375
  ME_LARGE: 85522.666666666672
  ME_LATENCY: 57.083923183808643
  ME_THREADED: 172691.14306640625
  SUMM_CPU: 54727.592725938484
  SUMM_ME: 2484.5428085649028
SystemInformation:
  OSName: Ubuntu 24.04.1 LTS
  Kernel: 6.8.0-1015-gcp
  Device: ""
  Processor: INTEL XEON PLATINUM 8581C CPU @ 2.30GHz
  NumSockets: 1
  Manufacturer: GenuineIntel
  NumCores: 24
  NumLogicals: 48
  CPUFrequency: 0
  Memory: 96540
  MemModuleInfo:
    iNumMemSticks: 6
    DIMM 1:
      manufacturer: ""
      modulePartNo: ""
      memType: RAM
      size: 16
      clkspeed: 0
      moduleVoltage: 0
    DIMM 2:
      manufacturer: ""
      modulePartNo: ""
      memType: RAM
      size: 16
      clkspeed: 0
      moduleVoltage: 0
    DIMM 3:
      manufacturer: ""
      modulePartNo: ""
      memType: RAM
      size: 16
      clkspeed: 0
      moduleVoltage: 0
    DIMM 4:
      manufacturer: ""
      modulePartNo: ""
      memType: RAM
      size: 16
      clkspeed: 0
      moduleVoltage: 0
    DIMM 5:
      manufacturer: ""
      modulePartNo: ""
      memType: RAM
      size: 16
      clkspeed: 0
      moduleVoltage: 0
    DIMM 6:
      manufacturer: ""
      modulePartNo: ""
      memType: RAM
      size: 16
      clkspeed: 0
      moduleVoltage: 0
Checksum: 8E791B9B5292E7B3F3A9D150A5BBAF3A0AA7C644