BaselineInfo:
  WebDBID: -1
  TimeStamp: 20241109093828
Version:
  Major: 11
  Minor: 0
  Build: 1002
  SpecialBuildName: ""
  ptArchitecture: x86_64_linux
Results:
  Results Complete: true
  NumTestProcesses: 48
  CPU_INTEGER_MATH: 252818.69333333336
  CPU_FLOATINGPOINT_MATH: 208259.7043423437
  CPU_PRIME: 601.60402775500961
  CPU_SORTING: 147706.90613250187
  CPU_ENCRYPTION: 56272.228301522227
  CPU_COMPRESSION: 1086748.3804215644
  CPU_SINGLETHREAD: 2439.4434470335759
  CPU_PHYSICS: 7898.6756373098506
  CPU_MATRIX_MULT_SSE: 88824.981421784745
  CPU_mm: 11510.042224544755
  CPU_sse: 37278.015797912129
  CPU_fma: 103243.18446993962
  CPU_avx: 79916.373046874869
  CPU_avx512: 134862.35237241237
  m_CPU_enc_SHA: 65973573471.888206
  m_CPU_enc_AES: 68130514107.337273
  m_CPU_enc_ECDSA: 42913036611.26545
  ME_ALLOC_S: 29709.969493044613
  ME_READ_S: 24467.054882812499
  ME_READ_L: 11870.38671875
  ME_WRITE: 10865.6298828125
  ME_LARGE: 373191.08333333331
  ME_LATENCY: 58.21034812793085
  ME_THREADED: 223976.68798828125
  SUMM_CPU: 67760.369019313352
  SUMM_ME: 2693.5963112236855
SystemInformation:
  OSName: Ubuntu 24.04.1 LTS
  Kernel: 6.8.0-1017-azure
  Device: ""
  Processor: Intel Xeon Platinum 8370C CPU @ 2.80GHz
  NumSockets: 2
  Manufacturer: GenuineIntel
  NumCores: 48
  NumLogicals: 48
  CPUFrequency: 2800
  Memory: 386938
  MemModuleInfo:
    iNumMemSticks: 6
    DIMM 1:
      manufacturer: Microsoft Corporation
      modulePartNo: None
      memType: Unknown
      size: 1
      clkspeed: 0
      moduleVoltage: 0
    DIMM 2:
      manufacturer: Microsoft Corporation
      modulePartNo: None
      memType: Unknown
      size: 60928
      clkspeed: 0
      moduleVoltage: 0
    DIMM 3:
      manufacturer: Microsoft Corporation
      modulePartNo: None
      memType: Unknown
      size: 134656
      clkspeed: 0
      moduleVoltage: 0
    DIMM 4:
      manufacturer: Microsoft Corporation
      modulePartNo: None
      memType: Unknown
      size: 192
      clkspeed: 0
      moduleVoltage: 0
    DIMM 5:
      manufacturer: Microsoft Corporation
      modulePartNo: None
      memType: Unknown
      size: 125
      clkspeed: 0
      moduleVoltage: 0
    DIMM 6:
      manufacturer: Microsoft Corporation
      modulePartNo: None
      memType: Unknown
      size: 125
      clkspeed: 0
      moduleVoltage: 0
Checksum: 1DD0B271E960AEC66E6ADE0724A2DB7DE2198D34