BaselineInfo:
  WebDBID: -1
  TimeStamp: 20241107005447
Version:
  Major: 11
  Minor: 0
  Build: 1002
  SpecialBuildName: ""
  ptArchitecture: x86_64_linux
Results:
  Results Complete: true
  NumTestProcesses: 16
  CPU_INTEGER_MATH: 52393.574333333338
  CPU_FLOATINGPOINT_MATH: 35560.278612317161
  CPU_PRIME: 108.09899305822336
  CPU_SORTING: 29113.964775239001
  CPU_ENCRYPTION: 6710.2943367481839
  CPU_COMPRESSION: 253644.66037327884
  CPU_SINGLETHREAD: 1614.0298105971094
  CPU_PHYSICS: 1591.6777694028044
  CPU_MATRIX_MULT_SSE: 17065.004817696816
  CPU_mm: 1884.6207412264032
  CPU_sse: 7526.0552441230684
  CPU_fma: 22417.86302300659
  CPU_avx: 15605.852624278272
  CPU_avx512: 22710.248379379329
  m_CPU_enc_SHA: 3627663375.5023637
  m_CPU_enc_AES: 14322555129.532907
  m_CPU_enc_ECDSA: 3158542278.3149161
  ME_ALLOC_S: 8568.5919235820656
  ME_READ_S: 20584.943554687499
  ME_READ_L: 10626.970703125
  ME_WRITE: 9777.236328125
  ME_LARGE: 21279.833333333332
  ME_LATENCY: 55.493060775489958
  ME_THREADED: 70522.134033203125
  SUMM_CPU: 17029.994623224808
  SUMM_ME: 2376.3436730352655
SystemInformation:
  OSName: Ubuntu 24.04.1 LTS
  Kernel: 6.8.0-45-generic
  Device: ""
  Processor: Intel Xeon Processor (Skylake, IBRS, no TSX)
  NumSockets: 1
  Manufacturer: GenuineIntel
  NumCores: 16
  NumLogicals: 16
  CPUFrequency: 0
  Memory: 31337
  MemModuleInfo:
    iNumMemSticks: 2
    DIMM 1:
      manufacturer: QEMU
      modulePartNo: Not Specified
      memType: RAM
      size: 16
      clkspeed: 0
      moduleVoltage: 0
    DIMM 2:
      manufacturer: QEMU
      modulePartNo: Not Specified
      memType: RAM
      size: 15616
      clkspeed: 0
      moduleVoltage: 0
Checksum: FFB4AABB09D2943B1505A5D896CD21CC8694547D