BaselineInfo:
  WebDBID: -1
  TimeStamp: 20241114203002
Version:
  Major: 11
  Minor: 0
  Build: 1002
  SpecialBuildName: ""
  ptArchitecture: x86_64_linux
Results:
  Results Complete: true
  NumTestProcesses: 16
  CPU_INTEGER_MATH: 44381.69766666666
  CPU_FLOATINGPOINT_MATH: 27089.376895554244
  CPU_PRIME: 76.449688566781205
  CPU_SORTING: 21588.850599809059
  CPU_ENCRYPTION: 5803.496449102744
  CPU_COMPRESSION: 197320.86047014981
  CPU_SINGLETHREAD: 1492.9817613191001
  CPU_PHYSICS: 1294.7750005263147
  CPU_MATRIX_MULT_SSE: 12315.890098280413
  CPU_mm: 1289.9534746503471
  CPU_sse: 5103.3100311137568
  CPU_fma: 14920.571669967865
  CPU_avx: 11349.53012342233
  CPU_avx512: 17890.1485686177
  m_CPU_enc_SHA: 2400338085.3536539
  m_CPU_enc_AES: 13812522100.145729
  m_CPU_enc_ECDSA: 2043361092.3436916
  ME_ALLOC_S: 6120.3557702143216
  ME_READ_S: 18303.469140624999
  ME_READ_L: 9726.314453125
  ME_WRITE: 9499.4013671875
  ME_LARGE: 22256.333333333332
  ME_LATENCY: 58.984209653843976
  ME_THREADED: 65320.0634765625
  SUMM_CPU: 13777.741664580803
  SUMM_ME: 2201.3053594331727
SystemInformation:
  OSName: Ubuntu 24.04.1 LTS
  Kernel: 6.8.0-45-generic
  Device: ""
  Processor: Intel Xeon Processor (Skylake, IBRS, no TSX)
  NumSockets: 1
  Manufacturer: GenuineIntel
  NumCores: 16
  NumLogicals: 16
  CPUFrequency: 0
  Memory: 31337
  MemModuleInfo:
    iNumMemSticks: 2
    DIMM 1:
      manufacturer: QEMU
      modulePartNo: Not Specified
      memType: RAM
      size: 16
      clkspeed: 0
      moduleVoltage: 0
    DIMM 2:
      manufacturer: QEMU
      modulePartNo: Not Specified
      memType: RAM
      size: 15616
      clkspeed: 0
      moduleVoltage: 0
Checksum: 04E75527412B790F182506D8C16D3DFA4EDE3632