BaselineInfo:
  WebDBID: -1
  TimeStamp: 20241115124538
Version:
  Major: 11
  Minor: 0
  Build: 1002
  SpecialBuildName: ""
  ptArchitecture: x86_64_linux
Results:
  Results Complete: true
  NumTestProcesses: 16
  CPU_INTEGER_MATH: 49353.827666666672
  CPU_FLOATINGPOINT_MATH: 34404.698263519851
  CPU_PRIME: 94.406425374924169
  CPU_SORTING: 27891.259690746152
  CPU_ENCRYPTION: 6377.0570407357591
  CPU_COMPRESSION: 234355.87006555803
  CPU_SINGLETHREAD: 1588.7095116765026
  CPU_PHYSICS: 1692.6842192527449
  CPU_MATRIX_MULT_SSE: 14440.541829770566
  CPU_mm: 1785.0949906458404
  CPU_sse: 6606.7817914169746
  CPU_fma: 19232.967351997366
  CPU_avx: 13335.144412379057
  CPU_avx512: 18587.27376328886
  m_CPU_enc_SHA: 3112017247.330441
  m_CPU_enc_AES: 14220256254.456474
  m_CPU_enc_ECDSA: 2728213388.8527088
  ME_ALLOC_S: 8440.6400023150345
  ME_READ_S: 18895.752148437499
  ME_READ_L: 9498.0205078125
  ME_WRITE: 9117.1796875
  ME_LARGE: 22192.916666666668
  ME_LATENCY: 56.854996779671218
  ME_THREADED: 91713.869140625
  SUMM_CPU: 16074.204572337974
  SUMM_ME: 2264.3236964125181
SystemInformation:
  OSName: Ubuntu 24.04.1 LTS
  Kernel: 6.8.0-45-generic
  Device: ""
  Processor: Intel Xeon Processor (Skylake, IBRS, no TSX)
  NumSockets: 1
  Manufacturer: GenuineIntel
  NumCores: 16
  NumLogicals: 16
  CPUFrequency: 0
  Memory: 31337
  MemModuleInfo:
    iNumMemSticks: 2
    DIMM 1:
      manufacturer: QEMU
      modulePartNo: Not Specified
      memType: RAM
      size: 16
      clkspeed: 0
      moduleVoltage: 0
    DIMM 2:
      manufacturer: QEMU
      modulePartNo: Not Specified
      memType: RAM
      size: 15616
      clkspeed: 0
      moduleVoltage: 0
Checksum: 0193530D39F228DC6D20AD3507A7636477C32CCB