---
system-info:
      stress-ng-version: 0.17.08
      run-by: root
      date-yyyy-mm-dd: 2024:09:16
      time-hh-mm-ss: 15:49:52
      epoch-secs: 1726501792
      hostname: sc-runner
      sysname: Linux
      nodename: sc-runner
      release: 6.8.0-1014-azure
      version: '#16-Ubuntu SMP Thu Aug 15 20:04:41 UTC 2024'
      machine: x86_64
      compiler: 'musl-gcc 13.2.1'
      uptime: 307
      totalram: 67423797248
      freeram: 57250414592
      sharedram: 54906880
      bufferram: 240189440
      totalswap: 0
      freeswap: 0
      pagesize: 4096
      cpus: 4
      cpus-online: 4
      ticks-per-second: 100

metrics:
    - stressor: cpu
      bogo-ops: 37875
      bogo-ops-per-second-usr-sys-time: 1893.801606
      bogo-ops-per-second-real-time: 1893.738284
      wall-clock-time: 20.000124
      user-time: 19.995456
      system-time: 0.003999
      cpu-usage-per-instance: 99.996656
      max-rss: 3152

...
