BaselineInfo:
  WebDBID: -1
  TimeStamp: 20260620233650
Version:
  Major: 11
  Minor: 0
  Build: 1004
  SpecialBuildName: ""
  ptArchitecture: x86_64_linux
Results:
  Results Complete: true
  NumTestProcesses: 64
  CPU_INTEGER_MATH: 472542.67733333335
  CPU_FLOATINGPOINT_MATH: 450638.68104420527
  CPU_PRIME: 1506.9622659733468
  CPU_SORTING: 237030.38712303728
  CPU_ENCRYPTION: 96423.496878172009
  CPU_COMPRESSION: 1752369.3015124532
  CPU_SINGLETHREAD: 3827.9984658746857
  CPU_PHYSICS: 20151.861282082227
  CPU_MATRIX_MULT_SSE: 139589.59089089843
  CPU_mm: 16537.827282746726
  CPU_sse: 54082.637857464302
  CPU_fma: 180378.4070946908
  CPU_avx: 111848.34910073513
  CPU_avx512: 212048.96951070367
  m_CPU_enc_SHA: 135880199152.88698
  m_CPU_enc_AES: 85345494172.25
  m_CPU_enc_ECDSA: 82096400662.441162
  ME_ALLOC_S: 39464.741853550731
  ME_READ_S: 33973.122851562497
  ME_READ_L: 30818.83984375
  ME_WRITE: 30588.267578125
  ME_LARGE: 118915.16666666667
  ME_LATENCY: 78.224668756179739
  ME_THREADED: 512079.8935546875
  SUMM_CPU: 115141.65773153627
  SUMM_ME: 2988.5583535998676
SystemInformation:
  OSName: Ubuntu 24.04.4 LTS
  Kernel: 6.17.0-1018-azure
  Device: ""
  Processor: "AMD EPYC 9V45 96-Core Processor                "
  NumSockets: 1
  Manufacturer: AuthenticAMD
  NumCores: 64
  NumLogicals: 64
  CPUFrequency: 0
  CPUMaxFrequency: 0
  Memory: 128791
  CPUInfo:
    number: 1
    Family: 15
    Model: 2
    stepping: 1
    features: 395049983
    manufacture: AuthenticAMD
    typestring: "AMD EPYC 9V45 96-Core Processor                "
    iCoresPerPackage: 64
    iThreadsPerPackage: 1
    featuresEx:
      - 395049983
      - 4277809667
      - 802421759
    bHybrid: false
    nPCore: 0
    nLogicalsPerPCore: 0
    nECore: 0
    nLogicalsPerECore: 0
  MemModuleInfo:
    iNumMemSticks: 3
    DIMM 1:
      manufacturer: Microsoft Corporation
      modulePartNo: None
      memType: Unknown
      size: 1
      clkspeed: 0
      moduleVoltage: 0
    DIMM 2:
      manufacturer: Microsoft Corporation
      modulePartNo: None
      memType: Unknown
      size: 59
      clkspeed: 0
      moduleVoltage: 0
    DIMM 3:
      manufacturer: Microsoft Corporation
      modulePartNo: None
      memType: Unknown
      size: 68
      clkspeed: 0
      moduleVoltage: 0
Checksum: 212D7C0A8DF4B0AFB9E398820EE6BDBF0FD7B6D2