BaselineInfo:
  WebDBID: -1
  TimeStamp: 20241109221917
Version:
  Major: 11
  Minor: 0
  Build: 1002
  SpecialBuildName: ""
  ptArchitecture: x86_64_linux
Results:
  Results Complete: true
  NumTestProcesses: 32
  CPU_INTEGER_MATH: 134617.39633333331
  CPU_FLOATINGPOINT_MATH: 68858.419319572655
  CPU_PRIME: 287.27938004484815
  CPU_SORTING: 69662.037915919747
  CPU_ENCRYPTION: 29254.154500840326
  CPU_COMPRESSION: 488533.9366534315
  CPU_SINGLETHREAD: 2433.4237089692147
  CPU_PHYSICS: 4595.9634959575869
  CPU_MATRIX_MULT_SSE: 29968.619737995898
  CPU_mm: 2900.6826978345825
  CPU_sse: 12599.229268861745
  CPU_fma: 35082.256852927378
  CPU_avx: 25916.193376554602
  CPU_avx512: 46276.799453639876
  m_CPU_enc_SHA: 29549891286.597515
  m_CPU_enc_AES: 44490398573.901718
  m_CPU_enc_ECDSA: 17985323069.120209
  ME_ALLOC_S: 16110.294867370918
  ME_READ_S: 24492.480078125001
  ME_READ_L: 13138.1416015625
  ME_WRITE: 11472.251953125
  ME_LARGE: 504453.25
  ME_LATENCY: 51.400674737181362
  ME_THREADED: 180071.654296875
  SUMM_CPU: 38157.993908501783
  SUMM_ME: 2902.8023244459755
SystemInformation:
  OSName: Ubuntu 24.04.1 LTS
  Kernel: 6.8.0-1017-azure
  Device: ""
  Processor: Intel Xeon Platinum 8370C CPU @ 2.80GHz
  NumSockets: 2
  Manufacturer: GenuineIntel
  NumCores: 16
  NumLogicals: 32
  CPUFrequency: 2800
  Memory: 515970
  MemModuleInfo:
    iNumMemSticks: 4
    DIMM 1:
      manufacturer: Microsoft Corporation
      modulePartNo: None
      memType: Unknown
      size: 1
      clkspeed: 0
      moduleVoltage: 0
    DIMM 2:
      manufacturer: Microsoft Corporation
      modulePartNo: None
      memType: Unknown
      size: 59
      clkspeed: 0
      moduleVoltage: 0
    DIMM 3:
      manufacturer: Microsoft Corporation
      modulePartNo: None
      memType: Unknown
      size: 196
      clkspeed: 0
      moduleVoltage: 0
    DIMM 4:
      manufacturer: Microsoft Corporation
      modulePartNo: None
      memType: Unknown
      size: 256
      clkspeed: 0
      moduleVoltage: 0
Checksum: E0CB305381FF6E569F3979611925CAA606BD9B2E