BaselineInfo:
  WebDBID: -1
  TimeStamp: 20260713151029
Version:
  Major: 11
  Minor: 0
  Build: 1004
  SpecialBuildName: ""
  ptArchitecture: x86_64_linux
Results:
  Results Complete: true
  NumTestProcesses: 32
  CPU_INTEGER_MATH: 152926.35566666667
  CPU_FLOATINGPOINT_MATH: 108381.87367553012
  CPU_PRIME: 311.18683568427821
  CPU_SORTING: 76069.852534744903
  CPU_ENCRYPTION: 33540.393947801829
  CPU_COMPRESSION: 555452.39318895235
  CPU_SINGLETHREAD: 2915.0087201548645
  CPU_PHYSICS: 7302.8349939696154
  CPU_MATRIX_MULT_SSE: 46207.470204926292
  CPU_mm: 4327.0005574770521
  CPU_sse: 18719.967894439404
  CPU_fma: 51183.025711927694
  CPU_avx: 39227.313724734355
  CPU_avx512: 75699.57348860371
  m_CPU_enc_SHA: 35600914500.386009
  m_CPU_enc_AES: 46373787040.784241
  m_CPU_enc_ECDSA: 23534254831.46048
  ME_ALLOC_S: 18851.383211917499
  ME_READ_S: 26635.299414062501
  ME_READ_L: 10637.0830078125
  ME_WRITE: 9938.59765625
  ME_LARGE: 1020968.1666666666
  ME_LATENCY: 60.504203642547417
  ME_THREADED: 258192.26123046875
  SUMM_CPU: 47316.288471589345
  SUMM_ME: 2602.2941474426107
SystemInformation:
  OSName: Ubuntu 24.04.4 LTS
  Kernel: 6.17.0-1018-azure
  Device: ""
  Processor: INTEL(R) XEON(R) PLATINUM 8573C
  NumSockets: 2
  Manufacturer: GenuineIntel
  NumCores: 16
  NumLogicals: 32
  CPUFrequency: 2300
  CPUMaxFrequency: 2300
  Memory: 1032066
  CPUInfo:
    number: 2
    Family: 6
    Model: 15
    stepping: 2
    features: 529267711
    manufacture: GenuineIntel
    typestring: INTEL(R) XEON(R) PLATINUM 8573C
    iCoresPerPackage: 8
    iThreadsPerPackage: 2
    featuresEx:
      - 529267711
      - 4294586915
      - 739248128
    bHybrid: false
    nPCore: 0
    nLogicalsPerPCore: 0
    nECore: 0
    nLogicalsPerECore: 0
  MemModuleInfo:
    iNumMemSticks: 4
    DIMM 1:
      manufacturer: Microsoft Corporation
      modulePartNo: None
      memType: Unknown
      size: 1
      clkspeed: 0
      moduleVoltage: 0
    DIMM 2:
      manufacturer: Microsoft Corporation
      modulePartNo: None
      memType: Unknown
      size: 59
      clkspeed: 0
      moduleVoltage: 0
    DIMM 3:
      manufacturer: Microsoft Corporation
      modulePartNo: None
      memType: Unknown
      size: 452
      clkspeed: 0
      moduleVoltage: 0
    DIMM 4:
      manufacturer: Microsoft Corporation
      modulePartNo: None
      memType: Unknown
      size: 512
      clkspeed: 0
      moduleVoltage: 0
Checksum: DC3536F5721DF0AAC58924129A9278C0E0B9B845