BaselineInfo:
  WebDBID: -1
  TimeStamp: 20260404074727
Version:
  Major: 11
  Minor: 0
  Build: 1004
  SpecialBuildName: ""
  ptArchitecture: x86_64_linux
Results:
  Results Complete: true
  NumTestProcesses: 8
  CPU_INTEGER_MATH: 33453.472333333331
  CPU_FLOATINGPOINT_MATH: 17129.21392107724
  CPU_PRIME: 72.65874669778637
  CPU_SORTING: 17450.055628825121
  CPU_ENCRYPTION: 4228.6175574887466
  CPU_COMPRESSION: 124387.53759291455
  CPU_SINGLETHREAD: 2353.3569323868783
  CPU_PHYSICS: 1325.063594410401
  CPU_MATRIX_MULT_SSE: 6931.378559384093
  CPU_mm: 721.94437014640232
  CPU_sse: 3145.0247265484672
  CPU_fma: 8708.3067739739472
  CPU_avx: 6444.6517261988211
  CPU_avx512: 9427.5310108151352
  m_CPU_enc_SHA: 1201950109.7604802
  m_CPU_enc_AES: 11008470274.125681
  m_CPU_enc_ECDSA: 1091660267.9977989
  ME_ALLOC_S: 4027.5721119588452
  ME_READ_S: 23929.073632812499
  ME_READ_L: 11770.9033203125
  ME_WRITE: 10926.4873046875
  ME_LARGE: 50027.166666666664
  ME_LATENCY: 54.320089789127998
  ME_THREADED: 54433.75927734375
  SUMM_CPU: 10405.685724292309
  SUMM_ME: 2529.1325526843539
SystemInformation:
  OSName: Ubuntu 24.04.4 LTS
  Kernel: 6.8.0-106-generic
  Device: ""
  Processor: Intel(R) Xeon(R) Platinum
  NumSockets: 1
  Manufacturer: GenuineIntel
  NumCores: 4
  NumLogicals: 8
  CPUFrequency: 0
  CPUMaxFrequency: 0
  Memory: 62877
  CPUInfo:
    number: 1
    Family: 6
    Model: 5
    stepping: 4
    features: 529267711
    manufacture: GenuineIntel
    typestring: Intel(R) Xeon(R) Platinum
    iCoresPerPackage: 4
    iThreadsPerPackage: 2
    featuresEx:
      - 529267711
      - 4294586883
      - 739248128
    bHybrid: false
    nPCore: 0
    nLogicalsPerPCore: 0
    nECore: 0
    nLogicalsPerECore: 0
  MemModuleInfo:
    iNumMemSticks: 4
    DIMM 1:
      manufacturer: Alibaba Cloud
      modulePartNo: Not Specified
      memType: RAM
      size: 16
      clkspeed: 0
      moduleVoltage: 0
    DIMM 2:
      manufacturer: Alibaba Cloud
      modulePartNo: Not Specified
      memType: RAM
      size: 16
      clkspeed: 0
      moduleVoltage: 0
    DIMM 3:
      manufacturer: Alibaba Cloud
      modulePartNo: Not Specified
      memType: RAM
      size: 16
      clkspeed: 0
      moduleVoltage: 0
    DIMM 4:
      manufacturer: Alibaba Cloud
      modulePartNo: Not Specified
      memType: RAM
      size: 16
      clkspeed: 0
      moduleVoltage: 0
Checksum: 9CD6E1C4C63891B07743CEB946216C7746AC5157