BaselineInfo:
  WebDBID: -1
  TimeStamp: 20241109040302
Version:
  Major: 11
  Minor: 0
  Build: 1002
  SpecialBuildName: ""
  ptArchitecture: x86_64_linux
Results:
  Results Complete: true
  NumTestProcesses: 48
  CPU_INTEGER_MATH: 124289.45233333333
  CPU_FLOATINGPOINT_MATH: 65492.995819858676
  CPU_PRIME: 110.21672334735433
  CPU_SORTING: 70018.958346885585
  CPU_ENCRYPTION: 38785.423186314838
  CPU_COMPRESSION: 531395.83826503309
  CPU_SINGLETHREAD: 1446.8390957419185
  CPU_PHYSICS: 2576.9842803043089
  CPU_MATRIX_MULT_SSE: 19761.519199736584
  CPU_mm: 3763.4597104581412
  CPU_sse: 15289.760262039832
  CPU_fma: 22533.993206281411
  CPU_avx: 21460.804130888519
  CPU_avx512: 0
  m_CPU_enc_SHA: 54955658644.504265
  m_CPU_enc_AES: 38119368739.201401
  m_CPU_enc_ECDSA: 28933364325.334187
  ME_ALLOC_S: 11314.215587139011
  ME_READ_S: 14930.108691406251
  ME_READ_L: 11424.4736328125
  ME_WRITE: 8319.8828125
  ME_LARGE: 372497.16666666669
  ME_LATENCY: 61.879104771248812
  ME_THREADED: 84419.27197265625
  SUMM_CPU: 30316.59967816839
  SUMM_ME: 2181.1042035964356
SystemInformation:
  OSName: Ubuntu 24.04.1 LTS
  Kernel: 6.8.0-1016-aws
  Device: ""
  Processor: AMD EPYC 7571
  NumSockets: 1
  Manufacturer: AuthenticAMD
  NumCores: 24
  NumLogicals: 48
  CPUFrequency: 0
  Memory: 383820
  MemModuleInfo:
    iNumMemSticks: 3
    DIMM 1:
      manufacturer: Not Specified
      modulePartNo: Not Specified
      memType: DDR4
      size: 128
      clkspeed: 1333
      moduleVoltage: 0
    DIMM 2:
      manufacturer: Not Specified
      modulePartNo: Not Specified
      memType: DDR4
      size: 128
      clkspeed: 1333
      moduleVoltage: 0
    DIMM 3:
      manufacturer: Not Specified
      modulePartNo: Not Specified
      memType: DDR4
      size: 128
      clkspeed: 1333
      moduleVoltage: 0
Checksum: 2DEC5F956562B52F8BBFF577AD597DE0B4B2384E