BaselineInfo:
  WebDBID: -1
  TimeStamp: 20260617154902
Version:
  Major: 11
  Minor: 0
  Build: 1004
  SpecialBuildName: ""
  ptArchitecture: x86_64_linux
Results:
  Results Complete: true
  NumTestProcesses: 4
  CPU_INTEGER_MATH: 11707.545
  CPU_FLOATINGPOINT_MATH: 6280.5384074889298
  CPU_PRIME: 29.929389188002965
  CPU_SORTING: 7367.9362084644063
  CPU_ENCRYPTION: 1621.8153801140024
  CPU_COMPRESSION: 54980.896860278684
  CPU_SINGLETHREAD: 1976.2420038986288
  CPU_PHYSICS: 537.7182990597679
  CPU_MATRIX_MULT_SSE: 3128.7535682494531
  CPU_mm: 334.81889380644509
  CPU_sse: 1275.0896260496575
  CPU_fma: 3935.3660207361195
  CPU_avx: 2779.087080680119
  CPU_avx512: 4525.4715455319165
  m_CPU_enc_SHA: 529034157.72002774
  m_CPU_enc_AES: 4094922221.7350593
  m_CPU_enc_ECDSA: 477833672.60017371
  ME_ALLOC_S: 1429.7460651025638
  ME_READ_S: 22632.1103515625
  ME_READ_L: 10346.86328125
  ME_WRITE: 9919.3916015625
  ME_LARGE: 70211
  ME_LATENCY: 55.210253274298985
  ME_THREADED: 23927.90625
  SUMM_CPU: 4278.1267690027125
  SUMM_ME: 2139.9282061943791
SystemInformation:
  OSName: Ubuntu 24.04.4 LTS
  Kernel: 6.8.0-117-generic
  Device: ""
  Processor: Intel(R) Xeon(R) Platinum 8269CY CPU @ 2.50GHz
  NumSockets: 1
  Manufacturer: GenuineIntel
  NumCores: 2
  NumLogicals: 4
  CPUFrequency: 2500
  CPUMaxFrequency: 3800
  Memory: 78487
  CPUInfo:
    number: 1
    Family: 6
    Model: 5
    stepping: 7
    features: 529267711
    manufacture: GenuineIntel
    typestring: Intel(R) Xeon(R) Platinum 8269CY CPU @ 2.50GHz
    iCoresPerPackage: 0
    iThreadsPerPackage: 0
    featuresEx:
      - 529267711
      - 4277809667
      - 739248128
    bHybrid: false
    nPCore: 0
    nLogicalsPerPCore: 0
    nECore: 0
    nLogicalsPerECore: 0
  MemModuleInfo:
    iNumMemSticks: 5
    DIMM 1:
      manufacturer: Alibaba Cloud
      modulePartNo: Not Specified
      memType: RAM
      size: 16
      clkspeed: 0
      moduleVoltage: 0
    DIMM 2:
      manufacturer: Alibaba Cloud
      modulePartNo: Not Specified
      memType: RAM
      size: 16
      clkspeed: 0
      moduleVoltage: 0
    DIMM 3:
      manufacturer: Alibaba Cloud
      modulePartNo: Not Specified
      memType: RAM
      size: 16
      clkspeed: 0
      moduleVoltage: 0
    DIMM 4:
      manufacturer: Alibaba Cloud
      modulePartNo: Not Specified
      memType: RAM
      size: 16
      clkspeed: 0
      moduleVoltage: 0
    DIMM 5:
      manufacturer: Alibaba Cloud
      modulePartNo: Not Specified
      memType: RAM
      size: 15
      clkspeed: 0
      moduleVoltage: 0
Checksum: C3447A5AE7E5F0D598DBDD3AA501B9EC6826492C