---
system-info:
      stress-ng-version: 0.17.08
      run-by: root
      date-yyyy-mm-dd: 2024:06:13
      time-hh-mm-ss: 11:19:09
      epoch-secs: 1718277549
      hostname: 8104b14691a7
      sysname: Linux
      nodename: 8104b14691a7
      release: 6.8.0-1008-aws
      version: '#8-Ubuntu SMP Sat Apr 20 00:46:25 UTC 2024'
      machine: x86_64
      compiler: 'musl-gcc 13.2.1'
      uptime: 154
      totalram: 397194407936
      freeram: 391734284288
      sharedram: 72888320
      bufferram: 108810240
      totalswap: 0
      freeswap: 0
      pagesize: 4096
      cpus: 96
      cpus-online: 96
      ticks-per-second: 100

metrics:
    - stressor: cpu
      bogo-ops: 27762
      bogo-ops-per-second-usr-sys-time: 1388.122002
      bogo-ops-per-second-real-time: 1388.092057
      wall-clock-time: 20.000114
      user-time: 19.999683
      system-time: 0.000000
      cpu-usage-per-instance: 99.997843
      max-rss: 768

...
