---
system-info:
      stress-ng-version: 0.17.08
      run-by: root
      date-yyyy-mm-dd: 2024:06:07
      time-hh-mm-ss: 19:24:03
      epoch-secs: 1717788243
      hostname: 5c356cfe72bc
      sysname: Linux
      nodename: 5c356cfe72bc
      release: 6.8.0-1008-aws
      version: '#8-Ubuntu SMP Sat Apr 20 00:46:25 UTC 2024'
      machine: x86_64
      compiler: 'musl-gcc 13.2.1'
      uptime: 133
      totalram: 401422229504
      freeram: 396118269952
      sharedram: 78655488
      bufferram: 95371264
      totalswap: 0
      freeswap: 0
      pagesize: 4096
      cpus: 96
      cpus-online: 96
      ticks-per-second: 100

metrics:
    - stressor: cpu
      bogo-ops: 14942
      bogo-ops-per-second-usr-sys-time: 1494.195219
      bogo-ops-per-second-real-time: 1494.182081
      wall-clock-time: 10.000120
      user-time: 10.000032
      system-time: 0.000000
      cpu-usage-per-instance: 99.999121
      max-rss: 3072

...
