---
system-info:
      stress-ng-version: 0.17.08
      run-by: root
      date-yyyy-mm-dd: 2024:06:06
      time-hh-mm-ss: 03:15:51
      epoch-secs: 1717643751
      hostname: 6feb542ea252
      sysname: Linux
      nodename: 6feb542ea252
      release: 6.8.0-1008-aws
      version: '#8-Ubuntu SMP Sat Apr 20 00:46:25 UTC 2024'
      machine: x86_64
      compiler: 'musl-gcc 13.2.1'
      uptime: 101
      totalram: 16377602048
      freeram: 12276727808
      sharedram: 20062208
      bufferram: 80039936
      totalswap: 0
      freeswap: 0
      pagesize: 4096
      cpus: 8
      cpus-online: 8
      ticks-per-second: 100

metrics:
    - stressor: cpu
      bogo-ops: 103893
      bogo-ops-per-second-usr-sys-time: 1301.087548
      bogo-ops-per-second-real-time: 10387.675898
      wall-clock-time: 10.001563
      user-time: 79.832902
      system-time: 0.017989
      cpu-usage-per-instance: 99.798010
      max-rss: 4048

...
