---
system-info:
      stress-ng-version: 0.17.08
      run-by: root
      date-yyyy-mm-dd: 2024:06:14
      time-hh-mm-ss: 03:40:58
      epoch-secs: 1718336458
      hostname: d8da04d65108
      sysname: Linux
      nodename: d8da04d65108
      release: 6.8.0-1008-aws
      version: '#8-Ubuntu SMP Sat Apr 20 00:46:25 UTC 2024'
      machine: x86_64
      compiler: 'musl-gcc 13.2.1'
      uptime: 118
      totalram: 16377602048
      freeram: 12054667264
      sharedram: 20062208
      bufferram: 107380736
      totalswap: 0
      freeswap: 0
      pagesize: 4096
      cpus: 8
      cpus-online: 8
      ticks-per-second: 100

metrics:
    - stressor: cpu
      bogo-ops: 239001
      bogo-ops-per-second-usr-sys-time: 1496.212732
      bogo-ops-per-second-real-time: 11950.018037
      wall-clock-time: 20.000053
      user-time: 159.728317
      system-time: 0.008995
      cpu-usage-per-instance: 99.835553
      max-rss: 1104

...
