BaselineInfo:
  WebDBID: -1
  TimeStamp: 20241107054835
Version:
  Major: 11
  Minor: 0
  Build: 1002
  SpecialBuildName: ""
  ptArchitecture: x86_64_linux
Results:
  Results Complete: true
  NumTestProcesses: 2
  CPU_INTEGER_MATH: 5620.1706666666669
  CPU_FLOATINGPOINT_MATH: 2986.3883253719814
  CPU_PRIME: 12.454603986257554
  CPU_SORTING: 2992.0239273576294
  CPU_ENCRYPTION: 770.88521925650321
  CPU_COMPRESSION: 24872.699545396914
  CPU_SINGLETHREAD: 1743.2977731069684
  CPU_PHYSICS: 266.55285876494077
  CPU_MATRIX_MULT_SSE: 1414.8855979867367
  CPU_mm: 170.60040517651402
  CPU_sse: 608.49249637706498
  CPU_fma: 1813.3702418061748
  CPU_avx: 1281.9203849062069
  CPU_avx512: 1955.7592688575003
  m_CPU_enc_SHA: 253759332.13133675
  m_CPU_enc_AES: 1946671333.5597696
  m_CPU_enc_ECDSA: 224564553.31021488
  ME_ALLOC_S: 689.53630486056113
  ME_READ_S: 21860.787890625001
  ME_READ_L: 11015.333984375
  ME_WRITE: 9925.1171875
  ME_LARGE: 628
  ME_LATENCY: 54.674530025877424
  ME_THREADED: 12920.53759765625
  SUMM_CPU: 1995.9792159817569
  SUMM_ME: 947.41995853371134
SystemInformation:
  OSName: Ubuntu 24.04.1 LTS
  Kernel: 6.8.0-1016-aws
  Device: ""
  Processor: Intel Xeon Platinum 8259CL CPU @ 2.50GHz
  NumSockets: 1
  Manufacturer: GenuineIntel
  NumCores: 1
  NumLogicals: 2
  CPUFrequency: 0
  Memory: 7820
  MemModuleInfo:
    iNumMemSticks: 1
    DIMM 1:
      manufacturer: Not Specified
      modulePartNo: Not Specified
      memType: DDR4
      size: 8
      clkspeed: 1333
      moduleVoltage: 0
Checksum: A025633AD7D72E66F4A2B9F281039890EC8E5C54