BaselineInfo:
  WebDBID: -1
  TimeStamp: 20241107194311
Version:
  Major: 11
  Minor: 0
  Build: 1002
  SpecialBuildName: ""
  ptArchitecture: x86_64_linux
Results:
  Results Complete: true
  NumTestProcesses: 4
  CPU_INTEGER_MATH: 14345.147666666666
  CPU_FLOATINGPOINT_MATH: 11439.324434956929
  CPU_PRIME: 45.26481823920448
  CPU_SORTING: 8677.0724892090693
  CPU_ENCRYPTION: 1844.3119569740957
  CPU_COMPRESSION: 71887.864167576656
  CPU_SINGLETHREAD: 1841.1693556777004
  CPU_PHYSICS: 762.93506179547774
  CPU_MATRIX_MULT_SSE: 6029.2251193752054
  CPU_mm: 658.77853859659876
  CPU_sse: 2485.6675873358454
  CPU_fma: 8155.6122909899495
  CPU_avx: 5439.1648342232102
  CPU_avx512: 8036.4557649518183
  m_CPU_enc_SHA: 1013933277.2670856
  m_CPU_enc_AES: 3900191611.094172
  m_CPU_enc_ECDSA: 887578875.42695022
  ME_ALLOC_S: 2540.3384516531705
  ME_READ_S: 21654.4638671875
  ME_READ_L: 8196.783203125
  ME_WRITE: 7740.09228515625
  ME_LARGE: 18094
  ME_LATENCY: 55.291939334587425
  ME_THREADED: 29620.82958984375
  SUMM_CPU: 5761.306189284569
  SUMM_ME: 2026.9777352977324
SystemInformation:
  OSName: Ubuntu 24.04.1 LTS
  Kernel: 6.8.0-1017-azure
  Device: ""
  Processor: Intel Xeon Platinum 8272CL CPU @ 2.60GHz
  NumSockets: 1
  Manufacturer: GenuineIntel
  NumCores: 4
  NumLogicals: 4
  CPUFrequency: 0
  Memory: 28061
  MemModuleInfo:
    iNumMemSticks: 2
    DIMM 1:
      manufacturer: Microsoft Corporation
      modulePartNo: None
      memType: Unknown
      size: 1
      clkspeed: 0
      moduleVoltage: 0
    DIMM 2:
      manufacturer: Microsoft Corporation
      modulePartNo: None
      memType: Unknown
      size: 27
      clkspeed: 0
      moduleVoltage: 0
Checksum: 5A6FAA974334A7C7A537E6619C2013E88053D4AD