---
system-info:
      stress-ng-version: 0.17.08
      run-by: root
      date-yyyy-mm-dd: 2024:09:02
      time-hh-mm-ss: 23:36:32
      epoch-secs: 1725320192
      hostname: sc-runner
      sysname: Linux
      nodename: sc-runner
      release: 6.8.0-1013-azure
      version: '#15-Ubuntu SMP Thu Aug  8 18:40:40 UTC 2024'
      machine: x86_64
      compiler: 'musl-gcc 13.2.1'
      uptime: 329
      totalram: 16765739008
      freeram: 8266764288
      sharedram: 54902784
      bufferram: 210296832
      totalswap: 0
      freeswap: 0
      pagesize: 4096
      cpus: 2
      cpus-online: 2
      ticks-per-second: 100

metrics:
    - stressor: cpu
      bogo-ops: 38646
      bogo-ops-per-second-usr-sys-time: 974.694366
      bogo-ops-per-second-real-time: 1932.289381
      wall-clock-time: 20.000110
      user-time: 39.641366
      system-time: 0.007986
      cpu-usage-per-instance: 99.122835
      max-rss: 3124

...
