---
system-info:
      stress-ng-version: 0.17.08
      run-by: root
      date-yyyy-mm-dd: 2024:09:23
      time-hh-mm-ss: 04:50:29
      epoch-secs: 1727067029
      hostname: sc-runner
      sysname: Linux
      nodename: sc-runner
      release: 6.8.0-1014-azure
      version: '#16-Ubuntu SMP Thu Aug 15 20:04:41 UTC 2024'
      machine: x86_64
      compiler: 'musl-gcc 13.2.1'
      uptime: 368
      totalram: 135066300416
      freeram: 124337676288
      sharedram: 46612480
      bufferram: 343572480
      totalswap: 0
      freeswap: 0
      pagesize: 4096
      cpus: 16
      cpus-online: 16
      ticks-per-second: 100

metrics:
    - stressor: cpu
      bogo-ops: 207464
      bogo-ops-per-second-usr-sys-time: 649.307638
      bogo-ops-per-second-real-time: 10373.127429
      wall-clock-time: 20.000140
      user-time: 319.458626
      system-time: 0.057098
      cpu-usage-per-instance: 99.847965
      max-rss: 3144

...
