---
system-info:
      stress-ng-version: 0.17.08
      run-by: root
      date-yyyy-mm-dd: 2024:07:02
      time-hh-mm-ss: 13:16:58
      epoch-secs: 1719926218
      hostname: n2d-standard-48-a8034d4
      sysname: Linux
      nodename: n2d-standard-48-a8034d4
      release: 6.8.0-1009-gcp
      version: '#10-Ubuntu SMP Wed Jun 12 18:52:23 UTC 2024'
      machine: x86_64
      compiler: 'musl-gcc 13.2.1'
      uptime: 192
      totalram: 202598809600
      freeram: 196950470656
      sharedram: 35131392
      bufferram: 128790528
      totalswap: 0
      freeswap: 0
      pagesize: 4096
      cpus: 48
      cpus-online: 48
      ticks-per-second: 100

metrics:
    - stressor: cpu
      bogo-ops: 53929
      bogo-ops-per-second-usr-sys-time: 2696.480066
      bogo-ops-per-second-real-time: 2696.440646
      wall-clock-time: 20.000069
      user-time: 19.999777
      system-time: 0.000000
      cpu-usage-per-instance: 99.998538
      max-rss: 768

...
