BaselineInfo:
  WebDBID: -1
  TimeStamp: 20260116022824
Version:
  Major: 11
  Minor: 0
  Build: 1004
  SpecialBuildName: ""
  ptArchitecture: aarch64_linux
Results:
  Results Complete: true
  NumTestProcesses: 4
  CPU_INTEGER_MATH: 18926.328000000001
  CPU_FLOATINGPOINT_MATH: 14377.988061468999
  CPU_PRIME: 34.983181654333869
  CPU_SORTING: 13775.11757741017
  CPU_ENCRYPTION: 649.92692837386574
  CPU_COMPRESSION: 21976.153571882594
  CPU_SINGLETHREAD: 1335.1354608222564
  CPU_PHYSICS: 621.01142779221539
  CPU_MATRIX_MULT_SSE: 2986.8296177486527
  CPU_mm: 501.01236952064204
  CPU_sse: 2500.8721855031699
  CPU_fma: 3472.7870499941355
  CPU_avx: 0
  CPU_avx512: 0
  m_CPU_enc_SHA: 975005847.90771699
  m_CPU_enc_AES: 451582581.20657289
  m_CPU_enc_ECDSA: 617904907.42537427
  ME_ALLOC_S: 2985.5564265351354
  ME_READ_S: 11385.939160156249
  ME_READ_L: 9846.0185546875
  ME_WRITE: 15041.4638671875
  ME_LARGE: 1669.8333333333333
  ME_LATENCY: 67.977730663759488
  ME_THREADED: 38714.2431640625
  SUMM_CPU: 3205.156902935682
  SUMM_ME: 1386.4208762104927
SystemInformation:
  OSName: Ubuntu 24.04.3 LTS
  Kernel: 6.8.0-90-generic
  Device: ""
  Processor: ARM Neoverse-N1 4 Core 0 MHz
  NumSockets: 1
  Manufacturer: ARM
  NumCores: 4
  NumLogicals: 4
  CPUFrequency: 0
  CPUMaxFrequency: 0
  Memory: 7364
Checksum: 663A4AF431E742A88779FE1406BE942E6D6F59E4