---
system-info:
      stress-ng-version: 0.17.08
      run-by: root
      date-yyyy-mm-dd: 2024:06:14
      time-hh-mm-ss: 13:58:01
      epoch-secs: 1718373481
      hostname: 86b19edcee08
      sysname: Linux
      nodename: 86b19edcee08
      release: 6.8.0-1008-aws
      version: '#8-Ubuntu SMP Sat Apr 20 02:43:14 UTC 2024'
      machine: aarch64
      compiler: 'musl-gcc 13.2.1'
      uptime: 201
      totalram: 265454903296
      freeram: 260536205312
      sharedram: 35016704
      bufferram: 109035520
      totalswap: 0
      freeswap: 0
      pagesize: 4096
      cpus: 64
      cpus-online: 64
      ticks-per-second: 100

metrics:
    - stressor: cpu
      bogo-ops: 30387
      bogo-ops-per-second-usr-sys-time: 1519.375753
      bogo-ops-per-second-real-time: 1519.341904
      wall-clock-time: 20.000107
      user-time: 19.999661
      system-time: 0.000000
      cpu-usage-per-instance: 99.997772
      max-rss: 512

...
