---
system-info:
      stress-ng-version: 0.17.08
      run-by: root
      date-yyyy-mm-dd: 2024:06:07
      time-hh-mm-ss: 14:56:44
      epoch-secs: 1717772204
      hostname: 739df3d40e5e
      sysname: Linux
      nodename: 739df3d40e5e
      release: 6.8.0-1008-aws
      version: '#8-Ubuntu SMP Sat Apr 20 02:43:14 UTC 2024'
      machine: aarch64
      compiler: 'musl-gcc 13.2.1'
      uptime: 150
      totalram: 265454907392
      freeram: 260631085056
      sharedram: 35016704
      bufferram: 91238400
      totalswap: 0
      freeswap: 0
      pagesize: 4096
      cpus: 64
      cpus-online: 64
      ticks-per-second: 100

metrics:
    - stressor: cpu
      bogo-ops: 2940
      bogo-ops-per-second-usr-sys-time: 293.060419
      bogo-ops-per-second-real-time: 293.057261
      wall-clock-time: 10.032169
      user-time: 10.032061
      system-time: 0.000000
      cpu-usage-per-instance: 99.998922
      max-rss: 3584

...
