---
system-info:
      stress-ng-version: 0.17.08
      run-by: root
      date-yyyy-mm-dd: 2024:08:30
      time-hh-mm-ss: 13:34:15
      epoch-secs: 1725024855
      hostname: sc-runner
      sysname: Linux
      nodename: sc-runner
      release: 6.8.0-1013-azure
      version: '#15-Ubuntu SMP Thu Aug  8 18:40:40 UTC 2024'
      machine: x86_64
      compiler: 'musl-gcc 13.2.1'
      uptime: 375
      totalram: 8323649536
      freeram: 249815040
      sharedram: 42037248
      bufferram: 199421952
      totalswap: 0
      freeswap: 0
      pagesize: 4096
      cpus: 2
      cpus-online: 2
      ticks-per-second: 100

metrics:
    - stressor: cpu
      bogo-ops: 37147
      bogo-ops-per-second-usr-sys-time: 939.281270
      bogo-ops-per-second-real-time: 1857.338963
      wall-clock-time: 20.000119
      user-time: 39.542341
      system-time: 0.005983
      cpu-usage-per-instance: 98.870222
      max-rss: 1104

...
