BaselineInfo:
  WebDBID: -1
  TimeStamp: 20241111104232
Version:
  Major: 11
  Minor: 0
  Build: 1002
  SpecialBuildName: ""
  ptArchitecture: x86_64_linux
Results:
  Results Complete: true
  NumTestProcesses: 4
  CPU_INTEGER_MATH: 16609.313999999998
  CPU_FLOATINGPOINT_MATH: 9194.1623396622581
  CPU_PRIME: 38.940116166375674
  CPU_SORTING: 9209.6571038368365
  CPU_ENCRYPTION: 4321.7469502564218
  CPU_COMPRESSION: 65928.40210615407
  CPU_SINGLETHREAD: 2390.8153431448118
  CPU_PHYSICS: 759.08191824896437
  CPU_MATRIX_MULT_SSE: 3604.3371385991331
  CPU_mm: 446.04240349437566
  CPU_sse: 1882.6096194195509
  CPU_fma: 5195.9033916540866
  CPU_avx: 3734.4984047237613
  CPU_avx512: 0
  m_CPU_enc_SHA: 6258945497.3191118
  m_CPU_enc_AES: 4006463003.8038201
  m_CPU_enc_ECDSA: 3329631889.2133007
  ME_ALLOC_S: 1819.6431109063101
  ME_READ_S: 24347.970703125
  ME_READ_L: 19962.609375
  ME_WRITE: 18841.119140625
  ME_LARGE: 54268
  ME_LATENCY: 61.859940832072503
  ME_THREADED: 38547.1728515625
  SUMM_CPU: 6210.6950247567447
  SUMM_ME: 2543.9474040138002
SystemInformation:
  OSName: Ubuntu 24.04.1 LTS
  Kernel: 6.8.0-1017-azure
  Device: ""
  Processor: AMD EPYC 7763 64-Core Processor
  NumSockets: 1
  Manufacturer: AuthenticAMD
  NumCores: 2
  NumLogicals: 4
  CPUFrequency: 0
  Memory: 64301
  MemModuleInfo:
    iNumMemSticks: 3
    DIMM 1:
      manufacturer: Microsoft Corporation
      modulePartNo: None
      memType: Unknown
      size: 1
      clkspeed: 0
      moduleVoltage: 0
    DIMM 2:
      manufacturer: Microsoft Corporation
      modulePartNo: None
      memType: Unknown
      size: 60928
      clkspeed: 0
      moduleVoltage: 0
    DIMM 3:
      manufacturer: Microsoft Corporation
      modulePartNo: None
      memType: Unknown
      size: 3584
      clkspeed: 0
      moduleVoltage: 0
Checksum: FE6F426DD828FCCC6B1C1C47043CFB0226D061EC