BaselineInfo:
  WebDBID: -1
  TimeStamp: 20260618040325
Version:
  Major: 11
  Minor: 0
  Build: 1004
  SpecialBuildName: ""
  ptArchitecture: x86_64_linux
Results:
  Results Complete: true
  NumTestProcesses: 16
  CPU_INTEGER_MATH: 48184.647000000004
  CPU_FLOATINGPOINT_MATH: 36118.395243582694
  CPU_PRIME: 106.61564202774436
  CPU_SORTING: 31004.238177277864
  CPU_ENCRYPTION: 6162.2119395127456
  CPU_COMPRESSION: 238995.53714655101
  CPU_SINGLETHREAD: 1682.8958876265542
  CPU_PHYSICS: 1894.8319375113788
  CPU_MATRIX_MULT_SSE: 20136.937669976203
  CPU_mm: 2166.5130680524876
  CPU_sse: 7889.077677878201
  CPU_fma: 26467.219629191863
  CPU_avx: 18463.473846401364
  CPU_avx512: 27727.979526433392
  m_CPU_enc_SHA: 2916765222.2583523
  m_CPU_enc_AES: 13856860938.697603
  m_CPU_enc_ECDSA: 2611016479.1035924
  ME_ALLOC_S: 4290.0134345758306
  ME_READ_S: 19430.519140625001
  ME_READ_L: 6356.31982421875
  ME_WRITE: 6948.08056640625
  ME_LARGE: 23268.833333333332
  ME_LATENCY: 83.403151460082242
  ME_THREADED: 73967.844970703125
  SUMM_CPU: 16949.883026834661
  SUMM_ME: 1704.3248517779218
SystemInformation:
  OSName: Ubuntu 24.04.4 LTS
  Kernel: 6.8.0-117-generic
  Device: ""
  Processor: Intel(R) Xeon(R) Platinum 8163 CPU @ 2.50GHz
  NumSockets: 1
  Manufacturer: GenuineIntel
  NumCores: 8
  NumLogicals: 16
  CPUFrequency: 2500
  CPUMaxFrequency: 3100
  Memory: 31707
  CPUInfo:
    number: 1
    Family: 6
    Model: 5
    stepping: 4
    features: 529267711
    manufacture: GenuineIntel
    typestring: Intel(R) Xeon(R) Platinum 8163 CPU @ 2.50GHz
    iCoresPerPackage: 8
    iThreadsPerPackage: 2
    featuresEx:
      - 529267711
      - 4294586883
      - 739248128
    bHybrid: false
    nPCore: 0
    nLogicalsPerPCore: 0
    nECore: 0
    nLogicalsPerECore: 0
  MemModuleInfo:
    iNumMemSticks: 2
    DIMM 1:
      manufacturer: Alibaba Cloud
      modulePartNo: Not Specified
      memType: RAM
      size: 16
      clkspeed: 0
      moduleVoltage: 0
    DIMM 2:
      manufacturer: Alibaba Cloud
      modulePartNo: Not Specified
      memType: RAM
      size: 16
      clkspeed: 0
      moduleVoltage: 0
Checksum: 4C04B22EB02AD28EB6496B3EFD80276A46A4BFDB