BaselineInfo:
  WebDBID: -1
  TimeStamp: 20241108132613
Version:
  Major: 11
  Minor: 0
  Build: 1002
  SpecialBuildName: ""
  ptArchitecture: x86_64_linux
Results:
  Results Complete: true
  NumTestProcesses: 48
  CPU_INTEGER_MATH: 162121.13966666668
  CPU_FLOATINGPOINT_MATH: 96706.412839467739
  CPU_PRIME: 235.16539090402605
  CPU_SORTING: 98581.374391247053
  CPU_ENCRYPTION: 51158.649873925075
  CPU_COMPRESSION: 710242.69904198975
  CPU_SINGLETHREAD: 2138.6578232927423
  CPU_PHYSICS: 4555.0373956290323
  CPU_MATRIX_MULT_SSE: 44551.730362065835
  CPU_mm: 4854.7618014502195
  CPU_sse: 20022.792476271123
  CPU_fma: 64586.293774886683
  CPU_avx: 49046.104835039732
  CPU_avx512: 0
  m_CPU_enc_SHA: 72339675357.275558
  m_CPU_enc_AES: 49610980640.270134
  m_CPU_enc_ECDSA: 38980541353.056915
  ME_ALLOC_S: 16332.992915953737
  ME_READ_S: 24678.5986328125
  ME_READ_L: 12715.90234375
  ME_WRITE: 13452.470703125
  ME_LARGE: 84427.75
  ME_LATENCY: 51.404559715477234
  ME_THREADED: 98056.878540039062
  SUMM_CPU: 46486.013275405981
  SUMM_ME: 2874.0877948246975
SystemInformation:
  OSName: Ubuntu 24.04.1 LTS
  Kernel: 6.8.0-1016-aws
  Device: ""
  Processor: AMD EPYC 7R32
  NumSockets: 1
  Manufacturer: AuthenticAMD
  NumCores: 24
  NumLogicals: 48
  CPUFrequency: 0
  Memory: 95500
  MemModuleInfo:
    iNumMemSticks: 1
    DIMM 1:
      manufacturer: Not Specified
      modulePartNo: Not Specified
      memType: DDR4
      size: 96
      clkspeed: 1466
      moduleVoltage: 0
Checksum: B0BA9C92B82FB07FD5D6E92F93E3082FF566805D