---
system-info:
      stress-ng-version: 0.17.08
      run-by: root
      date-yyyy-mm-dd: 2024:09:16
      time-hh-mm-ss: 19:31:13
      epoch-secs: 1726515073
      hostname: sc-runner
      sysname: Linux
      nodename: sc-runner
      release: 6.8.0-1014-azure
      version: '#16-Ubuntu SMP Thu Aug 15 20:04:41 UTC 2024'
      machine: x86_64
      compiler: 'musl-gcc 13.2.1'
      uptime: 481
      totalram: 58969841664
      freeram: 48769339392
      sharedram: 46628864
      bufferram: 256196608
      totalswap: 0
      freeswap: 0
      pagesize: 4096
      cpus: 4
      cpus-online: 4
      ticks-per-second: 100

metrics:
    - stressor: cpu
      bogo-ops: 64525
      bogo-ops-per-second-usr-sys-time: 810.078880
      bogo-ops-per-second-real-time: 3226.228607
      wall-clock-time: 20.000133
      user-time: 79.632662
      system-time: 0.020075
      cpu-usage-per-instance: 99.565261
      max-rss: 3128

...
