---
system-info:
      stress-ng-version: 0.17.08
      run-by: root
      date-yyyy-mm-dd: 2024:09:03
      time-hh-mm-ss: 15:40:20
      epoch-secs: 1725378020
      hostname: sc-runner
      sysname: Linux
      nodename: sc-runner
      release: 6.8.0-1013-azure
      version: '#15-Ubuntu SMP Thu Aug  8 18:40:40 UTC 2024'
      machine: x86_64
      compiler: 'musl-gcc 13.2.1'
      uptime: 484
      totalram: 58969845760
      freeram: 50336800768
      sharedram: 46628864
      bufferram: 239124480
      totalswap: 0
      freeswap: 0
      pagesize: 4096
      cpus: 4
      cpus-online: 4
      ticks-per-second: 100

metrics:
    - stressor: cpu
      bogo-ops: 62993
      bogo-ops-per-second-usr-sys-time: 790.847387
      bogo-ops-per-second-real-time: 3149.634418
      wall-clock-time: 20.000099
      user-time: 79.636502
      system-time: 0.016034
      cpu-usage-per-instance: 99.565177
      max-rss: 3152

...
