---
system-info:
      stress-ng-version: 0.17.08
      run-by: root
      date-yyyy-mm-dd: 2024:06:14
      time-hh-mm-ss: 07:40:15
      epoch-secs: 1718350815
      hostname: 3f6442d31580
      sysname: Linux
      nodename: 3f6442d31580
      release: 6.8.0-1008-aws
      version: '#8-Ubuntu SMP Sat Apr 20 00:46:25 UTC 2024'
      machine: x86_64
      compiler: 'musl-gcc 13.2.1'
      uptime: 103
      totalram: 3979280384
      freeram: 152395776
      sharedram: 11792384
      bufferram: 100233216
      totalswap: 0
      freeswap: 0
      pagesize: 4096
      cpus: 2
      cpus-online: 2
      ticks-per-second: 100

metrics:
    - stressor: cpu
      bogo-ops: 122189
      bogo-ops-per-second-usr-sys-time: 3077.443457
      bogo-ops-per-second-real-time: 6109.438056
      wall-clock-time: 20.000039
      user-time: 39.694727
      system-time: 0.009983
      cpu-usage-per-instance: 99.261581
      max-rss: 976

...
