---
system-info:
      stress-ng-version: 0.17.08
      run-by: root
      date-yyyy-mm-dd: 2024:06:06
      time-hh-mm-ss: 13:56:21
      epoch-secs: 1717682181
      hostname: e982e53c1194
      sysname: Linux
      nodename: e982e53c1194
      release: 6.8.0-1008-aws
      version: '#8-Ubuntu SMP Sat Apr 20 00:46:25 UTC 2024'
      machine: x86_64
      compiler: 'musl-gcc 13.2.1'
      uptime: 95
      totalram: 3979272192
      freeram: 187723776
      sharedram: 11792384
      bufferram: 77217792
      totalswap: 0
      freeswap: 0
      pagesize: 4096
      cpus: 2
      cpus-online: 2
      ticks-per-second: 100

metrics:
    - stressor: cpu
      bogo-ops: 35436
      bogo-ops-per-second-usr-sys-time: 1784.925539
      bogo-ops-per-second-real-time: 3543.237846
      wall-clock-time: 10.001022
      user-time: 19.851931
      system-time: 0.000998
      cpu-usage-per-instance: 99.254500
      max-rss: 3920

...
