---
system-info:
      stress-ng-version: 0.17.08
      run-by: root
      date-yyyy-mm-dd: 2024:06:16
      time-hh-mm-ss: 04:41:54
      epoch-secs: 1718512914
      hostname: a288c2db29b6
      sysname: Linux
      nodename: a288c2db29b6
      release: 6.8.0-1008-aws
      version: '#8-Ubuntu SMP Sat Apr 20 00:46:25 UTC 2024'
      machine: x86_64
      compiler: 'musl-gcc 13.2.1'
      uptime: 119
      totalram: 1623107305472
      freeram: 1615053623296
      sharedram: 225640448
      bufferram: 110055424
      totalswap: 0
      freeswap: 0
      pagesize: 4096
      cpus: 192
      cpus-online: 192
      ticks-per-second: 100

metrics:
    - stressor: cpu
      bogo-ops: 3419402
      bogo-ops-per-second-usr-sys-time: 891.354742
      bogo-ops-per-second-real-time: 170969.299266
      wall-clock-time: 20.000094
      user-time: 3836.133386
      system-time: 0.051960
      cpu-usage-per-instance: 99.900192
      max-rss: 0

...
