---
system-info:
      stress-ng-version: 0.17.08
      run-by: root
      date-yyyy-mm-dd: 2024:06:10
      time-hh-mm-ss: 01:21:51
      epoch-secs: 1717982511
      hostname: f3db7c60ba09
      sysname: Linux
      nodename: f3db7c60ba09
      release: 6.8.0-1008-aws
      version: '#8-Ubuntu SMP Sat Apr 20 00:46:25 UTC 2024'
      machine: x86_64
      compiler: 'musl-gcc 13.2.1'
      uptime: 117
      totalram: 1623107293184
      freeram: 1614161477632
      sharedram: 225640448
      bufferram: 114401280
      totalswap: 0
      freeswap: 0
      pagesize: 4096
      cpus: 192
      cpus-online: 192
      ticks-per-second: 100

metrics:
    - stressor: cpu
      bogo-ops: 2685449
      bogo-ops-per-second-usr-sys-time: 1400.998581
      bogo-ops-per-second-real-time: 268503.742899
      wall-clock-time: 10.001533
      user-time: 1916.607760
      system-time: 0.202889
      cpu-usage-per-instance: 99.818587
      max-rss: 3072

...
