BaselineInfo:
  WebDBID: -1
  TimeStamp: 20241108134845
Version:
  Major: 11
  Minor: 0
  Build: 1002
  SpecialBuildName: ""
  ptArchitecture: x86_64_linux
Results:
  Results Complete: true
  NumTestProcesses: 32
  CPU_INTEGER_MATH: 132921.15899999999
  CPU_FLOATINGPOINT_MATH: 73110.460985133992
  CPU_PRIME: 190.51742492693361
  CPU_SORTING: 70104.835352681403
  CPU_ENCRYPTION: 34355.022663074342
  CPU_COMPRESSION: 503921.5848455744
  CPU_SINGLETHREAD: 2381.9335830440373
  CPU_PHYSICS: 3909.310405095217
  CPU_MATRIX_MULT_SSE: 29915.74872334069
  CPU_mm: 3591.9046092086373
  CPU_sse: 15274.646716163288
  CPU_fma: 41583.296162921033
  CPU_avx: 32889.303290937729
  CPU_avx512: 0
  m_CPU_enc_SHA: 49797915784.167557
  m_CPU_enc_AES: 31843678683.233925
  m_CPU_enc_ECDSA: 26429962264.466038
  ME_ALLOC_S: 13191.145698700591
  ME_READ_S: 24407.007421875001
  ME_READ_L: 15576.830078125
  ME_WRITE: 16401.7578125
  ME_LARGE: 247011.08333333334
  ME_LATENCY: 72.945835323863477
  ME_THREADED: 91522.140991210938
  SUMM_CPU: 38185.802785440566
  SUMM_ME: 2546.971004449771
SystemInformation:
  OSName: Ubuntu 24.04.1 LTS
  Kernel: 6.8.0-1017-azure
  Device: ""
  Processor: AMD EPYC 7763 64-Core Processor
  NumSockets: 1
  Manufacturer: AuthenticAMD
  NumCores: 16
  NumLogicals: 32
  CPUFrequency: 0
  Memory: 257731
  MemModuleInfo:
    iNumMemSticks: 3
    DIMM 1:
      manufacturer: Microsoft Corporation
      modulePartNo: None
      memType: Unknown
      size: 1
      clkspeed: 0
      moduleVoltage: 0
    DIMM 2:
      manufacturer: Microsoft Corporation
      modulePartNo: None
      memType: Unknown
      size: 59
      clkspeed: 0
      moduleVoltage: 0
    DIMM 3:
      manufacturer: Microsoft Corporation
      modulePartNo: None
      memType: Unknown
      size: 196
      clkspeed: 0
      moduleVoltage: 0
Checksum: 6F1AF1A2DB86007A3D24D66B5C7DC723369B3E2C