---
system-info:
      stress-ng-version: 0.17.08
      run-by: root
      date-yyyy-mm-dd: 2024:06:04
      time-hh-mm-ss: 17:59:24
      epoch-secs: 1717523964
      hostname: bbdc381ff314
      sysname: Linux
      nodename: bbdc381ff314
      release: 6.8.0-1008-aws
      version: '#8-Ubuntu SMP Sat Apr 20 02:43:14 UTC 2024'
      machine: aarch64
      compiler: 'musl-gcc 13.2.1'
      uptime: 1958
      totalram: 8009060352
      freeram: 2703122432
      sharedram: 3559424
      bufferram: 84770816
      totalswap: 0
      freeswap: 0
      pagesize: 4096
      cpus: 4
      cpus-online: 4
      ticks-per-second: 100

metrics:
    - stressor: cpu
      bogo-ops: 8089
      bogo-ops-per-second-usr-sys-time: 203.753908
      bogo-ops-per-second-real-time: 808.577552
      wall-clock-time: 10.003988
      user-time: 39.684877
      system-time: 0.014975
      cpu-usage-per-instance: 99.210067
      max-rss: 4136

...
