---
system-info:
      stress-ng-version: 0.17.08
      run-by: root
      date-yyyy-mm-dd: 2024:06:13
      time-hh-mm-ss: 23:56:17
      epoch-secs: 1718322977
      hostname: 41850c1f2ab5
      sysname: Linux
      nodename: 41850c1f2ab5
      release: 6.8.0-1008-aws
      version: '#8-Ubuntu SMP Sat Apr 20 02:43:14 UTC 2024'
      machine: aarch64
      compiler: 'musl-gcc 13.2.1'
      uptime: 203
      totalram: 8009060352
      freeram: 3817902080
      sharedram: 3555328
      bufferram: 108011520
      totalswap: 0
      freeswap: 0
      pagesize: 4096
      cpus: 4
      cpus-online: 4
      ticks-per-second: 100

metrics:
    - stressor: cpu
      bogo-ops: 118595
      bogo-ops-per-second-usr-sys-time: 1493.197669
      bogo-ops-per-second-real-time: 5929.726108
      wall-clock-time: 20.000081
      user-time: 79.396527
      system-time: 0.026983
      cpu-usage-per-instance: 99.278987
      max-rss: 1192

...
