---
system-info:
      stress-ng-version: 0.17.08
      run-by: root
      date-yyyy-mm-dd: 2024:06:04
      time-hh-mm-ss: 22:00:25
      epoch-secs: 1717538425
      hostname: f4ec5b6a9824
      sysname: Linux
      nodename: f4ec5b6a9824
      release: 6.8.0-1008-aws
      version: '#8-Ubuntu SMP Sat Apr 20 02:43:14 UTC 2024'
      machine: aarch64
      compiler: 'musl-gcc 13.2.1'
      uptime: 167
      totalram: 8009060352
      freeram: 4060565504
      sharedram: 3555328
      bufferram: 77864960
      totalswap: 0
      freeswap: 0
      pagesize: 4096
      cpus: 4
      cpus-online: 4
      ticks-per-second: 100

metrics:
    - stressor: cpu
      bogo-ops: 8118
      bogo-ops-per-second-usr-sys-time: 203.759301
      bogo-ops-per-second-real-time: 808.176926
      wall-clock-time: 10.044830
      user-time: 39.827155
      system-time: 0.013971
      cpu-usage-per-instance: 99.158286
      max-rss: 4008

...
