---
system-info:
      stress-ng-version: 0.17.08
      run-by: root
      date-yyyy-mm-dd: 2024:06:21
      time-hh-mm-ss: 04:32:28
      epoch-secs: 1718944348
      hostname: 81afe445b525
      sysname: Linux
      nodename: 81afe445b525
      release: 6.8.0-1008-gcp
      version: '#9-Ubuntu SMP Wed May 22 18:09:04 UTC 2024'
      machine: x86_64
      compiler: 'musl-gcc 13.2.1'
      uptime: 235
      totalram: 33653616640
      freeram: 28629921792
      sharedram: 59109376
      bufferram: 133087232
      totalswap: 0
      freeswap: 0
      pagesize: 4096
      cpus: 4
      cpus-online: 4
      ticks-per-second: 100

metrics:
    - stressor: cpu
      bogo-ops: 57627
      bogo-ops-per-second-usr-sys-time: 725.841090
      bogo-ops-per-second-real-time: 2881.327030
      wall-clock-time: 20.000159
      user-time: 79.362453
      system-time: 0.030958
      cpu-usage-per-instance: 99.240973
      max-rss: 1104

...
