"size","threads","connections","rps","latency","failed","server_usr","server_sys","client_usr","client_sys"
"1k",48,48,3615274,0.000012640,0,97.82,148.66,51.85,185.87
"1k",48,96,3449680,0.000035080,0,96.52,136.02,45.67,165.43
"1k",48,192,3773848,0.000054230,0,101.64,143.21,42.85,166.01
"1k",48,384,2810491,0.000143190,0,73.07,170.00,30.80,185.66
"1k",48,768,2911070,0.000399360,0,73.86,174.02,29.37,191.89
"1k",48,1536,2935377,0.000615240,0,75.45,175.22,29.17,192.91
"1k",96,96,3440070,0.000027570,0,90.61,156.46,48.43,186.28
"1k",96,192,2531042,0.000080720,0,62.03,172.28,33.00,204.41
"1k",96,384,2781814,0.000249490,0,66.61,173.49,34.36,208.10
"1k",96,768,2822326,0.000503290,0,66.26,174.67,37.32,209.18
"1k",96,1536,2804610,0.000826250,0,65.99,178.19,33.91,211.18
"1k",192,192,3020781,0.000073990,0,75.47,161.04,43.85,198.04
"1k",192,384,2651407,0.000243020,0,61.84,170.44,41.10,210.52
"1k",192,768,2652878,0.000500230,0,60.87,172.20,36.69,215.88
"1k",192,1536,2650386,0.000779320,0,60.51,175.74,35.76,217.80
"16k",48,48,2584504,0.000018670,0,81.71,139.18,41.26,175.59
"16k",48,96,2944798,0.000033050,0,87.99,141.87,44.47,178.16
"16k",48,192,3069995,0.000064190,0,90.44,143.90,41.25,177.01
"16k",48,384,1975236,0.000192480,0,61.50,173.04,25.97,195.74
"16k",48,768,1928600,0.000472030,0,60.56,180.18,24.49,204.93
"16k",48,1536,1858060,0.000802830,0,63.34,180.86,22.79,209.66
"16k",96,96,3001489,0.000032010,0,84.97,149.79,49.21,194.78
"16k",96,192,1976857,0.000101030,0,55.71,173.17,30.79,213.58
"16k",96,384,2172936,0.000259270,0,59.65,173.85,33.11,216.80
"16k",96,768,1956904,0.000606310,0,53.56,180.48,31.71,219.89
"16k",96,1536,1922193,0.001070000,0,55.91,185.14,28.76,222.01
"16k",192,192,2516399,0.000082830,0,70.05,159.46,43.04,207.99
"16k",192,384,2124265,0.000279390,0,57.30,171.55,37.60,219.87
"16k",192,768,1979855,0.000596400,0,53.49,176.69,33.26,223.56
"16k",192,1536,1846172,0.001000000,0,52.28,180.33,30.92,226.04
"64k",48,48,1485593,0.000032670,0,66.23,157.36,32.69,191.81
"64k",48,96,1647229,0.000052450,0,71.30,147.60,35.74,195.51
"64k",48,192,1652665,0.000113040,0,69.19,156.69,33.23,198.20
"64k",48,384,950892,0.000385840,0,49.63,187.58,20.23,201.37
"64k",48,768,750455,0.001060000,0,56.46,204.16,17.34,201.87
"64k",48,1536,607435,0.002460000,0,76.80,194.32,16.49,198.75
"64k",96,96,1679444,0.000057020,0,71.54,159.21,40.30,211.60
"64k",96,192,1063384,0.000201290,0,44.15,190.47,25.94,215.32
"64k",96,384,1027375,0.000506870,0,43.80,197.86,25.61,218.23
"64k",96,768,846476,0.001100000,0,46.74,205.57,22.90,210.31
"64k",96,1536,638820,0.002590000,0,73.16,193.24,19.21,205.11
"64k",192,192,1343449,0.000156360,0,53.25,172.74,35.93,219.56
"64k",192,384,1073767,0.000464120,0,42.11,189.64,30.59,224.97
"64k",192,768,820019,0.001100000,0,43.20,202.08,23.80,220.60
"64k",192,1536,652259,0.002440000,0,70.80,190.18,21.57,209.10
"256k",48,48,470693,0.000161460,0,66.38,165.92,25.82,179.75
"256k",48,96,544610,0.000203700,0,72.50,157.52,26.79,183.10
"256k",48,192,303362,0.000717180,0,75.71,183.55,17.05,172.02
"256k",48,384,162399,0.002270000,0,95.65,199.03,11.91,171.30
"256k",48,768,135239,0.005310000,0,117.68,196.27,10.83,162.79
"256k",96,96,572123,0.000200830,0,79.55,164.61,30.59,207.31
"256k",96,192,266280,0.000821490,0,59.32,205.00,17.69,201.35
"256k",96,384,186350,0.002130000,0,87.16,201.47,14.96,182.96
"256k",96,768,146820,0.005290000,0,112.83,197.60,12.67,164.10
"256k",192,192,325789,0.000672220,0,73.15,193.93,23.59,196.02
"256k",192,384,189850,0.002110000,0,85.12,201.68,16.12,187.38
"256k",192,768,158152,0.004880000,0,119.10,193.76,14.90,162.21
"512k",48,48,256268,0.000910000,0,74.30,155.96,22.34,207.77
"512k",48,96,182801,0.000550350,0,95.76,189.45,17.97,162.58
"512k",48,192,86505,0.002140000,0,105.52,198.04,11.84,158.24
"512k",48,384,69431,0.005250000,0,131.29,197.52,9.72,146.26
"512k",48,768,67817,0.010950000,0,131.88,197.76,9.93,150.12
"512k",96,96,181011,0.000543090,0,100.96,185.36,20.58,178.50
"512k",96,192,100327,0.001980000,0,107.67,199.45,14.04,163.96
"512k",96,384,76670,0.004970000,0,137.45,191.04,11.80,145.67
"512k",96,768,74350,0.010340000,0,139.54,191.55,11.60,143.92
"512k",192,192,121567,0.001620000,0,134.13,185.74,18.73,149.54
"512k",192,384,81381,0.004740000,0,143.11,186.36,13.58,146.19
"512k",192,768,79128,0.009730000,0,143.91,187.00,13.99,145.09
