---
system-info:
      stress-ng-version: 0.17.08
      run-by: root
      date-yyyy-mm-dd: 2024:07:02
      time-hh-mm-ss: 09:14:16
      epoch-secs: 1719911656
      hostname: n2-highmem-16-d938a26
      sysname: Linux
      nodename: n2-highmem-16-d938a26
      release: 6.8.0-1009-gcp
      version: '#10-Ubuntu SMP Wed Jun 12 18:52:23 UTC 2024'
      machine: x86_64
      compiler: 'musl-gcc 13.2.1'
      uptime: 143
      totalram: 135067537408
      freeram: 129740099584
      sharedram: 36118528
      bufferram: 126242816
      totalswap: 0
      freeswap: 0
      pagesize: 4096
      cpus: 16
      cpus-online: 16
      ticks-per-second: 100

metrics:
    - stressor: cpu
      bogo-ops: 300231
      bogo-ops-per-second-usr-sys-time: 939.466377
      bogo-ops-per-second-real-time: 15011.505665
      wall-clock-time: 20.000059
      user-time: 319.556111
      system-time: 0.019988
      cpu-usage-per-instance: 99.867236
      max-rss: 1104

...
