BaselineInfo:
  WebDBID: -1
  TimeStamp: 20251219174114
Version:
  Major: 11
  Minor: 0
  Build: 1002
  SpecialBuildName: ""
  ptArchitecture: x86_64_linux
Results:
  Results Complete: true
  NumTestProcesses: 60
  CPU_INTEGER_MATH: 282926.24333333346
  CPU_FLOATINGPOINT_MATH: 165860.73457412678
  CPU_PRIME: 425.21392807755666
  CPU_SORTING: 139403.63369185824
  CPU_ENCRYPTION: 71132.569891700987
  CPU_COMPRESSION: 1173571.4434396869
  CPU_SINGLETHREAD: 2888.2286651911595
  CPU_PHYSICS: 4810.1369975043572
  CPU_MATRIX_MULT_SSE: 77944.063368659889
  CPU_mm: 7724.7275799020135
  CPU_sse: 33828.925206623295
  CPU_fma: 99760.100914825147
  CPU_avx: 79670.081720903894
  CPU_avx512: 98517.145632287182
  m_CPU_enc_SHA: 99418899388.923828
  m_CPU_enc_AES: 67198301347.296364
  m_CPU_enc_ECDSA: 57146516084.060646
  ME_ALLOC_S: 21142.079135158478
  ME_READ_S: 27690.203906250001
  ME_READ_L: 23750.982421875
  ME_WRITE: 22672.12109375
  ME_LARGE: 333193.83333333331
  ME_LATENCY: 90.379465232021673
  ME_THREADED: 146026.53100585938
  SUMM_CPU: 70150.86383638074
  SUMM_ME: 2490.1466515975267
SystemInformation:
  OSName: Ubuntu 24.04.2 LTS
  Kernel: 6.8.0-86-generic
  Device: ""
  Processor: AMD EPYC 9124 16-Core Processor
  NumSockets: 60
  Manufacturer: AuthenticAMD
  NumCores: 60
  NumLogicals: 60
  CPUFrequency: 0
  Memory: 354048
  MemModuleInfo:
    iNumMemSticks: 1
    DIMM 1:
      manufacturer: QEMU
      modulePartNo: Not Specified
      memType: RAM
      size: 360000
      clkspeed: 0
      moduleVoltage: 0
Checksum: 3C74F03E43EBAEE1A23DBB01E116A6D5A68B11DF