size_kb,operation,bandwidth_mb_s,latency_ns,latency_stddev_ns,latency_samples,threads,iterations,elapsed_s
32,read,74792.73,0,0,0,1,312500,0.130569
32,write,82777.37,0,0,0,1,621890,0.234775
32,copy,62151.94,0,0,0,1,390624,0.196406
32,latency,0,2.20,0.03,7,1,7,0.313485
128,read,61741.68,0,0,0,1,151148,0.306009
128,write,74708.53,0,0,0,1,166333,0.278303
128,copy,43708.82,0,0,0,1,70781,0.202422
128,latency,0,2.87,0.01,7,1,7,0.667318
1024,read,54225.09,0,0,0,1,16602,0.306168
1024,write,73350.11,0,0,0,1,21227,0.289393
1024,copy,35328.62,0,0,0,1,14746,0.417395
1024,latency,0,6.06,0.04,7,1,7,0.698508
2048,read,45952.37,0,0,0,1,6261,0.272500
2048,write,72879.05,0,0,0,1,10630,0.291716
2048,copy,31292.37,0,0,0,1,2975,0.190142
2048,latency,0,10.13,0.13,7,1,7,0.657598
4096,read,38401.10,0,0,0,1,1876,0.195411
4096,write,71566.57,0,0,0,1,4409,0.246428
4096,copy,28561.79,0,0,0,1,1712,0.239761
4096,latency,0,19.51,0.12,7,1,7,0.705753
8192,read,34306.96,0,0,0,1,871,0.203107
8192,write,68823.82,0,0,0,1,2053,0.238638
8192,copy,27322.48,0,0,0,1,796,0.233068
8192,latency,0,33.37,11.34,21,1,21,3.057319
16384,read,31826.12,0,0,0,1,452,0.227235
16384,write,66515.06,0,0,0,1,1042,0.250650
16384,copy,26537.32,0,0,0,1,384,0.231523
16384,latency,0,99.37,2.73,7,1,7,1.085127
32768,read,28063.59,0,0,0,1,218,0.248578
32768,write,64724.03,0,0,0,1,514,0.254125
32768,copy,24971.35,0,0,0,1,189,0.242198
32768,latency,0,110.19,1.42,7,1,7,2.449711
65536,read,27174.37,0,0,0,1,106,0.249647
65536,write,64639.83,0,0,0,1,259,0.256436
65536,copy,24905.41,0,0,0,1,94,0.241554
65536,latency,0,114.37,0.49,7,1,7,5.233977
131072,read,27097.91,0,0,0,1,53,0.250351
131072,write,64197.80,0,0,0,1,123,0.245242
131072,copy,24062.13,0,0,0,1,46,0.244700
131072,latency,0,117.22,0.31,7,1,7,10.841550
