BaselineInfo:
  WebDBID: -1
  TimeStamp: 20241111030613
Version:
  Major: 11
  Minor: 0
  Build: 1002
  SpecialBuildName: ""
  ptArchitecture: x86_64_linux
Results:
  Results Complete: true
  NumTestProcesses: 128
  CPU_INTEGER_MATH: 536553.72133333329
  CPU_FLOATINGPOINT_MATH: 274231.58341221279
  CPU_PRIME: 534.0492062968641
  CPU_SORTING: 237739.01082511569
  CPU_ENCRYPTION: 109511.9848849562
  CPU_COMPRESSION: 1845806.0371429124
  CPU_SINGLETHREAD: 2426.037341281341
  CPU_PHYSICS: 8468.3623771473085
  CPU_MATRIX_MULT_SSE: 104866.52016251821
  CPU_mm: 10794.906338360121
  CPU_sse: 45982.426050243754
  CPU_fma: 121257.81732125883
  CPU_avx: 93990.34786545072
  CPU_avx512: 158235.48941311924
  m_CPU_enc_SHA: 112942116780.53981
  m_CPU_enc_AES: 163251822022.91119
  m_CPU_enc_ECDSA: 68300978384.732613
  ME_ALLOC_S: 29742.373256611481
  ME_READ_S: 23970.427148437499
  ME_READ_L: 11641.259765625
  ME_WRITE: 10464.6630859375
  ME_LARGE: 493621.41666666669
  ME_LATENCY: 58.700441973423729
  ME_THREADED: 327717.88525390625
  SUMM_CPU: 86301.411332815973
  SUMM_ME: 2662.380985506104
SystemInformation:
  OSName: Ubuntu 24.04.1 LTS
  Kernel: 6.8.0-1016-aws
  Device: ""
  Processor: Intel Xeon Platinum 8375C CPU @ 2.90GHz
  NumSockets: 2
  Manufacturer: GenuineIntel
  NumCores: 64
  NumLogicals: 128
  CPUFrequency: 0
  Memory: 507842
  MemModuleInfo:
    iNumMemSticks: 2
    DIMM 1:
      manufacturer: Not Specified
      modulePartNo: Not Specified
      memType: DDR4
      size: 256
      clkspeed: 1600
      moduleVoltage: 0
    DIMM 2:
      manufacturer: Not Specified
      modulePartNo: Not Specified
      memType: DDR4
      size: 256
      clkspeed: 1600
      moduleVoltage: 0
Checksum: B9CF3C1AE6D67F9773EC1DA677C34895585E5699