---
system-info:
      stress-ng-version: 0.17.08
      run-by: root
      date-yyyy-mm-dd: 2024:09:19
      time-hh-mm-ss: 01:41:02
      epoch-secs: 1726710062
      hostname: ip-172-31-16-15
      sysname: Linux
      nodename: ip-172-31-16-15
      release: 6.8.0-1014-aws
      version: '#15-Ubuntu SMP Thu Aug  8 20:05:03 UTC 2024'
      machine: aarch64
      compiler: 'musl-gcc 13.2.1'
      uptime: 266
      totalram: 132657352704
      freeram: 122541694976
      sharedram: 39297024
      bufferram: 244916224
      totalswap: 0
      freeswap: 0
      pagesize: 4096
      cpus: 8
      cpus-online: 8
      ticks-per-second: 100

metrics:
    - stressor: cpu
      bogo-ops: 272955
      bogo-ops-per-second-usr-sys-time: 1707.333731
      bogo-ops-per-second-real-time: 13647.714309
      wall-clock-time: 20.000052
      user-time: 159.862085
      system-time: 0.009998
      cpu-usage-per-instance: 99.919791
      max-rss: 1320

...
