---
system-info:
      stress-ng-version: 0.17.08
      run-by: root
      date-yyyy-mm-dd: 2024:08:30
      time-hh-mm-ss: 15:07:47
      epoch-secs: 1725030467
      hostname: sc-runner
      sysname: Linux
      nodename: sc-runner
      release: 6.8.0-1013-azure
      version: '#15-Ubuntu SMP Thu Aug  8 18:40:40 UTC 2024'
      machine: x86_64
      compiler: 'musl-gcc 13.2.1'
      uptime: 335
      totalram: 7267397632
      freeram: 271421440
      sharedram: 42164224
      bufferram: 195551232
      totalswap: 0
      freeswap: 0
      pagesize: 4096
      cpus: 2
      cpus-online: 2
      ticks-per-second: 100

metrics:
    - stressor: cpu
      bogo-ops: 49232
      bogo-ops-per-second-usr-sys-time: 1243.536424
      bogo-ops-per-second-real-time: 2461.591974
      wall-clock-time: 20.000065
      user-time: 39.576344
      system-time: 0.013972
      cpu-usage-per-instance: 98.975467
      max-rss: 3256

...
