BaselineInfo:
  WebDBID: -1
  TimeStamp: 20260404052059
Version:
  Major: 11
  Minor: 0
  Build: 1004
  SpecialBuildName: ""
  ptArchitecture: x86_64_linux
Results:
  Results Complete: true
  NumTestProcesses: 8
  CPU_INTEGER_MATH: 33406.162666666671
  CPU_FLOATINGPOINT_MATH: 17115.788794432883
  CPU_PRIME: 70.873188935394808
  CPU_SORTING: 17551.40267928745
  CPU_ENCRYPTION: 4229.7129911032989
  CPU_COMPRESSION: 126038.38557511559
  CPU_SINGLETHREAD: 2345.8501304368383
  CPU_PHYSICS: 1366.3963926248707
  CPU_MATRIX_MULT_SSE: 6921.8162725468464
  CPU_mm: 721.72027110520344
  CPU_sse: 3173.1046733255102
  CPU_fma: 8699.6212849145613
  CPU_avx: 6440.2367116775449
  CPU_avx512: 9374.3024202697707
  m_CPU_enc_SHA: 1200855192.7394013
  m_CPU_enc_AES: 11011390364.163189
  m_CPU_enc_ECDSA: 1093281031.1748099
  ME_ALLOC_S: 4032.390657493318
  ME_READ_S: 24013.4384765625
  ME_READ_L: 12447.107421875
  ME_WRITE: 11426.8798828125
  ME_LARGE: 18341.75
  ME_LATENCY: 53.078058411358306
  ME_THREADED: 55633.517578125
  SUMM_CPU: 10427.916010367477
  SUMM_ME: 2523.6485554755614
SystemInformation:
  OSName: Ubuntu 24.04.4 LTS
  Kernel: 6.8.0-106-generic
  Device: ""
  Processor: Intel(R) Xeon(R) Platinum
  NumSockets: 1
  Manufacturer: GenuineIntel
  NumCores: 4
  NumLogicals: 8
  CPUFrequency: 0
  CPUMaxFrequency: 0
  Memory: 31173
  CPUInfo:
    number: 1
    Family: 6
    Model: 5
    stepping: 4
    features: 529267711
    manufacture: GenuineIntel
    typestring: Intel(R) Xeon(R) Platinum
    iCoresPerPackage: 4
    iThreadsPerPackage: 2
    featuresEx:
      - 529267711
      - 4294586883
      - 739248128
    bHybrid: false
    nPCore: 0
    nLogicalsPerPCore: 0
    nECore: 0
    nLogicalsPerECore: 0
  MemModuleInfo:
    iNumMemSticks: 2
    DIMM 1:
      manufacturer: Alibaba Cloud
      modulePartNo: Not Specified
      memType: RAM
      size: 16
      clkspeed: 0
      moduleVoltage: 0
    DIMM 2:
      manufacturer: Alibaba Cloud
      modulePartNo: Not Specified
      memType: RAM
      size: 16
      clkspeed: 0
      moduleVoltage: 0
Checksum: 539BF8AEEA244A9D3FEB9772EE8ADCF21479AD3B