BaselineInfo:
  WebDBID: -1
  TimeStamp: 20260612211301
Version:
  Major: 11
  Minor: 0
  Build: 1004
  SpecialBuildName: ""
  ptArchitecture: x86_64_linux
Results:
  Results Complete: true
  NumTestProcesses: 8
  CPU_INTEGER_MATH: 27725.358000000004
  CPU_FLOATINGPOINT_MATH: 14873.334904104526
  CPU_PRIME: 61.234614184841149
  CPU_SORTING: 17275.276181617639
  CPU_ENCRYPTION: 3831.7817352938919
  CPU_COMPRESSION: 131807.17850661388
  CPU_SINGLETHREAD: 2343.9370986954682
  CPU_PHYSICS: 998.93846023673632
  CPU_MATRIX_MULT_SSE: 7264.8758619505261
  CPU_mm: 845.78554784901564
  CPU_sse: 3019.133218040934
  CPU_fma: 8956.4218515202756
  CPU_avx: 6322.3040221915571
  CPU_avx512: 10761.644356049341
  m_CPU_enc_SHA: 1251374358.990478
  m_CPU_enc_AES: 9661102197.0689526
  m_CPU_enc_ECDSA: 1141266538.543154
  ME_ALLOC_S: 3175.4554704212778
  ME_READ_S: 25147.815820312499
  ME_READ_L: 9751.3330078125
  ME_WRITE: 9926.1083984375
  ME_LARGE: 22762.416666666668
  ME_LATENCY: 48.176452448086174
  ME_THREADED: 50244.20068359375
  SUMM_CPU: 9694.6372091608773
  SUMM_ME: 2462.1986693264089
SystemInformation:
  OSName: Ubuntu 24.04.4 LTS
  Kernel: 6.8.0-117-generic
  Device: ""
  Processor: Intel(R) Xeon(R) Platinum 8369HB CPU @ 3.30GHz
  NumSockets: 1
  Manufacturer: GenuineIntel
  NumCores: 4
  NumLogicals: 8
  CPUFrequency: 0
  CPUMaxFrequency: 0
  Memory: 31173
  CPUInfo:
    number: 1
    Family: 6
    Model: 5
    stepping: 11
    features: 529267711
    manufacture: GenuineIntel
    typestring: Intel(R) Xeon(R) Platinum 8369HB CPU @ 3.30GHz
    iCoresPerPackage: 4
    iThreadsPerPackage: 2
    featuresEx:
      - 529267711
      - 4277809667
      - 739248128
    bHybrid: false
    nPCore: 0
    nLogicalsPerPCore: 0
    nECore: 0
    nLogicalsPerECore: 0
  MemModuleInfo:
    iNumMemSticks: 2
    DIMM 1:
      manufacturer: Alibaba Cloud
      modulePartNo: Not Specified
      memType: RAM
      size: 16
      clkspeed: 0
      moduleVoltage: 0
    DIMM 2:
      manufacturer: Alibaba Cloud
      modulePartNo: Not Specified
      memType: RAM
      size: 16
      clkspeed: 0
      moduleVoltage: 0
Checksum: 72ABBA0DA3E5A60B768E1ECC7DAB670B3D0E204F