BaselineInfo:
  WebDBID: -1
  TimeStamp: 20241108174736
Version:
  Major: 11
  Minor: 0
  Build: 1002
  SpecialBuildName: ""
  ptArchitecture: aarch64_linux
Results:
  Results Complete: true
  NumTestProcesses: 64
  CPU_INTEGER_MATH: 403014.86233333335
  CPU_FLOATINGPOINT_MATH: 338595.39311671542
  CPU_PRIME: 581.35639777839867
  CPU_SORTING: 322797.04727156716
  CPU_ENCRYPTION: 12044.287275604311
  CPU_COMPRESSION: 438863.58229026379
  CPU_SINGLETHREAD: 1880.8268095115993
  CPU_PHYSICS: 15991.787203453001
  CPU_MATRIX_MULT_SSE: 57171.634381073629
  CPU_mm: 9190.9512224568898
  CPU_sse: 48220.706021543076
  CPU_fma: 66122.562740604204
  CPU_avx: 0
  CPU_avx512: 0
  m_CPU_enc_SHA: 17637155858.666702
  m_CPU_enc_AES: 7742911229.8698797
  m_CPU_enc_ECDSA: 12507984634.375635
  ME_ALLOC_S: 38061.504677331897
  ME_READ_S: 25462.027734374999
  ME_READ_L: 19146.767578125
  ME_WRITE: 25724.478515625
  ME_LARGE: 114502.41666666667
  ME_LATENCY: 52.955210379764686
  ME_THREADED: 514488.130859375
  SUMM_CPU: 44197.771297558415
  SUMM_ME: 3356.6255371598377
SystemInformation:
  OSName: Ubuntu 24.04.1 LTS
  Kernel: 6.8.0-1017-azure
  Device: ""
  Processor: ARM Neoverse-N2 64 Core 0 MHz
  NumSockets: 1
  Manufacturer: ARM
  NumCores: 64
  NumLogicals: 64
  CPUFrequency: 0
  Memory: 128543
Checksum: 4DE5ACD4C80160B0FC79B0A01D74C0124A684E51