BaselineInfo:
  WebDBID: -1
  TimeStamp: 20250901183844
Version:
  Major: 11
  Minor: 0
  Build: 1002
  SpecialBuildName: ""
  ptArchitecture: aarch64_linux
Results:
  Results Complete: true
  NumTestProcesses: 192
  CPU_INTEGER_MATH: 965170.00033333374
  CPU_FLOATINGPOINT_MATH: 1121235.7448439384
  CPU_PRIME: 1642.2217411757399
  CPU_SORTING: 811367.86544180091
  CPU_ENCRYPTION: 34814.913257351865
  CPU_COMPRESSION: 1224740.9874385044
  CPU_SINGLETHREAD: 1871.8810151426615
  CPU_PHYSICS: 37221.597587879165
  CPU_MATRIX_MULT_SSE: 133262.59924105124
  CPU_mm: 16355.018659472315
  CPU_sse: 104002.1936675554
  CPU_fma: 162523.00481454711
  CPU_avx: 0
  CPU_avx512: 0
  m_CPU_enc_SHA: 54585259795.107605
  m_CPU_enc_AES: 19839000456.047939
  m_CPU_enc_ECDSA: 35093987200.067505
  ME_ALLOC_S: 46115.932009747259
  ME_READ_S: 20286.895117187501
  ME_READ_L: 18685.310546875
  ME_WRITE: 20452.703125
  ME_LARGE: 1529369.1666666667
  ME_LATENCY: 47.153746473226924
  ME_THREADED: 1024771.0244140625
  SUMM_CPU: 77431.79171918401
  SUMM_ME: 3317.9280874566721
SystemInformation:
  OSName: Ubuntu 24.04.2 LTS
  Kernel: 6.14.0-1011-aws
  Device: ""
  Processor: ARM Neoverse-V2 192 Core 0 MHz
  NumSockets: 2
  Manufacturer: ARM
  NumCores: 192
  NumLogicals: 192
  CPUFrequency: 0
  Memory: 1545034
Checksum: 02DEF6F557DD67243772C5442A801A35AC687B0D