---
system-info:
      stress-ng-version: 0.17.08
      run-by: root
      date-yyyy-mm-dd: 2024:06:19
      time-hh-mm-ss: 14:50:50
      epoch-secs: 1718808650
      hostname: 43bc0f0796ef
      sysname: Linux
      nodename: 43bc0f0796ef
      release: 6.8.0-1008-gcp
      version: '#9-Ubuntu SMP Wed May 22 18:09:04 UTC 2024'
      machine: x86_64
      compiler: 'musl-gcc 13.2.1'
      uptime: 165
      totalram: 4103385088
      freeram: 277745664
      sharedram: 34967552
      bufferram: 123179008
      totalswap: 0
      freeswap: 0
      pagesize: 4096
      cpus: 2
      cpus-online: 2
      ticks-per-second: 100

metrics:
    - stressor: cpu
      bogo-ops: 57844
      bogo-ops-per-second-usr-sys-time: 2892.537270
      bogo-ops-per-second-real-time: 2892.192484
      wall-clock-time: 20.000052
      user-time: 19.997668
      system-time: 0.000000
      cpu-usage-per-instance: 99.988080
      max-rss: 976

...
