BaselineInfo:
  WebDBID: -1
  TimeStamp: 20250828210906
Version:
  Major: 11
  Minor: 0
  Build: 1002
  SpecialBuildName: ""
  ptArchitecture: x86_64_linux
Results:
  Results Complete: true
  NumTestProcesses: 96
  CPU_INTEGER_MATH: 495200.05533333326
  CPU_FLOATINGPOINT_MATH: 358515.93189409008
  CPU_PRIME: 963.5352219860772
  CPU_SORTING: 250473.16791295458
  CPU_ENCRYPTION: 108177.86144406114
  CPU_COMPRESSION: 1905265.026596271
  CPU_SINGLETHREAD: 3255.4195918244245
  CPU_PHYSICS: 16583.690591104427
  CPU_MATRIX_MULT_SSE: 135394.54214885161
  CPU_mm: 14394.581019383122
  CPU_sse: 59866.143961657734
  CPU_fma: 156522.6161196797
  CPU_avx: 124418.26884026434
  CPU_avx512: 200771.13967380469
  m_CPU_enc_SHA: 114674870757.15993
  m_CPU_enc_AES: 149877875759.08279
  m_CPU_enc_ECDSA: 75745381208.460754
  ME_ALLOC_S: 34377.242876585515
  ME_READ_S: 28444.140039062499
  ME_READ_L: 16811.404296875
  ME_WRITE: 11754.8134765625
  ME_LARGE: 368418.58333333331
  ME_LATENCY: 65.738727697283338
  ME_THREADED: 353524.16723632812
  SUMM_CPU: 107013.96896329918
  SUMM_ME: 2803.3853241269371
SystemInformation:
  OSName: Ubuntu 24.04.2 LTS
  Kernel: 6.14.0-1011-aws
  Device: ""
  Processor: Intel Xeon 6975P-C
  NumSockets: 1
  Manufacturer: GenuineIntel
  NumCores: 48
  NumLogicals: 96
  CPUFrequency: 0
  Memory: 380809
  MemModuleInfo:
    iNumMemSticks: 2
    DIMM 1:
      manufacturer: Not Specified
      modulePartNo: Not Specified
      memType: DDR5
      size: 192
      clkspeed: 3600
      moduleVoltage: 0
    DIMM 2:
      manufacturer: Not Specified
      modulePartNo: Not Specified
      memType: DDR5
      size: 192
      clkspeed: 3600
      moduleVoltage: 0
Checksum: A8504B3B93565182F8D7D8043C6886C62ABF8572