---
system-info:
      stress-ng-version: 0.17.08
      run-by: root
      date-yyyy-mm-dd: 2024:06:09
      time-hh-mm-ss: 09:22:39
      epoch-secs: 1717924959
      hostname: cfb9e7ab2814
      sysname: Linux
      nodename: cfb9e7ab2814
      release: 6.8.0-1008-aws
      version: '#8-Ubuntu SMP Sat Apr 20 00:46:25 UTC 2024'
      machine: x86_64
      compiler: 'musl-gcc 13.2.1'
      uptime: 148
      totalram: 532474388480
      freeram: 526489194496
      sharedram: 117067776
      bufferram: 107081728
      totalswap: 0
      freeswap: 0
      pagesize: 4096
      cpus: 128
      cpus-online: 128
      ticks-per-second: 100

metrics:
    - stressor: cpu
      bogo-ops: 16761
      bogo-ops-per-second-usr-sys-time: 1675.716429
      bogo-ops-per-second-real-time: 1675.689258
      wall-clock-time: 10.002451
      user-time: 10.000289
      system-time: 0.002000
      cpu-usage-per-instance: 99.998379
      max-rss: 3072

...
