---
system-info:
      stress-ng-version: 0.17.08
      run-by: root
      date-yyyy-mm-dd: 2024:06:15
      time-hh-mm-ss: 11:29:24
      epoch-secs: 1718450964
      hostname: 58ed316a3d2d
      sysname: Linux
      nodename: 58ed316a3d2d
      release: 6.8.0-1008-aws
      version: '#8-Ubuntu SMP Sat Apr 20 00:46:25 UTC 2024'
      machine: x86_64
      compiler: 'musl-gcc 13.2.1'
      uptime: 165
      totalram: 532474363904
      freeram: 526543695872
      sharedram: 117067776
      bufferram: 111804416
      totalswap: 0
      freeswap: 0
      pagesize: 4096
      cpus: 128
      cpus-online: 128
      ticks-per-second: 100

metrics:
    - stressor: cpu
      bogo-ops: 37799
      bogo-ops-per-second-usr-sys-time: 1889.973908
      bogo-ops-per-second-real-time: 1889.947341
      wall-clock-time: 20.000028
      user-time: 19.999747
      system-time: 0.000000
      cpu-usage-per-instance: 99.998594
      max-rss: 0

...
