BaselineInfo:
  WebDBID: -1
  TimeStamp: 20241107223932
Version:
  Major: 11
  Minor: 0
  Build: 1002
  SpecialBuildName: ""
  ptArchitecture: x86_64_linux
Results:
  Results Complete: true
  NumTestProcesses: 8
  CPU_INTEGER_MATH: 24896.765333333333
  CPU_FLOATINGPOINT_MATH: 13355.569895016373
  CPU_PRIME: 51.39719008654977
  CPU_SORTING: 13134.108611207503
  CPU_ENCRYPTION: 3433.3242773405209
  CPU_COMPRESSION: 109810.42229831089
  CPU_SINGLETHREAD: 2020.3956734221665
  CPU_PHYSICS: 985.95320274602705
  CPU_MATRIX_MULT_SSE: 7180.1465711254496
  CPU_mm: 757.68005367028468
  CPU_sse: 2677.116870926573
  CPU_fma: 8867.8200056374717
  CPU_avx: 6215.6729391704703
  CPU_avx512: 10959.976468767281
  m_CPU_enc_SHA: 1126335783.7158759
  m_CPU_enc_AES: 8664477777.3426075
  m_CPU_enc_ECDSA: 1009490751.2513589
  ME_ALLOC_S: 2882.2663828586692
  ME_READ_S: 24353.136523437501
  ME_READ_L: 10338.552734375
  ME_WRITE: 9372.9501953125
  ME_LARGE: 22047.916666666668
  ME_LATENCY: 48.774808205648732
  ME_THREADED: 41760.9052734375
  SUMM_CPU: 8537.8158279554336
  SUMM_ME: 2407.8008092147493
SystemInformation:
  OSName: Ubuntu 24.04.1 LTS
  Kernel: 6.8.0-1017-azure
  Device: ""
  Processor: Intel Xeon Platinum 8272CL CPU @ 2.60GHz
  NumSockets: 1
  Manufacturer: GenuineIntel
  NumCores: 4
  NumLogicals: 8
  CPUFrequency: 0
  Memory: 32092
  MemModuleInfo:
    iNumMemSticks: 2
    DIMM 1:
      manufacturer: Microsoft Corporation
      modulePartNo: None
      memType: Unknown
      size: 1
      clkspeed: 0
      moduleVoltage: 0
    DIMM 2:
      manufacturer: Microsoft Corporation
      modulePartNo: None
      memType: Unknown
      size: 31
      clkspeed: 0
      moduleVoltage: 0
Checksum: 99908607F862852FD1CAC1F4C9B5A17F48334B04