---
system-info:
      stress-ng-version: 0.17.08
      run-by: root
      date-yyyy-mm-dd: 2024:09:23
      time-hh-mm-ss: 06:54:52
      epoch-secs: 1727074492
      hostname: sc-runner
      sysname: Linux
      nodename: sc-runner
      release: 6.8.0-1014-azure
      version: '#16-Ubuntu SMP Thu Aug 15 20:04:41 UTC 2024'
      machine: x86_64
      compiler: 'musl-gcc 13.2.1'
      uptime: 320
      totalram: 270452543488
      freeram: 259278123008
      sharedram: 71929856
      bufferram: 276852736
      totalswap: 0
      freeswap: 0
      pagesize: 4096
      cpus: 32
      cpus-online: 32
      ticks-per-second: 100

metrics:
    - stressor: cpu
      bogo-ops: 864931
      bogo-ops-per-second-usr-sys-time: 1353.023527
      bogo-ops-per-second-real-time: 43246.478260
      wall-clock-time: 20.000033
      user-time: 639.212941
      system-time: 0.044975
      cpu-usage-per-instance: 99.883884
      max-rss: 3080

...
