BaselineInfo:
  WebDBID: -1
  TimeStamp: 20250422083949
Version:
  Major: 11
  Minor: 0
  Build: 1002
  SpecialBuildName: ""
  ptArchitecture: x86_64_linux
Results:
  Results Complete: true
  NumTestProcesses: 64
  CPU_INTEGER_MATH: 257197.21599999996
  CPU_FLOATINGPOINT_MATH: 182682.56045293628
  CPU_PRIME: 527.19580388869224
  CPU_SORTING: 123017.93540918193
  CPU_ENCRYPTION: 56947.685993012012
  CPU_COMPRESSION: 917476.99609560473
  CPU_SINGLETHREAD: 2916.6702865647289
  CPU_PHYSICS: 8502.4324713718706
  CPU_MATRIX_MULT_SSE: 73127.776007761408
  CPU_mm: 6996.4737092299829
  CPU_sse: 30365.518298956038
  CPU_fma: 79442.96194849741
  CPU_avx: 61464.894648495836
  CPU_avx512: 121237.72913509635
  m_CPU_enc_SHA: 59960306086.688232
  m_CPU_enc_AES: 77897379859.483154
  m_CPU_enc_ECDSA: 41284244417.254227
  ME_ALLOC_S: 24055.668168041659
  ME_READ_S: 23806.021484375
  ME_READ_L: 7410.13818359375
  ME_WRITE: 6675.1201171875
  ME_LARGE: 246710.41666666666
  ME_LATENCY: 121.07783895656537
  ME_THREADED: 184016.80029296875
  SUMM_CPU: 67787.166677775036
  SUMM_ME: 1581.8757282009192
SystemInformation:
  OSName: Ubuntu 24.04.2 LTS
  Kernel: 6.11.0-1012-azure
  Device: ""
  Processor: INTEL XEON PLATINUM 8573C
  NumSockets: 1
  Manufacturer: GenuineIntel
  NumCores: 32
  NumLogicals: 64
  CPUFrequency: 2300
  Memory: 257717
  MemModuleInfo:
    iNumMemSticks: 3
    DIMM 1:
      manufacturer: Microsoft Corporation
      modulePartNo: None
      memType: Unknown
      size: 1
      clkspeed: 0
      moduleVoltage: 0
    DIMM 2:
      manufacturer: Microsoft Corporation
      modulePartNo: None
      memType: Unknown
      size: 59
      clkspeed: 0
      moduleVoltage: 0
    DIMM 3:
      manufacturer: Microsoft Corporation
      modulePartNo: None
      memType: Unknown
      size: 196
      clkspeed: 0
      moduleVoltage: 0
Checksum: C0093939F2FD703C75C59DE71C65FFCA4E3EC2F2