---
system-info:
      stress-ng-version: 0.17.08
      run-by: root
      date-yyyy-mm-dd: 2024:09:17
      time-hh-mm-ss: 05:30:40
      epoch-secs: 1726551040
      hostname: sc-runner
      sysname: Linux
      nodename: sc-runner
      release: 6.8.0-1014-azure
      version: '#16-Ubuntu SMP Thu Aug 15 20:04:41 UTC 2024'
      machine: x86_64
      compiler: 'musl-gcc 13.2.1'
      uptime: 313
      totalram: 270251372544
      freeram: 259495260160
      sharedram: 42319872
      bufferram: 283602944
      totalswap: 0
      freeswap: 0
      pagesize: 4096
      cpus: 32
      cpus-online: 32
      ticks-per-second: 100

metrics:
    - stressor: cpu
      bogo-ops: 596045
      bogo-ops-per-second-usr-sys-time: 932.207605
      bogo-ops-per-second-real-time: 29802.093982
      wall-clock-time: 20.000105
      user-time: 639.348866
      system-time: 0.041970
      cpu-usage-per-instance: 99.904295
      max-rss: 3256

...
