---
system-info:
      stress-ng-version: 0.17.08
      run-by: root
      date-yyyy-mm-dd: 2024:06:05
      time-hh-mm-ss: 17:13:52
      epoch-secs: 1717607632
      hostname: 7dec9f6828de
      sysname: Linux
      nodename: 7dec9f6828de
      release: 6.8.0-1008-aws
      version: '#8-Ubuntu SMP Sat Apr 20 00:46:25 UTC 2024'
      machine: x86_64
      compiler: 'musl-gcc 13.2.1'
      uptime: 138
      totalram: 66675499008
      freeram: 62455894016
      sharedram: 20279296
      bufferram: 78069760
      totalswap: 0
      freeswap: 0
      pagesize: 4096
      cpus: 32
      cpus-online: 32
      ticks-per-second: 100

metrics:
    - stressor: cpu
      bogo-ops: 351292
      bogo-ops-per-second-usr-sys-time: 1098.494110
      bogo-ops-per-second-real-time: 35123.706483
      wall-clock-time: 10.001564
      user-time: 319.736187
      system-time: 0.057972
      cpu-usage-per-instance: 99.920047
      max-rss: 3848

...
