---
system-info:
      stress-ng-version: 0.17.08
      run-by: root
      date-yyyy-mm-dd: 2024:06:12
      time-hh-mm-ss: 19:18:33
      epoch-secs: 1718219913
      hostname: 62e72d9e7e63
      sysname: Linux
      nodename: 62e72d9e7e63
      release: 6.8.0-1008-aws
      version: '#8-Ubuntu SMP Sat Apr 20 00:46:25 UTC 2024'
      machine: x86_64
      compiler: 'musl-gcc 13.2.1'
      uptime: 128
      totalram: 66675503104
      freeram: 62172205056
      sharedram: 20279296
      bufferram: 111230976
      totalswap: 0
      freeswap: 0
      pagesize: 4096
      cpus: 32
      cpus-online: 32
      ticks-per-second: 100

metrics:
    - stressor: cpu
      bogo-ops: 245345
      bogo-ops-per-second-usr-sys-time: 383.664510
      bogo-ops-per-second-real-time: 12267.139217
      wall-clock-time: 20.000181
      user-time: 639.453978
      system-time: 0.023987
      cpu-usage-per-instance: 99.917530
      max-rss: 1032

...
