---
system-info:
      stress-ng-version: 0.17.08
      run-by: root
      date-yyyy-mm-dd: 2024:06:12
      time-hh-mm-ss: 16:26:32
      epoch-secs: 1718209592
      hostname: 71fea858b602
      sysname: Linux
      nodename: 71fea858b602
      release: 6.8.0-1008-aws
      version: '#8-Ubuntu SMP Sat Apr 20 00:46:25 UTC 2024'
      machine: x86_64
      compiler: 'musl-gcc 13.2.1'
      uptime: 140
      totalram: 66675499008
      freeram: 62161031168
      sharedram: 20279296
      bufferram: 110931968
      totalswap: 0
      freeswap: 0
      pagesize: 4096
      cpus: 32
      cpus-online: 32
      ticks-per-second: 100

metrics:
    - stressor: cpu
      bogo-ops: 504021
      bogo-ops-per-second-usr-sys-time: 788.045991
      bogo-ops-per-second-real-time: 25201.025563
      wall-clock-time: 20.000019
      user-time: 639.553245
      system-time: 0.029985
      cpu-usage-per-instance: 99.934783
      max-rss: 1032

...
