---
system-info:
      stress-ng-version: 0.17.08
      run-by: root
      date-yyyy-mm-dd: 2024:06:16
      time-hh-mm-ss: 05:20:33
      epoch-secs: 1718515233
      hostname: fad2ed171aab
      sysname: Linux
      nodename: fad2ed171aab
      release: 6.8.0-1008-aws
      version: '#8-Ubuntu SMP Sat Apr 20 00:46:25 UTC 2024'
      machine: x86_64
      compiler: 'musl-gcc 13.2.1'
      uptime: 118
      totalram: 66333831168
      freeram: 61901213696
      sharedram: 66379776
      bufferram: 109109248
      totalswap: 0
      freeswap: 0
      pagesize: 4096
      cpus: 8
      cpus-online: 8
      ticks-per-second: 100

metrics:
    - stressor: cpu
      bogo-ops: 172781
      bogo-ops-per-second-usr-sys-time: 1081.580961
      bogo-ops-per-second-real-time: 8639.019336
      wall-clock-time: 20.000071
      user-time: 159.738561
      system-time: 0.009998
      cpu-usage-per-instance: 99.842495
      max-rss: 1104

...
