---
system-info:
      stress-ng-version: 0.17.08
      run-by: root
      date-yyyy-mm-dd: 2024:06:10
      time-hh-mm-ss: 02:25:36
      epoch-secs: 1717986336
      hostname: 368053f35d35
      sysname: Linux
      nodename: 368053f35d35
      release: 6.8.0-1008-aws
      version: '#8-Ubuntu SMP Sat Apr 20 00:46:25 UTC 2024'
      machine: x86_64
      compiler: 'musl-gcc 13.2.1'
      uptime: 105
      totalram: 66333839360
      freeram: 61673582592
      sharedram: 66379776
      bufferram: 113635328
      totalswap: 0
      freeswap: 0
      pagesize: 4096
      cpus: 8
      cpus-online: 8
      ticks-per-second: 100

metrics:
    - stressor: cpu
      bogo-ops: 132172
      bogo-ops-per-second-usr-sys-time: 1656.145036
      bogo-ops-per-second-real-time: 13215.898947
      wall-clock-time: 10.000984
      user-time: 79.794029
      system-time: 0.012991
      cpu-usage-per-instance: 99.748955
      max-rss: 4048

...
