BaselineInfo:
  WebDBID: -1
  TimeStamp: 20250106113134
Version:
  Major: 11
  Minor: 0
  Build: 1002
  SpecialBuildName: ""
  ptArchitecture: x86_64_linux
Results:
  Results Complete: true
  NumTestProcesses: 32
  CPU_INTEGER_MATH: 135913.99833333332
  CPU_FLOATINGPOINT_MATH: 95670.241063939247
  CPU_PRIME: 260.15376870307915
  CPU_SORTING: 66792.009993734697
  CPU_ENCRYPTION: 29046.61125240512
  CPU_COMPRESSION: 469653.04429111234
  CPU_SINGLETHREAD: 3020.6877680448865
  CPU_PHYSICS: 4242.4857060130344
  CPU_MATRIX_MULT_SSE: 35460.609176122722
  CPU_mm: 3781.9928543012593
  CPU_sse: 16225.082990323681
  CPU_fma: 39938.467980240377
  CPU_avx: 31862.262827545943
  CPU_avx512: 53816.622906380864
  m_CPU_enc_SHA: 30185010039.674297
  m_CPU_enc_AES: 40330156150.194572
  m_CPU_enc_ECDSA: 20857572131.937016
  ME_ALLOC_S: 12082.635056968926
  ME_READ_S: 26816.213476562501
  ME_READ_L: 7324.46826171875
  ME_WRITE: 6641.0830078125
  ME_LARGE: 1395116.8333333333
  ME_LATENCY: 123.92696100951066
  ME_THREADED: 124976.2275390625
  SUMM_CPU: 41590.525289696539
  SUMM_ME: 1567.9054923708277
SystemInformation:
  OSName: Ubuntu 24.04.1 LTS
  Kernel: 6.8.0-1017-azure
  Device: ""
  Processor: Intel Xeon Platinum 8473C
  NumSockets: 1
  Manufacturer: GenuineIntel
  NumCores: 16
  NumLogicals: 32
  CPUFrequency: 2100
  Memory: 1407666
  MemModuleInfo:
    iNumMemSticks: 3
    DIMM 1:
      manufacturer: Microsoft Corporation
      modulePartNo: None
      memType: Unknown
      size: 1
      clkspeed: 0
      moduleVoltage: 0
    DIMM 2:
      manufacturer: Microsoft Corporation
      modulePartNo: None
      memType: Unknown
      size: 59
      clkspeed: 0
      moduleVoltage: 0
    DIMM 3:
      manufacturer: Microsoft Corporation
      modulePartNo: None
      memType: Unknown
      size: 1337
      clkspeed: 0
      moduleVoltage: 0
Checksum: 2C123061ABF0BB7CDE900F909A6E193A4F6E0AE5