BaselineInfo:
  WebDBID: -1
  TimeStamp: 20250820233629
Version:
  Major: 11
  Minor: 0
  Build: 1002
  SpecialBuildName: ""
  ptArchitecture: x86_64_linux
Results:
  Results Complete: true
  NumTestProcesses: 16
  CPU_INTEGER_MATH: 82718.857666666678
  CPU_FLOATINGPOINT_MATH: 59873.269862399909
  CPU_PRIME: 177.25247367066518
  CPU_SORTING: 42365.739507731349
  CPU_ENCRYPTION: 18185.823679938319
  CPU_COMPRESSION: 319767.42693415447
  CPU_SINGLETHREAD: 3274.5368483136567
  CPU_PHYSICS: 3810.5613924863023
  CPU_MATRIX_MULT_SSE: 22961.728668758558
  CPU_mm: 2472.4955138481432
  CPU_sse: 10133.727904748142
  CPU_fma: 26391.163777206453
  CPU_avx: 21418.880425059444
  CPU_avx512: 33903.142568020208
  m_CPU_enc_SHA: 19237597853.563023
  m_CPU_enc_AES: 25109261871.605427
  m_CPU_enc_ECDSA: 12860795027.87656
  ME_ALLOC_S: 8780.778111928732
  ME_READ_S: 28723.590234374999
  ME_READ_L: 10353.787109375
  ME_WRITE: 11349.689453125
  ME_LARGE: 116771.08333333333
  ME_LATENCY: 74.37334563901733
  ME_THREADED: 118983.349609375
  SUMM_CPU: 29208.345504583016
  SUMM_ME: 2341.8453910112612
SystemInformation:
  OSName: Ubuntu 24.04.2 LTS
  Kernel: 6.14.0-1010-aws
  Device: ""
  Processor: Intel Xeon 6975P-C
  NumSockets: 1
  Manufacturer: GenuineIntel
  NumCores: 8
  NumLogicals: 16
  CPUFrequency: 0
  Memory: 126762
  MemModuleInfo:
    iNumMemSticks: 1
    DIMM 1:
      manufacturer: Not Specified
      modulePartNo: Not Specified
      memType: DDR5
      size: 128
      clkspeed: 3600
      moduleVoltage: 0
Checksum: AEB833CB131ADB135AE08CDA4B8E041C6B99DB3F