BaselineInfo:
  WebDBID: -1
  TimeStamp: 20241107055810
Version:
  Major: 11
  Minor: 0
  Build: 1002
  SpecialBuildName: ""
  ptArchitecture: x86_64_linux
Results:
  Results Complete: true
  NumTestProcesses: 2
  CPU_INTEGER_MATH: 8363.5869999999995
  CPU_FLOATINGPOINT_MATH: 4281.1705765173592
  CPU_PRIME: 19.075748967463213
  CPU_SORTING: 4418.1819021721212
  CPU_ENCRYPTION: 1820.4239177472812
  CPU_COMPRESSION: 32303.349614663766
  CPU_SINGLETHREAD: 2377.0842830617594
  CPU_PHYSICS: 364.12009201969079
  CPU_MATRIX_MULT_SSE: 1727.3937318548342
  CPU_mm: 180.4432960416265
  CPU_sse: 792.97242589188954
  CPU_fma: 2182.0807647944594
  CPU_avx: 1611.7525116643292
  CPU_avx512: 2322.7692250686596
  m_CPU_enc_SHA: 1834418640.4418173
  m_CPU_enc_AES: 2754499624.8167953
  m_CPU_enc_ECDSA: 1137640224.6687074
  ME_ALLOC_S: 1034.8789324757115
  ME_READ_S: 23882.449804687501
  ME_READ_L: 11915.4072265625
  ME_WRITE: 10770.0322265625
  ME_LARGE: 702
  ME_LATENCY: 52.421815018561453
  ME_THREADED: 15656.048828125
  SUMM_CPU: 3010.830485234404
  SUMM_ME: 1069.5539567958747
SystemInformation:
  OSName: Ubuntu 24.04.1 LTS
  Kernel: 6.8.0-1017-azure
  Device: ""
  Processor: Intel Xeon Platinum 8370C CPU @ 2.80GHz
  NumSockets: 1
  Manufacturer: GenuineIntel
  NumCores: 1
  NumLogicals: 2
  CPUFrequency: 2800
  Memory: 7937
  MemModuleInfo:
    iNumMemSticks: 2
    DIMM 1:
      manufacturer: Microsoft Corporation
      modulePartNo: None
      memType: Unknown
      size: 1
      clkspeed: 0
      moduleVoltage: 0
    DIMM 2:
      manufacturer: Microsoft Corporation
      modulePartNo: None
      memType: Unknown
      size: 7
      clkspeed: 0
      moduleVoltage: 0
Checksum: 0C2E2F7BDB23F9B3AD74EE367CADC9C4C81E420A