---
system-info:
      stress-ng-version: 0.17.08
      run-by: root
      date-yyyy-mm-dd: 2024:06:14
      time-hh-mm-ss: 05:20:33
      epoch-secs: 1718342433
      hostname: 7d1018976c7a
      sysname: Linux
      nodename: 7d1018976c7a
      release: 6.8.0-1008-aws
      version: '#8-Ubuntu SMP Sat Apr 20 02:43:14 UTC 2024'
      machine: aarch64
      compiler: 'musl-gcc 13.2.1'
      uptime: 126
      totalram: 134781472768
      freeram: 129792163840
      sharedram: 36581376
      bufferram: 106016768
      totalswap: 0
      freeswap: 0
      pagesize: 4096
      cpus: 64
      cpus-online: 64
      ticks-per-second: 100

metrics:
    - stressor: cpu
      bogo-ops: 1944330
      bogo-ops-per-second-usr-sys-time: 1519.587437
      bogo-ops-per-second-real-time: 97216.167231
      wall-clock-time: 20.000068
      user-time: 1279.481768
      system-time: 0.029995
      cpu-usage-per-instance: 99.961514
      max-rss: 1024

...
