---
system-info:
      stress-ng-version: 0.17.08
      run-by: root
      date-yyyy-mm-dd: 2024:06:06
      time-hh-mm-ss: 08:25:11
      epoch-secs: 1717662311
      hostname: 84cf74ee8ee1
      sysname: Linux
      nodename: 84cf74ee8ee1
      release: 6.8.0-1008-aws
      version: '#8-Ubuntu SMP Sat Apr 20 02:43:14 UTC 2024'
      machine: aarch64
      compiler: 'musl-gcc 13.2.1'
      uptime: 116
      totalram: 134781476864
      freeram: 129931825152
      sharedram: 36581376
      bufferram: 80252928
      totalswap: 0
      freeswap: 0
      pagesize: 4096
      cpus: 64
      cpus-online: 64
      ticks-per-second: 100

metrics:
    - stressor: cpu
      bogo-ops: 188144
      bogo-ops-per-second-usr-sys-time: 292.691059
      bogo-ops-per-second-real-time: 18720.158245
      wall-clock-time: 10.050342
      user-time: 642.752512
      system-time: 0.054961
      cpu-usage-per-instance: 99.935568
      max-rss: 3584

...
