---
system-info:
      stress-ng-version: 0.17.08
      run-by: root
      date-yyyy-mm-dd: 2024:09:24
      time-hh-mm-ss: 02:01:25
      epoch-secs: 1727143285
      hostname: sc-runner
      sysname: Linux
      nodename: sc-runner
      release: 6.8.0-1014-azure
      version: '#16-Ubuntu SMP Thu Aug 15 20:04:41 UTC 2024'
      machine: x86_64
      compiler: 'musl-gcc 13.2.1'
      uptime: 243
      totalram: 270250336256
      freeram: 257942786048
      sharedram: 55152640
      bufferram: 252325888
      totalswap: 0
      freeswap: 0
      pagesize: 4096
      cpus: 32
      cpus-online: 32
      ticks-per-second: 100

metrics:
    - stressor: cpu
      bogo-ops: 1205292
      bogo-ops-per-second-usr-sys-time: 1884.049786
      bogo-ops-per-second-real-time: 60264.424686
      wall-clock-time: 20.000058
      user-time: 639.697590
      system-time: 0.037097
      cpu-usage-per-instance: 99.958254
      max-rss: 3260

...
