BaselineInfo:
  WebDBID: -1
  TimeStamp: 20260611231559
Version:
  Major: 11
  Minor: 0
  Build: 1004
  SpecialBuildName: ""
  ptArchitecture: x86_64_linux
Results:
  Results Complete: true
  NumTestProcesses: 2
  CPU_INTEGER_MATH: 3034.4690000000001
  CPU_FLOATINGPOINT_MATH: 2201.8384729900822
  CPU_PRIME: 8.5010891095040648
  CPU_SORTING: 1947.0690050441879
  CPU_ENCRYPTION: 342.73598716500283
  CPU_COMPRESSION: 13614.296922797992
  CPU_SINGLETHREAD: 1191.8443500985256
  CPU_PHYSICS: 120.83481177366016
  CPU_MATRIX_MULT_SSE: 800.10473156451167
  CPU_mm: 107.24668213608348
  CPU_sse: 294.3977809883869
  CPU_fma: 1219.5146424036002
  CPU_avx: 770.45903952588219
  CPU_avx512: 916.0474633401775
  m_CPU_enc_SHA: 181344702.66537106
  m_CPU_enc_AES: 736588275.14717937
  m_CPU_enc_ECDSA: 160221213.62003949
  ME_ALLOC_S: 0
  ME_READ_S: 0
  ME_READ_L: 0
  ME_WRITE: 0
  ME_LARGE: 0
  ME_LATENCY: 0
  ME_THREADED: 0
  SUMM_CPU: 1116.2315456396545
  SUMM_ME: 0
SystemInformation:
  OSName: Ubuntu 24.04.4 LTS
  Kernel: 6.8.0-117-generic
  Device: ""
  Processor: Intel(R) Xeon(R) Platinum 8269CY CPU @ 2.50GHz
  NumSockets: 1
  Manufacturer: GenuineIntel
  NumCores: 1
  NumLogicals: 2
  CPUFrequency: 0
  CPUMaxFrequency: 0
  Memory: 882
  CPUInfo:
    number: 1
    Family: 6
    Model: 5
    stepping: 7
    features: 529267711
    manufacture: GenuineIntel
    typestring: Intel(R) Xeon(R) Platinum 8269CY CPU @ 2.50GHz
    iCoresPerPackage: 1
    iThreadsPerPackage: 2
    featuresEx:
      - 529267711
      - 4277809667
      - 739248128
    bHybrid: false
    nPCore: 0
    nLogicalsPerPCore: 0
    nECore: 0
    nLogicalsPerECore: 0
  MemModuleInfo:
    iNumMemSticks: 1
    DIMM 1:
      manufacturer: Alibaba Cloud
      modulePartNo: Not Specified
      memType: RAM
      size: 1
      clkspeed: 0
      moduleVoltage: 0
Checksum: D566242DDB2C62D5BBDFAC03DED3474B99AA5FB1