BaselineInfo:
  WebDBID: -1
  TimeStamp: 20241106221013
Version:
  Major: 11
  Minor: 0
  Build: 1002
  SpecialBuildName: ""
  ptArchitecture: aarch64_linux
Results:
  Results Complete: true
  NumTestProcesses: 8
  CPU_INTEGER_MATH: 37771.763333333336
  CPU_FLOATINGPOINT_MATH: 28707.120287379381
  CPU_PRIME: 67.108882898636608
  CPU_SORTING: 27102.608279672695
  CPU_ENCRYPTION: 1300.6749745203679
  CPU_COMPRESSION: 44702.288523669202
  CPU_SINGLETHREAD: 1326.5975039382633
  CPU_PHYSICS: 1141.7583213339699
  CPU_MATRIX_MULT_SSE: 5954.4174654666385
  CPU_mm: 994.19682221094365
  CPU_sse: 4972.1966264556386
  CPU_fma: 6936.6383044776412
  CPU_avx: 0
  CPU_avx512: 0
  m_CPU_enc_SHA: 1954750638.9399626
  m_CPU_enc_AES: 904208022.9432658
  m_CPU_enc_ECDSA: 1232611024.3647797
  ME_ALLOC_S: 5635.1476483788156
  ME_READ_S: 11284.40732421875
  ME_READ_L: 8240.83984375
  ME_WRITE: 14750.4208984375
  ME_LARGE: 5830.666666666667
  ME_LATENCY: 71.376334435749342
  ME_THREADED: 61234.42431640625
  SUMM_CPU: 6210.1552845833239
  SUMM_ME: 1688.0428479486689
SystemInformation:
  OSName: Ubuntu 24.04.1 LTS
  Kernel: 6.8.0-45-generic
  Device: ""
  Processor: ARM Neoverse-N1 8 Core 0 MHz
  NumSockets: 1
  Manufacturer: ARM
  NumCores: 8
  NumLogicals: 8
  CPUFrequency: 0
  Memory: 15576
Checksum: A5593F94ECA3CB3080E8A0B41A1CF42644BFE67A