BaselineInfo:
  WebDBID: -1
  TimeStamp: 20241114164929
Version:
  Major: 11
  Minor: 0
  Build: 1002
  SpecialBuildName: ""
  ptArchitecture: aarch64_linux
Results:
  Results Complete: true
  NumTestProcesses: 8
  CPU_INTEGER_MATH: 37412.929333333333
  CPU_FLOATINGPOINT_MATH: 28566.898547901292
  CPU_PRIME: 54.808149299029935
  CPU_SORTING: 26898.836006178386
  CPU_ENCRYPTION: 1285.3765569112618
  CPU_COMPRESSION: 44471.532543439054
  CPU_SINGLETHREAD: 1302.0313988562789
  CPU_PHYSICS: 1075.4626536600551
  CPU_MATRIX_MULT_SSE: 5932.347777845127
  CPU_mm: 995.19222289213462
  CPU_sse: 4970.5516247093738
  CPU_fma: 6894.1439309808784
  CPU_avx: 0
  CPU_avx512: 0
  m_CPU_enc_SHA: 1920906647.7414484
  m_CPU_enc_AES: 900727373.85043991
  m_CPU_enc_ECDSA: 1221811004.0274615
  ME_ALLOC_S: 5565.764163983602
  ME_READ_S: 11349.391894531251
  ME_READ_L: 8855.9052734375
  ME_WRITE: 14914.013671875
  ME_LARGE: 6752.666666666667
  ME_LATENCY: 72.633050199037328
  ME_THREADED: 63153.2060546875
  SUMM_CPU: 6120.9580755584693
  SUMM_ME: 1724.7344616631269
SystemInformation:
  OSName: Ubuntu 24.04.1 LTS
  Kernel: 6.8.0-45-generic
  Device: ""
  Processor: ARM Neoverse-N1 8 Core 0 MHz
  NumSockets: 1
  Manufacturer: ARM
  NumCores: 8
  NumLogicals: 8
  CPUFrequency: 0
  Memory: 15576
Checksum: 2F2030EF55E88639AB37754E1E1E837D29A13645