BaselineInfo:
  WebDBID: -1
  TimeStamp: 20241115092725
Version:
  Major: 11
  Minor: 0
  Build: 1002
  SpecialBuildName: ""
  ptArchitecture: aarch64_linux
Results:
  Results Complete: true
  NumTestProcesses: 8
  CPU_INTEGER_MATH: 37764.047999999995
  CPU_FLOATINGPOINT_MATH: 28675.162674056137
  CPU_PRIME: 59.354827669058999
  CPU_SORTING: 26818.424294156826
  CPU_ENCRYPTION: 1305.9494393148698
  CPU_COMPRESSION: 44652.029775163093
  CPU_SINGLETHREAD: 1318.4331211406861
  CPU_PHYSICS: 1085.6728952686485
  CPU_MATRIX_MULT_SSE: 5963.9467520126345
  CPU_mm: 998.16835582239503
  CPU_sse: 4992.993785910825
  CPU_fma: 6934.899718114445
  CPU_avx: 0
  CPU_avx512: 0
  m_CPU_enc_SHA: 1963770383.9014161
  m_CPU_enc_AES: 903864397.13152957
  m_CPU_enc_ECDSA: 1240526936.8041406
  ME_ALLOC_S: 5418.512791758716
  ME_READ_S: 11299.16591796875
  ME_READ_L: 8499.615234375
  ME_WRITE: 13577.46875
  ME_LARGE: 6748.333333333333
  ME_LATENCY: 79.351442378198598
  ME_THREADED: 61828.19921875
  SUMM_CPU: 6189.2858573352169
  SUMM_ME: 1643.9144021252559
SystemInformation:
  OSName: Ubuntu 24.04.1 LTS
  Kernel: 6.8.0-45-generic
  Device: ""
  Processor: ARM Neoverse-N1 8 Core 0 MHz
  NumSockets: 1
  Manufacturer: ARM
  NumCores: 8
  NumLogicals: 8
  CPUFrequency: 0
  Memory: 15576
Checksum: 4D89BFC0FE85968E9016BFFD01B9E2A17E32866B