BaselineInfo:
  WebDBID: -1
  TimeStamp: 20241107132717
Version:
  Major: 11
  Minor: 0
  Build: 1002
  SpecialBuildName: ""
  ptArchitecture: x86_64_linux
Results:
  Results Complete: true
  NumTestProcesses: 4
  CPU_INTEGER_MATH: 12669.737000000001
  CPU_FLOATINGPOINT_MATH: 6763.0055321267673
  CPU_PRIME: 28.865926425152505
  CPU_SORTING: 6671.2310042746158
  CPU_ENCRYPTION: 1736.7278457247146
  CPU_COMPRESSION: 56982.490141079434
  CPU_SINGLETHREAD: 2059.5721156020418
  CPU_PHYSICS: 594.0380271596249
  CPU_MATRIX_MULT_SSE: 3773.0534307379435
  CPU_mm: 385.65657927285633
  CPU_sse: 1381.6522541340121
  CPU_fma: 4573.6609150153745
  CPU_avx: 3180.2721908961944
  CPU_avx512: 5956.6283629061936
  m_CPU_enc_SHA: 567598975.04158354
  m_CPU_enc_AES: 4389446066.6302299
  m_CPU_enc_ECDSA: 506228371.00410193
  ME_ALLOC_S: 1481.9523127102464
  ME_READ_S: 24541.650390625
  ME_READ_L: 11394.6962890625
  ME_WRITE: 10129.1962890625
  ME_LARGE: 6056.5
  ME_LATENCY: 49.334322349204591
  ME_THREADED: 25330.41064453125
  SUMM_CPU: 4534.0729420409707
  SUMM_ME: 2084.1723890519274
SystemInformation:
  OSName: Ubuntu 24.04.1 LTS
  Kernel: 6.8.0-1017-azure
  Device: ""
  Processor: Intel Xeon Platinum 8272CL CPU @ 2.60GHz
  NumSockets: 1
  Manufacturer: GenuineIntel
  NumCores: 2
  NumLogicals: 4
  CPUFrequency: 0
  Memory: 15989
  MemModuleInfo:
    iNumMemSticks: 2
    DIMM 1:
      manufacturer: Microsoft Corporation
      modulePartNo: None
      memType: Unknown
      size: 1
      clkspeed: 0
      moduleVoltage: 0
    DIMM 2:
      manufacturer: Microsoft Corporation
      modulePartNo: None
      memType: Unknown
      size: 15
      clkspeed: 0
      moduleVoltage: 0
Checksum: 148513ABA1CE641E8A20BB33F3FA43DC55A4D015