---
system-info:
      stress-ng-version: 0.17.08
      run-by: root
      date-yyyy-mm-dd: 2024:09:14
      time-hh-mm-ss: 01:41:43
      epoch-secs: 1726278103
      hostname: ip-172-31-21-82
      sysname: Linux
      nodename: ip-172-31-21-82
      release: 6.8.0-1014-aws
      version: '#15-Ubuntu SMP Thu Aug  8 19:13:06 UTC 2024'
      machine: x86_64
      compiler: 'musl-gcc 13.2.1'
      uptime: 241
      totalram: 2147448180736
      freeram: 2135249100800
      sharedram: 117633024
      bufferram: 223973376
      totalswap: 0
      freeswap: 0
      pagesize: 4096
      cpus: 128
      cpus-online: 128
      ticks-per-second: 100

metrics:
    - stressor: cpu
      bogo-ops: 2476214
      bogo-ops-per-second-usr-sys-time: 967.548966
      bogo-ops-per-second-real-time: 123810.193259
      wall-clock-time: 20.000082
      user-time: 2559.223816
      system-time: 0.040973
      cpu-usage-per-instance: 99.970872
      max-rss: 0

...
