---
system-info:
      stress-ng-version: 0.17.08
      run-by: root
      date-yyyy-mm-dd: 2024:06:09
      time-hh-mm-ss: 18:55:59
      epoch-secs: 1717959359
      hostname: bca67f56a155
      sysname: Linux
      nodename: bca67f56a155
      release: 6.8.0-1008-aws
      version: '#8-Ubuntu SMP Sat Apr 20 00:46:25 UTC 2024'
      machine: x86_64
      compiler: 'musl-gcc 13.2.1'
      uptime: 120
      totalram: 33091211264
      freeram: 28546146304
      sharedram: 59871232
      bufferram: 111157248
      totalswap: 0
      freeswap: 0
      pagesize: 4096
      cpus: 4
      cpus-online: 4
      ticks-per-second: 100

metrics:
    - stressor: cpu
      bogo-ops: 16589
      bogo-ops-per-second-usr-sys-time: 1658.749054
      bogo-ops-per-second-real-time: 1658.712785
      wall-clock-time: 10.001129
      user-time: 10.000910
      system-time: 0.000000
      cpu-usage-per-instance: 99.997814
      max-rss: 3920

...
