---
system-info:
      stress-ng-version: 0.17.08
      run-by: root
      date-yyyy-mm-dd: 2024:06:15
      time-hh-mm-ss: 21:40:02
      epoch-secs: 1718487602
      hostname: de499b811aab
      sysname: Linux
      nodename: de499b811aab
      release: 6.8.0-1008-aws
      version: '#8-Ubuntu SMP Sat Apr 20 00:46:25 UTC 2024'
      machine: x86_64
      compiler: 'musl-gcc 13.2.1'
      uptime: 134
      totalram: 33091215360
      freeram: 28715245568
      sharedram: 59871232
      bufferram: 110014464
      totalswap: 0
      freeswap: 0
      pagesize: 4096
      cpus: 4
      cpus-online: 4
      ticks-per-second: 100

metrics:
    - stressor: cpu
      bogo-ops: 37738
      bogo-ops-per-second-usr-sys-time: 1886.909718
      bogo-ops-per-second-real-time: 1886.891587
      wall-clock-time: 20.000089
      user-time: 19.999897
      system-time: 0.000000
      cpu-usage-per-instance: 99.999039
      max-rss: 1104

...
