BaselineInfo:
  WebDBID: -1
  TimeStamp: 20260611235652
Version:
  Major: 11
  Minor: 0
  Build: 1004
  SpecialBuildName: ""
  ptArchitecture: x86_64_linux
Results:
  Results Complete: true
  NumTestProcesses: 1
  CPU_INTEGER_MATH: 3011.4176666666667
  CPU_FLOATINGPOINT_MATH: 2183.1350881772446
  CPU_PRIME: 8.0955061451085601
  CPU_SORTING: 2008.2704761838309
  CPU_ENCRYPTION: 395.01783400164373
  CPU_COMPRESSION: 15466.328531625748
  CPU_SINGLETHREAD: 1419.166977063906
  CPU_PHYSICS: 163.84909602969495
  CPU_MATRIX_MULT_SSE: 1141.9146813384316
  CPU_mm: 136.7739559136368
  CPU_sse: 518.6492403979554
  CPU_fma: 1707.532296292052
  CPU_avx: 1153.1197103770749
  CPU_avx512: 1188.3574782866447
  m_CPU_enc_SHA: 215279944.21422917
  m_CPU_enc_AES: 847356201.20588458
  m_CPU_enc_ECDSA: 179982515.49820906
  ME_ALLOC_S: 494.80331395767217
  ME_READ_S: 18101.320898437501
  ME_READ_L: 5997.08447265625
  ME_WRITE: 6308.18212890625
  ME_LARGE: 574.75
  ME_LATENCY: 105.44686213146242
  ME_THREADED: 5074.89013671875
  SUMM_CPU: 1239.5234802392508
  SUMM_ME: 653.25293437930191
SystemInformation:
  OSName: Ubuntu 24.04.4 LTS
  Kernel: 6.8.0-117-generic
  Device: ""
  Processor: Intel(R) Xeon(R) Platinum 8163 CPU @ 2.50GHz
  NumSockets: 1
  Manufacturer: GenuineIntel
  NumCores: 1
  NumLogicals: 1
  CPUFrequency: 2500
  CPUMaxFrequency: 3100
  Memory: 1710
  CPUInfo:
    number: 1
    Family: 6
    Model: 5
    stepping: 4
    features: 529267711
    manufacture: GenuineIntel
    typestring: Intel(R) Xeon(R) Platinum 8163 CPU @ 2.50GHz
    iCoresPerPackage: 1
    iThreadsPerPackage: 2
    featuresEx:
      - 529267711
      - 4294586883
      - 739248128
    bHybrid: false
    nPCore: 0
    nLogicalsPerPCore: 0
    nECore: 0
    nLogicalsPerECore: 0
  MemModuleInfo:
    iNumMemSticks: 1
    DIMM 1:
      manufacturer: Alibaba Cloud
      modulePartNo: Not Specified
      memType: RAM
      size: 2
      clkspeed: 0
      moduleVoltage: 0
Checksum: 7F0E49F24BAE9A565CA743BA8DCE8463D62F346B