size_kb,operation,bandwidth_mb_s,latency_ns,latency_stddev_ns,latency_samples,threads,iterations,elapsed_s
32,read,2400565.16,0,0,0,32,447227,0.186301
32,write,2654259.32,0,0,0,32,591017,0.222667
32,copy,1962212.92,0,0,0,32,360230,0.183584
32,latency,0,2.16,0.00,7,1,7,0.309250
128,read,1983344.54,0,0,0,32,150060,0.302640
128,write,2370586.84,0,0,0,32,144425,0.243695
128,copy,1488633.08,0,0,0,32,106428,0.285975
128,latency,0,2.82,0.00,7,1,7,0.655010
1024,read,1783484.69,0,0,0,32,13767,0.247013
1024,write,2340810.75,0,0,0,32,21215,0.290019
1024,copy,800295.64,0,0,0,32,12703,0.507932
1024,latency,0,5.36,0.01,7,1,7,0.712870
2048,read,1319232.05,0,0,0,32,7266,0.352496
2048,write,1971022.56,0,0,0,32,10366,0.336589
2048,copy,336269.46,0,0,0,32,4098,0.779946
2048,latency,0,9.67,0.04,7,1,7,0.673875
4096,read,599295.24,0,0,0,32,2758,0.589065
4096,write,705501.73,0,0,0,32,4977,0.902983
4096,copy,234930.97,0,0,0,32,1788,0.974176
4096,latency,0,18.75,0.06,7,1,7,0.676497
8192,read,451141.41,0,0,0,32,971,0.550994
8192,write,481894.12,0,0,0,32,2183,1.159690
8192,copy,196378.80,0,0,0,32,829,1.080687
8192,latency,0,24.42,0.22,7,1,7,0.682988
16384,read,407688.70,0,0,0,32,456,0.572672
16384,write,410541.11,0,0,0,32,987,1.230922
16384,copy,179257.18,0,0,0,32,403,1.151061
16384,latency,0,31.65,3.40,21,1,21,2.197038
32768,read,381644.79,0,0,0,32,201,0.539308
32768,write,389351.16,0,0,0,32,498,1.309748
32768,copy,173746.14,0,0,0,32,200,1.178731
32768,latency,0,79.04,5.49,21,1,21,4.001829
65536,read,376831.45,0,0,0,32,115,0.625001
65536,write,374764.31,0,0,0,32,250,1.366192
65536,copy,170461.59,0,0,0,32,101,1.213458
65536,latency,0,102.50,0.68,7,1,7,4.569046
131072,read,372446.81,0,0,0,32,59,0.648855
131072,write,364148.74,0,0,0,32,125,1.406019
131072,copy,169833.47,0,0,0,32,50,1.205887
131072,latency,0,109.71,0.83,7,1,7,10.004949
