BaselineInfo:
  WebDBID: -1
  TimeStamp: 20241107073755
Version:
  Major: 11
  Minor: 0
  Build: 1002
  SpecialBuildName: ""
  ptArchitecture: x86_64_linux
Results:
  Results Complete: true
  NumTestProcesses: 2
  CPU_INTEGER_MATH: 5580.3160000000007
  CPU_FLOATINGPOINT_MATH: 2998.2179787414302
  CPU_PRIME: 12.326553341901892
  CPU_SORTING: 2974.9989235748026
  CPU_ENCRYPTION: 766.26497696944466
  CPU_COMPRESSION: 24772.981528425684
  CPU_SINGLETHREAD: 1739.6626989503654
  CPU_PHYSICS: 256.41413269869969
  CPU_MATRIX_MULT_SSE: 1419.793074060517
  CPU_mm: 169.1796032478963
  CPU_sse: 611.67269058984698
  CPU_fma: 1804.1111328188661
  CPU_avx: 1273.4674723668149
  CPU_avx512: 1989.9210004665404
  m_CPU_enc_SHA: 252223246.91433144
  m_CPU_enc_AES: 1936042641.125176
  m_CPU_enc_ECDSA: 222195305.43262947
  ME_ALLOC_S: 669.38815179771359
  ME_READ_S: 21954.134375000001
  ME_READ_L: 10053.6796875
  ME_WRITE: 9556.140625
  ME_LARGE: 597.83333333333337
  ME_LATENCY: 55.355429732256709
  ME_THREADED: 12230.4833984375
  SUMM_CPU: 1987.8970173760433
  SUMM_ME: 909.35214586920915
SystemInformation:
  OSName: Ubuntu 24.04.1 LTS
  Kernel: 6.8.0-1016-aws
  Device: ""
  Processor: Intel Xeon Platinum 8175M CPU @ 2.50GHz
  NumSockets: 1
  Manufacturer: GenuineIntel
  NumCores: 1
  NumLogicals: 2
  CPUFrequency: 0
  Memory: 7736
  MemModuleInfo:
    iNumMemSticks: 1
    DIMM 1:
      manufacturer: Not Specified
      modulePartNo: Not Specified
      memType: DDR4
      size: 8
      clkspeed: 1333
      moduleVoltage: 0
Checksum: 5D3C1E3BA79F33DDD8FED36B3D5D5B66CE43D095