BaselineInfo:
  WebDBID: -1
  TimeStamp: 20260708215643
Version:
  Major: 11
  Minor: 0
  Build: 1004
  SpecialBuildName: ""
  ptArchitecture: x86_64_linux
Results:
  Results Complete: true
  NumTestProcesses: 160
  CPU_INTEGER_MATH: 954889.08199999982
  CPU_FLOATINGPOINT_MATH: 555725.27028106852
  CPU_PRIME: 1285.4472585914875
  CPU_SORTING: 362819.7343975004
  CPU_ENCRYPTION: 176816.46074856963
  CPU_COMPRESSION: 2925903.6466380502
  CPU_SINGLETHREAD: 3823.9587841075049
  CPU_PHYSICS: 22436.58465175614
  CPU_MATRIX_MULT_SSE: 194243.44320911731
  CPU_mm: 20533.212425723668
  CPU_sse: 78455.26767004728
  CPU_fma: 213246.87328787614
  CPU_avx: 207035.48022972661
  CPU_avx512: 278236.15164881921
  m_CPU_enc_SHA: 228843417552.15756
  m_CPU_enc_AES: 182378058789.44632
  m_CPU_enc_ECDSA: 144995015096.07272
  ME_ALLOC_S: 40507.490398048663
  ME_READ_S: 34251.391796875003
  ME_READ_L: 31291.1640625
  ME_WRITE: 30587.02734375
  ME_LARGE: 1276048
  ME_LATENCY: 78.22492489738076
  ME_THREADED: 588426.921875
  SUMM_CPU: 145445.76388064682
  SUMM_ME: 3021.3098049491882
SystemInformation:
  OSName: Ubuntu 24.04.4 LTS
  Kernel: 6.17.0-1018-azure
  Device: ""
  Processor: "AMD EPYC 9V45 96-Core Processor                "
  NumSockets: 1
  Manufacturer: AuthenticAMD
  NumCores: 80
  NumLogicals: 160
  CPUFrequency: 0
  CPUMaxFrequency: 0
  Memory: 1290068
  CPUInfo:
    number: 1
    Family: 15
    Model: 2
    stepping: 1
    features: 395049983
    manufacture: AuthenticAMD
    typestring: "AMD EPYC 9V45 96-Core Processor                "
    iCoresPerPackage: 128
    iThreadsPerPackage: 2
    featuresEx:
      - 395049983
      - 4277809667
      - 802421759
    bHybrid: false
    nPCore: 0
    nLogicalsPerPCore: 0
    nECore: 0
    nLogicalsPerECore: 0
  MemModuleInfo:
    iNumMemSticks: 8
    DIMM 1:
      manufacturer: Microsoft Corporation
      modulePartNo: None
      memType: Unknown
      size: 1
      clkspeed: 0
      moduleVoltage: 0
    DIMM 2:
      manufacturer: Microsoft Corporation
      modulePartNo: None
      memType: Unknown
      size: 59
      clkspeed: 0
      moduleVoltage: 0
    DIMM 3:
      manufacturer: Microsoft Corporation
      modulePartNo: None
      memType: Unknown
      size: 196
      clkspeed: 0
      moduleVoltage: 0
    DIMM 4:
      manufacturer: Microsoft Corporation
      modulePartNo: None
      memType: Unknown
      size: 256
      clkspeed: 0
      moduleVoltage: 0
    DIMM 5:
      manufacturer: Microsoft Corporation
      modulePartNo: None
      memType: Unknown
      size: 256
      clkspeed: 0
      moduleVoltage: 0
    DIMM 6:
      manufacturer: Microsoft Corporation
      modulePartNo: None
      memType: Unknown
      size: 240
      clkspeed: 0
      moduleVoltage: 0
    DIMM 7:
      manufacturer: Microsoft Corporation
      modulePartNo: None
      memType: Unknown
      size: 16
      clkspeed: 0
      moduleVoltage: 0
    DIMM 8:
      manufacturer: Microsoft Corporation
      modulePartNo: None
      memType: Unknown
      size: 256
      clkspeed: 0
      moduleVoltage: 0
Checksum: 9625B1E282269B3EDA1B864BAC3327E1E706A78B