BaselineInfo:
  WebDBID: -1
  TimeStamp: 20241108045844
Version:
  Major: 11
  Minor: 0
  Build: 1002
  SpecialBuildName: ""
  ptArchitecture: x86_64_linux
Results:
  Results Complete: true
  NumTestProcesses: 8
  CPU_INTEGER_MATH: 20516.727999999999
  CPU_FLOATINGPOINT_MATH: 10810.473253993528
  CPU_PRIME: 23.814698929347983
  CPU_SORTING: 12694.923276507527
  CPU_ENCRYPTION: 6389.3138217749429
  CPU_COMPRESSION: 87540.543274290059
  CPU_SINGLETHREAD: 1740.8416920042698
  CPU_PHYSICS: 595.77865485940436
  CPU_MATRIX_MULT_SSE: 3189.1475216644194
  CPU_mm: 617.0819283952261
  CPU_sse: 2497.2985128306732
  CPU_fma: 3693.5883630024268
  CPU_avx: 3376.5556891601568
  CPU_avx512: 0
  m_CPU_enc_SHA: 9028922689.4739742
  m_CPU_enc_AES: 6268716817.0503578
  m_CPU_enc_ECDSA: 4801403883.4201164
  ME_ALLOC_S: 2124.4784762205254
  ME_READ_S: 20296.671875
  ME_READ_L: 13333.7734375
  ME_WRITE: 8882.1435546875
  ME_LARGE: 54268.833333333336
  ME_LATENCY: 58.330149356429125
  ME_THREADED: 26367.142578125
  SUMM_CPU: 6937.8406770180673
  SUMM_ME: 2184.9606146274841
SystemInformation:
  OSName: Ubuntu 24.04.1 LTS
  Kernel: 6.8.0-1017-azure
  Device: ""
  Processor: AMD EPYC 7551 32-Core Processor
  NumSockets: 1
  Manufacturer: AuthenticAMD
  NumCores: 4
  NumLogicals: 8
  CPUFrequency: 0
  Memory: 64299
  MemModuleInfo:
    iNumMemSticks: 3
    DIMM 1:
      manufacturer: Microsoft Corporation
      modulePartNo: None
      memType: Unknown
      size: 1
      clkspeed: 0
      moduleVoltage: 0
    DIMM 2:
      manufacturer: Microsoft Corporation
      modulePartNo: None
      memType: Unknown
      size: 60928
      clkspeed: 0
      moduleVoltage: 0
    DIMM 3:
      manufacturer: Microsoft Corporation
      modulePartNo: None
      memType: Unknown
      size: 3584
      clkspeed: 0
      moduleVoltage: 0
Checksum: 29C7BDC45EDC1CEF51E95A0BA352488B49AD8D68