---
system-info:
      stress-ng-version: 0.17.08
      run-by: root
      date-yyyy-mm-dd: 2024:06:28
      time-hh-mm-ss: 16:16:47
      epoch-secs: 1719591407
      hostname: c3-standard-176-lssd-370d054
      sysname: Linux
      nodename: c3-standard-176-lssd-370d054
      release: 6.8.0-1009-gcp
      version: '#10-Ubuntu SMP Wed Jun 12 18:52:23 UTC 2024'
      machine: x86_64
      compiler: 'musl-gcc 13.2.1'
      uptime: 148
      totalram: 743916146688
      freeram: 736493436928
      sharedram: 442814464
      bufferram: 132538368
      totalswap: 0
      freeswap: 0
      pagesize: 4096
      cpus: 176
      cpus-online: 176
      ticks-per-second: 100

metrics:
    - stressor: cpu
      bogo-ops: 32489
      bogo-ops-per-second-usr-sys-time: 1624.502553
      bogo-ops-per-second-real-time: 1624.439504
      wall-clock-time: 20.000129
      user-time: 19.997354
      system-time: 0.001999
      cpu-usage-per-instance: 99.996119
      max-rss: 0

...
