---
system-info:
      stress-ng-version: 0.17.08
      run-by: root
      date-yyyy-mm-dd: 2024:06:04
      time-hh-mm-ss: 17:16:22
      epoch-secs: 1717521382
      hostname: 55980306dbf5
      sysname: Linux
      nodename: 55980306dbf5
      release: 6.8.0-1008-aws
      version: '#8-Ubuntu SMP Sat Apr 20 02:43:14 UTC 2024'
      machine: aarch64
      compiler: 'musl-gcc 13.2.1'
      uptime: 2185
      totalram: 3928203264
      freeram: 1726177280
      sharedram: 3555328
      bufferram: 68734976
      totalswap: 0
      freeswap: 0
      pagesize: 4096
      cpus: 2
      cpus-online: 2
      ticks-per-second: 100

metrics:
    - stressor: cpu
      bogo-ops: 1989
      bogo-ops-per-second-usr-sys-time: 198.969301
      bogo-ops-per-second-real-time: 198.887055
      wall-clock-time: 10.000651
      user-time: 9.994518
      system-time: 0.001999
      cpu-usage-per-instance: 99.958664
      max-rss: 4008

...
