---
system-info:
      stress-ng-version: 0.17.08
      run-by: root
      date-yyyy-mm-dd: 2024:06:04
      time-hh-mm-ss: 21:37:47
      epoch-secs: 1717537067
      hostname: 0091f77bdfbf
      sysname: Linux
      nodename: 0091f77bdfbf
      release: 6.8.0-1008-aws
      version: '#8-Ubuntu SMP Sat Apr 20 02:43:14 UTC 2024'
      machine: aarch64
      compiler: 'musl-gcc 13.2.1'
      uptime: 191
      totalram: 3928203264
      freeram: 149958656
      sharedram: 3551232
      bufferram: 75722752
      totalswap: 0
      freeswap: 0
      pagesize: 4096
      cpus: 2
      cpus-online: 2
      ticks-per-second: 100

metrics:
    - stressor: cpu
      bogo-ops: 2056
      bogo-ops-per-second-usr-sys-time: 202.986408
      bogo-ops-per-second-real-time: 202.956569
      wall-clock-time: 10.130246
      user-time: 10.127758
      system-time: 0.000999
      cpu-usage-per-instance: 99.985300
      max-rss: 4008

...
