---
system-info:
      stress-ng-version: 0.17.08
      run-by: root
      date-yyyy-mm-dd: 2024:06:13
      time-hh-mm-ss: 23:42:15
      epoch-secs: 1718322135
      hostname: 2fbf909f21f5
      sysname: Linux
      nodename: 2fbf909f21f5
      release: 6.8.0-1008-aws
      version: '#8-Ubuntu SMP Sat Apr 20 02:43:14 UTC 2024'
      machine: aarch64
      compiler: 'musl-gcc 13.2.1'
      uptime: 218
      totalram: 3928203264
      freeram: 192319488
      sharedram: 3551232
      bufferram: 99840000
      totalswap: 0
      freeswap: 0
      pagesize: 4096
      cpus: 2
      cpus-online: 2
      ticks-per-second: 100

metrics:
    - stressor: cpu
      bogo-ops: 29725
      bogo-ops-per-second-usr-sys-time: 1486.515492
      bogo-ops-per-second-real-time: 1486.242700
      wall-clock-time: 20.000098
      user-time: 19.996428
      system-time: 0.000000
      cpu-usage-per-instance: 99.981649
      max-rss: 1320

...
