BaselineInfo:
  WebDBID: -1
  TimeStamp: 20241107072414
Version:
  Major: 11
  Minor: 0
  Build: 1002
  SpecialBuildName: ""
  ptArchitecture: x86_64_linux
Results:
  Results Complete: true
  NumTestProcesses: 2
  CPU_INTEGER_MATH: 5642.5830000000005
  CPU_FLOATINGPOINT_MATH: 3172.3803759118027
  CPU_PRIME: 10.176934544266961
  CPU_SORTING: 3086.2497283191524
  CPU_ENCRYPTION: 788.21894372319684
  CPU_COMPRESSION: 25130.732005260834
  CPU_SINGLETHREAD: 1705.1601573308126
  CPU_PHYSICS: 256.70718961128932
  CPU_MATRIX_MULT_SSE: 925.89618560158101
  CPU_mm: 178.42593263495232
  CPU_sse: 660.98757072197327
  CPU_fma: 0
  CPU_avx: 1190.8048004811885
  CPU_avx512: 0
  m_CPU_enc_SHA: 260240206.38031027
  m_CPU_enc_AES: 1993470098.5344009
  m_CPU_enc_ECDSA: 225812096.48577332
  ME_ALLOC_S: 658.89131928967436
  ME_READ_S: 22097.94921875
  ME_READ_L: 9466.6435546875
  ME_WRITE: 9303.7958984375
  ME_LARGE: 524.83333333333337
  ME_LATENCY: 56.953562001012408
  ME_THREADED: 11793.06640625
  SUMM_CPU: 1890.2803499668421
  SUMM_ME: 840.19405617130985
SystemInformation:
  OSName: Ubuntu 24.04.1 LTS
  Kernel: 6.8.0-1016-aws
  Device: ""
  Processor: Intel Xeon CPU E5-2680 v2 @ 2.80GHz
  NumSockets: 1
  Manufacturer: GenuineIntel
  NumCores: 1
  NumLogicals: 2
  CPUFrequency: 0
  Memory: 3724
  MemModuleInfo:
    iNumMemSticks: 1
    DIMM 1:
      manufacturer: Not Specified
      modulePartNo: Not Specified
      memType: RAM
      size: 3840
      clkspeed: 0
      moduleVoltage: 0
Checksum: E6355C472C583520B6A823FCFC8F835F0B112499