"size","threads","connections","rps","latency","failed","server_usr","server_sys","client_usr","client_sys"
"1k",8,8,173176,0.000047390,0,18.49,24.60,11.17,25.87
"1k",8,16,169826,0.000137770,0,15.90,24.13,9.01,24.83
"1k",8,32,177956,0.000221240,0,16.17,24.57,8.47,25.61
"1k",8,64,198919,0.000394170,0,16.03,25.75,8.98,26.44
"1k",8,128,210309,0.001050000,0,16.38,26.25,8.98,27.15
"1k",8,256,204723,0.001560000,0,16.49,25.88,8.74,27.33
"1k",16,16,157132,0.000140930,0,15.15,26.05,9.49,26.24
"1k",16,32,172103,0.000276730,0,15.15,25.95,9.37,27.61
"1k",16,64,182308,0.000651640,0,15.31,26.95,9.21,28.20
"1k",16,128,194651,0.000890000,0,15.17,26.62,9.44,28.13
"1k",16,256,193019,0.001510000,0,15.77,26.68,9.54,28.02
"1k",32,32,170572,0.000243320,0,14.86,26.50,10.17,27.84
"1k",32,64,172930,0.000528540,0,14.56,26.84,10.17,28.13
"1k",32,128,176985,0.000870000,0,14.50,26.90,9.74,28.91
"1k",32,256,175976,0.001540000,0,14.53,27.35,9.50,28.79
"16k",8,8,103856,0.000131790,0,14.15,19.11,9.52,23.82
"16k",8,16,121664,0.000208990,0,13.67,22.51,9.06,24.55
"16k",8,32,128077,0.000377840,0,13.98,24.55,9.41,25.83
"16k",8,64,130450,0.000762060,0,14.02,25.64,9.47,26.92
"16k",8,128,143229,0.001100000,0,14.16,26.37,9.64,27.66
"16k",8,256,140469,0.001820000,0,14.70,26.46,9.46,27.96
"16k",16,16,132207,0.000136610,0,14.15,25.07,10.94,27.71
"16k",16,32,135549,0.000265030,0,13.61,26.28,10.21,28.47
"16k",16,64,138606,0.000668860,0,13.55,26.75,10.21,28.80
"16k",16,128,139923,0.001060000,0,13.80,27.21,10.40,28.73
"16k",16,256,134119,0.001980000,0,14.43,26.94,9.92,28.42
"16k",32,32,135201,0.000293260,0,13.81,25.36,11.44,28.75
"16k",32,64,133494,0.000589230,0,13.31,26.71,11.15,28.90
"16k",32,128,128514,0.001140000,0,13.22,26.82,10.61,29.14
"16k",32,256,125147,0.002090000,0,14.22,26.92,10.14,29.08
"64k",8,8,66788,0.000143550,0,12.17,21.01,10.86,27.00
"64k",8,16,77796,0.000194010,0,12.25,23.67,10.67,27.46
"64k",8,32,74275,0.000397350,0,11.48,25.92,10.14,28.32
"64k",8,64,73749,0.000821150,0,11.65,27.11,10.03,28.82
"64k",8,128,69748,0.001710000,0,12.72,27.47,9.74,28.72
"64k",8,256,63751,0.003480000,0,14.23,27.11,9.26,28.98
"64k",16,16,75105,0.000220950,0,11.82,25.77,11.47,29.43
"64k",16,32,73503,0.000446450,0,11.15,27.47,10.56,29.87
"64k",16,64,74019,0.000960000,0,11.33,28.17,10.72,29.85
"64k",16,128,72051,0.001850000,0,12.15,27.75,10.27,29.48
"64k",16,256,65486,0.003810000,0,14.59,27.28,9.61,28.83
"64k",32,32,75868,0.000434770,0,12.12,25.88,11.56,30.63
"64k",32,64,73035,0.000940000,0,11.65,27.56,11.26,29.92
"64k",32,128,70129,0.001880000,0,12.36,27.66,10.65,29.79
"64k",32,256,64011,0.003980000,0,14.87,26.82,9.79,28.56
"256k",8,8,28310,0.000294370,0,12.86,25.48,13.08,27.56
"256k",8,16,28542,0.000509680,0,11.90,27.09,11.99,26.63
"256k",8,32,25790,0.001130000,0,11.84,29.46,11.08,26.45
"256k",8,64,23318,0.002510000,0,13.71,29.82,10.29,26.21
"256k",8,128,21518,0.005260000,0,16.12,27.96,9.79,25.97
"256k",16,16,28780,0.000554370,0,11.67,28.14,12.55,27.88
"256k",16,32,25928,0.001230000,0,12.26,29.11,11.49,26.91
"256k",16,64,22934,0.002750000,0,14.65,28.94,10.74,25.78
"256k",16,128,21310,0.005860000,0,16.68,28.25,9.93,25.60
"256k",32,32,25709,0.001260000,0,12.71,28.38,11.72,27.42
"256k",32,64,22456,0.002840000,0,16.03,27.65,10.75,25.65
"256k",32,128,21389,0.005940000,0,17.26,27.32,10.37,25.19
"512k",8,8,15071,0.000529640,0,12.38,25.61,12.59,29.81
"512k",8,16,13872,0.001090000,0,12.96,28.14,11.59,25.97
"512k",8,32,11700,0.002500000,0,14.26,30.02,10.39,24.83
"512k",8,64,11279,0.005090000,0,15.70,29.20,10.03,24.76
"512k",8,128,11039,0.010180000,0,16.36,28.72,9.77,25.35
"512k",16,16,14221,0.001130000,0,12.12,28.98,11.97,26.70
"512k",16,32,12235,0.002570000,0,14.75,29.34,10.79,25.19
"512k",16,64,11320,0.005510000,0,16.74,28.79,10.10,24.69
"512k",16,128,11217,0.011170000,0,16.79,28.87,10.08,24.67
"512k",32,32,12405,0.002590000,0,15.25,28.50,11.09,25.16
"512k",32,64,11661,0.005450000,0,17.01,28.13,10.39,24.71
"512k",32,128,11554,0.010990000,0,16.68,28.76,10.36,24.64
