---
system-info:
      stress-ng-version: 0.17.08
      run-by: root
      date-yyyy-mm-dd: 2024:08:30
      time-hh-mm-ss: 14:25:29
      epoch-secs: 1725027929
      hostname: sc-runner
      sysname: Linux
      nodename: sc-runner
      release: 6.8.0-1013-azure
      version: '#15-Ubuntu SMP Thu Aug  8 18:40:40 UTC 2024'
      machine: x86_64
      compiler: 'musl-gcc 13.2.1'
      uptime: 369
      totalram: 16766771200
      freeram: 8364957696
      sharedram: 42016768
      bufferram: 199708672
      totalswap: 0
      freeswap: 0
      pagesize: 4096
      cpus: 2
      cpus-online: 2
      ticks-per-second: 100

metrics:
    - stressor: cpu
      bogo-ops: 36858
      bogo-ops-per-second-usr-sys-time: 934.616575
      bogo-ops-per-second-real-time: 1842.888521
      wall-clock-time: 20.000125
      user-time: 39.418543
      system-time: 0.017950
      cpu-usage-per-instance: 98.590618
      max-rss: 3256

...
