BaselineInfo:
  WebDBID: -1
  TimeStamp: 20241107072437
Version:
  Major: 11
  Minor: 0
  Build: 1002
  SpecialBuildName: ""
  ptArchitecture: x86_64_linux
Results:
  Results Complete: true
  NumTestProcesses: 4
  CPU_INTEGER_MATH: 16561.010333333335
  CPU_FLOATINGPOINT_MATH: 9178.0104000457613
  CPU_PRIME: 38.531382119865235
  CPU_SORTING: 9146.3970139469366
  CPU_ENCRYPTION: 4304.4760359681923
  CPU_COMPRESSION: 64414.276854748561
  CPU_SINGLETHREAD: 2387.3330747317714
  CPU_PHYSICS: 728.56085273917222
  CPU_MATRIX_MULT_SSE: 3608.0469574607669
  CPU_mm: 448.37382604959168
  CPU_sse: 1902.7125275830722
  CPU_fma: 5187.2563232188531
  CPU_avx: 3734.1720215803757
  CPU_avx512: 0
  m_CPU_enc_SHA: 6237800793.3942156
  m_CPU_enc_AES: 3989089191.224381
  m_CPU_enc_ECDSA: 3313820807.0555515
  ME_ALLOC_S: 1818.0545644602603
  ME_READ_S: 24370.325976562501
  ME_READ_L: 20097.51171875
  ME_WRITE: 18935.84375
  ME_LARGE: 6069
  ME_LATENCY: 62.87085814287807
  ME_THREADED: 37937.8447265625
  SUMM_CPU: 6162.1971021449317
  SUMM_ME: 2256.0608293033938
SystemInformation:
  OSName: Ubuntu 24.04.1 LTS
  Kernel: 6.8.0-1017-azure
  Device: ""
  Processor: AMD EPYC 7763 64-Core Processor
  NumSockets: 1
  Manufacturer: AuthenticAMD
  NumCores: 2
  NumLogicals: 4
  CPUFrequency: 0
  Memory: 15989
  MemModuleInfo:
    iNumMemSticks: 2
    DIMM 1:
      manufacturer: Microsoft Corporation
      modulePartNo: None
      memType: Unknown
      size: 1
      clkspeed: 0
      moduleVoltage: 0
    DIMM 2:
      manufacturer: Microsoft Corporation
      modulePartNo: None
      memType: Unknown
      size: 15
      clkspeed: 0
      moduleVoltage: 0
Checksum: 8A72B15CA158612BFDD03B846B380AD32E6A672E