---
system-info:
      stress-ng-version: 0.17.08
      run-by: root
      date-yyyy-mm-dd: 2024:09:02
      time-hh-mm-ss: 16:23:11
      epoch-secs: 1725294191
      hostname: sc-runner
      sysname: Linux
      nodename: sc-runner
      release: 6.8.0-1013-azure
      version: '#15-Ubuntu SMP Thu Aug  8 18:40:40 UTC 2024'
      machine: x86_64
      compiler: 'musl-gcc 13.2.1'
      uptime: 415
      totalram: 3574661120
      freeram: 226123776
      sharedram: 42147840
      bufferram: 189255680
      totalswap: 0
      freeswap: 0
      pagesize: 4096
      cpus: 1
      cpus-online: 1
      ticks-per-second: 100

metrics:
    - stressor: cpu
      bogo-ops: 24490
      bogo-ops-per-second-usr-sys-time: 1246.898664
      bogo-ops-per-second-real-time: 1224.490585
      wall-clock-time: 20.000154
      user-time: 19.636767
      system-time: 0.003963
      cpu-usage-per-instance: 98.202895
      max-rss: 3256

...
