BaselineInfo:
  WebDBID: -1
  TimeStamp: 20241109200149
Version:
  Major: 11
  Minor: 0
  Build: 1002
  SpecialBuildName: ""
  ptArchitecture: x86_64_linux
Results:
  Results Complete: true
  NumTestProcesses: 64
  CPU_INTEGER_MATH: 216068.21766666663
  CPU_FLOATINGPOINT_MATH: 128865.8570751456
  CPU_PRIME: 295.69518559973454
  CPU_SORTING: 126194.92788672156
  CPU_ENCRYPTION: 68193.37543111766
  CPU_COMPRESSION: 953024.05366813031
  CPU_SINGLETHREAD: 2135.3578603675451
  CPU_PHYSICS: 5371.0096885740986
  CPU_MATRIX_MULT_SSE: 56952.480862602562
  CPU_mm: 6309.5825047962107
  CPU_sse: 25978.583518320011
  CPU_fma: 81370.51414960844
  CPU_avx: 63508.344919879208
  CPU_avx512: 0
  m_CPU_enc_SHA: 96510010104.28215
  m_CPU_enc_AES: 66127707197.61705
  m_CPU_enc_ECDSA: 51880093206.279663
  ME_ALLOC_S: 21346.824864216782
  ME_READ_S: 24632.221289062501
  ME_READ_L: 12768.419921875
  ME_WRITE: 13485.0048828125
  ME_LARGE: 240389.66666666666
  ME_LATENCY: 51.412542523934114
  ME_THREADED: 114444.01000976562
  SUMM_CPU: 55615.406809611937
  SUMM_ME: 2917.2556300377432
SystemInformation:
  OSName: Ubuntu 24.04.1 LTS
  Kernel: 6.8.0-1016-aws
  Device: ""
  Processor: AMD EPYC 7R32
  NumSockets: 1
  Manufacturer: AuthenticAMD
  NumCores: 32
  NumLogicals: 64
  CPUFrequency: 0
  Memory: 254997
  MemModuleInfo:
    iNumMemSticks: 1
    DIMM 1:
      manufacturer: Not Specified
      modulePartNo: Not Specified
      memType: DDR4
      size: 256
      clkspeed: 1600
      moduleVoltage: 0
Checksum: 64EE1918521A0F74DD1C727C6D55D91455C116DE