---
system-info:
      stress-ng-version: 0.17.08
      run-by: root
      date-yyyy-mm-dd: 2024:07:26
      time-hh-mm-ss: 10:43:56
      epoch-secs: 1721990636
      hostname: ip-172-31-30-195
      sysname: Linux
      nodename: ip-172-31-30-195
      release: 6.8.0-1012-aws
      version: '#13-Ubuntu SMP Mon Jul 15 13:40:27 UTC 2024'
      machine: x86_64
      compiler: 'musl-gcc 13.2.1'
      uptime: 214
      totalram: 1589348458496
      freeram: 1582094270464
      sharedram: 72654848
      bufferram: 129228800
      totalswap: 0
      freeswap: 0
      pagesize: 4096
      cpus: 192
      cpus-online: 192
      ticks-per-second: 100

metrics:
    - stressor: cpu
      bogo-ops: 11772374
      bogo-ops-per-second-usr-sys-time: 3069.696418
      bogo-ops-per-second-real-time: 588616.908764
      wall-clock-time: 20.000061
      user-time: 3834.955795
      system-time: 0.072950
      cpu-usage-per-instance: 99.870236
      max-rss: 0

...
