---
system-info:
      stress-ng-version: 0.17.08
      run-by: root
      date-yyyy-mm-dd: 2024:06:09
      time-hh-mm-ss: 20:40:09
      epoch-secs: 1717965609
      hostname: 9495ae62c205
      sysname: Linux
      nodename: 9495ae62c205
      release: 6.8.0-1008-aws
      version: '#8-Ubuntu SMP Sat Apr 20 00:46:25 UTC 2024'
      machine: x86_64
      compiler: 'musl-gcc 13.2.1'
      uptime: 131
      totalram: 1589348495360
      freeram: 1582292299776
      sharedram: 72663040
      bufferram: 113295360
      totalswap: 0
      freeswap: 0
      pagesize: 4096
      cpus: 192
      cpus-online: 192
      ticks-per-second: 100

metrics:
    - stressor: cpu
      bogo-ops: 2977679
      bogo-ops-per-second-usr-sys-time: 1554.222153
      bogo-ops-per-second-real-time: 297724.175818
      wall-clock-time: 10.001469
      user-time: 1915.623613
      system-time: 0.240856
      cpu-usage-per-instance: 99.769955
      max-rss: 3072

...
