---
system-info:
      stress-ng-version: 0.17.08
      run-by: root
      date-yyyy-mm-dd: 2024:06:08
      time-hh-mm-ss: 06:26:34
      epoch-secs: 1717827994
      hostname: 62f3f7d7af3c
      sysname: Linux
      nodename: 62f3f7d7af3c
      release: 6.8.0-1008-aws
      version: '#8-Ubuntu SMP Sat Apr 20 02:43:14 UTC 2024'
      machine: aarch64
      compiler: 'musl-gcc 13.2.1'
      uptime: 153
      totalram: 267046633472
      freeram: 262379794432
      sharedram: 35094528
      bufferram: 96460800
      totalswap: 0
      freeswap: 0
      pagesize: 4096
      cpus: 32
      cpus-online: 32
      ticks-per-second: 100

metrics:
    - stressor: cpu
      bogo-ops: 94059
      bogo-ops-per-second-usr-sys-time: 292.807133
      bogo-ops-per-second-real-time: 9362.399402
      wall-clock-time: 10.046463
      user-time: 321.201937
      system-time: 0.029991
      cpu-usage-per-instance: 99.920715
      max-rss: 3840

...
