---
system-info:
      stress-ng-version: 0.17.08
      run-by: root
      date-yyyy-mm-dd: 2024:06:13
      time-hh-mm-ss: 19:29:30
      epoch-secs: 1718306970
      hostname: 36fd36b02b7e
      sysname: Linux
      nodename: 36fd36b02b7e
      release: 6.8.0-1008-aws
      version: '#8-Ubuntu SMP Sat Apr 20 02:43:14 UTC 2024'
      machine: aarch64
      compiler: 'musl-gcc 13.2.1'
      uptime: 184
      totalram: 267046641664
      freeram: 262350942208
      sharedram: 35094528
      bufferram: 105025536
      totalswap: 0
      freeswap: 0
      pagesize: 4096
      cpus: 32
      cpus-online: 32
      ticks-per-second: 100

metrics:
    - stressor: cpu
      bogo-ops: 971477
      bogo-ops-per-second-usr-sys-time: 1518.831847
      bogo-ops-per-second-real-time: 48573.715698
      wall-clock-time: 20.000055
      user-time: 639.605176
      system-time: 0.015992
      cpu-usage-per-instance: 99.940531
      max-rss: 1280

...
