---
system-info:
      stress-ng-version: 0.17.08
      run-by: root
      date-yyyy-mm-dd: 2024:06:08
      time-hh-mm-ss: 03:22:10
      epoch-secs: 1717816930
      hostname: 166c58636fe4
      sysname: Linux
      nodename: 166c58636fe4
      release: 6.8.0-1008-aws
      version: '#8-Ubuntu SMP Sat Apr 20 00:46:25 UTC 2024'
      machine: x86_64
      compiler: 'musl-gcc 13.2.1'
      uptime: 144
      totalram: 133622255616
      freeram: 129192112128
      sharedram: 40796160
      bufferram: 96141312
      totalswap: 0
      freeswap: 0
      pagesize: 4096
      cpus: 16
      cpus-online: 16
      ticks-per-second: 100

metrics:
    - stressor: cpu
      bogo-ops: 13894
      bogo-ops-per-second-usr-sys-time: 1389.349706
      bogo-ops-per-second-real-time: 1389.348756
      wall-clock-time: 10.000369
      user-time: 9.999362
      system-time: 0.001000
      cpu-usage-per-instance: 99.999932
      max-rss: 3920

...
