---
system-info:
      stress-ng-version: 0.17.08
      run-by: root
      date-yyyy-mm-dd: 2024:06:13
      time-hh-mm-ss: 16:46:27
      epoch-secs: 1718297187
      hostname: 93935c7a37be
      sysname: Linux
      nodename: 93935c7a37be
      release: 6.8.0-1008-aws
      version: '#8-Ubuntu SMP Sat Apr 20 00:46:25 UTC 2024'
      machine: x86_64
      compiler: 'musl-gcc 13.2.1'
      uptime: 147
      totalram: 133622259712
      freeram: 129130070016
      sharedram: 40796160
      bufferram: 107876352
      totalswap: 0
      freeswap: 0
      pagesize: 4096
      cpus: 16
      cpus-online: 16
      ticks-per-second: 100

metrics:
    - stressor: cpu
      bogo-ops: 25697
      bogo-ops-per-second-usr-sys-time: 1284.854433
      bogo-ops-per-second-real-time: 1284.844455
      wall-clock-time: 20.000086
      user-time: 19.998931
      system-time: 0.001000
      cpu-usage-per-instance: 99.999223
      max-rss: 976

...
