BaselineInfo:
  WebDBID: -1
  TimeStamp: 20260404225403
Version:
  Major: 11
  Minor: 0
  Build: 1004
  SpecialBuildName: ""
  ptArchitecture: x86_64_linux
Results:
  Results Complete: true
  NumTestProcesses: 24
  CPU_INTEGER_MATH: 59046.226999999977
  CPU_FLOATINGPOINT_MATH: 31670.547392061468
  CPU_PRIME: 91.053416454348437
  CPU_SORTING: 35511.783298091592
  CPU_ENCRYPTION: 8149.5819729138721
  CPU_COMPRESSION: 274199.46241867868
  CPU_SINGLETHREAD: 1692.5653136038932
  CPU_PHYSICS: 1787.0118901195615
  CPU_MATRIX_MULT_SSE: 18777.586890425766
  CPU_mm: 1795.4464321369549
  CPU_sse: 6411.9275101501826
  CPU_fma: 21904.926364582836
  CPU_avx: 15482.296103719174
  CPU_avx512: 31311.197583250891
  m_CPU_enc_SHA: 2666763699.6340551
  m_CPU_enc_AES: 20553592681.502831
  m_CPU_enc_ECDSA: 2416011819.3535237
  ME_ALLOC_S: 6463.5232533973094
  ME_READ_S: 19413.517578125
  ME_READ_L: 6657.42236328125
  ME_WRITE: 6899.26513671875
  ME_LARGE: 34192.916666666664
  ME_LATENCY: 74.361968383573696
  ME_THREADED: 91549.58056640625
  SUMM_CPU: 18444.166653836503
  SUMM_ME: 1841.9043358379124
SystemInformation:
  OSName: Ubuntu 24.04.4 LTS
  Kernel: 6.8.0-106-generic
  Device: ""
  Processor: Intel(R) Xeon(R) Platinum 8269CY CPU @ 2.50GHz
  NumSockets: 1
  Manufacturer: GenuineIntel
  NumCores: 12
  NumLogicals: 24
  CPUFrequency: 2500
  CPUMaxFrequency: 3800
  Memory: 47784
  CPUInfo:
    number: 1
    Family: 6
    Model: 5
    stepping: 7
    features: 529267711
    manufacture: GenuineIntel
    typestring: Intel(R) Xeon(R) Platinum 8269CY CPU @ 2.50GHz
    iCoresPerPackage: 12
    iThreadsPerPackage: 2
    featuresEx:
      - 529267711
      - 4294586883
      - 739248128
    bHybrid: false
    nPCore: 0
    nLogicalsPerPCore: 0
    nECore: 0
    nLogicalsPerECore: 0
  MemModuleInfo:
    iNumMemSticks: 3
    DIMM 1:
      manufacturer: Alibaba Cloud
      modulePartNo: Not Specified
      memType: RAM
      size: 16
      clkspeed: 0
      moduleVoltage: 0
    DIMM 2:
      manufacturer: Alibaba Cloud
      modulePartNo: Not Specified
      memType: RAM
      size: 16
      clkspeed: 0
      moduleVoltage: 0
    DIMM 3:
      manufacturer: Alibaba Cloud
      modulePartNo: Not Specified
      memType: RAM
      size: 16
      clkspeed: 0
      moduleVoltage: 0
Checksum: 6DC9A4F7DF20DB08712F3C12ECAAD93FB4507EEC