---
system-info:
      stress-ng-version: 0.17.08
      run-by: root
      date-yyyy-mm-dd: 2024:06:15
      time-hh-mm-ss: 05:20:38
      epoch-secs: 1718428838
      hostname: 03ab86881165
      sysname: Linux
      nodename: 03ab86881165
      release: 6.8.0-1008-aws
      version: '#8-Ubuntu SMP Sat Apr 20 02:43:14 UTC 2024'
      machine: aarch64
      compiler: 'musl-gcc 13.2.1'
      uptime: 137
      totalram: 66199494656
      freeram: 61724356608
      sharedram: 34951168
      bufferram: 109309952
      totalswap: 0
      freeswap: 0
      pagesize: 4096
      cpus: 16
      cpus-online: 16
      ticks-per-second: 100

metrics:
    - stressor: cpu
      bogo-ops: 30673
      bogo-ops-per-second-usr-sys-time: 1533.700765
      bogo-ops-per-second-real-time: 1533.639908
      wall-clock-time: 20.000132
      user-time: 19.998339
      system-time: 0.000999
      cpu-usage-per-instance: 99.996032
      max-rss: 1320

...
