---
system-info:
      stress-ng-version: 0.17.08
      run-by: root
      date-yyyy-mm-dd: 2024:06:08
      time-hh-mm-ss: 20:40:56
      epoch-secs: 1717879256
      hostname: 922a3e7cfe7e
      sysname: Linux
      nodename: 922a3e7cfe7e
      release: 6.8.0-1008-aws
      version: '#8-Ubuntu SMP Sat Apr 20 02:43:14 UTC 2024'
      machine: aarch64
      compiler: 'musl-gcc 13.2.1'
      uptime: 118
      totalram: 66199490560
      freeram: 61632831488
      sharedram: 34951168
      bufferram: 105197568
      totalswap: 0
      freeswap: 0
      pagesize: 4096
      cpus: 16
      cpus-online: 16
      ticks-per-second: 100

metrics:
    - stressor: cpu
      bogo-ops: 4267
      bogo-ops-per-second-usr-sys-time: 424.723380
      bogo-ops-per-second-real-time: 424.726068
      wall-clock-time: 10.046475
      user-time: 10.046539
      system-time: 0.000000
      cpu-usage-per-instance: 100.000633
      max-rss: 4008

...
