BaselineInfo:
  WebDBID: -1
  TimeStamp: 20241107150320
Version:
  Major: 11
  Minor: 0
  Build: 1002
  SpecialBuildName: ""
  ptArchitecture: x86_64_linux
Results:
  Results Complete: true
  NumTestProcesses: 4
  CPU_INTEGER_MATH: 11455.684333333335
  CPU_FLOATINGPOINT_MATH: 6155.4007365332527
  CPU_PRIME: 19.398678333053891
  CPU_SORTING: 6134.5933433304335
  CPU_ENCRYPTION: 1591.405273616791
  CPU_COMPRESSION: 50680.736506064823
  CPU_SINGLETHREAD: 1841.441783460903
  CPU_PHYSICS: 433.51141745902981
  CPU_MATRIX_MULT_SSE: 3456.2041882722633
  CPU_mm: 349.48033331284563
  CPU_sse: 1258.3050735588999
  CPU_fma: 4193.8501373516629
  CPU_avx: 2967.4503265685034
  CPU_avx512: 5405.2112156099865
  m_CPU_enc_SHA: 517936188.37469798
  m_CPU_enc_AES: 4026800548.6208086
  m_CPU_enc_ECDSA: 461391391.56849396
  ME_ALLOC_S: 1359.6121495004302
  ME_READ_S: 22482.284765625001
  ME_READ_L: 10318.1396484375
  ME_WRITE: 9684.23828125
  ME_LARGE: 5664.083333333333
  ME_LATENCY: 56.081488049876079
  ME_THREADED: 23564.89208984375
  SUMM_CPU: 4038.8907068858266
  SUMM_ME: 1897.6109852525233
SystemInformation:
  OSName: Ubuntu 24.04.1 LTS
  Kernel: 6.8.0-1016-aws
  Device: ""
  Processor: Intel Xeon Platinum 8175M CPU @ 2.50GHz
  NumSockets: 1
  Manufacturer: GenuineIntel
  NumCores: 2
  NumLogicals: 4
  CPUFrequency: 0
  Memory: 15620
  MemModuleInfo:
    iNumMemSticks: 1
    DIMM 1:
      manufacturer: Not Specified
      modulePartNo: Not Specified
      memType: DDR4
      size: 16
      clkspeed: 1333
      moduleVoltage: 0
Checksum: A0C9FB58E31C1E47D49235EB94F175D92BF06FEF