BaselineInfo:
  WebDBID: -1
  TimeStamp: 20241108045734
Version:
  Major: 11
  Minor: 0
  Build: 1002
  SpecialBuildName: ""
  ptArchitecture: x86_64_linux
Results:
  Results Complete: true
  NumTestProcesses: 8
  CPU_INTEGER_MATH: 33215.078000000001
  CPU_FLOATINGPOINT_MATH: 18343.503576931169
  CPU_PRIME: 77.910554330996106
  CPU_SORTING: 18280.550873650496
  CPU_ENCRYPTION: 8620.1354919013338
  CPU_COMPRESSION: 129485.42869993432
  CPU_SINGLETHREAD: 2391.6197799805891
  CPU_PHYSICS: 1309.8924280940555
  CPU_MATRIX_MULT_SSE: 7373.2780927766398
  CPU_mm: 897.31240067244039
  CPU_sse: 3814.1237585326526
  CPU_fma: 10401.285025340119
  CPU_avx: 7904.4254944571467
  CPU_avx512: 0
  m_CPU_enc_SHA: 12497902376.449755
  m_CPU_enc_AES: 7990700914.9524879
  m_CPU_enc_ECDSA: 6627998289.2655592
  ME_ALLOC_S: 3404.5398559593241
  ME_READ_S: 24454.074804687501
  ME_READ_L: 16875.693359375
  ME_WRITE: 17190.86328125
  ME_LARGE: 54260.083333333336
  ME_LATENCY: 65.582271295791031
  ME_THREADED: 38685.5537109375
  SUMM_CPU: 11920.407048315576
  SUMM_ME: 2504.8597352340144
SystemInformation:
  OSName: Ubuntu 24.04.1 LTS
  Kernel: 6.8.0-1017-azure
  Device: ""
  Processor: AMD EPYC 7763 64-Core Processor
  NumSockets: 1
  Manufacturer: AuthenticAMD
  NumCores: 4
  NumLogicals: 8
  CPUFrequency: 0
  Memory: 64299
  MemModuleInfo:
    iNumMemSticks: 3
    DIMM 1:
      manufacturer: Microsoft Corporation
      modulePartNo: None
      memType: Unknown
      size: 1
      clkspeed: 0
      moduleVoltage: 0
    DIMM 2:
      manufacturer: Microsoft Corporation
      modulePartNo: None
      memType: Unknown
      size: 60928
      clkspeed: 0
      moduleVoltage: 0
    DIMM 3:
      manufacturer: Microsoft Corporation
      modulePartNo: None
      memType: Unknown
      size: 3584
      clkspeed: 0
      moduleVoltage: 0
Checksum: 42319E75027F17B3A32E1AEE2452F5201EBEAC19