BaselineInfo:
  WebDBID: -1
  TimeStamp: 20260404190801
Version:
  Major: 11
  Minor: 0
  Build: 1004
  SpecialBuildName: ""
  ptArchitecture: x86_64_linux
Results:
  Results Complete: true
  NumTestProcesses: 12
  CPU_INTEGER_MATH: 29343.779333333328
  CPU_FLOATINGPOINT_MATH: 15779.296188899985
  CPU_PRIME: 45.042076605707308
  CPU_SORTING: 17758.308004415911
  CPU_ENCRYPTION: 4060.1538034638897
  CPU_COMPRESSION: 136679.07109552121
  CPU_SINGLETHREAD: 1668.1024795948022
  CPU_PHYSICS: 923.34543002543228
  CPU_MATRIX_MULT_SSE: 8859.113347385799
  CPU_mm: 895.2218507341488
  CPU_sse: 3196.6713212971736
  CPU_fma: 10935.489838529684
  CPU_avx: 7723.235380882018
  CPU_avx512: 13581.056848834321
  m_CPU_enc_SHA: 1327038891.2750056
  m_CPU_enc_AES: 10243684495.304726
  m_CPU_enc_ECDSA: 1201416117.2831259
  ME_ALLOC_S: 3215.6746180386176
  ME_READ_S: 19545.375585937501
  ME_READ_L: 6076.6142578125
  ME_WRITE: 6701.060546875
  ME_LARGE: 82983
  ME_LATENCY: 79.488214907704133
  ME_THREADED: 51513.09765625
  SUMM_CPU: 9882.3371073760845
  SUMM_ME: 1710.8090858767885
SystemInformation:
  OSName: Ubuntu 24.04.4 LTS
  Kernel: 6.8.0-106-generic
  Device: ""
  Processor: Intel(R) Xeon(R) Platinum 8163 CPU @ 2.50GHz
  NumSockets: 1
  Manufacturer: GenuineIntel
  NumCores: 6
  NumLogicals: 12
  CPUFrequency: 2500
  CPUMaxFrequency: 3100
  Memory: 96046
  CPUInfo:
    number: 1
    Family: 6
    Model: 5
    stepping: 4
    features: 529267711
    manufacture: GenuineIntel
    typestring: Intel(R) Xeon(R) Platinum 8163 CPU @ 2.50GHz
    iCoresPerPackage: 6
    iThreadsPerPackage: 2
    featuresEx:
      - 529267711
      - 4294586883
      - 739248128
    bHybrid: false
    nPCore: 0
    nLogicalsPerPCore: 0
    nECore: 0
    nLogicalsPerECore: 0
  MemModuleInfo:
    iNumMemSticks: 6
    DIMM 1:
      manufacturer: Alibaba Cloud
      modulePartNo: Not Specified
      memType: RAM
      size: 16
      clkspeed: 0
      moduleVoltage: 0
    DIMM 2:
      manufacturer: Alibaba Cloud
      modulePartNo: Not Specified
      memType: RAM
      size: 16
      clkspeed: 0
      moduleVoltage: 0
    DIMM 3:
      manufacturer: Alibaba Cloud
      modulePartNo: Not Specified
      memType: RAM
      size: 16
      clkspeed: 0
      moduleVoltage: 0
    DIMM 4:
      manufacturer: Alibaba Cloud
      modulePartNo: Not Specified
      memType: RAM
      size: 16
      clkspeed: 0
      moduleVoltage: 0
    DIMM 5:
      manufacturer: Alibaba Cloud
      modulePartNo: Not Specified
      memType: RAM
      size: 16
      clkspeed: 0
      moduleVoltage: 0
    DIMM 6:
      manufacturer: Alibaba Cloud
      modulePartNo: Not Specified
      memType: RAM
      size: 16
      clkspeed: 0
      moduleVoltage: 0
Checksum: D33625462B2391FF3B33E1B72508D8F7FAE17C24