---
system-info:
      stress-ng-version: 0.17.08
      run-by: root
      date-yyyy-mm-dd: 2024:09:03
      time-hh-mm-ss: 16:18:37
      epoch-secs: 1725380317
      hostname: sc-runner
      sysname: Linux
      nodename: sc-runner
      release: 6.8.0-1013-azure
      version: '#15-Ubuntu SMP Thu Aug  8 18:40:40 UTC 2024'
      machine: x86_64
      compiler: 'musl-gcc 13.2.1'
      uptime: 384
      totalram: 29423779840
      freeram: 20795437056
      sharedram: 42176512
      bufferram: 228134912
      totalswap: 0
      freeswap: 0
      pagesize: 4096
      cpus: 8
      cpus-online: 8
      ticks-per-second: 100

metrics:
    - stressor: cpu
      bogo-ops: 24926
      bogo-ops-per-second-usr-sys-time: 1246.340132
      bogo-ops-per-second-real-time: 1246.289674
      wall-clock-time: 20.000166
      user-time: 19.996357
      system-time: 0.002999
      cpu-usage-per-instance: 99.995952
      max-rss: 3152

...
