---
system-info:
      stress-ng-version: 0.17.08
      run-by: root
      date-yyyy-mm-dd: 2024:09:16
      time-hh-mm-ss: 15:31:18
      epoch-secs: 1726500678
      hostname: sc-runner
      sysname: Linux
      nodename: sc-runner
      release: 6.8.0-1014-azure
      version: '#16-Ubuntu SMP Thu Aug 15 20:04:41 UTC 2024'
      machine: x86_64
      compiler: 'musl-gcc 13.2.1'
      uptime: 364
      totalram: 29423767552
      freeram: 19259342848
      sharedram: 42176512
      bufferram: 243249152
      totalswap: 0
      freeswap: 0
      pagesize: 4096
      cpus: 8
      cpus-online: 8
      ticks-per-second: 100

metrics:
    - stressor: cpu
      bogo-ops: 24933
      bogo-ops-per-second-usr-sys-time: 1246.665521
      bogo-ops-per-second-real-time: 1246.641202
      wall-clock-time: 20.000141
      user-time: 19.998752
      system-time: 0.000999
      cpu-usage-per-instance: 99.998049
      max-rss: 3024

...
