---
system-info:
      stress-ng-version: 0.17.08
      run-by: root
      date-yyyy-mm-dd: 2024:06:06
      time-hh-mm-ss: 08:56:11
      epoch-secs: 1717664171
      hostname: c1dfb6d5b4af
      sysname: Linux
      nodename: c1dfb6d5b4af
      release: 6.8.0-1008-aws
      version: '#8-Ubuntu SMP Sat Apr 20 02:43:14 UTC 2024'
      machine: aarch64
      compiler: 'musl-gcc 13.2.1'
      uptime: 114
      totalram: 66195947520
      freeram: 61782495232
      sharedram: 35094528
      bufferram: 80797696
      totalswap: 0
      freeswap: 0
      pagesize: 4096
      cpus: 32
      cpus-online: 32
      ticks-per-second: 100

metrics:
    - stressor: cpu
      bogo-ops: 94062
      bogo-ops-per-second-usr-sys-time: 292.982384
      bogo-ops-per-second-real-time: 9368.433559
      wall-clock-time: 10.040312
      user-time: 321.010043
      system-time: 0.039976
      cpu-usage-per-instance: 99.925308
      max-rss: 3840

...
