---
system-info:
      stress-ng-version: 0.17.08
      run-by: root
      date-yyyy-mm-dd: 2024:06:15
      time-hh-mm-ss: 09:27:54
      epoch-secs: 1718443674
      hostname: 0c41f9f15394
      sysname: Linux
      nodename: 0c41f9f15394
      release: 6.8.0-1008-aws
      version: '#8-Ubuntu SMP Sat Apr 20 02:43:14 UTC 2024'
      machine: aarch64
      compiler: 'musl-gcc 13.2.1'
      uptime: 124
      totalram: 66195951616
      freeram: 61604757504
      sharedram: 35094528
      bufferram: 105857024
      totalswap: 0
      freeswap: 0
      pagesize: 4096
      cpus: 32
      cpus-online: 32
      ticks-per-second: 100

metrics:
    - stressor: cpu
      bogo-ops: 971442
      bogo-ops-per-second-usr-sys-time: 1518.715253
      bogo-ops-per-second-real-time: 48571.912885
      wall-clock-time: 20.000077
      user-time: 639.629240
      system-time: 0.017987
      cpu-usage-per-instance: 99.944494
      max-rss: 1280

...
