---
system-info:
      stress-ng-version: 0.17.08
      run-by: root
      date-yyyy-mm-dd: 2024:08:30
      time-hh-mm-ss: 16:42:47
      epoch-secs: 1725036167
      hostname: sc-runner
      sysname: Linux
      nodename: sc-runner
      release: 6.8.0-1013-azure
      version: '#15-Ubuntu SMP Thu Aug  8 19:55:58 UTC 2024'
      machine: aarch64
      compiler: 'musl-gcc 13.2.1'
      uptime: 345
      totalram: 16736694272
      freeram: 8349208576
      sharedram: 38129664
      bufferram: 201703424
      totalswap: 0
      freeswap: 0
      pagesize: 4096
      cpus: 8
      cpus-online: 8
      ticks-per-second: 100

metrics:
    - stressor: cpu
      bogo-ops: 289947
      bogo-ops-per-second-usr-sys-time: 1816.233037
      bogo-ops-per-second-real-time: 14497.303317
      wall-clock-time: 20.000064
      user-time: 159.633966
      system-time: 0.007993
      cpu-usage-per-instance: 99.775903
      max-rss: 1320

...
