---
system-info:
      stress-ng-version: 0.17.08
      run-by: root
      date-yyyy-mm-dd: 2024:06:13
      time-hh-mm-ss: 15:42:09
      epoch-secs: 1718293329
      hostname: 4f3386fd1dd0
      sysname: Linux
      nodename: 4f3386fd1dd0
      release: 6.8.0-1008-aws
      version: '#8-Ubuntu SMP Sat Apr 20 00:46:25 UTC 2024'
      machine: x86_64
      compiler: 'musl-gcc 13.2.1'
      uptime: 164
      totalram: 16555896832
      freeram: 12262866944
      sharedram: 40714240
      bufferram: 107663360
      totalswap: 0
      freeswap: 0
      pagesize: 4096
      cpus: 2
      cpus-online: 2
      ticks-per-second: 100

metrics:
    - stressor: cpu
      bogo-ops: 25501
      bogo-ops-per-second-usr-sys-time: 1275.204937
      bogo-ops-per-second-real-time: 1275.041245
      wall-clock-time: 20.000137
      user-time: 19.997570
      system-time: 0.000000
      cpu-usage-per-instance: 99.987163
      max-rss: 1104

...
