---
system-info:
      stress-ng-version: 0.17.08
      run-by: root
      date-yyyy-mm-dd: 2024:06:08
      time-hh-mm-ss: 02:43:44
      epoch-secs: 1717814624
      hostname: 1f8ba661b89d
      sysname: Linux
      nodename: 1f8ba661b89d
      release: 6.8.0-1008-aws
      version: '#8-Ubuntu SMP Sat Apr 20 00:46:25 UTC 2024'
      machine: x86_64
      compiler: 'musl-gcc 13.2.1'
      uptime: 142
      totalram: 16555900928
      freeram: 12307890176
      sharedram: 40714240
      bufferram: 95793152
      totalswap: 0
      freeswap: 0
      pagesize: 4096
      cpus: 2
      cpus-online: 2
      ticks-per-second: 100

metrics:
    - stressor: cpu
      bogo-ops: 13792
      bogo-ops-per-second-usr-sys-time: 1379.183588
      bogo-ops-per-second-real-time: 1378.998459
      wall-clock-time: 10.001462
      user-time: 9.999119
      system-time: 0.001000
      cpu-usage-per-instance: 99.986577
      max-rss: 4048

...
