---
system-info:
      stress-ng-version: 0.17.08
      run-by: root
      date-yyyy-mm-dd: 2024:09:03
      time-hh-mm-ss: 07:06:15
      epoch-secs: 1725347175
      hostname: sc-runner
      sysname: Linux
      nodename: sc-runner
      release: 6.8.0-1013-azure
      version: '#15-Ubuntu SMP Thu Aug  8 18:40:40 UTC 2024'
      machine: x86_64
      compiler: 'musl-gcc 13.2.1'
      uptime: 349
      totalram: 67423424512
      freeram: 58834726912
      sharedram: 38162432
      bufferram: 213123072
      totalswap: 0
      freeswap: 0
      pagesize: 4096
      cpus: 8
      cpus-online: 8
      ticks-per-second: 100

metrics:
    - stressor: cpu
      bogo-ops: 216271
      bogo-ops-per-second-usr-sys-time: 1355.079467
      bogo-ops-per-second-real-time: 10813.510973
      wall-clock-time: 20.000072
      user-time: 159.587244
      system-time: 0.012990
      cpu-usage-per-instance: 99.749786
      max-rss: 3256

...
