BaselineInfo:
  WebDBID: -1
  TimeStamp: 20250829015314
Version:
  Major: 11
  Minor: 0
  Build: 1002
  SpecialBuildName: ""
  ptArchitecture: aarch64_linux
Results:
  Results Complete: true
  NumTestProcesses: 4
  CPU_INTEGER_MATH: 20842.523333333334
  CPU_FLOATINGPOINT_MATH: 24212.351292168445
  CPU_PRIME: 70.042534392468966
  CPU_SORTING: 18519.803616304056
  CPU_ENCRYPTION: 752.75778183293789
  CPU_COMPRESSION: 26468.451572422098
  CPU_SINGLETHREAD: 1942.8723034973714
  CPU_PHYSICS: 1369.5121489857349
  CPU_MATRIX_MULT_SSE: 3675.0679174296756
  CPU_mm: 455.32190157460184
  CPU_sse: 2882.1812091852235
  CPU_fma: 4467.9546256741287
  CPU_avx: 0
  CPU_avx512: 0
  m_CPU_enc_SHA: 1188817932.4271567
  m_CPU_enc_AES: 429031805.60469174
  m_CPU_enc_ECDSA: 750121493.49791551
  ME_ALLOC_S: 6069.3332430446335
  ME_READ_S: 20687.2158203125
  ME_READ_L: 20139.5546875
  ME_WRITE: 21281.634765625
  ME_LARGE: 21865.25
  ME_LATENCY: 47.737815240290793
  ME_THREADED: 77283.57421875
  SUMM_CPU: 3949.1135738314565
  SUMM_ME: 2999.0911994745493
SystemInformation:
  OSName: Ubuntu 24.04.2 LTS
  Kernel: 6.14.0-1011-aws
  Device: ""
  Processor: ARM Neoverse-V2 4 Core 0 MHz
  NumSockets: 1
  Manufacturer: ARM
  NumCores: 4
  NumLogicals: 4
  CPUFrequency: 0
  Memory: 31491
Checksum: FDF560D5BB13A363B6001DCEE3AD780A4F43201C