BaselineInfo:
  WebDBID: -1
  TimeStamp: 20260615225842
Version:
  Major: 11
  Minor: 0
  Build: 1004
  SpecialBuildName: ""
  ptArchitecture: x86_64_linux
Results:
  Results Complete: true
  NumTestProcesses: 2
  CPU_INTEGER_MATH: 12224.495999999999
  CPU_FLOATINGPOINT_MATH: 11156.415254884439
  CPU_PRIME: 38.481746355411701
  CPU_SORTING: 7726.8590340193678
  CPU_ENCRYPTION: 2604.6982473467938
  CPU_COMPRESSION: 52396.428901945226
  CPU_SINGLETHREAD: 2978.7734514995159
  CPU_PHYSICS: 706.35932705306777
  CPU_MATRIX_MULT_SSE: 4610.5565920355648
  CPU_mm: 510.21264944116797
  CPU_sse: 2292.7000379806814
  CPU_fma: 6802.2874552612884
  CPU_avx: 4736.6822828647246
  CPU_avx512: 0
  m_CPU_enc_SHA: 3634019137.3000326
  m_CPU_enc_AES: 2317907995.1539989
  m_CPU_enc_ECDSA: 2241745075.775703
  ME_ALLOC_S: 1120.5012291520145
  ME_READ_S: 27759.341015624999
  ME_READ_L: 26137.087890625
  ME_WRITE: 24470.607421875
  ME_LARGE: 8039
  ME_LATENCY: 69.581365305023652
  ME_THREADED: 51589.046875
  SUMM_CPU: 5470.6456640405895
  SUMM_ME: 2289.0084174333706
SystemInformation:
  OSName: Ubuntu 24.04.4 LTS
  Kernel: 6.8.0-124-generic
  Device: ""
  Processor: AMD EPYC-Milan Processor
  NumSockets: 1
  Manufacturer: AuthenticAMD
  NumCores: 1
  NumLogicals: 2
  CPUFrequency: 0
  CPUMaxFrequency: 0
  Memory: 15988
  CPUInfo:
    number: 1
    Family: 15
    Model: 1
    stepping: 1
    features: 395049983
    manufacture: AuthenticAMD
    typestring: AMD EPYC-Milan Processor
    iCoresPerPackage: 1
    iThreadsPerPackage: 2
    featuresEx:
      - 395049983
      - 4277809667
      - 802421759
    bHybrid: false
    nPCore: 0
    nLogicalsPerPCore: 0
    nECore: 0
    nLogicalsPerECore: 0
  MemModuleInfo:
    iNumMemSticks: 1
    DIMM 1:
      manufacturer: QEMU
      modulePartNo: Not Specified
      memType: RAM
      size: 16
      clkspeed: 0
      moduleVoltage: 0
Checksum: 7008CDEE4C8B928CF377607DA05D6ACE868FD7A9