---
system-info:
      stress-ng-version: 0.17.08
      run-by: root
      date-yyyy-mm-dd: 2024:07:11
      time-hh-mm-ss: 18:53:59
      epoch-secs: 1720724039
      hostname: ip-172-31-8-120
      sysname: Linux
      nodename: ip-172-31-8-120
      release: 6.8.0-1010-aws
      version: '#10-Ubuntu SMP Thu Jun 13 17:36:15 UTC 2024'
      machine: x86_64
      compiler: 'musl-gcc 13.2.1'
      uptime: 173
      totalram: 66368344064
      freeram: 60794216448
      sharedram: 18190336
      bufferram: 141135872
      totalswap: 0
      freeswap: 0
      pagesize: 4096
      cpus: 16
      cpus-online: 16
      ticks-per-second: 100

metrics:
    - stressor: cpu
      bogo-ops: 122639
      bogo-ops-per-second-usr-sys-time: 383.598658
      bogo-ops-per-second-real-time: 6131.888146
      wall-clock-time: 20.000202
      user-time: 319.679551
      system-time: 0.026990
      cpu-usage-per-instance: 99.907286
      max-rss: 1104

...
