BaselineInfo:
  WebDBID: -1
  TimeStamp: 20251202181822
Version:
  Major: 11
  Minor: 0
  Build: 1002
  SpecialBuildName: ""
  ptArchitecture: x86_64_linux
Results:
  Results Complete: true
  NumTestProcesses: 32
  CPU_INTEGER_MATH: 243621.30600000001
  CPU_FLOATINGPOINT_MATH: 243309.15563864339
  CPU_PRIME: 888.41064820646818
  CPU_SORTING: 144046.13475568959
  CPU_ENCRYPTION: 50642.294857557121
  CPU_COMPRESSION: 1056891.7647505377
  CPU_SINGLETHREAD: 3827.9822720315015
  CPU_PHYSICS: 11696.971622774481
  CPU_MATRIX_MULT_SSE: 96811.133009752302
  CPU_mm: 11464.184298612206
  CPU_sse: 35022.138068129898
  CPU_fma: 133337.01865016643
  CPU_avx: 70539.199163171055
  CPU_avx512: 148346.17615754169
  m_CPU_enc_SHA: 70275159141.860458
  m_CPU_enc_AES: 44012708478.954964
  m_CPU_enc_ECDSA: 45019017296.857964
  ME_ALLOC_S: 41207.150927104471
  ME_READ_S: 33847.283007812497
  ME_READ_L: 32662.619140625
  ME_WRITE: 32782.53515625
  ME_LARGE: 50678.25
  ME_LATENCY: 83.358161039099073
  ME_THREADED: 243433.6630859375
  SUMM_CPU: 80093.817612705519
  SUMM_ME: 2830.1312425323058
SystemInformation:
  OSName: Ubuntu 24.04.2 LTS
  Kernel: 6.14.0-1017-aws
  Device: ""
  Processor: AMD EPYC 9R45
  NumSockets: 1
  Manufacturer: AuthenticAMD
  NumCores: 32
  NumLogicals: 32
  CPUFrequency: 0
  Memory: 63082
  MemModuleInfo:
    iNumMemSticks: 1
    DIMM 1:
      manufacturer: Not Specified
      modulePartNo: Not Specified
      memType: DDR5
      size: 64
      clkspeed: 3200
      moduleVoltage: 0
Checksum: C793F93D26E7DEFB275DC95203D635D400D8CBB2