---
system-info:
      stress-ng-version: 0.17.08
      run-by: root
      date-yyyy-mm-dd: 2024:09:16
      time-hh-mm-ss: 00:36:08
      epoch-secs: 1726446968
      hostname: sc-runner
      sysname: Linux
      nodename: sc-runner
      release: 6.8.0-1014-azure
      version: '#16-Ubuntu SMP Thu Aug 15 20:04:41 UTC 2024'
      machine: x86_64
      compiler: 'musl-gcc 13.2.1'
      uptime: 272
      totalram: 16765030400
      freeram: 6704824320
      sharedram: 54906880
      bufferram: 222461952
      totalswap: 0
      freeswap: 0
      pagesize: 4096
      cpus: 4
      cpus-online: 4
      ticks-per-second: 100

metrics:
    - stressor: cpu
      bogo-ops: 77426
      bogo-ops-per-second-usr-sys-time: 972.033309
      bogo-ops-per-second-real-time: 3871.280340
      wall-clock-time: 20.000102
      user-time: 79.646657
      system-time: 0.006992
      cpu-usage-per-instance: 99.566556
      max-rss: 1104

...
