BaselineInfo:
  WebDBID: -1
  TimeStamp: 20260404165925
Version:
  Major: 11
  Minor: 0
  Build: 1004
  SpecialBuildName: ""
  ptArchitecture: x86_64_linux
Results:
  Results Complete: true
  NumTestProcesses: 12
  CPU_INTEGER_MATH: 41839.305999999997
  CPU_FLOATINGPOINT_MATH: 22446.908322219806
  CPU_PRIME: 67.375993440442542
  CPU_SORTING: 25598.795268238202
  CPU_ENCRYPTION: 5801.1150322507847
  CPU_COMPRESSION: 192570.46321549392
  CPU_SINGLETHREAD: 2344.0427416411057
  CPU_PHYSICS: 1257.9764339173259
  CPU_MATRIX_MULT_SSE: 11033.975191140393
  CPU_mm: 1271.1889641813555
  CPU_sse: 4588.348237660819
  CPU_fma: 13495.820750509594
  CPU_avx: 9538.4972183415866
  CPU_avx512: 16513.234558049571
  m_CPU_enc_SHA: 1890521675.451324
  m_CPU_enc_AES: 14642924131.865889
  m_CPU_enc_ECDSA: 1715284180.8549848
  ME_ALLOC_S: 4736.0091454277799
  ME_READ_S: 26247.9521484375
  ME_READ_L: 10203.93359375
  ME_WRITE: 9198.0458984375
  ME_LARGE: 81495.583333333328
  ME_LATENCY: 49.54863614494483
  ME_THREADED: 64273.43359375
  SUMM_CPU: 13872.983857012712
  SUMM_ME: 2588.4910427862142
SystemInformation:
  OSName: Ubuntu 24.04.4 LTS
  Kernel: 6.8.0-106-generic
  Device: ""
  Processor: Intel(R) Xeon(R) Platinum 8369HB CPU @ 3.30GHz
  NumSockets: 1
  Manufacturer: GenuineIntel
  NumCores: 6
  NumLogicals: 12
  CPUFrequency: 0
  CPUMaxFrequency: 0
  Memory: 94517
  CPUInfo:
    number: 1
    Family: 6
    Model: 5
    stepping: 11
    features: 529267711
    manufacture: GenuineIntel
    typestring: Intel(R) Xeon(R) Platinum 8369HB CPU @ 3.30GHz
    iCoresPerPackage: 6
    iThreadsPerPackage: 2
    featuresEx:
      - 529267711
      - 4277809667
      - 739248128
    bHybrid: false
    nPCore: 0
    nLogicalsPerPCore: 0
    nECore: 0
    nLogicalsPerECore: 0
  MemModuleInfo:
    iNumMemSticks: 6
    DIMM 1:
      manufacturer: Alibaba Cloud
      modulePartNo: Not Specified
      memType: RAM
      size: 16
      clkspeed: 0
      moduleVoltage: 0
    DIMM 2:
      manufacturer: Alibaba Cloud
      modulePartNo: Not Specified
      memType: RAM
      size: 16
      clkspeed: 0
      moduleVoltage: 0
    DIMM 3:
      manufacturer: Alibaba Cloud
      modulePartNo: Not Specified
      memType: RAM
      size: 16
      clkspeed: 0
      moduleVoltage: 0
    DIMM 4:
      manufacturer: Alibaba Cloud
      modulePartNo: Not Specified
      memType: RAM
      size: 16
      clkspeed: 0
      moduleVoltage: 0
    DIMM 5:
      manufacturer: Alibaba Cloud
      modulePartNo: Not Specified
      memType: RAM
      size: 16
      clkspeed: 0
      moduleVoltage: 0
    DIMM 6:
      manufacturer: Alibaba Cloud
      modulePartNo: Not Specified
      memType: RAM
      size: 16
      clkspeed: 0
      moduleVoltage: 0
Checksum: C79C069A9D7890BE4506B44AD6B36B5D0839DC57