BaselineInfo:
  WebDBID: -1
  TimeStamp: 20251016185850
Version:
  Major: 11
  Minor: 0
  Build: 1002
  SpecialBuildName: ""
  ptArchitecture: x86_64_linux
Results:
  Results Complete: true
  NumTestProcesses: 1
  CPU_INTEGER_MATH: 5922.6306666666669
  CPU_FLOATINGPOINT_MATH: 5203.8377835406145
  CPU_PRIME: 18.991625832759855
  CPU_SORTING: 3696.1382390438671
  CPU_ENCRYPTION: 1272.2652039520171
  CPU_COMPRESSION: 25469.816970718719
  CPU_SINGLETHREAD: 2761.1948812382088
  CPU_PHYSICS: 339.13747153309174
  CPU_MATRIX_MULT_SSE: 2249.5669211763593
  CPU_mm: 255.91402232717112
  CPU_sse: 1133.6356171428702
  CPU_fma: 3347.1298902523863
  CPU_avx: 2877.6310254732507
  CPU_avx512: 1639.8711518369294
  m_CPU_enc_SHA: 1765989282.6118968
  m_CPU_enc_AES: 1116575691.8611176
  m_CPU_enc_ECDSA: 1119635301.0245569
  ME_ALLOC_S: 1004.9522864439268
  ME_READ_S: 27028.944531249999
  ME_READ_L: 26253.19921875
  ME_WRITE: 26000.25
  ME_LARGE: 539
  ME_LATENCY: 78.204963594718322
  ME_THREADED: 26501.509765625
  SUMM_CPU: 2673.9904636302126
  SUMM_ME: 954.92274368989627
SystemInformation:
  OSName: Ubuntu 24.04.2 LTS
  Kernel: 6.8.0-71-generic
  Device: ""
  Processor: AMD EPYC-Genoa Processor
  NumSockets: 1
  Manufacturer: AuthenticAMD
  NumCores: 1
  NumLogicals: 1
  CPUFrequency: 0
  Memory: 1915
  MemModuleInfo:
    iNumMemSticks: 1
    DIMM 1:
      manufacturer: QEMU
      modulePartNo: Not Specified
      memType: RAM
      size: 2000
      clkspeed: 0
      moduleVoltage: 0
Checksum: 07BD8E589E22A344A4B6BD87AE446414BAF44F82