---
system-info:
      stress-ng-version: 0.17.08
      run-by: root
      date-yyyy-mm-dd: 2024:09:21
      time-hh-mm-ss: 10:47:40
      epoch-secs: 1726915660
      hostname: sc-runner
      sysname: Linux
      nodename: sc-runner
      release: 6.8.0-1014-azure
      version: '#16-Ubuntu SMP Thu Aug 15 20:04:41 UTC 2024'
      machine: x86_64
      compiler: 'musl-gcc 13.2.1'
      uptime: 318
      totalram: 67424833536
      freeram: 57155289088
      sharedram: 38117376
      bufferram: 257466368
      totalswap: 0
      freeswap: 0
      pagesize: 4096
      cpus: 4
      cpus-online: 4
      ticks-per-second: 100

metrics:
    - stressor: cpu
      bogo-ops: 107790
      bogo-ops-per-second-usr-sys-time: 1354.425904
      bogo-ops-per-second-real-time: 5389.480340
      wall-clock-time: 20.000073
      user-time: 79.565548
      system-time: 0.017986
      cpu-usage-per-instance: 99.479055
      max-rss: 3124

...
