BaselineInfo:
  WebDBID: -1
  TimeStamp: 20241109095711
Version:
  Major: 11
  Minor: 0
  Build: 1002
  SpecialBuildName: ""
  ptArchitecture: x86_64_linux
Results:
  Results Complete: true
  NumTestProcesses: 64
  CPU_INTEGER_MATH: 269381.78633333335
  CPU_FLOATINGPOINT_MATH: 137699.05582395403
  CPU_PRIME: 386.52392984536544
  CPU_SORTING: 136956.96620825879
  CPU_ENCRYPTION: 58517.163507185345
  CPU_COMPRESSION: 981588.50723518641
  CPU_SINGLETHREAD: 2390.8548721777524
  CPU_PHYSICS: 6602.7061879716293
  CPU_MATRIX_MULT_SSE: 56924.367513873804
  CPU_mm: 5800.6416022353615
  CPU_sse: 25567.254148174881
  CPU_fma: 70176.311800732496
  CPU_avx: 51827.396528558267
  CPU_avx512: 80126.507578029705
  m_CPU_enc_SHA: 59092964794.229027
  m_CPU_enc_AES: 88967397696.473526
  m_CPU_enc_ECDSA: 36018717234.428497
  ME_ALLOC_S: 30577.680528318102
  ME_READ_S: 24141.486328125
  ME_READ_L: 11943.2939453125
  ME_WRITE: 10704.662109375
  ME_LARGE: 116734
  ME_LATENCY: 51.868676425942851
  ME_THREADED: 224741.509765625
  SUMM_CPU: 60731.265622262792
  SUMM_ME: 2811.6431819779805
SystemInformation:
  OSName: Ubuntu 24.04.1 LTS
  Kernel: 6.8.0-1017-azure
  Device: ""
  Processor: Intel Xeon Platinum 8370C CPU @ 2.80GHz
  NumSockets: 2
  Manufacturer: GenuineIntel
  NumCores: 32
  NumLogicals: 64
  CPUFrequency: 2800
  Memory: 128885
  MemModuleInfo:
    iNumMemSticks: 4
    DIMM 1:
      manufacturer: Microsoft Corporation
      modulePartNo: None
      memType: Unknown
      size: 1
      clkspeed: 0
      moduleVoltage: 0
    DIMM 2:
      manufacturer: Microsoft Corporation
      modulePartNo: None
      memType: Unknown
      size: 59
      clkspeed: 0
      moduleVoltage: 0
    DIMM 3:
      manufacturer: Microsoft Corporation
      modulePartNo: None
      memType: Unknown
      size: 4
      clkspeed: 0
      moduleVoltage: 0
    DIMM 4:
      manufacturer: Microsoft Corporation
      modulePartNo: None
      memType: Unknown
      size: 64
      clkspeed: 0
      moduleVoltage: 0
Checksum: 07E97A1533EA4180AD137101FC99BD152FB9F445