BaselineInfo:
  WebDBID: -1
  TimeStamp: 20260620123014
Version:
  Major: 11
  Minor: 0
  Build: 1004
  SpecialBuildName: ""
  ptArchitecture: x86_64_linux
Results:
  Results Complete: true
  NumTestProcesses: 32
  CPU_INTEGER_MATH: 240605.51000000004
  CPU_FLOATINGPOINT_MATH: 239208.79700233086
  CPU_PRIME: 786.84590770841021
  CPU_SORTING: 126585.9376662157
  CPU_ENCRYPTION: 48447.217476239777
  CPU_COMPRESSION: 937070.53902968799
  CPU_SINGLETHREAD: 3801.4931904127407
  CPU_PHYSICS: 10808.670011060623
  CPU_MATRIX_MULT_SSE: 81333.173979722589
  CPU_mm: 9590.688581408529
  CPU_sse: 30112.702331200242
  CPU_fma: 109266.84562159819
  CPU_avx: 61487.39787905378
  CPU_avx512: 124465.75008703821
  m_CPU_enc_SHA: 67601539897.306801
  m_CPU_enc_AES: 42711363072.886162
  m_CPU_enc_ECDSA: 42088865566.903854
  ME_ALLOC_S: 36918.926781089482
  ME_READ_S: 33908.101171875001
  ME_READ_L: 29957.3046875
  ME_WRITE: 28875.4375
  ME_LARGE: 55226.416666666664
  ME_LATENCY: 80.205302623318445
  ME_THREADED: 232588.228515625
  SUMM_CPU: 75464.669138182056
  SUMM_ME: 2871.9581827605907
SystemInformation:
  OSName: Ubuntu 24.04.4 LTS
  Kernel: 6.17.0-1018-azure
  Device: ""
  Processor: "AMD EPYC 9V45 96-Core Processor                "
  NumSockets: 1
  Manufacturer: AuthenticAMD
  NumCores: 32
  NumLogicals: 32
  CPUFrequency: 0
  CPUMaxFrequency: 0
  Memory: 64292
  CPUInfo:
    number: 1
    Family: 15
    Model: 2
    stepping: 1
    features: 395049983
    manufacture: AuthenticAMD
    typestring: "AMD EPYC 9V45 96-Core Processor                "
    iCoresPerPackage: 32
    iThreadsPerPackage: 1
    featuresEx:
      - 395049983
      - 4277809667
      - 802421759
    bHybrid: false
    nPCore: 0
    nLogicalsPerPCore: 0
    nECore: 0
    nLogicalsPerECore: 0
  MemModuleInfo:
    iNumMemSticks: 3
    DIMM 1:
      manufacturer: Microsoft Corporation
      modulePartNo: None
      memType: Unknown
      size: 1
      clkspeed: 0
      moduleVoltage: 0
    DIMM 2:
      manufacturer: Microsoft Corporation
      modulePartNo: None
      memType: Unknown
      size: 59
      clkspeed: 0
      moduleVoltage: 0
    DIMM 3:
      manufacturer: Microsoft Corporation
      modulePartNo: None
      memType: Unknown
      size: 4
      clkspeed: 0
      moduleVoltage: 0
Checksum: C0BDA45F317DD4A249D7007C1109D95B655057B6