BaselineInfo:
  WebDBID: -1
  TimeStamp: 20260120235406
Version:
  Major: 11
  Minor: 0
  Build: 1004
  SpecialBuildName: ""
  ptArchitecture: x86_64_linux
Results:
  Results Complete: true
  NumTestProcesses: 2
  CPU_INTEGER_MATH: 8219.7883333333339
  CPU_FLOATINGPOINT_MATH: 4527.9309012293434
  CPU_PRIME: 17.980926620744768
  CPU_SORTING: 4519.8023802577181
  CPU_ENCRYPTION: 2131.7010022680165
  CPU_COMPRESSION: 32311.871205040457
  CPU_SINGLETHREAD: 2286.789782347827
  CPU_PHYSICS: 375.84751258255318
  CPU_MATRIX_MULT_SSE: 1733.8183265798207
  CPU_mm: 222.30253330552452
  CPU_sse: 945.11103531623701
  CPU_fma: 2562.7562299731489
  CPU_avx: 1693.587714450076
  CPU_avx512: 0
  m_CPU_enc_SHA: 3084313939.5789804
  m_CPU_enc_AES: 1975936604.2426167
  m_CPU_enc_ECDSA: 1645500986.6409659
  ME_ALLOC_S: 908.63536309274559
  ME_READ_S: 23138.1142578125
  ME_READ_L: 16036.763671875
  ME_WRITE: 12909.01171875
  ME_LARGE: 1112
  ME_LATENCY: 62.17400426006045
  ME_THREADED: 21668.5029296875
  SUMM_CPU: 3093.018938608996
  SUMM_ME: 1317.9130803903863
SystemInformation:
  OSName: Ubuntu 24.04.3 LTS
  Kernel: 6.8.0-90-generic
  Device: ""
  Processor: "AMD EPYC 7T83 64-Core Processor                "
  NumSockets: 1
  Manufacturer: AuthenticAMD
  NumCores: 1
  NumLogicals: 2
  CPUFrequency: 0
  CPUMaxFrequency: 0
  Memory: 3516
  CPUInfo:
    number: 1
    Family: 15
    Model: 1
    stepping: 1
    features: 395049983
    manufacture: AuthenticAMD
    typestring: "AMD EPYC 7T83 64-Core Processor                "
    iCoresPerPackage: 1
    iThreadsPerPackage: 2
    featuresEx:
      - 395049983
      - 4277809667
      - 802421759
    bHybrid: false
    nPCore: 0
    nLogicalsPerPCore: 0
    nECore: 0
    nLogicalsPerECore: 0
  MemModuleInfo:
    iNumMemSticks: 1
    DIMM 1:
      manufacturer: Alibaba Cloud
      modulePartNo: Not Specified
      memType: RAM
      size: 4
      clkspeed: 0
      moduleVoltage: 0
Checksum: AED8CDA814264B40F0BA4AF4410A22E3FAB725B5