---
system-info:
      stress-ng-version: 0.17.08
      run-by: root
      date-yyyy-mm-dd: 2024:06:07
      time-hh-mm-ss: 12:40:47
      epoch-secs: 1717764047
      hostname: bd0d84bebfb4
      sysname: Linux
      nodename: bd0d84bebfb4
      release: 6.8.0-1008-aws
      version: '#8-Ubuntu SMP Sat Apr 20 00:46:25 UTC 2024'
      machine: x86_64
      compiler: 'musl-gcc 13.2.1'
      uptime: 134
      totalram: 33265278976
      freeram: 29047324672
      sharedram: 40747008
      bufferram: 90566656
      totalswap: 0
      freeswap: 0
      pagesize: 4096
      cpus: 4
      cpus-online: 4
      ticks-per-second: 100

metrics:
    - stressor: cpu
      bogo-ops: 39949
      bogo-ops-per-second-usr-sys-time: 1004.960200
      bogo-ops-per-second-real-time: 3994.278784
      wall-clock-time: 10.001555
      user-time: 39.727864
      system-time: 0.023959
      cpu-usage-per-instance: 99.364104
      max-rss: 4048

...
