---
system-info:
      stress-ng-version: 0.17.08
      run-by: root
      date-yyyy-mm-dd: 2024:06:13
      time-hh-mm-ss: 08:55:16
      epoch-secs: 1718268916
      hostname: bc8d67778c48
      sysname: Linux
      nodename: bc8d67778c48
      release: 6.8.0-1008-aws
      version: '#8-Ubuntu SMP Sat Apr 20 00:46:25 UTC 2024'
      machine: x86_64
      compiler: 'musl-gcc 13.2.1'
      uptime: 153
      totalram: 33265283072
      freeram: 28913008640
      sharedram: 40747008
      bufferram: 105582592
      totalswap: 0
      freeswap: 0
      pagesize: 4096
      cpus: 4
      cpus-online: 4
      ticks-per-second: 100

metrics:
    - stressor: cpu
      bogo-ops: 67166
      bogo-ops-per-second-usr-sys-time: 844.498766
      bogo-ops-per-second-real-time: 3358.274509
      wall-clock-time: 20.000152
      user-time: 79.518581
      system-time: 0.014987
      cpu-usage-per-instance: 99.416205
      max-rss: 976

...
