BaselineInfo:
  WebDBID: -1
  TimeStamp: 20260403234110
Version:
  Major: 11
  Minor: 0
  Build: 1004
  SpecialBuildName: ""
  ptArchitecture: x86_64_linux
Results:
  Results Complete: true
  NumTestProcesses: 2
  CPU_INTEGER_MATH: 8376.3670000000002
  CPU_FLOATINGPOINT_MATH: 4285.7700907506805
  CPU_PRIME: 18.126854237067874
  CPU_SORTING: 4432.2214529916237
  CPU_ENCRYPTION: 1809.9880160163266
  CPU_COMPRESSION: 32137.866473754264
  CPU_SINGLETHREAD: 2297.9006946796962
  CPU_PHYSICS: 364.44979652227846
  CPU_MATRIX_MULT_SSE: 1670.0672697786993
  CPU_mm: 180.77817705921638
  CPU_sse: 795.42790266695874
  CPU_fma: 2181.8205972385767
  CPU_avx: 1615.1573929305787
  CPU_avx512: 2087.8631862786833
  m_CPU_enc_SHA: 1817662824.6273012
  m_CPU_enc_AES: 2752874624.9677792
  m_CPU_enc_ECDSA: 1123192532.0519266
  ME_ALLOC_S: 1027.3334875109263
  ME_READ_S: 23877.1416015625
  ME_READ_L: 11695.9091796875
  ME_WRITE: 10783.9443359375
  ME_LARGE: 2642.25
  ME_LATENCY: 54.538197242892316
  ME_THREADED: 15824.0029296875
  SUMM_CPU: 2985.1245378991862
  SUMM_ME: 1652.906566685429
SystemInformation:
  OSName: Ubuntu 24.04.4 LTS
  Kernel: 6.8.0-106-generic
  Device: ""
  Processor: Intel(R) Xeon(R) Platinum 8369B CPU @ 2.90GHz
  NumSockets: 1
  Manufacturer: GenuineIntel
  NumCores: 1
  NumLogicals: 2
  CPUFrequency: 0
  CPUMaxFrequency: 0
  Memory: 15323
  CPUInfo:
    number: 1
    Family: 6
    Model: 10
    stepping: 6
    features: 529267711
    manufacture: GenuineIntel
    typestring: Intel(R) Xeon(R) Platinum 8369B CPU @ 2.90GHz
    iCoresPerPackage: 1
    iThreadsPerPackage: 2
    featuresEx:
      - 529267711
      - 4277809667
      - 739248128
    bHybrid: false
    nPCore: 0
    nLogicalsPerPCore: 0
    nECore: 0
    nLogicalsPerECore: 0
  MemModuleInfo:
    iNumMemSticks: 1
    DIMM 1:
      manufacturer: Alibaba Cloud
      modulePartNo: Not Specified
      memType: RAM
      size: 16
      clkspeed: 0
      moduleVoltage: 0
Checksum: 5DC39CA4B243A570B9FC362A299A75FF8125047C