BaselineInfo:
  WebDBID: -1
  TimeStamp: 20241107211625
Version:
  Major: 11
  Minor: 0
  Build: 1002
  SpecialBuildName: ""
  ptArchitecture: x86_64_linux
Results:
  Results Complete: true
  NumTestProcesses: 8
  CPU_INTEGER_MATH: 35716.668333333335
  CPU_FLOATINGPOINT_MATH: 25452.885209622855
  CPU_PRIME: 66.978063024537164
  CPU_SORTING: 17490.877779859409
  CPU_ENCRYPTION: 7772.1808006620222
  CPU_COMPRESSION: 128605.89729236883
  CPU_SINGLETHREAD: 2770.4486923063482
  CPU_PHYSICS: 1610.2067097107488
  CPU_MATRIX_MULT_SSE: 8377.2373594872552
  CPU_mm: 968.02012078518294
  CPU_sse: 4178.1464718311863
  CPU_fma: 9455.4742527434337
  CPU_avx: 7570.8240344020478
  CPU_avx512: 12304.504678972349
  m_CPU_enc_SHA: 8242468885.0466137
  m_CPU_enc_AES: 10641856929.224329
  m_CPU_enc_ECDSA: 5564840951.434001
  ME_ALLOC_S: 3851.3878225808921
  ME_READ_S: 25394.5654296875
  ME_READ_L: 8624.287109375
  ME_WRITE: 11965.447265625
  ME_LARGE: 21460.583333333332
  ME_LATENCY: 86.839557755934763
  ME_THREADED: 43768.26953125
  SUMM_CPU: 12760.627936798484
  SUMM_ME: 1912.3429226911087
SystemInformation:
  OSName: Ubuntu 24.04.1 LTS
  Kernel: 6.8.0-1016-aws
  Device: ""
  Processor: Intel Xeon Platinum 8488C
  NumSockets: 1
  Manufacturer: GenuineIntel
  NumCores: 4
  NumLogicals: 8
  CPUFrequency: 0
  Memory: 31556
  MemModuleInfo:
    iNumMemSticks: 1
    DIMM 1:
      manufacturer: Not Specified
      modulePartNo: Not Specified
      memType: DDR5
      size: 32
      clkspeed: 2400
      moduleVoltage: 0
Checksum: 1F20510B116126438F618DE1B2CB4179A814DEC8