BaselineInfo:
  WebDBID: -1
  TimeStamp: 20260619101308
Version:
  Major: 11
  Minor: 0
  Build: 1004
  SpecialBuildName: ""
  ptArchitecture: x86_64_linux
Results:
  Results Complete: true
  NumTestProcesses: 2
  CPU_INTEGER_MATH: 10688.600333333332
  CPU_FLOATINGPOINT_MATH: 7775.3089232072871
  CPU_PRIME: 23.058798758184906
  CPU_SORTING: 5569.4204313398668
  CPU_ENCRYPTION: 2393.6283014706469
  CPU_COMPRESSION: 43013.930359718768
  CPU_SINGLETHREAD: 3346.8008154076001
  CPU_PHYSICS: 503.12899098268338
  CPU_MATRIX_MULT_SSE: 2670.8604183101179
  CPU_mm: 297.72904218993756
  CPU_sse: 1288.0978733912971
  CPU_fma: 3400.3646430511026
  CPU_avx: 2552.4954499702526
  CPU_avx512: 3442.4837068278212
  m_CPU_enc_SHA: 2501147411.8292923
  m_CPU_enc_AES: 3253009767.3618202
  m_CPU_enc_ECDSA: 1775546390.3375418
  ME_ALLOC_S: 1257.1895229243196
  ME_READ_S: 29934.677539062501
  ME_READ_L: 19350.087890625
  ME_WRITE: 8290.3095703125
  ME_LARGE: 7856
  ME_LATENCY: 77.217788282237635
  ME_THREADED: 24058.8193359375
  SUMM_CPU: 4226.6498422643535
  SUMM_ME: 1898.7723160926275
SystemInformation:
  OSName: Ubuntu 24.04.4 LTS
  Kernel: 6.17.0-1018-azure
  Device: ""
  Processor: Intel(R) Xeon(R) 6973P-C
  NumSockets: 1
  Manufacturer: GenuineIntel
  NumCores: 1
  NumLogicals: 2
  CPUFrequency: 2600
  CPUMaxFrequency: 2600
  Memory: 15989
  CPUInfo:
    number: 1
    Family: 6
    Model: 13
    stepping: 1
    features: 529267711
    manufacture: GenuineIntel
    typestring: Intel(R) Xeon(R) 6973P-C
    iCoresPerPackage: 1
    iThreadsPerPackage: 2
    featuresEx:
      - 529267711
      - 4294586915
      - 739248128
    bHybrid: false
    nPCore: 0
    nLogicalsPerPCore: 0
    nECore: 0
    nLogicalsPerECore: 0
  MemModuleInfo:
    iNumMemSticks: 2
    DIMM 1:
      manufacturer: Microsoft Corporation
      modulePartNo: None
      memType: Unknown
      size: 1
      clkspeed: 0
      moduleVoltage: 0
    DIMM 2:
      manufacturer: Microsoft Corporation
      modulePartNo: None
      memType: Unknown
      size: 15
      clkspeed: 0
      moduleVoltage: 0
Checksum: 8AAA2620312F4B6F9F257319D5918A5C7BD153C5