---
system-info:
      stress-ng-version: 0.17.08
      run-by: root
      date-yyyy-mm-dd: 2024:09:16
      time-hh-mm-ss: 12:19:37
      epoch-secs: 1726489177
      hostname: sc-runner
      sysname: Linux
      nodename: sc-runner
      release: 6.8.0-1014-azure
      version: '#16-Ubuntu SMP Thu Aug 15 21:06:50 UTC 2024'
      machine: aarch64
      compiler: 'musl-gcc 13.2.1'
      uptime: 329
      totalram: 67292835840
      freeram: 57127120896
      sharedram: 38158336
      bufferram: 227258368
      totalswap: 0
      freeswap: 0
      pagesize: 4096
      cpus: 16
      cpus-online: 16
      ticks-per-second: 100

metrics:
    - stressor: cpu
      bogo-ops: 36455
      bogo-ops-per-second-usr-sys-time: 1822.729768
      bogo-ops-per-second-real-time: 1822.740483
      wall-clock-time: 20.000104
      user-time: 20.000222
      system-time: 0.000000
      cpu-usage-per-instance: 100.000588
      max-rss: 1192

...
