---
system-info:
      stress-ng-version: 0.17.08
      run-by: root
      date-yyyy-mm-dd: 2024:09:03
      time-hh-mm-ss: 07:59:02
      epoch-secs: 1725350342
      hostname: sc-runner
      sysname: Linux
      nodename: sc-runner
      release: 6.8.0-1013-azure
      version: '#15-Ubuntu SMP Thu Aug  8 18:40:40 UTC 2024'
      machine: x86_64
      compiler: 'musl-gcc 13.2.1'
      uptime: 376
      totalram: 29425188864
      freeram: 20876931072
      sharedram: 42172416
      bufferram: 215842816
      totalswap: 0
      freeswap: 0
      pagesize: 4096
      cpus: 4
      cpus-online: 4
      ticks-per-second: 100

metrics:
    - stressor: cpu
      bogo-ops: 82451
      bogo-ops-per-second-usr-sys-time: 1036.957731
      bogo-ops-per-second-real-time: 4122.526116
      wall-clock-time: 20.000116
      user-time: 79.487429
      system-time: 0.024973
      cpu-usage-per-instance: 99.389927
      max-rss: 3256

...
