---
system-info:
      stress-ng-version: 0.17.08
      run-by: root
      date-yyyy-mm-dd: 2024:07:02
      time-hh-mm-ss: 23:51:40
      epoch-secs: 1719964300
      hostname: c3d-standard-60-lssd-da1d658
      sysname: Linux
      nodename: c3d-standard-60-lssd-da1d658
      release: 6.8.0-1009-gcp
      version: '#10-Ubuntu SMP Wed Jun 12 18:52:23 UTC 2024'
      machine: x86_64
      compiler: 'musl-gcc 13.2.1'
      uptime: 147
      totalram: 253328830464
      freeram: 247889031168
      sharedram: 35225600
      bufferram: 130334720
      totalswap: 0
      freeswap: 0
      pagesize: 4096
      cpus: 60
      cpus-online: 60
      ticks-per-second: 100

metrics:
    - stressor: cpu
      bogo-ops: 57265
      bogo-ops-per-second-usr-sys-time: 2863.314425
      bogo-ops-per-second-real-time: 2863.240716
      wall-clock-time: 20.000065
      user-time: 19.999550
      system-time: 0.000000
      cpu-usage-per-instance: 99.997426
      max-rss: 480

...
