BaselineInfo:
  WebDBID: -1
  TimeStamp: 20260616203815
Version:
  Major: 11
  Minor: 0
  Build: 1004
  SpecialBuildName: ""
  ptArchitecture: x86_64_linux
Results:
  Results Complete: true
  NumTestProcesses: 2
  CPU_INTEGER_MATH: 5804.8180000000002
  CPU_FLOATINGPOINT_MATH: 3118.8666010798543
  CPU_PRIME: 14.954183233286834
  CPU_SORTING: 3659.8468973571344
  CPU_ENCRYPTION: 802.57673215820773
  CPU_COMPRESSION: 26757.697364755699
  CPU_SINGLETHREAD: 1927.2031587222177
  CPU_PHYSICS: 277.04335977363337
  CPU_MATRIX_MULT_SSE: 1490.4637377866479
  CPU_mm: 175.88225967377292
  CPU_sse: 633.48614549613126
  CPU_fma: 1950.3444318242507
  CPU_avx: 1379.3650987130798
  CPU_avx512: 1998.65927511313
  m_CPU_enc_SHA: 262783251.04821295
  m_CPU_enc_AES: 2026004644.8004799
  m_CPU_enc_ECDSA: 235900202.64988166
  ME_ALLOC_S: 708.59442210424186
  ME_READ_S: 22439.140234375001
  ME_READ_L: 9836.87109375
  ME_WRITE: 9489.2021484375
  ME_LARGE: 2161
  ME_LATENCY: 55.066263019699228
  ME_THREADED: 12143.45751953125
  SUMM_CPU: 2138.8487920938305
  SUMM_ME: 1418.0080852370802
SystemInformation:
  OSName: Ubuntu 24.04.4 LTS
  Kernel: 6.8.0-117-generic
  Device: ""
  Processor: Intel(R) Xeon(R) Platinum 8269CY CPU @ 2.50GHz
  NumSockets: 1
  Manufacturer: GenuineIntel
  NumCores: 1
  NumLogicals: 2
  CPUFrequency: 0
  CPUMaxFrequency: 0
  Memory: 3499
  CPUInfo:
    number: 1
    Family: 6
    Model: 5
    stepping: 7
    features: 529267711
    manufacture: GenuineIntel
    typestring: Intel(R) Xeon(R) Platinum 8269CY CPU @ 2.50GHz
    iCoresPerPackage: 1
    iThreadsPerPackage: 2
    featuresEx:
      - 529267711
      - 4277809667
      - 739248128
    bHybrid: false
    nPCore: 0
    nLogicalsPerPCore: 0
    nECore: 0
    nLogicalsPerECore: 0
  MemModuleInfo:
    iNumMemSticks: 1
    DIMM 1:
      manufacturer: Alibaba Cloud
      modulePartNo: Not Specified
      memType: RAM
      size: 4
      clkspeed: 0
      moduleVoltage: 0
Checksum: 27D8C37290A31FECE08ECED220DE87A80FC43140