BaselineInfo:
  WebDBID: -1
  TimeStamp: 20241107090203
Version:
  Major: 11
  Minor: 0
  Build: 1002
  SpecialBuildName: ""
  ptArchitecture: x86_64_linux
Results:
  Results Complete: true
  NumTestProcesses: 2
  CPU_INTEGER_MATH: 4369.434666666667
  CPU_FLOATINGPOINT_MATH: 2684.5308218746904
  CPU_PRIME: 10.682152776588147
  CPU_SORTING: 2354.4329589688418
  CPU_ENCRYPTION: 596.19157339633091
  CPU_COMPRESSION: 20557.161946926466
  CPU_SINGLETHREAD: 1249.331731952203
  CPU_PHYSICS: 218.90137797768404
  CPU_MATRIX_MULT_SSE: 565.78957189371704
  CPU_mm: 160.38490527157063
  CPU_sse: 565.78957189371704
  CPU_fma: 0
  CPU_avx: 0
  CPU_avx512: 0
  m_CPU_enc_SHA: 231440754.68402034
  m_CPU_enc_AES: 1441620597.2592175
  m_CPU_enc_ECDSA: 202395173.85365555
  ME_ALLOC_S: 672.57272750398806
  ME_READ_S: 15629.479296875001
  ME_READ_L: 6790.220703125
  ME_WRITE: 6629.60009765625
  ME_LARGE: 649.25
  ME_LATENCY: 78.419224250870954
  ME_THREADED: 9979.52197265625
  SUMM_CPU: 1433.1749705202374
  SUMM_ME: 804.82375730245133
SystemInformation:
  OSName: Ubuntu 24.04.1 LTS
  Kernel: 6.8.0-1016-aws
  Device: ""
  Processor: Intel Xeon CPU E5-2651 v2 @ 1.80GHz
  NumSockets: 1
  Manufacturer: GenuineIntel
  NumCores: 2
  NumLogicals: 2
  CPUFrequency: 0
  Memory: 1659
  MemModuleInfo:
    iNumMemSticks: 1
    DIMM 1:
      manufacturer: Not Specified
      modulePartNo: Not Specified
      memType: RAM
      size: 1740
      clkspeed: 0
      moduleVoltage: 0
Checksum: 8BFB6258BBF86095CB7924D689485A0636B997D5