BaselineInfo:
  WebDBID: -1
  TimeStamp: 20241110162317
Version:
  Major: 11
  Minor: 0
  Build: 1002
  SpecialBuildName: ""
  ptArchitecture: x86_64_linux
Results:
  Results Complete: true
  NumTestProcesses: 96
  CPU_INTEGER_MATH: 272186.07333333325
  CPU_FLOATINGPOINT_MATH: 145837.0941698364
  CPU_PRIME: 346.50438767796737
  CPU_SORTING: 137334.90903868328
  CPU_ENCRYPTION: 37142.269122582329
  CPU_COMPRESSION: 1187619.4045707867
  CPU_SINGLETHREAD: 1961.1650955324476
  CPU_PHYSICS: 5093.4936885065372
  CPU_MATRIX_MULT_SSE: 75037.538055413839
  CPU_mm: 8284.1363133867144
  CPU_sse: 29862.278143817544
  CPU_fma: 87896.989428628527
  CPU_avx: 61965.297671004046
  CPU_avx512: 120425.58697820516
  m_CPU_enc_SHA: 12255768460.544104
  m_CPU_enc_AES: 93624494989.510605
  m_CPU_enc_ECDSA: 10959212512.387964
  ME_ALLOC_S: 21592.031424053308
  ME_READ_S: 23488.590625000001
  ME_READ_L: 9885.0517578125
  ME_WRITE: 9710.1416015625
  ME_LARGE: 752072.5
  ME_LATENCY: 52.883339475570665
  ME_THREADED: 217742.08447265625
  SUMM_CPU: 55934.802008205384
  SUMM_ME: 2640.3462721631645
SystemInformation:
  OSName: Ubuntu 24.04.1 LTS
  Kernel: 6.8.0-1016-aws
  Device: ""
  Processor: Intel Xeon Platinum 8259CL CPU @ 2.50GHz
  NumSockets: 2
  Manufacturer: GenuineIntel
  NumCores: 48
  NumLogicals: 96
  CPUFrequency: 0
  Memory: 765865
  MemModuleInfo:
    iNumMemSticks: 2
    DIMM 1:
      manufacturer: Not Specified
      modulePartNo: Not Specified
      memType: DDR4
      size: 384
      clkspeed: 1600
      moduleVoltage: 0
    DIMM 2:
      manufacturer: Not Specified
      modulePartNo: Not Specified
      memType: DDR4
      size: 384
      clkspeed: 1600
      moduleVoltage: 0
Checksum: 2A9F906358D0A7E40614FE946386019B8BAA136A