---
system-info:
      stress-ng-version: 0.17.08
      run-by: root
      date-yyyy-mm-dd: 2024:06:14
      time-hh-mm-ss: 07:19:49
      epoch-secs: 1718349589
      hostname: 3afffa0150b5
      sysname: Linux
      nodename: 3afffa0150b5
      release: 6.8.0-1008-aws
      version: '#8-Ubuntu SMP Sat Apr 20 00:46:25 UTC 2024'
      machine: x86_64
      compiler: 'musl-gcc 13.2.1'
      uptime: 117
      totalram: 397160259584
      freeram: 391464579072
      sharedram: 72663040
      bufferram: 107290624
      totalswap: 0
      freeswap: 0
      pagesize: 4096
      cpus: 192
      cpus-online: 192
      ticks-per-second: 100

metrics:
    - stressor: cpu
      bogo-ops: 11725686
      bogo-ops-per-second-usr-sys-time: 3058.683311
      bogo-ops-per-second-real-time: 586282.668643
      wall-clock-time: 20.000056
      user-time: 3833.489142
      system-time: 0.083937
      cpu-usage-per-instance: 99.832354
      max-rss: 0

...
