---
system-info:
      stress-ng-version: 0.17.08
      run-by: root
      date-yyyy-mm-dd: 2024:06:08
      time-hh-mm-ss: 09:47:07
      epoch-secs: 1717840027
      hostname: a7f3d21da838
      sysname: Linux
      nodename: a7f3d21da838
      release: 6.8.0-1008-aws
      version: '#8-Ubuntu SMP Sat Apr 20 00:46:25 UTC 2024'
      machine: x86_64
      compiler: 'musl-gcc 13.2.1'
      uptime: 110
      totalram: 397160267776
      freeram: 391138369536
      sharedram: 72663040
      bufferram: 99672064
      totalswap: 0
      freeswap: 0
      pagesize: 4096
      cpus: 192
      cpus-online: 192
      ticks-per-second: 100

metrics:
    - stressor: cpu
      bogo-ops: 3066813
      bogo-ops-per-second-usr-sys-time: 1602.292499
      bogo-ops-per-second-real-time: 306643.049466
      wall-clock-time: 10.001247
      user-time: 1913.801834
      system-time: 0.213866
      cpu-usage-per-instance: 99.675884
      max-rss: 3072

...
