---
system-info:
      stress-ng-version: 0.17.08
      run-by: root
      date-yyyy-mm-dd: 2024:06:14
      time-hh-mm-ss: 11:41:56
      epoch-secs: 1718365316
      hostname: 0cfa28f781b8
      sysname: Linux
      nodename: 0cfa28f781b8
      release: 6.8.0-1008-aws
      version: '#8-Ubuntu SMP Sat Apr 20 00:46:25 UTC 2024'
      machine: x86_64
      compiler: 'musl-gcc 13.2.1'
      uptime: 113
      totalram: 405484826624
      freeram: 397905588224
      sharedram: 225640448
      bufferram: 107442176
      totalswap: 0
      freeswap: 0
      pagesize: 4096
      cpus: 192
      cpus-online: 192
      ticks-per-second: 100

metrics:
    - stressor: cpu
      bogo-ops: 3418648
      bogo-ops-per-second-usr-sys-time: 891.193142
      bogo-ops-per-second-real-time: 170931.661803
      wall-clock-time: 20.000086
      user-time: 3835.982947
      system-time: 0.051960
      cpu-usage-per-instance: 99.896311
      max-rss: 0

...
