---
system-info:
      stress-ng-version: 0.17.08
      run-by: root
      date-yyyy-mm-dd: 2024:06:06
      time-hh-mm-ss: 19:42:45
      epoch-secs: 1717702965
      hostname: c44f3583ee53
      sysname: Linux
      nodename: c44f3583ee53
      release: 6.8.0-1008-aws
      version: '#8-Ubuntu SMP Sat Apr 20 00:46:25 UTC 2024'
      machine: x86_64
      compiler: 'musl-gcc 13.2.1'
      uptime: 127
      totalram: 405484830720
      freeram: 397772365824
      sharedram: 225640448
      bufferram: 85987328
      totalswap: 0
      freeswap: 0
      pagesize: 4096
      cpus: 192
      cpus-online: 192
      ticks-per-second: 100

metrics:
    - stressor: cpu
      bogo-ops: 2683755
      bogo-ops-per-second-usr-sys-time: 1399.793557
      bogo-ops-per-second-real-time: 268338.750644
      wall-clock-time: 10.001370
      user-time: 1917.048684
      system-time: 0.201889
      cpu-usage-per-instance: 99.843127
      max-rss: 3072

...
