---
system-info:
      stress-ng-version: 0.17.08
      run-by: root
      date-yyyy-mm-dd: 2024:05:31
      time-hh-mm-ss: 11:43:33
      epoch-secs: 1717155813
      hostname: 0926227b37f6
      sysname: Linux
      nodename: 0926227b37f6
      release: 6.8.0-1008-aws
      version: '#8-Ubuntu SMP Sat Apr 20 00:46:25 UTC 2024'
      machine: x86_64
      compiler: 'musl-gcc 13.2.1'
      uptime: 1376
      totalram: 405484814336
      freeram: 396470611968
      sharedram: 225632256
      bufferram: 82665472
      totalswap: 0
      freeswap: 0
      pagesize: 4096
      cpus: 192
      cpus-online: 192
      ticks-per-second: 100

metrics:
    - stressor: cpu
      bogo-ops: 1539907
      bogo-ops-per-second-usr-sys-time: 803.438009
      bogo-ops-per-second-real-time: 153933.346796
      wall-clock-time: 10.003726
      user-time: 1916.610972
      system-time: 0.035966
      cpu-usage-per-instance: 99.788182
      max-rss: 0

...
