---
system-info:
      stress-ng-version: 0.17.08
      run-by: root
      date-yyyy-mm-dd: 2024:05:31
      time-hh-mm-ss: 14:48:48
      epoch-secs: 1717166928
      hostname: a7649d6d3a8f
      sysname: Linux
      nodename: a7649d6d3a8f
      release: 6.8.0-1008-aws
      version: '#8-Ubuntu SMP Sat Apr 20 00:46:25 UTC 2024'
      machine: x86_64
      compiler: 'musl-gcc 13.2.1'
      uptime: 1398
      totalram: 405484793856
      freeram: 396276490240
      sharedram: 225677312
      bufferram: 83423232
      totalswap: 0
      freeswap: 0
      pagesize: 4096
      cpus: 192
      cpus-online: 192
      ticks-per-second: 100

metrics:
    - stressor: cpu
      bogo-ops: 1540118
      bogo-ops-per-second-usr-sys-time: 803.603653
      bogo-ops-per-second-real-time: 153953.346577
      wall-clock-time: 10.003797
      user-time: 1916.476465
      system-time: 0.037968
      cpu-usage-per-instance: 99.780575
      max-rss: 0

...
