---
system-info:
      stress-ng-version: 0.17.08
      run-by: root
      date-yyyy-mm-dd: 2024:09:11
      time-hh-mm-ss: 19:40:55
      epoch-secs: 1726083655
      hostname: ip-172-31-31-159
      sysname: Linux
      nodename: ip-172-31-31-159
      release: 6.8.0-1014-aws
      version: '#15-Ubuntu SMP Thu Aug  8 19:13:06 UTC 2024'
      machine: x86_64
      compiler: 'musl-gcc 13.2.1'
      uptime: 191
      totalram: 198485151744
      freeram: 189050163200
      sharedram: 79101952
      bufferram: 220508160
      totalswap: 0
      freeswap: 0
      pagesize: 4096
      cpus: 96
      cpus-online: 96
      ticks-per-second: 100

metrics:
    - stressor: cpu
      bogo-ops: 1890977
      bogo-ops-per-second-usr-sys-time: 985.268130
      bogo-ops-per-second-real-time: 94548.478924
      wall-clock-time: 20.000078
      user-time: 1919.214199
      system-time: 0.036960
      cpu-usage-per-instance: 99.960606
      max-rss: 768

...
