BaselineInfo:
  WebDBID: -1
  TimeStamp: 20241108085525
Version:
  Major: 11
  Minor: 0
  Build: 1002
  SpecialBuildName: ""
  ptArchitecture: x86_64_linux
Results:
  Results Complete: true
  NumTestProcesses: 4
  CPU_INTEGER_MATH: 16728.073333333334
  CPU_FLOATINGPOINT_MATH: 8553.4470406080436
  CPU_PRIME: 37.370632678398252
  CPU_SORTING: 8761.6664951503808
  CPU_ENCRYPTION: 3634.2220977099728
  CPU_COMPRESSION: 62712.859398024659
  CPU_SINGLETHREAD: 2366.9232134525946
  CPU_PHYSICS: 740.6887602191216
  CPU_MATRIX_MULT_SSE: 3399.0141777121644
  CPU_mm: 360.62072466775658
  CPU_sse: 1586.2009062641798
  CPU_fma: 4360.3283954011549
  CPU_avx: 3218.6015781172719
  CPU_avx512: 4430.9258310660507
  m_CPU_enc_SHA: 3663816767.1729274
  m_CPU_enc_AES: 5514859928.332283
  m_CPU_enc_ECDSA: 2253597515.4797873
  ME_ALLOC_S: 2041.0359350697731
  ME_READ_S: 24204.273046875001
  ME_READ_L: 11356.935546875
  ME_WRITE: 10384.04296875
  ME_LARGE: 118195
  ME_LATENCY: 62.32780505213308
  ME_THREADED: 30989.4033203125
  SUMM_CPU: 5862.7207860707003
  SUMM_ME: 2227.3624463606434
SystemInformation:
  OSName: Ubuntu 24.04.1 LTS
  Kernel: 6.8.0-1016-aws
  Device: ""
  Processor: Intel Xeon Platinum 8375C CPU @ 2.90GHz
  NumSockets: 1
  Manufacturer: GenuineIntel
  NumCores: 2
  NumLogicals: 4
  CPUFrequency: 0
  Memory: 128278
  MemModuleInfo:
    iNumMemSticks: 1
    DIMM 1:
      manufacturer: Not Specified
      modulePartNo: Not Specified
      memType: DDR4
      size: 128
      clkspeed: 1600
      moduleVoltage: 0
Checksum: 1FCB4E3C20201B5BCD5926F99B15903B0419BC11