BaselineInfo:
  WebDBID: -1
  TimeStamp: 20241108034330
Version:
  Major: 11
  Minor: 0
  Build: 1002
  SpecialBuildName: ""
  ptArchitecture: x86_64_linux
Results:
  Results Complete: true
  NumTestProcesses: 16
  CPU_INTEGER_MATH: 66420.310666666672
  CPU_FLOATINGPOINT_MATH: 36570.391107059833
  CPU_PRIME: 101.39530411945931
  CPU_SORTING: 35770.431069678089
  CPU_ENCRYPTION: 17202.266881356816
  CPU_COMPRESSION: 254410.06781231161
  CPU_SINGLETHREAD: 2387.4730187676987
  CPU_PHYSICS: 2206.317863555033
  CPU_MATRIX_MULT_SSE: 14907.866994927637
  CPU_mm: 1795.4950875002316
  CPU_sse: 7626.2919883720488
  CPU_fma: 20814.783575906735
  CPU_avx: 16282.525420504136
  CPU_avx512: 0
  m_CPU_enc_SHA: 24936907266.99617
  m_CPU_enc_AES: 15943458999.069708
  m_CPU_enc_ECDSA: 13233286326.090929
  ME_ALLOC_S: 7029.7065935398605
  ME_READ_S: 24442.413867187501
  ME_READ_L: 20122.0234375
  ME_WRITE: 19605.177734375
  ME_LARGE: 118631.08333333333
  ME_LATENCY: 63.22757040376441
  ME_THREADED: 60775.5732421875
  SUMM_CPU: 21701.046882309794
  SUMM_ME: 2791.6499638165797
SystemInformation:
  OSName: Ubuntu 24.04.1 LTS
  Kernel: 6.8.0-1017-azure
  Device: ""
  Processor: AMD EPYC 7763 64-Core Processor
  NumSockets: 1
  Manufacturer: AuthenticAMD
  NumCores: 8
  NumLogicals: 16
  CPUFrequency: 0
  Memory: 128809
  MemModuleInfo:
    iNumMemSticks: 3
    DIMM 1:
      manufacturer: Microsoft Corporation
      modulePartNo: None
      memType: Unknown
      size: 1
      clkspeed: 0
      moduleVoltage: 0
    DIMM 2:
      manufacturer: Microsoft Corporation
      modulePartNo: None
      memType: Unknown
      size: 60928
      clkspeed: 0
      moduleVoltage: 0
    DIMM 3:
      manufacturer: Microsoft Corporation
      modulePartNo: None
      memType: Unknown
      size: 69120
      clkspeed: 0
      moduleVoltage: 0
Checksum: 7265C83F5E07AA71B44FAE912B1508693769E6C1