---
system-info:
      stress-ng-version: 0.17.08
      run-by: root
      date-yyyy-mm-dd: 2024:06:20
      time-hh-mm-ss: 21:36:59
      epoch-secs: 1718919419
      hostname: 22e54312e4d7
      sysname: Linux
      nodename: 22e54312e4d7
      release: 6.8.0-1008-gcp
      version: '#9-Ubuntu SMP Wed May 22 18:09:04 UTC 2024'
      machine: x86_64
      compiler: 'musl-gcc 13.2.1'
      uptime: 200
      totalram: 4103372800
      freeram: 260055040
      sharedram: 59092992
      bufferram: 124452864
      totalswap: 0
      freeswap: 0
      pagesize: 4096
      cpus: 2
      cpus-online: 2
      ticks-per-second: 100

metrics:
    - stressor: cpu
      bogo-ops: 28633
      bogo-ops-per-second-usr-sys-time: 726.821500
      bogo-ops-per-second-real-time: 1431.643455
      wall-clock-time: 20.000091
      user-time: 39.390841
      system-time: 0.003976
      cpu-usage-per-instance: 98.486592
      max-rss: 1104

...
