---
system-info:
      stress-ng-version: 0.17.08
      run-by: root
      date-yyyy-mm-dd: 2024:06:15
      time-hh-mm-ss: 14:55:36
      epoch-secs: 1718463336
      hostname: 16e2d88f75b5
      sysname: Linux
      nodename: 16e2d88f75b5
      release: 6.8.0-1008-aws
      version: '#8-Ubuntu SMP Sat Apr 20 00:46:25 UTC 2024'
      machine: x86_64
      compiler: 'musl-gcc 13.2.1'
      uptime: 173
      totalram: 536659955712
      freeram: 531003879424
      sharedram: 37343232
      bufferram: 110198784
      totalswap: 0
      freeswap: 0
      pagesize: 4096
      cpus: 64
      cpus-online: 64
      ticks-per-second: 100

metrics:
    - stressor: cpu
      bogo-ops: 377609
      bogo-ops-per-second-usr-sys-time: 295.253385
      bogo-ops-per-second-real-time: 18880.241437
      wall-clock-time: 20.000221
      user-time: 1278.859033
      system-time: 0.072959
      cpu-usage-per-instance: 99.915458
      max-rss: 512

...
