---
system-info:
      stress-ng-version: 0.17.08
      run-by: root
      date-yyyy-mm-dd: 2024:06:09
      time-hh-mm-ss: 12:35:13
      epoch-secs: 1717936513
      hostname: 26ca6d44d51f
      sysname: Linux
      nodename: 26ca6d44d51f
      release: 6.8.0-1008-aws
      version: '#8-Ubuntu SMP Sat Apr 20 00:46:25 UTC 2024'
      machine: x86_64
      compiler: 'musl-gcc 13.2.1'
      uptime: 173
      totalram: 536659947520
      freeram: 530813820928
      sharedram: 37343232
      bufferram: 108752896
      totalswap: 0
      freeswap: 0
      pagesize: 4096
      cpus: 64
      cpus-online: 64
      ticks-per-second: 100

metrics:
    - stressor: cpu
      bogo-ops: 508688
      bogo-ops-per-second-usr-sys-time: 795.450384
      bogo-ops-per-second-real-time: 50849.659848
      wall-clock-time: 10.003764
      user-time: 639.353890
      system-time: 0.142941
      cpu-usage-per-instance: 99.883783
      max-rss: 3072

...
