---
system-info:
      stress-ng-version: 0.17.08
      run-by: root
      date-yyyy-mm-dd: 2024:09:03
      time-hh-mm-ss: 10:06:31
      epoch-secs: 1725357991
      hostname: sc-runner
      sysname: Linux
      nodename: sc-runner
      release: 6.8.0-1013-azure
      version: '#15-Ubuntu SMP Thu Aug  8 18:40:40 UTC 2024'
      machine: x86_64
      compiler: 'musl-gcc 13.2.1'
      uptime: 472
      totalram: 67424137216
      freeram: 58833244160
      sharedram: 42176512
      bufferram: 214147072
      totalswap: 0
      freeswap: 0
      pagesize: 4096
      cpus: 8
      cpus-online: 8
      ticks-per-second: 100

metrics:
    - stressor: cpu
      bogo-ops: 8746
      bogo-ops-per-second-usr-sys-time: 437.253826
      bogo-ops-per-second-real-time: 437.220787
      wall-clock-time: 20.003623
      user-time: 19.978969
      system-time: 0.023143
      cpu-usage-per-instance: 99.992444
      max-rss: 3152

...
