---
system-info:
      stress-ng-version: 0.17.08
      run-by: root
      date-yyyy-mm-dd: 2024:06:08
      time-hh-mm-ss: 04:41:17
      epoch-secs: 1717821677
      hostname: 7763553c9bc5
      sysname: Linux
      nodename: 7763553c9bc5
      release: 6.8.0-1008-aws
      version: '#8-Ubuntu SMP Sat Apr 20 00:46:25 UTC 2024'
      machine: x86_64
      compiler: 'musl-gcc 13.2.1'
      uptime: 142
      totalram: 16555905024
      freeram: 12286201856
      sharedram: 40726528
      bufferram: 96813056
      totalswap: 0
      freeswap: 0
      pagesize: 4096
      cpus: 2
      cpus-online: 2
      ticks-per-second: 100

metrics:
    - stressor: cpu
      bogo-ops: 14251
      bogo-ops-per-second-usr-sys-time: 1424.813043
      bogo-ops-per-second-real-time: 1424.728660
      wall-clock-time: 10.002606
      user-time: 10.000013
      system-time: 0.002001
      cpu-usage-per-instance: 99.994078
      max-rss: 3920

...
