---
system-info:
      stress-ng-version: 0.17.08
      run-by: root
      date-yyyy-mm-dd: 2024:06:13
      time-hh-mm-ss: 17:42:02
      epoch-secs: 1718300522
      hostname: d58c182ba492
      sysname: Linux
      nodename: d58c182ba492
      release: 6.8.0-1008-aws
      version: '#8-Ubuntu SMP Sat Apr 20 00:46:25 UTC 2024'
      machine: x86_64
      compiler: 'musl-gcc 13.2.1'
      uptime: 196
      totalram: 16555905024
      freeram: 12234862592
      sharedram: 40726528
      bufferram: 107282432
      totalswap: 0
      freeswap: 0
      pagesize: 4096
      cpus: 2
      cpus-online: 2
      ticks-per-second: 100

metrics:
    - stressor: cpu
      bogo-ops: 26333
      bogo-ops-per-second-usr-sys-time: 1316.755406
      bogo-ops-per-second-real-time: 1316.646939
      wall-clock-time: 20.000046
      user-time: 19.998399
      system-time: 0.000000
      cpu-usage-per-instance: 99.991763
      max-rss: 1104

...
