size_kb,operation,bandwidth_mb_s,latency_ns,latency_stddev_ns,latency_samples,threads,iterations,elapsed_s
32,read,2359632.22,0,0,0,16,499001,0.105737
32,write,2313760.13,0,0,0,16,367106,0.079331
32,copy,987532.76,0,0,0,16,430292,0.217862
32,latency,0,0.80,0.00,7,1,7,0.118172
128,read,1932623.80,0,0,0,16,184774,0.191216
128,write,1934295.53,0,0,0,16,174581,0.180511
128,copy,1394298.13,0,0,0,16,72358,0.103791
128,latency,0,2.20,0.00,7,1,7,0.697035
256,read,2187115.45,0,0,0,16,128008,0.234113
256,write,2098384.98,0,0,0,16,130005,0.247819
256,copy,1479304.58,0,0,0,16,79744,0.215626
256,latency,0,2.51,0.01,7,1,7,0.705319
512,read,2306273.44,0,0,0,16,66050,0.229114
512,write,2209079.45,0,0,0,16,60009,0.217318
512,copy,1113737.20,0,0,0,16,28080,0.201699
512,latency,0,3.04,0.02,7,1,7,0.679732
1024,read,2059312.92,0,0,0,16,28210,0.219180
1024,write,1890984.53,0,0,0,16,32010,0.270843
1024,copy,942280.97,0,0,0,16,9477,0.160920
1024,latency,0,4.72,0.07,7,1,7,0.718166
4096,read,1809285.37,0,0,0,16,4628,0.163707
4096,write,1838112.34,0,0,0,16,4235,0.147456
4096,copy,873864.93,0,0,0,16,2462,0.180312
4096,latency,0,8.58,0.05,7,1,7,0.701882
8192,read,1655785.08,0,0,0,16,1746,0.134974
8192,write,1760287.96,0,0,0,16,2163,0.157283
8192,copy,486037.49,0,0,0,16,774,0.203836
8192,latency,0,9.26,0.01,7,1,7,0.704524
16384,read,689960.82,0,0,0,16,534,0.198133
16384,write,620431.52,0,0,0,16,570,0.235191
16384,copy,267873.29,0,0,0,16,386,0.368891
16384,latency,0,9.67,0.78,21,1,21,2.003013
32768,read,575687.40,0,0,0,16,287,0.255250
32768,write,328401.72,0,0,0,16,314,0.489547
32768,copy,154909.95,0,0,0,16,167,0.551959
32768,latency,0,27.72,7.21,21,1,21,1.548225
65536,read,399832.16,0,0,0,16,142,0.363673
65536,write,246224.03,0,0,0,16,138,0.573916
65536,copy,132937.88,0,0,0,16,72,0.554605
65536,latency,0,114.70,3.41,7,1,7,5.020719
