BaselineInfo:
  WebDBID: -1
  TimeStamp: 20260624150832
Version:
  Major: 11
  Minor: 0
  Build: 1004
  SpecialBuildName: ""
  ptArchitecture: x86_64_linux
Results:
  Results Complete: true
  NumTestProcesses: 2
  CPU_INTEGER_MATH: 8384.650333333333
  CPU_FLOATINGPOINT_MATH: 5934.0310920718648
  CPU_PRIME: 18.350336010656449
  CPU_SORTING: 4281.4706073970874
  CPU_ENCRYPTION: 1865.4712914558268
  CPU_COMPRESSION: 32055.678725729718
  CPU_SINGLETHREAD: 2536.4266706845624
  CPU_PHYSICS: 424.40610097022619
  CPU_MATRIX_MULT_SSE: 2222.1222143089544
  CPU_mm: 234.4420121070084
  CPU_sse: 999.1910272692603
  CPU_fma: 2741.2192244236721
  CPU_avx: 1966.297583141803
  CPU_avx512: 3181.7810224010827
  m_CPU_enc_SHA: 1970150811.9168866
  m_CPU_enc_AES: 2548094508.1173391
  m_CPU_enc_ECDSA: 1350019954.6945283
  ME_ALLOC_S: 1273.2292942598813
  ME_READ_S: 23374.891796874999
  ME_READ_L: 9755.2783203125
  ME_WRITE: 9138.0693359375
  ME_LARGE: 3336.3333333333335
  ME_LATENCY: 72.417079432014248
  ME_THREADED: 14143.1142578125
  SUMM_CPU: 3292.4654533668099
  SUMM_ME: 1528.1920936886925
SystemInformation:
  OSName: Ubuntu 24.04.4 LTS
  Kernel: 6.17.0-1018-azure
  Device: ""
  Processor: INTEL(R) XEON(R) PLATINUM 8573C
  NumSockets: 1
  Manufacturer: GenuineIntel
  NumCores: 1
  NumLogicals: 2
  CPUFrequency: 2300
  CPUMaxFrequency: 2300
  Memory: 7937
  CPUInfo:
    number: 1
    Family: 6
    Model: 15
    stepping: 2
    features: 529267711
    manufacture: GenuineIntel
    typestring: INTEL(R) XEON(R) PLATINUM 8573C
    iCoresPerPackage: 1
    iThreadsPerPackage: 2
    featuresEx:
      - 529267711
      - 4294586915
      - 739248128
    bHybrid: false
    nPCore: 0
    nLogicalsPerPCore: 0
    nECore: 0
    nLogicalsPerECore: 0
  MemModuleInfo:
    iNumMemSticks: 2
    DIMM 1:
      manufacturer: Microsoft Corporation
      modulePartNo: None
      memType: Unknown
      size: 1
      clkspeed: 0
      moduleVoltage: 0
    DIMM 2:
      manufacturer: Microsoft Corporation
      modulePartNo: None
      memType: Unknown
      size: 7
      clkspeed: 0
      moduleVoltage: 0
Checksum: 65815423C386A2AFA9CCAF0C9155475F795C36AB