---
system-info:
      stress-ng-version: 0.17.08
      run-by: root
      date-yyyy-mm-dd: 2024:09:03
      time-hh-mm-ss: 08:29:18
      epoch-secs: 1725352158
      hostname: sc-runner
      sysname: Linux
      nodename: sc-runner
      release: 6.8.0-1013-azure
      version: '#15-Ubuntu SMP Thu Aug  8 18:40:40 UTC 2024'
      machine: x86_64
      compiler: 'musl-gcc 13.2.1'
      uptime: 313
      totalram: 16763625472
      freeram: 8127422464
      sharedram: 54956032
      bufferram: 219435008
      totalswap: 0
      freeswap: 0
      pagesize: 4096
      cpus: 8
      cpus-online: 8
      ticks-per-second: 100

metrics:
    - stressor: cpu
      bogo-ops: 154993
      bogo-ops-per-second-usr-sys-time: 971.516586
      bogo-ops-per-second-real-time: 7749.624918
      wall-clock-time: 20.000065
      user-time: 159.520173
      system-time: 0.016990
      cpu-usage-per-instance: 99.710404
      max-rss: 3128

...
