---
system-info:
      stress-ng-version: 0.17.08
      run-by: root
      date-yyyy-mm-dd: 2024:06:15
      time-hh-mm-ss: 14:20:02
      epoch-secs: 1718461202
      hostname: 1769a03e3d9f
      sysname: Linux
      nodename: 1769a03e3d9f
      release: 6.8.0-1008-aws
      version: '#8-Ubuntu SMP Sat Apr 20 00:46:25 UTC 2024'
      machine: x86_64
      compiler: 'musl-gcc 13.2.1'
      uptime: 175
      totalram: 128684707840
      freeram: 124103475200
      sharedram: 48549888
      bufferram: 110710784
      totalswap: 0
      freeswap: 0
      pagesize: 4096
      cpus: 16
      cpus-online: 16
      ticks-per-second: 100

metrics:
    - stressor: cpu
      bogo-ops: 17656
      bogo-ops-per-second-usr-sys-time: 882.860829
      bogo-ops-per-second-real-time: 882.794549
      wall-clock-time: 20.000124
      user-time: 19.998622
      system-time: 0.000000
      cpu-usage-per-instance: 99.992493
      max-rss: 1104

...
