---
system-info:
      stress-ng-version: 0.17.08
      run-by: root
      date-yyyy-mm-dd: 2024:06:09
      time-hh-mm-ss: 11:44:03
      epoch-secs: 1717933443
      hostname: 785da1f08aa6
      sysname: Linux
      nodename: 785da1f08aa6
      release: 6.8.0-1008-aws
      version: '#8-Ubuntu SMP Sat Apr 20 00:46:25 UTC 2024'
      machine: x86_64
      compiler: 'musl-gcc 13.2.1'
      uptime: 178
      totalram: 128684642304
      freeram: 124049940480
      sharedram: 48549888
      bufferram: 107765760
      totalswap: 0
      freeswap: 0
      pagesize: 4096
      cpus: 16
      cpus-online: 16
      ticks-per-second: 100

metrics:
    - stressor: cpu
      bogo-ops: 12049
      bogo-ops-per-second-usr-sys-time: 1204.409203
      bogo-ops-per-second-real-time: 1204.381327
      wall-clock-time: 10.004307
      user-time: 10.001078
      system-time: 0.002997
      cpu-usage-per-instance: 99.997685
      max-rss: 3920

...
