---
system-info:
      stress-ng-version: 0.17.08
      run-by: root
      date-yyyy-mm-dd: 2024:09:23
      time-hh-mm-ss: 08:59:30
      epoch-secs: 1727081970
      hostname: sc-runner
      sysname: Linux
      nodename: sc-runner
      release: 6.8.0-1014-azure
      version: '#16-Ubuntu SMP Thu Aug 15 20:04:41 UTC 2024'
      machine: x86_64
      compiler: 'musl-gcc 13.2.1'
      uptime: 313
      totalram: 270259843072
      freeram: 259736510464
      sharedram: 38154240
      bufferram: 290103296
      totalswap: 0
      freeswap: 0
      pagesize: 4096
      cpus: 8
      cpus-online: 8
      ticks-per-second: 100

metrics:
    - stressor: cpu
      bogo-ops: 215719
      bogo-ops-per-second-usr-sys-time: 1351.552274
      bogo-ops-per-second-real-time: 10785.912970
      wall-clock-time: 20.000069
      user-time: 159.596338
      system-time: 0.011991
      cpu-usage-per-instance: 99.754863
      max-rss: 3152

...
