---
system-info:
      stress-ng-version: 0.17.08
      run-by: root
      date-yyyy-mm-dd: 2024:09:05
      time-hh-mm-ss: 01:31:23
      epoch-secs: 1725499883
      hostname: sc-runner
      sysname: Linux
      nodename: sc-runner
      release: 6.8.0-1013-azure
      version: '#15-Ubuntu SMP Thu Aug  8 18:40:40 UTC 2024'
      machine: x86_64
      compiler: 'musl-gcc 13.2.1'
      uptime: 317
      totalram: 33647063040
      freeram: 24875376640
      sharedram: 55001088
      bufferram: 216637440
      totalswap: 0
      freeswap: 0
      pagesize: 4096
      cpus: 16
      cpus-online: 16
      ticks-per-second: 100

metrics:
    - stressor: cpu
      bogo-ops: 310479
      bogo-ops-per-second-usr-sys-time: 971.626995
      bogo-ops-per-second-real-time: 15523.873281
      wall-clock-time: 20.000099
      user-time: 319.529472
      system-time: 0.015993
      cpu-usage-per-instance: 99.857464
      max-rss: 3200

...
