---
system-info:
      stress-ng-version: 0.17.08
      run-by: root
      date-yyyy-mm-dd: 2024:09:16
      time-hh-mm-ss: 16:14:42
      epoch-secs: 1726503282
      hostname: sc-runner
      sysname: Linux
      nodename: sc-runner
      release: 6.8.0-1014-azure
      version: '#16-Ubuntu SMP Thu Aug 15 20:04:41 UTC 2024'
      machine: x86_64
      compiler: 'musl-gcc 13.2.1'
      uptime: 270
      totalram: 33647063040
      freeram: 23358046208
      sharedram: 55001088
      bufferram: 228982784
      totalswap: 0
      freeswap: 0
      pagesize: 4096
      cpus: 16
      cpus-online: 16
      ticks-per-second: 100

metrics:
    - stressor: cpu
      bogo-ops: 310518
      bogo-ops-per-second-usr-sys-time: 971.355274
      bogo-ops-per-second-real-time: 15525.848177
      wall-clock-time: 20.000067
      user-time: 319.647014
      system-time: 0.027989
      cpu-usage-per-instance: 99.898105
      max-rss: 3132

...
