BaselineInfo:
  WebDBID: -1
  TimeStamp: 20241112113345
Version:
  Major: 11
  Minor: 0
  Build: 1002
  SpecialBuildName: ""
  ptArchitecture: x86_64_linux
Results:
  Results Complete: true
  NumTestProcesses: 4
  CPU_INTEGER_MATH: 9134.7416666666668
  CPU_FLOATINGPOINT_MATH: 4898.594601237106
  CPU_PRIME: 21.779543292208501
  CPU_SORTING: 4908.9177062039798
  CPU_ENCRYPTION: 1256.8790719912793
  CPU_COMPRESSION: 41188.942077553453
  CPU_SINGLETHREAD: 1480.4954721282991
  CPU_PHYSICS: 453.01276376652385
  CPU_MATRIX_MULT_SSE: 2811.4067865112283
  CPU_mm: 276.79475440649611
  CPU_sse: 1002.5838406894029
  CPU_fma: 3384.9295050684636
  CPU_avx: 2395.6466121205872
  CPU_avx512: 4462.4671881664581
  m_CPU_enc_SHA: 412373373.6147688
  m_CPU_enc_AES: 3173084995.755188
  m_CPU_enc_ECDSA: 368341320.00702602
  ME_ALLOC_S: 1047.3306276709718
  ME_READ_S: 18122.184960937499
  ME_READ_L: 5606.40576171875
  ME_WRITE: 5878.4345703125
  ME_LARGE: 430392
  ME_LATENCY: 74.126278638349532
  ME_THREADED: 15722.7978515625
  SUMM_CPU: 3304.6723448974003
  SUMM_ME: 1466.5922465513006
SystemInformation:
  OSName: Ubuntu 24.04.1 LTS
  Kernel: 6.8.0-1017-azure
  Device: ""
  Processor: Intel Xeon Platinum 8280M CPU @ 2.70GHz
  NumSockets: 1
  Manufacturer: GenuineIntel
  NumCores: 2
  NumLogicals: 4
  CPUFrequency: 0
  Memory: 440693
  MemModuleInfo:
    iNumMemSticks: 3
    DIMM 1:
      manufacturer: Microsoft Corporation
      modulePartNo: None
      memType: Unknown
      size: 1
      clkspeed: 0
      moduleVoltage: 0
    DIMM 2:
      manufacturer: Microsoft Corporation
      modulePartNo: None
      memType: Unknown
      size: 60928
      clkspeed: 0
      moduleVoltage: 0
    DIMM 3:
      manufacturer: Microsoft Corporation
      modulePartNo: None
      memType: Unknown
      size: 377
      clkspeed: 0
      moduleVoltage: 0
Checksum: D7E0C1A72E03D8847904973884375E4830731594