BaselineInfo:
  WebDBID: -1
  TimeStamp: 20250527091804
Version:
  Major: 11
  Minor: 0
  Build: 1002
  SpecialBuildName: ""
  ptArchitecture: x86_64_linux
Results:
  Results Complete: true
  NumTestProcesses: 32
  CPU_INTEGER_MATH: 170278.82666666669
  CPU_FLOATINGPOINT_MATH: 120657.90745941066
  CPU_PRIME: 340.66117956771296
  CPU_SORTING: 84555.717974713931
  CPU_ENCRYPTION: 37559.373109071545
  CPU_COMPRESSION: 610109.02923050965
  CPU_SINGLETHREAD: 3252.0709576911677
  CPU_PHYSICS: 7886.4758285920352
  CPU_MATRIX_MULT_SSE: 50170.186629312433
  CPU_mm: 4814.5573566671865
  CPU_sse: 20773.067888271547
  CPU_fma: 54914.619801297922
  CPU_avx: 42616.743415800811
  CPU_avx512: 82376.315411879434
  m_CPU_enc_SHA: 39627709581.675034
  m_CPU_enc_AES: 51674581045.401489
  m_CPU_enc_ECDSA: 26849281024.5769
  ME_ALLOC_S: 20130.846842839081
  ME_READ_S: 29403.882226562499
  ME_READ_L: 9823.33984375
  ME_WRITE: 9205.8994140625
  ME_LARGE: 1343159.3333333333
  ME_LATENCY: 58.388922859820177
  ME_THREADED: 263309.6923828125
  SUMM_CPU: 52418.892848175958
  SUMM_ME: 2619.6061901597272
SystemInformation:
  OSName: Ubuntu 24.04.2 LTS
  Kernel: 6.11.0-1015-azure
  Device: ""
  Processor: INTEL XEON PLATINUM 8573C
  NumSockets: 2
  Manufacturer: GenuineIntel
  NumCores: 16
  NumLogicals: 32
  CPUFrequency: 2300
  Memory: 1354631
  MemModuleInfo:
    iNumMemSticks: 4
    DIMM 1:
      manufacturer: Microsoft Corporation
      modulePartNo: None
      memType: Unknown
      size: 1
      clkspeed: 0
      moduleVoltage: 0
    DIMM 2:
      manufacturer: Microsoft Corporation
      modulePartNo: None
      memType: Unknown
      size: 59
      clkspeed: 0
      moduleVoltage: 0
    DIMM 3:
      manufacturer: Microsoft Corporation
      modulePartNo: None
      memType: Unknown
      size: 612
      clkspeed: 0
      moduleVoltage: 0
    DIMM 4:
      manufacturer: Microsoft Corporation
      modulePartNo: None
      memType: Unknown
      size: 672
      clkspeed: 0
      moduleVoltage: 0
Checksum: ACCF97AE905FA7F20DFE54D1766CC948200C7D77