BaselineInfo:
  WebDBID: -1
  TimeStamp: 20241108055003
Version:
  Major: 11
  Minor: 0
  Build: 1002
  SpecialBuildName: ""
  ptArchitecture: x86_64_linux
Results:
  Results Complete: true
  NumTestProcesses: 8
  CPU_INTEGER_MATH: 33596.655666666666
  CPU_FLOATINGPOINT_MATH: 17148.93270241619
  CPU_PRIME: 71.165731086607067
  CPU_SORTING: 17469.1116157283
  CPU_ENCRYPTION: 7323.1220925727757
  CPU_COMPRESSION: 126175.52204291832
  CPU_SINGLETHREAD: 2429.662963776027
  CPU_PHYSICS: 1275.3445457273151
  CPU_MATRIX_MULT_SSE: 6977.9025233318489
  CPU_mm: 723.46319139155435
  CPU_sse: 3189.2540622740885
  CPU_fma: 8757.5016960867106
  CPU_avx: 6467.7259192614101
  CPU_avx512: 9497.128415705185
  m_CPU_enc_SHA: 7376887509.433672
  m_CPU_enc_AES: 11100906530.911051
  m_CPU_enc_ECDSA: 4558756173.6800489
  ME_ALLOC_S: 4011.8192451803752
  ME_READ_S: 24185.902734374999
  ME_READ_L: 10906.6279296875
  ME_WRITE: 10224.380859375
  ME_LARGE: 54195.666666666664
  ME_LATENCY: 55.07571247364384
  ME_THREADED: 52892.90087890625
  SUMM_CPU: 11359.838753040267
  SUMM_ME: 2464.5094479107902
SystemInformation:
  OSName: Ubuntu 24.04.1 LTS
  Kernel: 6.8.0-1017-azure
  Device: ""
  Processor: Intel Xeon Platinum 8370C CPU @ 2.80GHz
  NumSockets: 1
  Manufacturer: GenuineIntel
  NumCores: 4
  NumLogicals: 8
  CPUFrequency: 2800
  Memory: 64298
  MemModuleInfo:
    iNumMemSticks: 3
    DIMM 1:
      manufacturer: Microsoft Corporation
      modulePartNo: None
      memType: Unknown
      size: 1
      clkspeed: 0
      moduleVoltage: 0
    DIMM 2:
      manufacturer: Microsoft Corporation
      modulePartNo: None
      memType: Unknown
      size: 59
      clkspeed: 0
      moduleVoltage: 0
    DIMM 3:
      manufacturer: Microsoft Corporation
      modulePartNo: None
      memType: Unknown
      size: 4
      clkspeed: 0
      moduleVoltage: 0
Checksum: 662DE422B66C5E5383E945C45F0576E728028784