BaselineInfo:
  WebDBID: -1
  TimeStamp: 20260404190739
Version:
  Major: 11
  Minor: 0
  Build: 1004
  SpecialBuildName: ""
  ptArchitecture: x86_64_linux
Results:
  Results Complete: true
  NumTestProcesses: 16
  CPU_INTEGER_MATH: 39357.548333333332
  CPU_FLOATINGPOINT_MATH: 21131.525326731207
  CPU_PRIME: 68.45363246165509
  CPU_SORTING: 23922.139735817451
  CPU_ENCRYPTION: 5445.2753883085734
  CPU_COMPRESSION: 181043.06421425575
  CPU_SINGLETHREAD: 1690.9847884109367
  CPU_PHYSICS: 1295.4494986880252
  CPU_MATRIX_MULT_SSE: 12292.055796835491
  CPU_mm: 1198.9685330837833
  CPU_sse: 4309.3385238115916
  CPU_fma: 14628.51938996135
  CPU_avx: 10318.126060032215
  CPU_avx512: 19912.23921353681
  m_CPU_enc_SHA: 1774381302.6199517
  m_CPU_enc_AES: 13742867939.40382
  m_CPU_enc_ECDSA: 1612106014.6893792
  ME_ALLOC_S: 4343.034195086715
  ME_READ_S: 19442.125390624999
  ME_READ_L: 6836.185546875
  ME_WRITE: 7039.3037109375
  ME_LARGE: 18742
  ME_LATENCY: 76.838625429298261
  ME_THREADED: 71761.5791015625
  SUMM_CPU: 13034.316950895984
  SUMM_ME: 1783.0205394741708
SystemInformation:
  OSName: Ubuntu 24.04.4 LTS
  Kernel: 6.8.0-106-generic
  Device: ""
  Processor: Intel(R) Xeon(R) Platinum 8269CY CPU @ 2.50GHz
  NumSockets: 1
  Manufacturer: GenuineIntel
  NumCores: 8
  NumLogicals: 16
  CPUFrequency: 2500
  CPUMaxFrequency: 3800
  Memory: 31707
  CPUInfo:
    number: 1
    Family: 6
    Model: 5
    stepping: 7
    features: 529267711
    manufacture: GenuineIntel
    typestring: Intel(R) Xeon(R) Platinum 8269CY CPU @ 2.50GHz
    iCoresPerPackage: 8
    iThreadsPerPackage: 2
    featuresEx:
      - 529267711
      - 4294586883
      - 739248128
    bHybrid: false
    nPCore: 0
    nLogicalsPerPCore: 0
    nECore: 0
    nLogicalsPerECore: 0
  MemModuleInfo:
    iNumMemSticks: 2
    DIMM 1:
      manufacturer: Alibaba Cloud
      modulePartNo: Not Specified
      memType: RAM
      size: 16
      clkspeed: 0
      moduleVoltage: 0
    DIMM 2:
      manufacturer: Alibaba Cloud
      modulePartNo: Not Specified
      memType: RAM
      size: 16
      clkspeed: 0
      moduleVoltage: 0
Checksum: 8C57013F7498F9167FA177D4D75DF33A870FE196