BaselineInfo:
  WebDBID: -1
  TimeStamp: 20241107093444
Version:
  Major: 11
  Minor: 0
  Build: 1002
  SpecialBuildName: ""
  ptArchitecture: x86_64_linux
Results:
  Results Complete: true
  NumTestProcesses: 4
  CPU_INTEGER_MATH: 18349.239999999998
  CPU_FLOATINGPOINT_MATH: 10129.565590846891
  CPU_PRIME: 43.071333820579355
  CPU_SORTING: 10036.423959058366
  CPU_ENCRYPTION: 4780.3192555488258
  CPU_COMPRESSION: 72078.843955567325
  CPU_SINGLETHREAD: 2633.8970780895552
  CPU_PHYSICS: 855.05924704089023
  CPU_MATRIX_MULT_SSE: 4004.5454977877735
  CPU_mm: 496.59978120233302
  CPU_sse: 2108.7053723554559
  CPU_fma: 5731.4444703859353
  CPU_avx: 4173.4866506219278
  CPU_avx512: 0
  m_CPU_enc_SHA: 6926513723.9825325
  m_CPU_enc_AES: 4428135747.2817116
  m_CPU_enc_ECDSA: 3682934659.8548551
  ME_ALLOC_S: 1956.6900673598034
  ME_READ_S: 26477.766015624999
  ME_READ_L: 17294.55859375
  ME_WRITE: 17162.1171875
  ME_LARGE: 21396
  ME_LATENCY: 62.942118907549649
  ME_THREADED: 37233.43359375
  SUMM_CPU: 6844.7760529655225
  SUMM_ME: 2455.547687836784
SystemInformation:
  OSName: Ubuntu 24.04.1 LTS
  Kernel: 6.8.0-1016-aws
  Device: ""
  Processor: AMD EPYC 7R13 Processor
  NumSockets: 1
  Manufacturer: AuthenticAMD
  NumCores: 2
  NumLogicals: 4
  CPUFrequency: 0
  Memory: 31388
  MemModuleInfo:
    iNumMemSticks: 1
    DIMM 1:
      manufacturer: Not Specified
      modulePartNo: Not Specified
      memType: DDR4
      size: 32
      clkspeed: 1600
      moduleVoltage: 0
Checksum: EEEDDF510A5476AF45B38FDF43E1488145B7397E