---
system-info:
      stress-ng-version: 0.17.08
      run-by: root
      date-yyyy-mm-dd: 2024:07:02
      time-hh-mm-ss: 14:28:42
      epoch-secs: 1719930522
      hostname: n4-standard-32-bcc4f18
      sysname: Linux
      nodename: n4-standard-32-bcc4f18
      release: 6.8.0-1009-gcp
      version: '#10-Ubuntu SMP Wed Jun 12 18:52:23 UTC 2024'
      machine: x86_64
      compiler: 'musl-gcc 13.2.1'
      uptime: 133
      totalram: 135060799488
      freeram: 129466470400
      sharedram: 274141184
      bufferram: 128339968
      totalswap: 0
      freeswap: 0
      pagesize: 4096
      cpus: 32
      cpus-online: 32
      ticks-per-second: 100

metrics:
    - stressor: cpu
      bogo-ops: 34598
      bogo-ops-per-second-usr-sys-time: 1729.903892
      bogo-ops-per-second-real-time: 1729.893380
      wall-clock-time: 20.000077
      user-time: 19.998956
      system-time: 0.000999
      cpu-usage-per-instance: 99.999392
      max-rss: 776

...
