BaselineInfo:
  WebDBID: -1
  TimeStamp: 20260404030203
Version:
  Major: 11
  Minor: 0
  Build: 1004
  SpecialBuildName: ""
  ptArchitecture: x86_64_linux
Results:
  Results Complete: true
  NumTestProcesses: 4
  CPU_INTEGER_MATH: 12581.649666666666
  CPU_FLOATINGPOINT_MATH: 7952.9631521192041
  CPU_PRIME: 29.465788966787613
  CPU_SORTING: 7999.0236743353789
  CPU_ENCRYPTION: 1221.2562139741792
  CPU_COMPRESSION: 55932.046074108599
  CPU_SINGLETHREAD: 2201.0423299349459
  CPU_PHYSICS: 487.17472449237255
  CPU_MATRIX_MULT_SSE: 2866.4801697231596
  CPU_mm: 379.95528818105385
  CPU_sse: 1538.1476212705716
  CPU_fma: 4125.5185113467223
  CPU_avx: 2935.7743765521864
  CPU_avx512: 0
  m_CPU_enc_SHA: 549394516.08422375
  m_CPU_enc_AES: 2793390139.7549934
  m_CPU_enc_ECDSA: 498955211.63334906
  ME_ALLOC_S: 1292.1709756215459
  ME_READ_S: 25050.722265625001
  ME_READ_L: 7794.96826171875
  ME_WRITE: 7049.89599609375
  ME_LARGE: 1718.9166666666667
  ME_LATENCY: 64.663389166031436
  ME_THREADED: 21273.54736328125
  SUMM_CPU: 4191.2629543478542
  SUMM_ME: 1374.5069751133326
SystemInformation:
  OSName: Ubuntu 24.04.4 LTS
  Kernel: 6.8.0-106-generic
  Device: ""
  Processor: Intel(R) Xeon(R) CPU E5-2667 v4 @ 3.20GHz
  NumSockets: 1
  Manufacturer: GenuineIntel
  NumCores: 2
  NumLogicals: 4
  CPUFrequency: 0
  CPUMaxFrequency: 0
  Memory: 7557
  CPUInfo:
    number: 1
    Family: 6
    Model: 15
    stepping: 1
    features: 529267711
    manufacture: GenuineIntel
    typestring: Intel(R) Xeon(R) CPU E5-2667 v4 @ 3.20GHz
    iCoresPerPackage: 2
    iThreadsPerPackage: 2
    featuresEx:
      - 529267711
      - 4294586883
      - 739248128
    bHybrid: false
    nPCore: 0
    nLogicalsPerPCore: 0
    nECore: 0
    nLogicalsPerECore: 0
  MemModuleInfo:
    iNumMemSticks: 1
    DIMM 1:
      manufacturer: Alibaba Cloud
      modulePartNo: Not Specified
      memType: RAM
      size: 8
      clkspeed: 0
      moduleVoltage: 0
Checksum: 18C952BC0965560C09158FDBA0C316B1DDCA6474