BaselineInfo:
  WebDBID: -1
  TimeStamp: 20250212082955
Version:
  Major: 11
  Minor: 0
  Build: 1002
  SpecialBuildName: ""
  ptArchitecture: x86_64_linux
Results:
  Results Complete: true
  NumTestProcesses: 2
  CPU_INTEGER_MATH: 9525.7150000000001
  CPU_FLOATINGPOINT_MATH: 6760.4224827108046
  CPU_PRIME: 20.378650282261077
  CPU_SORTING: 4835.9402289309073
  CPU_ENCRYPTION: 2124.3014505458268
  CPU_COMPRESSION: 35596.467368804253
  CPU_SINGLETHREAD: 2892.591115443126
  CPU_PHYSICS: 474.49576181622479
  CPU_MATRIX_MULT_SSE: 2709.8495625940395
  CPU_mm: 269.75597076662285
  CPU_sse: 1169.6635578574026
  CPU_fma: 3288.1882140274902
  CPU_avx: 2464.862337014315
  CPU_avx512: 3916.6841414769497
  m_CPU_enc_SHA: 2222334581.4350967
  m_CPU_enc_AES: 2883856289.9899058
  m_CPU_enc_ECDSA: 1576283681.9976196
  ME_ALLOC_S: 1632.0526393281555
  ME_READ_S: 26662.382226562499
  ME_READ_L: 10339.3916015625
  ME_WRITE: 9457.1611328125
  ME_LARGE: 21122.083333333332
  ME_LATENCY: 56.777264798210361
  ME_THREADED: 15957.443359375
  SUMM_CPU: 3751.8528259464742
  SUMM_ME: 2034.2951687608233
SystemInformation:
  OSName: Ubuntu 24.04.1 LTS
  Kernel: 6.8.0-1021-azure
  Device: ""
  Processor: INTEL XEON PLATINUM 8573C
  NumSockets: 1
  Manufacturer: GenuineIntel
  NumCores: 1
  NumLogicals: 2
  CPUFrequency: 2300
  Memory: 32093
  MemModuleInfo:
    iNumMemSticks: 2
    DIMM 1:
      manufacturer: Microsoft Corporation
      modulePartNo: None
      memType: Unknown
      size: 1
      clkspeed: 0
      moduleVoltage: 0
    DIMM 2:
      manufacturer: Microsoft Corporation
      modulePartNo: None
      memType: Unknown
      size: 31
      clkspeed: 0
      moduleVoltage: 0
Checksum: 66C6EB96C645B403BD93E51404A38A1BC3631BAE