"size","threads","connections","rps","latency","failed","server_usr","server_sys","client_usr","client_sys"
"1k",192,192,3722874,0.000452230,0,1332.04,176.64,57.42,203.94
"1k",192,384,3493422,0.000262030,0,1200.00,217.55,55.21,261.35
"1k",192,768,3437185,0.000481870,0,1138.81,241.31,52.03,274.38
"1k",192,1536,3501461,0.000725820,0,1114.16,240.17,53.31,281.91
"1k",192,3072,3644501,0.001190000,0,1028.96,270.63,62.79,334.53
"1k",192,6144,3691905,0.002100000,0,1029.56,261.71,72.13,338.94
"1k",384,384,3626914,0.000449590,0,1573.14,145.14,48.63,166.87
"1k",384,768,3701553,0.000561180,0,1097.29,235.00,60.78,299.26
"1k",384,1536,3637166,0.000910000,0,1117.82,250.81,57.54,305.27
"1k",384,3072,3729000,0.001450000,0,1084.34,260.70,57.61,325.89
"1k",384,6144,3721127,0.002030000,0,1042.60,248.69,71.00,330.37
"1k",768,768,3631853,0.000531490,0,1507.31,158.54,50.34,184.25
"1k",768,1536,3719538,0.000781770,0,1071.69,261.25,69.78,395.16
"1k",768,3072,3764662,0.001480000,0,1104.18,227.23,62.86,303.28
"1k",768,6144,3809642,0.002330000,0,1081.66,234.86,68.86,327.59
"16k",192,192,4081689,0.002330000,0,1371.15,189.75,82.00,239.22
"16k",192,384,3546127,0.000251140,0,1079.18,268.77,61.09,321.58
"16k",192,768,3421312,0.000394400,0,987.40,300.34,62.91,366.03
"16k",192,1536,3465663,0.000661030,0,975.32,308.66,58.79,360.17
"16k",192,3072,3555544,0.001100000,0,949.79,321.56,58.55,385.69
"16k",192,6144,3541256,0.001980000,0,935.76,324.58,69.09,376.90
"16k",384,384,3628516,0.000294120,0,1378.01,230.59,58.32,270.94
"16k",384,768,3459201,0.000384830,0,1181.10,276.76,62.49,298.75
"16k",384,1536,3427551,0.000663660,0,1039.58,305.20,67.66,335.70
"16k",384,3072,3461249,0.001140000,0,1001.02,305.74,70.39,351.57
"16k",384,6144,3547417,0.002010000,0,957.15,322.16,73.26,383.47
"16k",768,768,3707331,0.000529880,0,1177.92,237.20,67.46,311.46
"16k",768,1536,3611385,0.000813520,0,1038.73,301.07,67.78,346.73
"16k",768,3072,3530679,0.001090000,0,963.78,324.54,71.04,434.67
"16k",768,6144,3522007,0.001990000,0,1059.15,311.97,71.85,366.95
"64k",192,192,3509136,0.000174790,0,1069.39,340.60,87.34,403.18
"64k",192,384,3334045,0.000201930,0,814.86,354.00,78.26,462.77
"64k",192,768,3230164,0.000330940,0,785.66,382.92,77.32,484.99
"64k",192,1536,3187619,0.000629430,0,766.55,388.01,73.05,489.53
"64k",192,3072,3107514,0.001120000,0,730.74,415.91,71.72,511.43
"64k",192,6144,2932399,0.002100000,0,614.13,478.77,69.50,585.06
"64k",384,384,3537437,0.000219670,0,1077.72,334.88,84.57,416.31
"64k",384,768,3248594,0.000322780,0,820.89,378.80,130.55,474.44
"64k",384,1536,3231680,0.000590230,0,768.13,396.77,85.83,518.31
"64k",384,3072,3151024,0.001080000,0,733.15,408.84,84.04,524.46
"64k",384,6144,3008026,0.002110000,0,602.04,478.67,82.56,586.07
"64k",768,768,3493778,0.000340020,0,1026.93,360.67,86.40,434.28
"64k",768,1536,3313155,0.000557130,0,904.19,403.78,91.88,491.33
"64k",768,3072,3230581,0.001030000,0,799.30,408.74,96.14,527.44
"64k",768,6144,3065599,0.002080000,0,618.37,473.19,93.67,591.21
"256k",192,192,1651241,0.000179810,0,131.74,871.44,85.48,845.44
"256k",192,384,1579610,0.000283610,0,175.17,755.40,75.44,729.45
"256k",192,768,1338712,0.000551840,0,209.24,781.14,66.73,732.93
"256k",192,1536,1144887,0.001200000,0,247.96,672.71,57.11,823.27
"256k",192,3072,1010868,0.002590000,0,264.83,600.42,49.23,975.20
"256k",384,384,1643086,0.000278160,0,143.65,867.73,91.26,828.28
"256k",384,768,1400068,0.000557630,0,172.23,846.31,81.58,793.27
"256k",384,1536,1292210,0.001220000,0,224.78,764.06,76.82,803.66
"256k",384,3072,1103092,0.002770000,0,270.80,688.69,67.25,842.92
"256k",768,768,1490776,0.000605270,0,136.21,936.34,94.63,789.77
"256k",768,1536,1399336,0.001130000,0,197.28,826.62,97.10,828.34
"256k",768,3072,1270671,0.002440000,0,287.15,735.67,100.72,815.11
"512k",192,192,749323,0.000258550,0,195.29,633.26,64.69,1024.08
"512k",192,384,550083,0.000687790,0,541.89,647.41,54.34,593.38
"512k",192,768,488015,0.001500000,0,314.44,868.51,47.96,612.27
"512k",192,1536,419036,0.003210000,0,204.00,883.08,36.46,742.42
"512k",192,3072,390761,0.006260000,0,213.03,825.17,32.23,865.02
"512k",384,384,657416,0.000587190,0,374.88,763.66,69.24,737.03
"512k",384,768,544775,0.001420000,0,363.37,901.17,67.83,612.57
"512k",384,1536,492372,0.003090000,0,227.82,1039.93,61.54,618.07
"512k",384,3072,467512,0.006480000,0,191.72,1038.11,53.77,662.37
"512k",768,768,645679,0.001200000,0,178.61,1116.84,82.05,591.80
"512k",768,1536,561748,0.002740000,0,183.21,1141.89,77.03,561.86
"512k",768,3072,546452,0.005640000,0,190.57,1134.01,74.98,585.97
