---
system-info:
      stress-ng-version: 0.17.08
      run-by: root
      date-yyyy-mm-dd: 2024:06:09
      time-hh-mm-ss: 19:41:00
      epoch-secs: 1717962060
      hostname: f79c626a6dc6
      sysname: Linux
      nodename: f79c626a6dc6
      release: 6.8.0-1008-aws
      version: '#8-Ubuntu SMP Sat Apr 20 00:46:25 UTC 2024'
      machine: x86_64
      compiler: 'musl-gcc 13.2.1'
      uptime: 128
      totalram: 265990803456
      freeram: 261207289856
      sharedram: 59981824
      bufferram: 111771648
      totalswap: 0
      freeswap: 0
      pagesize: 4096
      cpus: 32
      cpus-online: 32
      ticks-per-second: 100

metrics:
    - stressor: cpu
      bogo-ops: 16741
      bogo-ops-per-second-usr-sys-time: 1674.002573
      bogo-ops-per-second-real-time: 1673.999863
      wall-clock-time: 10.000598
      user-time: 9.999582
      system-time: 0.001000
      cpu-usage-per-instance: 99.999838
      max-rss: 3848

...
