---
system-info:
      stress-ng-version: 0.17.08
      run-by: root
      date-yyyy-mm-dd: 2024:06:15
      time-hh-mm-ss: 22:19:22
      epoch-secs: 1718489962
      hostname: 1b1e45e4b1a7
      sysname: Linux
      nodename: 1b1e45e4b1a7
      release: 6.8.0-1008-aws
      version: '#8-Ubuntu SMP Sat Apr 20 00:46:25 UTC 2024'
      machine: x86_64
      compiler: 'musl-gcc 13.2.1'
      uptime: 137
      totalram: 265990803456
      freeram: 261314727936
      sharedram: 59981824
      bufferram: 110256128
      totalswap: 0
      freeswap: 0
      pagesize: 4096
      cpus: 32
      cpus-online: 32
      ticks-per-second: 100

metrics:
    - stressor: cpu
      bogo-ops: 37815
      bogo-ops-per-second-usr-sys-time: 1890.719559
      bogo-ops-per-second-real-time: 1890.740195
      wall-clock-time: 20.000104
      user-time: 20.000322
      system-time: 0.000000
      cpu-usage-per-instance: 100.001091
      max-rss: 1032

...
