---
system-info:
      stress-ng-version: 0.17.08
      run-by: root
      date-yyyy-mm-dd: 2024:09:23
      time-hh-mm-ss: 23:45:09
      epoch-secs: 1727135109
      hostname: sc-runner
      sysname: Linux
      nodename: sc-runner
      release: 6.8.0-1014-azure
      version: '#16-Ubuntu SMP Thu Aug 15 20:04:41 UTC 2024'
      machine: x86_64
      compiler: 'musl-gcc 13.2.1'
      uptime: 402
      totalram: 118157680640
      freeram: 107773276160
      sharedram: 46510080
      bufferram: 261181440
      totalswap: 0
      freeswap: 0
      pagesize: 4096
      cpus: 8
      cpus-online: 8
      ticks-per-second: 100

metrics:
    - stressor: cpu
      bogo-ops: 17142
      bogo-ops-per-second-usr-sys-time: 857.135271
      bogo-ops-per-second-real-time: 857.091387
      wall-clock-time: 20.000201
      user-time: 19.999177
      system-time: 0.000000
      cpu-usage-per-instance: 99.994880
      max-rss: 1104

...
