---
system-info:
      stress-ng-version: 0.17.08
      run-by: root
      date-yyyy-mm-dd: 2024:09:03
      time-hh-mm-ss: 19:58:08
      epoch-secs: 1725393488
      hostname: sc-runner
      sysname: Linux
      nodename: sc-runner
      release: 6.8.0-1013-azure
      version: '#15-Ubuntu SMP Thu Aug  8 18:40:40 UTC 2024'
      machine: x86_64
      compiler: 'musl-gcc 13.2.1'
      uptime: 375
      totalram: 118157701120
      freeram: 109550051328
      sharedram: 54898688
      bufferram: 224731136
      totalswap: 0
      freeswap: 0
      pagesize: 4096
      cpus: 8
      cpus-online: 8
      ticks-per-second: 100

metrics:
    - stressor: cpu
      bogo-ops: 27139
      bogo-ops-per-second-usr-sys-time: 1356.939687
      bogo-ops-per-second-real-time: 1356.941572
      wall-clock-time: 20.000124
      user-time: 19.999152
      system-time: 0.001000
      cpu-usage-per-instance: 100.000139
      max-rss: 3152

...
