BaselineInfo:
  WebDBID: -1
  TimeStamp: 20251216203525
Version:
  Major: 11
  Minor: 0
  Build: 1002
  SpecialBuildName: ""
  ptArchitecture: x86_64_linux
Results:
  Results Complete: true
  NumTestProcesses: 15
  CPU_INTEGER_MATH: 64682.917000000001
  CPU_FLOATINGPOINT_MATH: 46172.944361143047
  CPU_PRIME: 167.98714568538688
  CPU_SORTING: 39327.310430485348
  CPU_ENCRYPTION: 8311.6198025298927
  CPU_COMPRESSION: 327024.23979586997
  CPU_SINGLETHREAD: 2118.1312529445236
  CPU_PHYSICS: 2302.6536669777015
  CPU_MATRIX_MULT_SSE: 23537.066990616884
  CPU_mm: 2878.4793006232671
  CPU_sse: 10384.165835370308
  CPU_fma: 31539.718382371466
  CPU_avx: 21199.860289134242
  CPU_avx512: 31024.523455591498
  m_CPU_enc_SHA: 4563105178.629487
  m_CPU_enc_AES: 17575891499.686401
  m_CPU_enc_ECDSA: 4007098459.856864
  ME_ALLOC_S: 9524.8592095113854
  ME_READ_S: 25589.201367187499
  ME_READ_L: 10918.1279296875
  ME_WRITE: 10409.1142578125
  ME_LARGE: 25393.833333333332
  ME_LATENCY: 52.49748981756175
  ME_THREADED: 89720.599609375
  SUMM_CPU: 22172.734784546232
  SUMM_ME: 2612.6778104312802
SystemInformation:
  OSName: Ubuntu 24.04.2 LTS
  Kernel: 6.8.0-86-generic
  Device: ""
  Processor: Intel Xeon Gold 6226R CPU @ 2.90GHz
  NumSockets: 15
  Manufacturer: GenuineIntel
  NumCores: 15
  NumLogicals: 15
  CPUFrequency: 0
  Memory: 44085
  MemModuleInfo:
    iNumMemSticks: 1
    DIMM 1:
      manufacturer: QEMU
      modulePartNo: Not Specified
      memType: RAM
      size: 45000
      clkspeed: 0
      moduleVoltage: 0
Checksum: 0747739716044E0E5111A9A2663CD209D1D6E7BC