---
system-info:
      stress-ng-version: 0.17.08
      run-by: root
      date-yyyy-mm-dd: 2024:06:06
      time-hh-mm-ss: 12:38:15
      epoch-secs: 1717677495
      hostname: ba5096d88495
      sysname: Linux
      nodename: ba5096d88495
      release: 6.8.0-1008-aws
      version: '#8-Ubuntu SMP Sat Apr 20 00:46:25 UTC 2024'
      machine: x86_64
      compiler: 'musl-gcc 13.2.1'
      uptime: 99
      totalram: 66325270528
      freeram: 61916491776
      sharedram: 60125184
      bufferram: 83091456
      totalswap: 0
      freeswap: 0
      pagesize: 4096
      cpus: 32
      cpus-online: 32
      ticks-per-second: 100

metrics:
    - stressor: cpu
      bogo-ops: 374354
      bogo-ops-per-second-usr-sys-time: 1170.663331
      bogo-ops-per-second-real-time: 37432.079360
      wall-clock-time: 10.000887
      user-time: 319.739411
      system-time: 0.039974
      cpu-usage-per-instance: 99.922194
      max-rss: 3848

...
