---
system-info:
      stress-ng-version: 0.17.08
      run-by: root
      date-yyyy-mm-dd: 2024:06:13
      time-hh-mm-ss: 03:22:10
      epoch-secs: 1718248930
      hostname: be4efe59b9b7
      sysname: Linux
      nodename: be4efe59b9b7
      release: 6.8.0-1008-aws
      version: '#8-Ubuntu SMP Sat Apr 20 00:46:25 UTC 2024'
      machine: x86_64
      compiler: 'musl-gcc 13.2.1'
      uptime: 115
      totalram: 66325278720
      freeram: 61722251264
      sharedram: 60125184
      bufferram: 111083520
      totalswap: 0
      freeswap: 0
      pagesize: 4096
      cpus: 32
      cpus-online: 32
      ticks-per-second: 100

metrics:
    - stressor: cpu
      bogo-ops: 618150
      bogo-ops-per-second-usr-sys-time: 966.367122
      bogo-ops-per-second-real-time: 30907.374913
      wall-clock-time: 20.000081
      user-time: 639.637744
      system-time: 0.025988
      cpu-usage-per-instance: 99.947054
      max-rss: 776

...
