---
system-info:
      stress-ng-version: 0.17.08
      run-by: root
      date-yyyy-mm-dd: 2024:09:16
      time-hh-mm-ss: 13:59:08
      epoch-secs: 1726495148
      hostname: sc-runner
      sysname: Linux
      nodename: sc-runner
      release: 6.8.0-1014-azure
      version: '#16-Ubuntu SMP Thu Aug 15 21:06:50 UTC 2024'
      machine: aarch64
      compiler: 'musl-gcc 13.2.1'
      uptime: 322
      totalram: 67292835840
      freeram: 57036926976
      sharedram: 38248448
      bufferram: 246910976
      totalswap: 0
      freeswap: 0
      pagesize: 4096
      cpus: 16
      cpus-online: 16
      ticks-per-second: 100

metrics:
    - stressor: cpu
      bogo-ops: 577578
      bogo-ops-per-second-usr-sys-time: 1806.888590
      bogo-ops-per-second-real-time: 28878.824026
      wall-clock-time: 20.000053
      user-time: 319.635365
      system-time: 0.017990
      cpu-usage-per-instance: 99.891411
      max-rss: 1320

...
