---
system-info:
      stress-ng-version: 0.17.08
      run-by: root
      date-yyyy-mm-dd: 2024:08:17
      time-hh-mm-ss: 15:36:48
      epoch-secs: 1723909008
      hostname: ip-172-31-6-44
      sysname: Linux
      nodename: ip-172-31-6-44
      release: 6.8.0-1013-aws
      version: '#14-Ubuntu SMP Thu Jul 25 21:19:24 UTC 2024'
      machine: x86_64
      compiler: 'musl-gcc 13.2.1'
      uptime: 487
      totalram: 133269901312
      freeram: 125230501888
      sharedram: 37068800
      bufferram: 192028672
      totalswap: 0
      freeswap: 0
      pagesize: 4096
      cpus: 16
      cpus-online: 16
      ticks-per-second: 100

metrics:
    - stressor: cpu
      bogo-ops: 59805
      bogo-ops-per-second-usr-sys-time: 2990.501501
      bogo-ops-per-second-real-time: 2990.245972
      wall-clock-time: 20.000027
      user-time: 19.997319
      system-time: 0.000999
      cpu-usage-per-instance: 99.991455
      max-rss: 1104

...
