BaselineInfo:
  WebDBID: -1
  TimeStamp: 20260403215318
Version:
  Major: 11
  Minor: 0
  Build: 1004
  SpecialBuildName: ""
  ptArchitecture: x86_64_linux
Results:
  Results Complete: true
  NumTestProcesses: 2
  CPU_INTEGER_MATH: 8379.1833333333343
  CPU_FLOATINGPOINT_MATH: 4285.9403786591083
  CPU_PRIME: 18.632215696526117
  CPU_SORTING: 4437.723306745831
  CPU_ENCRYPTION: 1813.697467072514
  CPU_COMPRESSION: 32375.146553473231
  CPU_SINGLETHREAD: 2307.146465949138
  CPU_PHYSICS: 368.90470786703929
  CPU_MATRIX_MULT_SSE: 1669.6553437699931
  CPU_mm: 180.72432832057649
  CPU_sse: 786.99093399215815
  CPU_fma: 2178.7608230006049
  CPU_avx: 1612.5035039831691
  CPU_avx512: 2100.3661141040393
  m_CPU_enc_SHA: 1832794349.8408301
  m_CPU_enc_AES: 2755106504.1639633
  m_CPU_enc_ECDSA: 1117498051.6942921
  ME_ALLOC_S: 997.35817796849381
  ME_READ_S: 23926.443554687499
  ME_READ_L: 11157.689453125
  ME_WRITE: 10408.7197265625
  ME_LARGE: 1061
  ME_LATENCY: 63.948617514242784
  ME_THREADED: 15057.361328125
  SUMM_CPU: 2994.6953519904168
  SUMM_ME: 1212.4083616383698
SystemInformation:
  OSName: Ubuntu 24.04.4 LTS
  Kernel: 6.8.0-106-generic
  Device: ""
  Processor: Intel(R) Xeon(R) Platinum 8369B CPU @ 2.70GHz
  NumSockets: 1
  Manufacturer: GenuineIntel
  NumCores: 1
  NumLogicals: 2
  CPUFrequency: 0
  CPUMaxFrequency: 0
  Memory: 3499
  CPUInfo:
    number: 1
    Family: 6
    Model: 10
    stepping: 6
    features: 529267711
    manufacture: GenuineIntel
    typestring: Intel(R) Xeon(R) Platinum 8369B CPU @ 2.70GHz
    iCoresPerPackage: 1
    iThreadsPerPackage: 2
    featuresEx:
      - 529267711
      - 4277809667
      - 739248128
    bHybrid: false
    nPCore: 0
    nLogicalsPerPCore: 0
    nECore: 0
    nLogicalsPerECore: 0
  MemModuleInfo:
    iNumMemSticks: 1
    DIMM 1:
      manufacturer: Alibaba Cloud
      modulePartNo: Not Specified
      memType: RAM
      size: 4
      clkspeed: 0
      moduleVoltage: 0
Checksum: B3016FCFC3B32D5833C059EE98C0BF40D14CE916