BaselineInfo:
  WebDBID: -1
  TimeStamp: 20260715113913
Version:
  Major: 11
  Minor: 0
  Build: 1004
  SpecialBuildName: ""
  ptArchitecture: x86_64_linux
Results:
  Results Complete: true
  NumTestProcesses: 8
  CPU_INTEGER_MATH: 60945.145666666664
  CPU_FLOATINGPOINT_MATH: 60248.067391787554
  CPU_PRIME: 202.0415701878282
  CPU_SORTING: 33726.540594649101
  CPU_ENCRYPTION: 12428.519409554796
  CPU_COMPRESSION: 246768.14003738161
  CPU_SINGLETHREAD: 3790.513388511501
  CPU_PHYSICS: 2865.1928991395898
  CPU_MATRIX_MULT_SSE: 22199.12267438239
  CPU_mm: 2671.359908960324
  CPU_sse: 8151.4434067876136
  CPU_fma: 30718.224432860101
  CPU_avx: 16388.204693651049
  CPU_avx512: 33538.618164230807
  m_CPU_enc_SHA: 17629779513.931786
  m_CPU_enc_AES: 10795891350.225418
  m_CPU_enc_ECDSA: 10671070641.022785
  ME_ALLOC_S: 9959.5348326164785
  ME_READ_S: 33798.318749999999
  ME_READ_L: 29899.365234375
  ME_WRITE: 30367.021484375
  ME_LARGE: 7120.166666666667
  ME_LATENCY: 81.524815557704429
  ME_THREADED: 52839.455078125
  SUMM_CPU: 24587.396818208883
  SUMM_ME: 2429.3467592720758
SystemInformation:
  OSName: Ubuntu 24.04.4 LTS
  Kernel: 6.17.0-1020-azure
  Device: ""
  Processor: "AMD EPYC 9V45 96-Core Processor                "
  NumSockets: 1
  Manufacturer: AuthenticAMD
  NumCores: 8
  NumLogicals: 8
  CPUFrequency: 0
  CPUMaxFrequency: 0
  Memory: 15988
  CPUInfo:
    number: 1
    Family: 15
    Model: 2
    stepping: 1
    features: 395049983
    manufacture: AuthenticAMD
    typestring: "AMD EPYC 9V45 96-Core Processor                "
    iCoresPerPackage: 8
    iThreadsPerPackage: 1
    featuresEx:
      - 395049983
      - 4277809667
      - 802421759
    bHybrid: false
    nPCore: 0
    nLogicalsPerPCore: 0
    nECore: 0
    nLogicalsPerECore: 0
  MemModuleInfo:
    iNumMemSticks: 2
    DIMM 1:
      manufacturer: Microsoft Corporation
      modulePartNo: None
      memType: Unknown
      size: 1
      clkspeed: 0
      moduleVoltage: 0
    DIMM 2:
      manufacturer: Microsoft Corporation
      modulePartNo: None
      memType: Unknown
      size: 15
      clkspeed: 0
      moduleVoltage: 0
Checksum: E8E1D15DB3643BE248228EDF70DC760E946E33E0