BaselineInfo:
  WebDBID: -1
  TimeStamp: 20241107134332
Version:
  Major: 11
  Minor: 0
  Build: 1002
  SpecialBuildName: ""
  ptArchitecture: aarch64_linux
Results:
  Results Complete: true
  NumTestProcesses: 8
  CPU_INTEGER_MATH: 38167.801333333337
  CPU_FLOATINGPOINT_MATH: 37938.945600012165
  CPU_PRIME: 84.752590049002947
  CPU_SORTING: 31537.12802735452
  CPU_ENCRYPTION: 1114.019428103634
  CPU_COMPRESSION: 42250.786461752323
  CPU_SINGLETHREAD: 1564.9016602220649
  CPU_PHYSICS: 2001.0284243466745
  CPU_MATRIX_MULT_SSE: 6628.1476142045731
  CPU_mm: 867.90052972302317
  CPU_sse: 5558.912268785266
  CPU_fma: 7697.3829596238811
  CPU_avx: 0
  CPU_avx512: 0
  m_CPU_enc_SHA: 1689898769.0197365
  m_CPU_enc_AES: 652683235.28085864
  m_CPU_enc_ECDSA: 1161820103.2289934
  ME_ALLOC_S: 8036.0688970742322
  ME_READ_S: 19579.039648437501
  ME_READ_L: 18401.1640625
  ME_WRITE: 19642.064453125
  ME_LARGE: 5739.166666666667
  ME_LATENCY: 51.81201888532555
  ME_THREADED: 135049.046875
  SUMM_CPU: 6057.4714291129703
  SUMM_ME: 2569.3409954646058
SystemInformation:
  OSName: Ubuntu 24.04.1 LTS
  Kernel: 6.8.0-1016-aws
  Device: ""
  Processor: ARM Neoverse-V1 8 Core 0 MHz
  NumSockets: 1
  Manufacturer: ARM
  NumCores: 8
  NumLogicals: 8
  CPUFrequency: 0
  Memory: 15672
Checksum: 782051FE86C8984C4DF2C5102BF34DF5395F464B