BaselineInfo:
  WebDBID: -1
  TimeStamp: 20260404064802
Version:
  Major: 11
  Minor: 0
  Build: 1004
  SpecialBuildName: ""
  ptArchitecture: x86_64_linux
Results:
  Results Complete: true
  NumTestProcesses: 4
  CPU_INTEGER_MATH: 12582.194
  CPU_FLOATINGPOINT_MATH: 7954.3578605335861
  CPU_PRIME: 31.657778999643433
  CPU_SORTING: 7968.2628485031773
  CPU_ENCRYPTION: 1218.9422692446838
  CPU_COMPRESSION: 55900.912921904739
  CPU_SINGLETHREAD: 2253.4225882511737
  CPU_PHYSICS: 439.82306817960409
  CPU_MATRIX_MULT_SSE: 2880.2646790060321
  CPU_mm: 380.15585343998623
  CPU_sse: 1560.5241076388384
  CPU_fma: 4130.465140055765
  CPU_avx: 2949.8047893234939
  CPU_avx512: 0
  m_CPU_enc_SHA: 547940755.58836961
  m_CPU_enc_AES: 2792521958.5028734
  m_CPU_enc_ECDSA: 493998112.65529752
  ME_ALLOC_S: 1309.1460803238765
  ME_READ_S: 25512.259375000001
  ME_READ_L: 8121.8154296875
  ME_WRITE: 7034.63623046875
  ME_LARGE: 2884.5
  ME_LATENCY: 64.680086204050156
  ME_THREADED: 20970.57861328125
  SUMM_CPU: 4187.3630791156429
  SUMM_ME: 1546.6771384758988
SystemInformation:
  OSName: Ubuntu 24.04.4 LTS
  Kernel: 6.8.0-106-generic
  Device: ""
  Processor: Intel(R) Xeon(R) CPU E5-2667 v4 @ 3.20GHz
  NumSockets: 1
  Manufacturer: GenuineIntel
  NumCores: 2
  NumLogicals: 4
  CPUFrequency: 0
  CPUMaxFrequency: 0
  Memory: 15609
  CPUInfo:
    number: 1
    Family: 6
    Model: 15
    stepping: 1
    features: 529267711
    manufacture: GenuineIntel
    typestring: Intel(R) Xeon(R) CPU E5-2667 v4 @ 3.20GHz
    iCoresPerPackage: 2
    iThreadsPerPackage: 2
    featuresEx:
      - 529267711
      - 4294586883
      - 739248128
    bHybrid: false
    nPCore: 0
    nLogicalsPerPCore: 0
    nECore: 0
    nLogicalsPerECore: 0
  MemModuleInfo:
    iNumMemSticks: 1
    DIMM 1:
      manufacturer: Alibaba Cloud
      modulePartNo: Not Specified
      memType: RAM
      size: 16
      clkspeed: 0
      moduleVoltage: 0
Checksum: 9D63D9A1ABC40EF58264354A82EECF45E895C2C6