size_kb,operation,bandwidth_mb_s,latency_ns,latency_stddev_ns,latency_samples,threads,iterations,elapsed_s
32,read,194262.57,0,0,0,4,664893,0.427831
32,write,119575.92,0,0,0,4,526315,0.550189
32,copy,97165.94,0,0,0,4,333778,0.429392
32,latency,0,1.30,0.04,7,1,7,0.188736
128,read,193540.22,0,0,0,4,164798,0.425746
128,write,118920.20,0,0,0,4,112107,0.471354
128,copy,97312.06,0,0,0,4,88841,0.456475
128,latency,0,3.56,0.00,7,1,7,0.694149
1024,read,114534.02,0,0,0,4,20698,0.722859
1024,write,97469.16,0,0,0,4,13469,0.552749
1024,copy,26372.75,0,0,0,4,6339,0.961447
1024,latency,0,6.58,0.01,7,1,7,0.800310
2048,read,52021.23,0,0,0,4,5081,0.781373
2048,write,52563.23,0,0,0,4,3595,0.547150
2048,copy,26074.82,0,0,0,4,1704,0.522803
2048,latency,0,13.45,0.06,7,1,7,0.639977
4096,read,51179.34,0,0,0,4,1813,0.566791
4096,write,51727.23,0,0,0,4,1661,0.513772
4096,copy,26097.10,0,0,0,4,858,0.526035
4096,latency,0,23.62,0.04,7,1,7,0.718443
131072,read,36527.22,0,0,0,4,34,0.476576
131072,write,31727.10,0,0,0,4,26,0.419578
131072,copy,17746.42,0,0,0,4,17,0.490465
131072,latency,0,66.19,1.93,7,1,7,5.815058
262144,read,35189.58,0,0,0,4,18,0.523791
262144,write,29399.88,0,0,0,4,11,0.383131
262144,copy,17492.67,0,0,0,2,8,0.234155
262144,latency,0,112.52,0.70,7,1,7,19.369145
524288,read,21278.79,0,0,0,2,9,0.433107
524288,write,15467.16,0,0,0,2,5,0.331024
524288,copy,9415.38,0,0,0,1,4,0.217516
524288,latency,0,125.02,0.49,7,1,7,43.102206
