---
system-info:
      stress-ng-version: 0.17.08
      run-by: root
      date-yyyy-mm-dd: 2024:06:15
      time-hh-mm-ss: 11:17:49
      epoch-secs: 1718450269
      hostname: bc3d9ef9c9fc
      sysname: Linux
      nodename: bc3d9ef9c9fc
      release: 6.8.0-1008-aws
      version: '#8-Ubuntu SMP Sat Apr 20 00:46:25 UTC 2024'
      machine: x86_64
      compiler: 'musl-gcc 13.2.1'
      uptime: 140
      totalram: 16379031552
      freeram: 12061831168
      sharedram: 29188096
      bufferram: 109867008
      totalswap: 0
      freeswap: 0
      pagesize: 4096
      cpus: 4
      cpus-online: 4
      ticks-per-second: 100

metrics:
    - stressor: cpu
      bogo-ops: 37345
      bogo-ops-per-second-usr-sys-time: 1867.298830
      bogo-ops-per-second-real-time: 1867.244391
      wall-clock-time: 20.000060
      user-time: 19.999477
      system-time: 0.000000
      cpu-usage-per-instance: 99.997085
      max-rss: 1104

...
