---
system-info:
      stress-ng-version: 0.17.08
      run-by: root
      date-yyyy-mm-dd: 2024:06:08
      time-hh-mm-ss: 15:21:37
      epoch-secs: 1717860097
      hostname: a760f2643c44
      sysname: Linux
      nodename: a760f2643c44
      release: 6.8.0-1008-aws
      version: '#8-Ubuntu SMP Sat Apr 20 00:46:25 UTC 2024'
      machine: x86_64
      compiler: 'musl-gcc 13.2.1'
      uptime: 123
      totalram: 16379031552
      freeram: 12027674624
      sharedram: 29188096
      bufferram: 102821888
      totalswap: 0
      freeswap: 0
      pagesize: 4096
      cpus: 4
      cpus-online: 4
      ticks-per-second: 100

metrics:
    - stressor: cpu
      bogo-ops: 20165
      bogo-ops-per-second-usr-sys-time: 2016.421158
      bogo-ops-per-second-real-time: 2016.416253
      wall-clock-time: 10.000415
      user-time: 10.000391
      system-time: 0.000000
      cpu-usage-per-instance: 99.999757
      max-rss: 3920

...
