---
system-info:
      stress-ng-version: 0.17.08
      run-by: root
      date-yyyy-mm-dd: 2024:06:14
      time-hh-mm-ss: 20:42:37
      epoch-secs: 1718397757
      hostname: e471146ec8ae
      sysname: Linux
      nodename: e471146ec8ae
      release: 6.8.0-1008-aws
      version: '#8-Ubuntu SMP Sat Apr 20 00:46:25 UTC 2024'
      machine: x86_64
      compiler: 'musl-gcc 13.2.1'
      uptime: 136
      totalram: 198504636416
      freeram: 193300582400
      sharedram: 55328768
      bufferram: 109764608
      totalswap: 0
      freeswap: 0
      pagesize: 4096
      cpus: 48
      cpus-online: 48
      ticks-per-second: 100

metrics:
    - stressor: cpu
      bogo-ops: 37341
      bogo-ops-per-second-usr-sys-time: 1867.051494
      bogo-ops-per-second-real-time: 1867.050423
      wall-clock-time: 19.999995
      user-time: 19.999984
      system-time: 0.000000
      cpu-usage-per-instance: 99.999943
      max-rss: 1152

...
