---
system-info:
      stress-ng-version: 0.17.08
      run-by: root
      date-yyyy-mm-dd: 2024:06:08
      time-hh-mm-ss: 14:40:58
      epoch-secs: 1717857658
      hostname: ce6e51e91e71
      sysname: Linux
      nodename: ce6e51e91e71
      release: 6.8.0-1008-aws
      version: '#8-Ubuntu SMP Sat Apr 20 00:46:25 UTC 2024'
      machine: x86_64
      compiler: 'musl-gcc 13.2.1'
      uptime: 120
      totalram: 198504636416
      freeram: 193338028032
      sharedram: 55328768
      bufferram: 102699008
      totalswap: 0
      freeswap: 0
      pagesize: 4096
      cpus: 48
      cpus-online: 48
      ticks-per-second: 100

metrics:
    - stressor: cpu
      bogo-ops: 20262
      bogo-ops-per-second-usr-sys-time: 2026.114498
      bogo-ops-per-second-real-time: 2026.131501
      wall-clock-time: 10.000338
      user-time: 10.000422
      system-time: 0.000000
      cpu-usage-per-instance: 100.000839
      max-rss: 3840

...
