---
system-info:
      stress-ng-version: 0.17.08
      run-by: root
      date-yyyy-mm-dd: 2024:06:14
      time-hh-mm-ss: 18:55:56
      epoch-secs: 1718391356
      hostname: aa35d3aa7fec
      sysname: Linux
      nodename: aa35d3aa7fec
      release: 6.8.0-1008-aws
      version: '#8-Ubuntu SMP Sat Apr 20 00:46:25 UTC 2024'
      machine: x86_64
      compiler: 'musl-gcc 13.2.1'
      uptime: 168
      totalram: 8158908416
      freeram: 3885817856
      sharedram: 11632640
      bufferram: 108433408
      totalswap: 0
      freeswap: 0
      pagesize: 4096
      cpus: 2
      cpus-online: 2
      ticks-per-second: 100

metrics:
    - stressor: cpu
      bogo-ops: 11791
      bogo-ops-per-second-usr-sys-time: 299.562473
      bogo-ops-per-second-real-time: 589.544557
      wall-clock-time: 20.000185
      user-time: 39.352764
      system-time: 0.007974
      cpu-usage-per-instance: 98.400936
      max-rss: 1104

...
