---
system-info:
      stress-ng-version: 0.17.08
      run-by: root
      date-yyyy-mm-dd: 2024:06:08
      time-hh-mm-ss: 12:33:40
      epoch-secs: 1717850020
      hostname: c89c5fdc7607
      sysname: Linux
      nodename: c89c5fdc7607
      release: 6.8.0-1008-aws
      version: '#8-Ubuntu SMP Sat Apr 20 00:46:25 UTC 2024'
      machine: x86_64
      compiler: 'musl-gcc 13.2.1'
      uptime: 151
      totalram: 8158912512
      freeram: 3865362432
      sharedram: 11632640
      bufferram: 103198720
      totalswap: 0
      freeswap: 0
      pagesize: 4096
      cpus: 2
      cpus-online: 2
      ticks-per-second: 100

metrics:
    - stressor: cpu
      bogo-ops: 15857
      bogo-ops-per-second-usr-sys-time: 803.511717
      bogo-ops-per-second-real-time: 1585.630421
      wall-clock-time: 10.000439
      user-time: 19.724644
      system-time: 0.009978
      cpu-usage-per-instance: 98.668780
      max-rss: 4048

...
