---
system-info:
      stress-ng-version: 0.17.08
      run-by: root
      date-yyyy-mm-dd: 2024:06:14
      time-hh-mm-ss: 21:41:14
      epoch-secs: 1718401274
      hostname: 97d0486ad132
      sysname: Linux
      nodename: 97d0486ad132
      release: 6.8.0-31-generic
      version: '#31-Ubuntu SMP PREEMPT_DYNAMIC Sat Apr 20 00:40:06 UTC 2024'
      machine: x86_64
      compiler: 'musl-gcc 13.2.1'
      uptime: 113
      totalram: 32862363648
      freeram: 29294542848
      sharedram: 18026496
      bufferram: 116875264
      totalswap: 0
      freeswap: 0
      pagesize: 4096
      cpus: 8
      cpus-online: 8
      ticks-per-second: 100

metrics:
    - stressor: cpu
      bogo-ops: 172638
      bogo-ops-per-second-usr-sys-time: 1082.929356
      bogo-ops-per-second-real-time: 8631.863869
      wall-clock-time: 20.000084
      user-time: 159.378617
      system-time: 0.038984
      cpu-usage-per-instance: 99.635584
      max-rss: 1104

...
