---
system-info:
      stress-ng-version: 0.17.08
      run-by: root
      date-yyyy-mm-dd: 2024:06:07
      time-hh-mm-ss: 21:12:48
      epoch-secs: 1717794768
      hostname: d7e5d301db5e
      sysname: Linux
      nodename: d7e5d301db5e
      release: 6.8.0-31-generic
      version: '#31-Ubuntu SMP PREEMPT_DYNAMIC Sat Apr 20 00:40:06 UTC 2024'
      machine: x86_64
      compiler: 'musl-gcc 13.2.1'
      uptime: 104
      totalram: 32862363648
      freeram: 29355327488
      sharedram: 18034688
      bufferram: 101736448
      totalswap: 0
      freeswap: 0
      pagesize: 4096
      cpus: 8
      cpus-online: 8
      ticks-per-second: 100

metrics:
    - stressor: cpu
      bogo-ops: 105100
      bogo-ops-per-second-usr-sys-time: 1319.213788
      bogo-ops-per-second-real-time: 10507.704550
      wall-clock-time: 10.002185
      user-time: 79.637657
      system-time: 0.031007
      cpu-usage-per-instance: 99.564080
      max-rss: 3792

...
