---
system-info:
      stress-ng-version: 0.17.08
      run-by: root
      date-yyyy-mm-dd: 2024:06:08
      time-hh-mm-ss: 19:54:46
      epoch-secs: 1717876486
      hostname: fdd72ed0a20f
      sysname: Linux
      nodename: fdd72ed0a20f
      release: 6.8.0-1008-aws
      version: '#8-Ubuntu SMP Sat Apr 20 00:46:25 UTC 2024'
      machine: x86_64
      compiler: 'musl-gcc 13.2.1'
      uptime: 104
      totalram: 132207271936
      freeram: 127554732032
      sharedram: 37249024
      bufferram: 105246720
      totalswap: 0
      freeswap: 0
      pagesize: 4096
      cpus: 32
      cpus-online: 32
      ticks-per-second: 100

metrics:
    - stressor: cpu
      bogo-ops: 534723
      bogo-ops-per-second-usr-sys-time: 1672.736057
      bogo-ops-per-second-real-time: 53464.759875
      wall-clock-time: 10.001410
      user-time: 319.631701
      system-time: 0.037979
      cpu-usage-per-instance: 99.882689
      max-rss: 3848

...
