---
system-info:
      stress-ng-version: 0.17.08
      run-by: root
      date-yyyy-mm-dd: 2024:06:15
      time-hh-mm-ss: 04:43:14
      epoch-secs: 1718426594
      hostname: 4c4134992b22
      sysname: Linux
      nodename: 4c4134992b22
      release: 6.8.0-1008-aws
      version: '#8-Ubuntu SMP Sat Apr 20 00:46:25 UTC 2024'
      machine: x86_64
      compiler: 'musl-gcc 13.2.1'
      uptime: 111
      totalram: 132207263744
      freeram: 127634391040
      sharedram: 37249024
      bufferram: 108503040
      totalswap: 0
      freeswap: 0
      pagesize: 4096
      cpus: 32
      cpus-online: 32
      ticks-per-second: 100

metrics:
    - stressor: cpu
      bogo-ops: 1967078
      bogo-ops-per-second-usr-sys-time: 3076.118451
      bogo-ops-per-second-real-time: 98353.670599
      wall-clock-time: 20.000047
      user-time: 639.436587
      system-time: 0.030986
      cpu-usage-per-instance: 99.916575
      max-rss: 1032

...
