---
system-info:
      stress-ng-version: 0.17.08
      run-by: root
      date-yyyy-mm-dd: 2024:09:16
      time-hh-mm-ss: 19:51:29
      epoch-secs: 1726516289
      hostname: sc-runner
      sysname: Linux
      nodename: sc-runner
      release: 6.8.0-1014-azure
      version: '#16-Ubuntu SMP Thu Aug 15 20:04:41 UTC 2024'
      machine: x86_64
      compiler: 'musl-gcc 13.2.1'
      uptime: 261
      totalram: 67419566080
      freeram: 57027055616
      sharedram: 55029760
      bufferram: 251629568
      totalswap: 0
      freeswap: 0
      pagesize: 4096
      cpus: 16
      cpus-online: 16
      ticks-per-second: 100

metrics:
    - stressor: cpu
      bogo-ops: 310471
      bogo-ops-per-second-usr-sys-time: 971.269599
      bogo-ops-per-second-real-time: 15523.498289
      wall-clock-time: 20.000067
      user-time: 319.630821
      system-time: 0.023990
      cpu-usage-per-instance: 99.891796
      max-rss: 1104

...
