---
system-info:
      stress-ng-version: 0.17.08
      run-by: root
      date-yyyy-mm-dd: 2024:09:06
      time-hh-mm-ss: 03:59:56
      epoch-secs: 1725595196
      hostname: sc-runner
      sysname: Linux
      nodename: sc-runner
      release: 6.8.0-1013-azure
      version: '#15-Ubuntu SMP Thu Aug  8 18:40:40 UTC 2024'
      machine: x86_64
      compiler: 'musl-gcc 13.2.1'
      uptime: 321
      totalram: 67419570176
      freeram: 58545405952
      sharedram: 55029760
      bufferram: 240209920
      totalswap: 0
      freeswap: 0
      pagesize: 4096
      cpus: 16
      cpus-online: 16
      ticks-per-second: 100

metrics:
    - stressor: cpu
      bogo-ops: 310352
      bogo-ops-per-second-usr-sys-time: 971.254036
      bogo-ops-per-second-real-time: 15517.544100
      wall-clock-time: 20.000072
      user-time: 319.513426
      system-time: 0.023985
      cpu-usage-per-instance: 99.855081
      max-rss: 3152

...
