---
system-info:
      stress-ng-version: 0.17.08
      run-by: root
      date-yyyy-mm-dd: 2024:09:08
      time-hh-mm-ss: 10:59:00
      epoch-secs: 1725793140
      hostname: ip-172-31-20-118
      sysname: Linux
      nodename: ip-172-31-20-118
      release: 6.8.0-1014-aws
      version: '#15-Ubuntu SMP Thu Aug  8 20:05:03 UTC 2024'
      machine: aarch64
      compiler: 'musl-gcc 13.2.1'
      uptime: 218
      totalram: 534454140928
      freeram: 525448552448
      sharedram: 34942976
      bufferram: 224059392
      totalswap: 0
      freeswap: 0
      pagesize: 4096
      cpus: 32
      cpus-online: 32
      ticks-per-second: 100

metrics:
    - stressor: cpu
      bogo-ops: 30399
      bogo-ops-per-second-usr-sys-time: 1519.930621
      bogo-ops-per-second-real-time: 1519.945814
      wall-clock-time: 20.000055
      user-time: 20.000255
      system-time: 0.000000
      cpu-usage-per-instance: 100.001000
      max-rss: 1024

...
