---
system-info:
      stress-ng-version: 0.17.08
      run-by: root
      date-yyyy-mm-dd: 2024:09:11
      time-hh-mm-ss: 07:29:38
      epoch-secs: 1726039778
      hostname: ip-172-31-30-132
      sysname: Linux
      nodename: ip-172-31-30-132
      release: 6.8.0-1014-aws
      version: '#15-Ubuntu SMP Thu Aug  8 20:05:03 UTC 2024'
      machine: aarch64
      compiler: 'musl-gcc 13.2.1'
      uptime: 208
      totalram: 534454145024
      freeram: 525568524288
      sharedram: 34942976
      bufferram: 220364800
      totalswap: 0
      freeswap: 0
      pagesize: 4096
      cpus: 32
      cpus-online: 32
      ticks-per-second: 100

metrics:
    - stressor: cpu
      bogo-ops: 30394
      bogo-ops-per-second-usr-sys-time: 1519.636935
      bogo-ops-per-second-real-time: 1519.693460
      wall-clock-time: 20.000086
      user-time: 19.999831
      system-time: 0.000999
      cpu-usage-per-instance: 100.003720
      max-rss: 1280

...
