size_kb,operation,bandwidth_mb_s,latency_ns,latency_stddev_ns,latency_samples,threads,iterations,elapsed_s
32,read,74949.40,0,0,0,1,359712,0.149981
32,write,80180.14,0,0,0,1,586854,0.228725
32,copy,62132.05,0,0,0,1,361794,0.181968
32,latency,0,2.16,0.02,7,1,7,0.311926
128,read,61725.68,0,0,0,1,151057,0.305904
128,write,75024.06,0,0,0,1,165234,0.275302
128,copy,43735.81,0,0,0,1,71469,0.204263
128,latency,0,2.90,0.01,7,1,7,0.667695
1024,read,55956.40,0,0,0,1,17941,0.320625
1024,write,73075.89,0,0,0,1,21184,0.289890
1024,copy,35148.72,0,0,0,1,15212,0.432790
1024,latency,0,5.34,0.03,7,1,7,0.662961
2048,read,45742.38,0,0,0,1,6136,0.268285
2048,write,72754.74,0,0,0,1,10621,0.291967
2048,copy,31219.62,0,0,0,1,4181,0.267844
2048,latency,0,9.42,0.33,7,1,7,0.676694
4096,read,38743.41,0,0,0,1,1866,0.192652
4096,write,71836.78,0,0,0,1,4795,0.266994
4096,copy,28577.84,0,0,0,1,1550,0.216951
4096,latency,0,17.11,0.13,7,1,7,0.681539
8192,read,35329.97,0,0,0,1,873,0.197679
8192,write,69244.44,0,0,0,1,2162,0.249782
8192,copy,27414.58,0,0,0,1,785,0.229075
8192,latency,0,21.26,0.23,7,1,7,0.753777
16384,read,33355.40,0,0,0,1,429,0.205784
16384,write,66715.86,0,0,0,1,1072,0.257090
16384,copy,26895.35,0,0,0,1,391,0.232605
16384,latency,0,24.76,4.03,21,1,21,2.456815
32768,read,29529.54,0,0,0,1,216,0.234071
32768,write,65090.45,0,0,0,1,515,0.253186
32768,copy,25811.08,0,0,0,1,193,0.239277
32768,latency,0,88.38,8.50,21,1,21,4.573935
65536,read,27476.97,0,0,0,1,106,0.246898
65536,write,64780.96,0,0,0,1,250,0.246986
65536,copy,24520.38,0,0,0,1,94,0.245347
65536,latency,0,104.99,1.43,7,1,7,4.698567
131072,read,27008.08,0,0,0,1,52,0.246445
131072,write,64442.73,0,0,0,1,126,0.250269
131072,copy,24466.47,0,0,0,1,47,0.245888
131072,latency,0,110.84,0.41,7,1,7,10.066027
