---
system-info:
      stress-ng-version: 0.17.08
      run-by: root
      date-yyyy-mm-dd: 2024:06:08
      time-hh-mm-ss: 16:24:13
      epoch-secs: 1717863853
      hostname: bf6e073d8104
      sysname: Linux
      nodename: bf6e073d8104
      release: 6.8.0-1008-aws
      version: '#8-Ubuntu SMP Sat Apr 20 00:46:25 UTC 2024'
      machine: x86_64
      compiler: 'musl-gcc 13.2.1'
      uptime: 114
      totalram: 132272103424
      freeram: 127411142656
      sharedram: 70610944
      bufferram: 103100416
      totalswap: 0
      freeswap: 0
      pagesize: 4096
      cpus: 32
      cpus-online: 32
      ticks-per-second: 100

metrics:
    - stressor: cpu
      bogo-ops: 423005
      bogo-ops-per-second-usr-sys-time: 1323.065640
      bogo-ops-per-second-real-time: 42292.256148
      wall-clock-time: 10.001949
      user-time: 319.672832
      system-time: 0.042976
      cpu-usage-per-instance: 99.891719
      max-rss: 4104

...
