---
system-info:
      stress-ng-version: 0.17.08
      run-by: root
      date-yyyy-mm-dd: 2024:06:14
      time-hh-mm-ss: 22:20:07
      epoch-secs: 1718403607
      hostname: 8d6688c21675
      sysname: Linux
      nodename: 8d6688c21675
      release: 6.8.0-1008-aws
      version: '#8-Ubuntu SMP Sat Apr 20 00:46:25 UTC 2024'
      machine: x86_64
      compiler: 'musl-gcc 13.2.1'
      uptime: 126
      totalram: 132272095232
      freeram: 127493582848
      sharedram: 70610944
      bufferram: 108572672
      totalswap: 0
      freeswap: 0
      pagesize: 4096
      cpus: 32
      cpus-online: 32
      ticks-per-second: 100

metrics:
    - stressor: cpu
      bogo-ops: 955570
      bogo-ops-per-second-usr-sys-time: 1493.868930
      bogo-ops-per-second-real-time: 47778.349992
      wall-clock-time: 20.000063
      user-time: 639.636216
      system-time: 0.024989
      cpu-usage-per-instance: 99.946749
      max-rss: 1032

...
