BaselineInfo:
  WebDBID: -1
  TimeStamp: 20260714200023
Version:
  Major: 11
  Minor: 0
  Build: 1004
  SpecialBuildName: ""
  ptArchitecture: x86_64_linux
Results:
  Results Complete: true
  NumTestProcesses: 8
  CPU_INTEGER_MATH: 33628.842333333334
  CPU_FLOATINGPOINT_MATH: 17190.89212738194
  CPU_PRIME: 75.611337166484489
  CPU_SORTING: 17144.31593768856
  CPU_ENCRYPTION: 7312.273561219954
  CPU_COMPRESSION: 128358.92551950624
  CPU_SINGLETHREAD: 2421.9721206789436
  CPU_PHYSICS: 1404.2434792068273
  CPU_MATRIX_MULT_SSE: 7469.0018431145681
  CPU_mm: 723.89606269210685
  CPU_sse: 3185.8215112733301
  CPU_fma: 8747.2086732061325
  CPU_avx: 6468.1684794031353
  CPU_avx512: 11474.808708575676
  m_CPU_enc_SHA: 7378841357.1113548
  m_CPU_enc_AES: 11105098121.261234
  m_CPU_enc_ECDSA: 4518484206.8167334
  ME_ALLOC_S: 4113.2063679108351
  ME_READ_S: 24554.309375000001
  ME_READ_L: 12815.2412109375
  ME_WRITE: 11463.7900390625
  ME_LARGE: 19229.916666666668
  ME_LATENCY: 51.253273688346809
  ME_THREADED: 58481.220703125
  SUMM_CPU: 11541.370209592744
  SUMM_ME: 2597.1173470875551
SystemInformation:
  OSName: Ubuntu 24.04.4 LTS
  Kernel: 6.17.0-1020-azure
  Device: ""
  Processor: Intel(R) Xeon(R) Platinum 8370C CPU @ 2.80GHz
  NumSockets: 1
  Manufacturer: GenuineIntel
  NumCores: 4
  NumLogicals: 8
  CPUFrequency: 2800
  CPUMaxFrequency: 2800
  Memory: 64303
  CPUInfo:
    number: 1
    Family: 6
    Model: 10
    stepping: 6
    features: 529267711
    manufacture: GenuineIntel
    typestring: Intel(R) Xeon(R) Platinum 8370C CPU @ 2.80GHz
    iCoresPerPackage: 4
    iThreadsPerPackage: 2
    featuresEx:
      - 529267711
      - 4294586915
      - 739248128
    bHybrid: false
    nPCore: 0
    nLogicalsPerPCore: 0
    nECore: 0
    nLogicalsPerECore: 0
  MemModuleInfo:
    iNumMemSticks: 3
    DIMM 1:
      manufacturer: Microsoft Corporation
      modulePartNo: None
      memType: Unknown
      size: 1
      clkspeed: 0
      moduleVoltage: 0
    DIMM 2:
      manufacturer: Microsoft Corporation
      modulePartNo: None
      memType: Unknown
      size: 59
      clkspeed: 0
      moduleVoltage: 0
    DIMM 3:
      manufacturer: Microsoft Corporation
      modulePartNo: None
      memType: Unknown
      size: 4
      clkspeed: 0
      moduleVoltage: 0
Checksum: 0B4408A1C22EB23863C62718378238CEC0D78F3F