BaselineInfo:
  WebDBID: -1
  TimeStamp: 20241108035756
Version:
  Major: 11
  Minor: 0
  Build: 1002
  SpecialBuildName: ""
  ptArchitecture: x86_64_linux
Results:
  Results Complete: true
  NumTestProcesses: 8
  CPU_INTEGER_MATH: 33652.343333333338
  CPU_FLOATINGPOINT_MATH: 17209.805039262505
  CPU_PRIME: 77.10939935305089
  CPU_SORTING: 17666.351353103571
  CPU_ENCRYPTION: 7321.4085718022297
  CPU_COMPRESSION: 125147.8652387091
  CPU_SINGLETHREAD: 2427.2929366256117
  CPU_PHYSICS: 1256.7997367451926
  CPU_MATRIX_MULT_SSE: 7222.4118623267459
  CPU_mm: 714.33459993812767
  CPU_sse: 3181.1651538337856
  CPU_fma: 8749.6961507529577
  CPU_avx: 6465.9537948511579
  CPU_avx512: 10492.832349869081
  m_CPU_enc_SHA: 7385919224.6329794
  m_CPU_enc_AES: 11113995773.214931
  m_CPU_enc_ECDSA: 4531244945.9103737
  ME_ALLOC_S: 4130.5278006854287
  ME_READ_S: 24200.57421875
  ME_READ_L: 12705.6826171875
  ME_WRITE: 11400.810546875
  ME_LARGE: 54196.75
  ME_LATENCY: 51.450867644799189
  ME_THREADED: 55864.4638671875
  SUMM_CPU: 11448.684165087499
  SUMM_ME: 2648.6009053513153
SystemInformation:
  OSName: Ubuntu 24.04.1 LTS
  Kernel: 6.8.0-1017-azure
  Device: ""
  Processor: Intel Xeon Platinum 8370C CPU @ 2.80GHz
  NumSockets: 1
  Manufacturer: GenuineIntel
  NumCores: 4
  NumLogicals: 8
  CPUFrequency: 2800
  Memory: 64298
  MemModuleInfo:
    iNumMemSticks: 3
    DIMM 1:
      manufacturer: Microsoft Corporation
      modulePartNo: None
      memType: Unknown
      size: 1
      clkspeed: 0
      moduleVoltage: 0
    DIMM 2:
      manufacturer: Microsoft Corporation
      modulePartNo: None
      memType: Unknown
      size: 59
      clkspeed: 0
      moduleVoltage: 0
    DIMM 3:
      manufacturer: Microsoft Corporation
      modulePartNo: None
      memType: Unknown
      size: 4
      clkspeed: 0
      moduleVoltage: 0
Checksum: 8254FEC11F07429FF0CB5BCA8DBA2246FA0D5792