---
system-info:
      stress-ng-version: 0.17.08
      run-by: root
      date-yyyy-mm-dd: 2024:06:07
      time-hh-mm-ss: 21:55:19
      epoch-secs: 1717797319
      hostname: 7c275cac5746
      sysname: Linux
      nodename: 7c275cac5746
      release: 6.8.0-1008-aws
      version: '#8-Ubuntu SMP Sat Apr 20 02:43:14 UTC 2024'
      machine: aarch64
      compiler: 'musl-gcc 13.2.1'
      uptime: 135
      totalram: 16368410624
      freeram: 12141350912
      sharedram: 35000320
      bufferram: 93257728
      totalswap: 0
      freeswap: 0
      pagesize: 4096
      cpus: 4
      cpus-online: 4
      ticks-per-second: 100

metrics:
    - stressor: cpu
      bogo-ops: 2940
      bogo-ops-per-second-usr-sys-time: 292.674332
      bogo-ops-per-second-real-time: 292.648917
      wall-clock-time: 10.046167
      user-time: 10.043296
      system-time: 0.001999
      cpu-usage-per-instance: 99.991316
      max-rss: 4008

...
