---
system-info:
      stress-ng-version: 0.17.08
      run-by: root
      date-yyyy-mm-dd: 2024:06:13
      time-hh-mm-ss: 13:27:29
      epoch-secs: 1718285249
      hostname: 3dbe30e91b20
      sysname: Linux
      nodename: 3dbe30e91b20
      release: 6.8.0-1008-aws
      version: '#8-Ubuntu SMP Sat Apr 20 02:43:14 UTC 2024'
      machine: aarch64
      compiler: 'musl-gcc 13.2.1'
      uptime: 153
      totalram: 16368406528
      freeram: 12128661504
      sharedram: 35000320
      bufferram: 106205184
      totalswap: 0
      freeswap: 0
      pagesize: 4096
      cpus: 4
      cpus-online: 4
      ticks-per-second: 100

metrics:
    - stressor: cpu
      bogo-ops: 30367
      bogo-ops-per-second-usr-sys-time: 1518.326086
      bogo-ops-per-second-real-time: 1518.343430
      wall-clock-time: 20.000087
      user-time: 20.000315
      system-time: 0.000000
      cpu-usage-per-instance: 100.001142
      max-rss: 1192

...
