---
system-info:
      stress-ng-version: 0.17.08
      run-by: root
      date-yyyy-mm-dd: 2024:06:14
      time-hh-mm-ss: 22:01:54
      epoch-secs: 1718402514
      hostname: 1c23593e1cd9
      sysname: Linux
      nodename: 1c23593e1cd9
      release: 6.8.0-31-generic
      version: '#31-Ubuntu SMP PREEMPT_DYNAMIC Sat Apr 20 02:32:42 UTC 2024'
      machine: aarch64
      compiler: 'musl-gcc 13.2.1'
      uptime: 74
      totalram: 3990425600
      freeram: 527417344
      sharedram: 6733824
      bufferram: 98000896
      totalswap: 0
      freeswap: 0
      pagesize: 4096
      cpus: 2
      cpus-online: 2
      ticks-per-second: 100

metrics:
    - stressor: cpu
      bogo-ops: 70466
      bogo-ops-per-second-usr-sys-time: 1782.657279
      bogo-ops-per-second-real-time: 3523.289773
      wall-clock-time: 20.000058
      user-time: 39.520651
      system-time: 0.007979
      cpu-usage-per-instance: 98.821288
      max-rss: 1064

...
