---
system-info:
      stress-ng-version: 0.17.08
      run-by: root
      date-yyyy-mm-dd: 2024:06:07
      time-hh-mm-ss: 20:32:27
      epoch-secs: 1717792347
      hostname: b9e26ed3481d
      sysname: Linux
      nodename: b9e26ed3481d
      release: 6.8.0-31-generic
      version: '#31-Ubuntu SMP PREEMPT_DYNAMIC Sat Apr 20 02:32:42 UTC 2024'
      machine: aarch64
      compiler: 'musl-gcc 13.2.1'
      uptime: 71
      totalram: 3990425600
      freeram: 573288448
      sharedram: 6742016
      bufferram: 82329600
      totalswap: 0
      freeswap: 0
      pagesize: 4096
      cpus: 2
      cpus-online: 2
      ticks-per-second: 100

metrics:
    - stressor: cpu
      bogo-ops: 6626
      bogo-ops-per-second-usr-sys-time: 335.368948
      bogo-ops-per-second-real-time: 660.977791
      wall-clock-time: 10.024543
      user-time: 19.748380
      system-time: 0.008965
      cpu-usage-per-instance: 98.544871
      max-rss: 4264

...
