BaselineInfo:
  WebDBID: -1
  TimeStamp: 20241115084236
Version:
  Major: 11
  Minor: 0
  Build: 1002
  SpecialBuildName: ""
  ptArchitecture: x86_64_linux
Results:
  Results Complete: true
  NumTestProcesses: 2
  CPU_INTEGER_MATH: 566.10666666666657
  CPU_FLOATINGPOINT_MATH: 350.56606134732465
  CPU_PRIME: 0.93312683430223897
  CPU_SORTING: 250.16432432071275
  CPU_ENCRYPTION: 77.759529052173491
  CPU_COMPRESSION: 2431.7251507795891
  CPU_SINGLETHREAD: 161.49763777445386
  CPU_PHYSICS: 25.172790458838222
  CPU_MATRIX_MULT_SSE: 136.02533347292132
  CPU_mm: 18.092723716750001
  CPU_sse: 67.549660891921889
  CPU_fma: 211.82191846440014
  CPU_avx: 128.7044210624419
  CPU_avx512: 0
  m_CPU_enc_SHA: 25259263.53217946
  m_CPU_enc_AES: 198624307.70321935
  m_CPU_enc_ECDSA: 20726756.570836805
  ME_ALLOC_S: 0
  ME_READ_S: 0
  ME_READ_L: 0
  ME_WRITE: 0
  ME_LARGE: 0
  ME_LATENCY: 0
  ME_THREADED: 0
  SUMM_CPU: 195.93992904518799
  SUMM_ME: 0
SystemInformation:
  OSName: Ubuntu 24.04.1 LTS
  Kernel: 6.8.0-1015-gcp
  Device: ""
  Processor: Intel Xeon CPU @ 2.20GHz
  NumSockets: 1
  Manufacturer: GenuineIntel
  NumCores: 1
  NumLogicals: 2
  CPUFrequency: 0
  Memory: 958
  MemModuleInfo:
    iNumMemSticks: 1
    DIMM 1:
      manufacturer: ""
      modulePartNo: ""
      memType: RAM
      size: 1
      clkspeed: 0
      moduleVoltage: 0
Checksum: 8BF20D14626FB4E17CF026293F00B8939E1FB660