BaselineInfo:
  WebDBID: -1
  TimeStamp: 20241114200009
Version:
  Major: 11
  Minor: 0
  Build: 1002
  SpecialBuildName: ""
  ptArchitecture: x86_64_linux
Results:
  Results Complete: true
  NumTestProcesses: 2
  CPU_INTEGER_MATH: 578.4133333333333
  CPU_FLOATINGPOINT_MATH: 355.7937032841553
  CPU_PRIME: 0.84801911274552744
  CPU_SORTING: 239.81634522296315
  CPU_ENCRYPTION: 75.502914620663773
  CPU_COMPRESSION: 2565.6508151228982
  CPU_SINGLETHREAD: 163.6942172868215
  CPU_PHYSICS: 23.384413028108966
  CPU_MATRIX_MULT_SSE: 138.58667695205781
  CPU_mm: 18.046828290949268
  CPU_sse: 67.273106426844279
  CPU_fma: 210.3013892940865
  CPU_avx: 138.18553513524262
  CPU_avx512: 0
  m_CPU_enc_SHA: 25298006.489930317
  m_CPU_enc_AES: 191002387.52225968
  m_CPU_enc_ECDSA: 21211238.591641407
  ME_ALLOC_S: 0
  ME_READ_S: 0
  ME_READ_L: 0
  ME_WRITE: 0
  ME_LARGE: 0
  ME_LATENCY: 0
  ME_THREADED: 0
  SUMM_CPU: 195.43679615451367
  SUMM_ME: 0
SystemInformation:
  OSName: Ubuntu 24.04.1 LTS
  Kernel: 6.8.0-1015-gcp
  Device: ""
  Processor: Intel Xeon CPU @ 2.20GHz
  NumSockets: 1
  Manufacturer: GenuineIntel
  NumCores: 1
  NumLogicals: 2
  CPUFrequency: 0
  Memory: 958
  MemModuleInfo:
    iNumMemSticks: 1
    DIMM 1:
      manufacturer: ""
      modulePartNo: ""
      memType: RAM
      size: 1
      clkspeed: 0
      moduleVoltage: 0
Checksum: 03ECAE868568B7E73DFCF89416AC4B4D7BC80252