BaselineInfo:
  WebDBID: -1
  TimeStamp: 20241115020851
Version:
  Major: 11
  Minor: 0
  Build: 1002
  SpecialBuildName: ""
  ptArchitecture: x86_64_linux
Results:
  Results Complete: true
  NumTestProcesses: 2
  CPU_INTEGER_MATH: 580.37766666666664
  CPU_FLOATINGPOINT_MATH: 353.02983026860642
  CPU_PRIME: 1.0075488214645314
  CPU_SORTING: 256.23606091427206
  CPU_ENCRYPTION: 80.188601133388659
  CPU_COMPRESSION: 2435.4210856516293
  CPU_SINGLETHREAD: 163.6384246477902
  CPU_PHYSICS: 25.472698962239789
  CPU_MATRIX_MULT_SSE: 139.61390393130557
  CPU_mm: 18.04195103001377
  CPU_sse: 66.471398438826157
  CPU_fma: 214.47301564523491
  CPU_avx: 137.89729770985568
  CPU_avx512: 0
  m_CPU_enc_SHA: 26509794.660127763
  m_CPU_enc_AES: 203811168.52452976
  m_CPU_enc_ECDSA: 21930564.68147495
  ME_ALLOC_S: 0
  ME_READ_S: 0
  ME_READ_L: 0
  ME_WRITE: 0
  ME_LARGE: 0
  ME_LATENCY: 0
  ME_THREADED: 0
  SUMM_CPU: 200.24039334572188
  SUMM_ME: 0
SystemInformation:
  OSName: Ubuntu 24.04.1 LTS
  Kernel: 6.8.0-1015-gcp
  Device: ""
  Processor: Intel Xeon CPU @ 2.20GHz
  NumSockets: 1
  Manufacturer: GenuineIntel
  NumCores: 1
  NumLogicals: 2
  CPUFrequency: 0
  Memory: 958
  MemModuleInfo:
    iNumMemSticks: 1
    DIMM 1:
      manufacturer: ""
      modulePartNo: ""
      memType: RAM
      size: 1
      clkspeed: 0
      moduleVoltage: 0
Checksum: B7137FE70B558620D76F98AEA1F7A5F9A8A62ABA