BaselineInfo:
  WebDBID: -1
  TimeStamp: 20241114225143
Version:
  Major: 11
  Minor: 0
  Build: 1002
  SpecialBuildName: ""
  ptArchitecture: x86_64_linux
Results:
  Results Complete: true
  NumTestProcesses: 2
  CPU_INTEGER_MATH: 577.08799999999997
  CPU_FLOATINGPOINT_MATH: 347.94028556198896
  CPU_PRIME: 0.89922803108710436
  CPU_SORTING: 249.58281151620298
  CPU_ENCRYPTION: 79.485986970172576
  CPU_COMPRESSION: 2515.4285632735446
  CPU_SINGLETHREAD: 162.82872545732516
  CPU_PHYSICS: 24.649702851113993
  CPU_MATRIX_MULT_SSE: 139.97185486400224
  CPU_mm: 17.797275883072881
  CPU_sse: 67.121020896152132
  CPU_fma: 213.94688093540822
  CPU_avx: 138.84766276044633
  CPU_avx512: 0
  m_CPU_enc_SHA: 25288051.306183692
  m_CPU_enc_AES: 203936266.30030796
  m_CPU_enc_ECDSA: 20816977.213215411
  ME_ALLOC_S: 0
  ME_READ_S: 0
  ME_READ_L: 0
  ME_WRITE: 0
  ME_LARGE: 0
  ME_LATENCY: 0
  ME_THREADED: 0
  SUMM_CPU: 198.38030879015184
  SUMM_ME: 0
SystemInformation:
  OSName: Ubuntu 24.04.1 LTS
  Kernel: 6.8.0-1015-gcp
  Device: ""
  Processor: Intel Xeon CPU @ 2.20GHz
  NumSockets: 1
  Manufacturer: GenuineIntel
  NumCores: 1
  NumLogicals: 2
  CPUFrequency: 0
  Memory: 958
  MemModuleInfo:
    iNumMemSticks: 1
    DIMM 1:
      manufacturer: ""
      modulePartNo: ""
      memType: RAM
      size: 1
      clkspeed: 0
      moduleVoltage: 0
Checksum: 402CCAA845585AC9165651A106AD3BCB1DB6CD25