BaselineInfo:
  WebDBID: -1
  TimeStamp: 20241115121315
Version:
  Major: 11
  Minor: 0
  Build: 1002
  SpecialBuildName: ""
  ptArchitecture: x86_64_linux
Results:
  Results Complete: true
  NumTestProcesses: 2
  CPU_INTEGER_MATH: 567.78700000000003
  CPU_FLOATINGPOINT_MATH: 355.05720924269735
  CPU_PRIME: 1.0858258986299454
  CPU_SORTING: 276.86502724093737
  CPU_ENCRYPTION: 76.496072569378015
  CPU_COMPRESSION: 2519.1233929099258
  CPU_SINGLETHREAD: 161.5500930526448
  CPU_PHYSICS: 26.475384642417154
  CPU_MATRIX_MULT_SSE: 138.58969914929176
  CPU_mm: 18.046353695480544
  CPU_sse: 67.698306582368048
  CPU_fma: 214.74773288780574
  CPU_avx: 133.32305797770152
  CPU_avx512: 0
  m_CPU_enc_SHA: 26563311.576899879
  m_CPU_enc_AES: 193664827.90984255
  m_CPU_enc_ECDSA: 20407697.884781919
  ME_ALLOC_S: 57.185967566003598
  ME_READ_S: 2080.7079101562499
  ME_READ_L: 1104.308837890625
  ME_WRITE: 1060.558837890625
  ME_LARGE: 565
  ME_LATENCY: 405.32267206577166
  ME_THREADED: 1435.31396484375
  SUMM_CPU: 201.56406989164114
  SUMM_ME: 176.44523797699043
SystemInformation:
  OSName: Ubuntu 24.04.1 LTS
  Kernel: 6.8.0-1015-gcp
  Device: ""
  Processor: Intel Xeon CPU @ 2.20GHz
  NumSockets: 1
  Manufacturer: GenuineIntel
  NumCores: 1
  NumLogicals: 2
  CPUFrequency: 0
  Memory: 958
  MemModuleInfo:
    iNumMemSticks: 1
    DIMM 1:
      manufacturer: ""
      modulePartNo: ""
      memType: RAM
      size: 1
      clkspeed: 0
      moduleVoltage: 0
Checksum: 9F495E7D3A620D48BA3659C3FABBA6CF8C012BC8