BaselineInfo:
  WebDBID: -1
  TimeStamp: 20260405094325
Version:
  Major: 11
  Minor: 0
  Build: 1004
  SpecialBuildName: ""
  ptArchitecture: x86_64_linux
Results:
  Results Complete: true
  NumTestProcesses: 24
  CPU_INTEGER_MATH: 59080.165000000001
  CPU_FLOATINGPOINT_MATH: 31688.380950813615
  CPU_PRIME: 87.198498965129687
  CPU_SORTING: 35336.382807471411
  CPU_ENCRYPTION: 8169.1526392391397
  CPU_COMPRESSION: 271127.77931435936
  CPU_SINGLETHREAD: 1687.1666137991797
  CPU_PHYSICS: 1691.3294341079966
  CPU_MATRIX_MULT_SSE: 17910.865159954046
  CPU_mm: 1794.7243538380167
  CPU_sse: 6474.7567287757474
  CPU_fma: 21933.901353476336
  CPU_avx: 15517.132997667133
  CPU_avx512: 27717.669559896982
  m_CPU_enc_SHA: 2665994914.0616875
  m_CPU_enc_AES: 20619239113.697811
  m_CPU_enc_ECDSA: 2412698165.7689567
  ME_ALLOC_S: 6393.9623866172651
  ME_READ_S: 19532.7919921875
  ME_READ_L: 6884.4521484375
  ME_WRITE: 7463.80419921875
  ME_LARGE: 82453.666666666672
  ME_LATENCY: 78.241797820237053
  ME_THREADED: 60138.0615234375
  SUMM_CPU: 18256.632657391656
  SUMM_ME: 1834.3870729218497
SystemInformation:
  OSName: Ubuntu 24.04.4 LTS
  Kernel: 6.8.0-106-generic
  Device: ""
  Processor: Intel(R) Xeon(R) Platinum 8163 CPU @ 2.50GHz
  NumSockets: 1
  Manufacturer: GenuineIntel
  NumCores: 12
  NumLogicals: 24
  CPUFrequency: 2500
  CPUMaxFrequency: 3100
  Memory: 96042
  CPUInfo:
    number: 1
    Family: 6
    Model: 5
    stepping: 4
    features: 529267711
    manufacture: GenuineIntel
    typestring: Intel(R) Xeon(R) Platinum 8163 CPU @ 2.50GHz
    iCoresPerPackage: 12
    iThreadsPerPackage: 2
    featuresEx:
      - 529267711
      - 4294586883
      - 739248128
    bHybrid: false
    nPCore: 0
    nLogicalsPerPCore: 0
    nECore: 0
    nLogicalsPerECore: 0
  MemModuleInfo:
    iNumMemSticks: 6
    DIMM 1:
      manufacturer: Alibaba Cloud
      modulePartNo: Not Specified
      memType: RAM
      size: 16
      clkspeed: 0
      moduleVoltage: 0
    DIMM 2:
      manufacturer: Alibaba Cloud
      modulePartNo: Not Specified
      memType: RAM
      size: 16
      clkspeed: 0
      moduleVoltage: 0
    DIMM 3:
      manufacturer: Alibaba Cloud
      modulePartNo: Not Specified
      memType: RAM
      size: 16
      clkspeed: 0
      moduleVoltage: 0
    DIMM 4:
      manufacturer: Alibaba Cloud
      modulePartNo: Not Specified
      memType: RAM
      size: 16
      clkspeed: 0
      moduleVoltage: 0
    DIMM 5:
      manufacturer: Alibaba Cloud
      modulePartNo: Not Specified
      memType: RAM
      size: 16
      clkspeed: 0
      moduleVoltage: 0
    DIMM 6:
      manufacturer: Alibaba Cloud
      modulePartNo: Not Specified
      memType: RAM
      size: 16
      clkspeed: 0
      moduleVoltage: 0
Checksum: 397FB57788205E6FFDA506744CB6B12FD6874C98