BaselineInfo:
  WebDBID: -1
  TimeStamp: 20241109125456
Version:
  Major: 11
  Minor: 0
  Build: 1002
  SpecialBuildName: ""
  ptArchitecture: x86_64_linux
Results:
  Results Complete: true
  NumTestProcesses: 32
  CPU_INTEGER_MATH: 134192.91099999996
  CPU_FLOATINGPOINT_MATH: 68612.928782841365
  CPU_PRIME: 186.89413267968345
  CPU_SORTING: 68201.286451903361
  CPU_ENCRYPTION: 29142.085693140511
  CPU_COMPRESSION: 485782.43279488117
  CPU_SINGLETHREAD: 2365.1700352842968
  CPU_PHYSICS: 3485.6288520412154
  CPU_MATRIX_MULT_SSE: 28231.953511645206
  CPU_mm: 2892.3638036027128
  CPU_sse: 12616.091504718488
  CPU_fma: 34979.576737372852
  CPU_avx: 25819.778800755012
  CPU_avx512: 39512.367003734442
  m_CPU_enc_SHA: 29412738173.744297
  m_CPU_enc_AES: 44238002719.304916
  m_CPU_enc_ECDSA: 18022334050.262306
  ME_ALLOC_S: 14776.375255433875
  ME_READ_S: 24350.109179687501
  ME_READ_L: 11770.529296875
  ME_WRITE: 10607.0771484375
  ME_LARGE: 242677
  ME_LATENCY: 59.719531402244492
  ME_THREADED: 135813.669921875
  SUMM_CPU: 36566.42227186868
  SUMM_ME: 2607.6813788205513
SystemInformation:
  OSName: Ubuntu 24.04.1 LTS
  Kernel: 6.8.0-1016-aws
  Device: ""
  Processor: Intel Xeon Platinum 8375C CPU @ 2.90GHz
  NumSockets: 1
  Manufacturer: GenuineIntel
  NumCores: 16
  NumLogicals: 32
  CPUFrequency: 0
  Memory: 253668
  MemModuleInfo:
    iNumMemSticks: 1
    DIMM 1:
      manufacturer: Not Specified
      modulePartNo: Not Specified
      memType: DDR4
      size: 256
      clkspeed: 1600
      moduleVoltage: 0
Checksum: 5FE703351AD5916FA30A686AA5A583A8663C5E54