---
system-info:
      stress-ng-version: 0.17.08
      run-by: root
      date-yyyy-mm-dd: 2024:07:03
      time-hh-mm-ss: 07:13:47
      epoch-secs: 1719990827
      hostname: c3d-highmem-60-bcc0c0d
      sysname: Linux
      nodename: c3d-highmem-60-bcc0c0d
      release: 6.8.0-1009-gcp
      version: '#10-Ubuntu SMP Wed Jun 12 18:52:23 UTC 2024'
      machine: x86_64
      compiler: 'musl-gcc 13.2.1'
      uptime: 150
      totalram: 507000164352
      freeram: 501544394752
      sharedram: 35192832
      bufferram: 131264512
      totalswap: 0
      freeswap: 0
      pagesize: 4096
      cpus: 60
      cpus-online: 60
      ticks-per-second: 100

metrics:
    - stressor: cpu
      bogo-ops: 57254
      bogo-ops-per-second-usr-sys-time: 2862.753533
      bogo-ops-per-second-real-time: 2862.682596
      wall-clock-time: 20.000122
      user-time: 19.999626
      system-time: 0.000000
      cpu-usage-per-instance: 99.997522
      max-rss: 480

...
