BaselineInfo:
  WebDBID: -1
  TimeStamp: 20241114161524
Version:
  Major: 11
  Minor: 0
  Build: 1002
  SpecialBuildName: ""
  ptArchitecture: x86_64_linux
Results:
  Results Complete: true
  NumTestProcesses: 2
  CPU_INTEGER_MATH: 6240.0480000000007
  CPU_FLOATINGPOINT_MATH: 4307.4458262372409
  CPU_PRIME: 14.872523680578192
  CPU_SORTING: 3074.8009492376714
  CPU_ENCRYPTION: 795.27042934589622
  CPU_COMPRESSION: 28542.767567447474
  CPU_SINGLETHREAD: 1436.6004423772063
  CPU_PHYSICS: 249.91144554367943
  CPU_MATRIX_MULT_SSE: 1883.7558403761486
  CPU_mm: 219.10748250788453
  CPU_sse: 884.04936356725204
  CPU_fma: 2665.3326926920736
  CPU_avx: 1766.7151642332174
  CPU_avx512: 2218.9261410120507
  m_CPU_enc_SHA: 406734027.84198445
  m_CPU_enc_AES: 1750704678.2835114
  m_CPU_enc_ECDSA: 344265751.03991163
  ME_ALLOC_S: 823.78999527574808
  ME_READ_S: 16192.92919921875
  ME_READ_L: 9254.99609375
  ME_WRITE: 8482.783203125
  ME_LARGE: 679.83333333333337
  ME_LATENCY: 63.300501675983831
  ME_THREADED: 16771.94921875
  SUMM_CPU: 2288.2608218994164
  SUMM_ME: 942.84722329359386
SystemInformation:
  OSName: Ubuntu 24.04.1 LTS
  Kernel: 6.8.0-45-generic
  Device: ""
  Processor: Intel Xeon Processor (Skylake, IBRS, no TSX)
  NumSockets: 1
  Manufacturer: GenuineIntel
  NumCores: 2
  NumLogicals: 2
  CPUFrequency: 0
  Memory: 3820
  MemModuleInfo:
    iNumMemSticks: 1
    DIMM 1:
      manufacturer: QEMU
      modulePartNo: Not Specified
      memType: RAM
      size: 4000
      clkspeed: 0
      moduleVoltage: 0
Checksum: 12DA95891238F1A66499A14ACC030D46DFF58095