BaselineInfo:
  WebDBID: -1
  TimeStamp: 20241114183518
Version:
  Major: 11
  Minor: 0
  Build: 1002
  SpecialBuildName: ""
  ptArchitecture: x86_64_linux
Results:
  Results Complete: true
  NumTestProcesses: 2
  CPU_INTEGER_MATH: 6251.9286666666667
  CPU_FLOATINGPOINT_MATH: 4148.3916144536061
  CPU_PRIME: 13.851370648042826
  CPU_SORTING: 2855.219231486848
  CPU_ENCRYPTION: 788.13763861386838
  CPU_COMPRESSION: 26852.949821450398
  CPU_SINGLETHREAD: 1334.886498301523
  CPU_PHYSICS: 239.61582516658137
  CPU_MATRIX_MULT_SSE: 1793.2230753900408
  CPU_mm: 219.621339329357
  CPU_sse: 639.49217158838087
  CPU_fma: 2713.9377953983662
  CPU_avx: 1872.5566165050809
  CPU_avx512: 1946.9057180683353
  m_CPU_enc_SHA: 417374148.05193567
  m_CPU_enc_AES: 1747790134.5217841
  m_CPU_enc_ECDSA: 314102355.06780684
  ME_ALLOC_S: 776.11385066779394
  ME_READ_S: 14055.0140625
  ME_READ_L: 8762.3623046875
  ME_WRITE: 8532.0986328125
  ME_LARGE: 649.58333333333337
  ME_LATENCY: 63.684237575691405
  ME_THREADED: 16472.9033203125
  SUMM_CPU: 2205.648523891698
  SUMM_ME: 899.87191800099038
SystemInformation:
  OSName: Ubuntu 24.04.1 LTS
  Kernel: 6.8.0-45-generic
  Device: ""
  Processor: Intel Xeon Processor (Skylake, IBRS, no TSX)
  NumSockets: 1
  Manufacturer: GenuineIntel
  NumCores: 2
  NumLogicals: 2
  CPUFrequency: 0
  Memory: 3820
  MemModuleInfo:
    iNumMemSticks: 1
    DIMM 1:
      manufacturer: QEMU
      modulePartNo: Not Specified
      memType: RAM
      size: 4000
      clkspeed: 0
      moduleVoltage: 0
Checksum: 82B3CB24DB17665550EF6B07F3F97F6514687797