BaselineInfo:
  WebDBID: -1
  TimeStamp: 20241114091637
Version:
  Major: 11
  Minor: 0
  Build: 1002
  SpecialBuildName: ""
  ptArchitecture: x86_64_linux
Results:
  Results Complete: true
  NumTestProcesses: 2
  CPU_INTEGER_MATH: 5594.8473333333332
  CPU_FLOATINGPOINT_MATH: 3621.4830379097957
  CPU_PRIME: 9.6287873205177803
  CPU_SORTING: 2403.2756384065551
  CPU_ENCRYPTION: 693.42977246777332
  CPU_COMPRESSION: 22675.458086946957
  CPU_SINGLETHREAD: 1163.5241214771481
  CPU_PHYSICS: 170.85292169300791
  CPU_MATRIX_MULT_SSE: 1309.7337450543455
  CPU_mm: 147.34575972829714
  CPU_sse: 594.30162255317657
  CPU_fma: 1866.8798584957035
  CPU_avx: 1329.8450859707211
  CPU_avx512: 1447.9084131977804
  m_CPU_enc_SHA: 295872997.57732278
  m_CPU_enc_AES: 1652719101.3981471
  m_CPU_enc_ECDSA: 232749352.31003332
  ME_ALLOC_S: 622.31297089635791
  ME_READ_S: 12014.848828124999
  ME_READ_L: 7860.32470703125
  ME_WRITE: 7857.27685546875
  ME_LARGE: 1134.6666666666667
  ME_LATENCY: 75.211726637862384
  ME_THREADED: 15576.29931640625
  SUMM_CPU: 1845.9033790540313
  SUMM_ME: 1006.5566000112383
SystemInformation:
  OSName: Ubuntu 24.04.1 LTS
  Kernel: 6.8.0-45-generic
  Device: ""
  Processor: Intel Xeon Processor (Skylake, IBRS, no TSX)
  NumSockets: 1
  Manufacturer: GenuineIntel
  NumCores: 2
  NumLogicals: 2
  CPUFrequency: 0
  Memory: 3820
  MemModuleInfo:
    iNumMemSticks: 1
    DIMM 1:
      manufacturer: QEMU
      modulePartNo: Not Specified
      memType: RAM
      size: 4000
      clkspeed: 0
      moduleVoltage: 0
Checksum: DC61D00E92C5206FD3F50541710D31B803EDF906