BaselineInfo:
  WebDBID: -1
  TimeStamp: 20241106211746
Version:
  Major: 11
  Minor: 0
  Build: 1002
  SpecialBuildName: ""
  ptArchitecture: x86_64_linux
Results:
  Results Complete: true
  NumTestProcesses: 2
  CPU_INTEGER_MATH: 6421.9736666666668
  CPU_FLOATINGPOINT_MATH: 4652.3782191106684
  CPU_PRIME: 16.366981473129549
  CPU_SORTING: 3810.8054992592251
  CPU_ENCRYPTION: 824.13555719243709
  CPU_COMPRESSION: 30561.091969646619
  CPU_SINGLETHREAD: 1548.0301698777901
  CPU_PHYSICS: 283.37992756869687
  CPU_MATRIX_MULT_SSE: 1918.9855517100641
  CPU_mm: 271.64642942042406
  CPU_sse: 1015.7165535858483
  CPU_fma: 2824.8674228459736
  CPU_avx: 1958.2784309689973
  CPU_avx512: 1877.0797994394372
  m_CPU_enc_SHA: 441902432.81537998
  m_CPU_enc_AES: 1774647211.1468582
  m_CPU_enc_ECDSA: 375956654.09361273
  ME_ALLOC_S: 1104.3010547131198
  ME_READ_S: 18258.429101562499
  ME_READ_L: 8774.72265625
  ME_WRITE: 8656.3935546875
  ME_LARGE: 668
  ME_LATENCY: 60.293431892393379
  ME_THREADED: 16562.171875
  SUMM_CPU: 2454.9845524275229
  SUMM_ME: 966.85062125489765
SystemInformation:
  OSName: Ubuntu 24.04.1 LTS
  Kernel: 6.8.0-45-generic
  Device: ""
  Processor: Intel Xeon Processor (Skylake, IBRS, no TSX)
  NumSockets: 1
  Manufacturer: GenuineIntel
  NumCores: 2
  NumLogicals: 2
  CPUFrequency: 0
  Memory: 3820
  MemModuleInfo:
    iNumMemSticks: 1
    DIMM 1:
      manufacturer: QEMU
      modulePartNo: Not Specified
      memType: RAM
      size: 4000
      clkspeed: 0
      moduleVoltage: 0
Checksum: 43DF34B2E34F72A2A56559ACAD0C8EBCC317AAC3