BaselineInfo:
  WebDBID: -1
  TimeStamp: 20241115085754
Version:
  Major: 11
  Minor: 0
  Build: 1002
  SpecialBuildName: ""
  ptArchitecture: x86_64_linux
Results:
  Results Complete: true
  NumTestProcesses: 2
  CPU_INTEGER_MATH: 6100.9116666666669
  CPU_FLOATINGPOINT_MATH: 4074.3619894098383
  CPU_PRIME: 10.50831741764088
  CPU_SORTING: 3330.8251552003298
  CPU_ENCRYPTION: 720.92273016494732
  CPU_COMPRESSION: 27823.553544258757
  CPU_SINGLETHREAD: 1432.3933573970105
  CPU_PHYSICS: 239.38405654653457
  CPU_MATRIX_MULT_SSE: 1638.7696295524706
  CPU_mm: 215.6556083326463
  CPU_sse: 744.51284847462421
  CPU_fma: 2313.3658033635656
  CPU_avx: 1633.3664593908579
  CPU_avx512: 1863.8334069808348
  m_CPU_enc_SHA: 302512672.45122647
  m_CPU_enc_AES: 1701027411.2239969
  m_CPU_enc_ECDSA: 264286734.44109583
  ME_ALLOC_S: 814.91511353121632
  ME_READ_S: 13873.1666015625
  ME_READ_L: 7380.92236328125
  ME_WRITE: 7676.10546875
  ME_LARGE: 617
  ME_LATENCY: 68.357855902678537
  ME_THREADED: 14830.05908203125
  SUMM_CPU: 2157.6709199931479
  SUMM_ME: 846.39932221230936
SystemInformation:
  OSName: Ubuntu 24.04.1 LTS
  Kernel: 6.8.0-45-generic
  Device: ""
  Processor: Intel Xeon Processor (Skylake, IBRS, no TSX)
  NumSockets: 1
  Manufacturer: GenuineIntel
  NumCores: 2
  NumLogicals: 2
  CPUFrequency: 0
  Memory: 3820
  MemModuleInfo:
    iNumMemSticks: 1
    DIMM 1:
      manufacturer: QEMU
      modulePartNo: Not Specified
      memType: RAM
      size: 4000
      clkspeed: 0
      moduleVoltage: 0
Checksum: EDC91AF60A73D757D604E4252ED851435DCB151D