BaselineInfo:
  WebDBID: -1
  TimeStamp: 20260404093237
Version:
  Major: 11
  Minor: 0
  Build: 1004
  SpecialBuildName: ""
  ptArchitecture: x86_64_linux
Results:
  Results Complete: true
  NumTestProcesses: 16
  CPU_INTEGER_MATH: 66943.627999999997
  CPU_FLOATINGPOINT_MATH: 34269.058354798792
  CPU_PRIME: 119.84571087223081
  CPU_SORTING: 34312.258909349403
  CPU_ENCRYPTION: 8468.0590155411592
  CPU_COMPRESSION: 246166.15200500714
  CPU_SINGLETHREAD: 2348.1027169811978
  CPU_PHYSICS: 1859.1881769660456
  CPU_MATRIX_MULT_SSE: 13985.013192154554
  CPU_mm: 1444.4006350337559
  CPU_sse: 6356.6041508259987
  CPU_fma: 17402.320805803327
  CPU_avx: 12890.156543166389
  CPU_avx512: 19290.971268822508
  m_CPU_enc_SHA: 2400666946.0644221
  m_CPU_enc_AES: 22051689625.483238
  m_CPU_enc_ECDSA: 2185853779.2926006
  ME_ALLOC_S: 7793.6075412339715
  ME_READ_S: 23895.685156250001
  ME_READ_L: 8815.865234375
  ME_WRITE: 8827.3525390625
  ME_LARGE: 17573.25
  ME_LATENCY: 53.547134224795649
  ME_THREADED: 54622.92724609375
  SUMM_CPU: 19226.965212072784
  SUMM_ME: 2309.8791092248644
SystemInformation:
  OSName: Ubuntu 24.04.4 LTS
  Kernel: 6.8.0-106-generic
  Device: ""
  Processor: Intel(R) Xeon(R) Platinum
  NumSockets: 1
  Manufacturer: GenuineIntel
  NumCores: 8
  NumLogicals: 16
  CPUFrequency: 0
  CPUMaxFrequency: 0
  Memory: 30666
  CPUInfo:
    number: 1
    Family: 6
    Model: 5
    stepping: 4
    features: 529267711
    manufacture: GenuineIntel
    typestring: Intel(R) Xeon(R) Platinum
    iCoresPerPackage: 8
    iThreadsPerPackage: 2
    featuresEx:
      - 529267711
      - 4294586883
      - 739248128
    bHybrid: false
    nPCore: 0
    nLogicalsPerPCore: 0
    nECore: 0
    nLogicalsPerECore: 0
  MemModuleInfo:
    iNumMemSticks: 2
    DIMM 1:
      manufacturer: Alibaba Cloud
      modulePartNo: Not Specified
      memType: RAM
      size: 16
      clkspeed: 0
      moduleVoltage: 0
    DIMM 2:
      manufacturer: Alibaba Cloud
      modulePartNo: Not Specified
      memType: RAM
      size: 16
      clkspeed: 0
      moduleVoltage: 0
Checksum: EC09B528E8D6B5A9CFF71D1CB2EC9A193B9D52CF