---
system-info:
      stress-ng-version: 0.17.08
      run-by: root
      date-yyyy-mm-dd: 2024:09:03
      time-hh-mm-ss: 12:51:14
      epoch-secs: 1725367874
      hostname: sc-runner
      sysname: Linux
      nodename: sc-runner
      release: 6.8.0-1013-azure
      version: '#15-Ubuntu SMP Thu Aug  8 18:40:40 UTC 2024'
      machine: x86_64
      compiler: 'musl-gcc 13.2.1'
      uptime: 412
      totalram: 29425176576
      freeram: 20907282432
      sharedram: 54874112
      bufferram: 214073344
      totalswap: 0
      freeswap: 0
      pagesize: 4096
      cpus: 2
      cpus-online: 2
      ticks-per-second: 100

metrics:
    - stressor: cpu
      bogo-ops: 34208
      bogo-ops-per-second-usr-sys-time: 1710.402224
      bogo-ops-per-second-real-time: 1710.390702
      wall-clock-time: 20.000109
      user-time: 19.997975
      system-time: 0.001999
      cpu-usage-per-instance: 99.999326
      max-rss: 3128

...
