---
system-info:
      stress-ng-version: 0.17.08
      run-by: root
      date-yyyy-mm-dd: 2024:09:21
      time-hh-mm-ss: 13:31:25
      epoch-secs: 1726925485
      hostname: sc-runner
      sysname: Linux
      nodename: sc-runner
      release: 6.8.0-1014-azure
      version: '#16-Ubuntu SMP Thu Aug 15 20:04:41 UTC 2024'
      machine: x86_64
      compiler: 'musl-gcc 13.2.1'
      uptime: 488
      totalram: 29425164288
      freeram: 19191377920
      sharedram: 46485504
      bufferram: 251400192
      totalswap: 0
      freeswap: 0
      pagesize: 4096
      cpus: 2
      cpus-online: 2
      ticks-per-second: 100

metrics:
    - stressor: cpu
      bogo-ops: 15511
      bogo-ops-per-second-usr-sys-time: 775.657351
      bogo-ops-per-second-real-time: 775.543926
      wall-clock-time: 20.000157
      user-time: 19.996232
      system-time: 0.001000
      cpu-usage-per-instance: 99.985377
      max-rss: 3152

...
