BaselineInfo:
  WebDBID: -1
  TimeStamp: 20241115095521
Version:
  Major: 11
  Minor: 0
  Build: 1002
  SpecialBuildName: ""
  ptArchitecture: x86_64_linux
Results:
  Results Complete: true
  NumTestProcesses: 4
  CPU_INTEGER_MATH: 16801.558333333334
  CPU_FLOATINGPOINT_MATH: 8590.5146501759755
  CPU_PRIME: 37.398317053637214
  CPU_SORTING: 8829.8485621089894
  CPU_ENCRYPTION: 3658.0377720930651
  CPU_COMPRESSION: 63162.998091332644
  CPU_SINGLETHREAD: 2430.5388097366422
  CPU_PHYSICS: 731.52429739863396
  CPU_MATRIX_MULT_SSE: 3648.0605598664424
  CPU_mm: 362.02630537224849
  CPU_sse: 1594.0691551710906
  CPU_fma: 4377.7766271030596
  CPU_avx: 3233.0323067680974
  CPU_avx512: 5387.3641504235238
  m_CPU_enc_SHA: 3682796313.7859097
  m_CPU_enc_AES: 5535443920.0958986
  m_CPU_enc_ECDSA: 2288951610.8489676
  ME_ALLOC_S: 2085.7966458614801
  ME_READ_S: 24183.621289062499
  ME_READ_L: 12485.6513671875
  ME_WRITE: 11242.1865234375
  ME_LARGE: 7009
  ME_LATENCY: 51.134640833766689
  ME_THREADED: 30936.72705078125
  SUMM_CPU: 5954.4104024482913
  SUMM_ME: 2230.196907996607
SystemInformation:
  OSName: Ubuntu 24.04.1 LTS
  Kernel: 6.8.0-1017-azure
  Device: ""
  Processor: Intel Xeon Platinum 8370C CPU @ 2.80GHz
  NumSockets: 1
  Manufacturer: GenuineIntel
  NumCores: 2
  NumLogicals: 4
  CPUFrequency: 2800
  Memory: 15988
  MemModuleInfo:
    iNumMemSticks: 2
    DIMM 1:
      manufacturer: Microsoft Corporation
      modulePartNo: None
      memType: Unknown
      size: 1
      clkspeed: 0
      moduleVoltage: 0
    DIMM 2:
      manufacturer: Microsoft Corporation
      modulePartNo: None
      memType: Unknown
      size: 15
      clkspeed: 0
      moduleVoltage: 0
Checksum: 1D3361C3F81F044C7896451BC8852D0F657B622D