BaselineInfo:
  WebDBID: -1
  TimeStamp: 20241106221852
Version:
  Major: 11
  Minor: 0
  Build: 1002
  SpecialBuildName: ""
  ptArchitecture: x86_64_linux
Results:
  Results Complete: true
  NumTestProcesses: 4
  CPU_INTEGER_MATH: 16783.358666666667
  CPU_FLOATINGPOINT_MATH: 8565.8668767188628
  CPU_PRIME: 37.498533767576546
  CPU_SORTING: 8885.7839643712105
  CPU_ENCRYPTION: 3651.7983467934241
  CPU_COMPRESSION: 63846.124829763721
  CPU_SINGLETHREAD: 2423.5825337475003
  CPU_PHYSICS: 726.55022622050546
  CPU_MATRIX_MULT_SSE: 3448.7599750750892
  CPU_mm: 361.80562746398289
  CPU_sse: 1593.2844900414048
  CPU_fma: 4374.555764315046
  CPU_avx: 3231.0378769343856
  CPU_avx512: 4596.1617690095209
  m_CPU_enc_SHA: 3682357471.1542392
  m_CPU_enc_AES: 5535005776.0307741
  m_CPU_enc_ECDSA: 2270201062.6767712
  ME_ALLOC_S: 2072.0900321028603
  ME_READ_S: 24470.822460937499
  ME_READ_L: 12528.912109375
  ME_WRITE: 11066.4697265625
  ME_LARGE: 6022.833333333333
  ME_LATENCY: 52.4317496084604
  ME_THREADED: 30856.8203125
  SUMM_CPU: 5914.2172577459087
  SUMM_ME: 2175.737709829194
SystemInformation:
  OSName: Ubuntu 24.04.1 LTS
  Kernel: 6.8.0-1017-azure
  Device: ""
  Processor: Intel Xeon Platinum 8370C CPU @ 2.80GHz
  NumSockets: 1
  Manufacturer: GenuineIntel
  NumCores: 2
  NumLogicals: 4
  CPUFrequency: 2800
  Memory: 15988
  MemModuleInfo:
    iNumMemSticks: 2
    DIMM 1:
      manufacturer: Microsoft Corporation
      modulePartNo: None
      memType: Unknown
      size: 1
      clkspeed: 0
      moduleVoltage: 0
    DIMM 2:
      manufacturer: Microsoft Corporation
      modulePartNo: None
      memType: Unknown
      size: 15
      clkspeed: 0
      moduleVoltage: 0
Checksum: 083356B9D94710C2AFE7E7FD4931719061D967D3