BaselineInfo:
  WebDBID: -1
  TimeStamp: 20241114171945
Version:
  Major: 11
  Minor: 0
  Build: 1002
  SpecialBuildName: ""
  ptArchitecture: x86_64_linux
Results:
  Results Complete: true
  NumTestProcesses: 4
  CPU_INTEGER_MATH: 16724.665333333334
  CPU_FLOATINGPOINT_MATH: 8567.3048581143539
  CPU_PRIME: 37.375482889209266
  CPU_SORTING: 8807.9904245793896
  CPU_ENCRYPTION: 3656.7490673043308
  CPU_COMPRESSION: 62866.468161247925
  CPU_SINGLETHREAD: 2421.094374035662
  CPU_PHYSICS: 725.85297410396663
  CPU_MATRIX_MULT_SSE: 3507.5083172398427
  CPU_mm: 361.17756645049252
  CPU_sse: 1577.3649224029771
  CPU_fma: 4372.290551671148
  CPU_avx: 3229.7306760108536
  CPU_avx512: 4850.6471188743917
  m_CPU_enc_SHA: 3676805959.6018019
  m_CPU_enc_AES: 5540892803.4539833
  m_CPU_enc_ECDSA: 2285439166.9373331
  ME_ALLOC_S: 2067.4101801839743
  ME_READ_S: 24433.561914062499
  ME_READ_L: 11522.5830078125
  ME_WRITE: 10543.3505859375
  ME_LARGE: 6992
  ME_LATENCY: 53.843732171399928
  ME_THREADED: 30776.80517578125
  SUMM_CPU: 5903.6949578058866
  SUMM_ME: 2151.8934203075733
SystemInformation:
  OSName: Ubuntu 24.04.1 LTS
  Kernel: 6.8.0-1017-azure
  Device: ""
  Processor: Intel Xeon Platinum 8370C CPU @ 2.80GHz
  NumSockets: 1
  Manufacturer: GenuineIntel
  NumCores: 2
  NumLogicals: 4
  CPUFrequency: 2800
  Memory: 15988
  MemModuleInfo:
    iNumMemSticks: 2
    DIMM 1:
      manufacturer: Microsoft Corporation
      modulePartNo: None
      memType: Unknown
      size: 1
      clkspeed: 0
      moduleVoltage: 0
    DIMM 2:
      manufacturer: Microsoft Corporation
      modulePartNo: None
      memType: Unknown
      size: 15
      clkspeed: 0
      moduleVoltage: 0
Checksum: 86297BC31A0EE9D2E96929EC75459C1B4C10F07C