---
system-info:
      stress-ng-version: 0.17.08
      run-by: root
      date-yyyy-mm-dd: 2024:07:11
      time-hh-mm-ss: 17:55:51
      epoch-secs: 1720720551
      hostname: ip-172-31-34-103
      sysname: Linux
      nodename: ip-172-31-34-103
      release: 6.8.0-1010-aws
      version: '#10-Ubuntu SMP Thu Jun 13 17:48:42 UTC 2024'
      machine: aarch64
      compiler: 'musl-gcc 13.2.1'
      uptime: 308
      totalram: 33021460480
      freeram: 27671597056
      sharedram: 34942976
      bufferram: 141373440
      totalswap: 0
      freeswap: 0
      pagesize: 4096
      cpus: 16
      cpus-online: 16
      ticks-per-second: 100

metrics:
    - stressor: cpu
      bogo-ops: 30393
      bogo-ops-per-second-usr-sys-time: 1519.645821
      bogo-ops-per-second-real-time: 1519.645870
      wall-clock-time: 20.000054
      user-time: 20.000055
      system-time: 0.000000
      cpu-usage-per-instance: 100.000003
      max-rss: 1192

...
