BaselineInfo:
  WebDBID: -1
  TimeStamp: 20260617200753
Version:
  Major: 11
  Minor: 0
  Build: 1004
  SpecialBuildName: ""
  ptArchitecture: x86_64_linux
Results:
  Results Complete: true
  NumTestProcesses: 16
  CPU_INTEGER_MATH: 75867.14466666666
  CPU_FLOATINGPOINT_MATH: 42481.206621157151
  CPU_PRIME: 126.20268908786802
  CPU_SORTING: 45288.508397396719
  CPU_ENCRYPTION: 19243.865247030084
  CPU_COMPRESSION: 313369.39392155252
  CPU_SINGLETHREAD: 2884.8298083001164
  CPU_PHYSICS: 2476.6209459074539
  CPU_MATRIX_MULT_SSE: 21862.760108406401
  CPU_mm: 2033.2368613631343
  CPU_sse: 8990.8755367448648
  CPU_fma: 28012.084384146801
  CPU_avx: 23136.889047931636
  CPU_avx512: 27311.191464802298
  m_CPU_enc_SHA: 26950415463.439613
  m_CPU_enc_AES: 18291556761.236824
  m_CPU_enc_ECDSA: 15293993511.13302
  ME_ALLOC_S: 7589.0589069478447
  ME_READ_S: 27519.993750000001
  ME_READ_L: 26024.35546875
  ME_WRITE: 25836.052734375
  ME_LARGE: 21731.416666666668
  ME_LATENCY: 76.234419312268088
  ME_THREADED: 36430.891845703125
  SUMM_CPU: 26406.145708879805
  SUMM_ME: 2522.0005342078166
SystemInformation:
  OSName: Ubuntu 24.04.4 LTS
  Kernel: 6.8.0-117-generic
  Device: ""
  Processor: "AMD EPYC 9T24 96-Core Processor                "
  NumSockets: 1
  Manufacturer: AuthenticAMD
  NumCores: 8
  NumLogicals: 16
  CPUFrequency: 0
  CPUMaxFrequency: 0
  Memory: 30666
  CPUInfo:
    number: 1
    Family: 15
    Model: 1
    stepping: 1
    features: 395049983
    manufacture: AuthenticAMD
    typestring: "AMD EPYC 9T24 96-Core Processor                "
    iCoresPerPackage: 8
    iThreadsPerPackage: 2
    featuresEx:
      - 395049983
      - 4277809667
      - 802421759
    bHybrid: false
    nPCore: 0
    nLogicalsPerPCore: 0
    nECore: 0
    nLogicalsPerECore: 0
  MemModuleInfo:
    iNumMemSticks: 2
    DIMM 1:
      manufacturer: Alibaba Cloud
      modulePartNo: Not Specified
      memType: RAM
      size: 16
      clkspeed: 0
      moduleVoltage: 0
    DIMM 2:
      manufacturer: Alibaba Cloud
      modulePartNo: Not Specified
      memType: RAM
      size: 16
      clkspeed: 0
      moduleVoltage: 0
Checksum: 21762C72EE8F1916631DD8784057155CC41B7F0A