---
system-info:
      stress-ng-version: 0.17.08
      run-by: root
      date-yyyy-mm-dd: 2024:06:09
      time-hh-mm-ss: 15:55:02
      epoch-secs: 1717948502
      hostname: 95d99b955115
      sysname: Linux
      nodename: 95d99b955115
      release: 6.8.0-1008-aws
      version: '#8-Ubuntu SMP Sat Apr 20 00:46:25 UTC 2024'
      machine: x86_64
      compiler: 'musl-gcc 13.2.1'
      uptime: 108
      totalram: 32912961536
      freeram: 28461436928
      sharedram: 11636736
      bufferram: 109359104
      totalswap: 0
      freeswap: 0
      pagesize: 4096
      cpus: 4
      cpus-online: 4
      ticks-per-second: 100

metrics:
    - stressor: cpu
      bogo-ops: 52961
      bogo-ops-per-second-usr-sys-time: 1328.768438
      bogo-ops-per-second-real-time: 5294.932902
      wall-clock-time: 10.002204
      user-time: 39.847217
      system-time: 0.009991
      cpu-usage-per-instance: 99.621062
      max-rss: 3920

...
