---
system-info:
      stress-ng-version: 0.17.08
      run-by: root
      date-yyyy-mm-dd: 2024:06:15
      time-hh-mm-ss: 18:42:12
      epoch-secs: 1718476932
      hostname: d115df0525f0
      sysname: Linux
      nodename: d115df0525f0
      release: 6.8.0-1008-aws
      version: '#8-Ubuntu SMP Sat Apr 20 00:46:25 UTC 2024'
      machine: x86_64
      compiler: 'musl-gcc 13.2.1'
      uptime: 132
      totalram: 32912957440
      freeram: 28605579264
      sharedram: 11636736
      bufferram: 108507136
      totalswap: 0
      freeswap: 0
      pagesize: 4096
      cpus: 4
      cpus-online: 4
      ticks-per-second: 100

metrics:
    - stressor: cpu
      bogo-ops: 119364
      bogo-ops-per-second-usr-sys-time: 1500.293682
      bogo-ops-per-second-real-time: 5968.176291
      wall-clock-time: 20.000079
      user-time: 79.547439
      system-time: 0.012984
      cpu-usage-per-instance: 99.450134
      max-rss: 976

...
