BaselineInfo:
  WebDBID: -1
  TimeStamp: 20241115230306
Version:
  Major: 11
  Minor: 0
  Build: 1002
  SpecialBuildName: ""
  ptArchitecture: x86_64_linux
Results:
  Results Complete: true
  NumTestProcesses: 1
  CPU_INTEGER_MATH: 812.47666666666657
  CPU_FLOATINGPOINT_MATH: 501.32766436112871
  CPU_PRIME: 1.6506816891069289
  CPU_SORTING: 294.36010590252874
  CPU_ENCRYPTION: 73.100579252280838
  CPU_COMPRESSION: 2398.8665486745526
  CPU_SINGLETHREAD: 231.30362172488691
  CPU_PHYSICS: 33.006146771083003
  CPU_MATRIX_MULT_SSE: 203.46516714955104
  CPU_mm: 28.149871073590482
  CPU_sse: 105.04815661494771
  CPU_fma: 345.3722273517588
  CPU_avx: 159.97511748194665
  CPU_avx512: 0
  m_CPU_enc_SHA: 46275258.702644557
  m_CPU_enc_AES: 154335696.07460535
  m_CPU_enc_ECDSA: 29343584.192868963
  ME_ALLOC_S: 0
  ME_READ_S: 0
  ME_READ_L: 0
  ME_WRITE: 0
  ME_LARGE: 0
  ME_LATENCY: 0
  ME_THREADED: 0
  SUMM_CPU: 236.07874950211291
  SUMM_ME: 0
SystemInformation:
  OSName: Ubuntu 24.04.1 LTS
  Kernel: 6.8.0-1017-gcp
  Device: ""
  Processor: Intel Xeon CPU @ 2.30GHz
  NumSockets: 1
  Manufacturer: GenuineIntel
  NumCores: 1
  NumLogicals: 1
  CPUFrequency: 0
  Memory: 554
  MemModuleInfo:
    iNumMemSticks: 1
    DIMM 1:
      manufacturer: ""
      modulePartNo: ""
      memType: RAM
      size: 614
      clkspeed: 0
      moduleVoltage: 0
Checksum: 7B05970756AFC28FA0CAD2D35E49D2FCE452F950