BaselineInfo:
  WebDBID: -1
  TimeStamp: 20241109135234
Version:
  Major: 11
  Minor: 0
  Build: 1002
  SpecialBuildName: ""
  ptArchitecture: x86_64_linux
Results:
  Results Complete: true
  NumTestProcesses: 48
  CPU_INTEGER_MATH: 136366.48133333333
  CPU_FLOATINGPOINT_MATH: 72980.822940638027
  CPU_PRIME: 165.70241297395893
  CPU_SORTING: 69043.906555854759
  CPU_ENCRYPTION: 18548.697403149985
  CPU_COMPRESSION: 590914.58555336716
  CPU_SINGLETHREAD: 1939.0494381745739
  CPU_PHYSICS: 2455.5053095184935
  CPU_MATRIX_MULT_SSE: 37515.953593352562
  CPU_mm: 4145.0605433134633
  CPU_sse: 14650.00150733933
  CPU_fma: 43981.449484956109
  CPU_avx: 31060.284388130523
  CPU_avx512: 60372.078992984229
  m_CPU_enc_SHA: 6131886761.9078255
  m_CPU_enc_AES: 46732367058.548302
  m_CPU_enc_ECDSA: 5484902964.1600761
  ME_ALLOC_S: 15484.290053623516
  ME_READ_S: 23505.156640624999
  ME_READ_L: 10110.2890625
  ME_WRITE: 9834.796875
  ME_LARGE: 179194.16666666666
  ME_LATENCY: 52.870448403952615
  ME_THREADED: 114064.525390625
  SUMM_CPU: 34538.112383779182
  SUMM_ME: 2609.2721404834701
SystemInformation:
  OSName: Ubuntu 24.04.1 LTS
  Kernel: 6.8.0-1016-aws
  Device: ""
  Processor: Intel Xeon Platinum 8259CL CPU @ 2.50GHz
  NumSockets: 1
  Manufacturer: GenuineIntel
  NumCores: 24
  NumLogicals: 48
  CPUFrequency: 0
  Memory: 191164
  MemModuleInfo:
    iNumMemSticks: 1
    DIMM 1:
      manufacturer: Not Specified
      modulePartNo: Not Specified
      memType: DDR4
      size: 192
      clkspeed: 1600
      moduleVoltage: 0
Checksum: 72F7AB5FFE08D215203D0A4A46F947A03D074C2F