BaselineInfo:
  WebDBID: -1
  TimeStamp: 20241108134841
Version:
  Major: 11
  Minor: 0
  Build: 1002
  SpecialBuildName: ""
  ptArchitecture: x86_64_linux
Results:
  Results Complete: true
  NumTestProcesses: 4
  CPU_INTEGER_MATH: 16788.163
  CPU_FLOATINGPOINT_MATH: 8585.3888660482189
  CPU_PRIME: 37.282153904431937
  CPU_SORTING: 8884.880418270337
  CPU_ENCRYPTION: 3656.1869980732013
  CPU_COMPRESSION: 63692.840692867394
  CPU_SINGLETHREAD: 2426.0448261634324
  CPU_PHYSICS: 740.21923144474408
  CPU_MATRIX_MULT_SSE: 3550.3367322430486
  CPU_mm: 361.86406844168442
  CPU_sse: 1575.6516366339672
  CPU_fma: 4375.4058599920654
  CPU_avx: 3231.8832192433947
  CPU_avx512: 5018.4062131027667
  m_CPU_enc_SHA: 3682633884.4803405
  m_CPU_enc_AES: 5542068789.3878136
  m_CPU_enc_ECDSA: 2276667139.2066622
  ME_ALLOC_S: 2079.3807269747113
  ME_READ_S: 24445.385546875001
  ME_READ_L: 12299.45703125
  ME_WRITE: 11202.1611328125
  ME_LARGE: 118714
  ME_LATENCY: 51.075579482855296
  ME_THREADED: 32204.400390625
  SUMM_CPU: 5943.3013774639803
  SUMM_ME: 2475.5446874493168
SystemInformation:
  OSName: Ubuntu 24.04.1 LTS
  Kernel: 6.8.0-1017-azure
  Device: ""
  Processor: Intel Xeon Platinum 8370C CPU @ 2.80GHz
  NumSockets: 1
  Manufacturer: GenuineIntel
  NumCores: 2
  NumLogicals: 4
  CPUFrequency: 2800
  Memory: 128812
  MemModuleInfo:
    iNumMemSticks: 3
    DIMM 1:
      manufacturer: Microsoft Corporation
      modulePartNo: None
      memType: Unknown
      size: 1
      clkspeed: 0
      moduleVoltage: 0
    DIMM 2:
      manufacturer: Microsoft Corporation
      modulePartNo: None
      memType: Unknown
      size: 59
      clkspeed: 0
      moduleVoltage: 0
    DIMM 3:
      manufacturer: Microsoft Corporation
      modulePartNo: None
      memType: Unknown
      size: 68
      clkspeed: 0
      moduleVoltage: 0
Checksum: F337D9A55EAB2212BE590EFC8560D80263771AB0