BaselineInfo:
  WebDBID: -1
  TimeStamp: 20241107111751
Version:
  Major: 11
  Minor: 0
  Build: 1002
  SpecialBuildName: ""
  ptArchitecture: x86_64_linux
Results:
  Results Complete: true
  NumTestProcesses: 4
  CPU_INTEGER_MATH: 11074.840333333334
  CPU_FLOATINGPOINT_MATH: 6021.9981635336171
  CPU_PRIME: 19.441811204787307
  CPU_SORTING: 5743.2704279375157
  CPU_ENCRYPTION: 1549.3155259812474
  CPU_COMPRESSION: 50029.198702231661
  CPU_SINGLETHREAD: 1599.8301663765444
  CPU_PHYSICS: 417.63848317544694
  CPU_MATRIX_MULT_SSE: 2891.5293247672093
  CPU_mm: 339.2864894661617
  CPU_sse: 1197.2025030179557
  CPU_fma: 3496.2720771529134
  CPU_avx: 2548.6854160153939
  CPU_avx512: 4323.9573028825735
  m_CPU_enc_SHA: 507101875.86738586
  m_CPU_enc_AES: 3914740179.8674402
  m_CPU_enc_ECDSA: 451883175.17911178
  ME_ALLOC_S: 1223.2780906064754
  ME_READ_S: 18973.280468749999
  ME_READ_L: 9378.1748046875
  ME_WRITE: 8118.1328125
  ME_LARGE: 5880.083333333333
  ME_LATENCY: 64.922523812020657
  ME_THREADED: 23115.783203125
  SUMM_CPU: 3846.1228229035205
  SUMM_ME: 1695.3435341635877
SystemInformation:
  OSName: Ubuntu 24.04.1 LTS
  Kernel: 6.8.0-1016-aws
  Device: ""
  Processor: Intel Xeon Platinum 8259CL CPU @ 2.50GHz
  NumSockets: 1
  Manufacturer: GenuineIntel
  NumCores: 2
  NumLogicals: 4
  CPUFrequency: 0
  Memory: 15788
  MemModuleInfo:
    iNumMemSticks: 1
    DIMM 1:
      manufacturer: Not Specified
      modulePartNo: Not Specified
      memType: DDR4
      size: 16
      clkspeed: 1600
      moduleVoltage: 0
Checksum: 1F8B0E9B4BEE231E1DA5D5FF36FCACEA7ECB091E