BaselineInfo:
  WebDBID: -1
  TimeStamp: 20260404085136
Version:
  Major: 11
  Minor: 0
  Build: 1004
  SpecialBuildName: ""
  ptArchitecture: x86_64_linux
Results:
  Results Complete: true
  NumTestProcesses: 4
  CPU_INTEGER_MATH: 20982.251333333334
  CPU_FLOATINGPOINT_MATH: 16475.448696348874
  CPU_PRIME: 64.47787470285391
  CPU_SORTING: 12347.377359137383
  CPU_ENCRYPTION: 4653.8151469620734
  CPU_COMPRESSION: 89704.135513258065
  CPU_SINGLETHREAD: 2388.2737946767311
  CPU_PHYSICS: 1106.6491294825087
  CPU_MATRIX_MULT_SSE: 7074.5911091279304
  CPU_mm: 959.83918379288377
  CPU_sse: 3144.476436480451
  CPU_fma: 8761.8455773238929
  CPU_avx: 6676.9859043920478
  CPU_avx512: 9715.0565183153303
  m_CPU_enc_SHA: 5446059695.5984726
  m_CPU_enc_AES: 5645319496.101965
  m_CPU_enc_ECDSA: 3548257422.9222713
  ME_ALLOC_S: 2055.6160582785574
  ME_READ_S: 24325.907617187499
  ME_READ_L: 11697.525390625
  ME_WRITE: 11144.6962890625
  ME_LARGE: 1690.0833333333333
  ME_LATENCY: 56.852181559463183
  ME_THREADED: 41283.2294921875
  SUMM_CPU: 8794.1170990586324
  SUMM_ME: 1651.177658136836
SystemInformation:
  OSName: Ubuntu 24.04.4 LTS
  Kernel: 6.8.0-106-generic
  Device: ""
  Processor: Intel(R) Xeon(R) Platinum 8369B CPU @ 2.90GHz
  NumSockets: 1
  Manufacturer: GenuineIntel
  NumCores: 2
  NumLogicals: 4
  CPUFrequency: 0
  CPUMaxFrequency: 0
  Memory: 15105
  CPUInfo:
    number: 1
    Family: 6
    Model: 10
    stepping: 6
    features: 529267711
    manufacture: GenuineIntel
    typestring: Intel(R) Xeon(R) Platinum 8369B CPU @ 2.90GHz
    iCoresPerPackage: 2
    iThreadsPerPackage: 2
    featuresEx:
      - 529267711
      - 4294619651
      - 739248128
    bHybrid: false
    nPCore: 0
    nLogicalsPerPCore: 0
    nECore: 0
    nLogicalsPerECore: 0
  MemModuleInfo:
    iNumMemSticks: 1
    DIMM 1:
      manufacturer: Alibaba Cloud
      modulePartNo: Not Specified
      memType: RAM
      size: 15872
      clkspeed: 0
      moduleVoltage: 0
Checksum: 5A1652B88F1F0FB6803159D98DF9152E737E2C37