BaselineInfo:
  WebDBID: -1
  TimeStamp: 20241108060330
Version:
  Major: 11
  Minor: 0
  Build: 1002
  SpecialBuildName: ""
  ptArchitecture: x86_64_linux
Results:
  Results Complete: true
  NumTestProcesses: 16
  CPU_INTEGER_MATH: 67330.62533333333
  CPU_FLOATINGPOINT_MATH: 34421.519666905384
  CPU_PRIME: 126.12480385922923
  CPU_SORTING: 34802.365303380073
  CPU_ENCRYPTION: 14616.730682027015
  CPU_COMPRESSION: 246894.5554764462
  CPU_SINGLETHREAD: 2433.468698437302
  CPU_PHYSICS: 2287.2184408674134
  CPU_MATRIX_MULT_SSE: 14215.579346869608
  CPU_mm: 1450.0743769633484
  CPU_sse: 6383.5266651241909
  CPU_fma: 17533.813700357587
  CPU_avx: 12954.814870694332
  CPU_avx512: 19990.162151302327
  m_CPU_enc_SHA: 14777594559.594326
  m_CPU_enc_AES: 22237598628.899208
  m_CPU_enc_ECDSA: 8965065786.417942
  ME_ALLOC_S: 8066.9911755851554
  ME_READ_S: 24144.562890624999
  ME_READ_L: 11910.7900390625
  ME_WRITE: 10931.2666015625
  ME_LARGE: 21879.833333333332
  ME_LATENCY: 52.505241536081904
  ME_THREADED: 93814.58935546875
  SUMM_CPU: 21165.208216158193
  SUMM_ME: 2624.9734647491532
SystemInformation:
  OSName: Ubuntu 24.04.1 LTS
  Kernel: 6.8.0-1017-azure
  Device: ""
  Processor: Intel Xeon Platinum 8370C CPU @ 2.80GHz
  NumSockets: 1
  Manufacturer: GenuineIntel
  NumCores: 8
  NumLogicals: 16
  CPUFrequency: 2800
  Memory: 32088
  MemModuleInfo:
    iNumMemSticks: 2
    DIMM 1:
      manufacturer: Microsoft Corporation
      modulePartNo: None
      memType: Unknown
      size: 1
      clkspeed: 0
      moduleVoltage: 0
    DIMM 2:
      manufacturer: Microsoft Corporation
      modulePartNo: None
      memType: Unknown
      size: 31
      clkspeed: 0
      moduleVoltage: 0
Checksum: A4096A832BDF8F9EC168E101A92F1477DEF3A7C3