BaselineInfo:
  WebDBID: -1
  TimeStamp: 20241109115829
Version:
  Major: 11
  Minor: 0
  Build: 1002
  SpecialBuildName: ""
  ptArchitecture: x86_64_linux
Results:
  Results Complete: true
  NumTestProcesses: 64
  CPU_INTEGER_MATH: 175845.93666666662
  CPU_FLOATINGPOINT_MATH: 94304.419530625571
  CPU_PRIME: 249.93306591700005
  CPU_SORTING: 89430.867988685553
  CPU_ENCRYPTION: 24007.381537234425
  CPU_COMPRESSION: 762429.81558116735
  CPU_SINGLETHREAD: 1782.0911656795599
  CPU_PHYSICS: 4457.0214220626249
  CPU_MATRIX_MULT_SSE: 53953.704914835136
  CPU_mm: 5340.7600117564534
  CPU_sse: 18990.67877294555
  CPU_fma: 65313.137301290641
  CPU_avx: 46151.29515533847
  CPU_avx512: 85359.708429765873
  m_CPU_enc_SHA: 7923494179.5588312
  m_CPU_enc_AES: 60513496796.265839
  m_CPU_enc_ECDSA: 7083701332.536727
  ME_ALLOC_S: 20784.93146985161
  ME_READ_S: 21682.995703125001
  ME_READ_L: 10689.9853515625
  ME_WRITE: 9600.8798828125
  ME_LARGE: 245713.75
  ME_LATENCY: 48.145663127430851
  ME_THREADED: 206535.009765625
  SUMM_CPU: 41757.860977128781
  SUMM_ME: 2726.2973029662107
SystemInformation:
  OSName: Ubuntu 24.04.1 LTS
  Kernel: 6.8.0-1017-azure
  Device: ""
  Processor: Intel Xeon Platinum 8272CL CPU @ 2.60GHz
  NumSockets: 2
  Manufacturer: GenuineIntel
  NumCores: 32
  NumLogicals: 64
  CPUFrequency: 0
  Memory: 257908
  MemModuleInfo:
    iNumMemSticks: 4
    DIMM 1:
      manufacturer: Microsoft Corporation
      modulePartNo: None
      memType: Unknown
      size: 1
      clkspeed: 0
      moduleVoltage: 0
    DIMM 2:
      manufacturer: Microsoft Corporation
      modulePartNo: None
      memType: Unknown
      size: 60928
      clkspeed: 0
      moduleVoltage: 0
    DIMM 3:
      manufacturer: Microsoft Corporation
      modulePartNo: None
      memType: Unknown
      size: 69120
      clkspeed: 0
      moduleVoltage: 0
    DIMM 4:
      manufacturer: Microsoft Corporation
      modulePartNo: None
      memType: Unknown
      size: 128
      clkspeed: 0
      moduleVoltage: 0
Checksum: 86E3CEA326F217793C0F892640D1860B707CBE7D