---
system-info:
      stress-ng-version: 0.17.08
      run-by: root
      date-yyyy-mm-dd: 2024:06:08
      time-hh-mm-ss: 13:24:58
      epoch-secs: 1717853098
      hostname: f1ae7ccc11dd
      sysname: Linux
      nodename: f1ae7ccc11dd
      release: 6.8.0-1008-aws
      version: '#8-Ubuntu SMP Sat Apr 20 00:46:25 UTC 2024'
      machine: x86_64
      compiler: 'musl-gcc 13.2.1'
      uptime: 142
      totalram: 8200847360
      freeram: 3867357184
      sharedram: 40726528
      bufferram: 101916672
      totalswap: 0
      freeswap: 0
      pagesize: 4096
      cpus: 2
      cpus-online: 2
      ticks-per-second: 100

metrics:
    - stressor: cpu
      bogo-ops: 14275
      bogo-ops-per-second-usr-sys-time: 1427.656043
      bogo-ops-per-second-real-time: 1427.414885
      wall-clock-time: 10.000596
      user-time: 9.996909
      system-time: 0.001998
      cpu-usage-per-instance: 99.983108
      max-rss: 4048

...
