BaselineInfo:
  WebDBID: -1
  TimeStamp: 20250527081027
Version:
  Major: 11
  Minor: 0
  Build: 1002
  SpecialBuildName: ""
  ptArchitecture: x86_64_linux
Results:
  Results Complete: true
  NumTestProcesses: 24
  CPU_INTEGER_MATH: 127607.04566666669
  CPU_FLOATINGPOINT_MATH: 90433.746306128407
  CPU_PRIME: 252.44805395749512
  CPU_SORTING: 63726.235864756774
  CPU_ENCRYPTION: 28190.929913083899
  CPU_COMPRESSION: 459744.00006047374
  CPU_SINGLETHREAD: 3247.0378133744798
  CPU_PHYSICS: 5961.9952284340334
  CPU_MATRIX_MULT_SSE: 37511.731774774402
  CPU_mm: 3608.752427486093
  CPU_sse: 15627.492888964407
  CPU_fma: 40472.464364413543
  CPU_avx: 31990.604030454659
  CPU_avx512: 61956.36581526501
  m_CPU_enc_SHA: 29695948061.488716
  m_CPU_enc_AES: 38701866401.413795
  m_CPU_enc_ECDSA: 20283183110.723091
  ME_ALLOC_S: 15701.72952619846
  ME_READ_S: 28670.717382812501
  ME_READ_L: 10704.6689453125
  ME_WRITE: 9984.375
  ME_LARGE: 1004924.5
  ME_LATENCY: 58.889406732209558
  ME_THREADED: 267253.57470703125
  SUMM_CPU: 41633.415959135913
  SUMM_ME: 2671.2335692232909
SystemInformation:
  OSName: Ubuntu 24.04.2 LTS
  Kernel: 6.11.0-1015-azure
  Device: ""
  Processor: INTEL XEON PLATINUM 8573C
  NumSockets: 2
  Manufacturer: GenuineIntel
  NumCores: 12
  NumLogicals: 24
  CPUFrequency: 2300
  Memory: 1015946
  MemModuleInfo:
    iNumMemSticks: 4
    DIMM 1:
      manufacturer: Microsoft Corporation
      modulePartNo: None
      memType: Unknown
      size: 1
      clkspeed: 0
      moduleVoltage: 0
    DIMM 2:
      manufacturer: Microsoft Corporation
      modulePartNo: None
      memType: Unknown
      size: 59
      clkspeed: 0
      moduleVoltage: 0
    DIMM 3:
      manufacturer: Microsoft Corporation
      modulePartNo: None
      memType: Unknown
      size: 444
      clkspeed: 0
      moduleVoltage: 0
    DIMM 4:
      manufacturer: Microsoft Corporation
      modulePartNo: None
      memType: Unknown
      size: 504
      clkspeed: 0
      moduleVoltage: 0
Checksum: 4A4D3A015061847B5D9102FE2DCE442C0DB8C9C4