---
system-info:
      stress-ng-version: 0.17.08
      run-by: root
      date-yyyy-mm-dd: 2024:06:15
      time-hh-mm-ss: 08:55:13
      epoch-secs: 1718441713
      hostname: 811c60393048
      sysname: Linux
      nodename: 811c60393048
      release: 6.8.0-1008-aws
      version: '#8-Ubuntu SMP Sat Apr 20 00:46:25 UTC 2024'
      machine: x86_64
      compiler: 'musl-gcc 13.2.1'
      uptime: 141
      totalram: 132919701504
      freeram: 128449470464
      sharedram: 59916288
      bufferram: 107659264
      totalswap: 0
      freeswap: 0
      pagesize: 4096
      cpus: 16
      cpus-online: 16
      ticks-per-second: 100

metrics:
    - stressor: cpu
      bogo-ops: 37822
      bogo-ops-per-second-usr-sys-time: 1891.116547
      bogo-ops-per-second-real-time: 1891.093102
      wall-clock-time: 20.000073
      user-time: 19.999825
      system-time: 0.000000
      cpu-usage-per-instance: 99.998760
      max-rss: 1104

...
