---
system-info:
      stress-ng-version: 0.17.08
      run-by: root
      date-yyyy-mm-dd: 2024:06:08
      time-hh-mm-ss: 07:20:26
      epoch-secs: 1717831226
      hostname: e62ae1c1eb2e
      sysname: Linux
      nodename: e62ae1c1eb2e
      release: 6.8.0-1008-aws
      version: '#8-Ubuntu SMP Sat Apr 20 00:46:25 UTC 2024'
      machine: x86_64
      compiler: 'musl-gcc 13.2.1'
      uptime: 122
      totalram: 132919713792
      freeram: 128436387840
      sharedram: 59908096
      bufferram: 98074624
      totalswap: 0
      freeswap: 0
      pagesize: 4096
      cpus: 16
      cpus-online: 16
      ticks-per-second: 100

metrics:
    - stressor: cpu
      bogo-ops: 16746
      bogo-ops-per-second-usr-sys-time: 1674.509242
      bogo-ops-per-second-real-time: 1674.542908
      wall-clock-time: 10.000341
      user-time: 10.000542
      system-time: 0.000000
      cpu-usage-per-instance: 100.002011
      max-rss: 3792

...
