---
system-info:
      stress-ng-version: 0.17.08
      run-by: root
      date-yyyy-mm-dd: 2024:06:14
      time-hh-mm-ss: 11:30:52
      epoch-secs: 1718364652
      hostname: 5d98d6956a29
      sysname: Linux
      nodename: 5d98d6956a29
      release: 6.8.0-1008-aws
      version: '#8-Ubuntu SMP Sat Apr 20 00:46:25 UTC 2024'
      machine: x86_64
      compiler: 'musl-gcc 13.2.1'
      uptime: 164
      totalram: 66325278720
      freeram: 61729742848
      sharedram: 113799168
      bufferram: 107323392
      totalswap: 0
      freeswap: 0
      pagesize: 4096
      cpus: 32
      cpus-online: 32
      ticks-per-second: 100

metrics:
    - stressor: cpu
      bogo-ops: 566349
      bogo-ops-per-second-usr-sys-time: 885.367319
      bogo-ops-per-second-real-time: 28317.314245
      wall-clock-time: 20.000096
      user-time: 639.639882
      system-time: 0.036993
      cpu-usage-per-instance: 99.949033
      max-rss: 776

...
