---
system-info:
      stress-ng-version: 0.17.08
      run-by: root
      date-yyyy-mm-dd: 2024:06:06
      time-hh-mm-ss: 17:55:51
      epoch-secs: 1717696551
      hostname: e423c9091d10
      sysname: Linux
      nodename: e423c9091d10
      release: 6.8.0-1008-aws
      version: '#8-Ubuntu SMP Sat Apr 20 00:46:25 UTC 2024'
      machine: x86_64
      compiler: 'musl-gcc 13.2.1'
      uptime: 145
      totalram: 66325278720
      freeram: 61861609472
      sharedram: 113799168
      bufferram: 85446656
      totalswap: 0
      freeswap: 0
      pagesize: 4096
      cpus: 32
      cpus-online: 32
      ticks-per-second: 100

metrics:
    - stressor: cpu
      bogo-ops: 449820
      bogo-ops-per-second-usr-sys-time: 1406.795409
      bogo-ops-per-second-real-time: 44975.050966
      wall-clock-time: 10.001545
      user-time: 319.700010
      system-time: 0.047977
      cpu-usage-per-instance: 99.905810
      max-rss: 4104

...
