BaselineInfo:
  WebDBID: -1
  TimeStamp: 20241109051835
Version:
  Major: 11
  Minor: 0
  Build: 1002
  SpecialBuildName: ""
  ptArchitecture: aarch64_linux
Results:
  Results Complete: true
  NumTestProcesses: 64
  CPU_INTEGER_MATH: 252654.82533333325
  CPU_FLOATINGPOINT_MATH: 191636.01842268134
  CPU_PRIME: 249.31278395931602
  CPU_SORTING: 174883.16867976642
  CPU_ENCRYPTION: 8757.2799481607435
  CPU_COMPRESSION: 305016.65983908728
  CPU_SINGLETHREAD: 1110.621366714626
  CPU_PHYSICS: 4066.9322380354292
  CPU_MATRIX_MULT_SSE: 39744.496914776711
  CPU_mm: 6678.4525245120994
  CPU_sse: 33144.963362124749
  CPU_fma: 46344.030467428689
  CPU_avx: 0
  CPU_avx512: 0
  m_CPU_enc_SHA: 13141181067.136919
  m_CPU_enc_AES: 6061192273.5461702
  m_CPU_enc_ECDSA: 8345647396.0847063
  ME_ALLOC_S: 20464.712934461331
  ME_READ_S: 9479.619140625
  ME_READ_L: 9208.5595703125
  ME_WRITE: 12578.697265625
  ME_LARGE: 496753.16666666669
  ME_LATENCY: 69.316712887315916
  ME_THREADED: 168810.1279296875
  SUMM_CPU: 28108.105924558644
  SUMM_ME: 1855.787613353931
SystemInformation:
  OSName: Ubuntu 24.04.1 LTS
  Kernel: 6.8.0-1016-aws
  Device: ""
  Processor: ARM Neoverse-N1 64 Core 0 MHz
  NumSockets: 1
  Manufacturer: ARM
  NumCores: 64
  NumLogicals: 64
  CPUFrequency: 0
  Memory: 509686
Checksum: 9864C979659F6A0B7A2E6CE061101B6353CBD1D2