BaselineInfo:
  WebDBID: -1
  TimeStamp: 20241107173807
Version:
  Major: 11
  Minor: 0
  Build: 1002
  SpecialBuildName: ""
  ptArchitecture: x86_64_linux
Results:
  Results Complete: true
  NumTestProcesses: 4
  CPU_INTEGER_MATH: 12385.807999999999
  CPU_FLOATINGPOINT_MATH: 6647.7811876922142
  CPU_PRIME: 26.673699219598802
  CPU_SORTING: 6504.1157593098851
  CPU_ENCRYPTION: 1703.8158163325838
  CPU_COMPRESSION: 55255.184951702402
  CPU_SINGLETHREAD: 2013.2341757928755
  CPU_PHYSICS: 529.95243236025635
  CPU_MATRIX_MULT_SSE: 3452.1930126799207
  CPU_mm: 360.22694153998987
  CPU_sse: 1345.0508638816441
  CPU_fma: 4338.2426047519029
  CPU_avx: 3071.8574521302316
  CPU_avx512: 5053.6211299559036
  m_CPU_enc_SHA: 560386291.07974267
  m_CPU_enc_AES: 4300270992.1126051
  m_CPU_enc_ECDSA: 499083837.08791935
  ME_ALLOC_S: 1382.5670047520425
  ME_READ_S: 24123.895312500001
  ME_READ_L: 9258.0400390625
  ME_WRITE: 8432.3271484375
  ME_LARGE: 22127
  ME_LATENCY: 56.010639637544124
  ME_THREADED: 20928.2060546875
  SUMM_CPU: 4379.5315301520814
  SUMM_ME: 1995.0517655018923
SystemInformation:
  OSName: Ubuntu 24.04.1 LTS
  Kernel: 6.8.0-1017-azure
  Device: ""
  Processor: Intel Xeon Platinum 8272CL CPU @ 2.60GHz
  NumSockets: 1
  Manufacturer: GenuineIntel
  NumCores: 2
  NumLogicals: 4
  CPUFrequency: 0
  Memory: 32093
  MemModuleInfo:
    iNumMemSticks: 2
    DIMM 1:
      manufacturer: Microsoft Corporation
      modulePartNo: None
      memType: Unknown
      size: 1
      clkspeed: 0
      moduleVoltage: 0
    DIMM 2:
      manufacturer: Microsoft Corporation
      modulePartNo: None
      memType: Unknown
      size: 31
      clkspeed: 0
      moduleVoltage: 0
Checksum: 2BAC2C5562516D2873C9426885DECEA8D6EE510D