---
system-info:
      stress-ng-version: 0.17.08
      run-by: root
      date-yyyy-mm-dd: 2024:06:06
      time-hh-mm-ss: 15:40:50
      epoch-secs: 1717688450
      hostname: 5ff952b5e2df
      sysname: Linux
      nodename: 5ff952b5e2df
      release: 6.8.0-1008-aws
      version: '#8-Ubuntu SMP Sat Apr 20 02:43:14 UTC 2024'
      machine: aarch64
      compiler: 'musl-gcc 13.2.1'
      uptime: 110
      totalram: 3993088000
      freeram: 110952448
      sharedram: 35020800
      bufferram: 78839808
      totalswap: 0
      freeswap: 0
      pagesize: 4096
      cpus: 2
      cpus-online: 2
      ticks-per-second: 100

metrics:
    - stressor: cpu
      bogo-ops: 4267
      bogo-ops-per-second-usr-sys-time: 424.907401
      bogo-ops-per-second-real-time: 424.827985
      wall-clock-time: 10.044065
      user-time: 10.042188
      system-time: 0.000000
      cpu-usage-per-instance: 99.981310
      max-rss: 4008

...
