---
system-info:
      stress-ng-version: 0.17.08
      run-by: root
      date-yyyy-mm-dd: 2024:06:14
      time-hh-mm-ss: 09:40:19
      epoch-secs: 1718358019
      hostname: 8afeb2a37a80
      sysname: Linux
      nodename: 8afeb2a37a80
      release: 6.8.0-1008-aws
      version: '#8-Ubuntu SMP Sat Apr 20 02:43:14 UTC 2024'
      machine: aarch64
      compiler: 'musl-gcc 13.2.1'
      uptime: 132
      totalram: 3993083904
      freeram: 203382784
      sharedram: 35020800
      bufferram: 102252544
      totalswap: 0
      freeswap: 0
      pagesize: 4096
      cpus: 2
      cpus-online: 2
      ticks-per-second: 100

metrics:
    - stressor: cpu
      bogo-ops: 30667
      bogo-ops-per-second-usr-sys-time: 1533.365257
      bogo-ops-per-second-real-time: 1533.346728
      wall-clock-time: 20.000043
      user-time: 19.999801
      system-time: 0.000000
      cpu-usage-per-instance: 99.998792
      max-rss: 1320

...
