---
system-info:
      stress-ng-version: 0.17.08
      run-by: root
      date-yyyy-mm-dd: 2024:06:12
      time-hh-mm-ss: 20:41:42
      epoch-secs: 1718224902
      hostname: bcc603db828d
      sysname: Linux
      nodename: bcc603db828d
      release: 6.8.0-1008-aws
      version: '#8-Ubuntu SMP Sat Apr 20 00:46:25 UTC 2024'
      machine: x86_64
      compiler: 'musl-gcc 13.2.1'
      uptime: 169
      totalram: 16377597952
      freeram: 11964616704
      sharedram: 40751104
      bufferram: 112951296
      totalswap: 0
      freeswap: 0
      pagesize: 4096
      cpus: 8
      cpus-online: 8
      ticks-per-second: 100

metrics:
    - stressor: cpu
      bogo-ops: 29802
      bogo-ops-per-second-usr-sys-time: 1490.157222
      bogo-ops-per-second-real-time: 1490.096945
      wall-clock-time: 20.000041
      user-time: 19.999232
      system-time: 0.000000
      cpu-usage-per-instance: 99.995955
      max-rss: 1104

...
