---
system-info:
      stress-ng-version: 0.17.08
      run-by: root
      date-yyyy-mm-dd: 2024:06:05
      time-hh-mm-ss: 20:51:31
      epoch-secs: 1717620691
      hostname: a34d8102bc92
      sysname: Linux
      nodename: a34d8102bc92
      release: 6.8.0-1008-aws
      version: '#8-Ubuntu SMP Sat Apr 20 00:46:25 UTC 2024'
      machine: x86_64
      compiler: 'musl-gcc 13.2.1'
      uptime: 123
      totalram: 16377597952
      freeram: 12256423936
      sharedram: 40751104
      bufferram: 79425536
      totalswap: 0
      freeswap: 0
      pagesize: 4096
      cpus: 8
      cpus-online: 8
      ticks-per-second: 100

metrics:
    - stressor: cpu
      bogo-ops: 16085
      bogo-ops-per-second-usr-sys-time: 1608.393524
      bogo-ops-per-second-real-time: 1608.371347
      wall-clock-time: 10.000800
      user-time: 10.000662
      system-time: 0.000000
      cpu-usage-per-instance: 99.998621
      max-rss: 3920

...
