---
system-info:
      stress-ng-version: 0.17.08
      run-by: root
      date-yyyy-mm-dd: 2024:06:12
      time-hh-mm-ss: 17:56:13
      epoch-secs: 1718214973
      hostname: 87e93c4295d6
      sysname: Linux
      nodename: 87e93c4295d6
      release: 6.8.0-1008-aws
      version: '#8-Ubuntu SMP Sat Apr 20 00:46:25 UTC 2024'
      machine: x86_64
      compiler: 'musl-gcc 13.2.1'
      uptime: 157
      totalram: 16377597952
      freeram: 11987947520
      sharedram: 40751104
      bufferram: 112390144
      totalswap: 0
      freeswap: 0
      pagesize: 4096
      cpus: 8
      cpus-online: 8
      ticks-per-second: 100

metrics:
    - stressor: cpu
      bogo-ops: 30991
      bogo-ops-per-second-usr-sys-time: 1549.589360
      bogo-ops-per-second-real-time: 1549.547322
      wall-clock-time: 20.000035
      user-time: 19.998493
      system-time: 0.000999
      cpu-usage-per-instance: 99.997287
      max-rss: 1104

...
