---
system-info:
      stress-ng-version: 0.17.08
      run-by: root
      date-yyyy-mm-dd: 2024:06:20
      time-hh-mm-ss: 22:30:45
      epoch-secs: 1718922645
      hostname: 1a43ae898801
      sysname: Linux
      nodename: 1a43ae898801
      release: 6.8.0-1008-gcp
      version: '#9-Ubuntu SMP Wed May 22 18:09:04 UTC 2024'
      machine: x86_64
      compiler: 'musl-gcc 13.2.1'
      uptime: 155
      totalram: 16768077824
      freeram: 11849277440
      sharedram: 34971648
      bufferram: 134021120
      totalswap: 0
      freeswap: 0
      pagesize: 4096
      cpus: 2
      cpus-online: 2
      ticks-per-second: 100

metrics:
    - stressor: cpu
      bogo-ops: 53828
      bogo-ops-per-second-usr-sys-time: 1360.372502
      bogo-ops-per-second-real-time: 2691.389412
      wall-clock-time: 20.000079
      user-time: 39.558606
      system-time: 0.009968
      cpu-usage-per-instance: 98.921046
      max-rss: 976

...
