---
system-info:
      stress-ng-version: 0.17.08
      run-by: root
      date-yyyy-mm-dd: 2024:07:11
      time-hh-mm-ss: 20:22:49
      epoch-secs: 1720729369
      hostname: ip-172-31-56-28
      sysname: Linux
      nodename: ip-172-31-56-28
      release: 6.8.0-1010-aws
      version: '#10-Ubuntu SMP Thu Jun 13 17:36:15 UTC 2024'
      machine: x86_64
      compiler: 'musl-gcc 13.2.1'
      uptime: 176
      totalram: 32383037440
      freeram: 24491077632
      sharedram: 20287488
      bufferram: 128487424
      totalswap: 0
      freeswap: 0
      pagesize: 4096
      cpus: 8
      cpus-online: 8
      ticks-per-second: 100

metrics:
    - stressor: cpu
      bogo-ops: 246627
      bogo-ops-per-second-usr-sys-time: 1543.803985
      bogo-ops-per-second-real-time: 12331.321500
      wall-clock-time: 20.000046
      user-time: 159.737801
      system-time: 0.014993
      cpu-usage-per-instance: 99.845265
      max-rss: 1104

...
