---
system-info:
      stress-ng-version: 0.17.08
      run-by: root
      date-yyyy-mm-dd: 2024:06:10
      time-hh-mm-ss: 13:11:34
      epoch-secs: 1718025094
      hostname: 660b9c5d4989
      sysname: Linux
      nodename: 660b9c5d4989
      release: 6.8.0-1008-aws
      version: '#8-Ubuntu SMP Sat Apr 20 00:46:25 UTC 2024'
      machine: x86_64
      compiler: 'musl-gcc 13.2.1'
      uptime: 201
      totalram: 32383041536
      freeram: 25561579520
      sharedram: 20287488
      bufferram: 99385344
      totalswap: 0
      freeswap: 0
      pagesize: 4096
      cpus: 8
      cpus-online: 8
      ticks-per-second: 100

metrics:
    - stressor: cpu
      bogo-ops: 109684
      bogo-ops-per-second-usr-sys-time: 1373.288443
      bogo-ops-per-second-real-time: 10966.918828
      wall-clock-time: 10.001351
      user-time: 79.856610
      system-time: 0.012991
      cpu-usage-per-instance: 99.823519
      max-rss: 4048

...
