BaselineInfo:
  WebDBID: -1
  TimeStamp: 20260405002602
Version:
  Major: 11
  Minor: 0
  Build: 1004
  SpecialBuildName: ""
  ptArchitecture: x86_64_linux
Results:
  Results Complete: true
  NumTestProcesses: 32
  CPU_INTEGER_MATH: 91963.814999999988
  CPU_FLOATINGPOINT_MATH: 62192.827001759186
  CPU_PRIME: 160.21290752535648
  CPU_SORTING: 61775.143946265889
  CPU_ENCRYPTION: 12258.028085057193
  CPU_COMPRESSION: 478909.18633858237
  CPU_SINGLETHREAD: 1691.957664810308
  CPU_PHYSICS: 2953.860569494263
  CPU_MATRIX_MULT_SSE: 35852.112751851877
  CPU_mm: 3931.0399644415788
  CPU_sse: 14306.096054033862
  CPU_fma: 44386.592420096138
  CPU_avx: 31641.079907279127
  CPU_avx512: 53074.682625998437
  m_CPU_enc_SHA: 5636364377.9985113
  m_CPU_enc_AES: 27741012142.788635
  m_CPU_enc_ECDSA: 5183045651.1636505
  ME_ALLOC_S: 8554.0516818759461
  ME_READ_S: 19088.161328124999
  ME_READ_L: 6429.93359375
  ME_WRITE: 6975.9970703125
  ME_LARGE: 114197.91666666667
  ME_LATENCY: 78.917038538784354
  ME_THREADED: 104980.14721679688
  SUMM_CPU: 28365.714505211934
  SUMM_ME: 1814.129078436491
SystemInformation:
  OSName: Ubuntu 24.04.4 LTS
  Kernel: 6.8.0-106-generic
  Device: ""
  Processor: Intel(R) Xeon(R) Platinum 8163 CPU @ 2.50GHz
  NumSockets: 1
  Manufacturer: GenuineIntel
  NumCores: 16
  NumLogicals: 32
  CPUFrequency: 2500
  CPUMaxFrequency: 3100
  Memory: 128294
  CPUInfo:
    number: 1
    Family: 6
    Model: 5
    stepping: 4
    features: 529267711
    manufacture: GenuineIntel
    typestring: Intel(R) Xeon(R) Platinum 8163 CPU @ 2.50GHz
    iCoresPerPackage: 16
    iThreadsPerPackage: 2
    featuresEx:
      - 529267711
      - 4294586883
      - 739248128
    bHybrid: false
    nPCore: 0
    nLogicalsPerPCore: 0
    nECore: 0
    nLogicalsPerECore: 0
  MemModuleInfo:
    iNumMemSticks: 8
    DIMM 1:
      manufacturer: Alibaba Cloud
      modulePartNo: Not Specified
      memType: RAM
      size: 16
      clkspeed: 0
      moduleVoltage: 0
    DIMM 2:
      manufacturer: Alibaba Cloud
      modulePartNo: Not Specified
      memType: RAM
      size: 16
      clkspeed: 0
      moduleVoltage: 0
    DIMM 3:
      manufacturer: Alibaba Cloud
      modulePartNo: Not Specified
      memType: RAM
      size: 16
      clkspeed: 0
      moduleVoltage: 0
    DIMM 4:
      manufacturer: Alibaba Cloud
      modulePartNo: Not Specified
      memType: RAM
      size: 16
      clkspeed: 0
      moduleVoltage: 0
    DIMM 5:
      manufacturer: Alibaba Cloud
      modulePartNo: Not Specified
      memType: RAM
      size: 16
      clkspeed: 0
      moduleVoltage: 0
    DIMM 6:
      manufacturer: Alibaba Cloud
      modulePartNo: Not Specified
      memType: RAM
      size: 16
      clkspeed: 0
      moduleVoltage: 0
    DIMM 7:
      manufacturer: Alibaba Cloud
      modulePartNo: Not Specified
      memType: RAM
      size: 16
      clkspeed: 0
      moduleVoltage: 0
    DIMM 8:
      manufacturer: Alibaba Cloud
      modulePartNo: Not Specified
      memType: RAM
      size: 16
      clkspeed: 0
      moduleVoltage: 0
Checksum: 2E764EEA2D308FEAF3A04B77EB1AB929E1C0ECB3