BaselineInfo:
  WebDBID: -1
  TimeStamp: 20251210211809
Version:
  Major: 11
  Minor: 0
  Build: 1002
  SpecialBuildName: ""
  ptArchitecture: aarch64_linux
Results:
  Results Complete: true
  NumTestProcesses: 4
  CPU_INTEGER_MATH: 20856.510333333332
  CPU_FLOATINGPOINT_MATH: 24218.942630269863
  CPU_PRIME: 69.830513348228024
  CPU_SORTING: 18538.525105709799
  CPU_ENCRYPTION: 754.28408226523959
  CPU_COMPRESSION: 26491.740891493351
  CPU_SINGLETHREAD: 1944.6623840721757
  CPU_PHYSICS: 1368.0312582544773
  CPU_MATRIX_MULT_SSE: 3677.917418548669
  CPU_mm: 455.87186892084242
  CPU_sse: 2886.4219698809598
  CPU_fma: 4469.4128672163788
  CPU_avx: 0
  CPU_avx512: 0
  m_CPU_enc_SHA: 1193291277.5837626
  m_CPU_enc_AES: 428444802.76867068
  m_CPU_enc_ECDSA: 751036477.18363404
  ME_ALLOC_S: 6094.9876572730609
  ME_READ_S: 21108.400976562501
  ME_READ_L: 20029.419921875
  ME_WRITE: 21299.810546875
  ME_LARGE: 1668.9166666666667
  ME_LATENCY: 44.844175884673497
  ME_THREADED: 76729.6015625
  SUMM_CPU: 3953.9463651576152
  SUMM_ME: 1992.9244589428295
SystemInformation:
  OSName: Ubuntu 24.04.2 LTS
  Kernel: 6.14.0-1017-aws
  Device: ""
  Processor: ARM Neoverse-V2 4 Core 0 MHz
  NumSockets: 1
  Manufacturer: ARM
  NumCores: 4
  NumLogicals: 4
  CPUFrequency: 0
  Memory: 7760
Checksum: 96A72763F65993A4C7F8FE97E3D7B30F5651BD11