---
system-info:
      stress-ng-version: 0.17.08
      run-by: root
      date-yyyy-mm-dd: 2024:06:07
      time-hh-mm-ss: 21:54:40
      epoch-secs: 1717797280
      hostname: 7b64a27eeb38
      sysname: Linux
      nodename: 7b64a27eeb38
      release: 6.8.0-1008-aws
      version: '#8-Ubuntu SMP Sat Apr 20 02:43:14 UTC 2024'
      machine: aarch64
      compiler: 'musl-gcc 13.2.1'
      uptime: 120
      totalram: 269703233536
      freeram: 264577466368
      sharedram: 36532224
      bufferram: 93855744
      totalswap: 0
      freeswap: 0
      pagesize: 4096
      cpus: 64
      cpus-online: 64
      ticks-per-second: 100

metrics:
    - stressor: cpu
      bogo-ops: 188152
      bogo-ops-per-second-usr-sys-time: 293.106249
      bogo-ops-per-second-real-time: 18747.628065
      wall-clock-time: 10.036043
      user-time: 641.887249
      system-time: 0.036970
      cpu-usage-per-instance: 99.940445
      max-rss: 3584

...
