---
system-info:
      stress-ng-version: 0.17.08
      run-by: root
      date-yyyy-mm-dd: 2024:06:13
      time-hh-mm-ss: 13:04:08
      epoch-secs: 1718283848
      hostname: 71078bc04002
      sysname: Linux
      nodename: 71078bc04002
      release: 6.8.0-1008-aws
      version: '#8-Ubuntu SMP Sat Apr 20 02:43:14 UTC 2024'
      machine: aarch64
      compiler: 'musl-gcc 13.2.1'
      uptime: 127
      totalram: 269703237632
      freeram: 264554811392
      sharedram: 36532224
      bufferram: 104873984
      totalswap: 0
      freeswap: 0
      pagesize: 4096
      cpus: 64
      cpus-online: 64
      ticks-per-second: 100

metrics:
    - stressor: cpu
      bogo-ops: 1944016
      bogo-ops-per-second-usr-sys-time: 1519.282011
      bogo-ops-per-second-real-time: 97200.483488
      wall-clock-time: 20.000065
      user-time: 1279.541327
      system-time: 0.020983
      cpu-usage-per-instance: 99.965480
      max-rss: 512

...
