BaselineInfo:
  WebDBID: -1
  TimeStamp: 20260619005943
Version:
  Major: 11
  Minor: 0
  Build: 1004
  SpecialBuildName: ""
  ptArchitecture: x86_64_linux
Results:
  Results Complete: true
  NumTestProcesses: 12
  CPU_INTEGER_MATH: 29243.361666666664
  CPU_FLOATINGPOINT_MATH: 15737.157195801861
  CPU_PRIME: 57.305036267241746
  CPU_SORTING: 18023.630814312404
  CPU_ENCRYPTION: 4067.7594848533345
  CPU_COMPRESSION: 137382.82104757245
  CPU_SINGLETHREAD: 1672.2038690097972
  CPU_PHYSICS: 1112.0739867497739
  CPU_MATRIX_MULT_SSE: 8837.6555209748822
  CPU_mm: 892.85963362258337
  CPU_sse: 3187.9801163283237
  CPU_fma: 10893.22474778894
  CPU_avx: 7690.4834847057382
  CPU_avx512: 13578.933735076529
  m_CPU_enc_SHA: 1322609906.4649456
  m_CPU_enc_AES: 10269067414.104733
  m_CPU_enc_ECDSA: 1204387588.1990345
  ME_ALLOC_S: 3193.7142248140681
  ME_READ_S: 19255.508203124999
  ME_READ_L: 6074.6357421875
  ME_WRITE: 6673.13720703125
  ME_LARGE: 39338
  ME_LATENCY: 80.321576841722347
  ME_THREADED: 51415.22412109375
  SUMM_CPU: 10074.025979377126
  SUMM_ME: 1685.7051842822887
SystemInformation:
  OSName: Ubuntu 24.04.4 LTS
  Kernel: 6.8.0-117-generic
  Device: ""
  Processor: Intel(R) Xeon(R) Platinum 8163 CPU @ 2.50GHz
  NumSockets: 1
  Manufacturer: GenuineIntel
  NumCores: 6
  NumLogicals: 12
  CPUFrequency: 2500
  CPUMaxFrequency: 3100
  Memory: 47790
  CPUInfo:
    number: 1
    Family: 6
    Model: 5
    stepping: 4
    features: 529267711
    manufacture: GenuineIntel
    typestring: Intel(R) Xeon(R) Platinum 8163 CPU @ 2.50GHz
    iCoresPerPackage: 6
    iThreadsPerPackage: 2
    featuresEx:
      - 529267711
      - 4294586883
      - 739248128
    bHybrid: false
    nPCore: 0
    nLogicalsPerPCore: 0
    nECore: 0
    nLogicalsPerECore: 0
  MemModuleInfo:
    iNumMemSticks: 3
    DIMM 1:
      manufacturer: Alibaba Cloud
      modulePartNo: Not Specified
      memType: RAM
      size: 16
      clkspeed: 0
      moduleVoltage: 0
    DIMM 2:
      manufacturer: Alibaba Cloud
      modulePartNo: Not Specified
      memType: RAM
      size: 16
      clkspeed: 0
      moduleVoltage: 0
    DIMM 3:
      manufacturer: Alibaba Cloud
      modulePartNo: Not Specified
      memType: RAM
      size: 16
      clkspeed: 0
      moduleVoltage: 0
Checksum: BC5E997D21D8A130BA511C83F10FE6CE5C9648DE