---
system-info:
      stress-ng-version: 0.17.08
      run-by: root
      date-yyyy-mm-dd: 2024:09:10
      time-hh-mm-ss: 14:46:04
      epoch-secs: 1725979564
      hostname: ip-172-31-28-83
      sysname: Linux
      nodename: ip-172-31-28-83
      release: 6.8.0-1014-aws
      version: '#15-Ubuntu SMP Thu Aug  8 20:05:03 UTC 2024'
      machine: aarch64
      compiler: 'musl-gcc 13.2.1'
      uptime: 207
      totalram: 267049979904
      freeram: 258281758720
      sharedram: 34942976
      bufferram: 219820032
      totalswap: 0
      freeswap: 0
      pagesize: 4096
      cpus: 16
      cpus-online: 16
      ticks-per-second: 100

metrics:
    - stressor: cpu
      bogo-ops: 30390
      bogo-ops-per-second-usr-sys-time: 1519.475384
      bogo-ops-per-second-real-time: 1519.491722
      wall-clock-time: 20.000109
      user-time: 20.000324
      system-time: 0.000000
      cpu-usage-per-instance: 100.001075
      max-rss: 1192

...
