---
system-info:
      stress-ng-version: 0.17.08
      run-by: root
      date-yyyy-mm-dd: 2024:09:06
      time-hh-mm-ss: 21:44:20
      epoch-secs: 1725659060
      hostname: ip-172-31-9-179
      sysname: Linux
      nodename: ip-172-31-9-179
      release: 6.8.0-1014-aws
      version: '#15-Ubuntu SMP Thu Aug  8 20:05:03 UTC 2024'
      machine: aarch64
      compiler: 'musl-gcc 13.2.1'
      uptime: 207
      totalram: 267049984000
      freeram: 258313572352
      sharedram: 34938880
      bufferram: 221351936
      totalswap: 0
      freeswap: 0
      pagesize: 4096
      cpus: 16
      cpus-online: 16
      ticks-per-second: 100

metrics:
    - stressor: cpu
      bogo-ops: 30397
      bogo-ops-per-second-usr-sys-time: 1519.808357
      bogo-ops-per-second-real-time: 1519.843478
      wall-clock-time: 20.000086
      user-time: 20.000548
      system-time: 0.000000
      cpu-usage-per-instance: 100.002311
      max-rss: 1192

...
