BaselineInfo:
  WebDBID: -1
  TimeStamp: 20241109062512
Version:
  Major: 11
  Minor: 0
  Build: 1002
  SpecialBuildName: ""
  ptArchitecture: x86_64_linux
Results:
  Results Complete: true
  NumTestProcesses: 64
  CPU_INTEGER_MATH: 156224.18733333331
  CPU_FLOATINGPOINT_MATH: 95903.560711039099
  CPU_PRIME: 177.36837960125749
  CPU_SORTING: 77996.006948335242
  CPU_ENCRYPTION: 21242.775824923021
  CPU_COMPRESSION: 663252.82588178897
  CPU_SINGLETHREAD: 1646.1601400850288
  CPU_PHYSICS: 2284.8296199562105
  CPU_MATRIX_MULT_SSE: 36965.619066246225
  CPU_mm: 4753.2747558200972
  CPU_sse: 17860.509423012078
  CPU_fma: 54051.358528575176
  CPU_avx: 38984.989247151403
  CPU_avx512: 0
  m_CPU_enc_SHA: 6957005932.199625
  m_CPU_enc_AES: 53637276688.493492
  m_CPU_enc_ECDSA: 6229712089.490324
  ME_ALLOC_S: 17186.802643217856
  ME_READ_S: 19364.063085937501
  ME_READ_L: 9928.421875
  ME_WRITE: 9550.41796875
  ME_LARGE: 46363.916666666664
  ME_LATENCY: 52.983560283760625
  ME_THREADED: 100435.603515625
  SUMM_CPU: 35878.121479231057
  SUMM_ME: 2442.2358330138331
SystemInformation:
  OSName: Ubuntu 24.04.1 LTS
  Kernel: 6.8.0-1015-gcp
  Device: ""
  Processor: Intel Xeon CPU @ 2.30GHz
  NumSockets: 1
  Manufacturer: GenuineIntel
  NumCores: 32
  NumLogicals: 64
  CPUFrequency: 0
  Memory: 57827
  MemModuleInfo:
    iNumMemSticks: 4
    DIMM 1:
      manufacturer: ""
      modulePartNo: ""
      memType: RAM
      size: 16
      clkspeed: 0
      moduleVoltage: 0
    DIMM 2:
      manufacturer: ""
      modulePartNo: ""
      memType: RAM
      size: 16
      clkspeed: 0
      moduleVoltage: 0
    DIMM 3:
      manufacturer: ""
      modulePartNo: ""
      memType: RAM
      size: 16
      clkspeed: 0
      moduleVoltage: 0
    DIMM 4:
      manufacturer: ""
      modulePartNo: ""
      memType: RAM
      size: 9830
      clkspeed: 0
      moduleVoltage: 0
Checksum: 531102B9F32877F2527C94D9644CD6BD746003E3