BaselineInfo:
  WebDBID: -1
  TimeStamp: 20241107115413
Version:
  Major: 11
  Minor: 0
  Build: 1002
  SpecialBuildName: ""
  ptArchitecture: x86_64_linux
Results:
  Results Complete: true
  NumTestProcesses: 2
  CPU_INTEGER_MATH: 8315.851333333334
  CPU_FLOATINGPOINT_MATH: 4256.3793916403638
  CPU_PRIME: 17.873614001508138
  CPU_SORTING: 4358.90094009737
  CPU_ENCRYPTION: 1802.1331878775163
  CPU_COMPRESSION: 32352.617866776935
  CPU_SINGLETHREAD: 2298.5244393554476
  CPU_PHYSICS: 362.04917816552336
  CPU_MATRIX_MULT_SSE: 1656.8453381444567
  CPU_mm: 179.54719571305156
  CPU_sse: 781.98545703772379
  CPU_fma: 2169.0750110894805
  CPU_avx: 1602.9318418391715
  CPU_avx512: 2073.3890426114503
  m_CPU_enc_SHA: 1820143322.2934442
  m_CPU_enc_AES: 2732663629.8278894
  m_CPU_enc_ECDSA: 1116213876.7142293
  ME_ALLOC_S: 985.05928169555136
  ME_READ_S: 23497.984570312499
  ME_READ_L: 10963.3408203125
  ME_WRITE: 9947.55859375
  ME_LARGE: 5759
  ME_LATENCY: 62.465636221807841
  ME_THREADED: 14751.65185546875
  SUMM_CPU: 2968.2866374104524
  SUMM_ME: 1724.4601365504873
SystemInformation:
  OSName: Ubuntu 24.04.1 LTS
  Kernel: 6.8.0-1016-aws
  Device: ""
  Processor: Intel Xeon Platinum 8375C CPU @ 2.90GHz
  NumSockets: 1
  Manufacturer: GenuineIntel
  NumCores: 1
  NumLogicals: 2
  CPUFrequency: 0
  Memory: 15706
  MemModuleInfo:
    iNumMemSticks: 1
    DIMM 1:
      manufacturer: Not Specified
      modulePartNo: Not Specified
      memType: DDR4
      size: 16
      clkspeed: 1600
      moduleVoltage: 0
Checksum: D7FE080FF605CF45DE87B92BA31D48809DADB154