---
system-info:
      stress-ng-version: 0.17.08
      run-by: root
      date-yyyy-mm-dd: 2024:07:26
      time-hh-mm-ss: 08:57:38
      epoch-secs: 1721984258
      hostname: a3-megagpu-8g-6a16f74
      sysname: Linux
      nodename: a3-megagpu-8g-6a16f74
      release: 6.8.0-1010-gcp
      version: '#11-Ubuntu SMP Fri Jun 14 16:56:45 UTC 2024'
      machine: x86_64
      compiler: 'musl-gcc 13.2.1'
      uptime: 191
      totalram: 1978434301952
      freeram: 1968233365504
      sharedram: 223731712
      bufferram: 130195456
      totalswap: 0
      freeswap: 0
      pagesize: 4096
      cpus: 208
      cpus-online: 208
      ticks-per-second: 100

metrics:
    - stressor: cpu
      bogo-ops: 3344317
      bogo-ops-per-second-usr-sys-time: 804.370325
      bogo-ops-per-second-real-time: 167214.979583
      wall-clock-time: 20.000104
      user-time: 4157.614254
      system-time: 0.068963
      cpu-usage-per-instance: 99.943788
      max-rss: 0

...
