BaselineInfo:
  WebDBID: -1
  TimeStamp: 20241108032239
Version:
  Major: 11
  Minor: 0
  Build: 1002
  SpecialBuildName: ""
  ptArchitecture: x86_64_linux
Results:
  Results Complete: true
  NumTestProcesses: 8
  CPU_INTEGER_MATH: 33445.330999999998
  CPU_FLOATINGPOINT_MATH: 17107.913437779069
  CPU_PRIME: 72.387298235254661
  CPU_SORTING: 17354.089050422335
  CPU_ENCRYPTION: 7284.9748531443383
  CPU_COMPRESSION: 125607.0587982617
  CPU_SINGLETHREAD: 2363.4671315953119
  CPU_PHYSICS: 1318.8240306236944
  CPU_MATRIX_MULT_SSE: 6941.6316885702599
  CPU_mm: 721.23737316652557
  CPU_sse: 3162.729294524268
  CPU_fma: 8729.2206953631048
  CPU_avx: 6443.19135164195
  CPU_avx512: 9431.3854127517188
  m_CPU_enc_SHA: 7337844027.2153931
  m_CPU_enc_AES: 11042573553.777256
  m_CPU_enc_ECDSA: 4536131793.8393831
  ME_ALLOC_S: 3963.5514027581785
  ME_READ_S: 24271.697851562501
  ME_READ_L: 10895.65625
  ME_WRITE: 10498.9140625
  ME_LARGE: 21461.5
  ME_LATENCY: 61.600477217199092
  ME_THREADED: 54392.92041015625
  SUMM_CPU: 11313.866298140119
  SUMM_ME: 2313.9389422642794
SystemInformation:
  OSName: Ubuntu 24.04.1 LTS
  Kernel: 6.8.0-1016-aws
  Device: ""
  Processor: Intel Xeon Platinum 8375C CPU @ 2.90GHz
  NumSockets: 1
  Manufacturer: GenuineIntel
  NumCores: 4
  NumLogicals: 8
  CPUFrequency: 0
  Memory: 31556
  MemModuleInfo:
    iNumMemSticks: 1
    DIMM 1:
      manufacturer: Not Specified
      modulePartNo: Not Specified
      memType: DDR4
      size: 32
      clkspeed: 1600
      moduleVoltage: 0
Checksum: BE5F37B5609E1B2E8D8CE3E3A6610AF9F42016B1