---
system-info:
      stress-ng-version: 0.17.08
      run-by: root
      date-yyyy-mm-dd: 2024:09:03
      time-hh-mm-ss: 07:05:24
      epoch-secs: 1725347124
      hostname: sc-runner
      sysname: Linux
      nodename: sc-runner
      release: 6.8.0-1013-azure
      version: '#15-Ubuntu SMP Thu Aug  8 18:40:40 UTC 2024'
      machine: x86_64
      compiler: 'musl-gcc 13.2.1'
      uptime: 422
      totalram: 33652330496
      freeram: 24920342528
      sharedram: 54886400
      bufferram: 233103360
      totalswap: 0
      freeswap: 0
      pagesize: 4096
      cpus: 4
      cpus-online: 4
      ticks-per-second: 100

metrics:
    - stressor: cpu
      bogo-ops: 27134
      bogo-ops-per-second-usr-sys-time: 1356.720554
      bogo-ops-per-second-real-time: 1356.697962
      wall-clock-time: 20.000030
      user-time: 19.999697
      system-time: 0.000000
      cpu-usage-per-instance: 99.998335
      max-rss: 3152

...
