BaselineInfo:
  WebDBID: -1
  TimeStamp: 20260404224330
Version:
  Major: 11
  Minor: 0
  Build: 1004
  SpecialBuildName: ""
  ptArchitecture: x86_64_linux
Results:
  Results Complete: true
  NumTestProcesses: 16
  CPU_INTEGER_MATH: 46833.706333333335
  CPU_FLOATINGPOINT_MATH: 25143.566831665201
  CPU_PRIME: 92.212988260553317
  CPU_SORTING: 28608.199713019854
  CPU_ENCRYPTION: 6492.1098698478509
  CPU_COMPRESSION: 215824.66920050941
  CPU_SINGLETHREAD: 1972.7620567571014
  CPU_PHYSICS: 1604.3090547126251
  CPU_MATRIX_MULT_SSE: 13225.83651050653
  CPU_mm: 1426.928597180211
  CPU_sse: 5102.7338528067194
  CPU_fma: 15775.748840853948
  CPU_avx: 11148.983693643473
  CPU_avx512: 20875.879654721979
  m_CPU_enc_SHA: 2119784280.8346715
  m_CPU_enc_AES: 16382121545.236664
  m_CPU_enc_ECDSA: 1920505970.5854011
  ME_ALLOC_S: 5625.6499788181636
  ME_READ_S: 22795.113867187501
  ME_READ_L: 9866.1435546875
  ME_WRITE: 9592.8642578125
  ME_LARGE: 112920
  ME_LATENCY: 52.630395332110993
  ME_THREADED: 85984.8349609375
  SUMM_CPU: 15440.877677170409
  SUMM_ME: 2505.792628668818
SystemInformation:
  OSName: Ubuntu 24.04.4 LTS
  Kernel: 6.8.0-106-generic
  Device: ""
  Processor: Intel(R) Xeon(R) Platinum 8269CY CPU @ 2.50GHz
  NumSockets: 1
  Manufacturer: GenuineIntel
  NumCores: 8
  NumLogicals: 16
  CPUFrequency: 0
  CPUMaxFrequency: 0
  Memory: 126267
  CPUInfo:
    number: 1
    Family: 6
    Model: 5
    stepping: 7
    features: 529267711
    manufacture: GenuineIntel
    typestring: Intel(R) Xeon(R) Platinum 8269CY CPU @ 2.50GHz
    iCoresPerPackage: 8
    iThreadsPerPackage: 2
    featuresEx:
      - 529267711
      - 4277809667
      - 739248128
    bHybrid: false
    nPCore: 0
    nLogicalsPerPCore: 0
    nECore: 0
    nLogicalsPerECore: 0
  MemModuleInfo:
    iNumMemSticks: 8
    DIMM 1:
      manufacturer: Alibaba Cloud
      modulePartNo: Not Specified
      memType: RAM
      size: 16
      clkspeed: 0
      moduleVoltage: 0
    DIMM 2:
      manufacturer: Alibaba Cloud
      modulePartNo: Not Specified
      memType: RAM
      size: 16
      clkspeed: 0
      moduleVoltage: 0
    DIMM 3:
      manufacturer: Alibaba Cloud
      modulePartNo: Not Specified
      memType: RAM
      size: 16
      clkspeed: 0
      moduleVoltage: 0
    DIMM 4:
      manufacturer: Alibaba Cloud
      modulePartNo: Not Specified
      memType: RAM
      size: 16
      clkspeed: 0
      moduleVoltage: 0
    DIMM 5:
      manufacturer: Alibaba Cloud
      modulePartNo: Not Specified
      memType: RAM
      size: 16
      clkspeed: 0
      moduleVoltage: 0
    DIMM 6:
      manufacturer: Alibaba Cloud
      modulePartNo: Not Specified
      memType: RAM
      size: 16
      clkspeed: 0
      moduleVoltage: 0
    DIMM 7:
      manufacturer: Alibaba Cloud
      modulePartNo: Not Specified
      memType: RAM
      size: 16
      clkspeed: 0
      moduleVoltage: 0
    DIMM 8:
      manufacturer: Alibaba Cloud
      modulePartNo: Not Specified
      memType: RAM
      size: 16
      clkspeed: 0
      moduleVoltage: 0
Checksum: FFA6DD6869092B5CD78C1310EDF061086CDED5A6