---
system-info:
      stress-ng-version: 0.17.08
      run-by: root
      date-yyyy-mm-dd: 2024:09:21
      time-hh-mm-ss: 16:47:45
      epoch-secs: 1726937265
      hostname: sc-runner
      sysname: Linux
      nodename: sc-runner
      release: 6.8.0-1014-azure
      version: '#16-Ubuntu SMP Thu Aug 15 20:04:41 UTC 2024'
      machine: x86_64
      compiler: 'musl-gcc 13.2.1'
      uptime: 341
      totalram: 67420598272
      freeram: 57030037504
      sharedram: 38154240
      bufferram: 254984192
      totalswap: 0
      freeswap: 0
      pagesize: 4096
      cpus: 16
      cpus-online: 16
      ticks-per-second: 100

metrics:
    - stressor: cpu
      bogo-ops: 54151
      bogo-ops-per-second-usr-sys-time: 2707.615118
      bogo-ops-per-second-real-time: 2707.544610
      wall-clock-time: 20.000040
      user-time: 19.999519
      system-time: 0.000000
      cpu-usage-per-instance: 99.997396
      max-rss: 3152

...
