---
system-info:
      stress-ng-version: 0.17.08
      run-by: root
      date-yyyy-mm-dd: 2024:09:03
      time-hh-mm-ss: 14:03:22
      epoch-secs: 1725372202
      hostname: sc-runner
      sysname: Linux
      nodename: sc-runner
      release: 6.8.0-1013-azure
      version: '#15-Ubuntu SMP Thu Aug  8 18:40:40 UTC 2024'
      machine: x86_64
      compiler: 'musl-gcc 13.2.1'
      uptime: 362
      totalram: 67420610560
      freeram: 58738360320
      sharedram: 38154240
      bufferram: 217628672
      totalswap: 0
      freeswap: 0
      pagesize: 4096
      cpus: 16
      cpus-online: 16
      ticks-per-second: 100

metrics:
    - stressor: cpu
      bogo-ops: 54149
      bogo-ops-per-second-usr-sys-time: 2707.493861
      bogo-ops-per-second-real-time: 2707.444804
      wall-clock-time: 20.000038
      user-time: 19.998677
      system-time: 0.000999
      cpu-usage-per-instance: 99.998188
      max-rss: 1104

...
