---
system-info:
      stress-ng-version: 0.17.08
      run-by: root
      date-yyyy-mm-dd: 2024:07:26
      time-hh-mm-ss: 07:23:48
      epoch-secs: 1721978628
      hostname: a2-ultragpu-4g-9890dfd
      sysname: Linux
      nodename: a2-ultragpu-4g-9890dfd
      release: 6.8.0-1010-gcp
      version: '#11-Ubuntu SMP Fri Jun 14 16:56:45 UTC 2024'
      machine: x86_64
      compiler: 'musl-gcc 13.2.1'
      uptime: 259
      totalram: 718195875840
      freeram: 709561577472
      sharedram: 42012672
      bufferram: 131686400
      totalswap: 0
      freeswap: 0
      pagesize: 4096
      cpus: 48
      cpus-online: 48
      ticks-per-second: 100

metrics:
    - stressor: cpu
      bogo-ops: 24014
      bogo-ops-per-second-usr-sys-time: 1200.805191
      bogo-ops-per-second-real-time: 1200.683339
      wall-clock-time: 20.000278
      user-time: 19.998248
      system-time: 0.000000
      cpu-usage-per-instance: 99.989853
      max-rss: 1152

...
