---
system-info:
      stress-ng-version: 0.17.08
      run-by: root
      date-yyyy-mm-dd: 2024:07:12
      time-hh-mm-ss: 10:37:18
      epoch-secs: 1720780638
      hostname: ip-172-31-31-49
      sysname: Linux
      nodename: ip-172-31-31-49
      release: 6.8.0-1010-aws
      version: '#10-Ubuntu SMP Thu Jun 13 17:36:15 UTC 2024'
      machine: x86_64
      compiler: 'musl-gcc 13.2.1'
      uptime: 211
      totalram: 196442136576
      freeram: 190309969920
      sharedram: 76730368
      bufferram: 139632640
      totalswap: 0
      freeswap: 0
      pagesize: 4096
      cpus: 96
      cpus-online: 96
      ticks-per-second: 100

metrics:
    - stressor: cpu
      bogo-ops: 25691
      bogo-ops-per-second-usr-sys-time: 1284.556102
      bogo-ops-per-second-real-time: 1284.541302
      wall-clock-time: 20.000135
      user-time: 19.999905
      system-time: 0.000000
      cpu-usage-per-instance: 99.998848
      max-rss: 768

...
