BaselineInfo:
  WebDBID: -1
  TimeStamp: 20260619225929
Version:
  Major: 11
  Minor: 0
  Build: 1004
  SpecialBuildName: ""
  ptArchitecture: x86_64_linux
Results:
  Results Complete: true
  NumTestProcesses: 16
  CPU_INTEGER_MATH: 106371.67933333333
  CPU_FLOATINGPOINT_MATH: 61908.67215819945
  CPU_PRIME: 142.2295043708402
  CPU_SORTING: 46549.615534783094
  CPU_ENCRYPTION: 19991.286914571774
  CPU_COMPRESSION: 371414.42167418503
  CPU_SINGLETHREAD: 3680.280820379513
  CPU_PHYSICS: 3151.6486115787611
  CPU_MATRIX_MULT_SSE: 28939.61087261785
  CPU_mm: 2771.2322789693953
  CPU_sse: 10429.814078657457
  CPU_fma: 31085.968233929183
  CPU_avx: 30188.870979740088
  CPU_avx512: 44053.790198144656
  m_CPU_enc_SHA: 25167309562.332588
  m_CPU_enc_AES: 20307975215.304169
  m_CPU_enc_ECDSA: 17411866225.565281
  ME_ALLOC_S: 10016.844479891766
  ME_READ_S: 33968.928906250003
  ME_READ_L: 30294.4375
  ME_WRITE: 29622.33984375
  ME_LARGE: 120221.58333333333
  ME_LATENCY: 77.281972376685346
  ME_THREADED: 55522.80224609375
  SUMM_CPU: 32716.888432796113
  SUMM_ME: 2814.8695398099858
SystemInformation:
  OSName: Ubuntu 24.04.4 LTS
  Kernel: 6.17.0-1018-azure
  Device: ""
  Processor: "AMD EPYC 9V45 96-Core Processor                "
  NumSockets: 1
  Manufacturer: AuthenticAMD
  NumCores: 8
  NumLogicals: 16
  CPUFrequency: 0
  CPUMaxFrequency: 0
  Memory: 128809
  CPUInfo:
    number: 1
    Family: 15
    Model: 2
    stepping: 1
    features: 395049983
    manufacture: AuthenticAMD
    typestring: "AMD EPYC 9V45 96-Core Processor                "
    iCoresPerPackage: 8
    iThreadsPerPackage: 2
    featuresEx:
      - 395049983
      - 4277809667
      - 802421759
    bHybrid: false
    nPCore: 0
    nLogicalsPerPCore: 0
    nECore: 0
    nLogicalsPerECore: 0
  MemModuleInfo:
    iNumMemSticks: 3
    DIMM 1:
      manufacturer: Microsoft Corporation
      modulePartNo: None
      memType: Unknown
      size: 1
      clkspeed: 0
      moduleVoltage: 0
    DIMM 2:
      manufacturer: Microsoft Corporation
      modulePartNo: None
      memType: Unknown
      size: 59
      clkspeed: 0
      moduleVoltage: 0
    DIMM 3:
      manufacturer: Microsoft Corporation
      modulePartNo: None
      memType: Unknown
      size: 68
      clkspeed: 0
      moduleVoltage: 0
Checksum: 997D870F2817ADCA76A4546534F53065D089127D