---
system-info:
      stress-ng-version: 0.17.08
      run-by: root
      date-yyyy-mm-dd: 2024:06:14
      time-hh-mm-ss: 22:55:27
      epoch-secs: 1718405727
      hostname: 52692179ea6f
      sysname: Linux
      nodename: 52692179ea6f
      release: 6.8.0-1008-aws
      version: '#8-Ubuntu SMP Sat Apr 20 00:46:25 UTC 2024'
      machine: x86_64
      compiler: 'musl-gcc 13.2.1'
      uptime: 133
      totalram: 399308333056
      freeram: 393955454976
      sharedram: 116928512
      bufferram: 110051328
      totalswap: 0
      freeswap: 0
      pagesize: 4096
      cpus: 96
      cpus-online: 96
      ticks-per-second: 100

metrics:
    - stressor: cpu
      bogo-ops: 37834
      bogo-ops-per-second-usr-sys-time: 1891.700473
      bogo-ops-per-second-real-time: 1891.696505
      wall-clock-time: 20.000037
      user-time: 19.998996
      system-time: 0.000999
      cpu-usage-per-instance: 99.999790
      max-rss: 768

...
