---
system-info:
      stress-ng-version: 0.17.08
      run-by: root
      date-yyyy-mm-dd: 2024:06:08
      time-hh-mm-ss: 16:55:18
      epoch-secs: 1717865718
      hostname: 00ce2cfd7b96
      sysname: Linux
      nodename: 00ce2cfd7b96
      release: 6.8.0-1008-aws
      version: '#8-Ubuntu SMP Sat Apr 20 00:46:25 UTC 2024'
      machine: x86_64
      compiler: 'musl-gcc 13.2.1'
      uptime: 117
      totalram: 399308324864
      freeram: 393772806144
      sharedram: 116928512
      bufferram: 103890944
      totalswap: 0
      freeswap: 0
      pagesize: 4096
      cpus: 96
      cpus-online: 96
      ticks-per-second: 100

metrics:
    - stressor: cpu
      bogo-ops: 16743
      bogo-ops-per-second-usr-sys-time: 1674.331477
      bogo-ops-per-second-real-time: 1674.271818
      wall-clock-time: 10.000168
      user-time: 9.999812
      system-time: 0.000000
      cpu-usage-per-instance: 99.996437
      max-rss: 3072

...
