---
system-info:
      stress-ng-version: 0.17.08
      run-by: root
      date-yyyy-mm-dd: 2024:06:15
      time-hh-mm-ss: 08:24:33
      epoch-secs: 1718439873
      hostname: 61c1b6f54d9f
      sysname: Linux
      nodename: 61c1b6f54d9f
      release: 6.8.0-1008-aws
      version: '#8-Ubuntu SMP Sat Apr 20 02:43:14 UTC 2024'
      machine: aarch64
      compiler: 'musl-gcc 13.2.1'
      uptime: 148
      totalram: 264400048128
      freeram: 259540054016
      sharedram: 34979840
      bufferram: 106328064
      totalswap: 0
      freeswap: 0
      pagesize: 4096
      cpus: 64
      cpus-online: 64
      ticks-per-second: 100

metrics:
    - stressor: cpu
      bogo-ops: 30390
      bogo-ops-per-second-usr-sys-time: 1519.458063
      bogo-ops-per-second-real-time: 1519.493117
      wall-clock-time: 20.000091
      user-time: 20.000552
      system-time: 0.000000
      cpu-usage-per-instance: 100.002307
      max-rss: 512

...
