---
system-info:
      stress-ng-version: 0.17.08
      run-by: root
      date-yyyy-mm-dd: 2024:06:07
      time-hh-mm-ss: 22:20:14
      epoch-secs: 1717798814
      hostname: 9fe8cd37e193
      sysname: Linux
      nodename: 9fe8cd37e193
      release: 6.8.0-1008-aws
      version: '#8-Ubuntu SMP Sat Apr 20 02:43:14 UTC 2024'
      machine: aarch64
      compiler: 'musl-gcc 13.2.1'
      uptime: 152
      totalram: 264400044032
      freeram: 259644137472
      sharedram: 34979840
      bufferram: 93499392
      totalswap: 0
      freeswap: 0
      pagesize: 4096
      cpus: 64
      cpus-online: 64
      ticks-per-second: 100

metrics:
    - stressor: cpu
      bogo-ops: 2940
      bogo-ops-per-second-usr-sys-time: 293.112368
      bogo-ops-per-second-real-time: 293.113135
      wall-clock-time: 10.030257
      user-time: 10.030283
      system-time: 0.000000
      cpu-usage-per-instance: 100.000262
      max-rss: 3584

...
