size_kb,operation,bandwidth_mb_s,latency_ns,latency_stddev_ns,latency_samples,threads,iterations,elapsed_s
32,read,222397.30,0,0,0,2,755287,0.212257
32,write,226350.01,0,0,0,2,372578,0.102877
32,copy,142205.11,0,0,0,2,356633,0.156742
32,latency,0,1.64,0.04,7,1,7,0.239479
128,read,207403.79,0,0,0,2,206440,0.248838
128,write,208686.56,0,0,0,2,148632,0.178057
128,copy,143006.16,0,0,0,2,133546,0.233462
128,latency,0,2.89,0.01,7,1,7,0.711008
256,read,202246.84,0,0,0,2,92148,0.227811
256,write,218978.33,0,0,0,2,86685,0.197931
256,copy,163358.78,0,0,0,2,77784,0.238077
256,latency,0,2.97,0.09,7,1,7,0.657241
512,read,252488.65,0,0,0,2,64683,0.256182
512,write,258873.89,0,0,0,2,59880,0.231310
512,copy,121585.44,0,0,0,2,22799,0.187514
512,latency,0,4.04,0.20,16,1,16,1.622522
1024,read,196837.37,0,0,0,2,28499,0.289569
1024,write,203755.18,0,0,0,2,24940,0.244804
1024,copy,98830.72,0,0,0,2,11715,0.237072
1024,latency,0,6.75,0.60,21,1,21,2.403902
4096,read,182286.67,0,0,0,2,3858,0.169316
4096,write,193607.71,0,0,0,2,3014,0.124540
4096,copy,92021.53,0,0,0,2,976,0.084850
4096,latency,0,9.87,0.19,7,1,7,0.663494
8192,read,176193.50,0,0,0,2,2551,0.231654
8192,write,177443.15,0,0,0,2,1398,0.126057
8192,copy,45470.47,0,0,0,2,710,0.249832
8192,latency,0,81.88,45.48,21,1,21,2.906999
16384,read,74137.80,0,0,0,2,624,0.269336
16384,write,60145.97,0,0,0,2,523,0.278256
16384,copy,23623.05,0,0,0,2,213,0.288532
16384,latency,0,138.95,4.99,7,1,7,1.516178
32768,read,63834.95,0,0,0,2,282,0.282729
32768,write,38568.69,0,0,0,2,268,0.444713
32768,copy,22701.94,0,0,0,2,125,0.352393
32768,latency,0,140.71,2.65,7,1,7,3.054552
65536,read,61936.95,0,0,0,2,132,0.272794
65536,write,39666.51,0,0,0,2,111,0.358186
65536,copy,23453.67,0,0,0,2,66,0.360199
65536,latency,0,148.26,1.15,7,1,7,6.345236
