BaselineInfo:
  WebDBID: -1
  TimeStamp: 20241109113527
Version:
  Major: 11
  Minor: 0
  Build: 1002
  SpecialBuildName: ""
  ptArchitecture: x86_64_linux
Results:
  Results Complete: true
  NumTestProcesses: 16
  CPU_INTEGER_MATH: 73648.560333333313
  CPU_FLOATINGPOINT_MATH: 40362.531589847444
  CPU_PRIME: 103.86615912142652
  CPU_SORTING: 38498.833586778732
  CPU_ENCRYPTION: 18934.41716297124
  CPU_COMPRESSION: 281001.63090396073
  CPU_SINGLETHREAD: 2644.2793024540915
  CPU_PHYSICS: 2146.672026115838
  CPU_MATRIX_MULT_SSE: 16510.311947154722
  CPU_mm: 1991.5843872236076
  CPU_sse: 8379.8081526178466
  CPU_fma: 23056.585736195131
  CPU_avx: 18094.541952651172
  CPU_avx512: 0
  m_CPU_enc_SHA: 27492176846.214024
  m_CPU_enc_AES: 17578276330.562649
  m_CPU_enc_ECDSA: 14492073056.462532
  ME_ALLOC_S: 7219.9230075277146
  ME_READ_S: 26516.086132812499
  ME_READ_L: 17158.755859375
  ME_WRITE: 17559.123046875
  ME_LARGE: 114399.16666666667
  ME_LATENCY: 66.015181435385344
  ME_THREADED: 38790.73193359375
  SUMM_CPU: 23714.303780560753
  SUMM_ME: 2623.5762830130798
SystemInformation:
  OSName: Ubuntu 24.04.1 LTS
  Kernel: 6.8.0-1016-aws
  Device: ""
  Processor: AMD EPYC 7R13 Processor
  NumSockets: 1
  Manufacturer: AuthenticAMD
  NumCores: 8
  NumLogicals: 16
  CPUFrequency: 0
  Memory: 127096
  MemModuleInfo:
    iNumMemSticks: 1
    DIMM 1:
      manufacturer: Not Specified
      modulePartNo: Not Specified
      memType: DDR4
      size: 128
      clkspeed: 1600
      moduleVoltage: 0
Checksum: F9DDB4DA5B9964D9CCE320200873F6C1AA4CE69B