---
system-info:
      stress-ng-version: 0.17.08
      run-by: root
      date-yyyy-mm-dd: 2024:08:30
      time-hh-mm-ss: 13:45:55
      epoch-secs: 1725025555
      hostname: sc-runner
      sysname: Linux
      nodename: sc-runner
      release: 6.8.0-1013-azure
      version: '#15-Ubuntu SMP Thu Aug  8 18:40:40 UTC 2024'
      machine: x86_64
      compiler: 'musl-gcc 13.2.1'
      uptime: 356
      totalram: 8323649536
      freeram: 214990848
      sharedram: 42045440
      bufferram: 195051520
      totalswap: 0
      freeswap: 0
      pagesize: 4096
      cpus: 2
      cpus-online: 2
      ticks-per-second: 100

metrics:
    - stressor: cpu
      bogo-ops: 36876
      bogo-ops-per-second-usr-sys-time: 934.492094
      bogo-ops-per-second-real-time: 1843.788329
      wall-clock-time: 20.000127
      user-time: 39.450042
      system-time: 0.010966
      cpu-usage-per-instance: 98.651896
      max-rss: 3252

...
