---
system-info:
      stress-ng-version: 0.17.08
      run-by: root
      date-yyyy-mm-dd: 2024:09:17
      time-hh-mm-ss: 09:25:27
      epoch-secs: 1726565127
      hostname: sc-runner
      sysname: Linux
      nodename: sc-runner
      release: 6.8.0-1014-azure
      version: '#16-Ubuntu SMP Thu Aug 15 20:04:41 UTC 2024'
      machine: x86_64
      compiler: 'musl-gcc 13.2.1'
      uptime: 292
      totalram: 405734858752
      freeram: 391984959488
      sharedram: 105648128
      bufferram: 326975488
      totalswap: 0
      freeswap: 0
      pagesize: 4096
      cpus: 48
      cpus-online: 48
      ticks-per-second: 100

metrics:
    - stressor: cpu
      bogo-ops: 1820925
      bogo-ops-per-second-usr-sys-time: 1897.290236
      bogo-ops-per-second-real-time: 91045.960301
      wall-clock-time: 20.000064
      user-time: 959.714383
      system-time: 0.035984
      cpu-usage-per-instance: 99.973678
      max-rss: 3200

...
