BaselineInfo:
  WebDBID: -1
  TimeStamp: 20241109222119
Version:
  Major: 11
  Minor: 0
  Build: 1002
  SpecialBuildName: ""
  ptArchitecture: x86_64_linux
Results:
  Results Complete: true
  NumTestProcesses: 64
  CPU_INTEGER_MATH: 269447.36666666664
  CPU_FLOATINGPOINT_MATH: 137733.04618875761
  CPU_PRIME: 392.75561977691979
  CPU_SORTING: 136850.67701462895
  CPU_ENCRYPTION: 58419.320918088313
  CPU_COMPRESSION: 976350.55617333821
  CPU_SINGLETHREAD: 2435.4429160574609
  CPU_PHYSICS: 6622.4652100176972
  CPU_MATRIX_MULT_SSE: 57191.80829246802
  CPU_mm: 5801.6313501492086
  CPU_sse: 25328.88212465715
  CPU_fma: 70188.387039176465
  CPU_avx: 51838.129085419649
  CPU_avx512: 81411.834920618829
  m_CPU_enc_SHA: 58879788819.440292
  m_CPU_enc_AES: 88955688294.63858
  m_CPU_enc_ECDSA: 35935816438.937279
  ME_ALLOC_S: 30592.045040893761
  ME_READ_S: 24332.499609375001
  ME_READ_L: 12337.216796875
  ME_WRITE: 11270.3671875
  ME_LARGE: 503395.83333333331
  ME_LATENCY: 51.14625369453713
  ME_THREADED: 272004.0849609375
  SUMM_CPU: 61141.719634955945
  SUMM_ME: 2895.7040101058915
SystemInformation:
  OSName: Ubuntu 24.04.1 LTS
  Kernel: 6.8.0-1017-azure
  Device: ""
  Processor: Intel Xeon Platinum 8370C CPU @ 2.80GHz
  NumSockets: 2
  Manufacturer: GenuineIntel
  NumCores: 32
  NumLogicals: 64
  CPUFrequency: 2800
  Memory: 515957
  MemModuleInfo:
    iNumMemSticks: 4
    DIMM 1:
      manufacturer: Microsoft Corporation
      modulePartNo: None
      memType: Unknown
      size: 1
      clkspeed: 0
      moduleVoltage: 0
    DIMM 2:
      manufacturer: Microsoft Corporation
      modulePartNo: None
      memType: Unknown
      size: 59
      clkspeed: 0
      moduleVoltage: 0
    DIMM 3:
      manufacturer: Microsoft Corporation
      modulePartNo: None
      memType: Unknown
      size: 196
      clkspeed: 0
      moduleVoltage: 0
    DIMM 4:
      manufacturer: Microsoft Corporation
      modulePartNo: None
      memType: Unknown
      size: 256
      clkspeed: 0
      moduleVoltage: 0
Checksum: 18566890544F4D16288597AA2F03F4929EF938C3