---
system-info:
      stress-ng-version: 0.17.08
      run-by: root
      date-yyyy-mm-dd: 2024:06:13
      time-hh-mm-ss: 10:42:20
      epoch-secs: 1718275340
      hostname: 6cd2541794f9
      sysname: Linux
      nodename: 6cd2541794f9
      release: 6.8.0-1008-aws
      version: '#8-Ubuntu SMP Sat Apr 20 00:46:25 UTC 2024'
      machine: x86_64
      compiler: 'musl-gcc 13.2.1'
      uptime: 159
      totalram: 8112766976
      freeram: 3808030720
      sharedram: 37830656
      bufferram: 107335680
      totalswap: 0
      freeswap: 0
      pagesize: 4096
      cpus: 2
      cpus-online: 2
      ticks-per-second: 100

metrics:
    - stressor: cpu
      bogo-ops: 25497
      bogo-ops-per-second-usr-sys-time: 1274.953526
      bogo-ops-per-second-real-time: 1274.843465
      wall-clock-time: 20.000103
      user-time: 19.998376
      system-time: 0.000000
      cpu-usage-per-instance: 99.991367
      max-rss: 1232

...
