---
system-info:
      stress-ng-version: 0.17.08
      run-by: root
      date-yyyy-mm-dd: 2024:06:07
      time-hh-mm-ss: 18:44:11
      epoch-secs: 1717785851
      hostname: 207c40402892
      sysname: Linux
      nodename: 207c40402892
      release: 6.8.0-1008-aws
      version: '#8-Ubuntu SMP Sat Apr 20 00:46:25 UTC 2024'
      machine: x86_64
      compiler: 'musl-gcc 13.2.1'
      uptime: 140
      totalram: 8112766976
      freeram: 3935211520
      sharedram: 37830656
      bufferram: 93822976
      totalswap: 0
      freeswap: 0
      pagesize: 4096
      cpus: 2
      cpus-online: 2
      ticks-per-second: 100

metrics:
    - stressor: cpu
      bogo-ops: 13835
      bogo-ops-per-second-usr-sys-time: 1383.199569
      bogo-ops-per-second-real-time: 1383.053953
      wall-clock-time: 10.003225
      user-time: 10.002172
      system-time: 0.000000
      cpu-usage-per-instance: 99.989473
      max-rss: 3920

...
