---
system-info:
      stress-ng-version: 0.17.08
      run-by: root
      date-yyyy-mm-dd: 2024:09:20
      time-hh-mm-ss: 17:38:38
      epoch-secs: 1726853918
      hostname: sc-runner
      sysname: Linux
      nodename: sc-runner
      release: 6.8.0-1014-azure
      version: '#16-Ubuntu SMP Thu Aug 15 20:04:41 UTC 2024'
      machine: x86_64
      compiler: 'musl-gcc 13.2.1'
      uptime: 371
      totalram: 33650917376
      freeram: 23368417280
      sharedram: 38154240
      bufferram: 256909312
      totalswap: 0
      freeswap: 0
      pagesize: 4096
      cpus: 8
      cpus-online: 8
      ticks-per-second: 100

metrics:
    - stressor: cpu
      bogo-ops: 215635
      bogo-ops-per-second-usr-sys-time: 1350.140565
      bogo-ops-per-second-real-time: 10781.713305
      wall-clock-time: 20.000068
      user-time: 159.692009
      system-time: 0.020991
      cpu-usage-per-instance: 99.820285
      max-rss: 3256

...
