---
system-info:
      stress-ng-version: 0.17.08
      run-by: root
      date-yyyy-mm-dd: 2024:09:19
      time-hh-mm-ss: 12:31:15
      epoch-secs: 1726749075
      hostname: sc-runner
      sysname: Linux
      nodename: sc-runner
      release: 6.8.0-1014-azure
      version: '#16-Ubuntu SMP Thu Aug 15 20:04:41 UTC 2024'
      machine: x86_64
      compiler: 'musl-gcc 13.2.1'
      uptime: 288
      totalram: 67413921792
      freeram: 56569262080
      sharedram: 55177216
      bufferram: 289914880
      totalswap: 0
      freeswap: 0
      pagesize: 4096
      cpus: 32
      cpus-online: 32
      ticks-per-second: 100

metrics:
    - stressor: cpu
      bogo-ops: 621531
      bogo-ops-per-second-usr-sys-time: 971.670685
      bogo-ops-per-second-real-time: 31076.455035
      wall-clock-time: 20.000061
      user-time: 639.621917
      system-time: 0.029983
      cpu-usage-per-instance: 99.945304
      max-rss: 3080

...
