BaselineInfo:
  WebDBID: -1
  TimeStamp: 20241107134626
Version:
  Major: 11
  Minor: 0
  Build: 1002
  SpecialBuildName: ""
  ptArchitecture: aarch64_linux
Results:
  Results Complete: true
  NumTestProcesses: 8
  CPU_INTEGER_MATH: 37597.671333333332
  CPU_FLOATINGPOINT_MATH: 28706.402545962366
  CPU_PRIME: 48.677043297256198
  CPU_SORTING: 26972.327976981527
  CPU_ENCRYPTION: 1295.5813976921711
  CPU_COMPRESSION: 44774.986618584866
  CPU_SINGLETHREAD: 1325.6807872689324
  CPU_PHYSICS: 985.19438398487955
  CPU_MATRIX_MULT_SSE: 5939.9131867104606
  CPU_mm: 996.73122282936515
  CPU_sse: 4948.3708391157661
  CPU_fma: 6931.4555343051543
  CPU_avx: 0
  CPU_avx512: 0
  m_CPU_enc_SHA: 1924576990.58952
  m_CPU_enc_AES: 900621854.65479887
  m_CPU_enc_ECDSA: 1250347833.7550786
  ME_ALLOC_S: 5456.3645653024214
  ME_READ_S: 11137.578417968751
  ME_READ_L: 7882.29736328125
  ME_WRITE: 14818.236328125
  ME_LARGE: 5928
  ME_LATENCY: 75.058892559604701
  ME_THREADED: 54912.10693359375
  SUMM_CPU: 6130.1765393417299
  SUMM_ME: 1635.5996314315241
SystemInformation:
  OSName: Ubuntu 24.04.1 LTS
  Kernel: 6.8.0-1017-azure
  Device: ""
  Processor: ARM Neoverse-N1 8 Core 0 MHz
  NumSockets: 1
  Manufacturer: ARM
  NumCores: 8
  NumLogicals: 8
  CPUFrequency: 0
  Memory: 15958
Checksum: CD9A7C9E09D3A41F3659C34BE57132B9807795BD