BaselineInfo:
  WebDBID: -1
  TimeStamp: 20241108190117
Version:
  Major: 11
  Minor: 0
  Build: 1002
  SpecialBuildName: ""
  ptArchitecture: aarch64_linux
Results:
  Results Complete: true
  NumTestProcesses: 32
  CPU_INTEGER_MATH: 126435.99533333334
  CPU_FLOATINGPOINT_MATH: 95909.133012482474
  CPU_PRIME: 171.63564013735723
  CPU_SORTING: 90527.24396626318
  CPU_ENCRYPTION: 4373.0895437632971
  CPU_COMPRESSION: 152337.19670255468
  CPU_SINGLETHREAD: 1109.1740757125915
  CPU_PHYSICS: 3021.9600603445265
  CPU_MATRIX_MULT_SSE: 19959.107559583299
  CPU_mm: 3324.842885655235
  CPU_sse: 16721.410793591735
  CPU_fma: 23196.804325574871
  CPU_avx: 0
  CPU_avx512: 0
  m_CPU_enc_SHA: 6567120501.6138506
  m_CPU_enc_AES: 3036180032.2552371
  m_CPU_enc_ECDSA: 4153249690.4543405
  ME_ALLOC_S: 20124.439429833845
  ME_READ_S: 9483.5235351562496
  ME_READ_L: 9198.8466796875
  ME_WRITE: 12501.611328125
  ME_LARGE: 49587.666666666664
  ME_LATENCY: 71.29164601016403
  ME_THREADED: 155448.119140625
  SUMM_CPU: 17344.413955127518
  SUMM_ME: 1813.5135619986102
SystemInformation:
  OSName: Ubuntu 24.04.1 LTS
  Kernel: 6.8.0-1016-aws
  Device: ""
  Processor: ARM Neoverse-N1 32 Core 0 MHz
  NumSockets: 1
  Manufacturer: ARM
  NumCores: 32
  NumLogicals: 32
  CPUFrequency: 0
  Memory: 63129
Checksum: 0B5959DFA51C2D66F7E5EA9942166B61B5D07347