size_kb,operation,bandwidth_mb_s,latency_ns,latency_stddev_ns,latency_samples,threads,iterations,elapsed_s
32,read,496833.69,0,0,0,8,781250,0.393114
32,write,495434.23,0,0,0,8,712250,0.359407
32,copy,330311.35,0,0,0,8,530785,0.401731
32,latency,0,0.98,0.05,10,1,10,0.204578
128,read,497863.14,0,0,0,8,231053,0.464089
128,write,491908.49,0,0,0,8,196540,0.399546
128,copy,340583.67,0,0,0,8,144258,0.423561
128,latency,0,2.66,0.00,7,1,7,0.669109
512,read,470909.58,0,0,0,8,55716,0.473263
512,write,484128.14,0,0,0,8,56599,0.467637
512,copy,220009.84,0,0,0,8,26443,0.480760
512,latency,0,3.22,0.00,7,1,7,0.696001
1024,read,428103.05,0,0,0,8,24789,0.463234
1024,write,439588.68,0,0,0,8,25393,0.462123
1024,copy,196571.45,0,0,0,8,12123,0.493378
1024,latency,0,5.75,0.03,7,1,7,0.704546
2048,read,391582.98,0,0,0,8,11610,0.474382
2048,write,388529.61,0,0,0,8,12182,0.501666
2048,copy,175703.41,0,0,0,8,4615,0.420254
2048,latency,0,9.81,0.02,7,1,7,0.682175
8192,read,148457.58,0,0,0,8,1306,0.563016
8192,write,134063.89,0,0,0,8,1193,0.569519
8192,copy,40229.53,0,0,0,8,738,1.174063
8192,latency,0,11.34,0.08,7,1,7,0.694459
16384,read,68303.68,0,0,0,8,727,1.362386
16384,write,56025.13,0,0,0,8,598,1.366244
16384,copy,26009.60,0,0,0,8,375,1.845473
16384,latency,0,11.93,0.05,7,1,7,0.670680
32768,read,53820.74,0,0,0,8,324,1.541116
32768,write,35639.71,0,0,0,8,310,2.226730
32768,copy,23884.17,0,0,0,8,176,1.886438
32768,latency,0,14.06,0.63,7,1,7,0.755625
65536,read,50038.06,0,0,0,8,153,1.565528
65536,write,33230.13,0,0,0,8,131,2.018409
65536,copy,23371.22,0,0,0,8,85,1.862119
65536,latency,0,73.36,0.40,7,1,7,3.175600
131072,read,49290.36,0,0,0,8,79,1.641213
131072,write,32988.65,0,0,0,8,63,1.955582
131072,copy,23404.74,0,0,0,8,43,1.881328
131072,latency,0,96.64,0.18,7,1,7,8.339599
