---
system-info:
      stress-ng-version: 0.17.08
      run-by: root
      date-yyyy-mm-dd: 2024:09:17
      time-hh-mm-ss: 03:21:41
      epoch-secs: 1726543301
      hostname: sc-runner
      sysname: Linux
      nodename: sc-runner
      release: 6.8.0-1014-azure
      version: '#16-Ubuntu SMP Thu Aug 15 20:04:41 UTC 2024'
      machine: x86_64
      compiler: 'musl-gcc 13.2.1'
      uptime: 311
      totalram: 270257025024
      freeram: 259805216768
      sharedram: 42160128
      bufferram: 258109440
      totalswap: 0
      freeswap: 0
      pagesize: 4096
      cpus: 16
      cpus-online: 16
      ticks-per-second: 100

metrics:
    - stressor: cpu
      bogo-ops: 262902
      bogo-ops-per-second-usr-sys-time: 822.952261
      bogo-ops-per-second-real-time: 13145.025606
      wall-clock-time: 20.000113
      user-time: 319.445040
      system-time: 0.016990
      cpu-usage-per-instance: 99.831319
      max-rss: 976

...
