BaselineInfo:
  WebDBID: -1
  TimeStamp: 20241107110827
Version:
  Major: 11
  Minor: 0
  Build: 1002
  SpecialBuildName: ""
  ptArchitecture: x86_64_linux
Results:
  Results Complete: true
  NumTestProcesses: 2
  CPU_INTEGER_MATH: 8213.7060000000001
  CPU_FLOATINGPOINT_MATH: 4401.3384735894115
  CPU_PRIME: 16.951882512957241
  CPU_SORTING: 4351.6275294665029
  CPU_ENCRYPTION: 1128.5951183246382
  CPU_COMPRESSION: 37338.863166644856
  CPU_SINGLETHREAD: 2566.3479170876094
  CPU_PHYSICS: 353.03525444530635
  CPU_MATRIX_MULT_SSE: 2023.8776753438192
  CPU_mm: 248.89430276846971
  CPU_sse: 891.83568793119332
  CPU_fma: 2570.4643359053043
  CPU_avx: 1816.7095465559653
  CPU_avx512: 2816.5011309828142
  m_CPU_enc_SHA: 370901864.33566964
  m_CPU_enc_AES: 2850611191.7667375
  m_CPU_enc_ECDSA: 328740208.27472043
  ME_ALLOC_S: 865.79687528917452
  ME_READ_S: 29985.280664062499
  ME_READ_L: 10800.439453125
  ME_WRITE: 10538.5400390625
  ME_LARGE: 585.75
  ME_LATENCY: 51.60722076643895
  ME_THREADED: 13067.84814453125
  SUMM_CPU: 2908.4789266825151
  SUMM_ME: 960.25313427341894
SystemInformation:
  OSName: Ubuntu 24.04.1 LTS
  Kernel: 6.8.0-1016-aws
  Device: ""
  Processor: Intel Xeon Platinum 8252C CPU @ 3.80GHz
  NumSockets: 1
  Manufacturer: GenuineIntel
  NumCores: 1
  NumLogicals: 2
  CPUFrequency: 0
  Memory: 7736
  MemModuleInfo:
    iNumMemSticks: 1
    DIMM 1:
      manufacturer: Not Specified
      modulePartNo: Not Specified
      memType: DDR4
      size: 8
      clkspeed: 1466
      moduleVoltage: 0
Checksum: 2D7237F1CBF069D6A569C5986C85DAC64CCB5585