BaselineInfo:
  WebDBID: -1
  TimeStamp: 20241108195913
Version:
  Major: 11
  Minor: 0
  Build: 1002
  SpecialBuildName: ""
  ptArchitecture: aarch64_linux
Results:
  Results Complete: true
  NumTestProcesses: 48
  CPU_INTEGER_MATH: 302481.65499999997
  CPU_FLOATINGPOINT_MATH: 254157.81342522535
  CPU_PRIME: 532.10427094480428
  CPU_SORTING: 243548.61966235674
  CPU_ENCRYPTION: 9013.0801727924627
  CPU_COMPRESSION: 332553.11801984045
  CPU_SINGLETHREAD: 1880.2873418251597
  CPU_PHYSICS: 13081.006659352779
  CPU_MATRIX_MULT_SSE: 42879.048777155105
  CPU_mm: 6897.7643942156574
  CPU_sse: 36156.547311748087
  CPU_fma: 49601.550242562109
  CPU_avx: 0
  CPU_avx512: 0
  m_CPU_enc_SHA: 13298354317.788416
  m_CPU_enc_AES: 5844443467.7095699
  m_CPU_enc_ECDSA: 9209900880.3001022
  ME_ALLOC_S: 37055.107026398262
  ME_READ_S: 25607.432031249999
  ME_READ_L: 19077.271484375
  ME_WRITE: 25741.353515625
  ME_LARGE: 372761.41666666669
  ME_LATENCY: 52.30440347354898
  ME_THREADED: 499623.5380859375
  SUMM_CPU: 36270.168844237713
  SUMM_ME: 3402.6127866233323
SystemInformation:
  OSName: Ubuntu 24.04.1 LTS
  Kernel: 6.8.0-1017-azure
  Device: ""
  Processor: ARM Neoverse-N2 48 Core 0 MHz
  NumSockets: 1
  Manufacturer: ARM
  NumCores: 48
  NumLogicals: 48
  CPUFrequency: 0
  Memory: 385985
Checksum: 3EB08658A737A14043BDE622BDFCB5FF1FC921CC