BaselineInfo:
  WebDBID: -1
  TimeStamp: 20241107234126
Version:
  Major: 11
  Minor: 0
  Build: 1002
  SpecialBuildName: ""
  ptArchitecture: aarch64_linux
Results:
  Results Complete: true
  NumTestProcesses: 8
  CPU_INTEGER_MATH: 38154.85566666667
  CPU_FLOATINGPOINT_MATH: 37937.593082944215
  CPU_PRIME: 96.040824316951884
  CPU_SORTING: 31621.468385461289
  CPU_ENCRYPTION: 1105.5135275906612
  CPU_COMPRESSION: 42955.965709177617
  CPU_SINGLETHREAD: 1559.3157020120354
  CPU_PHYSICS: 2048.7421621376002
  CPU_MATRIX_MULT_SSE: 7807.901940116175
  CPU_mm: 868.08267100400292
  CPU_sse: 6189.2176723034145
  CPU_fma: 9426.5862079289382
  CPU_avx: 0
  CPU_avx512: 0
  m_CPU_enc_SHA: 1686049999.4955297
  m_CPU_enc_AES: 648355160.39784384
  m_CPU_enc_ECDSA: 1143239698.2273412
  ME_ALLOC_S: 8061.4643581034688
  ME_READ_S: 19670.955859375001
  ME_READ_L: 18923.634765625
  ME_WRITE: 19679.87890625
  ME_LARGE: 5812.666666666667
  ME_LATENCY: 50.64534006709696
  ME_THREADED: 133327.6416015625
  SUMM_CPU: 6153.6325145279625
  SUMM_ME: 2608.2147581282275
SystemInformation:
  OSName: Ubuntu 24.04.1 LTS
  Kernel: 6.8.0-1016-aws
  Device: ""
  Processor: ARM Neoverse-V1 8 Core 0 MHz
  NumSockets: 1
  Manufacturer: ARM
  NumCores: 8
  NumLogicals: 8
  CPUFrequency: 0
  Memory: 15672
Checksum: 196D77F88858FEC01FA0DE649308A85AEAC28964