BaselineInfo:
  WebDBID: -1
  TimeStamp: 20241108205859
Version:
  Major: 11
  Minor: 0
  Build: 1002
  SpecialBuildName: ""
  ptArchitecture: aarch64_linux
Results:
  Results Complete: true
  NumTestProcesses: 64
  CPU_INTEGER_MATH: 305313.63200000004
  CPU_FLOATINGPOINT_MATH: 303529.73477477237
  CPU_PRIME: 325.3110643487293
  CPU_SORTING: 243547.65023521465
  CPU_ENCRYPTION: 8944.0165015845087
  CPU_COMPRESSION: 338234.02859453374
  CPU_SINGLETHREAD: 1567.5091577148476
  CPU_PHYSICS: 8414.5065713891199
  CPU_MATRIX_MULT_SSE: 52861.928692364112
  CPU_mm: 6935.5465487850515
  CPU_sse: 44350.087275992482
  CPU_fma: 61373.770108735756
  CPU_avx: 0
  CPU_avx512: 0
  m_CPU_enc_SHA: 13541186767.466438
  m_CPU_enc_AES: 5222279226.0293837
  m_CPU_enc_ECDSA: 9371977148.0006104
  ME_ALLOC_S: 31088.199442761947
  ME_READ_S: 19688.8212890625
  ME_READ_L: 19074.521484375
  ME_WRITE: 19707.505859375
  ME_LARGE: 113944
  ME_LATENCY: 49.158041725790724
  ME_THREADED: 284411.8701171875
  SUMM_CPU: 34646.023930886295
  SUMM_ME: 3162.8412509181831
SystemInformation:
  OSName: Ubuntu 24.04.1 LTS
  Kernel: 6.8.0-1016-aws
  Device: ""
  Processor: ARM Neoverse-V1 64 Core 0 MHz
  NumSockets: 1
  Manufacturer: ARM
  NumCores: 64
  NumLogicals: 64
  CPUFrequency: 0
  Memory: 126497
Checksum: 20AE2FC0492014FB350B0EEA11398E79A7A042BE