---
system-info:
      stress-ng-version: 0.17.08
      run-by: root
      date-yyyy-mm-dd: 2024:06:09
      time-hh-mm-ss: 18:41:14
      epoch-secs: 1717958474
      hostname: b8bfd67dbfc5
      sysname: Linux
      nodename: b8bfd67dbfc5
      release: 6.8.0-1008-aws
      version: '#8-Ubuntu SMP Sat Apr 20 00:46:25 UTC 2024'
      machine: x86_64
      compiler: 'musl-gcc 13.2.1'
      uptime: 124
      totalram: 132919701504
      freeram: 128234401792
      sharedram: 59920384
      bufferram: 109969408
      totalswap: 0
      freeswap: 0
      pagesize: 4096
      cpus: 16
      cpus-online: 16
      ticks-per-second: 100

metrics:
    - stressor: cpu
      bogo-ops: 16626
      bogo-ops-per-second-usr-sys-time: 1662.352642
      bogo-ops-per-second-real-time: 1662.392236
      wall-clock-time: 10.001250
      user-time: 9.999489
      system-time: 0.001999
      cpu-usage-per-instance: 100.002382
      max-rss: 3792

...
