---
system-info:
      stress-ng-version: 0.17.08
      run-by: root
      date-yyyy-mm-dd: 2024:06:15
      time-hh-mm-ss: 20:56:33
      epoch-secs: 1718484993
      hostname: 61d385f60e42
      sysname: Linux
      nodename: 61d385f60e42
      release: 6.8.0-1008-aws
      version: '#8-Ubuntu SMP Sat Apr 20 00:46:25 UTC 2024'
      machine: x86_64
      compiler: 'musl-gcc 13.2.1'
      uptime: 140
      totalram: 132919709696
      freeram: 128368369664
      sharedram: 59920384
      bufferram: 110153728
      totalswap: 0
      freeswap: 0
      pagesize: 4096
      cpus: 16
      cpus-online: 16
      ticks-per-second: 100

metrics:
    - stressor: cpu
      bogo-ops: 37831
      bogo-ops-per-second-usr-sys-time: 1891.530612
      bogo-ops-per-second-real-time: 1891.540372
      wall-clock-time: 20.000102
      user-time: 20.000205
      system-time: 0.000000
      cpu-usage-per-instance: 100.000516
      max-rss: 1104

...
