BaselineInfo:
  WebDBID: -1
  TimeStamp: 20241121143235
Version:
  Major: 11
  Minor: 0
  Build: 1002
  SpecialBuildName: ""
  ptArchitecture: x86_64_linux
Results:
  Results Complete: true
  NumTestProcesses: 48
  CPU_INTEGER_MATH: 290381.62199999997
  CPU_FLOATINGPOINT_MATH: 256307.70504747497
  CPU_PRIME: 941.7782707734417
  CPU_SORTING: 183003.03571481357
  CPU_ENCRYPTION: 62978.205733434945
  CPU_COMPRESSION: 1265718.328576331
  CPU_SINGLETHREAD: 2900.4501815732556
  CPU_PHYSICS: 12311.98184939933
  CPU_MATRIX_MULT_SSE: 105207.71650735314
  CPU_mm: 11702.648571697831
  CPU_sse: 49576.981325075882
  CPU_fma: 137851.64392401694
  CPU_avx: 118355.08245346062
  CPU_avx512: 115047.15832685899
  m_CPU_enc_SHA: 87057183152.735764
  m_CPU_enc_AES: 55149704009.303917
  m_CPU_enc_ECDSA: 55905418003.387177
  ME_ALLOC_S: 29814.97707706107
  ME_READ_S: 27904.907031250001
  ME_READ_L: 27578.703125
  ME_WRITE: 26860.482421875
  ME_LARGE: 84310.833333333328
  ME_LATENCY: 77.030291886304312
  ME_THREADED: 319802.7607421875
  SUMM_CPU: 81131.163889520671
  SUMM_ME: 2847.2047656079712
SystemInformation:
  OSName: Ubuntu 24.04.1 LTS
  Kernel: 6.8.0-1017-azure
  Device: ""
  Processor: AMD EPYC 9V74 80-Core Processor
  NumSockets: 1
  Manufacturer: AuthenticAMD
  NumCores: 48
  NumLogicals: 48
  CPUFrequency: 0
  Memory: 96540
  MemModuleInfo:
    iNumMemSticks: 3
    DIMM 1:
      manufacturer: Microsoft Corporation
      modulePartNo: None
      memType: Unknown
      size: 1
      clkspeed: 0
      moduleVoltage: 0
    DIMM 2:
      manufacturer: Microsoft Corporation
      modulePartNo: None
      memType: Unknown
      size: 59
      clkspeed: 0
      moduleVoltage: 0
    DIMM 3:
      manufacturer: Microsoft Corporation
      modulePartNo: None
      memType: Unknown
      size: 36
      clkspeed: 0
      moduleVoltage: 0
Checksum: 7944DE6F5E597EE6D740E6A8C372E879F0117133