BaselineInfo:
  WebDBID: -1
  TimeStamp: 20241107191624
Version:
  Major: 11
  Minor: 0
  Build: 1002
  SpecialBuildName: ""
  ptArchitecture: x86_64_linux
Results:
  Results Complete: true
  NumTestProcesses: 8
  CPU_INTEGER_MATH: 26337.639333333333
  CPU_FLOATINGPOINT_MATH: 14121.875837305941
  CPU_PRIME: 53.028691007418544
  CPU_SORTING: 13734.925095695397
  CPU_ENCRYPTION: 3621.5445990696803
  CPU_COMPRESSION: 116496.57013390951
  CPU_SINGLETHREAD: 2105.1253053557116
  CPU_PHYSICS: 976.45424415190519
  CPU_MATRIX_MULT_SSE: 6901.7818766229357
  CPU_mm: 801.43091496246359
  CPU_sse: 2859.3231752692527
  CPU_fma: 8392.0189472099519
  CPU_avx: 5922.7781022393729
  CPU_avx512: 10433.007281773165
  m_CPU_enc_SHA: 1189022162.693572
  m_CPU_enc_AES: 9142220198.9786034
  m_CPU_enc_ECDSA: 1061151886.8700918
  ME_ALLOC_S: 3012.8793474722515
  ME_READ_S: 25577.979687499999
  ME_READ_L: 11445.6865234375
  ME_WRITE: 10736.3994140625
  ME_LARGE: 5673.833333333333
  ME_LATENCY: 52.213106239364322
  ME_THREADED: 44087.23193359375
  SUMM_CPU: 8888.0868051534635
  SUMM_ME: 2236.7088042470473
SystemInformation:
  OSName: Ubuntu 24.04.1 LTS
  Kernel: 6.8.0-1016-aws
  Device: ""
  Processor: Intel Xeon Platinum 8275CL CPU @ 3.00GHz
  NumSockets: 1
  Manufacturer: GenuineIntel
  NumCores: 4
  NumLogicals: 8
  CPUFrequency: 0
  Memory: 15618
  MemModuleInfo:
    iNumMemSticks: 1
    DIMM 1:
      manufacturer: Not Specified
      modulePartNo: Not Specified
      memType: DDR4
      size: 16
      clkspeed: 1466
      moduleVoltage: 0
Checksum: 78F51ABAB9E625EA19FB0A67142871A252AE0D07