---
system-info:
      stress-ng-version: 0.17.08
      run-by: root
      date-yyyy-mm-dd: 2024:06:16
      time-hh-mm-ss: 01:26:05
      epoch-secs: 1718501165
      hostname: 7be0fd633f28
      sysname: Linux
      nodename: 7be0fd633f28
      release: 6.8.0-1008-aws
      version: '#8-Ubuntu SMP Sat Apr 20 02:43:14 UTC 2024'
      machine: aarch64
      compiler: 'musl-gcc 13.2.1'
      uptime: 120
      totalram: 16435826688
      freeram: 12197335040
      sharedram: 35012608
      bufferram: 107671552
      totalswap: 0
      freeswap: 0
      pagesize: 4096
      cpus: 2
      cpus-online: 2
      ticks-per-second: 100

metrics:
    - stressor: cpu
      bogo-ops: 60826
      bogo-ops-per-second-usr-sys-time: 1532.406045
      bogo-ops-per-second-real-time: 3041.288362
      wall-clock-time: 20.000077
      user-time: 39.687148
      system-time: 0.005987
      cpu-usage-per-instance: 99.232458
      max-rss: 1320

...
