---
system-info:
      stress-ng-version: 0.17.08
      run-by: root
      date-yyyy-mm-dd: 2024:06:09
      time-hh-mm-ss: 21:55:31
      epoch-secs: 1717970131
      hostname: 08bb2cef9fb4
      sysname: Linux
      nodename: 08bb2cef9fb4
      release: 6.8.0-1008-aws
      version: '#8-Ubuntu SMP Sat Apr 20 02:43:14 UTC 2024'
      machine: aarch64
      compiler: 'musl-gcc 13.2.1'
      uptime: 154
      totalram: 16435830784
      freeram: 11976069120
      sharedram: 35012608
      bufferram: 111489024
      totalswap: 0
      freeswap: 0
      pagesize: 4096
      cpus: 2
      cpus-online: 2
      ticks-per-second: 100

metrics:
    - stressor: cpu
      bogo-ops: 8460
      bogo-ops-per-second-usr-sys-time: 424.435654
      bogo-ops-per-second-real-time: 841.592274
      wall-clock-time: 10.052374
      user-time: 19.930352
      system-time: 0.001998
      cpu-usage-per-instance: 99.142505
      max-rss: 4136

...
