---
system-info:
      stress-ng-version: 0.17.08
      run-by: root
      date-yyyy-mm-dd: 2024:09:16
      time-hh-mm-ss: 12:21:17
      epoch-secs: 1726489277
      hostname: sc-runner
      sysname: Linux
      nodename: sc-runner
      release: 6.8.0-1014-azure
      version: '#16-Ubuntu SMP Thu Aug 15 21:06:50 UTC 2024'
      machine: aarch64
      compiler: 'musl-gcc 13.2.1'
      uptime: 311
      totalram: 67292831744
      freeram: 57225252864
      sharedram: 38199296
      bufferram: 225513472
      totalswap: 0
      freeswap: 0
      pagesize: 4096
      cpus: 16
      cpus-online: 16
      ticks-per-second: 100

metrics:
    - stressor: cpu
      bogo-ops: 577623
      bogo-ops-per-second-usr-sys-time: 1807.732400
      bogo-ops-per-second-real-time: 28881.055256
      wall-clock-time: 20.000066
      user-time: 319.519049
      system-time: 0.009992
      cpu-usage-per-instance: 99.852498
      max-rss: 1320

...
