---
system-info:
      stress-ng-version: 0.17.08
      run-by: root
      date-yyyy-mm-dd: 2024:09:15
      time-hh-mm-ss: 21:30:03
      epoch-secs: 1726435803
      hostname: sc-runner
      sysname: Linux
      nodename: sc-runner
      release: 6.8.0-1014-azure
      version: '#16-Ubuntu SMP Thu Aug 15 20:04:41 UTC 2024'
      machine: x86_64
      compiler: 'musl-gcc 13.2.1'
      uptime: 241
      totalram: 16765739008
      freeram: 6701789184
      sharedram: 54870016
      bufferram: 220098560
      totalswap: 0
      freeswap: 0
      pagesize: 4096
      cpus: 2
      cpus-online: 2
      ticks-per-second: 100

metrics:
    - stressor: cpu
      bogo-ops: 75379
      bogo-ops-per-second-usr-sys-time: 1896.785279
      bogo-ops-per-second-real-time: 3768.937150
      wall-clock-time: 20.000068
      user-time: 39.735407
      system-time: 0.004990
      cpu-usage-per-instance: 99.350654
      max-rss: 3256

...
