BaselineInfo:
  WebDBID: -1
  TimeStamp: 20241108034236
Version:
  Major: 11
  Minor: 0
  Build: 1002
  SpecialBuildName: ""
  ptArchitecture: x86_64_linux
Results:
  Results Complete: true
  NumTestProcesses: 8
  CPU_INTEGER_MATH: 33187.979666666666
  CPU_FLOATINGPOINT_MATH: 18337.223695716799
  CPU_PRIME: 74.914905783972358
  CPU_SORTING: 18188.935296295749
  CPU_ENCRYPTION: 8615.6777115459063
  CPU_COMPRESSION: 127871.30032176053
  CPU_SINGLETHREAD: 2392.1936906319538
  CPU_PHYSICS: 1275.5542514462277
  CPU_MATRIX_MULT_SSE: 7358.8962905009412
  CPU_mm: 898.49874538505571
  CPU_sse: 3809.5219297754566
  CPU_fma: 10406.439066176259
  CPU_avx: 7860.727875551107
  CPU_avx512: 0
  m_CPU_enc_SHA: 12487633175.654993
  m_CPU_enc_AES: 7983913920.2842903
  m_CPU_enc_ECDSA: 6631031520.2465954
  ME_ALLOC_S: 3577.9703636489971
  ME_READ_S: 24361.425390625001
  ME_READ_L: 18949.3125
  ME_WRITE: 18224.849609375
  ME_LARGE: 118753.83333333333
  ME_LATENCY: 64.268271099578087
  ME_THREADED: 38608.04052734375
  SUMM_CPU: 11853.728576124333
  SUMM_ME: 2600.2103114147894
SystemInformation:
  OSName: Ubuntu 24.04.1 LTS
  Kernel: 6.8.0-1017-azure
  Device: ""
  Processor: AMD EPYC 7763 64-Core Processor
  NumSockets: 1
  Manufacturer: AuthenticAMD
  NumCores: 4
  NumLogicals: 8
  CPUFrequency: 0
  Memory: 128811
  MemModuleInfo:
    iNumMemSticks: 3
    DIMM 1:
      manufacturer: Microsoft Corporation
      modulePartNo: None
      memType: Unknown
      size: 1
      clkspeed: 0
      moduleVoltage: 0
    DIMM 2:
      manufacturer: Microsoft Corporation
      modulePartNo: None
      memType: Unknown
      size: 59
      clkspeed: 0
      moduleVoltage: 0
    DIMM 3:
      manufacturer: Microsoft Corporation
      modulePartNo: None
      memType: Unknown
      size: 68
      clkspeed: 0
      moduleVoltage: 0
Checksum: 10734B0DACA6391CAE5D989B10D356034A957685