---
system-info:
      stress-ng-version: 0.17.08
      run-by: root
      date-yyyy-mm-dd: 2024:07:02
      time-hh-mm-ss: 11:37:23
      epoch-secs: 1719920243
      hostname: n4-highcpu-32-640ce0e
      sysname: Linux
      nodename: n4-highcpu-32-640ce0e
      release: 6.8.0-1009-gcp
      version: '#10-Ubuntu SMP Wed Jun 12 18:52:23 UTC 2024'
      machine: x86_64
      compiler: 'musl-gcc 13.2.1'
      uptime: 137
      totalram: 67415097344
      freeram: 61859536896
      sharedram: 274141184
      bufferram: 127766528
      totalswap: 0
      freeswap: 0
      pagesize: 4096
      cpus: 32
      cpus-online: 32
      ticks-per-second: 100

metrics:
    - stressor: cpu
      bogo-ops: 34621
      bogo-ops-per-second-usr-sys-time: 1731.056665
      bogo-ops-per-second-real-time: 1731.043541
      wall-clock-time: 20.000075
      user-time: 19.999923
      system-time: 0.000000
      cpu-usage-per-instance: 99.999242
      max-rss: 1032

...
