BaselineInfo:
  WebDBID: -1
  TimeStamp: 20260617101526
Version:
  Major: 11
  Minor: 0
  Build: 1004
  SpecialBuildName: ""
  ptArchitecture: x86_64_linux
Results:
  Results Complete: true
  NumTestProcesses: 4
  CPU_INTEGER_MATH: 13395.522666666668
  CPU_FLOATINGPOINT_MATH: 8016.6634867569974
  CPU_PRIME: 20.70661026853994
  CPU_SORTING: 7474.4494875549244
  CPU_ENCRYPTION: 4228.4879129689461
  CPU_COMPRESSION: 60715.848124475742
  CPU_SINGLETHREAD: 2111.2086780989839
  CPU_PHYSICS: 499.75941012336182
  CPU_MATRIX_MULT_SSE: 3661.6865021832782
  CPU_mm: 402.08572170563099
  CPU_sse: 1659.6722338410761
  CPU_fma: 5507.0941942051822
  CPU_avx: 3818.2930785035765
  CPU_avx512: 0
  m_CPU_enc_SHA: 5974598145.0487375
  m_CPU_enc_AES: 4101975635.8130536
  m_CPU_enc_ECDSA: 3225099044.6261883
  ME_ALLOC_S: 1336.8236598826957
  ME_READ_S: 23979.142773437499
  ME_READ_L: 11412.265625
  ME_WRITE: 9983.521484375
  ME_LARGE: 22526.166666666668
  ME_LATENCY: 62.411077955994266
  ME_THREADED: 27897.263671875
  SUMM_CPU: 5352.4277232840041
  SUMM_ME: 2075.1215438048816
SystemInformation:
  OSName: Ubuntu 24.04.4 LTS
  Kernel: 6.8.0-117-generic
  Device: ""
  Processor: "AMD EPYC 7H12 64-Core Processor                "
  NumSockets: 1
  Manufacturer: AuthenticAMD
  NumCores: 2
  NumLogicals: 4
  CPUFrequency: 7
  CPUMaxFrequency: 832
  Memory: 31192
  CPUInfo:
    number: 1
    Family: 15
    Model: 1
    stepping: 0
    features: 395049983
    manufacture: AuthenticAMD
    typestring: "AMD EPYC 7H12 64-Core Processor                "
    iCoresPerPackage: 2
    iThreadsPerPackage: 2
    featuresEx:
      - 395049983
      - 4277678595
      - 776996864
    bHybrid: false
    nPCore: 0
    nLogicalsPerPCore: 0
    nECore: 0
    nLogicalsPerECore: 0
  MemModuleInfo:
    iNumMemSticks: 2
    DIMM 1:
      manufacturer: Alibaba Cloud
      modulePartNo: Not Specified
      memType: RAM
      size: 16
      clkspeed: 0
      moduleVoltage: 0
    DIMM 2:
      manufacturer: Alibaba Cloud
      modulePartNo: Not Specified
      memType: RAM
      size: 16
      clkspeed: 0
      moduleVoltage: 0
Checksum: 14DC32D380AE66F2A95D1BDE122111E637FE309F