BaselineInfo:
  WebDBID: -1
  TimeStamp: 20241107235700
Version:
  Major: 11
  Minor: 0
  Build: 1002
  SpecialBuildName: ""
  ptArchitecture: x86_64_linux
Results:
  Results Complete: true
  NumTestProcesses: 2
  CPU_INTEGER_MATH: 8283.8776666666672
  CPU_FLOATINGPOINT_MATH: 4281.4674336540465
  CPU_PRIME: 18.40981424728183
  CPU_SORTING: 4438.1399195531367
  CPU_ENCRYPTION: 1818.7320527264706
  CPU_COMPRESSION: 32340.463230281046
  CPU_SINGLETHREAD: 2377.8920690056252
  CPU_PHYSICS: 364.88952237429532
  CPU_MATRIX_MULT_SSE: 1705.6496888230836
  CPU_mm: 180.54423303413589
  CPU_sse: 786.27549562750028
  CPU_fma: 2180.9037508142142
  CPU_avx: 1612.2035519150038
  CPU_avx512: 2243.2159569356163
  m_CPU_enc_SHA: 1833726630.7011304
  m_CPU_enc_AES: 2754830372.5730658
  m_CPU_enc_ECDSA: 1132679339.4849393
  ME_ALLOC_S: 1030.7345112831024
  ME_READ_S: 24088.759765625
  ME_READ_L: 11959.0810546875
  ME_WRITE: 10983.6328125
  ME_LARGE: 54270
  ME_LATENCY: 52.661730443170278
  ME_THREADED: 15767.0947265625
  SUMM_CPU: 2998.4212458825837
  SUMM_ME: 2081.5684796204714
SystemInformation:
  OSName: Ubuntu 24.04.1 LTS
  Kernel: 6.8.0-1017-azure
  Device: ""
  Processor: Intel Xeon Platinum 8370C CPU @ 2.80GHz
  NumSockets: 1
  Manufacturer: GenuineIntel
  NumCores: 1
  NumLogicals: 2
  CPUFrequency: 2800
  Memory: 64301
  MemModuleInfo:
    iNumMemSticks: 3
    DIMM 1:
      manufacturer: Microsoft Corporation
      modulePartNo: None
      memType: Unknown
      size: 1
      clkspeed: 0
      moduleVoltage: 0
    DIMM 2:
      manufacturer: Microsoft Corporation
      modulePartNo: None
      memType: Unknown
      size: 59
      clkspeed: 0
      moduleVoltage: 0
    DIMM 3:
      manufacturer: Microsoft Corporation
      modulePartNo: None
      memType: Unknown
      size: 4
      clkspeed: 0
      moduleVoltage: 0
Checksum: 1FB530880BDBFC3F0816D1B0907E51703B8E1267