---
system-info:
      stress-ng-version: 0.17.08
      run-by: root
      date-yyyy-mm-dd: 2024:09:14
      time-hh-mm-ss: 00:27:21
      epoch-secs: 1726273641
      hostname: ip-172-31-19-84
      sysname: Linux
      nodename: ip-172-31-19-84
      release: 6.8.0-1014-aws
      version: '#15-Ubuntu SMP Thu Aug  8 19:13:06 UTC 2024'
      machine: x86_64
      compiler: 'musl-gcc 13.2.1'
      uptime: 194
      totalram: 1610521853952
      freeram: 1598477234176
      sharedram: 117334016
      bufferram: 224104448
      totalswap: 0
      freeswap: 0
      pagesize: 4096
      cpus: 96
      cpus-online: 96
      ticks-per-second: 100

metrics:
    - stressor: cpu
      bogo-ops: 1857655
      bogo-ops-per-second-usr-sys-time: 967.810997
      bogo-ops-per-second-real-time: 92882.356317
      wall-clock-time: 20.000085
      user-time: 1919.399882
      system-time: 0.039973
      cpu-usage-per-instance: 99.970402
      max-rss: 0

...
