BaselineInfo:
  WebDBID: -1
  TimeStamp: 20260714223548
Version:
  Major: 11
  Minor: 0
  Build: 1004
  SpecialBuildName: ""
  ptArchitecture: x86_64_linux
Results:
  Results Complete: true
  NumTestProcesses: 16
  CPU_INTEGER_MATH: 96732.837666666674
  CPU_FLOATINGPOINT_MATH: 85286.896076273202
  CPU_PRIME: 308.71652915659405
  CPU_SORTING: 60833.927196978897
  CPU_ENCRYPTION: 20964.650726200482
  CPU_COMPRESSION: 421062.52682014368
  CPU_SINGLETHREAD: 2902.0958920658582
  CPU_PHYSICS: 4317.0968731535886
  CPU_MATRIX_MULT_SSE: 39721.985317158527
  CPU_mm: 4174.9991635119941
  CPU_sse: 18287.829571349819
  CPU_fma: 54690.083024684704
  CPU_avx: 46932.799182693801
  CPU_avx512: 38977.229489905818
  m_CPU_enc_SHA: 28963562226.204269
  m_CPU_enc_AES: 18354743980.333778
  m_CPU_enc_ECDSA: 18630782593.091133
  ME_ALLOC_S: 15115.106362772647
  ME_READ_S: 27874.496875000001
  ME_READ_L: 27565.12109375
  ME_WRITE: 26863.947265625
  ME_LARGE: 110073
  ME_LATENCY: 76.05399754118244
  ME_THREADED: 80015.6025390625
  SUMM_CPU: 36744.355610224782
  SUMM_ME: 2777.7123460828557
SystemInformation:
  OSName: Ubuntu 24.04.4 LTS
  Kernel: 6.17.0-1020-azure
  Device: ""
  Processor: "AMD EPYC 9V74 80-Core Processor                "
  NumSockets: 1
  Manufacturer: AuthenticAMD
  NumCores: 16
  NumLogicals: 16
  CPUFrequency: 0
  CPUMaxFrequency: 0
  Memory: 128809
  CPUInfo:
    number: 1
    Family: 15
    Model: 1
    stepping: 1
    features: 395049983
    manufacture: AuthenticAMD
    typestring: "AMD EPYC 9V74 80-Core Processor                "
    iCoresPerPackage: 16
    iThreadsPerPackage: 1
    featuresEx:
      - 395049983
      - 4275712515
      - 802421759
    bHybrid: false
    nPCore: 0
    nLogicalsPerPCore: 0
    nECore: 0
    nLogicalsPerECore: 0
  MemModuleInfo:
    iNumMemSticks: 3
    DIMM 1:
      manufacturer: Microsoft Corporation
      modulePartNo: None
      memType: Unknown
      size: 1
      clkspeed: 0
      moduleVoltage: 0
    DIMM 2:
      manufacturer: Microsoft Corporation
      modulePartNo: None
      memType: Unknown
      size: 59
      clkspeed: 0
      moduleVoltage: 0
    DIMM 3:
      manufacturer: Microsoft Corporation
      modulePartNo: None
      memType: Unknown
      size: 68
      clkspeed: 0
      moduleVoltage: 0
Checksum: 481955B42EA22A944E5B9672372F0D77877EC2FA