BaselineInfo:
  WebDBID: -1
  TimeStamp: 20241125103633
Version:
  Major: 11
  Minor: 0
  Build: 1002
  SpecialBuildName: ""
  ptArchitecture: x86_64_linux
Results:
  Results Complete: true
  NumTestProcesses: 16
  CPU_INTEGER_MATH: 96802.914666666664
  CPU_FLOATINGPOINT_MATH: 85392.66677822452
  CPU_PRIME: 314.87169610475866
  CPU_SORTING: 61172.109895190821
  CPU_ENCRYPTION: 21005.490589641573
  CPU_COMPRESSION: 422039.03584193031
  CPU_SINGLETHREAD: 2906.4799405452472
  CPU_PHYSICS: 4231.3278149225735
  CPU_MATRIX_MULT_SSE: 39908.879826438882
  CPU_mm: 4178.7515347980288
  CPU_sse: 18610.126322889628
  CPU_fma: 54775.049477932858
  CPU_avx: 46846.585059657344
  CPU_avx512: 39403.758445275722
  m_CPU_enc_SHA: 29021058585.965496
  m_CPU_enc_AES: 18382094234.973255
  m_CPU_enc_ECDSA: 18674407080.633251
  ME_ALLOC_S: 15022.357691465706
  ME_READ_S: 27885.243750000001
  ME_READ_L: 27531.826171875
  ME_WRITE: 26657.033203125
  ME_LARGE: 117675.5
  ME_LATENCY: 77.719046601469088
  ME_THREADED: 109523.8173828125
  SUMM_CPU: 36818.140030695773
  SUMM_ME: 2769.3458260766811
SystemInformation:
  OSName: Ubuntu 24.04.1 LTS
  Kernel: 6.8.0-1017-azure
  Device: ""
  Processor: AMD EPYC 9V74 80-Core Processor
  NumSockets: 1
  Manufacturer: AuthenticAMD
  NumCores: 16
  NumLogicals: 16
  CPUFrequency: 0
  Memory: 128809
  MemModuleInfo:
    iNumMemSticks: 3
    DIMM 1:
      manufacturer: Microsoft Corporation
      modulePartNo: None
      memType: Unknown
      size: 1
      clkspeed: 0
      moduleVoltage: 0
    DIMM 2:
      manufacturer: Microsoft Corporation
      modulePartNo: None
      memType: Unknown
      size: 59
      clkspeed: 0
      moduleVoltage: 0
    DIMM 3:
      manufacturer: Microsoft Corporation
      modulePartNo: None
      memType: Unknown
      size: 68
      clkspeed: 0
      moduleVoltage: 0
Checksum: 1BD5A643B41B160DC456BBD00AC500E1528D5355