BaselineInfo:
  WebDBID: -1
  TimeStamp: 20241109233254
Version:
  Major: 11
  Minor: 0
  Build: 1002
  SpecialBuildName: ""
  ptArchitecture: x86_64_linux
Results:
  Results Complete: true
  NumTestProcesses: 192
  CPU_INTEGER_MATH: 882039.17699999991
  CPU_FLOATINGPOINT_MATH: 484522.9197474292
  CPU_PRIME: 1058.4702887477579
  CPU_SORTING: 374577.48632985883
  CPU_ENCRYPTION: 223792.81388704866
  CPU_COMPRESSION: 3018483.4513748605
  CPU_SINGLETHREAD: 2642.5247516810605
  CPU_PHYSICS: 14727.899978277195
  CPU_MATRIX_MULT_SSE: 155635.95953238953
  CPU_mm: 19455.78092925662
  CPU_sse: 80191.393029235463
  CPU_fma: 210108.2447372129
  CPU_avx: 176608.24083072046
  CPU_avx512: 0
  m_CPU_enc_SHA: 327817937929.55426
  m_CPU_enc_AES: 210853324497.01074
  m_CPU_enc_ECDSA: 165320058416.71283
  ME_ALLOC_S: 30008.673160324222
  ME_READ_S: 26425.224023437499
  ME_READ_L: 17844.28125
  ME_WRITE: 17394.55078125
  ME_LARGE: 742996.91666666663
  ME_LATENCY: 61.339486567933477
  ME_THREADED: 292624.03967285156
  SUMM_CPU: 114978.35370953139
  SUMM_ME: 3009.3007258864677
SystemInformation:
  OSName: Ubuntu 24.04.1 LTS
  Kernel: 6.8.0-1016-aws
  Device: ""
  Processor: AMD EPYC 7R13 Processor
  NumSockets: 2
  Manufacturer: AuthenticAMD
  NumCores: 96
  NumLogicals: 192
  CPUFrequency: 0
  Memory: 757704
  MemModuleInfo:
    iNumMemSticks: 4
    DIMM 1:
      manufacturer: Not Specified
      modulePartNo: Not Specified
      memType: DDR4
      size: 192
      clkspeed: 1600
      moduleVoltage: 0
    DIMM 2:
      manufacturer: Not Specified
      modulePartNo: Not Specified
      memType: DDR4
      size: 192
      clkspeed: 1600
      moduleVoltage: 0
    DIMM 3:
      manufacturer: Not Specified
      modulePartNo: Not Specified
      memType: DDR4
      size: 192
      clkspeed: 1600
      moduleVoltage: 0
    DIMM 4:
      manufacturer: Not Specified
      modulePartNo: Not Specified
      memType: DDR4
      size: 192
      clkspeed: 1600
      moduleVoltage: 0
Checksum: F4CEA1C24CE9D79CDC7E34A936FF73197071FE1E