---
system-info:
      stress-ng-version: 0.17.08
      run-by: root
      date-yyyy-mm-dd: 2024:06:14
      time-hh-mm-ss: 21:49:51
      epoch-secs: 1718401791
      hostname: 89c16d3968eb
      sysname: Linux
      nodename: 89c16d3968eb
      release: 6.8.0-31-generic
      version: '#31-Ubuntu SMP PREEMPT_DYNAMIC Sat Apr 20 00:40:06 UTC 2024'
      machine: x86_64
      compiler: 'musl-gcc 13.2.1'
      uptime: 99
      totalram: 4005629952
      freeram: 519434240
      sharedram: 21217280
      bufferram: 102887424
      totalswap: 0
      freeswap: 0
      pagesize: 4096
      cpus: 2
      cpus-online: 2
      ticks-per-second: 100

metrics:
    - stressor: cpu
      bogo-ops: 44035
      bogo-ops-per-second-usr-sys-time: 1124.078452
      bogo-ops-per-second-real-time: 2201.676406
      wall-clock-time: 20.000669
      user-time: 39.154408
      system-time: 0.019904
      cpu-usage-per-instance: 97.932506
      max-rss: 1104

...
