---
system-info:
      stress-ng-version: 0.17.08
      run-by: root
      date-yyyy-mm-dd: 2024:06:07
      time-hh-mm-ss: 19:37:18
      epoch-secs: 1717789038
      hostname: daabf8b0b887
      sysname: Linux
      nodename: daabf8b0b887
      release: 6.8.0-31-generic
      version: '#31-Ubuntu SMP PREEMPT_DYNAMIC Sat Apr 20 00:40:06 UTC 2024'
      machine: x86_64
      compiler: 'musl-gcc 13.2.1'
      uptime: 150
      totalram: 4005638144
      freeram: 625922048
      sharedram: 21241856
      bufferram: 86708224
      totalswap: 0
      freeswap: 0
      pagesize: 4096
      cpus: 2
      cpus-online: 2
      ticks-per-second: 100

metrics:
    - stressor: cpu
      bogo-ops: 23585
      bogo-ops-per-second-usr-sys-time: 1195.462261
      bogo-ops-per-second-real-time: 2358.294016
      wall-clock-time: 10.000873
      user-time: 19.709835
      system-time: 0.018935
      cpu-usage-per-instance: 98.635235
      max-rss: 4048

...
