size_kb,operation,bandwidth_mb_s,latency_ns,latency_stddev_ns,latency_samples,threads,iterations,elapsed_s
32,read,12244286.54,0,0,0,384,343878,0.337017
32,write,9369585.86,0,0,0,384,346740,0.444084
32,copy,7973901.39,0,0,0,384,168463,0.253522
32,latency,0,1.29,0.00,7,1,7,0.186522
128,read,16776593.39,0,0,0,384,142612,0.408031
128,write,11367714.99,0,0,0,384,98347,0.415269
128,copy,8677309.31,0,0,0,384,67439,0.373050
128,latency,0,3.54,0.00,7,1,7,0.703631
1024,read,6813358.43,0,0,0,384,8481,0.477988
1024,write,6566170.06,0,0,0,384,12982,0.759208
1024,copy,1152823.68,0,0,0,384,3604,1.200475
1024,latency,0,6.38,0.02,7,1,7,0.701767
2048,read,2217106.52,0,0,0,384,3697,1.280631
2048,write,3463481.19,0,0,0,384,3984,0.883421
2048,copy,853200.44,0,0,0,384,1206,1.085569
2048,latency,0,7.62,0.05,7,1,7,0.688954
4096,read,2170983.72,0,0,0,384,1362,0.963633
4096,write,1995906.66,0,0,0,384,847,0.651830
4096,copy,445009.83,0,0,0,384,497,1.715450
4096,latency,0,23.32,0.02,7,1,7,0.711818
131072,read,1059083.14,0,0,0,384,34,1.577938
131072,write,879286.17,0,0,0,384,18,1.006198
131072,copy,313523.31,0,0,0,384,14,2.194822
131072,latency,0,40.88,0.20,7,1,7,3.676000
262144,read,1033104.58,0,0,0,384,17,1.617617
262144,write,865362.85,0,0,0,384,9,1.022387
262144,copy,282267.42,0,0,0,192,7,1.218929
262144,latency,0,86.81,0.08,7,1,7,15.141963
524288,read,900185.82,0,0,0,192,8,0.873633
524288,write,659214.86,0,0,0,192,4,0.596491
524288,copy,258879.15,0,0,0,96,3,0.569594
524288,latency,0,113.66,0.12,7,1,7,39.492590
