---
system-info:
      stress-ng-version: 0.17.08
      run-by: root
      date-yyyy-mm-dd: 2024:09:05
      time-hh-mm-ss: 16:52:00
      epoch-secs: 1725555120
      hostname: sc-runner
      sysname: Linux
      nodename: sc-runner
      release: 6.8.0-1013-azure
      version: '#15-Ubuntu SMP Thu Aug  8 18:40:40 UTC 2024'
      machine: x86_64
      compiler: 'musl-gcc 13.2.1'
      uptime: 354
      totalram: 67420610560
      freeram: 58711363584
      sharedram: 42139648
      bufferram: 218394624
      totalswap: 0
      freeswap: 0
      pagesize: 4096
      cpus: 16
      cpus-online: 16
      ticks-per-second: 100

metrics:
    - stressor: cpu
      bogo-ops: 296303
      bogo-ops-per-second-usr-sys-time: 927.322413
      bogo-ops-per-second-real-time: 14815.074146
      wall-clock-time: 20.000102
      user-time: 319.495344
      system-time: 0.029986
      cpu-usage-per-instance: 99.851154
      max-rss: 3280

...
