---
system-info:
      stress-ng-version: 0.17.08
      run-by: root
      date-yyyy-mm-dd: 2024:07:09
      time-hh-mm-ss: 21:31:50
      epoch-secs: 1720560710
      hostname: ip-172-31-30-151
      sysname: Linux
      nodename: ip-172-31-30-151
      release: 6.8.0-1009-aws
      version: '#9-Ubuntu SMP Fri May 17 20:15:49 UTC 2024'
      machine: aarch64
      compiler: 'musl-gcc 13.2.1'
      uptime: 156
      totalram: 1594651881472
      freeram: 1586805362688
      sharedram: 78200832
      bufferram: 135274496
      totalswap: 0
      freeswap: 0
      pagesize: 4096
      cpus: 192
      cpus-online: 192
      ticks-per-second: 100

metrics:
    - stressor: cpu
      bogo-ops: 32893
      bogo-ops-per-second-usr-sys-time: 1644.622453
      bogo-ops-per-second-real-time: 1644.647706
      wall-clock-time: 20.000028
      user-time: 20.000335
      system-time: 0.000000
      cpu-usage-per-instance: 100.001536
      max-rss: 0

...
