---
system-info:
      stress-ng-version: 0.17.08
      run-by: root
      date-yyyy-mm-dd: 2024:06:15
      time-hh-mm-ss: 20:56:10
      epoch-secs: 1718484970
      hostname: ba6f2e04e657
      sysname: Linux
      nodename: ba6f2e04e657
      release: 6.8.0-1008-aws
      version: '#8-Ubuntu SMP Sat Apr 20 00:46:25 UTC 2024'
      machine: x86_64
      compiler: 'musl-gcc 13.2.1'
      uptime: 117
      totalram: 132919709696
      freeram: 128365330432
      sharedram: 59990016
      bufferram: 108462080
      totalswap: 0
      freeswap: 0
      pagesize: 4096
      cpus: 16
      cpus-online: 16
      ticks-per-second: 100

metrics:
    - stressor: cpu
      bogo-ops: 308810
      bogo-ops-per-second-usr-sys-time: 966.160130
      bogo-ops-per-second-real-time: 15440.433783
      wall-clock-time: 20.000086
      user-time: 319.598119
      system-time: 0.027987
      cpu-usage-per-instance: 99.882730
      max-rss: 976

...
