---
system-info:
      stress-ng-version: 0.17.08
      run-by: root
      date-yyyy-mm-dd: 2024:06:09
      time-hh-mm-ss: 18:41:02
      epoch-secs: 1717958462
      hostname: 346ca74c6f0c
      sysname: Linux
      nodename: 346ca74c6f0c
      release: 6.8.0-1008-aws
      version: '#8-Ubuntu SMP Sat Apr 20 00:46:25 UTC 2024'
      machine: x86_64
      compiler: 'musl-gcc 13.2.1'
      uptime: 112
      totalram: 132919701504
      freeram: 128229404672
      sharedram: 59990016
      bufferram: 109555712
      totalswap: 0
      freeswap: 0
      pagesize: 4096
      cpus: 16
      cpus-online: 16
      ticks-per-second: 100

metrics:
    - stressor: cpu
      bogo-ops: 189776
      bogo-ops-per-second-usr-sys-time: 1187.655264
      bogo-ops-per-second-real-time: 18973.929779
      wall-clock-time: 10.001934
      user-time: 159.763490
      system-time: 0.026986
      cpu-usage-per-instance: 99.849733
      max-rss: 4048

...
