---
system-info:
      stress-ng-version: 0.17.08
      run-by: root
      date-yyyy-mm-dd: 2024:09:03
      time-hh-mm-ss: 15:40:50
      epoch-secs: 1725378050
      hostname: sc-runner
      sysname: Linux
      nodename: sc-runner
      release: 6.8.0-1013-azure
      version: '#15-Ubuntu SMP Thu Aug  8 18:40:40 UTC 2024'
      machine: x86_64
      compiler: 'musl-gcc 13.2.1'
      uptime: 514
      totalram: 58969845760
      freeram: 50343366656
      sharedram: 46616576
      bufferram: 240189440
      totalswap: 0
      freeswap: 0
      pagesize: 4096
      cpus: 4
      cpus-online: 4
      ticks-per-second: 100

metrics:
    - stressor: cpu
      bogo-ops: 17261
      bogo-ops-per-second-usr-sys-time: 863.140241
      bogo-ops-per-second-real-time: 863.046996
      wall-clock-time: 20.000070
      user-time: 19.991892
      system-time: 0.006017
      cpu-usage-per-instance: 99.989197
      max-rss: 3152

...
