---
system-info:
      stress-ng-version: 0.17.08
      run-by: root
      date-yyyy-mm-dd: 2024:09:16
      time-hh-mm-ss: 19:31:44
      epoch-secs: 1726515104
      hostname: sc-runner
      sysname: Linux
      nodename: sc-runner
      release: 6.8.0-1014-azure
      version: '#16-Ubuntu SMP Thu Aug 15 20:04:41 UTC 2024'
      machine: x86_64
      compiler: 'musl-gcc 13.2.1'
      uptime: 512
      totalram: 58969841664
      freeram: 48759537664
      sharedram: 46616576
      bufferram: 257425408
      totalswap: 0
      freeswap: 0
      pagesize: 4096
      cpus: 4
      cpus-online: 4
      ticks-per-second: 100

metrics:
    - stressor: cpu
      bogo-ops: 17682
      bogo-ops-per-second-usr-sys-time: 884.124932
      bogo-ops-per-second-real-time: 884.093908
      wall-clock-time: 20.000138
      user-time: 19.998433
      system-time: 0.001003
      cpu-usage-per-instance: 99.996491
      max-rss: 3152

...
