BaselineInfo:
  WebDBID: -1
  TimeStamp: 20241219002402
Version:
  Major: 11
  Minor: 0
  Build: 1002
  SpecialBuildName: ""
  ptArchitecture: x86_64_linux
Results:
  Results Complete: true
  NumTestProcesses: 6
  CPU_INTEGER_MATH: 28535.467999999997
  CPU_FLOATINGPOINT_MATH: 20733.416092491876
  CPU_PRIME: 83.944933187254975
  CPU_SORTING: 16777.807737803047
  CPU_ENCRYPTION: 6998.2188964519264
  CPU_COMPRESSION: 125907.69475366522
  CPU_SINGLETHREAD: 2168.3568816967909
  CPU_PHYSICS: 1097.7319405081655
  CPU_MATRIX_MULT_SSE: 10312.779774604383
  CPU_mm: 1227.490702061579
  CPU_sse: 4830.2752420486177
  CPU_fma: 15233.021433133501
  CPU_avx: 10875.042648631035
  CPU_avx512: 0
  m_CPU_enc_SHA: 9855323747.068058
  m_CPU_enc_AES: 6354032746.0891037
  m_CPU_enc_ECDSA: 5805136639.5407629
  ME_ALLOC_S: 3165.8076411180555
  ME_READ_S: 24939.965234374999
  ME_READ_L: 7811.68505859375
  ME_WRITE: 7559.10498046875
  ME_LARGE: 5148.5
  ME_LATENCY: 140.32056129958198
  ME_THREADED: 19231.06201171875
  SUMM_CPU: 11710.074328843597
  SUMM_ME: 1249.3182386866752
SystemInformation:
  OSName: Ubuntu 24.04.1 LTS
  Kernel: 6.8.0-31-generic
  Device: ""
  Processor: AMD EPYC 7542 32-Core Processor
  NumSockets: 1
  Manufacturer: AuthenticAMD
  NumCores: 6
  NumLogicals: 6
  CPUFrequency: 0
  Memory: 15946
  MemModuleInfo:
    iNumMemSticks: 1
    DIMM 1:
      manufacturer: QEMU
      modulePartNo: Not Specified
      memType: RAM
      size: 16
      clkspeed: 0
      moduleVoltage: 0
Checksum: BFFC7A413070D1650D36E7ECFD4ECEEA723E3ED8