---
system-info:
      stress-ng-version: 0.17.08
      run-by: root
      date-yyyy-mm-dd: 2024:06:14
      time-hh-mm-ss: 09:23:02
      epoch-secs: 1718356982
      hostname: 896321a377ec
      sysname: Linux
      nodename: 896321a377ec
      release: 6.8.0-1008-aws
      version: '#8-Ubuntu SMP Sat Apr 20 02:43:14 UTC 2024'
      machine: aarch64
      compiler: 'musl-gcc 13.2.1'
      uptime: 133
      totalram: 66195955712
      freeram: 61633503232
      sharedram: 34963456
      bufferram: 107642880
      totalswap: 0
      freeswap: 0
      pagesize: 4096
      cpus: 32
      cpus-online: 32
      ticks-per-second: 100

metrics:
    - stressor: cpu
      bogo-ops: 30656
      bogo-ops-per-second-usr-sys-time: 1532.787278
      bogo-ops-per-second-real-time: 1532.797223
      wall-clock-time: 20.000036
      user-time: 20.000166
      system-time: 0.000000
      cpu-usage-per-instance: 100.000649
      max-rss: 1024

...
