---
system-info:
      stress-ng-version: 0.17.08
      run-by: root
      date-yyyy-mm-dd: 2024:06:06
      time-hh-mm-ss: 15:40:37
      epoch-secs: 1717688437
      hostname: 991fecaa55c7
      sysname: Linux
      nodename: 991fecaa55c7
      release: 6.8.0-1008-aws
      version: '#8-Ubuntu SMP Sat Apr 20 02:43:14 UTC 2024'
      machine: aarch64
      compiler: 'musl-gcc 13.2.1'
      uptime: 121
      totalram: 66195951616
      freeram: 61829623808
      sharedram: 34963456
      bufferram: 84201472
      totalswap: 0
      freeswap: 0
      pagesize: 4096
      cpus: 32
      cpus-online: 32
      ticks-per-second: 100

metrics:
    - stressor: cpu
      bogo-ops: 4267
      bogo-ops-per-second-usr-sys-time: 424.791750
      bogo-ops-per-second-real-time: 424.791201
      wall-clock-time: 10.044935
      user-time: 10.044922
      system-time: 0.000000
      cpu-usage-per-instance: 99.999871
      max-rss: 3840

...
