---
system-info:
      stress-ng-version: 0.17.08
      run-by: root
      date-yyyy-mm-dd: 2024:06:12
      time-hh-mm-ss: 23:55:41
      epoch-secs: 1718236541
      hostname: a5507251c255
      sysname: Linux
      nodename: a5507251c255
      release: 6.8.0-1008-aws
      version: '#8-Ubuntu SMP Sat Apr 20 00:46:25 UTC 2024'
      machine: x86_64
      compiler: 'musl-gcc 13.2.1'
      uptime: 118
      totalram: 33086922752
      freeram: 28638404608
      sharedram: 59977728
      bufferram: 111468544
      totalswap: 0
      freeswap: 0
      pagesize: 4096
      cpus: 16
      cpus-online: 16
      ticks-per-second: 100

metrics:
    - stressor: cpu
      bogo-ops: 308654
      bogo-ops-per-second-usr-sys-time: 965.619257
      bogo-ops-per-second-real-time: 15432.629999
      wall-clock-time: 20.000091
      user-time: 319.623594
      system-time: 0.019990
      cpu-usage-per-instance: 99.888167
      max-rss: 976

...
