---
system-info:
      stress-ng-version: 0.17.08
      run-by: root
      date-yyyy-mm-dd: 2024:06:13
      time-hh-mm-ss: 09:41:45
      epoch-secs: 1718271705
      hostname: 08f9b7deb30b
      sysname: Linux
      nodename: 08f9b7deb30b
      release: 6.8.0-1008-aws
      version: '#8-Ubuntu SMP Sat Apr 20 00:46:25 UTC 2024'
      machine: x86_64
      compiler: 'musl-gcc 13.2.1'
      uptime: 154
      totalram: 16469917696
      freeram: 12131602432
      sharedram: 59863040
      bufferram: 107229184
      totalswap: 0
      freeswap: 0
      pagesize: 4096
      cpus: 2
      cpus-online: 2
      ticks-per-second: 100

metrics:
    - stressor: cpu
      bogo-ops: 37609
      bogo-ops-per-second-usr-sys-time: 1880.548165
      bogo-ops-per-second-real-time: 1880.446391
      wall-clock-time: 20.000038
      user-time: 19.998956
      system-time: 0.000000
      cpu-usage-per-instance: 99.994588
      max-rss: 972

...
