---
system-info:
      stress-ng-version: 0.17.08
      run-by: root
      date-yyyy-mm-dd: 2024:06:07
      time-hh-mm-ss: 14:42:08
      epoch-secs: 1717771328
      hostname: 56f7dad5c10a
      sysname: Linux
      nodename: 56f7dad5c10a
      release: 6.8.0-1008-aws
      version: '#8-Ubuntu SMP Sat Apr 20 00:46:25 UTC 2024'
      machine: x86_64
      compiler: 'musl-gcc 13.2.1'
      uptime: 164
      totalram: 16469909504
      freeram: 12266905600
      sharedram: 59863040
      bufferram: 91734016
      totalswap: 0
      freeswap: 0
      pagesize: 4096
      cpus: 2
      cpus-online: 2
      ticks-per-second: 100

metrics:
    - stressor: cpu
      bogo-ops: 16539
      bogo-ops-per-second-usr-sys-time: 1653.951603
      bogo-ops-per-second-real-time: 1653.771225
      wall-clock-time: 10.000779
      user-time: 9.999688
      system-time: 0.000000
      cpu-usage-per-instance: 99.989094
      max-rss: 4048

...
