BaselineInfo:
  WebDBID: -1
  TimeStamp: 20241108175632
Version:
  Major: 11
  Minor: 0
  Build: 1002
  SpecialBuildName: ""
  ptArchitecture: x86_64_linux
Results:
  Results Complete: true
  NumTestProcesses: 32
  CPU_INTEGER_MATH: 82834.587666666674
  CPU_FLOATINGPOINT_MATH: 43690.84225118492
  CPU_PRIME: 73.060796815862332
  CPU_SORTING: 47489.078034008191
  CPU_ENCRYPTION: 25944.180404032424
  CPU_COMPRESSION: 353176.80225322489
  CPU_SINGLETHREAD: 1399.3855108170746
  CPU_PHYSICS: 1734.0750395133425
  CPU_MATRIX_MULT_SSE: 13148.53274755928
  CPU_mm: 2514.3394825630721
  CPU_sse: 10150.832022166775
  CPU_fma: 15032.941943211636
  CPU_avx: 14261.824277299422
  CPU_avx512: 0
  m_CPU_enc_SHA: 36739538607.460335
  m_CPU_enc_AES: 25459562637.241714
  m_CPU_enc_ECDSA: 19414233489.31406
  ME_ALLOC_S: 7448.3976656479153
  ME_READ_S: 14934.3623046875
  ME_READ_L: 11502.0830078125
  ME_WRITE: 8199.6123046875
  ME_LARGE: 244734.66666666666
  ME_LATENCY: 62.170412067534585
  ME_THREADED: 53334.766845703125
  SUMM_CPU: 22216.790631719399
  SUMM_ME: 2124.9487653836045
SystemInformation:
  OSName: Ubuntu 24.04.1 LTS
  Kernel: 6.8.0-1016-aws
  Device: ""
  Processor: AMD EPYC 7571
  NumSockets: 1
  Manufacturer: AuthenticAMD
  NumCores: 16
  NumLogicals: 32
  CPUFrequency: 0
  Memory: 255844
  MemModuleInfo:
    iNumMemSticks: 2
    DIMM 1:
      manufacturer: Not Specified
      modulePartNo: Not Specified
      memType: DDR4
      size: 128
      clkspeed: 1333
      moduleVoltage: 0
    DIMM 2:
      manufacturer: Not Specified
      modulePartNo: Not Specified
      memType: DDR4
      size: 128
      clkspeed: 1333
      moduleVoltage: 0
Checksum: BF3B6274EDC0BF95C65E25FAC3A1CDB2268775B1