---
system-info:
      stress-ng-version: 0.17.08
      run-by: root
      date-yyyy-mm-dd: 2024:06:14
      time-hh-mm-ss: 07:55:59
      epoch-secs: 1718351759
      hostname: 6bee67d9af6a
      sysname: Linux
      nodename: 6bee67d9af6a
      release: 6.8.0-1008-aws
      version: '#8-Ubuntu SMP Sat Apr 20 02:43:14 UTC 2024'
      machine: aarch64
      compiler: 'musl-gcc 13.2.1'
      uptime: 153
      totalram: 99418230784
      freeram: 94855008256
      sharedram: 34951168
      bufferram: 107651072
      totalswap: 0
      freeswap: 0
      pagesize: 4096
      cpus: 48
      cpus-online: 48
      ticks-per-second: 100

metrics:
    - stressor: cpu
      bogo-ops: 30661
      bogo-ops-per-second-usr-sys-time: 1533.047241
      bogo-ops-per-second-real-time: 1533.046966
      wall-clock-time: 20.000040
      user-time: 20.000036
      system-time: 0.000000
      cpu-usage-per-instance: 99.999982
      max-rss: 1152

...
