---
system-info:
      stress-ng-version: 0.17.08
      run-by: root
      date-yyyy-mm-dd: 2024:06:06
      time-hh-mm-ss: 14:41:04
      epoch-secs: 1717684864
      hostname: 73e5bf40f6c7
      sysname: Linux
      nodename: 73e5bf40f6c7
      release: 6.8.0-1008-aws
      version: '#8-Ubuntu SMP Sat Apr 20 02:43:14 UTC 2024'
      machine: aarch64
      compiler: 'musl-gcc 13.2.1'
      uptime: 127
      totalram: 99418238976
      freeram: 94946447360
      sharedram: 34951168
      bufferram: 83570688
      totalswap: 0
      freeswap: 0
      pagesize: 4096
      cpus: 48
      cpus-online: 48
      ticks-per-second: 100

metrics:
    - stressor: cpu
      bogo-ops: 4267
      bogo-ops-per-second-usr-sys-time: 424.824908
      bogo-ops-per-second-real-time: 424.828227
      wall-clock-time: 10.044060
      user-time: 10.043138
      system-time: 0.001000
      cpu-usage-per-instance: 100.000781
      max-rss: 4224

...
