---
system-info:
      stress-ng-version: 0.17.08
      run-by: root
      date-yyyy-mm-dd: 2024:06:14
      time-hh-mm-ss: 17:42:44
      epoch-secs: 1718386964
      hostname: 1790dc4435b6
      sysname: Linux
      nodename: 1790dc4435b6
      release: 6.8.0-1008-aws
      version: '#8-Ubuntu SMP Sat Apr 20 00:46:25 UTC 2024'
      machine: x86_64
      compiler: 'musl-gcc 13.2.1'
      uptime: 228
      totalram: 399173427200
      freeram: 393446117376
      sharedram: 53964800
      bufferram: 109867008
      totalswap: 0
      freeswap: 0
      pagesize: 4096
      cpus: 96
      cpus-online: 96
      ticks-per-second: 100

metrics:
    - stressor: cpu
      bogo-ops: 11820
      bogo-ops-per-second-usr-sys-time: 591.005112
      bogo-ops-per-second-real-time: 590.996914
      wall-clock-time: 20.000104
      user-time: 19.999827
      system-time: 0.000000
      cpu-usage-per-instance: 99.998613
      max-rss: 768

...
