BaselineInfo:
  WebDBID: -1
  TimeStamp: 20241107115745
Version:
  Major: 11
  Minor: 0
  Build: 1002
  SpecialBuildName: ""
  ptArchitecture: x86_64_linux
Results:
  Results Complete: true
  NumTestProcesses: 2
  CPU_INTEGER_MATH: 7134.4586666666664
  CPU_FLOATINGPOINT_MATH: 6017.7919025532919
  CPU_PRIME: 22.886164103489136
  CPU_SORTING: 4352.7168025205265
  CPU_ENCRYPTION: 916.32302908818315
  CPU_COMPRESSION: 34973.772885089129
  CPU_SINGLETHREAD: 1843.3109852868192
  CPU_PHYSICS: 403.418545933009
  CPU_MATRIX_MULT_SSE: 2952.4376017273862
  CPU_mm: 330.8879515638406
  CPU_sse: 1260.1651775385099
  CPU_fma: 4058.5096929910469
  CPU_avx: 2706.8233776483621
  CPU_avx512: 3784.2521587316251
  m_CPU_enc_SHA: 504720711.18034405
  m_CPU_enc_AES: 1937373266.2428296
  m_CPU_enc_ECDSA: 440409032.22433841
  ME_ALLOC_S: 1280.146480760196
  ME_READ_S: 21796.108984375001
  ME_READ_L: 8580.19921875
  ME_WRITE: 7810.55517578125
  ME_LARGE: 4030
  ME_LATENCY: 55.734810022258294
  ME_THREADED: 16005.75244140625
  SUMM_CPU: 2943.531664465208
  SUMM_ME: 1650.724731775892
SystemInformation:
  OSName: Ubuntu 24.04.1 LTS
  Kernel: 6.8.0-1017-azure
  Device: ""
  Processor: Intel Xeon Platinum 8272CL CPU @ 2.60GHz
  NumSockets: 1
  Manufacturer: GenuineIntel
  NumCores: 2
  NumLogicals: 2
  CPUFrequency: 0
  Memory: 13974
  MemModuleInfo:
    iNumMemSticks: 2
    DIMM 1:
      manufacturer: Microsoft Corporation
      modulePartNo: None
      memType: Unknown
      size: 1
      clkspeed: 0
      moduleVoltage: 0
    DIMM 2:
      manufacturer: Microsoft Corporation
      modulePartNo: None
      memType: Unknown
      size: 13
      clkspeed: 0
      moduleVoltage: 0
Checksum: E91AE49A310AE0B49F5C61BA02A27F3CE00C7CD8