BaselineInfo:
  WebDBID: -1
  TimeStamp: 20250212101240
Version:
  Major: 11
  Minor: 0
  Build: 1002
  SpecialBuildName: ""
  ptArchitecture: x86_64_linux
Results:
  Results Complete: true
  NumTestProcesses: 2
  CPU_INTEGER_MATH: 9519.5380000000005
  CPU_FLOATINGPOINT_MATH: 6758.9766453951379
  CPU_PRIME: 19.644881482640375
  CPU_SORTING: 4810.7397189152234
  CPU_ENCRYPTION: 2116.0220271293215
  CPU_COMPRESSION: 35455.44997665377
  CPU_SINGLETHREAD: 2891.7736040587274
  CPU_PHYSICS: 471.91320007713074
  CPU_MATRIX_MULT_SSE: 2757.2475135906343
  CPU_mm: 269.52097920477183
  CPU_sse: 1171.1560308663868
  CPU_fma: 3274.3543947481003
  CPU_avx: 2479.3082212750578
  CPU_avx512: 4104.1714074729916
  m_CPU_enc_SHA: 2221409687.4990816
  m_CPU_enc_AES: 2882883803.5345535
  m_CPU_enc_ECDSA: 1552136248.3238316
  ME_ALLOC_S: 1613.4711110898224
  ME_READ_S: 26397.914843750001
  ME_READ_L: 10260.0048828125
  ME_WRITE: 9507.015625
  ME_LARGE: 53262
  ME_LATENCY: 59.134514630394825
  ME_THREADED: 15682.18212890625
  SUMM_CPU: 3745.1131453085909
  SUMM_ME: 2032.5438846139282
SystemInformation:
  OSName: Ubuntu 24.04.1 LTS
  Kernel: 6.8.0-1021-azure
  Device: ""
  Processor: INTEL XEON PLATINUM 8573C
  NumSockets: 1
  Manufacturer: GenuineIntel
  NumCores: 1
  NumLogicals: 2
  CPUFrequency: 2300
  Memory: 64301
  MemModuleInfo:
    iNumMemSticks: 3
    DIMM 1:
      manufacturer: Microsoft Corporation
      modulePartNo: None
      memType: Unknown
      size: 1
      clkspeed: 0
      moduleVoltage: 0
    DIMM 2:
      manufacturer: Microsoft Corporation
      modulePartNo: None
      memType: Unknown
      size: 59
      clkspeed: 0
      moduleVoltage: 0
    DIMM 3:
      manufacturer: Microsoft Corporation
      modulePartNo: None
      memType: Unknown
      size: 4
      clkspeed: 0
      moduleVoltage: 0
Checksum: E57017CE5706852CDDEC6D789329C82DECC4ACA1