---
system-info:
      stress-ng-version: 0.17.08
      run-by: root
      date-yyyy-mm-dd: 2024:06:06
      time-hh-mm-ss: 15:40:26
      epoch-secs: 1717688426
      hostname: 090bd8ec8343
      sysname: Linux
      nodename: 090bd8ec8343
      release: 6.8.0-1008-aws
      version: '#8-Ubuntu SMP Sat Apr 20 02:43:14 UTC 2024'
      machine: aarch64
      compiler: 'musl-gcc 13.2.1'
      uptime: 110
      totalram: 66195951616
      freeram: 61801418752
      sharedram: 35106816
      bufferram: 83738624
      totalswap: 0
      freeswap: 0
      pagesize: 4096
      cpus: 32
      cpus-online: 32
      ticks-per-second: 100

metrics:
    - stressor: cpu
      bogo-ops: 136479
      bogo-ops-per-second-usr-sys-time: 424.752832
      bogo-ops-per-second-real-time: 13582.503450
      wall-clock-time: 10.048148
      user-time: 321.288939
      system-time: 0.024987
      cpu-usage-per-instance: 99.929465
      max-rss: 3840

...
