---
system-info:
      stress-ng-version: 0.17.08
      run-by: root
      date-yyyy-mm-dd: 2024:06:14
      time-hh-mm-ss: 09:22:38
      epoch-secs: 1718356958
      hostname: 4c1d2d9a5233
      sysname: Linux
      nodename: 4c1d2d9a5233
      release: 6.8.0-1008-aws
      version: '#8-Ubuntu SMP Sat Apr 20 02:43:14 UTC 2024'
      machine: aarch64
      compiler: 'musl-gcc 13.2.1'
      uptime: 110
      totalram: 66195955712
      freeram: 61705986048
      sharedram: 35106816
      bufferram: 105992192
      totalswap: 0
      freeswap: 0
      pagesize: 4096
      cpus: 32
      cpus-online: 32
      ticks-per-second: 100

metrics:
    - stressor: cpu
      bogo-ops: 980198
      bogo-ops-per-second-usr-sys-time: 1532.199820
      bogo-ops-per-second-real-time: 49009.707054
      wall-clock-time: 20.000079
      user-time: 639.722493
      system-time: 0.009993
      cpu-usage-per-instance: 99.957807
      max-rss: 1024

...
