BaselineInfo:
  WebDBID: -1
  TimeStamp: 20241111135536
Version:
  Major: 11
  Minor: 0
  Build: 1002
  SpecialBuildName: ""
  ptArchitecture: aarch64_linux
Results:
  Results Complete: true
  NumTestProcesses: 192
  CPU_INTEGER_MATH: 963460.95933333354
  CPU_FLOATINGPOINT_MATH: 1120373.8145937049
  CPU_PRIME: 1558.2038672485792
  CPU_SORTING: 625399.31548855104
  CPU_ENCRYPTION: 31734.769239001387
  CPU_COMPRESSION: 1200050.0225765647
  CPU_SINGLETHREAD: 1873.4828144538901
  CPU_PHYSICS: 35529.52742209132
  CPU_MATRIX_MULT_SSE: 136199.64990907381
  CPU_mm: 18849.402530368741
  CPU_sse: 105622.8106006053
  CPU_fma: 166776.48921754232
  CPU_avx: 0
  CPU_avx512: 0
  m_CPU_enc_SHA: 49946290963.097771
  m_CPU_enc_AES: 15197370112.347496
  m_CPU_enc_ECDSA: 34685291093.220116
  ME_ALLOC_S: 45323.291268196066
  ME_READ_S: 20285.000585937501
  ME_READ_L: 18717.521484375
  ME_WRITE: 20507.876953125
  ME_LARGE: 369178.25
  ME_LATENCY: 47.549731379509637
  ME_THREADED: 1041938.8354492188
  SUMM_CPU: 75662.071343799733
  SUMM_ME: 3299.3365600899074
SystemInformation:
  OSName: Ubuntu 24.04.1 LTS
  Kernel: 6.8.0-1016-aws
  Device: ""
  Processor: ARM Neoverse-V2 192 Core 0 MHz
  NumSockets: 2
  Manufacturer: ARM
  NumCores: 192
  NumLogicals: 192
  CPUFrequency: 0
  Memory: 386132
Checksum: 7FD01FC0FCE4382DDAEDB65D254DBD1581DEFC0C