BaselineInfo:
  WebDBID: -1
  TimeStamp: 20241110162334
Version:
  Major: 11
  Minor: 0
  Build: 1002
  SpecialBuildName: ""
  ptArchitecture: x86_64_linux
Results:
  Results Complete: true
  NumTestProcesses: 64
  CPU_INTEGER_MATH: 146630.17033333331
  CPU_FLOATINGPOINT_MATH: 78526.518602533353
  CPU_PRIME: 214.78590502765306
  CPU_SORTING: 74758.059342011693
  CPU_ENCRYPTION: 20089.530806817529
  CPU_COMPRESSION: 636597.41304843267
  CPU_SINGLETHREAD: 1487.8480604530014
  CPU_PHYSICS: 3670.2502526166286
  CPU_MATRIX_MULT_SSE: 46949.284331704148
  CPU_mm: 4449.4268351923647
  CPU_sse: 15940.289083986339
  CPU_fma: 54380.802317204019
  CPU_avx: 38421.972173104419
  CPU_avx512: 79054.073752521828
  m_CPU_enc_SHA: 6614557720.1689682
  m_CPU_enc_AES: 50668562437.460899
  m_CPU_enc_ECDSA: 5913079408.2386255
  ME_ALLOC_S: 16533.585745190932
  ME_READ_S: 18209.906640624999
  ME_READ_L: 7700.5361328125
  ME_WRITE: 7093.7333984375
  ME_LARGE: 1792552.25
  ME_LATENCY: 72.002467073279561
  ME_THREADED: 136812.38696289062
  SUMM_CPU: 34981.062441050562
  SUMM_ME: 1982.0286543502073
SystemInformation:
  OSName: Ubuntu 24.04.1 LTS
  Kernel: 6.8.0-1017-azure
  Device: ""
  Processor: Intel Xeon Platinum 8280M CPU @ 2.70GHz
  NumSockets: 2
  Manufacturer: GenuineIntel
  NumCores: 32
  NumLogicals: 64
  CPUFrequency: 0
  Memory: 1806195
  MemModuleInfo:
    iNumMemSticks: 4
    DIMM 1:
      manufacturer: Microsoft Corporation
      modulePartNo: None
      memType: Unknown
      size: 1
      clkspeed: 0
      moduleVoltage: 0
    DIMM 2:
      manufacturer: Microsoft Corporation
      modulePartNo: None
      memType: Unknown
      size: 60928
      clkspeed: 0
      moduleVoltage: 0
    DIMM 3:
      manufacturer: Microsoft Corporation
      modulePartNo: None
      memType: Unknown
      size: 855552
      clkspeed: 0
      moduleVoltage: 0
    DIMM 4:
      manufacturer: Microsoft Corporation
      modulePartNo: None
      memType: Unknown
      size: 896
      clkspeed: 0
      moduleVoltage: 0
Checksum: 95A1B6F29BF02B2E450C3CAD4395DF66903A765B