BaselineInfo:
  WebDBID: -1
  TimeStamp: 20251013222215
Version:
  Major: 11
  Minor: 0
  Build: 1002
  SpecialBuildName: ""
  ptArchitecture: x86_64_linux
Results:
  Results Complete: true
  NumTestProcesses: 384
  CPU_INTEGER_MATH: 1974528.1760000007
  CPU_FLOATINGPOINT_MATH: 1431393.7382162069
  CPU_PRIME: 3315.1300166169781
  CPU_SORTING: 887963.43025222886
  CPU_ENCRYPTION: 410212.08902603947
  CPU_COMPRESSION: 6903522.7743685888
  CPU_SINGLETHREAD: 3252.5617789717612
  CPU_PHYSICS: 52324.689010269023
  CPU_MATRIX_MULT_SSE: 462793.48894204595
  CPU_mm: 51517.637792710651
  CPU_sse: 214109.82857710554
  CPU_fma: 539616.92085386324
  CPU_avx: 433102.51448081591
  CPU_avx512: 664344.69185639755
  m_CPU_enc_SHA: 451396438437.39569
  m_CPU_enc_AES: 558663692948.57849
  m_CPU_enc_ECDSA: 280355523001.73102
  ME_ALLOC_S: 33518.176731380154
  ME_READ_S: 28140.5400390625
  ME_READ_L: 18020.98046875
  ME_WRITE: 8752.8427734375
  ME_LARGE: 748214.33333333337
  ME_LATENCY: 64.361468058831548
  ME_THREADED: 1869853.0706787109
  SUMM_CPU: 178185.73337244574
  SUMM_ME: 2763.9442203650547
SystemInformation:
  OSName: Ubuntu 24.04.2 LTS
  Kernel: 6.14.0-1014-aws
  Device: ""
  Processor: Intel Xeon 6975P-C
  NumSockets: 2
  Manufacturer: GenuineIntel
  NumCores: 192
  NumLogicals: 384
  CPUFrequency: 0
  Memory: 761533
  MemModuleInfo:
    iNumMemSticks: 6
    DIMM 1:
      manufacturer: Not Specified
      modulePartNo: Not Specified
      memType: DDR5
      size: 128
      clkspeed: 3600
      moduleVoltage: 0
    DIMM 2:
      manufacturer: Not Specified
      modulePartNo: Not Specified
      memType: DDR5
      size: 128
      clkspeed: 3600
      moduleVoltage: 0
    DIMM 3:
      manufacturer: Not Specified
      modulePartNo: Not Specified
      memType: DDR5
      size: 128
      clkspeed: 3600
      moduleVoltage: 0
    DIMM 4:
      manufacturer: Not Specified
      modulePartNo: Not Specified
      memType: DDR5
      size: 128
      clkspeed: 3600
      moduleVoltage: 0
    DIMM 5:
      manufacturer: Not Specified
      modulePartNo: Not Specified
      memType: DDR5
      size: 128
      clkspeed: 3600
      moduleVoltage: 0
    DIMM 6:
      manufacturer: Not Specified
      modulePartNo: Not Specified
      memType: DDR5
      size: 128
      clkspeed: 3600
      moduleVoltage: 0
Checksum: A9A509BE46ED344A1E48F17B563655D238D4B674