---
system-info:
      stress-ng-version: 0.17.08
      run-by: root
      date-yyyy-mm-dd: 2024:06:15
      time-hh-mm-ss: 05:40:19
      epoch-secs: 1718430019
      hostname: edfbe07df60a
      sysname: Linux
      nodename: edfbe07df60a
      release: 6.8.0-1008-aws
      version: '#8-Ubuntu SMP Sat Apr 20 02:43:14 UTC 2024'
      machine: aarch64
      compiler: 'musl-gcc 13.2.1'
      uptime: 115
      totalram: 8141365248
      freeram: 3918790656
      sharedram: 35012608
      bufferram: 107724800
      totalswap: 0
      freeswap: 0
      pagesize: 4096
      cpus: 2
      cpus-online: 2
      ticks-per-second: 100

metrics:
    - stressor: cpu
      bogo-ops: 60818
      bogo-ops-per-second-usr-sys-time: 1531.784979
      bogo-ops-per-second-real-time: 3040.883941
      wall-clock-time: 20.000106
      user-time: 39.702009
      system-time: 0.001997
      cpu-usage-per-instance: 99.259491
      max-rss: 1320

...
