---
system-info:
      stress-ng-version: 0.17.08
      run-by: root
      date-yyyy-mm-dd: 2024:06:15
      time-hh-mm-ss: 15:42:04
      epoch-secs: 1718466124
      hostname: 79994c49f6db
      sysname: Linux
      nodename: 79994c49f6db
      release: 6.8.0-1008-aws
      version: '#8-Ubuntu SMP Sat Apr 20 00:46:25 UTC 2024'
      machine: x86_64
      compiler: 'musl-gcc 13.2.1'
      uptime: 181
      totalram: 536659943424
      freeram: 531033595904
      sharedram: 37396480
      bufferram: 110153728
      totalswap: 0
      freeswap: 0
      pagesize: 4096
      cpus: 64
      cpus-online: 64
      ticks-per-second: 100

metrics:
    - stressor: cpu
      bogo-ops: 377510
      bogo-ops-per-second-usr-sys-time: 295.184461
      bogo-ops-per-second-real-time: 18875.274782
      wall-clock-time: 20.000239
      user-time: 1278.809279
      system-time: 0.085956
      cpu-usage-per-instance: 99.912498
      max-rss: 512

...
