---
system-info:
      stress-ng-version: 0.17.08
      run-by: root
      date-yyyy-mm-dd: 2024:06:09
      time-hh-mm-ss: 13:25:25
      epoch-secs: 1717939525
      hostname: 2cfef56f4712
      sysname: Linux
      nodename: 2cfef56f4712
      release: 6.8.0-1008-aws
      version: '#8-Ubuntu SMP Sat Apr 20 00:46:25 UTC 2024'
      machine: x86_64
      compiler: 'musl-gcc 13.2.1'
      uptime: 168
      totalram: 536659951616
      freeram: 530717253632
      sharedram: 37396480
      bufferram: 109928448
      totalswap: 0
      freeswap: 0
      pagesize: 4096
      cpus: 64
      cpus-online: 64
      ticks-per-second: 100

metrics:
    - stressor: cpu
      bogo-ops: 502497
      bogo-ops-per-second-usr-sys-time: 785.739622
      bogo-ops-per-second-real-time: 50233.682587
      wall-clock-time: 10.003189
      user-time: 639.372078
      system-time: 0.148936
      cpu-usage-per-instance: 99.893307
      max-rss: 3584

...
