---
system-info:
      stress-ng-version: 0.17.08
      run-by: root
      date-yyyy-mm-dd: 2024:06:08
      time-hh-mm-ss: 13:00:40
      epoch-secs: 1717851640
      hostname: 2ed557985632
      sysname: Linux
      nodename: 2ed557985632
      release: 6.8.0-1008-aws
      version: '#8-Ubuntu SMP Sat Apr 20 00:46:25 UTC 2024'
      machine: x86_64
      compiler: 'musl-gcc 13.2.1'
      uptime: 122
      totalram: 401422258176
      freeram: 395906793472
      sharedram: 79097856
      bufferram: 102379520
      totalswap: 0
      freeswap: 0
      pagesize: 4096
      cpus: 96
      cpus-online: 96
      ticks-per-second: 100

metrics:
    - stressor: cpu
      bogo-ops: 972673
      bogo-ops-per-second-usr-sys-time: 1013.892605
      bogo-ops-per-second-real-time: 97249.568282
      wall-clock-time: 10.001823
      user-time: 959.198260
      system-time: 0.146936
      cpu-usage-per-instance: 99.913574
      max-rss: 3072

...
