---
system-info:
      stress-ng-version: 0.17.08
      run-by: root
      date-yyyy-mm-dd: 2024:06:14
      time-hh-mm-ss: 19:17:28
      epoch-secs: 1718392648
      hostname: 2a5c874dea71
      sysname: Linux
      nodename: 2a5c874dea71
      release: 6.8.0-1008-aws
      version: '#8-Ubuntu SMP Sat Apr 20 00:46:25 UTC 2024'
      machine: x86_64
      compiler: 'musl-gcc 13.2.1'
      uptime: 137
      totalram: 401422241792
      freeram: 396021346304
      sharedram: 79097856
      bufferram: 108105728
      totalswap: 0
      freeswap: 0
      pagesize: 4096
      cpus: 96
      cpus-online: 96
      ticks-per-second: 100

metrics:
    - stressor: cpu
      bogo-ops: 1622161
      bogo-ops-per-second-usr-sys-time: 845.193328
      bogo-ops-per-second-real-time: 81107.660519
      wall-clock-time: 20.000096
      user-time: 1919.229077
      system-time: 0.048971
      cpu-usage-per-instance: 99.961918
      max-rss: 768

...
