BaselineInfo:
  WebDBID: -1
  TimeStamp: 20241108184426
Version:
  Major: 11
  Minor: 0
  Build: 1002
  SpecialBuildName: ""
  ptArchitecture: x86_64_linux
Results:
  Results Complete: true
  NumTestProcesses: 12
  CPU_INTEGER_MATH: 34014.703666666668
  CPU_FLOATINGPOINT_MATH: 18234.973310401805
  CPU_PRIME: 67.344890927820586
  CPU_SORTING: 17853.227875850807
  CPU_ENCRYPTION: 4678.215298453094
  CPU_COMPRESSION: 150641.75791034327
  CPU_SINGLETHREAD: 1818.3859750852648
  CPU_PHYSICS: 1257.7554751867597
  CPU_MATRIX_MULT_SSE: 9237.6823789896825
  CPU_mm: 1034.3535612487938
  CPU_sse: 3696.6767816963961
  CPU_fma: 10981.211489299832
  CPU_avx: 7759.0560537947758
  CPU_avx512: 14513.785191167719
  m_CPU_enc_SHA: 1535993313.9150546
  m_CPU_enc_AES: 11807475299.629522
  m_CPU_enc_ECDSA: 1372924240.8276782
  ME_ALLOC_S: 4093.1864960099801
  ME_READ_S: 22050.5625
  ME_READ_L: 10351.353515625
  ME_WRITE: 9902.560546875
  ME_LARGE: 85367.75
  ME_LATENCY: 54.053669814151796
  ME_THREADED: 68226.7578125
  SUMM_CPU: 11204.425387962756
  SUMM_ME: 2447.7653716150094
SystemInformation:
  OSName: Ubuntu 24.04.1 LTS
  Kernel: 6.8.0-1016-aws
  Device: ""
  Processor: Intel Xeon Platinum 8259CL CPU @ 2.50GHz
  NumSockets: 1
  Manufacturer: GenuineIntel
  NumCores: 6
  NumLogicals: 12
  CPUFrequency: 0
  Memory: 95515
  MemModuleInfo:
    iNumMemSticks: 1
    DIMM 1:
      manufacturer: Not Specified
      modulePartNo: Not Specified
      memType: DDR4
      size: 96
      clkspeed: 1600
      moduleVoltage: 0
Checksum: 42ACA91A3FB812076B5FDAE8DCCD9AF6FAB626C0