BaselineInfo:
  WebDBID: -1
  TimeStamp: 20241107220320
Version:
  Major: 11
  Minor: 0
  Build: 1002
  SpecialBuildName: ""
  ptArchitecture: x86_64_linux
Results:
  Results Complete: true
  NumTestProcesses: 16
  CPU_INTEGER_MATH: 41250.834333333332
  CPU_FLOATINGPOINT_MATH: 21830.659527752203
  CPU_PRIME: 38.054385222200487
  CPU_SORTING: 24611.473986859888
  CPU_ENCRYPTION: 12962.739826936002
  CPU_COMPRESSION: 176640.54795637893
  CPU_SINGLETHREAD: 1443.8923120082802
  CPU_PHYSICS: 953.86239393988888
  CPU_MATRIX_MULT_SSE: 6568.8772108528419
  CPU_mm: 1256.0991123415818
  CPU_sse: 5103.7302441488919
  CPU_fma: 7513.5744610664533
  CPU_avx: 7089.3269273431815
  CPU_avx512: 0
  m_CPU_enc_SHA: 18294987216.278595
  m_CPU_enc_AES: 12697176632.513716
  m_CPU_enc_ECDSA: 9785089781.5154285
  ME_ALLOC_S: 3783.5512814408216
  ME_READ_S: 14943.900195312501
  ME_READ_L: 11964.73828125
  ME_WRITE: 8104.77685546875
  ME_LARGE: 53279.25
  ME_LATENCY: 59.484763525089555
  ME_THREADED: 30963.8330078125
  SUMM_CPU: 12645.433589609318
  SUMM_ME: 2049.0531055149308
SystemInformation:
  OSName: Ubuntu 24.04.1 LTS
  Kernel: 6.8.0-1016-aws
  Device: ""
  Processor: AMD EPYC 7571
  NumSockets: 1
  Manufacturer: AuthenticAMD
  NumCores: 8
  NumLogicals: 16
  CPUFrequency: 0
  Memory: 63258
  MemModuleInfo:
    iNumMemSticks: 1
    DIMM 1:
      manufacturer: Not Specified
      modulePartNo: Not Specified
      memType: DDR4
      size: 64
      clkspeed: 1333
      moduleVoltage: 0
Checksum: 8C9BBA5BD8E6B6524DDDDED39253AC8E56FB51B8