BaselineInfo:
  WebDBID: -1
  TimeStamp: 20260404170323
Version:
  Major: 11
  Minor: 0
  Build: 1004
  SpecialBuildName: ""
  ptArchitecture: x86_64_linux
Results:
  Results Complete: true
  NumTestProcesses: 16
  CPU_INTEGER_MATH: 66472.23533333333
  CPU_FLOATINGPOINT_MATH: 36324.106658227065
  CPU_PRIME: 94.093070107559569
  CPU_SORTING: 33982.244967118255
  CPU_ENCRYPTION: 17015.762266764468
  CPU_COMPRESSION: 251453.01645459564
  CPU_SINGLETHREAD: 2387.1556088777697
  CPU_PHYSICS: 1659.9040453580421
  CPU_MATRIX_MULT_SSE: 14900.404747930188
  CPU_mm: 1796.8005398988926
  CPU_sse: 7626.7414812529551
  CPU_fma: 20776.788863970556
  CPU_avx: 16297.683898567055
  CPU_avx512: 0
  m_CPU_enc_SHA: 24640177439.667305
  m_CPU_enc_AES: 15761073075.32793
  m_CPU_enc_ECDSA: 13125709288.909222
  ME_ALLOC_S: 6719.5996142989725
  ME_READ_S: 23642.0458984375
  ME_READ_L: 17536.66796875
  ME_WRITE: 15819.1015625
  ME_LARGE: 113125.33333333333
  ME_LATENCY: 58.14369372110383
  ME_THREADED: 37119.349609375
  SUMM_CPU: 21162.441947715004
  SUMM_ME: 2699.5605053151608
SystemInformation:
  OSName: Ubuntu 24.04.4 LTS
  Kernel: 6.8.0-106-generic
  Device: ""
  Processor: "AMD EPYC 7T83 64-Core Processor                "
  NumSockets: 1
  Manufacturer: AuthenticAMD
  NumCores: 8
  NumLogicals: 16
  CPUFrequency: 0
  CPUMaxFrequency: 0
  Memory: 126267
  CPUInfo:
    number: 1
    Family: 15
    Model: 1
    stepping: 1
    features: 395049983
    manufacture: AuthenticAMD
    typestring: "AMD EPYC 7T83 64-Core Processor                "
    iCoresPerPackage: 8
    iThreadsPerPackage: 2
    featuresEx:
      - 395049983
      - 4277809667
      - 802421759
    bHybrid: false
    nPCore: 0
    nLogicalsPerPCore: 0
    nECore: 0
    nLogicalsPerECore: 0
  MemModuleInfo:
    iNumMemSticks: 8
    DIMM 1:
      manufacturer: Alibaba Cloud
      modulePartNo: Not Specified
      memType: RAM
      size: 16
      clkspeed: 0
      moduleVoltage: 0
    DIMM 2:
      manufacturer: Alibaba Cloud
      modulePartNo: Not Specified
      memType: RAM
      size: 16
      clkspeed: 0
      moduleVoltage: 0
    DIMM 3:
      manufacturer: Alibaba Cloud
      modulePartNo: Not Specified
      memType: RAM
      size: 16
      clkspeed: 0
      moduleVoltage: 0
    DIMM 4:
      manufacturer: Alibaba Cloud
      modulePartNo: Not Specified
      memType: RAM
      size: 16
      clkspeed: 0
      moduleVoltage: 0
    DIMM 5:
      manufacturer: Alibaba Cloud
      modulePartNo: Not Specified
      memType: RAM
      size: 16
      clkspeed: 0
      moduleVoltage: 0
    DIMM 6:
      manufacturer: Alibaba Cloud
      modulePartNo: Not Specified
      memType: RAM
      size: 16
      clkspeed: 0
      moduleVoltage: 0
    DIMM 7:
      manufacturer: Alibaba Cloud
      modulePartNo: Not Specified
      memType: RAM
      size: 16
      clkspeed: 0
      moduleVoltage: 0
    DIMM 8:
      manufacturer: Alibaba Cloud
      modulePartNo: Not Specified
      memType: RAM
      size: 16
      clkspeed: 0
      moduleVoltage: 0
Checksum: 9B55E1D79C40EB41D69D5F21B34FBE03F16FA0A9