BaselineInfo:
  WebDBID: -1
  TimeStamp: 20241109094408
Version:
  Major: 11
  Minor: 0
  Build: 1002
  SpecialBuildName: ""
  ptArchitecture: x86_64_linux
Results:
  Results Complete: true
  NumTestProcesses: 48
  CPU_INTEGER_MATH: 202154.41866666669
  CPU_FLOATINGPOINT_MATH: 103337.38010635544
  CPU_PRIME: 230.99232682593626
  CPU_SORTING: 99289.416369047234
  CPU_ENCRYPTION: 43321.101146491477
  CPU_COMPRESSION: 734011.73100065335
  CPU_SINGLETHREAD: 2436.1993396349367
  CPU_PHYSICS: 3892.6820599896787
  CPU_MATRIX_MULT_SSE: 40773.398231128973
  CPU_mm: 4332.6526806646361
  CPU_sse: 17951.304367538196
  CPU_fma: 48274.834779507604
  CPU_avx: 37287.065193390525
  CPU_avx512: 59580.388584079592
  m_CPU_enc_SHA: 44109831158.161102
  m_CPU_enc_AES: 65461095714.71756
  m_CPU_enc_ECDSA: 26705473994.471676
  ME_ALLOC_S: 21703.24484097636
  ME_READ_S: 23319.371484374999
  ME_READ_L: 11564.6171875
  ME_WRITE: 10802.849609375
  ME_LARGE: 181746.08333333334
  ME_LATENCY: 52.046515960607223
  ME_THREADED: 156471.07446289062
  SUMM_CPU: 48717.699658514823
  SUMM_ME: 2757.1231493640257
SystemInformation:
  OSName: Ubuntu 24.04.1 LTS
  Kernel: 6.8.0-1017-azure
  Device: ""
  Processor: Intel Xeon Platinum 8370C CPU @ 2.80GHz
  NumSockets: 1
  Manufacturer: GenuineIntel
  NumCores: 24
  NumLogicals: 48
  CPUFrequency: 2800
  Memory: 193211
  MemModuleInfo:
    iNumMemSticks: 3
    DIMM 1:
      manufacturer: Microsoft Corporation
      modulePartNo: None
      memType: Unknown
      size: 1
      clkspeed: 0
      moduleVoltage: 0
    DIMM 2:
      manufacturer: Microsoft Corporation
      modulePartNo: None
      memType: Unknown
      size: 59
      clkspeed: 0
      moduleVoltage: 0
    DIMM 3:
      manufacturer: Microsoft Corporation
      modulePartNo: None
      memType: Unknown
      size: 132
      clkspeed: 0
      moduleVoltage: 0
Checksum: 7277E7289680C7AD69CE9C38E2DB10E2C19F65A4