---
system-info:
      stress-ng-version: 0.17.08
      run-by: root
      date-yyyy-mm-dd: 2024:09:16
      time-hh-mm-ss: 09:41:34
      epoch-secs: 1726479694
      hostname: sc-runner
      sysname: Linux
      nodename: sc-runner
      release: 6.8.0-1014-azure
      version: '#16-Ubuntu SMP Thu Aug 15 20:04:41 UTC 2024'
      machine: x86_64
      compiler: 'musl-gcc 13.2.1'
      uptime: 313
      totalram: 33651290112
      freeram: 23556108288
      sharedram: 54906880
      bufferram: 231145472
      totalswap: 0
      freeswap: 0
      pagesize: 4096
      cpus: 4
      cpus-online: 4
      ticks-per-second: 100

metrics:
    - stressor: cpu
      bogo-ops: 37899
      bogo-ops-per-second-usr-sys-time: 1894.992164
      bogo-ops-per-second-real-time: 1894.947334
      wall-clock-time: 20.000028
      user-time: 19.998556
      system-time: 0.000999
      cpu-usage-per-instance: 99.997634
      max-rss: 3024

...
