size_kb,operation,bandwidth_mb_s,latency_ns,latency_stddev_ns,latency_samples,threads,iterations,elapsed_s
32,read,568732.90,0,0,0,16,369822,0.325128
32,write,499723.77,0,0,0,16,380517,0.380727
32,copy,364834.33,0,0,0,16,277469,0.380267
32,latency,0,1.56,0.07,7,1,7,0.228483
128,read,567389.93,0,0,0,16,111706,0.393754
128,write,502412.22,0,0,0,16,113584,0.452155
128,copy,365368.62,0,0,0,16,53960,0.295373
128,latency,0,4.35,0.01,7,1,7,0.630362
512,read,532916.46,0,0,0,16,30087,0.451658
512,write,455817.65,0,0,0,16,29015,0.509239
512,copy,94927.71,0,0,0,16,12617,1.063293
512,latency,0,6.25,0.01,7,1,7,0.636856
1024,read,181134.34,0,0,0,16,12328,1.088960
1024,write,177816.08,0,0,0,16,11491,1.033967
1024,copy,75792.14,0,0,0,16,2681,0.565969
1024,latency,0,7.42,0.01,7,1,7,0.695065
2048,read,148040.03,0,0,0,16,2773,0.599405
2048,write,149255.26,0,0,0,16,2885,0.618538
2048,copy,75955.24,0,0,0,16,1104,0.465116
2048,latency,0,16.28,0.02,7,1,7,0.682814
16384,read,94536.93,0,0,0,16,257,0.695940
16384,write,53301.11,0,0,0,16,212,1.018215
16384,copy,38353.84,0,0,0,16,114,0.760915
16384,latency,0,22.99,0.07,7,1,7,0.780028
32768,read,91774.47,0,0,0,16,114,0.635994
32768,write,51842.44,0,0,0,16,99,0.977732
32768,copy,38015.52,0,0,0,16,54,0.727282
32768,latency,0,27.78,6.69,21,1,21,1.658245
65536,read,90480.18,0,0,0,16,55,0.622457
65536,write,51490.86,0,0,0,16,46,0.914803
65536,copy,37693.55,0,0,0,16,26,0.706328
65536,latency,0,70.25,4.80,21,1,21,7.183806
131072,read,90716.44,0,0,0,16,23,0.519244
131072,write,51102.34,0,0,0,16,21,0.841605
131072,copy,37768.73,0,0,0,16,13,0.704922
131072,latency,0,93.07,2.27,7,1,7,8.199746
262144,read,90769.68,0,0,0,16,12,0.541502
262144,write,50985.27,0,0,0,16,10,0.803369
262144,copy,37415.86,0,0,0,16,6,0.656834
262144,latency,0,101.03,0.36,7,1,7,17.785231
