size_kb,operation,bandwidth_mb_s,latency_ns,latency_stddev_ns,latency_samples,threads,iterations,elapsed_s
32,read,5342661.18,0,0,0,48,769231,0.215968
32,write,4781803.78,0,0,0,48,666666,0.209126
32,copy,4307377.96,0,0,0,48,609755,0.212341
32,latency,0,1.83,0.02,7,1,7,0.263827
128,read,4307643.04,0,0,0,48,154798,0.215614
128,write,4787624.41,0,0,0,48,196232,0.245924
128,copy,3611491.43,0,0,0,48,123456,0.205105
128,latency,0,2.03,0.00,7,1,7,0.564363
1024,read,3919024.35,0,0,0,48,21079,0.258174
1024,write,4730400.83,0,0,0,48,24952,0.253191
1024,copy,641866.82,0,0,0,48,15523,1.160839
1024,latency,0,4.25,0.01,7,1,7,0.697287
2048,read,1175321.11,0,0,0,48,10633,0.868501
2048,write,1089314.95,0,0,0,48,12293,1.083367
2048,copy,256333.66,0,0,0,48,4163,1.559093
2048,latency,0,10.01,0.02,7,1,7,0.695868
4096,read,531428.61,0,0,0,48,3364,1.215381
4096,write,380913.96,0,0,0,48,5303,2.672982
4096,copy,106769.55,0,0,0,48,2062,3.708023
4096,latency,0,16.08,0.02,7,1,7,0.697198
16384,read,205850.46,0,0,0,48,576,2.148977
16384,write,199922.18,0,0,0,48,1099,4.221803
16384,copy,81709.98,0,0,0,48,444,4.173199
16384,latency,0,22.61,0.01,7,1,7,0.767677
32768,read,188348.20,0,0,0,48,211,1.720728
32768,write,169593.71,0,0,0,48,521,4.718665
32768,copy,83676.31,0,0,0,48,202,3.708003
32768,latency,0,23.53,0.02,7,1,7,0.919517
65536,read,183901.76,0,0,0,48,140,2.338640
65536,write,167641.15,0,0,0,48,258,4.727813
65536,copy,84453.46,0,0,0,48,111,4.037632
65536,latency,0,49.90,1.71,7,1,7,2.280579
131072,read,182453.78,0,0,0,48,69,2.323525
131072,write,168086.89,0,0,0,48,126,4.605618
131072,copy,85237.99,0,0,0,48,54,3.892349
131072,latency,0,71.48,0.32,7,1,7,6.419011
262144,read,182284.07,0,0,0,48,33,2.224572
262144,write,167035.04,0,0,0,48,62,4.561055
262144,copy,84356.91,0,0,0,24,27,1.966502
262144,latency,0,81.51,0.14,7,1,7,14.719231
