---
system-info:
      stress-ng-version: 0.17.08
      run-by: root
      date-yyyy-mm-dd: 2024:06:15
      time-hh-mm-ss: 13:42:21
      epoch-secs: 1718458941
      hostname: bd6b0a442aa2
      sysname: Linux
      nodename: bd6b0a442aa2
      release: 6.8.0-1008-aws
      version: '#8-Ubuntu SMP Sat Apr 20 00:46:25 UTC 2024'
      machine: x86_64
      compiler: 'musl-gcc 13.2.1'
      uptime: 140
      totalram: 128757596160
      freeram: 124272099328
      sharedram: 27660288
      bufferram: 108519424
      totalswap: 0
      freeswap: 0
      pagesize: 4096
      cpus: 16
      cpus-online: 16
      ticks-per-second: 100

metrics:
    - stressor: cpu
      bogo-ops: 276087
      bogo-ops-per-second-usr-sys-time: 864.192275
      bogo-ops-per-second-real-time: 13804.243983
      wall-clock-time: 20.000154
      user-time: 319.468047
      system-time: 0.005996
      cpu-usage-per-instance: 99.834872
      max-rss: 1104

...
