---
system-info:
      stress-ng-version: 0.17.08
      run-by: root
      date-yyyy-mm-dd: 2024:06:09
      time-hh-mm-ss: 11:19:18
      epoch-secs: 1717931958
      hostname: c6c6a5d4cded
      sysname: Linux
      nodename: c6c6a5d4cded
      release: 6.8.0-1008-aws
      version: '#8-Ubuntu SMP Sat Apr 20 00:46:25 UTC 2024'
      machine: x86_64
      compiler: 'musl-gcc 13.2.1'
      uptime: 129
      totalram: 128757571584
      freeram: 124175056896
      sharedram: 27660288
      bufferram: 106987520
      totalswap: 0
      freeswap: 0
      pagesize: 4096
      cpus: 16
      cpus-online: 16
      ticks-per-second: 100

metrics:
    - stressor: cpu
      bogo-ops: 167635
      bogo-ops-per-second-usr-sys-time: 1049.611324
      bogo-ops-per-second-real-time: 16761.053135
      wall-clock-time: 10.001460
      user-time: 159.690502
      system-time: 0.020999
      cpu-usage-per-instance: 99.805118
      max-rss: 4048

...
