---
system-info:
      stress-ng-version: 0.17.08
      run-by: root
      date-yyyy-mm-dd: 2024:09:17
      time-hh-mm-ss: 11:16:48
      epoch-secs: 1726571808
      hostname: sc-runner
      sysname: Linux
      nodename: sc-runner
      release: 6.8.0-1014-azure
      version: '#16-Ubuntu SMP Thu Aug 15 20:04:41 UTC 2024'
      machine: x86_64
      compiler: 'musl-gcc 13.2.1'
      uptime: 390
      totalram: 236438413312
      freeram: 226080608256
      sharedram: 46493696
      bufferram: 264974336
      totalswap: 0
      freeswap: 0
      pagesize: 4096
      cpus: 4
      cpus-online: 4
      ticks-per-second: 100

metrics:
    - stressor: cpu
      bogo-ops: 17524
      bogo-ops-per-second-usr-sys-time: 876.236408
      bogo-ops-per-second-real-time: 876.197180
      wall-clock-time: 20.000064
      user-time: 19.997153
      system-time: 0.002016
      cpu-usage-per-instance: 99.995523
      max-rss: 3024

...
