BaselineInfo:
  WebDBID: -1
  TimeStamp: 20241108034232
Version:
  Major: 11
  Minor: 0
  Build: 1002
  SpecialBuildName: ""
  ptArchitecture: x86_64_linux
Results:
  Results Complete: true
  NumTestProcesses: 4
  CPU_INTEGER_MATH: 16577.577000000001
  CPU_FLOATINGPOINT_MATH: 9151.9391804185325
  CPU_PRIME: 39.507062549291561
  CPU_SORTING: 9119.5379125693526
  CPU_ENCRYPTION: 4309.6564934388325
  CPU_COMPRESSION: 65523.580543326214
  CPU_SINGLETHREAD: 2387.09076322994
  CPU_PHYSICS: 773.87925008265961
  CPU_MATRIX_MULT_SSE: 3624.4703993979892
  CPU_mm: 447.75238355297921
  CPU_sse: 1904.1261133445155
  CPU_fma: 5194.6205081295629
  CPU_avx: 3774.6645767198897
  CPU_avx512: 0
  m_CPU_enc_SHA: 6252729538.5941162
  m_CPU_enc_AES: 3998682447.683002
  m_CPU_enc_ECDSA: 3305595115.515233
  ME_ALLOC_S: 1844.3986025937061
  ME_READ_S: 24397.888281250001
  ME_READ_L: 17827.583984375
  ME_WRITE: 17695.625
  ME_LARGE: 118737
  ME_LATENCY: 64.919365192773952
  ME_THREADED: 38570.5390625
  SUMM_CPU: 6199.7490367033179
  SUMM_ME: 2468.9706249375386
SystemInformation:
  OSName: Ubuntu 24.04.1 LTS
  Kernel: 6.8.0-1017-azure
  Device: ""
  Processor: AMD EPYC 7763 64-Core Processor
  NumSockets: 1
  Manufacturer: AuthenticAMD
  NumCores: 2
  NumLogicals: 4
  CPUFrequency: 0
  Memory: 128813
  MemModuleInfo:
    iNumMemSticks: 3
    DIMM 1:
      manufacturer: Microsoft Corporation
      modulePartNo: None
      memType: Unknown
      size: 1
      clkspeed: 0
      moduleVoltage: 0
    DIMM 2:
      manufacturer: Microsoft Corporation
      modulePartNo: None
      memType: Unknown
      size: 59
      clkspeed: 0
      moduleVoltage: 0
    DIMM 3:
      manufacturer: Microsoft Corporation
      modulePartNo: None
      memType: Unknown
      size: 68
      clkspeed: 0
      moduleVoltage: 0
Checksum: 2E8831BA39DC80F04FE2BE71730A7AA3FC8698BB