---
system-info:
      stress-ng-version: 0.17.08
      run-by: root
      date-yyyy-mm-dd: 2024:09:11
      time-hh-mm-ss: 11:53:55
      epoch-secs: 1726055635
      hostname: ip-172-31-9-181
      sysname: Linux
      nodename: ip-172-31-9-181
      release: 6.8.0-1014-aws
      version: '#15-Ubuntu SMP Thu Aug  8 19:13:06 UTC 2024'
      machine: x86_64
      compiler: 'musl-gcc 13.2.1'
      uptime: 230
      totalram: 538693193728
      freeram: 529860231168
      sharedram: 59895808
      bufferram: 221147136
      totalswap: 0
      freeswap: 0
      pagesize: 4096
      cpus: 16
      cpus-online: 16
      ticks-per-second: 100

metrics:
    - stressor: cpu
      bogo-ops: 37849
      bogo-ops-per-second-usr-sys-time: 1892.427007
      bogo-ops-per-second-real-time: 1892.444698
      wall-clock-time: 20.000056
      user-time: 19.998243
      system-time: 0.002000
      cpu-usage-per-instance: 100.000935
      max-rss: 1092

...
