---
system-info:
      stress-ng-version: 0.17.08
      run-by: root
      date-yyyy-mm-dd: 2024:06:15
      time-hh-mm-ss: 14:41:29
      epoch-secs: 1718462489
      hostname: dd9c2d7b99a3
      sysname: Linux
      nodename: dd9c2d7b99a3
      release: 6.8.0-1008-aws
      version: '#8-Ubuntu SMP Sat Apr 20 00:46:25 UTC 2024'
      machine: x86_64
      compiler: 'musl-gcc 13.2.1'
      uptime: 155
      totalram: 32067792896
      freeram: 27714310144
      sharedram: 48513024
      bufferram: 111132672
      totalswap: 0
      freeswap: 0
      pagesize: 4096
      cpus: 4
      cpus-online: 4
      ticks-per-second: 100

metrics:
    - stressor: cpu
      bogo-ops: 41523
      bogo-ops-per-second-usr-sys-time: 522.841400
      bogo-ops-per-second-real-time: 2076.134897
      wall-clock-time: 20.000145
      user-time: 79.402992
      system-time: 0.014973
      cpu-usage-per-instance: 99.271734
      max-rss: 1104

...
