---
system-info:
      stress-ng-version: 0.17.08
      run-by: root
      date-yyyy-mm-dd: 2024:06:09
      time-hh-mm-ss: 11:56:08
      epoch-secs: 1717934168
      hostname: 13874e0870d8
      sysname: Linux
      nodename: 13874e0870d8
      release: 6.8.0-1008-aws
      version: '#8-Ubuntu SMP Sat Apr 20 00:46:25 UTC 2024'
      machine: x86_64
      compiler: 'musl-gcc 13.2.1'
      uptime: 156
      totalram: 32067788800
      freeram: 27576655872
      sharedram: 48513024
      bufferram: 109510656
      totalswap: 0
      freeswap: 0
      pagesize: 4096
      cpus: 4
      cpus-online: 4
      ticks-per-second: 100

metrics:
    - stressor: cpu
      bogo-ops: 32557
      bogo-ops-per-second-usr-sys-time: 820.859374
      bogo-ops-per-second-real-time: 3255.457333
      wall-clock-time: 10.000745
      user-time: 39.655104
      system-time: 0.006988
      cpu-usage-per-instance: 99.147839
      max-rss: 3920

...
