BaselineInfo:
  WebDBID: -1
  TimeStamp: 20241108165712
Version:
  Major: 11
  Minor: 0
  Build: 1002
  SpecialBuildName: ""
  ptArchitecture: x86_64_linux
Results:
  Results Complete: true
  NumTestProcesses: 16
  CPU_INTEGER_MATH: 67033.206333333335
  CPU_FLOATINGPOINT_MATH: 34268.943581410742
  CPU_PRIME: 121.26473234126324
  CPU_SORTING: 34555.210836830687
  CPU_ENCRYPTION: 14564.807107255017
  CPU_COMPRESSION: 246547.64261327815
  CPU_SINGLETHREAD: 2361.070526218632
  CPU_PHYSICS: 2200.9785298215138
  CPU_MATRIX_MULT_SSE: 14393.71720796782
  CPU_mm: 1443.6870793850183
  CPU_sse: 6358.9606688222175
  CPU_fma: 17466.257738130986
  CPU_avx: 12891.808329272468
  CPU_avx512: 20857.842095645599
  m_CPU_enc_SHA: 14694545697.857344
  m_CPU_enc_AES: 22125024410.911785
  m_CPU_enc_ECDSA: 8997351423.1219635
  ME_ALLOC_S: 7564.771998932174
  ME_READ_S: 24221.636523437501
  ME_READ_L: 10510.7080078125
  ME_WRITE: 9819.900390625
  ME_LARGE: 116464.5
  ME_LATENCY: 64.607612540520904
  ME_THREADED: 84518.67041015625
  SUMM_CPU: 21005.412891596225
  SUMM_ME: 2376.5024666046365
SystemInformation:
  OSName: Ubuntu 24.04.1 LTS
  Kernel: 6.8.0-1016-aws
  Device: ""
  Processor: Intel Xeon Platinum 8375C CPU @ 2.90GHz
  NumSockets: 1
  Manufacturer: GenuineIntel
  NumCores: 8
  NumLogicals: 16
  CPUFrequency: 0
  Memory: 126762
  MemModuleInfo:
    iNumMemSticks: 1
    DIMM 1:
      manufacturer: Not Specified
      modulePartNo: Not Specified
      memType: DDR4
      size: 128
      clkspeed: 1600
      moduleVoltage: 0
Checksum: 65812D8C8953DC2776175CDC21157426E57F01E3