BaselineInfo:
  WebDBID: -1
  TimeStamp: 20241108075118
Version:
  Major: 11
  Minor: 0
  Build: 1002
  SpecialBuildName: ""
  ptArchitecture: x86_64_linux
Results:
  Results Complete: true
  NumTestProcesses: 16
  CPU_INTEGER_MATH: 49784.229666666659
  CPU_FLOATINGPOINT_MATH: 26735.765270883512
  CPU_PRIME: 80.016174609598735
  CPU_SORTING: 25854.798530170952
  CPU_ENCRYPTION: 6813.0360965775071
  CPU_COMPRESSION: 219127.58803543143
  CPU_SINGLETHREAD: 2014.4471692506986
  CPU_PHYSICS: 1478.9277157955555
  CPU_MATRIX_MULT_SSE: 13573.909821716636
  CPU_mm: 1510.6012285343829
  CPU_sse: 5419.1955812121587
  CPU_fma: 16549.183071197149
  CPU_avx: 11729.880262058978
  CPU_avx512: 20597.380372398271
  m_CPU_enc_SHA: 2251723900.9142532
  m_CPU_enc_AES: 17159410919.590197
  m_CPU_enc_ECDSA: 2020823593.5101192
  ME_ALLOC_S: 5715.1889586918933
  ME_READ_S: 24128.538281249999
  ME_READ_L: 11447.115234375
  ME_WRITE: 9553.76171875
  ME_LARGE: 54093.916666666664
  ME_LATENCY: 48.437650598968823
  ME_THREADED: 75356.52392578125
  SUMM_CPU: 15671.516172519332
  SUMM_ME: 2662.2208406551263
SystemInformation:
  OSName: Ubuntu 24.04.1 LTS
  Kernel: 6.8.0-1017-azure
  Device: ""
  Processor: Intel Xeon Platinum 8272CL CPU @ 2.60GHz
  NumSockets: 1
  Manufacturer: GenuineIntel
  NumCores: 8
  NumLogicals: 16
  CPUFrequency: 0
  Memory: 64297
  MemModuleInfo:
    iNumMemSticks: 3
    DIMM 1:
      manufacturer: Microsoft Corporation
      modulePartNo: None
      memType: Unknown
      size: 1
      clkspeed: 0
      moduleVoltage: 0
    DIMM 2:
      manufacturer: Microsoft Corporation
      modulePartNo: None
      memType: Unknown
      size: 60928
      clkspeed: 0
      moduleVoltage: 0
    DIMM 3:
      manufacturer: Microsoft Corporation
      modulePartNo: None
      memType: Unknown
      size: 3584
      clkspeed: 0
      moduleVoltage: 0
Checksum: A2FCEE9689437CD49022E24E01048D10E924DF3F