BaselineInfo:
  WebDBID: -1
  TimeStamp: 20250527083913
Version:
  Major: 11
  Minor: 0
  Build: 1002
  SpecialBuildName: ""
  ptArchitecture: x86_64_linux
Results:
  Results Complete: true
  NumTestProcesses: 16
  CPU_INTEGER_MATH: 85123.935333333327
  CPU_FLOATINGPOINT_MATH: 60330.078121124956
  CPU_PRIME: 169.8320973526514
  CPU_SORTING: 42674.384337717995
  CPU_ENCRYPTION: 18758.803140154028
  CPU_COMPRESSION: 306342.97484548052
  CPU_SINGLETHREAD: 3252.3688000267221
  CPU_PHYSICS: 4025.2853616967377
  CPU_MATRIX_MULT_SSE: 25009.060282999806
  CPU_mm: 2406.8907890803307
  CPU_sse: 10372.400223224184
  CPU_fma: 27351.567288083679
  CPU_avx: 21407.791249737897
  CPU_avx512: 40904.482370953476
  m_CPU_enc_SHA: 19813521805.696373
  m_CPU_enc_AES: 25814840868.636433
  m_CPU_enc_ECDSA: 13381729610.137657
  ME_ALLOC_S: 10728.178718028606
  ME_READ_S: 29058.123828125001
  ME_READ_L: 10271.4931640625
  ME_WRITE: 9492.447265625
  ME_LARGE: 1343296.4166666667
  ME_LATENCY: 56.885678062672412
  ME_THREADED: 180296.54443359375
  SUMM_CPU: 29523.106545763683
  SUMM_ME: 2651.4172309501673
SystemInformation:
  OSName: Ubuntu 24.04.2 LTS
  Kernel: 6.11.0-1015-azure
  Device: ""
  Processor: INTEL XEON PLATINUM 8573C
  NumSockets: 2
  Manufacturer: GenuineIntel
  NumCores: 8
  NumLogicals: 16
  CPUFrequency: 2300
  Memory: 1354636
  MemModuleInfo:
    iNumMemSticks: 4
    DIMM 1:
      manufacturer: Microsoft Corporation
      modulePartNo: None
      memType: Unknown
      size: 1
      clkspeed: 0
      moduleVoltage: 0
    DIMM 2:
      manufacturer: Microsoft Corporation
      modulePartNo: None
      memType: Unknown
      size: 59
      clkspeed: 0
      moduleVoltage: 0
    DIMM 3:
      manufacturer: Microsoft Corporation
      modulePartNo: None
      memType: Unknown
      size: 612
      clkspeed: 0
      moduleVoltage: 0
    DIMM 4:
      manufacturer: Microsoft Corporation
      modulePartNo: None
      memType: Unknown
      size: 672
      clkspeed: 0
      moduleVoltage: 0
Checksum: 028F550D8F9311AF40DF9557F19B6923648A56EE