---
system-info:
      stress-ng-version: 0.17.08
      run-by: root
      date-yyyy-mm-dd: 2024:07:09
      time-hh-mm-ss: 23:43:39
      epoch-secs: 1720568619
      hostname: m3-ultramem-128-657d05e
      sysname: Linux
      nodename: m3-ultramem-128-657d05e
      release: 6.8.0-1009-gcp
      version: '#10-Ubuntu SMP Wed Jun 12 18:52:23 UTC 2024'
      machine: x86_64
      compiler: 'musl-gcc 13.2.1'
      uptime: 184
      totalram: 4126219333632
      freeram: 4117901824000
      sharedram: 115171328
      bufferram: 134774784
      totalswap: 0
      freeswap: 0
      pagesize: 4096
      cpus: 128
      cpus-online: 128
      ticks-per-second: 100

metrics:
    - stressor: cpu
      bogo-ops: 36885
      bogo-ops-per-second-usr-sys-time: 1844.350886
      bogo-ops-per-second-real-time: 1844.243229
      wall-clock-time: 20.000073
      user-time: 19.998906
      system-time: 0.000000
      cpu-usage-per-instance: 99.994163
      max-rss: 0

...
