---
system-info:
      stress-ng-version: 0.17.08
      run-by: root
      date-yyyy-mm-dd: 2024:06:21
      time-hh-mm-ss: 02:46:56
      epoch-secs: 1718938016
      hostname: 475d5b61e382
      sysname: Linux
      nodename: 475d5b61e382
      release: 6.8.0-1008-gcp
      version: '#9-Ubuntu SMP Wed May 22 18:09:04 UTC 2024'
      machine: x86_64
      compiler: 'musl-gcc 13.2.1'
      uptime: 170
      totalram: 16768077824
      freeram: 11836530688
      sharedram: 36020224
      bufferram: 134238208
      totalswap: 0
      freeswap: 0
      pagesize: 4096
      cpus: 2
      cpus-online: 2
      ticks-per-second: 100

metrics:
    - stressor: cpu
      bogo-ops: 36112
      bogo-ops-per-second-usr-sys-time: 913.723172
      bogo-ops-per-second-real-time: 1805.594522
      wall-clock-time: 20.000061
      user-time: 39.508882
      system-time: 0.012935
      cpu-usage-per-instance: 98.804243
      max-rss: 1104

...
