BaselineInfo:
  WebDBID: -1
  TimeStamp: 20241109201740
Version:
  Major: 11
  Minor: 0
  Build: 1002
  SpecialBuildName: ""
  ptArchitecture: x86_64_linux
Results:
  Results Complete: true
  NumTestProcesses: 32
  CPU_INTEGER_MATH: 93762.26866666667
  CPU_FLOATINGPOINT_MATH: 50230.015157713591
  CPU_PRIME: 133.02569241100952
  CPU_SORTING: 47734.711329513797
  CPU_ENCRYPTION: 12854.709604702908
  CPU_COMPRESSION: 405996.63078437041
  CPU_SINGLETHREAD: 1872.3361934416644
  CPU_PHYSICS: 2333.3421639792605
  CPU_MATRIX_MULT_SSE: 28229.06870019879
  CPU_mm: 2853.7146310463786
  CPU_sse: 10167.765396975683
  CPU_fma: 33652.753058009337
  CPU_avx: 23801.219049392359
  CPU_avx512: 45294.53729641778
  m_CPU_enc_SHA: 4229419051.4295373
  m_CPU_enc_AES: 32425334750.27742
  m_CPU_enc_ECDSA: 3782666133.6759157
  ME_ALLOC_S: 10580.682610594478
  ME_READ_S: 22904.757421875001
  ME_READ_L: 10262.302734375
  ME_WRITE: 10008.3203125
  ME_LARGE: 116304.83333333333
  ME_LATENCY: 51.574877880240763
  ME_THREADED: 110864.14990234375
  SUMM_CPU: 26401.636448966019
  SUMM_ME: 2615.5221860218971
SystemInformation:
  OSName: Ubuntu 24.04.1 LTS
  Kernel: 6.8.0-1016-aws
  Device: ""
  Processor: Intel Xeon Platinum 8259CL CPU @ 2.50GHz
  NumSockets: 1
  Manufacturer: GenuineIntel
  NumCores: 16
  NumLogicals: 32
  CPUFrequency: 0
  Memory: 127426
  MemModuleInfo:
    iNumMemSticks: 1
    DIMM 1:
      manufacturer: Not Specified
      modulePartNo: Not Specified
      memType: DDR4
      size: 128
      clkspeed: 1466
      moduleVoltage: 0
Checksum: B9CB8C106AAC5C38FD4360F650D30B018F16BA6E