BaselineInfo:
  WebDBID: -1
  TimeStamp: 20241108045722
Version:
  Major: 11
  Minor: 0
  Build: 1002
  SpecialBuildName: ""
  ptArchitecture: aarch64_linux
Results:
  Results Complete: true
  NumTestProcesses: 8
  CPU_INTEGER_MATH: 31548.210999999996
  CPU_FLOATINGPOINT_MATH: 24016.822300487107
  CPU_PRIME: 66.983981543045417
  CPU_SORTING: 22926.261070574219
  CPU_ENCRYPTION: 1086.3321711973758
  CPU_COMPRESSION: 37765.354711594329
  CPU_SINGLETHREAD: 1110.5774791792219
  CPU_PHYSICS: 1170.8270326111024
  CPU_MATRIX_MULT_SSE: 4987.8150804965953
  CPU_mm: 834.6561706393544
  CPU_sse: 4173.4706865945809
  CPU_fma: 5802.1594743986107
  CPU_avx: 0
  CPU_avx512: 0
  m_CPU_enc_SHA: 1617939682.7041664
  m_CPU_enc_AES: 752849797.35397649
  m_CPU_enc_ECDSA: 1046516048.1782361
  ME_ALLOC_S: 5224.6064616466392
  ME_READ_S: 9486.8023437499996
  ME_READ_L: 9215.015625
  ME_WRITE: 12548.06640625
  ME_LARGE: 53505.166666666664
  ME_LATENCY: 70.565219089773095
  ME_THREADED: 73033.3251953125
  SUMM_CPU: 5246.0645793039739
  SUMM_ME: 1770.7228893978104
SystemInformation:
  OSName: Ubuntu 24.04.1 LTS
  Kernel: 6.8.0-1016-aws
  Device: ""
  Processor: ARM Neoverse-N1 8 Core 0 MHz
  NumSockets: 1
  Manufacturer: ARM
  NumCores: 8
  NumLogicals: 8
  CPUFrequency: 0
  Memory: 63511
Checksum: D9A8FDA7AE28E3F7464C8D99BD4C9DC7CC0894BE