BaselineInfo:
  WebDBID: -1
  TimeStamp: 20241110155019
Version:
  Major: 11
  Minor: 0
  Build: 1002
  SpecialBuildName: ""
  ptArchitecture: x86_64_linux
Results:
  Results Complete: true
  NumTestProcesses: 48
  CPU_INTEGER_MATH: 198782.77066666668
  CPU_FLOATINGPOINT_MATH: 106302.03686296997
  CPU_PRIME: 223.12297327754729
  CPU_SORTING: 95997.238001039223
  CPU_ENCRYPTION: 26406.798111713535
  CPU_COMPRESSION: 847403.84653703368
  CPU_SINGLETHREAD: 2637.5604227180688
  CPU_PHYSICS: 4368.0785629727397
  CPU_MATRIX_MULT_SSE: 52432.796963150831
  CPU_mm: 5745.3567156715162
  CPU_sse: 20558.500646810731
  CPU_fma: 62129.662229919362
  CPU_avx: 43762.310718161316
  CPU_avx512: 83280.714257711938
  m_CPU_enc_SHA: 8790988089.9816189
  m_CPU_enc_AES: 66441164730.753731
  m_CPU_enc_ECDSA: 7836451389.6290112
  ME_ALLOC_S: 19832.445898538004
  ME_READ_S: 30734.528710937499
  ME_READ_L: 11007.318359375
  ME_WRITE: 10266.576171875
  ME_LARGE: 1518691.25
  ME_LATENCY: 51.2760626831572
  ME_THREADED: 202630.11938476562
  SUMM_CPU: 49124.892571727498
  SUMM_ME: 2902.2109632355596
SystemInformation:
  OSName: Ubuntu 24.04.1 LTS
  Kernel: 6.8.0-1016-aws
  Device: ""
  Processor: Intel Xeon Platinum 8252C CPU @ 3.80GHz
  NumSockets: 2
  Manufacturer: GenuineIntel
  NumCores: 24
  NumLogicals: 48
  CPUFrequency: 0
  Memory: 1531899
  MemModuleInfo:
    iNumMemSticks: 2
    DIMM 1:
      manufacturer: Not Specified
      modulePartNo: Not Specified
      memType: DDR4
      size: 768
      clkspeed: 1600
      moduleVoltage: 0
    DIMM 2:
      manufacturer: Not Specified
      modulePartNo: Not Specified
      memType: DDR4
      size: 768
      clkspeed: 1600
      moduleVoltage: 0
Checksum: 0408868CE4FA0D684542636350AD8FF36A414836