---
system-info:
      stress-ng-version: 0.17.08
      run-by: root
      date-yyyy-mm-dd: 2024:09:17
      time-hh-mm-ss: 03:50:52
      epoch-secs: 1726545052
      hostname: sc-runner
      sysname: Linux
      nodename: sc-runner
      release: 6.8.0-1014-azure
      version: '#16-Ubuntu SMP Thu Aug 15 20:04:41 UTC 2024'
      machine: x86_64
      compiler: 'musl-gcc 13.2.1'
      uptime: 280
      totalram: 270250336256
      freeram: 259493736448
      sharedram: 55156736
      bufferram: 240685056
      totalswap: 0
      freeswap: 0
      pagesize: 4096
      cpus: 32
      cpus-online: 32
      ticks-per-second: 100

metrics:
    - stressor: cpu
      bogo-ops: 621522
      bogo-ops-per-second-usr-sys-time: 971.652336
      bogo-ops-per-second-real-time: 31075.970723
      wall-clock-time: 20.000083
      user-time: 639.617740
      system-time: 0.036977
      cpu-usage-per-instance: 99.945634
      max-rss: 3080

...
