BaselineInfo:
  WebDBID: -1
  TimeStamp: 20241108172525
Version:
  Major: 11
  Minor: 0
  Build: 1002
  SpecialBuildName: ""
  ptArchitecture: x86_64_linux
Results:
  Results Complete: true
  NumTestProcesses: 16
  CPU_INTEGER_MATH: 40338.129333333331
  CPU_FLOATINGPOINT_MATH: 21564.217562496251
  CPU_PRIME: 47.599171506347702
  CPU_SORTING: 25001.027463463233
  CPU_ENCRYPTION: 12714.046343431724
  CPU_COMPRESSION: 173882.20454151207
  CPU_SINGLETHREAD: 1843.0035635610614
  CPU_PHYSICS: 1209.0582872349328
  CPU_MATRIX_MULT_SSE: 6321.8799730941137
  CPU_mm: 1214.933599124437
  CPU_sse: 4889.7506188271836
  CPU_fma: 7325.9018124395043
  CPU_avx: 6749.9874880156531
  CPU_avx512: 0
  m_CPU_enc_SHA: 17953622932.616127
  m_CPU_enc_AES: 12473881061.062227
  m_CPU_enc_ECDSA: 9567427582.1524277
  ME_ALLOC_S: 4298.212992700669
  ME_READ_S: 21060.326464843751
  ME_READ_L: 12836.4365234375
  ME_WRITE: 9022.337890625
  ME_LARGE: 118554.41666666667
  ME_LATENCY: 58.039889579353485
  ME_THREADED: 46124.7744140625
  SUMM_CPU: 13143.239422869732
  SUMM_ME: 2381.7934316514052
SystemInformation:
  OSName: Ubuntu 24.04.1 LTS
  Kernel: 6.8.0-1017-azure
  Device: ""
  Processor: AMD EPYC 7551 32-Core Processor
  NumSockets: 1
  Manufacturer: AuthenticAMD
  NumCores: 8
  NumLogicals: 16
  CPUFrequency: 0
  Memory: 128905
  MemModuleInfo:
    iNumMemSticks: 4
    DIMM 1:
      manufacturer: Microsoft Corporation
      modulePartNo: None
      memType: Unknown
      size: 1
      clkspeed: 0
      moduleVoltage: 0
    DIMM 2:
      manufacturer: Microsoft Corporation
      modulePartNo: None
      memType: Unknown
      size: 60928
      clkspeed: 0
      moduleVoltage: 0
    DIMM 3:
      manufacturer: Microsoft Corporation
      modulePartNo: None
      memType: Unknown
      size: 3584
      clkspeed: 0
      moduleVoltage: 0
    DIMM 4:
      manufacturer: Microsoft Corporation
      modulePartNo: None
      memType: Unknown
      size: 64
      clkspeed: 0
      moduleVoltage: 0
Checksum: 5732C271D800A7E8E82B1B3BF78DE156C73C5166