---
system-info:
      stress-ng-version: 0.17.08
      run-by: root
      date-yyyy-mm-dd: 2024:09:23
      time-hh-mm-ss: 14:55:32
      epoch-secs: 1727103332
      hostname: sc-runner
      sysname: Linux
      nodename: sc-runner
      release: 6.8.0-1014-azure
      version: '#16-Ubuntu SMP Thu Aug 15 20:04:41 UTC 2024'
      machine: x86_64
      compiler: 'musl-gcc 13.2.1'
      uptime: 337
      totalram: 135065272320
      freeram: 124572086272
      sharedram: 54976512
      bufferram: 257564672
      totalswap: 0
      freeswap: 0
      pagesize: 4096
      cpus: 16
      cpus-online: 16
      ticks-per-second: 100

metrics:
    - stressor: cpu
      bogo-ops: 37985
      bogo-ops-per-second-usr-sys-time: 1899.207743
      bogo-ops-per-second-real-time: 1899.244589
      wall-clock-time: 20.000057
      user-time: 20.000445
      system-time: 0.000000
      cpu-usage-per-instance: 100.001940
      max-rss: 3076

...
