"size","threads","connections","rps","latency","failed","server_usr","server_sys","client_usr","client_sys"
"1k",1,1,42100,0.000033520,0,1.79,3.49,0.77,3.79
"1k",1,2,50322,0.000045850,0,1.83,3.45,0.79,3.77
"1k",1,4,57023,0.000071610,0,1.80,3.45,0.71,3.77
"1k",1,8,60455,0.000124640,0,1.86,3.44,0.85,3.69
"1k",1,16,62231,0.000230130,0,1.83,3.46,0.95,3.59
"1k",1,32,61677,0.000453070,0,1.78,3.44,0.81,3.70
"1k",2,2,47120,0.000052570,0,1.71,3.44,0.83,3.88
"1k",2,4,55015,0.000079210,0,1.74,3.40,0.80,3.90
"1k",2,8,59213,0.000138920,0,1.75,3.44,0.78,3.86
"1k",2,16,59224,0.000269900,0,1.76,3.42,0.80,3.86
"1k",2,32,61057,0.000498630,0,1.73,3.52,0.83,3.78
"1k",4,4,49402,0.000104470,0,1.55,3.29,0.85,4.13
"1k",4,8,51895,0.000174900,0,1.57,3.28,0.81,4.07
"1k",4,16,54841,0.000303670,0,1.65,3.30,0.83,4.06
"1k",4,32,55634,0.000571820,0,1.65,3.37,0.90,3.91
"16k",1,1,37735,0.000035590,0,1.76,3.27,0.84,3.98
"16k",1,2,42183,0.000052920,0,1.73,3.31,0.78,4.01
"16k",1,4,46396,0.000085220,0,1.74,3.30,0.89,3.90
"16k",1,8,47712,0.000153960,0,1.66,3.32,0.83,3.93
"16k",1,16,45791,0.000310190,0,1.72,3.38,0.81,3.92
"16k",1,32,43813,0.000638780,0,1.68,3.36,0.84,3.83
"16k",2,2,39074,0.000061370,0,1.66,3.27,0.81,4.10
"16k",2,4,45289,0.000094260,0,1.72,3.26,0.78,4.09
"16k",2,8,47017,0.000170440,0,1.67,3.27,0.79,3.99
"16k",2,16,45778,0.000340080,0,1.65,3.40,0.81,3.98
"16k",2,32,44500,0.000680120,0,1.73,3.40,0.85,3.84
"16k",4,4,41104,0.000123470,0,1.55,3.11,0.85,4.32
"16k",4,8,42537,0.000206610,0,1.51,3.24,0.85,4.24
"16k",4,16,42773,0.000381800,0,1.61,3.26,0.83,4.13
"16k",4,32,41801,0.000755540,0,1.64,3.32,0.83,4.04
"64k",1,1,21801,0.000055100,0,1.36,3.57,0.78,4.14
"64k",1,2,23190,0.000087820,0,1.35,3.59,0.85,4.05
"64k",1,4,22644,0.000166620,0,1.26,3.69,0.75,4.11
"64k",1,8,21548,0.000337760,0,1.34,3.70,0.70,4.01
"64k",1,16,21297,0.000671840,0,1.29,3.81,0.75,3.99
"64k",1,32,21122,0.001340000,0,1.28,3.82,0.68,3.95
"64k",2,2,23001,0.000097770,0,1.41,3.40,0.73,4.30
"64k",2,4,23253,0.000174960,0,1.46,3.45,0.73,4.10
"64k",2,8,21946,0.000354480,0,1.47,3.63,0.71,4.02
"64k",2,16,21453,0.000703380,0,1.43,3.74,0.68,4.00
"64k",2,32,20990,0.001440000,0,1.33,3.82,0.74,3.86
"64k",4,4,21426,0.000205240,0,1.23,3.63,0.84,4.13
"64k",4,8,21041,0.000387350,0,1.31,3.69,0.83,4.01
"64k",4,16,21199,0.000747110,0,1.33,3.71,0.72,3.98
"64k",4,32,20797,0.001510000,0,1.37,3.73,0.71,3.93
"256k",1,1,8327,0.000129510,0,1.64,3.68,0.68,3.83
"256k",1,2,7436,0.000261420,0,1.69,3.89,0.70,3.55
"256k",1,4,7332,0.000511170,0,1.56,3.93,0.65,3.59
"256k",1,8,7250,0.001020000,0,1.55,3.95,0.64,3.59
"256k",1,16,7202,0.002020000,0,1.40,4.23,0.62,3.50
"256k",2,2,7416,0.000283170,0,1.77,3.74,0.69,3.63
"256k",2,4,7348,0.000532450,0,1.69,3.87,0.61,3.68
"256k",2,8,7404,0.001050000,0,1.69,3.82,0.62,3.61
"256k",2,16,7398,0.002080000,0,1.44,4.11,0.59,3.59
"256k",4,4,7479,0.000539930,0,1.60,3.80,0.72,3.71
"256k",4,8,7568,0.001050000,0,1.62,3.78,0.70,3.66
"256k",4,16,7379,0.002140000,0,1.54,3.94,0.66,3.59
"512k",1,1,3833,0.000268060,0,1.68,4.22,0.58,3.37
"512k",1,2,3695,0.000519260,0,1.71,4.12,0.58,3.42
"512k",1,4,3748,0.001010000,0,1.78,4.03,0.57,3.43
"512k",1,8,3807,0.001950000,0,1.81,4.06,0.58,3.31
"512k",1,16,3665,0.004190000,0,1.84,4.17,0.64,3.11
"512k",2,2,3871,0.000521500,0,1.87,3.88,0.62,3.46
"512k",2,4,3858,0.001020000,0,1.69,4.03,0.60,3.43
"512k",2,8,3820,0.002040000,0,1.57,4.22,0.58,3.38
"512k",2,16,3690,0.004210000,0,1.64,4.26,0.59,3.27
"512k",4,4,3800,0.001060000,0,1.31,4.34,0.64,3.45
"512k",4,8,3805,0.002090000,0,1.73,3.98,0.59,3.45
"512k",4,16,3606,0.004380000,0,1.74,4.14,0.58,3.30
