BaselineInfo:
  WebDBID: -1
  TimeStamp: 20260708015931
Version:
  Major: 11
  Minor: 0
  Build: 1004
  SpecialBuildName: ""
  ptArchitecture: x86_64_linux
Results:
  Results Complete: true
  NumTestProcesses: 2
  CPU_INTEGER_MATH: 12601.813666666665
  CPU_FLOATINGPOINT_MATH: 7720.2102138218743
  CPU_PRIME: 33.579991548414569
  CPU_SORTING: 6193.8044835995879
  CPU_ENCRYPTION: 2537.2772046715436
  CPU_COMPRESSION: 48618.311614498161
  CPU_SINGLETHREAD: 3606.0514603420452
  CPU_PHYSICS: 660.48523394405208
  CPU_MATRIX_MULT_SSE: 3675.0062284711998
  CPU_mm: 364.12850187442706
  CPU_sse: 1362.8859346458594
  CPU_fma: 4145.5939282605887
  CPU_avx: 4081.6187185402432
  CPU_avx512: 5109.9263324381072
  m_CPU_enc_SHA: 3181655660.266696
  m_CPU_enc_AES: 2598371093.4888401
  m_CPU_enc_ECDSA: 2201557192.7414694
  ME_ALLOC_S: 1367.7971978475998
  ME_READ_S: 32326.800390625001
  ME_READ_L: 28585.818359375
  ME_WRITE: 29047.845703125
  ME_LARGE: 3241
  ME_LATENCY: 85.068443624148017
  ME_THREADED: 41453.65234375
  SUMM_CPU: 4852.9076042510751
  SUMM_ME: 1913.16992380131
SystemInformation:
  OSName: Ubuntu 24.04.4 LTS
  Kernel: 6.17.0-1018-azure
  Device: ""
  Processor: "AMD EPYC 9V45 96-Core Processor                "
  NumSockets: 1
  Manufacturer: AuthenticAMD
  NumCores: 1
  NumLogicals: 2
  CPUFrequency: 0
  CPUMaxFrequency: 0
  Memory: 7938
  CPUInfo:
    number: 1
    Family: 15
    Model: 2
    stepping: 1
    features: 395049983
    manufacture: AuthenticAMD
    typestring: "AMD EPYC 9V45 96-Core Processor                "
    iCoresPerPackage: 8
    iThreadsPerPackage: 2
    featuresEx:
      - 395049983
      - 4277809667
      - 802421759
    bHybrid: false
    nPCore: 0
    nLogicalsPerPCore: 0
    nECore: 0
    nLogicalsPerECore: 0
  MemModuleInfo:
    iNumMemSticks: 2
    DIMM 1:
      manufacturer: Microsoft Corporation
      modulePartNo: None
      memType: Unknown
      size: 1
      clkspeed: 0
      moduleVoltage: 0
    DIMM 2:
      manufacturer: Microsoft Corporation
      modulePartNo: None
      memType: Unknown
      size: 7
      clkspeed: 0
      moduleVoltage: 0
Checksum: CC9BB03CEE9E25FFA5C9F98F916EA9641D481697