---
system-info:
      stress-ng-version: 0.17.08
      run-by: root
      date-yyyy-mm-dd: 2024:09:16
      time-hh-mm-ss: 09:41:57
      epoch-secs: 1726479717
      hostname: sc-runner
      sysname: Linux
      nodename: sc-runner
      release: 6.8.0-1014-azure
      version: '#16-Ubuntu SMP Thu Aug 15 20:04:41 UTC 2024'
      machine: x86_64
      compiler: 'musl-gcc 13.2.1'
      uptime: 276
      totalram: 33651290112
      freeram: 23545540608
      sharedram: 54919168
      bufferram: 230645760
      totalswap: 0
      freeswap: 0
      pagesize: 4096
      cpus: 4
      cpus-online: 4
      ticks-per-second: 100

metrics:
    - stressor: cpu
      bogo-ops: 77490
      bogo-ops-per-second-usr-sys-time: 972.536749
      bogo-ops-per-second-real-time: 3874.479135
      wall-clock-time: 20.000108
      user-time: 79.665231
      system-time: 0.012992
      cpu-usage-per-instance: 99.597242
      max-rss: 3256

...
