---
system-info:
      stress-ng-version: 0.17.08
      run-by: root
      date-yyyy-mm-dd: 2024:06:06
      time-hh-mm-ss: 08:24:55
      epoch-secs: 1717662295
      hostname: 2096a0453487
      sysname: Linux
      nodename: 2096a0453487
      release: 6.8.0-1008-aws
      version: '#8-Ubuntu SMP Sat Apr 20 02:43:14 UTC 2024'
      machine: aarch64
      compiler: 'musl-gcc 13.2.1'
      uptime: 133
      totalram: 1920217088
      freeram: 199942144
      sharedram: 35020800
      bufferram: 68120576
      totalswap: 0
      freeswap: 0
      pagesize: 4096
      cpus: 1
      cpus-online: 1
      ticks-per-second: 100

metrics:
    - stressor: cpu
      bogo-ops: 2866
      bogo-ops-per-second-usr-sys-time: 292.102689
      bogo-ops-per-second-real-time: 286.090354
      wall-clock-time: 10.017814
      user-time: 9.811618
      system-time: 0.000000
      cpu-usage-per-instance: 97.941705
      max-rss: 4136

...
