---
system-info:
      stress-ng-version: 0.17.08
      run-by: root
      date-yyyy-mm-dd: 2024:06:14
      time-hh-mm-ss: 05:20:13
      epoch-secs: 1718342413
      hostname: 39b7eafeb173
      sysname: Linux
      nodename: 39b7eafeb173
      release: 6.8.0-1008-aws
      version: '#8-Ubuntu SMP Sat Apr 20 02:43:14 UTC 2024'
      machine: aarch64
      compiler: 'musl-gcc 13.2.1'
      uptime: 151
      totalram: 1920217088
      freeram: 112041984
      sharedram: 35020800
      bufferram: 92692480
      totalswap: 0
      freeswap: 0
      pagesize: 4096
      cpus: 1
      cpus-online: 1
      ticks-per-second: 100

metrics:
    - stressor: cpu
      bogo-ops: 29802
      bogo-ops-per-second-usr-sys-time: 1518.955135
      bogo-ops-per-second-real-time: 1490.092113
      wall-clock-time: 20.000106
      user-time: 19.617091
      system-time: 0.002975
      cpu-usage-per-instance: 98.099811
      max-rss: 1320

...
