BaselineInfo:
  WebDBID: -1
  TimeStamp: 20241115124456
Version:
  Major: 11
  Minor: 0
  Build: 1002
  SpecialBuildName: ""
  ptArchitecture: x86_64_linux
Results:
  Results Complete: true
  NumTestProcesses: 2
  CPU_INTEGER_MATH: 8919.375
  CPU_FLOATINGPOINT_MATH: 4936.9807965150912
  CPU_PRIME: 21.249622984522219
  CPU_SORTING: 4936.2229349855897
  CPU_ENCRYPTION: 2324.4620671267467
  CPU_COMPRESSION: 34744.822011188371
  CPU_SINGLETHREAD: 2518.6202086778453
  CPU_PHYSICS: 430.80263637751523
  CPU_MATRIX_MULT_SSE: 1895.9277887786457
  CPU_mm: 241.18997272804035
  CPU_sse: 1024.5349806629165
  CPU_fma: 2787.1297317913022
  CPU_avx: 1876.1186538817187
  CPU_avx512: 0
  m_CPU_enc_SHA: 3368187813.2975912
  m_CPU_enc_AES: 2154608421.8033757
  m_CPU_enc_ECDSA: 1789329174.3975201
  ME_ALLOC_S: 1006.9696258980947
  ME_READ_S: 26027.451757812501
  ME_READ_L: 18187.904296875
  ME_WRITE: 18726.46875
  ME_LARGE: 722.16666666666663
  ME_LATENCY: 59.573717640194161
  ME_THREADED: 24274.912109375
  SUMM_CPU: 3379.1626918849042
  SUMM_ME: 1151.186699874658
SystemInformation:
  OSName: Ubuntu 24.04.1 LTS
  Kernel: 6.8.0-1017-gcp
  Device: ""
  Processor: AMD EPYC 7B13
  NumSockets: 1
  Manufacturer: AuthenticAMD
  NumCores: 1
  NumLogicals: 2
  CPUFrequency: 0
  Memory: 3913
  MemModuleInfo:
    iNumMemSticks: 1
    DIMM 1:
      manufacturer: ""
      modulePartNo: ""
      memType: RAM
      size: 4
      clkspeed: 0
      moduleVoltage: 0
Checksum: 5BBE0E8766A33F64FF47F8A8DC97D253D03F4C68