BaselineInfo:
  WebDBID: -1
  TimeStamp: 20241106235525
Version:
  Major: 11
  Minor: 0
  Build: 1002
  SpecialBuildName: ""
  ptArchitecture: x86_64_linux
Results:
  Results Complete: true
  NumTestProcesses: 2
  CPU_INTEGER_MATH: 8950.5439999999999
  CPU_FLOATINGPOINT_MATH: 4958.9882388152892
  CPU_PRIME: 21.12410619638586
  CPU_SORTING: 4936.0317304016035
  CPU_ENCRYPTION: 2319.3014474330948
  CPU_COMPRESSION: 34988.713564998296
  CPU_SINGLETHREAD: 2541.6437119684947
  CPU_PHYSICS: 429.92101451801437
  CPU_MATRIX_MULT_SSE: 1910.7813801172397
  CPU_mm: 241.83745768378719
  CPU_sse: 1028.3645885027133
  CPU_fma: 2781.1364372372027
  CPU_avx: 1922.8431146118028
  CPU_avx512: 0
  m_CPU_enc_SHA: 3374889404.2393484
  m_CPU_enc_AES: 2159468932.6152534
  m_CPU_enc_ECDSA: 1761533166.7762129
  ME_ALLOC_S: 995.64691660966935
  ME_READ_S: 26190.912695312501
  ME_READ_L: 17687.765625
  ME_WRITE: 17664.78125
  ME_LARGE: 622.25
  ME_LATENCY: 60.684598510269836
  ME_THREADED: 23646.8095703125
  SUMM_CPU: 3391.1123181992762
  SUMM_ME: 1054.8883271174216
SystemInformation:
  OSName: Ubuntu 24.04.1 LTS
  Kernel: 6.8.0-1015-gcp
  Device: ""
  Processor: AMD EPYC 7B13
  NumSockets: 1
  Manufacturer: AuthenticAMD
  NumCores: 1
  NumLogicals: 2
  CPUFrequency: 0
  Memory: 3913
  MemModuleInfo:
    iNumMemSticks: 1
    DIMM 1:
      manufacturer: ""
      modulePartNo: ""
      memType: RAM
      size: 4
      clkspeed: 0
      moduleVoltage: 0
Checksum: AE531DD4B4B36219B287070B63BE5187B2BAEB4B