BaselineInfo:
  WebDBID: -1
  TimeStamp: 20241114195932
Version:
  Major: 11
  Minor: 0
  Build: 1002
  SpecialBuildName: ""
  ptArchitecture: x86_64_linux
Results:
  Results Complete: true
  NumTestProcesses: 2
  CPU_INTEGER_MATH: 8889.7206666666661
  CPU_FLOATINGPOINT_MATH: 4920.959394288323
  CPU_PRIME: 20.596934544958494
  CPU_SORTING: 4895.4080806939764
  CPU_ENCRYPTION: 2309.837347023562
  CPU_COMPRESSION: 35252.64677284324
  CPU_SINGLETHREAD: 2510.8196536907594
  CPU_PHYSICS: 416.4839969905878
  CPU_MATRIX_MULT_SSE: 1896.333114325565
  CPU_mm: 240.3976443578502
  CPU_sse: 1014.7658653614164
  CPU_fma: 2775.7140747731487
  CPU_avx: 1898.5194028421297
  CPU_avx512: 0
  m_CPU_enc_SHA: 3348270199.5410166
  m_CPU_enc_AES: 2141217141.4081807
  m_CPU_enc_ECDSA: 1776632677.0285373
  ME_ALLOC_S: 934.06195463233951
  ME_READ_S: 25781.550585937501
  ME_READ_L: 16775.955078125
  ME_WRITE: 16365.22265625
  ME_LARGE: 592.16666666666663
  ME_LATENCY: 66.874156237407831
  ME_THREADED: 23250.6279296875
  SUMM_CPU: 3371.4039441610275
  SUMM_ME: 996.93280594857117
SystemInformation:
  OSName: Ubuntu 24.04.1 LTS
  Kernel: 6.8.0-1015-gcp
  Device: ""
  Processor: AMD EPYC 7B13
  NumSockets: 1
  Manufacturer: AuthenticAMD
  NumCores: 1
  NumLogicals: 2
  CPUFrequency: 0
  Memory: 3913
  MemModuleInfo:
    iNumMemSticks: 1
    DIMM 1:
      manufacturer: ""
      modulePartNo: ""
      memType: RAM
      size: 4
      clkspeed: 0
      moduleVoltage: 0
Checksum: C046EA9CD045465C284B719D251B3494D2C48810