BaselineInfo:
  WebDBID: -1
  TimeStamp: 20241126030417
Version:
  Major: 11
  Minor: 0
  Build: 1002
  SpecialBuildName: ""
  ptArchitecture: x86_64_linux
Results:
  Results Complete: true
  NumTestProcesses: 48
  CPU_INTEGER_MATH: 227998.04000000007
  CPU_FLOATINGPOINT_MATH: 127442.11460108936
  CPU_PRIME: 361.4438476708072
  CPU_SORTING: 134402.40088782762
  CPU_ENCRYPTION: 57793.710649534187
  CPU_COMPRESSION: 924632.73814251495
  CPU_SINGLETHREAD: 2902.6005198458565
  CPU_PHYSICS: 6615.5660188347238
  CPU_MATRIX_MULT_SSE: 65680.523931500968
  CPU_mm: 6098.3003884787022
  CPU_sse: 27059.515931305505
  CPU_fma: 84037.44089016247
  CPU_avx: 68537.661326162168
  CPU_avx512: 83087.477578373771
  m_CPU_enc_SHA: 80972664240.852203
  m_CPU_enc_AES: 54950384443.105141
  m_CPU_enc_ECDSA: 45880245130.180496
  ME_ALLOC_S: 22486.111536323111
  ME_READ_S: 27875.153906250001
  ME_READ_L: 27541.236328125
  ME_WRITE: 26779.6875
  ME_LARGE: 84524.333333333328
  ME_LATENCY: 78.239794235528038
  ME_THREADED: 128755.65673828125
  SUMM_CPU: 62905.625355532567
  SUMM_ME: 2771.42628640048
SystemInformation:
  OSName: Ubuntu 24.04.1 LTS
  Kernel: 6.8.0-1017-azure
  Device: ""
  Processor: AMD EPYC 9V74 80-Core Processor
  NumSockets: 1
  Manufacturer: AuthenticAMD
  NumCores: 24
  NumLogicals: 48
  CPUFrequency: 0
  Memory: 96540
  MemModuleInfo:
    iNumMemSticks: 3
    DIMM 1:
      manufacturer: Microsoft Corporation
      modulePartNo: None
      memType: Unknown
      size: 1
      clkspeed: 0
      moduleVoltage: 0
    DIMM 2:
      manufacturer: Microsoft Corporation
      modulePartNo: None
      memType: Unknown
      size: 59
      clkspeed: 0
      moduleVoltage: 0
    DIMM 3:
      manufacturer: Microsoft Corporation
      modulePartNo: None
      memType: Unknown
      size: 36
      clkspeed: 0
      moduleVoltage: 0
Checksum: 0CBC4D411F2C87DA670703F8FC3EA27365692A96