---
system-info:
      stress-ng-version: 0.17.08
      run-by: root
      date-yyyy-mm-dd: 2024:06:14
      time-hh-mm-ss: 15:43:00
      epoch-secs: 1718379780
      hostname: de1437658fc5
      sysname: Linux
      nodename: de1437658fc5
      release: 6.8.0-1008-aws
      version: '#8-Ubuntu SMP Sat Apr 20 00:46:25 UTC 2024'
      machine: x86_64
      compiler: 'musl-gcc 13.2.1'
      uptime: 240
      totalram: 15710015488
      freeram: 11389292544
      sharedram: 32796672
      bufferram: 110346240
      totalswap: 0
      freeswap: 0
      pagesize: 4096
      cpus: 4
      cpus-online: 4
      ticks-per-second: 100

metrics:
    - stressor: cpu
      bogo-ops: 55526
      bogo-ops-per-second-usr-sys-time: 699.658070
      bogo-ops-per-second-real-time: 2776.062862
      wall-clock-time: 20.001708
      user-time: 79.353611
      system-time: 0.008012
      cpu-usage-per-instance: 99.193555
      max-rss: 1104

...
