---
system-info:
      stress-ng-version: 0.17.08
      run-by: root
      date-yyyy-mm-dd: 2024:06:07
      time-hh-mm-ss: 16:47:58
      epoch-secs: 1717778878
      hostname: cec36bdbf751
      sysname: Linux
      nodename: cec36bdbf751
      release: 6.8.0-1008-aws
      version: '#8-Ubuntu SMP Sat Apr 20 00:46:25 UTC 2024'
      machine: x86_64
      compiler: 'musl-gcc 13.2.1'
      uptime: 220
      totalram: 15709982720
      freeram: 11481546752
      sharedram: 32796672
      bufferram: 95703040
      totalswap: 0
      freeswap: 0
      pagesize: 4096
      cpus: 4
      cpus-online: 4
      ticks-per-second: 100

metrics:
    - stressor: cpu
      bogo-ops: 32789
      bogo-ops-per-second-usr-sys-time: 826.873758
      bogo-ops-per-second-real-time: 3278.725796
      wall-clock-time: 10.000531
      user-time: 39.645974
      system-time: 0.008205
      cpu-usage-per-instance: 99.130181
      max-rss: 3920

...
