---
system-info:
      stress-ng-version: 0.17.08
      run-by: root
      date-yyyy-mm-dd: 2024:06:13
      time-hh-mm-ss: 03:40:40
      epoch-secs: 1718250040
      hostname: f8e8b570afac
      sysname: Linux
      nodename: f8e8b570afac
      release: 6.8.0-1008-aws
      version: '#8-Ubuntu SMP Sat Apr 20 00:46:25 UTC 2024'
      machine: x86_64
      compiler: 'musl-gcc 13.2.1'
      uptime: 106
      totalram: 8158183424
      freeram: 3799257088
      sharedram: 59871232
      bufferram: 111308800
      totalswap: 0
      freeswap: 0
      pagesize: 4096
      cpus: 4
      cpus-online: 4
      ticks-per-second: 100

metrics:
    - stressor: cpu
      bogo-ops: 77065
      bogo-ops-per-second-usr-sys-time: 966.933861
      bogo-ops-per-second-real-time: 3853.235152
      wall-clock-time: 20.000077
      user-time: 79.685387
      system-time: 0.014997
      cpu-usage-per-instance: 99.625096
      max-rss: 1104

...
