---
system-info:
      stress-ng-version: 0.17.08
      run-by: root
      date-yyyy-mm-dd: 2024:06:06
      time-hh-mm-ss: 13:03:28
      epoch-secs: 1717679008
      hostname: 73201f189690
      sysname: Linux
      nodename: 73201f189690
      release: 6.8.0-1008-aws
      version: '#8-Ubuntu SMP Sat Apr 20 00:46:25 UTC 2024'
      machine: x86_64
      compiler: 'musl-gcc 13.2.1'
      uptime: 112
      totalram: 8158195712
      freeram: 4027551744
      sharedram: 59871232
      bufferram: 84226048
      totalswap: 0
      freeswap: 0
      pagesize: 4096
      cpus: 4
      cpus-online: 4
      ticks-per-second: 100

metrics:
    - stressor: cpu
      bogo-ops: 48346
      bogo-ops-per-second-usr-sys-time: 1215.491118
      bogo-ops-per-second-real-time: 4834.131547
      wall-clock-time: 10.000969
      user-time: 39.749872
      system-time: 0.024997
      cpu-usage-per-instance: 99.427537
      max-rss: 3920

...
