BaselineInfo:
  WebDBID: -1
  TimeStamp: 20241107132721
Version:
  Major: 11
  Minor: 0
  Build: 1002
  SpecialBuildName: ""
  ptArchitecture: x86_64_linux
Results:
  Results Complete: true
  NumTestProcesses: 4
  CPU_INTEGER_MATH: 10956.885666666667
  CPU_FLOATINGPOINT_MATH: 5867.9959438677879
  CPU_PRIME: 25.004217407366916
  CPU_SORTING: 5819.0075420173007
  CPU_ENCRYPTION: 1507.0986988810062
  CPU_COMPRESSION: 49310.600590174232
  CPU_SINGLETHREAD: 1777.2211302475544
  CPU_PHYSICS: 511.29204416172325
  CPU_MATRIX_MULT_SSE: 3383.0808825951763
  CPU_mm: 325.3421747902521
  CPU_sse: 1195.8568302671993
  CPU_fma: 4052.1422162235058
  CPU_avx: 2848.1113054437828
  CPU_avx512: 5436.2131784462181
  m_CPU_enc_SHA: 495264190.87357384
  m_CPU_enc_AES: 3804759362.125277
  m_CPU_enc_ECDSA: 440899022.83469939
  ME_ALLOC_S: 1348.3362996392536
  ME_READ_S: 21564.705273437499
  ME_READ_L: 11404.1171875
  ME_WRITE: 9262.3671875
  ME_LARGE: 6080
  ME_LATENCY: 50.341144250625426
  ME_THREADED: 23904.38916015625
  SUMM_CPU: 3944.6540665546672
  SUMM_ME: 1984.1145903267266
SystemInformation:
  OSName: Ubuntu 24.04.1 LTS
  Kernel: 6.8.0-1017-azure
  Device: ""
  Processor: Intel Xeon Platinum 8272CL CPU @ 2.60GHz
  NumSockets: 1
  Manufacturer: GenuineIntel
  NumCores: 2
  NumLogicals: 4
  CPUFrequency: 0
  Memory: 15989
  MemModuleInfo:
    iNumMemSticks: 2
    DIMM 1:
      manufacturer: Microsoft Corporation
      modulePartNo: None
      memType: Unknown
      size: 1
      clkspeed: 0
      moduleVoltage: 0
    DIMM 2:
      manufacturer: Microsoft Corporation
      modulePartNo: None
      memType: Unknown
      size: 15
      clkspeed: 0
      moduleVoltage: 0
Checksum: 769FA8EF0006A4E111B507CB5AD2313F94FAD39B