---
system-info:
      stress-ng-version: 0.17.08
      run-by: root
      date-yyyy-mm-dd: 2024:07:03
      time-hh-mm-ss: 06:51:35
      epoch-secs: 1719989495
      hostname: n2d-highmem-96-c2a7bee
      sysname: Linux
      nodename: n2d-highmem-96-c2a7bee
      release: 6.8.0-1009-gcp
      version: '#10-Ubuntu SMP Wed Jun 12 18:52:23 UTC 2024'
      machine: x86_64
      compiler: 'musl-gcc 13.2.1'
      uptime: 173
      totalram: 811591806976
      freeram: 804711251968
      sharedram: 69341184
      bufferram: 130482176
      totalswap: 0
      freeswap: 0
      pagesize: 4096
      cpus: 96
      cpus-online: 96
      ticks-per-second: 100

metrics:
    - stressor: cpu
      bogo-ops: 2592186
      bogo-ops-per-second-usr-sys-time: 1350.595402
      bogo-ops-per-second-real-time: 129608.913075
      wall-clock-time: 20.000060
      user-time: 1919.236329
      system-time: 0.054968
      cpu-usage-per-instance: 99.962790
      max-rss: 768

...
