BaselineInfo:
  WebDBID: -1
  TimeStamp: 20241108100248
Version:
  Major: 11
  Minor: 0
  Build: 1002
  SpecialBuildName: ""
  ptArchitecture: aarch64_linux
Results:
  Results Complete: true
  NumTestProcesses: 32
  CPU_INTEGER_MATH: 152727.69766666667
  CPU_FLOATINGPOINT_MATH: 151902.7371150844
  CPU_PRIME: 239.09320858925179
  CPU_SORTING: 125570.91459430763
  CPU_ENCRYPTION: 4454.5903374314767
  CPU_COMPRESSION: 169386.59756007092
  CPU_SINGLETHREAD: 1560.9457897501979
  CPU_PHYSICS: 6763.1030671889694
  CPU_MATRIX_MULT_SSE: 26485.571932829054
  CPU_mm: 3476.8370669143701
  CPU_sse: 22207.598490797936
  CPU_fma: 30763.545374860172
  CPU_avx: 0
  CPU_avx512: 0
  m_CPU_enc_SHA: 6762443254.9251909
  m_CPU_enc_AES: 2590971468.5127573
  m_CPU_enc_ECDSA: 4659514829.5496998
  ME_ALLOC_S: 31126.485332736342
  ME_READ_S: 19688.248632812501
  ME_READ_L: 19013.244140625
  ME_WRITE: 19702.431640625
  ME_LARGE: 51470.5
  ME_LATENCY: 49.203025602232906
  ME_THREADED: 251830.4541015625
  SUMM_CPU: 20737.374652874223
  SUMM_ME: 3121.0984821688703
SystemInformation:
  OSName: Ubuntu 24.04.1 LTS
  Kernel: 6.8.0-1016-aws
  Device: ""
  Processor: ARM Neoverse-V1 32 Core 0 MHz
  NumSockets: 1
  Manufacturer: ARM
  NumCores: 32
  NumLogicals: 32
  CPUFrequency: 0
  Memory: 63129
Checksum: E795CC765B8D0D60946FC69FD6A6571C0D52B595