---
system-info:
      stress-ng-version: 0.17.08
      run-by: root
      date-yyyy-mm-dd: 2024:09:16
      time-hh-mm-ss: 11:43:21
      epoch-secs: 1726487001
      hostname: sc-runner
      sysname: Linux
      nodename: sc-runner
      release: 6.8.0-1014-azure
      version: '#16-Ubuntu SMP Thu Aug 15 21:06:50 UTC 2024'
      machine: aarch64
      compiler: 'musl-gcc 13.2.1'
      uptime: 294
      totalram: 33587556352
      freeram: 23394537472
      sharedram: 38248448
      bufferram: 245170176
      totalswap: 0
      freeswap: 0
      pagesize: 4096
      cpus: 16
      cpus-online: 16
      ticks-per-second: 100

metrics:
    - stressor: cpu
      bogo-ops: 577850
      bogo-ops-per-second-usr-sys-time: 1807.717536
      bogo-ops-per-second-real-time: 28892.400870
      wall-clock-time: 20.000069
      user-time: 319.644248
      system-time: 0.012993
      cpu-usage-per-instance: 99.892545
      max-rss: 1192

...
