BaselineInfo:
  WebDBID: -1
  TimeStamp: 20241219003632
Version:
  Major: 11
  Minor: 0
  Build: 1002
  SpecialBuildName: ""
  ptArchitecture: x86_64_linux
Results:
  Results Complete: true
  NumTestProcesses: 8
  CPU_INTEGER_MATH: 35888.488333333335
  CPU_FLOATINGPOINT_MATH: 26478.816804806622
  CPU_PRIME: 111.99862099386561
  CPU_SORTING: 20731.11491742498
  CPU_ENCRYPTION: 9240.1578282372957
  CPU_COMPRESSION: 165953.12610527597
  CPU_SINGLETHREAD: 2134.2215519948927
  CPU_PHYSICS: 1415.1315914028557
  CPU_MATRIX_MULT_SSE: 13875.819248227506
  CPU_mm: 1561.5589712749108
  CPU_sse: 6178.2407446516099
  CPU_fma: 20355.55293358054
  CPU_avx: 15093.664066450356
  CPU_avx512: 0
  m_CPU_enc_SHA: 13035591054.182898
  m_CPU_enc_AES: 8408618508.7478218
  m_CPU_enc_ECDSA: 7622813641.7745333
  ME_ALLOC_S: 3792.1958645284294
  ME_READ_S: 24225.576367187499
  ME_READ_L: 5556.99169921875
  ME_WRITE: 4723.60302734375
  ME_LARGE: 5153.5
  ME_LATENCY: 147.22406735757906
  ME_THREADED: 14665.030151367188
  SUMM_CPU: 14773.341915244397
  SUMM_ME: 1084.9277714739637
SystemInformation:
  OSName: Ubuntu 24.04.1 LTS
  Kernel: 6.8.0-31-generic
  Device: ""
  Processor: AMD EPYC 7542 32-Core Processor
  NumSockets: 1
  Manufacturer: AuthenticAMD
  NumCores: 8
  NumLogicals: 8
  CPUFrequency: 0
  Memory: 15946
  MemModuleInfo:
    iNumMemSticks: 1
    DIMM 1:
      manufacturer: QEMU
      modulePartNo: Not Specified
      memType: RAM
      size: 16
      clkspeed: 0
      moduleVoltage: 0
Checksum: 245038F8CDA2394C40DE079F2B15520BBD6BD879