BaselineInfo:
  WebDBID: -1
  TimeStamp: 20260404084627
Version:
  Major: 11
  Minor: 0
  Build: 1004
  SpecialBuildName: ""
  ptArchitecture: x86_64_linux
Results:
  Results Complete: true
  NumTestProcesses: 16
  CPU_INTEGER_MATH: 66965.992999999988
  CPU_FLOATINGPOINT_MATH: 34230.166781881599
  CPU_PRIME: 128.0667280856027
  CPU_SORTING: 34572.770058253176
  CPU_ENCRYPTION: 8449.4482820403737
  CPU_COMPRESSION: 244847.30543267581
  CPU_SINGLETHREAD: 2394.2383290167072
  CPU_PHYSICS: 1940.6335848451645
  CPU_MATRIX_MULT_SSE: 13993.014763358302
  CPU_mm: 1445.3650297418267
  CPU_sse: 6292.0864777345678
  CPU_fma: 17285.681669147434
  CPU_avx: 12899.407794823936
  CPU_avx512: 19494.883111727271
  m_CPU_enc_SHA: 2405315229.8437581
  m_CPU_enc_AES: 21986922169.510345
  m_CPU_enc_ECDSA: 2187428646.0121989
  ME_ALLOC_S: 7966.3170496265047
  ME_READ_S: 24064.734375
  ME_READ_L: 9731.7919921875
  ME_WRITE: 10317.166015625
  ME_LARGE: 7575.75
  ME_LATENCY: 54.177558468982227
  ME_THREADED: 60029.52490234375
  SUMM_CPU: 19335.858684158364
  SUMM_ME: 2276.6407419515062
SystemInformation:
  OSName: Ubuntu 24.04.4 LTS
  Kernel: 6.8.0-106-generic
  Device: ""
  Processor: Intel(R) Xeon(R) Platinum
  NumSockets: 1
  Manufacturer: GenuineIntel
  NumCores: 8
  NumLogicals: 16
  CPUFrequency: 0
  CPUMaxFrequency: 0
  Memory: 15066
  CPUInfo:
    number: 1
    Family: 6
    Model: 5
    stepping: 4
    features: 529267711
    manufacture: GenuineIntel
    typestring: Intel(R) Xeon(R) Platinum
    iCoresPerPackage: 8
    iThreadsPerPackage: 2
    featuresEx:
      - 529267711
      - 4294586883
      - 739248128
    bHybrid: false
    nPCore: 0
    nLogicalsPerPCore: 0
    nECore: 0
    nLogicalsPerECore: 0
  MemModuleInfo:
    iNumMemSticks: 1
    DIMM 1:
      manufacturer: Alibaba Cloud
      modulePartNo: Not Specified
      memType: RAM
      size: 16
      clkspeed: 0
      moduleVoltage: 0
Checksum: 7ABAD21C4FA0DD48B4800483A1D66CE40C900D2E