BaselineInfo:
  WebDBID: -1
  TimeStamp: 20241107101849
Version:
  Major: 11
  Minor: 0
  Build: 1002
  SpecialBuildName: ""
  ptArchitecture: x86_64_linux
Results:
  Results Complete: true
  NumTestProcesses: 4
  CPU_INTEGER_MATH: 16445.871999999999
  CPU_FLOATINGPOINT_MATH: 9118.255399754069
  CPU_PRIME: 36.428119934443529
  CPU_SORTING: 8858.8376376677843
  CPU_ENCRYPTION: 4247.8870421653983
  CPU_COMPRESSION: 61994.321612471715
  CPU_SINGLETHREAD: 2317.4207286810142
  CPU_PHYSICS: 745.13159916941163
  CPU_MATRIX_MULT_SSE: 3465.7718465826092
  CPU_mm: 439.69535178555662
  CPU_sse: 1861.644964978359
  CPU_fma: 4894.9583191571955
  CPU_avx: 3640.7122556122736
  CPU_avx512: 0
  m_CPU_enc_SHA: 6182784398.8026667
  m_CPU_enc_AES: 3964825672.2498493
  m_CPU_enc_ECDSA: 3215087138.3243599
  ME_ALLOC_S: 1598.1674489832526
  ME_READ_S: 21726.226953124999
  ME_READ_L: 13418.0732421875
  ME_WRITE: 13622.4248046875
  ME_LARGE: 22037
  ME_LATENCY: 75.734874902102604
  ME_THREADED: 32288.5078125
  SUMM_CPU: 6021.5311228416658
  SUMM_ME: 2030.5832643176277
SystemInformation:
  OSName: Ubuntu 24.04.1 LTS
  Kernel: 6.8.0-1015-gcp
  Device: ""
  Processor: AMD EPYC 7B13
  NumSockets: 1
  Manufacturer: AuthenticAMD
  NumCores: 2
  NumLogicals: 4
  CPUFrequency: 0
  Memory: 32094
  MemModuleInfo:
    iNumMemSticks: 2
    DIMM 1:
      manufacturer: ""
      modulePartNo: ""
      memType: RAM
      size: 16
      clkspeed: 0
      moduleVoltage: 0
    DIMM 2:
      manufacturer: ""
      modulePartNo: ""
      memType: RAM
      size: 16
      clkspeed: 0
      moduleVoltage: 0
Checksum: 5ED276DD93E81DB0BB9FA86BC661A8293BE16709