BaselineInfo:
  WebDBID: -1
  TimeStamp: 20250614094023
Version:
  Major: 11
  Minor: 0
  Build: 1002
  SpecialBuildName: ""
  ptArchitecture: x86_64_linux
Results:
  Results Complete: true
  NumTestProcesses: 12
  CPU_INTEGER_MATH: 56959.536999999989
  CPU_FLOATINGPOINT_MATH: 31871.405924641054
  CPU_PRIME: 106.23771008607781
  CPU_SORTING: 34136.816447138517
  CPU_ENCRYPTION: 14427.936736242029
  CPU_COMPRESSION: 232448.91047051884
  CPU_SINGLETHREAD: 2902.2561761133238
  CPU_PHYSICS: 1884.8598361249344
  CPU_MATRIX_MULT_SSE: 16411.398083145203
  CPU_mm: 1525.3847138917286
  CPU_sse: 6747.8544855504069
  CPU_fma: 21070.291296875112
  CPU_avx: 17389.4919687203
  CPU_avx512: 20437.954581434995
  m_CPU_enc_SHA: 20216369133.193817
  m_CPU_enc_AES: 13716415410.631187
  m_CPU_enc_ECDSA: 11453580029.600157
  ME_ALLOC_S: 5624.7727554797311
  ME_READ_S: 27854.234570312499
  ME_READ_L: 26340.583984375
  ME_WRITE: 25581.09765625
  ME_LARGE: 86961.333333333328
  ME_LATENCY: 79.490475405658515
  ME_THREADED: 38323.818359375
  SUMM_CPU: 20559.194610480117
  SUMM_ME: 2531.0616405639844
SystemInformation:
  OSName: Ubuntu 24.04.2 LTS
  Kernel: 6.11.0-1015-azure
  Device: ""
  Processor: AMD EPYC 9V74 80-Core Processor
  NumSockets: 1
  Manufacturer: AuthenticAMD
  NumCores: 6
  NumLogicals: 12
  CPUFrequency: 0
  Memory: 96560
  MemModuleInfo:
    iNumMemSticks: 3
    DIMM 1:
      manufacturer: Microsoft Corporation
      modulePartNo: None
      memType: Unknown
      size: 1
      clkspeed: 0
      moduleVoltage: 0
    DIMM 2:
      manufacturer: Microsoft Corporation
      modulePartNo: None
      memType: Unknown
      size: 59
      clkspeed: 0
      moduleVoltage: 0
    DIMM 3:
      manufacturer: Microsoft Corporation
      modulePartNo: None
      memType: Unknown
      size: 36
      clkspeed: 0
      moduleVoltage: 0
Checksum: D008972FE67ECA1BB3A7C61CED444FDD71BBA0F4