BaselineInfo:
  WebDBID: -1
  TimeStamp: 20241109085208
Version:
  Major: 11
  Minor: 0
  Build: 1002
  SpecialBuildName: ""
  ptArchitecture: x86_64_linux
Results:
  Results Complete: true
  NumTestProcesses: 16
  CPU_INTEGER_MATH: 66479.903333333335
  CPU_FLOATINGPOINT_MATH: 36518.880888826672
  CPU_PRIME: 100.25963412512428
  CPU_SORTING: 35474.990310507506
  CPU_ENCRYPTION: 17132.681676812892
  CPU_COMPRESSION: 255618.55819570358
  CPU_SINGLETHREAD: 2394.3853889026
  CPU_PHYSICS: 2015.7177557437221
  CPU_MATRIX_MULT_SSE: 14917.252603038498
  CPU_mm: 1797.0235876285162
  CPU_sse: 7640.7160166619569
  CPU_fma: 20832.511365648872
  CPU_avx: 16278.530426804658
  CPU_avx512: 0
  m_CPU_enc_SHA: 24834440976.318726
  m_CPU_enc_AES: 15881187315.62833
  m_CPU_enc_ECDSA: 13179128173.890202
  ME_ALLOC_S: 6967.7424066878193
  ME_READ_S: 24464.875781250001
  ME_READ_L: 20108.630859375
  ME_WRITE: 19486.283203125
  ME_LARGE: 505111
  ME_LATENCY: 62.769468743288108
  ME_THREADED: 39042.0126953125
  SUMM_CPU: 21610.617816927312
  SUMM_ME: 2737.154381836061
SystemInformation:
  OSName: Ubuntu 24.04.1 LTS
  Kernel: 6.8.0-1017-azure
  Device: ""
  Processor: AMD EPYC 7763 64-Core Processor
  NumSockets: 1
  Manufacturer: AuthenticAMD
  NumCores: 8
  NumLogicals: 16
  CPUFrequency: 0
  Memory: 515785
  MemModuleInfo:
    iNumMemSticks: 3
    DIMM 1:
      manufacturer: Microsoft Corporation
      modulePartNo: None
      memType: Unknown
      size: 1
      clkspeed: 0
      moduleVoltage: 0
    DIMM 2:
      manufacturer: Microsoft Corporation
      modulePartNo: None
      memType: Unknown
      size: 59
      clkspeed: 0
      moduleVoltage: 0
    DIMM 3:
      manufacturer: Microsoft Corporation
      modulePartNo: None
      memType: Unknown
      size: 452
      clkspeed: 0
      moduleVoltage: 0
Checksum: 9D757AC2A6154301ECD088BCA3AB8C9337E1DE7A