---
system-info:
      stress-ng-version: 0.17.08
      run-by: root
      date-yyyy-mm-dd: 2024:09:03
      time-hh-mm-ss: 03:45:10
      epoch-secs: 1725335110
      hostname: sc-runner
      sysname: Linux
      nodename: sc-runner
      release: 6.8.0-1013-azure
      version: '#15-Ubuntu SMP Thu Aug  8 18:40:40 UTC 2024'
      machine: x86_64
      compiler: 'musl-gcc 13.2.1'
      uptime: 405
      totalram: 8323653632
      freeram: 234209280
      sharedram: 57102336
      bufferram: 206237696
      totalswap: 0
      freeswap: 0
      pagesize: 4096
      cpus: 4
      cpus-online: 4
      ticks-per-second: 100

metrics:
    - stressor: cpu
      bogo-ops: 20580
      bogo-ops-per-second-usr-sys-time: 1029.003447
      bogo-ops-per-second-real-time: 1028.991254
      wall-clock-time: 20.000170
      user-time: 19.994920
      system-time: 0.005013
      cpu-usage-per-instance: 99.998815
      max-rss: 3152

...
