---
system-info:
      stress-ng-version: 0.17.08
      run-by: root
      date-yyyy-mm-dd: 2024:06:21
      time-hh-mm-ss: 07:25:22
      epoch-secs: 1718954722
      hostname: 5b187caf1e2a
      sysname: Linux
      nodename: 5b187caf1e2a
      release: 6.8.0-1008-gcp
      version: '#9-Ubuntu SMP Wed May 22 18:09:04 UTC 2024'
      machine: x86_64
      compiler: 'musl-gcc 13.2.1'
      uptime: 148
      totalram: 8322797568
      freeram: 3223175168
      sharedram: 36073472
      bufferram: 133525504
      totalswap: 0
      freeswap: 0
      pagesize: 4096
      cpus: 8
      cpus-online: 8
      ticks-per-second: 100

metrics:
    - stressor: cpu
      bogo-ops: 147896
      bogo-ops-per-second-usr-sys-time: 927.316741
      bogo-ops-per-second-real-time: 7394.756045
      wall-clock-time: 20.000119
      user-time: 159.472126
      system-time: 0.015990
      cpu-usage-per-instance: 99.679480
      max-rss: 1232

...
