---
system-info:
      stress-ng-version: 0.17.08
      run-by: root
      date-yyyy-mm-dd: 2024:06:15
      time-hh-mm-ss: 13:55:50
      epoch-secs: 1718459750
      hostname: 0592fe6e298e
      sysname: Linux
      nodename: 0592fe6e298e
      release: 6.8.0-1008-aws
      version: '#8-Ubuntu SMP Sat Apr 20 00:46:25 UTC 2024'
      machine: x86_64
      compiler: 'musl-gcc 13.2.1'
      uptime: 173
      totalram: 15981555712
      freeram: 11649896448
      sharedram: 27545600
      bufferram: 110702592
      totalswap: 0
      freeswap: 0
      pagesize: 4096
      cpus: 2
      cpus-online: 2
      ticks-per-second: 100

metrics:
    - stressor: cpu
      bogo-ops: 34390
      bogo-ops-per-second-usr-sys-time: 867.644896
      bogo-ops-per-second-real-time: 1719.486512
      wall-clock-time: 20.000157
      user-time: 39.633044
      system-time: 0.002987
      cpu-usage-per-instance: 99.089300
      max-rss: 1104

...
