---
system-info:
      stress-ng-version: 0.17.08
      run-by: root
      date-yyyy-mm-dd: 2024:06:09
      time-hh-mm-ss: 11:29:52
      epoch-secs: 1717932592
      hostname: b0354791626d
      sysname: Linux
      nodename: b0354791626d
      release: 6.8.0-1008-aws
      version: '#8-Ubuntu SMP Sat Apr 20 00:46:25 UTC 2024'
      machine: x86_64
      compiler: 'musl-gcc 13.2.1'
      uptime: 174
      totalram: 15981555712
      freeram: 11533500416
      sharedram: 27545600
      bufferram: 109162496
      totalswap: 0
      freeswap: 0
      pagesize: 4096
      cpus: 2
      cpus-online: 2
      ticks-per-second: 100

metrics:
    - stressor: cpu
      bogo-ops: 20812
      bogo-ops-per-second-usr-sys-time: 1053.951350
      bogo-ops-per-second-real-time: 2081.021409
      wall-clock-time: 10.000858
      user-time: 19.742694
      system-time: 0.003948
      cpu-usage-per-instance: 98.724738
      max-rss: 4024

...
