BaselineInfo:
  WebDBID: -1
  TimeStamp: 20250228155345
Version:
  Major: 11
  Minor: 0
  Build: 1002
  SpecialBuildName: ""
  ptArchitecture: x86_64_linux
Results:
  Results Complete: true
  NumTestProcesses: 4
  CPU_INTEGER_MATH: 18974.821
  CPU_FLOATINGPOINT_MATH: 13811.844211890237
  CPU_PRIME: 65.668720582790172
  CPU_SORTING: 11330.960246204038
  CPU_ENCRYPTION: 4622.1416294161781
  CPU_COMPRESSION: 84025.323589496023
  CPU_SINGLETHREAD: 2174.3174727014057
  CPU_PHYSICS: 1085.1022941262379
  CPU_MATRIX_MULT_SSE: 6997.5932505686187
  CPU_mm: 803.78796350043956
  CPU_sse: 3210.1354089535103
  CPU_fma: 10504.297338033044
  CPU_avx: 7278.3470047193059
  CPU_avx512: 0
  m_CPU_enc_SHA: 6541260001.5714054
  m_CPU_enc_AES: 4209972505.2167921
  m_CPU_enc_ECDSA: 3788767836.8318977
  ME_ALLOC_S: 2131.1819314765557
  ME_READ_S: 24876.165429687499
  ME_READ_L: 7311.0439453125
  ME_WRITE: 7395.0126953125
  ME_LARGE: 36982.75
  ME_LATENCY: 113.85956622646354
  ME_THREADED: 27798.17578125
  SUMM_CPU: 8168.9683331256747
  SUMM_ME: 1496.7194307273739
SystemInformation:
  OSName: Ubuntu 24.04.1 LTS
  Kernel: 6.8.0-31-generic
  Device: ""
  Processor: AMD EPYC 7542 32-Core Processor
  NumSockets: 1
  Manufacturer: AuthenticAMD
  NumCores: 4
  NumLogicals: 4
  CPUFrequency: 0
  Memory: 48130
  MemModuleInfo:
    iNumMemSticks: 3
    DIMM 1:
      manufacturer: QEMU
      modulePartNo: Not Specified
      memType: RAM
      size: 16
      clkspeed: 0
      moduleVoltage: 0
    DIMM 2:
      manufacturer: QEMU
      modulePartNo: Not Specified
      memType: RAM
      size: 16
      clkspeed: 0
      moduleVoltage: 0
    DIMM 3:
      manufacturer: QEMU
      modulePartNo: Not Specified
      memType: RAM
      size: 16
      clkspeed: 0
      moduleVoltage: 0
Checksum: ED7BEFFADC6C09F1CEF23D02336AE844E5E22918