BaselineInfo:
  WebDBID: -1
  TimeStamp: 20260617234419
Version:
  Major: 11
  Minor: 0
  Build: 1004
  SpecialBuildName: ""
  ptArchitecture: x86_64_linux
Results:
  Results Complete: true
  NumTestProcesses: 32
  CPU_INTEGER_MATH: 107288.71533333334
  CPU_FLOATINGPOINT_MATH: 63996.031666870527
  CPU_PRIME: 135.29014442027739
  CPU_SORTING: 48499.567462909123
  CPU_ENCRYPTION: 33673.877907063652
  CPU_COMPRESSION: 466555.42411132064
  CPU_SINGLETHREAD: 2120.4378926641721
  CPU_PHYSICS: 1714.35429666046
  CPU_MATRIX_MULT_SSE: 27394.974998531281
  CPU_mm: 3036.5095918103848
  CPU_sse: 12535.964801469494
  CPU_fma: 39561.690005757482
  CPU_avx: 30087.270188366831
  CPU_avx512: 0
  m_CPU_enc_SHA: 47790083919.565285
  m_CPU_enc_AES: 32709425800.929295
  m_CPU_enc_ECDSA: 25429350880.336941
  ME_ALLOC_S: 8867.4889029714832
  ME_READ_S: 24429.472851562499
  ME_READ_L: 11951.541015625
  ME_WRITE: 11399.2197265625
  ME_LARGE: 52650.083333333336
  ME_LATENCY: 52.743101325475912
  ME_THREADED: 38085.16552734375
  SUMM_CPU: 31611.762048640066
  SUMM_ME: 2583.6731513882473
SystemInformation:
  OSName: Ubuntu 24.04.4 LTS
  Kernel: 6.8.0-117-generic
  Device: ""
  Processor: "AMD EPYC 7H12 64-Core Processor                "
  NumSockets: 1
  Manufacturer: AuthenticAMD
  NumCores: 16
  NumLogicals: 32
  CPUFrequency: 7
  CPUMaxFrequency: 832
  Memory: 61878
  CPUInfo:
    number: 1
    Family: 15
    Model: 1
    stepping: 0
    features: 395049983
    manufacture: AuthenticAMD
    typestring: "AMD EPYC 7H12 64-Core Processor                "
    iCoresPerPackage: 16
    iThreadsPerPackage: 2
    featuresEx:
      - 395049983
      - 4277678595
      - 776996864
    bHybrid: false
    nPCore: 0
    nLogicalsPerPCore: 0
    nECore: 0
    nLogicalsPerECore: 0
  MemModuleInfo:
    iNumMemSticks: 4
    DIMM 1:
      manufacturer: Alibaba Cloud
      modulePartNo: Not Specified
      memType: RAM
      size: 16
      clkspeed: 0
      moduleVoltage: 0
    DIMM 2:
      manufacturer: Alibaba Cloud
      modulePartNo: Not Specified
      memType: RAM
      size: 16
      clkspeed: 0
      moduleVoltage: 0
    DIMM 3:
      manufacturer: Alibaba Cloud
      modulePartNo: Not Specified
      memType: RAM
      size: 16
      clkspeed: 0
      moduleVoltage: 0
    DIMM 4:
      manufacturer: Alibaba Cloud
      modulePartNo: Not Specified
      memType: RAM
      size: 16
      clkspeed: 0
      moduleVoltage: 0
Checksum: EE8809F93EE3AEE3361DD9FAFC1733EACDDB6112