---
system-info:
      stress-ng-version: 0.17.08
      run-by: root
      date-yyyy-mm-dd: 2024:06:09
      time-hh-mm-ss: 14:17:52
      epoch-secs: 1717942672
      hostname: ab4de727ccbd
      sysname: Linux
      nodename: ab4de727ccbd
      release: 6.8.0-1008-aws
      version: '#8-Ubuntu SMP Sat Apr 20 00:46:25 UTC 2024'
      machine: x86_64
      compiler: 'musl-gcc 13.2.1'
      uptime: 119
      totalram: 401274114048
      freeram: 396444905472
      sharedram: 41127936
      bufferram: 108384256
      totalswap: 0
      freeswap: 0
      pagesize: 4096
      cpus: 48
      cpus-online: 48
      ticks-per-second: 100

metrics:
    - stressor: cpu
      bogo-ops: 479782
      bogo-ops-per-second-usr-sys-time: 1000.215932
      bogo-ops-per-second-real-time: 47969.954022
      wall-clock-time: 10.001719
      user-time: 479.615449
      system-time: 0.062973
      cpu-usage-per-instance: 99.915829
      max-rss: 3840

...
