---
system-info:
      stress-ng-version: 0.17.08
      run-by: root
      date-yyyy-mm-dd: 2024:06:15
      time-hh-mm-ss: 16:42:35
      epoch-secs: 1718469755
      hostname: 204b9ad60cd3
      sysname: Linux
      nodename: 204b9ad60cd3
      release: 6.8.0-1008-aws
      version: '#8-Ubuntu SMP Sat Apr 20 00:46:25 UTC 2024'
      machine: x86_64
      compiler: 'musl-gcc 13.2.1'
      uptime: 129
      totalram: 401274118144
      freeram: 396570492928
      sharedram: 41127936
      bufferram: 108658688
      totalswap: 0
      freeswap: 0
      pagesize: 4096
      cpus: 48
      cpus-online: 48
      ticks-per-second: 100

metrics:
    - stressor: cpu
      bogo-ops: 811441
      bogo-ops-per-second-usr-sys-time: 845.702048
      bogo-ops-per-second-real-time: 40571.867521
      wall-clock-time: 20.000090
      user-time: 959.456061
      system-time: 0.031978
      cpu-usage-per-instance: 99.946221
      max-rss: 1152

...
