BaselineInfo:
  WebDBID: -1
  TimeStamp: 20250630174831
Version:
  Major: 11
  Minor: 0
  Build: 1002
  SpecialBuildName: ""
  ptArchitecture: aarch64_linux
Results:
  Results Complete: true
  NumTestProcesses: 1
  CPU_INTEGER_MATH: 5186.2896666666666
  CPU_FLOATINGPOINT_MATH: 6021.3419167047705
  CPU_PRIME: 17.487567240974286
  CPU_SORTING: 4564.9091992724298
  CPU_ENCRYPTION: 184.88247690175891
  CPU_COMPRESSION: 6381.1424687145782
  CPU_SINGLETHREAD: 1846.9864525133071
  CPU_PHYSICS: 339.4859584558053
  CPU_MATRIX_MULT_SSE: 915.21983552225311
  CPU_mm: 112.62672264684352
  CPU_sse: 720.68389848034008
  CPU_fma: 1109.7557725641661
  CPU_avx: 0
  CPU_avx512: 0
  m_CPU_enc_SHA: 292522929.61524791
  m_CPU_enc_AES: 106789306.11371335
  m_CPU_enc_ECDSA: 182277748.57025507
  ME_ALLOC_S: 1512.2243334961686
  ME_READ_S: 20035.082812500001
  ME_READ_L: 19346.025390625
  ME_WRITE: 21021.77734375
  ME_LARGE: 531.33333333333337
  ME_LATENCY: 45.682057689778922
  ME_THREADED: 19363.4921875
  SUMM_CPU: 988.36802321137407
  SUMM_ME: 1003.743852336777
SystemInformation:
  OSName: Ubuntu 24.04.2 LTS
  Kernel: 6.8.0-1030-aws
  Device: ""
  Processor: ARM Neoverse-V2 1 Core 0 MHz
  NumSockets: 1
  Manufacturer: ARM
  NumCores: 1
  NumLogicals: 1
  CPUFrequency: 0
  Memory: 1830
Checksum: 4FDE83AE1E511C6C61160EF2DC5AF433BA3A194F