BaselineInfo:
  WebDBID: -1
  TimeStamp: 20260624184223
Version:
  Major: 11
  Minor: 0
  Build: 1004
  SpecialBuildName: ""
  ptArchitecture: x86_64_linux
Results:
  Results Complete: true
  NumTestProcesses: 4
  CPU_INTEGER_MATH: 18355.417000000001
  CPU_FLOATINGPOINT_MATH: 12941.400141537455
  CPU_PRIME: 37.585138823711517
  CPU_SORTING: 9308.4814160359492
  CPU_ENCRYPTION: 4036.2994358767082
  CPU_COMPRESSION: 68689.563410032148
  CPU_SINGLETHREAD: 2817.1503786989201
  CPU_PHYSICS: 911.20493381721053
  CPU_MATRIX_MULT_SSE: 5258.831302150702
  CPU_mm: 515.30452952661426
  CPU_sse: 2209.6125914177333
  CPU_fma: 6017.6183604927537
  CPU_avx: 4432.701113211413
  CPU_avx512: 8375.3931434809074
  m_CPU_enc_SHA: 4247865762.4048862
  m_CPU_enc_AES: 5512015526.6785374
  m_CPU_enc_ECDSA: 2937218862.7381415
  ME_ALLOC_S: 2553.1995074792876
  ME_READ_S: 25015.886132812499
  ME_READ_L: 9441.8330078125
  ME_WRITE: 8645.5810546875
  ME_LARGE: 7791.333333333333
  ME_LATENCY: 71.495783784298212
  ME_THREADED: 28099.083984375
  SUMM_CPU: 7079.4538393216008
  SUMM_ME: 1869.1971957622422
SystemInformation:
  OSName: Ubuntu 24.04.4 LTS
  Kernel: 6.17.0-1018-azure
  Device: ""
  Processor: INTEL(R) XEON(R) PLATINUM 8573C
  NumSockets: 1
  Manufacturer: GenuineIntel
  NumCores: 2
  NumLogicals: 4
  CPUFrequency: 2300
  CPUMaxFrequency: 2300
  Memory: 15988
  CPUInfo:
    number: 1
    Family: 6
    Model: 15
    stepping: 2
    features: 529267711
    manufacture: GenuineIntel
    typestring: INTEL(R) XEON(R) PLATINUM 8573C
    iCoresPerPackage: 2
    iThreadsPerPackage: 2
    featuresEx:
      - 529267711
      - 4294586915
      - 739248128
    bHybrid: false
    nPCore: 0
    nLogicalsPerPCore: 0
    nECore: 0
    nLogicalsPerECore: 0
  MemModuleInfo:
    iNumMemSticks: 2
    DIMM 1:
      manufacturer: Microsoft Corporation
      modulePartNo: None
      memType: Unknown
      size: 1
      clkspeed: 0
      moduleVoltage: 0
    DIMM 2:
      manufacturer: Microsoft Corporation
      modulePartNo: None
      memType: Unknown
      size: 15
      clkspeed: 0
      moduleVoltage: 0
Checksum: CB5203B46DFDE20F51F88E9A2153E958C730511A