BaselineInfo:
  WebDBID: -1
  TimeStamp: 20260407091937
Version:
  Major: 11
  Minor: 0
  Build: 1004
  SpecialBuildName: ""
  ptArchitecture: x86_64_linux
Results:
  Results Complete: true
  NumTestProcesses: 4
  CPU_INTEGER_MATH: 12762.960000000001
  CPU_FLOATINGPOINT_MATH: 9701.1435450856334
  CPU_PRIME: 41.280953605983363
  CPU_SORTING: 8799.3832685871766
  CPU_ENCRYPTION: 1641.7978366299872
  CPU_COMPRESSION: 67422.543506860806
  CPU_SINGLETHREAD: 1676.4050019201729
  CPU_PHYSICS: 583.26155197656635
  CPU_MATRIX_MULT_SSE: 5283.0176658434475
  CPU_mm: 580.21834659132696
  CPU_sse: 2158.7877983793605
  CPU_fma: 7304.2029162538611
  CPU_avx: 4933.7738001652733
  CPU_avx512: 6735.3061485752951
  m_CPU_enc_SHA: 885520271.54571414
  m_CPU_enc_AES: 3487525739.3408432
  m_CPU_enc_ECDSA: 791603414.13981879
  ME_ALLOC_S: 1058.9724225720747
  ME_READ_S: 19414.279296875
  ME_READ_L: 6106.8779296875
  ME_WRITE: 6707.1240234375
  ME_LARGE: 1615
  ME_LATENCY: 81.301371728940566
  ME_THREADED: 20505.1787109375
  SUMM_CPU: 5186.0727520842975
  SUMM_ME: 1169.7851793924481
SystemInformation:
  OSName: Ubuntu 24.04.4 LTS
  Kernel: 6.8.0-106-generic
  Device: ""
  Processor: Intel(R) Xeon(R) Platinum 8163 CPU @ 2.50GHz
  NumSockets: 1
  Manufacturer: GenuineIntel
  NumCores: 2
  NumLogicals: 4
  CPUFrequency: 2500
  CPUMaxFrequency: 3100
  Memory: 7555
  CPUInfo:
    number: 1
    Family: 6
    Model: 5
    stepping: 4
    features: 529267711
    manufacture: GenuineIntel
    typestring: Intel(R) Xeon(R) Platinum 8163 CPU @ 2.50GHz
    iCoresPerPackage: 2
    iThreadsPerPackage: 2
    featuresEx:
      - 529267711
      - 4294586883
      - 739248128
    bHybrid: false
    nPCore: 0
    nLogicalsPerPCore: 0
    nECore: 0
    nLogicalsPerECore: 0
  MemModuleInfo:
    iNumMemSticks: 1
    DIMM 1:
      manufacturer: Alibaba Cloud
      modulePartNo: Not Specified
      memType: RAM
      size: 8
      clkspeed: 0
      moduleVoltage: 0
Checksum: 56DA09D4F096C29EABC5EA8FAA3095D7B0E53B66