BaselineInfo:
  WebDBID: -1
  TimeStamp: 20241109045502
Version:
  Major: 11
  Minor: 0
  Build: 1002
  SpecialBuildName: ""
  ptArchitecture: x86_64_linux
Results:
  Results Complete: true
  NumTestProcesses: 48
  CPU_INTEGER_MATH: 158444.78333333327
  CPU_FLOATINGPOINT_MATH: 84873.174294518307
  CPU_PRIME: 174.80734418429037
  CPU_SORTING: 76207.525735318355
  CPU_ENCRYPTION: 20782.358998424534
  CPU_COMPRESSION: 673330.83635463763
  CPU_SINGLETHREAD: 2190.375136741683
  CPU_PHYSICS: 2595.8392277224411
  CPU_MATRIX_MULT_SSE: 41974.013681165263
  CPU_mm: 4513.1744700540485
  CPU_sse: 15862.470199538808
  CPU_fma: 50472.948622411415
  CPU_avx: 35723.03507398763
  CPU_avx512: 65837.600828723211
  m_CPU_enc_SHA: 6952194173.2292652
  m_CPU_enc_AES: 52233819245.089546
  m_CPU_enc_ECDSA: 6189635189.0772095
  ME_ALLOC_S: 17030.670196145358
  ME_READ_S: 26184.042382812499
  ME_READ_L: 10575.798828125
  ME_WRITE: 10232.26171875
  ME_LARGE: 82783
  ME_LATENCY: 51.154225499909522
  ME_THREADED: 123759.650390625
  SUMM_CPU: 38880.637147110545
  SUMM_ME: 2735.5699142766284
SystemInformation:
  OSName: Ubuntu 24.04.1 LTS
  Kernel: 6.8.0-1016-aws
  Device: ""
  Processor: Intel Xeon Platinum 8275CL CPU @ 3.00GHz
  NumSockets: 1
  Manufacturer: GenuineIntel
  NumCores: 24
  NumLogicals: 48
  CPUFrequency: 0
  Memory: 94492
  MemModuleInfo:
    iNumMemSticks: 1
    DIMM 1:
      manufacturer: Not Specified
      modulePartNo: Not Specified
      memType: DDR4
      size: 96
      clkspeed: 1600
      moduleVoltage: 0
Checksum: EB9C8811680F0B735A30AA23BA90FEE8787DF4DD