BaselineInfo:
  WebDBID: -1
  TimeStamp: 20260615152757
Version:
  Major: 11
  Minor: 0
  Build: 1004
  SpecialBuildName: ""
  ptArchitecture: x86_64_linux
Results:
  Results Complete: true
  NumTestProcesses: 4
  CPU_INTEGER_MATH: 17644.825333333334
  CPU_FLOATINGPOINT_MATH: 12883.349622733429
  CPU_PRIME: 28.022525057102012
  CPU_SORTING: 8404.4339455054942
  CPU_ENCRYPTION: 3693.8779873677036
  CPU_COMPRESSION: 60585.170862985884
  CPU_SINGLETHREAD: 1822.2293254812862
  CPU_PHYSICS: 578.12203496485938
  CPU_MATRIX_MULT_SSE: 5051.535789347412
  CPU_mm: 592.94640710089061
  CPU_sse: 2507.124133598455
  CPU_fma: 7578.6464598134817
  CPU_avx: 5068.836774630302
  CPU_avx512: 0
  m_CPU_enc_SHA: 5316881703.3606091
  m_CPU_enc_AES: 3390323310.9018221
  m_CPU_enc_ECDSA: 2912730399.1838007
  ME_ALLOC_S: 919.74135060996832
  ME_READ_S: 15318.76220703125
  ME_READ_L: 6233.533203125
  ME_WRITE: 5612.994140625
  ME_LARGE: 3871.75
  ME_LATENCY: 193.75756774960539
  ME_THREADED: 12785.338134765625
  SUMM_CPU: 6343.771134554454
  SUMM_ME: 870.44348916774129
SystemInformation:
  OSName: Ubuntu 24.04.4 LTS
  Kernel: 6.8.0-124-generic
  Device: ""
  Processor: AMD EPYC-Rome Processor
  NumSockets: 1
  Manufacturer: AuthenticAMD
  NumCores: 2
  NumLogicals: 4
  CPUFrequency: 0
  CPUMaxFrequency: 0
  Memory: 7935
  CPUInfo:
    number: 1
    Family: 15
    Model: 1
    stepping: 0
    features: 395049983
    manufacture: AuthenticAMD
    typestring: AMD EPYC-Rome Processor
    iCoresPerPackage: 2
    iThreadsPerPackage: 2
    featuresEx:
      - 395049983
      - 4277678595
      - 802421759
    bHybrid: false
    nPCore: 0
    nLogicalsPerPCore: 0
    nECore: 0
    nLogicalsPerECore: 0
  MemModuleInfo:
    iNumMemSticks: 1
    DIMM 1:
      manufacturer: QEMU
      modulePartNo: Not Specified
      memType: RAM
      size: 8
      clkspeed: 0
      moduleVoltage: 0
Checksum: 489EB2B9568C04079F50D683706B52DBBED6AFF2