BaselineInfo:
  WebDBID: -1
  TimeStamp: 20260612163707
Version:
  Major: 11
  Minor: 0
  Build: 1004
  SpecialBuildName: ""
  ptArchitecture: x86_64_linux
Results:
  Results Complete: true
  NumTestProcesses: 8
  CPU_INTEGER_MATH: 51180.042333333338
  CPU_FLOATINGPOINT_MATH: 31204.267599546896
  CPU_PRIME: 123.08571400476089
  CPU_SORTING: 24891.058153781734
  CPU_ENCRYPTION: 10255.640814148273
  CPU_COMPRESSION: 194987.34747081567
  CPU_SINGLETHREAD: 3620.5382537229766
  CPU_PHYSICS: 2094.3433764196134
  CPU_MATRIX_MULT_SSE: 15608.651003638925
  CPU_mm: 1480.228693936308
  CPU_sse: 5515.703431730798
  CPU_fma: 16752.81534936923
  CPU_avx: 16470.938580255548
  CPU_avx512: 23695.146653200125
  m_CPU_enc_SHA: 12889336612.570721
  m_CPU_enc_AES: 10558473028.146969
  m_CPU_enc_ECDSA: 8813646826.2913342
  ME_ALLOC_S: 5604.0764771830227
  ME_READ_S: 32652.985742187499
  ME_READ_L: 30626.3125
  ME_WRITE: 31373.31640625
  ME_LARGE: 55913.333333333336
  ME_LATENCY: 81.756001713098229
  ME_THREADED: 72357.009765625
  SUMM_CPU: 18458.783323392112
  SUMM_ME: 2686.7070068513785
SystemInformation:
  OSName: Ubuntu 24.04.4 LTS
  Kernel: 6.8.0-124-generic
  Device: ""
  Processor: AMD EPYC-Turin Processor
  NumSockets: 1
  Manufacturer: AuthenticAMD
  NumCores: 4
  NumLogicals: 8
  CPUFrequency: 0
  CPUMaxFrequency: 0
  Memory: 64296
  CPUInfo:
    number: 1
    Family: 15
    Model: 0
    stepping: 0
    features: 395049983
    manufacture: AuthenticAMD
    typestring: AMD EPYC-Turin Processor
    iCoresPerPackage: 4
    iThreadsPerPackage: 2
    featuresEx:
      - 395049983
      - 4277809667
      - 802421759
    bHybrid: false
    nPCore: 0
    nLogicalsPerPCore: 0
    nECore: 0
    nLogicalsPerECore: 0
  MemModuleInfo:
    iNumMemSticks: 1
    DIMM 1:
      manufacturer: QEMU
      modulePartNo: Not Specified
      memType: RAM
      size: 64
      clkspeed: 0
      moduleVoltage: 0
Checksum: B0A5E613B147A8EACC7387301DF6F803EC59B1DA