---
system-info:
      stress-ng-version: 0.17.08
      run-by: root
      date-yyyy-mm-dd: 2024:07:03
      time-hh-mm-ss: 17:58:11
      epoch-secs: 1720029491
      hostname: a2-megagpu-16g-4a7a286
      sysname: Linux
      nodename: a2-megagpu-16g-4a7a286
      release: 6.8.0-1009-gcp
      version: '#10-Ubuntu SMP Wed Jun 12 18:52:23 UTC 2024'
      machine: x86_64
      compiler: 'musl-gcc 13.2.1'
      uptime: 303
      totalram: 1437314379776
      freeram: 1427361464320
      sharedram: 82767872
      bufferram: 126545920
      totalswap: 0
      freeswap: 0
      pagesize: 4096
      cpus: 96
      cpus-online: 96
      ticks-per-second: 100

metrics:
    - stressor: cpu
      bogo-ops: 24000
      bogo-ops-per-second-usr-sys-time: 1200.160221
      bogo-ops-per-second-real-time: 1199.992333
      wall-clock-time: 20.000128
      user-time: 19.996330
      system-time: 0.001000
      cpu-usage-per-instance: 99.986011
      max-rss: 768

...
