BaselineInfo:
  WebDBID: -1
  TimeStamp: 20241108065937
Version:
  Major: 11
  Minor: 0
  Build: 1002
  SpecialBuildName: ""
  ptArchitecture: x86_64_linux
Results:
  Results Complete: true
  NumTestProcesses: 16
  CPU_INTEGER_MATH: 70760.777333333332
  CPU_FLOATINGPOINT_MATH: 40532.964862074929
  CPU_PRIME: 121.75353707909157
  CPU_SORTING: 38074.081986143858
  CPU_ENCRYPTION: 17921.35749388317
  CPU_COMPRESSION: 287609.71504502842
  CPU_SINGLETHREAD: 2689.9529633835518
  CPU_PHYSICS: 2180.0572007468868
  CPU_MATRIX_MULT_SSE: 20385.662653750202
  CPU_mm: 1906.3944451356842
  CPU_sse: 8356.8893458460425
  CPU_fma: 26146.28496579584
  CPU_avx: 21534.0493795207
  CPU_avx512: 25505.426923838197
  m_CPU_enc_SHA: 24949483371.534271
  m_CPU_enc_AES: 17035262537.595854
  m_CPU_enc_ECDSA: 14390970157.387981
  ME_ALLOC_S: 7182.0603192604667
  ME_READ_S: 25774.846874999999
  ME_READ_L: 24962.798828125
  ME_WRITE: 18607.60546875
  ME_LARGE: 53956.833333333336
  ME_LATENCY: 68.626748593891236
  ME_THREADED: 38450.1611328125
  SUMM_CPU: 24357.00857687739
  SUMM_ME: 2648.9321857026603
SystemInformation:
  OSName: Ubuntu 24.04.1 LTS
  Kernel: 6.8.0-1015-gcp
  Device: ""
  Processor: AMD EPYC 9B14
  NumSockets: 1
  Manufacturer: AuthenticAMD
  NumCores: 8
  NumLogicals: 16
  CPUFrequency: 0
  Memory: 64298
  MemModuleInfo:
    iNumMemSticks: 4
    DIMM 1:
      manufacturer: ""
      modulePartNo: ""
      memType: RAM
      size: 16
      clkspeed: 0
      moduleVoltage: 0
    DIMM 2:
      manufacturer: ""
      modulePartNo: ""
      memType: RAM
      size: 16
      clkspeed: 0
      moduleVoltage: 0
    DIMM 3:
      manufacturer: ""
      modulePartNo: ""
      memType: RAM
      size: 16
      clkspeed: 0
      moduleVoltage: 0
    DIMM 4:
      manufacturer: ""
      modulePartNo: ""
      memType: RAM
      size: 16
      clkspeed: 0
      moduleVoltage: 0
Checksum: 869E52544FCE4F461EBEC49B4BEDDDEA8548C295