BaselineInfo:
  WebDBID: -1
  TimeStamp: 20260404224907
Version:
  Major: 11
  Minor: 0
  Build: 1004
  SpecialBuildName: ""
  ptArchitecture: x86_64_linux
Results:
  Results Complete: true
  NumTestProcesses: 16
  CPU_INTEGER_MATH: 48241.42333333334
  CPU_FLOATINGPOINT_MATH: 25868.113017403943
  CPU_PRIME: 63.190933775073148
  CPU_SORTING: 29065.302989562944
  CPU_ENCRYPTION: 6663.9644805172275
  CPU_COMPRESSION: 223021.14785631961
  CPU_SINGLETHREAD: 2061.3257974637777
  CPU_PHYSICS: 1224.0560736263726
  CPU_MATRIX_MULT_SSE: 13059.863847677567
  CPU_mm: 1466.1385015887643
  CPU_sse: 5269.4553570572716
  CPU_fma: 16814.432026397204
  CPU_avx: 11887.24594834962
  CPU_avx512: 18268.322058906168
  m_CPU_enc_SHA: 2177387847.3763866
  m_CPU_enc_AES: 16809275303.613173
  m_CPU_enc_ECDSA: 1976356506.3789399
  ME_ALLOC_S: 4805.4988246403018
  ME_READ_S: 23504.735156250001
  ME_READ_L: 6729.916015625
  ME_WRITE: 7291.8408203125
  ME_LARGE: 50613.583333333336
  ME_LATENCY: 77.267411826484533
  ME_THREADED: 67766.36181640625
  SUMM_CPU: 15344.859560661014
  SUMM_ME: 1872.4590091136729
SystemInformation:
  OSName: Ubuntu 24.04.4 LTS
  Kernel: 6.8.0-106-generic
  Device: ""
  Processor: Intel(R) Xeon(R) Gold 6149 CPU @ 3.10GHz
  NumSockets: 1
  Manufacturer: GenuineIntel
  NumCores: 8
  NumLogicals: 16
  CPUFrequency: 3100
  CPUMaxFrequency: 3400
  Memory: 63787
  CPUInfo:
    number: 1
    Family: 6
    Model: 5
    stepping: 4
    features: 529267711
    manufacture: GenuineIntel
    typestring: Intel(R) Xeon(R) Gold 6149 CPU @ 3.10GHz
    iCoresPerPackage: 8
    iThreadsPerPackage: 2
    featuresEx:
      - 529267711
      - 4294586883
      - 739248128
    bHybrid: false
    nPCore: 0
    nLogicalsPerPCore: 0
    nECore: 0
    nLogicalsPerECore: 0
  MemModuleInfo:
    iNumMemSticks: 4
    DIMM 1:
      manufacturer: Alibaba Cloud
      modulePartNo: Not Specified
      memType: RAM
      size: 16
      clkspeed: 0
      moduleVoltage: 0
    DIMM 2:
      manufacturer: Alibaba Cloud
      modulePartNo: Not Specified
      memType: RAM
      size: 16
      clkspeed: 0
      moduleVoltage: 0
    DIMM 3:
      manufacturer: Alibaba Cloud
      modulePartNo: Not Specified
      memType: RAM
      size: 16
      clkspeed: 0
      moduleVoltage: 0
    DIMM 4:
      manufacturer: Alibaba Cloud
      modulePartNo: Not Specified
      memType: RAM
      size: 16
      clkspeed: 0
      moduleVoltage: 0
Checksum: A5E83713CC5787D2B91D283F53DC8D0B92348F47