BaselineInfo:
  WebDBID: -1
  TimeStamp: 20250422061928
Version:
  Major: 11
  Minor: 0
  Build: 1002
  SpecialBuildName: ""
  ptArchitecture: aarch64_linux
Results:
  Results Complete: true
  NumTestProcesses: 64
  CPU_INTEGER_MATH: 333924.38366666669
  CPU_FLOATINGPOINT_MATH: 387918.67606232868
  CPU_PRIME: 688.69315510903175
  CPU_SORTING: 292142.59729084896
  CPU_ENCRYPTION: 12102.134771368746
  CPU_COMPRESSION: 425197.93733831414
  CPU_SINGLETHREAD: 1942.4769840572167
  CPU_PHYSICS: 16140.439899153434
  CPU_MATRIX_MULT_SSE: 56296.31459885907
  CPU_mm: 7296.4676890879728
  CPU_sse: 44259.20824418954
  CPU_fma: 68333.420953528621
  CPU_avx: 0
  CPU_avx512: 0
  m_CPU_enc_SHA: 19013663788.810104
  m_CPU_enc_AES: 6875261893.2788754
  m_CPU_enc_ECDSA: 12181098527.979294
  ME_ALLOC_S: 47460.986823924068
  ME_READ_S: 20700.220117187499
  ME_READ_L: 20212.341796875
  ME_WRITE: 21295.146484375
  ME_LARGE: 240863.5
  ME_LATENCY: 46.886508415108132
  ME_THREADED: 503531.1962890625
  SUMM_CPU: 44130.128988461562
  SUMM_ME: 3370.5426130850065
SystemInformation:
  OSName: Ubuntu 24.04.2 LTS
  Kernel: 6.8.0-1027-aws
  Device: ""
  Processor: ARM Neoverse-V2 64 Core 0 MHz
  NumSockets: 1
  Manufacturer: ARM
  NumCores: 64
  NumLogicals: 64
  CPUFrequency: 0
  Memory: 253157
Checksum: F3A4C84C8E064490CA8FB405760AC6DAAB40FE8D