BaselineInfo:
  WebDBID: -1
  TimeStamp: 20241125130116
Version:
  Major: 11
  Minor: 0
  Build: 1002
  SpecialBuildName: ""
  ptArchitecture: x86_64_linux
Results:
  Results Complete: true
  NumTestProcesses: 2
  CPU_INTEGER_MATH: 9438.6926666666659
  CPU_FLOATINGPOINT_MATH: 5282.9122226515228
  CPU_PRIME: 23.994880091496285
  CPU_SORTING: 5807.7563614347473
  CPU_ENCRYPTION: 2392.2060766637633
  CPU_COMPRESSION: 39779.335402247161
  CPU_SINGLETHREAD: 2844.3081535912647
  CPU_PHYSICS: 488.84818003339507
  CPU_MATRIX_MULT_SSE: 2608.0551413127532
  CPU_mm: 253.17097494209605
  CPU_sse: 1099.0840896228542
  CPU_fma: 3485.1228211002417
  CPU_avx: 2874.1485533320679
  CPU_avx512: 2973.8651011958505
  m_CPU_enc_SHA: 3350626604.692277
  m_CPU_enc_AES: 2269913557.4572735
  m_CPU_enc_ECDSA: 1904689474.9817963
  ME_ALLOC_S: 1046.7002458920513
  ME_READ_S: 27626.514843749999
  ME_READ_L: 27284.9140625
  ME_WRITE: 26534.7734375
  ME_LARGE: 5238
  ME_LATENCY: 76.22567211353028
  ME_THREADED: 27568.0068359375
  SUMM_CPU: 3831.3098587322747
  SUMM_ME: 2008.0802244338463
SystemInformation:
  OSName: Ubuntu 24.04.1 LTS
  Kernel: 6.8.0-1017-azure
  Device: ""
  Processor: AMD EPYC 9V74 80-Core Processor
  NumSockets: 1
  Manufacturer: AuthenticAMD
  NumCores: 1
  NumLogicals: 2
  CPUFrequency: 0
  Memory: 15990
  MemModuleInfo:
    iNumMemSticks: 2
    DIMM 1:
      manufacturer: Microsoft Corporation
      modulePartNo: None
      memType: Unknown
      size: 1
      clkspeed: 0
      moduleVoltage: 0
    DIMM 2:
      manufacturer: Microsoft Corporation
      modulePartNo: None
      memType: Unknown
      size: 15
      clkspeed: 0
      moduleVoltage: 0
Checksum: 3807385A5FB09191ADC0FA2A29121D72062109ED