---
system-info:
      stress-ng-version: 0.17.08
      run-by: root
      date-yyyy-mm-dd: 2024:09:19
      time-hh-mm-ss: 11:42:03
      epoch-secs: 1726746123
      hostname: sc-runner
      sysname: Linux
      nodename: sc-runner
      release: 6.8.0-1014-azure
      version: '#16-Ubuntu SMP Thu Aug 15 20:04:41 UTC 2024'
      machine: x86_64
      compiler: 'musl-gcc 13.2.1'
      uptime: 362
      totalram: 168787070976
      freeram: 158242775040
      sharedram: 42110976
      bufferram: 275869696
      totalswap: 0
      freeswap: 0
      pagesize: 4096
      cpus: 20
      cpus-online: 20
      ticks-per-second: 100

metrics:
    - stressor: cpu
      bogo-ops: 28764
      bogo-ops-per-second-usr-sys-time: 1438.193672
      bogo-ops-per-second-real-time: 1438.198697
      wall-clock-time: 20.000018
      user-time: 19.999088
      system-time: 0.001000
      cpu-usage-per-instance: 100.000349
      max-rss: 3188

...
