BaselineInfo:
  WebDBID: -1
  TimeStamp: 20241107213158
Version:
  Major: 11
  Minor: 0
  Build: 1002
  SpecialBuildName: ""
  ptArchitecture: x86_64_linux
Results:
  Results Complete: true
  NumTestProcesses: 8
  CPU_INTEGER_MATH: 44068.256333333331
  CPU_FLOATINGPOINT_MATH: 38104.812729107463
  CPU_PRIME: 132.2348262098559
  CPU_SORTING: 26323.403390169187
  CPU_ENCRYPTION: 9405.4560056446589
  CPU_COMPRESSION: 185608.32089553462
  CPU_SINGLETHREAD: 2656.2838332440051
  CPU_PHYSICS: 1856.7548100266481
  CPU_MATRIX_MULT_SSE: 16947.435431867223
  CPU_mm: 1812.7061185249579
  CPU_sse: 7892.4414314930973
  CPU_fma: 23423.498422993016
  CPU_avx: 20031.105754569664
  CPU_avx512: 16442.696118413125
  m_CPU_enc_SHA: 12974560905.563845
  m_CPU_enc_AES: 8299521972.9520321
  m_CPU_enc_ECDSA: 8312923431.208683
  ME_ALLOC_S: 6603.6368793582596
  ME_READ_S: 25617.870703125001
  ME_READ_L: 24562.072265625
  ME_WRITE: 17888.328125
  ME_LARGE: 5659.583333333333
  ME_LATENCY: 95.528026163819959
  ME_THREADED: 27707.6318359375
  SUMM_CPU: 17860.518369357975
  SUMM_ME: 1915.7608599391576
SystemInformation:
  OSName: Ubuntu 24.04.1 LTS
  Kernel: 6.8.0-1016-aws
  Device: ""
  Processor: AMD EPYC 9R14
  NumSockets: 1
  Manufacturer: AuthenticAMD
  NumCores: 8
  NumLogicals: 8
  CPUFrequency: 0
  Memory: 15618
  MemModuleInfo:
    iNumMemSticks: 1
    DIMM 1:
      manufacturer: Not Specified
      modulePartNo: Not Specified
      memType: DDR5
      size: 16
      clkspeed: 2400
      moduleVoltage: 0
Checksum: 356C804276D40DB2893D7C38C6AF01179CF96865