BaselineInfo:
  WebDBID: -1
  TimeStamp: 20241107064459
Version:
  Major: 11
  Minor: 0
  Build: 1002
  SpecialBuildName: ""
  ptArchitecture: x86_64_linux
Results:
  Results Complete: true
  NumTestProcesses: 4
  CPU_INTEGER_MATH: 9985.0139999999992
  CPU_FLOATINGPOINT_MATH: 5400.8977909049318
  CPU_PRIME: 18.092093783363552
  CPU_SORTING: 6176.7926671655514
  CPU_ENCRYPTION: 3207.3493319830359
  CPU_COMPRESSION: 42991.186890698467
  CPU_SINGLETHREAD: 1411.1300150561476
  CPU_PHYSICS: 402.09484430746687
  CPU_MATRIX_MULT_SSE: 1569.0913645402914
  CPU_mm: 312.86436462375445
  CPU_sse: 1275.0444639302364
  CPU_fma: 1842.6350265969647
  CPU_avx: 1589.5946030936732
  CPU_avx512: 0
  m_CPU_enc_SHA: 4537623537.9417858
  m_CPU_enc_AES: 3166542513.5004649
  m_CPU_enc_ECDSA: 2385282547.9580822
  ME_ALLOC_S: 938.33928405694064
  ME_READ_S: 14102.86875
  ME_READ_L: 10755.2080078125
  ME_WRITE: 7665.54931640625
  ME_LARGE: 5882.333333333333
  ME_LATENCY: 110.77253395437886
  ME_THREADED: 15696.218994140625
  SUMM_CPU: 3622.9716462520782
  SUMM_ME: 1268.9025019865326
SystemInformation:
  OSName: Ubuntu 24.04.1 LTS
  Kernel: 6.8.0-1016-aws
  Device: ""
  Processor: AMD EPYC 7571
  NumSockets: 1
  Manufacturer: AuthenticAMD
  NumCores: 2
  NumLogicals: 4
  CPUFrequency: 0
  Memory: 15832
  MemModuleInfo:
    iNumMemSticks: 1
    DIMM 1:
      manufacturer: Not Specified
      modulePartNo: Not Specified
      memType: DDR4
      size: 16
      clkspeed: 1600
      moduleVoltage: 0
Checksum: 7F4A472AAB401E8EC9C845812C5B48B0C74AF8EA