---
system-info:
      stress-ng-version: 0.17.08
      run-by: root
      date-yyyy-mm-dd: 2024:06:09
      time-hh-mm-ss: 14:44:32
      epoch-secs: 1717944272
      hostname: 276957a3e75f
      sysname: Linux
      nodename: 276957a3e75f
      release: 6.8.0-1008-aws
      version: '#8-Ubuntu SMP Sat Apr 20 00:46:25 UTC 2024'
      machine: x86_64
      compiler: 'musl-gcc 13.2.1'
      uptime: 143
      totalram: 33265283072
      freeram: 28792147968
      sharedram: 40722432
      bufferram: 109182976
      totalswap: 0
      freeswap: 0
      pagesize: 4096
      cpus: 4
      cpus-online: 4
      ticks-per-second: 100

metrics:
    - stressor: cpu
      bogo-ops: 13852
      bogo-ops-per-second-usr-sys-time: 1384.703722
      bogo-ops-per-second-real-time: 1384.690831
      wall-clock-time: 10.003677
      user-time: 10.002584
      system-time: 0.001000
      cpu-usage-per-instance: 99.999069
      max-rss: 3920

...
