---
system-info:
      stress-ng-version: 0.17.08
      run-by: root
      date-yyyy-mm-dd: 2024:06:15
      time-hh-mm-ss: 17:20:44
      epoch-secs: 1718472044
      hostname: f61cc8316852
      sysname: Linux
      nodename: f61cc8316852
      release: 6.8.0-1008-aws
      version: '#8-Ubuntu SMP Sat Apr 20 00:46:25 UTC 2024'
      machine: x86_64
      compiler: 'musl-gcc 13.2.1'
      uptime: 188
      totalram: 33265283072
      freeram: 28925644800
      sharedram: 40722432
      bufferram: 110526464
      totalswap: 0
      freeswap: 0
      pagesize: 4096
      cpus: 4
      cpus-online: 4
      ticks-per-second: 100

metrics:
    - stressor: cpu
      bogo-ops: 25649
      bogo-ops-per-second-usr-sys-time: 1282.529324
      bogo-ops-per-second-real-time: 1282.446713
      wall-clock-time: 20.000051
      user-time: 19.998763
      system-time: 0.000000
      cpu-usage-per-instance: 99.993559
      max-rss: 1104

...
