BaselineInfo:
  WebDBID: -1
  TimeStamp: 20260404161830
Version:
  Major: 11
  Minor: 0
  Build: 1004
  SpecialBuildName: ""
  ptArchitecture: x86_64_linux
Results:
  Results Complete: true
  NumTestProcesses: 8
  CPU_INTEGER_MATH: 27883.924666666666
  CPU_FLOATINGPOINT_MATH: 14947.165707609729
  CPU_PRIME: 60.809544112121799
  CPU_SORTING: 16240.643126967181
  CPU_ENCRYPTION: 3858.8314388505214
  CPU_COMPRESSION: 130177.90562448661
  CPU_SINGLETHREAD: 2342.6397918618272
  CPU_PHYSICS: 724.66618095333229
  CPU_MATRIX_MULT_SSE: 7394.7400682866491
  CPU_mm: 848.92785029025572
  CPU_sse: 3034.1355643899537
  CPU_fma: 8988.1465900510848
  CPU_avx: 6352.0497440323452
  CPU_avx512: 11204.628374673212
  m_CPU_enc_SHA: 1260493982.1971807
  m_CPU_enc_AES: 9737053624.4416428
  m_CPU_enc_ECDSA: 1141286497.83355
  ME_ALLOC_S: 2270.5268608923261
  ME_READ_S: 26792.3837890625
  ME_READ_L: 7181.54931640625
  ME_WRITE: 7382.076171875
  ME_LARGE: 50879.166666666664
  ME_LATENCY: 87.823080001838022
  ME_THREADED: 36165.375
  SUMM_CPU: 9533.2067213867722
  SUMM_ME: 1739.7064670490779
SystemInformation:
  OSName: Ubuntu 24.04.4 LTS
  Kernel: 6.8.0-106-generic
  Device: ""
  Processor: Intel(R) Xeon(R) Platinum 8369HB CPU @ 3.20GHz
  NumSockets: 1
  Manufacturer: GenuineIntel
  NumCores: 4
  NumLogicals: 8
  CPUFrequency: 0
  CPUMaxFrequency: 0
  Memory: 63774
  CPUInfo:
    number: 1
    Family: 6
    Model: 5
    stepping: 11
    features: 529267711
    manufacture: GenuineIntel
    typestring: Intel(R) Xeon(R) Platinum 8369HB CPU @ 3.20GHz
    iCoresPerPackage: 4
    iThreadsPerPackage: 2
    featuresEx:
      - 529267711
      - 4277809667
      - 739248128
    bHybrid: false
    nPCore: 0
    nLogicalsPerPCore: 0
    nECore: 0
    nLogicalsPerECore: 0
  MemModuleInfo:
    iNumMemSticks: 4
    DIMM 1:
      manufacturer: Alibaba Cloud
      modulePartNo: Not Specified
      memType: RAM
      size: 16
      clkspeed: 0
      moduleVoltage: 0
    DIMM 2:
      manufacturer: Alibaba Cloud
      modulePartNo: Not Specified
      memType: RAM
      size: 16
      clkspeed: 0
      moduleVoltage: 0
    DIMM 3:
      manufacturer: Alibaba Cloud
      modulePartNo: Not Specified
      memType: RAM
      size: 16
      clkspeed: 0
      moduleVoltage: 0
    DIMM 4:
      manufacturer: Alibaba Cloud
      modulePartNo: Not Specified
      memType: RAM
      size: 16
      clkspeed: 0
      moduleVoltage: 0
Checksum: BD9D6C1013696402E1A12BEDC17DCC6C74DD9938