---
system-info:
      stress-ng-version: 0.17.08
      run-by: root
      date-yyyy-mm-dd: 2024:09:24
      time-hh-mm-ss: 01:26:17
      epoch-secs: 1727141177
      hostname: c4-highcpu-96-8d285be
      sysname: Linux
      nodename: c4-highcpu-96-8d285be
      release: 6.8.0-1014-gcp
      version: '#16-Ubuntu SMP Mon Aug 26 15:55:46 UTC 2024'
      machine: x86_64
      compiler: 'musl-gcc 13.2.1'
      uptime: 217
      totalram: 202779426816
      freeram: 191012782080
      sharedram: 547594240
      bufferram: 253120512
      totalswap: 0
      freeswap: 0
      pagesize: 4096
      cpus: 96
      cpus-online: 96
      ticks-per-second: 100

metrics:
    - stressor: cpu
      bogo-ops: 40773
      bogo-ops-per-second-usr-sys-time: 2038.652956
      bogo-ops-per-second-real-time: 2038.645990
      wall-clock-time: 20.000039
      user-time: 19.999971
      system-time: 0.000000
      cpu-usage-per-instance: 99.999658
      max-rss: 768

...
