BaselineInfo:
  WebDBID: -1
  TimeStamp: 20241107235705
Version:
  Major: 11
  Minor: 0
  Build: 1002
  SpecialBuildName: ""
  ptArchitecture: x86_64_linux
Results:
  Results Complete: true
  NumTestProcesses: 4
  CPU_INTEGER_MATH: 16785.701666666668
  CPU_FLOATINGPOINT_MATH: 8581.1303746398753
  CPU_PRIME: 37.610462403615919
  CPU_SORTING: 8846.8814300605354
  CPU_ENCRYPTION: 3653.0313929036361
  CPU_COMPRESSION: 63154.339269096483
  CPU_SINGLETHREAD: 2431.2342389369637
  CPU_PHYSICS: 735.37993814515255
  CPU_MATRIX_MULT_SSE: 3535.3905512444539
  CPU_mm: 361.89037365122738
  CPU_sse: 1591.8833582954849
  CPU_fma: 4377.8412856649284
  CPU_avx: 3232.2684146411489
  CPU_avx512: 4939.5691463762541
  m_CPU_enc_SHA: 3683687881.3794508
  m_CPU_enc_AES: 5540714881.6462097
  m_CPU_enc_ECDSA: 2267040374.5103087
  ME_ALLOC_S: 2081.5922148129807
  ME_READ_S: 24427.534960937501
  ME_READ_L: 12442.2470703125
  ME_WRITE: 11170.544921875
  ME_LARGE: 54291
  ME_LATENCY: 50.964353724984619
  ME_THREADED: 31205.38134765625
  SUMM_CPU: 5927.4053840177612
  SUMM_ME: 2454.906238871054
SystemInformation:
  OSName: Ubuntu 24.04.1 LTS
  Kernel: 6.8.0-1017-azure
  Device: ""
  Processor: Intel Xeon Platinum 8370C CPU @ 2.80GHz
  NumSockets: 1
  Manufacturer: GenuineIntel
  NumCores: 2
  NumLogicals: 4
  CPUFrequency: 2800
  Memory: 64300
  MemModuleInfo:
    iNumMemSticks: 3
    DIMM 1:
      manufacturer: Microsoft Corporation
      modulePartNo: None
      memType: Unknown
      size: 1
      clkspeed: 0
      moduleVoltage: 0
    DIMM 2:
      manufacturer: Microsoft Corporation
      modulePartNo: None
      memType: Unknown
      size: 59
      clkspeed: 0
      moduleVoltage: 0
    DIMM 3:
      manufacturer: Microsoft Corporation
      modulePartNo: None
      memType: Unknown
      size: 4
      clkspeed: 0
      moduleVoltage: 0
Checksum: 21C9784F1ABF070E890CFB2DD170E13EB5060056