---
system-info:
      stress-ng-version: 0.17.08
      run-by: root
      date-yyyy-mm-dd: 2024:06:16
      time-hh-mm-ss: 08:57:05
      epoch-secs: 1718528225
      hostname: cf37aca28657
      sysname: Linux
      nodename: cf37aca28657
      release: 6.8.0-1008-aws
      version: '#8-Ubuntu SMP Sat Apr 20 02:43:14 UTC 2024'
      machine: aarch64
      compiler: 'musl-gcc 13.2.1'
      uptime: 142
      totalram: 133446991872
      freeram: 128967524352
      sharedram: 35033088
      bufferram: 109072384
      totalswap: 0
      freeswap: 0
      pagesize: 4096
      cpus: 16
      cpus-online: 16
      ticks-per-second: 100

metrics:
    - stressor: cpu
      bogo-ops: 485903
      bogo-ops-per-second-usr-sys-time: 1519.807440
      bogo-ops-per-second-real-time: 24295.032813
      wall-clock-time: 20.000096
      user-time: 319.695538
      system-time: 0.017991
      cpu-usage-per-instance: 99.909996
      max-rss: 1320

...
