---
system-info:
      stress-ng-version: 0.17.08
      run-by: root
      date-yyyy-mm-dd: 2024:06:07
      time-hh-mm-ss: 13:33:03
      epoch-secs: 1717767183
      hostname: 5c36b69c748a
      sysname: Linux
      nodename: 5c36b69c748a
      release: 6.8.0-1008-aws
      version: '#8-Ubuntu SMP Sat Apr 20 02:43:14 UTC 2024'
      machine: aarch64
      compiler: 'musl-gcc 13.2.1'
      uptime: 115
      totalram: 133446991872
      freeram: 129015025664
      sharedram: 35033088
      bufferram: 89767936
      totalswap: 0
      freeswap: 0
      pagesize: 4096
      cpus: 16
      cpus-online: 16
      ticks-per-second: 100

metrics:
    - stressor: cpu
      bogo-ops: 47032
      bogo-ops-per-second-usr-sys-time: 293.329776
      bogo-ops-per-second-real-time: 4688.236218
      wall-clock-time: 10.031918
      user-time: 160.325317
      system-time: 0.012991
      cpu-usage-per-instance: 99.892608
      max-rss: 4136

...
