BaselineInfo:
  WebDBID: -1
  TimeStamp: 20241111095417
Version:
  Major: 11
  Minor: 0
  Build: 1002
  SpecialBuildName: ""
  ptArchitecture: x86_64_linux
Results:
  Results Complete: true
  NumTestProcesses: 4
  CPU_INTEGER_MATH: 17646.434666666668
  CPU_FLOATINGPOINT_MATH: 10029.285673269989
  CPU_PRIME: 43.543977255169715
  CPU_SORTING: 10713.477417623504
  CPU_ENCRYPTION: 4469.9320318253849
  CPU_COMPRESSION: 73138.577518031729
  CPU_SINGLETHREAD: 2684.2782537954904
  CPU_PHYSICS: 826.39785566412002
  CPU_MATRIX_MULT_SSE: 4997.0855138266452
  CPU_mm: 474.55330501247482
  CPU_sse: 2102.0889555896933
  CPU_fma: 6521.321567798821
  CPU_avx: 5382.7301035020673
  CPU_avx512: 5982.2014284159995
  m_CPU_enc_SHA: 6229475705.2392616
  m_CPU_enc_AES: 4248891006.4873524
  m_CPU_enc_ECDSA: 3582823638.8833919
  ME_ALLOC_S: 1960.1079518745053
  ME_READ_S: 25690.622656250001
  ME_READ_L: 24562.32421875
  ME_WRITE: 16376.5625
  ME_LARGE: 22025.5
  ME_LATENCY: 74.749817530626032
  ME_THREADED: 33892.8603515625
  SUMM_CPU: 7014.3303740465262
  SUMM_ME: 2304.8656753804958
SystemInformation:
  OSName: Ubuntu 24.04.1 LTS
  Kernel: 6.8.0-1015-gcp
  Device: ""
  Processor: AMD EPYC 9B14
  NumSockets: 1
  Manufacturer: AuthenticAMD
  NumCores: 2
  NumLogicals: 4
  CPUFrequency: 0
  Memory: 32094
  MemModuleInfo:
    iNumMemSticks: 2
    DIMM 1:
      manufacturer: ""
      modulePartNo: ""
      memType: RAM
      size: 16
      clkspeed: 0
      moduleVoltage: 0
    DIMM 2:
      manufacturer: ""
      modulePartNo: ""
      memType: RAM
      size: 16
      clkspeed: 0
      moduleVoltage: 0
Checksum: 5853870CFAD265CF7CE591B519D39B0659796786