size_kb,operation,bandwidth_mb_s,latency_ns,latency_stddev_ns,latency_samples,threads,iterations,elapsed_s
32,read,149796.45,0,0,0,2,400641,0.167161
32,write,166393.98,0,0,0,2,617283,0.231860
32,copy,123930.67,0,0,0,2,318877,0.160814
32,latency,0,2.16,0.01,7,1,7,0.310363
128,read,123573.51,0,0,0,2,150330,0.304131
128,write,148923.10,0,0,0,2,129802,0.217901
128,copy,87668.23,0,0,0,2,113122,0.322585
128,latency,0,2.85,0.01,7,1,7,0.657540
1024,read,112116.83,0,0,0,2,16364,0.291910
1024,write,146638.78,0,0,0,2,21105,0.287850
1024,copy,66697.78,0,0,0,2,13763,0.412697
1024,latency,0,5.46,0.01,7,1,7,0.662456
2048,read,89896.85,0,0,0,2,6716,0.298831
2048,write,144572.15,0,0,0,2,10481,0.289987
2048,copy,53522.84,0,0,0,2,4340,0.324347
2048,latency,0,10.05,0.10,7,1,7,0.663590
4096,read,65577.21,0,0,0,2,2910,0.355001
4096,write,110649.16,0,0,0,2,4233,0.306048
4096,copy,43636.62,0,0,0,2,1727,0.316615
4096,latency,0,18.93,2.92,21,1,21,2.188556
8192,read,60282.10,0,0,0,2,1219,0.323545
8192,write,81846.42,0,0,0,2,2066,0.403878
8192,copy,40365.22,0,0,0,2,827,0.327807
8192,latency,0,89.97,1.92,7,1,7,0.810346
16384,read,55985.14,0,0,0,2,468,0.267500
16384,write,70792.07,0,0,0,2,993,0.448864
16384,copy,38023.41,0,0,0,2,401,0.337476
16384,latency,0,102.38,1.51,7,1,7,1.133309
32768,read,51816.94,0,0,0,2,220,0.271726
32768,write,67482.92,0,0,0,2,508,0.481781
32768,copy,34331.16,0,0,0,2,196,0.365382
32768,latency,0,109.54,0.36,7,1,7,2.474626
65536,read,50473.18,0,0,0,2,111,0.281496
65536,write,65204.38,0,0,0,2,249,0.488801
65536,copy,32467.01,0,0,0,2,102,0.402131
65536,latency,0,112.99,0.60,7,1,7,5.197503
131072,read,50775.17,0,0,0,2,55,0.277301
131072,write,64566.56,0,0,0,2,123,0.487683
131072,copy,32425.56,0,0,0,2,51,0.402645
131072,latency,0,114.99,0.43,7,1,7,10.616436
