BaselineInfo:
  WebDBID: -1
  TimeStamp: 20260403211425
Version:
  Major: 11
  Minor: 0
  Build: 1004
  SpecialBuildName: ""
  ptArchitecture: x86_64_linux
Results:
  Results Complete: true
  NumTestProcesses: 2
  CPU_INTEGER_MATH: 4887.2139999999999
  CPU_FLOATINGPOINT_MATH: 2625.7326168905056
  CPU_PRIME: 12.749814664387701
  CPU_SORTING: 3025.6834213883285
  CPU_ENCRYPTION: 675.6646066686576
  CPU_COMPRESSION: 22756.091269573553
  CPU_SINGLETHREAD: 1607.745380180894
  CPU_PHYSICS: 242.73098789328006
  CPU_MATRIX_MULT_SSE: 1378.0442451824347
  CPU_mm: 148.25307192204244
  CPU_sse: 534.99247303124093
  CPU_fma: 1816.9867134179926
  CPU_avx: 1284.4203243425309
  CPU_avx512: 1875.7774699379752
  m_CPU_enc_SHA: 221089805.30212909
  m_CPU_enc_AES: 1704791418.0591106
  m_CPU_enc_ECDSA: 199575848.44534317
  ME_ALLOC_S: 547.86260876883512
  ME_READ_S: 19074.483789062499
  ME_READ_L: 6860.4931640625
  ME_WRITE: 7378.71435546875
  ME_LARGE: 975.16666666666663
  ME_LATENCY: 80.306989790728082
  ME_THREADED: 9361.7353515625
  SUMM_CPU: 1823.4930698222347
  SUMM_ME: 926.97867903299425
SystemInformation:
  OSName: Ubuntu 24.04.4 LTS
  Kernel: 6.8.0-106-generic
  Device: ""
  Processor: Intel(R) Xeon(R) Platinum 8163 CPU @ 2.50GHz
  NumSockets: 1
  Manufacturer: GenuineIntel
  NumCores: 1
  NumLogicals: 2
  CPUFrequency: 2500
  CPUMaxFrequency: 3100
  Memory: 3530
  CPUInfo:
    number: 1
    Family: 6
    Model: 5
    stepping: 4
    features: 529267711
    manufacture: GenuineIntel
    typestring: Intel(R) Xeon(R) Platinum 8163 CPU @ 2.50GHz
    iCoresPerPackage: 1
    iThreadsPerPackage: 2
    featuresEx:
      - 529267711
      - 4294586883
      - 739248128
    bHybrid: false
    nPCore: 0
    nLogicalsPerPCore: 0
    nECore: 0
    nLogicalsPerECore: 0
  MemModuleInfo:
    iNumMemSticks: 1
    DIMM 1:
      manufacturer: Alibaba Cloud
      modulePartNo: Not Specified
      memType: RAM
      size: 4
      clkspeed: 0
      moduleVoltage: 0
Checksum: C0FCDB5138A2C527B83DDE6CFDD12E8B8916CE87