"size","threads","connections","rps","latency","failed","server_usr","server_sys","client_usr","client_sys"
"1k",16,16,442448,0.000034550,0,23.73,55.66,17.77,64.12
"1k",16,32,467343,0.000123980,0,22.55,56.57,17.22,62.87
"1k",16,64,446651,0.000129440,0,21.35,56.41,14.89,62.79
"1k",16,128,487463,0.000267590,0,21.54,57.51,15.61,63.62
"1k",16,256,525111,0.000685480,0,21.47,57.72,15.42,64.62
"1k",16,512,542644,0.001060000,0,21.69,57.80,15.39,64.69
"1k",32,32,436296,0.000072990,0,21.23,53.56,17.53,66.68
"1k",32,64,461059,0.000137440,0,19.34,55.26,17.18,67.05
"1k",32,128,456259,0.000360490,0,17.90,56.96,16.48,68.61
"1k",32,256,477262,0.000930000,0,18.01,57.10,16.50,69.78
"1k",32,512,490372,0.001360000,0,18.17,57.64,16.58,69.10
"1k",64,64,460786,0.000143070,0,19.09,53.12,19.41,69.49
"1k",64,128,412754,0.000477060,0,15.24,57.30,16.93,71.70
"1k",64,256,425919,0.000767230,0,15.60,57.05,17.72,71.24
"1k",64,512,434036,0.001280000,0,15.69,57.55,17.98,71.23
"16k",16,16,326518,0.000048000,0,20.42,50.66,19.05,63.59
"16k",16,32,349636,0.000169840,0,20.48,49.94,18.64,64.19
"16k",16,64,334007,0.000170680,0,18.93,57.11,17.27,62.56
"16k",16,128,351341,0.000354060,0,18.59,60.38,17.53,62.23
"16k",16,256,364795,0.000815530,0,17.63,61.99,16.94,62.50
"16k",16,512,371106,0.001420000,0,18.28,61.84,16.99,62.53
"16k",32,32,344407,0.000093160,0,19.49,51.49,20.16,68.19
"16k",32,64,361281,0.000173190,0,18.73,52.15,20.18,67.45
"16k",32,128,330991,0.000467090,0,15.68,60.02,18.00,65.92
"16k",32,256,343628,0.001090000,0,15.11,60.32,18.29,67.54
"16k",32,512,351313,0.001680000,0,15.42,61.15,18.15,67.04
"16k",64,64,363033,0.000179950,0,18.19,50.50,22.00,70.55
"16k",64,128,310469,0.000552270,0,13.76,59.52,18.66,69.47
"16k",64,256,322706,0.000940000,0,14.11,58.24,19.65,69.56
"16k",64,512,327286,0.001640000,0,14.53,57.99,19.65,69.67
"64k",16,16,174785,0.000090810,0,16.12,54.33,20.38,63.70
"64k",16,32,187863,0.000153220,0,16.37,52.63,20.22,66.82
"64k",16,64,168117,0.000346970,0,13.66,65.57,16.96,61.31
"64k",16,128,167869,0.000732060,0,12.67,71.02,16.98,59.10
"64k",16,256,168466,0.001500000,0,12.55,72.60,16.81,58.27
"64k",16,512,167770,0.002760000,0,15.93,68.13,16.77,59.73
"64k",32,32,200930,0.000159340,0,15.41,50.33,22.80,72.64
"64k",32,64,193147,0.000324300,0,13.97,56.69,21.51,68.52
"64k",32,128,160116,0.000960000,0,10.13,70.45,18.08,62.74
"64k",32,256,162729,0.001730000,0,10.25,70.46,17.98,62.59
"64k",32,512,163658,0.003110000,0,13.79,68.06,17.78,61.91
"64k",64,64,199125,0.000334320,0,14.18,51.01,23.37,72.95
"64k",64,128,162439,0.000930000,0,9.91,66.38,19.42,66.00
"64k",64,256,164752,0.001610000,0,10.57,65.35,20.00,65.83
"64k",64,512,161266,0.003180000,0,13.07,65.06,19.39,64.84
"256k",16,16,73928,0.000246850,0,12.29,52.23,25.31,66.79
"256k",16,32,73381,0.000414090,0,11.46,62.47,24.05,62.52
"256k",16,64,57922,0.001080000,0,12.54,74.52,18.47,52.16
"256k",16,128,57143,0.002110000,0,13.23,75.73,17.85,53.17
"256k",16,256,55719,0.004120000,0,15.37,73.39,16.88,54.75
"256k",32,32,72072,0.000455760,0,10.56,62.21,24.51,64.02
"256k",32,64,61292,0.001110000,0,8.67,72.48,20.67,59.11
"256k",32,128,56947,0.002300000,0,9.61,75.88,18.63,56.67
"256k",32,256,55660,0.004490000,0,14.37,72.57,18.36,56.11
"256k",64,64,67526,0.001000000,0,10.49,64.02,23.82,63.05
"256k",64,128,59558,0.002200000,0,10.41,70.30,20.74,60.10
"256k",64,256,56906,0.004490000,0,13.58,69.90,19.92,58.62
"512k",16,16,39042,0.000439460,0,9.12,61.97,25.09,64.20
"512k",16,32,37297,0.000801190,0,9.15,69.75,23.19,57.45
"512k",16,64,30713,0.001940000,0,12.50,75.88,18.32,51.63
"512k",16,128,30216,0.003810000,0,13.46,75.20,17.72,53.21
"512k",16,256,30805,0.006820000,0,14.88,70.89,17.95,57.21
"512k",32,32,36667,0.000890000,0,8.34,70.26,23.73,58.98
"512k",32,64,31188,0.002070000,0,7.73,77.80,19.66,55.21
"512k",32,128,30493,0.004090000,0,11.67,75.22,18.73,55.85
"512k",32,256,32070,0.007700000,0,14.49,69.94,19.38,57.79
"512k",64,64,33622,0.001940000,0,8.73,70.81,22.07,59.01
"512k",64,128,31138,0.004080000,0,11.14,72.36,20.51,57.38
"512k",64,256,31606,0.008020000,0,13.42,69.32,20.24,58.95
