---
system-info:
      stress-ng-version: 0.17.08
      run-by: root
      date-yyyy-mm-dd: 2024:06:14
      time-hh-mm-ss: 14:23:54
      epoch-secs: 1718375034
      hostname: ef106d50f82f
      sysname: Linux
      nodename: ef106d50f82f
      release: 6.8.0-1008-aws
      version: '#8-Ubuntu SMP Sat Apr 20 02:43:14 UTC 2024'
      machine: aarch64
      compiler: 'musl-gcc 13.2.1'
      uptime: 166
      totalram: 132652306432
      freeram: 127978422272
      sharedram: 35123200
      bufferram: 107245568
      totalswap: 0
      freeswap: 0
      pagesize: 4096
      cpus: 32
      cpus-online: 32
      ticks-per-second: 100

metrics:
    - stressor: cpu
      bogo-ops: 971282
      bogo-ops-per-second-usr-sys-time: 1518.472894
      bogo-ops-per-second-real-time: 48563.955938
      wall-clock-time: 20.000059
      user-time: 639.624964
      system-time: 0.018986
      cpu-usage-per-instance: 99.944071
      max-rss: 1280

...
