---
system-info:
      stress-ng-version: 0.17.08
      run-by: root
      date-yyyy-mm-dd: 2024:06:07
      time-hh-mm-ss: 15:25:18
      epoch-secs: 1717773918
      hostname: 0cad8d0fc5bc
      sysname: Linux
      nodename: 0cad8d0fc5bc
      release: 6.8.0-1008-aws
      version: '#8-Ubuntu SMP Sat Apr 20 02:43:14 UTC 2024'
      machine: aarch64
      compiler: 'musl-gcc 13.2.1'
      uptime: 164
      totalram: 132652302336
      freeram: 128066531328
      sharedram: 35123200
      bufferram: 91045888
      totalswap: 0
      freeswap: 0
      pagesize: 4096
      cpus: 32
      cpus-online: 32
      ticks-per-second: 100

metrics:
    - stressor: cpu
      bogo-ops: 94056
      bogo-ops-per-second-usr-sys-time: 292.719553
      bogo-ops-per-second-real-time: 9359.060451
      wall-clock-time: 10.049727
      user-time: 321.288809
      system-time: 0.028982
      cpu-usage-per-instance: 99.914965
      max-rss: 3840

...
