BaselineInfo:
  WebDBID: -1
  TimeStamp: 20250702133105
Version:
  Major: 11
  Minor: 0
  Build: 1002
  SpecialBuildName: ""
  ptArchitecture: x86_64_linux
Results:
  Results Complete: true
  NumTestProcesses: 16
  CPU_INTEGER_MATH: 89245.698333333334
  CPU_FLOATINGPOINT_MATH: 64638.232456988946
  CPU_PRIME: 193.65994146203587
  CPU_SORTING: 46048.483078857309
  CPU_ENCRYPTION: 19723.929644418051
  CPU_COMPRESSION: 345608.91628074041
  CPU_SINGLETHREAD: 3531.8606478139486
  CPU_PHYSICS: 3999.0297170816552
  CPU_MATRIX_MULT_SSE: 23519.385104765926
  CPU_mm: 2536.0081609351796
  CPU_sse: 10725.540493802966
  CPU_fma: 28220.289176128499
  CPU_avx: 21867.706606337604
  CPU_avx512: 33264.004142794627
  m_CPU_enc_SHA: 20803514237.064774
  m_CPU_enc_AES: 27187827596.688663
  m_CPU_enc_ECDSA: 14054775918.722477
  ME_ALLOC_S: 9335.5444471852261
  ME_READ_S: 28749.185937499999
  ME_READ_L: 16977.126953125
  ME_WRITE: 8695.8310546875
  ME_LARGE: 50430.583333333336
  ME_LATENCY: 63.244521457825876
  ME_THREADED: 116911.0673828125
  SUMM_CPU: 31371.927127345443
  SUMM_ME: 2632.9329610147101
SystemInformation:
  OSName: Ubuntu 24.04.2 LTS
  Kernel: 6.11.0-1016-gcp
  Device: ""
  Processor: Intel Xeon 6985P-C CPU @ 2.30GHz
  NumSockets: 1
  Manufacturer: GenuineIntel
  NumCores: 8
  NumLogicals: 16
  CPUFrequency: 0
  Memory: 60264
  MemModuleInfo:
    iNumMemSticks: 4
    DIMM 1:
      manufacturer: ""
      modulePartNo: ""
      memType: RAM
      size: 16
      clkspeed: 0
      moduleVoltage: 0
    DIMM 2:
      manufacturer: ""
      modulePartNo: ""
      memType: RAM
      size: 16
      clkspeed: 0
      moduleVoltage: 0
    DIMM 3:
      manufacturer: ""
      modulePartNo: ""
      memType: RAM
      size: 16
      clkspeed: 0
      moduleVoltage: 0
    DIMM 4:
      manufacturer: ""
      modulePartNo: ""
      memType: RAM
      size: 12
      clkspeed: 0
      moduleVoltage: 0
Checksum: 329C47E17B7B1419D2F25FCAAE8C18344F7E54F1