---
system-info:
      stress-ng-version: 0.17.08
      run-by: root
      date-yyyy-mm-dd: 2024:06:13
      time-hh-mm-ss: 13:28:01
      epoch-secs: 1718285281
      hostname: cf4996500af3
      sysname: Linux
      nodename: cf4996500af3
      release: 6.8.0-1008-aws
      version: '#8-Ubuntu SMP Sat Apr 20 02:43:14 UTC 2024'
      machine: aarch64
      compiler: 'musl-gcc 13.2.1'
      uptime: 132
      totalram: 32891564032
      freeram: 28592250880
      sharedram: 35028992
      bufferram: 104886272
      totalswap: 0
      freeswap: 0
      pagesize: 4096
      cpus: 8
      cpus-online: 8
      ticks-per-second: 100

metrics:
    - stressor: cpu
      bogo-ops: 242607
      bogo-ops-per-second-usr-sys-time: 1519.774518
      bogo-ops-per-second-real-time: 12130.310903
      wall-clock-time: 20.000064
      user-time: 159.622554
      system-time: 0.010995
      cpu-usage-per-instance: 99.770647
      max-rss: 1192

...
