---
system-info:
      stress-ng-version: 0.17.08
      run-by: root
      date-yyyy-mm-dd: 2024:06:07
      time-hh-mm-ss: 22:20:11
      epoch-secs: 1717798811
      hostname: 53a99b8a9fc5
      sysname: Linux
      nodename: 53a99b8a9fc5
      release: 6.8.0-1008-aws
      version: '#8-Ubuntu SMP Sat Apr 20 02:43:14 UTC 2024'
      machine: aarch64
      compiler: 'musl-gcc 13.2.1'
      uptime: 125
      totalram: 32891559936
      freeram: 28598669312
      sharedram: 35028992
      bufferram: 92999680
      totalswap: 0
      freeswap: 0
      pagesize: 4096
      cpus: 8
      cpus-online: 8
      ticks-per-second: 100

metrics:
    - stressor: cpu
      bogo-ops: 23496
      bogo-ops-per-second-usr-sys-time: 293.151232
      bogo-ops-per-second-real-time: 2338.567205
      wall-clock-time: 10.047178
      user-time: 80.134766
      system-time: 0.014991
      cpu-usage-per-instance: 99.716757
      max-rss: 4136

...
