BaselineInfo:
  WebDBID: -1
  TimeStamp: 20260710074943
Version:
  Major: 11
  Minor: 0
  Build: 1004
  SpecialBuildName: ""
  ptArchitecture: x86_64_linux
Results:
  Results Complete: true
  NumTestProcesses: 2
  CPU_INTEGER_MATH: 15259.816999999999
  CPU_FLOATINGPOINT_MATH: 15272.141795645275
  CPU_PRIME: 57.54291001413155
  CPU_SORTING: 9037.4725868533133
  CPU_ENCRYPTION: 3181.9099156681059
  CPU_COMPRESSION: 67190.993324061012
  CPU_SINGLETHREAD: 3811.636277949679
  CPU_PHYSICS: 989.84870369767714
  CPU_MATRIX_MULT_SSE: 5759.0186537173522
  CPU_mm: 736.08826051895971
  CPU_sse: 2208.1312962404745
  CPU_fma: 8749.8430679654957
  CPU_avx: 4425.3504029534743
  CPU_avx512: 7652.7498477099634
  m_CPU_enc_SHA: 4412889055.7438784
  m_CPU_enc_AES: 2759570117.1469374
  m_CPU_enc_ECDSA: 2836963942.3039823
  ME_ALLOC_S: 2774.0269471521551
  ME_READ_S: 33965.068359375
  ME_READ_L: 30853.4765625
  ME_WRITE: 30578.123046875
  ME_LARGE: 23808
  ME_LATENCY: 77.960746960589361
  ME_THREADED: 48498.58203125
  SUMM_CPU: 6923.0297715262423
  SUMM_ME: 2597.8358583409754
SystemInformation:
  OSName: Ubuntu 24.04.4 LTS
  Kernel: 6.17.0-1018-azure
  Device: ""
  Processor: "AMD EPYC 9V45 96-Core Processor                "
  NumSockets: 1
  Manufacturer: AuthenticAMD
  NumCores: 2
  NumLogicals: 2
  CPUFrequency: 0
  CPUMaxFrequency: 0
  Memory: 32094
  CPUInfo:
    number: 1
    Family: 15
    Model: 2
    stepping: 1
    features: 395049983
    manufacture: AuthenticAMD
    typestring: "AMD EPYC 9V45 96-Core Processor                "
    iCoresPerPackage: 8
    iThreadsPerPackage: 1
    featuresEx:
      - 395049983
      - 4277809667
      - 802421759
    bHybrid: false
    nPCore: 0
    nLogicalsPerPCore: 0
    nECore: 0
    nLogicalsPerECore: 0
  MemModuleInfo:
    iNumMemSticks: 2
    DIMM 1:
      manufacturer: Microsoft Corporation
      modulePartNo: None
      memType: Unknown
      size: 1
      clkspeed: 0
      moduleVoltage: 0
    DIMM 2:
      manufacturer: Microsoft Corporation
      modulePartNo: None
      memType: Unknown
      size: 31
      clkspeed: 0
      moduleVoltage: 0
Checksum: 66AC488BFF57B0C2EBAEF9126E2F1D6FBE7C9617