BaselineInfo:
  WebDBID: -1
  TimeStamp: 20260404220737
Version:
  Major: 11
  Minor: 0
  Build: 1004
  SpecialBuildName: ""
  ptArchitecture: x86_64_linux
Results:
  Results Complete: true
  NumTestProcesses: 16
  CPU_INTEGER_MATH: 67462.898333333331
  CPU_FLOATINGPOINT_MATH: 34495.229395977462
  CPU_PRIME: 134.66711089788069
  CPU_SORTING: 35013.842575164963
  CPU_ENCRYPTION: 14675.650037395335
  CPU_COMPRESSION: 247724.21838321292
  CPU_SINGLETHREAD: 2368.1493280188361
  CPU_PHYSICS: 2283.8354225854755
  CPU_MATRIX_MULT_SSE: 14135.769827950471
  CPU_mm: 1453.4622935533728
  CPU_sse: 6401.227023117538
  CPU_fma: 17555.312531678919
  CPU_avx: 12979.616654268828
  CPU_avx512: 19606.923102736608
  m_CPU_enc_SHA: 14797163329.780622
  m_CPU_enc_AES: 22258153171.091156
  m_CPU_enc_ECDSA: 9110286739.9637814
  ME_ALLOC_S: 8034.8791488674942
  ME_READ_S: 24296.216992187499
  ME_READ_L: 12882.93359375
  ME_WRITE: 11741.2763671875
  ME_LARGE: 113067
  ME_LATENCY: 51.853508632173323
  ME_THREADED: 74411.42919921875
  SUMM_CPU: 21177.185604624603
  SUMM_ME: 2767.1297662021329
SystemInformation:
  OSName: Ubuntu 24.04.4 LTS
  Kernel: 6.8.0-106-generic
  Device: ""
  Processor: Intel(R) Xeon(R) Platinum 8369B CPU @ 2.90GHz
  NumSockets: 1
  Manufacturer: GenuineIntel
  NumCores: 8
  NumLogicals: 16
  CPUFrequency: 0
  CPUMaxFrequency: 0
  Memory: 126250
  CPUInfo:
    number: 1
    Family: 6
    Model: 10
    stepping: 6
    features: 529267711
    manufacture: GenuineIntel
    typestring: Intel(R) Xeon(R) Platinum 8369B CPU @ 2.90GHz
    iCoresPerPackage: 8
    iThreadsPerPackage: 2
    featuresEx:
      - 529267711
      - 4277809667
      - 739248128
    bHybrid: false
    nPCore: 0
    nLogicalsPerPCore: 0
    nECore: 0
    nLogicalsPerECore: 0
  MemModuleInfo:
    iNumMemSticks: 8
    DIMM 1:
      manufacturer: Alibaba Cloud
      modulePartNo: Not Specified
      memType: RAM
      size: 16
      clkspeed: 0
      moduleVoltage: 0
    DIMM 2:
      manufacturer: Alibaba Cloud
      modulePartNo: Not Specified
      memType: RAM
      size: 16
      clkspeed: 0
      moduleVoltage: 0
    DIMM 3:
      manufacturer: Alibaba Cloud
      modulePartNo: Not Specified
      memType: RAM
      size: 16
      clkspeed: 0
      moduleVoltage: 0
    DIMM 4:
      manufacturer: Alibaba Cloud
      modulePartNo: Not Specified
      memType: RAM
      size: 16
      clkspeed: 0
      moduleVoltage: 0
    DIMM 5:
      manufacturer: Alibaba Cloud
      modulePartNo: Not Specified
      memType: RAM
      size: 16
      clkspeed: 0
      moduleVoltage: 0
    DIMM 6:
      manufacturer: Alibaba Cloud
      modulePartNo: Not Specified
      memType: RAM
      size: 16
      clkspeed: 0
      moduleVoltage: 0
    DIMM 7:
      manufacturer: Alibaba Cloud
      modulePartNo: Not Specified
      memType: RAM
      size: 16
      clkspeed: 0
      moduleVoltage: 0
    DIMM 8:
      manufacturer: Alibaba Cloud
      modulePartNo: Not Specified
      memType: RAM
      size: 16
      clkspeed: 0
      moduleVoltage: 0
Checksum: D06C6CCCCB148DA52511EC175FCB148CBDA99DD5