---
system-info:
      stress-ng-version: 0.17.08
      run-by: root
      date-yyyy-mm-dd: 2024:06:08
      time-hh-mm-ss: 18:55:18
      epoch-secs: 1717872918
      hostname: e56ac44df495
      sysname: Linux
      nodename: e56ac44df495
      release: 6.8.0-1008-aws
      version: '#8-Ubuntu SMP Sat Apr 20 00:46:25 UTC 2024'
      machine: x86_64
      compiler: 'musl-gcc 13.2.1'
      uptime: 136
      totalram: 532474425344
      freeram: 526421348352
      sharedram: 117620736
      bufferram: 104497152
      totalswap: 0
      freeswap: 0
      pagesize: 4096
      cpus: 128
      cpus-online: 128
      ticks-per-second: 100

metrics:
    - stressor: cpu
      bogo-ops: 1547297
      bogo-ops-per-second-usr-sys-time: 1209.756742
      bogo-ops-per-second-real-time: 154706.589462
      wall-clock-time: 10.001494
      user-time: 1278.879053
      system-time: 0.135931
      cpu-usage-per-instance: 99.908121
      max-rss: 3072

...
