---
system-info:
      stress-ng-version: 0.17.08
      run-by: root
      date-yyyy-mm-dd: 2024:06:15
      time-hh-mm-ss: 03:00:30
      epoch-secs: 1718420430
      hostname: 306672b67697
      sysname: Linux
      nodename: 306672b67697
      release: 6.8.0-1008-aws
      version: '#8-Ubuntu SMP Sat Apr 20 00:46:25 UTC 2024'
      machine: x86_64
      compiler: 'musl-gcc 13.2.1'
      uptime: 142
      totalram: 532474384384
      freeram: 526792290304
      sharedram: 117612544
      bufferram: 109445120
      totalswap: 0
      freeswap: 0
      pagesize: 4096
      cpus: 128
      cpus-online: 128
      ticks-per-second: 100

metrics:
    - stressor: cpu
      bogo-ops: 2469950
      bogo-ops-per-second-usr-sys-time: 965.235877
      bogo-ops-per-second-real-time: 123496.989757
      wall-clock-time: 20.000083
      user-time: 2558.864222
      system-time: 0.043977
      cpu-usage-per-instance: 99.956939
      max-rss: 0

...
