---
system-info:
      stress-ng-version: 0.17.08
      run-by: root
      date-yyyy-mm-dd: 2024:06:09
      time-hh-mm-ss: 15:20:52
      epoch-secs: 1717946452
      hostname: 352dced7562b
      sysname: Linux
      nodename: 352dced7562b
      release: 6.8.0-1008-aws
      version: '#8-Ubuntu SMP Sat Apr 20 00:46:25 UTC 2024'
      machine: x86_64
      compiler: 'musl-gcc 13.2.1'
      uptime: 123
      totalram: 132212973568
      freeram: 127601917952
      sharedram: 36839424
      bufferram: 109469696
      totalswap: 0
      freeswap: 0
      pagesize: 4096
      cpus: 16
      cpus-online: 16
      ticks-per-second: 100

metrics:
    - stressor: cpu
      bogo-ops: 17089
      bogo-ops-per-second-usr-sys-time: 1708.818489
      bogo-ops-per-second-real-time: 1708.796926
      wall-clock-time: 10.000603
      user-time: 9.999478
      system-time: 0.000999
      cpu-usage-per-instance: 99.998738
      max-rss: 3920

...
