---
system-info:
      stress-ng-version: 0.17.08
      run-by: root
      date-yyyy-mm-dd: 2024:06:15
      time-hh-mm-ss: 18:26:08
      epoch-secs: 1718475968
      hostname: 59e74d6ba8ba
      sysname: Linux
      nodename: 59e74d6ba8ba
      release: 6.8.0-1008-aws
      version: '#8-Ubuntu SMP Sat Apr 20 00:46:25 UTC 2024'
      machine: x86_64
      compiler: 'musl-gcc 13.2.1'
      uptime: 145
      totalram: 132212973568
      freeram: 127737139200
      sharedram: 36839424
      bufferram: 110714880
      totalswap: 0
      freeswap: 0
      pagesize: 4096
      cpus: 16
      cpus-online: 16
      ticks-per-second: 100

metrics:
    - stressor: cpu
      bogo-ops: 59834
      bogo-ops-per-second-usr-sys-time: 2991.777786
      bogo-ops-per-second-real-time: 2991.699180
      wall-clock-time: 20.000005
      user-time: 19.999480
      system-time: 0.000000
      cpu-usage-per-instance: 99.997373
      max-rss: 1104

...
