BaselineInfo:
  WebDBID: -1
  TimeStamp: 20241109211555
Version:
  Major: 11
  Minor: 0
  Build: 1002
  SpecialBuildName: ""
  ptArchitecture: x86_64_linux
Results:
  Results Complete: true
  NumTestProcesses: 192
  CPU_INTEGER_MATH: 882111.45499999961
  CPU_FLOATINGPOINT_MATH: 484394.41573747195
  CPU_PRIME: 1056.6156839220248
  CPU_SORTING: 366266.65499368275
  CPU_ENCRYPTION: 218639.66697182236
  CPU_COMPRESSION: 2954145.0605796389
  CPU_SINGLETHREAD: 2642.2753871398409
  CPU_PHYSICS: 14124.271513071804
  CPU_MATRIX_MULT_SSE: 153246.01412283923
  CPU_mm: 19040.282097540668
  CPU_sse: 78890.613326553983
  CPU_fma: 207577.41964375271
  CPU_avx: 173270.00939821126
  CPU_avx512: 0
  m_CPU_enc_SHA: 319873591414.7182
  m_CPU_enc_AES: 206856039875.69208
  m_CPU_enc_ECDSA: 161051291013.5267
  ME_ALLOC_S: 30052.805834241346
  ME_READ_S: 26441.7333984375
  ME_READ_L: 17482.44140625
  ME_WRITE: 17491.138671875
  ME_LARGE: 364130.33333333331
  ME_LATENCY: 61.169927965861859
  ME_THREADED: 276925.58563232422
  SUMM_CPU: 114279.2533632938
  SUMM_ME: 3000.9061700198081
SystemInformation:
  OSName: Ubuntu 24.04.1 LTS
  Kernel: 6.8.0-1016-aws
  Device: ""
  Processor: AMD EPYC 7R13 Processor
  NumSockets: 2
  Manufacturer: AuthenticAMD
  NumCores: 96
  NumLogicals: 192
  CPUFrequency: 0
  Memory: 378697
  MemModuleInfo:
    iNumMemSticks: 4
    DIMM 1:
      manufacturer: Not Specified
      modulePartNo: Not Specified
      memType: DDR4
      size: 96
      clkspeed: 1466
      moduleVoltage: 0
    DIMM 2:
      manufacturer: Not Specified
      modulePartNo: Not Specified
      memType: DDR4
      size: 96
      clkspeed: 1466
      moduleVoltage: 0
    DIMM 3:
      manufacturer: Not Specified
      modulePartNo: Not Specified
      memType: DDR4
      size: 96
      clkspeed: 1466
      moduleVoltage: 0
    DIMM 4:
      manufacturer: Not Specified
      modulePartNo: Not Specified
      memType: DDR4
      size: 96
      clkspeed: 1466
      moduleVoltage: 0
Checksum: 8A490A6A3C0B58B66DCE470914B3E34DA47A824D