BaselineInfo:
  WebDBID: -1
  TimeStamp: 20241108064558
Version:
  Major: 11
  Minor: 0
  Build: 1002
  SpecialBuildName: ""
  ptArchitecture: aarch64_linux
Results:
  Results Complete: true
  NumTestProcesses: 16
  CPU_INTEGER_MATH: 76401.064666666673
  CPU_FLOATINGPOINT_MATH: 75972.143224812855
  CPU_PRIME: 161.35487104797934
  CPU_SORTING: 63323.295441812326
  CPU_ENCRYPTION: 2224.3801937842677
  CPU_COMPRESSION: 84720.298217897594
  CPU_SINGLETHREAD: 1561.6810270359063
  CPU_PHYSICS: 3932.0147870906012
  CPU_MATRIX_MULT_SSE: 13305.444085695033
  CPU_mm: 1735.1473990210093
  CPU_sse: 11196.121148490254
  CPU_fma: 15414.767022899809
  CPU_avx: 0
  CPU_avx512: 0
  m_CPU_enc_SHA: 3363353699.8735332
  m_CPU_enc_AES: 1296599209.0858006
  m_CPU_enc_ECDSA: 2337342149.2732635
  ME_ALLOC_S: 16208.980091879983
  ME_READ_S: 19689.134960937499
  ME_READ_L: 19000.478515625
  ME_WRITE: 19702.591796875
  ME_LARGE: 116036.25
  ME_LATENCY: 50.430468689829858
  ME_THREADED: 205069.814453125
  SUMM_CPU: 11496.662439644897
  SUMM_ME: 3093.3440069804492
SystemInformation:
  OSName: Ubuntu 24.04.1 LTS
  Kernel: 6.8.0-1016-aws
  Device: ""
  Processor: ARM Neoverse-V1 16 Core 0 MHz
  NumSockets: 1
  Manufacturer: ARM
  NumCores: 16
  NumLogicals: 16
  CPUFrequency: 0
  Memory: 126510
Checksum: 802F401B725E9AFF1444CE99ADBCB76399CCB62A