---
system-info:
      stress-ng-version: 0.17.08
      run-by: root
      date-yyyy-mm-dd: 2024:06:15
      time-hh-mm-ss: 19:41:43
      epoch-secs: 1718480503
      hostname: d060d1868746
      sysname: Linux
      nodename: d060d1868746
      release: 6.8.0-1008-aws
      version: '#8-Ubuntu SMP Sat Apr 20 00:46:25 UTC 2024'
      machine: x86_64
      compiler: 'musl-gcc 13.2.1'
      uptime: 104
      totalram: 66333835264
      freeram: 61868318720
      sharedram: 59920384
      bufferram: 108593152
      totalswap: 0
      freeswap: 0
      pagesize: 4096
      cpus: 8
      cpus-online: 8
      ticks-per-second: 100

metrics:
    - stressor: cpu
      bogo-ops: 154352
      bogo-ops-per-second-usr-sys-time: 966.400902
      bogo-ops-per-second-real-time: 7717.550331
      wall-clock-time: 20.000129
      user-time: 159.695400
      system-time: 0.022994
      cpu-usage-per-instance: 99.823354
      max-rss: 1104

...
