---
system-info:
      stress-ng-version: 0.17.08
      run-by: root
      date-yyyy-mm-dd: 2024:06:09
      time-hh-mm-ss: 17:18:42
      epoch-secs: 1717953522
      hostname: a6edeafea756
      sysname: Linux
      nodename: a6edeafea756
      release: 6.8.0-1008-aws
      version: '#8-Ubuntu SMP Sat Apr 20 00:46:25 UTC 2024'
      machine: x86_64
      compiler: 'musl-gcc 13.2.1'
      uptime: 103
      totalram: 66333839360
      freeram: 61713489920
      sharedram: 59920384
      bufferram: 110043136
      totalswap: 0
      freeswap: 0
      pagesize: 4096
      cpus: 8
      cpus-online: 8
      ticks-per-second: 100

metrics:
    - stressor: cpu
      bogo-ops: 94337
      bogo-ops-per-second-usr-sys-time: 1182.337803
      bogo-ops-per-second-real-time: 9432.295350
      wall-clock-time: 10.001489
      user-time: 79.767546
      system-time: 0.020988
      cpu-usage-per-instance: 99.720817
      max-rss: 4176

...
