---
system-info:
      stress-ng-version: 0.17.08
      run-by: root
      date-yyyy-mm-dd: 2024:06:08
      time-hh-mm-ss: 03:56:00
      epoch-secs: 1717818960
      hostname: 2a06416bcc10
      sysname: Linux
      nodename: 2a06416bcc10
      release: 6.8.0-1008-aws
      version: '#8-Ubuntu SMP Sat Apr 20 00:46:25 UTC 2024'
      machine: x86_64
      compiler: 'musl-gcc 13.2.1'
      uptime: 136
      totalram: 803068563456
      freeram: 797252845568
      sharedram: 78655488
      bufferram: 98631680
      totalswap: 0
      freeswap: 0
      pagesize: 4096
      cpus: 96
      cpus-online: 96
      ticks-per-second: 100

metrics:
    - stressor: cpu
      bogo-ops: 15015
      bogo-ops-per-second-usr-sys-time: 1501.462914
      bogo-ops-per-second-real-time: 1501.463880
      wall-clock-time: 10.000241
      user-time: 9.998247
      system-time: 0.002000
      cpu-usage-per-instance: 100.000064
      max-rss: 3072

...
