---
system-info:
      stress-ng-version: 0.17.08
      run-by: root
      date-yyyy-mm-dd: 2024:06:13
      time-hh-mm-ss: 17:19:46
      epoch-secs: 1718299186
      hostname: 0797e3bb1c79
      sysname: Linux
      nodename: 0797e3bb1c79
      release: 6.8.0-1008-aws
      version: '#8-Ubuntu SMP Sat Apr 20 00:46:25 UTC 2024'
      machine: x86_64
      compiler: 'musl-gcc 13.2.1'
      uptime: 158
      totalram: 803068563456
      freeram: 797052461056
      sharedram: 78655488
      bufferram: 109993984
      totalswap: 0
      freeswap: 0
      pagesize: 4096
      cpus: 96
      cpus-online: 96
      ticks-per-second: 100

metrics:
    - stressor: cpu
      bogo-ops: 27708
      bogo-ops-per-second-usr-sys-time: 1385.426046
      bogo-ops-per-second-real-time: 1385.399571
      wall-clock-time: 20.000006
      user-time: 19.999624
      system-time: 0.000000
      cpu-usage-per-instance: 99.998089
      max-rss: 768

...
