BaselineInfo:
  WebDBID: -1
  TimeStamp: 20260612222654
Version:
  Major: 11
  Minor: 0
  Build: 1004
  SpecialBuildName: ""
  ptArchitecture: x86_64_linux
Results:
  Results Complete: true
  NumTestProcesses: 16
  CPU_INTEGER_MATH: 107876.50066666667
  CPU_FLOATINGPOINT_MATH: 94504.669218440366
  CPU_PRIME: 338.79461450847714
  CPU_SORTING: 67427.739624843263
  CPU_ENCRYPTION: 23100.882109057904
  CPU_COMPRESSION: 464803.84932423936
  CPU_SINGLETHREAD: 3219.2402376098948
  CPU_PHYSICS: 5674.3563643948319
  CPU_MATRIX_MULT_SSE: 44052.740838599049
  CPU_mm: 4642.5438133209054
  CPU_sse: 20678.550203239298
  CPU_fma: 60402.797993033018
  CPU_avx: 51671.478607957579
  CPU_avx512: 43458.13655016628
  m_CPU_enc_SHA: 32253234217.655437
  m_CPU_enc_AES: 20459621353.410923
  m_CPU_enc_ECDSA: 19956236104.096142
  ME_ALLOC_S: 8349.3477400537013
  ME_READ_S: 30612.292382812499
  ME_READ_L: 28437.33984375
  ME_WRITE: 28215.14453125
  ME_LARGE: 55855.833333333336
  ME_LATENCY: 69.14613451934666
  ME_THREADED: 324559.798828125
  SUMM_CPU: 40911.050497089513
  SUMM_ME: 3056.565706789625
SystemInformation:
  OSName: Ubuntu 24.04.4 LTS
  Kernel: 6.8.0-124-generic
  Device: ""
  Processor: AMD EPYC-Genoa Processor
  NumSockets: 1
  Manufacturer: AuthenticAMD
  NumCores: 8
  NumLogicals: 16
  CPUFrequency: 0
  CPUMaxFrequency: 0
  Memory: 64293
  CPUInfo:
    number: 1
    Family: 15
    Model: 1
    stepping: 0
    features: 395049983
    manufacture: AuthenticAMD
    typestring: AMD EPYC-Genoa Processor
    iCoresPerPackage: 8
    iThreadsPerPackage: 2
    featuresEx:
      - 395049983
      - 4277809667
      - 802421759
    bHybrid: false
    nPCore: 0
    nLogicalsPerPCore: 0
    nECore: 0
    nLogicalsPerECore: 0
  MemModuleInfo:
    iNumMemSticks: 4
    DIMM 1:
      manufacturer: QEMU
      modulePartNo: Not Specified
      memType: RAM
      size: 16
      clkspeed: 0
      moduleVoltage: 0
    DIMM 2:
      manufacturer: QEMU
      modulePartNo: Not Specified
      memType: RAM
      size: 16
      clkspeed: 0
      moduleVoltage: 0
    DIMM 3:
      manufacturer: QEMU
      modulePartNo: Not Specified
      memType: RAM
      size: 16
      clkspeed: 0
      moduleVoltage: 0
    DIMM 4:
      manufacturer: QEMU
      modulePartNo: Not Specified
      memType: RAM
      size: 16
      clkspeed: 0
      moduleVoltage: 0
Checksum: 19754E9A10601824E9863C8ABB0C42328FDA3464