BaselineInfo:
  WebDBID: -1
  TimeStamp: 20241107192812
Version:
  Major: 11
  Minor: 0
  Build: 1002
  SpecialBuildName: ""
  ptArchitecture: x86_64_linux
Results:
  Results Complete: true
  NumTestProcesses: 8
  CPU_INTEGER_MATH: 32876.407999999996
  CPU_FLOATINGPOINT_MATH: 23323.095912223082
  CPU_PRIME: 72.300070706574616
  CPU_SORTING: 16865.419709645379
  CPU_ENCRYPTION: 7286.7667722362366
  CPU_COMPRESSION: 122772.58029641199
  CPU_SINGLETHREAD: 2550.3732243195732
  CPU_PHYSICS: 1639.9669587051878
  CPU_MATRIX_MULT_SSE: 8997.8143624320728
  CPU_mm: 932.05524542469311
  CPU_sse: 4024.704501907619
  CPU_fma: 10112.795141398292
  CPU_avx: 7844.9114033575088
  CPU_avx512: 14008.846403064872
  m_CPU_enc_SHA: 7676816390.6578655
  m_CPU_enc_AES: 9960861764.9523296
  m_CPU_enc_ECDSA: 5284508109.2829571
  ME_ALLOC_S: 4635.4705461746762
  ME_READ_S: 22863.887304687501
  ME_READ_L: 9993.3544921875
  ME_WRITE: 9152.232421875
  ME_LARGE: 6047.75
  ME_LATENCY: 60.453782470409628
  ME_THREADED: 57446.900390625
  SUMM_CPU: 12271.852479596755
  SUMM_ME: 2072.4771842252212
SystemInformation:
  OSName: Ubuntu 24.04.1 LTS
  Kernel: 6.8.0-1015-gcp
  Device: ""
  Processor: INTEL XEON PLATINUM 8581C CPU @ 2.30GHz
  NumSockets: 1
  Manufacturer: GenuineIntel
  NumCores: 4
  NumLogicals: 8
  CPUFrequency: 0
  Memory: 15988
  MemModuleInfo:
    iNumMemSticks: 1
    DIMM 1:
      manufacturer: ""
      modulePartNo: ""
      memType: RAM
      size: 16
      clkspeed: 0
      moduleVoltage: 0
Checksum: 4282B261F951FC77DA993653DF6A8D47A2F9532D