BaselineInfo:
  WebDBID: -1
  TimeStamp: 20241115092056
Version:
  Major: 11
  Minor: 0
  Build: 1002
  SpecialBuildName: ""
  ptArchitecture: x86_64_linux
Results:
  Results Complete: true
  NumTestProcesses: 1
  CPU_INTEGER_MATH: 3542.7106666666664
  CPU_FLOATINGPOINT_MATH: 2941.1803705860748
  CPU_PRIME: 10.990609680541908
  CPU_SORTING: 2082.4853156107024
  CPU_ENCRYPTION: 452.15066051895184
  CPU_COMPRESSION: 16907.345596594478
  CPU_SINGLETHREAD: 1622.2847071271151
  CPU_PHYSICS: 196.53540391402558
  CPU_MATRIX_MULT_SSE: 1366.2521070377275
  CPU_mm: 163.79167037460309
  CPU_sse: 629.60792571536035
  CPU_fma: 2013.1361596013041
  CPU_avx: 1362.6549196728224
  CPU_avx512: 1459.6094231614231
  m_CPU_enc_SHA: 247972245.7660183
  m_CPU_enc_AES: 960985558.0371995
  m_CPU_enc_ECDSA: 213385189.20974353
  ME_ALLOC_S: 0
  ME_READ_S: 0
  ME_READ_L: 0
  ME_WRITE: 0
  ME_LARGE: 0
  ME_LATENCY: 0
  ME_THREADED: 0
  SUMM_CPU: 1446.1019482129782
  SUMM_ME: 0
SystemInformation:
  OSName: Ubuntu 24.04.1 LTS
  Kernel: 6.8.0-1017-azure
  Device: ""
  Processor: Intel Xeon Platinum 8272CL CPU @ 2.60GHz
  NumSockets: 1
  Manufacturer: GenuineIntel
  NumCores: 1
  NumLogicals: 1
  CPUFrequency: 0
  Memory: 892
  MemModuleInfo:
    iNumMemSticks: 1
    DIMM 1:
      manufacturer: Microsoft Corporation
      modulePartNo: None
      memType: Unknown
      size: 1
      clkspeed: 0
      moduleVoltage: 0
Checksum: 5806C6EC61FFA982D8E01BFC8E1D1474A5748C24