BaselineInfo:
  WebDBID: -1
  TimeStamp: 20241114185552
Version:
  Major: 11
  Minor: 0
  Build: 1002
  SpecialBuildName: ""
  ptArchitecture: x86_64_linux
Results:
  Results Complete: true
  NumTestProcesses: 1
  CPU_INTEGER_MATH: 3575.9859999999999
  CPU_FLOATINGPOINT_MATH: 3114.631569142633
  CPU_PRIME: 11.926455894398087
  CPU_SORTING: 2450.5979771950379
  CPU_ENCRYPTION: 330.36980561787317
  CPU_COMPRESSION: 17315.984531854232
  CPU_SINGLETHREAD: 1626.6262130926275
  CPU_PHYSICS: 185.03023185976892
  CPU_MATRIX_MULT_SSE: 909.68656467880658
  CPU_mm: 151.06934969071057
  CPU_sse: 630.37062617341019
  CPU_fma: 1316.7122430334332
  CPU_avx: 781.97682482957646
  CPU_avx512: 0
  m_CPU_enc_SHA: 234770302.25193241
  m_CPU_enc_AES: 596907389.9416374
  m_CPU_enc_ECDSA: 207575855.69313112
  ME_ALLOC_S: 0
  ME_READ_S: 0
  ME_READ_L: 0
  ME_WRITE: 0
  ME_LARGE: 0
  ME_LATENCY: 0
  ME_THREADED: 0
  SUMM_CPU: 1306.6005320702209
  SUMM_ME: 0
SystemInformation:
  OSName: Ubuntu 24.04.1 LTS
  Kernel: 6.8.0-1017-azure
  Device: ""
  Processor: Intel Xeon CPU E5-2673 v4 @ 2.30GHz
  NumSockets: 1
  Manufacturer: GenuineIntel
  NumCores: 1
  NumLogicals: 1
  CPUFrequency: 0
  Memory: 892
  MemModuleInfo:
    iNumMemSticks: 1
    DIMM 1:
      manufacturer: Microsoft Corporation
      modulePartNo: None
      memType: Unknown
      size: 1
      clkspeed: 0
      moduleVoltage: 0
Checksum: 7EC4B864D2A49CEEE3DE35461DF570B62C70E32B