BaselineInfo:
  WebDBID: -1
  TimeStamp: 20241106215853
Version:
  Major: 11
  Minor: 0
  Build: 1002
  SpecialBuildName: ""
  ptArchitecture: x86_64_linux
Results:
  Results Complete: true
  NumTestProcesses: 1
  CPU_INTEGER_MATH: 2807.2689999999998
  CPU_FLOATINGPOINT_MATH: 2401.7092444828663
  CPU_PRIME: 9.706687727834483
  CPU_SORTING: 1988.3230657738613
  CPU_ENCRYPTION: 267.17224766987869
  CPU_COMPRESSION: 14834.206901146088
  CPU_SINGLETHREAD: 1400.0532530137627
  CPU_PHYSICS: 154.307093537414
  CPU_MATRIX_MULT_SSE: 824.81443425110035
  CPU_mm: 127.58292366358226
  CPU_sse: 519.49379568559812
  CPU_fma: 1227.157398881428
  CPU_avx: 727.79210818627485
  CPU_avx512: 0
  m_CPU_enc_SHA: 194411210.01939198
  m_CPU_enc_AES: 481677856.63986272
  m_CPU_enc_ECDSA: 164362153.65881747
  ME_ALLOC_S: 464.3255115875163
  ME_READ_S: 17057.372656250001
  ME_READ_L: 99.09979248046875
  ME_WRITE: 117.67311096191406
  ME_LARGE: 520.33333333333337
  ME_LATENCY: 2026.324996930204
  ME_THREADED: 110.43923187255859
  SUMM_CPU: 1071.435072899633
  SUMM_ME: 33.574823644671831
SystemInformation:
  OSName: Ubuntu 24.04.1 LTS
  Kernel: 6.8.0-1017-azure
  Device: ""
  Processor: Intel Xeon CPU E5-2673 v4 @ 2.30GHz
  NumSockets: 1
  Manufacturer: GenuineIntel
  NumCores: 1
  NumLogicals: 1
  CPUFrequency: 0
  Memory: 892
  MemModuleInfo:
    iNumMemSticks: 1
    DIMM 1:
      manufacturer: Microsoft Corporation
      modulePartNo: None
      memType: Unknown
      size: 1
      clkspeed: 0
      moduleVoltage: 0
Checksum: 91CFD5B2B90C86277DEA89C70B06A53C64863809