BaselineInfo:
  WebDBID: -1
  TimeStamp: 20241114212730
Version:
  Major: 11
  Minor: 0
  Build: 1002
  SpecialBuildName: ""
  ptArchitecture: x86_64_linux
Results:
  Results Complete: true
  NumTestProcesses: 1
  CPU_INTEGER_MATH: 2946.4053333333336
  CPU_FLOATINGPOINT_MATH: 2454.4838027508708
  CPU_PRIME: 9.0786508952117373
  CPU_SORTING: 1729.2151530964777
  CPU_ENCRYPTION: 376.28197040781976
  CPU_COMPRESSION: 14624.319410077027
  CPU_SINGLETHREAD: 1321.9157521936818
  CPU_PHYSICS: 165.9891541933803
  CPU_MATRIX_MULT_SSE: 1126.6475793333257
  CPU_mm: 133.70321764525559
  CPU_sse: 507.34138719825296
  CPU_fma: 1649.937913748623
  CPU_avx: 1134.3458400770428
  CPU_avx512: 1214.9651763093839
  m_CPU_enc_SHA: 206138107.57902771
  m_CPU_enc_AES: 800145016.69243813
  m_CPU_enc_ECDSA: 177397605.93558434
  ME_ALLOC_S: 0
  ME_READ_S: 0
  ME_READ_L: 0
  ME_WRITE: 0
  ME_LARGE: 0
  ME_LATENCY: 0
  ME_THREADED: 0
  SUMM_CPU: 1209.8126973040307
  SUMM_ME: 0
SystemInformation:
  OSName: Ubuntu 24.04.1 LTS
  Kernel: 6.8.0-1017-azure
  Device: ""
  Processor: Intel Xeon Platinum 8171M CPU @ 2.60GHz
  NumSockets: 1
  Manufacturer: GenuineIntel
  NumCores: 1
  NumLogicals: 1
  CPUFrequency: 0
  Memory: 892
  MemModuleInfo:
    iNumMemSticks: 1
    DIMM 1:
      manufacturer: Microsoft Corporation
      modulePartNo: None
      memType: Unknown
      size: 1
      clkspeed: 0
      moduleVoltage: 0
Checksum: 56D95BF6D3707539DDE60A825ABDA169BD2071F4