BaselineInfo:
  WebDBID: -1
  TimeStamp: 20241114163615
Version:
  Major: 11
  Minor: 0
  Build: 1002
  SpecialBuildName: ""
  ptArchitecture: x86_64_linux
Results:
  Results Complete: true
  NumTestProcesses: 1
  CPU_INTEGER_MATH: 3546.2843333333335
  CPU_FLOATINGPOINT_MATH: 3020.0971966541456
  CPU_PRIME: 10.679100167930116
  CPU_SORTING: 2113.6440516138268
  CPU_ENCRYPTION: 454.09586698237825
  CPU_COMPRESSION: 16816.789051202857
  CPU_SINGLETHREAD: 1633.3408809414764
  CPU_PHYSICS: 198.49475470437258
  CPU_MATRIX_MULT_SSE: 1399.8360858375454
  CPU_mm: 163.90510278643453
  CPU_sse: 618.40881301162494
  CPU_fma: 2015.2204695093362
  CPU_avx: 1365.0729943059293
  CPU_avx512: 1600.6420665232906
  m_CPU_enc_SHA: 250801018.79602295
  m_CPU_enc_AES: 960513844.49183977
  m_CPU_enc_ECDSA: 217147220.16287994
  ME_ALLOC_S: 0
  ME_READ_S: 0
  ME_READ_L: 0
  ME_WRITE: 0
  ME_LARGE: 0
  ME_LATENCY: 0
  ME_THREADED: 0
  SUMM_CPU: 1456.349546570551
  SUMM_ME: 0
SystemInformation:
  OSName: Ubuntu 24.04.1 LTS
  Kernel: 6.8.0-1017-azure
  Device: ""
  Processor: Intel Xeon Platinum 8272CL CPU @ 2.60GHz
  NumSockets: 1
  Manufacturer: GenuineIntel
  NumCores: 1
  NumLogicals: 1
  CPUFrequency: 0
  Memory: 892
  MemModuleInfo:
    iNumMemSticks: 1
    DIMM 1:
      manufacturer: Microsoft Corporation
      modulePartNo: None
      memType: Unknown
      size: 1
      clkspeed: 0
      moduleVoltage: 0
Checksum: 3C1A7E0DD7BA4A88117CEC9C4840FF6EF36A6910