BaselineInfo:
  WebDBID: -1
  TimeStamp: 20241108051858
Version:
  Major: 11
  Minor: 0
  Build: 1002
  SpecialBuildName: ""
  ptArchitecture: aarch64_linux
Results:
  Results Complete: true
  NumTestProcesses: 16
  CPU_INTEGER_MATH: 83466.748000000007
  CPU_FLOATINGPOINT_MATH: 97009.106880899795
  CPU_PRIME: 237.08007192126198
  CPU_SORTING: 74047.64873227998
  CPU_ENCRYPTION: 3025.7194433714358
  CPU_COMPRESSION: 106401.89045758251
  CPU_SINGLETHREAD: 1942.7101635118647
  CPU_PHYSICS: 4708.3297026349665
  CPU_MATRIX_MULT_SSE: 14729.048360124732
  CPU_mm: 1808.2406619862645
  CPU_sse: 11573.679873310377
  CPU_fma: 17884.416846939086
  CPU_avx: 0
  CPU_avx512: 0
  m_CPU_enc_SHA: 4776870133.2971659
  m_CPU_enc_AES: 1717955756.3291175
  m_CPU_enc_ECDSA: 3023264483.5316586
  ME_ALLOC_S: 24008.079848800709
  ME_READ_S: 20445.342578125001
  ME_READ_L: 19419.77734375
  ME_WRITE: 21261.080078125
  ME_LARGE: 21190.583333333332
  ME_LATENCY: 48.55019728235942
  ME_THREADED: 254578.68359375
  SUMM_CPU: 14571.646524990096
  SUMM_ME: 3108.8317185904834
SystemInformation:
  OSName: Ubuntu 24.04.1 LTS
  Kernel: 6.8.0-1016-aws
  Device: ""
  Processor: ARM Neoverse-V2 16 Core 0 MHz
  NumSockets: 1
  Manufacturer: ARM
  NumCores: 16
  NumLogicals: 16
  CPUFrequency: 0
  Memory: 31491
Checksum: DA4A0DB1901ED56256DC2F3B5AE51B85A88AB319