---
system-info:
      stress-ng-version: 0.17.08
      run-by: root
      date-yyyy-mm-dd: 2024:09:17
      time-hh-mm-ss: 06:44:27
      epoch-secs: 1726555467
      hostname: sc-runner
      sysname: Linux
      nodename: sc-runner
      release: 6.8.0-1014-azure
      version: '#16-Ubuntu SMP Thu Aug 15 20:04:41 UTC 2024'
      machine: x86_64
      compiler: 'musl-gcc 13.2.1'
      uptime: 255
      totalram: 405734875136
      freeram: 392152727552
      sharedram: 105619456
      bufferram: 244768768
      totalswap: 0
      freeswap: 0
      pagesize: 4096
      cpus: 48
      cpus-online: 48
      ticks-per-second: 100

metrics:
    - stressor: cpu
      bogo-ops: 1820967
      bogo-ops-per-second-usr-sys-time: 1897.277240
      bogo-ops-per-second-real-time: 91048.114925
      wall-clock-time: 20.000052
      user-time: 959.738102
      system-time: 0.040976
      cpu-usage-per-instance: 99.976729
      max-rss: 3200

...
