---
system-info:
      stress-ng-version: 0.17.08
      run-by: root
      date-yyyy-mm-dd: 2024:07:12
      time-hh-mm-ss: 07:40:04
      epoch-secs: 1720770004
      hostname: ip-172-31-62-40
      sysname: Linux
      nodename: ip-172-31-62-40
      release: 6.8.0-1010-aws
      version: '#10-Ubuntu SMP Thu Jun 13 17:36:15 UTC 2024'
      machine: x86_64
      compiler: 'musl-gcc 13.2.1'
      uptime: 193
      totalram: 805047599104
      freeram: 797991714816
      sharedram: 54390784
      bufferram: 128303104
      totalswap: 0
      freeswap: 0
      pagesize: 4096
      cpus: 96
      cpus-online: 96
      ticks-per-second: 100

metrics:
    - stressor: cpu
      bogo-ops: 565677
      bogo-ops-per-second-usr-sys-time: 294.850583
      bogo-ops-per-second-real-time: 28283.486613
      wall-clock-time: 20.000257
      user-time: 1918.419945
      system-time: 0.100935
      cpu-usage-per-instance: 99.921679
      max-rss: 768

...
