---
system-info:
      stress-ng-version: 0.17.08
      run-by: root
      date-yyyy-mm-dd: 2024:06:09
      time-hh-mm-ss: 12:35:45
      epoch-secs: 1717936545
      hostname: d487193a1945
      sysname: Linux
      nodename: d487193a1945
      release: 6.8.0-1008-aws
      version: '#8-Ubuntu SMP Sat Apr 20 00:46:25 UTC 2024'
      machine: x86_64
      compiler: 'musl-gcc 13.2.1'
      uptime: 178
      totalram: 805047611392
      freeram: 798266134528
      sharedram: 54407168
      bufferram: 107614208
      totalswap: 0
      freeswap: 0
      pagesize: 4096
      cpus: 96
      cpus-online: 96
      ticks-per-second: 100

metrics:
    - stressor: cpu
      bogo-ops: 757673
      bogo-ops-per-second-usr-sys-time: 790.529894
      bogo-ops-per-second-real-time: 75745.408555
      wall-clock-time: 10.002890
      user-time: 958.190974
      system-time: 0.245899
      cpu-usage-per-instance: 99.808328
      max-rss: 3072

...
