---
system-info:
      stress-ng-version: 0.17.08
      run-by: root
      date-yyyy-mm-dd: 2024:06:06
      time-hh-mm-ss: 14:22:10
      epoch-secs: 1717683730
      hostname: 1313b7dc7989
      sysname: Linux
      nodename: 1313b7dc7989
      release: 6.8.0-1008-aws
      version: '#8-Ubuntu SMP Sat Apr 20 00:46:25 UTC 2024'
      machine: x86_64
      compiler: 'musl-gcc 13.2.1'
      uptime: 144
      totalram: 403765018624
      freeram: 396237492224
      sharedram: 121581568
      bufferram: 85098496
      totalswap: 0
      freeswap: 0
      pagesize: 4096
      cpus: 192
      cpus-online: 192
      ticks-per-second: 100

metrics:
    - stressor: cpu
      bogo-ops: 3075214
      bogo-ops-per-second-usr-sys-time: 1605.341571
      bogo-ops-per-second-real-time: 307484.054022
      wall-clock-time: 10.001215
      user-time: 1915.386604
      system-time: 0.226905
      cpu-usage-per-instance: 99.759420
      max-rss: 3072

...
