---
system-info:
      stress-ng-version: 0.17.08
      run-by: root
      date-yyyy-mm-dd: 2024:06:14
      time-hh-mm-ss: 07:42:07
      epoch-secs: 1718350927
      hostname: bbf46b302390
      sysname: Linux
      nodename: bbf46b302390
      release: 6.8.0-1008-aws
      version: '#8-Ubuntu SMP Sat Apr 20 00:46:25 UTC 2024'
      machine: x86_64
      compiler: 'musl-gcc 13.2.1'
      uptime: 115
      totalram: 403765030912
      freeram: 396263407616
      sharedram: 121581568
      bufferram: 108355584
      totalswap: 0
      freeswap: 0
      pagesize: 4096
      cpus: 192
      cpus-online: 192
      ticks-per-second: 100

metrics:
    - stressor: cpu
      bogo-ops: 11856802
      bogo-ops-per-second-usr-sys-time: 3090.563112
      bogo-ops-per-second-real-time: 592838.651227
      wall-clock-time: 20.000049
      user-time: 3836.384656
      system-time: 0.068952
      cpu-usage-per-instance: 99.907402
      max-rss: 0

...
