---
system-info:
      stress-ng-version: 0.17.08
      run-by: root
      date-yyyy-mm-dd: 2024:07:03
      time-hh-mm-ss: 05:31:51
      epoch-secs: 1719984711
      hostname: n1-highcpu-96-2c7e49e
      sysname: Linux
      nodename: n1-highcpu-96-2c7e49e
      release: 6.8.0-1009-gcp
      version: '#10-Ubuntu SMP Wed Jun 12 18:52:23 UTC 2024'
      machine: x86_64
      compiler: 'musl-gcc 13.2.1'
      uptime: 164
      totalram: 91163828224
      freeram: 85109006336
      sharedram: 82960384
      bufferram: 130093056
      totalswap: 0
      freeswap: 0
      pagesize: 4096
      cpus: 96
      cpus-online: 96
      ticks-per-second: 100

metrics:
    - stressor: cpu
      bogo-ops: 1410626
      bogo-ops-per-second-usr-sys-time: 735.037219
      bogo-ops-per-second-real-time: 70530.852041
      wall-clock-time: 20.000127
      user-time: 1919.057906
      system-time: 0.063962
      cpu-usage-per-instance: 99.953629
      max-rss: 768

...
