---
system-info:
      stress-ng-version: 0.17.08
      run-by: root
      date-yyyy-mm-dd: 2024:06:07
      time-hh-mm-ss: 11:55:35
      epoch-secs: 1717761335
      hostname: 8a1815725cfd
      sysname: Linux
      nodename: 8a1815725cfd
      release: 6.8.0-1008-aws
      version: '#8-Ubuntu SMP Sat Apr 20 00:46:25 UTC 2024'
      machine: x86_64
      compiler: 'musl-gcc 13.2.1'
      uptime: 115
      totalram: 66684055552
      freeram: 62370193408
      sharedram: 40796160
      bufferram: 90320896
      totalswap: 0
      freeswap: 0
      pagesize: 4096
      cpus: 8
      cpus-online: 8
      ticks-per-second: 100

metrics:
    - stressor: cpu
      bogo-ops: 84354
      bogo-ops-per-second-usr-sys-time: 1057.910033
      bogo-ops-per-second-real-time: 8433.805706
      wall-clock-time: 10.001890
      user-time: 79.714468
      system-time: 0.021991
      cpu-usage-per-instance: 99.651736
      max-rss: 4048

...
