---
system-info:
      stress-ng-version: 0.17.08
      run-by: root
      date-yyyy-mm-dd: 2024:06:13
      time-hh-mm-ss: 08:26:56
      epoch-secs: 1718267216
      hostname: df8809c16139
      sysname: Linux
      nodename: df8809c16139
      release: 6.8.0-1008-aws
      version: '#8-Ubuntu SMP Sat Apr 20 00:46:25 UTC 2024'
      machine: x86_64
      compiler: 'musl-gcc 13.2.1'
      uptime: 151
      totalram: 66684051456
      freeram: 62268891136
      sharedram: 40796160
      bufferram: 105553920
      totalswap: 0
      freeswap: 0
      pagesize: 4096
      cpus: 8
      cpus-online: 8
      ticks-per-second: 100

metrics:
    - stressor: cpu
      bogo-ops: 134722
      bogo-ops-per-second-usr-sys-time: 844.435799
      bogo-ops-per-second-real-time: 6736.073922
      wall-clock-time: 20.000077
      user-time: 159.516864
      system-time: 0.023980
      cpu-usage-per-instance: 99.712641
      max-rss: 1104

...
