BaselineInfo:
  WebDBID: -1
  TimeStamp: 20241110070710
Version:
  Major: 11
  Minor: 0
  Build: 1002
  SpecialBuildName: ""
  ptArchitecture: x86_64_linux
Results:
  Results Complete: true
  NumTestProcesses: 32
  CPU_INTEGER_MATH: 90915.949666666682
  CPU_FLOATINGPOINT_MATH: 67221.054061358198
  CPU_PRIME: 245.86127179649401
  CPU_SORTING: 61202.51984998674
  CPU_ENCRYPTION: 8353.4717707928503
  CPU_COMPRESSION: 455270.35536574601
  CPU_SINGLETHREAD: 2001.54391560421
  CPU_PHYSICS: 2015.2089727584121
  CPU_MATRIX_MULT_SSE: 29058.036072601408
  CPU_mm: 4010.4830492405908
  CPU_sse: 16231.591631723019
  CPU_fma: 39775.695694969851
  CPU_avx: 31166.820891111351
  CPU_avx512: 0
  m_CPU_enc_SHA: 5933051123.4958763
  m_CPU_enc_AES: 15096293224.492477
  m_CPU_enc_ECDSA: 5248405698.60429
  ME_ALLOC_S: 16213.441148372396
  ME_READ_S: 21616.721874999999
  ME_READ_L: 9115.7470703125
  ME_WRITE: 8164.3544921875
  ME_LARGE: 440136
  ME_LATENCY: 62.957204617091357
  ME_THREADED: 70867.988037109375
  SUMM_CPU: 26594.185158878841
  SUMM_ME: 2251.4851007855323
SystemInformation:
  OSName: Ubuntu 24.04.1 LTS
  Kernel: 6.8.0-1017-azure
  Device: ""
  Processor: Intel Xeon CPU E5-2698B v3 @ 2.00GHz
  NumSockets: 2
  Manufacturer: GenuineIntel
  NumCores: 32
  NumLogicals: 32
  CPUFrequency: 0
  Memory: 451457
  MemModuleInfo:
    iNumMemSticks: 4
    DIMM 1:
      manufacturer: Microsoft Corporation
      modulePartNo: None
      memType: Unknown
      size: 1
      clkspeed: 0
      moduleVoltage: 0
    DIMM 2:
      manufacturer: Microsoft Corporation
      modulePartNo: None
      memType: Unknown
      size: 60928
      clkspeed: 0
      moduleVoltage: 0
    DIMM 3:
      manufacturer: Microsoft Corporation
      modulePartNo: None
      memType: Unknown
      size: 167424
      clkspeed: 0
      moduleVoltage: 0
    DIMM 4:
      manufacturer: Microsoft Corporation
      modulePartNo: None
      memType: Unknown
      size: 224
      clkspeed: 0
      moduleVoltage: 0
Checksum: A74F750A314693B6BEE5ED69B1DE77CCFAE9D297