---
system-info:
      stress-ng-version: 0.17.08
      run-by: root
      date-yyyy-mm-dd: 2024:09:20
      time-hh-mm-ss: 07:41:10
      epoch-secs: 1726818070
      hostname: sc-runner
      sysname: Linux
      nodename: sc-runner
      release: 6.8.0-1014-azure
      version: '#16-Ubuntu SMP Thu Aug 15 20:04:41 UTC 2024'
      machine: x86_64
      compiler: 'musl-gcc 13.2.1'
      uptime: 312
      totalram: 16766066688
      freeram: 6551011328
      sharedram: 38117376
      bufferram: 251711488
      totalswap: 0
      freeswap: 0
      pagesize: 4096
      cpus: 4
      cpus-online: 4
      ticks-per-second: 100

metrics:
    - stressor: cpu
      bogo-ops: 107676
      bogo-ops-per-second-usr-sys-time: 1356.740154
      bogo-ops-per-second-real-time: 5383.779655
      wall-clock-time: 20.000076
      user-time: 79.330815
      system-time: 0.032945
      cpu-usage-per-instance: 99.204325
      max-rss: 3128

...
