BaselineInfo:
  WebDBID: -1
  TimeStamp: 20260708165911
Version:
  Major: 11
  Minor: 0
  Build: 1004
  SpecialBuildName: ""
  ptArchitecture: x86_64_linux
Results:
  Results Complete: true
  NumTestProcesses: 2
  CPU_INTEGER_MATH: 9858.8470000000016
  CPU_FLOATINGPOINT_MATH: 7171.8532914803036
  CPU_PRIME: 21.752517061361093
  CPU_SORTING: 5014.3002577119223
  CPU_ENCRYPTION: 2120.2734072212284
  CPU_COMPRESSION: 39168.700172544894
  CPU_SINGLETHREAD: 2955.9600631665894
  CPU_PHYSICS: 456.91790998049692
  CPU_MATRIX_MULT_SSE: 2356.9359360988515
  CPU_mm: 266.26939442474293
  CPU_sse: 1143.4146472355192
  CPU_fma: 2972.7444090264262
  CPU_avx: 2292.3847583482075
  CPU_avx512: 3019.1999297852526
  m_CPU_enc_SHA: 2218718517.5474615
  m_CPU_enc_AES: 2936073212.9358454
  m_CPU_enc_ECDSA: 1515011694.2679124
  ME_ALLOC_S: 1008.7304310461662
  ME_READ_S: 26933.939648437499
  ME_READ_L: 19335.578125
  ME_WRITE: 8074.423828125
  ME_LARGE: 1797
  ME_LATENCY: 81.164190406463291
  ME_THREADED: 23457.2138671875
  SUMM_CPU: 3829.8921423587053
  SUMM_ME: 1433.6644715935286
SystemInformation:
  OSName: Ubuntu 24.04.4 LTS
  Kernel: 6.17.0-1018-azure
  Device: ""
  Processor: Intel(R) Xeon(R) 6973P-C
  NumSockets: 1
  Manufacturer: GenuineIntel
  NumCores: 1
  NumLogicals: 2
  CPUFrequency: 2600
  CPUMaxFrequency: 2600
  Memory: 3911
  CPUInfo:
    number: 1
    Family: 6
    Model: 13
    stepping: 1
    features: 529267711
    manufacture: GenuineIntel
    typestring: Intel(R) Xeon(R) 6973P-C
    iCoresPerPackage: 1
    iThreadsPerPackage: 2
    featuresEx:
      - 529267711
      - 4294586915
      - 739248128
    bHybrid: false
    nPCore: 0
    nLogicalsPerPCore: 0
    nECore: 0
    nLogicalsPerECore: 0
  MemModuleInfo:
    iNumMemSticks: 2
    DIMM 1:
      manufacturer: Microsoft Corporation
      modulePartNo: None
      memType: Unknown
      size: 1
      clkspeed: 0
      moduleVoltage: 0
    DIMM 2:
      manufacturer: Microsoft Corporation
      modulePartNo: None
      memType: Unknown
      size: 3
      clkspeed: 0
      moduleVoltage: 0
Checksum: DC6501AC111452163946A819046268320E5C3ABD