BaselineInfo:
  WebDBID: -1
  TimeStamp: 20260621191852
Version:
  Major: 11
  Minor: 0
  Build: 1004
  SpecialBuildName: ""
  ptArchitecture: x86_64_linux
Results:
  Results Complete: true
  NumTestProcesses: 96
  CPU_INTEGER_MATH: 454826.85200000001
  CPU_FLOATINGPOINT_MATH: 329388.58920050343
  CPU_PRIME: 853.03833356945904
  CPU_SORTING: 229650.89077798853
  CPU_ENCRYPTION: 99672.985837490269
  CPU_COMPRESSION: 1745710.0555867339
  CPU_SINGLETHREAD: 3530.5791688136915
  CPU_PHYSICS: 13588.847585919269
  CPU_MATRIX_MULT_SSE: 119233.71461301658
  CPU_mm: 12525.605002361557
  CPU_sse: 54902.115607889718
  CPU_fma: 143841.41668263587
  CPU_avx: 110608.56429288283
  CPU_avx512: 167582.76186865813
  m_CPU_enc_SHA: 106088921932.82866
  m_CPU_enc_AES: 138230304038.23105
  m_CPU_enc_ECDSA: 69224876421.536819
  ME_ALLOC_S: 31524.770613899709
  ME_READ_S: 30728.045312499999
  ME_READ_L: 21878.3671875
  ME_WRITE: 8383.98046875
  ME_LARGE: 182355.16666666666
  ME_LATENCY: 76.770096218196684
  ME_THREADED: 346975.68798828125
  SUMM_CPU: 104787.20863105888
  SUMM_ME: 2554.9636333024887
SystemInformation:
  OSName: Ubuntu 24.04.4 LTS
  Kernel: 6.17.0-1018-azure
  Device: ""
  Processor: Intel(R) Xeon(R) 6973P-C
  NumSockets: 1
  Manufacturer: GenuineIntel
  NumCores: 48
  NumLogicals: 96
  CPUFrequency: 2600
  CPUMaxFrequency: 2600
  Memory: 193385
  CPUInfo:
    number: 1
    Family: 6
    Model: 13
    stepping: 1
    features: 529267711
    manufacture: GenuineIntel
    typestring: Intel(R) Xeon(R) 6973P-C
    iCoresPerPackage: 64
    iThreadsPerPackage: 2
    featuresEx:
      - 529267711
      - 4294586915
      - 739248128
    bHybrid: false
    nPCore: 0
    nLogicalsPerPCore: 0
    nECore: 0
    nLogicalsPerECore: 0
  MemModuleInfo:
    iNumMemSticks: 4
    DIMM 1:
      manufacturer: Microsoft Corporation
      modulePartNo: None
      memType: Unknown
      size: 1
      clkspeed: 0
      moduleVoltage: 0
    DIMM 2:
      manufacturer: Microsoft Corporation
      modulePartNo: None
      memType: Unknown
      size: 59
      clkspeed: 0
      moduleVoltage: 0
    DIMM 3:
      manufacturer: Microsoft Corporation
      modulePartNo: None
      memType: Unknown
      size: 36
      clkspeed: 0
      moduleVoltage: 0
    DIMM 4:
      manufacturer: Microsoft Corporation
      modulePartNo: None
      memType: Unknown
      size: 96
      clkspeed: 0
      moduleVoltage: 0
Checksum: 19BD8664839027A89E3D7262EDF5E66EE89D3D04