BaselineInfo:
  WebDBID: -1
  TimeStamp: 20250418090659
Version:
  Major: 11
  Minor: 0
  Build: 1002
  SpecialBuildName: ""
  ptArchitecture: x86_64_linux
Results:
  Results Complete: true
  NumTestProcesses: 96
  CPU_INTEGER_MATH: 382242.41599999991
  CPU_FLOATINGPOINT_MATH: 270859.36426391714
  CPU_PRIME: 690.40716202838792
  CPU_SORTING: 177593.07283112299
  CPU_ENCRYPTION: 84478.524541375664
  CPU_COMPRESSION: 1366678.0618474137
  CPU_SINGLETHREAD: 2921.5058231064336
  CPU_PHYSICS: 8907.6645457253489
  CPU_MATRIX_MULT_SSE: 106181.55172114242
  CPU_mm: 10448.118450848033
  CPU_sse: 45294.384006743414
  CPU_fma: 120451.5172278237
  CPU_avx: 92044.223545215602
  CPU_avx512: 166936.08210478688
  m_CPU_enc_SHA: 88916204618.642029
  m_CPU_enc_AES: 115862781031.70526
  m_CPU_enc_ECDSA: 60967474398.145279
  ME_ALLOC_S: 25128.711682188321
  ME_READ_S: 26249.6669921875
  ME_READ_L: 7508.87744140625
  ME_WRITE: 6705.080078125
  ME_LARGE: 374800.33333333331
  ME_LATENCY: 103.70483981341143
  ME_THREADED: 200406.10302734375
  SUMM_CPU: 85698.464723925805
  SUMM_ME: 1751.6390874061688
SystemInformation:
  OSName: Ubuntu 24.04.2 LTS
  Kernel: 6.8.0-1021-azure
  Device: ""
  Processor: INTEL XEON PLATINUM 8573C
  NumSockets: 1
  Manufacturer: GenuineIntel
  NumCores: 48
  NumLogicals: 96
  CPUFrequency: 2300
  Memory: 386920
  MemModuleInfo:
    iNumMemSticks: 4
    DIMM 1:
      manufacturer: Microsoft Corporation
      modulePartNo: None
      memType: Unknown
      size: 1
      clkspeed: 0
      moduleVoltage: 0
    DIMM 2:
      manufacturer: Microsoft Corporation
      modulePartNo: None
      memType: Unknown
      size: 59
      clkspeed: 0
      moduleVoltage: 0
    DIMM 3:
      manufacturer: Microsoft Corporation
      modulePartNo: None
      memType: Unknown
      size: 132
      clkspeed: 0
      moduleVoltage: 0
    DIMM 4:
      manufacturer: Microsoft Corporation
      modulePartNo: None
      memType: Unknown
      size: 192
      clkspeed: 0
      moduleVoltage: 0
Checksum: 1FC7BE242A042E55E972D6BCC0A915880150C4BF