---
system-info:
      stress-ng-version: 0.17.08
      run-by: root
      date-yyyy-mm-dd: 2024:06:13
      time-hh-mm-ss: 15:22:47
      epoch-secs: 1718292167
      hostname: b89eb651826f
      sysname: Linux
      nodename: b89eb651826f
      release: 6.8.0-1008-aws
      version: '#8-Ubuntu SMP Sat Apr 20 00:46:25 UTC 2024'
      machine: x86_64
      compiler: 'musl-gcc 13.2.1'
      uptime: 179
      totalram: 535313928192
      freeram: 530051723264
      sharedram: 78761984
      bufferram: 105775104
      totalswap: 0
      freeswap: 0
      pagesize: 4096
      cpus: 64
      cpus-online: 64
      ticks-per-second: 100

metrics:
    - stressor: cpu
      bogo-ops: 1080054
      bogo-ops-per-second-usr-sys-time: 844.213981
      bogo-ops-per-second-real-time: 54002.411847
      wall-clock-time: 20.000107
      user-time: 1279.326499
      system-time: 0.033977
      cpu-usage-per-instance: 99.949504
      max-rss: 512

...
