---
system-info:
      stress-ng-version: 0.17.08
      run-by: root
      date-yyyy-mm-dd: 2024:06:08
      time-hh-mm-ss: 01:19:41
      epoch-secs: 1717809581
      hostname: 5a756da6665b
      sysname: Linux
      nodename: 5a756da6665b
      release: 6.8.0-1008-aws
      version: '#8-Ubuntu SMP Sat Apr 20 00:46:25 UTC 2024'
      machine: x86_64
      compiler: 'musl-gcc 13.2.1'
      uptime: 161
      totalram: 535313903616
      freeram: 529975803904
      sharedram: 78761984
      bufferram: 95084544
      totalswap: 0
      freeswap: 0
      pagesize: 4096
      cpus: 64
      cpus-online: 64
      ticks-per-second: 100

metrics:
    - stressor: cpu
      bogo-ops: 649648
      bogo-ops-per-second-usr-sys-time: 1015.900675
      bogo-ops-per-second-real-time: 64955.304663
      wall-clock-time: 10.001462
      user-time: 639.368883
      system-time: 0.110956
      cpu-usage-per-instance: 99.904121
      max-rss: 4096

...
