size_kb,operation,bandwidth_mb_s,latency_ns,latency_stddev_ns,latency_samples,threads,iterations,elapsed_s
16,read,69293.56,0,0,0,2,409165,0.184525
16,write,52755.15,0,0,0,2,372023,0.220371
16,copy,29515.97,0,0,0,2,246791,0.261290
16,latency,0,1.44,0.05,7,1,7,0.106561
64,read,62252.79,0,0,0,2,155666,0.312568
64,write,37208.21,0,0,0,2,81406,0.273481
64,copy,29506.77,0,0,0,2,80256,0.339990
64,latency,0,4.00,0.02,7,1,7,0.646139
512,read,49513.83,0,0,0,2,22024,0.444805
512,write,33715.29,0,0,0,2,17521,0.519675
512,copy,12666.03,0,0,0,2,7777,0.614004
512,latency,0,7.18,0.04,7,1,7,0.393670
1024,read,25061.66,0,0,0,2,6780,0.541066
1024,write,24175.94,0,0,0,2,6578,0.544177
1024,copy,12057.72,0,0,0,2,2193,0.363750
1024,latency,0,11.56,0.10,7,1,7,0.640458
2048,read,24130.27,0,0,0,2,2200,0.364687
2048,write,23766.66,0,0,0,2,1935,0.325666
2048,copy,11938.12,0,0,0,2,767,0.256992
2048,latency,0,19.49,0.19,7,1,7,0.713422
8192,read,21331.40,0,0,0,2,288,0.216020
8192,write,18258.64,0,0,0,2,278,0.243611
8192,copy,6756.45,0,0,0,2,150,0.355216
8192,latency,0,89.77,3.01,7,1,7,0.822306
16384,read,12324.20,0,0,0,2,142,0.368706
16384,write,10595.08,0,0,0,2,125,0.377534
16384,copy,5549.80,0,0,0,2,75,0.432448
16384,latency,0,102.92,1.18,7,1,7,1.157400
32768,read,11081.87,0,0,0,2,70,0.404264
32768,write,9806.49,0,0,0,2,62,0.404630
32768,copy,5506.17,0,0,0,2,37,0.430063
32768,latency,0,105.55,0.97,7,1,7,2.391437
65536,read,10870.72,0,0,0,2,32,0.376792
65536,write,9733.42,0,0,0,2,30,0.394517
65536,copy,5499.30,0,0,0,2,18,0.418962
65536,latency,0,105.45,0.40,7,1,7,4.851091
131072,read,10930.60,0,0,0,2,17,0.398148
131072,write,9682.88,0,0,0,2,14,0.370138
131072,copy,5465.20,0,0,0,2,9,0.421577
131072,latency,0,109.34,0.91,7,1,7,10.068418
