BaselineInfo:
  WebDBID: -1
  TimeStamp: 20260404235147
Version:
  Major: 11
  Minor: 0
  Build: 1004
  SpecialBuildName: ""
  ptArchitecture: x86_64_linux
Results:
  Results Complete: true
  NumTestProcesses: 16
  CPU_INTEGER_MATH: 67430.71166666667
  CPU_FLOATINGPOINT_MATH: 34486.058047426384
  CPU_PRIME: 134.1057369689758
  CPU_SORTING: 34530.190507342391
  CPU_ENCRYPTION: 14607.611090390439
  CPU_COMPRESSION: 245898.66058638223
  CPU_SINGLETHREAD: 2368.2755447732929
  CPU_PHYSICS: 2077.9006548064144
  CPU_MATRIX_MULT_SSE: 14106.126678482788
  CPU_mm: 1452.8622132147598
  CPU_sse: 6330.7577225973073
  CPU_fma: 17514.446979298507
  CPU_avx: 12977.285004194491
  CPU_avx512: 19602.017007840837
  m_CPU_enc_SHA: 14656991867.220663
  m_CPU_enc_AES: 22236843272.558083
  m_CPU_enc_ECDSA: 9057736080.3729801
  ME_ALLOC_S: 7633.2749565455197
  ME_READ_S: 24344.872460937499
  ME_READ_L: 10654.1748046875
  ME_WRITE: 10935.2587890625
  ME_LARGE: 39941
  ME_LATENCY: 55.597596492066259
  ME_THREADED: 60114.405517578125
  SUMM_CPU: 21025.872547260675
  SUMM_ME: 2511.3979905826791
SystemInformation:
  OSName: Ubuntu 24.04.4 LTS
  Kernel: 6.8.0-106-generic
  Device: ""
  Processor: Intel(R) Xeon(R) Platinum 8369B CPU @ 2.90GHz
  NumSockets: 1
  Manufacturer: GenuineIntel
  NumCores: 8
  NumLogicals: 16
  CPUFrequency: 0
  CPUMaxFrequency: 0
  Memory: 59885
  CPUInfo:
    number: 1
    Family: 6
    Model: 10
    stepping: 6
    features: 529267711
    manufacture: GenuineIntel
    typestring: Intel(R) Xeon(R) Platinum 8369B CPU @ 2.90GHz
    iCoresPerPackage: 8
    iThreadsPerPackage: 2
    featuresEx:
      - 529267711
      - 4277809667
      - 739248128
    bHybrid: false
    nPCore: 0
    nLogicalsPerPCore: 0
    nECore: 0
    nLogicalsPerECore: 0
  MemModuleInfo:
    iNumMemSticks: 4
    DIMM 1:
      manufacturer: Alibaba Cloud
      modulePartNo: Not Specified
      memType: RAM
      size: 16
      clkspeed: 0
      moduleVoltage: 0
    DIMM 2:
      manufacturer: Alibaba Cloud
      modulePartNo: Not Specified
      memType: RAM
      size: 16
      clkspeed: 0
      moduleVoltage: 0
    DIMM 3:
      manufacturer: Alibaba Cloud
      modulePartNo: Not Specified
      memType: RAM
      size: 16
      clkspeed: 0
      moduleVoltage: 0
    DIMM 4:
      manufacturer: Alibaba Cloud
      modulePartNo: Not Specified
      memType: RAM
      size: 13248
      clkspeed: 0
      moduleVoltage: 0
Checksum: F7B9D2448A158FBC77D628DE9E76743DCB621427