---
system-info:
      stress-ng-version: 0.17.08
      run-by: root
      date-yyyy-mm-dd: 2024:07:26
      time-hh-mm-ss: 17:44:11
      epoch-secs: 1722015851
      hostname: ip-172-31-27-189
      sysname: Linux
      nodename: ip-172-31-27-189
      release: 6.8.0-1012-aws
      version: '#13-Ubuntu SMP Mon Jul 15 13:40:27 UTC 2024'
      machine: x86_64
      compiler: 'musl-gcc 13.2.1'
      uptime: 155
      totalram: 135026417664
      freeram: 129473908736
      sharedram: 48771072
      bufferram: 139264000
      totalswap: 0
      freeswap: 0
      pagesize: 4096
      cpus: 32
      cpus-online: 32
      ticks-per-second: 100

metrics:
    - stressor: cpu
      bogo-ops: 327900
      bogo-ops-per-second-usr-sys-time: 512.773947
      bogo-ops-per-second-real-time: 16394.864522
      wall-clock-time: 20.000165
      user-time: 639.438102
      system-time: 0.024963
      cpu-usage-per-instance: 99.915278
      max-rss: 1032

...
