BaselineInfo:
  WebDBID: -1
  TimeStamp: 20241109064433
Version:
  Major: 11
  Minor: 0
  Build: 1002
  SpecialBuildName: ""
  ptArchitecture: x86_64_linux
Results:
  Results Complete: true
  NumTestProcesses: 64
  CPU_INTEGER_MATH: 165839.50433333332
  CPU_FLOATINGPOINT_MATH: 87354.86746698471
  CPU_PRIME: 146.78383931455954
  CPU_SORTING: 92390.66607610973
  CPU_ENCRYPTION: 51705.039032001616
  CPU_COMPRESSION: 697785.93979349243
  CPU_SINGLETHREAD: 1447.5905344138155
  CPU_PHYSICS: 3458.4600928730383
  CPU_MATRIX_MULT_SSE: 25880.611506313428
  CPU_mm: 4827.7143704939881
  CPU_sse: 19154.952887606254
  CPU_fma: 30050.404048267748
  CPU_avx: 28436.477583066291
  CPU_avx512: 0
  m_CPU_enc_SHA: 73437533391.15451
  m_CPU_enc_AES: 50880440126.024796
  m_CPU_enc_ECDSA: 38332015506.881058
  ME_ALLOC_S: 14867.607382339431
  ME_READ_S: 14848.378613281249
  ME_READ_L: 10940.27734375
  ME_WRITE: 8254.400390625
  ME_LARGE: 499227.75
  ME_LATENCY: 63.331956697534217
  ME_THREADED: 112175.60693359375
  SUMM_CPU: 36739.893135510596
  SUMM_ME: 2162.6012424316477
SystemInformation:
  OSName: Ubuntu 24.04.1 LTS
  Kernel: 6.8.0-1016-aws
  Device: ""
  Processor: AMD EPYC 7571
  NumSockets: 1
  Manufacturer: AuthenticAMD
  NumCores: 32
  NumLogicals: 64
  CPUFrequency: 0
  Memory: 511798
  MemModuleInfo:
    iNumMemSticks: 4
    DIMM 1:
      manufacturer: Not Specified
      modulePartNo: Not Specified
      memType: DDR4
      size: 128
      clkspeed: 1600
      moduleVoltage: 0
    DIMM 2:
      manufacturer: Not Specified
      modulePartNo: Not Specified
      memType: DDR4
      size: 128
      clkspeed: 1600
      moduleVoltage: 0
    DIMM 3:
      manufacturer: Not Specified
      modulePartNo: Not Specified
      memType: DDR4
      size: 128
      clkspeed: 1600
      moduleVoltage: 0
    DIMM 4:
      manufacturer: Not Specified
      modulePartNo: Not Specified
      memType: DDR4
      size: 128
      clkspeed: 1600
      moduleVoltage: 0
Checksum: F68C20EBB166190C8E75B95F54DDD8830E75E8FA