---
system-info:
      stress-ng-version: 0.17.08
      run-by: root
      date-yyyy-mm-dd: 2024:06:13
      time-hh-mm-ss: 09:56:34
      epoch-secs: 1718272594
      hostname: 2fd4d1e5dcb6
      sysname: Linux
      nodename: 2fd4d1e5dcb6
      release: 6.8.0-1008-aws
      version: '#8-Ubuntu SMP Sat Apr 20 00:46:25 UTC 2024'
      machine: x86_64
      compiler: 'musl-gcc 13.2.1'
      uptime: 152
      totalram: 264731148288
      freeram: 259538870272
      sharedram: 72699904
      bufferram: 107565056
      totalswap: 0
      freeswap: 0
      pagesize: 4096
      cpus: 64
      cpus-online: 64
      ticks-per-second: 100

metrics:
    - stressor: cpu
      bogo-ops: 25664
      bogo-ops-per-second-usr-sys-time: 1283.226306
      bogo-ops-per-second-real-time: 1283.192948
      wall-clock-time: 20.000110
      user-time: 19.997591
      system-time: 0.001999
      cpu-usage-per-instance: 99.997400
      max-rss: 512

...
