---
system-info:
      stress-ng-version: 0.17.08
      run-by: root
      date-yyyy-mm-dd: 2024:06:07
      time-hh-mm-ss: 17:57:08
      epoch-secs: 1717783028
      hostname: 464d301be8d3
      sysname: Linux
      nodename: 464d301be8d3
      release: 6.8.0-1008-aws
      version: '#8-Ubuntu SMP Sat Apr 20 00:46:25 UTC 2024'
      machine: x86_64
      compiler: 'musl-gcc 13.2.1'
      uptime: 171
      totalram: 264731164672
      freeram: 259711766528
      sharedram: 72699904
      bufferram: 93810688
      totalswap: 0
      freeswap: 0
      pagesize: 4096
      cpus: 64
      cpus-online: 64
      ticks-per-second: 100

metrics:
    - stressor: cpu
      bogo-ops: 13956
      bogo-ops-per-second-usr-sys-time: 1395.582555
      bogo-ops-per-second-real-time: 1395.562901
      wall-clock-time: 10.000266
      user-time: 9.999125
      system-time: 0.001000
      cpu-usage-per-instance: 99.998592
      max-rss: 3584

...
