BaselineInfo:
  WebDBID: -1
  TimeStamp: 20241107073814
Version:
  Major: 11
  Minor: 0
  Build: 1002
  SpecialBuildName: ""
  ptArchitecture: x86_64_linux
Results:
  Results Complete: true
  NumTestProcesses: 4
  CPU_INTEGER_MATH: 16218.837666666666
  CPU_FLOATINGPOINT_MATH: 8997.8139948670669
  CPU_PRIME: 33.008730018099413
  CPU_SORTING: 8759.1913822073675
  CPU_ENCRYPTION: 4217.6626770247576
  CPU_COMPRESSION: 61521.83523740407
  CPU_SINGLETHREAD: 2300.8440174244461
  CPU_PHYSICS: 650.03154464427894
  CPU_MATRIX_MULT_SSE: 3420.2921375730266
  CPU_mm: 433.8351978209069
  CPU_sse: 1826.5002365760927
  CPU_fma: 4859.1845974950174
  CPU_avx: 3575.1915786479708
  CPU_avx512: 0
  m_CPU_enc_SHA: 6136839630.8648691
  m_CPU_enc_AES: 3927141698.0940275
  m_CPU_enc_ECDSA: 3203638248.7128372
  ME_ALLOC_S: 1567.2800958416994
  ME_READ_S: 22254.744531249999
  ME_READ_L: 12474.525390625
  ME_WRITE: 12141.869140625
  ME_LARGE: 6013.333333333333
  ME_LATENCY: 92.914326457265858
  ME_THREADED: 31281.96337890625
  SUMM_CPU: 5910.8585725704024
  SUMM_ME: 1691.6379975892376
SystemInformation:
  OSName: Ubuntu 24.04.1 LTS
  Kernel: 6.8.0-1015-gcp
  Device: ""
  Processor: AMD EPYC 7B13
  NumSockets: 1
  Manufacturer: AuthenticAMD
  NumCores: 2
  NumLogicals: 4
  CPUFrequency: 0
  Memory: 15990
  MemModuleInfo:
    iNumMemSticks: 1
    DIMM 1:
      manufacturer: ""
      modulePartNo: ""
      memType: RAM
      size: 16
      clkspeed: 0
      moduleVoltage: 0
Checksum: 223C36C31A49802498980E0C6611E76E3E6C5DE1