BaselineInfo:
  WebDBID: -1
  TimeStamp: 20241110071938
Version:
  Major: 11
  Minor: 0
  Build: 1002
  SpecialBuildName: ""
  ptArchitecture: x86_64_linux
Results:
  Results Complete: true
  NumTestProcesses: 24
  CPU_INTEGER_MATH: 144712.83899999998
  CPU_FLOATINGPOINT_MATH: 127503.94464198717
  CPU_PRIME: 471.35829781583237
  CPU_SORTING: 90943.168698430469
  CPU_ENCRYPTION: 31370.984335245077
  CPU_COMPRESSION: 630463.62850979844
  CPU_SINGLETHREAD: 2888.0642615924321
  CPU_PHYSICS: 8425.4016368249722
  CPU_MATRIX_MULT_SSE: 59790.006618207575
  CPU_mm: 6250.7661612508864
  CPU_sse: 27776.027604103554
  CPU_fma: 81797.732087683849
  CPU_avx: 70222.90844793983
  CPU_avx512: 59363.358333103017
  m_CPU_enc_SHA: 43293402661.741859
  m_CPU_enc_AES: 27465508990.877838
  m_CPU_enc_ECDSA: 27925672158.322151
  ME_ALLOC_S: 24969.180444383022
  ME_READ_S: 27856.349414062501
  ME_READ_L: 27132.07421875
  ME_WRITE: 26514.962890625
  ME_LARGE: 746058.91666666663
  ME_LATENCY: 75.607973356860043
  ME_THREADED: 658440.912109375
  SUMM_CPU: 50953.521418192926
  SUMM_ME: 2915.0624046995572
SystemInformation:
  OSName: Ubuntu 24.04.1 LTS
  Kernel: 6.8.0-1016-aws
  Device: ""
  Processor: AMD EPYC 9R14
  NumSockets: 2
  Manufacturer: AuthenticAMD
  NumCores: 24
  NumLogicals: 24
  CPUFrequency: 0
  Memory: 757830
  MemModuleInfo:
    iNumMemSticks: 2
    DIMM 1:
      manufacturer: Not Specified
      modulePartNo: Not Specified
      memType: DDR5
      size: 384
      clkspeed: 2400
      moduleVoltage: 0
    DIMM 2:
      manufacturer: Not Specified
      modulePartNo: Not Specified
      memType: DDR5
      size: 384
      clkspeed: 2400
      moduleVoltage: 0
Checksum: 3AFCC4C0C29AAFB5E04CD1C13EF4B7AFF78E0F78