---
system-info:
      stress-ng-version: 0.17.08
      run-by: root
      date-yyyy-mm-dd: 2024:07:02
      time-hh-mm-ss: 08:51:01
      epoch-secs: 1719910261
      hostname: n4-highmem-16-e6a1b28
      sysname: Linux
      nodename: n4-highmem-16-e6a1b28
      release: 6.8.0-1009-gcp
      version: '#10-Ubuntu SMP Wed Jun 12 18:52:23 UTC 2024'
      machine: x86_64
      compiler: 'musl-gcc 13.2.1'
      uptime: 117
      totalram: 135066497024
      freeram: 129547575296
      sharedram: 274145280
      bufferram: 126091264
      totalswap: 0
      freeswap: 0
      pagesize: 4096
      cpus: 16
      cpus-online: 16
      ticks-per-second: 100

metrics:
    - stressor: cpu
      bogo-ops: 280091
      bogo-ops-per-second-usr-sys-time: 876.041930
      bogo-ops-per-second-real-time: 14004.490557
      wall-clock-time: 20.000085
      user-time: 319.701290
      system-time: 0.021991
      cpu-usage-per-instance: 99.913101
      max-rss: 1104

...
