---
system-info:
      stress-ng-version: 0.17.08
      run-by: root
      date-yyyy-mm-dd: 2024:06:14
      time-hh-mm-ss: 04:55:24
      epoch-secs: 1718340924
      hostname: 534963ed13d7
      sysname: Linux
      nodename: 534963ed13d7
      release: 6.8.0-1008-aws
      version: '#8-Ubuntu SMP Sat Apr 20 02:43:14 UTC 2024'
      machine: aarch64
      compiler: 'musl-gcc 13.2.1'
      uptime: 120
      totalram: 66195951616
      freeram: 61710524416
      sharedram: 35106816
      bufferram: 106549248
      totalswap: 0
      freeswap: 0
      pagesize: 4096
      cpus: 32
      cpus-online: 32
      ticks-per-second: 100

metrics:
    - stressor: cpu
      bogo-ops: 971750
      bogo-ops-per-second-usr-sys-time: 1519.167883
      bogo-ops-per-second-real-time: 48587.298237
      wall-clock-time: 20.000083
      user-time: 639.638400
      system-time: 0.020989
      cpu-usage-per-instance: 99.946364
      max-rss: 1280

...
