---
system-info:
      stress-ng-version: 0.17.08
      run-by: root
      date-yyyy-mm-dd: 2024:06:06
      time-hh-mm-ss: 07:31:10
      epoch-secs: 1717659070
      hostname: 9472bce6f8f0
      sysname: Linux
      nodename: 9472bce6f8f0
      release: 6.8.0-1008-aws
      version: '#8-Ubuntu SMP Sat Apr 20 02:43:14 UTC 2024'
      machine: aarch64
      compiler: 'musl-gcc 13.2.1'
      uptime: 115
      totalram: 66195955712
      freeram: 61886861312
      sharedram: 35106816
      bufferram: 80076800
      totalswap: 0
      freeswap: 0
      pagesize: 4096
      cpus: 32
      cpus-online: 32
      ticks-per-second: 100

metrics:
    - stressor: cpu
      bogo-ops: 94059
      bogo-ops-per-second-usr-sys-time: 292.865767
      bogo-ops-per-second-real-time: 9363.924163
      wall-clock-time: 10.044827
      user-time: 321.140633
      system-time: 0.026982
      cpu-usage-per-instance: 99.916980
      max-rss: 3840

...
