BaselineInfo:
  WebDBID: -1
  TimeStamp: 20241107234536
Version:
  Major: 11
  Minor: 0
  Build: 1002
  SpecialBuildName: ""
  ptArchitecture: x86_64_linux
Results:
  Results Complete: true
  NumTestProcesses: 2
  CPU_INTEGER_MATH: 5446.7176666666664
  CPU_FLOATINGPOINT_MATH: 2928.1346253197967
  CPU_PRIME: 12.610862133273775
  CPU_SORTING: 2914.8494051351036
  CPU_ENCRYPTION: 747.55925227620605
  CPU_COMPRESSION: 23948.216109238587
  CPU_SINGLETHREAD: 1705.2213615248527
  CPU_PHYSICS: 267.39935728606986
  CPU_MATRIX_MULT_SSE: 1658.2449760869399
  CPU_mm: 164.62764753738804
  CPU_sse: 588.48017107085604
  CPU_fma: 2025.9307171172411
  CPU_avx: 1428.5725902901195
  CPU_avx512: 2589.9964258695427
  m_CPU_enc_SHA: 246521549.19218278
  m_CPU_enc_AES: 1887390823.3502245
  m_CPU_enc_ECDSA: 217705699.00191796
  ME_ALLOC_S: 639.85543184821427
  ME_READ_S: 21424.7060546875
  ME_READ_L: 11468.9365234375
  ME_WRITE: 9381.3349609375
  ME_LARGE: 54360.916666666664
  ME_LATENCY: 57.399712822361266
  ME_THREADED: 11322.013671875
  SUMM_CPU: 1985.9632153827861
  SUMM_ME: 1733.8274496837023
SystemInformation:
  OSName: Ubuntu 24.04.1 LTS
  Kernel: 6.8.0-1017-azure
  Device: ""
  Processor: Intel Xeon Platinum 8272CL CPU @ 2.60GHz
  NumSockets: 1
  Manufacturer: GenuineIntel
  NumCores: 1
  NumLogicals: 2
  CPUFrequency: 0
  Memory: 64301
  MemModuleInfo:
    iNumMemSticks: 3
    DIMM 1:
      manufacturer: Microsoft Corporation
      modulePartNo: None
      memType: Unknown
      size: 1
      clkspeed: 0
      moduleVoltage: 0
    DIMM 2:
      manufacturer: Microsoft Corporation
      modulePartNo: None
      memType: Unknown
      size: 60928
      clkspeed: 0
      moduleVoltage: 0
    DIMM 3:
      manufacturer: Microsoft Corporation
      modulePartNo: None
      memType: Unknown
      size: 3584
      clkspeed: 0
      moduleVoltage: 0
Checksum: 95B41EDF475C3B3251940EFF3777CEDC0D3B3C31