BaselineInfo:
  WebDBID: -1
  TimeStamp: 20260403210427
Version:
  Major: 11
  Minor: 0
  Build: 1004
  SpecialBuildName: ""
  ptArchitecture: x86_64_linux
Results:
  Results Complete: true
  NumTestProcesses: 2
  CPU_INTEGER_MATH: 8276.9906666666666
  CPU_FLOATINGPOINT_MATH: 4584.3253540842061
  CPU_PRIME: 18.673192649974055
  CPU_SORTING: 4640.188312601822
  CPU_ENCRYPTION: 2149.1314972846549
  CPU_COMPRESSION: 32641.744202868693
  CPU_SINGLETHREAD: 2320.6128487085921
  CPU_PHYSICS: 398.12764841489843
  CPU_MATRIX_MULT_SSE: 1766.1715859770366
  CPU_mm: 223.84350858753504
  CPU_sse: 950.75460428082488
  CPU_fma: 2585.5232041706058
  CPU_avx: 1762.2369494796797
  CPU_avx512: 0
  m_CPU_enc_SHA: 3123157316.1886444
  m_CPU_enc_AES: 1995177775.1839571
  m_CPU_enc_ECDSA: 1642248035.3176608
  ME_ALLOC_S: 954.03863265451923
  ME_READ_S: 23322.216406250001
  ME_READ_L: 13330.8330078125
  ME_WRITE: 11320.951171875
  ME_LARGE: 2795.3333333333335
  ME_LATENCY: 63.989143715224969
  ME_THREADED: 20186.4931640625
  SUMM_CPU: 3141.5156125396556
  SUMM_ME: 1650.553303894703
SystemInformation:
  OSName: Ubuntu 24.04.4 LTS
  Kernel: 6.8.0-106-generic
  Device: ""
  Processor: "AMD EPYC 7T83 64-Core Processor                "
  NumSockets: 1
  Manufacturer: AuthenticAMD
  NumCores: 1
  NumLogicals: 2
  CPUFrequency: 0
  CPUMaxFrequency: 0
  Memory: 15340
  CPUInfo:
    number: 1
    Family: 15
    Model: 1
    stepping: 1
    features: 395049983
    manufacture: AuthenticAMD
    typestring: "AMD EPYC 7T83 64-Core Processor                "
    iCoresPerPackage: 1
    iThreadsPerPackage: 2
    featuresEx:
      - 395049983
      - 4277809667
      - 802421759
    bHybrid: false
    nPCore: 0
    nLogicalsPerPCore: 0
    nECore: 0
    nLogicalsPerECore: 0
  MemModuleInfo:
    iNumMemSticks: 1
    DIMM 1:
      manufacturer: Alibaba Cloud
      modulePartNo: Not Specified
      memType: RAM
      size: 16
      clkspeed: 0
      moduleVoltage: 0
Checksum: 92FFA96EF8F09DCA8229CFC9366F66D41DA1C77E