---
system-info:
      stress-ng-version: 0.17.08
      run-by: root
      date-yyyy-mm-dd: 2024:06:05
      time-hh-mm-ss: 20:51:19
      epoch-secs: 1717620679
      hostname: f245093da0ad
      sysname: Linux
      nodename: f245093da0ad
      release: 6.8.0-1008-aws
      version: '#8-Ubuntu SMP Sat Apr 20 00:46:25 UTC 2024'
      machine: x86_64
      compiler: 'musl-gcc 13.2.1'
      uptime: 111
      totalram: 16377597952
      freeram: 12248530944
      sharedram: 40783872
      bufferram: 78958592
      totalswap: 0
      freeswap: 0
      pagesize: 4096
      cpus: 8
      cpus-online: 8
      ticks-per-second: 100

metrics:
    - stressor: cpu
      bogo-ops: 93744
      bogo-ops-per-second-usr-sys-time: 1175.329721
      bogo-ops-per-second-real-time: 9373.102632
      wall-clock-time: 10.001384
      user-time: 79.738757
      system-time: 0.020989
      cpu-usage-per-instance: 99.685885
      max-rss: 3920

...
