---
system-info:
      stress-ng-version: 0.17.08
      run-by: root
      date-yyyy-mm-dd: 2024:06:12
      time-hh-mm-ss: 17:55:49
      epoch-secs: 1718214949
      hostname: 47b996bd9220
      sysname: Linux
      nodename: 47b996bd9220
      release: 6.8.0-1008-aws
      version: '#8-Ubuntu SMP Sat Apr 20 00:46:25 UTC 2024'
      machine: x86_64
      compiler: 'musl-gcc 13.2.1'
      uptime: 133
      totalram: 16377597952
      freeram: 11998146560
      sharedram: 40783872
      bufferram: 110813184
      totalswap: 0
      freeswap: 0
      pagesize: 4096
      cpus: 8
      cpus-online: 8
      ticks-per-second: 100

metrics:
    - stressor: cpu
      bogo-ops: 139224
      bogo-ops-per-second-usr-sys-time: 872.300532
      bogo-ops-per-second-real-time: 6961.192428
      wall-clock-time: 20.000022
      user-time: 159.594548
      system-time: 0.010995
      cpu-usage-per-instance: 99.753356
      max-rss: 1104

...
