---
system-info:
      stress-ng-version: 0.17.08
      run-by: root
      date-yyyy-mm-dd: 2024:06:12
      time-hh-mm-ss: 20:41:18
      epoch-secs: 1718224878
      hostname: b368a51aaa7e
      sysname: Linux
      nodename: b368a51aaa7e
      release: 6.8.0-1008-aws
      version: '#8-Ubuntu SMP Sat Apr 20 00:46:25 UTC 2024'
      machine: x86_64
      compiler: 'musl-gcc 13.2.1'
      uptime: 145
      totalram: 16377597952
      freeram: 11977060352
      sharedram: 40783872
      bufferram: 111308800
      totalswap: 0
      freeswap: 0
      pagesize: 4096
      cpus: 8
      cpus-online: 8
      ticks-per-second: 100

metrics:
    - stressor: cpu
      bogo-ops: 156531
      bogo-ops-per-second-usr-sys-time: 980.920494
      bogo-ops-per-second-real-time: 7826.504213
      wall-clock-time: 20.000117
      user-time: 159.552633
      system-time: 0.022991
      cpu-usage-per-instance: 99.734182
      max-rss: 1104

...
