BaselineInfo:
  WebDBID: -1
  TimeStamp: 20251219100506
Version:
  Major: 11
  Minor: 0
  Build: 1002
  SpecialBuildName: ""
  ptArchitecture: x86_64_linux
Results:
  Results Complete: true
  NumTestProcesses: 128
  CPU_INTEGER_MATH: 672461.11666666681
  CPU_FLOATINGPOINT_MATH: 434758.14987565519
  CPU_PRIME: 1361.1894575739668
  CPU_SORTING: 296700.33467732847
  CPU_ENCRYPTION: 136505.71857042777
  CPU_COMPRESSION: 2191566.2705248832
  CPU_SINGLETHREAD: 2939.0194510260867
  CPU_PHYSICS: 14421.297624508808
  CPU_MATRIX_MULT_SSE: 146114.69991823865
  CPU_mm: 15825.156632344722
  CPU_sse: 72093.286827996999
  CPU_fma: 206352.05159437907
  CPU_avx: 159898.76133234004
  CPU_avx512: 0
  m_CPU_enc_SHA: 194105293323.00122
  m_CPU_enc_AES: 127239291136.46234
  m_CPU_enc_ECDSA: 108065276607.65092
  ME_ALLOC_S: 30227.635824669462
  ME_READ_S: 27769.680273437501
  ME_READ_L: 27079.296875
  ME_WRITE: 21813.806640625
  ME_LARGE: 235984.08333333334
  ME_LATENCY: 70.229230553458819
  ME_THREADED: 348017.328125
  SUMM_CPU: 111517.28058369542
  SUMM_ME: 2997.2454545449968
SystemInformation:
  OSName: Ubuntu 24.04.2 LTS
  Kernel: 6.8.0-86-generic
  Device: ""
  Processor: AMD EPYC-Milan Processor
  NumSockets: 128
  Manufacturer: AuthenticAMD
  NumCores: 128
  NumLogicals: 128
  CPUFrequency: 0
  Memory: 251650
  MemModuleInfo:
    iNumMemSticks: 1
    DIMM 1:
      manufacturer: QEMU
      modulePartNo: Not Specified
      memType: RAM
      size: 250
      clkspeed: 0
      moduleVoltage: 0
Checksum: 2A4D3777B10135656A8717FBA047322D415292A5