BaselineInfo:
  WebDBID: -1
  TimeStamp: 20241108051930
Version:
  Major: 11
  Minor: 0
  Build: 1002
  SpecialBuildName: ""
  ptArchitecture: x86_64_linux
Results:
  Results Complete: true
  NumTestProcesses: 12
  CPU_INTEGER_MATH: 33084.319666666663
  CPU_FLOATINGPOINT_MATH: 17736.22678579612
  CPU_PRIME: 66.486171190984919
  CPU_SORTING: 17262.984839615405
  CPU_ENCRYPTION: 4546.8391095228772
  CPU_COMPRESSION: 147036.36326903442
  CPU_SINGLETHREAD: 1813.0963003229513
  CPU_PHYSICS: 1228.0992096140189
  CPU_MATRIX_MULT_SSE: 8880.9637736034565
  CPU_mm: 1006.2719099662045
  CPU_sse: 3599.8710463531806
  CPU_fma: 10640.381095993593
  CPU_avx: 7523.3778496609493
  CPU_avx512: 13760.225102406104
  m_CPU_enc_SHA: 1494104274.6829579
  m_CPU_enc_AES: 11471062058.912319
  m_CPU_enc_ECDSA: 1337952764.7259037
  ME_ALLOC_S: 3916.6490464285553
  ME_READ_S: 22144.5869140625
  ME_READ_L: 10688.5009765625
  ME_WRITE: 10100.2783203125
  ME_LARGE: 12484.833333333334
  ME_LATENCY: 53.398366362532613
  ME_THREADED: 64743.044921875
  SUMM_CPU: 10911.355170895944
  SUMM_ME: 2345.9140557602987
SystemInformation:
  OSName: Ubuntu 24.04.1 LTS
  Kernel: 6.8.0-1016-aws
  Device: ""
  Processor: Intel Xeon Platinum 8259CL CPU @ 2.50GHz
  NumSockets: 1
  Manufacturer: GenuineIntel
  NumCores: 6
  NumLogicals: 12
  CPUFrequency: 0
  Memory: 22519
  MemModuleInfo:
    iNumMemSticks: 1
    DIMM 1:
      manufacturer: Not Specified
      modulePartNo: Not Specified
      memType: DDR4
      size: 24
      clkspeed: 1466
      moduleVoltage: 0
Checksum: 6FBC91AEFD8DEB52B303BB41E9F32B4CB721A5FB