---
system-info:
      stress-ng-version: 0.17.08
      run-by: root
      date-yyyy-mm-dd: 2024:06:06
      time-hh-mm-ss: 16:56:38
      epoch-secs: 1717692998
      hostname: 3191fb93230b
      sysname: Linux
      nodename: 3191fb93230b
      release: 6.8.0-1008-aws
      version: '#8-Ubuntu SMP Sat Apr 20 02:43:14 UTC 2024'
      machine: aarch64
      compiler: 'musl-gcc 13.2.1'
      uptime: 143
      totalram: 3993088000
      freeram: 70782976
      sharedram: 35008512
      bufferram: 77307904
      totalswap: 0
      freeswap: 0
      pagesize: 4096
      cpus: 2
      cpus-online: 2
      ticks-per-second: 100

metrics:
    - stressor: cpu
      bogo-ops: 4267
      bogo-ops-per-second-usr-sys-time: 424.583958
      bogo-ops-per-second-real-time: 424.550910
      wall-clock-time: 10.050620
      user-time: 10.047839
      system-time: 0.001999
      cpu-usage-per-instance: 99.992216
      max-rss: 4008

...
