---
system-info:
      stress-ng-version: 0.17.08
      run-by: root
      date-yyyy-mm-dd: 2024:06:15
      time-hh-mm-ss: 09:55:48
      epoch-secs: 1718445348
      hostname: 18bfd5c92227
      sysname: Linux
      nodename: 18bfd5c92227
      release: 6.8.0-1008-aws
      version: '#8-Ubuntu SMP Sat Apr 20 02:43:14 UTC 2024'
      machine: aarch64
      compiler: 'musl-gcc 13.2.1'
      uptime: 134
      totalram: 3993088000
      freeram: 179486720
      sharedram: 35008512
      bufferram: 98430976
      totalswap: 0
      freeswap: 0
      pagesize: 4096
      cpus: 2
      cpus-online: 2
      ticks-per-second: 100

metrics:
    - stressor: cpu
      bogo-ops: 30667
      bogo-ops-per-second-usr-sys-time: 1533.352300
      bogo-ops-per-second-real-time: 1533.342853
      wall-clock-time: 20.000093
      user-time: 19.999970
      system-time: 0.000000
      cpu-usage-per-instance: 99.999384
      max-rss: 1320

...
