BaselineInfo:
  WebDBID: -1
  TimeStamp: 20260405081309
Version:
  Major: 11
  Minor: 0
  Build: 1004
  SpecialBuildName: ""
  ptArchitecture: aarch64_linux
Results:
  Results Complete: true
  NumTestProcesses: 64
  CPU_INTEGER_MATH: 303646.52833333338
  CPU_FLOATINGPOINT_MATH: 230524.03352630112
  CPU_PRIME: 211.78115284263828
  CPU_SORTING: 200189.86097734261
  CPU_ENCRYPTION: 10451.405191177668
  CPU_COMPRESSION: 362249.10153578955
  CPU_SINGLETHREAD: 1331.2804890451537
  CPU_PHYSICS: 3311.5556577533907
  CPU_MATRIX_MULT_SSE: 47942.579008557135
  CPU_mm: 8005.5225054779994
  CPU_sse: 40181.634429742226
  CPU_fma: 55703.523587372038
  CPU_avx: 0
  CPU_avx512: 0
  m_CPU_enc_SHA: 15675239873.163567
  m_CPU_enc_AES: 7296742346.4193916
  m_CPU_enc_ECDSA: 9905295729.6499729
  ME_ALLOC_S: 12143.36375336948
  ME_READ_S: 11376.31650390625
  ME_READ_L: 8939.525390625
  ME_WRITE: 15018.603515625
  ME_LARGE: 234637.08333333334
  ME_LATENCY: 70.26988387396365
  ME_THREADED: 174724.2314453125
  SUMM_CPU: 32830.993918770102
  SUMM_ME: 1968.6257179309162
SystemInformation:
  OSName: Ubuntu 24.04.4 LTS
  Kernel: 6.8.0-106-generic
  Device: ""
  Processor: ARM Neoverse-N1 64 Core 0 MHz
  NumSockets: 1
  Manufacturer: ARM
  NumCores: 64
  NumLogicals: 64
  CPUFrequency: 0
  CPUMaxFrequency: 0
  Memory: 251330
Checksum: 96DC2318F9747401F48B5E96D032DE2AA19D3DCF