BaselineInfo:
  WebDBID: -1
  TimeStamp: 20241108114236
Version:
  Major: 11
  Minor: 0
  Build: 1002
  SpecialBuildName: ""
  ptArchitecture: x86_64_linux
Results:
  Results Complete: true
  NumTestProcesses: 16
  CPU_INTEGER_MATH: 67296.782000000007
  CPU_FLOATINGPOINT_MATH: 34406.26711354711
  CPU_PRIME: 128.34161464983356
  CPU_SORTING: 34849.4748996899
  CPU_ENCRYPTION: 14603.070814855349
  CPU_COMPRESSION: 246818.96698317333
  CPU_SINGLETHREAD: 2432.0393357472667
  CPU_PHYSICS: 2213.0087910220232
  CPU_MATRIX_MULT_SSE: 14214.073715551682
  CPU_mm: 1447.5918384128706
  CPU_sse: 6388.0009297864144
  CPU_fma: 17531.088446295009
  CPU_avx: 12950.552282510107
  CPU_avx512: 19986.653203615191
  m_CPU_enc_SHA: 14710493055.437319
  m_CPU_enc_AES: 22147797968.845066
  m_CPU_enc_ECDSA: 9078997723.9909058
  ME_ALLOC_S: 8005.4881470483497
  ME_READ_S: 24139.280078125001
  ME_READ_L: 11685.330078125
  ME_WRITE: 10538.203125
  ME_LARGE: 118568.41666666667
  ME_LATENCY: 52.167390595310259
  ME_THREADED: 93850.39013671875
  SUMM_CPU: 21149.336853542238
  SUMM_ME: 2694.7495751444012
SystemInformation:
  OSName: Ubuntu 24.04.1 LTS
  Kernel: 6.8.0-1017-azure
  Device: ""
  Processor: Intel Xeon Platinum 8370C CPU @ 2.80GHz
  NumSockets: 1
  Manufacturer: GenuineIntel
  NumCores: 8
  NumLogicals: 16
  CPUFrequency: 2800
  Memory: 128808
  MemModuleInfo:
    iNumMemSticks: 3
    DIMM 1:
      manufacturer: Microsoft Corporation
      modulePartNo: None
      memType: Unknown
      size: 1
      clkspeed: 0
      moduleVoltage: 0
    DIMM 2:
      manufacturer: Microsoft Corporation
      modulePartNo: None
      memType: Unknown
      size: 59
      clkspeed: 0
      moduleVoltage: 0
    DIMM 3:
      manufacturer: Microsoft Corporation
      modulePartNo: None
      memType: Unknown
      size: 68
      clkspeed: 0
      moduleVoltage: 0
Checksum: F9D3F9B0365BD85D54089A9C18EEE4B2FDD06478