---
system-info:
      stress-ng-version: 0.17.08
      run-by: root
      date-yyyy-mm-dd: 2024:09:18
      time-hh-mm-ss: 16:41:34
      epoch-secs: 1726677694
      hostname: ip-172-31-25-20
      sysname: Linux
      nodename: ip-172-31-25-20
      release: 6.8.0-1014-aws
      version: '#15-Ubuntu SMP Thu Aug  8 20:05:03 UTC 2024'
      machine: aarch64
      compiler: 'musl-gcc 13.2.1'
      uptime: 196
      totalram: 16435785728
      freeram: 6451765248
      sharedram: 39223296
      bufferram: 244273152
      totalswap: 0
      freeswap: 0
      pagesize: 4096
      cpus: 1
      cpus-online: 1
      ticks-per-second: 100

metrics:
    - stressor: cpu
      bogo-ops: 33870
      bogo-ops-per-second-usr-sys-time: 1706.472433
      bogo-ops-per-second-real-time: 1693.495195
      wall-clock-time: 20.000057
      user-time: 19.845970
      system-time: 0.001992
      cpu-usage-per-instance: 99.239528
      max-rss: 1320

...
