BaselineInfo:
  WebDBID: -1
  TimeStamp: 20260621134748
Version:
  Major: 11
  Minor: 0
  Build: 1004
  SpecialBuildName: ""
  ptArchitecture: x86_64_linux
Results:
  Results Complete: true
  NumTestProcesses: 64
  CPU_INTEGER_MATH: 315923.72999999998
  CPU_FLOATINGPOINT_MATH: 230800.99494818543
  CPU_PRIME: 698.1470435880816
  CPU_SORTING: 156509.2029043521
  CPU_ENCRYPTION: 68132.597616896266
  CPU_COMPRESSION: 1216976.3397260846
  CPU_SINGLETHREAD: 3533.3183498301642
  CPU_PHYSICS: 11428.970118236264
  CPU_MATRIX_MULT_SSE: 80839.568260505606
  CPU_mm: 8810.544123906564
  CPU_sse: 36956.013632670249
  CPU_fma: 97227.168593054434
  CPU_avx: 74733.269651833019
  CPU_avx512: 114441.82116446471
  m_CPU_enc_SHA: 72052516337.416229
  m_CPU_enc_AES: 94431267279.2677
  m_CPU_enc_ECDSA: 47842836419.519913
  ME_ALLOC_S: 31743.017534244816
  ME_READ_S: 30950.580468749999
  ME_READ_L: 22043.671875
  ME_WRITE: 8406.154296875
  ME_LARGE: 118383.33333333333
  ME_LATENCY: 76.224444304524994
  ME_THREADED: 273341.32592773438
  SUMM_CPU: 83685.329620396224
  SUMM_ME: 2559.2874812964678
SystemInformation:
  OSName: Ubuntu 24.04.4 LTS
  Kernel: 6.17.0-1018-azure
  Device: ""
  Processor: Intel(R) Xeon(R) 6973P-C
  NumSockets: 1
  Manufacturer: GenuineIntel
  NumCores: 32
  NumLogicals: 64
  CPUFrequency: 2600
  CPUMaxFrequency: 2600
  Memory: 128886
  CPUInfo:
    number: 1
    Family: 6
    Model: 13
    stepping: 1
    features: 529267711
    manufacture: GenuineIntel
    typestring: Intel(R) Xeon(R) 6973P-C
    iCoresPerPackage: 32
    iThreadsPerPackage: 2
    featuresEx:
      - 529267711
      - 4294586915
      - 739248128
    bHybrid: false
    nPCore: 0
    nLogicalsPerPCore: 0
    nECore: 0
    nLogicalsPerECore: 0
  MemModuleInfo:
    iNumMemSticks: 4
    DIMM 1:
      manufacturer: Microsoft Corporation
      modulePartNo: None
      memType: Unknown
      size: 1
      clkspeed: 0
      moduleVoltage: 0
    DIMM 2:
      manufacturer: Microsoft Corporation
      modulePartNo: None
      memType: Unknown
      size: 59
      clkspeed: 0
      moduleVoltage: 0
    DIMM 3:
      manufacturer: Microsoft Corporation
      modulePartNo: None
      memType: Unknown
      size: 4
      clkspeed: 0
      moduleVoltage: 0
    DIMM 4:
      manufacturer: Microsoft Corporation
      modulePartNo: None
      memType: Unknown
      size: 64
      clkspeed: 0
      moduleVoltage: 0
Checksum: EB25EE0F49DBE630EBB62C52E69E5F1C4D77B581