BaselineInfo:
  WebDBID: -1
  TimeStamp: 20260403212611
Version:
  Major: 11
  Minor: 0
  Build: 1004
  SpecialBuildName: ""
  ptArchitecture: x86_64_linux
Results:
  Results Complete: true
  NumTestProcesses: 4
  CPU_INTEGER_MATH: 12394.848666666665
  CPU_FLOATINGPOINT_MATH: 8091.2097191577977
  CPU_PRIME: 28.608832406384717
  CPU_SORTING: 8167.533890790357
  CPU_ENCRYPTION: 1490.2411881616288
  CPU_COMPRESSION: 62565.27911436031
  CPU_SINGLETHREAD: 1653.2775426195738
  CPU_PHYSICS: 568.82892761530729
  CPU_MATRIX_MULT_SSE: 4981.1901874073546
  CPU_mm: 531.81646862136438
  CPU_sse: 2011.7871724692272
  CPU_fma: 6642.9040687525239
  CPU_avx: 4507.0325757906412
  CPU_avx512: 6763.0369326170267
  m_CPU_enc_SHA: 659883629.26914334
  m_CPU_enc_AES: 3447943666.8349805
  m_CPU_enc_ECDSA: 580066136.24918032
  ME_ALLOC_S: 1026.0934686752962
  ME_READ_S: 18793.8720703125
  ME_READ_L: 6422.22998046875
  ME_WRITE: 6644.01806640625
  ME_LARGE: 1676.5833333333333
  ME_LATENCY: 83.167760355607996
  ME_THREADED: 24442.958984375
  SUMM_CPU: 4735.1254890445189
  SUMM_ME: 1186.2306388331672
SystemInformation:
  OSName: Ubuntu 24.04.4 LTS
  Kernel: 6.8.0-106-generic
  Device: ""
  Processor: Intel(R) Xeon(R) Platinum 8269CY CPU @ 2.50GHz
  NumSockets: 1
  Manufacturer: GenuineIntel
  NumCores: 2
  NumLogicals: 4
  CPUFrequency: 0
  CPUMaxFrequency: 0
  Memory: 7555
  CPUInfo:
    number: 1
    Family: 6
    Model: 5
    stepping: 7
    features: 529267711
    manufacture: GenuineIntel
    typestring: Intel(R) Xeon(R) Platinum 8269CY CPU @ 2.50GHz
    iCoresPerPackage: 2
    iThreadsPerPackage: 2
    featuresEx:
      - 529267711
      - 4277809667
      - 739248128
    bHybrid: false
    nPCore: 0
    nLogicalsPerPCore: 0
    nECore: 0
    nLogicalsPerECore: 0
  MemModuleInfo:
    iNumMemSticks: 1
    DIMM 1:
      manufacturer: Alibaba Cloud
      modulePartNo: Not Specified
      memType: RAM
      size: 8
      clkspeed: 0
      moduleVoltage: 0
Checksum: 8C739810976AC0E261704CC29066E1B30D43D824