BaselineInfo:
  WebDBID: -1
  TimeStamp: 20260613011600
Version:
  Major: 11
  Minor: 0
  Build: 1004
  SpecialBuildName: ""
  ptArchitecture: x86_64_linux
Results:
  Results Complete: true
  NumTestProcesses: 48
  CPU_INTEGER_MATH: 313658.26199999993
  CPU_FLOATINGPOINT_MATH: 191032.26315589729
  CPU_PRIME: 742.42849585056786
  CPU_SORTING: 148855.71344806737
  CPU_ENCRYPTION: 63112.528080370117
  CPU_COMPRESSION: 1176929.4094521713
  CPU_SINGLETHREAD: 3743.1290065184548
  CPU_PHYSICS: 12658.452469261334
  CPU_MATRIX_MULT_SSE: 91286.552614993401
  CPU_mm: 8799.9459209244542
  CPU_sse: 33115.325002241625
  CPU_fma: 98998.761407103637
  CPU_avx: 95006.083347147505
  CPU_avx512: 138026.04070348095
  m_CPU_enc_SHA: 78951364437.723907
  m_CPU_enc_AES: 64639017613.619629
  m_CPU_enc_ECDSA: 54944464681.863007
  ME_ALLOC_S: 33428.788189561259
  ME_READ_S: 33397.327343750003
  ME_READ_L: 32008.931640625
  ME_WRITE: 32795.8359375
  ME_LARGE: 182656
  ME_LATENCY: 80.70123244810388
  ME_THREADED: 523297.91796875
  SUMM_CPU: 83411.299338226774
  SUMM_ME: 2941.2459707607504
SystemInformation:
  OSName: Ubuntu 24.04.4 LTS
  Kernel: 6.8.0-124-generic
  Device: ""
  Processor: AMD EPYC-Turin Processor
  NumSockets: 1
  Manufacturer: AuthenticAMD
  NumCores: 24
  NumLogicals: 48
  CPUFrequency: 0
  CPUMaxFrequency: 0
  Memory: 193207
  CPUInfo:
    number: 1
    Family: 15
    Model: 0
    stepping: 0
    features: 395049983
    manufacture: AuthenticAMD
    typestring: AMD EPYC-Turin Processor
    iCoresPerPackage: 24
    iThreadsPerPackage: 2
    featuresEx:
      - 395049983
      - 4277809667
      - 802421759
    bHybrid: false
    nPCore: 0
    nLogicalsPerPCore: 0
    nECore: 0
    nLogicalsPerECore: 0
  MemModuleInfo:
    iNumMemSticks: 1
    DIMM 1:
      manufacturer: QEMU
      modulePartNo: Not Specified
      memType: RAM
      size: 192
      clkspeed: 0
      moduleVoltage: 0
Checksum: FADD66DEC571927E97EE6970D4818F315045358A