BaselineInfo:
  WebDBID: -1
  TimeStamp: 20241109152511
Version:
  Major: 11
  Minor: 0
  Build: 1002
  SpecialBuildName: ""
  ptArchitecture: x86_64_linux
Results:
  Results Complete: true
  NumTestProcesses: 48
  CPU_INTEGER_MATH: 149746.99933333328
  CPU_FLOATINGPOINT_MATH: 80251.256620650849
  CPU_PRIME: 210.01868347391101
  CPU_SORTING: 75947.991177110292
  CPU_ENCRYPTION: 20554.097342185498
  CPU_COMPRESSION: 649634.0660519962
  CPU_SINGLETHREAD: 2203.1100419506361
  CPU_PHYSICS: 3738.9207887278435
  CPU_MATRIX_MULT_SSE: 45778.518533495961
  CPU_mm: 4276.4450310701686
  CPU_sse: 16174.12414624128
  CPU_fma: 53944.452654273657
  CPU_avx: 38106.027336844003
  CPU_avx512: 74889.469996624844
  m_CPU_enc_SHA: 6764152312.3212624
  m_CPU_enc_AES: 51836145996.550865
  m_CPU_enc_ECDSA: 6057301215.1663609
  ME_ALLOC_S: 16254.372592891003
  ME_READ_S: 24972.412499999999
  ME_READ_L: 11558.1904296875
  ME_WRITE: 10250.12109375
  ME_LARGE: 375084.58333333331
  ME_LATENCY: 55.194539826947938
  ME_THREADED: 173949.1123046875
  SUMM_CPU: 39476.148528329955
  SUMM_ME: 2713.139585743505
SystemInformation:
  OSName: Ubuntu 24.04.1 LTS
  Kernel: 6.8.0-1017-azure
  Device: ""
  Processor: Intel Xeon Platinum 8272CL CPU @ 2.60GHz
  NumSockets: 2
  Manufacturer: GenuineIntel
  NumCores: 24
  NumLogicals: 48
  CPUFrequency: 0
  Memory: 386939
  MemModuleInfo:
    iNumMemSticks: 4
    DIMM 1:
      manufacturer: Microsoft Corporation
      modulePartNo: None
      memType: Unknown
      size: 1
      clkspeed: 0
      moduleVoltage: 0
    DIMM 2:
      manufacturer: Microsoft Corporation
      modulePartNo: None
      memType: Unknown
      size: 60928
      clkspeed: 0
      moduleVoltage: 0
    DIMM 3:
      manufacturer: Microsoft Corporation
      modulePartNo: None
      memType: Unknown
      size: 134656
      clkspeed: 0
      moduleVoltage: 0
    DIMM 4:
      manufacturer: Microsoft Corporation
      modulePartNo: None
      memType: Unknown
      size: 192
      clkspeed: 0
      moduleVoltage: 0
Checksum: EF1A49971974C7FD23AD7B9EB5AE03D825E6C132