---
system-info:
      stress-ng-version: 0.17.08
      run-by: root
      date-yyyy-mm-dd: 2024:06:08
      time-hh-mm-ss: 20:55:17
      epoch-secs: 1717880117
      hostname: 8336d683851c
      sysname: Linux
      nodename: 8336d683851c
      release: 6.8.0-1008-aws
      version: '#8-Ubuntu SMP Sat Apr 20 02:43:14 UTC 2024'
      machine: aarch64
      compiler: 'musl-gcc 13.2.1'
      uptime: 119
      totalram: 8141361152
      freeram: 3781988352
      sharedram: 35008512
      bufferram: 105103360
      totalswap: 0
      freeswap: 0
      pagesize: 4096
      cpus: 2
      cpus-online: 2
      ticks-per-second: 100

metrics:
    - stressor: cpu
      bogo-ops: 4267
      bogo-ops-per-second-usr-sys-time: 424.492132
      bogo-ops-per-second-real-time: 424.453867
      wall-clock-time: 10.052918
      user-time: 10.050012
      system-time: 0.002000
      cpu-usage-per-instance: 99.990986
      max-rss: 4008

...
