---
system-info:
      stress-ng-version: 0.17.08
      run-by: root
      date-yyyy-mm-dd: 2024:06:15
      time-hh-mm-ss: 05:40:42
      epoch-secs: 1718430042
      hostname: 64b9e49973ef
      sysname: Linux
      nodename: 64b9e49973ef
      release: 6.8.0-1008-aws
      version: '#8-Ubuntu SMP Sat Apr 20 02:43:14 UTC 2024'
      machine: aarch64
      compiler: 'musl-gcc 13.2.1'
      uptime: 138
      totalram: 8141365248
      freeram: 3899572224
      sharedram: 35008512
      bufferram: 109334528
      totalswap: 0
      freeswap: 0
      pagesize: 4096
      cpus: 2
      cpus-online: 2
      ticks-per-second: 100

metrics:
    - stressor: cpu
      bogo-ops: 30654
      bogo-ops-per-second-usr-sys-time: 1532.756635
      bogo-ops-per-second-real-time: 1532.689896
      wall-clock-time: 20.000132
      user-time: 19.999261
      system-time: 0.000000
      cpu-usage-per-instance: 99.995646
      max-rss: 1192

...
