---
system-info:
      stress-ng-version: 0.17.08
      run-by: root
      date-yyyy-mm-dd: 2024:06:07
      time-hh-mm-ss: 15:20:29
      epoch-secs: 1717773629
      hostname: 680f47cea05f
      sysname: Linux
      nodename: 680f47cea05f
      release: 6.8.0-31-generic
      version: '#31-Ubuntu SMP PREEMPT_DYNAMIC Sat Apr 20 00:40:06 UTC 2024'
      machine: x86_64
      compiler: 'musl-gcc 13.2.1'
      uptime: 296
      totalram: 2013437952
      freeram: 92291072
      sharedram: 18001920
      bufferram: 83042304
      totalswap: 0
      freeswap: 0
      pagesize: 4096
      cpus: 1
      cpus-online: 1
      ticks-per-second: 100

metrics:
    - stressor: cpu
      bogo-ops: 11402
      bogo-ops-per-second-usr-sys-time: 1174.547770
      bogo-ops-per-second-real-time: 1139.715507
      wall-clock-time: 10.004251
      user-time: 9.698647
      system-time: 0.008919
      cpu-usage-per-instance: 97.034411
      max-rss: 4048

...
