BaselineInfo:
  WebDBID: -1
  TimeStamp: 20260404102304
Version:
  Major: 11
  Minor: 0
  Build: 1004
  SpecialBuildName: ""
  ptArchitecture: x86_64_linux
Results:
  Results Complete: true
  NumTestProcesses: 16
  CPU_INTEGER_MATH: 66356.55266666667
  CPU_FLOATINGPOINT_MATH: 36319.428669636218
  CPU_PRIME: 91.919824040780526
  CPU_SORTING: 34644.745788473723
  CPU_ENCRYPTION: 17009.582732748375
  CPU_COMPRESSION: 251488.46006443133
  CPU_SINGLETHREAD: 2380.2787278955971
  CPU_PHYSICS: 1719.8166672021441
  CPU_MATRIX_MULT_SSE: 14867.091652202031
  CPU_mm: 1793.8096152258224
  CPU_sse: 7555.2803338407157
  CPU_fma: 20752.666889917647
  CPU_avx: 16293.327732847732
  CPU_avx512: 0
  m_CPU_enc_SHA: 24614641254.711037
  m_CPU_enc_AES: 15758539961.239664
  m_CPU_enc_ECDSA: 13134339454.772375
  ME_ALLOC_S: 6583.5532249939797
  ME_READ_S: 23411.857031250001
  ME_READ_L: 17721.58203125
  ME_WRITE: 15599.7109375
  ME_LARGE: 17641
  ME_LATENCY: 56.098937285617268
  ME_THREADED: 39573.263671875
  SUMM_CPU: 21196.323247805551
  SUMM_ME: 2639.7448432582801
SystemInformation:
  OSName: Ubuntu 24.04.4 LTS
  Kernel: 6.8.0-106-generic
  Device: ""
  Processor: "AMD EPYC 7T83 64-Core Processor                "
  NumSockets: 1
  Manufacturer: AuthenticAMD
  NumCores: 8
  NumLogicals: 16
  CPUFrequency: 0
  CPUMaxFrequency: 0
  Memory: 30683
  CPUInfo:
    number: 1
    Family: 15
    Model: 1
    stepping: 1
    features: 395049983
    manufacture: AuthenticAMD
    typestring: "AMD EPYC 7T83 64-Core Processor                "
    iCoresPerPackage: 8
    iThreadsPerPackage: 2
    featuresEx:
      - 395049983
      - 4277809667
      - 802421759
    bHybrid: false
    nPCore: 0
    nLogicalsPerPCore: 0
    nECore: 0
    nLogicalsPerECore: 0
  MemModuleInfo:
    iNumMemSticks: 2
    DIMM 1:
      manufacturer: Alibaba Cloud
      modulePartNo: Not Specified
      memType: RAM
      size: 16
      clkspeed: 0
      moduleVoltage: 0
    DIMM 2:
      manufacturer: Alibaba Cloud
      modulePartNo: Not Specified
      memType: RAM
      size: 16
      clkspeed: 0
      moduleVoltage: 0
Checksum: C3CD2A502FD8DF38D4BF0B9122A4D5072026F9A9