---
system-info:
      stress-ng-version: 0.17.08
      run-by: root
      date-yyyy-mm-dd: 2024:06:06
      time-hh-mm-ss: 17:19:04
      epoch-secs: 1717694344
      hostname: 3cfafd30a2ac
      sysname: Linux
      nodename: 3cfafd30a2ac
      release: 6.8.0-1008-aws
      version: '#8-Ubuntu SMP Sat Apr 20 02:43:14 UTC 2024'
      machine: aarch64
      compiler: 'musl-gcc 13.2.1'
      uptime: 95
      totalram: 8140914688
      freeram: 4031545344
      sharedram: 35012608
      bufferram: 84291584
      totalswap: 0
      freeswap: 0
      pagesize: 4096
      cpus: 4
      cpus-online: 4
      ticks-per-second: 100

metrics:
    - stressor: cpu
      bogo-ops: 17045
      bogo-ops-per-second-usr-sys-time: 426.258024
      bogo-ops-per-second-real-time: 1699.289628
      wall-clock-time: 10.030662
      user-time: 39.979522
      system-time: 0.007995
      cpu-usage-per-instance: 99.663205
      max-rss: 4136

...
