---
system-info:
      stress-ng-version: 0.17.08
      run-by: root
      date-yyyy-mm-dd: 2024:06:14
      time-hh-mm-ss: 10:56:58
      epoch-secs: 1718362618
      hostname: 231cee96044f
      sysname: Linux
      nodename: 231cee96044f
      release: 6.8.0-1008-aws
      version: '#8-Ubuntu SMP Sat Apr 20 02:43:14 UTC 2024'
      machine: aarch64
      compiler: 'musl-gcc 13.2.1'
      uptime: 253
      totalram: 8140922880
      freeram: 3903533056
      sharedram: 35012608
      bufferram: 106061824
      totalswap: 0
      freeswap: 0
      pagesize: 4096
      cpus: 4
      cpus-online: 4
      ticks-per-second: 100

metrics:
    - stressor: cpu
      bogo-ops: 122194
      bogo-ops-per-second-usr-sys-time: 1532.521900
      bogo-ops-per-second-real-time: 6109.676311
      wall-clock-time: 20.000078
      user-time: 79.732936
      system-time: 0.000998
      cpu-usage-per-instance: 99.667031
      max-rss: 1192

...
