BaselineInfo:
  WebDBID: -1
  TimeStamp: 20241110145833
Version:
  Major: 11
  Minor: 0
  Build: 1002
  SpecialBuildName: ""
  ptArchitecture: x86_64_linux
Results:
  Results Complete: true
  NumTestProcesses: 96
  CPU_INTEGER_MATH: 272609.16233333328
  CPU_FLOATINGPOINT_MATH: 145901.85937902774
  CPU_PRIME: 347.20027836393382
  CPU_SORTING: 137145.58491493759
  CPU_ENCRYPTION: 37139.11518959728
  CPU_COMPRESSION: 1179050.8684435503
  CPU_SINGLETHREAD: 1950.221385176761
  CPU_PHYSICS: 5126.4550110909458
  CPU_MATRIX_MULT_SSE: 74264.056641695061
  CPU_mm: 8280.6055784841847
  CPU_sse: 29593.742919538305
  CPU_fma: 87904.216457263276
  CPU_avx: 61977.253422948437
  CPU_avx512: 117581.01376703012
  m_CPU_enc_SHA: 12251615525.269245
  m_CPU_enc_AES: 93622744278.704285
  m_CPU_enc_ECDSA: 10955194743.167953
  ME_ALLOC_S: 21613.017529644574
  ME_READ_S: 23507.574414062499
  ME_READ_L: 10292.123046875
  ME_WRITE: 9890.9287109375
  ME_LARGE: 751919.91666666663
  ME_LATENCY: 53.002583707692203
  ME_THREADED: 218437.91015625
  SUMM_CPU: 55760.633799409319
  SUMM_ME: 2668.6394961466576
SystemInformation:
  OSName: Ubuntu 24.04.1 LTS
  Kernel: 6.8.0-1016-aws
  Device: ""
  Processor: Intel Xeon Platinum 8259CL CPU @ 2.50GHz
  NumSockets: 2
  Manufacturer: GenuineIntel
  NumCores: 48
  NumLogicals: 96
  CPUFrequency: 0
  Memory: 765865
  MemModuleInfo:
    iNumMemSticks: 2
    DIMM 1:
      manufacturer: Not Specified
      modulePartNo: Not Specified
      memType: DDR4
      size: 384
      clkspeed: 1600
      moduleVoltage: 0
    DIMM 2:
      manufacturer: Not Specified
      modulePartNo: Not Specified
      memType: DDR4
      size: 384
      clkspeed: 1600
      moduleVoltage: 0
Checksum: 19BDF43895D90981B9479269D041DDEB2CE0971B