BaselineInfo:
  WebDBID: -1
  TimeStamp: 20250526182700
Version:
  Major: 11
  Minor: 0
  Build: 1002
  SpecialBuildName: ""
  ptArchitecture: x86_64_linux
Results:
  Results Complete: true
  NumTestProcesses: 8
  CPU_INTEGER_MATH: 42530.916999999994
  CPU_FLOATINGPOINT_MATH: 30154.504261874328
  CPU_PRIME: 84.768944533966291
  CPU_SORTING: 21406.008941639466
  CPU_ENCRYPTION: 9413.8365755257801
  CPU_COMPRESSION: 154587.15731191263
  CPU_SINGLETHREAD: 3248.6847809645865
  CPU_PHYSICS: 2041.7426451391827
  CPU_MATRIX_MULT_SSE: 12396.770460790507
  CPU_mm: 1203.0866395656146
  CPU_sse: 5189.1510066993505
  CPU_fma: 13899.126838532367
  CPU_avx: 10622.219327957157
  CPU_avx512: 19876.584669973148
  m_CPU_enc_SHA: 9906020261.6234932
  m_CPU_enc_AES: 12870366064.957413
  m_CPU_enc_ECDSA: 6836982976.4746552
  ME_ALLOC_S: 5627.260451800028
  ME_READ_S: 27626.4140625
  ME_READ_L: 10439.7470703125
  ME_WRITE: 9531.197265625
  ME_LARGE: 159412
  ME_LATENCY: 57.908410618602659
  ME_THREADED: 62631.07421875
  SUMM_CPU: 15770.466154167465
  SUMM_ME: 2497.9206477671037
SystemInformation:
  OSName: Ubuntu 24.04.2 LTS
  Kernel: 6.11.0-1015-azure
  Device: ""
  Processor: INTEL XEON PLATINUM 8573C
  NumSockets: 1
  Manufacturer: GenuineIntel
  NumCores: 4
  NumLogicals: 8
  CPUFrequency: 2300
  Memory: 169040
  MemModuleInfo:
    iNumMemSticks: 3
    DIMM 1:
      manufacturer: Microsoft Corporation
      modulePartNo: None
      memType: Unknown
      size: 1
      clkspeed: 0
      moduleVoltage: 0
    DIMM 2:
      manufacturer: Microsoft Corporation
      modulePartNo: None
      memType: Unknown
      size: 59
      clkspeed: 0
      moduleVoltage: 0
    DIMM 3:
      manufacturer: Microsoft Corporation
      modulePartNo: None
      memType: Unknown
      size: 108
      clkspeed: 0
      moduleVoltage: 0
Checksum: 07774987FC38C39B890814D6CBC69F8820646A33