---
system-info:
      stress-ng-version: 0.17.08
      run-by: root
      date-yyyy-mm-dd: 2024:09:17
      time-hh-mm-ss: 05:16:53
      epoch-secs: 1726550213
      hostname: sc-runner
      sysname: Linux
      nodename: sc-runner
      release: 6.8.0-1014-azure
      version: '#16-Ubuntu SMP Thu Aug 15 20:04:41 UTC 2024'
      machine: x86_64
      compiler: 'musl-gcc 13.2.1'
      uptime: 350
      totalram: 202798833664
      freeram: 191417376768
      sharedram: 79704064
      bufferram: 244293632
      totalswap: 0
      freeswap: 0
      pagesize: 4096
      cpus: 48
      cpus-online: 48
      ticks-per-second: 100

metrics:
    - stressor: cpu
      bogo-ops: 28255
      bogo-ops-per-second-usr-sys-time: 1412.783342
      bogo-ops-per-second-real-time: 1412.739121
      wall-clock-time: 20.000154
      user-time: 19.998529
      system-time: 0.000999
      cpu-usage-per-instance: 99.996870
      max-rss: 3200

...
