BaselineInfo:
  WebDBID: -1
  TimeStamp: 20251216213750
Version:
  Major: 11
  Minor: 0
  Build: 1002
  SpecialBuildName: ""
  ptArchitecture: x86_64_linux
Results:
  Results Complete: true
  NumTestProcesses: 32
  CPU_INTEGER_MATH: 193450.76533333329
  CPU_FLOATINGPOINT_MATH: 177974.62646519067
  CPU_PRIME: 636.15144651381854
  CPU_SORTING: 123541.26671441586
  CPU_ENCRYPTION: 41843.399983043113
  CPU_COMPRESSION: 844038.09044781397
  CPU_SINGLETHREAD: 2943.6690707526441
  CPU_PHYSICS: 11205.073589883683
  CPU_MATRIX_MULT_SSE: 78910.13156170366
  CPU_mm: 8355.0798176206117
  CPU_sse: 37991.798202767714
  CPU_fma: 109395.304613742
  CPU_avx: 89343.291868601227
  CPU_avx512: 0
  m_CPU_enc_SHA: 57626280806.93145
  m_CPU_enc_AES: 36713741388.327263
  m_CPU_enc_ECDSA: 37287932746.59951
  ME_ALLOC_S: 30782.60277887214
  ME_READ_S: 27870.0390625
  ME_READ_L: 26120.931640625
  ME_WRITE: 25357.177734375
  ME_LARGE: 238121
  ME_LATENCY: 72.611541707531671
  ME_THREADED: 417083.078125
  SUMM_CPU: 63623.576001136069
  SUMM_ME: 2960.9999862901013
SystemInformation:
  OSName: Ubuntu 24.04.2 LTS
  Kernel: 6.8.0-86-generic
  Device: ""
  Processor: AMD EPYC-Milan Processor
  NumSockets: 32
  Manufacturer: AuthenticAMD
  NumCores: 32
  NumLogicals: 32
  CPUFrequency: 0
  Memory: 251687
  MemModuleInfo:
    iNumMemSticks: 1
    DIMM 1:
      manufacturer: QEMU
      modulePartNo: Not Specified
      memType: RAM
      size: 250
      clkspeed: 0
      moduleVoltage: 0
Checksum: 344FCA66A7AB5A22AFC9AAA6758DC8F0D501250D