---
system-info:
      stress-ng-version: 0.17.08
      run-by: root
      date-yyyy-mm-dd: 2024:07:29
      time-hh-mm-ss: 17:55:58
      epoch-secs: 1722275758
      hostname: c3d-highmem-360-lssd-2041822
      sysname: Linux
      nodename: c3d-highmem-360-lssd-2041822
      release: 6.8.0-1011-gcp
      version: '#12-Ubuntu SMP Wed Jul 10 21:47:53 UTC 2024'
      machine: x86_64
      compiler: 'musl-gcc 13.2.1'
      uptime: 173
      totalram: 3043733241856
      freeram: 3035402035200
      sharedram: 69541888
      bufferram: 144596992
      totalswap: 0
      freeswap: 0
      pagesize: 4096
      cpus: 360
      cpus-online: 360
      ticks-per-second: 100

metrics:
    - stressor: cpu
      bogo-ops: 61482
      bogo-ops-per-second-usr-sys-time: 3074.281075
      bogo-ops-per-second-real-time: 3074.086698
      wall-clock-time: 20.000087
      user-time: 19.997823
      system-time: 0.000999
      cpu-usage-per-instance: 99.993677
      max-rss: 0

...
