---
system-info:
      stress-ng-version: 0.17.08
      run-by: root
      date-yyyy-mm-dd: 2024:09:13
      time-hh-mm-ss: 02:56:07
      epoch-secs: 1726196167
      hostname: ip-172-31-8-198
      sysname: Linux
      nodename: ip-172-31-8-198
      release: 6.8.0-1014-aws
      version: '#15-Ubuntu SMP Thu Aug  8 19:13:06 UTC 2024'
      machine: x86_64
      compiler: 'musl-gcc 13.2.1'
      uptime: 430
      totalram: 12960140083200
      freeram: 12939291529216
      sharedram: 328339456
      bufferram: 224768000
      totalswap: 0
      freeswap: 0
      pagesize: 4096
      cpus: 448
      cpus-online: 448
      ticks-per-second: 100

metrics:
    - stressor: cpu
      bogo-ops: 6780998
      bogo-ops-per-second-usr-sys-time: 760.497746
      bogo-ops-per-second-real-time: 339047.869238
      wall-clock-time: 20.000120
      user-time: 8916.328243
      system-time: 0.197851
      cpu-usage-per-instance: 99.514204
      max-rss: 0

...
