BaselineInfo:
  WebDBID: -1
  TimeStamp: 20241109225555
Version:
  Major: 11
  Minor: 0
  Build: 1002
  SpecialBuildName: ""
  ptArchitecture: x86_64_linux
Results:
  Results Complete: true
  NumTestProcesses: 64
  CPU_INTEGER_MATH: 268523.08866666659
  CPU_FLOATINGPOINT_MATH: 137289.26200261837
  CPU_PRIME: 268.26686594814805
  CPU_SORTING: 124276.33036544986
  CPU_ENCRYPTION: 56545.301123951882
  CPU_COMPRESSION: 941323.70989713678
  CPU_SINGLETHREAD: 2426.8493814730982
  CPU_PHYSICS: 4254.3608906103973
  CPU_MATRIX_MULT_SSE: 54042.743708523165
  CPU_mm: 5620.8074289714696
  CPU_sse: 23835.931856020372
  CPU_fma: 63627.182221691342
  CPU_avx: 49239.918386434569
  CPU_avx512: 79467.942369946351
  m_CPU_enc_SHA: 57832744243.070389
  m_CPU_enc_AES: 84961090884.573456
  m_CPU_enc_ECDSA: 35082301886.403145
  ME_ALLOC_S: 26558.564951194545
  ME_READ_S: 23712.470703125
  ME_READ_L: 11779.330078125
  ME_WRITE: 10600.8369140625
  ME_LARGE: 495289.25
  ME_LATENCY: 57.628735103868131
  ME_THREADED: 166559.68798828125
  SUMM_CPU: 57778.080993736723
  SUMM_ME: 2663.9060190333039
SystemInformation:
  OSName: Ubuntu 24.04.1 LTS
  Kernel: 6.8.0-1016-aws
  Device: ""
  Processor: Intel Xeon Platinum 8375C CPU @ 2.90GHz
  NumSockets: 1
  Manufacturer: GenuineIntel
  NumCores: 32
  NumLogicals: 64
  CPUFrequency: 0
  Memory: 507671
  MemModuleInfo:
    iNumMemSticks: 1
    DIMM 1:
      manufacturer: Not Specified
      modulePartNo: Not Specified
      memType: DDR4
      size: 512
      clkspeed: 1600
      moduleVoltage: 0
Checksum: DA626828E3C36ABF8C181E3A4293DF6B94C99E93