BaselineInfo:
  WebDBID: -1
  TimeStamp: 20260615144354
Version:
  Major: 11
  Minor: 0
  Build: 1004
  SpecialBuildName: ""
  ptArchitecture: x86_64_linux
Results:
  Results Complete: true
  NumTestProcesses: 1
  CPU_INTEGER_MATH: 4842.791666666667
  CPU_FLOATINGPOINT_MATH: 3978.1862330222812
  CPU_PRIME: 14.951747853176199
  CPU_SORTING: 2852.7048034457544
  CPU_ENCRYPTION: 590.775386233272
  CPU_COMPRESSION: 21138.497080854708
  CPU_SINGLETHREAD: 2065.8962672623679
  CPU_PHYSICS: 259.59774160934376
  CPU_MATRIX_MULT_SSE: 1318.4722528257983
  CPU_mm: 224.5349936527692
  CPU_sse: 726.36699071437693
  CPU_fma: 2063.6657681911861
  CPU_avx: 1165.3839995718315
  CPU_avx512: 0
  m_CPU_enc_SHA: 295179294.75544322
  m_CPU_enc_AES: 1307373044.6023755
  m_CPU_enc_ECDSA: 255866334.82699969
  ME_ALLOC_S: 978.18204305488825
  ME_READ_S: 21767.827539062499
  ME_READ_L: 11170.67578125
  ME_WRITE: 10337.5
  ME_LARGE: 1773.1666666666667
  ME_LATENCY: 54.494970582655675
  ME_THREADED: 11214.4599609375
  SUMM_CPU: 1849.3100591392338
  SUMM_ME: 1409.0728628558866
SystemInformation:
  OSName: Ubuntu 24.04.4 LTS
  Kernel: 6.8.0-124-generic
  Device: ""
  Processor: Intel Core Processor (Broadwell, no TSX, IBRS)
  NumSockets: 1
  Manufacturer: GenuineIntel
  NumCores: 1
  NumLogicals: 1
  CPUFrequency: 7
  CPUMaxFrequency: 832
  Memory: 4912
  CPUInfo:
    number: 1
    Family: 6
    Model: 13
    stepping: 2
    features: 126614527
    manufacture: GenuineIntel
    typestring: Intel Core Processor (Broadwell, no TSX, IBRS)
    iCoresPerPackage: 1
    iThreadsPerPackage: 1
    featuresEx:
      - 126614527
      - 4294586883
      - 672139264
    bHybrid: false
    nPCore: 0
    nLogicalsPerPCore: 0
    nECore: 0
    nLogicalsPerECore: 0
  MemModuleInfo:
    iNumMemSticks: 1
    DIMM 1:
      manufacturer: QEMU
      modulePartNo: Not Specified
      memType: RAM
      size: 5
      clkspeed: 0
      moduleVoltage: 0
Checksum: F02769ED47A53F4E432650E0BA4DA1DC87BAADE4