size_kb,operation,bandwidth_mb_s,latency_ns,latency_stddev_ns,latency_samples,threads,iterations,elapsed_s
32,read,193586.41,0,0,0,2,675676,0.218144
32,write,204973.27,0,0,0,2,581395,0.177278
32,copy,190021.23,0,0,0,2,531914,0.174952
32,latency,0,1.78,0.01,7,1,7,0.256145
128,read,128217.39,0,0,0,2,124999,0.243725
128,write,204488.31,0,0,0,2,198412,0.242571
128,copy,73811.49,0,0,0,2,77399,0.262151
128,latency,0,2.55,0.00,7,1,7,0.698800
1024,read,133039.36,0,0,0,2,15743,0.236667
1024,write,197393.65,0,0,0,2,23877,0.241923
1024,copy,80392.03,0,0,0,2,9387,0.233531
1024,latency,0,4.64,0.05,7,1,7,0.700245
2048,read,115870.51,0,0,0,2,6584,0.227288
2048,write,156195.59,0,0,0,2,9607,0.246025
2048,copy,65534.79,0,0,0,2,3863,0.235783
2048,latency,0,8.83,0.37,7,1,7,0.573354
4096,read,77924.23,0,0,0,2,2298,0.235921
4096,write,124913.45,0,0,0,2,4458,0.285510
4096,copy,54045.64,0,0,0,2,1286,0.190358
4096,latency,0,48.16,6.46,21,1,21,1.411137
32768,read,45906.10,0,0,0,2,164,0.228641
32768,write,111562.81,0,0,0,2,311,0.178411
32768,copy,33180.84,0,0,0,2,149,0.287395
32768,latency,0,127.28,1.69,7,1,7,2.756687
65536,read,39910.18,0,0,0,2,76,0.243747
65536,write,96127.80,0,0,0,2,242,0.322238
65536,copy,32635.05,0,0,0,2,71,0.278474
65536,latency,0,129.34,1.07,7,1,7,5.665049
131072,read,39858.13,0,0,0,2,40,0.256911
131072,write,114404.58,0,0,0,2,117,0.261808
131072,copy,31496.49,0,0,0,2,31,0.251965
131072,latency,0,131.05,1.23,7,1,7,11.500650
262144,read,38883.40,0,0,0,2,19,0.250184
262144,write,108108.60,0,0,0,2,58,0.274687
262144,copy,32014.92,0,0,0,2,15,0.239888
262144,latency,0,133.45,0.86,7,1,7,23.369696
524288,read,39522.24,0,0,0,2,9,0.233185
524288,write,111911.44,0,0,0,2,27,0.247052
524288,copy,16602.78,0,0,0,1,8,0.246706
524288,latency,0,134.27,1.01,7,1,7,47.114138
