---
system-info:
      stress-ng-version: 0.17.08
      run-by: root
      date-yyyy-mm-dd: 2024:06:19
      time-hh-mm-ss: 15:36:08
      epoch-secs: 1718811368
      hostname: 3878fdeb65aa
      sysname: Linux
      nodename: 3878fdeb65aa
      release: 6.8.0-1008-gcp
      version: '#9-Ubuntu SMP Wed May 22 18:09:04 UTC 2024'
      machine: x86_64
      compiler: 'musl-gcc 13.2.1'
      uptime: 172
      totalram: 16768081920
      freeram: 11812888576
      sharedram: 34967552
      bufferram: 130588672
      totalswap: 0
      freeswap: 0
      pagesize: 4096
      cpus: 2
      cpus-online: 2
      ticks-per-second: 100

metrics:
    - stressor: cpu
      bogo-ops: 58526
      bogo-ops-per-second-usr-sys-time: 2926.417642
      bogo-ops-per-second-real-time: 2926.295116
      wall-clock-time: 20.000033
      user-time: 19.999196
      system-time: 0.000000
      cpu-usage-per-instance: 99.995813
      max-rss: 1104

...
