"size","threads","connections","rps","latency","failed","server_usr","server_sys","client_usr","client_sys"
"1k",32,32,2632077,0.000011610,0,62.99,100.86,34.90,124.30
"1k",32,64,2354853,0.000027000,0,57.61,101.25,28.24,124.59
"1k",32,128,2685854,0.000046880,0,61.97,100.16,28.70,114.44
"1k",32,256,2106089,0.000129820,0,47.90,114.61,21.14,124.69
"1k",32,512,2207375,0.000333940,0,49.22,116.36,20.61,128.16
"1k",32,1024,2270269,0.000639160,0,49.92,117.38,20.49,129.79
"1k",64,64,2266570,0.000028540,0,51.91,106.18,30.28,124.90
"1k",64,128,1837397,0.000073280,0,38.42,119.12,23.26,136.88
"1k",64,256,1985726,0.000222250,0,40.48,120.48,23.28,137.69
"1k",64,512,2031478,0.000478010,0,40.80,119.25,25.48,138.74
"1k",64,1024,2050107,0.000730880,0,41.77,119.72,25.08,138.34
"1k",128,128,2126059,0.000066380,0,46.36,112.53,29.27,132.68
"1k",128,256,1895829,0.000213100,0,37.94,118.62,28.06,138.49
"1k",128,512,1852165,0.000460200,0,35.32,120.17,25.44,141.91
"1k",128,1024,1794810,0.000745910,0,35.06,121.61,23.89,142.97
"16k",32,32,1929205,0.000016840,0,54.74,96.61,28.22,121.29
"16k",32,64,1962354,0.000030420,0,52.47,98.79,27.94,120.42
"16k",32,128,2229699,0.000062830,0,58.11,101.45,27.78,121.78
"16k",32,256,1608290,0.000158220,0,43.47,112.10,19.86,129.99
"16k",32,512,1642687,0.000356020,0,44.13,114.40,19.21,134.77
"16k",32,1024,1623065,0.000623210,0,46.71,114.43,19.02,138.32
"16k",64,64,2101615,0.000030330,0,53.79,102.64,32.34,132.32
"16k",64,128,1477770,0.000089040,0,36.49,117.05,22.75,141.24
"16k",64,256,1574525,0.000224700,0,37.96,118.87,22.96,142.40
"16k",64,512,1542282,0.000581590,0,37.02,119.11,22.52,145.28
"16k",64,1024,1541260,0.000930000,0,38.68,119.77,21.80,145.73
"16k",128,128,1755256,0.000078900,0,43.83,109.47,29.08,137.31
"16k",128,256,1581036,0.000231630,0,37.67,115.46,27.04,142.80
"16k",128,512,1449546,0.000559290,0,33.92,118.93,24.24,146.14
"16k",128,1024,1423478,0.000870000,0,34.08,120.64,23.64,147.33
"64k",32,32,1082077,0.000029560,0,46.10,105.46,22.90,129.85
"64k",32,64,1173851,0.000056060,0,48.01,103.57,24.08,133.88
"64k",32,128,1083926,0.000110800,0,43.06,104.64,21.10,130.01
"64k",32,256,858659,0.000284350,0,37.32,117.46,16.41,133.75
"64k",32,512,736825,0.000707180,0,43.80,122.65,14.37,136.65
"64k",32,1024,563984,0.001790000,0,54.40,120.21,12.65,132.86
"64k",64,64,1162777,0.000055160,0,48.25,106.20,26.69,140.44
"64k",64,128,894297,0.000147080,0,33.47,120.59,20.45,144.79
"64k",64,256,860599,0.000393740,0,32.44,126.13,18.85,145.54
"64k",64,512,821792,0.000814770,0,35.67,125.63,19.81,143.58
"64k",64,1024,606391,0.001830000,0,48.91,124.62,15.53,137.07
"64k",128,128,1018201,0.000135340,0,38.65,111.02,25.79,144.64
"64k",128,256,860865,0.000386950,0,30.75,123.29,22.78,146.84
"64k",128,512,781076,0.000838900,0,32.57,126.08,20.13,145.06
"64k",128,1024,622220,0.001760000,0,45.92,125.01,17.11,138.42
"256k",32,32,398243,0.000152940,0,45.27,114.35,19.33,128.30
"256k",32,64,442629,0.000131640,0,45.53,111.28,20.89,134.44
"256k",32,128,256967,0.000482620,0,49.09,122.98,12.77,122.27
"256k",32,256,147765,0.001690000,0,67.90,128.85,9.16,113.66
"256k",32,512,122285,0.003870000,0,79.37,126.10,8.13,109.44
"256k",64,64,444161,0.000182350,0,45.73,111.41,22.33,142.09
"256k",64,128,268813,0.000555770,0,41.72,130.94,15.60,134.23
"256k",64,256,170240,0.001560000,0,64.93,128.49,11.82,118.44
"256k",64,512,132789,0.003820000,0,76.17,128.28,9.63,110.29
"256k",128,128,286878,0.000504010,0,44.44,127.21,17.62,134.39
"256k",128,256,180127,0.001510000,0,60.95,128.92,12.87,121.71
"256k",128,512,141954,0.003610000,0,79.36,125.32,11.53,108.69
"512k",32,32,209910,0.001750000,0,39.69,93.86,17.30,147.49
"512k",32,64,159585,0.000689350,0,56.74,119.19,14.01,116.93
"512k",32,128,78998,0.001550000,0,70.42,127.79,9.00,108.64
"512k",32,256,62049,0.003900000,0,88.08,126.42,7.84,100.39
"512k",32,512,58966,0.008210000,0,88.78,124.58,7.82,103.67
"512k",64,64,154674,0.000432730,0,61.25,114.08,15.60,132.19
"512k",64,128,89024,0.001500000,0,71.21,129.15,11.06,111.40
"512k",64,256,67681,0.003830000,0,89.83,124.67,9.57,100.29
"512k",64,512,64321,0.007960000,0,90.56,125.08,8.61,100.27
"512k",128,128,99104,0.001340000,0,82.58,122.49,13.17,105.91
"512k",128,256,69934,0.003670000,0,90.23,123.02,9.76,101.65
"512k",128,512,68418,0.007500000,0,92.77,122.73,9.77,100.27
