BaselineInfo:
  WebDBID: -1
  TimeStamp: 20251211195041
Version:
  Major: 11
  Minor: 0
  Build: 1002
  SpecialBuildName: ""
  ptArchitecture: aarch64_linux
Results:
  Results Complete: true
  NumTestProcesses: 32
  CPU_INTEGER_MATH: 166923.01166666672
  CPU_FLOATINGPOINT_MATH: 194038.60695213784
  CPU_PRIME: 434.33695030914998
  CPU_SORTING: 147909.57445101082
  CPU_ENCRYPTION: 6035.6847341340081
  CPU_COMPRESSION: 212638.48115619321
  CPU_SINGLETHREAD: 1944.2676186366316
  CPU_PHYSICS: 9253.329264548609
  CPU_MATRIX_MULT_SSE: 29524.212093277216
  CPU_mm: 3627.6609843731858
  CPU_sse: 23268.933784474204
  CPU_fma: 35779.490402080221
  CPU_avx: 0
  CPU_avx512: 0
  m_CPU_enc_SHA: 9408983989.4663391
  m_CPU_enc_AES: 3442117481.7871356
  m_CPU_enc_ECDSA: 6135520996.0844278
  ME_ALLOC_S: 47341.833319466044
  ME_READ_S: 21198.415820312501
  ME_READ_L: 20092.345703125
  ME_WRITE: 21298.0859375
  ME_LARGE: 49533.083333333336
  ME_LATENCY: 44.854042491171327
  ME_THREADED: 391108.1494140625
  SUMM_CPU: 26368.369252536027
  SUMM_ME: 3393.6009879108474
SystemInformation:
  OSName: Ubuntu 24.04.2 LTS
  Kernel: 6.14.0-1017-aws
  Device: ""
  Processor: ARM Neoverse-V2 32 Core 0 MHz
  NumSockets: 1
  Manufacturer: ARM
  NumCores: 32
  NumLogicals: 32
  CPUFrequency: 0
  Memory: 63125
Checksum: ECEAF095EDCD5DE57CD1A14CF536660494E33030