---
system-info:
      stress-ng-version: 0.17.08
      run-by: root
      date-yyyy-mm-dd: 2024:07:11
      time-hh-mm-ss: 14:32:14
      epoch-secs: 1720708334
      hostname: ip-172-31-29-99
      sysname: Linux
      nodename: ip-172-31-29-99
      release: 6.8.0-1010-aws
      version: '#10-Ubuntu SMP Thu Jun 13 17:36:15 UTC 2024'
      machine: x86_64
      compiler: 'musl-gcc 13.2.1'
      uptime: 133
      totalram: 16377593856
      freeram: 11169583104
      sharedram: 40759296
      bufferram: 135028736
      totalswap: 0
      freeswap: 0
      pagesize: 4096
      cpus: 8
      cpus-online: 8
      ticks-per-second: 100

metrics:
    - stressor: cpu
      bogo-ops: 157388
      bogo-ops-per-second-usr-sys-time: 985.836471
      bogo-ops-per-second-real-time: 7869.370497
      wall-clock-time: 20.000075
      user-time: 159.627202
      system-time: 0.021994
      cpu-usage-per-instance: 99.780373
      max-rss: 976

...
