---
system-info:
      stress-ng-version: 0.17.08
      run-by: root
      date-yyyy-mm-dd: 2024:06:26
      time-hh-mm-ss: 16:52:02
      epoch-secs: 1719420722
      hostname: n4-highmem-4-4a24047
      sysname: Linux
      nodename: n4-highmem-4-4a24047
      release: 6.8.0-1009-gcp
      version: '#10-Ubuntu SMP Wed Jun 12 18:52:23 UTC 2024'
      machine: x86_64
      compiler: 'musl-gcc 13.2.1'
      uptime: 170
      totalram: 33652580352
      freeram: 28501000192
      sharedram: 274026496
      bufferram: 123240448
      totalswap: 0
      freeswap: 0
      pagesize: 4096
      cpus: 4
      cpus-online: 4
      ticks-per-second: 100

metrics:
    - stressor: cpu
      bogo-ops: 34510
      bogo-ops-per-second-usr-sys-time: 1725.507506
      bogo-ops-per-second-real-time: 1725.489736
      wall-clock-time: 20.000119
      user-time: 19.999913
      system-time: 0.000000
      cpu-usage-per-instance: 99.998970
      max-rss: 976

...
