---
system-info:
      stress-ng-version: 0.17.08
      run-by: root
      date-yyyy-mm-dd: 2024:06:21
      time-hh-mm-ss: 13:01:36
      epoch-secs: 1718974896
      hostname: 2b65cadaa097
      sysname: Linux
      nodename: 2b65cadaa097
      release: 6.8.0-1008-gcp
      version: '#9-Ubuntu SMP Wed May 22 18:09:04 UTC 2024'
      machine: x86_64
      compiler: 'musl-gcc 13.2.1'
      uptime: 149
      totalram: 135067545600
      freeram: 129743716352
      sharedram: 18321408
      bufferram: 134676480
      totalswap: 0
      freeswap: 0
      pagesize: 4096
      cpus: 16
      cpus-online: 16
      ticks-per-second: 100

metrics:
    - stressor: cpu
      bogo-ops: 431394
      bogo-ops-per-second-usr-sys-time: 1350.727645
      bogo-ops-per-second-real-time: 21569.617606
      wall-clock-time: 20.000076
      user-time: 319.337985
      system-time: 0.040982
      cpu-usage-per-instance: 99.805546
      max-rss: 1104

...
