---
system-info:
      stress-ng-version: 0.17.08
      run-by: root
      date-yyyy-mm-dd: 2024:07:02
      time-hh-mm-ss: 17:38:17
      epoch-secs: 1719941897
      hostname: c3d-highmem-30-909593a
      sysname: Linux
      nodename: c3d-highmem-30-909593a
      release: 6.8.0-1009-gcp
      version: '#10-Ubuntu SMP Wed Jun 12 18:52:23 UTC 2024'
      machine: x86_64
      compiler: 'musl-gcc 13.2.1'
      uptime: 115
      totalram: 253341859840
      freeram: 248030920704
      sharedram: 35201024
      bufferram: 127852544
      totalswap: 0
      freeswap: 0
      pagesize: 4096
      cpus: 30
      cpus-online: 30
      ticks-per-second: 100

metrics:
    - stressor: cpu
      bogo-ops: 861475
      bogo-ops-per-second-usr-sys-time: 1436.691812
      bogo-ops-per-second-real-time: 43073.622401
      wall-clock-time: 20.000059
      user-time: 599.584091
      system-time: 0.039985
      cpu-usage-per-instance: 99.937050
      max-rss: 972

...
