---
system-info:
      stress-ng-version: 0.17.08
      run-by: root
      date-yyyy-mm-dd: 2024:07:02
      time-hh-mm-ss: 22:14:18
      epoch-secs: 1719958458
      hostname: n2-highcpu-64-44184b5
      sysname: Linux
      nodename: n2-highcpu-64-44184b5
      release: 6.8.0-1009-gcp
      version: '#10-Ubuntu SMP Wed Jun 12 18:52:23 UTC 2024'
      machine: x86_64
      compiler: 'musl-gcc 13.2.1'
      uptime: 183
      totalram: 67502850048
      freeram: 61586563072
      sharedram: 70852608
      bufferram: 130580480
      totalswap: 0
      freeswap: 0
      pagesize: 4096
      cpus: 64
      cpus-online: 64
      ticks-per-second: 100

metrics:
    - stressor: cpu
      bogo-ops: 28224
      bogo-ops-per-second-usr-sys-time: 1411.347556
      bogo-ops-per-second-real-time: 1411.191286
      wall-clock-time: 20.000124
      user-time: 19.997909
      system-time: 0.000000
      cpu-usage-per-instance: 99.988928
      max-rss: 512

...
