"size","threads","connections","rps","latency","failed","server_usr","server_sys","client_usr","client_sys"
"1k",128,128,2020851,0.000067850,0,924.62,167.10,34.98,155.77
"1k",128,256,2033582,0.000138800,0,811.72,181.05,35.55,182.80
"1k",128,512,2043373,0.000349580,0,789.13,203.84,36.94,204.70
"1k",128,1024,2106825,0.000587760,0,773.52,201.85,42.95,205.98
"1k",128,2048,2186701,0.001050000,0,750.79,201.40,42.69,216.10
"1k",128,4096,2278280,0.001840000,0,711.82,201.02,44.50,229.58
"1k",256,256,2136405,0.000126800,0,869.32,181.14,37.30,181.77
"1k",256,512,2028321,0.000288810,0,834.22,198.53,44.14,193.22
"1k",256,1024,2070435,0.000572600,0,796.74,206.55,45.88,206.30
"1k",256,2048,2271301,0.001020000,0,739.67,216.39,46.66,233.63
"1k",256,4096,2479661,0.001770000,0,664.47,221.03,50.92,266.39
"1k",512,512,2054433,0.000275170,0,880.21,181.82,38.32,181.81
"1k",512,1024,2032223,0.000576660,0,790.57,210.41,43.03,218.14
"1k",512,2048,2260310,0.001030000,0,714.52,220.29,47.32,255.39
"1k",512,4096,2351910,0.001830000,0,660.63,224.48,53.28,269.79
"16k",128,128,1972677,0.000068030,0,838.23,183.09,41.97,196.32
"16k",128,256,1918166,0.000143430,0,785.65,181.55,40.49,204.39
"16k",128,512,2054827,0.000309920,0,706.08,224.49,43.04,245.66
"16k",128,1024,2168591,0.000588530,0,679.69,228.78,46.47,265.15
"16k",128,2048,2348904,0.000990000,0,617.30,234.21,49.03,289.21
"16k",128,4096,2526276,0.001680000,0,522.77,249.01,52.69,319.38
"16k",256,256,1962067,0.000136970,0,840.74,183.44,41.19,205.75
"16k",256,512,2749574,0.000288240,0,526.94,299.13,56.85,341.16
"16k",256,1024,2040956,0.000586660,0,735.51,222.95,50.48,249.60
"16k",256,2048,2349611,0.001030000,0,609.04,243.79,54.18,302.66
"16k",256,4096,2849618,0.001590000,0,445.51,291.74,65.65,366.59
"16k",512,512,2003727,0.000280940,0,827.75,193.05,42.09,216.62
"16k",512,1024,2128410,0.000549790,0,718.99,234.17,52.48,263.51
"16k",512,2048,2618780,0.000940000,0,540.64,272.77,62.27,348.07
"16k",512,4096,2602083,0.001720000,0,478.60,279.81,64.09,361.07
"64k",128,128,3543830,0.000037170,0,291.32,384.79,111.76,470.58
"64k",128,256,3590329,0.000067510,0,260.30,393.23,107.52,484.36
"64k",128,512,2571174,0.000188230,0,193.76,436.25,76.99,486.83
"64k",128,1024,2336015,0.000426680,0,195.78,464.00,70.52,484.99
"64k",128,2048,2289597,0.000960000,0,201.89,490.74,66.62,486.68
"64k",128,4096,2054376,0.002040000,0,213.15,490.47,62.03,489.82
"64k",256,256,3562622,0.000073240,0,270.21,413.96,111.08,482.27
"64k",256,512,2233016,0.000295810,0,151.50,491.41,70.50,512.45
"64k",256,1024,2396597,0.000496060,0,187.66,473.19,80.19,507.48
"64k",256,2048,2267101,0.001000000,0,193.98,481.21,75.05,493.61
"64k",256,4096,2063000,0.002030000,0,230.16,485.41,71.15,483.49
"64k",512,512,3295920,0.000182960,0,244.17,420.81,107.77,504.99
"64k",512,1024,2546877,0.000496020,0,206.03,455.85,90.44,509.45
"64k",512,2048,2246750,0.001040000,0,190.96,473.61,80.84,508.43
"64k",512,4096,2064818,0.002060000,0,221.82,484.05,75.69,490.86
"256k",128,128,1214819,0.000108050,0,208.80,512.90,90.10,455.88
"256k",128,256,1060507,0.000239220,0,224.16,486.78,85.90,461.14
"256k",128,512,833027,0.000597090,0,223.28,522.30,66.54,442.37
"256k",128,1024,718127,0.001350000,0,200.51,517.41,57.82,483.41
"256k",128,2048,585372,0.003160000,0,176.63,490.43,49.64,556.43
"256k",256,256,1025791,0.000252320,0,263.76,497.69,83.61,449.32
"256k",256,512,891599,0.000608840,0,237.14,519.56,75.47,450.13
"256k",256,1024,806136,0.001340000,0,237.92,530.71,69.08,445.39
"256k",256,2048,682942,0.002990000,0,197.43,523.68,62.03,511.15
"256k",512,512,1014545,0.000514280,0,285.71,487.48,86.97,445.00
"256k",512,1024,865876,0.001250000,0,257.41,524.82,76.21,449.84
"256k",512,2048,807269,0.002570000,0,240.22,533.71,73.65,457.16
"512k",128,128,463835,0.000276720,0,309.54,544.09,64.23,362.98
"512k",128,256,432589,0.000584910,0,302.27,540.05,63.17,365.91
"512k",128,512,361076,0.001360000,0,209.08,507.65,56.32,466.24
"512k",128,1024,282954,0.003340000,0,178.35,478.53,48.15,529.65
"512k",128,2048,244201,0.007140000,0,179.75,464.35,43.41,564.50
"512k",256,256,454439,0.000564550,0,332.54,535.70,65.05,365.11
"512k",256,512,394117,0.001360000,0,246.84,521.34,63.82,428.34
"512k",256,1024,302117,0.003630000,0,185.87,499.74,54.81,490.42
"512k",256,2048,256511,0.008300000,0,173.04,478.47,49.05,529.80
"512k",512,512,460933,0.001120000,0,326.33,554.57,71.11,360.17
"512k",512,1024,356716,0.002980000,0,221.51,525.81,66.50,464.37
"512k",512,2048,288520,0.007490000,0,200.40,502.43,58.52,487.01
