BaselineInfo:
  WebDBID: -1
  TimeStamp: 20260403121006
Version:
  Major: 11
  Minor: 0
  Build: 1004
  SpecialBuildName: ""
  ptArchitecture: x86_64_linux
Results:
  Results Complete: true
  NumTestProcesses: 2
  CPU_INTEGER_MATH: 8338.098
  CPU_FLOATINGPOINT_MATH: 4268.9799782233322
  CPU_PRIME: 16.71312592425744
  CPU_SORTING: 4343.8253202510796
  CPU_ENCRYPTION: 1778.5256844459404
  CPU_COMPRESSION: 31929.871465245931
  CPU_SINGLETHREAD: 2281.9625431850754
  CPU_PHYSICS: 345.74997191011147
  CPU_MATRIX_MULT_SSE: 1634.771995412822
  CPU_mm: 180.10266924131759
  CPU_sse: 782.78220818045179
  CPU_fma: 2173.3381156507039
  CPU_avx: 1607.9984512666506
  CPU_avx512: 1974.9692065534814
  m_CPU_enc_SHA: 1725856348.3467836
  m_CPU_enc_AES: 2736842084.6091576
  m_CPU_enc_ECDSA: 1132059611.3248177
  ME_ALLOC_S: 976.09532402397542
  ME_READ_S: 23811.167187499999
  ME_READ_L: 10207.23828125
  ME_WRITE: 9549.828125
  ME_LARGE: 1036.25
  ME_LATENCY: 59.24365950621381
  ME_THREADED: 14567.8046875
  SUMM_CPU: 2939.3591261828342
  SUMM_ME: 1199.5300829709201
SystemInformation:
  OSName: Ubuntu 24.04.4 LTS
  Kernel: 6.8.0-106-generic
  Device: ""
  Processor: Intel(R) Xeon(R) Platinum 8369B CPU @ 2.70GHz
  NumSockets: 1
  Manufacturer: GenuineIntel
  NumCores: 1
  NumLogicals: 2
  CPUFrequency: 0
  CPUMaxFrequency: 0
  Memory: 3499
  CPUInfo:
    number: 1
    Family: 6
    Model: 10
    stepping: 6
    features: 529267711
    manufacture: GenuineIntel
    typestring: Intel(R) Xeon(R) Platinum 8369B CPU @ 2.70GHz
    iCoresPerPackage: 1
    iThreadsPerPackage: 2
    featuresEx:
      - 529267711
      - 4277809667
      - 739248128
    bHybrid: false
    nPCore: 0
    nLogicalsPerPCore: 0
    nECore: 0
    nLogicalsPerECore: 0
  MemModuleInfo:
    iNumMemSticks: 1
    DIMM 1:
      manufacturer: Alibaba Cloud
      modulePartNo: Not Specified
      memType: RAM
      size: 4
      clkspeed: 0
      moduleVoltage: 0
Checksum: BEEFA30C6FB3FE754609D2D3FF220540272F7CF4