BaselineInfo:
  WebDBID: -1
  TimeStamp: 20260709214902
Version:
  Major: 11
  Minor: 0
  Build: 1004
  SpecialBuildName: ""
  ptArchitecture: x86_64_linux
Results:
  Results Complete: true
  NumTestProcesses: 4
  CPU_INTEGER_MATH: 30395.833666666669
  CPU_FLOATINGPOINT_MATH: 30479.337676638715
  CPU_PRIME: 113.80812450934266
  CPU_SORTING: 18023.822265628329
  CPU_ENCRYPTION: 6245.7578545870483
  CPU_COMPRESSION: 130340.48026364985
  CPU_SINGLETHREAD: 3745.0879791405014
  CPU_PHYSICS: 1818.0507987037622
  CPU_MATRIX_MULT_SSE: 11384.382668463091
  CPU_mm: 1384.3331447250334
  CPU_sse: 4265.8248979503633
  CPU_fma: 16425.789872587713
  CPU_avx: 8744.531442167261
  CPU_avx512: 16101.38446114703
  m_CPU_enc_SHA: 8651603159.8801174
  m_CPU_enc_AES: 5422852090.1946945
  m_CPU_enc_ECDSA: 5573000114.3195934
  ME_ALLOC_S: 5328.1305820879215
  ME_READ_S: 33880.121679687501
  ME_READ_L: 30179.13671875
  ME_WRITE: 30357.705078125
  ME_LARGE: 7625
  ME_LATENCY: 79.739226287206051
  ME_THREADED: 49718.287109375
  SUMM_CPU: 13307.489794437135
  SUMM_ME: 2443.0729168356979
SystemInformation:
  OSName: Ubuntu 24.04.4 LTS
  Kernel: 6.17.0-1018-azure
  Device: ""
  Processor: "AMD EPYC 9V45 96-Core Processor                "
  NumSockets: 1
  Manufacturer: AuthenticAMD
  NumCores: 4
  NumLogicals: 4
  CPUFrequency: 0
  CPUMaxFrequency: 0
  Memory: 15989
  CPUInfo:
    number: 1
    Family: 15
    Model: 2
    stepping: 1
    features: 395049983
    manufacture: AuthenticAMD
    typestring: "AMD EPYC 9V45 96-Core Processor                "
    iCoresPerPackage: 8
    iThreadsPerPackage: 1
    featuresEx:
      - 395049983
      - 4277809667
      - 802421759
    bHybrid: false
    nPCore: 0
    nLogicalsPerPCore: 0
    nECore: 0
    nLogicalsPerECore: 0
  MemModuleInfo:
    iNumMemSticks: 2
    DIMM 1:
      manufacturer: Microsoft Corporation
      modulePartNo: None
      memType: Unknown
      size: 1
      clkspeed: 0
      moduleVoltage: 0
    DIMM 2:
      manufacturer: Microsoft Corporation
      modulePartNo: None
      memType: Unknown
      size: 15
      clkspeed: 0
      moduleVoltage: 0
Checksum: 8D9F1153584C6D7FC69C7E47B4C05B876B043F40