BaselineInfo:
  WebDBID: -1
  TimeStamp: 20241108021447
Version:
  Major: 11
  Minor: 0
  Build: 1002
  SpecialBuildName: ""
  ptArchitecture: x86_64_linux
Results:
  Results Complete: true
  NumTestProcesses: 8
  CPU_INTEGER_MATH: 24801.696333333333
  CPU_FLOATINGPOINT_MATH: 13337.798557070384
  CPU_PRIME: 46.092249305726746
  CPU_SORTING: 13030.264980704675
  CPU_ENCRYPTION: 3414.2690705192667
  CPU_COMPRESSION: 110876.5771511425
  CPU_SINGLETHREAD: 1987.8744094950114
  CPU_PHYSICS: 882.45740010670477
  CPU_MATRIX_MULT_SSE: 6443.6076958242256
  CPU_mm: 752.49593934445625
  CPU_sse: 2697.0026127601027
  CPU_fma: 7852.817211518809
  CPU_avx: 5541.0147557387199
  CPU_avx512: 9683.5962032792722
  m_CPU_enc_SHA: 1122532412.9208784
  m_CPU_enc_AES: 8614294681.7661915
  m_CPU_enc_ECDSA: 1003534719.9793618
  ME_ALLOC_S: 2913.7755425201622
  ME_READ_S: 24064.488671874999
  ME_READ_L: 11083.203125
  ME_WRITE: 10196.05859375
  ME_LARGE: 54099.5
  ME_LATENCY: 51.044764246157264
  ME_THREADED: 48431.94580078125
  SUMM_CPU: 8349.7647069062186
  SUMM_ME: 2496.6889832761685
SystemInformation:
  OSName: Ubuntu 24.04.1 LTS
  Kernel: 6.8.0-1015-gcp
  Device: ""
  Processor: Intel Xeon CPU @ 2.80GHz
  NumSockets: 1
  Manufacturer: GenuineIntel
  NumCores: 4
  NumLogicals: 8
  CPUFrequency: 0
  Memory: 64301
  MemModuleInfo:
    iNumMemSticks: 4
    DIMM 1:
      manufacturer: ""
      modulePartNo: ""
      memType: RAM
      size: 16
      clkspeed: 0
      moduleVoltage: 0
    DIMM 2:
      manufacturer: ""
      modulePartNo: ""
      memType: RAM
      size: 16
      clkspeed: 0
      moduleVoltage: 0
    DIMM 3:
      manufacturer: ""
      modulePartNo: ""
      memType: RAM
      size: 16
      clkspeed: 0
      moduleVoltage: 0
    DIMM 4:
      manufacturer: ""
      modulePartNo: ""
      memType: RAM
      size: 16
      clkspeed: 0
      moduleVoltage: 0
Checksum: 48BC8CBEED13078C0DCD4B04F951FC229A0A2897