BaselineInfo:
  WebDBID: -1
  TimeStamp: 20260630212221
Version:
  Major: 11
  Minor: 0
  Build: 1004
  SpecialBuildName: ""
  ptArchitecture: x86_64_linux
Results:
  Results Complete: true
  NumTestProcesses: 64
  CPU_INTEGER_MATH: 417278.80966666667
  CPU_FLOATINGPOINT_MATH: 254210.57430973672
  CPU_PRIME: 968.46432494733119
  CPU_SORTING: 187849.39227967474
  CPU_ENCRYPTION: 83211.131815429064
  CPU_COMPRESSION: 1483495.8278681731
  CPU_SINGLETHREAD: 3738.4394826102643
  CPU_PHYSICS: 15693.704443321136
  CPU_MATRIX_MULT_SSE: 112816.57891437151
  CPU_mm: 10911.639434727409
  CPU_sse: 41131.985988081855
  CPU_fma: 123161.04785773541
  CPU_avx: 118095.18738389734
  CPU_avx512: 168878.09442777134
  m_CPU_enc_SHA: 104995939379.72716
  m_CPU_enc_AES: 85856768208.739014
  m_CPU_enc_ECDSA: 70906879675.019897
  ME_ALLOC_S: 42591.528618448719
  ME_READ_S: 33400.813281249997
  ME_READ_L: 32408.181640625
  ME_WRITE: 33011.24609375
  ME_LARGE: 504497.25
  ME_LATENCY: 77.655682566086796
  ME_THREADED: 617431.603515625
  SUMM_CPU: 98751.742669359228
  SUMM_ME: 3041.7087500864677
SystemInformation:
  OSName: Ubuntu 24.04.4 LTS
  Kernel: 6.8.0-124-generic
  Device: ""
  Processor: AMD EPYC-Turin Processor
  NumSockets: 1
  Manufacturer: AuthenticAMD
  NumCores: 32
  NumLogicals: 64
  CPUFrequency: 0
  CPUMaxFrequency: 0
  Memory: 515761
  CPUInfo:
    number: 1
    Family: 15
    Model: 0
    stepping: 0
    features: 395049983
    manufacture: AuthenticAMD
    typestring: AMD EPYC-Turin Processor
    iCoresPerPackage: 32
    iThreadsPerPackage: 2
    featuresEx:
      - 395049983
      - 4277809667
      - 802421759
    bHybrid: false
    nPCore: 0
    nLogicalsPerPCore: 0
    nECore: 0
    nLogicalsPerECore: 0
  MemModuleInfo:
    iNumMemSticks: 1
    DIMM 1:
      manufacturer: QEMU
      modulePartNo: Not Specified
      memType: RAM
      size: 512
      clkspeed: 0
      moduleVoltage: 0
Checksum: 1B0E62E255067F709F7F7CD3D28676E8BAFCF6F2