---
system-info:
      stress-ng-version: 0.17.08
      run-by: root
      date-yyyy-mm-dd: 2024:07:09
      time-hh-mm-ss: 15:46:36
      epoch-secs: 1720539996
      hostname: m1-ultramem-40-4a29ff2
      sysname: Linux
      nodename: m1-ultramem-40-4a29ff2
      release: 6.8.0-1009-gcp
      version: '#10-Ubuntu SMP Wed Jun 12 18:52:23 UTC 2024'
      machine: x86_64
      compiler: 'musl-gcc 13.2.1'
      uptime: 188
      totalram: 1015205609472
      freeram: 1009280057344
      sharedram: 59416576
      bufferram: 132423680
      totalswap: 0
      freeswap: 0
      pagesize: 4096
      cpus: 40
      cpus-online: 40
      ticks-per-second: 100

metrics:
    - stressor: cpu
      bogo-ops: 401905
      bogo-ops-per-second-usr-sys-time: 502.822528
      bogo-ops-per-second-real-time: 20095.084847
      wall-clock-time: 20.000164
      user-time: 799.247940
      system-time: 0.049979
      cpu-usage-per-instance: 99.911419
      max-rss: 980

...
