BaselineInfo:
  WebDBID: -1
  TimeStamp: 20241107092115
Version:
  Major: 11
  Minor: 0
  Build: 1002
  SpecialBuildName: ""
  ptArchitecture: x86_64_linux
Results:
  Results Complete: true
  NumTestProcesses: 4
  CPU_INTEGER_MATH: 16576.109666666667
  CPU_FLOATINGPOINT_MATH: 9187.6554132124857
  CPU_PRIME: 39.788717191008537
  CPU_SORTING: 9309.1549945380539
  CPU_ENCRYPTION: 4316.6175386048899
  CPU_COMPRESSION: 64027.649830951574
  CPU_SINGLETHREAD: 2389.8713090118322
  CPU_PHYSICS: 760.99878859902367
  CPU_MATRIX_MULT_SSE: 3607.43714974677
  CPU_mm: 448.74703312703366
  CPU_sse: 1887.1401110260058
  CPU_fma: 5192.9915591403687
  CPU_avx: 3742.1797790739365
  CPU_avx512: 0
  m_CPU_enc_SHA: 6250372228.2301092
  m_CPU_enc_AES: 3997587386.2659497
  m_CPU_enc_ECDSA: 3330945041.9844246
  ME_ALLOC_S: 1850.292519921245
  ME_READ_S: 24348.425585937501
  ME_READ_L: 20140.046875
  ME_WRITE: 19325.90234375
  ME_LARGE: 6079
  ME_LATENCY: 63.143150109011422
  ME_THREADED: 37649.7177734375
  SUMM_CPU: 6187.3826155748884
  SUMM_ME: 2256.8925067953328
SystemInformation:
  OSName: Ubuntu 24.04.1 LTS
  Kernel: 6.8.0-1017-azure
  Device: ""
  Processor: AMD EPYC 7763 64-Core Processor
  NumSockets: 1
  Manufacturer: AuthenticAMD
  NumCores: 2
  NumLogicals: 4
  CPUFrequency: 0
  Memory: 15989
  MemModuleInfo:
    iNumMemSticks: 2
    DIMM 1:
      manufacturer: Microsoft Corporation
      modulePartNo: None
      memType: Unknown
      size: 1
      clkspeed: 0
      moduleVoltage: 0
    DIMM 2:
      manufacturer: Microsoft Corporation
      modulePartNo: None
      memType: Unknown
      size: 15
      clkspeed: 0
      moduleVoltage: 0
Checksum: C4740CDD0F9C1582881118BC64DF5513E8FEC483