BaselineInfo:
  WebDBID: -1
  TimeStamp: 20260404125319
Version:
  Major: 11
  Minor: 0
  Build: 1004
  SpecialBuildName: ""
  ptArchitecture: x86_64_linux
Results:
  Results Complete: true
  NumTestProcesses: 12
  CPU_INTEGER_MATH: 38506.281999999999
  CPU_FLOATINGPOINT_MATH: 20649.843200707888
  CPU_PRIME: 82.790257714009797
  CPU_SORTING: 23519.382176194849
  CPU_ENCRYPTION: 5328.6650402481482
  CPU_COMPRESSION: 177514.84878049785
  CPU_SINGLETHREAD: 2165.5424856156033
  CPU_PHYSICS: 1354.619902381279
  CPU_MATRIX_MULT_SSE: 10618.030377487234
  CPU_mm: 1168.8543112513103
  CPU_sse: 4190.2624552819634
  CPU_fma: 13070.107842655832
  CPU_avx: 9218.0938680712788
  CPU_avx512: 15993.657343939867
  m_CPU_enc_SHA: 1740515489.2482982
  m_CPU_enc_AES: 13446217641.33012
  m_CPU_enc_ECDSA: 1575797689.1513119
  ME_ALLOC_S: 4512.8504950774968
  ME_READ_S: 24929.893749999999
  ME_READ_L: 10377.431640625
  ME_WRITE: 10119.201171875
  ME_LARGE: 34061.583333333336
  ME_LATENCY: 51.643443693116019
  ME_THREADED: 69721.71142578125
  SUMM_CPU: 13063.406517570207
  SUMM_ME: 2534.5358427181127
SystemInformation:
  OSName: Ubuntu 24.04.4 LTS
  Kernel: 6.8.0-106-generic
  Device: ""
  Processor: Intel(R) Xeon(R) Platinum 8269CY CPU T 3.10GHz
  NumSockets: 1
  Manufacturer: GenuineIntel
  NumCores: 6
  NumLogicals: 12
  CPUFrequency: 3100
  CPUMaxFrequency: 3800
  Memory: 46999
  CPUInfo:
    number: 1
    Family: 6
    Model: 5
    stepping: 7
    features: 529267711
    manufacture: GenuineIntel
    typestring: Intel(R) Xeon(R) Platinum 8269CY CPU T 3.10GHz
    iCoresPerPackage: 6
    iThreadsPerPackage: 2
    featuresEx:
      - 529267711
      - 4277809667
      - 739248128
    bHybrid: false
    nPCore: 0
    nLogicalsPerPCore: 0
    nECore: 0
    nLogicalsPerECore: 0
  MemModuleInfo:
    iNumMemSticks: 3
    DIMM 1:
      manufacturer: Alibaba Cloud
      modulePartNo: Not Specified
      memType: RAM
      size: 16
      clkspeed: 0
      moduleVoltage: 0
    DIMM 2:
      manufacturer: Alibaba Cloud
      modulePartNo: Not Specified
      memType: RAM
      size: 16
      clkspeed: 0
      moduleVoltage: 0
    DIMM 3:
      manufacturer: Alibaba Cloud
      modulePartNo: Not Specified
      memType: RAM
      size: 16
      clkspeed: 0
      moduleVoltage: 0
Checksum: F587F159DE6B131F421E2C9AC76572881174E324