---
system-info:
      stress-ng-version: 0.17.08
      run-by: root
      date-yyyy-mm-dd: 2024:07:03
      time-hh-mm-ss: 08:51:02
      epoch-secs: 1719996662
      hostname: n4-highmem-64-09e6ede
      sysname: Linux
      nodename: n4-highmem-64-09e6ede
      release: 6.8.0-1009-gcp
      version: '#10-Ubuntu SMP Wed Jun 12 18:52:23 UTC 2024'
      machine: x86_64
      compiler: 'musl-gcc 13.2.1'
      uptime: 118
      totalram: 540820533248
      freeram: 534975385600
      sharedram: 274579456
      bufferram: 130625536
      totalswap: 0
      freeswap: 0
      pagesize: 4096
      cpus: 64
      cpus-online: 64
      ticks-per-second: 100

metrics:
    - stressor: cpu
      bogo-ops: 1051179
      bogo-ops-per-second-usr-sys-time: 821.491390
      bogo-ops-per-second-real-time: 52558.706106
      wall-clock-time: 20.000093
      user-time: 1279.574332
      system-time: 0.023985
      cpu-usage-per-instance: 99.968155
      max-rss: 512

...
