BaselineInfo:
  WebDBID: -1
  TimeStamp: 20241111093835
Version:
  Major: 11
  Minor: 0
  Build: 1002
  SpecialBuildName: ""
  ptArchitecture: aarch64_linux
Results:
  Results Complete: true
  NumTestProcesses: 2
  CPU_INTEGER_MATH: 7849.7836666666672
  CPU_FLOATINGPOINT_MATH: 5976.8678647366933
  CPU_PRIME: 16.616789076502464
  CPU_SORTING: 5613.3273500431169
  CPU_ENCRYPTION: 269.29553923523156
  CPU_COMPRESSION: 9004.5677214316893
  CPU_SINGLETHREAD: 1111.3917792545644
  CPU_PHYSICS: 352.69713315072136
  CPU_MATRIX_MULT_SSE: 1241.036527210116
  CPU_mm: 207.72233577510772
  CPU_sse: 1038.7987115466899
  CPU_fma: 1443.2743428735421
  CPU_avx: 0
  CPU_avx512: 0
  m_CPU_enc_SHA: 402616987.309659
  m_CPU_enc_AES: 187060828.64279425
  m_CPU_enc_ECDSA: 257452702.09491336
  ME_ALLOC_S: 1325.1578751777331
  ME_READ_S: 9488.2499023437504
  ME_READ_L: 9224.7158203125
  ME_WRITE: 12578.515625
  ME_LARGE: 5877.75
  ME_LATENCY: 70.928705678662965
  ME_THREADED: 18251.3115234375
  SUMM_CPU: 1356.7665525897212
  SUMM_ME: 1442.7436459541916
SystemInformation:
  OSName: Ubuntu 24.04.1 LTS
  Kernel: 6.8.0-1016-aws
  Device: ""
  Processor: ARM Neoverse-N1 2 Core 0 MHz
  NumSockets: 1
  Manufacturer: ARM
  NumCores: 2
  NumLogicals: 2
  CPUFrequency: 0
  Memory: 15768
Checksum: BE2BF8B602E78EF8E362D68EEA332C9BFCE6BAB7