---
system-info:
      stress-ng-version: 0.17.08
      run-by: root
      date-yyyy-mm-dd: 2024:09:19
      time-hh-mm-ss: 11:41:33
      epoch-secs: 1726746093
      hostname: sc-runner
      sysname: Linux
      nodename: sc-runner
      release: 6.8.0-1014-azure
      version: '#16-Ubuntu SMP Thu Aug 15 20:04:41 UTC 2024'
      machine: x86_64
      compiler: 'musl-gcc 13.2.1'
      uptime: 332
      totalram: 168787070976
      freeram: 158253256704
      sharedram: 42201088
      bufferram: 273903616
      totalswap: 0
      freeswap: 0
      pagesize: 4096
      cpus: 20
      cpus-online: 20
      ticks-per-second: 100

metrics:
    - stressor: cpu
      bogo-ops: 372593
      bogo-ops-per-second-usr-sys-time: 932.596524
      bogo-ops-per-second-real-time: 18629.556215
      wall-clock-time: 20.000101
      user-time: 399.492204
      system-time: 0.029980
      cpu-usage-per-instance: 99.880043
      max-rss: 3188

...
