BaselineInfo:
  WebDBID: -1
  TimeStamp: 20241107114245
Version:
  Major: 11
  Minor: 0
  Build: 1002
  SpecialBuildName: ""
  ptArchitecture: aarch64_linux
Results:
  Results Complete: true
  NumTestProcesses: 8
  CPU_INTEGER_MATH: 37693.49766666667
  CPU_FLOATINGPOINT_MATH: 28691.329311451867
  CPU_PRIME: 64.687871857543854
  CPU_SORTING: 27254.367035283052
  CPU_ENCRYPTION: 1303.932787121629
  CPU_COMPRESSION: 44788.00245396472
  CPU_SINGLETHREAD: 1331.0995448438275
  CPU_PHYSICS: 1122.17673762918
  CPU_MATRIX_MULT_SSE: 5962.699193986582
  CPU_mm: 992.61634158789627
  CPU_sse: 4993.7750477571262
  CPU_fma: 6931.6233402160378
  CPU_avx: 0
  CPU_avx512: 0
  m_CPU_enc_SHA: 1961406231.6759968
  m_CPU_enc_AES: 906343880.06091928
  m_CPU_enc_ECDSA: 1234067766.8296318
  ME_ALLOC_S: 5651.7964162249837
  ME_READ_S: 11376.873046875
  ME_READ_L: 8844.47265625
  ME_WRITE: 14971.2431640625
  ME_LARGE: 5978.833333333333
  ME_LATENCY: 73.458033401654859
  ME_THREADED: 65609.291015625
  SUMM_CPU: 6214.2761538267059
  SUMM_ME: 1703.0484966366191
SystemInformation:
  OSName: Ubuntu 24.04.1 LTS
  Kernel: 6.8.0-1017-azure
  Device: ""
  Processor: ARM Neoverse-N1 8 Core 0 MHz
  NumSockets: 1
  Manufacturer: ARM
  NumCores: 8
  NumLogicals: 8
  CPUFrequency: 0
  Memory: 15958
Checksum: 147445D37FF6DC2242C64EE07FA375AA02D39DB9