BaselineInfo:
  WebDBID: -1
  TimeStamp: 20241109081856
Version:
  Major: 11
  Minor: 0
  Build: 1002
  SpecialBuildName: ""
  ptArchitecture: x86_64_linux
Results:
  Results Complete: true
  NumTestProcesses: 32
  CPU_INTEGER_MATH: 193356.35900000011
  CPU_FLOATINGPOINT_MATH: 170598.5361332419
  CPU_PRIME: 606.03919375332293
  CPU_SORTING: 118944.91063492614
  CPU_ENCRYPTION: 41924.19867911606
  CPU_COMPRESSION: 842107.29271587695
  CPU_SINGLETHREAD: 2889.5348256135735
  CPU_PHYSICS: 8494.0817245082562
  CPU_MATRIX_MULT_SSE: 77917.417381410211
  CPU_mm: 8351.6855236740721
  CPU_sse: 37006.933975405256
  CPU_fma: 105194.6981514332
  CPU_avx: 90290.118595671665
  CPU_avx512: 79177.918803130684
  m_CPU_enc_SHA: 57856405349.906189
  m_CPU_enc_AES: 36706573377.448097
  m_CPU_enc_ECDSA: 37319146935.104126
  ME_ALLOC_S: 27191.932476310903
  ME_READ_S: 27840.478515625
  ME_READ_L: 27015.26171875
  ME_WRITE: 25821.396484375
  ME_LARGE: 240930
  ME_LATENCY: 79.524613912123854
  ME_THREADED: 180924.7412109375
  SUMM_CPU: 62261.403477742999
  SUMM_ME: 2773.6599595453058
SystemInformation:
  OSName: Ubuntu 24.04.1 LTS
  Kernel: 6.8.0-1016-aws
  Device: ""
  Processor: AMD EPYC 9R14
  NumSockets: 1
  Manufacturer: AuthenticAMD
  NumCores: 32
  NumLogicals: 32
  CPUFrequency: 0
  Memory: 252322
  MemModuleInfo:
    iNumMemSticks: 1
    DIMM 1:
      manufacturer: Not Specified
      modulePartNo: Not Specified
      memType: DDR5
      size: 256
      clkspeed: 2400
      moduleVoltage: 0
Checksum: BA447DA9C409DB04ECEDD903711EFB0F072D613B