BaselineInfo:
  WebDBID: -1
  TimeStamp: 20241109195346
Version:
  Major: 11
  Minor: 0
  Build: 1002
  SpecialBuildName: ""
  ptArchitecture: x86_64_linux
Results:
  Results Complete: true
  NumTestProcesses: 32
  CPU_INTEGER_MATH: 134752.65133333334
  CPU_FLOATINGPOINT_MATH: 68891.775983721542
  CPU_PRIME: 199.4930142662937
  CPU_SORTING: 68894.29524979135
  CPU_ENCRYPTION: 29267.089629454629
  CPU_COMPRESSION: 490501.32105303754
  CPU_SINGLETHREAD: 2438.127571782868
  CPU_PHYSICS: 3466.0388334250015
  CPU_MATRIX_MULT_SSE: 29125.227238545853
  CPU_mm: 2901.2079606197726
  CPU_sse: 12791.106627267351
  CPU_fma: 35108.500153860565
  CPU_avx: 25926.233004837981
  CPU_avx512: 42675.069168217487
  m_CPU_enc_SHA: 29549432969.090839
  m_CPU_enc_AES: 44462948857.889359
  m_CPU_enc_ECDSA: 18053921498.904865
  ME_ALLOC_S: 15446.452145933603
  ME_READ_S: 24501.224609375
  ME_READ_L: 12757.630859375
  ME_WRITE: 11508.5869140625
  ME_LARGE: 504701.33333333331
  ME_LATENCY: 50.924546937954545
  ME_THREADED: 140780.11865234375
  SUMM_CPU: 37169.964927176043
  SUMM_ME: 2884.1523159402614
SystemInformation:
  OSName: Ubuntu 24.04.1 LTS
  Kernel: 6.8.0-1017-azure
  Device: ""
  Processor: Intel Xeon Platinum 8370C CPU @ 2.80GHz
  NumSockets: 2
  Manufacturer: GenuineIntel
  NumCores: 16
  NumLogicals: 32
  CPUFrequency: 2800
  Memory: 515970
  MemModuleInfo:
    iNumMemSticks: 4
    DIMM 1:
      manufacturer: Microsoft Corporation
      modulePartNo: None
      memType: Unknown
      size: 1
      clkspeed: 0
      moduleVoltage: 0
    DIMM 2:
      manufacturer: Microsoft Corporation
      modulePartNo: None
      memType: Unknown
      size: 59
      clkspeed: 0
      moduleVoltage: 0
    DIMM 3:
      manufacturer: Microsoft Corporation
      modulePartNo: None
      memType: Unknown
      size: 196
      clkspeed: 0
      moduleVoltage: 0
    DIMM 4:
      manufacturer: Microsoft Corporation
      modulePartNo: None
      memType: Unknown
      size: 256
      clkspeed: 0
      moduleVoltage: 0
Checksum: 2F31338D4A8FE5F931C001A1AE404DD58ADC4866