---
system-info:
      stress-ng-version: 0.17.08
      run-by: root
      date-yyyy-mm-dd: 2024:09:16
      time-hh-mm-ss: 14:32:04
      epoch-secs: 1726497124
      hostname: sc-runner
      sysname: Linux
      nodename: sc-runner
      release: 6.8.0-1014-azure
      version: '#16-Ubuntu SMP Thu Aug 15 20:04:41 UTC 2024'
      machine: x86_64
      compiler: 'musl-gcc 13.2.1'
      uptime: 271
      totalram: 67423793152
      freeram: 57301172224
      sharedram: 54898688
      bufferram: 227663872
      totalswap: 0
      freeswap: 0
      pagesize: 4096
      cpus: 4
      cpus-online: 4
      ticks-per-second: 100

metrics:
    - stressor: cpu
      bogo-ops: 77400
      bogo-ops-per-second-usr-sys-time: 971.733271
      bogo-ops-per-second-real-time: 3869.982435
      wall-clock-time: 20.000091
      user-time: 79.639505
      system-time: 0.011982
      cpu-usage-per-instance: 99.563907
      max-rss: 3256

...
