---
system-info:
      stress-ng-version: 0.17.08
      run-by: root
      date-yyyy-mm-dd: 2024:06:14
      time-hh-mm-ss: 10:22:33
      epoch-secs: 1718360553
      hostname: 7d1736623409
      sysname: Linux
      nodename: 7d1736623409
      release: 6.8.0-1008-aws
      version: '#8-Ubuntu SMP Sat Apr 20 02:43:14 UTC 2024'
      machine: aarch64
      compiler: 'musl-gcc 13.2.1'
      uptime: 212
      totalram: 16434499584
      freeram: 12153282560
      sharedram: 35012608
      bufferram: 105959424
      totalswap: 0
      freeswap: 0
      pagesize: 4096
      cpus: 8
      cpus-online: 8
      ticks-per-second: 100

metrics:
    - stressor: cpu
      bogo-ops: 244863
      bogo-ops-per-second-usr-sys-time: 1533.135802
      bogo-ops-per-second-real-time: 12243.101253
      wall-clock-time: 20.000080
      user-time: 159.703842
      system-time: 0.009994
      cpu-usage-per-instance: 99.820750
      max-rss: 1192

...
