---
system-info:
      stress-ng-version: 0.17.08
      run-by: root
      date-yyyy-mm-dd: 2024:06:06
      time-hh-mm-ss: 16:43:58
      epoch-secs: 1717692238
      hostname: ea96582d3990
      sysname: Linux
      nodename: ea96582d3990
      release: 6.8.0-1008-aws
      version: '#8-Ubuntu SMP Sat Apr 20 02:43:14 UTC 2024'
      machine: aarch64
      compiler: 'musl-gcc 13.2.1'
      uptime: 111
      totalram: 16434499584
      freeram: 12269445120
      sharedram: 35016704
      bufferram: 84058112
      totalswap: 0
      freeswap: 0
      pagesize: 4096
      cpus: 8
      cpus-online: 8
      ticks-per-second: 100

metrics:
    - stressor: cpu
      bogo-ops: 34107
      bogo-ops-per-second-usr-sys-time: 425.103441
      bogo-ops-per-second-real-time: 3394.343096
      wall-clock-time: 10.048189
      user-time: 80.223242
      system-time: 0.008995
      cpu-usage-per-instance: 99.809328
      max-rss: 4136

...
