BaselineInfo:
  WebDBID: -1
  TimeStamp: 20260404121101
Version:
  Major: 11
  Minor: 0
  Build: 1004
  SpecialBuildName: ""
  ptArchitecture: x86_64_linux
Results:
  Results Complete: true
  NumTestProcesses: 12
  CPU_INTEGER_MATH: 50245.374666666663
  CPU_FLOATINGPOINT_MATH: 25732.006881341978
  CPU_PRIME: 90.789342237032429
  CPU_SORTING: 26326.680305704747
  CPU_ENCRYPTION: 10898.53086431428
  CPU_COMPRESSION: 187296.65899823862
  CPU_SINGLETHREAD: 2357.1702394190288
  CPU_PHYSICS: 1787.5007443055058
  CPU_MATRIX_MULT_SSE: 10487.59803410335
  CPU_mm: 1084.4905535242474
  CPU_sse: 4771.4522927941725
  CPU_fma: 13087.15444560339
  CPU_avx: 9671.1729471041072
  CPU_avx512: 14420.612450911722
  m_CPU_enc_SHA: 11036438242.172104
  m_CPU_enc_AES: 16580399272.567755
  m_CPU_enc_ECDSA: 6666976183.9977798
  ME_ALLOC_S: 5907.3054943452635
  ME_READ_S: 24074.654687499999
  ME_READ_L: 11178.328125
  ME_WRITE: 9840.27734375
  ME_LARGE: 33957
  ME_LATENCY: 58.39027366298162
  ME_THREADED: 70197.70458984375
  SUMM_CPU: 16288.424921494568
  SUMM_ME: 2441.0644942544714
SystemInformation:
  OSName: Ubuntu 24.04.4 LTS
  Kernel: 6.8.0-106-generic
  Device: ""
  Processor: Intel(R) Xeon(R) Platinum 8369B CPU @ 2.70GHz
  NumSockets: 1
  Manufacturer: GenuineIntel
  NumCores: 6
  NumLogicals: 12
  CPUFrequency: 0
  CPUMaxFrequency: 0
  Memory: 46999
  CPUInfo:
    number: 1
    Family: 6
    Model: 10
    stepping: 6
    features: 529267711
    manufacture: GenuineIntel
    typestring: Intel(R) Xeon(R) Platinum 8369B CPU @ 2.70GHz
    iCoresPerPackage: 6
    iThreadsPerPackage: 2
    featuresEx:
      - 529267711
      - 4277809667
      - 739248128
    bHybrid: false
    nPCore: 0
    nLogicalsPerPCore: 0
    nECore: 0
    nLogicalsPerECore: 0
  MemModuleInfo:
    iNumMemSticks: 3
    DIMM 1:
      manufacturer: Alibaba Cloud
      modulePartNo: Not Specified
      memType: RAM
      size: 16
      clkspeed: 0
      moduleVoltage: 0
    DIMM 2:
      manufacturer: Alibaba Cloud
      modulePartNo: Not Specified
      memType: RAM
      size: 16
      clkspeed: 0
      moduleVoltage: 0
    DIMM 3:
      manufacturer: Alibaba Cloud
      modulePartNo: Not Specified
      memType: RAM
      size: 16
      clkspeed: 0
      moduleVoltage: 0
Checksum: 8F36DC46D780C8FDA304512D76F1856D98FDA850