---
system-info:
      stress-ng-version: 0.17.08
      run-by: root
      date-yyyy-mm-dd: 2024:06:09
      time-hh-mm-ss: 22:41:07
      epoch-secs: 1717972867
      hostname: 1e3afe249da8
      sysname: Linux
      nodename: 1e3afe249da8
      release: 6.8.0-1008-aws
      version: '#8-Ubuntu SMP Sat Apr 20 02:43:14 UTC 2024'
      machine: aarch64
      compiler: 'musl-gcc 13.2.1'
      uptime: 121
      totalram: 265464344576
      freeram: 260526899200
      sharedram: 34963456
      bufferram: 112267264
      totalswap: 0
      freeswap: 0
      pagesize: 4096
      cpus: 32
      cpus-online: 32
      ticks-per-second: 100

metrics:
    - stressor: cpu
      bogo-ops: 4267
      bogo-ops-per-second-usr-sys-time: 425.030015
      bogo-ops-per-second-real-time: 425.020147
      wall-clock-time: 10.039524
      user-time: 10.037292
      system-time: 0.001999
      cpu-usage-per-instance: 99.997678
      max-rss: 4096

...
