---
system-info:
      stress-ng-version: 0.17.08
      run-by: root
      date-yyyy-mm-dd: 2024:06:16
      time-hh-mm-ss: 03:22:42
      epoch-secs: 1718508162
      hostname: ffa1b58d8800
      sysname: Linux
      nodename: ffa1b58d8800
      release: 6.8.0-1008-aws
      version: '#8-Ubuntu SMP Sat Apr 20 02:43:14 UTC 2024'
      machine: aarch64
      compiler: 'musl-gcc 13.2.1'
      uptime: 141
      totalram: 265464340480
      freeram: 260738007040
      sharedram: 34963456
      bufferram: 109424640
      totalswap: 0
      freeswap: 0
      pagesize: 4096
      cpus: 32
      cpus-online: 32
      ticks-per-second: 100

metrics:
    - stressor: cpu
      bogo-ops: 30664
      bogo-ops-per-second-usr-sys-time: 1533.176772
      bogo-ops-per-second-real-time: 1533.191136
      wall-clock-time: 20.000116
      user-time: 20.000303
      system-time: 0.000000
      cpu-usage-per-instance: 100.000937
      max-rss: 1280

...
