---
system-info:
      stress-ng-version: 0.17.08
      run-by: root
      date-yyyy-mm-dd: 2024:06:21
      time-hh-mm-ss: 04:50:44
      epoch-secs: 1718945444
      hostname: 4373aff59843
      sysname: Linux
      nodename: 4373aff59843
      release: 6.8.0-1008-gcp
      version: '#9-Ubuntu SMP Wed May 22 18:09:04 UTC 2024'
      machine: x86_64
      compiler: 'musl-gcc 13.2.1'
      uptime: 179
      totalram: 16767352832
      freeram: 11775393792
      sharedram: 36024320
      bufferram: 134696960
      totalswap: 0
      freeswap: 0
      pagesize: 4096
      cpus: 4
      cpus-online: 4
      ticks-per-second: 100

metrics:
    - stressor: cpu
      bogo-ops: 28079
      bogo-ops-per-second-usr-sys-time: 1404.112737
      bogo-ops-per-second-real-time: 1403.938619
      wall-clock-time: 20.000162
      user-time: 19.997682
      system-time: 0.000000
      cpu-usage-per-instance: 99.987599
      max-rss: 976

...
