BaselineInfo:
  WebDBID: -1
  TimeStamp: 20241109143257
Version:
  Major: 11
  Minor: 0
  Build: 1002
  SpecialBuildName: ""
  ptArchitecture: x86_64_linux
Results:
  Results Complete: true
  NumTestProcesses: 48
  CPU_INTEGER_MATH: 201358.46133333328
  CPU_FLOATINGPOINT_MATH: 102933.93425586486
  CPU_PRIME: 230.10630684119363
  CPU_SORTING: 99069.855097603853
  CPU_ENCRYPTION: 43448.803371315429
  CPU_COMPRESSION: 730818.78024792706
  CPU_SINGLETHREAD: 2369.2242337026905
  CPU_PHYSICS: 3923.5121149581987
  CPU_MATRIX_MULT_SSE: 42011.940639352244
  CPU_mm: 4337.4292580352649
  CPU_sse: 18842.471222497363
  CPU_fma: 51289.709850747429
  CPU_avx: 38592.787727834562
  CPU_avx512: 59322.793756329593
  m_CPU_enc_SHA: 44045172857.566055
  m_CPU_enc_AES: 65898692919.022934
  m_CPU_enc_ECDSA: 26734251555.052387
  ME_ALLOC_S: 21101.458036431915
  ME_READ_S: 24403.994335937499
  ME_READ_L: 11809.173828125
  ME_WRITE: 10557.6630859375
  ME_LARGE: 178588
  ME_LATENCY: 60.24533811286102
  ME_THREADED: 153370.7763671875
  SUMM_CPU: 48435.757162071735
  SUMM_ME: 2609.459681150287
SystemInformation:
  OSName: Ubuntu 24.04.1 LTS
  Kernel: 6.8.0-1016-aws
  Device: ""
  Processor: Intel Xeon Platinum 8375C CPU @ 2.90GHz
  NumSockets: 1
  Manufacturer: GenuineIntel
  NumCores: 24
  NumLogicals: 48
  CPUFrequency: 0
  Memory: 190156
  MemModuleInfo:
    iNumMemSticks: 1
    DIMM 1:
      manufacturer: Not Specified
      modulePartNo: Not Specified
      memType: DDR4
      size: 192
      clkspeed: 1600
      moduleVoltage: 0
Checksum: B36D0709D223D402845292DBDF6D6367438EDF95