---
system-info:
      stress-ng-version: 0.17.08
      run-by: root
      date-yyyy-mm-dd: 2024:09:16
      time-hh-mm-ss: 16:15:02
      epoch-secs: 1726503302
      hostname: sc-runner
      sysname: Linux
      nodename: sc-runner
      release: 6.8.0-1014-azure
      version: '#16-Ubuntu SMP Thu Aug 15 20:04:41 UTC 2024'
      machine: x86_64
      compiler: 'musl-gcc 13.2.1'
      uptime: 327
      totalram: 58969833472
      freeram: 48856854528
      sharedram: 42033152
      bufferram: 232697856
      totalswap: 0
      freeswap: 0
      pagesize: 4096
      cpus: 2
      cpus-online: 2
      ticks-per-second: 100

metrics:
    - stressor: cpu
      bogo-ops: 49202
      bogo-ops-per-second-usr-sys-time: 1241.871091
      bogo-ops-per-second-real-time: 2460.086378
      wall-clock-time: 20.000111
      user-time: 39.613261
      system-time: 0.005988
      cpu-usage-per-instance: 99.047574
      max-rss: 3256

...
