BaselineInfo:
  WebDBID: -1
  TimeStamp: 20241107141615
Version:
  Major: 11
  Minor: 0
  Build: 1002
  SpecialBuildName: ""
  ptArchitecture: x86_64_linux
Results:
  Results Complete: true
  NumTestProcesses: 4
  CPU_INTEGER_MATH: 19941.486000000001
  CPU_FLOATINGPOINT_MATH: 14224.572857000323
  CPU_PRIME: 39.51617339642597
  CPU_SORTING: 10051.54806043914
  CPU_ENCRYPTION: 4407.2846948882561
  CPU_COMPRESSION: 74870.204542957712
  CPU_SINGLETHREAD: 3062.7493883597549
  CPU_PHYSICS: 949.47662514086744
  CPU_MATRIX_MULT_SSE: 5435.6419036681327
  CPU_mm: 566.04493990901619
  CPU_sse: 2456.0020485540244
  CPU_fma: 6047.5400042976344
  CPU_avx: 5086.2717238276991
  CPU_avx512: 8152.7538379931748
  m_CPU_enc_SHA: 4659996957.1183834
  m_CPU_enc_AES: 6030413069.3267155
  m_CPU_enc_ECDSA: 3173708842.2363472
  ME_ALLOC_S: 2155.2960332339462
  ME_READ_S: 27880.581835937501
  ME_READ_L: 8771.17578125
  ME_WRITE: 12063.546875
  ME_LARGE: 5726.833333333333
  ME_LATENCY: 82.850698438721821
  ME_THREADED: 24017.74658203125
  SUMM_CPU: 7640.3724791191107
  SUMM_ME: 1733.2147784620668
SystemInformation:
  OSName: Ubuntu 24.04.1 LTS
  Kernel: 6.8.0-1016-aws
  Device: ""
  Processor: Intel Xeon Platinum 8488C
  NumSockets: 1
  Manufacturer: GenuineIntel
  NumCores: 2
  NumLogicals: 4
  CPUFrequency: 0
  Memory: 15706
  MemModuleInfo:
    iNumMemSticks: 1
    DIMM 1:
      manufacturer: Not Specified
      modulePartNo: Not Specified
      memType: DDR5
      size: 16
      clkspeed: 2400
      moduleVoltage: 0
Checksum: 8020E1E1513643F6D05CD66CA745927DADD99C3F