---
system-info:
      stress-ng-version: 0.17.08
      run-by: root
      date-yyyy-mm-dd: 2024:09:22
      time-hh-mm-ss: 00:24:08
      epoch-secs: 1726964648
      hostname: sc-runner
      sysname: Linux
      nodename: sc-runner
      release: 6.8.0-1014-azure
      version: '#16-Ubuntu SMP Thu Aug 15 20:04:41 UTC 2024'
      machine: x86_64
      compiler: 'musl-gcc 13.2.1'
      uptime: 291
      totalram: 135066304512
      freeram: 124653596672
      sharedram: 38203392
      bufferram: 248127488
      totalswap: 0
      freeswap: 0
      pagesize: 4096
      cpus: 16
      cpus-online: 16
      ticks-per-second: 100

metrics:
    - stressor: cpu
      bogo-ops: 431324
      bogo-ops-per-second-usr-sys-time: 1349.748191
      bogo-ops-per-second-real-time: 21566.155299
      wall-clock-time: 20.000041
      user-time: 319.517882
      system-time: 0.040983
      cpu-usage-per-instance: 99.861938
      max-rss: 3252

...
