BaselineInfo:
  WebDBID: -1
  TimeStamp: 20241115014323
Version:
  Major: 11
  Minor: 0
  Build: 1002
  SpecialBuildName: ""
  ptArchitecture: aarch64_linux
Results:
  Results Complete: true
  NumTestProcesses: 2
  CPU_INTEGER_MATH: 9444.9406666666655
  CPU_FLOATINGPOINT_MATH: 9429.5251877417304
  CPU_PRIME: 22.588355177772925
  CPU_SORTING: 7537.32824866806
  CPU_ENCRYPTION: 270.82849508025242
  CPU_COMPRESSION: 10177.831162945993
  CPU_SINGLETHREAD: 1542.5871396942464
  CPU_PHYSICS: 314.87067786705467
  CPU_MATRIX_MULT_SSE: 1642.5049699091815
  CPU_mm: 213.61914402261266
  CPU_sse: 1371.7219017551893
  CPU_fma: 1913.2880380631736
  CPU_avx: 0
  CPU_avx512: 0
  m_CPU_enc_SHA: 414915008.5390445
  m_CPU_enc_AES: 161528290.94981867
  m_CPU_enc_ECDSA: 275509480.68294919
  ME_ALLOC_S: 1508.4192975220678
  ME_READ_S: 17253.7138671875
  ME_READ_L: 11778.69921875
  ME_WRITE: 18990.90625
  ME_LARGE: 6781.333333333333
  ME_LATENCY: 56.129005979874535
  ME_THREADED: 37276.10546875
  SUMM_CPU: 1527.2318807922406
  SUMM_ME: 2061.7285219666783
SystemInformation:
  OSName: Ubuntu 24.04.1 LTS
  Kernel: 6.8.0-1018-aws
  Device: ""
  Processor: ARM Neoverse-V1 2 Core 0 MHz
  NumSockets: 1
  Manufacturer: ARM
  NumCores: 2
  NumLogicals: 2
  CPUFrequency: 0
  Memory: 15674
Checksum: 2DA382E1CCB64BB691C559358835C0F541EC97E8