BaselineInfo:
  WebDBID: -1
  TimeStamp: 20241107054009
Version:
  Major: 11
  Minor: 0
  Build: 1002
  SpecialBuildName: ""
  ptArchitecture: aarch64_linux
Results:
  Results Complete: true
  NumTestProcesses: 2
  CPU_INTEGER_MATH: 9478.4290000000001
  CPU_FLOATINGPOINT_MATH: 9417.6996664519847
  CPU_PRIME: 23.858471480001668
  CPU_SORTING: 7774.1464645853721
  CPU_ENCRYPTION: 273.49197074227322
  CPU_COMPRESSION: 10306.993712049658
  CPU_SINGLETHREAD: 1558.4975003049915
  CPU_PHYSICS: 534.94196027929524
  CPU_MATRIX_MULT_SSE: 1646.660795576903
  CPU_mm: 214.63292232745334
  CPU_sse: 1380.7958430319468
  CPU_fma: 1912.5257481218591
  CPU_avx: 0
  CPU_avx512: 0
  m_CPU_enc_SHA: 419240530.13711363
  m_CPU_enc_AES: 160274838.01416969
  m_CPU_enc_ECDSA: 280815981.9878664
  ME_ALLOC_S: 1949.4132416785217
  ME_READ_S: 19440.961132812499
  ME_READ_L: 18498.435546875
  ME_WRITE: 19532.68359375
  ME_LARGE: 5840.416666666667
  ME_LATENCY: 55.19634476159581
  ME_THREADED: 36202.19140625
  SUMM_CPU: 1554.9300213831471
  SUMM_ME: 2252.8640206006803
SystemInformation:
  OSName: Ubuntu 24.04.1 LTS
  Kernel: 6.8.0-1016-aws
  Device: ""
  Processor: ARM Neoverse-V1 2 Core 0 MHz
  NumSockets: 1
  Manufacturer: ARM
  NumCores: 2
  NumLogicals: 2
  CPUFrequency: 0
  Memory: 15674
Checksum: 6DA347AE6DD52B9EB00C53DBE5D01C87258DD300