BaselineInfo:
  WebDBID: -1
  TimeStamp: 20241115163217
Version:
  Major: 11
  Minor: 0
  Build: 1002
  SpecialBuildName: ""
  ptArchitecture: aarch64_linux
Results:
  Results Complete: true
  NumTestProcesses: 2
  CPU_INTEGER_MATH: 9507.6336666666684
  CPU_FLOATINGPOINT_MATH: 9421.4301747554528
  CPU_PRIME: 25.287153810164206
  CPU_SORTING: 7834.7883574984371
  CPU_ENCRYPTION: 275.92198698570689
  CPU_COMPRESSION: 10413.457291516675
  CPU_SINGLETHREAD: 1563.8311091094668
  CPU_PHYSICS: 572.62006997165577
  CPU_MATRIX_MULT_SSE: 1657.4599164667534
  CPU_mm: 215.83139001395961
  CPU_sse: 1395.4960006025685
  CPU_fma: 1919.4238323309385
  CPU_avx: 0
  CPU_avx512: 0
  m_CPU_enc_SHA: 421037871.76674569
  m_CPU_enc_AES: 162622671.40124238
  m_CPU_enc_ECDSA: 284314977.10858577
  ME_ALLOC_S: 2062.8268388355032
  ME_READ_S: 19690.569531249999
  ME_READ_L: 18997.990234375
  ME_WRITE: 19702.4921875
  ME_LARGE: 6793.833333333333
  ME_LATENCY: 51.353934867330672
  ME_THREADED: 36985.70703125
  SUMM_CPU: 1569.8098469890613
  SUMM_ME: 2381.3569747633583
SystemInformation:
  OSName: Ubuntu 24.04.1 LTS
  Kernel: 6.8.0-1018-aws
  Device: ""
  Processor: ARM Neoverse-V1 2 Core 0 MHz
  NumSockets: 1
  Manufacturer: ARM
  NumCores: 2
  NumLogicals: 2
  CPUFrequency: 0
  Memory: 15674
Checksum: 3FC0070D317ECFFA6AF499B8BD3EB1863EBA0A22