---
system-info:
      stress-ng-version: 0.17.08
      run-by: root
      date-yyyy-mm-dd: 2024:09:20
      time-hh-mm-ss: 19:45:26
      epoch-secs: 1726861526
      hostname: sc-runner
      sysname: Linux
      nodename: sc-runner
      release: 6.8.0-1014-azure
      version: '#16-Ubuntu SMP Thu Aug 15 20:04:41 UTC 2024'
      machine: x86_64
      compiler: 'musl-gcc 13.2.1'
      uptime: 296
      totalram: 67423416320
      freeram: 57295060992
      sharedram: 38133760
      bufferram: 241561600
      totalswap: 0
      freeswap: 0
      pagesize: 4096
      cpus: 8
      cpus-online: 8
      ticks-per-second: 100

metrics:
    - stressor: cpu
      bogo-ops: 215588
      bogo-ops-per-second-usr-sys-time: 1350.147970
      bogo-ops-per-second-real-time: 10779.364068
      wall-clock-time: 20.000067
      user-time: 159.664320
      system-time: 0.012993
      cpu-usage-per-instance: 99.797988
      max-rss: 3152

...
