BaselineInfo:
  WebDBID: -1
  TimeStamp: 20241109072210
Version:
  Major: 11
  Minor: 0
  Build: 1002
  SpecialBuildName: ""
  ptArchitecture: x86_64_linux
Results:
  Results Complete: true
  NumTestProcesses: 48
  CPU_INTEGER_MATH: 149025.56833333336
  CPU_FLOATINGPOINT_MATH: 80168.585950849767
  CPU_PRIME: 195.91893977754322
  CPU_SORTING: 75463.542159684715
  CPU_ENCRYPTION: 20472.132630545177
  CPU_COMPRESSION: 652323.51180294261
  CPU_SINGLETHREAD: 2017.7608931942602
  CPU_PHYSICS: 3305.9889454182048
  CPU_MATRIX_MULT_SSE: 41401.038035269899
  CPU_mm: 4533.3213529915856
  CPU_sse: 16408.715316672049
  CPU_fma: 50347.374194877557
  CPU_avx: 35600.759466215561
  CPU_avx512: 63247.303163314427
  m_CPU_enc_SHA: 6750279158.942975
  m_CPU_enc_AES: 51595047572.686295
  m_CPU_enc_ECDSA: 6054434103.9903574
  ME_ALLOC_S: 15703.043708251515
  ME_READ_S: 24200.261914062499
  ME_READ_L: 8382.1416015625
  ME_WRITE: 7791.21630859375
  ME_LARGE: 181887.83333333334
  ME_LATENCY: 56.217314051970796
  ME_THREADED: 144304.66772460938
  SUMM_CPU: 37944.727576554615
  SUMM_ME: 2385.4903731001514
SystemInformation:
  OSName: Ubuntu 24.04.1 LTS
  Kernel: 6.8.0-1017-azure
  Device: ""
  Processor: Intel Xeon Platinum 8272CL CPU @ 2.60GHz
  NumSockets: 2
  Manufacturer: GenuineIntel
  NumCores: 24
  NumLogicals: 48
  CPUFrequency: 0
  Memory: 193404
  MemModuleInfo:
    iNumMemSticks: 4
    DIMM 1:
      manufacturer: Microsoft Corporation
      modulePartNo: None
      memType: Unknown
      size: 1
      clkspeed: 0
      moduleVoltage: 0
    DIMM 2:
      manufacturer: Microsoft Corporation
      modulePartNo: None
      memType: Unknown
      size: 60928
      clkspeed: 0
      moduleVoltage: 0
    DIMM 3:
      manufacturer: Microsoft Corporation
      modulePartNo: None
      memType: Unknown
      size: 36352
      clkspeed: 0
      moduleVoltage: 0
    DIMM 4:
      manufacturer: Microsoft Corporation
      modulePartNo: None
      memType: Unknown
      size: 96
      clkspeed: 0
      moduleVoltage: 0
Checksum: 3B27D20C47FBFC4C02E65CB19B4529E911113A27