---
system-info:
      stress-ng-version: 0.17.08
      run-by: root
      date-yyyy-mm-dd: 2024:09:19
      time-hh-mm-ss: 07:33:51
      epoch-secs: 1726731231
      hostname: sc-runner
      sysname: Linux
      nodename: sc-runner
      release: 6.8.0-1014-azure
      version: '#16-Ubuntu SMP Thu Aug 15 20:04:41 UTC 2024'
      machine: x86_64
      compiler: 'musl-gcc 13.2.1'
      uptime: 372
      totalram: 168787070976
      freeram: 158297047040
      sharedram: 42209280
      bufferram: 258412544
      totalswap: 0
      freeswap: 0
      pagesize: 4096
      cpus: 20
      cpus-online: 20
      ticks-per-second: 100

metrics:
    - stressor: cpu
      bogo-ops: 328410
      bogo-ops-per-second-usr-sys-time: 822.003852
      bogo-ops-per-second-real-time: 16420.421046
      wall-clock-time: 20.000096
      user-time: 399.500689
      system-time: 0.022986
      cpu-usage-per-instance: 99.880438
      max-rss: 1140

...
