BaselineInfo:
  WebDBID: -1
  TimeStamp: 20241108034254
Version:
  Major: 11
  Minor: 0
  Build: 1002
  SpecialBuildName: ""
  ptArchitecture: x86_64_linux
Results:
  Results Complete: true
  NumTestProcesses: 8
  CPU_INTEGER_MATH: 23344.823666666663
  CPU_FLOATINGPOINT_MATH: 12553.296400521438
  CPU_PRIME: 49.979782374343095
  CPU_SORTING: 12444.128998237102
  CPU_ENCRYPTION: 3223.0762727386086
  CPU_COMPRESSION: 102942.10677611125
  CPU_SINGLETHREAD: 1878.7908183510012
  CPU_PHYSICS: 992.62068871428596
  CPU_MATRIX_MULT_SSE: 7370.716438784295
  CPU_mm: 712.16779964947102
  CPU_sse: 2524.7849537970696
  CPU_fma: 8691.9677211037888
  CPU_avx: 6137.4224231557782
  CPU_avx512: 12128.690657080544
  m_CPU_enc_SHA: 1057466854.2077835
  m_CPU_enc_AES: 8136484597.1394844
  m_CPU_enc_ECDSA: 944969825.94221079
  ME_ALLOC_S: 2821.5616602869954
  ME_READ_S: 22620.832226562499
  ME_READ_L: 10322.3359375
  ME_WRITE: 9901.58984375
  ME_LARGE: 53490.333333333336
  ME_LATENCY: 54.25470918332659
  ME_THREADED: 47628.8232421875
  SUMM_CPU: 8119.1070171030851
  SUMM_ME: 2364.1741594873183
SystemInformation:
  OSName: Ubuntu 24.04.1 LTS
  Kernel: 6.8.0-1016-aws
  Device: ""
  Processor: Intel Xeon Platinum 8259CL CPU @ 2.50GHz
  NumSockets: 1
  Manufacturer: GenuineIntel
  NumCores: 4
  NumLogicals: 8
  CPUFrequency: 0
  Memory: 63594
  MemModuleInfo:
    iNumMemSticks: 1
    DIMM 1:
      manufacturer: Not Specified
      modulePartNo: Not Specified
      memType: DDR4
      size: 64
      clkspeed: 1466
      moduleVoltage: 0
Checksum: 3819CC4BE8FEE20504B2E8F9902A1F23369DD272