BaselineInfo:
  WebDBID: -1
  TimeStamp: 20241114193348
Version:
  Major: 11
  Minor: 0
  Build: 1002
  SpecialBuildName: ""
  ptArchitecture: aarch64_linux
Results:
  Results Complete: true
  NumTestProcesses: 1
  CPU_INTEGER_MATH: 5161.3213333333333
  CPU_FLOATINGPOINT_MATH: 5997.6040733260425
  CPU_PRIME: 16.114854877218388
  CPU_SORTING: 4484.8491751248421
  CPU_ENCRYPTION: 182.32934190927253
  CPU_COMPRESSION: 6327.9889403080024
  CPU_SINGLETHREAD: 1834.0707275653622
  CPU_PHYSICS: 307.66077916848934
  CPU_MATRIX_MULT_SSE: 910.24442898678672
  CPU_mm: 110.73674835479788
  CPU_sse: 713.14230810256288
  CPU_fma: 1107.3465498710104
  CPU_avx: 0
  CPU_avx512: 0
  m_CPU_enc_SHA: 291922885.28087485
  m_CPU_enc_AES: 105840228.74771117
  m_CPU_enc_ECDSA: 175795402.03698599
  ME_ALLOC_S: 1480.9290546875347
  ME_READ_S: 19968.439062500001
  ME_READ_L: 18710.80078125
  ME_WRITE: 20729.787109375
  ME_LARGE: 507
  ME_LATENCY: 51.145462553970198
  ME_THREADED: 18650.900390625
  SUMM_CPU: 976.35376253595416
  SUMM_ME: 955.44881726219046
SystemInformation:
  OSName: Ubuntu 24.04.1 LTS
  Kernel: 6.8.0-1018-aws
  Device: ""
  Processor: ARM Neoverse-V2 1 Core 0 MHz
  NumSockets: 1
  Manufacturer: ARM
  NumCores: 1
  NumLogicals: 1
  CPUFrequency: 0
  Memory: 3808
Checksum: 4D37FA4AF605B3ECD0750B7266A7F4C141FF5F92