BaselineInfo:
  WebDBID: -1
  TimeStamp: 20241106233201
Version:
  Major: 11
  Minor: 0
  Build: 1002
  SpecialBuildName: ""
  ptArchitecture: aarch64_linux
Results:
  Results Complete: true
  NumTestProcesses: 1
  CPU_INTEGER_MATH: 5170.1253333333334
  CPU_FLOATINGPOINT_MATH: 6006.6526114621383
  CPU_PRIME: 16.948877201325899
  CPU_SORTING: 4509.4274653038237
  CPU_ENCRYPTION: 182.35429844878163
  CPU_COMPRESSION: 6353.9349436122966
  CPU_SINGLETHREAD: 1840.4124294187372
  CPU_PHYSICS: 337.78232362177397
  CPU_MATRIX_MULT_SSE: 913.81447410390228
  CPU_mm: 112.05291200478823
  CPU_sse: 718.65170146363528
  CPU_fma: 1108.9772467441694
  CPU_avx: 0
  CPU_avx512: 0
  m_CPU_enc_SHA: 290703207.97453088
  m_CPU_enc_AES: 106023182.92618273
  m_CPU_enc_ECDSA: 176910631.64997536
  ME_ALLOC_S: 1474.3080137699706
  ME_READ_S: 20144.783203125
  ME_READ_L: 19354.73828125
  ME_WRITE: 21008.14453125
  ME_LARGE: 504.58333333333331
  ME_LATENCY: 48.517574860396358
  ME_THREADED: 19356.92578125
  SUMM_CPU: 980.10186568552081
  SUMM_ME: 964.06458552266895
SystemInformation:
  OSName: Ubuntu 24.04.1 LTS
  Kernel: 6.8.0-1016-aws
  Device: ""
  Processor: ARM Neoverse-V2 1 Core 0 MHz
  NumSockets: 1
  Manufacturer: ARM
  NumCores: 1
  NumLogicals: 1
  CPUFrequency: 0
  Memory: 3808
Checksum: 11541478C1F98A95F39CE7E25B2610BEAA5DBE04