BaselineInfo:
  WebDBID: -1
  TimeStamp: 20241115112316
Version:
  Major: 11
  Minor: 0
  Build: 1002
  SpecialBuildName: ""
  ptArchitecture: aarch64_linux
Results:
  Results Complete: true
  NumTestProcesses: 1
  CPU_INTEGER_MATH: 5186.0056666666669
  CPU_FLOATINGPOINT_MATH: 6019.214246402249
  CPU_PRIME: 17.00835102096428
  CPU_SORTING: 4557.0785735081936
  CPU_ENCRYPTION: 183.91549816197562
  CPU_COMPRESSION: 6396.5840132495459
  CPU_SINGLETHREAD: 1844.7824900974445
  CPU_PHYSICS: 339.25766627701211
  CPU_MATRIX_MULT_SSE: 916.6280223783267
  CPU_mm: 112.31815578110924
  CPU_sse: 720.85777416516464
  CPU_fma: 1112.3982705914887
  CPU_avx: 0
  CPU_avx512: 0
  m_CPU_enc_SHA: 291573323.53447324
  m_CPU_enc_AES: 106805460.72462486
  m_CPU_enc_ECDSA: 180169347.94297716
  ME_ALLOC_S: 1474.8180760447308
  ME_READ_S: 20050.486914062501
  ME_READ_L: 19311.865234375
  ME_WRITE: 21034.40625
  ME_LARGE: 466.16666666666669
  ME_LATENCY: 47.930906705693388
  ME_THREADED: 19305.068359375
  SUMM_CPU: 986.63853293208206
  SUMM_ME: 918.42631463018472
SystemInformation:
  OSName: Ubuntu 24.04.1 LTS
  Kernel: 6.8.0-1018-aws
  Device: ""
  Processor: ARM Neoverse-V2 1 Core 0 MHz
  NumSockets: 1
  Manufacturer: ARM
  NumCores: 1
  NumLogicals: 1
  CPUFrequency: 0
  Memory: 3808
Checksum: E411F7AA9680296EF4F5967891949DDD19B864F0