BaselineInfo:
  WebDBID: -1
  TimeStamp: 20241107175449
Version:
  Major: 11
  Minor: 0
  Build: 1002
  SpecialBuildName: ""
  ptArchitecture: x86_64_linux
Results:
  Results Complete: true
  NumTestProcesses: 4
  CPU_INTEGER_MATH: 16638.968333333331
  CPU_FLOATINGPOINT_MATH: 8507.3166878061274
  CPU_PRIME: 32.975133685008466
  CPU_SORTING: 8599.4831289683752
  CPU_ENCRYPTION: 3628.310989369767
  CPU_COMPRESSION: 62769.954225822265
  CPU_SINGLETHREAD: 2355.4904896868638
  CPU_PHYSICS: 671.17973961368011
  CPU_MATRIX_MULT_SSE: 3372.3437418844078
  CPU_mm: 358.45790256423192
  CPU_sse: 1575.9811586606208
  CPU_fma: 4327.9852224140159
  CPU_avx: 3193.0787303663556
  CPU_avx512: 4392.3298560966396
  m_CPU_enc_SHA: 3655823209.8463845
  m_CPU_enc_AES: 5500440176.3129158
  m_CPU_enc_ECDSA: 2257416085.808877
  ME_ALLOC_S: 1932.8505142017543
  ME_READ_S: 24332.035546874999
  ME_READ_L: 10534.814453125
  ME_WRITE: 9651.755859375
  ME_LARGE: 21707
  ME_LATENCY: 66.103063540538912
  ME_THREADED: 27954.45458984375
  SUMM_CPU: 5786.3217972353214
  SUMM_ME: 2054.3567167951915
SystemInformation:
  OSName: Ubuntu 24.04.1 LTS
  Kernel: 6.8.0-1016-aws
  Device: ""
  Processor: Intel Xeon Platinum 8375C CPU @ 2.90GHz
  NumSockets: 1
  Manufacturer: GenuineIntel
  NumCores: 2
  NumLogicals: 4
  CPUFrequency: 0
  Memory: 31558
  MemModuleInfo:
    iNumMemSticks: 1
    DIMM 1:
      manufacturer: Not Specified
      modulePartNo: Not Specified
      memType: DDR4
      size: 32
      clkspeed: 1600
      moduleVoltage: 0
Checksum: A67310420F1C63D071E2D69DBD6D5B3221E04AC6