---
system-info:
      stress-ng-version: 0.17.08
      run-by: root
      date-yyyy-mm-dd: 2024:06:13
      time-hh-mm-ss: 15:56:04
      epoch-secs: 1718294164
      hostname: 17d7f5d7d0ba
      sysname: Linux
      nodename: 17d7f5d7d0ba
      release: 6.8.0-1008-aws
      version: '#8-Ubuntu SMP Sat Apr 20 00:46:25 UTC 2024'
      machine: x86_64
      compiler: 'musl-gcc 13.2.1'
      uptime: 131
      totalram: 401274105856
      freeram: 396542214144
      sharedram: 41152512
      bufferram: 105738240
      totalswap: 0
      freeswap: 0
      pagesize: 4096
      cpus: 48
      cpus-online: 48
      ticks-per-second: 100

metrics:
    - stressor: cpu
      bogo-ops: 811147
      bogo-ops-per-second-usr-sys-time: 845.369736
      bogo-ops-per-second-real-time: 40557.146899
      wall-clock-time: 20.000100
      user-time: 959.484447
      system-time: 0.032987
      cpu-usage-per-instance: 99.949232
      max-rss: 1152

...
