---
system-info:
      stress-ng-version: 0.17.08
      run-by: root
      date-yyyy-mm-dd: 2024:06:08
      time-hh-mm-ss: 02:54:36
      epoch-secs: 1717815276
      hostname: b87ab6b8725a
      sysname: Linux
      nodename: b87ab6b8725a
      release: 6.8.0-1008-aws
      version: '#8-Ubuntu SMP Sat Apr 20 00:46:25 UTC 2024'
      machine: x86_64
      compiler: 'musl-gcc 13.2.1'
      uptime: 120
      totalram: 401274114048
      freeram: 396545196032
      sharedram: 41160704
      bufferram: 95576064
      totalswap: 0
      freeswap: 0
      pagesize: 4096
      cpus: 48
      cpus-online: 48
      ticks-per-second: 100

metrics:
    - stressor: cpu
      bogo-ops: 484261
      bogo-ops-per-second-usr-sys-time: 1009.523687
      bogo-ops-per-second-real-time: 48415.397546
      wall-clock-time: 10.002211
      user-time: 479.616593
      system-time: 0.075965
      cpu-usage-per-instance: 99.913863
      max-rss: 3840

...
