BaselineInfo:
  WebDBID: -1
  TimeStamp: 20241111135507
Version:
  Major: 11
  Minor: 0
  Build: 1002
  SpecialBuildName: ""
  ptArchitecture: x86_64_linux
Results:
  Results Complete: true
  NumTestProcesses: 96
  CPU_INTEGER_MATH: 579989.79366666672
  CPU_FLOATINGPOINT_MATH: 490953.8138943215
  CPU_PRIME: 1466.1072069655861
  CPU_SORTING: 271677.59336116974
  CPU_ENCRYPTION: 117806.76852841815
  CPU_COMPRESSION: 1914923.8323947594
  CPU_SINGLETHREAD: 2888.6160146121301
  CPU_PHYSICS: 18730.784609023754
  CPU_MATRIX_MULT_SSE: 150560.06876004062
  CPU_mm: 16325.444266865277
  CPU_sse: 69912.749684037088
  CPU_fma: 194564.82061990793
  CPU_avx: 168850.75762955373
  CPU_avx512: 168911.94710666352
  m_CPU_enc_SHA: 166447677808.04568
  m_CPU_enc_AES: 107478959608.57986
  m_CPU_enc_ECDSA: 96661412932.738144
  ME_ALLOC_S: 28822.274805959085
  ME_READ_S: 27846.085546875001
  ME_READ_L: 26880.798828125
  ME_WRITE: 25528.279296875
  ME_LARGE: 744237.66666666663
  ME_LATENCY: 79.918771432792894
  ME_THREADED: 638151.7109375
  SUMM_CPU: 107876.93180047504
  SUMM_ME: 2804.6200331700925
SystemInformation:
  OSName: Ubuntu 24.04.1 LTS
  Kernel: 6.8.0-1016-aws
  Device: ""
  Processor: AMD EPYC 9R14
  NumSockets: 1
  Manufacturer: AuthenticAMD
  NumCores: 96
  NumLogicals: 96
  CPUFrequency: 0
  Memory: 757449
  MemModuleInfo:
    iNumMemSticks: 1
    DIMM 1:
      manufacturer: Not Specified
      modulePartNo: Not Specified
      memType: DDR5
      size: 768
      clkspeed: 2400
      moduleVoltage: 0
Checksum: E162B35CC11C35624A328A30B78B3286EFC8D587