BaselineInfo:
  WebDBID: -1
  TimeStamp: 20241107194129
Version:
  Major: 11
  Minor: 0
  Build: 1002
  SpecialBuildName: ""
  ptArchitecture: aarch64_linux
Results:
  Results Complete: true
  NumTestProcesses: 8
  CPU_INTEGER_MATH: 41719.576333333331
  CPU_FLOATINGPOINT_MATH: 48476.705003839597
  CPU_PRIME: 138.82433194516022
  CPU_SORTING: 37107.177565941623
  CPU_ENCRYPTION: 1504.1890204771373
  CPU_COMPRESSION: 53124.200460649809
  CPU_SINGLETHREAD: 1943.488727886521
  CPU_PHYSICS: 2529.0314086106478
  CPU_MATRIX_MULT_SSE: 7370.4848449659175
  CPU_mm: 907.59859140134211
  CPU_sse: 5798.6032657648884
  CPU_fma: 8942.3664241669485
  CPU_avx: 0
  CPU_avx512: 0
  m_CPU_enc_SHA: 2348886496.2434583
  m_CPU_enc_AES: 859736594.90881383
  m_CPU_enc_ECDSA: 1523146427.8552318
  ME_ALLOC_S: 12118.749893152237
  ME_READ_S: 21172.7197265625
  ME_READ_L: 19505.41796875
  ME_WRITE: 21241.681640625
  ME_LARGE: 21522.166666666668
  ME_LATENCY: 48.880320727339949
  ME_THREADED: 152898.916015625
  SUMM_CPU: 7684.7017814794344
  SUMM_ME: 3082.1835584616683
SystemInformation:
  OSName: Ubuntu 24.04.1 LTS
  Kernel: 6.8.0-1016-aws
  Device: ""
  Processor: ARM Neoverse-V2 8 Core 0 MHz
  NumSockets: 1
  Manufacturer: ARM
  NumCores: 8
  NumLogicals: 8
  CPUFrequency: 0
  Memory: 31493
Checksum: 3D39CFF7393CDEDFC0E5710C78FC36A62CDF8113