---
system-info:
      stress-ng-version: 0.17.08
      run-by: root
      date-yyyy-mm-dd: 2024:06:08
      time-hh-mm-ss: 17:31:23
      epoch-secs: 1717867883
      hostname: 289fbe6f06d7
      sysname: Linux
      nodename: 289fbe6f06d7
      release: 6.8.0-1008-aws
      version: '#8-Ubuntu SMP Sat Apr 20 00:46:25 UTC 2024'
      machine: x86_64
      compiler: 'musl-gcc 13.2.1'
      uptime: 101
      totalram: 199394000896
      freeram: 194590867456
      sharedram: 60289024
      bufferram: 103739392
      totalswap: 0
      freeswap: 0
      pagesize: 4096
      cpus: 48
      cpus-online: 48
      ticks-per-second: 100

metrics:
    - stressor: cpu
      bogo-ops: 561689
      bogo-ops-per-second-usr-sys-time: 1170.735750
      bogo-ops-per-second-real-time: 56159.832487
      wall-clock-time: 10.001615
      user-time: 479.711395
      system-time: 0.062969
      cpu-usage-per-instance: 99.936857
      max-rss: 3840

...
