---
system-info:
      stress-ng-version: 0.17.08
      run-by: root
      date-yyyy-mm-dd: 2024:06:14
      time-hh-mm-ss: 23:54:46
      epoch-secs: 1718409286
      hostname: 5f6d3d0e8ead
      sysname: Linux
      nodename: 5f6d3d0e8ead
      release: 6.8.0-1008-aws
      version: '#8-Ubuntu SMP Sat Apr 20 00:46:25 UTC 2024'
      machine: x86_64
      compiler: 'musl-gcc 13.2.1'
      uptime: 113
      totalram: 199394000896
      freeram: 194683867136
      sharedram: 60289024
      bufferram: 108789760
      totalswap: 0
      freeswap: 0
      pagesize: 4096
      cpus: 48
      cpus-online: 48
      ticks-per-second: 100

metrics:
    - stressor: cpu
      bogo-ops: 927355
      bogo-ops-per-second-usr-sys-time: 966.312010
      bogo-ops-per-second-real-time: 46367.541892
      wall-clock-time: 20.000090
      user-time: 959.660865
      system-time: 0.023989
      cpu-usage-per-instance: 99.966724
      max-rss: 768

...
