BaselineInfo:
  WebDBID: -1
  TimeStamp: 20241108043821
Version:
  Major: 11
  Minor: 0
  Build: 1002
  SpecialBuildName: ""
  ptArchitecture: x86_64_linux
Results:
  Results Complete: true
  NumTestProcesses: 16
  CPU_INTEGER_MATH: 70754.647666666657
  CPU_FLOATINGPOINT_MATH: 40346.118391074713
  CPU_PRIME: 122.15599652279822
  CPU_SORTING: 39189.015714909714
  CPU_ENCRYPTION: 17891.472438532761
  CPU_COMPRESSION: 287519.72337533231
  CPU_SINGLETHREAD: 2686.9276492715294
  CPU_PHYSICS: 2188.6174056992122
  CPU_MATRIX_MULT_SSE: 20428.579595381379
  CPU_mm: 1901.157254088067
  CPU_sse: 8398.1035067628563
  CPU_fma: 26167.614106236044
  CPU_avx: 21565.761072685655
  CPU_avx512: 25582.839695840961
  m_CPU_enc_SHA: 24967262217.309727
  m_CPU_enc_AES: 17034550694.423269
  m_CPU_enc_ECDSA: 14279892899.387794
  ME_ALLOC_S: 7134.8387672647414
  ME_READ_S: 25799.6953125
  ME_READ_L: 24890.31640625
  ME_WRITE: 18509.171875
  ME_LARGE: 21834.25
  ME_LATENCY: 68.923470897013175
  ME_THREADED: 38389.73583984375
  SUMM_CPU: 24420.317160213435
  SUMM_ME: 2581.0102432493668
SystemInformation:
  OSName: Ubuntu 24.04.1 LTS
  Kernel: 6.8.0-1015-gcp
  Device: ""
  Processor: AMD EPYC 9B14
  NumSockets: 1
  Manufacturer: AuthenticAMD
  NumCores: 8
  NumLogicals: 16
  CPUFrequency: 0
  Memory: 32090
  MemModuleInfo:
    iNumMemSticks: 2
    DIMM 1:
      manufacturer: ""
      modulePartNo: ""
      memType: RAM
      size: 16
      clkspeed: 0
      moduleVoltage: 0
    DIMM 2:
      manufacturer: ""
      modulePartNo: ""
      memType: RAM
      size: 16
      clkspeed: 0
      moduleVoltage: 0
Checksum: B58466149CDEB5ACBDF3903D09A706F3B296E006