size_kb,operation,bandwidth_mb_s,latency_ns,latency_stddev_ns,latency_samples,threads,iterations,elapsed_s
32,read,2212567.45,0,0,0,48,620347,0.420561
32,write,1363138.36,0,0,0,48,528541,0.581608
32,copy,1186020.56,0,0,0,48,230202,0.291144
32,latency,0,1.26,0.02,7,1,7,0.182046
128,read,2242171.70,0,0,0,48,159235,0.426109
128,write,1359151.70,0,0,0,48,117536,0.518865
128,copy,1175437.54,0,0,0,48,97389,0.497120
128,latency,0,3.46,0.02,7,1,7,0.657145
1024,read,1146531.96,0,0,0,48,18579,0.777817
1024,write,1043423.80,0,0,0,48,14416,0.663171
1024,copy,225384.37,0,0,0,48,6854,1.459693
1024,latency,0,6.27,0.07,7,1,7,0.664610
2048,read,398039.77,0,0,0,48,5746,1.385831
2048,write,580768.46,0,0,0,48,5461,0.902694
2048,copy,171232.01,0,0,0,48,1910,1.070828
2048,latency,0,9.95,0.05,7,1,7,0.674349
4096,read,383120.18,0,0,0,48,1227,0.614909
4096,write,305992.65,0,0,0,48,1916,1.202225
4096,copy,64123.05,0,0,0,48,795,2.380423
4096,latency,0,17.70,0.01,7,1,7,0.702721
65536,read,144084.60,0,0,0,48,42,0.895474
65536,write,68830.30,0,0,0,48,30,1.338945
65536,copy,43866.83,0,0,0,48,23,1.610693
65536,latency,0,25.84,0.15,7,1,7,1.200832
131072,read,141475.51,0,0,0,48,21,0.911988
131072,write,68218.21,0,0,0,48,14,1.260895
131072,copy,43705.83,0,0,0,48,11,1.546338
131072,latency,0,39.29,1.94,10,1,10,4.586260
262144,read,140122.16,0,0,0,48,10,0.876949
262144,write,67991.96,0,0,0,48,7,1.265091
262144,copy,43460.25,0,0,0,48,5,1.413706
262144,latency,0,80.85,1.64,7,1,7,14.154246
524288,read,139732.91,0,0,0,48,5,0.879392
524288,write,67897.61,0,0,0,48,3,1.085870
524288,copy,43541.32,0,0,0,48,3,1.693288
524288,latency,0,96.71,0.80,7,1,7,33.580999
1048576,read,139809.13,0,0,0,48,3,1.054695
1048576,write,67705.51,0,0,0,48,3,2.177902
1048576,copy,41467.11,0,0,0,24,3,1.777987
1048576,latency,0,104.28,0.38,7,1,7,72.884816
