---
system-info:
      stress-ng-version: 0.17.08
      run-by: root
      date-yyyy-mm-dd: 2024:06:15
      time-hh-mm-ss: 11:41:36
      epoch-secs: 1718451696
      hostname: 4a52916d20af
      sysname: Linux
      nodename: 4a52916d20af
      release: 6.8.0-1008-aws
      version: '#8-Ubuntu SMP Sat Apr 20 00:46:25 UTC 2024'
      machine: x86_64
      compiler: 'musl-gcc 13.2.1'
      uptime: 118
      totalram: 16469213184
      freeram: 12078399488
      sharedram: 113528832
      bufferram: 108052480
      totalswap: 0
      freeswap: 0
      pagesize: 4096
      cpus: 4
      cpus-online: 4
      ticks-per-second: 100

metrics:
    - stressor: cpu
      bogo-ops: 76457
      bogo-ops-per-second-usr-sys-time: 959.097731
      bogo-ops-per-second-real-time: 3822.839837
      wall-clock-time: 20.000053
      user-time: 79.698634
      system-time: 0.018998
      cpu-usage-per-instance: 99.646775
      max-rss: 1104

...
