---
system-info:
      stress-ng-version: 0.17.08
      run-by: root
      date-yyyy-mm-dd: 2024:06:09
      time-hh-mm-ss: 09:54:33
      epoch-secs: 1717926873
      hostname: 344535c75534
      sysname: Linux
      nodename: 344535c75534
      release: 6.8.0-1008-aws
      version: '#8-Ubuntu SMP Sat Apr 20 00:46:25 UTC 2024'
      machine: x86_64
      compiler: 'musl-gcc 13.2.1'
      uptime: 104
      totalram: 16469204992
      freeram: 11967455232
      sharedram: 113528832
      bufferram: 105975808
      totalswap: 0
      freeswap: 0
      pagesize: 4096
      cpus: 4
      cpus-online: 4
      ticks-per-second: 100

metrics:
    - stressor: cpu
      bogo-ops: 63425
      bogo-ops-per-second-usr-sys-time: 1594.639577
      bogo-ops-per-second-real-time: 6342.282179
      wall-clock-time: 10.000343
      user-time: 39.761614
      system-time: 0.012264
      cpu-usage-per-instance: 99.431280
      max-rss: 3920

...
