BaselineInfo:
  WebDBID: -1
  TimeStamp: 20250418003509
Version:
  Major: 11
  Minor: 0
  Build: 1002
  SpecialBuildName: ""
  ptArchitecture: x86_64_linux
Results:
  Results Complete: true
  NumTestProcesses: 16
  CPU_INTEGER_MATH: 76549.33633333334
  CPU_FLOATINGPOINT_MATH: 54269.818961168035
  CPU_PRIME: 154.81793211936559
  CPU_SORTING: 37887.092575270362
  CPU_ENCRYPTION: 16918.233465322639
  CPU_COMPRESSION: 276299.81831164821
  CPU_SINGLETHREAD: 2915.9414199620796
  CPU_PHYSICS: 3689.703835587562
  CPU_MATRIX_MULT_SSE: 23326.212445491452
  CPU_mm: 2167.1987618924504
  CPU_sse: 9417.9446175600515
  CPU_fma: 26204.561955304875
  CPU_avx: 19866.644327586735
  CPU_avx512: 37815.698881514159
  m_CPU_enc_SHA: 17819792986.575085
  m_CPU_enc_AES: 23203466483.101219
  m_CPU_enc_ECDSA: 12196901252.726152
  ME_ALLOC_S: 7721.5639139070108
  ME_READ_S: 26599.913281249999
  ME_READ_L: 7486.13525390625
  ME_WRITE: 6879.07275390625
  ME_LARGE: 248153.5
  ME_LATENCY: 96.83724561839513
  ME_THREADED: 88888.673828125
  SUMM_CPU: 26651.681977727712
  SUMM_ME: 1783.1472176273314
SystemInformation:
  OSName: Ubuntu 24.04.2 LTS
  Kernel: 6.8.0-1021-azure
  Device: ""
  Processor: INTEL XEON PLATINUM 8573C
  NumSockets: 1
  Manufacturer: GenuineIntel
  NumCores: 8
  NumLogicals: 16
  CPUFrequency: 2300
  Memory: 257736
  MemModuleInfo:
    iNumMemSticks: 3
    DIMM 1:
      manufacturer: Microsoft Corporation
      modulePartNo: None
      memType: Unknown
      size: 1
      clkspeed: 0
      moduleVoltage: 0
    DIMM 2:
      manufacturer: Microsoft Corporation
      modulePartNo: None
      memType: Unknown
      size: 59
      clkspeed: 0
      moduleVoltage: 0
    DIMM 3:
      manufacturer: Microsoft Corporation
      modulePartNo: None
      memType: Unknown
      size: 196
      clkspeed: 0
      moduleVoltage: 0
Checksum: C78942A5E1BF74251FD73BC18215D2597224A504