BaselineInfo:
  WebDBID: -1
  TimeStamp: 20241108164410
Version:
  Major: 11
  Minor: 0
  Build: 1002
  SpecialBuildName: ""
  ptArchitecture: x86_64_linux
Results:
  Results Complete: true
  NumTestProcesses: 8
  CPU_INTEGER_MATH: 30050.466000000004
  CPU_FLOATINGPOINT_MATH: 24745.472814679168
  CPU_PRIME: 100.20949221494854
  CPU_SORTING: 17985.450210932908
  CPU_ENCRYPTION: 3672.7388791113826
  CPU_COMPRESSION: 129128.87593005564
  CPU_SINGLETHREAD: 1740.6885769446335
  CPU_PHYSICS: 1605.9628173227311
  CPU_MATRIX_MULT_SSE: 11482.666936906327
  CPU_mm: 1385.5622165264203
  CPU_sse: 4499.3688808516181
  CPU_fma: 12721.932755635244
  CPU_avx: 9855.9804773988544
  CPU_avx512: 18853.385633739596
  m_CPU_enc_SHA: 1825463725.268852
  m_CPU_enc_AES: 8106766838.455431
  m_CPU_enc_ECDSA: 1621206964.985008
  ME_ALLOC_S: 6439.1817249388387
  ME_READ_S: 17494.659570312499
  ME_READ_L: 11338.603515625
  ME_WRITE: 10314.7548828125
  ME_LARGE: 102547.16666666667
  ME_LATENCY: 54.359742888832692
  ME_THREADED: 75161.701171875
  SUMM_CPU: 11028.383516617267
  SUMM_ME: 2410.6759830398528
SystemInformation:
  OSName: Ubuntu 24.04.1 LTS
  Kernel: 6.8.0-1017-azure
  Device: ""
  Processor: Intel Xeon Platinum 8370C CPU @ 2.80GHz
  NumSockets: 1
  Manufacturer: GenuineIntel
  NumCores: 8
  NumLogicals: 8
  CPUFrequency: 0
  Memory: 112683
  MemModuleInfo:
    iNumMemSticks: 3
    DIMM 1:
      manufacturer: Microsoft Corporation
      modulePartNo: None
      memType: Unknown
      size: 1
      clkspeed: 0
      moduleVoltage: 0
    DIMM 2:
      manufacturer: Microsoft Corporation
      modulePartNo: None
      memType: Unknown
      size: 60928
      clkspeed: 0
      moduleVoltage: 0
    DIMM 3:
      manufacturer: Microsoft Corporation
      modulePartNo: None
      memType: Unknown
      size: 52736
      clkspeed: 0
      moduleVoltage: 0
Checksum: 8182480C93F5C7D9B0450DC0B4DAD9FB46632A88