BaselineInfo:
  WebDBID: -1
  TimeStamp: 20260621082833
Version:
  Major: 11
  Minor: 0
  Build: 1004
  SpecialBuildName: ""
  ptArchitecture: x86_64_linux
Results:
  Results Complete: true
  NumTestProcesses: 96
  CPU_INTEGER_MATH: 622571.26266666676
  CPU_FLOATINGPOINT_MATH: 362201.62779760413
  CPU_PRIME: 823.65046691306679
  CPU_SORTING: 247132.97798766164
  CPU_ENCRYPTION: 116018.28536353036
  CPU_COMPRESSION: 1910736.9540343063
  CPU_SINGLETHREAD: 3832.0210467389197
  CPU_PHYSICS: 15573.812095844318
  CPU_MATRIX_MULT_SSE: 133789.98374131677
  CPU_mm: 13853.484397656584
  CPU_sse: 52792.971463803384
  CPU_fma: 147019.19868764695
  CPU_avx: 142607.00333274837
  CPU_avx512: 192740.76148106813
  m_CPU_enc_SHA: 150918661611.68436
  m_CPU_enc_AES: 120481746159.98807
  m_CPU_enc_ECDSA: 93561561008.37532
  ME_ALLOC_S: 39178.697642372339
  ME_READ_S: 34081.449999999997
  ME_READ_L: 31032.50390625
  ME_WRITE: 30534.26171875
  ME_LARGE: 762513.16666666663
  ME_LATENCY: 79.192947438481809
  ME_THREADED: 333335.6494140625
  SUMM_CPU: 117125.70271360954
  SUMM_ME: 2975.7949308347747
SystemInformation:
  OSName: Ubuntu 24.04.4 LTS
  Kernel: 6.17.0-1018-azure
  Device: ""
  Processor: "AMD EPYC 9V45 96-Core Processor                "
  NumSockets: 1
  Manufacturer: AuthenticAMD
  NumCores: 48
  NumLogicals: 96
  CPUFrequency: 0
  CPUMaxFrequency: 0
  Memory: 773994
  CPUInfo:
    number: 1
    Family: 15
    Model: 2
    stepping: 1
    features: 395049983
    manufacture: AuthenticAMD
    typestring: "AMD EPYC 9V45 96-Core Processor                "
    iCoresPerPackage: 64
    iThreadsPerPackage: 2
    featuresEx:
      - 395049983
      - 4277809667
      - 802421759
    bHybrid: false
    nPCore: 0
    nLogicalsPerPCore: 0
    nECore: 0
    nLogicalsPerECore: 0
  MemModuleInfo:
    iNumMemSticks: 4
    DIMM 1:
      manufacturer: Microsoft Corporation
      modulePartNo: None
      memType: Unknown
      size: 1
      clkspeed: 0
      moduleVoltage: 0
    DIMM 2:
      manufacturer: Microsoft Corporation
      modulePartNo: None
      memType: Unknown
      size: 59
      clkspeed: 0
      moduleVoltage: 0
    DIMM 3:
      manufacturer: Microsoft Corporation
      modulePartNo: None
      memType: Unknown
      size: 324
      clkspeed: 0
      moduleVoltage: 0
    DIMM 4:
      manufacturer: Microsoft Corporation
      modulePartNo: None
      memType: Unknown
      size: 384
      clkspeed: 0
      moduleVoltage: 0
Checksum: 3BB1EF3B4E4660C37C1AAC8CBA1D1D8154579C1E