---
system-info:
      stress-ng-version: 0.17.08
      run-by: root
      date-yyyy-mm-dd: 2024:06:09
      time-hh-mm-ss: 20:23:00
      epoch-secs: 1717964580
      hostname: 4cefbf0f906f
      sysname: Linux
      nodename: 4cefbf0f906f
      release: 6.8.0-1008-aws
      version: '#8-Ubuntu SMP Sat Apr 20 00:46:25 UTC 2024'
      machine: x86_64
      compiler: 'musl-gcc 13.2.1'
      uptime: 100
      totalram: 65979408384
      freeram: 61389549568
      sharedram: 37015552
      bufferram: 111403008
      totalswap: 0
      freeswap: 0
      pagesize: 4096
      cpus: 8
      cpus-online: 8
      ticks-per-second: 100

metrics:
    - stressor: cpu
      bogo-ops: 140812
      bogo-ops-per-second-usr-sys-time: 1763.976992
      bogo-ops-per-second-real-time: 14079.720335
      wall-clock-time: 10.001051
      user-time: 79.816445
      system-time: 0.009993
      cpu-usage-per-instance: 99.772562
      max-rss: 3920

...
