---
system-info:
      stress-ng-version: 0.17.08
      run-by: root
      date-yyyy-mm-dd: 2024:06:15
      time-hh-mm-ss: 22:55:36
      epoch-secs: 1718492136
      hostname: b459b46a5e73
      sysname: Linux
      nodename: b459b46a5e73
      release: 6.8.0-1008-aws
      version: '#8-Ubuntu SMP Sat Apr 20 00:46:25 UTC 2024'
      machine: x86_64
      compiler: 'musl-gcc 13.2.1'
      uptime: 108
      totalram: 65979416576
      freeram: 61579923456
      sharedram: 37015552
      bufferram: 109096960
      totalswap: 0
      freeswap: 0
      pagesize: 4096
      cpus: 8
      cpus-online: 8
      ticks-per-second: 100

metrics:
    - stressor: cpu
      bogo-ops: 491288
      bogo-ops-per-second-usr-sys-time: 3076.590405
      bogo-ops-per-second-real-time: 24564.348316
      wall-clock-time: 20.000042
      user-time: 159.664874
      system-time: 0.020991
      cpu-usage-per-instance: 99.803456
      max-rss: 1104

...
