---
system-info:
      stress-ng-version: 0.17.08
      run-by: root
      date-yyyy-mm-dd: 2024:06:08
      time-hh-mm-ss: 13:40:50
      epoch-secs: 1717854050
      hostname: 78e6bcd8e201
      sysname: Linux
      nodename: 78e6bcd8e201
      release: 6.8.0-1008-aws
      version: '#8-Ubuntu SMP Sat Apr 20 00:46:25 UTC 2024'
      machine: x86_64
      compiler: 'musl-gcc 13.2.1'
      uptime: 129
      totalram: 16555184128
      freeram: 12203974656
      sharedram: 40734720
      bufferram: 101937152
      totalswap: 0
      freeswap: 0
      pagesize: 4096
      cpus: 4
      cpus-online: 4
      ticks-per-second: 100

metrics:
    - stressor: cpu
      bogo-ops: 13879
      bogo-ops-per-second-usr-sys-time: 1387.588625
      bogo-ops-per-second-real-time: 1387.554162
      wall-clock-time: 10.002492
      user-time: 10.002244
      system-time: 0.000000
      cpu-usage-per-instance: 99.997516
      max-rss: 3792

...
