---
system-info:
      stress-ng-version: 0.17.08
      run-by: root
      date-yyyy-mm-dd: 2024:06:15
      time-hh-mm-ss: 11:00:46
      epoch-secs: 1718449246
      hostname: c52f84a2c763
      sysname: Linux
      nodename: c52f84a2c763
      release: 6.8.0-1008-aws
      version: '#8-Ubuntu SMP Sat Apr 20 00:46:25 UTC 2024'
      machine: x86_64
      compiler: 'musl-gcc 13.2.1'
      uptime: 160
      totalram: 16555192320
      freeram: 12227231744
      sharedram: 40734720
      bufferram: 109830144
      totalswap: 0
      freeswap: 0
      pagesize: 4096
      cpus: 4
      cpus-online: 4
      ticks-per-second: 100

metrics:
    - stressor: cpu
      bogo-ops: 25648
      bogo-ops-per-second-usr-sys-time: 1282.417377
      bogo-ops-per-second-real-time: 1282.391760
      wall-clock-time: 20.000129
      user-time: 19.998730
      system-time: 0.000999
      cpu-usage-per-instance: 99.998002
      max-rss: 1104

...
