BaselineInfo:
  WebDBID: -1
  TimeStamp: 20241109075510
Version:
  Major: 11
  Minor: 0
  Build: 1002
  SpecialBuildName: ""
  ptArchitecture: x86_64_linux
Results:
  Results Complete: true
  NumTestProcesses: 32
  CPU_INTEGER_MATH: 90803.627666666682
  CPU_FLOATINGPOINT_MATH: 48650.981286295864
  CPU_PRIME: 130.81324343756233
  CPU_SORTING: 46503.718107654866
  CPU_ENCRYPTION: 12451.101449042302
  CPU_COMPRESSION: 396701.72909394244
  CPU_SINGLETHREAD: 1813.9863285456936
  CPU_PHYSICS: 2379.099288600562
  CPU_MATRIX_MULT_SSE: 24990.910208326564
  CPU_mm: 2760.2947643756879
  CPU_sse: 9910.0248457561629
  CPU_fma: 29307.063955641377
  CPU_avx: 20696.045575258486
  CPU_avx512: 40050.506456650226
  m_CPU_enc_SHA: 4096103038.2277904
  m_CPU_enc_AES: 31413281968.062592
  m_CPU_enc_ECDSA: 3658393452.8025556
  ME_ALLOC_S: 10694.027416280043
  ME_READ_S: 22287.468554687501
  ME_READ_L: 10058.806640625
  ME_WRITE: 9881.9970703125
  ME_LARGE: 243977.83333333334
  ME_LATENCY: 53.351062561846391
  ME_THREADED: 109976.59252929688
  SUMM_CPU: 25487.554654912419
  SUMM_ME: 2559.8177544327596
SystemInformation:
  OSName: Ubuntu 24.04.1 LTS
  Kernel: 6.8.0-1016-aws
  Device: ""
  Processor: Intel Xeon Platinum 8259CL CPU @ 2.50GHz
  NumSockets: 1
  Manufacturer: GenuineIntel
  NumCores: 16
  NumLogicals: 32
  CPUFrequency: 0
  Memory: 255010
  MemModuleInfo:
    iNumMemSticks: 1
    DIMM 1:
      manufacturer: Not Specified
      modulePartNo: Not Specified
      memType: DDR4
      size: 256
      clkspeed: 1600
      moduleVoltage: 0
Checksum: ED1344F8C13C6D08E7D6A0FEC670474B7C06DFCD