BaselineInfo:
  WebDBID: -1
  TimeStamp: 20260708174602
Version:
  Major: 11
  Minor: 0
  Build: 1004
  SpecialBuildName: ""
  ptArchitecture: x86_64_linux
Results:
  Results Complete: true
  NumTestProcesses: 1
  CPU_INTEGER_MATH: 7455.9466666666667
  CPU_FLOATINGPOINT_MATH: 7430.3201312744877
  CPU_PRIME: 28.361167859831337
  CPU_SORTING: 4506.7576050027283
  CPU_ENCRYPTION: 1550.1107701483977
  CPU_COMPRESSION: 32208.372478418903
  CPU_SINGLETHREAD: 3603.5861927247411
  CPU_PHYSICS: 483.7168792203575
  CPU_MATRIX_MULT_SSE: 2696.3177747975151
  CPU_mm: 359.63475364425398
  CPU_sse: 1080.4847449960471
  CPU_fma: 4284.1098878279536
  CPU_avx: 2193.3882741462867
  CPU_avx512: 3227.2881922197739
  m_CPU_enc_SHA: 2164570999.8502574
  m_CPU_enc_AES: 1338891996.5246913
  m_CPU_enc_ECDSA: 1372763856.3824303
  ME_ALLOC_S: 1454.7356292343629
  ME_READ_S: 33256.417578125001
  ME_READ_L: 29111.501953125
  ME_WRITE: 26582.46875
  ME_LARGE: 7784.916666666667
  ME_LATENCY: 82.461140649811554
  ME_THREADED: 28607.591796875
  SUMM_CPU: 3401.2522560862981
  SUMM_ME: 2144.8235059121821
SystemInformation:
  OSName: Ubuntu 24.04.4 LTS
  Kernel: 6.17.0-1018-azure
  Device: ""
  Processor: "AMD EPYC 9V45 96-Core Processor                "
  NumSockets: 1
  Manufacturer: AuthenticAMD
  NumCores: 1
  NumLogicals: 1
  CPUFrequency: 0
  CPUMaxFrequency: 0
  Memory: 15990
  CPUInfo:
    number: 1
    Family: 15
    Model: 2
    stepping: 1
    features: 395049983
    manufacture: AuthenticAMD
    typestring: "AMD EPYC 9V45 96-Core Processor                "
    iCoresPerPackage: 8
    iThreadsPerPackage: 1
    featuresEx:
      - 395049983
      - 4277809667
      - 802421759
    bHybrid: false
    nPCore: 0
    nLogicalsPerPCore: 0
    nECore: 0
    nLogicalsPerECore: 0
  MemModuleInfo:
    iNumMemSticks: 2
    DIMM 1:
      manufacturer: Microsoft Corporation
      modulePartNo: None
      memType: Unknown
      size: 1
      clkspeed: 0
      moduleVoltage: 0
    DIMM 2:
      manufacturer: Microsoft Corporation
      modulePartNo: None
      memType: Unknown
      size: 15
      clkspeed: 0
      moduleVoltage: 0
Checksum: 6E47BC259EBC7D18F77F63D04669F5745F0E69F5