BaselineInfo:
  WebDBID: -1
  TimeStamp: 20241108194246
Version:
  Major: 11
  Minor: 0
  Build: 1002
  SpecialBuildName: ""
  ptArchitecture: x86_64_linux
Results:
  Results Complete: true
  NumTestProcesses: 20
  CPU_INTEGER_MATH: 62323.350333333343
  CPU_FLOATINGPOINT_MATH: 33472.594880860255
  CPU_PRIME: 101.07074712817555
  CPU_SORTING: 32122.649191547986
  CPU_ENCRYPTION: 8560.237604054133
  CPU_COMPRESSION: 273921.84666641901
  CPU_SINGLETHREAD: 2022.8305944567803
  CPU_PHYSICS: 1881.8863174751095
  CPU_MATRIX_MULT_SSE: 18093.876070488775
  CPU_mm: 1895.2305839355554
  CPU_sse: 6794.3660045657634
  CPU_fma: 22010.981357052187
  CPU_avx: 15558.616777589381
  CPU_avx512: 28011.540142747781
  m_CPU_enc_SHA: 2820350045.405972
  m_CPU_enc_AES: 21584858000.288815
  m_CPU_enc_ECDSA: 2522971072.0312147
  ME_ALLOC_S: 7212.0950429228069
  ME_READ_S: 24298.056640625
  ME_READ_L: 11577.513671875
  ME_WRITE: 10634.7724609375
  ME_LARGE: 150553.25
  ME_LATENCY: 47.685936333974574
  ME_THREADED: 90969.18310546875
  SUMM_CPU: 19245.760704668373
  SUMM_ME: 2791.7402608013508
SystemInformation:
  OSName: Ubuntu 24.04.1 LTS
  Kernel: 6.8.0-1017-azure
  Device: ""
  Processor: Intel Xeon Platinum 8272CL CPU @ 2.60GHz
  NumSockets: 1
  Manufacturer: GenuineIntel
  NumCores: 10
  NumLogicals: 20
  CPUFrequency: 0
  Memory: 160967
  MemModuleInfo:
    iNumMemSticks: 3
    DIMM 1:
      manufacturer: Microsoft Corporation
      modulePartNo: None
      memType: Unknown
      size: 1
      clkspeed: 0
      moduleVoltage: 0
    DIMM 2:
      manufacturer: Microsoft Corporation
      modulePartNo: None
      memType: Unknown
      size: 60928
      clkspeed: 0
      moduleVoltage: 0
    DIMM 3:
      manufacturer: Microsoft Corporation
      modulePartNo: None
      memType: Unknown
      size: 101888
      clkspeed: 0
      moduleVoltage: 0
Checksum: 202AD2A86FA860D7B07E7F7444B523B154AC4B90