BaselineInfo:
  WebDBID: -1
  TimeStamp: 20260404064016
Version:
  Major: 11
  Minor: 0
  Build: 1004
  SpecialBuildName: ""
  ptArchitecture: aarch64_linux
Results:
  Results Complete: true
  NumTestProcesses: 8
  CPU_INTEGER_MATH: 37939.938666666669
  CPU_FLOATINGPOINT_MATH: 28803.493918711672
  CPU_PRIME: 55.702711829541656
  CPU_SORTING: 27439.42446107234
  CPU_ENCRYPTION: 1303.6925637327797
  CPU_COMPRESSION: 45017.752743768513
  CPU_SINGLETHREAD: 1333.4452054659046
  CPU_PHYSICS: 994.8719159410291
  CPU_MATRIX_MULT_SSE: 5984.2082196120482
  CPU_mm: 1003.5069506720698
  CPU_sse: 5012.2628013720823
  CPU_fma: 6956.1536378520123
  CPU_avx: 0
  CPU_avx512: 0
  m_CPU_enc_SHA: 1954275334.3793781
  m_CPU_enc_AES: 904467618.13216722
  m_CPU_enc_ECDSA: 1242319248.6144447
  ME_ALLOC_S: 5751.9803885195251
  ME_READ_S: 11387.301464843749
  ME_READ_L: 8607.0556640625
  ME_WRITE: 15005.0498046875
  ME_LARGE: 18195
  ME_LATENCY: 68.420488783167528
  ME_THREADED: 63974.49755859375
  SUMM_CPU: 6192.5864648884017
  SUMM_ME: 1856.056597680142
SystemInformation:
  OSName: Ubuntu 24.04.4 LTS
  Kernel: 6.8.0-106-generic
  Device: ""
  Processor: ARM Neoverse-N1 8 Core 0 MHz
  NumSockets: 1
  Manufacturer: ARM
  NumCores: 8
  NumLogicals: 8
  CPUFrequency: 0
  CPUMaxFrequency: 0
  Memory: 30968
Checksum: 7BF630E0F694AE3FB236C20C279D0E03EBC107D2