---
system-info:
      stress-ng-version: 0.17.08
      run-by: root
      date-yyyy-mm-dd: 2024:06:12
      time-hh-mm-ss: 16:26:25
      epoch-secs: 1718209585
      hostname: 212501deca08
      sysname: Linux
      nodename: 212501deca08
      release: 6.8.0-1008-aws
      version: '#8-Ubuntu SMP Sat Apr 20 00:46:25 UTC 2024'
      machine: x86_64
      compiler: 'musl-gcc 13.2.1'
      uptime: 160
      totalram: 33261010944
      freeram: 28860420096
      sharedram: 20131840
      bufferram: 111108096
      totalswap: 0
      freeswap: 0
      pagesize: 4096
      cpus: 16
      cpus-online: 16
      ticks-per-second: 100

metrics:
    - stressor: cpu
      bogo-ops: 248588
      bogo-ops-per-second-usr-sys-time: 777.652942
      bogo-ops-per-second-real-time: 12429.385313
      wall-clock-time: 20.000024
      user-time: 319.639463
      system-time: 0.024987
      cpu-usage-per-instance: 99.895023
      max-rss: 1104

...
