---
system-info:
      stress-ng-version: 0.17.08
      run-by: root
      date-yyyy-mm-dd: 2024:06:05
      time-hh-mm-ss: 16:52:15
      epoch-secs: 1717606335
      hostname: 456095788a6b
      sysname: Linux
      nodename: 456095788a6b
      release: 6.8.0-1008-aws
      version: '#8-Ubuntu SMP Sat Apr 20 00:46:25 UTC 2024'
      machine: x86_64
      compiler: 'musl-gcc 13.2.1'
      uptime: 142
      totalram: 33258913792
      freeram: 29146955776
      sharedram: 20131840
      bufferram: 77967360
      totalswap: 0
      freeswap: 0
      pagesize: 4096
      cpus: 16
      cpus-online: 16
      ticks-per-second: 100

metrics:
    - stressor: cpu
      bogo-ops: 172958
      bogo-ops-per-second-usr-sys-time: 1082.482510
      bogo-ops-per-second-real-time: 17292.714212
      wall-clock-time: 10.001784
      user-time: 159.749044
      system-time: 0.029981
      cpu-usage-per-instance: 99.844074
      max-rss: 4048

...
