---
system-info:
      stress-ng-version: 0.17.08
      run-by: root
      date-yyyy-mm-dd: 2024:06:12
      time-hh-mm-ss: 19:18:10
      epoch-secs: 1718219890
      hostname: 938c3d41eb65
      sysname: Linux
      nodename: 938c3d41eb65
      release: 6.8.0-1008-aws
      version: '#8-Ubuntu SMP Sat Apr 20 00:46:25 UTC 2024'
      machine: x86_64
      compiler: 'musl-gcc 13.2.1'
      uptime: 134
      totalram: 33261015040
      freeram: 28844482560
      sharedram: 20131840
      bufferram: 110780416
      totalswap: 0
      freeswap: 0
      pagesize: 4096
      cpus: 16
      cpus-online: 16
      ticks-per-second: 100

metrics:
    - stressor: cpu
      bogo-ops: 122708
      bogo-ops-per-second-usr-sys-time: 383.904990
      bogo-ops-per-second-real-time: 6135.336639
      wall-clock-time: 20.000207
      user-time: 319.607178
      system-time: 0.023989
      cpu-usage-per-instance: 99.883708
      max-rss: 1104

...
