BaselineInfo:
  WebDBID: -1
  TimeStamp: 20241110142932
Version:
  Major: 11
  Minor: 0
  Build: 1002
  SpecialBuildName: ""
  ptArchitecture: x86_64_linux
Results:
  Results Complete: true
  NumTestProcesses: 96
  CPU_INTEGER_MATH: 402611.55866666674
  CPU_FLOATINGPOINT_MATH: 205799.00050387348
  CPU_PRIME: 467.37420681457996
  CPU_SORTING: 200001.27868434915
  CPU_ENCRYPTION: 87228.272675004453
  CPU_COMPRESSION: 1456829.5733587071
  CPU_SINGLETHREAD: 2371.5162909893338
  CPU_PHYSICS: 8074.5742890458378
  CPU_MATRIX_MULT_SSE: 85259.359802541832
  CPU_mm: 8675.3792444028168
  CPU_sse: 37255.726748249035
  CPU_fma: 102759.90421377904
  CPU_avx: 77336.004931278876
  CPU_avx512: 123685.80331686027
  m_CPU_enc_SHA: 88183744299.39682
  m_CPU_enc_AES: 132514008167.1721
  m_CPU_enc_ECDSA: 53698667278.827431
  ME_ALLOC_S: 29810.644494201035
  ME_READ_S: 23677.4599609375
  ME_READ_L: 11492.4404296875
  ME_WRITE: 10362.4677734375
  ME_LARGE: 748481.58333333337
  ME_LATENCY: 58.768608481380625
  ME_THREADED: 282467.67602539062
  SUMM_CPU: 75932.225208847187
  SUMM_ME: 2642.1295365735973
SystemInformation:
  OSName: Ubuntu 24.04.1 LTS
  Kernel: 6.8.0-1016-aws
  Device: ""
  Processor: Intel Xeon Platinum 8375C CPU @ 2.90GHz
  NumSockets: 2
  Manufacturer: GenuineIntel
  NumCores: 48
  NumLogicals: 96
  CPUFrequency: 0
  Memory: 761833
  MemModuleInfo:
    iNumMemSticks: 2
    DIMM 1:
      manufacturer: Not Specified
      modulePartNo: Not Specified
      memType: DDR4
      size: 384
      clkspeed: 1600
      moduleVoltage: 0
    DIMM 2:
      manufacturer: Not Specified
      modulePartNo: Not Specified
      memType: DDR4
      size: 384
      clkspeed: 1600
      moduleVoltage: 0
Checksum: F9DCCA5EC44C961E4E31C857954F4A60B889BDCF