---
system-info:
      stress-ng-version: 0.17.08
      run-by: root
      date-yyyy-mm-dd: 2024:07:30
      time-hh-mm-ss: 07:49:38
      epoch-secs: 1722325778
      hostname: instance-20240730-074050
      sysname: Linux
      nodename: instance-20240730-074050
      release: 6.1.0-22-cloud-amd64
      version: '#1 SMP PREEMPT_DYNAMIC Debian 6.1.94-1 (2024-06-21)'
      machine: x86_64
      compiler: 'musl-gcc 13.2.1'
      uptime: 435
      totalram: 6223115354112
      freeram: 6207759589376
      sharedram: 326660096
      bufferram: 139264000
      totalswap: 0
      freeswap: 0
      pagesize: 4096
      cpus: 416
      cpus-online: 416
      ticks-per-second: 100

metrics:
    - stressor: cpu
      bogo-ops: 7275943
      bogo-ops-per-second-usr-sys-time: 901.955503
      bogo-ops-per-second-real-time: 363795.010834
      wall-clock-time: 20.000118
      user-time: 8066.633694
      system-time: 0.219911
      cpu-usage-per-instance: 96.956805
      max-rss: 452

...
