---
system-info:
      stress-ng-version: 0.17.08
      run-by: root
      date-yyyy-mm-dd: 2024:06:07
      time-hh-mm-ss: 23:22:05
      epoch-secs: 1717802525
      hostname: 1ff40b8d6b11
      sysname: Linux
      nodename: 1ff40b8d6b11
      release: 6.8.0-1008-aws
      version: '#8-Ubuntu SMP Sat Apr 20 00:46:25 UTC 2024'
      machine: x86_64
      compiler: 'musl-gcc 13.2.1'
      uptime: 112
      totalram: 399308365824
      freeram: 393769025536
      sharedram: 117321728
      bufferram: 94625792
      totalswap: 0
      freeswap: 0
      pagesize: 4096
      cpus: 96
      cpus-online: 96
      ticks-per-second: 100

metrics:
    - stressor: cpu
      bogo-ops: 1170879
      bogo-ops-per-second-usr-sys-time: 1220.142154
      bogo-ops-per-second-real-time: 117069.500507
      wall-clock-time: 10.001572
      user-time: 959.527120
      system-time: 0.097950
      cpu-usage-per-instance: 99.945237
      max-rss: 3072

...
