---
system-info:
      stress-ng-version: 0.17.08
      run-by: root
      date-yyyy-mm-dd: 2024:06:13
      time-hh-mm-ss: 14:19:45
      epoch-secs: 1718288385
      hostname: 2a4148614f12
      sysname: Linux
      nodename: 2a4148614f12
      release: 6.8.0-1008-aws
      version: '#8-Ubuntu SMP Sat Apr 20 00:46:25 UTC 2024'
      machine: x86_64
      compiler: 'musl-gcc 13.2.1'
      uptime: 125
      totalram: 399308320768
      freeram: 393939603456
      sharedram: 117321728
      bufferram: 105488384
      totalswap: 0
      freeswap: 0
      pagesize: 4096
      cpus: 96
      cpus-online: 96
      ticks-per-second: 100

metrics:
    - stressor: cpu
      bogo-ops: 1853280
      bogo-ops-per-second-usr-sys-time: 965.613616
      bogo-ops-per-second-real-time: 92663.608268
      wall-clock-time: 20.000085
      user-time: 1919.241018
      system-time: 0.035978
      cpu-usage-per-instance: 99.961921
      max-rss: 768

...
