---
system-info:
      stress-ng-version: 0.17.08
      run-by: root
      date-yyyy-mm-dd: 2024:06:06
      time-hh-mm-ss: 07:15:26
      epoch-secs: 1717658126
      hostname: ea6964928143
      sysname: Linux
      nodename: ea6964928143
      release: 6.8.0-1008-aws
      version: '#8-Ubuntu SMP Sat Apr 20 02:43:14 UTC 2024'
      machine: aarch64
      compiler: 'musl-gcc 13.2.1'
      uptime: 145
      totalram: 16434503680
      freeram: 12330602496
      sharedram: 35028992
      bufferram: 80109568
      totalswap: 0
      freeswap: 0
      pagesize: 4096
      cpus: 8
      cpus-online: 8
      ticks-per-second: 100

metrics:
    - stressor: cpu
      bogo-ops: 23496
      bogo-ops-per-second-usr-sys-time: 293.293484
      bogo-ops-per-second-real-time: 2339.739277
      wall-clock-time: 10.042145
      user-time: 80.104889
      system-time: 0.005994
      cpu-usage-per-instance: 99.718345
      max-rss: 4136

...
