---
system-info:
      stress-ng-version: 0.17.08
      run-by: root
      date-yyyy-mm-dd: 2024:06:14
      time-hh-mm-ss: 04:43:43
      epoch-secs: 1718340223
      hostname: fc4272daf451
      sysname: Linux
      nodename: fc4272daf451
      release: 6.8.0-1008-aws
      version: '#8-Ubuntu SMP Sat Apr 20 02:43:14 UTC 2024'
      machine: aarch64
      compiler: 'musl-gcc 13.2.1'
      uptime: 173
      totalram: 16434495488
      freeram: 12149448704
      sharedram: 35028992
      bufferram: 105959424
      totalswap: 0
      freeswap: 0
      pagesize: 4096
      cpus: 8
      cpus-online: 8
      ticks-per-second: 100

metrics:
    - stressor: cpu
      bogo-ops: 242592
      bogo-ops-per-second-usr-sys-time: 1519.421725
      bogo-ops-per-second-real-time: 12129.560309
      wall-clock-time: 20.000065
      user-time: 159.652747
      system-time: 0.007995
      cpu-usage-per-instance: 99.787637
      max-rss: 1192

...
