BaselineInfo:
  WebDBID: -1
  TimeStamp: 20241108130218
Version:
  Major: 11
  Minor: 0
  Build: 1002
  SpecialBuildName: ""
  ptArchitecture: x86_64_linux
Results:
  Results Complete: true
  NumTestProcesses: 30
  CPU_INTEGER_MATH: 132628.59166666662
  CPU_FLOATINGPOINT_MATH: 75834.986721427689
  CPU_PRIME: 238.17585634555107
  CPU_SORTING: 74950.016475071257
  CPU_ENCRYPTION: 33484.278161052338
  CPU_COMPRESSION: 537450.75431599212
  CPU_SINGLETHREAD: 2685.3762194687715
  CPU_PHYSICS: 4154.9978495784117
  CPU_MATRIX_MULT_SSE: 38061.363491745702
  CPU_mm: 3565.7324895653878
  CPU_sse: 15645.174530210305
  CPU_fma: 47936.576986064938
  CPU_avx: 40420.168439618923
  CPU_avx512: 48243.534011088675
  m_CPU_enc_SHA: 46589744979.204918
  m_CPU_enc_AES: 31910168101.420673
  m_CPU_enc_ECDSA: 26832518290.385296
  ME_ALLOC_S: 13172.545365127909
  ME_READ_S: 25801.014453125001
  ME_READ_L: 24814.74609375
  ME_WRITE: 18469.509765625
  ME_LARGE: 48439.333333333336
  ME_LATENCY: 69.027735330271568
  ME_THREADED: 80222.6005859375
  SUMM_CPU: 41402.963977050684
  SUMM_ME: 2772.0090456565754
SystemInformation:
  OSName: Ubuntu 24.04.1 LTS
  Kernel: 6.8.0-1015-gcp
  Device: ""
  Processor: AMD EPYC 9B14
  NumSockets: 1
  Manufacturer: AuthenticAMD
  NumCores: 15
  NumLogicals: 30
  CPUFrequency: 0
  Memory: 59253
  MemModuleInfo:
    iNumMemSticks: 4
    DIMM 1:
      manufacturer: ""
      modulePartNo: ""
      memType: RAM
      size: 16
      clkspeed: 0
      moduleVoltage: 0
    DIMM 2:
      manufacturer: ""
      modulePartNo: ""
      memType: RAM
      size: 16
      clkspeed: 0
      moduleVoltage: 0
    DIMM 3:
      manufacturer: ""
      modulePartNo: ""
      memType: RAM
      size: 16
      clkspeed: 0
      moduleVoltage: 0
    DIMM 4:
      manufacturer: ""
      modulePartNo: ""
      memType: RAM
      size: 11
      clkspeed: 0
      moduleVoltage: 0
Checksum: 97BA6D9881896ABFA1F906EDDFA29F983090FB25