---
system-info:
      stress-ng-version: 0.17.08
      run-by: root
      date-yyyy-mm-dd: 2024:06:09
      time-hh-mm-ss: 11:30:09
      epoch-secs: 1717932609
      hostname: ee7f41f86560
      sysname: Linux
      nodename: ee7f41f86560
      release: 6.8.0-1008-aws
      version: '#8-Ubuntu SMP Sat Apr 20 00:46:25 UTC 2024'
      machine: x86_64
      compiler: 'musl-gcc 13.2.1'
      uptime: 158
      totalram: 32084471808
      freeram: 27632308224
      sharedram: 27553792
      bufferram: 107143168
      totalswap: 0
      freeswap: 0
      pagesize: 4096
      cpus: 4
      cpus-online: 4
      ticks-per-second: 100

metrics:
    - stressor: cpu
      bogo-ops: 41634
      bogo-ops-per-second-usr-sys-time: 1048.424421
      bogo-ops-per-second-real-time: 4162.784510
      wall-clock-time: 10.001479
      user-time: 39.703031
      system-time: 0.007986
      cpu-usage-per-instance: 99.262866
      max-rss: 3792

...
