---
system-info:
      stress-ng-version: 0.17.08
      run-by: root
      date-yyyy-mm-dd: 2024:06:15
      time-hh-mm-ss: 13:56:04
      epoch-secs: 1718459764
      hostname: b1bbb01fb15c
      sysname: Linux
      nodename: b1bbb01fb15c
      release: 6.8.0-1008-aws
      version: '#8-Ubuntu SMP Sat Apr 20 00:46:25 UTC 2024'
      machine: x86_64
      compiler: 'musl-gcc 13.2.1'
      uptime: 153
      totalram: 32084500480
      freeram: 27757891584
      sharedram: 27553792
      bufferram: 108806144
      totalswap: 0
      freeswap: 0
      pagesize: 4096
      cpus: 4
      cpus-online: 4
      ticks-per-second: 100

metrics:
    - stressor: cpu
      bogo-ops: 66842
      bogo-ops-per-second-usr-sys-time: 840.923741
      bogo-ops-per-second-real-time: 3342.070687
      wall-clock-time: 20.000175
      user-time: 79.479422
      system-time: 0.006977
      cpu-usage-per-instance: 99.357127
      max-rss: 1104

...
