---
system-info:
      stress-ng-version: 0.17.08
      run-by: root
      date-yyyy-mm-dd: 2024:07:12
      time-hh-mm-ss: 08:42:53
      epoch-secs: 1720773773
      hostname: ip-172-31-8-151
      sysname: Linux
      nodename: ip-172-31-8-151
      release: 6.8.0-1010-aws
      version: '#10-Ubuntu SMP Thu Jun 13 17:36:15 UTC 2024'
      machine: x86_64
      compiler: 'musl-gcc 13.2.1'
      uptime: 235
      totalram: 200450953216
      freeram: 192065560576
      sharedram: 41197568
      bufferram: 130420736
      totalswap: 0
      freeswap: 0
      pagesize: 4096
      cpus: 48
      cpus-online: 48
      ticks-per-second: 100

metrics:
    - stressor: cpu
      bogo-ops: 811304
      bogo-ops-per-second-usr-sys-time: 845.537934
      bogo-ops-per-second-real-time: 40564.972721
      wall-clock-time: 20.000112
      user-time: 959.477260
      system-time: 0.034984
      cpu-usage-per-instance: 99.948632
      max-rss: 1152

...
