---
system-info:
      stress-ng-version: 0.17.08
      run-by: root
      date-yyyy-mm-dd: 2024:09:16
      time-hh-mm-ss: 17:37:01
      epoch-secs: 1726508221
      hostname: sc-runner
      sysname: Linux
      nodename: sc-runner
      release: 6.8.0-1014-azure
      version: '#16-Ubuntu SMP Thu Aug 15 21:06:50 UTC 2024'
      machine: aarch64
      compiler: 'musl-gcc 13.2.1'
      uptime: 337
      totalram: 67289284608
      freeram: 56712351744
      sharedram: 38223872
      bufferram: 230924288
      totalswap: 0
      freeswap: 0
      pagesize: 4096
      cpus: 32
      cpus-online: 32
      ticks-per-second: 100

metrics:
    - stressor: cpu
      bogo-ops: 36454
      bogo-ops-per-second-usr-sys-time: 1822.706835
      bogo-ops-per-second-real-time: 1822.694503
      wall-clock-time: 20.000060
      user-time: 19.998926
      system-time: 0.000999
      cpu-usage-per-instance: 99.999323
      max-rss: 1280

...
