---
system-info:
      stress-ng-version: 0.17.08
      run-by: root
      date-yyyy-mm-dd: 2024:09:03
      time-hh-mm-ss: 05:51:31
      epoch-secs: 1725342691
      hostname: sc-runner
      sysname: Linux
      nodename: sc-runner
      release: 6.8.0-1013-azure
      version: '#15-Ubuntu SMP Thu Aug  8 18:40:40 UTC 2024'
      machine: x86_64
      compiler: 'musl-gcc 13.2.1'
      uptime: 400
      totalram: 33653030912
      freeram: 25162858496
      sharedram: 42037248
      bufferram: 213450752
      totalswap: 0
      freeswap: 0
      pagesize: 4096
      cpus: 2
      cpus-online: 2
      ticks-per-second: 100

metrics:
    - stressor: cpu
      bogo-ops: 36848
      bogo-ops-per-second-usr-sys-time: 932.063833
      bogo-ops-per-second-real-time: 1842.388953
      wall-clock-time: 20.000120
      user-time: 39.523805
      system-time: 0.009968
      cpu-usage-per-instance: 98.833840
      max-rss: 3248

...
