---
system-info:
      stress-ng-version: 0.17.08
      run-by: root
      date-yyyy-mm-dd: 2024:09:05
      time-hh-mm-ss: 16:51:09
      epoch-secs: 1725555069
      hostname: sc-runner
      sysname: Linux
      nodename: sc-runner
      release: 6.8.0-1013-azure
      version: '#15-Ubuntu SMP Thu Aug  8 18:40:40 UTC 2024'
      machine: x86_64
      compiler: 'musl-gcc 13.2.1'
      uptime: 310
      totalram: 67419574272
      freeram: 58628407296
      sharedram: 55005184
      bufferram: 218374144
      totalswap: 0
      freeswap: 0
      pagesize: 4096
      cpus: 16
      cpus-online: 16
      ticks-per-second: 100

metrics:
    - stressor: cpu
      bogo-ops: 310494
      bogo-ops-per-second-usr-sys-time: 971.662935
      bogo-ops-per-second-real-time: 15524.644144
      wall-clock-time: 20.000072
      user-time: 319.530093
      system-time: 0.018990
      cpu-usage-per-instance: 99.858729
      max-rss: 3152

...
