---
system-info:
      stress-ng-version: 0.17.08
      run-by: root
      date-yyyy-mm-dd: 2024:06:09
      time-hh-mm-ss: 13:01:08
      epoch-secs: 1717938068
      hostname: 099489b22e35
      sysname: Linux
      nodename: 099489b22e35
      release: 6.8.0-1008-aws
      version: '#8-Ubuntu SMP Sat Apr 20 00:46:25 UTC 2024'
      machine: x86_64
      compiler: 'musl-gcc 13.2.1'
      uptime: 155
      totalram: 133976682496
      freeram: 129411125248
      sharedram: 11743232
      bufferram: 107741184
      totalswap: 0
      freeswap: 0
      pagesize: 4096
      cpus: 16
      cpus-online: 16
      ticks-per-second: 100

metrics:
    - stressor: cpu
      bogo-ops: 124466
      bogo-ops-per-second-usr-sys-time: 779.485941
      bogo-ops-per-second-real-time: 12442.086881
      wall-clock-time: 10.003627
      user-time: 159.617060
      system-time: 0.059970
      cpu-usage-per-instance: 99.761957
      max-rss: 4048

...
