BaselineInfo:
  WebDBID: -1
  TimeStamp: 20241109075708
Version:
  Major: 11
  Minor: 0
  Build: 1002
  SpecialBuildName: ""
  ptArchitecture: x86_64_linux
Results:
  Results Complete: true
  NumTestProcesses: 32
  CPU_INTEGER_MATH: 134722.26333333334
  CPU_FLOATINGPOINT_MATH: 68879.712793762461
  CPU_PRIME: 193.09253578401237
  CPU_SORTING: 68621.198776256802
  CPU_ENCRYPTION: 29255.887505491977
  CPU_COMPRESSION: 489729.50714454596
  CPU_SINGLETHREAD: 2417.9428810199738
  CPU_PHYSICS: 3222.656432187835
  CPU_MATRIX_MULT_SSE: 28390.526115394197
  CPU_mm: 2896.7173656765026
  CPU_sse: 12784.01634041187
  CPU_fma: 35094.67522042046
  CPU_avx: 25913.519048942308
  CPU_avx512: 39769.893851802146
  m_CPU_enc_SHA: 29553342382.15823
  m_CPU_enc_AES: 44376896002.72467
  m_CPU_enc_ECDSA: 18100826105.993378
  ME_ALLOC_S: 15307.831515055967
  ME_READ_S: 24308.8662109375
  ME_READ_L: 11498.3427734375
  ME_WRITE: 10507.041015625
  ME_LARGE: 247018.25
  ME_LATENCY: 54.2634181077484
  ME_THREADED: 133357.2763671875
  SUMM_CPU: 36808.12191774157
  SUMM_ME: 2705.2671791941643
SystemInformation:
  OSName: Ubuntu 24.04.1 LTS
  Kernel: 6.8.0-1017-azure
  Device: ""
  Processor: Intel Xeon Platinum 8370C CPU @ 2.80GHz
  NumSockets: 1
  Manufacturer: GenuineIntel
  NumCores: 16
  NumLogicals: 32
  CPUFrequency: 2800
  Memory: 257730
  MemModuleInfo:
    iNumMemSticks: 3
    DIMM 1:
      manufacturer: Microsoft Corporation
      modulePartNo: None
      memType: Unknown
      size: 1
      clkspeed: 0
      moduleVoltage: 0
    DIMM 2:
      manufacturer: Microsoft Corporation
      modulePartNo: None
      memType: Unknown
      size: 59
      clkspeed: 0
      moduleVoltage: 0
    DIMM 3:
      manufacturer: Microsoft Corporation
      modulePartNo: None
      memType: Unknown
      size: 196
      clkspeed: 0
      moduleVoltage: 0
Checksum: 71D92BB5617FF44C5EA0A8F5E93BDF30DB2DAEB3