BaselineInfo:
  WebDBID: -1
  TimeStamp: 20241109071844
Version:
  Major: 11
  Minor: 0
  Build: 1002
  SpecialBuildName: ""
  ptArchitecture: x86_64_linux
Results:
  Results Complete: true
  NumTestProcesses: 48
  CPU_INTEGER_MATH: 136495.08600000001
  CPU_FLOATINGPOINT_MATH: 72983.284411066415
  CPU_PRIME: 165.44697182893893
  CPU_SORTING: 68717.858136411829
  CPU_ENCRYPTION: 18601.159350118825
  CPU_COMPRESSION: 592900.01731237629
  CPU_SINGLETHREAD: 1941.7666522690308
  CPU_PHYSICS: 2470.2438030496651
  CPU_MATRIX_MULT_SSE: 37039.30123557624
  CPU_mm: 4139.045138321454
  CPU_sse: 14937.499264739901
  CPU_fma: 43977.949655905315
  CPU_avx: 31057.852318006531
  CPU_avx512: 58183.903703653217
  m_CPU_enc_SHA: 6130908972.4178391
  m_CPU_enc_AES: 46904540048.950256
  m_CPU_enc_ECDSA: 5478738778.7624502
  ME_ALLOC_S: 15468.076732688216
  ME_READ_S: 23413.063867187499
  ME_READ_L: 10423.736328125
  ME_WRITE: 10060.3251953125
  ME_LARGE: 179418.66666666666
  ME_LATENCY: 52.832832718943031
  ME_THREADED: 114047.35546875
  SUMM_CPU: 34538.760856575944
  SUMM_ME: 2632.845794184685
SystemInformation:
  OSName: Ubuntu 24.04.1 LTS
  Kernel: 6.8.0-1016-aws
  Device: ""
  Processor: Intel Xeon Platinum 8259CL CPU @ 2.50GHz
  NumSockets: 1
  Manufacturer: GenuineIntel
  NumCores: 24
  NumLogicals: 48
  CPUFrequency: 0
  Memory: 191164
  MemModuleInfo:
    iNumMemSticks: 1
    DIMM 1:
      manufacturer: Not Specified
      modulePartNo: Not Specified
      memType: DDR4
      size: 192
      clkspeed: 1466
      moduleVoltage: 0
Checksum: 6F2E0697CBE5622454826D3DAE8D29ED506A474E