BaselineInfo:
  WebDBID: -1
  TimeStamp: 20260621174018
Version:
  Major: 11
  Minor: 0
  Build: 1004
  SpecialBuildName: ""
  ptArchitecture: x86_64_linux
Results:
  Results Complete: true
  NumTestProcesses: 64
  CPU_INTEGER_MATH: 332628.397
  CPU_FLOATINGPOINT_MATH: 239600.62167973956
  CPU_PRIME: 719.10784649313337
  CPU_SORTING: 168107.22375229542
  CPU_ENCRYPTION: 73725.130142700611
  CPU_COMPRESSION: 1288661.92612818
  CPU_SINGLETHREAD: 3532.0414851858868
  CPU_PHYSICS: 12301.246961535267
  CPU_MATRIX_MULT_SSE: 82019.343638318314
  CPU_mm: 9238.7239846886514
  CPU_sse: 36905.807427515574
  CPU_fma: 97541.504014328937
  CPU_avx: 76918.802675709594
  CPU_avx512: 116711.26043571912
  m_CPU_enc_SHA: 77786471699.488251
  m_CPU_enc_AES: 102645258850.07115
  m_CPU_enc_ECDSA: 51487475643.978027
  ME_ALLOC_S: 32363.780467550747
  ME_READ_S: 30405.380859375
  ME_READ_L: 20393.84765625
  ME_WRITE: 8335.9404296875
  ME_LARGE: 247593.91666666666
  ME_LATENCY: 77.352879651775126
  ME_THREADED: 321508.46435546875
  SUMM_CPU: 86642.746948947199
  SUMM_ME: 2521.3593486211876
SystemInformation:
  OSName: Ubuntu 24.04.4 LTS
  Kernel: 6.17.0-1018-azure
  Device: ""
  Processor: Intel(R) Xeon(R) 6973P-C
  NumSockets: 1
  Manufacturer: GenuineIntel
  NumCores: 32
  NumLogicals: 64
  CPUFrequency: 2600
  CPUMaxFrequency: 2600
  Memory: 257910
  CPUInfo:
    number: 1
    Family: 6
    Model: 13
    stepping: 1
    features: 529267711
    manufacture: GenuineIntel
    typestring: Intel(R) Xeon(R) 6973P-C
    iCoresPerPackage: 32
    iThreadsPerPackage: 2
    featuresEx:
      - 529267711
      - 4294586915
      - 739248128
    bHybrid: false
    nPCore: 0
    nLogicalsPerPCore: 0
    nECore: 0
    nLogicalsPerECore: 0
  MemModuleInfo:
    iNumMemSticks: 4
    DIMM 1:
      manufacturer: Microsoft Corporation
      modulePartNo: None
      memType: Unknown
      size: 1
      clkspeed: 0
      moduleVoltage: 0
    DIMM 2:
      manufacturer: Microsoft Corporation
      modulePartNo: None
      memType: Unknown
      size: 59
      clkspeed: 0
      moduleVoltage: 0
    DIMM 3:
      manufacturer: Microsoft Corporation
      modulePartNo: None
      memType: Unknown
      size: 68
      clkspeed: 0
      moduleVoltage: 0
    DIMM 4:
      manufacturer: Microsoft Corporation
      modulePartNo: None
      memType: Unknown
      size: 128
      clkspeed: 0
      moduleVoltage: 0
Checksum: 70C03760908A6BB1D571479BCF42523EB99B3644