BaselineInfo:
  WebDBID: -1
  TimeStamp: 20241107165824
Version:
  Major: 11
  Minor: 0
  Build: 1002
  SpecialBuildName: ""
  ptArchitecture: x86_64_linux
Results:
  Results Complete: true
  NumTestProcesses: 8
  CPU_INTEGER_MATH: 32932.710999999996
  CPU_FLOATINGPOINT_MATH: 18230.697064006134
  CPU_PRIME: 66.616247589817661
  CPU_SORTING: 17815.071092372775
  CPU_ENCRYPTION: 8557.1196988414231
  CPU_COMPRESSION: 128896.794671966
  CPU_SINGLETHREAD: 2355.4488353010083
  CPU_PHYSICS: 1343.5713118270221
  CPU_MATRIX_MULT_SSE: 7298.568835452912
  CPU_mm: 889.25337432725723
  CPU_sse: 3784.7954022137756
  CPU_fma: 10259.043956116508
  CPU_avx: 7851.8671480284538
  CPU_avx512: 0
  m_CPU_enc_SHA: 12403743044.575764
  m_CPU_enc_AES: 7924175048.7228584
  m_CPU_enc_ECDSA: 6590452942.6984167
  ME_ALLOC_S: 3246.961440543233
  ME_READ_S: 23873.477148437501
  ME_READ_L: 14010.55078125
  ME_WRITE: 14069.4306640625
  ME_LARGE: 22054.583333333332
  ME_LATENCY: 82.549636411042115
  ME_THREADED: 62276.7880859375
  SUMM_CPU: 11750.496743118225
  SUMM_ME: 2145.465288669418
SystemInformation:
  OSName: Ubuntu 24.04.1 LTS
  Kernel: 6.8.0-1015-gcp
  Device: ""
  Processor: AMD EPYC 7B12
  NumSockets: 1
  Manufacturer: AuthenticAMD
  NumCores: 4
  NumLogicals: 8
  CPUFrequency: 0
  Memory: 32093
  MemModuleInfo:
    iNumMemSticks: 2
    DIMM 1:
      manufacturer: ""
      modulePartNo: ""
      memType: RAM
      size: 16
      clkspeed: 0
      moduleVoltage: 0
    DIMM 2:
      manufacturer: ""
      modulePartNo: ""
      memType: RAM
      size: 16
      clkspeed: 0
      moduleVoltage: 0
Checksum: 0B8C4655286C34A2E0384C5813264F7DAEB44FF9