---
system-info:
      stress-ng-version: 0.17.08
      run-by: root
      date-yyyy-mm-dd: 2024:06:14
      time-hh-mm-ss: 20:55:12
      epoch-secs: 1718398512
      hostname: 98f0eb75a5d9
      sysname: Linux
      nodename: 98f0eb75a5d9
      release: 6.8.0-1008-aws
      version: '#8-Ubuntu SMP Sat Apr 20 00:46:25 UTC 2024'
      machine: x86_64
      compiler: 'musl-gcc 13.2.1'
      uptime: 140
      totalram: 32911540224
      freeram: 28535037952
      sharedram: 29204480
      bufferram: 109957120
      totalswap: 0
      freeswap: 0
      pagesize: 4096
      cpus: 8
      cpus-online: 8
      ticks-per-second: 100

metrics:
    - stressor: cpu
      bogo-ops: 37399
      bogo-ops-per-second-usr-sys-time: 1869.952711
      bogo-ops-per-second-real-time: 1869.944004
      wall-clock-time: 20.000064
      user-time: 19.999971
      system-time: 0.000000
      cpu-usage-per-instance: 99.999534
      max-rss: 1104

...
