---
system-info:
      stress-ng-version: 0.17.08
      run-by: root
      date-yyyy-mm-dd: 2024:06:08
      time-hh-mm-ss: 14:55:03
      epoch-secs: 1717858503
      hostname: 90b099fa7926
      sysname: Linux
      nodename: 90b099fa7926
      release: 6.8.0-1008-aws
      version: '#8-Ubuntu SMP Sat Apr 20 00:46:25 UTC 2024'
      machine: x86_64
      compiler: 'musl-gcc 13.2.1'
      uptime: 116
      totalram: 32911532032
      freeram: 28498620416
      sharedram: 29204480
      bufferram: 102834176
      totalswap: 0
      freeswap: 0
      pagesize: 4096
      cpus: 8
      cpus-online: 8
      ticks-per-second: 100

metrics:
    - stressor: cpu
      bogo-ops: 20236
      bogo-ops-per-second-usr-sys-time: 2023.337775
      bogo-ops-per-second-real-time: 2023.323297
      wall-clock-time: 10.001368
      user-time: 10.000296
      system-time: 0.001000
      cpu-usage-per-instance: 99.999284
      max-rss: 4048

...
