---
system-info:
      stress-ng-version: 0.17.08
      run-by: root
      date-yyyy-mm-dd: 2024:05:31
      time-hh-mm-ss: 23:02:08
      epoch-secs: 1717196528
      hostname: c2cfa7cba967
      sysname: Linux
      nodename: c2cfa7cba967
      release: 6.8.0-1008-aws
      version: '#8-Ubuntu SMP Sat Apr 20 00:46:25 UTC 2024'
      machine: x86_64
      compiler: 'musl-gcc 13.2.1'
      uptime: 1163
      totalram: 32908673024
      freeram: 27470319616
      sharedram: 37068800
      bufferram: 83480576
      totalswap: 0
      freeswap: 0
      pagesize: 4096
      cpus: 16
      cpus-online: 16
      ticks-per-second: 100

metrics:
    - stressor: cpu
      bogo-ops: 17705
      bogo-ops-per-second-usr-sys-time: 1770.050584
      bogo-ops-per-second-real-time: 1770.043806
      wall-clock-time: 10.002577
      user-time: 10.001540
      system-time: 0.000999
      cpu-usage-per-instance: 99.999617
      max-rss: 3792

...
