---
system-info:
      stress-ng-version: 0.17.08
      run-by: root
      date-yyyy-mm-dd: 2024:06:14
      time-hh-mm-ss: 07:20:32
      epoch-secs: 1718349632
      hostname: 4d3ac32fdaf8
      sysname: Linux
      nodename: 4d3ac32fdaf8
      release: 6.8.0-1008-aws
      version: '#8-Ubuntu SMP Sat Apr 20 00:46:25 UTC 2024'
      machine: x86_64
      compiler: 'musl-gcc 13.2.1'
      uptime: 131
      totalram: 32908677120
      freeram: 28500742144
      sharedram: 37031936
      bufferram: 108851200
      totalswap: 0
      freeswap: 0
      pagesize: 4096
      cpus: 16
      cpus-online: 16
      ticks-per-second: 100

metrics:
    - stressor: cpu
      bogo-ops: 61509
      bogo-ops-per-second-usr-sys-time: 3075.493980
      bogo-ops-per-second-real-time: 3075.434565
      wall-clock-time: 20.000100
      user-time: 19.999714
      system-time: 0.000000
      cpu-usage-per-instance: 99.998068
      max-rss: 1104

...
