---
system-info:
      stress-ng-version: 0.17.08
      run-by: root
      date-yyyy-mm-dd: 2024:06:04
      time-hh-mm-ss: 14:45:34
      epoch-secs: 1717512334
      hostname: 4bbcbffa43a8
      sysname: Linux
      nodename: 4bbcbffa43a8
      release: 6.8.0-1008-aws
      version: '#8-Ubuntu SMP Sat Apr 20 00:46:25 UTC 2024'
      machine: x86_64
      compiler: 'musl-gcc 13.2.1'
      uptime: 709
      totalram: 32908673024
      freeram: 27405213696
      sharedram: 37068800
      bufferram: 79761408
      totalswap: 0
      freeswap: 0
      pagesize: 4096
      cpus: 16
      cpus-online: 16
      ticks-per-second: 100

metrics:
    - stressor: cpu
      bogo-ops: 17846
      bogo-ops-per-second-usr-sys-time: 1784.591077
      bogo-ops-per-second-real-time: 1784.570812
      wall-clock-time: 10.000164
      user-time: 9.999051
      system-time: 0.000999
      cpu-usage-per-instance: 99.998864
      max-rss: 4048

...
