BaselineInfo:
  WebDBID: -1
  TimeStamp: 20241108211629
Version:
  Major: 11
  Minor: 0
  Build: 1002
  SpecialBuildName: ""
  ptArchitecture: aarch64_linux
Results:
  Results Complete: true
  NumTestProcesses: 64
  CPU_INTEGER_MATH: 305803.24800000002
  CPU_FLOATINGPOINT_MATH: 304049.19567585428
  CPU_PRIME: 330.18482368454653
  CPU_SORTING: 243153.45873416192
  CPU_ENCRYPTION: 8952.5622977551393
  CPU_COMPRESSION: 339441.12223936623
  CPU_SINGLETHREAD: 1570.3524776495271
  CPU_PHYSICS: 8526.3043935082369
  CPU_MATRIX_MULT_SSE: 52908.382017605843
  CPU_mm: 6955.0767160213172
  CPU_sse: 44330.251493244512
  CPU_fma: 61486.512541967153
  CPU_avx: 0
  CPU_avx512: 0
  m_CPU_enc_SHA: 13553081570.951857
  m_CPU_enc_AES: 5230604531.4026079
  m_CPU_enc_ECDSA: 9378639789.4382095
  ME_ALLOC_S: 31574.60214250983
  ME_READ_S: 19699.894921874999
  ME_READ_L: 19109.3828125
  ME_WRITE: 19758.01953125
  ME_LARGE: 115584.83333333333
  ME_LATENCY: 49.543821797749501
  ME_THREADED: 289745.7109375
  SUMM_CPU: 34723.733059872284
  SUMM_ME: 3154.8797574975915
SystemInformation:
  OSName: Ubuntu 24.04.1 LTS
  Kernel: 6.8.0-1016-aws
  Device: ""
  Processor: ARM Neoverse-V1 64 Core 0 MHz
  NumSockets: 1
  Manufacturer: ARM
  NumCores: 64
  NumLogicals: 64
  CPUFrequency: 0
  Memory: 128534
Checksum: CDED3BC6E6D55C128F3E0D7376272F4ADD7F5DB1