---
system-info:
      stress-ng-version: 0.17.08
      run-by: root
      date-yyyy-mm-dd: 2024:06:15
      time-hh-mm-ss: 08:24:10
      epoch-secs: 1718439850
      hostname: 5f77de0bab6e
      sysname: Linux
      nodename: 5f77de0bab6e
      release: 6.8.0-1008-aws
      version: '#8-Ubuntu SMP Sat Apr 20 02:43:14 UTC 2024'
      machine: aarch64
      compiler: 'musl-gcc 13.2.1'
      uptime: 153
      totalram: 198210940928
      freeram: 193450389504
      sharedram: 34979840
      bufferram: 106405888
      totalswap: 0
      freeswap: 0
      pagesize: 4096
      cpus: 48
      cpus-online: 48
      ticks-per-second: 100

metrics:
    - stressor: cpu
      bogo-ops: 30391
      bogo-ops-per-second-usr-sys-time: 1519.551747
      bogo-ops-per-second-real-time: 1519.544856
      wall-clock-time: 20.000068
      user-time: 19.999977
      system-time: 0.000000
      cpu-usage-per-instance: 99.999546
      max-rss: 1152

...
