---
system-info:
      stress-ng-version: 0.17.08
      run-by: root
      date-yyyy-mm-dd: 2024:06:07
      time-hh-mm-ss: 21:56:21
      epoch-secs: 1717797381
      hostname: 7a501a6ef2b4
      sysname: Linux
      nodename: 7a501a6ef2b4
      release: 6.8.0-1008-aws
      version: '#8-Ubuntu SMP Sat Apr 20 02:43:14 UTC 2024'
      machine: aarch64
      compiler: 'musl-gcc 13.2.1'
      uptime: 169
      totalram: 198210945024
      freeram: 193552363520
      sharedram: 34979840
      bufferram: 93208576
      totalswap: 0
      freeswap: 0
      pagesize: 4096
      cpus: 48
      cpus-online: 48
      ticks-per-second: 100

metrics:
    - stressor: cpu
      bogo-ops: 2940
      bogo-ops-per-second-usr-sys-time: 293.044879
      bogo-ops-per-second-real-time: 293.052790
      wall-clock-time: 10.032322
      user-time: 10.031593
      system-time: 0.001000
      cpu-usage-per-instance: 100.002700
      max-rss: 3840

...
