---
system-info:
      stress-ng-version: 0.17.08
      run-by: root
      date-yyyy-mm-dd: 2024:06:16
      time-hh-mm-ss: 07:21:02
      epoch-secs: 1718522462
      hostname: 1bb50817f015
      sysname: Linux
      nodename: 1bb50817f015
      release: 6.8.0-1008-aws
      version: '#8-Ubuntu SMP Sat Apr 20 00:46:25 UTC 2024'
      machine: x86_64
      compiler: 'musl-gcc 13.2.1'
      uptime: 196
      totalram: 4035907584
      freeram: 175202304
      sharedram: 11616256
      bufferram: 104951808
      totalswap: 0
      freeswap: 0
      pagesize: 4096
      cpus: 2
      cpus-online: 2
      ticks-per-second: 100

metrics:
    - stressor: cpu
      bogo-ops: 11779
      bogo-ops-per-second-usr-sys-time: 589.029725
      bogo-ops-per-second-real-time: 588.941463
      wall-clock-time: 20.000290
      user-time: 19.997293
      system-time: 0.000000
      cpu-usage-per-instance: 99.985016
      max-rss: 1104

...
