---
system-info:
      stress-ng-version: 0.17.08
      run-by: root
      date-yyyy-mm-dd: 2024:06:10
      time-hh-mm-ss: 04:45:15
      epoch-secs: 1717994715
      hostname: 07db41a21e8c
      sysname: Linux
      nodename: 07db41a21e8c
      release: 6.8.0-1008-aws
      version: '#8-Ubuntu SMP Sat Apr 20 00:46:25 UTC 2024'
      machine: x86_64
      compiler: 'musl-gcc 13.2.1'
      uptime: 193
      totalram: 4035907584
      freeram: 180707328
      sharedram: 11616256
      bufferram: 112787456
      totalswap: 0
      freeswap: 0
      pagesize: 4096
      cpus: 2
      cpus-online: 2
      ticks-per-second: 100

metrics:
    - stressor: cpu
      bogo-ops: 9258
      bogo-ops-per-second-usr-sys-time: 925.933983
      bogo-ops-per-second-real-time: 925.679675
      wall-clock-time: 10.001300
      user-time: 9.994678
      system-time: 0.003875
      cpu-usage-per-instance: 99.972535
      max-rss: 3792

...
