BaselineInfo:
  WebDBID: -1
  TimeStamp: 20241107234427
Version:
  Major: 11
  Minor: 0
  Build: 1002
  SpecialBuildName: ""
  ptArchitecture: x86_64_linux
Results:
  Results Complete: true
  NumTestProcesses: 12
  CPU_INTEGER_MATH: 43175.313000000002
  CPU_FLOATINGPOINT_MATH: 36125.624790666101
  CPU_PRIME: 117.85919547827788
  CPU_SORTING: 26163.768408017444
  CPU_ENCRYPTION: 5556.4699197870377
  CPU_COMPRESSION: 218850.60574312368
  CPU_SINGLETHREAD: 1843.4852877748929
  CPU_PHYSICS: 1734.6013670441998
  CPU_MATRIX_MULT_SSE: 18368.885581026901
  CPU_mm: 2001.7481098042663
  CPU_sse: 7518.79751696517
  CPU_fma: 24548.9195125808
  CPU_avx: 16379.951962199837
  CPU_avx512: 25027.873332361807
  m_CPU_enc_SHA: 3051732598.5594821
  m_CPU_enc_AES: 11748379959.355391
  m_CPU_enc_ECDSA: 2679030449.9169645
  ME_ALLOC_S: 7922.5315374572547
  ME_READ_S: 21729.069140625001
  ME_READ_L: 11408.076171875
  ME_WRITE: 10226.5478515625
  ME_LARGE: 37999.5
  ME_LATENCY: 48.729697633761155
  ME_THREADED: 86170.25146484375
  SUMM_CPU: 15897.193401617913
  SUMM_ME: 2635.0325369722304
SystemInformation:
  OSName: Ubuntu 24.04.1 LTS
  Kernel: 6.8.0-1017-azure
  Device: ""
  Processor: Intel Xeon Platinum 8272CL CPU @ 2.60GHz
  NumSockets: 1
  Manufacturer: GenuineIntel
  NumCores: 12
  NumLogicals: 12
  CPUFrequency: 0
  Memory: 48170
  MemModuleInfo:
    iNumMemSticks: 2
    DIMM 1:
      manufacturer: Microsoft Corporation
      modulePartNo: None
      memType: Unknown
      size: 1
      clkspeed: 0
      moduleVoltage: 0
    DIMM 2:
      manufacturer: Microsoft Corporation
      modulePartNo: None
      memType: Unknown
      size: 47
      clkspeed: 0
      moduleVoltage: 0
Checksum: 983915DD4591B8F421E216A0BCAF86466B46C15F