---
system-info:
      stress-ng-version: 0.17.08
      run-by: root
      date-yyyy-mm-dd: 2024:06:08
      time-hh-mm-ss: 20:54:48
      epoch-secs: 1717880088
      hostname: 75ce1a855258
      sysname: Linux
      nodename: 75ce1a855258
      release: 6.8.0-1008-aws
      version: '#8-Ubuntu SMP Sat Apr 20 02:43:14 UTC 2024'
      machine: aarch64
      compiler: 'musl-gcc 13.2.1'
      uptime: 114
      totalram: 132652302336
      freeram: 127983136768
      sharedram: 34951168
      bufferram: 105332736
      totalswap: 0
      freeswap: 0
      pagesize: 4096
      cpus: 32
      cpus-online: 32
      ticks-per-second: 100

metrics:
    - stressor: cpu
      bogo-ops: 4267
      bogo-ops-per-second-usr-sys-time: 425.093571
      bogo-ops-per-second-real-time: 425.078969
      wall-clock-time: 10.038135
      user-time: 10.037790
      system-time: 0.000000
      cpu-usage-per-instance: 99.996565
      max-rss: 4096

...
