---
system-info:
      stress-ng-version: 0.17.08
      run-by: root
      date-yyyy-mm-dd: 2024:06:15
      time-hh-mm-ss: 05:40:17
      epoch-secs: 1718430017
      hostname: 7f2653470cb1
      sysname: Linux
      nodename: 7f2653470cb1
      release: 6.8.0-1008-aws
      version: '#8-Ubuntu SMP Sat Apr 20 02:43:14 UTC 2024'
      machine: aarch64
      compiler: 'musl-gcc 13.2.1'
      uptime: 141
      totalram: 132652302336
      freeram: 128081137664
      sharedram: 34951168
      bufferram: 109260800
      totalswap: 0
      freeswap: 0
      pagesize: 4096
      cpus: 32
      cpus-online: 32
      ticks-per-second: 100

metrics:
    - stressor: cpu
      bogo-ops: 30632
      bogo-ops-per-second-usr-sys-time: 1531.584837
      bogo-ops-per-second-real-time: 1531.593190
      wall-clock-time: 20.000089
      user-time: 20.000198
      system-time: 0.000000
      cpu-usage-per-instance: 100.000545
      max-rss: 1024

...
