BaselineInfo:
  WebDBID: -1
  TimeStamp: 20241107155713
Version:
  Major: 11
  Minor: 0
  Build: 1002
  SpecialBuildName: ""
  ptArchitecture: x86_64_linux
Results:
  Results Complete: true
  NumTestProcesses: 2
  CPU_INTEGER_MATH: 8223.2673333333332
  CPU_FLOATINGPOINT_MATH: 4594.8065883800846
  CPU_PRIME: 19.867549699183879
  CPU_SORTING: 4652.7311786008977
  CPU_ENCRYPTION: 2155.1346219917896
  CPU_COMPRESSION: 32305.079032548052
  CPU_SINGLETHREAD: 2334.2074027234826
  CPU_PHYSICS: 399.87338932038949
  CPU_MATRIX_MULT_SSE: 1759.3162013398892
  CPU_mm: 224.19069362912435
  CPU_sse: 950.95742365027252
  CPU_fma: 2591.8887490721168
  CPU_avx: 1735.1024312972784
  CPU_avx512: 0
  m_CPU_enc_SHA: 3123334758.9904146
  m_CPU_enc_AES: 1998099040.6631656
  m_CPU_enc_ECDSA: 1658033524.5154078
  ME_ALLOC_S: 946.67361161196504
  ME_READ_S: 24240.201562499999
  ME_READ_L: 18089.01171875
  ME_WRITE: 17617.87109375
  ME_LARGE: 22178
  ME_LATENCY: 64.62431677760604
  ME_THREADED: 22277.6591796875
  SUMM_CPU: 3141.1525869354055
  SUMM_ME: 2142.3912941209187
SystemInformation:
  OSName: Ubuntu 24.04.1 LTS
  Kernel: 6.8.0-1017-azure
  Device: ""
  Processor: AMD EPYC 7763 64-Core Processor
  NumSockets: 1
  Manufacturer: AuthenticAMD
  NumCores: 1
  NumLogicals: 2
  CPUFrequency: 0
  Memory: 32094
  MemModuleInfo:
    iNumMemSticks: 2
    DIMM 1:
      manufacturer: Microsoft Corporation
      modulePartNo: None
      memType: Unknown
      size: 1
      clkspeed: 0
      moduleVoltage: 0
    DIMM 2:
      manufacturer: Microsoft Corporation
      modulePartNo: None
      memType: Unknown
      size: 31
      clkspeed: 0
      moduleVoltage: 0
Checksum: BCC36B1EFB603B4B54086F39DD9C87842B164EAF