BaselineInfo:
  WebDBID: -1
  TimeStamp: 20241114163517
Version:
  Major: 11
  Minor: 0
  Build: 1002
  SpecialBuildName: ""
  ptArchitecture: aarch64_linux
Results:
  Results Complete: true
  NumTestProcesses: 2
  CPU_INTEGER_MATH: 7771.3760000000002
  CPU_FLOATINGPOINT_MATH: 5941.1959367699783
  CPU_PRIME: 10.380650177456221
  CPU_SORTING: 5474.5476523124034
  CPU_ENCRYPTION: 268.35064956530323
  CPU_COMPRESSION: 8881.0307390980779
  CPU_SINGLETHREAD: 1091.6221189091391
  CPU_PHYSICS: 269.59026525223078
  CPU_MATRIX_MULT_SSE: 1234.6597144824809
  CPU_mm: 204.30669416547397
  CPU_sse: 1035.6865501459961
  CPU_fma: 1433.6328788189658
  CPU_avx: 0
  CPU_avx512: 0
  m_CPU_enc_SHA: 404212266.74379331
  m_CPU_enc_AES: 186856726.5161058
  m_CPU_enc_ECDSA: 253089158.895863
  ME_ALLOC_S: 1220.8295313748226
  ME_READ_S: 8022.4944335937498
  ME_READ_L: 8948.5771484375
  ME_WRITE: 11421.2001953125
  ME_LARGE: 618.83333333333337
  ME_LATENCY: 77.403590951482059
  ME_THREADED: 14074.83935546875
  SUMM_CPU: 1324.9476413663829
  SUMM_ME: 804.83812156213264
SystemInformation:
  OSName: Ubuntu 24.04.1 LTS
  Kernel: 6.8.0-1018-aws
  Device: ""
  Processor: ARM Neoverse-N1 2 Core 0 MHz
  NumSockets: 1
  Manufacturer: ARM
  NumCores: 2
  NumLogicals: 2
  CPUFrequency: 0
  Memory: 1842
Checksum: 9CC20C314DD9C72144D1AF2B495772E28D64A260