BaselineInfo:
  WebDBID: -1
  TimeStamp: 20241115091909
Version:
  Major: 11
  Minor: 0
  Build: 1002
  SpecialBuildName: ""
  ptArchitecture: aarch64_linux
Results:
  Results Complete: true
  NumTestProcesses: 2
  CPU_INTEGER_MATH: 7812.6980000000003
  CPU_FLOATINGPOINT_MATH: 5939.6237505505424
  CPU_PRIME: 14.592932943926211
  CPU_SORTING: 5542.3110863320871
  CPU_ENCRYPTION: 267.67594799239743
  CPU_COMPRESSION: 8939.8102939975925
  CPU_SINGLETHREAD: 1100.2558737766242
  CPU_PHYSICS: 284.09094571934855
  CPU_MATRIX_MULT_SSE: 1228.6863147858749
  CPU_mm: 204.92073264159879
  CPU_sse: 1029.0449398720493
  CPU_fma: 1428.3276896997004
  CPU_avx: 0
  CPU_avx512: 0
  m_CPU_enc_SHA: 405837449.9064548
  m_CPU_enc_AES: 187172856.6963762
  m_CPU_enc_ECDSA: 249025417.92339733
  ME_ALLOC_S: 1249.7445503136241
  ME_READ_S: 9444.56640625
  ME_READ_L: 9070.05859375
  ME_WRITE: 12343.986328125
  ME_LARGE: 587.08333333333337
  ME_LATENCY: 74.516264240244766
  ME_THREADED: 17949.0595703125
  SUMM_CPU: 1339.4480557987788
  SUMM_ME: 830.10148102713299
SystemInformation:
  OSName: Ubuntu 24.04.1 LTS
  Kernel: 6.8.0-1018-aws
  Device: ""
  Processor: ARM Neoverse-N1 2 Core 0 MHz
  NumSockets: 1
  Manufacturer: ARM
  NumCores: 2
  NumLogicals: 2
  CPUFrequency: 0
  Memory: 1842
Checksum: 7048D8DC265588FB941D422ABCFCF8F60A3AA465