BaselineInfo:
  WebDBID: -1
  TimeStamp: 20241106214332
Version:
  Major: 11
  Minor: 0
  Build: 1002
  SpecialBuildName: ""
  ptArchitecture: aarch64_linux
Results:
  Results Complete: true
  NumTestProcesses: 2
  CPU_INTEGER_MATH: 6355.0206666666672
  CPU_FLOATINGPOINT_MATH: 5944.5919061155546
  CPU_PRIME: 14.097153980530386
  CPU_SORTING: 5535.2939467254419
  CPU_ENCRYPTION: 266.59154445257951
  CPU_COMPRESSION: 8784.2930029929594
  CPU_SINGLETHREAD: 1104.1174797510901
  CPU_PHYSICS: 284.95090960981793
  CPU_MATRIX_MULT_SSE: 921.84958049038687
  CPU_mm: 207.01308650221057
  CPU_sse: 980.61820160118782
  CPU_fma: 863.08095937958592
  CPU_avx: 0
  CPU_avx512: 0
  m_CPU_enc_SHA: 398377598.24008614
  m_CPU_enc_AES: 185951993.20130414
  m_CPU_enc_ECDSA: 254294894.50633365
  ME_ALLOC_S: 1238.4099595820439
  ME_READ_S: 9412.6482421875007
  ME_READ_L: 8927.2685546875
  ME_WRITE: 11570.849609375
  ME_LARGE: 590.25
  ME_LATENCY: 80.11870795343836
  ME_THREADED: 17786.62109375
  SUMM_CPU: 1266.8732145545364
  SUMM_ME: 816.92127285949107
SystemInformation:
  OSName: Ubuntu 24.04.1 LTS
  Kernel: 6.8.0-1016-aws
  Device: ""
  Processor: ARM Neoverse-N1 2 Core 0 MHz
  NumSockets: 1
  Manufacturer: ARM
  NumCores: 2
  NumLogicals: 2
  CPUFrequency: 0
  Memory: 1842
Checksum: 52C6F173FDF978089D3DB57577448CC54D453FC5