BaselineInfo:
  WebDBID: -1
  TimeStamp: 20241107184339
Version:
  Major: 11
  Minor: 0
  Build: 1002
  SpecialBuildName: ""
  ptArchitecture: x86_64_linux
Results:
  Results Complete: true
  NumTestProcesses: 8
  CPU_INTEGER_MATH: 32058.133000000002
  CPU_FLOATINGPOINT_MATH: 23025.174448017002
  CPU_PRIME: 66.58881585679444
  CPU_SORTING: 16786.088968733966
  CPU_ENCRYPTION: 7015.3947437077186
  CPU_COMPRESSION: 121079.40355385494
  CPU_SINGLETHREAD: 2535.5781246396773
  CPU_PHYSICS: 1574.5881511374255
  CPU_MATRIX_MULT_SSE: 9025.0642429598083
  CPU_mm: 890.51552151220596
  CPU_sse: 3859.5868011158773
  CPU_fma: 10261.10053015525
  CPU_avx: 7632.9973005142729
  CPU_avx512: 14346.57234005383
  m_CPU_enc_SHA: 7403901583.4509373
  m_CPU_enc_AES: 9629999827.51688
  m_CPU_enc_ECDSA: 5034622265.3663788
  ME_ALLOC_S: 3783.1606946992097
  ME_READ_S: 22901.393359375001
  ME_READ_L: 7325.91796875
  ME_WRITE: 6984.890625
  ME_LARGE: 5992.416666666667
  ME_LATENCY: 74.844556237334643
  ME_THREADED: 43351.673828125
  SUMM_CPU: 12045.5727145531
  SUMM_ME: 1718.2200100115538
SystemInformation:
  OSName: Ubuntu 24.04.1 LTS
  Kernel: 6.8.0-1015-gcp
  Device: ""
  Processor: INTEL XEON PLATINUM 8581C CPU @ 2.10GHz
  NumSockets: 1
  Manufacturer: GenuineIntel
  NumCores: 4
  NumLogicals: 8
  CPUFrequency: 0
  Memory: 15988
  MemModuleInfo:
    iNumMemSticks: 1
    DIMM 1:
      manufacturer: ""
      modulePartNo: ""
      memType: RAM
      size: 16
      clkspeed: 0
      moduleVoltage: 0
Checksum: 72186808873B39747D1615552DEA88A398EC0FE1