---
system-info:
      stress-ng-version: 0.17.08
      run-by: root
      date-yyyy-mm-dd: 2024:08:30
      time-hh-mm-ss: 07:27:12
      epoch-secs: 1725002832
      hostname: sc-runner
      sysname: Linux
      nodename: sc-runner
      release: 6.8.0-1013-azure
      version: '#15-Ubuntu SMP Thu Aug  8 18:40:40 UTC 2024'
      machine: x86_64
      compiler: 'musl-gcc 13.2.1'
      uptime: 362
      totalram: 8323645440
      freeram: 250454016
      sharedram: 42016768
      bufferram: 194945024
      totalswap: 0
      freeswap: 0
      pagesize: 4096
      cpus: 2
      cpus-online: 2
      ticks-per-second: 100

metrics:
    - stressor: cpu
      bogo-ops: 36936
      bogo-ops-per-second-usr-sys-time: 933.912540
      bogo-ops-per-second-real-time: 1846.791524
      wall-clock-time: 20.000092
      user-time: 39.533785
      system-time: 0.015957
      cpu-usage-per-instance: 98.873901
      max-rss: 3252

...
