---
system-info:
      stress-ng-version: 0.17.08
      run-by: root
      date-yyyy-mm-dd: 2024:09:16
      time-hh-mm-ss: 09:43:38
      epoch-secs: 1726479818
      hostname: sc-runner
      sysname: Linux
      nodename: sc-runner
      release: 6.8.0-1014-azure
      version: '#16-Ubuntu SMP Thu Aug 15 20:04:41 UTC 2024'
      machine: x86_64
      compiler: 'musl-gcc 13.2.1'
      uptime: 344
      totalram: 33652326400
      freeram: 23602380800
      sharedram: 42049536
      bufferram: 231034880
      totalswap: 0
      freeswap: 0
      pagesize: 4096
      cpus: 4
      cpus-online: 4
      ticks-per-second: 100

metrics:
    - stressor: cpu
      bogo-ops: 28188
      bogo-ops-per-second-usr-sys-time: 1409.446441
      bogo-ops-per-second-real-time: 1409.393279
      wall-clock-time: 20.000095
      user-time: 19.997342
      system-time: 0.001999
      cpu-usage-per-instance: 99.996228
      max-rss: 3152

...
