---
system-info:
      stress-ng-version: 0.17.08
      run-by: root
      date-yyyy-mm-dd: 2024:06:15
      time-hh-mm-ss: 19:55:41
      epoch-secs: 1718481341
      hostname: 1651228fb47d
      sysname: Linux
      nodename: 1651228fb47d
      release: 6.8.0-1008-aws
      version: '#8-Ubuntu SMP Sat Apr 20 00:46:25 UTC 2024'
      machine: x86_64
      compiler: 'musl-gcc 13.2.1'
      uptime: 170
      totalram: 1065117110272
      freeram: 1058804969472
      sharedram: 117067776
      bufferram: 112418816
      totalswap: 0
      freeswap: 0
      pagesize: 4096
      cpus: 128
      cpus-online: 128
      ticks-per-second: 100

metrics:
    - stressor: cpu
      bogo-ops: 37790
      bogo-ops-per-second-usr-sys-time: 1889.476948
      bogo-ops-per-second-real-time: 1889.495270
      wall-clock-time: 20.000050
      user-time: 20.000244
      system-time: 0.000000
      cpu-usage-per-instance: 100.000970
      max-rss: 0

...
