---
system-info:
      stress-ng-version: 0.17.08
      run-by: root
      date-yyyy-mm-dd: 2024:06:09
      time-hh-mm-ss: 17:19:59
      epoch-secs: 1717953599
      hostname: adf2d26af0cb
      sysname: Linux
      nodename: adf2d26af0cb
      release: 6.8.0-1008-aws
      version: '#8-Ubuntu SMP Sat Apr 20 00:46:25 UTC 2024'
      machine: x86_64
      compiler: 'musl-gcc 13.2.1'
      uptime: 152
      totalram: 1065117122560
      freeram: 1058553634816
      sharedram: 117067776
      bufferram: 112422912
      totalswap: 0
      freeswap: 0
      pagesize: 4096
      cpus: 128
      cpus-online: 128
      ticks-per-second: 100

metrics:
    - stressor: cpu
      bogo-ops: 16775
      bogo-ops-per-second-usr-sys-time: 1677.273400
      bogo-ops-per-second-real-time: 1677.285256
      wall-clock-time: 10.001280
      user-time: 10.001351
      system-time: 0.000000
      cpu-usage-per-instance: 100.000707
      max-rss: 3072

...
