---
system-info:
      stress-ng-version: 0.17.08
      run-by: root
      date-yyyy-mm-dd: 2024:06:08
      time-hh-mm-ss: 04:41:44
      epoch-secs: 1717821704
      hostname: 3f2cc915b7cd
      sysname: Linux
      nodename: 3f2cc915b7cd
      release: 6.8.0-1008-aws
      version: '#8-Ubuntu SMP Sat Apr 20 00:46:25 UTC 2024'
      machine: x86_64
      compiler: 'musl-gcc 13.2.1'
      uptime: 114
      totalram: 811214786560
      freeram: 804791754752
      sharedram: 78774272
      bufferram: 97447936
      totalswap: 0
      freeswap: 0
      pagesize: 4096
      cpus: 96
      cpus-online: 96
      ticks-per-second: 100

metrics:
    - stressor: cpu
      bogo-ops: 990316
      bogo-ops-per-second-usr-sys-time: 1032.189008
      bogo-ops-per-second-real-time: 99016.681490
      wall-clock-time: 10.001507
      user-time: 959.316872
      system-time: 0.115938
      cpu-usage-per-instance: 99.925862
      max-rss: 3072

...
