---
system-info:
      stress-ng-version: 0.17.08
      run-by: root
      date-yyyy-mm-dd: 2024:06:13
      time-hh-mm-ss: 17:56:00
      epoch-secs: 1718301360
      hostname: b047df013ff9
      sysname: Linux
      nodename: b047df013ff9
      release: 6.8.0-1008-aws
      version: '#8-Ubuntu SMP Sat Apr 20 00:46:25 UTC 2024'
      machine: x86_64
      compiler: 'musl-gcc 13.2.1'
      uptime: 142
      totalram: 811214794752
      freeram: 804820475904
      sharedram: 78774272
      bufferram: 105697280
      totalswap: 0
      freeswap: 0
      pagesize: 4096
      cpus: 96
      cpus-online: 96
      ticks-per-second: 100

metrics:
    - stressor: cpu
      bogo-ops: 1639260
      bogo-ops-per-second-usr-sys-time: 854.231045
      bogo-ops-per-second-real-time: 81962.625924
      wall-clock-time: 20.000091
      user-time: 1918.936048
      system-time: 0.052977
      cpu-usage-per-instance: 99.946889
      max-rss: 768

...
