BaselineInfo:
  WebDBID: -1
  TimeStamp: 20250212031545
Version:
  Major: 11
  Minor: 0
  Build: 1002
  SpecialBuildName: ""
  ptArchitecture: x86_64_linux
Results:
  Results Complete: true
  NumTestProcesses: 8
  CPU_INTEGER_MATH: 38247.10833333333
  CPU_FLOATINGPOINT_MATH: 27119.952841822476
  CPU_PRIME: 79.973308346500531
  CPU_SORTING: 19433.449808674384
  CPU_ENCRYPTION: 8465.2118497847678
  CPU_COMPRESSION: 139691.15653171492
  CPU_SINGLETHREAD: 2925.4120098718327
  CPU_PHYSICS: 1842.367337016917
  CPU_MATRIX_MULT_SSE: 11524.740154342542
  CPU_mm: 1082.3125711808145
  CPU_sse: 4693.7006219871619
  CPU_fma: 13341.001400559813
  CPU_avx: 9892.8923160383638
  CPU_avx512: 18171.366278784826
  m_CPU_enc_SHA: 8907778227.1802368
  m_CPU_enc_AES: 11583152302.171822
  m_CPU_enc_ECDSA: 6138323412.4476805
  ME_ALLOC_S: 5297.8415631365551
  ME_READ_S: 26787.233007812501
  ME_READ_L: 10344.232421875
  ME_WRITE: 9558.5224609375
  ME_LARGE: 21016.75
  ME_LATENCY: 57.11382836215946
  ME_THREADED: 62654.90576171875
  SUMM_CPU: 14296.513245095068
  SUMM_ME: 2411.9983208961071
SystemInformation:
  OSName: Ubuntu 24.04.1 LTS
  Kernel: 6.8.0-1021-azure
  Device: ""
  Processor: INTEL XEON PLATINUM 8573C
  NumSockets: 1
  Manufacturer: GenuineIntel
  NumCores: 4
  NumLogicals: 8
  CPUFrequency: 2300
  Memory: 32091
  MemModuleInfo:
    iNumMemSticks: 2
    DIMM 1:
      manufacturer: Microsoft Corporation
      modulePartNo: None
      memType: Unknown
      size: 1
      clkspeed: 0
      moduleVoltage: 0
    DIMM 2:
      manufacturer: Microsoft Corporation
      modulePartNo: None
      memType: Unknown
      size: 31
      clkspeed: 0
      moduleVoltage: 0
Checksum: E53CDA6754316CABCDE1530547319BEDBA8BBE1D