---
system-info:
      stress-ng-version: 0.17.08
      run-by: root
      date-yyyy-mm-dd: 2024:09:20
      time-hh-mm-ss: 09:22:52
      epoch-secs: 1726824172
      hostname: sc-runner
      sysname: Linux
      nodename: sc-runner
      release: 6.8.0-1014-azure
      version: '#16-Ubuntu SMP Thu Aug 15 20:04:41 UTC 2024'
      machine: x86_64
      compiler: 'musl-gcc 13.2.1'
      uptime: 1204
      totalram: 33652326400
      freeram: 23418535936
      sharedram: 38133760
      bufferram: 247250944
      totalswap: 0
      freeswap: 0
      pagesize: 4096
      cpus: 4
      cpus-online: 4
      ticks-per-second: 100

metrics:
    - stressor: cpu
      bogo-ops: 107817
      bogo-ops-per-second-usr-sys-time: 1354.636011
      bogo-ops-per-second-real-time: 5390.833693
      wall-clock-time: 20.000060
      user-time: 79.576137
      system-time: 0.014985
      cpu-usage-per-instance: 99.488602
      max-rss: 3256

...
