---
system-info:
      stress-ng-version: 0.17.08
      run-by: root
      date-yyyy-mm-dd: 2024:09:20
      time-hh-mm-ss: 06:09:31
      epoch-secs: 1726812571
      hostname: sc-runner
      sysname: Linux
      nodename: sc-runner
      release: 6.8.0-1014-azure
      version: '#16-Ubuntu SMP Thu Aug 15 20:04:41 UTC 2024'
      machine: x86_64
      compiler: 'musl-gcc 13.2.1'
      uptime: 313
      totalram: 16766066688
      freeram: 6588030976
      sharedram: 38096896
      bufferram: 245649408
      totalswap: 0
      freeswap: 0
      pagesize: 4096
      cpus: 4
      cpus-online: 4
      ticks-per-second: 100

metrics:
    - stressor: cpu
      bogo-ops: 107732
      bogo-ops-per-second-usr-sys-time: 1354.866691
      bogo-ops-per-second-real-time: 5386.583192
      wall-clock-time: 20.000062
      user-time: 79.501845
      system-time: 0.012989
      cpu-usage-per-instance: 99.393232
      max-rss: 3152

...
