BaselineInfo:
  WebDBID: -1
  TimeStamp: 20241107072420
Version:
  Major: 11
  Minor: 0
  Build: 1002
  SpecialBuildName: ""
  ptArchitecture: aarch64_linux
Results:
  Results Complete: true
  NumTestProcesses: 4
  CPU_INTEGER_MATH: 25186.942333333332
  CPU_FLOATINGPOINT_MATH: 21178.341825129428
  CPU_PRIME: 57.890484037635588
  CPU_SORTING: 20600.008372191143
  CPU_ENCRYPTION: 741.36949460427195
  CPU_COMPRESSION: 27360.909036041518
  CPU_SINGLETHREAD: 1880.248945982479
  CPU_PHYSICS: 1304.1478106123591
  CPU_MATRIX_MULT_SSE: 3574.5487614935764
  CPU_mm: 570.74143093078203
  CPU_sse: 3012.5861689676371
  CPU_fma: 4136.5113540195152
  CPU_avx: 0
  CPU_avx512: 0
  m_CPU_enc_SHA: 1076976497.2452531
  m_CPU_enc_AES: 483962061.60492617
  m_CPU_enc_ECDSA: 771208218.67232776
  ME_ALLOC_S: 5021.0358123016213
  ME_READ_S: 25471.776562499999
  ME_READ_L: 19385.234375
  ME_WRITE: 25712.6875
  ME_LARGE: 918.16666666666663
  ME_LATENCY: 52.504509358696929
  ME_THREADED: 75662.853515625
  SUMM_CPU: 3984.9761798742397
  SUMM_ME: 1499.5345338326349
SystemInformation:
  OSName: Ubuntu 24.04.1 LTS
  Kernel: 6.8.0-1017-azure
  Device: ""
  Processor: ARM Neoverse-N2 4 Core 0 MHz
  NumSockets: 1
  Manufacturer: ARM
  NumCores: 4
  NumLogicals: 4
  CPUFrequency: 0
  Memory: 7922
Checksum: 6F5BD81DCD84408E91D8146CE764A651BFDA7F1C