size_kb,operation,bandwidth_mb_s,latency_ns,latency_stddev_ns,latency_samples,threads,iterations,elapsed_s
32,read,500113.01,0,0,0,8,639386,0.319621
32,write,496978.31,0,0,0,8,470809,0.236836
32,copy,332715.29,0,0,0,8,384024,0.288553
32,latency,0,0.98,0.01,7,1,7,0.141091
128,read,501201.17,0,0,0,8,206270,0.411551
128,write,498030.88,0,0,0,8,195007,0.391556
128,copy,342804.91,0,0,0,8,134192,0.391453
128,latency,0,2.67,0.00,7,1,7,0.670186
512,read,466822.55,0,0,0,8,48952,0.419448
512,write,491027.22,0,0,0,8,55102,0.448871
512,copy,221814.00,0,0,0,8,21409,0.386071
512,latency,0,3.69,0.00,7,1,7,0.693478
1024,read,432187.05,0,0,0,8,25706,0.475831
1024,write,439171.37,0,0,0,8,24591,0.447953
1024,copy,198493.34,0,0,0,8,10020,0.403842
1024,latency,0,6.06,0.01,7,1,7,0.703163
2048,read,393267.51,0,0,0,8,9660,0.393015
2048,write,391602.16,0,0,0,8,11456,0.468067
2048,copy,185532.06,0,0,0,8,5177,0.446457
2048,latency,0,9.75,0.03,7,1,7,0.687114
8192,read,141322.45,0,0,0,8,1439,0.651673
8192,write,140045.64,0,0,0,8,2424,1.107753
8192,copy,40610.19,0,0,0,8,710,1.118931
8192,latency,0,11.41,0.04,7,1,7,0.696790
16384,read,63599.13,0,0,0,8,682,1.372597
16384,write,53811.72,0,0,0,8,755,1.795891
16384,copy,24954.74,0,0,0,8,407,2.087619
16384,latency,0,12.00,1.10,21,1,21,1.938646
32768,read,51370.21,0,0,0,8,330,1.644533
32768,write,34844.17,0,0,0,8,320,2.351039
32768,copy,23644.72,0,0,0,8,190,2.057119
32768,latency,0,22.13,12.91,21,1,21,2.385654
65536,read,48815.22,0,0,0,8,165,1.730608
65536,write,32976.52,0,0,0,8,143,2.220246
65536,copy,23456.39,0,0,0,8,76,1.658908
65536,latency,0,74.26,1.00,7,1,7,3.256756
131072,read,48341.79,0,0,0,8,90,1.906425
131072,write,32767.27,0,0,0,8,67,2.093797
131072,copy,22164.29,0,0,0,8,43,1.986619
131072,latency,0,95.27,0.46,7,1,7,8.230304
