BaselineInfo:
  WebDBID: -1
  TimeStamp: 20260405094952
Version:
  Major: 11
  Minor: 0
  Build: 1004
  SpecialBuildName: ""
  ptArchitecture: x86_64_linux
Results:
  Results Complete: true
  NumTestProcesses: 64
  CPU_INTEGER_MATH: 157839.17699999994
  CPU_FLOATINGPOINT_MATH: 84663.348655624897
  CPU_PRIME: 213.31580130274588
  CPU_SORTING: 93238.318978973781
  CPU_ENCRYPTION: 21668.565844749966
  CPU_COMPRESSION: 720145.46907862648
  CPU_SINGLETHREAD: 1664.7532265233579
  CPU_PHYSICS: 3755.5532899561649
  CPU_MATRIX_MULT_SSE: 49834.30461044197
  CPU_mm: 4808.0225788013631
  CPU_sse: 17320.121304402001
  CPU_fma: 58651.613030717417
  CPU_avx: 41457.109652692852
  CPU_avx512: 81908.374453955621
  m_CPU_enc_SHA: 7112133093.4645729
  m_CPU_enc_AES: 54607525825.965111
  m_CPU_enc_ECDSA: 6443755378.2439194
  ME_ALLOC_S: 17078.523518928469
  ME_READ_S: 19252.8212890625
  ME_READ_L: 6939.19140625
  ME_WRITE: 7126.203125
  ME_LARGE: 49526.083333333336
  ME_LATENCY: 73.309942804706637
  ME_THREADED: 145178.66674804688
  SUMM_CPU: 38537.286370114314
  SUMM_ME: 1922.3177112212645
SystemInformation:
  OSName: Ubuntu 24.04.4 LTS
  Kernel: 6.8.0-106-generic
  Device: ""
  Processor: Intel(R) Xeon(R) Platinum 8269CY CPU @ 2.50GHz
  NumSockets: 1
  Manufacturer: GenuineIntel
  NumCores: 32
  NumLogicals: 64
  CPUFrequency: 0
  CPUMaxFrequency: 0
  Memory: 63770
  CPUInfo:
    number: 1
    Family: 6
    Model: 5
    stepping: 7
    features: 529267711
    manufacture: GenuineIntel
    typestring: Intel(R) Xeon(R) Platinum 8269CY CPU @ 2.50GHz
    iCoresPerPackage: 32
    iThreadsPerPackage: 2
    featuresEx:
      - 529267711
      - 4277809667
      - 739248128
    bHybrid: false
    nPCore: 0
    nLogicalsPerPCore: 0
    nECore: 0
    nLogicalsPerECore: 0
  MemModuleInfo:
    iNumMemSticks: 4
    DIMM 1:
      manufacturer: Alibaba Cloud
      modulePartNo: Not Specified
      memType: RAM
      size: 16
      clkspeed: 0
      moduleVoltage: 0
    DIMM 2:
      manufacturer: Alibaba Cloud
      modulePartNo: Not Specified
      memType: RAM
      size: 16
      clkspeed: 0
      moduleVoltage: 0
    DIMM 3:
      manufacturer: Alibaba Cloud
      modulePartNo: Not Specified
      memType: RAM
      size: 16
      clkspeed: 0
      moduleVoltage: 0
    DIMM 4:
      manufacturer: Alibaba Cloud
      modulePartNo: Not Specified
      memType: RAM
      size: 16
      clkspeed: 0
      moduleVoltage: 0
Checksum: 042C6AEA0AD58BD228FCE8674DCD634B83A3B718