BaselineInfo:
  WebDBID: -1
  TimeStamp: 20260405002954
Version:
  Major: 11
  Minor: 0
  Build: 1004
  SpecialBuildName: ""
  ptArchitecture: x86_64_linux
Results:
  Results Complete: true
  NumTestProcesses: 32
  CPU_INTEGER_MATH: 78749.555333333323
  CPU_FLOATINGPOINT_MATH: 42262.231590875417
  CPU_PRIME: 103.9948864918907
  CPU_SORTING: 46445.720973153671
  CPU_ENCRYPTION: 10872.125648660862
  CPU_COMPRESSION: 366076.46923937323
  CPU_SINGLETHREAD: 1692.7568600539844
  CPU_PHYSICS: 2039.092095213676
  CPU_MATRIX_MULT_SSE: 23771.921079667347
  CPU_mm: 2287.3862197766871
  CPU_sse: 8540.6308962687381
  CPU_fma: 29200.527404526954
  CPU_avx: 20595.860681503913
  CPU_avx512: 36750.66533636977
  m_CPU_enc_SHA: 3551126345.7558622
  m_CPU_enc_AES: 27427449304.87191
  m_CPU_enc_ECDSA: 3222174421.8828573
  ME_ALLOC_S: 8482.3293994814885
  ME_READ_S: 19391.795703125001
  ME_READ_L: 6847.1298828125
  ME_WRITE: 7324.0869140625
  ME_LARGE: 49855.083333333336
  ME_LATENCY: 81.047540863122435
  ME_THREADED: 75887.3203125
  SUMM_CPU: 22982.482628836868
  SUMM_ME: 1809.9618260915029
SystemInformation:
  OSName: Ubuntu 24.04.4 LTS
  Kernel: 6.8.0-106-generic
  Device: ""
  Processor: Intel(R) Xeon(R) Platinum 8163 CPU @ 2.50GHz
  NumSockets: 1
  Manufacturer: GenuineIntel
  NumCores: 16
  NumLogicals: 32
  CPUFrequency: 2500
  CPUMaxFrequency: 3100
  Memory: 63782
  CPUInfo:
    number: 1
    Family: 6
    Model: 5
    stepping: 4
    features: 529267711
    manufacture: GenuineIntel
    typestring: Intel(R) Xeon(R) Platinum 8163 CPU @ 2.50GHz
    iCoresPerPackage: 16
    iThreadsPerPackage: 2
    featuresEx:
      - 529267711
      - 4294586883
      - 739248128
    bHybrid: false
    nPCore: 0
    nLogicalsPerPCore: 0
    nECore: 0
    nLogicalsPerECore: 0
  MemModuleInfo:
    iNumMemSticks: 4
    DIMM 1:
      manufacturer: Alibaba Cloud
      modulePartNo: Not Specified
      memType: RAM
      size: 16
      clkspeed: 0
      moduleVoltage: 0
    DIMM 2:
      manufacturer: Alibaba Cloud
      modulePartNo: Not Specified
      memType: RAM
      size: 16
      clkspeed: 0
      moduleVoltage: 0
    DIMM 3:
      manufacturer: Alibaba Cloud
      modulePartNo: Not Specified
      memType: RAM
      size: 16
      clkspeed: 0
      moduleVoltage: 0
    DIMM 4:
      manufacturer: Alibaba Cloud
      modulePartNo: Not Specified
      memType: RAM
      size: 16
      clkspeed: 0
      moduleVoltage: 0
Checksum: 2F4025DE80FB719874E3271F80A14C9585184782