---
system-info:
      stress-ng-version: 0.17.08
      run-by: root
      date-yyyy-mm-dd: 2024:06:09
      time-hh-mm-ss: 18:54:49
      epoch-secs: 1717959289
      hostname: 4055b8b5e425
      sysname: Linux
      nodename: 4055b8b5e425
      release: 6.8.0-1008-aws
      version: '#8-Ubuntu SMP Sat Apr 20 00:46:25 UTC 2024'
      machine: x86_64
      compiler: 'musl-gcc 13.2.1'
      uptime: 120
      totalram: 16469909504
      freeram: 11966943232
      sharedram: 59867136
      bufferram: 110678016
      totalswap: 0
      freeswap: 0
      pagesize: 4096
      cpus: 2
      cpus-online: 2
      ticks-per-second: 100

metrics:
    - stressor: cpu
      bogo-ops: 24448
      bogo-ops-per-second-usr-sys-time: 1236.120692
      bogo-ops-per-second-real-time: 2444.425641
      wall-clock-time: 10.001531
      user-time: 19.776010
      system-time: 0.001994
      cpu-usage-per-instance: 98.874877
      max-rss: 3920

...
