---
system-info:
      stress-ng-version: 0.17.08
      run-by: root
      date-yyyy-mm-dd: 2024:06:15
      time-hh-mm-ss: 21:19:26
      epoch-secs: 1718486366
      hostname: 8bd1af768055
      sysname: Linux
      nodename: 8bd1af768055
      release: 6.8.0-1008-aws
      version: '#8-Ubuntu SMP Sat Apr 20 00:46:25 UTC 2024'
      machine: x86_64
      compiler: 'musl-gcc 13.2.1'
      uptime: 119
      totalram: 16469917696
      freeram: 12134285312
      sharedram: 59867136
      bufferram: 108761088
      totalswap: 0
      freeswap: 0
      pagesize: 4096
      cpus: 2
      cpus-online: 2
      ticks-per-second: 100

metrics:
    - stressor: cpu
      bogo-ops: 38441
      bogo-ops-per-second-usr-sys-time: 967.608098
      bogo-ops-per-second-real-time: 1922.037158
      wall-clock-time: 20.000134
      user-time: 39.725872
      system-time: 0.001989
      cpu-usage-per-instance: 99.318989
      max-rss: 1104

...
