BaselineInfo:
  WebDBID: -1
  TimeStamp: 20241109000305
Version:
  Major: 11
  Minor: 0
  Build: 1002
  SpecialBuildName: ""
  ptArchitecture: x86_64_linux
Results:
  Results Complete: true
  NumTestProcesses: 32
  CPU_INTEGER_MATH: 134678.31433333331
  CPU_FLOATINGPOINT_MATH: 68853.909121092816
  CPU_PRIME: 187.33798617428334
  CPU_SORTING: 68632.168452815924
  CPU_ENCRYPTION: 29223.313717086017
  CPU_COMPRESSION: 490256.41848579416
  CPU_SINGLETHREAD: 2433.4359895854614
  CPU_PHYSICS: 3298.8196705245
  CPU_MATRIX_MULT_SSE: 28348.771971808972
  CPU_mm: 2899.5005512917796
  CPU_sse: 12773.073197370446
  CPU_fma: 35085.749915732071
  CPU_avx: 25913.995264043417
  CPU_avx512: 39622.269510089958
  m_CPU_enc_SHA: 29544775940.488037
  m_CPU_enc_AES: 44373023238.549576
  m_CPU_enc_ECDSA: 18010797033.583977
  ME_ALLOC_S: 15078.574219530681
  ME_READ_S: 24187.696875000001
  ME_READ_L: 11637.28515625
  ME_WRITE: 10420.2255859375
  ME_LARGE: 117843.16666666667
  ME_LATENCY: 53.575306485594901
  ME_THREADED: 133760.38891601562
  SUMM_CPU: 36837.515539852138
  SUMM_ME: 2710.0476353056802
SystemInformation:
  OSName: Ubuntu 24.04.1 LTS
  Kernel: 6.8.0-1017-azure
  Device: ""
  Processor: Intel Xeon Platinum 8370C CPU @ 2.80GHz
  NumSockets: 1
  Manufacturer: GenuineIntel
  NumCores: 16
  NumLogicals: 32
  CPUFrequency: 2800
  Memory: 128802
  MemModuleInfo:
    iNumMemSticks: 3
    DIMM 1:
      manufacturer: Microsoft Corporation
      modulePartNo: None
      memType: Unknown
      size: 1
      clkspeed: 0
      moduleVoltage: 0
    DIMM 2:
      manufacturer: Microsoft Corporation
      modulePartNo: None
      memType: Unknown
      size: 59
      clkspeed: 0
      moduleVoltage: 0
    DIMM 3:
      manufacturer: Microsoft Corporation
      modulePartNo: None
      memType: Unknown
      size: 68
      clkspeed: 0
      moduleVoltage: 0
Checksum: C51406FBC6DA23C92F70A9CCC5CABCBCB3EFC56E