BaselineInfo:
  WebDBID: -1
  TimeStamp: 20260611141115
Version:
  Major: 11
  Minor: 0
  Build: 1004
  SpecialBuildName: ""
  ptArchitecture: aarch64_linux
Results:
  Results Complete: true
  NumTestProcesses: 48
  CPU_INTEGER_MATH: 293876.88099999999
  CPU_FLOATINGPOINT_MATH: 367360.14378343336
  CPU_PRIME: 589.33024755091833
  CPU_SORTING: 247364.25809374673
  CPU_ENCRYPTION: 14326.668536788407
  CPU_COMPRESSION: 448163.03165697906
  CPU_SINGLETHREAD: 2467.8442913095919
  CPU_PHYSICS: 10681.450230383918
  CPU_MATRIX_MULT_SSE: 64637.366295555272
  CPU_mm: 6481.3037683427019
  CPU_sse: 51297.263140620933
  CPU_fma: 77977.469450489603
  CPU_avx: 0
  CPU_avx512: 0
  m_CPU_enc_SHA: 24293840632.075493
  m_CPU_enc_AES: 6644243420.5133877
  m_CPU_enc_ECDSA: 14129718310.305452
  ME_ALLOC_S: 46541.539221571067
  ME_READ_S: 24910.769335937501
  ME_READ_L: 24689.048828125
  ME_WRITE: 24940.623046875
  ME_LARGE: 179223.5
  ME_LATENCY: 26.580851170738853
  ME_THREADED: 202805.46704101562
  SUMM_CPU: 49412.887738765246
  SUMM_ME: 4657.5664494761641
SystemInformation:
  OSName: Ubuntu 24.04.4 LTS
  Kernel: 6.17.0-1017-aws
  Device: ""
  Processor: ARM Neoverse-V3 48 Core 0 MHz
  NumSockets: 1
  Manufacturer: ARM
  NumCores: 48
  NumLogicals: 48
  CPUFrequency: 0
  CPUMaxFrequency: 0
  Memory: 189744
Checksum: 499587227BAC00DAA13A61C5C1ED9CC5BC7DF4CD