BaselineInfo:
  WebDBID: -1
  TimeStamp: 20241109203529
Version:
  Major: 11
  Minor: 0
  Build: 1002
  SpecialBuildName: ""
  ptArchitecture: x86_64_linux
Results:
  Results Complete: true
  NumTestProcesses: 64
  CPU_INTEGER_MATH: 181488.37766666661
  CPU_FLOATINGPOINT_MATH: 97176.44971047662
  CPU_PRIME: 255.68635757486561
  CPU_SORTING: 91893.03806592444
  CPU_ENCRYPTION: 24900.369769129848
  CPU_COMPRESSION: 796200.75194030569
  CPU_SINGLETHREAD: 1809.7410528520832
  CPU_PHYSICS: 4574.9836276616779
  CPU_MATRIX_MULT_SSE: 49818.808767973227
  CPU_mm: 5560.652093405226
  CPU_sse: 19693.6337161786
  CPU_fma: 59100.150012763443
  CPU_avx: 41665.022886451065
  CPU_avx512: 78816.428456499823
  m_CPU_enc_SHA: 8192025982.0658922
  m_CPU_enc_AES: 62769608639.613098
  m_CPU_enc_ECDSA: 7368155771.42628
  ME_ALLOC_S: 21206.602523053149
  ME_READ_S: 22417.698437499999
  ME_READ_L: 10574.984375
  ME_WRITE: 10207.701171875
  ME_LARGE: 240126.83333333334
  ME_LATENCY: 54.367123313100734
  ME_THREADED: 213020.32055664062
  SUMM_CPU: 42565.446432528021
  SUMM_ME: 2632.3717562961451
SystemInformation:
  OSName: Ubuntu 24.04.1 LTS
  Kernel: 6.8.0-1016-aws
  Device: ""
  Processor: Intel Xeon Platinum 8259CL CPU @ 2.50GHz
  NumSockets: 2
  Manufacturer: GenuineIntel
  NumCores: 32
  NumLogicals: 64
  CPUFrequency: 0
  Memory: 255155
  MemModuleInfo:
    iNumMemSticks: 2
    DIMM 1:
      manufacturer: Not Specified
      modulePartNo: Not Specified
      memType: DDR4
      size: 128
      clkspeed: 1333
      moduleVoltage: 0
    DIMM 2:
      manufacturer: Not Specified
      modulePartNo: Not Specified
      memType: DDR4
      size: 128
      clkspeed: 1333
      moduleVoltage: 0
Checksum: A35BF13A20E929EE7B7379820F2CFFB9C402A846