BaselineInfo:
  WebDBID: -1
  TimeStamp: 20260227120920
Version:
  Major: 11
  Minor: 0
  Build: 1004
  SpecialBuildName: ""
  ptArchitecture: aarch64_linux
Results:
  Results Complete: true
  NumTestProcesses: 192
  CPU_INTEGER_MATH: 962052.27199999918
  CPU_FLOATINGPOINT_MATH: 1120605.1413798137
  CPU_PRIME: 1639.2367727861736
  CPU_SORTING: 796227.16701377975
  CPU_ENCRYPTION: 34995.830325374671
  CPU_COMPRESSION: 1187372.6208603757
  CPU_SINGLETHREAD: 1870.9026092846264
  CPU_PHYSICS: 38125.248792826205
  CPU_MATRIX_MULT_SSE: 134983.97196418795
  CPU_mm: 17215.211147105863
  CPU_sse: 107591.67986091215
  CPU_fma: 162376.26406746352
  CPU_avx: 0
  CPU_avx512: 0
  m_CPU_enc_SHA: 55084726086.277275
  m_CPU_enc_AES: 19891820651.785267
  m_CPU_enc_ECDSA: 35110816599.717758
  ME_ALLOC_S: 46381.734716407358
  ME_READ_S: 20307.7421875
  ME_READ_L: 18701.87109375
  ME_WRITE: 20500.279296875
  ME_LARGE: 1524552.4166666667
  ME_LATENCY: 46.329646500356347
  ME_THREADED: 1032926.8364257812
  SUMM_CPU: 77211.044215338756
  SUMM_ME: 3347.1879684885098
SystemInformation:
  OSName: Ubuntu 24.04.3 LTS
  Kernel: 6.17.0-1007-aws
  Device: ""
  Processor: ARM Neoverse-V2 192 Core 0 MHz
  NumSockets: 2
  Manufacturer: ARM
  NumCores: 192
  NumLogicals: 192
  CPUFrequency: 0
  CPUMaxFrequency: 0
  Memory: 1545030
Checksum: FB6AE9DFB64A20EEA90798C571B510F5DB291BA5