BaselineInfo:
  WebDBID: -1
  TimeStamp: 20241108231946
Version:
  Major: 11
  Minor: 0
  Build: 1002
  SpecialBuildName: ""
  ptArchitecture: x86_64_linux
Results:
  Results Complete: true
  NumTestProcesses: 48
  CPU_INTEGER_MATH: 124462.26633333335
  CPU_FLOATINGPOINT_MATH: 65550.349210489556
  CPU_PRIME: 110.08468788604341
  CPU_SORTING: 69773.487142094731
  CPU_ENCRYPTION: 38963.394815159285
  CPU_COMPRESSION: 530173.76762125967
  CPU_SINGLETHREAD: 1448.2028882464442
  CPU_PHYSICS: 2587.7344798024646
  CPU_MATRIX_MULT_SSE: 19781.794159281508
  CPU_mm: 3772.4423092932361
  CPU_sse: 15318.372275188152
  CPU_fma: 22557.140510150533
  CPU_avx: 21469.869692505843
  CPU_avx512: 0
  m_CPU_enc_SHA: 55124628767.600441
  m_CPU_enc_AES: 38212125588.630302
  m_CPU_enc_ECDSA: 29231487688.870651
  ME_ALLOC_S: 11314.127527148672
  ME_READ_S: 14959.05869140625
  ME_READ_L: 11567.6533203125
  ME_WRITE: 8245.28125
  ME_LARGE: 372116.5
  ME_LATENCY: 62.120497576743908
  ME_THREADED: 62833.411193847656
  SUMM_CPU: 30332.770850198431
  SUMM_ME: 2158.823865789388
SystemInformation:
  OSName: Ubuntu 24.04.1 LTS
  Kernel: 6.8.0-1016-aws
  Device: ""
  Processor: AMD EPYC 7571
  NumSockets: 1
  Manufacturer: AuthenticAMD
  NumCores: 24
  NumLogicals: 48
  CPUFrequency: 0
  Memory: 383820
  MemModuleInfo:
    iNumMemSticks: 3
    DIMM 1:
      manufacturer: Not Specified
      modulePartNo: Not Specified
      memType: DDR4
      size: 128
      clkspeed: 1600
      moduleVoltage: 0
    DIMM 2:
      manufacturer: Not Specified
      modulePartNo: Not Specified
      memType: DDR4
      size: 128
      clkspeed: 1600
      moduleVoltage: 0
    DIMM 3:
      manufacturer: Not Specified
      modulePartNo: Not Specified
      memType: DDR4
      size: 128
      clkspeed: 1600
      moduleVoltage: 0
Checksum: F3384543DA40F7EF5AF2F74F30CBD012CD10BB47