---
system-info:
      stress-ng-version: 0.17.08
      run-by: root
      date-yyyy-mm-dd: 2024:06:20
      time-hh-mm-ss: 21:58:30
      epoch-secs: 1718920710
      hostname: addc22673c80
      sysname: Linux
      nodename: addc22673c80
      release: 6.8.0-1008-gcp
      version: '#9-Ubuntu SMP Wed May 22 18:09:04 UTC 2024'
      machine: x86_64
      compiler: 'musl-gcc 13.2.1'
      uptime: 1222
      totalram: 1005096960
      freeram: 279359488
      sharedram: 59088896
      bufferram: 4640768
      totalswap: 0
      freeswap: 0
      pagesize: 4096
      cpus: 2
      cpus-online: 2
      ticks-per-second: 100

metrics:
    - stressor: cpu
      bogo-ops: 2398
      bogo-ops-per-second-usr-sys-time: 69.893074
      bogo-ops-per-second-real-time: 119.899240
      wall-clock-time: 20.000127
      user-time: 34.155083
      system-time: 0.154468
      cpu-usage-per-instance: 85.773334
      max-rss: 1104

...
