---
system-info:
      stress-ng-version: 0.17.08
      run-by: root
      date-yyyy-mm-dd: 2024:09:12
      time-hh-mm-ss: 10:53:53
      epoch-secs: 1726138433
      hostname: ip-172-31-31-220
      sysname: Linux
      nodename: ip-172-31-31-220
      release: 6.8.0-1014-aws
      version: '#15-Ubuntu SMP Thu Aug  8 19:13:06 UTC 2024'
      machine: x86_64
      compiler: 'musl-gcc 13.2.1'
      uptime: 207
      totalram: 1622982955008
      freeram: 1610714951680
      sharedram: 54972416
      bufferram: 223838208
      totalswap: 0
      freeswap: 0
      pagesize: 4096
      cpus: 48
      cpus-online: 48
      ticks-per-second: 100

metrics:
    - stressor: cpu
      bogo-ops: 37602
      bogo-ops-per-second-usr-sys-time: 1880.101880
      bogo-ops-per-second-real-time: 1880.098476
      wall-clock-time: 20.000016
      user-time: 19.999980
      system-time: 0.000000
      cpu-usage-per-instance: 99.999819
      max-rss: 768

...
