---
system-info:
      stress-ng-version: 0.17.08
      run-by: root
      date-yyyy-mm-dd: 2024:09:09
      time-hh-mm-ss: 09:55:32
      epoch-secs: 1725875732
      hostname: ip-172-31-22-202
      sysname: Linux
      nodename: ip-172-31-22-202
      release: 6.8.0-1014-aws
      version: '#15-Ubuntu SMP Thu Aug  8 19:13:06 UTC 2024'
      machine: x86_64
      compiler: 'musl-gcc 13.2.1'
      uptime: 193
      totalram: 1622982971392
      freeram: 1612043960320
      sharedram: 55013376
      bufferram: 227098624
      totalswap: 0
      freeswap: 0
      pagesize: 4096
      cpus: 48
      cpus-online: 48
      ticks-per-second: 100

metrics:
    - stressor: cpu
      bogo-ops: 37580
      bogo-ops-per-second-usr-sys-time: 1878.998967
      bogo-ops-per-second-real-time: 1878.994983
      wall-clock-time: 20.000053
      user-time: 20.000011
      system-time: 0.000000
      cpu-usage-per-instance: 99.999788
      max-rss: 1152

...
