BaselineInfo:
  WebDBID: -1
  TimeStamp: 20241109224450
Version:
  Major: 11
  Minor: 0
  Build: 1002
  SpecialBuildName: ""
  ptArchitecture: x86_64_linux
Results:
  Results Complete: true
  NumTestProcesses: 96
  CPU_INTEGER_MATH: 402464.70699999994
  CPU_FLOATINGPOINT_MATH: 205723.79611199599
  CPU_PRIME: 463.1968108049972
  CPU_SORTING: 200094.88186157259
  CPU_ENCRYPTION: 87379.214499994545
  CPU_COMPRESSION: 1457753.9871726099
  CPU_SINGLETHREAD: 2372.342211374681
  CPU_PHYSICS: 7874.7806754303192
  CPU_MATRIX_MULT_SSE: 86434.667019095141
  CPU_mm: 8672.3419345620405
  CPU_sse: 37612.299642337442
  CPU_fma: 102768.99247803849
  CPU_avx: 77319.592771596363
  CPU_avx512: 128037.78318440821
  m_CPU_enc_SHA: 88218168152.393936
  m_CPU_enc_AES: 132574927055.92662
  m_CPU_enc_ECDSA: 54078146462.318146
  ME_ALLOC_S: 29747.602174266594
  ME_READ_S: 24255.968945312499
  ME_READ_L: 12233.912109375
  ME_WRITE: 10831.923828125
  ME_LARGE: 177162.08333333334
  ME_LATENCY: 57.232674240457037
  ME_THREADED: 310698.02270507812
  SUMM_CPU: 75942.729601477098
  SUMM_ME: 2727.5896715732943
SystemInformation:
  OSName: Ubuntu 24.04.1 LTS
  Kernel: 6.8.0-1016-aws
  Device: ""
  Processor: Intel Xeon Platinum 8375C CPU @ 2.90GHz
  NumSockets: 2
  Manufacturer: GenuineIntel
  NumCores: 48
  NumLogicals: 96
  CPUFrequency: 0
  Memory: 190298
  MemModuleInfo:
    iNumMemSticks: 2
    DIMM 1:
      manufacturer: Not Specified
      modulePartNo: Not Specified
      memType: DDR4
      size: 96
      clkspeed: 1600
      moduleVoltage: 0
    DIMM 2:
      manufacturer: Not Specified
      modulePartNo: Not Specified
      memType: DDR4
      size: 96
      clkspeed: 1600
      moduleVoltage: 0
Checksum: 27895EDBC7C3FCD71EB4B1081FDC62159ACD32FC