---
system-info:
      stress-ng-version: 0.17.08
      run-by: root
      date-yyyy-mm-dd: 2024:06:14
      time-hh-mm-ss: 22:40:57
      epoch-secs: 1718404857
      hostname: 8d219c325a1c
      sysname: Linux
      nodename: 8d219c325a1c
      release: 6.8.0-1008-aws
      version: '#8-Ubuntu SMP Sat Apr 20 00:46:25 UTC 2024'
      machine: x86_64
      compiler: 'musl-gcc 13.2.1'
      uptime: 140
      totalram: 16379027456
      freeram: 12062806016
      sharedram: 11624448
      bufferram: 109723648
      totalswap: 0
      freeswap: 0
      pagesize: 4096
      cpus: 4
      cpus-online: 4
      ticks-per-second: 100

metrics:
    - stressor: cpu
      bogo-ops: 59847
      bogo-ops-per-second-usr-sys-time: 2992.464163
      bogo-ops-per-second-real-time: 2992.343579
      wall-clock-time: 20.000043
      user-time: 19.999237
      system-time: 0.000000
      cpu-usage-per-instance: 99.995970
      max-rss: 1104

...
