---
system-info:
      stress-ng-version: 0.17.08
      run-by: root
      date-yyyy-mm-dd: 2024:06:08
      time-hh-mm-ss: 16:43:29
      epoch-secs: 1717865009
      hostname: 3e4dac06dba7
      sysname: Linux
      nodename: 3e4dac06dba7
      release: 6.8.0-1008-aws
      version: '#8-Ubuntu SMP Sat Apr 20 00:46:25 UTC 2024'
      machine: x86_64
      compiler: 'musl-gcc 13.2.1'
      uptime: 123
      totalram: 16379027456
      freeram: 12039847936
      sharedram: 11624448
      bufferram: 103456768
      totalswap: 0
      freeswap: 0
      pagesize: 4096
      cpus: 4
      cpus-online: 4
      ticks-per-second: 100

metrics:
    - stressor: cpu
      bogo-ops: 16666
      bogo-ops-per-second-usr-sys-time: 1666.498677
      bogo-ops-per-second-real-time: 1666.446399
      wall-clock-time: 10.000922
      user-time: 10.000608
      system-time: 0.000000
      cpu-usage-per-instance: 99.996863
      max-rss: 4048

...
