BaselineInfo:
  WebDBID: -1
  TimeStamp: 20241108030235
Version:
  Major: 11
  Minor: 0
  Build: 1002
  SpecialBuildName: ""
  ptArchitecture: x86_64_linux
Results:
  Results Complete: true
  NumTestProcesses: 16
  CPU_INTEGER_MATH: 66021.787666666671
  CPU_FLOATINGPOINT_MATH: 36502.247350706959
  CPU_PRIME: 133.60798541078557
  CPU_SORTING: 35408.766381357251
  CPU_ENCRYPTION: 17111.257039429835
  CPU_COMPRESSION: 256188.8956033467
  CPU_SINGLETHREAD: 2365.083212043407
  CPU_PHYSICS: 2613.251005701582
  CPU_MATRIX_MULT_SSE: 14707.931019968659
  CPU_mm: 1784.8177411168872
  CPU_sse: 7520.4962344427768
  CPU_fma: 20477.78047491251
  CPU_avx: 16125.516350550684
  CPU_avx512: 0
  m_CPU_enc_SHA: 24805060941.609444
  m_CPU_enc_AES: 15888047731.066555
  m_CPU_enc_ECDSA: 13134251711.45554
  ME_ALLOC_S: 6458.8074270603465
  ME_READ_S: 23779.385546875001
  ME_READ_L: 14222.3828125
  ME_WRITE: 14392.2216796875
  ME_LARGE: 53850.833333333336
  ME_LATENCY: 80.07596108014063
  ME_THREADED: 95329.607421875
  SUMM_CPU: 21986.390728307742
  SUMM_ME: 2305.5638611888658
SystemInformation:
  OSName: Ubuntu 24.04.1 LTS
  Kernel: 6.8.0-1015-gcp
  Device: ""
  Processor: AMD EPYC 7B12
  NumSockets: 1
  Manufacturer: AuthenticAMD
  NumCores: 8
  NumLogicals: 16
  CPUFrequency: 0
  Memory: 64298
  MemModuleInfo:
    iNumMemSticks: 4
    DIMM 1:
      manufacturer: ""
      modulePartNo: ""
      memType: RAM
      size: 16
      clkspeed: 0
      moduleVoltage: 0
    DIMM 2:
      manufacturer: ""
      modulePartNo: ""
      memType: RAM
      size: 16
      clkspeed: 0
      moduleVoltage: 0
    DIMM 3:
      manufacturer: ""
      modulePartNo: ""
      memType: RAM
      size: 16
      clkspeed: 0
      moduleVoltage: 0
    DIMM 4:
      manufacturer: ""
      modulePartNo: ""
      memType: RAM
      size: 16
      clkspeed: 0
      moduleVoltage: 0
Checksum: E5F92A5B2BE616B0A381B0636F4D9A7B6A71FD76