BaselineInfo:
  WebDBID: -1
  TimeStamp: 20260708153410
Version:
  Major: 11
  Minor: 0
  Build: 1004
  SpecialBuildName: ""
  ptArchitecture: x86_64_linux
Results:
  Results Complete: true
  NumTestProcesses: 2
  CPU_INTEGER_MATH: 13231.039333333334
  CPU_FLOATINGPOINT_MATH: 8120.0873358643094
  CPU_PRIME: 34.397992491441201
  CPU_SORTING: 6660.1652885893218
  CPU_ENCRYPTION: 2664.3778940660791
  CPU_COMPRESSION: 50657.498251785539
  CPU_SINGLETHREAD: 3719.509149947301
  CPU_PHYSICS: 693.51588636130566
  CPU_MATRIX_MULT_SSE: 3854.8350442900637
  CPU_mm: 384.81681863067683
  CPU_sse: 1421.9441493461736
  CPU_fma: 4365.0467723790516
  CPU_avx: 4296.6796737380355
  CPU_avx512: 5335.6695816969932
  m_CPU_enc_SHA: 3354123093.0950799
  m_CPU_enc_AES: 2733095521.3596468
  m_CPU_enc_ECDSA: 2294189529.4899721
  ME_ALLOC_S: 1367.9987711926663
  ME_READ_S: 33829.687890624999
  ME_READ_L: 29597.65625
  ME_WRITE: 29253.115234375
  ME_LARGE: 7510
  ME_LATENCY: 82.247607128372053
  ME_THREADED: 42232.248046875
  SUMM_CPU: 5098.9806056005009
  SUMM_ME: 2204.1003842538958
SystemInformation:
  OSName: Ubuntu 24.04.4 LTS
  Kernel: 6.17.0-1018-azure
  Device: ""
  Processor: "AMD EPYC 9V45 96-Core Processor                "
  NumSockets: 1
  Manufacturer: AuthenticAMD
  NumCores: 1
  NumLogicals: 2
  CPUFrequency: 0
  CPUMaxFrequency: 0
  Memory: 15990
  CPUInfo:
    number: 1
    Family: 15
    Model: 2
    stepping: 1
    features: 395049983
    manufacture: AuthenticAMD
    typestring: "AMD EPYC 9V45 96-Core Processor                "
    iCoresPerPackage: 8
    iThreadsPerPackage: 2
    featuresEx:
      - 395049983
      - 4277809667
      - 802421759
    bHybrid: false
    nPCore: 0
    nLogicalsPerPCore: 0
    nECore: 0
    nLogicalsPerECore: 0
  MemModuleInfo:
    iNumMemSticks: 2
    DIMM 1:
      manufacturer: Microsoft Corporation
      modulePartNo: None
      memType: Unknown
      size: 1
      clkspeed: 0
      moduleVoltage: 0
    DIMM 2:
      manufacturer: Microsoft Corporation
      modulePartNo: None
      memType: Unknown
      size: 15
      clkspeed: 0
      moduleVoltage: 0
Checksum: 87CB9A17D083D1623025A040F2870BFF5D0B61A1