BaselineInfo:
  WebDBID: -1
  TimeStamp: 20241107233342
Version:
  Major: 11
  Minor: 0
  Build: 1002
  SpecialBuildName: ""
  ptArchitecture: x86_64_linux
Results:
  Results Complete: true
  NumTestProcesses: 8
  CPU_INTEGER_MATH: 35360.011666666673
  CPU_FLOATINGPOINT_MATH: 20306.881929815023
  CPU_PRIME: 84.321121791567037
  CPU_SORTING: 21400.003641945568
  CPU_ENCRYPTION: 8920.6109055568359
  CPU_COMPRESSION: 144516.77018846147
  CPU_SINGLETHREAD: 2685.1733305160597
  CPU_PHYSICS: 1486.9852200806577
  CPU_MATRIX_MULT_SSE: 10128.500263174699
  CPU_mm: 951.0990444244012
  CPU_sse: 4201.4136576670326
  CPU_fma: 13075.39116493978
  CPU_avx: 10729.149603514137
  CPU_avx512: 12508.046626577841
  m_CPU_enc_SHA: 12423591735.541931
  m_CPU_enc_AES: 8507246206.4963083
  m_CPU_enc_ECDSA: 7130977560.6772604
  ME_ALLOC_S: 3897.369941106339
  ME_READ_S: 25734.893164062501
  ME_READ_L: 24888.728515625
  ME_WRITE: 18494.111328125
  ME_LARGE: 54157.833333333336
  ME_LATENCY: 70.141309945149644
  ME_THREADED: 37576.2685546875
  SUMM_CPU: 13500.298615620908
  SUMM_ME: 2565.9368536762336
SystemInformation:
  OSName: Ubuntu 24.04.1 LTS
  Kernel: 6.8.0-1015-gcp
  Device: ""
  Processor: AMD EPYC 9B14
  NumSockets: 1
  Manufacturer: AuthenticAMD
  NumCores: 4
  NumLogicals: 8
  CPUFrequency: 0
  Memory: 64301
  MemModuleInfo:
    iNumMemSticks: 4
    DIMM 1:
      manufacturer: ""
      modulePartNo: ""
      memType: RAM
      size: 16
      clkspeed: 0
      moduleVoltage: 0
    DIMM 2:
      manufacturer: ""
      modulePartNo: ""
      memType: RAM
      size: 16
      clkspeed: 0
      moduleVoltage: 0
    DIMM 3:
      manufacturer: ""
      modulePartNo: ""
      memType: RAM
      size: 16
      clkspeed: 0
      moduleVoltage: 0
    DIMM 4:
      manufacturer: ""
      modulePartNo: ""
      memType: RAM
      size: 16
      clkspeed: 0
      moduleVoltage: 0
Checksum: 66D0F0AF9613E16FEE822B3D60A76029633D79A6