BaselineInfo:
  WebDBID: -1
  TimeStamp: 20241114221027
Version:
  Major: 11
  Minor: 0
  Build: 1002
  SpecialBuildName: ""
  ptArchitecture: x86_64_linux
Results:
  Results Complete: true
  NumTestProcesses: 1
  CPU_INTEGER_MATH: 2933.8856666666666
  CPU_FLOATINGPOINT_MATH: 2455.8342327670357
  CPU_PRIME: 9.2141716818974686
  CPU_SORTING: 1713.8030448501161
  CPU_ENCRYPTION: 369.5778015090745
  CPU_COMPRESSION: 14767.376286408813
  CPU_SINGLETHREAD: 1287.5872732096916
  CPU_PHYSICS: 161.48048280242836
  CPU_MATRIX_MULT_SSE: 1137.9637549783779
  CPU_mm: 132.42273071675442
  CPU_sse: 490.95536814712767
  CPU_fma: 1674.1137808004494
  CPU_avx: 1116.6482650476908
  CPU_avx512: 1270.1376059182435
  m_CPU_enc_SHA: 206675656.36011127
  m_CPU_enc_AES: 780663774.12694335
  m_CPU_enc_ECDSA: 175251807.89848328
  ME_ALLOC_S: 524.03379572261747
  ME_READ_S: 17618.091210937499
  ME_READ_L: 7609.73779296875
  ME_WRITE: 7437.2080078125
  ME_LARGE: 562
  ME_LATENCY: 65.89910845805926
  ME_THREADED: 7701.1650390625
  SUMM_CPU: 1204.451036319178
  SUMM_ME: 765.95788740550813
SystemInformation:
  OSName: Ubuntu 24.04.1 LTS
  Kernel: 6.8.0-1017-azure
  Device: ""
  Processor: Intel Xeon Platinum 8171M CPU @ 2.60GHz
  NumSockets: 1
  Manufacturer: GenuineIntel
  NumCores: 1
  NumLogicals: 1
  CPUFrequency: 0
  Memory: 3408
  MemModuleInfo:
    iNumMemSticks: 2
    DIMM 1:
      manufacturer: Microsoft Corporation
      modulePartNo: None
      memType: Unknown
      size: 1
      clkspeed: 0
      moduleVoltage: 0
    DIMM 2:
      manufacturer: Microsoft Corporation
      modulePartNo: None
      memType: Unknown
      size: 2560
      clkspeed: 0
      moduleVoltage: 0
Checksum: FEEBEDEB823D5737CDE40EA12810E937BB95131E