BaselineInfo:
  WebDBID: -1
  TimeStamp: 20241115143032
Version:
  Major: 11
  Minor: 0
  Build: 1002
  SpecialBuildName: ""
  ptArchitecture: x86_64_linux
Results:
  Results Complete: true
  NumTestProcesses: 1
  CPU_INTEGER_MATH: 3534.3800000000001
  CPU_FLOATINGPOINT_MATH: 2714.3029903457673
  CPU_PRIME: 10.758960981027647
  CPU_SORTING: 2030.9830234734711
  CPU_ENCRYPTION: 449.46168744108655
  CPU_COMPRESSION: 16716.784001877259
  CPU_SINGLETHREAD: 1550.259280888243
  CPU_PHYSICS: 196.0377044912243
  CPU_MATRIX_MULT_SSE: 1388.3926578979708
  CPU_mm: 160.99059653925613
  CPU_sse: 591.30271725544105
  CPU_fma: 2003.0197595360964
  CPU_avx: 1340.1636602328556
  CPU_avx512: 1619.0844945674903
  m_CPU_enc_SHA: 248306211.55006099
  m_CPU_enc_AES: 954595905.79502559
  m_CPU_enc_ECDSA: 210982097.76558787
  ME_ALLOC_S: 484.05631743833266
  ME_READ_S: 21133.972265625001
  ME_READ_L: 5518.57568359375
  ME_WRITE: 5660.22216796875
  ME_LARGE: 599.83333333333337
  ME_LATENCY: 95.410032902437706
  ME_THREADED: 5597.31103515625
  SUMM_CPU: 1422.2238277558783
  SUMM_ME: 682.04718375370442
SystemInformation:
  OSName: Ubuntu 24.04.1 LTS
  Kernel: 6.8.0-1017-azure
  Device: ""
  Processor: Intel Xeon Platinum 8272CL CPU @ 2.60GHz
  NumSockets: 1
  Manufacturer: GenuineIntel
  NumCores: 1
  NumLogicals: 1
  CPUFrequency: 0
  Memory: 3408
  MemModuleInfo:
    iNumMemSticks: 2
    DIMM 1:
      manufacturer: Microsoft Corporation
      modulePartNo: None
      memType: Unknown
      size: 1
      clkspeed: 0
      moduleVoltage: 0
    DIMM 2:
      manufacturer: Microsoft Corporation
      modulePartNo: None
      memType: Unknown
      size: 2560
      clkspeed: 0
      moduleVoltage: 0
Checksum: C3E8483420AC24249F27F88871EF0FC14F3AFE5A