BaselineInfo:
  WebDBID: -1
  TimeStamp: 20241107035258
Version:
  Major: 11
  Minor: 0
  Build: 1002
  SpecialBuildName: ""
  ptArchitecture: x86_64_linux
Results:
  Results Complete: true
  NumTestProcesses: 1
  CPU_INTEGER_MATH: 3530.049
  CPU_FLOATINGPOINT_MATH: 3017.7315926062352
  CPU_PRIME: 10.980213463323112
  CPU_SORTING: 2071.9310422447838
  CPU_ENCRYPTION: 451.75030983978235
  CPU_COMPRESSION: 16613.891878398172
  CPU_SINGLETHREAD: 1623.0745098338987
  CPU_PHYSICS: 199.78872177708905
  CPU_MATRIX_MULT_SSE: 1383.0121292817437
  CPU_mm: 163.35956785351797
  CPU_sse: 621.81587979067547
  CPU_fma: 2013.6221886057269
  CPU_avx: 1334.3821166108733
  CPU_avx512: 1562.2283321196992
  m_CPU_enc_SHA: 249320896.48677987
  m_CPU_enc_AES: 959278251.63415098
  m_CPU_enc_ECDSA: 212484450.55074787
  ME_ALLOC_S: 599.30298792259453
  ME_READ_S: 21115.6015625
  ME_READ_L: 7438.0712890625
  ME_WRITE: 7093.359375
  ME_LARGE: 644.41666666666663
  ME_LATENCY: 61.489529767033673
  ME_THREADED: 7500.3134765625
  SUMM_CPU: 1446.4912966765728
  SUMM_ME: 834.70894358437863
SystemInformation:
  OSName: Ubuntu 24.04.1 LTS
  Kernel: 6.8.0-1017-azure
  Device: ""
  Processor: Intel Xeon Platinum 8272CL CPU @ 2.60GHz
  NumSockets: 1
  Manufacturer: GenuineIntel
  NumCores: 1
  NumLogicals: 1
  CPUFrequency: 0
  Memory: 3408
  MemModuleInfo:
    iNumMemSticks: 2
    DIMM 1:
      manufacturer: Microsoft Corporation
      modulePartNo: None
      memType: Unknown
      size: 1
      clkspeed: 0
      moduleVoltage: 0
    DIMM 2:
      manufacturer: Microsoft Corporation
      modulePartNo: None
      memType: Unknown
      size: 2560
      clkspeed: 0
      moduleVoltage: 0
Checksum: 008CD8E009F27C62542920011ED81F63511128B5