---
system-info:
      stress-ng-version: 0.17.08
      run-by: root
      date-yyyy-mm-dd: 2024:06:15
      time-hh-mm-ss: 22:41:22
      epoch-secs: 1718491282
      hostname: 1426b96b1f63
      sysname: Linux
      nodename: 1426b96b1f63
      release: 6.8.0-1008-aws
      version: '#8-Ubuntu SMP Sat Apr 20 00:46:25 UTC 2024'
      machine: x86_64
      compiler: 'musl-gcc 13.2.1'
      uptime: 139
      totalram: 1081992388608
      freeram: 1074404913152
      sharedram: 116731904
      bufferram: 110116864
      totalswap: 0
      freeswap: 0
      pagesize: 4096
      cpus: 128
      cpus-online: 128
      ticks-per-second: 100

metrics:
    - stressor: cpu
      bogo-ops: 38190
      bogo-ops-per-second-usr-sys-time: 1909.494844
      bogo-ops-per-second-real-time: 1909.498680
      wall-clock-time: 20.000014
      user-time: 20.000054
      system-time: 0.000000
      cpu-usage-per-instance: 100.000201
      max-rss: 0

...
