---
system-info:
      stress-ng-version: 0.17.08
      run-by: root
      date-yyyy-mm-dd: 2024:06:09
      time-hh-mm-ss: 19:42:18
      epoch-secs: 1717962138
      hostname: 2aa6459e66f1
      sysname: Linux
      nodename: 2aa6459e66f1
      release: 6.8.0-1008-aws
      version: '#8-Ubuntu SMP Sat Apr 20 00:46:25 UTC 2024'
      machine: x86_64
      compiler: 'musl-gcc 13.2.1'
      uptime: 120
      totalram: 1081992372224
      freeram: 1074290741248
      sharedram: 116731904
      bufferram: 111710208
      totalswap: 0
      freeswap: 0
      pagesize: 4096
      cpus: 128
      cpus-online: 128
      ticks-per-second: 100

metrics:
    - stressor: cpu
      bogo-ops: 16950
      bogo-ops-per-second-usr-sys-time: 1694.691058
      bogo-ops-per-second-real-time: 1694.712679
      wall-clock-time: 10.001695
      user-time: 10.000824
      system-time: 0.000999
      cpu-usage-per-instance: 100.001276
      max-rss: 3072

...
