---
system-info:
      stress-ng-version: 0.17.08
      run-by: root
      date-yyyy-mm-dd: 2024:09:17
      time-hh-mm-ss: 22:38:34
      epoch-secs: 1726612714
      hostname: sc-runner
      sysname: Linux
      nodename: sc-runner
      release: 6.8.0-1014-azure
      version: '#16-Ubuntu SMP Thu Aug 15 20:04:41 UTC 2024'
      machine: x86_64
      compiler: 'musl-gcc 13.2.1'
      uptime: 396
      totalram: 473387515904
      freeram: 461952761856
      sharedram: 88563712
      bufferram: 287944704
      totalswap: 0
      freeswap: 0
      pagesize: 4096
      cpus: 32
      cpus-online: 32
      ticks-per-second: 100

metrics:
    - stressor: cpu
      bogo-ops: 17632
      bogo-ops-per-second-usr-sys-time: 881.638395
      bogo-ops-per-second-real-time: 881.598981
      wall-clock-time: 20.000023
      user-time: 19.997123
      system-time: 0.002006
      cpu-usage-per-instance: 99.995529
      max-rss: 3080

...
