BaselineInfo:
  WebDBID: -1
  TimeStamp: 20250923053115
Version:
  Major: 11
  Minor: 0
  Build: 1002
  SpecialBuildName: ""
  ptArchitecture: aarch64_linux
Results:
  Results Complete: true
  NumTestProcesses: 4
  CPU_INTEGER_MATH: 20840.227666666669
  CPU_FLOATINGPOINT_MATH: 24217.48466203253
  CPU_PRIME: 69.63826651604991
  CPU_SORTING: 18533.601737907567
  CPU_ENCRYPTION: 751.49617670931934
  CPU_COMPRESSION: 26485.347108715599
  CPU_SINGLETHREAD: 1943.65062457008
  CPU_PHYSICS: 1366.6348499354274
  CPU_MATRIX_MULT_SSE: 3681.5614592619031
  CPU_mm: 450.78348066894466
  CPU_sse: 2893.8471677149969
  CPU_fma: 4469.2757508088089
  CPU_avx: 0
  CPU_avx512: 0
  m_CPU_enc_SHA: 1176930230.3519244
  m_CPU_enc_AES: 429675104.57343733
  m_CPU_enc_ECDSA: 757397230.04209161
  ME_ALLOC_S: 6077.8373603174741
  ME_READ_S: 19272.563085937501
  ME_READ_L: 20390.669921875
  ME_WRITE: 21296.2890625
  ME_LARGE: 21844.333333333332
  ME_LATENCY: 45.348746927344102
  ME_THREADED: 77797.201171875
  SUMM_CPU: 3947.5947102051564
  SUMM_ME: 3009.4816006196061
SystemInformation:
  OSName: Ubuntu 24.04.2 LTS
  Kernel: 6.14.0-1012-aws
  Device: ""
  Processor: ARM Neoverse-V2 4 Core 0 MHz
  NumSockets: 1
  Manufacturer: ARM
  NumCores: 4
  NumLogicals: 4
  CPUFrequency: 0
  Memory: 31491
Checksum: 4E093A9AD7D1F25E53B386F35307B2F4157959D3