---
system-info:
      stress-ng-version: 0.17.08
      run-by: root
      date-yyyy-mm-dd: 2024:06:21
      time-hh-mm-ss: 19:43:11
      epoch-secs: 1718998991
      hostname: bb80899ea734
      sysname: Linux
      nodename: bb80899ea734
      release: 6.9.1-arch1-1
      version: '#1 SMP PREEMPT_DYNAMIC Fri, 17 May 2024 16:56:38 +0000'
      machine: x86_64
      compiler: 'musl-gcc 13.2.1'
      uptime: 49513
      totalram: 67127496704
      freeram: 44191768576
      sharedram: 1593618432
      bufferram: 4841472
      totalswap: 17177767936
      freeswap: 17177767936
      pagesize: 4096
      cpus: 12
      cpus-online: 12
      ticks-per-second: 100

metrics:
    - stressor: cpu
      bogo-ops: 163878
      bogo-ops-per-second-usr-sys-time: 718.892325
      bogo-ops-per-second-real-time: 8193.845064
      wall-clock-time: 20.000134
      user-time: 227.692581
      system-time: 0.266453
      cpu-usage-per-instance: 94.982294
      max-rss: 848

...
