---
system-info:
      stress-ng-version: 0.17.08
      run-by: root
      date-yyyy-mm-dd: 2024:06:15
      time-hh-mm-ss: 18:56:29
      epoch-secs: 1718477789
      hostname: 2f9cdaa5441c
      sysname: Linux
      nodename: 2f9cdaa5441c
      release: 6.8.0-1008-aws
      version: '#8-Ubuntu SMP Sat Apr 20 02:43:14 UTC 2024'
      machine: aarch64
      compiler: 'musl-gcc 13.2.1'
      uptime: 156
      totalram: 133446987776
      freeram: 128932032512
      sharedram: 34963456
      bufferram: 109948928
      totalswap: 0
      freeswap: 0
      pagesize: 4096
      cpus: 16
      cpus-online: 16
      ticks-per-second: 100

metrics:
    - stressor: cpu
      bogo-ops: 30392
      bogo-ops-per-second-usr-sys-time: 1519.567405
      bogo-ops-per-second-real-time: 1519.592790
      wall-clock-time: 20.000095
      user-time: 20.000429
      system-time: 0.000000
      cpu-usage-per-instance: 100.001671
      max-rss: 1192

...
