BaselineInfo:
  WebDBID: -1
  TimeStamp: 20241108080550
Version:
  Major: 11
  Minor: 0
  Build: 1002
  SpecialBuildName: ""
  ptArchitecture: x86_64_linux
Results:
  Results Complete: true
  NumTestProcesses: 32
  CPU_INTEGER_MATH: 132900.07200000001
  CPU_FLOATINGPOINT_MATH: 73199.905445242199
  CPU_PRIME: 227.53393021770356
  CPU_SORTING: 70266.50462500086
  CPU_ENCRYPTION: 34357.952623084566
  CPU_COMPRESSION: 505099.51261773956
  CPU_SINGLETHREAD: 2398.3558903104818
  CPU_PHYSICS: 4349.9808226833084
  CPU_MATRIX_MULT_SSE: 30014.566602887451
  CPU_mm: 3600.3794924167896
  CPU_sse: 15285.020586716066
  CPU_fma: 41775.044050261669
  CPU_avx: 32983.635171684604
  CPU_avx512: 0
  m_CPU_enc_SHA: 49863464391.562088
  m_CPU_enc_AES: 31862959193.245544
  m_CPU_enc_ECDSA: 26354350004.302948
  ME_ALLOC_S: 13552.39114124779
  ME_READ_S: 24402.661328124999
  ME_READ_L: 19927.5
  ME_WRITE: 19257.1328125
  ME_LARGE: 118182.58333333333
  ME_LATENCY: 63.03012776364119
  ME_THREADED: 118325.736328125
  SUMM_CPU: 38717.499331628242
  SUMM_ME: 2893.037123555896
SystemInformation:
  OSName: Ubuntu 24.04.1 LTS
  Kernel: 6.8.0-1017-azure
  Device: ""
  Processor: AMD EPYC 7763 64-Core Processor
  NumSockets: 1
  Manufacturer: AuthenticAMD
  NumCores: 16
  NumLogicals: 32
  CPUFrequency: 0
  Memory: 128803
  MemModuleInfo:
    iNumMemSticks: 3
    DIMM 1:
      manufacturer: Microsoft Corporation
      modulePartNo: None
      memType: Unknown
      size: 1
      clkspeed: 0
      moduleVoltage: 0
    DIMM 2:
      manufacturer: Microsoft Corporation
      modulePartNo: None
      memType: Unknown
      size: 60928
      clkspeed: 0
      moduleVoltage: 0
    DIMM 3:
      manufacturer: Microsoft Corporation
      modulePartNo: None
      memType: Unknown
      size: 69120
      clkspeed: 0
      moduleVoltage: 0
Checksum: 6CE76657C835373A0B6547EB538F38A6F9DABA21