---
system-info:
      stress-ng-version: 0.17.08
      run-by: root
      date-yyyy-mm-dd: 2024:06:07
      time-hh-mm-ss: 13:45:12
      epoch-secs: 1717767912
      hostname: a50f48b37279
      sysname: Linux
      nodename: a50f48b37279
      release: 6.8.0-1008-aws
      version: '#8-Ubuntu SMP Sat Apr 20 02:43:14 UTC 2024'
      machine: aarch64
      compiler: 'musl-gcc 13.2.1'
      uptime: 128
      totalram: 33221046272
      freeram: 29022511104
      sharedram: 35012608
      bufferram: 90476544
      totalswap: 0
      freeswap: 0
      pagesize: 4096
      cpus: 4
      cpus-online: 4
      ticks-per-second: 100

metrics:
    - stressor: cpu
      bogo-ops: 2940
      bogo-ops-per-second-usr-sys-time: 290.774152
      bogo-ops-per-second-real-time: 290.773974
      wall-clock-time: 10.110946
      user-time: 10.110940
      system-time: 0.000000
      cpu-usage-per-instance: 99.999939
      max-rss: 4008

...
