---
system-info:
      stress-ng-version: 0.17.08
      run-by: root
      date-yyyy-mm-dd: 2024:06:16
      time-hh-mm-ss: 09:23:27
      epoch-secs: 1718529807
      hostname: f84d1cfa925d
      sysname: Linux
      nodename: f84d1cfa925d
      release: 6.8.0-1008-aws
      version: '#8-Ubuntu SMP Sat Apr 20 02:43:14 UTC 2024'
      machine: aarch64
      compiler: 'musl-gcc 13.2.1'
      uptime: 153
      totalram: 33221046272
      freeram: 28945473536
      sharedram: 35012608
      bufferram: 110141440
      totalswap: 0
      freeswap: 0
      pagesize: 4096
      cpus: 4
      cpus-online: 4
      ticks-per-second: 100

metrics:
    - stressor: cpu
      bogo-ops: 30406
      bogo-ops-per-second-usr-sys-time: 1520.260701
      bogo-ops-per-second-real-time: 1520.294726
      wall-clock-time: 20.000069
      user-time: 19.999518
      system-time: 0.000999
      cpu-usage-per-instance: 100.002238
      max-rss: 1320

...
