---
system-info:
      stress-ng-version: 0.17.08
      run-by: root
      date-yyyy-mm-dd: 2024:06:15
      time-hh-mm-ss: 18:26:35
      epoch-secs: 1718475995
      hostname: 6bc68c497abc
      sysname: Linux
      nodename: 6bc68c497abc
      release: 6.8.0-1008-aws
      version: '#8-Ubuntu SMP Sat Apr 20 00:46:25 UTC 2024'
      machine: x86_64
      compiler: 'musl-gcc 13.2.1'
      uptime: 141
      totalram: 264744919040
      freeram: 259654705152
      sharedram: 70467584
      bufferram: 110526464
      totalswap: 0
      freeswap: 0
      pagesize: 4096
      cpus: 32
      cpus-online: 32
      ticks-per-second: 100

metrics:
    - stressor: cpu
      bogo-ops: 59861
      bogo-ops-per-second-usr-sys-time: 2993.135604
      bogo-ops-per-second-real-time: 2993.040081
      wall-clock-time: 20.000066
      user-time: 19.999428
      system-time: 0.000000
      cpu-usage-per-instance: 99.996809
      max-rss: 1032

...
