---
system-info:
      stress-ng-version: 0.17.08
      run-by: root
      date-yyyy-mm-dd: 2024:06:09
      time-hh-mm-ss: 15:40:59
      epoch-secs: 1717947659
      hostname: f805fa6b4c3e
      sysname: Linux
      nodename: f805fa6b4c3e
      release: 6.8.0-1008-aws
      version: '#8-Ubuntu SMP Sat Apr 20 00:46:25 UTC 2024'
      machine: x86_64
      compiler: 'musl-gcc 13.2.1'
      uptime: 143
      totalram: 264744914944
      freeram: 259637063680
      sharedram: 70467584
      bufferram: 109694976
      totalswap: 0
      freeswap: 0
      pagesize: 4096
      cpus: 32
      cpus-online: 32
      ticks-per-second: 100

metrics:
    - stressor: cpu
      bogo-ops: 17029
      bogo-ops-per-second-usr-sys-time: 1702.915837
      bogo-ops-per-second-real-time: 1702.883110
      wall-clock-time: 10.000099
      user-time: 9.999907
      system-time: 0.000000
      cpu-usage-per-instance: 99.998078
      max-rss: 3848

...
