---
system-info:
      stress-ng-version: 0.17.08
      run-by: root
      date-yyyy-mm-dd: 2024:07:02
      time-hh-mm-ss: 19:25:01
      epoch-secs: 1719948301
      hostname: n2d-highcpu-96-8b68731
      sysname: Linux
      nodename: n2d-highcpu-96-8b68731
      release: 6.8.0-1009-gcp
      version: '#10-Ubuntu SMP Wed Jun 12 18:52:23 UTC 2024'
      machine: x86_64
      compiler: 'musl-gcc 13.2.1'
      uptime: 197
      totalram: 101311963136
      freeram: 95242817536
      sharedram: 68886528
      bufferram: 129761280
      totalswap: 0
      freeswap: 0
      pagesize: 4096
      cpus: 96
      cpus-online: 96
      ticks-per-second: 100

metrics:
    - stressor: cpu
      bogo-ops: 53915
      bogo-ops-per-second-usr-sys-time: 2695.828449
      bogo-ops-per-second-real-time: 2695.739588
      wall-clock-time: 20.000077
      user-time: 19.999418
      system-time: 0.000000
      cpu-usage-per-instance: 99.996704
      max-rss: 768

...
