---
system-info:
      stress-ng-version: 0.17.08
      run-by: root
      date-yyyy-mm-dd: 2024:06:09
      time-hh-mm-ss: 23:20:59
      epoch-secs: 1717975259
      hostname: 4d2fdfe894bc
      sysname: Linux
      nodename: 4d2fdfe894bc
      release: 6.8.0-1008-aws
      version: '#8-Ubuntu SMP Sat Apr 20 00:46:25 UTC 2024'
      machine: x86_64
      compiler: 'musl-gcc 13.2.1'
      uptime: 140
      totalram: 532331950080
      freeram: 527263862784
      sharedram: 114180096
      bufferram: 112844800
      totalswap: 0
      freeswap: 0
      pagesize: 4096
      cpus: 64
      cpus-online: 64
      ticks-per-second: 100

metrics:
    - stressor: cpu
      bogo-ops: 901764
      bogo-ops-per-second-usr-sys-time: 1409.682481
      bogo-ops-per-second-real-time: 90162.268696
      wall-clock-time: 10.001567
      user-time: 639.617018
      system-time: 0.075971
      cpu-usage-per-instance: 99.936366
      max-rss: 3584

...
