---
system-info:
      stress-ng-version: 0.17.08
      run-by: root
      date-yyyy-mm-dd: 2024:06:16
      time-hh-mm-ss: 03:55:13
      epoch-secs: 1718510113
      hostname: 476b4e2c9b77
      sysname: Linux
      nodename: 476b4e2c9b77
      release: 6.8.0-1008-aws
      version: '#8-Ubuntu SMP Sat Apr 20 00:46:25 UTC 2024'
      machine: x86_64
      compiler: 'musl-gcc 13.2.1'
      uptime: 138
      totalram: 532331929600
      freeram: 527473065984
      sharedram: 114180096
      bufferram: 108474368
      totalswap: 0
      freeswap: 0
      pagesize: 4096
      cpus: 64
      cpus-online: 64
      ticks-per-second: 100

metrics:
    - stressor: cpu
      bogo-ops: 1275562
      bogo-ops-per-second-usr-sys-time: 996.859782
      bogo-ops-per-second-real-time: 63777.867600
      wall-clock-time: 20.000073
      user-time: 1279.559174
      system-time: 0.020987
      cpu-usage-per-instance: 99.966836
      max-rss: 512

...
