BaselineInfo:
  WebDBID: -1
  TimeStamp: 20250417213505
Version:
  Major: 11
  Minor: 0
  Build: 1002
  SpecialBuildName: ""
  ptArchitecture: x86_64_linux
Results:
  Results Complete: true
  NumTestProcesses: 8
  CPU_INTEGER_MATH: 38232.080000000009
  CPU_FLOATINGPOINT_MATH: 27095.924276546441
  CPU_PRIME: 75.980959358048466
  CPU_SORTING: 19143.563885582727
  CPU_ENCRYPTION: 8492.2363448275155
  CPU_COMPRESSION: 140387.91346515328
  CPU_SINGLETHREAD: 2917.9658828085562
  CPU_PHYSICS: 1819.4975328713033
  CPU_MATRIX_MULT_SSE: 11533.016568131303
  CPU_mm: 1082.1197350454295
  CPU_sse: 4698.1545052121246
  CPU_fma: 13169.509721135508
  CPU_avx: 9873.5263551612607
  CPU_avx512: 18390.875691016321
  m_CPU_enc_SHA: 8908721174.1171703
  m_CPU_enc_AES: 11578204415.837515
  m_CPU_enc_ECDSA: 6227340062.5868883
  ME_ALLOC_S: 4990.1775293233077
  ME_READ_S: 26102.60546875
  ME_READ_L: 9741.494140625
  ME_WRITE: 9051.4716796875
  ME_LARGE: 119436
  ME_LATENCY: 75.050402703249006
  ME_THREADED: 60368.38330078125
  SUMM_CPU: 14249.491025250378
  SUMM_ME: 2146.2196782341894
SystemInformation:
  OSName: Ubuntu 24.04.2 LTS
  Kernel: 6.8.0-1021-azure
  Device: ""
  Processor: INTEL XEON PLATINUM 8573C
  NumSockets: 1
  Manufacturer: GenuineIntel
  NumCores: 4
  NumLogicals: 8
  CPUFrequency: 2300
  Memory: 128810
  MemModuleInfo:
    iNumMemSticks: 3
    DIMM 1:
      manufacturer: Microsoft Corporation
      modulePartNo: None
      memType: Unknown
      size: 1
      clkspeed: 0
      moduleVoltage: 0
    DIMM 2:
      manufacturer: Microsoft Corporation
      modulePartNo: None
      memType: Unknown
      size: 59
      clkspeed: 0
      moduleVoltage: 0
    DIMM 3:
      manufacturer: Microsoft Corporation
      modulePartNo: None
      memType: Unknown
      size: 68
      clkspeed: 0
      moduleVoltage: 0
Checksum: 6EC22FF0D005B5303C55B490317AF192343D5BA5