"size","threads","connections","rps","latency","failed","server_usr","server_sys","client_usr","client_sys"
"1k",4,4,78715,0.000051610,0,8.44,13.90,2.63,15.18
"1k",4,8,79246,0.000198140,0,8.02,12.90,2.55,13.25
"1k",4,16,91006,0.000183790,0,7.92,13.51,2.37,13.81
"1k",4,32,105794,0.000348370,0,8.21,13.57,2.27,13.99
"1k",4,64,111291,0.000634830,0,8.50,13.89,2.35,14.42
"1k",4,128,114317,0.001150000,0,8.36,14.37,2.55,14.62
"1k",8,8,80894,0.000107210,0,7.94,13.88,2.70,15.30
"1k",8,16,84048,0.000201480,0,7.64,13.68,2.68,16.07
"1k",8,32,92084,0.000427960,0,7.45,13.67,2.58,16.00
"1k",8,64,94432,0.000813220,0,7.80,13.63,2.59,15.72
"1k",8,128,94829,0.001410000,0,8.03,13.65,2.62,15.47
"1k",16,16,82613,0.000213390,0,7.61,13.66,2.86,15.95
"1k",16,32,81820,0.000485080,0,7.19,13.17,2.71,16.65
"1k",16,64,81557,0.000870000,0,7.23,13.63,2.65,16.64
"1k",16,128,82134,0.001600000,0,7.49,13.74,2.63,16.01
"16k",4,4,64226,0.000064880,0,8.76,13.34,2.56,15.11
"16k",4,8,54368,0.000143410,0,8.00,13.22,2.20,13.59
"16k",4,16,57914,0.000286600,0,7.96,13.54,2.04,13.84
"16k",4,32,67861,0.000501550,0,7.98,13.65,1.96,14.30
"16k",4,64,59042,0.001130000,0,8.13,14.24,1.96,14.91
"16k",4,128,78215,0.001580000,0,8.11,14.51,2.25,14.97
"16k",8,8,57920,0.000151200,0,8.08,13.94,2.53,15.16
"16k",8,16,60914,0.000275740,0,7.72,13.63,2.50,16.06
"16k",8,32,63894,0.000594550,0,7.55,13.47,2.40,16.21
"16k",8,64,64748,0.001080000,0,7.69,13.81,2.27,15.98
"16k",8,128,64124,0.001990000,0,7.80,14.27,2.21,15.53
"16k",16,16,55607,0.000306770,0,7.70,13.82,2.74,15.76
"16k",16,32,56505,0.000652360,0,7.15,13.48,2.44,16.75
"16k",16,64,64956,0.001050000,0,7.14,13.69,2.49,16.70
"16k",16,128,68956,0.001880000,0,7.38,13.81,2.32,16.38
"64k",4,4,36203,0.000111520,0,7.58,14.88,2.27,15.27
"64k",4,8,35001,0.000266140,0,7.28,14.28,2.01,14.39
"64k",4,16,38843,0.000404010,0,6.90,14.61,1.83,14.55
"64k",4,32,45072,0.000685820,0,6.94,15.11,1.90,14.92
"64k",4,64,46822,0.001310000,0,6.78,15.63,1.75,15.49
"64k",4,128,47508,0.002420000,0,6.57,15.84,1.69,15.76
"64k",8,8,35579,0.000227940,0,7.21,15.03,2.27,15.46
"64k",8,16,37719,0.000425870,0,6.63,15.01,2.13,16.34
"64k",8,32,40578,0.000870000,0,6.47,14.92,2.02,16.42
"64k",8,64,42452,0.001550000,0,6.42,15.31,2.09,16.01
"64k",8,128,43089,0.002890000,0,6.66,15.51,1.94,15.87
"64k",16,16,36110,0.000450020,0,6.42,15.31,2.33,16.08
"64k",16,32,37334,0.000920000,0,6.08,14.79,2.14,16.81
"64k",16,64,38126,0.001720000,0,6.04,15.11,2.15,16.55
"64k",16,128,39355,0.003230000,0,6.21,15.45,2.06,16.17
"256k",4,4,15579,0.000256630,0,5.85,16.49,1.98,15.72
"256k",4,8,15839,0.000480420,0,6.47,15.90,1.68,14.93
"256k",4,16,18249,0.000850000,0,6.63,16.42,1.65,14.37
"256k",4,32,18515,0.001670000,0,6.28,17.09,1.55,14.90
"256k",4,64,18460,0.003170000,0,6.71,16.94,1.44,14.92
"256k",8,8,15874,0.000538420,0,6.17,16.53,1.88,15.51
"256k",8,16,16970,0.001000000,0,5.73,16.68,1.74,15.66
"256k",8,32,16960,0.001900000,0,5.79,17.09,1.72,15.27
"256k",8,64,16707,0.003760000,0,5.83,17.60,1.64,14.86
"256k",16,16,15483,0.001060000,0,5.57,16.70,1.88,15.61
"256k",16,32,11029,0.003140000,0,6.81,17.06,1.59,14.27
"256k",16,64,11710,0.005980000,0,6.45,17.42,1.52,14.33
"512k",4,4,6736,0.000714000,0,7.37,16.27,1.61,14.41
"512k",4,8,8166,0.001090000,0,6.51,16.60,1.44,13.99
"512k",4,16,10170,0.001490000,0,6.07,17.41,1.50,14.59
"512k",4,32,9985,0.002950000,0,6.43,17.84,1.34,14.38
"512k",4,64,9901,0.006090000,0,6.46,18.09,1.25,14.25
"512k",8,8,7789,0.001020000,0,5.61,18.26,1.69,14.31
"512k",8,16,8843,0.001810000,0,5.60,18.11,1.46,14.64
"512k",8,32,8962,0.003500000,0,5.90,18.25,1.43,14.36
"512k",8,64,9288,0.006760000,0,5.76,18.51,1.44,14.32
"512k",16,16,8894,0.001800000,0,5.10,17.80,1.78,15.16
"512k",16,32,9052,0.003520000,0,5.26,18.35,1.52,14.80
"512k",16,64,9059,0.007010000,0,5.30,18.43,1.55,14.67
