size_kb,operation,bandwidth_mb_s,latency_ns,latency_stddev_ns,latency_samples,threads,iterations,elapsed_s
32,read,1251954.01,0,0,0,16,554323,0.221383
32,write,1253048.94,0,0,0,16,568181,0.226719
32,copy,1225498.57,0,0,0,16,480769,0.196152
32,latency,0,2.05,0.00,7,1,7,0.294502
128,read,891711.35,0,0,0,16,119331,0.267645
128,write,1252854.67,0,0,0,16,151607,0.242018
128,copy,864913.09,0,0,0,16,97125,0.224589
128,latency,0,3.36,0.00,7,1,7,0.695790
512,read,836304.53,0,0,0,16,28545,0.273058
512,write,1250033.71,0,0,0,16,38296,0.245088
512,copy,499197.11,0,0,0,16,22532,0.361092
512,latency,0,5.32,0.01,7,1,7,0.696315
1024,read,719403.24,0,0,0,16,14459,0.321578
1024,write,949959.26,0,0,0,16,18592,0.313142
1024,copy,219380.37,0,0,0,16,8629,0.629336
1024,latency,0,9.74,0.03,7,1,7,0.621619
2048,read,372235.89,0,0,0,16,5857,0.503509
2048,write,416251.21,0,0,0,16,9222,0.708956
2048,copy,168802.98,0,0,0,16,3936,0.746148
2048,latency,0,20.74,0.01,7,1,7,0.697801
8192,read,237576.50,0,0,0,16,928,0.499982
8192,write,243729.66,0,0,0,16,1956,1.027237
8192,copy,120530.47,0,0,0,16,742,0.787983
8192,latency,0,27.08,0.01,7,1,7,0.758529
16384,read,219535.42,0,0,0,16,424,0.494426
16384,write,227011.85,0,0,0,16,950,1.071310
16384,copy,116927.62,0,0,0,16,354,0.775044
16384,latency,0,28.32,0.36,7,1,7,0.762155
32768,read,216818.24,0,0,0,16,204,0.481731
32768,write,216301.81,0,0,0,16,460,1.088849
32768,copy,114220.48,0,0,0,16,178,0.797895
32768,latency,0,40.42,8.38,21,1,21,2.345245
65536,read,217324.70,0,0,0,16,105,0.494744
65536,write,212916.12,0,0,0,16,230,1.106163
65536,copy,113853.27,0,0,0,16,99,0.890409
65536,latency,0,89.16,1.23,7,1,7,4.013290
131072,read,213412.13,0,0,0,16,54,0.518209
131072,write,209433.87,0,0,0,16,114,1.114777
131072,copy,112865.05,0,0,0,16,49,0.889133
131072,latency,0,107.51,0.43,7,1,7,9.729949
