---
system-info:
      stress-ng-version: 0.17.08
      run-by: root
      date-yyyy-mm-dd: 2024:06:07
      time-hh-mm-ss: 16:47:57
      epoch-secs: 1717778877
      hostname: af0313c36473
      sysname: Linux
      nodename: af0313c36473
      release: 6.8.0-1008-aws
      version: '#8-Ubuntu SMP Sat Apr 20 00:46:25 UTC 2024'
      machine: x86_64
      compiler: 'musl-gcc 13.2.1'
      uptime: 195
      totalram: 35905478656
      freeram: 31662743552
      sharedram: 22306816
      bufferram: 93872128
      totalswap: 0
      freeswap: 0
      pagesize: 4096
      cpus: 4
      cpus-online: 4
      ticks-per-second: 100

metrics:
    - stressor: cpu
      bogo-ops: 40709
      bogo-ops-per-second-usr-sys-time: 1023.709838
      bogo-ops-per-second-real-time: 4070.474397
      wall-clock-time: 10.001046
      user-time: 39.753960
      system-time: 0.012191
      cpu-usage-per-instance: 99.404984
      max-rss: 3920

...
