---
system-info:
      stress-ng-version: 0.17.08
      run-by: root
      date-yyyy-mm-dd: 2024:06:14
      time-hh-mm-ss: 15:56:34
      epoch-secs: 1718380594
      hostname: fae0b4cfabac
      sysname: Linux
      nodename: fae0b4cfabac
      release: 6.8.0-1008-aws
      version: '#8-Ubuntu SMP Sat Apr 20 00:46:25 UTC 2024'
      machine: x86_64
      compiler: 'musl-gcc 13.2.1'
      uptime: 208
      totalram: 35905470464
      freeram: 31551635456
      sharedram: 22306816
      bufferram: 109096960
      totalswap: 0
      freeswap: 0
      pagesize: 4096
      cpus: 4
      cpus-online: 4
      ticks-per-second: 100

metrics:
    - stressor: cpu
      bogo-ops: 67114
      bogo-ops-per-second-usr-sys-time: 843.128268
      bogo-ops-per-second-real-time: 3355.682939
      wall-clock-time: 20.000102
      user-time: 79.592106
      system-time: 0.009068
      cpu-usage-per-instance: 99.500962
      max-rss: 1104

...
