---
system-info:
      stress-ng-version: 0.17.08
      run-by: root
      date-yyyy-mm-dd: 2024:07:11
      time-hh-mm-ss: 13:53:19
      epoch-secs: 1720705999
      hostname: ip-172-31-7-36
      sysname: Linux
      nodename: ip-172-31-7-36
      release: 6.8.0-1010-aws
      version: '#10-Ubuntu SMP Thu Jun 13 17:36:15 UTC 2024'
      machine: x86_64
      compiler: 'musl-gcc 13.2.1'
      uptime: 118
      totalram: 65979400192
      freeram: 61007335424
      sharedram: 20045824
      bufferram: 125718528
      totalswap: 0
      freeswap: 0
      pagesize: 4096
      cpus: 8
      cpus-online: 8
      ticks-per-second: 100

metrics:
    - stressor: cpu
      bogo-ops: 239107
      bogo-ops-per-second-usr-sys-time: 1496.744382
      bogo-ops-per-second-real-time: 11955.326395
      wall-clock-time: 20.000039
      user-time: 159.734392
      system-time: 0.017001
      cpu-usage-per-instance: 99.844423
      max-rss: 1104

...
