---
system-info:
      stress-ng-version: 0.17.08
      run-by: root
      date-yyyy-mm-dd: 2024:06:09
      time-hh-mm-ss: 15:19:32
      epoch-secs: 1717946372
      hostname: 033a58a512ae
      sysname: Linux
      nodename: 033a58a512ae
      release: 6.8.0-1008-aws
      version: '#8-Ubuntu SMP Sat Apr 20 00:46:25 UTC 2024'
      machine: x86_64
      compiler: 'musl-gcc 13.2.1'
      uptime: 106
      totalram: 65979416576
      freeram: 61454594048
      sharedram: 20062208
      bufferram: 109166592
      totalswap: 0
      freeswap: 0
      pagesize: 4096
      cpus: 8
      cpus-online: 8
      ticks-per-second: 100

metrics:
    - stressor: cpu
      bogo-ops: 105652
      bogo-ops-per-second-usr-sys-time: 1322.999167
      bogo-ops-per-second-real-time: 10563.198483
      wall-clock-time: 10.001895
      user-time: 79.837965
      system-time: 0.019984
      cpu-usage-per-instance: 99.803525
      max-rss: 4048

...
