BaselineInfo:
  WebDBID: -1
  TimeStamp: 20260403210652
Version:
  Major: 11
  Minor: 0
  Build: 1004
  SpecialBuildName: ""
  ptArchitecture: x86_64_linux
Results:
  Results Complete: true
  NumTestProcesses: 2
  CPU_INTEGER_MATH: 6931.6116666666667
  CPU_FLOATINGPOINT_MATH: 3717.1589640406655
  CPU_PRIME: 17.173736641747336
  CPU_SORTING: 4353.6087389399445
  CPU_ENCRYPTION: 959.29795219364928
  CPU_COMPRESSION: 31918.400732390539
  CPU_SINGLETHREAD: 2291.7902959935395
  CPU_PHYSICS: 303.93204745408315
  CPU_MATRIX_MULT_SSE: 1719.5735403155593
  CPU_mm: 210.62093336989648
  CPU_sse: 746.87990696987777
  CPU_fma: 2235.1477573461757
  CPU_avx: 1580.8010105786555
  CPU_avx512: 2315.4654863675287
  m_CPU_enc_SHA: 313805142.49458915
  m_CPU_enc_AES: 2421160334.2861776
  m_CPU_enc_ECDSA: 282724951.77745688
  ME_ALLOC_S: 797.38104459364513
  ME_READ_S: 24706.272070312501
  ME_READ_L: 9816.4921875
  ME_WRITE: 10051.375
  ME_LARGE: 1054.8333333333333
  ME_LATENCY: 48.385592873122221
  ME_THREADED: 13676.68310546875
  SUMM_CPU: 2531.0677182596896
  SUMM_ME: 1231.2827842728334
SystemInformation:
  OSName: Ubuntu 24.04.4 LTS
  Kernel: 6.8.0-106-generic
  Device: ""
  Processor: Intel(R) Xeon(R) Platinum 8369HB CPU @ 3.30GHz
  NumSockets: 1
  Manufacturer: GenuineIntel
  NumCores: 1
  NumLogicals: 2
  CPUFrequency: 0
  CPUMaxFrequency: 0
  Memory: 7397
  CPUInfo:
    number: 1
    Family: 6
    Model: 5
    stepping: 11
    features: 529267711
    manufacture: GenuineIntel
    typestring: Intel(R) Xeon(R) Platinum 8369HB CPU @ 3.30GHz
    iCoresPerPackage: 1
    iThreadsPerPackage: 2
    featuresEx:
      - 529267711
      - 4277809667
      - 739248128
    bHybrid: false
    nPCore: 0
    nLogicalsPerPCore: 0
    nECore: 0
    nLogicalsPerECore: 0
  MemModuleInfo:
    iNumMemSticks: 1
    DIMM 1:
      manufacturer: Alibaba Cloud
      modulePartNo: Not Specified
      memType: RAM
      size: 8
      clkspeed: 0
      moduleVoltage: 0
Checksum: 652CDDDAE3D05CF2CCAD5D7D2770652FC5446752