---
system-info:
      stress-ng-version: 0.17.08
      run-by: root
      date-yyyy-mm-dd: 2024:06:19
      time-hh-mm-ss: 17:12:58
      epoch-secs: 1718817178
      hostname: e3015efc14a2
      sysname: Linux
      nodename: e3015efc14a2
      release: 6.8.0-1008-gcp
      version: '#9-Ubuntu SMP Wed May 22 18:40:57 UTC 2024'
      machine: aarch64
      compiler: 'musl-gcc 13.2.1'
      uptime: 177
      totalram: 16730468352
      freeram: 11868565504
      sharedram: 3506176
      bufferram: 128618496
      totalswap: 0
      freeswap: 0
      pagesize: 4096
      cpus: 4
      cpus-online: 4
      ticks-per-second: 100

metrics:
    - stressor: cpu
      bogo-ops: 36284
      bogo-ops-per-second-usr-sys-time: 1814.276290
      bogo-ops-per-second-real-time: 1814.196302
      wall-clock-time: 20.000041
      user-time: 19.999159
      system-time: 0.000000
      cpu-usage-per-instance: 99.995591
      max-rss: 1192

...
