BaselineInfo:
  WebDBID: -1
  TimeStamp: 20241108071709
Version:
  Major: 11
  Minor: 0
  Build: 1002
  SpecialBuildName: ""
  ptArchitecture: x86_64_linux
Results:
  Results Complete: true
  NumTestProcesses: 16
  CPU_INTEGER_MATH: 80604.808999999994
  CPU_FLOATINGPOINT_MATH: 56743.587939835554
  CPU_PRIME: 156.55471241240946
  CPU_SORTING: 39706.354813570848
  CPU_ENCRYPTION: 17664.334154670629
  CPU_COMPRESSION: 286475.84572210175
  CPU_SINGLETHREAD: 3084.9211039191473
  CPU_PHYSICS: 3590.3658112777707
  CPU_MATRIX_MULT_SSE: 22351.33914320499
  CPU_mm: 2254.7001934643622
  CPU_sse: 9874.2398260171958
  CPU_fma: 25232.854063248102
  CPU_avx: 20198.611349040213
  CPU_avx512: 34099.651334514456
  m_CPU_enc_SHA: 18651574299.303684
  m_CPU_enc_AES: 24224534279.386715
  m_CPU_enc_ECDSA: 12691081973.013321
  ME_ALLOC_S: 8450.6942257637184
  ME_READ_S: 27901.202929687501
  ME_READ_L: 9035.001953125
  ME_WRITE: 12644.515625
  ME_LARGE: 52881.5
  ME_LATENCY: 82.417627894706087
  ME_THREADED: 95493.08837890625
  SUMM_CPU: 27549.649917207924
  SUMM_ME: 2147.2481016662109
SystemInformation:
  OSName: Ubuntu 24.04.1 LTS
  Kernel: 6.8.0-1016-aws
  Device: ""
  Processor: Intel Xeon Platinum 8488C
  NumSockets: 1
  Manufacturer: GenuineIntel
  NumCores: 8
  NumLogicals: 16
  CPUFrequency: 0
  Memory: 63258
  MemModuleInfo:
    iNumMemSticks: 1
    DIMM 1:
      manufacturer: Not Specified
      modulePartNo: Not Specified
      memType: DDR5
      size: 64
      clkspeed: 2400
      moduleVoltage: 0
Checksum: 0B3A6672F1638BD5AEC79FA65D139BA241072846