---
system-info:
      stress-ng-version: 0.17.08
      run-by: root
      date-yyyy-mm-dd: 2024:09:17
      time-hh-mm-ss: 11:26:32
      epoch-secs: 1726572392
      hostname: sc-runner
      sysname: Linux
      nodename: sc-runner
      release: 6.8.0-1014-azure
      version: '#16-Ubuntu SMP Thu Aug 15 20:04:41 UTC 2024'
      machine: x86_64
      compiler: 'musl-gcc 13.2.1'
      uptime: 468
      totalram: 236434190336
      freeram: 225913241600
      sharedram: 46542848
      bufferram: 265158656
      totalswap: 0
      freeswap: 0
      pagesize: 4096
      cpus: 16
      cpus-online: 16
      ticks-per-second: 100

metrics:
    - stressor: cpu
      bogo-ops: 10185
      bogo-ops-per-second-usr-sys-time: 509.251579
      bogo-ops-per-second-real-time: 509.241416
      wall-clock-time: 20.000337
      user-time: 19.997938
      system-time: 0.002000
      cpu-usage-per-instance: 99.998004
      max-rss: 3152

...
