BaselineInfo:
  WebDBID: -1
  TimeStamp: 20260404115010
Version:
  Major: 11
  Minor: 0
  Build: 1004
  SpecialBuildName: ""
  ptArchitecture: x86_64_linux
Results:
  Results Complete: true
  NumTestProcesses: 8
  CPU_INTEGER_MATH: 19655.237666666664
  CPU_FLOATINGPOINT_MATH: 10554.418700137845
  CPU_PRIME: 44.856336665385534
  CPU_SORTING: 12059.989053894971
  CPU_ENCRYPTION: 2719.5268835711731
  CPU_COMPRESSION: 90902.347328930482
  CPU_SINGLETHREAD: 1685.8147078826166
  CPU_PHYSICS: 760.45688930540086
  CPU_MATRIX_MULT_SSE: 6053.2830073930472
  CPU_mm: 599.2549053680259
  CPU_sse: 2124.4516918309018
  CPU_fma: 7306.2518651521823
  CPU_avx: 5164.8303330593171
  CPU_avx512: 9617.5981395297895
  m_CPU_enc_SHA: 889033546.8639009
  m_CPU_enc_AES: 6859819876.7000408
  m_CPU_enc_ECDSA: 806038440.83863795
  ME_ALLOC_S: 2198.2102848723539
  ME_READ_S: 19391.367382812499
  ME_READ_L: 6384.06005859375
  ME_WRITE: 6638.8759765625
  ME_LARGE: 3607.1666666666665
  ME_LATENCY: 76.088860562987136
  ME_THREADED: 37491.18359375
  SUMM_CPU: 6992.3301967828902
  SUMM_ME: 1489.735001393838
SystemInformation:
  OSName: Ubuntu 24.04.4 LTS
  Kernel: 6.8.0-106-generic
  Device: ""
  Processor: Intel(R) Xeon(R) Platinum 8269CY CPU @ 2.50GHz
  NumSockets: 1
  Manufacturer: GenuineIntel
  NumCores: 4
  NumLogicals: 8
  CPUFrequency: 2500
  CPUMaxFrequency: 3800
  Memory: 15606
  CPUInfo:
    number: 1
    Family: 6
    Model: 5
    stepping: 7
    features: 529267711
    manufacture: GenuineIntel
    typestring: Intel(R) Xeon(R) Platinum 8269CY CPU @ 2.50GHz
    iCoresPerPackage: 4
    iThreadsPerPackage: 2
    featuresEx:
      - 529267711
      - 4294586883
      - 739248128
    bHybrid: false
    nPCore: 0
    nLogicalsPerPCore: 0
    nECore: 0
    nLogicalsPerECore: 0
  MemModuleInfo:
    iNumMemSticks: 1
    DIMM 1:
      manufacturer: Alibaba Cloud
      modulePartNo: Not Specified
      memType: RAM
      size: 16
      clkspeed: 0
      moduleVoltage: 0
Checksum: B4A5236F06B834173FC87DD795FABC55B3D52D6D