---
system-info:
      stress-ng-version: 0.17.08
      run-by: root
      date-yyyy-mm-dd: 2024:06:15
      time-hh-mm-ss: 15:22:37
      epoch-secs: 1718464957
      hostname: dbc86e6fc87c
      sysname: Linux
      nodename: dbc86e6fc87c
      release: 6.8.0-1008-aws
      version: '#8-Ubuntu SMP Sat Apr 20 00:46:25 UTC 2024'
      machine: x86_64
      compiler: 'musl-gcc 13.2.1'
      uptime: 208
      totalram: 268272340992
      freeram: 263286042624
      sharedram: 20135936
      bufferram: 109989888
      totalswap: 0
      freeswap: 0
      pagesize: 4096
      cpus: 32
      cpus-online: 32
      ticks-per-second: 100

metrics:
    - stressor: cpu
      bogo-ops: 11824
      bogo-ops-per-second-usr-sys-time: 591.213361
      bogo-ops-per-second-real-time: 591.194284
      wall-clock-time: 20.000193
      user-time: 19.999548
      system-time: 0.000000
      cpu-usage-per-instance: 99.996773
      max-rss: 776

...
