---
system-info:
      stress-ng-version: 0.17.08
      run-by: root
      date-yyyy-mm-dd: 2024:07:03
      time-hh-mm-ss: 15:51:43
      epoch-secs: 1720021903
      hostname: c3d-highcpu-180-8e1da31
      sysname: Linux
      nodename: c3d-highcpu-180-8e1da31
      release: 6.8.0-1009-gcp
      version: '#10-Ubuntu SMP Wed Jun 12 18:52:23 UTC 2024'
      machine: x86_64
      compiler: 'musl-gcc 13.2.1'
      uptime: 149
      totalram: 373777670144
      freeram: 367801147392
      sharedram: 35680256
      bufferram: 132972544
      totalswap: 0
      freeswap: 0
      pagesize: 4096
      cpus: 180
      cpus-online: 180
      ticks-per-second: 100

metrics:
    - stressor: cpu
      bogo-ops: 61449
      bogo-ops-per-second-usr-sys-time: 3072.555389
      bogo-ops-per-second-real-time: 3072.443224
      wall-clock-time: 20.000044
      user-time: 19.999314
      system-time: 0.000000
      cpu-usage-per-instance: 99.996349
      max-rss: 0

...
