BaselineInfo:
  WebDBID: -1
  TimeStamp: 20241108162102
Version:
  Major: 11
  Minor: 0
  Build: 1002
  SpecialBuildName: ""
  ptArchitecture: x86_64_linux
Results:
  Results Complete: true
  NumTestProcesses: 16
  CPU_INTEGER_MATH: 45184.281666666669
  CPU_FLOATINGPOINT_MATH: 24203.85837013874
  CPU_PRIME: 66.453574655557844
  CPU_SORTING: 23384.691237442526
  CPU_ENCRYPTION: 6215.1859216647208
  CPU_COMPRESSION: 200537.78217352464
  CPU_SINGLETHREAD: 1805.1023681583945
  CPU_PHYSICS: 1312.319414581051
  CPU_MATRIX_MULT_SSE: 12215.368021432696
  CPU_mm: 1378.5850478634693
  CPU_sse: 4874.3453151723752
  CPU_fma: 14607.739194532331
  CPU_avx: 10325.215190416335
  CPU_avx512: 19054.172385609738
  m_CPU_enc_SHA: 2037598419.2040155
  m_CPU_enc_AES: 15687374184.853189
  m_CPU_enc_ECDSA: 1826311774.9293168
  ME_ALLOC_S: 5270.9160258320753
  ME_READ_S: 21703.527148437501
  ME_READ_L: 9376.0791015625
  ME_WRITE: 9203.6875
  ME_LARGE: 117206.16666666667
  ME_LATENCY: 59.950242447183847
  ME_THREADED: 69462.3369140625
  SUMM_CPU: 14138.818511456442
  SUMM_ME: 2298.5215718531172
SystemInformation:
  OSName: Ubuntu 24.04.1 LTS
  Kernel: 6.8.0-1016-aws
  Device: ""
  Processor: Intel Xeon Platinum 8259CL CPU @ 2.50GHz
  NumSockets: 1
  Manufacturer: GenuineIntel
  NumCores: 8
  NumLogicals: 16
  CPUFrequency: 0
  Memory: 127432
  MemModuleInfo:
    iNumMemSticks: 1
    DIMM 1:
      manufacturer: Not Specified
      modulePartNo: Not Specified
      memType: DDR4
      size: 128
      clkspeed: 1600
      moduleVoltage: 0
Checksum: BA5552D06CA9CA17F6B8ABB44F7E87B25D557025