BaselineInfo:
  WebDBID: -1
  TimeStamp: 20250422000857
Version:
  Major: 11
  Minor: 0
  Build: 1002
  SpecialBuildName: ""
  ptArchitecture: aarch64_linux
Results:
  Results Complete: true
  NumTestProcesses: 16
  CPU_INTEGER_MATH: 83526.245999999999
  CPU_FLOATINGPOINT_MATH: 97030.810356015136
  CPU_PRIME: 265.37542824146448
  CPU_SORTING: 74277.702579277306
  CPU_ENCRYPTION: 3021.9991458414383
  CPU_COMPRESSION: 106383.96793749848
  CPU_SINGLETHREAD: 1942.6473587674286
  CPU_PHYSICS: 4858.3913036186368
  CPU_MATRIX_MULT_SSE: 14749.087563008316
  CPU_mm: 1794.6716541180317
  CPU_sse: 11602.640664553484
  CPU_fma: 17895.534461463147
  CPU_avx: 0
  CPU_avx512: 0
  m_CPU_enc_SHA: 4720898309.7098446
  m_CPU_enc_AES: 1721726064.0219953
  m_CPU_enc_ECDSA: 3063762955.3176579
  ME_ALLOC_S: 24183.551094047223
  ME_READ_S: 21202.952734375001
  ME_READ_L: 20173.31640625
  ME_WRITE: 21298.333984375
  ME_LARGE: 116417.66666666667
  ME_LATENCY: 47.254105818145824
  ME_THREADED: 282859.666015625
  SUMM_CPU: 14595.533138818622
  SUMM_ME: 3332.3445012208267
SystemInformation:
  OSName: Ubuntu 24.04.2 LTS
  Kernel: 6.8.0-1027-aws
  Device: ""
  Processor: ARM Neoverse-V2 16 Core 0 MHz
  NumSockets: 1
  Manufacturer: ARM
  NumCores: 16
  NumLogicals: 16
  CPUFrequency: 0
  Memory: 126510
Checksum: C3875403B0494DB4ADCDBC9E91862658BCE087EB