BaselineInfo:
  WebDBID: -1
  TimeStamp: 20241109084840
Version:
  Major: 11
  Minor: 0
  Build: 1002
  SpecialBuildName: ""
  ptArchitecture: aarch64_linux
Results:
  Results Complete: true
  NumTestProcesses: 64
  CPU_INTEGER_MATH: 333800.44133333326
  CPU_FLOATINGPOINT_MATH: 387803.0563572683
  CPU_PRIME: 632.01540170498583
  CPU_SORTING: 291013.06619767495
  CPU_ENCRYPTION: 12133.618796792822
  CPU_COMPRESSION: 425789.76523325447
  CPU_SINGLETHREAD: 1943.2910083616064
  CPU_PHYSICS: 14967.386922892143
  CPU_MATRIX_MULT_SSE: 56254.550251511115
  CPU_mm: 7226.8407833036881
  CPU_sse: 44183.095282524635
  CPU_fma: 68326.005220497609
  CPU_avx: 0
  CPU_avx512: 0
  m_CPU_enc_SHA: 19200945377.679459
  m_CPU_enc_AES: 6864027890.3978958
  m_CPU_enc_ECDSA: 12104091122.320148
  ME_ALLOC_S: 46812.993126884256
  ME_READ_S: 21203.632226562499
  ME_READ_L: 19572.501953125
  ME_WRITE: 21275.74609375
  ME_LARGE: 113679.41666666667
  ME_LATENCY: 48.082683411483366
  ME_THREADED: 479434.23486328125
  SUMM_CPU: 44078.81694453083
  SUMM_ME: 3321.1085333567862
SystemInformation:
  OSName: Ubuntu 24.04.1 LTS
  Kernel: 6.8.0-1016-aws
  Device: ""
  Processor: ARM Neoverse-V2 64 Core 0 MHz
  NumSockets: 1
  Manufacturer: ARM
  NumCores: 64
  NumLogicals: 64
  CPUFrequency: 0
  Memory: 126497
Checksum: A12BAC1B8F200142CE04091780DCD67AEA132B8E