---
system-info:
      stress-ng-version: 0.17.08
      run-by: root
      date-yyyy-mm-dd: 2024:09:17
      time-hh-mm-ss: 05:46:11
      epoch-secs: 1726551971
      hostname: sc-runner
      sysname: Linux
      nodename: sc-runner
      release: 6.8.0-1014-azure
      version: '#16-Ubuntu SMP Thu Aug 15 20:04:41 UTC 2024'
      machine: x86_64
      compiler: 'musl-gcc 13.2.1'
      uptime: 402
      totalram: 270452174848
      freeram: 259015843840
      sharedram: 38301696
      bufferram: 256180224
      totalswap: 0
      freeswap: 0
      pagesize: 4096
      cpus: 32
      cpus-online: 32
      ticks-per-second: 100

metrics:
    - stressor: cpu
      bogo-ops: 13378
      bogo-ops-per-second-usr-sys-time: 668.955657
      bogo-ops-per-second-real-time: 668.894833
      wall-clock-time: 20.000154
      user-time: 19.998336
      system-time: 0.000000
      cpu-usage-per-instance: 99.990908
      max-rss: 3080

...
