---
system-info:
      stress-ng-version: 0.17.08
      run-by: root
      date-yyyy-mm-dd: 2024:06:08
      time-hh-mm-ss: 17:54:36
      epoch-secs: 1717869276
      hostname: 61997dd6fb2e
      sysname: Linux
      nodename: 61997dd6fb2e
      release: 6.8.0-1008-aws
      version: '#8-Ubuntu SMP Sat Apr 20 00:46:25 UTC 2024'
      machine: x86_64
      compiler: 'musl-gcc 13.2.1'
      uptime: 110
      totalram: 66330984448
      freeram: 61778100224
      sharedram: 59920384
      bufferram: 104501248
      totalswap: 0
      freeswap: 0
      pagesize: 4096
      cpus: 16
      cpus-online: 16
      ticks-per-second: 100

metrics:
    - stressor: cpu
      bogo-ops: 16761
      bogo-ops-per-second-usr-sys-time: 1675.577722
      bogo-ops-per-second-real-time: 1675.592125
      wall-clock-time: 10.003031
      user-time: 10.003117
      system-time: 0.000000
      cpu-usage-per-instance: 100.000860
      max-rss: 3792

...
