---
system-info:
      stress-ng-version: 0.17.08
      run-by: root
      date-yyyy-mm-dd: 2024:06:15
      time-hh-mm-ss: 01:20:29
      epoch-secs: 1718414429
      hostname: 6ae7462db9af
      sysname: Linux
      nodename: 6ae7462db9af
      release: 6.8.0-1008-aws
      version: '#8-Ubuntu SMP Sat Apr 20 00:46:25 UTC 2024'
      machine: x86_64
      compiler: 'musl-gcc 13.2.1'
      uptime: 147
      totalram: 66330980352
      freeram: 61807759360
      sharedram: 59920384
      bufferram: 108982272
      totalswap: 0
      freeswap: 0
      pagesize: 4096
      cpus: 16
      cpus-online: 16
      ticks-per-second: 100

metrics:
    - stressor: cpu
      bogo-ops: 37839
      bogo-ops-per-second-usr-sys-time: 1891.926729
      bogo-ops-per-second-real-time: 1891.939625
      wall-clock-time: 20.000110
      user-time: 20.000246
      system-time: 0.000000
      cpu-usage-per-instance: 100.000682
      max-rss: 1104

...
