BaselineInfo:
  WebDBID: -1
  TimeStamp: 20241109072201
Version:
  Major: 11
  Minor: 0
  Build: 1002
  SpecialBuildName: ""
  ptArchitecture: x86_64_linux
Results:
  Results Complete: true
  NumTestProcesses: 48
  CPU_INTEGER_MATH: 132028.16833333333
  CPU_FLOATINGPOINT_MATH: 70787.680355474309
  CPU_PRIME: 213.45900738621609
  CPU_SORTING: 67880.033939398447
  CPU_ENCRYPTION: 18121.532950019737
  CPU_COMPRESSION: 578405.98156772123
  CPU_SINGLETHREAD: 1789.4791126898722
  CPU_PHYSICS: 3833.9667669896771
  CPU_MATRIX_MULT_SSE: 41515.260165469583
  CPU_mm: 3561.0510607680735
  CPU_sse: 14233.643514516665
  CPU_fma: 48840.400212017856
  CPU_avx: 34122.326071162679
  CPU_avx512: 68864.670864181127
  m_CPU_enc_SHA: 5961460098.2642841
  m_CPU_enc_AES: 45717765946.14418
  m_CPU_enc_ECDSA: 5326187559.391201
  ME_ALLOC_S: 15709.642571025382
  ME_READ_S: 21833.510156249999
  ME_READ_L: 11673.8818359375
  ME_WRITE: 9570.267578125
  ME_LARGE: 181870.75
  ME_LATENCY: 48.526420012958603
  ME_THREADED: 181096.02612304688
  SUMM_CPU: 34624.216621135965
  SUMM_ME: 2754.3666831007808
SystemInformation:
  OSName: Ubuntu 24.04.1 LTS
  Kernel: 6.8.0-1017-azure
  Device: ""
  Processor: Intel Xeon Platinum 8272CL CPU @ 2.60GHz
  NumSockets: 2
  Manufacturer: GenuineIntel
  NumCores: 24
  NumLogicals: 48
  CPUFrequency: 0
  Memory: 193402
  MemModuleInfo:
    iNumMemSticks: 4
    DIMM 1:
      manufacturer: Microsoft Corporation
      modulePartNo: None
      memType: Unknown
      size: 1
      clkspeed: 0
      moduleVoltage: 0
    DIMM 2:
      manufacturer: Microsoft Corporation
      modulePartNo: None
      memType: Unknown
      size: 60928
      clkspeed: 0
      moduleVoltage: 0
    DIMM 3:
      manufacturer: Microsoft Corporation
      modulePartNo: None
      memType: Unknown
      size: 36352
      clkspeed: 0
      moduleVoltage: 0
    DIMM 4:
      manufacturer: Microsoft Corporation
      modulePartNo: None
      memType: Unknown
      size: 96
      clkspeed: 0
      moduleVoltage: 0
Checksum: B9915110DD0BE1E9773E4D7F8ED5851B5595EC85