BaselineInfo:
  WebDBID: -1
  TimeStamp: 20260706140743
Version:
  Major: 11
  Minor: 0
  Build: 1004
  SpecialBuildName: ""
  ptArchitecture: x86_64_linux
Results:
  Results Complete: true
  NumTestProcesses: 8
  CPU_INTEGER_MATH: 39429.684333333338
  CPU_FLOATINGPOINT_MATH: 31321.685428736651
  CPU_PRIME: 125.56376451567235
  CPU_SORTING: 23463.518649044116
  CPU_ENCRYPTION: 4816.7658851687002
  CPU_COMPRESSION: 174552.48519400592
  CPU_SINGLETHREAD: 2279.4069909605537
  CPU_PHYSICS: 2082.6526844151822
  CPU_MATRIX_MULT_SSE: 11615.497423311674
  CPU_mm: 1815.0320308897494
  CPU_sse: 5900.4745795611689
  CPU_fma: 16725.555897414946
  CPU_avx: 12220.461792958904
  CPU_avx512: 0
  m_CPU_enc_SHA: 2393964389.3021922
  m_CPU_enc_AES: 10632332375.869972
  m_CPU_enc_ECDSA: 2125938549.2478008
  ME_ALLOC_S: 3658.7993861717505
  ME_READ_S: 22208.3798828125
  ME_READ_L: 9365.875
  ME_WRITE: 10040.1904296875
  ME_LARGE: 31845.333333333332
  ME_LATENCY: 65.408826193529208
  ME_THREADED: 70960.853515625
  SUMM_CPU: 14090.904788441303
  SUMM_ME: 2190.3514374637584
SystemInformation:
  OSName: Ubuntu 24.04.4 LTS
  Kernel: 6.8.0-134-generic
  Device: ""
  Processor: Intel Core Processor (Broadwell, no TSX, IBRS)
  NumSockets: 1
  Manufacturer: GenuineIntel
  NumCores: 4
  NumLogicals: 8
  CPUFrequency: 7
  CPUMaxFrequency: 832
  Memory: 40105
  CPUInfo:
    number: 1
    Family: 6
    Model: 13
    stepping: 2
    features: 395049983
    manufacture: GenuineIntel
    typestring: Intel Core Processor (Broadwell, no TSX, IBRS)
    iCoresPerPackage: 4
    iThreadsPerPackage: 2
    featuresEx:
      - 395049983
      - 4294586883
      - 672139264
    bHybrid: false
    nPCore: 0
    nLogicalsPerPCore: 0
    nECore: 0
    nLogicalsPerECore: 0
  MemModuleInfo:
    iNumMemSticks: 3
    DIMM 1:
      manufacturer: QEMU
      modulePartNo: Not Specified
      memType: RAM
      size: 16
      clkspeed: 0
      moduleVoltage: 0
    DIMM 2:
      manufacturer: QEMU
      modulePartNo: Not Specified
      memType: RAM
      size: 16
      clkspeed: 0
      moduleVoltage: 0
    DIMM 3:
      manufacturer: QEMU
      modulePartNo: Not Specified
      memType: RAM
      size: 8
      clkspeed: 0
      moduleVoltage: 0
Checksum: CA0DB328BBC50A37CDC69F8E234C8C0E8C3E6870