---
system-info:
      stress-ng-version: 0.17.08
      run-by: root
      date-yyyy-mm-dd: 2024:07:02
      time-hh-mm-ss: 15:37:56
      epoch-secs: 1719934676
      hostname: t2d-standard-60-93f2a76
      sysname: Linux
      nodename: t2d-standard-60-93f2a76
      release: 6.8.0-1009-gcp
      version: '#10-Ubuntu SMP Wed Jun 12 18:52:23 UTC 2024'
      machine: x86_64
      compiler: 'musl-gcc 13.2.1'
      uptime: 141
      totalram: 253328809984
      freeram: 247613370368
      sharedram: 35459072
      bufferram: 127578112
      totalswap: 0
      freeswap: 0
      pagesize: 4096
      cpus: 60
      cpus-online: 60
      ticks-per-second: 100

metrics:
    - stressor: cpu
      bogo-ops: 3226305
      bogo-ops-per-second-usr-sys-time: 2690.213490
      bogo-ops-per-second-real-time: 161314.883792
      wall-clock-time: 20.000045
      user-time: 1199.240722
      system-time: 0.033987
      cpu-usage-per-instance: 99.939332
      max-rss: 480

...
