---
system-info:
      stress-ng-version: 0.17.08
      run-by: root
      date-yyyy-mm-dd: 2024:09:17
      time-hh-mm-ss: 05:15:41
      epoch-secs: 1726550141
      hostname: sc-runner
      sysname: Linux
      nodename: sc-runner
      release: 6.8.0-1014-azure
      version: '#16-Ubuntu SMP Thu Aug 15 20:04:41 UTC 2024'
      machine: x86_64
      compiler: 'musl-gcc 13.2.1'
      uptime: 318
      totalram: 202798829568
      freeram: 191556542464
      sharedram: 79921152
      bufferram: 242696192
      totalswap: 0
      freeswap: 0
      pagesize: 4096
      cpus: 48
      cpus-online: 48
      ticks-per-second: 100

metrics:
    - stressor: cpu
      bogo-ops: 893709
      bogo-ops-per-second-usr-sys-time: 931.569287
      bogo-ops-per-second-real-time: 44685.233850
      wall-clock-time: 20.000097
      user-time: 959.297628
      system-time: 0.060964
      cpu-usage-per-instance: 99.932703
      max-rss: 3256

...
