---
system-info:
      stress-ng-version: 0.17.08
      run-by: root
      date-yyyy-mm-dd: 2024:06:09
      time-hh-mm-ss: 14:32:50
      epoch-secs: 1717943570
      hostname: 69f2f1cf5014
      sysname: Linux
      nodename: 69f2f1cf5014
      release: 6.8.0-1008-aws
      version: '#8-Ubuntu SMP Sat Apr 20 00:46:25 UTC 2024'
      machine: x86_64
      compiler: 'musl-gcc 13.2.1'
      uptime: 117
      totalram: 267397988352
      freeram: 262673891328
      sharedram: 40988672
      bufferram: 108486656
      totalswap: 0
      freeswap: 0
      pagesize: 4096
      cpus: 32
      cpus-online: 32
      ticks-per-second: 100

metrics:
    - stressor: cpu
      bogo-ops: 326273
      bogo-ops-per-second-usr-sys-time: 1020.426102
      bogo-ops-per-second-real-time: 32621.334536
      wall-clock-time: 10.001829
      user-time: 319.690955
      system-time: 0.050964
      cpu-usage-per-instance: 99.901081
      max-rss: 3848

...
