---
system-info:
      stress-ng-version: 0.17.08
      run-by: root
      date-yyyy-mm-dd: 2024:06:15
      time-hh-mm-ss: 16:56:00
      epoch-secs: 1718470560
      hostname: f7fd2e3bddca
      sysname: Linux
      nodename: f7fd2e3bddca
      release: 6.8.0-1008-aws
      version: '#8-Ubuntu SMP Sat Apr 20 00:46:25 UTC 2024'
      machine: x86_64
      compiler: 'musl-gcc 13.2.1'
      uptime: 121
      totalram: 267397976064
      freeram: 262753345536
      sharedram: 40988672
      bufferram: 108732416
      totalswap: 0
      freeswap: 0
      pagesize: 4096
      cpus: 32
      cpus-online: 32
      ticks-per-second: 100

metrics:
    - stressor: cpu
      bogo-ops: 540939
      bogo-ops-per-second-usr-sys-time: 845.849314
      bogo-ops-per-second-real-time: 27046.800748
      wall-clock-time: 20.000110
      user-time: 639.492722
      system-time: 0.028988
      cpu-usage-per-instance: 99.924716
      max-rss: 1032

...
