---
system-info:
      stress-ng-version: 0.17.08
      run-by: root
      date-yyyy-mm-dd: 2024:08:17
      time-hh-mm-ss: 19:23:51
      epoch-secs: 1723922631
      hostname: ip-172-31-3-44
      sysname: Linux
      nodename: ip-172-31-3-44
      release: 6.8.0-1013-aws
      version: '#14-Ubuntu SMP Thu Jul 25 21:19:24 UTC 2024'
      machine: x86_64
      compiler: 'musl-gcc 13.2.1'
      uptime: 329
      totalram: 1602032025600
      freeram: 1591677906944
      sharedram: 72212480
      bufferram: 193175552
      totalswap: 0
      freeswap: 0
      pagesize: 4096
      cpus: 192
      cpus-online: 192
      ticks-per-second: 100

metrics:
    - stressor: cpu
      bogo-ops: 59800
      bogo-ops-per-second-usr-sys-time: 2990.118708
      bogo-ops-per-second-real-time: 2989.992444
      wall-clock-time: 20.000051
      user-time: 19.998207
      system-time: 0.000999
      cpu-usage-per-instance: 99.995777
      max-rss: 0

...
