---
system-info:
      stress-ng-version: 0.17.08
      run-by: root
      date-yyyy-mm-dd: 2024:06:13
      time-hh-mm-ss: 20:56:02
      epoch-secs: 1718312162
      hostname: f469a94301ca
      sysname: Linux
      nodename: f469a94301ca
      release: 6.8.0-1008-aws
      version: '#8-Ubuntu SMP Sat Apr 20 00:46:25 UTC 2024'
      machine: x86_64
      compiler: 'musl-gcc 13.2.1'
      uptime: 186
      totalram: 33263853568
      freeram: 28911636480
      sharedram: 40771584
      bufferram: 105598976
      totalswap: 0
      freeswap: 0
      pagesize: 4096
      cpus: 8
      cpus-online: 8
      ticks-per-second: 100

metrics:
    - stressor: cpu
      bogo-ops: 132307
      bogo-ops-per-second-usr-sys-time: 829.634652
      bogo-ops-per-second-real-time: 6615.321157
      wall-clock-time: 20.000087
      user-time: 159.436015
      system-time: 0.040207
      cpu-usage-per-instance: 99.672204
      max-rss: 1104

...
