---
system-info:
      stress-ng-version: 0.17.08
      run-by: root
      date-yyyy-mm-dd: 2024:06:08
      time-hh-mm-ss: 07:55:50
      epoch-secs: 1717833350
      hostname: c49058c70557
      sysname: Linux
      nodename: c49058c70557
      release: 6.8.0-1008-aws
      version: '#8-Ubuntu SMP Sat Apr 20 00:46:25 UTC 2024'
      machine: x86_64
      compiler: 'musl-gcc 13.2.1'
      uptime: 151
      totalram: 33263845376
      freeram: 28885413888
      sharedram: 40771584
      bufferram: 97677312
      totalswap: 0
      freeswap: 0
      pagesize: 4096
      cpus: 8
      cpus-online: 8
      ticks-per-second: 100

metrics:
    - stressor: cpu
      bogo-ops: 75335
      bogo-ops-per-second-usr-sys-time: 945.044060
      bogo-ops-per-second-real-time: 7532.184186
      wall-clock-time: 10.001747
      user-time: 79.698047
      system-time: 0.017813
      cpu-usage-per-instance: 99.627421
      max-rss: 3920

...
