---
system-info:
      stress-ng-version: 0.17.08
      run-by: root
      date-yyyy-mm-dd: 2024:06:21
      time-hh-mm-ss: 06:51:20
      epoch-secs: 1718952680
      hostname: 0e1dc114ebae
      sysname: Linux
      nodename: 0e1dc114ebae
      release: 6.8.0-1008-gcp
      version: '#9-Ubuntu SMP Wed May 22 18:09:04 UTC 2024'
      machine: x86_64
      compiler: 'musl-gcc 13.2.1'
      uptime: 208
      totalram: 33652191232
      freeram: 28527513600
      sharedram: 59113472
      bufferram: 134483968
      totalswap: 0
      freeswap: 0
      pagesize: 4096
      cpus: 8
      cpus-online: 8
      ticks-per-second: 100

metrics:
    - stressor: cpu
      bogo-ops: 22153
      bogo-ops-per-second-usr-sys-time: 1107.787864
      bogo-ops-per-second-real-time: 1107.646765
      wall-clock-time: 20.000058
      user-time: 19.997511
      system-time: 0.000000
      cpu-usage-per-instance: 99.987263
      max-rss: 1104

...
