---
system-info:
      stress-ng-version: 0.17.08
      run-by: root
      date-yyyy-mm-dd: 2024:06:06
      time-hh-mm-ss: 15:23:18
      epoch-secs: 1717687398
      hostname: 06f74db15958
      sysname: Linux
      nodename: 06f74db15958
      release: 6.8.0-1008-aws
      version: '#8-Ubuntu SMP Sat Apr 20 02:43:14 UTC 2024'
      machine: aarch64
      compiler: 'musl-gcc 13.2.1'
      uptime: 113
      totalram: 16434499584
      freeram: 12240265216
      sharedram: 34996224
      bufferram: 84258816
      totalswap: 0
      freeswap: 0
      pagesize: 4096
      cpus: 8
      cpus-online: 8
      ticks-per-second: 100

metrics:
    - stressor: cpu
      bogo-ops: 4267
      bogo-ops-per-second-usr-sys-time: 425.083874
      bogo-ops-per-second-real-time: 425.082715
      wall-clock-time: 10.038046
      user-time: 10.036019
      system-time: 0.002000
      cpu-usage-per-instance: 99.999727
      max-rss: 4008

...
