---
system-info:
      stress-ng-version: 0.17.08
      run-by: root
      date-yyyy-mm-dd: 2024:06:14
      time-hh-mm-ss: 09:21:56
      epoch-secs: 1718356916
      hostname: 7600fc0a77eb
      sysname: Linux
      nodename: 7600fc0a77eb
      release: 6.8.0-1008-aws
      version: '#8-Ubuntu SMP Sat Apr 20 02:43:14 UTC 2024'
      machine: aarch64
      compiler: 'musl-gcc 13.2.1'
      uptime: 140
      totalram: 16434503680
      freeram: 12140879872
      sharedram: 34996224
      bufferram: 107589632
      totalswap: 0
      freeswap: 0
      pagesize: 4096
      cpus: 8
      cpus-online: 8
      ticks-per-second: 100

metrics:
    - stressor: cpu
      bogo-ops: 30674
      bogo-ops-per-second-usr-sys-time: 1533.680599
      bogo-ops-per-second-real-time: 1533.688957
      wall-clock-time: 20.000144
      user-time: 20.000253
      system-time: 0.000000
      cpu-usage-per-instance: 100.000545
      max-rss: 1320

...
