BaselineInfo:
  WebDBID: -1
  TimeStamp: 20241111115804
Version:
  Major: 11
  Minor: 0
  Build: 1002
  SpecialBuildName: ""
  ptArchitecture: aarch64_linux
Results:
  Results Complete: true
  NumTestProcesses: 96
  CPU_INTEGER_MATH: 603798.69700000004
  CPU_FLOATINGPOINT_MATH: 506961.21225515334
  CPU_PRIME: 648.24085251423423
  CPU_SORTING: 478148.09209215385
  CPU_ENCRYPTION: 18049.373986225866
  CPU_COMPRESSION: 657032.9946647397
  CPU_SINGLETHREAD: 1879.071562083594
  CPU_PHYSICS: 18681.782820002391
  CPU_MATRIX_MULT_SSE: 85625.668082212927
  CPU_mm: 13759.015907303839
  CPU_sse: 72214.216603166715
  CPU_fma: 99037.119561259155
  CPU_avx: 0
  CPU_avx512: 0
  m_CPU_enc_SHA: 26415728830.360706
  m_CPU_enc_AES: 11595262873.13381
  m_CPU_enc_ECDSA: 18767429427.447823
  ME_ALLOC_S: 38023.479483646748
  ME_READ_S: 25411.106835937499
  ME_READ_L: 19709.267578125
  ME_WRITE: 25726.45703125
  ME_LARGE: 368540.33333333331
  ME_LATENCY: 53.074879077500924
  ME_THREADED: 497815.6669921875
  SUMM_CPU: 56580.125109479581
  SUMM_ME: 3386.2948389833709
SystemInformation:
  OSName: Ubuntu 24.04.1 LTS
  Kernel: 6.8.0-1017-azure
  Device: ""
  Processor: ARM Neoverse-N2 96 Core 0 MHz
  NumSockets: 1
  Manufacturer: ARM
  NumCores: 96
  NumLogicals: 96
  CPUFrequency: 0
  Memory: 386165
Checksum: 637ECC795B1ED48C646D6BEAC6B08CEC2540B60C