---
system-info:
      stress-ng-version: 0.17.08
      run-by: root
      date-yyyy-mm-dd: 2024:09:12
      time-hh-mm-ss: 02:56:11
      epoch-secs: 1726109771
      hostname: ip-172-31-38-181
      sysname: Linux
      nodename: ip-172-31-38-181
      release: 6.8.0-1014-aws
      version: '#15-Ubuntu SMP Thu Aug  8 19:13:06 UTC 2024'
      machine: x86_64
      compiler: 'musl-gcc 13.2.1'
      uptime: 211
      totalram: 1031029895168
      freeram: 1022023262208
      sharedram: 48766976
      bufferram: 221966336
      totalswap: 0
      freeswap: 0
      pagesize: 4096
      cpus: 32
      cpus-online: 32
      ticks-per-second: 100

metrics:
    - stressor: cpu
      bogo-ops: 332327
      bogo-ops-per-second-usr-sys-time: 519.736097
      bogo-ops-per-second-real-time: 16616.198926
      wall-clock-time: 20.000182
      user-time: 639.386942
      system-time: 0.027949
      cpu-usage-per-instance: 99.907668
      max-rss: 1032

...
