BaselineInfo:
  WebDBID: -1
  TimeStamp: 20241115105108
Version:
  Major: 11
  Minor: 0
  Build: 1002
  SpecialBuildName: ""
  ptArchitecture: aarch64_linux
Results:
  Results Complete: true
  NumTestProcesses: 16
  CPU_INTEGER_MATH: 75221.399666666664
  CPU_FLOATINGPOINT_MATH: 57182.270303068341
  CPU_PRIME: 99.277419011032677
  CPU_SORTING: 53750.590761869855
  CPU_ENCRYPTION: 2590.2902554612424
  CPU_COMPRESSION: 90071.45022462988
  CPU_SINGLETHREAD: 1315.8738497196475
  CPU_PHYSICS: 1788.8767983644648
  CPU_MATRIX_MULT_SSE: 11917.77491293899
  CPU_mm: 1995.7448257799733
  CPU_sse: 9990.928522142236
  CPU_fma: 13844.621303735741
  CPU_avx: 0
  CPU_avx512: 0
  m_CPU_enc_SHA: 3845234437.7427282
  m_CPU_enc_AES: 1803752712.4509351
  m_CPU_enc_ECDSA: 2499361434.53792
  ME_ALLOC_S: 10852.789218915848
  ME_READ_S: 11277.3541015625
  ME_READ_L: 8538.5234375
  ME_WRITE: 14694.4873046875
  ME_LARGE: 22098.833333333332
  ME_LATENCY: 75.055854696433855
  ME_THREADED: 101892.361328125
  SUMM_CPU: 11513.732563400181
  SUMM_ME: 1828.1014310840658
SystemInformation:
  OSName: Ubuntu 24.04.1 LTS
  Kernel: 6.8.0-45-generic
  Device: ""
  Processor: ARM Neoverse-N1 16 Core 0 MHz
  NumSockets: 1
  Manufacturer: ARM
  NumCores: 16
  NumLogicals: 16
  CPUFrequency: 0
  Memory: 31269
Checksum: 4F9D6FCFBF2A0C9CA9C8EAA81B634B33DAC0A307