BaselineInfo:
  WebDBID: -1
  TimeStamp: 20241106225439
Version:
  Major: 11
  Minor: 0
  Build: 1002
  SpecialBuildName: ""
  ptArchitecture: aarch64_linux
Results:
  Results Complete: true
  NumTestProcesses: 16
  CPU_INTEGER_MATH: 75464.408999999985
  CPU_FLOATINGPOINT_MATH: 57374.899163449605
  CPU_PRIME: 104.56543263452204
  CPU_SORTING: 53854.724017676679
  CPU_ENCRYPTION: 2599.5951382010353
  CPU_COMPRESSION: 90655.446364304458
  CPU_SINGLETHREAD: 1316.7675283250614
  CPU_PHYSICS: 1825.5798475943207
  CPU_MATRIX_MULT_SSE: 11877.108140631679
  CPU_mm: 1998.7243838904756
  CPU_sse: 9905.3159378858418
  CPU_fma: 13848.900343377514
  CPU_avx: 0
  CPU_avx512: 0
  m_CPU_enc_SHA: 3872475484.1161375
  m_CPU_enc_AES: 1803314856.3751278
  m_CPU_enc_ECDSA: 2501828874.411602
  ME_ALLOC_S: 10812.888747899766
  ME_READ_S: 11295.068554687499
  ME_READ_L: 8718.2421875
  ME_WRITE: 14845.3466796875
  ME_LARGE: 21260.5
  ME_LATENCY: 73.008082276418378
  ME_THREADED: 102738.60107421875
  SUMM_CPU: 11570.191781031532
  SUMM_ME: 1855.750918744222
SystemInformation:
  OSName: Ubuntu 24.04.1 LTS
  Kernel: 6.8.0-45-generic
  Device: ""
  Processor: ARM Neoverse-N1 16 Core 0 MHz
  NumSockets: 1
  Manufacturer: ARM
  NumCores: 16
  NumLogicals: 16
  CPUFrequency: 0
  Memory: 31269
Checksum: F880E0BBC06CE0180F7D726F7AAFF9418021CB1C