BaselineInfo:
  WebDBID: -1
  TimeStamp: 20241114175837
Version:
  Major: 11
  Minor: 0
  Build: 1002
  SpecialBuildName: ""
  ptArchitecture: aarch64_linux
Results:
  Results Complete: true
  NumTestProcesses: 16
  CPU_INTEGER_MATH: 75407.111999999994
  CPU_FLOATINGPOINT_MATH: 57184.595086977002
  CPU_PRIME: 97.194359139715132
  CPU_SORTING: 53564.771985573789
  CPU_ENCRYPTION: 2596.5909423008497
  CPU_COMPRESSION: 89847.870608324796
  CPU_SINGLETHREAD: 1314.4755251380516
  CPU_PHYSICS: 1786.0799553491347
  CPU_MATRIX_MULT_SSE: 11882.91091564278
  CPU_mm: 1972.2246896282636
  CPU_sse: 9917.3129055768022
  CPU_fma: 13848.508925708766
  CPU_avx: 0
  CPU_avx512: 0
  m_CPU_enc_SHA: 3903271286.5282373
  m_CPU_enc_AES: 1799180160.7888858
  m_CPU_enc_ECDSA: 2465717384.4250436
  ME_ALLOC_S: 10735.365828327398
  ME_READ_S: 11235.596874999999
  ME_READ_L: 9304.7890625
  ME_WRITE: 14728.4228515625
  ME_LARGE: 22024.25
  ME_LATENCY: 73.395962436853551
  ME_THREADED: 104173.83837890625
  SUMM_CPU: 11505.428625214332
  SUMM_ME: 1870.9753880534693
SystemInformation:
  OSName: Ubuntu 24.04.1 LTS
  Kernel: 6.8.0-45-generic
  Device: ""
  Processor: ARM Neoverse-N1 16 Core 0 MHz
  NumSockets: 1
  Manufacturer: ARM
  NumCores: 16
  NumLogicals: 16
  CPUFrequency: 0
  Memory: 31269
Checksum: F293980F49FEEAA2CDA326438E3BA7056DD8AD96