BaselineInfo:
  WebDBID: -1
  TimeStamp: 20241219005922
Version:
  Major: 11
  Minor: 0
  Build: 1002
  SpecialBuildName: ""
  ptArchitecture: x86_64_linux
Results:
  Results Complete: true
  NumTestProcesses: 32
  CPU_INTEGER_MATH: 142924.60933333333
  CPU_FLOATINGPOINT_MATH: 105693.40412037853
  CPU_PRIME: 432.369621756085
  CPU_SORTING: 82556.118108432987
  CPU_ENCRYPTION: 37135.432757245595
  CPU_COMPRESSION: 670659.05204768816
  CPU_SINGLETHREAD: 2178.8502061294871
  CPU_PHYSICS: 4855.0819416558898
  CPU_MATRIX_MULT_SSE: 50126.441422782817
  CPU_mm: 5842.0882796799406
  CPU_sse: 22706.762190181176
  CPU_fma: 71138.979776854161
  CPU_avx: 56533.582301313101
  CPU_avx512: 0
  m_CPU_enc_SHA: 52332213309.158058
  m_CPU_enc_AES: 33873526837.075645
  m_CPU_enc_ECDSA: 30612230470.350979
  ME_ALLOC_S: 16802.42439750932
  ME_READ_S: 22827.551953124999
  ME_READ_L: 11549.013671875
  ME_WRITE: 11070.5322265625
  ME_LARGE: 51905.25
  ME_LATENCY: 65.690945222665832
  ME_THREADED: 62838.689880371094
  SUMM_CPU: 45660.31738597701
  SUMM_ME: 2383.3807610958429
SystemInformation:
  OSName: Ubuntu 24.04.1 LTS
  Kernel: 6.8.0-31-generic
  Device: ""
  Processor: AMD EPYC 7542 32-Core Processor
  NumSockets: 1
  Manufacturer: AuthenticAMD
  NumCores: 32
  NumLogicals: 32
  CPUFrequency: 0
  Memory: 64258
  MemModuleInfo:
    iNumMemSticks: 4
    DIMM 1:
      manufacturer: QEMU
      modulePartNo: Not Specified
      memType: RAM
      size: 16
      clkspeed: 0
      moduleVoltage: 0
    DIMM 2:
      manufacturer: QEMU
      modulePartNo: Not Specified
      memType: RAM
      size: 16
      clkspeed: 0
      moduleVoltage: 0
    DIMM 3:
      manufacturer: QEMU
      modulePartNo: Not Specified
      memType: RAM
      size: 16
      clkspeed: 0
      moduleVoltage: 0
    DIMM 4:
      manufacturer: QEMU
      modulePartNo: Not Specified
      memType: RAM
      size: 16
      clkspeed: 0
      moduleVoltage: 0
Checksum: 5A13CE4DEF9DD378A3750738B63A5439B99D8F66