BaselineInfo:
  WebDBID: -1
  TimeStamp: 20241109180213
Version:
  Major: 11
  Minor: 0
  Build: 1002
  SpecialBuildName: ""
  ptArchitecture: x86_64_linux
Results:
  Results Complete: true
  NumTestProcesses: 64
  CPU_INTEGER_MATH: 181466.39133333336
  CPU_FLOATINGPOINT_MATH: 97245.911518163426
  CPU_PRIME: 256.76783790651865
  CPU_SORTING: 92332.241129169022
  CPU_ENCRYPTION: 24880.575433612892
  CPU_COMPRESSION: 796229.13610620261
  CPU_SINGLETHREAD: 1817.180929899944
  CPU_PHYSICS: 4527.7533168965538
  CPU_MATRIX_MULT_SSE: 49971.427616042871
  CPU_mm: 5396.7175380123208
  CPU_sse: 19835.517524061681
  CPU_fma: 58376.083683275487
  CPU_avx: 41033.435821685984
  CPU_avx512: 80640.673435148346
  m_CPU_enc_SHA: 8178728602.6787796
  m_CPU_enc_AES: 62782510147.108444
  m_CPU_enc_ECDSA: 7306284047.8410025
  ME_ALLOC_S: 21027.077556479002
  ME_READ_S: 21923.088085937499
  ME_READ_L: 10742.62109375
  ME_WRITE: 10217.8115234375
  ME_LARGE: 242373.91666666666
  ME_LATENCY: 54.579068470835807
  ME_THREADED: 147653.88061523438
  SUMM_CPU: 42637.399106708857
  SUMM_ME: 2607.9410236919548
SystemInformation:
  OSName: Ubuntu 24.04.1 LTS
  Kernel: 6.8.0-1016-aws
  Device: ""
  Processor: Intel Xeon Platinum 8259CL CPU @ 2.50GHz
  NumSockets: 2
  Manufacturer: GenuineIntel
  NumCores: 32
  NumLogicals: 64
  CPUFrequency: 0
  Memory: 255155
  MemModuleInfo:
    iNumMemSticks: 2
    DIMM 1:
      manufacturer: Not Specified
      modulePartNo: Not Specified
      memType: DDR4
      size: 128
      clkspeed: 1466
      moduleVoltage: 0
    DIMM 2:
      manufacturer: Not Specified
      modulePartNo: Not Specified
      memType: DDR4
      size: 128
      clkspeed: 1466
      moduleVoltage: 0
Checksum: 8F3EFBE04E0BC6DC1590B43BCC96170AA3CBD850