BaselineInfo:
  WebDBID: -1
  TimeStamp: 20260620163625
Version:
  Major: 11
  Minor: 0
  Build: 1004
  SpecialBuildName: ""
  ptArchitecture: x86_64_linux
Results:
  Results Complete: true
  NumTestProcesses: 64
  CPU_INTEGER_MATH: 364815.65533333336
  CPU_FLOATINGPOINT_MATH: 218848.3373967371
  CPU_PRIME: 532.01685098068083
  CPU_SORTING: 161672.58469077895
  CPU_ENCRYPTION: 70503.280087452469
  CPU_COMPRESSION: 1252348.6507672621
  CPU_SINGLETHREAD: 3388.7821206379322
  CPU_PHYSICS: 10779.777177949978
  CPU_MATRIX_MULT_SSE: 96065.722074699705
  CPU_mm: 9396.9996131972257
  CPU_sse: 35328.244558148821
  CPU_fma: 103287.55008263247
  CPU_avx: 99966.460370738176
  CPU_avx512: 145680.63328727934
  m_CPU_enc_SHA: 89454445022.992661
  m_CPU_enc_AES: 72712316149.850311
  m_CPU_enc_ECDSA: 59617381090.09864
  ME_ALLOC_S: 34994.197238322078
  ME_READ_S: 30372.997460937499
  ME_READ_L: 28020.70703125
  ME_WRITE: 29306.611328125
  ME_LARGE: 247719.91666666666
  ME_LATENCY: 81.906473911144701
  ME_THREADED: 232102.51806640625
  SUMM_CPU: 84659.342020545693
  SUMM_ME: 2803.2023215146423
SystemInformation:
  OSName: Ubuntu 24.04.4 LTS
  Kernel: 6.17.0-1018-azure
  Device: ""
  Processor: "AMD EPYC 9V45 96-Core Processor                "
  NumSockets: 1
  Manufacturer: AuthenticAMD
  NumCores: 32
  NumLogicals: 64
  CPUFrequency: 0
  CPUMaxFrequency: 0
  Memory: 257719
  CPUInfo:
    number: 1
    Family: 15
    Model: 2
    stepping: 1
    features: 395049983
    manufacture: AuthenticAMD
    typestring: "AMD EPYC 9V45 96-Core Processor                "
    iCoresPerPackage: 32
    iThreadsPerPackage: 2
    featuresEx:
      - 395049983
      - 4277809667
      - 802421759
    bHybrid: false
    nPCore: 0
    nLogicalsPerPCore: 0
    nECore: 0
    nLogicalsPerECore: 0
  MemModuleInfo:
    iNumMemSticks: 3
    DIMM 1:
      manufacturer: Microsoft Corporation
      modulePartNo: None
      memType: Unknown
      size: 1
      clkspeed: 0
      moduleVoltage: 0
    DIMM 2:
      manufacturer: Microsoft Corporation
      modulePartNo: None
      memType: Unknown
      size: 59
      clkspeed: 0
      moduleVoltage: 0
    DIMM 3:
      manufacturer: Microsoft Corporation
      modulePartNo: None
      memType: Unknown
      size: 196
      clkspeed: 0
      moduleVoltage: 0
Checksum: 23FEF7BDA51CC632B5A37D6D814D6651B2A2668B