---
system-info:
      stress-ng-version: 0.17.08
      run-by: root
      date-yyyy-mm-dd: 2024:06:20
      time-hh-mm-ss: 21:51:45
      epoch-secs: 1718920305
      hostname: 0f293f2baf92
      sysname: Linux
      nodename: 0f293f2baf92
      release: 6.8.0-1008-gcp
      version: '#9-Ubuntu SMP Wed May 22 18:09:04 UTC 2024'
      machine: x86_64
      compiler: 'musl-gcc 13.2.1'
      uptime: 230
      totalram: 8324931584
      freeram: 3367518208
      sharedram: 59088896
      bufferram: 134799360
      totalswap: 0
      freeswap: 0
      pagesize: 4096
      cpus: 2
      cpus-online: 2
      ticks-per-second: 100

metrics:
    - stressor: cpu
      bogo-ops: 21923
      bogo-ops-per-second-usr-sys-time: 1096.341257
      bogo-ops-per-second-real-time: 1096.142460
      wall-clock-time: 20.000138
      user-time: 19.996511
      system-time: 0.000000
      cpu-usage-per-instance: 99.981867
      max-rss: 1104

...
