---
system-info:
      stress-ng-version: 0.17.08
      run-by: root
      date-yyyy-mm-dd: 2024:09:14
      time-hh-mm-ss: 21:31:22
      epoch-secs: 1726349482
      hostname: ip-172-31-34-204
      sysname: Linux
      nodename: ip-172-31-34-204
      release: 6.8.0-1014-aws
      version: '#15-Ubuntu SMP Thu Aug  8 19:13:06 UTC 2024'
      machine: x86_64
      compiler: 'musl-gcc 13.2.1'
      uptime: 291
      totalram: 4126222499840
      freeram: 4111947427840
      sharedram: 190664704
      bufferram: 226635776
      totalswap: 0
      freeswap: 0
      pagesize: 4096
      cpus: 128
      cpus-online: 128
      ticks-per-second: 100

metrics:
    - stressor: cpu
      bogo-ops: 15005
      bogo-ops-per-second-usr-sys-time: 750.298132
      bogo-ops-per-second-real-time: 750.243811
      wall-clock-time: 20.000165
      user-time: 19.997718
      system-time: 0.000999
      cpu-usage-per-instance: 99.992760
      max-rss: 0

...
