BaselineInfo:
  WebDBID: -1
  TimeStamp: 20241115222405
Version:
  Major: 11
  Minor: 0
  Build: 1002
  SpecialBuildName: ""
  ptArchitecture: aarch64_linux
Results:
  Results Complete: true
  NumTestProcesses: 96
  CPU_INTEGER_MATH: 603704.33800000011
  CPU_FLOATINGPOINT_MATH: 507174.98855000071
  CPU_PRIME: 631.03066680087159
  CPU_SORTING: 477591.85717797972
  CPU_ENCRYPTION: 18047.657928607943
  CPU_COMPRESSION: 657237.25003926258
  CPU_SINGLETHREAD: 1878.1906407971296
  CPU_PHYSICS: 18513.227977293074
  CPU_MATRIX_MULT_SSE: 85611.268047025966
  CPU_mm: 13762.21483411314
  CPU_sse: 72192.592024724756
  CPU_fma: 99029.944069327175
  CPU_avx: 0
  CPU_avx512: 0
  m_CPU_enc_SHA: 26424536797.752926
  m_CPU_enc_AES: 11597081156.374165
  m_CPU_enc_ECDSA: 18751404926.316936
  ME_ALLOC_S: 38194.016791281771
  ME_READ_S: 25385.279296875
  ME_READ_L: 19748.171875
  ME_WRITE: 25739.75390625
  ME_LARGE: 369480.75
  ME_LATENCY: 52.40335060210387
  ME_THREADED: 484185.29052734375
  SUMM_CPU: 56532.69452281393
  SUMM_ME: 3408.7418862286067
SystemInformation:
  OSName: Ubuntu 24.04.1 LTS
  Kernel: 6.8.0-1017-azure
  Device: ""
  Processor: ARM Neoverse-N2 96 Core 0 MHz
  NumSockets: 1
  Manufacturer: ARM
  NumCores: 96
  NumLogicals: 96
  CPUFrequency: 0
  Memory: 386165
Checksum: 4F32F9B80389335D9E38735AA29E67BF082426F6