---
system-info:
      stress-ng-version: 0.17.08
      run-by: root
      date-yyyy-mm-dd: 2024:06:06
      time-hh-mm-ss: 02:47:36
      epoch-secs: 1717642056
      hostname: 831b23d6ca0b
      sysname: Linux
      nodename: 831b23d6ca0b
      release: 6.8.0-1008-aws
      version: '#8-Ubuntu SMP Sat Apr 20 00:46:25 UTC 2024'
      machine: x86_64
      compiler: 'musl-gcc 13.2.1'
      uptime: 103
      totalram: 198485204992
      freeram: 193477320704
      sharedram: 71184384
      bufferram: 80027648
      totalswap: 0
      freeswap: 0
      pagesize: 4096
      cpus: 96
      cpus-online: 96
      ticks-per-second: 100

metrics:
    - stressor: cpu
      bogo-ops: 1178618
      bogo-ops-per-second-usr-sys-time: 1228.669128
      bogo-ops-per-second-real-time: 117841.961763
      wall-clock-time: 10.001683
      user-time: 959.142027
      system-time: 0.121922
      cpu-usage-per-instance: 99.906509
      max-rss: 3072

...
