---
system-info:
      stress-ng-version: 0.17.08
      run-by: root
      date-yyyy-mm-dd: 2024:06:14
      time-hh-mm-ss: 03:40:42
      epoch-secs: 1718336442
      hostname: 9ffd399ac7b5
      sysname: Linux
      nodename: 9ffd399ac7b5
      release: 6.8.0-1008-aws
      version: '#8-Ubuntu SMP Sat Apr 20 00:46:25 UTC 2024'
      machine: x86_64
      compiler: 'musl-gcc 13.2.1'
      uptime: 127
      totalram: 198485180416
      freeram: 193374429184
      sharedram: 71184384
      bufferram: 107294720
      totalswap: 0
      freeswap: 0
      pagesize: 4096
      cpus: 96
      cpus-online: 96
      ticks-per-second: 100

metrics:
    - stressor: cpu
      bogo-ops: 2865788
      bogo-ops-per-second-usr-sys-time: 1493.322227
      bogo-ops-per-second-real-time: 143288.981115
      wall-clock-time: 20.000058
      user-time: 1919.028766
      system-time: 0.039971
      cpu-usage-per-instance: 99.951205
      max-rss: 0

...
