BaselineInfo:
  WebDBID: -1
  TimeStamp: 20260619213302
Version:
  Major: 11
  Minor: 0
  Build: 1004
  SpecialBuildName: ""
  ptArchitecture: x86_64_linux
Results:
  Results Complete: true
  NumTestProcesses: 8
  CPU_INTEGER_MATH: 53106.556333333334
  CPU_FLOATINGPOINT_MATH: 31697.79676906464
  CPU_PRIME: 119.08828898665172
  CPU_SORTING: 24427.022567948075
  CPU_ENCRYPTION: 10353.038612588087
  CPU_COMPRESSION: 192528.82796176462
  CPU_SINGLETHREAD: 3808.1575511540591
  CPU_PHYSICS: 1867.8662591614166
  CPU_MATRIX_MULT_SSE: 15014.187994617711
  CPU_mm: 1436.4416522417057
  CPU_sse: 5370.4527744022998
  CPU_fma: 16158.754764327277
  CPU_avx: 15884.620220405734
  CPU_avx512: 22642.924219335531
  m_CPU_enc_SHA: 13205673889.7484
  m_CPU_enc_AES: 10686249896.465158
  m_CPU_enc_ECDSA: 8675919662.4859428
  ME_ALLOC_S: 5278.3865107362872
  ME_READ_S: 34152.192578125003
  ME_READ_L: 30793.751953125
  ME_WRITE: 30429.384765625
  ME_LARGE: 120383.91666666667
  ME_LATENCY: 79.078540834927139
  ME_THREADED: 52241.728515625
  SUMM_CPU: 18437.749736944825
  SUMM_ME: 2734.0150696496612
SystemInformation:
  OSName: Ubuntu 24.04.4 LTS
  Kernel: 6.17.0-1018-azure
  Device: ""
  Processor: "AMD EPYC 9V45 96-Core Processor                "
  NumSockets: 1
  Manufacturer: AuthenticAMD
  NumCores: 4
  NumLogicals: 8
  CPUFrequency: 0
  CPUMaxFrequency: 0
  Memory: 128812
  CPUInfo:
    number: 1
    Family: 15
    Model: 2
    stepping: 1
    features: 395049983
    manufacture: AuthenticAMD
    typestring: "AMD EPYC 9V45 96-Core Processor                "
    iCoresPerPackage: 8
    iThreadsPerPackage: 2
    featuresEx:
      - 395049983
      - 4277809667
      - 802421759
    bHybrid: false
    nPCore: 0
    nLogicalsPerPCore: 0
    nECore: 0
    nLogicalsPerECore: 0
  MemModuleInfo:
    iNumMemSticks: 3
    DIMM 1:
      manufacturer: Microsoft Corporation
      modulePartNo: None
      memType: Unknown
      size: 1
      clkspeed: 0
      moduleVoltage: 0
    DIMM 2:
      manufacturer: Microsoft Corporation
      modulePartNo: None
      memType: Unknown
      size: 59
      clkspeed: 0
      moduleVoltage: 0
    DIMM 3:
      manufacturer: Microsoft Corporation
      modulePartNo: None
      memType: Unknown
      size: 68
      clkspeed: 0
      moduleVoltage: 0
Checksum: C9B73150DD8FA032DAA4C38422A094F94B739CEA