BaselineInfo:
  WebDBID: -1
  TimeStamp: 20241108130214
Version:
  Major: 11
  Minor: 0
  Build: 1002
  SpecialBuildName: ""
  ptArchitecture: x86_64_linux
Results:
  Results Complete: true
  NumTestProcesses: 22
  CPU_INTEGER_MATH: 87588.345333333331
  CPU_FLOATINGPOINT_MATH: 62453.927235219067
  CPU_PRIME: 171.49784986620458
  CPU_SORTING: 44386.204168751996
  CPU_ENCRYPTION: 19345.384047804404
  CPU_COMPRESSION: 323389.11824339587
  CPU_SINGLETHREAD: 2480.7036094905666
  CPU_PHYSICS: 3173.4165386860373
  CPU_MATRIX_MULT_SSE: 22923.110460430915
  CPU_mm: 2479.1549071494478
  CPU_sse: 10788.833038420584
  CPU_fma: 26740.654915360748
  CPU_avx: 19691.498855981758
  CPU_avx512: 34471.45503196057
  m_CPU_enc_SHA: 20469235773.712353
  m_CPU_enc_AES: 26484055200.725071
  m_CPU_enc_ECDSA: 13902025295.494221
  ME_ALLOC_S: 10614.515200550997
  ME_READ_S: 21899.133398437501
  ME_READ_L: 9503.240234375
  ME_WRITE: 8482.19140625
  ME_LARGE: 77871.416666666672
  ME_LATENCY: 70.028210989400847
  ME_THREADED: 105371.87451171875
  SUMM_CPU: 28697.694685348026
  SUMM_ME: 2183.9424289380017
SystemInformation:
  OSName: Ubuntu 24.04.1 LTS
  Kernel: 6.8.0-1015-gcp
  Device: ""
  Processor: Intel Xeon Platinum 8481C CPU @ 2.70GHz
  NumSockets: 1
  Manufacturer: GenuineIntel
  NumCores: 11
  NumLogicals: 22
  CPUFrequency: 0
  Memory: 88487
  MemModuleInfo:
    iNumMemSticks: 6
    DIMM 1:
      manufacturer: ""
      modulePartNo: ""
      memType: RAM
      size: 16
      clkspeed: 0
      moduleVoltage: 0
    DIMM 2:
      manufacturer: ""
      modulePartNo: ""
      memType: RAM
      size: 16
      clkspeed: 0
      moduleVoltage: 0
    DIMM 3:
      manufacturer: ""
      modulePartNo: ""
      memType: RAM
      size: 16
      clkspeed: 0
      moduleVoltage: 0
    DIMM 4:
      manufacturer: ""
      modulePartNo: ""
      memType: RAM
      size: 16
      clkspeed: 0
      moduleVoltage: 0
    DIMM 5:
      manufacturer: ""
      modulePartNo: ""
      memType: RAM
      size: 16
      clkspeed: 0
      moduleVoltage: 0
    DIMM 6:
      manufacturer: ""
      modulePartNo: ""
      memType: RAM
      size: 8
      clkspeed: 0
      moduleVoltage: 0
Checksum: 9172E26AB3B57921696CFD20608D1BA98E4C2037