BaselineInfo:
  WebDBID: -1
  TimeStamp: 20241108185814
Version:
  Major: 11
  Minor: 0
  Build: 1002
  SpecialBuildName: ""
  ptArchitecture: aarch64_linux
Results:
  Results Complete: true
  NumTestProcesses: 64
  CPU_INTEGER_MATH: 253152.96133333331
  CPU_FLOATINGPOINT_MATH: 192104.08856867082
  CPU_PRIME: 247.31041410073624
  CPU_SORTING: 175865.31107623549
  CPU_ENCRYPTION: 8775.3524664806555
  CPU_COMPRESSION: 305722.40302447748
  CPU_SINGLETHREAD: 1114.0235677467954
  CPU_PHYSICS: 3980.3177719817759
  CPU_MATRIX_MULT_SSE: 39819.428581777254
  CPU_mm: 6692.1547468744957
  CPU_sse: 33198.994224623231
  CPU_fma: 46439.862938931248
  CPU_avx: 0
  CPU_avx512: 0
  m_CPU_enc_SHA: 13170876677.935993
  m_CPU_enc_AES: 6074559499.4684658
  m_CPU_enc_ECDSA: 8359435786.2728081
  ME_ALLOC_S: 20545.572538553944
  ME_READ_S: 9511.9068359374996
  ME_READ_L: 9238.2685546875
  ME_WRITE: 12433.7275390625
  ME_LARGE: 116108.66666666667
  ME_LATENCY: 68.651105357080823
  ME_THREADED: 170311.1044921875
  SUMM_CPU: 28154.888954773291
  SUMM_ME: 1857.1118816839617
SystemInformation:
  OSName: Ubuntu 24.04.1 LTS
  Kernel: 6.8.0-1016-aws
  Device: ""
  Processor: ARM Neoverse-N1 64 Core 0 MHz
  NumSockets: 1
  Manufacturer: ARM
  NumCores: 64
  NumLogicals: 64
  CPUFrequency: 0
  Memory: 128537
Checksum: DDB3AA510327A21A56A4D635CD15B9DC0DC223CA