---
system-info:
      stress-ng-version: 0.17.08
      run-by: root
      date-yyyy-mm-dd: 2024:09:17
      time-hh-mm-ss: 04:04:04
      epoch-secs: 1726545844
      hostname: sc-runner
      sysname: Linux
      nodename: sc-runner
      release: 6.8.0-1014-azure
      version: '#16-Ubuntu SMP Thu Aug 15 20:04:41 UTC 2024'
      machine: x86_64
      compiler: 'musl-gcc 13.2.1'
      uptime: 294
      totalram: 101229801472
      freeram: 90333679616
      sharedram: 42455040
      bufferram: 253976576
      totalswap: 0
      freeswap: 0
      pagesize: 4096
      cpus: 48
      cpus-online: 48
      ticks-per-second: 100

metrics:
    - stressor: cpu
      bogo-ops: 881103
      bogo-ops-per-second-usr-sys-time: 918.292579
      bogo-ops-per-second-real-time: 44054.949219
      wall-clock-time: 20.000091
      user-time: 959.436286
      system-time: 0.065098
      cpu-usage-per-instance: 99.947605
      max-rss: 3256

...
