"size","threads","connections","rps","latency","failed","server_usr","server_sys","client_usr","client_sys"
"1k",192,192,7688253,0.000023690,0,798.65,398.46,222.45,443.25
"1k",192,384,7469699,0.000064990,0,783.47,384.38,195.12,410.08
"1k",192,768,7682042,0.000129540,0,804.21,411.34,171.35,438.55
"1k",192,1536,7199437,0.000455390,0,727.51,508.66,125.95,522.96
"1k",192,3072,6978942,0.000860000,0,680.28,562.09,110.41,582.09
"1k",192,6144,6940376,0.001170000,0,672.59,573.20,108.57,588.48
"1k",384,384,6346317,0.000090370,0,642.74,432.38,160.16,518.50
"1k",384,768,4587953,0.000211710,0,345.26,603.43,89.02,692.25
"1k",384,1536,6013976,0.000463660,0,543.96,582.10,116.28,648.36
"1k",384,3072,6358536,0.000681480,0,576.33,615.72,114.54,629.05
"1k",384,6144,6422577,0.001120000,0,578.13,640.55,113.40,642.34
"1k",768,768,6153632,0.000186060,0,596.66,508.86,141.46,596.36
"1k",768,1536,3609531,0.000551370,0,239.01,734.15,73.16,816.62
"1k",768,3072,5511757,0.000713430,0,453.53,681.45,111.57,723.76
"1k",768,6144,5801928,0.001230000,0,480.33,677.29,111.18,730.29
"16k",192,192,5921802,0.000037790,0,598.91,419.74,161.06,511.99
"16k",192,384,6716526,0.000071110,0,718.74,390.92,160.85,466.51
"16k",192,768,6761914,0.000134520,0,725.10,438.02,145.47,493.94
"16k",192,1536,4960855,0.000353100,0,547.03,570.28,104.79,621.12
"16k",192,3072,4049603,0.000842720,0,443.82,657.12,83.86,730.92
"16k",192,6144,3641590,0.001900000,0,402.81,689.95,71.65,788.99
"16k",384,384,7042663,0.000057600,0,756.77,416.54,183.15,527.23
"16k",384,768,4425280,0.000202320,0,413.83,597.64,104.62,705.48
"16k",384,1536,5038705,0.000489520,0,511.81,619.57,112.76,684.84
"16k",384,3072,4693468,0.000860000,0,459.64,658.86,102.11,730.66
"16k",384,6144,4214281,0.001810000,0,413.92,756.58,92.01,799.09
"16k",768,768,5510496,0.000191560,0,540.39,529.68,134.74,643.86
"16k",768,1536,4549961,0.000443690,0,429.06,658.21,111.15,765.07
"16k",768,3072,4369435,0.000870000,0,420.64,699.30,104.28,788.41
"16k",768,6144,4351039,0.001610000,0,425.16,716.50,98.77,796.74
"64k",192,192,3820934,0.000053390,0,370.43,555.34,130.30,686.35
"64k",192,384,4425285,0.000090230,0,413.67,537.62,120.51,657.33
"64k",192,768,4634643,0.000173350,0,445.49,566.30,118.70,686.46
"64k",192,1536,1860967,0.000803090,0,225.38,744.23,57.35,802.02
"64k",192,3072,1247687,0.002460000,0,213.30,923.43,48.49,754.07
"64k",192,6144,988092,0.005920000,0,271.31,894.43,44.24,782.91
"64k",384,384,4646511,0.000083360,0,446.60,569.59,150.26,742.76
"64k",384,768,2530090,0.000332320,0,202.20,772.76,73.86,848.04
"64k",384,1536,2752273,0.000742130,0,238.65,785.72,83.14,834.80
"64k",384,3072,1943791,0.001770000,0,207.50,891.43,73.83,828.94
"64k",384,6144,1393982,0.005050000,0,273.37,962.08,65.17,877.15
"64k",768,768,3913827,0.000216420,0,330.54,659.96,132.01,802.27
"64k",768,1536,2580479,0.000788200,0,199.84,838.82,94.31,908.24
"64k",768,3072,1886960,0.001810000,0,185.67,926.98,71.87,888.09
"64k",768,6144,2161387,0.003620000,0,355.37,1049.11,103.60,1014.31
"256k",192,192,1514555,0.000164400,0,199.18,744.90,91.31,758.38
"256k",192,384,1794604,0.000226390,0,226.38,732.35,101.22,745.38
"256k",192,768,890898,0.000950000,0,256.87,842.29,58.60,679.43
"256k",192,1536,384576,0.003850000,0,312.88,916.02,37.22,663.31
"256k",192,3072,311648,0.009720000,0,438.68,890.57,35.51,691.41
"256k",384,384,1815057,0.000224770,0,221.38,780.22,115.22,815.95
"256k",384,768,778986,0.001160000,0,172.42,951.18,59.65,768.31
"256k",384,1536,525107,0.003250000,0,316.11,952.03,53.43,721.37
"256k",384,3072,348687,0.009660000,0,420.39,894.11,45.44,692.48
"256k",768,768,1542991,0.000551860,0,212.54,844.60,111.41,809.89
"256k",768,1536,597405,0.002940000,0,330.54,989.77,63.88,758.55
"256k",768,3072,497799,0.007300000,0,519.05,1049.35,65.11,726.65
"512k",192,192,867273,0.000544440,0,184.02,773.28,85.55,792.61
"512k",192,384,793641,0.000504960,0,240.98,850.72,76.25,701.46
"512k",192,768,249337,0.003160000,0,360.72,894.07,38.01,586.44
"512k",192,1536,152033,0.009950000,0,461.69,867.39,31.27,599.58
"512k",192,3072,151098,0.020310000,0,487.89,892.77,33.25,667.26
"512k",384,384,777443,0.000616580,0,224.37,827.26,87.95,796.03
"512k",384,768,295052,0.002850000,0,349.36,946.26,48.38,627.13
"512k",384,1536,188677,0.008400000,0,494.25,877.99,41.04,576.25
"512k",384,3072,175663,0.018440000,0,499.96,863.73,40.07,614.56
"512k",768,768,458803,0.001780000,0,428.08,917.59,70.63,587.34
"512k",768,1536,247235,0.006520000,0,560.35,887.21,51.34,575.51
"512k",768,3072,226077,0.014670000,0,572.44,898.26,51.61,600.18
