BaselineInfo:
  WebDBID: -1
  TimeStamp: 20260613001018
Version:
  Major: 11
  Minor: 0
  Build: 1004
  SpecialBuildName: ""
  ptArchitecture: x86_64_linux
Results:
  Results Complete: true
  NumTestProcesses: 48
  CPU_INTEGER_MATH: 257614.03333333333
  CPU_FLOATINGPOINT_MATH: 144154.22743354845
  CPU_PRIME: 517.36784254216752
  CPU_SORTING: 152883.45135586837
  CPU_ENCRYPTION: 65427.288443491474
  CPU_COMPRESSION: 1043361.345562609
  CPU_SINGLETHREAD: 3271.0618088952965
  CPU_PHYSICS: 9280.3252986887601
  CPU_MATRIX_MULT_SSE: 69705.344403962692
  CPU_mm: 6821.3908971810106
  CPU_sse: 29467.280816746261
  CPU_fma: 87786.307130356654
  CPU_avx: 73010.071182092332
  CPU_avx512: 88557.718486655533
  m_CPU_enc_SHA: 91540096825.230789
  m_CPU_enc_AES: 62136374231.425499
  m_CPU_enc_ECDSA: 52139982164.111221
  ME_ALLOC_S: 24811.769548666944
  ME_READ_S: 31262.26953125
  ME_READ_L: 29772.791015625
  ME_WRITE: 29873.208984375
  ME_LARGE: 375565.08333333331
  ME_LATENCY: 65.099617090180644
  ME_THREADED: 340725.9443359375
  SUMM_CPU: 71773.643624482327
  SUMM_ME: 3310.6053732165146
SystemInformation:
  OSName: Ubuntu 24.04.4 LTS
  Kernel: 6.8.0-124-generic
  Device: ""
  Processor: "AMD EPYC 9254 24-Core Processor                "
  NumSockets: 1
  Manufacturer: AuthenticAMD
  NumCores: 24
  NumLogicals: 48
  CPUFrequency: 0
  CPUMaxFrequency: 0
  Memory: 386326
  CPUInfo:
    number: 1
    Family: 15
    Model: 1
    stepping: 1
    features: 395049983
    manufacture: AuthenticAMD
    typestring: "AMD EPYC 9254 24-Core Processor                "
    iCoresPerPackage: 24
    iThreadsPerPackage: 2
    featuresEx:
      - 395049983
      - 2130326019
      - 802421759
    bHybrid: false
    nPCore: 0
    nLogicalsPerPCore: 0
    nECore: 0
    nLogicalsPerECore: 0
  MemModuleInfo:
    iNumMemSticks: 12
    DIMM 1:
      manufacturer: 802C0000802C
      modulePartNo: MTC20F2085S1RC56BD1
      memType: DDR5
      size: 32
      clkspeed: 2800
      moduleVoltage: 1.10000002
    DIMM 2:
      manufacturer: 802C0000802C
      modulePartNo: MTC20F2085S1RC56BD1
      memType: DDR5
      size: 32
      clkspeed: 2800
      moduleVoltage: 1.10000002
    DIMM 3:
      manufacturer: 802C0000802C
      modulePartNo: MTC20F2085S1RC56BD1
      memType: DDR5
      size: 32
      clkspeed: 2800
      moduleVoltage: 1.10000002
    DIMM 4:
      manufacturer: 802C0000802C
      modulePartNo: MTC20F2085S1RC56BD1
      memType: DDR5
      size: 32
      clkspeed: 2800
      moduleVoltage: 1.10000002
    DIMM 5:
      manufacturer: 802C0000802C
      modulePartNo: MTC20F2085S1RC56BD1
      memType: DDR5
      size: 32
      clkspeed: 2800
      moduleVoltage: 1.10000002
    DIMM 6:
      manufacturer: 802C0000802C
      modulePartNo: MTC20F2085S1RC56BD1
      memType: DDR5
      size: 32
      clkspeed: 2800
      moduleVoltage: 1.10000002
    DIMM 7:
      manufacturer: 802C0000802C
      modulePartNo: MTC20F2085S1RC56BD1
      memType: DDR5
      size: 32
      clkspeed: 2800
      moduleVoltage: 1.10000002
    DIMM 8:
      manufacturer: 802C0000802C
      modulePartNo: MTC20F2085S1RC56BD1
      memType: DDR5
      size: 32
      clkspeed: 2800
      moduleVoltage: 1.10000002
    DIMM 9:
      manufacturer: 802C0000802C
      modulePartNo: MTC20F2085S1RC56BD1
      memType: DDR5
      size: 32
      clkspeed: 2800
      moduleVoltage: 1.10000002
    DIMM 10:
      manufacturer: 802C0000802C
      modulePartNo: MTC20F2085S1RC56BD1
      memType: DDR5
      size: 32
      clkspeed: 2800
      moduleVoltage: 1.10000002
    DIMM 11:
      manufacturer: 802C0000802C
      modulePartNo: MTC20F2085S1RC56BD1
      memType: DDR5
      size: 32
      clkspeed: 2800
      moduleVoltage: 1.10000002
    DIMM 12:
      manufacturer: 802C0000802C
      modulePartNo: MTC20F2085S1RC56BD1
      memType: DDR5
      size: 32
      clkspeed: 2800
      moduleVoltage: 1.10000002
Checksum: D8123837808013FE6B21D9723D9DB5FF362C5B07