BaselineInfo:
  WebDBID: -1
  TimeStamp: 20241218234335
Version:
  Major: 11
  Minor: 0
  Build: 1002
  SpecialBuildName: ""
  ptArchitecture: x86_64_linux
Results:
  Results Complete: true
  NumTestProcesses: 1
  CPU_INTEGER_MATH: 4640.8440000000001
  CPU_FLOATINGPOINT_MATH: 3349.8898520465318
  CPU_PRIME: 15.139649740386945
  CPU_SORTING: 2600.0911944324516
  CPU_ENCRYPTION: 1128.4104499358727
  CPU_COMPRESSION: 19157.705691793977
  CPU_SINGLETHREAD: 2008.9798022351354
  CPU_PHYSICS: 160.83655614630365
  CPU_MATRIX_MULT_SSE: 1561.0440185973423
  CPU_mm: 195.83799611002843
  CPU_sse: 763.35680310052771
  CPU_fma: 2472.876000738413
  CPU_avx: 1446.8992519530868
  CPU_avx512: 0
  m_CPU_enc_SHA: 1593805311.0141351
  m_CPU_enc_AES: 1041358506.9334172
  m_CPU_enc_ECDSA: 914508529.9083209
  ME_ALLOC_S: 503.88917661836814
  ME_READ_S: 23531.429882812499
  ME_READ_L: 7041.4169921875
  ME_WRITE: 6675.98486328125
  ME_LARGE: 543
  ME_LATENCY: 159.28513916807586
  ME_THREADED: 7059.08740234375
  SUMM_CPU: 1967.3562363615852
  SUMM_ME: 621.46731930551675
SystemInformation:
  OSName: Ubuntu 24.04.1 LTS
  Kernel: 6.8.0-31-generic
  Device: ""
  Processor: AMD EPYC 7542 32-Core Processor
  NumSockets: 1
  Manufacturer: AuthenticAMD
  NumCores: 1
  NumLogicals: 1
  CPUFrequency: 0
  Memory: 1855
  MemModuleInfo:
    iNumMemSticks: 1
    DIMM 1:
      manufacturer: QEMU
      modulePartNo: Not Specified
      memType: RAM
      size: 2
      clkspeed: 0
      moduleVoltage: 0
Checksum: CEBEB51031A45A71F6CC44F8320181207B7B7E1A