---
system-info:
      stress-ng-version: 0.17.08
      run-by: root
      date-yyyy-mm-dd: 2024:06:16
      time-hh-mm-ss: 06:27:17
      epoch-secs: 1718519237
      hostname: 55c78fa4cbe4
      sysname: Linux
      nodename: 55c78fa4cbe4
      release: 6.8.0-1008-aws
      version: '#8-Ubuntu SMP Sat Apr 20 00:46:25 UTC 2024'
      machine: x86_64
      compiler: 'musl-gcc 13.2.1'
      uptime: 170
      totalram: 33653243904
      freeram: 29260582912
      sharedram: 48553984
      bufferram: 109551616
      totalswap: 0
      freeswap: 0
      pagesize: 4096
      cpus: 8
      cpus-online: 8
      ticks-per-second: 100

metrics:
    - stressor: cpu
      bogo-ops: 234147
      bogo-ops-per-second-usr-sys-time: 1467.333909
      bogo-ops-per-second-real-time: 11706.904324
      wall-clock-time: 20.000761
      user-time: 159.561751
      system-time: 0.011335
      cpu-usage-per-instance: 99.729382
      max-rss: 976

...
