---
system-info:
      stress-ng-version: 0.17.08
      run-by: root
      date-yyyy-mm-dd: 2024:06:10
      time-hh-mm-ss: 03:42:25
      epoch-secs: 1717990945
      hostname: 12bd6d27ef6a
      sysname: Linux
      nodename: 12bd6d27ef6a
      release: 6.8.0-1008-aws
      version: '#8-Ubuntu SMP Sat Apr 20 00:46:25 UTC 2024'
      machine: x86_64
      compiler: 'musl-gcc 13.2.1'
      uptime: 141
      totalram: 33653227520
      freeram: 29069848576
      sharedram: 48545792
      bufferram: 114069504
      totalswap: 0
      freeswap: 0
      pagesize: 4096
      cpus: 8
      cpus-online: 8
      ticks-per-second: 100

metrics:
    - stressor: cpu
      bogo-ops: 91855
      bogo-ops-per-second-usr-sys-time: 1151.605956
      bogo-ops-per-second-real-time: 9184.104885
      wall-clock-time: 10.001519
      user-time: 79.749581
      system-time: 0.012945
      cpu-usage-per-instance: 99.688014
      max-rss: 4048

...
