---
system-info:
      stress-ng-version: 0.17.08
      run-by: root
      date-yyyy-mm-dd: 2024:06:08
      time-hh-mm-ss: 11:17:55
      epoch-secs: 1717845475
      hostname: 1599b898dffc
      sysname: Linux
      nodename: 1599b898dffc
      release: 6.8.0-1008-aws
      version: '#8-Ubuntu SMP Sat Apr 20 00:46:25 UTC 2024'
      machine: x86_64
      compiler: 'musl-gcc 13.2.1'
      uptime: 146
      totalram: 33089781760
      freeram: 28720132096
      sharedram: 11673600
      bufferram: 100450304
      totalswap: 0
      freeswap: 0
      pagesize: 4096
      cpus: 8
      cpus-online: 8
      ticks-per-second: 100

metrics:
    - stressor: cpu
      bogo-ops: 62612
      bogo-ops-per-second-usr-sys-time: 785.570969
      bogo-ops-per-second-real-time: 6259.565229
      wall-clock-time: 10.002612
      user-time: 79.675563
      system-time: 0.026975
      cpu-usage-per-instance: 99.602160
      max-rss: 3920

...
