---
system-info:
      stress-ng-version: 0.17.08
      run-by: root
      date-yyyy-mm-dd: 2024:06:14
      time-hh-mm-ss: 17:42:20
      epoch-secs: 1718386940
      hostname: 23ceb9c1bb5c
      sysname: Linux
      nodename: 23ceb9c1bb5c
      release: 6.8.0-1008-aws
      version: '#8-Ubuntu SMP Sat Apr 20 00:46:25 UTC 2024'
      machine: x86_64
      compiler: 'musl-gcc 13.2.1'
      uptime: 180
      totalram: 33089794048
      freeram: 28740489216
      sharedram: 11673600
      bufferram: 108146688
      totalswap: 0
      freeswap: 0
      pagesize: 4096
      cpus: 8
      cpus-online: 8
      ticks-per-second: 100

metrics:
    - stressor: cpu
      bogo-ops: 47234
      bogo-ops-per-second-usr-sys-time: 296.345752
      bogo-ops-per-second-real-time: 2361.664516
      wall-clock-time: 20.000300
      user-time: 159.358170
      system-time: 0.029976
      cpu-usage-per-instance: 99.616095
      max-rss: 1104

...
