---
system-info:
      stress-ng-version: 0.17.08
      run-by: root
      date-yyyy-mm-dd: 2024:09:16
      time-hh-mm-ss: 14:32:30
      epoch-secs: 1726497150
      hostname: sc-runner
      sysname: Linux
      nodename: sc-runner
      release: 6.8.0-1014-azure
      version: '#16-Ubuntu SMP Thu Aug 15 20:04:41 UTC 2024'
      machine: x86_64
      compiler: 'musl-gcc 13.2.1'
      uptime: 296
      totalram: 67423793152
      freeram: 57290354688
      sharedram: 54886400
      bufferram: 229273600
      totalswap: 0
      freeswap: 0
      pagesize: 4096
      cpus: 4
      cpus-online: 4
      ticks-per-second: 100

metrics:
    - stressor: cpu
      bogo-ops: 37926
      bogo-ops-per-second-usr-sys-time: 1896.312610
      bogo-ops-per-second-real-time: 1896.292495
      wall-clock-time: 20.000079
      user-time: 19.997868
      system-time: 0.001999
      cpu-usage-per-instance: 99.998939
      max-rss: 3152

...
