BaselineInfo:
  WebDBID: -1
  TimeStamp: 20260404051505
Version:
  Major: 11
  Minor: 0
  Build: 1004
  SpecialBuildName: ""
  ptArchitecture: aarch64_linux
Results:
  Results Complete: true
  NumTestProcesses: 8
  CPU_INTEGER_MATH: 44181.525000000001
  CPU_FLOATINGPOINT_MATH: 37069.260107175207
  CPU_PRIME: 104.87695690784605
  CPU_SORTING: 35438.942294916284
  CPU_ENCRYPTION: 1308.1203951229352
  CPU_COMPRESSION: 47456.75632830221
  CPU_SINGLETHREAD: 1643.0816536029822
  CPU_PHYSICS: 2270.5295490911722
  CPU_MATRIX_MULT_SSE: 6265.1746504356324
  CPU_mm: 1006.6716739453046
  CPU_sse: 5288.6749917430207
  CPU_fma: 7241.6743091282442
  CPU_avx: 0
  CPU_avx512: 0
  m_CPU_enc_SHA: 1910365385.4649289
  m_CPU_enc_AES: 851027580.08007717
  m_CPU_enc_ECDSA: 1353597988.7642746
  ME_ALLOC_S: 8548.7354677072399
  ME_READ_S: 22494.1845703125
  ME_READ_L: 19473.69921875
  ME_WRITE: 22367.322265625
  ME_LARGE: 18038.25
  ME_LATENCY: 58.583694015342921
  ME_THREADED: 104976.765625
  SUMM_CPU: 6783.4711401607819
  SUMM_ME: 2816.3312636371115
SystemInformation:
  OSName: Ubuntu 24.04.4 LTS
  Kernel: 6.8.0-106-generic
  Device: ""
  Processor: ARM Neoverse-N2 8 Core 3000 MHz
  NumSockets: 1
  Manufacturer: ARM
  NumCores: 8
  NumLogicals: 8
  CPUFrequency: 3000
  CPUMaxFrequency: 3000
  Memory: 30939
Checksum: 34A038679790B29EB8B6C1E78DB2238A09CAC876