BaselineInfo:
  WebDBID: -1
  TimeStamp: 20241106221005
Version:
  Major: 11
  Minor: 0
  Build: 1002
  SpecialBuildName: ""
  ptArchitecture: x86_64_linux
Results:
  Results Complete: true
  NumTestProcesses: 4
  CPU_INTEGER_MATH: 20668.455000000002
  CPU_FLOATINGPOINT_MATH: 16565.100459256486
  CPU_PRIME: 65.106058324587764
  CPU_SORTING: 12292.583695789059
  CPU_ENCRYPTION: 4476.7463338297157
  CPU_COMPRESSION: 86403.574684584863
  CPU_SINGLETHREAD: 2332.0976070524907
  CPU_PHYSICS: 1150.4922125632115
  CPU_MATRIX_MULT_SSE: 7372.9130744135055
  CPU_mm: 785.43625381950687
  CPU_sse: 3556.9445793050995
  CPU_fma: 11326.725560723275
  CPU_avx: 7235.0690832121418
  CPU_avx512: 0
  m_CPU_enc_SHA: 6295952130.3814878
  m_CPU_enc_AES: 3985604761.5470467
  m_CPU_enc_ECDSA: 3801069399.2969508
  ME_ALLOC_S: 3463.5776549767902
  ME_READ_S: 23079.043554687501
  ME_READ_L: 15266.5263671875
  ME_WRITE: 15955.89453125
  ME_LARGE: 926.83333333333337
  ME_LATENCY: 67.290368612333921
  ME_THREADED: 58365.8779296875
  SUMM_CPU: 8698.7460414386915
  SUMM_ME: 1337.1807290643062
SystemInformation:
  OSName: Ubuntu 24.04.1 LTS
  Kernel: 6.8.0-45-generic
  Device: ""
  Processor: AMD EPYC Processor
  NumSockets: 1
  Manufacturer: AuthenticAMD
  NumCores: 4
  NumLogicals: 4
  CPUFrequency: 0
  Memory: 7751
  MemModuleInfo:
    iNumMemSticks: 1
    DIMM 1:
      manufacturer: QEMU
      modulePartNo: Not Specified
      memType: RAM
      size: 8000
      clkspeed: 0
      moduleVoltage: 0
Checksum: 7684787A9FA9D17435C197C403AEEAC47CB15EFE