BaselineInfo:
  WebDBID: -1
  TimeStamp: 20241115095052
Version:
  Major: 11
  Minor: 0
  Build: 1002
  SpecialBuildName: ""
  ptArchitecture: x86_64_linux
Results:
  Results Complete: true
  NumTestProcesses: 4
  CPU_INTEGER_MATH: 20481.464666666667
  CPU_FLOATINGPOINT_MATH: 16468.806060396033
  CPU_PRIME: 61.916788477635954
  CPU_SORTING: 11246.67755930901
  CPU_ENCRYPTION: 4373.9074678433553
  CPU_COMPRESSION: 82978.406782604899
  CPU_SINGLETHREAD: 2117.6399546789003
  CPU_PHYSICS: 984.77202900232589
  CPU_MATRIX_MULT_SSE: 7395.5411801689725
  CPU_mm: 750.01432376686751
  CPU_sse: 3558.2381473291284
  CPU_fma: 11276.334211839065
  CPU_avx: 7352.0511813387247
  CPU_avx512: 0
  m_CPU_enc_SHA: 6196102769.0035591
  m_CPU_enc_AES: 3925447551.0938077
  m_CPU_enc_ECDSA: 3637572870.9065742
  ME_ALLOC_S: 2992.4460989496224
  ME_READ_S: 23737.983203125001
  ME_READ_L: 12411.3291015625
  ME_WRITE: 14518.2158203125
  ME_LARGE: 974.75
  ME_LATENCY: 77.009364515757994
  ME_THREADED: 45930.5732421875
  SUMM_CPU: 8392.089905000752
  SUMM_ME: 1280.8437602547594
SystemInformation:
  OSName: Ubuntu 24.04.1 LTS
  Kernel: 6.8.0-45-generic
  Device: ""
  Processor: AMD EPYC Processor
  NumSockets: 1
  Manufacturer: AuthenticAMD
  NumCores: 4
  NumLogicals: 4
  CPUFrequency: 0
  Memory: 7751
  MemModuleInfo:
    iNumMemSticks: 1
    DIMM 1:
      manufacturer: QEMU
      modulePartNo: Not Specified
      memType: RAM
      size: 8000
      clkspeed: 0
      moduleVoltage: 0
Checksum: C764B0C36652D290A01DA3773507B0BBA0E1BF47