BaselineInfo:
  WebDBID: -1
  TimeStamp: 20241114171559
Version:
  Major: 11
  Minor: 0
  Build: 1002
  SpecialBuildName: ""
  ptArchitecture: x86_64_linux
Results:
  Results Complete: true
  NumTestProcesses: 4
  CPU_INTEGER_MATH: 18843.826000000001
  CPU_FLOATINGPOINT_MATH: 13604.947154884692
  CPU_PRIME: 61.115808441840535
  CPU_SORTING: 11264.345269284006
  CPU_ENCRYPTION: 4563.2302346883007
  CPU_COMPRESSION: 81660.305686971769
  CPU_SINGLETHREAD: 2125.893632664423
  CPU_PHYSICS: 944.85559605254639
  CPU_MATRIX_MULT_SSE: 6760.8003514805841
  CPU_mm: 762.97961777580963
  CPU_sse: 3083.3268785323844
  CPU_fma: 9974.2327157974141
  CPU_avx: 7224.841460111953
  CPU_avx512: 0
  m_CPU_enc_SHA: 6463915672.8702879
  m_CPU_enc_AES: 4167215772.1920433
  m_CPU_enc_ECDSA: 3723549674.6432252
  ME_ALLOC_S: 2621.5627088161114
  ME_READ_S: 23548.998242187499
  ME_READ_L: 11859.7021484375
  ME_WRITE: 11922.603515625
  ME_LARGE: 960.91666666666663
  ME_LATENCY: 74.15909078619643
  ME_THREADED: 44960.6923828125
  SUMM_CPU: 7988.2307526024697
  SUMM_ME: 1263.1669522321117
SystemInformation:
  OSName: Ubuntu 24.04.1 LTS
  Kernel: 6.8.0-45-generic
  Device: ""
  Processor: AMD EPYC Processor
  NumSockets: 1
  Manufacturer: AuthenticAMD
  NumCores: 4
  NumLogicals: 4
  CPUFrequency: 0
  Memory: 7751
  MemModuleInfo:
    iNumMemSticks: 1
    DIMM 1:
      manufacturer: QEMU
      modulePartNo: Not Specified
      memType: RAM
      size: 8000
      clkspeed: 0
      moduleVoltage: 0
Checksum: E52D0112D3BF5618568F4653462425E89DEBF4B4