---
system-info:
      stress-ng-version: 0.17.08
      run-by: root
      date-yyyy-mm-dd: 2024:06:14
      time-hh-mm-ss: 11:30:31
      epoch-secs: 1718364631
      hostname: 454f9269994b
      sysname: Linux
      nodename: 454f9269994b
      release: 6.8.0-1008-aws
      version: '#8-Ubuntu SMP Sat Apr 20 00:46:25 UTC 2024'
      machine: x86_64
      compiler: 'musl-gcc 13.2.1'
      uptime: 178
      totalram: 33086935040
      freeram: 28577550336
      sharedram: 113651712
      bufferram: 106848256
      totalswap: 0
      freeswap: 0
      pagesize: 4096
      cpus: 16
      cpus-online: 16
      ticks-per-second: 100

metrics:
    - stressor: cpu
      bogo-ops: 290046
      bogo-ops-per-second-usr-sys-time: 907.300313
      bogo-ops-per-second-real-time: 14502.251421
      wall-clock-time: 20.000067
      user-time: 319.651270
      system-time: 0.028990
      cpu-usage-per-instance: 99.899747
      max-rss: 1104

...
