---
system-info:
      stress-ng-version: 0.17.08
      run-by: root
      date-yyyy-mm-dd: 2024:06:06
      time-hh-mm-ss: 17:41:45
      epoch-secs: 1717695705
      hostname: 9dafeecb0eb4
      sysname: Linux
      nodename: 9dafeecb0eb4
      release: 6.8.0-1008-aws
      version: '#8-Ubuntu SMP Sat Apr 20 00:46:25 UTC 2024'
      machine: x86_64
      compiler: 'musl-gcc 13.2.1'
      uptime: 128
      totalram: 33086926848
      freeram: 28753629184
      sharedram: 113651712
      bufferram: 85553152
      totalswap: 0
      freeswap: 0
      pagesize: 4096
      cpus: 16
      cpus-online: 16
      ticks-per-second: 100

metrics:
    - stressor: cpu
      bogo-ops: 225239
      bogo-ops-per-second-usr-sys-time: 1410.222984
      bogo-ops-per-second-real-time: 22519.633110
      wall-clock-time: 10.001895
      user-time: 159.693725
      system-time: 0.024988
      cpu-usage-per-instance: 99.805285
      max-rss: 3920

...
