---
system-info:
      stress-ng-version: 0.17.08
      run-by: root
      date-yyyy-mm-dd: 2024:06:15
      time-hh-mm-ss: 15:22:25
      epoch-secs: 1718464945
      hostname: e6bd245edcc1
      sysname: Linux
      nodename: e6bd245edcc1
      release: 6.8.0-1008-aws
      version: '#8-Ubuntu SMP Sat Apr 20 00:46:25 UTC 2024'
      machine: x86_64
      compiler: 'musl-gcc 13.2.1'
      uptime: 170
      totalram: 16602042368
      freeram: 12318298112
      sharedram: 11620352
      bufferram: 110030848
      totalswap: 0
      freeswap: 0
      pagesize: 4096
      cpus: 2
      cpus-online: 2
      ticks-per-second: 100

metrics:
    - stressor: cpu
      bogo-ops: 11771
      bogo-ops-per-second-usr-sys-time: 299.058956
      bogo-ops-per-second-real-time: 588.544822
      wall-clock-time: 20.000176
      user-time: 39.353166
      system-time: 0.006966
      cpu-usage-per-instance: 98.399464
      max-rss: 1104

...
