---
system-info:
      stress-ng-version: 0.17.08
      run-by: root
      date-yyyy-mm-dd: 2024:06:09
      time-hh-mm-ss: 13:02:12
      epoch-secs: 1717938132
      hostname: 0956adeb3a41
      sysname: Linux
      nodename: 0956adeb3a41
      release: 6.8.0-1008-aws
      version: '#8-Ubuntu SMP Sat Apr 20 00:46:25 UTC 2024'
      machine: x86_64
      compiler: 'musl-gcc 13.2.1'
      uptime: 166
      totalram: 16602042368
      freeram: 12230246400
      sharedram: 11620352
      bufferram: 108408832
      totalswap: 0
      freeswap: 0
      pagesize: 4096
      cpus: 2
      cpus-online: 2
      ticks-per-second: 100

metrics:
    - stressor: cpu
      bogo-ops: 15904
      bogo-ops-per-second-usr-sys-time: 807.267724
      bogo-ops-per-second-real-time: 1590.096997
      wall-clock-time: 10.001906
      user-time: 19.696039
      system-time: 0.004984
      cpu-usage-per-instance: 98.486348
      max-rss: 4048

...
