---
system-info:
      stress-ng-version: 0.17.08
      run-by: root
      date-yyyy-mm-dd: 2024:08:17
      time-hh-mm-ss: 15:47:18
      epoch-secs: 1723909638
      hostname: ip-172-31-13-245
      sysname: Linux
      nodename: ip-172-31-13-245
      release: 6.8.0-1013-aws
      version: '#14-Ubuntu SMP Thu Jul 25 21:19:24 UTC 2024'
      machine: x86_64
      compiler: 'musl-gcc 13.2.1'
      uptime: 400
      totalram: 266693320704
      freeram: 258495197184
      sharedram: 37302272
      bufferram: 190803968
      totalswap: 0
      freeswap: 0
      pagesize: 4096
      cpus: 32
      cpus-online: 32
      ticks-per-second: 100

metrics:
    - stressor: cpu
      bogo-ops: 956138
      bogo-ops-per-second-usr-sys-time: 1494.786076
      bogo-ops-per-second-real-time: 47806.773464
      wall-clock-time: 20.000053
      user-time: 639.622733
      system-time: 0.025987
      cpu-usage-per-instance: 99.944848
      max-rss: 1032

...
