---
system-info:
      stress-ng-version: 0.17.08
      run-by: root
      date-yyyy-mm-dd: 2024:06:08
      time-hh-mm-ss: 18:55:18
      epoch-secs: 1717872918
      hostname: 1c7fb6782025
      sysname: Linux
      nodename: 1c7fb6782025
      release: 6.8.0-1008-aws
      version: '#8-Ubuntu SMP Sat Apr 20 00:46:25 UTC 2024'
      machine: x86_64
      compiler: 'musl-gcc 13.2.1'
      uptime: 105
      totalram: 66330980352
      freeram: 61789356032
      sharedram: 59977728
      bufferram: 104763392
      totalswap: 0
      freeswap: 0
      pagesize: 4096
      cpus: 16
      cpus-online: 16
      ticks-per-second: 100

metrics:
    - stressor: cpu
      bogo-ops: 188625
      bogo-ops-per-second-usr-sys-time: 1180.005049
      bogo-ops-per-second-real-time: 18859.333315
      wall-clock-time: 10.001679
      user-time: 159.827021
      system-time: 0.023990
      cpu-usage-per-instance: 99.890109
      max-rss: 3920

...
