---
system-info:
      stress-ng-version: 0.17.08
      run-by: root
      date-yyyy-mm-dd: 2024:06:15
      time-hh-mm-ss: 03:24:19
      epoch-secs: 1718421859
      hostname: 4d7805532cf3
      sysname: Linux
      nodename: 4d7805532cf3
      release: 6.8.0-1008-aws
      version: '#8-Ubuntu SMP Sat Apr 20 00:46:25 UTC 2024'
      machine: x86_64
      compiler: 'musl-gcc 13.2.1'
      uptime: 114
      totalram: 66330988544
      freeram: 61863297024
      sharedram: 59977728
      bufferram: 108195840
      totalswap: 0
      freeswap: 0
      pagesize: 4096
      cpus: 16
      cpus-online: 16
      ticks-per-second: 100

metrics:
    - stressor: cpu
      bogo-ops: 308854
      bogo-ops-per-second-usr-sys-time: 966.023862
      bogo-ops-per-second-real-time: 15442.632427
      wall-clock-time: 20.000088
      user-time: 319.683752
      system-time: 0.032988
      cpu-usage-per-instance: 99.911044
      max-rss: 1232

...
