---
system-info:
      stress-ng-version: 0.17.08
      run-by: root
      date-yyyy-mm-dd: 2024:06:07
      time-hh-mm-ss: 23:41:09
      epoch-secs: 1717803669
      hostname: 19baca2298bf
      sysname: Linux
      nodename: 19baca2298bf
      release: 6.8.0-1008-aws
      version: '#8-Ubuntu SMP Sat Apr 20 00:46:25 UTC 2024'
      machine: x86_64
      compiler: 'musl-gcc 13.2.1'
      uptime: 108
      totalram: 132914016256
      freeram: 128373559296
      sharedram: 60125184
      bufferram: 94806016
      totalswap: 0
      freeswap: 0
      pagesize: 4096
      cpus: 32
      cpus-online: 32
      ticks-per-second: 100

metrics:
    - stressor: cpu
      bogo-ops: 375790
      bogo-ops-per-second-usr-sys-time: 1175.071707
      bogo-ops-per-second-real-time: 37572.133662
      wall-clock-time: 10.001828
      user-time: 319.761776
      system-time: 0.039984
      cpu-usage-per-instance: 99.919790
      max-rss: 4104

...
