---
system-info:
      stress-ng-version: 0.17.08
      run-by: root
      date-yyyy-mm-dd: 2024:06:13
      time-hh-mm-ss: 14:41:00
      epoch-secs: 1718289660
      hostname: 92be809761fb
      sysname: Linux
      nodename: 92be809761fb
      release: 6.8.0-1008-aws
      version: '#8-Ubuntu SMP Sat Apr 20 00:46:25 UTC 2024'
      machine: x86_64
      compiler: 'musl-gcc 13.2.1'
      uptime: 113
      totalram: 132914003968
      freeram: 128328798208
      sharedram: 60125184
      bufferram: 105635840
      totalswap: 0
      freeswap: 0
      pagesize: 4096
      cpus: 32
      cpus-online: 32
      ticks-per-second: 100

metrics:
    - stressor: cpu
      bogo-ops: 618100
      bogo-ops-per-second-usr-sys-time: 966.293182
      bogo-ops-per-second-real-time: 30904.873829
      wall-clock-time: 20.000082
      user-time: 639.625954
      system-time: 0.034981
      cpu-usage-per-instance: 99.946613
      max-rss: 776

...
