BaselineInfo:
  WebDBID: -1
  TimeStamp: 20241107075537
Version:
  Major: 11
  Minor: 0
  Build: 1002
  SpecialBuildName: ""
  ptArchitecture: x86_64_linux
Results:
  Results Complete: true
  NumTestProcesses: 4
  CPU_INTEGER_MATH: 17736.320666666667
  CPU_FLOATINGPOINT_MATH: 9809.346389352866
  CPU_PRIME: 41.86195244522164
  CPU_SORTING: 9868.2069964719576
  CPU_ENCRYPTION: 4621.646423178262
  CPU_COMPRESSION: 70256.048744672371
  CPU_SINGLETHREAD: 2548.5866312352832
  CPU_PHYSICS: 841.25387775475929
  CPU_MATRIX_MULT_SSE: 3896.9168132942941
  CPU_mm: 481.33560718952862
  CPU_sse: 2047.1034922402073
  CPU_fma: 5569.3366524998582
  CPU_avx: 4074.3102951428154
  CPU_avx512: 0
  m_CPU_enc_SHA: 6692683220.7681227
  m_CPU_enc_AES: 4286947171.6412325
  m_CPU_enc_ECDSA: 3558812167.0823526
  ME_ALLOC_S: 2005.8521457100894
  ME_READ_S: 26093.15234375
  ME_READ_L: 16787.767578125
  ME_WRITE: 18198.626953125
  ME_LARGE: 5978
  ME_LATENCY: 59.465736245613208
  ME_THREADED: 41568.978515625
  SUMM_CPU: 6653.5422248448203
  SUMM_ME: 2310.8189552757176
SystemInformation:
  OSName: Ubuntu 24.04.1 LTS
  Kernel: 6.8.0-1015-gcp
  Device: ""
  Processor: AMD EPYC 7B13
  NumSockets: 1
  Manufacturer: AuthenticAMD
  NumCores: 2
  NumLogicals: 4
  CPUFrequency: 0
  Memory: 15990
  MemModuleInfo:
    iNumMemSticks: 1
    DIMM 1:
      manufacturer: ""
      modulePartNo: ""
      memType: RAM
      size: 16
      clkspeed: 0
      moduleVoltage: 0
Checksum: 3E85AEB761E289A9515BE4FFDC1148B30F545814