BaselineInfo:
  WebDBID: -1
  TimeStamp: 20241126144431
Version:
  Major: 11
  Minor: 0
  Build: 1002
  SpecialBuildName: ""
  ptArchitecture: x86_64_linux
Results:
  Results Complete: true
  NumTestProcesses: 48
  CPU_INTEGER_MATH: 290411.3710000001
  CPU_FLOATINGPOINT_MATH: 256290.02443838245
  CPU_PRIME: 938.06373692412581
  CPU_SORTING: 180809.62516544433
  CPU_ENCRYPTION: 62951.610351770221
  CPU_COMPRESSION: 1233334.0433597681
  CPU_SINGLETHREAD: 2906.0935420640521
  CPU_PHYSICS: 12290.448066484532
  CPU_MATRIX_MULT_SSE: 99082.953958014696
  CPU_mm: 11164.762031637611
  CPU_sse: 47599.195392013266
  CPU_fma: 129279.73030029429
  CPU_avx: 110754.13744031881
  CPU_avx512: 108698.75269943243
  m_CPU_enc_SHA: 87056772923.243774
  m_CPU_enc_AES: 55161641981.286636
  m_CPU_enc_ECDSA: 55810228424.123062
  ME_ALLOC_S: 29698.890655660314
  ME_READ_S: 27900.492968750001
  ME_READ_L: 27575.748046875
  ME_WRITE: 26865.435546875
  ME_LARGE: 374475.16666666669
  ME_LATENCY: 76.386612585762563
  ME_THREADED: 316137.1162109375
  SUMM_CPU: 80502.713834805021
  SUMM_ME: 2886.6635127871973
SystemInformation:
  OSName: Ubuntu 24.04.1 LTS
  Kernel: 6.8.0-1017-azure
  Device: ""
  Processor: AMD EPYC 9V74 80-Core Processor
  NumSockets: 1
  Manufacturer: AuthenticAMD
  NumCores: 48
  NumLogicals: 48
  CPUFrequency: 0
  Memory: 386748
  MemModuleInfo:
    iNumMemSticks: 3
    DIMM 1:
      manufacturer: Microsoft Corporation
      modulePartNo: None
      memType: Unknown
      size: 1
      clkspeed: 0
      moduleVoltage: 0
    DIMM 2:
      manufacturer: Microsoft Corporation
      modulePartNo: None
      memType: Unknown
      size: 59
      clkspeed: 0
      moduleVoltage: 0
    DIMM 3:
      manufacturer: Microsoft Corporation
      modulePartNo: None
      memType: Unknown
      size: 324
      clkspeed: 0
      moduleVoltage: 0
Checksum: 4F6BB9A9E9A3F7716CCFC96BE524FD6E2FAEDF00