BaselineInfo:
  WebDBID: -1
  TimeStamp: 20260404235223
Version:
  Major: 11
  Minor: 0
  Build: 1004
  SpecialBuildName: ""
  ptArchitecture: aarch64_linux
Results:
  Results Complete: true
  NumTestProcesses: 32
  CPU_INTEGER_MATH: 176034.77300000002
  CPU_FLOATINGPOINT_MATH: 147568.56160614398
  CPU_PRIME: 254.46651488068164
  CPU_SORTING: 128642.90019677901
  CPU_ENCRYPTION: 5208.8970130893449
  CPU_COMPRESSION: 190210.2108509372
  CPU_SINGLETHREAD: 1638.4754901012377
  CPU_PHYSICS: 4991.0919113962345
  CPU_MATRIX_MULT_SSE: 24955.680800062371
  CPU_mm: 4025.3012503401278
  CPU_sse: 21068.662243395556
  CPU_fma: 28842.69935672919
  CPU_avx: 0
  CPU_avx512: 0
  m_CPU_enc_SHA: 7608958544.3742895
  m_CPU_enc_AES: 3380570324.8958335
  m_CPU_enc_ECDSA: 5396244313.9213953
  ME_ALLOC_S: 23860.098700883547
  ME_READ_S: 22509.1337890625
  ME_READ_L: 18569.7734375
  ME_WRITE: 22022.154296875
  ME_LARGE: 236451.08333333334
  ME_LATENCY: 61.311830158110212
  ME_THREADED: 110620.8984375
  SUMM_CPU: 22709.391556799048
  SUMM_ME: 2905.6789894435819
SystemInformation:
  OSName: Ubuntu 24.04.4 LTS
  Kernel: 6.8.0-106-generic
  Device: ""
  Processor: ARM Neoverse-N2 32 Core 3000 MHz
  NumSockets: 1
  Manufacturer: ARM
  NumCores: 32
  NumLogicals: 32
  CPUFrequency: 3000
  CPUMaxFrequency: 3000
  Memory: 251236
Checksum: 2339A6749FE581819B9913DC58A68E35E13CDCF0