---
system-info:
      stress-ng-version: 0.17.08
      run-by: root
      date-yyyy-mm-dd: 2024:07:11
      time-hh-mm-ss: 13:53:43
      epoch-secs: 1720706023
      hostname: ip-172-31-7-36
      sysname: Linux
      nodename: ip-172-31-7-36
      release: 6.8.0-1010-aws
      version: '#10-Ubuntu SMP Thu Jun 13 17:36:15 UTC 2024'
      machine: x86_64
      compiler: 'musl-gcc 13.2.1'
      uptime: 143
      totalram: 65979400192
      freeram: 60932866048
      sharedram: 20013056
      bufferram: 129699840
      totalswap: 0
      freeswap: 0
      pagesize: 4096
      cpus: 8
      cpus-online: 8
      ticks-per-second: 100

metrics:
    - stressor: cpu
      bogo-ops: 59869
      bogo-ops-per-second-usr-sys-time: 2993.492208
      bogo-ops-per-second-real-time: 2993.447252
      wall-clock-time: 20.000018
      user-time: 19.999718
      system-time: 0.000000
      cpu-usage-per-instance: 99.998498
      max-rss: 1104

...
