---
system-info:
      stress-ng-version: 0.17.08
      run-by: root
      date-yyyy-mm-dd: 2024:06:09
      time-hh-mm-ss: 15:19:44
      epoch-secs: 1717946384
      hostname: 9bbf73d04a5d
      sysname: Linux
      nodename: 9bbf73d04a5d
      release: 6.8.0-1008-aws
      version: '#8-Ubuntu SMP Sat Apr 20 00:46:25 UTC 2024'
      machine: x86_64
      compiler: 'musl-gcc 13.2.1'
      uptime: 119
      totalram: 65979416576
      freeram: 61481525248
      sharedram: 20029440
      bufferram: 109588480
      totalswap: 0
      freeswap: 0
      pagesize: 4096
      cpus: 8
      cpus-online: 8
      ticks-per-second: 100

metrics:
    - stressor: cpu
      bogo-ops: 17052
      bogo-ops-per-second-usr-sys-time: 1705.136910
      bogo-ops-per-second-real-time: 1705.042395
      wall-clock-time: 10.000924
      user-time: 9.999371
      system-time: 0.000999
      cpu-usage-per-instance: 99.994457
      max-rss: 3920

...
