BaselineInfo:
  WebDBID: -1
  TimeStamp: 20260622010612
Version:
  Major: 11
  Minor: 0
  Build: 1004
  SpecialBuildName: ""
  ptArchitecture: x86_64_linux
Results:
  Results Complete: true
  NumTestProcesses: 192
  CPU_INTEGER_MATH: 929948.22566666675
  CPU_FLOATINGPOINT_MATH: 671261.09485053457
  CPU_PRIME: 1833.8430719434916
  CPU_SORTING: 469957.83148975938
  CPU_ENCRYPTION: 204972.86456839758
  CPU_COMPRESSION: 3626672.2681162371
  CPU_SINGLETHREAD: 3533.9715896623402
  CPU_PHYSICS: 27978.745382896333
  CPU_MATRIX_MULT_SSE: 247926.70288323599
  CPU_mm: 26579.756822405172
  CPU_sse: 113988.99939291735
  CPU_fma: 299226.1267347968
  CPU_avx: 228669.12115699932
  CPU_avx512: 349822.56424822961
  m_CPU_enc_SHA: 217916213451.75266
  m_CPU_enc_AES: 284128551142.27869
  m_CPU_enc_ECDSA: 142744114718.98413
  ME_ALLOC_S: 34654.42099187478
  ME_READ_S: 30890.925195312499
  ME_READ_L: 23492.74609375
  ME_WRITE: 8612.9365234375
  ME_LARGE: 373188
  ME_LATENCY: 70.283061894187199
  ME_THREADED: 997502.95031738281
  SUMM_CPU: 150927.69124537022
  SUMM_ME: 2743.2029662255613
SystemInformation:
  OSName: Ubuntu 24.04.4 LTS
  Kernel: 6.17.0-1018-azure
  Device: ""
  Processor: Intel(R) Xeon(R) 6973P-C
  NumSockets: 2
  Manufacturer: GenuineIntel
  NumCores: 96
  NumLogicals: 192
  CPUFrequency: 2600
  CPUMaxFrequency: 2600
  Memory: 386889
  CPUInfo:
    number: 2
    Family: 6
    Model: 13
    stepping: 1
    features: 529267711
    manufacture: GenuineIntel
    typestring: Intel(R) Xeon(R) 6973P-C
    iCoresPerPackage: 64
    iThreadsPerPackage: 2
    featuresEx:
      - 529267711
      - 4294586915
      - 739248128
    bHybrid: false
    nPCore: 0
    nLogicalsPerPCore: 0
    nECore: 0
    nLogicalsPerECore: 0
  MemModuleInfo:
    iNumMemSticks: 6
    DIMM 1:
      manufacturer: Microsoft Corporation
      modulePartNo: None
      memType: Unknown
      size: 1
      clkspeed: 0
      moduleVoltage: 0
    DIMM 2:
      manufacturer: Microsoft Corporation
      modulePartNo: None
      memType: Unknown
      size: 59
      clkspeed: 0
      moduleVoltage: 0
    DIMM 3:
      manufacturer: Microsoft Corporation
      modulePartNo: None
      memType: Unknown
      size: 36
      clkspeed: 0
      moduleVoltage: 0
    DIMM 4:
      manufacturer: Microsoft Corporation
      modulePartNo: None
      memType: Unknown
      size: 96
      clkspeed: 0
      moduleVoltage: 0
    DIMM 5:
      manufacturer: Microsoft Corporation
      modulePartNo: None
      memType: Unknown
      size: 96
      clkspeed: 0
      moduleVoltage: 0
    DIMM 6:
      manufacturer: Microsoft Corporation
      modulePartNo: None
      memType: Unknown
      size: 96
      clkspeed: 0
      moduleVoltage: 0
Checksum: 59CDB0E09447CADF288B394989304255DC032EDF