BaselineInfo:
  WebDBID: -1
  TimeStamp: 20260618110401
Version:
  Major: 11
  Minor: 0
  Build: 1004
  SpecialBuildName: ""
  ptArchitecture: x86_64_linux
Results:
  Results Complete: true
  NumTestProcesses: 2
  CPU_INTEGER_MATH: 6378.6636666666664
  CPU_FLOATINGPOINT_MATH: 3900.9013756115833
  CPU_PRIME: 17.366884482726078
  CPU_SORTING: 3689.9321022537238
  CPU_ENCRYPTION: 2015.9731586650962
  CPU_COMPRESSION: 29219.030865711989
  CPU_SINGLETHREAD: 2035.6104711529349
  CPU_PHYSICS: 322.51922616405204
  CPU_MATRIX_MULT_SSE: 1709.1976488844016
  CPU_mm: 193.59717414526136
  CPU_sse: 797.80883707983662
  CPU_fma: 2637.2147914080206
  CPU_avx: 1692.5693181653473
  CPU_avx512: 0
  m_CPU_enc_SHA: 2858213207.9225655
  m_CPU_enc_AES: 1950497264.1004648
  m_CPU_enc_ECDSA: 1532992740.4382057
  ME_ALLOC_S: 677.74886351812461
  ME_READ_S: 23058.458984375
  ME_READ_L: 11119.1044921875
  ME_WRITE: 9892.1162109375
  ME_LARGE: 2093.8333333333335
  ME_LATENCY: 54.963505617894931
  ME_THREADED: 17872.087890625
  SUMM_CPU: 2713.7405292918725
  SUMM_ME: 1494.0044121389446
SystemInformation:
  OSName: Ubuntu 24.04.4 LTS
  Kernel: 6.8.0-117-generic
  Device: ""
  Processor: "AMD EPYC 7H12 64-Core Processor                "
  NumSockets: 1
  Manufacturer: AuthenticAMD
  NumCores: 1
  NumLogicals: 2
  CPUFrequency: 7
  CPUMaxFrequency: 832
  Memory: 3516
  CPUInfo:
    number: 1
    Family: 15
    Model: 1
    stepping: 0
    features: 395049983
    manufacture: AuthenticAMD
    typestring: "AMD EPYC 7H12 64-Core Processor                "
    iCoresPerPackage: 1
    iThreadsPerPackage: 2
    featuresEx:
      - 395049983
      - 4277678595
      - 776996864
    bHybrid: false
    nPCore: 0
    nLogicalsPerPCore: 0
    nECore: 0
    nLogicalsPerECore: 0
  MemModuleInfo:
    iNumMemSticks: 1
    DIMM 1:
      manufacturer: Alibaba Cloud
      modulePartNo: Not Specified
      memType: RAM
      size: 4
      clkspeed: 0
      moduleVoltage: 0
Checksum: 5D0B950AE8C1B65180A6AEADF9294B38BA9FD435