BaselineInfo:
  WebDBID: -1
  TimeStamp: 20260611223035
Version:
  Major: 11
  Minor: 0
  Build: 1004
  SpecialBuildName: ""
  ptArchitecture: x86_64_linux
Results:
  Results Complete: true
  NumTestProcesses: 1
  CPU_INTEGER_MATH: 4119.9406666666664
  CPU_FLOATINGPOINT_MATH: 2944.5681719139266
  CPU_PRIME: 12.348206803873261
  CPU_SORTING: 2531.2276539089057
  CPU_ENCRYPTION: 535.83411585947601
  CPU_COMPRESSION: 19646.944302952063
  CPU_SINGLETHREAD: 1921.694759240637
  CPU_PHYSICS: 217.77715238672471
  CPU_MATRIX_MULT_SSE: 1363.4297083305544
  CPU_mm: 186.07430090615327
  CPU_sse: 657.35373125994283
  CPU_fma: 2037.2402748979855
  CPU_avx: 1366.3851665226323
  CPU_avx512: 1392.7396606416569
  m_CPU_enc_SHA: 295191344.2299608
  m_CPU_enc_AES: 1134864640.6375437
  m_CPU_enc_ECDSA: 255532396.7468932
  ME_ALLOC_S: 666.72468864868665
  ME_READ_S: 24208.878124999999
  ME_READ_L: 7169.35498046875
  ME_WRITE: 7293.05908203125
  ME_LARGE: 531.75
  ME_LATENCY: 57.291214246604461
  ME_THREADED: 7450.154296875
  SUMM_CPU: 1636.1645678693269
  SUMM_ME: 784.85860859465765
SystemInformation:
  OSName: Ubuntu 24.04.4 LTS
  Kernel: 6.8.0-124-generic
  Device: ""
  Processor: Intel Xeon Processor (Cascadelake)
  NumSockets: 1
  Manufacturer: GenuineIntel
  NumCores: 1
  NumLogicals: 1
  CPUFrequency: 743
  CPUMaxFrequency: 2696
  Memory: 955
  CPUInfo:
    number: 1
    Family: 6
    Model: 5
    stepping: 6
    features: 126614527
    manufacture: GenuineIntel
    typestring: Intel Xeon Processor (Cascadelake)
    iCoresPerPackage: 1
    iThreadsPerPackage: 1
    featuresEx:
      - 126614527
      - 4294586883
      - 739248128
    bHybrid: false
    nPCore: 0
    nLogicalsPerPCore: 0
    nECore: 0
    nLogicalsPerECore: 0
  MemModuleInfo:
    iNumMemSticks: 1
    DIMM 1:
      manufacturer: QEMU
      modulePartNo: Not Specified
      memType: RAM
      size: 1
      clkspeed: 0
      moduleVoltage: 0
Checksum: B33D485FF7E018B6294F29D8562B6CCC31EDF4E2