BaselineInfo:
  WebDBID: -1
  TimeStamp: 20241126013439
Version:
  Major: 11
  Minor: 0
  Build: 1002
  SpecialBuildName: ""
  ptArchitecture: x86_64_linux
Results:
  Results Complete: true
  NumTestProcesses: 32
  CPU_INTEGER_MATH: 193662.25066666666
  CPU_FLOATINGPOINT_MATH: 170909.05610417764
  CPU_PRIME: 627.4321979174274
  CPU_SORTING: 121919.93275535732
  CPU_ENCRYPTION: 41990.461990932112
  CPU_COMPRESSION: 844575.80407777929
  CPU_SINGLETHREAD: 2906.2120654034848
  CPU_PHYSICS: 8267.3794131866598
  CPU_MATRIX_MULT_SSE: 78298.649574741343
  CPU_mm: 8359.8535853656394
  CPU_sse: 37088.050190864473
  CPU_fma: 105724.25670790923
  CPU_avx: 91141.696043907345
  CPU_avx512: 79240.595356284408
  m_CPU_enc_SHA: 58047494462.826614
  m_CPU_enc_AES: 36778745117.630333
  m_CPU_enc_ECDSA: 37264332437.35392
  ME_ALLOC_S: 28760.693387777061
  ME_READ_S: 27908.908203125
  ME_READ_L: 27592.861328125
  ME_WRITE: 26810.732421875
  ME_LARGE: 117046
  ME_LATENCY: 76.303308316073256
  ME_THREADED: 188854.5703125
  SUMM_CPU: 62590.722930962191
  SUMM_ME: 2852.7019295015598
SystemInformation:
  OSName: Ubuntu 24.04.1 LTS
  Kernel: 6.8.0-1017-azure
  Device: ""
  Processor: AMD EPYC 9V74 80-Core Processor
  NumSockets: 1
  Manufacturer: AuthenticAMD
  NumCores: 32
  NumLogicals: 32
  CPUFrequency: 0
  Memory: 128803
  MemModuleInfo:
    iNumMemSticks: 3
    DIMM 1:
      manufacturer: Microsoft Corporation
      modulePartNo: None
      memType: Unknown
      size: 1
      clkspeed: 0
      moduleVoltage: 0
    DIMM 2:
      manufacturer: Microsoft Corporation
      modulePartNo: None
      memType: Unknown
      size: 59
      clkspeed: 0
      moduleVoltage: 0
    DIMM 3:
      manufacturer: Microsoft Corporation
      modulePartNo: None
      memType: Unknown
      size: 68
      clkspeed: 0
      moduleVoltage: 0
Checksum: 9047BE208C37A67F000E790912E4CFC9EA3A15A0