---
system-info:
      stress-ng-version: 0.17.08
      run-by: root
      date-yyyy-mm-dd: 2024:06:05
      time-hh-mm-ss: 23:51:52
      epoch-secs: 1717631512
      hostname: a4b37b3c1db3
      sysname: Linux
      nodename: a4b37b3c1db3
      release: 6.8.0-1008-aws
      version: '#8-Ubuntu SMP Sat Apr 20 00:46:25 UTC 2024'
      machine: x86_64
      compiler: 'musl-gcc 13.2.1'
      uptime: 120
      totalram: 10689454080
      freeram: 6635708416
      sharedram: 29188096
      bufferram: 80203776
      totalswap: 0
      freeswap: 0
      pagesize: 4096
      cpus: 4
      cpus-online: 4
      ticks-per-second: 100

metrics:
    - stressor: cpu
      bogo-ops: 15192
      bogo-ops-per-second-usr-sys-time: 1519.065715
      bogo-ops-per-second-real-time: 1518.967826
      wall-clock-time: 10.001529
      user-time: 10.000884
      system-time: 0.000000
      cpu-usage-per-instance: 99.993556
      max-rss: 3792

...
