---
system-info:
      stress-ng-version: 0.17.08
      run-by: root
      date-yyyy-mm-dd: 2024:06:12
      time-hh-mm-ss: 22:20:29
      epoch-secs: 1718230829
      hostname: c22623c227df
      sysname: Linux
      nodename: c22623c227df
      release: 6.8.0-1008-aws
      version: '#8-Ubuntu SMP Sat Apr 20 00:46:25 UTC 2024'
      machine: x86_64
      compiler: 'musl-gcc 13.2.1'
      uptime: 157
      totalram: 10689462272
      freeram: 6346735616
      sharedram: 29188096
      bufferram: 112463872
      totalswap: 0
      freeswap: 0
      pagesize: 4096
      cpus: 4
      cpus-online: 4
      ticks-per-second: 100

metrics:
    - stressor: cpu
      bogo-ops: 28081
      bogo-ops-per-second-usr-sys-time: 1404.072044
      bogo-ops-per-second-real-time: 1404.046569
      wall-clock-time: 20.000049
      user-time: 19.998687
      system-time: 0.000999
      cpu-usage-per-instance: 99.998186
      max-rss: 1104

...
