---
system-info:
      stress-ng-version: 0.17.08
      run-by: root
      date-yyyy-mm-dd: 2024:06:05
      time-hh-mm-ss: 15:51:53
      epoch-secs: 1717602713
      hostname: 403769f7747d
      sysname: Linux
      nodename: 403769f7747d
      release: 6.8.0-1008-aws
      version: '#8-Ubuntu SMP Sat Apr 20 00:46:25 UTC 2024'
      machine: x86_64
      compiler: 'musl-gcc 13.2.1'
      uptime: 136
      totalram: 133602816000
      freeram: 129217830912
      sharedram: 20271104
      bufferram: 78237696
      totalswap: 0
      freeswap: 0
      pagesize: 4096
      cpus: 64
      cpus-online: 64
      ticks-per-second: 100

metrics:
    - stressor: cpu
      bogo-ops: 13965
      bogo-ops-per-second-usr-sys-time: 1396.523462
      bogo-ops-per-second-real-time: 1396.441470
      wall-clock-time: 10.000419
      user-time: 9.998833
      system-time: 0.000999
      cpu-usage-per-instance: 99.994129
      max-rss: 3584

...
