---
system-info:
      stress-ng-version: 0.17.08
      run-by: root
      date-yyyy-mm-dd: 2024:06:12
      time-hh-mm-ss: 15:56:54
      epoch-secs: 1718207814
      hostname: c041f08cd913
      sysname: Linux
      nodename: c041f08cd913
      release: 6.8.0-1008-aws
      version: '#8-Ubuntu SMP Sat Apr 20 00:46:25 UTC 2024'
      machine: x86_64
      compiler: 'musl-gcc 13.2.1'
      uptime: 225
      totalram: 133602807808
      freeram: 128854908928
      sharedram: 20271104
      bufferram: 112508928
      totalswap: 0
      freeswap: 0
      pagesize: 4096
      cpus: 64
      cpus-online: 64
      ticks-per-second: 100

metrics:
    - stressor: cpu
      bogo-ops: 31303
      bogo-ops-per-second-usr-sys-time: 1565.256829
      bogo-ops-per-second-real-time: 1565.144123
      wall-clock-time: 20.000075
      user-time: 19.998635
      system-time: 0.000000
      cpu-usage-per-instance: 99.992800
      max-rss: 512

...
