---
system-info:
      stress-ng-version: 0.17.08
      run-by: root
      date-yyyy-mm-dd: 2024:06:12
      time-hh-mm-ss: 18:56:16
      epoch-secs: 1718218576
      hostname: cf15b9151026
      sysname: Linux
      nodename: cf15b9151026
      release: 6.8.0-1008-aws
      version: '#8-Ubuntu SMP Sat Apr 20 00:46:25 UTC 2024'
      machine: x86_64
      compiler: 'musl-gcc 13.2.1'
      uptime: 169
      totalram: 133602783232
      freeram: 128829100032
      sharedram: 20271104
      bufferram: 112717824
      totalswap: 0
      freeswap: 0
      pagesize: 4096
      cpus: 64
      cpus-online: 64
      ticks-per-second: 100

metrics:
    - stressor: cpu
      bogo-ops: 15300
      bogo-ops-per-second-usr-sys-time: 765.029607
      bogo-ops-per-second-real-time: 764.998705
      wall-clock-time: 20.000034
      user-time: 19.998227
      system-time: 0.000999
      cpu-usage-per-instance: 99.995961
      max-rss: 512

...
