BaselineInfo:
  WebDBID: -1
  TimeStamp: 20260620073004
Version:
  Major: 11
  Minor: 0
  Build: 1004
  SpecialBuildName: ""
  ptArchitecture: x86_64_linux
Results:
  Results Complete: true
  NumTestProcesses: 16
  CPU_INTEGER_MATH: 96568.922333333336
  CPU_FLOATINGPOINT_MATH: 58412.763116622766
  CPU_PRIME: 140.48223063098081
  CPU_SORTING: 45556.745723383763
  CPU_ENCRYPTION: 18858.384754278763
  CPU_COMPRESSION: 350502.36844730657
  CPU_SINGLETHREAD: 3366.9086756229858
  CPU_PHYSICS: 2994.0284638104708
  CPU_MATRIX_MULT_SSE: 28877.419258161066
  CPU_mm: 2771.1431883756395
  CPU_sse: 10416.479602897298
  CPU_fma: 31091.614049704785
  CPU_avx: 30319.243333797858
  CPU_avx512: 43682.34004624431
  m_CPU_enc_SHA: 23539160184.128506
  m_CPU_enc_AES: 19228837686.247906
  m_CPU_enc_ECDSA: 16555351085.931412
  ME_ALLOC_S: 9966.6130645902304
  ME_READ_S: 33439.6689453125
  ME_READ_L: 29156.58984375
  ME_WRITE: 29859.595703125
  ME_LARGE: 249031.58333333334
  ME_LATENCY: 84.49606637315236
  ME_THREADED: 54479.71484375
  SUMM_CPU: 30965.932476659316
  SUMM_ME: 2650.0582461946392
SystemInformation:
  OSName: Ubuntu 24.04.4 LTS
  Kernel: 6.17.0-1018-azure
  Device: ""
  Processor: "AMD EPYC 9V45 96-Core Processor                "
  NumSockets: 1
  Manufacturer: AuthenticAMD
  NumCores: 8
  NumLogicals: 16
  CPUFrequency: 0
  CPUMaxFrequency: 0
  Memory: 257737
  CPUInfo:
    number: 1
    Family: 15
    Model: 2
    stepping: 1
    features: 395049983
    manufacture: AuthenticAMD
    typestring: "AMD EPYC 9V45 96-Core Processor                "
    iCoresPerPackage: 8
    iThreadsPerPackage: 2
    featuresEx:
      - 395049983
      - 4277809667
      - 802421759
    bHybrid: false
    nPCore: 0
    nLogicalsPerPCore: 0
    nECore: 0
    nLogicalsPerECore: 0
  MemModuleInfo:
    iNumMemSticks: 3
    DIMM 1:
      manufacturer: Microsoft Corporation
      modulePartNo: None
      memType: Unknown
      size: 1
      clkspeed: 0
      moduleVoltage: 0
    DIMM 2:
      manufacturer: Microsoft Corporation
      modulePartNo: None
      memType: Unknown
      size: 59
      clkspeed: 0
      moduleVoltage: 0
    DIMM 3:
      manufacturer: Microsoft Corporation
      modulePartNo: None
      memType: Unknown
      size: 196
      clkspeed: 0
      moduleVoltage: 0
Checksum: C9D8CFDB280DBB1C4A3326A1E613273BC36E3258