BaselineInfo:
  WebDBID: -1
  TimeStamp: 20241109122527
Version:
  Major: 11
  Minor: 0
  Build: 1002
  SpecialBuildName: ""
  ptArchitecture: x86_64_linux
Results:
  Results Complete: true
  NumTestProcesses: 64
  CPU_INTEGER_MATH: 269253.44199999998
  CPU_FLOATINGPOINT_MATH: 137689.51110242098
  CPU_PRIME: 360.76593095263871
  CPU_SORTING: 135168.77412602134
  CPU_ENCRYPTION: 58291.317450688563
  CPU_COMPRESSION: 978262.9631307848
  CPU_SINGLETHREAD: 2428.3633859397319
  CPU_PHYSICS: 5897.3458097341691
  CPU_MATRIX_MULT_SSE: 56704.627755656853
  CPU_mm: 5797.4018750124105
  CPU_sse: 25168.045530380063
  CPU_fma: 70140.918526205671
  CPU_avx: 51810.752316279875
  CPU_avx512: 79698.794649761781
  m_CPU_enc_SHA: 58798631274.120811
  m_CPU_enc_AES: 88626493344.329758
  m_CPU_enc_ECDSA: 35943504843.069
  ME_ALLOC_S: 29662.066517799798
  ME_READ_S: 24326.914843750001
  ME_READ_L: 11483.2099609375
  ME_WRITE: 10611.6923828125
  ME_LARGE: 245669.66666666666
  ME_LATENCY: 52.5394875831985
  ME_THREADED: 233607.75390625
  SUMM_CPU: 60521.263912027171
  SUMM_ME: 2787.944794791707
SystemInformation:
  OSName: Ubuntu 24.04.1 LTS
  Kernel: 6.8.0-1017-azure
  Device: ""
  Processor: Intel Xeon Platinum 8370C CPU @ 2.80GHz
  NumSockets: 2
  Manufacturer: GenuineIntel
  NumCores: 32
  NumLogicals: 64
  CPUFrequency: 2800
  Memory: 257909
  MemModuleInfo:
    iNumMemSticks: 4
    DIMM 1:
      manufacturer: Microsoft Corporation
      modulePartNo: None
      memType: Unknown
      size: 1
      clkspeed: 0
      moduleVoltage: 0
    DIMM 2:
      manufacturer: Microsoft Corporation
      modulePartNo: None
      memType: Unknown
      size: 59
      clkspeed: 0
      moduleVoltage: 0
    DIMM 3:
      manufacturer: Microsoft Corporation
      modulePartNo: None
      memType: Unknown
      size: 68
      clkspeed: 0
      moduleVoltage: 0
    DIMM 4:
      manufacturer: Microsoft Corporation
      modulePartNo: None
      memType: Unknown
      size: 128
      clkspeed: 0
      moduleVoltage: 0
Checksum: B19F69E62840D77BAC652DD2CAE5CB25BB50054A