---
system-info:
      stress-ng-version: 0.17.08
      run-by: root
      date-yyyy-mm-dd: 2024:07:26
      time-hh-mm-ss: 07:23:23
      epoch-secs: 1721978603
      hostname: a2-ultragpu-4g-9890dfd
      sysname: Linux
      nodename: a2-ultragpu-4g-9890dfd
      release: 6.8.0-1010-gcp
      version: '#11-Ubuntu SMP Fri Jun 14 16:56:45 UTC 2024'
      machine: x86_64
      compiler: 'musl-gcc 13.2.1'
      uptime: 234
      totalram: 718195875840
      freeram: 709443108864
      sharedram: 42229760
      bufferram: 130138112
      totalswap: 0
      freeswap: 0
      pagesize: 4096
      cpus: 48
      cpus-online: 48
      ticks-per-second: 100

metrics:
    - stressor: cpu
      bogo-ops: 758514
      bogo-ops-per-second-usr-sys-time: 790.550769
      bogo-ops-per-second-real-time: 37925.492229
      wall-clock-time: 20.000110
      user-time: 959.445399
      system-time: 0.029982
      cpu-usage-per-instance: 99.944805
      max-rss: 1152

...
