---
system-info:
      stress-ng-version: 0.17.08
      run-by: root
      date-yyyy-mm-dd: 2024:09:23
      time-hh-mm-ss: 13:55:58
      epoch-secs: 1727099758
      hostname: sc-runner
      sysname: Linux
      nodename: sc-runner
      release: 6.8.0-1014-azure
      version: '#16-Ubuntu SMP Thu Aug 15 20:04:41 UTC 2024'
      machine: x86_64
      compiler: 'musl-gcc 13.2.1'
      uptime: 352
      totalram: 135060668416
      freeram: 124426223616
      sharedram: 38219776
      bufferram: 251973632
      totalswap: 0
      freeswap: 0
      pagesize: 4096
      cpus: 32
      cpus-online: 32
      ticks-per-second: 100

metrics:
    - stressor: cpu
      bogo-ops: 54034
      bogo-ops-per-second-usr-sys-time: 2701.686897
      bogo-ops-per-second-real-time: 2701.677455
      wall-clock-time: 20.000167
      user-time: 19.999098
      system-time: 0.000999
      cpu-usage-per-instance: 99.999651
      max-rss: 3080

...
