BaselineInfo:
  WebDBID: -1
  TimeStamp: 20241115090137
Version:
  Major: 11
  Minor: 0
  Build: 1002
  SpecialBuildName: ""
  ptArchitecture: x86_64_linux
Results:
  Results Complete: true
  NumTestProcesses: 2
  CPU_INTEGER_MATH: 5139.2639999999992
  CPU_FLOATINGPOINT_MATH: 2714.8914198813836
  CPU_PRIME: 7.7707038671967688
  CPU_SORTING: 3156.6104525023147
  CPU_ENCRYPTION: 1601.4778877083224
  CPU_COMPRESSION: 22088.649780006512
  CPU_SINGLETHREAD: 1290.2339063224665
  CPU_PHYSICS: 0
  CPU_MATRIX_MULT_SSE: 766.15898969326599
  CPU_mm: 155.45739403584025
  CPU_sse: 632.3925711843076
  CPU_fma: 904.28772964805023
  CPU_avx: 761.79666824744004
  CPU_avx512: 0
  m_CPU_enc_SHA: 2272985450.7510209
  m_CPU_enc_AES: 1561951740.575707
  m_CPU_enc_ECDSA: 1202876641.4181976
  ME_ALLOC_S: 0
  ME_READ_S: 0
  ME_READ_L: 0
  ME_WRITE: 0
  ME_LARGE: 0
  ME_LATENCY: 0
  ME_THREADED: 0
  SUMM_CPU: 0
  SUMM_ME: 0
SystemInformation:
  OSName: Ubuntu 24.04.1 LTS
  Kernel: 6.8.0-1018-aws
  Device: ""
  Processor: AMD EPYC 7571
  NumSockets: 1
  Manufacturer: AuthenticAMD
  NumCores: 1
  NumLogicals: 2
  CPUFrequency: 0
  Memory: 418
  MemModuleInfo:
    iNumMemSticks: 1
    DIMM 1:
      manufacturer: Not Specified
      modulePartNo: Not Specified
      memType: DDR4
      size: 512
      clkspeed: 1600
      moduleVoltage: 0
Checksum: BF710EA69F1F4C8255E417C8B432FBE6D9D7DD77