BaselineInfo:
  WebDBID: -1
  TimeStamp: 20241114183541
Version:
  Major: 11
  Minor: 0
  Build: 1002
  SpecialBuildName: ""
  ptArchitecture: x86_64_linux
Results:
  Results Complete: true
  NumTestProcesses: 2
  CPU_INTEGER_MATH: 5131.264666666666
  CPU_FLOATINGPOINT_MATH: 2720.8589351586725
  CPU_PRIME: 7.1993943538887066
  CPU_SORTING: 3230.1234740403806
  CPU_ENCRYPTION: 1610.9936471615977
  CPU_COMPRESSION: 21448.975735641077
  CPU_SINGLETHREAD: 1408.6877796557751
  CPU_PHYSICS: 204.56047271198241
  CPU_MATRIX_MULT_SSE: 774.05651771718499
  CPU_mm: 156.22696640813876
  CPU_sse: 633.49505844812415
  CPU_fma: 933.04333030847351
  CPU_avx: 755.6311643949573
  CPU_avx512: 0
  m_CPU_enc_SHA: 2282587213.1197591
  m_CPU_enc_AES: 1579497585.52915
  m_CPU_enc_ECDSA: 1205663025.0494499
  ME_ALLOC_S: 0
  ME_READ_S: 0
  ME_READ_L: 0
  ME_WRITE: 0
  ME_LARGE: 0
  ME_LATENCY: 0
  ME_THREADED: 0
  SUMM_CPU: 1836.9290870023331
  SUMM_ME: 0
SystemInformation:
  OSName: Ubuntu 24.04.1 LTS
  Kernel: 6.8.0-1018-aws
  Device: ""
  Processor: AMD EPYC 7571
  NumSockets: 1
  Manufacturer: AuthenticAMD
  NumCores: 1
  NumLogicals: 2
  CPUFrequency: 0
  Memory: 418
  MemModuleInfo:
    iNumMemSticks: 1
    DIMM 1:
      manufacturer: Not Specified
      modulePartNo: Not Specified
      memType: DDR4
      size: 512
      clkspeed: 1333
      moduleVoltage: 0
Checksum: A37210D1A23369F9D565C860AC4101B593D25528