BaselineInfo:
  WebDBID: -1
  TimeStamp: 20260611141057
Version:
  Major: 11
  Minor: 0
  Build: 1004
  SpecialBuildName: ""
  ptArchitecture: aarch64_linux
Results:
  Results Complete: true
  NumTestProcesses: 32
  CPU_INTEGER_MATH: 195988.39999999997
  CPU_FLOATINGPOINT_MATH: 244844.29777951038
  CPU_PRIME: 565.02192534200117
  CPU_SORTING: 170458.10274345707
  CPU_ENCRYPTION: 9480.2262065300474
  CPU_COMPRESSION: 299041.21827486408
  CPU_SINGLETHREAD: 2465.2104024571504
  CPU_PHYSICS: 9528.4289007416573
  CPU_MATRIX_MULT_SSE: 43192.167253013555
  CPU_mm: 4300.2814972297892
  CPU_sse: 34363.976883574687
  CPU_fma: 52020.357622452408
  CPU_avx: 0
  CPU_avx512: 0
  m_CPU_enc_SHA: 15870545840.017576
  m_CPU_enc_AES: 4432148987.0432892
  m_CPU_enc_ECDSA: 9519518197.1544857
  ME_ALLOC_S: 45874.730479135644
  ME_READ_S: 24928.541406249999
  ME_READ_L: 23707.919921875
  ME_WRITE: 24801.9921875
  ME_LARGE: 116879.75
  ME_LATENCY: 26.98869207362489
  ME_THREADED: 183383.1650390625
  SUMM_CPU: 36646.490143428477
  SUMM_ME: 4567.6314374768726
SystemInformation:
  OSName: Ubuntu 24.04.4 LTS
  Kernel: 6.17.0-1017-aws
  Device: ""
  Processor: ARM Neoverse-V3 32 Core 0 MHz
  NumSockets: 1
  Manufacturer: ARM
  NumCores: 32
  NumLogicals: 32
  CPUFrequency: 0
  CPUMaxFrequency: 0
  Memory: 126468
Checksum: A0A93186B27E8E0CF07A0F15B06627279A354447