BaselineInfo:
  WebDBID: -1
  TimeStamp: 20251006222822
Version:
  Major: 11
  Minor: 0
  Build: 1002
  SpecialBuildName: ""
  ptArchitecture: x86_64_linux
Results:
  Results Complete: true
  NumTestProcesses: 16
  CPU_INTEGER_MATH: 82445.223666666658
  CPU_FLOATINGPOINT_MATH: 59727.441762710776
  CPU_PRIME: 177.26807336292572
  CPU_SORTING: 42161.15854154485
  CPU_ENCRYPTION: 18133.349821093805
  CPU_COMPRESSION: 319885.95707308681
  CPU_SINGLETHREAD: 3272.2237223244147
  CPU_PHYSICS: 3867.391661574095
  CPU_MATRIX_MULT_SSE: 22619.827334462796
  CPU_mm: 2411.2286725281351
  CPU_sse: 9954.4864021670674
  CPU_fma: 26073.676728390503
  CPU_avx: 21199.064411547231
  CPU_avx512: 33252.081795746395
  m_CPU_enc_SHA: 19215392024.660942
  m_CPU_enc_AES: 25015636482.717785
  m_CPU_enc_ECDSA: 12811557758.631046
  ME_ALLOC_S: 8867.1498285189009
  ME_READ_S: 28852.971874999999
  ME_READ_L: 12181.791015625
  ME_WRITE: 11253.90625
  ME_LARGE: 21558.583333333332
  ME_LATENCY: 73.738844894014974
  ME_THREADED: 133041.73876953125
  SUMM_CPU: 29119.360133741429
  SUMM_ME: 2356.8841397333135
SystemInformation:
  OSName: Ubuntu 24.04.2 LTS
  Kernel: 6.14.0-1014-aws
  Device: ""
  Processor: Intel Xeon 6975P-C
  NumSockets: 1
  Manufacturer: GenuineIntel
  NumCores: 8
  NumLogicals: 16
  CPUFrequency: 0
  Memory: 31554
  MemModuleInfo:
    iNumMemSticks: 1
    DIMM 1:
      manufacturer: Not Specified
      modulePartNo: Not Specified
      memType: DDR5
      size: 32
      clkspeed: 3600
      moduleVoltage: 0
Checksum: A8823CF5EEB3D16C9C2FD4136E9994323D85DAE2