BaselineInfo:
  WebDBID: -1
  TimeStamp: 20260620221756
Version:
  Major: 11
  Minor: 0
  Build: 1004
  SpecialBuildName: ""
  ptArchitecture: x86_64_linux
Results:
  Results Complete: true
  NumTestProcesses: 64
  CPU_INTEGER_MATH: 471235.94600000017
  CPU_FLOATINGPOINT_MATH: 446660.60666619887
  CPU_PRIME: 1499.5003317700023
  CPU_SORTING: 238884.3587281325
  CPU_ENCRYPTION: 95771.374751455514
  CPU_COMPRESSION: 1749141.7000404759
  CPU_SINGLETHREAD: 3804.1291979415487
  CPU_PHYSICS: 20304.569902851232
  CPU_MATRIX_MULT_SSE: 141013.43138981596
  CPU_mm: 16684.700780957293
  CPU_sse: 54430.555287619303
  CPU_fma: 182335.47504464202
  CPU_avx: 114727.94755649283
  CPU_avx512: 212559.74767050982
  m_CPU_enc_SHA: 134431070402.12663
  m_CPU_enc_AES: 85020205433.772034
  m_CPU_enc_ECDSA: 81819419318.248016
  ME_ALLOC_S: 41019.17492798181
  ME_READ_S: 33848.347851562503
  ME_READ_L: 30078.662109375
  ME_WRITE: 30661.8203125
  ME_LARGE: 247680.5
  ME_LATENCY: 80.165031229549299
  ME_THREADED: 496888.68505859375
  SUMM_CPU: 114813.89128705818
  SUMM_ME: 2943.2689347507458
SystemInformation:
  OSName: Ubuntu 24.04.4 LTS
  Kernel: 6.17.0-1018-azure
  Device: ""
  Processor: "AMD EPYC 9V45 96-Core Processor                "
  NumSockets: 1
  Manufacturer: AuthenticAMD
  NumCores: 64
  NumLogicals: 64
  CPUFrequency: 0
  CPUMaxFrequency: 0
  Memory: 257719
  CPUInfo:
    number: 1
    Family: 15
    Model: 2
    stepping: 1
    features: 395049983
    manufacture: AuthenticAMD
    typestring: "AMD EPYC 9V45 96-Core Processor                "
    iCoresPerPackage: 64
    iThreadsPerPackage: 1
    featuresEx:
      - 395049983
      - 4277809667
      - 802421759
    bHybrid: false
    nPCore: 0
    nLogicalsPerPCore: 0
    nECore: 0
    nLogicalsPerECore: 0
  MemModuleInfo:
    iNumMemSticks: 3
    DIMM 1:
      manufacturer: Microsoft Corporation
      modulePartNo: None
      memType: Unknown
      size: 1
      clkspeed: 0
      moduleVoltage: 0
    DIMM 2:
      manufacturer: Microsoft Corporation
      modulePartNo: None
      memType: Unknown
      size: 59
      clkspeed: 0
      moduleVoltage: 0
    DIMM 3:
      manufacturer: Microsoft Corporation
      modulePartNo: None
      memType: Unknown
      size: 196
      clkspeed: 0
      moduleVoltage: 0
Checksum: 41D1ABD476C996F0A6FB87106A9E3EFE7CA8DA90