BaselineInfo:
  WebDBID: -1
  TimeStamp: 20241108130627
Version:
  Major: 11
  Minor: 0
  Build: 1002
  SpecialBuildName: ""
  ptArchitecture: aarch64_linux
Results:
  Results Complete: true
  NumTestProcesses: 48
  CPU_INTEGER_MATH: 302500.35166666674
  CPU_FLOATINGPOINT_MATH: 254193.83195342755
  CPU_PRIME: 531.8326611238233
  CPU_SORTING: 243015.67059297994
  CPU_ENCRYPTION: 9086.7926670079651
  CPU_COMPRESSION: 328887.52071017859
  CPU_SINGLETHREAD: 1885.8744107434875
  CPU_PHYSICS: 12573.895967730839
  CPU_MATRIX_MULT_SSE: 42904.931930954597
  CPU_mm: 6909.2898410708949
  CPU_sse: 36160.857455471938
  CPU_fma: 49649.006406437278
  CPU_avx: 0
  CPU_avx512: 0
  m_CPU_enc_SHA: 13447737846.959244
  m_CPU_enc_AES: 5903371858.5851412
  m_CPU_enc_ECDSA: 9233468417.2572536
  ME_ALLOC_S: 37101.66201400807
  ME_READ_S: 25486.561914062499
  ME_READ_L: 19084.58203125
  ME_WRITE: 25715.181640625
  ME_LARGE: 179469.33333333334
  ME_LATENCY: 53.069021050753882
  ME_THREADED: 502262.75
  SUMM_CPU: 36288.957943354158
  SUMM_ME: 3362.3986309260035
SystemInformation:
  OSName: Ubuntu 24.04.1 LTS
  Kernel: 6.8.0-1017-azure
  Device: ""
  Processor: ARM Neoverse-N2 48 Core 0 MHz
  NumSockets: 1
  Manufacturer: ARM
  NumCores: 48
  NumLogicals: 48
  CPUFrequency: 0
  Memory: 192834
Checksum: F08767A9450260860B98563DC093637EB38CC3D5