BaselineInfo:
  WebDBID: -1
  TimeStamp: 20260620163152
Version:
  Major: 11
  Minor: 0
  Build: 1004
  SpecialBuildName: ""
  ptArchitecture: x86_64_linux
Results:
  Results Complete: true
  NumTestProcesses: 20
  CPU_INTEGER_MATH: 95565.195333333351
  CPU_FLOATINGPOINT_MATH: 69674.926747823221
  CPU_PRIME: 215.030496948646
  CPU_SORTING: 49158.127354572709
  CPU_ENCRYPTION: 21187.381667139289
  CPU_COMPRESSION: 374291.28167294001
  CPU_SINGLETHREAD: 3450.3404684206066
  CPU_PHYSICS: 4319.8483265839868
  CPU_MATRIX_MULT_SSE: 24989.496059273744
  CPU_mm: 2739.4419838324561
  CPU_sse: 11484.006183243202
  CPU_fma: 30013.932628190083
  CPU_avx: 23559.056177640447
  CPU_avx512: 34900.989248021258
  m_CPU_enc_SHA: 22469194878.911762
  m_CPU_enc_AES: 29092113464.178959
  m_CPU_enc_ECDSA: 15088431413.91604
  ME_ALLOC_S: 10336.74452402701
  ME_READ_S: 29940.502734375001
  ME_READ_L: 22401.32421875
  ME_WRITE: 8448.1142578125
  ME_LARGE: 152131.25
  ME_LATENCY: 76.155412690283569
  ME_THREADED: 147154.80615234375
  SUMM_CPU: 33317.495985107213
  SUMM_ME: 2510.6349447447865
SystemInformation:
  OSName: Ubuntu 24.04.4 LTS
  Kernel: 6.17.0-1018-azure
  Device: ""
  Processor: Intel(R) Xeon(R) 6973P-C
  NumSockets: 1
  Manufacturer: GenuineIntel
  NumCores: 10
  NumLogicals: 20
  CPUFrequency: 2600
  CPUMaxFrequency: 2600
  Memory: 160967
  CPUInfo:
    number: 1
    Family: 6
    Model: 13
    stepping: 1
    features: 529267711
    manufacture: GenuineIntel
    typestring: Intel(R) Xeon(R) 6973P-C
    iCoresPerPackage: 16
    iThreadsPerPackage: 2
    featuresEx:
      - 529267711
      - 4294586915
      - 739248128
    bHybrid: false
    nPCore: 0
    nLogicalsPerPCore: 0
    nECore: 0
    nLogicalsPerECore: 0
  MemModuleInfo:
    iNumMemSticks: 3
    DIMM 1:
      manufacturer: Microsoft Corporation
      modulePartNo: None
      memType: Unknown
      size: 1
      clkspeed: 0
      moduleVoltage: 0
    DIMM 2:
      manufacturer: Microsoft Corporation
      modulePartNo: None
      memType: Unknown
      size: 59
      clkspeed: 0
      moduleVoltage: 0
    DIMM 3:
      manufacturer: Microsoft Corporation
      modulePartNo: None
      memType: Unknown
      size: 100
      clkspeed: 0
      moduleVoltage: 0
Checksum: 9ABEDB4854BDA6EAD2DC32FAECAA6460AEF0E713