BaselineInfo:
  WebDBID: -1
  TimeStamp: 20241108160709
Version:
  Major: 11
  Minor: 0
  Build: 1002
  SpecialBuildName: ""
  ptArchitecture: x86_64_linux
Results:
  Results Complete: true
  NumTestProcesses: 16
  CPU_INTEGER_MATH: 49804.772333333334
  CPU_FLOATINGPOINT_MATH: 26744.530851821099
  CPU_PRIME: 85.544292203766574
  CPU_SORTING: 25556.44232382363
  CPU_ENCRYPTION: 6849.6735013535326
  CPU_COMPRESSION: 220201.00791287207
  CPU_SINGLETHREAD: 2076.2267380180901
  CPU_PHYSICS: 1554.1366527281034
  CPU_MATRIX_MULT_SSE: 14416.912648415291
  CPU_mm: 1510.6229873631769
  CPU_sse: 5423.0570278219166
  CPU_fma: 17617.414986996122
  CPU_avx: 12357.959361449988
  CPU_avx512: 22269.219217393133
  m_CPU_enc_SHA: 2252797282.2321987
  m_CPU_enc_AES: 17271967771.409203
  m_CPU_enc_ECDSA: 2022444670.4244428
  ME_ALLOC_S: 5735.492084833405
  ME_READ_S: 24313.434179687501
  ME_READ_L: 11752.2978515625
  ME_WRITE: 10670.8447265625
  ME_LARGE: 118582.66666666667
  ME_LATENCY: 48.565093699829013
  ME_THREADED: 75281.55712890625
  SUMM_CPU: 15901.9823074829
  SUMM_ME: 2741.7973434491032
SystemInformation:
  OSName: Ubuntu 24.04.1 LTS
  Kernel: 6.8.0-1017-azure
  Device: ""
  Processor: Intel Xeon Platinum 8272CL CPU @ 2.60GHz
  NumSockets: 1
  Manufacturer: GenuineIntel
  NumCores: 8
  NumLogicals: 16
  CPUFrequency: 0
  Memory: 128809
  MemModuleInfo:
    iNumMemSticks: 3
    DIMM 1:
      manufacturer: Microsoft Corporation
      modulePartNo: None
      memType: Unknown
      size: 1
      clkspeed: 0
      moduleVoltage: 0
    DIMM 2:
      manufacturer: Microsoft Corporation
      modulePartNo: None
      memType: Unknown
      size: 60928
      clkspeed: 0
      moduleVoltage: 0
    DIMM 3:
      manufacturer: Microsoft Corporation
      modulePartNo: None
      memType: Unknown
      size: 69120
      clkspeed: 0
      moduleVoltage: 0
Checksum: 52B88FFF72D11050628ECFF7FBCA5ED655A7FCB3