---
system-info:
      stress-ng-version: 0.17.08
      run-by: root
      date-yyyy-mm-dd: 2024:06:19
      time-hh-mm-ss: 17:14:06
      epoch-secs: 1718817246
      hostname: c5e9b8e661be
      sysname: Linux
      nodename: c5e9b8e661be
      release: 6.8.0-1008-gcp
      version: '#9-Ubuntu SMP Wed May 22 18:40:57 UTC 2024'
      machine: aarch64
      compiler: 'musl-gcc 13.2.1'
      uptime: 179
      totalram: 33582223360
      freeram: 28603748352
      sharedram: 3522560
      bufferram: 128954368
      totalswap: 0
      freeswap: 0
      pagesize: 4096
      cpus: 8
      cpus-online: 8
      ticks-per-second: 100

metrics:
    - stressor: cpu
      bogo-ops: 36273
      bogo-ops-per-second-usr-sys-time: 1813.719012
      bogo-ops-per-second-real-time: 1813.645633
      wall-clock-time: 20.000048
      user-time: 19.998240
      system-time: 0.000999
      cpu-usage-per-instance: 99.995954
      max-rss: 1192

...
