---
system-info:
      stress-ng-version: 0.17.08
      run-by: root
      date-yyyy-mm-dd: 2024:08:30
      time-hh-mm-ss: 16:21:21
      epoch-secs: 1725034881
      hostname: sc-runner
      sysname: Linux
      nodename: sc-runner
      release: 6.8.0-1013-azure
      version: '#15-Ubuntu SMP Thu Aug  8 18:40:40 UTC 2024'
      machine: x86_64
      compiler: 'musl-gcc 13.2.1'
      uptime: 407
      totalram: 14653202432
      freeram: 6263128064
      sharedram: 42024960
      bufferram: 203350016
      totalswap: 0
      freeswap: 0
      pagesize: 4096
      cpus: 1
      cpus-online: 1
      ticks-per-second: 100

metrics:
    - stressor: cpu
      bogo-ops: 24514
      bogo-ops-per-second-usr-sys-time: 1246.925794
      bogo-ops-per-second-real-time: 1225.690912
      wall-clock-time: 20.000148
      user-time: 19.652620
      system-time: 0.006930
      cpu-usage-per-instance: 98.297021
      max-rss: 3380

...
