---
system-info:
      stress-ng-version: 0.17.08
      run-by: root
      date-yyyy-mm-dd: 2024:06:20
      time-hh-mm-ss: 20:37:12
      epoch-secs: 1718915832
      hostname: c87df9315b31
      sysname: Linux
      nodename: c87df9315b31
      release: 6.8.0-1008-gcp
      version: '#9-Ubuntu SMP Wed May 22 18:09:04 UTC 2024'
      machine: x86_64
      compiler: 'musl-gcc 13.2.1'
      uptime: 177
      totalram: 2060488704
      freeram: 132567040
      sharedram: 34967552
      bufferram: 125997056
      totalswap: 0
      freeswap: 0
      pagesize: 4096
      cpus: 2
      cpus-online: 2
      ticks-per-second: 100

metrics:
    - stressor: cpu
      bogo-ops: 53599
      bogo-ops-per-second-usr-sys-time: 2680.206898
      bogo-ops-per-second-real-time: 2679.938020
      wall-clock-time: 20.000089
      user-time: 19.998083
      system-time: 0.000000
      cpu-usage-per-instance: 99.989968
      max-rss: 1104

...
