BaselineInfo:
  WebDBID: -1
  TimeStamp: 20241107162117
Version:
  Major: 11
  Minor: 0
  Build: 1002
  SpecialBuildName: ""
  ptArchitecture: aarch64_linux
Results:
  Results Complete: true
  NumTestProcesses: 8
  CPU_INTEGER_MATH: 31567.996333333336
  CPU_FLOATINGPOINT_MATH: 23969.229095890936
  CPU_PRIME: 54.607451600050879
  CPU_SORTING: 22793.859002242694
  CPU_ENCRYPTION: 1090.0315362968543
  CPU_COMPRESSION: 37704.43030905199
  CPU_SINGLETHREAD: 1108.728650708852
  CPU_PHYSICS: 1047.6045529106436
  CPU_MATRIX_MULT_SSE: 4986.8235051356078
  CPU_mm: 830.5884988372743
  CPU_sse: 4181.5026514081164
  CPU_fma: 5792.1443588630991
  CPU_avx: 0
  CPU_avx512: 0
  m_CPU_enc_SHA: 1638812626.5502462
  m_CPU_enc_AES: 757153911.32730055
  m_CPU_enc_ECDSA: 1032976186.7344835
  ME_ALLOC_S: 5125.2414408424947
  ME_READ_S: 9475.3307617187493
  ME_READ_L: 9159.708984375
  ME_WRITE: 12560.6826171875
  ME_LARGE: 53533.666666666664
  ME_LATENCY: 72.865276521717433
  ME_THREADED: 72773.427734375
  SUMM_CPU: 5216.7665870289466
  SUMM_ME: 1746.6460548540147
SystemInformation:
  OSName: Ubuntu 24.04.1 LTS
  Kernel: 6.8.0-1016-aws
  Device: ""
  Processor: ARM Neoverse-N1 8 Core 0 MHz
  NumSockets: 1
  Manufacturer: ARM
  NumCores: 8
  NumLogicals: 8
  CPUFrequency: 0
  Memory: 63511
Checksum: 968D3B1D6D7DECD1CDDB76058E77223E876BCAC4