---
system-info:
      stress-ng-version: 0.17.08
      run-by: root
      date-yyyy-mm-dd: 2024:09:19
      time-hh-mm-ss: 07:37:58
      epoch-secs: 1726731478
      hostname: sc-runner
      sysname: Linux
      nodename: sc-runner
      release: 6.8.0-1014-azure
      version: '#16-Ubuntu SMP Thu Aug 15 20:04:41 UTC 2024'
      machine: x86_64
      compiler: 'musl-gcc 13.2.1'
      uptime: 346
      totalram: 168787062784
      freeram: 158309724160
      sharedram: 55021568
      bufferram: 247582720
      totalswap: 0
      freeswap: 0
      pagesize: 4096
      cpus: 20
      cpus-online: 20
      ticks-per-second: 100

metrics:
    - stressor: cpu
      bogo-ops: 321762
      bogo-ops-per-second-usr-sys-time: 805.117861
      bogo-ops-per-second-real-time: 16088.031734
      wall-clock-time: 20.000085
      user-time: 399.618848
      system-time: 0.026987
      cpu-usage-per-instance: 99.911035
      max-rss: 3124

...
