BaselineInfo:
  WebDBID: -1
  TimeStamp: 20241107032652
Version:
  Major: 11
  Minor: 0
  Build: 1002
  SpecialBuildName: ""
  ptArchitecture: x86_64_linux
Results:
  Results Complete: true
  NumTestProcesses: 2
  CPU_INTEGER_MATH: 8282.8600000000006
  CPU_FLOATINGPOINT_MATH: 4587.2467493419254
  CPU_PRIME: 19.887649025856149
  CPU_SORTING: 4635.2463983193084
  CPU_ENCRYPTION: 2153.8365559961976
  CPU_COMPRESSION: 32170.031833962807
  CPU_SINGLETHREAD: 2333.1992516520822
  CPU_PHYSICS: 397.84389093012408
  CPU_MATRIX_MULT_SSE: 1744.4213731819314
  CPU_mm: 224.45066887713659
  CPU_sse: 948.9697569912887
  CPU_fma: 2589.5343849458259
  CPU_avx: 1694.7599776086797
  CPU_avx512: 0
  m_CPU_enc_SHA: 3122035801.8322878
  m_CPU_enc_AES: 1997387062.7499118
  m_CPU_enc_ECDSA: 1655961097.0386062
  ME_ALLOC_S: 927.96423805177767
  ME_READ_S: 24186.145117187501
  ME_READ_L: 18617.57421875
  ME_WRITE: 18597.599609375
  ME_LARGE: 715.83333333333337
  ME_LATENCY: 64.59367145289464
  ME_THREADED: 22503.2578125
  SUMM_CPU: 3135.4937129805298
  SUMM_ME: 1110.5900729362677
SystemInformation:
  OSName: Ubuntu 24.04.1 LTS
  Kernel: 6.8.0-1017-azure
  Device: ""
  Processor: AMD EPYC 7763 64-Core Processor
  NumSockets: 1
  Manufacturer: AuthenticAMD
  NumCores: 1
  NumLogicals: 2
  CPUFrequency: 0
  Memory: 7938
  MemModuleInfo:
    iNumMemSticks: 2
    DIMM 1:
      manufacturer: Microsoft Corporation
      modulePartNo: None
      memType: Unknown
      size: 1
      clkspeed: 0
      moduleVoltage: 0
    DIMM 2:
      manufacturer: Microsoft Corporation
      modulePartNo: None
      memType: Unknown
      size: 7
      clkspeed: 0
      moduleVoltage: 0
Checksum: A2803AC901176238CF86E7839A129795A33758B7