BaselineInfo:
  WebDBID: -1
  TimeStamp: 20241115140359
Version:
  Major: 11
  Minor: 0
  Build: 1002
  SpecialBuildName: ""
  ptArchitecture: x86_64_linux
Results:
  Results Complete: true
  NumTestProcesses: 2
  CPU_INTEGER_MATH: 6710.6360000000004
  CPU_FLOATINGPOINT_MATH: 3978.9791942892862
  CPU_PRIME: 18.287592229787379
  CPU_SORTING: 4014.289291400768
  CPU_ENCRYPTION: 2105.9834992655733
  CPU_COMPRESSION: 29697.168449208388
  CPU_SINGLETHREAD: 2083.791946786936
  CPU_PHYSICS: 344.91536203112821
  CPU_MATRIX_MULT_SSE: 1744.2259925776525
  CPU_mm: 201.45460528255637
  CPU_sse: 827.41417857620149
  CPU_fma: 2680.438451261949
  CPU_avx: 1724.8253478948066
  CPU_avx512: 0
  m_CPU_enc_SHA: 2985165114.9664774
  m_CPU_enc_AES: 2042715437.43226
  m_CPU_enc_ECDSA: 1596970708.7789567
  ME_ALLOC_S: 707.98032415462626
  ME_READ_S: 24474.314453125
  ME_READ_L: 12310.6025390625
  ME_WRITE: 10593.439453125
  ME_LARGE: 710
  ME_LATENCY: 60.860449052640398
  ME_THREADED: 19550.3310546875
  SUMM_CPU: 2819.4883266794791
  SUMM_ME: 1039.0203357574783
SystemInformation:
  OSName: Ubuntu 24.04.1 LTS
  Kernel: 6.8.0-1017-azure
  Device: ""
  Processor: AMD EPYC 7452 32-Core Processor
  NumSockets: 1
  Manufacturer: AuthenticAMD
  NumCores: 1
  NumLogicals: 2
  CPUFrequency: 0
  Memory: 7938
  MemModuleInfo:
    iNumMemSticks: 2
    DIMM 1:
      manufacturer: Microsoft Corporation
      modulePartNo: None
      memType: Unknown
      size: 1
      clkspeed: 0
      moduleVoltage: 0
    DIMM 2:
      manufacturer: Microsoft Corporation
      modulePartNo: None
      memType: Unknown
      size: 7
      clkspeed: 0
      moduleVoltage: 0
Checksum: 1A3928C1A736E233074EDB9F6DB151E1331F7217