BaselineInfo:
  WebDBID: -1
  TimeStamp: 20241114214805
Version:
  Major: 11
  Minor: 0
  Build: 1002
  SpecialBuildName: ""
  ptArchitecture: x86_64_linux
Results:
  Results Complete: true
  NumTestProcesses: 2
  CPU_INTEGER_MATH: 8277.0853333333325
  CPU_FLOATINGPOINT_MATH: 4582.2983189960469
  CPU_PRIME: 19.654167107546904
  CPU_SORTING: 4546.4080765485451
  CPU_ENCRYPTION: 2154.4977695860971
  CPU_COMPRESSION: 32671.406393725592
  CPU_SINGLETHREAD: 2334.662231976351
  CPU_PHYSICS: 395.71028654730208
  CPU_MATRIX_MULT_SSE: 1744.9001527583509
  CPU_mm: 223.76102186860345
  CPU_sse: 950.38959222278231
  CPU_fma: 2583.6468670357126
  CPU_avx: 1700.6639990165579
  CPU_avx512: 0
  m_CPU_enc_SHA: 3114431657.8513126
  m_CPU_enc_AES: 1993775973.4805636
  m_CPU_enc_ECDSA: 1669256328.3926566
  ME_ALLOC_S: 926.47609614579494
  ME_READ_S: 24172.40234375
  ME_READ_L: 18634.63671875
  ME_WRITE: 18399.837890625
  ME_LARGE: 639
  ME_LATENCY: 64.59482518268652
  ME_THREADED: 22301.7626953125
  SUMM_CPU: 3134.9043733230114
  SUMM_ME: 1046.6725342923564
SystemInformation:
  OSName: Ubuntu 24.04.1 LTS
  Kernel: 6.8.0-1017-azure
  Device: ""
  Processor: AMD EPYC 7763 64-Core Processor
  NumSockets: 1
  Manufacturer: AuthenticAMD
  NumCores: 1
  NumLogicals: 2
  CPUFrequency: 0
  Memory: 7938
  MemModuleInfo:
    iNumMemSticks: 2
    DIMM 1:
      manufacturer: Microsoft Corporation
      modulePartNo: None
      memType: Unknown
      size: 1
      clkspeed: 0
      moduleVoltage: 0
    DIMM 2:
      manufacturer: Microsoft Corporation
      modulePartNo: None
      memType: Unknown
      size: 7
      clkspeed: 0
      moduleVoltage: 0
Checksum: C567B1B12CFBEFDC1BAE552D9E06011DD6E05F54