BaselineInfo:
  WebDBID: -1
  TimeStamp: 20241111132918
Version:
  Major: 11
  Minor: 0
  Build: 1002
  SpecialBuildName: ""
  ptArchitecture: x86_64_linux
Results:
  Results Complete: true
  NumTestProcesses: 32
  CPU_INTEGER_MATH: 88016.78300000001
  CPU_FLOATINGPOINT_MATH: 47174.049454797459
  CPU_PRIME: 153.51558983386212
  CPU_SORTING: 45589.246808663011
  CPU_ENCRYPTION: 12110.728528275924
  CPU_COMPRESSION: 386340.41921798844
  CPU_SINGLETHREAD: 1816.0988000019343
  CPU_PHYSICS: 2819.3149134130435
  CPU_MATRIX_MULT_SSE: 28357.388176432116
  CPU_mm: 2670.7719142324081
  CPU_sse: 9661.0824913144534
  CPU_fma: 32688.07019003914
  CPU_avx: 23086.343756571332
  CPU_avx512: 47994.056267803549
  m_CPU_enc_SHA: 3976608163.9865665
  m_CPU_enc_AES: 30567894782.084511
  m_CPU_enc_ECDSA: 3552554885.7252908
  ME_ALLOC_S: 10182.157659936613
  ME_READ_S: 21704.3759765625
  ME_READ_L: 10891.599609375
  ME_WRITE: 9500.751953125
  ME_LARGE: 424088.16666666669
  ME_LATENCY: 55.782733082074287
  ME_THREADED: 133203.39379882812
  SUMM_CPU: 25644.874850172691
  SUMM_ME: 2540.168947546867
SystemInformation:
  OSName: Ubuntu 24.04.1 LTS
  Kernel: 6.8.0-1017-azure
  Device: ""
  Processor: Intel Xeon Platinum 8272CL CPU @ 2.60GHz
  NumSockets: 2
  Manufacturer: GenuineIntel
  NumCores: 16
  NumLogicals: 32
  CPUFrequency: 0
  Memory: 435329
  MemModuleInfo:
    iNumMemSticks: 4
    DIMM 1:
      manufacturer: Microsoft Corporation
      modulePartNo: None
      memType: Unknown
      size: 1
      clkspeed: 0
      moduleVoltage: 0
    DIMM 2:
      manufacturer: Microsoft Corporation
      modulePartNo: None
      memType: Unknown
      size: 60928
      clkspeed: 0
      moduleVoltage: 0
    DIMM 3:
      manufacturer: Microsoft Corporation
      modulePartNo: None
      memType: Unknown
      size: 159232
      clkspeed: 0
      moduleVoltage: 0
    DIMM 4:
      manufacturer: Microsoft Corporation
      modulePartNo: None
      memType: Unknown
      size: 216
      clkspeed: 0
      moduleVoltage: 0
Checksum: 1EC671A5232C6B4046FD3C8A1CF44F1FBA5FC836