---
system-info:
      stress-ng-version: 0.17.08
      run-by: root
      date-yyyy-mm-dd: 2024:06:08
      time-hh-mm-ss: 07:39:59
      epoch-secs: 1717832399
      hostname: f87edce6083f
      sysname: Linux
      nodename: f87edce6083f
      release: 6.8.0-1008-aws
      version: '#8-Ubuntu SMP Sat Apr 20 00:46:25 UTC 2024'
      machine: x86_64
      compiler: 'musl-gcc 13.2.1'
      uptime: 106
      totalram: 265990791168
      freeram: 261419008000
      sharedram: 60125184
      bufferram: 97714176
      totalswap: 0
      freeswap: 0
      pagesize: 4096
      cpus: 32
      cpus-online: 32
      ticks-per-second: 100

metrics:
    - stressor: cpu
      bogo-ops: 377443
      bogo-ops-per-second-usr-sys-time: 1180.128422
      bogo-ops-per-second-real-time: 37735.699365
      wall-clock-time: 10.002279
      user-time: 319.793166
      system-time: 0.038975
      cpu-usage-per-instance: 99.924769
      max-rss: 3848

...
