---
system-info:
      stress-ng-version: 0.17.08
      run-by: root
      date-yyyy-mm-dd: 2024:06:15
      time-hh-mm-ss: 08:55:17
      epoch-secs: 1718441717
      hostname: b35dcaaf7bcd
      sysname: Linux
      nodename: b35dcaaf7bcd
      release: 6.8.0-1008-aws
      version: '#8-Ubuntu SMP Sat Apr 20 00:46:25 UTC 2024'
      machine: x86_64
      compiler: 'musl-gcc 13.2.1'
      uptime: 109
      totalram: 265990807552
      freeram: 261361586176
      sharedram: 60125184
      bufferram: 106086400
      totalswap: 0
      freeswap: 0
      pagesize: 4096
      cpus: 32
      cpus-online: 32
      ticks-per-second: 100

metrics:
    - stressor: cpu
      bogo-ops: 617895
      bogo-ops-per-second-usr-sys-time: 966.050760
      bogo-ops-per-second-real-time: 30894.622997
      wall-clock-time: 20.000082
      user-time: 639.579255
      system-time: 0.029993
      cpu-usage-per-instance: 99.938534
      max-rss: 1032

...
