BaselineInfo:
  WebDBID: -1
  TimeStamp: 20250421231146
Version:
  Major: 11
  Minor: 0
  Build: 1002
  SpecialBuildName: ""
  ptArchitecture: aarch64_linux
Results:
  Results Complete: true
  NumTestProcesses: 8
  CPU_INTEGER_MATH: 41725.090666666663
  CPU_FLOATINGPOINT_MATH: 48475.508241429445
  CPU_PRIME: 139.77175608612174
  CPU_SORTING: 37081.438019691981
  CPU_ENCRYPTION: 1507.3263550759407
  CPU_COMPRESSION: 53118.804725634887
  CPU_SINGLETHREAD: 1942.5716584175652
  CPU_PHYSICS: 2543.29740236817
  CPU_MATRIX_MULT_SSE: 7367.9767241620611
  CPU_mm: 908.79485011369115
  CPU_sse: 5796.6921834753493
  CPU_fma: 8939.2612648487757
  CPU_avx: 0
  CPU_avx512: 0
  m_CPU_enc_SHA: 2356842928.8136082
  m_CPU_enc_AES: 859840194.13418937
  m_CPU_enc_ECDSA: 1524955597.3525312
  ME_ALLOC_S: 12123.859935215833
  ME_READ_S: 21181.516015624999
  ME_READ_L: 19676.73828125
  ME_WRITE: 21164.267578125
  ME_LARGE: 22066.916666666668
  ME_LATENCY: 47.819973943327973
  ME_THREADED: 147804.453125
  SUMM_CPU: 7691.3660290752578
  SUMM_ME: 3116.4075913568136
SystemInformation:
  OSName: Ubuntu 24.04.2 LTS
  Kernel: 6.8.0-1027-aws
  Device: ""
  Processor: ARM Neoverse-V2 8 Core 0 MHz
  NumSockets: 1
  Manufacturer: ARM
  NumCores: 8
  NumLogicals: 8
  CPUFrequency: 0
  Memory: 31493
Checksum: 6CFB9F936E5FDCCAAF333A3EB88A2AA35C8A584B