BaselineInfo:
  WebDBID: -1
  TimeStamp: 20241107040450
Version:
  Major: 11
  Minor: 0
  Build: 1002
  SpecialBuildName: ""
  ptArchitecture: aarch64_linux
Results:
  Results Complete: true
  NumTestProcesses: 2
  CPU_INTEGER_MATH: 7835.5836666666673
  CPU_FLOATINGPOINT_MATH: 5946.061654651814
  CPU_PRIME: 17.092586099313856
  CPU_SORTING: 5666.4221634116466
  CPU_ENCRYPTION: 269.96900780616033
  CPU_COMPRESSION: 8937.279550100975
  CPU_SINGLETHREAD: 1110.484358515366
  CPU_PHYSICS: 351.0642942692059
  CPU_MATRIX_MULT_SSE: 1234.5735167460539
  CPU_mm: 207.29096576093019
  CPU_sse: 1029.5748222442569
  CPU_fma: 1439.5722112478511
  CPU_avx: 0
  CPU_avx512: 0
  m_CPU_enc_SHA: 407234722.00634003
  m_CPU_enc_AES: 187613790.6672951
  m_CPU_enc_ECDSA: 254400554.31442189
  ME_ALLOC_S: 1312.5115481269006
  ME_READ_S: 9483.4865234374993
  ME_READ_L: 9230.0029296875
  ME_WRITE: 12582.025390625
  ME_LARGE: 5944.333333333333
  ME_LATENCY: 71.426176942005029
  ME_THREADED: 18215.671875
  SUMM_CPU: 1354.9556996790695
  SUMM_ME: 1439.7863850786107
SystemInformation:
  OSName: Ubuntu 24.04.1 LTS
  Kernel: 6.8.0-1016-aws
  Device: ""
  Processor: ARM Neoverse-N1 2 Core 0 MHz
  NumSockets: 1
  Manufacturer: ARM
  NumCores: 2
  NumLogicals: 2
  CPUFrequency: 0
  Memory: 15768
Checksum: A4ADF50E0AE58EFA02AD3F21BE1E27166083CCF9