BaselineInfo:
  WebDBID: -1
  TimeStamp: 20241114222539
Version:
  Major: 11
  Minor: 0
  Build: 1002
  SpecialBuildName: ""
  ptArchitecture: aarch64_linux
Results:
  Results Complete: true
  NumTestProcesses: 2
  CPU_INTEGER_MATH: 7831.7496666666666
  CPU_FLOATINGPOINT_MATH: 5941.6893270255641
  CPU_PRIME: 17.309227979246046
  CPU_SORTING: 5627.9096338873369
  CPU_ENCRYPTION: 269.26944497477859
  CPU_COMPRESSION: 9017.7216244845786
  CPU_SINGLETHREAD: 1094.8077557379354
  CPU_PHYSICS: 328.47335063583654
  CPU_MATRIX_MULT_SSE: 1233.6177651003986
  CPU_mm: 207.19787975662956
  CPU_sse: 1027.1134033705332
  CPU_fma: 1440.1221268302643
  CPU_avx: 0
  CPU_avx512: 0
  m_CPU_enc_SHA: 407157147.0581702
  m_CPU_enc_AES: 187672490.39451492
  m_CPU_enc_ECDSA: 252218795.1489352
  ME_ALLOC_S: 1303.9328426920642
  ME_READ_S: 9473.7096679687493
  ME_READ_L: 9203.9423828125
  ME_WRITE: 12522.470703125
  ME_LARGE: 6878.333333333333
  ME_LATENCY: 71.887421726423568
  ME_THREADED: 18183.310546875
  SUMM_CPU: 1355.1577782095328
  SUMM_ME: 1450.1390670784244
SystemInformation:
  OSName: Ubuntu 24.04.1 LTS
  Kernel: 6.8.0-1018-aws
  Device: ""
  Processor: ARM Neoverse-N1 2 Core 0 MHz
  NumSockets: 1
  Manufacturer: ARM
  NumCores: 2
  NumLogicals: 2
  CPUFrequency: 0
  Memory: 15768
Checksum: C551A2048675AD3E0C28BCF3B58759A849210325