BaselineInfo:
  WebDBID: -1
  TimeStamp: 20241115144912
Version:
  Major: 11
  Minor: 0
  Build: 1002
  SpecialBuildName: ""
  ptArchitecture: aarch64_linux
Results:
  Results Complete: true
  NumTestProcesses: 2
  CPU_INTEGER_MATH: 7836.7196666666659
  CPU_FLOATINGPOINT_MATH: 5949.8227900577822
  CPU_PRIME: 16.813410861220966
  CPU_SORTING: 5664.997920412141
  CPU_ENCRYPTION: 266.94932575009125
  CPU_COMPRESSION: 8938.771909835712
  CPU_SINGLETHREAD: 1109.8038196900893
  CPU_PHYSICS: 358.39181238216531
  CPU_MATRIX_MULT_SSE: 1233.330803891366
  CPU_mm: 207.1013108084947
  CPU_sse: 1027.2850403639372
  CPU_fma: 1439.3765674187946
  CPU_avx: 0
  CPU_avx512: 0
  m_CPU_enc_SHA: 400167083.57884681
  m_CPU_enc_AES: 186237318.37493971
  m_CPU_enc_ECDSA: 253345566.63939649
  ME_ALLOC_S: 1309.2025186286178
  ME_READ_S: 9458.6287109375007
  ME_READ_L: 9203.166015625
  ME_WRITE: 12527.3935546875
  ME_LARGE: 6877.833333333333
  ME_LATENCY: 71.38632029000965
  ME_THREADED: 18189.775390625
  SUMM_CPU: 1349.0403172871786
  SUMM_ME: 1453.0296076440918
SystemInformation:
  OSName: Ubuntu 24.04.1 LTS
  Kernel: 6.8.0-1018-aws
  Device: ""
  Processor: ARM Neoverse-N1 2 Core 0 MHz
  NumSockets: 1
  Manufacturer: ARM
  NumCores: 2
  NumLogicals: 2
  CPUFrequency: 0
  Memory: 15768
Checksum: 60881304F2F8033EA7C6791F2B31319A6758D8A1