BaselineInfo:
  WebDBID: -1
  TimeStamp: 20260611123804
Version:
  Major: 11
  Minor: 0
  Build: 1004
  SpecialBuildName: ""
  ptArchitecture: aarch64_linux
Results:
  Results Complete: true
  NumTestProcesses: 4
  CPU_INTEGER_MATH: 24509.697
  CPU_FLOATINGPOINT_MATH: 30621.243078092382
  CPU_PRIME: 84.6553187694591
  CPU_SORTING: 21641.858208663049
  CPU_ENCRYPTION: 1186.7239915845321
  CPU_COMPRESSION: 37306.602390673113
  CPU_SINGLETHREAD: 2466.8065397016417
  CPU_PHYSICS: 1712.460414832693
  CPU_MATRIX_MULT_SSE: 5409.7647430672478
  CPU_mm: 539.00589680275186
  CPU_sse: 4297.9308028707519
  CPU_fma: 6521.5986832637436
  CPU_avx: 0
  CPU_avx512: 0
  m_CPU_enc_SHA: 1986331509.1977897
  m_CPU_enc_AES: 554226913.62915158
  m_CPU_enc_ECDSA: 1192552465.7722862
  ME_ALLOC_S: 7993.0853919585279
  ME_READ_S: 24919.148632812499
  ME_READ_L: 24701.4140625
  ME_WRITE: 25064.810546875
  ME_LARGE: 7649.166666666667
  ME_LATENCY: 24.589021769162873
  ME_THREADED: 97238.087890625
  SUMM_CPU: 5627.9483201238436
  SUMM_ME: 3831.3007810304562
SystemInformation:
  OSName: Ubuntu 24.04.4 LTS
  Kernel: 6.17.0-1017-aws
  Device: ""
  Processor: ARM Neoverse-V3 4 Core 0 MHz
  NumSockets: 1
  Manufacturer: ARM
  NumCores: 4
  NumLogicals: 4
  CPUFrequency: 0
  CPUMaxFrequency: 0
  Memory: 15635
Checksum: 68C7865C59F27920CF73CCDAB0EA6EE6DDCC8717