---
system-info:
      stress-ng-version: 0.17.08
      run-by: root
      date-yyyy-mm-dd: 2024:07:11
      time-hh-mm-ss: 16:44:18
      epoch-secs: 1720716258
      hostname: ip-172-31-30-251
      sysname: Linux
      nodename: ip-172-31-30-251
      release: 6.8.0-1010-aws
      version: '#10-Ubuntu SMP Thu Jun 13 17:36:15 UTC 2024'
      machine: x86_64
      compiler: 'musl-gcc 13.2.1'
      uptime: 231
      totalram: 33086926848
      freeram: 27920220160
      sharedram: 113565696
      bufferram: 130080768
      totalswap: 0
      freeswap: 0
      pagesize: 4096
      cpus: 16
      cpus-online: 16
      ticks-per-second: 100

metrics:
    - stressor: cpu
      bogo-ops: 41203
      bogo-ops-per-second-usr-sys-time: 2060.135064
      bogo-ops-per-second-real-time: 2060.145629
      wall-clock-time: 20.000042
      user-time: 20.000145
      system-time: 0.000000
      cpu-usage-per-instance: 100.000513
      max-rss: 1104

...
