BaselineInfo:
  WebDBID: -1
  TimeStamp: 20260630191520
Version:
  Major: 11
  Minor: 0
  Build: 1004
  SpecialBuildName: ""
  ptArchitecture: x86_64_linux
Results:
  Results Complete: true
  NumTestProcesses: 24
  CPU_INTEGER_MATH: 147123.76233333335
  CPU_FLOATINGPOINT_MATH: 134516.03130455996
  CPU_PRIME: 458.79655064291103
  CPU_SORTING: 92121.81273753407
  CPU_ENCRYPTION: 31426.427317821774
  CPU_COMPRESSION: 632604.7967314336
  CPU_SINGLETHREAD: 2964.0111577550106
  CPU_PHYSICS: 8416.7347385082594
  CPU_MATRIX_MULT_SSE: 60674.258670315852
  CPU_mm: 6296.4164641239722
  CPU_sse: 28736.541570358055
  CPU_fma: 82295.650459606535
  CPU_avx: 70990.583980983007
  CPU_avx512: 0
  m_CPU_enc_SHA: 43808113970.601639
  m_CPU_enc_AES: 27905093923.569988
  m_CPU_enc_ECDSA: 27145784459.465221
  ME_ALLOC_S: 11292.602897801746
  ME_READ_S: 27811.724804687499
  ME_READ_L: 24538.24609375
  ME_WRITE: 21992.50390625
  ME_LARGE: 183736.25
  ME_LATENCY: 85.68784526037804
  ME_THREADED: 592550.87890625
  SUMM_CPU: 51801.151676972739
  SUMM_ME: 2601.9524353637917
SystemInformation:
  OSName: Ubuntu 24.04.4 LTS
  Kernel: 6.8.0-124-generic
  Device: ""
  Processor: AMD EPYC-Milan Processor
  NumSockets: 2
  Manufacturer: AuthenticAMD
  NumCores: 12
  NumLogicals: 24
  CPUFrequency: 0
  CPUMaxFrequency: 0
  Memory: 193219
  CPUInfo:
    number: 2
    Family: 15
    Model: 1
    stepping: 1
    features: 395049983
    manufacture: AuthenticAMD
    typestring: AMD EPYC-Milan Processor
    iCoresPerPackage: 6
    iThreadsPerPackage: 2
    featuresEx:
      - 395049983
      - 4277809667
      - 802421759
    bHybrid: false
    nPCore: 0
    nLogicalsPerPCore: 0
    nECore: 0
    nLogicalsPerECore: 0
  MemModuleInfo:
    iNumMemSticks: 12
    DIMM 1:
      manufacturer: QEMU
      modulePartNo: Not Specified
      memType: RAM
      size: 16
      clkspeed: 0
      moduleVoltage: 0
    DIMM 2:
      manufacturer: QEMU
      modulePartNo: Not Specified
      memType: RAM
      size: 16
      clkspeed: 0
      moduleVoltage: 0
    DIMM 3:
      manufacturer: QEMU
      modulePartNo: Not Specified
      memType: RAM
      size: 16
      clkspeed: 0
      moduleVoltage: 0
    DIMM 4:
      manufacturer: QEMU
      modulePartNo: Not Specified
      memType: RAM
      size: 16
      clkspeed: 0
      moduleVoltage: 0
    DIMM 5:
      manufacturer: QEMU
      modulePartNo: Not Specified
      memType: RAM
      size: 16
      clkspeed: 0
      moduleVoltage: 0
    DIMM 6:
      manufacturer: QEMU
      modulePartNo: Not Specified
      memType: RAM
      size: 16
      clkspeed: 0
      moduleVoltage: 0
    DIMM 7:
      manufacturer: QEMU
      modulePartNo: Not Specified
      memType: RAM
      size: 16
      clkspeed: 0
      moduleVoltage: 0
    DIMM 8:
      manufacturer: QEMU
      modulePartNo: Not Specified
      memType: RAM
      size: 16
      clkspeed: 0
      moduleVoltage: 0
    DIMM 9:
      manufacturer: QEMU
      modulePartNo: Not Specified
      memType: RAM
      size: 16
      clkspeed: 0
      moduleVoltage: 0
    DIMM 10:
      manufacturer: QEMU
      modulePartNo: Not Specified
      memType: RAM
      size: 16
      clkspeed: 0
      moduleVoltage: 0
    DIMM 11:
      manufacturer: QEMU
      modulePartNo: Not Specified
      memType: RAM
      size: 16
      clkspeed: 0
      moduleVoltage: 0
    DIMM 12:
      manufacturer: QEMU
      modulePartNo: Not Specified
      memType: RAM
      size: 16
      clkspeed: 0
      moduleVoltage: 0
Checksum: 0E51CFDCD571D72F493FB2DA1E867B647B94C44A