BaselineInfo:
  WebDBID: -1
  TimeStamp: 20260404125232
Version:
  Major: 11
  Minor: 0
  Build: 1004
  SpecialBuildName: ""
  ptArchitecture: x86_64_linux
Results:
  Results Complete: true
  NumTestProcesses: 16
  CPU_INTEGER_MATH: 67155.207999999999
  CPU_FLOATINGPOINT_MATH: 34366.074889467047
  CPU_PRIME: 112.44851720707793
  CPU_SORTING: 34527.588568835403
  CPU_ENCRYPTION: 14541.772316960547
  CPU_COMPRESSION: 249437.35702742299
  CPU_SINGLETHREAD: 2355.4511846363403
  CPU_PHYSICS: 2056.4117949717738
  CPU_MATRIX_MULT_SSE: 14053.289705525567
  CPU_mm: 1444.7125778520005
  CPU_sse: 6366.9657411392373
  CPU_fma: 17313.166476505845
  CPU_avx: 12922.393569222453
  CPU_avx512: 19610.633035234729
  m_CPU_enc_SHA: 14684546184.327616
  m_CPU_enc_AES: 21999569928.466312
  m_CPU_enc_ECDSA: 9060344234.2937431
  ME_ALLOC_S: 7705.1716951158351
  ME_READ_S: 23944.234179687501
  ME_READ_L: 11223.625
  ME_WRITE: 10288.1904296875
  ME_LARGE: 17731.25
  ME_LATENCY: 56.19237335630848
  ME_THREADED: 73770.9716796875
  SUMM_CPU: 20865.114256826877
  SUMM_ME: 2458.8283574278657
SystemInformation:
  OSName: Ubuntu 24.04.4 LTS
  Kernel: 6.8.0-106-generic
  Device: ""
  Processor: Intel(R) Xeon(R) Platinum 8369B CPU @ 2.70GHz
  NumSockets: 1
  Manufacturer: GenuineIntel
  NumCores: 8
  NumLogicals: 16
  CPUFrequency: 0
  CPUMaxFrequency: 0
  Memory: 30666
  CPUInfo:
    number: 1
    Family: 6
    Model: 10
    stepping: 6
    features: 529267711
    manufacture: GenuineIntel
    typestring: Intel(R) Xeon(R) Platinum 8369B CPU @ 2.70GHz
    iCoresPerPackage: 8
    iThreadsPerPackage: 2
    featuresEx:
      - 529267711
      - 4277809667
      - 739248128
    bHybrid: false
    nPCore: 0
    nLogicalsPerPCore: 0
    nECore: 0
    nLogicalsPerECore: 0
  MemModuleInfo:
    iNumMemSticks: 2
    DIMM 1:
      manufacturer: Alibaba Cloud
      modulePartNo: Not Specified
      memType: RAM
      size: 16
      clkspeed: 0
      moduleVoltage: 0
    DIMM 2:
      manufacturer: Alibaba Cloud
      modulePartNo: Not Specified
      memType: RAM
      size: 16
      clkspeed: 0
      moduleVoltage: 0
Checksum: EEE7529AF73DEAEC5E9B8F9F124223A09AFE77AF