BaselineInfo:
  WebDBID: -1
  TimeStamp: 20260403204703
Version:
  Major: 11
  Minor: 0
  Build: 1004
  SpecialBuildName: ""
  ptArchitecture: x86_64_linux
Results:
  Results Complete: true
  NumTestProcesses: 2
  CPU_INTEGER_MATH: 8390.6143333333348
  CPU_FLOATINGPOINT_MATH: 4292.4845851096161
  CPU_PRIME: 18.541330068577363
  CPU_SORTING: 4442.2744875448461
  CPU_ENCRYPTION: 1820.7983178002783
  CPU_COMPRESSION: 32454.958695097885
  CPU_SINGLETHREAD: 2310.9342218966112
  CPU_PHYSICS: 369.01751403096972
  CPU_MATRIX_MULT_SSE: 1647.9401410773157
  CPU_mm: 180.84226482298851
  CPU_sse: 796.06479921576613
  CPU_fma: 2180.2126056946809
  CPU_avx: 1614.9150783609043
  CPU_avx512: 2000.5680810379117
  m_CPU_enc_SHA: 1826080835.6617126
  m_CPU_enc_AES: 2760309255.3944883
  m_CPU_enc_ECDSA: 1141346159.6010327
  ME_ALLOC_S: 1017.6000701133654
  ME_READ_S: 23999.621484374999
  ME_READ_L: 10816.9326171875
  ME_WRITE: 10033.06640625
  ME_LARGE: 579.5
  ME_LATENCY: 61.785113198478292
  ME_THREADED: 15172.52490234375
  SUMM_CPU: 2992.5911895465929
  SUMM_ME: 931.93176945785422
SystemInformation:
  OSName: Ubuntu 24.04.4 LTS
  Kernel: 6.8.0-106-generic
  Device: ""
  Processor: Intel(R) Xeon(R) Platinum 8369B CPU @ 2.70GHz
  NumSockets: 1
  Manufacturer: GenuineIntel
  NumCores: 1
  NumLogicals: 2
  CPUFrequency: 0
  CPUMaxFrequency: 0
  Memory: 1806
  CPUInfo:
    number: 1
    Family: 6
    Model: 10
    stepping: 6
    features: 529267711
    manufacture: GenuineIntel
    typestring: Intel(R) Xeon(R) Platinum 8369B CPU @ 2.70GHz
    iCoresPerPackage: 1
    iThreadsPerPackage: 2
    featuresEx:
      - 529267711
      - 4277809667
      - 739248128
    bHybrid: false
    nPCore: 0
    nLogicalsPerPCore: 0
    nECore: 0
    nLogicalsPerECore: 0
  MemModuleInfo:
    iNumMemSticks: 1
    DIMM 1:
      manufacturer: Alibaba Cloud
      modulePartNo: Not Specified
      memType: RAM
      size: 2
      clkspeed: 0
      moduleVoltage: 0
Checksum: 151D3A0138FB6786613A50F5BDE7AA0EE052ADEE