BaselineInfo:
  WebDBID: -1
  TimeStamp: 20250423164856
Version:
  Major: 11
  Minor: 0
  Build: 1002
  SpecialBuildName: ""
  ptArchitecture: aarch64_linux
Results:
  Results Complete: true
  NumTestProcesses: 192
  CPU_INTEGER_MATH: 963436.93766666658
  CPU_FLOATINGPOINT_MATH: 1119866.8949435761
  CPU_PRIME: 1524.438607799997
  CPU_SORTING: 812245.71648920758
  CPU_ENCRYPTION: 34739.260668466166
  CPU_COMPRESSION: 1224973.9884140245
  CPU_SINGLETHREAD: 1865.8719030645682
  CPU_PHYSICS: 34574.772765347472
  CPU_MATRIX_MULT_SSE: 140030.81634477389
  CPU_mm: 20753.611732898255
  CPU_sse: 110823.18561027452
  CPU_fma: 169238.44707927341
  CPU_avx: 0
  CPU_avx512: 0
  m_CPU_enc_SHA: 54422275399.145821
  m_CPU_enc_AES: 19837497207.791595
  m_CPU_enc_ECDSA: 35020492377.155296
  ME_ALLOC_S: 46609.134644794962
  ME_READ_S: 18069.883007812499
  ME_READ_L: 18705.5234375
  ME_WRITE: 20516.974609375
  ME_LARGE: 364234.58333333331
  ME_LATENCY: 47.229931512742176
  ME_THREADED: 982470.11547851562
  SUMM_CPU: 77340.401948630592
  SUMM_ME: 3191.7996853710511
SystemInformation:
  OSName: Ubuntu 24.04.2 LTS
  Kernel: 6.8.0-1027-aws
  Device: ""
  Processor: ARM Neoverse-V2 192 Core 0 MHz
  NumSockets: 2
  Manufacturer: ARM
  NumCores: 192
  NumLogicals: 192
  CPUFrequency: 0
  Memory: 380043
Checksum: 6F137305BBE4F9FE4E605D561ACD586081BF6C13