---
system-info:
      stress-ng-version: 0.17.08
      run-by: root
      date-yyyy-mm-dd: 2024:06:08
      time-hh-mm-ss: 13:55:41
      epoch-secs: 1717854941
      hostname: 3679ae27566f
      sysname: Linux
      nodename: 3679ae27566f
      release: 6.8.0-1008-aws
      version: '#8-Ubuntu SMP Sat Apr 20 00:46:25 UTC 2024'
      machine: x86_64
      compiler: 'musl-gcc 13.2.1'
      uptime: 123
      totalram: 33263853568
      freeram: 28847304704
      sharedram: 40771584
      bufferram: 101875712
      totalswap: 0
      freeswap: 0
      pagesize: 4096
      cpus: 8
      cpus-online: 8
      ticks-per-second: 100

metrics:
    - stressor: cpu
      bogo-ops: 80679
      bogo-ops-per-second-usr-sys-time: 1011.601589
      bogo-ops-per-second-real-time: 8066.799021
      wall-clock-time: 10.001365
      user-time: 79.735741
      system-time: 0.017989
      cpu-usage-per-instance: 99.678558
      max-rss: 4176

...
