---
system-info:
      stress-ng-version: 0.17.08
      run-by: root
      date-yyyy-mm-dd: 2024:06:14
      time-hh-mm-ss: 19:56:07
      epoch-secs: 1718394967
      hostname: 1f1ed215f4a0
      sysname: Linux
      nodename: 1f1ed215f4a0
      release: 6.8.0-1008-aws
      version: '#8-Ubuntu SMP Sat Apr 20 00:46:25 UTC 2024'
      machine: x86_64
      compiler: 'musl-gcc 13.2.1'
      uptime: 152
      totalram: 33263849472
      freeram: 28876648448
      sharedram: 40771584
      bufferram: 108814336
      totalswap: 0
      freeswap: 0
      pagesize: 4096
      cpus: 8
      cpus-online: 8
      ticks-per-second: 100

metrics:
    - stressor: cpu
      bogo-ops: 134705
      bogo-ops-per-second-usr-sys-time: 844.356832
      bogo-ops-per-second-real-time: 6735.221075
      wall-clock-time: 20.000086
      user-time: 159.514641
      system-time: 0.020990
      cpu-usage-per-instance: 99.709341
      max-rss: 1104

...
