---
system-info:
      stress-ng-version: 0.17.08
      run-by: root
      date-yyyy-mm-dd: 2024:09:17
      time-hh-mm-ss: 08:05:30
      epoch-secs: 1726560330
      hostname: sc-runner
      sysname: Linux
      nodename: sc-runner
      release: 6.8.0-1014-azure
      version: '#16-Ubuntu SMP Thu Aug 15 20:04:41 UTC 2024'
      machine: x86_64
      compiler: 'musl-gcc 13.2.1'
      uptime: 316
      totalram: 152051654656
      freeram: 140130197504
      sharedram: 80166912
      bufferram: 264708096
      totalswap: 0
      freeswap: 0
      pagesize: 4096
      cpus: 72
      cpus-online: 72
      ticks-per-second: 100

metrics:
    - stressor: cpu
      bogo-ops: 1341357
      bogo-ops-per-second-usr-sys-time: 931.995079
      bogo-ops-per-second-real-time: 67067.533351
      wall-clock-time: 20.000094
      user-time: 1439.154899
      system-time: 0.076949
      cpu-usage-per-instance: 99.946184
      max-rss: 2624

...
