---
system-info:
      stress-ng-version: 0.17.08
      run-by: root
      date-yyyy-mm-dd: 2024:09:03
      time-hh-mm-ss: 03:04:49
      epoch-secs: 1725332689
      hostname: sc-runner
      sysname: Linux
      nodename: sc-runner
      release: 6.8.0-1013-azure
      version: '#15-Ubuntu SMP Thu Aug  8 18:40:40 UTC 2024'
      machine: x86_64
      compiler: 'musl-gcc 13.2.1'
      uptime: 453
      totalram: 8323641344
      freeram: 324673536
      sharedram: 21348352
      bufferram: 205766656
      totalswap: 0
      freeswap: 0
      pagesize: 4096
      cpus: 2
      cpus-online: 2
      ticks-per-second: 100

metrics:
    - stressor: cpu
      bogo-ops: 75253
      bogo-ops-per-second-usr-sys-time: 1893.295550
      bogo-ops-per-second-real-time: 3762.649170
      wall-clock-time: 20.000004
      user-time: 39.719840
      system-time: 0.027256
      cpu-usage-per-instance: 99.367718
      max-rss: 3256

...
