BaselineInfo:
  WebDBID: -1
  TimeStamp: 20260404121046
Version:
  Major: 11
  Minor: 0
  Build: 1004
  SpecialBuildName: ""
  ptArchitecture: x86_64_linux
Results:
  Results Complete: true
  NumTestProcesses: 8
  CPU_INTEGER_MATH: 25608.303666666667
  CPU_FLOATINGPOINT_MATH: 13746.744256619633
  CPU_PRIME: 61.577174821671186
  CPU_SORTING: 15930.571338513306
  CPU_ENCRYPTION: 3545.4030757232549
  CPU_COMPRESSION: 118872.21470919937
  CPU_SINGLETHREAD: 2159.604030299844
  CPU_PHYSICS: 1007.7973602047233
  CPU_MATRIX_MULT_SSE: 7032.9956341586931
  CPU_mm: 778.80018928139134
  CPU_sse: 2801.2551218705316
  CPU_fma: 8697.0506242791525
  CPU_avx: 6129.5079745462472
  CPU_avx512: 10504.168815938836
  m_CPU_enc_SHA: 1157766174.2787156
  m_CPU_enc_AES: 8945284555.4528675
  m_CPU_enc_ECDSA: 1049822996.8571796
  ME_ALLOC_S: 3011.3540235828132
  ME_READ_S: 24761.541015625
  ME_READ_L: 10308.5556640625
  ME_WRITE: 10006.0703125
  ME_LARGE: 49999.916666666664
  ME_LATENCY: 54.129581746863408
  ME_THREADED: 47854.72021484375
  SUMM_CPU: 9028.4299498305591
  SUMM_ME: 2414.2847688335228
SystemInformation:
  OSName: Ubuntu 24.04.4 LTS
  Kernel: 6.8.0-106-generic
  Device: ""
  Processor: Intel(R) Xeon(R) Platinum 8269CY CPU T 3.10GHz
  NumSockets: 1
  Manufacturer: GenuineIntel
  NumCores: 4
  NumLogicals: 8
  CPUFrequency: 3100
  CPUMaxFrequency: 3800
  Memory: 62894
  CPUInfo:
    number: 1
    Family: 6
    Model: 5
    stepping: 7
    features: 529267711
    manufacture: GenuineIntel
    typestring: Intel(R) Xeon(R) Platinum 8269CY CPU T 3.10GHz
    iCoresPerPackage: 4
    iThreadsPerPackage: 2
    featuresEx:
      - 529267711
      - 4277809667
      - 739248128
    bHybrid: false
    nPCore: 0
    nLogicalsPerPCore: 0
    nECore: 0
    nLogicalsPerECore: 0
  MemModuleInfo:
    iNumMemSticks: 4
    DIMM 1:
      manufacturer: Alibaba Cloud
      modulePartNo: Not Specified
      memType: RAM
      size: 16
      clkspeed: 0
      moduleVoltage: 0
    DIMM 2:
      manufacturer: Alibaba Cloud
      modulePartNo: Not Specified
      memType: RAM
      size: 16
      clkspeed: 0
      moduleVoltage: 0
    DIMM 3:
      manufacturer: Alibaba Cloud
      modulePartNo: Not Specified
      memType: RAM
      size: 16
      clkspeed: 0
      moduleVoltage: 0
    DIMM 4:
      manufacturer: Alibaba Cloud
      modulePartNo: Not Specified
      memType: RAM
      size: 16
      clkspeed: 0
      moduleVoltage: 0
Checksum: DA9C8E8F7C48403240AAA08E79C3813C13778D1E