---
system-info:
      stress-ng-version: 0.17.08
      run-by: root
      date-yyyy-mm-dd: 2024:06:08
      time-hh-mm-ss: 02:55:48
      epoch-secs: 1717815348
      hostname: 228d76e69472
      sysname: Linux
      nodename: 228d76e69472
      release: 6.8.0-1008-aws
      version: '#8-Ubuntu SMP Sat Apr 20 00:46:25 UTC 2024'
      machine: x86_64
      compiler: 'musl-gcc 13.2.1'
      uptime: 164
      totalram: 535313911808
      freeram: 529942618112
      sharedram: 78815232
      bufferram: 96567296
      totalswap: 0
      freeswap: 0
      pagesize: 4096
      cpus: 64
      cpus-online: 64
      ticks-per-second: 100

metrics:
    - stressor: cpu
      bogo-ops: 658907
      bogo-ops-per-second-usr-sys-time: 1030.235203
      bogo-ops-per-second-real-time: 65880.884529
      wall-clock-time: 10.001490
      user-time: 639.481536
      system-time: 0.087951
      cpu-usage-per-instance: 99.917846
      max-rss: 3584

...
