---
system-info:
      stress-ng-version: 0.17.08
      run-by: root
      date-yyyy-mm-dd: 2024:06:13
      time-hh-mm-ss: 16:26:33
      epoch-secs: 1718295993
      hostname: eb82f912ca03
      sysname: Linux
      nodename: eb82f912ca03
      release: 6.8.0-1008-aws
      version: '#8-Ubuntu SMP Sat Apr 20 00:46:25 UTC 2024'
      machine: x86_64
      compiler: 'musl-gcc 13.2.1'
      uptime: 140
      totalram: 535313911808
      freeram: 529936277504
      sharedram: 78815232
      bufferram: 105496576
      totalswap: 0
      freeswap: 0
      pagesize: 4096
      cpus: 64
      cpus-online: 64
      ticks-per-second: 100

metrics:
    - stressor: cpu
      bogo-ops: 1098390
      bogo-ops-per-second-usr-sys-time: 858.530548
      bogo-ops-per-second-real-time: 54919.218208
      wall-clock-time: 20.000103
      user-time: 1279.334733
      system-time: 0.048979
      cpu-usage-per-instance: 99.951340
      max-rss: 512

...
