BaselineInfo:
  WebDBID: -1
  TimeStamp: 20260621081824
Version:
  Major: 11
  Minor: 0
  Build: 1004
  SpecialBuildName: ""
  ptArchitecture: x86_64_linux
Results:
  Results Complete: true
  NumTestProcesses: 32
  CPU_INTEGER_MATH: 240873.25099999999
  CPU_FLOATINGPOINT_MATH: 240080.06905405188
  CPU_PRIME: 798.84787336018007
  CPU_SORTING: 127625.25764929286
  CPU_ENCRYPTION: 49361.875235777276
  CPU_COMPRESSION: 938392.39955841901
  CPU_SINGLETHREAD: 3778.7268616177744
  CPU_PHYSICS: 10799.925493005692
  CPU_MATRIX_MULT_SSE: 81638.556637471702
  CPU_mm: 9577.0988031712368
  CPU_sse: 30091.255923491019
  CPU_fma: 110108.88618264598
  CPU_avx: 62146.628477748141
  CPU_avx512: 124207.45596600157
  m_CPU_enc_SHA: 69484372805.067276
  m_CPU_enc_AES: 43480821842.238029
  m_CPU_enc_ECDSA: 42313838414.385933
  ME_ALLOC_S: 37442.756474528913
  ME_READ_S: 34015.2392578125
  ME_READ_L: 30670.537109375
  ME_WRITE: 30634.642578125
  ME_LARGE: 506210.83333333331
  ME_LATENCY: 77.833125098920121
  ME_THREADED: 235348.9541015625
  SUMM_CPU: 75667.776198344232
  SUMM_ME: 2993.1271533620866
SystemInformation:
  OSName: Ubuntu 24.04.4 LTS
  Kernel: 6.17.0-1018-azure
  Device: ""
  Processor: "AMD EPYC 9V45 96-Core Processor                "
  NumSockets: 1
  Manufacturer: AuthenticAMD
  NumCores: 32
  NumLogicals: 32
  CPUFrequency: 0
  CPUMaxFrequency: 0
  Memory: 515780
  CPUInfo:
    number: 1
    Family: 15
    Model: 2
    stepping: 1
    features: 395049983
    manufacture: AuthenticAMD
    typestring: "AMD EPYC 9V45 96-Core Processor                "
    iCoresPerPackage: 32
    iThreadsPerPackage: 1
    featuresEx:
      - 395049983
      - 4277809667
      - 802421759
    bHybrid: false
    nPCore: 0
    nLogicalsPerPCore: 0
    nECore: 0
    nLogicalsPerECore: 0
  MemModuleInfo:
    iNumMemSticks: 3
    DIMM 1:
      manufacturer: Microsoft Corporation
      modulePartNo: None
      memType: Unknown
      size: 1
      clkspeed: 0
      moduleVoltage: 0
    DIMM 2:
      manufacturer: Microsoft Corporation
      modulePartNo: None
      memType: Unknown
      size: 59
      clkspeed: 0
      moduleVoltage: 0
    DIMM 3:
      manufacturer: Microsoft Corporation
      modulePartNo: None
      memType: Unknown
      size: 452
      clkspeed: 0
      moduleVoltage: 0
Checksum: 94F9C47CEE164973143CA74EC82C7F6714B796DB