BaselineInfo:
  WebDBID: -1
  TimeStamp: 20241107075642
Version:
  Major: 11
  Minor: 0
  Build: 1002
  SpecialBuildName: ""
  ptArchitecture: x86_64_linux
Results:
  Results Complete: true
  NumTestProcesses: 2
  CPU_INTEGER_MATH: 4833.2066666666669
  CPU_FLOATINGPOINT_MATH: 2975.2029641343643
  CPU_PRIME: 9.0710176361077846
  CPU_SORTING: 2465.5645731213326
  CPU_ENCRYPTION: 665.25644739793336
  CPU_COMPRESSION: 21185.661945190899
  CPU_SINGLETHREAD: 1574.3696584084314
  CPU_PHYSICS: 215.55269721537809
  CPU_MATRIX_MULT_SSE: 1163.3014218160924
  CPU_mm: 150.75264989522771
  CPU_sse: 565.11462015664779
  CPU_fma: 1800.2181722664052
  CPU_avx: 1124.5714730252239
  CPU_avx512: 0
  m_CPU_enc_SHA: 218565592.25463074
  m_CPU_enc_AES: 1682562213.3068688
  m_CPU_enc_ECDSA: 191588028.1987066
  ME_ALLOC_S: 603.5394133800836
  ME_READ_S: 18899.684765624999
  ME_READ_L: 9484.353515625
  ME_WRITE: 8891.3671875
  ME_LARGE: 3040.1666666666665
  ME_LATENCY: 55.942452401809994
  ME_THREADED: 11891.087890625
  SUMM_CPU: 1722.5450880151984
  SUMM_ME: 1422.9960288723066
SystemInformation:
  OSName: Ubuntu 24.04.1 LTS
  Kernel: 6.8.0-1015-gcp
  Device: ""
  Processor: Intel Xeon CPU @ 2.30GHz
  NumSockets: 1
  Manufacturer: GenuineIntel
  NumCores: 1
  NumLogicals: 2
  CPUFrequency: 0
  Memory: 12967
  MemModuleInfo:
    iNumMemSticks: 1
    DIMM 1:
      manufacturer: ""
      modulePartNo: ""
      memType: RAM
      size: 13
      clkspeed: 0
      moduleVoltage: 0
Checksum: A1E04B42E740A0198307EC827AC66AA8FF4CA878