---
system-info:
      stress-ng-version: 0.17.08
      run-by: root
      date-yyyy-mm-dd: 2024:06:20
      time-hh-mm-ss: 20:30:54
      epoch-secs: 1718915454
      hostname: e613849d9735
      sysname: Linux
      nodename: e613849d9735
      release: 6.8.0-1008-gcp
      version: '#9-Ubuntu SMP Wed May 22 18:09:04 UTC 2024'
      machine: x86_64
      compiler: 'musl-gcc 13.2.1'
      uptime: 236
      totalram: 1742077952
      freeram: 182079488
      sharedram: 48594944
      bufferram: 83779584
      totalswap: 0
      freeswap: 0
      pagesize: 4096
      cpus: 1
      cpus-online: 1
      ticks-per-second: 100

metrics:
    - stressor: cpu
      bogo-ops: 21731
      bogo-ops-per-second-usr-sys-time: 1110.415154
      bogo-ops-per-second-real-time: 1086.543200
      wall-clock-time: 20.000125
      user-time: 19.557270
      system-time: 0.012888
      cpu-usage-per-instance: 97.850178
      max-rss: 976

...
