---
system-info:
      stress-ng-version: 0.17.08
      run-by: root
      date-yyyy-mm-dd: 2024:06:19
      time-hh-mm-ss: 15:37:42
      epoch-secs: 1718811462
      hostname: c22cf1fce236
      sysname: Linux
      nodename: c22cf1fce236
      release: 6.8.0-1008-gcp
      version: '#9-Ubuntu SMP Wed May 22 18:09:04 UTC 2024'
      machine: x86_64
      compiler: 'musl-gcc 13.2.1'
      uptime: 201
      totalram: 67424714752
      freeram: 62335246336
      sharedram: 35024896
      bufferram: 126537728
      totalswap: 0
      freeswap: 0
      pagesize: 4096
      cpus: 8
      cpus-online: 8
      ticks-per-second: 100

metrics:
    - stressor: cpu
      bogo-ops: 234499
      bogo-ops-per-second-usr-sys-time: 1468.132211
      bogo-ops-per-second-real-time: 11724.913380
      wall-clock-time: 20.000062
      user-time: 159.709088
      system-time: 0.016990
      cpu-usage-per-instance: 99.828487
      max-rss: 1104

...
