BaselineInfo:
  WebDBID: -1
  TimeStamp: 20260404220941
Version:
  Major: 11
  Minor: 0
  Build: 1004
  SpecialBuildName: ""
  ptArchitecture: x86_64_linux
Results:
  Results Complete: true
  NumTestProcesses: 24
  CPU_INTEGER_MATH: 101042.56133333335
  CPU_FLOATINGPOINT_MATH: 51677.108357013647
  CPU_PRIME: 161.1651405909715
  CPU_SORTING: 50507.54201395873
  CPU_ENCRYPTION: 21918.014606620163
  CPU_COMPRESSION: 368350.77147617104
  CPU_SINGLETHREAD: 2363.2779873894565
  CPU_PHYSICS: 2122.8267342384024
  CPU_MATRIX_MULT_SSE: 21224.355408579388
  CPU_mm: 2177.977006741869
  CPU_sse: 9496.0356882846336
  CPU_fma: 26279.754394185344
  CPU_avx: 19443.3143788987
  CPU_avx512: 29678.317172948849
  m_CPU_enc_SHA: 22158903470.186623
  m_CPU_enc_AES: 33329412392.819965
  m_CPU_enc_ECDSA: 13459796389.447443
  ME_ALLOC_S: 10778.358249733708
  ME_READ_S: 23728.060546875
  ME_READ_L: 8195.0625
  ME_WRITE: 8332.8310546875
  ME_LARGE: 81097.666666666672
  ME_LATENCY: 52.348231661913452
  ME_THREADED: 71607.37109375
  SUMM_CPU: 28914.007296016363
  SUMM_ME: 2385.6239083642072
SystemInformation:
  OSName: Ubuntu 24.04.4 LTS
  Kernel: 6.8.0-106-generic
  Device: ""
  Processor: Intel(R) Xeon(R) Platinum 8369B CPU @ 2.90GHz
  NumSockets: 1
  Manufacturer: GenuineIntel
  NumCores: 12
  NumLogicals: 24
  CPUFrequency: 0
  CPUMaxFrequency: 0
  Memory: 94495
  CPUInfo:
    number: 1
    Family: 6
    Model: 10
    stepping: 6
    features: 529267711
    manufacture: GenuineIntel
    typestring: Intel(R) Xeon(R) Platinum 8369B CPU @ 2.90GHz
    iCoresPerPackage: 12
    iThreadsPerPackage: 2
    featuresEx:
      - 529267711
      - 4277809667
      - 739248128
    bHybrid: false
    nPCore: 0
    nLogicalsPerPCore: 0
    nECore: 0
    nLogicalsPerECore: 0
  MemModuleInfo:
    iNumMemSticks: 6
    DIMM 1:
      manufacturer: Alibaba Cloud
      modulePartNo: Not Specified
      memType: RAM
      size: 16
      clkspeed: 0
      moduleVoltage: 0
    DIMM 2:
      manufacturer: Alibaba Cloud
      modulePartNo: Not Specified
      memType: RAM
      size: 16
      clkspeed: 0
      moduleVoltage: 0
    DIMM 3:
      manufacturer: Alibaba Cloud
      modulePartNo: Not Specified
      memType: RAM
      size: 16
      clkspeed: 0
      moduleVoltage: 0
    DIMM 4:
      manufacturer: Alibaba Cloud
      modulePartNo: Not Specified
      memType: RAM
      size: 16
      clkspeed: 0
      moduleVoltage: 0
    DIMM 5:
      manufacturer: Alibaba Cloud
      modulePartNo: Not Specified
      memType: RAM
      size: 16
      clkspeed: 0
      moduleVoltage: 0
    DIMM 6:
      manufacturer: Alibaba Cloud
      modulePartNo: Not Specified
      memType: RAM
      size: 16
      clkspeed: 0
      moduleVoltage: 0
Checksum: 9F06B8238AC870C4F4F78014D01DB5CA118D5B48