BaselineInfo:
  WebDBID: -1
  TimeStamp: 20250828201734
Version:
  Major: 11
  Minor: 0
  Build: 1002
  SpecialBuildName: ""
  ptArchitecture: x86_64_linux
Results:
  Results Complete: true
  NumTestProcesses: 32
  CPU_INTEGER_MATH: 164736.16433333329
  CPU_FLOATINGPOINT_MATH: 119327.61997873231
  CPU_PRIME: 295.23131301290994
  CPU_SORTING: 83509.154674615056
  CPU_ENCRYPTION: 36276.761330549773
  CPU_COMPRESSION: 634587.93957613793
  CPU_SINGLETHREAD: 3263.3253194473577
  CPU_PHYSICS: 6095.138523903026
  CPU_MATRIX_MULT_SSE: 44126.571741063679
  CPU_mm: 4789.5485251581522
  CPU_sse: 19954.711624786083
  CPU_fma: 52081.326894336249
  CPU_avx: 41404.778250703515
  CPU_avx512: 63065.470194428846
  m_CPU_enc_SHA: 38397080243.232994
  m_CPU_enc_AES: 50190400442.711891
  m_CPU_enc_ECDSA: 25529343180.88282
  ME_ALLOC_S: 15414.077990647522
  ME_READ_S: 29056.451562499999
  ME_READ_L: 16491.736328125
  ME_WRITE: 11241.4697265625
  ME_LARGE: 116011.83333333333
  ME_LATENCY: 73.589748981990894
  ME_THREADED: 171429.4033203125
  SUMM_CPU: 50925.104151456362
  SUMM_ME: 2572.1689228301634
SystemInformation:
  OSName: Ubuntu 24.04.2 LTS
  Kernel: 6.14.0-1011-aws
  Device: ""
  Processor: Intel Xeon 6975P-C
  NumSockets: 1
  Manufacturer: GenuineIntel
  NumCores: 16
  NumLogicals: 32
  CPUFrequency: 0
  Memory: 126756
  MemModuleInfo:
    iNumMemSticks: 1
    DIMM 1:
      manufacturer: Not Specified
      modulePartNo: Not Specified
      memType: DDR5
      size: 128
      clkspeed: 3600
      moduleVoltage: 0
Checksum: 04AA45CA5CF9A78EAD9AC387781DBA0589228424