---
system-info:
      stress-ng-version: 0.17.08
      run-by: root
      date-yyyy-mm-dd: 2024:06:08
      time-hh-mm-ss: 21:55:09
      epoch-secs: 1717883709
      hostname: f1e2d4829dfc
      sysname: Linux
      nodename: f1e2d4829dfc
      release: 6.8.0-1008-aws
      version: '#8-Ubuntu SMP Sat Apr 20 02:43:14 UTC 2024'
      machine: aarch64
      compiler: 'musl-gcc 13.2.1'
      uptime: 119
      totalram: 8141361152
      freeram: 3793534976
      sharedram: 35020800
      bufferram: 105844736
      totalswap: 0
      freeswap: 0
      pagesize: 4096
      cpus: 2
      cpus-online: 2
      ticks-per-second: 100

metrics:
    - stressor: cpu
      bogo-ops: 4267
      bogo-ops-per-second-usr-sys-time: 424.741813
      bogo-ops-per-second-real-time: 424.702373
      wall-clock-time: 10.047036
      user-time: 10.046103
      system-time: 0.000000
      cpu-usage-per-instance: 99.990714
      max-rss: 4008

...
