---
system-info:
      stress-ng-version: 0.17.08
      run-by: root
      date-yyyy-mm-dd: 2024:06:15
      time-hh-mm-ss: 06:42:28
      epoch-secs: 1718433748
      hostname: 0157b66db3d0
      sysname: Linux
      nodename: 0157b66db3d0
      release: 6.8.0-1008-aws
      version: '#8-Ubuntu SMP Sat Apr 20 02:43:14 UTC 2024'
      machine: aarch64
      compiler: 'musl-gcc 13.2.1'
      uptime: 136
      totalram: 8141361152
      freeram: 3915243520
      sharedram: 35028992
      bufferram: 108806144
      totalswap: 0
      freeswap: 0
      pagesize: 4096
      cpus: 2
      cpus-online: 2
      ticks-per-second: 100

metrics:
    - stressor: cpu
      bogo-ops: 30656
      bogo-ops-per-second-usr-sys-time: 1532.827821
      bogo-ops-per-second-real-time: 1532.794116
      wall-clock-time: 20.000077
      user-time: 19.999637
      system-time: 0.000000
      cpu-usage-per-instance: 99.997801
      max-rss: 1320

...
