---
system-info:
      stress-ng-version: 0.17.08
      run-by: root
      date-yyyy-mm-dd: 2024:06:13
      time-hh-mm-ss: 16:59:08
      epoch-secs: 1718297948
      hostname: ad60f31f8b35
      sysname: Linux
      nodename: ad60f31f8b35
      release: 6.8.0-1008-aws
      version: '#8-Ubuntu SMP Sat Apr 20 00:46:25 UTC 2024'
      machine: x86_64
      compiler: 'musl-gcc 13.2.1'
      uptime: 161
      totalram: 811214782464
      freeram: 804853297152
      sharedram: 78635008
      bufferram: 105951232
      totalswap: 0
      freeswap: 0
      pagesize: 4096
      cpus: 96
      cpus-online: 96
      ticks-per-second: 100

metrics:
    - stressor: cpu
      bogo-ops: 1639611
      bogo-ops-per-second-usr-sys-time: 854.342918
      bogo-ops-per-second-real-time: 81980.185576
      wall-clock-time: 20.000089
      user-time: 1919.117609
      system-time: 0.030973
      cpu-usage-per-instance: 99.955211
      max-rss: 768

...
