---
system-info:
      stress-ng-version: 0.17.08
      run-by: root
      date-yyyy-mm-dd: 2024:06:08
      time-hh-mm-ss: 03:40:41
      epoch-secs: 1717818041
      hostname: 81805b866f71
      sysname: Linux
      nodename: 81805b866f71
      release: 6.8.0-1008-aws
      version: '#8-Ubuntu SMP Sat Apr 20 00:46:25 UTC 2024'
      machine: x86_64
      compiler: 'musl-gcc 13.2.1'
      uptime: 114
      totalram: 811214770176
      freeram: 804741537792
      sharedram: 78635008
      bufferram: 95973376
      totalswap: 0
      freeswap: 0
      pagesize: 4096
      cpus: 96
      cpus-online: 96
      ticks-per-second: 100

metrics:
    - stressor: cpu
      bogo-ops: 989352
      bogo-ops-per-second-usr-sys-time: 1031.105065
      bogo-ops-per-second-real-time: 98913.929509
      wall-clock-time: 10.002150
      user-time: 959.379551
      system-time: 0.126937
      cpu-usage-per-instance: 99.927104
      max-rss: 3072

...
