BaselineInfo:
  WebDBID: -1
  TimeStamp: 20251219015124
Version:
  Major: 11
  Minor: 0
  Build: 1002
  SpecialBuildName: ""
  ptArchitecture: x86_64_linux
Results:
  Results Complete: true
  NumTestProcesses: 16
  CPU_INTEGER_MATH: 53783.399333333342
  CPU_FLOATINGPOINT_MATH: 37799.98980559488
  CPU_PRIME: 123.65088173568029
  CPU_SORTING: 32717.170131779349
  CPU_ENCRYPTION: 6856.9750008762066
  CPU_COMPRESSION: 269567.62278708606
  CPU_SINGLETHREAD: 1786.2728166189772
  CPU_PHYSICS: 1707.2674338254951
  CPU_MATRIX_MULT_SSE: 18094.737721810092
  CPU_mm: 2366.6166924329755
  CPU_sse: 8548.5632097638281
  CPU_fma: 28195.837790681788
  CPU_avx: 18927.338654766565
  CPU_avx512: 16707.211232028178
  m_CPU_enc_SHA: 3761273904.229238
  m_CPU_enc_AES: 14510052763.473387
  m_CPU_enc_ECDSA: 3298851587.8536816
  ME_ALLOC_S: 8647.3141660830479
  ME_READ_S: 21739.658984375001
  ME_READ_L: 6612.7060546875
  ME_WRITE: 7125.52734375
  ME_LARGE: 70133.333333333328
  ME_LATENCY: 90.625827824531825
  ME_THREADED: 84513.8408203125
  SUMM_CPU: 18115.968582119309
  SUMM_ME: 1744.499747149345
SystemInformation:
  OSName: Ubuntu 24.04.2 LTS
  Kernel: 6.8.0-86-generic
  Device: ""
  Processor: Intel Xeon Silver 4214 CPU @ 2.20GHz
  NumSockets: 16
  Manufacturer: GenuineIntel
  NumCores: 16
  NumLogicals: 16
  CPUFrequency: 0
  Memory: 88381
  MemModuleInfo:
    iNumMemSticks: 1
    DIMM 1:
      manufacturer: QEMU
      modulePartNo: Not Specified
      memType: RAM
      size: 90000
      clkspeed: 0
      moduleVoltage: 0
Checksum: A765300B812E1AB87FB3424AD6018B67D8EF4C85