BaselineInfo:
  WebDBID: -1
  TimeStamp: 20260130103943
Version:
  Major: 11
  Minor: 0
  Build: 1004
  SpecialBuildName: ""
  ptArchitecture: x86_64_linux
Results:
  Results Complete: true
  NumTestProcesses: 192
  CPU_INTEGER_MATH: 989785.48733333347
  CPU_FLOATINGPOINT_MATH: 716739.71133631002
  CPU_PRIME: 1555.5167918707366
  CPU_SORTING: 457657.48644385545
  CPU_ENCRYPTION: 210778.90616702868
  CPU_COMPRESSION: 3592274.932525347
  CPU_SINGLETHREAD: 3268.5299124727585
  CPU_PHYSICS: 26108.068742105181
  CPU_MATRIX_MULT_SSE: 243284.38199790305
  CPU_mm: 27572.491469605127
  CPU_sse: 112139.79927783211
  CPU_fma: 283494.99805059767
  CPU_avx: 227258.97017747362
  CPU_avx512: 350243.76048570836
  m_CPU_enc_SHA: 229340202714.0611
  m_CPU_enc_AES: 288569407267.45526
  m_CPU_enc_ECDSA: 145143496957.47833
  ME_ALLOC_S: 33738.058800252169
  ME_READ_S: 27239.164648437501
  ME_READ_L: 14336.65234375
  ME_WRITE: 9971.5537109375
  ME_LARGE: 3029956.25
  ME_LATENCY: 75.754806078178987
  ME_THREADED: 652362.57763671875
  SUMM_CPU: 144271.6220229427
  SUMM_ME: 2480.4827642440296
SystemInformation:
  OSName: Ubuntu 24.04.3 LTS
  Kernel: 6.14.0-1018-aws
  Device: ""
  Processor: Intel(R) Xeon(R) 6975P-C
  NumSockets: 1
  Manufacturer: GenuineIntel
  NumCores: 96
  NumLogicals: 192
  CPUFrequency: 0
  CPUMaxFrequency: 0
  Memory: 3047813
  CPUInfo:
    number: 1
    Family: 6
    Model: 13
    stepping: 1
    features: 529267711
    manufacture: GenuineIntel
    typestring: Intel(R) Xeon(R) 6975P-C
    iCoresPerPackage: 96
    iThreadsPerPackage: 2
    featuresEx:
      - 529267711
      - 4294619651
      - 739248128
    bHybrid: false
    nPCore: 0
    nLogicalsPerPCore: 0
    nECore: 0
    nLogicalsPerECore: 0
  MemModuleInfo:
    iNumMemSticks: 3
    DIMM 1:
      manufacturer: Not Specified
      modulePartNo: Not Specified
      memType: DDR5
      size: 1
      clkspeed: 3600
      moduleVoltage: 0
    DIMM 2:
      manufacturer: Not Specified
      modulePartNo: Not Specified
      memType: DDR5
      size: 1
      clkspeed: 3600
      moduleVoltage: 0
    DIMM 3:
      manufacturer: Not Specified
      modulePartNo: Not Specified
      memType: DDR5
      size: 1
      clkspeed: 3600
      moduleVoltage: 0
Checksum: 482C650C930F8E30D47B88DA6E8A5DCDA57DFBE0