size_kb,operation,bandwidth_mb_s,latency_ns,latency_stddev_ns,latency_samples,threads,iterations,elapsed_s
32,read,498052.99,0,0,0,8,462107,0.231957
32,write,300135.63,0,0,0,8,253807,0.211410
32,copy,283522.54,0,0,0,8,247524,0.218258
32,latency,0,2.72,0.00,7,1,7,0.183274
128,read,342008.73,0,0,0,8,84631,0.247453
128,write,300244.68,0,0,0,8,74493,0.248108
128,copy,246569.08,0,0,0,8,52720,0.213814
128,latency,0,4.43,0.00,7,1,7,0.701656
512,read,325549.92,0,0,0,8,19581,0.240590
512,write,300244.22,0,0,0,8,18936,0.252275
512,copy,193968.18,0,0,0,8,14311,0.295121
512,latency,0,7.22,0.00,7,1,7,0.648210
1024,read,298063.90,0,0,0,8,9908,0.265930
1024,write,280563.67,0,0,0,8,9471,0.270056
1024,copy,103908.66,0,0,0,8,6496,0.500132
1024,latency,0,12.28,0.02,7,1,7,0.692173
2048,read,240913.78,0,0,0,8,4606,0.305902
2048,write,208144.98,0,0,0,8,4738,0.364208
2048,copy,83627.08,0,0,0,8,2832,0.541834
2048,latency,0,21.88,0.01,7,1,7,0.696665
8192,read,151457.79,0,0,0,8,766,0.323681
8192,write,173224.29,0,0,0,8,1190,0.439661
8192,copy,76679.56,0,0,0,8,676,0.564218
8192,latency,0,27.37,0.07,7,1,7,0.672060
16384,read,135199.75,0,0,0,8,380,0.359764
16384,write,168779.67,0,0,0,8,580,0.439863
16384,copy,74097.73,0,0,0,8,253,0.437044
16384,latency,0,29.24,1.40,7,1,7,0.805152
32768,read,128204.77,0,0,0,8,164,0.327476
32768,write,167648.20,0,0,0,8,293,0.447413
32768,copy,74413.58,0,0,0,8,151,0.519475
32768,latency,0,73.65,6.07,21,1,21,3.750687
65536,read,125972.26,0,0,0,8,78,0.317022
65536,write,166484.61,0,0,0,8,141,0.433626
65536,copy,73370.28,0,0,0,8,67,0.467546
65536,latency,0,89.85,2.07,7,1,7,4.087227
131072,read,123873.86,0,0,0,8,37,0.305860
131072,write,166265.80,0,0,0,8,73,0.449593
131072,copy,72891.90,0,0,0,8,32,0.449542
131072,latency,0,96.82,1.02,7,1,7,8.850864
