size_kb,operation,bandwidth_mb_s,latency_ns,latency_stddev_ns,latency_samples,threads,iterations,elapsed_s
32,read,1737732.90,0,0,0,16,572081,0.164606
32,write,1449290.88,0,0,0,16,661374,0.228172
32,copy,1449949.33,0,0,0,16,494071,0.170375
32,latency,0,2.01,0.00,7,1,7,0.288486
128,read,1409139.55,0,0,0,16,163185,0.231609
128,write,1451888.71,0,0,0,16,177430,0.244413
128,copy,1251385.05,0,0,0,16,136537,0.218217
128,latency,0,2.68,0.00,7,1,7,0.661473
1024,read,1171142.61,0,0,0,16,15284,0.208808
1024,write,1451865.27,0,0,0,16,22387,0.246712
1024,copy,798186.63,0,0,0,16,14856,0.297795
1024,latency,0,5.43,0.02,7,1,7,0.645345
2048,read,947855.86,0,0,0,16,7411,0.250198
2048,write,1446598.99,0,0,0,16,11132,0.246249
2048,copy,460464.35,0,0,0,16,5946,0.413218
2048,latency,0,11.68,0.17,7,1,7,0.623015
4096,read,617259.92,0,0,0,16,3740,0.387778
4096,write,1381199.20,0,0,0,16,5338,0.247344
4096,copy,303295.53,0,0,0,16,2350,0.495886
4096,latency,0,24.50,0.18,7,1,7,0.703246
16384,read,318290.30,0,0,0,16,425,0.341826
16384,write,440153.43,0,0,0,16,1209,0.703173
16384,copy,166152.33,0,0,0,16,354,0.545427
16384,latency,0,36.41,1.59,7,1,7,0.691076
32768,read,295335.97,0,0,0,16,187,0.324187
32768,write,319402.21,0,0,0,16,577,0.924928
32768,copy,156517.35,0,0,0,16,174,0.569189
32768,latency,0,47.89,6.57,21,1,21,2.609477
65536,read,288575.68,0,0,0,16,87,0.308716
65536,write,281397.56,0,0,0,16,286,1.040748
65536,copy,152248.37,0,0,0,16,87,0.585149
65536,latency,0,84.39,4.83,21,1,21,8.470871
131072,read,288500.79,0,0,0,16,48,0.340741
131072,write,272669.83,0,0,0,16,142,1.066550
131072,copy,149324.63,0,0,0,16,43,0.589749
131072,latency,0,102.31,0.78,7,1,7,9.153780
262144,read,288949.60,0,0,0,16,24,0.340212
262144,write,270954.04,0,0,0,16,70,1.058187
262144,copy,153344.69,0,0,0,16,22,0.587643
262144,latency,0,111.69,0.38,7,1,7,20.390366
