---
system-info:
      stress-ng-version: 0.17.08
      run-by: root
      date-yyyy-mm-dd: 2024:09:16
      time-hh-mm-ss: 23:51:09
      epoch-secs: 1726530669
      hostname: sc-runner
      sysname: Linux
      nodename: sc-runner
      release: 6.8.0-1014-azure
      version: '#16-Ubuntu SMP Thu Aug 15 20:04:41 UTC 2024'
      machine: x86_64
      compiler: 'musl-gcc 13.2.1'
      uptime: 340
      totalram: 118155587584
      freeram: 107778007040
      sharedram: 42278912
      bufferram: 263090176
      totalswap: 0
      freeswap: 0
      pagesize: 4096
      cpus: 16
      cpus-online: 16
      ticks-per-second: 100

metrics:
    - stressor: cpu
      bogo-ops: 321969
      bogo-ops-per-second-usr-sys-time: 1007.917137
      bogo-ops-per-second-real-time: 16098.383600
      wall-clock-time: 20.000082
      user-time: 319.393645
      system-time: 0.046305
      cpu-usage-per-instance: 99.824573
      max-rss: 3252

...
