---
system-info:
      stress-ng-version: 0.17.08
      run-by: root
      date-yyyy-mm-dd: 2024:06:15
      time-hh-mm-ss: 22:40:58
      epoch-secs: 1718491258
      hostname: 28be9cdc10e0
      sysname: Linux
      nodename: 28be9cdc10e0
      release: 6.8.0-1008-aws
      version: '#8-Ubuntu SMP Sat Apr 20 00:46:25 UTC 2024'
      machine: x86_64
      compiler: 'musl-gcc 13.2.1'
      uptime: 115
      totalram: 1081992388608
      freeram: 1074828910592
      sharedram: 117325824
      bufferram: 108486656
      totalswap: 0
      freeswap: 0
      pagesize: 4096
      cpus: 128
      cpus-online: 128
      ticks-per-second: 100

metrics:
    - stressor: cpu
      bogo-ops: 2497402
      bogo-ops-per-second-usr-sys-time: 976.043732
      bogo-ops-per-second-real-time: 124869.627986
      wall-clock-time: 20.000076
      user-time: 2558.627913
      system-time: 0.070964
      cpu-usage-per-instance: 99.948797
      max-rss: 0

...
