---
system-info:
      stress-ng-version: 0.17.08
      run-by: root
      date-yyyy-mm-dd: 2024:06:09
      time-hh-mm-ss: 19:42:06
      epoch-secs: 1717962126
      hostname: 9f6dafcbdb98
      sysname: Linux
      nodename: 9f6dafcbdb98
      release: 6.8.0-1008-aws
      version: '#8-Ubuntu SMP Sat Apr 20 00:46:25 UTC 2024'
      machine: x86_64
      compiler: 'musl-gcc 13.2.1'
      uptime: 108
      totalram: 1081992372224
      freeram: 1074388713472
      sharedram: 117325824
      bufferram: 111284224
      totalswap: 0
      freeswap: 0
      pagesize: 4096
      cpus: 128
      cpus-online: 128
      ticks-per-second: 100

metrics:
    - stressor: cpu
      bogo-ops: 1564101
      bogo-ops-per-second-usr-sys-time: 1223.103430
      bogo-ops-per-second-real-time: 156388.549778
      wall-clock-time: 10.001378
      user-time: 1278.663055
      system-time: 0.133947
      cpu-usage-per-instance: 99.892251
      max-rss: 3072

...
