BaselineInfo:
  WebDBID: -1
  TimeStamp: 20241109000303
Version:
  Major: 11
  Minor: 0
  Build: 1002
  SpecialBuildName: ""
  ptArchitecture: x86_64_linux
Results:
  Results Complete: true
  NumTestProcesses: 32
  CPU_INTEGER_MATH: 134633.01633333333
  CPU_FLOATINGPOINT_MATH: 68824.754615042461
  CPU_PRIME: 180.48680508417385
  CPU_SORTING: 68524.99084771116
  CPU_ENCRYPTION: 29207.746786697662
  CPU_COMPRESSION: 489356.97400501103
  CPU_SINGLETHREAD: 2432.3371754571622
  CPU_PHYSICS: 3060.9828773314312
  CPU_MATRIX_MULT_SSE: 28341.089645512533
  CPU_mm: 2900.2966918567472
  CPU_sse: 12771.586245531553
  CPU_fma: 35074.897251029157
  CPU_avx: 25897.811585625241
  CPU_avx512: 39620.063499864213
  m_CPU_enc_SHA: 29487054782.307312
  m_CPU_enc_AES: 44390903740.422127
  m_CPU_enc_ECDSA: 18001668361.095417
  ME_ALLOC_S: 14911.049650596911
  ME_READ_S: 24330.221093749999
  ME_READ_L: 11978.2216796875
  ME_WRITE: 10570.7275390625
  ME_LARGE: 117987.75
  ME_LATENCY: 54.483490445003639
  ME_THREADED: 126185.18994140625
  SUMM_CPU: 36630.161087825007
  SUMM_ME: 2709.6660116465901
SystemInformation:
  OSName: Ubuntu 24.04.1 LTS
  Kernel: 6.8.0-1017-azure
  Device: ""
  Processor: Intel Xeon Platinum 8370C CPU @ 2.80GHz
  NumSockets: 1
  Manufacturer: GenuineIntel
  NumCores: 16
  NumLogicals: 32
  CPUFrequency: 2800
  Memory: 128802
  MemModuleInfo:
    iNumMemSticks: 3
    DIMM 1:
      manufacturer: Microsoft Corporation
      modulePartNo: None
      memType: Unknown
      size: 1
      clkspeed: 0
      moduleVoltage: 0
    DIMM 2:
      manufacturer: Microsoft Corporation
      modulePartNo: None
      memType: Unknown
      size: 59
      clkspeed: 0
      moduleVoltage: 0
    DIMM 3:
      manufacturer: Microsoft Corporation
      modulePartNo: None
      memType: Unknown
      size: 68
      clkspeed: 0
      moduleVoltage: 0
Checksum: 32DAA7AF6BD4B25C1BD1B84760A136AD1BA8F1CF