BaselineInfo:
  WebDBID: -1
  TimeStamp: 20241107134411
Version:
  Major: 11
  Minor: 0
  Build: 1002
  SpecialBuildName: ""
  ptArchitecture: x86_64_linux
Results:
  Results Complete: true
  NumTestProcesses: 4
  CPU_INTEGER_MATH: 12313.979666666666
  CPU_FLOATINGPOINT_MATH: 6621.1244644516264
  CPU_PRIME: 21.196138732559824
  CPU_SORTING: 6542.0346439216901
  CPU_ENCRYPTION: 1693.5875398150004
  CPU_COMPRESSION: 55211.728358388908
  CPU_SINGLETHREAD: 1973.1175373821341
  CPU_PHYSICS: 467.81290949008405
  CPU_MATRIX_MULT_SSE: 3125.5188605043777
  CPU_mm: 374.93967089006082
  CPU_sse: 1344.2519550200254
  CPU_fma: 3887.7432707102053
  CPU_avx: 2750.8444458755207
  CPU_avx512: 4519.2357704117594
  m_CPU_enc_SHA: 556156400.12496269
  m_CPU_enc_AES: 4277109295.5273056
  m_CPU_enc_ECDSA: 494300048.79489368
  ME_ALLOC_S: 1419.0267446197879
  ME_READ_S: 23959.086523437501
  ME_READ_L: 10160.1201171875
  ME_WRITE: 9700.8505859375
  ME_LARGE: 5982.166666666667
  ME_LATENCY: 52.383781951541664
  ME_THREADED: 24611.2021484375
  SUMM_CPU: 4258.5577853343448
  SUMM_ME: 1978.7066015736127
SystemInformation:
  OSName: Ubuntu 24.04.1 LTS
  Kernel: 6.8.0-1015-gcp
  Device: ""
  Processor: Intel Xeon CPU @ 2.80GHz
  NumSockets: 1
  Manufacturer: GenuineIntel
  NumCores: 2
  NumLogicals: 4
  CPUFrequency: 0
  Memory: 15990
  MemModuleInfo:
    iNumMemSticks: 1
    DIMM 1:
      manufacturer: ""
      modulePartNo: ""
      memType: RAM
      size: 16
      clkspeed: 0
      moduleVoltage: 0
Checksum: 67838CCA47E16647E125EDC0A45105B95903F439