BaselineInfo:
  WebDBID: -1
  TimeStamp: 20251220042114
Version:
  Major: 11
  Minor: 0
  Build: 1002
  SpecialBuildName: ""
  ptArchitecture: aarch64_linux
Results:
  Results Complete: true
  NumTestProcesses: 96
  CPU_INTEGER_MATH: 500211.23533333337
  CPU_FLOATINGPOINT_MATH: 580999.46490139328
  CPU_PRIME: 888.36342083892589
  CPU_SORTING: 434324.20159149932
  CPU_ENCRYPTION: 18050.214832520007
  CPU_COMPRESSION: 636453.95104759268
  CPU_SINGLETHREAD: 1941.615428870399
  CPU_PHYSICS: 20503.705823932061
  CPU_MATRIX_MULT_SSE: 80626.723227342445
  CPU_mm: 10857.810894767923
  CPU_sse: 63665.668255140889
  CPU_fma: 97587.778199544075
  CPU_avx: 0
  CPU_avx512: 0
  m_CPU_enc_SHA: 28168634296.886627
  m_CPU_enc_AES: 10303800086.141611
  m_CPU_enc_ECDSA: 18308631821.645245
  ME_ALLOC_S: 47762.104074635834
  ME_READ_S: 21133.3701171875
  ME_READ_L: 20184.771484375
  ME_WRITE: 21234.978515625
  ME_LARGE: 364557.83333333331
  ME_LATENCY: 44.654093320411867
  ME_THREADED: 501994.61083984375
  SUMM_CPU: 56773.680587692143
  SUMM_ME: 3472.73334712414
SystemInformation:
  OSName: Ubuntu 24.04.2 LTS
  Kernel: 6.14.0-1018-aws
  Device: ""
  Processor: ARM Neoverse-V2 96 Core 0 MHz
  NumSockets: 1
  Manufacturer: ARM
  NumCores: 96
  NumLogicals: 96
  CPUFrequency: 0
  Memory: 379899
Checksum: A90AC4F9716522308A81E1E675CD036D6CE9EF0A