BaselineInfo:
  WebDBID: -1
  TimeStamp: 20260619110929
Version:
  Major: 11
  Minor: 0
  Build: 1004
  SpecialBuildName: ""
  ptArchitecture: x86_64_linux
Results:
  Results Complete: true
  NumTestProcesses: 16
  CPU_INTEGER_MATH: 51292.317000000003
  CPU_FLOATINGPOINT_MATH: 38954.415418330813
  CPU_PRIME: 123.60900138051593
  CPU_SORTING: 35097.700779135783
  CPU_ENCRYPTION: 6634.7319488912799
  CPU_COMPRESSION: 273783.90795647242
  CPU_SINGLETHREAD: 1689.2848249647893
  CPU_PHYSICS: 1786.0857846692952
  CPU_MATRIX_MULT_SSE: 22025.514761830938
  CPU_mm: 2338.7309350275591
  CPU_sse: 8808.5729319205584
  CPU_fma: 29328.385498261501
  CPU_avx: 19803.297008845351
  CPU_avx512: 30161.803608296355
  m_CPU_enc_SHA: 3644419223.4628277
  m_CPU_enc_AES: 14003785033.69504
  m_CPU_enc_ECDSA: 3222857806.9639964
  ME_ALLOC_S: 4315.0142211080401
  ME_READ_S: 19264.7080078125
  ME_READ_L: 6207.7666015625
  ME_WRITE: 6749.14404296875
  ME_LARGE: 119621.16666666667
  ME_LATENCY: 79.831838693328521
  ME_THREADED: 83935.92919921875
  SUMM_CPU: 18251.161037716942
  SUMM_ME: 1756.6719127797567
SystemInformation:
  OSName: Ubuntu 24.04.4 LTS
  Kernel: 6.8.0-117-generic
  Device: ""
  Processor: Intel(R) Xeon(R) Platinum 8163 CPU @ 2.50GHz
  NumSockets: 1
  Manufacturer: GenuineIntel
  NumCores: 8
  NumLogicals: 16
  CPUFrequency: 2500
  CPUMaxFrequency: 3100
  Memory: 128300
  CPUInfo:
    number: 1
    Family: 6
    Model: 5
    stepping: 4
    features: 529267711
    manufacture: GenuineIntel
    typestring: Intel(R) Xeon(R) Platinum 8163 CPU @ 2.50GHz
    iCoresPerPackage: 8
    iThreadsPerPackage: 2
    featuresEx:
      - 529267711
      - 4294586883
      - 739248128
    bHybrid: false
    nPCore: 0
    nLogicalsPerPCore: 0
    nECore: 0
    nLogicalsPerECore: 0
  MemModuleInfo:
    iNumMemSticks: 8
    DIMM 1:
      manufacturer: Alibaba Cloud
      modulePartNo: Not Specified
      memType: RAM
      size: 16
      clkspeed: 0
      moduleVoltage: 0
    DIMM 2:
      manufacturer: Alibaba Cloud
      modulePartNo: Not Specified
      memType: RAM
      size: 16
      clkspeed: 0
      moduleVoltage: 0
    DIMM 3:
      manufacturer: Alibaba Cloud
      modulePartNo: Not Specified
      memType: RAM
      size: 16
      clkspeed: 0
      moduleVoltage: 0
    DIMM 4:
      manufacturer: Alibaba Cloud
      modulePartNo: Not Specified
      memType: RAM
      size: 16
      clkspeed: 0
      moduleVoltage: 0
    DIMM 5:
      manufacturer: Alibaba Cloud
      modulePartNo: Not Specified
      memType: RAM
      size: 16
      clkspeed: 0
      moduleVoltage: 0
    DIMM 6:
      manufacturer: Alibaba Cloud
      modulePartNo: Not Specified
      memType: RAM
      size: 16
      clkspeed: 0
      moduleVoltage: 0
    DIMM 7:
      manufacturer: Alibaba Cloud
      modulePartNo: Not Specified
      memType: RAM
      size: 16
      clkspeed: 0
      moduleVoltage: 0
    DIMM 8:
      manufacturer: Alibaba Cloud
      modulePartNo: Not Specified
      memType: RAM
      size: 16
      clkspeed: 0
      moduleVoltage: 0
Checksum: 85DDC3AF582F77CF084BC7043334D669ADE666B1