BaselineInfo:
  WebDBID: -1
  TimeStamp: 20260404154906
Version:
  Major: 11
  Minor: 0
  Build: 1004
  SpecialBuildName: ""
  ptArchitecture: x86_64_linux
Results:
  Results Complete: true
  NumTestProcesses: 12
  CPU_INTEGER_MATH: 50371.447
  CPU_FLOATINGPOINT_MATH: 25775.270708733493
  CPU_PRIME: 107.36260307268644
  CPU_SORTING: 25798.925366326428
  CPU_ENCRYPTION: 10915.440845611256
  CPU_COMPRESSION: 185372.9624387963
  CPU_SINGLETHREAD: 2362.0467721397476
  CPU_PHYSICS: 1798.9571021627689
  CPU_MATRIX_MULT_SSE: 10489.812571535782
  CPU_mm: 1086.7371904197441
  CPU_sse: 4780.3874593606988
  CPU_fma: 13093.990396027961
  CPU_avx: 9701.1228489150017
  CPU_avx512: 14383.749581839456
  m_CPU_enc_SHA: 11035717679.476358
  m_CPU_enc_AES: 16598783694.748394
  m_CPU_enc_ECDSA: 6702506526.1582499
  ME_ALLOC_S: 5838.571247773436
  ME_READ_S: 24044.84765625
  ME_READ_L: 8165.859375
  ME_WRITE: 8322.3916015625
  ME_LARGE: 81452.916666666672
  ME_LATENCY: 52.412966214246318
  ME_THREADED: 38259.921142578125
  SUMM_CPU: 16347.909284507285
  SUMM_ME: 2288.1152281224809
SystemInformation:
  OSName: Ubuntu 24.04.4 LTS
  Kernel: 6.8.0-106-generic
  Device: ""
  Processor: Intel(R) Xeon(R) Platinum 8369B CPU @ 2.70GHz
  NumSockets: 1
  Manufacturer: GenuineIntel
  NumCores: 6
  NumLogicals: 12
  CPUFrequency: 0
  CPUMaxFrequency: 0
  Memory: 94499
  CPUInfo:
    number: 1
    Family: 6
    Model: 10
    stepping: 6
    features: 529267711
    manufacture: GenuineIntel
    typestring: Intel(R) Xeon(R) Platinum 8369B CPU @ 2.70GHz
    iCoresPerPackage: 6
    iThreadsPerPackage: 2
    featuresEx:
      - 529267711
      - 4277809667
      - 739248128
    bHybrid: false
    nPCore: 0
    nLogicalsPerPCore: 0
    nECore: 0
    nLogicalsPerECore: 0
  MemModuleInfo:
    iNumMemSticks: 6
    DIMM 1:
      manufacturer: Alibaba Cloud
      modulePartNo: Not Specified
      memType: RAM
      size: 16
      clkspeed: 0
      moduleVoltage: 0
    DIMM 2:
      manufacturer: Alibaba Cloud
      modulePartNo: Not Specified
      memType: RAM
      size: 16
      clkspeed: 0
      moduleVoltage: 0
    DIMM 3:
      manufacturer: Alibaba Cloud
      modulePartNo: Not Specified
      memType: RAM
      size: 16
      clkspeed: 0
      moduleVoltage: 0
    DIMM 4:
      manufacturer: Alibaba Cloud
      modulePartNo: Not Specified
      memType: RAM
      size: 16
      clkspeed: 0
      moduleVoltage: 0
    DIMM 5:
      manufacturer: Alibaba Cloud
      modulePartNo: Not Specified
      memType: RAM
      size: 16
      clkspeed: 0
      moduleVoltage: 0
    DIMM 6:
      manufacturer: Alibaba Cloud
      modulePartNo: Not Specified
      memType: RAM
      size: 16
      clkspeed: 0
      moduleVoltage: 0
Checksum: 8C06C45E8BD3482CF92CD8F387C4DA353D0FE061