BaselineInfo:
  WebDBID: -1
  TimeStamp: 20260405102439
Version:
  Major: 11
  Minor: 0
  Build: 1004
  SpecialBuildName: ""
  ptArchitecture: x86_64_linux
Results:
  Results Complete: true
  NumTestProcesses: 64
  CPU_INTEGER_MATH: 269551.35800000007
  CPU_FLOATINGPOINT_MATH: 137519.6947961954
  CPU_PRIME: 253.49524406869361
  CPU_SORTING: 114752.65255984585
  CPU_ENCRYPTION: 50724.750365905573
  CPU_COMPRESSION: 867258.30141413363
  CPU_SINGLETHREAD: 2368.3430875855884
  CPU_PHYSICS: 4184.3461951831941
  CPU_MATRIX_MULT_SSE: 49513.673694656922
  CPU_mm: 5028.3148851844871
  CPU_sse: 21232.267792728573
  CPU_fma: 57054.315868983867
  CPU_avx: 43995.218076942438
  CPU_avx512: 75772.893039972842
  m_CPU_enc_SHA: 52198913314.946304
  m_CPU_enc_AES: 75878692556.523987
  m_CPU_enc_ECDSA: 31488661647.56913
  ME_ALLOC_S: 24723.454495463688
  ME_READ_S: 24252.745898437501
  ME_READ_L: 11303.1640625
  ME_WRITE: 10631.544921875
  ME_LARGE: 107615.83333333333
  ME_LATENCY: 59.493416621785514
  ME_THREADED: 168818.80297851562
  SUMM_CPU: 55256.179740589592
  SUMM_ME: 2601.361679321923
SystemInformation:
  OSName: Ubuntu 24.04.4 LTS
  Kernel: 6.8.0-106-generic
  Device: ""
  Processor: Intel(R) Xeon(R) Platinum 8369B CPU @ 2.70GHz
  NumSockets: 1
  Manufacturer: GenuineIntel
  NumCores: 32
  NumLogicals: 64
  CPUFrequency: 0
  CPUMaxFrequency: 0
  Memory: 124215
  CPUInfo:
    number: 1
    Family: 6
    Model: 10
    stepping: 6
    features: 529267711
    manufacture: GenuineIntel
    typestring: Intel(R) Xeon(R) Platinum 8369B CPU @ 2.70GHz
    iCoresPerPackage: 32
    iThreadsPerPackage: 2
    featuresEx:
      - 529267711
      - 4277809667
      - 739248128
    bHybrid: false
    nPCore: 0
    nLogicalsPerPCore: 0
    nECore: 0
    nLogicalsPerECore: 0
  MemModuleInfo:
    iNumMemSticks: 8
    DIMM 1:
      manufacturer: Alibaba Cloud
      modulePartNo: Not Specified
      memType: RAM
      size: 16
      clkspeed: 0
      moduleVoltage: 0
    DIMM 2:
      manufacturer: Alibaba Cloud
      modulePartNo: Not Specified
      memType: RAM
      size: 16
      clkspeed: 0
      moduleVoltage: 0
    DIMM 3:
      manufacturer: Alibaba Cloud
      modulePartNo: Not Specified
      memType: RAM
      size: 16
      clkspeed: 0
      moduleVoltage: 0
    DIMM 4:
      manufacturer: Alibaba Cloud
      modulePartNo: Not Specified
      memType: RAM
      size: 16
      clkspeed: 0
      moduleVoltage: 0
    DIMM 5:
      manufacturer: Alibaba Cloud
      modulePartNo: Not Specified
      memType: RAM
      size: 16
      clkspeed: 0
      moduleVoltage: 0
    DIMM 6:
      manufacturer: Alibaba Cloud
      modulePartNo: Not Specified
      memType: RAM
      size: 16
      clkspeed: 0
      moduleVoltage: 0
    DIMM 7:
      manufacturer: Alibaba Cloud
      modulePartNo: Not Specified
      memType: RAM
      size: 16
      clkspeed: 0
      moduleVoltage: 0
    DIMM 8:
      manufacturer: Alibaba Cloud
      modulePartNo: Not Specified
      memType: RAM
      size: 16
      clkspeed: 0
      moduleVoltage: 0
Checksum: 2958D064FF92C8B97C2F5A93ADD7BB685A3A0556