---
system-info:
      stress-ng-version: 0.17.08
      run-by: root
      date-yyyy-mm-dd: 2024:06:26
      time-hh-mm-ss: 19:53:39
      epoch-secs: 1719431619
      hostname: g2-standard-12-be6bd21
      sysname: Linux
      nodename: g2-standard-12-be6bd21
      release: 6.8.0-1009-gcp
      version: '#10-Ubuntu SMP Wed Jun 12 18:52:23 UTC 2024'
      machine: x86_64
      compiler: 'musl-gcc 13.2.1'
      uptime: 205
      totalram: 50511851520
      freeram: 42670460928
      sharedram: 41881600
      bufferram: 116072448
      totalswap: 0
      freeswap: 0
      pagesize: 4096
      cpus: 12
      cpus-online: 12
      ticks-per-second: 100

metrics:
    - stressor: cpu
      bogo-ops: 189480
      bogo-ops-per-second-usr-sys-time: 791.337453
      bogo-ops-per-second-real-time: 9473.941225
      wall-clock-time: 20.000124
      user-time: 239.425737
      system-time: 0.016993
      cpu-usage-per-instance: 99.767185
      max-rss: 1104

...
