---
system-info:
      stress-ng-version: 0.17.08
      run-by: root
      date-yyyy-mm-dd: 2024:07:02
      time-hh-mm-ss: 14:51:22
      epoch-secs: 1719931882
      hostname: c3-highmem-22-77078e1
      sysname: Linux
      nodename: c3-highmem-22-77078e1
      release: 6.8.0-1009-gcp
      version: '#10-Ubuntu SMP Wed Jun 12 18:52:23 UTC 2024'
      machine: x86_64
      compiler: 'musl-gcc 13.2.1'
      uptime: 112
      totalram: 185697955840
      freeram: 180344700928
      sharedram: 111669248
      bufferram: 127352832
      totalswap: 0
      freeswap: 0
      pagesize: 4096
      cpus: 22
      cpus-online: 22
      ticks-per-second: 100

metrics:
    - stressor: cpu
      bogo-ops: 366308
      bogo-ops-per-second-usr-sys-time: 833.034023
      bogo-ops-per-second-real-time: 18315.296410
      wall-clock-time: 20.000113
      user-time: 439.704546
      system-time: 0.022992
      cpu-usage-per-instance: 99.937512
      max-rss: 1060

...
