---
system-info:
      stress-ng-version: 0.17.08
      run-by: root
      date-yyyy-mm-dd: 2024:06:09
      time-hh-mm-ss: 19:29:49
      epoch-secs: 1717961389
      hostname: a2ce31e0bab4
      sysname: Linux
      nodename: a2ce31e0bab4
      release: 6.8.0-1008-aws
      version: '#8-Ubuntu SMP Sat Apr 20 00:46:25 UTC 2024'
      machine: x86_64
      compiler: 'musl-gcc 13.2.1'
      uptime: 139
      totalram: 1065117106176
      freeram: 1058371219456
      sharedram: 117612544
      bufferram: 113033216
      totalswap: 0
      freeswap: 0
      pagesize: 4096
      cpus: 128
      cpus-online: 128
      ticks-per-second: 100

metrics:
    - stressor: cpu
      bogo-ops: 1529650
      bogo-ops-per-second-usr-sys-time: 1196.024242
      bogo-ops-per-second-real-time: 152941.134164
      wall-clock-time: 10.001560
      user-time: 1278.779730
      system-time: 0.165919
      cpu-usage-per-instance: 99.902040
      max-rss: 3072

...
