---
system-info:
      stress-ng-version: 0.17.08
      run-by: root
      date-yyyy-mm-dd: 2024:06:15
      time-hh-mm-ss: 21:56:41
      epoch-secs: 1718488601
      hostname: a2181b8b5d14
      sysname: Linux
      nodename: a2181b8b5d14
      release: 6.8.0-1008-aws
      version: '#8-Ubuntu SMP Sat Apr 20 00:46:25 UTC 2024'
      machine: x86_64
      compiler: 'musl-gcc 13.2.1'
      uptime: 165
      totalram: 1065117126656
      freeram: 1058777391104
      sharedram: 117612544
      bufferram: 109760512
      totalswap: 0
      freeswap: 0
      pagesize: 4096
      cpus: 128
      cpus-online: 128
      ticks-per-second: 100

metrics:
    - stressor: cpu
      bogo-ops: 2469978
      bogo-ops-per-second-usr-sys-time: 965.223382
      bogo-ops-per-second-real-time: 123498.403415
      wall-clock-time: 20.000080
      user-time: 2558.922355
      system-time: 0.047978
      cpu-usage-per-instance: 99.959377
      max-rss: 0

...
