BaselineInfo:
  WebDBID: -1
  TimeStamp: 20241106231918
Version:
  Major: 11
  Minor: 0
  Build: 1002
  SpecialBuildName: ""
  ptArchitecture: aarch64_linux
Results:
  Results Complete: true
  NumTestProcesses: 2
  CPU_INTEGER_MATH: 12563.734
  CPU_FLOATINGPOINT_MATH: 10557.795131047465
  CPU_PRIME: 27.83168219810134
  CPU_SORTING: 10192.047156017361
  CPU_ENCRYPTION: 373.07972247541238
  CPU_COMPRESSION: 13666.246067424017
  CPU_SINGLETHREAD: 1882.46658263272
  CPU_PHYSICS: 648.7817101895846
  CPU_MATRIX_MULT_SSE: 1782.6370795848707
  CPU_mm: 286.36502973915333
  CPU_sse: 1503.0646275756858
  CPU_fma: 2062.2095315940555
  CPU_avx: 0
  CPU_avx512: 0
  m_CPU_enc_SHA: 548351086.24822617
  m_CPU_enc_AES: 241156339.70279449
  m_CPU_enc_ECDSA: 384099903.2721132
  ME_ALLOC_S: 2587.6871150883162
  ME_READ_S: 25160.492578124999
  ME_READ_L: 19331.677734375
  ME_WRITE: 25708.6796875
  ME_LARGE: 564.33333333333337
  ME_LATENCY: 52.973457960715052
  ME_THREADED: 38186.658203125
  SUMM_CPU: 2023.4698849608344
  SUMM_ME: 1093.2074114317527
SystemInformation:
  OSName: Ubuntu 24.04.1 LTS
  Kernel: 6.8.0-1017-azure
  Device: ""
  Processor: ARM Neoverse-N2 2 Core 0 MHz
  NumSockets: 1
  Manufacturer: ARM
  NumCores: 2
  NumLogicals: 2
  CPUFrequency: 0
  Memory: 3905
Checksum: 08C0F49CB81271C6C98841A1A603F231BD3D4248