BaselineInfo:
  WebDBID: -1
  TimeStamp: 20241115110327
Version:
  Major: 11
  Minor: 0
  Build: 1002
  SpecialBuildName: ""
  ptArchitecture: aarch64_linux
Results:
  Results Complete: true
  NumTestProcesses: 2
  CPU_INTEGER_MATH: 12562.479666666666
  CPU_FLOATINGPOINT_MATH: 10553.484499903072
  CPU_PRIME: 27.150616868174808
  CPU_SORTING: 10203.847978837599
  CPU_ENCRYPTION: 371.8097984498358
  CPU_COMPRESSION: 13650.979834167847
  CPU_SINGLETHREAD: 1880.5902252397186
  CPU_PHYSICS: 647.12216285373097
  CPU_MATRIX_MULT_SSE: 1781.0013339841776
  CPU_mm: 285.91420268720032
  CPU_sse: 1502.9334748872232
  CPU_fma: 2059.0691930811317
  CPU_avx: 0
  CPU_avx512: 0
  m_CPU_enc_SHA: 546687196.422925
  m_CPU_enc_AES: 241073985.68769068
  m_CPU_enc_ECDSA: 381851311.54738951
  ME_ALLOC_S: 2568.4440663902237
  ME_READ_S: 25578.214648437501
  ME_READ_L: 19281.021484375
  ME_WRITE: 25737.908203125
  ME_LARGE: 530
  ME_LATENCY: 53.457997897551877
  ME_THREADED: 38117.171875
  SUMM_CPU: 2018.8644204532027
  SUMM_ME: 1050.1094737820072
SystemInformation:
  OSName: Ubuntu 24.04.1 LTS
  Kernel: 6.8.0-1017-azure
  Device: ""
  Processor: ARM Neoverse-N2 2 Core 0 MHz
  NumSockets: 1
  Manufacturer: ARM
  NumCores: 2
  NumLogicals: 2
  CPUFrequency: 0
  Memory: 3905
Checksum: FE98EDF9DCA09A1A4ABAE4A0B4343E2581BAC577