BaselineInfo:
  WebDBID: -1
  TimeStamp: 20241114180118
Version:
  Major: 11
  Minor: 0
  Build: 1002
  SpecialBuildName: ""
  ptArchitecture: aarch64_linux
Results:
  Results Complete: true
  NumTestProcesses: 2
  CPU_INTEGER_MATH: 12557.154666666667
  CPU_FLOATINGPOINT_MATH: 10554.25924315743
  CPU_PRIME: 27.299818451897362
  CPU_SORTING: 10240.745528149131
  CPU_ENCRYPTION: 370.40971062087408
  CPU_COMPRESSION: 13644.784387490352
  CPU_SINGLETHREAD: 1879.3638869718425
  CPU_PHYSICS: 651.33273708733327
  CPU_MATRIX_MULT_SSE: 1774.3800535453972
  CPU_mm: 284.02744394556703
  CPU_sse: 1503.4433271645889
  CPU_fma: 2045.3167799262055
  CPU_avx: 0
  CPU_avx512: 0
  m_CPU_enc_SHA: 542383173.48058665
  m_CPU_enc_AES: 240969403.17883354
  m_CPU_enc_ECDSA: 381855621.51256073
  ME_ALLOC_S: 2554.8859891807151
  ME_READ_S: 25484.7548828125
  ME_READ_L: 19263.373046875
  ME_WRITE: 25721.837890625
  ME_LARGE: 558.83333333333337
  ME_LATENCY: 53.79569373990234
  ME_THREADED: 38118.7109375
  SUMM_CPU: 2015.18208748048
  SUMM_ME: 1084.2048591937348
SystemInformation:
  OSName: Ubuntu 24.04.1 LTS
  Kernel: 6.8.0-1017-azure
  Device: ""
  Processor: ARM Neoverse-N2 2 Core 0 MHz
  NumSockets: 1
  Manufacturer: ARM
  NumCores: 2
  NumLogicals: 2
  CPUFrequency: 0
  Memory: 3905
Checksum: A513F4C4DB18B7B2EA8A997FAA7BA423E62B882B