BaselineInfo:
  WebDBID: -1
  TimeStamp: 20241108174553
Version:
  Major: 11
  Minor: 0
  Build: 1002
  SpecialBuildName: ""
  ptArchitecture: x86_64_linux
Results:
  Results Complete: true
  NumTestProcesses: 24
  CPU_INTEGER_MATH: 68956.264999999999
  CPU_FLOATINGPOINT_MATH: 36972.352559125015
  CPU_PRIME: 107.99338038521763
  CPU_SORTING: 35419.820827746262
  CPU_ENCRYPTION: 9460.6980666167419
  CPU_COMPRESSION: 303672.80015990639
  CPU_SINGLETHREAD: 1870.2951508797337
  CPU_PHYSICS: 2074.9188286153317
  CPU_MATRIX_MULT_SSE: 18761.112019024218
  CPU_mm: 2096.7284732451712
  CPU_sse: 7532.6375196505587
  CPU_fma: 22342.167183578946
  CPU_avx: 15783.027825781015
  CPU_avx512: 29386.615547086338
  m_CPU_enc_SHA: 3112511708.7869906
  m_CPU_enc_AES: 23871474653.963135
  m_CPU_enc_ECDSA: 2776796444.9520273
  ME_ALLOC_S: 7990.8437922692583
  ME_READ_S: 22573.281054687501
  ME_READ_L: 10394.34765625
  ME_WRITE: 10053.787109375
  ME_LARGE: 35674.833333333336
  ME_LATENCY: 52.514568069123264
  ME_THREADED: 108525.97265625
  SUMM_CPU: 20589.933202233187
  SUMM_ME: 2542.8855727897335
SystemInformation:
  OSName: Ubuntu 24.04.1 LTS
  Kernel: 6.8.0-1016-aws
  Device: ""
  Processor: Intel Xeon Platinum 8259CL CPU @ 2.50GHz
  NumSockets: 1
  Manufacturer: GenuineIntel
  NumCores: 12
  NumLogicals: 24
  CPUFrequency: 0
  Memory: 46155
  MemModuleInfo:
    iNumMemSticks: 1
    DIMM 1:
      manufacturer: Not Specified
      modulePartNo: Not Specified
      memType: DDR4
      size: 48
      clkspeed: 1466
      moduleVoltage: 0
Checksum: 8F20234027A9C8485BD001F306F3461A06B03972