BaselineInfo:
  WebDBID: -1
  TimeStamp: 20260404131056
Version:
  Major: 11
  Minor: 0
  Build: 1004
  SpecialBuildName: ""
  ptArchitecture: x86_64_linux
Results:
  Results Complete: true
  NumTestProcesses: 8
  CPU_INTEGER_MATH: 25253.777000000002
  CPU_FLOATINGPOINT_MATH: 15956.127586541767
  CPU_PRIME: 51.074524378059095
  CPU_SORTING: 16025.765192040877
  CPU_ENCRYPTION: 2452.926185175204
  CPU_COMPRESSION: 113987.23506109728
  CPU_SINGLETHREAD: 2237.9308449200839
  CPU_PHYSICS: 759.6779913321634
  CPU_MATRIX_MULT_SSE: 5819.6714033906246
  CPU_mm: 762.01935183571175
  CPU_sse: 3070.6185978667895
  CPU_fma: 8286.2760798849995
  CPU_avx: 6102.1195324200844
  CPU_avx512: 0
  m_CPU_enc_SHA: 1103967394.3626168
  m_CPU_enc_AES: 5605518846.0576267
  m_CPU_enc_ECDSA: 1006752342.2185798
  ME_ALLOC_S: 2586.5956873545247
  ME_READ_S: 25447.078320312499
  ME_READ_L: 8386.470703125
  ME_WRITE: 7232.54541015625
  ME_LARGE: 18878
  ME_LATENCY: 63.554602513399487
  ME_THREADED: 38894.96435546875
  SUMM_CPU: 8118.0655767908729
  SUMM_ME: 2011.6368842253341
SystemInformation:
  OSName: Ubuntu 24.04.4 LTS
  Kernel: 6.8.0-106-generic
  Device: ""
  Processor: Intel(R) Xeon(R) CPU E5-2667 v4 @ 3.20GHz
  NumSockets: 1
  Manufacturer: GenuineIntel
  NumCores: 4
  NumLogicals: 8
  CPUFrequency: 0
  CPUMaxFrequency: 0
  Memory: 31711
  CPUInfo:
    number: 1
    Family: 6
    Model: 15
    stepping: 1
    features: 529267711
    manufacture: GenuineIntel
    typestring: Intel(R) Xeon(R) CPU E5-2667 v4 @ 3.20GHz
    iCoresPerPackage: 4
    iThreadsPerPackage: 2
    featuresEx:
      - 529267711
      - 4294586883
      - 739248128
    bHybrid: false
    nPCore: 0
    nLogicalsPerPCore: 0
    nECore: 0
    nLogicalsPerECore: 0
  MemModuleInfo:
    iNumMemSticks: 2
    DIMM 1:
      manufacturer: Alibaba Cloud
      modulePartNo: Not Specified
      memType: RAM
      size: 16
      clkspeed: 0
      moduleVoltage: 0
    DIMM 2:
      manufacturer: Alibaba Cloud
      modulePartNo: Not Specified
      memType: RAM
      size: 16
      clkspeed: 0
      moduleVoltage: 0
Checksum: E38D0520628DA44F4495697A7B962CEE4133510A