BaselineInfo:
  WebDBID: -1
  TimeStamp: 20250821034222
Version:
  Major: 11
  Minor: 0
  Build: 1002
  SpecialBuildName: ""
  ptArchitecture: x86_64_linux
Results:
  Results Complete: true
  NumTestProcesses: 64
  CPU_INTEGER_MATH: 330599.66666666663
  CPU_FLOATINGPOINT_MATH: 239443.03791787778
  CPU_PRIME: 532.25428521963545
  CPU_SORTING: 163614.09969012678
  CPU_ENCRYPTION: 72452.584909446843
  CPU_COMPRESSION: 1272039.0394864811
  CPU_SINGLETHREAD: 3279.8240200031278
  CPU_PHYSICS: 9105.5662806106156
  CPU_MATRIX_MULT_SSE: 88634.560550533293
  CPU_mm: 9610.6100220612825
  CPU_sse: 39684.269066914254
  CPU_fma: 104554.9471259103
  CPU_avx: 83097.651161602364
  CPU_avx512: 127201.3748477062
  m_CPU_enc_SHA: 76646274951.831223
  m_CPU_enc_AES: 100201613582.32379
  m_CPU_enc_ECDSA: 51068236487.869293
  ME_ALLOC_S: 28528.02264144694
  ME_READ_S: 28284.474023437499
  ME_READ_L: 9628.8544921875
  ME_WRITE: 11218.5947265625
  ME_LARGE: 495657.91666666669
  ME_LATENCY: 67.950840662873475
  ME_THREADED: 211775.36889648438
  SUMM_CPU: 82965.260889136218
  SUMM_ME: 2469.9794916485444
SystemInformation:
  OSName: Ubuntu 24.04.2 LTS
  Kernel: 6.14.0-1010-aws
  Device: ""
  Processor: Intel Xeon 6975P-C
  NumSockets: 1
  Manufacturer: GenuineIntel
  NumCores: 32
  NumLogicals: 64
  CPUFrequency: 0
  Memory: 507670
  MemModuleInfo:
    iNumMemSticks: 1
    DIMM 1:
      manufacturer: Not Specified
      modulePartNo: Not Specified
      memType: DDR5
      size: 512
      clkspeed: 3600
      moduleVoltage: 0
Checksum: 80BF096EC96B46D12BF6FFCD71EBBBDFC13D9A8F