BaselineInfo:
  WebDBID: -1
  TimeStamp: 20241106214529
Version:
  Major: 11
  Minor: 0
  Build: 1002
  SpecialBuildName: ""
  ptArchitecture: x86_64_linux
Results:
  Results Complete: true
  NumTestProcesses: 2
  CPU_INTEGER_MATH: 5134.0810000000001
  CPU_FLOATINGPOINT_MATH: 2721.2381085922698
  CPU_PRIME: 6.9483754603734589
  CPU_SORTING: 3248.0601177047997
  CPU_ENCRYPTION: 1614.9047707797718
  CPU_COMPRESSION: 21365.737271606195
  CPU_SINGLETHREAD: 1345.6825293839802
  CPU_PHYSICS: 212.71611641581791
  CPU_MATRIX_MULT_SSE: 783.47747264364784
  CPU_mm: 156.39021318185084
  CPU_sse: 632.85903801425297
  CPU_fma: 935.06467807851504
  CPU_avx: 782.50870183817551
  CPU_avx512: 0
  m_CPU_enc_SHA: 2285923330.6287546
  m_CPU_enc_AES: 1583757984.4407909
  m_CPU_enc_ECDSA: 1210369839.7059646
  ME_ALLOC_S: 456.64384430775925
  ME_READ_S: 14427.1568359375
  ME_READ_L: 10843.3408203125
  ME_WRITE: 7372.45263671875
  ME_LARGE: 563.83333333333337
  ME_LATENCY: 69.82003243868273
  ME_THREADED: 16037.8935546875
  SUMM_CPU: 1838.9927935686526
  SUMM_ME: 802.61932185537239
SystemInformation:
  OSName: Ubuntu 24.04.1 LTS
  Kernel: 6.8.0-1016-aws
  Device: ""
  Processor: AMD EPYC 7571
  NumSockets: 1
  Manufacturer: AuthenticAMD
  NumCores: 1
  NumLogicals: 2
  CPUFrequency: 0
  Memory: 1916
  MemModuleInfo:
    iNumMemSticks: 1
    DIMM 1:
      manufacturer: Not Specified
      modulePartNo: Not Specified
      memType: DDR4
      size: 2
      clkspeed: 1333
      moduleVoltage: 0
Checksum: DC95F6F8780944004DE2301C9A56AA078E93D2B6