BaselineInfo:
  WebDBID: -1
  TimeStamp: 20241114165207
Version:
  Major: 11
  Minor: 0
  Build: 1002
  SpecialBuildName: ""
  ptArchitecture: x86_64_linux
Results:
  Results Complete: true
  NumTestProcesses: 2
  CPU_INTEGER_MATH: 5084.5703333333331
  CPU_FLOATINGPOINT_MATH: 2723.8454121392442
  CPU_PRIME: 11.162095117193662
  CPU_SORTING: 3275.875040828068
  CPU_ENCRYPTION: 1621.6885053225424
  CPU_COMPRESSION: 21451.27994266725
  CPU_SINGLETHREAD: 1406.7323892770423
  CPU_PHYSICS: 224.14224205737719
  CPU_MATRIX_MULT_SSE: 781.2891304298596
  CPU_mm: 156.76311508889313
  CPU_sse: 634.23986074745142
  CPU_fma: 937.88384535966566
  CPU_avx: 771.7436851824616
  CPU_avx512: 0
  m_CPU_enc_SHA: 2296885174.1458836
  m_CPU_enc_AES: 1588865674.3687947
  m_CPU_enc_ECDSA: 1215640089.9565916
  ME_ALLOC_S: 501.84908668236909
  ME_READ_S: 14756.261914062499
  ME_READ_L: 11365.2275390625
  ME_WRITE: 8120.087890625
  ME_LARGE: 595
  ME_LATENCY: 63.412106155666208
  ME_THREADED: 16596.4189453125
  SUMM_CPU: 1886.2380625102137
  SUMM_ME: 854.15319086783961
SystemInformation:
  OSName: Ubuntu 24.04.1 LTS
  Kernel: 6.8.0-1018-aws
  Device: ""
  Processor: AMD EPYC 7571
  NumSockets: 1
  Manufacturer: AuthenticAMD
  NumCores: 1
  NumLogicals: 2
  CPUFrequency: 0
  Memory: 1916
  MemModuleInfo:
    iNumMemSticks: 1
    DIMM 1:
      manufacturer: Not Specified
      modulePartNo: Not Specified
      memType: DDR4
      size: 2
      clkspeed: 1333
      moduleVoltage: 0
Checksum: 1BF820134896A4014D93B9A4723837FA5F3D30FF