BaselineInfo:
  WebDBID: -1
  TimeStamp: 20241115092956
Version:
  Major: 11
  Minor: 0
  Build: 1002
  SpecialBuildName: ""
  ptArchitecture: x86_64_linux
Results:
  Results Complete: true
  NumTestProcesses: 2
  CPU_INTEGER_MATH: 5111.0769999999993
  CPU_FLOATINGPOINT_MATH: 2722.8455423967453
  CPU_PRIME: 9.9221025461791683
  CPU_SORTING: 3250.1186045099921
  CPU_ENCRYPTION: 1608.2868633361641
  CPU_COMPRESSION: 20912.295934424794
  CPU_SINGLETHREAD: 1417.8242215243274
  CPU_PHYSICS: 212.35688034093567
  CPU_MATRIX_MULT_SSE: 776.43674826544975
  CPU_mm: 156.37763454958551
  CPU_sse: 633.4183319373924
  CPU_fma: 935.35729473972515
  CPU_avx: 760.53461811923194
  CPU_avx512: 0
  m_CPU_enc_SHA: 2283090145.7964826
  m_CPU_enc_AES: 1580676760.5879917
  m_CPU_enc_ECDSA: 1195466111.6442709
  ME_ALLOC_S: 489.1986893923945
  ME_READ_S: 14639.511914062499
  ME_READ_L: 10702.48828125
  ME_WRITE: 7678.8740234375
  ME_LARGE: 626.91666666666663
  ME_LATENCY: 71.570138946925553
  ME_THREADED: 16101.33056640625
  SUMM_CPU: 1862.3118294511103
  SUMM_ME: 846.46643474143127
SystemInformation:
  OSName: Ubuntu 24.04.1 LTS
  Kernel: 6.8.0-1018-aws
  Device: ""
  Processor: AMD EPYC 7571
  NumSockets: 1
  Manufacturer: AuthenticAMD
  NumCores: 1
  NumLogicals: 2
  CPUFrequency: 0
  Memory: 1916
  MemModuleInfo:
    iNumMemSticks: 1
    DIMM 1:
      manufacturer: Not Specified
      modulePartNo: Not Specified
      memType: DDR4
      size: 2
      clkspeed: 1333
      moduleVoltage: 0
Checksum: 9DDC41B31C7404E96D950A255235D4152B21940B