---
system-info:
      stress-ng-version: 0.17.08
      run-by: root
      date-yyyy-mm-dd: 2024:07:10
      time-hh-mm-ss: 02:18:47
      epoch-secs: 1720577927
      hostname: m2-ultramem-208-e2243da
      sysname: Linux
      nodename: m2-ultramem-208-e2243da
      release: 6.8.0-1009-gcp
      version: '#10-Ubuntu SMP Wed Jun 12 18:52:23 UTC 2024'
      machine: x86_64
      compiler: 'musl-gcc 13.2.1'
      uptime: 302
      totalram: 6223202217984
      freeram: 6213221416960
      sharedram: 163733504
      bufferram: 137265152
      totalswap: 0
      freeswap: 0
      pagesize: 4096
      cpus: 208
      cpus-online: 208
      ticks-per-second: 100

metrics:
    - stressor: cpu
      bogo-ops: 26787
      bogo-ops-per-second-usr-sys-time: 1339.629179
      bogo-ops-per-second-real-time: 1339.345498
      wall-clock-time: 20.000067
      user-time: 19.994833
      system-time: 0.000999
      cpu-usage-per-instance: 99.978824
      max-rss: 0

...
