---
system-info:
      stress-ng-version: 0.17.08
      run-by: root
      date-yyyy-mm-dd: 2024:07:12
      time-hh-mm-ss: 09:19:53
      epoch-secs: 1720775993
      hostname: ip-172-31-13-30
      sysname: Linux
      nodename: ip-172-31-13-30
      release: 6.8.0-1010-aws
      version: '#10-Ubuntu SMP Thu Jun 13 17:36:15 UTC 2024'
      machine: x86_64
      compiler: 'musl-gcc 13.2.1'
      uptime: 201
      totalram: 267549708288
      freeram: 258791424000
      sharedram: 78790656
      bufferram: 130998272
      totalswap: 0
      freeswap: 0
      pagesize: 4096
      cpus: 64
      cpus-online: 64
      ticks-per-second: 100

metrics:
    - stressor: cpu
      bogo-ops: 1097725
      bogo-ops-per-second-usr-sys-time: 858.051905
      bogo-ops-per-second-real-time: 54885.992332
      wall-clock-time: 20.000094
      user-time: 1279.269398
      system-time: 0.052976
      cpu-usage-per-instance: 99.946591
      max-rss: 512

...
