---
system-info:
      stress-ng-version: 0.17.08
      run-by: root
      date-yyyy-mm-dd: 2024:09:17
      time-hh-mm-ss: 05:14:50
      epoch-secs: 1726550090
      hostname: sc-runner
      sysname: Linux
      nodename: sc-runner
      release: 6.8.0-1014-azure
      version: '#16-Ubuntu SMP Thu Aug 15 20:04:41 UTC 2024'
      machine: x86_64
      compiler: 'musl-gcc 13.2.1'
      uptime: 309
      totalram: 202596663296
      freeram: 191572717568
      sharedram: 55083008
      bufferram: 244305920
      totalswap: 0
      freeswap: 0
      pagesize: 4096
      cpus: 48
      cpus-online: 48
      ticks-per-second: 100

metrics:
    - stressor: cpu
      bogo-ops: 37975
      bogo-ops-per-second-usr-sys-time: 1898.731297
      bogo-ops-per-second-real-time: 1898.748574
      wall-clock-time: 20.000015
      user-time: 20.000197
      system-time: 0.000000
      cpu-usage-per-instance: 100.000910
      max-rss: 3200

...
