BaselineInfo:
  WebDBID: -1
  TimeStamp: 20241109113304
Version:
  Major: 11
  Minor: 0
  Build: 1002
  SpecialBuildName: ""
  ptArchitecture: x86_64_linux
Results:
  Results Complete: true
  NumTestProcesses: 48
  CPU_INTEGER_MATH: 136494.70733333332
  CPU_FLOATINGPOINT_MATH: 72970.945304490277
  CPU_PRIME: 173.41323686807434
  CPU_SORTING: 68828.898598090484
  CPU_ENCRYPTION: 18586.832760970337
  CPU_COMPRESSION: 591992.63625877886
  CPU_SINGLETHREAD: 1943.9013880056355
  CPU_PHYSICS: 2547.8812433715034
  CPU_MATRIX_MULT_SSE: 37075.947920599581
  CPU_mm: 4144.829438173465
  CPU_sse: 14892.17485832017
  CPU_fma: 43958.019275026811
  CPU_avx: 31057.608937292029
  CPU_avx512: 58395.988611759283
  m_CPU_enc_SHA: 6127472602.290617
  m_CPU_enc_AES: 46866236767.605217
  m_CPU_enc_ECDSA: 5475410877.6058626
  ME_ALLOC_S: 15620.63254287097
  ME_READ_S: 23813.578906250001
  ME_READ_L: 10124.068359375
  ME_WRITE: 9919.400390625
  ME_LARGE: 370794.25
  ME_LATENCY: 52.863529368625969
  ME_THREADED: 113860.0751953125
  SUMM_CPU: 34676.685522037762
  SUMM_ME: 2626.5908763013003
SystemInformation:
  OSName: Ubuntu 24.04.1 LTS
  Kernel: 6.8.0-1016-aws
  Device: ""
  Processor: Intel Xeon Platinum 8259CL CPU @ 2.50GHz
  NumSockets: 1
  Manufacturer: GenuineIntel
  NumCores: 24
  NumLogicals: 48
  CPUFrequency: 0
  Memory: 382684
  MemModuleInfo:
    iNumMemSticks: 1
    DIMM 1:
      manufacturer: Not Specified
      modulePartNo: Not Specified
      memType: DDR4
      size: 384
      clkspeed: 1333
      moduleVoltage: 0
Checksum: F0E7FF4014E5757113930DAA0FA8FB131DBE8AC9