BaselineInfo:
  WebDBID: -1
  TimeStamp: 20241111135533
Version:
  Major: 11
  Minor: 0
  Build: 1002
  SpecialBuildName: ""
  ptArchitecture: x86_64_linux
Results:
  Results Complete: true
  NumTestProcesses: 96
  CPU_INTEGER_MATH: 272787.04099999991
  CPU_FLOATINGPOINT_MATH: 145909.0841693219
  CPU_PRIME: 348.9331883647792
  CPU_SORTING: 137769.24751557651
  CPU_ENCRYPTION: 37163.29001473375
  CPU_COMPRESSION: 1179216.0018606398
  CPU_SINGLETHREAD: 1951.6812914336067
  CPU_PHYSICS: 5147.6575548537785
  CPU_MATRIX_MULT_SSE: 74106.39797092558
  CPU_mm: 8274.4516439016134
  CPU_sse: 29611.276046109277
  CPU_fma: 87931.59274604806
  CPU_avx: 61984.101332084319
  CPU_avx512: 116898.62175946063
  m_CPU_enc_SHA: 12248554384.96162
  m_CPU_enc_AES: 93706909843.247864
  m_CPU_enc_ECDSA: 10950137743.258865
  ME_ALLOC_S: 21506.372313082196
  ME_READ_S: 23534.5732421875
  ME_READ_L: 10951.8369140625
  ME_WRITE: 10449.55078125
  ME_LARGE: 752103.25
  ME_LATENCY: 52.706376346018885
  ME_THREADED: 214435.15246582031
  SUMM_CPU: 55814.825030515793
  SUMM_ME: 2730.3079879845718
SystemInformation:
  OSName: Ubuntu 24.04.1 LTS
  Kernel: 6.8.0-1016-aws
  Device: ""
  Processor: Intel Xeon Platinum 8259CL CPU @ 2.50GHz
  NumSockets: 2
  Manufacturer: GenuineIntel
  NumCores: 48
  NumLogicals: 96
  CPUFrequency: 0
  Memory: 765865
  MemModuleInfo:
    iNumMemSticks: 2
    DIMM 1:
      manufacturer: Not Specified
      modulePartNo: Not Specified
      memType: DDR4
      size: 384
      clkspeed: 1600
      moduleVoltage: 0
    DIMM 2:
      manufacturer: Not Specified
      modulePartNo: Not Specified
      memType: DDR4
      size: 384
      clkspeed: 1600
      moduleVoltage: 0
Checksum: 9AAC31BCB7F84B36EA6C38249530C7F8047B05C9