---
system-info:
      stress-ng-version: 0.17.08
      run-by: root
      date-yyyy-mm-dd: 2024:06:21
      time-hh-mm-ss: 08:15:11
      epoch-secs: 1718957711
      hostname: 34b3f0f58845
      sysname: Linux
      nodename: 34b3f0f58845
      release: 6.8.0-1008-gcp
      version: '#9-Ubuntu SMP Wed May 22 18:09:04 UTC 2024'
      machine: x86_64
      compiler: 'musl-gcc 13.2.1'
      uptime: 182
      totalram: 67424706560
      freeram: 62330241024
      sharedram: 18219008
      bufferram: 134885376
      totalswap: 0
      freeswap: 0
      pagesize: 4096
      cpus: 8
      cpus-online: 8
      ticks-per-second: 100

metrics:
    - stressor: cpu
      bogo-ops: 53799
      bogo-ops-per-second-usr-sys-time: 2690.151223
      bogo-ops-per-second-real-time: 2689.933069
      wall-clock-time: 20.000126
      user-time: 19.998504
      system-time: 0.000000
      cpu-usage-per-instance: 99.991891
      max-rss: 1104

...
