size_kb,operation,bandwidth_mb_s,latency_ns,latency_stddev_ns,latency_samples,threads,iterations,elapsed_s
32,read,6515145.58,0,0,0,96,425894,0.196110
32,write,7708269.38,0,0,0,96,620346,0.241434
32,copy,5380550.83,0,0,0,96,386398,0.215442
32,latency,0,2.15,0.00,7,1,7,0.308186
128,read,5423955.30,0,0,0,96,97352,0.215382
128,write,6825653.15,0,0,0,96,163719,0.287830
128,copy,4112728.69,0,0,0,96,80541,0.235000
128,latency,0,2.82,0.00,7,1,7,0.618959
1024,read,4838979.64,0,0,0,96,17559,0.348351
1024,write,6766433.58,0,0,0,96,21195,0.300708
1024,copy,1249685.93,0,0,0,96,12329,0.947105
1024,latency,0,6.10,0.01,7,1,7,0.697861
2048,read,1723721.92,0,0,0,96,6783,0.755537
2048,write,2288110.51,0,0,0,96,10476,0.879062
2048,copy,372711.78,0,0,0,96,3690,1.900879
2048,latency,0,10.24,0.03,7,1,7,0.675581
4096,read,851327.71,0,0,0,96,2205,0.994588
4096,write,745921.13,0,0,0,96,4709,2.424192
4096,copy,255115.05,0,0,0,96,1659,2.497132
4096,latency,0,18.59,0.03,7,1,7,0.670542
8192,read,586742.20,0,0,0,96,944,1.235623
8192,write,491291.75,0,0,0,96,2231,3.487557
8192,copy,218368.44,0,0,0,96,839,2.950756
8192,latency,0,24.06,0.04,7,1,7,0.671792
16384,read,515174.68,0,0,0,96,459,1.368514
16384,write,411374.21,0,0,0,96,1043,3.894381
16384,copy,197843.87,0,0,0,96,386,2.996787
16384,latency,0,26.22,0.02,7,1,7,0.696817
32768,read,488224.25,0,0,0,96,201,1.264730
32768,write,374600.48,0,0,0,96,513,4.206978
32768,copy,197062.37,0,0,0,96,201,3.133384
32768,latency,0,28.15,0.27,7,1,7,0.699044
65536,read,475775.11,0,0,0,96,116,1.497985
65536,write,364516.46,0,0,0,96,253,4.264367
65536,copy,197003.02,0,0,0,96,100,3.118734
65536,latency,0,76.02,1.57,7,1,7,3.457167
131072,read,470008.12,0,0,0,96,59,1.542510
131072,write,364216.33,0,0,0,96,124,4.183536
131072,copy,197135.89,0,0,0,96,50,3.116632
131072,latency,0,97.39,0.47,7,1,7,8.739018
