BaselineInfo:
  WebDBID: -1
  TimeStamp: 20250415102401
Version:
  Major: 11
  Minor: 0
  Build: 1002
  SpecialBuildName: ""
  ptArchitecture: x86_64_linux
Results:
  Results Complete: true
  NumTestProcesses: 24
  CPU_INTEGER_MATH: 114791.11966666667
  CPU_FLOATINGPOINT_MATH: 81365.341112912371
  CPU_PRIME: 236.26450093564065
  CPU_SORTING: 57479.439890913265
  CPU_ENCRYPTION: 25476.68166923137
  CPU_COMPRESSION: 415226.96907665581
  CPU_SINGLETHREAD: 2920.205295135027
  CPU_PHYSICS: 5448.0750814720914
  CPU_MATRIX_MULT_SSE: 35015.290504948076
  CPU_mm: 3247.7854467153675
  CPU_sse: 14050.934585039926
  CPU_fma: 38995.437650592139
  CPU_avx: 29716.865635035407
  CPU_avx512: 57297.924149124825
  m_CPU_enc_SHA: 26726340030.530514
  m_CPU_enc_AES: 34792808111.315659
  m_CPU_enc_ECDSA: 18623562732.141689
  ME_ALLOC_S: 14808.950226810066
  ME_READ_S: 26639.652148437501
  ME_READ_L: 10408.3896484375
  ME_WRITE: 9504.1865234375
  ME_LARGE: 762083.83333333337
  ME_LATENCY: 60.613613891887489
  ME_THREADED: 251601.958984375
  SUMM_CPU: 37713.615552187359
  SUMM_ME: 2566.1662783548786
SystemInformation:
  OSName: Ubuntu 24.04.2 LTS
  Kernel: 6.8.0-1021-azure
  Device: ""
  Processor: INTEL XEON PLATINUM 8573C
  NumSockets: 2
  Manufacturer: GenuineIntel
  NumCores: 12
  NumLogicals: 24
  CPUFrequency: 2300
  Memory: 774021
  MemModuleInfo:
    iNumMemSticks: 4
    DIMM 1:
      manufacturer: Microsoft Corporation
      modulePartNo: None
      memType: Unknown
      size: 1
      clkspeed: 0
      moduleVoltage: 0
    DIMM 2:
      manufacturer: Microsoft Corporation
      modulePartNo: None
      memType: Unknown
      size: 59
      clkspeed: 0
      moduleVoltage: 0
    DIMM 3:
      manufacturer: Microsoft Corporation
      modulePartNo: None
      memType: Unknown
      size: 324
      clkspeed: 0
      moduleVoltage: 0
    DIMM 4:
      manufacturer: Microsoft Corporation
      modulePartNo: None
      memType: Unknown
      size: 384
      clkspeed: 0
      moduleVoltage: 0
Checksum: C1BCA16EF9D20C006538B42AF5E213045B2EE9A4