BaselineInfo:
  WebDBID: -1
  TimeStamp: 20260403231749
Version:
  Major: 11
  Minor: 0
  Build: 1004
  SpecialBuildName: ""
  ptArchitecture: x86_64_linux
Results:
  Results Complete: true
  NumTestProcesses: 4
  CPU_INTEGER_MATH: 14782.389333333334
  CPU_FLOATINGPOINT_MATH: 10493.493277382309
  CPU_PRIME: 24.843472033816198
  CPU_SORTING: 9939.5888693009383
  CPU_ENCRYPTION: 1876.8829778690035
  CPU_COMPRESSION: 75525.211652334983
  CPU_SINGLETHREAD: 1596.0635743324844
  CPU_PHYSICS: 414.97633844105769
  CPU_MATRIX_MULT_SSE: 4493.6402264859971
  CPU_mm: 514.68189673911331
  CPU_sse: 1900.8400109493632
  CPU_fma: 5814.9872430027781
  CPU_avx: 4102.9569741218511
  CPU_avx512: 6155.7766778699988
  m_CPU_enc_SHA: 992269374.35316086
  m_CPU_enc_AES: 4059806717.6638861
  m_CPU_enc_ECDSA: 852087244.18885636
  ME_ALLOC_S: 1213.2923284455148
  ME_READ_S: 21536.719531250001
  ME_READ_L: 8641.9296875
  ME_WRITE: 8279.19921875
  ME_LARGE: 2360.4166666666665
  ME_LATENCY: 62.208732359510428
  ME_THREADED: 29420.54248046875
  SUMM_CPU: 5419.2126948344712
  SUMM_ME: 1542.5040158819418
SystemInformation:
  OSName: Ubuntu 24.04.4 LTS
  Kernel: 6.8.0-106-generic
  Device: ""
  Processor: Intel(R) Xeon(R) Platinum 8269CY CPU @ 2.50GHz
  NumSockets: 1
  Manufacturer: GenuineIntel
  NumCores: 2
  NumLogicals: 4
  CPUFrequency: 0
  CPUMaxFrequency: 0
  Memory: 14900
  CPUInfo:
    number: 1
    Family: 6
    Model: 5
    stepping: 7
    features: 529267711
    manufacture: GenuineIntel
    typestring: Intel(R) Xeon(R) Platinum 8269CY CPU @ 2.50GHz
    iCoresPerPackage: 2
    iThreadsPerPackage: 2
    featuresEx:
      - 529267711
      - 4277809667
      - 739248128
    bHybrid: false
    nPCore: 0
    nLogicalsPerPCore: 0
    nECore: 0
    nLogicalsPerECore: 0
  MemModuleInfo:
    iNumMemSticks: 1
    DIMM 1:
      manufacturer: Alibaba Cloud
      modulePartNo: Not Specified
      memType: RAM
      size: 16
      clkspeed: 0
      moduleVoltage: 0
Checksum: 182F762D6A4470F9945258A91D9B000BAD1B89D3