BaselineInfo:
  WebDBID: -1
  TimeStamp: 20260621210214
Version:
  Major: 11
  Minor: 0
  Build: 1004
  SpecialBuildName: ""
  ptArchitecture: x86_64_linux
Results:
  Results Complete: true
  NumTestProcesses: 96
  CPU_INTEGER_MATH: 459766.84266666684
  CPU_FLOATINGPOINT_MATH: 332760.93595419382
  CPU_PRIME: 897.55814314722807
  CPU_SORTING: 230995.74554243148
  CPU_ENCRYPTION: 100719.73860538669
  CPU_COMPRESSION: 1773048.1528411722
  CPU_SINGLETHREAD: 3531.0213350363583
  CPU_PHYSICS: 13565.491295673322
  CPU_MATRIX_MULT_SSE: 120823.53297220643
  CPU_mm: 12997.573334187231
  CPU_sse: 55219.3293043007
  CPU_fma: 145335.94101307692
  CPU_avx: 111820.39358699658
  CPU_avx512: 170918.46798445148
  m_CPU_enc_SHA: 106764871758.29712
  m_CPU_enc_AES: 139578919599.48438
  m_CPU_enc_ECDSA: 70493110525.864365
  ME_ALLOC_S: 32067.018764785411
  ME_READ_S: 30645.865624999999
  ME_READ_L: 18991.666015625
  ME_WRITE: 7707.74951171875
  ME_LARGE: 376048.91666666669
  ME_LATENCY: 75.855439443954097
  ME_THREADED: 309684.08081054688
  SUMM_CPU: 105569.39014438985
  SUMM_ME: 2503.7854258935927
SystemInformation:
  OSName: Ubuntu 24.04.4 LTS
  Kernel: 6.17.0-1018-azure
  Device: ""
  Processor: Intel(R) Xeon(R) 6973P-C
  NumSockets: 1
  Manufacturer: GenuineIntel
  NumCores: 48
  NumLogicals: 96
  CPUFrequency: 2600
  CPUMaxFrequency: 2600
  Memory: 386921
  CPUInfo:
    number: 1
    Family: 6
    Model: 13
    stepping: 1
    features: 529267711
    manufacture: GenuineIntel
    typestring: Intel(R) Xeon(R) 6973P-C
    iCoresPerPackage: 64
    iThreadsPerPackage: 2
    featuresEx:
      - 529267711
      - 4294586915
      - 739248128
    bHybrid: false
    nPCore: 0
    nLogicalsPerPCore: 0
    nECore: 0
    nLogicalsPerECore: 0
  MemModuleInfo:
    iNumMemSticks: 4
    DIMM 1:
      manufacturer: Microsoft Corporation
      modulePartNo: None
      memType: Unknown
      size: 1
      clkspeed: 0
      moduleVoltage: 0
    DIMM 2:
      manufacturer: Microsoft Corporation
      modulePartNo: None
      memType: Unknown
      size: 59
      clkspeed: 0
      moduleVoltage: 0
    DIMM 3:
      manufacturer: Microsoft Corporation
      modulePartNo: None
      memType: Unknown
      size: 132
      clkspeed: 0
      moduleVoltage: 0
    DIMM 4:
      manufacturer: Microsoft Corporation
      modulePartNo: None
      memType: Unknown
      size: 192
      clkspeed: 0
      moduleVoltage: 0
Checksum: E09315967DD956A82DA76C4761A18B8873E179CD