BaselineInfo:
  WebDBID: -1
  TimeStamp: 20260405061211
Version:
  Major: 11
  Minor: 0
  Build: 1004
  SpecialBuildName: ""
  ptArchitecture: x86_64_linux
Results:
  Results Complete: true
  NumTestProcesses: 40
  CPU_INTEGER_MATH: 98856.376666666649
  CPU_FLOATINGPOINT_MATH: 52975.481633821255
  CPU_PRIME: 126.11245303618885
  CPU_SORTING: 58224.338037093148
  CPU_ENCRYPTION: 13602.375547870159
  CPU_COMPRESSION: 451006.25310988311
  CPU_SINGLETHREAD: 1664.337096695268
  CPU_PHYSICS: 2549.0869371939971
  CPU_MATRIX_MULT_SSE: 29376.546075528822
  CPU_mm: 3008.1278116198573
  CPU_sse: 10670.533048267918
  CPU_fma: 34765.769221741648
  CPU_avx: 25065.236375330394
  CPU_avx512: 47004.645656775356
  m_CPU_enc_SHA: 4452951886.5322008
  m_CPU_enc_AES: 34300879867.940224
  m_CPU_enc_ECDSA: 4035541872.9780622
  ME_ALLOC_S: 10680.031135223293
  ME_READ_S: 19439.806640625
  ME_READ_L: 6652.0712890625
  ME_WRITE: 7184.47900390625
  ME_LARGE: 134647.83333333334
  ME_LATENCY: 77.754929115023074
  ME_THREADED: 97778.217041015625
  SUMM_CPU: 27268.927360960406
  SUMM_ME: 1856.4314304679881
SystemInformation:
  OSName: Ubuntu 24.04.4 LTS
  Kernel: 6.8.0-106-generic
  Device: ""
  Processor: Intel(R) Xeon(R) Platinum 8163 CPU @ 2.50GHz
  NumSockets: 1
  Manufacturer: GenuineIntel
  NumCores: 20
  NumLogicals: 40
  CPUFrequency: 0
  CPUMaxFrequency: 0
  Memory: 155410
  CPUInfo:
    number: 1
    Family: 6
    Model: 5
    stepping: 4
    features: 529267711
    manufacture: GenuineIntel
    typestring: Intel(R) Xeon(R) Platinum 8163 CPU @ 2.50GHz
    iCoresPerPackage: 20
    iThreadsPerPackage: 2
    featuresEx:
      - 529267711
      - 4277809667
      - 739248128
    bHybrid: false
    nPCore: 0
    nLogicalsPerPCore: 0
    nECore: 0
    nLogicalsPerECore: 0
  MemModuleInfo:
    iNumMemSticks: 10
    DIMM 1:
      manufacturer: Alibaba Cloud
      modulePartNo: Not Specified
      memType: RAM
      size: 16
      clkspeed: 0
      moduleVoltage: 0
    DIMM 2:
      manufacturer: Alibaba Cloud
      modulePartNo: Not Specified
      memType: RAM
      size: 16
      clkspeed: 0
      moduleVoltage: 0
    DIMM 3:
      manufacturer: Alibaba Cloud
      modulePartNo: Not Specified
      memType: RAM
      size: 16
      clkspeed: 0
      moduleVoltage: 0
    DIMM 4:
      manufacturer: Alibaba Cloud
      modulePartNo: Not Specified
      memType: RAM
      size: 16
      clkspeed: 0
      moduleVoltage: 0
    DIMM 5:
      manufacturer: Alibaba Cloud
      modulePartNo: Not Specified
      memType: RAM
      size: 16
      clkspeed: 0
      moduleVoltage: 0
    DIMM 6:
      manufacturer: Alibaba Cloud
      modulePartNo: Not Specified
      memType: RAM
      size: 16
      clkspeed: 0
      moduleVoltage: 0
    DIMM 7:
      manufacturer: Alibaba Cloud
      modulePartNo: Not Specified
      memType: RAM
      size: 16
      clkspeed: 0
      moduleVoltage: 0
    DIMM 8:
      manufacturer: Alibaba Cloud
      modulePartNo: Not Specified
      memType: RAM
      size: 16
      clkspeed: 0
      moduleVoltage: 0
    DIMM 9:
      manufacturer: Alibaba Cloud
      modulePartNo: Not Specified
      memType: RAM
      size: 16
      clkspeed: 0
      moduleVoltage: 0
    DIMM 10:
      manufacturer: Alibaba Cloud
      modulePartNo: Not Specified
      memType: RAM
      size: 11
      clkspeed: 0
      moduleVoltage: 0
Checksum: 9C86DEA07F3C640F3E2E4229DE8564271FB40C42