BaselineInfo:
  WebDBID: -1
  TimeStamp: 20250613230441
Version:
  Major: 11
  Minor: 0
  Build: 1002
  SpecialBuildName: ""
  ptArchitecture: x86_64_linux
Results:
  Results Complete: true
  NumTestProcesses: 4
  CPU_INTEGER_MATH: 19098.929
  CPU_FLOATINGPOINT_MATH: 13546.360064054834
  CPU_PRIME: 39.778504165707176
  CPU_SORTING: 9668.3760117842794
  CPU_ENCRYPTION: 4246.1332229233994
  CPU_COMPRESSION: 70065.823759339663
  CPU_SINGLETHREAD: 2917.1884351020249
  CPU_PHYSICS: 954.5280370848244
  CPU_MATRIX_MULT_SSE: 5581.741954979916
  CPU_mm: 540.47956875164527
  CPU_sse: 2344.01300005436
  CPU_fma: 6393.9123735921276
  CPU_avx: 4910.7984264189308
  CPU_avx512: 8678.2440198542481
  m_CPU_enc_SHA: 4450317598.846077
  m_CPU_enc_AES: 5782169188.7540855
  m_CPU_enc_ECDSA: 3124693383.4802194
  ME_ALLOC_S: 2891.1383585943017
  ME_READ_S: 26407.431054687499
  ME_READ_L: 10384.6181640625
  ME_WRITE: 9547.576171875
  ME_LARGE: 22630
  ME_LATENCY: 58.612535583503266
  ME_THREADED: 31370.4462890625
  SUMM_CPU: 7374.8563417934083
  SUMM_ME: 2243.8814742068103
SystemInformation:
  OSName: Ubuntu 24.04.2 LTS
  Kernel: 6.11.0-1015-azure
  Device: ""
  Processor: INTEL XEON PLATINUM 8573C
  NumSockets: 1
  Manufacturer: GenuineIntel
  NumCores: 2
  NumLogicals: 4
  CPUFrequency: 2300
  Memory: 32098
  MemModuleInfo:
    iNumMemSticks: 2
    DIMM 1:
      manufacturer: Microsoft Corporation
      modulePartNo: None
      memType: Unknown
      size: 1
      clkspeed: 0
      moduleVoltage: 0
    DIMM 2:
      manufacturer: Microsoft Corporation
      modulePartNo: None
      memType: Unknown
      size: 31
      clkspeed: 0
      moduleVoltage: 0
Checksum: 0956B0702C941468BB12B64B9373D4BDF985555E