---
system-info:
      stress-ng-version: 0.17.08
      run-by: root
      date-yyyy-mm-dd: 2024:08:30
      time-hh-mm-ss: 14:10:33
      epoch-secs: 1725027033
      hostname: sc-runner
      sysname: Linux
      nodename: sc-runner
      release: 6.8.0-1013-azure
      version: '#15-Ubuntu SMP Thu Aug  8 18:40:40 UTC 2024'
      machine: x86_64
      compiler: 'musl-gcc 13.2.1'
      uptime: 398
      totalram: 16766775296
      freeram: 8370380800
      sharedram: 42037248
      bufferram: 200630272
      totalswap: 0
      freeswap: 0
      pagesize: 4096
      cpus: 2
      cpus-online: 2
      ticks-per-second: 100

metrics:
    - stressor: cpu
      bogo-ops: 32554
      bogo-ops-per-second-usr-sys-time: 823.606817
      bogo-ops-per-second-real-time: 1627.692471
      wall-clock-time: 20.000093
      user-time: 39.516168
      system-time: 0.009974
      cpu-usage-per-instance: 98.814898
      max-rss: 3124

...
