---
system-info:
      stress-ng-version: 0.17.08
      run-by: root
      date-yyyy-mm-dd: 2024:06:21
      time-hh-mm-ss: 06:35:53
      epoch-secs: 1718951753
      hostname: 7e6b01555f3f
      sysname: Linux
      nodename: 7e6b01555f3f
      release: 6.8.0-1008-gcp
      version: '#9-Ubuntu SMP Wed May 22 18:09:04 UTC 2024'
      machine: x86_64
      compiler: 'musl-gcc 13.2.1'
      uptime: 163
      totalram: 33653612544
      freeram: 28644237312
      sharedram: 36036608
      bufferram: 134230016
      totalswap: 0
      freeswap: 0
      pagesize: 4096
      cpus: 4
      cpus-online: 4
      ticks-per-second: 100

metrics:
    - stressor: cpu
      bogo-ops: 73566
      bogo-ops-per-second-usr-sys-time: 925.527018
      bogo-ops-per-second-real-time: 3678.282526
      wall-clock-time: 20.000095
      user-time: 79.466549
      system-time: 0.018975
      cpu-usage-per-instance: 99.356433
      max-rss: 976

...
