---
system-info:
      stress-ng-version: 0.17.08
      run-by: root
      date-yyyy-mm-dd: 2024:08:23
      time-hh-mm-ss: 08:37:24
      epoch-secs: 1724402244
      hostname: sc-runner
      sysname: Linux
      nodename: sc-runner
      release: 6.8.0-1013-azure
      version: '#15-Ubuntu SMP Thu Aug  8 18:40:40 UTC 2024'
      machine: x86_64
      compiler: 'musl-gcc 13.2.1'
      uptime: 455
      totalram: 1991651328
      freeram: 135397376
      sharedram: 42065920
      bufferram: 133005312
      totalswap: 0
      freeswap: 0
      pagesize: 4096
      cpus: 1
      cpus-online: 1
      ticks-per-second: 100

metrics:
    - stressor: cpu
      bogo-ops: 20342
      bogo-ops-per-second-usr-sys-time: 1039.620041
      bogo-ops-per-second-real-time: 1017.093901
      wall-clock-time: 20.000120
      user-time: 19.563792
      system-time: 0.002972
      cpu-usage-per-instance: 97.833233
      max-rss: 1104

...
