BaselineInfo:
  WebDBID: -1
  TimeStamp: 20241121103106
Version:
  Major: 11
  Minor: 0
  Build: 1002
  SpecialBuildName: ""
  ptArchitecture: x86_64_linux
Results:
  Results Complete: true
  NumTestProcesses: 2
  CPU_INTEGER_MATH: 9434.1013333333321
  CPU_FLOATINGPOINT_MATH: 5292.343164609576
  CPU_PRIME: 23.936455716018358
  CPU_SORTING: 5777.6890292607322
  CPU_ENCRYPTION: 2397.0157764821611
  CPU_COMPRESSION: 39162.378864093102
  CPU_SINGLETHREAD: 2846.7687757257922
  CPU_PHYSICS: 489.94742283913467
  CPU_MATRIX_MULT_SSE: 2612.632384122815
  CPU_mm: 253.09037117305741
  CPU_sse: 1106.9756584105357
  CPU_fma: 3487.3616004787882
  CPU_avx: 2876.2915600431561
  CPU_avx512: 2979.9007175587794
  m_CPU_enc_SHA: 3348970874.1001339
  m_CPU_enc_AES: 2271869700.2741632
  m_CPU_enc_ECDSA: 1919519070.1473794
  ME_ALLOC_S: 1038.9171485870841
  ME_READ_S: 27614.236328125
  ME_READ_L: 27285.013671875
  ME_WRITE: 26603.1484375
  ME_LARGE: 1163
  ME_LATENCY: 77.155124129629172
  ME_THREADED: 27342.2880859375
  SUMM_CPU: 3820.5724352893944
  SUMM_ME: 1394.6175496453529
SystemInformation:
  OSName: Ubuntu 24.04.1 LTS
  Kernel: 6.8.0-1017-azure
  Device: ""
  Processor: AMD EPYC 9V74 80-Core Processor
  NumSockets: 1
  Manufacturer: AuthenticAMD
  NumCores: 1
  NumLogicals: 2
  CPUFrequency: 0
  Memory: 3912
  MemModuleInfo:
    iNumMemSticks: 2
    DIMM 1:
      manufacturer: Microsoft Corporation
      modulePartNo: None
      memType: Unknown
      size: 1
      clkspeed: 0
      moduleVoltage: 0
    DIMM 2:
      manufacturer: Microsoft Corporation
      modulePartNo: None
      memType: Unknown
      size: 3
      clkspeed: 0
      moduleVoltage: 0
Checksum: BAC2349C6EEA223C5590AE3172990197ABEE199D