BaselineInfo:
  WebDBID: -1
  TimeStamp: 20241107170019
Version:
  Major: 11
  Minor: 0
  Build: 1002
  SpecialBuildName: ""
  ptArchitecture: x86_64_linux
Results:
  Results Complete: true
  NumTestProcesses: 8
  CPU_INTEGER_MATH: 20667.460999999999
  CPU_FLOATINGPOINT_MATH: 10920.940282704545
  CPU_PRIME: 20.82780379685903
  CPU_SORTING: 12699.284239740438
  CPU_ENCRYPTION: 6464.0103821076891
  CPU_COMPRESSION: 88086.709487629239
  CPU_SINGLETHREAD: 1444.4969036346006
  CPU_PHYSICS: 569.65340041293439
  CPU_MATRIX_MULT_SSE: 3244.7049220219192
  CPU_mm: 628.09569600389057
  CPU_sse: 2547.717013413715
  CPU_fma: 3755.3525011176166
  CPU_avx: 3431.0452515344264
  CPU_avx512: 0
  m_CPU_enc_SHA: 9150944414.0879974
  m_CPU_enc_AES: 6349844983.0269527
  m_CPU_enc_ECDSA: 4833229054.1719055
  ME_ALLOC_S: 1917.2803748530152
  ME_READ_S: 14830.089062499999
  ME_READ_L: 10609.44921875
  ME_WRITE: 7482.60693359375
  ME_LARGE: 53846
  ME_LATENCY: 66.600880047245042
  ME_THREADED: 21260.22509765625
  SUMM_CPU: 6836.9406233463033
  SUMM_ME: 1800.603550840302
SystemInformation:
  OSName: Ubuntu 24.04.1 LTS
  Kernel: 6.8.0-1016-aws
  Device: ""
  Processor: AMD EPYC 7571
  NumSockets: 1
  Manufacturer: AuthenticAMD
  NumCores: 4
  NumLogicals: 8
  CPUFrequency: 0
  Memory: 63764
  MemModuleInfo:
    iNumMemSticks: 1
    DIMM 1:
      manufacturer: Not Specified
      modulePartNo: Not Specified
      memType: DDR4
      size: 64
      clkspeed: 1333
      moduleVoltage: 0
Checksum: 47E3883AE723D5CEF13D7360B1626F90748E59B6