BaselineInfo:
  WebDBID: -1
  TimeStamp: 20241115205939
Version:
  Major: 11
  Minor: 0
  Build: 1002
  SpecialBuildName: ""
  ptArchitecture: x86_64_linux
Results:
  Results Complete: true
  NumTestProcesses: 1
  CPU_INTEGER_MATH: 5963.5739999999996
  CPU_FLOATINGPOINT_MATH: 5244.7758850575638
  CPU_PRIME: 19.44177094453433
  CPU_SORTING: 3636.037656993416
  CPU_ENCRYPTION: 1287.3772386014132
  CPU_COMPRESSION: 24753.190087315259
  CPU_SINGLETHREAD: 2672.2254692312663
  CPU_PHYSICS: 339.52375533572121
  CPU_MATRIX_MULT_SSE: 2268.2230316383188
  CPU_mm: 257.64583614645028
  CPU_sse: 1152.4194758732758
  CPU_fma: 3373.7322402440873
  CPU_avx: 2897.0979005697213
  CPU_avx512: 1649.6425098661905
  m_CPU_enc_SHA: 1784357079.8112843
  m_CPU_enc_AES: 1130445331.6150389
  m_CPU_enc_ECDSA: 1134936214.6048236
  ME_ALLOC_S: 954.76343708317688
  ME_READ_S: 27414.027734374999
  ME_READ_L: 26354.875
  ME_WRITE: 24750.064453125
  ME_LARGE: 551.58333333333337
  ME_LATENCY: 82.774494122775778
  ME_THREADED: 26551.60546875
  SUMM_CPU: 2667.553060108301
  SUMM_ME: 952.5145017339787
SystemInformation:
  OSName: Ubuntu 24.04.1 LTS
  Kernel: 6.8.0-1018-aws
  Device: ""
  Processor: AMD EPYC 9R14
  NumSockets: 1
  Manufacturer: AuthenticAMD
  NumCores: 1
  NumLogicals: 1
  CPUFrequency: 0
  Memory: 3795
  MemModuleInfo:
    iNumMemSticks: 1
    DIMM 1:
      manufacturer: Not Specified
      modulePartNo: Not Specified
      memType: DDR5
      size: 4
      clkspeed: 2400
      moduleVoltage: 0
Checksum: E18CE6065B4DD6463AB13D4FE5A89EF65467B734