BaselineInfo:
  WebDBID: -1
  TimeStamp: 20241107030219
Version:
  Major: 11
  Minor: 0
  Build: 1002
  SpecialBuildName: ""
  ptArchitecture: x86_64_linux
Results:
  Results Complete: true
  NumTestProcesses: 1
  CPU_INTEGER_MATH: 5959.2193333333335
  CPU_FLOATINGPOINT_MATH: 5260.2425815268807
  CPU_PRIME: 19.074092527527068
  CPU_SORTING: 3640.4262991618452
  CPU_ENCRYPTION: 1284.8698401074473
  CPU_COMPRESSION: 25778.350178341076
  CPU_SINGLETHREAD: 2669.0438740435425
  CPU_PHYSICS: 341.03093239613116
  CPU_MATRIX_MULT_SSE: 2265.7121841358839
  CPU_mm: 257.57642068172157
  CPU_sse: 1142.3550123608306
  CPU_fma: 3376.1952643234426
  CPU_avx: 2893.2525996725271
  CPU_avx512: 1651.0458601867365
  m_CPU_enc_SHA: 1785215807.737967
  m_CPU_enc_AES: 1128878793.4981177
  m_CPU_enc_ECDSA: 1127756431.1454351
  ME_ALLOC_S: 1000.061442037935
  ME_READ_S: 27426.3701171875
  ME_READ_L: 26634.931640625
  ME_WRITE: 25182.943359375
  ME_LARGE: 522.08333333333337
  ME_LATENCY: 79.770806242830304
  ME_THREADED: 26578.0625
  SUMM_CPU: 2688.2936742157899
  SUMM_ME: 934.10420989752083
SystemInformation:
  OSName: Ubuntu 24.04.1 LTS
  Kernel: 6.8.0-1016-aws
  Device: ""
  Processor: AMD EPYC 9R14
  NumSockets: 1
  Manufacturer: AuthenticAMD
  NumCores: 1
  NumLogicals: 1
  CPUFrequency: 0
  Memory: 3795
  MemModuleInfo:
    iNumMemSticks: 1
    DIMM 1:
      manufacturer: Not Specified
      modulePartNo: Not Specified
      memType: DDR5
      size: 4
      clkspeed: 2400
      moduleVoltage: 0
Checksum: 42CF50A46A190F2C07608FD8069DEA83EE4A1016