---
system-info:
      stress-ng-version: 0.17.08
      run-by: root
      date-yyyy-mm-dd: 2024:06:15
      time-hh-mm-ss: 09:28:31
      epoch-secs: 1718443711
      hostname: 67f117da734a
      sysname: Linux
      nodename: 67f117da734a
      release: 6.8.0-1008-aws
      version: '#8-Ubuntu SMP Sat Apr 20 02:43:14 UTC 2024'
      machine: aarch64
      compiler: 'musl-gcc 13.2.1'
      uptime: 127
      totalram: 3993088000
      freeram: 215244800
      sharedram: 35012608
      bufferram: 100134912
      totalswap: 0
      freeswap: 0
      pagesize: 4096
      cpus: 2
      cpus-online: 2
      ticks-per-second: 100

metrics:
    - stressor: cpu
      bogo-ops: 60281
      bogo-ops-per-second-usr-sys-time: 1518.922071
      bogo-ops-per-second-real-time: 3014.036454
      wall-clock-time: 20.000090
      user-time: 39.683703
      system-time: 0.002994
      cpu-usage-per-instance: 99.216297
      max-rss: 1192

...
