---
system-info:
      stress-ng-version: 0.17.08
      run-by: root
      date-yyyy-mm-dd: 2024:06:06
      time-hh-mm-ss: 08:56:40
      epoch-secs: 1717664200
      hostname: 31209b58e071
      sysname: Linux
      nodename: 31209b58e071
      release: 6.8.0-1008-aws
      version: '#8-Ubuntu SMP Sat Apr 20 02:43:14 UTC 2024'
      machine: aarch64
      compiler: 'musl-gcc 13.2.1'
      uptime: 117
      totalram: 3993092096
      freeram: 130322432
      sharedram: 35012608
      bufferram: 77156352
      totalswap: 0
      freeswap: 0
      pagesize: 4096
      cpus: 2
      cpus-online: 2
      ticks-per-second: 100

metrics:
    - stressor: cpu
      bogo-ops: 5853
      bogo-ops-per-second-usr-sys-time: 294.039410
      bogo-ops-per-second-real-time: 582.629669
      wall-clock-time: 10.045832
      user-time: 19.897514
      system-time: 0.007981
      cpu-usage-per-instance: 99.073398
      max-rss: 4264

...
