BaselineInfo:
  WebDBID: -1
  TimeStamp: 20241107185759
Version:
  Major: 11
  Minor: 0
  Build: 1002
  SpecialBuildName: ""
  ptArchitecture: x86_64_linux
Results:
  Results Complete: true
  NumTestProcesses: 4
  CPU_INTEGER_MATH: 11495.586333333333
  CPU_FLOATINGPOINT_MATH: 6319.7513567578771
  CPU_PRIME: 26.12411152607735
  CPU_SORTING: 6360.9662742060273
  CPU_ENCRYPTION: 1604.217269088484
  CPU_COMPRESSION: 52724.875647414119
  CPU_SINGLETHREAD: 1897.5111225808737
  CPU_PHYSICS: 561.67989947234503
  CPU_MATRIX_MULT_SSE: 1885.6325023640143
  CPU_mm: 360.19746545873363
  CPU_sse: 1317.9151648181789
  CPU_fma: 0
  CPU_avx: 2453.3498399098498
  CPU_avx512: 0
  m_CPU_enc_SHA: 524743350.05345356
  m_CPU_enc_AES: 4053160423.8713789
  m_CPU_enc_ECDSA: 468527407.53034633
  ME_ALLOC_S: 1362.451764346672
  ME_READ_S: 22629.416406249999
  ME_READ_L: 9957.021484375
  ME_WRITE: 9541.5703125
  ME_LARGE: 20616.833333333332
  ME_LATENCY: 53.327287440067686
  ME_THREADED: 24562.380859375
  SUMM_CPU: 3850.2720258850095
  SUMM_ME: 2088.8628824011012
SystemInformation:
  OSName: Ubuntu 24.04.1 LTS
  Kernel: 6.8.0-1016-aws
  Device: ""
  Processor: Intel Xeon CPU E5-2670 v2 @ 2.50GHz
  NumSockets: 1
  Manufacturer: GenuineIntel
  NumCores: 2
  NumLogicals: 4
  CPUFrequency: 0
  Memory: 30598
  MemModuleInfo:
    iNumMemSticks: 2
    DIMM 1:
      manufacturer: Not Specified
      modulePartNo: Not Specified
      memType: RAM
      size: 16
      clkspeed: 0
      moduleVoltage: 0
    DIMM 2:
      manufacturer: Not Specified
      modulePartNo: Not Specified
      memType: RAM
      size: 14866
      clkspeed: 0
      moduleVoltage: 0
Checksum: 87960DC781AEACF13B823116B57743E2E29E657A