---
system-info:
      stress-ng-version: 0.17.08
      run-by: root
      date-yyyy-mm-dd: 2024:09:13
      time-hh-mm-ss: 22:19:19
      epoch-secs: 1726265959
      hostname: ip-172-31-35-9
      sysname: Linux
      nodename: ip-172-31-35-9
      release: 6.8.0-1014-aws
      version: '#15-Ubuntu SMP Thu Aug  8 19:13:06 UTC 2024'
      machine: x86_64
      compiler: 'musl-gcc 13.2.1'
      uptime: 249
      totalram: 1031432364032
      freeram: 1020138721280
      sharedram: 96251904
      bufferram: 224030720
      totalswap: 0
      freeswap: 0
      pagesize: 4096
      cpus: 64
      cpus-online: 64
      ticks-per-second: 100

metrics:
    - stressor: cpu
      bogo-ops: 616267
      bogo-ops-per-second-usr-sys-time: 481.723205
      bogo-ops-per-second-real-time: 30813.028974
      wall-clock-time: 20.000208
      user-time: 1279.268927
      system-time: 0.027968
      cpu-usage-per-instance: 99.944029
      max-rss: 512

...
