---
system-info:
      stress-ng-version: 0.17.08
      run-by: root
      date-yyyy-mm-dd: 2024:09:07
      time-hh-mm-ss: 22:52:45
      epoch-secs: 1725749565
      hostname: ip-172-31-45-163
      sysname: Linux
      nodename: ip-172-31-45-163
      release: 6.8.0-1014-aws
      version: '#15-Ubuntu SMP Thu Aug  8 19:13:06 UTC 2024'
      machine: x86_64
      compiler: 'musl-gcc 13.2.1'
      uptime: 236
      totalram: 1031432380416
      freeram: 1021673185280
      sharedram: 96288768
      bufferram: 223551488
      totalswap: 0
      freeswap: 0
      pagesize: 4096
      cpus: 64
      cpus-online: 64
      ticks-per-second: 100

metrics:
    - stressor: cpu
      bogo-ops: 584434
      bogo-ops-per-second-usr-sys-time: 456.873260
      bogo-ops-per-second-real-time: 29221.416054
      wall-clock-time: 20.000194
      user-time: 1279.173169
      system-time: 0.030609
      cpu-usage-per-instance: 99.936824
      max-rss: 512

...
