BaselineInfo:
  WebDBID: -1
  TimeStamp: 20241114173003
Version:
  Major: 11
  Minor: 0
  Build: 1002
  SpecialBuildName: ""
  ptArchitecture: aarch64_linux
Results:
  Results Complete: true
  NumTestProcesses: 1
  CPU_INTEGER_MATH: 3588.0086666666666
  CPU_FLOATINGPOINT_MATH: 1397.2148757077634
  CPU_PRIME: 4.2158067157998449
  CPU_SORTING: 1704.4338448416299
  CPU_ENCRYPTION: 96.313261764631818
  CPU_COMPRESSION: 2188.0653876414076
  CPU_SINGLETHREAD: 548.75216011666043
  CPU_PHYSICS: 76.976739235086143
  CPU_MATRIX_MULT_SSE: 238.71984344189684
  CPU_mm: 70.616941455643897
  CPU_sse: 181.61745003977924
  CPU_fma: 295.82223684401447
  CPU_avx: 0
  CPU_avx512: 0
  m_CPU_enc_SHA: 143685283.69750109
  m_CPU_enc_AES: 81866391.863931984
  m_CPU_enc_ECDSA: 77423648.742898643
  ME_ALLOC_S: 327.0438954500554
  ME_READ_S: 7983.271728515625
  ME_READ_L: 7614.88134765625
  ME_WRITE: 8375.751953125
  ME_LARGE: 577.5
  ME_LATENCY: 69.447808505684648
  ME_THREADED: 7603.3349609375
  SUMM_CPU: 387.3213722860196
  SUMM_ME: 672.83443538437723
SystemInformation:
  OSName: Ubuntu 24.04.1 LTS
  Kernel: 6.8.0-1018-aws
  Device: ""
  Processor: ARM Cortex-A72 1 Core 0 MHz
  NumSockets: 1
  Manufacturer: ARM
  NumCores: 1
  NumLogicals: 1
  CPUFrequency: 0
  Memory: 1799
Checksum: 0BD585187344C5679ACDC217AAB67850F93A4B10