BaselineInfo:
  WebDBID: -1
  TimeStamp: 20241106224341
Version:
  Major: 11
  Minor: 0
  Build: 1002
  SpecialBuildName: ""
  ptArchitecture: aarch64_linux
Results:
  Results Complete: true
  NumTestProcesses: 1
  CPU_INTEGER_MATH: 3580.4353333333333
  CPU_FLOATINGPOINT_MATH: 1397.2324094837736
  CPU_PRIME: 4.4336665878902384
  CPU_SORTING: 1687.7038434209426
  CPU_ENCRYPTION: 94.796780947426157
  CPU_COMPRESSION: 2181.6076566793126
  CPU_SINGLETHREAD: 547.81579467806296
  CPU_PHYSICS: 76.206233154942353
  CPU_MATRIX_MULT_SSE: 238.54658698479085
  CPU_mm: 70.488411987022985
  CPU_sse: 181.53475515615042
  CPU_fma: 295.55841881343127
  CPU_avx: 0
  CPU_avx512: 0
  m_CPU_enc_SHA: 139228420.83371776
  m_CPU_enc_AES: 80305782.100593656
  m_CPU_enc_ECDSA: 78670685.201873571
  ME_ALLOC_S: 312.76212024099817
  ME_READ_S: 8094.4875000000002
  ME_READ_L: 7723.58642578125
  ME_WRITE: 8256.5517578125
  ME_LARGE: 546
  ME_LATENCY: 68.947405659358296
  ME_THREADED: 7632.98486328125
  SUMM_CPU: 385.1159757383391
  SUMM_ME: 657.6588852324561
SystemInformation:
  OSName: Ubuntu 24.04.1 LTS
  Kernel: 6.8.0-1016-aws
  Device: ""
  Processor: ARM Cortex-A72 1 Core 0 MHz
  NumSockets: 1
  Manufacturer: ARM
  NumCores: 1
  NumLogicals: 1
  CPUFrequency: 0
  Memory: 1799
Checksum: 297D1DC27A0E0AA4CBEC899B1D4789655522ED04