BaselineInfo:
  WebDBID: -1
  TimeStamp: 20241115100355
Version:
  Major: 11
  Minor: 0
  Build: 1002
  SpecialBuildName: ""
  ptArchitecture: aarch64_linux
Results:
  Results Complete: true
  NumTestProcesses: 1
  CPU_INTEGER_MATH: 3565.123
  CPU_FLOATINGPOINT_MATH: 1377.3939307633159
  CPU_PRIME: 4.0985213659586304
  CPU_SORTING: 1716.872975988668
  CPU_ENCRYPTION: 96.30311282441734
  CPU_COMPRESSION: 2145.0159751531069
  CPU_SINGLETHREAD: 540.51314423063559
  CPU_PHYSICS: 73.869850777779632
  CPU_MATRIX_MULT_SSE: 230.58943914782458
  CPU_mm: 69.143492767608663
  CPU_sse: 177.28875634707245
  CPU_fma: 283.89012194857673
  CPU_avx: 0
  CPU_avx512: 0
  m_CPU_enc_SHA: 144009879.88226545
  m_CPU_enc_AES: 81072813.327563763
  m_CPU_enc_ECDSA: 77860705.289099514
  ME_ALLOC_S: 302.77808609789912
  ME_READ_S: 7839.5237792968746
  ME_READ_L: 7269.03515625
  ME_WRITE: 7995.8876953125
  ME_LARGE: 568.33333333333337
  ME_LATENCY: 72.376363515564137
  ME_THREADED: 7438.755859375
  SUMM_CPU: 381.77854496172699
  SUMM_ME: 652.11368377428926
SystemInformation:
  OSName: Ubuntu 24.04.1 LTS
  Kernel: 6.8.0-1018-aws
  Device: ""
  Processor: ARM Cortex-A72 1 Core 0 MHz
  NumSockets: 1
  Manufacturer: ARM
  NumCores: 1
  NumLogicals: 1
  CPUFrequency: 0
  Memory: 1799
Checksum: C353FD02850D2AA92DCF9A86342E573D4B0C7D5D