---
system-info:
      stress-ng-version: 0.17.08
      run-by: root
      date-yyyy-mm-dd: 2024:09:03
      time-hh-mm-ss: 07:25:44
      epoch-secs: 1725348344
      hostname: sc-runner
      sysname: Linux
      nodename: sc-runner
      release: 6.8.0-1013-azure
      version: '#15-Ubuntu SMP Thu Aug  8 18:40:40 UTC 2024'
      machine: x86_64
      compiler: 'musl-gcc 13.2.1'
      uptime: 339
      totalram: 33650917376
      freeram: 25075216384
      sharedram: 42086400
      bufferram: 211197952
      totalswap: 0
      freeswap: 0
      pagesize: 4096
      cpus: 8
      cpus-online: 8
      ticks-per-second: 100

metrics:
    - stressor: cpu
      bogo-ops: 198743
      bogo-ops-per-second-usr-sys-time: 1245.404827
      bogo-ops-per-second-real-time: 9937.106259
      wall-clock-time: 20.000088
      user-time: 159.568049
      system-time: 0.012993
      cpu-usage-per-instance: 99.737712
      max-rss: 3152

...
