BaselineInfo:
  WebDBID: -1
  TimeStamp: 20251016195704
Version:
  Major: 11
  Minor: 0
  Build: 1002
  SpecialBuildName: ""
  ptArchitecture: x86_64_linux
Results:
  Results Complete: true
  NumTestProcesses: 4
  CPU_INTEGER_MATH: 23917.628000000001
  CPU_FLOATINGPOINT_MATH: 21006.932343210687
  CPU_PRIME: 76.46072453217208
  CPU_SORTING: 15265.114316373685
  CPU_ENCRYPTION: 5135.524430686979
  CPU_COMPRESSION: 103914.34494135118
  CPU_SINGLETHREAD: 2859.7000134065756
  CPU_PHYSICS: 1377.4647369560837
  CPU_MATRIX_MULT_SSE: 9510.8154939094729
  CPU_mm: 1019.042124683916
  CPU_sse: 4476.3934359743562
  CPU_fma: 13401.025971161413
  CPU_avx: 11552.516788372577
  CPU_avx512: 8613.3257801295513
  m_CPU_enc_SHA: 7163122637.6822567
  m_CPU_enc_AES: 4538637903.617137
  m_CPU_enc_ECDSA: 4453202454.9966927
  ME_ALLOC_S: 4225.0827131732058
  ME_READ_S: 26865.204296874999
  ME_READ_L: 25912.265625
  ME_WRITE: 25797.494140625
  ME_LARGE: 1944.0833333333333
  ME_LATENCY: 70.784783549631541
  ME_THREADED: 98883.767578125
  SUMM_CPU: 10493.971542717709
  SUMM_ME: 1924.7582681602767
SystemInformation:
  OSName: Ubuntu 24.04.2 LTS
  Kernel: 6.8.0-79-generic
  Device: ""
  Processor: AMD EPYC-Genoa Processor
  NumSockets: 1
  Manufacturer: AuthenticAMD
  NumCores: 4
  NumLogicals: 4
  CPUFrequency: 0
  Memory: 7745
  MemModuleInfo:
    iNumMemSticks: 1
    DIMM 1:
      manufacturer: QEMU
      modulePartNo: Not Specified
      memType: RAM
      size: 8000
      clkspeed: 0
      moduleVoltage: 0
Checksum: 087D0651D002A8A0B88F5D0DD20BAB4621929C56