---
system-info:
      stress-ng-version: 0.17.08
      run-by: root
      date-yyyy-mm-dd: 2024:07:02
      time-hh-mm-ss: 20:52:54
      epoch-secs: 1719953574
      hostname: c2d-highmem-56-201f50f
      sysname: Linux
      nodename: c2d-highmem-56-201f50f
      release: 6.8.0-1009-gcp
      version: '#10-Ubuntu SMP Wed Jun 12 18:52:23 UTC 2024'
      machine: x86_64
      compiler: 'musl-gcc 13.2.1'
      uptime: 177
      totalram: 473178738688
      freeram: 467480563712
      sharedram: 35176448
      bufferram: 129990656
      totalswap: 0
      freeswap: 0
      pagesize: 4096
      cpus: 56
      cpus-online: 56
      ticks-per-second: 100

metrics:
    - stressor: cpu
      bogo-ops: 58131
      bogo-ops-per-second-usr-sys-time: 2906.561190
      bogo-ops-per-second-real-time: 2906.536591
      wall-clock-time: 20.000092
      user-time: 19.999923
      system-time: 0.000000
      cpu-usage-per-instance: 99.999154
      max-rss: 448

...
