---
system-info:
      stress-ng-version: 0.17.08
      run-by: root
      date-yyyy-mm-dd: 2024:06:06
      time-hh-mm-ss: 20:23:59
      epoch-secs: 1717705439
      hostname: f089043e4f10
      sysname: Linux
      nodename: f089043e4f10
      release: 6.8.0-1008-aws
      version: '#8-Ubuntu SMP Sat Apr 20 00:46:25 UTC 2024'
      machine: x86_64
      compiler: 'musl-gcc 13.2.1'
      uptime: 142
      totalram: 257734770688
      freeram: 252950876160
      sharedram: 64393216
      bufferram: 86659072
      totalswap: 0
      freeswap: 0
      pagesize: 4096
      cpus: 36
      cpus-online: 36
      ticks-per-second: 100

metrics:
    - stressor: cpu
      bogo-ops: 11528
      bogo-ops-per-second-usr-sys-time: 1152.680582
      bogo-ops-per-second-real-time: 1152.628575
      wall-clock-time: 10.001487
      user-time: 10.000037
      system-time: 0.000999
      cpu-usage-per-instance: 99.995488
      max-rss: 3796

...
