---
system-info:
      stress-ng-version: 0.17.08
      run-by: root
      date-yyyy-mm-dd: 2024:06:13
      time-hh-mm-ss: 03:56:22
      epoch-secs: 1718250982
      hostname: a9337f9521c2
      sysname: Linux
      nodename: a9337f9521c2
      release: 6.8.0-1008-aws
      version: '#8-Ubuntu SMP Sat Apr 20 00:46:25 UTC 2024'
      machine: x86_64
      compiler: 'musl-gcc 13.2.1'
      uptime: 196
      totalram: 257734758400
      freeram: 252751118336
      sharedram: 64393216
      bufferram: 112599040
      totalswap: 0
      freeswap: 0
      pagesize: 4096
      cpus: 36
      cpus-online: 36
      ticks-per-second: 100

metrics:
    - stressor: cpu
      bogo-ops: 14800
      bogo-ops-per-second-usr-sys-time: 740.054394
      bogo-ops-per-second-real-time: 739.995422
      wall-clock-time: 20.000124
      user-time: 19.998530
      system-time: 0.000000
      cpu-usage-per-instance: 99.992031
      max-rss: 916

...
