---
system-info:
      stress-ng-version: 0.17.08
      run-by: root
      date-yyyy-mm-dd: 2024:09:22
      time-hh-mm-ss: 21:17:51
      epoch-secs: 1727039871
      hostname: sc-runner
      sysname: Linux
      nodename: sc-runner
      release: 6.8.0-1014-azure
      version: '#16-Ubuntu SMP Thu Aug 15 20:04:41 UTC 2024'
      machine: x86_64
      compiler: 'musl-gcc 13.2.1'
      uptime: 310
      totalram: 135069118464
      freeram: 124686671872
      sharedram: 38154240
      bufferram: 257945600
      totalswap: 0
      freeswap: 0
      pagesize: 4096
      cpus: 8
      cpus-online: 8
      ticks-per-second: 100

metrics:
    - stressor: cpu
      bogo-ops: 216296
      bogo-ops-per-second-usr-sys-time: 1355.066793
      bogo-ops-per-second-real-time: 10814.760534
      wall-clock-time: 20.000073
      user-time: 159.605188
      system-time: 0.014988
      cpu-usage-per-instance: 99.762246
      max-rss: 1160

...
