---
system-info:
      stress-ng-version: 0.17.08
      run-by: root
      date-yyyy-mm-dd: 2024:09:16
      time-hh-mm-ss: 10:22:08
      epoch-secs: 1726482128
      hostname: sc-runner
      sysname: Linux
      nodename: sc-runner
      release: 6.8.0-1014-azure
      version: '#16-Ubuntu SMP Thu Aug 15 21:06:50 UTC 2024'
      machine: aarch64
      compiler: 'musl-gcc 13.2.1'
      uptime: 299
      totalram: 67294597120
      freeram: 57222549504
      sharedram: 38178816
      bufferram: 234393600
      totalswap: 0
      freeswap: 0
      pagesize: 4096
      cpus: 8
      cpus-online: 8
      ticks-per-second: 100

metrics:
    - stressor: cpu
      bogo-ops: 290101
      bogo-ops-per-second-usr-sys-time: 1816.536154
      bogo-ops-per-second-real-time: 14505.002622
      wall-clock-time: 20.000065
      user-time: 159.692102
      system-time: 0.007995
      cpu-usage-per-instance: 99.812235
      max-rss: 1320

...
