BaselineInfo:
  WebDBID: -1
  TimeStamp: 20250422220104
Version:
  Major: 11
  Minor: 0
  Build: 1002
  SpecialBuildName: ""
  ptArchitecture: x86_64_linux
Results:
  Results Complete: true
  NumTestProcesses: 48
  CPU_INTEGER_MATH: 199802.96966666673
  CPU_FLOATINGPOINT_MATH: 109828.94872786004
  CPU_PRIME: 292.04712396662984
  CPU_SORTING: 105979.29608944766
  CPU_ENCRYPTION: 51487.586457320591
  CPU_COMPRESSION: 753486.14108646789
  CPU_SINGLETHREAD: 2441.5822852109741
  CPU_PHYSICS: 5392.968750713022
  CPU_MATRIX_MULT_SSE: 45042.864753748683
  CPU_mm: 5405.88407201687
  CPU_sse: 22949.744178015495
  CPU_fma: 62415.735591836252
  CPU_avx: 49763.114491394306
  CPU_avx512: 0
  m_CPU_enc_SHA: 74646986107.964844
  m_CPU_enc_AES: 47759508865.087166
  m_CPU_enc_ECDSA: 39559447398.162178
  ME_ALLOC_S: 20320.797094072957
  ME_READ_S: 24757.451562499999
  ME_READ_L: 20810.849609375
  ME_WRITE: 20552.619140625
  ME_LARGE: 665788.83333333337
  ME_LATENCY: 62.59732296114101
  ME_THREADED: 113774.35546875
  SUMM_CPU: 51926.648064820634
  SUMM_ME: 2970.8185844813497
SystemInformation:
  OSName: Ubuntu 24.04.2 LTS
  Kernel: 6.11.0-1012-azure
  Device: ""
  Processor: AMD EPYC 7763 64-Core Processor
  NumSockets: 1
  Manufacturer: AuthenticAMD
  NumCores: 24
  NumLogicals: 48
  CPUFrequency: 0
  Memory: 677242
  MemModuleInfo:
    iNumMemSticks: 5
    DIMM 1:
      manufacturer: Microsoft Corporation
      modulePartNo: None
      memType: Unknown
      size: 1
      clkspeed: 0
      moduleVoltage: 0
    DIMM 2:
      manufacturer: Microsoft Corporation
      modulePartNo: None
      memType: Unknown
      size: 60928
      clkspeed: 0
      moduleVoltage: 0
    DIMM 3:
      manufacturer: Microsoft Corporation
      modulePartNo: None
      memType: Unknown
      size: 167424
      clkspeed: 0
      moduleVoltage: 0
    DIMM 4:
      manufacturer: Microsoft Corporation
      modulePartNo: None
      memType: Unknown
      size: 224
      clkspeed: 0
      moduleVoltage: 0
    DIMM 5:
      manufacturer: Microsoft Corporation
      modulePartNo: None
      memType: Unknown
      size: 224
      clkspeed: 0
      moduleVoltage: 0
Checksum: 9DA7E5193FF52DFC4ECDAC490213F7EEAF752086