BaselineInfo:
  WebDBID: -1
  TimeStamp: 20241109191954
Version:
  Major: 11
  Minor: 0
  Build: 1002
  SpecialBuildName: ""
  ptArchitecture: x86_64_linux
Results:
  Results Complete: true
  NumTestProcesses: 96
  CPU_INTEGER_MATH: 398726.62799999991
  CPU_FLOATINGPOINT_MATH: 219229.03021550336
  CPU_PRIME: 525.06137686872682
  CPU_SORTING: 186093.53565215014
  CPU_ENCRYPTION: 102892.70518629174
  CPU_COMPRESSION: 1490262.9605368574
  CPU_SINGLETHREAD: 2546.6923600522318
  CPU_PHYSICS: 7227.9179357302091
  CPU_MATRIX_MULT_SSE: 78129.251355475935
  CPU_mm: 9767.8458163965879
  CPU_sse: 40299.990584974395
  CPU_fma: 105611.90347240468
  CPU_avx: 88475.860009048731
  CPU_avx512: 0
  m_CPU_enc_SHA: 149109236894.77072
  m_CPU_enc_AES: 95368621132.601105
  m_CPU_enc_ECDSA: 79194605672.891296
  ME_ALLOC_S: 26176.816918141623
  ME_READ_S: 26142.762500000001
  ME_READ_L: 21601.462890625
  ME_WRITE: 20713.431640625
  ME_LARGE: 663335.08333333337
  ME_LATENCY: 62.524499009095386
  ME_THREADED: 171165.341796875
  SUMM_CPU: 78705.258377986538
  SUMM_ME: 3059.5701471568477
SystemInformation:
  OSName: Ubuntu 24.04.1 LTS
  Kernel: 6.8.0-1017-azure
  Device: ""
  Processor: AMD EPYC 7763 64-Core Processor
  NumSockets: 1
  Manufacturer: AuthenticAMD
  NumCores: 48
  NumLogicals: 96
  CPUFrequency: 0
  Memory: 677225
  MemModuleInfo:
    iNumMemSticks: 4
    DIMM 1:
      manufacturer: Microsoft Corporation
      modulePartNo: None
      memType: Unknown
      size: 1
      clkspeed: 0
      moduleVoltage: 0
    DIMM 2:
      manufacturer: Microsoft Corporation
      modulePartNo: None
      memType: Unknown
      size: 59
      clkspeed: 0
      moduleVoltage: 0
    DIMM 3:
      manufacturer: Microsoft Corporation
      modulePartNo: None
      memType: Unknown
      size: 276
      clkspeed: 0
      moduleVoltage: 0
    DIMM 4:
      manufacturer: Microsoft Corporation
      modulePartNo: None
      memType: Unknown
      size: 336
      clkspeed: 0
      moduleVoltage: 0
Checksum: 2057CF0FA6A73A451F77985875386BD98578B5EC