---
system-info:
      stress-ng-version: 0.17.08
      run-by: root
      date-yyyy-mm-dd: 2024:06:20
      time-hh-mm-ss: 23:50:47
      epoch-secs: 1718927447
      hostname: 6b7e716e38fd
      sysname: Linux
      nodename: 6b7e716e38fd
      release: 6.8.0-1008-gcp
      version: '#9-Ubuntu SMP Wed May 22 18:09:04 UTC 2024'
      machine: x86_64
      compiler: 'musl-gcc 13.2.1'
      uptime: 170
      totalram: 4102660096
      freeram: 226402304
      sharedram: 18202624
      bufferram: 131674112
      totalswap: 0
      freeswap: 0
      pagesize: 4096
      cpus: 4
      cpus-online: 4
      ticks-per-second: 100

metrics:
    - stressor: cpu
      bogo-ops: 53667
      bogo-ops-per-second-usr-sys-time: 2683.566161
      bogo-ops-per-second-real-time: 2683.336341
      wall-clock-time: 20.000102
      user-time: 19.997389
      system-time: 0.001000
      cpu-usage-per-instance: 99.991436
      max-rss: 1104

...
