---
system-info:
      stress-ng-version: 0.17.08
      run-by: root
      date-yyyy-mm-dd: 2024:06:13
      time-hh-mm-ss: 21:40:45
      epoch-secs: 1718314845
      hostname: 568349d893db
      sysname: Linux
      nodename: 568349d893db
      release: 6.8.0-1008-aws
      version: '#8-Ubuntu SMP Sat Apr 20 02:43:14 UTC 2024'
      machine: aarch64
      compiler: 'musl-gcc 13.2.1'
      uptime: 139
      totalram: 33220165632
      freeram: 28897566720
      sharedram: 35016704
      bufferram: 105005056
      totalswap: 0
      freeswap: 0
      pagesize: 4096
      cpus: 8
      cpus-online: 8
      ticks-per-second: 100

metrics:
    - stressor: cpu
      bogo-ops: 242412
      bogo-ops-per-second-usr-sys-time: 1518.441641
      bogo-ops-per-second-real-time: 12120.574462
      wall-clock-time: 20.000042
      user-time: 159.635258
      system-time: 0.009995
      cpu-usage-per-instance: 99.778073
      max-rss: 1192

...
