---
system-info:
      stress-ng-version: 0.17.08
      run-by: root
      date-yyyy-mm-dd: 2024:06:08
      time-hh-mm-ss: 08:40:57
      epoch-secs: 1717836057
      hostname: e51cce7f2c96
      sysname: Linux
      nodename: e51cce7f2c96
      release: 6.8.0-1008-aws
      version: '#8-Ubuntu SMP Sat Apr 20 02:43:14 UTC 2024'
      machine: aarch64
      compiler: 'musl-gcc 13.2.1'
      uptime: 132
      totalram: 33220161536
      freeram: 28861288448
      sharedram: 35016704
      bufferram: 97361920
      totalswap: 0
      freeswap: 0
      pagesize: 4096
      cpus: 8
      cpus-online: 8
      ticks-per-second: 100

metrics:
    - stressor: cpu
      bogo-ops: 22278
      bogo-ops-per-second-usr-sys-time: 278.209327
      bogo-ops-per-second-real-time: 2219.580942
      wall-clock-time: 10.037030
      user-time: 80.063403
      system-time: 0.012992
      cpu-usage-per-instance: 99.726210
      max-rss: 4136

...
