---
system-info:
      stress-ng-version: 0.17.08
      run-by: root
      date-yyyy-mm-dd: 2024:06:15
      time-hh-mm-ss: 03:24:42
      epoch-secs: 1718421882
      hostname: 4c9e2c16ac09
      sysname: Linux
      nodename: 4c9e2c16ac09
      release: 6.8.0-1008-aws
      version: '#8-Ubuntu SMP Sat Apr 20 00:46:25 UTC 2024'
      machine: x86_64
      compiler: 'musl-gcc 13.2.1'
      uptime: 137
      totalram: 66330988544
      freeram: 61880160256
      sharedram: 59908096
      bufferram: 109826048
      totalswap: 0
      freeswap: 0
      pagesize: 4096
      cpus: 16
      cpus-online: 16
      ticks-per-second: 100

metrics:
    - stressor: cpu
      bogo-ops: 37822
      bogo-ops-per-second-usr-sys-time: 1891.049036
      bogo-ops-per-second-real-time: 1891.088616
      wall-clock-time: 20.000120
      user-time: 20.000539
      system-time: 0.000000
      cpu-usage-per-instance: 100.002093
      max-rss: 1104

...
