---
system-info:
      stress-ng-version: 0.17.08
      run-by: root
      date-yyyy-mm-dd: 2024:06:08
      time-hh-mm-ss: 18:55:30
      epoch-secs: 1717872930
      hostname: 35b12536625b
      sysname: Linux
      nodename: 35b12536625b
      release: 6.8.0-1008-aws
      version: '#8-Ubuntu SMP Sat Apr 20 00:46:25 UTC 2024'
      machine: x86_64
      compiler: 'musl-gcc 13.2.1'
      uptime: 117
      totalram: 66330980352
      freeram: 61775171584
      sharedram: 59908096
      bufferram: 105242624
      totalswap: 0
      freeswap: 0
      pagesize: 4096
      cpus: 16
      cpus-online: 16
      ticks-per-second: 100

metrics:
    - stressor: cpu
      bogo-ops: 16594
      bogo-ops-per-second-usr-sys-time: 1659.285012
      bogo-ops-per-second-real-time: 1659.286185
      wall-clock-time: 10.000686
      user-time: 9.999694
      system-time: 0.000999
      cpu-usage-per-instance: 100.000071
      max-rss: 3792

...
