BaselineInfo:
  WebDBID: -1
  TimeStamp: 20260404093916
Version:
  Major: 11
  Minor: 0
  Build: 1004
  SpecialBuildName: ""
  ptArchitecture: x86_64_linux
Results:
  Results Complete: true
  NumTestProcesses: 4
  CPU_INTEGER_MATH: 9801.5736666666671
  CPU_FLOATINGPOINT_MATH: 5278.2326601083696
  CPU_PRIME: 25.616792719126018
  CPU_SORTING: 6071.0271134790846
  CPU_ENCRYPTION: 1360.8454654354052
  CPU_COMPRESSION: 45837.772907893595
  CPU_SINGLETHREAD: 1656.7319325317651
  CPU_PHYSICS: 463.55468452187824
  CPU_MATRIX_MULT_SSE: 2972.5996207271614
  CPU_mm: 299.00165332327629
  CPU_sse: 1069.2028233970991
  CPU_fma: 3647.8667777532955
  CPU_avx: 2579.4402196183141
  CPU_avx512: 4593.8886621399379
  m_CPU_enc_SHA: 444199783.26551497
  m_CPU_enc_AES: 3434964949.6754875
  m_CPU_enc_ECDSA: 401684951.35218412
  ME_ALLOC_S: 1105.520175957472
  ME_READ_S: 19288.464453125001
  ME_READ_L: 6868.14990234375
  ME_WRITE: 7236.4111328125
  ME_LARGE: 18961.833333333332
  ME_LATENCY: 74.575055987255155
  ME_THREADED: 19952.44482421875
  SUMM_CPU: 3635.883996245564
  SUMM_ME: 1583.0139193535085
SystemInformation:
  OSName: Ubuntu 24.04.4 LTS
  Kernel: 6.8.0-106-generic
  Device: ""
  Processor: Intel(R) Xeon(R) Platinum 8269CY CPU @ 2.50GHz
  NumSockets: 1
  Manufacturer: GenuineIntel
  NumCores: 2
  NumLogicals: 4
  CPUFrequency: 0
  CPUMaxFrequency: 0
  Memory: 31711
  CPUInfo:
    number: 1
    Family: 6
    Model: 5
    stepping: 7
    features: 529267711
    manufacture: GenuineIntel
    typestring: Intel(R) Xeon(R) Platinum 8269CY CPU @ 2.50GHz
    iCoresPerPackage: 2
    iThreadsPerPackage: 2
    featuresEx:
      - 529267711
      - 4277809667
      - 739248128
    bHybrid: false
    nPCore: 0
    nLogicalsPerPCore: 0
    nECore: 0
    nLogicalsPerECore: 0
  MemModuleInfo:
    iNumMemSticks: 2
    DIMM 1:
      manufacturer: Alibaba Cloud
      modulePartNo: Not Specified
      memType: RAM
      size: 16
      clkspeed: 0
      moduleVoltage: 0
    DIMM 2:
      manufacturer: Alibaba Cloud
      modulePartNo: Not Specified
      memType: RAM
      size: 16
      clkspeed: 0
      moduleVoltage: 0
Checksum: 266BDD3E204457083D11D1E6367719ECFCF7139E