---
system-info:
      stress-ng-version: 0.17.08
      run-by: root
      date-yyyy-mm-dd: 2024:06:14
      time-hh-mm-ss: 22:19:21
      epoch-secs: 1718403561
      hostname: b36ee3f68391
      sysname: Linux
      nodename: b36ee3f68391
      release: 6.8.0-31-generic
      version: '#31-Ubuntu SMP PREEMPT_DYNAMIC Sat Apr 20 00:40:06 UTC 2024'
      machine: x86_64
      compiler: 'musl-gcc 13.2.1'
      uptime: 84
      totalram: 65834954752
      freeram: 62157963264
      sharedram: 38133760
      bufferram: 125489152
      totalswap: 0
      freeswap: 0
      pagesize: 4096
      cpus: 16
      cpus-online: 16
      ticks-per-second: 100

metrics:
    - stressor: cpu
      bogo-ops: 490175
      bogo-ops-per-second-usr-sys-time: 1533.999329
      bogo-ops-per-second-real-time: 24508.691110
      wall-clock-time: 20.000048
      user-time: 319.516572
      system-time: 0.023985
      cpu-usage-per-instance: 99.856184
      max-rss: 976

...
