---
system-info:
      stress-ng-version: 0.17.08
      run-by: root
      date-yyyy-mm-dd: 2024:06:10
      time-hh-mm-ss: 07:52:50
      epoch-secs: 1718005970
      hostname: 4d9a68e4997d
      sysname: Linux
      nodename: 4d9a68e4997d
      release: 6.8.0-31-generic
      version: '#31-Ubuntu SMP PREEMPT_DYNAMIC Sat Apr 20 00:40:06 UTC 2024'
      machine: x86_64
      compiler: 'musl-gcc 13.2.1'
      uptime: 81
      totalram: 65834954752
      freeram: 61980237824
      sharedram: 38125568
      bufferram: 135462912
      totalswap: 0
      freeswap: 0
      pagesize: 4096
      cpus: 16
      cpus-online: 16
      ticks-per-second: 100

metrics:
    - stressor: cpu
      bogo-ops: 214963
      bogo-ops-per-second-usr-sys-time: 1345.483459
      bogo-ops-per-second-real-time: 21493.295083
      wall-clock-time: 10.001398
      user-time: 159.727379
      system-time: 0.038985
      cpu-usage-per-instance: 99.840019
      max-rss: 4048

...
