BaselineInfo:
  WebDBID: -1
  TimeStamp: 20241107130330
Version:
  Major: 11
  Minor: 0
  Build: 1002
  SpecialBuildName: ""
  ptArchitecture: x86_64_linux
Results:
  Results Complete: true
  NumTestProcesses: 4
  CPU_INTEGER_MATH: 9770.4283333333333
  CPU_FLOATINGPOINT_MATH: 6010.8684180395812
  CPU_PRIME: 20.835566029470542
  CPU_SORTING: 5258.332167455651
  CPU_ENCRYPTION: 1349.6175174213058
  CPU_COMPRESSION: 43801.002005783652
  CPU_SINGLETHREAD: 1636.5211417828082
  CPU_PHYSICS: 450.78902179879503
  CPU_MATRIX_MULT_SSE: 2388.0327708058476
  CPU_mm: 303.90150665400972
  CPU_sse: 1136.292398852637
  CPU_fma: 3630.7143818391555
  CPU_avx: 2397.0915317257509
  CPU_avx512: 0
  m_CPU_enc_SHA: 441726293.54179585
  m_CPU_enc_AES: 3411033382.4849854
  m_CPU_enc_ECDSA: 392769937.81590873
  ME_ALLOC_S: 1230.3751827580211
  ME_READ_S: 19273.181445312501
  ME_READ_L: 9929.015625
  ME_WRITE: 9253.63671875
  ME_LARGE: 4974.666666666667
  ME_LATENCY: 54.335747895977363
  ME_THREADED: 23931.078125
  SUMM_CPU: 3497.4139727610636
  SUMM_ME: 1809.6650837451375
SystemInformation:
  OSName: Ubuntu 24.04.1 LTS
  Kernel: 6.8.0-1015-gcp
  Device: ""
  Processor: Intel Xeon CPU @ 2.30GHz
  NumSockets: 1
  Manufacturer: GenuineIntel
  NumCores: 2
  NumLogicals: 4
  CPUFrequency: 0
  Memory: 14982
  MemModuleInfo:
    iNumMemSticks: 1
    DIMM 1:
      manufacturer: ""
      modulePartNo: ""
      memType: RAM
      size: 15
      clkspeed: 0
      moduleVoltage: 0
Checksum: 50BC69D3AD20D1F45ECB6D3DDB2CDC422A50BE0E