---
system-info:
      stress-ng-version: 0.17.08
      run-by: root
      date-yyyy-mm-dd: 2024:09:16
      time-hh-mm-ss: 19:00:43
      epoch-secs: 1726513243
      hostname: sc-runner
      sysname: Linux
      nodename: sc-runner
      release: 6.8.0-1014-azure
      version: '#16-Ubuntu SMP Thu Aug 15 21:06:50 UTC 2024'
      machine: aarch64
      compiler: 'musl-gcc 13.2.1'
      uptime: 300
      totalram: 168458100736
      freeram: 157952090112
      sharedram: 38285312
      bufferram: 255082496
      totalswap: 0
      freeswap: 0
      pagesize: 4096
      cpus: 20
      cpus-online: 20
      ticks-per-second: 100

metrics:
    - stressor: cpu
      bogo-ops: 720529
      bogo-ops-per-second-usr-sys-time: 1802.879349
      bogo-ops-per-second-real-time: 36026.315663
      wall-clock-time: 20.000075
      user-time: 399.634598
      system-time: 0.019988
      cpu-usage-per-instance: 99.913274
      max-rss: 1324

...
