BaselineInfo:
  WebDBID: -1
  TimeStamp: 20260404210316
Version:
  Major: 11
  Minor: 0
  Build: 1004
  SpecialBuildName: ""
  ptArchitecture: x86_64_linux
Results:
  Results Complete: true
  NumTestProcesses: 16
  CPU_INTEGER_MATH: 67442.66333333333
  CPU_FLOATINGPOINT_MATH: 34486.088744487461
  CPU_PRIME: 131.14535472582997
  CPU_SORTING: 35049.951906850154
  CPU_ENCRYPTION: 14649.715166889046
  CPU_COMPRESSION: 246932.57643391404
  CPU_SINGLETHREAD: 2367.9725912006274
  CPU_PHYSICS: 2281.9310127560857
  CPU_MATRIX_MULT_SSE: 14117.684345881835
  CPU_mm: 1453.47282819158
  CPU_sse: 6392.2646413166904
  CPU_fma: 17511.963218193945
  CPU_avx: 12976.178098688264
  CPU_avx512: 19590.331425328441
  m_CPU_enc_SHA: 14769211647.584826
  m_CPU_enc_AES: 22257606653.634644
  m_CPU_enc_ECDSA: 9057200891.2880783
  ME_ALLOC_S: 7705.6997588987988
  ME_READ_S: 23919.3779296875
  ME_READ_L: 11190.4462890625
  ME_WRITE: 10453.5390625
  ME_LARGE: 48164.083333333336
  ME_LATENCY: 62.180004134538898
  ME_THREADED: 89467.79833984375
  SUMM_CPU: 21137.682036683818
  SUMM_ME: 2440.8488158559826
SystemInformation:
  OSName: Ubuntu 24.04.4 LTS
  Kernel: 6.8.0-106-generic
  Device: ""
  Processor: Intel(R) Xeon(R) Platinum 8369B CPU @ 2.70GHz
  NumSockets: 1
  Manufacturer: GenuineIntel
  NumCores: 8
  NumLogicals: 16
  CPUFrequency: 0
  CPUMaxFrequency: 0
  Memory: 61866
  CPUInfo:
    number: 1
    Family: 6
    Model: 10
    stepping: 6
    features: 529267711
    manufacture: GenuineIntel
    typestring: Intel(R) Xeon(R) Platinum 8369B CPU @ 2.70GHz
    iCoresPerPackage: 8
    iThreadsPerPackage: 2
    featuresEx:
      - 529267711
      - 4277809667
      - 739248128
    bHybrid: false
    nPCore: 0
    nLogicalsPerPCore: 0
    nECore: 0
    nLogicalsPerECore: 0
  MemModuleInfo:
    iNumMemSticks: 4
    DIMM 1:
      manufacturer: Alibaba Cloud
      modulePartNo: Not Specified
      memType: RAM
      size: 16
      clkspeed: 0
      moduleVoltage: 0
    DIMM 2:
      manufacturer: Alibaba Cloud
      modulePartNo: Not Specified
      memType: RAM
      size: 16
      clkspeed: 0
      moduleVoltage: 0
    DIMM 3:
      manufacturer: Alibaba Cloud
      modulePartNo: Not Specified
      memType: RAM
      size: 16
      clkspeed: 0
      moduleVoltage: 0
    DIMM 4:
      manufacturer: Alibaba Cloud
      modulePartNo: Not Specified
      memType: RAM
      size: 16
      clkspeed: 0
      moduleVoltage: 0
Checksum: 549DE012E5E87E49ECD476A1570DF7FFCF7F34EE