BaselineInfo:
  WebDBID: -1
  TimeStamp: 20241108185926
Version:
  Major: 11
  Minor: 0
  Build: 1002
  SpecialBuildName: ""
  ptArchitecture: aarch64_linux
Results:
  Results Complete: true
  NumTestProcesses: 64
  CPU_INTEGER_MATH: 292330.59566666675
  CPU_FLOATINGPOINT_MATH: 222659.24248723171
  CPU_PRIME: 237.66264300549506
  CPU_SORTING: 197354.45004012465
  CPU_ENCRYPTION: 10157.853368073456
  CPU_COMPRESSION: 353390.57491742767
  CPU_SINGLETHREAD: 1334.3226967442279
  CPU_PHYSICS: 3911.1778580174614
  CPU_MATRIX_MULT_SSE: 46074.224207223298
  CPU_mm: 7736.124525738287
  CPU_sse: 38418.493140180377
  CPU_fma: 53729.955274266242
  CPU_avx: 0
  CPU_avx512: 0
  m_CPU_enc_SHA: 15247811836.568138
  m_CPU_enc_AES: 7031428119.1725817
  m_CPU_enc_ECDSA: 9674603804.1022778
  ME_ALLOC_S: 21305.353169053185
  ME_READ_S: 11379.97353515625
  ME_READ_L: 9133.1572265625
  ME_WRITE: 15051.2294921875
  ME_LARGE: 115118
  ME_LATENCY: 69.786667538998856
  ME_THREADED: 180487.67236328125
  SUMM_CPU: 32602.643473921613
  SUMM_ME: 1985.5459577843405
SystemInformation:
  OSName: Ubuntu 24.04.1 LTS
  Kernel: 6.8.0-1017-azure
  Device: ""
  Processor: ARM Neoverse-N1 64 Core 0 MHz
  NumSockets: 1
  Manufacturer: ARM
  NumCores: 64
  NumLogicals: 64
  CPUFrequency: 0
  Memory: 128543
Checksum: 60A5D5D9979B6DDE38A302C0179752480D060580