---
system-info:
      stress-ng-version: 0.17.08
      run-by: root
      date-yyyy-mm-dd: 2024:06:19
      time-hh-mm-ss: 16:15:34
      epoch-secs: 1718813734
      hostname: 1b8c9b00e7c6
      sysname: Linux
      nodename: 1b8c9b00e7c6
      release: 6.8.0-1008-gcp
      version: '#9-Ubuntu SMP Wed May 22 18:09:04 UTC 2024'
      machine: x86_64
      compiler: 'musl-gcc 13.2.1'
      uptime: 167
      totalram: 33652195328
      freeram: 28558852096
      sharedram: 34992128
      bufferram: 128733184
      totalswap: 0
      freeswap: 0
      pagesize: 4096
      cpus: 8
      cpus-online: 8
      ticks-per-second: 100

metrics:
    - stressor: cpu
      bogo-ops: 53753
      bogo-ops-per-second-usr-sys-time: 2687.674861
      bogo-ops-per-second-real-time: 2687.639075
      wall-clock-time: 20.000081
      user-time: 19.999815
      system-time: 0.000000
      cpu-usage-per-instance: 99.998669
      max-rss: 976

...
