---
system-info:
      stress-ng-version: 0.17.08
      run-by: root
      date-yyyy-mm-dd: 2024:07:03
      time-hh-mm-ss: 03:30:46
      epoch-secs: 1719977446
      hostname: n4-standard-64-587eefd
      sysname: Linux
      nodename: n4-standard-64-587eefd
      release: 6.8.0-1009-gcp
      version: '#10-Ubuntu SMP Wed Jun 12 18:52:23 UTC 2024'
      machine: x86_64
      compiler: 'musl-gcc 13.2.1'
      uptime: 122
      totalram: 270237765632
      freeram: 264433016832
      sharedram: 274575360
      bufferram: 129527808
      totalswap: 0
      freeswap: 0
      pagesize: 4096
      cpus: 64
      cpus-online: 64
      ticks-per-second: 100

metrics:
    - stressor: cpu
      bogo-ops: 1036535
      bogo-ops-per-second-usr-sys-time: 810.026972
      bogo-ops-per-second-real-time: 51826.509185
      wall-clock-time: 20.000093
      user-time: 1279.612240
      system-time: 0.017989
      cpu-usage-per-instance: 99.970647
      max-rss: 512

...
