BaselineInfo:
  WebDBID: -1
  TimeStamp: 20250527083244
Version:
  Major: 11
  Minor: 0
  Build: 1002
  SpecialBuildName: ""
  ptArchitecture: x86_64_linux
Results:
  Results Complete: true
  NumTestProcesses: 48
  CPU_INTEGER_MATH: 255163.65766666661
  CPU_FLOATINGPOINT_MATH: 180804.30742905539
  CPU_PRIME: 512.0990390136991
  CPU_SORTING: 126403.45797192225
  CPU_ENCRYPTION: 56056.190646678202
  CPU_COMPRESSION: 913368.24363570008
  CPU_SINGLETHREAD: 3248.6136172707552
  CPU_PHYSICS: 11780.73435720759
  CPU_MATRIX_MULT_SSE: 75791.682924002016
  CPU_mm: 7220.9696634206548
  CPU_sse: 31219.203823425025
  CPU_fma: 82733.475117148308
  CPU_avx: 63837.21599543815
  CPU_avx512: 125376.83675999659
  m_CPU_enc_SHA: 59410459727.293793
  m_CPU_enc_AES: 77365557134.513153
  m_CPU_enc_ECDSA: 39561511628.786819
  ME_ALLOC_S: 28908.888861578962
  ME_READ_S: 29429.730859374999
  ME_READ_L: 10817.3828125
  ME_WRITE: 10194.9326171875
  ME_LARGE: 1004085
  ME_LATENCY: 56.532611430255251
  ME_THREADED: 405643.5869140625
  SUMM_CPU: 70724.117606598273
  SUMM_ME: 2771.6733436038598
SystemInformation:
  OSName: Ubuntu 24.04.2 LTS
  Kernel: 6.11.0-1015-azure
  Device: ""
  Processor: INTEL XEON PLATINUM 8573C
  NumSockets: 2
  Manufacturer: GenuineIntel
  NumCores: 24
  NumLogicals: 48
  CPUFrequency: 2300
  Memory: 1015935
  MemModuleInfo:
    iNumMemSticks: 4
    DIMM 1:
      manufacturer: Microsoft Corporation
      modulePartNo: None
      memType: Unknown
      size: 1
      clkspeed: 0
      moduleVoltage: 0
    DIMM 2:
      manufacturer: Microsoft Corporation
      modulePartNo: None
      memType: Unknown
      size: 59
      clkspeed: 0
      moduleVoltage: 0
    DIMM 3:
      manufacturer: Microsoft Corporation
      modulePartNo: None
      memType: Unknown
      size: 444
      clkspeed: 0
      moduleVoltage: 0
    DIMM 4:
      manufacturer: Microsoft Corporation
      modulePartNo: None
      memType: Unknown
      size: 504
      clkspeed: 0
      moduleVoltage: 0
Checksum: 9DEF278909ABB33C847C79A57C64A5BF74D9FB79