---
system-info:
      stress-ng-version: 0.17.08
      run-by: root
      date-yyyy-mm-dd: 2024:07:30
      time-hh-mm-ss: 07:50:04
      epoch-secs: 1722325804
      hostname: instance-20240730-074050
      sysname: Linux
      nodename: instance-20240730-074050
      release: 6.1.0-22-cloud-amd64
      version: '#1 SMP PREEMPT_DYNAMIC Debian 6.1.94-1 (2024-06-21)'
      machine: x86_64
      compiler: 'musl-gcc 13.2.1'
      uptime: 461
      totalram: 6223115354112
      freeram: 6206196576256
      sharedram: 324710400
      bufferram: 140390400
      totalswap: 0
      freeswap: 0
      pagesize: 4096
      cpus: 416
      cpus-online: 416
      ticks-per-second: 100

metrics:
    - stressor: cpu
      bogo-ops: 27024
      bogo-ops-per-second-usr-sys-time: 1351.703307
      bogo-ops-per-second-real-time: 1351.190593
      wall-clock-time: 20.000139
      user-time: 19.988555
      system-time: 0.003998
      cpu-usage-per-instance: 99.962069
      max-rss: 2496

...
