BaselineInfo:
  WebDBID: -1
  TimeStamp: 20260612135246
Version:
  Major: 11
  Minor: 0
  Build: 1004
  SpecialBuildName: ""
  ptArchitecture: x86_64_linux
Results:
  Results Complete: true
  NumTestProcesses: 8
  CPU_INTEGER_MATH: 49431.170333333343
  CPU_FLOATINGPOINT_MATH: 39768.721461106768
  CPU_PRIME: 147.52680128647953
  CPU_SORTING: 28885.94600692411
  CPU_ENCRYPTION: 10569.710446015055
  CPU_COMPRESSION: 208267.31296434029
  CPU_SINGLETHREAD: 2821.592923258449
  CPU_PHYSICS: 2709.3100215542554
  CPU_MATRIX_MULT_SSE: 18387.915200788997
  CPU_mm: 1888.0471811584935
  CPU_sse: 8591.4085891947889
  CPU_fma: 27965.845735997224
  CPU_avx: 18606.49127717498
  CPU_avx512: 0
  m_CPU_enc_SHA: 14818831996.140057
  m_CPU_enc_AES: 9425231569.6404972
  m_CPU_enc_ECDSA: 9005370536.1414948
  ME_ALLOC_S: 4082.1260138717216
  ME_READ_S: 28085.63671875
  ME_READ_L: 17544.857421875
  ME_WRITE: 18014.2578125
  ME_LARGE: 7835.75
  ME_LATENCY: 60.78667226742315
  ME_THREADED: 110402.693359375
  SUMM_CPU: 19815.413734941489
  SUMM_ME: 2593.7755910986803
SystemInformation:
  OSName: Ubuntu 24.04.4 LTS
  Kernel: 6.8.0-124-generic
  Device: ""
  Processor: AMD EPYC-Rome Processor
  NumSockets: 1
  Manufacturer: AuthenticAMD
  NumCores: 4
  NumLogicals: 8
  CPUFrequency: 0
  CPUMaxFrequency: 0
  Memory: 15985
  CPUInfo:
    number: 1
    Family: 15
    Model: 1
    stepping: 0
    features: 395049983
    manufacture: AuthenticAMD
    typestring: AMD EPYC-Rome Processor
    iCoresPerPackage: 4
    iThreadsPerPackage: 2
    featuresEx:
      - 395049983
      - 4277678595
      - 802421759
    bHybrid: false
    nPCore: 0
    nLogicalsPerPCore: 0
    nECore: 0
    nLogicalsPerECore: 0
  MemModuleInfo:
    iNumMemSticks: 1
    DIMM 1:
      manufacturer: QEMU
      modulePartNo: Not Specified
      memType: RAM
      size: 16
      clkspeed: 0
      moduleVoltage: 0
Checksum: 7FC773D4208B8878CE2AC701697896856B70FC8B