---
system-info:
      stress-ng-version: 0.17.08
      run-by: root
      date-yyyy-mm-dd: 2024:06:14
      time-hh-mm-ss: 20:42:10
      epoch-secs: 1718397730
      hostname: 5860ff60c073
      sysname: Linux
      nodename: 5860ff60c073
      release: 6.8.0-1008-aws
      version: '#8-Ubuntu SMP Sat Apr 20 00:46:25 UTC 2024'
      machine: x86_64
      compiler: 'musl-gcc 13.2.1'
      uptime: 137
      totalram: 16555180032
      freeram: 12208623616
      sharedram: 40734720
      bufferram: 108855296
      totalswap: 0
      freeswap: 0
      pagesize: 4096
      cpus: 4
      cpus-online: 4
      ticks-per-second: 100

metrics:
    - stressor: cpu
      bogo-ops: 67150
      bogo-ops-per-second-usr-sys-time: 844.375614
      bogo-ops-per-second-real-time: 3357.471413
      wall-clock-time: 20.000170
      user-time: 79.512222
      system-time: 0.013997
      cpu-usage-per-instance: 99.406927
      max-rss: 1104

...
