---
system-info:
      stress-ng-version: 0.17.08
      run-by: root
      date-yyyy-mm-dd: 2024:06:08
      time-hh-mm-ss: 14:40:44
      epoch-secs: 1717857644
      hostname: 66e5f579c7b0
      sysname: Linux
      nodename: 66e5f579c7b0
      release: 6.8.0-1008-aws
      version: '#8-Ubuntu SMP Sat Apr 20 00:46:25 UTC 2024'
      machine: x86_64
      compiler: 'musl-gcc 13.2.1'
      uptime: 134
      totalram: 16555192320
      freeram: 12209164288
      sharedram: 40734720
      bufferram: 102182912
      totalswap: 0
      freeswap: 0
      pagesize: 4096
      cpus: 4
      cpus-online: 4
      ticks-per-second: 100

metrics:
    - stressor: cpu
      bogo-ops: 42086
      bogo-ops-per-second-usr-sys-time: 1058.999556
      bogo-ops-per-second-real-time: 4207.869946
      wall-clock-time: 10.001735
      user-time: 39.716328
      system-time: 0.024954
      cpu-usage-per-instance: 99.335970
      max-rss: 3920

...
