---
system-info:
      stress-ng-version: 0.17.08
      run-by: root
      date-yyyy-mm-dd: 2024:06:20
      time-hh-mm-ss: 23:28:46
      epoch-secs: 1718926126
      hostname: 89bbbef026e6
      sysname: Linux
      nodename: 89bbbef026e6
      release: 6.8.0-1008-gcp
      version: '#9-Ubuntu SMP Wed May 22 18:09:04 UTC 2024'
      machine: x86_64
      compiler: 'musl-gcc 13.2.1'
      uptime: 207
      totalram: 7796461568
      freeram: 2837999616
      sharedram: 48599040
      bufferram: 135147520
      totalswap: 0
      freeswap: 0
      pagesize: 4096
      cpus: 2
      cpus-online: 2
      ticks-per-second: 100

metrics:
    - stressor: cpu
      bogo-ops: 22075
      bogo-ops-per-second-usr-sys-time: 1103.993707
      bogo-ops-per-second-real-time: 1103.741448
      wall-clock-time: 20.000155
      user-time: 19.995585
      system-time: 0.000000
      cpu-usage-per-instance: 99.977150
      max-rss: 1104

...
