BaselineInfo:
  WebDBID: -1
  TimeStamp: 20260403210149
Version:
  Major: 11
  Minor: 0
  Build: 1004
  SpecialBuildName: ""
  ptArchitecture: x86_64_linux
Results:
  Results Complete: true
  NumTestProcesses: 4
  CPU_INTEGER_MATH: 16658.398666666668
  CPU_FLOATINGPOINT_MATH: 8531.8467797720023
  CPU_PRIME: 36.137426813786156
  CPU_SORTING: 8740.0536655419528
  CPU_ENCRYPTION: 2100.0629436500981
  CPU_COMPRESSION: 62676.000012345678
  CPU_SINGLETHREAD: 2386.7677697906106
  CPU_PHYSICS: 706.78897088539486
  CPU_MATRIX_MULT_SSE: 3377.8567914128325
  CPU_mm: 359.78201789242286
  CPU_sse: 1566.8956062006775
  CPU_fma: 4331.7003444752108
  CPU_avx: 3209.2302869678297
  CPU_avx512: 4403.600928007615
  m_CPU_enc_SHA: 597867794.58627582
  m_CPU_enc_AES: 5465379684.4702206
  m_CPU_enc_ECDSA: 542979324.54603982
  ME_ALLOC_S: 2019.8691658901937
  ME_READ_S: 23977.607617187499
  ME_READ_L: 11291.638671875
  ME_WRITE: 10442.7373046875
  ME_LARGE: 1862.5833333333333
  ME_LATENCY: 55.027352854214676
  ME_THREADED: 29746.6767578125
  SUMM_CPU: 5352.4465863321502
  SUMM_ME: 1665.4788107161955
SystemInformation:
  OSName: Ubuntu 24.04.4 LTS
  Kernel: 6.8.0-106-generic
  Device: ""
  Processor: Intel(R) Xeon(R) Platinum
  NumSockets: 1
  Manufacturer: GenuineIntel
  NumCores: 2
  NumLogicals: 4
  CPUFrequency: 0
  CPUMaxFrequency: 0
  Memory: 7270
  CPUInfo:
    number: 1
    Family: 6
    Model: 5
    stepping: 4
    features: 529267711
    manufacture: GenuineIntel
    typestring: Intel(R) Xeon(R) Platinum
    iCoresPerPackage: 2
    iThreadsPerPackage: 2
    featuresEx:
      - 529267711
      - 4294586883
      - 739248128
    bHybrid: false
    nPCore: 0
    nLogicalsPerPCore: 0
    nECore: 0
    nLogicalsPerECore: 0
  MemModuleInfo:
    iNumMemSticks: 1
    DIMM 1:
      manufacturer: Alibaba Cloud
      modulePartNo: Not Specified
      memType: RAM
      size: 8
      clkspeed: 0
      moduleVoltage: 0
Checksum: BFE80AF04628525E56AD3734D6A0A3DAD8F5451B