---
system-info:
      stress-ng-version: 0.17.08
      run-by: root
      date-yyyy-mm-dd: 2024:06:12
      time-hh-mm-ss: 17:56:18
      epoch-secs: 1718214978
      hostname: 8c5b8f49d6e6
      sysname: Linux
      nodename: 8c5b8f49d6e6
      release: 6.8.0-1008-aws
      version: '#8-Ubuntu SMP Sat Apr 20 00:46:25 UTC 2024'
      machine: x86_64
      compiler: 'musl-gcc 13.2.1'
      uptime: 133
      totalram: 32908681216
      freeram: 28447281152
      sharedram: 40853504
      bufferram: 111353856
      totalswap: 0
      freeswap: 0
      pagesize: 4096
      cpus: 16
      cpus-online: 16
      ticks-per-second: 100

metrics:
    - stressor: cpu
      bogo-ops: 278570
      bogo-ops-per-second-usr-sys-time: 871.619251
      bogo-ops-per-second-real-time: 13928.485399
      wall-clock-time: 20.000021
      user-time: 319.582572
      system-time: 0.017987
      cpu-usage-per-instance: 99.875070
      max-rss: 1104

...
