---
system-info:
      stress-ng-version: 0.17.08
      run-by: root
      date-yyyy-mm-dd: 2024:06:12
      time-hh-mm-ss: 20:41:37
      epoch-secs: 1718224897
      hostname: 3fbcc3a57027
      sysname: Linux
      nodename: 3fbcc3a57027
      release: 6.8.0-1008-aws
      version: '#8-Ubuntu SMP Sat Apr 20 00:46:25 UTC 2024'
      machine: x86_64
      compiler: 'musl-gcc 13.2.1'
      uptime: 119
      totalram: 32673792000
      freeram: 28227928064
      sharedram: 29319168
      bufferram: 111329280
      totalswap: 0
      freeswap: 0
      pagesize: 4096
      cpus: 16
      cpus-online: 16
      ticks-per-second: 100

metrics:
    - stressor: cpu
      bogo-ops: 296408
      bogo-ops-per-second-usr-sys-time: 927.355317
      bogo-ops-per-second-real-time: 14820.334974
      wall-clock-time: 20.000088
      user-time: 319.609225
      system-time: 0.017993
      cpu-usage-per-instance: 99.883067
      max-rss: 1104

...
