---
system-info:
      stress-ng-version: 0.17.08
      run-by: root
      date-yyyy-mm-dd: 2024:06:05
      time-hh-mm-ss: 21:16:04
      epoch-secs: 1717622164
      hostname: e1fe172e0343
      sysname: Linux
      nodename: e1fe172e0343
      release: 6.8.0-1008-aws
      version: '#8-Ubuntu SMP Sat Apr 20 00:46:25 UTC 2024'
      machine: x86_64
      compiler: 'musl-gcc 13.2.1'
      uptime: 135
      totalram: 32673808384
      freeram: 28512210944
      sharedram: 29319168
      bufferram: 78925824
      totalswap: 0
      freeswap: 0
      pagesize: 4096
      cpus: 16
      cpus-online: 16
      ticks-per-second: 100

metrics:
    - stressor: cpu
      bogo-ops: 173769
      bogo-ops-per-second-usr-sys-time: 1087.722212
      bogo-ops-per-second-real-time: 17373.901236
      wall-clock-time: 10.001726
      user-time: 159.727952
      system-time: 0.026991
      cpu-usage-per-instance: 99.829609
      max-rss: 4048

...
