BaselineInfo:
  WebDBID: -1
  TimeStamp: 20260611222922
Version:
  Major: 11
  Minor: 0
  Build: 1004
  SpecialBuildName: ""
  ptArchitecture: x86_64_linux
Results:
  Results Complete: true
  NumTestProcesses: 1
  CPU_INTEGER_MATH: 5520.6996666666673
  CPU_FLOATINGPOINT_MATH: 4561.857744535966
  CPU_PRIME: 16.728127702512079
  CPU_SORTING: 3385.9951141226879
  CPU_ENCRYPTION: 701.18463313359609
  CPU_COMPRESSION: 27181.568913933028
  CPU_SINGLETHREAD: 2636.6102089524752
  CPU_PHYSICS: 310.89477791062495
  CPU_MATRIX_MULT_SSE: 1844.7982977121089
  CPU_mm: 265.48708909737007
  CPU_sse: 1014.6825479675161
  CPU_fma: 2995.2458455940123
  CPU_avx: 1524.4664995747983
  CPU_avx512: 0
  m_CPU_enc_SHA: 377040986.45471007
  m_CPU_enc_AES: 1498320918.8759382
  m_CPU_enc_ECDSA: 330374228.28743279
  ME_ALLOC_S: 1027.6777365984142
  ME_READ_S: 30359.331933593749
  ME_READ_L: 12960.6474609375
  ME_WRITE: 10987.0966796875
  ME_LARGE: 558.16666666666663
  ME_LATENCY: 41.49281366793381
  ME_THREADED: 11326.1962890625
  SUMM_CPU: 2239.9838919330841
  SUMM_ME: 974.53955853802142
SystemInformation:
  OSName: Ubuntu 24.04.4 LTS
  Kernel: 6.8.0-124-generic
  Device: ""
  Processor: Intel Core Processor (Skylake, IBRS)
  NumSockets: 1
  Manufacturer: GenuineIntel
  NumCores: 1
  NumLogicals: 1
  CPUFrequency: 7
  CPUMaxFrequency: 832
  Memory: 955
  CPUInfo:
    number: 1
    Family: 6
    Model: 14
    stepping: 3
    features: 126614527
    manufacture: GenuineIntel
    typestring: Intel Core Processor (Skylake, IBRS)
    iCoresPerPackage: 1
    iThreadsPerPackage: 1
    featuresEx:
      - 126614527
      - 4294586883
      - 672139264
    bHybrid: false
    nPCore: 0
    nLogicalsPerPCore: 0
    nECore: 0
    nLogicalsPerECore: 0
  MemModuleInfo:
    iNumMemSticks: 1
    DIMM 1:
      manufacturer: QEMU
      modulePartNo: Not Specified
      memType: RAM
      size: 1
      clkspeed: 0
      moduleVoltage: 0
Checksum: 0B37BBBC4B078BEE355AA4EF927FC21E502BF707