BaselineInfo:
  WebDBID: -1
  TimeStamp: 20260611230841
Version:
  Major: 11
  Minor: 0
  Build: 1004
  SpecialBuildName: ""
  ptArchitecture: x86_64_linux
Results:
  Results Complete: true
  NumTestProcesses: 1
  CPU_INTEGER_MATH: 5588.6229999999996
  CPU_FLOATINGPOINT_MATH: 4507.2526185270717
  CPU_PRIME: 16.984855204287364
  CPU_SORTING: 3308.4623968139854
  CPU_ENCRYPTION: 1207.3444597752564
  CPU_COMPRESSION: 23026.811350623659
  CPU_SINGLETHREAD: 2358.4647028819236
  CPU_PHYSICS: 310.01174062041468
  CPU_MATRIX_MULT_SSE: 1930.1159594657281
  CPU_mm: 212.37013672374405
  CPU_sse: 979.86051815147198
  CPU_fma: 3135.8737064520965
  CPU_avx: 1674.613653793615
  CPU_avx512: 0
  m_CPU_enc_SHA: 1703268798.9526119
  m_CPU_enc_AES: 1076193058.3384018
  m_CPU_enc_ECDSA: 1018515415.4688839
  ME_ALLOC_S: 926.4283551110957
  ME_READ_S: 25204.907031250001
  ME_READ_L: 16081.509765625
  ME_WRITE: 16451.068359375
  ME_LARGE: 2886.4166666666665
  ME_LATENCY: 63.18736031011796
  ME_THREADED: 15203.765625
  SUMM_CPU: 2424.5013985056726
  SUMM_ME: 1696.3195111683485
SystemInformation:
  OSName: Ubuntu 24.04.4 LTS
  Kernel: 6.8.0-124-generic
  Device: ""
  Processor: AMD EPYC-Rome Processor
  NumSockets: 1
  Manufacturer: AuthenticAMD
  NumCores: 1
  NumLogicals: 1
  CPUFrequency: 0
  CPUMaxFrequency: 0
  Memory: 7936
  CPUInfo:
    number: 1
    Family: 15
    Model: 1
    stepping: 0
    features: 126614527
    manufacture: AuthenticAMD
    typestring: AMD EPYC-Rome Processor
    iCoresPerPackage: 1
    iThreadsPerPackage: 1
    featuresEx:
      - 126614527
      - 4277678595
      - 802421759
    bHybrid: false
    nPCore: 0
    nLogicalsPerPCore: 0
    nECore: 0
    nLogicalsPerECore: 0
  MemModuleInfo:
    iNumMemSticks: 1
    DIMM 1:
      manufacturer: QEMU
      modulePartNo: Not Specified
      memType: RAM
      size: 8
      clkspeed: 0
      moduleVoltage: 0
Checksum: 104C078D99217718D827351A6CAAF52C3DB21736