---
system-info:
      stress-ng-version: 0.17.08
      run-by: root
      date-yyyy-mm-dd: 2024:06:05
      time-hh-mm-ss: 22:30:43
      epoch-secs: 1717626643
      hostname: c72021003eb8
      sysname: Linux
      nodename: c72021003eb8
      release: 6.8.0-1008-aws
      version: '#8-Ubuntu SMP Sat Apr 20 00:46:25 UTC 2024'
      machine: x86_64
      compiler: 'musl-gcc 13.2.1'
      uptime: 114
      totalram: 198493712384
      freeram: 193477287936
      sharedram: 55767040
      bufferram: 79400960
      totalswap: 0
      freeswap: 0
      pagesize: 4096
      cpus: 72
      cpus-online: 72
      ticks-per-second: 100

metrics:
    - stressor: cpu
      bogo-ops: 802695
      bogo-ops-per-second-usr-sys-time: 1115.626220
      bogo-ops-per-second-real-time: 80258.506741
      wall-clock-time: 10.001370
      user-time: 719.392798
      system-time: 0.108936
      cpu-usage-per-instance: 99.917110
      max-rss: 3456

...
