---
system-info:
      stress-ng-version: 0.17.08
      run-by: root
      date-yyyy-mm-dd: 2024:06:12
      time-hh-mm-ss: 21:41:09
      epoch-secs: 1718228469
      hostname: fb034b9d04b3
      sysname: Linux
      nodename: fb034b9d04b3
      release: 6.8.0-1008-aws
      version: '#8-Ubuntu SMP Sat Apr 20 00:46:25 UTC 2024'
      machine: x86_64
      compiler: 'musl-gcc 13.2.1'
      uptime: 136
      totalram: 198493691904
      freeram: 193295790080
      sharedram: 55767040
      bufferram: 111435776
      totalswap: 0
      freeswap: 0
      pagesize: 4096
      cpus: 72
      cpus-online: 72
      ticks-per-second: 100

metrics:
    - stressor: cpu
      bogo-ops: 1334725
      bogo-ops-per-second-usr-sys-time: 927.278280
      bogo-ops-per-second-real-time: 66735.930331
      wall-clock-time: 20.000096
      user-time: 1439.357722
      system-time: 0.042973
      cpu-usage-per-instance: 99.957903
      max-rss: 576

...
