---
system-info:
      stress-ng-version: 0.17.08
      run-by: root
      date-yyyy-mm-dd: 2024:06:16
      time-hh-mm-ss: 06:56:58
      epoch-secs: 1718521018
      hostname: 0b1b42a7d2e6
      sysname: Linux
      nodename: 0b1b42a7d2e6
      release: 6.8.0-1008-aws
      version: '#8-Ubuntu SMP Sat Apr 20 00:46:25 UTC 2024'
      machine: x86_64
      compiler: 'musl-gcc 13.2.1'
      uptime: 192
      totalram: 33354031104
      freeram: 28988911616
      sharedram: 11640832
      bufferram: 110530560
      totalswap: 0
      freeswap: 0
      pagesize: 4096
      cpus: 8
      cpus-online: 8
      ticks-per-second: 100

metrics:
    - stressor: cpu
      bogo-ops: 11824
      bogo-ops-per-second-usr-sys-time: 591.212445
      bogo-ops-per-second-real-time: 591.193044
      wall-clock-time: 20.000235
      user-time: 19.999579
      system-time: 0.000000
      cpu-usage-per-instance: 99.996718
      max-rss: 1104

...
