---
system-info:
      stress-ng-version: 0.17.08
      run-by: root
      date-yyyy-mm-dd: 2024:06:10
      time-hh-mm-ss: 04:44:39
      epoch-secs: 1717994679
      hostname: adf673999dc1
      sysname: Linux
      nodename: adf673999dc1
      release: 6.8.0-1008-aws
      version: '#8-Ubuntu SMP Sat Apr 20 00:46:25 UTC 2024'
      machine: x86_64
      compiler: 'musl-gcc 13.2.1'
      uptime: 208
      totalram: 33354027008
      freeram: 28780322816
      sharedram: 11640832
      bufferram: 114790400
      totalswap: 0
      freeswap: 0
      pagesize: 4096
      cpus: 8
      cpus-online: 8
      ticks-per-second: 100

metrics:
    - stressor: cpu
      bogo-ops: 9238
      bogo-ops-per-second-usr-sys-time: 923.475675
      bogo-ops-per-second-real-time: 923.495933
      wall-clock-time: 10.003293
      user-time: 9.999816
      system-time: 0.003696
      cpu-usage-per-instance: 100.002194
      max-rss: 3920

...
