---
system-info:
      stress-ng-version: 0.17.08
      run-by: root
      date-yyyy-mm-dd: 2024:06:15
      time-hh-mm-ss: 23:55:24
      epoch-secs: 1718495724
      hostname: a148a1b2c487
      sysname: Linux
      nodename: a148a1b2c487
      release: 6.8.0-1008-aws
      version: '#8-Ubuntu SMP Sat Apr 20 02:43:14 UTC 2024'
      machine: aarch64
      compiler: 'musl-gcc 13.2.1'
      uptime: 135
      totalram: 531280306176
      freeram: 526376685568
      sharedram: 34951168
      bufferram: 109498368
      totalswap: 0
      freeswap: 0
      pagesize: 4096
      cpus: 64
      cpus-online: 64
      ticks-per-second: 100

metrics:
    - stressor: cpu
      bogo-ops: 30650
      bogo-ops-per-second-usr-sys-time: 1532.468125
      bogo-ops-per-second-real-time: 1532.491249
      wall-clock-time: 20.000114
      user-time: 20.000416
      system-time: 0.000000
      cpu-usage-per-instance: 100.001509
      max-rss: 1024

...
