---
system-info:
      stress-ng-version: 0.17.08
      run-by: root
      date-yyyy-mm-dd: 2024:06:09
      time-hh-mm-ss: 21:20:26
      epoch-secs: 1717968026
      hostname: 14f79def6ffc
      sysname: Linux
      nodename: 14f79def6ffc
      release: 6.8.0-1008-aws
      version: '#8-Ubuntu SMP Sat Apr 20 02:43:14 UTC 2024'
      machine: aarch64
      compiler: 'musl-gcc 13.2.1'
      uptime: 121
      totalram: 531280310272
      freeram: 526171205632
      sharedram: 34951168
      bufferram: 111652864
      totalswap: 0
      freeswap: 0
      pagesize: 4096
      cpus: 64
      cpus-online: 64
      ticks-per-second: 100

metrics:
    - stressor: cpu
      bogo-ops: 4267
      bogo-ops-per-second-usr-sys-time: 424.960805
      bogo-ops-per-second-real-time: 424.965953
      wall-clock-time: 10.040804
      user-time: 10.039927
      system-time: 0.000999
      cpu-usage-per-instance: 100.001211
      max-rss: 3584

...
