---
system-info:
      stress-ng-version: 0.17.08
      run-by: root
      date-yyyy-mm-dd: 2024:06:13
      time-hh-mm-ss: 19:40:37
      epoch-secs: 1718307637
      hostname: 4e1e1736c7e3
      sysname: Linux
      nodename: 4e1e1736c7e3
      release: 6.8.0-1008-aws
      version: '#8-Ubuntu SMP Sat Apr 20 00:46:25 UTC 2024'
      machine: x86_64
      compiler: 'musl-gcc 13.2.1'
      uptime: 116
      totalram: 399160180736
      freeram: 394398765056
      sharedram: 60264448
      bufferram: 105717760
      totalswap: 0
      freeswap: 0
      pagesize: 4096
      cpus: 48
      cpus-online: 48
      ticks-per-second: 100

metrics:
    - stressor: cpu
      bogo-ops: 926663
      bogo-ops-per-second-usr-sys-time: 965.694110
      bogo-ops-per-second-real-time: 46332.939585
      wall-clock-time: 20.000091
      user-time: 959.552345
      system-time: 0.029981
      cpu-usage-per-instance: 99.956038
      max-rss: 1152

...
