---
system-info:
      stress-ng-version: 0.17.08
      run-by: root
      date-yyyy-mm-dd: 2024:06:08
      time-hh-mm-ss: 06:54:39
      epoch-secs: 1717829679
      hostname: 46a347ffe90b
      sysname: Linux
      nodename: 46a347ffe90b
      release: 6.8.0-1008-aws
      version: '#8-Ubuntu SMP Sat Apr 20 00:46:25 UTC 2024'
      machine: x86_64
      compiler: 'musl-gcc 13.2.1'
      uptime: 103
      totalram: 399160188928
      freeram: 394445684736
      sharedram: 60264448
      bufferram: 97357824
      totalswap: 0
      freeswap: 0
      pagesize: 4096
      cpus: 48
      cpus-online: 48
      ticks-per-second: 100

metrics:
    - stressor: cpu
      bogo-ops: 566484
      bogo-ops-per-second-usr-sys-time: 1180.726402
      bogo-ops-per-second-real-time: 56641.115896
      wall-clock-time: 10.001286
      user-time: 479.712941
      system-time: 0.062898
      cpu-usage-per-instance: 99.940447
      max-rss: 3840

...
