---
system-info:
      stress-ng-version: 0.17.08
      run-by: root
      date-yyyy-mm-dd: 2024:06:08
      time-hh-mm-ss: 18:55:55
      epoch-secs: 1717872955
      hostname: d35036276363
      sysname: Linux
      nodename: d35036276363
      release: 6.8.0-1008-aws
      version: '#8-Ubuntu SMP Sat Apr 20 00:46:25 UTC 2024'
      machine: x86_64
      compiler: 'musl-gcc 13.2.1'
      uptime: 114
      totalram: 132914003968
      freeram: 128235208704
      sharedram: 59981824
      bufferram: 104947712
      totalswap: 0
      freeswap: 0
      pagesize: 4096
      cpus: 32
      cpus-online: 32
      ticks-per-second: 100

metrics:
    - stressor: cpu
      bogo-ops: 16612
      bogo-ops-per-second-usr-sys-time: 1660.503419
      bogo-ops-per-second-real-time: 1660.441217
      wall-clock-time: 10.004570
      user-time: 10.003196
      system-time: 0.000999
      cpu-usage-per-instance: 99.996254
      max-rss: 3848

...
