---
system-info:
      stress-ng-version: 0.17.08
      run-by: root
      date-yyyy-mm-dd: 2024:06:15
      time-hh-mm-ss: 03:25:14
      epoch-secs: 1718421914
      hostname: 1d0977b31c0e
      sysname: Linux
      nodename: 1d0977b31c0e
      release: 6.8.0-1008-aws
      version: '#8-Ubuntu SMP Sat Apr 20 00:46:25 UTC 2024'
      machine: x86_64
      compiler: 'musl-gcc 13.2.1'
      uptime: 133
      totalram: 132914016256
      freeram: 128323256320
      sharedram: 59981824
      bufferram: 110125056
      totalswap: 0
      freeswap: 0
      pagesize: 4096
      cpus: 32
      cpus-online: 32
      ticks-per-second: 100

metrics:
    - stressor: cpu
      bogo-ops: 37818
      bogo-ops-per-second-usr-sys-time: 1890.880146
      bogo-ops-per-second-real-time: 1890.895807
      wall-clock-time: 20.000044
      user-time: 20.000210
      system-time: 0.000000
      cpu-usage-per-instance: 100.000828
      max-rss: 1032

...
