---
system-info:
      stress-ng-version: 0.17.08
      run-by: root
      date-yyyy-mm-dd: 2024:06:12
      time-hh-mm-ss: 19:41:47
      epoch-secs: 1718221307
      hostname: 92b3e8541901
      sysname: Linux
      nodename: 92b3e8541901
      release: 6.8.0-1008-aws
      version: '#8-Ubuntu SMP Sat Apr 20 00:46:25 UTC 2024'
      machine: x86_64
      compiler: 'musl-gcc 13.2.1'
      uptime: 125
      totalram: 200414715904
      freeram: 195633893376
      sharedram: 20877312
      bufferram: 110895104
      totalswap: 0
      freeswap: 0
      pagesize: 4096
      cpus: 96
      cpus-online: 96
      ticks-per-second: 100

metrics:
    - stressor: cpu
      bogo-ops: 736030
      bogo-ops-per-second-usr-sys-time: 383.524829
      bogo-ops-per-second-real-time: 36801.160183
      wall-clock-time: 20.000185
      user-time: 1919.063586
      system-time: 0.055969
      cpu-usage-per-instance: 99.953221
      max-rss: 768

...
