---
system-info:
      stress-ng-version: 0.17.08
      run-by: root
      date-yyyy-mm-dd: 2024:06:05
      time-hh-mm-ss: 17:51:46
      epoch-secs: 1717609906
      hostname: a6c12bf82d04
      sysname: Linux
      nodename: a6c12bf82d04
      release: 6.8.0-1008-aws
      version: '#8-Ubuntu SMP Sat Apr 20 00:46:25 UTC 2024'
      machine: x86_64
      compiler: 'musl-gcc 13.2.1'
      uptime: 115
      totalram: 200431517696
      freeram: 195857940480
      sharedram: 20877312
      bufferram: 78200832
      totalswap: 0
      freeswap: 0
      pagesize: 4096
      cpus: 96
      cpus-online: 96
      ticks-per-second: 100

metrics:
    - stressor: cpu
      bogo-ops: 1053511
      bogo-ops-per-second-usr-sys-time: 1098.246050
      bogo-ops-per-second-real-time: 105327.473847
      wall-clock-time: 10.002243
      user-time: 959.106872
      system-time: 0.159952
      cpu-usage-per-instance: 99.901219
      max-rss: 3072

...
