---
system-info:
      stress-ng-version: 0.17.08
      run-by: root
      date-yyyy-mm-dd: 2024:06:12
      time-hh-mm-ss: 16:56:31
      epoch-secs: 1718211391
      hostname: 8598ba9036de
      sysname: Linux
      nodename: 8598ba9036de
      release: 6.8.0-1008-aws
      version: '#8-Ubuntu SMP Sat Apr 20 00:46:25 UTC 2024'
      machine: x86_64
      compiler: 'musl-gcc 13.2.1'
      uptime: 131
      totalram: 200431529984
      freeram: 195624308736
      sharedram: 20877312
      bufferram: 111509504
      totalswap: 0
      freeswap: 0
      pagesize: 4096
      cpus: 96
      cpus-online: 96
      ticks-per-second: 100

metrics:
    - stressor: cpu
      bogo-ops: 1438739
      bogo-ops-per-second-usr-sys-time: 749.756045
      bogo-ops-per-second-real-time: 71936.858501
      wall-clock-time: 20.000025
      user-time: 1918.883868
      system-time: 0.058979
      cpu-usage-per-instance: 99.944813
      max-rss: 768

...
