BaselineInfo:
  WebDBID: -1
  TimeStamp: 20241107221947
Version:
  Major: 11
  Minor: 0
  Build: 1002
  SpecialBuildName: ""
  ptArchitecture: x86_64_linux
Results:
  Results Complete: true
  NumTestProcesses: 16
  CPU_INTEGER_MATH: 66412.145666666664
  CPU_FLOATINGPOINT_MATH: 36557.634814224402
  CPU_PRIME: 100.20832549444421
  CPU_SORTING: 35230.966606033973
  CPU_ENCRYPTION: 17175.462365930875
  CPU_COMPRESSION: 252589.63882195487
  CPU_SINGLETHREAD: 2392.8016797973642
  CPU_PHYSICS: 2013.6612584939853
  CPU_MATRIX_MULT_SSE: 14929.163802327386
  CPU_mm: 1796.848067153072
  CPU_sse: 7632.3225514734604
  CPU_fma: 20820.157896286062
  CPU_avx: 16335.010959222636
  CPU_avx512: 0
  m_CPU_enc_SHA: 24882836078.979809
  m_CPU_enc_AES: 15913842457.059078
  m_CPU_enc_ECDSA: 13232654341.416109
  ME_ALLOC_S: 6994.8193166902547
  ME_READ_S: 24408.438085937501
  ME_READ_L: 19811.51171875
  ME_WRITE: 19206.806640625
  ME_LARGE: 54144.166666666664
  ME_LATENCY: 64.617112728303411
  ME_THREADED: 60317.35400390625
  SUMM_CPU: 21557.261347474006
  SUMM_ME: 2724.6879493758579
SystemInformation:
  OSName: Ubuntu 24.04.1 LTS
  Kernel: 6.8.0-1017-azure
  Device: ""
  Processor: AMD EPYC 7763 64-Core Processor
  NumSockets: 1
  Manufacturer: AuthenticAMD
  NumCores: 8
  NumLogicals: 16
  CPUFrequency: 0
  Memory: 64297
  MemModuleInfo:
    iNumMemSticks: 3
    DIMM 1:
      manufacturer: Microsoft Corporation
      modulePartNo: None
      memType: Unknown
      size: 1
      clkspeed: 0
      moduleVoltage: 0
    DIMM 2:
      manufacturer: Microsoft Corporation
      modulePartNo: None
      memType: Unknown
      size: 60928
      clkspeed: 0
      moduleVoltage: 0
    DIMM 3:
      manufacturer: Microsoft Corporation
      modulePartNo: None
      memType: Unknown
      size: 3584
      clkspeed: 0
      moduleVoltage: 0
Checksum: ED2413BD9640286516397F5AC8AEC105266F8477