size_kb,operation,bandwidth_mb_s,latency_ns,latency_stddev_ns,latency_samples,threads,iterations,elapsed_s
16,read,149584.78,0,0,0,2,681198,0.142310
16,write,98208.22,0,0,0,2,220653,0.070212
16,copy,96655.12,0,0,0,2,393081,0.127089
16,latency,0,1.31,0.07,9,1,9,0.122949
64,read,112297.94,0,0,0,2,192604,0.214390
64,write,74989.85,0,0,0,2,133689,0.222845
64,copy,64721.83,0,0,0,2,102669,0.198289
64,latency,0,3.63,0.05,7,1,7,0.707788
2048,read,48088.86,0,0,0,2,2087,0.173595
2048,write,45121.40,0,0,0,2,2169,0.192281
2048,copy,23206.10,0,0,0,2,513,0.088425
2048,latency,0,18.40,0.25,7,1,7,0.707371
4096,read,47850.66,0,0,0,2,553,0.092454
4096,write,45352.27,0,0,0,2,638,0.112541
4096,copy,20691.84,0,0,0,2,281,0.108642
4096,latency,0,21.96,0.27,7,1,7,0.713529
8192,read,39580.46,0,0,0,2,245,0.099039
8192,write,32816.49,0,0,0,2,228,0.111164
8192,copy,11021.02,0,0,0,2,115,0.166954
8192,latency,0,56.78,27.38,21,1,21,1.501100
16384,read,16030.66,0,0,0,2,110,0.219579
16384,write,13869.01,0,0,0,2,91,0.209965
16384,copy,6469.85,0,0,0,2,50,0.247301
16384,latency,0,144.16,4.65,7,1,7,1.594600
32768,read,11617.51,0,0,0,2,45,0.247902
32768,write,9175.08,0,0,0,2,40,0.279017
32768,copy,5763.01,0,0,0,2,24,0.266527
32768,latency,0,138.30,0.85,7,1,7,3.120419
65536,read,10546.28,0,0,0,2,21,0.254877
65536,write,9133.24,0,0,0,2,19,0.266280
65536,copy,6113.07,0,0,0,2,12,0.251265
65536,latency,0,134.04,1.01,7,1,7,6.166521
