BaselineInfo:
  WebDBID: -1
  TimeStamp: 20241108074039
Version:
  Major: 11
  Minor: 0
  Build: 1002
  SpecialBuildName: ""
  ptArchitecture: x86_64_linux
Results:
  Results Complete: true
  NumTestProcesses: 16
  CPU_INTEGER_MATH: 67301.539000000004
  CPU_FLOATINGPOINT_MATH: 34404.115812201169
  CPU_PRIME: 128.58682633475885
  CPU_SORTING: 34829.339216464527
  CPU_ENCRYPTION: 14635.862417662423
  CPU_COMPRESSION: 246947.12177301035
  CPU_SINGLETHREAD: 2431.66168702196
  CPU_PHYSICS: 2245.2080773972179
  CPU_MATRIX_MULT_SSE: 14154.524790381029
  CPU_mm: 1446.1073134158698
  CPU_sse: 6329.7050371127307
  CPU_fma: 17540.40067774097
  CPU_avx: 12955.092218153959
  CPU_avx512: 19792.901228516464
  m_CPU_enc_SHA: 14770211133.660114
  m_CPU_enc_AES: 22231544383.649586
  m_CPU_enc_ECDSA: 9038686694.0786724
  ME_ALLOC_S: 7959.2723200177215
  ME_READ_S: 24471.855664062499
  ME_READ_L: 10774.033203125
  ME_WRITE: 10514.2197265625
  ME_LARGE: 21768.666666666668
  ME_LATENCY: 52.436474745134184
  ME_THREADED: 87947.5087890625
  SUMM_CPU: 21155.478221000809
  SUMM_ME: 2564.5871054012609
SystemInformation:
  OSName: Ubuntu 24.04.1 LTS
  Kernel: 6.8.0-1017-azure
  Device: ""
  Processor: Intel Xeon Platinum 8370C CPU @ 2.80GHz
  NumSockets: 1
  Manufacturer: GenuineIntel
  NumCores: 8
  NumLogicals: 16
  CPUFrequency: 2800
  Memory: 32088
  MemModuleInfo:
    iNumMemSticks: 2
    DIMM 1:
      manufacturer: Microsoft Corporation
      modulePartNo: None
      memType: Unknown
      size: 1
      clkspeed: 0
      moduleVoltage: 0
    DIMM 2:
      manufacturer: Microsoft Corporation
      modulePartNo: None
      memType: Unknown
      size: 31
      clkspeed: 0
      moduleVoltage: 0
Checksum: 4E27B423BD37371CE16293AA544DF9086248CEAE