---
system-info:
      stress-ng-version: 0.17.08
      run-by: root
      date-yyyy-mm-dd: 2024:09:19
      time-hh-mm-ss: 04:02:07
      epoch-secs: 1726718527
      hostname: sc-runner
      sysname: Linux
      nodename: sc-runner
      release: 6.8.0-1014-azure
      version: '#16-Ubuntu SMP Thu Aug 15 21:06:50 UTC 2024'
      machine: aarch64
      compiler: 'musl-gcc 13.2.1'
      uptime: 344
      totalram: 219088855040
      freeram: 208311382016
      sharedram: 38371328
      bufferram: 246374400
      totalswap: 0
      freeswap: 0
      pagesize: 4096
      cpus: 32
      cpus-online: 32
      ticks-per-second: 100

metrics:
    - stressor: cpu
      bogo-ops: 1144772
      bogo-ops-per-second-usr-sys-time: 1789.663810
      bogo-ops-per-second-real-time: 57238.410460
      wall-clock-time: 20.000066
      user-time: 639.642580
      system-time: 0.014988
      cpu-usage-per-instance: 99.946164
      max-rss: 1280

...
