---
system-info:
      stress-ng-version: 0.17.08
      run-by: root
      date-yyyy-mm-dd: 2024:06:10
      time-hh-mm-ss: 05:25:42
      epoch-secs: 1717997142
      hostname: b20304cfa7c9
      sysname: Linux
      nodename: b20304cfa7c9
      release: 6.8.0-1008-aws
      version: '#8-Ubuntu SMP Sat Apr 20 00:46:25 UTC 2024'
      machine: x86_64
      compiler: 'musl-gcc 13.2.1'
      uptime: 127
      totalram: 401441718272
      freeram: 396129972224
      sharedram: 55353344
      bufferram: 116080640
      totalswap: 0
      freeswap: 0
      pagesize: 4096
      cpus: 48
      cpus-online: 48
      ticks-per-second: 100

metrics:
    - stressor: cpu
      bogo-ops: 18030
      bogo-ops-per-second-usr-sys-time: 1802.954566
      bogo-ops-per-second-real-time: 1802.940207
      wall-clock-time: 10.000332
      user-time: 9.999253
      system-time: 0.000999
      cpu-usage-per-instance: 99.999204
      max-rss: 3840

...
