---
system-info:
      stress-ng-version: 0.17.08
      run-by: root
      date-yyyy-mm-dd: 2024:06:16
      time-hh-mm-ss: 07:44:43
      epoch-secs: 1718523883
      hostname: c67df273bdf2
      sysname: Linux
      nodename: c67df273bdf2
      release: 6.8.0-1008-aws
      version: '#8-Ubuntu SMP Sat Apr 20 00:46:25 UTC 2024'
      machine: x86_64
      compiler: 'musl-gcc 13.2.1'
      uptime: 144
      totalram: 401441718272
      freeram: 396308738048
      sharedram: 55353344
      bufferram: 110776320
      totalswap: 0
      freeswap: 0
      pagesize: 4096
      cpus: 48
      cpus-online: 48
      ticks-per-second: 100

metrics:
    - stressor: cpu
      bogo-ops: 33195
      bogo-ops-per-second-usr-sys-time: 1659.752158
      bogo-ops-per-second-real-time: 1659.747824
      wall-clock-time: 20.000026
      user-time: 19.999974
      system-time: 0.000000
      cpu-usage-per-instance: 99.999739
      max-rss: 1152

...
