BaselineInfo:
  WebDBID: -1
  TimeStamp: 20241108105223
Version:
  Major: 11
  Minor: 0
  Build: 1002
  SpecialBuildName: ""
  ptArchitecture: aarch64_linux
Results:
  Results Complete: true
  NumTestProcesses: 32
  CPU_INTEGER_MATH: 148827.76233333332
  CPU_FLOATINGPOINT_MATH: 113352.08029923242
  CPU_PRIME: 177.26363397121207
  CPU_SORTING: 106158.36536849574
  CPU_ENCRYPTION: 5127.3448563741149
  CPU_COMPRESSION: 179368.59593353284
  CPU_SINGLETHREAD: 1333.1621793020415
  CPU_PHYSICS: 2954.9059825557847
  CPU_MATRIX_MULT_SSE: 23449.041873753045
  CPU_mm: 3936.7373396900248
  CPU_sse: 19530.966822644932
  CPU_fma: 27367.116924861162
  CPU_avx: 0
  CPU_avx512: 0
  m_CPU_enc_SHA: 7602025456.666543
  m_CPU_enc_AES: 3555673289.9044132
  m_CPU_enc_ECDSA: 4971533533.7810783
  ME_ALLOC_S: 21065.708961008284
  ME_READ_S: 11378.63193359375
  ME_READ_L: 9007.13671875
  ME_WRITE: 15027.80859375
  ME_LARGE: 116432
  ME_LATENCY: 68.7835338655416
  ME_THREADED: 159460.02392578125
  SUMM_CPU: 20326.156868497066
  SUMM_ME: 1988.6426592119954
SystemInformation:
  OSName: Ubuntu 24.04.1 LTS
  Kernel: 6.8.0-1017-azure
  Device: ""
  Processor: ARM Neoverse-N1 32 Core 0 MHz
  NumSockets: 1
  Manufacturer: ARM
  NumCores: 32
  NumLogicals: 32
  CPUFrequency: 0
  Memory: 128552
Checksum: 5F74A906918686D6FBD5A6852301ECB538AABD8D