BaselineInfo:
  WebDBID: -1
  TimeStamp: 20241108191543
Version:
  Major: 11
  Minor: 0
  Build: 1002
  SpecialBuildName: ""
  ptArchitecture: aarch64_linux
Results:
  Results Complete: true
  NumTestProcesses: 32
  CPU_INTEGER_MATH: 126434.74099999999
  CPU_FLOATINGPOINT_MATH: 95953.475028317698
  CPU_PRIME: 182.02963616820881
  CPU_SORTING: 90645.428935790231
  CPU_ENCRYPTION: 4380.6139162284953
  CPU_COMPRESSION: 152490.25017970341
  CPU_SINGLETHREAD: 1110.3997301379638
  CPU_PHYSICS: 3125.7131720207267
  CPU_MATRIX_MULT_SSE: 19890.548188483972
  CPU_mm: 3342.817280405854
  CPU_sse: 16586.320345242348
  CPU_fma: 23194.776031725603
  CPU_avx: 0
  CPU_avx512: 0
  m_CPU_enc_SHA: 6577056718.8780069
  m_CPU_enc_AES: 3033484557.3699026
  m_CPU_enc_ECDSA: 4169678577.2217202
  ME_ALLOC_S: 20431.998137720155
  ME_READ_S: 9486.86572265625
  ME_READ_L: 9212.4716796875
  ME_WRITE: 12575.51171875
  ME_LARGE: 51468.166666666664
  ME_LATENCY: 71.308133000485427
  ME_THREADED: 168080.41259765625
  SUMM_CPU: 17393.273382579162
  SUMM_ME: 1817.5323780740966
SystemInformation:
  OSName: Ubuntu 24.04.1 LTS
  Kernel: 6.8.0-1016-aws
  Device: ""
  Processor: ARM Neoverse-N1 32 Core 0 MHz
  NumSockets: 1
  Manufacturer: ARM
  NumCores: 32
  NumLogicals: 32
  CPUFrequency: 0
  Memory: 63129
Checksum: F35B308057A410DF41A35C70C4A7FD33B34ED33F