---
system-info:
      stress-ng-version: 0.17.08
      run-by: root
      date-yyyy-mm-dd: 2024:09:20
      time-hh-mm-ss: 10:04:58
      epoch-secs: 1726826698
      hostname: sc-runner
      sysname: Linux
      nodename: sc-runner
      release: 6.8.0-1014-azure
      version: '#16-Ubuntu SMP Thu Aug 15 20:04:41 UTC 2024'
      machine: x86_64
      compiler: 'musl-gcc 13.2.1'
      uptime: 314
      totalram: 33652326400
      freeram: 23465934848
      sharedram: 38096896
      bufferram: 246050816
      totalswap: 0
      freeswap: 0
      pagesize: 4096
      cpus: 4
      cpus-online: 4
      ticks-per-second: 100

metrics:
    - stressor: cpu
      bogo-ops: 111589
      bogo-ops-per-second-usr-sys-time: 1401.224550
      bogo-ops-per-second-real-time: 5579.432025
      wall-clock-time: 20.000064
      user-time: 79.619779
      system-time: 0.016993
      cpu-usage-per-instance: 99.545644
      max-rss: 1104

...
