BaselineInfo:
  WebDBID: -1
  TimeStamp: 20250614082547
Version:
  Major: 11
  Minor: 0
  Build: 1002
  SpecialBuildName: ""
  ptArchitecture: x86_64_linux
Results:
  Results Complete: true
  NumTestProcesses: 24
  CPU_INTEGER_MATH: 130691.97199999999
  CPU_FLOATINGPOINT_MATH: 94678.989455264498
  CPU_PRIME: 280.18440797123037
  CPU_SORTING: 66774.669063833659
  CPU_ENCRYPTION: 28755.062582270217
  CPU_COMPRESSION: 504778.92395755125
  CPU_SINGLETHREAD: 3520.2162624207913
  CPU_PHYSICS: 5674.4641197142655
  CPU_MATRIX_MULT_SSE: 34465.821913098967
  CPU_mm: 3710.6354222668415
  CPU_sse: 15698.881770238571
  CPU_fma: 41293.815831450658
  CPU_avx: 32050.401950687596
  CPU_avx512: 48820.188100019062
  m_CPU_enc_SHA: 30408273995.078548
  m_CPU_enc_AES: 39495384728.098534
  m_CPU_enc_ECDSA: 20551946783.622635
  ME_ALLOC_S: 13337.025003550909
  ME_READ_S: 30209.724023437499
  ME_READ_L: 17359.359375
  ME_WRITE: 8560.5556640625
  ME_LARGE: 80111.916666666672
  ME_LATENCY: 62.22259638983116
  ME_THREADED: 169931.07666015625
  SUMM_CPU: 43315.042412982912
  SUMM_ME: 2729.8644332668355
SystemInformation:
  OSName: Ubuntu 24.04.2 LTS
  Kernel: 6.11.0-1015-gcp
  Device: ""
  Processor: Intel Xeon 6985P-C CPU @ 2.30GHz
  NumSockets: 1
  Manufacturer: GenuineIntel
  NumCores: 12
  NumLogicals: 24
  CPUFrequency: 0
  Memory: 90502
  MemModuleInfo:
    iNumMemSticks: 6
    DIMM 1:
      manufacturer: ""
      modulePartNo: ""
      memType: RAM
      size: 16
      clkspeed: 0
      moduleVoltage: 0
    DIMM 2:
      manufacturer: ""
      modulePartNo: ""
      memType: RAM
      size: 16
      clkspeed: 0
      moduleVoltage: 0
    DIMM 3:
      manufacturer: ""
      modulePartNo: ""
      memType: RAM
      size: 16
      clkspeed: 0
      moduleVoltage: 0
    DIMM 4:
      manufacturer: ""
      modulePartNo: ""
      memType: RAM
      size: 16
      clkspeed: 0
      moduleVoltage: 0
    DIMM 5:
      manufacturer: ""
      modulePartNo: ""
      memType: RAM
      size: 16
      clkspeed: 0
      moduleVoltage: 0
    DIMM 6:
      manufacturer: ""
      modulePartNo: ""
      memType: RAM
      size: 10
      clkspeed: 0
      moduleVoltage: 0
Checksum: 925917F2A39D69BAB5C6BE49EDA6C707E43AB263