---
system-info:
      stress-ng-version: 0.17.08
      run-by: root
      date-yyyy-mm-dd: 2024:06:09
      time-hh-mm-ss: 20:24:11
      epoch-secs: 1717964651
      hostname: 0356374b1458
      sysname: Linux
      nodename: 0356374b1458
      release: 6.8.0-1008-aws
      version: '#8-Ubuntu SMP Sat Apr 20 00:46:25 UTC 2024'
      machine: x86_64
      compiler: 'musl-gcc 13.2.1'
      uptime: 135
      totalram: 1059475767296
      freeram: 1053057875968
      sharedram: 71331840
      bufferram: 114155520
      totalswap: 0
      freeswap: 0
      pagesize: 4096
      cpus: 128
      cpus-online: 128
      ticks-per-second: 100

metrics:
    - stressor: cpu
      bogo-ops: 17817
      bogo-ops-per-second-usr-sys-time: 1781.529508
      bogo-ops-per-second-real-time: 1781.511498
      wall-clock-time: 10.001058
      user-time: 10.000957
      system-time: 0.000000
      cpu-usage-per-instance: 99.998989
      max-rss: 3072

...
