---
system-info:
      stress-ng-version: 0.17.08
      run-by: root
      date-yyyy-mm-dd: 2024:06:15
      time-hh-mm-ss: 22:56:52
      epoch-secs: 1718492212
      hostname: ae18cfae4ef2
      sysname: Linux
      nodename: ae18cfae4ef2
      release: 6.8.0-1008-aws
      version: '#8-Ubuntu SMP Sat Apr 20 00:46:25 UTC 2024'
      machine: x86_64
      compiler: 'musl-gcc 13.2.1'
      uptime: 141
      totalram: 1059475759104
      freeram: 1053182652416
      sharedram: 71331840
      bufferram: 111210496
      totalswap: 0
      freeswap: 0
      pagesize: 4096
      cpus: 128
      cpus-online: 128
      ticks-per-second: 100

metrics:
    - stressor: cpu
      bogo-ops: 61499
      bogo-ops-per-second-usr-sys-time: 3075.025492
      bogo-ops-per-second-real-time: 3074.933358
      wall-clock-time: 20.000108
      user-time: 19.999509
      system-time: 0.000000
      cpu-usage-per-instance: 99.997004
      max-rss: 0

...
