BaselineInfo:
  WebDBID: -1
  TimeStamp: 20260206131830
Version:
  Major: 11
  Minor: 0
  Build: 1004
  SpecialBuildName: ""
  ptArchitecture: x86_64_linux
Results:
  Results Complete: true
  NumTestProcesses: 32
  CPU_INTEGER_MATH: 165099.09266666666
  CPU_FLOATINGPOINT_MATH: 119530.80346854395
  CPU_PRIME: 354.27618389993546
  CPU_SORTING: 83609.530128361148
  CPU_ENCRYPTION: 36211.091242795832
  CPU_COMPRESSION: 638799.05269710592
  CPU_SINGLETHREAD: 3278.5918665664549
  CPU_PHYSICS: 6857.7420782692216
  CPU_MATRIX_MULT_SSE: 46045.726858330163
  CPU_mm: 4931.4035232145688
  CPU_sse: 20175.594791738986
  CPU_fma: 52646.066960796757
  CPU_avx: 42709.61709790484
  CPU_avx512: 68651.628582880032
  m_CPU_enc_SHA: 38350349662.294807
  m_CPU_enc_AES: 50065664412.230949
  m_CPU_enc_ECDSA: 25494229558.491844
  ME_ALLOC_S: 17384.774895374379
  ME_READ_S: 28601.995703125001
  ME_READ_L: 16199.3896484375
  ME_WRITE: 12137.68359375
  ME_LARGE: 50573.75
  ME_LATENCY: 65.853303288091595
  ME_THREADED: 178966.0146484375
  SUMM_CPU: 51792.671303880219
  SUMM_ME: 2721.4436520710287
SystemInformation:
  OSName: Ubuntu 24.04.3 LTS
  Kernel: 6.14.0-1018-aws
  Device: ""
  Processor: Intel(R) Xeon(R) 6975P-C
  NumSockets: 1
  Manufacturer: GenuineIntel
  NumCores: 16
  NumLogicals: 32
  CPUFrequency: 0
  CPUMaxFrequency: 0
  Memory: 63252
  CPUInfo:
    number: 1
    Family: 6
    Model: 13
    stepping: 1
    features: 529267711
    manufacture: GenuineIntel
    typestring: Intel(R) Xeon(R) 6975P-C
    iCoresPerPackage: 16
    iThreadsPerPackage: 2
    featuresEx:
      - 529267711
      - 4294619651
      - 739248128
    bHybrid: false
    nPCore: 0
    nLogicalsPerPCore: 0
    nECore: 0
    nLogicalsPerECore: 0
  MemModuleInfo:
    iNumMemSticks: 1
    DIMM 1:
      manufacturer: Not Specified
      modulePartNo: Not Specified
      memType: DDR5
      size: 64
      clkspeed: 3600
      moduleVoltage: 0
Checksum: FB8703F5169B61FFF3183BE58EA15FD6C1E344CA