BaselineInfo:
  WebDBID: -1
  TimeStamp: 20250526203659
Version:
  Major: 11
  Minor: 0
  Build: 1002
  SpecialBuildName: ""
  ptArchitecture: x86_64_linux
Results:
  Results Complete: true
  NumTestProcesses: 12
  CPU_INTEGER_MATH: 63817.852999999996
  CPU_FLOATINGPOINT_MATH: 45237.151418017471
  CPU_PRIME: 128.57441829020749
  CPU_SORTING: 31978.357445939848
  CPU_ENCRYPTION: 14065.681016501465
  CPU_COMPRESSION: 230890.5549289812
  CPU_SINGLETHREAD: 3252.2484144053719
  CPU_PHYSICS: 2983.695520452904
  CPU_MATRIX_MULT_SSE: 18832.198485114262
  CPU_mm: 1804.8667546430136
  CPU_sse: 7812.7186696759718
  CPU_fma: 20919.406137271133
  CPU_avx: 16097.455218293519
  CPU_avx512: 30499.213915216431
  m_CPU_enc_SHA: 14851197418.210627
  m_CPU_enc_AES: 19342275706.407154
  m_CPU_enc_ECDSA: 10053333488.05934
  ME_ALLOC_S: 7830.1103786161584
  ME_READ_S: 28286.830078125
  ME_READ_L: 10278.4072265625
  ME_WRITE: 9589.162109375
  ME_LARGE: 243938.16666666666
  ME_LATENCY: 58.76142243346353
  ME_THREADED: 93343.54736328125
  SUMM_CPU: 22880.909168140821
  SUMM_ME: 2546.3394756005569
SystemInformation:
  OSName: Ubuntu 24.04.2 LTS
  Kernel: 6.11.0-1015-azure
  Device: ""
  Processor: INTEL XEON PLATINUM 8573C
  NumSockets: 1
  Manufacturer: GenuineIntel
  NumCores: 6
  NumLogicals: 12
  CPUFrequency: 2300
  Memory: 253711
  MemModuleInfo:
    iNumMemSticks: 3
    DIMM 1:
      manufacturer: Microsoft Corporation
      modulePartNo: None
      memType: Unknown
      size: 1
      clkspeed: 0
      moduleVoltage: 0
    DIMM 2:
      manufacturer: Microsoft Corporation
      modulePartNo: None
      memType: Unknown
      size: 59
      clkspeed: 0
      moduleVoltage: 0
    DIMM 3:
      manufacturer: Microsoft Corporation
      modulePartNo: None
      memType: Unknown
      size: 192
      clkspeed: 0
      moduleVoltage: 0
Checksum: D19AA48D65E57F90EC8C6E0C61E43E293214B76C