BaselineInfo:
  WebDBID: -1
  TimeStamp: 20241108041935
Version:
  Major: 11
  Minor: 0
  Build: 1002
  SpecialBuildName: ""
  ptArchitecture: x86_64_linux
Results:
  Results Complete: true
  NumTestProcesses: 8
  CPU_INTEGER_MATH: 22631.179
  CPU_FLOATINGPOINT_MATH: 12141.882291122323
  CPU_PRIME: 47.855301530546768
  CPU_SORTING: 11831.264933807848
  CPU_ENCRYPTION: 3124.0990161997051
  CPU_COMPRESSION: 100377.37531842396
  CPU_SINGLETHREAD: 1815.3865179125228
  CPU_PHYSICS: 870.95319548928273
  CPU_MATRIX_MULT_SSE: 6019.2496314057353
  CPU_mm: 688.07689192674047
  CPU_sse: 2462.8341962846653
  CPU_fma: 7314.4563153517165
  CPU_avx: 5167.5452124405656
  CPU_avx512: 9132.1628015459864
  m_CPU_enc_SHA: 1023080621.5075945
  m_CPU_enc_AES: 7888252552.7745829
  m_CPU_enc_ECDSA: 916232575.74968803
  ME_ALLOC_S: 2586.3179204194362
  ME_READ_S: 21900.440624999999
  ME_READ_L: 8605.6318359375
  ME_WRITE: 7934.11328125
  ME_LARGE: 53473.666666666664
  ME_LATENCY: 61.517593960812007
  ME_THREADED: 38516.2734375
  SUMM_CPU: 7687.13470779197
  SUMM_ME: 2069.0745967025664
SystemInformation:
  OSName: Ubuntu 24.04.1 LTS
  Kernel: 6.8.0-1016-aws
  Device: ""
  Processor: Intel Xeon Platinum 8259CL CPU @ 2.50GHz
  NumSockets: 1
  Manufacturer: GenuineIntel
  NumCores: 4
  NumLogicals: 8
  CPUFrequency: 0
  Memory: 63594
  MemModuleInfo:
    iNumMemSticks: 1
    DIMM 1:
      manufacturer: Not Specified
      modulePartNo: Not Specified
      memType: DDR4
      size: 64
      clkspeed: 1600
      moduleVoltage: 0
Checksum: 58D9F1526A3DE8540BEECA0ADF80FFA706106ADE