BaselineInfo:
  WebDBID: -1
  TimeStamp: 20241107153536
Version:
  Major: 11
  Minor: 0
  Build: 1002
  SpecialBuildName: ""
  ptArchitecture: x86_64_linux
Results:
  Results Complete: true
  NumTestProcesses: 4
  CPU_INTEGER_MATH: 11241.950666666668
  CPU_FLOATINGPOINT_MATH: 6037.3460366942491
  CPU_PRIME: 23.94494394400137
  CPU_SORTING: 6039.3291733378883
  CPU_ENCRYPTION: 1552.2496158038427
  CPU_COMPRESSION: 50627.847016321786
  CPU_SINGLETHREAD: 1806.1962037003873
  CPU_PHYSICS: 513.0579852838398
  CPU_MATRIX_MULT_SSE: 2967.8615028716149
  CPU_mm: 342.73329092529053
  CPU_sse: 1231.1911059998617
  CPU_fma: 3639.4978117802275
  CPU_avx: 2570.1357170782403
  CPU_avx512: 4430.6213766281317
  m_CPU_enc_SHA: 510075434.60420823
  m_CPU_enc_AES: 3919416291.939023
  m_CPU_enc_ECDSA: 453463352.88015902
  ME_ALLOC_S: 1359.1044903726884
  ME_READ_S: 22178.729687499999
  ME_READ_L: 10162.1943359375
  ME_WRITE: 9742.140625
  ME_LARGE: 5842.416666666667
  ME_LATENCY: 55.184496149780422
  ME_THREADED: 24077.17138671875
  SUMM_CPU: 3974.1660719779111
  SUMM_ME: 1909.7261093805096
SystemInformation:
  OSName: Ubuntu 24.04.1 LTS
  Kernel: 6.8.0-1016-aws
  Device: ""
  Processor: Intel Xeon Platinum 8259CL CPU @ 2.50GHz
  NumSockets: 1
  Manufacturer: GenuineIntel
  NumCores: 2
  NumLogicals: 4
  CPUFrequency: 0
  Memory: 15788
  MemModuleInfo:
    iNumMemSticks: 1
    DIMM 1:
      manufacturer: Not Specified
      modulePartNo: Not Specified
      memType: DDR4
      size: 16
      clkspeed: 1466
      moduleVoltage: 0
Checksum: F672996A6D2DC8B1CBED132B94CD70A04CC5A2BD