BaselineInfo:
  WebDBID: -1
  TimeStamp: 20260619033623
Version:
  Major: 11
  Minor: 0
  Build: 1004
  SpecialBuildName: ""
  ptArchitecture: x86_64_linux
Results:
  Results Complete: true
  NumTestProcesses: 64
  CPU_INTEGER_MATH: 269503.92999999999
  CPU_FLOATINGPOINT_MATH: 137736.37208126852
  CPU_PRIME: 259.39291901408649
  CPU_SORTING: 117535.73882233232
  CPU_ENCRYPTION: 51982.029598011351
  CPU_COMPRESSION: 895244.36962393997
  CPU_SINGLETHREAD: 2362.7170760350987
  CPU_PHYSICS: 4113.6880015015349
  CPU_MATRIX_MULT_SSE: 50609.938123075757
  CPU_mm: 5137.5793296745451
  CPU_sse: 21813.095752840942
  CPU_fma: 58211.850661537734
  CPU_avx: 44971.240455957988
  CPU_avx512: 77443.56562196638
  m_CPU_enc_SHA: 53515771446.279366
  m_CPU_enc_AES: 77533013438.458786
  m_CPU_enc_ECDSA: 32472541118.554935
  ME_ALLOC_S: 25541.613596073701
  ME_READ_S: 24113.241406249999
  ME_READ_L: 11807.869140625
  ME_WRITE: 10987.7822265625
  ME_LARGE: 113421.5
  ME_LATENCY: 51.510826876664481
  ME_THREADED: 166496.73022460938
  SUMM_CPU: 55792.371746512443
  SUMM_ME: 2805.1264771161568
SystemInformation:
  OSName: Ubuntu 24.04.4 LTS
  Kernel: 6.8.0-117-generic
  Device: ""
  Processor: Intel(R) Xeon(R) Platinum 8369B CPU @ 2.70GHz
  NumSockets: 1
  Manufacturer: GenuineIntel
  NumCores: 32
  NumLogicals: 64
  CPUFrequency: 0
  CPUMaxFrequency: 0
  Memory: 124215
  CPUInfo:
    number: 1
    Family: 6
    Model: 10
    stepping: 6
    features: 529267711
    manufacture: GenuineIntel
    typestring: Intel(R) Xeon(R) Platinum 8369B CPU @ 2.70GHz
    iCoresPerPackage: 32
    iThreadsPerPackage: 2
    featuresEx:
      - 529267711
      - 4277809667
      - 739248128
    bHybrid: false
    nPCore: 0
    nLogicalsPerPCore: 0
    nECore: 0
    nLogicalsPerECore: 0
  MemModuleInfo:
    iNumMemSticks: 8
    DIMM 1:
      manufacturer: Alibaba Cloud
      modulePartNo: Not Specified
      memType: RAM
      size: 16
      clkspeed: 0
      moduleVoltage: 0
    DIMM 2:
      manufacturer: Alibaba Cloud
      modulePartNo: Not Specified
      memType: RAM
      size: 16
      clkspeed: 0
      moduleVoltage: 0
    DIMM 3:
      manufacturer: Alibaba Cloud
      modulePartNo: Not Specified
      memType: RAM
      size: 16
      clkspeed: 0
      moduleVoltage: 0
    DIMM 4:
      manufacturer: Alibaba Cloud
      modulePartNo: Not Specified
      memType: RAM
      size: 16
      clkspeed: 0
      moduleVoltage: 0
    DIMM 5:
      manufacturer: Alibaba Cloud
      modulePartNo: Not Specified
      memType: RAM
      size: 16
      clkspeed: 0
      moduleVoltage: 0
    DIMM 6:
      manufacturer: Alibaba Cloud
      modulePartNo: Not Specified
      memType: RAM
      size: 16
      clkspeed: 0
      moduleVoltage: 0
    DIMM 7:
      manufacturer: Alibaba Cloud
      modulePartNo: Not Specified
      memType: RAM
      size: 16
      clkspeed: 0
      moduleVoltage: 0
    DIMM 8:
      manufacturer: Alibaba Cloud
      modulePartNo: Not Specified
      memType: RAM
      size: 16
      clkspeed: 0
      moduleVoltage: 0
Checksum: 4B01436E5EA98EF6282535156D0E7EBEDD043AF0