---
system-info:
      stress-ng-version: 0.17.08
      run-by: root
      date-yyyy-mm-dd: 2024:06:21
      time-hh-mm-ss: 00:41:15
      epoch-secs: 1718930475
      hostname: 5f7c01b6bca3
      sysname: Linux
      nodename: 5f7c01b6bca3
      release: 6.8.0-1008-gcp
      version: '#9-Ubuntu SMP Wed May 22 18:09:04 UTC 2024'
      machine: x86_64
      compiler: 'musl-gcc 13.2.1'
      uptime: 147
      totalram: 16767365120
      freeram: 11771777024
      sharedram: 34988032
      bufferram: 132866048
      totalswap: 0
      freeswap: 0
      pagesize: 4096
      cpus: 4
      cpus-online: 4
      ticks-per-second: 100

metrics:
    - stressor: cpu
      bogo-ops: 107996
      bogo-ops-per-second-usr-sys-time: 1357.161004
      bogo-ops-per-second-real-time: 5399.783151
      wall-clock-time: 20.000062
      user-time: 79.560947
      system-time: 0.013989
      cpu-usage-per-instance: 99.468360
      max-rss: 1104

...
