BaselineInfo:
  WebDBID: -1
  TimeStamp: 20250417195624
Version:
  Major: 11
  Minor: 0
  Build: 1002
  SpecialBuildName: ""
  ptArchitecture: x86_64_linux
Results:
  Results Complete: true
  NumTestProcesses: 16
  CPU_INTEGER_MATH: 63674.078000000009
  CPU_FLOATINGPOINT_MATH: 45162.5859672035
  CPU_PRIME: 134.85046044748108
  CPU_SORTING: 31668.15346848662
  CPU_ENCRYPTION: 14103.997217062551
  CPU_COMPRESSION: 232258.30920697577
  CPU_SINGLETHREAD: 2560.7780439458002
  CPU_PHYSICS: 3014.1122074443574
  CPU_MATRIX_MULT_SSE: 17940.697186986032
  CPU_mm: 1744.0115012153647
  CPU_sse: 7547.082791077104
  CPU_fma: 20145.72354741098
  CPU_avx: 15074.442620692849
  CPU_avx512: 28995.539788763181
  m_CPU_enc_SHA: 14845651472.827219
  m_CPU_enc_AES: 19306063896.796295
  m_CPU_enc_ECDSA: 10215623588.012241
  ME_ALLOC_S: 7714.4476165401384
  ME_READ_S: 23237.561914062499
  ME_READ_L: 8357.7353515625
  ME_WRITE: 8016.32568359375
  ME_LARGE: 54884.833333333336
  ME_LATENCY: 78.832419634592284
  ME_THREADED: 94638.03271484375
  SUMM_CPU: 22223.996292277661
  SUMM_ME: 2002.1185560078834
SystemInformation:
  OSName: Ubuntu 24.04.2 LTS
  Kernel: 6.8.0-1021-azure
  Device: ""
  Processor: INTEL XEON PLATINUM 8573C
  NumSockets: 1
  Manufacturer: GenuineIntel
  NumCores: 8
  NumLogicals: 16
  CPUFrequency: 2300
  Memory: 64296
  MemModuleInfo:
    iNumMemSticks: 3
    DIMM 1:
      manufacturer: Microsoft Corporation
      modulePartNo: None
      memType: Unknown
      size: 1
      clkspeed: 0
      moduleVoltage: 0
    DIMM 2:
      manufacturer: Microsoft Corporation
      modulePartNo: None
      memType: Unknown
      size: 59
      clkspeed: 0
      moduleVoltage: 0
    DIMM 3:
      manufacturer: Microsoft Corporation
      modulePartNo: None
      memType: Unknown
      size: 4
      clkspeed: 0
      moduleVoltage: 0
Checksum: CED5ED1B811BB62819BB38979A794E94904B6E98