---
system-info:
      stress-ng-version: 0.17.08
      run-by: root
      date-yyyy-mm-dd: 2024:06:16
      time-hh-mm-ss: 01:26:28
      epoch-secs: 1718501188
      hostname: 4d6d14bb5163
      sysname: Linux
      nodename: 4d6d14bb5163
      release: 6.8.0-1008-aws
      version: '#8-Ubuntu SMP Sat Apr 20 02:43:14 UTC 2024'
      machine: aarch64
      compiler: 'musl-gcc 13.2.1'
      uptime: 144
      totalram: 16435826688
      freeram: 12198723584
      sharedram: 35008512
      bufferram: 109142016
      totalswap: 0
      freeswap: 0
      pagesize: 4096
      cpus: 2
      cpus-online: 2
      ticks-per-second: 100

metrics:
    - stressor: cpu
      bogo-ops: 30665
      bogo-ops-per-second-usr-sys-time: 1533.522277
      bogo-ops-per-second-real-time: 1533.239947
      wall-clock-time: 20.000131
      user-time: 19.995450
      system-time: 0.000999
      cpu-usage-per-instance: 99.981589
      max-rss: 1320

...
