---
system-info:
      stress-ng-version: 0.17.08
      run-by: root
      date-yyyy-mm-dd: 2024:06:09
      time-hh-mm-ss: 21:55:44
      epoch-secs: 1717970144
      hostname: 7da83d9de70f
      sysname: Linux
      nodename: 7da83d9de70f
      release: 6.8.0-1008-aws
      version: '#8-Ubuntu SMP Sat Apr 20 02:43:14 UTC 2024'
      machine: aarch64
      compiler: 'musl-gcc 13.2.1'
      uptime: 167
      totalram: 16435830784
      freeram: 11962470400
      sharedram: 35008512
      bufferram: 111927296
      totalswap: 0
      freeswap: 0
      pagesize: 4096
      cpus: 2
      cpus-online: 2
      ticks-per-second: 100

metrics:
    - stressor: cpu
      bogo-ops: 4267
      bogo-ops-per-second-usr-sys-time: 424.524440
      bogo-ops-per-second-real-time: 424.467890
      wall-clock-time: 10.052586
      user-time: 10.049248
      system-time: 0.001999
      cpu-usage-per-instance: 99.986679
      max-rss: 4008

...
