BaselineInfo:
  WebDBID: -1
  TimeStamp: 20251007004109
Version:
  Major: 11
  Minor: 0
  Build: 1002
  SpecialBuildName: ""
  ptArchitecture: x86_64_linux
Results:
  Results Complete: true
  NumTestProcesses: 96
  CPU_INTEGER_MATH: 495170.75599999988
  CPU_FLOATINGPOINT_MATH: 358492.34526638518
  CPU_PRIME: 962.12966758686775
  CPU_SORTING: 250287.77845775554
  CPU_ENCRYPTION: 108069.55063359927
  CPU_COMPRESSION: 1906018.994438719
  CPU_SINGLETHREAD: 3250.9091279438107
  CPU_PHYSICS: 16623.019579715965
  CPU_MATRIX_MULT_SSE: 135297.39033248555
  CPU_mm: 14399.28191338758
  CPU_sse: 59902.390376290394
  CPU_fma: 156499.67621698405
  CPU_avx: 124297.26899529592
  CPU_avx512: 200490.2257413718
  m_CPU_enc_SHA: 114693548123.11852
  m_CPU_enc_AES: 149812332632.78979
  m_CPU_enc_ECDSA: 75451530619.622833
  ME_ALLOC_S: 34468.209581206298
  ME_READ_S: 26906.450976562501
  ME_READ_L: 12999.2802734375
  ME_WRITE: 13107.9033203125
  ME_LARGE: 177613.16666666666
  ME_LATENCY: 77.226948221954373
  ME_THREADED: 411009.041015625
  SUMM_CPU: 106933.38387416529
  SUMM_ME: 2470.1474389735135
SystemInformation:
  OSName: Ubuntu 24.04.2 LTS
  Kernel: 6.14.0-1014-aws
  Device: ""
  Processor: Intel Xeon 6975P-C
  NumSockets: 1
  Manufacturer: GenuineIntel
  NumCores: 48
  NumLogicals: 96
  CPUFrequency: 0
  Memory: 190297
  MemModuleInfo:
    iNumMemSticks: 2
    DIMM 1:
      manufacturer: Not Specified
      modulePartNo: Not Specified
      memType: DDR5
      size: 96
      clkspeed: 3600
      moduleVoltage: 0
    DIMM 2:
      manufacturer: Not Specified
      modulePartNo: Not Specified
      memType: DDR5
      size: 96
      clkspeed: 3600
      moduleVoltage: 0
Checksum: 1993A6BD7B01D3315B4AF02102266C3E65FD4612