---
system-info:
      stress-ng-version: 0.17.08
      run-by: root
      date-yyyy-mm-dd: 2024:09:23
      time-hh-mm-ss: 23:44:38
      epoch-secs: 1727135078
      hostname: sc-runner
      sysname: Linux
      nodename: sc-runner
      release: 6.8.0-1014-azure
      version: '#16-Ubuntu SMP Thu Aug 15 20:04:41 UTC 2024'
      machine: x86_64
      compiler: 'musl-gcc 13.2.1'
      uptime: 371
      totalram: 118157680640
      freeram: 107765669888
      sharedram: 46542848
      bufferram: 259600384
      totalswap: 0
      freeswap: 0
      pagesize: 4096
      cpus: 8
      cpus-online: 8
      ticks-per-second: 100

metrics:
    - stressor: cpu
      bogo-ops: 108611
      bogo-ops-per-second-usr-sys-time: 680.784127
      bogo-ops-per-second-real-time: 5430.515447
      wall-clock-time: 20.000127
      user-time: 159.496883
      system-time: 0.041208
      cpu-usage-per-instance: 99.710672
      max-rss: 3152

...
