---
system-info:
      stress-ng-version: 0.17.08
      run-by: root
      date-yyyy-mm-dd: 2024:09:03
      time-hh-mm-ss: 19:57:41
      epoch-secs: 1725393461
      hostname: sc-runner
      sysname: Linux
      nodename: sc-runner
      release: 6.8.0-1013-azure
      version: '#15-Ubuntu SMP Thu Aug  8 18:40:40 UTC 2024'
      machine: x86_64
      compiler: 'musl-gcc 13.2.1'
      uptime: 349
      totalram: 118157701120
      freeram: 109488766976
      sharedram: 54931456
      bufferram: 223567872
      totalswap: 0
      freeswap: 0
      pagesize: 4096
      cpus: 8
      cpus-online: 8
      ticks-per-second: 100

metrics:
    - stressor: cpu
      bogo-ops: 216674
      bogo-ops-per-second-usr-sys-time: 1356.732240
      bogo-ops-per-second-real-time: 10833.646356
      wall-clock-time: 20.000099
      user-time: 159.683854
      system-time: 0.018992
      cpu-usage-per-instance: 99.813785
      max-rss: 3256

...
