---
system-info:
      stress-ng-version: 0.17.08
      run-by: root
      date-yyyy-mm-dd: 2024:09:19
      time-hh-mm-ss: 07:08:55
      epoch-secs: 1726729735
      hostname: sc-runner
      sysname: Linux
      nodename: sc-runner
      release: 6.8.0-1014-azure
      version: '#16-Ubuntu SMP Thu Aug 15 21:06:50 UTC 2024'
      machine: aarch64
      compiler: 'musl-gcc 13.2.1'
      uptime: 337
      totalram: 202205147136
      freeram: 191157841920
      sharedram: 38506496
      bufferram: 246972416
      totalswap: 0
      freeswap: 0
      pagesize: 4096
      cpus: 48
      cpus-online: 48
      ticks-per-second: 100

metrics:
    - stressor: cpu
      bogo-ops: 1584540
      bogo-ops-per-second-usr-sys-time: 1651.297787
      bogo-ops-per-second-real-time: 79226.685221
      wall-clock-time: 20.000079
      user-time: 959.537554
      system-time: 0.034979
      cpu-usage-per-instance: 99.955075
      max-rss: 1152

...
