---
system-info:
      stress-ng-version: 0.17.08
      run-by: root
      date-yyyy-mm-dd: 2024:09:16
      time-hh-mm-ss: 17:36:34
      epoch-secs: 1726508194
      hostname: sc-runner
      sysname: Linux
      nodename: sc-runner
      release: 6.8.0-1014-azure
      version: '#16-Ubuntu SMP Thu Aug 15 21:06:50 UTC 2024'
      machine: aarch64
      compiler: 'musl-gcc 13.2.1'
      uptime: 310
      totalram: 67289284608
      freeram: 56817389568
      sharedram: 38367232
      bufferram: 229285888
      totalswap: 0
      freeswap: 0
      pagesize: 4096
      cpus: 32
      cpus-online: 32
      ticks-per-second: 100

metrics:
    - stressor: cpu
      bogo-ops: 1144387
      bogo-ops-per-second-usr-sys-time: 1789.383221
      bogo-ops-per-second-real-time: 57219.167132
      wall-clock-time: 20.000064
      user-time: 639.526725
      system-time: 0.015988
      cpu-usage-per-instance: 99.928230
      max-rss: 1024

...
