"size","threads","connections","rps","latency","failed","server_usr","server_sys","client_usr","client_sys"
"1k",16,16,405339,0.000038400,0,25.42,58.96,10.87,66.00
"1k",16,32,386793,0.000077830,0,22.59,58.55,9.14,63.11
"1k",16,64,428999,0.000139880,0,21.06,60.16,8.79,64.94
"1k",16,128,487994,0.000286620,0,19.63,62.15,9.06,67.03
"1k",16,256,534688,0.000699070,0,18.61,63.21,8.54,68.27
"1k",16,512,559960,0.001170000,0,18.82,63.55,8.46,68.45
"1k",32,32,410567,0.000078420,0,22.18,58.28,9.94,69.08
"1k",32,64,409972,0.000163890,0,18.32,59.32,9.88,68.86
"1k",32,128,452222,0.000455850,0,16.59,61.82,9.13,72.91
"1k",32,256,477998,0.000920000,0,16.09,61.88,9.32,73.61
"1k",32,512,488372,0.001340000,0,16.49,62.22,9.31,73.01
"1k",64,64,434545,0.000154650,0,20.30,57.33,11.10,72.19
"1k",64,128,406329,0.000522430,0,15.48,60.18,9.85,75.14
"1k",64,256,408733,0.000772380,0,16.31,59.83,10.92,73.75
"1k",64,512,411288,0.001340000,0,16.26,60.15,11.23,73.91
"16k",16,16,316395,0.000050060,0,22.17,55.37,10.59,67.69
"16k",16,32,323324,0.000095100,0,20.24,60.05,9.70,68.38
"16k",16,64,327515,0.000180680,0,20.89,58.94,8.85,66.51
"16k",16,128,365950,0.000361620,0,19.45,61.05,8.59,68.80
"16k",16,256,393192,0.000795590,0,18.09,62.66,8.53,69.73
"16k",16,512,402451,0.001360000,0,17.81,62.90,8.55,69.46
"16k",32,32,327800,0.000098050,0,22.93,54.72,10.53,71.25
"16k",32,64,330605,0.000198160,0,18.67,57.86,10.14,71.41
"16k",32,128,347288,0.000494000,0,15.73,61.21,9.36,74.24
"16k",32,256,361462,0.001060000,0,15.41,61.61,9.43,74.81
"16k",32,512,373424,0.001640000,0,15.78,62.01,9.42,74.10
"16k",64,64,354676,0.000186770,0,20.16,55.51,11.44,74.00
"16k",64,128,316699,0.000619450,0,14.94,59.76,10.02,75.73
"16k",64,256,319206,0.000930000,0,16.09,57.93,11.03,74.63
"16k",64,512,326738,0.001660000,0,15.62,59.33,10.75,75.32
"64k",16,16,173358,0.000091790,0,20.43,56.14,9.70,68.72
"64k",16,32,176704,0.000173130,0,18.37,57.58,9.04,69.12
"64k",16,64,174847,0.000338260,0,17.56,61.56,7.86,68.50
"64k",16,128,185664,0.000668020,0,16.20,64.86,7.57,69.22
"64k",16,256,191400,0.001330000,0,15.87,66.21,7.24,69.64
"64k",16,512,190253,0.002500000,0,17.78,65.43,7.26,69.67
"64k",32,32,197254,0.000162900,0,17.35,56.89,10.22,75.70
"64k",32,64,180507,0.000381400,0,14.67,61.15,8.80,72.96
"64k",32,128,183079,0.000880000,0,13.03,64.79,8.42,74.47
"64k",32,256,186711,0.001610000,0,12.55,66.19,8.34,74.04
"64k",32,512,188771,0.002750000,0,13.97,65.75,8.10,73.33
"64k",64,64,205386,0.000318780,0,16.54,56.44,10.52,77.78
"64k",64,128,174777,0.000870000,0,12.90,63.17,9.23,75.75
"64k",64,256,178567,0.001490000,0,13.13,62.56,10.54,75.11
"64k",64,512,177526,0.002900000,0,13.84,63.06,9.85,75.54
"256k",16,16,82735,0.000203420,0,13.51,57.97,10.74,76.74
"256k",16,32,72682,0.000422190,0,15.23,65.31,8.73,68.57
"256k",16,64,65518,0.000920000,0,16.24,69.57,7.24,64.35
"256k",16,128,65967,0.001830000,0,17.15,71.26,7.06,64.37
"256k",16,256,65314,0.003550000,0,19.26,70.88,6.81,64.00
"256k",32,32,78686,0.000435600,0,14.10,64.21,9.97,72.95
"256k",32,64,69173,0.000970000,0,11.82,70.17,8.15,70.87
"256k",32,128,67755,0.001960000,0,11.66,72.16,7.69,69.13
"256k",32,256,66855,0.003720000,0,15.76,69.55,7.89,68.13
"256k",64,64,77653,0.000850000,0,12.94,64.40,10.39,74.06
"256k",64,128,69551,0.001890000,0,12.06,68.37,9.02,72.05
"256k",64,256,67957,0.003740000,0,14.63,67.51,9.03,70.90
"512k",16,16,43866,0.000368570,0,12.81,65.19,10.17,72.75
"512k",16,32,38243,0.000782740,0,14.18,69.69,8.11,66.63
"512k",16,64,35400,0.001690000,0,17.03,71.32,7.00,62.73
"512k",16,128,34665,0.003350000,0,19.90,71.33,6.55,62.38
"512k",16,256,36689,0.006230000,0,24.05,66.90,6.75,63.29
"512k",32,32,43373,0.000736610,0,10.46,70.99,9.80,70.14
"512k",32,64,36800,0.001760000,0,11.06,73.14,7.77,68.27
"512k",32,128,36050,0.003490000,0,14.97,72.19,7.54,66.36
"512k",32,256,37288,0.006670000,0,21.19,66.82,7.76,65.87
"512k",64,64,42038,0.001530000,0,11.27,69.03,10.55,71.03
"512k",64,128,37170,0.003410000,0,14.51,69.19,9.05,68.84
"512k",64,256,36544,0.006930000,0,19.93,65.80,8.89,67.32
