---
system-info:
      stress-ng-version: 0.17.08
      run-by: root
      date-yyyy-mm-dd: 2024:09:02
      time-hh-mm-ss: 23:57:15
      epoch-secs: 1725321435
      hostname: sc-runner
      sysname: Linux
      nodename: sc-runner
      release: 6.8.0-1013-azure
      version: '#15-Ubuntu SMP Thu Aug  8 18:40:40 UTC 2024'
      machine: x86_64
      compiler: 'musl-gcc 13.2.1'
      uptime: 407
      totalram: 14653558784
      freeram: 6167134208
      sharedram: 42151936
      bufferram: 212373504
      totalswap: 0
      freeswap: 0
      pagesize: 4096
      cpus: 2
      cpus-online: 2
      ticks-per-second: 100

metrics:
    - stressor: cpu
      bogo-ops: 20851
      bogo-ops-per-second-usr-sys-time: 1042.648426
      bogo-ops-per-second-real-time: 1042.540406
      wall-clock-time: 20.000184
      user-time: 19.996113
      system-time: 0.001999
      cpu-usage-per-instance: 99.989640
      max-rss: 3152

...
