BaselineInfo:
  WebDBID: -1
  TimeStamp: 20260404174753
Version:
  Major: 11
  Minor: 0
  Build: 1004
  SpecialBuildName: ""
  ptArchitecture: x86_64_linux
Results:
  Results Complete: true
  NumTestProcesses: 12
  CPU_INTEGER_MATH: 29553.040000000001
  CPU_FLOATINGPOINT_MATH: 15856.368529823247
  CPU_PRIME: 58.082262885531705
  CPU_SORTING: 18156.469017578878
  CPU_ENCRYPTION: 4091.3184843605877
  CPU_COMPRESSION: 136429.34478257337
  CPU_SINGLETHREAD: 1685.2337559670068
  CPU_PHYSICS: 1003.3445226234192
  CPU_MATRIX_MULT_SSE: 8920.3314995907949
  CPU_mm: 898.91935183818975
  CPU_sse: 3217.2365181892337
  CPU_fma: 10978.467283245644
  CPU_avx: 7761.099895505924
  CPU_avx512: 13724.522301422377
  m_CPU_enc_SHA: 1335864756.6939111
  m_CPU_enc_AES: 10325599891.224987
  m_CPU_enc_ECDSA: 1208710465.2517643
  ME_ALLOC_S: 3304.7178929744982
  ME_READ_S: 19538.3994140625
  ME_READ_L: 6957.61181640625
  ME_WRITE: 7502.9814453125
  ME_LARGE: 34745.75
  ME_LATENCY: 79.161840052439047
  ME_THREADED: 53782.90087890625
  SUMM_CPU: 10094.601035522646
  SUMM_ME: 1778.8942665268742
SystemInformation:
  OSName: Ubuntu 24.04.4 LTS
  Kernel: 6.8.0-106-generic
  Device: ""
  Processor: Intel(R) Xeon(R) Platinum 8163 CPU @ 2.50GHz
  NumSockets: 1
  Manufacturer: GenuineIntel
  NumCores: 6
  NumLogicals: 12
  CPUFrequency: 2500
  CPUMaxFrequency: 3100
  Memory: 47788
  CPUInfo:
    number: 1
    Family: 6
    Model: 5
    stepping: 4
    features: 529267711
    manufacture: GenuineIntel
    typestring: Intel(R) Xeon(R) Platinum 8163 CPU @ 2.50GHz
    iCoresPerPackage: 6
    iThreadsPerPackage: 2
    featuresEx:
      - 529267711
      - 4294586883
      - 739248128
    bHybrid: false
    nPCore: 0
    nLogicalsPerPCore: 0
    nECore: 0
    nLogicalsPerECore: 0
  MemModuleInfo:
    iNumMemSticks: 3
    DIMM 1:
      manufacturer: Alibaba Cloud
      modulePartNo: Not Specified
      memType: RAM
      size: 16
      clkspeed: 0
      moduleVoltage: 0
    DIMM 2:
      manufacturer: Alibaba Cloud
      modulePartNo: Not Specified
      memType: RAM
      size: 16
      clkspeed: 0
      moduleVoltage: 0
    DIMM 3:
      manufacturer: Alibaba Cloud
      modulePartNo: Not Specified
      memType: RAM
      size: 16
      clkspeed: 0
      moduleVoltage: 0
Checksum: D596CF86C54759BDEAE6120E57DBEF74E1D1D345