---
system-info:
      stress-ng-version: 0.17.08
      run-by: root
      date-yyyy-mm-dd: 2024:06:08
      time-hh-mm-ss: 17:17:55
      epoch-secs: 1717867075
      hostname: 0b32ecc6fd3a
      sysname: Linux
      nodename: 0b32ecc6fd3a
      release: 6.8.0-1008-aws
      version: '#8-Ubuntu SMP Sat Apr 20 00:46:25 UTC 2024'
      machine: x86_64
      compiler: 'musl-gcc 13.2.1'
      uptime: 116
      totalram: 132914003968
      freeram: 128295460864
      sharedram: 59994112
      bufferram: 104054784
      totalswap: 0
      freeswap: 0
      pagesize: 4096
      cpus: 32
      cpus-online: 32
      ticks-per-second: 100

metrics:
    - stressor: cpu
      bogo-ops: 16761
      bogo-ops-per-second-usr-sys-time: 1675.135792
      bogo-ops-per-second-real-time: 1675.139880
      wall-clock-time: 10.005732
      user-time: 10.005756
      system-time: 0.000000
      cpu-usage-per-instance: 100.000244
      max-rss: 3848

...
