---
system-info:
      stress-ng-version: 0.17.08
      run-by: root
      date-yyyy-mm-dd: 2024:06:14
      time-hh-mm-ss: 23:21:02
      epoch-secs: 1718407262
      hostname: 89b75e1880d1
      sysname: Linux
      nodename: 89b75e1880d1
      release: 6.8.0-1008-aws
      version: '#8-Ubuntu SMP Sat Apr 20 00:46:25 UTC 2024'
      machine: x86_64
      compiler: 'musl-gcc 13.2.1'
      uptime: 136
      totalram: 132914003968
      freeram: 128347316224
      sharedram: 59994112
      bufferram: 109875200
      totalswap: 0
      freeswap: 0
      pagesize: 4096
      cpus: 32
      cpus-online: 32
      ticks-per-second: 100

metrics:
    - stressor: cpu
      bogo-ops: 37833
      bogo-ops-per-second-usr-sys-time: 1891.627584
      bogo-ops-per-second-real-time: 1891.641115
      wall-clock-time: 20.000094
      user-time: 20.000237
      system-time: 0.000000
      cpu-usage-per-instance: 100.000715
      max-rss: 1032

...
