BaselineInfo:
  WebDBID: -1
  TimeStamp: 20241107171620
Version:
  Major: 11
  Minor: 0
  Build: 1002
  SpecialBuildName: ""
  ptArchitecture: x86_64_linux
Results:
  Results Complete: true
  NumTestProcesses: 4
  CPU_INTEGER_MATH: 11839.628666666664
  CPU_FLOATINGPOINT_MATH: 6362.8127461891381
  CPU_PRIME: 26.345149395167677
  CPU_SORTING: 6347.0228386039125
  CPU_ENCRYPTION: 1631.2426934580842
  CPU_COMPRESSION: 53009.447228182777
  CPU_SINGLETHREAD: 1901.8791508855948
  CPU_PHYSICS: 565.73561787636982
  CPU_MATRIX_MULT_SSE: 3681.8715970859821
  CPU_mm: 360.13451443698455
  CPU_sse: 1299.6805884114926
  CPU_fma: 4408.076347868925
  CPU_avx: 3111.6031108717834
  CPU_avx512: 5908.1263411917244
  m_CPU_enc_SHA: 535905243.20662355
  m_CPU_enc_AES: 4118019903.7273693
  m_CPU_enc_ECDSA: 477520668.67251939
  ME_ALLOC_S: 1422.2051471027371
  ME_READ_S: 23044.474999999999
  ME_READ_L: 10533.0771484375
  ME_WRITE: 9773.87109375
  ME_LARGE: 21717
  ME_LATENCY: 53.183441537285439
  ME_THREADED: 24851.88623046875
  SUMM_CPU: 4268.477626859084
  SUMM_ME: 2137.1260631079003
SystemInformation:
  OSName: Ubuntu 24.04.1 LTS
  Kernel: 6.8.0-1016-aws
  Device: ""
  Processor: Intel Xeon Platinum 8259CL CPU @ 2.50GHz
  NumSockets: 1
  Manufacturer: GenuineIntel
  NumCores: 2
  NumLogicals: 4
  CPUFrequency: 0
  Memory: 31724
  MemModuleInfo:
    iNumMemSticks: 1
    DIMM 1:
      manufacturer: Not Specified
      modulePartNo: Not Specified
      memType: DDR4
      size: 32
      clkspeed: 1466
      moduleVoltage: 0
Checksum: 06683ED4FE036AC64214AEC1D37C66AFF1068951