---
system-info:
      stress-ng-version: 0.17.08
      run-by: root
      date-yyyy-mm-dd: 2024:06:08
      time-hh-mm-ss: 02:18:20
      epoch-secs: 1717813100
      hostname: 248b3efbc780
      sysname: Linux
      nodename: 248b3efbc780
      release: 6.8.0-1008-aws
      version: '#8-Ubuntu SMP Sat Apr 20 00:46:25 UTC 2024'
      machine: x86_64
      compiler: 'musl-gcc 13.2.1'
      uptime: 131
      totalram: 267397996544
      freeram: 262865588224
      sharedram: 40988672
      bufferram: 95215616
      totalswap: 0
      freeswap: 0
      pagesize: 4096
      cpus: 32
      cpus-online: 32
      ticks-per-second: 100

metrics:
    - stressor: cpu
      bogo-ops: 318302
      bogo-ops-per-second-usr-sys-time: 995.631816
      bogo-ops-per-second-real-time: 31824.357990
      wall-clock-time: 10.001836
      user-time: 319.641527
      system-time: 0.056975
      cpu-usage-per-instance: 99.887445
      max-rss: 3848

...
