---
system-info:
      stress-ng-version: 0.17.08
      run-by: root
      date-yyyy-mm-dd: 2024:06:13
      time-hh-mm-ss: 15:41:22
      epoch-secs: 1718293282
      hostname: 48f44c5fe2c6
      sysname: Linux
      nodename: 48f44c5fe2c6
      release: 6.8.0-1008-aws
      version: '#8-Ubuntu SMP Sat Apr 20 00:46:25 UTC 2024'
      machine: x86_64
      compiler: 'musl-gcc 13.2.1'
      uptime: 152
      totalram: 267397984256
      freeram: 262796550144
      sharedram: 40988672
      bufferram: 105672704
      totalswap: 0
      freeswap: 0
      pagesize: 4096
      cpus: 32
      cpus-online: 32
      ticks-per-second: 100

metrics:
    - stressor: cpu
      bogo-ops: 540828
      bogo-ops-per-second-usr-sys-time: 845.639565
      bogo-ops-per-second-real-time: 27041.260510
      wall-clock-time: 20.000103
      user-time: 639.516084
      system-time: 0.032989
      cpu-usage-per-instance: 99.929027
      max-rss: 1032

...
