BaselineInfo:
  WebDBID: -1
  TimeStamp: 20241107211625
Version:
  Major: 11
  Minor: 0
  Build: 1002
  SpecialBuildName: ""
  ptArchitecture: x86_64_linux
Results:
  Results Complete: true
  NumTestProcesses: 8
  CPU_INTEGER_MATH: 31781.493333333328
  CPU_FLOATINGPOINT_MATH: 22679.192927258002
  CPU_PRIME: 71.303745444718274
  CPU_SORTING: 16248.07216707093
  CPU_ENCRYPTION: 6995.1550908839354
  CPU_COMPRESSION: 118907.60146611338
  CPU_SINGLETHREAD: 2474.9438079998749
  CPU_PHYSICS: 1510.5432871937924
  CPU_MATRIX_MULT_SSE: 8244.736310159833
  CPU_mm: 900.2152896783241
  CPU_sse: 3871.0846543889552
  CPU_fma: 9518.16362021028
  CPU_avx: 7424.2962553200132
  CPU_avx512: 12165.400710720085
  m_CPU_enc_SHA: 7432277702.7835035
  m_CPU_enc_AES: 9608770186.4138336
  m_CPU_enc_ECDSA: 4963807344.5388012
  ME_ALLOC_S: 3907.1034258550462
  ME_READ_S: 22273.7958984375
  ME_READ_L: 9156.228515625
  ME_WRITE: 7858.9599609375
  ME_LARGE: 22002.5
  ME_LATENCY: 72.425292936591234
  ME_THREADED: 46454.87890625
  SUMM_CPU: 11777.790157839601
  SUMM_ME: 1980.2707082952472
SystemInformation:
  OSName: Ubuntu 24.04.1 LTS
  Kernel: 6.8.0-1015-gcp
  Device: ""
  Processor: Intel Xeon Platinum 8481C CPU @ 2.70GHz
  NumSockets: 1
  Manufacturer: GenuineIntel
  NumCores: 4
  NumLogicals: 8
  CPUFrequency: 0
  Memory: 32092
  MemModuleInfo:
    iNumMemSticks: 2
    DIMM 1:
      manufacturer: ""
      modulePartNo: ""
      memType: RAM
      size: 16
      clkspeed: 0
      moduleVoltage: 0
    DIMM 2:
      manufacturer: ""
      modulePartNo: ""
      memType: RAM
      size: 16
      clkspeed: 0
      moduleVoltage: 0
Checksum: 957F08FF13C0CC509B89A4B404E01416A19E486A