BaselineInfo:
  WebDBID: -1
  TimeStamp: 20250426035643
Version:
  Major: 11
  Minor: 0
  Build: 1002
  SpecialBuildName: ""
  ptArchitecture: x86_64_linux
Results:
  Results Complete: true
  NumTestProcesses: 16
  CPU_INTEGER_MATH: 84144.111666666649
  CPU_FLOATINGPOINT_MATH: 59609.876837684329
  CPU_PRIME: 165.55087991987622
  CPU_SORTING: 42011.389940170346
  CPU_ENCRYPTION: 18627.925125861679
  CPU_COMPRESSION: 305143.61579869204
  CPU_SINGLETHREAD: 3219.2887164200342
  CPU_PHYSICS: 3879.2997366143522
  CPU_MATRIX_MULT_SSE: 24241.045675155521
  CPU_mm: 2402.5016344411606
  CPU_sse: 10321.103041271319
  CPU_fma: 24438.74071357512
  CPU_avx: 20929.48419613548
  CPU_avx512: 41274.854749640181
  m_CPU_enc_SHA: 19584921332.339939
  m_CPU_enc_AES: 25506666415.394501
  m_CPU_enc_ECDSA: 13506797902.592173
  ME_ALLOC_S: 10080.406257448492
  ME_READ_S: 25650.280957031249
  ME_READ_L: 7938.61669921875
  ME_WRITE: 17133.07421875
  ME_LARGE: 117005.25
  ME_LATENCY: 45.396287053724016
  ME_THREADED: 126418.845703125
  SUMM_CPU: 29132.416298586519
  SUMM_ME: 2799.2709478970178
SystemInformation:
  OSName: Ubuntu 24.04.2 LTS
  Kernel: 6.8.0-1027-aws
  Device: ""
  Processor: Intel Xeon Platinum 8559C
  NumSockets: 1
  Manufacturer: GenuineIntel
  NumCores: 8
  NumLogicals: 16
  CPUFrequency: 0
  Memory: 126762
  MemModuleInfo:
    iNumMemSticks: 1
    DIMM 1:
      manufacturer: Not Specified
      modulePartNo: Not Specified
      memType: DDR5
      size: 128
      clkspeed: 2800
      moduleVoltage: 0
Checksum: 2D1AFAE7BABE356D183967D4E4EA17D5083F66DB