---
system-info:
      stress-ng-version: 0.17.08
      run-by: root
      date-yyyy-mm-dd: 2024:06:20
      time-hh-mm-ss: 23:14:07
      epoch-secs: 1718925247
      hostname: dbce5c58b817
      sysname: Linux
      nodename: dbce5c58b817
      release: 6.8.0-1008-gcp
      version: '#9-Ubuntu SMP Wed May 22 18:09:04 UTC 2024'
      machine: x86_64
      compiler: 'musl-gcc 13.2.1'
      uptime: 225
      totalram: 16768077824
      freeram: 11822284800
      sharedram: 59088896
      bufferram: 135069696
      totalswap: 0
      freeswap: 0
      pagesize: 4096
      cpus: 2
      cpus-online: 2
      ticks-per-second: 100

metrics:
    - stressor: cpu
      bogo-ops: 21895
      bogo-ops-per-second-usr-sys-time: 1095.124423
      bogo-ops-per-second-real-time: 1094.746489
      wall-clock-time: 20.000064
      user-time: 19.993162
      system-time: 0.000000
      cpu-usage-per-instance: 99.965489
      max-rss: 1104

...
