BaselineInfo:
  WebDBID: -1
  TimeStamp: 20250820215251
Version:
  Major: 11
  Minor: 0
  Build: 1002
  SpecialBuildName: ""
  ptArchitecture: x86_64_linux
Results:
  Results Complete: true
  NumTestProcesses: 2
  CPU_INTEGER_MATH: 10266.244999999999
  CPU_FLOATINGPOINT_MATH: 7453.4335047495897
  CPU_PRIME: 21.760944862856224
  CPU_SORTING: 5367.0493171525795
  CPU_ENCRYPTION: 2239.9239878243511
  CPU_COMPRESSION: 40773.92264097002
  CPU_SINGLETHREAD: 3241.7972491339533
  CPU_PHYSICS: 486.89486765184876
  CPU_MATRIX_MULT_SSE: 2731.2202073488529
  CPU_mm: 307.28713307139247
  CPU_sse: 1258.2197230448146
  CPU_fma: 3269.2955079373914
  CPU_avx: 2661.293012643187
  CPU_avx512: 3736.072585770019
  m_CPU_enc_SHA: 2394613108.9291477
  m_CPU_enc_AES: 3122055060.1470232
  m_CPU_enc_ECDSA: 1529523437.2945499
  ME_ALLOC_S: 1618.6865836019497
  ME_READ_S: 27868.566796874999
  ME_READ_L: 13303.97265625
  ME_WRITE: 12461.814453125
  ME_LARGE: 6161
  ME_LATENCY: 68.230916606884946
  ME_THREADED: 19451.5087890625
  SUMM_CPU: 4068.80709242681
  SUMM_ME: 1937.6258388720489
SystemInformation:
  OSName: Ubuntu 24.04.2 LTS
  Kernel: 6.14.0-1010-aws
  Device: ""
  Processor: Intel Xeon 6975P-C
  NumSockets: 1
  Manufacturer: GenuineIntel
  NumCores: 1
  NumLogicals: 2
  CPUFrequency: 0
  Memory: 15706
  MemModuleInfo:
    iNumMemSticks: 1
    DIMM 1:
      manufacturer: Not Specified
      modulePartNo: Not Specified
      memType: DDR5
      size: 16
      clkspeed: 3600
      moduleVoltage: 0
Checksum: 9DF03396502B258CAF63D3D6B5246E65CDDF66C0