BaselineInfo:
  WebDBID: -1
  TimeStamp: 20260618034259
Version:
  Major: 11
  Minor: 0
  Build: 1004
  SpecialBuildName: ""
  ptArchitecture: x86_64_linux
Results:
  Results Complete: true
  NumTestProcesses: 32
  CPU_INTEGER_MATH: 133078.85000000001
  CPU_FLOATINGPOINT_MATH: 72843.81284295072
  CPU_PRIME: 192.93653353172164
  CPU_SORTING: 71851.848402204603
  CPU_ENCRYPTION: 34051.872825312494
  CPU_COMPRESSION: 503694.07598023332
  CPU_SINGLETHREAD: 2389.5650124461649
  CPU_PHYSICS: 4033.3634771360325
  CPU_MATRIX_MULT_SSE: 29937.642346598615
  CPU_mm: 3595.0855111240817
  CPU_sse: 15163.387246454833
  CPU_fma: 41664.391880515795
  CPU_avx: 32985.147912825247
  CPU_avx512: 0
  m_CPU_enc_SHA: 49356172310.383812
  m_CPU_enc_AES: 31541081626.06031
  m_CPU_enc_ECDSA: 26220675862.580502
  ME_ALLOC_S: 13622.432342172042
  ME_READ_S: 23678.363476562499
  ME_READ_L: 16578.998046875
  ME_WRITE: 17463.955078125
  ME_LARGE: 52819.75
  ME_LATENCY: 61.859954142092526
  ME_THREADED: 83592.8125
  SUMM_CPU: 38324.484508397145
  SUMM_ME: 2754.9909199744225
SystemInformation:
  OSName: Ubuntu 24.04.4 LTS
  Kernel: 6.8.0-117-generic
  Device: ""
  Processor: "AMD EPYC 7T83 64-Core Processor                "
  NumSockets: 1
  Manufacturer: AuthenticAMD
  NumCores: 16
  NumLogicals: 32
  CPUFrequency: 0
  CPUMaxFrequency: 0
  Memory: 61878
  CPUInfo:
    number: 1
    Family: 15
    Model: 1
    stepping: 1
    features: 395049983
    manufacture: AuthenticAMD
    typestring: "AMD EPYC 7T83 64-Core Processor                "
    iCoresPerPackage: 16
    iThreadsPerPackage: 2
    featuresEx:
      - 395049983
      - 4277809667
      - 802421759
    bHybrid: false
    nPCore: 0
    nLogicalsPerPCore: 0
    nECore: 0
    nLogicalsPerECore: 0
  MemModuleInfo:
    iNumMemSticks: 4
    DIMM 1:
      manufacturer: Alibaba Cloud
      modulePartNo: Not Specified
      memType: RAM
      size: 16
      clkspeed: 0
      moduleVoltage: 0
    DIMM 2:
      manufacturer: Alibaba Cloud
      modulePartNo: Not Specified
      memType: RAM
      size: 16
      clkspeed: 0
      moduleVoltage: 0
    DIMM 3:
      manufacturer: Alibaba Cloud
      modulePartNo: Not Specified
      memType: RAM
      size: 16
      clkspeed: 0
      moduleVoltage: 0
    DIMM 4:
      manufacturer: Alibaba Cloud
      modulePartNo: Not Specified
      memType: RAM
      size: 16
      clkspeed: 0
      moduleVoltage: 0
Checksum: B20F9B2C96DEED0F59F0B71A5F5FBC34B8794E20