---
system-info:
      stress-ng-version: 0.17.08
      run-by: root
      date-yyyy-mm-dd: 2024:07:29
      time-hh-mm-ss: 12:34:11
      epoch-secs: 1722256451
      hostname: c3d-highmem-30-lssd-991d543
      sysname: Linux
      nodename: c3d-highmem-30-lssd-991d543
      release: 6.8.0-1011-gcp
      version: '#12-Ubuntu SMP Wed Jul 10 21:47:53 UTC 2024'
      machine: x86_64
      compiler: 'musl-gcc 13.2.1'
      uptime: 142
      totalram: 253341847552
      freeram: 247813869568
      sharedram: 35094528
      bufferram: 142098432
      totalswap: 0
      freeswap: 0
      pagesize: 4096
      cpus: 30
      cpus-online: 30
      ticks-per-second: 100

metrics:
    - stressor: cpu
      bogo-ops: 57259
      bogo-ops-per-second-usr-sys-time: 2863.032598
      bogo-ops-per-second-real-time: 2862.936690
      wall-clock-time: 20.000093
      user-time: 19.999423
      system-time: 0.000000
      cpu-usage-per-instance: 99.996650
      max-rss: 972

...
