BaselineInfo:
  WebDBID: -1
  TimeStamp: 20241109201930
Version:
  Major: 11
  Minor: 0
  Build: 1002
  SpecialBuildName: ""
  ptArchitecture: x86_64_linux
Results:
  Results Complete: true
  NumTestProcesses: 48
  CPU_INTEGER_MATH: 201272.40933333329
  CPU_FLOATINGPOINT_MATH: 102857.21618391172
  CPU_PRIME: 220.84078641997641
  CPU_SORTING: 98578.347706266955
  CPU_ENCRYPTION: 43336.171496654715
  CPU_COMPRESSION: 727367.90239870711
  CPU_SINGLETHREAD: 2364.5568410489063
  CPU_PHYSICS: 3865.1523861302844
  CPU_MATRIX_MULT_SSE: 41881.135556135836
  CPU_mm: 4336.5326312215684
  CPU_sse: 18800.189769888795
  CPU_fma: 50689.462585344234
  CPU_avx: 38575.102220679917
  CPU_avx512: 59459.787648630445
  m_CPU_enc_SHA: 44016300344.873184
  m_CPU_enc_AES: 65575180024.77253
  m_CPU_enc_ECDSA: 26732327720.182941
  ME_ALLOC_S: 20760.063618071468
  ME_READ_S: 23695.683007812499
  ME_READ_L: 10751.3330078125
  ME_WRITE: 10017.626953125
  ME_LARGE: 368314.91666666669
  ME_LATENCY: 62.897694525769928
  ME_THREADED: 145900.875
  SUMM_CPU: 48196.430812389561
  SUMM_ME: 2485.6704079049018
SystemInformation:
  OSName: Ubuntu 24.04.1 LTS
  Kernel: 6.8.0-1016-aws
  Device: ""
  Processor: Intel Xeon Platinum 8375C CPU @ 2.90GHz
  NumSockets: 1
  Manufacturer: GenuineIntel
  NumCores: 24
  NumLogicals: 48
  CPUFrequency: 0
  Memory: 380668
  MemModuleInfo:
    iNumMemSticks: 1
    DIMM 1:
      manufacturer: Not Specified
      modulePartNo: Not Specified
      memType: DDR4
      size: 384
      clkspeed: 1600
      moduleVoltage: 0
Checksum: 38E82063273301E2B16FE7A98A8D71E8EFDBBA86