---
system-info:
      stress-ng-version: 0.17.08
      run-by: root
      date-yyyy-mm-dd: 2024:06:21
      time-hh-mm-ss: 03:42:24
      epoch-secs: 1718941344
      hostname: 4885e887fcb6
      sysname: Linux
      nodename: 4885e887fcb6
      release: 6.8.0-1008-gcp
      version: '#9-Ubuntu SMP Wed May 22 18:09:04 UTC 2024'
      machine: x86_64
      compiler: 'musl-gcc 13.2.1'
      uptime: 161
      totalram: 33653616640
      freeram: 28651585536
      sharedram: 34988032
      bufferram: 133152768
      totalswap: 0
      freeswap: 0
      pagesize: 4096
      cpus: 4
      cpus-online: 4
      ticks-per-second: 100

metrics:
    - stressor: cpu
      bogo-ops: 106941
      bogo-ops-per-second-usr-sys-time: 1346.869035
      bogo-ops-per-second-real-time: 5347.030399
      wall-clock-time: 20.000073
      user-time: 79.381722
      system-time: 0.017980
      cpu-usage-per-instance: 99.249264
      max-rss: 1104

...
