BaselineInfo:
  WebDBID: -1
  TimeStamp: 20241219021658
Version:
  Major: 11
  Minor: 0
  Build: 1002
  SpecialBuildName: ""
  ptArchitecture: x86_64_linux
Results:
  Results Complete: true
  NumTestProcesses: 24
  CPU_INTEGER_MATH: 115162.85200000001
  CPU_FLOATINGPOINT_MATH: 83425.079284805412
  CPU_PRIME: 382.41527188828258
  CPU_SORTING: 67249.789111882579
  CPU_ENCRYPTION: 28002.422891219518
  CPU_COMPRESSION: 506345.02525495883
  CPU_SINGLETHREAD: 2167.2717825482946
  CPU_PHYSICS: 5268.0863269964939
  CPU_MATRIX_MULT_SSE: 43078.558962400173
  CPU_mm: 4888.5779815926526
  CPU_sse: 19091.558201886786
  CPU_fma: 62170.415229900194
  CPU_avx: 47973.703455413532
  CPU_avx512: 0
  m_CPU_enc_SHA: 39490676953.564316
  m_CPU_enc_AES: 25448554459.305996
  m_CPU_enc_ECDSA: 23148774343.879902
  ME_ALLOC_S: 14172.663987780337
  ME_READ_S: 25147.546875
  ME_READ_L: 12040.9169921875
  ME_WRITE: 11404.3046875
  ME_LARGE: 84815.666666666672
  ME_LATENCY: 55.908190296895704
  ME_THREADED: 62097.879638671875
  SUMM_CPU: 38909.544723023741
  SUMM_ME: 2649.2657504577141
SystemInformation:
  OSName: Ubuntu 24.04.1 LTS
  Kernel: 6.8.0-31-generic
  Device: ""
  Processor: AMD EPYC 7542 32-Core Processor
  NumSockets: 1
  Manufacturer: AuthenticAMD
  NumCores: 24
  NumLogicals: 24
  CPUFrequency: 0
  Memory: 96514
  MemModuleInfo:
    iNumMemSticks: 6
    DIMM 1:
      manufacturer: QEMU
      modulePartNo: Not Specified
      memType: RAM
      size: 16
      clkspeed: 0
      moduleVoltage: 0
    DIMM 2:
      manufacturer: QEMU
      modulePartNo: Not Specified
      memType: RAM
      size: 16
      clkspeed: 0
      moduleVoltage: 0
    DIMM 3:
      manufacturer: QEMU
      modulePartNo: Not Specified
      memType: RAM
      size: 16
      clkspeed: 0
      moduleVoltage: 0
    DIMM 4:
      manufacturer: QEMU
      modulePartNo: Not Specified
      memType: RAM
      size: 16
      clkspeed: 0
      moduleVoltage: 0
    DIMM 5:
      manufacturer: QEMU
      modulePartNo: Not Specified
      memType: RAM
      size: 16
      clkspeed: 0
      moduleVoltage: 0
    DIMM 6:
      manufacturer: QEMU
      modulePartNo: Not Specified
      memType: RAM
      size: 16
      clkspeed: 0
      moduleVoltage: 0
Checksum: E1787181566EC0D4FFA2A39CB6DF57D64D34A978