BaselineInfo:
  WebDBID: -1
  TimeStamp: 20260714191013
Version:
  Major: 11
  Minor: 0
  Build: 1004
  SpecialBuildName: ""
  ptArchitecture: x86_64_linux
Results:
  Results Complete: true
  NumTestProcesses: 24
  CPU_INTEGER_MATH: 155429.15299999999
  CPU_FLOATINGPOINT_MATH: 129524.92126560702
  CPU_PRIME: 263.67885620330628
  CPU_SORTING: 70661.938671974538
  CPU_ENCRYPTION: 30732.093452674893
  CPU_COMPRESSION: 574167.57598071732
  CPU_SINGLETHREAD: 3384.9276462482144
  CPU_PHYSICS: 5137.6763256844524
  CPU_MATRIX_MULT_SSE: 47622.258500613752
  CPU_mm: 4898.7931013526513
  CPU_sse: 18551.001888284496
  CPU_fma: 54807.858711717097
  CPU_avx: 40923.803814649407
  CPU_avx512: 76206.369587804016
  m_CPU_enc_SHA: 42421012671.763374
  m_CPU_enc_AES: 28114835678.799774
  m_CPU_enc_ECDSA: 26138958522.132946
  ME_ALLOC_S: 18158.311370675594
  ME_READ_S: 29005.458203124999
  ME_READ_L: 21969.037109375
  ME_WRITE: 21532.78515625
  ME_LARGE: 86996.75
  ME_LATENCY: 151.48833622217265
  ME_THREADED: 189012.224609375
  SUMM_CPU: 48493.674032827643
  SUMM_ME: 1711.783415422613
SystemInformation:
  OSName: Ubuntu 24.04.4 LTS
  Kernel: 6.8.0-134-generic
  Device: ""
  Processor: "AMD EPYC 9575F 64-Core Processor               "
  NumSockets: 1
  Manufacturer: AuthenticAMD
  NumCores: 24
  NumLogicals: 24
  CPUFrequency: 0
  CPUMaxFrequency: 0
  Memory: 96513
  CPUInfo:
    number: 1
    Family: 15
    Model: 2
    stepping: 1
    features: 395049983
    manufacture: AuthenticAMD
    typestring: "AMD EPYC 9575F 64-Core Processor               "
    iCoresPerPackage: 128
    iThreadsPerPackage: 1
    featuresEx:
      - 395049983
      - 4294586883
      - 802421759
    bHybrid: false
    nPCore: 0
    nLogicalsPerPCore: 0
    nECore: 0
    nLogicalsPerECore: 0
  MemModuleInfo:
    iNumMemSticks: 6
    DIMM 1:
      manufacturer: QEMU
      modulePartNo: Not Specified
      memType: RAM
      size: 16
      clkspeed: 0
      moduleVoltage: 0
    DIMM 2:
      manufacturer: QEMU
      modulePartNo: Not Specified
      memType: RAM
      size: 16
      clkspeed: 0
      moduleVoltage: 0
    DIMM 3:
      manufacturer: QEMU
      modulePartNo: Not Specified
      memType: RAM
      size: 16
      clkspeed: 0
      moduleVoltage: 0
    DIMM 4:
      manufacturer: QEMU
      modulePartNo: Not Specified
      memType: RAM
      size: 16
      clkspeed: 0
      moduleVoltage: 0
    DIMM 5:
      manufacturer: QEMU
      modulePartNo: Not Specified
      memType: RAM
      size: 16
      clkspeed: 0
      moduleVoltage: 0
    DIMM 6:
      manufacturer: QEMU
      modulePartNo: Not Specified
      memType: RAM
      size: 16
      clkspeed: 0
      moduleVoltage: 0
Checksum: A9172C063CD90A813CB4440822659174B85C0EEB