BaselineInfo:
  WebDBID: -1
  TimeStamp: 20260714215908
Version:
  Major: 11
  Minor: 0
  Build: 1004
  SpecialBuildName: ""
  ptArchitecture: x86_64_linux
Results:
  Results Complete: true
  NumTestProcesses: 24
  CPU_INTEGER_MATH: 161674.62066666671
  CPU_FLOATINGPOINT_MATH: 134848.03116615815
  CPU_PRIME: 307.48627837639413
  CPU_SORTING: 72404.040623617271
  CPU_ENCRYPTION: 29901.86479411718
  CPU_COMPRESSION: 569788.64662599214
  CPU_SINGLETHREAD: 3333.4218937917749
  CPU_PHYSICS: 4587.2785344012018
  CPU_MATRIX_MULT_SSE: 48790.527888734519
  CPU_mm: 5119.4146702213657
  CPU_sse: 18797.410583649937
  CPU_fma: 56476.497981832334
  CPU_avx: 40469.973469582728
  CPU_avx512: 79418.229519873072
  m_CPU_enc_SHA: 40358685718.268379
  m_CPU_enc_AES: 27994405152.74802
  m_CPU_enc_ECDSA: 25710042464.05225
  ME_ALLOC_S: 16067.395297148789
  ME_READ_S: 27304.671289062499
  ME_READ_L: 22127.181640625
  ME_WRITE: 20715.62109375
  ME_LARGE: 87290.5
  ME_LATENCY: 135.2577131894457
  ME_THREADED: 108333.31225585938
  SUMM_CPU: 48891.628642687472
  SUMM_ME: 1832.2000771636554
SystemInformation:
  OSName: Ubuntu 24.04.4 LTS
  Kernel: 6.8.0-134-generic
  Device: ""
  Processor: "AMD EPYC 9575F 64-Core Processor               "
  NumSockets: 1
  Manufacturer: AuthenticAMD
  NumCores: 24
  NumLogicals: 24
  CPUFrequency: 0
  CPUMaxFrequency: 0
  Memory: 96513
  CPUInfo:
    number: 1
    Family: 15
    Model: 2
    stepping: 1
    features: 395049983
    manufacture: AuthenticAMD
    typestring: "AMD EPYC 9575F 64-Core Processor               "
    iCoresPerPackage: 128
    iThreadsPerPackage: 1
    featuresEx:
      - 395049983
      - 4294586883
      - 802421759
    bHybrid: false
    nPCore: 0
    nLogicalsPerPCore: 0
    nECore: 0
    nLogicalsPerECore: 0
  MemModuleInfo:
    iNumMemSticks: 6
    DIMM 1:
      manufacturer: QEMU
      modulePartNo: Not Specified
      memType: RAM
      size: 16
      clkspeed: 0
      moduleVoltage: 0
    DIMM 2:
      manufacturer: QEMU
      modulePartNo: Not Specified
      memType: RAM
      size: 16
      clkspeed: 0
      moduleVoltage: 0
    DIMM 3:
      manufacturer: QEMU
      modulePartNo: Not Specified
      memType: RAM
      size: 16
      clkspeed: 0
      moduleVoltage: 0
    DIMM 4:
      manufacturer: QEMU
      modulePartNo: Not Specified
      memType: RAM
      size: 16
      clkspeed: 0
      moduleVoltage: 0
    DIMM 5:
      manufacturer: QEMU
      modulePartNo: Not Specified
      memType: RAM
      size: 16
      clkspeed: 0
      moduleVoltage: 0
    DIMM 6:
      manufacturer: QEMU
      modulePartNo: Not Specified
      memType: RAM
      size: 16
      clkspeed: 0
      moduleVoltage: 0
Checksum: E599B163EF996BEA93B019BA15BEDB82725A7098