BaselineInfo:
  WebDBID: -1
  TimeStamp: 20250702123727
Version:
  Major: 11
  Minor: 0
  Build: 1002
  SpecialBuildName: ""
  ptArchitecture: x86_64_linux
Results:
  Results Complete: true
  NumTestProcesses: 8
  CPU_INTEGER_MATH: 43469.418666666665
  CPU_FLOATINGPOINT_MATH: 31501.780073197428
  CPU_PRIME: 58.12326640874511
  CPU_SORTING: 20923.832546841695
  CPU_ENCRYPTION: 9502.1425968022704
  CPU_COMPRESSION: 170304.12051197077
  CPU_SINGLETHREAD: 3411.6216735377143
  CPU_PHYSICS: 1278.0656736553137
  CPU_MATRIX_MULT_SSE: 11312.033544986823
  CPU_mm: 1223.1837837367968
  CPU_sse: 5271.3615039067918
  CPU_fma: 13748.488716969381
  CPU_avx: 10623.00232691885
  CPU_avx512: 15605.281632152273
  m_CPU_enc_SHA: 10024165425.117172
  m_CPU_enc_AES: 13114565111.056625
  m_CPU_enc_ECDSA: 6752425490.5798159
  ME_ALLOC_S: 3805.9958422179775
  ME_READ_S: 25786.6279296875
  ME_READ_L: 10065.6455078125
  ME_WRITE: 5782.298828125
  ME_LARGE: 52670.833333333336
  ME_LATENCY: 98.529548165290919
  ME_THREADED: 40063.376953125
  SUMM_CPU: 15477.899579384388
  SUMM_ME: 1720.0005909124609
SystemInformation:
  OSName: Ubuntu 24.04.2 LTS
  Kernel: 6.11.0-1016-gcp
  Device: ""
  Processor: Intel Xeon 6985P-C CPU @ 2.30GHz
  NumSockets: 1
  Manufacturer: GenuineIntel
  NumCores: 4
  NumLogicals: 8
  CPUFrequency: 0
  Memory: 62283
  MemModuleInfo:
    iNumMemSticks: 4
    DIMM 1:
      manufacturer: ""
      modulePartNo: ""
      memType: RAM
      size: 16
      clkspeed: 0
      moduleVoltage: 0
    DIMM 2:
      manufacturer: ""
      modulePartNo: ""
      memType: RAM
      size: 16
      clkspeed: 0
      moduleVoltage: 0
    DIMM 3:
      manufacturer: ""
      modulePartNo: ""
      memType: RAM
      size: 16
      clkspeed: 0
      moduleVoltage: 0
    DIMM 4:
      manufacturer: ""
      modulePartNo: ""
      memType: RAM
      size: 14
      clkspeed: 0
      moduleVoltage: 0
Checksum: 197033B6F03AC949589908A61DFFD2397DF5A3E4