BaselineInfo:
  WebDBID: -1
  TimeStamp: 20241109214008
Version:
  Major: 11
  Minor: 0
  Build: 1002
  SpecialBuildName: ""
  ptArchitecture: x86_64_linux
Results:
  Results Complete: true
  NumTestProcesses: 32
  CPU_INTEGER_MATH: 147250.45000000001
  CPU_FLOATINGPOINT_MATH: 80814.652114703043
  CPU_PRIME: 195.40174090193315
  CPU_SORTING: 75568.105734463548
  CPU_ENCRYPTION: 37991.311244201424
  CPU_COMPRESSION: 561206.28434969008
  CPU_SINGLETHREAD: 2635.170841064913
  CPU_PHYSICS: 3875.0055781285268
  CPU_MATRIX_MULT_SSE: 33162.854250009463
  CPU_mm: 3984.0103685454037
  CPU_sse: 16914.090307256996
  CPU_fma: 46050.994526805836
  CPU_avx: 36523.477915965559
  CPU_avx512: 0
  m_CPU_enc_SHA: 55071170876.651627
  m_CPU_enc_AES: 35218016486.334915
  m_CPU_enc_ECDSA: 29221144174.612732
  ME_ALLOC_S: 14177.650928533885
  ME_READ_S: 26393.175585937501
  ME_READ_L: 17066.787109375
  ME_WRITE: 17836.978515625
  ME_LARGE: 241090.66666666666
  ME_LATENCY: 65.99617647065152
  ME_THREADED: 79811.21435546875
  SUMM_CPU: 41864.050803008671
  SUMM_ME: 2771.0926540747746
SystemInformation:
  OSName: Ubuntu 24.04.1 LTS
  Kernel: 6.8.0-1016-aws
  Device: ""
  Processor: AMD EPYC 7R13 Processor
  NumSockets: 1
  Manufacturer: AuthenticAMD
  NumCores: 16
  NumLogicals: 32
  CPUFrequency: 0
  Memory: 254338
  MemModuleInfo:
    iNumMemSticks: 1
    DIMM 1:
      manufacturer: Not Specified
      modulePartNo: Not Specified
      memType: DDR4
      size: 256
      clkspeed: 1600
      moduleVoltage: 0
Checksum: 53FE74D77C50C2001E0A884FDE2A9072294C1F2D