---
system-info:
      stress-ng-version: 0.17.08
      run-by: root
      date-yyyy-mm-dd: 2024:06:08
      time-hh-mm-ss: 15:55:04
      epoch-secs: 1717862104
      hostname: ba34a76aec15
      sysname: Linux
      nodename: ba34a76aec15
      release: 6.8.0-1008-aws
      version: '#8-Ubuntu SMP Sat Apr 20 00:46:25 UTC 2024'
      machine: x86_64
      compiler: 'musl-gcc 13.2.1'
      uptime: 128
      totalram: 32911536128
      freeram: 28509097984
      sharedram: 20029440
      bufferram: 103202816
      totalswap: 0
      freeswap: 0
      pagesize: 4096
      cpus: 8
      cpus-online: 8
      ticks-per-second: 100

metrics:
    - stressor: cpu
      bogo-ops: 16812
      bogo-ops-per-second-usr-sys-time: 1680.783838
      bogo-ops-per-second-real-time: 1680.771983
      wall-clock-time: 10.002547
      user-time: 10.001477
      system-time: 0.000999
      cpu-usage-per-instance: 99.999295
      max-rss: 3792

...
