---
system-info:
      stress-ng-version: 0.17.08
      run-by: root
      date-yyyy-mm-dd: 2024:06:14
      time-hh-mm-ss: 21:55:45
      epoch-secs: 1718402145
      hostname: 9deaa7f2118d
      sysname: Linux
      nodename: 9deaa7f2118d
      release: 6.8.0-1008-aws
      version: '#8-Ubuntu SMP Sat Apr 20 00:46:25 UTC 2024'
      machine: x86_64
      compiler: 'musl-gcc 13.2.1'
      uptime: 144
      totalram: 32911536128
      freeram: 28533399552
      sharedram: 20029440
      bufferram: 109215744
      totalswap: 0
      freeswap: 0
      pagesize: 4096
      cpus: 8
      cpus-online: 8
      ticks-per-second: 100

metrics:
    - stressor: cpu
      bogo-ops: 59832
      bogo-ops-per-second-usr-sys-time: 2991.690648
      bogo-ops-per-second-real-time: 2991.592511
      wall-clock-time: 20.000050
      user-time: 19.999394
      system-time: 0.000000
      cpu-usage-per-instance: 99.996720
      max-rss: 1104

...
