---
system-info:
      stress-ng-version: 0.17.08
      run-by: root
      date-yyyy-mm-dd: 2024:06:08
      time-hh-mm-ss: 04:55:46
      epoch-secs: 1717822546
      hostname: 6d4c65a13dda
      sysname: Linux
      nodename: 6d4c65a13dda
      release: 6.8.0-1008-aws
      version: '#8-Ubuntu SMP Sat Apr 20 00:46:25 UTC 2024'
      machine: x86_64
      compiler: 'musl-gcc 13.2.1'
      uptime: 139
      totalram: 535313936384
      freeram: 529903329280
      sharedram: 78467072
      bufferram: 99201024
      totalswap: 0
      freeswap: 0
      pagesize: 4096
      cpus: 64
      cpus-online: 64
      ticks-per-second: 100

metrics:
    - stressor: cpu
      bogo-ops: 13913
      bogo-ops-per-second-usr-sys-time: 1391.224457
      bogo-ops-per-second-real-time: 1391.186398
      wall-clock-time: 10.000817
      user-time: 9.999544
      system-time: 0.000999
      cpu-usage-per-instance: 99.997264
      max-rss: 3584

...
