---
system-info:
      stress-ng-version: 0.17.08
      run-by: root
      date-yyyy-mm-dd: 2024:06:13
      time-hh-mm-ss: 18:27:32
      epoch-secs: 1718303252
      hostname: fae25791c5f6
      sysname: Linux
      nodename: fae25791c5f6
      release: 6.8.0-1008-aws
      version: '#8-Ubuntu SMP Sat Apr 20 00:46:25 UTC 2024'
      machine: x86_64
      compiler: 'musl-gcc 13.2.1'
      uptime: 156
      totalram: 535313907712
      freeram: 529997840384
      sharedram: 78467072
      bufferram: 106942464
      totalswap: 0
      freeswap: 0
      pagesize: 4096
      cpus: 64
      cpus-online: 64
      ticks-per-second: 100

metrics:
    - stressor: cpu
      bogo-ops: 25695
      bogo-ops-per-second-usr-sys-time: 1284.769464
      bogo-ops-per-second-real-time: 1284.745206
      wall-clock-time: 20.000075
      user-time: 19.998698
      system-time: 0.000999
      cpu-usage-per-instance: 99.998112
      max-rss: 512

...
