---
system-info:
      stress-ng-version: 0.17.08
      run-by: root
      date-yyyy-mm-dd: 2024:06:15
      time-hh-mm-ss: 20:56:03
      epoch-secs: 1718484963
      hostname: 188535e101b4
      sysname: Linux
      nodename: 188535e101b4
      release: 6.8.0-1008-aws
      version: '#8-Ubuntu SMP Sat Apr 20 00:46:25 UTC 2024'
      machine: x86_64
      compiler: 'musl-gcc 13.2.1'
      uptime: 144
      totalram: 1065117106176
      freeram: 1058841268224
      sharedram: 117661696
      bufferram: 109428736
      totalswap: 0
      freeswap: 0
      pagesize: 4096
      cpus: 128
      cpus-online: 128
      ticks-per-second: 100

metrics:
    - stressor: cpu
      bogo-ops: 2470379
      bogo-ops-per-second-usr-sys-time: 965.371165
      bogo-ops-per-second-real-time: 123518.480805
      wall-clock-time: 20.000076
      user-time: 2558.939008
      system-time: 0.054973
      cpu-usage-per-instance: 99.960323
      max-rss: 0

...
