---
system-info:
      stress-ng-version: 0.17.08
      run-by: root
      date-yyyy-mm-dd: 2024:06:09
      time-hh-mm-ss: 18:41:05
      epoch-secs: 1717958465
      hostname: 5b8387f263e5
      sysname: Linux
      nodename: 5b8387f263e5
      release: 6.8.0-1008-aws
      version: '#8-Ubuntu SMP Sat Apr 20 00:46:25 UTC 2024'
      machine: x86_64
      compiler: 'musl-gcc 13.2.1'
      uptime: 140
      totalram: 1065117126656
      freeram: 1058505539584
      sharedram: 117661696
      bufferram: 112611328
      totalswap: 0
      freeswap: 0
      pagesize: 4096
      cpus: 128
      cpus-online: 128
      ticks-per-second: 100

metrics:
    - stressor: cpu
      bogo-ops: 1538402
      bogo-ops-per-second-usr-sys-time: 1202.980739
      bogo-ops-per-second-real-time: 153819.502578
      wall-clock-time: 10.001346
      user-time: 1278.670195
      system-time: 0.154935
      cpu-usage-per-instance: 99.894772
      max-rss: 3072

...
