---
system-info:
      stress-ng-version: 0.17.08
      run-by: root
      date-yyyy-mm-dd: 2024:09:23
      time-hh-mm-ss: 20:56:53
      epoch-secs: 1727125013
      hostname: c4-highcpu-2-5d0033b.us-east4-a.c.algebraic-pier-412621.internal
      sysname: Linux
      nodename: c4-highcpu-2-5d0033b.us-east4-a.c.algebraic-pier-412621.internal
      release: 6.8.0-1014-gcp
      version: '#16-Ubuntu SMP Mon Aug 26 15:55:46 UTC 2024'
      machine: x86_64
      compiler: 'musl-gcc 13.2.1'
      uptime: 166
      totalram: 4102307840
      freeram: 153960448
      sharedram: 274563072
      bufferram: 231448576
      totalswap: 0
      freeswap: 0
      pagesize: 4096
      cpus: 2
      cpus-online: 2
      ticks-per-second: 100

metrics:
    - stressor: cpu
      bogo-ops: 44299
      bogo-ops-per-second-usr-sys-time: 1113.323483
      bogo-ops-per-second-real-time: 2214.942910
      wall-clock-time: 20.000064
      user-time: 39.785881
      system-time: 0.003992
      cpu-usage-per-instance: 99.474364
      max-rss: 1104

...
