BaselineInfo:
  WebDBID: -1
  TimeStamp: 20241109193528
Version:
  Major: 11
  Minor: 0
  Build: 1002
  SpecialBuildName: ""
  ptArchitecture: x86_64_linux
Results:
  Results Complete: true
  NumTestProcesses: 48
  CPU_INTEGER_MATH: 201996.0413333333
  CPU_FLOATINGPOINT_MATH: 103282.26918302465
  CPU_PRIME: 334.51725843081647
  CPU_SORTING: 103473.91572474876
  CPU_ENCRYPTION: 43881.160652936429
  CPU_COMPRESSION: 732846.58725816337
  CPU_SINGLETHREAD: 2429.915029357413
  CPU_PHYSICS: 5814.3215485954724
  CPU_MATRIX_MULT_SSE: 43344.310434129387
  CPU_mm: 4350.9494163774571
  CPU_sse: 19160.581514174737
  CPU_fma: 52635.341132735361
  CPU_avx: 38864.441518485888
  CPU_avx512: 62716.877571121571
  m_CPU_enc_SHA: 44248145809.331726
  m_CPU_enc_AES: 66726757261.027969
  m_CPU_enc_ECDSA: 27063292668.080673
  ME_ALLOC_S: 23567.618029845078
  ME_READ_S: 24414.027148437501
  ME_READ_L: 12275.990234375
  ME_WRITE: 11083.2919921875
  ME_LARGE: 375072.25
  ME_LATENCY: 52.837995863954113
  ME_THREADED: 187932.1982421875
  SUMM_CPU: 50758.804751126539
  SUMM_ME: 2826.3889678045989
SystemInformation:
  OSName: Ubuntu 24.04.1 LTS
  Kernel: 6.8.0-1017-azure
  Device: ""
  Processor: Intel Xeon Platinum 8370C CPU @ 2.80GHz
  NumSockets: 2
  Manufacturer: GenuineIntel
  NumCores: 24
  NumLogicals: 48
  CPUFrequency: 2800
  Memory: 386938
  MemModuleInfo:
    iNumMemSticks: 4
    DIMM 1:
      manufacturer: Microsoft Corporation
      modulePartNo: None
      memType: Unknown
      size: 1
      clkspeed: 0
      moduleVoltage: 0
    DIMM 2:
      manufacturer: Microsoft Corporation
      modulePartNo: None
      memType: Unknown
      size: 59
      clkspeed: 0
      moduleVoltage: 0
    DIMM 3:
      manufacturer: Microsoft Corporation
      modulePartNo: None
      memType: Unknown
      size: 132
      clkspeed: 0
      moduleVoltage: 0
    DIMM 4:
      manufacturer: Microsoft Corporation
      modulePartNo: None
      memType: Unknown
      size: 192
      clkspeed: 0
      moduleVoltage: 0
Checksum: 4CC2EDB5EC147623AA20360942099511D71D1890