---
system-info:
      stress-ng-version: 0.17.08
      run-by: root
      date-yyyy-mm-dd: 2024:09:03
      time-hh-mm-ss: 05:51:57
      epoch-secs: 1725342717
      hostname: sc-runner
      sysname: Linux
      nodename: sc-runner
      release: 6.8.0-1013-azure
      version: '#15-Ubuntu SMP Thu Aug  8 18:40:40 UTC 2024'
      machine: x86_64
      compiler: 'musl-gcc 13.2.1'
      uptime: 427
      totalram: 33653030912
      freeram: 25155170304
      sharedram: 42033152
      bufferram: 214523904
      totalswap: 0
      freeswap: 0
      pagesize: 4096
      cpus: 2
      cpus-online: 2
      ticks-per-second: 100

metrics:
    - stressor: cpu
      bogo-ops: 28019
      bogo-ops-per-second-usr-sys-time: 1401.135721
      bogo-ops-per-second-real-time: 1400.945741
      wall-clock-time: 20.000061
      user-time: 19.997349
      system-time: 0.000000
      cpu-usage-per-instance: 99.986441
      max-rss: 1104

...
