BaselineInfo:
  WebDBID: -1
  TimeStamp: 20241108193151
Version:
  Major: 11
  Minor: 0
  Build: 1002
  SpecialBuildName: ""
  ptArchitecture: x86_64_linux
Results:
  Results Complete: true
  NumTestProcesses: 16
  CPU_INTEGER_MATH: 57515.301333333337
  CPU_FLOATINGPOINT_MATH: 47006.996823363719
  CPU_PRIME: 119.89721904710757
  CPU_SORTING: 34480.820384781058
  CPU_ENCRYPTION: 7379.7908742139107
  CPU_COMPRESSION: 291319.11532074068
  CPU_SINGLETHREAD: 1835.6142208125736
  CPU_PHYSICS: 1827.8162932489397
  CPU_MATRIX_MULT_SSE: 24374.830024132239
  CPU_mm: 2655.8879624117417
  CPU_sse: 10206.296511221657
  CPU_fma: 32679.900851916944
  CPU_avx: 22149.006333646113
  CPU_avx512: 32464.116399744256
  m_CPU_enc_SHA: 4054182779.2821045
  m_CPU_enc_AES: 15609367001.932247
  m_CPU_enc_ECDSA: 3551265005.9448237
  ME_ALLOC_S: 9789.9855376854557
  ME_READ_S: 21600.9052734375
  ME_READ_L: 11468.8564453125
  ME_WRITE: 9535.572265625
  ME_LARGE: 102400.33333333333
  ME_LATENCY: 58.065978755569027
  ME_THREADED: 77206.97265625
  SUMM_CPU: 19914.659672874874
  SUMM_ME: 2465.8041031116368
SystemInformation:
  OSName: Ubuntu 24.04.1 LTS
  Kernel: 6.8.0-1017-azure
  Device: ""
  Processor: Intel Xeon Platinum 8272CL CPU @ 2.60GHz
  NumSockets: 1
  Manufacturer: GenuineIntel
  NumCores: 16
  NumLogicals: 16
  CPUFrequency: 0
  Memory: 112681
  MemModuleInfo:
    iNumMemSticks: 3
    DIMM 1:
      manufacturer: Microsoft Corporation
      modulePartNo: None
      memType: Unknown
      size: 1
      clkspeed: 0
      moduleVoltage: 0
    DIMM 2:
      manufacturer: Microsoft Corporation
      modulePartNo: None
      memType: Unknown
      size: 60928
      clkspeed: 0
      moduleVoltage: 0
    DIMM 3:
      manufacturer: Microsoft Corporation
      modulePartNo: None
      memType: Unknown
      size: 52736
      clkspeed: 0
      moduleVoltage: 0
Checksum: 28BBCA7F8720C6A08D4ADDC095C1B5271FD9FAF4