---
system-info:
      stress-ng-version: 0.17.08
      run-by: root
      date-yyyy-mm-dd: 2024:06:16
      time-hh-mm-ss: 04:24:11
      epoch-secs: 1718511851
      hostname: 7e0329006439
      sysname: Linux
      nodename: 7e0329006439
      release: 6.8.0-1008-aws
      version: '#8-Ubuntu SMP Sat Apr 20 00:46:25 UTC 2024'
      machine: x86_64
      compiler: 'musl-gcc 13.2.1'
      uptime: 145
      totalram: 265990803456
      freeram: 261316046848
      sharedram: 113799168
      bufferram: 109015040
      totalswap: 0
      freeswap: 0
      pagesize: 4096
      cpus: 32
      cpus-online: 32
      ticks-per-second: 100

metrics:
    - stressor: cpu
      bogo-ops: 566515
      bogo-ops-per-second-usr-sys-time: 885.624649
      bogo-ops-per-second-real-time: 28325.625464
      wall-clock-time: 20.000088
      user-time: 639.656455
      system-time: 0.021992
      cpu-usage-per-instance: 99.949318
      max-rss: 1032

...
