---
system-info:
      stress-ng-version: 0.17.08
      run-by: root
      date-yyyy-mm-dd: 2024:06:09
      time-hh-mm-ss: 23:56:03
      epoch-secs: 1717977363
      hostname: 9cf941575997
      sysname: Linux
      nodename: 9cf941575997
      release: 6.8.0-1008-aws
      version: '#8-Ubuntu SMP Sat Apr 20 00:46:25 UTC 2024'
      machine: x86_64
      compiler: 'musl-gcc 13.2.1'
      uptime: 138
      totalram: 265990791168
      freeram: 261123477504
      sharedram: 113799168
      bufferram: 113115136
      totalswap: 0
      freeswap: 0
      pagesize: 4096
      cpus: 32
      cpus-online: 32
      ticks-per-second: 100

metrics:
    - stressor: cpu
      bogo-ops: 436360
      bogo-ops-per-second-usr-sys-time: 1364.385325
      bogo-ops-per-second-real-time: 43627.784920
      wall-clock-time: 10.001883
      user-time: 319.777692
      system-time: 0.043983
      cpu-usage-per-instance: 99.925458
      max-rss: 3848

...
