BaselineInfo:
  WebDBID: -1
  TimeStamp: 20241107132654
Version:
  Major: 11
  Minor: 0
  Build: 1002
  SpecialBuildName: ""
  ptArchitecture: x86_64_linux
Results:
  Results Complete: true
  NumTestProcesses: 4
  CPU_INTEGER_MATH: 16768.543333333335
  CPU_FLOATINGPOINT_MATH: 8561.2347405175515
  CPU_PRIME: 37.179874122544831
  CPU_SORTING: 8796.4804118366865
  CPU_ENCRYPTION: 3644.5066898392447
  CPU_COMPRESSION: 62892.003107610974
  CPU_SINGLETHREAD: 2425.8535549340081
  CPU_PHYSICS: 687.45827833345561
  CPU_MATRIX_MULT_SSE: 3484.4636686668946
  CPU_mm: 360.95200115928293
  CPU_sse: 1580.0998145971973
  CPU_fma: 4369.487035543656
  CPU_avx: 3220.2495918962168
  CPU_avx512: 4768.0182326305085
  m_CPU_enc_SHA: 3681601002.0129161
  m_CPU_enc_AES: 5536986232.4751225
  m_CPU_enc_ECDSA: 2246039505.9265881
  ME_ALLOC_S: 2036.1554988350458
  ME_READ_S: 24376.5908203125
  ME_READ_L: 10149.5439453125
  ME_WRITE: 9772.5966796875
  ME_LARGE: 6028.833333333333
  ME_LATENCY: 56.597818145687562
  ME_THREADED: 26690.2578125
  SUMM_CPU: 5885.8849454706688
  SUMM_ME: 2000.0465559326051
SystemInformation:
  OSName: Ubuntu 24.04.1 LTS
  Kernel: 6.8.0-1017-azure
  Device: ""
  Processor: Intel Xeon Platinum 8370C CPU @ 2.80GHz
  NumSockets: 1
  Manufacturer: GenuineIntel
  NumCores: 2
  NumLogicals: 4
  CPUFrequency: 2800
  Memory: 15988
  MemModuleInfo:
    iNumMemSticks: 2
    DIMM 1:
      manufacturer: Microsoft Corporation
      modulePartNo: None
      memType: Unknown
      size: 1
      clkspeed: 0
      moduleVoltage: 0
    DIMM 2:
      manufacturer: Microsoft Corporation
      modulePartNo: None
      memType: Unknown
      size: 15
      clkspeed: 0
      moduleVoltage: 0
Checksum: 4FFB175CD3442C8AE21001BB32739365F2895101