BaselineInfo:
  WebDBID: -1
  TimeStamp: 20260701222703
Version:
  Major: 11
  Minor: 0
  Build: 1004
  SpecialBuildName: ""
  ptArchitecture: x86_64_linux
Results:
  Results Complete: true
  NumTestProcesses: 2
  CPU_INTEGER_MATH: 8174.585
  CPU_FLOATINGPOINT_MATH: 5775.7210784476501
  CPU_PRIME: 23.325145153299616
  CPU_SORTING: 4980.7004380186727
  CPU_ENCRYPTION: 1051.1184758392892
  CPU_COMPRESSION: 40376.675910507183
  CPU_SINGLETHREAD: 2003.3367454472964
  CPU_PHYSICS: 411.64106811899876
  CPU_MATRIX_MULT_SSE: 2797.0364675869714
  CPU_mm: 352.65787150767846
  CPU_sse: 1274.4472954713178
  CPU_fma: 3954.144119642287
  CPU_avx: 2649.1974576951711
  CPU_avx512: 3310.3569975391088
  m_CPU_enc_SHA: 578637720.27756
  m_CPU_enc_AES: 2225911014.9499364
  m_CPU_enc_ECDSA: 501984085.5374794
  ME_ALLOC_S: 669.67258840754448
  ME_READ_S: 24150.546093749999
  ME_READ_L: 7596.5791015625
  ME_WRITE: 7575.55224609375
  ME_LARGE: 1705.1666666666667
  ME_LATENCY: 56.642194149943712
  ME_THREADED: 14571.8427734375
  SUMM_CPU: 3215.3422389559055
  SUMM_ME: 1296.1395451385788
SystemInformation:
  OSName: Ubuntu 24.04.4 LTS
  Kernel: 6.8.0-124-generic
  Device: ""
  Processor: Intel Xeon Processor (Cascadelake)
  NumSockets: 1
  Manufacturer: GenuineIntel
  NumCores: 1
  NumLogicals: 2
  CPUFrequency: 743
  CPUMaxFrequency: 2696
  Memory: 3910
  CPUInfo:
    number: 1
    Family: 6
    Model: 5
    stepping: 6
    features: 395049983
    manufacture: GenuineIntel
    typestring: Intel Xeon Processor (Cascadelake)
    iCoresPerPackage: 1
    iThreadsPerPackage: 2
    featuresEx:
      - 395049983
      - 4294586883
      - 739248128
    bHybrid: false
    nPCore: 0
    nLogicalsPerPCore: 0
    nECore: 0
    nLogicalsPerECore: 0
  MemModuleInfo:
    iNumMemSticks: 1
    DIMM 1:
      manufacturer: QEMU
      modulePartNo: Not Specified
      memType: RAM
      size: 4
      clkspeed: 0
      moduleVoltage: 0
Checksum: 51D5CE5A6021532C75BDFDF8A6FBA7AC1032CB58