BaselineInfo:
  WebDBID: -1
  TimeStamp: 20260714182911
Version:
  Major: 11
  Minor: 0
  Build: 1004
  SpecialBuildName: ""
  ptArchitecture: x86_64_linux
Results:
  Results Complete: true
  NumTestProcesses: 2
  CPU_INTEGER_MATH: 8441.8289999999997
  CPU_FLOATINGPOINT_MATH: 6034.6953118006768
  CPU_PRIME: 24.130206702116716
  CPU_SORTING: 5091.0644089054758
  CPU_ENCRYPTION: 1089.1022737332491
  CPU_COMPRESSION: 42075.150819014678
  CPU_SINGLETHREAD: 2080.5149106394811
  CPU_PHYSICS: 443.81779723295233
  CPU_MATRIX_MULT_SSE: 2879.7736586140513
  CPU_mm: 377.03072479233526
  CPU_sse: 1331.8005723539777
  CPU_fma: 4131.1902206291797
  CPU_avx: 2780.0939108451294
  CPU_avx512: 3276.0099306279194
  m_CPU_enc_SHA: 596319511.0782361
  m_CPU_enc_AES: 2307718511.4250231
  m_CPU_enc_ECDSA: 521981494.84308702
  ME_ALLOC_S: 683.0879944034383
  ME_READ_S: 23896.9111328125
  ME_READ_L: 7499.7607421875
  ME_WRITE: 7417.4609375
  ME_LARGE: 2137.6666666666665
  ME_LATENCY: 57.973865881716257
  ME_THREADED: 14369.01611328125
  SUMM_CPU: 3332.924752927137
  SUMM_ME: 1350.8475354784534
SystemInformation:
  OSName: Ubuntu 24.04.4 LTS
  Kernel: 6.8.0-134-generic
  Device: ""
  Processor: Intel Xeon Processor (Cascadelake)
  NumSockets: 1
  Manufacturer: GenuineIntel
  NumCores: 1
  NumLogicals: 2
  CPUFrequency: 743
  CPUMaxFrequency: 2696
  Memory: 3910
  CPUInfo:
    number: 1
    Family: 6
    Model: 5
    stepping: 6
    features: 395049983
    manufacture: GenuineIntel
    typestring: Intel Xeon Processor (Cascadelake)
    iCoresPerPackage: 1
    iThreadsPerPackage: 2
    featuresEx:
      - 395049983
      - 4294586883
      - 739248128
    bHybrid: false
    nPCore: 0
    nLogicalsPerPCore: 0
    nECore: 0
    nLogicalsPerECore: 0
  MemModuleInfo:
    iNumMemSticks: 1
    DIMM 1:
      manufacturer: QEMU
      modulePartNo: Not Specified
      memType: RAM
      size: 4
      clkspeed: 0
      moduleVoltage: 0
Checksum: D6321509AF045F6A19FF1A4975DACD8382ED19BD