BaselineInfo:
  WebDBID: -1
  TimeStamp: 20250828202725
Version:
  Major: 11
  Minor: 0
  Build: 1002
  SpecialBuildName: ""
  ptArchitecture: x86_64_linux
Results:
  Results Complete: true
  NumTestProcesses: 48
  CPU_INTEGER_MATH: 247613.82533333331
  CPU_FLOATINGPOINT_MATH: 179276.80448948659
  CPU_PRIME: 483.19822269632232
  CPU_SORTING: 124865.25649726555
  CPU_ENCRYPTION: 54499.307356008037
  CPU_COMPRESSION: 954550.64892996056
  CPU_SINGLETHREAD: 3258.8149744470657
  CPU_PHYSICS: 8360.2185895125349
  CPU_MATRIX_MULT_SSE: 67690.961916319939
  CPU_mm: 7196.3806847508549
  CPU_sse: 29776.799274322166
  CPU_fma: 78268.26071432326
  CPU_avx: 62168.395766093017
  CPU_avx512: 100550.39191054134
  m_CPU_enc_SHA: 57592585802.86425
  m_CPU_enc_AES: 75284883935.577271
  m_CPU_enc_ECDSA: 38562527391.958885
  ME_ALLOC_S: 24101.516252142123
  ME_READ_S: 28784.934375000001
  ME_READ_L: 16759.4921875
  ME_WRITE: 12054.4150390625
  ME_LARGE: 178938.75
  ME_LATENCY: 65.428222844710334
  ME_THREADED: 205320.4111328125
  SUMM_CPU: 69180.994181375587
  SUMM_ME: 2792.81472473437
SystemInformation:
  OSName: Ubuntu 24.04.2 LTS
  Kernel: 6.14.0-1011-aws
  Device: ""
  Processor: Intel Xeon 6975P-C
  NumSockets: 1
  Manufacturer: GenuineIntel
  NumCores: 24
  NumLogicals: 48
  CPUFrequency: 0
  Memory: 190156
  MemModuleInfo:
    iNumMemSticks: 1
    DIMM 1:
      manufacturer: Not Specified
      modulePartNo: Not Specified
      memType: DDR5
      size: 192
      clkspeed: 3600
      moduleVoltage: 0
Checksum: 727A1A5EA3BD61504798C2D8BDFA5E6C48F723D6