BaselineInfo:
  WebDBID: -1
  TimeStamp: 20260620073146
Version:
  Major: 11
  Minor: 0
  Build: 1004
  SpecialBuildName: ""
  ptArchitecture: x86_64_linux
Results:
  Results Complete: true
  NumTestProcesses: 48
  CPU_INTEGER_MATH: 315726.2316666668
  CPU_FLOATINGPOINT_MATH: 184247.64301787206
  CPU_PRIME: 421.65094749768309
  CPU_SORTING: 132128.00216939065
  CPU_ENCRYPTION: 59227.738614876245
  CPU_COMPRESSION: 1042288.207180101
  CPU_SINGLETHREAD: 3672.0594242628808
  CPU_PHYSICS: 8940.3963397582975
  CPU_MATRIX_MULT_SSE: 79644.415113115625
  CPU_mm: 7808.6714966909885
  CPU_sse: 28417.572392517624
  CPU_fma: 85282.854043292187
  CPU_avx: 82139.051410823726
  CPU_avx512: 122738.18260582893
  m_CPU_enc_SHA: 76630707254.346222
  m_CPU_enc_AES: 61626896816.30925
  m_CPU_enc_ECDSA: 48056751666.841949
  ME_ALLOC_S: 28557.3831605716
  ME_READ_S: 33573.123828124997
  ME_READ_L: 29642.189453125
  ME_WRITE: 30765.8984375
  ME_LARGE: 87296.166666666672
  ME_LATENCY: 79.246857021332886
  ME_THREADED: 183896.564453125
  SUMM_CPU: 76718.918981482246
  SUMM_ME: 2900.8622622546704
SystemInformation:
  OSName: Ubuntu 24.04.4 LTS
  Kernel: 6.17.0-1018-azure
  Device: ""
  Processor: "AMD EPYC 9V45 96-Core Processor                "
  NumSockets: 1
  Manufacturer: AuthenticAMD
  NumCores: 24
  NumLogicals: 48
  CPUFrequency: 0
  CPUMaxFrequency: 0
  Memory: 96540
  CPUInfo:
    number: 1
    Family: 15
    Model: 2
    stepping: 1
    features: 395049983
    manufacture: AuthenticAMD
    typestring: "AMD EPYC 9V45 96-Core Processor                "
    iCoresPerPackage: 32
    iThreadsPerPackage: 2
    featuresEx:
      - 395049983
      - 4277809667
      - 802421759
    bHybrid: false
    nPCore: 0
    nLogicalsPerPCore: 0
    nECore: 0
    nLogicalsPerECore: 0
  MemModuleInfo:
    iNumMemSticks: 3
    DIMM 1:
      manufacturer: Microsoft Corporation
      modulePartNo: None
      memType: Unknown
      size: 1
      clkspeed: 0
      moduleVoltage: 0
    DIMM 2:
      manufacturer: Microsoft Corporation
      modulePartNo: None
      memType: Unknown
      size: 59
      clkspeed: 0
      moduleVoltage: 0
    DIMM 3:
      manufacturer: Microsoft Corporation
      modulePartNo: None
      memType: Unknown
      size: 36
      clkspeed: 0
      moduleVoltage: 0
Checksum: E74CF6FB3796446489A3CC3A44F548BF7445F91F