---
system-info:
      stress-ng-version: 0.17.08
      run-by: root
      date-yyyy-mm-dd: 2024:06:14
      time-hh-mm-ss: 12:37:52
      epoch-secs: 1718368672
      hostname: 2bfbb147048c
      sysname: Linux
      nodename: 2bfbb147048c
      release: 6.8.0-1008-aws
      version: '#8-Ubuntu SMP Sat Apr 20 00:46:25 UTC 2024'
      machine: x86_64
      compiler: 'musl-gcc 13.2.1'
      uptime: 156
      totalram: 33263857664
      freeram: 28839669760
      sharedram: 40787968
      bufferram: 108236800
      totalswap: 0
      freeswap: 0
      pagesize: 4096
      cpus: 8
      cpus-online: 8
      ticks-per-second: 100

metrics:
    - stressor: cpu
      bogo-ops: 27351
      bogo-ops-per-second-usr-sys-time: 1367.563744
      bogo-ops-per-second-real-time: 1367.543088
      wall-clock-time: 20.000101
      user-time: 19.997800
      system-time: 0.001999
      cpu-usage-per-instance: 99.998490
      max-rss: 1104

...
