---
system-info:
      stress-ng-version: 0.17.08
      run-by: root
      date-yyyy-mm-dd: 2024:06:06
      time-hh-mm-ss: 20:55:38
      epoch-secs: 1717707338
      hostname: a425c0a82e39
      sysname: Linux
      nodename: a425c0a82e39
      release: 6.8.0-1008-aws
      version: '#8-Ubuntu SMP Sat Apr 20 00:46:25 UTC 2024'
      machine: x86_64
      compiler: 'musl-gcc 13.2.1'
      uptime: 121
      totalram: 33263853568
      freeram: 28990722048
      sharedram: 40787968
      bufferram: 87023616
      totalswap: 0
      freeswap: 0
      pagesize: 4096
      cpus: 8
      cpus-online: 8
      ticks-per-second: 100

metrics:
    - stressor: cpu
      bogo-ops: 14806
      bogo-ops-per-second-usr-sys-time: 1480.343456
      bogo-ops-per-second-real-time: 1480.319981
      wall-clock-time: 10.001892
      user-time: 10.000733
      system-time: 0.001000
      cpu-usage-per-instance: 99.998414
      max-rss: 3920

...
