---
system-info:
      stress-ng-version: 0.17.08
      run-by: root
      date-yyyy-mm-dd: 2024:07:02
      time-hh-mm-ss: 09:29:21
      epoch-secs: 1719912561
      hostname: e2-standard-32-a8f110c
      sysname: Linux
      nodename: e2-standard-32-a8f110c
      release: 6.8.0-1009-gcp
      version: '#10-Ubuntu SMP Wed Jun 12 18:52:23 UTC 2024'
      machine: x86_64
      compiler: 'musl-gcc 13.2.1'
      uptime: 172
      totalram: 135061831680
      freeram: 129501827072
      sharedram: 59330560
      bufferram: 126550016
      totalswap: 0
      freeswap: 0
      pagesize: 4096
      cpus: 32
      cpus-online: 32
      ticks-per-second: 100

metrics:
    - stressor: cpu
      bogo-ops: 468437
      bogo-ops-per-second-usr-sys-time: 732.734003
      bogo-ops-per-second-real-time: 23421.677336
      wall-clock-time: 20.000147
      user-time: 639.264849
      system-time: 0.035358
      cpu-usage-per-instance: 99.889921
      max-rss: 1032

...
