BaselineInfo:
  WebDBID: -1
  TimeStamp: 20260206151737
Version:
  Major: 11
  Minor: 0
  Build: 1004
  SpecialBuildName: ""
  ptArchitecture: x86_64_linux
Results:
  Results Complete: true
  NumTestProcesses: 48
  CPU_INTEGER_MATH: 247657.39566666665
  CPU_FLOATINGPOINT_MATH: 179318.60694025812
  CPU_PRIME: 478.44694480779822
  CPU_SORTING: 125050.18489894952
  CPU_ENCRYPTION: 54309.755380858129
  CPU_COMPRESSION: 960011.72906625341
  CPU_SINGLETHREAD: 3273.9590393871626
  CPU_PHYSICS: 8436.4050064257863
  CPU_MATRIX_MULT_SSE: 67701.124527439548
  CPU_mm: 7198.0895592649804
  CPU_sse: 29982.892942827508
  CPU_fma: 78297.566279561943
  CPU_avx: 62121.339615147066
  CPU_avx512: 100402.69927222173
  m_CPU_enc_SHA: 57398180040.249825
  m_CPU_enc_AES: 74932713777.203568
  m_CPU_enc_ECDSA: 38512824357.262749
  ME_ALLOC_S: 24113.723224003057
  ME_READ_S: 28392.549023437499
  ME_READ_L: 17558.12890625
  ME_WRITE: 11914.98828125
  ME_LARGE: 81578.25
  ME_LATENCY: 66.55640876252572
  ME_THREADED: 202841.51806640625
  SUMM_CPU: 69316.760956695085
  SUMM_ME: 2756.9704365900325
SystemInformation:
  OSName: Ubuntu 24.04.3 LTS
  Kernel: 6.14.0-1018-aws
  Device: ""
  Processor: Intel(R) Xeon(R) 6975P-C
  NumSockets: 1
  Manufacturer: GenuineIntel
  NumCores: 24
  NumLogicals: 48
  CPUFrequency: 0
  CPUMaxFrequency: 0
  Memory: 94996
  CPUInfo:
    number: 1
    Family: 6
    Model: 13
    stepping: 1
    features: 529267711
    manufacture: GenuineIntel
    typestring: Intel(R) Xeon(R) 6975P-C
    iCoresPerPackage: 24
    iThreadsPerPackage: 2
    featuresEx:
      - 529267711
      - 4294619651
      - 739248128
    bHybrid: false
    nPCore: 0
    nLogicalsPerPCore: 0
    nECore: 0
    nLogicalsPerECore: 0
  MemModuleInfo:
    iNumMemSticks: 1
    DIMM 1:
      manufacturer: Not Specified
      modulePartNo: Not Specified
      memType: DDR5
      size: 96
      clkspeed: 3600
      moduleVoltage: 0
Checksum: D5BBD53FC19E36BE53363FD6B19DDE79B4B99E03