BaselineInfo:
  WebDBID: -1
  TimeStamp: 20241108114132
Version:
  Major: 11
  Minor: 0
  Build: 1002
  SpecialBuildName: ""
  ptArchitecture: aarch64_linux
Results:
  Results Complete: true
  NumTestProcesses: 32
  CPU_INTEGER_MATH: 126443.89999999999
  CPU_FLOATINGPOINT_MATH: 95961.093409106645
  CPU_PRIME: 180.96516030470397
  CPU_SORTING: 90685.8201898759
  CPU_ENCRYPTION: 4376.0304892353606
  CPU_COMPRESSION: 151765.90809162124
  CPU_SINGLETHREAD: 1110.4367135949012
  CPU_PHYSICS: 3153.9556444478976
  CPU_MATRIX_MULT_SSE: 19965.393137496078
  CPU_mm: 3325.1283130673469
  CPU_sse: 16729.424259740066
  CPU_fma: 23201.3620152521
  CPU_avx: 0
  CPU_avx512: 0
  m_CPU_enc_SHA: 6567761815.8845673
  m_CPU_enc_AES: 3037410460.7638607
  m_CPU_enc_ECDSA: 4160629362.1929436
  ME_ALLOC_S: 20399.736517687608
  ME_READ_S: 9485.0344726562507
  ME_READ_L: 9199.2353515625
  ME_WRITE: 12549.66796875
  ME_LARGE: 242972.75
  ME_LATENCY: 72.15692026897095
  ME_THREADED: 164706.37158203125
  SUMM_CPU: 17376.135893040635
  SUMM_ME: 1824.2968595900074
SystemInformation:
  OSName: Ubuntu 24.04.1 LTS
  Kernel: 6.8.0-1016-aws
  Device: ""
  Processor: ARM Neoverse-N1 32 Core 0 MHz
  NumSockets: 1
  Manufacturer: ARM
  NumCores: 32
  NumLogicals: 32
  CPUFrequency: 0
  Memory: 254675
Checksum: A8E02CAB26000746FE805D5D580E059AE8ADA5E4