BaselineInfo:
  WebDBID: -1
  TimeStamp: 20260620005313
Version:
  Major: 11
  Minor: 0
  Build: 1004
  SpecialBuildName: ""
  ptArchitecture: x86_64_linux
Results:
  Results Complete: true
  NumTestProcesses: 8
  CPU_INTEGER_MATH: 61256.883000000002
  CPU_FLOATINGPOINT_MATH: 60775.30225008366
  CPU_PRIME: 207.39958783658443
  CPU_SORTING: 33305.510350473545
  CPU_ENCRYPTION: 12552.155083251868
  CPU_COMPRESSION: 249270.38777026377
  CPU_SINGLETHREAD: 3780.6482333301419
  CPU_PHYSICS: 2812.6205955542273
  CPU_MATRIX_MULT_SSE: 22456.6862860767
  CPU_mm: 2679.9560154223282
  CPU_sse: 8193.1924113488458
  CPU_fma: 31404.001422871603
  CPU_avx: 16544.770456241848
  CPU_avx512: 33684.780853844502
  m_CPU_enc_SHA: 17652401944.328297
  m_CPU_enc_AES: 11073219895.417385
  m_CPU_enc_ECDSA: 10760043865.98205
  ME_ALLOC_S: 10053.783810913465
  ME_READ_S: 33980.913281250003
  ME_READ_L: 30539.2265625
  ME_WRITE: 30573.60546875
  ME_LARGE: 120354.16666666667
  ME_LATENCY: 79.339568821370008
  ME_THREADED: 54009.16845703125
  SUMM_CPU: 24702.303708838779
  SUMM_ME: 2769.3238479339952
SystemInformation:
  OSName: Ubuntu 24.04.4 LTS
  Kernel: 6.17.0-1018-azure
  Device: ""
  Processor: "AMD EPYC 9V45 96-Core Processor                "
  NumSockets: 1
  Manufacturer: AuthenticAMD
  NumCores: 8
  NumLogicals: 8
  CPUFrequency: 0
  CPUMaxFrequency: 0
  Memory: 128812
  CPUInfo:
    number: 1
    Family: 15
    Model: 2
    stepping: 1
    features: 395049983
    manufacture: AuthenticAMD
    typestring: "AMD EPYC 9V45 96-Core Processor                "
    iCoresPerPackage: 8
    iThreadsPerPackage: 1
    featuresEx:
      - 395049983
      - 4277809667
      - 802421759
    bHybrid: false
    nPCore: 0
    nLogicalsPerPCore: 0
    nECore: 0
    nLogicalsPerECore: 0
  MemModuleInfo:
    iNumMemSticks: 3
    DIMM 1:
      manufacturer: Microsoft Corporation
      modulePartNo: None
      memType: Unknown
      size: 1
      clkspeed: 0
      moduleVoltage: 0
    DIMM 2:
      manufacturer: Microsoft Corporation
      modulePartNo: None
      memType: Unknown
      size: 59
      clkspeed: 0
      moduleVoltage: 0
    DIMM 3:
      manufacturer: Microsoft Corporation
      modulePartNo: None
      memType: Unknown
      size: 68
      clkspeed: 0
      moduleVoltage: 0
Checksum: 540AC4852A6887DBAAA74959A5A0B08E4C55FBC6