---
system-info:
      stress-ng-version: 0.17.08
      run-by: root
      date-yyyy-mm-dd: 2024:07:11
      time-hh-mm-ss: 13:38:49
      epoch-secs: 1720705129
      hostname: ip-172-31-52-176
      sysname: Linux
      nodename: ip-172-31-52-176
      release: 6.8.0-1010-aws
      version: '#10-Ubuntu SMP Thu Jun 13 17:36:15 UTC 2024'
      machine: x86_64
      compiler: 'musl-gcc 13.2.1'
      uptime: 153
      totalram: 8112054272
      freeram: 2946240512
      sharedram: 40710144
      bufferram: 136093696
      totalswap: 0
      freeswap: 0
      pagesize: 4096
      cpus: 4
      cpus-online: 4
      ticks-per-second: 100

metrics:
    - stressor: cpu
      bogo-ops: 29837
      bogo-ops-per-second-usr-sys-time: 1491.879763
      bogo-ops-per-second-real-time: 1491.842922
      wall-clock-time: 20.000095
      user-time: 19.999601
      system-time: 0.000000
      cpu-usage-per-instance: 99.997531
      max-rss: 1104

...
