size_kb,operation,bandwidth_mb_s,latency_ns,latency_stddev_ns,latency_samples,threads,iterations,elapsed_s
32,read,1003216.89,0,0,0,16,462107,0.230313
32,write,603656.79,0,0,0,16,287356,0.238013
32,copy,569050.34,0,0,0,16,239923,0.210810
32,latency,0,2.72,0.00,7,1,7,0.390282
128,read,688366.33,0,0,0,16,84402,0.245224
128,write,603402.05,0,0,0,16,74139,0.245737
128,copy,494118.98,0,0,0,16,59851,0.242253
128,latency,0,4.38,0.00,7,1,7,0.701255
512,read,638478.69,0,0,0,16,20574,0.257788
512,write,594503.30,0,0,0,16,18912,0.254491
512,copy,245712.87,0,0,0,16,14250,0.463956
512,latency,0,7.15,0.00,7,1,7,0.656257
1024,read,511778.48,0,0,0,16,9838,0.307571
1024,write,358429.31,0,0,0,16,9471,0.422778
1024,copy,125032.77,0,0,0,16,6375,0.815786
1024,latency,0,12.87,0.01,7,1,7,0.666180
2048,read,278520.64,0,0,0,16,4327,0.497141
2048,write,234888.45,0,0,0,16,4748,0.646843
2048,copy,97818.09,0,0,0,16,2894,0.946737
2048,latency,0,24.78,0.02,7,1,7,0.697264
8192,read,198967.77,0,0,0,16,761,0.489567
8192,write,174250.28,0,0,0,16,1190,0.874145
8192,copy,86241.76,0,0,0,16,596,0.884583
8192,latency,0,31.64,0.01,7,1,7,0.658376
16384,read,184821.39,0,0,0,16,319,0.441854
16384,write,167848.53,0,0,0,16,575,0.876981
16384,copy,84206.09,0,0,0,16,283,0.860365
16384,latency,0,33.03,0.05,7,1,7,0.645822
32768,read,174572.16,0,0,0,16,161,0.472194
32768,write,165501.49,0,0,0,16,277,0.856935
32768,copy,82322.20,0,0,0,16,137,0.852067
32768,latency,0,48.05,7.88,21,1,21,2.589822
65536,read,168885.53,0,0,0,16,74,0.448683
65536,write,164433.25,0,0,0,16,147,0.915435
65536,copy,81521.14,0,0,0,16,62,0.778792
65536,latency,0,81.70,1.98,7,1,7,3.728725
131072,read,167094.38,0,0,0,16,36,0.441236
131072,write,164233.71,0,0,0,16,73,0.910312
131072,copy,81333.33,0,0,0,16,30,0.755410
131072,latency,0,93.65,1.08,7,1,7,8.630676
