size_kb,operation,bandwidth_mb_s,latency_ns,latency_stddev_ns,latency_samples,threads,iterations,elapsed_s
32,read,1936316.29,0,0,0,32,554323,0.286277
32,write,1516198.33,0,0,0,32,415973,0.274353
32,copy,1049478.59,0,0,0,32,328514,0.313026
32,latency,0,0.98,0.01,7,1,7,0.143715
128,read,1919749.89,0,0,0,32,160051,0.333483
128,write,1778546.06,0,0,0,32,180897,0.406842
128,copy,1242829.76,0,0,0,32,128667,0.414110
128,latency,0,2.68,0.02,7,1,7,0.646919
512,read,1785007.38,0,0,0,32,53682,0.481181
512,write,1847369.80,0,0,0,32,50535,0.437682
512,copy,826671.22,0,0,0,32,24888,0.481701
512,latency,0,3.73,0.04,7,1,7,0.667309
1024,read,1598054.35,0,0,0,32,23111,0.462783
1024,write,1587804.11,0,0,0,32,23329,0.470164
1024,copy,660817.59,0,0,0,32,7140,0.345754
1024,latency,0,5.63,0.04,7,1,7,0.702114
2048,read,1349722.27,0,0,0,32,9187,0.435621
2048,write,1225983.78,0,0,0,32,10853,0.566559
2048,copy,283049.87,0,0,0,32,3574,0.808112
2048,latency,0,10.20,0.06,7,1,7,0.696862
8192,read,251235.76,0,0,0,32,1357,1.382733
8192,write,207374.44,0,0,0,32,1297,1.601123
8192,copy,55803.40,0,0,0,32,747,3.426888
8192,latency,0,11.76,0.10,7,1,7,0.719197
16384,read,116044.19,0,0,0,32,936,4.129737
16384,write,75394.21,0,0,0,32,658,4.468460
16384,copy,44093.05,0,0,0,32,384,4.458934
16384,latency,0,12.49,0.05,7,1,7,0.701371
32768,read,98617.47,0,0,0,32,340,3.530409
32768,write,66212.72,0,0,0,32,288,4.454008
32768,copy,44356.59,0,0,0,32,179,4.132328
32768,latency,0,14.28,0.27,7,1,7,0.770626
65536,read,98711.23,0,0,0,32,55,1.141106
65536,write,66267.15,0,0,0,32,134,4.141298
65536,copy,44053.73,0,0,0,32,86,3.998027
65536,latency,0,72.32,0.78,7,1,7,3.141881
131072,read,98793.70,0,0,0,32,80,3.316811
131072,write,66211.46,0,0,0,32,64,3.959194
131072,copy,44069.76,0,0,0,32,43,3.996573
131072,latency,0,96.82,0.43,7,1,7,8.343923
