BaselineInfo:
  WebDBID: -1
  TimeStamp: 20250417231432
Version:
  Major: 11
  Minor: 0
  Build: 1002
  SpecialBuildName: ""
  ptArchitecture: x86_64_linux
Results:
  Results Complete: true
  NumTestProcesses: 20
  CPU_INTEGER_MATH: 95679.600000000006
  CPU_FLOATINGPOINT_MATH: 67820.172689419589
  CPU_PRIME: 199.26135877493908
  CPU_SORTING: 47710.03634508502
  CPU_ENCRYPTION: 21125.681462594792
  CPU_COMPRESSION: 344981.78599447873
  CPU_SINGLETHREAD: 2920.4592294185686
  CPU_PHYSICS: 4562.7057047439248
  CPU_MATRIX_MULT_SSE: 29350.872693955174
  CPU_mm: 2706.2377651219122
  CPU_sse: 11753.236440879789
  CPU_fma: 32995.244108678089
  CPU_avx: 24804.599261387255
  CPU_avx512: 47850.410964875562
  m_CPU_enc_SHA: 22266195693.021233
  m_CPU_enc_AES: 28990285467.99202
  m_CPU_enc_ECDSA: 15199166534.95212
  ME_ALLOC_S: 11736.321631499617
  ME_READ_S: 26663.7177734375
  ME_READ_L: 10341.095703125
  ME_WRITE: 9537.80859375
  ME_LARGE: 151263.5
  ME_LATENCY: 59.763905284431011
  ME_THREADED: 148512.3525390625
  SUMM_CPU: 32372.662888541421
  SUMM_ME: 2542.62761802769
SystemInformation:
  OSName: Ubuntu 24.04.2 LTS
  Kernel: 6.8.0-1021-azure
  Device: ""
  Processor: INTEL XEON PLATINUM 8573C
  NumSockets: 1
  Manufacturer: GenuineIntel
  NumCores: 10
  NumLogicals: 20
  CPUFrequency: 2300
  Memory: 160966
  MemModuleInfo:
    iNumMemSticks: 3
    DIMM 1:
      manufacturer: Microsoft Corporation
      modulePartNo: None
      memType: Unknown
      size: 1
      clkspeed: 0
      moduleVoltage: 0
    DIMM 2:
      manufacturer: Microsoft Corporation
      modulePartNo: None
      memType: Unknown
      size: 59
      clkspeed: 0
      moduleVoltage: 0
    DIMM 3:
      manufacturer: Microsoft Corporation
      modulePartNo: None
      memType: Unknown
      size: 100
      clkspeed: 0
      moduleVoltage: 0
Checksum: D23E091A547538CF1ED7EDDCA1D3057B729BC39C