---
system-info:
      stress-ng-version: 0.17.08
      run-by: root
      date-yyyy-mm-dd: 2024:08:30
      time-hh-mm-ss: 14:27:19
      epoch-secs: 1725028039
      hostname: sc-runner
      sysname: Linux
      nodename: sc-runner
      release: 6.8.0-1013-azure
      version: '#15-Ubuntu SMP Thu Aug  8 18:40:40 UTC 2024'
      machine: x86_64
      compiler: 'musl-gcc 13.2.1'
      uptime: 576
      totalram: 16767492096
      freeram: 8317382656
      sharedram: 57106432
      bufferram: 202366976
      totalswap: 0
      freeswap: 0
      pagesize: 4096
      cpus: 2
      cpus-online: 2
      ticks-per-second: 100

metrics:
    - stressor: cpu
      bogo-ops: 15697
      bogo-ops-per-second-usr-sys-time: 784.936186
      bogo-ops-per-second-real-time: 784.840083
      wall-clock-time: 20.000253
      user-time: 19.993791
      system-time: 0.004013
      cpu-usage-per-instance: 99.987757
      max-rss: 3152

...
