---
system-info:
      stress-ng-version: 0.17.08
      run-by: root
      date-yyyy-mm-dd: 2024:09:23
      time-hh-mm-ss: 21:15:05
      epoch-secs: 1727126105
      hostname: c4-highcpu-8-0005bb9.us-east4-a.c.algebraic-pier-412621.internal
      sysname: Linux
      nodename: c4-highcpu-8-0005bb9.us-east4-a.c.algebraic-pier-412621.internal
      release: 6.8.0-1014-gcp
      version: '#16-Ubuntu SMP Mon Aug 26 15:55:46 UTC 2024'
      machine: x86_64
      compiler: 'musl-gcc 13.2.1'
      uptime: 169
      totalram: 16764862464
      freeram: 6291959808
      sharedram: 274640896
      bufferram: 250728448
      totalswap: 0
      freeswap: 0
      pagesize: 4096
      cpus: 8
      cpus-online: 8
      ticks-per-second: 100

metrics:
    - stressor: cpu
      bogo-ops: 177808
      bogo-ops-per-second-usr-sys-time: 1112.611929
      bogo-ops-per-second-real-time: 8890.359952
      wall-clock-time: 20.000090
      user-time: 159.797344
      system-time: 0.013993
      cpu-usage-per-instance: 99.881636
      max-rss: 1104

...
