---
system-info:
      stress-ng-version: 0.17.08
      run-by: root
      date-yyyy-mm-dd: 2024:06:08
      time-hh-mm-ss: 19:17:34
      epoch-secs: 1717874254
      hostname: a7644be08b0e
      sysname: Linux
      nodename: a7644be08b0e
      release: 6.8.0-1008-aws
      version: '#8-Ubuntu SMP Sat Apr 20 00:46:25 UTC 2024'
      machine: x86_64
      compiler: 'musl-gcc 13.2.1'
      uptime: 117
      totalram: 540826836992
      freeram: 533812989952
      sharedram: 116731904
      bufferram: 105160704
      totalswap: 0
      freeswap: 0
      pagesize: 4096
      cpus: 128
      cpus-online: 128
      ticks-per-second: 100

metrics:
    - stressor: cpu
      bogo-ops: 16943
      bogo-ops-per-second-usr-sys-time: 1694.230706
      bogo-ops-per-second-real-time: 1694.249023
      wall-clock-time: 10.000301
      user-time: 9.998410
      system-time: 0.001999
      cpu-usage-per-instance: 100.001081
      max-rss: 3072

...
