---
system-info:
      stress-ng-version: 0.17.08
      run-by: root
      date-yyyy-mm-dd: 2024:06:15
      time-hh-mm-ss: 03:40:51
      epoch-secs: 1718422851
      hostname: ceb8d9b0d143
      sysname: Linux
      nodename: ceb8d9b0d143
      release: 6.8.0-1008-aws
      version: '#8-Ubuntu SMP Sat Apr 20 00:46:25 UTC 2024'
      machine: x86_64
      compiler: 'musl-gcc 13.2.1'
      uptime: 137
      totalram: 540826832896
      freeram: 533583101952
      sharedram: 116731904
      bufferram: 110329856
      totalswap: 0
      freeswap: 0
      pagesize: 4096
      cpus: 128
      cpus-online: 128
      ticks-per-second: 100

metrics:
    - stressor: cpu
      bogo-ops: 38188
      bogo-ops-per-second-usr-sys-time: 1909.390739
      bogo-ops-per-second-real-time: 1909.396290
      wall-clock-time: 20.000039
      user-time: 20.000097
      system-time: 0.000000
      cpu-usage-per-instance: 100.000291
      max-rss: 0

...
