---
system-info:
      stress-ng-version: 0.17.08
      run-by: root
      date-yyyy-mm-dd: 2024:06:19
      time-hh-mm-ss: 14:52:02
      epoch-secs: 1718808722
      hostname: 2d3b969ab6d7
      sysname: Linux
      nodename: 2d3b969ab6d7
      release: 6.8.0-1008-gcp
      version: '#9-Ubuntu SMP Wed May 22 18:09:04 UTC 2024'
      machine: x86_64
      compiler: 'musl-gcc 13.2.1'
      uptime: 164
      totalram: 16765943808
      freeram: 11700318208
      sharedram: 34992128
      bufferram: 128008192
      totalswap: 0
      freeswap: 0
      pagesize: 4096
      cpus: 8
      cpus-online: 8
      ticks-per-second: 100

metrics:
    - stressor: cpu
      bogo-ops: 58486
      bogo-ops-per-second-usr-sys-time: 2924.337578
      bogo-ops-per-second-real-time: 2924.293167
      wall-clock-time: 20.000047
      user-time: 19.999743
      system-time: 0.000000
      cpu-usage-per-instance: 99.998481
      max-rss: 1104

...
