BaselineInfo:
  WebDBID: -1
  TimeStamp: 20241219002454
Version:
  Major: 11
  Minor: 0
  Build: 1002
  SpecialBuildName: ""
  ptArchitecture: x86_64_linux
Results:
  Results Complete: true
  NumTestProcesses: 4
  CPU_INTEGER_MATH: 18747.005666666668
  CPU_FLOATINGPOINT_MATH: 13202.771817460374
  CPU_PRIME: 50.866871608047603
  CPU_SORTING: 11033.18749282122
  CPU_ENCRYPTION: 4569.1960584859489
  CPU_COMPRESSION: 79907.042508760234
  CPU_SINGLETHREAD: 2099.7619490753295
  CPU_PHYSICS: 932.79396386259555
  CPU_MATRIX_MULT_SSE: 6696.2077058711302
  CPU_mm: 764.64048352231362
  CPU_sse: 3059.182351164638
  CPU_fma: 10020.751881146054
  CPU_avx: 7008.6888853026967
  CPU_avx512: 0
  m_CPU_enc_SHA: 6492103083.3987541
  m_CPU_enc_AES: 4190297118.4957995
  m_CPU_enc_ECDSA: 3691047776.7743349
  ME_ALLOC_S: 2645.0008589625841
  ME_READ_S: 23749.550390625001
  ME_READ_L: 10056.7666015625
  ME_WRITE: 9338.7802734375
  ME_LARGE: 1827.1666666666667
  ME_LATENCY: 62.673131701564216
  ME_THREADED: 36748.0029296875
  SUMM_CPU: 7831.6705467070478
  SUMM_ME: 1592.5919023675942
SystemInformation:
  OSName: Ubuntu 24.04.1 LTS
  Kernel: 6.8.0-31-generic
  Device: ""
  Processor: AMD EPYC 7542 32-Core Processor
  NumSockets: 1
  Manufacturer: AuthenticAMD
  NumCores: 4
  NumLogicals: 4
  CPUFrequency: 0
  Memory: 7894
  MemModuleInfo:
    iNumMemSticks: 1
    DIMM 1:
      manufacturer: QEMU
      modulePartNo: Not Specified
      memType: RAM
      size: 8
      clkspeed: 0
      moduleVoltage: 0
Checksum: 74453AFF0870267D8ABAA0F681D518C461F17E41