---
system-info:
      stress-ng-version: 0.17.08
      run-by: root
      date-yyyy-mm-dd: 2024:09:12
      time-hh-mm-ss: 19:26:24
      epoch-secs: 1726169184
      hostname: ip-172-31-44-208
      sysname: Linux
      nodename: ip-172-31-44-208
      release: 6.8.0-1014-aws
      version: '#15-Ubuntu SMP Thu Aug  8 19:13:06 UTC 2024'
      machine: x86_64
      compiler: 'musl-gcc 13.2.1'
      uptime: 290
      totalram: 6467357954048
      freeram: 6450098884608
      sharedram: 326311936
      bufferram: 225103872
      totalswap: 0
      freeswap: 0
      pagesize: 4096
      cpus: 224
      cpus-online: 224
      ticks-per-second: 100

metrics:
    - stressor: cpu
      bogo-ops: 5166510
      bogo-ops-per-second-usr-sys-time: 1156.568605
      bogo-ops-per-second-real-time: 258323.993813
      wall-clock-time: 20.000117
      user-time: 4467.000132
      system-time: 0.101928
      cpu-usage-per-instance: 99.711518
      max-rss: 0

...
