BaselineInfo:
  WebDBID: -1
  TimeStamp: 20241108055149
Version:
  Major: 11
  Minor: 0
  Build: 1002
  SpecialBuildName: ""
  ptArchitecture: x86_64_linux
Results:
  Results Complete: true
  NumTestProcesses: 16
  CPU_INTEGER_MATH: 66449.917666666675
  CPU_FLOATINGPOINT_MATH: 36551.904903665876
  CPU_PRIME: 98.676526762997042
  CPU_SORTING: 35301.627275884464
  CPU_ENCRYPTION: 17144.364855557968
  CPU_COMPRESSION: 252886.85196228576
  CPU_SINGLETHREAD: 2397.4141893521328
  CPU_PHYSICS: 2011.753946467112
  CPU_MATRIX_MULT_SSE: 14915.861112010405
  CPU_mm: 1797.9692644313047
  CPU_sse: 7624.9275281078772
  CPU_fma: 20823.267641703329
  CPU_avx: 16299.388166220011
  CPU_avx512: 0
  m_CPU_enc_SHA: 24831990844.710869
  m_CPU_enc_AES: 15879533633.448208
  m_CPU_enc_ECDSA: 13219984090.185575
  ME_ALLOC_S: 6950.8162365387652
  ME_READ_S: 24440.384375000001
  ME_READ_L: 20283.2734375
  ME_WRITE: 19508.26171875
  ME_LARGE: 118570.83333333333
  ME_LATENCY: 61.915701267076521
  ME_THREADED: 38053.45751953125
  SUMM_CPU: 21548.960506326326
  SUMM_ME: 2736.9614460648982
SystemInformation:
  OSName: Ubuntu 24.04.1 LTS
  Kernel: 6.8.0-1017-azure
  Device: ""
  Processor: AMD EPYC 7763 64-Core Processor
  NumSockets: 1
  Manufacturer: AuthenticAMD
  NumCores: 8
  NumLogicals: 16
  CPUFrequency: 0
  Memory: 128809
  MemModuleInfo:
    iNumMemSticks: 3
    DIMM 1:
      manufacturer: Microsoft Corporation
      modulePartNo: None
      memType: Unknown
      size: 1
      clkspeed: 0
      moduleVoltage: 0
    DIMM 2:
      manufacturer: Microsoft Corporation
      modulePartNo: None
      memType: Unknown
      size: 60928
      clkspeed: 0
      moduleVoltage: 0
    DIMM 3:
      manufacturer: Microsoft Corporation
      modulePartNo: None
      memType: Unknown
      size: 69120
      clkspeed: 0
      moduleVoltage: 0
Checksum: 2F758AB64FC0999762833CE785F440F44C925037