---
system-info:
      stress-ng-version: 0.17.08
      run-by: root
      date-yyyy-mm-dd: 2024:07:29
      time-hh-mm-ss: 11:16:00
      epoch-secs: 1722251760
      hostname: c3d-highmem-16-lssd-75195cd
      sysname: Linux
      nodename: c3d-highmem-16-lssd-75195cd
      release: 6.8.0-1011-gcp
      version: '#12-Ubuntu SMP Wed Jul 10 21:47:53 UTC 2024'
      machine: x86_64
      compiler: 'musl-gcc 13.2.1'
      uptime: 115
      totalram: 135067521024
      freeram: 129580732416
      sharedram: 35094528
      bufferram: 140984320
      totalswap: 0
      freeswap: 0
      pagesize: 4096
      cpus: 16
      cpus-online: 16
      ticks-per-second: 100

metrics:
    - stressor: cpu
      bogo-ops: 459154
      bogo-ops-per-second-usr-sys-time: 1436.504037
      bogo-ops-per-second-real-time: 22957.635926
      wall-clock-time: 20.000056
      user-time: 319.619942
      system-time: 0.012992
      cpu-usage-per-instance: 99.885013
      max-rss: 1104

...
