---
system-info:
      stress-ng-version: 0.17.08
      run-by: root
      date-yyyy-mm-dd: 2024:06:10
      time-hh-mm-ss: 02:50:44
      epoch-secs: 1717987844
      hostname: 1efaef74cd08
      sysname: Linux
      nodename: 1efaef74cd08
      release: 6.8.0-1008-aws
      version: '#8-Ubuntu SMP Sat Apr 20 00:46:25 UTC 2024'
      machine: x86_64
      compiler: 'musl-gcc 13.2.1'
      uptime: 126
      totalram: 1065117093888
      freeram: 1058557640704
      sharedram: 130650112
      bufferram: 115871744
      totalswap: 0
      freeswap: 0
      pagesize: 4096
      cpus: 128
      cpus-online: 128
      ticks-per-second: 100

metrics:
    - stressor: cpu
      bogo-ops: 2170950
      bogo-ops-per-second-usr-sys-time: 1697.011407
      bogo-ops-per-second-real-time: 217062.703250
      wall-clock-time: 10.001488
      user-time: 1279.169448
      system-time: 0.108930
      cpu-usage-per-instance: 99.928755
      max-rss: 3072

...
