---
system-info:
      stress-ng-version: 0.17.08
      run-by: root
      date-yyyy-mm-dd: 2024:07:12
      time-hh-mm-ss: 13:38:47
      epoch-secs: 1720791527
      hostname: ip-172-31-58-181
      sysname: Linux
      nodename: ip-172-31-58-181
      release: 6.8.0-1010-aws
      version: '#10-Ubuntu SMP Thu Jun 13 17:36:15 UTC 2024'
      machine: x86_64
      compiler: 'musl-gcc 13.2.1'
      uptime: 137
      totalram: 1065117085696
      freeram: 1058376740864
      sharedram: 130633728
      bufferram: 129884160
      totalswap: 0
      freeswap: 0
      pagesize: 4096
      cpus: 128
      cpus-online: 128
      ticks-per-second: 100

metrics:
    - stressor: cpu
      bogo-ops: 2762393
      bogo-ops-per-second-usr-sys-time: 1079.464976
      bogo-ops-per-second-real-time: 138119.194354
      wall-clock-time: 20.000066
      user-time: 2558.992057
      system-time: 0.046968
      cpu-usage-per-instance: 99.962132
      max-rss: 0

...
