"size","threads","connections","rps","latency","failed","server_usr","server_sys","client_usr","client_sys"
"1k",8,8,580490,0.000013440,0,15.98,24.46,9.23,30.97
"1k",8,16,514068,0.000117600,0,14.06,24.30,7.15,28.13
"1k",8,32,513482,0.000059080,0,13.19,26.63,6.45,30.19
"1k",8,64,550466,0.000130580,0,13.43,27.47,6.68,31.05
"1k",8,128,579853,0.000258290,0,13.68,27.44,6.40,31.48
"1k",8,256,596834,0.000476990,0,13.79,27.62,6.43,31.68
"1k",16,16,521095,0.000032210,0,13.32,26.13,8.11,32.51
"1k",16,32,469855,0.000075890,0,11.69,27.64,7.04,33.72
"1k",16,64,492436,0.000215260,0,12.05,27.86,6.79,33.70
"1k",16,128,507780,0.000442550,0,11.96,27.64,7.03,33.40
"1k",16,256,526199,0.000673550,0,12.10,28.02,6.99,33.61
"1k",32,32,488870,0.000073970,0,12.20,26.59,7.72,33.75
"1k",32,64,467780,0.000244790,0,11.13,27.81,7.16,34.41
"1k",32,128,465350,0.000423910,0,11.01,27.75,7.06,34.85
"1k",32,256,484712,0.000705750,0,11.19,27.79,7.24,34.54
"16k",8,8,400281,0.000019660,0,13.55,25.78,7.56,31.94
"16k",8,16,439574,0.000081290,0,14.25,25.38,8.21,31.44
"16k",8,32,394948,0.000075030,0,12.02,26.14,6.54,31.77
"16k",8,64,415206,0.000155290,0,12.36,26.95,6.75,32.65
"16k",8,128,429375,0.000353230,0,12.62,26.99,6.60,33.33
"16k",8,256,438661,0.000645370,0,12.96,26.68,6.73,33.21
"16k",16,16,393005,0.000041150,0,11.75,26.09,7.53,34.08
"16k",16,32,382767,0.000084390,0,10.97,27.20,7.21,34.93
"16k",16,64,383973,0.000206980,0,10.83,27.52,7.16,35.04
"16k",16,128,391851,0.000526970,0,11.02,27.40,7.07,34.75
"16k",16,256,398892,0.000813540,0,11.59,27.17,6.95,35.17
"16k",32,32,397329,0.000088540,0,11.30,25.92,7.92,35.13
"16k",32,64,368886,0.000257050,0,10.25,27.18,7.37,35.51
"16k",32,128,363065,0.000498200,0,10.33,27.08,7.32,35.94
"16k",32,256,366551,0.000820710,0,10.75,27.01,7.17,35.78
"64k",8,8,198826,0.000039950,0,9.92,25.97,6.10,31.08
"64k",8,16,249917,0.000055430,0,12.13,27.17,7.34,33.52
"64k",8,32,199958,0.000147720,0,10.05,28.30,5.87,32.66
"64k",8,64,201715,0.000296580,0,10.77,29.35,5.82,33.27
"64k",8,128,203876,0.000599140,0,11.33,29.61,5.81,32.91
"64k",8,256,205867,0.001180000,0,11.49,29.67,5.87,32.64
"64k",16,16,236724,0.000068120,0,10.82,27.25,7.40,34.89
"64k",16,32,204609,0.000159570,0,9.36,29.43,6.52,35.24
"64k",16,64,192136,0.000385450,0,9.49,29.70,6.14,35.32
"64k",16,128,193585,0.000821940,0,9.90,29.51,6.31,34.38
"64k",16,256,195371,0.001400000,0,10.71,29.28,6.03,34.40
"64k",32,32,220478,0.000151970,0,9.75,27.80,7.41,35.60
"64k",32,64,195479,0.000377120,0,9.58,28.66,6.91,35.55
"64k",32,128,185307,0.000793500,0,9.27,29.29,6.57,35.62
"64k",32,256,187924,0.001430000,0,9.80,29.16,6.40,35.35
"256k",8,8,82701,0.000096960,0,9.96,28.61,6.46,32.00
"256k",8,16,74716,0.000203350,0,10.99,28.18,5.94,30.61
"256k",8,32,69884,0.000452280,0,11.37,30.53,5.72,31.01
"256k",8,64,69589,0.000890000,0,11.32,31.60,5.62,31.02
"256k",8,128,71146,0.001690000,0,11.62,31.89,5.75,30.56
"256k",16,16,76787,0.000209790,0,11.97,28.75,6.57,33.33
"256k",16,32,67779,0.000483560,0,10.84,30.88,5.93,32.96
"256k",16,64,67391,0.001020000,0,10.55,31.00,5.79,32.74
"256k",16,128,67789,0.001930000,0,10.66,31.47,5.70,32.37
"256k",32,32,69386,0.000483760,0,10.84,30.18,6.45,33.19
"256k",32,64,66392,0.001020000,0,10.22,30.64,5.99,33.66
"256k",32,128,66645,0.001950000,0,10.39,30.97,6.14,33.11
"512k",8,8,33214,0.000241060,0,12.91,24.99,4.97,31.37
"512k",8,16,36006,0.000409930,0,14.75,27.31,5.58,32.38
"512k",8,32,34265,0.000880000,0,13.34,30.87,5.40,30.18
"512k",8,64,34399,0.001790000,0,13.51,31.72,5.27,29.72
"512k",8,128,34042,0.003420000,0,13.28,32.35,5.17,29.41
"512k",16,16,35150,0.000461270,0,13.59,27.81,5.67,33.49
"512k",16,32,34091,0.000960000,0,12.65,30.91,5.56,30.81
"512k",16,64,34050,0.001890000,0,12.90,31.24,5.44,30.63
"512k",16,128,33669,0.003730000,0,12.98,31.72,5.42,30.37
"512k",32,32,34566,0.001070000,0,12.81,30.73,5.93,30.75
"512k",32,64,33966,0.001890000,0,12.35,30.98,5.81,31.00
"512k",32,128,33714,0.003790000,0,12.45,31.31,5.61,30.92
