---
system-info:
      stress-ng-version: 0.17.08
      run-by: root
      date-yyyy-mm-dd: 2024:06:13
      time-hh-mm-ss: 16:58:58
      epoch-secs: 1718297938
      hostname: dd70043d399f
      sysname: Linux
      nodename: dd70043d399f
      release: 6.8.0-1008-aws
      version: '#8-Ubuntu SMP Sat Apr 20 00:46:25 UTC 2024'
      machine: x86_64
      compiler: 'musl-gcc 13.2.1'
      uptime: 157
      totalram: 33265283072
      freeram: 28916285440
      sharedram: 40734720
      bufferram: 107474944
      totalswap: 0
      freeswap: 0
      pagesize: 4096
      cpus: 4
      cpus-online: 4
      ticks-per-second: 100

metrics:
    - stressor: cpu
      bogo-ops: 25599
      bogo-ops-per-second-usr-sys-time: 1279.967856
      bogo-ops-per-second-real-time: 1279.946216
      wall-clock-time: 20.000059
      user-time: 19.999721
      system-time: 0.000000
      cpu-usage-per-instance: 99.998309
      max-rss: 1104

...
