---
system-info:
      stress-ng-version: 0.17.08
      run-by: root
      date-yyyy-mm-dd: 2024:06:08
      time-hh-mm-ss: 03:41:34
      epoch-secs: 1717818094
      hostname: af35539776ad
      sysname: Linux
      nodename: af35539776ad
      release: 6.8.0-1008-aws
      version: '#8-Ubuntu SMP Sat Apr 20 00:46:25 UTC 2024'
      machine: x86_64
      compiler: 'musl-gcc 13.2.1'
      uptime: 169
      totalram: 33265283072
      freeram: 28932358144
      sharedram: 40734720
      bufferram: 96448512
      totalswap: 0
      freeswap: 0
      pagesize: 4096
      cpus: 4
      cpus-online: 4
      ticks-per-second: 100

metrics:
    - stressor: cpu
      bogo-ops: 13873
      bogo-ops-per-second-usr-sys-time: 1387.048528
      bogo-ops-per-second-real-time: 1387.023674
      wall-clock-time: 10.001992
      user-time: 10.000814
      system-time: 0.000999
      cpu-usage-per-instance: 99.998208
      max-rss: 3920

...
