---
system-info:
      stress-ng-version: 0.17.08
      run-by: root
      date-yyyy-mm-dd: 2024:06:08
      time-hh-mm-ss: 10:55:54
      epoch-secs: 1717844154
      hostname: 04ab811175bd
      sysname: Linux
      nodename: 04ab811175bd
      release: 6.8.0-1008-aws
      version: '#8-Ubuntu SMP Sat Apr 20 00:46:25 UTC 2024'
      machine: x86_64
      compiler: 'musl-gcc 13.2.1'
      uptime: 156
      totalram: 199527870464
      freeram: 194382696448
      sharedram: 28807168
      bufferram: 100323328
      totalswap: 0
      freeswap: 0
      pagesize: 4096
      cpus: 48
      cpus-online: 48
      ticks-per-second: 100

metrics:
    - stressor: cpu
      bogo-ops: 378161
      bogo-ops-per-second-usr-sys-time: 788.569350
      bogo-ops-per-second-real-time: 37805.117796
      wall-clock-time: 10.002905
      user-time: 479.447307
      system-time: 0.105950
      cpu-usage-per-instance: 99.877914
      max-rss: 3840

...
