---
system-info:
      stress-ng-version: 0.17.08
      run-by: root
      date-yyyy-mm-dd: 2024:06:14
      time-hh-mm-ss: 17:23:05
      epoch-secs: 1718385785
      hostname: 2b671258371c
      sysname: Linux
      nodename: 2b671258371c
      release: 6.8.0-1008-aws
      version: '#8-Ubuntu SMP Sat Apr 20 00:46:25 UTC 2024'
      machine: x86_64
      compiler: 'musl-gcc 13.2.1'
      uptime: 189
      totalram: 199527886848
      freeram: 194504167424
      sharedram: 28807168
      bufferram: 108093440
      totalswap: 0
      freeswap: 0
      pagesize: 4096
      cpus: 48
      cpus-online: 48
      ticks-per-second: 100

metrics:
    - stressor: cpu
      bogo-ops: 283376
      bogo-ops-per-second-usr-sys-time: 295.493568
      bogo-ops-per-second-real-time: 14168.637219
      wall-clock-time: 20.000230
      user-time: 958.920154
      system-time: 0.071956
      cpu-usage-per-instance: 99.893864
      max-rss: 1152

...
