BaselineInfo:
  WebDBID: -1
  TimeStamp: 20241109075528
Version:
  Major: 11
  Minor: 0
  Build: 1002
  SpecialBuildName: ""
  ptArchitecture: aarch64_linux
Results:
  Results Complete: true
  NumTestProcesses: 64
  CPU_INTEGER_MATH: 305747.86800000013
  CPU_FLOATINGPOINT_MATH: 304022.2716504953
  CPU_PRIME: 337.38489036385016
  CPU_SORTING: 242938.82019716041
  CPU_ENCRYPTION: 8939.378672750152
  CPU_COMPRESSION: 339183.72564931179
  CPU_SINGLETHREAD: 1566.0264540715661
  CPU_PHYSICS: 8590.174441236004
  CPU_MATRIX_MULT_SSE: 52972.361554709074
  CPU_mm: 6950.6046556237989
  CPU_sse: 44451.135854509048
  CPU_fma: 61493.587254909085
  CPU_avx: 0
  CPU_avx512: 0
  m_CPU_enc_SHA: 13578110407.538958
  m_CPU_enc_AES: 5193777875.2983627
  m_CPU_enc_ECDSA: 9348965510.6356697
  ME_ALLOC_S: 31671.876276123367
  ME_READ_S: 19736.633593750001
  ME_READ_L: 19068.06640625
  ME_WRITE: 19759.76171875
  ME_LARGE: 501345
  ME_LATENCY: 49.004684764522473
  ME_THREADED: 261780.29370117188
  SUMM_CPU: 34697.182305250804
  SUMM_ME: 3189.1317469657156
SystemInformation:
  OSName: Ubuntu 24.04.1 LTS
  Kernel: 6.8.0-1016-aws
  Device: ""
  Processor: ARM Neoverse-V1 64 Core 0 MHz
  NumSockets: 1
  Manufacturer: ARM
  NumCores: 64
  NumLogicals: 64
  CPUFrequency: 0
  Memory: 514740
Checksum: 681E5BED8DDB5FCEB2E002878E6D281BCAA00248