---
system-info:
      stress-ng-version: 0.17.08
      run-by: root
      date-yyyy-mm-dd: 2024:07:02
      time-hh-mm-ss: 15:28:24
      epoch-secs: 1719934104
      hostname: n2d-highcpu-80-14227ed
      sysname: Linux
      nodename: n2d-highcpu-80-14227ed
      release: 6.8.0-1009-gcp
      version: '#10-Ubuntu SMP Wed Jun 12 18:52:23 UTC 2024'
      machine: x86_64
      compiler: 'musl-gcc 13.2.1'
      uptime: 199
      totalram: 84406239232
      freeram: 78427996160
      sharedram: 68816896
      bufferram: 129101824
      totalswap: 0
      freeswap: 0
      pagesize: 4096
      cpus: 80
      cpus-online: 80
      ticks-per-second: 100

metrics:
    - stressor: cpu
      bogo-ops: 53746
      bogo-ops-per-second-usr-sys-time: 2687.470654
      bogo-ops-per-second-real-time: 2687.293721
      wall-clock-time: 20.000047
      user-time: 19.998730
      system-time: 0.000000
      cpu-usage-per-instance: 99.993416
      max-rss: 640

...
