BaselineInfo:
  WebDBID: -1
  TimeStamp: 20241109082001
Version:
  Major: 11
  Minor: 0
  Build: 1002
  SpecialBuildName: ""
  ptArchitecture: x86_64_linux
Results:
  Results Complete: true
  NumTestProcesses: 48
  CPU_INTEGER_MATH: 233921.75933333335
  CPU_FLOATINGPOINT_MATH: 166346.13748364703
  CPU_PRIME: 379.06358064566092
  CPU_SORTING: 113237.65050031869
  CPU_ENCRYPTION: 51341.083467749035
  CPU_COMPRESSION: 828478.37123547087
  CPU_SINGLETHREAD: 3053.6350048540789
  CPU_PHYSICS: 7405.2372389959473
  CPU_MATRIX_MULT_SSE: 61238.731191115141
  CPU_mm: 6580.320128834248
  CPU_sse: 28564.408136474813
  CPU_fma: 68414.481794882988
  CPU_avx: 54642.348157278706
  CPU_avx512: 93333.686675824036
  m_CPU_enc_SHA: 54412794687.844406
  m_CPU_enc_AES: 70584571532.75441
  m_CPU_enc_ECDSA: 36507717594.236389
  ME_ALLOC_S: 23984.460922521532
  ME_READ_S: 26049.419335937499
  ME_READ_L: 9208.6669921875
  ME_WRITE: 13448.1376953125
  ME_LARGE: 178610.91666666666
  ME_LATENCY: 81.284686092416393
  ME_THREADED: 221051.12890625
  SUMM_CPU: 63240.193546061484
  SUMM_ME: 2234.5745695984765
SystemInformation:
  OSName: Ubuntu 24.04.1 LTS
  Kernel: 6.8.0-1016-aws
  Device: ""
  Processor: Intel Xeon Platinum 8488C
  NumSockets: 1
  Manufacturer: GenuineIntel
  NumCores: 24
  NumLogicals: 48
  CPUFrequency: 0
  Memory: 190156
  MemModuleInfo:
    iNumMemSticks: 1
    DIMM 1:
      manufacturer: Not Specified
      modulePartNo: Not Specified
      memType: DDR5
      size: 192
      clkspeed: 2400
      moduleVoltage: 0
Checksum: D2152BA16C8347F5230B61A804C1F29BDE8925B5