BaselineInfo:
  WebDBID: -1
  TimeStamp: 20241111134602
Version:
  Major: 11
  Minor: 0
  Build: 1002
  SpecialBuildName: ""
  ptArchitecture: x86_64_linux
Results:
  Results Complete: true
  NumTestProcesses: 64
  CPU_INTEGER_MATH: 268392.85100000008
  CPU_FLOATINGPOINT_MATH: 137248.9178759481
  CPU_PRIME: 267.40611807935642
  CPU_SORTING: 124834.11977371789
  CPU_ENCRYPTION: 56645.256615827464
  CPU_COMPRESSION: 949314.83442177705
  CPU_SINGLETHREAD: 2428.4355720685085
  CPU_PHYSICS: 4246.6809047281913
  CPU_MATRIX_MULT_SSE: 54039.834688863826
  CPU_mm: 5629.4857082615399
  CPU_sse: 23993.653863054747
  CPU_fma: 63531.954472831603
  CPU_avx: 49157.239159615732
  CPU_avx512: 79476.491259953153
  m_CPU_enc_SHA: 57995198684.542801
  m_CPU_enc_AES: 85129411897.824158
  m_CPU_enc_ECDSA: 35065959221.22673
  ME_ALLOC_S: 26410.416708408859
  ME_READ_S: 23607.587500000001
  ME_READ_L: 12077.4853515625
  ME_WRITE: 10784.583984375
  ME_LARGE: 495047.75
  ME_LATENCY: 57.373364985095158
  ME_THREADED: 165304.21850585938
  SUMM_CPU: 57857.339750432518
  SUMM_ME: 2684.6741850717603
SystemInformation:
  OSName: Ubuntu 24.04.1 LTS
  Kernel: 6.8.0-1016-aws
  Device: ""
  Processor: Intel Xeon Platinum 8375C CPU @ 2.90GHz
  NumSockets: 1
  Manufacturer: GenuineIntel
  NumCores: 32
  NumLogicals: 64
  CPUFrequency: 0
  Memory: 507671
  MemModuleInfo:
    iNumMemSticks: 1
    DIMM 1:
      manufacturer: Not Specified
      modulePartNo: Not Specified
      memType: DDR4
      size: 512
      clkspeed: 1600
      moduleVoltage: 0
Checksum: 2471973F794C477B6C053AFB87C0420158CB8E1C