BaselineInfo:
  WebDBID: -1
  TimeStamp: 20241110142911
Version:
  Major: 11
  Minor: 0
  Build: 1002
  SpecialBuildName: ""
  ptArchitecture: x86_64_linux
Results:
  Results Complete: true
  NumTestProcesses: 104
  CPU_INTEGER_MATH: 437139.3793333334
  CPU_FLOATINGPOINT_MATH: 223480.60291215376
  CPU_PRIME: 482.412045680483
  CPU_SORTING: 209147.31840413183
  CPU_ENCRYPTION: 92867.759006396649
  CPU_COMPRESSION: 1558100.5891104972
  CPU_SINGLETHREAD: 2387.6139585268893
  CPU_PHYSICS: 7441.1581606677128
  CPU_MATRIX_MULT_SSE: 88366.58920215047
  CPU_mm: 9204.8946141973611
  CPU_sse: 38424.943020479885
  CPU_fma: 104324.42825662924
  CPU_avx: 81379.02711867982
  CPU_avx512: 129337.95841281291
  m_CPU_enc_SHA: 93612491834.599487
  m_CPU_enc_AES: 141322626241.97989
  m_CPU_enc_ECDSA: 57201591727.09478
  ME_ALLOC_S: 30410.946378999208
  ME_READ_S: 24326.350976562499
  ME_READ_L: 13173.69921875
  ME_WRITE: 11369.4345703125
  ME_LARGE: 662604.33333333337
  ME_LATENCY: 51.019285565156018
  ME_THREADED: 220369.57727050781
  SUMM_CPU: 78384.048228459171
  SUMM_ME: 2931.3489933483052
SystemInformation:
  OSName: Ubuntu 24.04.1 LTS
  Kernel: 6.8.0-1017-azure
  Device: ""
  Processor: Intel Xeon Platinum 8370C CPU @ 2.80GHz
  NumSockets: 2
  Manufacturer: GenuineIntel
  NumCores: 52
  NumLogicals: 104
  CPUFrequency: 2800
  Memory: 677221
  MemModuleInfo:
    iNumMemSticks: 4
    DIMM 1:
      manufacturer: Microsoft Corporation
      modulePartNo: None
      memType: Unknown
      size: 1
      clkspeed: 0
      moduleVoltage: 0
    DIMM 2:
      manufacturer: Microsoft Corporation
      modulePartNo: None
      memType: Unknown
      size: 59
      clkspeed: 0
      moduleVoltage: 0
    DIMM 3:
      manufacturer: Microsoft Corporation
      modulePartNo: None
      memType: Unknown
      size: 276
      clkspeed: 0
      moduleVoltage: 0
    DIMM 4:
      manufacturer: Microsoft Corporation
      modulePartNo: None
      memType: Unknown
      size: 336
      clkspeed: 0
      moduleVoltage: 0
Checksum: C54E9368456CAC8A99E09985BB2F3FE3CC45F2EE