BaselineInfo:
  WebDBID: -1
  TimeStamp: 20260708080300
Version:
  Major: 11
  Minor: 0
  Build: 1004
  SpecialBuildName: ""
  ptArchitecture: x86_64_linux
Results:
  Results Complete: true
  NumTestProcesses: 2
  CPU_INTEGER_MATH: 13191.208333333332
  CPU_FLOATINGPOINT_MATH: 8108.9766945171641
  CPU_PRIME: 35.438330384181072
  CPU_SORTING: 6643.9198411655325
  CPU_ENCRYPTION: 2647.2609577484131
  CPU_COMPRESSION: 50963.082495635652
  CPU_SINGLETHREAD: 3732.5648829855973
  CPU_PHYSICS: 702.89427122988161
  CPU_MATRIX_MULT_SSE: 3886.8747030785548
  CPU_mm: 382.98268835937472
  CPU_sse: 1416.5043067071401
  CPU_fma: 4351.0609086551503
  CPU_avx: 4319.1861155996703
  CPU_avx512: 5460.7474813522585
  m_CPU_enc_SHA: 3342683721.0323124
  m_CPU_enc_AES: 2712934875.4660807
  m_CPU_enc_ECDSA: 2271944321.5976076
  ME_ALLOC_S: 1473.8422340862971
  ME_READ_S: 34042.203906249997
  ME_READ_L: 30088.251953125
  ME_WRITE: 30168.564453125
  ME_LARGE: 3354.5
  ME_LATENCY: 82.007208770608031
  ME_THREADED: 42893.5546875
  SUMM_CPU: 5106.87006602772
  SUMM_ME: 1994.351869503284
SystemInformation:
  OSName: Ubuntu 24.04.4 LTS
  Kernel: 6.17.0-1018-azure
  Device: ""
  Processor: "AMD EPYC 9V45 96-Core Processor                "
  NumSockets: 1
  Manufacturer: AuthenticAMD
  NumCores: 1
  NumLogicals: 2
  CPUFrequency: 0
  CPUMaxFrequency: 0
  Memory: 7938
  CPUInfo:
    number: 1
    Family: 15
    Model: 2
    stepping: 1
    features: 395049983
    manufacture: AuthenticAMD
    typestring: "AMD EPYC 9V45 96-Core Processor                "
    iCoresPerPackage: 8
    iThreadsPerPackage: 2
    featuresEx:
      - 395049983
      - 4277809667
      - 802421759
    bHybrid: false
    nPCore: 0
    nLogicalsPerPCore: 0
    nECore: 0
    nLogicalsPerECore: 0
  MemModuleInfo:
    iNumMemSticks: 2
    DIMM 1:
      manufacturer: Microsoft Corporation
      modulePartNo: None
      memType: Unknown
      size: 1
      clkspeed: 0
      moduleVoltage: 0
    DIMM 2:
      manufacturer: Microsoft Corporation
      modulePartNo: None
      memType: Unknown
      size: 7
      clkspeed: 0
      moduleVoltage: 0
Checksum: 5FBF13C5E47CBFF9510F77F39C495A3386D6651D