---
system-info:
      stress-ng-version: 0.17.08
      run-by: root
      date-yyyy-mm-dd: 2024:06:09
      time-hh-mm-ss: 09:01:02
      epoch-secs: 1717923662
      hostname: be4731d6774d
      sysname: Linux
      nodename: be4731d6774d
      release: 6.8.0-1008-aws
      version: '#8-Ubuntu SMP Sat Apr 20 00:46:25 UTC 2024'
      machine: x86_64
      compiler: 'musl-gcc 13.2.1'
      uptime: 157
      totalram: 257880637440
      freeram: 252823678976
      sharedram: 54030336
      bufferram: 105467904
      totalswap: 0
      freeswap: 0
      pagesize: 4096
      cpus: 32
      cpus-online: 32
      ticks-per-second: 100

metrics:
    - stressor: cpu
      bogo-ops: 253139
      bogo-ops-per-second-usr-sys-time: 791.961010
      bogo-ops-per-second-real-time: 25305.105450
      wall-clock-time: 10.003475
      user-time: 319.570749
      system-time: 0.064936
      cpu-usage-per-instance: 99.851449
      max-rss: 4104

...
