---
system-info:
      stress-ng-version: 0.17.08
      run-by: root
      date-yyyy-mm-dd: 2024:06:14
      time-hh-mm-ss: 13:56:20
      epoch-secs: 1718373380
      hostname: adadc9e508fd
      sysname: Linux
      nodename: adadc9e508fd
      release: 6.8.0-1008-aws
      version: '#8-Ubuntu SMP Sat Apr 20 00:46:25 UTC 2024'
      machine: x86_64
      compiler: 'musl-gcc 13.2.1'
      uptime: 192
      totalram: 257880584192
      freeram: 252871565312
      sharedram: 54030336
      bufferram: 109109248
      totalswap: 0
      freeswap: 0
      pagesize: 4096
      cpus: 32
      cpus-online: 32
      ticks-per-second: 100

metrics:
    - stressor: cpu
      bogo-ops: 343202
      bogo-ops-per-second-usr-sys-time: 536.869045
      bogo-ops-per-second-real-time: 17159.960456
      wall-clock-time: 20.000163
      user-time: 639.255786
      system-time: 0.009978
      cpu-usage-per-instance: 99.884463
      max-rss: 1032

...
