BaselineInfo:
  WebDBID: -1
  TimeStamp: 20241108032236
Version:
  Major: 11
  Minor: 0
  Build: 1002
  SpecialBuildName: ""
  ptArchitecture: x86_64_linux
Results:
  Results Complete: true
  NumTestProcesses: 16
  CPU_INTEGER_MATH: 39258.645333333334
  CPU_FLOATINGPOINT_MATH: 24152.701104446318
  CPU_PRIME: 71.744930031485978
  CPU_SORTING: 20681.665230613326
  CPU_ENCRYPTION: 5430.522891520146
  CPU_COMPRESSION: 173672.81778948964
  CPU_SINGLETHREAD: 1623.5502232086931
  CPU_PHYSICS: 1419.9747714295634
  CPU_MATRIX_MULT_SSE: 9772.4224642944355
  CPU_mm: 1220.222351409466
  CPU_sse: 4561.388743665977
  CPU_fma: 14603.195286433476
  CPU_avx: 10152.683362783859
  CPU_avx512: 0
  m_CPU_enc_SHA: 1779125581.8810451
  m_CPU_enc_AES: 13714563025.845329
  m_CPU_enc_ECDSA: 1589259306.7695122
  ME_ALLOC_S: 4817.4164289785385
  ME_READ_S: 19502.619531249999
  ME_READ_L: 10029.203125
  ME_WRITE: 9375.0439453125
  ME_LARGE: 4168.833333333333
  ME_LATENCY: 56.033022384790364
  ME_THREADED: 79548.3427734375
  SUMM_CPU: 12708.86493102486
  SUMM_ME: 2000.8746500283694
SystemInformation:
  OSName: Ubuntu 24.04.1 LTS
  Kernel: 6.8.0-1015-gcp
  Device: ""
  Processor: Intel Xeon CPU @ 2.30GHz
  NumSockets: 1
  Manufacturer: GenuineIntel
  NumCores: 8
  NumLogicals: 16
  CPUFrequency: 0
  Memory: 14372
  MemModuleInfo:
    iNumMemSticks: 1
    DIMM 1:
      manufacturer: ""
      modulePartNo: ""
      memType: RAM
      size: 14746
      clkspeed: 0
      moduleVoltage: 0
Checksum: D01163B0A6D59CAB15A6D49035EAD602482B67F2