BaselineInfo:
  WebDBID: -1
  TimeStamp: 20241114200142
Version:
  Major: 11
  Minor: 0
  Build: 1002
  SpecialBuildName: ""
  ptArchitecture: aarch64_linux
Results:
  Results Complete: true
  NumTestProcesses: 2
  CPU_INTEGER_MATH: 7289.9486666666671
  CPU_FLOATINGPOINT_MATH: 2831.5339201091301
  CPU_PRIME: 7.4301566034803397
  CPU_SORTING: 3472.3503656592925
  CPU_ENCRYPTION: 193.12897988532561
  CPU_COMPRESSION: 5026.5719485339505
  CPU_SINGLETHREAD: 616.83140194032421
  CPU_PHYSICS: 146.07819634785864
  CPU_MATRIX_MULT_SSE: 478.41080922120528
  CPU_mm: 143.32980352155226
  CPU_sse: 368.33589108458477
  CPU_fma: 588.48572735782591
  CPU_avx: 0
  CPU_avx512: 0
  m_CPU_enc_SHA: 281754464.04645741
  m_CPU_enc_AES: 164575793.92415431
  m_CPU_enc_ECDSA: 161200981.66609389
  ME_ALLOC_S: 648.54007373840159
  ME_READ_S: 8308.4271484375004
  ME_READ_L: 7953.6845703125
  ME_WRITE: 8583.583984375
  ME_LARGE: 589.91666666666663
  ME_LATENCY: 66.723769071520636
  ME_THREADED: 11427.390625
  SUMM_CPU: 803.73451180318659
  SUMM_ME: 760.51736705831195
SystemInformation:
  OSName: Ubuntu 24.04.1 LTS
  Kernel: 6.8.0-1018-aws
  Device: ""
  Processor: ARM Cortex-A72 2 Core 0 MHz
  NumSockets: 1
  Manufacturer: ARM
  NumCores: 2
  NumLogicals: 2
  CPUFrequency: 0
  Memory: 3746
Checksum: 8C0347637DBBCA7FCFB3F187CE03A40A1C332665