BaselineInfo:
  WebDBID: -1
  TimeStamp: 20241107005403
Version:
  Major: 11
  Minor: 0
  Build: 1002
  SpecialBuildName: ""
  ptArchitecture: aarch64_linux
Results:
  Results Complete: true
  NumTestProcesses: 2
  CPU_INTEGER_MATH: 7259.5133333333333
  CPU_FLOATINGPOINT_MATH: 2834.2033514317327
  CPU_PRIME: 7.1190977663164645
  CPU_SORTING: 3508.6691673829491
  CPU_ENCRYPTION: 194.50603996760032
  CPU_COMPRESSION: 5102.4872163468972
  CPU_SINGLETHREAD: 616.6374120804129
  CPU_PHYSICS: 145.69723274356915
  CPU_MATRIX_MULT_SSE: 483.92485475747065
  CPU_mm: 143.31138176644168
  CPU_sse: 367.88104130686895
  CPU_fma: 599.96866820807236
  CPU_avx: 0
  CPU_avx512: 0
  m_CPU_enc_SHA: 282800715.65691459
  m_CPU_enc_AES: 161247139.03433776
  m_CPU_enc_ECDSA: 167815241.40394706
  ME_ALLOC_S: 644.93746864137302
  ME_READ_S: 8151.5010253906248
  ME_READ_L: 7730.24560546875
  ME_WRITE: 8587.6904296875
  ME_LARGE: 599.75
  ME_LATENCY: 68.056126893320325
  ME_THREADED: 11173.943359375
  SUMM_CPU: 809.95322968161588
  SUMM_ME: 757.65816543625533
SystemInformation:
  OSName: Ubuntu 24.04.1 LTS
  Kernel: 6.8.0-1016-aws
  Device: ""
  Processor: ARM Cortex-A72 2 Core 0 MHz
  NumSockets: 1
  Manufacturer: ARM
  NumCores: 2
  NumLogicals: 2
  CPUFrequency: 0
  Memory: 3746
Checksum: E6F453470724A79618E1A88380363F509809576F