BaselineInfo:
  WebDBID: -1
  TimeStamp: 20241115124733
Version:
  Major: 11
  Minor: 0
  Build: 1002
  SpecialBuildName: ""
  ptArchitecture: aarch64_linux
Results:
  Results Complete: true
  NumTestProcesses: 2
  CPU_INTEGER_MATH: 7022.7520000000004
  CPU_FLOATINGPOINT_MATH: 2801.0152606748261
  CPU_PRIME: 5.5933730041956897
  CPU_SORTING: 3339.6342814865393
  CPU_ENCRYPTION: 196.36348523231618
  CPU_COMPRESSION: 4857.2167773506098
  CPU_SINGLETHREAD: 604.47904385680704
  CPU_PHYSICS: 114.27418952106498
  CPU_MATRIX_MULT_SSE: 479.01061634431017
  CPU_mm: 142.57062069359853
  CPU_sse: 365.08457390250618
  CPU_fma: 592.93665878611421
  CPU_avx: 0
  CPU_avx512: 0
  m_CPU_enc_SHA: 283164459.46646148
  m_CPU_enc_AES: 164497656.14693242
  m_CPU_enc_ECDSA: 170043998.05948961
  ME_ALLOC_S: 559.34218378455569
  ME_READ_S: 7554.7030761718752
  ME_READ_L: 5789.57666015625
  ME_WRITE: 7908.3642578125
  ME_LARGE: 554.08333333333337
  ME_LATENCY: 87.533900041098562
  ME_THREADED: 7871.06787109375
  SUMM_CPU: 785.08539187069266
  SUMM_ME: 650.77979454152864
SystemInformation:
  OSName: Ubuntu 24.04.1 LTS
  Kernel: 6.8.0-1018-aws
  Device: ""
  Processor: ARM Cortex-A72 2 Core 0 MHz
  NumSockets: 1
  Manufacturer: ARM
  NumCores: 2
  NumLogicals: 2
  CPUFrequency: 0
  Memory: 3746
Checksum: AE1231D884AE8B68F7CB9D0FC15976BDEAEF8A96