BaselineInfo:
  WebDBID: -1
  TimeStamp: 20260522140634
Version:
  Major: 11
  Minor: 0
  Build: 1004
  SpecialBuildName: ""
  ptArchitecture: x86_64_linux
Results:
  Results Complete: true
  NumTestProcesses: 4
  CPU_INTEGER_MATH: 29683.703666666668
  CPU_FLOATINGPOINT_MATH: 29514.523134073861
  CPU_PRIME: 98.690543845534478
  CPU_SORTING: 15713.145532942825
  CPU_ENCRYPTION: 6126.0384014242618
  CPU_COMPRESSION: 123965.431152951
  CPU_SINGLETHREAD: 3646.6209706161976
  CPU_PHYSICS: 1531.2688581665491
  CPU_MATRIX_MULT_SSE: 10164.544169028988
  CPU_mm: 1253.0352158111202
  CPU_sse: 4070.2849271321948
  CPU_fma: 13543.002302970526
  CPU_avx: 7630.2480483437657
  CPU_avx512: 15414.641397669471
  m_CPU_enc_SHA: 8518268707.1060219
  m_CPU_enc_AES: 5314097410.6003284
  m_CPU_enc_ECDSA: 5438484410.7291889
  ME_ALLOC_S: 4379.1065420219893
  ME_READ_S: 31671.195703124999
  ME_READ_L: 26132.625
  ME_WRITE: 25576.3359375
  ME_LARGE: 2929.0833333333335
  ME_LATENCY: 118.7990445489542
  ME_THREADED: 89903.662109375
  SUMM_CPU: 12515.758276458038
  SUMM_ME: 1679.1048412316836
SystemInformation:
  OSName: Ubuntu 24.04.4 LTS
  Kernel: 6.8.0-111-generic
  Device: ""
  Processor: "AMD EPYC 9575F 64-Core Processor               "
  NumSockets: 1
  Manufacturer: AuthenticAMD
  NumCores: 4
  NumLogicals: 4
  CPUFrequency: 0
  CPUMaxFrequency: 0
  Memory: 15897
  CPUInfo:
    number: 1
    Family: 15
    Model: 2
    stepping: 1
    features: 395049983
    manufacture: AuthenticAMD
    typestring: "AMD EPYC 9575F 64-Core Processor               "
    iCoresPerPackage: 255
    iThreadsPerPackage: 1
    featuresEx:
      - 395049983
      - 4294586883
      - 802421759
    bHybrid: false
    nPCore: 0
    nLogicalsPerPCore: 0
    nECore: 0
    nLogicalsPerECore: 0
  MemModuleInfo:
    iNumMemSticks: 1
    DIMM 1:
      manufacturer: QEMU
      modulePartNo: Not Specified
      memType: RAM
      size: 16
      clkspeed: 0
      moduleVoltage: 0
Checksum: FC29A559F92C4985382DCAAF8EE410403A80F437