BaselineInfo:
  WebDBID: -1
  TimeStamp: 20260714190614
Version:
  Major: 11
  Minor: 0
  Build: 1004
  SpecialBuildName: ""
  ptArchitecture: x86_64_linux
Results:
  Results Complete: true
  NumTestProcesses: 4
  CPU_INTEGER_MATH: 24900.031333333332
  CPU_FLOATINGPOINT_MATH: 22029.090251563732
  CPU_PRIME: 48.470379910794726
  CPU_SORTING: 12377.049367151478
  CPU_ENCRYPTION: 5311.9106348242849
  CPU_COMPRESSION: 96552.263393206085
  CPU_SINGLETHREAD: 2930.3490253736309
  CPU_PHYSICS: 883.27009567332652
  CPU_MATRIX_MULT_SSE: 8347.2283102039291
  CPU_mm: 902.35009943677653
  CPU_sse: 3435.7281848191465
  CPU_fma: 10412.508169687007
  CPU_avx: 6865.4364470645487
  CPU_avx512: 12675.240439245015
  m_CPU_enc_SHA: 7424957519.4138298
  m_CPU_enc_AES: 4777221884.4975147
  m_CPU_enc_ECDSA: 4507646613.5531826
  ME_ALLOC_S: 3058.3680315066099
  ME_READ_S: 26352.924609375001
  ME_READ_L: 21096.72265625
  ME_WRITE: 19338.455078125
  ME_LARGE: 7690
  ME_LATENCY: 141.4194577794718
  ME_THREADED: 51969.990234375
  SUMM_CPU: 9806.1309249066344
  SUMM_ME: 1575.6772947391817
SystemInformation:
  OSName: Ubuntu 24.04.4 LTS
  Kernel: 6.8.0-134-generic
  Device: ""
  Processor: "AMD EPYC 9575F 64-Core Processor               "
  NumSockets: 1
  Manufacturer: AuthenticAMD
  NumCores: 4
  NumLogicals: 4
  CPUFrequency: 0
  CPUMaxFrequency: 0
  Memory: 15945
  CPUInfo:
    number: 1
    Family: 15
    Model: 2
    stepping: 1
    features: 395049983
    manufacture: AuthenticAMD
    typestring: "AMD EPYC 9575F 64-Core Processor               "
    iCoresPerPackage: 128
    iThreadsPerPackage: 1
    featuresEx:
      - 395049983
      - 4294586883
      - 802421759
    bHybrid: false
    nPCore: 0
    nLogicalsPerPCore: 0
    nECore: 0
    nLogicalsPerECore: 0
  MemModuleInfo:
    iNumMemSticks: 1
    DIMM 1:
      manufacturer: QEMU
      modulePartNo: Not Specified
      memType: RAM
      size: 16
      clkspeed: 0
      moduleVoltage: 0
Checksum: F5F0EB12A28D4B0872EA7F95FC0990969251C953