BaselineInfo:
  WebDBID: -1
  TimeStamp: 20260714215909
Version:
  Major: 11
  Minor: 0
  Build: 1004
  SpecialBuildName: ""
  ptArchitecture: x86_64_linux
Results:
  Results Complete: true
  NumTestProcesses: 4
  CPU_INTEGER_MATH: 24955.151000000002
  CPU_FLOATINGPOINT_MATH: 24064.036904045268
  CPU_PRIME: 55.039565998632099
  CPU_SORTING: 12257.726507556183
  CPU_ENCRYPTION: 5876.7659903652893
  CPU_COMPRESSION: 95616.079977687943
  CPU_SINGLETHREAD: 2684.0247376163843
  CPU_PHYSICS: 898.79778195698748
  CPU_MATRIX_MULT_SSE: 9843.3079176493302
  CPU_mm: 1143.9460655133585
  CPU_sse: 3981.4883116970941
  CPU_fma: 13299.179410538442
  CPU_avx: 7327.9039717657197
  CPU_avx512: 14764.659976596067
  m_CPU_enc_SHA: 8234135232.7936583
  m_CPU_enc_AES: 5160297482.1545296
  m_CPU_enc_ECDSA: 5092274610.391633
  ME_ALLOC_S: 3650.3003186565838
  ME_READ_S: 27596.3017578125
  ME_READ_L: 21119.947265625
  ME_WRITE: 21862.58984375
  ME_LARGE: 7609.5
  ME_LATENCY: 181.11997854793478
  ME_THREADED: 36655.51220703125
  SUMM_CPU: 10193.282942984777
  SUMM_ME: 1329.7736887614203
SystemInformation:
  OSName: Ubuntu 24.04.4 LTS
  Kernel: 6.8.0-134-generic
  Device: ""
  Processor: "AMD EPYC 9575F 64-Core Processor               "
  NumSockets: 1
  Manufacturer: AuthenticAMD
  NumCores: 4
  NumLogicals: 4
  CPUFrequency: 0
  CPUMaxFrequency: 0
  Memory: 15945
  CPUInfo:
    number: 1
    Family: 15
    Model: 2
    stepping: 1
    features: 395049983
    manufacture: AuthenticAMD
    typestring: "AMD EPYC 9575F 64-Core Processor               "
    iCoresPerPackage: 128
    iThreadsPerPackage: 1
    featuresEx:
      - 395049983
      - 4294586883
      - 802421759
    bHybrid: false
    nPCore: 0
    nLogicalsPerPCore: 0
    nECore: 0
    nLogicalsPerECore: 0
  MemModuleInfo:
    iNumMemSticks: 1
    DIMM 1:
      manufacturer: QEMU
      modulePartNo: Not Specified
      memType: RAM
      size: 16
      clkspeed: 0
      moduleVoltage: 0
Checksum: DDFB85558BED3C2AED2BD177B168480CA81C7690