BaselineInfo:
  WebDBID: -1
  TimeStamp: 20241110045911
Version:
  Major: 11
  Minor: 0
  Build: 1002
  SpecialBuildName: ""
  ptArchitecture: x86_64_linux
Results:
  Results Complete: true
  NumTestProcesses: 96
  CPU_INTEGER_MATH: 441562.34799999988
  CPU_FLOATINGPOINT_MATH: 242451.76892107425
  CPU_PRIME: 527.75569744362281
  CPU_SORTING: 185840.29208464164
  CPU_ENCRYPTION: 109323.69924107092
  CPU_COMPRESSION: 1479186.082620783
  CPU_SINGLETHREAD: 2642.3323701109839
  CPU_PHYSICS: 7325.4265784400868
  CPU_MATRIX_MULT_SSE: 76635.830037667125
  CPU_mm: 9507.4075972119554
  CPU_sse: 39349.556125256728
  CPU_fma: 104211.82365606019
  CPU_avx: 86346.110331684438
  CPU_avx512: 0
  m_CPU_enc_SHA: 159920607115.55957
  m_CPU_enc_AES: 103320420351.63022
  m_CPU_enc_ECDSA: 80661594299.025787
  ME_ALLOC_S: 26783.464147437175
  ME_READ_S: 26470.979687499999
  ME_READ_L: 17964.14453125
  ME_WRITE: 17328.41796875
  ME_LARGE: 365640.33333333331
  ME_LATENCY: 60.808004605512451
  ME_THREADED: 136661.75170898438
  SUMM_CPU: 81484.637890915707
  SUMM_ME: 2980.5430016908217
SystemInformation:
  OSName: Ubuntu 24.04.1 LTS
  Kernel: 6.8.0-1016-aws
  Device: ""
  Processor: AMD EPYC 7R13 Processor
  NumSockets: 1
  Manufacturer: AuthenticAMD
  NumCores: 48
  NumLogicals: 96
  CPUFrequency: 0
  Memory: 378794
  MemModuleInfo:
    iNumMemSticks: 2
    DIMM 1:
      manufacturer: Not Specified
      modulePartNo: Not Specified
      memType: DDR4
      size: 192
      clkspeed: 1600
      moduleVoltage: 0
    DIMM 2:
      manufacturer: Not Specified
      modulePartNo: Not Specified
      memType: DDR4
      size: 192
      clkspeed: 1600
      moduleVoltage: 0
Checksum: E86D67E21E781AFA099185F7E5FCD88420C03A3E