BaselineInfo:
  WebDBID: -1
  TimeStamp: 20241202192112
Version:
  Major: 11
  Minor: 0
  Build: 1002
  SpecialBuildName: ""
  ptArchitecture: aarch64_linux
Results:
  Results Complete: true
  NumTestProcesses: 32
  CPU_INTEGER_MATH: 167020.63666666669
  CPU_FLOATINGPOINT_MATH: 194053.12817746532
  CPU_PRIME: 429.52348386196064
  CPU_SORTING: 147792.58658787145
  CPU_ENCRYPTION: 6054.4161843448965
  CPU_COMPRESSION: 213094.8351882337
  CPU_SINGLETHREAD: 1944.8742940356597
  CPU_PHYSICS: 9247.6289282518519
  CPU_MATRIX_MULT_SSE: 29495.731066420849
  CPU_mm: 3644.2272635787276
  CPU_sse: 23222.167827918747
  CPU_fma: 35769.294304922958
  CPU_avx: 0
  CPU_avx512: 0
  m_CPU_enc_SHA: 9444482918.6639614
  m_CPU_enc_AES: 3442052715.1710029
  m_CPU_enc_ECDSA: 6159010880.9119339
  ME_ALLOC_S: 47278.091121994134
  ME_READ_S: 21191.512890624999
  ME_READ_L: 20158.93359375
  ME_WRITE: 21298.359375
  ME_LARGE: 240512.41666666666
  ME_LATENCY: 46.238266456130482
  ME_THREADED: 423119.685546875
  SUMM_CPU: 26405.066567778049
  SUMM_ME: 3409.9377959668291
SystemInformation:
  OSName: Ubuntu 24.04.1 LTS
  Kernel: 6.8.0-1018-aws
  Device: ""
  Processor: ARM Neoverse-V2 32 Core 0 MHz
  NumSockets: 1
  Manufacturer: ARM
  NumCores: 32
  NumLogicals: 32
  CPUFrequency: 0
  Memory: 253166
Checksum: C04FB0B492C77FC34EFAB0C2C16C46CCE0DD8482