BaselineInfo:
  WebDBID: -1
  TimeStamp: 20241107151715
Version:
  Major: 11
  Minor: 0
  Build: 1002
  SpecialBuildName: ""
  ptArchitecture: aarch64_linux
Results:
  Results Complete: true
  NumTestProcesses: 4
  CPU_INTEGER_MATH: 20834.098000000002
  CPU_FLOATINGPOINT_MATH: 24201.188839896247
  CPU_PRIME: 69.390831242586415
  CPU_SORTING: 18513.16174729331
  CPU_ENCRYPTION: 752.04782449857987
  CPU_COMPRESSION: 26481.989644038862
  CPU_SINGLETHREAD: 1943.314589889819
  CPU_PHYSICS: 1349.3375943697442
  CPU_MATRIX_MULT_SSE: 3674.2178767185674
  CPU_mm: 450.93914033910983
  CPU_sse: 2882.0201762014794
  CPU_fma: 4466.4155772356553
  CPU_avx: 0
  CPU_avx512: 0
  m_CPU_enc_SHA: 1191552112.1313221
  m_CPU_enc_AES: 427853219.04169333
  m_CPU_enc_ECDSA: 746332567.69125319
  ME_ALLOC_S: 6045.2709234902695
  ME_READ_S: 19002.043359374999
  ME_READ_L: 19607.927734375
  ME_WRITE: 21273.419921875
  ME_LARGE: 21606.416666666668
  ME_LATENCY: 48.405746961535272
  ME_THREADED: 77396.04296875
  SUMM_CPU: 3946.7493374400515
  SUMM_ME: 2901.9465354487384
SystemInformation:
  OSName: Ubuntu 24.04.1 LTS
  Kernel: 6.8.0-1016-aws
  Device: ""
  Processor: ARM Neoverse-V2 4 Core 0 MHz
  NumSockets: 1
  Manufacturer: ARM
  NumCores: 4
  NumLogicals: 4
  CPUFrequency: 0
  Memory: 31494
Checksum: 5D847E708E1C64923F0EC4A809FFE3F8097042B2