---
system-info:
      stress-ng-version: 0.17.08
      run-by: root
      date-yyyy-mm-dd: 2024:07:12
      time-hh-mm-ss: 05:54:37
      epoch-secs: 1720763677
      hostname: ip-172-31-21-111
      sysname: Linux
      nodename: ip-172-31-21-111
      release: 6.8.0-1010-aws
      version: '#10-Ubuntu SMP Thu Jun 13 17:36:15 UTC 2024'
      machine: x86_64
      compiler: 'musl-gcc 13.2.1'
      uptime: 212
      totalram: 260351553536
      freeram: 252204769280
      sharedram: 37314560
      bufferram: 129867776
      totalswap: 0
      freeswap: 0
      pagesize: 4096
      cpus: 32
      cpus-online: 32
      ticks-per-second: 100

metrics:
    - stressor: cpu
      bogo-ops: 955879
      bogo-ops-per-second-usr-sys-time: 1494.447392
      bogo-ops-per-second-real-time: 47793.810822
      wall-clock-time: 20.000058
      user-time: 639.589387
      system-time: 0.030987
      cpu-usage-per-instance: 99.940392
      max-rss: 1032

...
