---
system-info:
      stress-ng-version: 0.17.08
      run-by: root
      date-yyyy-mm-dd: 2024:09:17
      time-hh-mm-ss: 08:25:07
      epoch-secs: 1726561507
      hostname: sc-runner
      sysname: Linux
      nodename: sc-runner
      release: 6.8.0-1014-azure
      version: '#16-Ubuntu SMP Thu Aug 15 20:04:41 UTC 2024'
      machine: x86_64
      compiler: 'musl-gcc 13.2.1'
      uptime: 376
      totalram: 270437494784
      freeram: 258416312320
      sharedram: 109813760
      bufferram: 301056000
      totalswap: 0
      freeswap: 0
      pagesize: 4096
      cpus: 64
      cpus-online: 64
      ticks-per-second: 100

metrics:
    - stressor: cpu
      bogo-ops: 22275
      bogo-ops-per-second-usr-sys-time: 1113.782801
      bogo-ops-per-second-real-time: 1113.746535
      wall-clock-time: 20.000062
      user-time: 19.999411
      system-time: 0.000000
      cpu-usage-per-instance: 99.996744
      max-rss: 2560

...
