BaselineInfo:
  WebDBID: -1
  TimeStamp: 20241107111759
Version:
  Major: 11
  Minor: 0
  Build: 1002
  SpecialBuildName: ""
  ptArchitecture: x86_64_linux
Results:
  Results Complete: true
  NumTestProcesses: 2
  CPU_INTEGER_MATH: 5684.8753333333334
  CPU_FLOATINGPOINT_MATH: 3156.103695936099
  CPU_PRIME: 12.975063534620798
  CPU_SORTING: 3161.1835571359638
  CPU_ENCRYPTION: 794.00943120242209
  CPU_COMPRESSION: 25708.1313558209
  CPU_SINGLETHREAD: 1742.6347023624496
  CPU_PHYSICS: 284.01613365541016
  CPU_MATRIX_MULT_SSE: 915.72134665729595
  CPU_mm: 178.78894965277385
  CPU_sse: 670.95977213459014
  CPU_fma: 0
  CPU_avx: 1160.4829211800015
  CPU_avx512: 0
  m_CPU_enc_SHA: 260972642.33510643
  m_CPU_enc_AES: 2009393859.0899687
  m_CPU_enc_ECDSA: 227371198.5724577
  ME_ALLOC_S: 711.92619736620679
  ME_READ_S: 22526.029882812501
  ME_READ_L: 11346.5
  ME_WRITE: 10013.29296875
  ME_LARGE: 5275.333333333333
  ME_LATENCY: 52.842825609020558
  ME_THREADED: 12500.92236328125
  SUMM_CPU: 1924.0437373419841
  SUMM_ME: 1685.7694166438882
SystemInformation:
  OSName: Ubuntu 24.04.1 LTS
  Kernel: 6.8.0-1016-aws
  Device: ""
  Processor: Intel Xeon CPU E5-2670 v2 @ 2.50GHz
  NumSockets: 1
  Manufacturer: GenuineIntel
  NumCores: 1
  NumLogicals: 2
  CPUFrequency: 0
  Memory: 15241
  MemModuleInfo:
    iNumMemSticks: 1
    DIMM 1:
      manufacturer: Not Specified
      modulePartNo: Not Specified
      memType: RAM
      size: 15625
      clkspeed: 0
      moduleVoltage: 0
Checksum: 12BA93273038F21C6C14EADA48530469BF3C93FD