BaselineInfo:
  WebDBID: -1
  TimeStamp: 20241110053612
Version:
  Major: 11
  Minor: 0
  Build: 1002
  SpecialBuildName: ""
  ptArchitecture: x86_64_linux
Results:
  Results Complete: true
  NumTestProcesses: 64
  CPU_INTEGER_MATH: 146640.25233333331
  CPU_FLOATINGPOINT_MATH: 78572.083778159969
  CPU_PRIME: 230.27292886434557
  CPU_SORTING: 74804.355961876048
  CPU_ENCRYPTION: 20085.041011275942
  CPU_COMPRESSION: 635842.90196793014
  CPU_SINGLETHREAD: 1487.7262036812303
  CPU_PHYSICS: 3663.8606487798324
  CPU_MATRIX_MULT_SSE: 46936.030272749587
  CPU_mm: 4449.7483331143376
  CPU_sse: 15878.733008572864
  CPU_fma: 54421.614986630339
  CPU_avx: 38458.49626465857
  CPU_avx512: 78985.276831136522
  m_CPU_enc_SHA: 6617691346.373477
  m_CPU_enc_AES: 50650876293.71595
  m_CPU_enc_ECDSA: 5913508250.2295971
  ME_ALLOC_S: 17299.093920660544
  ME_READ_S: 18307.114453124999
  ME_READ_L: 9179.73828125
  ME_WRITE: 8632.19921875
  ME_LARGE: 1018790
  ME_LATENCY: 57.723747812080035
  ME_THREADED: 162192.55560302734
  SUMM_CPU: 35063.398709999223
  SUMM_ME: 2323.1991546387553
SystemInformation:
  OSName: Ubuntu 24.04.1 LTS
  Kernel: 6.8.0-1017-azure
  Device: ""
  Processor: Intel Xeon Platinum 8280M CPU @ 2.70GHz
  NumSockets: 2
  Manufacturer: GenuineIntel
  NumCores: 32
  NumLogicals: 64
  CPUFrequency: 0
  Memory: 1032052
  MemModuleInfo:
    iNumMemSticks: 4
    DIMM 1:
      manufacturer: Microsoft Corporation
      modulePartNo: None
      memType: Unknown
      size: 1
      clkspeed: 0
      moduleVoltage: 0
    DIMM 2:
      manufacturer: Microsoft Corporation
      modulePartNo: None
      memType: Unknown
      size: 60928
      clkspeed: 0
      moduleVoltage: 0
    DIMM 3:
      manufacturer: Microsoft Corporation
      modulePartNo: None
      memType: Unknown
      size: 462336
      clkspeed: 0
      moduleVoltage: 0
    DIMM 4:
      manufacturer: Microsoft Corporation
      modulePartNo: None
      memType: Unknown
      size: 512
      clkspeed: 0
      moduleVoltage: 0
Checksum: 72C0A3331F8AC636717614E98A5FC7B016BF588B