BaselineInfo:
  WebDBID: -1
  TimeStamp: 20241109071957
Version:
  Major: 11
  Minor: 0
  Build: 1002
  SpecialBuildName: ""
  ptArchitecture: x86_64_linux
Results:
  Results Complete: true
  NumTestProcesses: 48
  CPU_INTEGER_MATH: 201354.93500000006
  CPU_FLOATINGPOINT_MATH: 102926.59822331088
  CPU_PRIME: 231.97988498178759
  CPU_SORTING: 100196.45915748179
  CPU_ENCRYPTION: 43612.586666741976
  CPU_COMPRESSION: 730410.52082955535
  CPU_SINGLETHREAD: 2371.2301037102184
  CPU_PHYSICS: 4023.604865198452
  CPU_MATRIX_MULT_SSE: 42131.863936874157
  CPU_mm: 4337.7295665064094
  CPU_sse: 18855.631409550377
  CPU_fma: 51438.121795494939
  CPU_avx: 38705.99940357203
  CPU_avx512: 59527.703138879231
  m_CPU_enc_SHA: 44090362042.342285
  m_CPU_enc_AES: 66352319879.00563
  m_CPU_enc_ECDSA: 26750653108.648918
  ME_ALLOC_S: 21131.786172732573
  ME_READ_S: 23704.761914062499
  ME_READ_L: 11373.9443359375
  ME_WRITE: 10348.9638671875
  ME_LARGE: 179030.41666666666
  ME_LATENCY: 60.660819158286394
  ME_THREADED: 155161.89233398438
  SUMM_CPU: 48594.141445407091
  SUMM_ME: 2562.5465769886559
SystemInformation:
  OSName: Ubuntu 24.04.1 LTS
  Kernel: 6.8.0-1016-aws
  Device: ""
  Processor: Intel Xeon Platinum 8375C CPU @ 2.90GHz
  NumSockets: 1
  Manufacturer: GenuineIntel
  NumCores: 24
  NumLogicals: 48
  CPUFrequency: 0
  Memory: 190156
  MemModuleInfo:
    iNumMemSticks: 1
    DIMM 1:
      manufacturer: Not Specified
      modulePartNo: Not Specified
      memType: DDR4
      size: 192
      clkspeed: 1600
      moduleVoltage: 0
Checksum: D68C4312A486BE467C3A328FF43ED66FE5A864BF