---
system-info:
      stress-ng-version: 0.17.08
      run-by: root
      date-yyyy-mm-dd: 2024:06:15
      time-hh-mm-ss: 05:56:00
      epoch-secs: 1718430960
      hostname: c44d3f6a4f74
      sysname: Linux
      nodename: c44d3f6a4f74
      release: 6.8.0-1008-aws
      version: '#8-Ubuntu SMP Sat Apr 20 02:43:14 UTC 2024'
      machine: aarch64
      compiler: 'musl-gcc 13.2.1'
      uptime: 130
      totalram: 199002099712
      freeram: 194261106688
      sharedram: 34979840
      bufferram: 109105152
      totalswap: 0
      freeswap: 0
      pagesize: 4096
      cpus: 48
      cpus-online: 48
      ticks-per-second: 100

metrics:
    - stressor: cpu
      bogo-ops: 30646
      bogo-ops-per-second-usr-sys-time: 1532.330953
      bogo-ops-per-second-real-time: 1532.296730
      wall-clock-time: 20.000043
      user-time: 19.999596
      system-time: 0.000000
      cpu-usage-per-instance: 99.997767
      max-rss: 1152

...
