---
system-info:
      stress-ng-version: 0.17.08
      run-by: root
      date-yyyy-mm-dd: 2024:06:08
      time-hh-mm-ss: 21:19:41
      epoch-secs: 1717881581
      hostname: ff0855a7717b
      sysname: Linux
      nodename: ff0855a7717b
      release: 6.8.0-1008-aws
      version: '#8-Ubuntu SMP Sat Apr 20 02:43:14 UTC 2024'
      machine: aarch64
      compiler: 'musl-gcc 13.2.1'
      uptime: 114
      totalram: 199002095616
      freeram: 194083037184
      sharedram: 34979840
      bufferram: 105508864
      totalswap: 0
      freeswap: 0
      pagesize: 4096
      cpus: 48
      cpus-online: 48
      ticks-per-second: 100

metrics:
    - stressor: cpu
      bogo-ops: 4267
      bogo-ops-per-second-usr-sys-time: 424.833621
      bogo-ops-per-second-real-time: 424.822550
      wall-clock-time: 10.044194
      user-time: 10.043932
      system-time: 0.000000
      cpu-usage-per-instance: 99.997394
      max-rss: 4224

...
