---
system-info:
      stress-ng-version: 0.17.08
      run-by: root
      date-yyyy-mm-dd: 2024:07:12
      time-hh-mm-ss: 12:33:59
      epoch-secs: 1720787639
      hostname: ip-172-31-2-222
      sysname: Linux
      nodename: ip-172-31-2-222
      release: 6.8.0-1010-aws
      version: '#10-Ubuntu SMP Thu Jun 13 17:36:15 UTC 2024'
      machine: x86_64
      compiler: 'musl-gcc 13.2.1'
      uptime: 302
      totalram: 405340602368
      freeram: 395483062272
      sharedram: 78446592
      bufferram: 132943872
      totalswap: 0
      freeswap: 0
      pagesize: 4096
      cpus: 96
      cpus-online: 96
      ticks-per-second: 100

metrics:
    - stressor: cpu
      bogo-ops: 29073
      bogo-ops-per-second-usr-sys-time: 1453.686996
      bogo-ops-per-second-real-time: 1453.648718
      wall-clock-time: 20.000018
      user-time: 19.999491
      system-time: 0.000000
      cpu-usage-per-instance: 99.997367
      max-rss: 768

...
