BaselineInfo:
  WebDBID: -1
  TimeStamp: 20260219143940
Version:
  Major: 11
  Minor: 0
  Build: 1004
  SpecialBuildName: ""
  ptArchitecture: aarch64_linux
Results:
  Results Complete: true
  NumTestProcesses: 48
  CPU_INTEGER_MATH: 250465.68233333339
  CPU_FLOATINGPOINT_MATH: 291197.0383187384
  CPU_PRIME: 522.88583398443541
  CPU_SORTING: 219962.82942916371
  CPU_ENCRYPTION: 9100.9159771457835
  CPU_COMPRESSION: 318250.18204720411
  CPU_SINGLETHREAD: 1942.3793031302068
  CPU_PHYSICS: 12677.798422908161
  CPU_MATRIX_MULT_SSE: 44094.776689675586
  CPU_mm: 5465.9910524904935
  CPU_sse: 34668.797694926499
  CPU_fma: 53520.755684424636
  CPU_avx: 0
  CPU_avx512: 0
  m_CPU_enc_SHA: 14354188955.599138
  m_CPU_enc_AES: 5155715589.0879717
  m_CPU_enc_ECDSA: 9119101670.2677345
  ME_ALLOC_S: 47318.637909709796
  ME_READ_S: 19354.807226562501
  ME_READ_L: 19236.669921875
  ME_WRITE: 21271.015625
  ME_LARGE: 364463.58333333331
  ME_LATENCY: 47.740792612848615
  ME_THREADED: 413092.75732421875
  SUMM_CPU: 36053.043475303552
  SUMM_ME: 3251.7144623760901
SystemInformation:
  OSName: Ubuntu 24.04.3 LTS
  Kernel: 6.17.0-1007-aws
  Device: ""
  Processor: ARM Neoverse-V2 48 Core 0 MHz
  NumSockets: 1
  Manufacturer: ARM
  NumCores: 48
  NumLogicals: 48
  CPUFrequency: 0
  CPUMaxFrequency: 0
  Memory: 379909
Checksum: 9C692C26F2AEA3A623B44C13178B335D04850C70