BaselineInfo:
  WebDBID: -1
  TimeStamp: 20250418081021
Version:
  Major: 11
  Minor: 0
  Build: 1002
  SpecialBuildName: ""
  ptArchitecture: x86_64_linux
Results:
  Results Complete: true
  NumTestProcesses: 96
  CPU_INTEGER_MATH: 382172.1023333334
  CPU_FLOATINGPOINT_MATH: 270833.93863132293
  CPU_PRIME: 762.43689459305426
  CPU_SORTING: 183818.17917998682
  CPU_ENCRYPTION: 84202.554145432441
  CPU_COMPRESSION: 1366914.8174695144
  CPU_SINGLETHREAD: 2881.3971661498422
  CPU_PHYSICS: 11160.212318536787
  CPU_MATRIX_MULT_SSE: 104399.86065808676
  CPU_mm: 10451.323331648333
  CPU_sse: 44889.114260977163
  CPU_fma: 118464.65228323601
  CPU_avx: 91956.130631002583
  CPU_avx512: 162289.54545713152
  m_CPU_enc_SHA: 88898367570.569031
  m_CPU_enc_AES: 115793255860.21078
  m_CPU_enc_ECDSA: 60186708816.023148
  ME_ALLOC_S: 31719.478841836135
  ME_READ_S: 25798.690234375001
  ME_READ_L: 10312.6552734375
  ME_WRITE: 9456.6611328125
  ME_LARGE: 181416.58333333334
  ME_LATENCY: 57.951485950067934
  ME_THREADED: 284296.49560546875
  SUMM_CPU: 86191.92546458522
  SUMM_ME: 2605.0267745719998
SystemInformation:
  OSName: Ubuntu 24.04.2 LTS
  Kernel: 6.8.0-1021-azure
  Device: ""
  Processor: INTEL XEON PLATINUM 8573C
  NumSockets: 1
  Manufacturer: GenuineIntel
  NumCores: 48
  NumLogicals: 96
  CPUFrequency: 2300
  Memory: 193384
  MemModuleInfo:
    iNumMemSticks: 4
    DIMM 1:
      manufacturer: Microsoft Corporation
      modulePartNo: None
      memType: Unknown
      size: 1
      clkspeed: 0
      moduleVoltage: 0
    DIMM 2:
      manufacturer: Microsoft Corporation
      modulePartNo: None
      memType: Unknown
      size: 59
      clkspeed: 0
      moduleVoltage: 0
    DIMM 3:
      manufacturer: Microsoft Corporation
      modulePartNo: None
      memType: Unknown
      size: 36
      clkspeed: 0
      moduleVoltage: 0
    DIMM 4:
      manufacturer: Microsoft Corporation
      modulePartNo: None
      memType: Unknown
      size: 96
      clkspeed: 0
      moduleVoltage: 0
Checksum: DFC81A891486D5339F359B3271791D9C1C808FB1