size_kb,operation,bandwidth_mb_s,latency_ns,latency_stddev_ns,latency_samples,threads,iterations,elapsed_s
32,read,3545973.53,0,0,0,32,663131,0.187010
32,write,3191394.44,0,0,0,32,696378,0.218205
32,copy,2924894.03,0,0,0,32,585479,0.200171
32,latency,0,1.84,0.00,7,1,7,0.263199
128,read,2874683.32,0,0,0,32,158831,0.221007
128,write,3190679.20,0,0,0,32,196540,0.246393
128,copy,2410836.75,0,0,0,32,126839,0.210448
128,latency,0,2.06,0.00,7,1,7,0.571893
1024,read,2646754.60,0,0,0,32,20875,0.252385
1024,write,3163255.84,0,0,0,32,24960,0.252499
1024,copy,543612.20,0,0,0,32,16962,0.998476
1024,latency,0,4.56,0.00,7,1,7,0.675926
2048,read,963204.00,0,0,0,32,10763,0.715147
2048,write,1097184.28,0,0,0,32,12337,0.719631
2048,copy,260394.10,0,0,0,32,5551,1.364332
2048,latency,0,8.47,0.02,7,1,7,0.675467
4096,read,451065.97,0,0,0,32,3567,1.012216
4096,write,392070.92,0,0,0,32,5050,1.648681
4096,copy,125891.82,0,0,0,32,1968,2.000956
4096,latency,0,14.98,0.03,7,1,7,0.705559
16384,read,225728.74,0,0,0,32,619,1.404021
16384,write,199898.11,0,0,0,32,1053,2.697054
16384,copy,83201.96,0,0,0,32,450,2.769166
16384,latency,0,21.03,0.02,7,1,7,0.714700
32768,read,190539.13,0,0,0,32,251,1.348930
32768,write,170971.40,0,0,0,32,428,2.563423
32768,copy,82365.96,0,0,0,32,207,2.573490
32768,latency,0,22.07,2.08,21,1,21,2.220883
65536,read,180285.83,0,0,0,32,146,1.658522
65536,write,167049.89,0,0,0,32,258,3.163031
65536,copy,82999.82,0,0,0,32,113,2.788247
65536,latency,0,51.74,2.39,7,1,7,2.283210
131072,read,178103.40,0,0,0,32,72,1.655847
131072,write,167816.91,0,0,0,32,128,3.124167
131072,copy,83271.40,0,0,0,32,56,2.754559
131072,latency,0,68.30,1.68,7,1,7,6.125374
262144,read,176188.71,0,0,0,32,36,1.673842
262144,write,166544.66,0,0,0,32,64,3.148032
262144,copy,84268.72,0,0,0,16,28,1.360979
262144,latency,0,76.23,0.92,7,1,7,13.807935
