BaselineInfo:
  WebDBID: -1
  TimeStamp: 20260206185212
Version:
  Major: 11
  Minor: 0
  Build: 1004
  SpecialBuildName: ""
  ptArchitecture: x86_64_linux
Results:
  Results Complete: true
  NumTestProcesses: 64
  CPU_INTEGER_MATH: 330073.95900000003
  CPU_FLOATINGPOINT_MATH: 238976.39377243683
  CPU_PRIME: 539.51463410495182
  CPU_SORTING: 163205.39530496558
  CPU_ENCRYPTION: 72415.438088128431
  CPU_COMPRESSION: 1272474.5455722117
  CPU_SINGLETHREAD: 3271.18183646542
  CPU_PHYSICS: 9211.5423861060335
  CPU_MATRIX_MULT_SSE: 88392.759361024495
  CPU_mm: 9595.1930134894083
  CPU_sse: 39542.770196691985
  CPU_fma: 104366.64658882435
  CPU_avx: 82821.630965939679
  CPU_avx512: 126839.989692642
  m_CPU_enc_SHA: 76477853658.245209
  m_CPU_enc_AES: 99964777695.269806
  m_CPU_enc_ECDSA: 51356639872.577003
  ME_ALLOC_S: 29676.789304748421
  ME_READ_S: 28823.0400390625
  ME_READ_L: 16773.041015625
  ME_WRITE: 11400.0771484375
  ME_LARGE: 239463.5
  ME_LATENCY: 65.837471428872632
  ME_THREADED: 215981.24169921875
  SUMM_CPU: 82895.652772099449
  SUMM_ME: 2774.8286074605599
SystemInformation:
  OSName: Ubuntu 24.04.3 LTS
  Kernel: 6.14.0-1018-aws
  Device: ""
  Processor: Intel(R) Xeon(R) 6975P-C
  NumSockets: 1
  Manufacturer: GenuineIntel
  NumCores: 32
  NumLogicals: 64
  CPUFrequency: 0
  CPUMaxFrequency: 0
  Memory: 253654
  CPUInfo:
    number: 1
    Family: 6
    Model: 13
    stepping: 1
    features: 529267711
    manufacture: GenuineIntel
    typestring: Intel(R) Xeon(R) 6975P-C
    iCoresPerPackage: 32
    iThreadsPerPackage: 2
    featuresEx:
      - 529267711
      - 4294619651
      - 739248128
    bHybrid: false
    nPCore: 0
    nLogicalsPerPCore: 0
    nECore: 0
    nLogicalsPerECore: 0
  MemModuleInfo:
    iNumMemSticks: 1
    DIMM 1:
      manufacturer: Not Specified
      modulePartNo: Not Specified
      memType: DDR5
      size: 256
      clkspeed: 3600
      moduleVoltage: 0
Checksum: 4696A40B844A53D62E95CB524813F61446DCE47F