BaselineInfo:
  WebDBID: -1
  TimeStamp: 20260714220415
Version:
  Major: 11
  Minor: 0
  Build: 1004
  SpecialBuildName: ""
  ptArchitecture: x86_64_linux
Results:
  Results Complete: true
  NumTestProcesses: 2
  CPU_INTEGER_MATH: 8729.8996666666662
  CPU_FLOATINGPOINT_MATH: 6709.2833403508612
  CPU_PRIME: 19.774659231118225
  CPU_SORTING: 4616.3414296707342
  CPU_ENCRYPTION: 1913.6833212719753
  CPU_COMPRESSION: 32258.372298484777
  CPU_SINGLETHREAD: 1832.333919567566
  CPU_PHYSICS: 400.21597602124149
  CPU_MATRIX_MULT_SSE: 2392.5864288543958
  CPU_mm: 280.63542731983779
  CPU_sse: 1271.6046936967846
  CPU_fma: 3543.8749283983989
  CPU_avx: 2362.2796644680038
  CPU_avx512: 0
  m_CPU_enc_SHA: 2785226321.7379637
  m_CPU_enc_AES: 1724791865.3559599
  m_CPU_enc_ECDSA: 1509909019.7643235
  ME_ALLOC_S: 600.43534174419005
  ME_READ_S: 13309.41025390625
  ME_READ_L: 10578.6875
  ME_WRITE: 10765.9423828125
  ME_LARGE: 2107.5
  ME_LATENCY: 94.979510737709461
  ME_THREADED: 18374.1259765625
  SUMM_CPU: 3432.7279188440652
  SUMM_ME: 1171.7362935666079
SystemInformation:
  OSName: Ubuntu 24.04.4 LTS
  Kernel: 6.8.0-134-generic
  Device: ""
  Processor: AMD EPYC-Rome Processor
  NumSockets: 1
  Manufacturer: AuthenticAMD
  NumCores: 1
  NumLogicals: 2
  CPUFrequency: 0
  CPUMaxFrequency: 0
  Memory: 3910
  CPUInfo:
    number: 1
    Family: 15
    Model: 1
    stepping: 0
    features: 395049983
    manufacture: AuthenticAMD
    typestring: AMD EPYC-Rome Processor
    iCoresPerPackage: 1
    iThreadsPerPackage: 2
    featuresEx:
      - 395049983
      - 4277678595
      - 802421759
    bHybrid: false
    nPCore: 0
    nLogicalsPerPCore: 0
    nECore: 0
    nLogicalsPerECore: 0
  MemModuleInfo:
    iNumMemSticks: 1
    DIMM 1:
      manufacturer: QEMU
      modulePartNo: Not Specified
      memType: RAM
      size: 4
      clkspeed: 0
      moduleVoltage: 0
Checksum: 1AFDF72E305D8675B7D69440F04DC13C7DFF688A