BaselineInfo:
  WebDBID: -1
  TimeStamp: 20260714185707
Version:
  Major: 11
  Minor: 0
  Build: 1004
  SpecialBuildName: ""
  ptArchitecture: x86_64_linux
Results:
  Results Complete: true
  NumTestProcesses: 2
  CPU_INTEGER_MATH: 8773.9433333333327
  CPU_FLOATINGPOINT_MATH: 6293.9836520538474
  CPU_PRIME: 19.259584679926462
  CPU_SORTING: 4169.7151442200156
  CPU_ENCRYPTION: 1858.7658609648224
  CPU_COMPRESSION: 30822.624798591853
  CPU_SINGLETHREAD: 1775.0590998502078
  CPU_PHYSICS: 326.35186444026976
  CPU_MATRIX_MULT_SSE: 2207.6412952281871
  CPU_mm: 236.05779340803809
  CPU_sse: 1119.8853583516925
  CPU_fma: 3298.4513121364457
  CPU_avx: 2204.5872151964231
  CPU_avx512: 0
  m_CPU_enc_SHA: 2682592122.8455563
  m_CPU_enc_AES: 1670402889.9160457
  m_CPU_enc_ECDSA: 1494176801.5195465
  ME_ALLOC_S: 577.6746892770916
  ME_READ_S: 12480.0015625
  ME_READ_L: 8940.3818359375
  ME_WRITE: 9858.5966796875
  ME_LARGE: 1955.6666666666667
  ME_LATENCY: 117.47782100669092
  ME_THREADED: 16938.123046875
  SUMM_CPU: 3254.796372764014
  SUMM_ME: 1032.4896833762291
SystemInformation:
  OSName: Ubuntu 24.04.4 LTS
  Kernel: 6.8.0-134-generic
  Device: ""
  Processor: AMD EPYC-Rome Processor
  NumSockets: 1
  Manufacturer: AuthenticAMD
  NumCores: 1
  NumLogicals: 2
  CPUFrequency: 0
  CPUMaxFrequency: 0
  Memory: 3910
  CPUInfo:
    number: 1
    Family: 15
    Model: 1
    stepping: 0
    features: 395049983
    manufacture: AuthenticAMD
    typestring: AMD EPYC-Rome Processor
    iCoresPerPackage: 1
    iThreadsPerPackage: 2
    featuresEx:
      - 395049983
      - 4277678595
      - 802421759
    bHybrid: false
    nPCore: 0
    nLogicalsPerPCore: 0
    nECore: 0
    nLogicalsPerECore: 0
  MemModuleInfo:
    iNumMemSticks: 1
    DIMM 1:
      manufacturer: QEMU
      modulePartNo: Not Specified
      memType: RAM
      size: 4
      clkspeed: 0
      moduleVoltage: 0
Checksum: A7B99890C50D50FCA7265480FF64C0C6F16208CE