BaselineInfo:
  WebDBID: -1
  TimeStamp: 20260612000346
Version:
  Major: 11
  Minor: 0
  Build: 1004
  SpecialBuildName: ""
  ptArchitecture: x86_64_linux
Results:
  Results Complete: true
  NumTestProcesses: 2
  CPU_INTEGER_MATH: 8912.1566666666677
  CPU_FLOATINGPOINT_MATH: 6708.9031367553562
  CPU_PRIME: 20.992238860882516
  CPU_SORTING: 4616.5662758488006
  CPU_ENCRYPTION: 1920.4774371891301
  CPU_COMPRESSION: 30508.137812230958
  CPU_SINGLETHREAD: 1827.2026715334948
  CPU_PHYSICS: 368.31998731799661
  CPU_MATRIX_MULT_SSE: 2348.3010465789753
  CPU_mm: 266.6388429941486
  CPU_sse: 1283.3747172622693
  CPU_fma: 3322.4762337560787
  CPU_avx: 2439.0521887185769
  CPU_avx512: 0
  m_CPU_enc_SHA: 2770625651.3456049
  m_CPU_enc_AES: 1738447312.8825736
  m_CPU_enc_ECDSA: 1532226683.3059096
  ME_ALLOC_S: 633.68137838112204
  ME_READ_S: 15793.254296875
  ME_READ_L: 10026.7353515625
  ME_WRITE: 9611.0703125
  ME_LARGE: 2109.0833333333335
  ME_LATENCY: 125.46629804331549
  ME_THREADED: 19681.890625
  SUMM_CPU: 3396.630519131967
  SUMM_ME: 1084.1191958907932
SystemInformation:
  OSName: Ubuntu 24.04.4 LTS
  Kernel: 6.8.0-124-generic
  Device: ""
  Processor: AMD EPYC-Rome Processor
  NumSockets: 1
  Manufacturer: AuthenticAMD
  NumCores: 1
  NumLogicals: 2
  CPUFrequency: 0
  CPUMaxFrequency: 0
  Memory: 3910
  CPUInfo:
    number: 1
    Family: 15
    Model: 1
    stepping: 0
    features: 395049983
    manufacture: AuthenticAMD
    typestring: AMD EPYC-Rome Processor
    iCoresPerPackage: 1
    iThreadsPerPackage: 2
    featuresEx:
      - 395049983
      - 4277678595
      - 802421759
    bHybrid: false
    nPCore: 0
    nLogicalsPerPCore: 0
    nECore: 0
    nLogicalsPerECore: 0
  MemModuleInfo:
    iNumMemSticks: 1
    DIMM 1:
      manufacturer: QEMU
      modulePartNo: Not Specified
      memType: RAM
      size: 4
      clkspeed: 0
      moduleVoltage: 0
Checksum: 657110B27742C0C60EA982D3E953D12E01E2F35B