BaselineInfo:
  WebDBID: -1
  TimeStamp: 20260616224603
Version:
  Major: 11
  Minor: 0
  Build: 1004
  SpecialBuildName: ""
  ptArchitecture: x86_64_linux
Results:
  Results Complete: true
  NumTestProcesses: 2
  CPU_INTEGER_MATH: 8360.5813333333335
  CPU_FLOATINGPOINT_MATH: 4275.9096603367079
  CPU_PRIME: 17.763187951849901
  CPU_SORTING: 4382.7710643582486
  CPU_ENCRYPTION: 1814.7500051127213
  CPU_COMPRESSION: 32195.361387678029
  CPU_SINGLETHREAD: 2296.2308034650241
  CPU_PHYSICS: 358.65622494402305
  CPU_MATRIX_MULT_SSE: 1638.4517211206139
  CPU_mm: 180.49785099679011
  CPU_sse: 791.19502630603142
  CPU_fma: 2174.1848448464943
  CPU_avx: 1605.8138639423316
  CPU_avx512: 1982.6131493875971
  m_CPU_enc_SHA: 1826016572.1929421
  m_CPU_enc_AES: 2744948380.5137429
  m_CPU_enc_ECDSA: 1137744951.376545
  ME_ALLOC_S: 997.3560195996123
  ME_READ_S: 23370.906445312499
  ME_READ_L: 10544.080078125
  ME_WRITE: 10007.6064453125
  ME_LARGE: 2998.0833333333335
  ME_LATENCY: 55.815488407212797
  ME_THREADED: 14853.1689453125
  SUMM_CPU: 2968.2147510501941
  SUMM_ME: 1629.410184881141
SystemInformation:
  OSName: Ubuntu 24.04.4 LTS
  Kernel: 6.8.0-117-generic
  Device: ""
  Processor: Intel(R) Xeon(R) Platinum 8369B CPU @ 2.70GHz
  NumSockets: 1
  Manufacturer: GenuineIntel
  NumCores: 1
  NumLogicals: 2
  CPUFrequency: 0
  CPUMaxFrequency: 0
  Memory: 7397
  CPUInfo:
    number: 1
    Family: 6
    Model: 10
    stepping: 6
    features: 529267711
    manufacture: GenuineIntel
    typestring: Intel(R) Xeon(R) Platinum 8369B CPU @ 2.70GHz
    iCoresPerPackage: 1
    iThreadsPerPackage: 2
    featuresEx:
      - 529267711
      - 4277809667
      - 739248128
    bHybrid: false
    nPCore: 0
    nLogicalsPerPCore: 0
    nECore: 0
    nLogicalsPerECore: 0
  MemModuleInfo:
    iNumMemSticks: 1
    DIMM 1:
      manufacturer: Alibaba Cloud
      modulePartNo: Not Specified
      memType: RAM
      size: 8
      clkspeed: 0
      moduleVoltage: 0
Checksum: 6815AD780D1C6ABB01CB9A3C0AF8B48331EE5C5D