BaselineInfo:
  WebDBID: -1
  TimeStamp: 20250821052305
Version:
  Major: 11
  Minor: 0
  Build: 1002
  SpecialBuildName: ""
  ptArchitecture: x86_64_linux
Results:
  Results Complete: true
  NumTestProcesses: 128
  CPU_INTEGER_MATH: 660015.99999999988
  CPU_FLOATINGPOINT_MATH: 477679.70215708553
  CPU_PRIME: 1057.8726554255836
  CPU_SORTING: 328112.16621461825
  CPU_ENCRYPTION: 144542.46329283036
  CPU_COMPRESSION: 2539713.8223015862
  CPU_SINGLETHREAD: 3254.6397903486031
  CPU_PHYSICS: 18059.305499398568
  CPU_MATRIX_MULT_SSE: 176792.48105107149
  CPU_mm: 19183.56872645628
  CPU_sse: 80002.881361314823
  CPU_fma: 206764.16849623475
  CPU_avx: 166177.2542983648
  CPU_avx512: 254225.62004837178
  m_CPU_enc_SHA: 153249226304.22198
  m_CPU_enc_AES: 200224111490.439
  m_CPU_enc_ECDSA: 101217936174.5677
  ME_ALLOC_S: 33039.827367608821
  ME_READ_S: 27783.741406249999
  ME_READ_L: 14908.7724609375
  ME_WRITE: 11104.24609375
  ME_LARGE: 1002357.1666666666
  ME_LATENCY: 68.044488835953487
  ME_THREADED: 422701.91723632812
  SUMM_CPU: 122571.71742936259
  SUMM_ME: 2681.8394437679131
SystemInformation:
  OSName: Ubuntu 24.04.2 LTS
  Kernel: 6.14.0-1010-aws
  Device: ""
  Processor: Intel Xeon 6975P-C
  NumSockets: 1
  Manufacturer: GenuineIntel
  NumCores: 64
  NumLogicals: 128
  CPUFrequency: 0
  Memory: 1015773
  MemModuleInfo:
    iNumMemSticks: 2
    DIMM 1:
      manufacturer: Not Specified
      modulePartNo: Not Specified
      memType: DDR5
      size: 512
      clkspeed: 3600
      moduleVoltage: 0
    DIMM 2:
      manufacturer: Not Specified
      modulePartNo: Not Specified
      memType: DDR5
      size: 512
      clkspeed: 3600
      moduleVoltage: 0
Checksum: AA34E7AF6113415CAB37E8F7882F5A8546C35847