---
system-info:
      stress-ng-version: 0.17.08
      run-by: root
      date-yyyy-mm-dd: 2024:09:23
      time-hh-mm-ss: 23:23:11
      epoch-secs: 1727133791
      hostname: c4-highmem-32-0dc6cf6
      sysname: Linux
      nodename: c4-highmem-32-0dc6cf6
      release: 6.8.0-1014-gcp
      version: '#16-Ubuntu SMP Mon Aug 26 15:55:46 UTC 2024'
      machine: x86_64
      compiler: 'musl-gcc 13.2.1'
      uptime: 210
      totalram: 261795766272
      freeram: 251067789312
      sharedram: 274849792
      bufferram: 251682816
      totalswap: 0
      freeswap: 0
      pagesize: 4096
      cpus: 32
      cpus-online: 32
      ticks-per-second: 100

metrics:
    - stressor: cpu
      bogo-ops: 562765
      bogo-ops-per-second-usr-sys-time: 879.651144
      bogo-ops-per-second-real-time: 28138.098563
      wall-clock-time: 20.000108
      user-time: 639.745306
      system-time: 0.013994
      cpu-usage-per-instance: 99.961853
      max-rss: 1032

...
