size_kb,operation,bandwidth_mb_s,latency_ns,latency_stddev_ns,latency_samples,threads,iterations,elapsed_s
32,read,2320831.44,0,0,0,48,589622,0.381085
32,write,1430244.46,0,0,0,48,543478,0.569984
32,copy,1166585.31,0,0,0,48,329815,0.424077
32,latency,0,1.31,0.00,7,1,7,0.189291
128,read,2323191.14,0,0,0,48,160565,0.414684
128,write,1426755.06,0,0,0,48,115207,0.484485
128,copy,1168543.42,0,0,0,48,86655,0.444939
128,latency,0,3.57,0.01,7,1,7,0.708378
1024,read,987232.73,0,0,0,48,20366,0.990210
1024,write,932854.64,0,0,0,48,13625,0.701074
1024,copy,182178.14,0,0,0,48,6082,1.602476
1024,latency,0,6.45,0.01,7,1,7,0.706498
2048,read,359654.35,0,0,0,48,5935,1.584188
2048,write,491090.45,0,0,0,48,4868,0.951613
2048,copy,179152.40,0,0,0,48,1842,0.987048
2048,latency,0,14.60,0.04,7,1,7,0.692617
4096,read,356087.00,0,0,0,48,1766,0.952217
4096,write,477274.55,0,0,0,48,1785,0.718077
4096,copy,104079.85,0,0,0,48,571,1.053345
4096,latency,0,22.19,0.05,7,1,7,0.716611
131072,read,190804.75,0,0,0,48,31,0.998214
131072,write,163235.99,0,0,0,48,23,0.865691
131072,copy,54050.08,0,0,0,48,17,1.932430
131072,latency,0,37.96,0.49,7,1,7,3.460976
262144,read,188341.33,0,0,0,48,19,1.239622
262144,write,161752.09,0,0,0,48,11,0.835649
262144,copy,56108.45,0,0,0,24,8,0.876018
262144,latency,0,89.50,0.64,7,1,7,15.511225
524288,read,172759.29,0,0,0,24,9,0.640151
524288,write,165801.84,0,0,0,24,5,0.370563
524288,copy,50927.79,0,0,0,12,4,0.482566
524288,latency,0,112.35,0.59,7,1,7,38.862125
