---
system-info:
      stress-ng-version: 0.17.08
      run-by: root
      date-yyyy-mm-dd: 2024:06:16
      time-hh-mm-ss: 09:42:44
      epoch-secs: 1718530964
      hostname: 15d1acae494b
      sysname: Linux
      nodename: 15d1acae494b
      release: 6.8.0-1008-aws
      version: '#8-Ubuntu SMP Sat Apr 20 00:46:25 UTC 2024'
      machine: x86_64
      compiler: 'musl-gcc 13.2.1'
      uptime: 168
      totalram: 128729657344
      freeram: 124197818368
      sharedram: 48545792
      bufferram: 111513600
      totalswap: 0
      freeswap: 0
      pagesize: 4096
      cpus: 8
      cpus-online: 8
      ticks-per-second: 100

metrics:
    - stressor: cpu
      bogo-ops: 14272
      bogo-ops-per-second-usr-sys-time: 713.620838
      bogo-ops-per-second-real-time: 713.597091
      wall-clock-time: 20.000082
      user-time: 19.999416
      system-time: 0.000000
      cpu-usage-per-instance: 99.996672
      max-rss: 1104

...
