---
system-info:
      stress-ng-version: 0.17.08
      run-by: root
      date-yyyy-mm-dd: 2024:06:06
      time-hh-mm-ss: 22:20:33
      epoch-secs: 1717712433
      hostname: a285269e69db
      sysname: Linux
      nodename: a285269e69db
      release: 6.8.0-1008-aws
      version: '#8-Ubuntu SMP Sat Apr 20 00:46:25 UTC 2024'
      machine: x86_64
      compiler: 'musl-gcc 13.2.1'
      uptime: 149
      totalram: 128729669632
      freeram: 124423999488
      sharedram: 48537600
      bufferram: 87351296
      totalswap: 0
      freeswap: 0
      pagesize: 4096
      cpus: 8
      cpus-online: 8
      ticks-per-second: 100

metrics:
    - stressor: cpu
      bogo-ops: 11649
      bogo-ops-per-second-usr-sys-time: 1164.757783
      bogo-ops-per-second-real-time: 1164.747322
      wall-clock-time: 10.001311
      user-time: 10.001221
      system-time: 0.000000
      cpu-usage-per-instance: 99.999102
      max-rss: 3920

...
