BaselineInfo:
  WebDBID: -1
  TimeStamp: 20260617010554
Version:
  Major: 11
  Minor: 0
  Build: 1004
  SpecialBuildName: ""
  ptArchitecture: x86_64_linux
Results:
  Results Complete: true
  NumTestProcesses: 4
  CPU_INTEGER_MATH: 11650.129666666668
  CPU_FLOATINGPOINT_MATH: 6243.5459408360393
  CPU_PRIME: 30.007821705278715
  CPU_SORTING: 7356.3199060750176
  CPU_ENCRYPTION: 1608.7661287862916
  CPU_COMPRESSION: 54432.093308867705
  CPU_SINGLETHREAD: 1951.6040739326768
  CPU_PHYSICS: 538.14106543062815
  CPU_MATRIX_MULT_SSE: 3126.8730411795968
  CPU_mm: 353.65599748984414
  CPU_sse: 1271.5460655959325
  CPU_fma: 3911.8669645736072
  CPU_avx: 2762.4469829162235
  CPU_avx512: 4561.6321516326243
  m_CPU_enc_SHA: 526085456.78006494
  m_CPU_enc_AES: 4061698815.102715
  m_CPU_enc_ECDSA: 472956384.89186335
  ME_ALLOC_S: 1420.1137890071386
  ME_READ_S: 22593.592382812501
  ME_READ_L: 9764.443359375
  ME_WRITE: 9569.580078125
  ME_LARGE: 3071
  ME_LATENCY: 54.445245993352351
  ME_THREADED: 24303.76611328125
  SUMM_CPU: 4254.8672277370633
  SUMM_ME: 1749.0239162126104
SystemInformation:
  OSName: Ubuntu 24.04.4 LTS
  Kernel: 6.8.0-117-generic
  Device: ""
  Processor: Intel(R) Xeon(R) Platinum 8269CY CPU @ 2.50GHz
  NumSockets: 1
  Manufacturer: GenuineIntel
  NumCores: 2
  NumLogicals: 4
  CPUFrequency: 0
  CPUMaxFrequency: 0
  Memory: 7270
  CPUInfo:
    number: 1
    Family: 6
    Model: 5
    stepping: 7
    features: 529267711
    manufacture: GenuineIntel
    typestring: Intel(R) Xeon(R) Platinum 8269CY CPU @ 2.50GHz
    iCoresPerPackage: 2
    iThreadsPerPackage: 2
    featuresEx:
      - 529267711
      - 4277809667
      - 739248128
    bHybrid: false
    nPCore: 0
    nLogicalsPerPCore: 0
    nECore: 0
    nLogicalsPerECore: 0
  MemModuleInfo:
    iNumMemSticks: 1
    DIMM 1:
      manufacturer: Alibaba Cloud
      modulePartNo: Not Specified
      memType: RAM
      size: 8
      clkspeed: 0
      moduleVoltage: 0
Checksum: 061D6F8B7A49EB2D8A4AA8807B91429BBD2C2055