---
system-info:
      stress-ng-version: 0.17.08
      run-by: root
      date-yyyy-mm-dd: 2024:06:20
      time-hh-mm-ss: 22:00:25
      epoch-secs: 1718920825
      hostname: 25febcc63e19
      sysname: Linux
      nodename: 25febcc63e19
      release: 6.8.0-1008-gcp
      version: '#9-Ubuntu SMP Wed May 22 18:09:04 UTC 2024'
      machine: x86_64
      compiler: 'musl-gcc 13.2.1'
      uptime: 1337
      totalram: 1005096960
      freeram: 190406656
      sharedram: 59084800
      bufferram: 58712064
      totalswap: 0
      freeswap: 0
      pagesize: 4096
      cpus: 2
      cpus-online: 2
      ticks-per-second: 100

metrics:
    - stressor: cpu
      bogo-ops: 9530
      bogo-ops-per-second-usr-sys-time: 476.864468
      bogo-ops-per-second-real-time: 476.495689
      wall-clock-time: 20.000181
      user-time: 19.980232
      system-time: 0.004482
      cpu-usage-per-instance: 99.922666
      max-rss: 976

...
