size_kb,operation,bandwidth_mb_s,latency_ns,latency_stddev_ns,latency_samples,threads,iterations,elapsed_s
32,read,1572555.92,0,0,0,32,593824,0.377617
32,write,882024.98,0,0,0,32,360230,0.408412
32,copy,753966.42,0,0,0,32,274122,0.363573
32,latency,0,1.36,0.05,7,1,7,0.197733
128,read,1604379.88,0,0,0,32,175561,0.437704
128,write,887401.12,0,0,0,32,124626,0.561757
128,copy,760066.39,0,0,0,32,59129,0.311178
128,latency,0,3.74,0.01,7,1,7,0.688503
1024,read,893994.18,0,0,0,32,22889,0.819298
1024,write,687176.67,0,0,0,32,13990,0.651477
1024,copy,149036.66,0,0,0,32,4659,1.000344
1024,latency,0,6.72,0.01,7,1,7,0.711994
2048,read,316473.63,0,0,0,32,4574,0.924993
2048,write,313952.60,0,0,0,32,3759,0.766281
2048,copy,152323.16,0,0,0,32,1209,0.507973
2048,latency,0,11.53,0.05,7,1,7,0.685873
4096,read,327401.32,0,0,0,32,1006,0.393303
4096,write,306489.49,0,0,0,32,1247,0.520788
4096,copy,103903.01,0,0,0,32,466,0.574074
4096,latency,0,22.61,0.02,7,1,7,0.688744
32768,read,163596.78,0,0,0,32,85,0.532040
32768,write,101274.89,0,0,0,32,155,1.567220
32768,copy,61297.85,0,0,0,32,47,0.785150
32768,latency,0,48.88,13.80,21,1,21,2.651039
65536,read,160759.82,0,0,0,32,41,0.522320
65536,write,99502.39,0,0,0,32,51,1.049703
65536,copy,60020.08,0,0,0,32,24,0.818926
65536,latency,0,120.94,5.43,7,1,7,5.227000
131072,read,159475.44,0,0,0,32,21,0.539368
131072,write,99739.80,0,0,0,32,23,0.944538
131072,copy,61201.44,0,0,0,32,12,0.803118
131072,latency,0,124.35,3.68,7,1,7,10.456318
262144,read,158742.21,0,0,0,32,10,0.516057
262144,write,100511.87,0,0,0,32,11,0.896531
262144,copy,60455.11,0,0,0,32,5,0.677528
262144,latency,0,128.16,0.99,7,1,7,22.189863
524288,read,157973.30,0,0,0,32,5,0.518569
524288,write,100370.82,0,0,0,32,5,0.816173
524288,copy,58352.12,0,0,0,16,3,0.421167
524288,latency,0,128.89,0.19,7,1,7,44.707367
