BaselineInfo:
  WebDBID: -1
  TimeStamp: 20241109152218
Version:
  Major: 11
  Minor: 0
  Build: 1002
  SpecialBuildName: ""
  ptArchitecture: x86_64_linux
Results:
  Results Complete: true
  NumTestProcesses: 48
  CPU_INTEGER_MATH: 136329.98733333332
  CPU_FLOATINGPOINT_MATH: 72994.354523685077
  CPU_PRIME: 172.99907096427427
  CPU_SORTING: 69342.927801017417
  CPU_ENCRYPTION: 18581.533691289322
  CPU_COMPRESSION: 591853.63883463119
  CPU_SINGLETHREAD: 1950.0046577708388
  CPU_PHYSICS: 2561.131779007585
  CPU_MATRIX_MULT_SSE: 37138.98141085844
  CPU_mm: 4145.0158793836863
  CPU_sse: 14746.390630909838
  CPU_fma: 43982.738601659992
  CPU_avx: 31065.43795702466
  CPU_avx512: 58761.358453839261
  m_CPU_enc_SHA: 6125977068.7108974
  m_CPU_enc_AES: 46849198375.229233
  m_CPU_enc_ECDSA: 5477275371.6920424
  ME_ALLOC_S: 15530.867000492464
  ME_READ_S: 23644.6767578125
  ME_READ_L: 10297.888671875
  ME_WRITE: 9933.287109375
  ME_LARGE: 370768.33333333331
  ME_LATENCY: 52.432664702459505
  ME_THREADED: 113873.39892578125
  SUMM_CPU: 34730.063473907918
  SUMM_ME: 2641.5716723820478
SystemInformation:
  OSName: Ubuntu 24.04.1 LTS
  Kernel: 6.8.0-1016-aws
  Device: ""
  Processor: Intel Xeon Platinum 8259CL CPU @ 2.50GHz
  NumSockets: 1
  Manufacturer: GenuineIntel
  NumCores: 24
  NumLogicals: 48
  CPUFrequency: 0
  Memory: 382684
  MemModuleInfo:
    iNumMemSticks: 1
    DIMM 1:
      manufacturer: Not Specified
      modulePartNo: Not Specified
      memType: DDR4
      size: 384
      clkspeed: 1466
      moduleVoltage: 0
Checksum: 6F9AC32F1FBBA2F39CCA10981198DA8CAF491B36