---
system-info:
      stress-ng-version: 0.17.08
      run-by: root
      date-yyyy-mm-dd: 2024:09:02
      time-hh-mm-ss: 22:02:53
      epoch-secs: 1725314573
      hostname: sc-runner
      sysname: Linux
      nodename: sc-runner
      release: 6.8.0-1013-azure
      version: '#15-Ubuntu SMP Thu Aug  8 18:40:40 UTC 2024'
      machine: x86_64
      compiler: 'musl-gcc 13.2.1'
      uptime: 322
      totalram: 16766070784
      freeram: 8269131776
      sharedram: 38096896
      bufferram: 207527936
      totalswap: 0
      freeswap: 0
      pagesize: 4096
      cpus: 4
      cpus-online: 4
      ticks-per-second: 100

metrics:
    - stressor: cpu
      bogo-ops: 107756
      bogo-ops-per-second-usr-sys-time: 1353.756212
      bogo-ops-per-second-real-time: 5387.784585
      wall-clock-time: 20.000057
      user-time: 79.579804
      system-time: 0.017984
      cpu-usage-per-instance: 99.496950
      max-rss: 3252

...
