BaselineInfo:
  WebDBID: -1
  TimeStamp: 20250117004443
Version:
  Major: 11
  Minor: 0
  Build: 1002
  SpecialBuildName: ""
  ptArchitecture: x86_64_linux
Results:
  Results Complete: true
  NumTestProcesses: 64
  CPU_INTEGER_MATH: 271752.05033333338
  CPU_FLOATINGPOINT_MATH: 193475.05656114707
  CPU_PRIME: 363.48742211182326
  CPU_SORTING: 126560.14838003693
  CPU_ENCRYPTION: 59825.420707412566
  CPU_COMPRESSION: 967596.35199361574
  CPU_SINGLETHREAD: 2914.5791721607566
  CPU_PHYSICS: 6600.1944052182589
  CPU_MATRIX_MULT_SSE: 66114.919600879788
  CPU_mm: 7440.0566771682916
  CPU_sse: 32218.500489452195
  CPU_fma: 72789.794361100561
  CPU_avx: 58177.09902371878
  CPU_avx512: 101274.28452924758
  m_CPU_enc_SHA: 63387739073.698639
  m_CPU_enc_AES: 82110983387.065079
  m_CPU_enc_ECDSA: 42695778570.323868
  ME_ALLOC_S: 27201.331538923791
  ME_READ_S: 26826.768164062501
  ME_READ_L: 8526.1806640625
  ME_WRITE: 11795.59375
  ME_LARGE: 113333.33333333333
  ME_LATENCY: 83.988765257894684
  ME_THREADED: 195100.62719726562
  SUMM_CPU: 67458.205831048777
  SUMM_ME: 2139.5150890178461
SystemInformation:
  OSName: Ubuntu 24.04.1 LTS
  Kernel: 6.8.0-1021-aws
  Device: ""
  Processor: Intel Xeon Platinum 8488C
  NumSockets: 1
  Manufacturer: GenuineIntel
  NumCores: 32
  NumLogicals: 64
  CPUFrequency: 0
  Memory: 126743
  MemModuleInfo:
    iNumMemSticks: 1
    DIMM 1:
      manufacturer: Not Specified
      modulePartNo: Not Specified
      memType: DDR5
      size: 128
      clkspeed: 2400
      moduleVoltage: 0
Checksum: 09D6D7FE0BA05F4CEF5757AEA212FF5FD8B862C1