BaselineInfo:
  WebDBID: -1
  TimeStamp: 20241108060221
Version:
  Major: 11
  Minor: 0
  Build: 1002
  SpecialBuildName: ""
  ptArchitecture: x86_64_linux
Results:
  Results Complete: true
  NumTestProcesses: 16
  CPU_INTEGER_MATH: 52572.517999999996
  CPU_FLOATINGPOINT_MATH: 28207.860503918557
  CPU_PRIME: 79.679483151591512
  CPU_SORTING: 27085.105491727623
  CPU_ENCRYPTION: 7235.8316895152502
  CPU_COMPRESSION: 234223.49091241878
  CPU_SINGLETHREAD: 2095.9170717907541
  CPU_PHYSICS: 1600.3177391473187
  CPU_MATRIX_MULT_SSE: 14032.749903906792
  CPU_mm: 1602.7115320962514
  CPU_sse: 5721.5689541310085
  CPU_fma: 16835.141241507274
  CPU_avx: 11889.267317132304
  CPU_avx512: 21685.022102856579
  m_CPU_enc_SHA: 2375736780.317565
  m_CPU_enc_AES: 18268208731.473007
  m_CPU_enc_ECDSA: 2118012837.2048585
  ME_ALLOC_S: 5868.0308333052335
  ME_READ_S: 25445.404492187499
  ME_READ_L: 10758.8798828125
  ME_WRITE: 10346.58984375
  ME_LARGE: 21398.166666666668
  ME_LATENCY: 53.15552130855135
  ME_THREADED: 85282.00439453125
  SUMM_CPU: 16486.153730633225
  SUMM_ME: 2542.6996102966309
SystemInformation:
  OSName: Ubuntu 24.04.1 LTS
  Kernel: 6.8.0-1016-aws
  Device: ""
  Processor: Intel Xeon Platinum 8275CL CPU @ 3.00GHz
  NumSockets: 1
  Manufacturer: GenuineIntel
  NumCores: 8
  NumLogicals: 16
  CPUFrequency: 0
  Memory: 31384
  MemModuleInfo:
    iNumMemSticks: 1
    DIMM 1:
      manufacturer: Not Specified
      modulePartNo: Not Specified
      memType: DDR4
      size: 32
      clkspeed: 1466
      moduleVoltage: 0
Checksum: 14F9DE1F2F758793900D59AFB586F439751CC8BC