---
system-info:
      stress-ng-version: 0.17.08
      run-by: root
      date-yyyy-mm-dd: 2024:07:03
      time-hh-mm-ss: 14:52:51
      epoch-secs: 1720018371
      hostname: n2d-standard-224-f23a063
      sysname: Linux
      nodename: n2d-standard-224-f23a063
      release: 6.8.0-1009-gcp
      version: '#10-Ubuntu SMP Wed Jun 12 18:52:23 UTC 2024'
      machine: x86_64
      compiler: 'musl-gcc 13.2.1'
      uptime: 203
      totalram: 946832928768
      freeram: 939565993984
      sharedram: 69427200
      bufferram: 132792320
      totalswap: 0
      freeswap: 0
      pagesize: 4096
      cpus: 224
      cpus-online: 224
      ticks-per-second: 100

metrics:
    - stressor: cpu
      bogo-ops: 56600
      bogo-ops-per-second-usr-sys-time: 2830.168395
      bogo-ops-per-second-real-time: 2829.989441
      wall-clock-time: 20.000075
      user-time: 19.997811
      system-time: 0.000999
      cpu-usage-per-instance: 99.993677
      max-rss: 0

...
