---
system-info:
      stress-ng-version: 0.17.08
      run-by: root
      date-yyyy-mm-dd: 2024:06:09
      time-hh-mm-ss: 16:42:23
      epoch-secs: 1717951343
      hostname: ee0e80321705
      sysname: Linux
      nodename: ee0e80321705
      release: 6.8.0-1008-aws
      version: '#8-Ubuntu SMP Sat Apr 20 02:43:14 UTC 2024'
      machine: aarch64
      compiler: 'musl-gcc 13.2.1'
      uptime: 145
      totalram: 16534200320
      freeram: 12104011776
      sharedram: 35020800
      bufferram: 109797376
      totalswap: 0
      freeswap: 0
      pagesize: 4096
      cpus: 2
      cpus-online: 2
      ticks-per-second: 100

metrics:
    - stressor: cpu
      bogo-ops: 2940
      bogo-ops-per-second-usr-sys-time: 292.723637
      bogo-ops-per-second-real-time: 292.649688
      wall-clock-time: 10.046141
      user-time: 10.043603
      system-time: 0.000000
      cpu-usage-per-instance: 99.974737
      max-rss: 4136

...
