---
system-info:
      stress-ng-version: 0.17.08
      run-by: root
      date-yyyy-mm-dd: 2024:06:15
      time-hh-mm-ss: 19:18:47
      epoch-secs: 1718479127
      hostname: fb7facfc6691
      sysname: Linux
      nodename: fb7facfc6691
      release: 6.8.0-1008-aws
      version: '#8-Ubuntu SMP Sat Apr 20 02:43:14 UTC 2024'
      machine: aarch64
      compiler: 'musl-gcc 13.2.1'
      uptime: 194
      totalram: 16534196224
      freeram: 12286951424
      sharedram: 35020800
      bufferram: 109015040
      totalswap: 0
      freeswap: 0
      pagesize: 4096
      cpus: 2
      cpus-online: 2
      ticks-per-second: 100

metrics:
    - stressor: cpu
      bogo-ops: 30385
      bogo-ops-per-second-usr-sys-time: 1519.407411
      bogo-ops-per-second-real-time: 1519.245164
      wall-clock-time: 20.000064
      user-time: 19.997928
      system-time: 0.000000
      cpu-usage-per-instance: 99.989322
      max-rss: 1320

...
