---
system-info:
      stress-ng-version: 0.17.08
      run-by: root
      date-yyyy-mm-dd: 2024:06:14
      time-hh-mm-ss: 17:22:16
      epoch-secs: 1718385736
      hostname: d45f86d35392
      sysname: Linux
      nodename: d45f86d35392
      release: 6.8.0-1008-aws
      version: '#8-Ubuntu SMP Sat Apr 20 00:46:25 UTC 2024'
      machine: x86_64
      compiler: 'musl-gcc 13.2.1'
      uptime: 178
      totalram: 16766984192
      freeram: 12412203008
      sharedram: 48508928
      bufferram: 110989312
      totalswap: 0
      freeswap: 0
      pagesize: 4096
      cpus: 4
      cpus-online: 4
      ticks-per-second: 100

metrics:
    - stressor: cpu
      bogo-ops: 23429
      bogo-ops-per-second-usr-sys-time: 1171.482567
      bogo-ops-per-second-real-time: 1171.444973
      wall-clock-time: 20.000086
      user-time: 19.997406
      system-time: 0.002038
      cpu-usage-per-instance: 99.996791
      max-rss: 1104

...
