---
system-info:
      stress-ng-version: 0.17.08
      run-by: root
      date-yyyy-mm-dd: 2024:06:08
      time-hh-mm-ss: 10:55:26
      epoch-secs: 1717844126
      hostname: 5e0b27c433f2
      sysname: Linux
      nodename: 5e0b27c433f2
      release: 6.8.0-1008-aws
      version: '#8-Ubuntu SMP Sat Apr 20 00:46:25 UTC 2024'
      machine: x86_64
      compiler: 'musl-gcc 13.2.1'
      uptime: 154
      totalram: 16766992384
      freeram: 12436152320
      sharedram: 48508928
      bufferram: 101801984
      totalswap: 0
      freeswap: 0
      pagesize: 4096
      cpus: 4
      cpus-online: 4
      ticks-per-second: 100

metrics:
    - stressor: cpu
      bogo-ops: 12724
      bogo-ops-per-second-usr-sys-time: 1272.279261
      bogo-ops-per-second-real-time: 1272.232080
      wall-clock-time: 10.001320
      user-time: 10.000949
      system-time: 0.000000
      cpu-usage-per-instance: 99.996292
      max-rss: 3920

...
