---
system-info:
      stress-ng-version: 0.17.08
      run-by: root
      date-yyyy-mm-dd: 2024:07:02
      time-hh-mm-ss: 21:14:18
      epoch-secs: 1719954858
      hostname: n1-highcpu-64-a097620
      sysname: Linux
      nodename: n1-highcpu-64-a097620
      release: 6.8.0-1009-gcp
      version: '#10-Ubuntu SMP Wed Jun 12 18:52:23 UTC 2024'
      machine: x86_64
      compiler: 'musl-gcc 13.2.1'
      uptime: 172
      totalram: 60636962816
      freeram: 54949404672
      sharedram: 49127424
      bufferram: 128774144
      totalswap: 0
      freeswap: 0
      pagesize: 4096
      cpus: 64
      cpus-online: 64
      ticks-per-second: 100

metrics:
    - stressor: cpu
      bogo-ops: 930546
      bogo-ops-per-second-usr-sys-time: 727.464725
      bogo-ops-per-second-real-time: 46527.012789
      wall-clock-time: 20.000123
      user-time: 1279.111087
      system-time: 0.051968
      cpu-usage-per-instance: 99.933997
      max-rss: 512

...
