---
system-info:
      stress-ng-version: 0.17.08
      run-by: root
      date-yyyy-mm-dd: 2024:06:14
      time-hh-mm-ss: 01:20:22
      epoch-secs: 1718328022
      hostname: b7ea106502a3
      sysname: Linux
      nodename: b7ea106502a3
      release: 6.8.0-1008-aws
      version: '#8-Ubuntu SMP Sat Apr 20 00:46:25 UTC 2024'
      machine: x86_64
      compiler: 'musl-gcc 13.2.1'
      uptime: 169
      totalram: 31494242304
      freeram: 27041333248
      sharedram: 27672576
      bufferram: 108556288
      totalswap: 0
      freeswap: 0
      pagesize: 4096
      cpus: 16
      cpus-online: 16
      ticks-per-second: 100

metrics:
    - stressor: cpu
      bogo-ops: 276163
      bogo-ops-per-second-usr-sys-time: 864.931900
      bogo-ops-per-second-real-time: 13808.080177
      wall-clock-time: 20.000101
      user-time: 319.270732
      system-time: 0.017989
      cpu-usage-per-instance: 99.777221
      max-rss: 1104

...
