---
system-info:
      stress-ng-version: 0.17.08
      run-by: root
      date-yyyy-mm-dd: 2024:06:05
      time-hh-mm-ss: 04:41:15
      epoch-secs: 1717562475
      hostname: dce445506733
      sysname: Linux
      nodename: dce445506733
      release: 6.8.0-1008-aws
      version: '#8-Ubuntu SMP Sat Apr 20 00:46:25 UTC 2024'
      machine: x86_64
      compiler: 'musl-gcc 13.2.1'
      uptime: 145
      totalram: 31494193152
      freeram: 27332702208
      sharedram: 27672576
      bufferram: 78307328
      totalswap: 0
      freeswap: 0
      pagesize: 4096
      cpus: 16
      cpus-online: 16
      ticks-per-second: 100

metrics:
    - stressor: cpu
      bogo-ops: 159177
      bogo-ops-per-second-usr-sys-time: 997.675150
      bogo-ops-per-second-real-time: 15914.393895
      wall-clock-time: 10.002077
      user-time: 159.521933
      system-time: 0.025992
      cpu-usage-per-instance: 99.696742
      max-rss: 3920

...
