BaselineInfo:
  WebDBID: -1
  TimeStamp: 20260621080556
Version:
  Major: 11
  Minor: 0
  Build: 1004
  SpecialBuildName: ""
  ptArchitecture: x86_64_linux
Results:
  Results Complete: true
  NumTestProcesses: 48
  CPU_INTEGER_MATH: 240900.32566666676
  CPU_FLOATINGPOINT_MATH: 174517.57726947294
  CPU_PRIME: 440.574475049385
  CPU_SORTING: 122290.4618762359
  CPU_ENCRYPTION: 52573.107885086109
  CPU_COMPRESSION: 927418.90979336796
  CPU_SINGLETHREAD: 3536.3662687967476
  CPU_PHYSICS: 8778.6847477500014
  CPU_MATRIX_MULT_SSE: 61853.851688964969
  CPU_mm: 6647.0502301909937
  CPU_sse: 28550.970629332616
  CPU_fma: 74557.209917473956
  CPU_avx: 57077.76331677728
  CPU_avx512: 87229.462892275973
  m_CPU_enc_SHA: 55791713895.885742
  m_CPU_enc_AES: 73340689427.786591
  m_CPU_enc_ECDSA: 36248294197.463837
  ME_ALLOC_S: 23458.223103085133
  ME_READ_S: 29704.361132812501
  ME_READ_L: 14829.509765625
  ME_WRITE: 8454.5380859375
  ME_LARGE: 183782.58333333334
  ME_LATENCY: 76.836187957933888
  ME_THREADED: 260983.4248046875
  SUMM_CPU: 68963.554262283986
  SUMM_ME: 2421.7834993745282
SystemInformation:
  OSName: Ubuntu 24.04.4 LTS
  Kernel: 6.17.0-1018-azure
  Device: ""
  Processor: Intel(R) Xeon(R) 6973P-C
  NumSockets: 1
  Manufacturer: GenuineIntel
  NumCores: 24
  NumLogicals: 48
  CPUFrequency: 2600
  CPUMaxFrequency: 2600
  Memory: 193211
  CPUInfo:
    number: 1
    Family: 6
    Model: 13
    stepping: 1
    features: 529267711
    manufacture: GenuineIntel
    typestring: Intel(R) Xeon(R) 6973P-C
    iCoresPerPackage: 32
    iThreadsPerPackage: 2
    featuresEx:
      - 529267711
      - 4294586915
      - 739248128
    bHybrid: false
    nPCore: 0
    nLogicalsPerPCore: 0
    nECore: 0
    nLogicalsPerECore: 0
  MemModuleInfo:
    iNumMemSticks: 3
    DIMM 1:
      manufacturer: Microsoft Corporation
      modulePartNo: None
      memType: Unknown
      size: 1
      clkspeed: 0
      moduleVoltage: 0
    DIMM 2:
      manufacturer: Microsoft Corporation
      modulePartNo: None
      memType: Unknown
      size: 59
      clkspeed: 0
      moduleVoltage: 0
    DIMM 3:
      manufacturer: Microsoft Corporation
      modulePartNo: None
      memType: Unknown
      size: 132
      clkspeed: 0
      moduleVoltage: 0
Checksum: 1E4B3C1E1D890ED94941223569DC2AB80CEE9E25