BaselineInfo:
  WebDBID: -1
  TimeStamp: 20241107182032
Version:
  Major: 11
  Minor: 0
  Build: 1002
  SpecialBuildName: ""
  ptArchitecture: aarch64_linux
Results:
  Results Complete: true
  NumTestProcesses: 4
  CPU_INTEGER_MATH: 15754.119000000001
  CPU_FLOATINGPOINT_MATH: 11954.317218237142
  CPU_PRIME: 30.287445650183344
  CPU_SORTING: 11382.48859841382
  CPU_ENCRYPTION: 541.67377308549305
  CPU_COMPRESSION: 18564.214172821958
  CPU_SINGLETHREAD: 1109.4604422018879
  CPU_PHYSICS: 591.8160776261019
  CPU_MATRIX_MULT_SSE: 2481.6105412188508
  CPU_mm: 416.39529124544794
  CPU_sse: 2071.1141700883136
  CPU_fma: 2892.1069123493889
  CPU_avx: 0
  CPU_avx512: 0
  m_CPU_enc_SHA: 806477671.910393
  m_CPU_enc_AES: 374925339.15479136
  m_CPU_enc_ECDSA: 522555343.79549754
  ME_ALLOC_S: 2579.9931135106772
  ME_READ_S: 9483.09619140625
  ME_READ_L: 9178.146484375
  ME_WRITE: 12555.0595703125
  ME_LARGE: 21793.166666666668
  ME_LATENCY: 73.707398066611702
  ME_THREADED: 36365.970703125
  SUMM_CPU: 2687.4642812161419
  SUMM_ME: 1639.2591966194343
SystemInformation:
  OSName: Ubuntu 24.04.1 LTS
  Kernel: 6.8.0-1016-aws
  Device: ""
  Processor: ARM Neoverse-N1 4 Core 0 MHz
  NumSockets: 1
  Manufacturer: ARM
  NumCores: 4
  NumLogicals: 4
  CPUFrequency: 0
  Memory: 31681
Checksum: 53450FD9EE95272F0B7B44E33352A78782C41BD4