BaselineInfo:
  WebDBID: -1
  TimeStamp: 20250527101307
Version:
  Major: 11
  Minor: 0
  Build: 1002
  SpecialBuildName: ""
  ptArchitecture: x86_64_linux
Results:
  Results Complete: true
  NumTestProcesses: 32
  CPU_INTEGER_MATH: 170160.44600000003
  CPU_FLOATINGPOINT_MATH: 120566.59901348427
  CPU_PRIME: 340.26585910769347
  CPU_SORTING: 84525.369309301575
  CPU_ENCRYPTION: 37599.458326032007
  CPU_COMPRESSION: 610547.25605369778
  CPU_SINGLETHREAD: 3251.0616922728996
  CPU_PHYSICS: 7965.0739994690848
  CPU_MATRIX_MULT_SSE: 50482.642176491354
  CPU_mm: 4812.0651972616524
  CPU_sse: 20820.585357022279
  CPU_fma: 55938.196860356569
  CPU_avx: 42488.782775618056
  CPU_avx512: 82683.003712968479
  m_CPU_enc_SHA: 39603599733.596916
  m_CPU_enc_AES: 51642832176.817085
  m_CPU_enc_ECDSA: 27031236930.618011
  ME_ALLOC_S: 20191.247965323866
  ME_READ_S: 28647.817773437499
  ME_READ_L: 10828.4482421875
  ME_WRITE: 10023.453125
  ME_LARGE: 1343112.3333333333
  ME_LATENCY: 56.966328728666859
  ME_THREADED: 275157.435546875
  SUMM_CPU: 52457.139604224525
  SUMM_ME: 2727.4581163266312
SystemInformation:
  OSName: Ubuntu 24.04.2 LTS
  Kernel: 6.11.0-1015-azure
  Device: ""
  Processor: INTEL XEON PLATINUM 8573C
  NumSockets: 2
  Manufacturer: GenuineIntel
  NumCores: 16
  NumLogicals: 32
  CPUFrequency: 2300
  Memory: 1354631
  MemModuleInfo:
    iNumMemSticks: 4
    DIMM 1:
      manufacturer: Microsoft Corporation
      modulePartNo: None
      memType: Unknown
      size: 1
      clkspeed: 0
      moduleVoltage: 0
    DIMM 2:
      manufacturer: Microsoft Corporation
      modulePartNo: None
      memType: Unknown
      size: 59
      clkspeed: 0
      moduleVoltage: 0
    DIMM 3:
      manufacturer: Microsoft Corporation
      modulePartNo: None
      memType: Unknown
      size: 612
      clkspeed: 0
      moduleVoltage: 0
    DIMM 4:
      manufacturer: Microsoft Corporation
      modulePartNo: None
      memType: Unknown
      size: 672
      clkspeed: 0
      moduleVoltage: 0
Checksum: 8077BAA16CEC1344F37E9FD7C011095AFC34C407