---
system-info:
      stress-ng-version: 0.17.08
      run-by: root
      date-yyyy-mm-dd: 2024:06:26
      time-hh-mm-ss: 15:51:02
      epoch-secs: 1719417062
      hostname: c3-standard-4-04a9717
      sysname: Linux
      nodename: c3-standard-4-04a9717
      release: 6.8.0-1008-gcp
      version: '#9-Ubuntu SMP Wed May 22 18:09:04 UTC 2024'
      machine: x86_64
      compiler: 'musl-gcc 13.2.1'
      uptime: 135
      totalram: 16766304256
      freeram: 11752697856
      sharedram: 111501312
      bufferram: 124170240
      totalswap: 0
      freeswap: 0
      pagesize: 4096
      cpus: 4
      cpus-online: 4
      ticks-per-second: 100

metrics:
    - stressor: cpu
      bogo-ops: 32428
      bogo-ops-per-second-usr-sys-time: 1621.405837
      bogo-ops-per-second-real-time: 1621.394047
      wall-clock-time: 20.000073
      user-time: 19.998929
      system-time: 0.000999
      cpu-usage-per-instance: 99.999273
      max-rss: 976

...
