---
system-info:
      stress-ng-version: 0.17.08
      run-by: root
      date-yyyy-mm-dd: 2024:06:14
      time-hh-mm-ss: 20:23:05
      epoch-secs: 1718396585
      hostname: a7be9eb1cba7
      sysname: Linux
      nodename: a7be9eb1cba7
      release: 6.8.0-1008-aws
      version: '#8-Ubuntu SMP Sat Apr 20 00:46:25 UTC 2024'
      machine: x86_64
      compiler: 'musl-gcc 13.2.1'
      uptime: 166
      totalram: 8200855552
      freeram: 3913859072
      sharedram: 40718336
      bufferram: 108675072
      totalswap: 0
      freeswap: 0
      pagesize: 4096
      cpus: 2
      cpus-online: 2
      ticks-per-second: 100

metrics:
    - stressor: cpu
      bogo-ops: 33460
      bogo-ops-per-second-usr-sys-time: 846.166115
      bogo-ops-per-second-real-time: 1672.985531
      wall-clock-time: 20.000173
      user-time: 39.538072
      system-time: 0.004991
      cpu-usage-per-instance: 98.856803
      max-rss: 1104

...
