---
system-info:
      stress-ng-version: 0.17.08
      run-by: root
      date-yyyy-mm-dd: 2024:06:08
      time-hh-mm-ss: 14:19:22
      epoch-secs: 1717856362
      hostname: 4cb2dbf6bae5
      sysname: Linux
      nodename: 4cb2dbf6bae5
      release: 6.8.0-1008-aws
      version: '#8-Ubuntu SMP Sat Apr 20 00:46:25 UTC 2024'
      machine: x86_64
      compiler: 'musl-gcc 13.2.1'
      uptime: 128
      totalram: 8200855552
      freeram: 3878019072
      sharedram: 40718336
      bufferram: 102047744
      totalswap: 0
      freeswap: 0
      pagesize: 4096
      cpus: 2
      cpus-online: 2
      ticks-per-second: 100

metrics:
    - stressor: cpu
      bogo-ops: 20319
      bogo-ops-per-second-usr-sys-time: 1028.397206
      bogo-ops-per-second-real-time: 2031.439085
      wall-clock-time: 10.002269
      user-time: 19.750942
      system-time: 0.006988
      cpu-usage-per-instance: 98.767241
      max-rss: 4048

...
