BaselineInfo:
  WebDBID: -1
  TimeStamp: 20241107164308
Version:
  Major: 11
  Minor: 0
  Build: 1002
  SpecialBuildName: ""
  ptArchitecture: x86_64_linux
Results:
  Results Complete: true
  NumTestProcesses: 4
  CPU_INTEGER_MATH: 11465.245666666666
  CPU_FLOATINGPOINT_MATH: 6297.3268039983795
  CPU_PRIME: 25.937091296568205
  CPU_SORTING: 6244.4859386341623
  CPU_ENCRYPTION: 1598.864741661265
  CPU_COMPRESSION: 52712.667604745562
  CPU_SINGLETHREAD: 1883.8549287281826
  CPU_PHYSICS: 556.93748054028219
  CPU_MATRIX_MULT_SSE: 1875.6450184929076
  CPU_mm: 358.45588368421295
  CPU_sse: 1347.8510229695371
  CPU_fma: 0
  CPU_avx: 2403.4390140162777
  CPU_avx512: 0
  m_CPU_enc_SHA: 523713174.53683054
  m_CPU_enc_AES: 4037348448.8157692
  m_CPU_enc_ECDSA: 468531962.70400786
  ME_ALLOC_S: 1376.5631751137021
  ME_READ_S: 22547.761328125001
  ME_READ_L: 11288.6953125
  ME_WRITE: 10456.470703125
  ME_LARGE: 5182
  ME_LATENCY: 55.392553029195035
  ME_THREADED: 25986.94140625
  SUMM_CPU: 3830.5212353275178
  SUMM_ME: 1944.7431838535574
SystemInformation:
  OSName: Ubuntu 24.04.1 LTS
  Kernel: 6.8.0-1016-aws
  Device: ""
  Processor: Intel Xeon CPU E5-2670 v2 @ 2.50GHz
  NumSockets: 1
  Manufacturer: GenuineIntel
  NumCores: 2
  NumLogicals: 4
  CPUFrequency: 0
  Memory: 14982
  MemModuleInfo:
    iNumMemSticks: 1
    DIMM 1:
      manufacturer: Not Specified
      modulePartNo: Not Specified
      memType: RAM
      size: 15
      clkspeed: 0
      moduleVoltage: 0
Checksum: 93E0E0CDA7FC87F92FC877AE3FF330EDCE1C21F7