size_kb,operation,bandwidth_mb_s,latency_ns,latency_stddev_ns,latency_samples,threads,iterations,elapsed_s
32,read,7381716.16,0,0,0,192,84717,0.068860
32,write,4553554.54,0,0,0,192,533048,0.702372
32,copy,3473860.49,0,0,0,192,295159,0.509794
32,latency,0,1.26,0.06,7,1,7,0.186080
128,read,7122071.06,0,0,0,192,39166,0.131982
128,write,4458753.01,0,0,0,192,98231,0.528745
128,copy,3714586.92,0,0,0,192,79744,0.515227
128,latency,0,3.48,0.07,7,1,7,0.551275
1024,read,3588194.52,0,0,0,192,16959,0.907456
1024,write,3455181.64,0,0,0,192,11862,0.659156
1024,copy,791435.71,0,0,0,192,5652,1.371159
1024,latency,0,6.38,0.30,7,1,7,0.545309
2048,read,1473760.43,0,0,0,192,5340,1.391379
2048,write,1839507.27,0,0,0,192,4523,0.944183
2048,copy,614771.88,0,0,0,192,1825,1.139935
2048,latency,0,9.59,0.09,7,1,7,0.575049
4096,read,1342350.32,0,0,0,192,1470,0.841032
4096,write,1107545.98,0,0,0,192,934,0.647659
4096,copy,253146.02,0,0,0,192,477,1.447133
4096,latency,0,17.72,0.14,7,1,7,0.709343
65536,read,569559.36,0,0,0,192,43,0.927707
65536,write,274668.04,0,0,0,192,32,1.431604
65536,copy,175822.98,0,0,0,192,24,1.677323
65536,latency,0,25.69,0.10,7,1,7,1.197186
131072,read,534446.57,0,0,0,192,22,1.011648
131072,write,272259.90,0,0,0,192,16,1.444267
131072,copy,166045.29,0,0,0,192,12,1.776094
131072,latency,0,41.05,0.22,7,1,7,3.698632
262144,read,547285.60,0,0,0,192,11,0.987916
262144,write,256091.71,0,0,0,192,8,1.535450
262144,copy,169722.93,0,0,0,192,6,1.737608
262144,latency,0,74.71,0.11,7,1,7,13.073512
524288,read,502596.34,0,0,0,192,5,0.977962
524288,write,253507.88,0,0,0,192,4,1.551100
524288,copy,163509.17,0,0,0,192,3,1.803642
524288,latency,0,91.84,0.05,7,1,7,32.066154
1048576,read,505514.15,0,0,0,192,3,1.166780
1048576,write,258534.15,0,0,0,192,3,2.281416
1048576,copy,143694.92,0,0,0,96,3,2.052348
1048576,latency,0,100.30,0.06,7,1,7,70.174290
