BaselineInfo:
  WebDBID: -1
  TimeStamp: 20251216183114
Version:
  Major: 11
  Minor: 0
  Build: 1002
  SpecialBuildName: ""
  ptArchitecture: x86_64_linux
Results:
  Results Complete: true
  NumTestProcesses: 32
  CPU_INTEGER_MATH: 193251.49200000006
  CPU_FLOATINGPOINT_MATH: 177085.9583893285
  CPU_PRIME: 622.70725855037767
  CPU_SORTING: 122117.13959352649
  CPU_ENCRYPTION: 41781.369870093382
  CPU_COMPRESSION: 841814.16912026005
  CPU_SINGLETHREAD: 2938.5754129263005
  CPU_PHYSICS: 11165.387025782442
  CPU_MATRIX_MULT_SSE: 76790.47053852817
  CPU_mm: 8079.774842525012
  CPU_sse: 36583.008043170383
  CPU_fma: 107436.22168677498
  CPU_avx: 86352.181885639162
  CPU_avx512: 0
  m_CPU_enc_SHA: 57595593255.346573
  m_CPU_enc_AES: 36686750765.162201
  m_CPU_enc_ECDSA: 37150481058.200356
  ME_ALLOC_S: 30713.311855407781
  ME_READ_S: 27116.583398437499
  ME_READ_L: 26116.158203125
  ME_WRITE: 25422.380859375
  ME_LARGE: 112295.58333333333
  ME_LATENCY: 71.889088614542558
  ME_THREADED: 396443.81640625
  SUMM_CPU: 63291.712354590243
  SUMM_ME: 2949.4989194849886
SystemInformation:
  OSName: Ubuntu 24.04.2 LTS
  Kernel: 6.8.0-86-generic
  Device: ""
  Processor: AMD EPYC-Milan Processor
  NumSockets: 32
  Manufacturer: AuthenticAMD
  NumCores: 32
  NumLogicals: 32
  CPUFrequency: 0
  Memory: 125783
  MemModuleInfo:
    iNumMemSticks: 1
    DIMM 1:
      manufacturer: QEMU
      modulePartNo: Not Specified
      memType: RAM
      size: 125
      clkspeed: 0
      moduleVoltage: 0
Checksum: DF25E2073F9388CFFE33FC4A4214533A9EFC9E6A