BaselineInfo:
  WebDBID: -1
  TimeStamp: 20250919113843
Version:
  Major: 11
  Minor: 0
  Build: 1002
  SpecialBuildName: ""
  ptArchitecture: aarch64_linux
Results:
  Results Complete: true
  NumTestProcesses: 96
  CPU_INTEGER_MATH: 500422.74433333328
  CPU_FLOATINGPOINT_MATH: 581101.50343013695
  CPU_PRIME: 889.19896939207069
  CPU_SORTING: 432979.99653788219
  CPU_ENCRYPTION: 18147.381897790838
  CPU_COMPRESSION: 637129.44811605872
  CPU_SINGLETHREAD: 1944.4159151995782
  CPU_PHYSICS: 20533.302093020553
  CPU_MATRIX_MULT_SSE: 80382.39117076082
  CPU_mm: 10929.945987920297
  CPU_sse: 63222.666958807698
  CPU_fma: 97542.115382713819
  CPU_avx: 0
  CPU_avx512: 0
  m_CPU_enc_SHA: 28629338166.599586
  m_CPU_enc_AES: 10277927974.899694
  m_CPU_enc_ECDSA: 18179461221.074448
  ME_ALLOC_S: 48085.033907889687
  ME_READ_S: 21181.630078124999
  ME_READ_L: 20335.873046875
  ME_WRITE: 21179.5
  ME_LARGE: 745856.33333333337
  ME_LATENCY: 44.526735729572486
  ME_THREADED: 502224.59228515625
  SUMM_CPU: 56878.818383262609
  SUMM_ME: 3488.2198141150307
SystemInformation:
  OSName: Ubuntu 24.04.2 LTS
  Kernel: 6.14.0-1012-aws
  Device: ""
  Processor: ARM Neoverse-V2 96 Core 0 MHz
  NumSockets: 1
  Manufacturer: ARM
  NumCores: 96
  NumLogicals: 96
  CPUFrequency: 0
  Memory: 759974
Checksum: 91884822B8149CDB2DACB1CB66006CD5DD11DF0A