---
system-info:
      stress-ng-version: 0.17.08
      run-by: root
      date-yyyy-mm-dd: 2024:09:03
      time-hh-mm-ss: 18:37:23
      epoch-secs: 1725388643
      hostname: sc-runner
      sysname: Linux
      nodename: sc-runner
      release: 6.8.0-1013-azure
      version: '#15-Ubuntu SMP Thu Aug  8 18:40:40 UTC 2024'
      machine: x86_64
      compiler: 'musl-gcc 13.2.1'
      uptime: 424
      totalram: 67423420416
      freeram: 58675138560
      sharedram: 46510080
      bufferram: 262496256
      totalswap: 0
      freeswap: 0
      pagesize: 4096
      cpus: 8
      cpus-online: 8
      ticks-per-second: 100

metrics:
    - stressor: cpu
      bogo-ops: 15578
      bogo-ops-per-second-usr-sys-time: 778.904985
      bogo-ops-per-second-real-time: 778.891690
      wall-clock-time: 20.000213
      user-time: 19.998868
      system-time: 0.001004
      cpu-usage-per-instance: 99.998293
      max-rss: 3024

...
