---
system-info:
      stress-ng-version: 0.17.08
      run-by: root
      date-yyyy-mm-dd: 2024:09:22
      time-hh-mm-ss: 02:22:14
      epoch-secs: 1726971734
      hostname: sc-runner
      sysname: Linux
      nodename: sc-runner
      release: 6.8.0-1014-azure
      version: '#16-Ubuntu SMP Thu Aug 15 20:04:41 UTC 2024'
      machine: x86_64
      compiler: 'musl-gcc 13.2.1'
      uptime: 433
      totalram: 67423420416
      freeram: 56977739776
      sharedram: 46510080
      bufferram: 296370176
      totalswap: 0
      freeswap: 0
      pagesize: 4096
      cpus: 8
      cpus-online: 8
      ticks-per-second: 100

metrics:
    - stressor: cpu
      bogo-ops: 13279
      bogo-ops-per-second-usr-sys-time: 663.973604
      bogo-ops-per-second-real-time: 663.947863
      wall-clock-time: 20.000064
      user-time: 19.997280
      system-time: 0.002009
      cpu-usage-per-instance: 99.996123
      max-rss: 3024

...
