BaselineInfo:
  WebDBID: -1
  TimeStamp: 20250828204352
Version:
  Major: 11
  Minor: 0
  Build: 1002
  SpecialBuildName: ""
  ptArchitecture: x86_64_linux
Results:
  Results Complete: true
  NumTestProcesses: 64
  CPU_INTEGER_MATH: 330246.6783333334
  CPU_FLOATINGPOINT_MATH: 239083.99779429386
  CPU_PRIME: 545.39220945624231
  CPU_SORTING: 164091.32299117887
  CPU_ENCRYPTION: 72498.610716190742
  CPU_COMPRESSION: 1270208.0775646889
  CPU_SINGLETHREAD: 3264.6763318164039
  CPU_PHYSICS: 9465.0236915981131
  CPU_MATRIX_MULT_SSE: 88442.087286130394
  CPU_mm: 9601.7265993935289
  CPU_sse: 39343.146916332014
  CPU_fma: 104372.99778567285
  CPU_avx: 82977.49285156274
  CPU_avx512: 127074.71159095388
  m_CPU_enc_SHA: 76677070166.051834
  m_CPU_enc_AES: 100147674509.91225
  m_CPU_enc_ECDSA: 51236165015.057289
  ME_ALLOC_S: 29679.35252183929
  ME_READ_S: 28134.9970703125
  ME_READ_L: 18019.865234375
  ME_WRITE: 11858.38671875
  ME_LARGE: 241785.08333333334
  ME_LATENCY: 64.981544935034719
  ME_THREADED: 216747.064453125
  SUMM_CPU: 82985.845757076619
  SUMM_ME: 2822.9982436518385
SystemInformation:
  OSName: Ubuntu 24.04.2 LTS
  Kernel: 6.14.0-1011-aws
  Device: ""
  Processor: Intel Xeon 6975P-C
  NumSockets: 1
  Manufacturer: GenuineIntel
  NumCores: 32
  NumLogicals: 64
  CPUFrequency: 0
  Memory: 253654
  MemModuleInfo:
    iNumMemSticks: 1
    DIMM 1:
      manufacturer: Not Specified
      modulePartNo: Not Specified
      memType: DDR5
      size: 256
      clkspeed: 3600
      moduleVoltage: 0
Checksum: 3E9E86BCDD28C1270A8640384521793F6F92D53A