BaselineInfo:
  WebDBID: -1
  TimeStamp: 20260404212355
Version:
  Major: 11
  Minor: 0
  Build: 1004
  SpecialBuildName: ""
  ptArchitecture: x86_64_linux
Results:
  Results Complete: true
  NumTestProcesses: 32
  CPU_INTEGER_MATH: 133014.00333333336
  CPU_FLOATINGPOINT_MATH: 72910.407969949141
  CPU_PRIME: 164.84865108288639
  CPU_SORTING: 57891.901978743997
  CPU_ENCRYPTION: 34027.466906819616
  CPU_COMPRESSION: 499953.47152449499
  CPU_SINGLETHREAD: 2386.5991898764833
  CPU_PHYSICS: 2071.4357248442475
  CPU_MATRIX_MULT_SSE: 29902.103847587845
  CPU_mm: 3595.9562540571119
  CPU_sse: 15257.946008556042
  CPU_fma: 41563.581588017398
  CPU_avx: 32884.783946190088
  CPU_avx512: 0
  m_CPU_enc_SHA: 49316857551.197632
  m_CPU_enc_AES: 31544374086.235146
  m_CPU_enc_ECDSA: 26179923780.423054
  ME_ALLOC_S: 10726.511141033574
  ME_READ_S: 23720.837890625
  ME_READ_L: 17737.916015625
  ME_WRITE: 15827.720703125
  ME_LARGE: 112309.83333333333
  ME_LATENCY: 54.331895559856157
  ME_THREADED: 47772.57275390625
  SUMM_CPU: 35975.464384307161
  SUMM_ME: 2870.10657416291
SystemInformation:
  OSName: Ubuntu 24.04.4 LTS
  Kernel: 6.8.0-106-generic
  Device: ""
  Processor: "AMD EPYC 7T83 64-Core Processor                "
  NumSockets: 1
  Manufacturer: AuthenticAMD
  NumCores: 16
  NumLogicals: 32
  CPUFrequency: 0
  CPUMaxFrequency: 0
  Memory: 126262
  CPUInfo:
    number: 1
    Family: 15
    Model: 1
    stepping: 1
    features: 395049983
    manufacture: AuthenticAMD
    typestring: "AMD EPYC 7T83 64-Core Processor                "
    iCoresPerPackage: 16
    iThreadsPerPackage: 2
    featuresEx:
      - 395049983
      - 4277809667
      - 802421759
    bHybrid: false
    nPCore: 0
    nLogicalsPerPCore: 0
    nECore: 0
    nLogicalsPerECore: 0
  MemModuleInfo:
    iNumMemSticks: 8
    DIMM 1:
      manufacturer: Alibaba Cloud
      modulePartNo: Not Specified
      memType: RAM
      size: 16
      clkspeed: 0
      moduleVoltage: 0
    DIMM 2:
      manufacturer: Alibaba Cloud
      modulePartNo: Not Specified
      memType: RAM
      size: 16
      clkspeed: 0
      moduleVoltage: 0
    DIMM 3:
      manufacturer: Alibaba Cloud
      modulePartNo: Not Specified
      memType: RAM
      size: 16
      clkspeed: 0
      moduleVoltage: 0
    DIMM 4:
      manufacturer: Alibaba Cloud
      modulePartNo: Not Specified
      memType: RAM
      size: 16
      clkspeed: 0
      moduleVoltage: 0
    DIMM 5:
      manufacturer: Alibaba Cloud
      modulePartNo: Not Specified
      memType: RAM
      size: 16
      clkspeed: 0
      moduleVoltage: 0
    DIMM 6:
      manufacturer: Alibaba Cloud
      modulePartNo: Not Specified
      memType: RAM
      size: 16
      clkspeed: 0
      moduleVoltage: 0
    DIMM 7:
      manufacturer: Alibaba Cloud
      modulePartNo: Not Specified
      memType: RAM
      size: 16
      clkspeed: 0
      moduleVoltage: 0
    DIMM 8:
      manufacturer: Alibaba Cloud
      modulePartNo: Not Specified
      memType: RAM
      size: 16
      clkspeed: 0
      moduleVoltage: 0
Checksum: 2D09CCFFA95264148300F2AD9B1190B39697D9FE