BaselineInfo:
  WebDBID: -1
  TimeStamp: 20241107153917
Version:
  Major: 11
  Minor: 0
  Build: 1002
  SpecialBuildName: ""
  ptArchitecture: aarch64_linux
Results:
  Results Complete: true
  NumTestProcesses: 8
  CPU_INTEGER_MATH: 50438.991666666669
  CPU_FLOATINGPOINT_MATH: 42363.353225114246
  CPU_PRIME: 112.77802083536932
  CPU_SORTING: 41132.170734248466
  CPU_ENCRYPTION: 1493.1843214192245
  CPU_COMPRESSION: 54892.286228995436
  CPU_SINGLETHREAD: 1879.6594403319109
  CPU_PHYSICS: 2622.7730934170413
  CPU_MATRIX_MULT_SSE: 7155.2319768947455
  CPU_mm: 1146.0930566065756
  CPU_sse: 6035.5585000237852
  CPU_fma: 8274.9054537657084
  CPU_avx: 0
  CPU_avx512: 0
  m_CPU_enc_SHA: 2181581908.4745135
  m_CPU_enc_AES: 968854684.41670144
  m_CPU_enc_ECDSA: 1546715136.1582384
  ME_ALLOC_S: 9902.3148717482745
  ME_READ_S: 25453.775390625
  ME_READ_L: 19416.40234375
  ME_WRITE: 25738.462890625
  ME_LARGE: 21902.166666666668
  ME_LATENCY: 54.469614423921172
  ME_THREADED: 143003.43359375
  SUMM_CPU: 7771.3425321390696
  SUMM_ME: 3089.4789821038944
SystemInformation:
  OSName: Ubuntu 24.04.1 LTS
  Kernel: 6.8.0-1017-azure
  Device: ""
  Processor: ARM Neoverse-N2 8 Core 0 MHz
  NumSockets: 1
  Manufacturer: ARM
  NumCores: 8
  NumLogicals: 8
  CPUFrequency: 0
  Memory: 32029
Checksum: 34DBD6C927AE153FFE0E0425BD9196C0E1120922