---
system-info:
      stress-ng-version: 0.17.08
      run-by: root
      date-yyyy-mm-dd: 2024:06:07
      time-hh-mm-ss: 23:30:37
      epoch-secs: 1717803037
      hostname: 75a7229e0d3a
      sysname: Linux
      nodename: 75a7229e0d3a
      release: 6.8.0-31-generic
      version: '#31-Ubuntu SMP PREEMPT_DYNAMIC Sat Apr 20 02:32:42 UTC 2024'
      machine: aarch64
      compiler: 'musl-gcc 13.2.1'
      uptime: 71
      totalram: 16333471744
      freeram: 12839944192
      sharedram: 6754304
      bufferram: 96276480
      totalswap: 0
      freeswap: 0
      pagesize: 4096
      cpus: 8
      cpus-online: 8
      ticks-per-second: 100

metrics:
    - stressor: cpu
      bogo-ops: 3530
      bogo-ops-per-second-usr-sys-time: 350.102864
      bogo-ops-per-second-real-time: 350.091356
      wall-clock-time: 10.083082
      user-time: 10.081752
      system-time: 0.000999
      cpu-usage-per-instance: 99.996713
      max-rss: 4008

...
