---
system-info:
      stress-ng-version: 0.17.08
      run-by: root
      date-yyyy-mm-dd: 2024:06:14
      time-hh-mm-ss: 22:04:06
      epoch-secs: 1718402646
      hostname: 2469c2416c81
      sysname: Linux
      nodename: 2469c2416c81
      release: 6.8.0-31-generic
      version: '#31-Ubuntu SMP PREEMPT_DYNAMIC Sat Apr 20 02:32:42 UTC 2024'
      machine: aarch64
      compiler: 'musl-gcc 13.2.1'
      uptime: 90
      totalram: 16333471744
      freeram: 12803846144
      sharedram: 6754304
      bufferram: 110788608
      totalswap: 0
      freeswap: 0
      pagesize: 4096
      cpus: 8
      cpus-online: 8
      ticks-per-second: 100

metrics:
    - stressor: cpu
      bogo-ops: 35994
      bogo-ops-per-second-usr-sys-time: 1800.141485
      bogo-ops-per-second-real-time: 1799.692448
      wall-clock-time: 20.000084
      user-time: 19.995095
      system-time: 0.000000
      cpu-usage-per-instance: 99.975055
      max-rss: 1192

...
