---
system-info:
      stress-ng-version: 0.17.08
      run-by: root
      date-yyyy-mm-dd: 2024:07:03
      time-hh-mm-ss: 14:42:20
      epoch-secs: 1720017740
      hostname: n2-standard-128-a572c9c
      sysname: Linux
      nodename: n2-standard-128-a572c9c
      release: 6.8.0-1009-gcp
      version: '#10-Ubuntu SMP Wed Jun 12 18:52:23 UTC 2024'
      machine: x86_64
      compiler: 'musl-gcc 13.2.1'
      uptime: 161
      totalram: 540997574656
      freeram: 534373892096
      sharedram: 115163136
      bufferram: 133439488
      totalswap: 0
      freeswap: 0
      pagesize: 4096
      cpus: 128
      cpus-online: 128
      ticks-per-second: 100

metrics:
    - stressor: cpu
      bogo-ops: 36891
      bogo-ops-per-second-usr-sys-time: 1844.647397
      bogo-ops-per-second-real-time: 1844.541358
      wall-clock-time: 20.000094
      user-time: 19.998944
      system-time: 0.000000
      cpu-usage-per-instance: 99.994252
      max-rss: 0

...
