---
system-info:
      stress-ng-version: 0.17.08
      run-by: root
      date-yyyy-mm-dd: 2024:09:17
      time-hh-mm-ss: 05:16:54
      epoch-secs: 1726550214
      hostname: sc-runner
      sysname: Linux
      nodename: sc-runner
      release: 6.8.0-1014-azure
      version: '#16-Ubuntu SMP Thu Aug 15 20:04:41 UTC 2024'
      machine: x86_64
      compiler: 'musl-gcc 13.2.1'
      uptime: 279
      totalram: 202596663296
      freeram: 191575752704
      sharedram: 55300096
      bufferram: 242618368
      totalswap: 0
      freeswap: 0
      pagesize: 4096
      cpus: 48
      cpus-online: 48
      ticks-per-second: 100

metrics:
    - stressor: cpu
      bogo-ops: 930480
      bogo-ops-per-second-usr-sys-time: 969.615015
      bogo-ops-per-second-real-time: 46523.798192
      wall-clock-time: 20.000087
      user-time: 959.588630
      system-time: 0.049975
      cpu-usage-per-instance: 99.961921
      max-rss: 3200

...
