---
system-info:
      stress-ng-version: 0.17.08
      run-by: root
      date-yyyy-mm-dd: 2024:08:30
      time-hh-mm-ss: 11:47:44
      epoch-secs: 1725018464
      hostname: sc-runner
      sysname: Linux
      nodename: sc-runner
      release: 6.8.0-1013-azure
      version: '#15-Ubuntu SMP Thu Aug  8 19:55:58 UTC 2024'
      machine: aarch64
      compiler: 'musl-gcc 13.2.1'
      uptime: 371
      totalram: 16737579008
      freeram: 8426897408
      sharedram: 38080512
      bufferram: 199659520
      totalswap: 0
      freeswap: 0
      pagesize: 4096
      cpus: 4
      cpus-online: 4
      ticks-per-second: 100

metrics:
    - stressor: cpu
      bogo-ops: 36452
      bogo-ops-per-second-usr-sys-time: 1822.599909
      bogo-ops-per-second-real-time: 1822.592200
      wall-clock-time: 20.000086
      user-time: 20.000001
      system-time: 0.000000
      cpu-usage-per-instance: 99.999577
      max-rss: 1192

...
