---
system-info:
      stress-ng-version: 0.17.08
      run-by: root
      date-yyyy-mm-dd: 2024:06:14
      time-hh-mm-ss: 02:50:28
      epoch-secs: 1718333428
      hostname: de15070efe3e
      sysname: Linux
      nodename: de15070efe3e
      release: 6.8.0-1008-aws
      version: '#8-Ubuntu SMP Sat Apr 20 00:46:25 UTC 2024'
      machine: x86_64
      compiler: 'musl-gcc 13.2.1'
      uptime: 150
      totalram: 3905933312
      freeram: 133660672
      sharedram: 27525120
      bufferram: 98926592
      totalswap: 0
      freeswap: 0
      pagesize: 4096
      cpus: 2
      cpus-online: 2
      ticks-per-second: 100

metrics:
    - stressor: cpu
      bogo-ops: 37805
      bogo-ops-per-second-usr-sys-time: 955.421337
      bogo-ops-per-second-real-time: 1890.238621
      wall-clock-time: 20.000120
      user-time: 39.561812
      system-time: 0.007118
      cpu-usage-per-instance: 98.921729
      max-rss: 976

...
