---
system-info:
      stress-ng-version: 0.17.08
      run-by: root
      date-yyyy-mm-dd: 2024:06:05
      time-hh-mm-ss: 13:52:06
      epoch-secs: 1717595526
      hostname: 061b20dcb9d9
      sysname: Linux
      nodename: 061b20dcb9d9
      release: 6.8.0-1008-aws
      version: '#8-Ubuntu SMP Sat Apr 20 00:46:25 UTC 2024'
      machine: x86_64
      compiler: 'musl-gcc 13.2.1'
      uptime: 143
      totalram: 3905941504
      freeram: 205504512
      sharedram: 27533312
      bufferram: 72024064
      totalswap: 0
      freeswap: 0
      pagesize: 4096
      cpus: 2
      cpus-online: 2
      ticks-per-second: 100

metrics:
    - stressor: cpu
      bogo-ops: 22787
      bogo-ops-per-second-usr-sys-time: 1156.368096
      bogo-ops-per-second-real-time: 2278.228309
      wall-clock-time: 10.002070
      user-time: 19.699624
      system-time: 0.006039
      cpu-usage-per-instance: 98.507920
      max-rss: 4048

...
