---
system-info:
      stress-ng-version: 0.17.08
      run-by: root
      date-yyyy-mm-dd: 2024:09:24
      time-hh-mm-ss: 07:25:46
      epoch-secs: 1727162746
      hostname: sc-runner
      sysname: Linux
      nodename: sc-runner
      release: 6.8.0-1014-azure
      version: '#16-Ubuntu SMP Thu Aug 15 20:04:41 UTC 2024'
      machine: x86_64
      compiler: 'musl-gcc 13.2.1'
      uptime: 352
      totalram: 405735219200
      freeram: 393599488000
      sharedram: 105410560
      bufferram: 295321600
      totalswap: 0
      freeswap: 0
      pagesize: 4096
      cpus: 48
      cpus-online: 48
      ticks-per-second: 100

metrics:
    - stressor: cpu
      bogo-ops: 15413
      bogo-ops-per-second-usr-sys-time: 770.686492
      bogo-ops-per-second-real-time: 770.640455
      wall-clock-time: 20.000248
      user-time: 19.999053
      system-time: 0.000000
      cpu-usage-per-instance: 99.994026
      max-rss: 3200

...
