BaselineInfo:
  WebDBID: -1
  TimeStamp: 20260612134814
Version:
  Major: 11
  Minor: 0
  Build: 1004
  SpecialBuildName: ""
  ptArchitecture: x86_64_linux
Results:
  Results Complete: true
  NumTestProcesses: 8
  CPU_INTEGER_MATH: 51157.369666666666
  CPU_FLOATINGPOINT_MATH: 31183.280627142693
  CPU_PRIME: 125.24496364558688
  CPU_SORTING: 25067.40483752514
  CPU_ENCRYPTION: 10289.276562648422
  CPU_COMPRESSION: 194894.05843541567
  CPU_SINGLETHREAD: 3653.6979186573744
  CPU_PHYSICS: 2087.0378053819268
  CPU_MATRIX_MULT_SSE: 15668.599188549024
  CPU_mm: 1477.7075287195937
  CPU_sse: 5505.7305877524004
  CPU_fma: 16748.981897969068
  CPU_avx: 16544.032609284484
  CPU_avx512: 23875.651659190142
  m_CPU_enc_SHA: 12886124617.537918
  m_CPU_enc_AES: 10550479581.42621
  m_CPU_enc_ECDSA: 8930661183.9027653
  ME_ALLOC_S: 5428.8040441489375
  ME_READ_S: 32695.481250000001
  ME_READ_L: 30892.166015625
  ME_WRITE: 31660.1015625
  ME_LARGE: 23783.083333333332
  ME_LATENCY: 79.168419974362692
  ME_THREADED: 72383.501953125
  SUMM_CPU: 18506.842216919438
  SUMM_ME: 2686.5031656712667
SystemInformation:
  OSName: Ubuntu 24.04.4 LTS
  Kernel: 6.8.0-124-generic
  Device: ""
  Processor: AMD EPYC-Turin Processor
  NumSockets: 1
  Manufacturer: AuthenticAMD
  NumCores: 4
  NumLogicals: 8
  CPUFrequency: 0
  CPUMaxFrequency: 0
  Memory: 32088
  CPUInfo:
    number: 1
    Family: 15
    Model: 0
    stepping: 0
    features: 395049983
    manufacture: AuthenticAMD
    typestring: AMD EPYC-Turin Processor
    iCoresPerPackage: 4
    iThreadsPerPackage: 2
    featuresEx:
      - 395049983
      - 4277809667
      - 802421759
    bHybrid: false
    nPCore: 0
    nLogicalsPerPCore: 0
    nECore: 0
    nLogicalsPerECore: 0
  MemModuleInfo:
    iNumMemSticks: 1
    DIMM 1:
      manufacturer: QEMU
      modulePartNo: Not Specified
      memType: RAM
      size: 32
      clkspeed: 0
      moduleVoltage: 0
Checksum: 5AE6F212BB82949343C1D7AFB57AA01122E9FF24