---
system-info:
      stress-ng-version: 0.17.08
      run-by: root
      date-yyyy-mm-dd: 2024:06:05
      time-hh-mm-ss: 14:41:39
      epoch-secs: 1717598499
      hostname: e43ef696bfc9
      sysname: Linux
      nodename: e43ef696bfc9
      release: 6.8.0-1008-aws
      version: '#8-Ubuntu SMP Sat Apr 20 00:46:25 UTC 2024'
      machine: x86_64
      compiler: 'musl-gcc 13.2.1'
      uptime: 112
      totalram: 198485155840
      freeram: 193527672832
      sharedram: 79048704
      bufferram: 77451264
      totalswap: 0
      freeswap: 0
      pagesize: 4096
      cpus: 96
      cpus-online: 96
      ticks-per-second: 100

metrics:
    - stressor: cpu
      bogo-ops: 1096465
      bogo-ops-per-second-usr-sys-time: 1143.071387
      bogo-ops-per-second-real-time: 109631.433768
      wall-clock-time: 10.001374
      user-time: 959.091121
      system-time: 0.135934
      cpu-usage-per-instance: 99.905755
      max-rss: 3072

...
