---
system-info:
      stress-ng-version: 0.17.08
      run-by: root
      date-yyyy-mm-dd: 2024:06:12
      time-hh-mm-ss: 15:08:51
      epoch-secs: 1718204931
      hostname: 57a4411c2039
      sysname: Linux
      nodename: 57a4411c2039
      release: 6.8.0-1008-aws
      version: '#8-Ubuntu SMP Sat Apr 20 00:46:25 UTC 2024'
      machine: x86_64
      compiler: 'musl-gcc 13.2.1'
      uptime: 143
      totalram: 198485172224
      freeram: 193324552192
      sharedram: 79048704
      bufferram: 110919680
      totalswap: 0
      freeswap: 0
      pagesize: 4096
      cpus: 96
      cpus-online: 96
      ticks-per-second: 100

metrics:
    - stressor: cpu
      bogo-ops: 1620328
      bogo-ops-per-second-usr-sys-time: 844.276846
      bogo-ops-per-second-real-time: 81016.311691
      wall-clock-time: 20.000022
      user-time: 1919.144403
      system-time: 0.045976
      cpu-usage-per-instance: 99.957723
      max-rss: 768

...
