---
system-info:
      stress-ng-version: 0.17.08
      run-by: root
      date-yyyy-mm-dd: 2024:06:12
      time-hh-mm-ss: 18:28:10
      epoch-secs: 1718216890
      hostname: 75336efd54c7
      sysname: Linux
      nodename: 75336efd54c7
      release: 6.8.0-1008-aws
      version: '#8-Ubuntu SMP Sat Apr 20 00:46:25 UTC 2024'
      machine: x86_64
      compiler: 'musl-gcc 13.2.1'
      uptime: 120
      totalram: 198485155840
      freeram: 193290272768
      sharedram: 79048704
      bufferram: 110866432
      totalswap: 0
      freeswap: 0
      pagesize: 4096
      cpus: 96
      cpus-online: 96
      ticks-per-second: 100

metrics:
    - stressor: cpu
      bogo-ops: 1886938
      bogo-ops-per-second-usr-sys-time: 983.179765
      bogo-ops-per-second-real-time: 94346.521012
      wall-clock-time: 20.000080
      user-time: 1919.190742
      system-time: 0.028985
      cpu-usage-per-instance: 99.958959
      max-rss: 0

...
