BaselineInfo:
  WebDBID: -1
  TimeStamp: 20241109042132
Version:
  Major: 11
  Minor: 0
  Build: 1002
  SpecialBuildName: ""
  ptArchitecture: x86_64_linux
Results:
  Results Complete: true
  NumTestProcesses: 16
  CPU_INTEGER_MATH: 66635.393333333326
  CPU_FLOATINGPOINT_MATH: 36599.440287744132
  CPU_PRIME: 100.47916977353813
  CPU_SORTING: 35368.864054292979
  CPU_ENCRYPTION: 17150.242364668466
  CPU_COMPRESSION: 252370.54040482364
  CPU_SINGLETHREAD: 2400.2357822009953
  CPU_PHYSICS: 2008.1205583848539
  CPU_MATRIX_MULT_SSE: 14945.964459328547
  CPU_mm: 1801.2666041349255
  CPU_sse: 7652.8220498371275
  CPU_fma: 20836.519823494091
  CPU_avx: 16348.55150465441
  CPU_avx512: 0
  m_CPU_enc_SHA: 24877514739.592731
  m_CPU_enc_AES: 15912197030.484156
  m_CPU_enc_ECDSA: 13160285843.246904
  ME_ALLOC_S: 6814.4894554761522
  ME_READ_S: 24485.6904296875
  ME_READ_L: 19642.048828125
  ME_WRITE: 19016.37890625
  ME_LARGE: 247415.83333333334
  ME_LATENCY: 63.368682551700545
  ME_THREADED: 38199.63134765625
  SUMM_CPU: 21585.988213624114
  SUMM_ME: 2701.5325706585736
SystemInformation:
  OSName: Ubuntu 24.04.1 LTS
  Kernel: 6.8.0-1017-azure
  Device: ""
  Processor: AMD EPYC 7763 64-Core Processor
  NumSockets: 1
  Manufacturer: AuthenticAMD
  NumCores: 8
  NumLogicals: 16
  CPUFrequency: 0
  Memory: 257737
  MemModuleInfo:
    iNumMemSticks: 3
    DIMM 1:
      manufacturer: Microsoft Corporation
      modulePartNo: None
      memType: Unknown
      size: 1
      clkspeed: 0
      moduleVoltage: 0
    DIMM 2:
      manufacturer: Microsoft Corporation
      modulePartNo: None
      memType: Unknown
      size: 60928
      clkspeed: 0
      moduleVoltage: 0
    DIMM 3:
      manufacturer: Microsoft Corporation
      modulePartNo: None
      memType: Unknown
      size: 200192
      clkspeed: 0
      moduleVoltage: 0
Checksum: C644F568AABE98756263ED3413B3D2F95293AC22