BaselineInfo:
  WebDBID: -1
  TimeStamp: 20260522140506
Version:
  Major: 11
  Minor: 0
  Build: 1004
  SpecialBuildName: ""
  ptArchitecture: x86_64_linux
Results:
  Results Complete: true
  NumTestProcesses: 2
  CPU_INTEGER_MATH: 14252.445333333333
  CPU_FLOATINGPOINT_MATH: 14219.535718403038
  CPU_PRIME: 19.225684220723629
  CPU_SORTING: 7787.3989232830409
  CPU_ENCRYPTION: 3011.7908236282728
  CPU_COMPRESSION: 60421.62415736352
  CPU_SINGLETHREAD: 3585.1541223864292
  CPU_PHYSICS: 888.77079418250105
  CPU_MATRIX_MULT_SSE: 5096.5326089865321
  CPU_mm: 647.73827714922004
  CPU_sse: 2068.0670943507498
  CPU_fma: 7310.0552409682914
  CPU_avx: 3717.0173133245344
  CPU_avx512: 7290.9907873025504
  m_CPU_enc_SHA: 4205253698.1592865
  m_CPU_enc_AES: 2646188904.6306124
  m_CPU_enc_ECDSA: 2622832121.2406206
  ME_ALLOC_S: 2172.6861200123158
  ME_READ_S: 31494.880468750001
  ME_READ_L: 27455.271484375
  ME_WRITE: 27033.576171875
  ME_LARGE: 1082.1666666666667
  ME_LATENCY: 124.05567261756062
  ME_THREADED: 55128.4765625
  SUMM_CPU: 6027.540613119575
  SUMM_ME: 1222.8571974556653
SystemInformation:
  OSName: Ubuntu 24.04.4 LTS
  Kernel: 6.8.0-111-generic
  Device: ""
  Processor: "AMD EPYC 9575F 64-Core Processor               "
  NumSockets: 1
  Manufacturer: AuthenticAMD
  NumCores: 2
  NumLogicals: 2
  CPUFrequency: 0
  CPUMaxFrequency: 0
  Memory: 7845
  CPUInfo:
    number: 1
    Family: 15
    Model: 2
    stepping: 1
    features: 395049983
    manufacture: AuthenticAMD
    typestring: "AMD EPYC 9575F 64-Core Processor               "
    iCoresPerPackage: 255
    iThreadsPerPackage: 1
    featuresEx:
      - 395049983
      - 4294586883
      - 802421759
    bHybrid: false
    nPCore: 0
    nLogicalsPerPCore: 0
    nECore: 0
    nLogicalsPerECore: 0
  MemModuleInfo:
    iNumMemSticks: 1
    DIMM 1:
      manufacturer: QEMU
      modulePartNo: Not Specified
      memType: RAM
      size: 8
      clkspeed: 0
      moduleVoltage: 0
Checksum: 2EDD978739981633B3790BA8A797D0AC5E17566A