---
system-info:
      stress-ng-version: 0.17.08
      run-by: root
      date-yyyy-mm-dd: 2024:09:12
      time-hh-mm-ss: 22:17:37
      epoch-secs: 1726179457
      hostname: ip-172-31-30-231
      sysname: Linux
      nodename: ip-172-31-30-231
      release: 6.8.0-1014-aws
      version: '#15-Ubuntu SMP Thu Aug  8 19:13:06 UTC 2024'
      machine: x86_64
      compiler: 'musl-gcc 13.2.1'
      uptime: 423
      totalram: 6467210514432
      freeram: 6448319262720
      sharedram: 326238208
      bufferram: 225312768
      totalswap: 0
      freeswap: 0
      pagesize: 4096
      cpus: 448
      cpus-online: 448
      ticks-per-second: 100

metrics:
    - stressor: cpu
      bogo-ops: 28760
      bogo-ops-per-second-usr-sys-time: 1438.231771
      bogo-ops-per-second-real-time: 1437.993160
      wall-clock-time: 20.000095
      user-time: 19.996777
      system-time: 0.000000
      cpu-usage-per-instance: 99.983409
      max-rss: 0

...
