---
system-info:
      stress-ng-version: 0.17.08
      run-by: root
      date-yyyy-mm-dd: 2024:07:11
      time-hh-mm-ss: 17:55:26
      epoch-secs: 1720720526
      hostname: ip-172-31-34-103
      sysname: Linux
      nodename: ip-172-31-34-103
      release: 6.8.0-1010-aws
      version: '#10-Ubuntu SMP Thu Jun 13 17:48:42 UTC 2024'
      machine: aarch64
      compiler: 'musl-gcc 13.2.1'
      uptime: 283
      totalram: 33021460480
      freeram: 27680161792
      sharedram: 35012608
      bufferram: 140226560
      totalswap: 0
      freeswap: 0
      pagesize: 4096
      cpus: 16
      cpus-online: 16
      ticks-per-second: 100

metrics:
    - stressor: cpu
      bogo-ops: 485657
      bogo-ops-per-second-usr-sys-time: 1519.247151
      bogo-ops-per-second-real-time: 24282.751308
      wall-clock-time: 20.000081
      user-time: 319.660521
      system-time: 0.008994
      cpu-usage-per-instance: 99.896317
      max-rss: 1320

...
