---
system-info:
      stress-ng-version: 0.17.08
      run-by: root
      date-yyyy-mm-dd: 2024:06:06
      time-hh-mm-ss: 09:41:12
      epoch-secs: 1717666872
      hostname: e0e1f6dca23b
      sysname: Linux
      nodename: e0e1f6dca23b
      release: 6.8.0-1008-aws
      version: '#8-Ubuntu SMP Sat Apr 20 00:46:25 UTC 2024'
      machine: x86_64
      compiler: 'musl-gcc 13.2.1'
      uptime: 123
      totalram: 99611582464
      freeram: 95219277824
      sharedram: 60047360
      bufferram: 82485248
      totalswap: 0
      freeswap: 0
      pagesize: 4096
      cpus: 48
      cpus-online: 48
      ticks-per-second: 100

metrics:
    - stressor: cpu
      bogo-ops: 16743
      bogo-ops-per-second-usr-sys-time: 1674.052742
      bogo-ops-per-second-real-time: 1674.055017
      wall-clock-time: 10.001463
      user-time: 10.001477
      system-time: 0.000000
      cpu-usage-per-instance: 100.000136
      max-rss: 3840

...
