---
system-info:
      stress-ng-version: 0.17.08
      run-by: root
      date-yyyy-mm-dd: 2024:06:12
      time-hh-mm-ss: 23:21:07
      epoch-secs: 1718234467
      hostname: 1e0c61019800
      sysname: Linux
      nodename: 1e0c61019800
      release: 6.8.0-1008-aws
      version: '#8-Ubuntu SMP Sat Apr 20 00:46:25 UTC 2024'
      machine: x86_64
      compiler: 'musl-gcc 13.2.1'
      uptime: 134
      totalram: 99611561984
      freeram: 94920269824
      sharedram: 60047360
      bufferram: 112824320
      totalswap: 0
      freeswap: 0
      pagesize: 4096
      cpus: 48
      cpus-online: 48
      ticks-per-second: 100

metrics:
    - stressor: cpu
      bogo-ops: 37785
      bogo-ops-per-second-usr-sys-time: 1889.242443
      bogo-ops-per-second-real-time: 1889.244933
      wall-clock-time: 20.000054
      user-time: 20.000080
      system-time: 0.000000
      cpu-usage-per-instance: 100.000132
      max-rss: 1152

...
