BaselineInfo:
  WebDBID: -1
  TimeStamp: 20260405094532
Version:
  Major: 11
  Minor: 0
  Build: 1004
  SpecialBuildName: ""
  ptArchitecture: x86_64_linux
Results:
  Results Complete: true
  NumTestProcesses: 12
  CPU_INTEGER_MATH: 29485.282333333336
  CPU_FLOATINGPOINT_MATH: 15837.606246207257
  CPU_PRIME: 49.422599970997098
  CPU_SORTING: 17990.499955472445
  CPU_ENCRYPTION: 4087.9035407974393
  CPU_COMPRESSION: 136103.61096412124
  CPU_SINGLETHREAD: 1653.668520038115
  CPU_PHYSICS: 948.28336496691907
  CPU_MATRIX_MULT_SSE: 8914.1320948839621
  CPU_mm: 899.59215298737092
  CPU_sse: 3210.2040444017821
  CPU_fma: 10971.79416559092
  CPU_avx: 7751.3712942034799
  CPU_avx512: 13723.158875339665
  m_CPU_enc_SHA: 1333871723.1798184
  m_CPU_enc_AES: 10317557579.799788
  m_CPU_enc_ECDSA: 1208003326.6060407
  ME_ALLOC_S: 3252.1006711144751
  ME_READ_S: 19417.000195312499
  ME_READ_L: 6537.6845703125
  ME_WRITE: 7179.04296875
  ME_LARGE: 72293.5
  ME_LATENCY: 79.794496109463793
  ME_THREADED: 51403.87060546875
  SUMM_CPU: 9968.0921031823691
  SUMM_ME: 1748.9579873080513
SystemInformation:
  OSName: Ubuntu 24.04.4 LTS
  Kernel: 6.8.0-106-generic
  Device: ""
  Processor: Intel(R) Xeon(R) Platinum 8163 CPU @ 2.50GHz
  NumSockets: 1
  Manufacturer: GenuineIntel
  NumCores: 6
  NumLogicals: 12
  CPUFrequency: 0
  CPUMaxFrequency: 0
  Memory: 92014
  CPUInfo:
    number: 1
    Family: 6
    Model: 5
    stepping: 4
    features: 529267711
    manufacture: GenuineIntel
    typestring: Intel(R) Xeon(R) Platinum 8163 CPU @ 2.50GHz
    iCoresPerPackage: 6
    iThreadsPerPackage: 2
    featuresEx:
      - 529267711
      - 4277809667
      - 739248128
    bHybrid: false
    nPCore: 0
    nLogicalsPerPCore: 0
    nECore: 0
    nLogicalsPerECore: 0
  MemModuleInfo:
    iNumMemSticks: 6
    DIMM 1:
      manufacturer: Alibaba Cloud
      modulePartNo: Not Specified
      memType: RAM
      size: 16
      clkspeed: 0
      moduleVoltage: 0
    DIMM 2:
      manufacturer: Alibaba Cloud
      modulePartNo: Not Specified
      memType: RAM
      size: 16
      clkspeed: 0
      moduleVoltage: 0
    DIMM 3:
      manufacturer: Alibaba Cloud
      modulePartNo: Not Specified
      memType: RAM
      size: 16
      clkspeed: 0
      moduleVoltage: 0
    DIMM 4:
      manufacturer: Alibaba Cloud
      modulePartNo: Not Specified
      memType: RAM
      size: 16
      clkspeed: 0
      moduleVoltage: 0
    DIMM 5:
      manufacturer: Alibaba Cloud
      modulePartNo: Not Specified
      memType: RAM
      size: 16
      clkspeed: 0
      moduleVoltage: 0
    DIMM 6:
      manufacturer: Alibaba Cloud
      modulePartNo: Not Specified
      memType: RAM
      size: 12
      clkspeed: 0
      moduleVoltage: 0
Checksum: 1D43E3918D75D110DFA61276A8407F30C57CA62D