BaselineInfo:
  WebDBID: -1
  TimeStamp: 20241106231827
Version:
  Major: 11
  Minor: 0
  Build: 1002
  SpecialBuildName: ""
  ptArchitecture: aarch64_linux
Results:
  Results Complete: true
  NumTestProcesses: 1
  CPU_INTEGER_MATH: 5176.6573333333326
  CPU_FLOATINGPOINT_MATH: 5948.2021104544629
  CPU_PRIME: 17.186350371530935
  CPU_SORTING: 4556.1808019406162
  CPU_ENCRYPTION: 183.41771648985173
  CPU_COMPRESSION: 6411.3133564657373
  CPU_SINGLETHREAD: 1847.1811179474923
  CPU_PHYSICS: 338.09844878884678
  CPU_MATRIX_MULT_SSE: 915.31726589480672
  CPU_mm: 113.51800506379077
  CPU_sse: 718.92486008493245
  CPU_fma: 1111.7096717046809
  CPU_avx: 0
  CPU_avx512: 0
  m_CPU_enc_SHA: 293060129.08598596
  m_CPU_enc_AES: 106365886.40203193
  m_CPU_enc_ECDSA: 177556230.97017035
  ME_ALLOC_S: 1491.0122721220741
  ME_READ_S: 20086.103906249999
  ME_READ_L: 19246.572265625
  ME_WRITE: 21022
  ME_LARGE: 526.33333333333337
  ME_LATENCY: 47.442232497957725
  ME_THREADED: 19279.1640625
  SUMM_CPU: 985.54195185415279
  SUMM_ME: 992.05909026650261
SystemInformation:
  OSName: Ubuntu 24.04.1 LTS
  Kernel: 6.8.0-1016-aws
  Device: ""
  Processor: ARM Neoverse-V2 1 Core 0 MHz
  NumSockets: 1
  Manufacturer: ARM
  NumCores: 1
  NumLogicals: 1
  CPUFrequency: 0
  Memory: 1831
Checksum: 83669E662731C745930D086C04FC3C1E942A4877