BaselineInfo:
  WebDBID: -1
  TimeStamp: 20241115110206
Version:
  Major: 11
  Minor: 0
  Build: 1002
  SpecialBuildName: ""
  ptArchitecture: aarch64_linux
Results:
  Results Complete: true
  NumTestProcesses: 1
  CPU_INTEGER_MATH: 5183.3076666666666
  CPU_FLOATINGPOINT_MATH: 6022.9994759990459
  CPU_PRIME: 17.099156790756123
  CPU_SORTING: 4524.1207325909363
  CPU_ENCRYPTION: 183.63505411555161
  CPU_COMPRESSION: 6404.9503060296511
  CPU_SINGLETHREAD: 1846.8700745653207
  CPU_PHYSICS: 339.57149516534247
  CPU_MATRIX_MULT_SSE: 915.34509207973588
  CPU_mm: 113.38923527955951
  CPU_sse: 719.05657302986549
  CPU_fma: 1111.6336111296062
  CPU_avx: 0
  CPU_avx512: 0
  m_CPU_enc_SHA: 293826455.79107064
  m_CPU_enc_AES: 106391962.18163157
  m_CPU_enc_ECDSA: 177447513.5401037
  ME_ALLOC_S: 1479.2658482093168
  ME_READ_S: 20260.537890625001
  ME_READ_L: 19234.107421875
  ME_WRITE: 21017.248046875
  ME_LARGE: 545.66666666666663
  ME_LATENCY: 47.416838902710595
  ME_THREADED: 19265.7890625
  SUMM_CPU: 986.06986203076337
  SUMM_ME: 1014.3772715373894
SystemInformation:
  OSName: Ubuntu 24.04.1 LTS
  Kernel: 6.8.0-1018-aws
  Device: ""
  Processor: ARM Neoverse-V2 1 Core 0 MHz
  NumSockets: 1
  Manufacturer: ARM
  NumCores: 1
  NumLogicals: 1
  CPUFrequency: 0
  Memory: 1831
Checksum: F05ABFBAC7EFC86BF011D961963D0125A60B113B