BaselineInfo:
  WebDBID: -1
  TimeStamp: 20241114175856
Version:
  Major: 11
  Minor: 0
  Build: 1002
  SpecialBuildName: ""
  ptArchitecture: aarch64_linux
Results:
  Results Complete: true
  NumTestProcesses: 1
  CPU_INTEGER_MATH: 5178.1956666666674
  CPU_FLOATINGPOINT_MATH: 6025.575384387048
  CPU_PRIME: 17.0420920666994
  CPU_SORTING: 4555.382836696841
  CPU_ENCRYPTION: 183.07345449521094
  CPU_COMPRESSION: 6401.2116873606792
  CPU_SINGLETHREAD: 1847.7509540383317
  CPU_PHYSICS: 337.62985941069473
  CPU_MATRIX_MULT_SSE: 915.76674588087144
  CPU_mm: 112.17442266119134
  CPU_sse: 720.42170140454243
  CPU_fma: 1111.1117903572006
  CPU_avx: 0
  CPU_avx512: 0
  m_CPU_enc_SHA: 291745384.33239555
  m_CPU_enc_AES: 106508369.56822236
  m_CPU_enc_ECDSA: 177645537.96169293
  ME_ALLOC_S: 1477.2788163867074
  ME_READ_S: 20104.307226562501
  ME_READ_L: 19193.2890625
  ME_WRITE: 21011.87890625
  ME_LARGE: 581.25
  ME_LATENCY: 47.44978720295304
  ME_THREADED: 19256.44921875
  SUMM_CPU: 984.7811084921068
  SUMM_ME: 1051.9125622923216
SystemInformation:
  OSName: Ubuntu 24.04.1 LTS
  Kernel: 6.8.0-1018-aws
  Device: ""
  Processor: ARM Neoverse-V2 1 Core 0 MHz
  NumSockets: 1
  Manufacturer: ARM
  NumCores: 1
  NumLogicals: 1
  CPUFrequency: 0
  Memory: 1831
Checksum: 50AC706C64A71F5635352C2B596F6D5D655EB3E5