BaselineInfo:
  WebDBID: -1
  TimeStamp: 20241114222520
Version:
  Major: 11
  Minor: 0
  Build: 1002
  SpecialBuildName: ""
  ptArchitecture: x86_64_linux
Results:
  Results Complete: true
  NumTestProcesses: 2
  CPU_INTEGER_MATH: 9144.3029999999999
  CPU_FLOATINGPOINT_MATH: 5042.7218863552189
  CPU_PRIME: 21.165231499324367
  CPU_SORTING: 4992.0706356984765
  CPU_ENCRYPTION: 2373.1880934567098
  CPU_COMPRESSION: 35379.074377574281
  CPU_SINGLETHREAD: 2606.2345990049826
  CPU_PHYSICS: 438.27102912031472
  CPU_MATRIX_MULT_SSE: 1916.7128440375304
  CPU_mm: 246.61192598692355
  CPU_sse: 1047.248605166169
  CPU_fma: 2851.0290022298304
  CPU_avx: 1851.8609247165923
  CPU_avx512: 0
  m_CPU_enc_SHA: 3438441145.5304613
  m_CPU_enc_AES: 2193924485.0733194
  m_CPU_enc_ECDSA: 1833038604.249608
  ME_ALLOC_S: 892.30804641497048
  ME_READ_S: 26233.691992187501
  ME_READ_L: 16768.05859375
  ME_WRITE: 15957.5322265625
  ME_LARGE: 6638.083333333333
  ME_LATENCY: 65.323975582200163
  ME_THREADED: 23936.5009765625
  SUMM_CPU: 3439.1215104519497
  SUMM_ME: 1984.650666423119
SystemInformation:
  OSName: Ubuntu 24.04.1 LTS
  Kernel: 6.8.0-1018-aws
  Device: ""
  Processor: AMD EPYC 7R13 Processor
  NumSockets: 1
  Manufacturer: AuthenticAMD
  NumCores: 1
  NumLogicals: 2
  CPUFrequency: 0
  Memory: 15620
  MemModuleInfo:
    iNumMemSticks: 1
    DIMM 1:
      manufacturer: Not Specified
      modulePartNo: Not Specified
      memType: DDR4
      size: 16
      clkspeed: 1600
      moduleVoltage: 0
Checksum: 9E044379E126751E11550F378878307316A745BA