BaselineInfo:
  WebDBID: -1
  TimeStamp: 20241115144957
Version:
  Major: 11
  Minor: 0
  Build: 1002
  SpecialBuildName: ""
  ptArchitecture: x86_64_linux
Results:
  Results Complete: true
  NumTestProcesses: 2
  CPU_INTEGER_MATH: 9136.9426666666659
  CPU_FLOATINGPOINT_MATH: 5051.2055121515696
  CPU_PRIME: 21.209330614393238
  CPU_SORTING: 5002.466821974579
  CPU_ENCRYPTION: 2376.5079771546261
  CPU_COMPRESSION: 35496.594440450601
  CPU_SINGLETHREAD: 2603.0369803172466
  CPU_PHYSICS: 437.21342649051149
  CPU_MATRIX_MULT_SSE: 1940.2943372849434
  CPU_mm: 246.92127631119587
  CPU_sse: 1041.0666408942352
  CPU_fma: 2852.3720232943979
  CPU_avx: 1927.4443476661963
  CPU_avx512: 0
  m_CPU_enc_SHA: 3443090663.7262077
  m_CPU_enc_AES: 2198744539.4557352
  m_CPU_enc_ECDSA: 1834012482.7767239
  ME_ALLOC_S: 977.62444969923047
  ME_READ_S: 26248.152929687501
  ME_READ_L: 17193.609375
  ME_WRITE: 17202.94140625
  ME_LARGE: 6675.75
  ME_LATENCY: 63.848487137041012
  ME_THREADED: 24340.91796875
  SUMM_CPU: 3449.7718673171989
  SUMM_ME: 2043.7239617393052
SystemInformation:
  OSName: Ubuntu 24.04.1 LTS
  Kernel: 6.8.0-1018-aws
  Device: ""
  Processor: AMD EPYC 7R13 Processor
  NumSockets: 1
  Manufacturer: AuthenticAMD
  NumCores: 1
  NumLogicals: 2
  CPUFrequency: 0
  Memory: 15620
  MemModuleInfo:
    iNumMemSticks: 1
    DIMM 1:
      manufacturer: Not Specified
      modulePartNo: Not Specified
      memType: DDR4
      size: 16
      clkspeed: 1600
      moduleVoltage: 0
Checksum: 8F0BB588D96A2460D9365E31BA90630FC12E7EB7