BaselineInfo:
  WebDBID: -1
  TimeStamp: 20241107040422
Version:
  Major: 11
  Minor: 0
  Build: 1002
  SpecialBuildName: ""
  ptArchitecture: x86_64_linux
Results:
  Results Complete: true
  NumTestProcesses: 2
  CPU_INTEGER_MATH: 9128.3753333333334
  CPU_FLOATINGPOINT_MATH: 5044.6047733235264
  CPU_PRIME: 21.29561954233608
  CPU_SORTING: 5004.4396551048139
  CPU_ENCRYPTION: 2373.0746183555302
  CPU_COMPRESSION: 35715.88309153328
  CPU_SINGLETHREAD: 2601.5795173709671
  CPU_PHYSICS: 429.01976634623622
  CPU_MATRIX_MULT_SSE: 1940.7019793349364
  CPU_mm: 246.99679513768012
  CPU_sse: 1039.4569632918337
  CPU_fma: 2851.9719286627846
  CPU_avx: 1930.6770460501907
  CPU_avx512: 0
  m_CPU_enc_SHA: 3438261222.3513794
  m_CPU_enc_AES: 2197984127.2298827
  m_CPU_enc_ECDSA: 1828801923.4690437
  ME_ALLOC_S: 967.80739093773207
  ME_READ_S: 26164.395898437499
  ME_READ_L: 16705.8984375
  ME_WRITE: 15772.98828125
  ME_LARGE: 5677.75
  ME_LATENCY: 66.265006168550784
  ME_THREADED: 23450.5498046875
  SUMM_CPU: 3450.6542694751811
  SUMM_ME: 1954.7309677343412
SystemInformation:
  OSName: Ubuntu 24.04.1 LTS
  Kernel: 6.8.0-1016-aws
  Device: ""
  Processor: AMD EPYC 7R13 Processor
  NumSockets: 1
  Manufacturer: AuthenticAMD
  NumCores: 1
  NumLogicals: 2
  CPUFrequency: 0
  Memory: 15620
  MemModuleInfo:
    iNumMemSticks: 1
    DIMM 1:
      manufacturer: Not Specified
      modulePartNo: Not Specified
      memType: DDR4
      size: 16
      clkspeed: 1600
      moduleVoltage: 0
Checksum: 25D80D35C8A78569FE16540FAD04237DB86F1FC4