---
system-info:
      stress-ng-version: 0.17.08
      run-by: root
      date-yyyy-mm-dd: 2024:06:15
      time-hh-mm-ss: 09:56:25
      epoch-secs: 1718445385
      hostname: 35f76ecac5fb
      sysname: Linux
      nodename: 35f76ecac5fb
      release: 6.8.0-1008-aws
      version: '#8-Ubuntu SMP Sat Apr 20 02:43:14 UTC 2024'
      machine: aarch64
      compiler: 'musl-gcc 13.2.1'
      uptime: 132
      totalram: 134778200064
      freeram: 129675866112
      sharedram: 35467264
      bufferram: 107438080
      totalswap: 0
      freeswap: 0
      pagesize: 4096
      cpus: 64
      cpus-online: 64
      ticks-per-second: 100

metrics:
    - stressor: cpu
      bogo-ops: 30706
      bogo-ops-per-second-usr-sys-time: 1535.273440
      bogo-ops-per-second-real-time: 1535.292039
      wall-clock-time: 20.000104
      user-time: 20.000346
      system-time: 0.000000
      cpu-usage-per-instance: 100.001211
      max-rss: 512

...
