---
system-info:
      stress-ng-version: 0.17.08
      run-by: root
      date-yyyy-mm-dd: 2024:06:06
      time-hh-mm-ss: 17:20:20
      epoch-secs: 1717694420
      hostname: 0c5ce5931404
      sysname: Linux
      nodename: 0c5ce5931404
      release: 6.8.0-1008-aws
      version: '#8-Ubuntu SMP Sat Apr 20 02:43:14 UTC 2024'
      machine: aarch64
      compiler: 'musl-gcc 13.2.1'
      uptime: 185
      totalram: 134778195968
      freeram: 129907679232
      sharedram: 35467264
      bufferram: 85323776
      totalswap: 0
      freeswap: 0
      pagesize: 4096
      cpus: 64
      cpus-online: 64
      ticks-per-second: 100

metrics:
    - stressor: cpu
      bogo-ops: 4267
      bogo-ops-per-second-usr-sys-time: 425.656843
      bogo-ops-per-second-real-time: 425.661113
      wall-clock-time: 10.024406
      user-time: 10.024507
      system-time: 0.000000
      cpu-usage-per-instance: 100.001003
      max-rss: 3584

...
