BaselineInfo:
  WebDBID: -1
  TimeStamp: 20251215114323
Version:
  Major: 11
  Minor: 0
  Build: 1002
  SpecialBuildName: ""
  ptArchitecture: aarch64_linux
Results:
  Results Complete: true
  NumTestProcesses: 96
  CPU_INTEGER_MATH: 500417.15899999999
  CPU_FLOATINGPOINT_MATH: 580967.49962691602
  CPU_PRIME: 835.54870983150158
  CPU_SORTING: 429342.24183082703
  CPU_ENCRYPTION: 18088.960796042531
  CPU_COMPRESSION: 637142.96886833815
  CPU_SINGLETHREAD: 1943.5375563762907
  CPU_PHYSICS: 19472.295176323474
  CPU_MATRIX_MULT_SSE: 80637.627037916056
  CPU_mm: 10794.351747960663
  CPU_sse: 63665.584539892618
  CPU_fma: 97609.669535939451
  CPU_avx: 0
  CPU_avx512: 0
  m_CPU_enc_SHA: 28210894184.29026
  m_CPU_enc_AES: 10303908541.229683
  m_CPU_enc_ECDSA: 18388147741.493313
  ME_ALLOC_S: 47397.937909158551
  ME_READ_S: 20158.112499999999
  ME_READ_L: 20201.6484375
  ME_WRITE: 21290.05078125
  ME_LARGE: 175040.08333333334
  ME_LATENCY: 44.173528871423109
  ME_THREADED: 506886.3525390625
  SUMM_CPU: 56739.359658220732
  SUMM_ME: 3429.4510708289054
SystemInformation:
  OSName: Ubuntu 24.04.2 LTS
  Kernel: 6.14.0-1018-aws
  Device: ""
  Processor: ARM Neoverse-V2 96 Core 0 MHz
  NumSockets: 1
  Manufacturer: ARM
  NumCores: 96
  NumLogicals: 96
  CPUFrequency: 0
  Memory: 189766
Checksum: 617412CDE2DE6071B2BAC9E9CF6F143446D595EB