BaselineInfo:
  WebDBID: -1
  TimeStamp: 20260612211414
Version:
  Major: 11
  Minor: 0
  Build: 1004
  SpecialBuildName: ""
  ptArchitecture: x86_64_linux
Results:
  Results Complete: true
  NumTestProcesses: 16
  CPU_INTEGER_MATH: 46707.823333333326
  CPU_FLOATINGPOINT_MATH: 25075.324628259339
  CPU_PRIME: 87.636643913885678
  CPU_SORTING: 29052.887957176816
  CPU_ENCRYPTION: 6467.0366321182182
  CPU_COMPRESSION: 217863.92932640569
  CPU_SINGLETHREAD: 1961.0709181747454
  CPU_PHYSICS: 1570.1452310344425
  CPU_MATRIX_MULT_SSE: 13013.215887298542
  CPU_mm: 1421.7972357090061
  CPU_sse: 5036.5435103431964
  CPU_fma: 15717.914120138861
  CPU_avx: 11104.962334527023
  CPU_avx512: 20193.443584185083
  m_CPU_enc_SHA: 2112217331.1149633
  m_CPU_enc_AES: 16317797879.380772
  m_CPU_enc_ECDSA: 1913523000.1842482
  ME_ALLOC_S: 5534.4836629769161
  ME_READ_S: 22717.409374999999
  ME_READ_L: 9685.5625
  ME_WRITE: 9539.029296875
  ME_LARGE: 21754.166666666668
  ME_LATENCY: 54.891930472453403
  ME_THREADED: 85611.7548828125
  SUMM_CPU: 15380.42867360833
  SUMM_ME: 2380.5259713708188
SystemInformation:
  OSName: Ubuntu 24.04.4 LTS
  Kernel: 6.8.0-117-generic
  Device: ""
  Processor: Intel(R) Xeon(R) Platinum 8269CY CPU @ 2.50GHz
  NumSockets: 1
  Manufacturer: GenuineIntel
  NumCores: 8
  NumLogicals: 16
  CPUFrequency: 0
  CPUMaxFrequency: 0
  Memory: 30666
  CPUInfo:
    number: 1
    Family: 6
    Model: 5
    stepping: 7
    features: 529267711
    manufacture: GenuineIntel
    typestring: Intel(R) Xeon(R) Platinum 8269CY CPU @ 2.50GHz
    iCoresPerPackage: 8
    iThreadsPerPackage: 2
    featuresEx:
      - 529267711
      - 4277809667
      - 739248128
    bHybrid: false
    nPCore: 0
    nLogicalsPerPCore: 0
    nECore: 0
    nLogicalsPerECore: 0
  MemModuleInfo:
    iNumMemSticks: 2
    DIMM 1:
      manufacturer: Alibaba Cloud
      modulePartNo: Not Specified
      memType: RAM
      size: 16
      clkspeed: 0
      moduleVoltage: 0
    DIMM 2:
      manufacturer: Alibaba Cloud
      modulePartNo: Not Specified
      memType: RAM
      size: 16
      clkspeed: 0
      moduleVoltage: 0
Checksum: 04DAE538D5C2B89A3562F3CBFD21EBB5CBC11B2A