---
system-info:
      stress-ng-version: 0.17.08
      run-by: root
      date-yyyy-mm-dd: 2024:06:09
      time-hh-mm-ss: 09:41:29
      epoch-secs: 1717926089
      hostname: 48f10c701766
      sysname: Linux
      nodename: 48f10c701766
      release: 6.8.0-1008-aws
      version: '#8-Ubuntu SMP Sat Apr 20 00:46:25 UTC 2024'
      machine: x86_64
      compiler: 'musl-gcc 13.2.1'
      uptime: 109
      totalram: 66330980352
      freeram: 61707350016
      sharedram: 113651712
      bufferram: 105852928
      totalswap: 0
      freeswap: 0
      pagesize: 4096
      cpus: 16
      cpus-online: 16
      ticks-per-second: 100

metrics:
    - stressor: cpu
      bogo-ops: 250868
      bogo-ops-per-second-usr-sys-time: 1570.135810
      bogo-ops-per-second-real-time: 25083.156097
      wall-clock-time: 10.001453
      user-time: 159.756723
      system-time: 0.017991
      cpu-usage-per-instance: 99.844692
      max-rss: 3792

...
