---
system-info:
      stress-ng-version: 0.17.08
      run-by: root
      date-yyyy-mm-dd: 2024:06:15
      time-hh-mm-ss: 11:29:10
      epoch-secs: 1718450950
      hostname: c6ff5637f531
      sysname: Linux
      nodename: c6ff5637f531
      release: 6.8.0-1008-aws
      version: '#8-Ubuntu SMP Sat Apr 20 00:46:25 UTC 2024'
      machine: x86_64
      compiler: 'musl-gcc 13.2.1'
      uptime: 123
      totalram: 66330972160
      freeram: 61829328896
      sharedram: 113651712
      bufferram: 108449792
      totalswap: 0
      freeswap: 0
      pagesize: 4096
      cpus: 16
      cpus-online: 16
      ticks-per-second: 100

metrics:
    - stressor: cpu
      bogo-ops: 319034
      bogo-ops-per-second-usr-sys-time: 997.853258
      bogo-ops-per-second-real-time: 15951.632113
      wall-clock-time: 20.000085
      user-time: 319.700363
      system-time: 0.019994
      cpu-usage-per-instance: 99.912186
      max-rss: 1104

...
