---
system-info:
      stress-ng-version: 0.17.08
      run-by: root
      date-yyyy-mm-dd: 2024:06:14
      time-hh-mm-ss: 05:40:03
      epoch-secs: 1718343603
      hostname: 906318ff5e3b
      sysname: Linux
      nodename: 906318ff5e3b
      release: 6.8.0-1008-aws
      version: '#8-Ubuntu SMP Sat Apr 20 00:46:25 UTC 2024'
      machine: x86_64
      compiler: 'musl-gcc 13.2.1'
      uptime: 136
      totalram: 99611561984
      freeram: 94967779328
      sharedram: 60071936
      bufferram: 108658688
      totalswap: 0
      freeswap: 0
      pagesize: 4096
      cpus: 48
      cpus-online: 48
      ticks-per-second: 100

metrics:
    - stressor: cpu
      bogo-ops: 37818
      bogo-ops-per-second-usr-sys-time: 1890.868612
      bogo-ops-per-second-real-time: 1890.893012
      wall-clock-time: 20.000074
      user-time: 20.000332
      system-time: 0.000000
      cpu-usage-per-instance: 100.001290
      max-rss: 1152

...
