---
system-info:
      stress-ng-version: 0.17.08
      run-by: root
      date-yyyy-mm-dd: 2024:06:06
      time-hh-mm-ss: 10:22:35
      epoch-secs: 1717669355
      hostname: 972c89955dd7
      sysname: Linux
      nodename: 972c89955dd7
      release: 6.8.0-1008-aws
      version: '#8-Ubuntu SMP Sat Apr 20 00:46:25 UTC 2024'
      machine: x86_64
      compiler: 'musl-gcc 13.2.1'
      uptime: 112
      totalram: 99611602944
      freeram: 95166984192
      sharedram: 60071936
      bufferram: 82771968
      totalswap: 0
      freeswap: 0
      pagesize: 4096
      cpus: 48
      cpus-online: 48
      ticks-per-second: 100

metrics:
    - stressor: cpu
      bogo-ops: 16741
      bogo-ops-per-second-usr-sys-time: 1674.065514
      bogo-ops-per-second-real-time: 1674.081281
      wall-clock-time: 10.000112
      user-time: 9.999206
      system-time: 0.001000
      cpu-usage-per-instance: 100.000942
      max-rss: 3840

...
