BaselineInfo:
  WebDBID: -1
  TimeStamp: 20241110074948
Version:
  Major: 11
  Minor: 0
  Build: 1002
  SpecialBuildName: ""
  ptArchitecture: x86_64_linux
Results:
  Results Complete: true
  NumTestProcesses: 96
  CPU_INTEGER_MATH: 402475.52266666666
  CPU_FLOATINGPOINT_MATH: 205733.74752008912
  CPU_PRIME: 465.46619496594167
  CPU_SORTING: 200947.46487938729
  CPU_ENCRYPTION: 87341.02275136055
  CPU_COMPRESSION: 1460388.1261297064
  CPU_SINGLETHREAD: 2371.1161916676351
  CPU_PHYSICS: 8055.9787017353065
  CPU_MATRIX_MULT_SSE: 86605.270093577739
  CPU_mm: 8672.1691067532047
  CPU_sse: 37967.381199143892
  CPU_fma: 102995.86108907459
  CPU_avx: 77393.042644992223
  CPU_avx512: 128064.79544110039
  m_CPU_enc_SHA: 88122433623.52446
  m_CPU_enc_AES: 132717348918.96043
  m_CPU_enc_ECDSA: 53911318275.107033
  ME_ALLOC_S: 29751.10501694155
  ME_READ_S: 24435.788476562499
  ME_READ_L: 12392.1884765625
  ME_WRITE: 11064.5673828125
  ME_LARGE: 748193.08333333337
  ME_LATENCY: 57.032612847975258
  ME_THREADED: 315064.51123046875
  SUMM_CPU: 76046.379959973507
  SUMM_ME: 2761.0143224019694
SystemInformation:
  OSName: Ubuntu 24.04.1 LTS
  Kernel: 6.8.0-1016-aws
  Device: ""
  Processor: Intel Xeon Platinum 8375C CPU @ 2.90GHz
  NumSockets: 2
  Manufacturer: GenuineIntel
  NumCores: 48
  NumLogicals: 96
  CPUFrequency: 0
  Memory: 761833
  MemModuleInfo:
    iNumMemSticks: 2
    DIMM 1:
      manufacturer: Not Specified
      modulePartNo: Not Specified
      memType: DDR4
      size: 384
      clkspeed: 1600
      moduleVoltage: 0
    DIMM 2:
      manufacturer: Not Specified
      modulePartNo: Not Specified
      memType: DDR4
      size: 384
      clkspeed: 1600
      moduleVoltage: 0
Checksum: C47B8F61F95BA8A2AE8230F697FF9012D48AEF25