---
system-info:
      stress-ng-version: 0.17.08
      run-by: root
      date-yyyy-mm-dd: 2024:09:17
      time-hh-mm-ss: 05:15:16
      epoch-secs: 1726550116
      hostname: sc-runner
      sysname: Linux
      nodename: sc-runner
      release: 6.8.0-1014-azure
      version: '#16-Ubuntu SMP Thu Aug 15 20:04:41 UTC 2024'
      machine: x86_64
      compiler: 'musl-gcc 13.2.1'
      uptime: 317
      totalram: 270257012736
      freeram: 259742543872
      sharedram: 42160128
      bufferram: 282779648
      totalswap: 0
      freeswap: 0
      pagesize: 4096
      cpus: 16
      cpus-online: 16
      ticks-per-second: 100

metrics:
    - stressor: cpu
      bogo-ops: 297887
      bogo-ops-per-second-usr-sys-time: 932.688129
      bogo-ops-per-second-real-time: 14894.254820
      wall-clock-time: 20.000128
      user-time: 319.344456
      system-time: 0.040975
      cpu-usage-per-instance: 99.807309
      max-rss: 3252

...
