---
system-info:
      stress-ng-version: 0.17.08
      run-by: root
      date-yyyy-mm-dd: 2024:09:16
      time-hh-mm-ss: 23:51:38
      epoch-secs: 1726530698
      hostname: sc-runner
      sysname: Linux
      nodename: sc-runner
      release: 6.8.0-1014-azure
      version: '#16-Ubuntu SMP Thu Aug 15 20:04:41 UTC 2024'
      machine: x86_64
      compiler: 'musl-gcc 13.2.1'
      uptime: 370
      totalram: 118155587584
      freeram: 107716427776
      sharedram: 42209280
      bufferram: 264728576
      totalswap: 0
      freeswap: 0
      pagesize: 4096
      cpus: 16
      cpus-online: 16
      ticks-per-second: 100

metrics:
    - stressor: cpu
      bogo-ops: 21215
      bogo-ops-per-second-usr-sys-time: 1060.806700
      bogo-ops-per-second-real-time: 1060.747964
      wall-clock-time: 20.000038
      user-time: 19.997932
      system-time: 0.000999
      cpu-usage-per-instance: 99.994463
      max-rss: 3152

...
