BaselineInfo:
  WebDBID: -1
  TimeStamp: 20241108195802
Version:
  Major: 11
  Minor: 0
  Build: 1002
  SpecialBuildName: ""
  ptArchitecture: aarch64_linux
Results:
  Results Complete: true
  NumTestProcesses: 16
  CPU_INTEGER_MATH: 63210.49533333334
  CPU_FLOATINGPOINT_MATH: 47972.774841896848
  CPU_PRIME: 108.32196141283154
  CPU_SORTING: 45757.891656259599
  CPU_ENCRYPTION: 2177.6116070201106
  CPU_COMPRESSION: 76092.083144064236
  CPU_SINGLETHREAD: 1110.1674329101756
  CPU_PHYSICS: 1951.6619468315475
  CPU_MATRIX_MULT_SSE: 9956.9638628673001
  CPU_mm: 1670.3679699445054
  CPU_sse: 8314.2969652193224
  CPU_fma: 11599.63076051528
  CPU_avx: 0
  CPU_avx512: 0
  m_CPU_enc_SHA: 3239724074.9519439
  m_CPU_enc_AES: 1506603967.5277758
  m_CPU_enc_ECDSA: 2103845762.8484406
  ME_ALLOC_S: 10366.250604917219
  ME_READ_S: 9486.9445312499993
  ME_READ_L: 9196.13671875
  ME_WRITE: 12566.390625
  ME_LARGE: 52702.583333333336
  ME_LATENCY: 71.168883894681656
  ME_THREADED: 141559.2109375
  SUMM_CPU: 9807.3577208607603
  SUMM_ME: 1805.6883717738733
SystemInformation:
  OSName: Ubuntu 24.04.1 LTS
  Kernel: 6.8.0-1016-aws
  Device: ""
  Processor: ARM Neoverse-N1 16 Core 0 MHz
  NumSockets: 1
  Manufacturer: ARM
  NumCores: 16
  NumLogicals: 16
  CPUFrequency: 0
  Memory: 63132
Checksum: F6125DD935708C26DB4CB9AA6C14ABE922B7365B