BaselineInfo:
  WebDBID: -1
  TimeStamp: 20250821000312
Version:
  Major: 11
  Minor: 0
  Build: 1002
  SpecialBuildName: ""
  ptArchitecture: x86_64_linux
Results:
  Results Complete: true
  NumTestProcesses: 16
  CPU_INTEGER_MATH: 82384.471333333335
  CPU_FLOATINGPOINT_MATH: 59684.988636206253
  CPU_PRIME: 170.55200626715805
  CPU_SORTING: 42046.739261488561
  CPU_ENCRYPTION: 18204.615671191004
  CPU_COMPRESSION: 320465.72112686769
  CPU_SINGLETHREAD: 3245.3062551074395
  CPU_PHYSICS: 3730.764240533983
  CPU_MATRIX_MULT_SSE: 22272.924207497919
  CPU_mm: 2300.3691748589586
  CPU_sse: 9957.4918977925954
  CPU_fma: 26038.322884228397
  CPU_avx: 20701.694033631451
  CPU_avx512: 32394.188014339263
  m_CPU_enc_SHA: 19122240630.609295
  m_CPU_enc_AES: 24989510658.908943
  m_CPU_enc_ECDSA: 13155017956.586094
  ME_ALLOC_S: 8182.7325280785381
  ME_READ_S: 28960.974218750001
  ME_READ_L: 13550.3720703125
  ME_WRITE: 10820.185546875
  ME_LARGE: 116695
  ME_LATENCY: 78.786647755893497
  ME_THREADED: 118757.3388671875
  SUMM_CPU: 28973.569355224492
  SUMM_ME: 2362.8914369228451
SystemInformation:
  OSName: Ubuntu 24.04.2 LTS
  Kernel: 6.14.0-1010-aws
  Device: ""
  Processor: Intel Xeon 6975P-C
  NumSockets: 1
  Manufacturer: GenuineIntel
  NumCores: 8
  NumLogicals: 16
  CPUFrequency: 0
  Memory: 126762
  MemModuleInfo:
    iNumMemSticks: 1
    DIMM 1:
      manufacturer: Not Specified
      modulePartNo: Not Specified
      memType: DDR5
      size: 128
      clkspeed: 3600
      moduleVoltage: 0
Checksum: 10A4387AA92F3C6DB7716681A48996D0D86C10E5