---
system-info:
      stress-ng-version: 0.17.08
      run-by: root
      date-yyyy-mm-dd: 2024:09:03
      time-hh-mm-ss: 09:05:48
      epoch-secs: 1725354348
      hostname: sc-runner
      sysname: Linux
      nodename: sc-runner
      release: 6.8.0-1013-azure
      version: '#15-Ubuntu SMP Thu Aug  8 18:40:40 UTC 2024'
      machine: x86_64
      compiler: 'musl-gcc 13.2.1'
      uptime: 312
      totalram: 33649872896
      freeram: 25020899328
      sharedram: 54935552
      bufferram: 209788928
      totalswap: 0
      freeswap: 0
      pagesize: 4096
      cpus: 8
      cpus-online: 8
      ticks-per-second: 100

metrics:
    - stressor: cpu
      bogo-ops: 154578
      bogo-ops-per-second-usr-sys-time: 969.060400
      bogo-ops-per-second-real-time: 7728.861338
      wall-clock-time: 20.000100
      user-time: 159.495286
      system-time: 0.017991
      cpu-usage-per-instance: 99.695299
      max-rss: 3256

...
