BaselineInfo:
  WebDBID: -1
  TimeStamp: 20260404093138
Version:
  Major: 11
  Minor: 0
  Build: 1004
  SpecialBuildName: ""
  ptArchitecture: aarch64_linux
Results:
  Results Complete: true
  NumTestProcesses: 16
  CPU_INTEGER_MATH: 88327.502666666682
  CPU_FLOATINGPOINT_MATH: 74051.576996963762
  CPU_PRIME: 193.42917305241221
  CPU_SORTING: 70401.403478087232
  CPU_ENCRYPTION: 2612.7944380263125
  CPU_COMPRESSION: 95395.479515008556
  CPU_SINGLETHREAD: 1643.8845678484327
  CPU_PHYSICS: 4037.4867828342917
  CPU_MATRIX_MULT_SSE: 12518.064972524207
  CPU_mm: 2016.2404352773301
  CPU_sse: 10567.936303019653
  CPU_fma: 14468.193642028764
  CPU_avx: 0
  CPU_avx512: 0
  m_CPU_enc_SHA: 3817889459.1809187
  m_CPU_enc_AES: 1697478081.9480777
  m_CPU_enc_ECDSA: 2703773080.8146381
  ME_ALLOC_S: 16471.359083678279
  ME_READ_S: 22505.545507812501
  ME_READ_L: 18815.376953125
  ME_WRITE: 22256.763671875
  ME_LARGE: 17652.916666666668
  ME_LATENCY: 59.381356237837956
  ME_THREADED: 142837.451171875
  SUMM_CPU: 12813.957371511184
  SUMM_ME: 2830.4048761786848
SystemInformation:
  OSName: Ubuntu 24.04.4 LTS
  Kernel: 6.8.0-106-generic
  Device: ""
  Processor: ARM Neoverse-N2 16 Core 3000 MHz
  NumSockets: 1
  Manufacturer: ARM
  NumCores: 16
  NumLogicals: 16
  CPUFrequency: 3000
  CPUMaxFrequency: 3000
  Memory: 30937
Checksum: DA9465A3FCCA7E71DC1CADA836E080C8776A2871