BaselineInfo:
  WebDBID: -1
  TimeStamp: 20241230173932
Version:
  Major: 11
  Minor: 0
  Build: 1002
  SpecialBuildName: ""
  ptArchitecture: x86_64_linux
Results:
  Results Complete: true
  NumTestProcesses: 72
  CPU_INTEGER_MATH: 334230.15699999989
  CPU_FLOATINGPOINT_MATH: 236733.19558073534
  CPU_PRIME: 677.88419905503417
  CPU_SORTING: 161119.19589443068
  CPU_ENCRYPTION: 73470.929381126072
  CPU_COMPRESSION: 1196717.2683036546
  CPU_SINGLETHREAD: 3176.2490351636457
  CPU_PHYSICS: 12553.291773280436
  CPU_MATRIX_MULT_SSE: 90731.159246437412
  CPU_mm: 8907.8151292087568
  CPU_sse: 38334.182141724654
  CPU_fma: 101255.84324206402
  CPU_avx: 77873.875935786564
  CPU_avx512: 145460.73566617447
  m_CPU_enc_SHA: 77783700107.641968
  m_CPU_enc_AES: 101213333983.25414
  m_CPU_enc_ECDSA: 52122525649.334831
  ME_ALLOC_S: 32734.616197486001
  ME_READ_S: 25105.076464843751
  ME_READ_L: 7600.9892578125
  ME_WRITE: 15323.2587890625
  ME_LARGE: 557201.16666666663
  ME_LATENCY: 47.011338922558565
  ME_THREADED: 298572.6318359375
  SUMM_CPU: 82956.078759849712
  SUMM_ME: 2774.4027648012029
SystemInformation:
  OSName: Ubuntu 24.04.1 LTS
  Kernel: 6.8.0-1021-aws
  Device: ""
  Processor: Intel Xeon Platinum 8559C
  NumSockets: 1
  Manufacturer: GenuineIntel
  NumCores: 36
  NumLogicals: 72
  CPUFrequency: 0
  Memory: 570978
  MemModuleInfo:
    iNumMemSticks: 1
    DIMM 1:
      manufacturer: Not Specified
      modulePartNo: Not Specified
      memType: DDR5
      size: 576
      clkspeed: 2800
      moduleVoltage: 0
Checksum: AE7ADD89CD2EACDAFCB7CEBCFAB4BA81F1591ED8