---
system-info:
      stress-ng-version: 0.17.08
      run-by: root
      date-yyyy-mm-dd: 2024:06:06
      time-hh-mm-ss: 00:56:47
      epoch-secs: 1717635407
      hostname: 9d5be8c29179
      sysname: Linux
      nodename: 9d5be8c29179
      release: 6.8.0-1008-aws
      version: '#8-Ubuntu SMP Sat Apr 20 00:46:25 UTC 2024'
      machine: x86_64
      compiler: 'musl-gcc 13.2.1'
      uptime: 112
      totalram: 8055431168
      freeram: 3993661440
      sharedram: 29200384
      bufferram: 79663104
      totalswap: 0
      freeswap: 0
      pagesize: 4096
      cpus: 4
      cpus-online: 4
      ticks-per-second: 100

metrics:
    - stressor: cpu
      bogo-ops: 45218
      bogo-ops-per-second-usr-sys-time: 1136.321458
      bogo-ops-per-second-real-time: 4521.321437
      wall-clock-time: 10.001058
      user-time: 39.783319
      system-time: 0.009998
      cpu-usage-per-instance: 99.472764
      max-rss: 4048

...
