---
system-info:
      stress-ng-version: 0.17.08
      run-by: root
      date-yyyy-mm-dd: 2024:06:12
      time-hh-mm-ss: 15:43:03
      epoch-secs: 1718206983
      hostname: 5d6a1db3be5f
      sysname: Linux
      nodename: 5d6a1db3be5f
      release: 6.8.0-1008-aws
      version: '#8-Ubuntu SMP Sat Apr 20 00:46:25 UTC 2024'
      machine: x86_64
      compiler: 'musl-gcc 13.2.1'
      uptime: 150
      totalram: 8112062464
      freeram: 3809681408
      sharedram: 40734720
      bufferram: 110952448
      totalswap: 0
      freeswap: 0
      pagesize: 4096
      cpus: 4
      cpus-online: 4
      ticks-per-second: 100

metrics:
    - stressor: cpu
      bogo-ops: 69291
      bogo-ops-per-second-usr-sys-time: 870.795986
      bogo-ops-per-second-real-time: 3464.544538
      wall-clock-time: 20.000032
      user-time: 79.555053
      system-time: 0.016972
      cpu-usage-per-instance: 99.464874
      max-rss: 1104

...
