---
system-info:
      stress-ng-version: 0.17.08
      run-by: root
      date-yyyy-mm-dd: 2024:06:13
      time-hh-mm-ss: 07:08:42
      epoch-secs: 1718262522
      hostname: f3ae502a8710
      sysname: Linux
      nodename: f3ae502a8710
      release: 6.8.0-1008-aws
      version: '#8-Ubuntu SMP Sat Apr 20 00:46:25 UTC 2024'
      machine: x86_64
      compiler: 'musl-gcc 13.2.1'
      uptime: 114
      totalram: 8112054272
      freeram: 3813396480
      sharedram: 40734720
      bufferram: 105664512
      totalswap: 0
      freeswap: 0
      pagesize: 4096
      cpus: 4
      cpus-online: 4
      ticks-per-second: 100

metrics:
    - stressor: cpu
      bogo-ops: 77943
      bogo-ops-per-second-usr-sys-time: 979.529661
      bogo-ops-per-second-real-time: 3897.130302
      wall-clock-time: 20.000101
      user-time: 79.560871
      system-time: 0.010992
      cpu-usage-per-instance: 99.464326
      max-rss: 1104

...
