---
system-info:
      stress-ng-version: 0.17.08
      run-by: root
      date-yyyy-mm-dd: 2024:06:13
      time-hh-mm-ss: 13:55:33
      epoch-secs: 1718286933
      hostname: 5d7f01c2b77a
      sysname: Linux
      nodename: 5d7f01c2b77a
      release: 6.8.0-1008-aws
      version: '#8-Ubuntu SMP Sat Apr 20 00:46:25 UTC 2024'
      machine: x86_64
      compiler: 'musl-gcc 13.2.1'
      uptime: 136
      totalram: 199394021376
      freeram: 194765758464
      sharedram: 60047360
      bufferram: 107147264
      totalswap: 0
      freeswap: 0
      pagesize: 4096
      cpus: 48
      cpus-online: 48
      ticks-per-second: 100

metrics:
    - stressor: cpu
      bogo-ops: 37821
      bogo-ops-per-second-usr-sys-time: 1891.063710
      bogo-ops-per-second-real-time: 1891.044004
      wall-clock-time: 20.000063
      user-time: 19.999855
      system-time: 0.000000
      cpu-usage-per-instance: 99.998958
      max-rss: 1152

...
