---
system-info:
      stress-ng-version: 0.17.08
      run-by: root
      date-yyyy-mm-dd: 2024:06:07
      time-hh-mm-ss: 22:55:47
      epoch-secs: 1717800947
      hostname: f3c16e909a23
      sysname: Linux
      nodename: f3c16e909a23
      release: 6.8.0-1008-aws
      version: '#8-Ubuntu SMP Sat Apr 20 00:46:25 UTC 2024'
      machine: x86_64
      compiler: 'musl-gcc 13.2.1'
      uptime: 122
      totalram: 199394025472
      freeram: 194816540672
      sharedram: 60047360
      bufferram: 94994432
      totalswap: 0
      freeswap: 0
      pagesize: 4096
      cpus: 48
      cpus-online: 48
      ticks-per-second: 100

metrics:
    - stressor: cpu
      bogo-ops: 16737
      bogo-ops-per-second-usr-sys-time: 1673.556242
      bogo-ops-per-second-real-time: 1673.560387
      wall-clock-time: 10.000834
      user-time: 10.000859
      system-time: 0.000000
      cpu-usage-per-instance: 100.000248
      max-rss: 3840

...
