---
system-info:
      stress-ng-version: 0.17.08
      run-by: root
      date-yyyy-mm-dd: 2024:06:08
      time-hh-mm-ss: 05:19:10
      epoch-secs: 1717823950
      hostname: fc88600addd3
      sysname: Linux
      nodename: fc88600addd3
      release: 6.8.0-1008-aws
      version: '#8-Ubuntu SMP Sat Apr 20 00:46:25 UTC 2024'
      machine: x86_64
      compiler: 'musl-gcc 13.2.1'
      uptime: 132
      totalram: 66684047360
      freeram: 62320898048
      sharedram: 40738816
      bufferram: 97128448
      totalswap: 0
      freeswap: 0
      pagesize: 4096
      cpus: 8
      cpus-online: 8
      ticks-per-second: 100

metrics:
    - stressor: cpu
      bogo-ops: 14338
      bogo-ops-per-second-usr-sys-time: 1433.780214
      bogo-ops-per-second-real-time: 1433.761680
      wall-clock-time: 10.000267
      user-time: 9.998139
      system-time: 0.001999
      cpu-usage-per-instance: 99.998707
      max-rss: 3920

...
