---
system-info:
      stress-ng-version: 0.17.08
      run-by: root
      date-yyyy-mm-dd: 2024:06:13
      time-hh-mm-ss: 18:28:25
      epoch-secs: 1718303305
      hostname: c787f0e68976
      sysname: Linux
      nodename: c787f0e68976
      release: 6.8.0-1008-aws
      version: '#8-Ubuntu SMP Sat Apr 20 00:46:25 UTC 2024'
      machine: x86_64
      compiler: 'musl-gcc 13.2.1'
      uptime: 152
      totalram: 66684055552
      freeram: 62314631168
      sharedram: 40738816
      bufferram: 107155456
      totalswap: 0
      freeswap: 0
      pagesize: 4096
      cpus: 8
      cpus-online: 8
      ticks-per-second: 100

metrics:
    - stressor: cpu
      bogo-ops: 26515
      bogo-ops-per-second-usr-sys-time: 1325.759015
      bogo-ops-per-second-real-time: 1325.745954
      wall-clock-time: 20.000061
      user-time: 19.999864
      system-time: 0.000000
      cpu-usage-per-instance: 99.999015
      max-rss: 1104

...
