---
system-info:
      stress-ng-version: 0.17.08
      run-by: root
      date-yyyy-mm-dd: 2024:06:26
      time-hh-mm-ss: 15:14:42
      epoch-secs: 1719414882
      hostname: c3-highcpu-4-82b9427.us-east4-a.c.algebraic-pier-412621.internal
      sysname: Linux
      nodename: c3-highcpu-4-82b9427.us-east4-a.c.algebraic-pier-412621.internal
      release: 6.8.0-1008-gcp
      version: '#9-Ubuntu SMP Wed May 22 18:09:04 UTC 2024'
      machine: x86_64
      compiler: 'musl-gcc 13.2.1'
      uptime: 136
      totalram: 8323178496
      freeram: 3290329088
      sharedram: 111505408
      bufferram: 124182528
      totalswap: 0
      freeswap: 0
      pagesize: 4096
      cpus: 4
      cpus-online: 4
      ticks-per-second: 100

metrics:
    - stressor: cpu
      bogo-ops: 31891
      bogo-ops-per-second-usr-sys-time: 1594.615539
      bogo-ops-per-second-real-time: 1594.544240
      wall-clock-time: 20.000072
      user-time: 19.999178
      system-time: 0.000000
      cpu-usage-per-instance: 99.995529
      max-rss: 1104

...
