---
system-info:
      stress-ng-version: 0.17.08
      run-by: root
      date-yyyy-mm-dd: 2024:06:08
      time-hh-mm-ss: 19:29:10
      epoch-secs: 1717874950
      hostname: 7052fd8a3f9b
      sysname: Linux
      nodename: 7052fd8a3f9b
      release: 6.8.0-1008-aws
      version: '#8-Ubuntu SMP Sat Apr 20 00:46:25 UTC 2024'
      machine: x86_64
      compiler: 'musl-gcc 13.2.1'
      uptime: 104
      totalram: 397026824192
      freeram: 391989317632
      sharedram: 37982208
      bufferram: 104828928
      totalswap: 0
      freeswap: 0
      pagesize: 4096
      cpus: 96
      cpus-online: 96
      ticks-per-second: 100

metrics:
    - stressor: cpu
      bogo-ops: 1441230
      bogo-ops-per-second-usr-sys-time: 1503.028881
      bogo-ops-per-second-real-time: 144101.777213
      wall-clock-time: 10.001473
      user-time: 958.769826
      system-time: 0.113944
      cpu-usage-per-instance: 99.869018
      max-rss: 3072

...
