BaselineInfo:
  WebDBID: -1
  TimeStamp: 20250526150939
Version:
  Major: 11
  Minor: 0
  Build: 1002
  SpecialBuildName: ""
  ptArchitecture: x86_64_linux
Results:
  Results Complete: true
  NumTestProcesses: 2
  CPU_INTEGER_MATH: 10592.679333333333
  CPU_FLOATINGPOINT_MATH: 7522.3009354999213
  CPU_PRIME: 20.723269940866782
  CPU_SORTING: 5370.8995879717513
  CPU_ENCRYPTION: 2352.1620497788363
  CPU_COMPRESSION: 40640.187921319142
  CPU_SINGLETHREAD: 3210.379801081885
  CPU_PHYSICS: 503.78721869709415
  CPU_MATRIX_MULT_SSE: 2972.3670062756137
  CPU_mm: 299.92176175218708
  CPU_sse: 1291.1949299831708
  CPU_fma: 3613.814680418136
  CPU_avx: 2678.0496568884419
  CPU_avx512: 4306.4087578127064
  m_CPU_enc_SHA: 2469213334.5544353
  m_CPU_enc_AES: 3209201667.8451686
  m_CPU_enc_ECDSA: 1720847018.1270757
  ME_ALLOC_S: 1757.9683518358963
  ME_READ_S: 27261.98828125
  ME_READ_L: 10392.0673828125
  ME_WRITE: 9451.498046875
  ME_LARGE: 32692
  ME_LATENCY: 58.132202574983488
  ME_THREADED: 15687.4970703125
  SUMM_CPU: 4161.9151448681214
  SUMM_ME: 2053.4368991494071
SystemInformation:
  OSName: Ubuntu 24.04.2 LTS
  Kernel: 6.11.0-1015-azure
  Device: ""
  Processor: INTEL XEON PLATINUM 8573C
  NumSockets: 1
  Manufacturer: GenuineIntel
  NumCores: 1
  NumLogicals: 2
  CPUFrequency: 2300
  Memory: 42130
  MemModuleInfo:
    iNumMemSticks: 2
    DIMM 1:
      manufacturer: Microsoft Corporation
      modulePartNo: None
      memType: Unknown
      size: 1
      clkspeed: 0
      moduleVoltage: 0
    DIMM 2:
      manufacturer: Microsoft Corporation
      modulePartNo: None
      memType: Unknown
      size: 41
      clkspeed: 0
      moduleVoltage: 0
Checksum: 11C2F264E71DC405D76D825373553D5AE012FECF