---
system-info:
      stress-ng-version: 0.17.08
      run-by: root
      date-yyyy-mm-dd: 2024:06:14
      time-hh-mm-ss: 03:56:12
      epoch-secs: 1718337372
      hostname: b70e9b209f94
      sysname: Linux
      nodename: b70e9b209f94
      release: 6.8.0-1008-aws
      version: '#8-Ubuntu SMP Sat Apr 20 00:46:25 UTC 2024'
      machine: x86_64
      compiler: 'musl-gcc 13.2.1'
      uptime: 137
      totalram: 32908693504
      freeram: 28478156800
      sharedram: 36839424
      bufferram: 108339200
      totalswap: 0
      freeswap: 0
      pagesize: 4096
      cpus: 16
      cpus-online: 16
      ticks-per-second: 100

metrics:
    - stressor: cpu
      bogo-ops: 57942
      bogo-ops-per-second-usr-sys-time: 2897.130710
      bogo-ops-per-second-real-time: 2897.091435
      wall-clock-time: 20.000059
      user-time: 19.999788
      system-time: 0.000000
      cpu-usage-per-instance: 99.998644
      max-rss: 1104

...
