---
system-info:
      stress-ng-version: 0.17.08
      run-by: root
      date-yyyy-mm-dd: 2024:06:06
      time-hh-mm-ss: 03:51:58
      epoch-secs: 1717645918
      hostname: 1e3f172274a0
      sysname: Linux
      nodename: 1e3f172274a0
      release: 6.8.0-1008-aws
      version: '#8-Ubuntu SMP Sat Apr 20 00:46:25 UTC 2024'
      machine: x86_64
      compiler: 'musl-gcc 13.2.1'
      uptime: 127
      totalram: 32908685312
      freeram: 28745445376
      sharedram: 36839424
      bufferram: 80588800
      totalswap: 0
      freeswap: 0
      pagesize: 4096
      cpus: 16
      cpus-online: 16
      ticks-per-second: 100

metrics:
    - stressor: cpu
      bogo-ops: 17110
      bogo-ops-per-second-usr-sys-time: 1710.361693
      bogo-ops-per-second-real-time: 1710.253032
      wall-clock-time: 10.004368
      user-time: 10.001733
      system-time: 0.001999
      cpu-usage-per-instance: 99.993647
      max-rss: 3920

...
