BaselineInfo:
  WebDBID: -1
  TimeStamp: 20241109132325
Version:
  Major: 11
  Minor: 0
  Build: 1002
  SpecialBuildName: ""
  ptArchitecture: x86_64_linux
Results:
  Results Complete: true
  NumTestProcesses: 96
  CPU_INTEGER_MATH: 248197.30333333343
  CPU_FLOATINGPOINT_MATH: 130899.54298333719
  CPU_PRIME: 225.73179184686251
  CPU_SORTING: 142704.34192888948
  CPU_ENCRYPTION: 77626.787988717449
  CPU_COMPRESSION: 1057911.4388553011
  CPU_SINGLETHREAD: 1446.9241690368156
  CPU_PHYSICS: 5621.2975489654909
  CPU_MATRIX_MULT_SSE: 39558.10975872683
  CPU_mm: 7529.8028421647869
  CPU_sse: 30595.248607962956
  CPU_fma: 45034.729494019215
  CPU_avx: 43044.351174198273
  CPU_avx512: 0
  m_CPU_enc_SHA: 109659222054.8443
  m_CPU_enc_AES: 76163989877.92485
  m_CPU_enc_ECDSA: 58369548593.403046
  ME_ALLOC_S: 15575.261560519912
  ME_READ_S: 14929.4583984375
  ME_READ_L: 11716.1181640625
  ME_WRITE: 8092.27099609375
  ME_LARGE: 368327.5
  ME_LATENCY: 59.430364830692717
  ME_THREADED: 177555.92077636719
  SUMM_CPU: 47316.064771328485
  SUMM_ME: 2258.5661819347047
SystemInformation:
  OSName: Ubuntu 24.04.1 LTS
  Kernel: 6.8.0-1016-aws
  Device: ""
  Processor: AMD EPYC 7571
  NumSockets: 2
  Manufacturer: AuthenticAMD
  NumCores: 48
  NumLogicals: 96
  CPUFrequency: 0
  Memory: 380681
  MemModuleInfo:
    iNumMemSticks: 6
    DIMM 1:
      manufacturer: Not Specified
      modulePartNo: Not Specified
      memType: DDR4
      size: 64
      clkspeed: 1333
      moduleVoltage: 0
    DIMM 2:
      manufacturer: Not Specified
      modulePartNo: Not Specified
      memType: DDR4
      size: 64
      clkspeed: 1333
      moduleVoltage: 0
    DIMM 3:
      manufacturer: Not Specified
      modulePartNo: Not Specified
      memType: DDR4
      size: 64
      clkspeed: 1333
      moduleVoltage: 0
    DIMM 4:
      manufacturer: Not Specified
      modulePartNo: Not Specified
      memType: DDR4
      size: 64
      clkspeed: 1333
      moduleVoltage: 0
    DIMM 5:
      manufacturer: Not Specified
      modulePartNo: Not Specified
      memType: DDR4
      size: 64
      clkspeed: 1333
      moduleVoltage: 0
    DIMM 6:
      manufacturer: Not Specified
      modulePartNo: Not Specified
      memType: DDR4
      size: 64
      clkspeed: 1333
      moduleVoltage: 0
Checksum: 8F1DE43F66FACA1C108C9FDA1C785FBDD3A6324D