---
system-info:
      stress-ng-version: 0.17.08
      run-by: root
      date-yyyy-mm-dd: 2024:06:14
      time-hh-mm-ss: 12:37:28
      epoch-secs: 1718368648
      hostname: 78abb9785be8
      sysname: Linux
      nodename: 78abb9785be8
      release: 6.8.0-1008-aws
      version: '#8-Ubuntu SMP Sat Apr 20 00:46:25 UTC 2024'
      machine: x86_64
      compiler: 'musl-gcc 13.2.1'
      uptime: 132
      totalram: 33263857664
      freeram: 28846059520
      sharedram: 40820736
      bufferram: 106700800
      totalswap: 0
      freeswap: 0
      pagesize: 4096
      cpus: 8
      cpus-online: 8
      ticks-per-second: 100

metrics:
    - stressor: cpu
      bogo-ops: 143853
      bogo-ops-per-second-usr-sys-time: 901.054373
      bogo-ops-per-second-real-time: 7192.616485
      wall-clock-time: 20.000093
      user-time: 159.621641
      system-time: 0.027992
      cpu-usage-per-instance: 99.780556
      max-rss: 1104

...
