---
system-info:
      stress-ng-version: 0.17.08
      run-by: root
      date-yyyy-mm-dd: 2024:06:06
      time-hh-mm-ss: 20:55:26
      epoch-secs: 1717707326
      hostname: ed1883a827be
      sysname: Linux
      nodename: ed1883a827be
      release: 6.8.0-1008-aws
      version: '#8-Ubuntu SMP Sat Apr 20 00:46:25 UTC 2024'
      machine: x86_64
      compiler: 'musl-gcc 13.2.1'
      uptime: 109
      totalram: 33263853568
      freeram: 29013676032
      sharedram: 40820736
      bufferram: 86548480
      totalswap: 0
      freeswap: 0
      pagesize: 4096
      cpus: 8
      cpus-online: 8
      ticks-per-second: 100

metrics:
    - stressor: cpu
      bogo-ops: 87436
      bogo-ops-per-second-usr-sys-time: 1095.279578
      bogo-ops-per-second-real-time: 8742.355336
      wall-clock-time: 10.001424
      user-time: 79.814854
      system-time: 0.014992
      cpu-usage-per-instance: 99.773103
      max-rss: 4176

...
