BaselineInfo:
  WebDBID: -1
  TimeStamp: 20241107101727
Version:
  Major: 11
  Minor: 0
  Build: 1002
  SpecialBuildName: ""
  ptArchitecture: aarch64_linux
Results:
  Results Complete: true
  NumTestProcesses: 4
  CPU_INTEGER_MATH: 19042.436666666668
  CPU_FLOATINGPOINT_MATH: 18930.80199304421
  CPU_PRIME: 51.020763543637045
  CPU_SORTING: 15783.424303862726
  CPU_ENCRYPTION: 561.63183086180709
  CPU_COMPRESSION: 21238.907322949457
  CPU_SINGLETHREAD: 1565.2895956981884
  CPU_PHYSICS: 1117.5205124725599
  CPU_MATRIX_MULT_SSE: 3314.1985916189051
  CPU_mm: 432.35494633972149
  CPU_sse: 2785.2747789844643
  CPU_fma: 3843.1224042533463
  CPU_avx: 0
  CPU_avx512: 0
  m_CPU_enc_SHA: 878644507.69469595
  m_CPU_enc_AES: 325398365.22129381
  m_CPU_enc_ECDSA: 562698103.11726129
  ME_ALLOC_S: 4093.6041444484745
  ME_READ_S: 19687.284960937501
  ME_READ_L: 18938.27734375
  ME_WRITE: 19683.263671875
  ME_LARGE: 21601.083333333332
  ME_LATENCY: 50.833364042886309
  ME_THREADED: 74409.669921875
  SUMM_CPU: 3139.2957195652325
  SUMM_ME: 2801.8006261270684
SystemInformation:
  OSName: Ubuntu 24.04.1 LTS
  Kernel: 6.8.0-1016-aws
  Device: ""
  Processor: ARM Neoverse-V1 4 Core 0 MHz
  NumSockets: 1
  Manufacturer: ARM
  NumCores: 4
  NumLogicals: 4
  CPUFrequency: 0
  Memory: 31494
Checksum: A026E530F16AA7CB636C7178FEB634D620F1FB35