"size","threads","connections","rps","latency","failed","server_usr","server_sys","client_usr","client_sys"
"1k",8,8,700364,0.000011270,0,15.02,25.65,8.23,31.78
"1k",8,16,660041,0.000023220,0,13.70,26.68,7.03,32.17
"1k",8,32,711913,0.000042790,0,14.50,25.23,6.90,29.49
"1k",8,64,782940,0.000100490,0,15.09,25.70,7.13,30.05
"1k",8,128,821609,0.000320390,0,15.28,26.00,7.04,30.70
"1k",8,256,845302,0.000440630,0,15.07,26.44,6.86,30.63
"1k",16,16,643009,0.000025400,0,12.73,26.19,7.79,32.01
"1k",16,32,657763,0.000053410,0,11.79,26.66,7.48,33.36
"1k",16,64,711671,0.000166300,0,12.12,27.03,7.59,33.67
"1k",16,128,732005,0.000397380,0,12.45,26.41,7.68,33.42
"1k",16,256,753082,0.000573200,0,12.68,26.67,7.68,33.67
"1k",32,32,649129,0.000053890,0,11.50,26.65,7.88,34.14
"1k",32,64,650431,0.000176820,0,10.73,26.96,7.81,34.60
"1k",32,128,660439,0.000381950,0,10.68,26.97,7.93,34.86
"1k",32,256,673187,0.000554080,0,10.92,26.90,7.84,35.05
"16k",8,8,516272,0.000015790,0,13.61,24.37,7.16,31.12
"16k",8,16,510891,0.000029280,0,12.43,23.76,6.23,30.30
"16k",8,32,556080,0.000055350,0,13.54,24.13,6.75,30.40
"16k",8,64,606720,0.000113080,0,14.04,25.18,7.08,31.49
"16k",8,128,627079,0.000413330,0,13.81,25.70,6.98,31.76
"16k",8,256,622437,0.000544900,0,14.33,25.79,6.57,32.15
"16k",16,16,542194,0.000030650,0,12.24,25.16,7.88,33.61
"16k",16,32,535068,0.000064510,0,11.53,25.85,7.46,34.10
"16k",16,64,563003,0.000167220,0,11.38,26.51,7.64,34.89
"16k",16,128,573125,0.000444730,0,11.99,26.27,7.26,34.50
"16k",16,256,577985,0.000755070,0,12.71,26.36,7.18,34.25
"16k",32,32,522673,0.000109480,0,11.12,25.22,7.91,34.50
"16k",32,64,526822,0.000226190,0,10.65,26.17,8.01,35.11
"16k",32,128,535578,0.000463970,0,10.84,26.50,7.92,35.15
"16k",32,256,541375,0.000714480,0,11.18,26.38,7.67,35.32
"64k",8,8,280302,0.000028440,0,11.39,25.17,5.65,32.39
"64k",8,16,301482,0.000046670,0,11.71,26.26,5.95,33.64
"64k",8,32,301436,0.000097440,0,11.48,25.32,5.58,33.49
"64k",8,64,322417,0.000187130,0,11.85,26.37,5.98,34.48
"64k",8,128,328318,0.000405200,0,12.05,26.76,5.64,35.01
"64k",8,256,291465,0.000860000,0,12.78,27.12,4.93,34.38
"64k",16,16,304471,0.000053430,0,11.31,26.64,6.60,35.93
"64k",16,32,300952,0.000105580,0,10.23,27.06,6.54,36.69
"64k",16,64,310641,0.000232290,0,10.40,26.95,6.31,37.03
"64k",16,128,313361,0.000577530,0,10.85,26.94,6.30,36.63
"64k",16,256,289420,0.001060000,0,11.55,27.40,5.94,35.81
"64k",32,32,292135,0.000116070,0,9.85,26.50,6.85,36.78
"64k",32,64,296737,0.000286970,0,9.60,26.96,6.79,37.20
"64k",32,128,293773,0.000628470,0,9.26,27.28,6.91,37.25
"64k",32,256,281039,0.001120000,0,10.59,27.19,6.37,36.44
"256k",8,8,103725,0.000077140,0,11.13,25.81,4.95,31.58
"256k",8,16,116755,0.000119520,0,12.35,27.49,5.55,34.78
"256k",8,32,116875,0.000253370,0,11.37,28.09,5.23,32.56
"256k",8,64,105553,0.000558440,0,12.48,29.23,4.77,32.78
"256k",8,128,76097,0.001650000,0,16.80,28.55,3.92,30.92
"256k",16,16,116390,0.000149450,0,11.60,27.76,5.60,35.30
"256k",16,32,115822,0.000284760,0,10.76,28.60,5.74,35.36
"256k",16,64,108993,0.000722740,0,11.17,28.92,5.39,34.29
"256k",16,128,83764,0.001620000,0,15.54,28.74,4.46,31.41
"256k",32,32,114078,0.000378920,0,10.36,28.45,5.93,35.60
"256k",32,64,107442,0.000710300,0,10.10,29.36,5.62,35.51
"256k",32,128,86885,0.001550000,0,14.40,29.34,4.70,31.74
"512k",8,8,56061,0.002270000,0,9.78,22.45,4.55,34.86
"512k",8,16,58785,0.000630840,0,10.45,23.47,4.65,36.61
"512k",8,32,55149,0.000528950,0,11.95,29.77,4.12,31.98
"512k",8,64,37227,0.001660000,0,17.83,29.36,3.48,29.45
"512k",8,128,26760,0.004570000,0,22.97,31.06,2.67,23.79
"512k",16,16,62300,0.000520550,0,10.51,24.97,5.46,39.29
"512k",16,32,57325,0.000584720,0,11.00,29.80,4.91,34.19
"512k",16,64,40603,0.001670000,0,16.96,29.65,3.81,29.65
"512k",16,128,27805,0.004550000,0,22.35,30.60,3.01,24.19
"512k",32,32,55681,0.000675510,0,10.40,30.30,5.42,34.43
"512k",32,64,40990,0.001610000,0,17.03,29.88,4.17,29.23
"512k",32,128,28605,0.004440000,0,22.76,29.71,3.22,24.99
