---
system-info:
      stress-ng-version: 0.17.08
      run-by: root
      date-yyyy-mm-dd: 2024:06:15
      time-hh-mm-ss: 08:44:12
      epoch-secs: 1718441052
      hostname: 6307861fcf65
      sysname: Linux
      nodename: 6307861fcf65
      release: 6.8.0-1008-aws
      version: '#8-Ubuntu SMP Sat Apr 20 00:46:25 UTC 2024'
      machine: x86_64
      compiler: 'musl-gcc 13.2.1'
      uptime: 144
      totalram: 1065117093888
      freeram: 1059103408128
      sharedram: 117612544
      bufferram: 108064768
      totalswap: 0
      freeswap: 0
      pagesize: 4096
      cpus: 128
      cpus-online: 128
      ticks-per-second: 100

metrics:
    - stressor: cpu
      bogo-ops: 2469920
      bogo-ops-per-second-usr-sys-time: 965.237104
      bogo-ops-per-second-real-time: 123495.496353
      wall-clock-time: 20.000082
      user-time: 2558.811903
      system-time: 0.061964
      cpu-usage-per-instance: 99.955603
      max-rss: 0

...
