---
system-info:
      stress-ng-version: 0.17.08
      run-by: root
      date-yyyy-mm-dd: 2024:06:08
      time-hh-mm-ss: 07:20:02
      epoch-secs: 1717831202
      hostname: 980c215cae3e
      sysname: Linux
      nodename: 980c215cae3e
      release: 6.8.0-1008-aws
      version: '#8-Ubuntu SMP Sat Apr 20 00:46:25 UTC 2024'
      machine: x86_64
      compiler: 'musl-gcc 13.2.1'
      uptime: 130
      totalram: 1065117097984
      freeram: 1058921197568
      sharedram: 117612544
      bufferram: 99520512
      totalswap: 0
      freeswap: 0
      pagesize: 4096
      cpus: 128
      cpus-online: 128
      ticks-per-second: 100

metrics:
    - stressor: cpu
      bogo-ops: 1541771
      bogo-ops-per-second-usr-sys-time: 1205.292168
      bogo-ops-per-second-real-time: 154153.295650
      wall-clock-time: 10.001544
      user-time: 1279.022923
      system-time: 0.144934
      cpu-usage-per-instance: 99.919559
      max-rss: 3072

...
