BaselineInfo:
  WebDBID: -1
  TimeStamp: 20260616152932
Version:
  Major: 11
  Minor: 0
  Build: 1004
  SpecialBuildName: ""
  ptArchitecture: x86_64_linux
Results:
  Results Complete: true
  NumTestProcesses: 2
  CPU_INTEGER_MATH: 8313.1769999999997
  CPU_FLOATINGPOINT_MATH: 4260.3370292778418
  CPU_PRIME: 18.582416019524437
  CPU_SORTING: 4382.6749155004727
  CPU_ENCRYPTION: 1048.8368063222447
  CPU_COMPRESSION: 31951.35377343007
  CPU_SINGLETHREAD: 2287.4319107762963
  CPU_PHYSICS: 369.24181990916605
  CPU_MATRIX_MULT_SSE: 1632.3008301429886
  CPU_mm: 179.59547877161896
  CPU_sse: 781.88326522666387
  CPU_fma: 2166.7477619556967
  CPU_avx: 1601.2037658324716
  CPU_avx512: 1979.3685275571229
  m_CPU_enc_SHA: 298564957.89767736
  m_CPU_enc_AES: 2731917389.9333501
  m_CPU_enc_ECDSA: 268872961.24743462
  ME_ALLOC_S: 1019.7494450852045
  ME_READ_S: 23802.423046874999
  ME_READ_L: 12441.1298828125
  ME_WRITE: 11282.8330078125
  ME_LARGE: 702
  ME_LATENCY: 52.59445488098266
  ME_THREADED: 16445.3330078125
  SUMM_CPU: 2716.2771907282345
  SUMM_ME: 1077.5930404016945
SystemInformation:
  OSName: Ubuntu 24.04.4 LTS
  Kernel: 6.8.0-117-generic
  Device: ""
  Processor: Intel(R) Xeon(R) Platinum
  NumSockets: 1
  Manufacturer: GenuineIntel
  NumCores: 1
  NumLogicals: 2
  CPUFrequency: 0
  CPUMaxFrequency: 0
  Memory: 1612
  CPUInfo:
    number: 1
    Family: 6
    Model: 5
    stepping: 4
    features: 529267711
    manufacture: GenuineIntel
    typestring: Intel(R) Xeon(R) Platinum
    iCoresPerPackage: 1
    iThreadsPerPackage: 2
    featuresEx:
      - 529267711
      - 4294586883
      - 739248128
    bHybrid: false
    nPCore: 0
    nLogicalsPerPCore: 0
    nECore: 0
    nLogicalsPerECore: 0
  MemModuleInfo:
    iNumMemSticks: 1
    DIMM 1:
      manufacturer: Alibaba Cloud
      modulePartNo: Not Specified
      memType: RAM
      size: 2
      clkspeed: 0
      moduleVoltage: 0
Checksum: 1F0A7859A26A863D336A74F99232C2B08128084D