BaselineInfo:
  WebDBID: -1
  TimeStamp: 20260403222855
Version:
  Major: 11
  Minor: 0
  Build: 1004
  SpecialBuildName: ""
  ptArchitecture: x86_64_linux
Results:
  Results Complete: true
  NumTestProcesses: 2
  CPU_INTEGER_MATH: 8380.0826666666671
  CPU_FLOATINGPOINT_MATH: 4292.8856589589705
  CPU_PRIME: 18.162002536929709
  CPU_SORTING: 4473.7538021520641
  CPU_ENCRYPTION: 1813.564319227683
  CPU_COMPRESSION: 32447.26910031544
  CPU_SINGLETHREAD: 2317.043229649666
  CPU_PHYSICS: 367.33103481625483
  CPU_MATRIX_MULT_SSE: 1655.888342121661
  CPU_mm: 180.89348044435764
  CPU_sse: 788.91260289635602
  CPU_fma: 2180.6642126108168
  CPU_avx: 1615.8413246359594
  CPU_avx512: 2038.1352283435131
  m_CPU_enc_SHA: 1839898729.3650155
  m_CPU_enc_AES: 2745888901.8296366
  m_CPU_enc_ECDSA: 1119192427.6008086
  ME_ALLOC_S: 1023.1483914868851
  ME_READ_S: 24018.537890625001
  ME_READ_L: 10850.88671875
  ME_WRITE: 9995.08203125
  ME_LARGE: 1117
  ME_LATENCY: 62.807345087408386
  ME_THREADED: 15104.3369140625
  SUMM_CPU: 2992.5767449855921
  SUMM_ME: 1237.0684885174803
SystemInformation:
  OSName: Ubuntu 24.04.4 LTS
  Kernel: 6.8.0-106-generic
  Device: ""
  Processor: Intel(R) Xeon(R) Platinum 8369B CPU @ 2.70GHz
  NumSockets: 1
  Manufacturer: GenuineIntel
  NumCores: 1
  NumLogicals: 2
  CPUFrequency: 0
  CPUMaxFrequency: 0
  Memory: 7271
  CPUInfo:
    number: 1
    Family: 6
    Model: 10
    stepping: 6
    features: 529267711
    manufacture: GenuineIntel
    typestring: Intel(R) Xeon(R) Platinum 8369B CPU @ 2.70GHz
    iCoresPerPackage: 1
    iThreadsPerPackage: 2
    featuresEx:
      - 529267711
      - 4277809667
      - 739248128
    bHybrid: false
    nPCore: 0
    nLogicalsPerPCore: 0
    nECore: 0
    nLogicalsPerECore: 0
  MemModuleInfo:
    iNumMemSticks: 1
    DIMM 1:
      manufacturer: Alibaba Cloud
      modulePartNo: Not Specified
      memType: RAM
      size: 8
      clkspeed: 0
      moduleVoltage: 0
Checksum: 211945C6075F4859F7B1DCA69C9CCDB047407466