size_kb,operation,bandwidth_mb_s,latency_ns,latency_stddev_ns,latency_samples,threads,iterations,elapsed_s
32,read,200566.42,0,0,0,4,518672,0.323255
32,write,123079.83,0,0,0,4,495049,0.502772
32,copy,105417.75,0,0,0,4,401929,0.476591
32,latency,0,1.26,0.03,7,1,7,0.185297
128,read,198850.02,0,0,0,4,165782,0.416852
128,write,122132.08,0,0,0,4,122729,0.502444
128,copy,106209.99,0,0,0,4,100725,0.474179
128,latency,0,3.45,0.03,7,1,7,0.691666
1024,read,139772.39,0,0,0,4,21118,0.604354
1024,write,103258.27,0,0,0,4,14709,0.569795
1024,copy,35313.63,0,0,0,4,6645,0.752684
1024,latency,0,6.36,0.04,7,1,7,0.783123
2048,read,72906.45,0,0,0,4,6501,0.713353
2048,write,67363.75,0,0,0,4,5484,0.651270
2048,copy,34278.27,0,0,0,4,2326,0.542851
2048,latency,0,9.59,0.06,7,1,7,0.668904
4096,read,71868.09,0,0,0,4,2302,0.512495
4096,write,66107.82,0,0,0,4,2169,0.524961
4096,copy,34367.35,0,0,0,4,625,0.290974
4096,latency,0,17.56,0.04,7,1,7,0.696658
65536,read,41423.48,0,0,0,4,45,0.278103
65536,write,25050.05,0,0,0,4,102,1.042393
65536,copy,15295.33,0,0,0,4,25,0.418428
65536,latency,0,25.65,0.30,7,1,7,1.195801
131072,read,29733.85,0,0,0,4,22,0.378828
131072,write,20583.45,0,0,0,4,15,0.373115
131072,copy,14300.23,0,0,0,4,12,0.429643
131072,latency,0,52.84,4.70,21,1,21,10.850241
262144,read,28380.50,0,0,0,4,11,0.396892
262144,write,19483.42,0,0,0,4,7,0.367903
262144,copy,7356.94,0,0,0,2,6,0.417565
262144,latency,0,88.98,1.14,7,1,7,15.423875
524288,read,22098.92,0,0,0,2,5,0.231686
524288,write,14412.35,0,0,0,2,3,0.213150
524288,copy,6085.89,0,0,0,1,3,0.252387
524288,latency,0,102.48,1.05,7,1,7,35.729098
