---
system-info:
      stress-ng-version: 0.17.08
      run-by: root
      date-yyyy-mm-dd: 2024:06:13
      time-hh-mm-ss: 20:41:26
      epoch-secs: 1718311286
      hostname: 2450aadcccb5
      sysname: Linux
      nodename: 2450aadcccb5
      release: 6.8.0-1008-aws
      version: '#8-Ubuntu SMP Sat Apr 20 00:46:25 UTC 2024'
      machine: x86_64
      compiler: 'musl-gcc 13.2.1'
      uptime: 130
      totalram: 16469917696
      freeram: 12188135424
      sharedram: 59854848
      bufferram: 105582592
      totalswap: 0
      freeswap: 0
      pagesize: 4096
      cpus: 2
      cpus-online: 2
      ticks-per-second: 100

metrics:
    - stressor: cpu
      bogo-ops: 38396
      bogo-ops-per-second-usr-sys-time: 967.759172
      bogo-ops-per-second-real-time: 1919.791258
      wall-clock-time: 20.000091
      user-time: 39.665198
      system-time: 0.009962
      cpu-usage-per-instance: 99.187448
      max-rss: 1104

...
