---
system-info:
      stress-ng-version: 0.17.08
      run-by: root
      date-yyyy-mm-dd: 2024:06:08
      time-hh-mm-ss: 07:40:42
      epoch-secs: 1717832442
      hostname: d01c4a706ab6
      sysname: Linux
      nodename: d01c4a706ab6
      release: 6.8.0-1008-aws
      version: '#8-Ubuntu SMP Sat Apr 20 00:46:25 UTC 2024'
      machine: x86_64
      compiler: 'musl-gcc 13.2.1'
      uptime: 117
      totalram: 16469917696
      freeram: 12176281600
      sharedram: 59854848
      bufferram: 97652736
      totalswap: 0
      freeswap: 0
      pagesize: 4096
      cpus: 2
      cpus-online: 2
      ticks-per-second: 100

metrics:
    - stressor: cpu
      bogo-ops: 24159
      bogo-ops-per-second-usr-sys-time: 1220.588399
      bogo-ops-per-second-real-time: 2415.428669
      wall-clock-time: 10.001951
      user-time: 19.784933
      system-time: 0.007980
      cpu-usage-per-instance: 98.945257
      max-rss: 4048

...
