BaselineInfo:
  WebDBID: -1
  TimeStamp: 20250828234713
Version:
  Major: 11
  Minor: 0
  Build: 1002
  SpecialBuildName: ""
  ptArchitecture: x86_64_linux
Results:
  Results Complete: true
  NumTestProcesses: 192
  CPU_INTEGER_MATH: 987503.64199999964
  CPU_FLOATINGPOINT_MATH: 716623.11621225311
  CPU_PRIME: 1609.1506392242236
  CPU_SORTING: 449787.51947977475
  CPU_ENCRYPTION: 206964.93104243281
  CPU_COMPRESSION: 3529816.4365862287
  CPU_SINGLETHREAD: 3257.4519393751789
  CPU_PHYSICS: 27416.66857880474
  CPU_MATRIX_MULT_SSE: 241168.19711714395
  CPU_mm: 27241.06786788454
  CPU_sse: 111113.98242747613
  CPU_fma: 281040.20527061989
  CPU_avx: 226026.35410592295
  CPU_avx512: 346492.24666455633
  m_CPU_enc_SHA: 226041874907.11365
  m_CPU_enc_AES: 282896939797.74634
  m_CPU_enc_ECDSA: 142116563893.39066
  ME_ALLOC_S: 36078.132901569319
  ME_READ_S: 27895.99609375
  ME_READ_L: 16881.052734375
  ME_WRITE: 11785.8828125
  ME_LARGE: 747013.25
  ME_LATENCY: 65.127392894505689
  ME_THREADED: 746489.47668457031
  SUMM_CPU: 143658.76718780291
  SUMM_ME: 2827.6427209022991
SystemInformation:
  OSName: Ubuntu 24.04.2 LTS
  Kernel: 6.14.0-1011-aws
  Device: ""
  Processor: Intel Xeon 6975P-C
  NumSockets: 1
  Manufacturer: GenuineIntel
  NumCores: 96
  NumLogicals: 192
  CPUFrequency: 0
  Memory: 761766
  MemModuleInfo:
    iNumMemSticks: 3
    DIMM 1:
      manufacturer: Not Specified
      modulePartNo: Not Specified
      memType: DDR5
      size: 256
      clkspeed: 3600
      moduleVoltage: 0
    DIMM 2:
      manufacturer: Not Specified
      modulePartNo: Not Specified
      memType: DDR5
      size: 256
      clkspeed: 3600
      moduleVoltage: 0
    DIMM 3:
      manufacturer: Not Specified
      modulePartNo: Not Specified
      memType: DDR5
      size: 256
      clkspeed: 3600
      moduleVoltage: 0
Checksum: 39A37D355B76FAB56D43640D41A7272DE96D0AEE