BaselineInfo:
  WebDBID: -1
  TimeStamp: 20241109053706
Version:
  Major: 11
  Minor: 0
  Build: 1002
  SpecialBuildName: ""
  ptArchitecture: x86_64_linux
Results:
  Results Complete: true
  NumTestProcesses: 48
  CPU_INTEGER_MATH: 229203.62000000002
  CPU_FLOATINGPOINT_MATH: 163091.62223824472
  CPU_PRIME: 364.8449607282277
  CPU_SORTING: 110512.15876783406
  CPU_ENCRYPTION: 50522.054547554755
  CPU_COMPRESSION: 818538.45886325045
  CPU_SINGLETHREAD: 3053.2661573491155
  CPU_PHYSICS: 7115.5595185914335
  CPU_MATRIX_MULT_SSE: 59981.525032470447
  CPU_mm: 6297.6627778961883
  CPU_sse: 27158.97158440463
  CPU_fma: 69889.412688366385
  CPU_avx: 53907.394154167421
  CPU_avx512: 88970.321702943329
  m_CPU_enc_SHA: 53388282349.647362
  m_CPU_enc_AES: 69341002443.644852
  m_CPU_enc_ECDSA: 36199356814.478111
  ME_ALLOC_S: 22433.657288384176
  ME_READ_S: 24986.695214843749
  ME_READ_L: 8130.3408203125
  ME_WRITE: 12102.037109375
  ME_LARGE: 83611
  ME_LATENCY: 77.216988779119916
  ME_THREADED: 204581.2451171875
  SUMM_CPU: 62316.097348516538
  SUMM_ME: 2186.6265687403679
SystemInformation:
  OSName: Ubuntu 24.04.1 LTS
  Kernel: 6.8.0-1016-aws
  Device: ""
  Processor: Intel Xeon Platinum 8488C
  NumSockets: 1
  Manufacturer: GenuineIntel
  NumCores: 24
  NumLogicals: 48
  CPUFrequency: 0
  Memory: 94996
  MemModuleInfo:
    iNumMemSticks: 1
    DIMM 1:
      manufacturer: Not Specified
      modulePartNo: Not Specified
      memType: DDR5
      size: 96
      clkspeed: 2400
      moduleVoltage: 0
Checksum: 23586D4B3C8BCA8C85986A9C1B37A1817D8A9841