---
system-info:
      stress-ng-version: 0.17.08
      run-by: root
      date-yyyy-mm-dd: 2024:06:15
      time-hh-mm-ss: 06:26:42
      epoch-secs: 1718432802
      hostname: 1b109c65fda1
      sysname: Linux
      nodename: 1b109c65fda1
      release: 6.8.0-1008-aws
      version: '#8-Ubuntu SMP Sat Apr 20 02:43:14 UTC 2024'
      machine: aarch64
      compiler: 'musl-gcc 13.2.1'
      uptime: 129
      totalram: 66199494656
      freeram: 61804044288
      sharedram: 35033088
      bufferram: 107462656
      totalswap: 0
      freeswap: 0
      pagesize: 4096
      cpus: 16
      cpus-online: 16
      ticks-per-second: 100

metrics:
    - stressor: cpu
      bogo-ops: 490016
      bogo-ops-per-second-usr-sys-time: 1532.739602
      bogo-ops-per-second-real-time: 24500.708618
      wall-clock-time: 20.000075
      user-time: 319.691451
      system-time: 0.007994
      cpu-usage-per-instance: 99.905704
      max-rss: 1192

...
