---
system-info:
      stress-ng-version: 0.17.08
      run-by: root
      date-yyyy-mm-dd: 2024:06:08
      time-hh-mm-ss: 21:41:23
      epoch-secs: 1717882883
      hostname: 83930ace6333
      sysname: Linux
      nodename: 83930ace6333
      release: 6.8.0-1008-aws
      version: '#8-Ubuntu SMP Sat Apr 20 02:43:14 UTC 2024'
      machine: aarch64
      compiler: 'musl-gcc 13.2.1'
      uptime: 115
      totalram: 66199494656
      freeram: 61643866112
      sharedram: 35033088
      bufferram: 105168896
      totalswap: 0
      freeswap: 0
      pagesize: 4096
      cpus: 16
      cpus-online: 16
      ticks-per-second: 100

metrics:
    - stressor: cpu
      bogo-ops: 68207
      bogo-ops-per-second-usr-sys-time: 424.733026
      bogo-ops-per-second-real-time: 6787.396450
      wall-clock-time: 10.049067
      user-time: 160.567949
      system-time: 0.019987
      cpu-usage-per-instance: 99.877394
      max-rss: 4136

...
