BaselineInfo:
  WebDBID: -1
  TimeStamp: 20260404084709
Version:
  Major: 11
  Minor: 0
  Build: 1004
  SpecialBuildName: ""
  ptArchitecture: x86_64_linux
Results:
  Results Complete: true
  NumTestProcesses: 2
  CPU_INTEGER_MATH: 6893.2006666666675
  CPU_FLOATINGPOINT_MATH: 5909.0289771387816
  CPU_PRIME: 21.970732928188145
  CPU_SORTING: 4640.1345820892202
  CPU_ENCRYPTION: 641.8159559775404
  CPU_COMPRESSION: 34108.787716674895
  CPU_SINGLETHREAD: 1867.0466236009354
  CPU_PHYSICS: 353.44052525461882
  CPU_MATRIX_MULT_SSE: 1978.5322523750056
  CPU_mm: 304.0811311214552
  CPU_sse: 1256.0483085093697
  CPU_fma: 2785.6748509997269
  CPU_avx: 1893.873597615921
  CPU_avx512: 0
  m_CPU_enc_SHA: 459565629.9602443
  m_CPU_enc_AES: 1159610320.2517235
  m_CPU_enc_ECDSA: 399802473.35334826
  ME_ALLOC_S: 558.23512200002631
  ME_READ_S: 21029.646484375
  ME_READ_L: 6642.0087890625
  ME_WRITE: 5735.14013671875
  ME_LARGE: 3010.3333333333335
  ME_LATENCY: 75.344478474413151
  ME_THREADED: 11895.48681640625
  SUMM_CPU: 2538.3482215501058
  SUMM_ME: 1208.1333898879598
SystemInformation:
  OSName: Ubuntu 24.04.4 LTS
  Kernel: 6.8.0-106-generic
  Device: ""
  Processor: Intel(R) Xeon(R) CPU E5-2682 v4 @ 2.50GHz
  NumSockets: 1
  Manufacturer: GenuineIntel
  NumCores: 1
  NumLogicals: 2
  CPUFrequency: 0
  CPUMaxFrequency: 0
  Memory: 15609
  CPUInfo:
    number: 1
    Family: 6
    Model: 15
    stepping: 1
    features: 529267711
    manufacture: GenuineIntel
    typestring: Intel(R) Xeon(R) CPU E5-2682 v4 @ 2.50GHz
    iCoresPerPackage: 1
    iThreadsPerPackage: 2
    featuresEx:
      - 529267711
      - 4294586883
      - 739248128
    bHybrid: false
    nPCore: 0
    nLogicalsPerPCore: 0
    nECore: 0
    nLogicalsPerECore: 0
  MemModuleInfo:
    iNumMemSticks: 1
    DIMM 1:
      manufacturer: Alibaba Cloud
      modulePartNo: Not Specified
      memType: RAM
      size: 16
      clkspeed: 0
      moduleVoltage: 0
Checksum: E3F112CC9BFF84DEA3F31D16EF81229118A4BB2D