---
system-info:
      stress-ng-version: 0.17.08
      run-by: root
      date-yyyy-mm-dd: 2024:06:05
      time-hh-mm-ss: 14:15:16
      epoch-secs: 1717596916
      hostname: beb25b8b477e
      sysname: Linux
      nodename: beb25b8b477e
      release: 6.8.0-1008-aws
      version: '#8-Ubuntu SMP Sat Apr 20 00:46:25 UTC 2024'
      machine: x86_64
      compiler: 'musl-gcc 13.2.1'
      uptime: 128
      totalram: 7795376128
      freeram: 3732021248
      sharedram: 27549696
      bufferram: 77332480
      totalswap: 0
      freeswap: 0
      pagesize: 4096
      cpus: 4
      cpus-online: 4
      ticks-per-second: 100

metrics:
    - stressor: cpu
      bogo-ops: 45784
      bogo-ops-per-second-usr-sys-time: 1151.715007
      bogo-ops-per-second-real-time: 4577.762472
      wall-clock-time: 10.001393
      user-time: 39.745797
      system-time: 0.007093
      cpu-usage-per-instance: 99.368386
      max-rss: 3792

...
