---
system-info:
      stress-ng-version: 0.17.08
      run-by: root
      date-yyyy-mm-dd: 2024:06:14
      time-hh-mm-ss: 03:22:21
      epoch-secs: 1718335341
      hostname: f8e414794f64
      sysname: Linux
      nodename: f8e414794f64
      release: 6.8.0-1008-aws
      version: '#8-Ubuntu SMP Sat Apr 20 00:46:25 UTC 2024'
      machine: x86_64
      compiler: 'musl-gcc 13.2.1'
      uptime: 139
      totalram: 7795376128
      freeram: 3462234112
      sharedram: 27541504
      bufferram: 107241472
      totalswap: 0
      freeswap: 0
      pagesize: 4096
      cpus: 4
      cpus-online: 4
      ticks-per-second: 100

metrics:
    - stressor: cpu
      bogo-ops: 75982
      bogo-ops-per-second-usr-sys-time: 955.392217
      bogo-ops-per-second-real-time: 3799.035340
      wall-clock-time: 20.000340
      user-time: 79.522537
      system-time: 0.007104
      cpu-usage-per-instance: 99.410359
      max-rss: 1104

...
