---
system-info:
      stress-ng-version: 0.17.08
      run-by: root
      date-yyyy-mm-dd: 2024:06:13
      time-hh-mm-ss: 01:20:31
      epoch-secs: 1718241631
      hostname: f0a89f0b5c5f
      sysname: Linux
      nodename: f0a89f0b5c5f
      release: 6.8.0-1008-aws
      version: '#8-Ubuntu SMP Sat Apr 20 00:46:25 UTC 2024'
      machine: x86_64
      compiler: 'musl-gcc 13.2.1'
      uptime: 163
      totalram: 270244036608
      freeram: 263286804480
      sharedram: 116629504
      bufferram: 112152576
      totalswap: 0
      freeswap: 0
      pagesize: 4096
      cpus: 128
      cpus-online: 128
      ticks-per-second: 100

metrics:
    - stressor: cpu
      bogo-ops: 38192
      bogo-ops-per-second-usr-sys-time: 1909.621388
      bogo-ops-per-second-real-time: 1909.593285
      wall-clock-time: 20.000070
      user-time: 19.999776
      system-time: 0.000000
      cpu-usage-per-instance: 99.998528
      max-rss: 0

...
