---
system-info:
      stress-ng-version: 0.17.08
      run-by: root
      date-yyyy-mm-dd: 2024:06:06
      time-hh-mm-ss: 11:41:03
      epoch-secs: 1717674063
      hostname: 3d1f4208fe73
      sysname: Linux
      nodename: 3d1f4208fe73
      release: 6.8.0-1008-aws
      version: '#8-Ubuntu SMP Sat Apr 20 00:46:25 UTC 2024'
      machine: x86_64
      compiler: 'musl-gcc 13.2.1'
      uptime: 115
      totalram: 270244052992
      freeram: 263546925056
      sharedram: 116629504
      bufferram: 83394560
      totalswap: 0
      freeswap: 0
      pagesize: 4096
      cpus: 128
      cpus-online: 128
      ticks-per-second: 100

metrics:
    - stressor: cpu
      bogo-ops: 16950
      bogo-ops-per-second-usr-sys-time: 1694.552638
      bogo-ops-per-second-real-time: 1694.548153
      wall-clock-time: 10.002666
      user-time: 10.001641
      system-time: 0.000999
      cpu-usage-per-instance: 99.999735
      max-rss: 3072

...
