BaselineInfo:
  WebDBID: -1
  TimeStamp: 20260206224756
Version:
  Major: 11
  Minor: 0
  Build: 1004
  SpecialBuildName: ""
  ptArchitecture: x86_64_linux
Results:
  Results Complete: true
  NumTestProcesses: 192
  CPU_INTEGER_MATH: 989433.99000000011
  CPU_FLOATINGPOINT_MATH: 716526.35553165304
  CPU_PRIME: 1613.4956737608036
  CPU_SORTING: 456685.48666456528
  CPU_ENCRYPTION: 209349.6773559846
  CPU_COMPRESSION: 3572546.4632893992
  CPU_SINGLETHREAD: 3268.8018219484338
  CPU_PHYSICS: 28013.242111155767
  CPU_MATRIX_MULT_SSE: 241253.99831699266
  CPU_mm: 27406.456410386389
  CPU_sse: 111349.22694627791
  CPU_fma: 281090.56169957056
  CPU_avx: 224884.01314803696
  CPU_avx512: 347692.19147408556
  m_CPU_enc_SHA: 228662218018.68539
  m_CPU_enc_AES: 285662703932.45081
  m_CPU_enc_ECDSA: 144232219898.55093
  ME_ALLOC_S: 36406.454890965579
  ME_READ_S: 27909.9892578125
  ME_READ_L: 17926.8984375
  ME_WRITE: 11790.318359375
  ME_LARGE: 363924.58333333331
  ME_LATENCY: 64.871680462889444
  ME_THREADED: 704636.82641601562
  SUMM_CPU: 144393.76125111949
  SUMM_ME: 2853.059562920575
SystemInformation:
  OSName: Ubuntu 24.04.3 LTS
  Kernel: 6.14.0-1018-aws
  Device: ""
  Processor: Intel(R) Xeon(R) 6975P-C
  NumSockets: 1
  Manufacturer: GenuineIntel
  NumCores: 96
  NumLogicals: 192
  CPUFrequency: 0
  CPUMaxFrequency: 0
  Memory: 380743
  CPUInfo:
    number: 1
    Family: 6
    Model: 13
    stepping: 1
    features: 529267711
    manufacture: GenuineIntel
    typestring: Intel(R) Xeon(R) 6975P-C
    iCoresPerPackage: 96
    iThreadsPerPackage: 2
    featuresEx:
      - 529267711
      - 4294619651
      - 739248128
    bHybrid: false
    nPCore: 0
    nLogicalsPerPCore: 0
    nECore: 0
    nLogicalsPerECore: 0
  MemModuleInfo:
    iNumMemSticks: 3
    DIMM 1:
      manufacturer: Not Specified
      modulePartNo: Not Specified
      memType: DDR5
      size: 128
      clkspeed: 3600
      moduleVoltage: 0
    DIMM 2:
      manufacturer: Not Specified
      modulePartNo: Not Specified
      memType: DDR5
      size: 128
      clkspeed: 3600
      moduleVoltage: 0
    DIMM 3:
      manufacturer: Not Specified
      modulePartNo: Not Specified
      memType: DDR5
      size: 128
      clkspeed: 3600
      moduleVoltage: 0
Checksum: E3460825D59B6F1B86683D2BCBAB4E9A6702E5B3