BaselineInfo:
  WebDBID: -1
  TimeStamp: 20250418062918
Version:
  Major: 11
  Minor: 0
  Build: 1002
  SpecialBuildName: ""
  ptArchitecture: x86_64_linux
Results:
  Results Complete: true
  NumTestProcesses: 64
  CPU_INTEGER_MATH: 289213.26966666657
  CPU_FLOATINGPOINT_MATH: 205185.34967540682
  CPU_PRIME: 597.08949165188653
  CPU_SORTING: 141006.75282907803
  CPU_ENCRYPTION: 63857.950894487381
  CPU_COMPRESSION: 1032726.5951629078
  CPU_SINGLETHREAD: 2919.9819247819228
  CPU_PHYSICS: 10712.014720620278
  CPU_MATRIX_MULT_SSE: 81226.9410979206
  CPU_mm: 8066.0050116056391
  CPU_sse: 34788.569179360231
  CPU_fma: 91272.599483507991
  CPU_avx: 70820.401327814645
  CPU_avx512: 128026.19440099952
  m_CPU_enc_SHA: 67367374412.328606
  m_CPU_enc_AES: 87515588347.309967
  m_CPU_enc_ECDSA: 45996781391.775414
  ME_ALLOC_S: 32965.927451436684
  ME_READ_S: 26012.8740234375
  ME_READ_L: 10791.265625
  ME_WRITE: 9881.2197265625
  ME_LARGE: 246710.66666666666
  ME_LATENCY: 57.847847162124161
  ME_THREADED: 307259.6240234375
  SUMM_CPU: 73628.053736523158
  SUMM_ME: 2657.7102638138822
SystemInformation:
  OSName: Ubuntu 24.04.2 LTS
  Kernel: 6.8.0-1021-azure
  Device: ""
  Processor: INTEL XEON PLATINUM 8573C
  NumSockets: 1
  Manufacturer: GenuineIntel
  NumCores: 32
  NumLogicals: 64
  CPUFrequency: 2300
  Memory: 257717
  MemModuleInfo:
    iNumMemSticks: 3
    DIMM 1:
      manufacturer: Microsoft Corporation
      modulePartNo: None
      memType: Unknown
      size: 1
      clkspeed: 0
      moduleVoltage: 0
    DIMM 2:
      manufacturer: Microsoft Corporation
      modulePartNo: None
      memType: Unknown
      size: 59
      clkspeed: 0
      moduleVoltage: 0
    DIMM 3:
      manufacturer: Microsoft Corporation
      modulePartNo: None
      memType: Unknown
      size: 196
      clkspeed: 0
      moduleVoltage: 0
Checksum: A8007B7ADBCD8FCA86CCADE4E01CE38A49FB6330