---
system-info:
      stress-ng-version: 0.17.08
      run-by: root
      date-yyyy-mm-dd: 2024:09:03
      time-hh-mm-ss: 02:59:11
      epoch-secs: 1725332351
      hostname: sc-runner
      sysname: Linux
      nodename: sc-runner
      release: 6.8.0-1013-azure
      version: '#15-Ubuntu SMP Thu Aug  8 18:40:40 UTC 2024'
      machine: x86_64
      compiler: 'musl-gcc 13.2.1'
      uptime: 384
      totalram: 16766787584
      freeram: 8272490496
      sharedram: 57126912
      bufferram: 211419136
      totalswap: 0
      freeswap: 0
      pagesize: 4096
      cpus: 4
      cpus-online: 4
      ticks-per-second: 100

metrics:
    - stressor: cpu
      bogo-ops: 40564
      bogo-ops-per-second-usr-sys-time: 511.797207
      bogo-ops-per-second-real-time: 2028.187657
      wall-clock-time: 20.000122
      user-time: 79.224752
      system-time: 0.033203
      cpu-usage-per-instance: 99.071841
      max-rss: 1104

...
