BaselineInfo:
  WebDBID: -1
  TimeStamp: 20241219003536
Version:
  Major: 11
  Minor: 0
  Build: 1002
  SpecialBuildName: ""
  ptArchitecture: x86_64_linux
Results:
  Results Complete: true
  NumTestProcesses: 4
  CPU_INTEGER_MATH: 18390.135999999999
  CPU_FLOATINGPOINT_MATH: 13515.31859245098
  CPU_PRIME: 21.578328129679797
  CPU_SORTING: 11316.55845640139
  CPU_ENCRYPTION: 4642.8524244352911
  CPU_COMPRESSION: 84194.480221767299
  CPU_SINGLETHREAD: 2163.840637690967
  CPU_PHYSICS: 963.83420378501239
  CPU_MATRIX_MULT_SSE: 7117.2344917294567
  CPU_mm: 804.91817379365909
  CPU_sse: 3225.9141194974404
  CPU_fma: 10666.62445834859
  CPU_avx: 7459.1648973423398
  CPU_avx512: 0
  m_CPU_enc_SHA: 6540085689.42663
  m_CPU_enc_AES: 4245426352.2089744
  m_CPU_enc_ECDSA: 3819638829.7783728
  ME_ALLOC_S: 2149.5492141309114
  ME_READ_S: 25307.095117187499
  ME_READ_L: 7796.08544921875
  ME_WRITE: 7532.68603515625
  ME_LARGE: 53371.916666666664
  ME_LATENCY: 138.57309773986842
  ME_THREADED: 27559.8828125
  SUMM_CPU: 7645.5671887486706
  SUMM_ME: 1372.0362472424936
SystemInformation:
  OSName: Ubuntu 24.04.1 LTS
  Kernel: 6.8.0-31-generic
  Device: ""
  Processor: AMD EPYC 7542 32-Core Processor
  NumSockets: 1
  Manufacturer: AuthenticAMD
  NumCores: 4
  NumLogicals: 4
  CPUFrequency: 0
  Memory: 64258
  MemModuleInfo:
    iNumMemSticks: 4
    DIMM 1:
      manufacturer: QEMU
      modulePartNo: Not Specified
      memType: RAM
      size: 16
      clkspeed: 0
      moduleVoltage: 0
    DIMM 2:
      manufacturer: QEMU
      modulePartNo: Not Specified
      memType: RAM
      size: 16
      clkspeed: 0
      moduleVoltage: 0
    DIMM 3:
      manufacturer: QEMU
      modulePartNo: Not Specified
      memType: RAM
      size: 16
      clkspeed: 0
      moduleVoltage: 0
    DIMM 4:
      manufacturer: QEMU
      modulePartNo: Not Specified
      memType: RAM
      size: 16
      clkspeed: 0
      moduleVoltage: 0
Checksum: A97810765BA04E6FDA2457E497B89699FA1D41CB