---
system-info:
      stress-ng-version: 0.17.08
      run-by: root
      date-yyyy-mm-dd: 2024:09:03
      time-hh-mm-ss: 09:46:08
      epoch-secs: 1725356768
      hostname: sc-runner
      sysname: Linux
      nodename: sc-runner
      release: 6.8.0-1013-azure
      version: '#15-Ubuntu SMP Thu Aug  8 18:40:40 UTC 2024'
      machine: x86_64
      compiler: 'musl-gcc 13.2.1'
      uptime: 379
      totalram: 16765378560
      freeram: 8194732032
      sharedram: 57151488
      bufferram: 214323200
      totalswap: 0
      freeswap: 0
      pagesize: 4096
      cpus: 8
      cpus-online: 8
      ticks-per-second: 100

metrics:
    - stressor: cpu
      bogo-ops: 127904
      bogo-ops-per-second-usr-sys-time: 802.474541
      bogo-ops-per-second-real-time: 6395.161043
      wall-clock-time: 20.000122
      user-time: 159.346820
      system-time: 0.040168
      cpu-usage-per-instance: 99.616261
      max-rss: 1232

...
