BaselineInfo:
  WebDBID: -1
  TimeStamp: 20260620162714
Version:
  Major: 11
  Minor: 0
  Build: 1004
  SpecialBuildName: ""
  ptArchitecture: x86_64_linux
Results:
  Results Complete: true
  NumTestProcesses: 48
  CPU_INTEGER_MATH: 358583.299
  CPU_FLOATINGPOINT_MATH: 348744.88267065183
  CPU_PRIME: 1139.0915309342613
  CPU_SORTING: 184915.95385927547
  CPU_ENCRYPTION: 73422.343210965701
  CPU_COMPRESSION: 1370026.3578586106
  CPU_SINGLETHREAD: 3822.5611510134931
  CPU_PHYSICS: 15637.447117500513
  CPU_MATRIX_MULT_SSE: 113105.87848210619
  CPU_mm: 13788.485736290721
  CPU_sse: 43544.097952162119
  CPU_fma: 153652.65298019271
  CPU_avx: 85534.874937457033
  CPU_avx512: 169691.88805861294
  m_CPU_enc_SHA: 103424140398.69141
  m_CPU_enc_AES: 64727750618.368576
  m_CPU_enc_ECDSA: 62814829847.284691
  ME_ALLOC_S: 36616.58371840667
  ME_READ_S: 33998.856249999997
  ME_READ_L: 30100.58984375
  ME_WRITE: 30430.830078125
  ME_LARGE: 87083.583333333328
  ME_LATENCY: 78.38654590701266
  ME_THREADED: 403343.4072265625
  SUMM_CPU: 98357.116936790175
  SUMM_ME: 2963.1768406463943
SystemInformation:
  OSName: Ubuntu 24.04.4 LTS
  Kernel: 6.17.0-1018-azure
  Device: ""
  Processor: "AMD EPYC 9V45 96-Core Processor                "
  NumSockets: 1
  Manufacturer: AuthenticAMD
  NumCores: 48
  NumLogicals: 48
  CPUFrequency: 0
  CPUMaxFrequency: 0
  Memory: 96540
  CPUInfo:
    number: 1
    Family: 15
    Model: 2
    stepping: 1
    features: 395049983
    manufacture: AuthenticAMD
    typestring: "AMD EPYC 9V45 96-Core Processor                "
    iCoresPerPackage: 64
    iThreadsPerPackage: 1
    featuresEx:
      - 395049983
      - 4277809667
      - 802421759
    bHybrid: false
    nPCore: 0
    nLogicalsPerPCore: 0
    nECore: 0
    nLogicalsPerECore: 0
  MemModuleInfo:
    iNumMemSticks: 3
    DIMM 1:
      manufacturer: Microsoft Corporation
      modulePartNo: None
      memType: Unknown
      size: 1
      clkspeed: 0
      moduleVoltage: 0
    DIMM 2:
      manufacturer: Microsoft Corporation
      modulePartNo: None
      memType: Unknown
      size: 59
      clkspeed: 0
      moduleVoltage: 0
    DIMM 3:
      manufacturer: Microsoft Corporation
      modulePartNo: None
      memType: Unknown
      size: 36
      clkspeed: 0
      moduleVoltage: 0
Checksum: 04A76C8D7904B6684E3203E14DEE1C61AB64085E