---
system-info:
      stress-ng-version: 0.17.08
      run-by: root
      date-yyyy-mm-dd: 2024:06:08
      time-hh-mm-ss: 11:41:41
      epoch-secs: 1717846901
      hostname: 27af48c0204f
      sysname: Linux
      nodename: 27af48c0204f
      release: 6.8.0-1008-aws
      version: '#8-Ubuntu SMP Sat Apr 20 00:46:25 UTC 2024'
      machine: x86_64
      compiler: 'musl-gcc 13.2.1'
      uptime: 159
      totalram: 199527890944
      freeram: 194334380032
      sharedram: 28831744
      bufferram: 100974592
      totalswap: 0
      freeswap: 0
      pagesize: 4096
      cpus: 48
      cpus-online: 48
      ticks-per-second: 100

metrics:
    - stressor: cpu
      bogo-ops: 377491
      bogo-ops-per-second-usr-sys-time: 787.164097
      bogo-ops-per-second-real-time: 37738.005142
      wall-clock-time: 10.002940
      user-time: 479.438254
      system-time: 0.119949
      cpu-usage-per-instance: 99.878595
      max-rss: 3840

...
