---
system-info:
      stress-ng-version: 0.17.08
      run-by: root
      date-yyyy-mm-dd: 2024:06:14
      time-hh-mm-ss: 18:27:48
      epoch-secs: 1718389668
      hostname: b89dcc75478a
      sysname: Linux
      nodename: b89dcc75478a
      release: 6.8.0-1008-aws
      version: '#8-Ubuntu SMP Sat Apr 20 00:46:25 UTC 2024'
      machine: x86_64
      compiler: 'musl-gcc 13.2.1'
      uptime: 169
      totalram: 199527878656
      freeram: 194425102336
      sharedram: 28831744
      bufferram: 108240896
      totalswap: 0
      freeswap: 0
      pagesize: 4096
      cpus: 48
      cpus-online: 48
      ticks-per-second: 100

metrics:
    - stressor: cpu
      bogo-ops: 283327
      bogo-ops-per-second-usr-sys-time: 295.628940
      bogo-ops-per-second-real-time: 14166.172763
      wall-clock-time: 20.000250
      user-time: 958.329254
      system-time: 0.057973
      cpu-usage-per-instance: 99.830754
      max-rss: 1152

...
