BaselineInfo:
  WebDBID: -1
  TimeStamp: 20260620234328
Version:
  Major: 11
  Minor: 0
  Build: 1004
  SpecialBuildName: ""
  ptArchitecture: x86_64_linux
Results:
  Results Complete: true
  NumTestProcesses: 64
  CPU_INTEGER_MATH: 420509.07300000021
  CPU_FLOATINGPOINT_MATH: 244258.09617065184
  CPU_PRIME: 558.28300058591788
  CPU_SORTING: 176624.304173821
  CPU_ENCRYPTION: 79640.3124414505
  CPU_COMPRESSION: 1388781.7046165757
  CPU_SINGLETHREAD: 3788.7088402196596
  CPU_PHYSICS: 11712.071579309397
  CPU_MATRIX_MULT_SSE: 105711.07740091321
  CPU_mm: 10320.482037686361
  CPU_sse: 38841.121230796263
  CPU_fma: 113760.52465779822
  CPU_avx: 110067.58265770033
  CPU_avx512: 160175.08105735804
  m_CPU_enc_SHA: 101782117198.60527
  m_CPU_enc_AES: 82205655300.306885
  m_CPU_enc_ECDSA: 66538988276.907089
  ME_ALLOC_S: 37728.382833617907
  ME_READ_S: 34180.249218750003
  ME_READ_L: 31115.630859375
  ME_WRITE: 30754.013671875
  ME_LARGE: 505536.75
  ME_LATENCY: 77.156913148704476
  ME_THREADED: 235006.8955078125
  SUMM_CPU: 94300.36745330361
  SUMM_ME: 3017.6078154933862
SystemInformation:
  OSName: Ubuntu 24.04.4 LTS
  Kernel: 6.17.0-1018-azure
  Device: ""
  Processor: "AMD EPYC 9V45 96-Core Processor                "
  NumSockets: 1
  Manufacturer: AuthenticAMD
  NumCores: 32
  NumLogicals: 64
  CPUFrequency: 0
  CPUMaxFrequency: 0
  Memory: 515767
  CPUInfo:
    number: 1
    Family: 15
    Model: 2
    stepping: 1
    features: 395049983
    manufacture: AuthenticAMD
    typestring: "AMD EPYC 9V45 96-Core Processor                "
    iCoresPerPackage: 32
    iThreadsPerPackage: 2
    featuresEx:
      - 395049983
      - 4277809667
      - 802421759
    bHybrid: false
    nPCore: 0
    nLogicalsPerPCore: 0
    nECore: 0
    nLogicalsPerECore: 0
  MemModuleInfo:
    iNumMemSticks: 3
    DIMM 1:
      manufacturer: Microsoft Corporation
      modulePartNo: None
      memType: Unknown
      size: 1
      clkspeed: 0
      moduleVoltage: 0
    DIMM 2:
      manufacturer: Microsoft Corporation
      modulePartNo: None
      memType: Unknown
      size: 59
      clkspeed: 0
      moduleVoltage: 0
    DIMM 3:
      manufacturer: Microsoft Corporation
      modulePartNo: None
      memType: Unknown
      size: 452
      clkspeed: 0
      moduleVoltage: 0
Checksum: 55014940D10DB0D3CAC335C0071AF51BC31B462E