BaselineInfo:
  WebDBID: -1
  TimeStamp: 20260630143153
Version:
  Major: 11
  Minor: 0
  Build: 1004
  SpecialBuildName: ""
  ptArchitecture: x86_64_linux
Results:
  Results Complete: true
  NumTestProcesses: 32
  CPU_INTEGER_MATH: 209632.99066666668
  CPU_FLOATINGPOINT_MATH: 127881.2137632517
  CPU_PRIME: 501.63616121147726
  CPU_SORTING: 101069.27421822882
  CPU_ENCRYPTION: 42212.943640185986
  CPU_COMPRESSION: 793236.0678871111
  CPU_SINGLETHREAD: 3737.819924613787
  CPU_PHYSICS: 8634.4082681089294
  CPU_MATRIX_MULT_SSE: 64516.64829717674
  CPU_mm: 6057.6859003240397
  CPU_sse: 22581.19061807343
  CPU_fma: 68286.310830655857
  CPU_avx: 67304.937721794908
  CPU_avx512: 99894.154018182802
  m_CPU_enc_SHA: 52853257902.866951
  m_CPU_enc_AES: 43191179695.264343
  m_CPU_enc_ECDSA: 36746001173.223732
  ME_ALLOC_S: 22635.976885840799
  ME_READ_S: 33529.107812499999
  ME_READ_L: 32489.3671875
  ME_WRITE: 33144.15234375
  ME_LARGE: 248056.41666666666
  ME_LATENCY: 75.691202754101269
  ME_THREADED: 351701.23046875
  SUMM_CPU: 62580.249707873525
  SUMM_ME: 3068.7679662545934
SystemInformation:
  OSName: Ubuntu 24.04.4 LTS
  Kernel: 6.8.0-124-generic
  Device: ""
  Processor: AMD EPYC-Turin Processor
  NumSockets: 1
  Manufacturer: AuthenticAMD
  NumCores: 16
  NumLogicals: 32
  CPUFrequency: 0
  CPUMaxFrequency: 0
  Memory: 257727
  CPUInfo:
    number: 1
    Family: 15
    Model: 0
    stepping: 0
    features: 395049983
    manufacture: AuthenticAMD
    typestring: AMD EPYC-Turin Processor
    iCoresPerPackage: 16
    iThreadsPerPackage: 2
    featuresEx:
      - 395049983
      - 4277809667
      - 802421759
    bHybrid: false
    nPCore: 0
    nLogicalsPerPCore: 0
    nECore: 0
    nLogicalsPerECore: 0
  MemModuleInfo:
    iNumMemSticks: 1
    DIMM 1:
      manufacturer: QEMU
      modulePartNo: Not Specified
      memType: RAM
      size: 256
      clkspeed: 0
      moduleVoltage: 0
Checksum: 3EF97A627905F677764FCBFE267910FF543332F1