---
system-info:
      stress-ng-version: 0.17.08
      run-by: root
      date-yyyy-mm-dd: 2024:06:08
      time-hh-mm-ss: 07:20:13
      epoch-secs: 1717831213
      hostname: 83c4eb800a0d
      sysname: Linux
      nodename: 83c4eb800a0d
      release: 6.8.0-1008-aws
      version: '#8-Ubuntu SMP Sat Apr 20 00:46:25 UTC 2024'
      machine: x86_64
      compiler: 'musl-gcc 13.2.1'
      uptime: 109
      totalram: 132919713792
      freeram: 128460906496
      sharedram: 59977728
      bufferram: 97619968
      totalswap: 0
      freeswap: 0
      pagesize: 4096
      cpus: 16
      cpus-online: 16
      ticks-per-second: 100

metrics:
    - stressor: cpu
      bogo-ops: 187568
      bogo-ops-per-second-usr-sys-time: 1173.790846
      bogo-ops-per-second-real-time: 18754.333558
      wall-clock-time: 10.001315
      user-time: 159.765793
      system-time: 0.030989
      cpu-usage-per-instance: 99.859856
      max-rss: 4176

...
