---
system-info:
      stress-ng-version: 0.17.08
      run-by: root
      date-yyyy-mm-dd: 2024:06:15
      time-hh-mm-ss: 08:54:50
      epoch-secs: 1718441690
      hostname: 99f7d831db42
      sysname: Linux
      nodename: 99f7d831db42
      release: 6.8.0-1008-aws
      version: '#8-Ubuntu SMP Sat Apr 20 00:46:25 UTC 2024'
      machine: x86_64
      compiler: 'musl-gcc 13.2.1'
      uptime: 118
      totalram: 132919701504
      freeram: 128417619968
      sharedram: 59977728
      bufferram: 106168320
      totalswap: 0
      freeswap: 0
      pagesize: 4096
      cpus: 16
      cpus-online: 16
      ticks-per-second: 100

metrics:
    - stressor: cpu
      bogo-ops: 308750
      bogo-ops-per-second-usr-sys-time: 965.826654
      bogo-ops-per-second-real-time: 15437.435210
      wall-clock-time: 20.000084
      user-time: 319.652352
      system-time: 0.021990
      cpu-usage-per-instance: 99.897813
      max-rss: 976

...
