---
system-info:
      stress-ng-version: 0.17.08
      run-by: root
      date-yyyy-mm-dd: 2024:07:11
      time-hh-mm-ss: 15:53:44
      epoch-secs: 1720713224
      hostname: ip-172-31-31-187
      sysname: Linux
      nodename: ip-172-31-31-187
      release: 6.8.0-1010-aws
      version: '#10-Ubuntu SMP Thu Jun 13 17:36:15 UTC 2024'
      machine: x86_64
      compiler: 'musl-gcc 13.2.1'
      uptime: 168
      totalram: 23613059072
      freeram: 18356785152
      sharedram: 38805504
      bufferram: 136527872
      totalswap: 0
      freeswap: 0
      pagesize: 4096
      cpus: 12
      cpus-online: 12
      ticks-per-second: 100

metrics:
    - stressor: cpu
      bogo-ops: 25686
      bogo-ops-per-second-usr-sys-time: 1284.312329
      bogo-ops-per-second-real-time: 1284.296877
      wall-clock-time: 20.000049
      user-time: 19.999808
      system-time: 0.000000
      cpu-usage-per-instance: 99.998797
      max-rss: 1104

...
