---
system-info:
      stress-ng-version: 0.17.08
      run-by: root
      date-yyyy-mm-dd: 2024:09:17
      time-hh-mm-ss: 23:18:42
      epoch-secs: 1726615122
      hostname: sc-runner
      sysname: Linux
      nodename: sc-runner
      release: 6.8.0-1014-azure
      version: '#16-Ubuntu SMP Thu Aug 15 20:04:41 UTC 2024'
      machine: x86_64
      compiler: 'musl-gcc 13.2.1'
      uptime: 539
      totalram: 464925908992
      freeram: 450555072512
      sharedram: 71942144
      bufferram: 310251520
      totalswap: 0
      freeswap: 0
      pagesize: 4096
      cpus: 48
      cpus-online: 48
      ticks-per-second: 100

metrics:
    - stressor: cpu
      bogo-ops: 57822
      bogo-ops-per-second-usr-sys-time: 2891.167942
      bogo-ops-per-second-real-time: 2891.097760
      wall-clock-time: 20.000015
      user-time: 19.999530
      system-time: 0.000000
      cpu-usage-per-instance: 99.997573
      max-rss: 3200

...
