---
system-info:
      stress-ng-version: 0.17.08
      run-by: root
      date-yyyy-mm-dd: 2024:07:09
      time-hh-mm-ss: 20:36:18
      epoch-secs: 1720557378
      hostname: n1-megamem-96-ba46293
      sysname: Linux
      nodename: n1-megamem-96-ba46293
      release: 6.8.0-1009-gcp
      version: '#10-Ubuntu SMP Wed Jun 12 18:52:23 UTC 2024'
      machine: x86_64
      compiler: 'musl-gcc 13.2.1'
      uptime: 182
      totalram: 1515106127872
      freeram: 1507907375104
      sharedram: 82976768
      bufferram: 135163904
      totalswap: 0
      freeswap: 0
      pagesize: 4096
      cpus: 96
      cpus-online: 96
      ticks-per-second: 100

metrics:
    - stressor: cpu
      bogo-ops: 1410780
      bogo-ops-per-second-usr-sys-time: 735.143922
      bogo-ops-per-second-real-time: 70538.531978
      wall-clock-time: 20.000133
      user-time: 1918.985839
      system-time: 0.066959
      cpu-usage-per-instance: 99.950003
      max-rss: 768

...
