BaselineInfo:
  WebDBID: -1
  TimeStamp: 20260405000611
Version:
  Major: 11
  Minor: 0
  Build: 1004
  SpecialBuildName: ""
  ptArchitecture: x86_64_linux
Results:
  Results Complete: true
  NumTestProcesses: 64
  CPU_INTEGER_MATH: 265946.02533333335
  CPU_FLOATINGPOINT_MATH: 145362.02217550395
  CPU_PRIME: 320.40641605539162
  CPU_SORTING: 114319.61058060969
  CPU_ENCRYPTION: 68060.679767532522
  CPU_COMPRESSION: 1000668.2567885849
  CPU_SINGLETHREAD: 2387.9417448509798
  CPU_PHYSICS: 4266.2361901582308
  CPU_MATRIX_MULT_SSE: 55825.115570320435
  CPU_mm: 6922.8659984150718
  CPU_sse: 28629.236589517925
  CPU_fma: 76222.417925658621
  CPU_avx: 62623.692195784795
  CPU_avx512: 0
  m_CPU_enc_SHA: 98558506163.787079
  m_CPU_enc_AES: 63108818553.334023
  m_CPU_enc_ECDSA: 52433061326.639359
  ME_ALLOC_S: 22042.747267665072
  ME_READ_S: 23679.390039062499
  ME_READ_L: 18173.3203125
  ME_WRITE: 15857.9072265625
  ME_LARGE: 109108.33333333333
  ME_LATENCY: 55.368433669390811
  ME_THREADED: 90436.71484375
  SUMM_CPU: 59199.918888292734
  SUMM_ME: 2970.9608922983898
SystemInformation:
  OSName: Ubuntu 24.04.4 LTS
  Kernel: 6.8.0-106-generic
  Device: ""
  Processor: "AMD EPYC 7T83 64-Core Processor                "
  NumSockets: 1
  Manufacturer: AuthenticAMD
  NumCores: 32
  NumLogicals: 64
  CPUFrequency: 0
  CPUMaxFrequency: 0
  Memory: 124329
  CPUInfo:
    number: 1
    Family: 15
    Model: 1
    stepping: 1
    features: 395049983
    manufacture: AuthenticAMD
    typestring: "AMD EPYC 7T83 64-Core Processor                "
    iCoresPerPackage: 32
    iThreadsPerPackage: 2
    featuresEx:
      - 395049983
      - 4277809667
      - 802421759
    bHybrid: false
    nPCore: 0
    nLogicalsPerPCore: 0
    nECore: 0
    nLogicalsPerECore: 0
  MemModuleInfo:
    iNumMemSticks: 8
    DIMM 1:
      manufacturer: Alibaba Cloud
      modulePartNo: Not Specified
      memType: RAM
      size: 16
      clkspeed: 0
      moduleVoltage: 0
    DIMM 2:
      manufacturer: Alibaba Cloud
      modulePartNo: Not Specified
      memType: RAM
      size: 16
      clkspeed: 0
      moduleVoltage: 0
    DIMM 3:
      manufacturer: Alibaba Cloud
      modulePartNo: Not Specified
      memType: RAM
      size: 16
      clkspeed: 0
      moduleVoltage: 0
    DIMM 4:
      manufacturer: Alibaba Cloud
      modulePartNo: Not Specified
      memType: RAM
      size: 16
      clkspeed: 0
      moduleVoltage: 0
    DIMM 5:
      manufacturer: Alibaba Cloud
      modulePartNo: Not Specified
      memType: RAM
      size: 16
      clkspeed: 0
      moduleVoltage: 0
    DIMM 6:
      manufacturer: Alibaba Cloud
      modulePartNo: Not Specified
      memType: RAM
      size: 16
      clkspeed: 0
      moduleVoltage: 0
    DIMM 7:
      manufacturer: Alibaba Cloud
      modulePartNo: Not Specified
      memType: RAM
      size: 16
      clkspeed: 0
      moduleVoltage: 0
    DIMM 8:
      manufacturer: Alibaba Cloud
      modulePartNo: Not Specified
      memType: RAM
      size: 16
      clkspeed: 0
      moduleVoltage: 0
Checksum: D0D4C7EDB797FA3394559D7B1D6EFD2C94EF7D73