BaselineInfo:
  WebDBID: -1
  TimeStamp: 20241107173809
Version:
  Major: 11
  Minor: 0
  Build: 1002
  SpecialBuildName: ""
  ptArchitecture: aarch64_linux
Results:
  Results Complete: true
  NumTestProcesses: 2
  CPU_INTEGER_MATH: 7856.9546666666665
  CPU_FLOATINGPOINT_MATH: 5962.0357024412415
  CPU_PRIME: 16.568321672752742
  CPU_SORTING: 5684.9782359827823
  CPU_ENCRYPTION: 268.53265827308576
  CPU_COMPRESSION: 8947.2486346611076
  CPU_SINGLETHREAD: 1110.826755216267
  CPU_PHYSICS: 354.7626330361598
  CPU_MATRIX_MULT_SSE: 1240.6642938127231
  CPU_mm: 207.62194256057208
  CPU_sse: 1038.4284477126346
  CPU_fma: 1442.9001399128115
  CPU_avx: 0
  CPU_avx512: 0
  m_CPU_enc_SHA: 400049828.53787339
  m_CPU_enc_AES: 187215676.82672715
  m_CPU_enc_ECDSA: 257465196.67947692
  ME_ALLOC_S: 1320.718896351578
  ME_READ_S: 9488.2360351562493
  ME_READ_L: 9243.6015625
  ME_WRITE: 12566.7919921875
  ME_LARGE: 1878.0833333333333
  ME_LATENCY: 70.532591358373907
  ME_THREADED: 18225.1884765625
  SUMM_CPU: 1353.3676050721056
  SUMM_ME: 1236.3776895259293
SystemInformation:
  OSName: Ubuntu 24.04.1 LTS
  Kernel: 6.8.0-1016-aws
  Device: ""
  Processor: ARM Neoverse-N1 2 Core 0 MHz
  NumSockets: 1
  Manufacturer: ARM
  NumCores: 2
  NumLogicals: 2
  CPUFrequency: 0
  Memory: 11712
Checksum: F1E9D55D701EB0796635AA0D9DBF17504CCA4FFA