BaselineInfo:
  WebDBID: -1
  TimeStamp: 20241115153030
Version:
  Major: 11
  Minor: 0
  Build: 1002
  SpecialBuildName: ""
  ptArchitecture: x86_64_linux
Results:
  Results Complete: true
  NumTestProcesses: 16
  CPU_INTEGER_MATH: 67317.040666666668
  CPU_FLOATINGPOINT_MATH: 34420.834564000077
  CPU_PRIME: 134.90650588508959
  CPU_SORTING: 34785.706020916383
  CPU_ENCRYPTION: 14595.406645226189
  CPU_COMPRESSION: 248716.38394802195
  CPU_SINGLETHREAD: 2430.8199478386946
  CPU_PHYSICS: 2267.4105922879194
  CPU_MATRIX_MULT_SSE: 14444.159549972419
  CPU_mm: 1448.9728536431239
  CPU_sse: 6387.9681589789416
  CPU_fma: 17536.497359722853
  CPU_avx: 12953.054310134545
  CPU_avx512: 20899.118371053344
  m_CPU_enc_SHA: 14776824291.946302
  m_CPU_enc_AES: 22120502127.976295
  m_CPU_enc_ECDSA: 9015852935.3514843
  ME_ALLOC_S: 7904.7503177195667
  ME_READ_S: 23391.605078125001
  ME_READ_L: 11615.55859375
  ME_WRITE: 10424.42578125
  ME_LARGE: 22863.916666666668
  ME_LATENCY: 52.881810022768491
  ME_THREADED: 89925.48486328125
  SUMM_CPU: 21273.807974411273
  SUMM_ME: 2573.4931466431644
SystemInformation:
  OSName: Ubuntu 24.04.1 LTS
  Kernel: 6.8.0-1017-azure
  Device: ""
  Processor: Intel Xeon Platinum 8370C CPU @ 2.80GHz
  NumSockets: 1
  Manufacturer: GenuineIntel
  NumCores: 8
  NumLogicals: 16
  CPUFrequency: 2800
  Memory: 32088
  MemModuleInfo:
    iNumMemSticks: 2
    DIMM 1:
      manufacturer: Microsoft Corporation
      modulePartNo: None
      memType: Unknown
      size: 1
      clkspeed: 0
      moduleVoltage: 0
    DIMM 2:
      manufacturer: Microsoft Corporation
      modulePartNo: None
      memType: Unknown
      size: 31
      clkspeed: 0
      moduleVoltage: 0
Checksum: B676E8AEF47BF25980A3DDF21A017CFA7ECF8AD7