BaselineInfo:
  WebDBID: -1
  TimeStamp: 20241107044223
Version:
  Major: 11
  Minor: 0
  Build: 1002
  SpecialBuildName: ""
  ptArchitecture: x86_64_linux
Results:
  Results Complete: true
  NumTestProcesses: 16
  CPU_INTEGER_MATH: 67294.344333333342
  CPU_FLOATINGPOINT_MATH: 34385.053009208983
  CPU_PRIME: 130.61038004017479
  CPU_SORTING: 34751.382512366399
  CPU_ENCRYPTION: 14649.115832553296
  CPU_COMPRESSION: 246835.67793310288
  CPU_SINGLETHREAD: 2431.7785752792206
  CPU_PHYSICS: 2197.7087344806755
  CPU_MATRIX_MULT_SSE: 14096.693481062057
  CPU_mm: 1448.4096259374012
  CPU_sse: 6385.0352353409526
  CPU_fma: 17536.81786725558
  CPU_avx: 12951.898462786856
  CPU_avx512: 19513.022358864848
  m_CPU_enc_SHA: 14774309941.549866
  m_CPU_enc_AES: 22243136222.113274
  m_CPU_enc_ECDSA: 9064687686.0430698
  ME_ALLOC_S: 7985.8106236407693
  ME_READ_S: 24265.522851562499
  ME_READ_L: 11855.462890625
  ME_WRITE: 10603.8427734375
  ME_LARGE: 21854
  ME_LATENCY: 53.464927914102041
  ME_THREADED: 91776.21875
  SUMM_CPU: 21133.57362262575
  SUMM_ME: 2593.8918382599886
SystemInformation:
  OSName: Ubuntu 24.04.1 LTS
  Kernel: 6.8.0-1017-azure
  Device: ""
  Processor: Intel Xeon Platinum 8370C CPU @ 2.80GHz
  NumSockets: 1
  Manufacturer: GenuineIntel
  NumCores: 8
  NumLogicals: 16
  CPUFrequency: 2800
  Memory: 32088
  MemModuleInfo:
    iNumMemSticks: 2
    DIMM 1:
      manufacturer: Microsoft Corporation
      modulePartNo: None
      memType: Unknown
      size: 1
      clkspeed: 0
      moduleVoltage: 0
    DIMM 2:
      manufacturer: Microsoft Corporation
      modulePartNo: None
      memType: Unknown
      size: 31
      clkspeed: 0
      moduleVoltage: 0
Checksum: 52B67E717E851E04790C0E6DFB17E92563AD40F5