BaselineInfo:
  WebDBID: -1
  TimeStamp: 20241114230338
Version:
  Major: 11
  Minor: 0
  Build: 1002
  SpecialBuildName: ""
  ptArchitecture: x86_64_linux
Results:
  Results Complete: true
  NumTestProcesses: 16
  CPU_INTEGER_MATH: 67336.77866666668
  CPU_FLOATINGPOINT_MATH: 34429.315474441421
  CPU_PRIME: 137.18820041670241
  CPU_SORTING: 34858.695037110061
  CPU_ENCRYPTION: 14638.689042587803
  CPU_COMPRESSION: 246635.944728273
  CPU_SINGLETHREAD: 2425.5845984861467
  CPU_PHYSICS: 2274.3126139517017
  CPU_MATRIX_MULT_SSE: 14348.681403568267
  CPU_mm: 1450.1530245416916
  CPU_sse: 6380.0173968274139
  CPU_fma: 17537.880532805531
  CPU_avx: 12955.569225329915
  CPU_avx512: 20521.258459310211
  m_CPU_enc_SHA: 14775186648.922739
  m_CPU_enc_AES: 22244484992.00478
  m_CPU_enc_ECDSA: 9029662363.6341324
  ME_ALLOC_S: 8015.1832587685021
  ME_READ_S: 24155.6171875
  ME_READ_L: 11966.01171875
  ME_WRITE: 10707.3974609375
  ME_LARGE: 22825.333333333332
  ME_LATENCY: 52.348955071681225
  ME_THREADED: 90027.53173828125
  SUMM_CPU: 21248.645317747476
  SUMM_ME: 2624.3260320865452
SystemInformation:
  OSName: Ubuntu 24.04.1 LTS
  Kernel: 6.8.0-1017-azure
  Device: ""
  Processor: Intel Xeon Platinum 8370C CPU @ 2.80GHz
  NumSockets: 1
  Manufacturer: GenuineIntel
  NumCores: 8
  NumLogicals: 16
  CPUFrequency: 2800
  Memory: 32088
  MemModuleInfo:
    iNumMemSticks: 2
    DIMM 1:
      manufacturer: Microsoft Corporation
      modulePartNo: None
      memType: Unknown
      size: 1
      clkspeed: 0
      moduleVoltage: 0
    DIMM 2:
      manufacturer: Microsoft Corporation
      modulePartNo: None
      memType: Unknown
      size: 31
      clkspeed: 0
      moduleVoltage: 0
Checksum: 178D2B7DB0F561A774E9296B73E2DD732DBAE98D