---
system-info:
      stress-ng-version: 0.17.08
      run-by: root
      date-yyyy-mm-dd: 2024:06:06
      time-hh-mm-ss: 17:40:18
      epoch-secs: 1717695618
      hostname: e5de5c3aabd6
      sysname: Linux
      nodename: e5de5c3aabd6
      release: 6.8.0-1008-aws
      version: '#8-Ubuntu SMP Sat Apr 20 00:46:25 UTC 2024'
      machine: x86_64
      compiler: 'musl-gcc 13.2.1'
      uptime: 107
      totalram: 16467779584
      freeram: 12181200896
      sharedram: 113573888
      bufferram: 85450752
      totalswap: 0
      freeswap: 0
      pagesize: 4096
      cpus: 8
      cpus-online: 8
      ticks-per-second: 100

metrics:
    - stressor: cpu
      bogo-ops: 126961
      bogo-ops-per-second-usr-sys-time: 1591.541251
      bogo-ops-per-second-real-time: 12693.873172
      wall-clock-time: 10.001754
      user-time: 79.757361
      system-time: 0.014998
      cpu-usage-per-instance: 99.697959
      max-rss: 3920

...
