---
system-info:
      stress-ng-version: 0.17.08
      run-by: root
      date-yyyy-mm-dd: 2024:06:15
      time-hh-mm-ss: 10:21:45
      epoch-secs: 1718446905
      hostname: 715481d3557e
      sysname: Linux
      nodename: 715481d3557e
      release: 6.8.0-1008-aws
      version: '#8-Ubuntu SMP Sat Apr 20 00:46:25 UTC 2024'
      machine: x86_64
      compiler: 'musl-gcc 13.2.1'
      uptime: 107
      totalram: 16467779584
      freeram: 12029321216
      sharedram: 113565696
      bufferram: 106803200
      totalswap: 0
      freeswap: 0
      pagesize: 4096
      cpus: 8
      cpus-online: 8
      ticks-per-second: 100

metrics:
    - stressor: cpu
      bogo-ops: 161344
      bogo-ops-per-second-usr-sys-time: 1010.165896
      bogo-ops-per-second-real-time: 8067.161533
      wall-clock-time: 20.000095
      user-time: 159.705308
      system-time: 0.014992
      cpu-usage-per-instance: 99.824711
      max-rss: 1104

...
