---
system-info:
      stress-ng-version: 0.17.08
      run-by: root
      date-yyyy-mm-dd: 2024:06:07
      time-hh-mm-ss: 19:23:01
      epoch-secs: 1717788181
      hostname: bd04e95ee6fb
      sysname: Linux
      nodename: bd04e95ee6fb
      release: 6.8.0-1008-aws
      version: '#8-Ubuntu SMP Sat Apr 20 00:46:25 UTC 2024'
      machine: x86_64
      compiler: 'musl-gcc 13.2.1'
      uptime: 120
      totalram: 198337052672
      freeram: 193722716160
      sharedram: 38277120
      bufferram: 93646848
      totalswap: 0
      freeswap: 0
      pagesize: 4096
      cpus: 48
      cpus-online: 48
      ticks-per-second: 100

metrics:
    - stressor: cpu
      bogo-ops: 482540
      bogo-ops-per-second-usr-sys-time: 1005.952062
      bogo-ops-per-second-real-time: 48245.955876
      wall-clock-time: 10.001667
      user-time: 479.597923
      system-time: 0.086963
      cpu-usage-per-instance: 99.917692
      max-rss: 3840

...
