---
system-info:
      stress-ng-version: 0.17.08
      run-by: root
      date-yyyy-mm-dd: 2024:06:13
      time-hh-mm-ss: 10:55:33
      epoch-secs: 1718276133
      hostname: 6d3433b00a40
      sysname: Linux
      nodename: 6d3433b00a40
      release: 6.8.0-1008-aws
      version: '#8-Ubuntu SMP Sat Apr 20 00:46:25 UTC 2024'
      machine: x86_64
      compiler: 'musl-gcc 13.2.1'
      uptime: 124
      totalram: 200450973696
      freeram: 195833253888
      sharedram: 41152512
      bufferram: 105713664
      totalswap: 0
      freeswap: 0
      pagesize: 4096
      cpus: 48
      cpus-online: 48
      ticks-per-second: 100

metrics:
    - stressor: cpu
      bogo-ops: 810868
      bogo-ops-per-second-usr-sys-time: 845.072032
      bogo-ops-per-second-real-time: 40543.201590
      wall-clock-time: 20.000098
      user-time: 959.482322
      system-time: 0.042984
      cpu-usage-per-instance: 99.950064
      max-rss: 1152

...
