BaselineInfo:
  WebDBID: -1
  TimeStamp: 20241107073940
Version:
  Major: 11
  Minor: 0
  Build: 1002
  SpecialBuildName: ""
  ptArchitecture: x86_64_linux
Results:
  Results Complete: true
  NumTestProcesses: 2
  CPU_INTEGER_MATH: 8373.4560000000001
  CPU_FLOATINGPOINT_MATH: 4281.0612039839798
  CPU_PRIME: 18.51895437244896
  CPU_SORTING: 4389.9859471704831
  CPU_ENCRYPTION: 1818.2339329312026
  CPU_COMPRESSION: 32384.448925132096
  CPU_SINGLETHREAD: 2377.6853482312545
  CPU_PHYSICS: 360.6323423084948
  CPU_MATRIX_MULT_SSE: 1657.1453044796074
  CPU_mm: 179.69680744336728
  CPU_sse: 793.23296381856562
  CPU_fma: 2183.1016807342871
  CPU_avx: 1608.7897170560655
  CPU_avx512: 2043.4568563095113
  m_CPU_enc_SHA: 1834189044.848896
  m_CPU_enc_AES: 2756336793.392683
  m_CPU_enc_ECDSA: 1129143555.1302264
  ME_ALLOC_S: 1040.8846854407727
  ME_READ_S: 23227.343164062499
  ME_READ_L: 11524.9970703125
  ME_WRITE: 10751.388671875
  ME_LARGE: 657.33333333333337
  ME_LATENCY: 51.501673562925951
  ME_THREADED: 15394.48046875
  SUMM_CPU: 2986.3299812479268
  SUMM_ME: 1032.0137390883901
SystemInformation:
  OSName: Ubuntu 24.04.1 LTS
  Kernel: 6.8.0-1017-azure
  Device: ""
  Processor: Intel Xeon Platinum 8370C CPU @ 2.80GHz
  NumSockets: 1
  Manufacturer: GenuineIntel
  NumCores: 1
  NumLogicals: 2
  CPUFrequency: 2800
  Memory: 7937
  MemModuleInfo:
    iNumMemSticks: 2
    DIMM 1:
      manufacturer: Microsoft Corporation
      modulePartNo: None
      memType: Unknown
      size: 1
      clkspeed: 0
      moduleVoltage: 0
    DIMM 2:
      manufacturer: Microsoft Corporation
      modulePartNo: None
      memType: Unknown
      size: 7
      clkspeed: 0
      moduleVoltage: 0
Checksum: 40D0DFAB00BE66EA7ED9F727C3E665F87A90711A