BaselineInfo:
  WebDBID: -1
  TimeStamp: 20260612125621
Version:
  Major: 11
  Minor: 0
  Build: 1004
  SpecialBuildName: ""
  ptArchitecture: x86_64_linux
Results:
  Results Complete: true
  NumTestProcesses: 2
  CPU_INTEGER_MATH: 12930.709333333334
  CPU_FLOATINGPOINT_MATH: 7956.5839419040631
  CPU_PRIME: 33.751330552713611
  CPU_SORTING: 6464.426714277899
  CPU_ENCRYPTION: 2618.9713544759206
  CPU_COMPRESSION: 49008.021918834085
  CPU_SINGLETHREAD: 3635.2802699241943
  CPU_PHYSICS: 682.99669280630144
  CPU_MATRIX_MULT_SSE: 3779.9744398660496
  CPU_mm: 376.10556019829897
  CPU_sse: 1403.3566770932177
  CPU_fma: 4266.5725550740153
  CPU_avx: 4184.0773225245848
  CPU_avx512: 5265.8912047723825
  m_CPU_enc_SHA: 3277877467.1407843
  m_CPU_enc_AES: 2668062442.7271194
  m_CPU_enc_ECDSA: 2292631611.1049261
  ME_ALLOC_S: 1033.8574789630418
  ME_READ_S: 33233.351757812503
  ME_READ_L: 27428.5859375
  ME_WRITE: 27348.658203125
  ME_LARGE: 3039.4166666666665
  ME_LATENCY: 144.60137116606481
  ME_THREADED: 29109.603515625
  SUMM_CPU: 4978.8183778353141
  SUMM_ME: 1368.6450682085376
SystemInformation:
  OSName: Ubuntu 24.04.4 LTS
  Kernel: 6.8.0-124-generic
  Device: ""
  Processor: AMD EPYC-Turin Processor
  NumSockets: 1
  Manufacturer: AuthenticAMD
  NumCores: 1
  NumLogicals: 2
  CPUFrequency: 0
  CPUMaxFrequency: 0
  Memory: 7935
  CPUInfo:
    number: 1
    Family: 15
    Model: 0
    stepping: 0
    features: 395049983
    manufacture: AuthenticAMD
    typestring: AMD EPYC-Turin Processor
    iCoresPerPackage: 1
    iThreadsPerPackage: 2
    featuresEx:
      - 395049983
      - 4277809667
      - 802421759
    bHybrid: false
    nPCore: 0
    nLogicalsPerPCore: 0
    nECore: 0
    nLogicalsPerECore: 0
  MemModuleInfo:
    iNumMemSticks: 1
    DIMM 1:
      manufacturer: QEMU
      modulePartNo: Not Specified
      memType: RAM
      size: 8
      clkspeed: 0
      moduleVoltage: 0
Checksum: CF3FBE0C4B75586341AFDB3EFC0DFAD69FA69968