---
system-info:
      stress-ng-version: 0.17.08
      run-by: root
      date-yyyy-mm-dd: 2024:09:16
      time-hh-mm-ss: 22:28:53
      epoch-secs: 1726525733
      hostname: sc-runner
      sysname: Linux
      nodename: sc-runner
      release: 6.8.0-1014-azure
      version: '#16-Ubuntu SMP Thu Aug 15 20:04:41 UTC 2024'
      machine: x86_64
      compiler: 'musl-gcc 13.2.1'
      uptime: 331
      totalram: 135066300416
      freeram: 124594483200
      sharedram: 42098688
      bufferram: 256331776
      totalswap: 0
      freeswap: 0
      pagesize: 4096
      cpus: 16
      cpus-online: 16
      ticks-per-second: 100

metrics:
    - stressor: cpu
      bogo-ops: 28246
      bogo-ops-per-second-usr-sys-time: 1412.295904
      bogo-ops-per-second-real-time: 1412.298081
      wall-clock-time: 20.000027
      user-time: 19.999058
      system-time: 0.001000
      cpu-usage-per-instance: 100.000154
      max-rss: 3152

...
