BaselineInfo:
  WebDBID: -1
  TimeStamp: 20241109145207
Version:
  Major: 11
  Minor: 0
  Build: 1002
  SpecialBuildName: ""
  ptArchitecture: x86_64_linux
Results:
  Results Complete: true
  NumTestProcesses: 96
  CPU_INTEGER_MATH: 248390.39966666672
  CPU_FLOATINGPOINT_MATH: 130813.87903440064
  CPU_PRIME: 220.78997995549494
  CPU_SORTING: 138381.9200929738
  CPU_ENCRYPTION: 77501.119494989034
  CPU_COMPRESSION: 1057387.661932426
  CPU_SINGLETHREAD: 1412.6563609991763
  CPU_PHYSICS: 5142.6613477169458
  CPU_MATRIX_MULT_SSE: 39535.605052619278
  CPU_mm: 7524.4017472437645
  CPU_sse: 30541.37627629784
  CPU_fma: 45004.287031571068
  CPU_avx: 43061.151849988979
  CPU_avx512: 0
  m_CPU_enc_SHA: 109680146672.98337
  m_CPU_enc_AES: 76044773323.722702
  m_CPU_enc_ECDSA: 58072521630.026672
  ME_ALLOC_S: 15540.788758904362
  ME_READ_S: 14939.323046875001
  ME_READ_L: 11402.2958984375
  ME_WRITE: 8191.45751953125
  ME_LARGE: 754275.16666666663
  ME_LATENCY: 62.350797165530459
  ME_THREADED: 157965.64611816406
  SUMM_CPU: 46531.632532279124
  SUMM_ME: 2208.2986591106496
SystemInformation:
  OSName: Ubuntu 24.04.1 LTS
  Kernel: 6.8.0-1016-aws
  Device: ""
  Processor: AMD EPYC 7571
  NumSockets: 2
  Manufacturer: AuthenticAMD
  NumCores: 48
  NumLogicals: 96
  CPUFrequency: 0
  Memory: 767753
  MemModuleInfo:
    iNumMemSticks: 6
    DIMM 1:
      manufacturer: Not Specified
      modulePartNo: Not Specified
      memType: DDR4
      size: 128
      clkspeed: 1333
      moduleVoltage: 0
    DIMM 2:
      manufacturer: Not Specified
      modulePartNo: Not Specified
      memType: DDR4
      size: 128
      clkspeed: 1333
      moduleVoltage: 0
    DIMM 3:
      manufacturer: Not Specified
      modulePartNo: Not Specified
      memType: DDR4
      size: 128
      clkspeed: 1333
      moduleVoltage: 0
    DIMM 4:
      manufacturer: Not Specified
      modulePartNo: Not Specified
      memType: DDR4
      size: 128
      clkspeed: 1333
      moduleVoltage: 0
    DIMM 5:
      manufacturer: Not Specified
      modulePartNo: Not Specified
      memType: DDR4
      size: 128
      clkspeed: 1333
      moduleVoltage: 0
    DIMM 6:
      manufacturer: Not Specified
      modulePartNo: Not Specified
      memType: DDR4
      size: 128
      clkspeed: 1333
      moduleVoltage: 0
Checksum: FC6536E041AA5CF01853828754C498C540624DC5