BaselineInfo:
  WebDBID: -1
  TimeStamp: 20241202191914
Version:
  Major: 11
  Minor: 0
  Build: 1002
  SpecialBuildName: ""
  ptArchitecture: aarch64_linux
Results:
  Results Complete: true
  NumTestProcesses: 16
  CPU_INTEGER_MATH: 83508.495999999999
  CPU_FLOATINGPOINT_MATH: 97041.071568736224
  CPU_PRIME: 264.79260902249086
  CPU_SORTING: 74205.637163527354
  CPU_ENCRYPTION: 3012.4052267194934
  CPU_COMPRESSION: 106496.37035582156
  CPU_SINGLETHREAD: 1944.9319710673647
  CPU_PHYSICS: 4900.6703807440845
  CPU_MATRIX_MULT_SSE: 14532.345423128329
  CPU_mm: 1824.6463515294215
  CPU_sse: 11171.56132726527
  CPU_fma: 17893.129518991387
  CPU_avx: 0
  CPU_avx512: 0
  m_CPU_enc_SHA: 4697845642.9667454
  m_CPU_enc_AES: 1721389801.5587862
  m_CPU_enc_ECDSA: 3056972024.5123253
  ME_ALLOC_S: 24105.769893174122
  ME_READ_S: 21209.498242187499
  ME_READ_L: 20191.419921875
  ME_WRITE: 21299.935546875
  ME_LARGE: 115006.25
  ME_LATENCY: 47.138176656444614
  ME_THREADED: 282379.705078125
  SUMM_CPU: 14565.424476361797
  SUMM_ME: 3336.3347098919226
SystemInformation:
  OSName: Ubuntu 24.04.1 LTS
  Kernel: 6.8.0-1018-aws
  Device: ""
  Processor: ARM Neoverse-V2 16 Core 0 MHz
  NumSockets: 1
  Manufacturer: ARM
  NumCores: 16
  NumLogicals: 16
  CPUFrequency: 0
  Memory: 126510
Checksum: 10CACE85E6529A91F32F04917B9B640ED2FF69E8