---
system-info:
      stress-ng-version: 0.17.08
      run-by: root
      date-yyyy-mm-dd: 2024:07:02
      time-hh-mm-ss: 15:52:51
      epoch-secs: 1719935571
      hostname: c2d-standard-56-5f862b6
      sysname: Linux
      nodename: c2d-standard-56-5f862b6
      release: 6.8.0-1009-gcp
      version: '#10-Ubuntu SMP Wed Jun 12 18:52:23 UTC 2024'
      machine: x86_64
      compiler: 'musl-gcc 13.2.1'
      uptime: 163
      totalram: 236418822144
      freeram: 230735888384
      sharedram: 35168256
      bufferram: 129445888
      totalswap: 0
      freeswap: 0
      pagesize: 4096
      cpus: 56
      cpus-online: 56
      ticks-per-second: 100

metrics:
    - stressor: cpu
      bogo-ops: 58511
      bogo-ops-per-second-usr-sys-time: 2925.602222
      bogo-ops-per-second-real-time: 2925.545850
      wall-clock-time: 20.000028
      user-time: 19.999643
      system-time: 0.000000
      cpu-usage-per-instance: 99.998073
      max-rss: 448

...
