---
system-info:
      stress-ng-version: 0.17.08
      run-by: root
      date-yyyy-mm-dd: 2024:09:17
      time-hh-mm-ss: 00:17:19
      epoch-secs: 1726532239
      hostname: sc-runner
      sysname: Linux
      nodename: sc-runner
      release: 6.8.0-1014-azure
      version: '#16-Ubuntu SMP Thu Aug 15 20:04:41 UTC 2024'
      machine: x86_64
      compiler: 'musl-gcc 13.2.1'
      uptime: 317
      totalram: 147648507904
      freeram: 137165172736
      sharedram: 57262080
      bufferram: 270626816
      totalswap: 0
      freeswap: 0
      pagesize: 4096
      cpus: 20
      cpus-online: 20
      ticks-per-second: 100

metrics:
    - stressor: cpu
      bogo-ops: 335192
      bogo-ops-per-second-usr-sys-time: 839.103980
      bogo-ops-per-second-real-time: 16759.499197
      wall-clock-time: 20.000120
      user-time: 399.422135
      system-time: 0.042065
      cpu-usage-per-instance: 99.865449
      max-rss: 3124

...
