BaselineInfo:
  WebDBID: -1
  TimeStamp: 20241108074623
Version:
  Major: 11
  Minor: 0
  Build: 1002
  SpecialBuildName: ""
  ptArchitecture: x86_64_linux
Results:
  Results Complete: true
  NumTestProcesses: 16
  CPU_INTEGER_MATH: 49644.856666666674
  CPU_FLOATINGPOINT_MATH: 26702.115420360438
  CPU_PRIME: 72.235985169778075
  CPU_SORTING: 25839.863157332937
  CPU_ENCRYPTION: 6835.5474877374672
  CPU_COMPRESSION: 222259.63167163052
  CPU_SINGLETHREAD: 2014.9596153423718
  CPU_PHYSICS: 1493.8707145403068
  CPU_MATRIX_MULT_SSE: 12998.457400093255
  CPU_mm: 1507.8094167340564
  CPU_sse: 5449.0231795688433
  CPU_fma: 15735.748365264821
  CPU_avx: 11093.296583040568
  CPU_avx512: 19715.761472498794
  m_CPU_enc_SHA: 2244554432.0758915
  m_CPU_enc_AES: 17251407559.333187
  m_CPU_enc_ECDSA: 2006811136.0963337
  ME_ALLOC_S: 5688.9280336496286
  ME_READ_S: 24109.402539062499
  ME_READ_L: 9890.8408203125
  ME_WRITE: 9651.5390625
  ME_LARGE: 53841.583333333336
  ME_LATENCY: 53.681289752422742
  ME_THREADED: 76036.7109375
  SUMM_CPU: 15562.169963804723
  SUMM_ME: 2487.6021633128621
SystemInformation:
  OSName: Ubuntu 24.04.1 LTS
  Kernel: 6.8.0-1015-gcp
  Device: ""
  Processor: Intel Xeon CPU @ 2.80GHz
  NumSockets: 1
  Manufacturer: GenuineIntel
  NumCores: 8
  NumLogicals: 16
  CPUFrequency: 0
  Memory: 64298
  MemModuleInfo:
    iNumMemSticks: 4
    DIMM 1:
      manufacturer: ""
      modulePartNo: ""
      memType: RAM
      size: 16
      clkspeed: 0
      moduleVoltage: 0
    DIMM 2:
      manufacturer: ""
      modulePartNo: ""
      memType: RAM
      size: 16
      clkspeed: 0
      moduleVoltage: 0
    DIMM 3:
      manufacturer: ""
      modulePartNo: ""
      memType: RAM
      size: 16
      clkspeed: 0
      moduleVoltage: 0
    DIMM 4:
      manufacturer: ""
      modulePartNo: ""
      memType: RAM
      size: 16
      clkspeed: 0
      moduleVoltage: 0
Checksum: C1599142E479C01C1FF1EACB2C25A8F9DEB1D488