---
system-info:
      stress-ng-version: 0.17.08
      run-by: root
      date-yyyy-mm-dd: 2024:06:08
      time-hh-mm-ss: 19:56:12
      epoch-secs: 1717876572
      hostname: c34f28d7461e
      sysname: Linux
      nodename: c34f28d7461e
      release: 6.8.0-1008-aws
      version: '#8-Ubuntu SMP Sat Apr 20 00:46:25 UTC 2024'
      machine: x86_64
      compiler: 'musl-gcc 13.2.1'
      uptime: 120
      totalram: 3979632640
      freeram: 183365632
      sharedram: 7581696
      bufferram: 100499456
      totalswap: 0
      freeswap: 0
      pagesize: 4096
      cpus: 1
      cpus-online: 1
      ticks-per-second: 100

metrics:
    - stressor: cpu
      bogo-ops: 17407
      bogo-ops-per-second-usr-sys-time: 1764.509229
      bogo-ops-per-second-real-time: 1740.549694
      wall-clock-time: 10.000864
      user-time: 9.863082
      system-time: 0.001984
      cpu-usage-per-instance: 98.642142
      max-rss: 4176

...
