---
system-info:
      stress-ng-version: 0.17.08
      run-by: root
      date-yyyy-mm-dd: 2024:06:15
      time-hh-mm-ss: 04:44:49
      epoch-secs: 1718426689
      hostname: 458327c22767
      sysname: Linux
      nodename: 458327c22767
      release: 6.8.0-1008-aws
      version: '#8-Ubuntu SMP Sat Apr 20 00:46:25 UTC 2024'
      machine: x86_64
      compiler: 'musl-gcc 13.2.1'
      uptime: 134
      totalram: 3979640832
      freeram: 218320896
      sharedram: 7581696
      bufferram: 103223296
      totalswap: 0
      freeswap: 0
      pagesize: 4096
      cpus: 1
      cpus-online: 1
      ticks-per-second: 100

metrics:
    - stressor: cpu
      bogo-ops: 60745
      bogo-ops-per-second-usr-sys-time: 3077.562998
      bogo-ops-per-second-real-time: 3037.239572
      wall-clock-time: 20.000069
      user-time: 19.737028
      system-time: 0.000992
      cpu-usage-per-instance: 98.689761
      max-rss: 1104

...
