---
system-info:
      stress-ng-version: 0.17.08
      run-by: root
      date-yyyy-mm-dd: 2024:07:01
      time-hh-mm-ss: 23:38:05
      epoch-secs: 1719877085
      hostname: n2d-standard-16-da4f80d
      sysname: Linux
      nodename: n2d-standard-16-da4f80d
      release: 6.8.0-1009-gcp
      version: '#10-Ubuntu SMP Wed Jun 12 18:52:23 UTC 2024'
      machine: x86_64
      compiler: 'musl-gcc 13.2.1'
      uptime: 191
      totalram: 67421847552
      freeram: 62128197632
      sharedram: 35000320
      bufferram: 126930944
      totalswap: 0
      freeswap: 0
      pagesize: 4096
      cpus: 16
      cpus-online: 16
      ticks-per-second: 100

metrics:
    - stressor: cpu
      bogo-ops: 53913
      bogo-ops-per-second-usr-sys-time: 2695.654313
      bogo-ops-per-second-real-time: 2695.639492
      wall-clock-time: 20.000078
      user-time: 19.999968
      system-time: 0.000000
      cpu-usage-per-instance: 99.999450
      max-rss: 976

...
