BaselineInfo:
  WebDBID: -1
  TimeStamp: 20241108191819
Version:
  Major: 11
  Minor: 0
  Build: 1002
  SpecialBuildName: ""
  ptArchitecture: x86_64_linux
Results:
  Results Complete: true
  NumTestProcesses: 32
  CPU_INTEGER_MATH: 107885.89633333335
  CPU_FLOATINGPOINT_MATH: 64433.199733094938
  CPU_PRIME: 164.64244247706534
  CPU_SORTING: 65451.918329646709
  CPU_ENCRYPTION: 34141.177535828749
  CPU_COMPRESSION: 475683.14127820462
  CPU_SINGLETHREAD: 2132.4847553437453
  CPU_PHYSICS: 3340.2823273834683
  CPU_MATRIX_MULT_SSE: 29599.396379618294
  CPU_mm: 3229.2479465951478
  CPU_sse: 13343.108286093231
  CPU_fma: 42865.79481390147
  CPU_avx: 32589.286038860169
  CPU_avx512: 0
  m_CPU_enc_SHA: 48350552092.716179
  m_CPU_enc_AES: 33108403305.213009
  m_CPU_enc_ECDSA: 25939902729.498325
  ME_ALLOC_S: 11090.321106939533
  ME_READ_S: 24669.966015624999
  ME_READ_L: 12702.7138671875
  ME_WRITE: 13366.484375
  ME_LARGE: 53010.5
  ME_LATENCY: 50.708576332795722
  ME_THREADED: 68991.55419921875
  SUMM_CPU: 34594.300457240723
  SUMM_ME: 2816.8826918440345
SystemInformation:
  OSName: Ubuntu 24.04.1 LTS
  Kernel: 6.8.0-1016-aws
  Device: ""
  Processor: AMD EPYC 7R32
  NumSockets: 1
  Manufacturer: AuthenticAMD
  NumCores: 16
  NumLogicals: 32
  CPUFrequency: 0
  Memory: 63586
  MemModuleInfo:
    iNumMemSticks: 1
    DIMM 1:
      manufacturer: Not Specified
      modulePartNo: Not Specified
      memType: DDR4
      size: 64
      clkspeed: 1466
      moduleVoltage: 0
Checksum: 2C15D0970B5ADDE18B2B2658B3216CCF9A48FF30