BaselineInfo:
  WebDBID: -1
  TimeStamp: 20260612191701
Version:
  Major: 11
  Minor: 0
  Build: 1004
  SpecialBuildName: ""
  ptArchitecture: x86_64_linux
Results:
  Results Complete: true
  NumTestProcesses: 12
  CPU_INTEGER_MATH: 71395.209666666677
  CPU_FLOATINGPOINT_MATH: 43258.957524527279
  CPU_PRIME: 66.564569511184146
  CPU_SORTING: 29417.92740947082
  CPU_ENCRYPTION: 7170.4068507076272
  CPU_COMPRESSION: 224946.10756758868
  CPU_SINGLETHREAD: 3109.6066456041567
  CPU_PHYSICS: 1099.0321091903199
  CPU_MATRIX_MULT_SSE: 11294.471943663293
  CPU_mm: 1445.2985353288259
  CPU_sse: 6004.9345281009155
  CPU_fma: 15521.60143936127
  CPU_avx: 12356.879863527693
  CPU_avx512: 0
  m_CPU_enc_SHA: 2326764383.8591924
  m_CPU_enc_AES: 18282688122.368393
  m_CPU_enc_ECDSA: 1946697095.4352174
  ME_ALLOC_S: 6357.4117883391982
  ME_READ_S: 33337.224999999999
  ME_READ_L: 17069.03515625
  ME_WRITE: 13609.3671875
  ME_LARGE: 39686.25
  ME_LATENCY: 43.68847736602708
  ME_THREADED: 37055.4775390625
  SUMM_CPU: 17761.334154575925
  SUMM_ME: 3149.2220419605046
SystemInformation:
  OSName: Ubuntu 24.04.4 LTS
  Kernel: 6.8.0-124-generic
  Device: ""
  Processor: Intel Core Processor (Skylake, IBRS, no TSX)
  NumSockets: 1
  Manufacturer: GenuineIntel
  NumCores: 6
  NumLogicals: 12
  CPUFrequency: 7
  CPUMaxFrequency: 832
  Memory: 48168
  CPUInfo:
    number: 1
    Family: 6
    Model: 14
    stepping: 3
    features: 395049983
    manufacture: GenuineIntel
    typestring: Intel Core Processor (Skylake, IBRS, no TSX)
    iCoresPerPackage: 6
    iThreadsPerPackage: 2
    featuresEx:
      - 395049983
      - 4294586883
      - 672139264
    bHybrid: false
    nPCore: 0
    nLogicalsPerPCore: 0
    nECore: 0
    nLogicalsPerECore: 0
  MemModuleInfo:
    iNumMemSticks: 3
    DIMM 1:
      manufacturer: QEMU
      modulePartNo: Not Specified
      memType: RAM
      size: 16
      clkspeed: 0
      moduleVoltage: 0
    DIMM 2:
      manufacturer: QEMU
      modulePartNo: Not Specified
      memType: RAM
      size: 16
      clkspeed: 0
      moduleVoltage: 0
    DIMM 3:
      manufacturer: QEMU
      modulePartNo: Not Specified
      memType: RAM
      size: 16
      clkspeed: 0
      moduleVoltage: 0
Checksum: D433EE98EB73F0353C4188F130E554E1CDE59A78