---
system-info:
      stress-ng-version: 0.17.08
      run-by: root
      date-yyyy-mm-dd: 2024:06:07
      time-hh-mm-ss: 15:46:02
      epoch-secs: 1717775162
      hostname: ede72161b6b3
      sysname: Linux
      nodename: ede72161b6b3
      release: 6.8.0-1008-aws
      version: '#8-Ubuntu SMP Sat Apr 20 02:43:14 UTC 2024'
      machine: aarch64
      compiler: 'musl-gcc 13.2.1'
      uptime: 146
      totalram: 199007997952
      freeram: 194332250112
      sharedram: 35008512
      bufferram: 92033024
      totalswap: 0
      freeswap: 0
      pagesize: 4096
      cpus: 32
      cpus-online: 32
      ticks-per-second: 100

metrics:
    - stressor: cpu
      bogo-ops: 2940
      bogo-ops-per-second-usr-sys-time: 293.138291
      bogo-ops-per-second-real-time: 293.143397
      wall-clock-time: 10.029221
      user-time: 10.029396
      system-time: 0.000000
      cpu-usage-per-instance: 100.001742
      max-rss: 4096

...
