---
system-info:
      stress-ng-version: 0.17.08
      run-by: root
      date-yyyy-mm-dd: 2024:06:14
      time-hh-mm-ss: 14:57:00
      epoch-secs: 1718377020
      hostname: 5948fc9cb7a9
      sysname: Linux
      nodename: 5948fc9cb7a9
      release: 6.8.0-1008-aws
      version: '#8-Ubuntu SMP Sat Apr 20 02:43:14 UTC 2024'
      machine: aarch64
      compiler: 'musl-gcc 13.2.1'
      uptime: 177
      totalram: 199007997952
      freeram: 194274947072
      sharedram: 35008512
      bufferram: 109064192
      totalswap: 0
      freeswap: 0
      pagesize: 4096
      cpus: 32
      cpus-online: 32
      ticks-per-second: 100

metrics:
    - stressor: cpu
      bogo-ops: 30391
      bogo-ops-per-second-usr-sys-time: 1519.533817
      bogo-ops-per-second-real-time: 1519.543080
      wall-clock-time: 20.000091
      user-time: 20.000213
      system-time: 0.000000
      cpu-usage-per-instance: 100.000610
      max-rss: 1280

...
