BaselineInfo:
  WebDBID: -1
  TimeStamp: 20250417181914
Version:
  Major: 11
  Minor: 0
  Build: 1002
  SpecialBuildName: ""
  ptArchitecture: x86_64_linux
Results:
  Results Complete: true
  NumTestProcesses: 16
  CPU_INTEGER_MATH: 75816.355999999985
  CPU_FLOATINGPOINT_MATH: 53779.308112024431
  CPU_PRIME: 157.49429697134576
  CPU_SORTING: 37841.564249496121
  CPU_ENCRYPTION: 16672.658760208411
  CPU_COMPRESSION: 275071.02031170996
  CPU_SINGLETHREAD: 2916.0106996463428
  CPU_PHYSICS: 3601.7218896700138
  CPU_MATRIX_MULT_SSE: 23175.027871135215
  CPU_mm: 2160.5864629182738
  CPU_sse: 9360.4290797210597
  CPU_fma: 26612.196075153763
  CPU_avx: 19538.7596440163
  CPU_avx512: 37188.726685649737
  m_CPU_enc_SHA: 17653990466.768223
  m_CPU_enc_AES: 22993785611.172707
  m_CPU_enc_ECDSA: 11799873418.491972
  ME_ALLOC_S: 9006.3965126714029
  ME_READ_S: 26182.5166015625
  ME_READ_L: 9668.162109375
  ME_WRITE: 9018.23046875
  ME_LARGE: 22686.5
  ME_LATENCY: 70.313081046389186
  ME_THREADED: 117894.07666015625
  SUMM_CPU: 26491.387276202338
  SUMM_ME: 2222.931797516012
SystemInformation:
  OSName: Ubuntu 24.04.2 LTS
  Kernel: 6.8.0-1021-azure
  Device: ""
  Processor: INTEL XEON PLATINUM 8573C
  NumSockets: 1
  Manufacturer: GenuineIntel
  NumCores: 8
  NumLogicals: 16
  CPUFrequency: 2300
  Memory: 32088
  MemModuleInfo:
    iNumMemSticks: 2
    DIMM 1:
      manufacturer: Microsoft Corporation
      modulePartNo: None
      memType: Unknown
      size: 1
      clkspeed: 0
      moduleVoltage: 0
    DIMM 2:
      manufacturer: Microsoft Corporation
      modulePartNo: None
      memType: Unknown
      size: 31
      clkspeed: 0
      moduleVoltage: 0
Checksum: 3FA1C1FABB1929EBE20765D192C3624B5A5CCC74