size_kb,operation,bandwidth_mb_s,latency_ns,latency_stddev_ns,latency_samples,threads,iterations,elapsed_s
32,read,71081.08,0,0,0,2,344827,0.303199
32,write,62554.61,0,0,0,2,339673,0.339376
32,copy,45491.11,0,0,0,2,264270,0.363079
32,latency,0,1.55,0.02,7,1,7,0.223541
128,read,70642.56,0,0,0,2,107066,0.378901
128,write,62676.57,0,0,0,2,102796,0.410026
128,copy,45544.38,0,0,0,2,73637,0.404205
128,latency,0,4.35,0.01,7,1,7,0.633241
512,read,67927.02,0,0,0,2,28845,0.424647
512,write,60747.70,0,0,0,2,29950,0.493023
512,copy,15842.21,0,0,0,2,13829,0.872921
512,latency,0,6.28,0.02,7,1,7,0.601178
1024,read,32561.61,0,0,0,2,11660,0.716181
1024,write,29829.45,0,0,0,2,11320,0.758981
1024,copy,14519.91,0,0,0,2,4115,0.566808
1024,latency,0,8.06,0.05,7,1,7,0.646926
2048,read,29703.89,0,0,0,2,3811,0.513199
2048,write,27943.90,0,0,0,2,3512,0.502722
2048,copy,14460.44,0,0,0,2,1831,0.506485
2048,latency,0,16.95,0.03,7,1,7,0.710615
16384,read,25070.63,0,0,0,2,245,0.312717
16384,write,20546.63,0,0,0,2,164,0.255419
16384,copy,8458.18,0,0,0,2,107,0.404815
16384,latency,0,77.05,3.85,8,1,8,0.977759
32768,read,14917.58,0,0,0,2,79,0.338929
32768,write,13828.88,0,0,0,2,86,0.398008
32768,copy,7658.96,0,0,0,2,50,0.417811
32768,latency,0,100.57,1.35,7,1,7,2.157840
65536,read,13858.95,0,0,0,2,44,0.406380
65536,write,12819.75,0,0,0,2,38,0.379415
65536,copy,7625.73,0,0,0,2,25,0.419632
65536,latency,0,99.97,1.54,7,1,7,4.442188
131072,read,13683.37,0,0,0,2,23,0.430303
131072,write,12494.28,0,0,0,2,19,0.389298
131072,copy,7457.70,0,0,0,2,12,0.411923
131072,latency,0,106.72,1.19,7,1,7,9.456562
262144,read,13641.40,0,0,0,2,11,0.412861
262144,write,12767.10,0,0,0,2,9,0.360928
262144,copy,7605.62,0,0,0,2,6,0.403912
262144,latency,0,106.99,0.62,7,1,7,19.003398
