---
system-info:
      stress-ng-version: 0.17.08
      run-by: root
      date-yyyy-mm-dd: 2024:09:08
      time-hh-mm-ss: 21:27:04
      epoch-secs: 1725830824
      hostname: ip-172-31-56-108
      sysname: Linux
      nodename: ip-172-31-56-108
      release: 6.8.0-1014-aws
      version: '#15-Ubuntu SMP Thu Aug  8 19:13:06 UTC 2024'
      machine: x86_64
      compiler: 'musl-gcc 13.2.1'
      uptime: 260
      totalram: 257533595648
      freeram: 248851234816
      sharedram: 48553984
      bufferram: 225357824
      totalswap: 0
      freeswap: 0
      pagesize: 4096
      cpus: 16
      cpus-online: 16
      ticks-per-second: 100

metrics:
    - stressor: cpu
      bogo-ops: 17576
      bogo-ops-per-second-usr-sys-time: 878.814984
      bogo-ops-per-second-real-time: 878.790603
      wall-clock-time: 20.000214
      user-time: 19.998660
      system-time: 0.000999
      cpu-usage-per-instance: 99.997226
      max-rss: 1104

...
