---
system-info:
      stress-ng-version: 0.17.08
      run-by: root
      date-yyyy-mm-dd: 2024:09:11
      time-hh-mm-ss: 11:55:04
      epoch-secs: 1726055704
      hostname: ip-172-31-84-82
      sysname: Linux
      nodename: ip-172-31-84-82
      release: 6.8.0-1014-aws
      version: '#15-Ubuntu SMP Thu Aug  8 19:13:06 UTC 2024'
      machine: x86_64
      compiler: 'musl-gcc 13.2.1'
      uptime: 232
      totalram: 257533612032
      freeram: 248714907648
      sharedram: 48553984
      bufferram: 220798976
      totalswap: 0
      freeswap: 0
      pagesize: 4096
      cpus: 16
      cpus-online: 16
      ticks-per-second: 100

metrics:
    - stressor: cpu
      bogo-ops: 17664
      bogo-ops-per-second-usr-sys-time: 883.225525
      bogo-ops-per-second-real-time: 883.192598
      wall-clock-time: 20.000168
      user-time: 19.999422
      system-time: 0.000000
      cpu-usage-per-instance: 99.996272
      max-rss: 1104

...
