---
system-info:
      stress-ng-version: 0.17.08
      run-by: root
      date-yyyy-mm-dd: 2024:06:08
      time-hh-mm-ss: 17:55:39
      epoch-secs: 1717869339
      hostname: cc60ad09d781
      sysname: Linux
      nodename: cc60ad09d781
      release: 6.8.0-1008-aws
      version: '#8-Ubuntu SMP Sat Apr 20 00:46:25 UTC 2024'
      machine: x86_64
      compiler: 'musl-gcc 13.2.1'
      uptime: 120
      totalram: 8158904320
      freeram: 3772317696
      sharedram: 59863040
      bufferram: 104398848
      totalswap: 0
      freeswap: 0
      pagesize: 4096
      cpus: 2
      cpus-online: 2
      ticks-per-second: 100

metrics:
    - stressor: cpu
      bogo-ops: 16637
      bogo-ops-per-second-usr-sys-time: 1663.865555
      bogo-ops-per-second-real-time: 1663.673781
      wall-clock-time: 10.000158
      user-time: 9.998006
      system-time: 0.000999
      cpu-usage-per-instance: 99.988474
      max-rss: 3920

...
