---
system-info:
      stress-ng-version: 0.17.08
      run-by: root
      date-yyyy-mm-dd: 2024:06:15
      time-hh-mm-ss: 02:21:04
      epoch-secs: 1718418064
      hostname: b1b16cac8b21
      sysname: Linux
      nodename: b1b16cac8b21
      release: 6.8.0-1008-aws
      version: '#8-Ubuntu SMP Sat Apr 20 00:46:25 UTC 2024'
      machine: x86_64
      compiler: 'musl-gcc 13.2.1'
      uptime: 137
      totalram: 8158904320
      freeram: 3815936000
      sharedram: 59863040
      bufferram: 109871104
      totalswap: 0
      freeswap: 0
      pagesize: 4096
      cpus: 2
      cpus-online: 2
      ticks-per-second: 100

metrics:
    - stressor: cpu
      bogo-ops: 37587
      bogo-ops-per-second-usr-sys-time: 1879.430440
      bogo-ops-per-second-real-time: 1879.343973
      wall-clock-time: 20.000064
      user-time: 19.999144
      system-time: 0.000000
      cpu-usage-per-instance: 99.995399
      max-rss: 1104

...
