BaselineInfo:
  WebDBID: -1
  TimeStamp: 20241108132530
Version:
  Major: 11
  Minor: 0
  Build: 1002
  SpecialBuildName: ""
  ptArchitecture: x86_64_linux
Results:
  Results Complete: true
  NumTestProcesses: 32
  CPU_INTEGER_MATH: 78047.862333333309
  CPU_FLOATINGPOINT_MATH: 47740.982782632098
  CPU_PRIME: 113.91514963822544
  CPU_SORTING: 39812.126211180315
  CPU_ENCRYPTION: 10751.057938146447
  CPU_COMPRESSION: 331336.28232734959
  CPU_SINGLETHREAD: 1641.3791571762958
  CPU_PHYSICS: 2137.6202922094026
  CPU_MATRIX_MULT_SSE: 19328.411633868098
  CPU_mm: 2353.658746976736
  CPU_sse: 8861.3777405588462
  CPU_fma: 28832.738826067216
  CPU_avx: 20291.118334978237
  CPU_avx512: 0
  m_CPU_enc_SHA: 3520526943.8503337
  m_CPU_enc_AES: 27144282867.156982
  m_CPU_enc_ECDSA: 3155094174.6422453
  ME_ALLOC_S: 8833.6265206335247
  ME_READ_S: 19319.376171874999
  ME_READ_L: 9928.8544921875
  ME_WRITE: 9361.1767578125
  ME_LARGE: 18338.916666666668
  ME_LATENCY: 57.139886374021955
  ME_THREADED: 83030.167236328125
  SUMM_CPU: 22235.881919613013
  SUMM_ME: 2277.2155420165382
SystemInformation:
  OSName: Ubuntu 24.04.1 LTS
  Kernel: 6.8.0-1015-gcp
  Device: ""
  Processor: Intel Xeon CPU @ 2.30GHz
  NumSockets: 1
  Manufacturer: GenuineIntel
  NumCores: 16
  NumLogicals: 32
  CPUFrequency: 0
  Memory: 28858
  MemModuleInfo:
    iNumMemSticks: 2
    DIMM 1:
      manufacturer: ""
      modulePartNo: ""
      memType: RAM
      size: 16
      clkspeed: 0
      moduleVoltage: 0
    DIMM 2:
      manufacturer: ""
      modulePartNo: ""
      memType: RAM
      size: 13107
      clkspeed: 0
      moduleVoltage: 0
Checksum: 5CCEDAFD0210101D2A3FC233FE32B630A6CF3B65