BaselineInfo:
  WebDBID: -1
  TimeStamp: 20260123000816
Version:
  Major: 11
  Minor: 0
  Build: 1004
  SpecialBuildName: ""
  ptArchitecture: aarch64_linux
Results:
  Results Complete: true
  NumTestProcesses: 192
  CPU_INTEGER_MATH: 962484.9933333334
  CPU_FLOATINGPOINT_MATH: 1118473.1400187782
  CPU_PRIME: 1649.7054203177593
  CPU_SORTING: 823205.21352070838
  CPU_ENCRYPTION: 34670.542727339198
  CPU_COMPRESSION: 1223015.0263736427
  CPU_SINGLETHREAD: 1866.3181444569252
  CPU_PHYSICS: 38486.107643301293
  CPU_MATRIX_MULT_SSE: 140054.49378481309
  CPU_mm: 20726.667369546773
  CPU_sse: 110710.35453950013
  CPU_fma: 169398.63303012613
  CPU_avx: 0
  CPU_avx512: 0
  m_CPU_enc_SHA: 54324531622.070572
  m_CPU_enc_AES: 19814527059.793697
  m_CPU_enc_ECDSA: 34925038350.723083
  ME_ALLOC_S: 46992.515475705935
  ME_READ_S: 20207.983789062499
  ME_READ_L: 18621.994140625
  ME_WRITE: 20490.900390625
  ME_LARGE: 362609.91666666669
  ME_LATENCY: 45.39573354216293
  ME_THREADED: 1085053.7541503906
  SUMM_CPU: 77457.04794836673
  SUMM_ME: 3364.0352337963182
SystemInformation:
  OSName: Ubuntu 24.04.3 LTS
  Kernel: 6.14.0-1018-aws
  Device: ""
  Processor: ARM Neoverse-V2 192 Core 0 MHz
  NumSockets: 2
  Manufacturer: ARM
  NumCores: 192
  NumLogicals: 192
  CPUFrequency: 0
  CPUMaxFrequency: 0
  Memory: 380039
Checksum: 8C812702C9D1B5668CDF548BB81E2311D8FE0C48