BaselineInfo:
  WebDBID: -1
  TimeStamp: 20241114171733
Version:
  Major: 11
  Minor: 0
  Build: 1002
  SpecialBuildName: ""
  ptArchitecture: aarch64_linux
Results:
  Results Complete: true
  NumTestProcesses: 2
  CPU_INTEGER_MATH: 7840.6483333333326
  CPU_FLOATINGPOINT_MATH: 5951.7892392412068
  CPU_PRIME: 16.619018048942273
  CPU_SORTING: 5613.2824771785909
  CPU_ENCRYPTION: 267.6370185882015
  CPU_COMPRESSION: 8827.6611769765332
  CPU_SINGLETHREAD: 1107.2868032259607
  CPU_PHYSICS: 337.68633492114725
  CPU_MATRIX_MULT_SSE: 1235.6740385378823
  CPU_mm: 207.3295461136494
  CPU_sse: 1031.3812185607289
  CPU_fma: 1439.9668585150357
  CPU_avx: 0
  CPU_avx512: 0
  m_CPU_enc_SHA: 400975119.50321698
  m_CPU_enc_AES: 186355627.25697517
  m_CPU_enc_ECDSA: 254582516.44923377
  ME_ALLOC_S: 1249.6038972468518
  ME_READ_S: 9455.4796874999993
  ME_READ_L: 9091.447265625
  ME_WRITE: 12107.0146484375
  ME_LARGE: 568
  ME_LATENCY: 74.568816991603981
  ME_THREADED: 17882.7021484375
  SUMM_CPU: 1343.7742173609925
  SUMM_ME: 817.07857975495563
SystemInformation:
  OSName: Ubuntu 24.04.1 LTS
  Kernel: 6.8.0-1018-aws
  Device: ""
  Processor: ARM Neoverse-N1 2 Core 0 MHz
  NumSockets: 1
  Manufacturer: ARM
  NumCores: 2
  NumLogicals: 2
  CPUFrequency: 0
  Memory: 3831
Checksum: 69E5A2EF9CE181A634CE4B2EEA17EBE1378FAC67