BaselineInfo:
  WebDBID: -1
  TimeStamp: 20241106221650
Version:
  Major: 11
  Minor: 0
  Build: 1002
  SpecialBuildName: ""
  ptArchitecture: aarch64_linux
Results:
  Results Complete: true
  NumTestProcesses: 2
  CPU_INTEGER_MATH: 7836.4593333333341
  CPU_FLOATINGPOINT_MATH: 5948.3844270933005
  CPU_PRIME: 14.986762172444678
  CPU_SORTING: 5576.4788295669041
  CPU_ENCRYPTION: 268.55658389995961
  CPU_COMPRESSION: 8914.9296543841265
  CPU_SINGLETHREAD: 1108.2013556803174
  CPU_PHYSICS: 294.14036907735294
  CPU_MATRIX_MULT_SSE: 1227.1974336838566
  CPU_mm: 207.07211209362646
  CPU_sse: 1027.4269767952142
  CPU_fma: 1426.9678905724995
  CPU_avx: 0
  CPU_avx512: 0
  m_CPU_enc_SHA: 406619172.35472965
  m_CPU_enc_AES: 187185532.73522422
  m_CPU_enc_ECDSA: 251001260.46849835
  ME_ALLOC_S: 1198.2220515506149
  ME_READ_S: 9450.720703125
  ME_READ_L: 9071.232421875
  ME_WRITE: 12280.041015625
  ME_LARGE: 609
  ME_LATENCY: 74.715624189265085
  ME_THREADED: 18029.423828125
  SUMM_CPU: 1342.3828126592275
  SUMM_ME: 842.2726542999751
SystemInformation:
  OSName: Ubuntu 24.04.1 LTS
  Kernel: 6.8.0-1016-aws
  Device: ""
  Processor: ARM Neoverse-N1 2 Core 0 MHz
  NumSockets: 1
  Manufacturer: ARM
  NumCores: 2
  NumLogicals: 2
  CPUFrequency: 0
  Memory: 3831
Checksum: 6F45DB592853FB2699B1FFF63BA6CD5AA31BF3D2