BaselineInfo:
  WebDBID: -1
  TimeStamp: 20241115095152
Version:
  Major: 11
  Minor: 0
  Build: 1002
  SpecialBuildName: ""
  ptArchitecture: aarch64_linux
Results:
  Results Complete: true
  NumTestProcesses: 2
  CPU_INTEGER_MATH: 7829.2883333333339
  CPU_FLOATINGPOINT_MATH: 5942.8385282714989
  CPU_PRIME: 13.449327639431218
  CPU_SORTING: 5611.9864673562734
  CPU_ENCRYPTION: 265.95332707737623
  CPU_COMPRESSION: 7679.9868458105229
  CPU_SINGLETHREAD: 1104.271941359259
  CPU_PHYSICS: 271.87830017688549
  CPU_MATRIX_MULT_SSE: 1235.0868421418515
  CPU_mm: 206.91534470249465
  CPU_sse: 1034.9631859406843
  CPU_fma: 1435.210498343019
  CPU_avx: 0
  CPU_avx512: 0
  m_CPU_enc_SHA: 397595350.48258471
  m_CPU_enc_AES: 185391805.22770405
  m_CPU_enc_ECDSA: 253629671.97017181
  ME_ALLOC_S: 1232.2723522499298
  ME_READ_S: 9432.3033203124996
  ME_READ_L: 8964.537109375
  ME_WRITE: 11492.5771484375
  ME_LARGE: 570.58333333333337
  ME_LATENCY: 75.522008559786087
  ME_THREADED: 17770.0166015625
  SUMM_CPU: 1274.3044004198846
  SUMM_ME: 813.55791942062979
SystemInformation:
  OSName: Ubuntu 24.04.1 LTS
  Kernel: 6.8.0-1018-aws
  Device: ""
  Processor: ARM Neoverse-N1 2 Core 0 MHz
  NumSockets: 1
  Manufacturer: ARM
  NumCores: 2
  NumLogicals: 2
  CPUFrequency: 0
  Memory: 3831
Checksum: 853FB403EE48EAF3C125FE1FA173247D7FE6F561