size_kb,operation,bandwidth_mb_s,latency_ns,latency_stddev_ns,latency_samples,threads,iterations,elapsed_s
32,read,600983.71,0,0,0,8,447227,0.186040
32,write,656825.32,0,0,0,8,618812,0.235531
32,copy,490454.08,0,0,0,8,385802,0.196656
32,latency,0,2.15,0.00,7,1,7,0.308526
128,read,496494.97,0,0,0,8,105086,0.211656
128,write,591607.75,0,0,0,8,165672,0.280037
128,copy,355133.88,0,0,0,8,71428,0.201130
128,latency,0,2.84,0.00,7,1,7,0.656162
1024,read,458096.42,0,0,0,8,16863,0.294488
1024,write,588903.06,0,0,0,8,21132,0.287069
1024,copy,267934.00,0,0,0,8,14055,0.419656
1024,latency,0,5.21,0.00,7,1,7,0.688722
2048,read,353287.56,0,0,0,8,6828,0.309233
2048,write,561764.87,0,0,0,8,10466,0.298089
2048,copy,138293.05,0,0,0,8,5311,0.614463
2048,latency,0,9.65,0.01,7,1,7,0.636351
4096,read,215131.61,0,0,0,8,3039,0.452040
4096,write,251885.49,0,0,0,8,4874,0.619202
4096,copy,105863.81,0,0,0,8,2114,0.639010
4096,latency,0,17.58,0.03,7,1,7,0.698241
8192,read,168280.71,0,0,0,8,1201,0.456761
8192,write,174184.25,0,0,0,8,2243,0.824139
8192,copy,97545.01,0,0,0,8,887,0.581967
8192,latency,0,22.69,0.03,7,1,7,0.718336
16384,read,152513.34,0,0,0,8,496,0.416278
16384,write,151079.88,0,0,0,8,1025,0.868415
16384,copy,94467.59,0,0,0,8,408,0.552825
16384,latency,0,24.81,1.70,21,1,21,1.822542
32768,read,144963.14,0,0,0,8,240,0.423832
32768,write,140899.08,0,0,0,8,484,0.879381
32768,copy,91952.30,0,0,0,8,207,0.576299
32768,latency,0,59.57,8.85,21,1,21,3.077357
65536,read,141540.18,0,0,0,8,123,0.444934
65536,write,136455.87,0,0,0,8,257,0.964297
65536,copy,90778.34,0,0,0,8,109,0.614772
65536,latency,0,92.86,1.25,7,1,7,4.112988
131072,read,139485.27,0,0,0,8,62,0.455159
131072,write,135316.27,0,0,0,8,127,0.961067
131072,copy,90626.72,0,0,0,8,54,0.610151
131072,latency,0,106.18,0.45,7,1,7,9.606597
