BaselineInfo:
  WebDBID: -1
  TimeStamp: 20260407092918
Version:
  Major: 11
  Minor: 0
  Build: 1004
  SpecialBuildName: ""
  ptArchitecture: x86_64_linux
Results:
  Results Complete: true
  NumTestProcesses: 8
  CPU_INTEGER_MATH: 28061.401000000005
  CPU_FLOATINGPOINT_MATH: 18457.07747809025
  CPU_PRIME: 49.225135744919534
  CPU_SORTING: 19257.713121417353
  CPU_ENCRYPTION: 3632.8665495646187
  CPU_COMPRESSION: 141124.37066903431
  CPU_SINGLETHREAD: 1903.9321141948312
  CPU_PHYSICS: 947.7288996787305
  CPU_MATRIX_MULT_SSE: 8823.2651009012843
  CPU_mm: 888.21796918227892
  CPU_sse: 3605.5050499372464
  CPU_fma: 11498.54933067703
  CPU_avx: 7985.3740131319337
  CPU_avx512: 12203.632009858928
  m_CPU_enc_SHA: 1759536016.2144055
  m_CPU_enc_AES: 8123928985.9337502
  m_CPU_enc_ECDSA: 1544545023.080653
  ME_ALLOC_S: 2641.1791350584281
  ME_READ_S: 21203.115039062501
  ME_READ_L: 8732.017578125
  ME_WRITE: 8377.751953125
  ME_LARGE: 17225.75
  ME_LATENCY: 60.752784552077742
  ME_THREADED: 54288.04833984375
  SUMM_CPU: 10087.863483462181
  SUMM_ME: 2071.634271851196
SystemInformation:
  OSName: Ubuntu 24.04.4 LTS
  Kernel: 6.8.0-106-generic
  Device: ""
  Processor: Intel(R) Xeon(R) Platinum 8269CY CPU @ 2.50GHz
  NumSockets: 1
  Manufacturer: GenuineIntel
  NumCores: 4
  NumLogicals: 8
  CPUFrequency: 0
  CPUMaxFrequency: 0
  Memory: 30331
  CPUInfo:
    number: 1
    Family: 6
    Model: 5
    stepping: 7
    features: 529267711
    manufacture: GenuineIntel
    typestring: Intel(R) Xeon(R) Platinum 8269CY CPU @ 2.50GHz
    iCoresPerPackage: 4
    iThreadsPerPackage: 2
    featuresEx:
      - 529267711
      - 4277809667
      - 739248128
    bHybrid: false
    nPCore: 0
    nLogicalsPerPCore: 0
    nECore: 0
    nLogicalsPerECore: 0
  MemModuleInfo:
    iNumMemSticks: 2
    DIMM 1:
      manufacturer: Alibaba Cloud
      modulePartNo: Not Specified
      memType: RAM
      size: 16
      clkspeed: 0
      moduleVoltage: 0
    DIMM 2:
      manufacturer: Alibaba Cloud
      modulePartNo: Not Specified
      memType: RAM
      size: 16
      clkspeed: 0
      moduleVoltage: 0
Checksum: 83724E1D1EED41414D9C2A561C74ACEA6B888ED4