---
system-info:
      stress-ng-version: 0.17.08
      run-by: root
      date-yyyy-mm-dd: 2024:06:16
      time-hh-mm-ss: 07:56:00
      epoch-secs: 1718524560
      hostname: e02da19b0240
      sysname: Linux
      nodename: e02da19b0240
      release: 6.8.0-1008-aws
      version: '#8-Ubuntu SMP Sat Apr 20 00:46:25 UTC 2024'
      machine: x86_64
      compiler: 'musl-gcc 13.2.1'
      uptime: 139
      totalram: 100155252736
      freeram: 95630336000
      sharedram: 29233152
      bufferram: 110596096
      totalswap: 0
      freeswap: 0
      pagesize: 4096
      cpus: 12
      cpus-online: 12
      ticks-per-second: 100

metrics:
    - stressor: cpu
      bogo-ops: 33164
      bogo-ops-per-second-usr-sys-time: 1658.192953
      bogo-ops-per-second-real-time: 1658.193951
      wall-clock-time: 20.000073
      user-time: 20.000085
      system-time: 0.000000
      cpu-usage-per-instance: 100.000060
      max-rss: 1104

...
