---
system-info:
      stress-ng-version: 0.17.08
      run-by: root
      date-yyyy-mm-dd: 2024:06:10
      time-hh-mm-ss: 05:40:16
      epoch-secs: 1717998016
      hostname: b826007becb6
      sysname: Linux
      nodename: b826007becb6
      release: 6.8.0-1008-aws
      version: '#8-Ubuntu SMP Sat Apr 20 00:46:25 UTC 2024'
      machine: x86_64
      compiler: 'musl-gcc 13.2.1'
      uptime: 119
      totalram: 100155252736
      freeram: 95531147264
      sharedram: 29233152
      bufferram: 116150272
      totalswap: 0
      freeswap: 0
      pagesize: 4096
      cpus: 12
      cpus-online: 12
      ticks-per-second: 100

metrics:
    - stressor: cpu
      bogo-ops: 18067
      bogo-ops-per-second-usr-sys-time: 1806.302252
      bogo-ops-per-second-real-time: 1806.294022
      wall-clock-time: 10.002248
      user-time: 10.002202
      system-time: 0.000000
      cpu-usage-per-instance: 99.999544
      max-rss: 3920

...
