---
system-info:
      stress-ng-version: 0.17.08
      run-by: root
      date-yyyy-mm-dd: 2024:09:23
      time-hh-mm-ss: 17:13:19
      epoch-secs: 1727111599
      hostname: sc-runner
      sysname: Linux
      nodename: sc-runner
      release: 6.8.0-1014-azure
      version: '#16-Ubuntu SMP Thu Aug 15 20:04:41 UTC 2024'
      machine: x86_64
      compiler: 'musl-gcc 13.2.1'
      uptime: 338
      totalram: 147647787008
      freeram: 137138212864
      sharedram: 55050240
      bufferram: 261103616
      totalswap: 0
      freeswap: 0
      pagesize: 4096
      cpus: 20
      cpus-online: 20
      ticks-per-second: 100

metrics:
    - stressor: cpu
      bogo-ops: 541869
      bogo-ops-per-second-usr-sys-time: 1355.774138
      bogo-ops-per-second-real-time: 27093.338508
      wall-clock-time: 20.000082
      user-time: 399.643994
      system-time: 0.030985
      cpu-usage-per-instance: 99.918334
      max-rss: 3120

...
