BaselineInfo:
  WebDBID: -1
  TimeStamp: 20260404161450
Version:
  Major: 11
  Minor: 0
  Build: 1004
  SpecialBuildName: ""
  ptArchitecture: aarch64_linux
Results:
  Results Complete: true
  NumTestProcesses: 32
  CPU_INTEGER_MATH: 176278.06633333335
  CPU_FLOATINGPOINT_MATH: 147780.76764066817
  CPU_PRIME: 253.40071665039616
  CPU_SORTING: 136236.01999916843
  CPU_ENCRYPTION: 5266.3198893330718
  CPU_COMPRESSION: 190808.23770506732
  CPU_SINGLETHREAD: 1641.3588582069453
  CPU_PHYSICS: 5484.6497960590405
  CPU_MATRIX_MULT_SSE: 24985.287800885373
  CPU_mm: 4021.0857076648408
  CPU_sse: 21086.010493494414
  CPU_fma: 28884.565108276311
  CPU_avx: 0
  CPU_avx512: 0
  m_CPU_enc_SHA: 7793862709.6785574
  m_CPU_enc_AES: 3424628220.7517595
  m_CPU_enc_ECDSA: 5347919002.4016247
  ME_ALLOC_S: 26041.424346255615
  ME_READ_S: 22476.801953124999
  ME_READ_L: 18465.380859375
  ME_WRITE: 22137.484375
  ME_LARGE: 47314.333333333336
  ME_LATENCY: 58.22328426001328
  ME_THREADED: 128516.5927734375
  SUMM_CPU: 22894.564015849108
  SUMM_ME: 2948.7988849781059
SystemInformation:
  OSName: Ubuntu 24.04.4 LTS
  Kernel: 6.8.0-106-generic
  Device: ""
  Processor: ARM Neoverse-N2 32 Core 3000 MHz
  NumSockets: 1
  Manufacturer: ARM
  NumCores: 32
  NumLogicals: 32
  CPUFrequency: 3000
  CPUMaxFrequency: 3000
  Memory: 62269
Checksum: 085F2EC84C6E87B6A8A367BE3BF67D95AAEB64A4