BaselineInfo:
  WebDBID: -1
  TimeStamp: 20250421182907
Version:
  Major: 11
  Minor: 0
  Build: 1002
  SpecialBuildName: ""
  ptArchitecture: aarch64_linux
Results:
  Results Complete: true
  NumTestProcesses: 16
  CPU_INTEGER_MATH: 83503.502333333337
  CPU_FLOATINGPOINT_MATH: 97026.519902580272
  CPU_PRIME: 264.9595840604124
  CPU_SORTING: 73880.245496747855
  CPU_ENCRYPTION: 3012.3205553395146
  CPU_COMPRESSION: 106328.85658493302
  CPU_SINGLETHREAD: 1942.2136193397698
  CPU_PHYSICS: 4889.8402086569486
  CPU_MATRIX_MULT_SSE: 14740.181382268684
  CPU_mm: 1820.4015528679436
  CPU_sse: 11587.212722540564
  CPU_fma: 17893.150041996803
  CPU_avx: 0
  CPU_avx512: 0
  m_CPU_enc_SHA: 4698634286.60849
  m_CPU_enc_AES: 1720207630.7036779
  m_CPU_enc_ECDSA: 3057099198.5948935
  ME_ALLOC_S: 23981.74569156261
  ME_READ_S: 19665.693359375
  ME_READ_L: 19895.05859375
  ME_WRITE: 21287.447265625
  ME_LARGE: 21759.666666666668
  ME_LATENCY: 46.860436256824812
  ME_THREADED: 267174.8359375
  SUMM_CPU: 14572.854322503114
  SUMM_ME: 3138.8947083686789
SystemInformation:
  OSName: Ubuntu 24.04.2 LTS
  Kernel: 6.8.0-1027-aws
  Device: ""
  Processor: ARM Neoverse-V2 16 Core 0 MHz
  NumSockets: 1
  Manufacturer: ARM
  NumCores: 16
  NumLogicals: 16
  CPUFrequency: 0
  Memory: 31491
Checksum: D80CF68E4D8E106ABE31856BDA9B67824D407784