BaselineInfo:
  WebDBID: -1
  TimeStamp: 20241109184318
Version:
  Major: 11
  Minor: 0
  Build: 1002
  SpecialBuildName: ""
  ptArchitecture: x86_64_linux
Results:
  Results Complete: true
  NumTestProcesses: 96
  CPU_INTEGER_MATH: 248434.23033333328
  CPU_FLOATINGPOINT_MATH: 130852.45859186801
  CPU_PRIME: 217.06102640544523
  CPU_SORTING: 139018.41035809153
  CPU_ENCRYPTION: 77518.131309807373
  CPU_COMPRESSION: 1058703.1811551081
  CPU_SINGLETHREAD: 1442.2375758032654
  CPU_PHYSICS: 5024.6176723028257
  CPU_MATRIX_MULT_SSE: 39544.069096036299
  CPU_mm: 7526.3982942154735
  CPU_sse: 30574.490225719666
  CPU_fma: 45016.906094661375
  CPU_avx: 43040.810967727833
  CPU_avx512: 0
  m_CPU_enc_SHA: 109749910191.15958
  m_CPU_enc_AES: 76129970079.31752
  m_CPU_enc_ECDSA: 57971075898.460579
  ME_ALLOC_S: 15450.250721188197
  ME_READ_S: 14941.055468750001
  ME_READ_L: 11443.2451171875
  ME_WRITE: 8112.5185546875
  ME_LARGE: 755240.58333333337
  ME_LATENCY: 62.59976641752877
  ME_THREADED: 155268.39672851562
  SUMM_CPU: 46910.888999801202
  SUMM_ME: 2202.4347504092802
SystemInformation:
  OSName: Ubuntu 24.04.1 LTS
  Kernel: 6.8.0-1016-aws
  Device: ""
  Processor: AMD EPYC 7571
  NumSockets: 2
  Manufacturer: AuthenticAMD
  NumCores: 48
  NumLogicals: 96
  CPUFrequency: 0
  Memory: 767753
  MemModuleInfo:
    iNumMemSticks: 6
    DIMM 1:
      manufacturer: Not Specified
      modulePartNo: Not Specified
      memType: DDR4
      size: 128
      clkspeed: 1333
      moduleVoltage: 0
    DIMM 2:
      manufacturer: Not Specified
      modulePartNo: Not Specified
      memType: DDR4
      size: 128
      clkspeed: 1333
      moduleVoltage: 0
    DIMM 3:
      manufacturer: Not Specified
      modulePartNo: Not Specified
      memType: DDR4
      size: 128
      clkspeed: 1333
      moduleVoltage: 0
    DIMM 4:
      manufacturer: Not Specified
      modulePartNo: Not Specified
      memType: DDR4
      size: 128
      clkspeed: 1333
      moduleVoltage: 0
    DIMM 5:
      manufacturer: Not Specified
      modulePartNo: Not Specified
      memType: DDR4
      size: 128
      clkspeed: 1333
      moduleVoltage: 0
    DIMM 6:
      manufacturer: Not Specified
      modulePartNo: Not Specified
      memType: DDR4
      size: 128
      clkspeed: 1333
      moduleVoltage: 0
Checksum: CB3EBDA7E17E98A85191FEB9C52FF384AB8B74A0