---
system-info:
      stress-ng-version: 0.17.08
      run-by: root
      date-yyyy-mm-dd: 2024:06:13
      time-hh-mm-ss: 19:29:55
      epoch-secs: 1718306995
      hostname: 48d20cc177f7
      sysname: Linux
      nodename: 48d20cc177f7
      release: 6.8.0-1008-aws
      version: '#8-Ubuntu SMP Sat Apr 20 02:43:14 UTC 2024'
      machine: aarch64
      compiler: 'musl-gcc 13.2.1'
      uptime: 209
      totalram: 267046641664
      freeram: 262365655040
      sharedram: 34951168
      bufferram: 106303488
      totalswap: 0
      freeswap: 0
      pagesize: 4096
      cpus: 32
      cpus-online: 32
      ticks-per-second: 100

metrics:
    - stressor: cpu
      bogo-ops: 30395
      bogo-ops-per-second-usr-sys-time: 1519.722569
      bogo-ops-per-second-real-time: 1519.743877
      wall-clock-time: 20.000081
      user-time: 20.000361
      system-time: 0.000000
      cpu-usage-per-instance: 100.001402
      max-rss: 1024

...
