---
system-info:
      stress-ng-version: 0.17.08
      run-by: root
      date-yyyy-mm-dd: 2024:06:08
      time-hh-mm-ss: 06:26:47
      epoch-secs: 1717828007
      hostname: 03aaaf887456
      sysname: Linux
      nodename: 03aaaf887456
      release: 6.8.0-1008-aws
      version: '#8-Ubuntu SMP Sat Apr 20 02:43:14 UTC 2024'
      machine: aarch64
      compiler: 'musl-gcc 13.2.1'
      uptime: 166
      totalram: 267046633472
      freeram: 262395965440
      sharedram: 34951168
      bufferram: 96899072
      totalswap: 0
      freeswap: 0
      pagesize: 4096
      cpus: 32
      cpus-online: 32
      ticks-per-second: 100

metrics:
    - stressor: cpu
      bogo-ops: 2940
      bogo-ops-per-second-usr-sys-time: 292.758033
      bogo-ops-per-second-real-time: 292.764719
      wall-clock-time: 10.042194
      user-time: 10.040423
      system-time: 0.002000
      cpu-usage-per-instance: 100.002284
      max-rss: 3840

...
