BaselineInfo:
  WebDBID: -1
  TimeStamp: 20260714010727
Version:
  Major: 11
  Minor: 0
  Build: 1004
  SpecialBuildName: ""
  ptArchitecture: x86_64_linux
Results:
  Results Complete: true
  NumTestProcesses: 416
  CPU_INTEGER_MATH: 1168194.1689999984
  CPU_FLOATINGPOINT_MATH: 624652.27748187631
  CPU_PRIME: 1174.3159677494286
  CPU_SORTING: 566969.08403339761
  CPU_ENCRYPTION: 151099.89413342599
  CPU_COMPRESSION: 4906052.9602490533
  CPU_SINGLETHREAD: 1946.4956569171775
  CPU_PHYSICS: 17485.999653429029
  CPU_MATRIX_MULT_SSE: 308179.19660915114
  CPU_mm: 29043.975241342978
  CPU_sse: 116607.22776564592
  CPU_fma: 367264.04816150281
  CPU_avx: 261791.75530102252
  CPU_avx512: 487053.75520843273
  m_CPU_enc_SHA: 49883247656.532112
  m_CPU_enc_AES: 381037389770.27136
  m_CPU_enc_ECDSA: 44398530345.750435
  ME_ALLOC_S: 18548.364800641473
  ME_READ_S: 22691.595703125
  ME_READ_L: 3846.260009765625
  ME_WRITE: 4136.3896484375
  ME_LARGE: 9511165.75
  ME_LATENCY: 72.347770305679845
  ME_THREADED: 739388.13696289062
  SUMM_CPU: 102739.56905664003
  SUMM_ME: 1567.9618191278043
SystemInformation:
  OSName: Ubuntu 24.04.4 LTS
  Kernel: 6.17.0-1020-azure
  Device: ""
  Processor: Intel(R) Xeon(R) Platinum 8280L CPU @ 2.70GHz
  NumSockets: 8
  Manufacturer: GenuineIntel
  NumCores: 208
  NumLogicals: 416
  CPUFrequency: 0
  CPUMaxFrequency: 0
  Memory: 9571635
  CPUInfo:
    number: 8
    Family: 6
    Model: 5
    stepping: 7
    features: 529267711
    manufacture: GenuineIntel
    typestring: Intel(R) Xeon(R) Platinum 8280L CPU @ 2.70GHz
    iCoresPerPackage: 32
    iThreadsPerPackage: 2
    featuresEx:
      - 529267711
      - 4277809667
      - 739248128
    bHybrid: false
    nPCore: 0
    nLogicalsPerPCore: 0
    nECore: 0
    nLogicalsPerECore: 0
  MemModuleInfo:
    iNumMemSticks: 10
    DIMM 1:
      manufacturer: Microsoft Corporation
      modulePartNo: None
      memType: Unknown
      size: 1
      clkspeed: 0
      moduleVoltage: 0
    DIMM 2:
      manufacturer: Microsoft Corporation
      modulePartNo: None
      memType: Unknown
      size: 59
      clkspeed: 0
      moduleVoltage: 0
    DIMM 3:
      manufacturer: Microsoft Corporation
      modulePartNo: None
      memType: Unknown
      size: 1127
      clkspeed: 0
      moduleVoltage: 0
    DIMM 4:
      manufacturer: Microsoft Corporation
      modulePartNo: None
      memType: Unknown
      size: 1187
      clkspeed: 0
      moduleVoltage: 0
    DIMM 5:
      manufacturer: Microsoft Corporation
      modulePartNo: None
      memType: Unknown
      size: 1187
      clkspeed: 0
      moduleVoltage: 0
    DIMM 6:
      manufacturer: Microsoft Corporation
      modulePartNo: None
      memType: Unknown
      size: 1187
      clkspeed: 0
      moduleVoltage: 0
    DIMM 7:
      manufacturer: Microsoft Corporation
      modulePartNo: None
      memType: Unknown
      size: 1187
      clkspeed: 0
      moduleVoltage: 0
    DIMM 8:
      manufacturer: Microsoft Corporation
      modulePartNo: None
      memType: Unknown
      size: 1187
      clkspeed: 0
      moduleVoltage: 0
    DIMM 9:
      manufacturer: Microsoft Corporation
      modulePartNo: None
      memType: Unknown
      size: 1187
      clkspeed: 0
      moduleVoltage: 0
    DIMM 10:
      manufacturer: Microsoft Corporation
      modulePartNo: None
      memType: Unknown
      size: 1187
      clkspeed: 0
      moduleVoltage: 0
Checksum: 1760452174EDB426CE4A3F303FA2C4F6CB9245C3