BaselineInfo:
  WebDBID: -1
  TimeStamp: 20241107190046
Version:
  Major: 11
  Minor: 0
  Build: 1002
  SpecialBuildName: ""
  ptArchitecture: x86_64_linux
Results:
  Results Complete: true
  NumTestProcesses: 8
  CPU_INTEGER_MATH: 33623.493666666662
  CPU_FLOATINGPOINT_MATH: 18441.530702731128
  CPU_PRIME: 77.435079972059796
  CPU_SORTING: 18046.508320702731
  CPU_ENCRYPTION: 8702.8243454910298
  CPU_COMPRESSION: 131695.44494297303
  CPU_SINGLETHREAD: 2449.5030015977541
  CPU_PHYSICS: 1315.9266661175548
  CPU_MATRIX_MULT_SSE: 7538.2772885830409
  CPU_mm: 928.19684711519608
  CPU_sse: 3894.5492577940231
  CPU_fma: 10699.44193187702
  CPU_avx: 8020.8406760780799
  CPU_avx512: 0
  m_CPU_enc_SHA: 12612909740.937784
  m_CPU_enc_AES: 7993169670.9657545
  m_CPU_enc_ECDSA: 6770638810.7892685
  ME_ALLOC_S: 3689.2585127484226
  ME_READ_S: 25281.322070312501
  ME_READ_L: 20970.28125
  ME_WRITE: 20161.14453125
  ME_LARGE: 54246.75
  ME_LATENCY: 59.757905587984851
  ME_THREADED: 39584.9228515625
  SUMM_CPU: 12041.564450522636
  SUMM_ME: 2749.8029186476792
SystemInformation:
  OSName: Ubuntu 24.04.1 LTS
  Kernel: 6.8.0-1017-azure
  Device: ""
  Processor: AMD EPYC 7763 64-Core Processor
  NumSockets: 1
  Manufacturer: AuthenticAMD
  NumCores: 4
  NumLogicals: 8
  CPUFrequency: 0
  Memory: 64299
  MemModuleInfo:
    iNumMemSticks: 3
    DIMM 1:
      manufacturer: Microsoft Corporation
      modulePartNo: None
      memType: Unknown
      size: 1
      clkspeed: 0
      moduleVoltage: 0
    DIMM 2:
      manufacturer: Microsoft Corporation
      modulePartNo: None
      memType: Unknown
      size: 60928
      clkspeed: 0
      moduleVoltage: 0
    DIMM 3:
      manufacturer: Microsoft Corporation
      modulePartNo: None
      memType: Unknown
      size: 3584
      clkspeed: 0
      moduleVoltage: 0
Checksum: A3F59118C11219686EECA23105D0C69DAB52D4DD