BaselineInfo:
  WebDBID: -1
  TimeStamp: 20241115144834
Version:
  Major: 11
  Minor: 0
  Build: 1002
  SpecialBuildName: ""
  ptArchitecture: aarch64_linux
Results:
  Results Complete: true
  NumTestProcesses: 2
  CPU_INTEGER_MATH: 9485.884
  CPU_FLOATINGPOINT_MATH: 9422.5755502574175
  CPU_PRIME: 25.172727982004062
  CPU_SORTING: 7762.8491553292261
  CPU_ENCRYPTION: 272.84739864630342
  CPU_COMPRESSION: 10301.032756430994
  CPU_SINGLETHREAD: 1560.7016261673402
  CPU_PHYSICS: 569.7647534613036
  CPU_MATRIX_MULT_SSE: 1650.4138928765942
  CPU_mm: 214.42677921527434
  CPU_sse: 1388.3777136959484
  CPU_fma: 1912.4500720572403
  CPU_avx: 0
  CPU_avx512: 0
  m_CPU_enc_SHA: 416803473.66996461
  m_CPU_enc_AES: 160414660.78262615
  m_CPU_enc_ECDSA: 281085567.19624799
  ME_ALLOC_S: 2020.1034987888315
  ME_READ_S: 19687.136914062499
  ME_READ_L: 18935.423828125
  ME_WRITE: 19674.84375
  ME_LARGE: 545.25
  ME_LATENCY: 52.041985663125992
  ME_THREADED: 37176.16796875
  SUMM_CPU: 1555.6840626213545
  SUMM_ME: 1034.9613833971175
SystemInformation:
  OSName: Ubuntu 24.04.1 LTS
  Kernel: 6.8.0-1018-aws
  Device: ""
  Processor: ARM Neoverse-V1 2 Core 0 MHz
  NumSockets: 1
  Manufacturer: ARM
  NumCores: 2
  NumLogicals: 2
  CPUFrequency: 0
  Memory: 7764
Checksum: B2F2B39FA602378B733A5238241F1ACCA8B47812