BaselineInfo:
  WebDBID: -1
  TimeStamp: 20241114215923
Version:
  Major: 11
  Minor: 0
  Build: 1002
  SpecialBuildName: ""
  ptArchitecture: aarch64_linux
Results:
  Results Complete: true
  NumTestProcesses: 2
  CPU_INTEGER_MATH: 9497.4096666666665
  CPU_FLOATINGPOINT_MATH: 9457.1811902772988
  CPU_PRIME: 24.883817717642128
  CPU_SORTING: 7802.5241018011684
  CPU_ENCRYPTION: 273.42544670111795
  CPU_COMPRESSION: 10588.777416440109
  CPU_SINGLETHREAD: 1562.9147415757184
  CPU_PHYSICS: 568.8708565342564
  CPU_MATRIX_MULT_SSE: 1652.589652793622
  CPU_mm: 215.31491488914227
  CPU_sse: 1386.1437610801629
  CPU_fma: 1919.0355445070813
  CPU_avx: 0
  CPU_avx512: 0
  m_CPU_enc_SHA: 419744912.8449564
  m_CPU_enc_AES: 161062931.98384202
  m_CPU_enc_ECDSA: 279314238.77141595
  ME_ALLOC_S: 2035.05884466824
  ME_READ_S: 19689.920703125001
  ME_READ_L: 18983.59765625
  ME_WRITE: 19701.005859375
  ME_LARGE: 491.83333333333331
  ME_LATENCY: 51.328236140723362
  ME_THREADED: 37336.087890625
  SUMM_CPU: 1570.1191121110048
  SUMM_ME: 972.93973869994534
SystemInformation:
  OSName: Ubuntu 24.04.1 LTS
  Kernel: 6.8.0-1018-aws
  Device: ""
  Processor: ARM Neoverse-V1 2 Core 0 MHz
  NumSockets: 1
  Manufacturer: ARM
  NumCores: 2
  NumLogicals: 2
  CPUFrequency: 0
  Memory: 7764
Checksum: D64C6702D8F9FC4B3CCDCB9CE3F7C9B33CA0DD3C