BaselineInfo:
  WebDBID: -1
  TimeStamp: 20241107034748
Version:
  Major: 11
  Minor: 0
  Build: 1002
  SpecialBuildName: ""
  ptArchitecture: aarch64_linux
Results:
  Results Complete: true
  NumTestProcesses: 2
  CPU_INTEGER_MATH: 9494.2146666666667
  CPU_FLOATINGPOINT_MATH: 9444.1244274036399
  CPU_PRIME: 25.602161504360218
  CPU_SORTING: 7852.1753384610438
  CPU_ENCRYPTION: 274.51543505045777
  CPU_COMPRESSION: 10396.61707553891
  CPU_SINGLETHREAD: 1562.2133103837216
  CPU_PHYSICS: 574.03503336129052
  CPU_MATRIX_MULT_SSE: 1653.5381090596761
  CPU_mm: 216.00654504083676
  CPU_sse: 1390.7651387276569
  CPU_fma: 1916.3110793916953
  CPU_avx: 0
  CPU_avx512: 0
  m_CPU_enc_SHA: 417960964.35399532
  m_CPU_enc_AES: 161252086.91571623
  m_CPU_enc_ECDSA: 284337839.20069486
  ME_ALLOC_S: 2046.4694423396079
  ME_READ_S: 19663.681054687499
  ME_READ_L: 19000.119140625
  ME_WRITE: 19686.787109375
  ME_LARGE: 498.16666666666669
  ME_LATENCY: 50.659635644206787
  ME_THREADED: 37566.013671875
  SUMM_CPU: 1565.6549404063499
  SUMM_ME: 983.01962984513534
SystemInformation:
  OSName: Ubuntu 24.04.1 LTS
  Kernel: 6.8.0-1016-aws
  Device: ""
  Processor: ARM Neoverse-V1 2 Core 0 MHz
  NumSockets: 1
  Manufacturer: ARM
  NumCores: 2
  NumLogicals: 2
  CPUFrequency: 0
  Memory: 7764
Checksum: 995B03CB0D552AD2AB6675F9EAEA2B7939AA97B0