BaselineInfo:
  WebDBID: -1
  TimeStamp: 20241108080457
Version:
  Major: 11
  Minor: 0
  Build: 1002
  SpecialBuildName: ""
  ptArchitecture: x86_64_linux
Results:
  Results Complete: true
  NumTestProcesses: 16
  CPU_INTEGER_MATH: 57535.346999999994
  CPU_FLOATINGPOINT_MATH: 47909.428329561895
  CPU_PRIME: 137.7408087455571
  CPU_SORTING: 34765.821615911496
  CPU_ENCRYPTION: 7409.823763418548
  CPU_COMPRESSION: 291647.5886167541
  CPU_SINGLETHREAD: 1793.0427641364477
  CPU_PHYSICS: 2046.9459411185608
  CPU_MATRIX_MULT_SSE: 24491.504176926515
  CPU_mm: 2658.1607532558492
  CPU_sse: 9950.7701777961956
  CPU_fma: 32710.741008328765
  CPU_avx: 21852.361823267776
  CPU_avx512: 33452.143698313317
  m_CPU_enc_SHA: 4068244240.8085093
  m_CPU_enc_AES: 15671292353.593872
  m_CPU_enc_ECDSA: 3569753493.2487249
  ME_ALLOC_S: 10306.866518426135
  ME_READ_S: 21365.4306640625
  ME_READ_L: 11039.7431640625
  ME_WRITE: 9089.9267578125
  ME_LARGE: 21886.75
  ME_LATENCY: 49.996369699532387
  ME_THREADED: 87295.3154296875
  SUMM_CPU: 20114.767315251142
  SUMM_ME: 2514.4058606131539
SystemInformation:
  OSName: Ubuntu 24.04.1 LTS
  Kernel: 6.8.0-1017-azure
  Device: ""
  Processor: Intel Xeon Platinum 8272CL CPU @ 2.60GHz
  NumSockets: 1
  Manufacturer: GenuineIntel
  NumCores: 16
  NumLogicals: 16
  CPUFrequency: 0
  Memory: 32089
  MemModuleInfo:
    iNumMemSticks: 2
    DIMM 1:
      manufacturer: Microsoft Corporation
      modulePartNo: None
      memType: Unknown
      size: 1
      clkspeed: 0
      moduleVoltage: 0
    DIMM 2:
      manufacturer: Microsoft Corporation
      modulePartNo: None
      memType: Unknown
      size: 31
      clkspeed: 0
      moduleVoltage: 0
Checksum: 3A377C19E47197C4D62372A6241D2A6FF4A42332