---
system-info:
      stress-ng-version: 0.17.08
      run-by: root
      date-yyyy-mm-dd: 2024:07:02
      time-hh-mm-ss: 04:51:22
      epoch-secs: 1719895882
      hostname: c3d-standard-16-lssd-3e84c59
      sysname: Linux
      nodename: c3d-standard-16-lssd-3e84c59
      release: 6.8.0-1009-gcp
      version: '#10-Ubuntu SMP Wed Jun 12 18:52:23 UTC 2024'
      machine: x86_64
      compiler: 'musl-gcc 13.2.1'
      uptime: 135
      totalram: 67421843456
      freeram: 62277976064
      sharedram: 35012608
      bufferram: 126541824
      totalswap: 0
      freeswap: 0
      pagesize: 4096
      cpus: 16
      cpus-online: 16
      ticks-per-second: 100

metrics:
    - stressor: cpu
      bogo-ops: 57334
      bogo-ops-per-second-usr-sys-time: 2866.713187
      bogo-ops-per-second-real-time: 2866.687903
      wall-clock-time: 20.000084
      user-time: 19.999908
      system-time: 0.000000
      cpu-usage-per-instance: 99.999118
      max-rss: 1104

...
