---
system-info:
      stress-ng-version: 0.17.08
      run-by: root
      date-yyyy-mm-dd: 2024:06:07
      time-hh-mm-ss: 20:55:32
      epoch-secs: 1717793732
      hostname: 32210ccc26c3
      sysname: Linux
      nodename: 32210ccc26c3
      release: 6.8.0-1008-aws
      version: '#8-Ubuntu SMP Sat Apr 20 00:46:25 UTC 2024'
      machine: x86_64
      compiler: 'musl-gcc 13.2.1'
      uptime: 122
      totalram: 405340655616
      freeram: 399342891008
      sharedram: 72835072
      bufferram: 93270016
      totalswap: 0
      freeswap: 0
      pagesize: 4096
      cpus: 96
      cpus-online: 96
      ticks-per-second: 100

metrics:
    - stressor: cpu
      bogo-ops: 994791
      bogo-ops-per-second-usr-sys-time: 1036.841321
      bogo-ops-per-second-real-time: 99465.662027
      wall-clock-time: 10.001351
      user-time: 959.314892
      system-time: 0.128930
      cpu-usage-per-instance: 99.928564
      max-rss: 3072

...
