---
system-info:
      stress-ng-version: 0.17.08
      run-by: root
      date-yyyy-mm-dd: 2024:06:13
      time-hh-mm-ss: 11:41:22
      epoch-secs: 1718278882
      hostname: 62db4f6533ce
      sysname: Linux
      nodename: 62db4f6533ce
      release: 6.8.0-1008-aws
      version: '#8-Ubuntu SMP Sat Apr 20 00:46:25 UTC 2024'
      machine: x86_64
      compiler: 'musl-gcc 13.2.1'
      uptime: 122
      totalram: 405340626944
      freeram: 399417401344
      sharedram: 78635008
      bufferram: 105656320
      totalswap: 0
      freeswap: 0
      pagesize: 4096
      cpus: 96
      cpus-online: 96
      ticks-per-second: 100

metrics:
    - stressor: cpu
      bogo-ops: 1639729
      bogo-ops-per-second-usr-sys-time: 854.367835
      bogo-ops-per-second-real-time: 81986.048248
      wall-clock-time: 20.000098
      user-time: 1919.184754
      system-time: 0.045972
      cpu-usage-per-instance: 99.959444
      max-rss: 768

...
