BaselineInfo:
  WebDBID: -1
  TimeStamp: 20241108100532
Version:
  Major: 11
  Minor: 0
  Build: 1002
  SpecialBuildName: ""
  ptArchitecture: x86_64_linux
Results:
  Results Complete: true
  NumTestProcesses: 16
  CPU_INTEGER_MATH: 57590.419333333331
  CPU_FLOATINGPOINT_MATH: 47335.699914658151
  CPU_PRIME: 138.06655370391789
  CPU_SORTING: 34783.574570734359
  CPU_ENCRYPTION: 7412.4498554890679
  CPU_COMPRESSION: 291808.16844532831
  CPU_SINGLETHREAD: 1793.9944576731641
  CPU_PHYSICS: 1970.2557600471916
  CPU_MATRIX_MULT_SSE: 24481.929967758966
  CPU_mm: 2649.9658239113551
  CPU_sse: 9874.4892426221741
  CPU_fma: 32749.843823335086
  CPU_avx: 21869.673812932739
  CPU_avx512: 33433.712992145862
  m_CPU_enc_SHA: 4072491864.1722746
  m_CPU_enc_AES: 15671089095.346958
  m_CPU_enc_ECDSA: 3573970099.4886808
  ME_ALLOC_S: 10328.696315753121
  ME_READ_S: 21749.482421875
  ME_READ_L: 11412.8466796875
  ME_WRITE: 9268.861328125
  ME_LARGE: 45983.5
  ME_LATENCY: 50.811358601353
  ME_THREADED: 87895.22216796875
  SUMM_CPU: 20070.043227575483
  SUMM_ME: 2582.4046612379507
SystemInformation:
  OSName: Ubuntu 24.04.1 LTS
  Kernel: 6.8.0-1017-azure
  Device: ""
  Processor: Intel Xeon Platinum 8272CL CPU @ 2.60GHz
  NumSockets: 1
  Manufacturer: GenuineIntel
  NumCores: 16
  NumLogicals: 16
  CPUFrequency: 0
  Memory: 56233
  MemModuleInfo:
    iNumMemSticks: 2
    DIMM 1:
      manufacturer: Microsoft Corporation
      modulePartNo: None
      memType: Unknown
      size: 1
      clkspeed: 0
      moduleVoltage: 0
    DIMM 2:
      manufacturer: Microsoft Corporation
      modulePartNo: None
      memType: Unknown
      size: 55
      clkspeed: 0
      moduleVoltage: 0
Checksum: 957A1D258E23DF130CBA176944453662776EB505