BaselineInfo:
  WebDBID: -1
  TimeStamp: 20260618143536
Version:
  Major: 11
  Minor: 0
  Build: 1004
  SpecialBuildName: ""
  ptArchitecture: x86_64_linux
Results:
  Results Complete: true
  NumTestProcesses: 2
  CPU_INTEGER_MATH: 5714.4823333333334
  CPU_FLOATINGPOINT_MATH: 3096.8656786549427
  CPU_PRIME: 14.491953011440684
  CPU_SORTING: 3625.9564973406182
  CPU_ENCRYPTION: 794.67171365963293
  CPU_COMPRESSION: 26904.146799114547
  CPU_SINGLETHREAD: 1904.0597447682121
  CPU_PHYSICS: 272.08253025466894
  CPU_MATRIX_MULT_SSE: 1478.3018713809458
  CPU_mm: 174.96842093576464
  CPU_sse: 625.82255751290757
  CPU_fma: 1936.4192063118953
  CPU_avx: 1369.765150909335
  CPU_avx512: 1981.2005707896453
  m_CPU_enc_SHA: 260907627.12462169
  m_CPU_enc_AES: 2004863798.3214929
  m_CPU_enc_ECDSA: 234049635.02097532
  ME_ALLOC_S: 708.57633688550982
  ME_READ_S: 21889.662695312501
  ME_READ_L: 9676.23828125
  ME_WRITE: 9419.8974609375
  ME_LARGE: 1938.5833333333333
  ME_LATENCY: 55.323236147889737
  ME_THREADED: 12044.46875
  SUMM_CPU: 2120.2330537956364
  SUMM_ME: 1374.1873659855419
SystemInformation:
  OSName: Ubuntu 24.04.4 LTS
  Kernel: 6.8.0-117-generic
  Device: ""
  Processor: Intel(R) Xeon(R) Platinum 8269CY CPU @ 2.50GHz
  NumSockets: 1
  Manufacturer: GenuineIntel
  NumCores: 1
  NumLogicals: 2
  CPUFrequency: 0
  CPUMaxFrequency: 0
  Memory: 3499
  CPUInfo:
    number: 1
    Family: 6
    Model: 5
    stepping: 7
    features: 529267711
    manufacture: GenuineIntel
    typestring: Intel(R) Xeon(R) Platinum 8269CY CPU @ 2.50GHz
    iCoresPerPackage: 1
    iThreadsPerPackage: 2
    featuresEx:
      - 529267711
      - 4277809667
      - 739248128
    bHybrid: false
    nPCore: 0
    nLogicalsPerPCore: 0
    nECore: 0
    nLogicalsPerECore: 0
  MemModuleInfo:
    iNumMemSticks: 1
    DIMM 1:
      manufacturer: Alibaba Cloud
      modulePartNo: Not Specified
      memType: RAM
      size: 4
      clkspeed: 0
      moduleVoltage: 0
Checksum: B35FD15B58489EC2E66C16B4AC1619C386D6EFE9