---
system-info:
      stress-ng-version: 0.17.08
      run-by: root
      date-yyyy-mm-dd: 2024:06:15
      time-hh-mm-ss: 11:18:15
      epoch-secs: 1718450295
      hostname: dedd60f05bd3
      sysname: Linux
      nodename: dedd60f05bd3
      release: 6.8.0-1008-aws
      version: '#8-Ubuntu SMP Sat Apr 20 00:46:25 UTC 2024'
      machine: x86_64
      compiler: 'musl-gcc 13.2.1'
      uptime: 139
      totalram: 265977004032
      freeram: 260970283008
      sharedram: 60141568
      bufferram: 109191168
      totalswap: 0
      freeswap: 0
      pagesize: 4096
      cpus: 64
      cpus-online: 64
      ticks-per-second: 100

metrics:
    - stressor: cpu
      bogo-ops: 37823
      bogo-ops-per-second-usr-sys-time: 1891.130238
      bogo-ops-per-second-real-time: 1891.148444
      wall-clock-time: 20.000016
      user-time: 19.999210
      system-time: 0.000999
      cpu-usage-per-instance: 100.000963
      max-rss: 512

...
