---
system-info:
      stress-ng-version: 0.17.08
      run-by: root
      date-yyyy-mm-dd: 2024:06:08
      time-hh-mm-ss: 16:44:42
      epoch-secs: 1717865082
      hostname: 5f962b94dec0
      sysname: Linux
      nodename: 5f962b94dec0
      release: 6.8.0-1008-aws
      version: '#8-Ubuntu SMP Sat Apr 20 00:46:25 UTC 2024'
      machine: x86_64
      compiler: 'musl-gcc 13.2.1'
      uptime: 145
      totalram: 265977008128
      freeram: 261119668224
      sharedram: 60141568
      bufferram: 103493632
      totalswap: 0
      freeswap: 0
      pagesize: 4096
      cpus: 64
      cpus-online: 64
      ticks-per-second: 100

metrics:
    - stressor: cpu
      bogo-ops: 16784
      bogo-ops-per-second-usr-sys-time: 1678.199959
      bogo-ops-per-second-real-time: 1678.204584
      wall-clock-time: 10.001164
      user-time: 10.000192
      system-time: 0.001000
      cpu-usage-per-instance: 100.000276
      max-rss: 3584

...
