---
system-info:
      stress-ng-version: 0.17.08
      run-by: root
      date-yyyy-mm-dd: 2024:06:07
      time-hh-mm-ss: 18:45:24
      epoch-secs: 1717785924
      hostname: c25a2258957b
      sysname: Linux
      nodename: c25a2258957b
      release: 6.8.0-1008-aws
      version: '#8-Ubuntu SMP Sat Apr 20 00:46:25 UTC 2024'
      machine: x86_64
      compiler: 'musl-gcc 13.2.1'
      uptime: 146
      totalram: 16555192320
      freeram: 12335919104
      sharedram: 40722432
      bufferram: 94027776
      totalswap: 0
      freeswap: 0
      pagesize: 4096
      cpus: 4
      cpus-online: 4
      ticks-per-second: 100

metrics:
    - stressor: cpu
      bogo-ops: 13838
      bogo-ops-per-second-usr-sys-time: 1383.577106
      bogo-ops-per-second-real-time: 1383.550425
      wall-clock-time: 10.001804
      user-time: 9.999611
      system-time: 0.002000
      cpu-usage-per-instance: 99.998072
      max-rss: 4048

...
