---
system-info:
      stress-ng-version: 0.17.08
      run-by: root
      date-yyyy-mm-dd: 2024:06:13
      time-hh-mm-ss: 10:55:53
      epoch-secs: 1718276153
      hostname: 32006d881e1d
      sysname: Linux
      nodename: 32006d881e1d
      release: 6.8.0-1008-aws
      version: '#8-Ubuntu SMP Sat Apr 20 00:46:25 UTC 2024'
      machine: x86_64
      compiler: 'musl-gcc 13.2.1'
      uptime: 170
      totalram: 16555192320
      freeram: 12228952064
      sharedram: 40722432
      bufferram: 107679744
      totalswap: 0
      freeswap: 0
      pagesize: 4096
      cpus: 4
      cpus-online: 4
      ticks-per-second: 100

metrics:
    - stressor: cpu
      bogo-ops: 25635
      bogo-ops-per-second-usr-sys-time: 1281.793645
      bogo-ops-per-second-real-time: 1281.744285
      wall-clock-time: 20.000089
      user-time: 19.999319
      system-time: 0.000000
      cpu-usage-per-instance: 99.996149
      max-rss: 976

...
