BaselineInfo:
  WebDBID: -1
  TimeStamp: 20241108172421
Version:
  Major: 11
  Minor: 0
  Build: 1002
  SpecialBuildName: ""
  ptArchitecture: x86_64_linux
Results:
  Results Complete: true
  NumTestProcesses: 20
  CPU_INTEGER_MATH: 60020.063000000002
  CPU_FLOATINGPOINT_MATH: 30685.973563890206
  CPU_PRIME: 106.56091068585786
  CPU_SORTING: 31516.109656129269
  CPU_ENCRYPTION: 7618.7856978186628
  CPU_COMPRESSION: 221313.49672000081
  CPU_SINGLETHREAD: 1737.2258929960758
  CPU_PHYSICS: 2124.8718496877264
  CPU_MATRIX_MULT_SSE: 13821.745164799713
  CPU_mm: 1293.5403522508066
  CPU_sse: 5694.4756196653107
  CPU_fma: 15666.534438253811
  CPU_avx: 11902.723192320029
  CPU_avx512: 22023.247408959702
  m_CPU_enc_SHA: 2153364562.0712085
  m_CPU_enc_AES: 19858461734.758945
  m_CPU_enc_ECDSA: 1954801198.7975526
  ME_ALLOC_S: 7892.7625984114784
  ME_READ_S: 17474.060351562501
  ME_READ_L: 10881.3056640625
  ME_WRITE: 9830.80859375
  ME_LARGE: 150667.41666666666
  ME_LATENCY: 56.359764786466087
  ME_THREADED: 98226.1923828125
  SUMM_CPU: 17217.666617159561
  SUMM_ME: 2379.9940762025344
SystemInformation:
  OSName: Ubuntu 24.04.1 LTS
  Kernel: 6.8.0-1017-azure
  Device: ""
  Processor: Intel Xeon Platinum 8370C CPU @ 2.80GHz
  NumSockets: 1
  Manufacturer: GenuineIntel
  NumCores: 10
  NumLogicals: 20
  CPUFrequency: 0
  Memory: 160967
  MemModuleInfo:
    iNumMemSticks: 3
    DIMM 1:
      manufacturer: Microsoft Corporation
      modulePartNo: None
      memType: Unknown
      size: 1
      clkspeed: 0
      moduleVoltage: 0
    DIMM 2:
      manufacturer: Microsoft Corporation
      modulePartNo: None
      memType: Unknown
      size: 60928
      clkspeed: 0
      moduleVoltage: 0
    DIMM 3:
      manufacturer: Microsoft Corporation
      modulePartNo: None
      memType: Unknown
      size: 101888
      clkspeed: 0
      moduleVoltage: 0
Checksum: 8350C063EFCB98500F41081D058B2462A1224532