---
system-info:
      stress-ng-version: 0.17.08
      run-by: root
      date-yyyy-mm-dd: 2024:06:16
      time-hh-mm-ss: 07:56:37
      epoch-secs: 1718524597
      hostname: 1ae5f5a4fda3
      sysname: Linux
      nodename: 1ae5f5a4fda3
      release: 6.8.0-1008-aws
      version: '#8-Ubuntu SMP Sat Apr 20 00:46:25 UTC 2024'
      machine: x86_64
      compiler: 'musl-gcc 13.2.1'
      uptime: 138
      totalram: 200461893632
      freeram: 195908923392
      sharedram: 29294592
      bufferram: 111775744
      totalswap: 0
      freeswap: 0
      pagesize: 4096
      cpus: 24
      cpus-online: 24
      ticks-per-second: 100

metrics:
    - stressor: cpu
      bogo-ops: 33200
      bogo-ops-per-second-usr-sys-time: 1659.967714
      bogo-ops-per-second-real-time: 1659.992639
      wall-clock-time: 20.000089
      user-time: 19.999390
      system-time: 0.000999
      cpu-usage-per-instance: 100.001502
      max-rss: 828

...
