---
system-info:
      stress-ng-version: 0.17.08
      run-by: root
      date-yyyy-mm-dd: 2024:06:10
      time-hh-mm-ss: 05:40:57
      epoch-secs: 1717998057
      hostname: 0d14e8bcd037
      sysname: Linux
      nodename: 0d14e8bcd037
      release: 6.8.0-1008-aws
      version: '#8-Ubuntu SMP Sat Apr 20 00:46:25 UTC 2024'
      machine: x86_64
      compiler: 'musl-gcc 13.2.1'
      uptime: 122
      totalram: 200461889536
      freeram: 195708006400
      sharedram: 29286400
      bufferram: 116158464
      totalswap: 0
      freeswap: 0
      pagesize: 4096
      cpus: 24
      cpus-online: 24
      ticks-per-second: 100

metrics:
    - stressor: cpu
      bogo-ops: 18028
      bogo-ops-per-second-usr-sys-time: 1802.734561
      bogo-ops-per-second-real-time: 1802.726418
      wall-clock-time: 10.000408
      user-time: 9.999363
      system-time: 0.001000
      cpu-usage-per-instance: 99.999548
      max-rss: 3900

...
