---
system-info:
      stress-ng-version: 0.17.08
      run-by: root
      date-yyyy-mm-dd: 2024:06:26
      time-hh-mm-ss: 16:16:34
      epoch-secs: 1719418594
      hostname: c3-standard-4-lssd-7244a79
      sysname: Linux
      nodename: c3-standard-4-lssd-7244a79
      release: 6.8.0-1008-gcp
      version: '#9-Ubuntu SMP Wed May 22 18:09:04 UTC 2024'
      machine: x86_64
      compiler: 'musl-gcc 13.2.1'
      uptime: 138
      totalram: 16766312448
      freeram: 11734536192
      sharedram: 111513600
      bufferram: 124358656
      totalswap: 0
      freeswap: 0
      pagesize: 4096
      cpus: 4
      cpus-online: 4
      ticks-per-second: 100

metrics:
    - stressor: cpu
      bogo-ops: 32400
      bogo-ops-per-second-usr-sys-time: 1620.032806
      bogo-ops-per-second-real-time: 1619.993048
      wall-clock-time: 20.000086
      user-time: 19.999595
      system-time: 0.000000
      cpu-usage-per-instance: 99.997546
      max-rss: 976

...
