---
system-info:
      stress-ng-version: 0.17.08
      run-by: root
      date-yyyy-mm-dd: 2024:06:06
      time-hh-mm-ss: 17:20:00
      epoch-secs: 1717694400
      hostname: bf42772ecfe9
      sysname: Linux
      nodename: bf42772ecfe9
      release: 6.8.0-1008-aws
      version: '#8-Ubuntu SMP Sat Apr 20 02:43:14 UTC 2024'
      machine: aarch64
      compiler: 'musl-gcc 13.2.1'
      uptime: 126
      totalram: 8140918784
      freeram: 4033581056
      sharedram: 35000320
      bufferram: 84901888
      totalswap: 0
      freeswap: 0
      pagesize: 4096
      cpus: 4
      cpus-online: 4
      ticks-per-second: 100

metrics:
    - stressor: cpu
      bogo-ops: 4267
      bogo-ops-per-second-usr-sys-time: 424.548051
      bogo-ops-per-second-real-time: 424.532531
      wall-clock-time: 10.051055
      user-time: 10.049689
      system-time: 0.000999
      cpu-usage-per-instance: 99.996344
      max-rss: 4008

...
