---
system-info:
      stress-ng-version: 0.17.08
      run-by: root
      date-yyyy-mm-dd: 2024:06:14
      time-hh-mm-ss: 08:55:27
      epoch-secs: 1718355327
      hostname: 1581a6f009f3
      sysname: Linux
      nodename: 1581a6f009f3
      release: 6.8.0-1008-aws
      version: '#8-Ubuntu SMP Sat Apr 20 02:43:14 UTC 2024'
      machine: aarch64
      compiler: 'musl-gcc 13.2.1'
      uptime: 134
      totalram: 8140918784
      freeram: 3901300736
      sharedram: 35000320
      bufferram: 107741184
      totalswap: 0
      freeswap: 0
      pagesize: 4096
      cpus: 4
      cpus-online: 4
      ticks-per-second: 100

metrics:
    - stressor: cpu
      bogo-ops: 30666
      bogo-ops-per-second-usr-sys-time: 1533.277614
      bogo-ops-per-second-real-time: 1533.294608
      wall-clock-time: 20.000070
      user-time: 19.999293
      system-time: 0.000999
      cpu-usage-per-instance: 100.001108
      max-rss: 1320

...
