---
system-info:
      stress-ng-version: 0.17.08
      run-by: root
      date-yyyy-mm-dd: 2024:06:14
      time-hh-mm-ss: 11:42:27
      epoch-secs: 1718365347
      hostname: f9afe3f92ec8
      sysname: Linux
      nodename: f9afe3f92ec8
      release: 6.8.0-1008-aws
      version: '#8-Ubuntu SMP Sat Apr 20 00:46:25 UTC 2024'
      machine: x86_64
      compiler: 'musl-gcc 13.2.1'
      uptime: 138
      totalram: 8158191616
      freeram: 3758616576
      sharedram: 113516544
      bufferram: 108642304
      totalswap: 0
      freeswap: 0
      pagesize: 4096
      cpus: 4
      cpus-online: 4
      ticks-per-second: 100

metrics:
    - stressor: cpu
      bogo-ops: 36019
      bogo-ops-per-second-usr-sys-time: 1800.997186
      bogo-ops-per-second-real-time: 1800.940983
      wall-clock-time: 20.000100
      user-time: 19.999476
      system-time: 0.000000
      cpu-usage-per-instance: 99.996879
      max-rss: 1104

...
