BaselineInfo:
  WebDBID: -1
  TimeStamp: 20241108092234
Version:
  Major: 11
  Minor: 0
  Build: 1002
  SpecialBuildName: ""
  ptArchitecture: x86_64_linux
Results:
  Results Complete: true
  NumTestProcesses: 4
  CPU_INTEGER_MATH: 12455.482666666667
  CPU_FLOATINGPOINT_MATH: 9279.0245354161434
  CPU_PRIME: 46.40742895922336
  CPU_SORTING: 8353.7563338453401
  CPU_ENCRYPTION: 1136.2236387266366
  CPU_COMPRESSION: 61458.025263818556
  CPU_SINGLETHREAD: 1704.4782491605724
  CPU_PHYSICS: 640.88574336090596
  CPU_MATRIX_MULT_SSE: 3849.3968203281079
  CPU_mm: 554.13802584703728
  CPU_sse: 2184.3269664569552
  CPU_fma: 5439.6177806206915
  CPU_avx: 3924.2457139066773
  CPU_avx512: 0
  m_CPU_enc_SHA: 810050636.95259571
  m_CPU_enc_AES: 2059859470.6188917
  m_CPU_enc_ECDSA: 704340407.0327785
  ME_ALLOC_S: 2221.9534494043132
  ME_READ_S: 19121.636914062499
  ME_READ_L: 8926.107421875
  ME_WRITE: 7242.951171875
  ME_LARGE: 46212.333333333336
  ME_LATENCY: 69.517302665521967
  ME_THREADED: 27103.38916015625
  SUMM_CPU: 4455.8247078543718
  SUMM_ME: 1856.5151847433531
SystemInformation:
  OSName: Ubuntu 24.04.1 LTS
  Kernel: 6.8.0-1017-azure
  Device: ""
  Processor: Intel Xeon CPU E5-2698B v3 @ 2.00GHz
  NumSockets: 1
  Manufacturer: GenuineIntel
  NumCores: 4
  NumLogicals: 4
  CPUFrequency: 0
  Memory: 56237
  MemModuleInfo:
    iNumMemSticks: 2
    DIMM 1:
      manufacturer: Microsoft Corporation
      modulePartNo: None
      memType: Unknown
      size: 1
      clkspeed: 0
      moduleVoltage: 0
    DIMM 2:
      manufacturer: Microsoft Corporation
      modulePartNo: None
      memType: Unknown
      size: 55
      clkspeed: 0
      moduleVoltage: 0
Checksum: 4984B276E382A3E90530730DBD8BABCF683BAB10