---
system-info:
      stress-ng-version: 0.17.08
      run-by: root
      date-yyyy-mm-dd: 2024:09:19
      time-hh-mm-ss: 13:56:05
      epoch-secs: 1726754165
      hostname: ip-172-31-19-27
      sysname: Linux
      nodename: ip-172-31-19-27
      release: 6.8.0-1014-aws
      version: '#15-Ubuntu SMP Thu Aug  8 20:05:03 UTC 2024'
      machine: aarch64
      compiler: 'musl-gcc 13.2.1'
      uptime: 163
      totalram: 265467629568
      freeram: 255125741568
      sharedram: 39383040
      bufferram: 249057280
      totalswap: 0
      freeswap: 0
      pagesize: 4096
      cpus: 16
      cpus-online: 16
      ticks-per-second: 100

metrics:
    - stressor: cpu
      bogo-ops: 545990
      bogo-ops-per-second-usr-sys-time: 1706.918789
      bogo-ops-per-second-real-time: 27299.407089
      wall-clock-time: 20.000068
      user-time: 319.863762
      system-time: 0.005000
      cpu-usage-per-instance: 99.958648
      max-rss: 1320

...
