---
system-info:
      stress-ng-version: 0.17.08
      run-by: root
      date-yyyy-mm-dd: 2024:06:07
      time-hh-mm-ss: 16:48:10
      epoch-secs: 1717778890
      hostname: 327401e37b14
      sysname: Linux
      nodename: 327401e37b14
      release: 6.8.0-1008-aws
      version: '#8-Ubuntu SMP Sat Apr 20 00:46:25 UTC 2024'
      machine: x86_64
      compiler: 'musl-gcc 13.2.1'
      uptime: 207
      totalram: 35905478656
      freeram: 31640649728
      sharedram: 22294528
      bufferram: 94347264
      totalswap: 0
      freeswap: 0
      pagesize: 4096
      cpus: 4
      cpus-online: 4
      ticks-per-second: 100

metrics:
    - stressor: cpu
      bogo-ops: 13671
      bogo-ops-per-second-usr-sys-time: 1367.280208
      bogo-ops-per-second-real-time: 1367.091754
      wall-clock-time: 10.000060
      user-time: 9.998682
      system-time: 0.000000
      cpu-usage-per-instance: 99.986217
      max-rss: 3920

...
