---
system-info:
      stress-ng-version: 0.17.08
      run-by: root
      date-yyyy-mm-dd: 2024:06:14
      time-hh-mm-ss: 15:56:59
      epoch-secs: 1718380619
      hostname: 72d008afe2ac
      sysname: Linux
      nodename: 72d008afe2ac
      release: 6.8.0-1008-aws
      version: '#8-Ubuntu SMP Sat Apr 20 00:46:25 UTC 2024'
      machine: x86_64
      compiler: 'musl-gcc 13.2.1'
      uptime: 233
      totalram: 35905470464
      freeram: 31548538880
      sharedram: 22294528
      bufferram: 110919680
      totalswap: 0
      freeswap: 0
      pagesize: 4096
      cpus: 4
      cpus-online: 4
      ticks-per-second: 100

metrics:
    - stressor: cpu
      bogo-ops: 25226
      bogo-ops-per-second-usr-sys-time: 1261.843224
      bogo-ops-per-second-real-time: 1261.258983
      wall-clock-time: 20.000650
      user-time: 19.991390
      system-time: 0.000000
      cpu-usage-per-instance: 99.953699
      max-rss: 1104

...
