BaselineInfo:
  WebDBID: -1
  TimeStamp: 20241109122630
Version:
  Major: 11
  Minor: 0
  Build: 1002
  SpecialBuildName: ""
  ptArchitecture: x86_64_linux
Results:
  Results Complete: true
  NumTestProcesses: 8
  CPU_INTEGER_MATH: 18302.948
  CPU_FLOATINGPOINT_MATH: 9815.7766384807564
  CPU_PRIME: 41.645470476604331
  CPU_SORTING: 9701.4986032026573
  CPU_ENCRYPTION: 2516.0028748183036
  CPU_COMPRESSION: 81106.657844336252
  CPU_SINGLETHREAD: 1487.0991062602341
  CPU_PHYSICS: 752.59687863121542
  CPU_MATRIX_MULT_SSE: 5737.5896991773161
  CPU_mm: 529.82297307430565
  CPU_sse: 1973.607362113393
  CPU_fma: 6795.5179479807621
  CPU_avx: 4800.2148850990216
  CPU_avx512: 9381.0186015160853
  m_CPU_enc_SHA: 827279644.58707166
  m_CPU_enc_AES: 6347678580.203249
  m_CPU_enc_ECDSA: 739702466.60611331
  ME_ALLOC_S: 2103.7805586794993
  ME_READ_S: 18217.868750000001
  ME_READ_L: 6172.37548828125
  ME_WRITE: 6268.62841796875
  ME_LARGE: 430281
  ME_LATENCY: 73.677607290512768
  ME_THREADED: 32312.945068359375
  SUMM_CPU: 6364.4517849989497
  SUMM_ME: 1676.0540116726361
SystemInformation:
  OSName: Ubuntu 24.04.1 LTS
  Kernel: 6.8.0-1017-azure
  Device: ""
  Processor: Intel Xeon Platinum 8280M CPU @ 2.70GHz
  NumSockets: 1
  Manufacturer: GenuineIntel
  NumCores: 4
  NumLogicals: 8
  CPUFrequency: 0
  Memory: 440691
  MemModuleInfo:
    iNumMemSticks: 3
    DIMM 1:
      manufacturer: Microsoft Corporation
      modulePartNo: None
      memType: Unknown
      size: 1
      clkspeed: 0
      moduleVoltage: 0
    DIMM 2:
      manufacturer: Microsoft Corporation
      modulePartNo: None
      memType: Unknown
      size: 60928
      clkspeed: 0
      moduleVoltage: 0
    DIMM 3:
      manufacturer: Microsoft Corporation
      modulePartNo: None
      memType: Unknown
      size: 377
      clkspeed: 0
      moduleVoltage: 0
Checksum: 1A4195AAC48D06227B5352E9E2FF64D7183CD636