BaselineInfo:
  WebDBID: -1
  TimeStamp: 20241230195318
Version:
  Major: 11
  Minor: 0
  Build: 1002
  SpecialBuildName: ""
  ptArchitecture: x86_64_linux
Results:
  Results Complete: true
  NumTestProcesses: 192
  CPU_INTEGER_MATH: 1156847.3276666675
  CPU_FLOATINGPOINT_MATH: 998854.91447546496
  CPU_PRIME: 3048.6497234034837
  CPU_SORTING: 563665.00383850362
  CPU_ENCRYPTION: 240079.12419891841
  CPU_COMPRESSION: 3918827.7211243073
  CPU_SINGLETHREAD: 2886.6947764741435
  CPU_PHYSICS: 38387.219438868
  CPU_MATRIX_MULT_SSE: 299672.51427586481
  CPU_mm: 34205.020706767042
  CPU_sse: 144319.37301286956
  CPU_fma: 386579.87107726175
  CPU_avx: 331327.0782473833
  CPU_avx512: 336463.73476594489
  m_CPU_enc_SHA: 337456678466.29126
  m_CPU_enc_AES: 218084303134.37708
  m_CPU_enc_ECDSA: 199682641607.34695
  ME_ALLOC_S: 31579.854384363294
  ME_READ_S: 27824.928906249999
  ME_READ_L: 27017.822265625
  ME_WRITE: 25416.83984375
  ME_LARGE: 1501197.0833333333
  ME_LATENCY: 78.280981579502253
  ME_THREADED: 749014.69970703125
  SUMM_CPU: 143337.26327606672
  SUMM_ME: 2848.5827670341323
SystemInformation:
  OSName: Ubuntu 24.04.1 LTS
  Kernel: 6.8.0-1021-aws
  Device: ""
  Processor: AMD EPYC 9R14
  NumSockets: 2
  Manufacturer: AuthenticAMD
  NumCores: 192
  NumLogicals: 192
  CPUFrequency: 0
  Memory: 1515720
  MemModuleInfo:
    iNumMemSticks: 2
    DIMM 1:
      manufacturer: Not Specified
      modulePartNo: Not Specified
      memType: DDR5
      size: 768
      clkspeed: 2400
      moduleVoltage: 0
    DIMM 2:
      manufacturer: Not Specified
      modulePartNo: Not Specified
      memType: DDR5
      size: 768
      clkspeed: 2400
      moduleVoltage: 0
Checksum: 2C3BE03F524D846A1FB47D5D3B6FBA15FDAC50BE