---
system-info:
      stress-ng-version: 0.17.08
      run-by: root
      date-yyyy-mm-dd: 2024:06:15
      time-hh-mm-ss: 20:21:58
      epoch-secs: 1718482918
      hostname: 15277f305d2e
      sysname: Linux
      nodename: 15277f305d2e
      release: 6.8.0-1008-aws
      version: '#8-Ubuntu SMP Sat Apr 20 00:46:25 UTC 2024'
      machine: x86_64
      compiler: 'musl-gcc 13.2.1'
      uptime: 139
      totalram: 16469909504
      freeram: 12126478336
      sharedram: 59863040
      bufferram: 110055424
      totalswap: 0
      freeswap: 0
      pagesize: 4096
      cpus: 2
      cpus-online: 2
      ticks-per-second: 100

metrics:
    - stressor: cpu
      bogo-ops: 37639
      bogo-ops-per-second-usr-sys-time: 1881.968631
      bogo-ops-per-second-real-time: 1881.943629
      wall-clock-time: 20.000068
      user-time: 19.998802
      system-time: 0.001000
      cpu-usage-per-instance: 99.998671
      max-rss: 1104

...
