---
system-info:
      stress-ng-version: 0.17.08
      run-by: root
      date-yyyy-mm-dd: 2024:06:09
      time-hh-mm-ss: 17:40:49
      epoch-secs: 1717954849
      hostname: 733dbd49941a
      sysname: Linux
      nodename: 733dbd49941a
      release: 6.8.0-1008-aws
      version: '#8-Ubuntu SMP Sat Apr 20 00:46:25 UTC 2024'
      machine: x86_64
      compiler: 'musl-gcc 13.2.1'
      uptime: 127
      totalram: 16469917696
      freeram: 11978960896
      sharedram: 59863040
      bufferram: 110456832
      totalswap: 0
      freeswap: 0
      pagesize: 4096
      cpus: 2
      cpus-online: 2
      ticks-per-second: 100

metrics:
    - stressor: cpu
      bogo-ops: 16561
      bogo-ops-per-second-usr-sys-time: 1655.998984
      bogo-ops-per-second-real-time: 1655.830996
      wall-clock-time: 10.001625
      user-time: 9.999610
      system-time: 0.001000
      cpu-usage-per-instance: 99.989856
      max-rss: 3920

...
