BaselineInfo:
  WebDBID: -1
  TimeStamp: 20241110075005
Version:
  Major: 11
  Minor: 0
  Build: 1002
  SpecialBuildName: ""
  ptArchitecture: x86_64_linux
Results:
  Results Complete: true
  NumTestProcesses: 128
  CPU_INTEGER_MATH: 751281.17500000028
  CPU_FLOATINGPOINT_MATH: 651619.7196485271
  CPU_PRIME: 2189.8555294348448
  CPU_SORTING: 418740.5529115895
  CPU_ENCRYPTION: 157716.51805691514
  CPU_COMPRESSION: 2903548.6483727871
  CPU_SINGLETHREAD: 2882.2642486037389
  CPU_PHYSICS: 28276.765368339824
  CPU_MATRIX_MULT_SSE: 233001.34947514522
  CPU_mm: 26096.650629533367
  CPU_sse: 110726.62660569836
  CPU_fma: 304082.31139888975
  CPU_avx: 260734.99478311779
  CPU_avx512: 256461.46511287466
  m_CPU_enc_SHA: 218819785351.74454
  m_CPU_enc_AES: 139421533492.81732
  m_CPU_enc_ECDSA: 137891948069.58154
  ME_ALLOC_S: 30358.964882950215
  ME_READ_S: 27822.02734375
  ME_READ_L: 26955.3046875
  ME_WRITE: 25491.6328125
  ME_LARGE: 490869.5
  ME_LATENCY: 79.886196908335648
  ME_THREADED: 652749.66552734375
  SUMM_CPU: 126251.71037256744
  SUMM_ME: 2804.7195064758712
SystemInformation:
  OSName: Ubuntu 24.04.1 LTS
  Kernel: 6.8.0-1016-aws
  Device: ""
  Processor: AMD EPYC 9R14
  NumSockets: 2
  Manufacturer: AuthenticAMD
  NumCores: 128
  NumLogicals: 128
  CPUFrequency: 0
  Memory: 505115
  MemModuleInfo:
    iNumMemSticks: 2
    DIMM 1:
      manufacturer: Not Specified
      modulePartNo: Not Specified
      memType: DDR5
      size: 256
      clkspeed: 2400
      moduleVoltage: 0
    DIMM 2:
      manufacturer: Not Specified
      modulePartNo: Not Specified
      memType: DDR5
      size: 256
      clkspeed: 2400
      moduleVoltage: 0
Checksum: CCE69B247F7DC28EED20B3D7A872050FA39F52BD