---
system-info:
      stress-ng-version: 0.17.08
      run-by: root
      date-yyyy-mm-dd: 2024:09:22
      time-hh-mm-ss: 12:04:37
      epoch-secs: 1727006677
      hostname: sc-runner
      sysname: Linux
      nodename: sc-runner
      release: 6.8.0-1014-azure
      version: '#16-Ubuntu SMP Thu Aug 15 20:04:41 UTC 2024'
      machine: x86_64
      compiler: 'musl-gcc 13.2.1'
      uptime: 335
      totalram: 168987693056
      freeram: 157589209088
      sharedram: 172482560
      bufferram: 260583424
      totalswap: 0
      freeswap: 0
      pagesize: 4096
      cpus: 20
      cpus-online: 20
      ticks-per-second: 100

metrics:
    - stressor: cpu
      bogo-ops: 540637
      bogo-ops-per-second-usr-sys-time: 1353.358250
      bogo-ops-per-second-real-time: 27031.753311
      wall-clock-time: 20.000072
      user-time: 399.459125
      system-time: 0.018988
      cpu-usage-per-instance: 99.869171
      max-rss: 1140

...
