BaselineInfo:
  WebDBID: -1
  TimeStamp: 20241219004946
Version:
  Major: 11
  Minor: 0
  Build: 1002
  SpecialBuildName: ""
  ptArchitecture: x86_64_linux
Results:
  Results Complete: true
  NumTestProcesses: 16
  CPU_INTEGER_MATH: 70912.575333333341
  CPU_FLOATINGPOINT_MATH: 50554.057777167523
  CPU_PRIME: 212.46437006240467
  CPU_SORTING: 42676.049712665423
  CPU_ENCRYPTION: 18343.553783784773
  CPU_COMPRESSION: 328086.73825620796
  CPU_SINGLETHREAD: 2169.0656517507509
  CPU_PHYSICS: 2388.9262165034693
  CPU_MATRIX_MULT_SSE: 26940.906796779003
  CPU_mm: 3020.0857970977013
  CPU_sse: 11909.568099944654
  CPU_fma: 38978.583994318949
  CPU_avx: 29934.568296073419
  CPU_avx512: 0
  m_CPU_enc_SHA: 26038216246.621975
  m_CPU_enc_AES: 16856611318.46814
  m_CPU_enc_ECDSA: 14809003192.067583
  ME_ALLOC_S: 8214.5485742015208
  ME_READ_S: 25212.173046874999
  ME_READ_L: 12099.9150390625
  ME_WRITE: 9919.97265625
  ME_LARGE: 20898.333333333332
  ME_LATENCY: 71.869184094238946
  ME_THREADED: 36644.316040039062
  SUMM_CPU: 26571.855692378536
  SUMM_ME: 2184.0974503023126
SystemInformation:
  OSName: Ubuntu 24.04.1 LTS
  Kernel: 6.8.0-31-generic
  Device: ""
  Processor: AMD EPYC 7542 32-Core Processor
  NumSockets: 1
  Manufacturer: AuthenticAMD
  NumCores: 16
  NumLogicals: 16
  CPUFrequency: 0
  Memory: 32050
  MemModuleInfo:
    iNumMemSticks: 2
    DIMM 1:
      manufacturer: QEMU
      modulePartNo: Not Specified
      memType: RAM
      size: 16
      clkspeed: 0
      moduleVoltage: 0
    DIMM 2:
      manufacturer: QEMU
      modulePartNo: Not Specified
      memType: RAM
      size: 16
      clkspeed: 0
      moduleVoltage: 0
Checksum: F6943C39DD7346CD27689173D54A4999D856BB44