BaselineInfo:
  WebDBID: -1
  TimeStamp: 20260403223954
Version:
  Major: 11
  Minor: 0
  Build: 1004
  SpecialBuildName: ""
  ptArchitecture: x86_64_linux
Results:
  Results Complete: true
  NumTestProcesses: 2
  CPU_INTEGER_MATH: 4886.3620000000001
  CPU_FLOATINGPOINT_MATH: 2623.6846888140908
  CPU_PRIME: 12.966413919164133
  CPU_SORTING: 3029.4756437054311
  CPU_ENCRYPTION: 674.69353040066596
  CPU_COMPRESSION: 22793.901240771178
  CPU_SINGLETHREAD: 1604.8701315340049
  CPU_PHYSICS: 243.65136193804398
  CPU_MATRIX_MULT_SSE: 1442.1071902861604
  CPU_mm: 148.72560640110217
  CPU_sse: 531.95368567349306
  CPU_fma: 1814.5047086632144
  CPU_avx: 1284.8344343552606
  CPU_avx512: 2137.1359324526729
  m_CPU_enc_SHA: 221131500.3370018
  m_CPU_enc_AES: 1701802737.8359568
  m_CPU_enc_ECDSA: 199468091.8272675
  ME_ALLOC_S: 549.51721426341419
  ME_READ_S: 19239.744140625
  ME_READ_L: 6638.69775390625
  ME_WRITE: 6840.5830078125
  ME_LARGE: 1070.75
  ME_LATENCY: 75.041336017738914
  ME_THREADED: 10079.2490234375
  SUMM_CPU: 1834.065664212909
  SUMM_ME: 967.63325161394096
SystemInformation:
  OSName: Ubuntu 24.04.4 LTS
  Kernel: 6.8.0-106-generic
  Device: ""
  Processor: Intel(R) Xeon(R) Platinum 8269CY CPU @ 2.50GHz
  NumSockets: 1
  Manufacturer: GenuineIntel
  NumCores: 1
  NumLogicals: 2
  CPUFrequency: 2500
  CPUMaxFrequency: 3800
  Memory: 7556
  CPUInfo:
    number: 1
    Family: 6
    Model: 5
    stepping: 7
    features: 529267711
    manufacture: GenuineIntel
    typestring: Intel(R) Xeon(R) Platinum 8269CY CPU @ 2.50GHz
    iCoresPerPackage: 1
    iThreadsPerPackage: 2
    featuresEx:
      - 529267711
      - 4294586883
      - 739248128
    bHybrid: false
    nPCore: 0
    nLogicalsPerPCore: 0
    nECore: 0
    nLogicalsPerECore: 0
  MemModuleInfo:
    iNumMemSticks: 1
    DIMM 1:
      manufacturer: Alibaba Cloud
      modulePartNo: Not Specified
      memType: RAM
      size: 8
      clkspeed: 0
      moduleVoltage: 0
Checksum: 1580F616CB6FD94B96908FDB8709A5580805E08A