---
system-info:
      stress-ng-version: 0.17.08
      run-by: root
      date-yyyy-mm-dd: 2024:09:20
      time-hh-mm-ss: 20:39:40
      epoch-secs: 1726864780
      hostname: sc-runner
      sysname: Linux
      nodename: sc-runner
      release: 6.8.0-1014-azure
      version: '#16-Ubuntu SMP Thu Aug 15 20:04:41 UTC 2024'
      machine: x86_64
      compiler: 'musl-gcc 13.2.1'
      uptime: 562
      totalram: 67425538048
      freeram: 57324789760
      sharedram: 38096896
      bufferram: 254263296
      totalswap: 0
      freeswap: 0
      pagesize: 4096
      cpus: 2
      cpus-online: 2
      ticks-per-second: 100

metrics:
    - stressor: cpu
      bogo-ops: 54009
      bogo-ops-per-second-usr-sys-time: 2700.993035
      bogo-ops-per-second-real-time: 2700.441501
      wall-clock-time: 20.000063
      user-time: 19.995979
      system-time: 0.000000
      cpu-usage-per-instance: 99.979580
      max-rss: 3024

...
