BaselineInfo:
  WebDBID: -1
  TimeStamp: 20251104212715
Version:
  Major: 11
  Minor: 0
  Build: 1002
  SpecialBuildName: ""
  ptArchitecture: x86_64_linux
Results:
  Results Complete: true
  NumTestProcesses: 1
  CPU_INTEGER_MATH: 7612.0993333333327
  CPU_FLOATINGPOINT_MATH: 7651.5589797921366
  CPU_PRIME: 30.037458030702968
  CPU_SORTING: 4692.1439321532498
  CPU_ENCRYPTION: 1584.2246496191553
  CPU_COMPRESSION: 32420.878216052573
  CPU_SINGLETHREAD: 3720.776280643448
  CPU_PHYSICS: 497.16679810193995
  CPU_MATRIX_MULT_SSE: 2750.5584271645653
  CPU_mm: 367.20630428582149
  CPU_sse: 1101.639788859098
  CPU_fma: 4381.5617651595712
  CPU_avx: 2226.0233355205255
  CPU_avx512: 3293.0088191190666
  m_CPU_enc_SHA: 2203123677.5174842
  m_CPU_enc_AES: 1376630369.6891322
  m_CPU_enc_ECDSA: 1403785791.3905494
  ME_ALLOC_S: 1539.2709421002555
  ME_READ_S: 33801.170117187503
  ME_READ_L: 32316.486328125
  ME_WRITE: 32547.955078125
  ME_LARGE: 906.16666666666663
  ME_LATENCY: 83.622874833798264
  ME_THREADED: 32380.1484375
  SUMM_CPU: 3479.369881728494
  SUMM_ME: 1298.8138210541583
SystemInformation:
  OSName: Ubuntu 24.04.2 LTS
  Kernel: 6.14.0-1015-aws
  Device: ""
  Processor: AMD EPYC 9R45
  NumSockets: 1
  Manufacturer: AuthenticAMD
  NumCores: 1
  NumLogicals: 1
  CPUFrequency: 0
  Memory: 7759
  MemModuleInfo:
    iNumMemSticks: 1
    DIMM 1:
      manufacturer: Not Specified
      modulePartNo: Not Specified
      memType: DDR5
      size: 8
      clkspeed: 3200
      moduleVoltage: 0
Checksum: FF1FF5A59D1FDBBA23BB56899DBFD6A0806CB948