BaselineInfo:
  WebDBID: -1
  TimeStamp: 20251008042710
Version:
  Major: 11
  Minor: 0
  Build: 1002
  SpecialBuildName: ""
  ptArchitecture: x86_64_linux
Results:
  Results Complete: true
  NumTestProcesses: 4
  CPU_INTEGER_MATH: 30439.971999999998
  CPU_FLOATINGPOINT_MATH: 30539.901724800875
  CPU_PRIME: 119.8385956006356
  CPU_SORTING: 18717.210863773842
  CPU_ENCRYPTION: 6346.1295815793828
  CPU_COMPRESSION: 132402.39874033429
  CPU_SINGLETHREAD: 3824.740058986325
  CPU_PHYSICS: 1849.8112283275645
  CPU_MATRIX_MULT_SSE: 12025.863877456337
  CPU_mm: 1463.2786288975653
  CPU_sse: 4396.8692252019491
  CPU_fma: 17401.6797286683
  CPU_avx: 8859.3817617806199
  CPU_avx512: 17445.524794174475
  m_CPU_enc_SHA: 8815075529.267025
  m_CPU_enc_AES: 5509442909.2677069
  m_CPU_enc_ECDSA: 5638679077.8678179
  ME_ALLOC_S: 5484.6352330088739
  ME_READ_S: 33904.363085937497
  ME_READ_L: 32173.390625
  ME_WRITE: 32887.2734375
  ME_LARGE: 5972.416666666667
  ME_LATENCY: 82.071776978904936
  ME_THREADED: 51993.4609375
  SUMM_CPU: 13568.142559248176
  SUMM_ME: 2360.9515718514408
SystemInformation:
  OSName: Ubuntu 24.04.2 LTS
  Kernel: 6.14.0-1014-aws
  Device: ""
  Processor: AMD EPYC 9R45
  NumSockets: 1
  Manufacturer: AuthenticAMD
  NumCores: 4
  NumLogicals: 4
  CPUFrequency: 0
  Memory: 15662
  MemModuleInfo:
    iNumMemSticks: 1
    DIMM 1:
      manufacturer: Not Specified
      modulePartNo: Not Specified
      memType: DDR5
      size: 16
      clkspeed: 3200
      moduleVoltage: 0
Checksum: C063AF0E45793D0BECE5FD6A46ECE2CFBF28CAB3