BaselineInfo:
  WebDBID: -1
  TimeStamp: 20251008074245
Version:
  Major: 11
  Minor: 0
  Build: 1002
  SpecialBuildName: ""
  ptArchitecture: x86_64_linux
Results:
  Results Complete: true
  NumTestProcesses: 192
  CPU_INTEGER_MATH: 1421412.899999999
  CPU_FLOATINGPOINT_MATH: 1298057.9095211185
  CPU_PRIME: 4245.1946737338212
  CPU_SORTING: 657954.20905960992
  CPU_ENCRYPTION: 274578.32106169447
  CPU_COMPRESSION: 4823010.5516482471
  CPU_SINGLETHREAD: 3827.8402702192197
  CPU_PHYSICS: 58269.153592434195
  CPU_MATRIX_MULT_SSE: 404073.54785130889
  CPU_mm: 47433.056307329993
  CPU_sse: 153211.4855955909
  CPU_fma: 541050.24872289528
  CPU_avx: 315169.82116548478
  CPU_avx512: 606862.63592126442
  m_CPU_enc_SHA: 385606811495.58734
  m_CPU_enc_AES: 248381377448.79675
  m_CPU_enc_ECDSA: 229760523812.3782
  ME_ALLOC_S: 45835.520920355179
  ME_READ_S: 33939.438867187499
  ME_READ_L: 32742.69921875
  ME_WRITE: 33105.9296875
  ME_LARGE: 744790.66666666663
  ME_LATENCY: 81.896140020514636
  ME_THREADED: 1346390.4758300781
  SUMM_CPU: 186184.60866634882
  SUMM_ME: 2951.6640742859422
SystemInformation:
  OSName: Ubuntu 24.04.2 LTS
  Kernel: 6.14.0-1014-aws
  Device: ""
  Processor: AMD EPYC 9R45
  NumSockets: 2
  Manufacturer: AuthenticAMD
  NumCores: 192
  NumLogicals: 192
  CPUFrequency: 0
  Memory: 759783
  MemModuleInfo:
    iNumMemSticks: 2
    DIMM 1:
      manufacturer: Not Specified
      modulePartNo: Not Specified
      memType: DDR5
      size: 384
      clkspeed: 3200
      moduleVoltage: 0
    DIMM 2:
      manufacturer: Not Specified
      modulePartNo: Not Specified
      memType: DDR5
      size: 384
      clkspeed: 3200
      moduleVoltage: 0
Checksum: 6E51124561B6B9D7CDAC02EDB3BFD7515C62065D