BaselineInfo:
  WebDBID: -1
  TimeStamp: 20241109042207
Version:
  Major: 11
  Minor: 0
  Build: 1002
  SpecialBuildName: ""
  ptArchitecture: x86_64_linux
Results:
  Results Complete: true
  NumTestProcesses: 16
  CPU_INTEGER_MATH: 49866.139999999992
  CPU_FLOATINGPOINT_MATH: 26739.229917771343
  CPU_PRIME: 90.06026528359746
  CPU_SORTING: 25780.831365500409
  CPU_ENCRYPTION: 6852.5499725688378
  CPU_COMPRESSION: 218371.85153296028
  CPU_SINGLETHREAD: 2023.6557989884936
  CPU_PHYSICS: 1599.0978416797718
  CPU_MATRIX_MULT_SSE: 14909.420916092178
  CPU_mm: 1512.7112946909576
  CPU_sse: 5478.2937982701706
  CPU_fma: 17919.349929514072
  CPU_avx: 12624.177398762713
  CPU_avx512: 23615.86253782174
  m_CPU_enc_SHA: 2255049794.9416447
  m_CPU_enc_AES: 17284409539.559792
  m_CPU_enc_ECDSA: 2016798985.6075909
  ME_ALLOC_S: 5801.9118631234032
  ME_READ_S: 23812.905078125001
  ME_READ_L: 11317.556640625
  ME_WRITE: 10291.326171875
  ME_LARGE: 247465.25
  ME_LATENCY: 48.506098172566396
  ME_THREADED: 80107.87158203125
  SUMM_CPU: 15961.035841859793
  SUMM_ME: 2716.111450414196
SystemInformation:
  OSName: Ubuntu 24.04.1 LTS
  Kernel: 6.8.0-1017-azure
  Device: ""
  Processor: Intel Xeon Platinum 8272CL CPU @ 2.60GHz
  NumSockets: 1
  Manufacturer: GenuineIntel
  NumCores: 8
  NumLogicals: 16
  CPUFrequency: 0
  Memory: 257737
  MemModuleInfo:
    iNumMemSticks: 3
    DIMM 1:
      manufacturer: Microsoft Corporation
      modulePartNo: None
      memType: Unknown
      size: 1
      clkspeed: 0
      moduleVoltage: 0
    DIMM 2:
      manufacturer: Microsoft Corporation
      modulePartNo: None
      memType: Unknown
      size: 60928
      clkspeed: 0
      moduleVoltage: 0
    DIMM 3:
      manufacturer: Microsoft Corporation
      modulePartNo: None
      memType: Unknown
      size: 200192
      clkspeed: 0
      moduleVoltage: 0
Checksum: 3FB3352FB049896B953E8C94A19FBE86437EEF43