BaselineInfo:
  WebDBID: -1
  TimeStamp: 20260404224700
Version:
  Major: 11
  Minor: 0
  Build: 1004
  SpecialBuildName: ""
  ptArchitecture: x86_64_linux
Results:
  Results Complete: true
  NumTestProcesses: 32
  CPU_INTEGER_MATH: 134372.32800000004
  CPU_FLOATINGPOINT_MATH: 68782.470498917042
  CPU_PRIME: 186.11223914717121
  CPU_SORTING: 68992.118374700076
  CPU_ENCRYPTION: 29163.567565612917
  CPU_COMPRESSION: 489793.06628236431
  CPU_SINGLETHREAD: 2359.2329066368256
  CPU_PHYSICS: 3363.3670692674045
  CPU_MATRIX_MULT_SSE: 28292.211133041677
  CPU_mm: 2899.939028685626
  CPU_sse: 12763.082581574638
  CPU_fma: 34975.550040984177
  CPU_avx: 25878.372545188162
  CPU_avx512: 39551.839364419713
  m_CPU_enc_SHA: 29432263102.913696
  m_CPU_enc_AES: 44220893972.197433
  m_CPU_enc_ECDSA: 18087493995.929268
  ME_ALLOC_S: 15091.164759059186
  ME_READ_S: 24123.346484375001
  ME_READ_L: 11865.8759765625
  ME_WRITE: 10975.296875
  ME_LARGE: 112337
  ME_LATENCY: 51.995401703831227
  ME_THREADED: 142800.35302734375
  SUMM_CPU: 36598.862636910089
  SUMM_ME: 2775.464695279873
SystemInformation:
  OSName: Ubuntu 24.04.4 LTS
  Kernel: 6.8.0-106-generic
  Device: ""
  Processor: Intel(R) Xeon(R) Platinum 8369B CPU @ 2.70GHz
  NumSockets: 1
  Manufacturer: GenuineIntel
  NumCores: 16
  NumLogicals: 32
  CPUFrequency: 0
  CPUMaxFrequency: 0
  Memory: 126244
  CPUInfo:
    number: 1
    Family: 6
    Model: 10
    stepping: 6
    features: 529267711
    manufacture: GenuineIntel
    typestring: Intel(R) Xeon(R) Platinum 8369B CPU @ 2.70GHz
    iCoresPerPackage: 16
    iThreadsPerPackage: 2
    featuresEx:
      - 529267711
      - 4277809667
      - 739248128
    bHybrid: false
    nPCore: 0
    nLogicalsPerPCore: 0
    nECore: 0
    nLogicalsPerECore: 0
  MemModuleInfo:
    iNumMemSticks: 8
    DIMM 1:
      manufacturer: Alibaba Cloud
      modulePartNo: Not Specified
      memType: RAM
      size: 16
      clkspeed: 0
      moduleVoltage: 0
    DIMM 2:
      manufacturer: Alibaba Cloud
      modulePartNo: Not Specified
      memType: RAM
      size: 16
      clkspeed: 0
      moduleVoltage: 0
    DIMM 3:
      manufacturer: Alibaba Cloud
      modulePartNo: Not Specified
      memType: RAM
      size: 16
      clkspeed: 0
      moduleVoltage: 0
    DIMM 4:
      manufacturer: Alibaba Cloud
      modulePartNo: Not Specified
      memType: RAM
      size: 16
      clkspeed: 0
      moduleVoltage: 0
    DIMM 5:
      manufacturer: Alibaba Cloud
      modulePartNo: Not Specified
      memType: RAM
      size: 16
      clkspeed: 0
      moduleVoltage: 0
    DIMM 6:
      manufacturer: Alibaba Cloud
      modulePartNo: Not Specified
      memType: RAM
      size: 16
      clkspeed: 0
      moduleVoltage: 0
    DIMM 7:
      manufacturer: Alibaba Cloud
      modulePartNo: Not Specified
      memType: RAM
      size: 16
      clkspeed: 0
      moduleVoltage: 0
    DIMM 8:
      manufacturer: Alibaba Cloud
      modulePartNo: Not Specified
      memType: RAM
      size: 16
      clkspeed: 0
      moduleVoltage: 0
Checksum: 4D17DE352AE67CCB3FF3EAC0BE8212AA9B85FEA5