---
system-info:
      stress-ng-version: 0.17.08
      run-by: root
      date-yyyy-mm-dd: 2024:06:13
      time-hh-mm-ss: 18:28:01
      epoch-secs: 1718303281
      hostname: e19fb5403321
      sysname: Linux
      nodename: e19fb5403321
      release: 6.8.0-1008-aws
      version: '#8-Ubuntu SMP Sat Apr 20 00:46:25 UTC 2024'
      machine: x86_64
      compiler: 'musl-gcc 13.2.1'
      uptime: 128
      totalram: 66684055552
      freeram: 62282792960
      sharedram: 40771584
      bufferram: 105639936
      totalswap: 0
      freeswap: 0
      pagesize: 4096
      cpus: 8
      cpus-online: 8
      ticks-per-second: 100

metrics:
    - stressor: cpu
      bogo-ops: 139319
      bogo-ops-per-second-usr-sys-time: 873.050448
      bogo-ops-per-second-real-time: 6965.908283
      wall-clock-time: 20.000120
      user-time: 159.557273
      system-time: 0.019989
      cpu-usage-per-instance: 99.735191
      max-rss: 1104

...
