---
system-info:
      stress-ng-version: 0.17.08
      run-by: root
      date-yyyy-mm-dd: 2024:06:08
      time-hh-mm-ss: 05:18:58
      epoch-secs: 1717823938
      hostname: bfebb86dab4c
      sysname: Linux
      nodename: bfebb86dab4c
      release: 6.8.0-1008-aws
      version: '#8-Ubuntu SMP Sat Apr 20 00:46:25 UTC 2024'
      machine: x86_64
      compiler: 'musl-gcc 13.2.1'
      uptime: 120
      totalram: 66684047360
      freeram: 62307438592
      sharedram: 40771584
      bufferram: 96628736
      totalswap: 0
      freeswap: 0
      pagesize: 4096
      cpus: 8
      cpus-online: 8
      ticks-per-second: 100

metrics:
    - stressor: cpu
      bogo-ops: 84650
      bogo-ops-per-second-usr-sys-time: 1061.767273
      bogo-ops-per-second-real-time: 8464.112962
      wall-clock-time: 10.001048
      user-time: 79.688579
      system-time: 0.036990
      cpu-usage-per-instance: 99.646518
      max-rss: 4048

...
