BaselineInfo:
  WebDBID: -1
  TimeStamp: 20250418055215
Version:
  Major: 11
  Minor: 0
  Build: 1002
  SpecialBuildName: ""
  ptArchitecture: x86_64_linux
Results:
  Results Complete: true
  NumTestProcesses: 64
  CPU_INTEGER_MATH: 282111.32899999991
  CPU_FLOATINGPOINT_MATH: 200046.90927032928
  CPU_PRIME: 590.94859655817743
  CPU_SORTING: 137490.08878649684
  CPU_ENCRYPTION: 62290.300700441418
  CPU_COMPRESSION: 1009950.6804226965
  CPU_SINGLETHREAD: 2919.3683258816468
  CPU_PHYSICS: 10742.852193870229
  CPU_MATRIX_MULT_SSE: 80832.024053698027
  CPU_mm: 7705.8830646973393
  CPU_sse: 33817.851986681926
  CPU_fma: 90377.919773235786
  CPU_avx: 69254.520097478497
  CPU_avx512: 129877.80435739574
  m_CPU_enc_SHA: 65390763324.153526
  m_CPU_enc_AES: 85767631941.707565
  m_CPU_enc_ECDSA: 44789947775.937042
  ME_ALLOC_S: 32389.701340421223
  ME_READ_S: 26200.290234374999
  ME_READ_L: 10199.9951171875
  ME_WRITE: 9458.861328125
  ME_LARGE: 117847.91666666667
  ME_LATENCY: 58.872535185124235
  ME_THREADED: 306899.6962890625
  SUMM_CPU: 72648.445761915747
  SUMM_ME: 2583.9465643997269
SystemInformation:
  OSName: Ubuntu 24.04.2 LTS
  Kernel: 6.8.0-1021-azure
  Device: ""
  Processor: INTEL XEON PLATINUM 8573C
  NumSockets: 1
  Manufacturer: GenuineIntel
  NumCores: 32
  NumLogicals: 64
  CPUFrequency: 2300
  Memory: 128789
  MemModuleInfo:
    iNumMemSticks: 3
    DIMM 1:
      manufacturer: Microsoft Corporation
      modulePartNo: None
      memType: Unknown
      size: 1
      clkspeed: 0
      moduleVoltage: 0
    DIMM 2:
      manufacturer: Microsoft Corporation
      modulePartNo: None
      memType: Unknown
      size: 59
      clkspeed: 0
      moduleVoltage: 0
    DIMM 3:
      manufacturer: Microsoft Corporation
      modulePartNo: None
      memType: Unknown
      size: 68
      clkspeed: 0
      moduleVoltage: 0
Checksum: 2B73F4E4AA7B45FBF5728474D8FC5F20E6592E7B