---
system-info:
      stress-ng-version: 0.17.08
      run-by: root
      date-yyyy-mm-dd: 2024:06:16
      time-hh-mm-ss: 07:21:04
      epoch-secs: 1718522464
      hostname: 76ef9d402b3b
      sysname: Linux
      nodename: 76ef9d402b3b
      release: 6.8.0-1008-aws
      version: '#8-Ubuntu SMP Sat Apr 20 00:46:25 UTC 2024'
      machine: x86_64
      compiler: 'musl-gcc 13.2.1'
      uptime: 166
      totalram: 962793472
      freeram: 80531456
      sharedram: 11620352
      bufferram: 62849024
      totalswap: 0
      freeswap: 0
      pagesize: 4096
      cpus: 2
      cpus-online: 2
      ticks-per-second: 100

metrics:
    - stressor: cpu
      bogo-ops: 11742
      bogo-ops-per-second-usr-sys-time: 298.253578
      bogo-ops-per-second-real-time: 587.093390
      wall-clock-time: 20.000225
      user-time: 39.357204
      system-time: 0.011980
      cpu-usage-per-instance: 98.421852
      max-rss: 1104

...
