---
system-info:
      stress-ng-version: 0.17.08
      run-by: root
      date-yyyy-mm-dd: 2024:06:10
      time-hh-mm-ss: 04:55:52
      epoch-secs: 1717995352
      hostname: 61c33d1cfeb8
      sysname: Linux
      nodename: 61c33d1cfeb8
      release: 6.8.0-1008-aws
      version: '#8-Ubuntu SMP Sat Apr 20 00:46:25 UTC 2024'
      machine: x86_64
      compiler: 'musl-gcc 13.2.1'
      uptime: 160
      totalram: 962797568
      freeram: 99762176
      sharedram: 11620352
      bufferram: 49176576
      totalswap: 0
      freeswap: 0
      pagesize: 4096
      cpus: 2
      cpus-online: 2
      ticks-per-second: 100

metrics:
    - stressor: cpu
      bogo-ops: 16204
      bogo-ops-per-second-usr-sys-time: 821.857598
      bogo-ops-per-second-real-time: 1620.235458
      wall-clock-time: 10.001016
      user-time: 19.711317
      system-time: 0.004994
      cpu-usage-per-instance: 98.571545
      max-rss: 3920

...
