---
system-info:
      stress-ng-version: 0.17.08
      run-by: root
      date-yyyy-mm-dd: 2024:06:13
      time-hh-mm-ss: 16:59:32
      epoch-secs: 1718297972
      hostname: c3342489f62d
      sysname: Linux
      nodename: c3342489f62d
      release: 6.8.0-1008-aws
      version: '#8-Ubuntu SMP Sat Apr 20 00:46:25 UTC 2024'
      machine: x86_64
      compiler: 'musl-gcc 13.2.1'
      uptime: 185
      totalram: 811214782464
      freeram: 804967084032
      sharedram: 78192640
      bufferram: 107352064
      totalswap: 0
      freeswap: 0
      pagesize: 4096
      cpus: 96
      cpus-online: 96
      ticks-per-second: 100

metrics:
    - stressor: cpu
      bogo-ops: 29082
      bogo-ops-per-second-usr-sys-time: 1454.120430
      bogo-ops-per-second-real-time: 1454.099151
      wall-clock-time: 20.000012
      user-time: 19.999719
      system-time: 0.000000
      cpu-usage-per-instance: 99.998537
      max-rss: 768

...
