---
system-info:
      stress-ng-version: 0.17.08
      run-by: root
      date-yyyy-mm-dd: 2024:06:08
      time-hh-mm-ss: 03:40:53
      epoch-secs: 1717818053
      hostname: 9dfb338bc912
      sysname: Linux
      nodename: 9dfb338bc912
      release: 6.8.0-1008-aws
      version: '#8-Ubuntu SMP Sat Apr 20 00:46:25 UTC 2024'
      machine: x86_64
      compiler: 'musl-gcc 13.2.1'
      uptime: 126
      totalram: 811214770176
      freeram: 804705710080
      sharedram: 78192640
      bufferram: 96436224
      totalswap: 0
      freeswap: 0
      pagesize: 4096
      cpus: 96
      cpus-online: 96
      ticks-per-second: 100

metrics:
    - stressor: cpu
      bogo-ops: 15834
      bogo-ops-per-second-usr-sys-time: 1583.237718
      bogo-ops-per-second-real-time: 1583.219004
      wall-clock-time: 10.001143
      user-time: 10.001025
      system-time: 0.000000
      cpu-usage-per-instance: 99.998818
      max-rss: 3072

...
