BaselineInfo:
  WebDBID: -1
  TimeStamp: 20241108170129
Version:
  Major: 11
  Minor: 0
  Build: 1002
  SpecialBuildName: ""
  ptArchitecture: aarch64_linux
Results:
  Results Complete: true
  NumTestProcesses: 32
  CPU_INTEGER_MATH: 201789.50233333334
  CPU_FLOATINGPOINT_MATH: 169474.41108224742
  CPU_PRIME: 423.11163625373194
  CPU_SORTING: 163281.48373504687
  CPU_ENCRYPTION: 6025.8385133557867
  CPU_COMPRESSION: 219663.71619622482
  CPU_SINGLETHREAD: 1881.0789751850236
  CPU_PHYSICS: 9413.877818741661
  CPU_MATRIX_MULT_SSE: 28625.509199874265
  CPU_mm: 4598.1546367524361
  CPU_sse: 24144.424074167364
  CPU_fma: 33106.594325581158
  CPU_avx: 0
  CPU_avx512: 0
  m_CPU_enc_SHA: 8826017646.9853306
  m_CPU_enc_AES: 3875684639.4308004
  m_CPU_enc_ECDSA: 6253946648.5255384
  ME_ALLOC_S: 37819.860858909225
  ME_READ_S: 25643.1884765625
  ME_READ_L: 18972.060546875
  ME_WRITE: 25734.40625
  ME_LARGE: 245553.91666666666
  ME_LATENCY: 54.267638160114984
  ME_THREADED: 440864.908203125
  SUMM_CPU: 26594.276734076659
  SUMM_ME: 3327.2759486535419
SystemInformation:
  OSName: Ubuntu 24.04.1 LTS
  Kernel: 6.8.0-1017-azure
  Device: ""
  Processor: ARM Neoverse-N2 32 Core 0 MHz
  NumSockets: 1
  Manufacturer: ARM
  NumCores: 32
  NumLogicals: 32
  CPUFrequency: 0
  Memory: 257223
Checksum: F505A4721EA02E49F27FE19F379FA60B96B4B911