BaselineInfo:
  WebDBID: -1
  TimeStamp: 20241110162323
Version:
  Major: 11
  Minor: 0
  Build: 1002
  SpecialBuildName: ""
  ptArchitecture: x86_64_linux
Results:
  Results Complete: true
  NumTestProcesses: 64
  CPU_INTEGER_MATH: 146474.53833333333
  CPU_FLOATINGPOINT_MATH: 78544.14435446517
  CPU_PRIME: 214.82211224832474
  CPU_SORTING: 74820.66098286552
  CPU_ENCRYPTION: 20118.149592384751
  CPU_COMPRESSION: 635224.65367146838
  CPU_SINGLETHREAD: 1487.3743357725625
  CPU_PHYSICS: 3679.7921603556874
  CPU_MATRIX_MULT_SSE: 47110.973100661497
  CPU_mm: 4439.5452012623
  CPU_sse: 16063.25961153985
  CPU_fma: 54393.054295110378
  CPU_avx: 38428.475455683983
  CPU_avx512: 79559.103040311762
  m_CPU_enc_SHA: 6618331476.4946156
  m_CPU_enc_AES: 50754824840.045723
  m_CPU_enc_ECDSA: 5913070164.4129496
  ME_ALLOC_S: 16672.989284083869
  ME_READ_S: 18315.454687500001
  ME_READ_L: 7803.28076171875
  ME_WRITE: 7310.0166015625
  ME_LARGE: 1791937.3333333333
  ME_LATENCY: 69.945057584240061
  ME_THREADED: 190315.4765625
  SUMM_CPU: 34986.765312813273
  SUMM_ME: 2032.5418750067374
SystemInformation:
  OSName: Ubuntu 24.04.1 LTS
  Kernel: 6.8.0-1017-azure
  Device: ""
  Processor: Intel Xeon Platinum 8280M CPU @ 2.70GHz
  NumSockets: 2
  Manufacturer: GenuineIntel
  NumCores: 32
  NumLogicals: 64
  CPUFrequency: 0
  Memory: 1806195
  MemModuleInfo:
    iNumMemSticks: 4
    DIMM 1:
      manufacturer: Microsoft Corporation
      modulePartNo: None
      memType: Unknown
      size: 1
      clkspeed: 0
      moduleVoltage: 0
    DIMM 2:
      manufacturer: Microsoft Corporation
      modulePartNo: None
      memType: Unknown
      size: 60928
      clkspeed: 0
      moduleVoltage: 0
    DIMM 3:
      manufacturer: Microsoft Corporation
      modulePartNo: None
      memType: Unknown
      size: 855552
      clkspeed: 0
      moduleVoltage: 0
    DIMM 4:
      manufacturer: Microsoft Corporation
      modulePartNo: None
      memType: Unknown
      size: 896
      clkspeed: 0
      moduleVoltage: 0
Checksum: F791432B18E4B5563B46DB30C86FEEDE93A80FD4