---
system-info:
      stress-ng-version: 0.17.08
      run-by: root
      date-yyyy-mm-dd: 2024:07:03
      time-hh-mm-ss: 06:44:03
      epoch-secs: 1719989043
      hostname: n2d-standard-128-7d1c47a
      sysname: Linux
      nodename: n2d-standard-128-7d1c47a
      release: 6.8.0-1009-gcp
      version: '#10-Ubuntu SMP Wed Jun 12 18:52:23 UTC 2024'
      machine: x86_64
      compiler: 'musl-gcc 13.2.1'
      uptime: 188
      totalram: 540997615616
      freeram: 534446608384
      sharedram: 69025792
      bufferram: 132288512
      totalswap: 0
      freeswap: 0
      pagesize: 4096
      cpus: 128
      cpus-online: 128
      ticks-per-second: 100

metrics:
    - stressor: cpu
      bogo-ops: 57348
      bogo-ops-per-second-usr-sys-time: 2867.410179
      bogo-ops-per-second-real-time: 2867.387045
      wall-clock-time: 20.000090
      user-time: 19.999929
      system-time: 0.000000
      cpu-usage-per-instance: 99.999193
      max-rss: 0

...
