---
system-info:
      stress-ng-version: 0.17.08
      run-by: root
      date-yyyy-mm-dd: 2024:06:06
      time-hh-mm-ss: 08:43:24
      epoch-secs: 1717663404
      hostname: a6ef0bfb186b
      sysname: Linux
      nodename: a6ef0bfb186b
      release: 6.8.0-1008-aws
      version: '#8-Ubuntu SMP Sat Apr 20 02:43:14 UTC 2024'
      machine: aarch64
      compiler: 'musl-gcc 13.2.1'
      uptime: 144
      totalram: 132642861056
      freeram: 128045854720
      sharedram: 35246080
      bufferram: 80711680
      totalswap: 0
      freeswap: 0
      pagesize: 4096
      cpus: 64
      cpus-online: 64
      ticks-per-second: 100

metrics:
    - stressor: cpu
      bogo-ops: 188136
      bogo-ops-per-second-usr-sys-time: 292.441197
      bogo-ops-per-second-real-time: 18704.036278
      wall-clock-time: 10.058578
      user-time: 643.268368
      system-time: 0.060965
      cpu-usage-per-instance: 99.934814
      max-rss: 3584

...
