---
system-info:
      stress-ng-version: 0.17.08
      run-by: root
      date-yyyy-mm-dd: 2024:06:13
      time-hh-mm-ss: 22:39:58
      epoch-secs: 1718318398
      hostname: 11bd3a407752
      sysname: Linux
      nodename: 11bd3a407752
      release: 6.8.0-1008-aws
      version: '#8-Ubuntu SMP Sat Apr 20 02:43:14 UTC 2024'
      machine: aarch64
      compiler: 'musl-gcc 13.2.1'
      uptime: 131
      totalram: 132642865152
      freeram: 127876546560
      sharedram: 35246080
      bufferram: 105762816
      totalswap: 0
      freeswap: 0
      pagesize: 4096
      cpus: 64
      cpus-online: 64
      ticks-per-second: 100

metrics:
    - stressor: cpu
      bogo-ops: 1940587
      bogo-ops-per-second-usr-sys-time: 1516.686762
      bogo-ops-per-second-real-time: 97029.043734
      wall-clock-time: 20.000063
      user-time: 1279.467976
      system-time: 0.022983
      cpu-usage-per-instance: 99.959916
      max-rss: 1024

...
