BaselineInfo:
  WebDBID: -1
  TimeStamp: 20260123041338
Version:
  Major: 11
  Minor: 0
  Build: 1004
  SpecialBuildName: ""
  ptArchitecture: aarch64_linux
Results:
  Results Complete: true
  NumTestProcesses: 192
  CPU_INTEGER_MATH: 963584.71233333345
  CPU_FLOATINGPOINT_MATH: 1119852.6518954737
  CPU_PRIME: 1741.0312263160047
  CPU_SORTING: 833169.03407588182
  CPU_ENCRYPTION: 34735.633173751994
  CPU_COMPRESSION: 1223691.4180473879
  CPU_SINGLETHREAD: 1864.519671679112
  CPU_PHYSICS: 40735.377319743318
  CPU_MATRIX_MULT_SSE: 139917.69843517541
  CPU_mm: 20760.549137296042
  CPU_sse: 110357.38794404596
  CPU_fma: 169478.00892630516
  CPU_avx: 0
  CPU_avx512: 0
  m_CPU_enc_SHA: 54361739459.167694
  m_CPU_enc_AES: 19850172267.696808
  m_CPU_enc_ECDSA: 35056942145.535927
  ME_ALLOC_S: 47160.91495931719
  ME_READ_S: 20004.349023437499
  ME_READ_L: 18666.291015625
  ME_WRITE: 20483.560546875
  ME_LARGE: 742619
  ME_LATENCY: 44.703371872093363
  ME_THREADED: 972848.36364746094
  SUMM_CPU: 77536.722043330679
  SUMM_ME: 3381.6971650604478
SystemInformation:
  OSName: Ubuntu 24.04.3 LTS
  Kernel: 6.14.0-1018-aws
  Device: ""
  Processor: ARM Neoverse-V2 192 Core 0 MHz
  NumSockets: 2
  Manufacturer: ARM
  NumCores: 192
  NumLogicals: 192
  CPUFrequency: 0
  CPUMaxFrequency: 0
  Memory: 760305
Checksum: 804ECECA3A77AF4FB6CA378F1F8B7DE209138B9A