---
system-info:
      stress-ng-version: 0.17.08
      run-by: root
      date-yyyy-mm-dd: 2024:09:20
      time-hh-mm-ss: 06:51:58
      epoch-secs: 1726815118
      hostname: sc-runner
      sysname: Linux
      nodename: sc-runner
      release: 6.8.0-1014-azure
      version: '#16-Ubuntu SMP Thu Aug 15 20:04:41 UTC 2024'
      machine: x86_64
      compiler: 'musl-gcc 13.2.1'
      uptime: 353
      totalram: 16766066688
      freeram: 6541320192
      sharedram: 38105088
      bufferram: 254078976
      totalswap: 0
      freeswap: 0
      pagesize: 4096
      cpus: 4
      cpus-online: 4
      ticks-per-second: 100

metrics:
    - stressor: cpu
      bogo-ops: 57393
      bogo-ops-per-second-usr-sys-time: 2869.730926
      bogo-ops-per-second-real-time: 2869.641653
      wall-clock-time: 20.000058
      user-time: 19.998437
      system-time: 0.000999
      cpu-usage-per-instance: 99.996889
      max-rss: 3152

...
