---
system-info:
      stress-ng-version: 0.17.08
      run-by: root
      date-yyyy-mm-dd: 2024:07:03
      time-hh-mm-ss: 07:52:51
      epoch-secs: 1719993171
      hostname: n1-highmem-64-05f74e3
      sysname: Linux
      nodename: n1-highmem-64-05f74e3
      release: 6.8.0-1009-gcp
      version: '#10-Ubuntu SMP Wed Jun 12 18:52:23 UTC 2024'
      machine: x86_64
      compiler: 'musl-gcc 13.2.1'
      uptime: 173
      totalram: 439353020416
      freeram: 433590505472
      sharedram: 49131520
      bufferram: 130682880
      totalswap: 0
      freeswap: 0
      pagesize: 4096
      cpus: 64
      cpus-online: 64
      ticks-per-second: 100

metrics:
    - stressor: cpu
      bogo-ops: 931580
      bogo-ops-per-second-usr-sys-time: 728.308319
      bogo-ops-per-second-real-time: 46578.703126
      wall-clock-time: 20.000127
      user-time: 1279.036097
      system-time: 0.065042
      cpu-usage-per-instance: 99.929140
      max-rss: 512

...
