BaselineInfo:
  WebDBID: -1
  TimeStamp: 20241107064332
Version:
  Major: 11
  Minor: 0
  Build: 1002
  SpecialBuildName: ""
  ptArchitecture: x86_64_linux
Results:
  Results Complete: true
  NumTestProcesses: 4
  CPU_INTEGER_MATH: 17759.892666666667
  CPU_FLOATINGPOINT_MATH: 9839.9613056024427
  CPU_PRIME: 41.800357731032669
  CPU_SORTING: 9984.4791571893002
  CPU_ENCRYPTION: 4620.2399003307164
  CPU_COMPRESSION: 68897.86423555619
  CPU_SINGLETHREAD: 2556.8516544325298
  CPU_PHYSICS: 853.03469574561871
  CPU_MATRIX_MULT_SSE: 3867.0487173681795
  CPU_mm: 481.58656365789273
  CPU_sse: 2030.5540125013808
  CPU_fma: 5559.7407675638369
  CPU_avx: 4010.8513720393212
  CPU_avx512: 0
  m_CPU_enc_SHA: 6705999489.0117369
  m_CPU_enc_AES: 4294018239.9783082
  m_CPU_enc_ECDSA: 3534000292.1974969
  ME_ALLOC_S: 1964.5174875363459
  ME_READ_S: 26084.555273437501
  ME_READ_L: 17399.40625
  ME_WRITE: 18549.220703125
  ME_LARGE: 702.41666666666663
  ME_LATENCY: 60.137638471713636
  ME_THREADED: 42310.3388671875
  SUMM_CPU: 6638.7539706832185
  SUMM_ME: 1194.012052375133
SystemInformation:
  OSName: Ubuntu 24.04.1 LTS
  Kernel: 6.8.0-1015-gcp
  Device: ""
  Processor: AMD EPYC 7B13
  NumSockets: 1
  Manufacturer: AuthenticAMD
  NumCores: 2
  NumLogicals: 4
  CPUFrequency: 0
  Memory: 7938
  MemModuleInfo:
    iNumMemSticks: 1
    DIMM 1:
      manufacturer: ""
      modulePartNo: ""
      memType: RAM
      size: 8
      clkspeed: 0
      moduleVoltage: 0
Checksum: EAD496D575DCC48EDC567BAF841044A842B3744B