BaselineInfo:
  WebDBID: -1
  TimeStamp: 20241109143251
Version:
  Major: 11
  Minor: 0
  Build: 1002
  SpecialBuildName: ""
  ptArchitecture: x86_64_linux
Results:
  Results Complete: true
  NumTestProcesses: 16
  CPU_INTEGER_MATH: 67004.285666666663
  CPU_FLOATINGPOINT_MATH: 34250.884766961768
  CPU_PRIME: 116.35226038992124
  CPU_SORTING: 34404.556644136886
  CPU_ENCRYPTION: 14544.979145718553
  CPU_COMPRESSION: 245173.35398040037
  CPU_SINGLETHREAD: 2359.7843193041713
  CPU_PHYSICS: 2157.4982736315224
  CPU_MATRIX_MULT_SSE: 14045.387258318568
  CPU_mm: 1444.1447582173655
  CPU_sse: 6350.6905964670514
  CPU_fma: 17462.839272072113
  CPU_avx: 12886.201132216422
  CPU_avx512: 19481.818032518695
  m_CPU_enc_SHA: 14689313112.228321
  m_CPU_enc_AES: 22074052919.22266
  m_CPU_enc_ECDSA: 8991182126.6519489
  ME_ALLOC_S: 7637.8516764490414
  ME_READ_S: 24353.2314453125
  ME_READ_L: 10750.58203125
  ME_WRITE: 10018.44921875
  ME_LARGE: 503316.08333333331
  ME_LATENCY: 64.283026766473554
  ME_THREADED: 88030.4599609375
  SUMM_CPU: 20852.3921188889
  SUMM_ME: 2416.0627974909285
SystemInformation:
  OSName: Ubuntu 24.04.1 LTS
  Kernel: 6.8.0-1016-aws
  Device: ""
  Processor: Intel Xeon Platinum 8375C CPU @ 2.90GHz
  NumSockets: 1
  Manufacturer: GenuineIntel
  NumCores: 8
  NumLogicals: 16
  CPUFrequency: 0
  Memory: 513737
  MemModuleInfo:
    iNumMemSticks: 1
    DIMM 1:
      manufacturer: Not Specified
      modulePartNo: Not Specified
      memType: DDR4
      size: 512
      clkspeed: 1600
      moduleVoltage: 0
Checksum: 7FD302644B4E796BD5117B312DEA820A921DED78