---
system-info:
      stress-ng-version: 0.17.08
      run-by: root
      date-yyyy-mm-dd: 2024:06:08
      time-hh-mm-ss: 14:18:50
      epoch-secs: 1717856330
      hostname: 86d819e87a5f
      sysname: Linux
      nodename: 86d819e87a5f
      release: 6.8.0-1008-aws
      version: '#8-Ubuntu SMP Sat Apr 20 00:46:25 UTC 2024'
      machine: x86_64
      compiler: 'musl-gcc 13.2.1'
      uptime: 122
      totalram: 133616545792
      freeram: 128887447552
      sharedram: 40988672
      bufferram: 102211584
      totalswap: 0
      freeswap: 0
      pagesize: 4096
      cpus: 32
      cpus-online: 32
      ticks-per-second: 100

metrics:
    - stressor: cpu
      bogo-ops: 318039
      bogo-ops-per-second-usr-sys-time: 994.712021
      bogo-ops-per-second-real-time: 31798.942768
      wall-clock-time: 10.001559
      user-time: 319.674744
      system-time: 0.054980
      cpu-usage-per-instance: 99.899965
      max-rss: 4104

...
