---
system-info:
      stress-ng-version: 0.17.08
      run-by: root
      date-yyyy-mm-dd: 2024:06:14
      time-hh-mm-ss: 20:22:18
      epoch-secs: 1718396538
      hostname: d14002b21e40
      sysname: Linux
      nodename: d14002b21e40
      release: 6.8.0-1008-aws
      version: '#8-Ubuntu SMP Sat Apr 20 00:46:25 UTC 2024'
      machine: x86_64
      compiler: 'musl-gcc 13.2.1'
      uptime: 154
      totalram: 133616533504
      freeram: 128941776896
      sharedram: 40988672
      bufferram: 108290048
      totalswap: 0
      freeswap: 0
      pagesize: 4096
      cpus: 32
      cpus-online: 32
      ticks-per-second: 100

metrics:
    - stressor: cpu
      bogo-ops: 540647
      bogo-ops-per-second-usr-sys-time: 845.357213
      bogo-ops-per-second-real-time: 27032.204766
      wall-clock-time: 20.000107
      user-time: 639.529586
      system-time: 0.018988
      cpu-usage-per-instance: 99.928928
      max-rss: 1032

...
