BaselineInfo:
  WebDBID: -1
  TimeStamp: 20250828230627
Version:
  Major: 11
  Minor: 0
  Build: 1002
  SpecialBuildName: ""
  ptArchitecture: x86_64_linux
Results:
  Results Complete: true
  NumTestProcesses: 48
  CPU_INTEGER_MATH: 248154.67966666663
  CPU_FLOATINGPOINT_MATH: 179702.32211399518
  CPU_PRIME: 476.44440112542253
  CPU_SORTING: 125088.6937503971
  CPU_ENCRYPTION: 54496.365012926995
  CPU_COMPRESSION: 963347.4505581113
  CPU_SINGLETHREAD: 3281.7911495925928
  CPU_PHYSICS: 8140.4674984422554
  CPU_MATRIX_MULT_SSE: 67822.352503753733
  CPU_mm: 7215.1840707857564
  CPU_sse: 29726.506888256466
  CPU_fma: 78444.880903057609
  CPU_avx: 62331.855261410368
  CPU_avx512: 100786.16696229049
  m_CPU_enc_SHA: 57609466258.937111
  m_CPU_enc_AES: 75157127479.674103
  m_CPU_enc_ECDSA: 38664147580.773567
  ME_ALLOC_S: 23134.230890500185
  ME_READ_S: 27888.9951171875
  ME_READ_L: 9998.9501953125
  ME_WRITE: 10774.49609375
  ME_LARGE: 179036.91666666666
  ME_LATENCY: 69.512148990211699
  ME_THREADED: 201509.1962890625
  SUMM_CPU: 69378.724426577668
  SUMM_ME: 2433.4759491133332
SystemInformation:
  OSName: Ubuntu 24.04.2 LTS
  Kernel: 6.14.0-1011-aws
  Device: ""
  Processor: Intel Xeon 6975P-C
  NumSockets: 1
  Manufacturer: GenuineIntel
  NumCores: 24
  NumLogicals: 48
  CPUFrequency: 0
  Memory: 190156
  MemModuleInfo:
    iNumMemSticks: 1
    DIMM 1:
      manufacturer: Not Specified
      modulePartNo: Not Specified
      memType: DDR5
      size: 192
      clkspeed: 3600
      moduleVoltage: 0
Checksum: 42606BF9A106018BC84CA6948E8039263AEA34D5