---
system-info:
      stress-ng-version: 0.17.08
      run-by: root
      date-yyyy-mm-dd: 2024:06:15
      time-hh-mm-ss: 04:25:37
      epoch-secs: 1718425537
      hostname: a5d6cc14203e
      sysname: Linux
      nodename: a5d6cc14203e
      release: 6.8.0-1008-aws
      version: '#8-Ubuntu SMP Sat Apr 20 00:46:25 UTC 2024'
      machine: x86_64
      compiler: 'musl-gcc 13.2.1'
      uptime: 146
      totalram: 794578665472
      freeram: 788377546752
      sharedram: 71770112
      bufferram: 111054848
      totalswap: 0
      freeswap: 0
      pagesize: 4096
      cpus: 192
      cpus-online: 192
      ticks-per-second: 100

metrics:
    - stressor: cpu
      bogo-ops: 61492
      bogo-ops-per-second-usr-sys-time: 3074.663031
      bogo-ops-per-second-real-time: 3074.589847
      wall-clock-time: 20.000066
      user-time: 19.999590
      system-time: 0.000000
      cpu-usage-per-instance: 99.997620
      max-rss: 0

...
