---
system-info:
      stress-ng-version: 0.17.08
      run-by: root
      date-yyyy-mm-dd: 2024:06:10
      time-hh-mm-ss: 11:18:39
      epoch-secs: 1718018319
      hostname: fa62666c2a9b
      sysname: Linux
      nodename: fa62666c2a9b
      release: 6.8.0-1008-aws
      version: '#8-Ubuntu SMP Sat Apr 20 00:46:25 UTC 2024'
      machine: x86_64
      compiler: 'musl-gcc 13.2.1'
      uptime: 134
      totalram: 794578714624
      freeram: 788054106112
      sharedram: 71770112
      bufferram: 117940224
      totalswap: 0
      freeswap: 0
      pagesize: 4096
      cpus: 192
      cpus-online: 192
      ticks-per-second: 100

metrics:
    - stressor: cpu
      bogo-ops: 17490
      bogo-ops-per-second-usr-sys-time: 1749.015741
      bogo-ops-per-second-real-time: 1748.954132
      wall-clock-time: 10.000262
      user-time: 9.999910
      system-time: 0.000000
      cpu-usage-per-instance: 99.996477
      max-rss: 3072

...
