size_kb,operation,bandwidth_mb_s,latency_ns,latency_stddev_ns,latency_samples,threads,iterations,elapsed_s
32,read,4636922.49,0,0,0,96,553097,0.357843
32,write,2859086.78,0,0,0,96,514402,0.539755
32,copy,2183334.29,0,0,0,96,312109,0.428852
32,latency,0,1.30,0.00,7,1,7,0.187455
128,read,4636252.15,0,0,0,96,164042,0.424590
128,write,2850878.19,0,0,0,96,115048,0.484263
128,copy,2309860.44,0,0,0,96,93005,0.483172
128,latency,0,3.56,0.00,7,1,7,0.709376
1024,read,1942997.27,0,0,0,96,20000,0.988164
1024,write,1919557.63,0,0,0,96,13164,0.658352
1024,copy,360482.88,0,0,0,96,6074,1.617564
1024,latency,0,6.68,0.01,7,1,7,0.699365
2048,read,711193.01,0,0,0,96,4945,1.334996
2048,write,974566.54,0,0,0,96,4822,0.949985
2048,copy,352272.85,0,0,0,96,1734,0.945086
2048,latency,0,11.74,0.03,7,1,7,0.601820
4096,read,691970.17,0,0,0,96,1313,0.728633
4096,write,835662.89,0,0,0,96,1401,0.643781
4096,copy,199299.78,0,0,0,96,602,1.159901
4096,latency,0,22.41,0.02,7,1,7,0.682982
131072,read,372964.86,0,0,0,96,34,1.120191
131072,write,322893.50,0,0,0,96,23,0.875285
131072,copy,107727.98,0,0,0,96,17,1.939106
131072,latency,0,41.38,2.45,21,1,21,8.630570
262144,read,369303.91,0,0,0,96,17,1.131296
262144,write,317293.81,0,0,0,96,11,0.852005
262144,copy,111052.40,0,0,0,48,8,0.885204
262144,latency,0,89.59,1.31,7,1,7,15.539978
524288,read,340357.33,0,0,0,48,8,0.577652
524288,write,327960.90,0,0,0,48,5,0.374679
524288,copy,96172.10,0,0,0,24,4,0.511084
524288,latency,0,112.82,0.11,7,1,7,38.935172
