BaselineInfo:
  WebDBID: -1
  TimeStamp: 20251220021733
Version:
  Major: 11
  Minor: 0
  Build: 1002
  SpecialBuildName: ""
  ptArchitecture: x86_64_linux
Results:
  Results Complete: true
  NumTestProcesses: 36
  CPU_INTEGER_MATH: 97545.811333333331
  CPU_FLOATINGPOINT_MATH: 59416.863568439774
  CPU_PRIME: 143.58805982576791
  CPU_SORTING: 53001.720345850008
  CPU_ENCRYPTION: 13142.385865354445
  CPU_COMPRESSION: 460682.21527109446
  CPU_SINGLETHREAD: 1811.4683032506009
  CPU_PHYSICS: 1973.7457208543271
  CPU_MATRIX_MULT_SSE: 26112.952190870823
  CPU_mm: 3437.2131127665175
  CPU_sse: 12125.917407352963
  CPU_fma: 38316.637519272372
  CPU_avx: 26936.304575477781
  CPU_avx512: 27072.949261380178
  m_CPU_enc_SHA: 5391922730.8595638
  m_CPU_enc_AES: 31147698351.743565
  m_CPU_enc_ECDSA: 4802750120.8465919
  ME_ALLOC_S: 13299.468171065944
  ME_READ_S: 19878.511328125001
  ME_READ_L: 6985.94921875
  ME_WRITE: 7354.89111328125
  ME_LARGE: 156802
  ME_LATENCY: 87.440132786781021
  ME_THREADED: 89379.659912109375
  SUMM_CPU: 27363.716531840313
  SUMM_ME: 1794.6254121481609
SystemInformation:
  OSName: Ubuntu 24.04.2 LTS
  Kernel: 6.8.0-86-generic
  Device: ""
  Processor: Intel Xeon Silver 4214 CPU @ 2.20GHz
  NumSockets: 36
  Manufacturer: GenuineIntel
  NumCores: 36
  NumLogicals: 36
  CPUFrequency: 0
  Memory: 176869
  MemModuleInfo:
    iNumMemSticks: 1
    DIMM 1:
      manufacturer: QEMU
      modulePartNo: Not Specified
      memType: RAM
      size: 180000
      clkspeed: 0
      moduleVoltage: 0
Checksum: 5A65A78E6FA0152CCAF8CE5FB0EBB6C7B80FBC3F