---
system-info:
      stress-ng-version: 0.17.08
      run-by: root
      date-yyyy-mm-dd: 2024:09:03
      time-hh-mm-ss: 17:55:35
      epoch-secs: 1725386135
      hostname: sc-runner
      sysname: Linux
      nodename: sc-runner
      release: 6.8.0-1013-azure
      version: '#15-Ubuntu SMP Thu Aug  8 18:40:40 UTC 2024'
      machine: x86_64
      compiler: 'musl-gcc 13.2.1'
      uptime: 394
      totalram: 58969124864
      freeram: 50395934720
      sharedram: 42037248
      bufferram: 219279360
      totalswap: 0
      freeswap: 0
      pagesize: 4096
      cpus: 4
      cpus-online: 4
      ticks-per-second: 100

metrics:
    - stressor: cpu
      bogo-ops: 24936
      bogo-ops-per-second-usr-sys-time: 1246.797382
      bogo-ops-per-second-real-time: 1246.794293
      wall-clock-time: 20.000092
      user-time: 19.999043
      system-time: 0.000999
      cpu-usage-per-instance: 99.999752
      max-rss: 3152

...
