---
system-info:
      stress-ng-version: 0.17.08
      run-by: root
      date-yyyy-mm-dd: 2024:09:16
      time-hh-mm-ss: 16:26:35
      epoch-secs: 1726503995
      hostname: sc-runner
      sysname: Linux
      nodename: sc-runner
      release: 6.8.0-1014-azure
      version: '#16-Ubuntu SMP Thu Aug 15 20:04:41 UTC 2024'
      machine: x86_64
      compiler: 'musl-gcc 13.2.1'
      uptime: 339
      totalram: 58969128960
      freeram: 48863174656
      sharedram: 42037248
      bufferram: 233938944
      totalswap: 0
      freeswap: 0
      pagesize: 4096
      cpus: 4
      cpus-online: 4
      ticks-per-second: 100

metrics:
    - stressor: cpu
      bogo-ops: 24943
      bogo-ops-per-second-usr-sys-time: 1247.175442
      bogo-ops-per-second-real-time: 1247.145733
      wall-clock-time: 20.000068
      user-time: 19.997593
      system-time: 0.001999
      cpu-usage-per-instance: 99.997618
      max-rss: 3152

...
