BaselineInfo:
  WebDBID: -1
  TimeStamp: 20241111102105
Version:
  Major: 11
  Minor: 0
  Build: 1002
  SpecialBuildName: ""
  ptArchitecture: x86_64_linux
Results:
  Results Complete: true
  NumTestProcesses: 8
  CPU_INTEGER_MATH: 33571.995000000003
  CPU_FLOATINGPOINT_MATH: 17179.083212677615
  CPU_PRIME: 74.596913871334607
  CPU_SORTING: 17509.493932494934
  CPU_ENCRYPTION: 7320.1915858937455
  CPU_COMPRESSION: 125903.11313412934
  CPU_SINGLETHREAD: 2425.3056305540867
  CPU_PHYSICS: 1330.766299363077
  CPU_MATRIX_MULT_SSE: 7130.839313999847
  CPU_mm: 724.56939716488159
  CPU_sse: 3161.2953185932897
  CPU_fma: 8760.8296604520456
  CPU_avx: 6471.5872986746754
  CPU_avx512: 10129.644978279379
  m_CPU_enc_SHA: 7361110204.6141605
  m_CPU_enc_AES: 11105161774.130779
  m_CPU_enc_ECDSA: 4561059658.3654251
  ME_ALLOC_S: 4078.6651537646508
  ME_READ_S: 24210.1708984375
  ME_READ_L: 11773.3720703125
  ME_WRITE: 10651.8427734375
  ME_LARGE: 5864.5
  ME_LATENCY: 53.276771747973761
  ME_THREADED: 53919.8603515625
  SUMM_CPU: 11429.177550009448
  SUMM_ME: 2266.8572966286265
SystemInformation:
  OSName: Ubuntu 24.04.1 LTS
  Kernel: 6.8.0-1017-azure
  Device: ""
  Processor: Intel Xeon Platinum 8370C CPU @ 2.80GHz
  NumSockets: 1
  Manufacturer: GenuineIntel
  NumCores: 4
  NumLogicals: 8
  CPUFrequency: 2800
  Memory: 15987
  MemModuleInfo:
    iNumMemSticks: 2
    DIMM 1:
      manufacturer: Microsoft Corporation
      modulePartNo: None
      memType: Unknown
      size: 1
      clkspeed: 0
      moduleVoltage: 0
    DIMM 2:
      manufacturer: Microsoft Corporation
      modulePartNo: None
      memType: Unknown
      size: 15
      clkspeed: 0
      moduleVoltage: 0
Checksum: 60F0D0DD43BC3ACF832DB9C7DA4C0EE43F5C7D47