---
system-info:
      stress-ng-version: 0.17.08
      run-by: root
      date-yyyy-mm-dd: 2024:07:02
      time-hh-mm-ss: 21:14:43
      epoch-secs: 1719954883
      hostname: n1-highcpu-64-a097620
      sysname: Linux
      nodename: n1-highcpu-64-a097620
      release: 6.8.0-1009-gcp
      version: '#10-Ubuntu SMP Wed Jun 12 18:52:23 UTC 2024'
      machine: x86_64
      compiler: 'musl-gcc 13.2.1'
      uptime: 196
      totalram: 60636962816
      freeram: 54938836992
      sharedram: 48832512
      bufferram: 130347008
      totalswap: 0
      freeswap: 0
      pagesize: 4096
      cpus: 64
      cpus-online: 64
      ticks-per-second: 100

metrics:
    - stressor: cpu
      bogo-ops: 22282
      bogo-ops-per-second-usr-sys-time: 1114.127630
      bogo-ops-per-second-real-time: 1114.090889
      wall-clock-time: 20.000164
      user-time: 19.999504
      system-time: 0.000000
      cpu-usage-per-instance: 99.996702
      max-rss: 512

...
