BaselineInfo:
  WebDBID: -1
  TimeStamp: 20251219053046
Version:
  Major: 11
  Minor: 0
  Build: 1002
  SpecialBuildName: ""
  ptArchitecture: x86_64_linux
Results:
  Results Complete: true
  NumTestProcesses: 45
  CPU_INTEGER_MATH: 255122.00433333335
  CPU_FLOATINGPOINT_MATH: 238423.68956678497
  CPU_PRIME: 869.16285473672121
  CPU_SORTING: 162138.79325296715
  CPU_ENCRYPTION: 58634.825063709322
  CPU_COMPRESSION: 1119987.7871151227
  CPU_SINGLETHREAD: 2901.9975445417144
  CPU_PHYSICS: 11919.022720470137
  CPU_MATRIX_MULT_SSE: 88571.392117128111
  CPU_mm: 9344.9427860557098
  CPU_sse: 41122.938859463633
  CPU_fma: 121633.29321549594
  CPU_avx: 94651.396849467666
  CPU_avx512: 96877.939544085209
  m_CPU_enc_SHA: 81081864359.324341
  m_CPU_enc_AES: 51478998789.054718
  m_CPU_enc_ECDSA: 51888347829.633133
  ME_ALLOC_S: 24381.602330191352
  ME_READ_S: 28546.904296875
  ME_READ_L: 26730.927734375
  ME_WRITE: 24789.328125
  ME_LARGE: 158230.41666666666
  ME_LATENCY: 65.93018809006179
  ME_THREADED: 192831.43383789062
  SUMM_CPU: 75707.48156709157
  SUMM_ME: 3119.9123949632308
SystemInformation:
  OSName: Ubuntu 24.04.2 LTS
  Kernel: 6.8.0-86-generic
  Device: ""
  Processor: AMD EPYC 9454 48-Core Processor
  NumSockets: 45
  Manufacturer: AuthenticAMD
  NumCores: 45
  NumLogicals: 45
  CPUFrequency: 0
  Memory: 176865
  MemModuleInfo:
    iNumMemSticks: 1
    DIMM 1:
      manufacturer: QEMU
      modulePartNo: Not Specified
      memType: RAM
      size: 180000
      clkspeed: 0
      moduleVoltage: 0
Checksum: B0EF8AEDC737AE0CE682123B6B6FE1C8EBFC26F0