BaselineInfo:
  WebDBID: -1
  TimeStamp: 20241107154846
Version:
  Major: 11
  Minor: 0
  Build: 1002
  SpecialBuildName: ""
  ptArchitecture: x86_64_linux
Results:
  Results Complete: true
  NumTestProcesses: 8
  CPU_INTEGER_MATH: 33382.164666666671
  CPU_FLOATINGPOINT_MATH: 18438.401488238356
  CPU_PRIME: 78.008068132753138
  CPU_SORTING: 18243.128555065938
  CPU_ENCRYPTION: 8675.847462071426
  CPU_COMPRESSION: 128605.74181050051
  CPU_SINGLETHREAD: 2429.2682804225401
  CPU_PHYSICS: 1309.2230945918773
  CPU_MATRIX_MULT_SSE: 7420.0613399583817
  CPU_mm: 905.06262814349293
  CPU_sse: 3834.9644663105473
  CPU_fma: 10428.075678678963
  CPU_avx: 7997.1438748856335
  CPU_avx512: 0
  m_CPU_enc_SHA: 12543309092.32128
  m_CPU_enc_AES: 8042484914.8293295
  m_CPU_enc_ECDSA: 6706062278.0164108
  ME_ALLOC_S: 3594.0955623148789
  ME_READ_S: 24642.945898437501
  ME_READ_L: 20820.8671875
  ME_WRITE: 19894.302734375
  ME_LARGE: 22064.333333333332
  ME_LATENCY: 62.728124847548052
  ME_THREADED: 39658.86181640625
  SUMM_CPU: 11954.746202923201
  SUMM_ME: 2604.5418777914715
SystemInformation:
  OSName: Ubuntu 24.04.1 LTS
  Kernel: 6.8.0-1017-azure
  Device: ""
  Processor: AMD EPYC 7763 64-Core Processor
  NumSockets: 1
  Manufacturer: AuthenticAMD
  NumCores: 4
  NumLogicals: 8
  CPUFrequency: 0
  Memory: 32092
  MemModuleInfo:
    iNumMemSticks: 2
    DIMM 1:
      manufacturer: Microsoft Corporation
      modulePartNo: None
      memType: Unknown
      size: 1
      clkspeed: 0
      moduleVoltage: 0
    DIMM 2:
      manufacturer: Microsoft Corporation
      modulePartNo: None
      memType: Unknown
      size: 31
      clkspeed: 0
      moduleVoltage: 0
Checksum: 602F7E56FA88B3A24D67ED3289CEA8D113FD5083