BaselineInfo:
  WebDBID: -1
  TimeStamp: 20241110022358
Version:
  Major: 11
  Minor: 0
  Build: 1002
  SpecialBuildName: ""
  ptArchitecture: x86_64_linux
Results:
  Results Complete: true
  NumTestProcesses: 64
  CPU_INTEGER_MATH: 331391.90833333344
  CPU_FLOATINGPOINT_MATH: 235769.70270165268
  CPU_PRIME: 380.42708722584086
  CPU_SORTING: 156644.97705015962
  CPU_ENCRYPTION: 72985.741808829567
  CPU_COMPRESSION: 1172577.6901212058
  CPU_SINGLETHREAD: 3170.0864103558379
  CPU_PHYSICS: 8176.3796042632084
  CPU_MATRIX_MULT_SSE: 83697.078201702971
  CPU_mm: 8879.7087557156501
  CPU_sse: 38431.882903872029
  CPU_fma: 92588.291471813878
  CPU_avx: 76846.782687623694
  CPU_avx512: 126921.35574350227
  m_CPU_enc_SHA: 77249326650.802689
  m_CPU_enc_AES: 100229641371.38297
  m_CPU_enc_ECDSA: 52114323586.620155
  ME_ALLOC_S: 33888.603936327992
  ME_READ_S: 27381.830468749999
  ME_READ_L: 10277.1953125
  ME_WRITE: 14879.3330078125
  ME_LARGE: 495490
  ME_LATENCY: 69.448107722460591
  ME_THREADED: 255957.87280273438
  SUMM_CPU: 79020.271735599948
  SUMM_ME: 2540.5638196674317
SystemInformation:
  OSName: Ubuntu 24.04.1 LTS
  Kernel: 6.8.0-1016-aws
  Device: ""
  Processor: Intel Xeon Gold 6455B
  NumSockets: 1
  Manufacturer: GenuineIntel
  NumCores: 32
  NumLogicals: 64
  CPUFrequency: 0
  Memory: 507671
  MemModuleInfo:
    iNumMemSticks: 1
    DIMM 1:
      manufacturer: Not Specified
      modulePartNo: Not Specified
      memType: DDR5
      size: 512
      clkspeed: 2400
      moduleVoltage: 0
Checksum: 7173B00FD051F07A5CA7B47004A30186B962C307