BaselineInfo:
  WebDBID: -1
  TimeStamp: 20260620193116
Version:
  Major: 11
  Minor: 0
  Build: 1004
  SpecialBuildName: ""
  ptArchitecture: x86_64_linux
Results:
  Results Complete: true
  NumTestProcesses: 16
  CPU_INTEGER_MATH: 114746.46066666667
  CPU_FLOATINGPOINT_MATH: 114209.29232195119
  CPU_PRIME: 406.04927110851258
  CPU_SORTING: 65384.03221904891
  CPU_ENCRYPTION: 23857.60125245915
  CPU_COMPRESSION: 485409.55383520026
  CPU_SINGLETHREAD: 3604.2340460811279
  CPU_PHYSICS: 5390.8405635816416
  CPU_MATRIX_MULT_SSE: 43975.251652711493
  CPU_mm: 5171.880473946755
  CPU_sse: 15860.674252138744
  CPU_fma: 60932.101062746588
  CPU_avx: 32319.94961395334
  CPU_avx512: 66788.281682007306
  m_CPU_enc_SHA: 33209163425.870621
  m_CPU_enc_AES: 20887509833.836124
  m_CPU_enc_ECDSA: 20952851012.989067
  ME_ALLOC_S: 19259.015907242359
  ME_READ_S: 32202.634765625
  ME_READ_L: 27953.814453125
  ME_WRITE: 30013.56640625
  ME_LARGE: 248957.91666666666
  ME_LATENCY: 84.011779653637348
  ME_THREADED: 115988.55615234375
  SUMM_CPU: 43459.733842634734
  SUMM_ME: 2736.8476558513389
SystemInformation:
  OSName: Ubuntu 24.04.4 LTS
  Kernel: 6.17.0-1018-azure
  Device: ""
  Processor: "AMD EPYC 9V45 96-Core Processor                "
  NumSockets: 1
  Manufacturer: AuthenticAMD
  NumCores: 16
  NumLogicals: 16
  CPUFrequency: 0
  CPUMaxFrequency: 0
  Memory: 257737
  CPUInfo:
    number: 1
    Family: 15
    Model: 2
    stepping: 1
    features: 395049983
    manufacture: AuthenticAMD
    typestring: "AMD EPYC 9V45 96-Core Processor                "
    iCoresPerPackage: 16
    iThreadsPerPackage: 1
    featuresEx:
      - 395049983
      - 4277809667
      - 802421759
    bHybrid: false
    nPCore: 0
    nLogicalsPerPCore: 0
    nECore: 0
    nLogicalsPerECore: 0
  MemModuleInfo:
    iNumMemSticks: 3
    DIMM 1:
      manufacturer: Microsoft Corporation
      modulePartNo: None
      memType: Unknown
      size: 1
      clkspeed: 0
      moduleVoltage: 0
    DIMM 2:
      manufacturer: Microsoft Corporation
      modulePartNo: None
      memType: Unknown
      size: 59
      clkspeed: 0
      moduleVoltage: 0
    DIMM 3:
      manufacturer: Microsoft Corporation
      modulePartNo: None
      memType: Unknown
      size: 196
      clkspeed: 0
      moduleVoltage: 0
Checksum: 31DB626A553AEBD6DDE66F09565C398DA32697A3