---
system-info:
      stress-ng-version: 0.17.08
      run-by: root
      date-yyyy-mm-dd: 2024:09:17
      time-hh-mm-ss: 08:23:12
      epoch-secs: 1726561392
      hostname: sc-runner
      sysname: Linux
      nodename: sc-runner
      release: 6.8.0-1014-azure
      version: '#16-Ubuntu SMP Thu Aug 15 20:04:41 UTC 2024'
      machine: x86_64
      compiler: 'musl-gcc 13.2.1'
      uptime: 323
      totalram: 270437859328
      freeram: 258552188928
      sharedram: 105488384
      bufferram: 247869440
      totalswap: 0
      freeswap: 0
      pagesize: 4096
      cpus: 64
      cpus-online: 64
      ticks-per-second: 100

metrics:
    - stressor: cpu
      bogo-ops: 37983
      bogo-ops-per-second-usr-sys-time: 1899.139555
      bogo-ops-per-second-real-time: 1899.141691
      wall-clock-time: 20.000087
      user-time: 19.998111
      system-time: 0.001999
      cpu-usage-per-instance: 100.000113
      max-rss: 2560

...
