BaselineInfo:
  WebDBID: -1
  TimeStamp: 20241107234418
Version:
  Major: 11
  Minor: 0
  Build: 1002
  SpecialBuildName: ""
  ptArchitecture: x86_64_linux
Results:
  Results Complete: true
  NumTestProcesses: 2
  CPU_INTEGER_MATH: 8193.6603333333333
  CPU_FLOATINGPOINT_MATH: 4586.7075621168497
  CPU_PRIME: 19.330913036077995
  CPU_SORTING: 4603.2446933293377
  CPU_ENCRYPTION: 2146.7902467984068
  CPU_COMPRESSION: 32393.010952247274
  CPU_SINGLETHREAD: 2266.4933963397502
  CPU_PHYSICS: 385.13763023893921
  CPU_MATRIX_MULT_SSE: 1756.6101214638686
  CPU_mm: 223.67576807663593
  CPU_sse: 949.44164328387944
  CPU_fma: 2582.3325559928498
  CPU_avx: 1738.0561651148762
  CPU_avx512: 0
  m_CPU_enc_SHA: 3111943762.1967483
  m_CPU_enc_AES: 1992339816.4853716
  m_CPU_enc_ECDSA: 1648934610.7985384
  ME_ALLOC_S: 916.37830970937807
  ME_READ_S: 24162.109960937501
  ME_READ_L: 18494.376953125
  ME_WRITE: 17961.673828125
  ME_LARGE: 54330
  ME_LATENCY: 69.82266788297261
  ME_THREADED: 22440.8828125
  SUMM_CPU: 3125.4453388927905
  SUMM_ME: 2110.5680317416304
SystemInformation:
  OSName: Ubuntu 24.04.1 LTS
  Kernel: 6.8.0-1017-azure
  Device: ""
  Processor: AMD EPYC 7763 64-Core Processor
  NumSockets: 1
  Manufacturer: AuthenticAMD
  NumCores: 1
  NumLogicals: 2
  CPUFrequency: 0
  Memory: 64301
  MemModuleInfo:
    iNumMemSticks: 3
    DIMM 1:
      manufacturer: Microsoft Corporation
      modulePartNo: None
      memType: Unknown
      size: 1
      clkspeed: 0
      moduleVoltage: 0
    DIMM 2:
      manufacturer: Microsoft Corporation
      modulePartNo: None
      memType: Unknown
      size: 60928
      clkspeed: 0
      moduleVoltage: 0
    DIMM 3:
      manufacturer: Microsoft Corporation
      modulePartNo: None
      memType: Unknown
      size: 3584
      clkspeed: 0
      moduleVoltage: 0
Checksum: 6A67F5A224CA928A89939CCC18AC15979BC63CB7