BaselineInfo:
  WebDBID: -1
  TimeStamp: 20241109135041
Version:
  Major: 11
  Minor: 0
  Build: 1002
  SpecialBuildName: ""
  ptArchitecture: x86_64_linux
Results:
  Results Complete: true
  NumTestProcesses: 64
  CPU_INTEGER_MATH: 386737.09466666676
  CPU_FLOATINGPOINT_MATH: 340709.85880176962
  CPU_PRIME: 1178.6045627314998
  CPU_SORTING: 222085.01648706134
  CPU_ENCRYPTION: 83654.634055775314
  CPU_COMPRESSION: 1566457.1002859748
  CPU_SINGLETHREAD: 2891.4570914059082
  CPU_PHYSICS: 15589.103972803539
  CPU_MATRIX_MULT_SSE: 124333.32177470296
  CPU_mm: 13974.924768276624
  CPU_sse: 59474.682093682284
  CPU_fma: 161478.74784981619
  CPU_avx: 138514.53504021096
  CPU_avx512: 137865.32211510238
  m_CPU_enc_SHA: 115707788938.06699
  m_CPU_enc_AES: 73402360441.523636
  m_CPU_enc_ECDSA: 74044575299.415405
  ME_ALLOC_S: 29611.099941143671
  ME_READ_S: 27849.300976562499
  ME_READ_L: 27086.259765625
  ME_WRITE: 26244.189453125
  ME_LARGE: 113920
  ME_LATENCY: 75.896182382047343
  ME_THREADED: 421913.08203125
  SUMM_CPU: 93359.165417470824
  SUMM_ME: 2880.4855423273457
SystemInformation:
  OSName: Ubuntu 24.04.1 LTS
  Kernel: 6.8.0-1016-aws
  Device: ""
  Processor: AMD EPYC 9R14
  NumSockets: 1
  Manufacturer: AuthenticAMD
  NumCores: 64
  NumLogicals: 64
  CPUFrequency: 0
  Memory: 126069
  MemModuleInfo:
    iNumMemSticks: 1
    DIMM 1:
      manufacturer: Not Specified
      modulePartNo: Not Specified
      memType: DDR5
      size: 128
      clkspeed: 2400
      moduleVoltage: 0
Checksum: 2AA73FF1ABA8F1910682973061448D3649F98887