---
system-info:
      stress-ng-version: 0.17.08
      run-by: root
      date-yyyy-mm-dd: 2024:06:04
      time-hh-mm-ss: 21:37:13
      epoch-secs: 1717537033
      hostname: 2445753615cf
      sysname: Linux
      nodename: 2445753615cf
      release: 6.8.0-1008-aws
      version: '#8-Ubuntu SMP Sat Apr 20 02:43:14 UTC 2024'
      machine: aarch64
      compiler: 'musl-gcc 13.2.1'
      uptime: 217
      totalram: 32494219264
      freeram: 28459732992
      sharedram: 3563520
      bufferram: 75788288
      totalswap: 0
      freeswap: 0
      pagesize: 4096
      cpus: 16
      cpus-online: 16
      ticks-per-second: 100

metrics:
    - stressor: cpu
      bogo-ops: 32741
      bogo-ops-per-second-usr-sys-time: 203.689993
      bogo-ops-per-second-real-time: 3251.972239
      wall-clock-time: 10.068044
      user-time: 160.705380
      system-time: 0.033984
      cpu-usage-per-instance: 99.783137
      max-rss: 4136

...
