---
system-info:
      stress-ng-version: 0.17.08
      run-by: root
      date-yyyy-mm-dd: 2024:06:04
      time-hh-mm-ss: 17:01:06
      epoch-secs: 1717520466
      hostname: 46c645088567
      sysname: Linux
      nodename: 46c645088567
      release: 6.8.0-1008-aws
      version: '#8-Ubuntu SMP Sat Apr 20 02:43:14 UTC 2024'
      machine: aarch64
      compiler: 'musl-gcc 13.2.1'
      uptime: 1913
      totalram: 32494219264
      freeram: 27029852160
      sharedram: 3567616
      bufferram: 82649088
      totalswap: 0
      freeswap: 0
      pagesize: 4096
      cpus: 16
      cpus-online: 16
      ticks-per-second: 100

metrics:
    - stressor: cpu
      bogo-ops: 32778
      bogo-ops-per-second-usr-sys-time: 203.863567
      bogo-ops-per-second-real-time: 3254.348552
      wall-clock-time: 10.072062
      user-time: 160.745021
      system-time: 0.038980
      cpu-usage-per-instance: 99.771032
      max-rss: 4136

...
