---
system-info:
      stress-ng-version: 0.17.08
      run-by: root
      date-yyyy-mm-dd: 2024:06:13
      time-hh-mm-ss: 23:23:39
      epoch-secs: 1718321019
      hostname: b1f8a960f21e
      sysname: Linux
      nodename: b1f8a960f21e
      release: 6.8.0-1008-aws
      version: '#8-Ubuntu SMP Sat Apr 20 02:43:14 UTC 2024'
      machine: aarch64
      compiler: 'musl-gcc 13.2.1'
      uptime: 232
      totalram: 32494219264
      freeram: 28212670464
      sharedram: 3563520
      bufferram: 106106880
      totalswap: 0
      freeswap: 0
      pagesize: 4096
      cpus: 16
      cpus-online: 16
      ticks-per-second: 100

metrics:
    - stressor: cpu
      bogo-ops: 477381
      bogo-ops-per-second-usr-sys-time: 1494.468372
      bogo-ops-per-second-real-time: 23868.948224
      wall-clock-time: 20.000085
      user-time: 319.402995
      system-time: 0.028991
      cpu-usage-per-instance: 99.822070
      max-rss: 1192

...
