BaselineInfo:
  WebDBID: -1
  TimeStamp: 20241108103147
Version:
  Major: 11
  Minor: 0
  Build: 1002
  SpecialBuildName: ""
  ptArchitecture: x86_64_linux
Results:
  Results Complete: true
  NumTestProcesses: 16
  CPU_INTEGER_MATH: 67070.173666666669
  CPU_FLOATINGPOINT_MATH: 34289.406143043932
  CPU_PRIME: 135.49063164568571
  CPU_SORTING: 34802.869610291375
  CPU_ENCRYPTION: 14553.316913554178
  CPU_COMPRESSION: 244862.26506428659
  CPU_SINGLETHREAD: 2370.3932554875159
  CPU_PHYSICS: 2362.8931643039864
  CPU_MATRIX_MULT_SSE: 14055.375203691898
  CPU_mm: 1445.6334713440017
  CPU_sse: 6365.8382035932664
  CPU_fma: 17485.177558924312
  CPU_avx: 12905.149365761998
  CPU_avx512: 19465.335686488012
  m_CPU_enc_SHA: 14704266295.966663
  m_CPU_enc_AES: 22124670038.033836
  m_CPU_enc_ECDSA: 8951840173.8404598
  ME_ALLOC_S: 7799.662065866828
  ME_READ_S: 24092.5390625
  ME_READ_L: 11832.79296875
  ME_WRITE: 10562.169921875
  ME_LARGE: 52848.833333333336
  ME_LATENCY: 60.687682470602176
  ME_THREADED: 91300.64599609375
  SUMM_CPU: 21082.624281654123
  SUMM_ME: 2504.5822354530524
SystemInformation:
  OSName: Ubuntu 24.04.1 LTS
  Kernel: 6.8.0-1016-aws
  Device: ""
  Processor: Intel Xeon Platinum 8375C CPU @ 2.90GHz
  NumSockets: 1
  Manufacturer: GenuineIntel
  NumCores: 8
  NumLogicals: 16
  CPUFrequency: 0
  Memory: 63258
  MemModuleInfo:
    iNumMemSticks: 1
    DIMM 1:
      manufacturer: Not Specified
      modulePartNo: Not Specified
      memType: DDR4
      size: 64
      clkspeed: 1600
      moduleVoltage: 0
Checksum: 0E649F5946F13D689431FF374A2224C6F57BFB4D