BaselineInfo:
  WebDBID: -1
  TimeStamp: 20241107134507
Version:
  Major: 11
  Minor: 0
  Build: 1002
  SpecialBuildName: ""
  ptArchitecture: aarch64_linux
Results:
  Results Complete: true
  NumTestProcesses: 2
  CPU_INTEGER_MATH: 10390.921
  CPU_FLOATINGPOINT_MATH: 12058.723814797262
  CPU_PRIME: 34.916598951853416
  CPU_SORTING: 9202.9778484071794
  CPU_ENCRYPTION: 370.4953138377781
  CPU_COMPRESSION: 13066.117930545355
  CPU_SINGLETHREAD: 1944.0586564682446
  CPU_PHYSICS: 684.30975422937536
  CPU_MATRIX_MULT_SSE: 1833.4047987669142
  CPU_mm: 227.34427012527692
  CPU_sse: 1436.9576789610628
  CPU_fma: 2229.8519185727655
  CPU_avx: 0
  CPU_avx512: 0
  m_CPU_enc_SHA: 590587437.00023627
  m_CPU_enc_AES: 213247218.50703901
  m_CPU_enc_ECDSA: 361642827.1010108
  ME_ALLOC_S: 2990.2172863934125
  ME_READ_S: 21184.308398437501
  ME_READ_L: 18186.19140625
  ME_WRITE: 21284.619140625
  ME_LARGE: 21662
  ME_LATENCY: 50.100248918654579
  ME_THREADED: 35699.66796875
  SUMM_CPU: 1980.4160110062435
  SUMM_ME: 2705.2186508762252
SystemInformation:
  OSName: Ubuntu 24.04.1 LTS
  Kernel: 6.8.0-1016-aws
  Device: ""
  Processor: ARM Neoverse-V2 2 Core 0 MHz
  NumSockets: 1
  Manufacturer: ARM
  NumCores: 2
  NumLogicals: 2
  CPUFrequency: 0
  Memory: 31494
Checksum: 613DCFA64CAE02ED04ACDFF2A19127DEBDC28826