---
system-info:
      stress-ng-version: 0.17.08
      run-by: root
      date-yyyy-mm-dd: 2024:06:14
      time-hh-mm-ss: 15:59:04
      epoch-secs: 1718380744
      hostname: 58baa2ef948a
      sysname: Linux
      nodename: 58baa2ef948a
      release: 6.8.0-1008-aws
      version: '#8-Ubuntu SMP Sat Apr 20 00:46:25 UTC 2024'
      machine: x86_64
      compiler: 'musl-gcc 13.2.1'
      uptime: 305
      totalram: 17893105664
      freeram: 13584367616
      sharedram: 22294528
      bufferram: 112594944
      totalswap: 0
      freeswap: 0
      pagesize: 4096
      cpus: 2
      cpus-online: 2
      ticks-per-second: 100

metrics:
    - stressor: cpu
      bogo-ops: 24957
      bogo-ops-per-second-usr-sys-time: 1248.588790
      bogo-ops-per-second-real-time: 1247.843961
      wall-clock-time: 20.000097
      user-time: 19.988166
      system-time: 0.000000
      cpu-usage-per-instance: 99.940346
      max-rss: 976

...
