---
system-info:
      stress-ng-version: 0.17.08
      run-by: root
      date-yyyy-mm-dd: 2024:06:07
      time-hh-mm-ss: 17:01:09
      epoch-secs: 1717779669
      hostname: c824ae372f43
      sysname: Linux
      nodename: c824ae372f43
      release: 6.8.0-1008-aws
      version: '#8-Ubuntu SMP Sat Apr 20 00:46:25 UTC 2024'
      machine: x86_64
      compiler: 'musl-gcc 13.2.1'
      uptime: 257
      totalram: 17893101568
      freeram: 13677928448
      sharedram: 22294528
      bufferram: 96243712
      totalswap: 0
      freeswap: 0
      pagesize: 4096
      cpus: 2
      cpus-online: 2
      ticks-per-second: 100

metrics:
    - stressor: cpu
      bogo-ops: 13543
      bogo-ops-per-second-usr-sys-time: 1354.725926
      bogo-ops-per-second-real-time: 1354.051162
      wall-clock-time: 10.001838
      user-time: 9.996856
      system-time: 0.000000
      cpu-usage-per-instance: 99.950192
      max-rss: 4048

...
