---
system-info:
      stress-ng-version: 0.17.08
      run-by: root
      date-yyyy-mm-dd: 2024:07:02
      time-hh-mm-ss: 05:30:57
      epoch-secs: 1719898257
      hostname: n4-standard-16-312b510
      sysname: Linux
      nodename: n4-standard-16-312b510
      release: 6.8.0-1009-gcp
      version: '#10-Ubuntu SMP Wed Jun 12 18:52:23 UTC 2024'
      machine: x86_64
      compiler: 'musl-gcc 13.2.1'
      uptime: 113
      totalram: 67420815360
      freeram: 61959352320
      sharedram: 274145280
      bufferram: 125460480
      totalswap: 0
      freeswap: 0
      pagesize: 4096
      cpus: 16
      cpus-online: 16
      ticks-per-second: 100

metrics:
    - stressor: cpu
      bogo-ops: 282250
      bogo-ops-per-second-usr-sys-time: 882.770880
      bogo-ops-per-second-real-time: 14112.418207
      wall-clock-time: 20.000116
      user-time: 319.711889
      system-time: 0.019999
      cpu-usage-per-instance: 99.915636
      max-rss: 1104

...
