BaselineInfo:
  WebDBID: -1
  TimeStamp: 20260404005618
Version:
  Major: 11
  Minor: 0
  Build: 1004
  SpecialBuildName: ""
  ptArchitecture: x86_64_linux
Results:
  Results Complete: true
  NumTestProcesses: 4
  CPU_INTEGER_MATH: 13942.080666666665
  CPU_FLOATINGPOINT_MATH: 7468.4513462837513
  CPU_PRIME: 34.060815662282721
  CPU_SORTING: 8691.3111120639296
  CPU_ENCRYPTION: 1930.4532458773756
  CPU_COMPRESSION: 66172.483521430258
  CPU_SINGLETHREAD: 2344.494346687673
  CPU_PHYSICS: 604.66749070543563
  CPU_MATRIX_MULT_SSE: 3556.3934216748448
  CPU_mm: 423.35752021581641
  CPU_sse: 1500.215320755806
  CPU_fma: 4487.7075856804131
  CPU_avx: 3174.1426438082972
  CPU_avx512: 5063.5081364548623
  m_CPU_enc_SHA: 629721324.08695865
  m_CPU_enc_AES: 4870763294.4900417
  m_CPU_enc_ECDSA: 572196209.67034411
  ME_ALLOC_S: 1603.5121330068432
  ME_READ_S: 24311.994921875001
  ME_READ_L: 10615.8388671875
  ME_WRITE: 10778.5947265625
  ME_LARGE: 2738
  ME_LATENCY: 48.278065506979495
  ME_THREADED: 26721.337890625
  SUMM_CPU: 5049.7545856573797
  SUMM_ME: 1855.314919328792
SystemInformation:
  OSName: Ubuntu 24.04.4 LTS
  Kernel: 6.8.0-106-generic
  Device: ""
  Processor: Intel(R) Xeon(R) Platinum 8369HB CPU @ 3.30GHz
  NumSockets: 1
  Manufacturer: GenuineIntel
  NumCores: 2
  NumLogicals: 4
  CPUFrequency: 0
  CPUMaxFrequency: 0
  Memory: 15322
  CPUInfo:
    number: 1
    Family: 6
    Model: 5
    stepping: 11
    features: 529267711
    manufacture: GenuineIntel
    typestring: Intel(R) Xeon(R) Platinum 8369HB CPU @ 3.30GHz
    iCoresPerPackage: 2
    iThreadsPerPackage: 2
    featuresEx:
      - 529267711
      - 4277809667
      - 739248128
    bHybrid: false
    nPCore: 0
    nLogicalsPerPCore: 0
    nECore: 0
    nLogicalsPerECore: 0
  MemModuleInfo:
    iNumMemSticks: 1
    DIMM 1:
      manufacturer: Alibaba Cloud
      modulePartNo: Not Specified
      memType: RAM
      size: 16
      clkspeed: 0
      moduleVoltage: 0
Checksum: CD32DA2ECB62D057B0D40012CE0209AE16C92ACC