---
system-info:
      stress-ng-version: 0.17.08
      run-by: root
      date-yyyy-mm-dd: 2024:06:12
      time-hh-mm-ss: 15:43:23
      epoch-secs: 1718207003
      hostname: 72f701659ed5
      sysname: Linux
      nodename: 72f701659ed5
      release: 6.8.0-1008-aws
      version: '#8-Ubuntu SMP Sat Apr 20 00:46:25 UTC 2024'
      machine: x86_64
      compiler: 'musl-gcc 13.2.1'
      uptime: 168
      totalram: 202403545088
      freeram: 196516966400
      sharedram: 78135296
      bufferram: 113496064
      totalswap: 0
      freeswap: 0
      pagesize: 4096
      cpus: 96
      cpus-online: 96
      ticks-per-second: 100

metrics:
    - stressor: cpu
      bogo-ops: 32734
      bogo-ops-per-second-usr-sys-time: 1636.689853
      bogo-ops-per-second-real-time: 1636.700176
      wall-clock-time: 19.999998
      user-time: 19.999125
      system-time: 0.000999
      cpu-usage-per-instance: 100.000631
      max-rss: 768

...
