---
system-info:
      stress-ng-version: 0.17.08
      run-by: root
      date-yyyy-mm-dd: 2024:06:12
      time-hh-mm-ss: 18:44:10
      epoch-secs: 1718217850
      hostname: 722a69750596
      sysname: Linux
      nodename: 722a69750596
      release: 6.8.0-1008-aws
      version: '#8-Ubuntu SMP Sat Apr 20 00:46:25 UTC 2024'
      machine: x86_64
      compiler: 'musl-gcc 13.2.1'
      uptime: 143
      totalram: 202403528704
      freeram: 196409962496
      sharedram: 78135296
      bufferram: 112566272
      totalswap: 0
      freeswap: 0
      pagesize: 4096
      cpus: 96
      cpus-online: 96
      ticks-per-second: 100

metrics:
    - stressor: cpu
      bogo-ops: 32530
      bogo-ops-per-second-usr-sys-time: 1626.523503
      bogo-ops-per-second-real-time: 1626.493640
      wall-clock-time: 20.000078
      user-time: 19.999711
      system-time: 0.000000
      cpu-usage-per-instance: 99.998164
      max-rss: 768

...
