---
system-info:
      stress-ng-version: 0.17.08
      run-by: root
      date-yyyy-mm-dd: 2024:06:05
      time-hh-mm-ss: 22:14:41
      epoch-secs: 1717625681
      hostname: 8445d9a2ea64
      sysname: Linux
      nodename: 8445d9a2ea64
      release: 6.8.0-1008-aws
      version: '#8-Ubuntu SMP Sat Apr 20 00:46:25 UTC 2024'
      machine: x86_64
      compiler: 'musl-gcc 13.2.1'
      uptime: 140
      totalram: 202403569664
      freeram: 196628848640
      sharedram: 78135296
      bufferram: 79732736
      totalswap: 0
      freeswap: 0
      pagesize: 4096
      cpus: 96
      cpus-online: 96
      ticks-per-second: 100

metrics:
    - stressor: cpu
      bogo-ops: 17654
      bogo-ops-per-second-usr-sys-time: 1764.843016
      bogo-ops-per-second-real-time: 1764.783507
      wall-clock-time: 10.003493
      user-time: 10.001157
      system-time: 0.001999
      cpu-usage-per-instance: 99.996628
      max-rss: 3072

...
