---
system-info:
      stress-ng-version: 0.17.08
      run-by: root
      date-yyyy-mm-dd: 2024:06:06
      time-hh-mm-ss: 20:56:50
      epoch-secs: 1717707410
      hostname: dc6550ce64ae
      sysname: Linux
      nodename: dc6550ce64ae
      release: 6.8.0-1008-aws
      version: '#8-Ubuntu SMP Sat Apr 20 00:46:25 UTC 2024'
      machine: x86_64
      compiler: 'musl-gcc 13.2.1'
      uptime: 141
      totalram: 100150968320
      freeram: 95700275200
      sharedram: 40964096
      bufferram: 86962176
      totalswap: 0
      freeswap: 0
      pagesize: 4096
      cpus: 24
      cpus-online: 24
      ticks-per-second: 100

metrics:
    - stressor: cpu
      bogo-ops: 13927
      bogo-ops-per-second-usr-sys-time: 1392.707381
      bogo-ops-per-second-real-time: 1392.670714
      wall-clock-time: 10.000210
      user-time: 9.999947
      system-time: 0.000000
      cpu-usage-per-instance: 99.997367
      max-rss: 3900

...
