---
system-info:
      stress-ng-version: 0.17.08
      run-by: root
      date-yyyy-mm-dd: 2024:06:14
      time-hh-mm-ss: 13:04:02
      epoch-secs: 1718370242
      hostname: 0bebe0f68826
      sysname: Linux
      nodename: 0bebe0f68826
      release: 6.8.0-1008-aws
      version: '#8-Ubuntu SMP Sat Apr 20 00:46:25 UTC 2024'
      machine: x86_64
      compiler: 'musl-gcc 13.2.1'
      uptime: 166
      totalram: 100150972416
      freeram: 95450112000
      sharedram: 40964096
      bufferram: 108990464
      totalswap: 0
      freeswap: 0
      pagesize: 4096
      cpus: 24
      cpus-online: 24
      ticks-per-second: 100

metrics:
    - stressor: cpu
      bogo-ops: 25650
      bogo-ops-per-second-usr-sys-time: 1282.538540
      bogo-ops-per-second-real-time: 1282.496392
      wall-clock-time: 20.000056
      user-time: 19.999399
      system-time: 0.000000
      cpu-usage-per-instance: 99.996714
      max-rss: 1020

...
