BaselineInfo:
  WebDBID: -1
  TimeStamp: 20241115155004
Version:
  Major: 11
  Minor: 0
  Build: 1002
  SpecialBuildName: ""
  ptArchitecture: aarch64_linux
Results:
  Results Complete: true
  NumTestProcesses: 1
  CPU_INTEGER_MATH: 3896.1013333333335
  CPU_FLOATINGPOINT_MATH: 2904.3465095861829
  CPU_PRIME: 8.067833424594463
  CPU_SORTING: 2774.7540231320168
  CPU_ENCRYPTION: 132.4981184014313
  CPU_COMPRESSION: 4098.1676694389444
  CPU_SINGLETHREAD: 994.97712033920516
  CPU_PHYSICS: 172.02462150159025
  CPU_MATRIX_MULT_SSE: 614.71560073925957
  CPU_mm: 103.13089665148966
  CPU_sse: 511.88838593504101
  CPU_fma: 717.54281554347801
  CPU_avx: 0
  CPU_avx512: 0
  m_CPU_enc_SHA: 199030937.39023304
  m_CPU_enc_AES: 93077795.832767993
  m_CPU_enc_ECDSA: 124694307.77969669
  ME_ALLOC_S: 631.40901270640541
  ME_READ_S: 9346.8538085937507
  ME_READ_L: 9037.9755859375
  ME_WRITE: 11913.7548828125
  ME_LARGE: 6932
  ME_LATENCY: 76.707680123717054
  ME_THREADED: 9011.439453125
  SUMM_CPU: 657.33756663288477
  SUMM_ME: 1219.7195292634613
SystemInformation:
  OSName: Ubuntu 24.04.1 LTS
  Kernel: 6.8.0-1018-aws
  Device: ""
  Processor: ARM Neoverse-N1 1 Core 0 MHz
  NumSockets: 1
  Manufacturer: ARM
  NumCores: 1
  NumLogicals: 1
  CPUFrequency: 0
  Memory: 15768
Checksum: 3629A58553EAE8077E17622E5A4A77D4A191FC7A