BaselineInfo:
  WebDBID: -1
  TimeStamp: 20241107045633
Version:
  Major: 11
  Minor: 0
  Build: 1002
  SpecialBuildName: ""
  ptArchitecture: aarch64_linux
Results:
  Results Complete: true
  NumTestProcesses: 1
  CPU_INTEGER_MATH: 3894.3263333333334
  CPU_FLOATINGPOINT_MATH: 2955.1492779585265
  CPU_PRIME: 8.1354037191839748
  CPU_SORTING: 2781.2030961498722
  CPU_ENCRYPTION: 131.48122552944491
  CPU_COMPRESSION: 4147.516028032529
  CPU_SINGLETHREAD: 1003.6438467489409
  CPU_PHYSICS: 174.60917749301149
  CPU_MATRIX_MULT_SSE: 616.08863675131511
  CPU_mm: 103.43302446859119
  CPU_sse: 515.09706635050804
  CPU_fma: 717.08020715212217
  CPU_avx: 0
  CPU_avx512: 0
  m_CPU_enc_SHA: 198213043.15729803
  m_CPU_enc_AES: 93093539.100931048
  m_CPU_enc_ECDSA: 122297590.3640606
  ME_ALLOC_S: 646.00426212831542
  ME_READ_S: 9356.6921875000007
  ME_READ_L: 9044.6640625
  ME_WRITE: 12421.4921875
  ME_LARGE: 5978.5
  ME_LATENCY: 76.063014480309846
  ME_THREADED: 9056.8515625
  SUMM_CPU: 658.92585745219765
  SUMM_ME: 1218.4902967285309
SystemInformation:
  OSName: Ubuntu 24.04.1 LTS
  Kernel: 6.8.0-1016-aws
  Device: ""
  Processor: ARM Neoverse-N1 1 Core 0 MHz
  NumSockets: 1
  Manufacturer: ARM
  NumCores: 1
  NumLogicals: 1
  CPUFrequency: 0
  Memory: 15768
Checksum: 6626D6112A05F9516FD42DEBCB16685B740D7867