---
system-info:
      stress-ng-version: 0.17.08
      run-by: root
      date-yyyy-mm-dd: 2024:09:16
      time-hh-mm-ss: 20:56:10
      epoch-secs: 1726520170
      hostname: sc-runner
      sysname: Linux
      nodename: sc-runner
      release: 6.8.0-1014-azure
      version: '#16-Ubuntu SMP Thu Aug 15 20:04:41 UTC 2024'
      machine: x86_64
      compiler: 'musl-gcc 13.2.1'
      uptime: 282
      totalram: 135069487104
      freeram: 124898328576
      sharedram: 54898688
      bufferram: 232067072
      totalswap: 0
      freeswap: 0
      pagesize: 4096
      cpus: 4
      cpus-online: 4
      ticks-per-second: 100

metrics:
    - stressor: cpu
      bogo-ops: 77421
      bogo-ops-per-second-usr-sys-time: 971.571693
      bogo-ops-per-second-real-time: 3871.035268
      wall-clock-time: 20.000076
      user-time: 79.673359
      system-time: 0.012989
      cpu-usage-per-instance: 99.607556
      max-rss: 3124

...
