BaselineInfo:
  WebDBID: -1
  TimeStamp: 20250829043148
Version:
  Major: 11
  Minor: 0
  Build: 1002
  SpecialBuildName: ""
  ptArchitecture: aarch64_linux
Results:
  Results Complete: true
  NumTestProcesses: 24
  CPU_INTEGER_MATH: 125221.25633333335
  CPU_FLOATINGPOINT_MATH: 145481.76147805672
  CPU_PRIME: 351.94769420220643
  CPU_SORTING: 111265.6652184183
  CPU_ENCRYPTION: 4520.1797821218743
  CPU_COMPRESSION: 159481.59181525878
  CPU_SINGLETHREAD: 1944.0553595493031
  CPU_PHYSICS: 7107.5544681119545
  CPU_MATRIX_MULT_SSE: 22117.625982140664
  CPU_mm: 2728.5272751036759
  CPU_sse: 17403.569424665257
  CPU_fma: 26831.682539616064
  CPU_avx: 0
  CPU_avx512: 0
  m_CPU_enc_SHA: 7049431785.3835993
  m_CPU_enc_AES: 2581049845.6219835
  m_CPU_enc_ECDSA: 4588774474.6490993
  ME_ALLOC_S: 35973.671106242371
  ME_READ_S: 19481.421093749999
  ME_READ_L: 20192.11328125
  ME_WRITE: 21293.345703125
  ME_LARGE: 178837.66666666666
  ME_LATENCY: 46.905653827011328
  ME_THREADED: 388516.5966796875
  SUMM_CPU: 20758.122906583176
  SUMM_ME: 3291.0923304094458
SystemInformation:
  OSName: Ubuntu 24.04.2 LTS
  Kernel: 6.14.0-1011-aws
  Device: ""
  Processor: ARM Neoverse-V2 24 Core 0 MHz
  NumSockets: 1
  Manufacturer: ARM
  NumCores: 24
  NumLogicals: 24
  CPUFrequency: 0
  Memory: 189787
Checksum: 210A24C826F87A01A342D5C6640ED730ACD4F179