BaselineInfo:
  WebDBID: -1
  TimeStamp: 20241219003456
Version:
  Major: 11
  Minor: 0
  Build: 1002
  SpecialBuildName: ""
  ptArchitecture: x86_64_linux
Results:
  Results Complete: true
  NumTestProcesses: 16
  CPU_INTEGER_MATH: 76752.82233333333
  CPU_FLOATINGPOINT_MATH: 55763.228163461295
  CPU_PRIME: 267.65987539154384
  CPU_SORTING: 45660.512353567814
  CPU_ENCRYPTION: 18668.640008886272
  CPU_COMPRESSION: 339418.64760711667
  CPU_SINGLETHREAD: 2177.7473325170918
  CPU_PHYSICS: 4171.9267711162547
  CPU_MATRIX_MULT_SSE: 29231.368860670686
  CPU_mm: 3269.1570463519929
  CPU_sse: 12816.424950991392
  CPU_fma: 42683.100981820127
  CPU_avx: 32194.580649200529
  CPU_avx512: 0
  m_CPU_enc_SHA: 26329594622.728775
  m_CPU_enc_AES: 16978582487.570261
  m_CPU_enc_ECDSA: 15418286487.574757
  ME_ALLOC_S: 10933.88111270513
  ME_READ_S: 25165.354296875001
  ME_READ_L: 11584.8056640625
  ME_WRITE: 11755.251953125
  ME_LARGE: 12894.5
  ME_LATENCY: 57.633896892555811
  ME_THREADED: 104864.93701171875
  SUMM_CPU: 28589.209484754669
  SUMM_ME: 2507.2279247667402
SystemInformation:
  OSName: Ubuntu 24.04.1 LTS
  Kernel: 6.8.0-31-generic
  Device: ""
  Processor: AMD EPYC 7542 32-Core Processor
  NumSockets: 1
  Manufacturer: AuthenticAMD
  NumCores: 16
  NumLogicals: 16
  CPUFrequency: 0
  Memory: 23986
  MemModuleInfo:
    iNumMemSticks: 2
    DIMM 1:
      manufacturer: QEMU
      modulePartNo: Not Specified
      memType: RAM
      size: 16
      clkspeed: 0
      moduleVoltage: 0
    DIMM 2:
      manufacturer: QEMU
      modulePartNo: Not Specified
      memType: RAM
      size: 8
      clkspeed: 0
      moduleVoltage: 0
Checksum: FC674A5F7E9159A549A183C9912A6FAF0B55E789