BaselineInfo:
  WebDBID: -1
  TimeStamp: 20260708185828
Version:
  Major: 11
  Minor: 0
  Build: 1004
  SpecialBuildName: ""
  ptArchitecture: x86_64_linux
Results:
  Results Complete: true
  NumTestProcesses: 2
  CPU_INTEGER_MATH: 13329.989666666666
  CPU_FLOATINGPOINT_MATH: 8070.3901529428394
  CPU_PRIME: 35.772631634784361
  CPU_SORTING: 6510.9458219454855
  CPU_ENCRYPTION: 2652.1590155047379
  CPU_COMPRESSION: 50166.952672162646
  CPU_SINGLETHREAD: 3696.3905719271384
  CPU_PHYSICS: 690.52763030302867
  CPU_MATRIX_MULT_SSE: 3803.5061794048097
  CPU_mm: 385.15194354083803
  CPU_sse: 1428.0490716502236
  CPU_fma: 4284.9050380060216
  CPU_avx: 4185.8710872152988
  CPU_avx512: 5315.1995207476939
  m_CPU_enc_SHA: 3330279768.9942412
  m_CPU_enc_AES: 2690565259.5808773
  m_CPU_enc_ECDSA: 2322125846.9505706
  ME_ALLOC_S: 1534.9231000109107
  ME_READ_S: 33673.397656250003
  ME_READ_L: 29624.93359375
  ME_WRITE: 30629.5625
  ME_LARGE: 23826
  ME_LATENCY: 79.751378079523164
  ME_THREADED: 42935.01953125
  SUMM_CPU: 5069.6837987211593
  SUMM_ME: 2430.6105099359347
SystemInformation:
  OSName: Ubuntu 24.04.4 LTS
  Kernel: 6.17.0-1018-azure
  Device: ""
  Processor: "AMD EPYC 9V45 96-Core Processor                "
  NumSockets: 1
  Manufacturer: AuthenticAMD
  NumCores: 1
  NumLogicals: 2
  CPUFrequency: 0
  CPUMaxFrequency: 0
  Memory: 32094
  CPUInfo:
    number: 1
    Family: 15
    Model: 2
    stepping: 1
    features: 395049983
    manufacture: AuthenticAMD
    typestring: "AMD EPYC 9V45 96-Core Processor                "
    iCoresPerPackage: 8
    iThreadsPerPackage: 2
    featuresEx:
      - 395049983
      - 4277809667
      - 802421759
    bHybrid: false
    nPCore: 0
    nLogicalsPerPCore: 0
    nECore: 0
    nLogicalsPerECore: 0
  MemModuleInfo:
    iNumMemSticks: 2
    DIMM 1:
      manufacturer: Microsoft Corporation
      modulePartNo: None
      memType: Unknown
      size: 1
      clkspeed: 0
      moduleVoltage: 0
    DIMM 2:
      manufacturer: Microsoft Corporation
      modulePartNo: None
      memType: Unknown
      size: 31
      clkspeed: 0
      moduleVoltage: 0
Checksum: DE991B5D579E81643C28373FFD810B4FBE07EF97