BaselineInfo:
  WebDBID: -1
  TimeStamp: 20241115113305
Version:
  Major: 11
  Minor: 0
  Build: 1002
  SpecialBuildName: ""
  ptArchitecture: x86_64_linux
Results:
  Results Complete: true
  NumTestProcesses: 1
  CPU_INTEGER_MATH: 2671.5643333333337
  CPU_FLOATINGPOINT_MATH: 1994.0468373692884
  CPU_PRIME: 8.0868057080340705
  CPU_SORTING: 1555.3330355789253
  CPU_ENCRYPTION: 344.86782718677568
  CPU_COMPRESSION: 12551.084434970684
  CPU_SINGLETHREAD: 1156.7637706451908
  CPU_PHYSICS: 148.38132929386526
  CPU_MATRIX_MULT_SSE: 428.64740224328216
  CPU_mm: 124.84445166287918
  CPU_sse: 428.64740224328216
  CPU_fma: 0
  CPU_avx: 0
  CPU_avx512: 0
  m_CPU_enc_SHA: 190361555.1605286
  m_CPU_enc_AES: 732688006.34506643
  m_CPU_enc_ECDSA: 161810818.77500659
  ME_ALLOC_S: 456.15185451224079
  ME_READ_S: 15952.522656249999
  ME_READ_L: 6665.509765625
  ME_WRITE: 6700.00927734375
  ME_LARGE: 538.83333333333337
  ME_LATENCY: 79.944248601532621
  ME_THREADED: 6812.81201171875
  SUMM_CPU: 949.91907277059636
  SUMM_ME: 694.01417563905375
SystemInformation:
  OSName: Ubuntu 24.04.1 LTS
  Kernel: 6.8.0-1018-aws
  Device: ""
  Processor: Intel Xeon CPU E5-2651 v2 @ 1.80GHz
  NumSockets: 1
  Manufacturer: GenuineIntel
  NumCores: 1
  NumLogicals: 1
  CPUFrequency: 0
  Memory: 1659
  MemModuleInfo:
    iNumMemSticks: 1
    DIMM 1:
      manufacturer: Not Specified
      modulePartNo: Not Specified
      memType: RAM
      size: 1740
      clkspeed: 0
      moduleVoltage: 0
Checksum: 862F79E51CB16BDBE2C070C6473444DFF300E6E3