BaselineInfo:
  WebDBID: -1
  TimeStamp: 20241106234304
Version:
  Major: 11
  Minor: 0
  Build: 1002
  SpecialBuildName: ""
  ptArchitecture: x86_64_linux
Results:
  Results Complete: true
  NumTestProcesses: 1
  CPU_INTEGER_MATH: 2637.6973333333335
  CPU_FLOATINGPOINT_MATH: 1978.7577368252207
  CPU_PRIME: 7.6248912307828096
  CPU_SORTING: 1580.8269591953231
  CPU_ENCRYPTION: 342.25297689326203
  CPU_COMPRESSION: 13212.532950963661
  CPU_SINGLETHREAD: 1125.8271576493264
  CPU_PHYSICS: 139.77673545307431
  CPU_MATRIX_MULT_SSE: 414.41474713480807
  CPU_mm: 120.02946679917359
  CPU_sse: 414.41474713480807
  CPU_fma: 0
  CPU_avx: 0
  CPU_avx512: 0
  m_CPU_enc_SHA: 188368066.0706124
  m_CPU_enc_AES: 732130904.0678854
  m_CPU_enc_ECDSA: 156135802.35798952
  ME_ALLOC_S: 451.38461018314956
  ME_READ_S: 15269.009472656249
  ME_READ_L: 6947.8642578125
  ME_WRITE: 6803.83447265625
  ME_LARGE: 555.83333333333337
  ME_LATENCY: 79.953443752629738
  ME_THREADED: 7308.5751953125
  SUMM_CPU: 944.45956986357271
  SUMM_ME: 708.41802168901131
SystemInformation:
  OSName: Ubuntu 24.04.1 LTS
  Kernel: 6.8.0-1016-aws
  Device: ""
  Processor: Intel Xeon CPU E5-2651 v2 @ 1.80GHz
  NumSockets: 1
  Manufacturer: GenuineIntel
  NumCores: 1
  NumLogicals: 1
  CPUFrequency: 0
  Memory: 1659
  MemModuleInfo:
    iNumMemSticks: 1
    DIMM 1:
      manufacturer: Not Specified
      modulePartNo: Not Specified
      memType: RAM
      size: 1740
      clkspeed: 0
      moduleVoltage: 0
Checksum: C1B5BA9D48AD5A69A04478CDD0A8C969C363C0C4