BaselineInfo:
  WebDBID: -1
  TimeStamp: 20241114193205
Version:
  Major: 11
  Minor: 0
  Build: 1002
  SpecialBuildName: ""
  ptArchitecture: x86_64_linux
Results:
  Results Complete: true
  NumTestProcesses: 1
  CPU_INTEGER_MATH: 2698.9703333333337
  CPU_FLOATINGPOINT_MATH: 2008.7709031025424
  CPU_PRIME: 8.0003209914759896
  CPU_SORTING: 1662.0461269104258
  CPU_ENCRYPTION: 348.78126908016196
  CPU_COMPRESSION: 12724.336935482903
  CPU_SINGLETHREAD: 1174.6081844045641
  CPU_PHYSICS: 150.69216963798155
  CPU_MATRIX_MULT_SSE: 439.18242304781461
  CPU_mm: 125.51884132834749
  CPU_sse: 439.18242304781461
  CPU_fma: 0
  CPU_avx: 0
  CPU_avx512: 0
  m_CPU_enc_SHA: 191769523.84918153
  m_CPU_enc_AES: 740219713.19535732
  m_CPU_enc_ECDSA: 165181766.97646084
  ME_ALLOC_S: 461.98626185580952
  ME_READ_S: 15613.939453125
  ME_READ_L: 6758.59228515625
  ME_WRITE: 6724.81298828125
  ME_LARGE: 569.83333333333337
  ME_LATENCY: 77.606863543322177
  ME_THREADED: 6800.533203125
  SUMM_CPU: 967.88377341801413
  SUMM_ME: 713.94028915337606
SystemInformation:
  OSName: Ubuntu 24.04.1 LTS
  Kernel: 6.8.0-1018-aws
  Device: ""
  Processor: Intel Xeon CPU E5-2651 v2 @ 1.80GHz
  NumSockets: 1
  Manufacturer: GenuineIntel
  NumCores: 1
  NumLogicals: 1
  CPUFrequency: 0
  Memory: 1659
  MemModuleInfo:
    iNumMemSticks: 1
    DIMM 1:
      manufacturer: Not Specified
      modulePartNo: Not Specified
      memType: RAM
      size: 1740
      clkspeed: 0
      moduleVoltage: 0
Checksum: 562D0C7988D3118CF0AD069D9B1EDAC2B84F1F63