BaselineInfo:
  WebDBID: -1
  TimeStamp: 20241108233532
Version:
  Major: 11
  Minor: 0
  Build: 1002
  SpecialBuildName: ""
  ptArchitecture: x86_64_linux
Results:
  Results Complete: true
  NumTestProcesses: 36
  CPU_INTEGER_MATH: 111728.55833333332
  CPU_FLOATINGPOINT_MATH: 59847.131178852142
  CPU_PRIME: 132.21248886513766
  CPU_SORTING: 56462.209976791841
  CPU_ENCRYPTION: 15171.488701607494
  CPU_COMPRESSION: 483362.76798720198
  CPU_SINGLETHREAD: 2004.4632971286721
  CPU_PHYSICS: 2213.9793857733298
  CPU_MATRIX_MULT_SSE: 33369.437660463758
  CPU_mm: 3392.050883989999
  CPU_sse: 12141.583634579385
  CPU_fma: 40223.018631335704
  CPU_avx: 28353.484598804898
  CPU_avx512: 52759.663777135065
  m_CPU_enc_SHA: 5012223300.5817852
  m_CPU_enc_AES: 38227503953.670815
  m_CPU_enc_ECDSA: 4485649556.0777378
  ME_ALLOC_S: 12449.70268528021
  ME_READ_S: 24595.235546874999
  ME_READ_L: 11767.6748046875
  ME_WRITE: 10946.6083984375
  ME_LARGE: 59159.416666666664
  ME_LATENCY: 51.935602952707683
  ME_THREADED: 107980.26171875
  SUMM_CPU: 30111.19191693949
  SUMM_ME: 2737.4041728424472
SystemInformation:
  OSName: Ubuntu 24.04.1 LTS
  Kernel: 6.8.0-1016-aws
  Device: ""
  Processor: Intel Xeon Platinum 8124M CPU @ 3.00GHz
  NumSockets: 1
  Manufacturer: GenuineIntel
  NumCores: 18
  NumLogicals: 36
  CPUFrequency: 0
  Memory: 70305
  MemModuleInfo:
    iNumMemSticks: 1
    DIMM 1:
      manufacturer: Not Specified
      modulePartNo: Not Specified
      memType: DDR4
      size: 72
      clkspeed: 1333
      moduleVoltage: 0
Checksum: 89C16E6336C63B31797C49C10FB7B60B83917A16