BaselineInfo:
  WebDBID: -1
  TimeStamp: 20241107055812
Version:
  Major: 11
  Minor: 0
  Build: 1002
  SpecialBuildName: ""
  ptArchitecture: x86_64_linux
Results:
  Results Complete: true
  NumTestProcesses: 2
  CPU_INTEGER_MATH: 5441.108666666667
  CPU_FLOATINGPOINT_MATH: 2926.2194198565649
  CPU_PRIME: 11.783885374221139
  CPU_SORTING: 2896.0273323404699
  CPU_ENCRYPTION: 746.87318129371715
  CPU_COMPRESSION: 24267.919559756388
  CPU_SINGLETHREAD: 1701.2832932772556
  CPU_PHYSICS: 254.16911361519743
  CPU_MATRIX_MULT_SSE: 1574.2749291057978
  CPU_mm: 166.20535094584204
  CPU_sse: 596.39622876267958
  CPU_fma: 2026.1697328786913
  CPU_avx: 1429.514279839947
  CPU_avx512: 2245.0194749418733
  m_CPU_enc_SHA: 246080471.9982506
  m_CPU_enc_AES: 1884197375.8718672
  m_CPU_enc_ECDSA: 219182030.97460479
  ME_ALLOC_S: 660.29423269771041
  ME_READ_S: 21460.767187500001
  ME_READ_L: 9835.8583984375
  ME_WRITE: 9104.7978515625
  ME_LARGE: 668
  ME_LATENCY: 51.79116638935492
  ME_THREADED: 11606.4853515625
  SUMM_CPU: 1968.6274249779726
  SUMM_ME: 956.85762717501575
SystemInformation:
  OSName: Ubuntu 24.04.1 LTS
  Kernel: 6.8.0-1017-azure
  Device: ""
  Processor: Intel Xeon Platinum 8272CL CPU @ 2.60GHz
  NumSockets: 1
  Manufacturer: GenuineIntel
  NumCores: 1
  NumLogicals: 2
  CPUFrequency: 0
  Memory: 7938
  MemModuleInfo:
    iNumMemSticks: 2
    DIMM 1:
      manufacturer: Microsoft Corporation
      modulePartNo: None
      memType: Unknown
      size: 1
      clkspeed: 0
      moduleVoltage: 0
    DIMM 2:
      manufacturer: Microsoft Corporation
      modulePartNo: None
      memType: Unknown
      size: 7
      clkspeed: 0
      moduleVoltage: 0
Checksum: 68D242D85B335F0954B8C42186C88B425548C281