BaselineInfo:
  WebDBID: -1
  TimeStamp: 20241109152233
Version:
  Major: 11
  Minor: 0
  Build: 1002
  SpecialBuildName: ""
  ptArchitecture: x86_64_linux
Results:
  Results Complete: true
  NumTestProcesses: 96
  CPU_INTEGER_MATH: 391102.86100000003
  CPU_FLOATINGPOINT_MATH: 199905.24142653416
  CPU_PRIME: 422.42796109059475
  CPU_SORTING: 182794.49837720246
  CPU_ENCRYPTION: 81435.576747980434
  CPU_COMPRESSION: 1393128.4420737387
  CPU_SINGLETHREAD: 2353.8855099749226
  CPU_PHYSICS: 7115.7175855901223
  CPU_MATRIX_MULT_SSE: 78876.09324515771
  CPU_mm: 8187.3507447679522
  CPU_sse: 34942.05343849997
  CPU_fma: 93323.256901222456
  CPU_avx: 71806.760041538902
  CPU_avx512: 115432.30259936942
  m_CPU_enc_SHA: 83425443397.544693
  m_CPU_enc_AES: 121831906899.16058
  m_CPU_enc_ECDSA: 50916823675.56572
  ME_ALLOC_S: 29771.286131323948
  ME_READ_S: 23560.956640625001
  ME_READ_L: 10730.8994140625
  ME_WRITE: 10322.5771484375
  ME_LARGE: 84435.583333333328
  ME_LATENCY: 54.326858768522577
  ME_THREADED: 183973.17944335938
  SUMM_CPU: 73075.257214315847
  SUMM_ME: 2655.0832429359675
SystemInformation:
  OSName: Ubuntu 24.04.1 LTS
  Kernel: 6.8.0-1015-gcp
  Device: ""
  Processor: Intel Xeon CPU @ 2.60GHz
  NumSockets: 2
  Manufacturer: GenuineIntel
  NumCores: 48
  NumLogicals: 96
  CPUFrequency: 0
  Memory: 96618
  MemModuleInfo:
    iNumMemSticks: 6
    DIMM 1:
      manufacturer: ""
      modulePartNo: ""
      memType: RAM
      size: 16
      clkspeed: 0
      moduleVoltage: 0
    DIMM 2:
      manufacturer: ""
      modulePartNo: ""
      memType: RAM
      size: 16
      clkspeed: 0
      moduleVoltage: 0
    DIMM 3:
      manufacturer: ""
      modulePartNo: ""
      memType: RAM
      size: 16
      clkspeed: 0
      moduleVoltage: 0
    DIMM 4:
      manufacturer: ""
      modulePartNo: ""
      memType: RAM
      size: 16
      clkspeed: 0
      moduleVoltage: 0
    DIMM 5:
      manufacturer: ""
      modulePartNo: ""
      memType: RAM
      size: 16
      clkspeed: 0
      moduleVoltage: 0
    DIMM 6:
      manufacturer: ""
      modulePartNo: ""
      memType: RAM
      size: 16
      clkspeed: 0
      moduleVoltage: 0
Checksum: 7AA295479C4697FB67CDB6D295EAFC25FE7B9FEE