---
system-info:
      stress-ng-version: 0.17.08
      run-by: root
      date-yyyy-mm-dd: 2024:06:14
      time-hh-mm-ss: 13:32:03
      epoch-secs: 1718371923
      hostname: 20447f4788a8
      sysname: Linux
      nodename: 20447f4788a8
      release: 6.8.0-1008-aws
      version: '#8-Ubuntu SMP Sat Apr 20 00:46:25 UTC 2024'
      machine: x86_64
      compiler: 'musl-gcc 13.2.1'
      uptime: 353
      totalram: 32067796992
      freeram: 25314603008
      sharedram: 48513024
      bufferram: 100605952
      totalswap: 0
      freeswap: 0
      pagesize: 4096
      cpus: 4
      cpus-online: 4
      ticks-per-second: 100

metrics:
    - stressor: cpu
      bogo-ops: 17565
      bogo-ops-per-second-usr-sys-time: 878.277622
      bogo-ops-per-second-real-time: 878.242965
      wall-clock-time: 20.000160
      user-time: 19.998372
      system-time: 0.000999
      cpu-usage-per-instance: 99.996054
      max-rss: 976

...
