---
system-info:
      stress-ng-version: 0.17.08
      run-by: root
      date-yyyy-mm-dd: 2024:06:06
      time-hh-mm-ss: 22:57:34
      epoch-secs: 1717714654
      hostname: ffa33c75d3a7
      sysname: Linux
      nodename: ffa33c75d3a7
      release: 6.8.0-1008-aws
      version: '#8-Ubuntu SMP Sat Apr 20 00:46:25 UTC 2024'
      machine: x86_64
      compiler: 'musl-gcc 13.2.1'
      uptime: 232
      totalram: 32067796992
      freeram: 25517449216
      sharedram: 48513024
      bufferram: 78032896
      totalswap: 0
      freeswap: 0
      pagesize: 4096
      cpus: 4
      cpus-online: 4
      ticks-per-second: 100

metrics:
    - stressor: cpu
      bogo-ops: 11528
      bogo-ops-per-second-usr-sys-time: 1152.393436
      bogo-ops-per-second-real-time: 1152.369692
      wall-clock-time: 10.003734
      user-time: 10.002528
      system-time: 0.001000
      cpu-usage-per-instance: 99.997940
      max-rss: 3920

...
