---
system-info:
      stress-ng-version: 0.17.08
      run-by: root
      date-yyyy-mm-dd: 2024:06:15
      time-hh-mm-ss: 06:42:18
      epoch-secs: 1718433738
      hostname: b85eb20b0235
      sysname: Linux
      nodename: b85eb20b0235
      release: 6.8.0-1008-aws
      version: '#8-Ubuntu SMP Sat Apr 20 02:43:14 UTC 2024'
      machine: aarch64
      compiler: 'musl-gcc 13.2.1'
      uptime: 149
      totalram: 132652306432
      freeram: 128024244224
      sharedram: 34963456
      bufferram: 109629440
      totalswap: 0
      freeswap: 0
      pagesize: 4096
      cpus: 32
      cpus-online: 32
      ticks-per-second: 100

metrics:
    - stressor: cpu
      bogo-ops: 30657
      bogo-ops-per-second-usr-sys-time: 1532.872610
      bogo-ops-per-second-real-time: 1532.840462
      wall-clock-time: 20.000124
      user-time: 19.999705
      system-time: 0.000000
      cpu-usage-per-instance: 99.997903
      max-rss: 1280

...
