---
system-info:
      stress-ng-version: 0.17.08
      run-by: root
      date-yyyy-mm-dd: 2024:06:08
      time-hh-mm-ss: 21:54:47
      epoch-secs: 1717883687
      hostname: 36f6913167c0
      sysname: Linux
      nodename: 36f6913167c0
      release: 6.8.0-1008-aws
      version: '#8-Ubuntu SMP Sat Apr 20 02:43:14 UTC 2024'
      machine: aarch64
      compiler: 'musl-gcc 13.2.1'
      uptime: 120
      totalram: 132652302336
      freeram: 127957381120
      sharedram: 34971648
      bufferram: 105783296
      totalswap: 0
      freeswap: 0
      pagesize: 4096
      cpus: 32
      cpus-online: 32
      ticks-per-second: 100

metrics:
    - stressor: cpu
      bogo-ops: 4267
      bogo-ops-per-second-usr-sys-time: 424.600858
      bogo-ops-per-second-real-time: 424.590715
      wall-clock-time: 10.049678
      user-time: 10.049438
      system-time: 0.000000
      cpu-usage-per-instance: 99.997611
      max-rss: 3840

...
