size_kb,operation,bandwidth_mb_s,latency_ns,latency_stddev_ns,latency_samples,threads,iterations,elapsed_s
32,read,8031356.19,0,0,0,192,390624,0.291824
32,write,4632695.28,0,0,0,192,397456,0.514762
32,copy,3259364.80,0,0,0,192,225835,0.415728
32,latency,0,1.36,0.00,7,1,7,0.195861
128,read,7765946.51,0,0,0,192,150150,0.464026
128,write,4633435.67,0,0,0,192,111457,0.577318
128,copy,3596941.54,0,0,0,192,51103,0.340976
128,latency,0,3.73,0.00,7,1,7,0.651839
1024,read,3339678.86,0,0,0,192,8479,0.487462
1024,write,2847078.97,0,0,0,192,7219,0.486832
1024,copy,499962.73,0,0,0,192,4891,1.878284
1024,latency,0,6.86,0.02,7,1,7,0.687632
2048,read,1029974.29,0,0,0,192,3379,1.259775
2048,write,821239.93,0,0,0,192,2274,1.063290
2048,copy,242404.56,0,0,0,192,1126,1.783729
2048,latency,0,12.70,0.05,7,1,7,0.675032
4096,read,755515.44,0,0,0,192,952,0.967731
4096,write,292296.25,0,0,0,192,731,1.920682
4096,copy,149969.25,0,0,0,192,465,2.381288
4096,latency,0,24.74,0.03,7,1,7,0.710401
32768,read,452607.21,0,0,0,192,84,1.140273
32768,write,235368.48,0,0,0,192,63,1.644536
32768,copy,131342.99,0,0,0,192,36,1.684018
32768,latency,0,35.56,0.03,7,1,7,0.817490
65536,read,446451.00,0,0,0,192,44,1.211044
65536,write,224217.43,0,0,0,192,32,1.753726
65536,copy,134275.56,0,0,0,192,18,1.647239
65536,latency,0,36.37,0.05,7,1,7,1.672813
131072,read,435944.12,0,0,0,192,21,1.183858
131072,write,239506.41,0,0,0,192,15,1.539166
131072,copy,125266.16,0,0,0,192,9,1.765712
131072,latency,0,68.97,0.07,7,1,7,6.126218
262144,read,419109.14,0,0,0,192,10,1.172773
262144,write,230477.97,0,0,0,192,7,1.492828
262144,copy,127804.82,0,0,0,192,4,1.538346
262144,latency,0,104.48,0.05,7,1,7,18.276581
524288,read,408968.18,0,0,0,192,5,1.201854
524288,write,222894.49,0,0,0,192,3,1.323101
524288,copy,114243.75,0,0,0,96,3,1.290714
524288,latency,0,118.64,0.02,7,1,7,41.512401
