---
system-info:
      stress-ng-version: 0.17.08
      run-by: root
      date-yyyy-mm-dd: 2024:06:06
      time-hh-mm-ss: 21:21:34
      epoch-secs: 1717708894
      hostname: 6a4146e96b55
      sysname: Linux
      nodename: 6a4146e96b55
      release: 6.8.0-1008-aws
      version: '#8-Ubuntu SMP Sat Apr 20 00:46:25 UTC 2024'
      machine: x86_64
      compiler: 'musl-gcc 13.2.1'
      uptime: 130
      totalram: 16555188224
      freeram: 12356448256
      sharedram: 40767488
      bufferram: 86589440
      totalswap: 0
      freeswap: 0
      pagesize: 4096
      cpus: 4
      cpus-online: 4
      ticks-per-second: 100

metrics:
    - stressor: cpu
      bogo-ops: 42150
      bogo-ops-per-second-usr-sys-time: 1059.250902
      bogo-ops-per-second-real-time: 4214.475691
      wall-clock-time: 10.001244
      user-time: 39.780297
      system-time: 0.011975
      cpu-usage-per-instance: 99.468305
      max-rss: 3920

...
