---
system-info:
      stress-ng-version: 0.17.08
      run-by: root
      date-yyyy-mm-dd: 2024:06:14
      time-hh-mm-ss: 13:27:06
      epoch-secs: 1718371626
      hostname: 24c5101f7250
      sysname: Linux
      nodename: 24c5101f7250
      release: 6.8.0-1008-aws
      version: '#8-Ubuntu SMP Sat Apr 20 00:46:25 UTC 2024'
      machine: x86_64
      compiler: 'musl-gcc 13.2.1'
      uptime: 126
      totalram: 16555192320
      freeram: 12217757696
      sharedram: 40759296
      bufferram: 107094016
      totalswap: 0
      freeswap: 0
      pagesize: 4096
      cpus: 4
      cpus-online: 4
      ticks-per-second: 100

metrics:
    - stressor: cpu
      bogo-ops: 69555
      bogo-ops-per-second-usr-sys-time: 873.310633
      bogo-ops-per-second-real-time: 3477.727219
      wall-clock-time: 20.000131
      user-time: 79.617221
      system-time: 0.027979
      cpu-usage-per-instance: 99.555848
      max-rss: 1104

...
