"size","threads","connections","rps","latency","failed","server_usr","server_sys","client_usr","client_sys"
"1k",96,96,5546076,0.000016770,0,256.33,257.00,96.64,305.63
"1k",96,192,5404823,0.000038790,0,253.85,246.33,91.45,273.46
"1k",96,384,5814875,0.000072470,0,279.38,255.95,90.89,280.45
"1k",96,768,4658993,0.000182410,0,210.06,314.18,60.88,335.91
"1k",96,1536,4811736,0.000595850,0,221.29,324.66,56.67,353.51
"1k",96,3072,4919606,0.001050000,0,228.50,327.98,55.13,363.86
"1k",192,192,5338388,0.000036620,0,251.87,277.30,84.01,322.69
"1k",192,384,4098490,0.000103180,0,153.43,343.33,62.09,383.31
"1k",192,768,4477489,0.000360760,0,180.34,341.04,63.64,382.07
"1k",192,1536,4524367,0.000531950,0,181.30,340.68,72.44,383.64
"1k",192,3072,4483467,0.000930000,0,182.00,351.74,62.37,389.74
"1k",384,384,5018131,0.000083320,0,219.79,304.86,83.28,349.78
"1k",384,768,4296298,0.000269960,0,163.73,343.49,76.54,391.77
"1k",384,1536,4133970,0.000555710,0,150.37,357.30,64.10,408.86
"1k",384,3072,4190819,0.000880000,0,148.52,361.81,65.09,411.03
"16k",96,96,4647585,0.000020870,0,215.51,256.10,87.97,338.78
"16k",96,192,4533755,0.000040630,0,205.96,245.83,80.97,295.74
"16k",96,384,5086612,0.000079730,0,246.39,262.43,84.18,310.33
"16k",96,768,3145184,0.000243170,0,163.48,327.46,49.13,371.59
"16k",96,1536,2924221,0.000638440,0,156.31,346.74,42.06,402.14
"16k",96,3072,2777969,0.001200000,0,160.19,344.51,42.05,416.66
"16k",192,192,5067524,0.000038150,0,240.37,271.54,92.78,345.20
"16k",192,384,3357827,0.000121090,0,139.82,341.21,58.98,405.41
"16k",192,768,3268017,0.000381490,0,142.87,353.56,56.15,416.09
"16k",192,1536,3139763,0.000683760,0,140.01,353.33,60.50,423.54
"16k",192,3072,2927738,0.001300000,0,139.11,374.64,48.83,434.40
"16k",384,384,4189507,0.000100020,0,192.67,309.00,79.63,376.01
"16k",384,768,3383969,0.000315550,0,140.29,350.13,70.26,418.98
"16k",384,1536,3060059,0.000682450,0,125.10,368.48,59.28,436.33
"16k",384,3072,2886457,0.001230000,0,119.62,380.40,54.66,446.76
"64k",96,96,2782367,0.000035980,0,146.94,309.44,67.01,373.31
"64k",96,192,2779845,0.000065520,0,138.46,278.75,61.41,357.29
"64k",96,384,3170631,0.000119260,0,155.91,305.61,66.40,387.54
"64k",96,768,1429698,0.000524350,0,96.07,383.35,33.44,395.07
"64k",96,1536,1000315,0.001590000,0,101.72,431.43,28.12,397.51
"64k",96,3072,819355,0.003500000,0,136.04,413.15,25.31,402.20
"64k",192,192,3076732,0.000063260,0,149.85,315.57,77.99,414.23
"64k",192,384,1538213,0.000266740,0,74.61,391.43,39.65,436.38
"64k",192,768,1591937,0.000625480,0,78.29,405.30,41.55,440.80
"64k",192,1536,1283527,0.001350000,0,89.15,425.96,42.73,419.62
"64k",192,3072,980336,0.003460000,0,128.39,416.22,33.56,432.29
"64k",384,384,2322469,0.000185010,0,104.86,362.22,65.18,431.75
"64k",384,768,1724280,0.000559910,0,78.11,402.50,53.86,448.88
"64k",384,1536,1281973,0.001340000,0,84.03,424.43,40.46,445.41
"64k",384,3072,1100491,0.002930000,0,129.41,411.58,41.40,418.07
"256k",96,96,1061253,0.000125060,0,130.26,351.83,54.85,388.34
"256k",96,192,1135210,0.000172410,0,128.63,334.75,57.00,384.72
"256k",96,384,427149,0.000880000,0,126.69,413.20,25.71,354.57
"256k",96,768,258697,0.002810000,0,150.37,442.09,19.49,346.99
"256k",96,1536,230181,0.006340000,0,214.29,425.28,20.96,332.99
"256k",192,192,1156356,0.000200220,0,142.95,342.01,61.68,420.04
"256k",192,384,469296,0.000940000,0,94.86,436.80,31.02,402.74
"256k",192,768,339146,0.002340000,0,151.81,437.70,28.26,363.49
"256k",192,1536,255593,0.006080000,0,210.13,420.44,24.88,335.35
"256k",384,384,596315,0.000743370,0,121.94,417.06,41.53,399.56
"256k",384,768,381383,0.002160000,0,166.52,424.90,33.48,371.22
"256k",384,1536,307263,0.005110000,0,245.13,402.77,30.53,321.11
"512k",96,96,503450,0.000340010,0,137.77,346.87,44.33,402.87
"512k",96,192,345797,0.000642820,0,175.72,382.54,33.82,328.96
"512k",96,384,149383,0.002470000,0,187.74,428.17,19.97,314.56
"512k",96,768,111850,0.006540000,0,243.56,409.24,17.51,300.49
"512k",96,1536,111186,0.013530000,0,248.60,416.29,16.97,309.26
"512k",192,192,359623,0.000594480,0,187.83,387.12,40.47,356.89
"512k",192,384,186774,0.002110000,0,208.46,412.60,27.04,328.08
"512k",192,768,131041,0.005870000,0,251.80,405.13,21.90,302.56
"512k",192,1536,128503,0.012070000,0,257.71,404.59,22.15,301.12
"512k",384,384,223986,0.001800000,0,247.91,390.04,33.92,312.32
"512k",384,768,152414,0.005160000,0,285.79,379.97,26.19,302.13
"512k",384,1536,149558,0.010500000,0,289.89,387.36,26.83,301.57
