BaselineInfo:
  WebDBID: -1
  TimeStamp: 20241107130152
Version:
  Major: 11
  Minor: 0
  Build: 1002
  SpecialBuildName: ""
  ptArchitecture: x86_64_linux
Results:
  Results Complete: true
  NumTestProcesses: 8
  CPU_INTEGER_MATH: 36783.277666666669
  CPU_FLOATINGPOINT_MATH: 20256.815349881075
  CPU_PRIME: 80.547839006330378
  CPU_SORTING: 19554.522446455609
  CPU_ENCRYPTION: 9533.3614544277916
  CPU_COMPRESSION: 144551.13410495047
  CPU_SINGLETHREAD: 2643.7290621967418
  CPU_PHYSICS: 1408.0141500067314
  CPU_MATRIX_MULT_SSE: 8157.0130586386058
  CPU_mm: 994.50142337396017
  CPU_sse: 4221.5967427667429
  CPU_fma: 11497.388454811349
  CPU_avx: 8752.0539783377262
  CPU_avx512: 0
  m_CPU_enc_SHA: 13820917094.73584
  m_CPU_enc_AES: 8843086105.0495567
  m_CPU_enc_ECDSA: 7325358861.5288324
  ME_ALLOC_S: 3732.2591117504189
  ME_READ_S: 26481.580859375001
  ME_READ_L: 17209.16796875
  ME_WRITE: 16863.341796875
  ME_LARGE: 5721
  ME_LATENCY: 66.007100365905615
  ME_THREADED: 36881.0830078125
  SUMM_CPU: 13110.282902474026
  SUMM_ME: 2248.7213522910779
SystemInformation:
  OSName: Ubuntu 24.04.1 LTS
  Kernel: 6.8.0-1016-aws
  Device: ""
  Processor: AMD EPYC 7R13 Processor
  NumSockets: 1
  Manufacturer: AuthenticAMD
  NumCores: 4
  NumLogicals: 8
  CPUFrequency: 0
  Memory: 15618
  MemModuleInfo:
    iNumMemSticks: 1
    DIMM 1:
      manufacturer: Not Specified
      modulePartNo: Not Specified
      memType: DDR4
      size: 16
      clkspeed: 1466
      moduleVoltage: 0
Checksum: 28672A08EE39C1847B43D96D7E97F43F6C073114