---
system-info:
      stress-ng-version: 0.17.08
      run-by: root
      date-yyyy-mm-dd: 2024:07:02
      time-hh-mm-ss: 11:52:45
      epoch-secs: 1719921165
      hostname: c2d-highmem-32-e5de33b
      sysname: Linux
      nodename: c2d-highmem-32-e5de33b
      release: 6.8.0-1009-gcp
      version: '#10-Ubuntu SMP Wed Jun 12 18:52:23 UTC 2024'
      machine: x86_64
      compiler: 'musl-gcc 13.2.1'
      uptime: 162
      totalram: 270252564480
      freeram: 264664018944
      sharedram: 35069952
      bufferram: 128630784
      totalswap: 0
      freeswap: 0
      pagesize: 4096
      cpus: 32
      cpus-online: 32
      ticks-per-second: 100

metrics:
    - stressor: cpu
      bogo-ops: 57373
      bogo-ops-per-second-usr-sys-time: 2868.668503
      bogo-ops-per-second-real-time: 2868.644050
      wall-clock-time: 20.000041
      user-time: 19.999871
      system-time: 0.000000
      cpu-usage-per-instance: 99.999148
      max-rss: 1032

...
