BaselineInfo:
  WebDBID: -1
  TimeStamp: 20241110060246
Version:
  Major: 11
  Minor: 0
  Build: 1002
  SpecialBuildName: ""
  ptArchitecture: x86_64_linux
Results:
  Results Complete: true
  NumTestProcesses: 192
  CPU_INTEGER_MATH: 882083.45733333332
  CPU_FLOATINGPOINT_MATH: 484248.33454176295
  CPU_PRIME: 1045.6452467425593
  CPU_SORTING: 368089.65211750905
  CPU_ENCRYPTION: 221837.98869678244
  CPU_COMPRESSION: 2989105.1169753857
  CPU_SINGLETHREAD: 2628.1560701739904
  CPU_PHYSICS: 14838.7492211481
  CPU_MATRIX_MULT_SSE: 154578.58551399631
  CPU_mm: 19321.871341859729
  CPU_sse: 79672.666533650088
  CPU_fma: 209016.5783561643
  CPU_avx: 175046.51165217435
  CPU_avx512: 0
  m_CPU_enc_SHA: 324458441789.16003
  m_CPU_enc_AES: 209621384850.93286
  m_CPU_enc_ECDSA: 163762145867.05896
  ME_ALLOC_S: 30194.397652126376
  ME_READ_S: 26365.407617187499
  ME_READ_L: 17404.19140625
  ME_WRITE: 17363.8671875
  ME_LARGE: 1499771.4166666667
  ME_LATENCY: 62.110146467468248
  ME_THREADED: 308774.14758300781
  SUMM_CPU: 114312.78981329438
  SUMM_ME: 2980.3490432217031
SystemInformation:
  OSName: Ubuntu 24.04.1 LTS
  Kernel: 6.8.0-1016-aws
  Device: ""
  Processor: AMD EPYC 7R13 Processor
  NumSockets: 2
  Manufacturer: AuthenticAMD
  NumCores: 96
  NumLogicals: 192
  CPUFrequency: 0
  Memory: 1515584
  MemModuleInfo:
    iNumMemSticks: 4
    DIMM 1:
      manufacturer: Not Specified
      modulePartNo: Not Specified
      memType: DDR4
      size: 384
      clkspeed: 1600
      moduleVoltage: 0
    DIMM 2:
      manufacturer: Not Specified
      modulePartNo: Not Specified
      memType: DDR4
      size: 384
      clkspeed: 1600
      moduleVoltage: 0
    DIMM 3:
      manufacturer: Not Specified
      modulePartNo: Not Specified
      memType: DDR4
      size: 384
      clkspeed: 1600
      moduleVoltage: 0
    DIMM 4:
      manufacturer: Not Specified
      modulePartNo: Not Specified
      memType: DDR4
      size: 384
      clkspeed: 1600
      moduleVoltage: 0
Checksum: 373E313363D7B3191E7E19D643A2AC2F17960FA8