---
system-info:
      stress-ng-version: 0.17.08
      run-by: root
      date-yyyy-mm-dd: 2024:09:22
      time-hh-mm-ss: 07:13:53
      epoch-secs: 1726989233
      hostname: sc-runner
      sysname: Linux
      nodename: sc-runner
      release: 6.8.0-1014-azure
      version: '#16-Ubuntu SMP Thu Aug 15 20:04:41 UTC 2024'
      machine: x86_64
      compiler: 'musl-gcc 13.2.1'
      uptime: 293
      totalram: 135066308608
      freeram: 124588982272
      sharedram: 38223872
      bufferram: 268636160
      totalswap: 0
      freeswap: 0
      pagesize: 4096
      cpus: 16
      cpus-online: 16
      ticks-per-second: 100

metrics:
    - stressor: cpu
      bogo-ops: 431476
      bogo-ops-per-second-usr-sys-time: 1349.542844
      bogo-ops-per-second-real-time: 21573.732908
      wall-clock-time: 20.000062
      user-time: 319.703129
      system-time: 0.016991
      cpu-usage-per-instance: 99.912227
      max-rss: 1104

...
