BaselineInfo:
  WebDBID: -1
  TimeStamp: 20241108191640
Version:
  Major: 11
  Minor: 0
  Build: 1002
  SpecialBuildName: ""
  ptArchitecture: x86_64_linux
Results:
  Results Complete: true
  NumTestProcesses: 8
  CPU_INTEGER_MATH: 19138.973000000002
  CPU_FLOATINGPOINT_MATH: 8921.8511036563905
  CPU_PRIME: 50.282289759546835
  CPU_SORTING: 12887.934760860184
  CPU_ENCRYPTION: 1854.440247938594
  CPU_COMPRESSION: 84125.773402964274
  CPU_SINGLETHREAD: 1598.3325019348833
  CPU_PHYSICS: 711.87838006777451
  CPU_MATRIX_MULT_SSE: 4233.3091759606896
  CPU_mm: 584.76458643350509
  CPU_sse: 2294.7170988169455
  CPU_fma: 6021.3729461698013
  CPU_avx: 4383.837482895322
  CPU_avx512: 0
  m_CPU_enc_SHA: 792993372.4148829
  m_CPU_enc_AES: 4315254612.3512096
  m_CPU_enc_ECDSA: 725316627.50128531
  ME_ALLOC_S: 2482.1777078674872
  ME_READ_S: 19595.961132812499
  ME_READ_L: 9091.248046875
  ME_WRITE: 8563.6513671875
  ME_LARGE: 51217.916666666664
  ME_LATENCY: 53.772672421565687
  ME_THREADED: 39314.50244140625
  SUMM_CPU: 5936.533572201377
  SUMM_ME: 2168.8873903427898
SystemInformation:
  OSName: Ubuntu 24.04.1 LTS
  Kernel: 6.8.0-1016-aws
  Device: ""
  Processor: Intel Xeon CPU E5-2676 v3 @ 2.40GHz
  NumSockets: 1
  Manufacturer: GenuineIntel
  NumCores: 4
  NumLogicals: 8
  CPUFrequency: 0
  Memory: 61278
  MemModuleInfo:
    iNumMemSticks: 4
    DIMM 1:
      manufacturer: Not Specified
      modulePartNo: Not Specified
      memType: RAM
      size: 16
      clkspeed: 0
      moduleVoltage: 0
    DIMM 2:
      manufacturer: Not Specified
      modulePartNo: Not Specified
      memType: RAM
      size: 16
      clkspeed: 0
      moduleVoltage: 0
    DIMM 3:
      manufacturer: Not Specified
      modulePartNo: Not Specified
      memType: RAM
      size: 16
      clkspeed: 0
      moduleVoltage: 0
    DIMM 4:
      manufacturer: Not Specified
      modulePartNo: Not Specified
      memType: RAM
      size: 13
      clkspeed: 0
      moduleVoltage: 0
Checksum: AAD51E6D05AF6D98FFB5696334B9A573D63595DA