---
system-info:
      stress-ng-version: 0.17.08
      run-by: root
      date-yyyy-mm-dd: 2024:09:15
      time-hh-mm-ss: 22:23:58
      epoch-secs: 1726439038
      hostname: sc-runner
      sysname: Linux
      nodename: sc-runner
      release: 6.8.0-1014-azure
      version: '#16-Ubuntu SMP Thu Aug 15 20:04:41 UTC 2024'
      machine: x86_64
      compiler: 'musl-gcc 13.2.1'
      uptime: 278
      totalram: 16765734912
      freeram: 6770884608
      sharedram: 54882304
      bufferram: 220815360
      totalswap: 0
      freeswap: 0
      pagesize: 4096
      cpus: 2
      cpus-online: 2
      ticks-per-second: 100

metrics:
    - stressor: cpu
      bogo-ops: 38631
      bogo-ops-per-second-usr-sys-time: 974.713119
      bogo-ops-per-second-real-time: 1931.543910
      wall-clock-time: 20.000063
      user-time: 39.623222
      system-time: 0.009978
      cpu-usage-per-instance: 99.082688
      max-rss: 1104

...
