BaselineInfo:
  WebDBID: -1
  TimeStamp: 20241109194949
Version:
  Major: 11
  Minor: 0
  Build: 1002
  SpecialBuildName: ""
  ptArchitecture: x86_64_linux
Results:
  Results Complete: true
  NumTestProcesses: 64
  CPU_INTEGER_MATH: 199707.7586666666
  CPU_FLOATINGPOINT_MATH: 106961.8335819869
  CPU_PRIME: 242.78217277681637
  CPU_SORTING: 99785.83807458455
  CPU_ENCRYPTION: 27161.365476261642
  CPU_COMPRESSION: 870225.92691798834
  CPU_SINGLETHREAD: 2119.9677147004113
  CPU_PHYSICS: 4258.9264036671357
  CPU_MATRIX_MULT_SSE: 57939.169646108123
  CPU_mm: 5996.6894433771231
  CPU_sse: 21573.044607003278
  CPU_fma: 68948.402609858356
  CPU_avx: 49214.891859378418
  CPU_avx512: 92020.339508192439
  m_CPU_enc_SHA: 9013625431.4742908
  m_CPU_enc_AES: 68358991276.556068
  m_CPU_enc_ECDSA: 8069651188.8792295
  ME_ALLOC_S: 21213.449298539606
  ME_READ_S: 25124.190234375001
  ME_READ_L: 11558.712890625
  ME_WRITE: 10288.970703125
  ME_LARGE: 495811.25
  ME_LATENCY: 55.593878947557165
  ME_THREADED: 115694.97241210938
  SUMM_CPU: 47232.957448094006
  SUMM_ME: 2692.7536308997023
SystemInformation:
  OSName: Ubuntu 24.04.1 LTS
  Kernel: 6.8.0-1017-azure
  Device: ""
  Processor: Intel Xeon Platinum 8272CL CPU @ 2.60GHz
  NumSockets: 2
  Manufacturer: GenuineIntel
  NumCores: 32
  NumLogicals: 64
  CPUFrequency: 0
  Memory: 507894
  MemModuleInfo:
    iNumMemSticks: 4
    DIMM 1:
      manufacturer: Microsoft Corporation
      modulePartNo: None
      memType: Unknown
      size: 1
      clkspeed: 0
      moduleVoltage: 0
    DIMM 2:
      manufacturer: Microsoft Corporation
      modulePartNo: None
      memType: Unknown
      size: 60928
      clkspeed: 0
      moduleVoltage: 0
    DIMM 3:
      manufacturer: Microsoft Corporation
      modulePartNo: None
      memType: Unknown
      size: 196096
      clkspeed: 0
      moduleVoltage: 0
    DIMM 4:
      manufacturer: Microsoft Corporation
      modulePartNo: None
      memType: Unknown
      size: 252
      clkspeed: 0
      moduleVoltage: 0
Checksum: D6A6FEA3C6A780B7D81757637B1332CF45D360B0