---
system-info:
      stress-ng-version: 0.17.08
      run-by: root
      date-yyyy-mm-dd: 2024:06:14
      time-hh-mm-ss: 20:55:13
      epoch-secs: 1718398513
      hostname: 638b52acb71f
      sysname: Linux
      nodename: 638b52acb71f
      release: 6.8.0-1008-aws
      version: '#8-Ubuntu SMP Sat Apr 20 00:46:25 UTC 2024'
      machine: x86_64
      compiler: 'musl-gcc 13.2.1'
      uptime: 115
      totalram: 49420980224
      freeram: 44979884032
      sharedram: 29270016
      bufferram: 108224512
      totalswap: 0
      freeswap: 0
      pagesize: 4096
      cpus: 12
      cpus-online: 12
      ticks-per-second: 100

metrics:
    - stressor: cpu
      bogo-ops: 295533
      bogo-ops-per-second-usr-sys-time: 1232.809685
      bogo-ops-per-second-real-time: 14776.599533
      wall-clock-time: 20.000068
      user-time: 239.714137
      system-time: 0.008996
      cpu-usage-per-instance: 99.884298
      max-rss: 1104

...
