---
system-info:
      stress-ng-version: 0.17.08
      run-by: root
      date-yyyy-mm-dd: 2024:06:08
      time-hh-mm-ss: 14:55:22
      epoch-secs: 1717858522
      hostname: 8ccf640f09a5
      sysname: Linux
      nodename: 8ccf640f09a5
      release: 6.8.0-1008-aws
      version: '#8-Ubuntu SMP Sat Apr 20 00:46:25 UTC 2024'
      machine: x86_64
      compiler: 'musl-gcc 13.2.1'
      uptime: 105
      totalram: 49420988416
      freeram: 44931661824
      sharedram: 29270016
      bufferram: 102240256
      totalswap: 0
      freeswap: 0
      pagesize: 4096
      cpus: 12
      cpus-online: 12
      ticks-per-second: 100

metrics:
    - stressor: cpu
      bogo-ops: 175070
      bogo-ops-per-second-usr-sys-time: 1461.250247
      bogo-ops-per-second-real-time: 17504.317472
      wall-clock-time: 10.001532
      user-time: 119.789371
      system-time: 0.018992
      cpu-usage-per-instance: 99.825004
      max-rss: 4048

...
