BaselineInfo:
  WebDBID: -1
  TimeStamp: 20241110175702
Version:
  Major: 11
  Minor: 0
  Build: 1002
  SpecialBuildName: ""
  ptArchitecture: x86_64_linux
Results:
  Results Complete: true
  NumTestProcesses: 96
  CPU_INTEGER_MATH: 317122.09166666679
  CPU_FLOATINGPOINT_MATH: 169672.90574505096
  CPU_PRIME: 365.96084357331182
  CPU_SORTING: 150131.0235068941
  CPU_ENCRYPTION: 41085.555380277845
  CPU_COMPRESSION: 1330179.0963814235
  CPU_SINGLETHREAD: 2205.0705174375594
  CPU_PHYSICS: 5191.0210748461986
  CPU_MATRIX_MULT_SSE: 85225.781251791894
  CPU_mm: 8944.4269673185481
  CPU_sse: 31531.464675404637
  CPU_fma: 100381.44889919773
  CPU_avx: 71057.973048007116
  CPU_avx512: 137932.23838455809
  m_CPU_enc_SHA: 13812558047.287855
  m_CPU_enc_AES: 103121697492.26355
  m_CPU_enc_ECDSA: 12309726415.739374
  ME_ALLOC_S: 23361.016866887592
  ME_READ_S: 26629.765234375001
  ME_READ_L: 10439.09375
  ME_WRITE: 10183.25390625
  ME_LARGE: 749847.41666666663
  ME_LATENCY: 51.918650078008284
  ME_THREADED: 216298.39721679688
  SUMM_CPU: 62653.451815111672
  SUMM_ME: 2780.7386916889227
SystemInformation:
  OSName: Ubuntu 24.04.1 LTS
  Kernel: 6.8.0-1016-aws
  Device: ""
  Processor: Intel Xeon Platinum 8275CL CPU @ 3.00GHz
  NumSockets: 2
  Manufacturer: GenuineIntel
  NumCores: 48
  NumLogicals: 96
  CPUFrequency: 0
  Memory: 765901
  MemModuleInfo:
    iNumMemSticks: 2
    DIMM 1:
      manufacturer: Not Specified
      modulePartNo: Not Specified
      memType: DDR4
      size: 384
      clkspeed: 1466
      moduleVoltage: 0
    DIMM 2:
      manufacturer: Not Specified
      modulePartNo: Not Specified
      memType: DDR4
      size: 384
      clkspeed: 1466
      moduleVoltage: 0
Checksum: C645DAC21CDB32AFB85641B244202E57273EED20