---
system-info:
      stress-ng-version: 0.17.08
      run-by: root
      date-yyyy-mm-dd: 2024:06:08
      time-hh-mm-ss: 04:41:57
      epoch-secs: 1717821717
      hostname: b8eab8a6bcc0
      sysname: Linux
      nodename: b8eab8a6bcc0
      release: 6.8.0-1008-aws
      version: '#8-Ubuntu SMP Sat Apr 20 00:46:25 UTC 2024'
      machine: x86_64
      compiler: 'musl-gcc 13.2.1'
      uptime: 127
      totalram: 811214786560
      freeram: 804765708288
      sharedram: 78331904
      bufferram: 97914880
      totalswap: 0
      freeswap: 0
      pagesize: 4096
      cpus: 96
      cpus-online: 96
      ticks-per-second: 100

metrics:
    - stressor: cpu
      bogo-ops: 15844
      bogo-ops-per-second-usr-sys-time: 1584.250922
      bogo-ops-per-second-real-time: 1584.262662
      wall-clock-time: 10.000867
      user-time: 9.999942
      system-time: 0.000999
      cpu-usage-per-instance: 100.000741
      max-rss: 3072

...
