---
system-info:
      stress-ng-version: 0.17.08
      run-by: root
      date-yyyy-mm-dd: 2024:06:13
      time-hh-mm-ss: 17:56:24
      epoch-secs: 1718301384
      hostname: f831f57a117b
      sysname: Linux
      nodename: f831f57a117b
      release: 6.8.0-1008-aws
      version: '#8-Ubuntu SMP Sat Apr 20 00:46:25 UTC 2024'
      machine: x86_64
      compiler: 'musl-gcc 13.2.1'
      uptime: 165
      totalram: 811214794752
      freeram: 804837306368
      sharedram: 78331904
      bufferram: 107307008
      totalswap: 0
      freeswap: 0
      pagesize: 4096
      cpus: 96
      cpus-online: 96
      ticks-per-second: 100

metrics:
    - stressor: cpu
      bogo-ops: 29191
      bogo-ops-per-second-usr-sys-time: 1459.554744
      bogo-ops-per-second-real-time: 1459.545894
      wall-clock-time: 20.000056
      user-time: 19.999935
      system-time: 0.000000
      cpu-usage-per-instance: 99.999394
      max-rss: 768

...
