BaselineInfo:
  WebDBID: -1
  TimeStamp: 20241121121916
Version:
  Major: 11
  Minor: 0
  Build: 1002
  SpecialBuildName: ""
  ptArchitecture: x86_64_linux
Results:
  Results Complete: true
  NumTestProcesses: 16
  CPU_INTEGER_MATH: 76020.244333333336
  CPU_FLOATINGPOINT_MATH: 42530.905577413578
  CPU_PRIME: 123.19525314741222
  CPU_SORTING: 44653.205565953765
  CPU_ENCRYPTION: 19286.532835675858
  CPU_COMPRESSION: 309652.47097650665
  CPU_SINGLETHREAD: 2905.5031974344738
  CPU_PHYSICS: 2319.8894034602554
  CPU_MATRIX_MULT_SSE: 21904.229140330528
  CPU_mm: 2032.657436008684
  CPU_sse: 8906.7464974483828
  CPU_fma: 28119.617119459192
  CPU_avx: 23162.927431896711
  CPU_avx512: 27427.625512517829
  m_CPU_enc_SHA: 26984770473.754055
  m_CPU_enc_AES: 18313865009.819271
  m_CPU_enc_ECDSA: 15371550880.531618
  ME_ALLOC_S: 7447.4084920350051
  ME_READ_S: 27890.866796875001
  ME_READ_L: 27567.55078125
  ME_WRITE: 26861.56640625
  ME_LARGE: 53270.416666666664
  ME_LATENCY: 76.138586252338797
  ME_THREADED: 38282.38134765625
  SUMM_CPU: 26263.571299422169
  SUMM_ME: 2613.2781107453202
SystemInformation:
  OSName: Ubuntu 24.04.1 LTS
  Kernel: 6.8.0-1017-azure
  Device: ""
  Processor: AMD EPYC 9V74 80-Core Processor
  NumSockets: 1
  Manufacturer: AuthenticAMD
  NumCores: 8
  NumLogicals: 16
  CPUFrequency: 0
  Memory: 64297
  MemModuleInfo:
    iNumMemSticks: 3
    DIMM 1:
      manufacturer: Microsoft Corporation
      modulePartNo: None
      memType: Unknown
      size: 1
      clkspeed: 0
      moduleVoltage: 0
    DIMM 2:
      manufacturer: Microsoft Corporation
      modulePartNo: None
      memType: Unknown
      size: 59
      clkspeed: 0
      moduleVoltage: 0
    DIMM 3:
      manufacturer: Microsoft Corporation
      modulePartNo: None
      memType: Unknown
      size: 4
      clkspeed: 0
      moduleVoltage: 0
Checksum: B7B15106F1C91F7582E719D1EE03144B8D3C3F18