---
system-info:
      stress-ng-version: 0.17.08
      run-by: root
      date-yyyy-mm-dd: 2024:06:14
      time-hh-mm-ss: 14:56:36
      epoch-secs: 1718376996
      hostname: f44941d728ef
      sysname: Linux
      nodename: f44941d728ef
      release: 6.8.0-1008-aws
      version: '#8-Ubuntu SMP Sat Apr 20 02:43:14 UTC 2024'
      machine: aarch64
      compiler: 'musl-gcc 13.2.1'
      uptime: 153
      totalram: 199007997952
      freeram: 194241589248
      sharedram: 35151872
      bufferram: 107454464
      totalswap: 0
      freeswap: 0
      pagesize: 4096
      cpus: 32
      cpus-online: 32
      ticks-per-second: 100

metrics:
    - stressor: cpu
      bogo-ops: 971489
      bogo-ops-per-second-usr-sys-time: 1518.716915
      bogo-ops-per-second-real-time: 48574.297420
      wall-clock-time: 20.000063
      user-time: 639.659481
      system-time: 0.017993
      cpu-usage-per-instance: 99.949291
      max-rss: 1024

...
