---
system-info:
      stress-ng-version: 0.17.08
      run-by: root
      date-yyyy-mm-dd: 2024:06:07
      time-hh-mm-ss: 15:45:49
      epoch-secs: 1717775149
      hostname: befd2a808735
      sysname: Linux
      nodename: befd2a808735
      release: 6.8.0-1008-aws
      version: '#8-Ubuntu SMP Sat Apr 20 02:43:14 UTC 2024'
      machine: aarch64
      compiler: 'musl-gcc 13.2.1'
      uptime: 133
      totalram: 199007997952
      freeram: 194320236544
      sharedram: 35151872
      bufferram: 91619328
      totalswap: 0
      freeswap: 0
      pagesize: 4096
      cpus: 32
      cpus-online: 32
      ticks-per-second: 100

metrics:
    - stressor: cpu
      bogo-ops: 94064
      bogo-ops-per-second-usr-sys-time: 292.937694
      bogo-ops-per-second-real-time: 9366.092622
      wall-clock-time: 10.043035
      user-time: 321.063848
      system-time: 0.041977
      cpu-usage-per-instance: 99.915579
      max-rss: 3840

...
