---
system-info:
      stress-ng-version: 0.17.08
      run-by: root
      date-yyyy-mm-dd: 2024:09:17
      time-hh-mm-ss: 08:18:56
      epoch-secs: 1726561136
      hostname: sc-runner
      sysname: Linux
      nodename: sc-runner
      release: 6.8.0-1014-azure
      version: '#16-Ubuntu SMP Thu Aug 15 20:04:41 UTC 2024'
      machine: x86_64
      compiler: 'musl-gcc 13.2.1'
      uptime: 369
      totalram: 270438895616
      freeram: 258719768576
      sharedram: 80072704
      bufferram: 246083584
      totalswap: 0
      freeswap: 0
      pagesize: 4096
      cpus: 64
      cpus-online: 64
      ticks-per-second: 100

metrics:
    - stressor: cpu
      bogo-ops: 1191650
      bogo-ops-per-second-usr-sys-time: 931.421126
      bogo-ops-per-second-real-time: 59582.230273
      wall-clock-time: 20.000091
      user-time: 1279.316105
      system-time: 0.072956
      cpu-usage-per-instance: 99.951818
      max-rss: 2560

...
