BaselineInfo:
  WebDBID: -1
  TimeStamp: 20260522152317
Version:
  Major: 11
  Minor: 0
  Build: 1004
  SpecialBuildName: ""
  ptArchitecture: x86_64_linux
Results:
  Results Complete: true
  NumTestProcesses: 8
  CPU_INTEGER_MATH: 44662.07666666666
  CPU_FLOATINGPOINT_MATH: 43527.077962100229
  CPU_PRIME: 47.617208770211697
  CPU_SORTING: 21173.723372476237
  CPU_ENCRYPTION: 9685.8584135602596
  CPU_COMPRESSION: 170588.30171496206
  CPU_SINGLETHREAD: 2792.8715062059287
  CPU_PHYSICS: 1165.9488430423112
  CPU_MATRIX_MULT_SSE: 14523.855785027568
  CPU_mm: 1320.518230820614
  CPU_sse: 5841.5163181981461
  CPU_fma: 15953.676401018265
  CPU_avx: 12624.10613584557
  CPU_avx512: 23676.124285048307
  m_CPU_enc_SHA: 13684658120.3997
  m_CPU_enc_AES: 8979498714.7861271
  m_CPU_enc_ECDSA: 7804919180.386261
  ME_ALLOC_S: 4423.6459407993843
  ME_READ_S: 23802.007226562499
  ME_READ_L: 10953.978515625
  ME_WRITE: 14278.15234375
  ME_LARGE: 18790.166666666668
  ME_LATENCY: 251.04510723597619
  ME_THREADED: 50335.021484375
  SUMM_CPU: 16080.398565017711
  SUMM_ME: 1019.0245070745057
SystemInformation:
  OSName: Ubuntu 24.04.4 LTS
  Kernel: 6.8.0-111-generic
  Device: ""
  Processor: "AMD EPYC 9575F 64-Core Processor               "
  NumSockets: 1
  Manufacturer: AuthenticAMD
  NumCores: 8
  NumLogicals: 8
  CPUFrequency: 0
  CPUMaxFrequency: 0
  Memory: 32001
  CPUInfo:
    number: 1
    Family: 15
    Model: 2
    stepping: 1
    features: 395049983
    manufacture: AuthenticAMD
    typestring: "AMD EPYC 9575F 64-Core Processor               "
    iCoresPerPackage: 255
    iThreadsPerPackage: 1
    featuresEx:
      - 395049983
      - 4294586883
      - 802421759
    bHybrid: false
    nPCore: 0
    nLogicalsPerPCore: 0
    nECore: 0
    nLogicalsPerECore: 0
  MemModuleInfo:
    iNumMemSticks: 2
    DIMM 1:
      manufacturer: QEMU
      modulePartNo: Not Specified
      memType: RAM
      size: 16
      clkspeed: 0
      moduleVoltage: 0
    DIMM 2:
      manufacturer: QEMU
      modulePartNo: Not Specified
      memType: RAM
      size: 16
      clkspeed: 0
      moduleVoltage: 0
Checksum: 0DAA1C1D509010131149347F28ED56F8168FFAC2