---
system-info:
      stress-ng-version: 0.17.08
      run-by: root
      date-yyyy-mm-dd: 2024:09:16
      time-hh-mm-ss: 15:49:26
      epoch-secs: 1726501766
      hostname: sc-runner
      sysname: Linux
      nodename: sc-runner
      release: 6.8.0-1014-azure
      version: '#16-Ubuntu SMP Thu Aug 15 20:04:41 UTC 2024'
      machine: x86_64
      compiler: 'musl-gcc 13.2.1'
      uptime: 280
      totalram: 67423797248
      freeram: 57242148864
      sharedram: 54919168
      bufferram: 238755840
      totalswap: 0
      freeswap: 0
      pagesize: 4096
      cpus: 4
      cpus-online: 4
      ticks-per-second: 100

metrics:
    - stressor: cpu
      bogo-ops: 77385
      bogo-ops-per-second-usr-sys-time: 971.506786
      bogo-ops-per-second-real-time: 3869.232899
      wall-clock-time: 20.000088
      user-time: 79.638630
      system-time: 0.015986
      cpu-usage-per-instance: 99.567830
      max-rss: 3128

...
