BaselineInfo:
  WebDBID: -1
  TimeStamp: 20260404185918
Version:
  Major: 11
  Minor: 0
  Build: 1004
  SpecialBuildName: ""
  ptArchitecture: x86_64_linux
Results:
  Results Complete: true
  NumTestProcesses: 16
  CPU_INTEGER_MATH: 46975.517
  CPU_FLOATINGPOINT_MATH: 25155.8104426682
  CPU_PRIME: 91.700604110729316
  CPU_SORTING: 28738.134388973787
  CPU_ENCRYPTION: 6495.0991264745053
  CPU_COMPRESSION: 215859.64944205267
  CPU_SINGLETHREAD: 1973.4914946711122
  CPU_PHYSICS: 1589.3956063813462
  CPU_MATRIX_MULT_SSE: 13056.39017726205
  CPU_mm: 1428.8317783752327
  CPU_sse: 5082.4230175562261
  CPU_fma: 15784.457122454714
  CPU_avx: 11156.168928054154
  CPU_avx512: 20202.511640983106
  m_CPU_enc_SHA: 2120820182.6296642
  m_CPU_enc_AES: 16388888398.88625
  m_CPU_enc_ECDSA: 1922106603.410475
  ME_ALLOC_S: 5644.7831263489315
  ME_READ_S: 22891.097851562499
  ME_READ_L: 10456.63671875
  ME_WRITE: 10149.5048828125
  ME_LARGE: 49460.916666666664
  ME_LATENCY: 51.865240021300934
  ME_THREADED: 86416.0185546875
  SUMM_CPU: 15428.376939914075
  SUMM_ME: 2548.5360818565573
SystemInformation:
  OSName: Ubuntu 24.04.4 LTS
  Kernel: 6.8.0-106-generic
  Device: ""
  Processor: Intel(R) Xeon(R) Platinum 8269CY CPU @ 2.50GHz
  NumSockets: 1
  Manufacturer: GenuineIntel
  NumCores: 8
  NumLogicals: 16
  CPUFrequency: 0
  CPUMaxFrequency: 0
  Memory: 62891
  CPUInfo:
    number: 1
    Family: 6
    Model: 5
    stepping: 7
    features: 529267711
    manufacture: GenuineIntel
    typestring: Intel(R) Xeon(R) Platinum 8269CY CPU @ 2.50GHz
    iCoresPerPackage: 8
    iThreadsPerPackage: 2
    featuresEx:
      - 529267711
      - 4277809667
      - 739248128
    bHybrid: false
    nPCore: 0
    nLogicalsPerPCore: 0
    nECore: 0
    nLogicalsPerECore: 0
  MemModuleInfo:
    iNumMemSticks: 4
    DIMM 1:
      manufacturer: Alibaba Cloud
      modulePartNo: Not Specified
      memType: RAM
      size: 16
      clkspeed: 0
      moduleVoltage: 0
    DIMM 2:
      manufacturer: Alibaba Cloud
      modulePartNo: Not Specified
      memType: RAM
      size: 16
      clkspeed: 0
      moduleVoltage: 0
    DIMM 3:
      manufacturer: Alibaba Cloud
      modulePartNo: Not Specified
      memType: RAM
      size: 16
      clkspeed: 0
      moduleVoltage: 0
    DIMM 4:
      manufacturer: Alibaba Cloud
      modulePartNo: Not Specified
      memType: RAM
      size: 16
      clkspeed: 0
      moduleVoltage: 0
Checksum: B1F9242E709BD133FA2742713237CC4A75121E27