---
system-info:
      stress-ng-version: 0.17.08
      run-by: root
      date-yyyy-mm-dd: 2024:06:04
      time-hh-mm-ss: 17:29:43
      epoch-secs: 1717522183
      hostname: 4698c129ff19
      sysname: Linux
      nodename: 4698c129ff19
      release: 6.8.0-1008-aws
      version: '#8-Ubuntu SMP Sat Apr 20 02:43:14 UTC 2024'
      machine: aarch64
      compiler: 'musl-gcc 13.2.1'
      uptime: 2489
      totalram: 1886724096
      freeram: 1157378048
      sharedram: 3555328
      bufferram: 13537280
      totalswap: 0
      freeswap: 0
      pagesize: 4096
      cpus: 1
      cpus-online: 1
      ticks-per-second: 100

metrics:
    - stressor: cpu
      bogo-ops: 1982
      bogo-ops-per-second-usr-sys-time: 201.786451
      bogo-ops-per-second-real-time: 196.092736
      wall-clock-time: 10.107463
      user-time: 9.817311
      system-time: 0.004954
      cpu-usage-per-instance: 97.178346
      max-rss: 4136

...
