---
system-info:
      stress-ng-version: 0.17.08
      run-by: root
      date-yyyy-mm-dd: 2024:06:04
      time-hh-mm-ss: 20:33:22
      epoch-secs: 1717533202
      hostname: e22ab8589a77
      sysname: Linux
      nodename: e22ab8589a77
      release: 6.8.0-1008-aws
      version: '#8-Ubuntu SMP Sat Apr 20 02:43:14 UTC 2024'
      machine: aarch64
      compiler: 'musl-gcc 13.2.1'
      uptime: 2846
      totalram: 1886724096
      freeram: 166354944
      sharedram: 3690496
      bufferram: 77578240
      totalswap: 0
      freeswap: 0
      pagesize: 4096
      cpus: 1
      cpus-online: 1
      ticks-per-second: 100

metrics:
    - stressor: cpu
      bogo-ops: 1003
      bogo-ops-per-second-usr-sys-time: 206.143699
      bogo-ops-per-second-real-time: 100.170533
      wall-clock-time: 10.012925
      user-time: 4.861578
      system-time: 0.003960
      cpu-usage-per-instance: 48.592576
      max-rss: 4008

...
