---
system-info:
      stress-ng-version: 0.17.08
      run-by: root
      date-yyyy-mm-dd: 2024:06:04
      time-hh-mm-ss: 20:09:47
      epoch-secs: 1717531787
      hostname: 84f12f68b7dd
      sysname: Linux
      nodename: 84f12f68b7dd
      release: 6.8.0-1008-aws
      version: '#8-Ubuntu SMP Sat Apr 20 02:43:14 UTC 2024'
      machine: aarch64
      compiler: 'musl-gcc 13.2.1'
      uptime: 1430
      totalram: 1886724096
      freeram: 160669696
      sharedram: 3600384
      bufferram: 63782912
      totalswap: 0
      freeswap: 0
      pagesize: 4096
      cpus: 1
      cpus-online: 1
      ticks-per-second: 100

metrics:
    - stressor: cpu
      bogo-ops: 1958
      bogo-ops-per-second-usr-sys-time: 202.941890
      bogo-ops-per-second-real-time: 195.734942
      wall-clock-time: 10.003324
      user-time: 9.643136
      system-time: 0.004946
      cpu-usage-per-instance: 96.448762
      max-rss: 4136

...
