---
system-info:
      stress-ng-version: 0.17.08
      run-by: root
      date-yyyy-mm-dd: 2024:06:04
      time-hh-mm-ss: 20:45:26
      epoch-secs: 1717533926
      hostname: 92a36c2982ae
      sysname: Linux
      nodename: 92a36c2982ae
      release: 6.8.0-1008-aws
      version: '#8-Ubuntu SMP Sat Apr 20 02:43:14 UTC 2024'
      machine: aarch64
      compiler: 'musl-gcc 13.2.1'
      uptime: 3569
      totalram: 1886724096
      freeram: 149409792
      sharedram: 3600384
      bufferram: 87523328
      totalswap: 0
      freeswap: 0
      pagesize: 4096
      cpus: 1
      cpus-online: 1
      ticks-per-second: 100

metrics:
    - stressor: cpu
      bogo-ops: 1982
      bogo-ops-per-second-usr-sys-time: 200.264102
      bogo-ops-per-second-real-time: 194.821221
      wall-clock-time: 10.173430
      user-time: 9.891974
      system-time: 0.004957
      cpu-usage-per-instance: 97.282148
      max-rss: 4008

...
