---
system-info:
      stress-ng-version: 0.17.08
      run-by: root
      date-yyyy-mm-dd: 2024:06:13
      time-hh-mm-ss: 23:43:04
      epoch-secs: 1718322184
      hostname: 193ecf9e90d4
      sysname: Linux
      nodename: 193ecf9e90d4
      release: 6.8.0-1008-aws
      version: '#8-Ubuntu SMP Sat Apr 20 02:43:14 UTC 2024'
      machine: aarch64
      compiler: 'musl-gcc 13.2.1'
      uptime: 238
      totalram: 1886724096
      freeram: 162758656
      sharedram: 3551232
      bufferram: 92688384
      totalswap: 0
      freeswap: 0
      pagesize: 4096
      cpus: 1
      cpus-online: 1
      ticks-per-second: 100

metrics:
    - stressor: cpu
      bogo-ops: 28896
      bogo-ops-per-second-usr-sys-time: 1486.275254
      bogo-ops-per-second-real-time: 1444.794385
      wall-clock-time: 20.000078
      user-time: 19.436934
      system-time: 0.004956
      cpu-usage-per-instance: 97.209072
      max-rss: 1192

...
