---
system-info:
      stress-ng-version: 0.17.08
      run-by: root
      date-yyyy-mm-dd: 2024:06:08
      time-hh-mm-ss: 06:43:47
      epoch-secs: 1717829027
      hostname: 174e6fbfc83c
      sysname: Linux
      nodename: 174e6fbfc83c
      release: 6.8.0-1008-aws
      version: '#8-Ubuntu SMP Sat Apr 20 02:43:14 UTC 2024'
      machine: aarch64
      compiler: 'musl-gcc 13.2.1'
      uptime: 174
      totalram: 33221046272
      freeram: 28940238848
      sharedram: 35000320
      bufferram: 96817152
      totalswap: 0
      freeswap: 0
      pagesize: 4096
      cpus: 4
      cpus-online: 4
      ticks-per-second: 100

metrics:
    - stressor: cpu
      bogo-ops: 2940
      bogo-ops-per-second-usr-sys-time: 292.776400
      bogo-ops-per-second-real-time: 292.777356
      wall-clock-time: 10.041760
      user-time: 10.041793
      system-time: 0.000000
      cpu-usage-per-instance: 100.000327
      max-rss: 4136

...
