---
system-info:
      stress-ng-version: 0.17.08
      run-by: root
      date-yyyy-mm-dd: 2024:06:13
      time-hh-mm-ss: 19:40:56
      epoch-secs: 1718307656
      hostname: 93635bb3af46
      sysname: Linux
      nodename: 93635bb3af46
      release: 6.8.0-1008-aws
      version: '#8-Ubuntu SMP Sat Apr 20 02:43:14 UTC 2024'
      machine: aarch64
      compiler: 'musl-gcc 13.2.1'
      uptime: 161
      totalram: 33221050368
      freeram: 28938301440
      sharedram: 35000320
      bufferram: 106328064
      totalswap: 0
      freeswap: 0
      pagesize: 4096
      cpus: 4
      cpus-online: 4
      ticks-per-second: 100

metrics:
    - stressor: cpu
      bogo-ops: 30395
      bogo-ops-per-second-usr-sys-time: 1519.785183
      bogo-ops-per-second-real-time: 1519.742409
      wall-clock-time: 20.000100
      user-time: 19.998538
      system-time: 0.000999
      cpu-usage-per-instance: 99.997186
      max-rss: 1192

...
