BaselineInfo:
  WebDBID: -1
  TimeStamp: 20260403210720
Version:
  Major: 11
  Minor: 0
  Build: 1004
  SpecialBuildName: ""
  ptArchitecture: aarch64_linux
Results:
  Results Complete: true
  NumTestProcesses: 2
  CPU_INTEGER_MATH: 10954.353333333333
  CPU_FLOATINGPOINT_MATH: 9182.5260248623417
  CPU_PRIME: 23.92488978031912
  CPU_SORTING: 8609.1362476953291
  CPU_ENCRYPTION: 323.55574091875428
  CPU_COMPRESSION: 11198.308989801559
  CPU_SINGLETHREAD: 1625.362732680524
  CPU_PHYSICS: 557.74626677169385
  CPU_MATRIX_MULT_SSE: 1548.5180464814193
  CPU_mm: 250.90661688248701
  CPU_sse: 1304.0368162097409
  CPU_fma: 1792.9992767530975
  CPU_avx: 0
  CPU_avx512: 0
  m_CPU_enc_SHA: 478375690.82329834
  m_CPU_enc_AES: 210187001.87293184
  m_CPU_enc_ECDSA: 329255661.07264078
  ME_ALLOC_S: 2077.0440077937697
  ME_READ_S: 22476.486914062501
  ME_READ_L: 16348.8662109375
  ME_WRITE: 20884.830078125
  ME_LARGE: 2692.75
  ME_LATENCY: 65.004784010878282
  ME_THREADED: 31255.1826171875
  SUMM_CPU: 1725.2175537839298
  SUMM_ME: 1879.9200713025048
SystemInformation:
  OSName: Ubuntu 24.04.4 LTS
  Kernel: 6.8.0-106-generic
  Device: ""
  Processor: ARM Neoverse-N2 2 Core 3000 MHz
  NumSockets: 1
  Manufacturer: ARM
  NumCores: 2
  NumLogicals: 2
  CPUFrequency: 3000
  CPUMaxFrequency: 3000
  Memory: 15209
Checksum: ED7CBDFEDCB83106F8B8D36704652934AAE301AD