---
system-info:
      stress-ng-version: 0.17.08
      run-by: root
      date-yyyy-mm-dd: 2024:08:23
      time-hh-mm-ss: 08:37:58
      epoch-secs: 1724402278
      hostname: sc-runner
      sysname: Linux
      nodename: sc-runner
      release: 6.8.0-1013-azure
      version: '#15-Ubuntu SMP Thu Aug  8 18:40:40 UTC 2024'
      machine: x86_64
      compiler: 'musl-gcc 13.2.1'
      uptime: 489
      totalram: 1991651328
      freeram: 237531136
      sharedram: 42065920
      bufferram: 130723840
      totalswap: 0
      freeswap: 0
      pagesize: 4096
      cpus: 1
      cpus-online: 1
      ticks-per-second: 100

metrics:
    - stressor: cpu
      bogo-ops: 20200
      bogo-ops-per-second-usr-sys-time: 1031.883040
      bogo-ops-per-second-real-time: 1009.989706
      wall-clock-time: 20.000204
      user-time: 19.569918
      system-time: 0.005944
      cpu-usage-per-instance: 97.878312
      max-rss: 976

...
