BaselineInfo:
  WebDBID: -1
  TimeStamp: 20241108093444
Version:
  Major: 11
  Minor: 0
  Build: 1002
  SpecialBuildName: ""
  ptArchitecture: x86_64_linux
Results:
  Results Complete: true
  NumTestProcesses: 32
  CPU_INTEGER_MATH: 147176.01833333334
  CPU_FLOATINGPOINT_MATH: 80767.809118094054
  CPU_PRIME: 200.97867593259522
  CPU_SORTING: 75334.372497638818
  CPU_ENCRYPTION: 37963.756644989029
  CPU_COMPRESSION: 558444.82089098869
  CPU_SINGLETHREAD: 2642.3525000956884
  CPU_PHYSICS: 4000.9630635821136
  CPU_MATRIX_MULT_SSE: 33106.711163004831
  CPU_mm: 3980.6912144661569
  CPU_sse: 16886.567350828605
  CPU_fma: 46029.390145182217
  CPU_avx: 36404.175993003657
  CPU_avx512: 0
  m_CPU_enc_SHA: 55053630712.226639
  m_CPU_enc_AES: 35207935581.969902
  m_CPU_enc_ECDSA: 29162085969.131481
  ME_ALLOC_S: 14347.882917825546
  ME_READ_S: 26392.544335937499
  ME_READ_L: 17508.037109375
  ME_WRITE: 16697.037109375
  ME_LARGE: 115183.66666666667
  ME_LATENCY: 62.923686970116478
  ME_THREADED: 76187.06005859375
  SUMM_CPU: 41940.928162946977
  SUMM_ME: 2820.0072657086566
SystemInformation:
  OSName: Ubuntu 24.04.1 LTS
  Kernel: 6.8.0-1016-aws
  Device: ""
  Processor: AMD EPYC 7R13 Processor
  NumSockets: 1
  Manufacturer: AuthenticAMD
  NumCores: 16
  NumLogicals: 32
  CPUFrequency: 0
  Memory: 126144
  MemModuleInfo:
    iNumMemSticks: 2
    DIMM 1:
      manufacturer: Not Specified
      modulePartNo: Not Specified
      memType: DDR4
      size: 64
      clkspeed: 1600
      moduleVoltage: 0
    DIMM 2:
      manufacturer: Not Specified
      modulePartNo: Not Specified
      memType: DDR4
      size: 64
      clkspeed: 1600
      moduleVoltage: 0
Checksum: F80DBA62EE001EC9B3DD916C512C17297689B552