BaselineInfo:
  WebDBID: -1
  TimeStamp: 20241114222646
Version:
  Major: 11
  Minor: 0
  Build: 1002
  SpecialBuildName: ""
  ptArchitecture: x86_64_linux
Results:
  Results Complete: true
  NumTestProcesses: 2
  CPU_INTEGER_MATH: 5104.3793333333342
  CPU_FLOATINGPOINT_MATH: 2707.5343917419086
  CPU_PRIME: 8.5093344799009856
  CPU_SORTING: 3217.1646290807957
  CPU_ENCRYPTION: 1600.836887186982
  CPU_COMPRESSION: 21404.922631446698
  CPU_SINGLETHREAD: 1399.7325291503487
  CPU_PHYSICS: 192.37160222900906
  CPU_MATRIX_MULT_SSE: 782.27456296397804
  CPU_mm: 140.93360986412023
  CPU_sse: 631.19476476560135
  CPU_fma: 931.21455651336805
  CPU_avx: 784.41436761296495
  CPU_avx512: 0
  m_CPU_enc_SHA: 2278001828.1962409
  m_CPU_enc_AES: 1569805068.5315375
  m_CPU_enc_ECDSA: 1187990522.7291522
  ME_ALLOC_S: 489.97679950073325
  ME_READ_S: 14537.79873046875
  ME_READ_L: 10702.9404296875
  ME_WRITE: 7737.75830078125
  ME_LARGE: 6836.583333333333
  ME_LATENCY: 70.430015992314551
  ME_THREADED: 15915.11376953125
  SUMM_CPU: 1847.856687958568
  SUMM_ME: 1404.3078800333774
SystemInformation:
  OSName: Ubuntu 24.04.1 LTS
  Kernel: 6.8.0-1018-aws
  Device: ""
  Processor: AMD EPYC 7571
  NumSockets: 1
  Manufacturer: AuthenticAMD
  NumCores: 1
  NumLogicals: 2
  CPUFrequency: 0
  Memory: 15832
  MemModuleInfo:
    iNumMemSticks: 1
    DIMM 1:
      manufacturer: Not Specified
      modulePartNo: Not Specified
      memType: DDR4
      size: 16
      clkspeed: 1600
      moduleVoltage: 0
Checksum: F1085D80D584BDEE21FFFC98680517B29037FE4C