BaselineInfo:
  WebDBID: -1
  TimeStamp: 20241107040553
Version:
  Major: 11
  Minor: 0
  Build: 1002
  SpecialBuildName: ""
  ptArchitecture: x86_64_linux
Results:
  Results Complete: true
  NumTestProcesses: 2
  CPU_INTEGER_MATH: 5102.6753333333336
  CPU_FLOATINGPOINT_MATH: 2715.7486752185059
  CPU_PRIME: 11.66629212778799
  CPU_SORTING: 3272.0555643486377
  CPU_ENCRYPTION: 1611.9401899065883
  CPU_COMPRESSION: 21302.602486469572
  CPU_SINGLETHREAD: 1402.4013690056067
  CPU_PHYSICS: 218.92663251473817
  CPU_MATRIX_MULT_SSE: 774.61703154984104
  CPU_mm: 156.11106084620275
  CPU_sse: 629.77294553271304
  CPU_fma: 933.70734235612713
  CPU_avx: 760.37080676068308
  CPU_avx512: 0
  m_CPU_enc_SHA: 2286718493.6571674
  m_CPU_enc_AES: 1581605451.9550653
  m_CPU_enc_ECDSA: 1202401444.1022406
  ME_ALLOC_S: 496.24383317838459
  ME_READ_S: 14716.43935546875
  ME_READ_L: 10838.09765625
  ME_WRITE: 6837.96240234375
  ME_LARGE: 5912.583333333333
  ME_LATENCY: 65.742782753687649
  ME_THREADED: 15631.23291015625
  SUMM_CPU: 1881.0552235923981
  SUMM_ME: 1405.3390128599156
SystemInformation:
  OSName: Ubuntu 24.04.1 LTS
  Kernel: 6.8.0-1016-aws
  Device: ""
  Processor: AMD EPYC 7571
  NumSockets: 1
  Manufacturer: AuthenticAMD
  NumCores: 1
  NumLogicals: 2
  CPUFrequency: 0
  Memory: 15832
  MemModuleInfo:
    iNumMemSticks: 1
    DIMM 1:
      manufacturer: Not Specified
      modulePartNo: Not Specified
      memType: DDR4
      size: 16
      clkspeed: 1333
      moduleVoltage: 0
Checksum: 710E13DFFF53FABEDF48C65388BCFD57425D3A1C