BaselineInfo:
  WebDBID: -1
  TimeStamp: 20241115145023
Version:
  Major: 11
  Minor: 0
  Build: 1002
  SpecialBuildName: ""
  ptArchitecture: x86_64_linux
Results:
  Results Complete: true
  NumTestProcesses: 2
  CPU_INTEGER_MATH: 5126.8389999999999
  CPU_FLOATINGPOINT_MATH: 2707.2527984861226
  CPU_PRIME: 7.386239147143284
  CPU_SORTING: 3212.7513018112477
  CPU_ENCRYPTION: 1601.6838296788851
  CPU_COMPRESSION: 21078.608385132102
  CPU_SINGLETHREAD: 1399.8892886689123
  CPU_PHYSICS: 190.64636692960147
  CPU_MATRIX_MULT_SSE: 773.27218928639718
  CPU_mm: 155.75959095077059
  CPU_sse: 631.57172714837861
  CPU_fma: 931.33977175180451
  CPU_avx: 756.9050689590083
  CPU_avx512: 0
  m_CPU_enc_SHA: 2271791736.0781441
  m_CPU_enc_AES: 1575298210.4233212
  m_CPU_enc_ECDSA: 1191371723.6666346
  ME_ALLOC_S: 493.85500147719682
  ME_READ_S: 14392.8916015625
  ME_READ_L: 10701.8076171875
  ME_WRITE: 7493.56787109375
  ME_LARGE: 6824.666666666667
  ME_LATENCY: 76.723826646934398
  ME_THREADED: 15545.34619140625
  SUMM_CPU: 1825.5159327127787
  SUMM_ME: 1360.6884091741563
SystemInformation:
  OSName: Ubuntu 24.04.1 LTS
  Kernel: 6.8.0-1018-aws
  Device: ""
  Processor: AMD EPYC 7571
  NumSockets: 1
  Manufacturer: AuthenticAMD
  NumCores: 1
  NumLogicals: 2
  CPUFrequency: 0
  Memory: 15832
  MemModuleInfo:
    iNumMemSticks: 1
    DIMM 1:
      manufacturer: Not Specified
      modulePartNo: Not Specified
      memType: DDR4
      size: 16
      clkspeed: 1600
      moduleVoltage: 0
Checksum: BCF8279476A9ADFD0C05C17B7C94E52C9483D4AA