---
system-info:
      stress-ng-version: 0.17.08
      run-by: root
      date-yyyy-mm-dd: 2024:06:06
      time-hh-mm-ss: 12:37:53
      epoch-secs: 1717677473
      hostname: 841c392ffe44
      sysname: Linux
      nodename: 841c392ffe44
      release: 6.8.0-1008-aws
      version: '#8-Ubuntu SMP Sat Apr 20 00:46:25 UTC 2024'
      machine: x86_64
      compiler: 'musl-gcc 13.2.1'
      uptime: 113
      totalram: 33086947328
      freeram: 28814979072
      sharedram: 59908096
      bufferram: 83443712
      totalswap: 0
      freeswap: 0
      pagesize: 4096
      cpus: 16
      cpus-online: 16
      ticks-per-second: 100

metrics:
    - stressor: cpu
      bogo-ops: 16612
      bogo-ops-per-second-usr-sys-time: 1661.031737
      bogo-ops-per-second-real-time: 1661.053114
      wall-clock-time: 10.000884
      user-time: 10.001013
      system-time: 0.000000
      cpu-usage-per-instance: 100.001287
      max-rss: 4048

...
