---
system-info:
      stress-ng-version: 0.17.08
      run-by: root
      date-yyyy-mm-dd: 2024:06:13
      time-hh-mm-ss: 02:50:07
      epoch-secs: 1718247007
      hostname: 6b993dfd542d
      sysname: Linux
      nodename: 6b993dfd542d
      release: 6.8.0-1008-aws
      version: '#8-Ubuntu SMP Sat Apr 20 00:46:25 UTC 2024'
      machine: x86_64
      compiler: 'musl-gcc 13.2.1'
      uptime: 138
      totalram: 33086943232
      freeram: 28629745664
      sharedram: 59908096
      bufferram: 113025024
      totalswap: 0
      freeswap: 0
      pagesize: 4096
      cpus: 16
      cpus-online: 16
      ticks-per-second: 100

metrics:
    - stressor: cpu
      bogo-ops: 37812
      bogo-ops-per-second-usr-sys-time: 1890.615881
      bogo-ops-per-second-real-time: 1890.592112
      wall-clock-time: 20.000083
      user-time: 19.999832
      system-time: 0.000000
      cpu-usage-per-instance: 99.998743
      max-rss: 1104

...
