BaselineInfo:
  WebDBID: -1
  TimeStamp: 20250630190745
Version:
  Major: 11
  Minor: 0
  Build: 1002
  SpecialBuildName: ""
  ptArchitecture: aarch64_linux
Results:
  Results Complete: true
  NumTestProcesses: 8
  CPU_INTEGER_MATH: 41739.148666666668
  CPU_FLOATINGPOINT_MATH: 48499.050934853942
  CPU_PRIME: 140.4298994237958
  CPU_SORTING: 37117.65014063946
  CPU_ENCRYPTION: 1510.8451524045195
  CPU_COMPRESSION: 53133.409450150335
  CPU_SINGLETHREAD: 1945.352823795643
  CPU_PHYSICS: 2597.2243826221356
  CPU_MATRIX_MULT_SSE: 7362.387928292861
  CPU_mm: 902.18145548606344
  CPU_sse: 5781.301643955404
  CPU_fma: 8943.4742126303172
  CPU_avx: 0
  CPU_avx512: 0
  m_CPU_enc_SHA: 2391455399.328043
  m_CPU_enc_AES: 857517780.41663384
  m_CPU_enc_ECDSA: 1503734719.8384869
  ME_ALLOC_S: 12153.687422313638
  ME_READ_S: 21198.381445312501
  ME_READ_L: 19972.841796875
  ME_WRITE: 21300.880859375
  ME_LARGE: 6202.333333333333
  ME_LATENCY: 44.89102955666791
  ME_THREADED: 145416.94140625
  SUMM_CPU: 7701.9535339622344
  SUMM_ME: 2866.4123675311739
SystemInformation:
  OSName: Ubuntu 24.04.2 LTS
  Kernel: 6.8.0-1030-aws
  Device: ""
  Processor: ARM Neoverse-V2 8 Core 0 MHz
  NumSockets: 1
  Manufacturer: ARM
  NumCores: 8
  NumLogicals: 8
  CPUFrequency: 0
  Memory: 15672
Checksum: 51418AEB8938C9B1BAF544C8A9860C6FC7B797B4