---
system-info:
      stress-ng-version: 0.17.08
      run-by: root
      date-yyyy-mm-dd: 2024:06:16
      time-hh-mm-ss: 06:56:40
      epoch-secs: 1718521000
      hostname: 357dca1eddc8
      sysname: Linux
      nodename: 357dca1eddc8
      release: 6.8.0-1008-aws
      version: '#8-Ubuntu SMP Sat Apr 20 00:46:25 UTC 2024'
      machine: x86_64
      compiler: 'musl-gcc 13.2.1'
      uptime: 208
      totalram: 16766988288
      freeram: 12397658112
      sharedram: 48496640
      bufferram: 110141440
      totalswap: 0
      freeswap: 0
      pagesize: 4096
      cpus: 4
      cpus-online: 4
      ticks-per-second: 100

metrics:
    - stressor: cpu
      bogo-ops: 29840
      bogo-ops-per-second-usr-sys-time: 1492.008281
      bogo-ops-per-second-real-time: 1491.993739
      wall-clock-time: 20.000084
      user-time: 19.999889
      system-time: 0.000000
      cpu-usage-per-instance: 99.999025
      max-rss: 1104

...
