---
system-info:
      stress-ng-version: 0.17.08
      run-by: root
      date-yyyy-mm-dd: 2024:06:10
      time-hh-mm-ss: 04:28:06
      epoch-secs: 1717993686
      hostname: dd954d577f53
      sysname: Linux
      nodename: dd954d577f53
      release: 6.8.0-1008-aws
      version: '#8-Ubuntu SMP Sat Apr 20 00:46:25 UTC 2024'
      machine: x86_64
      compiler: 'musl-gcc 13.2.1'
      uptime: 155
      totalram: 16766992384
      freeram: 12193333248
      sharedram: 48496640
      bufferram: 114708480
      totalswap: 0
      freeswap: 0
      pagesize: 4096
      cpus: 4
      cpus-online: 4
      ticks-per-second: 100

metrics:
    - stressor: cpu
      bogo-ops: 11418
      bogo-ops-per-second-usr-sys-time: 1141.807308
      bogo-ops-per-second-real-time: 1141.754867
      wall-clock-time: 10.000395
      user-time: 9.999936
      system-time: 0.000000
      cpu-usage-per-instance: 99.995407
      max-rss: 3792

...
