BaselineInfo:
  WebDBID: -1
  TimeStamp: 20241108053914
Version:
  Major: 11
  Minor: 0
  Build: 1002
  SpecialBuildName: ""
  ptArchitecture: x86_64_linux
Results:
  Results Complete: true
  NumTestProcesses: 8
  CPU_INTEGER_MATH: 23018.602333333332
  CPU_FLOATINGPOINT_MATH: 12631.566137223774
  CPU_PRIME: 45.778480098764618
  CPU_SORTING: 12541.067970070271
  CPU_ENCRYPTION: 3208.0882561054964
  CPU_COMPRESSION: 104322.265307826
  CPU_SINGLETHREAD: 1880.3371288777614
  CPU_PHYSICS: 914.94247704833549
  CPU_MATRIX_MULT_SSE: 3882.4854597479462
  CPU_mm: 719.09476175593477
  CPU_sse: 2701.686784583615
  CPU_fma: 0
  CPU_avx: 5063.2841349122773
  CPU_avx512: 0
  m_CPU_enc_SHA: 1050482863.7501547
  m_CPU_enc_AES: 8104880523.1237307
  m_CPU_enc_ECDSA: 936409666.82834494
  ME_ALLOC_S: 2713.4731894191259
  ME_READ_S: 22837.116992187501
  ME_READ_L: 10914.626953125
  ME_WRITE: 9983.013671875
  ME_LARGE: 51286.833333333336
  ME_LATENCY: 57.020255287021428
  ME_THREADED: 46700.2041015625
  SUMM_CPU: 7427.6441070892015
  SUMM_ME: 2341.3188213134536
SystemInformation:
  OSName: Ubuntu 24.04.1 LTS
  Kernel: 6.8.0-1016-aws
  Device: ""
  Processor: Intel Xeon CPU E5-2670 v2 @ 2.50GHz
  NumSockets: 1
  Manufacturer: GenuineIntel
  NumCores: 4
  NumLogicals: 8
  CPUFrequency: 0
  Memory: 61311
  MemModuleInfo:
    iNumMemSticks: 4
    DIMM 1:
      manufacturer: Not Specified
      modulePartNo: Not Specified
      memType: RAM
      size: 16
      clkspeed: 0
      moduleVoltage: 0
    DIMM 2:
      manufacturer: Not Specified
      modulePartNo: Not Specified
      memType: RAM
      size: 16
      clkspeed: 0
      moduleVoltage: 0
    DIMM 3:
      manufacturer: Not Specified
      modulePartNo: Not Specified
      memType: RAM
      size: 16
      clkspeed: 0
      moduleVoltage: 0
    DIMM 4:
      manufacturer: Not Specified
      modulePartNo: Not Specified
      memType: RAM
      size: 13348
      clkspeed: 0
      moduleVoltage: 0
Checksum: 20CE61D91600B2B1DC7261B4FD14487DB66314F9