---
system-info:
      stress-ng-version: 0.17.08
      run-by: root
      date-yyyy-mm-dd: 2024:06:13
      time-hh-mm-ss: 08:43:40
      epoch-secs: 1718268220
      hostname: cc5c80e78d6b
      sysname: Linux
      nodename: cc5c80e78d6b
      release: 6.8.0-1008-aws
      version: '#8-Ubuntu SMP Sat Apr 20 00:46:25 UTC 2024'
      machine: x86_64
      compiler: 'musl-gcc 13.2.1'
      uptime: 180
      totalram: 16555905024
      freeram: 12234539008
      sharedram: 40726528
      bufferram: 106995712
      totalswap: 0
      freeswap: 0
      pagesize: 4096
      cpus: 2
      cpus-online: 2
      ticks-per-second: 100

metrics:
    - stressor: cpu
      bogo-ops: 26341
      bogo-ops-per-second-usr-sys-time: 1317.130477
      bogo-ops-per-second-real-time: 1317.045274
      wall-clock-time: 20.000072
      user-time: 19.996779
      system-time: 0.001999
      cpu-usage-per-instance: 99.993531
      max-rss: 976

...
