---
system-info:
      stress-ng-version: 0.17.08
      run-by: root
      date-yyyy-mm-dd: 2024:06:07
      time-hh-mm-ss: 12:39:53
      epoch-secs: 1717763993
      hostname: d01def2b12b9
      sysname: Linux
      nodename: d01def2b12b9
      release: 6.8.0-1008-aws
      version: '#8-Ubuntu SMP Sat Apr 20 00:46:25 UTC 2024'
      machine: x86_64
      compiler: 'musl-gcc 13.2.1'
      uptime: 165
      totalram: 16555905024
      freeram: 12393598976
      sharedram: 40726528
      bufferram: 90877952
      totalswap: 0
      freeswap: 0
      pagesize: 4096
      cpus: 2
      cpus-online: 2
      ticks-per-second: 100

metrics:
    - stressor: cpu
      bogo-ops: 14247
      bogo-ops-per-second-usr-sys-time: 1424.853599
      bogo-ops-per-second-real-time: 1424.654485
      wall-clock-time: 10.000319
      user-time: 9.996921
      system-time: 0.002001
      cpu-usage-per-instance: 99.986026
      max-rss: 4048

...
