BaselineInfo:
  WebDBID: -1
  TimeStamp: 20260404221654
Version:
  Major: 11
  Minor: 0
  Build: 1004
  SpecialBuildName: ""
  ptArchitecture: x86_64_linux
Results:
  Results Complete: true
  NumTestProcesses: 32
  CPU_INTEGER_MATH: 111787.58300000003
  CPU_FLOATINGPOINT_MATH: 59975.283197301731
  CPU_PRIME: 140.55050938605351
  CPU_SORTING: 66045.422365439052
  CPU_ENCRYPTION: 15437.105634564825
  CPU_COMPRESSION: 511136.44121423987
  CPU_SINGLETHREAD: 2346.9124598904336
  CPU_PHYSICS: 2505.0447730899946
  CPU_MATRIX_MULT_SSE: 29711.798826926064
  CPU_mm: 3359.8618829826005
  CPU_sse: 11811.289505381421
  CPU_fma: 36069.884138587753
  CPU_avx: 25494.044013417355
  CPU_avx512: 45471.977650317756
  m_CPU_enc_SHA: 5047920403.8432198
  m_CPU_enc_AES: 38934249778.514381
  m_CPU_enc_ECDSA: 4578765251.2507448
  ME_ALLOC_S: 12270.346911445346
  ME_READ_S: 26277.824609374999
  ME_READ_L: 10667.955078125
  ME_WRITE: 9819.0712890625
  ME_LARGE: 48016.583333333336
  ME_LATENCY: 48.970913332657403
  ME_THREADED: 110191.56567382812
  SUMM_CPU: 31763.080168207707
  SUMM_ME: 2735.8483496455451
SystemInformation:
  OSName: Ubuntu 24.04.4 LTS
  Kernel: 6.8.0-106-generic
  Device: ""
  Processor: Intel(R) Xeon(R) Platinum 8369HB CPU @ 3.30GHz
  NumSockets: 1
  Manufacturer: GenuineIntel
  NumCores: 16
  NumLogicals: 32
  CPUFrequency: 0
  CPUMaxFrequency: 0
  Memory: 61861
  CPUInfo:
    number: 1
    Family: 6
    Model: 5
    stepping: 11
    features: 529267711
    manufacture: GenuineIntel
    typestring: Intel(R) Xeon(R) Platinum 8369HB CPU @ 3.30GHz
    iCoresPerPackage: 16
    iThreadsPerPackage: 2
    featuresEx:
      - 529267711
      - 4277809667
      - 739248128
    bHybrid: false
    nPCore: 0
    nLogicalsPerPCore: 0
    nECore: 0
    nLogicalsPerECore: 0
  MemModuleInfo:
    iNumMemSticks: 4
    DIMM 1:
      manufacturer: Alibaba Cloud
      modulePartNo: Not Specified
      memType: RAM
      size: 16
      clkspeed: 0
      moduleVoltage: 0
    DIMM 2:
      manufacturer: Alibaba Cloud
      modulePartNo: Not Specified
      memType: RAM
      size: 16
      clkspeed: 0
      moduleVoltage: 0
    DIMM 3:
      manufacturer: Alibaba Cloud
      modulePartNo: Not Specified
      memType: RAM
      size: 16
      clkspeed: 0
      moduleVoltage: 0
    DIMM 4:
      manufacturer: Alibaba Cloud
      modulePartNo: Not Specified
      memType: RAM
      size: 16
      clkspeed: 0
      moduleVoltage: 0
Checksum: 81D1C4EC4ADDED5D63105309B8CEA2E231F55E5B