---
system-info:
      stress-ng-version: 0.17.08
      run-by: root
      date-yyyy-mm-dd: 2024:09:16
      time-hh-mm-ss: 07:45:46
      epoch-secs: 1726472746
      hostname: sc-runner
      sysname: Linux
      nodename: sc-runner
      release: 6.8.0-1014-azure
      version: '#16-Ubuntu SMP Thu Aug 15 20:04:41 UTC 2024'
      machine: x86_64
      compiler: 'musl-gcc 13.2.1'
      uptime: 229
      totalram: 33651286016
      freeram: 23476781056
      sharedram: 54894592
      bufferram: 223395840
      totalswap: 0
      freeswap: 0
      pagesize: 4096
      cpus: 4
      cpus-online: 4
      ticks-per-second: 100

metrics:
    - stressor: cpu
      bogo-ops: 151375
      bogo-ops-per-second-usr-sys-time: 1897.710978
      bogo-ops-per-second-real-time: 7568.704143
      wall-clock-time: 20.000121
      user-time: 79.763156
      system-time: 0.003996
      cpu-usage-per-instance: 99.708336
      max-rss: 3248

...
