BaselineInfo:
  WebDBID: -1
  TimeStamp: 20241110073351
Version:
  Major: 11
  Minor: 0
  Build: 1002
  SpecialBuildName: ""
  ptArchitecture: x86_64_linux
Results:
  Results Complete: true
  NumTestProcesses: 104
  CPU_INTEGER_MATH: 437230.61433333345
  CPU_FLOATINGPOINT_MATH: 223565.02461735171
  CPU_PRIME: 471.63209493521464
  CPU_SORTING: 207457.75008062762
  CPU_ENCRYPTION: 91285.351739841542
  CPU_COMPRESSION: 1543595.8706210363
  CPU_SINGLETHREAD: 2436.8657218381222
  CPU_PHYSICS: 7241.9722751345998
  CPU_MATRIX_MULT_SSE: 88824.291011913054
  CPU_mm: 9187.2530871868094
  CPU_sse: 39162.471314933406
  CPU_fma: 105010.43947104253
  CPU_avx: 81115.729541802881
  CPU_avx512: 130008.52371987316
  m_CPU_enc_SHA: 92798409062.971695
  m_CPU_enc_AES: 137671182211.33453
  m_CPU_enc_ECDSA: 56689295683.562187
  ME_ALLOC_S: 30031.012283856304
  ME_READ_S: 23480.2373046875
  ME_READ_L: 12003.6533203125
  ME_WRITE: 10788.8388671875
  ME_LARGE: 662953.41666666663
  ME_LATENCY: 52.28099768293324
  ME_THREADED: 281766.32922363281
  SUMM_CPU: 78782.732425395341
  SUMM_ME: 2816.5769547152172
SystemInformation:
  OSName: Ubuntu 24.04.1 LTS
  Kernel: 6.8.0-1017-azure
  Device: ""
  Processor: Intel Xeon Platinum 8370C CPU @ 2.80GHz
  NumSockets: 2
  Manufacturer: GenuineIntel
  NumCores: 52
  NumLogicals: 104
  CPUFrequency: 2800
  Memory: 677221
  MemModuleInfo:
    iNumMemSticks: 4
    DIMM 1:
      manufacturer: Microsoft Corporation
      modulePartNo: None
      memType: Unknown
      size: 1
      clkspeed: 0
      moduleVoltage: 0
    DIMM 2:
      manufacturer: Microsoft Corporation
      modulePartNo: None
      memType: Unknown
      size: 59
      clkspeed: 0
      moduleVoltage: 0
    DIMM 3:
      manufacturer: Microsoft Corporation
      modulePartNo: None
      memType: Unknown
      size: 276
      clkspeed: 0
      moduleVoltage: 0
    DIMM 4:
      manufacturer: Microsoft Corporation
      modulePartNo: None
      memType: Unknown
      size: 336
      clkspeed: 0
      moduleVoltage: 0
Checksum: 106A234B91D4B4B4BBA359F836602F06098790B8