BaselineInfo:
  WebDBID: -1
  TimeStamp: 20241109165943
Version:
  Major: 11
  Minor: 0
  Build: 1002
  SpecialBuildName: ""
  ptArchitecture: x86_64_linux
Results:
  Results Complete: true
  NumTestProcesses: 48
  CPU_INTEGER_MATH: 290100.60400000005
  CPU_FLOATINGPOINT_MATH: 255040.82452718439
  CPU_PRIME: 895.05297264096453
  CPU_SORTING: 173779.49078522719
  CPU_ENCRYPTION: 62859.623703735168
  CPU_COMPRESSION: 1195412.5938198781
  CPU_SINGLETHREAD: 2883.4287268748722
  CPU_PHYSICS: 11818.00790071616
  CPU_MATRIX_MULT_SSE: 97656.80439573995
  CPU_mm: 10810.640593128202
  CPU_sse: 46439.391755184377
  CPU_fma: 127414.35104401974
  CPU_avx: 109363.01150360968
  CPU_avx512: 107410.46328014594
  m_CPU_enc_SHA: 86818731448.102448
  m_CPU_enc_AES: 55081509563.220787
  m_CPU_enc_ECDSA: 55839037342.98024
  ME_ALLOC_S: 28961.57834263899
  ME_READ_S: 27847.911328124999
  ME_READ_L: 26940.81640625
  ME_WRITE: 25653.43359375
  ME_LARGE: 366377.58333333331
  ME_LATENCY: 80.387708288483012
  ME_THREADED: 306843.2763671875
  SUMM_CPU: 79414.230631703584
  SUMM_ME: 2776.8513231149873
SystemInformation:
  OSName: Ubuntu 24.04.1 LTS
  Kernel: 6.8.0-1016-aws
  Device: ""
  Processor: AMD EPYC 9R14
  NumSockets: 1
  Manufacturer: AuthenticAMD
  NumCores: 48
  NumLogicals: 48
  CPUFrequency: 0
  Memory: 378652
  MemModuleInfo:
    iNumMemSticks: 1
    DIMM 1:
      manufacturer: Not Specified
      modulePartNo: Not Specified
      memType: DDR5
      size: 384
      clkspeed: 2400
      moduleVoltage: 0
Checksum: 0DF687AF70CF7D5E223A4FEE7D9AD607F9A0DA6B