---
system-info:
      stress-ng-version: 0.17.08
      run-by: root
      date-yyyy-mm-dd: 2024:08:30
      time-hh-mm-ss: 16:18:52
      epoch-secs: 1725034732
      hostname: sc-runner
      sysname: Linux
      nodename: sc-runner
      release: 6.8.0-1013-azure
      version: '#15-Ubuntu SMP Thu Aug  8 18:40:40 UTC 2024'
      machine: x86_64
      compiler: 'musl-gcc 13.2.1'
      uptime: 388
      totalram: 14653562880
      freeram: 6193238016
      sharedram: 57098240
      bufferram: 204603392
      totalswap: 0
      freeswap: 0
      pagesize: 4096
      cpus: 2
      cpus-online: 2
      ticks-per-second: 100

metrics:
    - stressor: cpu
      bogo-ops: 30912
      bogo-ops-per-second-usr-sys-time: 783.923363
      bogo-ops-per-second-real-time: 1545.594620
      wall-clock-time: 20.000070
      user-time: 39.404219
      system-time: 0.028207
      cpu-usage-per-instance: 98.580722
      max-rss: 3252

...
