---
system-info:
      stress-ng-version: 0.17.08
      run-by: root
      date-yyyy-mm-dd: 2024:06:06
      time-hh-mm-ss: 20:41:30
      epoch-secs: 1717706490
      hostname: 8e26dc2e7624
      sysname: Linux
      nodename: 8e26dc2e7624
      release: 6.8.0-1008-aws
      version: '#8-Ubuntu SMP Sat Apr 20 00:46:25 UTC 2024'
      machine: x86_64
      compiler: 'musl-gcc 13.2.1'
      uptime: 129
      totalram: 267397984256
      freeram: 262798671872
      sharedram: 41152512
      bufferram: 86720512
      totalswap: 0
      freeswap: 0
      pagesize: 4096
      cpus: 32
      cpus-online: 32
      ticks-per-second: 100

metrics:
    - stressor: cpu
      bogo-ops: 14341
      bogo-ops-per-second-usr-sys-time: 1434.081787
      bogo-ops-per-second-real-time: 1434.078631
      wall-clock-time: 10.000149
      user-time: 9.998127
      system-time: 0.002000
      cpu-usage-per-instance: 99.999780
      max-rss: 3848

...
