---
system-info:
      stress-ng-version: 0.17.08
      run-by: root
      date-yyyy-mm-dd: 2024:06:14
      time-hh-mm-ss: 11:56:17
      epoch-secs: 1718366177
      hostname: 638699276a89
      sysname: Linux
      nodename: 638699276a89
      release: 6.8.0-1008-aws
      version: '#8-Ubuntu SMP Sat Apr 20 00:46:25 UTC 2024'
      machine: x86_64
      compiler: 'musl-gcc 13.2.1'
      uptime: 146
      totalram: 267397980160
      freeram: 262592827392
      sharedram: 41152512
      bufferram: 109117440
      totalswap: 0
      freeswap: 0
      pagesize: 4096
      cpus: 32
      cpus-online: 32
      ticks-per-second: 100

metrics:
    - stressor: cpu
      bogo-ops: 26530
      bogo-ops-per-second-usr-sys-time: 1326.493832
      bogo-ops-per-second-real-time: 1326.498008
      wall-clock-time: 20.000030
      user-time: 20.000093
      system-time: 0.000000
      cpu-usage-per-instance: 100.000315
      max-rss: 776

...
