BaselineInfo:
  WebDBID: -1
  TimeStamp: 20241107221949
Version:
  Major: 11
  Minor: 0
  Build: 1002
  SpecialBuildName: ""
  ptArchitecture: x86_64_linux
Results:
  Results Complete: true
  NumTestProcesses: 16
  CPU_INTEGER_MATH: 66464.827666666664
  CPU_FLOATINGPOINT_MATH: 36529.82957983049
  CPU_PRIME: 99.733342450916396
  CPU_SORTING: 35511.232680392095
  CPU_ENCRYPTION: 17127.301700611217
  CPU_COMPRESSION: 252621.86454681098
  CPU_SINGLETHREAD: 2388.3503472919197
  CPU_PHYSICS: 2056.5856222619132
  CPU_MATRIX_MULT_SSE: 14929.89779814901
  CPU_mm: 1797.65261818152
  CPU_sse: 7638.3224193240931
  CPU_fma: 20830.998337308891
  CPU_avx: 16320.372637814058
  CPU_avx512: 0
  m_CPU_enc_SHA: 24841960025.23645
  m_CPU_enc_AES: 15883337326.902893
  m_CPU_enc_ECDSA: 13152535171.920977
  ME_ALLOC_S: 7053.5236605082937
  ME_READ_S: 24397.99609375
  ME_READ_L: 18651.505859375
  ME_WRITE: 18994.6328125
  ME_LARGE: 54150.666666666664
  ME_LATENCY: 62.057381932258501
  ME_THREADED: 40630.6572265625
  SUMM_CPU: 21578.216932820742
  SUMM_ME: 2692.2506906851991
SystemInformation:
  OSName: Ubuntu 24.04.1 LTS
  Kernel: 6.8.0-1017-azure
  Device: ""
  Processor: AMD EPYC 7763 64-Core Processor
  NumSockets: 1
  Manufacturer: AuthenticAMD
  NumCores: 8
  NumLogicals: 16
  CPUFrequency: 0
  Memory: 64297
  MemModuleInfo:
    iNumMemSticks: 3
    DIMM 1:
      manufacturer: Microsoft Corporation
      modulePartNo: None
      memType: Unknown
      size: 1
      clkspeed: 0
      moduleVoltage: 0
    DIMM 2:
      manufacturer: Microsoft Corporation
      modulePartNo: None
      memType: Unknown
      size: 59
      clkspeed: 0
      moduleVoltage: 0
    DIMM 3:
      manufacturer: Microsoft Corporation
      modulePartNo: None
      memType: Unknown
      size: 4
      clkspeed: 0
      moduleVoltage: 0
Checksum: AB4B41542F570CC2C2DF5EB712861D6B5B038CA0