BaselineInfo:
  WebDBID: -1
  TimeStamp: 20241125203005
Version:
  Major: 11
  Minor: 0
  Build: 1002
  SpecialBuildName: ""
  ptArchitecture: x86_64_linux
Results:
  Results Complete: true
  NumTestProcesses: 16
  CPU_INTEGER_MATH: 96823.552000000011
  CPU_FLOATINGPOINT_MATH: 85430.866615342529
  CPU_PRIME: 314.20312507055593
  CPU_SORTING: 60952.05613873298
  CPU_ENCRYPTION: 21024.522468376257
  CPU_COMPRESSION: 422155.90157931671
  CPU_SINGLETHREAD: 2906.9277232768686
  CPU_PHYSICS: 4278.3217889723264
  CPU_MATRIX_MULT_SSE: 39941.025777490111
  CPU_mm: 4179.2351235105853
  CPU_sse: 18630.214612753112
  CPU_fma: 54749.507150531754
  CPU_avx: 46957.771524337688
  CPU_avx512: 39426.609822337901
  m_CPU_enc_SHA: 29016909045.474243
  m_CPU_enc_AES: 18381759136.097404
  m_CPU_enc_ECDSA: 18738760833.828659
  ME_ALLOC_S: 15018.311237709322
  ME_READ_S: 27884.773242187501
  ME_READ_L: 27562.53515625
  ME_WRITE: 26860.82421875
  ME_LARGE: 20932.5
  ME_LATENCY: 77.828816756814419
  ME_THREADED: 80315.9267578125
  SUMM_CPU: 36828.349557930895
  SUMM_ME: 2647.8720948636524
SystemInformation:
  OSName: Ubuntu 24.04.1 LTS
  Kernel: 6.8.0-1017-azure
  Device: ""
  Processor: AMD EPYC 9V74 80-Core Processor
  NumSockets: 1
  Manufacturer: AuthenticAMD
  NumCores: 16
  NumLogicals: 16
  CPUFrequency: 0
  Memory: 32089
  MemModuleInfo:
    iNumMemSticks: 2
    DIMM 1:
      manufacturer: Microsoft Corporation
      modulePartNo: None
      memType: Unknown
      size: 1
      clkspeed: 0
      moduleVoltage: 0
    DIMM 2:
      manufacturer: Microsoft Corporation
      modulePartNo: None
      memType: Unknown
      size: 31
      clkspeed: 0
      moduleVoltage: 0
Checksum: 1C70C9096360C9527EA995D286F7C6E521530D32