size_kb,operation,bandwidth_mb_s,latency_ns,latency_stddev_ns,latency_samples,threads,iterations,elapsed_s
32,read,2113159.58,0,0,0,16,925926,0.219086
32,write,2154076.75,0,0,0,16,471698,0.109490
32,copy,1095704.94,0,0,0,16,378787,0.172851
32,latency,0,0.90,0.05,15,1,15,0.280033
128,read,2099777.57,0,0,0,16,245098,0.233451
128,write,2125698.09,0,0,0,16,190839,0.179554
128,copy,1341392.68,0,0,0,16,153374,0.228679
128,latency,0,2.46,0.00,7,1,7,0.705484
512,read,2099961.03,0,0,0,16,61881,0.235742
512,write,2055601.76,0,0,0,16,67567,0.262958
512,copy,1061639.61,0,0,0,16,30750,0.231717
512,latency,0,3.39,0.00,7,1,7,0.701610
1024,read,1776254.38,0,0,0,16,28768,0.259134
1024,write,1808101.03,0,0,0,16,31055,0.274808
1024,copy,823199.50,0,0,0,16,13912,0.270399
1024,latency,0,5.06,0.02,7,1,7,0.680357
2048,read,1617694.11,0,0,0,16,13185,0.260816
2048,write,1704426.73,0,0,0,16,13631,0.255917
2048,copy,629036.51,0,0,0,16,5486,0.279081
2048,latency,0,9.08,0.06,7,1,7,0.711484
8192,read,371264.52,0,0,0,16,3232,1.114289
8192,write,293863.93,0,0,0,16,3286,1.431302
8192,copy,95977.62,0,0,0,16,1091,1.455006
8192,latency,0,10.38,0.01,7,1,7,0.709796
16384,read,162129.92,0,0,0,16,1411,2.227942
16384,write,118200.83,0,0,0,16,1505,3.259537
16384,copy,50467.67,0,0,0,16,367,1.861628
16384,latency,0,10.88,0.01,7,1,7,0.690450
32768,read,113159.24,0,0,0,16,344,1.556461
32768,write,73712.68,0,0,0,16,329,2.285197
32768,copy,46401.20,0,0,0,16,168,1.853745
32768,latency,0,14.87,0.62,7,1,7,0.812091
65536,read,107082.26,0,0,0,16,178,1.702168
65536,write,68444.80,0,0,0,16,151,2.259105
65536,copy,45752.12,0,0,0,16,84,1.880044
65536,latency,0,81.33,1.03,7,1,7,3.471126
131072,read,104577.38,0,0,0,16,84,1.645021
131072,write,67423.82,0,0,0,16,69,2.095877
131072,copy,46057.58,0,0,0,16,41,1.823109
131072,latency,0,106.99,1.26,7,1,7,9.167261
