---
system-info:
      stress-ng-version: 0.17.08
      run-by: root
      date-yyyy-mm-dd: 2024:09:16
      time-hh-mm-ss: 16:12:09
      epoch-secs: 1726503129
      hostname: sc-runner
      sysname: Linux
      nodename: sc-runner
      release: 6.8.0-1014-azure
      version: '#16-Ubuntu SMP Thu Aug 15 20:04:41 UTC 2024'
      machine: x86_64
      compiler: 'musl-gcc 13.2.1'
      uptime: 284
      totalram: 67422384128
      freeram: 57177804800
      sharedram: 54956032
      bufferram: 238927872
      totalswap: 0
      freeswap: 0
      pagesize: 4096
      cpus: 8
      cpus-online: 8
      ticks-per-second: 100

metrics:
    - stressor: cpu
      bogo-ops: 154882
      bogo-ops-per-second-usr-sys-time: 970.041050
      bogo-ops-per-second-real-time: 7744.067089
      wall-clock-time: 20.000085
      user-time: 159.642419
      system-time: 0.022989
      cpu-usage-per-instance: 99.790456
      max-rss: 3152

...
