---
system-info:
      stress-ng-version: 0.17.08
      run-by: root
      date-yyyy-mm-dd: 2024:09:17
      time-hh-mm-ss: 05:42:13
      epoch-secs: 1726551733
      hostname: sc-runner
      sysname: Linux
      nodename: sc-runner
      release: 6.8.0-1014-azure
      version: '#16-Ubuntu SMP Thu Aug 15 20:04:41 UTC 2024'
      machine: x86_64
      compiler: 'musl-gcc 13.2.1'
      uptime: 323
      totalram: 270251388928
      freeram: 259462443008
      sharedram: 38301696
      bufferram: 256319488
      totalswap: 0
      freeswap: 0
      pagesize: 4096
      cpus: 32
      cpus-online: 32
      ticks-per-second: 100

metrics:
    - stressor: cpu
      bogo-ops: 54818
      bogo-ops-per-second-usr-sys-time: 2740.958519
      bogo-ops-per-second-real-time: 2740.888629
      wall-clock-time: 20.000083
      user-time: 19.998574
      system-time: 0.000999
      cpu-usage-per-instance: 99.997450
      max-rss: 3080

...
