BaselineInfo:
  WebDBID: -1
  TimeStamp: 20241108182530
Version:
  Major: 11
  Minor: 0
  Build: 1002
  SpecialBuildName: ""
  ptArchitecture: x86_64_linux
Results:
  Results Complete: true
  NumTestProcesses: 48
  CPU_INTEGER_MATH: 199241.5726666667
  CPU_FLOATINGPOINT_MATH: 109535.28065020831
  CPU_PRIME: 286.15192082213883
  CPU_SORTING: 104945.87748482403
  CPU_ENCRYPTION: 51428.095045017049
  CPU_COMPRESSION: 755771.3515581321
  CPU_SINGLETHREAD: 2396.7669124573467
  CPU_PHYSICS: 5131.8218948941085
  CPU_MATRIX_MULT_SSE: 44973.561769121028
  CPU_mm: 5392.7771182222859
  CPU_sse: 22901.278095420665
  CPU_fma: 62472.488663355936
  CPU_avx: 49546.918548586473
  CPU_avx512: 0
  m_CPU_enc_SHA: 74527841838.722672
  m_CPU_enc_AES: 47649058522.026756
  m_CPU_enc_ECDSA: 39601898209.02195
  ME_ALLOC_S: 19902.908988658612
  ME_READ_S: 24566.634375000001
  ME_READ_L: 20737.470703125
  ME_WRITE: 20198.283203125
  ME_LARGE: 182069.58333333334
  ME_LATENCY: 62.299384613227268
  ME_THREADED: 126007.81701660156
  SUMM_CPU: 51440.039681115624
  SUMM_ME: 2965.0911436159622
SystemInformation:
  OSName: Ubuntu 24.04.1 LTS
  Kernel: 6.8.0-1017-azure
  Device: ""
  Processor: AMD EPYC 7763 64-Core Processor
  NumSockets: 1
  Manufacturer: AuthenticAMD
  NumCores: 24
  NumLogicals: 48
  CPUFrequency: 0
  Memory: 193212
  MemModuleInfo:
    iNumMemSticks: 3
    DIMM 1:
      manufacturer: Microsoft Corporation
      modulePartNo: None
      memType: Unknown
      size: 1
      clkspeed: 0
      moduleVoltage: 0
    DIMM 2:
      manufacturer: Microsoft Corporation
      modulePartNo: None
      memType: Unknown
      size: 60928
      clkspeed: 0
      moduleVoltage: 0
    DIMM 3:
      manufacturer: Microsoft Corporation
      modulePartNo: None
      memType: Unknown
      size: 134656
      clkspeed: 0
      moduleVoltage: 0
Checksum: 597C77B337CD9748CCDD5E5A6B11F30FDC709288