---
system-info:
      stress-ng-version: 0.17.08
      run-by: root
      date-yyyy-mm-dd: 2024:09:03
      time-hh-mm-ss: 07:04:58
      epoch-secs: 1725347098
      hostname: sc-runner
      sysname: Linux
      nodename: sc-runner
      release: 6.8.0-1013-azure
      version: '#15-Ubuntu SMP Thu Aug  8 18:40:40 UTC 2024'
      machine: x86_64
      compiler: 'musl-gcc 13.2.1'
      uptime: 396
      totalram: 33652330496
      freeram: 24953266176
      sharedram: 54898688
      bufferram: 231690240
      totalswap: 0
      freeswap: 0
      pagesize: 4096
      cpus: 4
      cpus-online: 4
      ticks-per-second: 100

metrics:
    - stressor: cpu
      bogo-ops: 108003
      bogo-ops-per-second-usr-sys-time: 1355.394715
      bogo-ops-per-second-real-time: 5400.126407
      wall-clock-time: 20.000087
      user-time: 79.670811
      system-time: 0.012988
      cpu-usage-per-instance: 99.604314
      max-rss: 3252

...
