BaselineInfo:
  WebDBID: -1
  TimeStamp: 20250923070942
Version:
  Major: 11
  Minor: 0
  Build: 1002
  SpecialBuildName: ""
  ptArchitecture: aarch64_linux
Results:
  Results Complete: true
  NumTestProcesses: 48
  CPU_INTEGER_MATH: 250439.93299999999
  CPU_FLOATINGPOINT_MATH: 290978.9547194211
  CPU_PRIME: 582.80499313949156
  CPU_SORTING: 221254.23290698911
  CPU_ENCRYPTION: 9036.178514608795
  CPU_COMPRESSION: 318636.75879143854
  CPU_SINGLETHREAD: 1944.1296982152689
  CPU_PHYSICS: 13474.545262507861
  CPU_MATRIX_MULT_SSE: 44175.891060991315
  CPU_mm: 5461.2545771720534
  CPU_sse: 34721.641166536123
  CPU_fma: 53630.140955446543
  CPU_avx: 0
  CPU_avx512: 0
  m_CPU_enc_SHA: 14091153784.66136
  m_CPU_enc_AES: 5159780463.5517683
  m_CPU_enc_ECDSA: 9174425518.1901741
  ME_ALLOC_S: 47920.827221860258
  ME_READ_S: 21194.622851562501
  ME_READ_L: 20298.302734375
  ME_WRITE: 21157.134765625
  ME_LARGE: 367578.75
  ME_LATENCY: 45.55120042484733
  ME_THREADED: 474040.73046875
  SUMM_CPU: 36082.9516691834
  SUMM_ME: 3444.3524583267654
SystemInformation:
  OSName: Ubuntu 24.04.2 LTS
  Kernel: 6.14.0-1012-aws
  Device: ""
  Processor: ARM Neoverse-V2 48 Core 0 MHz
  NumSockets: 1
  Manufacturer: ARM
  NumCores: 48
  NumLogicals: 48
  CPUFrequency: 0
  Memory: 379912
Checksum: 4B0FAF2BA6C06FE49C79DE76EAFF631CCE441A15