BaselineInfo:
  WebDBID: -1
  TimeStamp: 20241108110400
Version:
  Major: 11
  Minor: 0
  Build: 1002
  SpecialBuildName: ""
  ptArchitecture: x86_64_linux
Results:
  Results Complete: true
  NumTestProcesses: 32
  CPU_INTEGER_MATH: 133211.21766666666
  CPU_FLOATINGPOINT_MATH: 73424.542419427802
  CPU_PRIME: 275.08333884110652
  CPU_SORTING: 71562.692012697837
  CPU_ENCRYPTION: 34529.622766505956
  CPU_COMPRESSION: 509455.62287104648
  CPU_SINGLETHREAD: 2399.7554068956238
  CPU_PHYSICS: 5092.6041237622276
  CPU_MATRIX_MULT_SSE: 30016.958497015963
  CPU_mm: 3602.2450838067575
  CPU_sse: 15299.288261663489
  CPU_fma: 41700.9973785072
  CPU_avx: 33050.589850877215
  CPU_avx512: 0
  m_CPU_enc_SHA: 50060411585.165817
  m_CPU_enc_AES: 32022796702.897575
  m_CPU_enc_ECDSA: 26537592877.971851
  ME_ALLOC_S: 13893.464259499748
  ME_READ_S: 24485.495507812499
  ME_READ_L: 19865.861328125
  ME_WRITE: 19332.67578125
  ME_LARGE: 118189
  ME_LATENCY: 63.307371413825592
  ME_THREADED: 129409.45581054688
  SUMM_CPU: 39340.875550597579
  SUMM_ME: 2895.8319606118098
SystemInformation:
  OSName: Ubuntu 24.04.1 LTS
  Kernel: 6.8.0-1017-azure
  Device: ""
  Processor: AMD EPYC 7763 64-Core Processor
  NumSockets: 1
  Manufacturer: AuthenticAMD
  NumCores: 16
  NumLogicals: 32
  CPUFrequency: 0
  Memory: 128899
  MemModuleInfo:
    iNumMemSticks: 4
    DIMM 1:
      manufacturer: Microsoft Corporation
      modulePartNo: None
      memType: Unknown
      size: 1
      clkspeed: 0
      moduleVoltage: 0
    DIMM 2:
      manufacturer: Microsoft Corporation
      modulePartNo: None
      memType: Unknown
      size: 60928
      clkspeed: 0
      moduleVoltage: 0
    DIMM 3:
      manufacturer: Microsoft Corporation
      modulePartNo: None
      memType: Unknown
      size: 3584
      clkspeed: 0
      moduleVoltage: 0
    DIMM 4:
      manufacturer: Microsoft Corporation
      modulePartNo: None
      memType: Unknown
      size: 64
      clkspeed: 0
      moduleVoltage: 0
Checksum: 3D7E3C03429C768EF8FDC384E647741B924758BB