---
system-info:
      stress-ng-version: 0.17.08
      run-by: root
      date-yyyy-mm-dd: 2024:06:13
      time-hh-mm-ss: 13:56:34
      epoch-secs: 1718286994
      hostname: 020e8fb7af7a
      sysname: Linux
      nodename: 020e8fb7af7a
      release: 6.8.0-1008-aws
      version: '#8-Ubuntu SMP Sat Apr 20 00:46:25 UTC 2024'
      machine: x86_64
      compiler: 'musl-gcc 13.2.1'
      uptime: 165
      totalram: 265977004032
      freeram: 261226799104
      sharedram: 60116992
      bufferram: 107220992
      totalswap: 0
      freeswap: 0
      pagesize: 4096
      cpus: 64
      cpus-online: 64
      ticks-per-second: 100

metrics:
    - stressor: cpu
      bogo-ops: 37844
      bogo-ops-per-second-usr-sys-time: 1892.167644
      bogo-ops-per-second-real-time: 1892.196278
      wall-clock-time: 20.000039
      user-time: 20.000342
      system-time: 0.000000
      cpu-usage-per-instance: 100.001513
      max-rss: 512

...
