---
system-info:
      stress-ng-version: 0.17.08
      run-by: root
      date-yyyy-mm-dd: 2024:06:07
      time-hh-mm-ss: 23:22:11
      epoch-secs: 1717802531
      hostname: 196765fae521
      sysname: Linux
      nodename: 196765fae521
      release: 6.8.0-1008-aws
      version: '#8-Ubuntu SMP Sat Apr 20 00:46:25 UTC 2024'
      machine: x86_64
      compiler: 'musl-gcc 13.2.1'
      uptime: 151
      totalram: 265977032704
      freeram: 261354278912
      sharedram: 60116992
      bufferram: 94892032
      totalswap: 0
      freeswap: 0
      pagesize: 4096
      cpus: 64
      cpus-online: 64
      ticks-per-second: 100

metrics:
    - stressor: cpu
      bogo-ops: 16755
      bogo-ops-per-second-usr-sys-time: 1675.365301
      bogo-ops-per-second-real-time: 1675.393668
      wall-clock-time: 10.000635
      user-time: 10.000804
      system-time: 0.000000
      cpu-usage-per-instance: 100.001693
      max-rss: 3584

...
