---
system-info:
      stress-ng-version: 0.17.08
      run-by: root
      date-yyyy-mm-dd: 2024:06:07
      time-hh-mm-ss: 21:22:06
      epoch-secs: 1717795326
      hostname: 96096df21003
      sysname: Linux
      nodename: 96096df21003
      release: 6.8.0-1008-aws
      version: '#8-Ubuntu SMP Sat Apr 20 02:43:14 UTC 2024'
      machine: aarch64
      compiler: 'musl-gcc 13.2.1'
      uptime: 136
      totalram: 65935773696
      freeram: 61561143296
      sharedram: 35020800
      bufferram: 92315648
      totalswap: 0
      freeswap: 0
      pagesize: 4096
      cpus: 16
      cpus-online: 16
      ticks-per-second: 100

metrics:
    - stressor: cpu
      bogo-ops: 47016
      bogo-ops-per-second-usr-sys-time: 293.043064
      bogo-ops-per-second-real-time: 4681.840346
      wall-clock-time: 10.042205
      user-time: 160.426592
      system-time: 0.013991
      cpu-usage-per-instance: 99.853932
      max-rss: 4136

...
