---
system-info:
      stress-ng-version: 0.17.08
      run-by: root
      date-yyyy-mm-dd: 2024:06:13
      time-hh-mm-ss: 12:37:14
      epoch-secs: 1718282234
      hostname: 495af1f2d9a1
      sysname: Linux
      nodename: 495af1f2d9a1
      release: 6.8.0-1008-aws
      version: '#8-Ubuntu SMP Sat Apr 20 02:43:14 UTC 2024'
      machine: aarch64
      compiler: 'musl-gcc 13.2.1'
      uptime: 124
      totalram: 65935773696
      freeram: 61527490560
      sharedram: 35020800
      bufferram: 104857600
      totalswap: 0
      freeswap: 0
      pagesize: 4096
      cpus: 16
      cpus-online: 16
      ticks-per-second: 100

metrics:
    - stressor: cpu
      bogo-ops: 485572
      bogo-ops-per-second-usr-sys-time: 1519.199092
      bogo-ops-per-second-real-time: 24278.523249
      wall-clock-time: 20.000063
      user-time: 319.611683
      system-time: 0.011994
      cpu-usage-per-instance: 99.882083
      max-rss: 1320

...
