---
system-info:
      stress-ng-version: 0.17.08
      run-by: root
      date-yyyy-mm-dd: 2024:09:03
      time-hh-mm-ss: 05:29:18
      epoch-secs: 1725341358
      hostname: sc-runner
      sysname: Linux
      nodename: sc-runner
      release: 6.8.0-1013-azure
      version: '#15-Ubuntu SMP Thu Aug  8 18:40:40 UTC 2024'
      machine: x86_64
      compiler: 'musl-gcc 13.2.1'
      uptime: 369
      totalram: 14652145664
      freeram: 6182420480
      sharedram: 42057728
      bufferram: 208998400
      totalswap: 0
      freeswap: 0
      pagesize: 4096
      cpus: 4
      cpus-online: 4
      ticks-per-second: 100

metrics:
    - stressor: cpu
      bogo-ops: 82508
      bogo-ops-per-second-usr-sys-time: 1036.689130
      bogo-ops-per-second-real-time: 4125.377021
      wall-clock-time: 20.000111
      user-time: 79.572998
      system-time: 0.014988
      cpu-usage-per-instance: 99.484428
      max-rss: 3152

...
