---
system-info:
      stress-ng-version: 0.17.08
      run-by: root
      date-yyyy-mm-dd: 2024:06:09
      time-hh-mm-ss: 23:40:57
      epoch-secs: 1717976457
      hostname: bef8761d90a0
      sysname: Linux
      nodename: bef8761d90a0
      release: 6.8.0-1008-aws
      version: '#8-Ubuntu SMP Sat Apr 20 00:46:25 UTC 2024'
      machine: x86_64
      compiler: 'musl-gcc 13.2.1'
      uptime: 154
      totalram: 798471798784
      freeram: 793210171392
      sharedram: 114089984
      bufferram: 113487872
      totalswap: 0
      freeswap: 0
      pagesize: 4096
      cpus: 96
      cpus-online: 96
      ticks-per-second: 100

metrics:
    - stressor: cpu
      bogo-ops: 21061
      bogo-ops-per-second-usr-sys-time: 2106.036608
      bogo-ops-per-second-real-time: 2106.059931
      wall-clock-time: 10.000190
      user-time: 10.000301
      system-time: 0.000000
      cpu-usage-per-instance: 100.001107
      max-rss: 3072

...
