---
system-info:
      stress-ng-version: 0.17.08
      run-by: root
      date-yyyy-mm-dd: 2024:06:16
      time-hh-mm-ss: 03:56:04
      epoch-secs: 1718510164
      hostname: 9ce30e1a403d
      sysname: Linux
      nodename: 9ce30e1a403d
      release: 6.8.0-1008-aws
      version: '#8-Ubuntu SMP Sat Apr 20 00:46:25 UTC 2024'
      machine: x86_64
      compiler: 'musl-gcc 13.2.1'
      uptime: 163
      totalram: 798471753728
      freeram: 793283190784
      sharedram: 114089984
      bufferram: 110067712
      totalswap: 0
      freeswap: 0
      pagesize: 4096
      cpus: 96
      cpus-online: 96
      ticks-per-second: 100

metrics:
    - stressor: cpu
      bogo-ops: 40318
      bogo-ops-per-second-usr-sys-time: 2015.884276
      bogo-ops-per-second-real-time: 2015.897068
      wall-clock-time: 20.000029
      user-time: 20.000156
      system-time: 0.000000
      cpu-usage-per-instance: 100.000635
      max-rss: 768

...
