---
system-info:
      stress-ng-version: 0.17.08
      run-by: root
      date-yyyy-mm-dd: 2024:06:06
      time-hh-mm-ss: 03:41:25
      epoch-secs: 1717645285
      hostname: 878bf6fd2d06
      sysname: Linux
      nodename: 878bf6fd2d06
      release: 6.8.0-1008-aws
      version: '#8-Ubuntu SMP Sat Apr 20 00:46:25 UTC 2024'
      machine: x86_64
      compiler: 'musl-gcc 13.2.1'
      uptime: 121
      totalram: 397092802560
      freeram: 391229743104
      sharedram: 139157504
      bufferram: 82317312
      totalswap: 0
      freeswap: 0
      pagesize: 4096
      cpus: 192
      cpus-online: 192
      ticks-per-second: 100

metrics:
    - stressor: cpu
      bogo-ops: 2314762
      bogo-ops-per-second-usr-sys-time: 1207.095226
      bogo-ops-per-second-real-time: 231441.950110
      wall-clock-time: 10.001480
      user-time: 1917.384117
      system-time: 0.245868
      cpu-usage-per-instance: 99.861784
      max-rss: 3072

...
