---
system-info:
      stress-ng-version: 0.17.08
      run-by: root
      date-yyyy-mm-dd: 2024:06:14
      time-hh-mm-ss: 03:55:26
      epoch-secs: 1718337326
      hostname: 518a9c38b7dd
      sysname: Linux
      nodename: 518a9c38b7dd
      release: 6.8.0-1008-aws
      version: '#8-Ubuntu SMP Sat Apr 20 00:46:25 UTC 2024'
      machine: x86_64
      compiler: 'musl-gcc 13.2.1'
      uptime: 122
      totalram: 397092769792
      freeram: 391242260480
      sharedram: 139157504
      bufferram: 107843584
      totalswap: 0
      freeswap: 0
      pagesize: 4096
      cpus: 192
      cpus-online: 192
      ticks-per-second: 100

metrics:
    - stressor: cpu
      bogo-ops: 5724487
      bogo-ops-per-second-usr-sys-time: 1491.674356
      bogo-ops-per-second-real-time: 286223.574896
      wall-clock-time: 20.000054
      user-time: 3837.566173
      system-time: 0.058961
      cpu-usage-per-instance: 99.937884
      max-rss: 0

...
