BaselineInfo:
  WebDBID: -1
  TimeStamp: 20241109193709
Version:
  Major: 11
  Minor: 0
  Build: 1002
  SpecialBuildName: ""
  ptArchitecture: x86_64_linux
Results:
  Results Complete: true
  NumTestProcesses: 16
  CPU_INTEGER_MATH: 50321.013333333343
  CPU_FLOATINGPOINT_MATH: 27049.226336293665
  CPU_PRIME: 113.13736845199122
  CPU_SORTING: 26438.728699338822
  CPU_ENCRYPTION: 6972.6189748402749
  CPU_COMPRESSION: 221880.76772773752
  CPU_SINGLETHREAD: 2139.0156045658164
  CPU_PHYSICS: 2014.4022098380033
  CPU_MATRIX_MULT_SSE: 15795.694190362934
  CPU_mm: 1537.1912944387745
  CPU_sse: 5501.5137919557937
  CPU_fma: 18258.158872240685
  CPU_avx: 12882.049223844933
  CPU_avx512: 26541.054873410321
  m_CPU_enc_SHA: 2286930891.1926751
  m_CPU_enc_AES: 17604638872.700222
  m_CPU_enc_ECDSA: 2042392978.5934522
  ME_ALLOC_S: 5952.7452625139285
  ME_READ_S: 25297.1318359375
  ME_READ_L: 11072.2744140625
  ME_WRITE: 9984.455078125
  ME_LARGE: 497143.33333333331
  ME_LATENCY: 48.800219064384834
  ME_THREADED: 94487.16748046875
  SUMM_CPU: 16593.595427184257
  SUMM_ME: 2742.6954502136923
SystemInformation:
  OSName: Ubuntu 24.04.1 LTS
  Kernel: 6.8.0-1017-azure
  Device: ""
  Processor: Intel Xeon Platinum 8272CL CPU @ 2.60GHz
  NumSockets: 2
  Manufacturer: GenuineIntel
  NumCores: 8
  NumLogicals: 16
  CPUFrequency: 0
  Memory: 507912
  MemModuleInfo:
    iNumMemSticks: 4
    DIMM 1:
      manufacturer: Microsoft Corporation
      modulePartNo: None
      memType: Unknown
      size: 1
      clkspeed: 0
      moduleVoltage: 0
    DIMM 2:
      manufacturer: Microsoft Corporation
      modulePartNo: None
      memType: Unknown
      size: 60928
      clkspeed: 0
      moduleVoltage: 0
    DIMM 3:
      manufacturer: Microsoft Corporation
      modulePartNo: None
      memType: Unknown
      size: 196096
      clkspeed: 0
      moduleVoltage: 0
    DIMM 4:
      manufacturer: Microsoft Corporation
      modulePartNo: None
      memType: Unknown
      size: 252
      clkspeed: 0
      moduleVoltage: 0
Checksum: 95FD2BB8E51076A5D885F9B66468898FA0FEA4E5