BaselineInfo:
  WebDBID: -1
  TimeStamp: 20260404190058
Version:
  Major: 11
  Minor: 0
  Build: 1004
  SpecialBuildName: ""
  ptArchitecture: x86_64_linux
Results:
  Results Complete: true
  NumTestProcesses: 24
  CPU_INTEGER_MATH: 83672.458666666644
  CPU_FLOATINGPOINT_MATH: 44888.933945732846
  CPU_PRIME: 121.53811307937826
  CPU_SORTING: 50132.380209078794
  CPU_ENCRYPTION: 11579.685743962789
  CPU_COMPRESSION: 385863.23710739223
  CPU_SINGLETHREAD: 2357.0899333968355
  CPU_PHYSICS: 2225.0900796520491
  CPU_MATRIX_MULT_SSE: 22444.438588144178
  CPU_mm: 2545.8426028487802
  CPU_sse: 9072.8759223233919
  CPU_fma: 26999.326253715124
  CPU_avx: 19079.732065091721
  CPU_avx512: 34625.820111446475
  m_CPU_enc_SHA: 3783765154.9798446
  m_CPU_enc_AES: 29217613692.806164
  m_CPU_enc_ECDSA: 3425162828.1985679
  ME_ALLOC_S: 9370.8901511173572
  ME_READ_S: 25969.099218750001
  ME_READ_L: 10882.708984375
  ME_WRITE: 10156.2255859375
  ME_LARGE: 33102.166666666664
  ME_LATENCY: 46.497410299667784
  ME_THREADED: 98370.211181640625
  SUMM_CPU: 25430.303883737593
  SUMM_ME: 2766.2304706645336
SystemInformation:
  OSName: Ubuntu 24.04.4 LTS
  Kernel: 6.8.0-106-generic
  Device: ""
  Processor: Intel(R) Xeon(R) Platinum 8369HB CPU @ 3.30GHz
  NumSockets: 1
  Manufacturer: GenuineIntel
  NumCores: 12
  NumLogicals: 24
  CPUFrequency: 0
  CPUMaxFrequency: 0
  Memory: 46239
  CPUInfo:
    number: 1
    Family: 6
    Model: 5
    stepping: 11
    features: 529267711
    manufacture: GenuineIntel
    typestring: Intel(R) Xeon(R) Platinum 8369HB CPU @ 3.30GHz
    iCoresPerPackage: 12
    iThreadsPerPackage: 2
    featuresEx:
      - 529267711
      - 4277809667
      - 739248128
    bHybrid: false
    nPCore: 0
    nLogicalsPerPCore: 0
    nECore: 0
    nLogicalsPerECore: 0
  MemModuleInfo:
    iNumMemSticks: 3
    DIMM 1:
      manufacturer: Alibaba Cloud
      modulePartNo: Not Specified
      memType: RAM
      size: 16
      clkspeed: 0
      moduleVoltage: 0
    DIMM 2:
      manufacturer: Alibaba Cloud
      modulePartNo: Not Specified
      memType: RAM
      size: 16
      clkspeed: 0
      moduleVoltage: 0
    DIMM 3:
      manufacturer: Alibaba Cloud
      modulePartNo: Not Specified
      memType: RAM
      size: 16
      clkspeed: 0
      moduleVoltage: 0
Checksum: 0E7094301D2A0ADBCB40F66A6D4C63BAA096734B