---
system-info:
      stress-ng-version: 0.17.08
      run-by: root
      date-yyyy-mm-dd: 2024:06:14
      time-hh-mm-ss: 19:18:02
      epoch-secs: 1718392682
      hostname: 32c20c6ea9f6
      sysname: Linux
      nodename: 32c20c6ea9f6
      release: 6.8.0-1008-aws
      version: '#8-Ubuntu SMP Sat Apr 20 00:46:25 UTC 2024'
      machine: x86_64
      compiler: 'musl-gcc 13.2.1'
      uptime: 145
      totalram: 33263853568
      freeram: 28847255552
      sharedram: 40783872
      bufferram: 108818432
      totalswap: 0
      freeswap: 0
      pagesize: 4096
      cpus: 8
      cpus-online: 8
      ticks-per-second: 100

metrics:
    - stressor: cpu
      bogo-ops: 134950
      bogo-ops-per-second-usr-sys-time: 845.672162
      bogo-ops-per-second-real-time: 6747.464709
      wall-clock-time: 20.000105
      user-time: 159.560221
      system-time: 0.016984
      cpu-usage-per-instance: 99.735231
      max-rss: 1104

...
