---
system-info:
      stress-ng-version: 0.17.08
      run-by: root
      date-yyyy-mm-dd: 2024:06:08
      time-hh-mm-ss: 13:01:03
      epoch-secs: 1717851663
      hostname: d4f9c546722a
      sysname: Linux
      nodename: d4f9c546722a
      release: 6.8.0-1008-aws
      version: '#8-Ubuntu SMP Sat Apr 20 00:46:25 UTC 2024'
      machine: x86_64
      compiler: 'musl-gcc 13.2.1'
      uptime: 121
      totalram: 33263849472
      freeram: 28817215488
      sharedram: 40783872
      bufferram: 101445632
      totalswap: 0
      freeswap: 0
      pagesize: 4096
      cpus: 8
      cpus-online: 8
      ticks-per-second: 100

metrics:
    - stressor: cpu
      bogo-ops: 81802
      bogo-ops-per-second-usr-sys-time: 1026.471926
      bogo-ops-per-second-real-time: 8179.083355
      wall-clock-time: 10.001365
      user-time: 79.676399
      system-time: 0.015990
      cpu-usage-per-instance: 99.601888
      max-rss: 3920

...
