BaselineInfo:
  WebDBID: -1
  TimeStamp: 20250104010541
Version:
  Major: 11
  Minor: 0
  Build: 1002
  SpecialBuildName: ""
  ptArchitecture: x86_64_linux
Results:
  Results Complete: true
  NumTestProcesses: 48
  CPU_INTEGER_MATH: 228098.90733333337
  CPU_FLOATINGPOINT_MATH: 127575.51439808003
  CPU_PRIME: 362.91486666311312
  CPU_SORTING: 134606.29268503882
  CPU_ENCRYPTION: 57880.2928849093
  CPU_COMPRESSION: 924400.29879437038
  CPU_SINGLETHREAD: 2906.1525057560839
  CPU_PHYSICS: 6672.1334317325263
  CPU_MATRIX_MULT_SSE: 65954.502410984394
  CPU_mm: 6109.6341710983588
  CPU_sse: 26755.508135671866
  CPU_fma: 84388.603167209032
  CPU_avx: 69499.620187075852
  CPU_avx512: 83174.27815398082
  m_CPU_enc_SHA: 80976703092.75029
  m_CPU_enc_AES: 54961023827.989708
  m_CPU_enc_ECDSA: 46137931055.520012
  ME_ALLOC_S: 22371.210857189439
  ME_READ_S: 27844.141015624999
  ME_READ_L: 27592.3359375
  ME_WRITE: 26883.318359375
  ME_LARGE: 374665.08333333331
  ME_LATENCY: 75.819901364837719
  ME_THREADED: 127794.931640625
  SUMM_CPU: 63005.092961017617
  SUMM_ME: 2850.940631504121
SystemInformation:
  OSName: Ubuntu 24.04.1 LTS
  Kernel: 6.8.0-1017-azure
  Device: ""
  Processor: AMD EPYC 9V74 80-Core Processor
  NumSockets: 1
  Manufacturer: AuthenticAMD
  NumCores: 24
  NumLogicals: 48
  CPUFrequency: 0
  Memory: 386748
  MemModuleInfo:
    iNumMemSticks: 3
    DIMM 1:
      manufacturer: Microsoft Corporation
      modulePartNo: None
      memType: Unknown
      size: 1
      clkspeed: 0
      moduleVoltage: 0
    DIMM 2:
      manufacturer: Microsoft Corporation
      modulePartNo: None
      memType: Unknown
      size: 59
      clkspeed: 0
      moduleVoltage: 0
    DIMM 3:
      manufacturer: Microsoft Corporation
      modulePartNo: None
      memType: Unknown
      size: 324
      clkspeed: 0
      moduleVoltage: 0
Checksum: 50DEACA67A9F95710FAFC1AB72BE4F4E9E67097C