BaselineInfo:
  WebDBID: -1
  TimeStamp: 20260620222104
Version:
  Major: 11
  Minor: 0
  Build: 1004
  SpecialBuildName: ""
  ptArchitecture: x86_64_linux
Results:
  Results Complete: true
  NumTestProcesses: 48
  CPU_INTEGER_MATH: 226327.12599999999
  CPU_FLOATINGPOINT_MATH: 165409.03734737681
  CPU_PRIME: 452.61953635489067
  CPU_SORTING: 115090.63216681223
  CPU_ENCRYPTION: 50482.05261766976
  CPU_COMPRESSION: 882518.29308301653
  CPU_SINGLETHREAD: 3513.5176900882429
  CPU_PHYSICS: 6841.6610805816163
  CPU_MATRIX_MULT_SSE: 59793.202321466793
  CPU_mm: 6431.7395011211865
  CPU_sse: 27428.804883161032
  CPU_fma: 72071.990991730738
  CPU_avx: 55430.636129634906
  CPU_avx512: 84241.377281340479
  m_CPU_enc_SHA: 53189267290.05088
  m_CPU_enc_AES: 69496903028.601013
  m_CPU_enc_ECDSA: 36116636098.225174
  ME_ALLOC_S: 22291.381751022804
  ME_READ_S: 30459.276562499999
  ME_READ_L: 20546.00390625
  ME_WRITE: 8391.24609375
  ME_LARGE: 87037.666666666672
  ME_LATENCY: 73.177121078341315
  ME_THREADED: 183127.8623046875
  SUMM_CPU: 66066.160738540304
  SUMM_ME: 2568.376263091805
SystemInformation:
  OSName: Ubuntu 24.04.4 LTS
  Kernel: 6.17.0-1018-azure
  Device: ""
  Processor: Intel(R) Xeon(R) 6973P-C
  NumSockets: 1
  Manufacturer: GenuineIntel
  NumCores: 24
  NumLogicals: 48
  CPUFrequency: 2600
  CPUMaxFrequency: 2600
  Memory: 96539
  CPUInfo:
    number: 1
    Family: 6
    Model: 13
    stepping: 1
    features: 529267711
    manufacture: GenuineIntel
    typestring: Intel(R) Xeon(R) 6973P-C
    iCoresPerPackage: 32
    iThreadsPerPackage: 2
    featuresEx:
      - 529267711
      - 4294586915
      - 739248128
    bHybrid: false
    nPCore: 0
    nLogicalsPerPCore: 0
    nECore: 0
    nLogicalsPerECore: 0
  MemModuleInfo:
    iNumMemSticks: 3
    DIMM 1:
      manufacturer: Microsoft Corporation
      modulePartNo: None
      memType: Unknown
      size: 1
      clkspeed: 0
      moduleVoltage: 0
    DIMM 2:
      manufacturer: Microsoft Corporation
      modulePartNo: None
      memType: Unknown
      size: 59
      clkspeed: 0
      moduleVoltage: 0
    DIMM 3:
      manufacturer: Microsoft Corporation
      modulePartNo: None
      memType: Unknown
      size: 36
      clkspeed: 0
      moduleVoltage: 0
Checksum: B1DB4F6E8E8F678EF7C0EE37F4BD5473EA07EFF7