BaselineInfo:
  WebDBID: -1
  TimeStamp: 20260620144102
Version:
  Major: 11
  Minor: 0
  Build: 1004
  SpecialBuildName: ""
  ptArchitecture: x86_64_linux
Results:
  Results Complete: true
  NumTestProcesses: 32
  CPU_INTEGER_MATH: 127199.38733333335
  CPU_FLOATINGPOINT_MATH: 90154.520174123492
  CPU_PRIME: 265.91961023263048
  CPU_SORTING: 62979.068917144381
  CPU_ENCRYPTION: 28154.62311469467
  CPU_COMPRESSION: 460875.99449655227
  CPU_SINGLETHREAD: 2452.858613140691
  CPU_PHYSICS: 5954.6185878343213
  CPU_MATRIX_MULT_SSE: 35319.602717526359
  CPU_mm: 3475.6974756293316
  CPU_sse: 14958.797502723735
  CPU_fma: 38570.763472541461
  CPU_avx: 28931.717658271351
  CPU_avx512: 58817.132236568912
  m_CPU_enc_SHA: 29636161778.011967
  m_CPU_enc_AES: 38558491265.633354
  m_CPU_enc_ECDSA: 20372133217.696911
  ME_ALLOC_S: 15632.382362495055
  ME_READ_S: 22381.68359375
  ME_READ_L: 9018.9169921875
  ME_WRITE: 8252.0166015625
  ME_LARGE: 55187.25
  ME_LATENCY: 74.97366529437079
  ME_THREADED: 181548.52197265625
  SUMM_CPU: 39163.204096360983
  SUMM_ME: 2116.4248244304517
SystemInformation:
  OSName: Ubuntu 24.04.4 LTS
  Kernel: 6.17.0-1018-azure
  Device: ""
  Processor: INTEL(R) XEON(R) PLATINUM 8573C
  NumSockets: 1
  Manufacturer: GenuineIntel
  NumCores: 16
  NumLogicals: 32
  CPUFrequency: 2300
  CPUMaxFrequency: 2300
  Memory: 64291
  CPUInfo:
    number: 1
    Family: 6
    Model: 15
    stepping: 2
    features: 529267711
    manufacture: GenuineIntel
    typestring: INTEL(R) XEON(R) PLATINUM 8573C
    iCoresPerPackage: 16
    iThreadsPerPackage: 2
    featuresEx:
      - 529267711
      - 4294586915
      - 739248128
    bHybrid: false
    nPCore: 0
    nLogicalsPerPCore: 0
    nECore: 0
    nLogicalsPerECore: 0
  MemModuleInfo:
    iNumMemSticks: 3
    DIMM 1:
      manufacturer: Microsoft Corporation
      modulePartNo: None
      memType: Unknown
      size: 1
      clkspeed: 0
      moduleVoltage: 0
    DIMM 2:
      manufacturer: Microsoft Corporation
      modulePartNo: None
      memType: Unknown
      size: 59
      clkspeed: 0
      moduleVoltage: 0
    DIMM 3:
      manufacturer: Microsoft Corporation
      modulePartNo: None
      memType: Unknown
      size: 4
      clkspeed: 0
      moduleVoltage: 0
Checksum: 1ABD8F9267024BA0FD778C406A8F1DAD8AC7CD9A