BaselineInfo:
  WebDBID: -1
  TimeStamp: 20251210202906
Version:
  Major: 11
  Minor: 0
  Build: 1002
  SpecialBuildName: ""
  ptArchitecture: aarch64_linux
Results:
  Results Complete: true
  NumTestProcesses: 1
  CPU_INTEGER_MATH: 5187.8280000000004
  CPU_FLOATINGPOINT_MATH: 6019.6255154201463
  CPU_PRIME: 17.198449935534086
  CPU_SORTING: 4557.6482183707376
  CPU_ENCRYPTION: 184.496510518863
  CPU_COMPRESSION: 6385.0117207279809
  CPU_SINGLETHREAD: 1847.6825767033715
  CPU_PHYSICS: 337.71338463353436
  CPU_MATRIX_MULT_SSE: 916.15963498249289
  CPU_mm: 112.03641737697572
  CPU_sse: 720.28571817477996
  CPU_fma: 1112.0335517902058
  CPU_avx: 0
  CPU_avx512: 0
  m_CPU_enc_SHA: 292065595.15777487
  m_CPU_enc_AES: 106837180.52165243
  m_CPU_enc_ECDSA: 181473063.36205456
  ME_ALLOC_S: 1503.5855664010487
  ME_READ_S: 20248.611523437499
  ME_READ_L: 19343.78125
  ME_WRITE: 20901.1875
  ME_LARGE: 526.91666666666663
  ME_LATENCY: 45.640214506257529
  ME_THREADED: 19330.01171875
  SUMM_CPU: 987.48300169010383
  SUMM_ME: 999.27343566596016
SystemInformation:
  OSName: Ubuntu 24.04.2 LTS
  Kernel: 6.14.0-1017-aws
  Device: ""
  Processor: ARM Neoverse-V2 1 Core 0 MHz
  NumSockets: 1
  Manufacturer: ARM
  NumCores: 1
  NumLogicals: 1
  CPUFrequency: 0
  Memory: 1828
Checksum: 178DAD3577033E78F5766F238912B37941A3F10D