BaselineInfo:
  WebDBID: -1
  TimeStamp: 20241107203748
Version:
  Major: 11
  Minor: 0
  Build: 1002
  SpecialBuildName: ""
  ptArchitecture: x86_64_linux
Results:
  Results Complete: true
  NumTestProcesses: 8
  CPU_INTEGER_MATH: 33635.80033333334
  CPU_FLOATINGPOINT_MATH: 17181.148518701099
  CPU_PRIME: 73.773562912439672
  CPU_SORTING: 17539.912408953387
  CPU_ENCRYPTION: 7324.4652582845611
  CPU_COMPRESSION: 124290.27014189432
  CPU_SINGLETHREAD: 2430.1846933013476
  CPU_PHYSICS: 1355.0281806274379
  CPU_MATRIX_MULT_SSE: 7071.2294814332536
  CPU_mm: 724.55996786659125
  CPU_sse: 3192.190467340969
  CPU_fma: 8767.323219509628
  CPU_avx: 6471.6312839836874
  CPU_avx512: 9853.7729548987336
  m_CPU_enc_SHA: 7377196036.9589844
  m_CPU_enc_AES: 11101843716.369535
  m_CPU_enc_ECDSA: 4561735694.6844559
  ME_ALLOC_S: 4098.6488336909197
  ME_READ_S: 24446.440234375001
  ME_READ_L: 12287.41796875
  ME_WRITE: 10807.986328125
  ME_LARGE: 22067.833333333332
  ME_LATENCY: 52.888338497225384
  ME_THREADED: 52921.34619140625
  SUMM_CPU: 11399.883129296946
  SUMM_ME: 2527.8504000153762
SystemInformation:
  OSName: Ubuntu 24.04.1 LTS
  Kernel: 6.8.0-1017-azure
  Device: ""
  Processor: Intel Xeon Platinum 8370C CPU @ 2.80GHz
  NumSockets: 1
  Manufacturer: GenuineIntel
  NumCores: 4
  NumLogicals: 8
  CPUFrequency: 2800
  Memory: 32091
  MemModuleInfo:
    iNumMemSticks: 2
    DIMM 1:
      manufacturer: Microsoft Corporation
      modulePartNo: None
      memType: Unknown
      size: 1
      clkspeed: 0
      moduleVoltage: 0
    DIMM 2:
      manufacturer: Microsoft Corporation
      modulePartNo: None
      memType: Unknown
      size: 31
      clkspeed: 0
      moduleVoltage: 0
Checksum: 344E3F46A7DD743E2884FFF9C5D986766CE3C33D