---
system-info:
      stress-ng-version: 0.17.08
      run-by: root
      date-yyyy-mm-dd: 2024:06:07
      time-hh-mm-ss: 22:10:59
      epoch-secs: 1717798259
      hostname: 86d1dc9d4f49
      sysname: Linux
      nodename: 86d1dc9d4f49
      release: 6.8.0-31-generic
      version: '#31-Ubuntu SMP PREEMPT_DYNAMIC Sat Apr 20 00:40:06 UTC 2024'
      machine: x86_64
      compiler: 'musl-gcc 13.2.1'
      uptime: 88
      totalram: 16372469760
      freeram: 12888371200
      sharedram: 21237760
      bufferram: 102785024
      totalswap: 0
      freeswap: 0
      pagesize: 4096
      cpus: 8
      cpus-online: 8
      ticks-per-second: 100

metrics:
    - stressor: cpu
      bogo-ops: 12763
      bogo-ops-per-second-usr-sys-time: 1276.027696
      bogo-ops-per-second-real-time: 1276.130288
      wall-clock-time: 10.001330
      user-time: 10.001134
      system-time: 0.001000
      cpu-usage-per-instance: 100.008040
      max-rss: 3920

...
