---
system-info:
      stress-ng-version: 0.17.08
      run-by: root
      date-yyyy-mm-dd: 2024:06:14
      time-hh-mm-ss: 21:58:30
      epoch-secs: 1718402310
      hostname: 72ec5cf9f9ad
      sysname: Linux
      nodename: 72ec5cf9f9ad
      release: 6.8.0-31-generic
      version: '#31-Ubuntu SMP PREEMPT_DYNAMIC Sat Apr 20 00:40:06 UTC 2024'
      machine: x86_64
      compiler: 'musl-gcc 13.2.1'
      uptime: 145
      totalram: 16372477952
      freeram: 12793688064
      sharedram: 21237760
      bufferram: 118181888
      totalswap: 0
      freeswap: 0
      pagesize: 4096
      cpus: 8
      cpus-online: 8
      ticks-per-second: 100

metrics:
    - stressor: cpu
      bogo-ops: 8615
      bogo-ops-per-second-usr-sys-time: 430.757560
      bogo-ops-per-second-real-time: 430.742801
      wall-clock-time: 20.000334
      user-time: 19.998650
      system-time: 0.000999
      cpu-usage-per-instance: 99.996574
      max-rss: 1104

...
