BaselineInfo:
  WebDBID: -1
  TimeStamp: 20241108070229
Version:
  Major: 11
  Minor: 0
  Build: 1002
  SpecialBuildName: ""
  ptArchitecture: aarch64_linux
Results:
  Results Complete: true
  NumTestProcesses: 32
  CPU_INTEGER_MATH: 201788.03500000003
  CPU_FLOATINGPOINT_MATH: 169520.54476946744
  CPU_PRIME: 423.67116272830003
  CPU_SORTING: 163570.37443305439
  CPU_ENCRYPTION: 6009.5950717592841
  CPU_COMPRESSION: 221646.74066684966
  CPU_SINGLETHREAD: 1879.6878787835033
  CPU_PHYSICS: 9390.6338431937729
  CPU_MATRIX_MULT_SSE: 28604.130794761066
  CPU_mm: 4595.8786657932696
  CPU_sse: 24117.839668635963
  CPU_fma: 33090.421920886176
  CPU_avx: 0
  CPU_avx512: 0
  m_CPU_enc_SHA: 8867140974.473875
  m_CPU_enc_AES: 3904999755.2183948
  m_CPU_enc_ECDSA: 6132410756.2029171
  ME_ALLOC_S: 37356.464461810196
  ME_READ_S: 25434.192578124999
  ME_READ_L: 18585.9296875
  ME_WRITE: 25707.134765625
  ME_LARGE: 116637.33333333333
  ME_LATENCY: 53.634227943781205
  ME_THREADED: 436992.4287109375
  SUMM_CPU: 26621.331977592563
  SUMM_ME: 3314.6416659978995
SystemInformation:
  OSName: Ubuntu 24.04.1 LTS
  Kernel: 6.8.0-1017-azure
  Device: ""
  Processor: ARM Neoverse-N2 32 Core 0 MHz
  NumSockets: 1
  Manufacturer: ARM
  NumCores: 32
  NumLogicals: 32
  CPUFrequency: 0
  Memory: 128552
Checksum: C0BEDFA84A1AFAA1E2876AEC3F78AD2784F3490B