BaselineInfo:
  WebDBID: -1
  TimeStamp: 20241109062422
Version:
  Major: 11
  Minor: 0
  Build: 1002
  SpecialBuildName: ""
  ptArchitecture: aarch64_linux
Results:
  Results Complete: true
  NumTestProcesses: 64
  CPU_INTEGER_MATH: 305797.61533333344
  CPU_FLOATINGPOINT_MATH: 304212.62437995599
  CPU_PRIME: 342.99906309419805
  CPU_SORTING: 243901.46865836496
  CPU_ENCRYPTION: 8923.0477574957404
  CPU_COMPRESSION: 339276.37199882418
  CPU_SINGLETHREAD: 1563.855401774787
  CPU_PHYSICS: 8705.5915185903614
  CPU_MATRIX_MULT_SSE: 52918.515916621152
  CPU_mm: 6960.8417700634654
  CPU_sse: 44397.707379560758
  CPU_fma: 61439.324453681547
  CPU_avx: 0
  CPU_avx512: 0
  m_CPU_enc_SHA: 13544357569.581018
  m_CPU_enc_AES: 5189337165.467555
  m_CPU_enc_ECDSA: 9335786441.0429764
  ME_ALLOC_S: 31676.461265320882
  ME_READ_S: 19733.577734375001
  ME_READ_L: 19104.90625
  ME_WRITE: 19760.591796875
  ME_LARGE: 243894
  ME_LATENCY: 48.945719722801044
  ME_THREADED: 263469.25610351562
  SUMM_CPU: 34687.987426445907
  SUMM_ME: 3185.0092730576989
SystemInformation:
  OSName: Ubuntu 24.04.1 LTS
  Kernel: 6.8.0-1016-aws
  Device: ""
  Processor: ARM Neoverse-V1 64 Core 0 MHz
  NumSockets: 1
  Manufacturer: ARM
  NumCores: 64
  NumLogicals: 64
  CPUFrequency: 0
  Memory: 257205
Checksum: 9D75D69F46C00822A3D1E8102FCF8C00B19B9A49