BaselineInfo:
  WebDBID: -1
  TimeStamp: 20241115091939
Version:
  Major: 11
  Minor: 0
  Build: 1002
  SpecialBuildName: ""
  ptArchitecture: x86_64_linux
Results:
  Results Complete: true
  NumTestProcesses: 4
  CPU_INTEGER_MATH: 12326.120666666666
  CPU_FLOATINGPOINT_MATH: 8324.7281015992066
  CPU_PRIME: 22.648459295727118
  CPU_SORTING: 5236.4150698389121
  CPU_ENCRYPTION: 1536.4802910240444
  CPU_COMPRESSION: 49969.533211826594
  CPU_SINGLETHREAD: 1237.0460857815508
  CPU_PHYSICS: 383.40086872350838
  CPU_MATRIX_MULT_SSE: 3414.1289820132838
  CPU_mm: 315.78360528414407
  CPU_sse: 1524.084017177928
  CPU_fma: 4589.5676024725017
  CPU_avx: 3425.9942728817605
  CPU_avx512: 4116.8700355209439
  m_CPU_enc_SHA: 732339329.6698103
  m_CPU_enc_AES: 3476426524.8983326
  m_CPU_enc_ECDSA: 624583218.35434198
  ME_ALLOC_S: 1476.2407276552133
  ME_READ_S: 14012.301074218751
  ME_READ_L: 8407.8427734375
  ME_WRITE: 8249.708984375
  ME_LARGE: 963.75
  ME_LATENCY: 67.461646988277849
  ME_THREADED: 32318.57861328125
  SUMM_CPU: 4085.3195427427622
  SUMM_ME: 1112.9837778203698
SystemInformation:
  OSName: Ubuntu 24.04.1 LTS
  Kernel: 6.8.0-45-generic
  Device: ""
  Processor: Intel Xeon Processor (Skylake, IBRS, no TSX)
  NumSockets: 1
  Manufacturer: GenuineIntel
  NumCores: 4
  NumLogicals: 4
  CPUFrequency: 0
  Memory: 7751
  MemModuleInfo:
    iNumMemSticks: 1
    DIMM 1:
      manufacturer: QEMU
      modulePartNo: Not Specified
      memType: RAM
      size: 8000
      clkspeed: 0
      moduleVoltage: 0
Checksum: BBA05ABC0CDB09985C8BBD01E9041B30A5695F0A