BaselineInfo:
  WebDBID: -1
  TimeStamp: 20241106214343
Version:
  Major: 11
  Minor: 0
  Build: 1002
  SpecialBuildName: ""
  ptArchitecture: x86_64_linux
Results:
  Results Complete: true
  NumTestProcesses: 4
  CPU_INTEGER_MATH: 12898.404333333334
  CPU_FLOATINGPOINT_MATH: 9135.3247359101679
  CPU_PRIME: 30.706012764059988
  CPU_SORTING: 6544.2922450522428
  CPU_ENCRYPTION: 1639.9627400410081
  CPU_COMPRESSION: 58703.243404924258
  CPU_SINGLETHREAD: 1421.9620330492528
  CPU_PHYSICS: 532.65364073585044
  CPU_MATRIX_MULT_SSE: 4156.8323705680732
  CPU_mm: 489.57578815819073
  CPU_sse: 1931.7625349727573
  CPU_fma: 5668.0861570446332
  CPU_avx: 3984.6909381665309
  CPU_avx512: 5042.7898520883718
  m_CPU_enc_SHA: 864213292.42726946
  m_CPU_enc_AES: 3536121735.0666304
  m_CPU_enc_ECDSA: 758541682.80982089
  ME_ALLOC_S: 2058.5340946778115
  ME_READ_S: 17986.423632812501
  ME_READ_L: 9845.02734375
  ME_WRITE: 9341.5712890625
  ME_LARGE: 959.5
  ME_LATENCY: 58.043299109113605
  ME_THREADED: 36607.9921875
  SUMM_CPU: 4682.0206656528571
  SUMM_ME: 1239.8268642876967
SystemInformation:
  OSName: Ubuntu 24.04.1 LTS
  Kernel: 6.8.0-45-generic
  Device: ""
  Processor: Intel Xeon Processor (Skylake, IBRS, no TSX)
  NumSockets: 1
  Manufacturer: GenuineIntel
  NumCores: 4
  NumLogicals: 4
  CPUFrequency: 0
  Memory: 7751
  MemModuleInfo:
    iNumMemSticks: 1
    DIMM 1:
      manufacturer: QEMU
      modulePartNo: Not Specified
      memType: RAM
      size: 8000
      clkspeed: 0
      moduleVoltage: 0
Checksum: 00BA3CC8A4CA063E53058D747C8973A19C5B01A9