BaselineInfo:
  WebDBID: -1
  TimeStamp: 20241114163511
Version:
  Major: 11
  Minor: 0
  Build: 1002
  SpecialBuildName: ""
  ptArchitecture: x86_64_linux
Results:
  Results Complete: true
  NumTestProcesses: 4
  CPU_INTEGER_MATH: 12899.564
  CPU_FLOATINGPOINT_MATH: 9200.5325349946797
  CPU_PRIME: 29.769537919853491
  CPU_SORTING: 7224.3541807458214
  CPU_ENCRYPTION: 1637.5022082500657
  CPU_COMPRESSION: 62643.885312460916
  CPU_SINGLETHREAD: 1522.2731266421729
  CPU_PHYSICS: 552.58413186422661
  CPU_MATRIX_MULT_SSE: 4031.3341133843232
  CPU_mm: 515.65836497304815
  CPU_sse: 1886.4217241366464
  CPU_fma: 5788.2940892966189
  CPU_avx: 3850.2542512304913
  CPU_avx512: 4600.3663888735373
  m_CPU_enc_SHA: 866394042.60284972
  m_CPU_enc_AES: 3542432443.3684816
  m_CPU_enc_ECDSA: 742310060.58273172
  ME_ALLOC_S: 2231.2581883015082
  ME_READ_S: 17098.138574218749
  ME_READ_L: 9021.1982421875
  ME_WRITE: 8730.5458984375
  ME_LARGE: 1033.75
  ME_LATENCY: 60.588360900760243
  ME_THREADED: 34329.8984375
  SUMM_CPU: 4786.2618827763126
  SUMM_ME: 1239.6692848172077
SystemInformation:
  OSName: Ubuntu 24.04.1 LTS
  Kernel: 6.8.0-47-generic
  Device: ""
  Processor: Intel Xeon Processor (Skylake, IBRS, no TSX)
  NumSockets: 1
  Manufacturer: GenuineIntel
  NumCores: 4
  NumLogicals: 4
  CPUFrequency: 0
  Memory: 7751
  MemModuleInfo:
    iNumMemSticks: 1
    DIMM 1:
      manufacturer: QEMU
      modulePartNo: Not Specified
      memType: RAM
      size: 8000
      clkspeed: 0
      moduleVoltage: 0
Checksum: 4999952206EEABB25EBE692524CB328ACD1F3E0E