---
system-info:
      stress-ng-version: 0.17.08
      run-by: root
      date-yyyy-mm-dd: 2024:06:07
      time-hh-mm-ss: 21:21:54
      epoch-secs: 1717795314
      hostname: f513ed659682
      sysname: Linux
      nodename: f513ed659682
      release: 6.8.0-1008-aws
      version: '#8-Ubuntu SMP Sat Apr 20 02:43:14 UTC 2024'
      machine: aarch64
      compiler: 'musl-gcc 13.2.1'
      uptime: 155
      totalram: 32891568128
      freeram: 28600098816
      sharedram: 35016704
      bufferram: 92405760
      totalswap: 0
      freeswap: 0
      pagesize: 4096
      cpus: 8
      cpus-online: 8
      ticks-per-second: 100

metrics:
    - stressor: cpu
      bogo-ops: 23510
      bogo-ops-per-second-usr-sys-time: 293.227579
      bogo-ops-per-second-real-time: 2339.081178
      wall-clock-time: 10.050955
      user-time: 80.167638
      system-time: 0.008995
      cpu-usage-per-instance: 99.712704
      max-rss: 4136

...
