---
system-info:
      stress-ng-version: 0.17.08
      run-by: root
      date-yyyy-mm-dd: 2024:06:13
      time-hh-mm-ss: 12:37:11
      epoch-secs: 1718282231
      hostname: 1a7fc3c2ffcc
      sysname: Linux
      nodename: 1a7fc3c2ffcc
      release: 6.8.0-1008-aws
      version: '#8-Ubuntu SMP Sat Apr 20 02:43:14 UTC 2024'
      machine: aarch64
      compiler: 'musl-gcc 13.2.1'
      uptime: 158
      totalram: 32891559936
      freeram: 28592410624
      sharedram: 35016704
      bufferram: 104816640
      totalswap: 0
      freeswap: 0
      pagesize: 4096
      cpus: 8
      cpus-online: 8
      ticks-per-second: 100

metrics:
    - stressor: cpu
      bogo-ops: 242568
      bogo-ops-per-second-usr-sys-time: 1519.310088
      bogo-ops-per-second-real-time: 12128.352017
      wall-clock-time: 20.000079
      user-time: 159.646683
      system-time: 0.009994
      cpu-usage-per-instance: 99.785028
      max-rss: 1192

...
