BaselineInfo:
  WebDBID: -1
  TimeStamp: 20260405032505
Version:
  Major: 11
  Minor: 0
  Build: 1004
  SpecialBuildName: ""
  ptArchitecture: x86_64_linux
Results:
  Results Complete: true
  NumTestProcesses: 32
  CPU_INTEGER_MATH: 78810.094666666657
  CPU_FLOATINGPOINT_MATH: 42214.918456751286
  CPU_PRIME: 106.86544077376998
  CPU_SORTING: 47341.443458611335
  CPU_ENCRYPTION: 10864.639030615273
  CPU_COMPRESSION: 363584.01161576953
  CPU_SINGLETHREAD: 1692.9335041180607
  CPU_PHYSICS: 2179.1706301573286
  CPU_MATRIX_MULT_SSE: 23969.050905482589
  CPU_mm: 2394.5880473820152
  CPU_sse: 8556.7513088402429
  CPU_fma: 29217.490569824644
  CPU_avx: 20666.286216843415
  CPU_avx512: 37435.675526422063
  m_CPU_enc_SHA: 3550971164.6875286
  m_CPU_enc_AES: 27405435374.471031
  m_CPU_enc_ECDSA: 3220792669.3407669
  ME_ALLOC_S: 8518.6071219298447
  ME_READ_S: 19395.9677734375
  ME_READ_L: 6594.82568359375
  ME_WRITE: 7224.9443359375
  ME_LARGE: 114402.83333333333
  ME_LATENCY: 78.300792307177844
  ME_THREADED: 97653.722412109375
  SUMM_CPU: 23107.948801751765
  SUMM_ME: 1841.6944467591352
SystemInformation:
  OSName: Ubuntu 24.04.4 LTS
  Kernel: 6.8.0-106-generic
  Device: ""
  Processor: Intel(R) Xeon(R) Platinum 8163 CPU @ 2.50GHz
  NumSockets: 1
  Manufacturer: GenuineIntel
  NumCores: 16
  NumLogicals: 32
  CPUFrequency: 2500
  CPUMaxFrequency: 3100
  Memory: 128295
  CPUInfo:
    number: 1
    Family: 6
    Model: 5
    stepping: 4
    features: 529267711
    manufacture: GenuineIntel
    typestring: Intel(R) Xeon(R) Platinum 8163 CPU @ 2.50GHz
    iCoresPerPackage: 16
    iThreadsPerPackage: 2
    featuresEx:
      - 529267711
      - 4294586883
      - 739248128
    bHybrid: false
    nPCore: 0
    nLogicalsPerPCore: 0
    nECore: 0
    nLogicalsPerECore: 0
  MemModuleInfo:
    iNumMemSticks: 8
    DIMM 1:
      manufacturer: Alibaba Cloud
      modulePartNo: Not Specified
      memType: RAM
      size: 16
      clkspeed: 0
      moduleVoltage: 0
    DIMM 2:
      manufacturer: Alibaba Cloud
      modulePartNo: Not Specified
      memType: RAM
      size: 16
      clkspeed: 0
      moduleVoltage: 0
    DIMM 3:
      manufacturer: Alibaba Cloud
      modulePartNo: Not Specified
      memType: RAM
      size: 16
      clkspeed: 0
      moduleVoltage: 0
    DIMM 4:
      manufacturer: Alibaba Cloud
      modulePartNo: Not Specified
      memType: RAM
      size: 16
      clkspeed: 0
      moduleVoltage: 0
    DIMM 5:
      manufacturer: Alibaba Cloud
      modulePartNo: Not Specified
      memType: RAM
      size: 16
      clkspeed: 0
      moduleVoltage: 0
    DIMM 6:
      manufacturer: Alibaba Cloud
      modulePartNo: Not Specified
      memType: RAM
      size: 16
      clkspeed: 0
      moduleVoltage: 0
    DIMM 7:
      manufacturer: Alibaba Cloud
      modulePartNo: Not Specified
      memType: RAM
      size: 16
      clkspeed: 0
      moduleVoltage: 0
    DIMM 8:
      manufacturer: Alibaba Cloud
      modulePartNo: Not Specified
      memType: RAM
      size: 16
      clkspeed: 0
      moduleVoltage: 0
Checksum: 46C49BAB32998A4170CED3EAA290CAC7697CED23