---
system-info:
      stress-ng-version: 0.17.08
      run-by: root
      date-yyyy-mm-dd: 2024:06:19
      time-hh-mm-ss: 13:45:31
      epoch-secs: 1718804731
      hostname: 39a9e6b0a91b
      sysname: Linux
      nodename: 39a9e6b0a91b
      release: 6.8.0-1008-gcp
      version: '#9-Ubuntu SMP Wed May 22 18:09:04 UTC 2024'
      machine: x86_64
      compiler: 'musl-gcc 13.2.1'
      uptime: 131
      totalram: 33652195328
      freeram: 28573999104
      sharedram: 35024896
      bufferram: 125894656
      totalswap: 0
      freeswap: 0
      pagesize: 4096
      cpus: 8
      cpus-online: 8
      ticks-per-second: 100

metrics:
    - stressor: cpu
      bogo-ops: 234655
      bogo-ops-per-second-usr-sys-time: 1468.848497
      bogo-ops-per-second-real-time: 11732.725611
      wall-clock-time: 20.000042
      user-time: 159.740400
      system-time: 0.013993
      cpu-usage-per-instance: 99.846288
      max-rss: 1104

...
