BaselineInfo:
  WebDBID: -1
  TimeStamp: 20241109084110
Version:
  Major: 11
  Minor: 0
  Build: 1002
  SpecialBuildName: ""
  ptArchitecture: x86_64_linux
Results:
  Results Complete: true
  NumTestProcesses: 64
  CPU_INTEGER_MATH: 266478.35966666671
  CPU_FLOATINGPOINT_MATH: 146513.78837472369
  CPU_PRIME: 384.99818888251207
  CPU_SORTING: 133807.91835471435
  CPU_ENCRYPTION: 68754.18903572316
  CPU_COMPRESSION: 1013865.2374372724
  CPU_SINGLETHREAD: 2401.5848157165319
  CPU_PHYSICS: 6654.4582371961396
  CPU_MATRIX_MULT_SSE: 58954.264992747638
  CPU_mm: 7187.8145983424556
  CPU_sse: 30624.673811636483
  CPU_fma: 79984.96053084718
  CPU_avx: 66253.160635759268
  CPU_avx512: 0
  m_CPU_enc_SHA: 99688731502.524612
  m_CPU_enc_AES: 63757838063.4216
  m_CPU_enc_ECDSA: 52835408001.02108
  ME_ALLOC_S: 24841.282124909027
  ME_READ_S: 24500.976171875001
  ME_READ_L: 20625.447265625
  ME_WRITE: 19685.9296875
  ME_LARGE: 503555.25
  ME_LATENCY: 60.911517262618325
  ME_THREADED: 141335.955078125
  SUMM_CPU: 62243.407394892878
  SUMM_ME: 3016.0329239837083
SystemInformation:
  OSName: Ubuntu 24.04.1 LTS
  Kernel: 6.8.0-1017-azure
  Device: ""
  Processor: AMD EPYC 7763 64-Core Processor
  NumSockets: 1
  Manufacturer: AuthenticAMD
  NumCores: 32
  NumLogicals: 64
  CPUFrequency: 0
  Memory: 515958
  MemModuleInfo:
    iNumMemSticks: 6
    DIMM 1:
      manufacturer: Microsoft Corporation
      modulePartNo: None
      memType: Unknown
      size: 1
      clkspeed: 0
      moduleVoltage: 0
    DIMM 2:
      manufacturer: Microsoft Corporation
      modulePartNo: None
      memType: Unknown
      size: 60928
      clkspeed: 0
      moduleVoltage: 0
    DIMM 3:
      manufacturer: Microsoft Corporation
      modulePartNo: None
      memType: Unknown
      size: 69120
      clkspeed: 0
      moduleVoltage: 0
    DIMM 4:
      manufacturer: Microsoft Corporation
      modulePartNo: None
      memType: Unknown
      size: 128
      clkspeed: 0
      moduleVoltage: 0
    DIMM 5:
      manufacturer: Microsoft Corporation
      modulePartNo: None
      memType: Unknown
      size: 128
      clkspeed: 0
      moduleVoltage: 0
    DIMM 6:
      manufacturer: Microsoft Corporation
      modulePartNo: None
      memType: Unknown
      size: 128
      clkspeed: 0
      moduleVoltage: 0
Checksum: 9B8749B28D7F9BFE2C2306508A4F612195B27480