---
system-info:
      stress-ng-version: 0.17.08
      run-by: root
      date-yyyy-mm-dd: 2024:08:30
      time-hh-mm-ss: 19:09:04
      epoch-secs: 1725044944
      hostname: sc-runner
      sysname: Linux
      nodename: sc-runner
      release: 6.8.0-1013-azure
      version: '#15-Ubuntu SMP Thu Aug  8 18:40:40 UTC 2024'
      machine: x86_64
      compiler: 'musl-gcc 13.2.1'
      uptime: 350
      totalram: 33650917376
      freeram: 25134940160
      sharedram: 38109184
      bufferram: 205168640
      totalswap: 0
      freeswap: 0
      pagesize: 4096
      cpus: 8
      cpus-online: 8
      ticks-per-second: 100

metrics:
    - stressor: cpu
      bogo-ops: 54057
      bogo-ops-per-second-usr-sys-time: 2702.996502
      bogo-ops-per-second-real-time: 2702.845489
      wall-clock-time: 20.000033
      user-time: 19.997917
      system-time: 0.000999
      cpu-usage-per-instance: 99.994413
      max-rss: 1104

...
