---
system-info:
      stress-ng-version: 0.17.08
      run-by: root
      date-yyyy-mm-dd: 2024:09:16
      time-hh-mm-ss: 21:12:09
      epoch-secs: 1726521129
      hostname: sc-runner
      sysname: Linux
      nodename: sc-runner
      release: 6.8.0-1014-azure
      version: '#16-Ubuntu SMP Thu Aug 15 20:04:41 UTC 2024'
      machine: x86_64
      compiler: 'musl-gcc 13.2.1'
      uptime: 340
      totalram: 135066300416
      freeram: 124666896384
      sharedram: 54935552
      bufferram: 242548736
      totalswap: 0
      freeswap: 0
      pagesize: 4096
      cpus: 16
      cpus-online: 16
      ticks-per-second: 100

metrics:
    - stressor: cpu
      bogo-ops: 27134
      bogo-ops-per-second-usr-sys-time: 1356.661878
      bogo-ops-per-second-real-time: 1356.687434
      wall-clock-time: 20.000185
      user-time: 19.999563
      system-time: 0.000999
      cpu-usage-per-instance: 100.001884
      max-rss: 3152

...
