size_kb,operation,bandwidth_mb_s,latency_ns,latency_stddev_ns,latency_samples,threads,iterations,elapsed_s
32,read,134981.42,0,0,0,1,862068,0.199580
32,write,134838.24,0,0,0,1,403225,0.093451
32,copy,90998.18,0,0,0,1,657894,0.225930
32,latency,0,0.90,0.02,7,1,7,0.130228
128,read,134357.23,0,0,0,1,255102,0.237336
128,write,135433.66,0,0,0,1,189393,0.174802
128,copy,92368.12,0,0,0,1,179856,0.243396
128,latency,0,2.51,0.01,7,1,7,0.711898
512,read,134482.56,0,0,0,1,66844,0.248523
512,write,135019.70,0,0,0,1,63291,0.234377
512,copy,75637.31,0,0,0,1,33692,0.222721
512,latency,0,3.45,0.01,7,1,7,0.713882
1024,read,120327.91,0,0,0,1,29239,0.242994
1024,write,131128.04,0,0,0,1,613,0.004675
1024,copy,57162.14,0,0,0,1,13646,0.238724
1024,latency,0,5.01,0.02,7,1,7,0.716291
2048,read,107353.28,0,0,0,1,13290,0.247594
2048,write,114029.54,0,0,0,1,14084,0.247024
2048,copy,52034.84,0,0,0,1,6532,0.251063
2048,latency,0,8.79,0.04,7,1,7,0.700361
4096,read,124560.02,0,0,0,1,8355,0.268304
4096,write,129657.43,0,0,0,1,8183,0.252450
4096,copy,53660.56,0,0,0,1,3393,0.252923
4096,latency,0,9.18,0.10,7,1,7,0.705051
8192,read,127237.14,0,0,0,1,4086,0.256906
8192,write,128688.46,0,0,0,1,4061,0.252455
8192,copy,53176.13,0,0,0,1,1687,0.253798
8192,latency,0,10.14,0.19,7,1,7,0.661804
16384,read,128444.58,0,0,0,1,1886,0.234934
16384,write,127203.84,0,0,0,1,2021,0.254206
16384,copy,35957.62,0,0,0,1,543,0.241618
16384,latency,0,27.16,13.75,21,1,21,1.571412
