---
system-info:
      stress-ng-version: 0.17.08
      run-by: root
      date-yyyy-mm-dd: 2024:06:12
      time-hh-mm-ss: 16:26:50
      epoch-secs: 1718209610
      hostname: e2d8e2b15d8f
      sysname: Linux
      nodename: e2d8e2b15d8f
      release: 6.8.0-1008-aws
      version: '#8-Ubuntu SMP Sat Apr 20 00:46:25 UTC 2024'
      machine: x86_64
      compiler: 'musl-gcc 13.2.1'
      uptime: 184
      totalram: 33261010944
      freeram: 28833185792
      sharedram: 20062208
      bufferram: 112799744
      totalswap: 0
      freeswap: 0
      pagesize: 4096
      cpus: 16
      cpus-online: 16
      ticks-per-second: 100

metrics:
    - stressor: cpu
      bogo-ops: 30920
      bogo-ops-per-second-usr-sys-time: 1546.035713
      bogo-ops-per-second-real-time: 1545.997365
      wall-clock-time: 20.000034
      user-time: 19.999538
      system-time: 0.000000
      cpu-usage-per-instance: 99.997520
      max-rss: 976

...
