---
system-info:
      stress-ng-version: 0.17.08
      run-by: root
      date-yyyy-mm-dd: 2024:06:05
      time-hh-mm-ss: 16:52:27
      epoch-secs: 1717606347
      hostname: a1bc0cc873ed
      sysname: Linux
      nodename: a1bc0cc873ed
      release: 6.8.0-1008-aws
      version: '#8-Ubuntu SMP Sat Apr 20 00:46:25 UTC 2024'
      machine: x86_64
      compiler: 'musl-gcc 13.2.1'
      uptime: 154
      totalram: 33258913792
      freeram: 29146914816
      sharedram: 20062208
      bufferram: 78524416
      totalswap: 0
      freeswap: 0
      pagesize: 4096
      cpus: 16
      cpus-online: 16
      ticks-per-second: 100

metrics:
    - stressor: cpu
      bogo-ops: 13960
      bogo-ops-per-second-usr-sys-time: 1396.012285
      bogo-ops-per-second-real-time: 1395.995840
      wall-clock-time: 10.000030
      user-time: 9.998912
      system-time: 0.001000
      cpu-usage-per-instance: 99.998822
      max-rss: 3920

...
