---
system-info:
      stress-ng-version: 0.17.08
      run-by: root
      date-yyyy-mm-dd: 2024:06:12
      time-hh-mm-ss: 19:18:35
      epoch-secs: 1718219915
      hostname: 01d3de1cfe4f
      sysname: Linux
      nodename: 01d3de1cfe4f
      release: 6.8.0-1008-aws
      version: '#8-Ubuntu SMP Sat Apr 20 00:46:25 UTC 2024'
      machine: x86_64
      compiler: 'musl-gcc 13.2.1'
      uptime: 159
      totalram: 33261015040
      freeram: 28829818880
      sharedram: 20062208
      bufferram: 112422912
      totalswap: 0
      freeswap: 0
      pagesize: 4096
      cpus: 16
      cpus-online: 16
      ticks-per-second: 100

metrics:
    - stressor: cpu
      bogo-ops: 15365
      bogo-ops-per-second-usr-sys-time: 768.299017
      bogo-ops-per-second-real-time: 768.244432
      wall-clock-time: 20.000145
      user-time: 19.997725
      system-time: 0.000999
      cpu-usage-per-instance: 99.992895
      max-rss: 1104

...
