BaselineInfo:
  WebDBID: -1
  TimeStamp: 20241111054626
Version:
  Major: 11
  Minor: 0
  Build: 1002
  SpecialBuildName: ""
  ptArchitecture: x86_64_linux
Results:
  Results Complete: true
  NumTestProcesses: 192
  CPU_INTEGER_MATH: 882435.90133333299
  CPU_FLOATINGPOINT_MATH: 484531.72121324937
  CPU_PRIME: 1032.4279743922918
  CPU_SORTING: 376383.95478767273
  CPU_ENCRYPTION: 220150.4621598731
  CPU_COMPRESSION: 2989966.5558911124
  CPU_SINGLETHREAD: 2638.6260253553196
  CPU_PHYSICS: 15129.061082432616
  CPU_MATRIX_MULT_SSE: 153717.44781192444
  CPU_mm: 19099.488043254532
  CPU_sse: 78558.003947482968
  CPU_fma: 209052.21349716029
  CPU_avx: 173542.12599113013
  CPU_avx512: 0
  m_CPU_enc_SHA: 322299600654.24121
  m_CPU_enc_AES: 208135955548.52261
  m_CPU_enc_ECDSA: 162097916826.48984
  ME_ALLOC_S: 29894.000090137753
  ME_READ_S: 26517.464648437501
  ME_READ_L: 17000.1640625
  ME_WRITE: 17244.025390625
  ME_LARGE: 1510500.4166666667
  ME_LATENCY: 68.231731554336875
  ME_THREADED: 261833.25622558594
  SUMM_CPU: 114678.66912959037
  SUMM_ME: 2815.3568364007051
SystemInformation:
  OSName: Ubuntu 24.04.1 LTS
  Kernel: 6.8.0-1016-aws
  Device: ""
  Processor: AMD EPYC 7R13 Processor
  NumSockets: 2
  Manufacturer: AuthenticAMD
  NumCores: 96
  NumLogicals: 192
  CPUFrequency: 0
  Memory: 1527816
  MemModuleInfo:
    iNumMemSticks: 2
    DIMM 1:
      manufacturer: Not Specified
      modulePartNo: Not Specified
      memType: DDR4
      size: 768
      clkspeed: 1600
      moduleVoltage: 0
    DIMM 2:
      manufacturer: Not Specified
      modulePartNo: Not Specified
      memType: DDR4
      size: 768
      clkspeed: 1600
      moduleVoltage: 0
Checksum: 42C0D242DCE70AD5A6608AFC2375A2B7F628FD37