BaselineInfo:
  WebDBID: -1
  TimeStamp: 20241114164850
Version:
  Major: 11
  Minor: 0
  Build: 1002
  SpecialBuildName: ""
  ptArchitecture: x86_64_linux
Results:
  Results Complete: true
  NumTestProcesses: 2
  CPU_INTEGER_MATH: 9427.1196666666656
  CPU_FLOATINGPOINT_MATH: 6010.5763780730576
  CPU_PRIME: 24.006476395689678
  CPU_SORTING: 5851.4972994463433
  CPU_ENCRYPTION: 2425.2545803517987
  CPU_COMPRESSION: 39657.962713011024
  CPU_SINGLETHREAD: 2866.7780164189144
  CPU_PHYSICS: 490.24376101256121
  CPU_MATRIX_MULT_SSE: 2418.5307924111212
  CPU_mm: 261.81776806859398
  CPU_sse: 1224.6631418640736
  CPU_fma: 3484.2352328713228
  CPU_avx: 2546.6940024979667
  CPU_avx512: 0
  m_CPU_enc_SHA: 3437345114.6348076
  m_CPU_enc_AES: 2266960254.3739195
  m_CPU_enc_ECDSA: 1924885871.5321765
  ME_ALLOC_S: 1061.9071005622743
  ME_READ_S: 27292.621679687501
  ME_READ_L: 25974.328125
  ME_WRITE: 25321.63671875
  ME_LARGE: 637
  ME_LATENCY: 69.064801472247652
  ME_THREADED: 27116.173828125
  SUMM_CPU: 3883.9295839131883
  SUMM_ME: 1081.7166527483071
SystemInformation:
  OSName: Ubuntu 24.04.1 LTS
  Kernel: 6.8.0-45-generic
  Device: ""
  Processor: AMD EPYC Processor
  NumSockets: 1
  Manufacturer: AuthenticAMD
  NumCores: 1
  NumLogicals: 2
  CPUFrequency: 0
  Memory: 7747
  MemModuleInfo:
    iNumMemSticks: 1
    DIMM 1:
      manufacturer: QEMU
      modulePartNo: Not Specified
      memType: RAM
      size: 8000
      clkspeed: 0
      moduleVoltage: 0
Checksum: 21B74DA5B7593E3CF723DDB737A10FA8F0A61B66