BaselineInfo:
  WebDBID: -1
  TimeStamp: 20241115092651
Version:
  Major: 11
  Minor: 0
  Build: 1002
  SpecialBuildName: ""
  ptArchitecture: x86_64_linux
Results:
  Results Complete: true
  NumTestProcesses: 2
  CPU_INTEGER_MATH: 9405.7013333333343
  CPU_FLOATINGPOINT_MATH: 5994.8539821870927
  CPU_PRIME: 22.95560017456318
  CPU_SORTING: 5792.2643175535768
  CPU_ENCRYPTION: 2417.4815842245189
  CPU_COMPRESSION: 39028.61000453998
  CPU_SINGLETHREAD: 2865.5651303055324
  CPU_PHYSICS: 482.42207459870258
  CPU_MATRIX_MULT_SSE: 2401.7129272018847
  CPU_mm: 261.16920214234881
  CPU_sse: 1231.4863242440501
  CPU_fma: 3474.2898682004952
  CPU_avx: 2499.3625891611082
  CPU_avx512: 0
  m_CPU_enc_SHA: 3425628834.9873257
  m_CPU_enc_AES: 2261838277.2238741
  m_CPU_enc_ECDSA: 1917272396.7682285
  ME_ALLOC_S: 989.94032962121548
  ME_READ_S: 27227.721093749999
  ME_READ_L: 25745.546875
  ME_WRITE: 24893.07421875
  ME_LARGE: 677
  ME_LATENCY: 79.90388393412367
  ME_THREADED: 26925.9853515625
  SUMM_CPU: 3850.7289676535315
  SUMM_ME: 1073.5180064067056
SystemInformation:
  OSName: Ubuntu 24.04.1 LTS
  Kernel: 6.8.0-45-generic
  Device: ""
  Processor: AMD EPYC Processor
  NumSockets: 1
  Manufacturer: AuthenticAMD
  NumCores: 1
  NumLogicals: 2
  CPUFrequency: 0
  Memory: 7747
  MemModuleInfo:
    iNumMemSticks: 1
    DIMM 1:
      manufacturer: QEMU
      modulePartNo: Not Specified
      memType: RAM
      size: 8000
      clkspeed: 0
      moduleVoltage: 0
Checksum: 76B4DEBC362CD0D6874B9C8912EE51C5751EAFFF