BaselineInfo:
  WebDBID: -1
  TimeStamp: 20241106220949
Version:
  Major: 11
  Minor: 0
  Build: 1002
  SpecialBuildName: ""
  ptArchitecture: x86_64_linux
Results:
  Results Complete: true
  NumTestProcesses: 2
  CPU_INTEGER_MATH: 9409.8430000000008
  CPU_FLOATINGPOINT_MATH: 6001.1121371703948
  CPU_PRIME: 23.93631516864783
  CPU_SORTING: 5800.3187541195293
  CPU_ENCRYPTION: 2420.5244958638878
  CPU_COMPRESSION: 39197.133093747616
  CPU_SINGLETHREAD: 2860.0727910269793
  CPU_PHYSICS: 489.11715924176235
  CPU_MATRIX_MULT_SSE: 2395.9249327474422
  CPU_mm: 261.17501288330607
  CPU_sse: 1228.3391868902399
  CPU_fma: 3468.0332637566944
  CPU_avx: 2491.4023475953927
  CPU_avx512: 0
  m_CPU_enc_SHA: 3432356775.3669319
  m_CPU_enc_AES: 2264062040.8758726
  m_CPU_enc_ECDSA: 1917892865.0821114
  ME_ALLOC_S: 1082.6444552110224
  ME_READ_S: 27038.867382812499
  ME_READ_L: 25897.1953125
  ME_WRITE: 25310.943359375
  ME_LARGE: 641.33333333333337
  ME_LATENCY: 68.756698498492682
  ME_THREADED: 27052.7119140625
  SUMM_CPU: 3862.2115383730948
  SUMM_ME: 1087.0368084803449
SystemInformation:
  OSName: Ubuntu 24.04.1 LTS
  Kernel: 6.8.0-45-generic
  Device: ""
  Processor: AMD EPYC Processor
  NumSockets: 1
  Manufacturer: AuthenticAMD
  NumCores: 1
  NumLogicals: 2
  CPUFrequency: 0
  Memory: 7747
  MemModuleInfo:
    iNumMemSticks: 1
    DIMM 1:
      manufacturer: QEMU
      modulePartNo: Not Specified
      memType: RAM
      size: 8000
      clkspeed: 0
      moduleVoltage: 0
Checksum: 9C211713E603D78EA4E0839BEE605FA4241E6205