---
system-info:
      stress-ng-version: 0.17.08
      run-by: root
      date-yyyy-mm-dd: 2024:08:30
      time-hh-mm-ss: 14:00:42
      epoch-secs: 1725026442
      hostname: sc-runner
      sysname: Linux
      nodename: sc-runner
      release: 6.8.0-1013-azure
      version: '#15-Ubuntu SMP Thu Aug  8 18:40:40 UTC 2024'
      machine: x86_64
      compiler: 'musl-gcc 13.2.1'
      uptime: 340
      totalram: 7266676736
      freeram: 235081728
      sharedram: 42033152
      bufferram: 189726720
      totalswap: 0
      freeswap: 0
      pagesize: 4096
      cpus: 2
      cpus-online: 2
      ticks-per-second: 100

metrics:
    - stressor: cpu
      bogo-ops: 48967
      bogo-ops-per-second-usr-sys-time: 1235.315289
      bogo-ops-per-second-real-time: 2448.330401
      wall-clock-time: 20.000160
      user-time: 39.632289
      system-time: 0.006984
      cpu-usage-per-instance: 99.097389
      max-rss: 3256

...
