BaselineInfo:
  WebDBID: -1
  TimeStamp: 20241108225805
Version:
  Major: 11
  Minor: 0
  Build: 1002
  SpecialBuildName: ""
  ptArchitecture: aarch64_linux
Results:
  Results Complete: true
  NumTestProcesses: 48
  CPU_INTEGER_MATH: 229099.36833333332
  CPU_FLOATINGPOINT_MATH: 227808.87583542973
  CPU_PRIME: 295.88874071140611
  CPU_SORTING: 186634.21672846912
  CPU_ENCRYPTION: 6709.4173957712965
  CPU_COMPRESSION: 253789.07120817492
  CPU_SINGLETHREAD: 1565.1657780947305
  CPU_PHYSICS: 8046.2357914675231
  CPU_MATRIX_MULT_SSE: 39699.062260842293
  CPU_mm: 5205.1871659448861
  CPU_sse: 33297.34631622654
  CPU_fma: 46100.778205458031
  CPU_avx: 0
  CPU_avx512: 0
  m_CPU_enc_SHA: 10161076136.345631
  m_CPU_enc_AES: 3913707333.5538149
  m_CPU_enc_ECDSA: 7031218695.6654024
  ME_ALLOC_S: 31225.559918221043
  ME_READ_S: 19689.488085937501
  ME_READ_L: 19059.08203125
  ME_WRITE: 19703.591796875
  ME_LARGE: 176868.5
  ME_LATENCY: 50.224450913400972
  ME_THREADED: 259265.3603515625
  SUMM_CPU: 28363.011645835013
  SUMM_ME: 3137.5045578376521
SystemInformation:
  OSName: Ubuntu 24.04.1 LTS
  Kernel: 6.8.0-1016-aws
  Device: ""
  Processor: ARM Neoverse-V1 48 Core 0 MHz
  NumSockets: 1
  Manufacturer: ARM
  NumCores: 48
  NumLogicals: 48
  CPUFrequency: 0
  Memory: 189782
Checksum: 62DF549B93652759823CF5AA7F321CE94542BF6D