BaselineInfo:
  WebDBID: -1
  TimeStamp: 20260212213311
Version:
  Major: 11
  Minor: 0
  Build: 1004
  SpecialBuildName: ""
  ptArchitecture: x86_64_linux
Results:
  Results Complete: true
  NumTestProcesses: 4
  CPU_INTEGER_MATH: 33999.131000000001
  CPU_FLOATINGPOINT_MATH: 34129.707794554641
  CPU_PRIME: 128.59753401611783
  CPU_SORTING: 20127.034741970383
  CPU_ENCRYPTION: 7098.6122194189165
  CPU_COMPRESSION: 149761.76386901014
  CPU_SINGLETHREAD: 4258.2947730315127
  CPU_PHYSICS: 2110.8392419302113
  CPU_MATRIX_MULT_SSE: 13472.343714953837
  CPU_mm: 1644.2328976516455
  CPU_sse: 4939.7914131305661
  CPU_fma: 19494.57528248832
  CPU_avx: 9951.730406474202
  CPU_avx512: 19503.277757722259
  m_CPU_enc_SHA: 9837993572.1576862
  m_CPU_enc_AES: 6152467239.7011938
  m_CPU_enc_ECDSA: 6339842407.9093504
  ME_ALLOC_S: 5886.4929321755826
  ME_READ_S: 37807.319921875001
  ME_READ_L: 35804.69140625
  ME_WRITE: 35700.78125
  ME_LARGE: 3641.8333333333335
  ME_LATENCY: 87.755589738987638
  ME_THREADED: 100376.40625
  SUMM_CPU: 15118.974620878882
  SUMM_ME: 2201.6222320557154
SystemInformation:
  OSName: Ubuntu 24.04.3 LTS
  Kernel: 6.14.0-1018-aws
  Device: ""
  Processor: AMD EPYC 9R05
  NumSockets: 1
  Manufacturer: AuthenticAMD
  NumCores: 4
  NumLogicals: 4
  CPUFrequency: 0
  CPUMaxFrequency: 0
  Memory: 15662
  CPUInfo:
    number: 1
    Family: 15
    Model: 2
    stepping: 1
    features: 395049983
    manufacture: AuthenticAMD
    typestring: AMD EPYC 9R05
    iCoresPerPackage: 4
    iThreadsPerPackage: 1
    featuresEx:
      - 395049983
      - 4277809667
      - 802421759
    bHybrid: false
    nPCore: 0
    nLogicalsPerPCore: 0
    nECore: 0
    nLogicalsPerECore: 0
  MemModuleInfo:
    iNumMemSticks: 1
    DIMM 1:
      manufacturer: Not Specified
      modulePartNo: Not Specified
      memType: DDR5
      size: 16
      clkspeed: 3200
      moduleVoltage: 0
Checksum: 0238428B20F8785C9F2012347C812E8399935AB2