---
system-info:
      stress-ng-version: 0.17.08
      run-by: root
      date-yyyy-mm-dd: 2024:06:06
      time-hh-mm-ss: 05:31:46
      epoch-secs: 1717651906
      hostname: 474780e3d96a
      sysname: Linux
      nodename: 474780e3d96a
      release: 6.8.0-1008-aws
      version: '#8-Ubuntu SMP Sat Apr 20 02:43:14 UTC 2024'
      machine: aarch64
      compiler: 'musl-gcc 13.2.1'
      uptime: 128
      totalram: 132642865152
      freeram: 128165388288
      sharedram: 34951168
      bufferram: 80134144
      totalswap: 0
      freeswap: 0
      pagesize: 4096
      cpus: 64
      cpus-online: 64
      ticks-per-second: 100

metrics:
    - stressor: cpu
      bogo-ops: 2940
      bogo-ops-per-second-usr-sys-time: 293.107780
      bogo-ops-per-second-real-time: 293.112564
      wall-clock-time: 10.030276
      user-time: 10.029441
      system-time: 0.000999
      cpu-usage-per-instance: 100.001632
      max-rss: 3584

...
