---
system-info:
      stress-ng-version: 0.17.08
      run-by: root
      date-yyyy-mm-dd: 2024:06:12
      time-hh-mm-ss: 22:40:38
      epoch-secs: 1718232038
      hostname: 71e1c0b82e04
      sysname: Linux
      nodename: 71e1c0b82e04
      release: 6.8.0-1008-aws
      version: '#8-Ubuntu SMP Sat Apr 20 02:43:14 UTC 2024'
      machine: aarch64
      compiler: 'musl-gcc 13.2.1'
      uptime: 154
      totalram: 132642865152
      freeram: 127906701312
      sharedram: 34951168
      bufferram: 111771648
      totalswap: 0
      freeswap: 0
      pagesize: 4096
      cpus: 64
      cpus-online: 64
      ticks-per-second: 100

metrics:
    - stressor: cpu
      bogo-ops: 30390
      bogo-ops-per-second-usr-sys-time: 1519.452745
      bogo-ops-per-second-real-time: 1519.491704
      wall-clock-time: 20.000109
      user-time: 20.000622
      system-time: 0.000000
      cpu-usage-per-instance: 100.002564
      max-rss: 512

...
