BaselineInfo:
  WebDBID: -1
  TimeStamp: 20241107210301
Version:
  Major: 11
  Minor: 0
  Build: 1002
  SpecialBuildName: ""
  ptArchitecture: aarch64_linux
Results:
  Results Complete: true
  NumTestProcesses: 16
  CPU_INTEGER_MATH: 75010.55333333333
  CPU_FLOATINGPOINT_MATH: 57153.949958088298
  CPU_PRIME: 116.90782455897677
  CPU_SORTING: 54304.893790343071
  CPU_ENCRYPTION: 2592.3734509761507
  CPU_COMPRESSION: 90221.931587602347
  CPU_SINGLETHREAD: 1330.8495736430054
  CPU_PHYSICS: 1875.2935254799295
  CPU_MATRIX_MULT_SSE: 11874.235172401135
  CPU_mm: 1987.0084950320859
  CPU_sse: 9940.2415254998086
  CPU_fma: 13808.228819302461
  CPU_avx: 0
  CPU_avx512: 0
  m_CPU_enc_SHA: 3857596156.0594411
  m_CPU_enc_AES: 1794322830.7837739
  m_CPU_enc_ECDSA: 2502982764.3490906
  ME_ALLOC_S: 10831.809335429549
  ME_READ_S: 11375.44677734375
  ME_READ_L: 8878.4423828125
  ME_WRITE: 14995.591796875
  ME_LARGE: 21588.333333333332
  ME_LATENCY: 69.668117692709359
  ME_THREADED: 117452.076171875
  SUMM_CPU: 11594.599774793196
  SUMM_ME: 1907.7251695693383
SystemInformation:
  OSName: Ubuntu 24.04.1 LTS
  Kernel: 6.8.0-1017-azure
  Device: ""
  Processor: ARM Neoverse-N1 16 Core 0 MHz
  NumSockets: 1
  Manufacturer: ARM
  NumCores: 16
  NumLogicals: 16
  CPUFrequency: 0
  Memory: 32028
Checksum: 81144B14EC30ECEFF716F32BB5A45DDF97651B8A