BaselineInfo:
  WebDBID: -1
  TimeStamp: 20241111092119
Version:
  Major: 11
  Minor: 0
  Build: 1002
  SpecialBuildName: ""
  ptArchitecture: aarch64_linux
Results:
  Results Complete: true
  NumTestProcesses: 4
  CPU_INTEGER_MATH: 25165.145333333334
  CPU_FLOATINGPOINT_MATH: 21134.286180688101
  CPU_PRIME: 55.707953138178731
  CPU_SORTING: 20509.460483363204
  CPU_ENCRYPTION: 758.61434360882367
  CPU_COMPRESSION: 27380.055165231006
  CPU_SINGLETHREAD: 1880.1483923433509
  CPU_PHYSICS: 1304.7567542377649
  CPU_MATRIX_MULT_SSE: 3570.6821235168627
  CPU_mm: 568.58382764694909
  CPU_sse: 3007.4490108123473
  CPU_fma: 4133.915236221379
  CPU_avx: 0
  CPU_avx512: 0
  m_CPU_enc_SHA: 1116977846.9479516
  m_CPU_enc_AES: 507763386.26718807
  m_CPU_enc_ECDSA: 761653148.67675805
  ME_ALLOC_S: 4874.0948288535628
  ME_READ_S: 25629.79296875
  ME_READ_L: 18088.01171875
  ME_WRITE: 25154.7265625
  ME_LARGE: 5937
  ME_LATENCY: 55.369331924408449
  ME_THREADED: 68652.626953125
  SUMM_CPU: 4019.3794611256294
  SUMM_ME: 2607.2834754690116
SystemInformation:
  OSName: Ubuntu 24.04.1 LTS
  Kernel: 6.8.0-1017-azure
  Device: ""
  Processor: ARM Neoverse-N2 4 Core 0 MHz
  NumSockets: 1
  Manufacturer: ARM
  NumCores: 4
  NumLogicals: 4
  CPUFrequency: 0
  Memory: 15958
Checksum: BDC69AF91EDF4665431F832379687B53C1C0B2F0