BaselineInfo:
  WebDBID: -1
  TimeStamp: 20241115165542
Version:
  Major: 11
  Minor: 0
  Build: 1002
  SpecialBuildName: ""
  ptArchitecture: aarch64_linux
Results:
  Results Complete: true
  NumTestProcesses: 4
  CPU_INTEGER_MATH: 25182.68233333333
  CPU_FLOATINGPOINT_MATH: 21158.368653487305
  CPU_PRIME: 57.150343122524369
  CPU_SORTING: 20614.945722549557
  CPU_ENCRYPTION: 750.05727808998984
  CPU_COMPRESSION: 27383.7485759755
  CPU_SINGLETHREAD: 1884.3223810598633
  CPU_PHYSICS: 1311.9827124045335
  CPU_MATRIX_MULT_SSE: 3573.2116229591593
  CPU_mm: 577.33592472586702
  CPU_sse: 3011.7614150999743
  CPU_fma: 4134.6618308183442
  CPU_avx: 0
  CPU_avx512: 0
  m_CPU_enc_SHA: 1116656186.2932806
  m_CPU_enc_AES: 490256618.16896027
  m_CPU_enc_ECDSA: 752563376.82922649
  ME_ALLOC_S: 5054.3600016803121
  ME_READ_S: 25617.584570312501
  ME_READ_L: 18810.83984375
  ME_WRITE: 25718.7734375
  ME_LARGE: 6935.25
  ME_LATENCY: 52.192018114190624
  ME_THREADED: 73621.57421875
  SUMM_CPU: 4004.5029845960507
  SUMM_ME: 2757.463744823895
SystemInformation:
  OSName: Ubuntu 24.04.1 LTS
  Kernel: 6.8.0-1017-azure
  Device: ""
  Processor: ARM Neoverse-N2 4 Core 0 MHz
  NumSockets: 1
  Manufacturer: ARM
  NumCores: 4
  NumLogicals: 4
  CPUFrequency: 0
  Memory: 15958
Checksum: 1AEFF68CAF4284DDEFEFB4AE0AC0EB97CD17B1A7