BaselineInfo:
  WebDBID: -1
  TimeStamp: 20241115033954
Version:
  Major: 11
  Minor: 0
  Build: 1002
  SpecialBuildName: ""
  ptArchitecture: aarch64_linux
Results:
  Results Complete: true
  NumTestProcesses: 4
  CPU_INTEGER_MATH: 25178.256666666668
  CPU_FLOATINGPOINT_MATH: 21072.615665802681
  CPU_PRIME: 54.391902775211321
  CPU_SORTING: 20598.667837514018
  CPU_ENCRYPTION: 747.98757346613456
  CPU_COMPRESSION: 26785.593943049567
  CPU_SINGLETHREAD: 1880.7723340389002
  CPU_PHYSICS: 1301.3183611734303
  CPU_MATRIX_MULT_SSE: 3571.9185045885411
  CPU_mm: 575.79144066559502
  CPU_sse: 3009.8390625638799
  CPU_fma: 4133.9979466132027
  CPU_avx: 0
  CPU_avx512: 0
  m_CPU_enc_SHA: 1105299681.5813529
  m_CPU_enc_AES: 486637537.99065661
  m_CPU_enc_ECDSA: 761028233.9324671
  ME_ALLOC_S: 4915.4125763174743
  ME_READ_S: 25353.659765625001
  ME_READ_L: 18623.9765625
  ME_WRITE: 25714.197265625
  ME_LARGE: 6936.75
  ME_LATENCY: 54.474664398404023
  ME_THREADED: 73601.0625
  SUMM_CPU: 3970.1736122188913
  SUMM_ME: 2696.221602354045
SystemInformation:
  OSName: Ubuntu 24.04.1 LTS
  Kernel: 6.8.0-1017-azure
  Device: ""
  Processor: ARM Neoverse-N2 4 Core 0 MHz
  NumSockets: 1
  Manufacturer: ARM
  NumCores: 4
  NumLogicals: 4
  CPUFrequency: 0
  Memory: 15958
Checksum: 99C39F32AA04B43A4066C68F9E035AA75FFB91AC