BaselineInfo:
  WebDBID: -1
  TimeStamp: 20241109135209
Version:
  Major: 11
  Minor: 0
  Build: 1002
  SpecialBuildName: ""
  ptArchitecture: x86_64_linux
Results:
  Results Complete: true
  NumTestProcesses: 64
  CPU_INTEGER_MATH: 277391.24900000001
  CPU_FLOATINGPOINT_MATH: 197402.15516583694
  CPU_PRIME: 399.72736579263824
  CPU_SORTING: 134098.59972081601
  CPU_ENCRYPTION: 61194.631387147463
  CPU_COMPRESSION: 987116.93590615527
  CPU_SINGLETHREAD: 3022.9783537104436
  CPU_PHYSICS: 7800.0118321054524
  CPU_MATRIX_MULT_SSE: 65468.699791069186
  CPU_mm: 7597.5941971355942
  CPU_sse: 33003.651423606039
  CPU_fma: 74032.541062192962
  CPU_avx: 59020.997791009439
  CPU_avx512: 95817.608887468319
  m_CPU_enc_SHA: 64606090640.376518
  m_CPU_enc_AES: 83876800914.34993
  m_CPU_enc_ECDSA: 44018773849.502213
  ME_ALLOC_S: 29417.207927513537
  ME_READ_S: 27580.670312499999
  ME_READ_L: 9477.779296875
  ME_WRITE: 13265.1630859375
  ME_LARGE: 241627.33333333334
  ME_LATENCY: 82.544729752172742
  ME_THREADED: 236924.7509765625
  SUMM_CPU: 69832.274586413885
  SUMM_ME: 2252.1851692140467
SystemInformation:
  OSName: Ubuntu 24.04.1 LTS
  Kernel: 6.8.0-1016-aws
  Device: ""
  Processor: Intel Xeon Platinum 8488C
  NumSockets: 1
  Manufacturer: GenuineIntel
  NumCores: 32
  NumLogicals: 64
  CPUFrequency: 0
  Memory: 253655
  MemModuleInfo:
    iNumMemSticks: 1
    DIMM 1:
      manufacturer: Not Specified
      modulePartNo: Not Specified
      memType: DDR5
      size: 256
      clkspeed: 2400
      moduleVoltage: 0
Checksum: 5848268AC1151C98D5A9DECCE316DBDDCC014387