---
system-info:
      stress-ng-version: 0.17.08
      run-by: root
      date-yyyy-mm-dd: 2024:09:05
      time-hh-mm-ss: 08:00:39
      epoch-secs: 1725523239
      hostname: sc-runner
      sysname: Linux
      nodename: sc-runner
      release: 6.8.0-1013-azure
      version: '#15-Ubuntu SMP Thu Aug  8 18:40:40 UTC 2024'
      machine: x86_64
      compiler: 'musl-gcc 13.2.1'
      uptime: 407
      totalram: 67419561984
      freeram: 58636337152
      sharedram: 55001088
      bufferram: 217464832
      totalswap: 0
      freeswap: 0
      pagesize: 4096
      cpus: 16
      cpus-online: 16
      ticks-per-second: 100

metrics:
    - stressor: cpu
      bogo-ops: 310434
      bogo-ops-per-second-usr-sys-time: 971.184520
      bogo-ops-per-second-real-time: 15521.632058
      wall-clock-time: 20.000088
      user-time: 319.612726
      system-time: 0.031990
      cpu-usage-per-instance: 99.888537
      max-rss: 3152

...
