---
system-info:
      stress-ng-version: 0.17.08
      run-by: root
      date-yyyy-mm-dd: 2024:09:16
      time-hh-mm-ss: 17:34:26
      epoch-secs: 1726508066
      hostname: sc-runner
      sysname: Linux
      nodename: sc-runner
      release: 6.8.0-1014-azure
      version: '#16-Ubuntu SMP Thu Aug 15 20:04:41 UTC 2024'
      machine: x86_64
      compiler: 'musl-gcc 13.2.1'
      uptime: 277
      totalram: 67419566080
      freeram: 57107808256
      sharedram: 55001088
      bufferram: 229662720
      totalswap: 0
      freeswap: 0
      pagesize: 4096
      cpus: 16
      cpus-online: 16
      ticks-per-second: 100

metrics:
    - stressor: cpu
      bogo-ops: 310294
      bogo-ops-per-second-usr-sys-time: 970.628805
      bogo-ops-per-second-real-time: 15514.652954
      wall-clock-time: 20.000061
      user-time: 319.656494
      system-time: 0.026992
      cpu-usage-per-instance: 99.900786
      max-rss: 3144

...
