BaselineInfo:
  WebDBID: -1
  TimeStamp: 20241108130328
Version:
  Major: 11
  Minor: 0
  Build: 1002
  SpecialBuildName: ""
  ptArchitecture: x86_64_linux
Results:
  Results Complete: true
  NumTestProcesses: 16
  CPU_INTEGER_MATH: 67073.155666666658
  CPU_FLOATINGPOINT_MATH: 34288.781551944383
  CPU_PRIME: 129.45987334478934
  CPU_SORTING: 34648.151059971533
  CPU_ENCRYPTION: 14547.8046017456
  CPU_COMPRESSION: 245494.49937889149
  CPU_SINGLETHREAD: 2364.7187018537488
  CPU_PHYSICS: 2304.9428227926519
  CPU_MATRIX_MULT_SSE: 14075.827761843999
  CPU_mm: 1445.2215741400414
  CPU_sse: 6364.5284118822547
  CPU_fma: 17488.326995324573
  CPU_avx: 12906.142306331691
  CPU_avx512: 19544.313333837472
  m_CPU_enc_SHA: 14699243838.473259
  m_CPU_enc_AES: 22116806325.526058
  m_CPU_enc_ECDSA: 8947386110.2406597
  ME_ALLOC_S: 7761.731297447257
  ME_READ_S: 24274.443749999999
  ME_READ_L: 11798.04296875
  ME_WRITE: 10650.9833984375
  ME_LARGE: 52895.083333333336
  ME_LATENCY: 60.853373818066331
  ME_THREADED: 90050.7822265625
  SUMM_CPU: 21026.461657348569
  SUMM_ME: 2505.036939844365
SystemInformation:
  OSName: Ubuntu 24.04.1 LTS
  Kernel: 6.8.0-1016-aws
  Device: ""
  Processor: Intel Xeon Platinum 8375C CPU @ 2.90GHz
  NumSockets: 1
  Manufacturer: GenuineIntel
  NumCores: 8
  NumLogicals: 16
  CPUFrequency: 0
  Memory: 63258
  MemModuleInfo:
    iNumMemSticks: 1
    DIMM 1:
      manufacturer: Not Specified
      modulePartNo: Not Specified
      memType: DDR4
      size: 64
      clkspeed: 1600
      moduleVoltage: 0
Checksum: F9DFED7E165DA1C827BDFB39C82F7B90203C5014