BaselineInfo:
  WebDBID: -1
  TimeStamp: 20241110153425
Version:
  Major: 11
  Minor: 0
  Build: 1002
  SpecialBuildName: ""
  ptArchitecture: x86_64_linux
Results:
  Results Complete: true
  NumTestProcesses: 128
  CPU_INTEGER_MATH: 536561.55500000005
  CPU_FLOATINGPOINT_MATH: 274207.41589979583
  CPU_PRIME: 535.58503493448688
  CPU_SORTING: 248349.87787776405
  CPU_ENCRYPTION: 112529.73431060664
  CPU_COMPRESSION: 1891519.6049890667
  CPU_SINGLETHREAD: 2424.8446521743954
  CPU_PHYSICS: 8533.2040894872425
  CPU_MATRIX_MULT_SSE: 108416.702553946
  CPU_mm: 11249.031040949694
  CPU_sse: 48228.838520559228
  CPU_fma: 127531.10481954443
  CPU_avx: 98628.305045902991
  CPU_avx512: 159278.56182977752
  m_CPU_enc_SHA: 115426082960.08659
  m_CPU_enc_AES: 168383115756.84628
  m_CPU_enc_ECDSA: 70178737336.503113
  ME_ALLOC_S: 29749.189992435044
  ME_READ_S: 23498.924414062501
  ME_READ_L: 11095.244140625
  ME_WRITE: 10103.23046875
  ME_LARGE: 1001434.3333333334
  ME_LATENCY: 59.448660363598172
  ME_THREADED: 318434.26501464844
  SUMM_CPU: 87085.722673150391
  SUMM_ME: 2601.6820328090789
SystemInformation:
  OSName: Ubuntu 24.04.1 LTS
  Kernel: 6.8.0-1016-aws
  Device: ""
  Processor: Intel Xeon Platinum 8375C CPU @ 2.90GHz
  NumSockets: 2
  Manufacturer: GenuineIntel
  NumCores: 64
  NumLogicals: 128
  CPUFrequency: 0
  Memory: 1015774
  MemModuleInfo:
    iNumMemSticks: 2
    DIMM 1:
      manufacturer: Not Specified
      modulePartNo: Not Specified
      memType: DDR4
      size: 512
      clkspeed: 1600
      moduleVoltage: 0
    DIMM 2:
      manufacturer: Not Specified
      modulePartNo: Not Specified
      memType: DDR4
      size: 512
      clkspeed: 1600
      moduleVoltage: 0
Checksum: EBB41F518F00FF9BBCAF3688A4098F628D6FA3E7