---
system-info:
      stress-ng-version: 0.17.08
      run-by: root
      date-yyyy-mm-dd: 2024:06:14
      time-hh-mm-ss: 04:24:45
      epoch-secs: 1718339085
      hostname: e0577eab4190
      sysname: Linux
      nodename: e0577eab4190
      release: 6.8.0-1008-aws
      version: '#8-Ubuntu SMP Sat Apr 20 00:46:25 UTC 2024'
      machine: x86_64
      compiler: 'musl-gcc 13.2.1'
      uptime: 142
      totalram: 8112062464
      freeram: 3834044416
      sharedram: 11624448
      bufferram: 108314624
      totalswap: 0
      freeswap: 0
      pagesize: 4096
      cpus: 4
      cpus-online: 4
      ticks-per-second: 100

metrics:
    - stressor: cpu
      bogo-ops: 59790
      bogo-ops-per-second-usr-sys-time: 2989.625265
      bogo-ops-per-second-real-time: 2989.493086
      wall-clock-time: 20.000046
      user-time: 19.999162
      system-time: 0.000000
      cpu-usage-per-instance: 99.995579
      max-rss: 1104

...
