---
system-info:
      stress-ng-version: 0.17.08
      run-by: root
      date-yyyy-mm-dd: 2024:06:14
      time-hh-mm-ss: 11:55:51
      epoch-secs: 1718366151
      hostname: cdd973f8542c
      sysname: Linux
      nodename: cdd973f8542c
      release: 6.8.0-1008-aws
      version: '#8-Ubuntu SMP Sat Apr 20 00:46:25 UTC 2024'
      machine: x86_64
      compiler: 'musl-gcc 13.2.1'
      uptime: 147
      totalram: 133622259712
      freeram: 129097220096
      sharedram: 40927232
      bufferram: 108527616
      totalswap: 0
      freeswap: 0
      pagesize: 4096
      cpus: 16
      cpus-online: 16
      ticks-per-second: 100

metrics:
    - stressor: cpu
      bogo-ops: 26521
      bogo-ops-per-second-usr-sys-time: 1326.039591
      bogo-ops-per-second-real-time: 1326.043171
      wall-clock-time: 20.000103
      user-time: 20.000157
      system-time: 0.000000
      cpu-usage-per-instance: 100.000270
      max-rss: 1104

...
