BaselineInfo:
  WebDBID: -1
  TimeStamp: 20250526162723
Version:
  Major: 11
  Minor: 0
  Build: 1002
  SpecialBuildName: ""
  ptArchitecture: x86_64_linux
Results:
  Results Complete: true
  NumTestProcesses: 4
  CPU_INTEGER_MATH: 21264.216
  CPU_FLOATINGPOINT_MATH: 15073.29420590786
  CPU_PRIME: 42.953686742533414
  CPU_SORTING: 10667.176340729144
  CPU_ENCRYPTION: 4670.2628266232496
  CPU_COMPRESSION: 77979.036067062611
  CPU_SINGLETHREAD: 3240.6203474779309
  CPU_PHYSICS: 1031.5656113605446
  CPU_MATRIX_MULT_SSE: 6073.6247645828553
  CPU_mm: 601.32006030718594
  CPU_sse: 2594.8700855434245
  CPU_fma: 7108.3355146354224
  CPU_avx: 5362.8199383078245
  CPU_avx512: 9228.4735198447488
  m_CPU_enc_SHA: 4928488673.6865864
  m_CPU_enc_AES: 6422153095.3223619
  m_CPU_enc_ECDSA: 3340734772.0589528
  ME_ALLOC_S: 3080.1455118034846
  ME_READ_S: 29023.391992187499
  ME_READ_L: 10263.8203125
  ME_WRITE: 9421.0302734375
  ME_LARGE: 74951
  ME_LATENCY: 62.016738017983272
  ME_THREADED: 31389.91455078125
  SUMM_CPU: 8145.949835710614
  SUMM_ME: 2273.2102085159049
SystemInformation:
  OSName: Ubuntu 24.04.2 LTS
  Kernel: 6.11.0-1015-azure
  Device: ""
  Processor: INTEL XEON PLATINUM 8573C
  NumSockets: 1
  Manufacturer: GenuineIntel
  NumCores: 2
  NumLogicals: 4
  CPUFrequency: 2300
  Memory: 84466
  MemModuleInfo:
    iNumMemSticks: 3
    DIMM 1:
      manufacturer: Microsoft Corporation
      modulePartNo: None
      memType: Unknown
      size: 1
      clkspeed: 0
      moduleVoltage: 0
    DIMM 2:
      manufacturer: Microsoft Corporation
      modulePartNo: None
      memType: Unknown
      size: 59
      clkspeed: 0
      moduleVoltage: 0
    DIMM 3:
      manufacturer: Microsoft Corporation
      modulePartNo: None
      memType: Unknown
      size: 24
      clkspeed: 0
      moduleVoltage: 0
Checksum: CB134160412843A697236A6B8FBD5DC34FFBC772