BaselineInfo:
  WebDBID: -1
  TimeStamp: 20260404052129
Version:
  Major: 11
  Minor: 0
  Build: 1004
  SpecialBuildName: ""
  ptArchitecture: x86_64_linux
Results:
  Results Complete: true
  NumTestProcesses: 12
  CPU_INTEGER_MATH: 50210.395333333341
  CPU_FLOATINGPOINT_MATH: 25702.671367521427
  CPU_PRIME: 106.51421418855995
  CPU_SORTING: 26183.843856009971
  CPU_ENCRYPTION: 6337.9546304881342
  CPU_COMPRESSION: 185099.24123683257
  CPU_SINGLETHREAD: 2354.9387165165444
  CPU_PHYSICS: 1856.9154485656261
  CPU_MATRIX_MULT_SSE: 10483.981235903049
  CPU_mm: 1083.0955196299474
  CPU_sse: 4763.0780988703964
  CPU_fma: 13073.806288002736
  CPU_avx: 9667.7762889328988
  CPU_avx512: 14431.264267806162
  m_CPU_enc_SHA: 1803280849.0291712
  m_CPU_enc_AES: 16493594479.825827
  m_CPU_enc_ECDSA: 1640606015.0011849
  ME_ALLOC_S: 6017.6118364677677
  ME_READ_S: 23918.871679687501
  ME_READ_L: 11647.77734375
  ME_WRITE: 11025.7392578125
  ME_LARGE: 5761.166666666667
  ME_LATENCY: 52.386700423359493
  ME_THREADED: 75957.3076171875
  SUMM_CPU: 15105.881480540598
  SUMM_ME: 2331.182781028831
SystemInformation:
  OSName: Ubuntu 24.04.4 LTS
  Kernel: 6.8.0-106-generic
  Device: ""
  Processor: Intel(R) Xeon(R) Platinum
  NumSockets: 1
  Manufacturer: GenuineIntel
  NumCores: 6
  NumLogicals: 12
  CPUFrequency: 0
  CPUMaxFrequency: 0
  Memory: 11161
  CPUInfo:
    number: 1
    Family: 6
    Model: 5
    stepping: 4
    features: 529267711
    manufacture: GenuineIntel
    typestring: Intel(R) Xeon(R) Platinum
    iCoresPerPackage: 6
    iThreadsPerPackage: 2
    featuresEx:
      - 529267711
      - 4294586883
      - 739248128
    bHybrid: false
    nPCore: 0
    nLogicalsPerPCore: 0
    nECore: 0
    nLogicalsPerECore: 0
  MemModuleInfo:
    iNumMemSticks: 1
    DIMM 1:
      manufacturer: Alibaba Cloud
      modulePartNo: Not Specified
      memType: RAM
      size: 12
      clkspeed: 0
      moduleVoltage: 0
Checksum: 586A1EA924FB45B24629D80A2C3792E2E9F2677B