BaselineInfo:
  WebDBID: -1
  TimeStamp: 20260621083317
Version:
  Major: 11
  Minor: 0
  Build: 1004
  SpecialBuildName: ""
  ptArchitecture: x86_64_linux
Results:
  Results Complete: true
  NumTestProcesses: 128
  CPU_INTEGER_MATH: 788456.13599999982
  CPU_FLOATINGPOINT_MATH: 464427.89867289149
  CPU_PRIME: 1086.0457693105338
  CPU_SORTING: 314180.00924942695
  CPU_ENCRYPTION: 150229.34583966903
  CPU_COMPRESSION: 2522780.1453449712
  CPU_SINGLETHREAD: 3790.6883419531046
  CPU_PHYSICS: 19916.206794232312
  CPU_MATRIX_MULT_SSE: 174575.42879587336
  CPU_mm: 18027.502807573106
  CPU_sse: 68457.172242425309
  CPU_fma: 189779.9082065876
  CPU_avx: 185609.49156138953
  CPU_avx512: 254455.1431730912
  m_CPU_enc_SHA: 193491659952.2937
  m_CPU_enc_AES: 154696334469.82227
  m_CPU_enc_ECDSA: 124392665207.41434
  ME_ALLOC_S: 39574.203701703242
  ME_READ_S: 34106.738671874999
  ME_READ_L: 30453.982421875
  ME_WRITE: 30468.53125
  ME_LARGE: 503589.83333333331
  ME_LATENCY: 80.652926550127191
  ME_THREADED: 466465.33422851562
  SUMM_CPU: 134134.91683711167
  SUMM_ME: 2940.4174290189517
SystemInformation:
  OSName: Ubuntu 24.04.4 LTS
  Kernel: 6.17.0-1018-azure
  Device: ""
  Processor: "AMD EPYC 9V45 96-Core Processor                "
  NumSockets: 1
  Manufacturer: AuthenticAMD
  NumCores: 64
  NumLogicals: 128
  CPUFrequency: 0
  CPUMaxFrequency: 0
  Memory: 515935
  CPUInfo:
    number: 1
    Family: 15
    Model: 2
    stepping: 1
    features: 395049983
    manufacture: AuthenticAMD
    typestring: "AMD EPYC 9V45 96-Core Processor                "
    iCoresPerPackage: 64
    iThreadsPerPackage: 2
    featuresEx:
      - 395049983
      - 4277809667
      - 802421759
    bHybrid: false
    nPCore: 0
    nLogicalsPerPCore: 0
    nECore: 0
    nLogicalsPerECore: 0
  MemModuleInfo:
    iNumMemSticks: 4
    DIMM 1:
      manufacturer: Microsoft Corporation
      modulePartNo: None
      memType: Unknown
      size: 1
      clkspeed: 0
      moduleVoltage: 0
    DIMM 2:
      manufacturer: Microsoft Corporation
      modulePartNo: None
      memType: Unknown
      size: 59
      clkspeed: 0
      moduleVoltage: 0
    DIMM 3:
      manufacturer: Microsoft Corporation
      modulePartNo: None
      memType: Unknown
      size: 196
      clkspeed: 0
      moduleVoltage: 0
    DIMM 4:
      manufacturer: Microsoft Corporation
      modulePartNo: None
      memType: Unknown
      size: 256
      clkspeed: 0
      moduleVoltage: 0
Checksum: DA5F966D0AA86054EC94901EDA7AD2C0BF724BBA