BaselineInfo:
  WebDBID: -1
  TimeStamp: 20241109191801
Version:
  Major: 11
  Minor: 0
  Build: 1002
  SpecialBuildName: ""
  ptArchitecture: aarch64_linux
Results:
  Results Complete: true
  NumTestProcesses: 48
  CPU_INTEGER_MATH: 189368.59666666665
  CPU_FLOATINGPOINT_MATH: 144147.36729554448
  CPU_PRIME: 226.81899580109669
  CPU_SORTING: 133965.59852627563
  CPU_ENCRYPTION: 6516.5231256688103
  CPU_COMPRESSION: 228758.57667025412
  CPU_SINGLETHREAD: 1104.122802600127
  CPU_PHYSICS: 3623.3455673015255
  CPU_MATRIX_MULT_SSE: 29844.374252457474
  CPU_mm: 5009.725583649707
  CPU_sse: 24865.894277288404
  CPU_fma: 34822.854227626536
  CPU_avx: 0
  CPU_avx512: 0
  m_CPU_enc_SHA: 9661929422.1588116
  m_CPU_enc_AES: 4523011426.1829529
  m_CPU_enc_ECDSA: 6314268410.7221327
  ME_ALLOC_S: 20306.361842446771
  ME_READ_S: 9484.9424804687496
  ME_READ_L: 9175.4580078125
  ME_WRITE: 12568.79296875
  ME_LARGE: 751787.58333333337
  ME_LATENCY: 74.075444731272341
  ME_THREADED: 161647.24658203125
  SUMM_CPU: 23234.337103566781
  SUMM_ME: 1807.5565434676464
SystemInformation:
  OSName: Ubuntu 24.04.1 LTS
  Kernel: 6.8.0-1016-aws
  Device: ""
  Processor: ARM Neoverse-N1 48 Core 0 MHz
  NumSockets: 1
  Manufacturer: ARM
  NumCores: 48
  NumLogicals: 48
  CPUFrequency: 0
  Memory: 764517
Checksum: CFA623618A9287A4BF9ED9F39346671EEBFAE50F