---
system-info:
      stress-ng-version: 0.17.08
      run-by: root
      date-yyyy-mm-dd: 2024:07:02
      time-hh-mm-ss: 22:32:08
      epoch-secs: 1719959528
      hostname: n2-standard-48-b4abfc7
      sysname: Linux
      nodename: n2-standard-48-b4abfc7
      release: 6.8.0-1009-gcp
      version: '#10-Ubuntu SMP Wed Jun 12 18:52:23 UTC 2024'
      machine: x86_64
      compiler: 'musl-gcc 13.2.1'
      uptime: 182
      totalram: 202799947776
      freeram: 196778983424
      sharedram: 70787072
      bufferram: 130326528
      totalswap: 0
      freeswap: 0
      pagesize: 4096
      cpus: 48
      cpus-online: 48
      ticks-per-second: 100

metrics:
    - stressor: cpu
      bogo-ops: 28153
      bogo-ops-per-second-usr-sys-time: 1407.803662
      bogo-ops-per-second-real-time: 1407.643086
      wall-clock-time: 20.000098
      user-time: 19.997817
      system-time: 0.000000
      cpu-usage-per-instance: 99.988594
      max-rss: 1152

...
