BaselineInfo:
  WebDBID: -1
  TimeStamp: 20260621081452
Version:
  Major: 11
  Minor: 0
  Build: 1004
  SpecialBuildName: ""
  ptArchitecture: x86_64_linux
Results:
  Results Complete: true
  NumTestProcesses: 16
  CPU_INTEGER_MATH: 121930.64300000003
  CPU_FLOATINGPOINT_MATH: 121915.98520565468
  CPU_PRIME: 400.33462533307284
  CPU_SORTING: 65324.111668952988
  CPU_ENCRYPTION: 24949.897561287096
  CPU_COMPRESSION: 483298.79287109413
  CPU_SINGLETHREAD: 3786.6706691209051
  CPU_PHYSICS: 5472.162462459266
  CPU_MATRIX_MULT_SSE: 42771.114052357341
  CPU_mm: 5051.480617227372
  CPU_sse: 15727.372292117392
  CPU_fma: 58478.093612252655
  CPU_avx: 32128.596208930237
  CPU_avx512: 64750.394096129101
  m_CPU_enc_SHA: 35193286196.834778
  m_CPU_enc_AES: 22011892533.938698
  m_CPU_enc_ECDSA: 21280412624.899067
  ME_ALLOC_S: 20026.847083602006
  ME_READ_S: 34091.571484375003
  ME_READ_L: 30694.318359375
  ME_WRITE: 30713.8828125
  ME_LARGE: 506774.25
  ME_LATENCY: 77.432251233034989
  ME_THREADED: 119050.1689453125
  SUMM_CPU: 44662.432522946576
  SUMM_ME: 2951.9481024140987
SystemInformation:
  OSName: Ubuntu 24.04.4 LTS
  Kernel: 6.17.0-1018-azure
  Device: ""
  Processor: "AMD EPYC 9V45 96-Core Processor                "
  NumSockets: 1
  Manufacturer: AuthenticAMD
  NumCores: 16
  NumLogicals: 16
  CPUFrequency: 0
  CPUMaxFrequency: 0
  Memory: 515785
  CPUInfo:
    number: 1
    Family: 15
    Model: 2
    stepping: 1
    features: 395049983
    manufacture: AuthenticAMD
    typestring: "AMD EPYC 9V45 96-Core Processor                "
    iCoresPerPackage: 16
    iThreadsPerPackage: 1
    featuresEx:
      - 395049983
      - 4277809667
      - 802421759
    bHybrid: false
    nPCore: 0
    nLogicalsPerPCore: 0
    nECore: 0
    nLogicalsPerECore: 0
  MemModuleInfo:
    iNumMemSticks: 3
    DIMM 1:
      manufacturer: Microsoft Corporation
      modulePartNo: None
      memType: Unknown
      size: 1
      clkspeed: 0
      moduleVoltage: 0
    DIMM 2:
      manufacturer: Microsoft Corporation
      modulePartNo: None
      memType: Unknown
      size: 59
      clkspeed: 0
      moduleVoltage: 0
    DIMM 3:
      manufacturer: Microsoft Corporation
      modulePartNo: None
      memType: Unknown
      size: 452
      clkspeed: 0
      moduleVoltage: 0
Checksum: A99CA071C599502B86DF510F8D89A241F94E64B7