BaselineInfo:
  WebDBID: -1
  TimeStamp: 20241107211659
Version:
  Major: 11
  Minor: 0
  Build: 1002
  SpecialBuildName: ""
  ptArchitecture: x86_64_linux
Results:
  Results Complete: true
  NumTestProcesses: 8
  CPU_INTEGER_MATH: 25154.874
  CPU_FLOATINGPOINT_MATH: 13814.625685224395
  CPU_PRIME: 53.171089772408394
  CPU_SORTING: 13544.758219150415
  CPU_ENCRYPTION: 3507.9606920372976
  CPU_COMPRESSION: 114114.50296833816
  CPU_SINGLETHREAD: 2042.2401634939656
  CPU_PHYSICS: 985.47027352041016
  CPU_MATRIX_MULT_SSE: 5415.3096263783209
  CPU_mm: 765.22484183781035
  CPU_sse: 2907.4498920421934
  CPU_fma: 8006.8180354031538
  CPU_avx: 5331.6609516896133
  CPU_avx512: 0
  m_CPU_enc_SHA: 1153062788.8691075
  m_CPU_enc_AES: 8850789588.7268963
  m_CPU_enc_ECDSA: 1031237794.2451011
  ME_ALLOC_S: 2881.6781755802076
  ME_READ_S: 24530.326171875
  ME_READ_L: 11240.669921875
  ME_WRITE: 10543.4619140625
  ME_LARGE: 5087.083333333333
  ME_LATENCY: 54.399093886747472
  ME_THREADED: 49214.36669921875
  SUMM_CPU: 8431.7089865624785
  SUMM_ME: 2157.381866193999
SystemInformation:
  OSName: Ubuntu 24.04.1 LTS
  Kernel: 6.8.0-1016-aws
  Device: ""
  Processor: Intel Xeon CPU E5-2666 v3 @ 2.90GHz
  NumSockets: 1
  Manufacturer: GenuineIntel
  NumCores: 4
  NumLogicals: 8
  CPUFrequency: 0
  Memory: 14982
  MemModuleInfo:
    iNumMemSticks: 1
    DIMM 1:
      manufacturer: Not Specified
      modulePartNo: Not Specified
      memType: RAM
      size: 15
      clkspeed: 0
      moduleVoltage: 0
Checksum: 06EC3F975DF33BCD11EA9880C7C8B278D885EB85