---
system-info:
      stress-ng-version: 0.17.08
      run-by: root
      date-yyyy-mm-dd: 2024:07:09
      time-hh-mm-ss: 16:43:54
      epoch-secs: 1720543434
      hostname: ip-172-31-1-229
      sysname: Linux
      nodename: ip-172-31-1-229
      release: 6.8.0-1009-aws
      version: '#9-Ubuntu SMP Fri May 17 20:15:49 UTC 2024'
      machine: aarch64
      compiler: 'musl-gcc 13.2.1'
      uptime: 141
      totalram: 8141393920
      freeram: 3138949120
      sharedram: 39219200
      bufferram: 133201920
      totalswap: 0
      freeswap: 0
      pagesize: 4096
      cpus: 1
      cpus-online: 1
      ticks-per-second: 100

metrics:
    - stressor: cpu
      bogo-ops: 33908
      bogo-ops-per-second-usr-sys-time: 1706.998715
      bogo-ops-per-second-real-time: 1695.395614
      wall-clock-time: 20.000052
      user-time: 19.862108
      system-time: 0.001996
      cpu-usage-per-instance: 99.320263
      max-rss: 1320

...
