BaselineInfo:
  WebDBID: -1
  TimeStamp: 20251216234114
Version:
  Major: 11
  Minor: 0
  Build: 1002
  SpecialBuildName: ""
  ptArchitecture: x86_64_linux
Results:
  Results Complete: true
  NumTestProcesses: 32
  CPU_INTEGER_MATH: 141480.77700000006
  CPU_FLOATINGPOINT_MATH: 110228.24633932589
  CPU_PRIME: 243.03855737073852
  CPU_SORTING: 83255.227957539348
  CPU_ENCRYPTION: 18233.685678227805
  CPU_COMPRESSION: 716874.39514552208
  CPU_SINGLETHREAD: 2217.1785809530998
  CPU_PHYSICS: 3040.0122579355957
  CPU_MATRIX_MULT_SSE: 48100.598239726212
  CPU_mm: 6474.2910557745427
  CPU_sse: 24286.178198985235
  CPU_fma: 71811.970558745394
  CPU_avx: 48203.645961448005
  CPU_avx512: 0
  m_CPU_enc_SHA: 9993277258.8293839
  m_CPU_enc_AES: 38581554585.870056
  m_CPU_enc_ECDSA: 8783383736.500761
  ME_ALLOC_S: 19732.017050622075
  ME_READ_S: 26300.076367187499
  ME_READ_L: 7227.2392578125
  ME_WRITE: 8169.24658203125
  ME_LARGE: 104644.16666666667
  ME_LATENCY: 72.209907183944551
  ME_THREADED: 132856.53100585938
  SUMM_CPU: 40620.121265876594
  SUMM_ME: 2107.9206547690028
SystemInformation:
  OSName: Ubuntu 24.04.2 LTS
  Kernel: 6.8.0-86-generic
  Device: ""
  Processor: Intel Core Processor (Haswell, no TSX)
  NumSockets: 32
  Manufacturer: GenuineIntel
  NumCores: 32
  NumLogicals: 32
  CPUFrequency: 0
  Memory: 117907
  MemModuleInfo:
    iNumMemSticks: 1
    DIMM 1:
      manufacturer: QEMU
      modulePartNo: Not Specified
      memType: RAM
      size: 120000
      clkspeed: 0
      moduleVoltage: 0
Checksum: CF148BD1D254DAD3A35095FE9FAC07E4EAE3A595