---
system-info:
      stress-ng-version: 0.17.08
      run-by: root
      date-yyyy-mm-dd: 2024:09:23
      time-hh-mm-ss: 21:43:34
      epoch-secs: 1727127814
      hostname: c4-highcpu-32-35277f2
      sysname: Linux
      nodename: c4-highcpu-32-35277f2
      release: 6.8.0-1014-gcp
      version: '#16-Ubuntu SMP Mon Aug 26 15:55:46 UTC 2024'
      machine: x86_64
      compiler: 'musl-gcc 13.2.1'
      uptime: 211
      totalram: 67415080960
      freeram: 56757620736
      sharedram: 274702336
      bufferram: 252837888
      totalswap: 0
      freeswap: 0
      pagesize: 4096
      cpus: 32
      cpus-online: 32
      ticks-per-second: 100

metrics:
    - stressor: cpu
      bogo-ops: 42174
      bogo-ops-per-second-usr-sys-time: 2108.704639
      bogo-ops-per-second-real-time: 2108.697059
      wall-clock-time: 20.000028
      user-time: 19.999956
      system-time: 0.000000
      cpu-usage-per-instance: 99.999641
      max-rss: 1032

...
