---
system-info:
      stress-ng-version: 0.17.08
      run-by: root
      date-yyyy-mm-dd: 2024:06:16
      time-hh-mm-ss: 04:55:06
      epoch-secs: 1718513706
      hostname: 5921877304c7
      sysname: Linux
      nodename: 5921877304c7
      release: 6.8.0-1008-aws
      version: '#8-Ubuntu SMP Sat Apr 20 00:46:25 UTC 2024'
      machine: x86_64
      compiler: 'musl-gcc 13.2.1'
      uptime: 116
      totalram: 33091219456
      freeram: 28657074176
      sharedram: 113528832
      bufferram: 108605440
      totalswap: 0
      freeswap: 0
      pagesize: 4096
      cpus: 4
      cpus-online: 4
      ticks-per-second: 100

metrics:
    - stressor: cpu
      bogo-ops: 71888
      bogo-ops-per-second-usr-sys-time: 902.614615
      bogo-ops-per-second-real-time: 3594.382207
      wall-clock-time: 20.000099
      user-time: 79.624201
      system-time: 0.019978
      cpu-usage-per-instance: 99.554731
      max-rss: 1104

...
