---
system-info:
      stress-ng-version: 0.17.08
      run-by: root
      date-yyyy-mm-dd: 2024:06:10
      time-hh-mm-ss: 01:21:46
      epoch-secs: 1717982506
      hostname: bb74c3926824
      sysname: Linux
      nodename: bb74c3926824
      release: 6.8.0-1008-aws
      version: '#8-Ubuntu SMP Sat Apr 20 00:46:25 UTC 2024'
      machine: x86_64
      compiler: 'musl-gcc 13.2.1'
      uptime: 107
      totalram: 33091215360
      freeram: 28463812608
      sharedram: 113528832
      bufferram: 113434624
      totalswap: 0
      freeswap: 0
      pagesize: 4096
      cpus: 4
      cpus-online: 4
      ticks-per-second: 100

metrics:
    - stressor: cpu
      bogo-ops: 57480
      bogo-ops-per-second-usr-sys-time: 1445.485579
      bogo-ops-per-second-real-time: 5747.688347
      wall-clock-time: 10.000542
      user-time: 39.754192
      system-time: 0.010992
      cpu-usage-per-instance: 99.407570
      max-rss: 4048

...
