BaselineInfo:
  WebDBID: -1
  TimeStamp: 20241107082128
Version:
  Major: 11
  Minor: 0
  Build: 1002
  SpecialBuildName: ""
  ptArchitecture: x86_64_linux
Results:
  Results Complete: true
  NumTestProcesses: 2
  CPU_INTEGER_MATH: 8323.6849999999995
  CPU_FLOATINGPOINT_MATH: 4255.8158671785031
  CPU_PRIME: 18.480789020240728
  CPU_SORTING: 4368.7795251960961
  CPU_ENCRYPTION: 1804.5403834845251
  CPU_COMPRESSION: 31844.647804984099
  CPU_SINGLETHREAD: 2302.1896982712015
  CPU_PHYSICS: 366.98809124163301
  CPU_MATRIX_MULT_SSE: 1641.0264365875519
  CPU_mm: 179.76112427161507
  CPU_sse: 789.90159421869589
  CPU_fma: 2173.6437415416822
  CPU_avx: 1545.5541510460571
  CPU_avx512: 2055.0062595437726
  m_CPU_enc_SHA: 1822055245.1219373
  m_CPU_enc_AES: 2733196214.5610733
  m_CPU_enc_ECDSA: 1121341751.7749977
  ME_ALLOC_S: 1005.0491899878986
  ME_READ_S: 24008.974218750001
  ME_READ_L: 11634.93359375
  ME_WRITE: 10316.4833984375
  ME_LARGE: 5889.75
  ME_LATENCY: 62.538892889797715
  ME_THREADED: 15636.17529296875
  SUMM_CPU: 2962.0551335033915
  SUMM_ME: 1768.3416559772834
SystemInformation:
  OSName: Ubuntu 24.04.1 LTS
  Kernel: 6.8.0-1016-aws
  Device: ""
  Processor: Intel Xeon Platinum 8375C CPU @ 2.90GHz
  NumSockets: 1
  Manufacturer: GenuineIntel
  NumCores: 1
  NumLogicals: 2
  CPUFrequency: 0
  Memory: 15706
  MemModuleInfo:
    iNumMemSticks: 1
    DIMM 1:
      manufacturer: Not Specified
      modulePartNo: Not Specified
      memType: DDR4
      size: 16
      clkspeed: 1600
      moduleVoltage: 0
Checksum: FF5672ACD9240D8229E2CCA8D3D0069686CF5BDD