BaselineInfo:
  WebDBID: -1
  TimeStamp: 20241109224418
Version:
  Major: 11
  Minor: 0
  Build: 1002
  SpecialBuildName: ""
  ptArchitecture: x86_64_linux
Results:
  Results Complete: true
  NumTestProcesses: 64
  CPU_INTEGER_MATH: 187456.49566666665
  CPU_FLOATINGPOINT_MATH: 100340.89041008259
  CPU_PRIME: 267.94281914752287
  CPU_SORTING: 95400.697992417496
  CPU_ENCRYPTION: 25697.015901781771
  CPU_COMPRESSION: 814223.52920173411
  CPU_SINGLETHREAD: 1879.0134954231207
  CPU_PHYSICS: 4795.9350443494986
  CPU_MATRIX_MULT_SSE: 54153.693587191134
  CPU_mm: 5702.7297693701094
  CPU_sse: 20284.140926610267
  CPU_fma: 64053.283126155751
  CPU_avx: 45180.455939525593
  CPU_avx512: 87096.894356472854
  m_CPU_enc_SHA: 8452862335.0984325
  m_CPU_enc_AES: 64828195208.648178
  m_CPU_enc_ECDSA: 7554764894.9335308
  ME_ALLOC_S: 21748.636383990524
  ME_READ_S: 22635.566796874999
  ME_READ_L: 10104.7802734375
  ME_WRITE: 9799.2607421875
  ME_LARGE: 497923.08333333331
  ME_LATENCY: 54.013755393317716
  ME_THREADED: 197650.63940429688
  SUMM_CPU: 44218.998854747202
  SUMM_ME: 2607.9785572033802
SystemInformation:
  OSName: Ubuntu 24.04.1 LTS
  Kernel: 6.8.0-1016-aws
  Device: ""
  Processor: Intel Xeon Platinum 8259CL CPU @ 2.50GHz
  NumSockets: 2
  Manufacturer: GenuineIntel
  NumCores: 32
  NumLogicals: 64
  CPUFrequency: 0
  Memory: 510515
  MemModuleInfo:
    iNumMemSticks: 2
    DIMM 1:
      manufacturer: Not Specified
      modulePartNo: Not Specified
      memType: DDR4
      size: 256
      clkspeed: 1333
      moduleVoltage: 0
    DIMM 2:
      manufacturer: Not Specified
      modulePartNo: Not Specified
      memType: DDR4
      size: 256
      clkspeed: 1333
      moduleVoltage: 0
Checksum: 0682E3A844858F07F1E95B06FE77C3E5A0E54788