---
system-info:
      stress-ng-version: 0.17.08
      run-by: root
      date-yyyy-mm-dd: 2024:06:09
      time-hh-mm-ss: 16:24:36
      epoch-secs: 1717950276
      hostname: f751536e105c
      sysname: Linux
      nodename: f751536e105c
      release: 6.8.0-1008-aws
      version: '#8-Ubuntu SMP Sat Apr 20 02:43:14 UTC 2024'
      machine: aarch64
      compiler: 'musl-gcc 13.2.1'
      uptime: 136
      totalram: 267046633472
      freeram: 262179737600
      sharedram: 35106816
      bufferram: 108744704
      totalswap: 0
      freeswap: 0
      pagesize: 4096
      cpus: 32
      cpus-online: 32
      ticks-per-second: 100

metrics:
    - stressor: cpu
      bogo-ops: 94056
      bogo-ops-per-second-usr-sys-time: 292.790075
      bogo-ops-per-second-real-time: 9361.217981
      wall-clock-time: 10.047411
      user-time: 321.211415
      system-time: 0.028982
      cpu-usage-per-instance: 99.913927
      max-rss: 3840

...
