---
system-info:
      stress-ng-version: 0.17.08
      run-by: root
      date-yyyy-mm-dd: 2024:06:15
      time-hh-mm-ss: 19:17:24
      epoch-secs: 1718479044
      hostname: c5bb8ff63082
      sysname: Linux
      nodename: c5bb8ff63082
      release: 6.8.0-1008-aws
      version: '#8-Ubuntu SMP Sat Apr 20 02:43:14 UTC 2024'
      machine: aarch64
      compiler: 'musl-gcc 13.2.1'
      uptime: 138
      totalram: 267046637568
      freeram: 262376333312
      sharedram: 35106816
      bufferram: 107778048
      totalswap: 0
      freeswap: 0
      pagesize: 4096
      cpus: 32
      cpus-online: 32
      ticks-per-second: 100

metrics:
    - stressor: cpu
      bogo-ops: 971435
      bogo-ops-per-second-usr-sys-time: 1518.661027
      bogo-ops-per-second-real-time: 48571.600324
      wall-clock-time: 20.000062
      user-time: 639.646469
      system-time: 0.018988
      cpu-usage-per-instance: 99.947420
      max-rss: 1280

...
