BaselineInfo:
  WebDBID: -1
  TimeStamp: 20260404174804
Version:
  Major: 11
  Minor: 0
  Build: 1004
  SpecialBuildName: ""
  ptArchitecture: x86_64_linux
Results:
  Results Complete: true
  NumTestProcesses: 16
  CPU_INTEGER_MATH: 39464.355999999992
  CPU_FLOATINGPOINT_MATH: 21170.27532213779
  CPU_PRIME: 70.200338524065913
  CPU_SORTING: 24087.166451123427
  CPU_ENCRYPTION: 5469.4156902697487
  CPU_COMPRESSION: 182835.34524341818
  CPU_SINGLETHREAD: 1656.6860287429547
  CPU_PHYSICS: 1295.3063703756131
  CPU_MATRIX_MULT_SSE: 12406.792524848628
  CPU_mm: 1200.642259946535
  CPU_sse: 4255.6932349768567
  CPU_fma: 14660.345767452445
  CPU_avx: 10354.033743834249
  CPU_avx512: 20357.097353130954
  m_CPU_enc_SHA: 1783867255.9389451
  m_CPU_enc_AES: 13802250656.278702
  m_CPU_enc_ECDSA: 1619176168.3032281
  ME_ALLOC_S: 4439.1575869125882
  ME_READ_S: 19304.8974609375
  ME_READ_L: 6902.38037109375
  ME_WRITE: 7280.4873046875
  ME_LARGE: 18707.25
  ME_LATENCY: 73.939993883208885
  ME_THREADED: 65428.619140625
  SUMM_CPU: 13076.829677616295
  SUMM_ME: 1815.8900651745744
SystemInformation:
  OSName: Ubuntu 24.04.4 LTS
  Kernel: 6.8.0-106-generic
  Device: ""
  Processor: Intel(R) Xeon(R) Platinum 8269CY CPU @ 2.50GHz
  NumSockets: 1
  Manufacturer: GenuineIntel
  NumCores: 8
  NumLogicals: 16
  CPUFrequency: 0
  CPUMaxFrequency: 0
  Memory: 31707
  CPUInfo:
    number: 1
    Family: 6
    Model: 5
    stepping: 7
    features: 529267711
    manufacture: GenuineIntel
    typestring: Intel(R) Xeon(R) Platinum 8269CY CPU @ 2.50GHz
    iCoresPerPackage: 8
    iThreadsPerPackage: 2
    featuresEx:
      - 529267711
      - 4277809667
      - 739248128
    bHybrid: false
    nPCore: 0
    nLogicalsPerPCore: 0
    nECore: 0
    nLogicalsPerECore: 0
  MemModuleInfo:
    iNumMemSticks: 2
    DIMM 1:
      manufacturer: Alibaba Cloud
      modulePartNo: Not Specified
      memType: RAM
      size: 16
      clkspeed: 0
      moduleVoltage: 0
    DIMM 2:
      manufacturer: Alibaba Cloud
      modulePartNo: Not Specified
      memType: RAM
      size: 16
      clkspeed: 0
      moduleVoltage: 0
Checksum: 6DC441CE9C171B24FD483137C8754F831BA470F2