BaselineInfo:
  WebDBID: -1
  TimeStamp: 20260618004008
Version:
  Major: 11
  Minor: 0
  Build: 1004
  SpecialBuildName: ""
  ptArchitecture: x86_64_linux
Results:
  Results Complete: true
  NumTestProcesses: 16
  CPU_INTEGER_MATH: 53921.731000000014
  CPU_FLOATINGPOINT_MATH: 32229.169947706749
  CPU_PRIME: 73.096910777433919
  CPU_SORTING: 30721.227694734451
  CPU_ENCRYPTION: 17039.116314237803
  CPU_COMPRESSION: 243548.94831113794
  CPU_SINGLETHREAD: 2131.863544251215
  CPU_PHYSICS: 1363.9682119587396
  CPU_MATRIX_MULT_SSE: 14853.075826638211
  CPU_mm: 1612.7832696016499
  CPU_sse: 6645.7564859071754
  CPU_fma: 21575.78585965099
  CPU_avx: 16337.68513435647
  CPU_avx512: 0
  m_CPU_enc_SHA: 24116898140.497749
  m_CPU_enc_AES: 16512292364.080677
  m_CPU_enc_ECDSA: 12971234780.376225
  ME_ALLOC_S: 5027.5207771432506
  ME_READ_S: 24281.487499999999
  ME_READ_L: 11634.0068359375
  ME_WRITE: 11052.8515625
  ME_LARGE: 117553.25
  ME_LATENCY: 49.215101500797978
  ME_THREADED: 32046.37548828125
  SUMM_CPU: 19092.020431900186
  SUMM_ME: 2580.3684730232862
SystemInformation:
  OSName: Ubuntu 24.04.4 LTS
  Kernel: 6.8.0-117-generic
  Device: ""
  Processor: "AMD EPYC 7H12 64-Core Processor                "
  NumSockets: 1
  Manufacturer: AuthenticAMD
  NumCores: 8
  NumLogicals: 16
  CPUFrequency: 7
  CPUMaxFrequency: 832
  Memory: 126267
  CPUInfo:
    number: 1
    Family: 15
    Model: 1
    stepping: 0
    features: 395049983
    manufacture: AuthenticAMD
    typestring: "AMD EPYC 7H12 64-Core Processor                "
    iCoresPerPackage: 8
    iThreadsPerPackage: 2
    featuresEx:
      - 395049983
      - 4277678595
      - 776996864
    bHybrid: false
    nPCore: 0
    nLogicalsPerPCore: 0
    nECore: 0
    nLogicalsPerECore: 0
  MemModuleInfo:
    iNumMemSticks: 8
    DIMM 1:
      manufacturer: Alibaba Cloud
      modulePartNo: Not Specified
      memType: RAM
      size: 16
      clkspeed: 0
      moduleVoltage: 0
    DIMM 2:
      manufacturer: Alibaba Cloud
      modulePartNo: Not Specified
      memType: RAM
      size: 16
      clkspeed: 0
      moduleVoltage: 0
    DIMM 3:
      manufacturer: Alibaba Cloud
      modulePartNo: Not Specified
      memType: RAM
      size: 16
      clkspeed: 0
      moduleVoltage: 0
    DIMM 4:
      manufacturer: Alibaba Cloud
      modulePartNo: Not Specified
      memType: RAM
      size: 16
      clkspeed: 0
      moduleVoltage: 0
    DIMM 5:
      manufacturer: Alibaba Cloud
      modulePartNo: Not Specified
      memType: RAM
      size: 16
      clkspeed: 0
      moduleVoltage: 0
    DIMM 6:
      manufacturer: Alibaba Cloud
      modulePartNo: Not Specified
      memType: RAM
      size: 16
      clkspeed: 0
      moduleVoltage: 0
    DIMM 7:
      manufacturer: Alibaba Cloud
      modulePartNo: Not Specified
      memType: RAM
      size: 16
      clkspeed: 0
      moduleVoltage: 0
    DIMM 8:
      manufacturer: Alibaba Cloud
      modulePartNo: Not Specified
      memType: RAM
      size: 16
      clkspeed: 0
      moduleVoltage: 0
Checksum: 81438064977714C9B5FE89EE83945E080FF52676