BaselineInfo:
  WebDBID: -1
  TimeStamp: 20241111111354
Version:
  Major: 11
  Minor: 0
  Build: 1002
  SpecialBuildName: ""
  ptArchitecture: aarch64_linux
Results:
  Results Complete: true
  NumTestProcesses: 32
  CPU_INTEGER_MATH: 201748.15666666668
  CPU_FLOATINGPOINT_MATH: 169473.64438498713
  CPU_PRIME: 417.03872614908209
  CPU_SORTING: 163224.02462028447
  CPU_ENCRYPTION: 5985.830839408778
  CPU_COMPRESSION: 219459.96293804652
  CPU_SINGLETHREAD: 1878.5847441596848
  CPU_PHYSICS: 9282.2922543513632
  CPU_MATRIX_MULT_SSE: 28622.066309490554
  CPU_mm: 4583.702820692597
  CPU_sse: 24140.246689032971
  CPU_fma: 33103.885929948134
  CPU_avx: 0
  CPU_avx512: 0
  m_CPU_enc_SHA: 8736110100.3086147
  m_CPU_enc_AES: 3880728849.8782582
  m_CPU_enc_ECDSA: 6212956724.604825
  ME_ALLOC_S: 37222.486247948756
  ME_READ_S: 25554.781445312499
  ME_READ_L: 19131.869140625
  ME_WRITE: 25692.21875
  ME_LARGE: 50241
  ME_LATENCY: 53.819695697496911
  ME_THREADED: 433409.3759765625
  SUMM_CPU: 26511.2606303619
  SUMM_ME: 3286.1270392227188
SystemInformation:
  OSName: Ubuntu 24.04.1 LTS
  Kernel: 6.8.0-1017-azure
  Device: ""
  Processor: ARM Neoverse-N2 32 Core 0 MHz
  NumSockets: 1
  Manufacturer: ARM
  NumCores: 32
  NumLogicals: 32
  CPUFrequency: 0
  Memory: 64168
Checksum: 36275E73AFAEB16797513CC28259DA9109A79067