BaselineInfo:
  WebDBID: -1
  TimeStamp: 20250423233130
Version:
  Major: 11
  Minor: 0
  Build: 1002
  SpecialBuildName: ""
  ptArchitecture: aarch64_linux
Results:
  Results Complete: true
  NumTestProcesses: 192
  CPU_INTEGER_MATH: 844500.86166666693
  CPU_FLOATINGPOINT_MATH: 1118668.4715083344
  CPU_PRIME: 1618.4071190953664
  CPU_SORTING: 782568.41574509896
  CPU_ENCRYPTION: 32942.911542653172
  CPU_COMPRESSION: 1224442.0747941851
  CPU_SINGLETHREAD: 1870.8580245436749
  CPU_PHYSICS: 37513.524602459634
  CPU_MATRIX_MULT_SSE: 131484.67845188599
  CPU_mm: 16493.207457726807
  CPU_sse: 98770.458207632357
  CPU_fma: 164198.89869613945
  CPU_avx: 0
  CPU_avx512: 0
  m_CPU_enc_SHA: 51569345438.75634
  m_CPU_enc_AES: 17005992246.973047
  m_CPU_enc_ECDSA: 35054101555.517876
  ME_ALLOC_S: 45871.954094542256
  ME_READ_S: 20158.734765624999
  ME_READ_L: 18701.564453125
  ME_WRITE: 20563.484375
  ME_LARGE: 755567.41666666663
  ME_LATENCY: 47.073902434536372
  ME_THREADED: 1022186.3325195312
  SUMM_CPU: 76162.534841976478
  SUMM_ME: 3313.6077082603751
SystemInformation:
  OSName: Ubuntu 24.04.2 LTS
  Kernel: 6.8.0-1027-aws
  Device: ""
  Processor: ARM Neoverse-V2 192 Core 0 MHz
  NumSockets: 2
  Manufacturer: ARM
  NumCores: 192
  NumLogicals: 192
  CPUFrequency: 0
  Memory: 772434
Checksum: 381DC51E12CD0FA790B76A799060A9515420B68B