BaselineInfo:
  WebDBID: -1
  TimeStamp: 20241111111631
Version:
  Major: 11
  Minor: 0
  Build: 1002
  SpecialBuildName: ""
  ptArchitecture: aarch64_linux
Results:
  Results Complete: true
  NumTestProcesses: 64
  CPU_INTEGER_MATH: 252690.46733333339
  CPU_FLOATINGPOINT_MATH: 191621.00362312509
  CPU_PRIME: 242.42916831033853
  CPU_SORTING: 174948.73083289331
  CPU_ENCRYPTION: 8752.6900997870925
  CPU_COMPRESSION: 305047.46351622092
  CPU_SINGLETHREAD: 1110.2012494935561
  CPU_PHYSICS: 3918.7586735787827
  CPU_MATRIX_MULT_SSE: 39745.562160623362
  CPU_mm: 6679.6100567523781
  CPU_sse: 33128.525442339269
  CPU_fma: 46362.59887890744
  CPU_avx: 0
  CPU_avx512: 0
  m_CPU_enc_SHA: 13134353382.956371
  m_CPU_enc_AES: 6059932332.2963114
  m_CPU_enc_ECDSA: 8339296606.9703674
  ME_ALLOC_S: 20476.668708508798
  ME_READ_S: 9485.5721679687504
  ME_READ_L: 9204.01953125
  ME_WRITE: 12583.16796875
  ME_LARGE: 113607.33333333333
  ME_LATENCY: 69.728512378394882
  ME_THREADED: 170135.74951171875
  SUMM_CPU: 28053.627240308131
  SUMM_ME: 1844.638079685619
SystemInformation:
  OSName: Ubuntu 24.04.1 LTS
  Kernel: 6.8.0-1016-aws
  Device: ""
  Processor: ARM Neoverse-N1 64 Core 0 MHz
  NumSockets: 1
  Manufacturer: ARM
  NumCores: 64
  NumLogicals: 64
  CPUFrequency: 0
  Memory: 126497
Checksum: B3F5B4A3C04D9D1AABDE7EFF8187BEC6E2E8AAE5