BaselineInfo:
  WebDBID: -1
  TimeStamp: 20241111130656
Version:
  Major: 11
  Minor: 0
  Build: 1002
  SpecialBuildName: ""
  ptArchitecture: x86_64_linux
Results:
  Results Complete: true
  NumTestProcesses: 48
  CPU_INTEGER_MATH: 149427.66500000001
  CPU_FLOATINGPOINT_MATH: 80191.539912880151
  CPU_PRIME: 210.58765213089777
  CPU_SORTING: 75972.838342412389
  CPU_ENCRYPTION: 20532.995205836607
  CPU_COMPRESSION: 653646.68263051216
  CPU_SINGLETHREAD: 2041.8080772735416
  CPU_PHYSICS: 3667.9121927941824
  CPU_MATRIX_MULT_SSE: 43456.160685390649
  CPU_mm: 4541.2411761505064
  CPU_sse: 16396.094825771543
  CPU_fma: 53015.371814505168
  CPU_avx: 37447.6577645414
  CPU_avx512: 66965.518336744441
  m_CPU_enc_SHA: 6763543373.5824089
  m_CPU_enc_AES: 51768743511.916611
  m_CPU_enc_ECDSA: 6058931057.3669434
  ME_ALLOC_S: 16099.437443253719
  ME_READ_S: 24148.558203125001
  ME_READ_L: 9884.19921875
  ME_WRITE: 8900.326171875
  ME_LARGE: 375318.5
  ME_LATENCY: 56.158802664000952
  ME_THREADED: 129754.53100585938
  SUMM_CPU: 38554.05196457915
  SUMM_ME: 2526.0675886288841
SystemInformation:
  OSName: Ubuntu 24.04.1 LTS
  Kernel: 6.8.0-1017-azure
  Device: ""
  Processor: Intel Xeon Platinum 8272CL CPU @ 2.60GHz
  NumSockets: 2
  Manufacturer: GenuineIntel
  NumCores: 24
  NumLogicals: 48
  CPUFrequency: 0
  Memory: 386939
  MemModuleInfo:
    iNumMemSticks: 4
    DIMM 1:
      manufacturer: Microsoft Corporation
      modulePartNo: None
      memType: Unknown
      size: 1
      clkspeed: 0
      moduleVoltage: 0
    DIMM 2:
      manufacturer: Microsoft Corporation
      modulePartNo: None
      memType: Unknown
      size: 60928
      clkspeed: 0
      moduleVoltage: 0
    DIMM 3:
      manufacturer: Microsoft Corporation
      modulePartNo: None
      memType: Unknown
      size: 134656
      clkspeed: 0
      moduleVoltage: 0
    DIMM 4:
      manufacturer: Microsoft Corporation
      modulePartNo: None
      memType: Unknown
      size: 192
      clkspeed: 0
      moduleVoltage: 0
Checksum: B90966C6A7039902115E47CA0A8E9ECA396E1D26