BaselineInfo:
  WebDBID: -1
  TimeStamp: 20251008053953
Version:
  Major: 11
  Minor: 0
  Build: 1002
  SpecialBuildName: ""
  ptArchitecture: x86_64_linux
Results:
  Results Complete: true
  NumTestProcesses: 32
  CPU_INTEGER_MATH: 242859.45233333329
  CPU_FLOATINGPOINT_MATH: 243174.86283921503
  CPU_PRIME: 882.11562699643457
  CPU_SORTING: 142632.05394602742
  CPU_ENCRYPTION: 50518.978512537906
  CPU_COMPRESSION: 1040674.0929451992
  CPU_SINGLETHREAD: 3810.3476809301023
  CPU_PHYSICS: 12079.822630170995
  CPU_MATRIX_MULT_SSE: 94174.385257767644
  CPU_mm: 11131.646920425881
  CPU_sse: 34376.113985123528
  CPU_fma: 129378.05434735351
  CPU_avx: 69617.795789978903
  CPU_avx512: 143325.57690861472
  m_CPU_enc_SHA: 70177812229.187759
  m_CPU_enc_AES: 43956957443.703529
  m_CPU_enc_ECDSA: 44784195565.397476
  ME_ALLOC_S: 40843.979721844233
  ME_READ_S: 33833.813281249997
  ME_READ_L: 32278.623046875
  ME_WRITE: 32997.3515625
  ME_LARGE: 115247.91666666667
  ME_LATENCY: 82.153159103132836
  ME_THREADED: 243935.4755859375
  SUMM_CPU: 79557.664728902499
  SUMM_ME: 2886.4037467792941
SystemInformation:
  OSName: Ubuntu 24.04.2 LTS
  Kernel: 6.14.0-1014-aws
  Device: ""
  Processor: AMD EPYC 9R45
  NumSockets: 1
  Manufacturer: AuthenticAMD
  NumCores: 32
  NumLogicals: 32
  CPUFrequency: 0
  Memory: 126418
  MemModuleInfo:
    iNumMemSticks: 1
    DIMM 1:
      manufacturer: Not Specified
      modulePartNo: Not Specified
      memType: DDR5
      size: 128
      clkspeed: 3200
      moduleVoltage: 0
Checksum: BE468A48A95C3597BBDB4165FAF03A522BA61A3D