---
system-info:
      stress-ng-version: 0.17.08
      run-by: root
      date-yyyy-mm-dd: 2024:06:26
      time-hh-mm-ss: 20:51:21
      epoch-secs: 1719435081
      hostname: c3d-highmem-8-194f5f2
      sysname: Linux
      nodename: c3d-highmem-8-194f5f2
      release: 6.8.0-1009-gcp
      version: '#10-Ubuntu SMP Wed Jun 12 18:52:23 UTC 2024'
      machine: x86_64
      compiler: 'musl-gcc 13.2.1'
      uptime: 137
      totalram: 67424702464
      freeram: 62441934848
      sharedram: 34967552
      bufferram: 125091840
      totalswap: 0
      freeswap: 0
      pagesize: 4096
      cpus: 8
      cpus-online: 8
      ticks-per-second: 100

metrics:
    - stressor: cpu
      bogo-ops: 57264
      bogo-ops-per-second-usr-sys-time: 2863.248962
      bogo-ops-per-second-real-time: 2863.190307
      wall-clock-time: 20.000068
      user-time: 19.999658
      system-time: 0.000000
      cpu-usage-per-instance: 99.997951
      max-rss: 1104

...
