BaselineInfo:
  WebDBID: -1
  TimeStamp: 20241107153745
Version:
  Major: 11
  Minor: 0
  Build: 1002
  SpecialBuildName: ""
  ptArchitecture: aarch64_linux
Results:
  Results Complete: true
  NumTestProcesses: 8
  CPU_INTEGER_MATH: 31540.329999999998
  CPU_FLOATINGPOINT_MATH: 24010.065459133639
  CPU_PRIME: 66.349904056458683
  CPU_SORTING: 22929.959622293343
  CPU_ENCRYPTION: 1092.8712205876541
  CPU_COMPRESSION: 37680.36495360158
  CPU_SINGLETHREAD: 1110.5249344251476
  CPU_PHYSICS: 1174.708921980947
  CPU_MATRIX_MULT_SSE: 4989.2839453909492
  CPU_mm: 829.55282121027813
  CPU_sse: 4178.0730469132113
  CPU_fma: 5800.4948438686852
  CPU_avx: 0
  CPU_avx512: 0
  m_CPU_enc_SHA: 1639566848.1208661
  m_CPU_enc_AES: 758489298.87926602
  m_CPU_enc_ECDSA: 1039819451.9966277
  ME_ALLOC_S: 5244.0888926213729
  ME_READ_S: 9483.9097656249996
  ME_READ_L: 9214.361328125
  ME_WRITE: 12566.4990234375
  ME_LARGE: 21404.833333333332
  ME_LATENCY: 72.047673535725963
  ME_THREADED: 73048.525390625
  SUMM_CPU: 5253.9383802810753
  SUMM_ME: 1729.7826137615523
SystemInformation:
  OSName: Ubuntu 24.04.1 LTS
  Kernel: 6.8.0-1016-aws
  Device: ""
  Processor: ARM Neoverse-N1 8 Core 0 MHz
  NumSockets: 1
  Manufacturer: ARM
  NumCores: 8
  NumLogicals: 8
  CPUFrequency: 0
  Memory: 31367
Checksum: 191E7B6159D1947D077C0E816EF3724D8E64C654