---
system-info:
      stress-ng-version: 0.17.08
      run-by: root
      date-yyyy-mm-dd: 2024:06:15
      time-hh-mm-ss: 19:41:24
      epoch-secs: 1718480484
      hostname: 1bd56efec99b
      sysname: Linux
      nodename: 1bd56efec99b
      release: 6.8.0-1008-aws
      version: '#8-Ubuntu SMP Sat Apr 20 00:46:25 UTC 2024'
      machine: x86_64
      compiler: 'musl-gcc 13.2.1'
      uptime: 116
      totalram: 798840684544
      freeram: 792922370048
      sharedram: 117370880
      bufferram: 108818432
      totalswap: 0
      freeswap: 0
      pagesize: 4096
      cpus: 96
      cpus-online: 96
      ticks-per-second: 100

metrics:
    - stressor: cpu
      bogo-ops: 1853327
      bogo-ops-per-second-usr-sys-time: 965.674429
      bogo-ops-per-second-real-time: 92665.972861
      wall-clock-time: 20.000081
      user-time: 1919.165831
      system-time: 0.038970
      cpu-usage-per-instance: 99.958177
      max-rss: 768

...
