---
system-info:
      stress-ng-version: 0.17.08
      run-by: root
      date-yyyy-mm-dd: 2024:06:09
      time-hh-mm-ss: 17:18:37
      epoch-secs: 1717953517
      hostname: 8d8f6cc28216
      sysname: Linux
      nodename: 8d8f6cc28216
      release: 6.8.0-1008-aws
      version: '#8-Ubuntu SMP Sat Apr 20 00:46:25 UTC 2024'
      machine: x86_64
      compiler: 'musl-gcc 13.2.1'
      uptime: 123
      totalram: 798840713216
      freeram: 792716619776
      sharedram: 117370880
      bufferram: 110133248
      totalswap: 0
      freeswap: 0
      pagesize: 4096
      cpus: 96
      cpus-online: 96
      ticks-per-second: 100

metrics:
    - stressor: cpu
      bogo-ops: 1170636
      bogo-ops-per-second-usr-sys-time: 1220.222122
      bogo-ops-per-second-real-time: 117039.135715
      wall-clock-time: 10.002090
      user-time: 959.238123
      system-time: 0.124913
      cpu-usage-per-instance: 99.912765
      max-rss: 3072

...
