BaselineInfo:
  WebDBID: -1
  TimeStamp: 20241109181924
Version:
  Major: 11
  Minor: 0
  Build: 1002
  SpecialBuildName: ""
  ptArchitecture: x86_64_linux
Results:
  Results Complete: true
  NumTestProcesses: 72
  CPU_INTEGER_MATH: 223543.64200000002
  CPU_FLOATINGPOINT_MATH: 119648.91806965116
  CPU_PRIME: 265.71224580580787
  CPU_SORTING: 111294.09093769843
  CPU_ENCRYPTION: 30389.524320401033
  CPU_COMPRESSION: 965974.29151552555
  CPU_SINGLETHREAD: 2011.5176923566405
  CPU_PHYSICS: 4396.6676499750965
  CPU_MATRIX_MULT_SSE: 65810.618858075337
  CPU_mm: 6785.162463339786
  CPU_sse: 24391.398674640837
  CPU_fma: 80416.89814169037
  CPU_avx: 56691.380126624317
  CPU_avx512: 101742.79848934576
  m_CPU_enc_SHA: 10024650826.178215
  m_CPU_enc_AES: 76602921518.650833
  m_CPU_enc_ECDSA: 8969605216.5374317
  ME_ALLOC_S: 22220.880646410413
  ME_READ_S: 24397.46484375
  ME_READ_L: 10418.5654296875
  ME_WRITE: 10082.16015625
  ME_LARGE: 176262.83333333334
  ME_LATENCY: 52.482915214687303
  ME_THREADED: 204844.92114257812
  SUMM_CPU: 49891.048450889859
  SUMM_ME: 2702.2598811015073
SystemInformation:
  OSName: Ubuntu 24.04.1 LTS
  Kernel: 6.8.0-1016-aws
  Device: ""
  Processor: Intel Xeon Platinum 8124M CPU @ 3.00GHz
  NumSockets: 2
  Manufacturer: GenuineIntel
  NumCores: 36
  NumLogicals: 72
  CPUFrequency: 0
  Memory: 189298
  MemModuleInfo:
    iNumMemSticks: 2
    DIMM 1:
      manufacturer: Not Specified
      modulePartNo: Not Specified
      memType: DDR4
      size: 96
      clkspeed: 1333
      moduleVoltage: 0
    DIMM 2:
      manufacturer: Not Specified
      modulePartNo: Not Specified
      memType: DDR4
      size: 96
      clkspeed: 1333
      moduleVoltage: 0
Checksum: C33BA20C467E21789A0915DE07B82544758A9930