size_kb,operation,bandwidth_mb_s,latency_ns,latency_stddev_ns,latency_samples,threads,iterations,elapsed_s
32,read,5699754.15,0,0,0,192,388802,0.409283
32,write,9826862.74,0,0,0,192,593824,0.362572
32,copy,9285728.67,0,0,0,192,362844,0.234453
32,latency,0,2.23,0.00,7,1,7,0.320862
128,read,9385276.75,0,0,0,192,89445,0.228728
128,write,12560787.54,0,0,0,192,130276,0.248919
128,copy,7139189.49,0,0,0,192,65824,0.221282
128,latency,0,2.95,0.00,7,1,7,0.625810
1024,read,5908135.53,0,0,0,192,10821,0.351656
1024,write,12432041.52,0,0,0,192,16187,0.249991
1024,copy,2252655.24,0,0,0,192,7523,0.641206
1024,latency,0,5.58,0.01,7,1,7,0.704197
2048,read,2786646.57,0,0,0,192,4417,0.608663
2048,write,3889353.44,0,0,0,192,8001,0.789947
2048,copy,756281.09,0,0,0,192,2936,1.490747
2048,latency,0,10.06,0.13,7,1,7,0.678529
4096,read,1607755.16,0,0,0,192,1841,0.879417
4096,write,1504229.68,0,0,0,192,4124,2.105551
4096,copy,500061.12,0,0,0,192,1225,1.881370
4096,latency,0,18.79,0.05,7,1,7,0.679072
8192,read,1100556.85,0,0,0,192,797,1.112339
8192,write,986501.46,0,0,0,192,2038,3.173202
8192,copy,387704.99,0,0,0,192,675,2.674198
8192,latency,0,24.30,0.02,7,1,7,0.679220
16384,read,972401.69,0,0,0,192,383,1.209969
16384,write,826171.53,0,0,0,192,1010,3.755540
16384,copy,383111.26,0,0,0,192,331,2.654143
16384,latency,0,26.45,0.03,7,1,7,0.705006
32768,read,922913.11,0,0,0,192,179,1.191635
32768,write,753683.78,0,0,0,192,502,4.092284
32768,copy,383695.24,0,0,0,192,166,2.658110
32768,latency,0,34.43,0.11,7,1,7,0.828684
65536,read,899410.88,0,0,0,192,93,1.270592
65536,write,732553.65,0,0,0,192,247,4.143227
65536,copy,380881.46,0,0,0,192,84,2.710008
65536,latency,0,75.99,1.62,7,1,7,3.455908
131072,read,886668.11,0,0,0,192,47,1.302711
131072,write,732588.79,0,0,0,192,127,4.260442
131072,copy,384003.42,0,0,0,192,42,2.687976
131072,latency,0,97.50,0.44,7,1,7,8.757786
