BaselineInfo:
  WebDBID: -1
  TimeStamp: 20241110150036
Version:
  Major: 11
  Minor: 0
  Build: 1002
  SpecialBuildName: ""
  ptArchitecture: x86_64_linux
Results:
  Results Complete: true
  NumTestProcesses: 112
  CPU_INTEGER_MATH: 470319.59633333341
  CPU_FLOATINGPOINT_MATH: 240470.15958379669
  CPU_PRIME: 511.31117325220441
  CPU_SORTING: 212890.7047375589
  CPU_ENCRYPTION: 94803.525257540852
  CPU_COMPRESSION: 1639748.6790422818
  CPU_SINGLETHREAD: 2438.3445841007497
  CPU_PHYSICS: 8095.5056483327608
  CPU_MATRIX_MULT_SSE: 92586.406469203808
  CPU_mm: 9506.126393358345
  CPU_sse: 40617.545175432213
  CPU_fma: 107604.02247072852
  CPU_avx: 83140.874072472303
  CPU_avx512: 138983.18415818218
  m_CPU_enc_SHA: 98683397231.607666
  m_CPU_enc_AES: 139814912822.91013
  m_CPU_enc_ECDSA: 59727793846.835754
  ME_ALLOC_S: 30672.161330533028
  ME_READ_S: 24511.883007812499
  ME_READ_L: 12559.685546875
  ME_WRITE: 11070.146484375
  ME_LARGE: 663953.25
  ME_LATENCY: 50.665041223138587
  ME_THREADED: 315989.15405273438
  SUMM_CPU: 81430.469584582213
  SUMM_ME: 2921.871059116515
SystemInformation:
  OSName: Ubuntu 24.04.1 LTS
  Kernel: 6.8.0-1017-azure
  Device: ""
  Processor: Intel Xeon Platinum 8370C CPU @ 2.80GHz
  NumSockets: 2
  Manufacturer: GenuineIntel
  NumCores: 56
  NumLogicals: 112
  CPUFrequency: 2800
  Memory: 677219
  MemModuleInfo:
    iNumMemSticks: 4
    DIMM 1:
      manufacturer: Microsoft Corporation
      modulePartNo: None
      memType: Unknown
      size: 1
      clkspeed: 0
      moduleVoltage: 0
    DIMM 2:
      manufacturer: Microsoft Corporation
      modulePartNo: None
      memType: Unknown
      size: 59
      clkspeed: 0
      moduleVoltage: 0
    DIMM 3:
      manufacturer: Microsoft Corporation
      modulePartNo: None
      memType: Unknown
      size: 276
      clkspeed: 0
      moduleVoltage: 0
    DIMM 4:
      manufacturer: Microsoft Corporation
      modulePartNo: None
      memType: Unknown
      size: 336
      clkspeed: 0
      moduleVoltage: 0
Checksum: 977B90693D1E24B22A43B9DA593F4BDFCF790256