BaselineInfo:
  WebDBID: -1
  TimeStamp: 20250415001627
Version:
  Major: 11
  Minor: 0
  Build: 1002
  SpecialBuildName: ""
  ptArchitecture: x86_64_linux
Results:
  Results Complete: true
  NumTestProcesses: 16
  CPU_INTEGER_MATH: 76539.656666666662
  CPU_FLOATINGPOINT_MATH: 54257.720658350969
  CPU_PRIME: 157.33048819293487
  CPU_SORTING: 38240.073914257307
  CPU_ENCRYPTION: 16916.58371571426
  CPU_COMPRESSION: 275281.06218818377
  CPU_SINGLETHREAD: 2920.815117832582
  CPU_PHYSICS: 3662.3438341621086
  CPU_MATRIX_MULT_SSE: 23314.84170917307
  CPU_mm: 2165.1492778948632
  CPU_sse: 9389.5993700224099
  CPU_fma: 26444.444704227986
  CPU_avx: 19701.228603889569
  CPU_avx512: 37724.094158552296
  m_CPU_enc_SHA: 17824331813.860233
  m_CPU_enc_AES: 23183290206.670815
  m_CPU_enc_ECDSA: 12207349038.335348
  ME_ALLOC_S: 9377.8546566225796
  ME_READ_S: 26599.097851562499
  ME_READ_L: 9505.0947265625
  ME_WRITE: 8976.3466796875
  ME_LARGE: 246795.91666666666
  ME_LATENCY: 72.544549393818741
  ME_THREADED: 118632.900390625
  SUMM_CPU: 26677.002442792826
  SUMM_ME: 2252.9345001979036
SystemInformation:
  OSName: Ubuntu 24.04.2 LTS
  Kernel: 6.8.0-1021-azure
  Device: ""
  Processor: INTEL XEON PLATINUM 8573C
  NumSockets: 1
  Manufacturer: GenuineIntel
  NumCores: 8
  NumLogicals: 16
  CPUFrequency: 2300
  Memory: 257736
  MemModuleInfo:
    iNumMemSticks: 3
    DIMM 1:
      manufacturer: Microsoft Corporation
      modulePartNo: None
      memType: Unknown
      size: 1
      clkspeed: 0
      moduleVoltage: 0
    DIMM 2:
      manufacturer: Microsoft Corporation
      modulePartNo: None
      memType: Unknown
      size: 59
      clkspeed: 0
      moduleVoltage: 0
    DIMM 3:
      manufacturer: Microsoft Corporation
      modulePartNo: None
      memType: Unknown
      size: 196
      clkspeed: 0
      moduleVoltage: 0
Checksum: 11BBEC172C071BAA7D3CB9EB383ECEDC579EC9C3