BaselineInfo:
  WebDBID: -1
  TimeStamp: 20241111050712
Version:
  Major: 11
  Minor: 0
  Build: 1002
  SpecialBuildName: ""
  ptArchitecture: x86_64_linux
Results:
  Results Complete: true
  NumTestProcesses: 224
  CPU_INTEGER_MATH: 568676.22766666673
  CPU_FLOATINGPOINT_MATH: 304698.35407947155
  CPU_PRIME: 657.30069927943123
  CPU_SORTING: 264306.84536211332
  CPU_ENCRYPTION: 71567.595134846619
  CPU_COMPRESSION: 2343647.8823148101
  CPU_SINGLETHREAD: 2034.6367316722406
  CPU_PHYSICS: 11742.265706505486
  CPU_MATRIX_MULT_SSE: 145559.90436270164
  CPU_mm: 15842.398326355884
  CPU_sse: 58598.654721983934
  CPU_fma: 180091.22554847674
  CPU_avx: 127328.32021734682
  CPU_avx512: 216221.41696299933
  m_CPU_enc_SHA: 24105804581.67836
  m_CPU_enc_AES: 179495811389.97391
  m_CPU_enc_ECDSA: 21530571936.698723
  ME_ALLOC_S: 18905.307829065783
  ME_READ_S: 21281.998242187499
  ME_READ_L: 4049.478271484375
  ME_WRITE: 5638.2353515625
  ME_LARGE: 3066689.1666666665
  ME_LATENCY: 68.993389763926174
  ME_THREADED: 367643.8994140625
  SUMM_CPU: 82144.005845481515
  SUMM_ME: 1691.1267001638562
SystemInformation:
  OSName: Ubuntu 24.04.1 LTS
  Kernel: 6.8.0-1016-aws
  Device: ""
  Processor: Intel Xeon Platinum 8176M CPU @ 2.10GHz
  NumSockets: 4
  Manufacturer: GenuineIntel
  NumCores: 112
  NumLogicals: 224
  CPUFrequency: 0
  Memory: 3084027
  MemModuleInfo:
    iNumMemSticks: 4
    DIMM 1:
      manufacturer: Not Specified
      modulePartNo: Not Specified
      memType: DDR4
      size: 768
      clkspeed: 1466
      moduleVoltage: 0
    DIMM 2:
      manufacturer: Not Specified
      modulePartNo: Not Specified
      memType: DDR4
      size: 768
      clkspeed: 1466
      moduleVoltage: 0
    DIMM 3:
      manufacturer: Not Specified
      modulePartNo: Not Specified
      memType: DDR4
      size: 768
      clkspeed: 1466
      moduleVoltage: 0
    DIMM 4:
      manufacturer: Not Specified
      modulePartNo: Not Specified
      memType: DDR4
      size: 768
      clkspeed: 1466
      moduleVoltage: 0
Checksum: D60F27246FB44413E21FB3C17AF4940CBCB4FAF8