---
system-info:
      stress-ng-version: 0.17.08
      run-by: root
      date-yyyy-mm-dd: 2024:07:12
      time-hh-mm-ss: 05:33:22
      epoch-secs: 1720762402
      hostname: ip-172-31-7-17
      sysname: Linux
      nodename: ip-172-31-7-17
      release: 6.8.0-1010-aws
      version: '#10-Ubuntu SMP Thu Jun 13 17:36:15 UTC 2024'
      machine: x86_64
      compiler: 'musl-gcc 13.2.1'
      uptime: 214
      totalram: 133616513024
      freeram: 125444161536
      sharedram: 40878080
      bufferram: 130768896
      totalswap: 0
      freeswap: 0
      pagesize: 4096
      cpus: 32
      cpus-online: 32
      ticks-per-second: 100

metrics:
    - stressor: cpu
      bogo-ops: 25698
      bogo-ops-per-second-usr-sys-time: 1284.902891
      bogo-ops-per-second-real-time: 1284.895298
      wall-clock-time: 20.000073
      user-time: 19.999955
      system-time: 0.000000
      cpu-usage-per-instance: 99.999409
      max-rss: 1032

...
