---
system-info:
      stress-ng-version: 0.17.08
      run-by: root
      date-yyyy-mm-dd: 2024:07:02
      time-hh-mm-ss: 17:20:46
      epoch-secs: 1719940846
      hostname: n2d-standard-64-8a21d03
      sysname: Linux
      nodename: n2d-standard-64-8a21d03
      release: 6.8.0-1009-gcp
      version: '#10-Ubuntu SMP Wed Jun 12 18:52:23 UTC 2024'
      machine: x86_64
      compiler: 'musl-gcc 13.2.1'
      uptime: 193
      totalram: 270238838784
      freeram: 264536588288
      sharedram: 35205120
      bufferram: 129208320
      totalswap: 0
      freeswap: 0
      pagesize: 4096
      cpus: 64
      cpus-online: 64
      ticks-per-second: 100

metrics:
    - stressor: cpu
      bogo-ops: 55708
      bogo-ops-per-second-usr-sys-time: 2785.458634
      bogo-ops-per-second-real-time: 2785.386220
      wall-clock-time: 20.000099
      user-time: 19.999579
      system-time: 0.000000
      cpu-usage-per-instance: 99.997400
      max-rss: 512

...
