BaselineInfo:
  WebDBID: -1
  TimeStamp: 20260404090059
Version:
  Major: 11
  Minor: 0
  Build: 1004
  SpecialBuildName: ""
  ptArchitecture: x86_64_linux
Results:
  Results Complete: true
  NumTestProcesses: 8
  CPU_INTEGER_MATH: 25231.577666666664
  CPU_FLOATINGPOINT_MATH: 18784.812811209253
  CPU_PRIME: 61.281351908118438
  CPU_SORTING: 15489.837610716242
  CPU_ENCRYPTION: 3166.9546297428687
  CPU_COMPRESSION: 121782.54656831379
  CPU_SINGLETHREAD: 1350.5501045171984
  CPU_PHYSICS: 1053.1459591189075
  CPU_MATRIX_MULT_SSE: 10182.658046235916
  CPU_mm: 1069.6346126123808
  CPU_sse: 4006.529314703389
  CPU_fma: 13456.892229450448
  CPU_avx: 9003.6730757125551
  CPU_avx512: 14263.537565077266
  m_CPU_enc_SHA: 1649319355.1901147
  m_CPU_enc_AES: 6898812317.9352665
  m_CPU_enc_ECDSA: 1414246180.3863916
  ME_ALLOC_S: 2042.7279693901687
  ME_READ_S: 18448.701757812501
  ME_READ_L: 6406.56201171875
  ME_WRITE: 6700.025390625
  ME_LARGE: 18916.416666666668
  ME_LATENCY: 81.031112304145765
  ME_THREADED: 48438.86865234375
  SUMM_CPU: 9221.0308289029235
  SUMM_ME: 1633.03076999778
SystemInformation:
  OSName: Ubuntu 24.04.4 LTS
  Kernel: 6.8.0-106-generic
  Device: ""
  Processor: Intel(R) Xeon(R) Platinum 8269CY CPU @ 2.50GHz
  NumSockets: 1
  Manufacturer: GenuineIntel
  NumCores: 4
  NumLogicals: 8
  CPUFrequency: 0
  CPUMaxFrequency: 0
  Memory: 31710
  CPUInfo:
    number: 1
    Family: 6
    Model: 5
    stepping: 7
    features: 529267711
    manufacture: GenuineIntel
    typestring: Intel(R) Xeon(R) Platinum 8269CY CPU @ 2.50GHz
    iCoresPerPackage: 4
    iThreadsPerPackage: 2
    featuresEx:
      - 529267711
      - 4277809667
      - 739248128
    bHybrid: false
    nPCore: 0
    nLogicalsPerPCore: 0
    nECore: 0
    nLogicalsPerECore: 0
  MemModuleInfo:
    iNumMemSticks: 2
    DIMM 1:
      manufacturer: Alibaba Cloud
      modulePartNo: Not Specified
      memType: RAM
      size: 16
      clkspeed: 0
      moduleVoltage: 0
    DIMM 2:
      manufacturer: Alibaba Cloud
      modulePartNo: Not Specified
      memType: RAM
      size: 16
      clkspeed: 0
      moduleVoltage: 0
Checksum: ABBF9571EEB430BF59A7092FB55A26932888BE40