BaselineInfo:
  WebDBID: -1
  TimeStamp: 20260522131233
Version:
  Major: 11
  Minor: 0
  Build: 1004
  SpecialBuildName: ""
  ptArchitecture: x86_64_linux
Results:
  Results Complete: true
  NumTestProcesses: 1
  CPU_INTEGER_MATH: 7875.5330000000004
  CPU_FLOATINGPOINT_MATH: 7658.5064223476775
  CPU_PRIME: 27.457197181966229
  CPU_SORTING: 4391.8812786184299
  CPU_ENCRYPTION: 1607.8249372090813
  CPU_COMPRESSION: 32164.932304304526
  CPU_SINGLETHREAD: 3547.5632774351052
  CPU_PHYSICS: 482.35669872266197
  CPU_MATRIX_MULT_SSE: 2523.5591475209631
  CPU_mm: 364.12647560904333
  CPU_sse: 1093.5790236962202
  CPU_fma: 3802.3822479447454
  CPU_avx: 1993.7873620465077
  CPU_avx512: 3204.4879563963782
  m_CPU_enc_SHA: 2281799173.9293413
  m_CPU_enc_AES: 1429787506.1280096
  m_CPU_enc_ECDSA: 1346193244.0194983
  ME_ALLOC_S: 0
  ME_READ_S: 0
  ME_READ_L: 0
  ME_WRITE: 0
  ME_LARGE: 0
  ME_LATENCY: 0
  ME_THREADED: 0
  SUMM_CPU: 3428.3777315975312
  SUMM_ME: 0
SystemInformation:
  OSName: Ubuntu 24.04.4 LTS
  Kernel: 6.8.0-111-generic
  Device: ""
  Processor: "AMD EPYC 9575F 64-Core Processor               "
  NumSockets: 1
  Manufacturer: AuthenticAMD
  NumCores: 1
  NumLogicals: 1
  CPUFrequency: 0
  CPUMaxFrequency: 0
  Memory: 799
  CPUInfo:
    number: 1
    Family: 15
    Model: 2
    stepping: 1
    features: 395049983
    manufacture: AuthenticAMD
    typestring: "AMD EPYC 9575F 64-Core Processor               "
    iCoresPerPackage: 255
    iThreadsPerPackage: 1
    featuresEx:
      - 395049983
      - 4294586883
      - 802421759
    bHybrid: false
    nPCore: 0
    nLogicalsPerPCore: 0
    nECore: 0
    nLogicalsPerECore: 0
  MemModuleInfo:
    iNumMemSticks: 1
    DIMM 1:
      manufacturer: QEMU
      modulePartNo: Not Specified
      memType: RAM
      size: 1
      clkspeed: 0
      moduleVoltage: 0
Checksum: DC5F2D810BB58EEAE1548ADD7A785C04E59F2644