---
system-info:
      stress-ng-version: 0.17.08
      run-by: root
      date-yyyy-mm-dd: 2024:06:19
      time-hh-mm-ss: 16:14:35
      epoch-secs: 1718813675
      hostname: 6b5497b05c7c
      sysname: Linux
      nodename: 6b5497b05c7c
      release: 6.8.0-1008-gcp
      version: '#9-Ubuntu SMP Wed May 22 18:09:04 UTC 2024'
      machine: x86_64
      compiler: 'musl-gcc 13.2.1'
      uptime: 170
      totalram: 8324939776
      freeram: 3387752448
      sharedram: 34967552
      bufferram: 130224128
      totalswap: 0
      freeswap: 0
      pagesize: 4096
      cpus: 2
      cpus-online: 2
      ticks-per-second: 100

metrics:
    - stressor: cpu
      bogo-ops: 53827
      bogo-ops-per-second-usr-sys-time: 2691.498840
      bogo-ops-per-second-real-time: 2691.345444
      wall-clock-time: 20.000034
      user-time: 19.998894
      system-time: 0.000000
      cpu-usage-per-instance: 99.994301
      max-rss: 976

...
