BaselineInfo:
  WebDBID: -1
  TimeStamp: 20241108173657
Version:
  Major: 11
  Minor: 0
  Build: 1002
  SpecialBuildName: ""
  ptArchitecture: x86_64_linux
Results:
  Results Complete: true
  NumTestProcesses: 20
  CPU_INTEGER_MATH: 84151.448333333334
  CPU_FLOATINGPOINT_MATH: 43014.580811335749
  CPU_PRIME: 144.96370849491768
  CPU_SORTING: 43360.878972147359
  CPU_ENCRYPTION: 18263.171482558697
  CPU_COMPRESSION: 307321.75846412865
  CPU_SINGLETHREAD: 2431.0070879601631
  CPU_PHYSICS: 2488.138309158302
  CPU_MATRIX_MULT_SSE: 17703.308806989382
  CPU_mm: 1811.9362437927655
  CPU_sse: 7985.3720354804191
  CPU_fma: 21908.564057671243
  CPU_avx: 16180.810451794034
  CPU_avx512: 24738.488683011834
  m_CPU_enc_SHA: 18469785573.16441
  m_CPU_enc_AES: 27792964387.846725
  m_CPU_enc_ECDSA: 11188219940.475279
  ME_ALLOC_S: 9828.9055599513304
  ME_READ_S: 24228.13671875
  ME_READ_L: 11872.8798828125
  ME_WRITE: 10741.806640625
  ME_LARGE: 150585.91666666666
  ME_LATENCY: 52.21950597462385
  ME_THREADED: 103960.89599609375
  SUMM_CPU: 25434.629671304883
  SUMM_ME: 2733.3264971315552
SystemInformation:
  OSName: Ubuntu 24.04.1 LTS
  Kernel: 6.8.0-1017-azure
  Device: ""
  Processor: Intel Xeon Platinum 8370C CPU @ 2.80GHz
  NumSockets: 1
  Manufacturer: GenuineIntel
  NumCores: 10
  NumLogicals: 20
  CPUFrequency: 2800
  Memory: 160966
  MemModuleInfo:
    iNumMemSticks: 3
    DIMM 1:
      manufacturer: Microsoft Corporation
      modulePartNo: None
      memType: Unknown
      size: 1
      clkspeed: 0
      moduleVoltage: 0
    DIMM 2:
      manufacturer: Microsoft Corporation
      modulePartNo: None
      memType: Unknown
      size: 59
      clkspeed: 0
      moduleVoltage: 0
    DIMM 3:
      manufacturer: Microsoft Corporation
      modulePartNo: None
      memType: Unknown
      size: 100
      clkspeed: 0
      moduleVoltage: 0
Checksum: B4284A1DB35CE3947BB1D1A59D363D711AFB7E28