---
system-info:
      stress-ng-version: 0.17.08
      run-by: root
      date-yyyy-mm-dd: 2024:09:03
      time-hh-mm-ss: 06:50:23
      epoch-secs: 1725346223
      hostname: sc-runner
      sysname: Linux
      nodename: sc-runner
      release: 6.8.0-1013-azure
      version: '#15-Ubuntu SMP Thu Aug  8 18:40:40 UTC 2024'
      machine: x86_64
      compiler: 'musl-gcc 13.2.1'
      uptime: 380
      totalram: 29425176576
      freeram: 20950003712
      sharedram: 42033152
      bufferram: 210489344
      totalswap: 0
      freeswap: 0
      pagesize: 4096
      cpus: 2
      cpus-online: 2
      ticks-per-second: 100

metrics:
    - stressor: cpu
      bogo-ops: 41284
      bogo-ops-per-second-usr-sys-time: 1043.608444
      bogo-ops-per-second-real-time: 2064.185014
      wall-clock-time: 20.000145
      user-time: 39.548922
      system-time: 0.009976
      cpu-usage-per-instance: 98.896527
      max-rss: 3256

...
