---
system-info:
      stress-ng-version: 0.17.08
      run-by: root
      date-yyyy-mm-dd: 2024:06:21
      time-hh-mm-ss: 05:40:27
      epoch-secs: 1718948427
      hostname: 520688f282a7
      sysname: Linux
      nodename: 520688f282a7
      release: 6.8.0-1008-gcp
      version: '#9-Ubuntu SMP Wed May 22 18:09:04 UTC 2024'
      machine: x86_64
      compiler: 'musl-gcc 13.2.1'
      uptime: 180
      totalram: 16767361024
      freeram: 11774046208
      sharedram: 27373568
      bufferram: 135254016
      totalswap: 0
      freeswap: 0
      pagesize: 4096
      cpus: 4
      cpus-online: 4
      ticks-per-second: 100

metrics:
    - stressor: cpu
      bogo-ops: 31448
      bogo-ops-per-second-usr-sys-time: 1572.416275
      bogo-ops-per-second-real-time: 1572.387198
      wall-clock-time: 20.000163
      user-time: 19.999793
      system-time: 0.000000
      cpu-usage-per-instance: 99.998151
      max-rss: 1104

...
