BaselineInfo:
  WebDBID: -1
  TimeStamp: 20251007003330
Version:
  Major: 11
  Minor: 0
  Build: 1002
  SpecialBuildName: ""
  ptArchitecture: x86_64_linux
Results:
  Results Complete: true
  NumTestProcesses: 64
  CPU_INTEGER_MATH: 330236.28866666672
  CPU_FLOATINGPOINT_MATH: 239091.42309440509
  CPU_PRIME: 542.49336643657477
  CPU_SORTING: 164341.98047653332
  CPU_ENCRYPTION: 72690.525819093426
  CPU_COMPRESSION: 1274715.8292815813
  CPU_SINGLETHREAD: 3261.502110282489
  CPU_PHYSICS: 9343.7173821123433
  CPU_MATRIX_MULT_SSE: 88582.580409625371
  CPU_mm: 9602.506067225162
  CPU_sse: 39875.676935548312
  CPU_fma: 104415.1493962103
  CPU_avx: 82902.06808599834
  CPU_avx512: 127137.42722074447
  m_CPU_enc_SHA: 76778735154.66716
  m_CPU_enc_AES: 100247849842.95924
  m_CPU_enc_ECDSA: 51638037406.218765
  ME_ALLOC_S: 29713.859999258559
  ME_READ_S: 28652.09765625
  ME_READ_L: 17966.39453125
  ME_WRITE: 11725.015625
  ME_LARGE: 115090.33333333333
  ME_LATENCY: 66.403497605569598
  ME_THREADED: 217063.55859375
  SUMM_CPU: 82984.702938905175
  SUMM_ME: 2782.9659969323311
SystemInformation:
  OSName: Ubuntu 24.04.2 LTS
  Kernel: 6.14.0-1014-aws
  Device: ""
  Processor: Intel Xeon 6975P-C
  NumSockets: 1
  Manufacturer: GenuineIntel
  NumCores: 32
  NumLogicals: 64
  CPUFrequency: 0
  Memory: 126742
  MemModuleInfo:
    iNumMemSticks: 1
    DIMM 1:
      manufacturer: Not Specified
      modulePartNo: Not Specified
      memType: DDR5
      size: 128
      clkspeed: 3600
      moduleVoltage: 0
Checksum: 63F794B7737E283F3E2A4357D6BD017ED6928373