---
system-info:
      stress-ng-version: 0.17.08
      run-by: root
      date-yyyy-mm-dd: 2024:06:16
      time-hh-mm-ss: 05:40:38
      epoch-secs: 1718516438
      hostname: 2bcd102624b0
      sysname: Linux
      nodename: 2bcd102624b0
      release: 6.8.0-1008-aws
      version: '#8-Ubuntu SMP Sat Apr 20 00:46:25 UTC 2024'
      machine: x86_64
      compiler: 'musl-gcc 13.2.1'
      uptime: 104
      totalram: 16469913600
      freeram: 12135854080
      sharedram: 66322432
      bufferram: 108724224
      totalswap: 0
      freeswap: 0
      pagesize: 4096
      cpus: 2
      cpus-online: 2
      ticks-per-second: 100

metrics:
    - stressor: cpu
      bogo-ops: 43076
      bogo-ops-per-second-usr-sys-time: 1082.913963
      bogo-ops-per-second-real-time: 2153.792798
      wall-clock-time: 20.000067
      user-time: 39.773863
      system-time: 0.003997
      cpu-usage-per-instance: 99.444317
      max-rss: 1104

...
