---
system-info:
      stress-ng-version: 0.17.08
      run-by: root
      date-yyyy-mm-dd: 2024:06:10
      time-hh-mm-ss: 03:22:19
      epoch-secs: 1717989739
      hostname: a9548d896d3c
      sysname: Linux
      nodename: a9548d896d3c
      release: 6.8.0-1008-aws
      version: '#8-Ubuntu SMP Sat Apr 20 00:46:25 UTC 2024'
      machine: x86_64
      compiler: 'musl-gcc 13.2.1'
      uptime: 107
      totalram: 16469921792
      freeram: 11919310848
      sharedram: 66322432
      bufferram: 113954816
      totalswap: 0
      freeswap: 0
      pagesize: 4096
      cpus: 2
      cpus-online: 2
      ticks-per-second: 100

metrics:
    - stressor: cpu
      bogo-ops: 34026
      bogo-ops-per-second-usr-sys-time: 1714.443697
      bogo-ops-per-second-real-time: 3402.507075
      wall-clock-time: 10.000273
      user-time: 19.844675
      system-time: 0.001996
      cpu-usage-per-instance: 99.230645
      max-rss: 3920

...
