---
system-info:
      stress-ng-version: 0.17.08
      run-by: root
      date-yyyy-mm-dd: 2024:06:06
      time-hh-mm-ss: 17:40:29
      epoch-secs: 1717695629
      hostname: 92313f518701
      sysname: Linux
      nodename: 92313f518701
      release: 6.8.0-1008-aws
      version: '#8-Ubuntu SMP Sat Apr 20 00:46:25 UTC 2024'
      machine: x86_64
      compiler: 'musl-gcc 13.2.1'
      uptime: 119
      totalram: 16467779584
      freeram: 12188278784
      sharedram: 113541120
      bufferram: 85884928
      totalswap: 0
      freeswap: 0
      pagesize: 4096
      cpus: 8
      cpus-online: 8
      ticks-per-second: 100

metrics:
    - stressor: cpu
      bogo-ops: 20459
      bogo-ops-per-second-usr-sys-time: 2045.617705
      bogo-ops-per-second-real-time: 2045.586210
      wall-clock-time: 10.001534
      user-time: 10.001380
      system-time: 0.000000
      cpu-usage-per-instance: 99.998460
      max-rss: 3920

...
