---
system-info:
      stress-ng-version: 0.17.08
      run-by: root
      date-yyyy-mm-dd: 2024:06:15
      time-hh-mm-ss: 10:22:08
      epoch-secs: 1718446928
      hostname: 905a243ef6d3
      sysname: Linux
      nodename: 905a243ef6d3
      release: 6.8.0-1008-aws
      version: '#8-Ubuntu SMP Sat Apr 20 00:46:25 UTC 2024'
      machine: x86_64
      compiler: 'musl-gcc 13.2.1'
      uptime: 130
      totalram: 16467779584
      freeram: 11988414464
      sharedram: 113532928
      bufferram: 108412928
      totalswap: 0
      freeswap: 0
      pagesize: 4096
      cpus: 8
      cpus-online: 8
      ticks-per-second: 100

metrics:
    - stressor: cpu
      bogo-ops: 39698
      bogo-ops-per-second-usr-sys-time: 1984.912207
      bogo-ops-per-second-real-time: 1984.892854
      wall-clock-time: 20.000072
      user-time: 19.999877
      system-time: 0.000000
      cpu-usage-per-instance: 99.999025
      max-rss: 1104

...
