BaselineInfo:
  WebDBID: -1
  TimeStamp: 20251216231737
Version:
  Major: 11
  Minor: 0
  Build: 1002
  SpecialBuildName: ""
  ptArchitecture: x86_64_linux
Results:
  Results Complete: true
  NumTestProcesses: 15
  CPU_INTEGER_MATH: 89931.652999999991
  CPU_FLOATINGPOINT_MATH: 78811.620659981025
  CPU_PRIME: 285.88337705823483
  CPU_SORTING: 56561.930534622959
  CPU_ENCRYPTION: 19427.110944564181
  CPU_COMPRESSION: 384470.24798816664
  CPU_SINGLETHREAD: 2853.9583475546115
  CPU_PHYSICS: 4583.2046395268571
  CPU_MATRIX_MULT_SSE: 36664.441413990971
  CPU_mm: 3832.5432487483499
  CPU_sse: 17021.068126760507
  CPU_fma: 50393.811699803788
  CPU_avx: 42731.573909169027
  CPU_avx512: 36511.311920230553
  m_CPU_enc_SHA: 26907733665.114449
  m_CPU_enc_AES: 17060870075.543924
  m_CPU_enc_ECDSA: 17143803116.763601
  ME_ALLOC_S: 11733.354631764498
  ME_READ_S: 27259.525195312501
  ME_READ_L: 24827.5546875
  ME_WRITE: 23679.53515625
  ME_LARGE: 69808.333333333328
  ME_LATENCY: 98.735862418310219
  ME_THREADED: 185939.6337890625
  SUMM_CPU: 34459.035946457829
  SUMM_ME: 2331.2804141921488
SystemInformation:
  OSName: Ubuntu 24.04.2 LTS
  Kernel: 6.8.0-86-generic
  Device: ""
  Processor: AMD EPYC 9124 16-Core Processor
  NumSockets: 15
  Manufacturer: AuthenticAMD
  NumCores: 15
  NumLogicals: 15
  CPUFrequency: 0
  Memory: 88380
  MemModuleInfo:
    iNumMemSticks: 1
    DIMM 1:
      manufacturer: QEMU
      modulePartNo: Not Specified
      memType: RAM
      size: 90000
      clkspeed: 0
      moduleVoltage: 0
Checksum: F14FF413296F2060628A02520B3CC94770E96A6A