BaselineInfo:
  WebDBID: -1
  TimeStamp: 20251217223230
Version:
  Major: 11
  Minor: 0
  Build: 1002
  SpecialBuildName: ""
  ptArchitecture: aarch64_linux
Results:
  Results Complete: true
  NumTestProcesses: 1
  CPU_INTEGER_MATH: 5187.7806666666665
  CPU_FLOATINGPOINT_MATH: 6024.7645620464236
  CPU_PRIME: 17.276783199537157
  CPU_SORTING: 4534.3819422557208
  CPU_ENCRYPTION: 183.94904205172801
  CPU_COMPRESSION: 6392.2564335406796
  CPU_SINGLETHREAD: 1845.0800489131402
  CPU_PHYSICS: 339.06860372073885
  CPU_MATRIX_MULT_SSE: 916.39373571519036
  CPU_mm: 111.8480145858931
  CPU_sse: 721.06032518146014
  CPU_fma: 1111.7271462489205
  CPU_avx: 0
  CPU_avx512: 0
  m_CPU_enc_SHA: 291919328.26040238
  m_CPU_enc_AES: 106670210.10448061
  m_CPU_enc_ECDSA: 180064113.7904152
  ME_ALLOC_S: 1511.9058630520587
  ME_READ_S: 20454.626171874999
  ME_READ_L: 19433.97265625
  ME_WRITE: 21077.78515625
  ME_LARGE: 670
  ME_LATENCY: 45.657727287403965
  ME_THREADED: 19450.388671875
  SUMM_CPU: 986.56994478999172
  SUMM_ME: 1151.7140556799432
SystemInformation:
  OSName: Ubuntu 24.04.2 LTS
  Kernel: 6.14.0-1018-aws
  Device: ""
  Processor: ARM Neoverse-V2 1 Core 0 MHz
  NumSockets: 1
  Manufacturer: ARM
  NumCores: 1
  NumLogicals: 1
  CPUFrequency: 0
  Memory: 3805
Checksum: A16EA4243BDA23B2654EFFD960BFDBF6B75D2170