---
system-info:
      stress-ng-version: 0.17.08
      run-by: root
      date-yyyy-mm-dd: 2024:06:26
      time-hh-mm-ss: 16:51:39
      epoch-secs: 1719420699
      hostname: n4-highmem-4-4a24047
      sysname: Linux
      nodename: n4-highmem-4-4a24047
      release: 6.8.0-1009-gcp
      version: '#10-Ubuntu SMP Wed Jun 12 18:52:23 UTC 2024'
      machine: x86_64
      compiler: 'musl-gcc 13.2.1'
      uptime: 147
      totalram: 33652580352
      freeram: 28495761408
      sharedram: 274038784
      bufferram: 122089472
      totalswap: 0
      freeswap: 0
      pagesize: 4096
      cpus: 4
      cpus-online: 4
      ticks-per-second: 100

metrics:
    - stressor: cpu
      bogo-ops: 70874
      bogo-ops-per-second-usr-sys-time: 888.690516
      bogo-ops-per-second-real-time: 3543.679417
      wall-clock-time: 20.000116
      user-time: 79.740056
      system-time: 0.010992
      cpu-usage-per-instance: 99.688231
      max-rss: 1104

...
