BaselineInfo:
  WebDBID: -1
  TimeStamp: 20251210213401
Version:
  Major: 11
  Minor: 0
  Build: 1002
  SpecialBuildName: ""
  ptArchitecture: aarch64_linux
Results:
  Results Complete: true
  NumTestProcesses: 8
  CPU_INTEGER_MATH: 41743.763666666666
  CPU_FLOATINGPOINT_MATH: 48490.854179875845
  CPU_PRIME: 139.91210425479468
  CPU_SORTING: 37153.339467409933
  CPU_ENCRYPTION: 1506.6911859435945
  CPU_COMPRESSION: 53105.293709485013
  CPU_SINGLETHREAD: 1945.1105010742137
  CPU_PHYSICS: 2603.5161265908091
  CPU_MATRIX_MULT_SSE: 7372.7720308298976
  CPU_mm: 907.28005117069381
  CPU_sse: 5799.798938538177
  CPU_fma: 8945.7451231216182
  CPU_avx: 0
  CPU_avx512: 0
  m_CPU_enc_SHA: 2352083698.0624204
  m_CPU_enc_AES: 860195151.86841869
  m_CPU_enc_ECDSA: 1527361801.0451329
  ME_ALLOC_S: 12128.933642071568
  ME_READ_S: 19701.0302734375
  ME_READ_L: 19994.234375
  ME_WRITE: 21299.8203125
  ME_LARGE: 3694.75
  ME_LATENCY: 44.937007734082471
  ME_THREADED: 145424.7109375
  SUMM_CPU: 7693.6013274955367
  SUMM_ME: 2558.7413163109677
SystemInformation:
  OSName: Ubuntu 24.04.2 LTS
  Kernel: 6.14.0-1017-aws
  Device: ""
  Processor: ARM Neoverse-V2 8 Core 0 MHz
  NumSockets: 1
  Manufacturer: ARM
  NumCores: 8
  NumLogicals: 8
  CPUFrequency: 0
  Memory: 15669
Checksum: 6AC939028951963F85AA1A6F13613A36BAF26E77