---
system-info:
      stress-ng-version: 0.17.08
      run-by: root
      date-yyyy-mm-dd: 2024:07:02
      time-hh-mm-ss: 22:40:27
      epoch-secs: 1719960027
      hostname: n2d-highmem-64-bfc4884
      sysname: Linux
      nodename: n2d-highmem-64-bfc4884
      release: 6.8.0-1009-gcp
      version: '#10-Ubuntu SMP Wed Jun 12 18:52:23 UTC 2024'
      machine: x86_64
      compiler: 'musl-gcc 13.2.1'
      uptime: 206
      totalram: 541022732288
      freeram: 534865833984
      sharedram: 68763648
      bufferram: 130580480
      totalswap: 0
      freeswap: 0
      pagesize: 4096
      cpus: 64
      cpus-online: 64
      ticks-per-second: 100

metrics:
    - stressor: cpu
      bogo-ops: 53783
      bogo-ops-per-second-usr-sys-time: 2689.241972
      bogo-ops-per-second-real-time: 2689.141024
      wall-clock-time: 20.000067
      user-time: 19.999316
      system-time: 0.000000
      cpu-usage-per-instance: 99.996246
      max-rss: 512

...
