BaselineInfo:
  WebDBID: -1
  TimeStamp: 20260620071819
Version:
  Major: 11
  Minor: 0
  Build: 1004
  SpecialBuildName: ""
  ptArchitecture: x86_64_linux
Results:
  Results Complete: true
  NumTestProcesses: 8
  CPU_INTEGER_MATH: 48668.109666666671
  CPU_FLOATINGPOINT_MATH: 29606.807206071142
  CPU_PRIME: 123.08789813221696
  CPU_SORTING: 23556.439215410213
  CPU_ENCRYPTION: 9759.9077735485716
  CPU_COMPRESSION: 183221.79794630839
  CPU_SINGLETHREAD: 3506.9682128640197
  CPU_PHYSICS: 1916.6304894555142
  CPU_MATRIX_MULT_SSE: 14303.804071362929
  CPU_mm: 1383.0979650569532
  CPU_sse: 5204.2577605848019
  CPU_fma: 15550.808169866646
  CPU_avx: 15147.760693158547
  CPU_avx512: 21312.38966184172
  m_CPU_enc_SHA: 12217213417.543619
  m_CPU_enc_AES: 10031397749.210974
  m_CPU_enc_ECDSA: 8453403993.914814
  ME_ALLOC_S: 4974.5333213998001
  ME_READ_S: 31330.676953124999
  ME_READ_L: 27959.978515625
  ME_WRITE: 29517.4921875
  ME_LARGE: 249220.83333333334
  ME_LATENCY: 82.91112605459854
  ME_THREADED: 51430.66748046875
  SUMM_CPU: 17459.972261932304
  SUMM_ME: 2598.9111964807316
SystemInformation:
  OSName: Ubuntu 24.04.4 LTS
  Kernel: 6.17.0-1018-azure
  Device: ""
  Processor: "AMD EPYC 9V45 96-Core Processor                "
  NumSockets: 1
  Manufacturer: AuthenticAMD
  NumCores: 4
  NumLogicals: 8
  CPUFrequency: 0
  CPUMaxFrequency: 0
  Memory: 257740
  CPUInfo:
    number: 1
    Family: 15
    Model: 2
    stepping: 1
    features: 395049983
    manufacture: AuthenticAMD
    typestring: "AMD EPYC 9V45 96-Core Processor                "
    iCoresPerPackage: 8
    iThreadsPerPackage: 2
    featuresEx:
      - 395049983
      - 4277809667
      - 802421759
    bHybrid: false
    nPCore: 0
    nLogicalsPerPCore: 0
    nECore: 0
    nLogicalsPerECore: 0
  MemModuleInfo:
    iNumMemSticks: 3
    DIMM 1:
      manufacturer: Microsoft Corporation
      modulePartNo: None
      memType: Unknown
      size: 1
      clkspeed: 0
      moduleVoltage: 0
    DIMM 2:
      manufacturer: Microsoft Corporation
      modulePartNo: None
      memType: Unknown
      size: 59
      clkspeed: 0
      moduleVoltage: 0
    DIMM 3:
      manufacturer: Microsoft Corporation
      modulePartNo: None
      memType: Unknown
      size: 196
      clkspeed: 0
      moduleVoltage: 0
Checksum: C5D7EF20B641EB50E3A35640D08F0DE34D754299