BaselineInfo:
  WebDBID: -1
  TimeStamp: 20241107220435
Version:
  Major: 11
  Minor: 0
  Build: 1002
  SpecialBuildName: ""
  ptArchitecture: x86_64_linux
Results:
  Results Complete: true
  NumTestProcesses: 12
  CPU_INTEGER_MATH: 31706.09133333333
  CPU_FLOATINGPOINT_MATH: 17052.92224794886
  CPU_PRIME: 61.129893817926792
  CPU_SORTING: 16727.737990474478
  CPU_ENCRYPTION: 4346.0759478775199
  CPU_COMPRESSION: 139689.48744722345
  CPU_SINGLETHREAD: 1694.9952846686733
  CPU_PHYSICS: 1179.4851352061373
  CPU_MATRIX_MULT_SSE: 8971.3490938269861
  CPU_mm: 965.44671555519972
  CPU_sse: 3424.766670018887
  CPU_fma: 10964.76489971798
  CPU_avx: 7735.4532575165085
  CPU_avx512: 13760.41154805457
  m_CPU_enc_SHA: 1434162077.1087542
  m_CPU_enc_AES: 10955132840.404253
  m_CPU_enc_ECDSA: 1282277881.8518476
  ME_ALLOC_S: 3899.8217495833164
  ME_READ_S: 20775.654101562501
  ME_READ_L: 10476.6337890625
  ME_WRITE: 9782.771484375
  ME_LARGE: 35388
  ME_LATENCY: 52.458154450881352
  ME_THREADED: 66347.69287109375
  SUMM_CPU: 10477.517757358035
  SUMM_ME: 2409.0615715440154
SystemInformation:
  OSName: Ubuntu 24.04.1 LTS
  Kernel: 6.8.0-1015-gcp
  Device: ""
  Processor: Intel Xeon CPU @ 2.20GHz
  NumSockets: 1
  Manufacturer: GenuineIntel
  NumCores: 6
  NumLogicals: 12
  CPUFrequency: 0
  Memory: 48171
  MemModuleInfo:
    iNumMemSticks: 3
    DIMM 1:
      manufacturer: ""
      modulePartNo: ""
      memType: RAM
      size: 16
      clkspeed: 0
      moduleVoltage: 0
    DIMM 2:
      manufacturer: ""
      modulePartNo: ""
      memType: RAM
      size: 16
      clkspeed: 0
      moduleVoltage: 0
    DIMM 3:
      manufacturer: ""
      modulePartNo: ""
      memType: RAM
      size: 16
      clkspeed: 0
      moduleVoltage: 0
Checksum: DD0BE061E2D8BA2C2A85647FBDF92128A54D49DD