---
system-info:
      stress-ng-version: 0.17.08
      run-by: root
      date-yyyy-mm-dd: 2024:09:03
      time-hh-mm-ss: 08:29:44
      epoch-secs: 1725352184
      hostname: sc-runner
      sysname: Linux
      nodename: sc-runner
      release: 6.8.0-1013-azure
      version: '#15-Ubuntu SMP Thu Aug  8 18:40:40 UTC 2024'
      machine: x86_64
      compiler: 'musl-gcc 13.2.1'
      uptime: 338
      totalram: 16763625472
      freeram: 8120606720
      sharedram: 54923264
      bufferram: 220602368
      totalswap: 0
      freeswap: 0
      pagesize: 4096
      cpus: 8
      cpus-online: 8
      ticks-per-second: 100

metrics:
    - stressor: cpu
      bogo-ops: 37973
      bogo-ops-per-second-usr-sys-time: 1898.628925
      bogo-ops-per-second-real-time: 1898.637801
      wall-clock-time: 20.000129
      user-time: 19.998223
      system-time: 0.001999
      cpu-usage-per-instance: 100.000467
      max-rss: 3152

...
