---
system-info:
      stress-ng-version: 0.17.08
      run-by: root
      date-yyyy-mm-dd: 2024:06:08
      time-hh-mm-ss: 15:20:24
      epoch-secs: 1717860024
      hostname: d03db0f857ba
      sysname: Linux
      nodename: d03db0f857ba
      release: 6.8.0-1008-aws
      version: '#8-Ubuntu SMP Sat Apr 20 00:46:25 UTC 2024'
      machine: x86_64
      compiler: 'musl-gcc 13.2.1'
      uptime: 107
      totalram: 8112762880
      freeram: 3794563072
      sharedram: 29184000
      bufferram: 102440960
      totalswap: 0
      freeswap: 0
      pagesize: 4096
      cpus: 2
      cpus-online: 2
      ticks-per-second: 100

metrics:
    - stressor: cpu
      bogo-ops: 29581
      bogo-ops-per-second-usr-sys-time: 1493.494481
      bogo-ops-per-second-real-time: 2957.979933
      wall-clock-time: 10.000406
      user-time: 19.801583
      system-time: 0.004985
      cpu-usage-per-instance: 99.028820
      max-rss: 3920

...
