---
system-info:
      stress-ng-version: 0.17.08
      run-by: root
      date-yyyy-mm-dd: 2024:06:15
      time-hh-mm-ss: 11:00:39
      epoch-secs: 1718449239
      hostname: e70f38924114
      sysname: Linux
      nodename: e70f38924114
      release: 6.8.0-1008-aws
      version: '#8-Ubuntu SMP Sat Apr 20 00:46:25 UTC 2024'
      machine: x86_64
      compiler: 'musl-gcc 13.2.1'
      uptime: 117
      totalram: 8112775168
      freeram: 3827417088
      sharedram: 29184000
      bufferram: 108363776
      totalswap: 0
      freeswap: 0
      pagesize: 4096
      cpus: 2
      cpus-online: 2
      ticks-per-second: 100

metrics:
    - stressor: cpu
      bogo-ops: 48889
      bogo-ops-per-second-usr-sys-time: 1233.408718
      bogo-ops-per-second-real-time: 2444.433390
      wall-clock-time: 20.000136
      user-time: 39.634329
      system-time: 0.002978
      cpu-usage-per-instance: 99.092594
      max-rss: 1104

...
