BaselineInfo:
  WebDBID: -1
  TimeStamp: 20241114194837
Version:
  Major: 11
  Minor: 0
  Build: 1002
  SpecialBuildName: ""
  ptArchitecture: x86_64_linux
Results:
  Results Complete: true
  NumTestProcesses: 2
  CPU_INTEGER_MATH: 8281.2743333333347
  CPU_FLOATINGPOINT_MATH: 4583.5152988383179
  CPU_PRIME: 19.690434146689398
  CPU_SORTING: 4600.9491856308159
  CPU_ENCRYPTION: 2156.1502528930641
  CPU_COMPRESSION: 32410.848145688513
  CPU_SINGLETHREAD: 2336.0333978519666
  CPU_PHYSICS: 394.93925590085303
  CPU_MATRIX_MULT_SSE: 1764.1832283227152
  CPU_mm: 220.19764428926214
  CPU_sse: 932.33746628334097
  CPU_fma: 2588.6878238307872
  CPU_avx: 1771.5243948540174
  CPU_avx512: 0
  m_CPU_enc_SHA: 3111309190.9489031
  m_CPU_enc_AES: 1993647555.4810455
  m_CPU_enc_ECDSA: 1677705476.302845
  ME_ALLOC_S: 967.99086951582183
  ME_READ_S: 24245.271289062501
  ME_READ_L: 19299.0390625
  ME_WRITE: 19200.0078125
  ME_LARGE: 733.91666666666663
  ME_LATENCY: 61.249616881522655
  ME_THREADED: 22433.7216796875
  SUMM_CPU: 3140.864478083171
  SUMM_ME: 1143.5619093339872
SystemInformation:
  OSName: Ubuntu 24.04.1 LTS
  Kernel: 6.8.0-1017-azure
  Device: ""
  Processor: AMD EPYC 7763 64-Core Processor
  NumSockets: 1
  Manufacturer: AuthenticAMD
  NumCores: 1
  NumLogicals: 2
  CPUFrequency: 0
  Memory: 7938
  MemModuleInfo:
    iNumMemSticks: 2
    DIMM 1:
      manufacturer: Microsoft Corporation
      modulePartNo: None
      memType: Unknown
      size: 1
      clkspeed: 0
      moduleVoltage: 0
    DIMM 2:
      manufacturer: Microsoft Corporation
      modulePartNo: None
      memType: Unknown
      size: 7
      clkspeed: 0
      moduleVoltage: 0
Checksum: C467C503ED4AD708C82BF4AC0745907391F110E3