BaselineInfo:
  WebDBID: -1
  TimeStamp: 20241106235719
Version:
  Major: 11
  Minor: 0
  Build: 1002
  SpecialBuildName: ""
  ptArchitecture: x86_64_linux
Results:
  Results Complete: true
  NumTestProcesses: 2
  CPU_INTEGER_MATH: 8265.5123333333322
  CPU_FLOATINGPOINT_MATH: 4581.2063019138495
  CPU_PRIME: 19.919630136005161
  CPU_SORTING: 4560.8707884806809
  CPU_ENCRYPTION: 2152.6090273971267
  CPU_COMPRESSION: 32778.634177722182
  CPU_SINGLETHREAD: 2333.6039836001705
  CPU_PHYSICS: 394.74207150524251
  CPU_MATRIX_MULT_SSE: 1755.1312362768881
  CPU_mm: 222.83271672613068
  CPU_sse: 944.57990076843191
  CPU_fma: 2586.9817904325337
  CPU_avx: 1733.8320176296984
  CPU_avx512: 0
  m_CPU_enc_SHA: 3116942817.5985861
  m_CPU_enc_AES: 1992996771.1815836
  m_CPU_enc_ECDSA: 1661582901.7557392
  ME_ALLOC_S: 969.58863757814879
  ME_READ_S: 24163.127343749999
  ME_READ_L: 20559.060546875
  ME_WRITE: 20278.90234375
  ME_LARGE: 647
  ME_LATENCY: 58.895908868038681
  ME_THREADED: 22559.1494140625
  SUMM_CPU: 3140.9753780688588
  SUMM_ME: 1084.1933504928122
SystemInformation:
  OSName: Ubuntu 24.04.1 LTS
  Kernel: 6.8.0-1017-azure
  Device: ""
  Processor: AMD EPYC 7763 64-Core Processor
  NumSockets: 1
  Manufacturer: AuthenticAMD
  NumCores: 1
  NumLogicals: 2
  CPUFrequency: 0
  Memory: 7938
  MemModuleInfo:
    iNumMemSticks: 2
    DIMM 1:
      manufacturer: Microsoft Corporation
      modulePartNo: None
      memType: Unknown
      size: 1
      clkspeed: 0
      moduleVoltage: 0
    DIMM 2:
      manufacturer: Microsoft Corporation
      modulePartNo: None
      memType: Unknown
      size: 7
      clkspeed: 0
      moduleVoltage: 0
Checksum: D3B38F6716D5DF27081AB3113C8DB7CC5D4066D9