BaselineInfo:
  WebDBID: -1
  TimeStamp: 20241115120351
Version:
  Major: 11
  Minor: 0
  Build: 1002
  SpecialBuildName: ""
  ptArchitecture: x86_64_linux
Results:
  Results Complete: true
  NumTestProcesses: 2
  CPU_INTEGER_MATH: 8260.6843333333345
  CPU_FLOATINGPOINT_MATH: 4573.6706292580184
  CPU_PRIME: 19.215105504182461
  CPU_SORTING: 4527.3401629380915
  CPU_ENCRYPTION: 2151.567753607143
  CPU_COMPRESSION: 31786.345240528964
  CPU_SINGLETHREAD: 2336.0072326130585
  CPU_PHYSICS: 391.34370357458579
  CPU_MATRIX_MULT_SSE: 1739.7466888051949
  CPU_mm: 223.34407853216243
  CPU_sse: 946.68425281247642
  CPU_fma: 2573.0870055444975
  CPU_avx: 1699.4688080586111
  CPU_avx512: 0
  m_CPU_enc_SHA: 3113197539.0018024
  m_CPU_enc_AES: 1990361368.37673
  m_CPU_enc_ECDSA: 1664688019.0405583
  ME_ALLOC_S: 930.59955181723308
  ME_READ_S: 24167.211523437501
  ME_READ_L: 19456.8671875
  ME_WRITE: 19293.78125
  ME_LARGE: 629
  ME_LATENCY: 60.942562863188449
  ME_THREADED: 22534.083984375
  SUMM_CPU: 3109.7768253032964
  SUMM_ME: 1054.0572876454066
SystemInformation:
  OSName: Ubuntu 24.04.1 LTS
  Kernel: 6.8.0-1017-azure
  Device: ""
  Processor: AMD EPYC 7763 64-Core Processor
  NumSockets: 1
  Manufacturer: AuthenticAMD
  NumCores: 1
  NumLogicals: 2
  CPUFrequency: 0
  Memory: 7938
  MemModuleInfo:
    iNumMemSticks: 2
    DIMM 1:
      manufacturer: Microsoft Corporation
      modulePartNo: None
      memType: Unknown
      size: 1
      clkspeed: 0
      moduleVoltage: 0
    DIMM 2:
      manufacturer: Microsoft Corporation
      modulePartNo: None
      memType: Unknown
      size: 7
      clkspeed: 0
      moduleVoltage: 0
Checksum: 1F2565895D35E2C92760B5B49981A265A8823448