BaselineInfo:
  WebDBID: -1
  TimeStamp: 20251202203014
Version:
  Major: 11
  Minor: 0
  Build: 1002
  SpecialBuildName: ""
  ptArchitecture: x86_64_linux
Results:
  Results Complete: true
  NumTestProcesses: 96
  CPU_INTEGER_MATH: 706331.99799999991
  CPU_FLOATINGPOINT_MATH: 647691.48829644499
  CPU_PRIME: 2137.759582370245
  CPU_SORTING: 328809.70671762148
  CPU_ENCRYPTION: 136678.45181644036
  CPU_COMPRESSION: 2404713.4824752687
  CPU_SINGLETHREAD: 3810.8791613443323
  CPU_PHYSICS: 28718.616257397458
  CPU_MATRIX_MULT_SSE: 201696.69825003284
  CPU_mm: 23654.58397293304
  CPU_sse: 76817.917335348859
  CPU_fma: 270458.63110983517
  CPU_avx: 157356.06492121157
  CPU_avx512: 302154.17963373609
  m_CPU_enc_SHA: 192213513964.79239
  m_CPU_enc_AES: 123551466912.44252
  m_CPU_enc_ECDSA: 114188251998.3924
  ME_ALLOC_S: 42558.119652838948
  ME_READ_S: 33884.825390625003
  ME_READ_L: 32687.240234375
  ME_WRITE: 32783.27734375
  ME_LARGE: 175547.75
  ME_LATENCY: 86.60744622317236
  ME_THREADED: 740339.216796875
  SUMM_CPU: 139164.11920231392
  SUMM_ME: 2815.7053093897539
SystemInformation:
  OSName: Ubuntu 24.04.2 LTS
  Kernel: 6.14.0-1017-aws
  Device: ""
  Processor: AMD EPYC 9R45
  NumSockets: 1
  Manufacturer: AuthenticAMD
  NumCores: 96
  NumLogicals: 96
  CPUFrequency: 0
  Memory: 189633
  MemModuleInfo:
    iNumMemSticks: 1
    DIMM 1:
      manufacturer: Not Specified
      modulePartNo: Not Specified
      memType: DDR5
      size: 192
      clkspeed: 3200
      moduleVoltage: 0
Checksum: 616C37103C89A22B07B675B0EF3FCDBC5DA0D9DB