---
system-info:
      stress-ng-version: 0.17.08
      run-by: root
      date-yyyy-mm-dd: 2024:07:02
      time-hh-mm-ss: 19:12:56
      epoch-secs: 1719947576
      hostname: n4-highcpu-48-9083c7f
      sysname: Linux
      nodename: n4-highcpu-48-9083c7f
      release: 6.8.0-1009-gcp
      version: '#10-Ubuntu SMP Wed Jun 12 18:52:23 UTC 2024'
      machine: x86_64
      compiler: 'musl-gcc 13.2.1'
      uptime: 145
      totalram: 101229875200
      freeram: 95529828352
      sharedram: 274210816
      bufferram: 129224704
      totalswap: 0
      freeswap: 0
      pagesize: 4096
      cpus: 48
      cpus-online: 48
      ticks-per-second: 100

metrics:
    - stressor: cpu
      bogo-ops: 34047
      bogo-ops-per-second-usr-sys-time: 1702.372386
      bogo-ops-per-second-real-time: 1702.347281
      wall-clock-time: 20.000032
      user-time: 19.999737
      system-time: 0.000000
      cpu-usage-per-instance: 99.998525
      max-rss: 1152

...
