---
system-info:
      stress-ng-version: 0.17.08
      run-by: root
      date-yyyy-mm-dd: 2024:06:19
      time-hh-mm-ss: 13:44:50
      epoch-secs: 1718804690
      hostname: 6c62a5c472d7
      sysname: Linux
      nodename: 6c62a5c472d7
      release: 6.8.0-1008-gcp
      version: '#9-Ubuntu SMP Wed May 22 18:09:04 UTC 2024'
      machine: x86_64
      compiler: 'musl-gcc 13.2.1'
      uptime: 164
      totalram: 8324943872
      freeram: 3423186944
      sharedram: 34967552
      bufferram: 128749568
      totalswap: 0
      freeswap: 0
      pagesize: 4096
      cpus: 2
      cpus-online: 2
      ticks-per-second: 100

metrics:
    - stressor: cpu
      bogo-ops: 57703
      bogo-ops-per-second-usr-sys-time: 2885.394104
      bogo-ops-per-second-real-time: 2885.144669
      wall-clock-time: 20.000037
      user-time: 19.998308
      system-time: 0.000000
      cpu-usage-per-instance: 99.991355
      max-rss: 1104

...
