---
system-info:
      stress-ng-version: 0.17.08
      run-by: root
      date-yyyy-mm-dd: 2024:06:07
      time-hh-mm-ss: 22:10:04
      epoch-secs: 1717798204
      hostname: ace6b8fd78ea
      sysname: Linux
      nodename: ace6b8fd78ea
      release: 6.8.0-31-generic
      version: '#31-Ubuntu SMP PREEMPT_DYNAMIC Sat Apr 20 00:40:06 UTC 2024'
      machine: x86_64
      compiler: 'musl-gcc 13.2.1'
      uptime: 69
      totalram: 8127913984
      freeram: 4688920576
      sharedram: 21233664
      bufferram: 96821248
      totalswap: 0
      freeswap: 0
      pagesize: 4096
      cpus: 4
      cpus-online: 4
      ticks-per-second: 100

metrics:
    - stressor: cpu
      bogo-ops: 53621
      bogo-ops-per-second-usr-sys-time: 1349.216043
      bogo-ops-per-second-real-time: 5361.183367
      wall-clock-time: 10.001710
      user-time: 39.735350
      system-time: 0.006988
      cpu-usage-per-instance: 99.338860
      max-rss: 4176

...
