---
system-info:
      stress-ng-version: 0.17.08
      run-by: root
      date-yyyy-mm-dd: 2024:06:14
      time-hh-mm-ss: 21:56:27
      epoch-secs: 1718402187
      hostname: f888311af955
      sysname: Linux
      nodename: f888311af955
      release: 6.8.0-31-generic
      version: '#31-Ubuntu SMP PREEMPT_DYNAMIC Sat Apr 20 00:40:06 UTC 2024'
      machine: x86_64
      compiler: 'musl-gcc 13.2.1'
      uptime: 68
      totalram: 8127905792
      freeram: 4605337600
      sharedram: 21233664
      bufferram: 111394816
      totalswap: 0
      freeswap: 0
      pagesize: 4096
      cpus: 4
      cpus-online: 4
      ticks-per-second: 100

metrics:
    - stressor: cpu
      bogo-ops: 214067
      bogo-ops-per-second-usr-sys-time: 2687.364547
      bogo-ops-per-second-real-time: 10703.315358
      wall-clock-time: 20.000065
      user-time: 79.633869
      system-time: 0.022983
      cpu-usage-per-instance: 99.570743
      max-rss: 1104

...
