---
system-info:
      stress-ng-version: 0.17.08
      run-by: root
      date-yyyy-mm-dd: 2024:06:08
      time-hh-mm-ss: 14:18:17
      epoch-secs: 1717856297
      hostname: 78d14cb67ad1
      sysname: Linux
      nodename: 78d14cb67ad1
      release: 6.8.0-1008-aws
      version: '#8-Ubuntu SMP Sat Apr 20 00:46:25 UTC 2024'
      machine: x86_64
      compiler: 'musl-gcc 13.2.1'
      uptime: 115
      totalram: 66681200640
      freeram: 62166380544
      sharedram: 40841216
      bufferram: 102146048
      totalswap: 0
      freeswap: 0
      pagesize: 4096
      cpus: 16
      cpus-online: 16
      ticks-per-second: 100

metrics:
    - stressor: cpu
      bogo-ops: 160117
      bogo-ops-per-second-usr-sys-time: 1002.122716
      bogo-ops-per-second-real-time: 16008.788264
      wall-clock-time: 10.001819
      user-time: 159.754849
      system-time: 0.022988
      cpu-usage-per-instance: 99.842988
      max-rss: 4048

...
