---
system-info:
      stress-ng-version: 0.17.08
      run-by: root
      date-yyyy-mm-dd: 2024:06:14
      time-hh-mm-ss: 20:21:21
      epoch-secs: 1718396481
      hostname: 9a2a8dcce62e
      sysname: Linux
      nodename: 9a2a8dcce62e
      release: 6.8.0-1008-aws
      version: '#8-Ubuntu SMP Sat Apr 20 00:46:25 UTC 2024'
      machine: x86_64
      compiler: 'musl-gcc 13.2.1'
      uptime: 130
      totalram: 66681204736
      freeram: 62191562752
      sharedram: 40841216
      bufferram: 108572672
      totalswap: 0
      freeswap: 0
      pagesize: 4096
      cpus: 16
      cpus-online: 16
      ticks-per-second: 100

metrics:
    - stressor: cpu
      bogo-ops: 269850
      bogo-ops-per-second-usr-sys-time: 844.510224
      bogo-ops-per-second-real-time: 13492.437543
      wall-clock-time: 20.000093
      user-time: 319.506336
      system-time: 0.027984
      cpu-usage-per-instance: 99.854013
      max-rss: 1084

...
