---
system-info:
      stress-ng-version: 0.17.08
      run-by: root
      date-yyyy-mm-dd: 2024:07:03
      time-hh-mm-ss: 05:52:36
      epoch-secs: 1719985956
      hostname: c2-standard-60-67603f6
      sysname: Linux
      nodename: c2-standard-60-67603f6
      release: 6.8.0-1009-gcp
      version: '#10-Ubuntu SMP Wed Jun 12 18:52:23 UTC 2024'
      machine: x86_64
      compiler: 'musl-gcc 13.2.1'
      uptime: 187
      totalram: 253529931776
      freeram: 247373553664
      sharedram: 53538816
      bufferram: 131817472
      totalswap: 0
      freeswap: 0
      pagesize: 4096
      cpus: 60
      cpus-online: 60
      ticks-per-second: 100

metrics:
    - stressor: cpu
      bogo-ops: 31207
      bogo-ops-per-second-usr-sys-time: 1560.495828
      bogo-ops-per-second-real-time: 1560.339416
      wall-clock-time: 20.000136
      user-time: 19.998131
      system-time: 0.000000
      cpu-usage-per-instance: 99.989977
      max-rss: 480

...
