---
system-info:
      stress-ng-version: 0.17.08
      run-by: root
      date-yyyy-mm-dd: 2024:06:08
      time-hh-mm-ss: 04:24:49
      epoch-secs: 1717820689
      hostname: f6a92f48ce41
      sysname: Linux
      nodename: f6a92f48ce41
      release: 6.8.0-1008-aws
      version: '#8-Ubuntu SMP Sat Apr 20 00:46:25 UTC 2024'
      machine: x86_64
      compiler: 'musl-gcc 13.2.1'
      uptime: 131
      totalram: 133622259712
      freeram: 129149210624
      sharedram: 40796160
      bufferram: 96608256
      totalswap: 0
      freeswap: 0
      pagesize: 4096
      cpus: 16
      cpus-online: 16
      ticks-per-second: 100

metrics:
    - stressor: cpu
      bogo-ops: 13893
      bogo-ops-per-second-usr-sys-time: 1389.241513
      bogo-ops-per-second-real-time: 1389.202226
      wall-clock-time: 10.000704
      user-time: 9.999422
      system-time: 0.000999
      cpu-usage-per-instance: 99.997172
      max-rss: 3920

...
