BaselineInfo:
  WebDBID: -1
  TimeStamp: 20241110022533
Version:
  Major: 11
  Minor: 0
  Build: 1002
  SpecialBuildName: ""
  ptArchitecture: x86_64_linux
Results:
  Results Complete: true
  NumTestProcesses: 80
  CPU_INTEGER_MATH: 248874.00433333343
  CPU_FLOATINGPOINT_MATH: 133363.51456333222
  CPU_PRIME: 311.44811535320065
  CPU_SORTING: 119902.40601449224
  CPU_ENCRYPTION: 32896.945127231062
  CPU_COMPRESSION: 1052922.5484676047
  CPU_SINGLETHREAD: 2114.3358416714782
  CPU_PHYSICS: 4899.8696550938212
  CPU_MATRIX_MULT_SSE: 67974.699792866566
  CPU_mm: 6997.9063837891435
  CPU_sse: 25477.021622121796
  CPU_fma: 81721.983357357996
  CPU_avx: 58331.941828117881
  CPU_avx512: 106367.8523638685
  m_CPU_enc_SHA: 10995198568.537247
  m_CPU_enc_AES: 82670067585.160843
  m_CPU_enc_ECDSA: 9819575247.4962311
  ME_ALLOC_S: 22751.32650962751
  ME_READ_S: 25377.864453124999
  ME_READ_L: 11750.046875
  ME_WRITE: 10944.015625
  ME_LARGE: 494835.41666666669
  ME_LATENCY: 47.771029914017788
  ME_THREADED: 205612.85693359375
  SUMM_CPU: 53855.925023927761
  SUMM_ME: 2949.9222445114156
SystemInformation:
  OSName: Ubuntu 24.04.1 LTS
  Kernel: 6.8.0-1017-azure
  Device: ""
  Processor: Intel Xeon Platinum 8272CL CPU @ 2.60GHz
  NumSockets: 2
  Manufacturer: GenuineIntel
  NumCores: 40
  NumLogicals: 80
  CPUFrequency: 0
  Memory: 507886
  MemModuleInfo:
    iNumMemSticks: 4
    DIMM 1:
      manufacturer: Microsoft Corporation
      modulePartNo: None
      memType: Unknown
      size: 1
      clkspeed: 0
      moduleVoltage: 0
    DIMM 2:
      manufacturer: Microsoft Corporation
      modulePartNo: None
      memType: Unknown
      size: 60928
      clkspeed: 0
      moduleVoltage: 0
    DIMM 3:
      manufacturer: Microsoft Corporation
      modulePartNo: None
      memType: Unknown
      size: 196096
      clkspeed: 0
      moduleVoltage: 0
    DIMM 4:
      manufacturer: Microsoft Corporation
      modulePartNo: None
      memType: Unknown
      size: 252
      clkspeed: 0
      moduleVoltage: 0
Checksum: 2A331417F496904F81CF6A4C57AE734193D02DAE