BaselineInfo:
  WebDBID: -1
  TimeStamp: 20260624215407
Version:
  Major: 11
  Minor: 0
  Build: 1004
  SpecialBuildName: ""
  ptArchitecture: x86_64_linux
Results:
  Results Complete: true
  NumTestProcesses: 160
  CPU_INTEGER_MATH: 957345.84766666649
  CPU_FLOATINGPOINT_MATH: 558417.20299899962
  CPU_PRIME: 1293.0373508611067
  CPU_SORTING: 367715.28716159065
  CPU_ENCRYPTION: 180033.88707087951
  CPU_COMPRESSION: 2955443.442222347
  CPU_SINGLETHREAD: 3816.0161818352476
  CPU_PHYSICS: 22572.878638272734
  CPU_MATRIX_MULT_SSE: 195329.18832555236
  CPU_mm: 20539.120483144503
  CPU_sse: 78463.31887925019
  CPU_fma: 213826.09532888499
  CPU_avx: 208517.37413669625
  CPU_avx512: 280509.96495737846
  m_CPU_enc_SHA: 233010949022.26566
  m_CPU_enc_AES: 185118850462.2514
  m_CPU_enc_ECDSA: 148207840023.18643
  ME_ALLOC_S: 41687.713190568669
  ME_READ_S: 34162.343359375001
  ME_READ_L: 31264.91796875
  ME_WRITE: 30679.919921875
  ME_LARGE: 309828.66666666669
  ME_LATENCY: 77.969265610847842
  ME_THREADED: 591061.982421875
  SUMM_CPU: 145894.28247265919
  SUMM_ME: 3020.422159641043
SystemInformation:
  OSName: Ubuntu 24.04.4 LTS
  Kernel: 6.17.0-1018-azure
  Device: ""
  Processor: "AMD EPYC 9V45 96-Core Processor                "
  NumSockets: 1
  Manufacturer: AuthenticAMD
  NumCores: 80
  NumLogicals: 160
  CPUFrequency: 0
  CPUMaxFrequency: 0
  Memory: 322389
  CPUInfo:
    number: 1
    Family: 15
    Model: 2
    stepping: 1
    features: 395049983
    manufacture: AuthenticAMD
    typestring: "AMD EPYC 9V45 96-Core Processor                "
    iCoresPerPackage: 128
    iThreadsPerPackage: 2
    featuresEx:
      - 395049983
      - 4277809667
      - 802421759
    bHybrid: false
    nPCore: 0
    nLogicalsPerPCore: 0
    nECore: 0
    nLogicalsPerECore: 0
  MemModuleInfo:
    iNumMemSticks: 7
    DIMM 1:
      manufacturer: Microsoft Corporation
      modulePartNo: None
      memType: Unknown
      size: 1
      clkspeed: 0
      moduleVoltage: 0
    DIMM 2:
      manufacturer: Microsoft Corporation
      modulePartNo: None
      memType: Unknown
      size: 59
      clkspeed: 0
      moduleVoltage: 0
    DIMM 3:
      manufacturer: Microsoft Corporation
      modulePartNo: None
      memType: Unknown
      size: 4
      clkspeed: 0
      moduleVoltage: 0
    DIMM 4:
      manufacturer: Microsoft Corporation
      modulePartNo: None
      memType: Unknown
      size: 64
      clkspeed: 0
      moduleVoltage: 0
    DIMM 5:
      manufacturer: Microsoft Corporation
      modulePartNo: None
      memType: Unknown
      size: 64
      clkspeed: 0
      moduleVoltage: 0
    DIMM 6:
      manufacturer: Microsoft Corporation
      modulePartNo: None
      memType: Unknown
      size: 64
      clkspeed: 0
      moduleVoltage: 0
    DIMM 7:
      manufacturer: Microsoft Corporation
      modulePartNo: None
      memType: Unknown
      size: 64
      clkspeed: 0
      moduleVoltage: 0
Checksum: 86D4B18E9CEEA78536A61FBF3DBAA6D8D4BDAB30