BaselineInfo:
  WebDBID: -1
  TimeStamp: 20241107175902
Version:
  Major: 11
  Minor: 0
  Build: 1002
  SpecialBuildName: ""
  ptArchitecture: aarch64_linux
Results:
  Results Complete: true
  NumTestProcesses: 8
  CPU_INTEGER_MATH: 50434.305666666674
  CPU_FLOATINGPOINT_MATH: 42363.169178956494
  CPU_PRIME: 114.40397096854161
  CPU_SORTING: 41204.756087077287
  CPU_ENCRYPTION: 1493.4603531577518
  CPU_COMPRESSION: 54038.409718135721
  CPU_SINGLETHREAD: 1878.0744399414268
  CPU_PHYSICS: 2637.9656686593225
  CPU_MATRIX_MULT_SSE: 7151.9555115200883
  CPU_mm: 1145.6744177044607
  CPU_sse: 6034.0055732491073
  CPU_fma: 8269.9054497910693
  CPU_avx: 0
  CPU_avx512: 0
  m_CPU_enc_SHA: 2181193980.0057597
  m_CPU_enc_AES: 968948879.33212805
  m_CPU_enc_ECDSA: 1547877190.4803417
  ME_ALLOC_S: 10021.796209874139
  ME_READ_S: 25611.810156250001
  ME_READ_L: 19117.04296875
  ME_WRITE: 25604.505859375
  ME_LARGE: 54042.083333333336
  ME_LATENCY: 52.909330563583559
  ME_THREADED: 144492.708984375
  SUMM_CPU: 7740.4712679356126
  SUMM_ME: 3220.540188362168
SystemInformation:
  OSName: Ubuntu 24.04.1 LTS
  Kernel: 6.8.0-1017-azure
  Device: ""
  Processor: ARM Neoverse-N2 8 Core 0 MHz
  NumSockets: 1
  Manufacturer: ARM
  NumCores: 8
  NumLogicals: 8
  CPUFrequency: 0
  Memory: 64173
Checksum: 9005B52AE59E8D83DF3B022149602B33EBCA5927