---
system-info:
      stress-ng-version: 0.17.08
      run-by: root
      date-yyyy-mm-dd: 2024:07:03
      time-hh-mm-ss: 03:40:17
      epoch-secs: 1719978017
      hostname: n1-standard-64-ce7223a
      sysname: Linux
      nodename: n1-standard-64-ce7223a
      release: 6.8.0-1009-gcp
      version: '#10-Ubuntu SMP Wed Jun 12 18:52:23 UTC 2024'
      machine: x86_64
      compiler: 'musl-gcc 13.2.1'
      uptime: 189
      totalram: 253327388672
      freeram: 247527309312
      sharedram: 48836608
      bufferram: 131440640
      totalswap: 0
      freeswap: 0
      pagesize: 4096
      cpus: 64
      cpus-online: 64
      ticks-per-second: 100

metrics:
    - stressor: cpu
      bogo-ops: 25597
      bogo-ops-per-second-usr-sys-time: 1280.006481
      bogo-ops-per-second-real-time: 1279.831341
      wall-clock-time: 20.000292
      user-time: 19.997555
      system-time: 0.000000
      cpu-usage-per-instance: 99.986317
      max-rss: 512

...
