BaselineInfo:
  WebDBID: -1
  TimeStamp: 20260612165732
Version:
  Major: 11
  Minor: 0
  Build: 1004
  SpecialBuildName: ""
  ptArchitecture: x86_64_linux
Results:
  Results Complete: true
  NumTestProcesses: 8
  CPU_INTEGER_MATH: 54652.510333333332
  CPU_FLOATINGPOINT_MATH: 42812.481443247394
  CPU_PRIME: 69.493745192780409
  CPU_SORTING: 25505.656847422455
  CPU_ENCRYPTION: 5934.781980171465
  CPU_COMPRESSION: 196689.96284683346
  CPU_SINGLETHREAD: 3293.2692304408588
  CPU_PHYSICS: 1157.521161256594
  CPU_MATRIX_MULT_SSE: 11658.306598267818
  CPU_mm: 1653.4775005243621
  CPU_sse: 6356.6490649325342
  CPU_fma: 16397.605761117858
  CPU_avx: 12220.664968753063
  CPU_avx512: 0
  m_CPU_enc_SHA: 2726891638.1685753
  m_CPU_enc_AES: 13572815324.556046
  m_CPU_enc_ECDSA: 2369502886.1962008
  ME_ALLOC_S: 4735.6500582332965
  ME_READ_S: 33465.403710937499
  ME_READ_L: 16262.0634765625
  ME_WRITE: 13670.65234375
  ME_LARGE: 23748.916666666668
  ME_LATENCY: 43.850893029458121
  ME_THREADED: 37070.012939453125
  SUMM_CPU: 16168.885669818805
  SUMM_ME: 3043.4338870122174
SystemInformation:
  OSName: Ubuntu 24.04.4 LTS
  Kernel: 6.8.0-124-generic
  Device: ""
  Processor: Intel Core Processor (Skylake, IBRS, no TSX)
  NumSockets: 1
  Manufacturer: GenuineIntel
  NumCores: 4
  NumLogicals: 8
  CPUFrequency: 7
  CPUMaxFrequency: 832
  Memory: 32089
  CPUInfo:
    number: 1
    Family: 6
    Model: 14
    stepping: 3
    features: 395049983
    manufacture: GenuineIntel
    typestring: Intel Core Processor (Skylake, IBRS, no TSX)
    iCoresPerPackage: 4
    iThreadsPerPackage: 2
    featuresEx:
      - 395049983
      - 4294586883
      - 672139264
    bHybrid: false
    nPCore: 0
    nLogicalsPerPCore: 0
    nECore: 0
    nLogicalsPerECore: 0
  MemModuleInfo:
    iNumMemSticks: 2
    DIMM 1:
      manufacturer: QEMU
      modulePartNo: Not Specified
      memType: RAM
      size: 16
      clkspeed: 0
      moduleVoltage: 0
    DIMM 2:
      manufacturer: QEMU
      modulePartNo: Not Specified
      memType: RAM
      size: 16
      clkspeed: 0
      moduleVoltage: 0
Checksum: 01C0E6C2B83155F97DF7525C871EF69E9DE8EFC0