---
system-info:
      stress-ng-version: 0.17.08
      run-by: root
      date-yyyy-mm-dd: 2024:07:03
      time-hh-mm-ss: 15:14:58
      epoch-secs: 1720019698
      hostname: n2-highmem-96-ff6bf24
      sysname: Linux
      nodename: n2-highmem-96-ff6bf24
      release: 6.8.0-1009-gcp
      version: '#10-Ubuntu SMP Wed Jun 12 18:52:23 UTC 2024'
      machine: x86_64
      compiler: 'musl-gcc 13.2.1'
      uptime: 142
      totalram: 811591729152
      freeram: 804828790784
      sharedram: 115478528
      bufferram: 132132864
      totalswap: 0
      freeswap: 0
      pagesize: 4096
      cpus: 96
      cpus-online: 96
      ticks-per-second: 100

metrics:
    - stressor: cpu
      bogo-ops: 1810517
      bogo-ops-per-second-usr-sys-time: 943.353809
      bogo-ops-per-second-real-time: 90525.444061
      wall-clock-time: 20.000090
      user-time: 1919.179340
      system-time: 0.054973
      cpu-usage-per-instance: 99.959672
      max-rss: 768

...
