BaselineInfo:
  WebDBID: -1
  TimeStamp: 20241111064255
Version:
  Major: 11
  Minor: 0
  Build: 1002
  SpecialBuildName: ""
  ptArchitecture: x86_64_linux
Results:
  Results Complete: true
  NumTestProcesses: 224
  CPU_INTEGER_MATH: 748648.51866666612
  CPU_FLOATINGPOINT_MATH: 528718.05811331701
  CPU_PRIME: 1505.8885733190657
  CPU_SORTING: 417154.56345822295
  CPU_ENCRYPTION: 96101.588596449204
  CPU_COMPRESSION: 3784728.4106058762
  CPU_SINGLETHREAD: 2126.2665640564014
  CPU_PHYSICS: 22983.616227304796
  CPU_MATRIX_MULT_SSE: 274908.28834323102
  CPU_mm: 34216.07595053898
  CPU_sse: 130157.96969388737
  CPU_fma: 364438.82353933429
  CPU_avx: 247062.86825645345
  CPU_avx512: 357973.49188324937
  m_CPU_enc_SHA: 52550131944.994713
  m_CPU_enc_AES: 203723963011.12128
  m_CPU_enc_ECDSA: 46035363136.214928
  ME_ALLOC_S: 18387.880845811495
  ME_READ_S: 21232.664453124999
  ME_READ_L: 3849.68359375
  ME_WRITE: 5330.94384765625
  ME_LARGE: 6146686.75
  ME_LATENCY: 69.097665967010855
  ME_THREADED: 632268.9052734375
  SUMM_CPU: 101185.20810372222
  SUMM_ME: 1649.0169615774544
SystemInformation:
  OSName: Ubuntu 24.04.1 LTS
  Kernel: 6.8.0-1016-aws
  Device: ""
  Processor: Intel Xeon Platinum 8176M CPU @ 2.10GHz
  NumSockets: 8
  Manufacturer: GenuineIntel
  NumCores: 224
  NumLogicals: 224
  CPUFrequency: 0
  Memory: 6167753
  MemModuleInfo:
    iNumMemSticks: 8
    DIMM 1:
      manufacturer: Not Specified
      modulePartNo: Not Specified
      memType: DDR4
      size: 768
      clkspeed: 1466
      moduleVoltage: 0
    DIMM 2:
      manufacturer: Not Specified
      modulePartNo: Not Specified
      memType: DDR4
      size: 768
      clkspeed: 1466
      moduleVoltage: 0
    DIMM 3:
      manufacturer: Not Specified
      modulePartNo: Not Specified
      memType: DDR4
      size: 768
      clkspeed: 1466
      moduleVoltage: 0
    DIMM 4:
      manufacturer: Not Specified
      modulePartNo: Not Specified
      memType: DDR4
      size: 768
      clkspeed: 1466
      moduleVoltage: 0
    DIMM 5:
      manufacturer: Not Specified
      modulePartNo: Not Specified
      memType: DDR4
      size: 768
      clkspeed: 1466
      moduleVoltage: 0
    DIMM 6:
      manufacturer: Not Specified
      modulePartNo: Not Specified
      memType: DDR4
      size: 768
      clkspeed: 1466
      moduleVoltage: 0
    DIMM 7:
      manufacturer: Not Specified
      modulePartNo: Not Specified
      memType: DDR4
      size: 768
      clkspeed: 1466
      moduleVoltage: 0
    DIMM 8:
      manufacturer: Not Specified
      modulePartNo: Not Specified
      memType: DDR4
      size: 768
      clkspeed: 1466
      moduleVoltage: 0
Checksum: 810C8E69412CF3B9C0220043CD845C4FBE28F8A5