BaselineInfo:
  WebDBID: -1
  TimeStamp: 20241107204517
Version:
  Major: 11
  Minor: 0
  Build: 1002
  SpecialBuildName: ""
  ptArchitecture: x86_64_linux
Results:
  Results Complete: true
  NumTestProcesses: 4
  CPU_INTEGER_MATH: 16654.162333333334
  CPU_FLOATINGPOINT_MATH: 8521.944126281167
  CPU_PRIME: 36.462275559729065
  CPU_SORTING: 8712.2381571649366
  CPU_ENCRYPTION: 3617.5519024766331
  CPU_COMPRESSION: 62581.302035063854
  CPU_SINGLETHREAD: 2356.0388268861939
  CPU_PHYSICS: 718.36725728871306
  CPU_MATRIX_MULT_SSE: 3385.7777820635683
  CPU_mm: 359.10585922564519
  CPU_sse: 1580.3232586754204
  CPU_fma: 4341.2194128394458
  CPU_avx: 3207.6413042154454
  CPU_avx512: 4413.9271525239619
  m_CPU_enc_SHA: 3660706447.835464
  m_CPU_enc_AES: 5502929601.8098354
  m_CPU_enc_ECDSA: 2216198261.4287148
  ME_ALLOC_S: 1969.2229426637045
  ME_READ_S: 23651.702343749999
  ME_READ_L: 10468.255859375
  ME_WRITE: 9874.2724609375
  ME_LARGE: 21583.083333333332
  ME_LATENCY: 64.443446908025479
  ME_THREADED: 29653.90478515625
  SUMM_CPU: 5830.6138009120405
  SUMM_ME: 2080.7969278093619
SystemInformation:
  OSName: Ubuntu 24.04.1 LTS
  Kernel: 6.8.0-1016-aws
  Device: ""
  Processor: Intel Xeon Platinum 8375C CPU @ 2.90GHz
  NumSockets: 1
  Manufacturer: GenuineIntel
  NumCores: 2
  NumLogicals: 4
  CPUFrequency: 0
  Memory: 31558
  MemModuleInfo:
    iNumMemSticks: 1
    DIMM 1:
      manufacturer: Not Specified
      modulePartNo: Not Specified
      memType: DDR4
      size: 32
      clkspeed: 1600
      moduleVoltage: 0
Checksum: FD2BD1826368151EDC4F60D4B4CA644EDA1CED70