BaselineInfo:
  WebDBID: -1
  TimeStamp: 20241109041919
Version:
  Major: 11
  Minor: 0
  Build: 1002
  SpecialBuildName: ""
  ptArchitecture: x86_64_linux
Results:
  Results Complete: true
  NumTestProcesses: 32
  CPU_INTEGER_MATH: 93712.544999999998
  CPU_FLOATINGPOINT_MATH: 50211.371605419998
  CPU_PRIME: 133.24374754071059
  CPU_SORTING: 47885.227765622898
  CPU_ENCRYPTION: 12866.303171969932
  CPU_COMPRESSION: 409587.38089713128
  CPU_SINGLETHREAD: 1877.3260320720108
  CPU_PHYSICS: 2394.8386634756735
  CPU_MATRIX_MULT_SSE: 27222.627015322869
  CPU_mm: 2850.8201060660972
  CPU_sse: 10240.047696940142
  CPU_fma: 32392.501757273953
  CPU_avx: 22869.179014964262
  CPU_avx512: 43388.779592113111
  m_CPU_enc_SHA: 4231045706.3031039
  m_CPU_enc_AES: 32463545890.477943
  m_CPU_enc_ECDSA: 3779298547.773581
  ME_ALLOC_S: 10868.774886656836
  ME_READ_S: 22859.056640625
  ME_READ_L: 10301.8056640625
  ME_WRITE: 9966.3076171875
  ME_LARGE: 243876.91666666666
  ME_LATENCY: 51.873692617115999
  ME_THREADED: 111542.58056640625
  SUMM_CPU: 26402.656237349114
  SUMM_ME: 2620.3975970299612
SystemInformation:
  OSName: Ubuntu 24.04.1 LTS
  Kernel: 6.8.0-1016-aws
  Device: ""
  Processor: Intel Xeon Platinum 8259CL CPU @ 2.50GHz
  NumSockets: 1
  Manufacturer: GenuineIntel
  NumCores: 16
  NumLogicals: 32
  CPUFrequency: 0
  Memory: 255010
  MemModuleInfo:
    iNumMemSticks: 1
    DIMM 1:
      manufacturer: Not Specified
      modulePartNo: Not Specified
      memType: DDR4
      size: 256
      clkspeed: 1600
      moduleVoltage: 0
Checksum: 90EDB2CCC9F83169228D5E3BDB47A083B9EB43C2