BaselineInfo:
  WebDBID: -1
  TimeStamp: 20260403215623
Version:
  Major: 11
  Minor: 0
  Build: 1004
  SpecialBuildName: ""
  ptArchitecture: x86_64_linux
Results:
  Results Complete: true
  NumTestProcesses: 2
  CPU_INTEGER_MATH: 6365.9783333333326
  CPU_FLOATINGPOINT_MATH: 3405.2161784162472
  CPU_PRIME: 15.608482061225896
  CPU_SORTING: 4000.8389132763418
  CPU_ENCRYPTION: 879.06759246423439
  CPU_COMPRESSION: 29316.596977008143
  CPU_SINGLETHREAD: 2065.884885562838
  CPU_PHYSICS: 299.9373629291797
  CPU_MATRIX_MULT_SSE: 1663.5509461196375
  CPU_mm: 193.77652133315138
  CPU_sse: 689.03561340154465
  CPU_fma: 2157.4833464035528
  CPU_avx: 1528.2979489611171
  CPU_avx512: 2279.386875712335
  m_CPU_enc_SHA: 288206582.51836091
  m_CPU_enc_AES: 2218785150.6111336
  m_CPU_enc_ECDSA: 258315806.37783682
  ME_ALLOC_S: 745.99911138658479
  ME_READ_S: 24191.881054687499
  ME_READ_L: 11052.998046875
  ME_WRITE: 9872.0751953125
  ME_LARGE: 2763.3333333333335
  ME_LATENCY: 54.724120266815099
  ME_THREADED: 12268.14697265625
  SUMM_CPU: 2341.7819510348131
  SUMM_ME: 1539.8913115417563
SystemInformation:
  OSName: Ubuntu 24.04.4 LTS
  Kernel: 6.8.0-106-generic
  Device: ""
  Processor: Intel(R) Xeon(R) Platinum 8269CY CPU T 3.10GHz
  NumSockets: 1
  Manufacturer: GenuineIntel
  NumCores: 1
  NumLogicals: 2
  CPUFrequency: 3100
  CPUMaxFrequency: 3800
  Memory: 15340
  CPUInfo:
    number: 1
    Family: 6
    Model: 5
    stepping: 7
    features: 529267711
    manufacture: GenuineIntel
    typestring: Intel(R) Xeon(R) Platinum 8269CY CPU T 3.10GHz
    iCoresPerPackage: 1
    iThreadsPerPackage: 2
    featuresEx:
      - 529267711
      - 4277809667
      - 739248128
    bHybrid: false
    nPCore: 0
    nLogicalsPerPCore: 0
    nECore: 0
    nLogicalsPerECore: 0
  MemModuleInfo:
    iNumMemSticks: 1
    DIMM 1:
      manufacturer: Alibaba Cloud
      modulePartNo: Not Specified
      memType: RAM
      size: 16
      clkspeed: 0
      moduleVoltage: 0
Checksum: 4578096904E90710E0D1BE25F7CB756D21702669