---
system-info:
      stress-ng-version: 0.17.08
      run-by: root
      date-yyyy-mm-dd: 2024:06:08
      time-hh-mm-ss: 20:39:58
      epoch-secs: 1717879198
      hostname: d11c20080787
      sysname: Linux
      nodename: d11c20080787
      release: 6.8.0-1008-aws
      version: '#8-Ubuntu SMP Sat Apr 20 02:43:14 UTC 2024'
      machine: aarch64
      compiler: 'musl-gcc 13.2.1'
      uptime: 109
      totalram: 265454903296
      freeram: 260527796224
      sharedram: 35246080
      bufferram: 104628224
      totalswap: 0
      freeswap: 0
      pagesize: 4096
      cpus: 64
      cpus-online: 64
      ticks-per-second: 100

metrics:
    - stressor: cpu
      bogo-ops: 273014
      bogo-ops-per-second-usr-sys-time: 424.277520
      bogo-ops-per-second-real-time: 27139.091855
      wall-clock-time: 10.059806
      user-time: 643.443786
      system-time: 0.035981
      cpu-usage-per-instance: 99.945976
      max-rss: 3584

...
