---
system-info:
      stress-ng-version: 0.17.08
      run-by: root
      date-yyyy-mm-dd: 2024:06:15
      time-hh-mm-ss: 05:19:27
      epoch-secs: 1718428767
      hostname: 4612aca79302
      sysname: Linux
      nodename: 4612aca79302
      release: 6.8.0-1008-aws
      version: '#8-Ubuntu SMP Sat Apr 20 02:43:14 UTC 2024'
      machine: aarch64
      compiler: 'musl-gcc 13.2.1'
      uptime: 115
      totalram: 265454907392
      freeram: 260681764864
      sharedram: 35246080
      bufferram: 107589632
      totalswap: 0
      freeswap: 0
      pagesize: 4096
      cpus: 64
      cpus-online: 64
      ticks-per-second: 100

metrics:
    - stressor: cpu
      bogo-ops: 1958546
      bogo-ops-per-second-usr-sys-time: 1530.670271
      bogo-ops-per-second-real-time: 97926.949713
      wall-clock-time: 20.000072
      user-time: 1279.513891
      system-time: 0.020988
      cpu-usage-per-instance: 99.963305
      max-rss: 512

...
