BaselineInfo:
  WebDBID: -1
  TimeStamp: 20260708165837
Version:
  Major: 11
  Minor: 0
  Build: 1004
  SpecialBuildName: ""
  ptArchitecture: x86_64_linux
Results:
  Results Complete: true
  NumTestProcesses: 4
  CPU_INTEGER_MATH: 26699.147666666664
  CPU_FLOATINGPOINT_MATH: 16287.00573587138
  CPU_PRIME: 70.386617098426612
  CPU_SORTING: 13257.299117408902
  CPU_ENCRYPTION: 5367.7706614115232
  CPU_COMPRESSION: 102441.17821444469
  CPU_SINGLETHREAD: 3782.4204669140818
  CPU_PHYSICS: 1300.8112920985661
  CPU_MATRIX_MULT_SSE: 7889.7632183593932
  CPU_mm: 737.78774794106835
  CPU_sse: 2855.676175562714
  CPU_fma: 8660.9116562980853
  CPU_avx: 8504.5517453567827
  CPU_avx512: 11537.913296219991
  m_CPU_enc_SHA: 6724936505.2486019
  m_CPU_enc_AES: 5498380540.1919365
  m_CPU_enc_ECDSA: 4662229421.7402096
  ME_ALLOC_S: 2769.7130939606895
  ME_READ_S: 34178.197656249999
  ME_READ_L: 30315.537109375
  ME_WRITE: 30282.025390625
  ME_LARGE: 7622.666666666667
  ME_LATENCY: 80.113642953915416
  ME_THREADED: 48470.8623046875
  SUMM_CPU: 10076.928313523365
  SUMM_ME: 2378.8275110191094
SystemInformation:
  OSName: Ubuntu 24.04.4 LTS
  Kernel: 6.17.0-1018-azure
  Device: ""
  Processor: "AMD EPYC 9V45 96-Core Processor                "
  NumSockets: 1
  Manufacturer: AuthenticAMD
  NumCores: 2
  NumLogicals: 4
  CPUFrequency: 0
  CPUMaxFrequency: 0
  Memory: 15989
  CPUInfo:
    number: 1
    Family: 15
    Model: 2
    stepping: 1
    features: 395049983
    manufacture: AuthenticAMD
    typestring: "AMD EPYC 9V45 96-Core Processor                "
    iCoresPerPackage: 8
    iThreadsPerPackage: 2
    featuresEx:
      - 395049983
      - 4277809667
      - 802421759
    bHybrid: false
    nPCore: 0
    nLogicalsPerPCore: 0
    nECore: 0
    nLogicalsPerECore: 0
  MemModuleInfo:
    iNumMemSticks: 2
    DIMM 1:
      manufacturer: Microsoft Corporation
      modulePartNo: None
      memType: Unknown
      size: 1
      clkspeed: 0
      moduleVoltage: 0
    DIMM 2:
      manufacturer: Microsoft Corporation
      modulePartNo: None
      memType: Unknown
      size: 15
      clkspeed: 0
      moduleVoltage: 0
Checksum: 2CD2914043EA4AB1268C86BE985FFEE58B680834