BaselineInfo:
  WebDBID: -1
  TimeStamp: 20260404111518
Version:
  Major: 11
  Minor: 0
  Build: 1004
  SpecialBuildName: ""
  ptArchitecture: x86_64_linux
Results:
  Results Complete: true
  NumTestProcesses: 8
  CPU_INTEGER_MATH: 19661.651333333331
  CPU_FLOATINGPOINT_MATH: 10559.826728214302
  CPU_PRIME: 42.506784581570194
  CPU_SORTING: 12059.833886744265
  CPU_ENCRYPTION: 2724.4167249968104
  CPU_COMPRESSION: 92073.074061414198
  CPU_SINGLETHREAD: 1650.0736018903006
  CPU_PHYSICS: 769.17987629549464
  CPU_MATRIX_MULT_SSE: 6075.9598741711206
  CPU_mm: 599.45541127562785
  CPU_sse: 2162.3990338112148
  CPU_fma: 7314.0086395965654
  CPU_avx: 5170.9609723590256
  CPU_avx512: 9656.4708509176744
  m_CPU_enc_SHA: 889798224.84523559
  m_CPU_enc_AES: 6875832794.2251415
  m_CPU_enc_ECDSA: 804642956.42038941
  ME_ALLOC_S: 2212.3834051831791
  ME_READ_S: 19440.1865234375
  ME_READ_L: 6705.84033203125
  ME_WRITE: 6989.80810546875
  ME_LARGE: 3675.75
  ME_LATENCY: 75.501488007927719
  ME_THREADED: 38030.05419921875
  SUMM_CPU: 6992.0410046315428
  SUMM_ME: 1522.2073486373631
SystemInformation:
  OSName: Ubuntu 24.04.4 LTS
  Kernel: 6.8.0-106-generic
  Device: ""
  Processor: Intel(R) Xeon(R) Platinum 8269CY CPU @ 2.50GHz
  NumSockets: 1
  Manufacturer: GenuineIntel
  NumCores: 4
  NumLogicals: 8
  CPUFrequency: 0
  CPUMaxFrequency: 0
  Memory: 15606
  CPUInfo:
    number: 1
    Family: 6
    Model: 5
    stepping: 7
    features: 529267711
    manufacture: GenuineIntel
    typestring: Intel(R) Xeon(R) Platinum 8269CY CPU @ 2.50GHz
    iCoresPerPackage: 4
    iThreadsPerPackage: 2
    featuresEx:
      - 529267711
      - 4277809667
      - 739248128
    bHybrid: false
    nPCore: 0
    nLogicalsPerPCore: 0
    nECore: 0
    nLogicalsPerECore: 0
  MemModuleInfo:
    iNumMemSticks: 1
    DIMM 1:
      manufacturer: Alibaba Cloud
      modulePartNo: Not Specified
      memType: RAM
      size: 16
      clkspeed: 0
      moduleVoltage: 0
Checksum: 97B3F476962DCC28830B6A7D69FAEC52DFE238FA