BaselineInfo:
  WebDBID: -1
  TimeStamp: 20251006202814
Version:
  Major: 11
  Minor: 0
  Build: 1002
  SpecialBuildName: ""
  ptArchitecture: x86_64_linux
Results:
  Results Complete: true
  NumTestProcesses: 2
  CPU_INTEGER_MATH: 10289.556666666667
  CPU_FLOATINGPOINT_MATH: 7432.4163139986877
  CPU_PRIME: 22.898683879024201
  CPU_SORTING: 5381.2084591373514
  CPU_ENCRYPTION: 2297.4671837021888
  CPU_COMPRESSION: 40475.248693230511
  CPU_SINGLETHREAD: 3251.9376811738193
  CPU_PHYSICS: 509.32374447061096
  CPU_MATRIX_MULT_SSE: 2736.877439099113
  CPU_mm: 303.67583154195938
  CPU_sse: 1238.1958444243992
  CPU_fma: 3267.2972035721091
  CPU_avx: 2662.4611063718994
  CPU_avx512: 3779.5556020280433
  m_CPU_enc_SHA: 2403041575.5858922
  m_CPU_enc_AES: 3118270507.4861856
  m_CPU_enc_ECDSA: 1705894765.7810416
  ME_ALLOC_S: 1553.2390258733533
  ME_READ_S: 29124.200000000001
  ME_READ_L: 12222.568359375
  ME_WRITE: 11662.6796875
  ME_LARGE: 1108.75
  ME_LATENCY: 73.901166914831677
  ME_THREADED: 17849.7099609375
  SUMM_CPU: 4094.4870227885099
  SUMM_ME: 1276.5372451863457
SystemInformation:
  OSName: Ubuntu 24.04.2 LTS
  Kernel: 6.14.0-1014-aws
  Device: ""
  Processor: Intel Xeon 6975P-C
  NumSockets: 1
  Manufacturer: GenuineIntel
  NumCores: 1
  NumLogicals: 2
  CPUFrequency: 0
  Memory: 3816
  MemModuleInfo:
    iNumMemSticks: 1
    DIMM 1:
      manufacturer: Not Specified
      modulePartNo: Not Specified
      memType: DDR5
      size: 4
      clkspeed: 3600
      moduleVoltage: 0
Checksum: 9623641DEF0044A2726207D3B5DA2C62CF60EC66