BaselineInfo:
  WebDBID: -1
  TimeStamp: 20241108062123
Version:
  Major: 11
  Minor: 0
  Build: 1002
  SpecialBuildName: ""
  ptArchitecture: x86_64_linux
Results:
  Results Complete: true
  NumTestProcesses: 8
  CPU_INTEGER_MATH: 33521.111666666664
  CPU_FLOATINGPOINT_MATH: 17143.39742089553
  CPU_PRIME: 73.423849063751859
  CPU_SORTING: 17566.204849831665
  CPU_ENCRYPTION: 7304.6728171953109
  CPU_COMPRESSION: 123827.17060463681
  CPU_SINGLETHREAD: 2368.6476312310933
  CPU_PHYSICS: 1438.6485907890967
  CPU_MATRIX_MULT_SSE: 7425.7140598161395
  CPU_mm: 719.51207040621671
  CPU_sse: 3180.4311314704064
  CPU_fma: 8739.0733640399121
  CPU_avx: 6451.4103631999624
  CPU_avx512: 11331.941380554279
  m_CPU_enc_SHA: 7347571565.3451004
  m_CPU_enc_AES: 11066192096.758589
  m_CPU_enc_ECDSA: 4564750149.7864866
  ME_ALLOC_S: 4013.6279758427277
  ME_READ_S: 24289.373046875
  ME_READ_L: 12220.0849609375
  ME_WRITE: 10740.7109375
  ME_LARGE: 53274.25
  ME_LATENCY: 59.672862987575947
  ME_THREADED: 55060.00927734375
  SUMM_CPU: 11458.75104980272
  SUMM_ME: 2453.0384192085685
SystemInformation:
  OSName: Ubuntu 24.04.1 LTS
  Kernel: 6.8.0-1016-aws
  Device: ""
  Processor: Intel Xeon Platinum 8375C CPU @ 2.90GHz
  NumSockets: 1
  Manufacturer: GenuineIntel
  NumCores: 4
  NumLogicals: 8
  CPUFrequency: 0
  Memory: 63260
  MemModuleInfo:
    iNumMemSticks: 1
    DIMM 1:
      manufacturer: Not Specified
      modulePartNo: Not Specified
      memType: DDR4
      size: 64
      clkspeed: 1600
      moduleVoltage: 0
Checksum: DE36D385545B353A109A4FC1AD0412D13F622AAB