BaselineInfo:
  WebDBID: -1
  TimeStamp: 20260620221424
Version:
  Major: 11
  Minor: 0
  Build: 1004
  SpecialBuildName: ""
  ptArchitecture: x86_64_linux
Results:
  Results Complete: true
  NumTestProcesses: 48
  CPU_INTEGER_MATH: 357910.7159999999
  CPU_FLOATINGPOINT_MATH: 355709.9530002629
  CPU_PRIME: 1165.4681396096314
  CPU_SORTING: 183772.73583356163
  CPU_ENCRYPTION: 73237.480048004902
  CPU_COMPRESSION: 1360404.6568877075
  CPU_SINGLETHREAD: 3826.235977133033
  CPU_PHYSICS: 15628.217408613535
  CPU_MATRIX_MULT_SSE: 116191.56601994859
  CPU_mm: 13729.312885799493
  CPU_sse: 43498.723858232974
  CPU_fma: 154119.56667279487
  CPU_avx: 89328.517521917471
  CPU_avx512: 177819.45602684896
  m_CPU_enc_SHA: 103123820158.60652
  m_CPU_enc_AES: 64538207323.708656
  m_CPU_enc_ECDSA: 62723164154.13517
  ME_ALLOC_S: 38923.867665745849
  ME_READ_S: 34010.682421874997
  ME_READ_L: 30769.474609375
  ME_WRITE: 30655.318359375
  ME_LARGE: 377070.75
  ME_LATENCY: 78.10084822842208
  ME_THREADED: 408168.1484375
  SUMM_CPU: 98569.223601458449
  SUMM_ME: 3003.7290179116881
SystemInformation:
  OSName: Ubuntu 24.04.4 LTS
  Kernel: 6.17.0-1018-azure
  Device: ""
  Processor: "AMD EPYC 9V45 96-Core Processor                "
  NumSockets: 1
  Manufacturer: AuthenticAMD
  NumCores: 48
  NumLogicals: 48
  CPUFrequency: 0
  CPUMaxFrequency: 0
  Memory: 386748
  CPUInfo:
    number: 1
    Family: 15
    Model: 2
    stepping: 1
    features: 395049983
    manufacture: AuthenticAMD
    typestring: "AMD EPYC 9V45 96-Core Processor                "
    iCoresPerPackage: 64
    iThreadsPerPackage: 1
    featuresEx:
      - 395049983
      - 4277809667
      - 802421759
    bHybrid: false
    nPCore: 0
    nLogicalsPerPCore: 0
    nECore: 0
    nLogicalsPerECore: 0
  MemModuleInfo:
    iNumMemSticks: 3
    DIMM 1:
      manufacturer: Microsoft Corporation
      modulePartNo: None
      memType: Unknown
      size: 1
      clkspeed: 0
      moduleVoltage: 0
    DIMM 2:
      manufacturer: Microsoft Corporation
      modulePartNo: None
      memType: Unknown
      size: 59
      clkspeed: 0
      moduleVoltage: 0
    DIMM 3:
      manufacturer: Microsoft Corporation
      modulePartNo: None
      memType: Unknown
      size: 324
      clkspeed: 0
      moduleVoltage: 0
Checksum: C38EFAA0F60151D154FE2EA59D73606422939B5A