BaselineInfo:
  WebDBID: -1
  TimeStamp: 20260404161452
Version:
  Major: 11
  Minor: 0
  Build: 1004
  SpecialBuildName: ""
  ptArchitecture: x86_64_linux
Results:
  Results Complete: true
  NumTestProcesses: 16
  CPU_INTEGER_MATH: 51332.645000000011
  CPU_FLOATINGPOINT_MATH: 27530.828142512437
  CPU_PRIME: 94.800707905096658
  CPU_SORTING: 31098.572171591612
  CPU_ENCRYPTION: 7104.0652668731582
  CPU_COMPRESSION: 236426.95012461947
  CPU_SINGLETHREAD: 2156.6489046509191
  CPU_PHYSICS: 1658.8995358104603
  CPU_MATRIX_MULT_SSE: 14388.090179990941
  CPU_mm: 1563.4305080210199
  CPU_sse: 5537.666147416483
  CPU_fma: 17432.181082036288
  CPU_avx: 12318.788789065244
  CPU_avx512: 22263.724701445732
  m_CPU_enc_SHA: 2320943806.7903337
  m_CPU_enc_AES: 17926723039.749931
  m_CPU_enc_ECDSA: 2099790177.2900991
  ME_ALLOC_S: 5932.339065447145
  ME_READ_S: 24762.245898437501
  ME_READ_L: 10281.4365234375
  ME_WRITE: 10021.4931640625
  ME_LARGE: 49708.666666666664
  ME_LATENCY: 51.911141027202056
  ME_THREADED: 88367.75146484375
  SUMM_CPU: 16805.513641155208
  SUMM_ME: 2579.7190924096135
SystemInformation:
  OSName: Ubuntu 24.04.4 LTS
  Kernel: 6.8.0-106-generic
  Device: ""
  Processor: Intel(R) Xeon(R) Platinum 8269CY CPU T 3.10GHz
  NumSockets: 1
  Manufacturer: GenuineIntel
  NumCores: 8
  NumLogicals: 16
  CPUFrequency: 3100
  CPUMaxFrequency: 3800
  Memory: 62874
  CPUInfo:
    number: 1
    Family: 6
    Model: 5
    stepping: 7
    features: 529267711
    manufacture: GenuineIntel
    typestring: Intel(R) Xeon(R) Platinum 8269CY CPU T 3.10GHz
    iCoresPerPackage: 8
    iThreadsPerPackage: 2
    featuresEx:
      - 529267711
      - 4277809667
      - 739248128
    bHybrid: false
    nPCore: 0
    nLogicalsPerPCore: 0
    nECore: 0
    nLogicalsPerECore: 0
  MemModuleInfo:
    iNumMemSticks: 4
    DIMM 1:
      manufacturer: Alibaba Cloud
      modulePartNo: Not Specified
      memType: RAM
      size: 16
      clkspeed: 0
      moduleVoltage: 0
    DIMM 2:
      manufacturer: Alibaba Cloud
      modulePartNo: Not Specified
      memType: RAM
      size: 16
      clkspeed: 0
      moduleVoltage: 0
    DIMM 3:
      manufacturer: Alibaba Cloud
      modulePartNo: Not Specified
      memType: RAM
      size: 16
      clkspeed: 0
      moduleVoltage: 0
    DIMM 4:
      manufacturer: Alibaba Cloud
      modulePartNo: Not Specified
      memType: RAM
      size: 16
      clkspeed: 0
      moduleVoltage: 0
Checksum: 8F9847E187F895C1436EA78CC2649B19DAF3A1E4