BaselineInfo:
  WebDBID: -1
  TimeStamp: 20241109110047
Version:
  Major: 11
  Minor: 0
  Build: 1002
  SpecialBuildName: ""
  ptArchitecture: x86_64_linux
Results:
  Results Complete: true
  NumTestProcesses: 128
  CPU_INTEGER_MATH: 588421.46966666693
  CPU_FLOATINGPOINT_MATH: 323271.30575589108
  CPU_PRIME: 731.8707382408553
  CPU_SORTING: 280497.70976318989
  CPU_ENCRYPTION: 151445.72885356707
  CPU_COMPRESSION: 2171227.8365622461
  CPU_SINGLETHREAD: 2624.2705150752913
  CPU_PHYSICS: 12637.242225234389
  CPU_MATRIX_MULT_SSE: 115803.58321429059
  CPU_mm: 14316.705099764069
  CPU_sse: 59258.125996261631
  CPU_fma: 158029.3234949639
  CPU_avx: 130123.30015164624
  CPU_avx512: 0
  m_CPU_enc_SHA: 220017329901.90161
  m_CPU_enc_AES: 140628072722.54306
  m_CPU_enc_ECDSA: 115761667110.62894
  ME_ALLOC_S: 29680.578471086679
  ME_READ_S: 26561.309960937499
  ME_READ_L: 17232.78125
  ME_WRITE: 16753.982421875
  ME_LARGE: 239015.66666666666
  ME_LATENCY: 61.820276539098295
  ME_THREADED: 240297.7021484375
  SUMM_CPU: 98563.736839257137
  SUMM_ME: 2959.3499083850202
SystemInformation:
  OSName: Ubuntu 24.04.1 LTS
  Kernel: 6.8.0-1016-aws
  Device: ""
  Processor: AMD EPYC 7R13 Processor
  NumSockets: 2
  Manufacturer: AuthenticAMD
  NumCores: 64
  NumLogicals: 128
  CPUFrequency: 0
  Memory: 252374
  MemModuleInfo:
    iNumMemSticks: 4
    DIMM 1:
      manufacturer: Not Specified
      modulePartNo: Not Specified
      memType: DDR4
      size: 64
      clkspeed: 1466
      moduleVoltage: 0
    DIMM 2:
      manufacturer: Not Specified
      modulePartNo: Not Specified
      memType: DDR4
      size: 64
      clkspeed: 1466
      moduleVoltage: 0
    DIMM 3:
      manufacturer: Not Specified
      modulePartNo: Not Specified
      memType: DDR4
      size: 64
      clkspeed: 1466
      moduleVoltage: 0
    DIMM 4:
      manufacturer: Not Specified
      modulePartNo: Not Specified
      memType: DDR4
      size: 64
      clkspeed: 1466
      moduleVoltage: 0
Checksum: F85F3E09C85097343FDE270CE4C5170F0322CF2D