BaselineInfo:
  WebDBID: -1
  TimeStamp: 20260625011147
Version:
  Major: 11
  Minor: 0
  Build: 1004
  SpecialBuildName: ""
  ptArchitecture: x86_64_linux
Results:
  Results Complete: true
  NumTestProcesses: 96
  CPU_INTEGER_MATH: 483751.51833333325
  CPU_FLOATINGPOINT_MATH: 349426.07160880591
  CPU_PRIME: 942.67716364708053
  CPU_SORTING: 242925.96524996802
  CPU_ENCRYPTION: 106003.99682273983
  CPU_COMPRESSION: 1854156.800791899
  CPU_SINGLETHREAD: 3537.2365935743883
  CPU_PHYSICS: 14357.14184943832
  CPU_MATRIX_MULT_SSE: 127024.43817393116
  CPU_mm: 13673.043321135083
  CPU_sse: 57930.150139392026
  CPU_fma: 152569.03027558586
  CPU_avx: 117597.11791685523
  CPU_avx512: 180001.45436389156
  m_CPU_enc_SHA: 112396946164.13193
  m_CPU_enc_AES: 146852694209.59485
  m_CPU_enc_ECDSA: 74210100543.476807
  ME_ALLOC_S: 33091.291301329999
  ME_READ_S: 30827.372460937499
  ME_READ_L: 23489.91015625
  ME_WRITE: 8525.099609375
  ME_LARGE: 762043.08333333337
  ME_LATENCY: 70.679103966600323
  ME_THREADED: 374556.86279296875
  SUMM_CPU: 108743.75668447951
  SUMM_ME: 2717.6640800973551
SystemInformation:
  OSName: Ubuntu 24.04.4 LTS
  Kernel: 6.17.0-1018-azure
  Device: ""
  Processor: Intel(R) Xeon(R) 6973P-C
  NumSockets: 1
  Manufacturer: GenuineIntel
  NumCores: 48
  NumLogicals: 96
  CPUFrequency: 2600
  CPUMaxFrequency: 2600
  Memory: 773993
  CPUInfo:
    number: 1
    Family: 6
    Model: 13
    stepping: 1
    features: 529267711
    manufacture: GenuineIntel
    typestring: Intel(R) Xeon(R) 6973P-C
    iCoresPerPackage: 64
    iThreadsPerPackage: 2
    featuresEx:
      - 529267711
      - 4294586915
      - 739248128
    bHybrid: false
    nPCore: 0
    nLogicalsPerPCore: 0
    nECore: 0
    nLogicalsPerECore: 0
  MemModuleInfo:
    iNumMemSticks: 4
    DIMM 1:
      manufacturer: Microsoft Corporation
      modulePartNo: None
      memType: Unknown
      size: 1
      clkspeed: 0
      moduleVoltage: 0
    DIMM 2:
      manufacturer: Microsoft Corporation
      modulePartNo: None
      memType: Unknown
      size: 59
      clkspeed: 0
      moduleVoltage: 0
    DIMM 3:
      manufacturer: Microsoft Corporation
      modulePartNo: None
      memType: Unknown
      size: 324
      clkspeed: 0
      moduleVoltage: 0
    DIMM 4:
      manufacturer: Microsoft Corporation
      modulePartNo: None
      memType: Unknown
      size: 384
      clkspeed: 0
      moduleVoltage: 0
Checksum: CC7D75E67818B26D1445A1DD0FA70F06EF7CA019