---
system-info:
      stress-ng-version: 0.17.08
      run-by: root
      date-yyyy-mm-dd: 2024:06:21
      time-hh-mm-ss: 06:50:55
      epoch-secs: 1718952655
      hostname: e28cef3b9fb8
      sysname: Linux
      nodename: e28cef3b9fb8
      release: 6.8.0-1008-gcp
      version: '#9-Ubuntu SMP Wed May 22 18:09:04 UTC 2024'
      machine: x86_64
      compiler: 'musl-gcc 13.2.1'
      uptime: 183
      totalram: 33652191232
      freeram: 28529238016
      sharedram: 59146240
      bufferram: 133967872
      totalswap: 0
      freeswap: 0
      pagesize: 4096
      cpus: 8
      cpus-online: 8
      ticks-per-second: 100

metrics:
    - stressor: cpu
      bogo-ops: 116147
      bogo-ops-per-second-usr-sys-time: 728.689382
      bogo-ops-per-second-real-time: 5807.314832
      wall-clock-time: 20.000121
      user-time: 159.368764
      system-time: 0.022882
      cpu-usage-per-instance: 99.619175
      max-rss: 1164

...
