---
system-info:
      stress-ng-version: 0.17.08
      run-by: root
      date-yyyy-mm-dd: 2024:06:08
      time-hh-mm-ss: 11:18:27
      epoch-secs: 1717845507
      hostname: 42d4f8873a44
      sysname: Linux
      nodename: 42d4f8873a44
      release: 6.8.0-1008-aws
      version: '#8-Ubuntu SMP Sat Apr 20 00:46:25 UTC 2024'
      machine: x86_64
      compiler: 'musl-gcc 13.2.1'
      uptime: 147
      totalram: 66330988544
      freeram: 61921648640
      sharedram: 11743232
      bufferram: 100642816
      totalswap: 0
      freeswap: 0
      pagesize: 4096
      cpus: 16
      cpus-online: 16
      ticks-per-second: 100

metrics:
    - stressor: cpu
      bogo-ops: 122558
      bogo-ops-per-second-usr-sys-time: 767.258569
      bogo-ops-per-second-real-time: 12250.919685
      wall-clock-time: 10.003984
      user-time: 159.669966
      system-time: 0.064972
      cpu-usage-per-instance: 99.794582
      max-rss: 3920

...
