BaselineInfo:
  WebDBID: -1
  TimeStamp: 20250614153806
Version:
  Major: 11
  Minor: 0
  Build: 1002
  SpecialBuildName: ""
  ptArchitecture: x86_64_linux
Results:
  Results Complete: true
  NumTestProcesses: 24
  CPU_INTEGER_MATH: 113993.86066666667
  CPU_FLOATINGPOINT_MATH: 63771.626241648788
  CPU_PRIME: 236.48159433027533
  CPU_SORTING: 67828.518952077575
  CPU_ENCRYPTION: 28950.817481491857
  CPU_COMPRESSION: 464190.62637110212
  CPU_SINGLETHREAD: 2902.1755804553886
  CPU_PHYSICS: 3758.1862511775794
  CPU_MATRIX_MULT_SSE: 32861.430977987227
  CPU_mm: 3053.2309275806865
  CPU_sse: 13316.902445748481
  CPU_fma: 42095.198011501045
  CPU_avx: 34797.259320765203
  CPU_avx512: 41236.364133934178
  m_CPU_enc_SHA: 40458568753.219528
  m_CPU_enc_AES: 27456304110.930122
  m_CPU_enc_ECDSA: 23156524310.268787
  ME_ALLOC_S: 11117.050730412248
  ME_READ_S: 27883.818554687499
  ME_READ_L: 26377.95703125
  ME_WRITE: 25689.95703125
  ME_LARGE: 183228.91666666666
  ME_LATENCY: 79.269709216800436
  ME_THREADED: 78083.21484375
  SUMM_CPU: 37615.864707610584
  SUMM_ME: 2686.5171007866834
SystemInformation:
  OSName: Ubuntu 24.04.2 LTS
  Kernel: 6.11.0-1015-azure
  Device: ""
  Processor: AMD EPYC 9V74 80-Core Processor
  NumSockets: 1
  Manufacturer: AuthenticAMD
  NumCores: 12
  NumLogicals: 24
  CPUFrequency: 0
  Memory: 193228
  MemModuleInfo:
    iNumMemSticks: 3
    DIMM 1:
      manufacturer: Microsoft Corporation
      modulePartNo: None
      memType: Unknown
      size: 1
      clkspeed: 0
      moduleVoltage: 0
    DIMM 2:
      manufacturer: Microsoft Corporation
      modulePartNo: None
      memType: Unknown
      size: 59
      clkspeed: 0
      moduleVoltage: 0
    DIMM 3:
      manufacturer: Microsoft Corporation
      modulePartNo: None
      memType: Unknown
      size: 132
      clkspeed: 0
      moduleVoltage: 0
Checksum: 105C54451F3142B8D98DB497B8738D316B4B7525