---
system-info:
      stress-ng-version: 0.17.08
      run-by: root
      date-yyyy-mm-dd: 2024:07:12
      time-hh-mm-ss: 05:32:57
      epoch-secs: 1720762377
      hostname: ip-172-31-7-17
      sysname: Linux
      nodename: ip-172-31-7-17
      release: 6.8.0-1010-aws
      version: '#10-Ubuntu SMP Thu Jun 13 17:36:15 UTC 2024'
      machine: x86_64
      compiler: 'musl-gcc 13.2.1'
      uptime: 190
      totalram: 133616513024
      freeram: 125437472768
      sharedram: 41021440
      bufferram: 129798144
      totalswap: 0
      freeswap: 0
      pagesize: 4096
      cpus: 32
      cpus-online: 32
      ticks-per-second: 100

metrics:
    - stressor: cpu
      bogo-ops: 540575
      bogo-ops-per-second-usr-sys-time: 845.263496
      bogo-ops-per-second-real-time: 27028.612851
      wall-clock-time: 20.000101
      user-time: 639.507319
      system-time: 0.026983
      cpu-usage-per-instance: 99.926728
      max-rss: 1032

...
