---
system-info:
      stress-ng-version: 0.17.08
      run-by: root
      date-yyyy-mm-dd: 2024:07:03
      time-hh-mm-ss: 03:15:29
      epoch-secs: 1719976529
      hostname: n2d-highmem-80-f36b0d7
      sysname: Linux
      nodename: n2d-highmem-80-f36b0d7
      release: 6.8.0-1009-gcp
      version: '#10-Ubuntu SMP Wed Jun 12 18:52:23 UTC 2024'
      machine: x86_64
      compiler: 'musl-gcc 13.2.1'
      uptime: 170
      totalram: 676306051072
      freeram: 669734150144
      sharedram: 69197824
      bufferram: 129495040
      totalswap: 0
      freeswap: 0
      pagesize: 4096
      cpus: 80
      cpus-online: 80
      ticks-per-second: 100

metrics:
    - stressor: cpu
      bogo-ops: 2160588
      bogo-ops-per-second-usr-sys-time: 1351.237352
      bogo-ops-per-second-real-time: 108029.080189
      wall-clock-time: 20.000059
      user-time: 1598.918039
      system-time: 0.051969
      cpu-usage-per-instance: 99.935330
      max-rss: 640

...
