---
system-info:
      stress-ng-version: 0.17.08
      run-by: root
      date-yyyy-mm-dd: 2024:06:15
      time-hh-mm-ss: 13:57:17
      epoch-secs: 1718459837
      hostname: 8b850b3e3fcc
      sysname: Linux
      nodename: 8b850b3e3fcc
      release: 6.8.0-1008-aws
      version: '#8-Ubuntu SMP Sat Apr 20 00:46:25 UTC 2024'
      machine: x86_64
      compiler: 'musl-gcc 13.2.1'
      uptime: 174
      totalram: 515633979392
      freeram: 510296207360
      sharedram: 96256000
      bufferram: 109268992
      totalswap: 0
      freeswap: 0
      pagesize: 4096
      cpus: 64
      cpus-online: 64
      ticks-per-second: 100

metrics:
    - stressor: cpu
      bogo-ops: 587228
      bogo-ops-per-second-usr-sys-time: 459.060812
      bogo-ops-per-second-real-time: 29361.129468
      wall-clock-time: 20.000184
      user-time: 1279.160381
      system-time: 0.033976
      cpu-usage-per-instance: 99.936138
      max-rss: 512

...
