---
system-info:
      stress-ng-version: 0.17.08
      run-by: root
      date-yyyy-mm-dd: 2024:06:09
      time-hh-mm-ss: 11:41:56
      epoch-secs: 1717933316
      hostname: 4b26759dbc9a
      sysname: Linux
      nodename: 4b26759dbc9a
      release: 6.8.0-1008-aws
      version: '#8-Ubuntu SMP Sat Apr 20 00:46:25 UTC 2024'
      machine: x86_64
      compiler: 'musl-gcc 13.2.1'
      uptime: 138
      totalram: 515633975296
      freeram: 510318526464
      sharedram: 96256000
      bufferram: 107372544
      totalswap: 0
      freeswap: 0
      pagesize: 4096
      cpus: 64
      cpus-online: 64
      ticks-per-second: 100

metrics:
    - stressor: cpu
      bogo-ops: 462648
      bogo-ops-per-second-usr-sys-time: 723.510308
      bogo-ops-per-second-real-time: 46253.040391
      wall-clock-time: 10.002542
      user-time: 639.324145
      system-time: 0.124934
      cpu-usage-per-instance: 99.888522
      max-rss: 3584

...
