BaselineInfo:
  WebDBID: -1
  TimeStamp: 20241108194405
Version:
  Major: 11
  Minor: 0
  Build: 1002
  SpecialBuildName: ""
  ptArchitecture: aarch64_linux
Results:
  Results Complete: true
  NumTestProcesses: 48
  CPU_INTEGER_MATH: 221115.37099999998
  CPU_FLOATINGPOINT_MATH: 168307.87163702233
  CPU_PRIME: 213.27200778730557
  CPU_SORTING: 154040.85187849877
  CPU_ENCRYPTION: 7672.3859464475909
  CPU_COMPRESSION: 266567.52193213912
  CPU_SINGLETHREAD: 1333.4409080002958
  CPU_PHYSICS: 3555.7093125751203
  CPU_MATRIX_MULT_SSE: 34969.054515381657
  CPU_mm: 5821.6380426473797
  CPU_sse: 29283.196505730273
  CPU_fma: 40654.912525033033
  CPU_avx: 0
  CPU_avx512: 0
  m_CPU_enc_SHA: 11515159233.479734
  m_CPU_enc_AES: 5322151898.9926662
  m_CPU_enc_ECDSA: 7297928166.0742931
  ME_ALLOC_S: 21206.014779223642
  ME_READ_S: 11381.478808593751
  ME_READ_L: 8987.9228515625
  ME_WRITE: 15061.9814453125
  ME_LARGE: 179735.58333333334
  ME_LATENCY: 69.641676554624325
  ME_THREADED: 177341.7509765625
  SUMM_CPU: 27156.182743357112
  SUMM_ME: 1985.0822632260385
SystemInformation:
  OSName: Ubuntu 24.04.1 LTS
  Kernel: 6.8.0-1017-azure
  Device: ""
  Processor: ARM Neoverse-N1 48 Core 0 MHz
  NumSockets: 1
  Manufacturer: ARM
  NumCores: 48
  NumLogicals: 48
  CPUFrequency: 0
  Memory: 192834
Checksum: E71FE82100D6292C83C17427FD5FA362C750DC2F