BaselineInfo:
  WebDBID: -1
  TimeStamp: 20250211043207
Version:
  Major: 11
  Minor: 0
  Build: 1002
  SpecialBuildName: ""
  ptArchitecture: x86_64_linux
Results:
  Results Complete: true
  NumTestProcesses: 2
  CPU_INTEGER_MATH: 9521.0526666666665
  CPU_FLOATINGPOINT_MATH: 6762.4633841830018
  CPU_PRIME: 20.042265777298965
  CPU_SORTING: 4836.9296207929592
  CPU_ENCRYPTION: 2113.6267581252555
  CPU_COMPRESSION: 35005.552488338086
  CPU_SINGLETHREAD: 2890.6873415097534
  CPU_PHYSICS: 473.65161292397977
  CPU_MATRIX_MULT_SSE: 2759.73836508767
  CPU_mm: 269.71892336390806
  CPU_sse: 1171.0825366828644
  CPU_fma: 3286.4827076007905
  CPU_avx: 2477.0728357981288
  CPU_avx512: 4104.3153802688976
  m_CPU_enc_SHA: 2222119104.9531374
  m_CPU_enc_AES: 2883545555.0600386
  m_CPU_enc_ECDSA: 1543230214.5706687
  ME_ALLOC_S: 1637.3042399214817
  ME_READ_S: 26528.694531249999
  ME_READ_L: 9993.5166015625
  ME_WRITE: 9382.73046875
  ME_LARGE: 21142
  ME_LATENCY: 56.02988577498828
  ME_THREADED: 15805.29345703125
  SUMM_CPU: 3741.8432733008317
  SUMM_ME: 2026.4136892694944
SystemInformation:
  OSName: Ubuntu 24.04.1 LTS
  Kernel: 6.8.0-1021-azure
  Device: ""
  Processor: INTEL XEON PLATINUM 8573C
  NumSockets: 1
  Manufacturer: GenuineIntel
  NumCores: 1
  NumLogicals: 2
  CPUFrequency: 2300
  Memory: 32093
  MemModuleInfo:
    iNumMemSticks: 2
    DIMM 1:
      manufacturer: Microsoft Corporation
      modulePartNo: None
      memType: Unknown
      size: 1
      clkspeed: 0
      moduleVoltage: 0
    DIMM 2:
      manufacturer: Microsoft Corporation
      modulePartNo: None
      memType: Unknown
      size: 31
      clkspeed: 0
      moduleVoltage: 0
Checksum: B400B3F4EB37403C6E12D8F8B836B7E426D8FFA4