BaselineInfo:
  WebDBID: -1
  TimeStamp: 20241107154513
Version:
  Major: 11
  Minor: 0
  Build: 1002
  SpecialBuildName: ""
  ptArchitecture: x86_64_linux
Results:
  Results Complete: true
  NumTestProcesses: 4
  CPU_INTEGER_MATH: 16669.593000000001
  CPU_FLOATINGPOINT_MATH: 8514.8367550437215
  CPU_PRIME: 34.144441580056721
  CPU_SORTING: 8684.1618347319272
  CPU_ENCRYPTION: 3624.0881174578785
  CPU_COMPRESSION: 63077.641935028732
  CPU_SINGLETHREAD: 2348.778490564539
  CPU_PHYSICS: 705.28832879366087
  CPU_MATRIX_MULT_SSE: 3529.3257603803272
  CPU_mm: 359.55205009972025
  CPU_sse: 1583.4636582210219
  CPU_fma: 4341.6314396709568
  CPU_avx: 3207.4953810139714
  CPU_avx512: 4984.7125626153575
  m_CPU_enc_SHA: 3663009318.2892671
  m_CPU_enc_AES: 5506039705.4597645
  m_CPU_enc_ECDSA: 2231346441.8055081
  ME_ALLOC_S: 1887.7260545549425
  ME_READ_S: 24235.726171875001
  ME_READ_L: 10575.068359375
  ME_WRITE: 10290.400390625
  ME_LARGE: 21554
  ME_LATENCY: 68.247561907748221
  ME_THREADED: 26157.29638671875
  SUMM_CPU: 5856.0590088566141
  SUMM_ME: 2026.6276897342557
SystemInformation:
  OSName: Ubuntu 24.04.1 LTS
  Kernel: 6.8.0-1016-aws
  Device: ""
  Processor: Intel Xeon Platinum 8375C CPU @ 2.90GHz
  NumSockets: 1
  Manufacturer: GenuineIntel
  NumCores: 2
  NumLogicals: 4
  CPUFrequency: 0
  Memory: 31558
  MemModuleInfo:
    iNumMemSticks: 1
    DIMM 1:
      manufacturer: Not Specified
      modulePartNo: Not Specified
      memType: DDR4
      size: 32
      clkspeed: 1600
      moduleVoltage: 0
Checksum: CDA494C31A1C609CD8B08A5338B3FCAB85E6DA87