BaselineInfo:
  WebDBID: -1
  TimeStamp: 20241125164125
Version:
  Major: 11
  Minor: 0
  Build: 1002
  SpecialBuildName: ""
  ptArchitecture: x86_64_linux
Results:
  Results Complete: true
  NumTestProcesses: 8
  CPU_INTEGER_MATH: 37975.059999999998
  CPU_FLOATINGPOINT_MATH: 21254.553091839975
  CPU_PRIME: 94.701387200443094
  CPU_SORTING: 22939.855624002688
  CPU_ENCRYPTION: 9640.3805164008318
  CPU_COMPRESSION: 155642.25747945113
  CPU_SINGLETHREAD: 2905.6242049802404
  CPU_PHYSICS: 1523.4628587114573
  CPU_MATRIX_MULT_SSE: 10858.700495958266
  CPU_mm: 1014.5529563881203
  CPU_sse: 4504.9933220834073
  CPU_fma: 14046.313603079292
  CPU_avx: 11557.210526885079
  CPU_avx512: 13326.284531785283
  m_CPU_enc_SHA: 13479323834.412066
  m_CPU_enc_AES: 9145754615.7194118
  m_CPU_enc_ECDSA: 7700936470.9650784
  ME_ALLOC_S: 3921.2083896223512
  ME_READ_S: 27889.8203125
  ME_READ_L: 27566.802734375
  ME_WRITE: 26812.900390625
  ME_LARGE: 53351.083333333336
  ME_LATENCY: 76.349309745266922
  ME_THREADED: 37408.4033203125
  SUMM_CPU: 14455.023227245989
  SUMM_ME: 2558.1871566015006
SystemInformation:
  OSName: Ubuntu 24.04.1 LTS
  Kernel: 6.8.0-1017-azure
  Device: ""
  Processor: AMD EPYC 9V74 80-Core Processor
  NumSockets: 1
  Manufacturer: AuthenticAMD
  NumCores: 4
  NumLogicals: 8
  CPUFrequency: 0
  Memory: 64300
  MemModuleInfo:
    iNumMemSticks: 3
    DIMM 1:
      manufacturer: Microsoft Corporation
      modulePartNo: None
      memType: Unknown
      size: 1
      clkspeed: 0
      moduleVoltage: 0
    DIMM 2:
      manufacturer: Microsoft Corporation
      modulePartNo: None
      memType: Unknown
      size: 59
      clkspeed: 0
      moduleVoltage: 0
    DIMM 3:
      manufacturer: Microsoft Corporation
      modulePartNo: None
      memType: Unknown
      size: 4
      clkspeed: 0
      moduleVoltage: 0
Checksum: A442D74F5D0BAB77815E480A1ABA0F4A68EC8E36