BaselineInfo:
  WebDBID: -1
  TimeStamp: 20241111094657
Version:
  Major: 11
  Minor: 0
  Build: 1002
  SpecialBuildName: ""
  ptArchitecture: x86_64_linux
Results:
  Results Complete: true
  NumTestProcesses: 4
  CPU_INTEGER_MATH: 12779.503000000001
  CPU_FLOATINGPOINT_MATH: 9677.0698802159841
  CPU_PRIME: 45.378539504601292
  CPU_SORTING: 9107.958066212188
  CPU_ENCRYPTION: 1213.0381641479205
  CPU_COMPRESSION: 66799.244057793214
  CPU_SINGLETHREAD: 1654.9137883574042
  CPU_PHYSICS: 716.26064363128046
  CPU_MATRIX_MULT_SSE: 4066.0518602211573
  CPU_mm: 581.42359390090155
  CPU_sse: 2333.8289575056583
  CPU_fma: 5746.9326128472585
  CPU_avx: 4117.3940103105542
  CPU_avx512: 0
  m_CPU_enc_SHA: 869365012.46817756
  m_CPU_enc_AES: 2166013679.8347011
  m_CPU_enc_ECDSA: 780509425.72583091
  ME_ALLOC_S: 1979.4977751150216
  ME_READ_S: 18925.542187499999
  ME_READ_L: 6465.7841796875
  ME_WRITE: 5201.83056640625
  ME_LARGE: 6006.333333333333
  ME_LATENCY: 93.265119174997267
  ME_THREADED: 23447.09130859375
  SUMM_CPU: 4707.6546400536181
  SUMM_ME: 1371.8644312258584
SystemInformation:
  OSName: Ubuntu 24.04.1 LTS
  Kernel: 6.8.0-1016-aws
  Device: ""
  Processor: Intel Xeon CPU E5-2686 v4 @ 2.30GHz
  NumSockets: 1
  Manufacturer: GenuineIntel
  NumCores: 4
  NumLogicals: 4
  CPUFrequency: 0
  Memory: 15990
  MemModuleInfo:
    iNumMemSticks: 1
    DIMM 1:
      manufacturer: Not Specified
      modulePartNo: Not Specified
      memType: RAM
      size: 16
      clkspeed: 0
      moduleVoltage: 0
Checksum: C772C821D8432567B0951A6BB1D77FB3166BE949