---
system-info:
      stress-ng-version: 0.17.08
      run-by: root
      date-yyyy-mm-dd: 2024:07:02
      time-hh-mm-ss: 19:36:51
      epoch-secs: 1719949011
      hostname: n4-highmem-32-b20b5f6
      sysname: Linux
      nodename: n4-highmem-32-b20b5f6
      release: 6.8.0-1009-gcp
      version: '#10-Ubuntu SMP Wed Jun 12 18:52:23 UTC 2024'
      machine: x86_64
      compiler: 'musl-gcc 13.2.1'
      uptime: 129
      totalram: 270251520000
      freeram: 264597028864
      sharedram: 274292736
      bufferram: 128331776
      totalswap: 0
      freeswap: 0
      pagesize: 4096
      cpus: 32
      cpus-online: 32
      ticks-per-second: 100

metrics:
    - stressor: cpu
      bogo-ops: 566915
      bogo-ops-per-second-usr-sys-time: 886.212427
      bogo-ops-per-second-real-time: 28345.634542
      wall-clock-time: 20.000081
      user-time: 639.681553
      system-time: 0.023988
      cpu-usage-per-instance: 99.953584
      max-rss: 1032

...
