"size","threads","connections","rps","latency","failed","server_usr","server_sys","client_usr","client_sys"
"1k",2,2,139296,0.000016320,0,3.33,6.83,1.85,8.05
"1k",2,4,108390,0.000036990,0,2.70,6.99,1.27,7.89
"1k",2,8,137973,0.000054150,0,2.93,7.49,1.45,8.26
"1k",2,16,156823,0.000241940,0,2.82,7.35,1.57,8.22
"1k",2,32,182927,0.000288520,0,3.27,7.05,1.56,7.97
"1k",2,64,168126,0.000615860,0,2.93,7.26,1.46,8.22
"1k",4,4,124562,0.000035200,0,2.81,7.18,1.64,8.53
"1k",4,8,126056,0.000063520,0,2.49,7.30,1.53,8.84
"1k",4,16,131634,0.000126480,0,2.72,7.19,1.48,8.54
"1k",4,32,145749,0.000275680,0,2.81,7.21,1.55,8.58
"1k",4,64,150868,0.000503990,0,2.93,7.07,1.62,8.32
"1k",8,8,117614,0.000072430,0,2.50,7.19,1.69,8.77
"1k",8,16,120255,0.000137370,0,2.49,7.20,1.52,8.95
"1k",8,32,126334,0.000262220,0,2.54,7.24,1.55,8.80
"1k",8,64,133293,0.000490310,0,2.66,7.22,1.62,8.65
"16k",2,2,110198,0.000020960,0,3.34,6.71,1.64,8.33
"16k",2,4,75597,0.000051470,0,2.20,6.16,1.08,7.26
"16k",2,8,100026,0.000080630,0,2.67,6.94,1.35,8.18
"16k",2,16,153276,0.000088640,0,3.47,6.59,1.69,8.29
"16k",2,32,114017,0.000600260,0,2.68,6.61,1.20,8.14
"16k",2,64,115749,0.000809960,0,2.69,6.82,1.19,8.43
"16k",4,4,114545,0.000036640,0,2.79,6.71,1.76,8.91
"16k",4,8,98657,0.000081380,0,2.61,7.04,1.51,8.98
"16k",4,16,106352,0.000146750,0,2.52,7.06,1.51,9.03
"16k",4,32,111780,0.000293700,0,2.82,6.84,1.47,9.03
"16k",4,64,110791,0.000688930,0,2.81,6.78,1.39,8.90
"16k",8,8,96401,0.000090160,0,2.40,6.96,1.65,9.15
"16k",8,16,94887,0.000167170,0,2.35,6.83,1.46,9.51
"16k",8,32,97569,0.000357230,0,2.52,6.88,1.52,9.11
"16k",8,64,94492,0.000668110,0,2.78,6.87,1.47,9.05
"64k",2,2,65917,0.000032200,0,2.70,7.08,1.34,8.89
"64k",2,4,44615,0.000084930,0,2.01,6.04,0.90,7.83
"64k",2,8,72160,0.000081770,0,2.74,6.80,1.22,9.32
"64k",2,16,51785,0.000361020,0,1.99,6.24,0.96,8.15
"64k",2,32,57808,0.000522600,0,2.50,6.79,1.09,9.21
"64k",2,64,54832,0.000880000,0,2.59,6.60,1.01,9.56
"64k",4,4,54466,0.000073400,0,1.97,7.41,1.27,9.51
"64k",4,8,59610,0.000131610,0,2.21,6.98,1.26,9.61
"64k",4,16,56883,0.000269470,0,2.40,6.78,1.17,9.67
"64k",4,32,57496,0.000528870,0,2.47,6.61,1.19,9.55
"64k",4,64,54280,0.001150000,0,2.36,6.96,1.20,9.36
"64k",8,8,54265,0.000153510,0,1.89,7.26,1.32,9.70
"64k",8,16,51019,0.000310780,0,2.03,7.06,1.30,9.76
"64k",8,32,53561,0.000611790,0,2.19,7.01,1.23,9.60
"64k",8,64,52248,0.001230000,0,2.28,7.04,1.22,9.32
"256k",2,2,26836,0.000077650,0,2.37,6.37,1.17,10.11
"256k",2,4,17210,0.000219170,0,2.04,6.19,0.85,7.98
"256k",2,8,17854,0.000487730,0,1.97,6.36,0.83,8.14
"256k",2,16,20869,0.000525090,0,2.65,6.25,0.98,9.93
"256k",2,32,19577,0.001390000,0,2.18,6.97,0.85,9.47
"256k",4,4,21918,0.000184560,0,2.16,7.23,1.08,9.67
"256k",4,8,20031,0.002100000,0,2.45,6.79,1.05,9.41
"256k",4,16,19388,0.000837610,0,2.19,7.13,0.99,9.55
"256k",4,32,19096,0.001580000,0,2.10,7.13,0.95,9.71
"256k",8,8,19868,0.000405970,0,2.29,7.24,1.11,9.51
"256k",8,16,18840,0.000900000,0,2.18,7.41,1.01,9.57
"256k",8,32,18571,0.001720000,0,2.16,7.28,1.03,9.40
"512k",2,2,13302,0.000153350,0,2.52,5.83,1.02,10.64
"512k",2,4,9422,0.000394830,0,2.48,6.18,0.80,8.33
"512k",2,8,10680,0.000541270,0,2.81,5.75,0.87,10.56
"512k",2,16,9913,0.001380000,0,2.41,6.85,0.83,9.23
"512k",2,32,9844,0.002320000,0,2.49,6.28,0.84,10.40
"512k",4,4,11079,0.000364820,0,2.95,6.16,1.03,9.87
"512k",4,8,10190,0.000770100,0,2.45,7.03,0.97,9.39
"512k",4,16,9952,0.001530000,0,2.55,6.98,0.93,9.44
"512k",4,32,9876,0.003000000,0,2.36,7.02,0.81,9.77
"512k",8,8,9915,0.000826270,0,2.40,7.39,0.99,9.12
"512k",8,16,9849,0.001650000,0,2.41,7.36,0.95,9.16
"512k",8,32,9732,0.003240000,0,2.46,7.29,1.00,9.17
