---
system-info:
      stress-ng-version: 0.17.08
      run-by: root
      date-yyyy-mm-dd: 2024:07:02
      time-hh-mm-ss: 03:39:40
      epoch-secs: 1719891580
      hostname: n4-highcpu-16-707ea87
      sysname: Linux
      nodename: n4-highcpu-16-707ea87
      release: 6.8.0-1009-gcp
      version: '#10-Ubuntu SMP Wed Jun 12 18:52:23 UTC 2024'
      machine: x86_64
      compiler: 'musl-gcc 13.2.1'
      uptime: 112
      totalram: 33648312320
      freeram: 28217524224
      sharedram: 274145280
      bufferram: 125116416
      totalswap: 0
      freeswap: 0
      pagesize: 4096
      cpus: 16
      cpus-online: 16
      ticks-per-second: 100

metrics:
    - stressor: cpu
      bogo-ops: 282924
      bogo-ops-per-second-usr-sys-time: 884.889900
      bogo-ops-per-second-real-time: 14146.132293
      wall-clock-time: 20.000096
      user-time: 319.705925
      system-time: 0.021987
      cpu-usage-per-instance: 99.914494
      max-rss: 1104

...
