BaselineInfo:
  WebDBID: -1
  TimeStamp: 20260405010210
Version:
  Major: 11
  Minor: 0
  Build: 1004
  SpecialBuildName: ""
  ptArchitecture: x86_64_linux
Results:
  Results Complete: true
  NumTestProcesses: 32
  CPU_INTEGER_MATH: 93907.558333333349
  CPU_FLOATINGPOINT_MATH: 50325.336765927626
  CPU_PRIME: 137.89516502415108
  CPU_SORTING: 56734.293530078365
  CPU_ENCRYPTION: 12966.286252156233
  CPU_COMPRESSION: 430442.81616369472
  CPU_SINGLETHREAD: 1970.9981450746955
  CPU_PHYSICS: 2303.6355722933395
  CPU_MATRIX_MULT_SSE: 26199.6619039246
  CPU_mm: 2853.9221854950138
  CPU_sse: 10291.130097262065
  CPU_fma: 31564.140951152447
  CPU_avx: 22308.692694476467
  CPU_avx512: 40634.683872807458
  m_CPU_enc_SHA: 4237273930.0417724
  m_CPU_enc_AES: 32720190346.622738
  m_CPU_enc_ECDSA: 3830945442.75841
  ME_ALLOC_S: 10881.827419577128
  ME_READ_S: 22795.984765624999
  ME_READ_L: 10191.2197265625
  ME_WRITE: 9928.201171875
  ME_LARGE: 112446.16666666667
  ME_LATENCY: 52.331225721146645
  ME_THREADED: 109815.93920898438
  SUMM_CPU: 27169.619163819418
  SUMM_ME: 2590.924515547445
SystemInformation:
  OSName: Ubuntu 24.04.4 LTS
  Kernel: 6.8.0-106-generic
  Device: ""
  Processor: Intel(R) Xeon(R) Platinum 8269CY CPU @ 2.50GHz
  NumSockets: 1
  Manufacturer: GenuineIntel
  NumCores: 16
  NumLogicals: 32
  CPUFrequency: 0
  CPUMaxFrequency: 0
  Memory: 126262
  CPUInfo:
    number: 1
    Family: 6
    Model: 5
    stepping: 7
    features: 529267711
    manufacture: GenuineIntel
    typestring: Intel(R) Xeon(R) Platinum 8269CY CPU @ 2.50GHz
    iCoresPerPackage: 16
    iThreadsPerPackage: 2
    featuresEx:
      - 529267711
      - 4277809667
      - 739248128
    bHybrid: false
    nPCore: 0
    nLogicalsPerPCore: 0
    nECore: 0
    nLogicalsPerECore: 0
  MemModuleInfo:
    iNumMemSticks: 8
    DIMM 1:
      manufacturer: Alibaba Cloud
      modulePartNo: Not Specified
      memType: RAM
      size: 16
      clkspeed: 0
      moduleVoltage: 0
    DIMM 2:
      manufacturer: Alibaba Cloud
      modulePartNo: Not Specified
      memType: RAM
      size: 16
      clkspeed: 0
      moduleVoltage: 0
    DIMM 3:
      manufacturer: Alibaba Cloud
      modulePartNo: Not Specified
      memType: RAM
      size: 16
      clkspeed: 0
      moduleVoltage: 0
    DIMM 4:
      manufacturer: Alibaba Cloud
      modulePartNo: Not Specified
      memType: RAM
      size: 16
      clkspeed: 0
      moduleVoltage: 0
    DIMM 5:
      manufacturer: Alibaba Cloud
      modulePartNo: Not Specified
      memType: RAM
      size: 16
      clkspeed: 0
      moduleVoltage: 0
    DIMM 6:
      manufacturer: Alibaba Cloud
      modulePartNo: Not Specified
      memType: RAM
      size: 16
      clkspeed: 0
      moduleVoltage: 0
    DIMM 7:
      manufacturer: Alibaba Cloud
      modulePartNo: Not Specified
      memType: RAM
      size: 16
      clkspeed: 0
      moduleVoltage: 0
    DIMM 8:
      manufacturer: Alibaba Cloud
      modulePartNo: Not Specified
      memType: RAM
      size: 16
      clkspeed: 0
      moduleVoltage: 0
Checksum: 0327F58D776D91267ADFEB7C19DFD3A9D5EB6AF2