---
system-info:
      stress-ng-version: 0.17.08
      run-by: root
      date-yyyy-mm-dd: 2024:07:09
      time-hh-mm-ss: 14:11:56
      epoch-secs: 1720534316
      hostname: c2d-highcpu-32-475268f
      sysname: Linux
      nodename: c2d-highcpu-32-475268f
      release: 6.8.0-1009-gcp
      version: '#10-Ubuntu SMP Wed Jun 12 18:52:23 UTC 2024'
      machine: x86_64
      compiler: 'musl-gcc 13.2.1'
      uptime: 164
      totalram: 67416154112
      freeram: 61763756032
      sharedram: 35069952
      bufferram: 133677056
      totalswap: 0
      freeswap: 0
      pagesize: 4096
      cpus: 32
      cpus-online: 32
      ticks-per-second: 100

metrics:
    - stressor: cpu
      bogo-ops: 58540
      bogo-ops-per-second-usr-sys-time: 2927.003220
      bogo-ops-per-second-real-time: 2926.988834
      wall-clock-time: 20.000076
      user-time: 19.999978
      system-time: 0.000000
      cpu-usage-per-instance: 99.999509
      max-rss: 1032

...
