"size","threads","connections","rps","latency","failed","server_usr","server_sys","client_usr","client_sys"
"1k",32,32,1081706,0.000027410,0,48.59,110.45,27.20,136.33
"1k",32,64,1094485,0.000059650,0,46.21,97.70,22.44,117.78
"1k",32,128,1405610,0.000084340,0,50.15,102.99,22.66,125.48
"1k",32,256,1731113,0.000146000,0,53.12,107.51,22.54,130.61
"1k",32,512,2135540,0.000318130,0,55.26,111.11,24.03,129.72
"1k",32,1024,2265231,0.000489950,0,56.33,113.95,24.04,127.48
"1k",64,64,1115641,0.000055690,0,44.24,97.69,31.15,149.79
"1k",64,128,1343822,0.000096170,0,46.31,105.25,25.69,131.65
"1k",64,256,1562420,0.000187600,0,47.62,108.58,26.85,139.49
"1k",64,512,1566470,0.000470160,0,46.47,108.12,28.11,141.97
"1k",64,1024,1661547,0.000778700,0,47.81,108.85,27.32,141.50
"1k",128,128,1286416,0.000102890,0,47.10,102.54,28.39,142.13
"1k",128,256,1348107,0.000229300,0,45.00,106.59,28.10,144.09
"1k",128,512,1424930,0.000520310,0,43.91,108.07,28.04,144.64
"1k",128,1024,1440369,0.000834430,0,43.50,108.99,28.14,144.73
"16k",32,32,887898,0.000033940,0,48.73,91.71,25.12,146.70
"16k",32,64,907978,0.000064730,0,43.60,92.06,22.09,121.27
"16k",32,128,1136670,0.000102440,0,47.73,97.07,22.10,126.43
"16k",32,256,1444231,0.000169500,0,50.01,103.70,22.56,134.08
"16k",32,512,1667706,0.000296760,0,51.78,107.97,23.28,135.19
"16k",32,1024,1776976,0.000528760,0,51.56,110.52,23.51,136.79
"16k",64,64,997109,0.000062830,0,46.71,89.25,30.09,157.12
"16k",64,128,1103992,0.000115570,0,45.35,101.11,24.99,136.43
"16k",64,256,1374957,0.000210050,0,45.68,106.27,25.71,144.22
"16k",64,512,1355970,0.000505450,0,44.94,106.19,26.75,147.02
"16k",64,1024,1410584,0.000910000,0,44.91,108.29,26.35,145.27
"16k",128,128,1111113,0.000117360,0,45.95,98.95,27.51,147.31
"16k",128,256,1186394,0.000246820,0,44.99,103.51,27.38,147.18
"16k",128,512,1206945,0.000594550,0,42.68,106.55,27.26,148.25
"16k",128,1024,1209260,0.000980000,0,41.75,108.89,26.39,148.81
"64k",32,32,609823,0.000051450,0,44.53,96.99,21.95,145.63
"64k",32,64,590902,0.000098560,0,37.51,98.27,18.46,132.69
"64k",32,128,711173,0.000161500,0,40.31,104.10,18.52,138.78
"64k",32,256,853375,0.000272280,0,41.92,109.68,19.90,143.25
"64k",32,512,929615,0.000521350,0,41.33,112.94,20.58,147.01
"64k",32,1024,877001,0.001050000,0,41.07,110.82,18.72,151.10
"64k",64,64,646241,0.000098030,0,39.49,103.54,24.16,155.94
"64k",64,128,706034,0.000180110,0,38.59,104.70,20.58,143.81
"64k",64,256,787992,0.000327450,0,38.94,110.72,21.95,151.84
"64k",64,512,793308,0.000761170,0,37.62,112.51,22.25,152.06
"64k",64,1024,784951,0.001450000,0,37.38,114.79,21.43,151.71
"64k",128,128,687963,0.000188970,0,38.70,105.40,22.62,153.75
"64k",128,256,719766,0.000399620,0,36.42,110.46,23.32,153.96
"64k",128,512,722482,0.000860000,0,35.61,110.86,22.26,155.62
"64k",128,1024,693562,0.001600000,0,36.57,114.04,22.23,152.74
"256k",32,32,285406,0.000322390,0,33.80,111.89,20.85,146.53
"256k",32,64,273827,0.000360120,0,33.07,102.59,17.23,132.97
"256k",32,128,315292,0.000435500,0,36.24,110.93,18.09,140.18
"256k",32,256,311495,0.000706650,0,36.33,110.92,17.28,155.62
"256k",32,512,308092,0.001460000,0,34.97,110.26,16.44,161.57
"256k",64,64,292060,0.000253330,0,35.08,106.57,21.67,159.61
"256k",64,128,309596,0.000472160,0,35.89,115.56,20.66,150.35
"256k",64,256,303909,0.000860000,0,34.56,115.17,19.24,154.74
"256k",64,512,294092,0.001800000,0,33.09,114.85,18.04,157.89
"256k",128,128,298934,0.000485990,0,34.97,112.62,21.92,154.45
"256k",128,256,287549,0.000980000,0,32.29,117.81,21.09,153.14
"256k",128,512,278866,0.001920000,0,32.77,118.00,20.40,154.45
"512k",32,32,157354,0.003350000,0,29.83,90.90,18.52,164.89
"512k",32,64,154665,0.000791890,0,31.21,99.39,16.29,139.41
"512k",32,128,163624,0.000684450,0,34.58,114.62,16.23,149.82
"512k",32,256,153052,0.001390000,0,32.64,109.82,14.51,164.79
"512k",32,512,149164,0.002730000,0,31.32,107.10,13.74,170.76
"512k",64,64,170924,0.000378080,0,34.39,96.77,20.26,171.97
"512k",64,128,160669,0.000805280,0,33.81,117.22,18.16,154.11
"512k",64,256,153297,0.001650000,0,31.35,116.95,16.22,158.91
"512k",64,512,148868,0.003350000,0,30.44,113.66,14.99,165.61
"512k",128,128,155795,0.000841780,0,33.48,106.76,18.90,164.73
"512k",128,256,148613,0.001740000,0,29.86,120.24,18.49,156.03
"512k",128,512,145736,0.003490000,0,29.92,120.29,17.83,156.88
