---
system-info:
      stress-ng-version: 0.17.08
      run-by: root
      date-yyyy-mm-dd: 2024:07:02
      time-hh-mm-ss: 11:52:21
      epoch-secs: 1719921141
      hostname: c2d-highmem-32-e5de33b
      sysname: Linux
      nodename: c2d-highmem-32-e5de33b
      release: 6.8.0-1009-gcp
      version: '#10-Ubuntu SMP Wed Jun 12 18:52:23 UTC 2024'
      machine: x86_64
      compiler: 'musl-gcc 13.2.1'
      uptime: 138
      totalram: 270252564480
      freeram: 264649826304
      sharedram: 35213312
      bufferram: 127049728
      totalswap: 0
      freeswap: 0
      pagesize: 4096
      cpus: 32
      cpus-online: 32
      ticks-per-second: 100

metrics:
    - stressor: cpu
      bogo-ops: 920160
      bogo-ops-per-second-usr-sys-time: 1438.706888
      bogo-ops-per-second-real-time: 46007.877369
      wall-clock-time: 20.000053
      user-time: 639.556348
      system-time: 0.017986
      cpu-usage-per-instance: 99.933223
      max-rss: 1032

...
