---
system-info:
      stress-ng-version: 0.17.08
      run-by: root
      date-yyyy-mm-dd: 2024:09:12
      time-hh-mm-ss: 14:08:42
      epoch-secs: 1726150122
      hostname: ip-172-31-0-247
      sysname: Linux
      nodename: ip-172-31-0-247
      release: 6.8.0-1014-aws
      version: '#15-Ubuntu SMP Thu Aug  8 19:13:06 UTC 2024'
      machine: x86_64
      compiler: 'musl-gcc 13.2.1'
      uptime: 370
      totalram: 3234018541568
      freeram: 3221527789568
      sharedram: 117334016
      bufferram: 223305728
      totalswap: 0
      freeswap: 0
      pagesize: 4096
      cpus: 96
      cpus-online: 96
      ticks-per-second: 100

metrics:
    - stressor: cpu
      bogo-ops: 1856453
      bogo-ops-per-second-usr-sys-time: 967.224566
      bogo-ops-per-second-real-time: 92822.289975
      wall-clock-time: 20.000078
      user-time: 1919.328909
      system-time: 0.031977
      cpu-usage-per-instance: 99.966325
      max-rss: 0

...
