BaselineInfo:
  WebDBID: -1
  TimeStamp: 20250829060844
Version:
  Major: 11
  Minor: 0
  Build: 1002
  SpecialBuildName: ""
  ptArchitecture: aarch64_linux
Results:
  Results Complete: true
  NumTestProcesses: 72
  CPU_INTEGER_MATH: 375121.02133333334
  CPU_FLOATINGPOINT_MATH: 435986.73031795397
  CPU_PRIME: 734.18852141417574
  CPU_SORTING: 328776.69351126079
  CPU_ENCRYPTION: 13639.875825398438
  CPU_COMPRESSION: 478218.30559912277
  CPU_SINGLETHREAD: 1943.3987532078972
  CPU_PHYSICS: 17470.403512343128
  CPU_MATRIX_MULT_SSE: 62267.85165838604
  CPU_mm: 8099.5663699528241
  CPU_sse: 48939.927560088254
  CPU_fma: 75595.775756683768
  CPU_avx: 0
  CPU_avx512: 0
  m_CPU_enc_SHA: 21568185094.95171
  m_CPU_enc_AES: 7713646350.5386457
  m_CPU_enc_ECDSA: 13625507854.988625
  ME_ALLOC_S: 47571.627840259716
  ME_READ_S: 20971.734375
  ME_READ_L: 20163.873046875
  ME_WRITE: 21287.134765625
  ME_LARGE: 557318.75
  ME_LATENCY: 47.434004968068656
  ME_THREADED: 489352.9287109375
  SUMM_CPU: 47698.387946129718
  SUMM_ME: 3371.9453622598012
SystemInformation:
  OSName: Ubuntu 24.04.2 LTS
  Kernel: 6.14.0-1011-aws
  Device: ""
  Processor: ARM Neoverse-V2 72 Core 0 MHz
  NumSockets: 1
  Manufacturer: ARM
  NumCores: 72
  NumLogicals: 72
  CPUFrequency: 0
  Memory: 569846
Checksum: 5881F49E0D049063DA15D98B99565CB6CD3F2B1A