---
system-info:
      stress-ng-version: 0.17.08
      run-by: root
      date-yyyy-mm-dd: 2024:06:14
      time-hh-mm-ss: 03:41:52
      epoch-secs: 1718336512
      hostname: ffe82cf99e44
      sysname: Linux
      nodename: ffe82cf99e44
      release: 6.8.0-1008-aws
      version: '#8-Ubuntu SMP Sat Apr 20 00:46:25 UTC 2024'
      machine: x86_64
      compiler: 'musl-gcc 13.2.1'
      uptime: 147
      totalram: 264634384384
      freeram: 258898337792
      sharedram: 137998336
      bufferram: 109572096
      totalswap: 0
      freeswap: 0
      pagesize: 4096
      cpus: 128
      cpus-online: 128
      ticks-per-second: 100

metrics:
    - stressor: cpu
      bogo-ops: 61829
      bogo-ops-per-second-usr-sys-time: 3091.772163
      bogo-ops-per-second-real-time: 3091.441856
      wall-clock-time: 20.000053
      user-time: 19.997916
      system-time: 0.000000
      cpu-usage-per-instance: 99.989317
      max-rss: 0

...
