---
system-info:
      stress-ng-version: 0.17.08
      run-by: root
      date-yyyy-mm-dd: 2024:06:06
      time-hh-mm-ss: 03:31:56
      epoch-secs: 1717644716
      hostname: 9a46432024ff
      sysname: Linux
      nodename: 9a46432024ff
      release: 6.8.0-1008-aws
      version: '#8-Ubuntu SMP Sat Apr 20 00:46:25 UTC 2024'
      machine: x86_64
      compiler: 'musl-gcc 13.2.1'
      uptime: 124
      totalram: 264634355712
      freeram: 259092713472
      sharedram: 137990144
      bufferram: 80605184
      totalswap: 0
      freeswap: 0
      pagesize: 4096
      cpus: 128
      cpus-online: 128
      ticks-per-second: 100

metrics:
    - stressor: cpu
      bogo-ops: 17147
      bogo-ops-per-second-usr-sys-time: 1714.567121
      bogo-ops-per-second-real-time: 1714.426668
      wall-clock-time: 10.001594
      user-time: 10.000775
      system-time: 0.000000
      cpu-usage-per-instance: 99.991808
      max-rss: 2048

...
