BaselineInfo:
  WebDBID: -1
  TimeStamp: 20260220003823
Version:
  Major: 11
  Minor: 0
  Build: 1004
  SpecialBuildName: ""
  ptArchitecture: aarch64_linux
Results:
  Results Complete: true
  NumTestProcesses: 192
  CPU_INTEGER_MATH: 963388.37366666738
  CPU_FLOATINGPOINT_MATH: 1117633.0145231248
  CPU_PRIME: 1628.2745936109759
  CPU_SORTING: 821400.47757016495
  CPU_ENCRYPTION: 34688.123985919112
  CPU_COMPRESSION: 1224602.5156507215
  CPU_SINGLETHREAD: 1866.770679106354
  CPU_PHYSICS: 36821.285720726723
  CPU_MATRIX_MULT_SSE: 140201.93941114063
  CPU_mm: 20921.722540220133
  CPU_sse: 110811.85150109694
  CPU_fma: 169592.02732118464
  CPU_avx: 0
  CPU_avx512: 0
  m_CPU_enc_SHA: 54439483774.297379
  m_CPU_enc_AES: 19796437398.472126
  m_CPU_enc_ECDSA: 34883481717.207848
  ME_ALLOC_S: 47012.317349631056
  ME_READ_S: 18003.752734375001
  ME_READ_L: 18641.484375
  ME_WRITE: 20511.337890625
  ME_LARGE: 1501429.1666666667
  ME_LATENCY: 46.706928276249265
  ME_THREADED: 1028475.486328125
  SUMM_CPU: 77452.092919946575
  SUMM_ME: 3209.63892655371
SystemInformation:
  OSName: Ubuntu 24.04.3 LTS
  Kernel: 6.17.0-1007-aws
  Device: ""
  Processor: ARM Neoverse-V2 192 Core 0 MHz
  NumSockets: 2
  Manufacturer: ARM
  NumCores: 192
  NumLogicals: 192
  CPUFrequency: 0
  CPUMaxFrequency: 0
  Memory: 1520770
Checksum: 4ACFE5E615CD58C3E13372AE3E7E79B31851FC2E