BaselineInfo:
  WebDBID: -1
  TimeStamp: 20241108085746
Version:
  Major: 11
  Minor: 0
  Build: 1002
  SpecialBuildName: ""
  ptArchitecture: x86_64_linux
Results:
  Results Complete: true
  NumTestProcesses: 20
  CPU_INTEGER_MATH: 83061.456333333321
  CPU_FLOATINGPOINT_MATH: 45721.753259058292
  CPU_PRIME: 138.16135991914288
  CPU_SORTING: 44699.961217867043
  CPU_ENCRYPTION: 21448.22532139911
  CPU_COMPRESSION: 322076.85837828642
  CPU_SINGLETHREAD: 2390.117578428747
  CPU_PHYSICS: 2639.7301628952359
  CPU_MATRIX_MULT_SSE: 18571.584068851214
  CPU_mm: 2240.5539790150883
  CPU_sse: 9429.9228376884275
  CPU_fma: 25989.637315416876
  CPU_avx: 20295.192053448343
  CPU_avx512: 0
  m_CPU_enc_SHA: 31052954811.565907
  m_CPU_enc_AES: 19851350019.622116
  m_CPU_enc_ECDSA: 16565978112.646139
  ME_ALLOC_S: 8359.6529717100748
  ME_READ_S: 24406.680273437501
  ME_READ_L: 18969.072265625
  ME_WRITE: 18861.919921875
  ME_LARGE: 150593.33333333334
  ME_LATENCY: 68.2858830130005
  ME_THREADED: 74108.047119140625
  SUMM_CPU: 26408.112862748054
  SUMM_ME: 2691.4612798432745
SystemInformation:
  OSName: Ubuntu 24.04.1 LTS
  Kernel: 6.8.0-1017-azure
  Device: ""
  Processor: AMD EPYC 7763 64-Core Processor
  NumSockets: 2
  Manufacturer: AuthenticAMD
  NumCores: 10
  NumLogicals: 20
  CPUFrequency: 0
  Memory: 161159
  MemModuleInfo:
    iNumMemSticks: 4
    DIMM 1:
      manufacturer: Microsoft Corporation
      modulePartNo: None
      memType: Unknown
      size: 1
      clkspeed: 0
      moduleVoltage: 0
    DIMM 2:
      manufacturer: Microsoft Corporation
      modulePartNo: None
      memType: Unknown
      size: 59
      clkspeed: 0
      moduleVoltage: 0
    DIMM 3:
      manufacturer: Microsoft Corporation
      modulePartNo: None
      memType: Unknown
      size: 20
      clkspeed: 0
      moduleVoltage: 0
    DIMM 4:
      manufacturer: Microsoft Corporation
      modulePartNo: None
      memType: Unknown
      size: 80
      clkspeed: 0
      moduleVoltage: 0
Checksum: 89E412A1BB95C367E4AA5068D9E15366B8FB8153