BaselineInfo:
  WebDBID: -1
  TimeStamp: 20241112113042
Version:
  Major: 11
  Minor: 0
  Build: 1002
  SpecialBuildName: ""
  ptArchitecture: x86_64_linux
Results:
  Results Complete: true
  NumTestProcesses: 8
  CPU_INTEGER_MATH: 33519.454999999994
  CPU_FLOATINGPOINT_MATH: 17134.632534528337
  CPU_PRIME: 73.969796398700083
  CPU_SORTING: 17488.166030686567
  CPU_ENCRYPTION: 7271.548472113449
  CPU_COMPRESSION: 123511.99091025963
  CPU_SINGLETHREAD: 2366.8990963542683
  CPU_PHYSICS: 1417.81106714872
  CPU_MATRIX_MULT_SSE: 6939.2925630580094
  CPU_mm: 722.0807920698843
  CPU_sse: 3180.5781312188033
  CPU_fma: 8733.4916458420521
  CPU_avx: 6448.2130505263049
  CPU_avx512: 9394.887424644874
  m_CPU_enc_SHA: 7343880210.3732939
  m_CPU_enc_AES: 11047824118.942892
  m_CPU_enc_ECDSA: 4482609302.7683067
  ME_ALLOC_S: 4012.9097020839649
  ME_READ_S: 24303.400390625
  ME_READ_L: 12091.23046875
  ME_WRITE: 10639.3916015625
  ME_LARGE: 21437.333333333332
  ME_LATENCY: 57.956812329995273
  ME_THREADED: 54543.32666015625
  SUMM_CPU: 11329.27239372728
  SUMM_ME: 2421.826807395626
SystemInformation:
  OSName: Ubuntu 24.04.1 LTS
  Kernel: 6.8.0-1016-aws
  Device: ""
  Processor: Intel Xeon Platinum 8375C CPU @ 2.90GHz
  NumSockets: 1
  Manufacturer: GenuineIntel
  NumCores: 4
  NumLogicals: 8
  CPUFrequency: 0
  Memory: 31576
  MemModuleInfo:
    iNumMemSticks: 1
    DIMM 1:
      manufacturer: Not Specified
      modulePartNo: Not Specified
      memType: DDR4
      size: 32
      clkspeed: 1600
      moduleVoltage: 0
Checksum: 14DC47BA5DEC741F4467D3FEE7907F610894C795