BaselineInfo:
  WebDBID: -1
  TimeStamp: 20250526222835
Version:
  Major: 11
  Minor: 0
  Build: 1002
  SpecialBuildName: ""
  ptArchitecture: x86_64_linux
Results:
  Results Complete: true
  NumTestProcesses: 8
  CPU_INTEGER_MATH: 40881.066333333336
  CPU_FLOATINGPOINT_MATH: 27718.166267273624
  CPU_PRIME: 71.242696919252793
  CPU_SORTING: 18331.630053438839
  CPU_ENCRYPTION: 8557.6928117240313
  CPU_COMPRESSION: 142190.68473416142
  CPU_SINGLETHREAD: 3213.3260626352971
  CPU_PHYSICS: 1810.0811585032754
  CPU_MATRIX_MULT_SSE: 11354.390842047993
  CPU_mm: 1082.0274271698925
  CPU_sse: 4740.8806371451547
  CPU_fma: 12704.035146454353
  CPU_avx: 9568.1714482316784
  CPU_avx512: 18404.476136360783
  m_CPU_enc_SHA: 9061349915.0366783
  m_CPU_enc_AES: 11637660897.904404
  m_CPU_enc_ECDSA: 6221163080.2979336
  ME_ALLOC_S: 3316.448623295385
  ME_READ_S: 29010.596874999999
  ME_READ_L: 5892.66845703125
  ME_WRITE: 5123.974609375
  ME_LARGE: 328619
  ME_LATENCY: 136.41135336812968
  ME_THREADED: 36634.93359375
  SUMM_CPU: 14438.519210658311
  SUMM_ME: 1324.9852124241868
SystemInformation:
  OSName: Ubuntu 24.04.2 LTS
  Kernel: 6.11.0-1015-azure
  Device: ""
  Processor: INTEL XEON PLATINUM 8573C
  NumSockets: 1
  Manufacturer: GenuineIntel
  NumCores: 4
  NumLogicals: 8
  CPUFrequency: 2300
  Memory: 338384
  MemModuleInfo:
    iNumMemSticks: 3
    DIMM 1:
      manufacturer: Microsoft Corporation
      modulePartNo: None
      memType: Unknown
      size: 1
      clkspeed: 0
      moduleVoltage: 0
    DIMM 2:
      manufacturer: Microsoft Corporation
      modulePartNo: None
      memType: Unknown
      size: 59
      clkspeed: 0
      moduleVoltage: 0
    DIMM 3:
      manufacturer: Microsoft Corporation
      modulePartNo: None
      memType: Unknown
      size: 276
      clkspeed: 0
      moduleVoltage: 0
Checksum: 30CDF6E7A226B10275E9C372025FD608A7D9C97E