BaselineInfo:
  WebDBID: -1
  TimeStamp: 20260217170629
Version:
  Major: 11
  Minor: 0
  Build: 1004
  SpecialBuildName: ""
  ptArchitecture: x86_64_linux
Results:
  Results Complete: true
  NumTestProcesses: 32
  CPU_INTEGER_MATH: 152796.97
  CPU_FLOATINGPOINT_MATH: 108203.73362353866
  CPU_PRIME: 304.57686966201203
  CPU_SORTING: 75706.033120711742
  CPU_ENCRYPTION: 33684.592071741747
  CPU_COMPRESSION: 548971.3572752896
  CPU_SINGLETHREAD: 3180.1087998269018
  CPU_PHYSICS: 7041.6769976126252
  CPU_MATRIX_MULT_SSE: 42914.192191453112
  CPU_mm: 4203.1154194731389
  CPU_sse: 18089.736937055506
  CPU_fma: 46274.423517909221
  CPU_avx: 35123.478517697222
  CPU_avx512: 72169.129793150525
  m_CPU_enc_SHA: 35552693923.139397
  m_CPU_enc_AES: 46322361717.174095
  m_CPU_enc_ECDSA: 24087508808.342506
  ME_ALLOC_S: 18153.326645928082
  ME_READ_S: 27188.401562499999
  ME_READ_L: 9515.6806640625
  ME_WRITE: 9366.7158203125
  ME_LARGE: 234146.16666666666
  ME_LATENCY: 46.43434736065376
  ME_THREADED: 195070.6025390625
  SUMM_CPU: 47680.804122625239
  SUMM_ME: 2806.4285498898043
SystemInformation:
  OSName: Ubuntu 24.04.3 LTS
  Kernel: 6.14.0-1018-aws
  Device: ""
  Processor: Intel(R) Xeon(R) Platinum 8559C
  NumSockets: 1
  Manufacturer: GenuineIntel
  NumCores: 16
  NumLogicals: 32
  CPUFrequency: 0
  CPUMaxFrequency: 0
  Memory: 255684
  CPUInfo:
    number: 1
    Family: 6
    Model: 15
    stepping: 2
    features: 529267711
    manufacture: GenuineIntel
    typestring: Intel(R) Xeon(R) Platinum 8559C
    iCoresPerPackage: 16
    iThreadsPerPackage: 2
    featuresEx:
      - 529267711
      - 4294619651
      - 739248128
    bHybrid: false
    nPCore: 0
    nLogicalsPerPCore: 0
    nECore: 0
    nLogicalsPerECore: 0
  MemModuleInfo:
    iNumMemSticks: 1
    DIMM 1:
      manufacturer: Not Specified
      modulePartNo: Not Specified
      memType: DDR5
      size: 256
      clkspeed: 2800
      moduleVoltage: 0
Checksum: 9B245441D3D87B02CBC0C9F41A9E7BBA531335DB