---
system-info:
      stress-ng-version: 0.17.08
      run-by: root
      date-yyyy-mm-dd: 2024:09:18
      time-hh-mm-ss: 22:19:31
      epoch-secs: 1726697971
      hostname: sc-runner
      sysname: Linux
      nodename: sc-runner
      release: 6.8.0-1014-azure
      version: '#16-Ubuntu SMP Thu Aug 15 20:04:41 UTC 2024'
      machine: x86_64
      compiler: 'musl-gcc 13.2.1'
      uptime: 382
      totalram: 67425529856
      freeram: 57284968448
      sharedram: 42033152
      bufferram: 250683392
      totalswap: 0
      freeswap: 0
      pagesize: 4096
      cpus: 2
      cpus-online: 2
      ticks-per-second: 100

metrics:
    - stressor: cpu
      bogo-ops: 24780
      bogo-ops-per-second-usr-sys-time: 1239.257890
      bogo-ops-per-second-real-time: 1238.997238
      wall-clock-time: 20.000045
      user-time: 19.994839
      system-time: 0.000999
      cpu-usage-per-instance: 99.978967
      max-rss: 3248

...
