---
system-info:
      stress-ng-version: 0.17.08
      run-by: root
      date-yyyy-mm-dd: 2024:09:03
      time-hh-mm-ss: 14:11:33
      epoch-secs: 1725372693
      hostname: sc-runner
      sysname: Linux
      nodename: sc-runner
      release: 6.8.0-1013-azure
      version: '#15-Ubuntu SMP Thu Aug  8 18:40:40 UTC 2024'
      machine: x86_64
      compiler: 'musl-gcc 13.2.1'
      uptime: 476
      totalram: 67425538048
      freeram: 58867908608
      sharedram: 56975360
      bufferram: 217759744
      totalswap: 0
      freeswap: 0
      pagesize: 4096
      cpus: 2
      cpus-online: 2
      ticks-per-second: 100

metrics:
    - stressor: cpu
      bogo-ops: 15929
      bogo-ops-per-second-usr-sys-time: 796.624262
      bogo-ops-per-second-real-time: 796.442746
      wall-clock-time: 20.000182
      user-time: 19.995625
      system-time: 0.000000
      cpu-usage-per-instance: 99.977214
      max-rss: 3152

...
