BaselineInfo:
  WebDBID: -1
  TimeStamp: 20251219125845
Version:
  Major: 11
  Minor: 0
  Build: 1002
  SpecialBuildName: ""
  ptArchitecture: x86_64_linux
Results:
  Results Complete: true
  NumTestProcesses: 120
  CPU_INTEGER_MATH: 587806.98833333328
  CPU_FLOATINGPOINT_MATH: 340164.9012945749
  CPU_PRIME: 963.67488186507217
  CPU_SORTING: 165310.12723131935
  CPU_ENCRYPTION: 140721.80041743789
  CPU_COMPRESSION: 2126853.6909346441
  CPU_SINGLETHREAD: 2926.3464513287181
  CPU_PHYSICS: 7511.3853346308651
  CPU_MATRIX_MULT_SSE: 136044.76875862229
  CPU_mm: 13634.786596850699
  CPU_sse: 59030.305841722322
  CPU_fma: 174200.94266914736
  CPU_avx: 136914.11061845525
  CPU_avx512: 174033.71590516416
  m_CPU_enc_SHA: 197723068692.05878
  m_CPU_enc_AES: 135830474338.88834
  m_CPU_enc_ECDSA: 109118964752.59882
  ME_ALLOC_S: 29006.120941417594
  ME_READ_S: 27940.033984375001
  ME_READ_L: 27094.47265625
  ME_WRITE: 25747.376953125
  ME_LARGE: 155874.58333333334
  ME_LATENCY: 67.657235024540924
  ME_THREADED: 295180.21923828125
  SUMM_CPU: 99328.264554918947
  SUMM_ME: 3091.6381737976926
SystemInformation:
  OSName: Ubuntu 24.04.2 LTS
  Kernel: 6.8.0-86-generic
  Device: ""
  Processor: AMD EPYC 9554 64-Core Processor
  NumSockets: 120
  Manufacturer: AuthenticAMD
  NumCores: 120
  NumLogicals: 120
  CPUFrequency: 0
  Memory: 176837
  MemModuleInfo:
    iNumMemSticks: 1
    DIMM 1:
      manufacturer: QEMU
      modulePartNo: Not Specified
      memType: RAM
      size: 180000
      clkspeed: 0
      moduleVoltage: 0
Checksum: 5B2558C347F9A3AFC14665546E5B3C9E6D05F1BF