---
system-info:
      stress-ng-version: 0.17.08
      run-by: root
      date-yyyy-mm-dd: 2024:09:17
      time-hh-mm-ss: 16:04:17
      epoch-secs: 1726589057
      hostname: sc-runner
      sysname: Linux
      nodename: sc-runner
      release: 6.8.0-1014-azure
      version: '#16-Ubuntu SMP Thu Aug 15 20:04:41 UTC 2024'
      machine: x86_64
      compiler: 'musl-gcc 13.2.1'
      uptime: 285
      totalram: 541034262528
      freeram: 529351864320
      sharedram: 105508864
      bufferram: 332967936
      totalswap: 0
      freeswap: 0
      pagesize: 4096
      cpus: 32
      cpus-online: 32
      ticks-per-second: 100

metrics:
    - stressor: cpu
      bogo-ops: 621660
      bogo-ops-per-second-usr-sys-time: 972.011412
      bogo-ops-per-second-real-time: 31082.900024
      wall-clock-time: 20.000064
      user-time: 639.530409
      system-time: 0.029983
      cpu-usage-per-instance: 99.930990
      max-rss: 3080

...
