---
system-info:
      stress-ng-version: 0.17.08
      run-by: root
      date-yyyy-mm-dd: 2024:09:23
      time-hh-mm-ss: 21:31:49
      epoch-secs: 1727127109
      hostname: c4-highmem-16-c7871e3
      sysname: Linux
      nodename: c4-highmem-16-c7871e3
      release: 6.8.0-1014-gcp
      version: '#16-Ubuntu SMP Mon Aug 26 15:55:46 UTC 2024'
      machine: x86_64
      compiler: 'musl-gcc 13.2.1'
      uptime: 220
      totalram: 130838630400
      freeram: 120232083456
      sharedram: 274636800
      bufferram: 252919808
      totalswap: 0
      freeswap: 0
      pagesize: 4096
      cpus: 16
      cpus-online: 16
      ticks-per-second: 100

metrics:
    - stressor: cpu
      bogo-ops: 43102
      bogo-ops-per-second-usr-sys-time: 2155.096983
      bogo-ops-per-second-real-time: 2155.092755
      wall-clock-time: 20.000067
      user-time: 19.998029
      system-time: 0.001999
      cpu-usage-per-instance: 99.999804
      max-rss: 1104

...
