BaselineInfo:
  WebDBID: -1
  TimeStamp: 20260206094517
Version:
  Major: 11
  Minor: 0
  Build: 1004
  SpecialBuildName: ""
  ptArchitecture: x86_64_linux
Results:
  Results Complete: true
  NumTestProcesses: 8
  CPU_INTEGER_MATH: 41242.243333333339
  CPU_FLOATINGPOINT_MATH: 29874.599588952802
  CPU_PRIME: 88.711445766141352
  CPU_SORTING: 21459.459504614901
  CPU_ENCRYPTION: 9119.6631586221265
  CPU_COMPRESSION: 162548.07145709565
  CPU_SINGLETHREAD: 3273.4855767374047
  CPU_PHYSICS: 1940.4881924910544
  CPU_MATRIX_MULT_SSE: 11371.392678206512
  CPU_mm: 1232.7350952725951
  CPU_sse: 5044.1964899865361
  CPU_fma: 13153.518595854279
  CPU_avx: 10661.341211702671
  CPU_avx512: 16626.514415282571
  m_CPU_enc_SHA: 9601879604.241127
  m_CPU_enc_AES: 12520334078.943045
  m_CPU_enc_ECDSA: 6565766065.461895
  ME_ALLOC_S: 5057.493616320724
  ME_READ_S: 27604.449023437501
  ME_READ_L: 17258.775390625
  ME_WRITE: 12565.6396484375
  ME_LARGE: 19522.333333333332
  ME_LATENCY: 65.799247391107485
  ME_THREADED: 66272.59716796875
  SUMM_CPU: 15614.471023611215
  SUMM_ME: 2538.4348123461318
SystemInformation:
  OSName: Ubuntu 24.04.3 LTS
  Kernel: 6.14.0-1018-aws
  Device: ""
  Processor: Intel(R) Xeon(R) 6975P-C
  NumSockets: 1
  Manufacturer: GenuineIntel
  NumCores: 4
  NumLogicals: 8
  CPUFrequency: 0
  CPUMaxFrequency: 0
  Memory: 31556
  CPUInfo:
    number: 1
    Family: 6
    Model: 13
    stepping: 1
    features: 529267711
    manufacture: GenuineIntel
    typestring: Intel(R) Xeon(R) 6975P-C
    iCoresPerPackage: 4
    iThreadsPerPackage: 2
    featuresEx:
      - 529267711
      - 4294619651
      - 739248128
    bHybrid: false
    nPCore: 0
    nLogicalsPerPCore: 0
    nECore: 0
    nLogicalsPerECore: 0
  MemModuleInfo:
    iNumMemSticks: 1
    DIMM 1:
      manufacturer: Not Specified
      modulePartNo: Not Specified
      memType: DDR5
      size: 32
      clkspeed: 3600
      moduleVoltage: 0
Checksum: A4EF08AF31A3DE4801EACCD8B5CB8E9A11B29AE8