---
system-info:
      stress-ng-version: 0.17.08
      run-by: root
      date-yyyy-mm-dd: 2024:07:11
      time-hh-mm-ss: 16:20:44
      epoch-secs: 1720714844
      hostname: ip-172-31-62-90
      sysname: Linux
      nodename: ip-172-31-62-90
      release: 6.8.0-1010-aws
      version: '#10-Ubuntu SMP Thu Jun 13 17:48:42 UTC 2024'
      machine: aarch64
      compiler: 'musl-gcc 13.2.1'
      uptime: 168
      totalram: 133448560640
      freeram: 128160350208
      sharedram: 34983936
      bufferram: 136937472
      totalswap: 0
      freeswap: 0
      pagesize: 4096
      cpus: 8
      cpus-online: 8
      ticks-per-second: 100

metrics:
    - stressor: cpu
      bogo-ops: 30403
      bogo-ops-per-second-usr-sys-time: 1520.139207
      bogo-ops-per-second-real-time: 1520.144129
      wall-clock-time: 20.000077
      user-time: 19.999143
      system-time: 0.000999
      cpu-usage-per-instance: 100.000324
      max-rss: 1192

...
