---
system-info:
      stress-ng-version: 0.17.08
      run-by: root
      date-yyyy-mm-dd: 2024:06:09
      time-hh-mm-ss: 19:17:58
      epoch-secs: 1717960678
      hostname: 9c0e706e883b
      sysname: Linux
      nodename: 9c0e706e883b
      release: 6.8.0-1008-aws
      version: '#8-Ubuntu SMP Sat Apr 20 00:46:25 UTC 2024'
      machine: x86_64
      compiler: 'musl-gcc 13.2.1'
      uptime: 137
      totalram: 532331941888
      freeram: 527255519232
      sharedram: 60411904
      bufferram: 110866432
      totalswap: 0
      freeswap: 0
      pagesize: 4096
      cpus: 64
      cpus-online: 64
      ticks-per-second: 100

metrics:
    - stressor: cpu
      bogo-ops: 751700
      bogo-ops-per-second-usr-sys-time: 1175.058188
      bogo-ops-per-second-real-time: 75156.100170
      wall-clock-time: 10.001849
      user-time: 639.648030
      system-time: 0.064971
      cpu-usage-per-instance: 99.936674
      max-rss: 3584

...
