---
system-info:
      stress-ng-version: 0.17.08
      run-by: root
      date-yyyy-mm-dd: 2024:06:15
      time-hh-mm-ss: 21:41:02
      epoch-secs: 1718487662
      hostname: 5fd9942b2d8e
      sysname: Linux
      nodename: 5fd9942b2d8e
      release: 6.8.0-1008-aws
      version: '#8-Ubuntu SMP Sat Apr 20 00:46:25 UTC 2024'
      machine: x86_64
      compiler: 'musl-gcc 13.2.1'
      uptime: 138
      totalram: 532331941888
      freeram: 527456382976
      sharedram: 60411904
      bufferram: 109035520
      totalswap: 0
      freeswap: 0
      pagesize: 4096
      cpus: 64
      cpus-online: 64
      ticks-per-second: 100

metrics:
    - stressor: cpu
      bogo-ops: 1235861
      bogo-ops-per-second-usr-sys-time: 965.812331
      bogo-ops-per-second-real-time: 61792.795196
      wall-clock-time: 20.000082
      user-time: 1279.585845
      system-time: 0.021963
      cpu-usage-per-instance: 99.968948
      max-rss: 512

...
