BaselineInfo:
  WebDBID: -1
  TimeStamp: 20260206202050
Version:
  Major: 11
  Minor: 0
  Build: 1004
  SpecialBuildName: ""
  ptArchitecture: x86_64_linux
Results:
  Results Complete: true
  NumTestProcesses: 64
  CPU_INTEGER_MATH: 330186.68333333341
  CPU_FLOATINGPOINT_MATH: 239051.18607334743
  CPU_PRIME: 530.75388590869079
  CPU_SORTING: 162401.57705277638
  CPU_ENCRYPTION: 72394.050231375804
  CPU_COMPRESSION: 1274655.5972632982
  CPU_SINGLETHREAD: 3262.2675348132511
  CPU_PHYSICS: 8932.9004019080057
  CPU_MATRIX_MULT_SSE: 88400.99059865826
  CPU_mm: 9596.5751239598285
  CPU_sse: 39691.887649104094
  CPU_fma: 104403.87332002219
  CPU_avx: 82839.676900596314
  CPU_avx512: 126668.52452491036
  m_CPU_enc_SHA: 76499358029.317551
  m_CPU_enc_AES: 100055718214.32671
  m_CPU_enc_ECDSA: 51176914602.601097
  ME_ALLOC_S: 28597.339111069425
  ME_READ_S: 28764.650195312501
  ME_READ_L: 15555.970703125
  ME_WRITE: 10574.9794921875
  ME_LARGE: 493647.41666666669
  ME_LATENCY: 72.121307129460348
  ME_THREADED: 211089.08276367188
  SUMM_CPU: 82667.75088829179
  SUMM_ME: 2591.4130029915591
SystemInformation:
  OSName: Ubuntu 24.04.3 LTS
  Kernel: 6.14.0-1018-aws
  Device: ""
  Processor: Intel(R) Xeon(R) 6975P-C
  NumSockets: 1
  Manufacturer: GenuineIntel
  NumCores: 32
  NumLogicals: 64
  CPUFrequency: 0
  CPUMaxFrequency: 0
  Memory: 507670
  CPUInfo:
    number: 1
    Family: 6
    Model: 13
    stepping: 1
    features: 529267711
    manufacture: GenuineIntel
    typestring: Intel(R) Xeon(R) 6975P-C
    iCoresPerPackage: 32
    iThreadsPerPackage: 2
    featuresEx:
      - 529267711
      - 4294619651
      - 739248128
    bHybrid: false
    nPCore: 0
    nLogicalsPerPCore: 0
    nECore: 0
    nLogicalsPerECore: 0
  MemModuleInfo:
    iNumMemSticks: 1
    DIMM 1:
      manufacturer: Not Specified
      modulePartNo: Not Specified
      memType: DDR5
      size: 512
      clkspeed: 3600
      moduleVoltage: 0
Checksum: 2D50AB1CE5880EAF51302A8F30E4D8E5F2F8D45E