---
system-info:
      stress-ng-version: 0.17.08
      run-by: root
      date-yyyy-mm-dd: 2024:06:06
      time-hh-mm-ss: 20:56:37
      epoch-secs: 1717707397
      hostname: 73a3e8e010ee
      sysname: Linux
      nodename: 73a3e8e010ee
      release: 6.8.0-1008-aws
      version: '#8-Ubuntu SMP Sat Apr 20 00:46:25 UTC 2024'
      machine: x86_64
      compiler: 'musl-gcc 13.2.1'
      uptime: 129
      totalram: 100150968320
      freeram: 95683493888
      sharedram: 41070592
      bufferram: 86552576
      totalswap: 0
      freeswap: 0
      pagesize: 4096
      cpus: 24
      cpus-online: 24
      ticks-per-second: 100

metrics:
    - stressor: cpu
      bogo-ops: 237507
      bogo-ops-per-second-usr-sys-time: 990.670007
      bogo-ops-per-second-real-time: 23746.885336
      wall-clock-time: 10.001606
      user-time: 239.687829
      system-time: 0.055979
      cpu-usage-per-instance: 99.877209
      max-rss: 3708

...
