---
system-info:
      stress-ng-version: 0.17.08
      run-by: root
      date-yyyy-mm-dd: 2024:06:14
      time-hh-mm-ss: 13:03:38
      epoch-secs: 1718370218
      hostname: e3d6eba53e5a
      sysname: Linux
      nodename: e3d6eba53e5a
      release: 6.8.0-1008-aws
      version: '#8-Ubuntu SMP Sat Apr 20 00:46:25 UTC 2024'
      machine: x86_64
      compiler: 'musl-gcc 13.2.1'
      uptime: 142
      totalram: 100150972416
      freeram: 95546793984
      sharedram: 41070592
      bufferram: 107294720
      totalswap: 0
      freeswap: 0
      pagesize: 4096
      cpus: 24
      cpus-online: 24
      ticks-per-second: 100

metrics:
    - stressor: cpu
      bogo-ops: 404409
      bogo-ops-per-second-usr-sys-time: 843.415679
      bogo-ops-per-second-real-time: 20220.356133
      wall-clock-time: 20.000093
      user-time: 479.460565
      system-time: 0.028980
      cpu-usage-per-instance: 99.893191
      max-rss: 1204

...
