BaselineInfo:
  WebDBID: -1
  TimeStamp: 20241108185652
Version:
  Major: 11
  Minor: 0
  Build: 1002
  SpecialBuildName: ""
  ptArchitecture: x86_64_linux
Results:
  Results Complete: true
  NumTestProcesses: 32
  CPU_INTEGER_MATH: 131598.80766666666
  CPU_FLOATINGPOINT_MATH: 93535.193147616796
  CPU_PRIME: 286.18522981278744
  CPU_SORTING: 66785.943190347345
  CPU_ENCRYPTION: 29185.534009552208
  CPU_COMPRESSION: 483316.04106634221
  CPU_SINGLETHREAD: 2560.2834215010157
  CPU_PHYSICS: 5852.5599279077578
  CPU_MATRIX_MULT_SSE: 36565.202534674419
  CPU_mm: 3740.1410577295801
  CPU_sse: 16281.699865945955
  CPU_fma: 40714.892159320436
  CPU_avx: 31362.730144978992
  CPU_avx512: 57901.487968452246
  m_CPU_enc_SHA: 30714995891.599529
  m_CPU_enc_AES: 39828244575.91021
  m_CPU_enc_ECDSA: 21266511061.290886
  ME_ALLOC_S: 16505.814233304209
  ME_READ_S: 22700.349414062501
  ME_READ_L: 9813.7568359375
  ME_WRITE: 9127.8349609375
  ME_LARGE: 53475.666666666664
  ME_LATENCY: 59.55518827184941
  ME_THREADED: 156937.1982421875
  SUMM_CPU: 40815.655614757823
  SUMM_ME: 2418.4332145163335
SystemInformation:
  OSName: Ubuntu 24.04.1 LTS
  Kernel: 6.8.0-1015-gcp
  Device: ""
  Processor: INTEL XEON PLATINUM 8581C CPU @ 2.30GHz
  NumSockets: 1
  Manufacturer: GenuineIntel
  NumCores: 16
  NumLogicals: 32
  CPUFrequency: 0
  Memory: 64292
  MemModuleInfo:
    iNumMemSticks: 4
    DIMM 1:
      manufacturer: ""
      modulePartNo: ""
      memType: RAM
      size: 16
      clkspeed: 0
      moduleVoltage: 0
    DIMM 2:
      manufacturer: ""
      modulePartNo: ""
      memType: RAM
      size: 16
      clkspeed: 0
      moduleVoltage: 0
    DIMM 3:
      manufacturer: ""
      modulePartNo: ""
      memType: RAM
      size: 16
      clkspeed: 0
      moduleVoltage: 0
    DIMM 4:
      manufacturer: ""
      modulePartNo: ""
      memType: RAM
      size: 16
      clkspeed: 0
      moduleVoltage: 0
Checksum: D2C698527C53FB9B44AB254697A04220A9C3ED94