---
system-info:
      stress-ng-version: 0.17.08
      run-by: root
      date-yyyy-mm-dd: 2024:09:14
      time-hh-mm-ss: 01:42:08
      epoch-secs: 1726278128
      hostname: ip-172-31-21-82
      sysname: Linux
      nodename: ip-172-31-21-82
      release: 6.8.0-1014-aws
      version: '#15-Ubuntu SMP Thu Aug  8 19:13:06 UTC 2024'
      machine: x86_64
      compiler: 'musl-gcc 13.2.1'
      uptime: 265
      totalram: 2147448180736
      freeram: 2135518220288
      sharedram: 117039104
      bufferram: 225067008
      totalswap: 0
      freeswap: 0
      pagesize: 4096
      cpus: 128
      cpus-online: 128
      ticks-per-second: 100

metrics:
    - stressor: cpu
      bogo-ops: 37830
      bogo-ops-per-second-usr-sys-time: 1891.483828
      bogo-ops-per-second-real-time: 1891.494363
      wall-clock-time: 20.000060
      user-time: 19.999172
      system-time: 0.000999
      cpu-usage-per-instance: 100.000557
      max-rss: 0

...
