BaselineInfo:
  WebDBID: -1
  TimeStamp: 20241109143356
Version:
  Major: 11
  Minor: 0
  Build: 1002
  SpecialBuildName: ""
  ptArchitecture: x86_64_linux
Results:
  Results Complete: true
  NumTestProcesses: 64
  CPU_INTEGER_MATH: 269587.73366666673
  CPU_FLOATINGPOINT_MATH: 144668.52538305102
  CPU_PRIME: 340.52691179752941
  CPU_SORTING: 119895.89203011093
  CPU_ENCRYPTION: 65192.73657580524
  CPU_COMPRESSION: 897370.19926791848
  CPU_SINGLETHREAD: 2640.3914083896289
  CPU_PHYSICS: 6173.6672636589137
  CPU_MATRIX_MULT_SSE: 47745.04383433234
  CPU_mm: 5890.4308103189896
  CPU_sse: 24329.843549302786
  CPU_fma: 65332.9154160611
  CPU_avx: 53572.372537633106
  CPU_avx512: 0
  m_CPU_enc_SHA: 95209626357.985672
  m_CPU_enc_AES: 61411085957.273849
  m_CPU_enc_ECDSA: 48457904527.875153
  ME_ALLOC_S: 24126.717920826079
  ME_READ_S: 26410.378320312499
  ME_READ_L: 16539.578125
  ME_WRITE: 17057.716796875
  ME_LARGE: 233875.91666666666
  ME_LATENCY: 67.315288226331418
  ME_THREADED: 136231.9248046875
  SUMM_CPU: 60669.571083576695
  SUMM_ME: 2777.2581387196501
SystemInformation:
  OSName: Ubuntu 24.04.1 LTS
  Kernel: 6.8.0-1016-aws
  Device: ""
  Processor: AMD EPYC 7R13 Processor
  NumSockets: 1
  Manufacturer: AuthenticAMD
  NumCores: 32
  NumLogicals: 64
  CPUFrequency: 0
  Memory: 248277
  MemModuleInfo:
    iNumMemSticks: 1
    DIMM 1:
      manufacturer: Not Specified
      modulePartNo: Not Specified
      memType: DDR4
      size: 256
      clkspeed: 1600
      moduleVoltage: 0
Checksum: 8A36CAA0E4A920E5F5F28327BB5D0DA3DAAB7C6E