---
system-info:
      stress-ng-version: 0.17.08
      run-by: root
      date-yyyy-mm-dd: 2024:09:15
      time-hh-mm-ss: 22:24:44
      epoch-secs: 1726439084
      hostname: sc-runner
      sysname: Linux
      nodename: sc-runner
      release: 6.8.0-1014-azure
      version: '#16-Ubuntu SMP Thu Aug 15 20:04:41 UTC 2024'
      machine: x86_64
      compiler: 'musl-gcc 13.2.1'
      uptime: 293
      totalram: 16765739008
      freeram: 6672183296
      sharedram: 54890496
      bufferram: 226471936
      totalswap: 0
      freeswap: 0
      pagesize: 4096
      cpus: 2
      cpus-online: 2
      ticks-per-second: 100

metrics:
    - stressor: cpu
      bogo-ops: 75468
      bogo-ops-per-second-usr-sys-time: 1897.019502
      bogo-ops-per-second-real-time: 3773.384706
      wall-clock-time: 20.000081
      user-time: 39.780409
      system-time: 0.001997
      cpu-usage-per-instance: 99.455612
      max-rss: 1104

...
