---
system-info:
      stress-ng-version: 0.17.08
      run-by: root
      date-yyyy-mm-dd: 2024:09:16
      time-hh-mm-ss: 22:37:25
      epoch-secs: 1726526245
      hostname: sc-runner
      sysname: Linux
      nodename: sc-runner
      release: 6.8.0-1014-azure
      version: '#16-Ubuntu SMP Thu Aug 15 20:04:41 UTC 2024'
      machine: x86_64
      compiler: 'musl-gcc 13.2.1'
      uptime: 307
      totalram: 118159106048
      freeram: 107959668736
      sharedram: 42049536
      bufferram: 242196480
      totalswap: 0
      freeswap: 0
      pagesize: 4096
      cpus: 4
      cpus-online: 4
      ticks-per-second: 100

metrics:
    - stressor: cpu
      bogo-ops: 99116
      bogo-ops-per-second-usr-sys-time: 1245.988762
      bogo-ops-per-second-real-time: 4955.776783
      wall-clock-time: 20.000094
      user-time: 79.533080
      system-time: 0.014989
      cpu-usage-per-instance: 99.434620
      max-rss: 3252

...
