---
system-info:
      stress-ng-version: 0.17.08
      run-by: root
      date-yyyy-mm-dd: 2024:06:06
      time-hh-mm-ss: 12:38:27
      epoch-secs: 1717677507
      hostname: 9339bc5e562a
      sysname: Linux
      nodename: 9339bc5e562a
      release: 6.8.0-1008-aws
      version: '#8-Ubuntu SMP Sat Apr 20 00:46:25 UTC 2024'
      machine: x86_64
      compiler: 'musl-gcc 13.2.1'
      uptime: 111
      totalram: 66325270528
      freeram: 61961261056
      sharedram: 59981824
      bufferram: 83517440
      totalswap: 0
      freeswap: 0
      pagesize: 4096
      cpus: 32
      cpus-online: 32
      ticks-per-second: 100

metrics:
    - stressor: cpu
      bogo-ops: 16686
      bogo-ops-per-second-usr-sys-time: 1667.809458
      bogo-ops-per-second-real-time: 1667.836207
      wall-clock-time: 10.004580
      user-time: 10.004740
      system-time: 0.000000
      cpu-usage-per-instance: 100.001604
      max-rss: 3848

...
