---
system-info:
      stress-ng-version: 0.17.08
      run-by: root
      date-yyyy-mm-dd: 2024:06:13
      time-hh-mm-ss: 03:22:33
      epoch-secs: 1718248953
      hostname: a77feee52288
      sysname: Linux
      nodename: a77feee52288
      release: 6.8.0-1008-aws
      version: '#8-Ubuntu SMP Sat Apr 20 00:46:25 UTC 2024'
      machine: x86_64
      compiler: 'musl-gcc 13.2.1'
      uptime: 138
      totalram: 66325278720
      freeram: 61753659392
      sharedram: 59981824
      bufferram: 112701440
      totalswap: 0
      freeswap: 0
      pagesize: 4096
      cpus: 32
      cpus-online: 32
      ticks-per-second: 100

metrics:
    - stressor: cpu
      bogo-ops: 37829
      bogo-ops-per-second-usr-sys-time: 1891.422669
      bogo-ops-per-second-real-time: 1891.445288
      wall-clock-time: 20.000050
      user-time: 20.000289
      system-time: 0.000000
      cpu-usage-per-instance: 100.001196
      max-rss: 1032

...
