---
system-info:
      stress-ng-version: 0.17.08
      run-by: root
      date-yyyy-mm-dd: 2024:06:13
      time-hh-mm-ss: 07:42:02
      epoch-secs: 1718264522
      hostname: b9088f849369
      sysname: Linux
      nodename: b9088f849369
      release: 6.8.0-1008-aws
      version: '#8-Ubuntu SMP Sat Apr 20 00:46:25 UTC 2024'
      machine: x86_64
      compiler: 'musl-gcc 13.2.1'
      uptime: 159
      totalram: 257533636608
      freeram: 252804071424
      sharedram: 48824320
      bufferram: 105586688
      totalswap: 0
      freeswap: 0
      pagesize: 4096
      cpus: 32
      cpus-online: 32
      ticks-per-second: 100

metrics:
    - stressor: cpu
      bogo-ops: 324817
      bogo-ops-per-second-usr-sys-time: 507.994224
      bogo-ops-per-second-real-time: 16240.713079
      wall-clock-time: 20.000169
      user-time: 639.389831
      system-time: 0.020983
      cpu-usage-per-instance: 99.907097
      max-rss: 1032

...
