---
system-info:
      stress-ng-version: 0.17.08
      run-by: root
      date-yyyy-mm-dd: 2024:06:07
      time-hh-mm-ss: 11:41:12
      epoch-secs: 1717760472
      hostname: 56870353c8a3
      sysname: Linux
      nodename: 56870353c8a3
      release: 6.8.0-1008-aws
      version: '#8-Ubuntu SMP Sat Apr 20 00:46:25 UTC 2024'
      machine: x86_64
      compiler: 'musl-gcc 13.2.1'
      uptime: 147
      totalram: 257533636608
      freeram: 252930932736
      sharedram: 48824320
      bufferram: 90161152
      totalswap: 0
      freeswap: 0
      pagesize: 4096
      cpus: 32
      cpus-online: 32
      ticks-per-second: 100

metrics:
    - stressor: cpu
      bogo-ops: 251484
      bogo-ops-per-second-usr-sys-time: 786.802359
      bogo-ops-per-second-real-time: 25145.154680
      wall-clock-time: 10.001291
      user-time: 319.567945
      system-time: 0.059973
      cpu-usage-per-instance: 99.870835
      max-rss: 4104

...
