BaselineInfo:
  WebDBID: -1
  TimeStamp: 20260713083333
Version:
  Major: 11
  Minor: 0
  Build: 1004
  SpecialBuildName: ""
  ptArchitecture: x86_64_linux
Results:
  Results Complete: true
  NumTestProcesses: 16
  CPU_INTEGER_MATH: 120196.04200000002
  CPU_FLOATINGPOINT_MATH: 121239.08955606323
  CPU_PRIME: 406.36752492987802
  CPU_SORTING: 64227.014668414398
  CPU_ENCRYPTION: 24867.105240500267
  CPU_COMPRESSION: 481206.3806888843
  CPU_SINGLETHREAD: 3788.2511660423274
  CPU_PHYSICS: 5493.4377341187155
  CPU_MATRIX_MULT_SSE: 42509.087358068064
  CPU_mm: 5010.0691692977625
  CPU_sse: 15622.989755462
  CPU_fma: 57896.422173741827
  CPU_avx: 31722.81771371184
  CPU_avx512: 64794.119789356584
  m_CPU_enc_SHA: 35049360227.729233
  m_CPU_enc_AES: 21943143323.191078
  m_CPU_enc_ECDSA: 21232645683.068096
  ME_ALLOC_S: 19301.165780936739
  ME_READ_S: 34101.700781250001
  ME_READ_L: 29521.384765625
  ME_WRITE: 29330.994140625
  ME_LARGE: 120077.83333333333
  ME_LATENCY: 80.600186224429763
  ME_THREADED: 113770.6396484375
  SUMM_CPU: 44389.841942090294
  SUMM_ME: 2836.5955955773029
SystemInformation:
  OSName: Ubuntu 24.04.4 LTS
  Kernel: 6.17.0-1018-azure
  Device: ""
  Processor: "AMD EPYC 9V45 96-Core Processor                "
  NumSockets: 1
  Manufacturer: AuthenticAMD
  NumCores: 16
  NumLogicals: 16
  CPUFrequency: 0
  CPUMaxFrequency: 0
  Memory: 128809
  CPUInfo:
    number: 1
    Family: 15
    Model: 2
    stepping: 1
    features: 395049983
    manufacture: AuthenticAMD
    typestring: "AMD EPYC 9V45 96-Core Processor                "
    iCoresPerPackage: 16
    iThreadsPerPackage: 1
    featuresEx:
      - 395049983
      - 4277809667
      - 802421759
    bHybrid: false
    nPCore: 0
    nLogicalsPerPCore: 0
    nECore: 0
    nLogicalsPerECore: 0
  MemModuleInfo:
    iNumMemSticks: 3
    DIMM 1:
      manufacturer: Microsoft Corporation
      modulePartNo: None
      memType: Unknown
      size: 1
      clkspeed: 0
      moduleVoltage: 0
    DIMM 2:
      manufacturer: Microsoft Corporation
      modulePartNo: None
      memType: Unknown
      size: 59
      clkspeed: 0
      moduleVoltage: 0
    DIMM 3:
      manufacturer: Microsoft Corporation
      modulePartNo: None
      memType: Unknown
      size: 68
      clkspeed: 0
      moduleVoltage: 0
Checksum: D96F5457D749480CE7F4E5287265BB40DDF12BD9