BaselineInfo:
  WebDBID: -1
  TimeStamp: 20241109044033
Version:
  Major: 11
  Minor: 0
  Build: 1002
  SpecialBuildName: ""
  ptArchitecture: x86_64_linux
Results:
  Results Complete: true
  NumTestProcesses: 8
  CPU_INTEGER_MATH: 33633.362666666668
  CPU_FLOATINGPOINT_MATH: 17200.369633339193
  CPU_PRIME: 75.088275146118661
  CPU_SORTING: 17658.317707813581
  CPU_ENCRYPTION: 7303.591201917613
  CPU_COMPRESSION: 126122.06376016854
  CPU_SINGLETHREAD: 2432.1638272413047
  CPU_PHYSICS: 1352.2752966641169
  CPU_MATRIX_MULT_SSE: 7055.784662150164
  CPU_mm: 724.11957795937087
  CPU_sse: 3188.1966394932924
  CPU_fma: 8758.8539616657599
  CPU_avx: 6472.3401265640787
  CPU_avx512: 9803.7479208775239
  m_CPU_enc_SHA: 7380760554.8878956
  m_CPU_enc_AES: 11105283493.37311
  m_CPU_enc_ECDSA: 4489067296.1648836
  ME_ALLOC_S: 4143.5393942401952
  ME_READ_S: 23434.239843750001
  ME_READ_L: 12139.4677734375
  ME_WRITE: 10778.11328125
  ME_LARGE: 247574
  ME_LATENCY: 51.607295842025032
  ME_THREADED: 55934.6044921875
  SUMM_CPU: 11439.164926182515
  SUMM_ME: 2621.8558971782581
SystemInformation:
  OSName: Ubuntu 24.04.1 LTS
  Kernel: 6.8.0-1017-azure
  Device: ""
  Processor: Intel Xeon Platinum 8370C CPU @ 2.80GHz
  NumSockets: 1
  Manufacturer: GenuineIntel
  NumCores: 4
  NumLogicals: 8
  CPUFrequency: 2800
  Memory: 257738
  MemModuleInfo:
    iNumMemSticks: 3
    DIMM 1:
      manufacturer: Microsoft Corporation
      modulePartNo: None
      memType: Unknown
      size: 1
      clkspeed: 0
      moduleVoltage: 0
    DIMM 2:
      manufacturer: Microsoft Corporation
      modulePartNo: None
      memType: Unknown
      size: 59
      clkspeed: 0
      moduleVoltage: 0
    DIMM 3:
      manufacturer: Microsoft Corporation
      modulePartNo: None
      memType: Unknown
      size: 196
      clkspeed: 0
      moduleVoltage: 0
Checksum: A6B04295C02D1C6969D4C5DD8E11A84F37EC822D