BaselineInfo:
  WebDBID: -1
  TimeStamp: 20241111094654
Version:
  Major: 11
  Minor: 0
  Build: 1002
  SpecialBuildName: ""
  ptArchitecture: x86_64_linux
Results:
  Results Complete: true
  NumTestProcesses: 4
  CPU_INTEGER_MATH: 10054.451999999999
  CPU_FLOATINGPOINT_MATH: 6194.1376454309056
  CPU_PRIME: 18.805913965704754
  CPU_SORTING: 5325.4772614382309
  CPU_ENCRYPTION: 1392.0935369948747
  CPU_COMPRESSION: 44902.464831550802
  CPU_SINGLETHREAD: 1683.7543930307741
  CPU_PHYSICS: 427.259883596132
  CPU_MATRIX_MULT_SSE: 2458.3986535870545
  CPU_mm: 299.27572809138115
  CPU_sse: 1171.4421705202653
  CPU_fma: 3744.6673908756579
  CPU_avx: 2459.086399365241
  CPU_avx512: 0
  m_CPU_enc_SHA: 454827903.92752397
  m_CPU_enc_AES: 3520879318.4178672
  m_CPU_enc_ECDSA: 403440395.59842169
  ME_ALLOC_S: 1237.9464905460854
  ME_READ_S: 19970.564257812501
  ME_READ_L: 9432.3544921875
  ME_WRITE: 8909.712890625
  ME_LARGE: 21977.75
  ME_LATENCY: 54.640912538348779
  ME_THREADED: 23230.93896484375
  SUMM_CPU: 3564.9270949509228
  SUMM_ME: 1969.6224065634144
SystemInformation:
  OSName: Ubuntu 24.04.1 LTS
  Kernel: 6.8.0-1015-gcp
  Device: ""
  Processor: Intel Xeon CPU @ 2.20GHz
  NumSockets: 1
  Manufacturer: GenuineIntel
  NumCores: 2
  NumLogicals: 4
  CPUFrequency: 0
  Memory: 32094
  MemModuleInfo:
    iNumMemSticks: 2
    DIMM 1:
      manufacturer: ""
      modulePartNo: ""
      memType: RAM
      size: 16
      clkspeed: 0
      moduleVoltage: 0
    DIMM 2:
      manufacturer: ""
      modulePartNo: ""
      memType: RAM
      size: 16
      clkspeed: 0
      moduleVoltage: 0
Checksum: FE426A1254F88365A20137A83FF41DCB57CCBA2A