BaselineInfo:
  WebDBID: -1
  TimeStamp: 20260405084941
Version:
  Major: 11
  Minor: 0
  Build: 1004
  SpecialBuildName: ""
  ptArchitecture: x86_64_linux
Results:
  Results Complete: true
  NumTestProcesses: 20
  CPU_INTEGER_MATH: 49173.700666666671
  CPU_FLOATINGPOINT_MATH: 26402.408574558005
  CPU_PRIME: 76.815347152708782
  CPU_SORTING: 30152.528082831574
  CPU_ENCRYPTION: 6805.7529365934633
  CPU_COMPRESSION: 226024.87094101388
  CPU_SINGLETHREAD: 1680.3746008314711
  CPU_PHYSICS: 1488.3507484720594
  CPU_MATRIX_MULT_SSE: 14921.239372703092
  CPU_mm: 1497.1929463028016
  CPU_sse: 5350.5316122376726
  CPU_fma: 18280.684888638825
  CPU_avx: 12919.169903156484
  CPU_avx512: 23134.571086779386
  m_CPU_enc_SHA: 2221439260.7754369
  m_CPU_enc_AES: 17176760996.751219
  m_CPU_enc_ECDSA: 2010847316.1976244
  ME_ALLOC_S: 5360.1439279770948
  ME_READ_S: 19289.686328125001
  ME_READ_L: 6572.00927734375
  ME_WRITE: 7137.09521484375
  ME_LARGE: 74628.333333333328
  ME_LATENCY: 79.86244226933286
  ME_THREADED: 54377.301879882812
  SUMM_CPU: 15697.826486114847
  SUMM_ME: 1772.7718994891486
SystemInformation:
  OSName: Ubuntu 24.04.4 LTS
  Kernel: 6.8.0-106-generic
  Device: ""
  Processor: Intel(R) Xeon(R) Platinum 8163 CPU @ 2.50GHz
  NumSockets: 1
  Manufacturer: GenuineIntel
  NumCores: 10
  NumLogicals: 20
  CPUFrequency: 2500
  CPUMaxFrequency: 3100
  Memory: 87979
  CPUInfo:
    number: 1
    Family: 6
    Model: 5
    stepping: 4
    features: 529267711
    manufacture: GenuineIntel
    typestring: Intel(R) Xeon(R) Platinum 8163 CPU @ 2.50GHz
    iCoresPerPackage: 10
    iThreadsPerPackage: 2
    featuresEx:
      - 529267711
      - 4294586883
      - 739248128
    bHybrid: false
    nPCore: 0
    nLogicalsPerPCore: 0
    nECore: 0
    nLogicalsPerECore: 0
  MemModuleInfo:
    iNumMemSticks: 6
    DIMM 1:
      manufacturer: Alibaba Cloud
      modulePartNo: Not Specified
      memType: RAM
      size: 16
      clkspeed: 0
      moduleVoltage: 0
    DIMM 2:
      manufacturer: Alibaba Cloud
      modulePartNo: Not Specified
      memType: RAM
      size: 16
      clkspeed: 0
      moduleVoltage: 0
    DIMM 3:
      manufacturer: Alibaba Cloud
      modulePartNo: Not Specified
      memType: RAM
      size: 16
      clkspeed: 0
      moduleVoltage: 0
    DIMM 4:
      manufacturer: Alibaba Cloud
      modulePartNo: Not Specified
      memType: RAM
      size: 16
      clkspeed: 0
      moduleVoltage: 0
    DIMM 5:
      manufacturer: Alibaba Cloud
      modulePartNo: Not Specified
      memType: RAM
      size: 16
      clkspeed: 0
      moduleVoltage: 0
    DIMM 6:
      manufacturer: Alibaba Cloud
      modulePartNo: Not Specified
      memType: RAM
      size: 8
      clkspeed: 0
      moduleVoltage: 0
Checksum: 400043822A7288DB48026B4D57FD59B498E406F7