---
system-info:
      stress-ng-version: 0.17.08
      run-by: root
      date-yyyy-mm-dd: 2024:07:12
      time-hh-mm-ss: 12:58:51
      epoch-secs: 1720789131
      hostname: ip-172-31-1-41
      sysname: Linux
      nodename: ip-172-31-1-41
      release: 6.8.0-1010-aws
      version: '#10-Ubuntu SMP Thu Jun 13 17:36:15 UTC 2024'
      machine: x86_64
      compiler: 'musl-gcc 13.2.1'
      uptime: 226
      totalram: 401254653952
      freeram: 392519524352
      sharedram: 20475904
      bufferram: 133033984
      totalswap: 0
      freeswap: 0
      pagesize: 4096
      cpus: 96
      cpus-online: 96
      ticks-per-second: 100

metrics:
    - stressor: cpu
      bogo-ops: 15062
      bogo-ops-per-second-usr-sys-time: 753.129334
      bogo-ops-per-second-real-time: 753.098133
      wall-clock-time: 20.000050
      user-time: 19.999221
      system-time: 0.000000
      cpu-usage-per-instance: 99.995857
      max-rss: 768

...
