BaselineInfo:
  WebDBID: -1
  TimeStamp: 20241107155711
Version:
  Major: 11
  Minor: 0
  Build: 1002
  SpecialBuildName: ""
  ptArchitecture: x86_64_linux
Results:
  Results Complete: true
  NumTestProcesses: 4
  CPU_INTEGER_MATH: 16746.746333333336
  CPU_FLOATINGPOINT_MATH: 8566.1301503691739
  CPU_PRIME: 35.872904044601214
  CPU_SORTING: 8731.9756589001317
  CPU_ENCRYPTION: 3637.1649770423637
  CPU_COMPRESSION: 64363.502487416277
  CPU_SINGLETHREAD: 2419.5551540012557
  CPU_PHYSICS: 701.35366669271764
  CPU_MATRIX_MULT_SSE: 3480.1463788166757
  CPU_mm: 360.73073404971711
  CPU_sse: 1590.3589717047921
  CPU_fma: 4366.3804565070368
  CPU_avx: 3223.7218462825408
  CPU_avx512: 4740.1242407723339
  m_CPU_enc_SHA: 3652814200.14258
  m_CPU_enc_AES: 5539136742.368021
  m_CPU_enc_ECDSA: 2249580766.3909192
  ME_ALLOC_S: 2037.1820386653899
  ME_READ_S: 24434.097460937501
  ME_READ_L: 11760.9892578125
  ME_WRITE: 10452.681640625
  ME_LARGE: 22130
  ME_LATENCY: 52.920132772577091
  ME_THREADED: 30309.818359375
  SUMM_CPU: 5897.4993636661884
  SUMM_ME: 2323.5205683049026
SystemInformation:
  OSName: Ubuntu 24.04.1 LTS
  Kernel: 6.8.0-1017-azure
  Device: ""
  Processor: Intel Xeon Platinum 8370C CPU @ 2.80GHz
  NumSockets: 1
  Manufacturer: GenuineIntel
  NumCores: 2
  NumLogicals: 4
  CPUFrequency: 2800
  Memory: 32092
  MemModuleInfo:
    iNumMemSticks: 2
    DIMM 1:
      manufacturer: Microsoft Corporation
      modulePartNo: None
      memType: Unknown
      size: 1
      clkspeed: 0
      moduleVoltage: 0
    DIMM 2:
      manufacturer: Microsoft Corporation
      modulePartNo: None
      memType: Unknown
      size: 31
      clkspeed: 0
      moduleVoltage: 0
Checksum: 36AF0E07673141740BC070CDCE9F13FA4B6EED5A