BaselineInfo:
  WebDBID: -1
  TimeStamp: 20260713222027
Version:
  Major: 11
  Minor: 0
  Build: 1004
  SpecialBuildName: ""
  ptArchitecture: x86_64_linux
Results:
  Results Complete: true
  NumTestProcesses: 8
  CPU_INTEGER_MATH: 51689.964333333337
  CPU_FLOATINGPOINT_MATH: 31682.743569844541
  CPU_PRIME: 121.0762553052172
  CPU_SORTING: 24313.060661412565
  CPU_ENCRYPTION: 10346.595685367967
  CPU_COMPRESSION: 189676.2644230602
  CPU_SINGLETHREAD: 3699.1687642887755
  CPU_PHYSICS: 1899.6410283489531
  CPU_MATRIX_MULT_SSE: 14722.157823418025
  CPU_mm: 1418.1195725422904
  CPU_sse: 5280.4846880591931
  CPU_fma: 16004.432846740152
  CPU_avx: 15595.996549885918
  CPU_avx512: 22007.717208986836
  m_CPU_enc_SHA: 13058703235.034561
  m_CPU_enc_AES: 10614724718.954498
  m_CPU_enc_ECDSA: 8874147798.1521473
  ME_ALLOC_S: 5122.1180796207891
  ME_READ_S: 32938.407812500001
  ME_READ_L: 28664.05859375
  ME_WRITE: 29453.6484375
  ME_LARGE: 55729.666666666664
  ME_LATENCY: 83.321794020543123
  ME_THREADED: 48835.0244140625
  SUMM_CPU: 18241.612615197388
  SUMM_ME: 2578.900295619982
SystemInformation:
  OSName: Ubuntu 24.04.4 LTS
  Kernel: 6.17.0-1018-azure
  Device: ""
  Processor: "AMD EPYC 9V45 96-Core Processor                "
  NumSockets: 1
  Manufacturer: AuthenticAMD
  NumCores: 4
  NumLogicals: 8
  CPUFrequency: 0
  CPUMaxFrequency: 0
  Memory: 64300
  CPUInfo:
    number: 1
    Family: 15
    Model: 2
    stepping: 1
    features: 395049983
    manufacture: AuthenticAMD
    typestring: "AMD EPYC 9V45 96-Core Processor                "
    iCoresPerPackage: 8
    iThreadsPerPackage: 2
    featuresEx:
      - 395049983
      - 4277809667
      - 802421759
    bHybrid: false
    nPCore: 0
    nLogicalsPerPCore: 0
    nECore: 0
    nLogicalsPerECore: 0
  MemModuleInfo:
    iNumMemSticks: 3
    DIMM 1:
      manufacturer: Microsoft Corporation
      modulePartNo: None
      memType: Unknown
      size: 1
      clkspeed: 0
      moduleVoltage: 0
    DIMM 2:
      manufacturer: Microsoft Corporation
      modulePartNo: None
      memType: Unknown
      size: 59
      clkspeed: 0
      moduleVoltage: 0
    DIMM 3:
      manufacturer: Microsoft Corporation
      modulePartNo: None
      memType: Unknown
      size: 4
      clkspeed: 0
      moduleVoltage: 0
Checksum: 88F3E012186D5B51CACCAB21E7BCA171FEC53A4D