BaselineInfo:
  WebDBID: -1
  TimeStamp: 20260404002239
Version:
  Major: 11
  Minor: 0
  Build: 1004
  SpecialBuildName: ""
  ptArchitecture: x86_64_linux
Results:
  Results Complete: true
  NumTestProcesses: 4
  CPU_INTEGER_MATH: 9733.3899999999994
  CPU_FLOATINGPOINT_MATH: 5234.5154085590439
  CPU_PRIME: 22.726923917574013
  CPU_SORTING: 6019.1629087234696
  CPU_ENCRYPTION: 1350.2738211546607
  CPU_COMPRESSION: 45701.145497918165
  CPU_SINGLETHREAD: 1669.1259847713864
  CPU_PHYSICS: 414.18862851831534
  CPU_MATRIX_MULT_SSE: 2872.742176292882
  CPU_mm: 296.385491627004
  CPU_sse: 1057.1879004524985
  CPU_fma: 3615.9168216007974
  CPU_avx: 2555.678002265804
  CPU_avx512: 4262.1859808524277
  m_CPU_enc_SHA: 440444665.32043314
  m_CPU_enc_AES: 3409865468.1588798
  m_CPU_enc_ECDSA: 397284033.39389569
  ME_ALLOC_S: 1065.7788728638448
  ME_READ_S: 19349.029492187499
  ME_READ_L: 6272.4169921875
  ME_WRITE: 6902.02734375
  ME_LARGE: 2852.5833333333335
  ME_LATENCY: 82.321612439306961
  ME_THREADED: 17774.3759765625
  SUMM_CPU: 3576.0250234413534
  SUMM_ME: 1291.9602549889325
SystemInformation:
  OSName: Ubuntu 24.04.4 LTS
  Kernel: 6.8.0-106-generic
  Device: ""
  Processor: Intel(R) Xeon(R) Platinum 8163 CPU @ 2.50GHz
  NumSockets: 1
  Manufacturer: GenuineIntel
  NumCores: 2
  NumLogicals: 4
  CPUFrequency: 2500
  CPUMaxFrequency: 3100
  Memory: 15607
  CPUInfo:
    number: 1
    Family: 6
    Model: 5
    stepping: 4
    features: 529267711
    manufacture: GenuineIntel
    typestring: Intel(R) Xeon(R) Platinum 8163 CPU @ 2.50GHz
    iCoresPerPackage: 2
    iThreadsPerPackage: 2
    featuresEx:
      - 529267711
      - 4294586883
      - 739248128
    bHybrid: false
    nPCore: 0
    nLogicalsPerPCore: 0
    nECore: 0
    nLogicalsPerECore: 0
  MemModuleInfo:
    iNumMemSticks: 1
    DIMM 1:
      manufacturer: Alibaba Cloud
      modulePartNo: Not Specified
      memType: RAM
      size: 16
      clkspeed: 0
      moduleVoltage: 0
Checksum: 8B790498EE9BD85C48B01B850F3DB82B6E7D66EA