---
system-info:
      stress-ng-version: 0.17.08
      run-by: root
      date-yyyy-mm-dd: 2024:06:14
      time-hh-mm-ss: 04:24:13
      epoch-secs: 1718339053
      hostname: a52947efed53
      sysname: Linux
      nodename: a52947efed53
      release: 6.8.0-1008-aws
      version: '#8-Ubuntu SMP Sat Apr 20 00:46:25 UTC 2024'
      machine: x86_64
      compiler: 'musl-gcc 13.2.1'
      uptime: 124
      totalram: 403844255744
      freeram: 395787616256
      sharedram: 204156928
      bufferram: 109215744
      totalswap: 0
      freeswap: 0
      pagesize: 4096
      cpus: 192
      cpus-online: 192
      ticks-per-second: 100

metrics:
    - stressor: cpu
      bogo-ops: 5775237
      bogo-ops-per-second-usr-sys-time: 1505.094809
      bogo-ops-per-second-real-time: 288761.056245
      wall-clock-time: 20.000055
      user-time: 3836.960126
      system-time: 0.164927
      cpu-usage-per-instance: 99.924857
      max-rss: 0

...
