---
system-info:
      stress-ng-version: 0.17.08
      run-by: root
      date-yyyy-mm-dd: 2024:06:06
      time-hh-mm-ss: 04:42:19
      epoch-secs: 1717648939
      hostname: 811e5f7397fd
      sysname: Linux
      nodename: 811e5f7397fd
      release: 6.8.0-1008-aws
      version: '#8-Ubuntu SMP Sat Apr 20 00:46:25 UTC 2024'
      machine: x86_64
      compiler: 'musl-gcc 13.2.1'
      uptime: 111
      totalram: 403844231168
      freeram: 395772284928
      sharedram: 204156928
      bufferram: 82616320
      totalswap: 0
      freeswap: 0
      pagesize: 4096
      cpus: 192
      cpus-online: 192
      ticks-per-second: 100

metrics:
    - stressor: cpu
      bogo-ops: 2351741
      bogo-ops-per-second-usr-sys-time: 1226.533162
      bogo-ops-per-second-real-time: 235137.386097
      wall-clock-time: 10.001561
      user-time: 1917.116982
      system-time: 0.271861
      cpu-usage-per-instance: 99.848412
      max-rss: 3072

...
