size_kb,operation,bandwidth_mb_s,latency_ns,latency_stddev_ns,latency_samples,threads,iterations,elapsed_s
32,read,996036.71,0,0,0,16,714285,0.358564
32,write,971988.14,0,0,0,16,735294,0.378242
32,copy,662395.43,0,0,0,16,489236,0.369293
32,latency,0,0.98,0.05,10,1,10,0.204147
128,read,998438.03,0,0,0,16,233208,0.467146
128,write,984481.62,0,0,0,16,217013,0.440868
128,copy,681614.33,0,0,0,16,146028,0.428477
128,latency,0,2.68,0.00,7,1,7,0.668977
512,read,914402.91,0,0,0,16,56856,0.497426
512,write,978368.46,0,0,0,16,51781,0.423407
512,copy,438280.54,0,0,0,16,26556,0.484731
512,latency,0,3.69,0.00,7,1,7,0.693231
1024,read,853763.39,0,0,0,16,25163,0.471569
1024,write,861318.09,0,0,0,16,25188,0.467897
1024,copy,351344.94,0,0,0,16,11294,0.514321
1024,latency,0,5.60,0.02,7,1,7,0.693656
2048,read,721212.10,0,0,0,16,13406,0.594821
2048,write,684005.54,0,0,0,16,11372,0.532019
2048,copy,135262.36,0,0,0,16,4461,1.055371
2048,latency,0,9.79,0.01,7,1,7,0.698757
8192,read,126703.96,0,0,0,16,1322,1.335523
8192,write,102963.85,0,0,0,16,1296,1.611129
8192,copy,29015.80,0,0,0,16,776,3.423238
8192,latency,0,11.32,0.03,7,1,7,0.692363
16384,read,60993.29,0,0,0,16,693,2.908648
16384,write,43419.99,0,0,0,16,630,3.714418
16384,copy,23613.41,0,0,0,16,389,4.217264
16384,latency,0,11.82,0.01,7,1,7,0.751013
32768,read,51989.75,0,0,0,16,360,3.545314
32768,write,33715.88,0,0,0,16,277,4.206445
32768,copy,23322.39,0,0,0,16,183,4.017426
32768,latency,0,14.19,0.43,7,1,7,0.760652
65536,read,51862.64,0,0,0,16,178,3.514515
65536,write,33225.31,0,0,0,16,136,4.191503
65536,copy,23342.54,0,0,0,16,90,3.948157
65536,latency,0,68.57,0.17,7,1,7,2.967767
131072,read,51749.05,0,0,0,16,90,3.561805
131072,write,33218.20,0,0,0,16,65,4.007441
131072,copy,23308.31,0,0,0,16,44,3.866089
131072,latency,0,90.25,0.06,7,1,7,7.780957
