BaselineInfo:
  WebDBID: -1
  TimeStamp: 20250211134900
Version:
  Major: 11
  Minor: 0
  Build: 1002
  SpecialBuildName: ""
  ptArchitecture: x86_64_linux
Results:
  Results Complete: true
  NumTestProcesses: 2
  CPU_INTEGER_MATH: 9514.615333333335
  CPU_FLOATINGPOINT_MATH: 6760.644217509549
  CPU_PRIME: 19.029414871805386
  CPU_SORTING: 4849.5386200876701
  CPU_ENCRYPTION: 2114.2939340855337
  CPU_COMPRESSION: 35733.508462296813
  CPU_SINGLETHREAD: 2890.3960791775062
  CPU_PHYSICS: 466.88031912066481
  CPU_MATRIX_MULT_SSE: 2765.5720405598695
  CPU_mm: 269.53207755668245
  CPU_sse: 1167.1139445848444
  CPU_fma: 3356.5450309862954
  CPU_avx: 2450.2460898902018
  CPU_avx512: 4088.3830967781378
  m_CPU_enc_SHA: 2220568212.8881764
  m_CPU_enc_AES: 2877119567.5027685
  m_CPU_enc_ECDSA: 1553305848.2920723
  ME_ALLOC_S: 1605.3501595375999
  ME_READ_S: 26144.246679687501
  ME_READ_L: 10650.365234375
  ME_WRITE: 9771.72265625
  ME_LARGE: 1288
  ME_LATENCY: 58.322440355711365
  ME_THREADED: 15960.73291015625
  SUMM_CPU: 3749.2824482656524
  SUMM_ME: 1371.8456682143483
SystemInformation:
  OSName: Ubuntu 24.04.1 LTS
  Kernel: 6.8.0-1021-azure
  Device: ""
  Processor: INTEL XEON PLATINUM 8573C
  NumSockets: 1
  Manufacturer: GenuineIntel
  NumCores: 1
  NumLogicals: 2
  CPUFrequency: 2300
  Memory: 7937
  MemModuleInfo:
    iNumMemSticks: 2
    DIMM 1:
      manufacturer: Microsoft Corporation
      modulePartNo: None
      memType: Unknown
      size: 1
      clkspeed: 0
      moduleVoltage: 0
    DIMM 2:
      manufacturer: Microsoft Corporation
      modulePartNo: None
      memType: Unknown
      size: 7
      clkspeed: 0
      moduleVoltage: 0
Checksum: 47741BBD3D578C94FDCA0C7480FABB2AA8176E33