BaselineInfo:
  WebDBID: -1
  TimeStamp: 20260404231959
Version:
  Major: 11
  Minor: 0
  Build: 1004
  SpecialBuildName: ""
  ptArchitecture: x86_64_linux
Results:
  Results Complete: true
  NumTestProcesses: 16
  CPU_INTEGER_MATH: 39341.241999999998
  CPU_FLOATINGPOINT_MATH: 21142.502739517378
  CPU_PRIME: 70.476061107045822
  CPU_SORTING: 24012.065044167648
  CPU_ENCRYPTION: 5450.9704493741656
  CPU_COMPRESSION: 180738.35000369861
  CPU_SINGLETHREAD: 1687.7062085963146
  CPU_PHYSICS: 1299.4239983264099
  CPU_MATRIX_MULT_SSE: 12349.512484192817
  CPU_mm: 1200.0134353011658
  CPU_sse: 4285.0114789904119
  CPU_fma: 14638.748428441584
  CPU_avx: 10338.207577936082
  CPU_avx512: 20136.082451403188
  m_CPU_enc_SHA: 1780953471.1351714
  m_CPU_enc_AES: 13754592726.900471
  m_CPU_enc_ECDSA: 1611724171.7332528
  ME_ALLOC_S: 4330.3166866993315
  ME_READ_S: 19389.111328125
  ME_READ_L: 6804.1787109375
  ME_WRITE: 7198.3203125
  ME_LARGE: 115091.08333333333
  ME_LATENCY: 77.023806032370643
  ME_THREADED: 73119.45166015625
  SUMM_CPU: 13059.355410519544
  SUMM_ME: 1831.5565109431741
SystemInformation:
  OSName: Ubuntu 24.04.4 LTS
  Kernel: 6.8.0-106-generic
  Device: ""
  Processor: Intel(R) Xeon(R) Platinum 8269CY CPU @ 2.50GHz
  NumSockets: 1
  Manufacturer: GenuineIntel
  NumCores: 8
  NumLogicals: 16
  CPUFrequency: 2500
  CPUMaxFrequency: 3800
  Memory: 128301
  CPUInfo:
    number: 1
    Family: 6
    Model: 5
    stepping: 7
    features: 529267711
    manufacture: GenuineIntel
    typestring: Intel(R) Xeon(R) Platinum 8269CY CPU @ 2.50GHz
    iCoresPerPackage: 8
    iThreadsPerPackage: 2
    featuresEx:
      - 529267711
      - 4294586883
      - 739248128
    bHybrid: false
    nPCore: 0
    nLogicalsPerPCore: 0
    nECore: 0
    nLogicalsPerECore: 0
  MemModuleInfo:
    iNumMemSticks: 8
    DIMM 1:
      manufacturer: Alibaba Cloud
      modulePartNo: Not Specified
      memType: RAM
      size: 16
      clkspeed: 0
      moduleVoltage: 0
    DIMM 2:
      manufacturer: Alibaba Cloud
      modulePartNo: Not Specified
      memType: RAM
      size: 16
      clkspeed: 0
      moduleVoltage: 0
    DIMM 3:
      manufacturer: Alibaba Cloud
      modulePartNo: Not Specified
      memType: RAM
      size: 16
      clkspeed: 0
      moduleVoltage: 0
    DIMM 4:
      manufacturer: Alibaba Cloud
      modulePartNo: Not Specified
      memType: RAM
      size: 16
      clkspeed: 0
      moduleVoltage: 0
    DIMM 5:
      manufacturer: Alibaba Cloud
      modulePartNo: Not Specified
      memType: RAM
      size: 16
      clkspeed: 0
      moduleVoltage: 0
    DIMM 6:
      manufacturer: Alibaba Cloud
      modulePartNo: Not Specified
      memType: RAM
      size: 16
      clkspeed: 0
      moduleVoltage: 0
    DIMM 7:
      manufacturer: Alibaba Cloud
      modulePartNo: Not Specified
      memType: RAM
      size: 16
      clkspeed: 0
      moduleVoltage: 0
    DIMM 8:
      manufacturer: Alibaba Cloud
      modulePartNo: Not Specified
      memType: RAM
      size: 16
      clkspeed: 0
      moduleVoltage: 0
Checksum: 86963627668803146C39BA6A6ECB266039D0CA90