---
system-info:
      stress-ng-version: 0.17.08
      run-by: root
      date-yyyy-mm-dd: 2024:06:15
      time-hh-mm-ss: 06:26:15
      epoch-secs: 1718432775
      hostname: 52b7c8dbee59
      sysname: Linux
      nodename: 52b7c8dbee59
      release: 6.8.0-1008-aws
      version: '#8-Ubuntu SMP Sat Apr 20 02:43:14 UTC 2024'
      machine: aarch64
      compiler: 'musl-gcc 13.2.1'
      uptime: 139
      totalram: 33023426560
      freeram: 28678418432
      sharedram: 34996224
      bufferram: 109060096
      totalswap: 0
      freeswap: 0
      pagesize: 4096
      cpus: 8
      cpus-online: 8
      ticks-per-second: 100

metrics:
    - stressor: cpu
      bogo-ops: 30663
      bogo-ops-per-second-usr-sys-time: 1533.138655
      bogo-ops-per-second-real-time: 1533.146601
      wall-clock-time: 20.000044
      user-time: 20.000148
      system-time: 0.000000
      cpu-usage-per-instance: 100.000518
      max-rss: 1320

...
