---
system-info:
      stress-ng-version: 0.17.08
      run-by: root
      date-yyyy-mm-dd: 2024:06:08
      time-hh-mm-ss: 21:40:53
      epoch-secs: 1717882853
      hostname: e930cbee3393
      sysname: Linux
      nodename: e930cbee3393
      release: 6.8.0-1008-aws
      version: '#8-Ubuntu SMP Sat Apr 20 02:43:14 UTC 2024'
      machine: aarch64
      compiler: 'musl-gcc 13.2.1'
      uptime: 120
      totalram: 33023422464
      freeram: 28562608128
      sharedram: 34996224
      bufferram: 105660416
      totalswap: 0
      freeswap: 0
      pagesize: 4096
      cpus: 8
      cpus-online: 8
      ticks-per-second: 100

metrics:
    - stressor: cpu
      bogo-ops: 4267
      bogo-ops-per-second-usr-sys-time: 424.605717
      bogo-ops-per-second-real-time: 424.603921
      wall-clock-time: 10.049366
      user-time: 10.049323
      system-time: 0.000000
      cpu-usage-per-instance: 99.999577
      max-rss: 4008

...
