---
system-info:
      stress-ng-version: 0.17.08
      run-by: root
      date-yyyy-mm-dd: 2024:06:26
      time-hh-mm-ss: 21:27:28
      epoch-secs: 1719437248
      hostname: n4-highmem-8-6b587ec
      sysname: Linux
      nodename: n4-highmem-8-6b587ec
      release: 6.8.0-1009-gcp
      version: '#10-Ubuntu SMP Wed Jun 12 18:52:23 UTC 2024'
      machine: x86_64
      compiler: 'musl-gcc 13.2.1'
      uptime: 119
      totalram: 67423666176
      freeram: 62118514688
      sharedram: 274075648
      bufferram: 124305408
      totalswap: 0
      freeswap: 0
      pagesize: 4096
      cpus: 8
      cpus-online: 8
      ticks-per-second: 100

metrics:
    - stressor: cpu
      bogo-ops: 136836
      bogo-ops-per-second-usr-sys-time: 856.637005
      bogo-ops-per-second-real-time: 6841.760403
      wall-clock-time: 20.000116
      user-time: 159.716277
      system-time: 0.019993
      cpu-usage-per-instance: 99.834591
      max-rss: 1104

...
