BaselineInfo:
  WebDBID: -1
  TimeStamp: 20251008063028
Version:
  Major: 11
  Minor: 0
  Build: 1002
  SpecialBuildName: ""
  ptArchitecture: x86_64_linux
Results:
  Results Complete: true
  NumTestProcesses: 64
  CPU_INTEGER_MATH: 480495.26899999997
  CPU_FLOATINGPOINT_MATH: 465084.12109071336
  CPU_PRIME: 1543.1497273891234
  CPU_SORTING: 248568.97819618578
  CPU_ENCRYPTION: 97795.201175276918
  CPU_COMPRESSION: 1797759.2023706664
  CPU_SINGLETHREAD: 3800.8105879730897
  CPU_PHYSICS: 21228.731807211625
  CPU_MATRIX_MULT_SSE: 152207.30323285132
  CPU_mm: 18043.472247911515
  CPU_sse: 56983.347938691011
  CPU_fma: 204059.68548393282
  CPU_avx: 116644.69435002978
  CPU_avx512: 231141.48515875169
  m_CPU_enc_SHA: 137085949936.23352
  m_CPU_enc_AES: 86954428923.56218
  m_CPU_enc_ECDSA: 83596723742.905792
  ME_ALLOC_S: 41996.974026772201
  ME_READ_S: 33853.754492187501
  ME_READ_L: 32421.76171875
  ME_WRITE: 32900.01171875
  ME_LARGE: 240740.5
  ME_LATENCY: 82.659168656286042
  ME_THREADED: 518141.8544921875
  SUMM_CPU: 117105.04457042018
  SUMM_ME: 2907.9033867432281
SystemInformation:
  OSName: Ubuntu 24.04.2 LTS
  Kernel: 6.14.0-1014-aws
  Device: ""
  Processor: AMD EPYC 9R45
  NumSockets: 1
  Manufacturer: AuthenticAMD
  NumCores: 64
  NumLogicals: 64
  CPUFrequency: 0
  Memory: 252980
  MemModuleInfo:
    iNumMemSticks: 1
    DIMM 1:
      manufacturer: Not Specified
      modulePartNo: Not Specified
      memType: DDR5
      size: 256
      clkspeed: 3200
      moduleVoltage: 0
Checksum: 9D6DF40A5EAEB0F2834DA4697E10F0711992C067