BaselineInfo:
  WebDBID: -1
  TimeStamp: 20260403230810
Version:
  Major: 11
  Minor: 0
  Build: 1004
  SpecialBuildName: ""
  ptArchitecture: x86_64_linux
Results:
  Results Complete: true
  NumTestProcesses: 4
  CPU_INTEGER_MATH: 16442.724333333335
  CPU_FLOATINGPOINT_MATH: 8413.05706037647
  CPU_PRIME: 23.329844830184758
  CPU_SORTING: 8289.5921450511632
  CPU_ENCRYPTION: 2063.3719539005833
  CPU_COMPRESSION: 61717.41499541435
  CPU_SINGLETHREAD: 2319.9743259594065
  CPU_PHYSICS: 552.04633736590233
  CPU_MATRIX_MULT_SSE: 3363.0916040563679
  CPU_mm: 355.49688095203817
  CPU_sse: 1561.5231030920684
  CPU_fma: 4267.1772638646362
  CPU_avx: 3200.5217011072855
  CPU_avx512: 4423.1443481614797
  m_CPU_enc_SHA: 587987355.38753319
  m_CPU_enc_AES: 5373682964.5591869
  m_CPU_enc_ECDSA: 529136609.85305285
  ME_ALLOC_S: 1695.3877918839007
  ME_READ_S: 23400.519335937501
  ME_READ_L: 6938.177734375
  ME_WRITE: 6995.806640625
  ME_LARGE: 18621
  ME_LATENCY: 69.029983614657922
  ME_THREADED: 17975.01416015625
  SUMM_CPU: 5127.5357093764806
  SUMM_ME: 1699.5588482199873
SystemInformation:
  OSName: Ubuntu 24.04.4 LTS
  Kernel: 6.8.0-106-generic
  Device: ""
  Processor: Intel(R) Xeon(R) Platinum
  NumSockets: 1
  Manufacturer: GenuineIntel
  NumCores: 2
  NumLogicals: 4
  CPUFrequency: 0
  CPUMaxFrequency: 0
  Memory: 31174
  CPUInfo:
    number: 1
    Family: 6
    Model: 5
    stepping: 4
    features: 529267711
    manufacture: GenuineIntel
    typestring: Intel(R) Xeon(R) Platinum
    iCoresPerPackage: 2
    iThreadsPerPackage: 2
    featuresEx:
      - 529267711
      - 4294586883
      - 739248128
    bHybrid: false
    nPCore: 0
    nLogicalsPerPCore: 0
    nECore: 0
    nLogicalsPerECore: 0
  MemModuleInfo:
    iNumMemSticks: 2
    DIMM 1:
      manufacturer: Alibaba Cloud
      modulePartNo: Not Specified
      memType: RAM
      size: 16
      clkspeed: 0
      moduleVoltage: 0
    DIMM 2:
      manufacturer: Alibaba Cloud
      modulePartNo: Not Specified
      memType: RAM
      size: 16
      clkspeed: 0
      moduleVoltage: 0
Checksum: FA367B1AB59FEA9923755616F1F4AC1B691B27B0