BaselineInfo:
  WebDBID: -1
  TimeStamp: 20260407092626
Version:
  Major: 11
  Minor: 0
  Build: 1004
  SpecialBuildName: ""
  ptArchitecture: x86_64_linux
Results:
  Results Complete: true
  NumTestProcesses: 8
  CPU_INTEGER_MATH: 22561.456999999999
  CPU_FLOATINGPOINT_MATH: 14671.592274194049
  CPU_PRIME: 58.201952107960317
  CPU_SORTING: 17461.816148958562
  CPU_ENCRYPTION: 3280.2550863847364
  CPU_COMPRESSION: 134729.96833763286
  CPU_SINGLETHREAD: 1656.0774209765345
  CPU_PHYSICS: 1009.6776796135748
  CPU_MATRIX_MULT_SSE: 9350.5339225070475
  CPU_mm: 987.91626599125198
  CPU_sse: 3679.0699982007154
  CPU_fma: 12530.541803200209
  CPU_avx: 8465.2982752851894
  CPU_avx512: 12727.225613342069
  m_CPU_enc_SHA: 1763203548.4875615
  m_CPU_enc_AES: 6980697909.6525059
  m_CPU_enc_ECDSA: 1574888814.2428169
  ME_ALLOC_S: 1851.5203473808838
  ME_READ_S: 17832.852734374999
  ME_READ_L: 6502.48046875
  ME_WRITE: 7005.22119140625
  ME_LARGE: 18681
  ME_LATENCY: 80.210738093076856
  ME_THREADED: 49523.666015625
  SUMM_CPU: 9097.8665100469443
  SUMM_ME: 1637.3122708113665
SystemInformation:
  OSName: Ubuntu 24.04.4 LTS
  Kernel: 6.8.0-106-generic
  Device: ""
  Processor: Intel(R) Xeon(R) Platinum 8163 CPU @ 2.50GHz
  NumSockets: 1
  Manufacturer: GenuineIntel
  NumCores: 4
  NumLogicals: 8
  CPUFrequency: 2500
  CPUMaxFrequency: 3100
  Memory: 31710
  CPUInfo:
    number: 1
    Family: 6
    Model: 5
    stepping: 4
    features: 529267711
    manufacture: GenuineIntel
    typestring: Intel(R) Xeon(R) Platinum 8163 CPU @ 2.50GHz
    iCoresPerPackage: 4
    iThreadsPerPackage: 2
    featuresEx:
      - 529267711
      - 4294586883
      - 739248128
    bHybrid: false
    nPCore: 0
    nLogicalsPerPCore: 0
    nECore: 0
    nLogicalsPerECore: 0
  MemModuleInfo:
    iNumMemSticks: 2
    DIMM 1:
      manufacturer: Alibaba Cloud
      modulePartNo: Not Specified
      memType: RAM
      size: 16
      clkspeed: 0
      moduleVoltage: 0
    DIMM 2:
      manufacturer: Alibaba Cloud
      modulePartNo: Not Specified
      memType: RAM
      size: 16
      clkspeed: 0
      moduleVoltage: 0
Checksum: 716427AAE9C591EF6AB511604B6C255464F2FA6E