---
system-info:
      stress-ng-version: 0.17.08
      run-by: root
      date-yyyy-mm-dd: 2024:06:16
      time-hh-mm-ss: 07:55:37
      epoch-secs: 1718524537
      hostname: 55b6ccb0d701
      sysname: Linux
      nodename: 55b6ccb0d701
      release: 6.8.0-1008-aws
      version: '#8-Ubuntu SMP Sat Apr 20 00:46:25 UTC 2024'
      machine: x86_64
      compiler: 'musl-gcc 13.2.1'
      uptime: 116
      totalram: 100155252736
      freeram: 95657222144
      sharedram: 29282304
      bufferram: 108933120
      totalswap: 0
      freeswap: 0
      pagesize: 4096
      cpus: 12
      cpus-online: 12
      ticks-per-second: 100

metrics:
    - stressor: cpu
      bogo-ops: 261994
      bogo-ops-per-second-usr-sys-time: 1093.214392
      bogo-ops-per-second-real-time: 13099.643600
      wall-clock-time: 20.000086
      user-time: 239.637740
      system-time: 0.016990
      cpu-usage-per-instance: 99.855708
      max-rss: 1104

...
