---
system-info:
      stress-ng-version: 0.17.08
      run-by: root
      date-yyyy-mm-dd: 2024:06:10
      time-hh-mm-ss: 05:40:02
      epoch-secs: 1717998002
      hostname: 447724db47d5
      sysname: Linux
      nodename: 447724db47d5
      release: 6.8.0-1008-aws
      version: '#8-Ubuntu SMP Sat Apr 20 00:46:25 UTC 2024'
      machine: x86_64
      compiler: 'musl-gcc 13.2.1'
      uptime: 106
      totalram: 100155252736
      freeram: 95488733184
      sharedram: 29282304
      bufferram: 115032064
      totalswap: 0
      freeswap: 0
      pagesize: 4096
      cpus: 12
      cpus-online: 12
      ticks-per-second: 100

metrics:
    - stressor: cpu
      bogo-ops: 157376
      bogo-ops-per-second-usr-sys-time: 1313.718862
      bogo-ops-per-second-real-time: 15735.945451
      wall-clock-time: 10.001051
      user-time: 119.757281
      system-time: 0.036995
      cpu-usage-per-instance: 99.818068
      max-rss: 3792

...
