BaselineInfo:
  WebDBID: -1
  TimeStamp: 20241219005610
Version:
  Major: 11
  Minor: 0
  Build: 1002
  SpecialBuildName: ""
  ptArchitecture: x86_64_linux
Results:
  Results Complete: true
  NumTestProcesses: 16
  CPU_INTEGER_MATH: 91823.353333333318
  CPU_FLOATINGPOINT_MATH: 71685.488671419269
  CPU_PRIME: 265.90328845252196
  CPU_SORTING: 52391.420483396651
  CPU_ENCRYPTION: 19618.787011522534
  CPU_COMPRESSION: 364193.93492132536
  CPU_SINGLETHREAD: 2497.1328694139438
  CPU_PHYSICS: 4640.5470530840885
  CPU_MATRIX_MULT_SSE: 30415.604672074023
  CPU_mm: 3223.1786487534869
  CPU_sse: 14162.500402516112
  CPU_fma: 44028.382281566912
  CPU_avx: 33055.931332139051
  CPU_avx512: 0
  m_CPU_enc_SHA: 27763127482.663387
  m_CPU_enc_AES: 17702212733.010132
  m_CPU_enc_ECDSA: 16250027412.509254
  ME_ALLOC_S: 12140.313966508111
  ME_READ_S: 25762.8779296875
  ME_READ_L: 12985.2216796875
  ME_WRITE: 13920.3779296875
  ME_LARGE: 53021.916666666664
  ME_LATENCY: 88.383562489445126
  ME_THREADED: 157054.56787109375
  SUMM_CPU: 32315.180649178401
  SUMM_ME: 2220.5557960417877
SystemInformation:
  OSName: Ubuntu 24.04.1 LTS
  Kernel: 6.8.0-31-generic
  Device: ""
  Processor: AMD EPYC 7543 32-Core Processor
  NumSockets: 1
  Manufacturer: AuthenticAMD
  NumCores: 16
  NumLogicals: 16
  CPUFrequency: 0
  Memory: 64258
  MemModuleInfo:
    iNumMemSticks: 4
    DIMM 1:
      manufacturer: QEMU
      modulePartNo: Not Specified
      memType: RAM
      size: 16
      clkspeed: 0
      moduleVoltage: 0
    DIMM 2:
      manufacturer: QEMU
      modulePartNo: Not Specified
      memType: RAM
      size: 16
      clkspeed: 0
      moduleVoltage: 0
    DIMM 3:
      manufacturer: QEMU
      modulePartNo: Not Specified
      memType: RAM
      size: 16
      clkspeed: 0
      moduleVoltage: 0
    DIMM 4:
      manufacturer: QEMU
      modulePartNo: Not Specified
      memType: RAM
      size: 16
      clkspeed: 0
      moduleVoltage: 0
Checksum: D86FB486FFD5A6C19E1223E855C9A5C52444B91D