---
system-info:
      stress-ng-version: 0.17.08
      run-by: root
      date-yyyy-mm-dd: 2024:09:19
      time-hh-mm-ss: 07:38:37
      epoch-secs: 1726731517
      hostname: sc-runner
      sysname: Linux
      nodename: sc-runner
      release: 6.8.0-1014-azure
      version: '#16-Ubuntu SMP Thu Aug 15 20:04:41 UTC 2024'
      machine: x86_64
      compiler: 'musl-gcc 13.2.1'
      uptime: 385
      totalram: 168787062784
      freeram: 158364848128
      sharedram: 54931456
      bufferram: 249257984
      totalswap: 0
      freeswap: 0
      pagesize: 4096
      cpus: 20
      cpus-online: 20
      ticks-per-second: 100

metrics:
    - stressor: cpu
      bogo-ops: 31493
      bogo-ops-per-second-usr-sys-time: 1574.647323
      bogo-ops-per-second-real-time: 1574.648442
      wall-clock-time: 20.000020
      user-time: 19.999034
      system-time: 0.001000
      cpu-usage-per-instance: 100.000071
      max-rss: 3028

...
