---
system-info:
      stress-ng-version: 0.17.08
      run-by: root
      date-yyyy-mm-dd: 2024:06:13
      time-hh-mm-ss: 01:20:07
      epoch-secs: 1718241607
      hostname: efe89dc29f70
      sysname: Linux
      nodename: efe89dc29f70
      release: 6.8.0-1008-aws
      version: '#8-Ubuntu SMP Sat Apr 20 00:46:25 UTC 2024'
      machine: x86_64
      compiler: 'musl-gcc 13.2.1'
      uptime: 139
      totalram: 270244036608
      freeram: 263682220032
      sharedram: 117223424
      bufferram: 110698496
      totalswap: 0
      freeswap: 0
      pagesize: 4096
      cpus: 128
      cpus-online: 128
      ticks-per-second: 100

metrics:
    - stressor: cpu
      bogo-ops: 2498961
      bogo-ops-per-second-usr-sys-time: 976.637245
      bogo-ops-per-second-real-time: 124947.605748
      wall-clock-time: 20.000071
      user-time: 2558.678265
      system-time: 0.061957
      cpu-usage-per-instance: 99.950435
      max-rss: 0

...
