---
system-info:
      stress-ng-version: 0.17.08
      run-by: root
      date-yyyy-mm-dd: 2024:06:06
      time-hh-mm-ss: 11:40:51
      epoch-secs: 1717674051
      hostname: 0a2221648570
      sysname: Linux
      nodename: 0a2221648570
      release: 6.8.0-1008-aws
      version: '#8-Ubuntu SMP Sat Apr 20 00:46:25 UTC 2024'
      machine: x86_64
      compiler: 'musl-gcc 13.2.1'
      uptime: 103
      totalram: 270244052992
      freeram: 263642611712
      sharedram: 117223424
      bufferram: 82919424
      totalswap: 0
      freeswap: 0
      pagesize: 4096
      cpus: 128
      cpus-online: 128
      ticks-per-second: 100

metrics:
    - stressor: cpu
      bogo-ops: 1549652
      bogo-ops-per-second-usr-sys-time: 1211.195733
      bogo-ops-per-second-real-time: 154942.760135
      wall-clock-time: 10.001448
      user-time: 1279.328845
      system-time: 0.110933
      cpu-usage-per-instance: 99.941758
      max-rss: 3072

...
