BaselineInfo:
  WebDBID: -1
  TimeStamp: 20250210200159
Version:
  Major: 11
  Minor: 0
  Build: 1002
  SpecialBuildName: ""
  ptArchitecture: x86_64_linux
Results:
  Results Complete: true
  NumTestProcesses: 4
  CPU_INTEGER_MATH: 19100.135999999999
  CPU_FLOATINGPOINT_MATH: 13545.462136084383
  CPU_PRIME: 39.257776205801207
  CPU_SORTING: 9693.0927081329937
  CPU_ENCRYPTION: 4208.9691871254836
  CPU_COMPRESSION: 70328.874278441464
  CPU_SINGLETHREAD: 2911.3176687899263
  CPU_PHYSICS: 938.78322072831816
  CPU_MATRIX_MULT_SSE: 5691.926386472911
  CPU_mm: 539.98029638494086
  CPU_sse: 2342.2739145513583
  CPU_fma: 6626.7083804485974
  CPU_avx: 4917.5892192904739
  CPU_avx512: 8881.1340316012138
  m_CPU_enc_SHA: 4450909569.9630575
  m_CPU_enc_AES: 5782056586.9616079
  m_CPU_enc_ECDSA: 3007306066.1532092
  ME_ALLOC_S: 2852.5493697568827
  ME_READ_S: 26221.076171875
  ME_READ_L: 10687.88671875
  ME_WRITE: 9797.7431640625
  ME_LARGE: 1858
  ME_LATENCY: 60.639746366271559
  ME_THREADED: 32393.58740234375
  SUMM_CPU: 7382.7414436889503
  SUMM_ME: 1647.879758931711
SystemInformation:
  OSName: Ubuntu 24.04.1 LTS
  Kernel: 6.8.0-1021-azure
  Device: ""
  Processor: INTEL XEON PLATINUM 8573C
  NumSockets: 1
  Manufacturer: GenuineIntel
  NumCores: 2
  NumLogicals: 4
  CPUFrequency: 2300
  Memory: 7936
  MemModuleInfo:
    iNumMemSticks: 2
    DIMM 1:
      manufacturer: Microsoft Corporation
      modulePartNo: None
      memType: Unknown
      size: 1
      clkspeed: 0
      moduleVoltage: 0
    DIMM 2:
      manufacturer: Microsoft Corporation
      modulePartNo: None
      memType: Unknown
      size: 7
      clkspeed: 0
      moduleVoltage: 0
Checksum: F7732CDB390B1E2DEB3F99D1DC699988184AE843