BaselineInfo:
  WebDBID: -1
  TimeStamp: 20260621155923
Version:
  Major: 11
  Minor: 0
  Build: 1004
  SpecialBuildName: ""
  ptArchitecture: x86_64_linux
Results:
  Results Complete: true
  NumTestProcesses: 80
  CPU_INTEGER_MATH: 585548.66766666668
  CPU_FLOATINGPOINT_MATH: 542204.44334264984
  CPU_PRIME: 1811.871081195379
  CPU_SORTING: 283708.63340398995
  CPU_ENCRYPTION: 116676.86858790234
  CPU_COMPRESSION: 2133074.9103167616
  CPU_SINGLETHREAD: 3785.139509863227
  CPU_PHYSICS: 24389.814338021337
  CPU_MATRIX_MULT_SSE: 174226.8481015951
  CPU_mm: 20790.123192410487
  CPU_sse: 66260.939100536023
  CPU_fma: 225985.47214083708
  CPU_avx: 138516.99536758603
  CPU_avx512: 266143.98579742084
  m_CPU_enc_SHA: 164478742429.74286
  m_CPU_enc_AES: 104048001777.45865
  m_CPU_enc_ECDSA: 98506948262.083405
  ME_ALLOC_S: 41561.371249749594
  ME_READ_S: 34089.688281249997
  ME_READ_L: 31338.1015625
  ME_WRITE: 30601.255859375
  ME_LARGE: 634035.33333333337
  ME_LATENCY: 79.29311703950286
  ME_THREADED: 525020.30078125
  SUMM_CPU: 128041.50435229273
  SUMM_ME: 2986.9408600324541
SystemInformation:
  OSName: Ubuntu 24.04.4 LTS
  Kernel: 6.17.0-1018-azure
  Device: ""
  Processor: "AMD EPYC 9V45 96-Core Processor                "
  NumSockets: 1
  Manufacturer: AuthenticAMD
  NumCores: 80
  NumLogicals: 80
  CPUFrequency: 0
  CPUMaxFrequency: 0
  Memory: 644975
  CPUInfo:
    number: 1
    Family: 15
    Model: 2
    stepping: 1
    features: 395049983
    manufacture: AuthenticAMD
    typestring: "AMD EPYC 9V45 96-Core Processor                "
    iCoresPerPackage: 128
    iThreadsPerPackage: 1
    featuresEx:
      - 395049983
      - 4277809667
      - 802421759
    bHybrid: false
    nPCore: 0
    nLogicalsPerPCore: 0
    nECore: 0
    nLogicalsPerECore: 0
  MemModuleInfo:
    iNumMemSticks: 4
    DIMM 1:
      manufacturer: Microsoft Corporation
      modulePartNo: None
      memType: Unknown
      size: 1
      clkspeed: 0
      moduleVoltage: 0
    DIMM 2:
      manufacturer: Microsoft Corporation
      modulePartNo: None
      memType: Unknown
      size: 59
      clkspeed: 0
      moduleVoltage: 0
    DIMM 3:
      manufacturer: Microsoft Corporation
      modulePartNo: None
      memType: Unknown
      size: 260
      clkspeed: 0
      moduleVoltage: 0
    DIMM 4:
      manufacturer: Microsoft Corporation
      modulePartNo: None
      memType: Unknown
      size: 320
      clkspeed: 0
      moduleVoltage: 0
Checksum: 5917AC56FAC897E7F11083317BD420140020EFB5