---
system-info:
      stress-ng-version: 0.17.08
      run-by: root
      date-yyyy-mm-dd: 2024:09:17
      time-hh-mm-ss: 11:25:55
      epoch-secs: 1726572355
      hostname: sc-runner
      sysname: Linux
      nodename: sc-runner
      release: 6.8.0-1014-azure
      version: '#16-Ubuntu SMP Thu Aug 15 20:04:41 UTC 2024'
      machine: x86_64
      compiler: 'musl-gcc 13.2.1'
      uptime: 431
      totalram: 236434190336
      freeram: 225972588544
      sharedram: 46612480
      bufferram: 263049216
      totalswap: 0
      freeswap: 0
      pagesize: 4096
      cpus: 16
      cpus-online: 16
      ticks-per-second: 100

metrics:
    - stressor: cpu
      bogo-ops: 137464
      bogo-ops-per-second-usr-sys-time: 430.759539
      bogo-ops-per-second-real-time: 6873.115936
      wall-clock-time: 20.000245
      user-time: 318.960560
      system-time: 0.159477
      cpu-usage-per-instance: 99.723792
      max-rss: 3256

...
