BaselineInfo:
  WebDBID: -1
  TimeStamp: 20251105021331
Version:
  Major: 11
  Minor: 0
  Build: 1002
  SpecialBuildName: ""
  ptArchitecture: x86_64_linux
Results:
  Results Complete: true
  NumTestProcesses: 192
  CPU_INTEGER_MATH: 1384107.2990000006
  CPU_FLOATINGPOINT_MATH: 1266543.7495199312
  CPU_PRIME: 4156.6774902407642
  CPU_SORTING: 648733.44026744936
  CPU_ENCRYPTION: 267646.97866408393
  CPU_COMPRESSION: 4719312.3860231256
  CPU_SINGLETHREAD: 3830.4456695767926
  CPU_PHYSICS: 56852.747033246094
  CPU_MATRIX_MULT_SSE: 396018.41678472556
  CPU_mm: 46534.087856334896
  CPU_sse: 149946.72778631572
  CPU_fma: 529586.72876788152
  CPU_avx: 308593.48276388022
  CPU_avx512: 595946.7278208246
  m_CPU_enc_SHA: 375834498183.38806
  m_CPU_enc_AES: 241792430370.91489
  m_CPU_enc_ECDSA: 224317666344.70844
  ME_ALLOC_S: 44395.742849256712
  ME_READ_S: 33892.7158203125
  ME_READ_L: 32793.70703125
  ME_WRITE: 32997
  ME_LARGE: 1505258.0833333333
  ME_LATENCY: 81.934944479883043
  ME_THREADED: 1301922.7687988281
  SUMM_CPU: 184882.03734280041
  SUMM_ME: 2951.2244017488456
SystemInformation:
  OSName: Ubuntu 24.04.2 LTS
  Kernel: 6.14.0-1015-aws
  Device: ""
  Processor: AMD EPYC 9R45
  NumSockets: 2
  Manufacturer: AuthenticAMD
  NumCores: 192
  NumLogicals: 192
  CPUFrequency: 0
  Memory: 1519750
  MemModuleInfo:
    iNumMemSticks: 2
    DIMM 1:
      manufacturer: Not Specified
      modulePartNo: Not Specified
      memType: DDR5
      size: 768
      clkspeed: 3200
      moduleVoltage: 0
    DIMM 2:
      manufacturer: Not Specified
      modulePartNo: Not Specified
      memType: DDR5
      size: 768
      clkspeed: 3200
      moduleVoltage: 0
Checksum: DD239DC9C8483629DCD17C65DE70B9FA553CA487