BaselineInfo:
  WebDBID: -1
  TimeStamp: 20260714183751
Version:
  Major: 11
  Minor: 0
  Build: 1004
  SpecialBuildName: ""
  ptArchitecture: x86_64_linux
Results:
  Results Complete: true
  NumTestProcesses: 8
  CPU_INTEGER_MATH: 38237.381333333331
  CPU_FLOATINGPOINT_MATH: 27119.480003822318
  CPU_PRIME: 79.276108702010916
  CPU_SORTING: 19343.655891587507
  CPU_ENCRYPTION: 8401.088784627209
  CPU_COMPRESSION: 142654.51859064877
  CPU_SINGLETHREAD: 2921.6501281446708
  CPU_PHYSICS: 1879.4914913604894
  CPU_MATRIX_MULT_SSE: 11439.707908214048
  CPU_mm: 1081.898845079292
  CPU_sse: 4589.3437063653828
  CPU_fma: 13102.881307338399
  CPU_avx: 9434.9271530552105
  CPU_avx512: 18631.679466097205
  m_CPU_enc_SHA: 8914140718.828577
  m_CPU_enc_AES: 11592507348.433016
  m_CPU_enc_ECDSA: 5920892153.026186
  ME_ALLOC_S: 5267.3202173581885
  ME_READ_S: 26717.492968750001
  ME_READ_L: 9983.7109375
  ME_WRITE: 9232.2626953125
  ME_LARGE: 248760
  ME_LATENCY: 67.379186369267117
  ME_THREADED: 60412.94091796875
  SUMM_CPU: 14322.13752505513
  SUMM_ME: 2290.890661086728
SystemInformation:
  OSName: Ubuntu 24.04.4 LTS
  Kernel: 6.17.0-1020-azure
  Device: ""
  Processor: INTEL(R) XEON(R) PLATINUM 8573C
  NumSockets: 1
  Manufacturer: GenuineIntel
  NumCores: 4
  NumLogicals: 8
  CPUFrequency: 2300
  CPUMaxFrequency: 2300
  Memory: 257739
  CPUInfo:
    number: 1
    Family: 6
    Model: 15
    stepping: 2
    features: 529267711
    manufacture: GenuineIntel
    typestring: INTEL(R) XEON(R) PLATINUM 8573C
    iCoresPerPackage: 4
    iThreadsPerPackage: 2
    featuresEx:
      - 529267711
      - 4294586915
      - 739248128
    bHybrid: false
    nPCore: 0
    nLogicalsPerPCore: 0
    nECore: 0
    nLogicalsPerECore: 0
  MemModuleInfo:
    iNumMemSticks: 3
    DIMM 1:
      manufacturer: Microsoft Corporation
      modulePartNo: None
      memType: Unknown
      size: 1
      clkspeed: 0
      moduleVoltage: 0
    DIMM 2:
      manufacturer: Microsoft Corporation
      modulePartNo: None
      memType: Unknown
      size: 59
      clkspeed: 0
      moduleVoltage: 0
    DIMM 3:
      manufacturer: Microsoft Corporation
      modulePartNo: None
      memType: Unknown
      size: 196
      clkspeed: 0
      moduleVoltage: 0
Checksum: 3C5C47B5558BC2C2F1E603AFFC303D8DD124C822