BaselineInfo:
  WebDBID: -1
  TimeStamp: 20250418040001
Version:
  Major: 11
  Minor: 0
  Build: 1002
  SpecialBuildName: ""
  ptArchitecture: x86_64_linux
Results:
  Results Complete: true
  NumTestProcesses: 8
  CPU_INTEGER_MATH: 38245.072999999997
  CPU_FLOATINGPOINT_MATH: 27124.343964373395
  CPU_PRIME: 79.256125376555119
  CPU_SORTING: 19269.519519447222
  CPU_ENCRYPTION: 8470.0225722198247
  CPU_COMPRESSION: 141276.47423746047
  CPU_SINGLETHREAD: 2920.4714364775546
  CPU_PHYSICS: 1838.1231179739041
  CPU_MATRIX_MULT_SSE: 11598.876157336535
  CPU_mm: 1082.5437484625986
  CPU_sse: 4694.1918963323506
  CPU_fma: 13316.595184026466
  CPU_avx: 9920.0371461755039
  CPU_avx512: 18464.680402811828
  m_CPU_enc_SHA: 8911473432.1426163
  m_CPU_enc_AES: 11574373075.048515
  m_CPU_enc_ECDSA: 6158540658.8727903
  ME_ALLOC_S: 4482.9319163622677
  ME_READ_S: 26703.551562500001
  ME_READ_L: 7590.79052734375
  ME_WRITE: 6863.646484375
  ME_LARGE: 248248.41666666666
  ME_LATENCY: 98.939162911814265
  ME_THREADED: 46161.5380859375
  SUMM_CPU: 14316.24263140079
  SUMM_ME: 1716.7221081837145
SystemInformation:
  OSName: Ubuntu 24.04.2 LTS
  Kernel: 6.8.0-1021-azure
  Device: ""
  Processor: INTEL XEON PLATINUM 8573C
  NumSockets: 1
  Manufacturer: GenuineIntel
  NumCores: 4
  NumLogicals: 8
  CPUFrequency: 2300
  Memory: 257738
  MemModuleInfo:
    iNumMemSticks: 3
    DIMM 1:
      manufacturer: Microsoft Corporation
      modulePartNo: None
      memType: Unknown
      size: 1
      clkspeed: 0
      moduleVoltage: 0
    DIMM 2:
      manufacturer: Microsoft Corporation
      modulePartNo: None
      memType: Unknown
      size: 59
      clkspeed: 0
      moduleVoltage: 0
    DIMM 3:
      manufacturer: Microsoft Corporation
      modulePartNo: None
      memType: Unknown
      size: 196
      clkspeed: 0
      moduleVoltage: 0
Checksum: F4F7D0F934C2E5C7209CB76912015598F1955620