BaselineInfo:
  WebDBID: -1
  TimeStamp: 20241110053433
Version:
  Major: 11
  Minor: 0
  Build: 1002
  SpecialBuildName: ""
  ptArchitecture: x86_64_linux
Results:
  Results Complete: true
  NumTestProcesses: 32
  CPU_INTEGER_MATH: 134298.72466666665
  CPU_FLOATINGPOINT_MATH: 68646.418077543931
  CPU_PRIME: 189.61272185228887
  CPU_SORTING: 68069.459551812324
  CPU_ENCRYPTION: 29176.72122514444
  CPU_COMPRESSION: 491169.06490413588
  CPU_SINGLETHREAD: 2369.4144021899997
  CPU_PHYSICS: 3364.8687320797549
  CPU_MATRIX_MULT_SSE: 30378.491879147987
  CPU_mm: 2892.8753654830007
  CPU_sse: 12746.795003994759
  CPU_fma: 34999.431160383247
  CPU_avx: 25832.952977086181
  CPU_avx512: 47934.788375127733
  m_CPU_enc_SHA: 29441420837.687115
  m_CPU_enc_AES: 44310050199.450493
  m_CPU_enc_ECDSA: 18030557868.993557
  ME_ALLOC_S: 14866.209297356663
  ME_READ_S: 24322.146484375
  ME_READ_L: 11192.6005859375
  ME_WRITE: 10435.0439453125
  ME_LARGE: 1016092.1666666666
  ME_LATENCY: 59.890635854713175
  ME_THREADED: 135519.63427734375
  SUMM_CPU: 36913.689240139836
  SUMM_ME: 2580.6640584151287
SystemInformation:
  OSName: Ubuntu 24.04.1 LTS
  Kernel: 6.8.0-1016-aws
  Device: ""
  Processor: Intel Xeon Platinum 8375C CPU @ 2.90GHz
  NumSockets: 1
  Manufacturer: GenuineIntel
  NumCores: 16
  NumLogicals: 32
  CPUFrequency: 0
  Memory: 1027588
  MemModuleInfo:
    iNumMemSticks: 1
    DIMM 1:
      manufacturer: Not Specified
      modulePartNo: Not Specified
      memType: DDR4
      size: 1
      clkspeed: 1600
      moduleVoltage: 0
Checksum: C617726819D759354C7119AE96B9F89AA5286032