---
system-info:
      stress-ng-version: 0.17.08
      run-by: root
      date-yyyy-mm-dd: 2024:07:02
      time-hh-mm-ss: 06:52:19
      epoch-secs: 1719903139
      hostname: t2d-standard-32-ec623ae
      sysname: Linux
      nodename: t2d-standard-32-ec623ae
      release: 6.8.0-1009-gcp
      version: '#10-Ubuntu SMP Wed Jun 12 18:52:23 UTC 2024'
      machine: x86_64
      compiler: 'musl-gcc 13.2.1'
      uptime: 143
      totalram: 135061852160
      freeram: 129569603584
      sharedram: 35209216
      bufferram: 125726720
      totalswap: 0
      freeswap: 0
      pagesize: 4096
      cpus: 32
      cpus-online: 32
      ticks-per-second: 100

metrics:
    - stressor: cpu
      bogo-ops: 1724825
      bogo-ops-per-second-usr-sys-time: 2697.260762
      bogo-ops-per-second-real-time: 86241.038924
      wall-clock-time: 20.000049
      user-time: 639.445855
      system-time: 0.026985
      cpu-usage-per-instance: 99.917387
      max-rss: 1032

...
