BaselineInfo:
  WebDBID: -1
  TimeStamp: 20241108032808
Version:
  Major: 11
  Minor: 0
  Build: 1002
  SpecialBuildName: ""
  ptArchitecture: aarch64_linux
Results:
  Results Complete: true
  NumTestProcesses: 8
  CPU_INTEGER_MATH: 31568.067333333332
  CPU_FLOATINGPOINT_MATH: 23969.536404965609
  CPU_PRIME: 62.709664464991242
  CPU_SORTING: 22876.751663338953
  CPU_ENCRYPTION: 1082.4868269036072
  CPU_COMPRESSION: 37697.831135465945
  CPU_SINGLETHREAD: 1109.8209974616307
  CPU_PHYSICS: 1113.443360775371
  CPU_MATRIX_MULT_SSE: 4980.9780623513707
  CPU_mm: 834.22026721077191
  CPU_sse: 4169.7114069431818
  CPU_fma: 5792.2447177595604
  CPU_avx: 0
  CPU_avx512: 0
  m_CPU_enc_SHA: 1607392973.0157888
  m_CPU_enc_AES: 752485938.03754151
  m_CPU_enc_ECDSA: 1045330209.9685
  ME_ALLOC_S: 5195.2578348562747
  ME_READ_S: 9486.1515624999993
  ME_READ_L: 9213.08203125
  ME_WRITE: 12547.453125
  ME_LARGE: 3618.25
  ME_LATENCY: 70.805444474697168
  ME_THREADED: 72845.46875
  SUMM_CPU: 5224.1219612109753
  SUMM_ME: 1541.7027846656647
SystemInformation:
  OSName: Ubuntu 24.04.1 LTS
  Kernel: 6.8.0-1016-aws
  Device: ""
  Processor: ARM Neoverse-N1 8 Core 0 MHz
  NumSockets: 1
  Manufacturer: ARM
  NumCores: 8
  NumLogicals: 8
  CPUFrequency: 0
  Memory: 15672
Checksum: 1A0D4F0A05384C5C1699D53BCB80B51DD206099C