---
system-info:
      stress-ng-version: 0.17.08
      run-by: root
      date-yyyy-mm-dd: 2024:06:28
      time-hh-mm-ss: 15:38:17
      epoch-secs: 1719589097
      hostname: z3-highmem-88-59f2ecb
      sysname: Linux
      nodename: z3-highmem-88-59f2ecb
      release: 6.8.0-1009-gcp
      version: '#10-Ubuntu SMP Wed Jun 12 18:52:23 UTC 2024'
      machine: x86_64
      compiler: 'musl-gcc 13.2.1'
      uptime: 132
      totalram: 743947845632
      freeram: 737288650752
      sharedram: 222474240
      bufferram: 131280896
      totalswap: 0
      freeswap: 0
      pagesize: 4096
      cpus: 88
      cpus-online: 88
      ticks-per-second: 100

metrics:
    - stressor: cpu
      bogo-ops: 1464882
      bogo-ops-per-second-usr-sys-time: 832.650298
      bogo-ops-per-second-real-time: 73243.728303
      wall-clock-time: 20.000101
      user-time: 1759.266421
      system-time: 0.033977
      cpu-usage-per-instance: 99.959743
      max-rss: 704

...
