BaselineInfo:
  WebDBID: -1
  TimeStamp: 20241109194606
Version:
  Major: 11
  Minor: 0
  Build: 1002
  SpecialBuildName: ""
  ptArchitecture: x86_64_linux
Results:
  Results Complete: true
  NumTestProcesses: 96
  CPU_INTEGER_MATH: 316866.70466666663
  CPU_FLOATINGPOINT_MATH: 169644.72766128255
  CPU_PRIME: 350.99722419111589
  CPU_SORTING: 150945.43229477596
  CPU_ENCRYPTION: 41641.862531813684
  CPU_COMPRESSION: 1342373.8984516391
  CPU_SINGLETHREAD: 2219.0127951196146
  CPU_PHYSICS: 5278.7672458406896
  CPU_MATRIX_MULT_SSE: 84179.121315799901
  CPU_mm: 9057.2861961562085
  CPU_sse: 32074.742845177214
  CPU_fma: 100933.20433086233
  CPU_avx: 71257.557968567198
  CPU_avx512: 132450.98011859294
  m_CPU_enc_SHA: 13991022263.395664
  m_CPU_enc_AES: 104572103293.04948
  m_CPU_enc_ECDSA: 12430847382.032055
  ME_ALLOC_S: 23317.801023323533
  ME_READ_S: 25960.819921875001
  ME_READ_L: 11303.396484375
  ME_WRITE: 10649.244140625
  ME_LARGE: 175822.5
  ME_LATENCY: 51.020356604287656
  ME_THREADED: 229762.4833984375
  SUMM_CPU: 62868.744126095829
  SUMM_ME: 2844.3804169683854
SystemInformation:
  OSName: Ubuntu 24.04.1 LTS
  Kernel: 6.8.0-1016-aws
  Device: ""
  Processor: Intel Xeon Platinum 8275CL CPU @ 3.00GHz
  NumSockets: 2
  Manufacturer: GenuineIntel
  NumCores: 48
  NumLogicals: 96
  CPUFrequency: 0
  Memory: 189290
  MemModuleInfo:
    iNumMemSticks: 2
    DIMM 1:
      manufacturer: Not Specified
      modulePartNo: Not Specified
      memType: DDR4
      size: 96
      clkspeed: 1600
      moduleVoltage: 0
    DIMM 2:
      manufacturer: Not Specified
      modulePartNo: Not Specified
      memType: DDR4
      size: 96
      clkspeed: 1600
      moduleVoltage: 0
Checksum: 717CF1AD1C713B39B32120A81163A432AE0D111E