BaselineInfo:
  WebDBID: -1
  TimeStamp: 20250415091534
Version:
  Major: 11
  Minor: 0
  Build: 1002
  SpecialBuildName: ""
  ptArchitecture: x86_64_linux
Results:
  Results Complete: true
  NumTestProcesses: 128
  CPU_INTEGER_MATH: 542246.00433333323
  CPU_FLOATINGPOINT_MATH: 384193.24739964784
  CPU_PRIME: 1135.2730976951971
  CPU_SORTING: 265878.03912091721
  CPU_ENCRYPTION: 119496.54250122164
  CPU_COMPRESSION: 1935047.7101809909
  CPU_SINGLETHREAD: 2918.2158565283644
  CPU_PHYSICS: 20936.598210511183
  CPU_MATRIX_MULT_SSE: 154805.88984510128
  CPU_mm: 14798.711908871202
  CPU_sse: 64581.775572556879
  CPU_fma: 169187.66801414519
  CPU_avx: 131407.11516289299
  CPU_avx512: 254047.00063081027
  m_CPU_enc_SHA: 126437195276.59821
  m_CPU_enc_AES: 164432953421.10666
  m_CPU_enc_ECDSA: 85033470951.578262
  ME_ALLOC_S: 35445.756848556535
  ME_READ_S: 26403.289648437501
  ME_READ_L: 10964.1787109375
  ME_WRITE: 9841.0634765625
  ME_LARGE: 501650.66666666669
  ME_LATENCY: 61.072823420383038
  ME_THREADED: 597562.92236328125
  SUMM_CPU: 106176.97420931993
  SUMM_ME: 2623.6731674777811
SystemInformation:
  OSName: Ubuntu 24.04.2 LTS
  Kernel: 6.8.0-1021-azure
  Device: ""
  Processor: INTEL XEON PLATINUM 8573C
  NumSockets: 2
  Manufacturer: GenuineIntel
  NumCores: 64
  NumLogicals: 128
  CPUFrequency: 2300
  Memory: 515933
  MemModuleInfo:
    iNumMemSticks: 4
    DIMM 1:
      manufacturer: Microsoft Corporation
      modulePartNo: None
      memType: Unknown
      size: 1
      clkspeed: 0
      moduleVoltage: 0
    DIMM 2:
      manufacturer: Microsoft Corporation
      modulePartNo: None
      memType: Unknown
      size: 59
      clkspeed: 0
      moduleVoltage: 0
    DIMM 3:
      manufacturer: Microsoft Corporation
      modulePartNo: None
      memType: Unknown
      size: 196
      clkspeed: 0
      moduleVoltage: 0
    DIMM 4:
      manufacturer: Microsoft Corporation
      modulePartNo: None
      memType: Unknown
      size: 256
      clkspeed: 0
      moduleVoltage: 0
Checksum: 0DEE47482789DC20197DE4890F230A23228A1738