---
system-info:
      stress-ng-version: 0.17.08
      run-by: root
      date-yyyy-mm-dd: 2024:09:16
      time-hh-mm-ss: 15:52:07
      epoch-secs: 1726501927
      hostname: sc-runner
      sysname: Linux
      nodename: sc-runner
      release: 6.8.0-1014-azure
      version: '#16-Ubuntu SMP Thu Aug 15 20:04:41 UTC 2024'
      machine: x86_64
      compiler: 'musl-gcc 13.2.1'
      uptime: 335
      totalram: 67425533952
      freeram: 57313472512
      sharedram: 42037248
      bufferram: 238608384
      totalswap: 0
      freeswap: 0
      pagesize: 4096
      cpus: 2
      cpus-online: 2
      ticks-per-second: 100

metrics:
    - stressor: cpu
      bogo-ops: 36914
      bogo-ops-per-second-usr-sys-time: 934.132830
      bogo-ops-per-second-real-time: 1845.691210
      wall-clock-time: 20.000095
      user-time: 39.502906
      system-time: 0.013958
      cpu-usage-per-instance: 98.791690
      max-rss: 3252

...
