---
system-info:
      stress-ng-version: 0.17.08
      run-by: root
      date-yyyy-mm-dd: 2024:09:03
      time-hh-mm-ss: 16:52:51
      epoch-secs: 1725382371
      hostname: sc-runner
      sysname: Linux
      nodename: sc-runner
      release: 6.8.0-1013-azure
      version: '#15-Ubuntu SMP Thu Aug  8 18:40:40 UTC 2024'
      machine: x86_64
      compiler: 'musl-gcc 13.2.1'
      uptime: 389
      totalram: 67425538048
      freeram: 58893279232
      sharedram: 42045440
      bufferram: 224055296
      totalswap: 0
      freeswap: 0
      pagesize: 4096
      cpus: 2
      cpus-online: 2
      ticks-per-second: 100

metrics:
    - stressor: cpu
      bogo-ops: 36910
      bogo-ops-per-second-usr-sys-time: 934.002441
      bogo-ops-per-second-real-time: 1845.490672
      wall-clock-time: 20.000101
      user-time: 39.513110
      system-time: 0.004988
      cpu-usage-per-instance: 98.794746
      max-rss: 3252

...
