BaselineInfo:
  WebDBID: -1
  TimeStamp: 20260612134308
Version:
  Major: 11
  Minor: 0
  Build: 1004
  SpecialBuildName: ""
  ptArchitecture: x86_64_linux
Results:
  Results Complete: true
  NumTestProcesses: 2
  CPU_INTEGER_MATH: 13395.002
  CPU_FLOATINGPOINT_MATH: 11781.724049032015
  CPU_PRIME: 42.555570173844039
  CPU_SORTING: 8424.1975584574429
  CPU_ENCRYPTION: 2866.691745665431
  CPU_COMPRESSION: 57411.806439046413
  CPU_SINGLETHREAD: 3219.7802428467803
  CPU_PHYSICS: 764.11855628942612
  CPU_MATRIX_MULT_SSE: 5200.3067630584464
  CPU_mm: 575.91734672518442
  CPU_sse: 2556.1939544171987
  CPU_fma: 7519.2729172700665
  CPU_avx: 6445.3363485589452
  CPU_avx512: 4280.4238319875749
  m_CPU_enc_SHA: 4000256406.1567841
  m_CPU_enc_AES: 2537002251.7416267
  m_CPU_enc_ECDSA: 2480573833.810214
  ME_ALLOC_S: 1186.7875366376306
  ME_READ_S: 30497.845898437499
  ME_READ_L: 28223.67578125
  ME_WRITE: 28470.994140625
  ME_LARGE: 7829.333333333333
  ME_LATENCY: 67.007844053888164
  ME_THREADED: 55909.146484375
  SUMM_CPU: 5983.0326576470634
  SUMM_ME: 2411.9029378508008
SystemInformation:
  OSName: Ubuntu 24.04.4 LTS
  Kernel: 6.8.0-124-generic
  Device: ""
  Processor: AMD EPYC-Genoa Processor
  NumSockets: 1
  Manufacturer: AuthenticAMD
  NumCores: 1
  NumLogicals: 2
  CPUFrequency: 0
  CPUMaxFrequency: 0
  Memory: 15987
  CPUInfo:
    number: 1
    Family: 15
    Model: 1
    stepping: 0
    features: 395049983
    manufacture: AuthenticAMD
    typestring: AMD EPYC-Genoa Processor
    iCoresPerPackage: 1
    iThreadsPerPackage: 2
    featuresEx:
      - 395049983
      - 4277809667
      - 802421759
    bHybrid: false
    nPCore: 0
    nLogicalsPerPCore: 0
    nECore: 0
    nLogicalsPerECore: 0
  MemModuleInfo:
    iNumMemSticks: 1
    DIMM 1:
      manufacturer: QEMU
      modulePartNo: Not Specified
      memType: RAM
      size: 16
      clkspeed: 0
      moduleVoltage: 0
Checksum: 54B64434C6E46582BA63DBA9D60E84CD8E2DC395