BaselineInfo:
  WebDBID: -1
  TimeStamp: 20260612223933
Version:
  Major: 11
  Minor: 0
  Build: 1004
  SpecialBuildName: ""
  ptArchitecture: x86_64_linux
Results:
  Results Complete: true
  NumTestProcesses: 8
  CPU_INTEGER_MATH: 45200.872000000003
  CPU_FLOATINGPOINT_MATH: 36475.18033885301
  CPU_PRIME: 139.7121654783065
  CPU_SORTING: 26569.576158306805
  CPU_ENCRYPTION: 9772.1588153626126
  CPU_COMPRESSION: 190142.46910643473
  CPU_SINGLETHREAD: 2546.9829285014025
  CPU_PHYSICS: 2514.9330820247915
  CPU_MATRIX_MULT_SSE: 16480.437974502747
  CPU_mm: 1679.412169452839
  CPU_sse: 7785.2517611851463
  CPU_fma: 24844.243161214588
  CPU_avx: 16811.819001108506
  CPU_avx512: 0
  m_CPU_enc_SHA: 13727587873.018488
  m_CPU_enc_AES: 8688954076.7948914
  m_CPU_enc_ECDSA: 8324011656.1196203
  ME_ALLOC_S: 3935.0988843661612
  ME_READ_S: 25384.391210937501
  ME_READ_L: 16931.9921875
  ME_WRITE: 17172.1640625
  ME_LARGE: 55849
  ME_LATENCY: 61.43571100309601
  ME_THREADED: 124296.974609375
  SUMM_CPU: 18130.870650371897
  SUMM_ME: 2766.0892213253264
SystemInformation:
  OSName: Ubuntu 24.04.4 LTS
  Kernel: 6.8.0-124-generic
  Device: ""
  Processor: AMD EPYC-Rome Processor
  NumSockets: 1
  Manufacturer: AuthenticAMD
  NumCores: 4
  NumLogicals: 8
  CPUFrequency: 0
  CPUMaxFrequency: 0
  Memory: 64297
  CPUInfo:
    number: 1
    Family: 15
    Model: 1
    stepping: 0
    features: 395049983
    manufacture: AuthenticAMD
    typestring: AMD EPYC-Rome Processor
    iCoresPerPackage: 4
    iThreadsPerPackage: 2
    featuresEx:
      - 395049983
      - 4277678595
      - 802421759
    bHybrid: false
    nPCore: 0
    nLogicalsPerPCore: 0
    nECore: 0
    nLogicalsPerECore: 0
  MemModuleInfo:
    iNumMemSticks: 4
    DIMM 1:
      manufacturer: QEMU
      modulePartNo: Not Specified
      memType: RAM
      size: 16
      clkspeed: 0
      moduleVoltage: 0
    DIMM 2:
      manufacturer: QEMU
      modulePartNo: Not Specified
      memType: RAM
      size: 16
      clkspeed: 0
      moduleVoltage: 0
    DIMM 3:
      manufacturer: QEMU
      modulePartNo: Not Specified
      memType: RAM
      size: 16
      clkspeed: 0
      moduleVoltage: 0
    DIMM 4:
      manufacturer: QEMU
      modulePartNo: Not Specified
      memType: RAM
      size: 16
      clkspeed: 0
      moduleVoltage: 0
Checksum: 611658C834D278F372D229637494273816CC2CC1