---
system-info:
      stress-ng-version: 0.17.08
      run-by: root
      date-yyyy-mm-dd: 2024:06:21
      time-hh-mm-ss: 07:25:46
      epoch-secs: 1718954746
      hostname: f44717831019
      sysname: Linux
      nodename: f44717831019
      release: 6.8.0-1008-gcp
      version: '#9-Ubuntu SMP Wed May 22 18:09:04 UTC 2024'
      machine: x86_64
      compiler: 'musl-gcc 13.2.1'
      uptime: 173
      totalram: 8322797568
      freeram: 3192016896
      sharedram: 36040704
      bufferram: 134672384
      totalswap: 0
      freeswap: 0
      pagesize: 4096
      cpus: 8
      cpus-online: 8
      ticks-per-second: 100

metrics:
    - stressor: cpu
      bogo-ops: 28109
      bogo-ops-per-second-usr-sys-time: 1405.625914
      bogo-ops-per-second-real-time: 1405.428103
      wall-clock-time: 20.000312
      user-time: 19.997497
      system-time: 0.000000
      cpu-usage-per-instance: 99.985927
      max-rss: 1104

...
