BaselineInfo:
  WebDBID: -1
  TimeStamp: 20241109073441
Version:
  Major: 11
  Minor: 0
  Build: 1002
  SpecialBuildName: ""
  ptArchitecture: x86_64_linux
Results:
  Results Complete: true
  NumTestProcesses: 32
  CPU_INTEGER_MATH: 134716.70166666669
  CPU_FLOATINGPOINT_MATH: 68866.791866048094
  CPU_PRIME: 177.97771399777267
  CPU_SORTING: 68616.533801141413
  CPU_ENCRYPTION: 29251.255962027135
  CPU_COMPRESSION: 489359.14799721941
  CPU_SINGLETHREAD: 2431.2063812475026
  CPU_PHYSICS: 3342.236078901572
  CPU_MATRIX_MULT_SSE: 28338.261566632831
  CPU_mm: 2901.6878998828433
  CPU_sse: 12658.101850687943
  CPU_fma: 35108.441394524933
  CPU_avx: 25919.190014132375
  CPU_avx512: 39667.31300718608
  m_CPU_enc_SHA: 29517964243.39325
  m_CPU_enc_AES: 44464884919.077942
  m_CPU_enc_ECDSA: 18033645752.444515
  ME_ALLOC_S: 15337.831141540986
  ME_READ_S: 23508.9765625
  ME_READ_L: 11378.48046875
  ME_WRITE: 10510.310546875
  ME_LARGE: 246843.25
  ME_LATENCY: 52.851035612691398
  ME_THREADED: 135636.2392578125
  SUMM_CPU: 36757.752166560022
  SUMM_ME: 2712.5747540958264
SystemInformation:
  OSName: Ubuntu 24.04.1 LTS
  Kernel: 6.8.0-1017-azure
  Device: ""
  Processor: Intel Xeon Platinum 8370C CPU @ 2.80GHz
  NumSockets: 1
  Manufacturer: GenuineIntel
  NumCores: 16
  NumLogicals: 32
  CPUFrequency: 2800
  Memory: 257730
  MemModuleInfo:
    iNumMemSticks: 3
    DIMM 1:
      manufacturer: Microsoft Corporation
      modulePartNo: None
      memType: Unknown
      size: 1
      clkspeed: 0
      moduleVoltage: 0
    DIMM 2:
      manufacturer: Microsoft Corporation
      modulePartNo: None
      memType: Unknown
      size: 59
      clkspeed: 0
      moduleVoltage: 0
    DIMM 3:
      manufacturer: Microsoft Corporation
      modulePartNo: None
      memType: Unknown
      size: 196
      clkspeed: 0
      moduleVoltage: 0
Checksum: C951E4D993A05465BA172E0E748526F50B3ED6B1