---
system-info:
      stress-ng-version: 0.17.08
      run-by: root
      date-yyyy-mm-dd: 2024:06:06
      time-hh-mm-ss: 08:42:43
      epoch-secs: 1717663363
      hostname: 2ebd501cd848
      sysname: Linux
      nodename: 2ebd501cd848
      release: 6.8.0-1008-aws
      version: '#8-Ubuntu SMP Sat Apr 20 02:43:14 UTC 2024'
      machine: aarch64
      compiler: 'musl-gcc 13.2.1'
      uptime: 131
      totalram: 99418230784
      freeram: 94864375808
      sharedram: 35168256
      bufferram: 80637952
      totalswap: 0
      freeswap: 0
      pagesize: 4096
      cpus: 48
      cpus-online: 48
      ticks-per-second: 100

metrics:
    - stressor: cpu
      bogo-ops: 141104
      bogo-ops-per-second-usr-sys-time: 292.766419
      bogo-ops-per-second-real-time: 14044.356213
      wall-clock-time: 10.047025
      user-time: 481.921866
      system-time: 0.045978
      cpu-usage-per-instance: 99.939998
      max-rss: 3840

...
