---
system-info:
      stress-ng-version: 0.17.08
      run-by: root
      date-yyyy-mm-dd: 2024:06:13
      time-hh-mm-ss: 22:26:08
      epoch-secs: 1718317568
      hostname: d3741f92e709
      sysname: Linux
      nodename: d3741f92e709
      release: 6.8.0-1008-aws
      version: '#8-Ubuntu SMP Sat Apr 20 02:43:14 UTC 2024'
      machine: aarch64
      compiler: 'musl-gcc 13.2.1'
      uptime: 161
      totalram: 99418234880
      freeram: 94725033984
      sharedram: 35168256
      bufferram: 105799680
      totalswap: 0
      freeswap: 0
      pagesize: 4096
      cpus: 48
      cpus-online: 48
      ticks-per-second: 100

metrics:
    - stressor: cpu
      bogo-ops: 1456191
      bogo-ops-per-second-usr-sys-time: 1517.475732
      bogo-ops-per-second-real-time: 72809.270067
      wall-clock-time: 20.000077
      user-time: 959.592040
      system-time: 0.021988
      cpu-usage-per-instance: 99.959410
      max-rss: 1152

...
