BaselineInfo:
  WebDBID: -1
  TimeStamp: 20241109234035
Version:
  Major: 11
  Minor: 0
  Build: 1002
  SpecialBuildName: ""
  ptArchitecture: x86_64_linux
Results:
  Results Complete: true
  NumTestProcesses: 96
  CPU_INTEGER_MATH: 271353.95333333331
  CPU_FLOATINGPOINT_MATH: 145207.03356835354
  CPU_PRIME: 323.10961950854823
  CPU_SORTING: 135621.72527824249
  CPU_ENCRYPTION: 37032.915419738674
  CPU_COMPRESSION: 1176889.6771619015
  CPU_SINGLETHREAD: 1957.5732458347798
  CPU_PHYSICS: 4884.2328439452413
  CPU_MATRIX_MULT_SSE: 73965.397975024927
  CPU_mm: 8244.1558227904588
  CPU_sse: 29419.701074916135
  CPU_fma: 87417.23686571313
  CPU_avx: 61648.687725334239
  CPU_avx512: 117375.96623413617
  m_CPU_enc_SHA: 12167754941.410608
  m_CPU_enc_AES: 93443969703.163742
  m_CPU_enc_ECDSA: 10883754312.929394
  ME_ALLOC_S: 21408.056795065862
  ME_READ_S: 23544.142382812501
  ME_READ_L: 10932.1044921875
  ME_WRITE: 10257.58203125
  ME_LARGE: 365379.08333333331
  ME_LATENCY: 52.715460629874599
  ME_THREADED: 210431.92224121094
  SUMM_CPU: 55443.454748556222
  SUMM_ME: 2718.3910123474716
SystemInformation:
  OSName: Ubuntu 24.04.1 LTS
  Kernel: 6.8.0-1016-aws
  Device: ""
  Processor: Intel Xeon Platinum 8175M CPU @ 2.50GHz
  NumSockets: 2
  Manufacturer: GenuineIntel
  NumCores: 48
  NumLogicals: 96
  CPUFrequency: 0
  Memory: 378794
  MemModuleInfo:
    iNumMemSticks: 2
    DIMM 1:
      manufacturer: Not Specified
      modulePartNo: Not Specified
      memType: DDR4
      size: 192
      clkspeed: 1333
      moduleVoltage: 0
    DIMM 2:
      manufacturer: Not Specified
      modulePartNo: Not Specified
      memType: DDR4
      size: 192
      clkspeed: 1333
      moduleVoltage: 0
Checksum: CEDCAF6399F1727550A8DBE18A08C2A80AF4D255