BaselineInfo:
  WebDBID: -1
  TimeStamp: 20250526223838
Version:
  Major: 11
  Minor: 0
  Build: 1002
  SpecialBuildName: ""
  ptArchitecture: x86_64_linux
Results:
  Results Complete: true
  NumTestProcesses: 16
  CPU_INTEGER_MATH: 85188.024666666679
  CPU_FLOATINGPOINT_MATH: 60372.911980075412
  CPU_PRIME: 171.10212625717787
  CPU_SORTING: 42078.636533338198
  CPU_ENCRYPTION: 18873.928733298573
  CPU_COMPRESSION: 308642.0257148731
  CPU_SINGLETHREAD: 3253.3243454087992
  CPU_PHYSICS: 4069.9415906137738
  CPU_MATRIX_MULT_SSE: 25264.552898936701
  CPU_mm: 2409.0071164841443
  CPU_sse: 10430.485540178508
  CPU_fma: 28032.732465940444
  CPU_avx: 21457.11502760409
  CPU_avx512: 41137.878562023747
  m_CPU_enc_SHA: 19823771474.884747
  m_CPU_enc_AES: 25809382022.180981
  m_CPU_enc_ECDSA: 13739092589.276131
  ME_ALLOC_S: 8008.9330482208588
  ME_READ_S: 29392.625390624999
  ME_READ_L: 7473.12353515625
  ME_WRITE: 6745.98095703125
  ME_LARGE: 328507.25
  ME_LATENCY: 97.284128494512103
  ME_THREADED: 87566.1826171875
  SUMM_CPU: 29592.249954770959
  SUMM_ME: 1795.9067558062227
SystemInformation:
  OSName: Ubuntu 24.04.2 LTS
  Kernel: 6.11.0-1015-azure
  Device: ""
  Processor: INTEL XEON PLATINUM 8573C
  NumSockets: 1
  Manufacturer: GenuineIntel
  NumCores: 8
  NumLogicals: 16
  CPUFrequency: 2300
  Memory: 338381
  MemModuleInfo:
    iNumMemSticks: 3
    DIMM 1:
      manufacturer: Microsoft Corporation
      modulePartNo: None
      memType: Unknown
      size: 1
      clkspeed: 0
      moduleVoltage: 0
    DIMM 2:
      manufacturer: Microsoft Corporation
      modulePartNo: None
      memType: Unknown
      size: 59
      clkspeed: 0
      moduleVoltage: 0
    DIMM 3:
      manufacturer: Microsoft Corporation
      modulePartNo: None
      memType: Unknown
      size: 276
      clkspeed: 0
      moduleVoltage: 0
Checksum: 420374FF453476B5851A2CEF2E12AADCDA1B15E7