---
system-info:
      stress-ng-version: 0.17.08
      run-by: root
      date-yyyy-mm-dd: 2024:09:17
      time-hh-mm-ss: 10:12:44
      epoch-secs: 1726567964
      hostname: sc-runner
      sysname: Linux
      nodename: sc-runner
      release: 6.8.0-1014-azure
      version: '#16-Ubuntu SMP Thu Aug 15 20:04:41 UTC 2024'
      machine: x86_64
      compiler: 'musl-gcc 13.2.1'
      uptime: 298
      totalram: 405734875136
      freeram: 393967718400
      sharedram: 105652224
      bufferram: 307585024
      totalswap: 0
      freeswap: 0
      pagesize: 4096
      cpus: 48
      cpus-online: 48
      ticks-per-second: 100

metrics:
    - stressor: cpu
      bogo-ops: 932082
      bogo-ops-per-second-usr-sys-time: 971.309050
      bogo-ops-per-second-real-time: 46603.923019
      wall-clock-time: 20.000076
      user-time: 959.574267
      system-time: 0.039977
      cpu-usage-per-instance: 99.959437
      max-rss: 3200

...
