BaselineInfo:
  WebDBID: -1
  TimeStamp: 20260617211053
Version:
  Major: 11
  Minor: 0
  Build: 1004
  SpecialBuildName: ""
  ptArchitecture: x86_64_linux
Results:
  Results Complete: true
  NumTestProcesses: 8
  CPU_INTEGER_MATH: 19666.432000000001
  CPU_FLOATINGPOINT_MATH: 10550.242054512644
  CPU_PRIME: 47.169689732837185
  CPU_SORTING: 12082.341220207814
  CPU_ENCRYPTION: 2720.6925078330096
  CPU_COMPRESSION: 91685.530842613574
  CPU_SINGLETHREAD: 1673.7421502124587
  CPU_PHYSICS: 771.09911104222931
  CPU_MATRIX_MULT_SSE: 5859.3193975106187
  CPU_mm: 598.99612094526606
  CPU_sse: 2141.6010421799306
  CPU_fma: 7302.6129205339403
  CPU_avx: 5162.4749258490701
  CPU_avx512: 8830.5887014795371
  m_CPU_enc_SHA: 888797363.31691599
  m_CPU_enc_AES: 6864228908.2580042
  m_CPU_enc_ECDSA: 805532329.70559657
  ME_ALLOC_S: 2207.8739648607534
  ME_READ_S: 19517.3681640625
  ME_READ_L: 6582.07275390625
  ME_WRITE: 7158.86376953125
  ME_LARGE: 23438.333333333332
  ME_LATENCY: 79.405165801595771
  ME_THREADED: 35830.46484375
  SUMM_CPU: 6992.1400977616131
  SUMM_ME: 1676.0164234532133
SystemInformation:
  OSName: Ubuntu 24.04.4 LTS
  Kernel: 6.8.0-117-generic
  Device: ""
  Processor: Intel(R) Xeon(R) Platinum 8163 CPU @ 2.50GHz
  NumSockets: 1
  Manufacturer: GenuineIntel
  NumCores: 4
  NumLogicals: 8
  CPUFrequency: 2500
  CPUMaxFrequency: 3100
  Memory: 31711
  CPUInfo:
    number: 1
    Family: 6
    Model: 5
    stepping: 4
    features: 529267711
    manufacture: GenuineIntel
    typestring: Intel(R) Xeon(R) Platinum 8163 CPU @ 2.50GHz
    iCoresPerPackage: 4
    iThreadsPerPackage: 2
    featuresEx:
      - 529267711
      - 4294586883
      - 739248128
    bHybrid: false
    nPCore: 0
    nLogicalsPerPCore: 0
    nECore: 0
    nLogicalsPerECore: 0
  MemModuleInfo:
    iNumMemSticks: 2
    DIMM 1:
      manufacturer: Alibaba Cloud
      modulePartNo: Not Specified
      memType: RAM
      size: 16
      clkspeed: 0
      moduleVoltage: 0
    DIMM 2:
      manufacturer: Alibaba Cloud
      modulePartNo: Not Specified
      memType: RAM
      size: 16
      clkspeed: 0
      moduleVoltage: 0
Checksum: 870CBD72C843AD3A4C765CAFFED2698058B7175B