---
system-info:
      stress-ng-version: 0.17.08
      run-by: root
      date-yyyy-mm-dd: 2024:09:21
      time-hh-mm-ss: 22:20:05
      epoch-secs: 1726957205
      hostname: sc-runner
      sysname: Linux
      nodename: sc-runner
      release: 6.8.0-1014-azure
      version: '#16-Ubuntu SMP Thu Aug 15 20:04:41 UTC 2024'
      machine: x86_64
      compiler: 'musl-gcc 13.2.1'
      uptime: 306
      totalram: 135070527488
      freeram: 124830932992
      sharedram: 38105088
      bufferram: 248143872
      totalswap: 0
      freeswap: 0
      pagesize: 4096
      cpus: 4
      cpus-online: 4
      ticks-per-second: 100

metrics:
    - stressor: cpu
      bogo-ops: 108104
      bogo-ops-per-second-usr-sys-time: 1357.851873
      bogo-ops-per-second-real-time: 5405.186807
      wall-clock-time: 20.000049
      user-time: 79.598004
      system-time: 0.015982
      cpu-usage-per-instance: 99.517240
      max-rss: 3152

...
