---
system-info:
      stress-ng-version: 0.17.08
      run-by: root
      date-yyyy-mm-dd: 2024:06:16
      time-hh-mm-ss: 08:24:04
      epoch-secs: 1718526244
      hostname: 32d1f9565b96
      sysname: Linux
      nodename: 32d1f9565b96
      release: 6.8.0-1008-aws
      version: '#8-Ubuntu SMP Sat Apr 20 00:46:25 UTC 2024'
      machine: x86_64
      compiler: 'musl-gcc 13.2.1'
      uptime: 126
      totalram: 33265274880
      freeram: 28912156672
      sharedram: 29212672
      bufferram: 109502464
      totalswap: 0
      freeswap: 0
      pagesize: 4096
      cpus: 4
      cpus-online: 4
      ticks-per-second: 100

metrics:
    - stressor: cpu
      bogo-ops: 87101
      bogo-ops-per-second-usr-sys-time: 1093.173263
      bogo-ops-per-second-real-time: 4355.032673
      wall-clock-time: 20.000080
      user-time: 79.661227
      system-time: 0.015987
      cpu-usage-per-instance: 99.596121
      max-rss: 1160

...
