---
system-info:
      stress-ng-version: 0.17.08
      run-by: root
      date-yyyy-mm-dd: 2024:06:10
      time-hh-mm-ss: 05:55:10
      epoch-secs: 1717998910
      hostname: 02517c46224c
      sysname: Linux
      nodename: 02517c46224c
      release: 6.8.0-1008-aws
      version: '#8-Ubuntu SMP Sat Apr 20 00:46:25 UTC 2024'
      machine: x86_64
      compiler: 'musl-gcc 13.2.1'
      uptime: 112
      totalram: 33265283072
      freeram: 28743528448
      sharedram: 29212672
      bufferram: 115388416
      totalswap: 0
      freeswap: 0
      pagesize: 4096
      cpus: 4
      cpus-online: 4
      ticks-per-second: 100

metrics:
    - stressor: cpu
      bogo-ops: 53176
      bogo-ops-per-second-usr-sys-time: 1335.899854
      bogo-ops-per-second-real-time: 5316.775668
      wall-clock-time: 10.001550
      user-time: 39.792414
      system-time: 0.012965
      cpu-usage-per-instance: 99.498021
      max-rss: 4048

...
