BaselineInfo:
  WebDBID: -1
  TimeStamp: 20260612210748
Version:
  Major: 11
  Minor: 0
  Build: 1004
  SpecialBuildName: ""
  ptArchitecture: x86_64_linux
Results:
  Results Complete: true
  NumTestProcesses: 16
  CPU_INTEGER_MATH: 68971.245999999999
  CPU_FLOATINGPOINT_MATH: 42539.556938888119
  CPU_PRIME: 47.194402444220771
  CPU_SORTING: 32560.459712660275
  CPU_ENCRYPTION: 8529.5924046170985
  CPU_COMPRESSION: 268908.41399151389
  CPU_SINGLETHREAD: 3090.9876641708738
  CPU_PHYSICS: 968.03290531316134
  CPU_MATRIX_MULT_SSE: 14210.878377319801
  CPU_mm: 2199.7257907898957
  CPU_sse: 7336.156025444624
  CPU_fma: 20630.853671944496
  CPU_avx: 14665.625434570286
  CPU_avx512: 0
  m_CPU_enc_SHA: 2846914910.8163395
  m_CPU_enc_AES: 21472982724.168816
  m_CPU_enc_ECDSA: 2511880020.8061824
  ME_ALLOC_S: 7597.2295450374486
  ME_READ_S: 34913.7314453125
  ME_READ_L: 16648.6328125
  ME_WRITE: 14425.79296875
  ME_LARGE: 119971.33333333333
  ME_LATENCY: 31.928895546360916
  ME_THREADED: 31345.871826171875
  SUMM_CPU: 18785.515923223182
  SUMM_ME: 3594.8924777210864
SystemInformation:
  OSName: Ubuntu 24.04.4 LTS
  Kernel: 6.8.0-124-generic
  Device: ""
  Processor: Intel(R) Xeon(R) E-2288G CPU @ 3.70GHz
  NumSockets: 1
  Manufacturer: GenuineIntel
  NumCores: 8
  NumLogicals: 16
  CPUFrequency: 3700
  CPUMaxFrequency: 5000
  Memory: 128585
  CPUInfo:
    number: 1
    Family: 6
    Model: 14
    stepping: 13
    features: 3219913727
    manufacture: GenuineIntel
    typestring: Intel(R) Xeon(R) E-2288G CPU @ 3.70GHz
    iCoresPerPackage: 8
    iThreadsPerPackage: 2
    featuresEx:
      - 3219913727
      - 2147154935
      - 739248128
    bHybrid: false
    nPCore: 0
    nLogicalsPerPCore: 0
    nECore: 0
    nLogicalsPerECore: 0
  MemModuleInfo:
    iNumMemSticks: 4
    DIMM 1:
      manufacturer: Micron
      modulePartNo: "18ADF4G72AZ-2G6B2   "
      memType: DDR4
      size: 32
      clkspeed: 1333
      moduleVoltage: 1.20000005
    DIMM 2:
      manufacturer: Micron
      modulePartNo: "18ADF4G72AZ-2G6B2   "
      memType: DDR4
      size: 32
      clkspeed: 1333
      moduleVoltage: 1.20000005
    DIMM 3:
      manufacturer: Micron
      modulePartNo: "18ADF4G72AZ-2G6B2   "
      memType: DDR4
      size: 32
      clkspeed: 1333
      moduleVoltage: 1.20000005
    DIMM 4:
      manufacturer: Micron
      modulePartNo: "18ADF4G72AZ-2G6B2   "
      memType: DDR4
      size: 32
      clkspeed: 1333
      moduleVoltage: 1.20000005
Checksum: 1CD603FD0B67592B7D6AA8CDC821E6B5F85E2F5C