BaselineInfo:
  WebDBID: -1
  TimeStamp: 20260611124111
Version:
  Major: 11
  Minor: 0
  Build: 1004
  SpecialBuildName: ""
  ptArchitecture: aarch64_linux
Results:
  Results Complete: true
  NumTestProcesses: 8
  CPU_INTEGER_MATH: 49014.30566666666
  CPU_FLOATINGPOINT_MATH: 61258.383077681858
  CPU_PRIME: 162.58612185637139
  CPU_SORTING: 43052.046301212788
  CPU_ENCRYPTION: 2363.2506560895454
  CPU_COMPRESSION: 74636.181966956297
  CPU_SINGLETHREAD: 2464.822468738053
  CPU_PHYSICS: 3124.6763058315673
  CPU_MATRIX_MULT_SSE: 10797.950059032515
  CPU_mm: 1078.5537459574891
  CPU_sse: 8598.0771892022549
  CPU_fma: 12997.822928862774
  CPU_avx: 0
  CPU_avx512: 0
  m_CPU_enc_SHA: 3943542607.8529034
  m_CPU_enc_AES: 1108387133.3313835
  m_CPU_enc_ECDSA: 2382214018.6949682
  ME_ALLOC_S: 14916.175906902299
  ME_READ_S: 24946.861718749999
  ME_READ_L: 23803.669921875
  ME_WRITE: 24933.220703125
  ME_LARGE: 23225.166666666668
  ME_LATENCY: 30.711153099253966
  ME_THREADED: 127541.654296875
  SUMM_CPU: 10874.49470655894
  SUMM_ME: 4064.8425853954109
SystemInformation:
  OSName: Ubuntu 24.04.4 LTS
  Kernel: 6.17.0-1017-aws
  Device: ""
  Processor: ARM Neoverse-V3 8 Core 0 MHz
  NumSockets: 1
  Manufacturer: ARM
  NumCores: 8
  NumLogicals: 8
  CPUFrequency: 0
  CPUMaxFrequency: 0
  Memory: 31455
Checksum: B087CAD6316DEEC74570212C76D81C7AD3636851