BaselineInfo:
  WebDBID: -1
  TimeStamp: 20241109032101
Version:
  Major: 11
  Minor: 0
  Build: 1002
  SpecialBuildName: ""
  ptArchitecture: x86_64_linux
Results:
  Results Complete: true
  NumTestProcesses: 36
  CPU_INTEGER_MATH: 111805.71166666667
  CPU_FLOATINGPOINT_MATH: 59851.671874449559
  CPU_PRIME: 132.31346593563453
  CPU_SORTING: 55790.739851180122
  CPU_ENCRYPTION: 15225.615827599937
  CPU_COMPRESSION: 484678.04865987547
  CPU_SINGLETHREAD: 2008.0182154489305
  CPU_PHYSICS: 2210.663589549747
  CPU_MATRIX_MULT_SSE: 33459.468221595904
  CPU_mm: 3395.2451776033681
  CPU_sse: 12236.582296868664
  CPU_fma: 40223.861144113704
  CPU_avx: 28410.605168391139
  CPU_avx512: 52966.824277010077
  m_CPU_enc_SHA: 5011068099.2866211
  m_CPU_enc_AES: 38398676552.104195
  m_CPU_enc_ECDSA: 4485901374.7334681
  ME_ALLOC_S: 12260.608723803456
  ME_READ_S: 24485.993359374999
  ME_READ_L: 11095.2158203125
  ME_WRITE: 10542.9912109375
  ME_LARGE: 83323.416666666672
  ME_LATENCY: 52.413225412158461
  ME_THREADED: 108085.22509765625
  SUMM_CPU: 30123.304590517153
  SUMM_ME: 2691.1300328036668
SystemInformation:
  OSName: Ubuntu 24.04.1 LTS
  Kernel: 6.8.0-1016-aws
  Device: ""
  Processor: Intel Xeon Platinum 8124M CPU @ 3.00GHz
  NumSockets: 1
  Manufacturer: GenuineIntel
  NumCores: 18
  NumLogicals: 36
  CPUFrequency: 0
  Memory: 94497
  MemModuleInfo:
    iNumMemSticks: 1
    DIMM 1:
      manufacturer: Not Specified
      modulePartNo: Not Specified
      memType: DDR4
      size: 96
      clkspeed: 1333
      moduleVoltage: 0
Checksum: E79918C4DB6D2C523F9B1B3F564856710945C8D2