BaselineInfo:
  WebDBID: -1
  TimeStamp: 20260617221509
Version:
  Major: 11
  Minor: 0
  Build: 1004
  SpecialBuildName: ""
  ptArchitecture: x86_64_linux
Results:
  Results Complete: true
  NumTestProcesses: 8
  CPU_INTEGER_MATH: 25671.943333333336
  CPU_FLOATINGPOINT_MATH: 19203.99387899055
  CPU_PRIME: 83.327782202498767
  CPU_SORTING: 17647.534532196922
  CPU_ENCRYPTION: 3212.934071113682
  CPU_COMPRESSION: 136162.5093381964
  CPU_SINGLETHREAD: 1688.2055628594039
  CPU_PHYSICS: 1191.1653868891508
  CPU_MATRIX_MULT_SSE: 10603.453196761226
  CPU_mm: 1156.3808840797628
  CPU_sse: 4241.8419751456513
  CPU_fma: 14225.665003559074
  CPU_avx: 9724.3976455021166
  CPU_avx512: 14221.908162838065
  m_CPU_enc_SHA: 1648119186.9770293
  m_CPU_enc_AES: 6968713270.5294876
  m_CPU_enc_ECDSA: 1490184212.1497838
  ME_ALLOC_S: 2186.5956461915471
  ME_READ_S: 18305.879101562499
  ME_READ_L: 6413.53271484375
  ME_WRITE: 6711.49267578125
  ME_LARGE: 23418.916666666668
  ME_LATENCY: 79.757151253999766
  ME_THREADED: 48097.23876953125
  SUMM_CPU: 9929.9731893142907
  SUMM_ME: 1655.1955114606487
SystemInformation:
  OSName: Ubuntu 24.04.4 LTS
  Kernel: 6.8.0-117-generic
  Device: ""
  Processor: Intel(R) Xeon(R) Platinum 8163 CPU @ 2.50GHz
  NumSockets: 1
  Manufacturer: GenuineIntel
  NumCores: 4
  NumLogicals: 8
  CPUFrequency: 2500
  CPUMaxFrequency: 3100
  Memory: 31710
  CPUInfo:
    number: 1
    Family: 6
    Model: 5
    stepping: 4
    features: 529267711
    manufacture: GenuineIntel
    typestring: Intel(R) Xeon(R) Platinum 8163 CPU @ 2.50GHz
    iCoresPerPackage: 4
    iThreadsPerPackage: 2
    featuresEx:
      - 529267711
      - 4294586883
      - 739248128
    bHybrid: false
    nPCore: 0
    nLogicalsPerPCore: 0
    nECore: 0
    nLogicalsPerECore: 0
  MemModuleInfo:
    iNumMemSticks: 2
    DIMM 1:
      manufacturer: Alibaba Cloud
      modulePartNo: Not Specified
      memType: RAM
      size: 16
      clkspeed: 0
      moduleVoltage: 0
    DIMM 2:
      manufacturer: Alibaba Cloud
      modulePartNo: Not Specified
      memType: RAM
      size: 16
      clkspeed: 0
      moduleVoltage: 0
Checksum: B82A61461C6AA00AE8F93B6C48058F758B06F147