---
system-info:
      stress-ng-version: 0.17.08
      run-by: root
      date-yyyy-mm-dd: 2024:06:15
      time-hh-mm-ss: 22:41:07
      epoch-secs: 1718491267
      hostname: 45371f9efd1a
      sysname: Linux
      nodename: 45371f9efd1a
      release: 6.8.0-1008-aws
      version: '#8-Ubuntu SMP Sat Apr 20 00:46:25 UTC 2024'
      machine: x86_64
      compiler: 'musl-gcc 13.2.1'
      uptime: 112
      totalram: 33091219456
      freeram: 28717502464
      sharedram: 59879424
      bufferram: 108638208
      totalswap: 0
      freeswap: 0
      pagesize: 4096
      cpus: 4
      cpus-online: 4
      ticks-per-second: 100

metrics:
    - stressor: cpu
      bogo-ops: 76827
      bogo-ops-per-second-usr-sys-time: 965.212244
      bogo-ops-per-second-real-time: 3841.336194
      wall-clock-time: 20.000072
      user-time: 79.579978
      system-time: 0.015987
      cpu-usage-per-instance: 99.494599
      max-rss: 1104

...
