---
system-info:
      stress-ng-version: 0.17.08
      run-by: root
      date-yyyy-mm-dd: 2024:06:09
      time-hh-mm-ss: 19:54:30
      epoch-secs: 1717962870
      hostname: 948c8a905d7b
      sysname: Linux
      nodename: 948c8a905d7b
      release: 6.8.0-1008-aws
      version: '#8-Ubuntu SMP Sat Apr 20 00:46:25 UTC 2024'
      machine: x86_64
      compiler: 'musl-gcc 13.2.1'
      uptime: 108
      totalram: 33091219456
      freeram: 28554821632
      sharedram: 59871232
      bufferram: 111251456
      totalswap: 0
      freeswap: 0
      pagesize: 4096
      cpus: 4
      cpus-online: 4
      ticks-per-second: 100

metrics:
    - stressor: cpu
      bogo-ops: 47954
      bogo-ops-per-second-usr-sys-time: 1205.334095
      bogo-ops-per-second-real-time: 4794.575613
      wall-clock-time: 10.001719
      user-time: 39.771827
      system-time: 0.012993
      cpu-usage-per-instance: 99.444951
      max-rss: 4176

...
