---
system-info:
      stress-ng-version: 0.17.08
      run-by: root
      date-yyyy-mm-dd: 2024:07:02
      time-hh-mm-ss: 08:17:00
      epoch-secs: 1719908220
      hostname: c3d-highmem-16-eb1d0c8
      sysname: Linux
      nodename: c3d-highmem-16-eb1d0c8
      release: 6.8.0-1009-gcp
      version: '#10-Ubuntu SMP Wed Jun 12 18:52:23 UTC 2024'
      machine: x86_64
      compiler: 'musl-gcc 13.2.1'
      uptime: 136
      totalram: 135067545600
      freeram: 129893306368
      sharedram: 35000320
      bufferram: 127262720
      totalswap: 0
      freeswap: 0
      pagesize: 4096
      cpus: 16
      cpus-online: 16
      ticks-per-second: 100

metrics:
    - stressor: cpu
      bogo-ops: 57268
      bogo-ops-per-second-usr-sys-time: 2863.438370
      bogo-ops-per-second-real-time: 2863.381192
      wall-clock-time: 20.000131
      user-time: 19.999732
      system-time: 0.000000
      cpu-usage-per-instance: 99.998003
      max-rss: 1232

...
