---
system-info:
      stress-ng-version: 0.17.08
      run-by: root
      date-yyyy-mm-dd: 2024:07:12
      time-hh-mm-ss: 07:54:07
      epoch-secs: 1720770847
      hostname: ip-172-31-36-243
      sysname: Linux
      nodename: ip-172-31-36-243
      release: 6.8.0-1010-aws
      version: '#10-Ubuntu SMP Thu Jun 13 17:36:15 UTC 2024'
      machine: x86_64
      compiler: 'musl-gcc 13.2.1'
      uptime: 172
      totalram: 267599855616
      freeram: 261622677504
      sharedram: 18354176
      bufferram: 144388096
      totalswap: 0
      freeswap: 0
      pagesize: 4096
      cpus: 64
      cpus-online: 64
      ticks-per-second: 100

metrics:
    - stressor: cpu
      bogo-ops: 15166
      bogo-ops-per-second-usr-sys-time: 758.245634
      bogo-ops-per-second-real-time: 758.294603
      wall-clock-time: 20.000142
      user-time: 20.000434
      system-time: 0.001000
      cpu-usage-per-instance: 100.006458
      max-rss: 512

...
