BaselineInfo:
  WebDBID: -1
  TimeStamp: 20241110165039
Version:
  Major: 11
  Minor: 0
  Build: 1002
  SpecialBuildName: ""
  ptArchitecture: x86_64_linux
Results:
  Results Complete: true
  NumTestProcesses: 128
  CPU_INTEGER_MATH: 536545.98233333358
  CPU_FLOATINGPOINT_MATH: 274117.05400607456
  CPU_PRIME: 536.04438994757322
  CPU_SORTING: 242820.10811874535
  CPU_ENCRYPTION: 110454.75879866544
  CPU_COMPRESSION: 1850851.902277865
  CPU_SINGLETHREAD: 2427.6709609559402
  CPU_PHYSICS: 8527.728930915986
  CPU_MATRIX_MULT_SSE: 106405.77231057816
  CPU_mm: 10846.431616058138
  CPU_sse: 46693.862685717031
  CPU_fma: 123848.22050780198
  CPU_avx: 95847.035310489257
  CPU_avx512: 159233.97073830437
  m_CPU_enc_SHA: 114165279038.21742
  m_CPU_enc_AES: 164438633954.99997
  m_CPU_enc_ECDSA: 68856714492.990784
  ME_ALLOC_S: 29745.238270995505
  ME_READ_S: 23435.926367187501
  ME_READ_L: 11483.6533203125
  ME_WRITE: 10462.3701171875
  ME_LARGE: 1001528.9166666666
  ME_LATENCY: 59.372420419767593
  ME_THREADED: 317069.96105957031
  SUMM_CPU: 86632.565295171764
  SUMM_ME: 2630.8278948506031
SystemInformation:
  OSName: Ubuntu 24.04.1 LTS
  Kernel: 6.8.0-1016-aws
  Device: ""
  Processor: Intel Xeon Platinum 8375C CPU @ 2.90GHz
  NumSockets: 2
  Manufacturer: GenuineIntel
  NumCores: 64
  NumLogicals: 128
  CPUFrequency: 0
  Memory: 1015774
  MemModuleInfo:
    iNumMemSticks: 2
    DIMM 1:
      manufacturer: Not Specified
      modulePartNo: Not Specified
      memType: DDR4
      size: 512
      clkspeed: 1600
      moduleVoltage: 0
    DIMM 2:
      manufacturer: Not Specified
      modulePartNo: Not Specified
      memType: DDR4
      size: 512
      clkspeed: 1600
      moduleVoltage: 0
Checksum: B59C119B8807AC75FFA334190BFD15B7CA9B0C81