BaselineInfo:
  WebDBID: -1
  TimeStamp: 20260708000715
Version:
  Major: 11
  Minor: 0
  Build: 1004
  SpecialBuildName: ""
  ptArchitecture: x86_64_linux
Results:
  Results Complete: true
  NumTestProcesses: 1
  CPU_INTEGER_MATH: 7569.0259999999998
  CPU_FLOATINGPOINT_MATH: 7539.8809368767879
  CPU_PRIME: 28.568422962756898
  CPU_SORTING: 4519.7199183867779
  CPU_ENCRYPTION: 1571.0864278141428
  CPU_COMPRESSION: 32142.694831889257
  CPU_SINGLETHREAD: 3612.491863559098
  CPU_PHYSICS: 487.23099487350595
  CPU_MATRIX_MULT_SSE: 2730.163116718742
  CPU_mm: 365.3255399937953
  CPU_sse: 1098.523863325282
  CPU_fma: 4350.9684786836951
  CPU_avx: 2199.6284120313662
  CPU_avx512: 3271.5317128346246
  m_CPU_enc_SHA: 2192499690.2578182
  m_CPU_enc_AES: 1353523499.2100632
  m_CPU_enc_ECDSA: 1396187376.9270473
  ME_ALLOC_S: 1495.4877086302529
  ME_READ_S: 33593.126953125
  ME_READ_L: 29093.599609375
  ME_WRITE: 29877.775390625
  ME_LARGE: 560.33333333333337
  ME_LATENCY: 84.758544848177067
  ME_THREADED: 29090.916015625
  SUMM_CPU: 3431.2655048170336
  SUMM_ME: 997.59420430876003
SystemInformation:
  OSName: Ubuntu 24.04.4 LTS
  Kernel: 6.17.0-1018-azure
  Device: ""
  Processor: "AMD EPYC 9V45 96-Core Processor                "
  NumSockets: 1
  Manufacturer: AuthenticAMD
  NumCores: 1
  NumLogicals: 1
  CPUFrequency: 0
  CPUMaxFrequency: 0
  Memory: 1899
  CPUInfo:
    number: 1
    Family: 15
    Model: 2
    stepping: 1
    features: 395049983
    manufacture: AuthenticAMD
    typestring: "AMD EPYC 9V45 96-Core Processor                "
    iCoresPerPackage: 8
    iThreadsPerPackage: 1
    featuresEx:
      - 395049983
      - 4277809667
      - 802421759
    bHybrid: false
    nPCore: 0
    nLogicalsPerPCore: 0
    nECore: 0
    nLogicalsPerECore: 0
  MemModuleInfo:
    iNumMemSticks: 2
    DIMM 1:
      manufacturer: Microsoft Corporation
      modulePartNo: None
      memType: Unknown
      size: 1
      clkspeed: 0
      moduleVoltage: 0
    DIMM 2:
      manufacturer: Microsoft Corporation
      modulePartNo: None
      memType: Unknown
      size: 1
      clkspeed: 0
      moduleVoltage: 0
Checksum: 348DB7B39FBFFC07CA13A0AED46F44B8DB27B57E