BaselineInfo:
  WebDBID: -1
  TimeStamp: 20251006205512
Version:
  Major: 11
  Minor: 0
  Build: 1002
  SpecialBuildName: ""
  ptArchitecture: x86_64_linux
Results:
  Results Complete: true
  NumTestProcesses: 2
  CPU_INTEGER_MATH: 10269.653
  CPU_FLOATINGPOINT_MATH: 7452.1100380733133
  CPU_PRIME: 22.146939084508993
  CPU_SORTING: 5367.5465270342575
  CPU_ENCRYPTION: 2266.8158435723476
  CPU_COMPRESSION: 40403.614704452295
  CPU_SINGLETHREAD: 3238.6644315879435
  CPU_PHYSICS: 498.99497008491966
  CPU_MATRIX_MULT_SSE: 2730.2079903882536
  CPU_mm: 307.4265640654022
  CPU_sse: 1258.8351157121374
  CPU_fma: 3270.8842702453044
  CPU_avx: 2658.1153903260033
  CPU_avx512: 3732.9971852695699
  m_CPU_enc_SHA: 2387095147.4693327
  m_CPU_enc_AES: 3115494943.9212728
  m_CPU_enc_ECDSA: 1628195978.5785484
  ME_ALLOC_S: 1662.2302117527886
  ME_READ_S: 28460.748828125001
  ME_READ_L: 14374.296875
  ME_WRITE: 12772.6669921875
  ME_LARGE: 1114.6666666666667
  ME_LATENCY: 65.727313630010045
  ME_THREADED: 21363.5712890625
  SUMM_CPU: 4074.4403887570475
  SUMM_ME: 1365.4146786090209
SystemInformation:
  OSName: Ubuntu 24.04.2 LTS
  Kernel: 6.14.0-1014-aws
  Device: ""
  Processor: Intel Xeon 6975P-C
  NumSockets: 1
  Manufacturer: GenuineIntel
  NumCores: 1
  NumLogicals: 2
  CPUFrequency: 0
  Memory: 3816
  MemModuleInfo:
    iNumMemSticks: 1
    DIMM 1:
      manufacturer: Not Specified
      modulePartNo: Not Specified
      memType: DDR5
      size: 4
      clkspeed: 3600
      moduleVoltage: 0
Checksum: CCF19D286CAAE2482101CB71A5308C967563FD42