---
system-info:
      stress-ng-version: 0.17.08
      run-by: root
      date-yyyy-mm-dd: 2024:06:13
      time-hh-mm-ss: 11:19:44
      epoch-secs: 1718277584
      hostname: 80cac6e5ab86
      sysname: Linux
      nodename: 80cac6e5ab86
      release: 6.8.0-1008-aws
      version: '#8-Ubuntu SMP Sat Apr 20 00:46:25 UTC 2024'
      machine: x86_64
      compiler: 'musl-gcc 13.2.1'
      uptime: 153
      totalram: 32911536128
      freeram: 28522278912
      sharedram: 37867520
      bufferram: 107487232
      totalswap: 0
      freeswap: 0
      pagesize: 4096
      cpus: 8
      cpus-online: 8
      ticks-per-second: 100

metrics:
    - stressor: cpu
      bogo-ops: 25597
      bogo-ops-per-second-usr-sys-time: 1279.880525
      bogo-ops-per-second-real-time: 1279.844294
      wall-clock-time: 20.000089
      user-time: 19.998523
      system-time: 0.001000
      cpu-usage-per-instance: 99.997169
      max-rss: 1104

...
