---
system-info:
      stress-ng-version: 0.17.08
      run-by: root
      date-yyyy-mm-dd: 2024:06:07
      time-hh-mm-ss: 20:30:49
      epoch-secs: 1717792249
      hostname: 80336032ad90
      sysname: Linux
      nodename: 80336032ad90
      release: 6.8.0-1008-aws
      version: '#8-Ubuntu SMP Sat Apr 20 00:46:25 UTC 2024'
      machine: x86_64
      compiler: 'musl-gcc 13.2.1'
      uptime: 132
      totalram: 33263853568
      freeram: 28943982592
      sharedram: 40751104
      bufferram: 93130752
      totalswap: 0
      freeswap: 0
      pagesize: 4096
      cpus: 8
      cpus-online: 8
      ticks-per-second: 100

metrics:
    - stressor: cpu
      bogo-ops: 13825
      bogo-ops-per-second-usr-sys-time: 1382.411387
      bogo-ops-per-second-real-time: 1382.368431
      wall-clock-time: 10.000952
      user-time: 9.998642
      system-time: 0.001999
      cpu-usage-per-instance: 99.996893
      max-rss: 3920

...
