---
system-info:
      stress-ng-version: 0.17.08
      run-by: root
      date-yyyy-mm-dd: 2024:09:12
      time-hh-mm-ss: 22:17:08
      epoch-secs: 1726179428
      hostname: ip-172-31-30-231
      sysname: Linux
      nodename: ip-172-31-30-231
      release: 6.8.0-1014-aws
      version: '#15-Ubuntu SMP Thu Aug  8 19:13:06 UTC 2024'
      machine: x86_64
      compiler: 'musl-gcc 13.2.1'
      uptime: 395
      totalram: 6467210514432
      freeram: 6449579159552
      sharedram: 328339456
      bufferram: 224079872
      totalswap: 0
      freeswap: 0
      pagesize: 4096
      cpus: 448
      cpus-online: 448
      ticks-per-second: 100

metrics:
    - stressor: cpu
      bogo-ops: 6793734
      bogo-ops-per-second-usr-sys-time: 759.618117
      bogo-ops-per-second-real-time: 339684.673288
      wall-clock-time: 20.000119
      user-time: 8943.414817
      system-time: 0.202838
      cpu-usage-per-instance: 99.816566
      max-rss: 0

...
