size_kb,operation,bandwidth_mb_s,latency_ns,latency_stddev_ns,latency_samples,threads,iterations,elapsed_s
32,read,2618653.33,0,0,0,32,566893,0.216483
32,write,2530686.43,0,0,0,32,520833,0.205807
32,copy,2054772.00,0,0,0,32,445632,0.216877
32,latency,0,0.82,0.05,21,1,21,0.363751
128,read,4219234.15,0,0,0,32,221043,0.209557
128,write,3704313.76,0,0,0,32,218914,0.236388
128,copy,2471864.27,0,0,0,32,145095,0.234794
128,latency,0,2.22,0.04,7,1,7,0.486728
256,read,3935028.62,0,0,0,32,130684,0.265683
256,write,3810629.21,0,0,0,32,126071,0.264672
256,copy,2698957.45,0,0,0,32,75437,0.223603
256,latency,0,2.54,0.08,7,1,7,0.597495
512,read,4146408.21,0,0,0,32,66050,0.254871
512,write,3957949.35,0,0,0,32,65359,0.264214
512,copy,1977096.81,0,0,0,32,30596,0.247603
512,latency,0,3.08,0.05,7,1,7,0.648302
1024,read,3524582.81,0,0,0,32,25578,0.232225
1024,write,3277578.24,0,0,0,32,20463,0.199787
1024,copy,1630912.04,0,0,0,32,8488,0.166542
1024,latency,0,4.88,0.17,7,1,7,0.642947
4096,read,2632420.72,0,0,0,32,3694,0.179619
4096,write,2607771.92,0,0,0,32,4659,0.228683
4096,copy,566180.17,0,0,0,32,1664,0.376191
4096,latency,0,8.26,0.01,7,1,7,0.692653
8192,read,1350415.10,0,0,0,32,1407,0.266727
8192,write,1008427.99,0,0,0,32,2888,0.733149
8192,copy,180649.37,0,0,0,32,712,1.008982
8192,latency,0,8.91,0.01,7,1,7,0.710021
16384,read,410794.05,0,0,0,32,1390,1.732450
16384,write,244197.85,0,0,0,32,721,1.511692
16384,copy,91358.52,0,0,0,32,406,2.275343
16384,latency,0,10.03,1.50,21,1,21,2.183191
32768,read,288891.04,0,0,0,32,300,1.063377
32768,write,131986.16,0,0,0,32,325,2.521476
32768,copy,78938.09,0,0,0,32,169,2.192300
32768,latency,0,34.90,9.13,21,1,21,1.621198
65536,read,258949.99,0,0,0,32,144,1.138876
65536,write,116211.57,0,0,0,32,138,2.431978
65536,copy,81100.68,0,0,0,32,79,1.994952
65536,latency,0,109.02,8.46,21,1,21,11.193746
