BaselineInfo:
  WebDBID: -1
  TimeStamp: 20241107053807
Version:
  Major: 11
  Minor: 0
  Build: 1002
  SpecialBuildName: ""
  ptArchitecture: x86_64_linux
Results:
  Results Complete: true
  NumTestProcesses: 2
  CPU_INTEGER_MATH: 8158.2549999999992
  CPU_FLOATINGPOINT_MATH: 4534.2430639836166
  CPU_PRIME: 17.871526185059668
  CPU_SORTING: 4421.1445224511426
  CPU_ENCRYPTION: 2116.0176767433718
  CPU_COMPRESSION: 32445.275710940892
  CPU_SINGLETHREAD: 2278.6209750469211
  CPU_PHYSICS: 349.46394217567661
  CPU_MATRIX_MULT_SSE: 1745.3396668260434
  CPU_mm: 205.35943902416693
  CPU_sse: 938.78232651435633
  CPU_fma: 2545.3009242613598
  CPU_avx: 1751.9357497024139
  CPU_avx512: 0
  m_CPU_enc_SHA: 3070828378.2841854
  m_CPU_enc_AES: 1962585315.509706
  m_CPU_enc_ECDSA: 1623002360.432682
  ME_ALLOC_S: 855.40444876098331
  ME_READ_S: 23507.858593749999
  ME_READ_L: 15011.888671875
  ME_WRITE: 14783.7236328125
  ME_LARGE: 5987.333333333333
  ME_LATENCY: 79.316328316344752
  ME_THREADED: 20972.2568359375
  SUMM_CPU: 3076.5761448410844
  SUMM_ME: 1735.2367383983121
SystemInformation:
  OSName: Ubuntu 24.04.1 LTS
  Kernel: 6.8.0-1015-gcp
  Device: ""
  Processor: AMD EPYC 7B12
  NumSockets: 1
  Manufacturer: AuthenticAMD
  NumCores: 1
  NumLogicals: 2
  CPUFrequency: 0
  Memory: 15991
  MemModuleInfo:
    iNumMemSticks: 1
    DIMM 1:
      manufacturer: ""
      modulePartNo: ""
      memType: RAM
      size: 16
      clkspeed: 0
      moduleVoltage: 0
Checksum: B32967617B553511DA2C508F157F7AF53C2445C6