BaselineInfo:
  WebDBID: -1
  TimeStamp: 20241115025818
Version:
  Major: 11
  Minor: 0
  Build: 1002
  SpecialBuildName: ""
  ptArchitecture: x86_64_linux
Results:
  Results Complete: true
  NumTestProcesses: 2
  CPU_INTEGER_MATH: 4843.1703333333335
  CPU_FLOATINGPOINT_MATH: 2976.3728442061529
  CPU_PRIME: 8.0833396442822263
  CPU_SORTING: 2511.8945248336322
  CPU_ENCRYPTION: 666.42484659603201
  CPU_COMPRESSION: 21676.163595070706
  CPU_SINGLETHREAD: 1566.8865744415259
  CPU_PHYSICS: 199.07489111939998
  CPU_MATRIX_MULT_SSE: 1158.836254692623
  CPU_mm: 150.68057168060921
  CPU_sse: 563.44778599081201
  CPU_fma: 1796.9185843424179
  CPU_avx: 1116.1423937446398
  CPU_avx512: 0
  m_CPU_enc_SHA: 218500213.05777025
  m_CPU_enc_AES: 1684444935.177979
  m_CPU_enc_ECDSA: 193446151.59709316
  ME_ALLOC_S: 604.10244362173171
  ME_READ_S: 18901.582421874999
  ME_READ_L: 8910.044921875
  ME_WRITE: 8617.818359375
  ME_LARGE: 6926.25
  ME_LATENCY: 57.970439268540169
  ME_THREADED: 11420.05322265625
  SUMM_CPU: 1719.3436244419165
  SUMM_ME: 1513.9109972671238
SystemInformation:
  OSName: Ubuntu 24.04.1 LTS
  Kernel: 6.8.0-1015-gcp
  Device: ""
  Processor: Intel Xeon CPU @ 2.20GHz
  NumSockets: 1
  Manufacturer: GenuineIntel
  NumCores: 1
  NumLogicals: 2
  CPUFrequency: 0
  Memory: 15991
  MemModuleInfo:
    iNumMemSticks: 1
    DIMM 1:
      manufacturer: ""
      modulePartNo: ""
      memType: RAM
      size: 16
      clkspeed: 0
      moduleVoltage: 0
Checksum: 02F3417B18C839D4A1CE1127BECF48EE83A87E97