BaselineInfo:
  WebDBID: -1
  TimeStamp: 20241115163251
Version:
  Major: 11
  Minor: 0
  Build: 1002
  SpecialBuildName: ""
  ptArchitecture: x86_64_linux
Results:
  Results Complete: true
  NumTestProcesses: 2
  CPU_INTEGER_MATH: 8151.8176666666677
  CPU_FLOATINGPOINT_MATH: 4537.8599833659755
  CPU_PRIME: 16.495679991134566
  CPU_SORTING: 4354.3824140354336
  CPU_ENCRYPTION: 2114.6830252497925
  CPU_COMPRESSION: 31790.182156826319
  CPU_SINGLETHREAD: 2264.5841812717845
  CPU_PHYSICS: 306.44255224399245
  CPU_MATRIX_MULT_SSE: 1720.3122113728018
  CPU_mm: 220.17521611711169
  CPU_sse: 932.99368420853511
  CPU_fma: 2528.0432552031361
  CPU_avx: 1699.8996947067335
  CPU_avx512: 0
  m_CPU_enc_SHA: 3062459910.2261658
  m_CPU_enc_AES: 1961140718.9635208
  m_CPU_enc_ECDSA: 1628616974.4632921
  ME_ALLOC_S: 605.02416723062913
  ME_READ_S: 23210.751367187499
  ME_READ_L: 13096.0341796875
  ME_WRITE: 13644.0703125
  ME_LARGE: 6920.75
  ME_LATENCY: 101.17775703224565
  ME_THREADED: 18275.6640625
  SUMM_CPU: 3028.1499099567118
  SUMM_ME: 1468.2741163542585
SystemInformation:
  OSName: Ubuntu 24.04.1 LTS
  Kernel: 6.8.0-1017-gcp
  Device: ""
  Processor: AMD EPYC 7B12
  NumSockets: 1
  Manufacturer: AuthenticAMD
  NumCores: 1
  NumLogicals: 2
  CPUFrequency: 0
  Memory: 15991
  MemModuleInfo:
    iNumMemSticks: 1
    DIMM 1:
      manufacturer: ""
      modulePartNo: ""
      memType: RAM
      size: 16
      clkspeed: 0
      moduleVoltage: 0
Checksum: 1FF0E610B04C9C17DB38FF35CB2EE1C0A4084978