---
system-info:
      stress-ng-version: 0.17.08
      run-by: root
      date-yyyy-mm-dd: 2024:07:02
      time-hh-mm-ss: 12:22:32
      epoch-secs: 1719922952
      hostname: n2d-highcpu-64-e8516b0
      sysname: Linux
      nodename: n2d-highcpu-64-e8516b0
      release: 6.8.0-1009-gcp
      version: '#10-Ubuntu SMP Wed Jun 12 18:52:23 UTC 2024'
      machine: x86_64
      compiler: 'musl-gcc 13.2.1'
      uptime: 192
      totalram: 67402383360
      freeram: 61765177344
      sharedram: 35196928
      bufferram: 128524288
      totalswap: 0
      freeswap: 0
      pagesize: 4096
      cpus: 64
      cpus-online: 64
      ticks-per-second: 100

metrics:
    - stressor: cpu
      bogo-ops: 53917
      bogo-ops-per-second-usr-sys-time: 2695.909714
      bogo-ops-per-second-real-time: 2695.837917
      wall-clock-time: 20.000090
      user-time: 19.999557
      system-time: 0.000000
      cpu-usage-per-instance: 99.997337
      max-rss: 512

...
