BaselineInfo:
  WebDBID: -1
  TimeStamp: 20241108021421
Version:
  Major: 11
  Minor: 0
  Build: 1002
  SpecialBuildName: ""
  ptArchitecture: x86_64_linux
Results:
  Results Complete: true
  NumTestProcesses: 8
  CPU_INTEGER_MATH: 31799.905999999999
  CPU_FLOATINGPOINT_MATH: 22690.753596339651
  CPU_PRIME: 72.324395743986798
  CPU_SORTING: 16307.006057757995
  CPU_ENCRYPTION: 7030.0768966875312
  CPU_COMPRESSION: 119177.6282582767
  CPU_SINGLETHREAD: 2471.0566164043007
  CPU_PHYSICS: 1546.3028217585647
  CPU_MATRIX_MULT_SSE: 8294.4683949830378
  CPU_mm: 900.9593781634743
  CPU_sse: 3908.6982716863399
  CPU_fma: 9723.0985408906254
  CPU_avx: 7377.19430254705
  CPU_avx512: 12168.882464808135
  m_CPU_enc_SHA: 7439276807.5268631
  m_CPU_enc_AES: 9613966635.9267197
  m_CPU_enc_ECDSA: 5061466292.6094933
  ME_ALLOC_S: 4055.2540657117461
  ME_READ_S: 22384.249218749999
  ME_READ_L: 9786.5166015625
  ME_WRITE: 8528.4892578125
  ME_LARGE: 54155.75
  ME_LATENCY: 71.197868087100517
  ME_THREADED: 48019.8896484375
  SUMM_CPU: 11819.822457314813
  SUMM_ME: 2083.2693906537538
SystemInformation:
  OSName: Ubuntu 24.04.1 LTS
  Kernel: 6.8.0-1015-gcp
  Device: ""
  Processor: Intel Xeon Platinum 8481C CPU @ 2.70GHz
  NumSockets: 1
  Manufacturer: GenuineIntel
  NumCores: 4
  NumLogicals: 8
  CPUFrequency: 0
  Memory: 64300
  MemModuleInfo:
    iNumMemSticks: 4
    DIMM 1:
      manufacturer: ""
      modulePartNo: ""
      memType: RAM
      size: 16
      clkspeed: 0
      moduleVoltage: 0
    DIMM 2:
      manufacturer: ""
      modulePartNo: ""
      memType: RAM
      size: 16
      clkspeed: 0
      moduleVoltage: 0
    DIMM 3:
      manufacturer: ""
      modulePartNo: ""
      memType: RAM
      size: 16
      clkspeed: 0
      moduleVoltage: 0
    DIMM 4:
      manufacturer: ""
      modulePartNo: ""
      memType: RAM
      size: 16
      clkspeed: 0
      moduleVoltage: 0
Checksum: A8AFAE047BB012D81512FABC769E72E27CF9E738