size_kb,operation,bandwidth_mb_s,latency_ns,latency_stddev_ns,latency_samples,threads,iterations,elapsed_s
32,read,2198629.41,0,0,0,64,370920,0.337410
32,write,1995121.32,0,0,0,64,414593,0.415607
32,copy,1340720.78,0,0,0,64,296559,0.442387
32,latency,0,1.53,0.00,7,1,7,0.220600
128,read,2190139.54,0,0,0,64,106022,0.387270
128,write,2005283.33,0,0,0,64,116550,0.464972
128,copy,1399061.68,0,0,0,64,73035,0.417623
128,latency,0,4.31,0.00,7,1,7,0.679133
512,read,1537439.36,0,0,0,64,30554,0.635946
512,write,1675436.05,0,0,0,64,29460,0.562671
512,copy,228528.06,0,0,0,64,12232,1.712805
512,latency,0,6.25,0.00,7,1,7,0.688224
1024,read,397107.90,0,0,0,64,5306,0.855143
1024,write,356437.41,0,0,0,64,9393,1.686557
1024,copy,104005.57,0,0,0,64,2290,1.409155
1024,latency,0,8.47,0.01,7,1,7,0.667784
2048,read,364031.19,0,0,0,64,2722,0.957105
2048,write,121631.94,0,0,0,64,2319,2.440412
2048,copy,60808.73,0,0,0,64,1040,2.189159
2048,latency,0,16.70,0.03,7,1,7,0.685122
16384,read,168221.10,0,0,0,64,239,1.454847
16384,write,85855.85,0,0,0,64,202,2.409247
16384,copy,53383.80,0,0,0,64,111,2.129185
16384,latency,0,23.77,0.01,7,1,7,0.629855
32768,read,165113.91,0,0,0,64,118,1.463620
32768,write,86881.16,0,0,0,64,105,2.475105
32768,copy,52985.28,0,0,0,64,53,2.048569
32768,latency,0,26.69,0.18,7,1,7,0.630572
65536,read,163495.22,0,0,0,64,55,1.377900
65536,write,87178.31,0,0,0,64,45,2.114287
65536,copy,52965.20,0,0,0,64,26,2.010679
65536,latency,0,54.73,0.26,7,1,7,2.470326
131072,read,162862.30,0,0,0,64,26,1.307804
131072,write,87987.86,0,0,0,64,21,1.955179
131072,copy,52985.12,0,0,0,64,12,1.855313
131072,latency,0,81.08,0.19,7,1,7,7.176472
262144,read,163179.69,0,0,0,64,12,1.204856
262144,write,88596.26,0,0,0,64,10,1.849288
262144,copy,52886.55,0,0,0,64,6,1.858771
262144,latency,0,92.86,0.20,7,1,7,16.434340
