---
system-info:
      stress-ng-version: 0.17.08
      run-by: root
      date-yyyy-mm-dd: 2024:09:22
      time-hh-mm-ss: 23:38:37
      epoch-secs: 1727048317
      hostname: sc-runner
      sysname: Linux
      nodename: sc-runner
      release: 6.8.0-1014-azure
      version: '#16-Ubuntu SMP Thu Aug 15 20:04:41 UTC 2024'
      machine: x86_64
      compiler: 'musl-gcc 13.2.1'
      uptime: 2057
      totalram: 135060664320
      freeram: 124297166848
      sharedram: 38240256
      bufferram: 291885056
      totalswap: 0
      freeswap: 0
      pagesize: 4096
      cpus: 32
      cpus-online: 32
      ticks-per-second: 100

metrics:
    - stressor: cpu
      bogo-ops: 54025
      bogo-ops-per-second-usr-sys-time: 2701.297003
      bogo-ops-per-second-real-time: 2701.236540
      wall-clock-time: 20.000100
      user-time: 19.999652
      system-time: 0.000000
      cpu-usage-per-instance: 99.997762
      max-rss: 3080

...
