BaselineInfo:
  WebDBID: -1
  TimeStamp: 20251216113522
Version:
  Major: 11
  Minor: 0
  Build: 1002
  SpecialBuildName: ""
  ptArchitecture: x86_64_linux
Results:
  Results Complete: true
  NumTestProcesses: 8
  CPU_INTEGER_MATH: 48251.055666666667
  CPU_FLOATINGPOINT_MATH: 44213.760105709487
  CPU_PRIME: 155.2409888698084
  CPU_SORTING: 30832.773064082568
  CPU_ENCRYPTION: 10409.725281542629
  CPU_COMPRESSION: 209678.84165410959
  CPU_SINGLETHREAD: 2936.6209922373087
  CPU_PHYSICS: 2826.2803699844881
  CPU_MATRIX_MULT_SSE: 19812.996828803487
  CPU_mm: 2084.6287228791466
  CPU_sse: 9383.7504382060615
  CPU_fma: 27255.396437144711
  CPU_avx: 22799.843611059692
  CPU_avx512: 0
  m_CPU_enc_SHA: 14368634643.297403
  m_CPU_enc_AES: 9145642896.5242462
  m_CPU_enc_ECDSA: 9231886750.6348801
  ME_ALLOC_S: 8476.7904126723588
  ME_READ_S: 27838.008398437501
  ME_READ_L: 25336.994140625
  ME_WRITE: 24468.52734375
  ME_LARGE: 19352.416666666668
  ME_LATENCY: 70.972474407966686
  ME_THREADED: 195951.787109375
  SUMM_CPU: 20381.489799474799
  SUMM_ME: 2793.8619493379188
SystemInformation:
  OSName: Ubuntu 24.04.2 LTS
  Kernel: 6.8.0-86-generic
  Device: ""
  Processor: AMD EPYC-Milan Processor
  NumSockets: 8
  Manufacturer: AuthenticAMD
  NumCores: 8
  NumLogicals: 8
  CPUFrequency: 0
  Memory: 31339
  MemModuleInfo:
    iNumMemSticks: 1
    DIMM 1:
      manufacturer: QEMU
      modulePartNo: Not Specified
      memType: RAM
      size: 32000
      clkspeed: 0
      moduleVoltage: 0
Checksum: B7AA13AE310B33955647E1DB2D39265C8841C0A8