BaselineInfo:
  WebDBID: -1
  TimeStamp: 20260624162928
Version:
  Major: 11
  Minor: 0
  Build: 1004
  SpecialBuildName: ""
  ptArchitecture: x86_64_linux
Results:
  Results Complete: true
  NumTestProcesses: 48
  CPU_INTEGER_MATH: 316111.54866666655
  CPU_FLOATINGPOINT_MATH: 183919.35404329002
  CPU_PRIME: 423.06831593479478
  CPU_SORTING: 132506.53399974323
  CPU_ENCRYPTION: 59612.722613121732
  CPU_COMPRESSION: 1047451.3348135687
  CPU_SINGLETHREAD: 3817.5251587893031
  CPU_PHYSICS: 8953.2714723298013
  CPU_MATRIX_MULT_SSE: 79227.331887273496
  CPU_mm: 7807.2537052229654
  CPU_sse: 29485.528512745255
  CPU_fma: 85863.448928207232
  CPU_avx: 83375.433333261826
  CPU_avx512: 118184.91677487973
  m_CPU_enc_SHA: 76454536825.04985
  m_CPU_enc_AES: 61908717803.891411
  m_CPU_enc_ECDSA: 49162156051.388893
  ME_ALLOC_S: 28732.923803060872
  ME_READ_S: 33531.647656250003
  ME_READ_L: 29973.8671875
  ME_WRITE: 30676.048828125
  ME_LARGE: 184011.58333333334
  ME_LATENCY: 78.562183281009027
  ME_THREADED: 187016.22802734375
  SUMM_CPU: 77668.93320144435
  SUMM_ME: 2937.2357720838299
SystemInformation:
  OSName: Ubuntu 24.04.4 LTS
  Kernel: 6.17.0-1018-azure
  Device: ""
  Processor: "AMD EPYC 9V45 96-Core Processor                "
  NumSockets: 1
  Manufacturer: AuthenticAMD
  NumCores: 24
  NumLogicals: 48
  CPUFrequency: 0
  CPUMaxFrequency: 0
  Memory: 193212
  CPUInfo:
    number: 1
    Family: 15
    Model: 2
    stepping: 1
    features: 395049983
    manufacture: AuthenticAMD
    typestring: "AMD EPYC 9V45 96-Core Processor                "
    iCoresPerPackage: 32
    iThreadsPerPackage: 2
    featuresEx:
      - 395049983
      - 4277809667
      - 802421759
    bHybrid: false
    nPCore: 0
    nLogicalsPerPCore: 0
    nECore: 0
    nLogicalsPerECore: 0
  MemModuleInfo:
    iNumMemSticks: 3
    DIMM 1:
      manufacturer: Microsoft Corporation
      modulePartNo: None
      memType: Unknown
      size: 1
      clkspeed: 0
      moduleVoltage: 0
    DIMM 2:
      manufacturer: Microsoft Corporation
      modulePartNo: None
      memType: Unknown
      size: 59
      clkspeed: 0
      moduleVoltage: 0
    DIMM 3:
      manufacturer: Microsoft Corporation
      modulePartNo: None
      memType: Unknown
      size: 132
      clkspeed: 0
      moduleVoltage: 0
Checksum: 8E0BAD824D112C0D90A995DAA5B091BF031F4FAC