BaselineInfo:
  WebDBID: -1
  TimeStamp: 20241107052055
Version:
  Major: 11
  Minor: 0
  Build: 1002
  SpecialBuildName: ""
  ptArchitecture: aarch64_linux
Results:
  Results Complete: true
  NumTestProcesses: 4
  CPU_INTEGER_MATH: 18853.221666666665
  CPU_FLOATINGPOINT_MATH: 14353.306069018508
  CPU_PRIME: 31.931449092284769
  CPU_SORTING: 13577.627656850025
  CPU_ENCRYPTION: 648.90745956279954
  CPU_COMPRESSION: 22037.217794802269
  CPU_SINGLETHREAD: 1328.3915211620424
  CPU_PHYSICS: 596.51513510112807
  CPU_MATRIX_MULT_SSE: 2982.9666577583666
  CPU_mm: 499.040455149808
  CPU_sse: 2496.7249346710687
  CPU_fma: 3469.2083808456646
  CPU_avx: 0
  CPU_avx512: 0
  m_CPU_enc_SHA: 967583728.10186315
  m_CPU_enc_AES: 450019004.36405838
  m_CPU_enc_ECDSA: 623683632.48964477
  ME_ALLOC_S: 2573.4886960018694
  ME_READ_S: 11359.105859375
  ME_READ_L: 8377.9775390625
  ME_WRITE: 14817.97265625
  ME_LARGE: 854.25
  ME_LATENCY: 73.634566940737955
  ME_THREADED: 32847.56005859375
  SUMM_CPU: 3192.7940076107429
  SUMM_ME: 1056.8341882105262
SystemInformation:
  OSName: Ubuntu 24.04.1 LTS
  Kernel: 6.8.0-1017-azure
  Device: ""
  Processor: ARM Neoverse-N1 4 Core 0 MHz
  NumSockets: 1
  Manufacturer: ARM
  NumCores: 4
  NumLogicals: 4
  CPUFrequency: 0
  Memory: 7922
Checksum: 8477578C91BB0DD9051F51C7A35B16C3C492EC6D