BaselineInfo:
  WebDBID: -1
  TimeStamp: 20241115000132
Version:
  Major: 11
  Minor: 0
  Build: 1002
  SpecialBuildName: ""
  ptArchitecture: aarch64_linux
Results:
  Results Complete: true
  NumTestProcesses: 4
  CPU_INTEGER_MATH: 18832.111000000001
  CPU_FLOATINGPOINT_MATH: 14332.54957797606
  CPU_PRIME: 35.412003792693064
  CPU_SORTING: 13640.853984831709
  CPU_ENCRYPTION: 648.24897906959575
  CPU_COMPRESSION: 21932.274572692757
  CPU_SINGLETHREAD: 1330.1467242103893
  CPU_PHYSICS: 665.66645216199777
  CPU_MATRIX_MULT_SSE: 2976.7951374766913
  CPU_mm: 478.1065075718306
  CPU_sse: 2493.5156377923267
  CPU_fma: 3460.0746371610562
  CPU_avx: 0
  CPU_avx512: 0
  m_CPU_enc_SHA: 967796515.50005746
  m_CPU_enc_AES: 449807229.25338733
  m_CPU_enc_ECDSA: 621611219.6771965
  ME_ALLOC_S: 2796.5874373259726
  ME_READ_S: 11330.2705078125
  ME_READ_L: 8410.078125
  ME_WRITE: 14868.58984375
  ME_LARGE: 898.08333333333337
  ME_LATENCY: 73.85012360528701
  ME_THREADED: 33368.6005859375
  SUMM_CPU: 3200.7470782977612
  SUMM_ME: 1079.8552950103187
SystemInformation:
  OSName: Ubuntu 24.04.1 LTS
  Kernel: 6.8.0-1017-azure
  Device: ""
  Processor: ARM Neoverse-N1 4 Core 0 MHz
  NumSockets: 1
  Manufacturer: ARM
  NumCores: 4
  NumLogicals: 4
  CPUFrequency: 0
  Memory: 7922
Checksum: 0AB223F3E571B8FAE933415869F944E004D534FC