BaselineInfo:
  WebDBID: -1
  TimeStamp: 20241115160438
Version:
  Major: 11
  Minor: 0
  Build: 1002
  SpecialBuildName: ""
  ptArchitecture: aarch64_linux
Results:
  Results Complete: true
  NumTestProcesses: 4
  CPU_INTEGER_MATH: 18840.134000000002
  CPU_FLOATINGPOINT_MATH: 14327.938750674826
  CPU_PRIME: 23.314238114514016
  CPU_SORTING: 13324.811197423733
  CPU_ENCRYPTION: 646.44361893455675
  CPU_COMPRESSION: 21751.086186959801
  CPU_SINGLETHREAD: 1325.607702300721
  CPU_PHYSICS: 497.32179480515595
  CPU_MATRIX_MULT_SSE: 2959.4913539821709
  CPU_mm: 497.1448125157707
  CPU_sse: 2452.7008436146357
  CPU_fma: 3466.2818643497067
  CPU_avx: 0
  CPU_avx512: 0
  m_CPU_enc_SHA: 960655263.31068885
  m_CPU_enc_AES: 449626251.81013662
  m_CPU_enc_ECDSA: 623254277.38294005
  ME_ALLOC_S: 2535.7058565626444
  ME_READ_S: 11000.81337890625
  ME_READ_L: 7839.63037109375
  ME_WRITE: 14681.4541015625
  ME_LARGE: 866
  ME_LATENCY: 81.666825889965352
  ME_THREADED: 29439.29150390625
  SUMM_CPU: 3132.378662852439
  SUMM_ME: 1018.8351706770723
SystemInformation:
  OSName: Ubuntu 24.04.1 LTS
  Kernel: 6.8.0-1017-azure
  Device: ""
  Processor: ARM Neoverse-N1 4 Core 0 MHz
  NumSockets: 1
  Manufacturer: ARM
  NumCores: 4
  NumLogicals: 4
  CPUFrequency: 0
  Memory: 7922
Checksum: 5CBBB7349ECC5D57A71BC8B8445C7CD4816294E5