BaselineInfo:
  WebDBID: -1
  TimeStamp: 20250422203356
Version:
  Major: 11
  Minor: 0
  Build: 1002
  SpecialBuildName: ""
  ptArchitecture: aarch64_linux
Results:
  Results Complete: true
  NumTestProcesses: 96
  CPU_INTEGER_MATH: 501516.38099999976
  CPU_FLOATINGPOINT_MATH: 582742.75635674957
  CPU_PRIME: 857.12924132899082
  CPU_SORTING: 435772.47809509333
  CPU_ENCRYPTION: 18174.318184017349
  CPU_COMPRESSION: 638389.67105973698
  CPU_SINGLETHREAD: 1947.6403350072678
  CPU_PHYSICS: 19662.68971356293
  CPU_MATRIX_MULT_SSE: 80687.784040733342
  CPU_mm: 10810.985534037407
  CPU_sse: 63527.381562693467
  CPU_fma: 97848.186518773189
  CPU_avx: 0
  CPU_avx512: 0
  m_CPU_enc_SHA: 28626055994.414989
  m_CPU_enc_AES: 10317216875.42552
  m_CPU_enc_ECDSA: 18228188722.532017
  ME_ALLOC_S: 48021.162294874324
  ME_READ_S: 21204.40625
  ME_READ_L: 20214.85546875
  ME_WRITE: 21336.9296875
  ME_LARGE: 372191.25
  ME_LATENCY: 47.110002744222406
  ME_THREADED: 506978.11181640625
  SUMM_CPU: 56930.943175193366
  SUMM_ME: 3393.4516586317245
SystemInformation:
  OSName: Ubuntu 24.04.2 LTS
  Kernel: 6.8.0-1027-aws
  Device: ""
  Processor: ARM Neoverse-V2 96 Core 0 MHz
  NumSockets: 1
  Manufacturer: ARM
  NumCores: 96
  NumLogicals: 96
  CPUFrequency: 0
  Memory: 385964
Checksum: 45D2E6A88C3506B018D573B3CD08AFD8A9DFDCD0