BaselineInfo:
  WebDBID: -1
  TimeStamp: 20241109231842
Version:
  Major: 11
  Minor: 0
  Build: 1002
  SpecialBuildName: ""
  ptArchitecture: x86_64_linux
Results:
  Results Complete: true
  NumTestProcesses: 64
  CPU_INTEGER_MATH: 268613.82666666666
  CPU_FLOATINGPOINT_MATH: 137239.98629285031
  CPU_PRIME: 270.67781981880029
  CPU_SORTING: 121829.91052530456
  CPU_ENCRYPTION: 55828.648197498936
  CPU_COMPRESSION: 950151.83392076869
  CPU_SINGLETHREAD: 2428.4827572468321
  CPU_PHYSICS: 4287.5668355764992
  CPU_MATRIX_MULT_SSE: 53183.953262580886
  CPU_mm: 5387.9905546631844
  CPU_sse: 23258.892486465556
  CPU_fma: 62225.888461578434
  CPU_avx: 48011.779822395096
  CPU_avx512: 79239.252279884488
  m_CPU_enc_SHA: 57601030072.043816
  m_CPU_enc_AES: 83543610972.242676
  m_CPU_enc_ECDSA: 34477100792.735413
  ME_ALLOC_S: 26359.757526624766
  ME_READ_S: 23647.295703125001
  ME_READ_L: 11696.3857421875
  ME_WRITE: 10587.931640625
  ME_LARGE: 241544.16666666666
  ME_LATENCY: 58.229713887743408
  ME_THREADED: 168108.97485351562
  SUMM_CPU: 57662.993910943733
  SUMM_ME: 2641.5160978286008
SystemInformation:
  OSName: Ubuntu 24.04.1 LTS
  Kernel: 6.8.0-1016-aws
  Device: ""
  Processor: Intel Xeon Platinum 8375C CPU @ 2.90GHz
  NumSockets: 1
  Manufacturer: GenuineIntel
  NumCores: 32
  NumLogicals: 64
  CPUFrequency: 0
  Memory: 253655
  MemModuleInfo:
    iNumMemSticks: 1
    DIMM 1:
      manufacturer: Not Specified
      modulePartNo: Not Specified
      memType: DDR4
      size: 256
      clkspeed: 1600
      moduleVoltage: 0
Checksum: 6C23D5459EB47A98089916442BDC48B1E73ED4C9