---
system-info:
      stress-ng-version: 0.17.08
      run-by: root
      date-yyyy-mm-dd: 2024:09:16
      time-hh-mm-ss: 14:35:37
      epoch-secs: 1726497337
      hostname: sc-runner
      sysname: Linux
      nodename: sc-runner
      release: 6.8.0-1014-azure
      version: '#16-Ubuntu SMP Thu Aug 15 20:04:41 UTC 2024'
      machine: x86_64
      compiler: 'musl-gcc 13.2.1'
      uptime: 374
      totalram: 67425529856
      freeram: 57354465280
      sharedram: 42012672
      bufferram: 228610048
      totalswap: 0
      freeswap: 0
      pagesize: 4096
      cpus: 2
      cpus-online: 2
      ticks-per-second: 100

metrics:
    - stressor: cpu
      bogo-ops: 28042
      bogo-ops-per-second-usr-sys-time: 1402.232230
      bogo-ops-per-second-real-time: 1402.091192
      wall-clock-time: 20.000126
      user-time: 19.998114
      system-time: 0.000000
      cpu-usage-per-instance: 99.989942
      max-rss: 3256

...
