BaselineInfo:
  WebDBID: -1
  TimeStamp: 20241108032150
Version:
  Major: 11
  Minor: 0
  Build: 1002
  SpecialBuildName: ""
  ptArchitecture: aarch64_linux
Results:
  Results Complete: true
  NumTestProcesses: 16
  CPU_INTEGER_MATH: 76387.811333333331
  CPU_FLOATINGPOINT_MATH: 75931.002106288681
  CPU_PRIME: 139.43913980775753
  CPU_SORTING: 62801.927162745145
  CPU_ENCRYPTION: 2224.3755245741318
  CPU_COMPRESSION: 84618.138350691646
  CPU_SINGLETHREAD: 1556.4679976260375
  CPU_PHYSICS: 3482.9488611501288
  CPU_MATRIX_MULT_SSE: 13287.297182468326
  CPU_mm: 1734.717650015702
  CPU_sse: 11172.38121767741
  CPU_fma: 15402.213147259241
  CPU_avx: 0
  CPU_avx512: 0
  m_CPU_enc_SHA: 3366502885.8255744
  m_CPU_enc_AES: 1296196585.0842128
  m_CPU_enc_ECDSA: 2334580899.2577467
  ME_ALLOC_S: 15760.830058389627
  ME_READ_S: 19609.455273437499
  ME_READ_L: 18582.734375
  ME_WRITE: 19599.314453125
  ME_LARGE: 52675.083333333336
  ME_LATENCY: 54.847098123963804
  ME_THREADED: 150836.5966796875
  SUMM_CPU: 11439.226375787357
  SUMM_ME: 2913.5636757299876
SystemInformation:
  OSName: Ubuntu 24.04.1 LTS
  Kernel: 6.8.0-1016-aws
  Device: ""
  Processor: ARM Neoverse-V1 16 Core 0 MHz
  NumSockets: 1
  Manufacturer: ARM
  NumCores: 16
  NumLogicals: 16
  CPUFrequency: 0
  Memory: 63132
Checksum: 9B00B82E0AC077DF0B5E822024B9D83FC09EA011