---
system-info:
      stress-ng-version: 0.17.08
      run-by: root
      date-yyyy-mm-dd: 2024:07:03
      time-hh-mm-ss: 10:51:35
      epoch-secs: 1720003895
      hostname: c3-standard-88-cf0aa9f
      sysname: Linux
      nodename: c3-standard-88-cf0aa9f
      release: 6.8.0-1009-gcp
      version: '#10-Ubuntu SMP Wed Jun 12 18:52:23 UTC 2024'
      machine: x86_64
      compiler: 'musl-gcc 13.2.1'
      uptime: 136
      totalram: 371896541184
      freeram: 365742583808
      sharedram: 221949952
      bufferram: 131895296
      totalswap: 0
      freeswap: 0
      pagesize: 4096
      cpus: 88
      cpus-online: 88
      ticks-per-second: 100

metrics:
    - stressor: cpu
      bogo-ops: 32476
      bogo-ops-per-second-usr-sys-time: 1623.826468
      bogo-ops-per-second-real-time: 1623.795045
      wall-clock-time: 20.000061
      user-time: 19.999674
      system-time: 0.000000
      cpu-usage-per-instance: 99.998065
      max-rss: 704

...
