---
system-info:
      stress-ng-version: 0.17.08
      run-by: root
      date-yyyy-mm-dd: 2024:07:02
      time-hh-mm-ss: 05:16:41
      epoch-secs: 1719897401
      hostname: a2-highgpu-1g-c964d5a
      sysname: Linux
      nodename: a2-highgpu-1g-c964d5a
      release: 6.8.0-1009-gcp
      version: '#10-Ubuntu SMP Wed Jun 12 18:52:23 UTC 2024'
      machine: x86_64
      compiler: 'musl-gcc 13.2.1'
      uptime: 260
      totalram: 89619521536
      freeram: 81755738112
      sharedram: 41832448
      bufferram: 119021568
      totalswap: 0
      freeswap: 0
      pagesize: 4096
      cpus: 12
      cpus-online: 12
      ticks-per-second: 100

metrics:
    - stressor: cpu
      bogo-ops: 24027
      bogo-ops-per-second-usr-sys-time: 1201.466783
      bogo-ops-per-second-real-time: 1201.345603
      wall-clock-time: 20.000073
      user-time: 19.998056
      system-time: 0.000000
      cpu-usage-per-instance: 99.989914
      max-rss: 1104

...
