BaselineInfo:
  WebDBID: -1
  TimeStamp: 20241109040353
Version:
  Major: 11
  Minor: 0
  Build: 1002
  SpecialBuildName: ""
  ptArchitecture: x86_64_linux
Results:
  Results Complete: true
  NumTestProcesses: 48
  CPU_INTEGER_MATH: 199418.90699999998
  CPU_FLOATINGPOINT_MATH: 109538.4904333821
  CPU_PRIME: 283.14781272805186
  CPU_SORTING: 104536.85680346252
  CPU_ENCRYPTION: 51420.578510442203
  CPU_COMPRESSION: 755956.68485145923
  CPU_SINGLETHREAD: 2396.3836757569716
  CPU_PHYSICS: 5241.4308575998484
  CPU_MATRIX_MULT_SSE: 44899.505569894696
  CPU_mm: 5394.8122902935002
  CPU_sse: 22916.006816210778
  CPU_fma: 62516.706650509557
  CPU_avx: 49265.803242963717
  CPU_avx512: 0
  m_CPU_enc_SHA: 74502944559.669403
  m_CPU_enc_AES: 47669065050.808044
  m_CPU_enc_ECDSA: 39583143986.018883
  ME_ALLOC_S: 19875.425515555246
  ME_READ_S: 24468.219921874999
  ME_READ_L: 20473.484375
  ME_WRITE: 20268.955078125
  ME_LARGE: 375120.66666666669
  ME_LATENCY: 63.480456036917097
  ME_THREADED: 118309.833984375
  SUMM_CPU: 51437.101665347283
  SUMM_ME: 2931.2748960521212
SystemInformation:
  OSName: Ubuntu 24.04.1 LTS
  Kernel: 6.8.0-1017-azure
  Device: ""
  Processor: AMD EPYC 7763 64-Core Processor
  NumSockets: 1
  Manufacturer: AuthenticAMD
  NumCores: 24
  NumLogicals: 48
  CPUFrequency: 0
  Memory: 386748
  MemModuleInfo:
    iNumMemSticks: 3
    DIMM 1:
      manufacturer: Microsoft Corporation
      modulePartNo: None
      memType: Unknown
      size: 1
      clkspeed: 0
      moduleVoltage: 0
    DIMM 2:
      manufacturer: Microsoft Corporation
      modulePartNo: None
      memType: Unknown
      size: 59
      clkspeed: 0
      moduleVoltage: 0
    DIMM 3:
      manufacturer: Microsoft Corporation
      modulePartNo: None
      memType: Unknown
      size: 324
      clkspeed: 0
      moduleVoltage: 0
Checksum: 931BEE7CC63ACF4A2B8CE9F94B6A4EF0E890BC61