BaselineInfo:
  WebDBID: -1
  TimeStamp: 20260616195922
Version:
  Major: 11
  Minor: 0
  Build: 1004
  SpecialBuildName: ""
  ptArchitecture: x86_64_linux
Results:
  Results Complete: true
  NumTestProcesses: 1
  CPU_INTEGER_MATH: 3151.8319999999999
  CPU_FLOATINGPOINT_MATH: 2363.2266371940209
  CPU_PRIME: 10.50776553453268
  CPU_SORTING: 2143.5183900142856
  CPU_ENCRYPTION: 402.82866985722916
  CPU_COMPRESSION: 15773.869914996889
  CPU_SINGLETHREAD: 1572.1846931150824
  CPU_PHYSICS: 175.47961050064262
  CPU_MATRIX_MULT_SSE: 1208.1131005356826
  CPU_mm: 142.08498829473169
  CPU_sse: 527.12694806890238
  CPU_fma: 1770.298849305748
  CPU_avx: 1200.9951239597967
  CPU_avx512: 1334.0314808082835
  m_CPU_enc_SHA: 220532853.53868395
  m_CPU_enc_AES: 857115192.41381443
  m_CPU_enc_ECDSA: 189541380.02014324
  ME_ALLOC_S: 526.20470881535744
  ME_READ_S: 18770.4892578125
  ME_READ_L: 6159.2275390625
  ME_WRITE: 6409.2802734375
  ME_LARGE: 1639.3333333333333
  ME_LATENCY: 78.877398724293073
  ME_THREADED: 6164.2265625
  SUMM_CPU: 1304.3864665614196
  SUMM_ME: 967.62196853276498
SystemInformation:
  OSName: Ubuntu 24.04.4 LTS
  Kernel: 6.8.0-117-generic
  Device: ""
  Processor: Intel(R) Xeon(R) Platinum 8269CY CPU @ 2.50GHz
  NumSockets: 1
  Manufacturer: GenuineIntel
  NumCores: 1
  NumLogicals: 1
  CPUFrequency: 0
  CPUMaxFrequency: 0
  Memory: 3530
  CPUInfo:
    number: 1
    Family: 6
    Model: 5
    stepping: 7
    features: 529267711
    manufacture: GenuineIntel
    typestring: Intel(R) Xeon(R) Platinum 8269CY CPU @ 2.50GHz
    iCoresPerPackage: 1
    iThreadsPerPackage: 2
    featuresEx:
      - 529267711
      - 4277809667
      - 739248128
    bHybrid: false
    nPCore: 0
    nLogicalsPerPCore: 0
    nECore: 0
    nLogicalsPerECore: 0
  MemModuleInfo:
    iNumMemSticks: 1
    DIMM 1:
      manufacturer: Alibaba Cloud
      modulePartNo: Not Specified
      memType: RAM
      size: 4
      clkspeed: 0
      moduleVoltage: 0
Checksum: 97BBC08DC20DA256158978A75C59F0BA023A48DA