size_kb,operation,bandwidth_mb_s,latency_ns,latency_stddev_ns,latency_samples,threads,iterations,elapsed_s
32,read,7276316.57,0,0,0,64,595238,0.163610
32,write,7963598.42,0,0,0,64,555555,0.139524
32,copy,3525853.90,0,0,0,64,446428,0.253231
32,latency,0,0.90,0.00,7,1,7,0.129605
128,read,6925407.07,0,0,0,64,225225,0.260172
128,write,6172802.71,0,0,0,64,198412,0.257143
128,copy,4176623.22,0,0,0,64,137362,0.263106
128,latency,0,2.45,0.00,7,1,7,0.699516
512,read,6658839.57,0,0,0,64,61274,0.294461
512,write,6576299.70,0,0,0,64,60532,0.294546
512,copy,3157133.03,0,0,0,64,11990,0.121528
512,latency,0,3.39,0.00,7,1,7,0.702948
1024,read,5745924.99,0,0,0,64,28699,0.319659
1024,write,5578878.16,0,0,0,64,29002,0.332706
1024,copy,2617311.97,0,0,0,64,10544,0.257828
1024,latency,0,4.87,0.00,7,1,7,0.710673
2048,read,5069712.17,0,0,0,64,13912,0.351250
2048,write,5402898.66,0,0,0,64,11531,0.273181
2048,copy,1798526.58,0,0,0,64,4137,0.294428
2048,latency,0,8.96,0.04,7,1,7,0.690409
8192,read,1267055.31,0,0,0,64,1490,0.602089
8192,write,686395.46,0,0,0,64,1342,1.001032
8192,copy,210289.37,0,0,0,64,809,1.969705
8192,latency,0,10.43,0.00,7,1,7,0.714165
16384,read,602584.89,0,0,0,64,666,1.131764
16384,write,237905.73,0,0,0,64,638,2.746096
16384,copy,133978.35,0,0,0,64,360,2.751489
16384,latency,0,10.83,0.01,7,1,7,0.687930
32768,read,430856.87,0,0,0,64,365,1.734961
32768,write,195986.80,0,0,0,64,334,3.490194
32768,copy,122426.18,0,0,0,64,169,2.827108
32768,latency,0,14.89,0.71,8,1,8,0.638348
65536,read,405853.86,0,0,0,64,180,1.816614
65536,write,184089.68,0,0,0,64,128,2.848003
65536,copy,120032.42,0,0,0,64,85,2.900550
65536,latency,0,78.07,1.76,7,1,7,3.404578
131072,read,395858.08,0,0,0,64,86,1.779709
131072,write,180309.84,0,0,0,64,67,3.044005
131072,copy,120119.36,0,0,0,64,41,2.796152
131072,latency,0,105.81,0.96,7,1,7,9.046978
