size_kb,operation,bandwidth_mb_s,latency_ns,latency_stddev_ns,latency_samples,threads,iterations,elapsed_s
32,read,496802.84,0,0,0,8,781249,0.393138
32,write,494152.67,0,0,0,8,471697,0.238639
32,copy,334401.35,0,0,0,8,337381,0.252228
32,latency,0,0.99,0.00,7,1,7,0.141799
128,read,497642.05,0,0,0,8,206441,0.414838
128,write,493273.51,0,0,0,8,175808,0.356411
128,copy,340221.59,0,0,0,8,131371,0.386134
128,latency,0,2.68,0.00,7,1,7,0.668834
512,read,464763.45,0,0,0,8,51791,0.445741
512,write,488608.64,0,0,0,8,48751,0.399101
512,copy,219897.83,0,0,0,8,25163,0.457722
512,latency,0,3.73,0.00,7,1,7,0.695056
1024,read,425642.58,0,0,0,8,22754,0.427664
1024,write,438777.74,0,0,0,8,24740,0.451071
1024,copy,196841.98,0,0,0,8,12141,0.493431
1024,latency,0,5.83,0.05,7,1,7,0.693029
2048,read,390516.60,0,0,0,8,10379,0.425242
2048,write,388627.78,0,0,0,8,8470,0.348714
2048,copy,164464.81,0,0,0,8,4837,0.470569
2048,latency,0,9.71,0.01,7,1,7,0.701653
8192,read,140656.41,0,0,0,8,1326,0.603343
8192,write,129406.00,0,0,0,8,1258,0.622166
8192,copy,25293.14,0,0,0,8,459,1.161422
8192,latency,0,11.53,0.07,7,1,7,0.704894
16384,read,61389.95,0,0,0,8,698,1.455352
16384,write,36955.58,0,0,0,8,611,2.116271
16384,copy,18495.28,0,0,0,8,301,2.083126
16384,latency,0,11.96,0.02,7,1,7,0.672935
32768,read,52757.05,0,0,0,8,288,1.397501
32768,write,28916.91,0,0,0,8,278,2.461121
32768,copy,17778.54,0,0,0,8,142,2.044713
32768,latency,0,37.17,3.51,21,1,21,1.927878
65536,read,48986.86,0,0,0,8,152,1.588671
65536,write,26612.17,0,0,0,8,109,2.097086
65536,copy,17831.14,0,0,0,8,68,1.952540
65536,latency,0,86.67,3.43,7,1,7,3.678532
131072,read,48795.81,0,0,0,8,78,1.636862
131072,write,26604.85,0,0,0,8,50,1.924461
131072,copy,17809.10,0,0,0,8,34,1.954955
131072,latency,0,100.89,1.24,7,1,7,8.751391
