---
system-info:
      stress-ng-version: 0.17.08
      run-by: root
      date-yyyy-mm-dd: 2024:06:09
      time-hh-mm-ss: 09:22:39
      epoch-secs: 1717924959
      hostname: 4d19f0a73c03
      sysname: Linux
      nodename: 4d19f0a73c03
      release: 6.8.0-1008-aws
      version: '#8-Ubuntu SMP Sat Apr 20 00:46:25 UTC 2024'
      machine: x86_64
      compiler: 'musl-gcc 13.2.1'
      uptime: 174
      totalram: 794511233024
      freeram: 787446231040
      sharedram: 138264576
      bufferram: 108314624
      totalswap: 0
      freeswap: 0
      pagesize: 4096
      cpus: 192
      cpus-online: 192
      ticks-per-second: 100

metrics:
    - stressor: cpu
      bogo-ops: 17075
      bogo-ops-per-second-usr-sys-time: 1707.544738
      bogo-ops-per-second-real-time: 1707.476389
      wall-clock-time: 10.000138
      user-time: 9.998739
      system-time: 0.000999
      cpu-usage-per-instance: 99.995997
      max-rss: 3072

...
