---
system-info:
      stress-ng-version: 0.17.08
      run-by: root
      date-yyyy-mm-dd: 2024:06:14
      time-hh-mm-ss: 21:57:05
      epoch-secs: 1718402225
      hostname: 82d5a65da444
      sysname: Linux
      nodename: 82d5a65da444
      release: 6.8.0-1008-aws
      version: '#8-Ubuntu SMP Sat Apr 20 00:46:25 UTC 2024'
      machine: x86_64
      compiler: 'musl-gcc 13.2.1'
      uptime: 151
      totalram: 794511241216
      freeram: 787532738560
      sharedram: 138264576
      bufferram: 109817856
      totalswap: 0
      freeswap: 0
      pagesize: 4096
      cpus: 192
      cpus-online: 192
      ticks-per-second: 100

metrics:
    - stressor: cpu
      bogo-ops: 60504
      bogo-ops-per-second-usr-sys-time: 3025.470477
      bogo-ops-per-second-real-time: 3025.189506
      wall-clock-time: 20.000069
      user-time: 19.998212
      system-time: 0.000000
      cpu-usage-per-instance: 99.990713
      max-rss: 0

...
