BaselineInfo:
  WebDBID: -1
  TimeStamp: 20260407091714
Version:
  Major: 11
  Minor: 0
  Build: 1004
  SpecialBuildName: ""
  ptArchitecture: x86_64_linux
Results:
  Results Complete: true
  NumTestProcesses: 4
  CPU_INTEGER_MATH: 9798.0473333333339
  CPU_FLOATINGPOINT_MATH: 5269.9843821093655
  CPU_PRIME: 25.999743892291676
  CPU_SORTING: 6084.5306215696764
  CPU_ENCRYPTION: 1358.6120631839335
  CPU_COMPRESSION: 45253.446907277132
  CPU_SINGLETHREAD: 1684.5849414972663
  CPU_PHYSICS: 457.65466943219462
  CPU_MATRIX_MULT_SSE: 2871.8551629099593
  CPU_mm: 298.05957612732573
  CPU_sse: 1069.1895214007254
  CPU_fma: 3648.6271549906792
  CPU_avx: 2566.3878849120456
  CPU_avx512: 4203.2160903363865
  m_CPU_enc_SHA: 444334844.25857347
  m_CPU_enc_AES: 3427230940.825736
  m_CPU_enc_ECDSA: 402258223.21115923
  ME_ALLOC_S: 1097.3439013516884
  ME_READ_S: 19477.1474609375
  ME_READ_L: 6524.1318359375
  ME_WRITE: 7062.70703125
  ME_LARGE: 1778.5
  ME_LATENCY: 78.624334513873592
  ME_THREADED: 18552.22900390625
  SUMM_CPU: 3615.5360918806396
  SUMM_ME: 1219.9293616571267
SystemInformation:
  OSName: Ubuntu 24.04.4 LTS
  Kernel: 6.8.0-106-generic
  Device: ""
  Processor: Intel(R) Xeon(R) Platinum 8163 CPU @ 2.50GHz
  NumSockets: 1
  Manufacturer: GenuineIntel
  NumCores: 2
  NumLogicals: 4
  CPUFrequency: 2500
  CPUMaxFrequency: 3100
  Memory: 7557
  CPUInfo:
    number: 1
    Family: 6
    Model: 5
    stepping: 4
    features: 529267711
    manufacture: GenuineIntel
    typestring: Intel(R) Xeon(R) Platinum 8163 CPU @ 2.50GHz
    iCoresPerPackage: 2
    iThreadsPerPackage: 2
    featuresEx:
      - 529267711
      - 4294586883
      - 739248128
    bHybrid: false
    nPCore: 0
    nLogicalsPerPCore: 0
    nECore: 0
    nLogicalsPerECore: 0
  MemModuleInfo:
    iNumMemSticks: 1
    DIMM 1:
      manufacturer: Alibaba Cloud
      modulePartNo: Not Specified
      memType: RAM
      size: 8
      clkspeed: 0
      moduleVoltage: 0
Checksum: 3DFF5ED54D1CA4ADDFAA7FCA587A82A68717DE6D