---
system-info:
      stress-ng-version: 0.17.08
      run-by: root
      date-yyyy-mm-dd: 2024:06:13
      time-hh-mm-ss: 17:19:22
      epoch-secs: 1718299162
      hostname: 55f24434a472
      sysname: Linux
      nodename: 55f24434a472
      release: 6.8.0-1008-aws
      version: '#8-Ubuntu SMP Sat Apr 20 00:46:25 UTC 2024'
      machine: x86_64
      compiler: 'musl-gcc 13.2.1'
      uptime: 134
      totalram: 803068563456
      freeram: 797056524288
      sharedram: 79097856
      bufferram: 108339200
      totalswap: 0
      freeswap: 0
      pagesize: 4096
      cpus: 96
      cpus-online: 96
      ticks-per-second: 100

metrics:
    - stressor: cpu
      bogo-ops: 1621663
      bogo-ops-per-second-usr-sys-time: 845.000924
      bogo-ops-per-second-real-time: 81082.820778
      wall-clock-time: 20.000081
      user-time: 1919.093733
      system-time: 0.031979
      cpu-usage-per-instance: 99.954058
      max-rss: 0

...
