---
system-info:
      stress-ng-version: 0.17.08
      run-by: root
      date-yyyy-mm-dd: 2024:06:08
      time-hh-mm-ss: 03:55:47
      epoch-secs: 1717818947
      hostname: 592ad3a55da9
      sysname: Linux
      nodename: 592ad3a55da9
      release: 6.8.0-1008-aws
      version: '#8-Ubuntu SMP Sat Apr 20 00:46:25 UTC 2024'
      machine: x86_64
      compiler: 'musl-gcc 13.2.1'
      uptime: 123
      totalram: 803068563456
      freeram: 797261139968
      sharedram: 79097856
      bufferram: 98164736
      totalswap: 0
      freeswap: 0
      pagesize: 4096
      cpus: 96
      cpus-online: 96
      ticks-per-second: 100

metrics:
    - stressor: cpu
      bogo-ops: 971868
      bogo-ops-per-second-usr-sys-time: 1013.031936
      bogo-ops-per-second-real-time: 97169.644945
      wall-clock-time: 10.001765
      user-time: 959.070680
      system-time: 0.294929
      cpu-usage-per-instance: 99.916278
      max-rss: 3072

...
