BaselineInfo:
  WebDBID: -1
  TimeStamp: 20241109232043
Version:
  Major: 11
  Minor: 0
  Build: 1002
  SpecialBuildName: ""
  ptArchitecture: x86_64_linux
Results:
  Results Complete: true
  NumTestProcesses: 64
  CPU_INTEGER_MATH: 265907.3303333334
  CPU_FLOATINGPOINT_MATH: 146070.9874382792
  CPU_PRIME: 377.8508162765882
  CPU_SORTING: 137063.7091130458
  CPU_ENCRYPTION: 68586.032948688749
  CPU_COMPRESSION: 1003911.6801625325
  CPU_SINGLETHREAD: 2512.6294281143241
  CPU_PHYSICS: 6595.9171920859944
  CPU_MATRIX_MULT_SSE: 59725.24438683482
  CPU_mm: 7191.1168586274525
  CPU_sse: 30562.200363126085
  CPU_fma: 82428.445290400225
  CPU_avx: 66185.087506978191
  CPU_avx512: 0
  m_CPU_enc_SHA: 99438966676.667496
  m_CPU_enc_AES: 63582982533.034309
  m_CPU_enc_ECDSA: 52731055045.910965
  ME_ALLOC_S: 26338.977156675493
  ME_READ_S: 25430.582617187501
  ME_READ_L: 21367.0625
  ME_WRITE: 20699.884765625
  ME_LARGE: 503584.75
  ME_LATENCY: 59.746079647911017
  ME_THREADED: 152458.916015625
  SUMM_CPU: 63250.475667171493
  SUMM_ME: 3105.4975769132043
SystemInformation:
  OSName: Ubuntu 24.04.1 LTS
  Kernel: 6.8.0-1017-azure
  Device: ""
  Processor: AMD EPYC 7763 64-Core Processor
  NumSockets: 1
  Manufacturer: AuthenticAMD
  NumCores: 32
  NumLogicals: 64
  CPUFrequency: 0
  Memory: 515766
  MemModuleInfo:
    iNumMemSticks: 3
    DIMM 1:
      manufacturer: Microsoft Corporation
      modulePartNo: None
      memType: Unknown
      size: 1
      clkspeed: 0
      moduleVoltage: 0
    DIMM 2:
      manufacturer: Microsoft Corporation
      modulePartNo: None
      memType: Unknown
      size: 60928
      clkspeed: 0
      moduleVoltage: 0
    DIMM 3:
      manufacturer: Microsoft Corporation
      modulePartNo: None
      memType: Unknown
      size: 462336
      clkspeed: 0
      moduleVoltage: 0
Checksum: 653B4D71E317A38845A8E559CBF68C130FDF3F1C