---
system-info:
      stress-ng-version: 0.17.08
      run-by: root
      date-yyyy-mm-dd: 2024:06:14
      time-hh-mm-ss: 14:57:11
      epoch-secs: 1718377031
      hostname: 6e46a10d5d4c
      sysname: Linux
      nodename: 6e46a10d5d4c
      release: 6.8.0-1008-aws
      version: '#8-Ubuntu SMP Sat Apr 20 02:43:14 UTC 2024'
      machine: aarch64
      compiler: 'musl-gcc 13.2.1'
      uptime: 165
      totalram: 12281257984
      freeram: 8048033792
      sharedram: 35020800
      bufferram: 108810240
      totalswap: 0
      freeswap: 0
      pagesize: 4096
      cpus: 2
      cpus-online: 2
      ticks-per-second: 100

metrics:
    - stressor: cpu
      bogo-ops: 30398
      bogo-ops-per-second-usr-sys-time: 1520.222515
      bogo-ops-per-second-real-time: 1519.895851
      wall-clock-time: 20.000055
      user-time: 19.994758
      system-time: 0.000999
      cpu-usage-per-instance: 99.978512
      max-rss: 1192

...
