---
system-info:
      stress-ng-version: 0.17.08
      run-by: root
      date-yyyy-mm-dd: 2024:06:07
      time-hh-mm-ss: 15:55:50
      epoch-secs: 1717775750
      hostname: 2ad6deed7d76
      sysname: Linux
      nodename: 2ad6deed7d76
      release: 6.8.0-1008-aws
      version: '#8-Ubuntu SMP Sat Apr 20 02:43:14 UTC 2024'
      machine: aarch64
      compiler: 'musl-gcc 13.2.1'
      uptime: 154
      totalram: 12281253888
      freeram: 8122355712
      sharedram: 35020800
      bufferram: 92123136
      totalswap: 0
      freeswap: 0
      pagesize: 4096
      cpus: 2
      cpus-online: 2
      ticks-per-second: 100

metrics:
    - stressor: cpu
      bogo-ops: 2940
      bogo-ops-per-second-usr-sys-time: 292.843940
      bogo-ops-per-second-real-time: 292.817568
      wall-clock-time: 10.040381
      user-time: 10.038478
      system-time: 0.000999
      cpu-usage-per-instance: 99.990994
      max-rss: 4008

...
