---
system-info:
      stress-ng-version: 0.17.08
      run-by: root
      date-yyyy-mm-dd: 2024:06:06
      time-hh-mm-ss: 16:26:54
      epoch-secs: 1717691214
      hostname: 18f51523e56b
      sysname: Linux
      nodename: 18f51523e56b
      release: 6.8.0-1008-aws
      version: '#8-Ubuntu SMP Sat Apr 20 02:43:14 UTC 2024'
      machine: aarch64
      compiler: 'musl-gcc 13.2.1'
      uptime: 124
      totalram: 99418238976
      freeram: 94856458240
      sharedram: 34951168
      bufferram: 84475904
      totalswap: 0
      freeswap: 0
      pagesize: 4096
      cpus: 48
      cpus-online: 48
      ticks-per-second: 100

metrics:
    - stressor: cpu
      bogo-ops: 4267
      bogo-ops-per-second-usr-sys-time: 424.870931
      bogo-ops-per-second-real-time: 424.869022
      wall-clock-time: 10.043095
      user-time: 10.043050
      system-time: 0.000000
      cpu-usage-per-instance: 99.999551
      max-rss: 3840

...
