---
system-info:
      stress-ng-version: 0.17.08
      run-by: root
      date-yyyy-mm-dd: 2024:06:14
      time-hh-mm-ss: 09:56:11
      epoch-secs: 1718358971
      hostname: 36a30ffd66a3
      sysname: Linux
      nodename: 36a30ffd66a3
      release: 6.8.0-1008-aws
      version: '#8-Ubuntu SMP Sat Apr 20 02:43:14 UTC 2024'
      machine: aarch64
      compiler: 'musl-gcc 13.2.1'
      uptime: 147
      totalram: 99418234880
      freeram: 94731911168
      sharedram: 34951168
      bufferram: 107442176
      totalswap: 0
      freeswap: 0
      pagesize: 4096
      cpus: 48
      cpus-online: 48
      ticks-per-second: 100

metrics:
    - stressor: cpu
      bogo-ops: 30667
      bogo-ops-per-second-usr-sys-time: 1533.365870
      bogo-ops-per-second-real-time: 1533.345796
      wall-clock-time: 20.000055
      user-time: 19.999793
      system-time: 0.000000
      cpu-usage-per-instance: 99.998691
      max-rss: 1152

...
