size_kb,operation,bandwidth_mb_s,latency_ns,latency_stddev_ns,latency_samples,threads,iterations,elapsed_s
16,read,69039.15,0,0,0,2,429553,0.194434
16,write,46537.14,0,0,0,2,396825,0.266471
16,copy,26883.89,0,0,0,2,330687,0.384393
16,latency,0,1.50,0.04,7,1,7,0.107325
64,read,61699.95,0,0,0,2,156838,0.317743
64,write,37174.21,0,0,0,2,127291,0.428022
64,copy,29514.78,0,0,0,2,81779,0.346348
64,latency,0,3.94,0.10,7,1,7,0.651482
512,read,48426.41,0,0,0,2,16052,0.331472
512,write,34408.28,0,0,0,2,16803,0.488342
512,copy,12428.64,0,0,0,2,5605,0.450975
512,latency,0,7.24,0.37,10,1,10,0.923944
1024,read,24398.40,0,0,0,2,7290,0.597580
1024,write,24476.24,0,0,0,2,4996,0.408233
1024,copy,11978.47,0,0,0,2,308,0.051426
1024,latency,0,10.39,0.33,7,1,7,0.681431
2048,read,23980.92,0,0,0,2,2328,0.388309
2048,write,23876.61,0,0,0,2,1628,0.272736
2048,copy,11848.01,0,0,0,2,1004,0.338960
2048,latency,0,17.74,0.06,7,1,7,0.680349
8192,read,22778.77,0,0,0,2,351,0.246545
8192,write,20158.38,0,0,0,2,342,0.271450
8192,copy,6888.70,0,0,0,2,167,0.387882
8192,latency,0,82.26,5.02,21,1,21,1.995565
16384,read,14305.95,0,0,0,2,174,0.389209
16384,write,12558.56,0,0,0,2,148,0.377113
16384,copy,6159.82,0,0,0,2,84,0.436376
16384,latency,0,90.65,2.17,7,1,7,1.023533
32768,read,12438.12,0,0,0,2,85,0.437365
32768,write,10959.82,0,0,0,2,74,0.432124
32768,copy,6137.76,0,0,0,2,43,0.448372
32768,latency,0,94.16,5.08,21,1,21,4.965472
65536,read,12692.37,0,0,0,2,43,0.433646
65536,write,11132.23,0,0,0,2,37,0.425432
65536,copy,6045.06,0,0,0,2,21,0.444661
65536,latency,0,94.87,0.58,7,1,7,4.382758
131072,read,12163.45,0,0,0,2,20,0.420933
131072,write,11039.51,0,0,0,2,18,0.417410
131072,copy,6022.40,0,0,0,2,10,0.425080
131072,latency,0,97.32,0.85,7,1,7,9.019410
