BaselineInfo:
  WebDBID: -1
  TimeStamp: 20260619181314
Version:
  Major: 11
  Minor: 0
  Build: 1004
  SpecialBuildName: ""
  ptArchitecture: x86_64_linux
Results:
  Results Complete: true
  NumTestProcesses: 8
  CPU_INTEGER_MATH: 59684.398666666661
  CPU_FLOATINGPOINT_MATH: 58759.635229071471
  CPU_PRIME: 202.80974385879449
  CPU_SORTING: 33714.747465112057
  CPU_ENCRYPTION: 12276.976170035172
  CPU_COMPRESSION: 248235.52706936581
  CPU_SINGLETHREAD: 3657.4342920094236
  CPU_PHYSICS: 2822.9477397880946
  CPU_MATRIX_MULT_SSE: 22190.27444647568
  CPU_mm: 2678.033160695823
  CPU_sse: 8131.5635590152406
  CPU_fma: 30929.640025873061
  CPU_avx: 16363.247914575963
  CPU_avx512: 33336.646286438438
  m_CPU_enc_SHA: 17403837185.766453
  m_CPU_enc_AES: 10563681739.004896
  m_CPU_enc_ECDSA: 10652508768.641052
  ME_ALLOC_S: 9759.6436655606012
  ME_READ_S: 33243.443945312501
  ME_READ_L: 28832.048828125
  ME_WRITE: 30187.224609375
  ME_LARGE: 23732.666666666668
  ME_LATENCY: 80.05427920895211
  ME_THREADED: 55245.85595703125
  SUMM_CPU: 24323.243630033543
  SUMM_ME: 2653.6824685825759
SystemInformation:
  OSName: Ubuntu 24.04.4 LTS
  Kernel: 6.17.0-1018-azure
  Device: ""
  Processor: "AMD EPYC 9V45 96-Core Processor                "
  NumSockets: 1
  Manufacturer: AuthenticAMD
  NumCores: 8
  NumLogicals: 8
  CPUFrequency: 0
  CPUMaxFrequency: 0
  Memory: 32092
  CPUInfo:
    number: 1
    Family: 15
    Model: 2
    stepping: 1
    features: 395049983
    manufacture: AuthenticAMD
    typestring: "AMD EPYC 9V45 96-Core Processor                "
    iCoresPerPackage: 8
    iThreadsPerPackage: 1
    featuresEx:
      - 395049983
      - 4277809667
      - 802421759
    bHybrid: false
    nPCore: 0
    nLogicalsPerPCore: 0
    nECore: 0
    nLogicalsPerECore: 0
  MemModuleInfo:
    iNumMemSticks: 2
    DIMM 1:
      manufacturer: Microsoft Corporation
      modulePartNo: None
      memType: Unknown
      size: 1
      clkspeed: 0
      moduleVoltage: 0
    DIMM 2:
      manufacturer: Microsoft Corporation
      modulePartNo: None
      memType: Unknown
      size: 31
      clkspeed: 0
      moduleVoltage: 0
Checksum: 47B0221ACA92253EC677A23E3E14C47EAB917011