BaselineInfo:
  WebDBID: -1
  TimeStamp: 20260404221530
Version:
  Major: 11
  Minor: 0
  Build: 1004
  SpecialBuildName: ""
  ptArchitecture: x86_64_linux
Results:
  Results Complete: true
  NumTestProcesses: 8
  CPU_INTEGER_MATH: 24326.588
  CPU_FLOATINGPOINT_MATH: 18474.57584810114
  CPU_PRIME: 60.710476137018638
  CPU_SORTING: 17648.194089829052
  CPU_ENCRYPTION: 2316.7764136824494
  CPU_COMPRESSION: 130705.25064415003
  CPU_SINGLETHREAD: 1805.4367494320184
  CPU_PHYSICS: 1017.1567706714704
  CPU_MATRIX_MULT_SSE: 7033.9092677232029
  CPU_mm: 1067.608327858698
  CPU_sse: 4359.7301392876298
  CPU_fma: 9607.7957620662346
  CPU_avx: 7134.2019018157407
  CPU_avx512: 0
  m_CPU_enc_SHA: 1390395885.8644176
  m_CPU_enc_AES: 4657610773.4062662
  m_CPU_enc_ECDSA: 1239941774.9897807
  ME_ALLOC_S: 2198.951697609969
  ME_READ_S: 20781.552148437499
  ME_READ_L: 6940.453125
  ME_WRITE: 5913.87890625
  ME_LARGE: 50851.833333333336
  ME_LATENCY: 68.997413621099909
  ME_THREADED: 41157.115234375
  SUMM_CPU: 8524.6003728859559
  SUMM_ME: 1794.6545283758983
SystemInformation:
  OSName: Ubuntu 24.04.4 LTS
  Kernel: 6.8.0-106-generic
  Device: ""
  Processor: Intel(R) Xeon(R) CPU E5-2682 v4 @ 2.50GHz
  NumSockets: 1
  Manufacturer: GenuineIntel
  NumCores: 4
  NumLogicals: 8
  CPUFrequency: 0
  CPUMaxFrequency: 0
  Memory: 63791
  CPUInfo:
    number: 1
    Family: 6
    Model: 15
    stepping: 1
    features: 529267711
    manufacture: GenuineIntel
    typestring: Intel(R) Xeon(R) CPU E5-2682 v4 @ 2.50GHz
    iCoresPerPackage: 4
    iThreadsPerPackage: 2
    featuresEx:
      - 529267711
      - 4294586883
      - 739248128
    bHybrid: false
    nPCore: 0
    nLogicalsPerPCore: 0
    nECore: 0
    nLogicalsPerECore: 0
  MemModuleInfo:
    iNumMemSticks: 4
    DIMM 1:
      manufacturer: Alibaba Cloud
      modulePartNo: Not Specified
      memType: RAM
      size: 16
      clkspeed: 0
      moduleVoltage: 0
    DIMM 2:
      manufacturer: Alibaba Cloud
      modulePartNo: Not Specified
      memType: RAM
      size: 16
      clkspeed: 0
      moduleVoltage: 0
    DIMM 3:
      manufacturer: Alibaba Cloud
      modulePartNo: Not Specified
      memType: RAM
      size: 16
      clkspeed: 0
      moduleVoltage: 0
    DIMM 4:
      manufacturer: Alibaba Cloud
      modulePartNo: Not Specified
      memType: RAM
      size: 16
      clkspeed: 0
      moduleVoltage: 0
Checksum: C6B4DEF8628370DD7B89B92B935614B0A5A69415