BaselineInfo:
  WebDBID: -1
  TimeStamp: 20260206143005
Version:
  Major: 11
  Minor: 0
  Build: 1004
  SpecialBuildName: ""
  ptArchitecture: x86_64_linux
Results:
  Results Complete: true
  NumTestProcesses: 32
  CPU_INTEGER_MATH: 165046.55266666666
  CPU_FLOATINGPOINT_MATH: 119405.14372466056
  CPU_PRIME: 350.47523918081146
  CPU_SORTING: 83055.712732409913
  CPU_ENCRYPTION: 36349.762542862671
  CPU_COMPRESSION: 629332.99797553848
  CPU_SINGLETHREAD: 3273.7305995537713
  CPU_PHYSICS: 6692.4599644576447
  CPU_MATRIX_MULT_SSE: 45304.712783477022
  CPU_mm: 4851.9994300145199
  CPU_sse: 19888.358817076358
  CPU_fma: 51943.822468071849
  CPU_avx: 41971.72744011796
  CPU_avx512: 67414.942408641888
  m_CPU_enc_SHA: 38361681066.23262
  m_CPU_enc_AES: 50135890770.514046
  m_CPU_enc_ECDSA: 25848893987.687668
  ME_ALLOC_S: 17391.141000434603
  ME_READ_S: 28658.271093750001
  ME_READ_L: 18006.8203125
  ME_WRITE: 12121.9443359375
  ME_LARGE: 113910.25
  ME_LATENCY: 64.985136895142602
  ME_THREADED: 180677.38671875
  SUMM_CPU: 51493.128697551765
  SUMM_ME: 2808.538134493283
SystemInformation:
  OSName: Ubuntu 24.04.3 LTS
  Kernel: 6.14.0-1018-aws
  Device: ""
  Processor: Intel(R) Xeon(R) 6975P-C
  NumSockets: 1
  Manufacturer: GenuineIntel
  NumCores: 16
  NumLogicals: 32
  CPUFrequency: 0
  CPUMaxFrequency: 0
  Memory: 126756
  CPUInfo:
    number: 1
    Family: 6
    Model: 13
    stepping: 1
    features: 529267711
    manufacture: GenuineIntel
    typestring: Intel(R) Xeon(R) 6975P-C
    iCoresPerPackage: 16
    iThreadsPerPackage: 2
    featuresEx:
      - 529267711
      - 4294619651
      - 739248128
    bHybrid: false
    nPCore: 0
    nLogicalsPerPCore: 0
    nECore: 0
    nLogicalsPerECore: 0
  MemModuleInfo:
    iNumMemSticks: 1
    DIMM 1:
      manufacturer: Not Specified
      modulePartNo: Not Specified
      memType: DDR5
      size: 128
      clkspeed: 3600
      moduleVoltage: 0
Checksum: 8B0F262BDCB99360650EBF7819DA9A3ED62A3E3F