BaselineInfo:
  WebDBID: -1
  TimeStamp: 20241109155658
Version:
  Major: 11
  Minor: 0
  Build: 1002
  SpecialBuildName: ""
  ptArchitecture: x86_64_linux
Results:
  Results Complete: true
  NumTestProcesses: 48
  CPU_INTEGER_MATH: 202081.83300000001
  CPU_FLOATINGPOINT_MATH: 103299.75717192556
  CPU_PRIME: 344.51812307863514
  CPU_SORTING: 103739.63339999728
  CPU_ENCRYPTION: 43829.737856012027
  CPU_COMPRESSION: 731544.7376610518
  CPU_SINGLETHREAD: 2434.5353944531275
  CPU_PHYSICS: 5745.4999213955452
  CPU_MATRIX_MULT_SSE: 43903.56748748981
  CPU_mm: 4352.3701675332031
  CPU_sse: 18995.628849252982
  CPU_fma: 52644.986435312974
  CPU_avx: 38878.80312942122
  CPU_avx512: 65094.851535972055
  m_CPU_enc_SHA: 44298299249.521942
  m_CPU_enc_AES: 66732329351.366287
  m_CPU_enc_ECDSA: 26845805005.428783
  ME_ALLOC_S: 23539.56399548718
  ME_READ_S: 24255.663281249999
  ME_READ_L: 12464.6328125
  ME_WRITE: 11055.9609375
  ME_LARGE: 375182
  ME_LATENCY: 51.500077680025129
  ME_THREADED: 239849.9189453125
  SUMM_CPU: 50881.807962993829
  SUMM_ME: 2872.4116792908794
SystemInformation:
  OSName: Ubuntu 24.04.1 LTS
  Kernel: 6.8.0-1017-azure
  Device: ""
  Processor: Intel Xeon Platinum 8370C CPU @ 2.80GHz
  NumSockets: 2
  Manufacturer: GenuineIntel
  NumCores: 24
  NumLogicals: 48
  CPUFrequency: 2800
  Memory: 386938
  MemModuleInfo:
    iNumMemSticks: 4
    DIMM 1:
      manufacturer: Microsoft Corporation
      modulePartNo: None
      memType: Unknown
      size: 1
      clkspeed: 0
      moduleVoltage: 0
    DIMM 2:
      manufacturer: Microsoft Corporation
      modulePartNo: None
      memType: Unknown
      size: 59
      clkspeed: 0
      moduleVoltage: 0
    DIMM 3:
      manufacturer: Microsoft Corporation
      modulePartNo: None
      memType: Unknown
      size: 132
      clkspeed: 0
      moduleVoltage: 0
    DIMM 4:
      manufacturer: Microsoft Corporation
      modulePartNo: None
      memType: Unknown
      size: 192
      clkspeed: 0
      moduleVoltage: 0
Checksum: 27207C4AB5E438C98C73ABCC2C7A9192101D1216