BaselineInfo:
  WebDBID: -1
  TimeStamp: 20241109161245
Version:
  Major: 11
  Minor: 0
  Build: 1002
  SpecialBuildName: ""
  ptArchitecture: x86_64_linux
Results:
  Results Complete: true
  NumTestProcesses: 48
  CPU_INTEGER_MATH: 202012.37133333337
  CPU_FLOATINGPOINT_MATH: 103288.36197848874
  CPU_PRIME: 334.05214710549183
  CPU_SORTING: 103389.43029773394
  CPU_ENCRYPTION: 43888.767317480488
  CPU_COMPRESSION: 734964.35608647845
  CPU_SINGLETHREAD: 2435.6237046236561
  CPU_PHYSICS: 5715.3333587103098
  CPU_MATRIX_MULT_SSE: 43751.356833618614
  CPU_mm: 4350.9414354621304
  CPU_sse: 18995.749342498468
  CPU_fma: 52640.097533898152
  CPU_avx: 38874.226136752637
  CPU_avx512: 64495.354321325249
  m_CPU_enc_SHA: 44320714748.222977
  m_CPU_enc_AES: 66767363837.701515
  m_CPU_enc_ECDSA: 26974045650.158752
  ME_ALLOC_S: 23477.075977923741
  ME_READ_S: 24196.976367187501
  ME_READ_L: 12062.9052734375
  ME_WRITE: 10784.8916015625
  ME_LARGE: 375326.83333333331
  ME_LATENCY: 52.658428753033242
  ME_THREADED: 233025.67236328125
  SUMM_CPU: 50828.275042899208
  SUMM_ME: 2814.8508104595071
SystemInformation:
  OSName: Ubuntu 24.04.1 LTS
  Kernel: 6.8.0-1017-azure
  Device: ""
  Processor: Intel Xeon Platinum 8370C CPU @ 2.80GHz
  NumSockets: 2
  Manufacturer: GenuineIntel
  NumCores: 24
  NumLogicals: 48
  CPUFrequency: 2800
  Memory: 386938
  MemModuleInfo:
    iNumMemSticks: 4
    DIMM 1:
      manufacturer: Microsoft Corporation
      modulePartNo: None
      memType: Unknown
      size: 1
      clkspeed: 0
      moduleVoltage: 0
    DIMM 2:
      manufacturer: Microsoft Corporation
      modulePartNo: None
      memType: Unknown
      size: 59
      clkspeed: 0
      moduleVoltage: 0
    DIMM 3:
      manufacturer: Microsoft Corporation
      modulePartNo: None
      memType: Unknown
      size: 132
      clkspeed: 0
      moduleVoltage: 0
    DIMM 4:
      manufacturer: Microsoft Corporation
      modulePartNo: None
      memType: Unknown
      size: 192
      clkspeed: 0
      moduleVoltage: 0
Checksum: E20A1A36BBA0675DD7B7BF71B8208C9ED7F1B20F