BaselineInfo:
  WebDBID: -1
  TimeStamp: 20260714213544
Version:
  Major: 11
  Minor: 0
  Build: 1004
  SpecialBuildName: ""
  ptArchitecture: x86_64_linux
Results:
  Results Complete: true
  NumTestProcesses: 16
  CPU_INTEGER_MATH: 66111.460666666666
  CPU_FLOATINGPOINT_MATH: 36433.410103598078
  CPU_PRIME: 109.17134735559627
  CPU_SORTING: 36098.83535115025
  CPU_ENCRYPTION: 17158.61563526588
  CPU_COMPRESSION: 252994.69506549009
  CPU_SINGLETHREAD: 2377.627464567589
  CPU_PHYSICS: 2482.9879652573118
  CPU_MATRIX_MULT_SSE: 14829.681293514052
  CPU_mm: 1790.7613109770671
  CPU_sse: 7537.4743670401722
  CPU_fma: 20711.590971953556
  CPU_avx: 16239.978541548426
  CPU_avx512: 0
  m_CPU_enc_SHA: 24847365437.196194
  m_CPU_enc_AES: 15923899480.358028
  m_CPU_enc_ECDSA: 13205072727.53944
  ME_ALLOC_S: 6799.6486078302642
  ME_READ_S: 24326.128515625001
  ME_READ_L: 17024.0703125
  ME_WRITE: 17199.880859375
  ME_LARGE: 55364.416666666664
  ME_LATENCY: 64.767110237510678
  ME_THREADED: 68323.574951171875
  SUMM_CPU: 21808.970104164484
  SUMM_ME: 2662.6004041318524
SystemInformation:
  OSName: Ubuntu 24.04.4 LTS
  Kernel: 6.17.0-1020-gcp
  Device: ""
  Processor: AMD EPYC 7B13
  NumSockets: 1
  Manufacturer: AuthenticAMD
  NumCores: 8
  NumLogicals: 16
  CPUFrequency: 0
  CPUMaxFrequency: 0
  Memory: 64295
  CPUInfo:
    number: 1
    Family: 15
    Model: 1
    stepping: 0
    features: 395049983
    manufacture: AuthenticAMD
    typestring: AMD EPYC 7B13
    iCoresPerPackage: 8
    iThreadsPerPackage: 2
    featuresEx:
      - 395049983
      - 4277809667
      - 802421759
    bHybrid: false
    nPCore: 0
    nLogicalsPerPCore: 0
    nECore: 0
    nLogicalsPerECore: 0
  MemModuleInfo:
    iNumMemSticks: 4
    DIMM 1:
      manufacturer: ""
      modulePartNo: ""
      memType: RAM
      size: 16
      clkspeed: 0
      moduleVoltage: 0
    DIMM 2:
      manufacturer: ""
      modulePartNo: ""
      memType: RAM
      size: 16
      clkspeed: 0
      moduleVoltage: 0
    DIMM 3:
      manufacturer: ""
      modulePartNo: ""
      memType: RAM
      size: 16
      clkspeed: 0
      moduleVoltage: 0
    DIMM 4:
      manufacturer: ""
      modulePartNo: ""
      memType: RAM
      size: 16
      clkspeed: 0
      moduleVoltage: 0
Checksum: 4918294AB3737B79CE0BE7CF9DAB91BE1491AB59