BaselineInfo:
  WebDBID: -1
  TimeStamp: 20260714185131
Version:
  Major: 11
  Minor: 0
  Build: 1004
  SpecialBuildName: ""
  ptArchitecture: x86_64_linux
Results:
  Results Complete: true
  NumTestProcesses: 16
  CPU_INTEGER_MATH: 66135.174666666673
  CPU_FLOATINGPOINT_MATH: 36518.813023129427
  CPU_PRIME: 113.78747235925667
  CPU_SORTING: 36289.775882371847
  CPU_ENCRYPTION: 17148.094852255534
  CPU_COMPRESSION: 254158.26336456553
  CPU_SINGLETHREAD: 2366.0658625348838
  CPU_PHYSICS: 2584.9433572574803
  CPU_MATRIX_MULT_SSE: 14828.942094261414
  CPU_mm: 1786.6784270947492
  CPU_sse: 7591.6421635120123
  CPU_fma: 20665.814043916907
  CPU_avx: 16229.370075355318
  CPU_avx512: 0
  m_CPU_enc_SHA: 24838166276.293472
  m_CPU_enc_AES: 15892393342.655539
  m_CPU_enc_ECDSA: 13212682504.44709
  ME_ALLOC_S: 6777.196327118736
  ME_READ_S: 24271.835546875001
  ME_READ_L: 16220.9677734375
  ME_WRITE: 16512.5234375
  ME_LARGE: 55108.833333333336
  ME_LATENCY: 71.207248734007109
  ME_THREADED: 85722.8115234375
  SUMM_CPU: 21900.448878058367
  SUMM_ME: 2531.2178913725274
SystemInformation:
  OSName: Ubuntu 24.04.4 LTS
  Kernel: 6.17.0-1020-gcp
  Device: ""
  Processor: AMD EPYC 7B13
  NumSockets: 1
  Manufacturer: AuthenticAMD
  NumCores: 8
  NumLogicals: 16
  CPUFrequency: 0
  CPUMaxFrequency: 0
  Memory: 64295
  CPUInfo:
    number: 1
    Family: 15
    Model: 1
    stepping: 0
    features: 395049983
    manufacture: AuthenticAMD
    typestring: AMD EPYC 7B13
    iCoresPerPackage: 8
    iThreadsPerPackage: 2
    featuresEx:
      - 395049983
      - 4277809667
      - 802421759
    bHybrid: false
    nPCore: 0
    nLogicalsPerPCore: 0
    nECore: 0
    nLogicalsPerECore: 0
  MemModuleInfo:
    iNumMemSticks: 4
    DIMM 1:
      manufacturer: ""
      modulePartNo: ""
      memType: RAM
      size: 16
      clkspeed: 0
      moduleVoltage: 0
    DIMM 2:
      manufacturer: ""
      modulePartNo: ""
      memType: RAM
      size: 16
      clkspeed: 0
      moduleVoltage: 0
    DIMM 3:
      manufacturer: ""
      modulePartNo: ""
      memType: RAM
      size: 16
      clkspeed: 0
      moduleVoltage: 0
    DIMM 4:
      manufacturer: ""
      modulePartNo: ""
      memType: RAM
      size: 16
      clkspeed: 0
      moduleVoltage: 0
Checksum: A9CC32DB7BA531B43E6B1F356EBFA3084CB94CC8