BaselineInfo:
  WebDBID: -1
  TimeStamp: 20241107221806
Version:
  Major: 11
  Minor: 0
  Build: 1002
  SpecialBuildName: ""
  ptArchitecture: x86_64_linux
Results:
  Results Complete: true
  NumTestProcesses: 16
  CPU_INTEGER_MATH: 66221.628999999986
  CPU_FLOATINGPOINT_MATH: 36559.484813785064
  CPU_PRIME: 134.78418853261019
  CPU_SORTING: 35958.650700030688
  CPU_ENCRYPTION: 17185.251550186073
  CPU_COMPRESSION: 253694.38929145812
  CPU_SINGLETHREAD: 2382.2098132927481
  CPU_PHYSICS: 2611.9512096144249
  CPU_MATRIX_MULT_SSE: 14794.888679031081
  CPU_mm: 1791.8440212067555
  CPU_sse: 7545.2306577445861
  CPU_fma: 20665.064295398595
  CPU_avx: 16174.371083950065
  CPU_avx512: 0
  m_CPU_enc_SHA: 24859250296.096928
  m_CPU_enc_AES: 15914453142.739651
  m_CPU_enc_ECDSA: 13286423549.627157
  ME_ALLOC_S: 6863.8838210264048
  ME_READ_S: 24334.134570312501
  ME_READ_L: 17011.31640625
  ME_WRITE: 17763.564453125
  ME_LARGE: 53726.75
  ME_LATENCY: 63.037049415826459
  ME_THREADED: 69676.077392578125
  SUMM_CPU: 22055.329066235852
  SUMM_ME: 2707.6317819064993
SystemInformation:
  OSName: Ubuntu 24.04.1 LTS
  Kernel: 6.8.0-1015-gcp
  Device: ""
  Processor: AMD EPYC 7B13
  NumSockets: 1
  Manufacturer: AuthenticAMD
  NumCores: 8
  NumLogicals: 16
  CPUFrequency: 0
  Memory: 64298
  MemModuleInfo:
    iNumMemSticks: 4
    DIMM 1:
      manufacturer: ""
      modulePartNo: ""
      memType: RAM
      size: 16
      clkspeed: 0
      moduleVoltage: 0
    DIMM 2:
      manufacturer: ""
      modulePartNo: ""
      memType: RAM
      size: 16
      clkspeed: 0
      moduleVoltage: 0
    DIMM 3:
      manufacturer: ""
      modulePartNo: ""
      memType: RAM
      size: 16
      clkspeed: 0
      moduleVoltage: 0
    DIMM 4:
      manufacturer: ""
      modulePartNo: ""
      memType: RAM
      size: 16
      clkspeed: 0
      moduleVoltage: 0
Checksum: E10FF70006B32869D385BC3BAD0E89FBC3C63303