---
system-info:
      stress-ng-version: 0.17.08
      run-by: root
      date-yyyy-mm-dd: 2024:06:06
      time-hh-mm-ss: 13:41:36
      epoch-secs: 1717681296
      hostname: 7b58b38a74f7
      sysname: Linux
      nodename: 7b58b38a74f7
      release: 6.8.0-1008-aws
      version: '#8-Ubuntu SMP Sat Apr 20 00:46:25 UTC 2024'
      machine: x86_64
      compiler: 'musl-gcc 13.2.1'
      uptime: 110
      totalram: 16377602048
      freeram: 12194127872
      sharedram: 36982784
      bufferram: 84000768
      totalswap: 0
      freeswap: 0
      pagesize: 4096
      cpus: 8
      cpus-online: 8
      ticks-per-second: 100

metrics:
    - stressor: cpu
      bogo-ops: 17826
      bogo-ops-per-second-usr-sys-time: 1782.609804
      bogo-ops-per-second-real-time: 1782.588227
      wall-clock-time: 10.000066
      user-time: 9.998946
      system-time: 0.000999
      cpu-usage-per-instance: 99.998790
      max-rss: 3920

...
