---
system-info:
      stress-ng-version: 0.17.08
      run-by: root
      date-yyyy-mm-dd: 2024:06:14
      time-hh-mm-ss: 06:55:52
      epoch-secs: 1718348152
      hostname: 688f7a95e464
      sysname: Linux
      nodename: 688f7a95e464
      release: 6.8.0-1008-aws
      version: '#8-Ubuntu SMP Sat Apr 20 00:46:25 UTC 2024'
      machine: x86_64
      compiler: 'musl-gcc 13.2.1'
      uptime: 125
      totalram: 16377602048
      freeram: 11996930048
      sharedram: 36982784
      bufferram: 108400640
      totalswap: 0
      freeswap: 0
      pagesize: 4096
      cpus: 8
      cpus-online: 8
      ticks-per-second: 100

metrics:
    - stressor: cpu
      bogo-ops: 61520
      bogo-ops-per-second-usr-sys-time: 3076.137350
      bogo-ops-per-second-real-time: 3075.994096
      wall-clock-time: 20.000038
      user-time: 19.999107
      system-time: 0.000000
      cpu-usage-per-instance: 99.995343
      max-rss: 1104

...
