BaselineInfo:
  WebDBID: -1
  TimeStamp: 20241108052252
Version:
  Major: 11
  Minor: 0
  Build: 1002
  SpecialBuildName: ""
  ptArchitecture: aarch64_linux
Results:
  Results Complete: true
  NumTestProcesses: 20
  CPU_INTEGER_MATH: 93698.55799999999
  CPU_FLOATINGPOINT_MATH: 71302.524293390656
  CPU_PRIME: 110.61599109692261
  CPU_SORTING: 66728.626691342593
  CPU_ENCRYPTION: 3251.5646594024329
  CPU_COMPRESSION: 112739.42365081281
  CPU_SINGLETHREAD: 1328.915201997866
  CPU_PHYSICS: 1933.5440179621864
  CPU_MATRIX_MULT_SSE: 14770.983095884711
  CPU_mm: 2480.7232606596376
  CPU_sse: 12312.685585976269
  CPU_fma: 17229.280605793156
  CPU_avx: 0
  CPU_avx512: 0
  m_CPU_enc_SHA: 4882250623.9548035
  m_CPU_enc_AES: 2250418404.9494123
  m_CPU_enc_ECDSA: 3095868963.9884806
  ME_ALLOC_S: 13196.439176061505
  ME_READ_S: 11309.906640625
  ME_READ_L: 8626.41796875
  ME_WRITE: 14922.150390625
  ME_LARGE: 149717.58333333334
  ME_LATENCY: 73.673250329933964
  ME_THREADED: 116107.97412109375
  SUMM_CPU: 13903.586268054938
  SUMM_ME: 1900.330054909871
SystemInformation:
  OSName: Ubuntu 24.04.1 LTS
  Kernel: 6.8.0-1017-azure
  Device: ""
  Processor: ARM Neoverse-N1 20 Core 0 MHz
  NumSockets: 1
  Manufacturer: ARM
  NumCores: 20
  NumLogicals: 20
  CPUFrequency: 0
  Memory: 160650
Checksum: 3A87F4A553F086CA5E420E7BCB7F8439D1D70243