BaselineInfo:
  WebDBID: -1
  TimeStamp: 20241107130251
Version:
  Major: 11
  Minor: 0
  Build: 1002
  SpecialBuildName: ""
  ptArchitecture: x86_64_linux
Results:
  Results Complete: true
  NumTestProcesses: 8
  CPU_INTEGER_MATH: 27028.824333333338
  CPU_FLOATINGPOINT_MATH: 16106.368955342381
  CPU_PRIME: 43.481648244809222
  CPU_SORTING: 15970.415279837933
  CPU_ENCRYPTION: 8523.8743399641498
  CPU_COMPRESSION: 121406.54067445453
  CPU_SINGLETHREAD: 2119.3116972420639
  CPU_PHYSICS: 1004.2315270305769
  CPU_MATRIX_MULT_SSE: 7373.5354306988665
  CPU_mm: 808.26911656781476
  CPU_sse: 3341.4882186913255
  CPU_fma: 10816.926256143572
  CPU_avx: 7962.1918172617025
  CPU_avx512: 0
  m_CPU_enc_SHA: 12053056072.262943
  m_CPU_enc_AES: 8254066277.0868273
  m_CPU_enc_ECDSA: 6506667830.3569784
  ME_ALLOC_S: 2857.7447373229461
  ME_READ_S: 24438.1943359375
  ME_READ_L: 12813.51171875
  ME_WRITE: 13428.783203125
  ME_LARGE: 5846.166666666667
  ME_LATENCY: 49.537481770221603
  ME_THREADED: 36611.4765625
  SUMM_CPU: 10497.893886924747
  SUMM_ME: 2326.0093712200282
SystemInformation:
  OSName: Ubuntu 24.04.1 LTS
  Kernel: 6.8.0-1016-aws
  Device: ""
  Processor: AMD EPYC 7R32
  NumSockets: 1
  Manufacturer: AuthenticAMD
  NumCores: 4
  NumLogicals: 8
  CPUFrequency: 0
  Memory: 15786
  MemModuleInfo:
    iNumMemSticks: 1
    DIMM 1:
      manufacturer: Not Specified
      modulePartNo: Not Specified
      memType: DDR4
      size: 16
      clkspeed: 1466
      moduleVoltage: 0
Checksum: A06D3081C33D04F7CF44BBA32915AAA19262C23A