BaselineInfo:
  WebDBID: -1
  TimeStamp: 20260620191808
Version:
  Major: 11
  Minor: 0
  Build: 1004
  SpecialBuildName: ""
  ptArchitecture: x86_64_linux
Results:
  Results Complete: true
  NumTestProcesses: 32
  CPU_INTEGER_MATH: 240382.215
  CPU_FLOATINGPOINT_MATH: 239679.25958498532
  CPU_PRIME: 793.72892941480995
  CPU_SORTING: 130765.26487645533
  CPU_ENCRYPTION: 48929.475681693635
  CPU_COMPRESSION: 942774.60450228921
  CPU_SINGLETHREAD: 3829.8451826149758
  CPU_PHYSICS: 10888.366687544014
  CPU_MATRIX_MULT_SSE: 82061.794031717611
  CPU_mm: 9767.5354612969259
  CPU_sse: 30619.888404794416
  CPU_fma: 110939.20020284725
  CPU_avx: 61436.031697075559
  CPU_avx512: 125252.05582215327
  m_CPU_enc_SHA: 69387377624.770111
  m_CPU_enc_AES: 42519755978.599274
  m_CPU_enc_ECDSA: 42011688073.853416
  ME_ALLOC_S: 37470.552661118389
  ME_READ_S: 33845.528906250001
  ME_READ_L: 30131.572265625
  ME_WRITE: 30387.525390625
  ME_LARGE: 248377.41666666666
  ME_LATENCY: 79.686703968786603
  ME_THREADED: 265132.9599609375
  SUMM_CPU: 76114.667047421783
  SUMM_ME: 2936.223811667543
SystemInformation:
  OSName: Ubuntu 24.04.4 LTS
  Kernel: 6.17.0-1018-azure
  Device: ""
  Processor: "AMD EPYC 9V45 96-Core Processor                "
  NumSockets: 1
  Manufacturer: AuthenticAMD
  NumCores: 32
  NumLogicals: 32
  CPUFrequency: 0
  CPUMaxFrequency: 0
  Memory: 257732
  CPUInfo:
    number: 1
    Family: 15
    Model: 2
    stepping: 1
    features: 395049983
    manufacture: AuthenticAMD
    typestring: "AMD EPYC 9V45 96-Core Processor                "
    iCoresPerPackage: 32
    iThreadsPerPackage: 1
    featuresEx:
      - 395049983
      - 4277809667
      - 802421759
    bHybrid: false
    nPCore: 0
    nLogicalsPerPCore: 0
    nECore: 0
    nLogicalsPerECore: 0
  MemModuleInfo:
    iNumMemSticks: 3
    DIMM 1:
      manufacturer: Microsoft Corporation
      modulePartNo: None
      memType: Unknown
      size: 1
      clkspeed: 0
      moduleVoltage: 0
    DIMM 2:
      manufacturer: Microsoft Corporation
      modulePartNo: None
      memType: Unknown
      size: 59
      clkspeed: 0
      moduleVoltage: 0
    DIMM 3:
      manufacturer: Microsoft Corporation
      modulePartNo: None
      memType: Unknown
      size: 196
      clkspeed: 0
      moduleVoltage: 0
Checksum: 597DA883C41DB4B3260AB384E4FB4146C41C5430