BaselineInfo:
  WebDBID: -1
  TimeStamp: 20241107213206
Version:
  Major: 11
  Minor: 0
  Build: 1002
  SpecialBuildName: ""
  ptArchitecture: x86_64_linux
Results:
  Results Complete: true
  NumTestProcesses: 8
  CPU_INTEGER_MATH: 31792.167000000001
  CPU_FLOATINGPOINT_MATH: 22673.008937087026
  CPU_PRIME: 72.197750791307428
  CPU_SORTING: 16263.862103522813
  CPU_ENCRYPTION: 7068.930791128163
  CPU_COMPRESSION: 118697.21760426938
  CPU_SINGLETHREAD: 2478.3536153622922
  CPU_PHYSICS: 1535.9660666343693
  CPU_MATRIX_MULT_SSE: 8336.0926905338856
  CPU_mm: 901.04329200493953
  CPU_sse: 3914.4435366583239
  CPU_fma: 9773.4652982373336
  CPU_avx: 7428.1063466080941
  CPU_avx512: 12228.355580631791
  m_CPU_enc_SHA: 7440789635.7029657
  m_CPU_enc_AES: 9601700622.6397743
  m_CPU_enc_ECDSA: 5194443261.3712749
  ME_ALLOC_S: 3909.2141369810615
  ME_READ_S: 22282.792187499999
  ME_READ_L: 9193.25390625
  ME_WRITE: 8208.341796875
  ME_LARGE: 21977.333333333332
  ME_LATENCY: 72.034871146355783
  ME_THREADED: 48438.1455078125
  SUMM_CPU: 11820.178182303171
  SUMM_ME: 2001.2067298974453
SystemInformation:
  OSName: Ubuntu 24.04.1 LTS
  Kernel: 6.8.0-1015-gcp
  Device: ""
  Processor: Intel Xeon Platinum 8481C CPU @ 2.70GHz
  NumSockets: 1
  Manufacturer: GenuineIntel
  NumCores: 4
  NumLogicals: 8
  CPUFrequency: 0
  Memory: 32092
  MemModuleInfo:
    iNumMemSticks: 2
    DIMM 1:
      manufacturer: ""
      modulePartNo: ""
      memType: RAM
      size: 16
      clkspeed: 0
      moduleVoltage: 0
    DIMM 2:
      manufacturer: ""
      modulePartNo: ""
      memType: RAM
      size: 16
      clkspeed: 0
      moduleVoltage: 0
Checksum: 76E3B34F3C1F290A237BCF19692E4B540B9B781E