---
system-info:
      stress-ng-version: 0.17.08
      run-by: root
      date-yyyy-mm-dd: 2024:06:08
      time-hh-mm-ss: 09:54:43
      epoch-secs: 1717840483
      hostname: 99bc2ea6bedd
      sysname: Linux
      nodename: 99bc2ea6bedd
      release: 6.8.0-1008-aws
      version: '#8-Ubuntu SMP Sat Apr 20 02:43:14 UTC 2024'
      machine: aarch64
      compiler: 'musl-gcc 13.2.1'
      uptime: 114
      totalram: 16434495488
      freeram: 12075548672
      sharedram: 34983936
      bufferram: 99569664
      totalswap: 0
      freeswap: 0
      pagesize: 4096
      cpus: 8
      cpus-online: 8
      ticks-per-second: 100

metrics:
    - stressor: cpu
      bogo-ops: 4267
      bogo-ops-per-second-usr-sys-time: 424.511262
      bogo-ops-per-second-real-time: 424.510367
      wall-clock-time: 10.051580
      user-time: 10.051559
      system-time: 0.000000
      cpu-usage-per-instance: 99.999789
      max-rss: 4008

...
