---
system-info:
      stress-ng-version: 0.17.08
      run-by: root
      date-yyyy-mm-dd: 2024:06:04
      time-hh-mm-ss: 14:46:25
      epoch-secs: 1717512385
      hostname: a355d6bc378a
      sysname: Linux
      nodename: a355d6bc378a
      release: 6.8.0-1008-aws
      version: '#8-Ubuntu SMP Sat Apr 20 02:43:14 UTC 2024'
      machine: aarch64
      compiler: 'musl-gcc 13.2.1'
      uptime: 728
      totalram: 16434503680
      freeram: 11136782336
      sharedram: 34979840
      bufferram: 79237120
      totalswap: 0
      freeswap: 0
      pagesize: 4096
      cpus: 8
      cpus-online: 8
      ticks-per-second: 100

metrics:
    - stressor: cpu
      bogo-ops: 4267
      bogo-ops-per-second-usr-sys-time: 424.766632
      bogo-ops-per-second-real-time: 424.764222
      wall-clock-time: 10.045573
      user-time: 10.044517
      system-time: 0.000999
      cpu-usage-per-instance: 99.999433
      max-rss: 4136

...
