---
system-info:
      stress-ng-version: 0.17.08
      run-by: root
      date-yyyy-mm-dd: 2024:06:14
      time-hh-mm-ss: 08:24:36
      epoch-secs: 1718353476
      hostname: eee0be406931
      sysname: Linux
      nodename: eee0be406931
      release: 6.8.0-1008-aws
      version: '#8-Ubuntu SMP Sat Apr 20 02:43:14 UTC 2024'
      machine: aarch64
      compiler: 'musl-gcc 13.2.1'
      uptime: 147
      totalram: 16434499584
      freeram: 12123721728
      sharedram: 34983936
      bufferram: 107872256
      totalswap: 0
      freeswap: 0
      pagesize: 4096
      cpus: 8
      cpus-online: 8
      ticks-per-second: 100

metrics:
    - stressor: cpu
      bogo-ops: 30659
      bogo-ops-per-second-usr-sys-time: 1532.920798
      bogo-ops-per-second-real-time: 1532.941283
      wall-clock-time: 20.000114
      user-time: 20.000381
      system-time: 0.000000
      cpu-usage-per-instance: 100.001336
      max-rss: 1320

...
