---
system-info:
      stress-ng-version: 0.17.08
      run-by: root
      date-yyyy-mm-dd: 2024:05:31
      time-hh-mm-ss: 22:56:03
      epoch-secs: 1717196163
      hostname: d1976505af13
      sysname: Linux
      nodename: d1976505af13
      release: 6.8.0-1008-aws
      version: '#8-Ubuntu SMP Sat Apr 20 02:43:14 UTC 2024'
      machine: aarch64
      compiler: 'musl-gcc 13.2.1'
      uptime: 763
      totalram: 16434503680
      freeram: 11159597056
      sharedram: 35020800
      bufferram: 79294464
      totalswap: 0
      freeswap: 0
      pagesize: 4096
      cpus: 8
      cpus-online: 8
      ticks-per-second: 100

metrics:
    - stressor: cpu
      bogo-ops: 4267
      bogo-ops-per-second-usr-sys-time: 424.616450
      bogo-ops-per-second-real-time: 424.602279
      wall-clock-time: 10.049404
      user-time: 10.049069
      system-time: 0.000000
      cpu-usage-per-instance: 99.996663
      max-rss: 4008

...
