size_kb,operation,bandwidth_mb_s,latency_ns,latency_stddev_ns,latency_samples,threads,iterations,elapsed_s
16,read,5384971.47,0,0,0,128,624999,0.232127
16,write,3165631.67,0,0,0,128,324675,0.205125
16,copy,2738938.19,0,0,0,128,367647,0.268460
16,latency,0,1.19,0.00,7,1,7,0.085458
64,read,5299080.65,0,0,0,128,362318,0.546990
64,write,3286229.65,0,0,0,128,135869,0.330760
64,copy,2855871.84,0,0,0,128,109170,0.305812
64,latency,0,2.77,0.00,7,1,7,0.706422
256,read,5375754.79,0,0,0,128,73746,0.438984
256,write,3575851.93,0,0,0,128,49212,0.440394
256,copy,2676209.40,0,0,0,128,40453,0.483705
256,latency,0,3.60,0.00,7,1,7,0.707808
512,read,4988824.25,0,0,0,128,47528,0.609721
512,write,3439867.01,0,0,0,128,19334,0.359716
512,copy,2144594.95,0,0,0,128,15375,0.458828
512,latency,0,5.55,0.00,7,1,7,0.651669
1024,read,4063959.65,0,0,0,128,17241,0.543029
1024,write,3199931.87,0,0,0,128,12980,0.519211
1024,copy,1868892.96,0,0,0,128,6219,0.425938
1024,latency,0,7.73,0.01,7,1,7,0.669895
8192,read,384650.05,0,0,0,128,1416,3.769619
8192,write,526840.72,0,0,0,128,831,1.615183
8192,copy,76089.44,0,0,0,128,602,8.101624
8192,latency,0,13.01,0.08,7,1,7,0.746073
16384,read,248227.67,0,0,0,128,1076,8.877528
16384,write,112179.67,0,0,0,128,430,7.850264
16384,copy,66962.77,0,0,0,128,285,8.716486
16384,latency,0,14.05,0.31,7,1,7,0.381060
32768,read,209474.19,0,0,0,128,309,6.042100
32768,write,98056.19,0,0,0,128,208,8.688569
32768,copy,49063.39,0,0,0,128,110,9.183222
32768,latency,0,17.97,0.37,7,1,7,0.687653
65536,read,163834.11,0,0,0,128,130,6.500234
65536,write,71041.69,0,0,0,128,112,12.915008
65536,copy,44141.51,0,0,0,128,50,9.279247
65536,latency,0,67.80,4.50,21,1,21,7.039569
131072,read,150840.44,0,0,0,128,64,6.951558
131072,write,65700.39,0,0,0,128,48,11.969974
131072,copy,42482.06,0,0,0,128,24,9.256049
131072,latency,0,95.20,3.40,7,1,7,8.279182
