BaselineInfo:
  WebDBID: -1
  TimeStamp: 20251218220850
Version:
  Major: 11
  Minor: 0
  Build: 1002
  SpecialBuildName: ""
  ptArchitecture: x86_64_linux
Results:
  Results Complete: true
  NumTestProcesses: 16
  CPU_INTEGER_MATH: 41921.405666666673
  CPU_FLOATINGPOINT_MATH: 26064.690791787725
  CPU_PRIME: 67.193769197842784
  CPU_SORTING: 24386.899903111993
  CPU_ENCRYPTION: 3850.3855411096129
  CPU_COMPRESSION: 194713.52585135269
  CPU_SINGLETHREAD: 1440.594651723166
  CPU_PHYSICS: 915.87408306003101
  CPU_MATRIX_MULT_SSE: 12010.34750289313
  CPU_mm: 1569.6223138407845
  CPU_sse: 6161.8475411204508
  CPU_fma: 16826.632386434201
  CPU_avx: 13042.562581124736
  CPU_avx512: 0
  m_CPU_enc_SHA: 2111660998.4877224
  m_CPU_enc_AES: 8046253724.7092972
  m_CPU_enc_ECDSA: 1954350884.2666407
  ME_ALLOC_S: 6392.4736257101913
  ME_READ_S: 16808.109375
  ME_READ_L: 5470.98681640625
  ME_WRITE: 4536.26904296875
  ME_LARGE: 225526.66666666666
  ME_LATENCY: 81.110718521468939
  ME_THREADED: 23748.892761230469
  SUMM_CPU: 12254.060731036543
  SUMM_ME: 1491.979219400353
SystemInformation:
  OSName: Ubuntu 24.04.2 LTS
  Kernel: 6.8.0-86-generic
  Device: ""
  Processor: Intel Core Processor (Haswell, no TSX)
  NumSockets: 16
  Manufacturer: GenuineIntel
  NumCores: 16
  NumLogicals: 16
  CPUFrequency: 0
  Memory: 235942
  MemModuleInfo:
    iNumMemSticks: 1
    DIMM 1:
      manufacturer: QEMU
      modulePartNo: Not Specified
      memType: RAM
      size: 240000
      clkspeed: 0
      moduleVoltage: 0
Checksum: 7EF30AE303B000219089FF324C91A19338628798