BaselineInfo:
  WebDBID: -1
  TimeStamp: 20250423050816
Version:
  Major: 11
  Minor: 0
  Build: 1002
  SpecialBuildName: ""
  ptArchitecture: aarch64_linux
Results:
  Results Complete: true
  NumTestProcesses: 96
  CPU_INTEGER_MATH: 501427.82033333322
  CPU_FLOATINGPOINT_MATH: 582570.98344324029
  CPU_PRIME: 841.08714432864224
  CPU_SORTING: 434623.59278840572
  CPU_ENCRYPTION: 18185.792464149319
  CPU_COMPRESSION: 638729.676286601
  CPU_SINGLETHREAD: 1947.6598294326693
  CPU_PHYSICS: 19224.003506622121
  CPU_MATRIX_MULT_SSE: 80598.63315959851
  CPU_mm: 10952.486172239485
  CPU_sse: 63360.383730152316
  CPU_fma: 97836.882589044704
  CPU_avx: 0
  CPU_avx512: 0
  m_CPU_enc_SHA: 28688686646.621452
  m_CPU_enc_AES: 10301623738.802076
  m_CPU_enc_ECDSA: 18217246171.239967
  ME_ALLOC_S: 47982.602209227422
  ME_READ_S: 21239.436328125001
  ME_READ_L: 20246.04296875
  ME_WRITE: 21277.689453125
  ME_LARGE: 758029.16666666663
  ME_LATENCY: 46.616360656683661
  ME_THREADED: 505016.8310546875
  SUMM_CPU: 56906.173908198347
  SUMM_ME: 3416.9513273979055
SystemInformation:
  OSName: Ubuntu 24.04.2 LTS
  Kernel: 6.8.0-1027-aws
  Device: ""
  Processor: ARM Neoverse-V2 96 Core 0 MHz
  NumSockets: 1
  Manufacturer: ARM
  NumCores: 96
  NumLogicals: 96
  CPUFrequency: 0
  Memory: 772074
Checksum: 5E14B8B5AFCD4DF3BCDEAFAB52F891DA89C42B30