---
system-info:
      stress-ng-version: 0.17.08
      run-by: root
      date-yyyy-mm-dd: 2024:07:09
      time-hh-mm-ss: 17:53:15
      epoch-secs: 1720547595
      hostname: ip-172-31-6-74
      sysname: Linux
      nodename: ip-172-31-6-74
      release: 6.8.0-1009-aws
      version: '#9-Ubuntu SMP Fri May 17 20:15:49 UTC 2024'
      machine: aarch64
      compiler: 'musl-gcc 13.2.1'
      uptime: 117
      totalram: 265464152064
      freeram: 259951095808
      sharedram: 39518208
      bufferram: 133505024
      totalswap: 0
      freeswap: 0
      pagesize: 4096
      cpus: 32
      cpus-online: 32
      ticks-per-second: 100

metrics:
    - stressor: cpu
      bogo-ops: 1091666
      bogo-ops-per-second-usr-sys-time: 1706.129041
      bogo-ops-per-second-real-time: 54583.134727
      wall-clock-time: 20.000061
      user-time: 639.837616
      system-time: 0.011993
      cpu-usage-per-instance: 99.976199
      max-rss: 1280

...
