BaselineInfo:
  WebDBID: -1
  TimeStamp: 20250421222633
Version:
  Major: 11
  Minor: 0
  Build: 1002
  SpecialBuildName: ""
  ptArchitecture: aarch64_linux
Results:
  Results Complete: true
  NumTestProcesses: 4
  CPU_INTEGER_MATH: 20855.800333333333
  CPU_FLOATINGPOINT_MATH: 24216.704986451958
  CPU_PRIME: 69.722921193899822
  CPU_SORTING: 18504.349611835438
  CPU_ENCRYPTION: 753.25120006970974
  CPU_COMPRESSION: 26470.893457747159
  CPU_SINGLETHREAD: 1944.886940754114
  CPU_PHYSICS: 1351.4404716687386
  CPU_MATRIX_MULT_SSE: 3673.3024184437727
  CPU_mm: 450.55484718008114
  CPU_sse: 2884.0948616786118
  CPU_fma: 4462.5099752089336
  CPU_avx: 0
  CPU_avx512: 0
  m_CPU_enc_SHA: 1188703393.1937437
  m_CPU_enc_AES: 429301410.82097638
  m_CPU_enc_ECDSA: 751518587.07816744
  ME_ALLOC_S: 6055.1099653310948
  ME_READ_S: 18951.334374999999
  ME_READ_L: 19383.212890625
  ME_WRITE: 21221.638671875
  ME_LARGE: 6374.833333333333
  ME_LATENCY: 47.351333048244044
  ME_THREADED: 77292.654296875
  SUMM_CPU: 3949.5094556866893
  SUMM_ME: 2645.9218580687279
SystemInformation:
  OSName: Ubuntu 24.04.2 LTS
  Kernel: 6.8.0-1027-aws
  Device: ""
  Processor: ARM Neoverse-V2 4 Core 0 MHz
  NumSockets: 1
  Manufacturer: ARM
  NumCores: 4
  NumLogicals: 4
  CPUFrequency: 0
  Memory: 15673
Checksum: 20555AB6C5A6F64D4F9416CF3C68F5044DEF401F