BaselineInfo:
  WebDBID: -1
  TimeStamp: 20241108162053
Version:
  Major: 11
  Minor: 0
  Build: 1002
  SpecialBuildName: ""
  ptArchitecture: x86_64_linux
Results:
  Results Complete: true
  NumTestProcesses: 24
  CPU_INTEGER_MATH: 79168.549999999988
  CPU_FLOATINGPOINT_MATH: 42453.538770123108
  CPU_PRIME: 117.9742568661258
  CPU_SORTING: 40503.276705220269
  CPU_ENCRYPTION: 10885.837197811186
  CPU_COMPRESSION: 350515.81873253727
  CPU_SINGLETHREAD: 2118.8856809976019
  CPU_PHYSICS: 2246.9172804613745
  CPU_MATRIX_MULT_SSE: 24585.425981741166
  CPU_mm: 2410.816648310346
  CPU_sse: 8579.8173387363549
  CPU_fma: 28596.75962598098
  CPU_avx: 20195.166875307252
  CPU_avx512: 40969.96008694006
  m_CPU_enc_SHA: 3576577231.1574311
  m_CPU_enc_AES: 27470894008.428429
  m_CPU_enc_ECDSA: 3196411637.0103207
  ME_ALLOC_S: 8890.250334381617
  ME_READ_S: 25404.345703125
  ME_READ_L: 11706.1103515625
  ME_WRITE: 11029.52734375
  ME_LARGE: 36661.416666666664
  ME_LATENCY: 49.885357547348484
  ME_THREADED: 118997.35791015625
  SUMM_CPU: 23788.276483629026
  SUMM_ME: 2769.1493433397536
SystemInformation:
  OSName: Ubuntu 24.04.1 LTS
  Kernel: 6.8.0-1016-aws
  Device: ""
  Processor: Intel Xeon Platinum 8275CL CPU @ 3.00GHz
  NumSockets: 1
  Manufacturer: GenuineIntel
  NumCores: 12
  NumLogicals: 24
  CPUFrequency: 0
  Memory: 47127
  MemModuleInfo:
    iNumMemSticks: 1
    DIMM 1:
      manufacturer: Not Specified
      modulePartNo: Not Specified
      memType: DDR4
      size: 48
      clkspeed: 1466
      moduleVoltage: 0
Checksum: 521DBDDB7E3E727F2598957C95A30209E3E33F19