---
system-info:
      stress-ng-version: 0.17.08
      run-by: root
      date-yyyy-mm-dd: 2024:06:26
      time-hh-mm-ss: 17:36:51
      epoch-secs: 1719423411
      hostname: n4-highcpu-8-05d3957
      sysname: Linux
      nodename: n4-highcpu-8-05d3957
      release: 6.8.0-1009-gcp
      version: '#10-Ubuntu SMP Wed Jun 12 18:52:23 UTC 2024'
      machine: x86_64
      compiler: 'musl-gcc 13.2.1'
      uptime: 113
      totalram: 16764895232
      freeram: 11496316928
      sharedram: 274075648
      bufferram: 123375616
      totalswap: 0
      freeswap: 0
      pagesize: 4096
      cpus: 8
      cpus-online: 8
      ticks-per-second: 100

metrics:
    - stressor: cpu
      bogo-ops: 141679
      bogo-ops-per-second-usr-sys-time: 886.948817
      bogo-ops-per-second-real-time: 7083.919662
      wall-clock-time: 20.000086
      user-time: 159.717527
      system-time: 0.019988
      cpu-usage-per-instance: 99.835519
      max-rss: 1104

...
