---
system-info:
      stress-ng-version: 0.17.08
      run-by: root
      date-yyyy-mm-dd: 2024:06:12
      time-hh-mm-ss: 22:20:05
      epoch-secs: 1718230805
      hostname: 3194da23d910
      sysname: Linux
      nodename: 3194da23d910
      release: 6.8.0-1008-aws
      version: '#8-Ubuntu SMP Sat Apr 20 00:46:25 UTC 2024'
      machine: x86_64
      compiler: 'musl-gcc 13.2.1'
      uptime: 133
      totalram: 10689462272
      freeram: 6385188864
      sharedram: 29200384
      bufferram: 110854144
      totalswap: 0
      freeswap: 0
      pagesize: 4096
      cpus: 4
      cpus-online: 4
      ticks-per-second: 100

metrics:
    - stressor: cpu
      bogo-ops: 73778
      bogo-ops-per-second-usr-sys-time: 927.165284
      bogo-ops-per-second-real-time: 3688.886049
      wall-clock-time: 20.000076
      user-time: 79.563753
      system-time: 0.009977
      cpu-usage-per-instance: 99.466786
      max-rss: 1104

...
