---
system-info:
      stress-ng-version: 0.17.08
      run-by: root
      date-yyyy-mm-dd: 2024:06:05
      time-hh-mm-ss: 23:51:40
      epoch-secs: 1717631500
      hostname: 08c16ddcae4e
      sysname: Linux
      nodename: 08c16ddcae4e
      release: 6.8.0-1008-aws
      version: '#8-Ubuntu SMP Sat Apr 20 00:46:25 UTC 2024'
      machine: x86_64
      compiler: 'musl-gcc 13.2.1'
      uptime: 108
      totalram: 10689454080
      freeram: 6621609984
      sharedram: 29200384
      bufferram: 79732736
      totalswap: 0
      freeswap: 0
      pagesize: 4096
      cpus: 4
      cpus-online: 4
      ticks-per-second: 100

metrics:
    - stressor: cpu
      bogo-ops: 44860
      bogo-ops-per-second-usr-sys-time: 1128.902155
      bogo-ops-per-second-real-time: 4485.334039
      wall-clock-time: 10.001485
      user-time: 39.712742
      system-time: 0.024980
      cpu-usage-per-instance: 99.329557
      max-rss: 3920

...
