BaselineInfo:
  WebDBID: -1
  TimeStamp: 20241107095237
Version:
  Major: 11
  Minor: 0
  Build: 1002
  SpecialBuildName: ""
  ptArchitecture: x86_64_linux
Results:
  Results Complete: true
  NumTestProcesses: 2
  CPU_INTEGER_MATH: 6243.0299999999997
  CPU_FLOATINGPOINT_MATH: 3323.1332322582875
  CPU_PRIME: 13.607966161011685
  CPU_SORTING: 3338.7949329755529
  CPU_ENCRYPTION: 853.71274214541995
  CPU_COMPRESSION: 27979.408991867153
  CPU_SINGLETHREAD: 1938.0480503373333
  CPU_PHYSICS: 300.5434532686516
  CPU_MATRIX_MULT_SSE: 1768.9361898643158
  CPU_mm: 188.82624534057447
  CPU_sse: 681.08348643581303
  CPU_fma: 2240.1523722713837
  CPU_avx: 1583.1238638133425
  CPU_avx512: 2571.3850369367246
  m_CPU_enc_SHA: 279886209.30198967
  m_CPU_enc_AES: 2157508588.9461813
  m_CPU_enc_ECDSA: 248153278.67545635
  ME_ALLOC_S: 729.41164460221523
  ME_READ_S: 24121.841015624999
  ME_READ_L: 11090.345703125
  ME_WRITE: 9987.240234375
  ME_LARGE: 6051
  ME_LATENCY: 49.851553986516727
  ME_THREADED: 12562.50537109375
  SUMM_CPU: 2253.0652158665848
  SUMM_ME: 1752.4870902797879
SystemInformation:
  OSName: Ubuntu 24.04.1 LTS
  Kernel: 6.8.0-1017-azure
  Device: ""
  Processor: Intel Xeon Platinum 8272CL CPU @ 2.60GHz
  NumSockets: 1
  Manufacturer: GenuineIntel
  NumCores: 1
  NumLogicals: 2
  CPUFrequency: 0
  Memory: 15990
  MemModuleInfo:
    iNumMemSticks: 2
    DIMM 1:
      manufacturer: Microsoft Corporation
      modulePartNo: None
      memType: Unknown
      size: 1
      clkspeed: 0
      moduleVoltage: 0
    DIMM 2:
      manufacturer: Microsoft Corporation
      modulePartNo: None
      memType: Unknown
      size: 15
      clkspeed: 0
      moduleVoltage: 0
Checksum: 018425DE4B1382BDE564FE97A5EEE55FDEFB0062