BaselineInfo:
  WebDBID: -1
  TimeStamp: 20251202160141
Version:
  Major: 11
  Minor: 0
  Build: 1002
  SpecialBuildName: ""
  ptArchitecture: x86_64_linux
Results:
  Results Complete: true
  NumTestProcesses: 4
  CPU_INTEGER_MATH: 30551.276333333335
  CPU_FLOATINGPOINT_MATH: 30660.307386683678
  CPU_PRIME: 120.60097652848016
  CPU_SORTING: 18919.703797779337
  CPU_ENCRYPTION: 6345.8965500163667
  CPU_COMPRESSION: 133261.05547905801
  CPU_SINGLETHREAD: 3818.6866184418714
  CPU_PHYSICS: 1857.9707161993683
  CPU_MATRIX_MULT_SSE: 12052.774591389763
  CPU_mm: 1472.6430091024115
  CPU_sse: 4420.9129733044856
  CPU_fma: 17492.931694594201
  CPU_avx: 8900.0431660510494
  CPU_avx512: 17397.210531609318
  m_CPU_enc_SHA: 8821000814.6713333
  m_CPU_enc_AES: 5516831639.3282585
  m_CPU_enc_ECDSA: 5624632008.4902925
  ME_ALLOC_S: 5577.7023812147208
  ME_READ_S: 33942.064843749999
  ME_READ_L: 32583.654296875
  ME_WRITE: 32811.2265625
  ME_LARGE: 1750
  ME_LATENCY: 80.046866916655588
  ME_THREADED: 51059.0390625
  SUMM_CPU: 13625.30225164982
  SUMM_ME: 1825.9427766457077
SystemInformation:
  OSName: Ubuntu 24.04.2 LTS
  Kernel: 6.14.0-1017-aws
  Device: ""
  Processor: AMD EPYC 9R45
  NumSockets: 1
  Manufacturer: AuthenticAMD
  NumCores: 4
  NumLogicals: 4
  CPUFrequency: 0
  Memory: 7758
  MemModuleInfo:
    iNumMemSticks: 1
    DIMM 1:
      manufacturer: Not Specified
      modulePartNo: Not Specified
      memType: DDR5
      size: 8
      clkspeed: 3200
      moduleVoltage: 0
Checksum: C8CA95D94259D91772545C460C199353A90809B4