---
system-info:
      stress-ng-version: 0.17.08
      run-by: root
      date-yyyy-mm-dd: 2024:06:16
      time-hh-mm-ss: 04:23:53
      epoch-secs: 1718511833
      hostname: e4d4f868dd3b
      sysname: Linux
      nodename: e4d4f868dd3b
      release: 6.8.0-1008-aws
      version: '#8-Ubuntu SMP Sat Apr 20 00:46:25 UTC 2024'
      machine: x86_64
      compiler: 'musl-gcc 13.2.1'
      uptime: 154
      totalram: 132919709696
      freeram: 128379232256
      sharedram: 113582080
      bufferram: 110002176
      totalswap: 0
      freeswap: 0
      pagesize: 4096
      cpus: 16
      cpus-online: 16
      ticks-per-second: 100

metrics:
    - stressor: cpu
      bogo-ops: 40332
      bogo-ops-per-second-usr-sys-time: 2016.582153
      bogo-ops-per-second-real-time: 2016.594831
      wall-clock-time: 20.000051
      user-time: 20.000177
      system-time: 0.000000
      cpu-usage-per-instance: 100.000629
      max-rss: 976

...
