---
system-info:
      stress-ng-version: 0.17.08
      run-by: root
      date-yyyy-mm-dd: 2024:06:09
      time-hh-mm-ss: 23:55:20
      epoch-secs: 1717977320
      hostname: 49e468f1e19d
      sysname: Linux
      nodename: 49e468f1e19d
      release: 6.8.0-1008-aws
      version: '#8-Ubuntu SMP Sat Apr 20 00:46:25 UTC 2024'
      machine: x86_64
      compiler: 'musl-gcc 13.2.1'
      uptime: 130
      totalram: 132919705600
      freeram: 128187748352
      sharedram: 113582080
      bufferram: 113684480
      totalswap: 0
      freeswap: 0
      pagesize: 4096
      cpus: 16
      cpus-online: 16
      ticks-per-second: 100

metrics:
    - stressor: cpu
      bogo-ops: 21410
      bogo-ops-per-second-usr-sys-time: 2140.936414
      bogo-ops-per-second-real-time: 2140.939054
      wall-clock-time: 10.000285
      user-time: 10.000297
      system-time: 0.000000
      cpu-usage-per-instance: 100.000123
      max-rss: 3920

...
