BaselineInfo:
  WebDBID: -1
  TimeStamp: 20241108130244
Version:
  Major: 11
  Minor: 0
  Build: 1002
  SpecialBuildName: ""
  ptArchitecture: x86_64_linux
Results:
  Results Complete: true
  NumTestProcesses: 48
  CPU_INTEGER_MATH: 220833.71399999998
  CPU_FLOATINGPOINT_MATH: 121107.83771381613
  CPU_PRIME: 261.61362661890905
  CPU_SORTING: 95910.573595700305
  CPU_ENCRYPTION: 56849.38447770862
  CPU_COMPRESSION: 835974.24481918185
  CPU_SINGLETHREAD: 2642.0502542359968
  CPU_PHYSICS: 3657.5031063409028
  CPU_MATRIX_MULT_SSE: 49097.49249386086
  CPU_mm: 5971.2318352116044
  CPU_sse: 25203.261112655829
  CPU_fma: 67307.400205849684
  CPU_avx: 54781.816163077048
  CPU_avx512: 0
  m_CPU_enc_SHA: 82492293628.985138
  m_CPU_enc_AES: 52757321797.562576
  m_CPU_enc_ECDSA: 43583085107.745651
  ME_ALLOC_S: 17886.108066295215
  ME_READ_S: 26484.638476562501
  ME_READ_L: 17440.041015625
  ME_WRITE: 17390.3671875
  ME_LARGE: 83451.25
  ME_LATENCY: 61.274981341603706
  ME_THREADED: 81090.84375
  SUMM_CPU: 54220.541580274017
  SUMM_ME: 2874.7233923758317
SystemInformation:
  OSName: Ubuntu 24.04.1 LTS
  Kernel: 6.8.0-1016-aws
  Device: ""
  Processor: AMD EPYC 7R13 Processor
  NumSockets: 1
  Manufacturer: AuthenticAMD
  NumCores: 24
  NumLogicals: 48
  CPUFrequency: 0
  Memory: 94492
  MemModuleInfo:
    iNumMemSticks: 1
    DIMM 1:
      manufacturer: Not Specified
      modulePartNo: Not Specified
      memType: DDR4
      size: 96
      clkspeed: 1466
      moduleVoltage: 0
Checksum: D46E5CA1E41B82AF313DD5D0750D465C9ED849A2