BaselineInfo:
  WebDBID: -1
  TimeStamp: 20250526232830
Version:
  Major: 11
  Minor: 0
  Build: 1002
  SpecialBuildName: ""
  ptArchitecture: x86_64_linux
Results:
  Results Complete: true
  NumTestProcesses: 6
  CPU_INTEGER_MATH: 31900.016000000003
  CPU_FLOATINGPOINT_MATH: 22622.094202485419
  CPU_PRIME: 64.795600198841612
  CPU_SORTING: 16130.074165473412
  CPU_ENCRYPTION: 7065.9973413555545
  CPU_COMPRESSION: 118484.21061684204
  CPU_SINGLETHREAD: 3246.8374720446714
  CPU_PHYSICS: 1549.5696635693234
  CPU_MATRIX_MULT_SSE: 9230.7953965994329
  CPU_mm: 902.74097324818001
  CPU_sse: 3910.3375941658142
  CPU_fma: 10472.582739825137
  CPU_avx: 7963.4188292860836
  CPU_avx512: 14576.842423120701
  m_CPU_enc_SHA: 7422601640.2012281
  m_CPU_enc_AES: 9668515819.8085194
  m_CPU_enc_ECDSA: 5136588224.61798
  ME_ALLOC_S: 3756.0759538009679
  ME_READ_S: 27816.3271484375
  ME_READ_L: 7477.3642578125
  ME_WRITE: 6782.48876953125
  ME_LARGE: 497807
  ME_LATENCY: 97.838431221025417
  ME_THREADED: 34119.72216796875
  SUMM_CPU: 12092.68582164474
  SUMM_ME: 1696.2641147139589
SystemInformation:
  OSName: Ubuntu 24.04.2 LTS
  Kernel: 6.11.0-1015-azure
  Device: ""
  Processor: INTEL XEON PLATINUM 8573C
  NumSockets: 1
  Manufacturer: GenuineIntel
  NumCores: 3
  NumLogicals: 6
  CPUFrequency: 2300
  Memory: 507729
  MemModuleInfo:
    iNumMemSticks: 3
    DIMM 1:
      manufacturer: Microsoft Corporation
      modulePartNo: None
      memType: Unknown
      size: 1
      clkspeed: 0
      moduleVoltage: 0
    DIMM 2:
      manufacturer: Microsoft Corporation
      modulePartNo: None
      memType: Unknown
      size: 59
      clkspeed: 0
      moduleVoltage: 0
    DIMM 3:
      manufacturer: Microsoft Corporation
      modulePartNo: None
      memType: Unknown
      size: 444
      clkspeed: 0
      moduleVoltage: 0
Checksum: 2DD37E63A22205DEBB52712DF48F3D66DC1BC0D7