size_kb,operation,bandwidth_mb_s,latency_ns,latency_stddev_ns,latency_samples,threads,iterations,elapsed_s
32,read,7748792.48,0,0,0,192,470809,0.364554
32,write,4715778.55,0,0,0,192,335570,0.426954
32,copy,3931167.99,0,0,0,192,212584,0.324459
32,latency,0,1.32,0.03,7,1,7,0.192261
128,read,7620821.68,0,0,0,192,130753,0.411776
128,write,4702071.48,0,0,0,192,98347,0.501976
128,copy,3633441.42,0,0,0,192,80231,0.529950
128,latency,0,3.63,0.02,7,1,7,0.593169
1024,read,3233057.95,0,0,0,192,17339,1.029703
1024,write,2656928.27,0,0,0,192,12355,0.892820
1024,copy,496410.03,0,0,0,192,5085,1.966761
1024,latency,0,6.55,0.04,7,1,7,0.588274
2048,read,1013196.16,0,0,0,192,4269,1.617945
2048,write,802705.78,0,0,0,192,3164,1.513601
2048,copy,233229.78,0,0,0,192,1005,1.654677
2048,latency,0,10.95,0.09,7,1,7,0.603762
4096,read,756046.92,0,0,0,192,1139,1.157008
4096,write,294471.37,0,0,0,192,756,1.971696
4096,copy,149986.49,0,0,0,192,380,1.945775
4096,latency,0,24.09,0.04,7,1,7,0.692025
32768,read,455882.15,0,0,0,192,76,1.024265
32768,write,246604.06,0,0,0,192,57,1.420123
32768,copy,135167.65,0,0,0,192,36,1.636368
32768,latency,0,34.98,0.09,7,1,7,0.804401
65536,read,450317.21,0,0,0,192,43,1.173360
65536,write,245292.57,0,0,0,192,32,1.603049
65536,copy,134006.52,0,0,0,192,18,1.650547
65536,latency,0,37.55,0.11,7,1,7,1.727420
131072,read,447404.12,0,0,0,192,22,1.208465
131072,write,245102.43,0,0,0,192,15,1.504024
131072,copy,129332.93,0,0,0,192,9,1.710191
131072,latency,0,67.29,0.24,7,1,7,5.989759
262144,read,422443.51,0,0,0,192,11,1.279868
262144,write,227055.01,0,0,0,192,7,1.515333
262144,copy,126634.77,0,0,0,192,4,1.552559
262144,latency,0,103.71,0.13,7,1,7,18.133493
524288,read,424807.38,0,0,0,192,5,1.157042
524288,write,236169.21,0,0,0,192,3,1.248732
524288,copy,133510.56,0,0,0,96,3,1.104452
524288,latency,0,117.65,0.02,7,1,7,41.101500
