---
system-info:
      stress-ng-version: 0.17.08
      run-by: root
      date-yyyy-mm-dd: 2024:06:07
      time-hh-mm-ss: 15:25:31
      epoch-secs: 1717773931
      hostname: 2c433776e349
      sysname: Linux
      nodename: 2c433776e349
      release: 6.8.0-1008-aws
      version: '#8-Ubuntu SMP Sat Apr 20 02:43:14 UTC 2024'
      machine: aarch64
      compiler: 'musl-gcc 13.2.1'
      uptime: 177
      totalram: 132652302336
      freeram: 128040079360
      sharedram: 34979840
      bufferram: 91541504
      totalswap: 0
      freeswap: 0
      pagesize: 4096
      cpus: 32
      cpus-online: 32
      ticks-per-second: 100

metrics:
    - stressor: cpu
      bogo-ops: 2940
      bogo-ops-per-second-usr-sys-time: 292.653618
      bogo-ops-per-second-real-time: 292.658759
      wall-clock-time: 10.045830
      user-time: 10.046006
      system-time: 0.000000
      cpu-usage-per-instance: 100.001757
      max-rss: 3840

...
