---
system-info:
      stress-ng-version: 0.17.08
      run-by: root
      date-yyyy-mm-dd: 2024:06:14
      time-hh-mm-ss: 14:24:18
      epoch-secs: 1718375058
      hostname: 3d06ab42ba17
      sysname: Linux
      nodename: 3d06ab42ba17
      release: 6.8.0-1008-aws
      version: '#8-Ubuntu SMP Sat Apr 20 02:43:14 UTC 2024'
      machine: aarch64
      compiler: 'musl-gcc 13.2.1'
      uptime: 190
      totalram: 132652306432
      freeram: 127997730816
      sharedram: 34979840
      bufferram: 108806144
      totalswap: 0
      freeswap: 0
      pagesize: 4096
      cpus: 32
      cpus-online: 32
      ticks-per-second: 100

metrics:
    - stressor: cpu
      bogo-ops: 30392
      bogo-ops-per-second-usr-sys-time: 1519.577586
      bogo-ops-per-second-real-time: 1519.592555
      wall-clock-time: 20.000098
      user-time: 20.000295
      system-time: 0.000000
      cpu-usage-per-instance: 100.000985
      max-rss: 1024

...
