---
system-info:
      stress-ng-version: 0.17.08
      run-by: root
      date-yyyy-mm-dd: 2024:06:14
      time-hh-mm-ss: 18:56:23
      epoch-secs: 1718391383
      hostname: 0940edb7aa9b
      sysname: Linux
      nodename: 0940edb7aa9b
      release: 6.8.0-1008-aws
      version: '#8-Ubuntu SMP Sat Apr 20 00:46:25 UTC 2024'
      machine: x86_64
      compiler: 'musl-gcc 13.2.1'
      uptime: 195
      totalram: 8158908416
      freeram: 3878293504
      sharedram: 11628544
      bufferram: 110014464
      totalswap: 0
      freeswap: 0
      pagesize: 4096
      cpus: 2
      cpus-online: 2
      ticks-per-second: 100

metrics:
    - stressor: cpu
      bogo-ops: 11801
      bogo-ops-per-second-usr-sys-time: 590.123618
      bogo-ops-per-second-real-time: 590.043381
      wall-clock-time: 20.000224
      user-time: 19.996506
      system-time: 0.000999
      cpu-usage-per-instance: 99.986403
      max-rss: 1104

...
