---
system-info:
      stress-ng-version: 0.17.08
      run-by: root
      date-yyyy-mm-dd: 2024:06:08
      time-hh-mm-ss: 12:33:54
      epoch-secs: 1717850034
      hostname: 48f88fb90ed9
      sysname: Linux
      nodename: 48f88fb90ed9
      release: 6.8.0-1008-aws
      version: '#8-Ubuntu SMP Sat Apr 20 00:46:25 UTC 2024'
      machine: x86_64
      compiler: 'musl-gcc 13.2.1'
      uptime: 165
      totalram: 8158912512
      freeram: 3873001472
      sharedram: 11628544
      bufferram: 103604224
      totalswap: 0
      freeswap: 0
      pagesize: 4096
      cpus: 2
      cpus-online: 2
      ticks-per-second: 100

metrics:
    - stressor: cpu
      bogo-ops: 9816
      bogo-ops-per-second-usr-sys-time: 981.622774
      bogo-ops-per-second-real-time: 981.281142
      wall-clock-time: 10.003249
      user-time: 9.996769
      system-time: 0.002999
      cpu-usage-per-instance: 99.965197
      max-rss: 4048

...
