---
system-info:
      stress-ng-version: 0.17.08
      run-by: root
      date-yyyy-mm-dd: 2024:07:02
      time-hh-mm-ss: 16:37:24
      epoch-secs: 1719938244
      hostname: c2-standard-30-7d49b04
      sysname: Linux
      nodename: c2-standard-30-7d49b04
      release: 6.8.0-1009-gcp
      version: '#10-Ubuntu SMP Wed Jun 12 18:52:23 UTC 2024'
      machine: x86_64
      compiler: 'musl-gcc 13.2.1'
      uptime: 157
      totalram: 126606848000
      freeram: 121132441600
      sharedram: 27594752
      bufferram: 127823872
      totalswap: 0
      freeswap: 0
      pagesize: 4096
      cpus: 30
      cpus-online: 30
      ticks-per-second: 100

metrics:
    - stressor: cpu
      bogo-ops: 615342
      bogo-ops-per-second-usr-sys-time: 1026.227115
      bogo-ops-per-second-real-time: 30766.963537
      wall-clock-time: 20.000089
      user-time: 599.588822
      system-time: 0.026985
      cpu-usage-per-instance: 99.935525
      max-rss: 972

...
