---
system-info:
      stress-ng-version: 0.17.08
      run-by: root
      date-yyyy-mm-dd: 2024:09:12
      time-hh-mm-ss: 02:56:39
      epoch-secs: 1726109799
      hostname: ip-172-31-38-181
      sysname: Linux
      nodename: ip-172-31-38-181
      release: 6.8.0-1014-aws
      version: '#15-Ubuntu SMP Thu Aug  8 19:13:06 UTC 2024'
      machine: x86_64
      compiler: 'musl-gcc 13.2.1'
      uptime: 239
      totalram: 1031029895168
      freeram: 1022126899200
      sharedram: 48623616
      bufferram: 222932992
      totalswap: 0
      freeswap: 0
      pagesize: 4096
      cpus: 32
      cpus-online: 32
      ticks-per-second: 100

metrics:
    - stressor: cpu
      bogo-ops: 14682
      bogo-ops-per-second-usr-sys-time: 734.119564
      bogo-ops-per-second-real-time: 734.095791
      wall-clock-time: 20.000115
      user-time: 19.998468
      system-time: 0.000999
      cpu-usage-per-instance: 99.996762
      max-rss: 776

...
