BaselineInfo:
  WebDBID: -1
  TimeStamp: 20251008040034
Version:
  Major: 11
  Minor: 0
  Build: 1002
  SpecialBuildName: ""
  ptArchitecture: x86_64_linux
Results:
  Results Complete: true
  NumTestProcesses: 2
  CPU_INTEGER_MATH: 15253.663666666667
  CPU_FLOATINGPOINT_MATH: 15306.50625427701
  CPU_PRIME: 59.991619040756206
  CPU_SORTING: 9096.762879704449
  CPU_ENCRYPTION: 3185.193609878731
  CPU_COMPRESSION: 66701.376164202477
  CPU_SINGLETHREAD: 3808.3751194211127
  CPU_PHYSICS: 994.35835800970801
  CPU_MATRIX_MULT_SSE: 5859.7641653355067
  CPU_mm: 737.43295296209567
  CPU_sse: 2213.342120085641
  CPU_fma: 8757.7786046073707
  CPU_avx: 4460.5311695022056
  CPU_avx512: 8007.4047671468106
  m_CPU_enc_SHA: 4416895703.575634
  m_CPU_enc_AES: 2760852522.5132856
  m_CPU_enc_ECDSA: 2842004497.9276805
  ME_ALLOC_S: 2868.689416702327
  ME_READ_S: 33959.051562499997
  ME_READ_L: 32632.919921875
  ME_WRITE: 33087.3203125
  ME_LARGE: 1104.3333333333333
  ME_LATENCY: 81.643078950053734
  ME_THREADED: 52505.201171875
  SUMM_CPU: 6942.4183604539567
  SUMM_ME: 1494.9675181881921
SystemInformation:
  OSName: Ubuntu 24.04.2 LTS
  Kernel: 6.14.0-1014-aws
  Device: ""
  Processor: AMD EPYC 9R45
  NumSockets: 1
  Manufacturer: AuthenticAMD
  NumCores: 2
  NumLogicals: 2
  CPUFrequency: 0
  Memory: 7758
  MemModuleInfo:
    iNumMemSticks: 1
    DIMM 1:
      manufacturer: Not Specified
      modulePartNo: Not Specified
      memType: DDR5
      size: 8
      clkspeed: 3200
      moduleVoltage: 0
Checksum: C74095713DF64CE2EB4A0CBDC54BD0BE8BF05922