BaselineInfo:
  WebDBID: -1
  TimeStamp: 20241107062142
Version:
  Major: 11
  Minor: 0
  Build: 1002
  SpecialBuildName: ""
  ptArchitecture: aarch64_linux
Results:
  Results Complete: true
  NumTestProcesses: 4
  CPU_INTEGER_MATH: 15750.734666666667
  CPU_FLOATINGPOINT_MATH: 11958.710629176559
  CPU_PRIME: 33.759112326392085
  CPU_SORTING: 11401.747750822537
  CPU_ENCRYPTION: 540.74551740854008
  CPU_COMPRESSION: 18514.817421135147
  CPU_SINGLETHREAD: 1110.8272087229111
  CPU_PHYSICS: 651.16267031676523
  CPU_MATRIX_MULT_SSE: 2486.5323101051517
  CPU_mm: 415.97836659783081
  CPU_sse: 2081.2591307224679
  CPU_fma: 2891.805489487836
  CPU_avx: 0
  CPU_avx512: 0
  m_CPU_enc_SHA: 802683265.1985234
  m_CPU_enc_AES: 375645097.15784383
  m_CPU_enc_ECDSA: 522709952.6301645
  ME_ALLOC_S: 2607.6956339938638
  ME_READ_S: 9485.572265625
  ME_READ_L: 9220.103515625
  ME_WRITE: 12555.9912109375
  ME_LARGE: 898.91666666666663
  ME_LATENCY: 72.037090199576028
  ME_THREADED: 36560.78125
  SUMM_CPU: 2694.3196441123773
  SUMM_ME: 1054.8800701659586
SystemInformation:
  OSName: Ubuntu 24.04.1 LTS
  Kernel: 6.8.0-1016-aws
  Device: ""
  Processor: ARM Neoverse-N1 4 Core 0 MHz
  NumSockets: 1
  Manufacturer: ARM
  NumCores: 4
  NumLogicals: 4
  CPUFrequency: 0
  Memory: 7763
Checksum: 60E898F4700718F81DDFED49944BE28C14FB8C6A