---
system-info:
      stress-ng-version: 0.17.08
      run-by: root
      date-yyyy-mm-dd: 2024:09:15
      time-hh-mm-ss: 18:27:23
      epoch-secs: 1726424843
      hostname: sc-runner
      sysname: Linux
      nodename: sc-runner
      release: 6.8.0-1014-azure
      version: '#16-Ubuntu SMP Thu Aug 15 20:04:41 UTC 2024'
      machine: x86_64
      compiler: 'musl-gcc 13.2.1'
      uptime: 397
      totalram: 4102078464
      freeram: 242122752
      sharedram: 42037248
      bufferram: 199630848
      totalswap: 0
      freeswap: 0
      pagesize: 4096
      cpus: 2
      cpus-online: 2
      ticks-per-second: 100

metrics:
    - stressor: cpu
      bogo-ops: 24923
      bogo-ops-per-second-usr-sys-time: 1246.450208
      bogo-ops-per-second-real-time: 1246.145083
      wall-clock-time: 20.000079
      user-time: 19.992184
      system-time: 0.002999
      cpu-usage-per-instance: 99.975521
      max-rss: 976

...
