---
system-info:
      stress-ng-version: 0.17.08
      run-by: root
      date-yyyy-mm-dd: 2024:09:16
      time-hh-mm-ss: 14:45:48
      epoch-secs: 1726497948
      hostname: sc-runner
      sysname: Linux
      nodename: sc-runner
      release: 6.8.0-1014-azure
      version: '#16-Ubuntu SMP Thu Aug 15 20:04:41 UTC 2024'
      machine: x86_64
      compiler: 'musl-gcc 13.2.1'
      uptime: 278
      totalram: 67422384128
      freeram: 57222365184
      sharedram: 54935552
      bufferram: 228040704
      totalswap: 0
      freeswap: 0
      pagesize: 4096
      cpus: 8
      cpus-online: 8
      ticks-per-second: 100

metrics:
    - stressor: cpu
      bogo-ops: 154514
      bogo-ops-per-second-usr-sys-time: 967.786951
      bogo-ops-per-second-real-time: 7725.660548
      wall-clock-time: 20.000102
      user-time: 159.638024
      system-time: 0.019016
      cpu-usage-per-instance: 99.785140
      max-rss: 3124

...
