BaselineInfo:
  WebDBID: -1
  TimeStamp: 20251216192115
Version:
  Major: 11
  Minor: 0
  Build: 1002
  SpecialBuildName: ""
  ptArchitecture: x86_64_linux
Results:
  Results Complete: true
  NumTestProcesses: 16
  CPU_INTEGER_MATH: 70906.398333333331
  CPU_FLOATINGPOINT_MATH: 55243.516199154037
  CPU_PRIME: 180.90960741089467
  CPU_SORTING: 43042.129496067486
  CPU_ENCRYPTION: 9121.5944949586701
  CPU_COMPRESSION: 359229.17956679524
  CPU_SINGLETHREAD: 2222.8319379606287
  CPU_PHYSICS: 2427.1671140278295
  CPU_MATRIX_MULT_SSE: 23897.978536350638
  CPU_mm: 3232.1411152667165
  CPU_sse: 12088.436994378126
  CPU_fma: 35806.925546262937
  CPU_avx: 23798.573068410846
  CPU_avx512: 0
  m_CPU_enc_SHA: 5006991136.6275072
  m_CPU_enc_AES: 19296796745.521812
  m_CPU_enc_ECDSA: 4390267325.2880239
  ME_ALLOC_S: 10442.31019443761
  ME_READ_S: 26109.482226562501
  ME_READ_L: 6847.17822265625
  ME_WRITE: 7835.10986328125
  ME_LARGE: 46453.333333333336
  ME_LATENCY: 77.592388976631966
  ME_THREADED: 106314.53125
  SUMM_CPU: 24191.726650975274
  SUMM_ME: 1967.0298068709258
SystemInformation:
  OSName: Ubuntu 24.04.2 LTS
  Kernel: 6.8.0-86-generic
  Device: ""
  Processor: Intel Core Processor (Haswell, no TSX)
  NumSockets: 16
  Manufacturer: GenuineIntel
  NumCores: 16
  NumLogicals: 16
  CPUFrequency: 0
  Memory: 58850
  MemModuleInfo:
    iNumMemSticks: 1
    DIMM 1:
      manufacturer: QEMU
      modulePartNo: Not Specified
      memType: RAM
      size: 60000
      clkspeed: 0
      moduleVoltage: 0
Checksum: 95B3CC88435B269777562C14828B2BF8AA6C37BD