BaselineInfo:
  WebDBID: -1
  TimeStamp: 20260618205200
Version:
  Major: 11
  Minor: 0
  Build: 1004
  SpecialBuildName: ""
  ptArchitecture: x86_64_linux
Results:
  Results Complete: true
  NumTestProcesses: 32
  CPU_INTEGER_MATH: 93453.442333333383
  CPU_FLOATINGPOINT_MATH: 50208.184950591203
  CPU_PRIME: 135.73428692681833
  CPU_SORTING: 56376.842164539281
  CPU_ENCRYPTION: 12932.222619803266
  CPU_COMPRESSION: 431669.62928998616
  CPU_SINGLETHREAD: 1962.9739766631897
  CPU_PHYSICS: 2290.6497483596686
  CPU_MATRIX_MULT_SSE: 26407.917562787137
  CPU_mm: 2850.2340741009593
  CPU_sse: 10100.253307481102
  CPU_fma: 31458.105363311755
  CPU_avx: 22244.455693454944
  CPU_avx512: 41828.855886900725
  m_CPU_enc_SHA: 4228084735.0347362
  m_CPU_enc_AES: 32626735181.642204
  m_CPU_enc_ECDSA: 3826434880.6715665
  ME_ALLOC_S: 10887.585860802388
  ME_READ_S: 22671.6328125
  ME_READ_L: 9782.54296875
  ME_WRITE: 9572.62890625
  ME_LARGE: 116767.66666666667
  ME_LATENCY: 53.926529487234994
  ME_THREADED: 108045.95556640625
  SUMM_CPU: 27100.227970893746
  SUMM_ME: 2522.2218558163845
SystemInformation:
  OSName: Ubuntu 24.04.4 LTS
  Kernel: 6.8.0-117-generic
  Device: ""
  Processor: Intel(R) Xeon(R) Platinum 8269CY CPU @ 2.50GHz
  NumSockets: 1
  Manufacturer: GenuineIntel
  NumCores: 16
  NumLogicals: 32
  CPUFrequency: 0
  CPUMaxFrequency: 0
  Memory: 126244
  CPUInfo:
    number: 1
    Family: 6
    Model: 5
    stepping: 7
    features: 529267711
    manufacture: GenuineIntel
    typestring: Intel(R) Xeon(R) Platinum 8269CY CPU @ 2.50GHz
    iCoresPerPackage: 16
    iThreadsPerPackage: 2
    featuresEx:
      - 529267711
      - 4277809667
      - 739248128
    bHybrid: false
    nPCore: 0
    nLogicalsPerPCore: 0
    nECore: 0
    nLogicalsPerECore: 0
  MemModuleInfo:
    iNumMemSticks: 8
    DIMM 1:
      manufacturer: Alibaba Cloud
      modulePartNo: Not Specified
      memType: RAM
      size: 16
      clkspeed: 0
      moduleVoltage: 0
    DIMM 2:
      manufacturer: Alibaba Cloud
      modulePartNo: Not Specified
      memType: RAM
      size: 16
      clkspeed: 0
      moduleVoltage: 0
    DIMM 3:
      manufacturer: Alibaba Cloud
      modulePartNo: Not Specified
      memType: RAM
      size: 16
      clkspeed: 0
      moduleVoltage: 0
    DIMM 4:
      manufacturer: Alibaba Cloud
      modulePartNo: Not Specified
      memType: RAM
      size: 16
      clkspeed: 0
      moduleVoltage: 0
    DIMM 5:
      manufacturer: Alibaba Cloud
      modulePartNo: Not Specified
      memType: RAM
      size: 16
      clkspeed: 0
      moduleVoltage: 0
    DIMM 6:
      manufacturer: Alibaba Cloud
      modulePartNo: Not Specified
      memType: RAM
      size: 16
      clkspeed: 0
      moduleVoltage: 0
    DIMM 7:
      manufacturer: Alibaba Cloud
      modulePartNo: Not Specified
      memType: RAM
      size: 16
      clkspeed: 0
      moduleVoltage: 0
    DIMM 8:
      manufacturer: Alibaba Cloud
      modulePartNo: Not Specified
      memType: RAM
      size: 16
      clkspeed: 0
      moduleVoltage: 0
Checksum: CDC75F5DD0668E3B6961CB860DED00320845CAED