BaselineInfo:
  WebDBID: -1
  TimeStamp: 20260404155015
Version:
  Major: 11
  Minor: 0
  Build: 1004
  SpecialBuildName: ""
  ptArchitecture: x86_64_linux
Results:
  Results Complete: true
  NumTestProcesses: 16
  CPU_INTEGER_MATH: 67435.32666666666
  CPU_FLOATINGPOINT_MATH: 34482.560641057731
  CPU_PRIME: 132.58982295573583
  CPU_SORTING: 35026.368755350355
  CPU_ENCRYPTION: 14642.296762954857
  CPU_COMPRESSION: 246381.90625904597
  CPU_SINGLETHREAD: 2368.2497519360904
  CPU_PHYSICS: 2246.5499678612332
  CPU_MATRIX_MULT_SSE: 14128.608988316375
  CPU_mm: 1452.7506191854909
  CPU_sse: 6390.9553929160229
  CPU_fma: 17530.511034970015
  CPU_avx: 12974.202855241718
  CPU_avx512: 19618.766670137749
  m_CPU_enc_SHA: 14794138496.370964
  m_CPU_enc_AES: 22227711334.254089
  m_CPU_enc_ECDSA: 9038833080.9113922
  ME_ALLOC_S: 7532.0721875998715
  ME_READ_S: 24327.937890624999
  ME_READ_L: 10693.927734375
  ME_WRITE: 9899.6123046875
  ME_LARGE: 7511.416666666667
  ME_LATENCY: 60.316968135709828
  ME_THREADED: 87270.6162109375
  SUMM_CPU: 21125.846376083849
  SUMM_ME: 2243.2513290203747
SystemInformation:
  OSName: Ubuntu 24.04.4 LTS
  Kernel: 6.8.0-106-generic
  Device: ""
  Processor: Intel(R) Xeon(R) Platinum 8369B CPU @ 2.70GHz
  NumSockets: 1
  Manufacturer: GenuineIntel
  NumCores: 8
  NumLogicals: 16
  CPUFrequency: 0
  CPUMaxFrequency: 0
  Memory: 14562
  CPUInfo:
    number: 1
    Family: 6
    Model: 10
    stepping: 6
    features: 529267711
    manufacture: GenuineIntel
    typestring: Intel(R) Xeon(R) Platinum 8369B CPU @ 2.70GHz
    iCoresPerPackage: 8
    iThreadsPerPackage: 2
    featuresEx:
      - 529267711
      - 4277809667
      - 739248128
    bHybrid: false
    nPCore: 0
    nLogicalsPerPCore: 0
    nECore: 0
    nLogicalsPerECore: 0
  MemModuleInfo:
    iNumMemSticks: 1
    DIMM 1:
      manufacturer: Alibaba Cloud
      modulePartNo: Not Specified
      memType: RAM
      size: 16
      clkspeed: 0
      moduleVoltage: 0
Checksum: F82E487331AABACC48FEEB4108323826B240FC14