size_kb,operation,bandwidth_mb_s,latency_ns,latency_stddev_ns,latency_samples,threads,iterations,elapsed_s
32,read,284631.70,0,0,0,8,413907,0.363546
32,write,249690.13,0,0,0,8,233644,0.233934
32,copy,182346.83,0,0,0,8,266524,0.365408
32,latency,0,1.56,0.01,7,1,7,0.226933
128,read,283534.04,0,0,0,8,97200,0.342816
128,write,251205.33,0,0,0,8,110619,0.440353
128,copy,182589.79,0,0,0,8,71674,0.392541
128,latency,0,4.33,0.00,7,1,7,0.630697
512,read,275482.13,0,0,0,8,29972,0.435193
512,write,237097.98,0,0,0,8,30022,0.506491
512,copy,63440.49,0,0,0,8,13742,0.866450
512,latency,0,6.27,0.01,7,1,7,0.637821
1024,read,129674.73,0,0,0,8,10286,0.634572
1024,write,121528.93,0,0,0,8,12941,0.851879
1024,copy,58506.04,0,0,0,8,4513,0.617099
1024,latency,0,7.33,0.01,7,1,7,0.595903
2048,read,119477.82,0,0,0,8,3385,0.453306
2048,write,111627.33,0,0,0,8,3720,0.533203
2048,copy,56365.46,0,0,0,8,1752,0.497326
2048,latency,0,15.25,0.02,7,1,7,0.682162
16384,read,59345.27,0,0,0,8,219,0.472354
16384,write,40942.96,0,0,0,8,193,0.603376
16384,copy,26245.33,0,0,0,8,112,0.546231
16384,latency,0,21.49,0.42,7,1,7,0.734390
32768,read,55151.57,0,0,0,8,110,0.510593
32768,write,38155.40,0,0,0,8,95,0.637393
32768,copy,25879.21,0,0,0,8,54,0.534174
32768,latency,0,43.25,1.39,7,1,7,1.057509
65536,read,54917.82,0,0,0,8,55,0.512766
65536,write,38091.94,0,0,0,8,45,0.604852
65536,copy,25697.37,0,0,0,8,26,0.518030
65536,latency,0,77.91,3.22,7,1,7,3.509357
131072,read,54719.59,0,0,0,8,25,0.467840
131072,write,37975.38,0,0,0,8,21,0.566262
131072,copy,25465.60,0,0,0,8,13,0.522744
131072,latency,0,95.36,0.72,7,1,7,8.370048
262144,read,54752.73,0,0,0,8,13,0.486259
262144,write,37612.05,0,0,0,8,10,0.544506
262144,copy,25567.33,0,0,0,8,6,0.480613
262144,latency,0,101.23,0.91,7,1,7,17.905945
