BaselineInfo:
  WebDBID: -1
  TimeStamp: 20260611123753
Version:
  Major: 11
  Minor: 0
  Build: 1004
  SpecialBuildName: ""
  ptArchitecture: aarch64_linux
Results:
  Results Complete: true
  NumTestProcesses: 4
  CPU_INTEGER_MATH: 24503.851333333332
  CPU_FLOATINGPOINT_MATH: 30621.195504694966
  CPU_PRIME: 83.782764047812279
  CPU_SORTING: 21622.437989464706
  CPU_ENCRYPTION: 1191.6289075320797
  CPU_COMPRESSION: 37305.385798438074
  CPU_SINGLETHREAD: 2467.8845871483609
  CPU_PHYSICS: 1705.0325635788006
  CPU_MATRIX_MULT_SSE: 5378.534126689503
  CPU_mm: 537.71038440682798
  CPU_sse: 4274.5207812783465
  CPU_fma: 6482.5474721006594
  CPU_avx: 0
  CPU_avx512: 0
  m_CPU_enc_SHA: 2032793838.5126057
  m_CPU_enc_AES: 553893104.52039516
  m_CPU_enc_ECDSA: 1161853477.0000727
  ME_ALLOC_S: 7983.1250849354046
  ME_READ_S: 24903.849804687499
  ME_READ_L: 24572.830078125
  ME_WRITE: 24946.57421875
  ME_LARGE: 7661.5
  ME_LATENCY: 26.474942781949306
  ME_THREADED: 95988.00390625
  SUMM_CPU: 5631.8392012576278
  SUMM_ME: 3745.6218066298752
SystemInformation:
  OSName: Ubuntu 24.04.4 LTS
  Kernel: 6.17.0-1017-aws
  Device: ""
  Processor: ARM Neoverse-V3 4 Core 0 MHz
  NumSockets: 1
  Manufacturer: ARM
  NumCores: 4
  NumLogicals: 4
  CPUFrequency: 0
  CPUMaxFrequency: 0
  Memory: 15635
Checksum: 0F8DF415DC01C484C065703495C1FBD8E347E4A9