---
system-info:
      stress-ng-version: 0.17.08
      run-by: root
      date-yyyy-mm-dd: 2024:06:05
      time-hh-mm-ss: 05:50:47
      epoch-secs: 1717566647
      hostname: e6eaa7aaa133
      sysname: Linux
      nodename: e6eaa7aaa133
      release: 6.8.0-1008-aws
      version: '#8-Ubuntu SMP Sat Apr 20 00:46:25 UTC 2024'
      machine: x86_64
      compiler: 'musl-gcc 13.2.1'
      uptime: 144
      totalram: 7795359744
      freeram: 3736690688
      sharedram: 27557888
      bufferram: 77619200
      totalswap: 0
      freeswap: 0
      pagesize: 4096
      cpus: 4
      cpus-online: 4
      ticks-per-second: 100

metrics:
    - stressor: cpu
      bogo-ops: 40774
      bogo-ops-per-second-usr-sys-time: 1029.807411
      bogo-ops-per-second-real-time: 4076.642804
      wall-clock-time: 10.001857
      user-time: 39.580806
      system-time: 0.013005
      cpu-usage-per-instance: 98.966146
      max-rss: 4048

...
