---
system-info:
      stress-ng-version: 0.17.08
      run-by: root
      date-yyyy-mm-dd: 2024:06:14
      time-hh-mm-ss: 02:23:41
      epoch-secs: 1718331821
      hostname: 12ac8580683d
      sysname: Linux
      nodename: 12ac8580683d
      release: 6.8.0-1008-aws
      version: '#8-Ubuntu SMP Sat Apr 20 00:46:25 UTC 2024'
      machine: x86_64
      compiler: 'musl-gcc 13.2.1'
      uptime: 153
      totalram: 7795351552
      freeram: 3473993728
      sharedram: 27557888
      bufferram: 107671552
      totalswap: 0
      freeswap: 0
      pagesize: 4096
      cpus: 4
      cpus-online: 4
      ticks-per-second: 100

metrics:
    - stressor: cpu
      bogo-ops: 66637
      bogo-ops-per-second-usr-sys-time: 838.997018
      bogo-ops-per-second-real-time: 3331.830022
      wall-clock-time: 20.000120
      user-time: 79.412655
      system-time: 0.011942
      cpu-usage-per-instance: 99.280151
      max-rss: 1104

...
