---
system-info:
      stress-ng-version: 0.17.08
      run-by: root
      date-yyyy-mm-dd: 2024:06:06
      time-hh-mm-ss: 16:27:12
      epoch-secs: 1717691232
      hostname: eeba6e7c0c92
      sysname: Linux
      nodename: eeba6e7c0c92
      release: 6.8.0-1008-aws
      version: '#8-Ubuntu SMP Sat Apr 20 02:43:14 UTC 2024'
      machine: aarch64
      compiler: 'musl-gcc 13.2.1'
      uptime: 159
      totalram: 134778200064
      freeram: 129969606656
      sharedram: 35405824
      bufferram: 84570112
      totalswap: 0
      freeswap: 0
      pagesize: 4096
      cpus: 64
      cpus-online: 64
      ticks-per-second: 100

metrics:
    - stressor: cpu
      bogo-ops: 4267
      bogo-ops-per-second-usr-sys-time: 425.704490
      bogo-ops-per-second-real-time: 425.710361
      wall-clock-time: 10.023247
      user-time: 10.023385
      system-time: 0.000000
      cpu-usage-per-instance: 100.001379
      max-rss: 3584

...
