---
system-info:
      stress-ng-version: 0.17.08
      run-by: root
      date-yyyy-mm-dd: 2024:06:14
      time-hh-mm-ss: 08:43:03
      epoch-secs: 1718354583
      hostname: 38ab431603a2
      sysname: Linux
      nodename: 38ab431603a2
      release: 6.8.0-1008-aws
      version: '#8-Ubuntu SMP Sat Apr 20 02:43:14 UTC 2024'
      machine: aarch64
      compiler: 'musl-gcc 13.2.1'
      uptime: 136
      totalram: 134778195968
      freeram: 129876164608
      sharedram: 35414016
      bufferram: 107737088
      totalswap: 0
      freeswap: 0
      pagesize: 4096
      cpus: 64
      cpus-online: 64
      ticks-per-second: 100

metrics:
    - stressor: cpu
      bogo-ops: 30718
      bogo-ops-per-second-usr-sys-time: 1535.939243
      bogo-ops-per-second-real-time: 1535.898370
      wall-clock-time: 20.000021
      user-time: 19.999489
      system-time: 0.000000
      cpu-usage-per-instance: 99.997339
      max-rss: 512

...
