BaselineInfo:
  WebDBID: -1
  TimeStamp: 20241111112114
Version:
  Major: 11
  Minor: 0
  Build: 1002
  SpecialBuildName: ""
  ptArchitecture: x86_64_linux
Results:
  Results Complete: true
  NumTestProcesses: 2
  CPU_INTEGER_MATH: 4549.5143333333335
  CPU_FLOATINGPOINT_MATH: 2441.4104790779547
  CPU_PRIME: 10.665303675377812
  CPU_SORTING: 2411.5132540523086
  CPU_ENCRYPTION: 617.8707813371866
  CPU_COMPRESSION: 20388.841377773777
  CPU_SINGLETHREAD: 1414.7916399944356
  CPU_PHYSICS: 226.7474124118358
  CPU_MATRIX_MULT_SSE: 1353.719899907388
  CPU_mm: 137.81361504074931
  CPU_sse: 497.34361064468942
  CPU_fma: 1686.4555280376196
  CPU_avx: 1192.5191879898457
  CPU_avx512: 2038.5612729573968
  m_CPU_enc_SHA: 202598094.33619279
  m_CPU_enc_AES: 1562312352.330173
  m_CPU_enc_ECDSA: 178742970.56789994
  ME_ALLOC_S: 525.68161761166562
  ME_READ_S: 17945.3173828125
  ME_READ_L: 5347.38427734375
  ME_WRITE: 5581.53125
  ME_LARGE: 209872
  ME_LATENCY: 73.114495646491562
  ME_THREADED: 7735.84912109375
  SUMM_CPU: 1655.0539964620446
  SUMM_ME: 1218.1198099302571
SystemInformation:
  OSName: Ubuntu 24.04.1 LTS
  Kernel: 6.8.0-1017-azure
  Device: ""
  Processor: Intel Xeon Platinum 8280M CPU @ 2.70GHz
  NumSockets: 1
  Manufacturer: GenuineIntel
  NumCores: 1
  NumLogicals: 2
  CPUFrequency: 0
  Memory: 220193
  MemModuleInfo:
    iNumMemSticks: 3
    DIMM 1:
      manufacturer: Microsoft Corporation
      modulePartNo: None
      memType: Unknown
      size: 1
      clkspeed: 0
      moduleVoltage: 0
    DIMM 2:
      manufacturer: Microsoft Corporation
      modulePartNo: None
      memType: Unknown
      size: 60928
      clkspeed: 0
      moduleVoltage: 0
    DIMM 3:
      manufacturer: Microsoft Corporation
      modulePartNo: None
      memType: Unknown
      size: 162048
      clkspeed: 0
      moduleVoltage: 0
Checksum: ABF45A30DAEDCB7243037297593ED05746A191E1