BaselineInfo:
  WebDBID: -1
  TimeStamp: 20260714184354
Version:
  Major: 11
  Minor: 0
  Build: 1004
  SpecialBuildName: ""
  ptArchitecture: x86_64_linux
Results:
  Results Complete: true
  NumTestProcesses: 2
  CPU_INTEGER_MATH: 4516.7123333333338
  CPU_FLOATINGPOINT_MATH: 2429.7734394390632
  CPU_PRIME: 10.419773862199921
  CPU_SORTING: 2547.5511721441085
  CPU_ENCRYPTION: 623.17662739105629
  CPU_COMPRESSION: 20214.895595975464
  CPU_SINGLETHREAD: 1412.1037801026107
  CPU_PHYSICS: 220.71794369430467
  CPU_MATRIX_MULT_SSE: 1332.1580477774028
  CPU_mm: 137.62603760313573
  CPU_sse: 488.34582228518542
  CPU_fma: 1680.5383304947038
  CPU_avx: 1186.2380098494389
  CPU_avx512: 1973.5100284802829
  m_CPU_enc_SHA: 204605619.64047736
  m_CPU_enc_AES: 1577340548.7028508
  m_CPU_enc_ECDSA: 178397997.38628474
  ME_ALLOC_S: 515.55112042605981
  ME_READ_S: 17859.556835937499
  ME_READ_L: 6328.42626953125
  ME_WRITE: 6175.70849609375
  ME_LARGE: 211513
  ME_LATENCY: 74.320096459015659
  ME_THREADED: 8310.74951171875
  SUMM_CPU: 1657.2504153923439
  SUMM_ME: 1275.3275335560584
SystemInformation:
  OSName: Ubuntu 24.04.4 LTS
  Kernel: 6.17.0-1020-azure
  Device: ""
  Processor: Intel(R) Xeon(R) Platinum 8280L CPU @ 2.70GHz
  NumSockets: 1
  Manufacturer: GenuineIntel
  NumCores: 1
  NumLogicals: 2
  CPUFrequency: 0
  CPUMaxFrequency: 0
  Memory: 220194
  CPUInfo:
    number: 1
    Family: 6
    Model: 5
    stepping: 7
    features: 529267711
    manufacture: GenuineIntel
    typestring: Intel(R) Xeon(R) Platinum 8280L CPU @ 2.70GHz
    iCoresPerPackage: 1
    iThreadsPerPackage: 2
    featuresEx:
      - 529267711
      - 4275712547
      - 739248128
    bHybrid: false
    nPCore: 0
    nLogicalsPerPCore: 0
    nECore: 0
    nLogicalsPerECore: 0
  MemModuleInfo:
    iNumMemSticks: 3
    DIMM 1:
      manufacturer: Microsoft Corporation
      modulePartNo: None
      memType: Unknown
      size: 1
      clkspeed: 0
      moduleVoltage: 0
    DIMM 2:
      manufacturer: Microsoft Corporation
      modulePartNo: None
      memType: Unknown
      size: 60928
      clkspeed: 0
      moduleVoltage: 0
    DIMM 3:
      manufacturer: Microsoft Corporation
      modulePartNo: None
      memType: Unknown
      size: 162048
      clkspeed: 0
      moduleVoltage: 0
Checksum: 649828B8FB63ED3A4C0302F43C56DC440B9A1507