BaselineInfo:
  WebDBID: -1
  TimeStamp: 20260714212751
Version:
  Major: 11
  Minor: 0
  Build: 1004
  SpecialBuildName: ""
  ptArchitecture: x86_64_linux
Results:
  Results Complete: true
  NumTestProcesses: 2
  CPU_INTEGER_MATH: 4524.8299999999999
  CPU_FLOATINGPOINT_MATH: 2433.7745819841712
  CPU_PRIME: 10.627087018750412
  CPU_SORTING: 2560.439414351702
  CPU_ENCRYPTION: 624.44027048569501
  CPU_COMPRESSION: 19948.657153963148
  CPU_SINGLETHREAD: 1416.4499140829014
  CPU_PHYSICS: 224.4388657773425
  CPU_MATRIX_MULT_SSE: 1344.7225440063075
  CPU_mm: 137.62128712132036
  CPU_sse: 497.23922047209385
  CPU_fma: 1681.7569049932615
  CPU_avx: 1189.5083391337653
  CPU_avx512: 2010.3857114261095
  m_CPU_enc_SHA: 204498913.07982871
  m_CPU_enc_AES: 1579433542.2003813
  m_CPU_enc_ECDSA: 180386787.91421413
  ME_ALLOC_S: 529.71086131203799
  ME_READ_S: 17826.234765624999
  ME_READ_L: 7074.83544921875
  ME_WRITE: 7037.8623046875
  ME_LARGE: 211760
  ME_LATENCY: 72.76791642504125
  ME_THREADED: 9295.3154296875
  SUMM_CPU: 1660.0751676337177
  SUMM_ME: 1354.2737233381281
SystemInformation:
  OSName: Ubuntu 24.04.4 LTS
  Kernel: 6.17.0-1020-azure
  Device: ""
  Processor: Intel(R) Xeon(R) Platinum 8280M CPU @ 2.70GHz
  NumSockets: 1
  Manufacturer: GenuineIntel
  NumCores: 1
  NumLogicals: 2
  CPUFrequency: 0
  CPUMaxFrequency: 0
  Memory: 220194
  CPUInfo:
    number: 1
    Family: 6
    Model: 5
    stepping: 7
    features: 529267711
    manufacture: GenuineIntel
    typestring: Intel(R) Xeon(R) Platinum 8280M CPU @ 2.70GHz
    iCoresPerPackage: 1
    iThreadsPerPackage: 2
    featuresEx:
      - 529267711
      - 4275712547
      - 739248128
    bHybrid: false
    nPCore: 0
    nLogicalsPerPCore: 0
    nECore: 0
    nLogicalsPerECore: 0
  MemModuleInfo:
    iNumMemSticks: 3
    DIMM 1:
      manufacturer: Microsoft Corporation
      modulePartNo: None
      memType: Unknown
      size: 1
      clkspeed: 0
      moduleVoltage: 0
    DIMM 2:
      manufacturer: Microsoft Corporation
      modulePartNo: None
      memType: Unknown
      size: 60928
      clkspeed: 0
      moduleVoltage: 0
    DIMM 3:
      manufacturer: Microsoft Corporation
      modulePartNo: None
      memType: Unknown
      size: 162048
      clkspeed: 0
      moduleVoltage: 0
Checksum: 6EEE83B24BC1B54569D88EAC73B84CAAC96DC006