---
system-info:
      stress-ng-version: 0.17.08
      run-by: root
      date-yyyy-mm-dd: 2024:06:21
      time-hh-mm-ss: 13:36:20
      epoch-secs: 1718976980
      hostname: 9315437ab7bd
      sysname: Linux
      nodename: 9315437ab7bd
      release: 6.8.0-1008-gcp
      version: '#9-Ubuntu SMP Wed May 22 18:09:04 UTC 2024'
      machine: x86_64
      compiler: 'musl-gcc 13.2.1'
      uptime: 199
      totalram: 63194001408
      freeram: 57908637696
      sharedram: 48656384
      bufferram: 136822784
      totalswap: 0
      freeswap: 0
      pagesize: 4096
      cpus: 16
      cpus-online: 16
      ticks-per-second: 100

metrics:
    - stressor: cpu
      bogo-ops: 22239
      bogo-ops-per-second-usr-sys-time: 1112.047360
      bogo-ops-per-second-real-time: 1111.940960
      wall-clock-time: 20.000163
      user-time: 19.998249
      system-time: 0.000000
      cpu-usage-per-instance: 99.990432
      max-rss: 1104

...
