BaselineInfo:
  WebDBID: -1
  TimeStamp: 20241114183733
Version:
  Major: 11
  Minor: 0
  Build: 1002
  SpecialBuildName: ""
  ptArchitecture: x86_64_linux
Results:
  Results Complete: true
  NumTestProcesses: 1
  CPU_INTEGER_MATH: 3946.5349999999999
  CPU_FLOATINGPOINT_MATH: 2860.4470717849249
  CPU_PRIME: 12.035164040334365
  CPU_SORTING: 2317.3292012925995
  CPU_ENCRYPTION: 484.21616091460533
  CPU_COMPRESSION: 16612.647120772082
  CPU_SINGLETHREAD: 1676.1310645357873
  CPU_PHYSICS: 210.94449716842038
  CPU_MATRIX_MULT_SSE: 879.15986237389973
  CPU_mm: 184.3666795943636
  CPU_sse: 592.88389312327547
  CPU_fma: 1339.328476984251
  CPU_avx: 705.26721701417296
  CPU_avx512: 0
  m_CPU_enc_SHA: 241746326.21110168
  m_CPU_enc_AES: 1075795159.1514392
  m_CPU_enc_ECDSA: 205670850.07903859
  ME_ALLOC_S: 0
  ME_READ_S: 0
  ME_READ_L: 0
  ME_WRITE: 0
  ME_LARGE: 0
  ME_LATENCY: 0
  ME_THREADED: 0
  SUMM_CPU: 1437.0245510676127
  SUMM_ME: 0
SystemInformation:
  OSName: Ubuntu 24.04.1 LTS
  Kernel: 6.8.0-1018-aws
  Device: ""
  Processor: Intel Xeon CPU E5-2686 v4 @ 2.30GHz
  NumSockets: 1
  Manufacturer: GenuineIntel
  NumCores: 1
  NumLogicals: 1
  CPUFrequency: 0
  Memory: 454
  MemModuleInfo:
    iNumMemSticks: 1
    DIMM 1:
      manufacturer: Not Specified
      modulePartNo: Not Specified
      memType: RAM
      size: 512
      clkspeed: 0
      moduleVoltage: 0
Checksum: 67596974028BF432755B34050F3CC7BB6215B724