BaselineInfo:
  WebDBID: -1
  TimeStamp: 20241115081649
Version:
  Major: 11
  Minor: 0
  Build: 1002
  SpecialBuildName: ""
  ptArchitecture: x86_64_linux
Results:
  Results Complete: true
  NumTestProcesses: 1
  CPU_INTEGER_MATH: 3934.8200000000002
  CPU_FLOATINGPOINT_MATH: 2787.916591172816
  CPU_PRIME: 11.408252731543696
  CPU_SORTING: 2302.7557349770132
  CPU_ENCRYPTION: 482.82491769510966
  CPU_COMPRESSION: 16470.798541402586
  CPU_SINGLETHREAD: 1670.7422043691672
  CPU_PHYSICS: 210.9315064034127
  CPU_MATRIX_MULT_SSE: 890.77790740114449
  CPU_mm: 183.79608073237446
  CPU_sse: 595.02254387475796
  CPU_fma: 1364.7451448460972
  CPU_avx: 712.5660334825784
  CPU_avx512: 0
  m_CPU_enc_SHA: 241759660.64278927
  m_CPU_enc_AES: 1071855437.402389
  m_CPU_enc_ECDSA: 205220764.64602357
  ME_ALLOC_S: 0
  ME_READ_S: 0
  ME_READ_L: 0
  ME_WRITE: 0
  ME_LARGE: 0
  ME_LATENCY: 0
  ME_THREADED: 0
  SUMM_CPU: 1428.2585711067914
  SUMM_ME: 0
SystemInformation:
  OSName: Ubuntu 24.04.1 LTS
  Kernel: 6.8.0-1018-aws
  Device: ""
  Processor: Intel Xeon CPU E5-2686 v4 @ 2.30GHz
  NumSockets: 1
  Manufacturer: GenuineIntel
  NumCores: 1
  NumLogicals: 1
  CPUFrequency: 0
  Memory: 454
  MemModuleInfo:
    iNumMemSticks: 1
    DIMM 1:
      manufacturer: Not Specified
      modulePartNo: Not Specified
      memType: RAM
      size: 512
      clkspeed: 0
      moduleVoltage: 0
Checksum: 849C3B8A85DC774E37642FF38EB6EC9F0BA7CCDF