BaselineInfo:
  WebDBID: -1
  TimeStamp: 20241115014353
Version:
  Major: 11
  Minor: 0
  Build: 1002
  SpecialBuildName: ""
  ptArchitecture: x86_64_linux
Results:
  Results Complete: true
  NumTestProcesses: 1
  CPU_INTEGER_MATH: 3962.9833333333336
  CPU_FLOATINGPOINT_MATH: 2879.8989377972753
  CPU_PRIME: 12.095132397187012
  CPU_SORTING: 2257.5119820106856
  CPU_ENCRYPTION: 489.39751155905088
  CPU_COMPRESSION: 16449.225140680734
  CPU_SINGLETHREAD: 1668.4169927464227
  CPU_PHYSICS: 213.66352921150255
  CPU_MATRIX_MULT_SSE: 900.55849398850205
  CPU_mm: 186.06314814681488
  CPU_sse: 598.81929055747423
  CPU_fma: 1373.6884943979696
  CPU_avx: 729.16769701006228
  CPU_avx512: 0
  m_CPU_enc_SHA: 243562417.44092199
  m_CPU_enc_AES: 1083111457.2324653
  m_CPU_enc_ECDSA: 212837580.56824285
  ME_ALLOC_S: 0
  ME_READ_S: 0
  ME_READ_L: 0
  ME_WRITE: 0
  ME_LARGE: 0
  ME_LATENCY: 0
  ME_THREADED: 0
  SUMM_CPU: 1441.8105845446244
  SUMM_ME: 0
SystemInformation:
  OSName: Ubuntu 24.04.1 LTS
  Kernel: 6.8.0-1018-aws
  Device: ""
  Processor: Intel Xeon CPU E5-2686 v4 @ 2.30GHz
  NumSockets: 1
  Manufacturer: GenuineIntel
  NumCores: 1
  NumLogicals: 1
  CPUFrequency: 0
  Memory: 454
  MemModuleInfo:
    iNumMemSticks: 1
    DIMM 1:
      manufacturer: Not Specified
      modulePartNo: Not Specified
      memType: RAM
      size: 512
      clkspeed: 0
      moduleVoltage: 0
Checksum: 2B16E45EC35603717D3CB00BCFB0E666D3E38443