BaselineInfo:
  WebDBID: -1
  TimeStamp: 20241114204952
Version:
  Major: 11
  Minor: 0
  Build: 1002
  SpecialBuildName: ""
  ptArchitecture: x86_64_linux
Results:
  Results Complete: true
  NumTestProcesses: 1
  CPU_INTEGER_MATH: 3948.1443333333336
  CPU_FLOATINGPOINT_MATH: 2869.1088425381859
  CPU_PRIME: 11.849512326334002
  CPU_SORTING: 2321.5254008613106
  CPU_ENCRYPTION: 485.79892542044792
  CPU_COMPRESSION: 16651.783228514443
  CPU_SINGLETHREAD: 1670.9402581136601
  CPU_PHYSICS: 212.7765889403446
  CPU_MATRIX_MULT_SSE: 899.46485029074574
  CPU_mm: 185.9410177472557
  CPU_sse: 595.9176943470261
  CPU_fma: 1376.271129237449
  CPU_avx: 726.20572728776187
  CPU_avx512: 0
  m_CPU_enc_SHA: 243441330.98427749
  m_CPU_enc_AES: 1077517644.8104022
  m_CPU_enc_ECDSA: 207232306.27033529
  ME_ALLOC_S: 0
  ME_READ_S: 0
  ME_READ_L: 0
  ME_WRITE: 0
  ME_LARGE: 0
  ME_LATENCY: 0
  ME_THREADED: 0
  SUMM_CPU: 1443.9641201255408
  SUMM_ME: 0
SystemInformation:
  OSName: Ubuntu 24.04.1 LTS
  Kernel: 6.8.0-1018-aws
  Device: ""
  Processor: Intel Xeon CPU E5-2686 v4 @ 2.30GHz
  NumSockets: 1
  Manufacturer: GenuineIntel
  NumCores: 1
  NumLogicals: 1
  CPUFrequency: 0
  Memory: 454
  MemModuleInfo:
    iNumMemSticks: 1
    DIMM 1:
      manufacturer: Not Specified
      modulePartNo: Not Specified
      memType: RAM
      size: 512
      clkspeed: 0
      moduleVoltage: 0
Checksum: 0601BD8ACFD25C6EC47305A7B36F73ED7A36DD47