BaselineInfo:
  WebDBID: -1
  TimeStamp: 20241114230422
Version:
  Major: 11
  Minor: 0
  Build: 1002
  SpecialBuildName: ""
  ptArchitecture: x86_64_linux
Results:
  Results Complete: true
  NumTestProcesses: 1
  CPU_INTEGER_MATH: 3947.8603333333335
  CPU_FLOATINGPOINT_MATH: 2862.6681886701354
  CPU_PRIME: 11.878035060065521
  CPU_SORTING: 2319.7775738936311
  CPU_ENCRYPTION: 485.39360180419681
  CPU_COMPRESSION: 16527.010584680444
  CPU_SINGLETHREAD: 1672.7939820961712
  CPU_PHYSICS: 213.80594283513457
  CPU_MATRIX_MULT_SSE: 903.34200998421011
  CPU_mm: 185.07623010453898
  CPU_sse: 593.72359198450158
  CPU_fma: 1384.1175596760581
  CPU_avx: 732.18487829207049
  CPU_avx512: 0
  m_CPU_enc_SHA: 242916673.53996345
  m_CPU_enc_AES: 1074352280.7514381
  m_CPU_enc_ECDSA: 209647289.92491084
  ME_ALLOC_S: 0
  ME_READ_S: 0
  ME_READ_L: 0
  ME_WRITE: 0
  ME_LARGE: 0
  ME_LATENCY: 0
  ME_THREADED: 0
  SUMM_CPU: 1442.5074725364464
  SUMM_ME: 0
SystemInformation:
  OSName: Ubuntu 24.04.1 LTS
  Kernel: 6.8.0-1018-aws
  Device: ""
  Processor: Intel Xeon CPU E5-2686 v4 @ 2.30GHz
  NumSockets: 1
  Manufacturer: GenuineIntel
  NumCores: 1
  NumLogicals: 1
  CPUFrequency: 0
  Memory: 454
  MemModuleInfo:
    iNumMemSticks: 1
    DIMM 1:
      manufacturer: Not Specified
      modulePartNo: Not Specified
      memType: RAM
      size: 512
      clkspeed: 0
      moduleVoltage: 0
Checksum: 135DF6B850B7D136C8C85E9917B26924BB15E06A