BaselineInfo:
  WebDBID: -1
  TimeStamp: 20241115223751
Version:
  Major: 11
  Minor: 0
  Build: 1002
  SpecialBuildName: ""
  ptArchitecture: x86_64_linux
Results:
  Results Complete: true
  NumTestProcesses: 1
  CPU_INTEGER_MATH: 3929.5896666666663
  CPU_FLOATINGPOINT_MATH: 2785.8635909423629
  CPU_PRIME: 11.781633681128522
  CPU_SORTING: 2287.7380853090199
  CPU_ENCRYPTION: 483.53776080590291
  CPU_COMPRESSION: 16350.252894400041
  CPU_SINGLETHREAD: 1666.2214554202114
  CPU_PHYSICS: 210.46514799578677
  CPU_MATRIX_MULT_SSE: 898.71170992263251
  CPU_mm: 160.30512984957798
  CPU_sse: 596.82201380105391
  CPU_fma: 1378.5444135458245
  CPU_avx: 720.76870242101916
  CPU_avx512: 0
  m_CPU_enc_SHA: 241734143.73852101
  m_CPU_enc_AES: 1072579925.3946537
  m_CPU_enc_ECDSA: 206764204.09125656
  ME_ALLOC_S: 0
  ME_READ_S: 0
  ME_READ_L: 0
  ME_WRITE: 0
  ME_LARGE: 0
  ME_LATENCY: 0
  ME_THREADED: 0
  SUMM_CPU: 1428.4916806114377
  SUMM_ME: 0
SystemInformation:
  OSName: Ubuntu 24.04.1 LTS
  Kernel: 6.8.0-1018-aws
  Device: ""
  Processor: Intel Xeon CPU E5-2686 v4 @ 2.30GHz
  NumSockets: 1
  Manufacturer: GenuineIntel
  NumCores: 1
  NumLogicals: 1
  CPUFrequency: 0
  Memory: 454
  MemModuleInfo:
    iNumMemSticks: 1
    DIMM 1:
      manufacturer: Not Specified
      modulePartNo: Not Specified
      memType: RAM
      size: 512
      clkspeed: 0
      moduleVoltage: 0
Checksum: 6113D8F149C236C149318BBE9CADA2B5F42DED2C