BaselineInfo:
  WebDBID: -1
  TimeStamp: 20260404235619
Version:
  Major: 11
  Minor: 0
  Build: 1004
  SpecialBuildName: ""
  ptArchitecture: x86_64_linux
Results:
  Results Complete: true
  NumTestProcesses: 8
  CPU_INTEGER_MATH: 19774.328333333335
  CPU_FLOATINGPOINT_MATH: 10614.6133538699
  CPU_PRIME: 48.752708716023548
  CPU_SORTING: 12186.255733561227
  CPU_ENCRYPTION: 2737.4276228424269
  CPU_COMPRESSION: 91387.210741559902
  CPU_SINGLETHREAD: 1669.8149717939536
  CPU_PHYSICS: 807.9836054701999
  CPU_MATRIX_MULT_SSE: 5916.8846074643207
  CPU_mm: 602.51832825159363
  CPU_sse: 2172.6514167162877
  CPU_fma: 7349.0850325836564
  CPU_avx: 5195.3740159152258
  CPU_avx512: 8950.4279646421073
  m_CPU_enc_SHA: 894213910.51961148
  m_CPU_enc_AES: 6907669850.4270382
  m_CPU_enc_ECDSA: 809318960.20221162
  ME_ALLOC_S: 2206.5334751076489
  ME_READ_S: 19519.136132812499
  ME_READ_L: 6841.8583984375
  ME_WRITE: 7331.359375
  ME_LARGE: 10845.916666666666
  ME_LATENCY: 77.657136669617643
  ME_THREADED: 37427.96484375
  SUMM_CPU: 7041.4550317296889
  SUMM_ME: 1667.6281033642188
SystemInformation:
  OSName: Ubuntu 24.04.4 LTS
  Kernel: 6.8.0-106-generic
  Device: ""
  Processor: Intel(R) Xeon(R) Platinum 8163 CPU @ 2.50GHz
  NumSockets: 1
  Manufacturer: GenuineIntel
  NumCores: 4
  NumLogicals: 8
  CPUFrequency: 0
  CPUMaxFrequency: 0
  Memory: 30703
  CPUInfo:
    number: 1
    Family: 6
    Model: 5
    stepping: 4
    features: 529267711
    manufacture: GenuineIntel
    typestring: Intel(R) Xeon(R) Platinum 8163 CPU @ 2.50GHz
    iCoresPerPackage: 4
    iThreadsPerPackage: 2
    featuresEx:
      - 529267711
      - 4277809667
      - 739248128
    bHybrid: false
    nPCore: 0
    nLogicalsPerPCore: 0
    nECore: 0
    nLogicalsPerECore: 0
  MemModuleInfo:
    iNumMemSticks: 2
    DIMM 1:
      manufacturer: Alibaba Cloud
      modulePartNo: Not Specified
      memType: RAM
      size: 16
      clkspeed: 0
      moduleVoltage: 0
    DIMM 2:
      manufacturer: Alibaba Cloud
      modulePartNo: Not Specified
      memType: RAM
      size: 15
      clkspeed: 0
      moduleVoltage: 0
Checksum: 428646145000B69A78C37FE8BC8FBE4185E4C25B