---
system-info:
      stress-ng-version: 0.17.08
      run-by: root
      date-yyyy-mm-dd: 2024:06:09
      time-hh-mm-ss: 17:55:17
      epoch-secs: 1717955717
      hostname: aa2f5742b26c
      sysname: Linux
      nodename: aa2f5742b26c
      release: 6.8.0-1008-aws
      version: '#8-Ubuntu SMP Sat Apr 20 00:46:25 UTC 2024'
      machine: x86_64
      compiler: 'musl-gcc 13.2.1'
      uptime: 125
      totalram: 1081992302592
      freeram: 1074529087488
      sharedram: 116686848
      bufferram: 110706688
      totalswap: 0
      freeswap: 0
      pagesize: 4096
      cpus: 128
      cpus-online: 128
      ticks-per-second: 100

metrics:
    - stressor: cpu
      bogo-ops: 16942
      bogo-ops-per-second-usr-sys-time: 1694.095813
      bogo-ops-per-second-real-time: 1694.118693
      wall-clock-time: 10.000480
      user-time: 9.999616
      system-time: 0.000999
      cpu-usage-per-instance: 100.001351
      max-rss: 3072

...
