---
system-info:
      stress-ng-version: 0.17.08
      run-by: root
      date-yyyy-mm-dd: 2024:06:15
      time-hh-mm-ss: 20:22:45
      epoch-secs: 1718482965
      hostname: 186f99514ba3
      sysname: Linux
      nodename: 186f99514ba3
      release: 6.8.0-1008-aws
      version: '#8-Ubuntu SMP Sat Apr 20 00:46:25 UTC 2024'
      machine: x86_64
      compiler: 'musl-gcc 13.2.1'
      uptime: 143
      totalram: 1081992302592
      freeram: 1074532442112
      sharedram: 116686848
      bufferram: 110592000
      totalswap: 0
      freeswap: 0
      pagesize: 4096
      cpus: 128
      cpus-online: 128
      ticks-per-second: 100

metrics:
    - stressor: cpu
      bogo-ops: 38185
      bogo-ops-per-second-usr-sys-time: 1909.193774
      bogo-ops-per-second-real-time: 1909.245971
      wall-clock-time: 20.000042
      user-time: 19.999590
      system-time: 0.000999
      cpu-usage-per-instance: 100.002734
      max-rss: 0

...
