BaselineInfo:
  WebDBID: -1
  TimeStamp: 20241108080348
Version:
  Major: 11
  Minor: 0
  Build: 1002
  SpecialBuildName: ""
  ptArchitecture: aarch64_linux
Results:
  Results Complete: true
  NumTestProcesses: 32
  CPU_INTEGER_MATH: 152764.40466666664
  CPU_FLOATINGPOINT_MATH: 151844.99773705789
  CPU_PRIME: 236.13356919243031
  CPU_SORTING: 125486.74555098107
  CPU_ENCRYPTION: 4448.3216876199149
  CPU_COMPRESSION: 169429.81253573971
  CPU_SINGLETHREAD: 1561.9248713946577
  CPU_PHYSICS: 6672.304088638728
  CPU_MATRIX_MULT_SSE: 26546.748744516288
  CPU_mm: 3472.9051076686537
  CPU_sse: 22330.494524510836
  CPU_fma: 30763.002964521733
  CPU_avx: 0
  CPU_avx512: 0
  m_CPU_enc_SHA: 6723658893.1582861
  m_CPU_enc_AES: 2590829375.0662513
  m_CPU_enc_ECDSA: 4678721817.5286779
  ME_ALLOC_S: 30987.653673381141
  ME_READ_S: 19681.846289062501
  ME_READ_L: 18972.56640625
  ME_WRITE: 19699.701171875
  ME_LARGE: 51592.166666666664
  ME_LATENCY: 50.108948650482496
  ME_THREADED: 247844.2041015625
  SUMM_CPU: 20725.118713618554
  SUMM_ME: 3093.442033224856
SystemInformation:
  OSName: Ubuntu 24.04.1 LTS
  Kernel: 6.8.0-1016-aws
  Device: ""
  Processor: ARM Neoverse-V1 32 Core 0 MHz
  NumSockets: 1
  Manufacturer: ARM
  NumCores: 32
  NumLogicals: 32
  CPUFrequency: 0
  Memory: 63129
Checksum: 6C4AE067B2CCEF24EB6B810DB7DB5AAEB39A867F