---
system-info:
      stress-ng-version: 0.17.08
      run-by: root
      date-yyyy-mm-dd: 2024:06:05
      time-hh-mm-ss: 21:38:16
      epoch-secs: 1717623496
      hostname: e4b9acab2c9c
      sysname: Linux
      nodename: e4b9acab2c9c
      release: 6.8.0-1008-aws
      version: '#8-Ubuntu SMP Sat Apr 20 00:46:25 UTC 2024'
      machine: x86_64
      compiler: 'musl-gcc 13.2.1'
      uptime: 149
      totalram: 3952013312
      freeram: 220004352
      sharedram: 29192192
      bufferram: 77225984
      totalswap: 0
      freeswap: 0
      pagesize: 4096
      cpus: 2
      cpus-online: 2
      ticks-per-second: 100

metrics:
    - stressor: cpu
      bogo-ops: 15131
      bogo-ops-per-second-usr-sys-time: 1513.115888
      bogo-ops-per-second-real-time: 1512.876115
      wall-clock-time: 10.001480
      user-time: 9.997894
      system-time: 0.002001
      cpu-usage-per-instance: 99.984154
      max-rss: 3792

...
