---
system-info:
      stress-ng-version: 0.17.08
      run-by: root
      date-yyyy-mm-dd: 2024:06:12
      time-hh-mm-ss: 20:55:59
      epoch-secs: 1718225759
      hostname: 9008fc6c53e0
      sysname: Linux
      nodename: 9008fc6c53e0
      release: 6.8.0-1008-aws
      version: '#8-Ubuntu SMP Sat Apr 20 00:46:25 UTC 2024'
      machine: x86_64
      compiler: 'musl-gcc 13.2.1'
      uptime: 147
      totalram: 3979276288
      freeram: 308207616
      sharedram: 40726528
      bufferram: 104894464
      totalswap: 0
      freeswap: 0
      pagesize: 4096
      cpus: 2
      cpus-online: 2
      ticks-per-second: 100

metrics:
    - stressor: cpu
      bogo-ops: 29689
      bogo-ops-per-second-usr-sys-time: 1484.579233
      bogo-ops-per-second-real-time: 1484.445824
      wall-clock-time: 20.000056
      user-time: 19.997260
      system-time: 0.000999
      cpu-usage-per-instance: 99.991014
      max-rss: 1104

...
