BaselineInfo:
  WebDBID: -1
  TimeStamp: 20260620105822
Version:
  Major: 11
  Minor: 0
  Build: 1004
  SpecialBuildName: ""
  ptArchitecture: x86_64_linux
Results:
  Results Complete: true
  NumTestProcesses: 16
  CPU_INTEGER_MATH: 74830.710333333322
  CPU_FLOATINGPOINT_MATH: 55535.349767747284
  CPU_PRIME: 173.29028857839714
  CPU_SORTING: 39523.634147680539
  CPU_ENCRYPTION: 16979.94092771041
  CPU_COMPRESSION: 298757.96273107588
  CPU_SINGLETHREAD: 3404.7187898863258
  CPU_PHYSICS: 3654.3926178144602
  CPU_MATRIX_MULT_SSE: 20095.169252642769
  CPU_mm: 2167.7666882792205
  CPU_sse: 9253.1571875676291
  CPU_fma: 24347.598621094428
  CPU_avx: 18793.199699550678
  CPU_avx512: 27986.721502358323
  m_CPU_enc_SHA: 17766122837.576683
  m_CPU_enc_AES: 23349978944.171162
  m_CPU_enc_ECDSA: 12298173832.896767
  ME_ALLOC_S: 8347.9736546486583
  ME_READ_S: 29283.497851562501
  ME_READ_L: 22488.623046875
  ME_WRITE: 8432.6435546875
  ME_LARGE: 55723.583333333336
  ME_LATENCY: 76.496661996244725
  ME_THREADED: 129547.56591796875
  SUMM_CPU: 27311.652866525204
  SUMM_ME: 2458.9288062936662
SystemInformation:
  OSName: Ubuntu 24.04.4 LTS
  Kernel: 6.17.0-1018-azure
  Device: ""
  Processor: Intel(R) Xeon(R) 6973P-C
  NumSockets: 1
  Manufacturer: GenuineIntel
  NumCores: 8
  NumLogicals: 16
  CPUFrequency: 2600
  CPUMaxFrequency: 2600
  Memory: 64296
  CPUInfo:
    number: 1
    Family: 6
    Model: 13
    stepping: 1
    features: 529267711
    manufacture: GenuineIntel
    typestring: Intel(R) Xeon(R) 6973P-C
    iCoresPerPackage: 8
    iThreadsPerPackage: 2
    featuresEx:
      - 529267711
      - 4294586915
      - 739248128
    bHybrid: false
    nPCore: 0
    nLogicalsPerPCore: 0
    nECore: 0
    nLogicalsPerECore: 0
  MemModuleInfo:
    iNumMemSticks: 3
    DIMM 1:
      manufacturer: Microsoft Corporation
      modulePartNo: None
      memType: Unknown
      size: 1
      clkspeed: 0
      moduleVoltage: 0
    DIMM 2:
      manufacturer: Microsoft Corporation
      modulePartNo: None
      memType: Unknown
      size: 59
      clkspeed: 0
      moduleVoltage: 0
    DIMM 3:
      manufacturer: Microsoft Corporation
      modulePartNo: None
      memType: Unknown
      size: 4
      clkspeed: 0
      moduleVoltage: 0
Checksum: 57900F82C702E0B37BDD0FFEC4D2FBD101C29C78