BaselineInfo:
  WebDBID: -1
  TimeStamp: 20250527051524
Version:
  Major: 11
  Minor: 0
  Build: 1002
  SpecialBuildName: ""
  ptArchitecture: x86_64_linux
Results:
  Results Complete: true
  NumTestProcesses: 16
  CPU_INTEGER_MATH: 85059.53833333333
  CPU_FLOATINGPOINT_MATH: 60293.290236860041
  CPU_PRIME: 169.85266184862073
  CPU_SORTING: 42614.788139454577
  CPU_ENCRYPTION: 18847.192400500651
  CPU_COMPRESSION: 310473.17691139004
  CPU_SINGLETHREAD: 3247.5466150715301
  CPU_PHYSICS: 3996.6046374122807
  CPU_MATRIX_MULT_SSE: 24569.100159734688
  CPU_mm: 2405.3248019665516
  CPU_sse: 10375.995398189178
  CPU_fma: 26357.254770621657
  CPU_avx: 21143.181195549736
  CPU_avx512: 40399.969274578187
  m_CPU_enc_SHA: 19803507956.634846
  m_CPU_enc_AES: 25768025563.183506
  m_CPU_enc_ECDSA: 13716607335.82375
  ME_ALLOC_S: 11259.561759096661
  ME_READ_S: 28674.274218750001
  ME_READ_L: 10732.4599609375
  ME_WRITE: 9880.2001953125
  ME_LARGE: 666669.83333333337
  ME_LATENCY: 56.313690800249127
  ME_THREADED: 179855.41455078125
  SUMM_CPU: 29535.54129702822
  SUMM_ME: 2697.2497211589075
SystemInformation:
  OSName: Ubuntu 24.04.2 LTS
  Kernel: 6.11.0-1015-azure
  Device: ""
  Processor: INTEL XEON PLATINUM 8573C
  NumSockets: 2
  Manufacturer: GenuineIntel
  NumCores: 8
  NumLogicals: 16
  CPUFrequency: 2300
  Memory: 677261
  MemModuleInfo:
    iNumMemSticks: 4
    DIMM 1:
      manufacturer: Microsoft Corporation
      modulePartNo: None
      memType: Unknown
      size: 1
      clkspeed: 0
      moduleVoltage: 0
    DIMM 2:
      manufacturer: Microsoft Corporation
      modulePartNo: None
      memType: Unknown
      size: 59
      clkspeed: 0
      moduleVoltage: 0
    DIMM 3:
      manufacturer: Microsoft Corporation
      modulePartNo: None
      memType: Unknown
      size: 276
      clkspeed: 0
      moduleVoltage: 0
    DIMM 4:
      manufacturer: Microsoft Corporation
      modulePartNo: None
      memType: Unknown
      size: 336
      clkspeed: 0
      moduleVoltage: 0
Checksum: 5479AB543257A5C47242AD4D6698F6F93B7FA0DE