---
system-info:
      stress-ng-version: 0.17.08
      run-by: root
      date-yyyy-mm-dd: 2024:06:09
      time-hh-mm-ss: 18:24:55
      epoch-secs: 1717957495
      hostname: 9fae364a64fd
      sysname: Linux
      nodename: 9fae364a64fd
      release: 6.8.0-1008-aws
      version: '#8-Ubuntu SMP Sat Apr 20 00:46:25 UTC 2024'
      machine: x86_64
      compiler: 'musl-gcc 13.2.1'
      uptime: 124
      totalram: 798840692736
      freeram: 792801452032
      sharedram: 116928512
      bufferram: 110903296
      totalswap: 0
      freeswap: 0
      pagesize: 4096
      cpus: 96
      cpus-online: 96
      ticks-per-second: 100

metrics:
    - stressor: cpu
      bogo-ops: 16730
      bogo-ops-per-second-usr-sys-time: 1672.946633
      bogo-ops-per-second-real-time: 1672.943043
      wall-clock-time: 10.000340
      user-time: 10.000319
      system-time: 0.000000
      cpu-usage-per-instance: 99.999785
      max-rss: 3072

...
