---
system-info:
      stress-ng-version: 0.17.08
      run-by: root
      date-yyyy-mm-dd: 2024:06:15
      time-hh-mm-ss: 20:41:48
      epoch-secs: 1718484108
      hostname: 67d133136285
      sysname: Linux
      nodename: 67d133136285
      release: 6.8.0-1008-aws
      version: '#8-Ubuntu SMP Sat Apr 20 00:46:25 UTC 2024'
      machine: x86_64
      compiler: 'musl-gcc 13.2.1'
      uptime: 136
      totalram: 798840717312
      freeram: 792677113856
      sharedram: 116928512
      bufferram: 110473216
      totalswap: 0
      freeswap: 0
      pagesize: 4096
      cpus: 96
      cpus-online: 96
      ticks-per-second: 100

metrics:
    - stressor: cpu
      bogo-ops: 37822
      bogo-ops-per-second-usr-sys-time: 1891.105768
      bogo-ops-per-second-real-time: 1891.097205
      wall-clock-time: 20.000030
      user-time: 19.999939
      system-time: 0.000000
      cpu-usage-per-instance: 99.999547
      max-rss: 768

...
