BaselineInfo:
  WebDBID: -1
  TimeStamp: 20260615165637
Version:
  Major: 11
  Minor: 0
  Build: 1004
  SpecialBuildName: ""
  ptArchitecture: x86_64_linux
Results:
  Results Complete: true
  NumTestProcesses: 4
  CPU_INTEGER_MATH: 17023.953999999998
  CPU_FLOATINGPOINT_MATH: 12047.668776131557
  CPU_PRIME: 49.175760810810743
  CPU_SORTING: 10337.928211500765
  CPU_ENCRYPTION: 2184.221329206709
  CPU_COMPRESSION: 85366.421057524756
  CPU_SINGLETHREAD: 2038.6724490241972
  CPU_PHYSICS: 773.91941947849421
  CPU_MATRIX_MULT_SSE: 5950.7289001355239
  CPU_mm: 606.6927633936665
  CPU_sse: 2629.3038881357015
  CPU_fma: 8207.661676496391
  CPU_avx: 5493.531330979632
  CPU_avx512: 7472.4187049303728
  m_CPU_enc_SHA: 1202506225.8163242
  m_CPU_enc_AES: 4634853518.3997364
  m_CPU_enc_ECDSA: 1033606449.2667017
  ME_ALLOC_S: 1351.8217747767792
  ME_READ_S: 24880.910351562499
  ME_READ_L: 7558.146484375
  ME_WRITE: 7641.041015625
  ME_LARGE: 3836.4166666666665
  ME_LATENCY: 58.095138376750661
  ME_THREADED: 28155.7548828125
  SUMM_CPU: 6551.6828381796786
  SUMM_ME: 1700.6554786216273
SystemInformation:
  OSName: Ubuntu 24.04.4 LTS
  Kernel: 6.8.0-124-generic
  Device: ""
  Processor: Intel Xeon Processor (Cascadelake)
  NumSockets: 1
  Manufacturer: GenuineIntel
  NumCores: 2
  NumLogicals: 4
  CPUFrequency: 743
  CPUMaxFrequency: 2696
  Memory: 11955
  CPUInfo:
    number: 1
    Family: 6
    Model: 5
    stepping: 6
    features: 395049983
    manufacture: GenuineIntel
    typestring: Intel Xeon Processor (Cascadelake)
    iCoresPerPackage: 2
    iThreadsPerPackage: 2
    featuresEx:
      - 395049983
      - 4294586883
      - 739248128
    bHybrid: false
    nPCore: 0
    nLogicalsPerPCore: 0
    nECore: 0
    nLogicalsPerECore: 0
  MemModuleInfo:
    iNumMemSticks: 1
    DIMM 1:
      manufacturer: QEMU
      modulePartNo: Not Specified
      memType: RAM
      size: 12
      clkspeed: 0
      moduleVoltage: 0
Checksum: 58A80C4470A8F444FF8F7D169CA2ED36DA69CBB0