BaselineInfo:
  WebDBID: -1
  TimeStamp: 20250923063502
Version:
  Major: 11
  Minor: 0
  Build: 1002
  SpecialBuildName: ""
  ptArchitecture: aarch64_linux
Results:
  Results Complete: true
  NumTestProcesses: 32
  CPU_INTEGER_MATH: 167016.06899999999
  CPU_FLOATINGPOINT_MATH: 194034.0332448789
  CPU_PRIME: 437.83345196536197
  CPU_SORTING: 148083.82721688622
  CPU_ENCRYPTION: 6046.2722591983338
  CPU_COMPRESSION: 212768.64447011412
  CPU_SINGLETHREAD: 1944.1533096532366
  CPU_PHYSICS: 9365.1661837538959
  CPU_MATRIX_MULT_SSE: 29494.696062922612
  CPU_mm: 3607.4367732256314
  CPU_sse: 23208.149030201403
  CPU_fma: 35781.243095643833
  CPU_avx: 0
  CPU_avx512: 0
  m_CPU_enc_SHA: 9425590226.3154278
  m_CPU_enc_AES: 3442097963.0311856
  m_CPU_enc_ECDSA: 6152239752.0368423
  ME_ALLOC_S: 47851.854549637064
  ME_READ_S: 21164.380859375
  ME_READ_L: 20130.94140625
  ME_WRITE: 21205.046875
  ME_LARGE: 241462.41666666666
  ME_LATENCY: 44.895033841496392
  ME_THREADED: 443434.986328125
  SUMM_CPU: 26393.634268206773
  SUMM_ME: 3455.0548903606159
SystemInformation:
  OSName: Ubuntu 24.04.2 LTS
  Kernel: 6.14.0-1012-aws
  Device: ""
  Processor: ARM Neoverse-V2 32 Core 0 MHz
  NumSockets: 1
  Manufacturer: ARM
  NumCores: 32
  NumLogicals: 32
  CPUFrequency: 0
  Memory: 253163
Checksum: C654FF3EFCA37B495EFBE021FD30F2A9D0C34547