size_kb,operation,bandwidth_mb_s,latency_ns,latency_stddev_ns,latency_samples,threads,iterations,elapsed_s
32,read,3920539.30,0,0,0,64,714285,0.364381
32,write,2939563.42,0,0,0,64,566893,0.385699
32,copy,2122303.93,0,0,0,64,470809,0.443677
32,latency,0,0.98,0.00,7,1,7,0.140792
128,read,3689905.10,0,0,0,64,193498,0.419519
128,write,3506287.23,0,0,0,64,206270,0.470629
128,copy,2513618.93,0,0,0,64,135648,0.431722
128,latency,0,2.66,0.00,7,1,7,0.703833
512,read,3568004.11,0,0,0,64,52887,0.474322
512,write,3602751.78,0,0,0,64,51781,0.459924
512,copy,1664284.91,0,0,0,64,24594,0.472881
512,latency,0,3.69,0.00,7,1,7,0.701746
1024,read,3239194.90,0,0,0,64,21801,0.430744
1024,write,3105451.16,0,0,0,64,23438,0.483032
1024,copy,1377911.93,0,0,0,64,8203,0.381005
1024,latency,0,5.51,0.01,7,1,7,0.695863
2048,read,2691591.14,0,0,0,64,6348,0.301882
2048,write,2498724.28,0,0,0,64,7142,0.365857
2048,copy,555027.75,0,0,0,64,3861,0.890420
2048,latency,0,9.74,0.03,7,1,7,0.686233
8192,read,481651.51,0,0,0,64,1269,1.348959
8192,write,402487.23,0,0,0,64,1407,1.789831
8192,copy,116560.89,0,0,0,64,824,3.619464
8192,latency,0,11.36,0.03,7,1,7,0.694662
16384,read,231853.74,0,0,0,64,710,3.135770
16384,write,158225.96,0,0,0,64,616,3.986603
16384,copy,88581.81,0,0,0,64,391,4.519935
16384,latency,0,11.82,0.02,7,1,7,0.749654
32768,read,201317.72,0,0,0,64,349,3.550368
32768,write,133374.19,0,0,0,64,272,4.176640
32768,copy,87311.78,0,0,0,64,181,4.245567
32768,latency,0,14.05,0.36,7,1,7,0.746555
65536,read,201084.32,0,0,0,64,178,3.625782
65536,write,133282.00,0,0,0,64,142,4.363920
65536,copy,87577.24,0,0,0,64,90,4.209313
65536,latency,0,68.77,0.59,7,1,7,2.962002
131072,read,200222.76,0,0,0,64,91,3.723213
131072,write,132945.48,0,0,0,64,63,3.882012
131072,copy,87368.12,0,0,0,64,44,4.125624
131072,latency,0,91.02,0.48,7,1,7,7.858566
