BaselineInfo:
  WebDBID: -1
  TimeStamp: 20260611122143
Version:
  Major: 11
  Minor: 0
  Build: 1004
  SpecialBuildName: ""
  ptArchitecture: aarch64_linux
Results:
  Results Complete: true
  NumTestProcesses: 2
  CPU_INTEGER_MATH: 12218.626666666667
  CPU_FLOATINGPOINT_MATH: 15287.719064199235
  CPU_PRIME: 41.966795153948858
  CPU_SORTING: 10737.758247531248
  CPU_ENCRYPTION: 585.43113069514141
  CPU_COMPRESSION: 18437.537097227698
  CPU_SINGLETHREAD: 2467.5681709057067
  CPU_PHYSICS: 850.89289253093762
  CPU_MATRIX_MULT_SSE: 2693.5012418574188
  CPU_mm: 267.40149459781401
  CPU_sse: 2144.3745392537107
  CPU_fma: 3242.6279444611268
  CPU_avx: 0
  CPU_avx512: 0
  m_CPU_enc_SHA: 983467316.3697418
  m_CPU_enc_AES: 276424064.09708214
  m_CPU_enc_ECDSA: 581715719.43254185
  ME_ALLOC_S: 3986.651679756304
  ME_READ_S: 23404.9580078125
  ME_READ_L: 24648.0078125
  ME_WRITE: 25053.912109375
  ME_LARGE: 3043.5
  ME_LATENCY: 27.577507524321586
  ME_THREADED: 48625.16015625
  SUMM_CPU: 2830.9585684362141
  SUMM_ME: 2799.1319753303374
SystemInformation:
  OSName: Ubuntu 24.04.4 LTS
  Kernel: 6.17.0-1017-aws
  Device: ""
  Processor: ARM Neoverse-V3 2 Core 0 MHz
  NumSockets: 1
  Manufacturer: ARM
  NumCores: 2
  NumLogicals: 2
  CPUFrequency: 0
  CPUMaxFrequency: 0
  Memory: 7726
Checksum: 0D6CD3B8411517566494C89CD117D29F3E03E114