---
system-info:
      stress-ng-version: 0.17.08
      run-by: root
      date-yyyy-mm-dd: 2024:09:16
      time-hh-mm-ss: 09:43:11
      epoch-secs: 1726479791
      hostname: sc-runner
      sysname: Linux
      nodename: sc-runner
      release: 6.8.0-1014-azure
      version: '#16-Ubuntu SMP Thu Aug 15 20:04:41 UTC 2024'
      machine: x86_64
      compiler: 'musl-gcc 13.2.1'
      uptime: 317
      totalram: 33652326400
      freeram: 23593275392
      sharedram: 42061824
      bufferram: 229498880
      totalswap: 0
      freeswap: 0
      pagesize: 4096
      cpus: 4
      cpus-online: 4
      ticks-per-second: 100

metrics:
    - stressor: cpu
      bogo-ops: 73897
      bogo-ops-per-second-usr-sys-time: 931.124589
      bogo-ops-per-second-real-time: 3694.831787
      wall-clock-time: 20.000099
      user-time: 79.343198
      system-time: 0.019973
      cpu-usage-per-instance: 99.203475
      max-rss: 3152

...
