BaselineInfo:
  WebDBID: -1
  TimeStamp: 20241107032629
Version:
  Major: 11
  Minor: 0
  Build: 1002
  SpecialBuildName: ""
  ptArchitecture: x86_64_linux
Results:
  Results Complete: true
  NumTestProcesses: 2
  CPU_INTEGER_MATH: 8338.7843333333331
  CPU_FLOATINGPOINT_MATH: 4634.2552987912131
  CPU_PRIME: 20.170619443110397
  CPU_SORTING: 4679.1539985979525
  CPU_ENCRYPTION: 2176.4124651029597
  CPU_COMPRESSION: 32282.34341333164
  CPU_SINGLETHREAD: 2362.6737398319133
  CPU_PHYSICS: 403.79773018649985
  CPU_MATRIX_MULT_SSE: 1778.2065030276015
  CPU_mm: 225.4063074859794
  CPU_sse: 958.176757021002
  CPU_fma: 2629.4845275002044
  CPU_avx: 1746.9582245615975
  CPU_avx512: 0
  m_CPU_enc_SHA: 3148429545.8835692
  m_CPU_enc_AES: 2023366463.1065137
  m_CPU_enc_ECDSA: 1674605622.0333204
  ME_ALLOC_S: 987.71897361481479
  ME_READ_S: 24335.578515624999
  ME_READ_L: 20378.533203125
  ME_WRITE: 19556.7734375
  ME_LARGE: 616
  ME_LATENCY: 60.625618856782417
  ME_THREADED: 22588.9453125
  SUMM_CPU: 3167.0844542513469
  SUMM_ME: 1050.3024921047763
SystemInformation:
  OSName: Ubuntu 24.04.1 LTS
  Kernel: 6.8.0-1017-azure
  Device: ""
  Processor: AMD EPYC 7763 64-Core Processor
  NumSockets: 1
  Manufacturer: AuthenticAMD
  NumCores: 1
  NumLogicals: 2
  CPUFrequency: 0
  Memory: 7938
  MemModuleInfo:
    iNumMemSticks: 2
    DIMM 1:
      manufacturer: Microsoft Corporation
      modulePartNo: None
      memType: Unknown
      size: 1
      clkspeed: 0
      moduleVoltage: 0
    DIMM 2:
      manufacturer: Microsoft Corporation
      modulePartNo: None
      memType: Unknown
      size: 7
      clkspeed: 0
      moduleVoltage: 0
Checksum: 3E1E1782DC426FC42F42DB0872B9B622E2D4578F