BaselineInfo:
  WebDBID: -1
  TimeStamp: 20241114214817
Version:
  Major: 11
  Minor: 0
  Build: 1002
  SpecialBuildName: ""
  ptArchitecture: x86_64_linux
Results:
  Results Complete: true
  NumTestProcesses: 2
  CPU_INTEGER_MATH: 8951.0410000000011
  CPU_FLOATINGPOINT_MATH: 4965.6627294829996
  CPU_PRIME: 21.607968054833997
  CPU_SORTING: 4995.4826139961815
  CPU_ENCRYPTION: 2328.4148790026002
  CPU_COMPRESSION: 35460.975724545191
  CPU_SINGLETHREAD: 2546.9903712473397
  CPU_PHYSICS: 428.49834559893179
  CPU_MATRIX_MULT_SSE: 1907.8753181038046
  CPU_mm: 241.62868978694087
  CPU_sse: 1019.9276530956558
  CPU_fma: 2790.982279739776
  CPU_avx: 1912.7160214759829
  CPU_avx512: 0
  m_CPU_enc_SHA: 3382348388.8076406
  m_CPU_enc_AES: 2144582514.6660109
  m_CPU_enc_ECDSA: 1797628977.0214407
  ME_ALLOC_S: 1046.5912817099679
  ME_READ_S: 26149.640234375001
  ME_READ_L: 20150.134765625
  ME_WRITE: 19893.9296875
  ME_LARGE: 734
  ME_LATENCY: 60.176638669881548
  ME_THREADED: 24622.931640625
  SUMM_CPU: 3408.437164254236
  SUMM_ME: 1170.8651379209336
SystemInformation:
  OSName: Ubuntu 24.04.1 LTS
  Kernel: 6.8.0-1017-azure
  Device: ""
  Processor: AMD EPYC 7763 64-Core Processor
  NumSockets: 1
  Manufacturer: AuthenticAMD
  NumCores: 1
  NumLogicals: 2
  CPUFrequency: 0
  Memory: 7938
  MemModuleInfo:
    iNumMemSticks: 2
    DIMM 1:
      manufacturer: Microsoft Corporation
      modulePartNo: None
      memType: Unknown
      size: 1
      clkspeed: 0
      moduleVoltage: 0
    DIMM 2:
      manufacturer: Microsoft Corporation
      modulePartNo: None
      memType: Unknown
      size: 7
      clkspeed: 0
      moduleVoltage: 0
Checksum: 05F91DF3D3A1A7496D7F2D2A0BBE63E2A3C5B223