BaselineInfo:
  WebDBID: -1
  TimeStamp: 20241115140157
Version:
  Major: 11
  Minor: 0
  Build: 1002
  SpecialBuildName: ""
  ptArchitecture: x86_64_linux
Results:
  Results Complete: true
  NumTestProcesses: 2
  CPU_INTEGER_MATH: 8278.126666666667
  CPU_FLOATINGPOINT_MATH: 4592.2292481167251
  CPU_PRIME: 19.887295095522926
  CPU_SORTING: 4593.9795667030921
  CPU_ENCRYPTION: 2133.0135511117523
  CPU_COMPRESSION: 31841.308216106234
  CPU_SINGLETHREAD: 2340.5839678869115
  CPU_PHYSICS: 397.6606563066494
  CPU_MATRIX_MULT_SSE: 1756.8026372137783
  CPU_mm: 223.83594812434296
  CPU_sse: 942.21071975786958
  CPU_fma: 2589.8480451441201
  CPU_avx: 1738.3491467393458
  CPU_avx512: 0
  m_CPU_enc_SHA: 3068044332.589838
  m_CPU_enc_AES: 1995558947.0580091
  m_CPU_enc_ECDSA: 1646277172.4638238
  ME_ALLOC_S: 952.02907989699474
  ME_READ_S: 24252.805078124999
  ME_READ_L: 18888.080078125
  ME_WRITE: 19387.263671875
  ME_LARGE: 656.16666666666663
  ME_LATENCY: 61.403164549445563
  ME_THREADED: 22631.978515625
  SUMM_CPU: 3126.684134294283
  SUMM_ME: 1077.4072752084558
SystemInformation:
  OSName: Ubuntu 24.04.1 LTS
  Kernel: 6.8.0-1017-azure
  Device: ""
  Processor: AMD EPYC 7763 64-Core Processor
  NumSockets: 1
  Manufacturer: AuthenticAMD
  NumCores: 1
  NumLogicals: 2
  CPUFrequency: 0
  Memory: 7938
  MemModuleInfo:
    iNumMemSticks: 2
    DIMM 1:
      manufacturer: Microsoft Corporation
      modulePartNo: None
      memType: Unknown
      size: 1
      clkspeed: 0
      moduleVoltage: 0
    DIMM 2:
      manufacturer: Microsoft Corporation
      modulePartNo: None
      memType: Unknown
      size: 7
      clkspeed: 0
      moduleVoltage: 0
Checksum: 0712BD4E36D5E258BD56D8EA5728289D28324293