BaselineInfo:
  WebDBID: -1
  TimeStamp: 20260616225613
Version:
  Major: 11
  Minor: 0
  Build: 1004
  SpecialBuildName: ""
  ptArchitecture: x86_64_linux
Results:
  Results Complete: true
  NumTestProcesses: 2
  CPU_INTEGER_MATH: 6601.3196666666663
  CPU_FLOATINGPOINT_MATH: 3970.1561483197511
  CPU_PRIME: 17.036543532743529
  CPU_SORTING: 4039.5713622634785
  CPU_ENCRYPTION: 2079.7903534884908
  CPU_COMPRESSION: 30434.377302005203
  CPU_SINGLETHREAD: 2016.9927784912484
  CPU_PHYSICS: 295.23963326574784
  CPU_MATRIX_MULT_SSE: 1711.2361483527006
  CPU_mm: 188.71949193995297
  CPU_sse: 808.37943714982589
  CPU_fma: 2572.6719422340566
  CPU_avx: 1752.6570656742197
  CPU_avx512: 0
  m_CPU_enc_SHA: 2945575596.059082
  m_CPU_enc_AES: 2016427489.3804305
  m_CPU_enc_ECDSA: 1580451663.6591311
  ME_ALLOC_S: 672.74303656920733
  ME_READ_S: 23494.890429687501
  ME_READ_L: 11358.2646484375
  ME_WRITE: 10186.3447265625
  ME_LARGE: 6751.166666666667
  ME_LATENCY: 55.169662320601326
  ME_THREADED: 18952.9521484375
  SUMM_CPU: 2789.3607381707552
  SUMM_ME: 1797.7642820242536
SystemInformation:
  OSName: Ubuntu 24.04.4 LTS
  Kernel: 6.8.0-117-generic
  Device: ""
  Processor: "AMD EPYC 7H12 64-Core Processor                "
  NumSockets: 1
  Manufacturer: AuthenticAMD
  NumCores: 1
  NumLogicals: 2
  CPUFrequency: 7
  CPUMaxFrequency: 832
  Memory: 15340
  CPUInfo:
    number: 1
    Family: 15
    Model: 1
    stepping: 0
    features: 395049983
    manufacture: AuthenticAMD
    typestring: "AMD EPYC 7H12 64-Core Processor                "
    iCoresPerPackage: 1
    iThreadsPerPackage: 2
    featuresEx:
      - 395049983
      - 4277678595
      - 776996864
    bHybrid: false
    nPCore: 0
    nLogicalsPerPCore: 0
    nECore: 0
    nLogicalsPerECore: 0
  MemModuleInfo:
    iNumMemSticks: 1
    DIMM 1:
      manufacturer: Alibaba Cloud
      modulePartNo: Not Specified
      memType: RAM
      size: 16
      clkspeed: 0
      moduleVoltage: 0
Checksum: 51D41E21CA8D7DF827D885A8DE4A32683E034C44