BaselineInfo:
  WebDBID: -1
  TimeStamp: 20260616225531
Version:
  Major: 11
  Minor: 0
  Build: 1004
  SpecialBuildName: ""
  ptArchitecture: x86_64_linux
Results:
  Results Complete: true
  NumTestProcesses: 2
  CPU_INTEGER_MATH: 6677.2659999999996
  CPU_FLOATINGPOINT_MATH: 4005.0216408980205
  CPU_PRIME: 13.80669864919679
  CPU_SORTING: 3745.2744899130462
  CPU_ENCRYPTION: 2109.7026699156504
  CPU_COMPRESSION: 30104.267492578932
  CPU_SINGLETHREAD: 2082.5686402592364
  CPU_PHYSICS: 289.30969073671594
  CPU_MATRIX_MULT_SSE: 1797.7824720596268
  CPU_mm: 200.4073899026551
  CPU_sse: 827.65520390208985
  CPU_fma: 2744.3927931232042
  CPU_avx: 1821.2994191535861
  CPU_avx512: 0
  m_CPU_enc_SHA: 2989636249.6043582
  m_CPU_enc_AES: 2048336753.8897851
  m_CPU_enc_ECDSA: 1598577756.9342759
  ME_ALLOC_S: 696.57225302270035
  ME_READ_S: 23707.511328125001
  ME_READ_L: 11433.2138671875
  ME_WRITE: 10296.3671875
  ME_LARGE: 7152.916666666667
  ME_LATENCY: 57.55636501996522
  ME_THREADED: 18997.681640625
  SUMM_CPU: 2767.2947448180967
  SUMM_ME: 1799.0695341886578
SystemInformation:
  OSName: Ubuntu 24.04.4 LTS
  Kernel: 6.8.0-117-generic
  Device: ""
  Processor: "AMD EPYC 7H12 64-Core Processor                "
  NumSockets: 1
  Manufacturer: AuthenticAMD
  NumCores: 1
  NumLogicals: 2
  CPUFrequency: 7
  CPUMaxFrequency: 832
  Memory: 15340
  CPUInfo:
    number: 1
    Family: 15
    Model: 1
    stepping: 0
    features: 395049983
    manufacture: AuthenticAMD
    typestring: "AMD EPYC 7H12 64-Core Processor                "
    iCoresPerPackage: 1
    iThreadsPerPackage: 2
    featuresEx:
      - 395049983
      - 4277678595
      - 776996864
    bHybrid: false
    nPCore: 0
    nLogicalsPerPCore: 0
    nECore: 0
    nLogicalsPerECore: 0
  MemModuleInfo:
    iNumMemSticks: 1
    DIMM 1:
      manufacturer: Alibaba Cloud
      modulePartNo: Not Specified
      memType: RAM
      size: 16
      clkspeed: 0
      moduleVoltage: 0
Checksum: B1C9D443D5485FBDAD0FA134CF6C5380C94F16EF