BaselineInfo:
  WebDBID: -1
  TimeStamp: 20241108021626
Version:
  Major: 11
  Minor: 0
  Build: 1002
  SpecialBuildName: ""
  ptArchitecture: x86_64_linux
Results:
  Results Complete: true
  NumTestProcesses: 8
  CPU_INTEGER_MATH: 42106.905000000006
  CPU_FLOATINGPOINT_MATH: 34696.172680703545
  CPU_PRIME: 135.10341225268138
  CPU_SORTING: 24811.93450382461
  CPU_ENCRYPTION: 9386.9758998701163
  CPU_COMPRESSION: 181059.81960549115
  CPU_SINGLETHREAD: 2437.9558574698785
  CPU_PHYSICS: 2077.6285032174496
  CPU_MATRIX_MULT_SSE: 15557.990967554721
  CPU_mm: 1941.2529259681489
  CPU_sse: 6312.6461436640784
  CPU_fma: 17665.638857111455
  CPU_avx: 13417.77601089386
  CPU_avx512: 24835.902858549493
  m_CPU_enc_SHA: 11015932531.484505
  m_CPU_enc_AES: 11358780604.116638
  m_CPU_enc_ECDSA: 7154159787.9454775
  ME_ALLOC_S: 7754.4774300375839
  ME_READ_S: 24498.125585937501
  ME_READ_L: 11730.9541015625
  ME_WRITE: 10909.3154296875
  ME_LARGE: 53917.916666666664
  ME_LATENCY: 60.172204633201638
  ME_THREADED: 76081.16015625
  SUMM_CPU: 17106.172474653242
  SUMM_ME: 2512.7217196464535
SystemInformation:
  OSName: Ubuntu 24.04.1 LTS
  Kernel: 6.8.0-1017-azure
  Device: ""
  Processor: Intel Xeon Platinum 8370C CPU @ 2.80GHz
  NumSockets: 1
  Manufacturer: GenuineIntel
  NumCores: 8
  NumLogicals: 8
  CPUFrequency: 2800
  Memory: 64298
  MemModuleInfo:
    iNumMemSticks: 4
    DIMM 1:
      manufacturer: Microsoft Corporation
      modulePartNo: None
      memType: Unknown
      size: 1
      clkspeed: 0
      moduleVoltage: 0
    DIMM 2:
      manufacturer: Microsoft Corporation
      modulePartNo: None
      memType: Unknown
      size: 60928
      clkspeed: 0
      moduleVoltage: 0
    DIMM 3:
      manufacturer: Microsoft Corporation
      modulePartNo: None
      memType: Unknown
      size: 3584
      clkspeed: 0
      moduleVoltage: 0
    DIMM 4:
      manufacturer: Microsoft Corporation
      modulePartNo: None
      memType: Unknown
      size: 32
      clkspeed: 0
      moduleVoltage: 0
Checksum: BFDAE8BA3C4CC142547A1279F3FEADB536818917