---
system-info:
      stress-ng-version: 0.17.08
      run-by: root
      date-yyyy-mm-dd: 2024:06:09
      time-hh-mm-ss: 17:55:14
      epoch-secs: 1717955714
      hostname: bcbd7dd11243
      sysname: Linux
      nodename: bcbd7dd11243
      release: 6.8.0-1008-aws
      version: '#8-Ubuntu SMP Sat Apr 20 00:46:25 UTC 2024'
      machine: x86_64
      compiler: 'musl-gcc 13.2.1'
      uptime: 106
      totalram: 33091219456
      freeram: 28566831104
      sharedram: 59883520
      bufferram: 110333952
      totalswap: 0
      freeswap: 0
      pagesize: 4096
      cpus: 4
      cpus-online: 4
      ticks-per-second: 100

metrics:
    - stressor: cpu
      bogo-ops: 47871
      bogo-ops-per-second-usr-sys-time: 1203.288067
      bogo-ops-per-second-real-time: 4786.280263
      wall-clock-time: 10.001713
      user-time: 39.777501
      system-time: 0.005990
      cpu-usage-per-instance: 99.441696
      max-rss: 4176

...
