---
system-info:
      stress-ng-version: 0.17.08
      run-by: root
      date-yyyy-mm-dd: 2024:06:15
      time-hh-mm-ss: 20:22:24
      epoch-secs: 1718482944
      hostname: e9ca3816c16d
      sysname: Linux
      nodename: e9ca3816c16d
      release: 6.8.0-1008-aws
      version: '#8-Ubuntu SMP Sat Apr 20 00:46:25 UTC 2024'
      machine: x86_64
      compiler: 'musl-gcc 13.2.1'
      uptime: 114
      totalram: 33091219456
      freeram: 28708868096
      sharedram: 59883520
      bufferram: 108568576
      totalswap: 0
      freeswap: 0
      pagesize: 4096
      cpus: 4
      cpus-online: 4
      ticks-per-second: 100

metrics:
    - stressor: cpu
      bogo-ops: 76978
      bogo-ops-per-second-usr-sys-time: 966.234365
      bogo-ops-per-second-real-time: 3848.886258
      wall-clock-time: 20.000071
      user-time: 79.660048
      system-time: 0.007994
      cpu-usage-per-instance: 99.584697
      max-rss: 1104

...
