BaselineInfo:
  WebDBID: -1
  TimeStamp: 20251202220419
Version:
  Major: 11
  Minor: 0
  Build: 1002
  SpecialBuildName: ""
  ptArchitecture: x86_64_linux
Results:
  Results Complete: true
  NumTestProcesses: 48
  CPU_INTEGER_MATH: 407151.67733333335
  CPU_FLOATINGPOINT_MATH: 406951.9763619366
  CPU_PRIME: 1566.6232004074811
  CPU_SORTING: 241310.21297220723
  CPU_ENCRYPTION: 84645.023153931703
  CPU_COMPRESSION: 1725251.9091850088
  CPU_SINGLETHREAD: 4268.2919443942264
  CPU_PHYSICS: 21680.567146551439
  CPU_MATRIX_MULT_SSE: 149768.20008232791
  CPU_mm: 17642.436082257103
  CPU_sse: 55578.575632891821
  CPU_fma: 202521.63525354871
  CPU_avx: 113389.36965218846
  CPU_avx512: 227583.21979068263
  m_CPU_enc_SHA: 117522270476.71529
  m_CPU_enc_AES: 73609007860.706696
  m_CPU_enc_ECDSA: 75138941058.54924
  ME_ALLOC_S: 40836.705746286731
  ME_READ_S: 37885.654296875
  ME_READ_L: 34109.265625
  ME_WRITE: 33574.16015625
  ME_LARGE: 1527696.5
  ME_LATENCY: 85.582329677254407
  ME_THREADED: 687762.5625
  SUMM_CPU: 116535.22910034448
  SUMM_ME: 2910.9545677319129
SystemInformation:
  OSName: Ubuntu 24.04.2 LTS
  Kernel: 6.14.0-1017-aws
  Device: ""
  Processor: AMD EPYC 9R05
  NumSockets: 1
  Manufacturer: AuthenticAMD
  NumCores: 48
  NumLogicals: 48
  CPUFrequency: 0
  Memory: 1541659
  MemModuleInfo:
    iNumMemSticks: 1
    DIMM 1:
      manufacturer: Not Specified
      modulePartNo: Not Specified
      memType: DDR5
      size: 1536
      clkspeed: 3200
      moduleVoltage: 0
Checksum: 0780527CE749D87F082B8F905433AA2461C79FBD