---
system-info:
      stress-ng-version: 0.17.08
      run-by: root
      date-yyyy-mm-dd: 2024:07:02
      time-hh-mm-ss: 21:36:47
      epoch-secs: 1719956207
      hostname: c3-standard-44-d6879ea
      sysname: Linux
      nodename: c3-standard-44-d6879ea
      release: 6.8.0-1009-gcp
      version: '#10-Ubuntu SMP Wed Jun 12 18:52:23 UTC 2024'
      machine: x86_64
      compiler: 'musl-gcc 13.2.1'
      uptime: 112
      totalram: 185687752704
      freeram: 180228841472
      sharedram: 111865856
      bufferram: 128610304
      totalswap: 0
      freeswap: 0
      pagesize: 4096
      cpus: 44
      cpus-online: 44
      ticks-per-second: 100

metrics:
    - stressor: cpu
      bogo-ops: 732805
      bogo-ops-per-second-usr-sys-time: 833.041461
      bogo-ops-per-second-real-time: 36640.065598
      wall-clock-time: 20.000101
      user-time: 879.654117
      system-time: 0.019986
      cpu-usage-per-instance: 99.962463
      max-rss: 1056

...
