BaselineInfo:
  WebDBID: -1
  TimeStamp: 20260620030514
Version:
  Major: 11
  Minor: 0
  Build: 1004
  SpecialBuildName: ""
  ptArchitecture: x86_64_linux
Results:
  Results Complete: true
  NumTestProcesses: 8
  CPU_INTEGER_MATH: 60376.979999999996
  CPU_FLOATINGPOINT_MATH: 59865.112531572289
  CPU_PRIME: 207.16173926970376
  CPU_SORTING: 33579.799148407721
  CPU_ENCRYPTION: 12417.655902944571
  CPU_COMPRESSION: 245486.43554905543
  CPU_SINGLETHREAD: 3749.9457512938998
  CPU_PHYSICS: 2840.7915842488505
  CPU_MATRIX_MULT_SSE: 22356.388424925255
  CPU_mm: 2676.8227909074967
  CPU_sse: 8160.4363563218758
  CPU_fma: 31404.647116489996
  CPU_avx: 16450.704019285688
  CPU_avx512: 33409.766207603469
  m_CPU_enc_SHA: 17537032593.915211
  m_CPU_enc_AES: 10805379348.601603
  m_CPU_enc_ECDSA: 10720155925.741207
  ME_ALLOC_S: 10187.255881883102
  ME_READ_S: 33389.358007812501
  ME_READ_L: 30095.228515625
  ME_WRITE: 30311.36328125
  ME_LARGE: 120375.33333333333
  ME_LATENCY: 80.003356981755346
  ME_THREADED: 55291.20947265625
  SUMM_CPU: 24491.612265827713
  SUMM_ME: 2747.2709694980672
SystemInformation:
  OSName: Ubuntu 24.04.4 LTS
  Kernel: 6.17.0-1018-azure
  Device: ""
  Processor: "AMD EPYC 9V45 96-Core Processor                "
  NumSockets: 1
  Manufacturer: AuthenticAMD
  NumCores: 8
  NumLogicals: 8
  CPUFrequency: 0
  CPUMaxFrequency: 0
  Memory: 128812
  CPUInfo:
    number: 1
    Family: 15
    Model: 2
    stepping: 1
    features: 395049983
    manufacture: AuthenticAMD
    typestring: "AMD EPYC 9V45 96-Core Processor                "
    iCoresPerPackage: 8
    iThreadsPerPackage: 1
    featuresEx:
      - 395049983
      - 4277809667
      - 802421759
    bHybrid: false
    nPCore: 0
    nLogicalsPerPCore: 0
    nECore: 0
    nLogicalsPerECore: 0
  MemModuleInfo:
    iNumMemSticks: 3
    DIMM 1:
      manufacturer: Microsoft Corporation
      modulePartNo: None
      memType: Unknown
      size: 1
      clkspeed: 0
      moduleVoltage: 0
    DIMM 2:
      manufacturer: Microsoft Corporation
      modulePartNo: None
      memType: Unknown
      size: 59
      clkspeed: 0
      moduleVoltage: 0
    DIMM 3:
      manufacturer: Microsoft Corporation
      modulePartNo: None
      memType: Unknown
      size: 68
      clkspeed: 0
      moduleVoltage: 0
Checksum: 2C1B6170B4EEF87E7F19109349A16DCA6F03F9EE