---
system-info:
      stress-ng-version: 0.17.08
      run-by: root
      date-yyyy-mm-dd: 2024:06:06
      time-hh-mm-ss: 03:51:46
      epoch-secs: 1717645906
      hostname: 859b6fc1507c
      sysname: Linux
      nodename: 859b6fc1507c
      release: 6.8.0-1008-aws
      version: '#8-Ubuntu SMP Sat Apr 20 00:46:25 UTC 2024'
      machine: x86_64
      compiler: 'musl-gcc 13.2.1'
      uptime: 116
      totalram: 32908685312
      freeram: 28740853760
      sharedram: 36909056
      bufferram: 80121856
      totalswap: 0
      freeswap: 0
      pagesize: 4096
      cpus: 16
      cpus-online: 16
      ticks-per-second: 100

metrics:
    - stressor: cpu
      bogo-ops: 208197
      bogo-ops-per-second-usr-sys-time: 1303.249348
      bogo-ops-per-second-real-time: 20817.345779
      wall-clock-time: 10.001131
      user-time: 159.728252
      system-time: 0.023986
      cpu-usage-per-instance: 99.833859
      max-rss: 4048

...
