---
system-info:
      stress-ng-version: 0.17.08
      run-by: root
      date-yyyy-mm-dd: 2024:06:14
      time-hh-mm-ss: 03:55:49
      epoch-secs: 1718337349
      hostname: 4af0e8fc25c4
      sysname: Linux
      nodename: 4af0e8fc25c4
      release: 6.8.0-1008-aws
      version: '#8-Ubuntu SMP Sat Apr 20 00:46:25 UTC 2024'
      machine: x86_64
      compiler: 'musl-gcc 13.2.1'
      uptime: 113
      totalram: 32908693504
      freeram: 28509421568
      sharedram: 36909056
      bufferram: 106745856
      totalswap: 0
      freeswap: 0
      pagesize: 4096
      cpus: 16
      cpus-online: 16
      ticks-per-second: 100

metrics:
    - stressor: cpu
      bogo-ops: 463934
      bogo-ops-per-second-usr-sys-time: 1451.082647
      bogo-ops-per-second-real-time: 23196.637799
      wall-clock-time: 20.000054
      user-time: 319.704774
      system-time: 0.010992
      cpu-usage-per-instance: 99.910909
      max-rss: 1104

...
