BaselineInfo:
  WebDBID: -1
  TimeStamp: 20241114083624
Version:
  Major: 11
  Minor: 0
  Build: 1002
  SpecialBuildName: ""
  ptArchitecture: aarch64_linux
Results:
  Results Complete: true
  NumTestProcesses: 2
  CPU_INTEGER_MATH: 9373.6803333333337
  CPU_FLOATINGPOINT_MATH: 7118.727743143636
  CPU_PRIME: 18.857076848004084
  CPU_SORTING: 6735.5887009089483
  CPU_ENCRYPTION: 320.20013545464394
  CPU_COMPRESSION: 10481.500763010679
  CPU_SINGLETHREAD: 1325.9379156872465
  CPU_PHYSICS: 362.43395152600164
  CPU_MATRIX_MULT_SSE: 1460.2964038434716
  CPU_mm: 247.1110741401298
  CPU_sse: 1228.6076948722016
  CPU_fma: 1691.9851128147416
  CPU_avx: 0
  CPU_avx512: 0
  m_CPU_enc_SHA: 487389067.63500476
  m_CPU_enc_AES: 223999926.99237055
  m_CPU_enc_ECDSA: 295873537.07609099
  ME_ALLOC_S: 1348.0704598547622
  ME_READ_S: 11176.527148437501
  ME_READ_L: 8859.88671875
  ME_WRITE: 14691.28125
  ME_LARGE: 1036.9166666666667
  ME_LATENCY: 70.752620249324721
  ME_THREADED: 17691.5146484375
  SUMM_CPU: 1597.95688495902
  SUMM_ME: 1088.7166917472255
SystemInformation:
  OSName: Ubuntu 24.04.1 LTS
  Kernel: 6.8.0-45-generic
  Device: ""
  Processor: ARM Neoverse-N1 2 Core 0 MHz
  NumSockets: 1
  Manufacturer: ARM
  NumCores: 2
  NumLogicals: 2
  CPUFrequency: 0
  Memory: 3805
Checksum: 8ACB0E0F3FB75A836E4248324A54354939F79DB4