BaselineInfo:
  WebDBID: -1
  TimeStamp: 20241106211640
Version:
  Major: 11
  Minor: 0
  Build: 1002
  SpecialBuildName: ""
  ptArchitecture: aarch64_linux
Results:
  Results Complete: true
  NumTestProcesses: 2
  CPU_INTEGER_MATH: 9365.4680000000008
  CPU_FLOATINGPOINT_MATH: 7101.0412655378968
  CPU_PRIME: 14.934926290548155
  CPU_SORTING: 6601.1125440004162
  CPU_ENCRYPTION: 319.0215682642289
  CPU_COMPRESSION: 10427.672262541309
  CPU_SINGLETHREAD: 1319.1996867844794
  CPU_PHYSICS: 299.30048047493563
  CPU_MATRIX_MULT_SSE: 1477.701292805501
  CPU_mm: 245.71308866812421
  CPU_sse: 1233.1840393204286
  CPU_fma: 1722.2185462905732
  CPU_avx: 0
  CPU_avx512: 0
  m_CPU_enc_SHA: 485983141.59382296
  m_CPU_enc_AES: 224407564.77254844
  m_CPU_enc_ECDSA: 293164373.52632481
  ME_ALLOC_S: 1347.1642139584096
  ME_READ_S: 11272.06162109375
  ME_READ_L: 8272.62109375
  ME_WRITE: 14236.0859375
  ME_LARGE: 547.83333333333337
  ME_LATENCY: 78.597119344106716
  ME_THREADED: 15857.3564453125
  SUMM_CPU: 1579.817281809444
  SUMM_ME: 811.07482373802566
SystemInformation:
  OSName: Ubuntu 24.04.1 LTS
  Kernel: 6.8.0-45-generic
  Device: ""
  Processor: ARM Neoverse-N1 2 Core 0 MHz
  NumSockets: 1
  Manufacturer: ARM
  NumCores: 2
  NumLogicals: 2
  CPUFrequency: 0
  Memory: 3805
Checksum: 5387EF9B85F6D76FB52E522EBCEA30C9D56FFB50