BaselineInfo:
  WebDBID: -1
  TimeStamp: 20241115085619
Version:
  Major: 11
  Minor: 0
  Build: 1002
  SpecialBuildName: ""
  ptArchitecture: aarch64_linux
Results:
  Results Complete: true
  NumTestProcesses: 2
  CPU_INTEGER_MATH: 9320.7853333333333
  CPU_FLOATINGPOINT_MATH: 7068.5734748355908
  CPU_PRIME: 17.143480732903861
  CPU_SORTING: 6660.0591775945668
  CPU_ENCRYPTION: 318.37632681939562
  CPU_COMPRESSION: 10349.096173872769
  CPU_SINGLETHREAD: 1308.484279492058
  CPU_PHYSICS: 313.96854256734747
  CPU_MATRIX_MULT_SSE: 1465.1843608987765
  CPU_mm: 247.52314116495714
  CPU_sse: 1223.8993798169845
  CPU_fma: 1706.4693419805685
  CPU_avx: 0
  CPU_avx512: 0
  m_CPU_enc_SHA: 483403777.55693293
  m_CPU_enc_AES: 223759639.622935
  m_CPU_enc_ECDSA: 294361908.63305581
  ME_ALLOC_S: 1355.628627379808
  ME_READ_S: 11219.98837890625
  ME_READ_L: 8456.1650390625
  ME_WRITE: 14878.978515625
  ME_LARGE: 640.83333333333337
  ME_LATENCY: 74.408734673106153
  ME_THREADED: 16448.263671875
  SUMM_CPU: 1579.569878973565
  SUMM_ME: 885.41592899930936
SystemInformation:
  OSName: Ubuntu 24.04.1 LTS
  Kernel: 6.8.0-45-generic
  Device: ""
  Processor: ARM Neoverse-N1 2 Core 0 MHz
  NumSockets: 1
  Manufacturer: ARM
  NumCores: 2
  NumLogicals: 2
  CPUFrequency: 0
  Memory: 3805
Checksum: 20DCFDAC0ECEC39DF47C860C1C3D164B39948F90