BaselineInfo:
  WebDBID: -1
  TimeStamp: 20241114183340
Version:
  Major: 11
  Minor: 0
  Build: 1002
  SpecialBuildName: ""
  ptArchitecture: aarch64_linux
Results:
  Results Complete: true
  NumTestProcesses: 2
  CPU_INTEGER_MATH: 9307.2243333333336
  CPU_FLOATINGPOINT_MATH: 7091.837459176365
  CPU_PRIME: 14.948404393449287
  CPU_SORTING: 6635.0149584744313
  CPU_ENCRYPTION: 319.4940936300959
  CPU_COMPRESSION: 10376.323375695918
  CPU_SINGLETHREAD: 1319.474428337935
  CPU_PHYSICS: 294.29549588156203
  CPU_MATRIX_MULT_SSE: 1475.231182652677
  CPU_mm: 247.91855052791274
  CPU_sse: 1227.890231112061
  CPU_fma: 1722.5721341932931
  CPU_avx: 0
  CPU_avx512: 0
  m_CPU_enc_SHA: 479319914.46747875
  m_CPU_enc_AES: 223243563.94800028
  m_CPU_enc_ECDSA: 302478037.75133526
  ME_ALLOC_S: 1393.3073800039006
  ME_READ_S: 11294.688281250001
  ME_READ_L: 8470.34375
  ME_WRITE: 14845.205078125
  ME_LARGE: 554.33333333333337
  ME_LATENCY: 73.963792754989086
  ME_THREADED: 16296.267578125
  SUMM_CPU: 1577.1470918462367
  SUMM_ME: 829.93768792026083
SystemInformation:
  OSName: Ubuntu 24.04.1 LTS
  Kernel: 6.8.0-45-generic
  Device: ""
  Processor: ARM Neoverse-N1 2 Core 0 MHz
  NumSockets: 1
  Manufacturer: ARM
  NumCores: 2
  NumLogicals: 2
  CPUFrequency: 0
  Memory: 3805
Checksum: D52B8F49A87E43CE34C81DA2C40BE6E340A2F1F7