BaselineInfo:
  WebDBID: -1
  TimeStamp: 20241114161356
Version:
  Major: 11
  Minor: 0
  Build: 1002
  SpecialBuildName: ""
  ptArchitecture: aarch64_linux
Results:
  Results Complete: true
  NumTestProcesses: 2
  CPU_INTEGER_MATH: 9297.5920000000006
  CPU_FLOATINGPOINT_MATH: 7109.3276001725544
  CPU_PRIME: 16.929851734943185
  CPU_SORTING: 6612.1713171989486
  CPU_ENCRYPTION: 319.30931370223851
  CPU_COMPRESSION: 10433.780616186516
  CPU_SINGLETHREAD: 1323.243960976248
  CPU_PHYSICS: 321.61188847010192
  CPU_MATRIX_MULT_SSE: 1483.2906095935377
  CPU_mm: 248.01443458216909
  CPU_sse: 1242.2660256622348
  CPU_fma: 1724.3151935248407
  CPU_avx: 0
  CPU_avx512: 0
  m_CPU_enc_SHA: 477206840.49622297
  m_CPU_enc_AES: 223278224.77442354
  m_CPU_enc_ECDSA: 303975183.50326884
  ME_ALLOC_S: 1359.7239480626713
  ME_READ_S: 11316.9291015625
  ME_READ_L: 8866.3486328125
  ME_WRITE: 14861.1201171875
  ME_LARGE: 578.66666666666663
  ME_LATENCY: 75.241390903609712
  ME_THREADED: 16824.96875
  SUMM_CPU: 1587.3026391883759
  SUMM_ME: 848.67190502544895
SystemInformation:
  OSName: Ubuntu 24.04.1 LTS
  Kernel: 6.8.0-45-generic
  Device: ""
  Processor: ARM Neoverse-N1 2 Core 0 MHz
  NumSockets: 1
  Manufacturer: ARM
  NumCores: 2
  NumLogicals: 2
  CPUFrequency: 0
  Memory: 3805
Checksum: 2AA516BEE8CAEF76A6A93195B02237E11D3EAFE6