BaselineInfo:
  WebDBID: -1
  TimeStamp: 20241107111045
Version:
  Major: 11
  Minor: 0
  Build: 1002
  SpecialBuildName: ""
  ptArchitecture: x86_64_linux
Results:
  Results Complete: true
  NumTestProcesses: 32
  CPU_INTEGER_MATH: 134576.28733333334
  CPU_FLOATINGPOINT_MATH: 68863.221172185076
  CPU_PRIME: 187.56651374948578
  CPU_SORTING: 68710.920529566254
  CPU_ENCRYPTION: 29242.486497007321
  CPU_COMPRESSION: 487244.69787229184
  CPU_SINGLETHREAD: 2426.9752945965388
  CPU_PHYSICS: 3209.1547877747803
  CPU_MATRIX_MULT_SSE: 28286.867342827998
  CPU_mm: 2900.4505310164309
  CPU_sse: 12775.772872546429
  CPU_fma: 35091.815999918123
  CPU_avx: 25913.823362697934
  CPU_avx512: 39366.057136149509
  m_CPU_enc_SHA: 29533885496.86898
  m_CPU_enc_AES: 44460748386.362053
  m_CPU_enc_ECDSA: 17994274680.026817
  ME_ALLOC_S: 15173.780269003857
  ME_READ_S: 24472.217187499999
  ME_READ_L: 11756.4814453125
  ME_WRITE: 10727.80859375
  ME_LARGE: 53589.166666666664
  ME_LATENCY: 53.11196998558929
  ME_THREADED: 136776.98486328125
  SUMM_CPU: 36737.185379375645
  SUMM_ME: 2719.6206271679321
SystemInformation:
  OSName: Ubuntu 24.04.1 LTS
  Kernel: 6.8.0-1017-azure
  Device: ""
  Processor: Intel Xeon Platinum 8370C CPU @ 2.80GHz
  NumSockets: 1
  Manufacturer: GenuineIntel
  NumCores: 16
  NumLogicals: 32
  CPUFrequency: 2800
  Memory: 64290
  MemModuleInfo:
    iNumMemSticks: 3
    DIMM 1:
      manufacturer: Microsoft Corporation
      modulePartNo: None
      memType: Unknown
      size: 1
      clkspeed: 0
      moduleVoltage: 0
    DIMM 2:
      manufacturer: Microsoft Corporation
      modulePartNo: None
      memType: Unknown
      size: 60928
      clkspeed: 0
      moduleVoltage: 0
    DIMM 3:
      manufacturer: Microsoft Corporation
      modulePartNo: None
      memType: Unknown
      size: 3584
      clkspeed: 0
      moduleVoltage: 0
Checksum: DC0DF0AF3A0CC01E8BF5541277790744BFD4EE6D