BaselineInfo:
  WebDBID: -1
  TimeStamp: 20250821003455
Version:
  Major: 11
  Minor: 0
  Build: 1002
  SpecialBuildName: ""
  ptArchitecture: x86_64_linux
Results:
  Results Complete: true
  NumTestProcesses: 32
  CPU_INTEGER_MATH: 164967.90833333333
  CPU_FLOATINGPOINT_MATH: 119503.48351101787
  CPU_PRIME: 329.39078347092163
  CPU_SORTING: 82535.110388291519
  CPU_ENCRYPTION: 36285.594511452087
  CPU_COMPRESSION: 637181.43466034229
  CPU_SINGLETHREAD: 3244.4690498758537
  CPU_PHYSICS: 5961.037797400958
  CPU_MATRIX_MULT_SSE: 44151.518552178299
  CPU_mm: 4795.2019183572947
  CPU_sse: 19686.991016217438
  CPU_fma: 52157.11666955446
  CPU_avx: 41457.525483400779
  CPU_avx512: 63304.441039540492
  m_CPU_enc_SHA: 38250103846.800758
  m_CPU_enc_AES: 49934944459.963478
  m_CPU_enc_ECDSA: 25959562344.556953
  ME_ALLOC_S: 14978.715638303187
  ME_READ_S: 28865.732617187499
  ME_READ_L: 14245.23828125
  ME_WRITE: 10564.0263671875
  ME_LARGE: 243208.83333333334
  ME_LATENCY: 82.692311774939057
  ME_THREADED: 133226.51220703125
  SUMM_CPU: 51024.215357398047
  SUMM_ME: 2339.5557563545881
SystemInformation:
  OSName: Ubuntu 24.04.2 LTS
  Kernel: 6.14.0-1010-aws
  Device: ""
  Processor: Intel Xeon 6975P-C
  NumSockets: 1
  Manufacturer: GenuineIntel
  NumCores: 16
  NumLogicals: 32
  CPUFrequency: 0
  Memory: 253668
  MemModuleInfo:
    iNumMemSticks: 1
    DIMM 1:
      manufacturer: Not Specified
      modulePartNo: Not Specified
      memType: DDR5
      size: 256
      clkspeed: 3600
      moduleVoltage: 0
Checksum: ACC5C7254C6B67EEF972DBDDDF3B27FAB452D034