BaselineInfo:
  WebDBID: -1
  TimeStamp: 20260404182129
Version:
  Major: 11
  Minor: 0
  Build: 1004
  SpecialBuildName: ""
  ptArchitecture: x86_64_linux
Results:
  Results Complete: true
  NumTestProcesses: 24
  CPU_INTEGER_MATH: 76975.217999999979
  CPU_FLOATINGPOINT_MATH: 41279.798925039016
  CPU_PRIME: 117.5788486809203
  CPU_SORTING: 46286.020750218428
  CPU_ENCRYPTION: 10636.744166703227
  CPU_COMPRESSION: 352233.2825667818
  CPU_SINGLETHREAD: 2158.6280915612497
  CPU_PHYSICS: 1877.8952512952269
  CPU_MATRIX_MULT_SSE: 21481.438553284475
  CPU_mm: 2343.7096323367173
  CPU_sse: 8376.2343681137081
  CPU_fma: 26110.753251488117
  CPU_avx: 18457.077320099685
  CPU_avx512: 32981.689273436365
  m_CPU_enc_SHA: 3476346433.5359902
  m_CPU_enc_AES: 26833165443.194744
  m_CPU_enc_ECDSA: 3150792077.3042765
  ME_ALLOC_S: 8593.6984155260325
  ME_READ_S: 24762.354296875001
  ME_READ_L: 10330.966796875
  ME_WRITE: 9981.1875
  ME_LARGE: 32877.416666666664
  ME_LATENCY: 51.916586330184565
  ME_THREADED: 106498.701171875
  SUMM_CPU: 23410.973690133891
  SUMM_ME: 2593.192653956874
SystemInformation:
  OSName: Ubuntu 24.04.4 LTS
  Kernel: 6.8.0-106-generic
  Device: ""
  Processor: Intel(R) Xeon(R) Platinum 8269CY CPU T 3.10GHz
  NumSockets: 1
  Manufacturer: GenuineIntel
  NumCores: 12
  NumLogicals: 24
  CPUFrequency: 3100
  CPUMaxFrequency: 3800
  Memory: 46239
  CPUInfo:
    number: 1
    Family: 6
    Model: 5
    stepping: 7
    features: 529267711
    manufacture: GenuineIntel
    typestring: Intel(R) Xeon(R) Platinum 8269CY CPU T 3.10GHz
    iCoresPerPackage: 12
    iThreadsPerPackage: 2
    featuresEx:
      - 529267711
      - 4277809667
      - 739248128
    bHybrid: false
    nPCore: 0
    nLogicalsPerPCore: 0
    nECore: 0
    nLogicalsPerECore: 0
  MemModuleInfo:
    iNumMemSticks: 3
    DIMM 1:
      manufacturer: Alibaba Cloud
      modulePartNo: Not Specified
      memType: RAM
      size: 16
      clkspeed: 0
      moduleVoltage: 0
    DIMM 2:
      manufacturer: Alibaba Cloud
      modulePartNo: Not Specified
      memType: RAM
      size: 16
      clkspeed: 0
      moduleVoltage: 0
    DIMM 3:
      manufacturer: Alibaba Cloud
      modulePartNo: Not Specified
      memType: RAM
      size: 16
      clkspeed: 0
      moduleVoltage: 0
Checksum: E5B8A9F9E24C94A07D506155653E117AFE013663