---
system-info:
      stress-ng-version: 0.17.08
      run-by: root
      date-yyyy-mm-dd: 2024:09:16
      time-hh-mm-ss: 21:10:59
      epoch-secs: 1726521059
      hostname: sc-runner
      sysname: Linux
      nodename: sc-runner
      release: 6.8.0-1014-azure
      version: '#16-Ubuntu SMP Thu Aug 15 20:04:41 UTC 2024'
      machine: x86_64
      compiler: 'musl-gcc 13.2.1'
      uptime: 291
      totalram: 135066304512
      freeram: 124780535808
      sharedram: 54984704
      bufferram: 232460288
      totalswap: 0
      freeswap: 0
      pagesize: 4096
      cpus: 16
      cpus-online: 16
      ticks-per-second: 100

metrics:
    - stressor: cpu
      bogo-ops: 257138
      bogo-ops-per-second-usr-sys-time: 804.571921
      bogo-ops-per-second-real-time: 12856.806269
      wall-clock-time: 20.000146
      user-time: 319.568055
      system-time: 0.027985
      cpu-usage-per-instance: 99.873034
      max-rss: 3124

...
