BaselineInfo:
  WebDBID: -1
  TimeStamp: 20241109113546
Version:
  Major: 11
  Minor: 0
  Build: 1002
  SpecialBuildName: ""
  ptArchitecture: x86_64_linux
Results:
  Results Complete: true
  NumTestProcesses: 48
  CPU_INTEGER_MATH: 131823.99600000001
  CPU_FLOATINGPOINT_MATH: 70729.459894273998
  CPU_PRIME: 208.051675455957
  CPU_SORTING: 68745.816412300599
  CPU_ENCRYPTION: 18127.950472727636
  CPU_COMPRESSION: 574828.24127204332
  CPU_SINGLETHREAD: 1783.6072320354349
  CPU_PHYSICS: 3808.1470578388908
  CPU_MATRIX_MULT_SSE: 41600.399436328917
  CPU_mm: 4003.5323784200868
  CPU_sse: 14306.166373118593
  CPU_fma: 49017.743561876268
  CPU_avx: 34623.713087111762
  CPU_avx512: 68453.974723209045
  m_CPU_enc_SHA: 5962148731.3819275
  m_CPU_enc_AES: 45739680757.598114
  m_CPU_enc_ECDSA: 5323771895.6925135
  ME_ALLOC_S: 15854.54458320396
  ME_READ_S: 21768.740039062501
  ME_READ_L: 11683.4326171875
  ME_WRITE: 10516.5546875
  ME_LARGE: 375358.25
  ME_LATENCY: 49.700350698467268
  ME_THREADED: 171408.84912109375
  SUMM_CPU: 34563.436168283792
  SUMM_ME: 2767.34275141118
SystemInformation:
  OSName: Ubuntu 24.04.1 LTS
  Kernel: 6.8.0-1017-azure
  Device: ""
  Processor: Intel Xeon Platinum 8272CL CPU @ 2.60GHz
  NumSockets: 2
  Manufacturer: GenuineIntel
  NumCores: 24
  NumLogicals: 48
  CPUFrequency: 0
  Memory: 386937
  MemModuleInfo:
    iNumMemSticks: 4
    DIMM 1:
      manufacturer: Microsoft Corporation
      modulePartNo: None
      memType: Unknown
      size: 1
      clkspeed: 0
      moduleVoltage: 0
    DIMM 2:
      manufacturer: Microsoft Corporation
      modulePartNo: None
      memType: Unknown
      size: 60928
      clkspeed: 0
      moduleVoltage: 0
    DIMM 3:
      manufacturer: Microsoft Corporation
      modulePartNo: None
      memType: Unknown
      size: 134656
      clkspeed: 0
      moduleVoltage: 0
    DIMM 4:
      manufacturer: Microsoft Corporation
      modulePartNo: None
      memType: Unknown
      size: 192
      clkspeed: 0
      moduleVoltage: 0
Checksum: 62FCB1764E37A7ECC8324A3023A30E48397AEC72