BaselineInfo:
  WebDBID: -1
  TimeStamp: 20260522134156
Version:
  Major: 11
  Minor: 0
  Build: 1004
  SpecialBuildName: ""
  ptArchitecture: x86_64_linux
Results:
  Results Complete: true
  NumTestProcesses: 1
  CPU_INTEGER_MATH: 7375.4326666666666
  CPU_FLOATINGPOINT_MATH: 7367.5699275522293
  CPU_PRIME: 18.584570711707961
  CPU_SORTING: 3958.1580004026478
  CPU_ENCRYPTION: 1539.7639794858476
  CPU_COMPRESSION: 31587.363007582131
  CPU_SINGLETHREAD: 3453.8887030818673
  CPU_PHYSICS: 453.64008340632478
  CPU_MATRIX_MULT_SSE: 2379.060470920982
  CPU_mm: 351.44391193711351
  CPU_sse: 1081.5253797956902
  CPU_fma: 3358.4892102936642
  CPU_avx: 1945.5947663500785
  CPU_avx512: 3130.6325272444951
  m_CPU_enc_SHA: 2138584046.7278748
  m_CPU_enc_AES: 1351273615.8761268
  m_CPU_enc_ECDSA: 1353821001.0560544
  ME_ALLOC_S: 1129.3020750406497
  ME_READ_S: 31998.934765624999
  ME_READ_L: 25859.517578125
  ME_WRITE: 23261.560546875
  ME_LARGE: 715.16666666666663
  ME_LATENCY: 123.66025853139308
  ME_THREADED: 25319.19140625
  SUMM_CPU: 3215.0828849050813
  SUMM_ME: 978.57455005926693
SystemInformation:
  OSName: Ubuntu 24.04.4 LTS
  Kernel: 6.8.0-111-generic
  Device: ""
  Processor: "AMD EPYC 9575F 64-Core Processor               "
  NumSockets: 1
  Manufacturer: AuthenticAMD
  NumCores: 1
  NumLogicals: 1
  CPUFrequency: 0
  CPUMaxFrequency: 0
  Memory: 3819
  CPUInfo:
    number: 1
    Family: 15
    Model: 2
    stepping: 1
    features: 395049983
    manufacture: AuthenticAMD
    typestring: "AMD EPYC 9575F 64-Core Processor               "
    iCoresPerPackage: 255
    iThreadsPerPackage: 1
    featuresEx:
      - 395049983
      - 4294586883
      - 802421759
    bHybrid: false
    nPCore: 0
    nLogicalsPerPCore: 0
    nECore: 0
    nLogicalsPerECore: 0
  MemModuleInfo:
    iNumMemSticks: 1
    DIMM 1:
      manufacturer: QEMU
      modulePartNo: Not Specified
      memType: RAM
      size: 4
      clkspeed: 0
      moduleVoltage: 0
Checksum: 3DAA5C62856B3B2DCF0773F4B97CB77875FBA659