BaselineInfo:
  WebDBID: -1
  TimeStamp: 20241108093857
Version:
  Major: 11
  Minor: 0
  Build: 1002
  SpecialBuildName: ""
  ptArchitecture: x86_64_linux
Results:
  Results Complete: true
  NumTestProcesses: 32
  CPU_INTEGER_MATH: 132922.95766666668
  CPU_FLOATINGPOINT_MATH: 73044.092880054392
  CPU_PRIME: 200.98320432764868
  CPU_SORTING: 70632.348455874759
  CPU_ENCRYPTION: 34254.283856998845
  CPU_COMPRESSION: 505083.95598560228
  CPU_SINGLETHREAD: 2581.1379960595618
  CPU_PHYSICS: 3879.9781401583409
  CPU_MATRIX_MULT_SSE: 29975.046607115051
  CPU_mm: 3595.2550311582436
  CPU_sse: 15270.129900834743
  CPU_fma: 41664.870925714502
  CPU_avx: 32990.138994795918
  CPU_avx512: 0
  m_CPU_enc_SHA: 49675949028.053398
  m_CPU_enc_AES: 31770217411.775856
  m_CPU_enc_ECDSA: 26308493409.07999
  ME_ALLOC_S: 13705.206869667663
  ME_READ_S: 26002.764843749999
  ME_READ_L: 15624.0439453125
  ME_WRITE: 19429.3515625
  ME_LARGE: 118288.91666666667
  ME_LATENCY: 66.345773407981739
  ME_THREADED: 77508.18701171875
  SUMM_CPU: 38963.438676912214
  SUMM_ME: 2724.2793559097568
SystemInformation:
  OSName: Ubuntu 24.04.1 LTS
  Kernel: 6.8.0-1017-azure
  Device: ""
  Processor: AMD EPYC 7763 64-Core Processor
  NumSockets: 1
  Manufacturer: AuthenticAMD
  NumCores: 16
  NumLogicals: 32
  CPUFrequency: 0
  Memory: 128803
  MemModuleInfo:
    iNumMemSticks: 3
    DIMM 1:
      manufacturer: Microsoft Corporation
      modulePartNo: None
      memType: Unknown
      size: 1
      clkspeed: 0
      moduleVoltage: 0
    DIMM 2:
      manufacturer: Microsoft Corporation
      modulePartNo: None
      memType: Unknown
      size: 60928
      clkspeed: 0
      moduleVoltage: 0
    DIMM 3:
      manufacturer: Microsoft Corporation
      modulePartNo: None
      memType: Unknown
      size: 69120
      clkspeed: 0
      moduleVoltage: 0
Checksum: 7861C96BD77E950A1FB75C6EB2B3D309793907AE