"size","threads","connections","rps","latency","failed","server_usr","server_sys","client_usr","client_sys"
"1k",48,48,2826134,0.000016090,0,95.66,147.44,54.10,187.22
"1k",48,96,2572186,0.000349200,0,96.70,144.22,45.87,172.69
"1k",48,192,2665626,0.000069380,0,86.21,156.55,41.15,179.91
"1k",48,384,2786678,0.000150990,0,86.68,163.60,41.32,186.35
"1k",48,768,2898407,0.000527420,0,87.13,165.32,40.81,190.96
"1k",48,1536,2928771,0.000616890,0,88.20,165.70,40.02,190.36
"1k",96,96,2761479,0.000034470,0,87.99,150.45,52.01,192.79
"1k",96,192,2574708,0.000079210,0,80.45,158.70,46.00,194.35
"1k",96,384,2490016,0.000231640,0,75.23,166.47,43.39,199.78
"1k",96,768,2502033,0.000438800,0,72.66,166.61,46.35,202.30
"1k",96,1536,2581322,0.000788710,0,74.52,167.27,45.24,203.19
"1k",192,192,2620387,0.000098270,0,81.66,154.00,48.97,197.86
"1k",192,384,2377339,0.000210680,0,70.61,166.29,47.13,204.21
"1k",192,768,2330255,0.000476260,0,67.67,166.72,45.32,208.80
"1k",192,1536,2299620,0.000753340,0,66.60,168.41,45.28,211.61
"16k",48,48,2251698,0.000020580,0,91.67,147.03,50.93,188.14
"16k",48,96,2073319,0.000066260,0,85.27,151.95,46.21,189.14
"16k",48,192,2035741,0.000087930,0,77.58,155.34,40.40,188.07
"16k",48,384,2042615,0.000190470,0,77.26,164.37,39.09,197.53
"16k",48,768,2065204,0.000442570,0,78.29,167.21,38.91,199.25
"16k",48,1536,2032883,0.000717200,0,80.71,167.54,37.89,198.45
"16k",96,96,2302274,0.000041290,0,84.24,148.66,51.88,200.71
"16k",96,192,2049300,0.000095140,0,74.14,156.40,45.85,201.57
"16k",96,384,1928853,0.000248540,0,68.95,164.73,42.72,208.28
"16k",96,768,1901283,0.000534980,0,68.06,165.95,43.01,211.11
"16k",96,1536,1891884,0.001010000,0,70.81,169.53,42.28,209.98
"16k",192,192,2126605,0.000093910,0,74.40,152.64,49.01,208.42
"16k",192,384,1893644,0.000248330,0,65.89,163.48,46.49,211.93
"16k",192,768,1784571,0.000558580,0,63.18,166.13,44.72,214.94
"16k",192,1536,1729419,0.001000000,0,64.57,168.19,42.60,217.51
"64k",48,48,1198623,0.000039580,0,71.33,159.00,42.39,202.50
"64k",48,96,1203734,0.000069750,0,71.82,161.55,41.51,201.24
"64k",48,192,1015016,0.000174240,0,62.25,167.79,34.39,198.06
"64k",48,384,990845,0.000365970,0,65.37,179.22,33.78,202.41
"64k",48,768,969495,0.000829290,0,66.64,186.25,32.34,199.70
"64k",48,1536,827396,0.001930000,0,76.32,187.43,28.85,193.03
"64k",96,96,1243986,0.000076540,0,70.26,159.18,43.93,212.24
"64k",96,192,1076317,0.000177450,0,60.66,168.78,39.76,209.74
"64k",96,384,968750,0.000429250,0,58.65,178.24,37.25,211.94
"64k",96,768,941545,0.000910000,0,59.63,181.70,36.83,209.78
"64k",96,1536,845889,0.002020000,0,68.79,188.77,33.21,202.18
"64k",192,192,1078111,0.000184870,0,58.91,168.78,42.24,215.95
"64k",192,384,955844,0.000454100,0,55.67,176.72,39.63,216.66
"64k",192,768,909362,0.000970000,0,57.29,178.95,37.74,214.95
"64k",192,1536,864867,0.001870000,0,62.93,186.96,35.71,214.45
"256k",48,48,439209,0.000124720,0,62.87,169.68,39.76,204.48
"256k",48,96,387779,0.000228820,0,72.21,174.80,36.49,189.43
"256k",48,192,330196,0.000536910,0,68.73,188.90,30.97,185.40
"256k",48,384,273998,0.001320000,0,72.75,199.81,26.23,182.39
"256k",48,768,173854,0.004000000,0,99.77,189.04,19.40,178.11
"256k",96,96,380225,0.000255000,0,72.96,169.59,37.42,205.71
"256k",96,192,335320,0.000574580,0,66.21,188.74,34.10,196.75
"256k",96,384,293191,0.001340000,0,66.92,199.05,30.89,189.33
"256k",96,768,208374,0.003650000,0,99.97,195.50,24.36,170.13
"256k",192,192,363277,0.000531590,0,69.71,180.55,38.92,199.26
"256k",192,384,309715,0.001290000,0,65.20,196.19,34.01,194.25
"256k",192,768,234693,0.003290000,0,97.28,193.12,28.43,171.96
"512k",48,48,175308,0.000413790,0,87.87,162.07,31.99,196.43
"512k",48,96,169026,0.000597100,0,84.32,176.02,30.83,183.00
"512k",48,192,131966,0.001350000,0,75.17,207.54,24.45,169.89
"512k",48,384,81543,0.004310000,0,93.35,207.40,17.25,165.13
"512k",48,768,67674,0.010360000,0,103.34,197.30,15.30,173.64
"512k",96,96,164452,0.000586390,0,82.56,156.74,30.62,216.24
"512k",96,192,143363,0.001320000,0,75.38,208.69,29.32,172.99
"512k",96,384,89919,0.004180000,0,96.10,220.42,21.24,148.52
"512k",96,768,75253,0.010070000,0,113.66,215.14,19.10,140.81
"512k",192,192,150515,0.001280000,0,78.59,203.56,32.65,174.03
"512k",192,384,99279,0.003870000,0,101.02,215.68,24.64,148.57
"512k",192,768,79439,0.009620000,0,115.80,215.82,21.64,135.99
