---
system-info:
      stress-ng-version: 0.17.08
      run-by: root
      date-yyyy-mm-dd: 2024:09:16
      time-hh-mm-ss: 09:03:56
      epoch-secs: 1726477436
      hostname: sc-runner
      sysname: Linux
      nodename: sc-runner
      release: 6.8.0-1014-azure
      version: '#16-Ubuntu SMP Thu Aug 15 20:04:41 UTC 2024'
      machine: x86_64
      compiler: 'musl-gcc 13.2.1'
      uptime: 292
      totalram: 33650917376
      freeram: 23543373824
      sharedram: 38154240
      bufferram: 235134976
      totalswap: 0
      freeswap: 0
      pagesize: 4096
      cpus: 8
      cpus-online: 8
      ticks-per-second: 100

metrics:
    - stressor: cpu
      bogo-ops: 215760
      bogo-ops-per-second-usr-sys-time: 1350.641095
      bogo-ops-per-second-real-time: 10787.962737
      wall-clock-time: 20.000069
      user-time: 159.714367
      system-time: 0.031994
      cpu-usage-per-instance: 99.841131
      max-rss: 3152

...
