---
system-info:
      stress-ng-version: 0.17.08
      run-by: root
      date-yyyy-mm-dd: 2024:09:17
      time-hh-mm-ss: 03:54:02
      epoch-secs: 1726545242
      hostname: sc-runner
      sysname: Linux
      nodename: sc-runner
      release: 6.8.0-1014-azure
      version: '#16-Ubuntu SMP Thu Aug 15 20:04:41 UTC 2024'
      machine: x86_64
      compiler: 'musl-gcc 13.2.1'
      uptime: 311
      totalram: 270251380736
      freeram: 259546517504
      sharedram: 42311680
      bufferram: 257748992
      totalswap: 0
      freeswap: 0
      pagesize: 4096
      cpus: 32
      cpus-online: 32
      ticks-per-second: 100

metrics:
    - stressor: cpu
      bogo-ops: 526161
      bogo-ops-per-second-usr-sys-time: 822.908732
      bogo-ops-per-second-real-time: 26307.911245
      wall-clock-time: 20.000105
      user-time: 639.367701
      system-time: 0.023983
      cpu-usage-per-instance: 99.904424
      max-rss: 1032

...
