BaselineInfo:
  WebDBID: -1
  TimeStamp: 20241107113356
Version:
  Major: 11
  Minor: 0
  Build: 1002
  SpecialBuildName: ""
  ptArchitecture: aarch64_linux
Results:
  Results Complete: true
  NumTestProcesses: 2
  CPU_INTEGER_MATH: 7836.648666666666
  CPU_FLOATINGPOINT_MATH: 5953.6514637394603
  CPU_PRIME: 17.219156949593874
  CPU_SORTING: 5612.8089943878549
  CPU_ENCRYPTION: 269.603968668086
  CPU_COMPRESSION: 8816.2062424420656
  CPU_SINGLETHREAD: 1109.3009830261033
  CPU_PHYSICS: 359.24537425387507
  CPU_MATRIX_MULT_SSE: 1239.3462531448145
  CPU_mm: 206.25891209880632
  CPU_sse: 1040.0178537833431
  CPU_fma: 1438.6746525062858
  CPU_avx: 0
  CPU_avx512: 0
  m_CPU_enc_SHA: 408066410.69044751
  m_CPU_enc_AES: 187873295.04617912
  m_CPU_enc_ECDSA: 252161047.41369408
  ME_ALLOC_S: 1296.6502667406301
  ME_READ_S: 9485.82666015625
  ME_READ_L: 9244.607421875
  ME_WRITE: 12560.4873046875
  ME_LARGE: 21834.416666666668
  ME_LATENCY: 74.166087512460436
  ME_THREADED: 18213.08203125
  SUMM_CPU: 1349.5325970909489
  SUMM_ME: 1506.956504868625
SystemInformation:
  OSName: Ubuntu 24.04.1 LTS
  Kernel: 6.8.0-1016-aws
  Device: ""
  Processor: ARM Neoverse-N1 2 Core 0 MHz
  NumSockets: 1
  Manufacturer: ARM
  NumCores: 2
  NumLogicals: 2
  CPUFrequency: 0
  Memory: 31682
Checksum: 123FF60CE11D2B06CE88FD9835D4FBE87E77E8B7