BaselineInfo:
  WebDBID: -1
  TimeStamp: 20260404113531
Version:
  Major: 11
  Minor: 0
  Build: 1004
  SpecialBuildName: ""
  ptArchitecture: aarch64_linux
Results:
  Results Complete: true
  NumTestProcesses: 16
  CPU_INTEGER_MATH: 75920.015999999989
  CPU_FLOATINGPOINT_MATH: 57628.965979272136
  CPU_PRIME: 94.787493592666635
  CPU_SORTING: 54721.089568202726
  CPU_ENCRYPTION: 2558.5521733795663
  CPU_COMPRESSION: 91348.522935624977
  CPU_SINGLETHREAD: 1334.9449796746121
  CPU_PHYSICS: 1764.1774458154221
  CPU_MATRIX_MULT_SSE: 11950.561394641447
  CPU_mm: 2008.3914243841534
  CPU_sse: 9971.8531197821503
  CPU_fma: 13929.26966950074
  CPU_avx: 0
  CPU_avx512: 0
  m_CPU_enc_SHA: 3804056457.1853976
  m_CPU_enc_AES: 1822817845.9913347
  m_CPU_enc_ECDSA: 2421634908.0842242
  ME_ALLOC_S: 9602.7343566435939
  ME_READ_S: 11397.587695312501
  ME_READ_L: 9037.6533203125
  ME_WRITE: 15055.0556640625
  ME_LARGE: 17609.666666666668
  ME_LATENCY: 67.963348320651093
  ME_THREADED: 117494.8955078125
  SUMM_CPU: 11528.056532436038
  SUMM_ME: 1919.0026339553924
SystemInformation:
  OSName: Ubuntu 24.04.4 LTS
  Kernel: 6.8.0-106-generic
  Device: ""
  Processor: ARM Neoverse-N1 16 Core 0 MHz
  NumSockets: 1
  Manufacturer: ARM
  NumCores: 16
  NumLogicals: 16
  CPUFrequency: 0
  CPUMaxFrequency: 0
  Memory: 30966
Checksum: 9EB0B0C5E70D8872F3D357CEA2E3DA1063130823