BaselineInfo:
  WebDBID: -1
  TimeStamp: 20260404130850
Version:
  Major: 11
  Minor: 0
  Build: 1004
  SpecialBuildName: ""
  ptArchitecture: x86_64_linux
Results:
  Results Complete: true
  NumTestProcesses: 8
  CPU_INTEGER_MATH: 33703.463333333333
  CPU_FLOATINGPOINT_MATH: 17235.193632661925
  CPU_PRIME: 74.601029747594467
  CPU_SORTING: 17428.762920601253
  CPU_ENCRYPTION: 7302.3883255731189
  CPU_COMPRESSION: 125939.54174659662
  CPU_SINGLETHREAD: 2370.4706166575534
  CPU_PHYSICS: 1380.088437833866
  CPU_MATRIX_MULT_SSE: 6973.3133797575429
  CPU_mm: 726.284248113388
  CPU_sse: 3184.8503618120608
  CPU_fma: 8761.2784247497639
  CPU_avx: 6484.8597063482957
  CPU_avx512: 9462.2650261200524
  m_CPU_enc_SHA: 7352528252.3368416
  m_CPU_enc_AES: 11123853696.369238
  m_CPU_enc_ECDSA: 4494945473.9223976
  ME_ALLOC_S: 3875.6033635085896
  ME_READ_S: 24284.38671875
  ME_READ_L: 8661.833984375
  ME_WRITE: 8664.9296875
  ME_LARGE: 17690.25
  ME_LATENCY: 62.291210505914201
  ME_THREADED: 32267.730224609375
  SUMM_CPU: 11393.048991802314
  SUMM_ME: 2075.1942381966137
SystemInformation:
  OSName: Ubuntu 24.04.4 LTS
  Kernel: 6.8.0-106-generic
  Device: ""
  Processor: Intel(R) Xeon(R) Platinum 8369B CPU @ 2.70GHz
  NumSockets: 1
  Manufacturer: GenuineIntel
  NumCores: 4
  NumLogicals: 8
  CPUFrequency: 0
  CPUMaxFrequency: 0
  Memory: 30669
  CPUInfo:
    number: 1
    Family: 6
    Model: 10
    stepping: 6
    features: 529267711
    manufacture: GenuineIntel
    typestring: Intel(R) Xeon(R) Platinum 8369B CPU @ 2.70GHz
    iCoresPerPackage: 4
    iThreadsPerPackage: 2
    featuresEx:
      - 529267711
      - 4277809667
      - 739248128
    bHybrid: false
    nPCore: 0
    nLogicalsPerPCore: 0
    nECore: 0
    nLogicalsPerECore: 0
  MemModuleInfo:
    iNumMemSticks: 2
    DIMM 1:
      manufacturer: Alibaba Cloud
      modulePartNo: Not Specified
      memType: RAM
      size: 16
      clkspeed: 0
      moduleVoltage: 0
    DIMM 2:
      manufacturer: Alibaba Cloud
      modulePartNo: Not Specified
      memType: RAM
      size: 16
      clkspeed: 0
      moduleVoltage: 0
Checksum: 488944B30201E74C9EBC09DDD08AB8C10BF36B9C