---
system-info:
      stress-ng-version: 0.17.08
      run-by: root
      date-yyyy-mm-dd: 2024:06:21
      time-hh-mm-ss: 10:50:18
      epoch-secs: 1718967018
      hostname: df2fa0da8e48
      sysname: Linux
      nodename: df2fa0da8e48
      release: 6.8.0-1008-gcp
      version: '#9-Ubuntu SMP Wed May 22 18:09:04 UTC 2024'
      machine: x86_64
      compiler: 'musl-gcc 13.2.1'
      uptime: 155
      totalram: 67424702464
      freeram: 62290100224
      sharedram: 36073472
      bufferram: 134320128
      totalswap: 0
      freeswap: 0
      pagesize: 4096
      cpus: 8
      cpus-online: 8
      ticks-per-second: 100

metrics:
    - stressor: cpu
      bogo-ops: 148125
      bogo-ops-per-second-usr-sys-time: 928.787928
      bogo-ops-per-second-real-time: 7406.219209
      wall-clock-time: 20.000083
      user-time: 159.464058
      system-time: 0.017989
      cpu-usage-per-instance: 99.675865
      max-rss: 1232

...
