---
system-info:
      stress-ng-version: 0.17.08
      run-by: root
      date-yyyy-mm-dd: 2024:06:07
      time-hh-mm-ss: 17:21:56
      epoch-secs: 1717780916
      hostname: e64e851033ca
      sysname: Linux
      nodename: e64e851033ca
      release: 6.8.0-1008-aws
      version: '#8-Ubuntu SMP Sat Apr 20 00:46:25 UTC 2024'
      machine: x86_64
      compiler: 'musl-gcc 13.2.1'
      uptime: 148
      totalram: 15710015488
      freeram: 11479130112
      sharedram: 27553792
      bufferram: 93995008
      totalswap: 0
      freeswap: 0
      pagesize: 4096
      cpus: 4
      cpus-online: 4
      ticks-per-second: 100

metrics:
    - stressor: cpu
      bogo-ops: 40794
      bogo-ops-per-second-usr-sys-time: 1025.113239
      bogo-ops-per-second-real-time: 4078.835773
      wall-clock-time: 10.001383
      user-time: 39.786635
      system-time: 0.007993
      cpu-usage-per-instance: 99.472810
      max-rss: 4048

...
