---
system-info:
      stress-ng-version: 0.17.08
      run-by: root
      date-yyyy-mm-dd: 2024:06:14
      time-hh-mm-ss: 16:43:59
      epoch-secs: 1718383439
      hostname: 633e49bf8be0
      sysname: Linux
      nodename: 633e49bf8be0
      release: 6.8.0-1008-aws
      version: '#8-Ubuntu SMP Sat Apr 20 00:46:25 UTC 2024'
      machine: x86_64
      compiler: 'musl-gcc 13.2.1'
      uptime: 184
      totalram: 15709982720
      freeram: 11390742528
      sharedram: 27553792
      bufferram: 110178304
      totalswap: 0
      freeswap: 0
      pagesize: 4096
      cpus: 4
      cpus-online: 4
      ticks-per-second: 100

metrics:
    - stressor: cpu
      bogo-ops: 66949
      bogo-ops-per-second-usr-sys-time: 840.841256
      bogo-ops-per-second-real-time: 3347.426117
      wall-clock-time: 20.000143
      user-time: 79.615458
      system-time: 0.005992
      cpu-usage-per-instance: 99.526102
      max-rss: 1104

...
