---
system-info:
      stress-ng-version: 0.17.08
      run-by: root
      date-yyyy-mm-dd: 2024:09:19
      time-hh-mm-ss: 06:27:17
      epoch-secs: 1726727237
      hostname: sc-runner
      sysname: Linux
      nodename: sc-runner
      release: 6.8.0-1014-azure
      version: '#16-Ubuntu SMP Thu Aug 15 21:06:50 UTC 2024'
      machine: aarch64
      compiler: 'musl-gcc 13.2.1'
      uptime: 363
      totalram: 101038989312
      freeram: 89843150848
      sharedram: 38309888
      bufferram: 309190656
      totalswap: 0
      freeswap: 0
      pagesize: 4096
      cpus: 48
      cpus-online: 48
      ticks-per-second: 100

metrics:
    - stressor: cpu
      bogo-ops: 36456
      bogo-ops-per-second-usr-sys-time: 1822.813489
      bogo-ops-per-second-real-time: 1822.791200
      wall-clock-time: 20.000097
      user-time: 19.999852
      system-time: 0.000000
      cpu-usage-per-instance: 99.998777
      max-rss: 1152

...
