---
system-info:
      stress-ng-version: 0.17.08
      run-by: root
      date-yyyy-mm-dd: 2024:09:16
      time-hh-mm-ss: 22:25:17
      epoch-secs: 1726525517
      hostname: sc-runner
      sysname: Linux
      nodename: sc-runner
      release: 6.8.0-1014-azure
      version: '#16-Ubuntu SMP Thu Aug 15 20:04:41 UTC 2024'
      machine: x86_64
      compiler: 'musl-gcc 13.2.1'
      uptime: 311
      totalram: 135069106176
      freeram: 124801736704
      sharedram: 42090496
      bufferram: 253923328
      totalswap: 0
      freeswap: 0
      pagesize: 4096
      cpus: 8
      cpus-online: 8
      ticks-per-second: 100

metrics:
    - stressor: cpu
      bogo-ops: 148427
      bogo-ops-per-second-usr-sys-time: 931.275399
      bogo-ops-per-second-real-time: 7421.320363
      wall-clock-time: 20.000080
      user-time: 159.358369
      system-time: 0.021982
      cpu-usage-per-instance: 99.612322
      max-rss: 3256

...
