---
system-info:
      stress-ng-version: 0.17.08
      run-by: root
      date-yyyy-mm-dd: 2024:06:16
      time-hh-mm-ss: 03:22:19
      epoch-secs: 1718508139
      hostname: 664371ea36d6
      sysname: Linux
      nodename: 664371ea36d6
      release: 6.8.0-1008-aws
      version: '#8-Ubuntu SMP Sat Apr 20 02:43:14 UTC 2024'
      machine: aarch64
      compiler: 'musl-gcc 13.2.1'
      uptime: 118
      totalram: 265464340480
      freeram: 260759736320
      sharedram: 35106816
      bufferram: 107769856
      totalswap: 0
      freeswap: 0
      pagesize: 4096
      cpus: 32
      cpus-online: 32
      ticks-per-second: 100

metrics:
    - stressor: cpu
      bogo-ops: 980050
      bogo-ops-per-second-usr-sys-time: 1531.940667
      bogo-ops-per-second-real-time: 49002.321359
      wall-clock-time: 20.000073
      user-time: 639.735102
      system-time: 0.008996
      cpu-usage-per-instance: 99.959651
      max-rss: 1024

...
