---
system-info:
      stress-ng-version: 0.17.08
      run-by: root
      date-yyyy-mm-dd: 2024:06:09
      time-hh-mm-ss: 22:40:54
      epoch-secs: 1717972854
      hostname: 04b15dc4466e
      sysname: Linux
      nodename: 04b15dc4466e
      release: 6.8.0-1008-aws
      version: '#8-Ubuntu SMP Sat Apr 20 02:43:14 UTC 2024'
      machine: aarch64
      compiler: 'musl-gcc 13.2.1'
      uptime: 108
      totalram: 265464344576
      freeram: 260569927680
      sharedram: 35106816
      bufferram: 111808512
      totalswap: 0
      freeswap: 0
      pagesize: 4096
      cpus: 32
      cpus-online: 32
      ticks-per-second: 100

metrics:
    - stressor: cpu
      bogo-ops: 136488
      bogo-ops-per-second-usr-sys-time: 424.781465
      bogo-ops-per-second-real-time: 13582.091413
      wall-clock-time: 10.049115
      user-time: 321.284471
      system-time: 0.028984
      cpu-usage-per-instance: 99.919698
      max-rss: 3840

...
