BaselineInfo:
  WebDBID: -1
  TimeStamp: 20260404121136
Version:
  Major: 11
  Minor: 0
  Build: 1004
  SpecialBuildName: ""
  ptArchitecture: x86_64_linux
Results:
  Results Complete: true
  NumTestProcesses: 16
  CPU_INTEGER_MATH: 66815.87533333333
  CPU_FLOATINGPOINT_MATH: 34225.723959029594
  CPU_PRIME: 98.777955232832326
  CPU_SORTING: 34095.658952356367
  CPU_ENCRYPTION: 8454.4197585687725
  CPU_COMPRESSION: 245541.19174363956
  CPU_SINGLETHREAD: 2345.0045277857748
  CPU_PHYSICS: 2048.8081691403818
  CPU_MATRIX_MULT_SSE: 13974.015241708335
  CPU_mm: 1443.5205864101511
  CPU_sse: 6284.4205171203166
  CPU_fma: 17405.420056009294
  CPU_avx: 12880.068361083582
  CPU_avx512: 19326.152032620164
  m_CPU_enc_SHA: 2398530775.8949027
  m_CPU_enc_AES: 22015564364.589588
  m_CPU_enc_ECDSA: 2181209817.7985353
  ME_ALLOC_S: 7675.0364936282458
  ME_READ_S: 24089.663671875001
  ME_READ_L: 10829.943359375
  ME_WRITE: 9944.3994140625
  ME_LARGE: 49819.25
  ME_LATENCY: 56.267467516778481
  ME_THREADED: 71136.015625
  SUMM_CPU: 19110.269232305182
  SUMM_ME: 2501.5902231568202
SystemInformation:
  OSName: Ubuntu 24.04.4 LTS
  Kernel: 6.8.0-106-generic
  Device: ""
  Processor: Intel(R) Xeon(R) Platinum
  NumSockets: 1
  Manufacturer: GenuineIntel
  NumCores: 8
  NumLogicals: 16
  CPUFrequency: 0
  CPUMaxFrequency: 0
  Memory: 62874
  CPUInfo:
    number: 1
    Family: 6
    Model: 5
    stepping: 4
    features: 529267711
    manufacture: GenuineIntel
    typestring: Intel(R) Xeon(R) Platinum
    iCoresPerPackage: 8
    iThreadsPerPackage: 2
    featuresEx:
      - 529267711
      - 4294586883
      - 739248128
    bHybrid: false
    nPCore: 0
    nLogicalsPerPCore: 0
    nECore: 0
    nLogicalsPerECore: 0
  MemModuleInfo:
    iNumMemSticks: 4
    DIMM 1:
      manufacturer: Alibaba Cloud
      modulePartNo: Not Specified
      memType: RAM
      size: 16
      clkspeed: 0
      moduleVoltage: 0
    DIMM 2:
      manufacturer: Alibaba Cloud
      modulePartNo: Not Specified
      memType: RAM
      size: 16
      clkspeed: 0
      moduleVoltage: 0
    DIMM 3:
      manufacturer: Alibaba Cloud
      modulePartNo: Not Specified
      memType: RAM
      size: 16
      clkspeed: 0
      moduleVoltage: 0
    DIMM 4:
      manufacturer: Alibaba Cloud
      modulePartNo: Not Specified
      memType: RAM
      size: 16
      clkspeed: 0
      moduleVoltage: 0
Checksum: ED9AF9CDCD4ADACD06B547206F2F8D3708772EF0