---
system-info:
      stress-ng-version: 0.17.08
      run-by: root
      date-yyyy-mm-dd: 2024:06:08
      time-hh-mm-ss: 17:32:25
      epoch-secs: 1717867945
      hostname: 9401ab300456
      sysname: Linux
      nodename: 9401ab300456
      release: 6.8.0-1008-aws
      version: '#8-Ubuntu SMP Sat Apr 20 00:46:25 UTC 2024'
      machine: x86_64
      compiler: 'musl-gcc 13.2.1'
      uptime: 136
      totalram: 265977020416
      freeram: 261096861696
      sharedram: 60436480
      bufferram: 103784448
      totalswap: 0
      freeswap: 0
      pagesize: 4096
      cpus: 64
      cpus-online: 64
      ticks-per-second: 100

metrics:
    - stressor: cpu
      bogo-ops: 750762
      bogo-ops-per-second-usr-sys-time: 1173.647250
      bogo-ops-per-second-real-time: 75062.798838
      wall-clock-time: 10.001785
      user-time: 639.608869
      system-time: 0.073966
      cpu-usage-per-instance: 99.932602
      max-rss: 3584

...
