---
system-info:
      stress-ng-version: 0.17.08
      run-by: root
      date-yyyy-mm-dd: 2024:06:14
      time-hh-mm-ss: 23:56:25
      epoch-secs: 1718409385
      hostname: 891d8bf53aca
      sysname: Linux
      nodename: 891d8bf53aca
      release: 6.8.0-1008-aws
      version: '#8-Ubuntu SMP Sat Apr 20 00:46:25 UTC 2024'
      machine: x86_64
      compiler: 'musl-gcc 13.2.1'
      uptime: 179
      totalram: 265977028608
      freeram: 261172449280
      sharedram: 60436480
      bufferram: 108269568
      totalswap: 0
      freeswap: 0
      pagesize: 4096
      cpus: 64
      cpus-online: 64
      ticks-per-second: 100

metrics:
    - stressor: cpu
      bogo-ops: 1235642
      bogo-ops-per-second-usr-sys-time: 965.655340
      bogo-ops-per-second-real-time: 61781.858268
      wall-clock-time: 20.000078
      user-time: 1279.561102
      system-time: 0.027949
      cpu-usage-per-instance: 99.967503
      max-rss: 512

...
