BaselineInfo:
  WebDBID: -1
  TimeStamp: 20260630124629
Version:
  Major: 11
  Minor: 0
  Build: 1004
  SpecialBuildName: ""
  ptArchitecture: x86_64_linux
Results:
  Results Complete: true
  NumTestProcesses: 12
  CPU_INTEGER_MATH: 59086.862666666668
  CPU_FLOATINGPOINT_MATH: 47566.25839809086
  CPU_PRIME: 185.56213791267402
  CPU_SORTING: 34879.258321202891
  CPU_ENCRYPTION: 7215.7450914563296
  CPU_COMPRESSION: 252141.01477695862
  CPU_SINGLETHREAD: 2261.821360555733
  CPU_PHYSICS: 2830.6128996759321
  CPU_MATRIX_MULT_SSE: 17437.941729815273
  CPU_mm: 2730.1244970848998
  CPU_sse: 8681.6534452141332
  CPU_fma: 24845.698257857577
  CPU_avx: 18786.473486374107
  CPU_avx512: 0
  m_CPU_enc_SHA: 3585209559.0333538
  m_CPU_enc_AES: 15934797203.698109
  m_CPU_enc_ECDSA: 3178764612.3252735
  ME_ALLOC_S: 5283.9169058770476
  ME_READ_S: 22173.8984375
  ME_READ_L: 11179.7802734375
  ME_WRITE: 8352.5166015625
  ME_LARGE: 120348.5
  ME_LATENCY: 69.024699597152505
  ME_THREADED: 88730.037109375
  SUMM_CPU: 20085.484987349035
  SUMM_ME: 2233.8161129300729
SystemInformation:
  OSName: Ubuntu 24.04.4 LTS
  Kernel: 6.8.0-124-generic
  Device: ""
  Processor: Intel Core Processor (Broadwell, no TSX, IBRS)
  NumSockets: 1
  Manufacturer: GenuineIntel
  NumCores: 6
  NumLogicals: 12
  CPUFrequency: 7
  CPUMaxFrequency: 832
  Memory: 128807
  CPUInfo:
    number: 1
    Family: 6
    Model: 13
    stepping: 2
    features: 395049983
    manufacture: GenuineIntel
    typestring: Intel Core Processor (Broadwell, no TSX, IBRS)
    iCoresPerPackage: 6
    iThreadsPerPackage: 2
    featuresEx:
      - 395049983
      - 4294586883
      - 672139264
    bHybrid: false
    nPCore: 0
    nLogicalsPerPCore: 0
    nECore: 0
    nLogicalsPerECore: 0
  MemModuleInfo:
    iNumMemSticks: 8
    DIMM 1:
      manufacturer: QEMU
      modulePartNo: Not Specified
      memType: RAM
      size: 16
      clkspeed: 0
      moduleVoltage: 0
    DIMM 2:
      manufacturer: QEMU
      modulePartNo: Not Specified
      memType: RAM
      size: 16
      clkspeed: 0
      moduleVoltage: 0
    DIMM 3:
      manufacturer: QEMU
      modulePartNo: Not Specified
      memType: RAM
      size: 16
      clkspeed: 0
      moduleVoltage: 0
    DIMM 4:
      manufacturer: QEMU
      modulePartNo: Not Specified
      memType: RAM
      size: 16
      clkspeed: 0
      moduleVoltage: 0
    DIMM 5:
      manufacturer: QEMU
      modulePartNo: Not Specified
      memType: RAM
      size: 16
      clkspeed: 0
      moduleVoltage: 0
    DIMM 6:
      manufacturer: QEMU
      modulePartNo: Not Specified
      memType: RAM
      size: 16
      clkspeed: 0
      moduleVoltage: 0
    DIMM 7:
      manufacturer: QEMU
      modulePartNo: Not Specified
      memType: RAM
      size: 16
      clkspeed: 0
      moduleVoltage: 0
    DIMM 8:
      manufacturer: QEMU
      modulePartNo: Not Specified
      memType: RAM
      size: 16
      clkspeed: 0
      moduleVoltage: 0
Checksum: A7DB140A140CCFC554D022A2CE3462E5C53C97AD