BaselineInfo:
  WebDBID: -1
  TimeStamp: 20241107072443
Version:
  Major: 11
  Minor: 0
  Build: 1002
  SpecialBuildName: ""
  ptArchitecture: x86_64_linux
Results:
  Results Complete: true
  NumTestProcesses: 4
  CPU_INTEGER_MATH: 16537.154333333332
  CPU_FLOATINGPOINT_MATH: 9165.080865461332
  CPU_PRIME: 38.32133292701981
  CPU_SORTING: 9216.8157414259676
  CPU_ENCRYPTION: 4299.6167278351959
  CPU_COMPRESSION: 64437.466141133016
  CPU_SINGLETHREAD: 2374.4565467756852
  CPU_PHYSICS: 739.34261040513263
  CPU_MATRIX_MULT_SSE: 3620.2732250493104
  CPU_mm: 447.99094756143847
  CPU_sse: 1901.1164613063838
  CPU_fma: 5188.7486800479719
  CPU_avx: 3770.9545337935742
  CPU_avx512: 0
  m_CPU_enc_SHA: 6236327096.7043514
  m_CPU_enc_AES: 3985878866.2877331
  m_CPU_enc_ECDSA: 3303218767.0274696
  ME_ALLOC_S: 1788.1850654339792
  ME_READ_S: 24365.395312500001
  ME_READ_L: 19953.01953125
  ME_WRITE: 19462.640625
  ME_LARGE: 6066
  ME_LATENCY: 61.966315796690388
  ME_THREADED: 37466.087890625
  SUMM_CPU: 6167.9629496075668
  SUMM_ME: 2267.0492313533236
SystemInformation:
  OSName: Ubuntu 24.04.1 LTS
  Kernel: 6.8.0-1017-azure
  Device: ""
  Processor: AMD EPYC 7763 64-Core Processor
  NumSockets: 1
  Manufacturer: AuthenticAMD
  NumCores: 2
  NumLogicals: 4
  CPUFrequency: 0
  Memory: 15989
  MemModuleInfo:
    iNumMemSticks: 2
    DIMM 1:
      manufacturer: Microsoft Corporation
      modulePartNo: None
      memType: Unknown
      size: 1
      clkspeed: 0
      moduleVoltage: 0
    DIMM 2:
      manufacturer: Microsoft Corporation
      modulePartNo: None
      memType: Unknown
      size: 15
      clkspeed: 0
      moduleVoltage: 0
Checksum: 16F781C39B8AA144853B51A947DE9FA741E1B3CC