BaselineInfo:
  WebDBID: -1
  TimeStamp: 20241107201751
Version:
  Major: 11
  Minor: 0
  Build: 1002
  SpecialBuildName: ""
  ptArchitecture: x86_64_linux
Results:
  Results Complete: true
  NumTestProcesses: 4
  CPU_INTEGER_MATH: 14549.012333333334
  CPU_FLOATINGPOINT_MATH: 7812.697725797344
  CPU_PRIME: 31.187513386258885
  CPU_SORTING: 7586.5399633684929
  CPU_ENCRYPTION: 2007.5899164286225
  CPU_COMPRESSION: 65479.25472947512
  CPU_SINGLETHREAD: 2335.7147289849104
  CPU_PHYSICS: 608.30962639706399
  CPU_MATRIX_MULT_SSE: 4007.9886754036061
  CPU_mm: 443.37716352401003
  CPU_sse: 1584.1780458966618
  CPU_fma: 4857.2242987903046
  CPU_avx: 3439.0884994351181
  CPU_avx512: 6151.4638574923401
  m_CPU_enc_SHA: 658843708.91590941
  m_CPU_enc_AES: 5068902287.5693283
  m_CPU_enc_ECDSA: 587585816.14193976
  ME_ALLOC_S: 1578.9117914974358
  ME_READ_S: 27921.975195312501
  ME_READ_L: 11692.8486328125
  ME_WRITE: 11069.0927734375
  ME_LARGE: 21698.25
  ME_LATENCY: 51.982135404186558
  ME_THREADED: 26827.3037109375
  SUMM_CPU: 5137.2995919072719
  SUMM_ME: 2329.7743589905331
SystemInformation:
  OSName: Ubuntu 24.04.1 LTS
  Kernel: 6.8.0-1016-aws
  Device: ""
  Processor: Intel Xeon Platinum 8151 CPU @ 3.40GHz
  NumSockets: 1
  Manufacturer: GenuineIntel
  NumCores: 2
  NumLogicals: 4
  CPUFrequency: 0
  Memory: 31724
  MemModuleInfo:
    iNumMemSticks: 1
    DIMM 1:
      manufacturer: Not Specified
      modulePartNo: Not Specified
      memType: DDR4
      size: 32
      clkspeed: 1333
      moduleVoltage: 0
Checksum: 80DF85DE644966DE4CFE1BAEA7ECE33D562E3936