---
system-info:
      stress-ng-version: 0.17.08
      run-by: root
      date-yyyy-mm-dd: 2024:07:09
      time-hh-mm-ss: 15:57:50
      epoch-secs: 1720540670
      hostname: m3-megamem-64-862a4c4
      sysname: Linux
      nodename: m3-megamem-64-862a4c4
      release: 6.8.0-1009-gcp
      version: '#10-Ubuntu SMP Wed Jun 12 18:52:23 UTC 2024'
      machine: x86_64
      compiler: 'musl-gcc 13.2.1'
      uptime: 171
      totalram: 1031051509760
      freeram: 1025328259072
      sharedram: 58286080
      bufferram: 133398528
      totalswap: 0
      freeswap: 0
      pagesize: 4096
      cpus: 64
      cpus-online: 64
      ticks-per-second: 100

metrics:
    - stressor: cpu
      bogo-ops: 36896
      bogo-ops-per-second-usr-sys-time: 1844.858851
      bogo-ops-per-second-real-time: 1844.796767
      wall-clock-time: 20.000035
      user-time: 19.999362
      system-time: 0.000000
      cpu-usage-per-instance: 99.996635
      max-rss: 512

...
