---
system-info:
      stress-ng-version: 0.17.08
      run-by: root
      date-yyyy-mm-dd: 2024:07:12
      time-hh-mm-ss: 04:41:51
      epoch-secs: 1720759311
      hostname: ip-172-31-5-91
      sysname: Linux
      nodename: ip-172-31-5-91
      release: 6.8.0-1010-aws
      version: '#10-Ubuntu SMP Thu Jun 13 17:36:15 UTC 2024'
      machine: x86_64
      compiler: 'musl-gcc 13.2.1'
      uptime: 182
      totalram: 133479862272
      freeram: 127749910528
      sharedram: 18341888
      bufferram: 142409728
      totalswap: 0
      freeswap: 0
      pagesize: 4096
      cpus: 32
      cpus-online: 32
      ticks-per-second: 100

metrics:
    - stressor: cpu
      bogo-ops: 244767
      bogo-ops-per-second-usr-sys-time: 382.681894
      bogo-ops-per-second-real-time: 12238.214718
      wall-clock-time: 20.000221
      user-time: 639.585567
      system-time: 0.023999
      cpu-usage-per-instance: 99.937890
      max-rss: 1032

...
