BaselineInfo:
  WebDBID: -1
  TimeStamp: 20241111094556
Version:
  Major: 11
  Minor: 0
  Build: 1002
  SpecialBuildName: ""
  ptArchitecture: x86_64_linux
Results:
  Results Complete: true
  NumTestProcesses: 4
  CPU_INTEGER_MATH: 16860.654000000002
  CPU_FLOATINGPOINT_MATH: 12018.262855644427
  CPU_PRIME: 37.586504990738646
  CPU_SORTING: 8652.7419135184773
  CPU_ENCRYPTION: 3804.0317761873894
  CPU_COMPRESSION: 63997.700578624506
  CPU_SINGLETHREAD: 2629.778596701532
  CPU_PHYSICS: 836.53318479536097
  CPU_MATRIX_MULT_SSE: 4499.9228609974443
  CPU_mm: 470.31998007145938
  CPU_sse: 2040.3213481983903
  CPU_fma: 5221.6782495875532
  CPU_avx: 3934.6668714773209
  CPU_avx512: 6803.0249747265134
  m_CPU_enc_SHA: 4004941767.5145836
  m_CPU_enc_AES: 5166555878.8495464
  m_CPU_enc_ECDSA: 2794951624.8782754
  ME_ALLOC_S: 2586.2305618109708
  ME_READ_S: 22933.040625000001
  ME_READ_L: 10217.0419921875
  ME_WRITE: 9138.8623046875
  ME_LARGE: 699.66666666666663
  ME_LATENCY: 62.059842370645754
  ME_THREADED: 29109.080078125
  SUMM_CPU: 6532.1621721937436
  SUMM_ME: 1085.1207616242455
SystemInformation:
  OSName: Ubuntu 24.04.1 LTS
  Kernel: 6.8.0-1015-gcp
  Device: ""
  Processor: INTEL XEON PLATINUM 8581C CPU @ 2.30GHz
  NumSockets: 1
  Manufacturer: GenuineIntel
  NumCores: 2
  NumLogicals: 4
  CPUFrequency: 0
  Memory: 7937
  MemModuleInfo:
    iNumMemSticks: 1
    DIMM 1:
      manufacturer: ""
      modulePartNo: ""
      memType: RAM
      size: 8
      clkspeed: 0
      moduleVoltage: 0
Checksum: 08F3A4C50AA4E03C6735CAEA0A1B63D4C37B1083