BaselineInfo:
  WebDBID: -1
  TimeStamp: 20241108195824
Version:
  Major: 11
  Minor: 0
  Build: 1002
  SpecialBuildName: ""
  ptArchitecture: x86_64_linux
Results:
  Results Complete: true
  NumTestProcesses: 48
  CPU_INTEGER_MATH: 199891.48300000004
  CPU_FLOATINGPOINT_MATH: 109981.09721217791
  CPU_PRIME: 323.34211714482188
  CPU_SORTING: 105583.69567405451
  CPU_ENCRYPTION: 51638.791728770986
  CPU_COMPRESSION: 757456.24551626085
  CPU_SINGLETHREAD: 2397.0003022774986
  CPU_PHYSICS: 5998.3878906353293
  CPU_MATRIX_MULT_SSE: 44953.878493847784
  CPU_mm: 5397.9607694144352
  CPU_sse: 22968.870466045657
  CPU_fma: 62183.394005413524
  CPU_avx: 49709.371010084185
  CPU_avx512: 0
  m_CPU_enc_SHA: 74834786643.000732
  m_CPU_enc_AES: 47851138895.92659
  m_CPU_enc_ECDSA: 39755667488.435944
  ME_ALLOC_S: 20237.05322808892
  ME_READ_S: 24506.439453125
  ME_READ_L: 20561.6640625
  ME_WRITE: 20220.060546875
  ME_LARGE: 181975.5
  ME_LATENCY: 57.863585544955392
  ME_THREADED: 149887.27294921875
  SUMM_CPU: 52071.298750658956
  SUMM_ME: 3094.0467490536084
SystemInformation:
  OSName: Ubuntu 24.04.1 LTS
  Kernel: 6.8.0-1017-azure
  Device: ""
  Processor: AMD EPYC 7763 64-Core Processor
  NumSockets: 1
  Manufacturer: AuthenticAMD
  NumCores: 24
  NumLogicals: 48
  CPUFrequency: 0
  Memory: 193403
  MemModuleInfo:
    iNumMemSticks: 5
    DIMM 1:
      manufacturer: Microsoft Corporation
      modulePartNo: None
      memType: Unknown
      size: 1
      clkspeed: 0
      moduleVoltage: 0
    DIMM 2:
      manufacturer: Microsoft Corporation
      modulePartNo: None
      memType: Unknown
      size: 60928
      clkspeed: 0
      moduleVoltage: 0
    DIMM 3:
      manufacturer: Microsoft Corporation
      modulePartNo: None
      memType: Unknown
      size: 3584
      clkspeed: 0
      moduleVoltage: 0
    DIMM 4:
      manufacturer: Microsoft Corporation
      modulePartNo: None
      memType: Unknown
      size: 64
      clkspeed: 0
      moduleVoltage: 0
    DIMM 5:
      manufacturer: Microsoft Corporation
      modulePartNo: None
      memType: Unknown
      size: 64
      clkspeed: 0
      moduleVoltage: 0
Checksum: 5AA935A93DB5BC23551A8021276ABAECD0A612B1