BaselineInfo:
  WebDBID: -1
  TimeStamp: 20260714211823
Version:
  Major: 11
  Minor: 0
  Build: 1004
  SpecialBuildName: ""
  ptArchitecture: x86_64_linux
Results:
  Results Complete: true
  NumTestProcesses: 22
  CPU_INTEGER_MATH: 87392.621999999988
  CPU_FLOATINGPOINT_MATH: 62307.09581303173
  CPU_PRIME: 154.87828830923132
  CPU_SORTING: 42984.036425393169
  CPU_ENCRYPTION: 19360.092098556932
  CPU_COMPRESSION: 318096.59540742915
  CPU_SINGLETHREAD: 2419.4466768470697
  CPU_PHYSICS: 2815.307103050046
  CPU_MATRIX_MULT_SSE: 20951.163552286318
  CPU_mm: 2454.9680802069283
  CPU_sse: 10591.207180089235
  CPU_fma: 22037.776283242238
  CPU_avx: 19190.131108564954
  CPU_avx512: 31985.539637248839
  m_CPU_enc_SHA: 20412917776.446091
  m_CPU_enc_AES: 26496897909.832691
  m_CPU_enc_ECDSA: 13991768110.730526
  ME_ALLOC_S: 9968.0451627865059
  ME_READ_S: 22237.412304687499
  ME_READ_L: 8740.7841796875
  ME_WRITE: 6749.34765625
  ME_LARGE: 79454.25
  ME_LATENCY: 75.731991798022889
  ME_THREADED: 92421.74365234375
  SUMM_CPU: 27864.914331883298
  SUMM_ME: 2007.3293578961782
SystemInformation:
  OSName: Ubuntu 24.04.4 LTS
  Kernel: 6.17.0-1020-gcp
  Device: ""
  Processor: Intel(R) Xeon(R) Platinum 8481C CPU @ 2.70GHz
  NumSockets: 1
  Manufacturer: GenuineIntel
  NumCores: 11
  NumLogicals: 22
  CPUFrequency: 2700
  CPUMaxFrequency: 3600
  Memory: 88484
  CPUInfo:
    number: 1
    Family: 6
    Model: 15
    stepping: 8
    features: 529267711
    manufacture: GenuineIntel
    typestring: Intel(R) Xeon(R) Platinum 8481C CPU @ 2.70GHz
    iCoresPerPackage: 11
    iThreadsPerPackage: 2
    featuresEx:
      - 529267711
      - 4277809699
      - 739248128
    bHybrid: false
    nPCore: 0
    nLogicalsPerPCore: 0
    nECore: 0
    nLogicalsPerECore: 0
  MemModuleInfo:
    iNumMemSticks: 6
    DIMM 1:
      manufacturer: ""
      modulePartNo: ""
      memType: RAM
      size: 16
      clkspeed: 0
      moduleVoltage: 0
    DIMM 2:
      manufacturer: ""
      modulePartNo: ""
      memType: RAM
      size: 16
      clkspeed: 0
      moduleVoltage: 0
    DIMM 3:
      manufacturer: ""
      modulePartNo: ""
      memType: RAM
      size: 16
      clkspeed: 0
      moduleVoltage: 0
    DIMM 4:
      manufacturer: ""
      modulePartNo: ""
      memType: RAM
      size: 16
      clkspeed: 0
      moduleVoltage: 0
    DIMM 5:
      manufacturer: ""
      modulePartNo: ""
      memType: RAM
      size: 16
      clkspeed: 0
      moduleVoltage: 0
    DIMM 6:
      manufacturer: ""
      modulePartNo: ""
      memType: RAM
      size: 8
      clkspeed: 0
      moduleVoltage: 0
Checksum: FF069BF5AA3ED258297D6C0932F1C4B5D1F64F50