BaselineInfo:
  WebDBID: -1
  TimeStamp: 20260714184354
Version:
  Major: 11
  Minor: 0
  Build: 1004
  SpecialBuildName: ""
  ptArchitecture: x86_64_linux
Results:
  Results Complete: true
  NumTestProcesses: 22
  CPU_INTEGER_MATH: 87191.739333333346
  CPU_FLOATINGPOINT_MATH: 62127.347598541579
  CPU_PRIME: 140.36103193521683
  CPU_SORTING: 42798.878141057969
  CPU_ENCRYPTION: 19460.872598178783
  CPU_COMPRESSION: 316715.61871215759
  CPU_SINGLETHREAD: 2412.8871634626562
  CPU_PHYSICS: 2761.3536510550948
  CPU_MATRIX_MULT_SSE: 21064.547053746457
  CPU_mm: 2469.9002872351584
  CPU_sse: 10598.239187484023
  CPU_fma: 22578.816678032366
  CPU_avx: 19174.213473534794
  CPU_avx512: 31906.918875934647
  m_CPU_enc_SHA: 20442273104.084118
  m_CPU_enc_AES: 26510795349.793072
  m_CPU_enc_ECDSA: 14265543382.646542
  ME_ALLOC_S: 9961.0839377774682
  ME_READ_S: 22447.4599609375
  ME_READ_L: 8879.5966796875
  ME_WRITE: 7811.0771484375
  ME_LARGE: 79396.583333333328
  ME_LATENCY: 76.733118396697677
  ME_THREADED: 84615.551513671875
  SUMM_CPU: 27697.262139337679
  SUMM_ME: 2041.6435376520392
SystemInformation:
  OSName: Ubuntu 24.04.4 LTS
  Kernel: 6.17.0-1020-gcp
  Device: ""
  Processor: Intel(R) Xeon(R) Platinum 8481C CPU @ 2.70GHz
  NumSockets: 1
  Manufacturer: GenuineIntel
  NumCores: 11
  NumLogicals: 22
  CPUFrequency: 2700
  CPUMaxFrequency: 3600
  Memory: 88484
  CPUInfo:
    number: 1
    Family: 6
    Model: 15
    stepping: 8
    features: 529267711
    manufacture: GenuineIntel
    typestring: Intel(R) Xeon(R) Platinum 8481C CPU @ 2.70GHz
    iCoresPerPackage: 11
    iThreadsPerPackage: 2
    featuresEx:
      - 529267711
      - 4277809699
      - 739248128
    bHybrid: false
    nPCore: 0
    nLogicalsPerPCore: 0
    nECore: 0
    nLogicalsPerECore: 0
  MemModuleInfo:
    iNumMemSticks: 6
    DIMM 1:
      manufacturer: ""
      modulePartNo: ""
      memType: RAM
      size: 16
      clkspeed: 0
      moduleVoltage: 0
    DIMM 2:
      manufacturer: ""
      modulePartNo: ""
      memType: RAM
      size: 16
      clkspeed: 0
      moduleVoltage: 0
    DIMM 3:
      manufacturer: ""
      modulePartNo: ""
      memType: RAM
      size: 16
      clkspeed: 0
      moduleVoltage: 0
    DIMM 4:
      manufacturer: ""
      modulePartNo: ""
      memType: RAM
      size: 16
      clkspeed: 0
      moduleVoltage: 0
    DIMM 5:
      manufacturer: ""
      modulePartNo: ""
      memType: RAM
      size: 16
      clkspeed: 0
      moduleVoltage: 0
    DIMM 6:
      manufacturer: ""
      modulePartNo: ""
      memType: RAM
      size: 8
      clkspeed: 0
      moduleVoltage: 0
Checksum: 198ADC7D9461B738A5BFCF6935B6898A3C53B373