BaselineInfo:
  WebDBID: -1
  TimeStamp: 20241108130217
Version:
  Major: 11
  Minor: 0
  Build: 1002
  SpecialBuildName: ""
  ptArchitecture: x86_64_linux
Results:
  Results Complete: true
  NumTestProcesses: 22
  CPU_INTEGER_MATH: 87522.622999999992
  CPU_FLOATINGPOINT_MATH: 62420.782500736444
  CPU_PRIME: 161.12636631452426
  CPU_SORTING: 44204.899349684478
  CPU_ENCRYPTION: 19379.744383981506
  CPU_COMPRESSION: 323433.32075972285
  CPU_SINGLETHREAD: 2474.7480929048356
  CPU_PHYSICS: 2929.2180477605257
  CPU_MATRIX_MULT_SSE: 22924.250796848766
  CPU_mm: 2478.4122073805779
  CPU_sse: 10828.804953682475
  CPU_fma: 25981.442280137275
  CPU_avx: 20524.895139333406
  CPU_avx512: 34361.860814241896
  m_CPU_enc_SHA: 20464852188.915379
  m_CPU_enc_AES: 26492416540.180874
  m_CPU_enc_ECDSA: 14006135812.437119
  ME_ALLOC_S: 10510.463517895363
  ME_READ_S: 22397.482812499999
  ME_READ_L: 9189.4423828125
  ME_WRITE: 8144.29541015625
  ME_LARGE: 77856.333333333328
  ME_LATENCY: 72.203525277716793
  ME_THREADED: 105134.421875
  SUMM_CPU: 28524.380208105777
  SUMM_ME: 2136.8284440532352
SystemInformation:
  OSName: Ubuntu 24.04.1 LTS
  Kernel: 6.8.0-1015-gcp
  Device: ""
  Processor: Intel Xeon Platinum 8481C CPU @ 2.70GHz
  NumSockets: 1
  Manufacturer: GenuineIntel
  NumCores: 11
  NumLogicals: 22
  CPUFrequency: 0
  Memory: 88487
  MemModuleInfo:
    iNumMemSticks: 6
    DIMM 1:
      manufacturer: ""
      modulePartNo: ""
      memType: RAM
      size: 16
      clkspeed: 0
      moduleVoltage: 0
    DIMM 2:
      manufacturer: ""
      modulePartNo: ""
      memType: RAM
      size: 16
      clkspeed: 0
      moduleVoltage: 0
    DIMM 3:
      manufacturer: ""
      modulePartNo: ""
      memType: RAM
      size: 16
      clkspeed: 0
      moduleVoltage: 0
    DIMM 4:
      manufacturer: ""
      modulePartNo: ""
      memType: RAM
      size: 16
      clkspeed: 0
      moduleVoltage: 0
    DIMM 5:
      manufacturer: ""
      modulePartNo: ""
      memType: RAM
      size: 16
      clkspeed: 0
      moduleVoltage: 0
    DIMM 6:
      manufacturer: ""
      modulePartNo: ""
      memType: RAM
      size: 8
      clkspeed: 0
      moduleVoltage: 0
Checksum: AA6051452FE88913F87DB6C4EE54DEF5381A02EC