---
system-info:
      stress-ng-version: 0.17.08
      run-by: root
      date-yyyy-mm-dd: 2024:08:30
      time-hh-mm-ss: 15:08:13
      epoch-secs: 1725030493
      hostname: sc-runner
      sysname: Linux
      nodename: sc-runner
      release: 6.8.0-1013-azure
      version: '#15-Ubuntu SMP Thu Aug  8 18:40:40 UTC 2024'
      machine: x86_64
      compiler: 'musl-gcc 13.2.1'
      uptime: 361
      totalram: 7267397632
      freeram: 259354624
      sharedram: 42160128
      bufferram: 196927488
      totalswap: 0
      freeswap: 0
      pagesize: 4096
      cpus: 2
      cpus-online: 2
      ticks-per-second: 100

metrics:
    - stressor: cpu
      bogo-ops: 24901
      bogo-ops-per-second-usr-sys-time: 1245.173272
      bogo-ops-per-second-real-time: 1245.039047
      wall-clock-time: 20.000176
      user-time: 19.994019
      system-time: 0.004001
      cpu-usage-per-instance: 99.989220
      max-rss: 3280

...
