---
system-info:
      stress-ng-version: 0.17.08
      run-by: root
      date-yyyy-mm-dd: 2024:09:17
      time-hh-mm-ss: 22:41:16
      epoch-secs: 1726612876
      hostname: sc-runner
      sysname: Linux
      nodename: sc-runner
      release: 6.8.0-1014-azure
      version: '#16-Ubuntu SMP Thu Aug 15 20:04:41 UTC 2024'
      machine: x86_64
      compiler: 'musl-gcc 13.2.1'
      uptime: 364
      totalram: 473395978240
      freeram: 462311927808
      sharedram: 88485888
      bufferram: 285679616
      totalswap: 0
      freeswap: 0
      pagesize: 4096
      cpus: 8
      cpus-online: 8
      ticks-per-second: 100

metrics:
    - stressor: cpu
      bogo-ops: 128266
      bogo-ops-per-second-usr-sys-time: 803.466121
      bogo-ops-per-second-real-time: 6413.257865
      wall-clock-time: 20.000131
      user-time: 159.602674
      system-time: 0.038158
      cpu-usage-per-instance: 99.774864
      max-rss: 3152

...
