---
system-info:
      stress-ng-version: 0.17.08
      run-by: root
      date-yyyy-mm-dd: 2024:09:15
      time-hh-mm-ss: 21:00:05
      epoch-secs: 1726434005
      hostname: sc-runner
      sysname: Linux
      nodename: sc-runner
      release: 6.8.0-1014-azure
      version: '#16-Ubuntu SMP Thu Aug 15 21:06:50 UTC 2024'
      machine: aarch64
      compiler: 'musl-gcc 13.2.1'
      uptime: 347
      totalram: 16738021376
      freeram: 6846189568
      sharedram: 38129664
      bufferram: 223428608
      totalswap: 0
      freeswap: 0
      pagesize: 4096
      cpus: 2
      cpus-online: 2
      ticks-per-second: 100

metrics:
    - stressor: cpu
      bogo-ops: 36439
      bogo-ops-per-second-usr-sys-time: 1822.210212
      bogo-ops-per-second-real-time: 1821.939054
      wall-clock-time: 20.000120
      user-time: 19.997144
      system-time: 0.000000
      cpu-usage-per-instance: 99.985119
      max-rss: 1320

...
