---
system-info:
      stress-ng-version: 0.17.08
      run-by: root
      date-yyyy-mm-dd: 2024:09:17
      time-hh-mm-ss: 05:31:07
      epoch-secs: 1726551067
      hostname: sc-runner
      sysname: Linux
      nodename: sc-runner
      release: 6.8.0-1014-azure
      version: '#16-Ubuntu SMP Thu Aug 15 20:04:41 UTC 2024'
      machine: x86_64
      compiler: 'musl-gcc 13.2.1'
      uptime: 340
      totalram: 270251372544
      freeram: 259466530816
      sharedram: 42176512
      bufferram: 285343744
      totalswap: 0
      freeswap: 0
      pagesize: 4096
      cpus: 32
      cpus-online: 32
      ticks-per-second: 100

metrics:
    - stressor: cpu
      bogo-ops: 28256
      bogo-ops-per-second-usr-sys-time: 1412.823947
      bogo-ops-per-second-real-time: 1412.796497
      wall-clock-time: 20.000050
      user-time: 19.999661
      system-time: 0.000000
      cpu-usage-per-instance: 99.998057
      max-rss: 3080

...
