BaselineInfo:
  WebDBID: -1
  TimeStamp: 20250104171011
Version:
  Major: 11
  Minor: 0
  Build: 1002
  SpecialBuildName: ""
  ptArchitecture: x86_64_linux
Results:
  Results Complete: true
  NumTestProcesses: 64
  CPU_INTEGER_MATH: 304065.66499999986
  CPU_FLOATINGPOINT_MATH: 170027.83934160238
  CPU_PRIME: 479.81394290725819
  CPU_SORTING: 179089.18745532265
  CPU_ENCRYPTION: 77162.508116966521
  CPU_COMPRESSION: 1233041.2465042218
  CPU_SINGLETHREAD: 2900.3829827557452
  CPU_PHYSICS: 8749.5659731862524
  CPU_MATRIX_MULT_SSE: 84150.058927063743
  CPU_mm: 8143.9226631192068
  CPU_sse: 36046.547744236217
  CPU_fma: 104829.39370045786
  CPU_avx: 88504.339539183638
  CPU_avx512: 107219.95472437727
  m_CPU_enc_SHA: 107952786090.29143
  m_CPU_enc_AES: 73267995349.599396
  m_CPU_enc_ECDSA: 61511480893.878067
  ME_ALLOC_S: 29401.173584349868
  ME_READ_S: 27794.3427734375
  ME_READ_L: 27599.513671875
  ME_WRITE: 26871.927734375
  ME_LARGE: 503336
  ME_LATENCY: 77.325676690361959
  ME_THREADED: 184746.939453125
  SUMM_CPU: 76031.876058601454
  SUMM_ME: 2842.8733259136211
SystemInformation:
  OSName: Ubuntu 24.04.1 LTS
  Kernel: 6.8.0-1017-azure
  Device: ""
  Processor: AMD EPYC 9V74 80-Core Processor
  NumSockets: 1
  Manufacturer: AuthenticAMD
  NumCores: 32
  NumLogicals: 64
  CPUFrequency: 0
  Memory: 515766
  MemModuleInfo:
    iNumMemSticks: 3
    DIMM 1:
      manufacturer: Microsoft Corporation
      modulePartNo: None
      memType: Unknown
      size: 1
      clkspeed: 0
      moduleVoltage: 0
    DIMM 2:
      manufacturer: Microsoft Corporation
      modulePartNo: None
      memType: Unknown
      size: 59
      clkspeed: 0
      moduleVoltage: 0
    DIMM 3:
      manufacturer: Microsoft Corporation
      modulePartNo: None
      memType: Unknown
      size: 452
      clkspeed: 0
      moduleVoltage: 0
Checksum: 031D7292DBB3112CC798A6B87C427DF2074E21C2