BaselineInfo:
  WebDBID: -1
  TimeStamp: 20241111050748
Version:
  Major: 11
  Minor: 0
  Build: 1002
  SpecialBuildName: ""
  ptArchitecture: x86_64_linux
Results:
  Results Complete: true
  NumTestProcesses: 32
  CPU_INTEGER_MATH: 73233.42333333331
  CPU_FLOATINGPOINT_MATH: 39265.61280169573
  CPU_PRIME: 173.71839567621771
  CPU_SORTING: 38346.054724208472
  CPU_ENCRYPTION: 10102.294735295845
  CPU_COMPRESSION: 322354.11255515553
  CPU_SINGLETHREAD: 1489.4279320841849
  CPU_PHYSICS: 3067.4005683447022
  CPU_MATRIX_MULT_SSE: 23376.463584036796
  CPU_mm: 2222.1753570048836
  CPU_sse: 8031.9106460831836
  CPU_fma: 27198.456660990014
  CPU_avx: 19213.198857427808
  CPU_avx512: 39062.288171646178
  m_CPU_enc_SHA: 3311298059.036706
  m_CPU_enc_AES: 25510831114.296539
  m_CPU_enc_ECDSA: 2956942239.7394967
  ME_ALLOC_S: 8508.0968754158166
  ME_READ_S: 18320.1826171875
  ME_READ_L: 7403.8818359375
  ME_WRITE: 7096.7138671875
  ME_LARGE: 3905637.0833333335
  ME_LATENCY: 69.56902865693047
  ME_THREADED: 142893.44287109375
  SUMM_CPU: 21694.295406216945
  SUMM_ME: 1984.6580413071306
SystemInformation:
  OSName: Ubuntu 24.04.1 LTS
  Kernel: 6.8.0-1017-azure
  Device: ""
  Processor: Intel Xeon Platinum 8280L CPU @ 2.70GHz
  NumSockets: 4
  Manufacturer: GenuineIntel
  NumCores: 16
  NumLogicals: 32
  CPUFrequency: 0
  Memory: 3923007
  MemModuleInfo:
    iNumMemSticks: 6
    DIMM 1:
      manufacturer: Microsoft Corporation
      modulePartNo: None
      memType: Unknown
      size: 1
      clkspeed: 0
      moduleVoltage: 0
    DIMM 2:
      manufacturer: Microsoft Corporation
      modulePartNo: None
      memType: Unknown
      size: 60928
      clkspeed: 0
      moduleVoltage: 0
    DIMM 3:
      manufacturer: Microsoft Corporation
      modulePartNo: None
      memType: Unknown
      size: 934400
      clkspeed: 0
      moduleVoltage: 0
    DIMM 4:
      manufacturer: Microsoft Corporation
      modulePartNo: None
      memType: Unknown
      size: 973
      clkspeed: 0
      moduleVoltage: 0
    DIMM 5:
      manufacturer: Microsoft Corporation
      modulePartNo: None
      memType: Unknown
      size: 973
      clkspeed: 0
      moduleVoltage: 0
    DIMM 6:
      manufacturer: Microsoft Corporation
      modulePartNo: None
      memType: Unknown
      size: 973
      clkspeed: 0
      moduleVoltage: 0
Checksum: E9DC94DA4427B6F5D561DFB697DB843C07B82A66