BaselineInfo:
  WebDBID: -1
  TimeStamp: 20241108105227
Version:
  Major: 11
  Minor: 0
  Build: 1002
  SpecialBuildName: ""
  ptArchitecture: aarch64_linux
Results:
  Results Complete: true
  NumTestProcesses: 48
  CPU_INTEGER_MATH: 302444.61666666664
  CPU_FLOATINGPOINT_MATH: 254077.85873442778
  CPU_PRIME: 538.9924719087245
  CPU_SORTING: 243816.9705645653
  CPU_ENCRYPTION: 9081.8649754456455
  CPU_COMPRESSION: 329261.76210206957
  CPU_SINGLETHREAD: 1885.6431825536754
  CPU_PHYSICS: 13097.624490023321
  CPU_MATRIX_MULT_SSE: 42889.331749353507
  CPU_mm: 6907.7210996684171
  CPU_sse: 36158.99245924018
  CPU_fma: 49619.671039466833
  CPU_avx: 0
  CPU_avx512: 0
  m_CPU_enc_SHA: 13444589821.221079
  m_CPU_enc_AES: 5897800695.3924217
  m_CPU_enc_ECDSA: 9226686428.865181
  ME_ALLOC_S: 38042.20249437735
  ME_READ_S: 25428.300195312499
  ME_READ_L: 19013.49609375
  ME_WRITE: 25738.720703125
  ME_LARGE: 82890.583333333328
  ME_LATENCY: 53.799136052387986
  ME_THREADED: 500832.2294921875
  SUMM_CPU: 36314.947199917893
  SUMM_ME: 3312.0246979217309
SystemInformation:
  OSName: Ubuntu 24.04.1 LTS
  Kernel: 6.8.0-1017-azure
  Device: ""
  Processor: ARM Neoverse-N2 48 Core 0 MHz
  NumSockets: 1
  Manufacturer: ARM
  NumCores: 48
  NumLogicals: 48
  CPUFrequency: 0
  Memory: 96354
Checksum: C9D62E4AE06C7F9A73046CCA231296A3CDCB50AB