BaselineInfo:
  WebDBID: -1
  TimeStamp: 20260621192645
Version:
  Major: 11
  Minor: 0
  Build: 1004
  SpecialBuildName: ""
  ptArchitecture: x86_64_linux
Results:
  Results Complete: true
  NumTestProcesses: 64
  CPU_INTEGER_MATH: 302887.75133333338
  CPU_FLOATINGPOINT_MATH: 219418.35165587196
  CPU_PRIME: 509.99455520524918
  CPU_SORTING: 153216.72440898305
  CPU_ENCRYPTION: 66782.012087031588
  CPU_COMPRESSION: 1166939.43791806
  CPU_SINGLETHREAD: 3442.1104550717919
  CPU_PHYSICS: 10148.507204979278
  CPU_MATRIX_MULT_SSE: 79401.718962435538
  CPU_mm: 8540.1154587021465
  CPU_sse: 36695.625837716449
  CPU_fma: 95687.502078613863
  CPU_avx: 73624.612269246383
  CPU_avx512: 111599.13566416543
  m_CPU_enc_SHA: 70548657371.253021
  m_CPU_enc_AES: 92089464230.543579
  m_CPU_enc_ECDSA: 47439923716.717178
  ME_ALLOC_S: 29091.555054198016
  ME_READ_S: 27829.257031249999
  ME_READ_L: 14771.2412109375
  ME_WRITE: 7681.60107421875
  ME_LARGE: 505472
  ME_LATENCY: 88.360419731613092
  ME_THREADED: 349326.3828125
  SUMM_CPU: 80219.922266561451
  SUMM_ME: 2199.6194714863459
SystemInformation:
  OSName: Ubuntu 24.04.4 LTS
  Kernel: 6.17.0-1018-azure
  Device: ""
  Processor: Intel(R) Xeon(R) 6973P-C
  NumSockets: 1
  Manufacturer: GenuineIntel
  NumCores: 32
  NumLogicals: 64
  CPUFrequency: 2600
  CPUMaxFrequency: 2600
  Memory: 515958
  CPUInfo:
    number: 1
    Family: 6
    Model: 13
    stepping: 1
    features: 529267711
    manufacture: GenuineIntel
    typestring: Intel(R) Xeon(R) 6973P-C
    iCoresPerPackage: 32
    iThreadsPerPackage: 2
    featuresEx:
      - 529267711
      - 4294586915
      - 739248128
    bHybrid: false
    nPCore: 0
    nLogicalsPerPCore: 0
    nECore: 0
    nLogicalsPerECore: 0
  MemModuleInfo:
    iNumMemSticks: 4
    DIMM 1:
      manufacturer: Microsoft Corporation
      modulePartNo: None
      memType: Unknown
      size: 1
      clkspeed: 0
      moduleVoltage: 0
    DIMM 2:
      manufacturer: Microsoft Corporation
      modulePartNo: None
      memType: Unknown
      size: 59
      clkspeed: 0
      moduleVoltage: 0
    DIMM 3:
      manufacturer: Microsoft Corporation
      modulePartNo: None
      memType: Unknown
      size: 196
      clkspeed: 0
      moduleVoltage: 0
    DIMM 4:
      manufacturer: Microsoft Corporation
      modulePartNo: None
      memType: Unknown
      size: 256
      clkspeed: 0
      moduleVoltage: 0
Checksum: 0DECEEA2D92F2EC80A7EEAB870BF349C6488F353