---
system-info:
      stress-ng-version: 0.17.08
      run-by: root
      date-yyyy-mm-dd: 2024:06:09
      time-hh-mm-ss: 23:19:41
      epoch-secs: 1717975181
      hostname: 6dddfb458251
      sysname: Linux
      nodename: 6dddfb458251
      release: 6.8.0-1008-aws
      version: '#8-Ubuntu SMP Sat Apr 20 02:43:14 UTC 2024'
      machine: aarch64
      compiler: 'musl-gcc 13.2.1'
      uptime: 114
      totalram: 33024311296
      freeram: 28527378432
      sharedram: 35024896
      bufferram: 112144384
      totalswap: 0
      freeswap: 0
      pagesize: 4096
      cpus: 4
      cpus-online: 4
      ticks-per-second: 100

metrics:
    - stressor: cpu
      bogo-ops: 17003
      bogo-ops-per-second-usr-sys-time: 424.705177
      bogo-ops-per-second-real-time: 1691.779438
      wall-clock-time: 10.050364
      user-time: 40.028836
      system-time: 0.005995
      cpu-usage-per-instance: 99.585520
      max-rss: 4008

...
