---
system-info:
      stress-ng-version: 0.17.08
      run-by: root
      date-yyyy-mm-dd: 2024:06:16
      time-hh-mm-ss: 03:41:00
      epoch-secs: 1718509260
      hostname: e79e1959d62c
      sysname: Linux
      nodename: e79e1959d62c
      release: 6.8.0-1008-aws
      version: '#8-Ubuntu SMP Sat Apr 20 02:43:14 UTC 2024'
      machine: aarch64
      compiler: 'musl-gcc 13.2.1'
      uptime: 115
      totalram: 33024307200
      freeram: 28749029376
      sharedram: 35024896
      bufferram: 107745280
      totalswap: 0
      freeswap: 0
      pagesize: 4096
      cpus: 4
      cpus-online: 4
      ticks-per-second: 100

metrics:
    - stressor: cpu
      bogo-ops: 122296
      bogo-ops-per-second-usr-sys-time: 1533.090868
      bogo-ops-per-second-real-time: 6114.768492
      wall-clock-time: 20.000103
      user-time: 79.767878
      system-time: 0.002997
      cpu-usage-per-instance: 99.713080
      max-rss: 1192

...
