---
system-info:
      stress-ng-version: 0.17.08
      run-by: root
      date-yyyy-mm-dd: 2024:07:26
      time-hh-mm-ss: 16:46:13
      epoch-secs: 1722012373
      hostname: ip-172-31-19-139
      sysname: Linux
      nodename: ip-172-31-19-139
      release: 6.8.0-1012-aws
      version: '#13-Ubuntu SMP Mon Jul 15 13:40:27 UTC 2024'
      machine: x86_64
      compiler: 'musl-gcc 13.2.1'
      uptime: 142
      totalram: 267406532608
      freeram: 261980299264
      sharedram: 29220864
      bufferram: 139210752
      totalswap: 0
      freeswap: 0
      pagesize: 4096
      cpus: 8
      cpus-online: 8
      ticks-per-second: 100

metrics:
    - stressor: cpu
      bogo-ops: 197212
      bogo-ops-per-second-usr-sys-time: 1234.831454
      bogo-ops-per-second-real-time: 9860.550395
      wall-clock-time: 20.000101
      user-time: 159.690631
      system-time: 0.016995
      cpu-usage-per-instance: 99.816764
      max-rss: 1104

...
