BaselineInfo:
  WebDBID: -1
  TimeStamp: 20260612163734
Version:
  Major: 11
  Minor: 0
  Build: 1004
  SpecialBuildName: ""
  ptArchitecture: x86_64_linux
Results:
  Results Complete: true
  NumTestProcesses: 4
  CPU_INTEGER_MATH: 26895.273333333331
  CPU_FLOATINGPOINT_MATH: 23463.840237909786
  CPU_PRIME: 85.836687846641098
  CPU_SORTING: 16840.868517072366
  CPU_ENCRYPTION: 5756.9072099378855
  CPU_COMPRESSION: 115840.01462488332
  CPU_SINGLETHREAD: 3204.2802770707513
  CPU_PHYSICS: 1529.3978508914549
  CPU_MATRIX_MULT_SSE: 10702.894382044386
  CPU_mm: 1148.576706083318
  CPU_sse: 5146.4930359189166
  CPU_fma: 14996.127500940058
  CPU_avx: 12919.477287081721
  CPU_avx512: 9749.4797042368464
  m_CPU_enc_SHA: 8044530796.4090614
  m_CPU_enc_AES: 5102074974.7861223
  m_CPU_enc_ECDSA: 4963058432.5082998
  ME_ALLOC_S: 2343.0820294107989
  ME_READ_S: 30760.8837890625
  ME_READ_L: 28314.861328125
  ME_WRITE: 28293.37890625
  ME_LARGE: 23848.833333333332
  ME_LATENCY: 67.086877458169141
  ME_THREADED: 111250.689453125
  SUMM_CPU: 11732.078114857253
  SUMM_ME: 2833.9992889358664
SystemInformation:
  OSName: Ubuntu 24.04.4 LTS
  Kernel: 6.8.0-124-generic
  Device: ""
  Processor: AMD EPYC-Genoa Processor
  NumSockets: 1
  Manufacturer: AuthenticAMD
  NumCores: 2
  NumLogicals: 4
  CPUFrequency: 0
  CPUMaxFrequency: 0
  Memory: 32090
  CPUInfo:
    number: 1
    Family: 15
    Model: 1
    stepping: 0
    features: 395049983
    manufacture: AuthenticAMD
    typestring: AMD EPYC-Genoa Processor
    iCoresPerPackage: 2
    iThreadsPerPackage: 2
    featuresEx:
      - 395049983
      - 4277809667
      - 802421759
    bHybrid: false
    nPCore: 0
    nLogicalsPerPCore: 0
    nECore: 0
    nLogicalsPerECore: 0
  MemModuleInfo:
    iNumMemSticks: 2
    DIMM 1:
      manufacturer: QEMU
      modulePartNo: Not Specified
      memType: RAM
      size: 16
      clkspeed: 0
      moduleVoltage: 0
    DIMM 2:
      manufacturer: QEMU
      modulePartNo: Not Specified
      memType: RAM
      size: 16
      clkspeed: 0
      moduleVoltage: 0
Checksum: 6C479DD8F7460021D49B25172B45D192562D61A5