---
system-info:
      stress-ng-version: 0.17.08
      run-by: root
      date-yyyy-mm-dd: 2024:06:14
      time-hh-mm-ss: 22:17:57
      epoch-secs: 1718403477
      hostname: 8b3549e7443c
      sysname: Linux
      nodename: 8b3549e7443c
      release: 6.8.0-31-generic
      version: '#31-Ubuntu SMP PREEMPT_DYNAMIC Sat Apr 20 00:40:06 UTC 2024'
      machine: x86_64
      compiler: 'musl-gcc 13.2.1'
      uptime: 64
      totalram: 16369598464
      freeram: 12819644416
      sharedram: 38019072
      bufferram: 111284224
      totalswap: 0
      freeswap: 0
      pagesize: 4096
      cpus: 4
      cpus-online: 4
      ticks-per-second: 100

metrics:
    - stressor: cpu
      bogo-ops: 122617
      bogo-ops-per-second-usr-sys-time: 1540.056781
      bogo-ops-per-second-real-time: 6130.826302
      wall-clock-time: 20.000077
      user-time: 79.608504
      system-time: 0.009989
      cpu-usage-per-instance: 99.522732
      max-rss: 1104

...
