---
system-info:
      stress-ng-version: 0.17.08
      run-by: root
      date-yyyy-mm-dd: 2024:06:08
      time-hh-mm-ss: 12:17:22
      epoch-secs: 1717849042
      hostname: 1a970e0d7df1
      sysname: Linux
      nodename: 1a970e0d7df1
      release: 6.8.0-31-generic
      version: '#31-Ubuntu SMP PREEMPT_DYNAMIC Sat Apr 20 00:40:06 UTC 2024'
      machine: x86_64
      compiler: 'musl-gcc 13.2.1'
      uptime: 56
      totalram: 16369586176
      freeram: 12811948032
      sharedram: 38019072
      bufferram: 104386560
      totalswap: 0
      freeswap: 0
      pagesize: 4096
      cpus: 4
      cpus-online: 4
      ticks-per-second: 100

metrics:
    - stressor: cpu
      bogo-ops: 56884
      bogo-ops-per-second-usr-sys-time: 1428.908678
      bogo-ops-per-second-real-time: 5687.486698
      wall-clock-time: 10.001606
      user-time: 39.800410
      system-time: 0.008992
      cpu-usage-per-instance: 99.507526
      max-rss: 4048

...
