---
system-info:
      stress-ng-version: 0.17.08
      run-by: root
      date-yyyy-mm-dd: 2024:07:12
      time-hh-mm-ss: 08:56:00
      epoch-secs: 1720774560
      hostname: ip-172-31-14-232
      sysname: Linux
      nodename: ip-172-31-14-232
      release: 6.8.0-1010-aws
      version: '#10-Ubuntu SMP Thu Jun 13 17:36:15 UTC 2024'
      machine: x86_64
      compiler: 'musl-gcc 13.2.1'
      uptime: 276
      totalram: 267384233984
      freeram: 258987311104
      sharedram: 20299776
      bufferram: 132706304
      totalswap: 0
      freeswap: 0
      pagesize: 4096
      cpus: 64
      cpus-online: 64
      ticks-per-second: 100

metrics:
    - stressor: cpu
      bogo-ops: 15297
      bogo-ops-per-second-usr-sys-time: 764.870422
      bogo-ops-per-second-real-time: 764.848295
      wall-clock-time: 20.000045
      user-time: 19.999466
      system-time: 0.000000
      cpu-usage-per-instance: 99.997107
      max-rss: 512

...
