---
system-info:
      stress-ng-version: 0.17.08
      run-by: root
      date-yyyy-mm-dd: 2024:06:20
      time-hh-mm-ss: 20:36:47
      epoch-secs: 1718915807
      hostname: 62551780e024
      sysname: Linux
      nodename: 62551780e024
      release: 6.8.0-1008-gcp
      version: '#9-Ubuntu SMP Wed May 22 18:09:04 UTC 2024'
      machine: x86_64
      compiler: 'musl-gcc 13.2.1'
      uptime: 153
      totalram: 2060488704
      freeram: 145997824
      sharedram: 34971648
      bufferram: 124747776
      totalswap: 0
      freeswap: 0
      pagesize: 4096
      cpus: 2
      cpus-online: 2
      ticks-per-second: 100

metrics:
    - stressor: cpu
      bogo-ops: 53707
      bogo-ops-per-second-usr-sys-time: 1359.454027
      bogo-ops-per-second-real-time: 2685.344510
      wall-clock-time: 20.000041
      user-time: 39.499316
      system-time: 0.006985
      cpu-usage-per-instance: 98.765551
      max-rss: 1104

...
