BaselineInfo:
  WebDBID: -1
  TimeStamp: 20241107230215
Version:
  Major: 11
  Minor: 0
  Build: 1002
  SpecialBuildName: ""
  ptArchitecture: x86_64_linux
Results:
  Results Complete: true
  NumTestProcesses: 8
  CPU_INTEGER_MATH: 45110.891333333326
  CPU_FLOATINGPOINT_MATH: 39424.020372364394
  CPU_PRIME: 136.47982002074286
  CPU_SORTING: 26914.146274744962
  CPU_ENCRYPTION: 9615.9519739997359
  CPU_COMPRESSION: 190492.90519556814
  CPU_SINGLETHREAD: 2730.5439496717368
  CPU_PHYSICS: 1920.6874508236992
  CPU_MATRIX_MULT_SSE: 17459.103883902138
  CPU_mm: 1860.4334053011664
  CPU_sse: 8276.8484740434251
  CPU_fma: 24013.284327651207
  CPU_avx: 20577.149496852184
  CPU_avx512: 16969.133237061738
  m_CPU_enc_SHA: 13356413561.071152
  m_CPU_enc_AES: 8485949386.516161
  m_CPU_enc_ECDSA: 8406806423.6789284
  ME_ALLOC_S: 6742.7938467969152
  ME_READ_S: 26206.876171874999
  ME_READ_L: 25367.611328125
  ME_WRITE: 18794.091796875
  ME_LARGE: 21313.5
  ME_LATENCY: 95.129467991975616
  ME_THREADED: 28860.4375
  SUMM_CPU: 18338.096814554603
  SUMM_ME: 2113.6088090815201
SystemInformation:
  OSName: Ubuntu 24.04.1 LTS
  Kernel: 6.8.0-1016-aws
  Device: ""
  Processor: AMD EPYC 9R14
  NumSockets: 1
  Manufacturer: AuthenticAMD
  NumCores: 8
  NumLogicals: 8
  CPUFrequency: 0
  Memory: 31386
  MemModuleInfo:
    iNumMemSticks: 1
    DIMM 1:
      manufacturer: Not Specified
      modulePartNo: Not Specified
      memType: DDR5
      size: 32
      clkspeed: 2400
      moduleVoltage: 0
Checksum: D9F3E8102DC7A86D57543D6A764383B0033019D4