BaselineInfo:
  WebDBID: -1
  TimeStamp: 20241107232748
Version:
  Major: 11
  Minor: 0
  Build: 1002
  SpecialBuildName: ""
  ptArchitecture: aarch64_linux
Results:
  Results Complete: true
  NumTestProcesses: 16
  CPU_INTEGER_MATH: 75041.53300000001
  CPU_FLOATINGPOINT_MATH: 57206.521197044058
  CPU_PRIME: 118.17570980742644
  CPU_SORTING: 54369.122607508223
  CPU_ENCRYPTION: 2591.1911266889269
  CPU_COMPRESSION: 90378.678486180346
  CPU_SINGLETHREAD: 1333.26097118184
  CPU_PHYSICS: 1962.0140450528061
  CPU_MATRIX_MULT_SSE: 11881.746423651008
  CPU_mm: 1988.5850436235594
  CPU_sse: 9948.3011670325759
  CPU_fma: 13815.19168026944
  CPU_avx: 0
  CPU_avx512: 0
  m_CPU_enc_SHA: 3857929285.1905646
  m_CPU_enc_AES: 1794938096.7370994
  m_CPU_enc_ECDSA: 2498315098.6492414
  ME_ALLOC_S: 11285.913445515025
  ME_READ_S: 11381.99013671875
  ME_READ_L: 8888.501953125
  ME_WRITE: 15025.470703125
  ME_LARGE: 53683.333333333336
  ME_LATENCY: 68.752244978711943
  ME_THREADED: 117828.15380859375
  SUMM_CPU: 11617.096587384258
  SUMM_ME: 1952.9343366586409
SystemInformation:
  OSName: Ubuntu 24.04.1 LTS
  Kernel: 6.8.0-1017-azure
  Device: ""
  Processor: ARM Neoverse-N1 16 Core 0 MHz
  NumSockets: 1
  Manufacturer: ARM
  NumCores: 16
  NumLogicals: 16
  CPUFrequency: 0
  Memory: 64172
Checksum: 84E7E843C0561FF71E102B9EE72B9226FA2F4E24