BaselineInfo:
  WebDBID: -1
  TimeStamp: 20260404001428
Version:
  Major: 11
  Minor: 0
  Build: 1004
  SpecialBuildName: ""
  ptArchitecture: x86_64_linux
Results:
  Results Complete: true
  NumTestProcesses: 4
  CPU_INTEGER_MATH: 12739.459000000001
  CPU_FLOATINGPOINT_MATH: 6846.4125628524507
  CPU_PRIME: 31.107684101671438
  CPU_SORTING: 7930.2624413257199
  CPU_ENCRYPTION: 1764.524257908171
  CPU_COMPRESSION: 60506.007914866212
  CPU_SINGLETHREAD: 2148.6231145165666
  CPU_PHYSICS: 575.55069669849217
  CPU_MATRIX_MULT_SSE: 3437.1455580180118
  CPU_mm: 387.97805006609485
  CPU_sse: 1376.2896686092429
  CPU_fma: 4328.6952148451828
  CPU_avx: 3060.3958613028549
  CPU_avx512: 4983.2014873147682
  m_CPU_enc_SHA: 577428230.32671714
  m_CPU_enc_AES: 4451014107.5663881
  m_CPU_enc_ECDSA: 522271026.88785017
  ME_ALLOC_S: 1491.7790452322761
  ME_READ_S: 24293.919531250001
  ME_READ_L: 10964.30859375
  ME_WRITE: 9710.8408203125
  ME_LARGE: 2652.1666666666665
  ME_LATENCY: 54.9866686515075
  ME_THREADED: 24457.18798828125
  SUMM_CPU: 4655.0462483019592
  SUMM_ME: 1748.5480580015269
SystemInformation:
  OSName: Ubuntu 24.04.4 LTS
  Kernel: 6.8.0-106-generic
  Device: ""
  Processor: Intel(R) Xeon(R) Platinum 8269CY CPU T 3.10GHz
  NumSockets: 1
  Manufacturer: GenuineIntel
  NumCores: 2
  NumLogicals: 4
  CPUFrequency: 3100
  CPUMaxFrequency: 3800
  Memory: 15322
  CPUInfo:
    number: 1
    Family: 6
    Model: 5
    stepping: 7
    features: 529267711
    manufacture: GenuineIntel
    typestring: Intel(R) Xeon(R) Platinum 8269CY CPU T 3.10GHz
    iCoresPerPackage: 2
    iThreadsPerPackage: 2
    featuresEx:
      - 529267711
      - 4277809667
      - 739248128
    bHybrid: false
    nPCore: 0
    nLogicalsPerPCore: 0
    nECore: 0
    nLogicalsPerECore: 0
  MemModuleInfo:
    iNumMemSticks: 1
    DIMM 1:
      manufacturer: Alibaba Cloud
      modulePartNo: Not Specified
      memType: RAM
      size: 16
      clkspeed: 0
      moduleVoltage: 0
Checksum: 3981947CBF79A2B5FB28C93C45D13B07EACFE3E2