BaselineInfo:
  WebDBID: -1
  TimeStamp: 20241107193133
Version:
  Major: 11
  Minor: 0
  Build: 1002
  SpecialBuildName: ""
  ptArchitecture: aarch64_linux
Results:
  Results Complete: true
  NumTestProcesses: 16
  CPU_INTEGER_MATH: 75130.330333333346
  CPU_FLOATINGPOINT_MATH: 57200.68866592276
  CPU_PRIME: 119.78260387712336
  CPU_SORTING: 54551.306156815561
  CPU_ENCRYPTION: 2592.3150131444395
  CPU_COMPRESSION: 90348.472779697739
  CPU_SINGLETHREAD: 1333.8045245118042
  CPU_PHYSICS: 2027.4355233533774
  CPU_MATRIX_MULT_SSE: 11878.915170825143
  CPU_mm: 1987.6823593565687
  CPU_sse: 9943.319532483667
  CPU_fma: 13814.510809166619
  CPU_avx: 0
  CPU_avx512: 0
  m_CPU_enc_SHA: 3858119828.3454604
  m_CPU_enc_AES: 1794524193.6741681
  m_CPU_enc_ECDSA: 2502073899.6492009
  ME_ALLOC_S: 11405.508603437507
  ME_READ_S: 11379.49716796875
  ME_READ_L: 9947.38671875
  ME_WRITE: 15003.298828125
  ME_LARGE: 21605.25
  ME_LATENCY: 66.646634540813622
  ME_THREADED: 132280.66796875
  SUMM_CPU: 11632.41076919345
  SUMM_ME: 1985.0480476170726
SystemInformation:
  OSName: Ubuntu 24.04.1 LTS
  Kernel: 6.8.0-1017-azure
  Device: ""
  Processor: ARM Neoverse-N1 16 Core 0 MHz
  NumSockets: 1
  Manufacturer: ARM
  NumCores: 16
  NumLogicals: 16
  CPUFrequency: 0
  Memory: 32028
Checksum: 0BD6A728AAE9CD28593333764885B5591E9F68E0