---
system-info:
      stress-ng-version: 0.17.08
      run-by: root
      date-yyyy-mm-dd: 2024:09:12
      time-hh-mm-ss: 12:53:05
      epoch-secs: 1726145585
      hostname: ip-172-31-37-255
      sysname: Linux
      nodename: ip-172-31-37-255
      release: 6.8.0-1014-aws
      version: '#15-Ubuntu SMP Thu Aug  8 19:13:06 UTC 2024'
      machine: x86_64
      compiler: 'musl-gcc 13.2.1'
      uptime: 262
      totalram: 2063028858880
      freeram: 2050179055616
      sharedram: 191217664
      bufferram: 223121408
      totalswap: 0
      freeswap: 0
      pagesize: 4096
      cpus: 128
      cpus-online: 128
      ticks-per-second: 100

metrics:
    - stressor: cpu
      bogo-ops: 1267059
      bogo-ops-per-second-usr-sys-time: 495.152883
      bogo-ops-per-second-real-time: 63351.463343
      wall-clock-time: 20.000469
      user-time: 2558.897892
      system-time: 0.026922
      cpu-usage-per-instance: 99.955655
      max-rss: 0

...
