BaselineInfo:
  WebDBID: -1
  TimeStamp: 20241109095754
Version:
  Major: 11
  Minor: 0
  Build: 1002
  SpecialBuildName: ""
  ptArchitecture: aarch64_linux
Results:
  Results Complete: true
  NumTestProcesses: 64
  CPU_INTEGER_MATH: 252597.48100000003
  CPU_FLOATINGPOINT_MATH: 191572.20188575785
  CPU_PRIME: 243.11009711301458
  CPU_SORTING: 175018.57676577085
  CPU_ENCRYPTION: 8699.2632133448424
  CPU_COMPRESSION: 304927.10142448795
  CPU_SINGLETHREAD: 1110.6210218491156
  CPU_PHYSICS: 3903.8767355126038
  CPU_MATRIX_MULT_SSE: 39781.071252385176
  CPU_mm: 6675.0169673216051
  CPU_sse: 33213.393784561631
  CPU_fma: 46348.748720208692
  CPU_avx: 0
  CPU_avx512: 0
  m_CPU_enc_SHA: 12946850526.142735
  m_CPU_enc_AES: 6022910542.3342962
  m_CPU_enc_ECDSA: 8395754801.1118097
  ME_ALLOC_S: 20423.248895896537
  ME_READ_S: 9486.6199218750007
  ME_READ_L: 9200.806640625
  ME_WRITE: 12573.2373046875
  ME_LARGE: 111617.16666666667
  ME_LATENCY: 69.935446726987337
  ME_THREADED: 170346.3994140625
  SUMM_CPU: 28013.255699795864
  SUMM_ME: 1842.2533078669831
SystemInformation:
  OSName: Ubuntu 24.04.1 LTS
  Kernel: 6.8.0-1016-aws
  Device: ""
  Processor: ARM Neoverse-N1 64 Core 0 MHz
  NumSockets: 1
  Manufacturer: ARM
  NumCores: 64
  NumLogicals: 64
  CPUFrequency: 0
  Memory: 126497
Checksum: 2164F6B1E69F98E8A36295DDA7506D5D98B70522