---
system-info:
      stress-ng-version: 0.17.08
      run-by: root
      date-yyyy-mm-dd: 2024:07:02
      time-hh-mm-ss: 23:13:38
      epoch-secs: 1719962018
      hostname: n2d-highcpu-128-3feb033
      sysname: Linux
      nodename: n2d-highcpu-128-3feb033
      release: 6.8.0-1009-gcp
      version: '#10-Ubuntu SMP Wed Jun 12 18:52:23 UTC 2024'
      machine: x86_64
      compiler: 'musl-gcc 13.2.1'
      uptime: 171
      totalram: 135123427328
      freeram: 128920768512
      sharedram: 69611520
      bufferram: 129179648
      totalswap: 0
      freeswap: 0
      pagesize: 4096
      cpus: 128
      cpus-online: 128
      ticks-per-second: 100

metrics:
    - stressor: cpu
      bogo-ops: 3453548
      bogo-ops-per-second-usr-sys-time: 1349.540173
      bogo-ops-per-second-real-time: 172676.275485
      wall-clock-time: 20.000130
      user-time: 2558.981398
      system-time: 0.073953
      cpu-usage-per-instance: 99.962449
      max-rss: 0

...
