BaselineInfo:
  WebDBID: -1
  TimeStamp: 20250228162138
Version:
  Major: 11
  Minor: 0
  Build: 1002
  SpecialBuildName: ""
  ptArchitecture: x86_64_linux
Results:
  Results Complete: true
  NumTestProcesses: 8
  CPU_INTEGER_MATH: 38209.099666666669
  CPU_FLOATINGPOINT_MATH: 27992.459433034601
  CPU_PRIME: 131.19649651574619
  CPU_SORTING: 22872.127207969061
  CPU_ENCRYPTION: 9298.516959884224
  CPU_COMPRESSION: 168819.47260373589
  CPU_SINGLETHREAD: 2170.5328471146727
  CPU_PHYSICS: 2020.3801071019789
  CPU_MATRIX_MULT_SSE: 14276.344606388742
  CPU_mm: 1622.4196034636475
  CPU_sse: 6417.9068478202253
  CPU_fma: 20987.07605946721
  CPU_avx: 15424.050911878787
  CPU_avx512: 0
  m_CPU_enc_SHA: 13116590270.780144
  m_CPU_enc_AES: 8458503675.5823574
  m_CPU_enc_ECDSA: 7675511212.820178
  ME_ALLOC_S: 4722.4955161067646
  ME_READ_S: 23999.712890625
  ME_READ_L: 11292.2314453125
  ME_WRITE: 10153.49609375
  ME_LARGE: 36925.666666666664
  ME_LATENCY: 92.631406211692834
  ME_THREADED: 37222.30615234375
  SUMM_CPU: 15622.697228614486
  SUMM_ME: 1906.7071393744811
SystemInformation:
  OSName: Ubuntu 24.04.1 LTS
  Kernel: 6.8.0-31-generic
  Device: ""
  Processor: AMD EPYC 7542 32-Core Processor
  NumSockets: 1
  Manufacturer: AuthenticAMD
  NumCores: 8
  NumLogicals: 8
  CPUFrequency: 0
  Memory: 48130
  MemModuleInfo:
    iNumMemSticks: 3
    DIMM 1:
      manufacturer: QEMU
      modulePartNo: Not Specified
      memType: RAM
      size: 16
      clkspeed: 0
      moduleVoltage: 0
    DIMM 2:
      manufacturer: QEMU
      modulePartNo: Not Specified
      memType: RAM
      size: 16
      clkspeed: 0
      moduleVoltage: 0
    DIMM 3:
      manufacturer: QEMU
      modulePartNo: Not Specified
      memType: RAM
      size: 16
      clkspeed: 0
      moduleVoltage: 0
Checksum: 8969619982FD8C52FF110969CE28549B0322A5CC