BaselineInfo:
  WebDBID: -1
  TimeStamp: 20241107150507
Version:
  Major: 11
  Minor: 0
  Build: 1002
  SpecialBuildName: ""
  ptArchitecture: x86_64_linux
Results:
  Results Complete: true
  NumTestProcesses: 4
  CPU_INTEGER_MATH: 16755.787
  CPU_FLOATINGPOINT_MATH: 8571.2182477646966
  CPU_PRIME: 37.382575459304775
  CPU_SORTING: 8779.670833599168
  CPU_ENCRYPTION: 3632.5933700989776
  CPU_COMPRESSION: 64553.00479317292
  CPU_SINGLETHREAD: 2426.3730558275097
  CPU_PHYSICS: 715.36017228819139
  CPU_MATRIX_MULT_SSE: 3646.6988040128599
  CPU_mm: 361.20801575323787
  CPU_sse: 1573.985317410506
  CPU_fma: 4367.4938770714343
  CPU_avx: 3226.5547704998639
  CPU_avx512: 5418.7612510696372
  m_CPU_enc_SHA: 3602659266.7752852
  m_CPU_enc_AES: 5533638339.0184011
  m_CPU_enc_ECDSA: 2290853071.1410289
  ME_ALLOC_S: 2026.3486196081644
  ME_READ_S: 23426.100781249999
  ME_READ_L: 11468.8701171875
  ME_WRITE: 10304.5625
  ME_LARGE: 6049
  ME_LATENCY: 53.177309414948461
  ME_THREADED: 29816.5009765625
  SUMM_CPU: 5958.7277178178565
  SUMM_ME: 2099.2710189268564
SystemInformation:
  OSName: Ubuntu 24.04.1 LTS
  Kernel: 6.8.0-1017-azure
  Device: ""
  Processor: Intel Xeon Platinum 8370C CPU @ 2.80GHz
  NumSockets: 1
  Manufacturer: GenuineIntel
  NumCores: 2
  NumLogicals: 4
  CPUFrequency: 2800
  Memory: 15988
  MemModuleInfo:
    iNumMemSticks: 2
    DIMM 1:
      manufacturer: Microsoft Corporation
      modulePartNo: None
      memType: Unknown
      size: 1
      clkspeed: 0
      moduleVoltage: 0
    DIMM 2:
      manufacturer: Microsoft Corporation
      modulePartNo: None
      memType: Unknown
      size: 15
      clkspeed: 0
      moduleVoltage: 0
Checksum: 9A5F41768D4FB12C9AE48B72D0F78EA3373A8DA5