BaselineInfo:
  WebDBID: -1
  TimeStamp: 20260612235704
Version:
  Major: 11
  Minor: 0
  Build: 1004
  SpecialBuildName: ""
  ptArchitecture: x86_64_linux
Results:
  Results Complete: true
  NumTestProcesses: 32
  CPU_INTEGER_MATH: 208881.85800000001
  CPU_FLOATINGPOINT_MATH: 127381.75764556903
  CPU_PRIME: 490.91916929773822
  CPU_SORTING: 100217.25777206328
  CPU_ENCRYPTION: 42011.610610433818
  CPU_COMPRESSION: 788873.34994034213
  CPU_SINGLETHREAD: 3744.5379400730135
  CPU_PHYSICS: 8361.266146547503
  CPU_MATRIX_MULT_SSE: 64014.764527153311
  CPU_mm: 6039.5734701036772
  CPU_sse: 22500.027583134994
  CPU_fma: 68406.480156272548
  CPU_avx: 66837.678474655448
  CPU_avx512: 98314.871894550219
  m_CPU_enc_SHA: 52632058940.636574
  m_CPU_enc_AES: 43110672430.79599
  m_CPU_enc_ECDSA: 36414368450.906174
  ME_ALLOC_S: 22459.467149385073
  ME_READ_S: 33397.317187499997
  ME_READ_L: 32272.296875
  ME_WRITE: 32927.26171875
  ME_LARGE: 119362.33333333333
  ME_LATENCY: 77.975074882577303
  ME_THREADED: 351545.603515625
  SUMM_CPU: 62267.173545288744
  SUMM_ME: 2989.4620711738107
SystemInformation:
  OSName: Ubuntu 24.04.4 LTS
  Kernel: 6.8.0-124-generic
  Device: ""
  Processor: AMD EPYC-Turin Processor
  NumSockets: 1
  Manufacturer: AuthenticAMD
  NumCores: 16
  NumLogicals: 32
  CPUFrequency: 0
  CPUMaxFrequency: 0
  Memory: 128799
  CPUInfo:
    number: 1
    Family: 15
    Model: 0
    stepping: 0
    features: 395049983
    manufacture: AuthenticAMD
    typestring: AMD EPYC-Turin Processor
    iCoresPerPackage: 16
    iThreadsPerPackage: 2
    featuresEx:
      - 395049983
      - 4277809667
      - 802421759
    bHybrid: false
    nPCore: 0
    nLogicalsPerPCore: 0
    nECore: 0
    nLogicalsPerECore: 0
  MemModuleInfo:
    iNumMemSticks: 1
    DIMM 1:
      manufacturer: QEMU
      modulePartNo: Not Specified
      memType: RAM
      size: 128
      clkspeed: 0
      moduleVoltage: 0
Checksum: 8B710BEC8B1086B3D6450A1AB8361B7D28F9BDF8