BaselineInfo:
  WebDBID: -1
  TimeStamp: 20260619033219
Version:
  Major: 11
  Minor: 0
  Build: 1004
  SpecialBuildName: ""
  ptArchitecture: x86_64_linux
Results:
  Results Complete: true
  NumTestProcesses: 24
  CPU_INTEGER_MATH: 83423.580000000016
  CPU_FLOATINGPOINT_MATH: 44863.875599773346
  CPU_PRIME: 95.312540562465415
  CPU_SORTING: 47128.902112439173
  CPU_ENCRYPTION: 11562.5231477613
  CPU_COMPRESSION: 388058.10048564547
  CPU_SINGLETHREAD: 2339.0977002286904
  CPU_PHYSICS: 1358.9462382627137
  CPU_MATRIX_MULT_SSE: 22302.162225892618
  CPU_mm: 2543.3413345863119
  CPU_sse: 9042.6563266172525
  CPU_fma: 26945.925938929828
  CPU_avx: 19039.932363442109
  CPU_avx512: 34180.13427458128
  m_CPU_enc_SHA: 3779275544.3995504
  m_CPU_enc_AES: 29168409689.212219
  m_CPU_enc_ECDSA: 3424867582.9490972
  ME_ALLOC_S: 6820.7908646463247
  ME_READ_S: 26891.434765624999
  ME_READ_L: 7097.12158203125
  ME_WRITE: 7411.9951171875
  ME_LARGE: 87023.583333333328
  ME_LATENCY: 85.932082295008868
  ME_THREADED: 94508.55419921875
  SUMM_CPU: 24266.269142305093
  SUMM_ME: 1882.0573158053501
SystemInformation:
  OSName: Ubuntu 24.04.4 LTS
  Kernel: 6.8.0-117-generic
  Device: ""
  Processor: Intel(R) Xeon(R) Platinum 8369HB CPU @ 3.20GHz
  NumSockets: 1
  Manufacturer: GenuineIntel
  NumCores: 12
  NumLogicals: 24
  CPUFrequency: 0
  CPUMaxFrequency: 0
  Memory: 96025
  CPUInfo:
    number: 1
    Family: 6
    Model: 5
    stepping: 11
    features: 529267711
    manufacture: GenuineIntel
    typestring: Intel(R) Xeon(R) Platinum 8369HB CPU @ 3.20GHz
    iCoresPerPackage: 12
    iThreadsPerPackage: 2
    featuresEx:
      - 529267711
      - 4277809667
      - 739248128
    bHybrid: false
    nPCore: 0
    nLogicalsPerPCore: 0
    nECore: 0
    nLogicalsPerECore: 0
  MemModuleInfo:
    iNumMemSticks: 6
    DIMM 1:
      manufacturer: Alibaba Cloud
      modulePartNo: Not Specified
      memType: RAM
      size: 16
      clkspeed: 0
      moduleVoltage: 0
    DIMM 2:
      manufacturer: Alibaba Cloud
      modulePartNo: Not Specified
      memType: RAM
      size: 16
      clkspeed: 0
      moduleVoltage: 0
    DIMM 3:
      manufacturer: Alibaba Cloud
      modulePartNo: Not Specified
      memType: RAM
      size: 16
      clkspeed: 0
      moduleVoltage: 0
    DIMM 4:
      manufacturer: Alibaba Cloud
      modulePartNo: Not Specified
      memType: RAM
      size: 16
      clkspeed: 0
      moduleVoltage: 0
    DIMM 5:
      manufacturer: Alibaba Cloud
      modulePartNo: Not Specified
      memType: RAM
      size: 16
      clkspeed: 0
      moduleVoltage: 0
    DIMM 6:
      manufacturer: Alibaba Cloud
      modulePartNo: Not Specified
      memType: RAM
      size: 16
      clkspeed: 0
      moduleVoltage: 0
Checksum: 4C7D4871003ABDF30C60E76E0B77BA34E804D82F