BaselineInfo:
  WebDBID: -1
  TimeStamp: 20241114235848
Version:
  Major: 11
  Minor: 0
  Build: 1002
  SpecialBuildName: ""
  ptArchitecture: x86_64_linux
Results:
  Results Complete: true
  NumTestProcesses: 2
  CPU_INTEGER_MATH: 8750.4186666666665
  CPU_FLOATINGPOINT_MATH: 6194.4002889640442
  CPU_PRIME: 19.237970524258486
  CPU_SORTING: 4470.3065310638131
  CPU_ENCRYPTION: 1937.5229472000888
  CPU_COMPRESSION: 33751.381814402208
  CPU_SINGLETHREAD: 2688.8583169292888
  CPU_PHYSICS: 445.36825202010607
  CPU_MATRIX_MULT_SSE: 2314.425195080822
  CPU_mm: 247.32399901369405
  CPU_sse: 1070.1998373450033
  CPU_fma: 2715.1088148619124
  CPU_avx: 2057.1942031784342
  CPU_avx512: 3415.1979249379392
  m_CPU_enc_SHA: 2036901987.5792608
  m_CPU_enc_AES: 2642087111.255815
  m_CPU_enc_ECDSA: 1415931086.8147655
  ME_ALLOC_S: 1383.4450811449913
  ME_READ_S: 24312.514453125001
  ME_READ_L: 9922.572265625
  ME_WRITE: 9014.4052734375
  ME_LARGE: 639
  ME_LATENCY: 62.206314952159126
  ME_THREADED: 15020.25146484375
  SUMM_CPU: 3441.4057148441416
  SUMM_ME: 980.33236143341492
SystemInformation:
  OSName: Ubuntu 24.04.1 LTS
  Kernel: 6.8.0-1015-gcp
  Device: ""
  Processor: INTEL XEON PLATINUM 8581C CPU @ 2.30GHz
  NumSockets: 1
  Manufacturer: GenuineIntel
  NumCores: 1
  NumLogicals: 2
  CPUFrequency: 0
  Memory: 3912
  MemModuleInfo:
    iNumMemSticks: 1
    DIMM 1:
      manufacturer: ""
      modulePartNo: ""
      memType: RAM
      size: 4
      clkspeed: 0
      moduleVoltage: 0
Checksum: 202C9903333D060C06E89EC5ED348329028738EC