BaselineInfo:
  WebDBID: -1
  TimeStamp: 20241111091810
Version:
  Major: 11
  Minor: 0
  Build: 1002
  SpecialBuildName: ""
  ptArchitecture: x86_64_linux
Results:
  Results Complete: true
  NumTestProcesses: 2
  CPU_INTEGER_MATH: 8168.0293333333339
  CPU_FLOATINGPOINT_MATH: 5798.8860780374234
  CPU_PRIME: 18.06043648614979
  CPU_SORTING: 4149.025547837773
  CPU_ENCRYPTION: 1814.9348705132434
  CPU_COMPRESSION: 31428.718988095632
  CPU_SINGLETHREAD: 2492.8642971616232
  CPU_PHYSICS: 420.94820812162664
  CPU_MATRIX_MULT_SSE: 2176.6035545868817
  CPU_mm: 232.03802539031176
  CPU_sse: 1005.4683671222797
  CPU_fma: 2649.7528062152905
  CPU_avx: 1920.7041023920578
  CPU_avx512: 3130.4889426178979
  m_CPU_enc_SHA: 1907135591.4943893
  m_CPU_enc_AES: 2471574859.6323733
  m_CPU_enc_ECDSA: 1330580989.2231212
  ME_ALLOC_S: 1055.2868579870176
  ME_READ_S: 22733.578906250001
  ME_READ_L: 9324.779296875
  ME_WRITE: 8720.7216796875
  ME_LARGE: 643.66666666666663
  ME_LATENCY: 68.85484363415685
  ME_THREADED: 13300.9052734375
  SUMM_CPU: 3215.901517756361
  SUMM_ME: 933.6079029697953
SystemInformation:
  OSName: Ubuntu 24.04.1 LTS
  Kernel: 6.8.0-1015-gcp
  Device: ""
  Processor: INTEL XEON PLATINUM 8581C CPU @ 2.30GHz
  NumSockets: 1
  Manufacturer: GenuineIntel
  NumCores: 1
  NumLogicals: 2
  CPUFrequency: 0
  Memory: 3912
  MemModuleInfo:
    iNumMemSticks: 1
    DIMM 1:
      manufacturer: ""
      modulePartNo: ""
      memType: RAM
      size: 4
      clkspeed: 0
      moduleVoltage: 0
Checksum: 232749F045D53E5F95AC9D9F21AF085E5684FD76