BaselineInfo:
  WebDBID: -1
  TimeStamp: 20241115160143
Version:
  Major: 11
  Minor: 0
  Build: 1002
  SpecialBuildName: ""
  ptArchitecture: x86_64_linux
Results:
  Results Complete: true
  NumTestProcesses: 2
  CPU_INTEGER_MATH: 8647.232
  CPU_FLOATINGPOINT_MATH: 6165.7052840320903
  CPU_PRIME: 19.355039123822515
  CPU_SORTING: 4366.1461141100954
  CPU_ENCRYPTION: 1926.0640118687202
  CPU_COMPRESSION: 32836.263568882823
  CPU_SINGLETHREAD: 2659.4448128299846
  CPU_PHYSICS: 433.47206040450646
  CPU_MATRIX_MULT_SSE: 2301.9031531489254
  CPU_mm: 239.00054220907523
  CPU_sse: 1035.2681660726241
  CPU_fma: 2699.4696595819087
  CPU_avx: 2042.2928316473794
  CPU_avx512: 3430.5819552937905
  m_CPU_enc_SHA: 2013509725.9691195
  m_CPU_enc_AES: 2625850117.536665
  m_CPU_enc_ECDSA: 1419513648.4219813
  ME_ALLOC_S: 1346.9183933909433
  ME_READ_S: 24049.3212890625
  ME_READ_L: 9959.10546875
  ME_WRITE: 8990.125
  ME_LARGE: 626
  ME_LATENCY: 63.758947864360529
  ME_THREADED: 14340.9521484375
  SUMM_CPU: 3395.0075870664577
  SUMM_ME: 961.09918609822819
SystemInformation:
  OSName: Ubuntu 24.04.1 LTS
  Kernel: 6.8.0-1017-gcp
  Device: ""
  Processor: INTEL XEON PLATINUM 8581C CPU @ 2.30GHz
  NumSockets: 1
  Manufacturer: GenuineIntel
  NumCores: 1
  NumLogicals: 2
  CPUFrequency: 0
  Memory: 3912
  MemModuleInfo:
    iNumMemSticks: 1
    DIMM 1:
      manufacturer: ""
      modulePartNo: ""
      memType: RAM
      size: 4
      clkspeed: 0
      moduleVoltage: 0
Checksum: 2AEDC1B99E45528820817D67DC0BFEB4A5FFF5D3