BaselineInfo:
  WebDBID: -1
  TimeStamp: 20241109053708
Version:
  Major: 11
  Minor: 0
  Build: 1002
  SpecialBuildName: ""
  ptArchitecture: x86_64_linux
Results:
  Results Complete: true
  NumTestProcesses: 16
  CPU_INTEGER_MATH: 46898.221666666665
  CPU_FLOATINGPOINT_MATH: 25117.591604905985
  CPU_PRIME: 83.89617498302006
  CPU_SORTING: 24081.736128935925
  CPU_ENCRYPTION: 6450.9046420973436
  CPU_COMPRESSION: 204279.02303218746
  CPU_SINGLETHREAD: 1873.5434387450509
  CPU_PHYSICS: 1617.5383327346433
  CPU_MATRIX_MULT_SSE: 15025.163883096477
  CPU_mm: 1424.2186824707469
  CPU_sse: 5141.7336963492007
  CPU_fma: 17401.825321356031
  CPU_avx: 12290.667803897106
  CPU_avx512: 25266.428710783555
  m_CPU_enc_SHA: 2116804886.8977749
  m_CPU_enc_AES: 16284038189.421501
  m_CPU_enc_ECDSA: 1891948281.6563153
  ME_ALLOC_S: 5430.880205532053
  ME_READ_S: 22570.332617187501
  ME_READ_L: 10538.3349609375
  ME_WRITE: 10064.9560546875
  ME_LARGE: 53230.75
  ME_LATENCY: 52.11058245910079
  ME_THREADED: 87473.64501953125
  SUMM_CPU: 15092.689110795513
  SUMM_ME: 2539.1929657492401
SystemInformation:
  OSName: Ubuntu 24.04.1 LTS
  Kernel: 6.8.0-1016-aws
  Device: ""
  Processor: Intel Xeon Platinum 8259CL CPU @ 2.50GHz
  NumSockets: 1
  Manufacturer: GenuineIntel
  NumCores: 8
  NumLogicals: 16
  CPUFrequency: 0
  Memory: 63592
  MemModuleInfo:
    iNumMemSticks: 1
    DIMM 1:
      manufacturer: Not Specified
      modulePartNo: Not Specified
      memType: DDR4
      size: 64
      clkspeed: 1466
      moduleVoltage: 0
Checksum: C72BA69C0E5448D571BFB93BD9C71891668F3110