BaselineInfo:
  WebDBID: -1
  TimeStamp: 20241108202015
Version:
  Major: 11
  Minor: 0
  Build: 1002
  SpecialBuildName: ""
  ptArchitecture: x86_64_linux
Results:
  Results Complete: true
  NumTestProcesses: 64
  CPU_INTEGER_MATH: 216131.66800000003
  CPU_FLOATINGPOINT_MATH: 128965.94456754808
  CPU_PRIME: 302.0603985905326
  CPU_SORTING: 127796.97206668531
  CPU_ENCRYPTION: 68246.652682838409
  CPU_COMPRESSION: 946394.14351113734
  CPU_SINGLETHREAD: 2132.6464709003999
  CPU_PHYSICS: 5443.2901189720342
  CPU_MATRIX_MULT_SSE: 58844.920604640014
  CPU_mm: 6472.5284076781272
  CPU_sse: 26710.476143444306
  CPU_fma: 84416.517127699713
  CPU_avx: 65407.768542776052
  CPU_avx512: 0
  m_CPU_enc_SHA: 96531133527.140594
  m_CPU_enc_AES: 66163057696.171135
  m_CPU_enc_ECDSA: 51991215027.368164
  ME_ALLOC_S: 21377.037855399045
  ME_READ_S: 24352.655664062499
  ME_READ_L: 12217.982421875
  ME_WRITE: 13163.75390625
  ME_LARGE: 115687.91666666667
  ME_LATENCY: 51.923820409935331
  ME_THREADED: 116008.36560058594
  SUMM_CPU: 55843.357234378986
  SUMM_ME: 2854.5887416520186
SystemInformation:
  OSName: Ubuntu 24.04.1 LTS
  Kernel: 6.8.0-1016-aws
  Device: ""
  Processor: AMD EPYC 7R32
  NumSockets: 1
  Manufacturer: AuthenticAMD
  NumCores: 32
  NumLogicals: 64
  CPUFrequency: 0
  Memory: 127413
  MemModuleInfo:
    iNumMemSticks: 1
    DIMM 1:
      manufacturer: Not Specified
      modulePartNo: Not Specified
      memType: DDR4
      size: 128
      clkspeed: 1466
      moduleVoltage: 0
Checksum: E389723553AFD26CF61CDACF908F75032102C8AB