---
system-info:
      stress-ng-version: 0.17.08
      run-by: root
      date-yyyy-mm-dd: 2024:09:03
      time-hh-mm-ss: 14:56:54
      epoch-secs: 1725375414
      hostname: sc-runner
      sysname: Linux
      nodename: sc-runner
      release: 6.8.0-1013-azure
      version: '#15-Ubuntu SMP Thu Aug  8 18:40:40 UTC 2024'
      machine: x86_64
      compiler: 'musl-gcc 13.2.1'
      uptime: 321
      totalram: 67420618752
      freeram: 58702188544
      sharedram: 38227968
      bufferram: 233644032
      totalswap: 0
      freeswap: 0
      pagesize: 4096
      cpus: 16
      cpus-online: 16
      ticks-per-second: 100

metrics:
    - stressor: cpu
      bogo-ops: 431594
      bogo-ops-per-second-usr-sys-time: 1350.854870
      bogo-ops-per-second-real-time: 21579.639739
      wall-clock-time: 20.000056
      user-time: 319.469956
      system-time: 0.026986
      cpu-usage-per-instance: 99.842516
      max-rss: 3256

...
