---
system-info:
      stress-ng-version: 0.17.08
      run-by: root
      date-yyyy-mm-dd: 2024:09:21
      time-hh-mm-ss: 21:21:38
      epoch-secs: 1726953698
      hostname: sc-runner
      sysname: Linux
      nodename: sc-runner
      release: 6.8.0-1014-azure
      version: '#16-Ubuntu SMP Thu Aug 15 20:04:41 UTC 2024'
      machine: x86_64
      compiler: 'musl-gcc 13.2.1'
      uptime: 323
      totalram: 67420610560
      freeram: 56998117376
      sharedram: 38223872
      bufferram: 268034048
      totalswap: 0
      freeswap: 0
      pagesize: 4096
      cpus: 16
      cpus-online: 16
      ticks-per-second: 100

metrics:
    - stressor: cpu
      bogo-ops: 431429
      bogo-ops-per-second-usr-sys-time: 1349.816089
      bogo-ops-per-second-real-time: 21571.403118
      wall-clock-time: 20.000043
      user-time: 319.590593
      system-time: 0.029986
      cpu-usage-per-instance: 99.881214
      max-rss: 3252

...
