BaselineInfo:
  WebDBID: -1
  TimeStamp: 20241110142925
Version:
  Major: 11
  Minor: 0
  Build: 1002
  SpecialBuildName: ""
  ptArchitecture: x86_64_linux
Results:
  Results Complete: true
  NumTestProcesses: 96
  CPU_INTEGER_MATH: 436560.3033333334
  CPU_FLOATINGPOINT_MATH: 310184.98016900121
  CPU_PRIME: 775.52974593154465
  CPU_SORTING: 216208.89439074829
  CPU_ENCRYPTION: 96067.123274734273
  CPU_COMPRESSION: 1602972.6467191943
  CPU_SINGLETHREAD: 3166.633068830969
  CPU_PHYSICS: 13371.039021707047
  CPU_MATRIX_MULT_SSE: 121966.91810574899
  CPU_mm: 12328.539772614859
  CPU_sse: 52515.94703772755
  CPU_fma: 137461.3129704718
  CPU_avx: 106270.21874498892
  CPU_avx512: 191620.19366980769
  m_CPU_enc_SHA: 101721986567.33682
  m_CPU_enc_AES: 132259360821.15851
  m_CPU_enc_ECDSA: 68219692176.288002
  ME_ALLOC_S: 34584.009059145246
  ME_READ_S: 27486.9208984375
  ME_READ_L: 10479.55078125
  ME_WRITE: 9052.8720703125
  ME_LARGE: 760866.25
  ME_LATENCY: 69.292442540903906
  ME_THREADED: 409572.98364257812
  SUMM_CPU: 97408.436466683255
  SUMM_ME: 2431.1872555556643
SystemInformation:
  OSName: Ubuntu 24.04.1 LTS
  Kernel: 6.8.0-1017-azure
  Device: ""
  Processor: Intel Xeon Platinum 8473C
  NumSockets: 2
  Manufacturer: GenuineIntel
  NumCores: 48
  NumLogicals: 96
  CPUFrequency: 2100
  Memory: 773992
  MemModuleInfo:
    iNumMemSticks: 4
    DIMM 1:
      manufacturer: Microsoft Corporation
      modulePartNo: None
      memType: Unknown
      size: 1
      clkspeed: 0
      moduleVoltage: 0
    DIMM 2:
      manufacturer: Microsoft Corporation
      modulePartNo: None
      memType: Unknown
      size: 59
      clkspeed: 0
      moduleVoltage: 0
    DIMM 3:
      manufacturer: Microsoft Corporation
      modulePartNo: None
      memType: Unknown
      size: 324
      clkspeed: 0
      moduleVoltage: 0
    DIMM 4:
      manufacturer: Microsoft Corporation
      modulePartNo: None
      memType: Unknown
      size: 384
      clkspeed: 0
      moduleVoltage: 0
Checksum: F31B010AADD97026E830B13B5991EAACCEB6CA18