---
system-info:
      stress-ng-version: 0.17.08
      run-by: root
      date-yyyy-mm-dd: 2024:09:14
      time-hh-mm-ss: 09:34:14
      epoch-secs: 1726306454
      hostname: ip-172-31-57-67
      sysname: Linux
      nodename: ip-172-31-57-67
      release: 6.8.0-1014-aws
      version: '#15-Ubuntu SMP Thu Aug  8 19:13:06 UTC 2024'
      machine: x86_64
      compiler: 'musl-gcc 13.2.1'
      uptime: 648
      totalram: 25945999343616
      freeram: 25926389547008
      sharedram: 328339456
      bufferram: 224768000
      totalswap: 0
      freeswap: 0
      pagesize: 4096
      cpus: 448
      cpus-online: 448
      ticks-per-second: 100

metrics:
    - stressor: cpu
      bogo-ops: 8043254
      bogo-ops-per-second-usr-sys-time: 899.871032
      bogo-ops-per-second-real-time: 402160.646358
      wall-clock-time: 20.000102
      user-time: 8938.072845
      system-time: 0.156871
      cpu-usage-per-instance: 99.756519
      max-rss: 0

...
