size_kb,operation,bandwidth_mb_s,latency_ns,latency_stddev_ns,latency_samples,threads,iterations,elapsed_s
32,read,3476754.54,0,0,0,32,598085,0.172024
32,write,2898842.76,0,0,0,32,649350,0.224003
32,copy,2881175.93,0,0,0,32,581395,0.201791
32,latency,0,2.01,0.00,7,1,7,0.288506
128,read,2814800.25,0,0,0,32,155086,0.220387
128,write,2900745.13,0,0,0,32,177430,0.244668
128,copy,2491720.54,0,0,0,32,130480,0.209462
128,latency,0,2.68,0.00,7,1,7,0.654756
1024,read,2271879.89,0,0,0,32,16314,0.229787
1024,write,2881357.40,0,0,0,32,22429,0.249094
1024,copy,1522627.29,0,0,0,32,14410,0.302845
1024,latency,0,5.75,0.02,7,1,7,0.631168
2048,read,1798448.55,0,0,0,32,7724,0.274868
2048,write,2886247.49,0,0,0,32,11078,0.245645
2048,copy,697020.67,0,0,0,32,5001,0.459189
2048,latency,0,11.56,0.33,7,1,7,0.566826
4096,read,899281.35,0,0,0,32,3624,0.515825
4096,write,2132232.07,0,0,0,32,4974,0.298594
4096,copy,241142.03,0,0,0,32,1714,0.909804
4096,latency,0,24.69,0.61,7,1,7,0.668426
16384,read,350800.04,0,0,0,32,415,0.605701
16384,write,307878.10,0,0,0,32,1204,2.002247
16384,copy,158601.00,0,0,0,32,355,1.146020
16384,latency,0,62.54,1.39,7,1,7,0.694701
32768,read,327600.53,0,0,0,32,186,0.581391
32768,write,267538.35,0,0,0,32,590,2.258218
32768,copy,153770.44,0,0,0,32,168,1.118759
32768,latency,0,93.36,2.34,7,1,7,2.019272
65536,read,324740.48,0,0,0,32,93,0.586511
65536,write,257333.65,0,0,0,32,284,2.260225
65536,copy,153409.09,0,0,0,32,87,1.161444
65536,latency,0,108.09,0.92,7,1,7,4.838027
131072,read,325314.72,0,0,0,32,48,0.604362
131072,write,260454.11,0,0,0,32,141,2.217419
131072,copy,153232.36,0,0,0,32,44,1.176148
131072,latency,0,114.45,0.28,7,1,7,10.434105
262144,read,330958.40,0,0,0,32,24,0.594057
262144,write,265565.30,0,0,0,32,67,2.066776
262144,copy,150214.43,0,0,0,32,22,1.199778
262144,latency,0,118.07,0.16,7,1,7,21.748214
