BaselineInfo:
  WebDBID: -1
  TimeStamp: 20260404154855
Version:
  Major: 11
  Minor: 0
  Build: 1004
  SpecialBuildName: ""
  ptArchitecture: x86_64_linux
Results:
  Results Complete: true
  NumTestProcesses: 12
  CPU_INTEGER_MATH: 50505.636999999995
  CPU_FLOATINGPOINT_MATH: 25828.471663467921
  CPU_PRIME: 106.54194969993674
  CPU_SORTING: 26248.908388107637
  CPU_ENCRYPTION: 10960.778831141641
  CPU_COMPRESSION: 185418.72435600925
  CPU_SINGLETHREAD: 2385.2684630345939
  CPU_PHYSICS: 1827.1615470312831
  CPU_MATRIX_MULT_SSE: 10522.31800566478
  CPU_mm: 1088.4462792864538
  CPU_sse: 4744.2921825414551
  CPU_fma: 13120.55713691078
  CPU_avx: 9718.6926554714846
  CPU_avx512: 14505.730047735393
  m_CPU_enc_SHA: 11079323264.987431
  m_CPU_enc_AES: 16657783558.219725
  m_CPU_enc_ECDSA: 6742522047.7223768
  ME_ALLOC_S: 5988.1047691994445
  ME_READ_S: 24277.126562500001
  ME_READ_L: 9245.68359375
  ME_WRITE: 9234.625
  ME_LARGE: 33930.083333333336
  ME_LATENCY: 52.177223586910401
  ME_THREADED: 42985.100830078125
  SUMM_CPU: 16425.298645316085
  SUMM_ME: 2382.4341329671165
SystemInformation:
  OSName: Ubuntu 24.04.4 LTS
  Kernel: 6.8.0-106-generic
  Device: ""
  Processor: Intel(R) Xeon(R) Platinum 8369B CPU @ 2.90GHz
  NumSockets: 1
  Manufacturer: GenuineIntel
  NumCores: 6
  NumLogicals: 12
  CPUFrequency: 0
  CPUMaxFrequency: 0
  Memory: 46999
  CPUInfo:
    number: 1
    Family: 6
    Model: 10
    stepping: 6
    features: 529267711
    manufacture: GenuineIntel
    typestring: Intel(R) Xeon(R) Platinum 8369B CPU @ 2.90GHz
    iCoresPerPackage: 6
    iThreadsPerPackage: 2
    featuresEx:
      - 529267711
      - 4277809667
      - 739248128
    bHybrid: false
    nPCore: 0
    nLogicalsPerPCore: 0
    nECore: 0
    nLogicalsPerECore: 0
  MemModuleInfo:
    iNumMemSticks: 3
    DIMM 1:
      manufacturer: Alibaba Cloud
      modulePartNo: Not Specified
      memType: RAM
      size: 16
      clkspeed: 0
      moduleVoltage: 0
    DIMM 2:
      manufacturer: Alibaba Cloud
      modulePartNo: Not Specified
      memType: RAM
      size: 16
      clkspeed: 0
      moduleVoltage: 0
    DIMM 3:
      manufacturer: Alibaba Cloud
      modulePartNo: Not Specified
      memType: RAM
      size: 16
      clkspeed: 0
      moduleVoltage: 0
Checksum: 4F2B50514193DF647E708A1DD41A1268A14D36BE