---
system-info:
      stress-ng-version: 0.17.08
      run-by: root
      date-yyyy-mm-dd: 2024:06:09
      time-hh-mm-ss: 22:19:57
      epoch-secs: 1717971597
      hostname: 430fd6bb8da6
      sysname: Linux
      nodename: 430fd6bb8da6
      release: 6.8.0-1008-aws
      version: '#8-Ubuntu SMP Sat Apr 20 02:43:14 UTC 2024'
      machine: aarch64
      compiler: 'musl-gcc 13.2.1'
      uptime: 109
      totalram: 33024307200
      freeram: 28515311616
      sharedram: 35012608
      bufferram: 111611904
      totalswap: 0
      freeswap: 0
      pagesize: 4096
      cpus: 4
      cpus-online: 4
      ticks-per-second: 100

metrics:
    - stressor: cpu
      bogo-ops: 16990
      bogo-ops-per-second-usr-sys-time: 425.313093
      bogo-ops-per-second-real-time: 1693.881277
      wall-clock-time: 10.030219
      user-time: 39.935051
      system-time: 0.011991
      cpu-usage-per-instance: 99.566725
      max-rss: 4136

...
