---
system-info:
      stress-ng-version: 0.17.08
      run-by: root
      date-yyyy-mm-dd: 2024:06:16
      time-hh-mm-ss: 02:28:23
      epoch-secs: 1718504903
      hostname: fe86cdba9e49
      sysname: Linux
      nodename: fe86cdba9e49
      release: 6.8.0-1008-aws
      version: '#8-Ubuntu SMP Sat Apr 20 02:43:14 UTC 2024'
      machine: aarch64
      compiler: 'musl-gcc 13.2.1'
      uptime: 132
      totalram: 33024311296
      freeram: 28754120704
      sharedram: 35012608
      bufferram: 107794432
      totalswap: 0
      freeswap: 0
      pagesize: 4096
      cpus: 4
      cpus-online: 4
      ticks-per-second: 100

metrics:
    - stressor: cpu
      bogo-ops: 122168
      bogo-ops-per-second-usr-sys-time: 1532.347390
      bogo-ops-per-second-real-time: 6108.380631
      wall-clock-time: 20.000063
      user-time: 79.720052
      system-time: 0.005995
      cpu-usage-per-instance: 99.657243
      max-rss: 1192

...
