---
system-info:
      stress-ng-version: 0.17.08
      run-by: root
      date-yyyy-mm-dd: 2024:07:09
      time-hh-mm-ss: 22:38:27
      epoch-secs: 1720564707
      hostname: m1-ultramem-80-7e24b42
      sysname: Linux
      nodename: m1-ultramem-80-7e24b42
      release: 6.8.0-1009-gcp
      version: '#10-Ubuntu SMP Wed Jun 12 18:52:23 UTC 2024'
      machine: x86_64
      compiler: 'musl-gcc 13.2.1'
      uptime: 211
      totalram: 2031333822464
      freeram: 2024020533248
      sharedram: 117440512
      bufferram: 135352320
      totalswap: 0
      freeswap: 0
      pagesize: 4096
      cpus: 80
      cpus-online: 80
      ticks-per-second: 100

metrics:
    - stressor: cpu
      bogo-ops: 802854
      bogo-ops-per-second-usr-sys-time: 502.098148
      bogo-ops-per-second-real-time: 40142.393588
      wall-clock-time: 20.000153
      user-time: 1598.891033
      system-time: 0.107098
      cpu-usage-per-instance: 99.936620
      max-rss: 640

...
