BaselineInfo:
  WebDBID: -1
  TimeStamp: 20250821004211
Version:
  Major: 11
  Minor: 0
  Build: 1002
  SpecialBuildName: ""
  ptArchitecture: x86_64_linux
Results:
  Results Complete: true
  NumTestProcesses: 48
  CPU_INTEGER_MATH: 248114.87233333333
  CPU_FLOATINGPOINT_MATH: 179728.76984697592
  CPU_PRIME: 479.17900968158125
  CPU_SORTING: 124069.93896260517
  CPU_ENCRYPTION: 54844.452326041406
  CPU_COMPRESSION: 959084.2926238809
  CPU_SINGLETHREAD: 3275.7948697754432
  CPU_PHYSICS: 8108.3921413650551
  CPU_MATRIX_MULT_SSE: 67744.935550614289
  CPU_mm: 7213.8582394395362
  CPU_sse: 29993.737702485334
  CPU_fma: 78433.282463487194
  CPU_avx: 62332.673155049699
  CPU_avx512: 100220.04888143491
  m_CPU_enc_SHA: 57639498682.906128
  m_CPU_enc_AES: 75353062402.348801
  m_CPU_enc_ECDSA: 39533168241.438568
  ME_ALLOC_S: 23204.013485701606
  ME_READ_S: 28779.758984374999
  ME_READ_L: 10130.529296875
  ME_WRITE: 10891.9150390625
  ME_LARGE: 369456.08333333331
  ME_LATENCY: 68.731901474985591
  ME_THREADED: 202742.95849609375
  SUMM_CPU: 69284.71801165276
  SUMM_ME: 2475.0063771957221
SystemInformation:
  OSName: Ubuntu 24.04.2 LTS
  Kernel: 6.14.0-1010-aws
  Device: ""
  Processor: Intel Xeon 6975P-C
  NumSockets: 1
  Manufacturer: GenuineIntel
  NumCores: 24
  NumLogicals: 48
  CPUFrequency: 0
  Memory: 380668
  MemModuleInfo:
    iNumMemSticks: 1
    DIMM 1:
      manufacturer: Not Specified
      modulePartNo: Not Specified
      memType: DDR5
      size: 384
      clkspeed: 3600
      moduleVoltage: 0
Checksum: 2D5C532826FD7309FE99724D9D148215EFAB83A8