BaselineInfo:
  WebDBID: -1
  TimeStamp: 20260612225201
Version:
  Major: 11
  Minor: 0
  Build: 1004
  SpecialBuildName: ""
  ptArchitecture: x86_64_linux
Results:
  Results Complete: true
  NumTestProcesses: 4
  CPU_INTEGER_MATH: 12804.116333333333
  CPU_FLOATINGPOINT_MATH: 9670.139303692642
  CPU_PRIME: 41.57638380623284
  CPU_SORTING: 8555.7641251049572
  CPU_ENCRYPTION: 1645.6241339049782
  CPU_COMPRESSION: 67612.401761034213
  CPU_SINGLETHREAD: 1675.2428407420161
  CPU_PHYSICS: 602.64517856109512
  CPU_MATRIX_MULT_SSE: 5455.521135165488
  CPU_mm: 581.76920995412922
  CPU_sse: 2157.2139350596508
  CPU_fma: 7291.4041659533523
  CPU_avx: 4917.6720562169503
  CPU_avx512: 7455.7943834320004
  m_CPU_enc_SHA: 900741260.91159892
  m_CPU_enc_AES: 3482764115.3721561
  m_CPU_enc_ECDSA: 793180539.21688414
  ME_ALLOC_S: 1075.8851531550063
  ME_READ_S: 19165.12890625
  ME_READ_L: 6667.240234375
  ME_WRITE: 6927.08935546875
  ME_LARGE: 23444.166666666668
  ME_LATENCY: 77.814487248667191
  ME_THREADED: 26460.44921875
  SUMM_CPU: 5197.8952602447116
  SUMM_ME: 1580.1214118668622
SystemInformation:
  OSName: Ubuntu 24.04.4 LTS
  Kernel: 6.8.0-117-generic
  Device: ""
  Processor: Intel(R) Xeon(R) Platinum 8269CY CPU @ 2.50GHz
  NumSockets: 1
  Manufacturer: GenuineIntel
  NumCores: 2
  NumLogicals: 4
  CPUFrequency: 2500
  CPUMaxFrequency: 3800
  Memory: 31713
  CPUInfo:
    number: 1
    Family: 6
    Model: 5
    stepping: 7
    features: 529267711
    manufacture: GenuineIntel
    typestring: Intel(R) Xeon(R) Platinum 8269CY CPU @ 2.50GHz
    iCoresPerPackage: 2
    iThreadsPerPackage: 2
    featuresEx:
      - 529267711
      - 4294586883
      - 739248128
    bHybrid: false
    nPCore: 0
    nLogicalsPerPCore: 0
    nECore: 0
    nLogicalsPerECore: 0
  MemModuleInfo:
    iNumMemSticks: 2
    DIMM 1:
      manufacturer: Alibaba Cloud
      modulePartNo: Not Specified
      memType: RAM
      size: 16
      clkspeed: 0
      moduleVoltage: 0
    DIMM 2:
      manufacturer: Alibaba Cloud
      modulePartNo: Not Specified
      memType: RAM
      size: 16
      clkspeed: 0
      moduleVoltage: 0
Checksum: 2AD154A6A16513C63F91BC2DBF643C2FB892DBE2