BaselineInfo:
  WebDBID: -1
  TimeStamp: 20260621120113
Version:
  Major: 11
  Minor: 0
  Build: 1004
  SpecialBuildName: ""
  ptArchitecture: x86_64_linux
Results:
  Results Complete: true
  NumTestProcesses: 64
  CPU_INTEGER_MATH: 348412.66733333346
  CPU_FLOATINGPOINT_MATH: 252164.18873998694
  CPU_PRIME: 746.92304663851246
  CPU_SORTING: 174756.02868025994
  CPU_ENCRYPTION: 76470.968838678149
  CPU_COMPRESSION: 1348940.6387417719
  CPU_SINGLETHREAD: 3540.0988517942751
  CPU_PHYSICS: 12831.367184737606
  CPU_MATRIX_MULT_SSE: 92631.511207451462
  CPU_mm: 9634.4132631928078
  CPU_sse: 41603.017771917454
  CPU_fma: 110329.24592826026
  CPU_avx: 83082.852220608795
  CPU_avx512: 135510.92890901942
  m_CPU_enc_SHA: 81184584821.485153
  m_CPU_enc_AES: 106537877283.89963
  m_CPU_enc_ECDSA: 52834405757.572594
  ME_ALLOC_S: 33165.521997311036
  ME_READ_S: 30974.660742187501
  ME_READ_L: 23584.626953125
  ME_WRITE: 8694.640625
  ME_LARGE: 247572.41666666666
  ME_LATENCY: 70.10528315018199
  ME_THREADED: 375942.8056640625
  SUMM_CPU: 89862.33387668537
  SUMM_ME: 2735.5956183948097
SystemInformation:
  OSName: Ubuntu 24.04.4 LTS
  Kernel: 6.17.0-1018-azure
  Device: ""
  Processor: Intel(R) Xeon(R) 6973P-C
  NumSockets: 1
  Manufacturer: GenuineIntel
  NumCores: 32
  NumLogicals: 64
  CPUFrequency: 2600
  CPUMaxFrequency: 2600
  Memory: 257910
  CPUInfo:
    number: 1
    Family: 6
    Model: 13
    stepping: 1
    features: 529267711
    manufacture: GenuineIntel
    typestring: Intel(R) Xeon(R) 6973P-C
    iCoresPerPackage: 32
    iThreadsPerPackage: 2
    featuresEx:
      - 529267711
      - 4294586915
      - 739248128
    bHybrid: false
    nPCore: 0
    nLogicalsPerPCore: 0
    nECore: 0
    nLogicalsPerECore: 0
  MemModuleInfo:
    iNumMemSticks: 4
    DIMM 1:
      manufacturer: Microsoft Corporation
      modulePartNo: None
      memType: Unknown
      size: 1
      clkspeed: 0
      moduleVoltage: 0
    DIMM 2:
      manufacturer: Microsoft Corporation
      modulePartNo: None
      memType: Unknown
      size: 59
      clkspeed: 0
      moduleVoltage: 0
    DIMM 3:
      manufacturer: Microsoft Corporation
      modulePartNo: None
      memType: Unknown
      size: 68
      clkspeed: 0
      moduleVoltage: 0
    DIMM 4:
      manufacturer: Microsoft Corporation
      modulePartNo: None
      memType: Unknown
      size: 128
      clkspeed: 0
      moduleVoltage: 0
Checksum: 4453F5160EC8B8DB1F308FE65CF809479AD09865