---
system-info:
      stress-ng-version: 0.17.08
      run-by: root
      date-yyyy-mm-dd: 2024:06:13
      time-hh-mm-ss: 13:28:25
      epoch-secs: 1718285305
      hostname: cac3fe77ae8a
      sysname: Linux
      nodename: cac3fe77ae8a
      release: 6.8.0-1008-aws
      version: '#8-Ubuntu SMP Sat Apr 20 02:43:14 UTC 2024'
      machine: aarch64
      compiler: 'musl-gcc 13.2.1'
      uptime: 129
      totalram: 65935773696
      freeram: 61536260096
      sharedram: 35033088
      bufferram: 104808448
      totalswap: 0
      freeswap: 0
      pagesize: 4096
      cpus: 16
      cpus-online: 16
      ticks-per-second: 100

metrics:
    - stressor: cpu
      bogo-ops: 485844
      bogo-ops-per-second-usr-sys-time: 1519.946710
      bogo-ops-per-second-real-time: 24292.104908
      wall-clock-time: 20.000078
      user-time: 319.628424
      system-time: 0.016993
      cpu-usage-per-instance: 99.888802
      max-rss: 1192

...
