---
system-info:
      stress-ng-version: 0.17.08
      run-by: root
      date-yyyy-mm-dd: 2024:06:07
      time-hh-mm-ss: 22:20:35
      epoch-secs: 1717798835
      hostname: dd6127a4e444
      sysname: Linux
      nodename: dd6127a4e444
      release: 6.8.0-1008-aws
      version: '#8-Ubuntu SMP Sat Apr 20 02:43:14 UTC 2024'
      machine: aarch64
      compiler: 'musl-gcc 13.2.1'
      uptime: 120
      totalram: 65935777792
      freeram: 61529559040
      sharedram: 35033088
      bufferram: 93143040
      totalswap: 0
      freeswap: 0
      pagesize: 4096
      cpus: 16
      cpus-online: 16
      ticks-per-second: 100

metrics:
    - stressor: cpu
      bogo-ops: 47016
      bogo-ops-per-second-usr-sys-time: 293.064877
      bogo-ops-per-second-real-time: 4681.625188
      wall-clock-time: 10.042666
      user-time: 160.404652
      system-time: 0.023989
      cpu-usage-per-instance: 99.841911
      max-rss: 4136

...
