size_kb,operation,bandwidth_mb_s,latency_ns,latency_stddev_ns,latency_samples,threads,iterations,elapsed_s
32,read,4308143.08,0,0,0,64,781251,0.362686
32,write,4455634.45,0,0,0,64,623441,0.279844
32,copy,2396808.51,0,0,0,64,362318,0.302334
32,latency,0,0.86,0.03,7,1,7,0.125653
128,read,4670200.84,0,0,0,64,260145,0.445625
128,write,4351170.57,0,0,0,64,228937,0.420920
128,copy,2897827.94,0,0,0,64,151331,0.417778
128,latency,0,2.27,0.07,7,1,7,0.623899
256,read,4695646.74,0,0,0,64,128666,0.438418
256,write,4576843.33,0,0,0,64,113999,0.398524
256,copy,2696284.92,0,0,0,64,60738,0.360425
256,latency,0,2.56,0.10,7,1,7,0.619712
512,read,4576752.57,0,0,0,64,60606,0.423748
512,write,4610063.36,0,0,0,64,64020,0.444384
512,copy,1993266.99,0,0,0,64,17656,0.283450
512,latency,0,3.09,0.15,10,1,10,0.848895
1024,read,3700496.61,0,0,0,64,21746,0.376097
1024,write,3755445.57,0,0,0,64,25166,0.428877
1024,copy,1588385.02,0,0,0,64,7284,0.293491
1024,latency,0,5.03,0.37,21,1,21,1.497233
4096,read,2324632.38,0,0,0,64,2727,0.300311
4096,write,1755743.18,0,0,0,64,2807,0.409281
4096,copy,415123.63,0,0,0,64,1653,1.019378
4096,latency,0,8.81,0.12,7,1,7,0.705700
8192,read,626277.59,0,0,0,64,1481,1.210760
8192,write,473018.28,0,0,0,64,1050,1.136531
8192,copy,136815.56,0,0,0,64,663,2.481121
8192,latency,0,9.51,0.24,7,1,7,0.728186
16384,read,310068.74,0,0,0,64,507,1.674364
16384,write,175779.84,0,0,0,64,1203,7.008039
16384,copy,82908.18,0,0,0,64,443,5.471499
16384,latency,0,10.33,1.17,21,1,21,2.166154
32768,read,267687.93,0,0,0,64,287,2.195751
32768,write,120820.95,0,0,0,64,256,4.339380
32768,copy,82211.63,0,0,0,64,165,4.110367
32768,latency,0,32.57,11.60,21,1,21,1.856521
65536,read,264982.56,0,0,0,64,141,2.179525
65536,write,122458.71,0,0,0,64,145,4.849961
65536,copy,85603.85,0,0,0,64,79,3.780017
65536,latency,0,120.80,2.44,7,1,7,5.154211
