BaselineInfo:
  WebDBID: -1
  TimeStamp: 20250614000702
Version:
  Major: 11
  Minor: 0
  Build: 1002
  SpecialBuildName: ""
  ptArchitecture: x86_64_linux
Results:
  Results Complete: true
  NumTestProcesses: 4
  CPU_INTEGER_MATH: 18943.131333333335
  CPU_FLOATINGPOINT_MATH: 10595.863483836241
  CPU_PRIME: 47.160657861401141
  CPU_SORTING: 11548.997865500551
  CPU_ENCRYPTION: 4812.906105726066
  CPU_COMPRESSION: 78239.30332340415
  CPU_SINGLETHREAD: 2889.5826986702446
  CPU_PHYSICS: 938.3000558703551
  CPU_MATRIX_MULT_SSE: 5350.3746419084837
  CPU_mm: 507.38222056697413
  CPU_sse: 2248.2360873488133
  CPU_fma: 7005.9753182313671
  CPU_avx: 5783.8529144190661
  CPU_avx512: 6363.4342476346901
  m_CPU_enc_SHA: 6722438040.6142178
  m_CPU_enc_AES: 4561581065.1042604
  m_CPU_enc_ECDSA: 3856074392.434967
  ME_ALLOC_S: 1937.1231193884842
  ME_READ_S: 27826.653125000001
  ME_READ_L: 26274.90625
  ME_WRITE: 25588.201171875
  ME_LARGE: 22722.583333333332
  ME_LATENCY: 79.516972998927301
  ME_THREADED: 36203.03515625
  SUMM_CPU: 7524.0790471859345
  SUMM_ME: 2342.7097880819592
SystemInformation:
  OSName: Ubuntu 24.04.2 LTS
  Kernel: 6.11.0-1015-azure
  Device: ""
  Processor: AMD EPYC 9V74 80-Core Processor
  NumSockets: 1
  Manufacturer: AuthenticAMD
  NumCores: 2
  NumLogicals: 4
  CPUFrequency: 0
  Memory: 32099
  MemModuleInfo:
    iNumMemSticks: 2
    DIMM 1:
      manufacturer: Microsoft Corporation
      modulePartNo: None
      memType: Unknown
      size: 1
      clkspeed: 0
      moduleVoltage: 0
    DIMM 2:
      manufacturer: Microsoft Corporation
      modulePartNo: None
      memType: Unknown
      size: 31
      clkspeed: 0
      moduleVoltage: 0
Checksum: 89DFDD87825027A8AC06F703682638811C55C960