size_kb,operation,bandwidth_mb_s,latency_ns,latency_stddev_ns,latency_samples,threads,iterations,elapsed_s
16,read,275051.72,0,0,0,8,600961,0.273113
16,write,184786.55,0,0,0,8,410508,0.277691
16,copy,117340.50,0,0,0,8,124564,0.132695
16,latency,0,1.46,0.05,7,1,7,0.107357
64,read,241517.26,0,0,0,8,144341,0.298821
64,write,145387.73,0,0,0,8,122549,0.421456
64,copy,114903.05,0,0,0,8,39413,0.171505
64,latency,0,4.61,0.23,7,1,7,0.823134
512,read,181687.25,0,0,0,8,10649,0.234447
512,write,127253.51,0,0,0,8,17173,0.539804
512,copy,47770.34,0,0,0,8,4813,0.403012
512,latency,0,7.58,0.20,7,1,7,0.726979
1024,read,96688.69,0,0,0,8,4866,0.402612
1024,write,89913.39,0,0,0,8,4098,0.364618
1024,copy,44191.97,0,0,0,8,1279,0.231535
1024,latency,0,10.54,0.30,7,1,7,0.653920
2048,read,89490.06,0,0,0,8,1575,0.281596
2048,write,83203.72,0,0,0,8,1344,0.258450
2048,copy,27698.11,0,0,0,8,668,0.385875
2048,latency,0,26.58,13.95,21,1,21,0.647700
8192,read,42648.23,0,0,0,8,265,0.397672
8192,write,29581.20,0,0,0,8,76,0.164429
8192,copy,17071.05,0,0,0,8,142,0.532363
8192,latency,0,105.86,3.88,7,1,7,0.601638
16384,read,40147.02,0,0,0,8,112,0.357088
16384,write,27520.50,0,0,0,8,120,0.558129
16384,copy,17164.85,0,0,0,8,73,0.544368
16384,latency,0,112.76,2.19,7,1,7,1.306366
32768,read,40657.36,0,0,0,8,67,0.421867
32768,write,28107.56,0,0,0,8,52,0.473609
32768,copy,17667.26,0,0,0,8,36,0.521643
32768,latency,0,128.22,2.94,7,1,7,2.856983
65536,read,39466.81,0,0,0,8,28,0.363242
65536,write,26168.64,0,0,0,8,29,0.567397
65536,copy,17237.61,0,0,0,8,15,0.445537
65536,latency,0,116.01,5.09,7,1,7,5.387805
131072,read,38861.14,0,0,0,8,15,0.395253
131072,write,27585.33,0,0,0,8,14,0.519697
131072,copy,16105.63,0,0,0,8,8,0.508642
131072,latency,0,138.27,9.46,21,1,21,28.384409
