---
system-info:
      stress-ng-version: 0.17.08
      run-by: root
      date-yyyy-mm-dd: 2024:09:15
      time-hh-mm-ss: 20:59:37
      epoch-secs: 1726433977
      hostname: sc-runner
      sysname: Linux
      nodename: sc-runner
      release: 6.8.0-1014-azure
      version: '#16-Ubuntu SMP Thu Aug 15 21:06:50 UTC 2024'
      machine: aarch64
      compiler: 'musl-gcc 13.2.1'
      uptime: 319
      totalram: 16738021376
      freeram: 6854459392
      sharedram: 38133760
      bufferram: 221831168
      totalswap: 0
      freeswap: 0
      pagesize: 4096
      cpus: 2
      cpus-online: 2
      ticks-per-second: 100

metrics:
    - stressor: cpu
      bogo-ops: 72008
      bogo-ops-per-second-usr-sys-time: 1821.190864
      bogo-ops-per-second-real-time: 3600.386545
      wall-clock-time: 20.000075
      user-time: 39.531976
      system-time: 0.006988
      cpu-usage-per-instance: 98.847041
      max-rss: 1192

...
