BaselineInfo:
  WebDBID: -1
  TimeStamp: 20251208233847
Version:
  Major: 11
  Minor: 0
  Build: 1002
  SpecialBuildName: ""
  ptArchitecture: x86_64_linux
Results:
  Results Complete: true
  NumTestProcesses: 2
  CPU_INTEGER_MATH: 7505.1970000000001
  CPU_FLOATINGPOINT_MATH: 5422.0388145698935
  CPU_PRIME: 26.043339963280317
  CPU_SORTING: 5104.8839214741365
  CPU_ENCRYPTION: 698.92250819949618
  CPU_COMPRESSION: 36469.578239046954
  CPU_SINGLETHREAD: 1869.529088325095
  CPU_PHYSICS: 377.81756862192071
  CPU_MATRIX_MULT_SSE: 2389.5316558927389
  CPU_mm: 337.5549116661773
  CPU_sse: 1327.3608256075086
  CPU_fma: 3536.2109568417818
  CPU_avx: 2305.0231852289266
  CPU_avx512: 0
  m_CPU_enc_SHA: 497962594.77798325
  m_CPU_enc_AES: 1269057713.7446947
  m_CPU_enc_ECDSA: 431599795.35070658
  ME_ALLOC_S: 1265.6043243752074
  ME_READ_S: 21473.501562500001
  ME_READ_L: 8232.2490234375
  ME_WRITE: 8148.4697265625
  ME_LARGE: 641
  ME_LATENCY: 57.931789693890927
  ME_THREADED: 15861.28076171875
  SUMM_CPU: 2735.6311251886618
  SUMM_ME: 962.5403145093253
SystemInformation:
  OSName: Ubuntu 24.04.2 LTS
  Kernel: 6.8.0-86-generic
  Device: ""
  Processor: Intel Core Processor (Haswell, no TSX)
  NumSockets: 2
  Manufacturer: GenuineIntel
  NumCores: 2
  NumLogicals: 2
  CPUFrequency: 0
  Memory: 6767
  MemModuleInfo:
    iNumMemSticks: 1
    DIMM 1:
      manufacturer: QEMU
      modulePartNo: Not Specified
      memType: RAM
      size: 7000
      clkspeed: 0
      moduleVoltage: 0
Checksum: 883F3BA4CB34B157A5FA2FF4C444823AB978FA82