BaselineInfo:
  WebDBID: -1
  TimeStamp: 20260630123141
Version:
  Major: 11
  Minor: 0
  Build: 1004
  SpecialBuildName: ""
  ptArchitecture: x86_64_linux
Results:
  Results Complete: true
  NumTestProcesses: 32
  CPU_INTEGER_MATH: 197730.40866666663
  CPU_FLOATINGPOINT_MATH: 173925.59987005658
  CPU_PRIME: 642.0533846744022
  CPU_SORTING: 123741.15694749705
  CPU_ENCRYPTION: 42331.96015424122
  CPU_COMPRESSION: 857367.26759314886
  CPU_SINGLETHREAD: 2948.433289358039
  CPU_PHYSICS: 10862.883758469237
  CPU_MATRIX_MULT_SSE: 80910.661500306363
  CPU_mm: 8533.3639498617431
  CPU_sse: 37891.108743740144
  CPU_fma: 110235.69950626091
  CPU_avx: 94395.735655673678
  CPU_avx512: 81120.10209555077
  m_CPU_enc_SHA: 59186139989.117928
  m_CPU_enc_AES: 37508189902.419144
  m_CPU_enc_ECDSA: 36470502460.543907
  ME_ALLOC_S: 16701.717349929495
  ME_READ_S: 28220.225976562499
  ME_READ_L: 26323.162109375
  ME_WRITE: 24909.3984375
  ME_LARGE: 55034.833333333336
  ME_LATENCY: 67.776784653492143
  ME_THREADED: 404180.21630859375
  SUMM_CPU: 64051.499508755835
  SUMM_ME: 3040.2478305235818
SystemInformation:
  OSName: Ubuntu 24.04.4 LTS
  Kernel: 6.8.0-124-generic
  Device: ""
  Processor: AMD EPYC-Genoa Processor
  NumSockets: 2
  Manufacturer: AuthenticAMD
  NumCores: 16
  NumLogicals: 32
  CPUFrequency: 0
  CPUMaxFrequency: 0
  Memory: 64287
  CPUInfo:
    number: 2
    Family: 15
    Model: 1
    stepping: 0
    features: 395049983
    manufacture: AuthenticAMD
    typestring: AMD EPYC-Genoa Processor
    iCoresPerPackage: 8
    iThreadsPerPackage: 2
    featuresEx:
      - 395049983
      - 4277809667
      - 802421759
    bHybrid: false
    nPCore: 0
    nLogicalsPerPCore: 0
    nECore: 0
    nLogicalsPerECore: 0
  MemModuleInfo:
    iNumMemSticks: 4
    DIMM 1:
      manufacturer: QEMU
      modulePartNo: Not Specified
      memType: RAM
      size: 16
      clkspeed: 0
      moduleVoltage: 0
    DIMM 2:
      manufacturer: QEMU
      modulePartNo: Not Specified
      memType: RAM
      size: 16
      clkspeed: 0
      moduleVoltage: 0
    DIMM 3:
      manufacturer: QEMU
      modulePartNo: Not Specified
      memType: RAM
      size: 16
      clkspeed: 0
      moduleVoltage: 0
    DIMM 4:
      manufacturer: QEMU
      modulePartNo: Not Specified
      memType: RAM
      size: 16
      clkspeed: 0
      moduleVoltage: 0
Checksum: EA6A84AAD002A93FD415A63BCB11716EF2ECDB09