BaselineInfo:
  WebDBID: -1
  TimeStamp: 20241109231944
Version:
  Major: 11
  Minor: 0
  Build: 1002
  SpecialBuildName: ""
  ptArchitecture: x86_64_linux
Results:
  Results Complete: true
  NumTestProcesses: 96
  CPU_INTEGER_MATH: 268635.69466666656
  CPU_FLOATINGPOINT_MATH: 144054.86960991996
  CPU_PRIME: 325.42976251078983
  CPU_SORTING: 135262.22166192433
  CPU_ENCRYPTION: 36526.48577458776
  CPU_COMPRESSION: 1164964.2315467256
  CPU_SINGLETHREAD: 1811.5367110957525
  CPU_PHYSICS: 4883.1465823685139
  CPU_MATRIX_MULT_SSE: 73176.364903257112
  CPU_mm: 8183.8578448431299
  CPU_sse: 29346.225899639976
  CPU_fma: 86708.50700698758
  CPU_avx: 61115.982300495612
  CPU_avx512: 115534.74440590524
  m_CPU_enc_SHA: 12096613033.080734
  m_CPU_enc_AES: 91991782125.375565
  m_CPU_enc_ECDSA: 10813993884.266083
  ME_ALLOC_S: 20836.927605692836
  ME_READ_S: 22227.122851562501
  ME_READ_L: 10149.908203125
  ME_WRITE: 9987.822265625
  ME_LARGE: 174765.91666666666
  ME_LATENCY: 57.17433492710628
  ME_THREADED: 211090.18627929688
  SUMM_CPU: 53507.92493252128
  SUMM_ME: 2539.0234514129752
SystemInformation:
  OSName: Ubuntu 24.04.1 LTS
  Kernel: 6.8.0-1016-aws
  Device: ""
  Processor: Intel Xeon Platinum 8259CL CPU @ 2.50GHz
  NumSockets: 2
  Manufacturer: GenuineIntel
  NumCores: 48
  NumLogicals: 96
  CPUFrequency: 0
  Memory: 187341
  MemModuleInfo:
    iNumMemSticks: 2
    DIMM 1:
      manufacturer: Not Specified
      modulePartNo: Not Specified
      memType: DDR4
      size: 96
      clkspeed: 1466
      moduleVoltage: 0
    DIMM 2:
      manufacturer: Not Specified
      modulePartNo: Not Specified
      memType: DDR4
      size: 96
      clkspeed: 1466
      moduleVoltage: 0
Checksum: 9F20D4FDB55B3E5A19E8A57A35505ADB22511BC1