---
system-info:
      stress-ng-version: 0.17.08
      run-by: root
      date-yyyy-mm-dd: 2024:09:22
      time-hh-mm-ss: 01:21:34
      epoch-secs: 1726968094
      hostname: sc-runner
      sysname: Linux
      nodename: sc-runner
      release: 6.8.0-1014-azure
      version: '#16-Ubuntu SMP Thu Aug 15 20:04:41 UTC 2024'
      machine: x86_64
      compiler: 'musl-gcc 13.2.1'
      uptime: 356
      totalram: 135066300416
      freeram: 124685430784
      sharedram: 38133760
      bufferram: 250249216
      totalswap: 0
      freeswap: 0
      pagesize: 4096
      cpus: 16
      cpus-online: 16
      ticks-per-second: 100

metrics:
    - stressor: cpu
      bogo-ops: 54044
      bogo-ops-per-second-usr-sys-time: 2702.186354
      bogo-ops-per-second-real-time: 2702.196231
      wall-clock-time: 20.000028
      user-time: 20.000101
      system-time: 0.000000
      cpu-usage-per-instance: 100.000366
      max-rss: 3152

...
