BaselineInfo:
  WebDBID: -1
  TimeStamp: 20241107154539
Version:
  Major: 11
  Minor: 0
  Build: 1002
  SpecialBuildName: ""
  ptArchitecture: x86_64_linux
Results:
  Results Complete: true
  NumTestProcesses: 4
  CPU_INTEGER_MATH: 11347.574999999999
  CPU_FLOATINGPOINT_MATH: 6056.6579411306102
  CPU_PRIME: 25.63864170744953
  CPU_SORTING: 6017.8572260716091
  CPU_ENCRYPTION: 1557.6912513325701
  CPU_COMPRESSION: 50302.357306863662
  CPU_SINGLETHREAD: 1811.8327550640322
  CPU_PHYSICS: 540.13886485885484
  CPU_MATRIX_MULT_SSE: 2982.8715887842541
  CPU_mm: 343.26624572826756
  CPU_sse: 1215.7435984936521
  CPU_fma: 3647.9143000996673
  CPU_avx: 2572.2843513967887
  CPU_avx512: 4495.5441051469097
  m_CPU_enc_SHA: 510765354.87445867
  m_CPU_enc_AES: 3934225722.0547781
  m_CPU_enc_ECDSA: 455081907.7426666
  ME_ALLOC_S: 1390.7505574897664
  ME_READ_S: 22287.577539062499
  ME_READ_L: 10026.69140625
  ME_WRITE: 9623.75390625
  ME_LARGE: 21734.583333333332
  ME_LATENCY: 54.365577272879669
  ME_THREADED: 25082.6083984375
  SUMM_CPU: 3998.0207108742284
  SUMM_ME: 2085.9978138225906
SystemInformation:
  OSName: Ubuntu 24.04.1 LTS
  Kernel: 6.8.0-1016-aws
  Device: ""
  Processor: Intel Xeon Platinum 8259CL CPU @ 2.50GHz
  NumSockets: 1
  Manufacturer: GenuineIntel
  NumCores: 2
  NumLogicals: 4
  CPUFrequency: 0
  Memory: 31724
  MemModuleInfo:
    iNumMemSticks: 1
    DIMM 1:
      manufacturer: Not Specified
      modulePartNo: Not Specified
      memType: DDR4
      size: 32
      clkspeed: 1333
      moduleVoltage: 0
Checksum: AE91707DD2A2796795FE799B50727BB6FDBA41D3