---
system-info:
      stress-ng-version: 0.17.08
      run-by: root
      date-yyyy-mm-dd: 2024:08:17
      time-hh-mm-ss: 15:34:50
      epoch-secs: 1723908890
      hostname: ip-172-31-6-88
      sysname: Linux
      nodename: ip-172-31-6-88
      release: 6.8.0-1013-aws
      version: '#14-Ubuntu SMP Thu Jul 25 21:19:24 UTC 2024'
      machine: x86_64
      compiler: 'musl-gcc 13.2.1'
      uptime: 449
      totalram: 66507857920
      freeram: 58532458496
      sharedram: 20230144
      bufferram: 192409600
      totalswap: 0
      freeswap: 0
      pagesize: 4096
      cpus: 8
      cpus-online: 8
      ticks-per-second: 100

metrics:
    - stressor: cpu
      bogo-ops: 59880
      bogo-ops-per-second-usr-sys-time: 2994.052845
      bogo-ops-per-second-real-time: 2993.991006
      wall-clock-time: 20.000060
      user-time: 19.999647
      system-time: 0.000000
      cpu-usage-per-instance: 99.997935
      max-rss: 1104

...
