BaselineInfo:
  WebDBID: -1
  TimeStamp: 20241108070003
Version:
  Major: 11
  Minor: 0
  Build: 1002
  SpecialBuildName: ""
  ptArchitecture: x86_64_linux
Results:
  Results Complete: true
  NumTestProcesses: 8
  CPU_INTEGER_MATH: 29226.582000000002
  CPU_FLOATINGPOINT_MATH: 15668.32969258575
  CPU_PRIME: 56.099514869042878
  CPU_SORTING: 15129.787761107307
  CPU_ENCRYPTION: 4026.9197802433441
  CPU_COMPRESSION: 128985.61709237286
  CPU_SINGLETHREAD: 2333.7239980124236
  CPU_PHYSICS: 974.28224722444259
  CPU_MATRIX_MULT_SSE: 8125.6212384905411
  CPU_mm: 887.70894917276917
  CPU_sse: 3201.2914925461355
  CPU_fma: 9755.4071078539928
  CPU_avx: 6889.4423218659904
  CPU_avx512: 12656.344031696046
  m_CPU_enc_SHA: 1319531525.2892859
  m_CPU_enc_AES: 10167646652.423122
  m_CPU_enc_ECDSA: 1180416128.7529261
  ME_ALLOC_S: 3210.8736501057306
  ME_READ_S: 28012.717382812501
  ME_READ_L: 11480.2060546875
  ME_WRITE: 10821.08984375
  ME_LARGE: 53588.333333333336
  ME_LATENCY: 52.281272728103147
  ME_THREADED: 49961.388671875
  SUMM_CPU: 9862.9382794596077
  SUMM_ME: 2594.1467675444396
SystemInformation:
  OSName: Ubuntu 24.04.1 LTS
  Kernel: 6.8.0-1016-aws
  Device: ""
  Processor: Intel Xeon Platinum 8151 CPU @ 3.40GHz
  NumSockets: 1
  Manufacturer: GenuineIntel
  NumCores: 4
  NumLogicals: 8
  CPUFrequency: 0
  Memory: 63594
  MemModuleInfo:
    iNumMemSticks: 1
    DIMM 1:
      manufacturer: Not Specified
      modulePartNo: Not Specified
      memType: DDR4
      size: 64
      clkspeed: 1333
      moduleVoltage: 0
Checksum: 30BB3334C7BF16B64BB5F373D476454D560D3D3B