---
system-info:
      stress-ng-version: 0.17.08
      run-by: root
      date-yyyy-mm-dd: 2024:06:20
      time-hh-mm-ss: 23:13:42
      epoch-secs: 1718925222
      hostname: 71ad927dc683
      sysname: Linux
      nodename: 71ad927dc683
      release: 6.8.0-1008-gcp
      version: '#9-Ubuntu SMP Wed May 22 18:09:04 UTC 2024'
      machine: x86_64
      compiler: 'musl-gcc 13.2.1'
      uptime: 199
      totalram: 16768077824
      freeram: 11799162880
      sharedram: 59092992
      bufferram: 133873664
      totalswap: 0
      freeswap: 0
      pagesize: 4096
      cpus: 2
      cpus-online: 2
      ticks-per-second: 100

metrics:
    - stressor: cpu
      bogo-ops: 28759
      bogo-ops-per-second-usr-sys-time: 730.095282
      bogo-ops-per-second-real-time: 1437.944918
      wall-clock-time: 20.000071
      user-time: 39.378782
      system-time: 0.011967
      cpu-usage-per-instance: 98.476524
      max-rss: 976

...
