BaselineInfo:
  WebDBID: -1
  TimeStamp: 20260615230502
Version:
  Major: 11
  Minor: 0
  Build: 1004
  SpecialBuildName: ""
  ptArchitecture: x86_64_linux
Results:
  Results Complete: true
  NumTestProcesses: 4
  CPU_INTEGER_MATH: 26894.397666666664
  CPU_FLOATINGPOINT_MATH: 23602.750642888874
  CPU_PRIME: 85.918190134793051
  CPU_SORTING: 17021.487574789509
  CPU_ENCRYPTION: 5741.9851814563008
  CPU_COMPRESSION: 116010.00869889629
  CPU_SINGLETHREAD: 3217.4127828307555
  CPU_PHYSICS: 1538.7985876209439
  CPU_MATRIX_MULT_SSE: 10721.737452972393
  CPU_mm: 1158.7682888958691
  CPU_sse: 5047.6895166444356
  CPU_fma: 15104.933014474038
  CPU_avx: 12891.490073544501
  CPU_avx512: 9842.8372072266029
  m_CPU_enc_SHA: 8031006730.5484133
  m_CPU_enc_AES: 5099933076.0160332
  m_CPU_enc_ECDSA: 4931783754.3277197
  ME_ALLOC_S: 2268.1530438067257
  ME_READ_S: 29891.13671875
  ME_READ_L: 28094.208984375
  ME_WRITE: 28159.373046875
  ME_LARGE: 7858.5
  ME_LATENCY: 68.636329195365008
  ME_THREADED: 112464.546875
  SUMM_CPU: 11760.944868769726
  SUMM_ME: 2579.4996661200039
SystemInformation:
  OSName: Ubuntu 24.04.4 LTS
  Kernel: 6.8.0-124-generic
  Device: ""
  Processor: AMD EPYC-Genoa Processor
  NumSockets: 1
  Manufacturer: AuthenticAMD
  NumCores: 2
  NumLogicals: 4
  CPUFrequency: 0
  CPUMaxFrequency: 0
  Memory: 15986
  CPUInfo:
    number: 1
    Family: 15
    Model: 1
    stepping: 0
    features: 395049983
    manufacture: AuthenticAMD
    typestring: AMD EPYC-Genoa Processor
    iCoresPerPackage: 2
    iThreadsPerPackage: 2
    featuresEx:
      - 395049983
      - 4277809667
      - 802421759
    bHybrid: false
    nPCore: 0
    nLogicalsPerPCore: 0
    nECore: 0
    nLogicalsPerECore: 0
  MemModuleInfo:
    iNumMemSticks: 1
    DIMM 1:
      manufacturer: QEMU
      modulePartNo: Not Specified
      memType: RAM
      size: 16
      clkspeed: 0
      moduleVoltage: 0
Checksum: 4216DBAB1BE0994B70990CA30D985FAC0F63BEA9