---
system-info:
      stress-ng-version: 0.17.08
      run-by: root
      date-yyyy-mm-dd: 2024:06:09
      time-hh-mm-ss: 09:56:10
      epoch-secs: 1717926970
      hostname: f09897432953
      sysname: Linux
      nodename: f09897432953
      release: 6.8.0-1008-aws
      version: '#8-Ubuntu SMP Sat Apr 20 00:46:25 UTC 2024'
      machine: x86_64
      compiler: 'musl-gcc 13.2.1'
      uptime: 149
      totalram: 265977020416
      freeram: 261067091968
      sharedram: 113885184
      bufferram: 106545152
      totalswap: 0
      freeswap: 0
      pagesize: 4096
      cpus: 64
      cpus-online: 64
      ticks-per-second: 100

metrics:
    - stressor: cpu
      bogo-ops: 20989
      bogo-ops-per-second-usr-sys-time: 2098.872925
      bogo-ops-per-second-real-time: 2098.889641
      wall-clock-time: 10.000049
      user-time: 9.999129
      system-time: 0.001000
      cpu-usage-per-instance: 100.000796
      max-rss: 3584

...
