---
system-info:
      stress-ng-version: 0.17.08
      run-by: root
      date-yyyy-mm-dd: 2024:06:15
      time-hh-mm-ss: 11:55:50
      epoch-secs: 1718452550
      hostname: 205a4707dffc
      sysname: Linux
      nodename: 205a4707dffc
      release: 6.8.0-1008-aws
      version: '#8-Ubuntu SMP Sat Apr 20 00:46:25 UTC 2024'
      machine: x86_64
      compiler: 'musl-gcc 13.2.1'
      uptime: 161
      totalram: 265977057280
      freeram: 261048061952
      sharedram: 113885184
      bufferram: 109965312
      totalswap: 0
      freeswap: 0
      pagesize: 4096
      cpus: 64
      cpus-online: 64
      ticks-per-second: 100

metrics:
    - stressor: cpu
      bogo-ops: 40243
      bogo-ops-per-second-usr-sys-time: 2012.133299
      bogo-ops-per-second-real-time: 2012.141509
      wall-clock-time: 20.000084
      user-time: 20.000166
      system-time: 0.000000
      cpu-usage-per-instance: 100.000408
      max-rss: 512

...
