BaselineInfo:
  WebDBID: -1
  TimeStamp: 20260621140210
Version:
  Major: 11
  Minor: 0
  Build: 1004
  SpecialBuildName: ""
  ptArchitecture: x86_64_linux
Results:
  Results Complete: true
  NumTestProcesses: 64
  CPU_INTEGER_MATH: 254997.2099999999
  CPU_FLOATINGPOINT_MATH: 181622.78964194629
  CPU_PRIME: 511.89397831850766
  CPU_SORTING: 121471.27512071835
  CPU_ENCRYPTION: 56353.154410894793
  CPU_COMPRESSION: 914650.06732500147
  CPU_SINGLETHREAD: 2901.1420489948373
  CPU_PHYSICS: 8010.27698214272
  CPU_MATRIX_MULT_SSE: 71083.388215900937
  CPU_mm: 6997.1475546584616
  CPU_sse: 30173.97587286025
  CPU_fma: 77113.920856524535
  CPU_avx: 58811.497608316349
  CPU_avx512: 118234.15852590263
  m_CPU_enc_SHA: 59575890743.392349
  m_CPU_enc_AES: 77249497059.33992
  m_CPU_enc_ECDSA: 40446307915.942993
  ME_ALLOC_S: 23695.165883926562
  ME_READ_S: 25741.340429687501
  ME_READ_L: 7197.6484375
  ME_WRITE: 6687.51708984375
  ME_LARGE: 247993.75
  ME_LATENCY: 123.73563758248012
  ME_THREADED: 179573.99267578125
  SUMM_CPU: 67051.454323485377
  SUMM_ME: 1568.4866034249792
SystemInformation:
  OSName: Ubuntu 24.04.4 LTS
  Kernel: 6.17.0-1018-azure
  Device: ""
  Processor: INTEL(R) XEON(R) PLATINUM 8573C
  NumSockets: 1
  Manufacturer: GenuineIntel
  NumCores: 32
  NumLogicals: 64
  CPUFrequency: 2300
  CPUMaxFrequency: 2300
  Memory: 257718
  CPUInfo:
    number: 1
    Family: 6
    Model: 15
    stepping: 2
    features: 529267711
    manufacture: GenuineIntel
    typestring: INTEL(R) XEON(R) PLATINUM 8573C
    iCoresPerPackage: 32
    iThreadsPerPackage: 2
    featuresEx:
      - 529267711
      - 4294586915
      - 739248128
    bHybrid: false
    nPCore: 0
    nLogicalsPerPCore: 0
    nECore: 0
    nLogicalsPerECore: 0
  MemModuleInfo:
    iNumMemSticks: 3
    DIMM 1:
      manufacturer: Microsoft Corporation
      modulePartNo: None
      memType: Unknown
      size: 1
      clkspeed: 0
      moduleVoltage: 0
    DIMM 2:
      manufacturer: Microsoft Corporation
      modulePartNo: None
      memType: Unknown
      size: 59
      clkspeed: 0
      moduleVoltage: 0
    DIMM 3:
      manufacturer: Microsoft Corporation
      modulePartNo: None
      memType: Unknown
      size: 196
      clkspeed: 0
      moduleVoltage: 0
Checksum: 72A655656B040C97CBF2405229575F0271752A5C