BaselineInfo:
  WebDBID: -1
  TimeStamp: 20260708002422
Version:
  Major: 11
  Minor: 0
  Build: 1004
  SpecialBuildName: ""
  ptArchitecture: x86_64_linux
Results:
  Results Complete: true
  NumTestProcesses: 1
  CPU_INTEGER_MATH: 7185.058
  CPU_FLOATINGPOINT_MATH: 7173.2263166828907
  CPU_PRIME: 26.55558390057416
  CPU_SORTING: 4183.3069661211484
  CPU_ENCRYPTION: 1491.83415949187
  CPU_COMPRESSION: 30512.776289161575
  CPU_SINGLETHREAD: 3373.9314832348359
  CPU_PHYSICS: 455.97846595950278
  CPU_MATRIX_MULT_SSE: 2578.9024317736184
  CPU_mm: 342.47657186267202
  CPU_sse: 1034.7140628186276
  CPU_fma: 4104.307180687978
  CPU_avx: 2088.4764573010557
  CPU_avx512: 3088.1120262868112
  m_CPU_enc_SHA: 2073610188.3313088
  m_CPU_enc_AES: 1293601080.9954157
  m_CPU_enc_ECDSA: 1325693217.5433164
  ME_ALLOC_S: 1293.5035824597207
  ME_READ_S: 31791.479882812499
  ME_READ_L: 28099.8203125
  ME_WRITE: 26394.65625
  ME_LARGE: 1623
  ME_LATENCY: 83.731872035867553
  ME_THREADED: 27966.794921875
  SUMM_CPU: 3241.7701557780783
  SUMM_ME: 1570.6687121200412
SystemInformation:
  OSName: Ubuntu 24.04.4 LTS
  Kernel: 6.17.0-1018-azure
  Device: ""
  Processor: "AMD EPYC 9V45 96-Core Processor                "
  NumSockets: 1
  Manufacturer: AuthenticAMD
  NumCores: 1
  NumLogicals: 1
  CPUFrequency: 0
  CPUMaxFrequency: 0
  Memory: 3912
  CPUInfo:
    number: 1
    Family: 15
    Model: 2
    stepping: 1
    features: 395049983
    manufacture: AuthenticAMD
    typestring: "AMD EPYC 9V45 96-Core Processor                "
    iCoresPerPackage: 8
    iThreadsPerPackage: 1
    featuresEx:
      - 395049983
      - 4277809667
      - 802421759
    bHybrid: false
    nPCore: 0
    nLogicalsPerPCore: 0
    nECore: 0
    nLogicalsPerECore: 0
  MemModuleInfo:
    iNumMemSticks: 2
    DIMM 1:
      manufacturer: Microsoft Corporation
      modulePartNo: None
      memType: Unknown
      size: 1
      clkspeed: 0
      moduleVoltage: 0
    DIMM 2:
      manufacturer: Microsoft Corporation
      modulePartNo: None
      memType: Unknown
      size: 3
      clkspeed: 0
      moduleVoltage: 0
Checksum: E66EC16807E1D101E8BFC5A92FE3CC6E9F411A0C