BaselineInfo:
  WebDBID: -1
  TimeStamp: 20260403215331
Version:
  Major: 11
  Minor: 0
  Build: 1004
  SpecialBuildName: ""
  ptArchitecture: x86_64_linux
Results:
  Results Complete: true
  NumTestProcesses: 2
  CPU_INTEGER_MATH: 8369.7876666666671
  CPU_FLOATINGPOINT_MATH: 4281.1965123725013
  CPU_PRIME: 18.423009743652404
  CPU_SORTING: 4427.7302765885406
  CPU_ENCRYPTION: 1820.5139423809173
  CPU_COMPRESSION: 32329.747659803797
  CPU_SINGLETHREAD: 2303.2272531098288
  CPU_PHYSICS: 366.33327188345834
  CPU_MATRIX_MULT_SSE: 1658.5268259978534
  CPU_mm: 180.70475163444408
  CPU_sse: 792.49989901102288
  CPU_fma: 2180.433735894766
  CPU_avx: 1612.9116339657087
  CPU_avx512: 2048.2620351199157
  m_CPU_enc_SHA: 1832883924.9884496
  m_CPU_enc_AES: 2753986760.558218
  m_CPU_enc_ECDSA: 1139970997.3913708
  ME_ALLOC_S: 1038.280972672655
  ME_READ_S: 23886.014062499999
  ME_READ_L: 11844.0849609375
  ME_WRITE: 10984.5
  ME_LARGE: 1203
  ME_LATENCY: 52.688143439715532
  ME_THREADED: 16078.076171875
  SUMM_CPU: 2988.3026176029707
  SUMM_ME: 1347.7583044527069
SystemInformation:
  OSName: Ubuntu 24.04.4 LTS
  Kernel: 6.8.0-106-generic
  Device: ""
  Processor: Intel(R) Xeon(R) Platinum 8369B CPU @ 2.90GHz
  NumSockets: 1
  Manufacturer: GenuineIntel
  NumCores: 1
  NumLogicals: 2
  CPUFrequency: 0
  CPUMaxFrequency: 0
  Memory: 7397
  CPUInfo:
    number: 1
    Family: 6
    Model: 10
    stepping: 6
    features: 529267711
    manufacture: GenuineIntel
    typestring: Intel(R) Xeon(R) Platinum 8369B CPU @ 2.90GHz
    iCoresPerPackage: 1
    iThreadsPerPackage: 2
    featuresEx:
      - 529267711
      - 4277809667
      - 739248128
    bHybrid: false
    nPCore: 0
    nLogicalsPerPCore: 0
    nECore: 0
    nLogicalsPerECore: 0
  MemModuleInfo:
    iNumMemSticks: 1
    DIMM 1:
      manufacturer: Alibaba Cloud
      modulePartNo: Not Specified
      memType: RAM
      size: 8
      clkspeed: 0
      moduleVoltage: 0
Checksum: 269297A1F5D888C644DB4C98CF344AD110B24D93