---
system-info:
      stress-ng-version: 0.17.08
      run-by: root
      date-yyyy-mm-dd: 2024:07:11
      time-hh-mm-ss: 17:33:09
      epoch-secs: 1720719189
      hostname: ip-172-31-23-31
      sysname: Linux
      nodename: ip-172-31-23-31
      release: 6.8.0-1010-aws
      version: '#10-Ubuntu SMP Thu Jun 13 17:36:15 UTC 2024'
      machine: x86_64
      compiler: 'musl-gcc 13.2.1'
      uptime: 164
      totalram: 16379023360
      freeram: 11233161216
      sharedram: 11624448
      bufferram: 135323648
      totalswap: 0
      freeswap: 0
      pagesize: 4096
      cpus: 4
      cpus-online: 4
      ticks-per-second: 100

metrics:
    - stressor: cpu
      bogo-ops: 118907
      bogo-ops-per-second-usr-sys-time: 1490.911505
      bogo-ops-per-second-real-time: 5945.327108
      wall-clock-time: 20.000077
      user-time: 79.738589
      system-time: 0.015977
      cpu-usage-per-instance: 99.692824
      max-rss: 1104

...
