---
system-info:
      stress-ng-version: 0.17.08
      run-by: root
      date-yyyy-mm-dd: 2024:09:07
      time-hh-mm-ss: 18:30:46
      epoch-secs: 1725733846
      hostname: ip-172-31-3-62
      sysname: Linux
      nodename: ip-172-31-3-62
      release: 6.8.0-1014-aws
      version: '#15-Ubuntu SMP Thu Aug  8 19:13:06 UTC 2024'
      machine: x86_64
      compiler: 'musl-gcc 13.2.1'
      uptime: 169
      totalram: 132272087040
      freeram: 123355791360
      sharedram: 70590464
      bufferram: 221974528
      totalswap: 0
      freeswap: 0
      pagesize: 4096
      cpus: 32
      cpus-online: 32
      ticks-per-second: 100

metrics:
    - stressor: cpu
      bogo-ops: 955674
      bogo-ops-per-second-usr-sys-time: 1494.143678
      bogo-ops-per-second-real-time: 47783.557719
      wall-clock-time: 20.000060
      user-time: 639.595196
      system-time: 0.017991
      cpu-usage-per-instance: 99.939263
      max-rss: 1032

...
