---
system-info:
      stress-ng-version: 0.17.08
      run-by: root
      date-yyyy-mm-dd: 2024:09:10
      time-hh-mm-ss: 22:52:45
      epoch-secs: 1726008765
      hostname: ip-172-31-2-29
      sysname: Linux
      nodename: ip-172-31-2-29
      release: 6.8.0-1014-aws
      version: '#15-Ubuntu SMP Thu Aug  8 19:13:06 UTC 2024'
      machine: x86_64
      compiler: 'musl-gcc 13.2.1'
      uptime: 169
      totalram: 132272095232
      freeram: 123350994944
      sharedram: 70590464
      bufferram: 219820032
      totalswap: 0
      freeswap: 0
      pagesize: 4096
      cpus: 32
      cpus-online: 32
      ticks-per-second: 100

metrics:
    - stressor: cpu
      bogo-ops: 955500
      bogo-ops-per-second-usr-sys-time: 1493.725425
      bogo-ops-per-second-real-time: 47774.852726
      wall-clock-time: 20.000062
      user-time: 639.655807
      system-time: 0.019989
      cpu-usage-per-instance: 99.949035
      max-rss: 1032

...
