BaselineInfo:
  WebDBID: -1
  TimeStamp: 20241109070155
Version:
  Major: 11
  Minor: 0
  Build: 1002
  SpecialBuildName: ""
  ptArchitecture: x86_64_linux
Results:
  Results Complete: true
  NumTestProcesses: 48
  CPU_INTEGER_MATH: 158507.23966666669
  CPU_FLOATINGPOINT_MATH: 84874.644297894643
  CPU_PRIME: 175.02410104646739
  CPU_SORTING: 77446.666006268017
  CPU_ENCRYPTION: 21029.641216214612
  CPU_COMPRESSION: 679370.03159661172
  CPU_SINGLETHREAD: 2191.250921474968
  CPU_PHYSICS: 2590.0240551537158
  CPU_MATRIX_MULT_SSE: 42073.662193097982
  CPU_mm: 4561.739579657321
  CPU_sse: 16137.012934492819
  CPU_fma: 50514.791544124462
  CPU_avx: 35720.762509839478
  CPU_avx512: 65922.081783935195
  m_CPU_enc_SHA: 7058270375.5581808
  m_CPU_enc_AES: 52801321807.413895
  m_CPU_enc_ECDSA: 6293939020.8282928
  ME_ALLOC_S: 16994.179766689736
  ME_READ_S: 26449.849999999999
  ME_READ_L: 10853.4873046875
  ME_WRITE: 10475.0771484375
  ME_LARGE: 82899.333333333328
  ME_LATENCY: 51.042687143221436
  ME_THREADED: 123793.15283203125
  SUMM_CPU: 39050.613711299527
  SUMM_ME: 2767.333449466646
SystemInformation:
  OSName: Ubuntu 24.04.1 LTS
  Kernel: 6.8.0-1016-aws
  Device: ""
  Processor: Intel Xeon Platinum 8275CL CPU @ 3.00GHz
  NumSockets: 1
  Manufacturer: GenuineIntel
  NumCores: 24
  NumLogicals: 48
  CPUFrequency: 0
  Memory: 94492
  MemModuleInfo:
    iNumMemSticks: 1
    DIMM 1:
      manufacturer: Not Specified
      modulePartNo: Not Specified
      memType: DDR4
      size: 96
      clkspeed: 1466
      moduleVoltage: 0
Checksum: 75CDB47798BBAD8FB6CDD5516CFF2316D926BD4D