---
system-info:
      stress-ng-version: 0.17.08
      run-by: root
      date-yyyy-mm-dd: 2024:07:02
      time-hh-mm-ss: 07:29:34
      epoch-secs: 1719905374
      hostname: c2-standard-16-fa74b45
      sysname: Linux
      nodename: c2-standard-16-fa74b45
      release: 6.8.0-1009-gcp
      version: '#10-Ubuntu SMP Wed Jun 12 18:52:23 UTC 2024'
      machine: x86_64
      compiler: 'musl-gcc 13.2.1'
      uptime: 153
      totalram: 67421847552
      freeram: 62150995968
      sharedram: 27467776
      bufferram: 125812736
      totalswap: 0
      freeswap: 0
      pagesize: 4096
      cpus: 16
      cpus-online: 16
      ticks-per-second: 100

metrics:
    - stressor: cpu
      bogo-ops: 332744
      bogo-ops-per-second-usr-sys-time: 1041.019563
      bogo-ops-per-second-real-time: 16637.126308
      wall-clock-time: 20.000089
      user-time: 319.618808
      system-time: 0.013994
      cpu-usage-per-instance: 99.884808
      max-rss: 1104

...
