---
system-info:
      stress-ng-version: 0.17.08
      run-by: root
      date-yyyy-mm-dd: 2024:08:19
      time-hh-mm-ss: 21:20:49
      epoch-secs: 1724102449
      hostname: exampleVM
      sysname: Linux
      nodename: exampleVM
      release: 6.8.0-1012-azure
      version: '#14-Ubuntu SMP Mon Jul 29 21:12:56 UTC 2024'
      machine: x86_64
      compiler: 'musl-gcc 13.2.1'
      uptime: 455
      totalram: 3573944320
      freeram: 187781120
      sharedram: 42070016
      bufferram: 126504960
      totalswap: 0
      freeswap: 0
      pagesize: 4096
      cpus: 1
      cpus-online: 1
      ticks-per-second: 100

metrics:
    - stressor: cpu
      bogo-ops: 24479
      bogo-ops-per-second-usr-sys-time: 1246.620352
      bogo-ops-per-second-real-time: 1223.944178
      wall-clock-time: 20.000095
      user-time: 19.628365
      system-time: 0.007926
      cpu-usage-per-instance: 98.180988
      max-rss: 3152

...
