BaselineInfo:
  WebDBID: -1
  TimeStamp: 20241113151910
Version:
  Major: 11
  Minor: 0
  Build: 1002
  SpecialBuildName: ""
  ptArchitecture: aarch64_linux
Results:
  Results Complete: true
  NumTestProcesses: 96
  CPU_INTEGER_MATH: 603775.47999999986
  CPU_FLOATINGPOINT_MATH: 507348.69270684576
  CPU_PRIME: 641.74417352334774
  CPU_SORTING: 478155.97296155029
  CPU_ENCRYPTION: 17924.569547299125
  CPU_COMPRESSION: 656935.29940096638
  CPU_SINGLETHREAD: 1881.0718734739585
  CPU_PHYSICS: 18215.021312700785
  CPU_MATRIX_MULT_SSE: 85641.721931480002
  CPU_mm: 13720.909702441371
  CPU_sse: 72217.866764547143
  CPU_fma: 99065.577098412832
  CPU_avx: 0
  CPU_avx512: 0
  m_CPU_enc_SHA: 26147337177.635677
  m_CPU_enc_AES: 11613918987.146494
  m_CPU_enc_ECDSA: 18624564148.104008
  ME_ALLOC_S: 38255.070667796128
  ME_READ_S: 25561.8447265625
  ME_READ_L: 19740.525390625
  ME_WRITE: 25750.947265625
  ME_LARGE: 660000.41666666663
  ME_LATENCY: 51.583054627369755
  ME_THREADED: 497928.89453125
  SUMM_CPU: 56482.675649685727
  SUMM_ME: 3448.2489781848672
SystemInformation:
  OSName: Ubuntu 24.04.1 LTS
  Kernel: 6.8.0-1017-azure
  Device: ""
  Processor: ARM Neoverse-N2 96 Core 0 MHz
  NumSockets: 1
  Manufacturer: ARM
  NumCores: 96
  NumLogicals: 96
  CPUFrequency: 0
  Memory: 675891
Checksum: B237A515DED1D2E6389585F4DBE369B73F34992C