BaselineInfo:
  WebDBID: -1
  TimeStamp: 20250828222642
Version:
  Major: 11
  Minor: 0
  Build: 1002
  SpecialBuildName: ""
  ptArchitecture: x86_64_linux
Results:
  Results Complete: true
  NumTestProcesses: 16
  CPU_INTEGER_MATH: 82728.892333333337
  CPU_FLOATINGPOINT_MATH: 59899.352350198897
  CPU_PRIME: 179.32366646465775
  CPU_SORTING: 42701.598248960428
  CPU_ENCRYPTION: 18178.853254972793
  CPU_COMPRESSION: 321074.07722918189
  CPU_SINGLETHREAD: 3284.744805212908
  CPU_PHYSICS: 3875.6989475099931
  CPU_MATRIX_MULT_SSE: 22960.395352868771
  CPU_mm: 2472.2483676001088
  CPU_sse: 10121.550300718747
  CPU_fma: 26410.90402661882
  CPU_avx: 21423.122413583886
  CPU_avx512: 33886.00467055363
  m_CPU_enc_SHA: 19243537761.721741
  m_CPU_enc_AES: 25140728637.148643
  m_CPU_enc_ECDSA: 12801461293.188686
  ME_ALLOC_S: 8766.2772500831597
  ME_READ_S: 27601.174414062501
  ME_READ_L: 10605.1376953125
  ME_WRITE: 12184.5458984375
  ME_LARGE: 53306.416666666664
  ME_LATENCY: 67.596206289107315
  ME_THREADED: 124561.15869140625
  SUMM_CPU: 29295.196137610696
  SUMM_ME: 2453.7549829908362
SystemInformation:
  OSName: Ubuntu 24.04.2 LTS
  Kernel: 6.14.0-1011-aws
  Device: ""
  Processor: Intel Xeon 6975P-C
  NumSockets: 1
  Manufacturer: GenuineIntel
  NumCores: 8
  NumLogicals: 16
  CPUFrequency: 0
  Memory: 63258
  MemModuleInfo:
    iNumMemSticks: 1
    DIMM 1:
      manufacturer: Not Specified
      modulePartNo: Not Specified
      memType: DDR5
      size: 64
      clkspeed: 3600
      moduleVoltage: 0
Checksum: 54097DE883676B17AB5507DA3E13065DF7F0AE96