"size","threads","connections","rps","latency","failed","server_usr","server_sys","client_usr","client_sys"
"1k",1,1,71059,0.000018000,0,1.52,3.52,0.86,4.05
"1k",1,2,75161,0.000027050,0,1.45,3.60,0.89,4.03
"1k",1,4,86185,0.000043980,0,1.65,3.41,0.82,4.09
"1k",1,8,95901,0.000075400,0,1.72,3.38,0.87,4.02
"1k",1,16,108172,0.000125440,0,1.85,3.41,0.82,3.89
"1k",1,32,112184,0.000236840,0,1.87,3.37,0.81,3.90
"1k",2,2,71254,0.000034790,0,1.55,3.47,0.75,4.20
"1k",2,4,88968,0.000046530,0,1.72,3.44,0.79,4.03
"1k",2,8,97525,0.000086440,0,1.69,3.47,0.93,3.90
"1k",2,16,99460,0.000158600,0,1.73,3.36,0.86,4.03
"1k",2,32,103136,0.000297390,0,1.76,3.35,0.88,3.98
"1k",4,4,79760,0.000059790,0,1.48,3.31,0.87,4.30
"1k",4,8,84921,0.000106060,0,1.48,3.40,0.89,4.20
"1k",4,16,88497,0.000186860,0,1.54,3.38,0.86,4.17
"1k",4,32,90493,0.000353270,0,1.60,3.35,0.90,4.11
"16k",1,1,56834,0.000019560,0,1.50,3.50,0.77,4.21
"16k",1,2,59883,0.000031840,0,1.58,3.42,0.73,4.24
"16k",1,4,72587,0.000048390,0,1.65,3.36,0.77,4.19
"16k",1,8,79472,0.000086530,0,1.65,3.35,0.89,4.08
"16k",1,16,84387,0.000148250,0,1.77,3.22,0.85,4.13
"16k",1,32,80107,0.000290670,0,1.80,3.08,0.76,4.23
"16k",2,2,59159,0.000037690,0,1.52,3.32,0.73,4.40
"16k",2,4,69164,0.000058770,0,1.54,3.37,0.82,4.24
"16k",2,8,76651,0.000100290,0,1.66,3.28,0.76,4.27
"16k",2,16,80611,0.000189820,0,1.63,3.25,0.81,4.27
"16k",2,32,75938,0.000385940,0,1.72,3.11,0.82,4.30
"16k",4,4,63816,0.000070920,0,1.53,3.12,0.85,4.46
"16k",4,8,67270,0.000128700,0,1.54,3.15,0.89,4.39
"16k",4,16,70194,0.000230030,0,1.49,3.22,0.84,4.40
"16k",4,32,70566,0.000446700,0,1.55,3.18,0.89,4.35
"64k",1,1,34024,0.000065790,0,1.31,3.49,0.64,4.49
"64k",1,2,34596,0.000047150,0,1.50,3.34,0.53,4.61
"64k",1,4,37320,0.000079840,0,1.35,3.34,0.65,4.62
"64k",1,8,36902,0.000151790,0,1.41,3.19,0.60,4.76
"64k",1,16,34531,0.000315670,0,1.44,3.21,0.59,4.72
"64k",1,32,34877,0.000634950,0,1.44,3.27,0.56,4.69
"64k",2,2,33016,0.000065850,0,1.07,3.47,0.71,4.71
"64k",2,4,38238,0.000101580,0,1.25,3.23,0.67,4.82
"64k",2,8,38061,0.000193900,0,1.22,3.23,0.62,4.90
"64k",2,16,35674,0.000405450,0,1.37,3.13,0.70,4.76
"64k",2,32,35511,0.000804530,0,1.28,3.29,0.60,4.69
"64k",4,4,35953,0.000119620,0,1.17,3.23,0.71,4.85
"64k",4,8,36145,0.000228310,0,1.22,3.18,0.72,4.83
"64k",4,16,34875,0.000447730,0,1.24,3.24,0.68,4.79
"64k",4,32,33399,0.000920000,0,1.24,3.31,0.70,4.62
"256k",1,1,13915,0.000073930,0,1.13,3.42,0.60,4.82
"256k",1,2,13368,0.000121100,0,1.16,3.33,0.54,4.92
"256k",1,4,12615,0.000227800,0,1.28,3.27,0.55,4.85
"256k",1,8,12616,0.000446020,0,1.18,3.38,0.57,4.73
"256k",1,16,13308,0.000843130,0,1.12,3.52,0.53,4.70
"256k",2,2,13215,0.000154450,0,1.09,3.34,0.57,4.96
"256k",2,4,12328,0.000305570,0,1.19,3.21,0.57,4.98
"256k",2,8,12411,0.000616390,0,1.11,3.40,0.60,4.84
"256k",2,16,13398,0.001080000,0,1.02,3.48,0.57,4.79
"256k",4,4,12197,0.000334570,0,1.06,3.38,0.64,4.88
"256k",4,8,12770,0.000614690,0,1.01,3.44,0.61,4.90
"256k",4,16,12782,0.001210000,0,1.03,3.44,0.60,4.80
"512k",1,1,7026,0.000144620,0,1.05,2.50,0.57,5.83
"512k",1,2,6500,0.000248830,0,1.30,3.26,0.53,4.83
"512k",1,4,6544,0.000443830,0,1.30,2.85,0.52,5.30
"512k",1,8,6522,0.000870000,0,1.25,3.09,0.51,5.02
"512k",1,16,6938,0.001710000,0,1.33,3.43,0.51,4.62
"512k",2,2,6001,0.000334110,0,1.32,2.76,0.54,5.32
"512k",2,4,6487,0.000580960,0,1.25,3.11,0.54,5.07
"512k",2,8,6882,0.001070000,0,1.27,3.32,0.57,4.71
"512k",2,16,7154,0.002030000,0,1.03,3.65,0.54,4.69
"512k",4,4,6583,0.000634400,0,1.15,3.18,0.63,4.90
"512k",4,8,6720,0.001160000,0,1.18,3.37,0.63,4.70
"512k",4,16,6680,0.002320000,0,1.04,3.53,0.52,4.79
