BaselineInfo:
  WebDBID: -1
  TimeStamp: 20241108134917
Version:
  Major: 11
  Minor: 0
  Build: 1002
  SpecialBuildName: ""
  ptArchitecture: x86_64_linux
Results:
  Results Complete: true
  NumTestProcesses: 4
  CPU_INTEGER_MATH: 12380.909
  CPU_FLOATINGPOINT_MATH: 6645.9776055184957
  CPU_PRIME: 28.288874663946473
  CPU_SORTING: 6595.4925386239684
  CPU_ENCRYPTION: 1707.8327709681812
  CPU_COMPRESSION: 55614.396200668125
  CPU_SINGLETHREAD: 2015.6127884214918
  CPU_PHYSICS: 575.04949231906949
  CPU_MATRIX_MULT_SSE: 3687.3581534535633
  CPU_mm: 376.22253572033998
  CPU_sse: 1358.9924700510055
  CPU_fma: 4474.0219808891179
  CPU_avx: 3158.9303490288094
  CPU_avx512: 5757.4878138453214
  m_CPU_enc_SHA: 561155037.30676913
  m_CPU_enc_AES: 4312089355.8655281
  m_CPU_enc_ECDSA: 499132973.77989751
  ME_ALLOC_S: 1474.4857966429909
  ME_READ_S: 24213.539648437501
  ME_READ_L: 11579.1787109375
  ME_WRITE: 10477.9755859375
  ME_LARGE: 118703
  ME_LATENCY: 49.396090222924521
  ME_THREADED: 24943.22216796875
  SUMM_CPU: 4445.0649324114283
  SUMM_ME: 2333.3660695391713
SystemInformation:
  OSName: Ubuntu 24.04.1 LTS
  Kernel: 6.8.0-1017-azure
  Device: ""
  Processor: Intel Xeon Platinum 8272CL CPU @ 2.60GHz
  NumSockets: 1
  Manufacturer: GenuineIntel
  NumCores: 2
  NumLogicals: 4
  CPUFrequency: 0
  Memory: 128813
  MemModuleInfo:
    iNumMemSticks: 3
    DIMM 1:
      manufacturer: Microsoft Corporation
      modulePartNo: None
      memType: Unknown
      size: 1
      clkspeed: 0
      moduleVoltage: 0
    DIMM 2:
      manufacturer: Microsoft Corporation
      modulePartNo: None
      memType: Unknown
      size: 60928
      clkspeed: 0
      moduleVoltage: 0
    DIMM 3:
      manufacturer: Microsoft Corporation
      modulePartNo: None
      memType: Unknown
      size: 69120
      clkspeed: 0
      moduleVoltage: 0
Checksum: 0C9820682AA24CDF2B04188ADB4B685F3237AD31