BaselineInfo:
  WebDBID: -1
  TimeStamp: 20241108021419
Version:
  Major: 11
  Minor: 0
  Build: 1002
  SpecialBuildName: ""
  ptArchitecture: x86_64_linux
Results:
  Results Complete: true
  NumTestProcesses: 8
  CPU_INTEGER_MATH: 38954.765333333329
  CPU_FLOATINGPOINT_MATH: 27658.320681927948
  CPU_PRIME: 78.077371209349693
  CPU_SORTING: 19389.839181623029
  CPU_ENCRYPTION: 8588.9484345899837
  CPU_COMPRESSION: 143570.97078095691
  CPU_SINGLETHREAD: 3004.2279771969102
  CPU_PHYSICS: 1830.7547851869256
  CPU_MATRIX_MULT_SSE: 10069.115014292762
  CPU_mm: 1105.1121955191688
  CPU_sse: 4773.669545554395
  CPU_fma: 11099.703777812609
  CPU_avx: 9104.7425743771782
  CPU_avx512: 15298.344159426862
  m_CPU_enc_SHA: 9077836771.7626305
  m_CPU_enc_AES: 11623136995.327377
  m_CPU_enc_ECDSA: 6317521814.1558743
  ME_ALLOC_S: 4291.4596189219465
  ME_READ_S: 27273.378124999999
  ME_READ_L: 9064.6962890625
  ME_WRITE: 12676.8349609375
  ME_LARGE: 53131.166666666664
  ME_LATENCY: 82.321280909966731
  ME_THREADED: 48527.2021484375
  SUMM_CPU: 14256.461905087268
  SUMM_ME: 2063.8079588828991
SystemInformation:
  OSName: Ubuntu 24.04.1 LTS
  Kernel: 6.8.0-1016-aws
  Device: ""
  Processor: Intel Xeon Platinum 8488C
  NumSockets: 1
  Manufacturer: GenuineIntel
  NumCores: 4
  NumLogicals: 8
  CPUFrequency: 0
  Memory: 63260
  MemModuleInfo:
    iNumMemSticks: 1
    DIMM 1:
      manufacturer: Not Specified
      modulePartNo: Not Specified
      memType: DDR5
      size: 64
      clkspeed: 2400
      moduleVoltage: 0
Checksum: 124AEA10CAC4108AD786753F6297C4CE0261F91B