BaselineInfo:
  WebDBID: -1
  TimeStamp: 20241107044038
Version:
  Major: 11
  Minor: 0
  Build: 1002
  SpecialBuildName: ""
  ptArchitecture: x86_64_linux
Results:
  Results Complete: true
  NumTestProcesses: 4
  CPU_INTEGER_MATH: 16518.102666666669
  CPU_FLOATINGPOINT_MATH: 9146.9555688418241
  CPU_PRIME: 37.99691286636682
  CPU_SORTING: 9181.0674085115079
  CPU_ENCRYPTION: 4286.1188833729966
  CPU_COMPRESSION: 65941.677976756313
  CPU_SINGLETHREAD: 2365.6249025734669
  CPU_PHYSICS: 746.00730645228896
  CPU_MATRIX_MULT_SSE: 3609.4868905675189
  CPU_mm: 445.86477640521042
  CPU_sse: 1882.2232965996841
  CPU_fma: 5152.0355690132001
  CPU_avx: 3794.2018060896717
  CPU_avx512: 0
  m_CPU_enc_SHA: 6213774330.6267338
  m_CPU_enc_AES: 3976236764.7207541
  m_CPU_enc_ECDSA: 3292953087.4076815
  ME_ALLOC_S: 1794.5311915547804
  ME_READ_S: 23911.361523437499
  ME_READ_L: 16697.8984375
  ME_WRITE: 17076.91015625
  ME_LARGE: 630.83333333333337
  ME_LATENCY: 63.665766542215501
  ME_THREADED: 36432.59375
  SUMM_CPU: 6181.9904987892169
  SUMM_ME: 1089.5465707756562
SystemInformation:
  OSName: Ubuntu 24.04.1 LTS
  Kernel: 6.8.0-1015-gcp
  Device: ""
  Processor: AMD EPYC 7B13
  NumSockets: 1
  Manufacturer: AuthenticAMD
  NumCores: 2
  NumLogicals: 4
  CPUFrequency: 0
  Memory: 3912
  MemModuleInfo:
    iNumMemSticks: 1
    DIMM 1:
      manufacturer: ""
      modulePartNo: ""
      memType: RAM
      size: 4
      clkspeed: 0
      moduleVoltage: 0
Checksum: 2D2D5536B1A4712D58586C423DF892C21F7107BB