BaselineInfo:
  WebDBID: -1
  TimeStamp: 20241115152817
Version:
  Major: 11
  Minor: 0
  Build: 1002
  SpecialBuildName: ""
  ptArchitecture: x86_64_linux
Results:
  Results Complete: true
  NumTestProcesses: 4
  CPU_INTEGER_MATH: 16483.644
  CPU_FLOATINGPOINT_MATH: 9142.4170503713303
  CPU_PRIME: 37.848429440886875
  CPU_SORTING: 9167.4089630026428
  CPU_ENCRYPTION: 4291.5251604485193
  CPU_COMPRESSION: 65015.101724817549
  CPU_SINGLETHREAD: 2365.2935261151642
  CPU_PHYSICS: 750.91371216627158
  CPU_MATRIX_MULT_SSE: 3598.2309914333632
  CPU_mm: 442.17963824030863
  CPU_sse: 1881.74747331248
  CPU_fma: 5146.6276044687447
  CPU_avx: 3766.3178965188645
  CPU_avx512: 0
  m_CPU_enc_SHA: 6213289087.8358526
  m_CPU_enc_AES: 3972592847.2787452
  m_CPU_enc_ECDSA: 3314088924.8128057
  ME_ALLOC_S: 1768.9821039487128
  ME_READ_S: 23912.048046874999
  ME_READ_L: 16295.5166015625
  ME_WRITE: 16277.5048828125
  ME_LARGE: 633
  ME_LATENCY: 65.999762146432815
  ME_THREADED: 38763.966796875
  SUMM_CPU: 6160.6531734908358
  SUMM_ME: 1081.9914535045095
SystemInformation:
  OSName: Ubuntu 24.04.1 LTS
  Kernel: 6.8.0-1017-gcp
  Device: ""
  Processor: AMD EPYC 7B13
  NumSockets: 1
  Manufacturer: AuthenticAMD
  NumCores: 2
  NumLogicals: 4
  CPUFrequency: 0
  Memory: 3912
  MemModuleInfo:
    iNumMemSticks: 1
    DIMM 1:
      manufacturer: ""
      modulePartNo: ""
      memType: RAM
      size: 4
      clkspeed: 0
      moduleVoltage: 0
Checksum: E975BA057F750BC2292F717BB06AE7734662894B