BaselineInfo:
  WebDBID: -1
  TimeStamp: 20241114232736
Version:
  Major: 11
  Minor: 0
  Build: 1002
  SpecialBuildName: ""
  ptArchitecture: x86_64_linux
Results:
  Results Complete: true
  NumTestProcesses: 4
  CPU_INTEGER_MATH: 16473.277999999998
  CPU_FLOATINGPOINT_MATH: 9134.2998080052421
  CPU_PRIME: 36.566145725838602
  CPU_SORTING: 9153.7050489893554
  CPU_ENCRYPTION: 4279.7437063006
  CPU_COMPRESSION: 64875.462118172618
  CPU_SINGLETHREAD: 2361.6852467742665
  CPU_PHYSICS: 720.2958589716834
  CPU_MATRIX_MULT_SSE: 3585.6325488741791
  CPU_mm: 442.30504934409441
  CPU_sse: 1885.7301122982433
  CPU_fma: 5138.416818398714
  CPU_avx: 3732.7507159255792
  CPU_avx512: 0
  m_CPU_enc_SHA: 6208961853.8954906
  m_CPU_enc_AES: 3973626490.2217202
  m_CPU_enc_ECDSA: 3280321265.6163621
  ME_ALLOC_S: 1692.0293868324038
  ME_READ_S: 23935.294531250001
  ME_READ_L: 14317.263671875
  ME_WRITE: 14289.185546875
  ME_LARGE: 643.75
  ME_LATENCY: 71.537563218188041
  ME_THREADED: 36486.5693359375
  SUMM_CPU: 6134.102778616113
  SUMM_ME: 1056.351870940932
SystemInformation:
  OSName: Ubuntu 24.04.1 LTS
  Kernel: 6.8.0-1015-gcp
  Device: ""
  Processor: AMD EPYC 7B13
  NumSockets: 1
  Manufacturer: AuthenticAMD
  NumCores: 2
  NumLogicals: 4
  CPUFrequency: 0
  Memory: 3912
  MemModuleInfo:
    iNumMemSticks: 1
    DIMM 1:
      manufacturer: ""
      modulePartNo: ""
      memType: RAM
      size: 4
      clkspeed: 0
      moduleVoltage: 0
Checksum: A9BE4749179A87ECF8799850641A6F020A293336