---
system-info:
      stress-ng-version: 0.17.08
      run-by: root
      date-yyyy-mm-dd: 2024:06:15
      time-hh-mm-ss: 12:35:34
      epoch-secs: 1718454934
      hostname: d14f52550710
      sysname: Linux
      nodename: d14f52550710
      release: 6.8.0-1008-aws
      version: '#8-Ubuntu SMP Sat Apr 20 00:46:25 UTC 2024'
      machine: x86_64
      compiler: 'musl-gcc 13.2.1'
      uptime: 175
      totalram: 798806491136
      freeram: 792080936960
      sharedram: 224866304
      bufferram: 111820800
      totalswap: 0
      freeswap: 0
      pagesize: 4096
      cpus: 192
      cpus-online: 192
      ticks-per-second: 100

metrics:
    - stressor: cpu
      bogo-ops: 40328
      bogo-ops-per-second-usr-sys-time: 2016.409376
      bogo-ops-per-second-real-time: 2016.394447
      wall-clock-time: 20.000055
      user-time: 19.999907
      system-time: 0.000000
      cpu-usage-per-instance: 99.999260
      max-rss: 0

...
