---
system-info:
      stress-ng-version: 0.17.08
      run-by: root
      date-yyyy-mm-dd: 2024:06:09
      time-hh-mm-ss: 10:21:32
      epoch-secs: 1717928492
      hostname: 2b2f286667ee
      sysname: Linux
      nodename: 2b2f286667ee
      release: 6.8.0-1008-aws
      version: '#8-Ubuntu SMP Sat Apr 20 00:46:25 UTC 2024'
      machine: x86_64
      compiler: 'musl-gcc 13.2.1'
      uptime: 159
      totalram: 798806470656
      freeram: 792130068480
      sharedram: 224866304
      bufferram: 108863488
      totalswap: 0
      freeswap: 0
      pagesize: 4096
      cpus: 192
      cpus-online: 192
      ticks-per-second: 100

metrics:
    - stressor: cpu
      bogo-ops: 21018
      bogo-ops-per-second-usr-sys-time: 2101.635862
      bogo-ops-per-second-real-time: 2101.621671
      wall-clock-time: 10.000849
      user-time: 9.999782
      system-time: 0.000999
      cpu-usage-per-instance: 99.999325
      max-rss: 3072

...
