---
system-info:
      stress-ng-version: 0.17.08
      run-by: root
      date-yyyy-mm-dd: 2024:09:12
      time-hh-mm-ss: 12:54:57
      epoch-secs: 1726145697
      hostname: ip-172-31-82-176
      sysname: Linux
      nodename: ip-172-31-82-176
      release: 6.8.0-1014-aws
      version: '#15-Ubuntu SMP Thu Aug  8 19:13:06 UTC 2024'
      machine: x86_64
      compiler: 'musl-gcc 13.2.1'
      uptime: 246
      totalram: 1031432364032
      freeram: 1020122660864
      sharedram: 96063488
      bufferram: 224350208
      totalswap: 0
      freeswap: 0
      pagesize: 4096
      cpus: 64
      cpus-online: 64
      ticks-per-second: 100

metrics:
    - stressor: cpu
      bogo-ops: 17185
      bogo-ops-per-second-usr-sys-time: 859.267615
      bogo-ops-per-second-real-time: 859.242410
      wall-clock-time: 20.000177
      user-time: 19.999590
      system-time: 0.000000
      cpu-usage-per-instance: 99.997067
      max-rss: 512

...
