---
system-info:
      stress-ng-version: 0.17.08
      run-by: root
      date-yyyy-mm-dd: 2024:07:02
      time-hh-mm-ss: 04:34:30
      epoch-secs: 1719894870
      hostname: c3d-standard-16-c1ec6be
      sysname: Linux
      nodename: c3d-standard-16-c1ec6be
      release: 6.8.0-1009-gcp
      version: '#10-Ubuntu SMP Wed Jun 12 18:52:23 UTC 2024'
      machine: x86_64
      compiler: 'musl-gcc 13.2.1'
      uptime: 146
      totalram: 67421847552
      freeram: 62275645440
      sharedram: 35000320
      bufferram: 126316544
      totalswap: 0
      freeswap: 0
      pagesize: 4096
      cpus: 16
      cpus-online: 16
      ticks-per-second: 100

metrics:
    - stressor: cpu
      bogo-ops: 57347
      bogo-ops-per-second-usr-sys-time: 2867.401326
      bogo-ops-per-second-real-time: 2867.343642
      wall-clock-time: 20.000044
      user-time: 19.999642
      system-time: 0.000000
      cpu-usage-per-instance: 99.997988
      max-rss: 976

...
