---
system-info:
      stress-ng-version: 0.17.08
      run-by: root
      date-yyyy-mm-dd: 2024:09:03
      time-hh-mm-ss: 08:50:16
      epoch-secs: 1725353416
      hostname: sc-runner
      sysname: Linux
      nodename: sc-runner
      release: 6.8.0-1013-azure
      version: '#15-Ubuntu SMP Thu Aug  8 18:40:40 UTC 2024'
      machine: x86_64
      compiler: 'musl-gcc 13.2.1'
      uptime: 372
      totalram: 33650921472
      freeram: 25078652928
      sharedram: 42037248
      bufferram: 210862080
      totalswap: 0
      freeswap: 0
      pagesize: 4096
      cpus: 8
      cpus-online: 8
      ticks-per-second: 100

metrics:
    - stressor: cpu
      bogo-ops: 28194
      bogo-ops-per-second-usr-sys-time: 1409.744618
      bogo-ops-per-second-real-time: 1409.691177
      wall-clock-time: 20.000125
      user-time: 19.998368
      system-time: 0.000999
      cpu-usage-per-instance: 99.996209
      max-rss: 3024

...
