BaselineInfo:
  WebDBID: -1
  TimeStamp: 20250617145613
Version:
  Major: 11
  Minor: 0
  Build: 1002
  SpecialBuildName: ""
  ptArchitecture: x86_64_linux
Results:
  Results Complete: true
  NumTestProcesses: 32
  CPU_INTEGER_MATH: 151991.45133333333
  CPU_FLOATINGPOINT_MATH: 85021.966742026154
  CPU_PRIME: 238.15225634525646
  CPU_SORTING: 89040.123633502662
  CPU_ENCRYPTION: 38549.05559529936
  CPU_COMPRESSION: 617731.02846488252
  CPU_SINGLETHREAD: 2898.1748553035732
  CPU_PHYSICS: 4413.5104840587164
  CPU_MATRIX_MULT_SSE: 43944.896739784723
  CPU_mm: 4070.9919057353591
  CPU_sse: 17866.621582802811
  CPU_fma: 56193.644762857126
  CPU_avx: 46404.428279461659
  CPU_avx512: 55314.892334017233
  m_CPU_enc_SHA: 53956839858.445419
  m_CPU_enc_AES: 36614549363.519951
  m_CPU_enc_ECDSA: 30693454337.724506
  ME_ALLOC_S: 14183.664714967295
  ME_READ_S: 27860.046875
  ME_READ_L: 26270.2109375
  ME_WRITE: 25608.521484375
  ME_LARGE: 249347.91666666666
  ME_LATENCY: 80.879909409730601
  ME_THREADED: 80252.544921875
  SUMM_CPU: 46522.260946496775
  SUMM_ME: 2664.8542245116569
SystemInformation:
  OSName: Ubuntu 24.04.2 LTS
  Kernel: 6.11.0-1015-azure
  Device: ""
  Processor: AMD EPYC 9V74 80-Core Processor
  NumSockets: 1
  Manufacturer: AuthenticAMD
  NumCores: 16
  NumLogicals: 32
  CPUFrequency: 0
  Memory: 257737
  MemModuleInfo:
    iNumMemSticks: 3
    DIMM 1:
      manufacturer: Microsoft Corporation
      modulePartNo: None
      memType: Unknown
      size: 1
      clkspeed: 0
      moduleVoltage: 0
    DIMM 2:
      manufacturer: Microsoft Corporation
      modulePartNo: None
      memType: Unknown
      size: 59
      clkspeed: 0
      moduleVoltage: 0
    DIMM 3:
      manufacturer: Microsoft Corporation
      modulePartNo: None
      memType: Unknown
      size: 196
      clkspeed: 0
      moduleVoltage: 0
Checksum: 894E0A7D6EFDAC209D7DD6F7769D6A636E762BB9