---
system-info:
      stress-ng-version: 0.17.08
      run-by: root
      date-yyyy-mm-dd: 2024:06:13
      time-hh-mm-ss: 14:56:18
      epoch-secs: 1718290578
      hostname: d617bda3d301
      sysname: Linux
      nodename: d617bda3d301
      release: 6.8.0-1008-aws
      version: '#8-Ubuntu SMP Sat Apr 20 00:46:25 UTC 2024'
      machine: x86_64
      compiler: 'musl-gcc 13.2.1'
      uptime: 130
      totalram: 401274130432
      freeram: 396601438208
      sharedram: 38244352
      bufferram: 105721856
      totalswap: 0
      freeswap: 0
      pagesize: 4096
      cpus: 48
      cpus-online: 48
      ticks-per-second: 100

metrics:
    - stressor: cpu
      bogo-ops: 810150
      bogo-ops-per-second-usr-sys-time: 844.329498
      bogo-ops-per-second-real-time: 40507.317952
      wall-clock-time: 20.000090
      user-time: 959.483784
      system-time: 0.034984
      cpu-usage-per-instance: 99.949422
      max-rss: 1152

...
