---
system-info:
      stress-ng-version: 0.17.08
      run-by: root
      date-yyyy-mm-dd: 2024:06:08
      time-hh-mm-ss: 01:18:30
      epoch-secs: 1717809510
      hostname: ad23745c5127
      sysname: Linux
      nodename: ad23745c5127
      release: 6.8.0-1008-aws
      version: '#8-Ubuntu SMP Sat Apr 20 00:46:25 UTC 2024'
      machine: x86_64
      compiler: 'musl-gcc 13.2.1'
      uptime: 119
      totalram: 401274109952
      freeram: 396604289024
      sharedram: 41127936
      bufferram: 95141888
      totalswap: 0
      freeswap: 0
      pagesize: 4096
      cpus: 48
      cpus-online: 48
      ticks-per-second: 100

metrics:
    - stressor: cpu
      bogo-ops: 483519
      bogo-ops-per-second-usr-sys-time: 1008.038326
      bogo-ops-per-second-real-time: 48343.286403
      wall-clock-time: 10.001782
      user-time: 479.594349
      system-time: 0.068961
      cpu-usage-per-instance: 99.912054
      max-rss: 3840

...
