BaselineInfo:
  WebDBID: -1
  TimeStamp: 20260702091411
Version:
  Major: 11
  Minor: 0
  Build: 1004
  SpecialBuildName: ""
  ptArchitecture: x86_64_linux
Results:
  Results Complete: true
  NumTestProcesses: 8
  CPU_INTEGER_MATH: 37861.010333333332
  CPU_FLOATINGPOINT_MATH: 21253.61575328455
  CPU_PRIME: 91.721876730425748
  CPU_SORTING: 23265.280406784761
  CPU_ENCRYPTION: 9609.6023553890827
  CPU_COMPRESSION: 157665.04597214927
  CPU_SINGLETHREAD: 2889.4206604227825
  CPU_PHYSICS: 1565.6062425067307
  CPU_MATRIX_MULT_SSE: 10844.329107165368
  CPU_mm: 1016.3664825832948
  CPU_sse: 4473.9308452524037
  CPU_fma: 14012.525992187748
  CPU_avx: 11556.313569375337
  CPU_avx512: 13334.546021845972
  m_CPU_enc_SHA: 13438240586.568712
  m_CPU_enc_AES: 9115646441.8959732
  m_CPU_enc_ECDSA: 7675308169.7487011
  ME_ALLOC_S: 4133.1835347563147
  ME_READ_S: 27554.2314453125
  ME_READ_L: 26333.12890625
  ME_WRITE: 25972.884765625
  ME_LARGE: 22614.25
  ME_LATENCY: 69.341394803984841
  ME_THREADED: 38362.6572265625
  SUMM_CPU: 14487.060474641059
  SUMM_ME: 2633.1157029239175
SystemInformation:
  OSName: Ubuntu 24.04.4 LTS
  Kernel: 6.8.0-124-generic
  Device: ""
  Processor: "AMD EPYC 9T24 96-Core Processor                "
  NumSockets: 1
  Manufacturer: AuthenticAMD
  NumCores: 4
  NumLogicals: 8
  CPUFrequency: 0
  CPUMaxFrequency: 0
  Memory: 31173
  CPUInfo:
    number: 1
    Family: 15
    Model: 1
    stepping: 1
    features: 395049983
    manufacture: AuthenticAMD
    typestring: "AMD EPYC 9T24 96-Core Processor                "
    iCoresPerPackage: 4
    iThreadsPerPackage: 2
    featuresEx:
      - 395049983
      - 4277809667
      - 802421759
    bHybrid: false
    nPCore: 0
    nLogicalsPerPCore: 0
    nECore: 0
    nLogicalsPerECore: 0
  MemModuleInfo:
    iNumMemSticks: 2
    DIMM 1:
      manufacturer: Alibaba Cloud
      modulePartNo: Not Specified
      memType: RAM
      size: 16
      clkspeed: 0
      moduleVoltage: 0
    DIMM 2:
      manufacturer: Alibaba Cloud
      modulePartNo: Not Specified
      memType: RAM
      size: 16
      clkspeed: 0
      moduleVoltage: 0
Checksum: 5D8E4FB98794AD96979C575C379C1E225A63FC37