BaselineInfo:
  WebDBID: -1
  TimeStamp: 20241109155718
Version:
  Major: 11
  Minor: 0
  Build: 1002
  SpecialBuildName: ""
  ptArchitecture: x86_64_linux
Results:
  Results Complete: true
  NumTestProcesses: 128
  CPU_INTEGER_MATH: 588258.31166666665
  CPU_FLOATINGPOINT_MATH: 323069.4519053144
  CPU_PRIME: 731.52458646682453
  CPU_SORTING: 283676.96197219653
  CPU_ENCRYPTION: 151624.70798527845
  CPU_COMPRESSION: 2186675.3243390275
  CPU_SINGLETHREAD: 2643.4459751968316
  CPU_PHYSICS: 12860.203822255453
  CPU_MATRIX_MULT_SSE: 118489.63443285022
  CPU_mm: 14361.793653317302
  CPU_sse: 60927.234195696132
  CPU_fma: 161381.25749737464
  CPU_avx: 133160.41160547989
  CPU_avx512: 0
  m_CPU_enc_SHA: 219852573259.6958
  m_CPU_enc_AES: 140613183318.3721
  m_CPU_enc_ECDSA: 116504332823.04611
  ME_ALLOC_S: 29438.485343311622
  ME_READ_S: 26421.154882812501
  ME_READ_L: 17568.716796875
  ME_WRITE: 17026.205078125
  ME_LARGE: 491529.66666666669
  ME_LATENCY: 61.862930807655182
  ME_THREADED: 243420.46142578125
  SUMM_CPU: 99281.674140315561
  SUMM_ME: 2973.8900198489523
SystemInformation:
  OSName: Ubuntu 24.04.1 LTS
  Kernel: 6.8.0-1016-aws
  Device: ""
  Processor: AMD EPYC 7R13 Processor
  NumSockets: 2
  Manufacturer: AuthenticAMD
  NumCores: 64
  NumLogicals: 128
  CPUFrequency: 0
  Memory: 505046
  MemModuleInfo:
    iNumMemSticks: 4
    DIMM 1:
      manufacturer: Not Specified
      modulePartNo: Not Specified
      memType: DDR4
      size: 128
      clkspeed: 1600
      moduleVoltage: 0
    DIMM 2:
      manufacturer: Not Specified
      modulePartNo: Not Specified
      memType: DDR4
      size: 128
      clkspeed: 1600
      moduleVoltage: 0
    DIMM 3:
      manufacturer: Not Specified
      modulePartNo: Not Specified
      memType: DDR4
      size: 128
      clkspeed: 1600
      moduleVoltage: 0
    DIMM 4:
      manufacturer: Not Specified
      modulePartNo: Not Specified
      memType: DDR4
      size: 128
      clkspeed: 1600
      moduleVoltage: 0
Checksum: 7602506B21AD7D3E880D25D0B20A37254321FCAD