BaselineInfo:
  WebDBID: -1
  TimeStamp: 20241109160856
Version:
  Major: 11
  Minor: 0
  Build: 1002
  SpecialBuildName: ""
  ptArchitecture: x86_64_linux
Results:
  Results Complete: true
  NumTestProcesses: 128
  CPU_INTEGER_MATH: 588188.1399999999
  CPU_FLOATINGPOINT_MATH: 322897.04449785355
  CPU_PRIME: 728.04403502733533
  CPU_SORTING: 286311.3384251268
  CPU_ENCRYPTION: 151639.73742615941
  CPU_COMPRESSION: 2193291.605903469
  CPU_SINGLETHREAD: 2642.4006764685764
  CPU_PHYSICS: 13013.88564111147
  CPU_MATRIX_MULT_SSE: 117704.71745023441
  CPU_mm: 14146.951218172233
  CPU_sse: 58562.237730758578
  CPU_fma: 161540.35324473074
  CPU_avx: 133011.56137521387
  CPU_avx512: 0
  m_CPU_enc_SHA: 219861243071.14594
  m_CPU_enc_AES: 140555013810.47922
  m_CPU_enc_ECDSA: 116601111052.49249
  ME_ALLOC_S: 29597.204123630127
  ME_READ_S: 26573.546093749999
  ME_READ_L: 17135.208984375
  ME_WRITE: 16468.775390625
  ME_LARGE: 491928.33333333331
  ME_LATENCY: 62.035975051836978
  ME_THREADED: 265873.73681640625
  SUMM_CPU: 99308.367075271351
  SUMM_ME: 2957.0604201942183
SystemInformation:
  OSName: Ubuntu 24.04.1 LTS
  Kernel: 6.8.0-1016-aws
  Device: ""
  Processor: AMD EPYC 7R13 Processor
  NumSockets: 2
  Manufacturer: AuthenticAMD
  NumCores: 64
  NumLogicals: 128
  CPUFrequency: 0
  Memory: 505046
  MemModuleInfo:
    iNumMemSticks: 4
    DIMM 1:
      manufacturer: Not Specified
      modulePartNo: Not Specified
      memType: DDR4
      size: 128
      clkspeed: 1600
      moduleVoltage: 0
    DIMM 2:
      manufacturer: Not Specified
      modulePartNo: Not Specified
      memType: DDR4
      size: 128
      clkspeed: 1600
      moduleVoltage: 0
    DIMM 3:
      manufacturer: Not Specified
      modulePartNo: Not Specified
      memType: DDR4
      size: 128
      clkspeed: 1600
      moduleVoltage: 0
    DIMM 4:
      manufacturer: Not Specified
      modulePartNo: Not Specified
      memType: DDR4
      size: 128
      clkspeed: 1600
      moduleVoltage: 0
Checksum: 252E45194799E38E7E8A56F9521D5310952EB2DF