BaselineInfo:
  WebDBID: -1
  TimeStamp: 20260206111010
Version:
  Major: 11
  Minor: 0
  Build: 1004
  SpecialBuildName: ""
  ptArchitecture: x86_64_linux
Results:
  Results Complete: true
  NumTestProcesses: 16
  CPU_INTEGER_MATH: 82536.648000000016
  CPU_FLOATINGPOINT_MATH: 59773.894368991634
  CPU_PRIME: 178.02762756138895
  CPU_SORTING: 42645.345895248764
  CPU_ENCRYPTION: 18041.911630996528
  CPU_COMPRESSION: 323343.80047093629
  CPU_SINGLETHREAD: 3279.4360980685306
  CPU_PHYSICS: 3824.1933678303631
  CPU_MATRIX_MULT_SSE: 22964.835564113851
  CPU_mm: 2465.5910719338535
  CPU_sse: 10089.068206320397
  CPU_fma: 26320.221499446085
  CPU_avx: 21349.366038492564
  CPU_avx512: 34100.686512196364
  m_CPU_enc_SHA: 19181129016.307575
  m_CPU_enc_AES: 25036345117.468895
  m_CPU_enc_ECDSA: 12537472457.374983
  ME_ALLOC_S: 9377.2744118003957
  ME_READ_S: 27475.419140624999
  ME_READ_L: 16669.642578125
  ME_WRITE: 12246.3681640625
  ME_LARGE: 19484.75
  ME_LATENCY: 65.866867194864767
  ME_THREADED: 124758.248046875
  SUMM_CPU: 29256.566034672964
  SUMM_ME: 2603.9805902526605
SystemInformation:
  OSName: Ubuntu 24.04.3 LTS
  Kernel: 6.14.0-1018-aws
  Device: ""
  Processor: Intel(R) Xeon(R) 6975P-C
  NumSockets: 1
  Manufacturer: GenuineIntel
  NumCores: 8
  NumLogicals: 16
  CPUFrequency: 0
  CPUMaxFrequency: 0
  Memory: 31554
  CPUInfo:
    number: 1
    Family: 6
    Model: 13
    stepping: 1
    features: 529267711
    manufacture: GenuineIntel
    typestring: Intel(R) Xeon(R) 6975P-C
    iCoresPerPackage: 8
    iThreadsPerPackage: 2
    featuresEx:
      - 529267711
      - 4294619651
      - 739248128
    bHybrid: false
    nPCore: 0
    nLogicalsPerPCore: 0
    nECore: 0
    nLogicalsPerECore: 0
  MemModuleInfo:
    iNumMemSticks: 1
    DIMM 1:
      manufacturer: Not Specified
      modulePartNo: Not Specified
      memType: DDR5
      size: 32
      clkspeed: 3600
      moduleVoltage: 0
Checksum: B0FAE2D3EBC80B91C0AEFFC6BF4E6FD578BC8E05