---
system-info:
      stress-ng-version: 0.17.08
      run-by: root
      date-yyyy-mm-dd: 2024:06:08
      time-hh-mm-ss: 10:40:57
      epoch-secs: 1717843257
      hostname: e041d98853b4
      sysname: Linux
      nodename: e041d98853b4
      release: 6.8.0-1008-aws
      version: '#8-Ubuntu SMP Sat Apr 20 00:46:25 UTC 2024'
      machine: x86_64
      compiler: 'musl-gcc 13.2.1'
      uptime: 131
      totalram: 67380752384
      freeram: 62894030848
      sharedram: 48627712
      bufferram: 100212736
      totalswap: 0
      freeswap: 0
      pagesize: 4096
      cpus: 16
      cpus-online: 16
      ticks-per-second: 100

metrics:
    - stressor: cpu
      bogo-ops: 149069
      bogo-ops-per-second-usr-sys-time: 933.352476
      bogo-ops-per-second-real-time: 14905.155283
      wall-clock-time: 10.001171
      user-time: 159.687444
      system-time: 0.026066
      cpu-usage-per-instance: 99.809261
      max-rss: 3920

...
