---
system-info:
      stress-ng-version: 0.17.08
      run-by: root
      date-yyyy-mm-dd: 2024:06:14
      time-hh-mm-ss: 16:56:01
      epoch-secs: 1718384161
      hostname: e75e5383541c
      sysname: Linux
      nodename: e75e5383541c
      release: 6.8.0-1008-aws
      version: '#8-Ubuntu SMP Sat Apr 20 00:46:25 UTC 2024'
      machine: x86_64
      compiler: 'musl-gcc 13.2.1'
      uptime: 159
      totalram: 67380776960
      freeram: 62890303488
      sharedram: 48627712
      bufferram: 108314624
      totalswap: 0
      freeswap: 0
      pagesize: 4096
      cpus: 16
      cpus-online: 16
      ticks-per-second: 100

metrics:
    - stressor: cpu
      bogo-ops: 249929
      bogo-ops-per-second-usr-sys-time: 782.528183
      bogo-ops-per-second-real-time: 12496.369436
      wall-clock-time: 20.000129
      user-time: 319.373820
      system-time: 0.012760
      cpu-usage-per-instance: 99.807663
      max-rss: 1232

...
