size_kb,operation,bandwidth_mb_s,latency_ns,latency_stddev_ns,latency_samples,threads,iterations,elapsed_s
32,read,1137417.79,0,0,0,32,458715,0.403295
32,write,998339.82,0,0,0,32,379362,0.379993
32,copy,728841.51,0,0,0,32,287026,0.393811
32,latency,0,1.55,0.03,7,1,7,0.223577
128,read,1134659.59,0,0,0,32,103820,0.365995
128,write,1004742.29,0,0,0,32,108365,0.431414
128,copy,729607.70,0,0,0,32,74294,0.407309
128,latency,0,4.34,0.01,7,1,7,0.630618
512,read,963965.81,0,0,0,32,29875,0.495868
512,write,873257.85,0,0,0,32,28512,0.522402
512,copy,179489.35,0,0,0,32,11999,1.069612
512,latency,0,6.28,0.01,7,1,7,0.691655
1024,read,290994.90,0,0,0,32,10783,1.185780
1024,write,343231.00,0,0,0,32,12739,1.187678
1024,copy,130408.03,0,0,0,32,2974,0.729771
1024,latency,0,7.24,0.01,7,1,7,0.661091
2048,read,259157.92,0,0,0,32,2478,0.611951
2048,write,201592.89,0,0,0,32,2027,0.643515
2048,copy,70561.29,0,0,0,32,1006,0.912455
2048,latency,0,16.68,0.02,7,1,7,0.699777
16384,read,139776.73,0,0,0,32,238,0.871790
16384,write,66124.25,0,0,0,32,201,1.556343
16384,copy,46982.68,0,0,0,32,110,1.198740
16384,latency,0,23.90,1.61,21,1,21,0.673110
32768,read,138156.58,0,0,0,32,113,0.837542
32768,write,65567.61,0,0,0,32,102,1.592982
32768,copy,46345.08,0,0,0,32,53,1.171041
32768,latency,0,29.80,6.53,21,1,21,1.705473
65536,read,138016.30,0,0,0,32,53,0.786458
65536,write,65341.40,0,0,0,32,46,1.441781
65536,copy,46494.16,0,0,0,32,26,1.145262
65536,latency,0,81.81,5.29,21,1,21,8.204207
131072,read,136893.31,0,0,0,32,25,0.748028
131072,write,64960.80,0,0,0,32,20,1.261068
131072,copy,45948.84,0,0,0,32,12,1.069711
131072,latency,0,91.31,2.27,7,1,7,8.343807
262144,read,139249.72,0,0,0,32,12,0.705955
262144,write,65072.83,0,0,0,32,10,1.258897
262144,copy,46595.87,0,0,0,32,6,1.054858
262144,latency,0,98.40,0.37,7,1,7,17.414531
