---
system-info:
      stress-ng-version: 0.17.08
      run-by: root
      date-yyyy-mm-dd: 2024:06:10
      time-hh-mm-ss: 03:23:05
      epoch-secs: 1717989785
      hostname: cf65a5a99389
      sysname: Linux
      nodename: cf65a5a99389
      release: 6.8.0-1008-aws
      version: '#8-Ubuntu SMP Sat Apr 20 00:46:25 UTC 2024'
      machine: x86_64
      compiler: 'musl-gcc 13.2.1'
      uptime: 99
      totalram: 540622983168
      freeram: 535049936896
      sharedram: 65708032
      bufferram: 114065408
      totalswap: 0
      freeswap: 0
      pagesize: 4096
      cpus: 64
      cpus-online: 64
      ticks-per-second: 100

metrics:
    - stressor: cpu
      bogo-ops: 1099139
      bogo-ops-per-second-usr-sys-time: 1718.044404
      bogo-ops-per-second-real-time: 109903.920290
      wall-clock-time: 10.000908
      user-time: 639.707726
      system-time: 0.053969
      cpu-usage-per-instance: 99.953689
      max-rss: 3584

...
