---
system-info:
      stress-ng-version: 0.17.08
      run-by: root
      date-yyyy-mm-dd: 2024:06:16
      time-hh-mm-ss: 05:41:24
      epoch-secs: 1718516484
      hostname: 7583c71838fd
      sysname: Linux
      nodename: 7583c71838fd
      release: 6.8.0-1008-aws
      version: '#8-Ubuntu SMP Sat Apr 20 00:46:25 UTC 2024'
      machine: x86_64
      compiler: 'musl-gcc 13.2.1'
      uptime: 106
      totalram: 540622991360
      freeram: 535308402688
      sharedram: 65708032
      bufferram: 109207552
      totalswap: 0
      freeswap: 0
      pagesize: 4096
      cpus: 64
      cpus-online: 64
      ticks-per-second: 100

metrics:
    - stressor: cpu
      bogo-ops: 1393286
      bogo-ops-per-second-usr-sys-time: 1088.772762
      bogo-ops-per-second-real-time: 69664.051666
      wall-clock-time: 20.000071
      user-time: 1279.666854
      system-time: 0.017988
      cpu-usage-per-instance: 99.975022
      max-rss: 512

...
