---
system-info:
      stress-ng-version: 0.17.08
      run-by: root
      date-yyyy-mm-dd: 2024:06:15
      time-hh-mm-ss: 16:55:47
      epoch-secs: 1718470547
      hostname: 0bd1851925a9
      sysname: Linux
      nodename: 0bd1851925a9
      release: 6.8.0-1008-aws
      version: '#8-Ubuntu SMP Sat Apr 20 00:46:25 UTC 2024'
      machine: x86_64
      compiler: 'musl-gcc 13.2.1'
      uptime: 138
      totalram: 133622255616
      freeram: 129157038080
      sharedram: 40841216
      bufferram: 108826624
      totalswap: 0
      freeswap: 0
      pagesize: 4096
      cpus: 16
      cpus-online: 16
      ticks-per-second: 100

metrics:
    - stressor: cpu
      bogo-ops: 270269
      bogo-ops-per-second-usr-sys-time: 845.600848
      bogo-ops-per-second-real-time: 13513.381657
      wall-clock-time: 20.000101
      user-time: 319.594708
      system-time: 0.022994
      cpu-usage-per-instance: 99.880027
      max-rss: 1104

...
