---
system-info:
      stress-ng-version: 0.17.08
      run-by: root
      date-yyyy-mm-dd: 2024:06:09
      time-hh-mm-ss: 14:32:44
      epoch-secs: 1717943564
      hostname: a9af135b669c
      sysname: Linux
      nodename: a9af135b669c
      release: 6.8.0-1008-aws
      version: '#8-Ubuntu SMP Sat Apr 20 00:46:25 UTC 2024'
      machine: x86_64
      compiler: 'musl-gcc 13.2.1'
      uptime: 146
      totalram: 133622272000
      freeram: 129002201088
      sharedram: 40841216
      bufferram: 108535808
      totalswap: 0
      freeswap: 0
      pagesize: 4096
      cpus: 16
      cpus-online: 16
      ticks-per-second: 100

metrics:
    - stressor: cpu
      bogo-ops: 160950
      bogo-ops-per-second-usr-sys-time: 1007.497938
      bogo-ops-per-second-real-time: 16091.959956
      wall-clock-time: 10.001889
      user-time: 159.709213
      system-time: 0.042975
      cpu-usage-per-instance: 99.826259
      max-rss: 4048

...
