BaselineInfo:
  WebDBID: -1
  TimeStamp: 20241109215836
Version:
  Major: 11
  Minor: 0
  Build: 1002
  SpecialBuildName: ""
  ptArchitecture: x86_64_linux
Results:
  Results Complete: true
  NumTestProcesses: 96
  CPU_INTEGER_MATH: 404001.90433333337
  CPU_FLOATINGPOINT_MATH: 206576.52854081136
  CPU_PRIME: 460.29386052939822
  CPU_SORTING: 199961.98526529732
  CPU_ENCRYPTION: 87460.447761691001
  CPU_COMPRESSION: 1456110.6239419917
  CPU_SINGLETHREAD: 2437.81218483268
  CPU_PHYSICS: 7841.1225478675724
  CPU_MATRIX_MULT_SSE: 83954.403336766918
  CPU_mm: 8704.3808093052976
  CPU_sse: 37531.653454808191
  CPU_fma: 101700.17041501505
  CPU_avx: 76658.216079389967
  CPU_avx512: 119927.57339785439
  m_CPU_enc_SHA: 88570203527.785797
  m_CPU_enc_AES: 132854302574.78339
  m_CPU_enc_ECDSA: 53702273313.919548
  ME_ALLOC_S: 30554.208639502172
  ME_READ_S: 24240.059375000001
  ME_READ_L: 13039.359375
  ME_WRITE: 11464.2509765625
  ME_LARGE: 373393.58333333331
  ME_LATENCY: 50.548891900694819
  ME_THREADED: 247474.50854492188
  SUMM_CPU: 76687.04416692513
  SUMM_ME: 2940.229932751874
SystemInformation:
  OSName: Ubuntu 24.04.1 LTS
  Kernel: 6.8.0-1017-azure
  Device: ""
  Processor: Intel Xeon Platinum 8370C CPU @ 2.80GHz
  NumSockets: 2
  Manufacturer: GenuineIntel
  NumCores: 48
  NumLogicals: 96
  CPUFrequency: 2800
  Memory: 386920
  MemModuleInfo:
    iNumMemSticks: 4
    DIMM 1:
      manufacturer: Microsoft Corporation
      modulePartNo: None
      memType: Unknown
      size: 1
      clkspeed: 0
      moduleVoltage: 0
    DIMM 2:
      manufacturer: Microsoft Corporation
      modulePartNo: None
      memType: Unknown
      size: 59
      clkspeed: 0
      moduleVoltage: 0
    DIMM 3:
      manufacturer: Microsoft Corporation
      modulePartNo: None
      memType: Unknown
      size: 132
      clkspeed: 0
      moduleVoltage: 0
    DIMM 4:
      manufacturer: Microsoft Corporation
      modulePartNo: None
      memType: Unknown
      size: 192
      clkspeed: 0
      moduleVoltage: 0
Checksum: B197A8AB67C2CFA1D749870E87CBB0CEF0A98924