BaselineInfo:
  WebDBID: -1
  TimeStamp: 20241110075529
Version:
  Major: 11
  Minor: 0
  Build: 1002
  SpecialBuildName: ""
  ptArchitecture: aarch64_linux
Results:
  Results Complete: true
  NumTestProcesses: 192
  CPU_INTEGER_MATH: 962472.33166666701
  CPU_FLOATINGPOINT_MATH: 1118643.5151648396
  CPU_PRIME: 1545.0369016004868
  CPU_SORTING: 809645.52160227566
  CPU_ENCRYPTION: 34710.205270094746
  CPU_COMPRESSION: 1228086.4918316554
  CPU_SINGLETHREAD: 1869.0705166976475
  CPU_PHYSICS: 34519.248901340616
  CPU_MATRIX_MULT_SSE: 139870.8398821528
  CPU_mm: 20784.132100301817
  CPU_sse: 110440.82386648681
  CPU_fma: 169300.8558978186
  CPU_avx: 0
  CPU_avx512: 0
  m_CPU_enc_SHA: 54384707500.808151
  m_CPU_enc_AES: 19830703501.445034
  m_CPU_enc_ECDSA: 34973453601.631493
  ME_ALLOC_S: 46690.969034533904
  ME_READ_S: 19316.346874999999
  ME_READ_L: 18704.779296875
  ME_WRITE: 20519.591796875
  ME_LARGE: 363836.5
  ME_LATENCY: 46.312347266440433
  ME_THREADED: 1042381.7385253906
  SUMM_CPU: 77426.701009662822
  SUMM_ME: 3289.7658979780094
SystemInformation:
  OSName: Ubuntu 24.04.1 LTS
  Kernel: 6.8.0-1016-aws
  Device: ""
  Processor: ARM Neoverse-V2 192 Core 0 MHz
  NumSockets: 2
  Manufacturer: ARM
  NumCores: 192
  NumLogicals: 192
  CPUFrequency: 0
  Memory: 380043
Checksum: E16322A16233F89631DDD8A71126AE6E280492D8