BaselineInfo:
  WebDBID: -1
  TimeStamp: 20251006213310
Version:
  Major: 11
  Minor: 0
  Build: 1002
  SpecialBuildName: ""
  ptArchitecture: x86_64_linux
Results:
  Results Complete: true
  NumTestProcesses: 4
  CPU_INTEGER_MATH: 20586.331666666669
  CPU_FLOATINGPOINT_MATH: 14927.959123088758
  CPU_PRIME: 43.600361028170461
  CPU_SORTING: 10761.498459933013
  CPU_ENCRYPTION: 4546.7501214107178
  CPU_COMPRESSION: 81586.241757111522
  CPU_SINGLETHREAD: 3257.9561771227386
  CPU_PHYSICS: 959.22466409580943
  CPU_MATRIX_MULT_SSE: 5596.3282640447314
  CPU_mm: 614.07599423659201
  CPU_sse: 2519.1977921294751
  CPU_fma: 6560.258952859499
  CPU_avx: 5326.7369212088752
  CPU_avx512: 7979.1193899810769
  m_CPU_enc_SHA: 4800023367.7113361
  m_CPU_enc_AES: 6268996349.3282547
  m_CPU_enc_ECDSA: 3233819448.8855038
  ME_ALLOC_S: 2915.2789130149786
  ME_READ_S: 27402.831835937501
  ME_READ_L: 15638.16796875
  ME_WRITE: 12695.2451171875
  ME_LARGE: 1969.75
  ME_LATENCY: 65.761136071074276
  ME_THREADED: 40631.4462890625
  SUMM_CPU: 8047.8708545463005
  SUMM_ME: 1769.5913920730222
SystemInformation:
  OSName: Ubuntu 24.04.2 LTS
  Kernel: 6.14.0-1014-aws
  Device: ""
  Processor: Intel Xeon 6975P-C
  NumSockets: 1
  Manufacturer: GenuineIntel
  NumCores: 2
  NumLogicals: 4
  CPUFrequency: 0
  Memory: 7780
  MemModuleInfo:
    iNumMemSticks: 1
    DIMM 1:
      manufacturer: Not Specified
      modulePartNo: Not Specified
      memType: DDR5
      size: 8
      clkspeed: 3600
      moduleVoltage: 0
Checksum: F923D4E19729385964CF6E9F415FA84515B8056A