BaselineInfo:
  WebDBID: -1
  TimeStamp: 20241108205855
Version:
  Major: 11
  Minor: 0
  Build: 1002
  SpecialBuildName: ""
  ptArchitecture: aarch64_linux
Results:
  Results Complete: true
  NumTestProcesses: 48
  CPU_INTEGER_MATH: 189330.25666666662
  CPU_FLOATINGPOINT_MATH: 144068.02747215849
  CPU_PRIME: 226.99540741913194
  CPU_SORTING: 133903.08773610237
  CPU_ENCRYPTION: 6567.6656760120641
  CPU_COMPRESSION: 228858.01759931401
  CPU_SINGLETHREAD: 1110.5670933284989
  CPU_PHYSICS: 3756.8848931589878
  CPU_MATRIX_MULT_SSE: 29850.988114095595
  CPU_mm: 5011.6194426655466
  CPU_sse: 24895.082394524634
  CPU_fma: 34806.893833666545
  CPU_avx: 0
  CPU_avx512: 0
  m_CPU_enc_SHA: 9858710335.632988
  m_CPU_enc_AES: 4547293180.4727259
  m_CPU_enc_ECDSA: 6254086295.5643663
  ME_ALLOC_S: 20448.499252527807
  ME_READ_S: 9485.5267578125004
  ME_READ_L: 9217.2685546875
  ME_WRITE: 12579.2978515625
  ME_LARGE: 369655.25
  ME_LATENCY: 69.653056169347067
  ME_THREADED: 176005.37451171875
  SUMM_CPU: 23345.002015693739
  SUMM_ME: 1853.2607568686649
SystemInformation:
  OSName: Ubuntu 24.04.1 LTS
  Kernel: 6.8.0-1016-aws
  Device: ""
  Processor: ARM Neoverse-N1 48 Core 0 MHz
  NumSockets: 1
  Manufacturer: ARM
  NumCores: 48
  NumLogicals: 48
  CPUFrequency: 0
  Memory: 382179
Checksum: 93E49C9D3F6D78A639F3680206B5D3434888B275