BaselineInfo:
  WebDBID: -1
  TimeStamp: 20241109152501
Version:
  Major: 11
  Minor: 0
  Build: 1002
  SpecialBuildName: ""
  ptArchitecture: x86_64_linux
Results:
  Results Complete: true
  NumTestProcesses: 48
  CPU_INTEGER_MATH: 149522.61566666668
  CPU_FLOATINGPOINT_MATH: 80248.089198138594
  CPU_PRIME: 209.69829301512726
  CPU_SORTING: 75592.829007023567
  CPU_ENCRYPTION: 20488.373867425231
  CPU_COMPRESSION: 657728.33812273596
  CPU_SINGLETHREAD: 2049.1543213305467
  CPU_PHYSICS: 3631.1889673049272
  CPU_MATRIX_MULT_SSE: 43881.568526927498
  CPU_mm: 4507.7352679201022
  CPU_sse: 16130.997764347396
  CPU_fma: 52710.324513277148
  CPU_avx: 37210.600508940071
  CPU_avx512: 69474.351321145368
  m_CPU_enc_SHA: 6760389327.6854649
  m_CPU_enc_AES: 51640073553.393539
  m_CPU_enc_ECDSA: 6050388468.1488333
  ME_ALLOC_S: 16136.075657503363
  ME_READ_S: 24670.3828125
  ME_READ_L: 10653.31640625
  ME_WRITE: 9630.9208984375
  ME_LARGE: 375257.5
  ME_LATENCY: 55.4683098888936
  ME_THREADED: 139940.91137695312
  SUMM_CPU: 38601.335963090336
  SUMM_ME: 2623.3851681415094
SystemInformation:
  OSName: Ubuntu 24.04.1 LTS
  Kernel: 6.8.0-1017-azure
  Device: ""
  Processor: Intel Xeon Platinum 8272CL CPU @ 2.60GHz
  NumSockets: 2
  Manufacturer: GenuineIntel
  NumCores: 24
  NumLogicals: 48
  CPUFrequency: 0
  Memory: 386939
  MemModuleInfo:
    iNumMemSticks: 4
    DIMM 1:
      manufacturer: Microsoft Corporation
      modulePartNo: None
      memType: Unknown
      size: 1
      clkspeed: 0
      moduleVoltage: 0
    DIMM 2:
      manufacturer: Microsoft Corporation
      modulePartNo: None
      memType: Unknown
      size: 60928
      clkspeed: 0
      moduleVoltage: 0
    DIMM 3:
      manufacturer: Microsoft Corporation
      modulePartNo: None
      memType: Unknown
      size: 134656
      clkspeed: 0
      moduleVoltage: 0
    DIMM 4:
      manufacturer: Microsoft Corporation
      modulePartNo: None
      memType: Unknown
      size: 192
      clkspeed: 0
      moduleVoltage: 0
Checksum: EEFFF954CA58F8F0DF3C0E002BCADF3D683DCABD