---
system-info:
      stress-ng-version: 0.17.08
      run-by: root
      date-yyyy-mm-dd: 2024:06:09
      time-hh-mm-ss: 18:24:43
      epoch-secs: 1717957483
      hostname: 1f1618e8c4c5
      sysname: Linux
      nodename: 1f1618e8c4c5
      release: 6.8.0-1008-aws
      version: '#8-Ubuntu SMP Sat Apr 20 00:46:25 UTC 2024'
      machine: x86_64
      compiler: 'musl-gcc 13.2.1'
      uptime: 112
      totalram: 798840692736
      freeram: 792618225664
      sharedram: 117370880
      bufferram: 110473216
      totalswap: 0
      freeswap: 0
      pagesize: 4096
      cpus: 96
      cpus-online: 96
      ticks-per-second: 100

metrics:
    - stressor: cpu
      bogo-ops: 1171606
      bogo-ops-per-second-usr-sys-time: 1221.020540
      bogo-ops-per-second-real-time: 117137.135027
      wall-clock-time: 10.002003
      user-time: 959.440175
      system-time: 0.089957
      cpu-usage-per-instance: 99.931037
      max-rss: 3072

...
