---
system-info:
      stress-ng-version: 0.17.08
      run-by: root
      date-yyyy-mm-dd: 2024:06:15
      time-hh-mm-ss: 20:41:25
      epoch-secs: 1718484085
      hostname: cd4f091f55e5
      sysname: Linux
      nodename: cd4f091f55e5
      release: 6.8.0-1008-aws
      version: '#8-Ubuntu SMP Sat Apr 20 00:46:25 UTC 2024'
      machine: x86_64
      compiler: 'musl-gcc 13.2.1'
      uptime: 113
      totalram: 798840717312
      freeram: 792673054720
      sharedram: 117370880
      bufferram: 108826624
      totalswap: 0
      freeswap: 0
      pagesize: 4096
      cpus: 96
      cpus-online: 96
      ticks-per-second: 100

metrics:
    - stressor: cpu
      bogo-ops: 1853369
      bogo-ops-per-second-usr-sys-time: 965.715158
      bogo-ops-per-second-real-time: 92668.049366
      wall-clock-time: 20.000086
      user-time: 1919.139365
      system-time: 0.027985
      cpu-usage-per-instance: 99.956201
      max-rss: 0

...
