BaselineInfo:
  WebDBID: -1
  TimeStamp: 20241107075649
Version:
  Major: 11
  Minor: 0
  Build: 1002
  SpecialBuildName: ""
  ptArchitecture: aarch64_linux
Results:
  Results Complete: true
  NumTestProcesses: 4
  CPU_INTEGER_MATH: 15725.174666666666
  CPU_FLOATINGPOINT_MATH: 11975.680034238976
  CPU_PRIME: 34.231641549196212
  CPU_SORTING: 11432.102337847131
  CPU_ENCRYPTION: 539.62193741358521
  CPU_COMPRESSION: 18473.173803508689
  CPU_SINGLETHREAD: 1110.5885695687584
  CPU_PHYSICS: 681.40431307472909
  CPU_MATRIX_MULT_SSE: 2478.9640478495035
  CPU_mm: 416.48195728658868
  CPU_sse: 2063.9759769124057
  CPU_fma: 2893.9521187866012
  CPU_avx: 0
  CPU_avx512: 0
  m_CPU_enc_SHA: 802431513.03594232
  m_CPU_enc_AES: 375495953.04829895
  m_CPU_enc_ECDSA: 519576371.85192144
  ME_ALLOC_S: 2648.7235083758869
  ME_READ_S: 9486.4573242187507
  ME_READ_L: 9234.326171875
  ME_WRITE: 12547.763671875
  ME_LARGE: 5789
  ME_LATENCY: 70.180778649996924
  ME_THREADED: 36576.724609375
  SUMM_CPU: 2692.3712321979688
  SUMM_ME: 1564.5379284415387
SystemInformation:
  OSName: Ubuntu 24.04.1 LTS
  Kernel: 6.8.0-1016-aws
  Device: ""
  Processor: ARM Neoverse-N1 4 Core 0 MHz
  NumSockets: 1
  Manufacturer: ARM
  NumCores: 4
  NumLogicals: 4
  CPUFrequency: 0
  Memory: 15609
Checksum: 22F4FACE295B2F90F7D77E0244547A0885E63CB6