BaselineInfo:
  WebDBID: -1
  TimeStamp: 20241109153843
Version:
  Major: 11
  Minor: 0
  Build: 1002
  SpecialBuildName: ""
  ptArchitecture: x86_64_linux
Results:
  Results Complete: true
  NumTestProcesses: 48
  CPU_INTEGER_MATH: 202005.31866666666
  CPU_FLOATINGPOINT_MATH: 103273.93046560437
  CPU_PRIME: 337.67998826205695
  CPU_SORTING: 103658.17571069706
  CPU_ENCRYPTION: 43841.100259281746
  CPU_COMPRESSION: 737867.54774524027
  CPU_SINGLETHREAD: 2433.4613561462234
  CPU_PHYSICS: 5789.0831377781124
  CPU_MATRIX_MULT_SSE: 43201.950427314878
  CPU_mm: 4349.9088884464672
  CPU_sse: 18967.426284497455
  CPU_fma: 52488.410560957323
  CPU_avx: 38866.423281363044
  CPU_avx512: 62485.541582441743
  m_CPU_enc_SHA: 44336013621.636208
  m_CPU_enc_AES: 66714733556.153809
  m_CPU_enc_ECDSA: 26861429458.639805
  ME_ALLOC_S: 23256.748956770902
  ME_READ_S: 24487.429296875001
  ME_READ_L: 12354.0869140625
  ME_WRITE: 11103.0302734375
  ME_LARGE: 375148.66666666669
  ME_LATENCY: 51.815390830698171
  ME_THREADED: 169744.58056640625
  SUMM_CPU: 50821.09675902348
  SUMM_ME: 2851.148094486336
SystemInformation:
  OSName: Ubuntu 24.04.1 LTS
  Kernel: 6.8.0-1017-azure
  Device: ""
  Processor: Intel Xeon Platinum 8370C CPU @ 2.80GHz
  NumSockets: 2
  Manufacturer: GenuineIntel
  NumCores: 24
  NumLogicals: 48
  CPUFrequency: 2800
  Memory: 386938
  MemModuleInfo:
    iNumMemSticks: 4
    DIMM 1:
      manufacturer: Microsoft Corporation
      modulePartNo: None
      memType: Unknown
      size: 1
      clkspeed: 0
      moduleVoltage: 0
    DIMM 2:
      manufacturer: Microsoft Corporation
      modulePartNo: None
      memType: Unknown
      size: 59
      clkspeed: 0
      moduleVoltage: 0
    DIMM 3:
      manufacturer: Microsoft Corporation
      modulePartNo: None
      memType: Unknown
      size: 132
      clkspeed: 0
      moduleVoltage: 0
    DIMM 4:
      manufacturer: Microsoft Corporation
      modulePartNo: None
      memType: Unknown
      size: 192
      clkspeed: 0
      moduleVoltage: 0
Checksum: 34AD73C71EB0E02267B913D1FD163D6CB768CE18