---
system-info:
      stress-ng-version: 0.17.08
      run-by: root
      date-yyyy-mm-dd: 2024:06:12
      time-hh-mm-ss: 16:46:11
      epoch-secs: 1718210771
      hostname: bdb107bab2e9
      sysname: Linux
      nodename: bdb107bab2e9
      release: 6.8.0-1008-aws
      version: '#8-Ubuntu SMP Sat Apr 20 00:46:25 UTC 2024'
      machine: x86_64
      compiler: 'musl-gcc 13.2.1'
      uptime: 180
      totalram: 100140060672
      freeram: 95509372928
      sharedram: 20226048
      bufferram: 112640000
      totalswap: 0
      freeswap: 0
      pagesize: 4096
      cpus: 48
      cpus-online: 48
      ticks-per-second: 100

metrics:
    - stressor: cpu
      bogo-ops: 31261
      bogo-ops-per-second-usr-sys-time: 1563.088139
      bogo-ops-per-second-real-time: 1563.047447
      wall-clock-time: 20.000033
      user-time: 19.999512
      system-time: 0.000000
      cpu-usage-per-instance: 99.997397
      max-rss: 1152

...
