---
system-info:
      stress-ng-version: 0.17.08
      run-by: root
      date-yyyy-mm-dd: 2024:06:05
      time-hh-mm-ss: 17:30:11
      epoch-secs: 1717608611
      hostname: ea2a5d96f0b8
      sysname: Linux
      nodename: ea2a5d96f0b8
      release: 6.8.0-1008-aws
      version: '#8-Ubuntu SMP Sat Apr 20 00:46:25 UTC 2024'
      machine: x86_64
      compiler: 'musl-gcc 13.2.1'
      uptime: 130
      totalram: 100140068864
      freeram: 95821590528
      sharedram: 20226048
      bufferram: 78635008
      totalswap: 0
      freeswap: 0
      pagesize: 4096
      cpus: 48
      cpus-online: 48
      ticks-per-second: 100

metrics:
    - stressor: cpu
      bogo-ops: 13875
      bogo-ops-per-second-usr-sys-time: 1387.487929
      bogo-ops-per-second-real-time: 1387.461032
      wall-clock-time: 10.000281
      user-time: 9.998088
      system-time: 0.001999
      cpu-usage-per-instance: 99.998061
      max-rss: 3840

...
