---
system-info:
      stress-ng-version: 0.17.08
      run-by: root
      date-yyyy-mm-dd: 2024:06:12
      time-hh-mm-ss: 19:31:00
      epoch-secs: 1718220660
      hostname: 3c489efb1f08
      sysname: Linux
      nodename: 3c489efb1f08
      release: 6.8.0-1008-aws
      version: '#8-Ubuntu SMP Sat Apr 20 00:46:25 UTC 2024'
      machine: x86_64
      compiler: 'musl-gcc 13.2.1'
      uptime: 157
      totalram: 100140064768
      freeram: 95508062208
      sharedram: 20226048
      bufferram: 112357376
      totalswap: 0
      freeswap: 0
      pagesize: 4096
      cpus: 48
      cpus-online: 48
      ticks-per-second: 100

metrics:
    - stressor: cpu
      bogo-ops: 15341
      bogo-ops-per-second-usr-sys-time: 767.063730
      bogo-ops-per-second-real-time: 767.044724
      wall-clock-time: 20.000138
      user-time: 19.999642
      system-time: 0.000000
      cpu-usage-per-instance: 99.997522
      max-rss: 1152

...
