---
system-info:
      stress-ng-version: 0.17.08
      run-by: root
      date-yyyy-mm-dd: 2024:06:14
      time-hh-mm-ss: 10:56:15
      epoch-secs: 1718362575
      hostname: cda660f7fff5
      sysname: Linux
      nodename: cda660f7fff5
      release: 6.8.0-1008-aws
      version: '#8-Ubuntu SMP Sat Apr 20 00:46:25 UTC 2024'
      machine: x86_64
      compiler: 'musl-gcc 13.2.1'
      uptime: 173
      totalram: 99611557888
      freeram: 94951157760
      sharedram: 113721344
      bufferram: 108367872
      totalswap: 0
      freeswap: 0
      pagesize: 4096
      cpus: 48
      cpus-online: 48
      ticks-per-second: 100

metrics:
    - stressor: cpu
      bogo-ops: 40311
      bogo-ops-per-second-usr-sys-time: 2015.523697
      bogo-ops-per-second-real-time: 2015.539524
      wall-clock-time: 20.000104
      user-time: 19.999262
      system-time: 0.000999
      cpu-usage-per-instance: 100.000785
      max-rss: 768

...
