---
system-info:
      stress-ng-version: 0.17.08
      run-by: root
      date-yyyy-mm-dd: 2024:06:06
      time-hh-mm-ss: 17:21:44
      epoch-secs: 1717694504
      hostname: 4aea7e454ea2
      sysname: Linux
      nodename: 4aea7e454ea2
      release: 6.8.0-1008-aws
      version: '#8-Ubuntu SMP Sat Apr 20 00:46:25 UTC 2024'
      machine: x86_64
      compiler: 'musl-gcc 13.2.1'
      uptime: 150
      totalram: 99611549696
      freeram: 95116914688
      sharedram: 113721344
      bufferram: 85798912
      totalswap: 0
      freeswap: 0
      pagesize: 4096
      cpus: 48
      cpus-online: 48
      ticks-per-second: 100

metrics:
    - stressor: cpu
      bogo-ops: 21033
      bogo-ops-per-second-usr-sys-time: 2103.058359
      bogo-ops-per-second-real-time: 2103.061129
      wall-clock-time: 10.001136
      user-time: 10.000149
      system-time: 0.001000
      cpu-usage-per-instance: 100.000132
      max-rss: 3840

...
