BaselineInfo:
  WebDBID: -1
  TimeStamp: 20241107115421
Version:
  Major: 11
  Minor: 0
  Build: 1002
  SpecialBuildName: ""
  ptArchitecture: x86_64_linux
Results:
  Results Complete: true
  NumTestProcesses: 4
  CPU_INTEGER_MATH: 19313.96433333333
  CPU_FLOATINGPOINT_MATH: 13758.828661736494
  CPU_PRIME: 37.253746081471022
  CPU_SORTING: 9612.7748551453078
  CPU_ENCRYPTION: 4259.660645482224
  CPU_COMPRESSION: 70345.311366201713
  CPU_SINGLETHREAD: 2968.2337676382967
  CPU_PHYSICS: 914.7292666523972
  CPU_MATRIX_MULT_SSE: 4973.7297736024557
  CPU_mm: 545.76207119411856
  CPU_sse: 2359.1154595016419
  CPU_fma: 5533.990708047686
  CPU_avx: 4592.5368094166988
  CPU_avx512: 7409.2761174437974
  m_CPU_enc_SHA: 4497582425.581336
  m_CPU_enc_AES: 5815532177.5307732
  m_CPU_enc_ECDSA: 3086619159.8793979
  ME_ALLOC_S: 1956.0251165173481
  ME_READ_S: 27119.268945312499
  ME_READ_L: 7662.64404296875
  ME_WRITE: 11160.9267578125
  ME_LARGE: 701.33333333333337
  ME_LATENCY: 88.837950185776592
  ME_THREADED: 21217.60595703125
  SUMM_CPU: 7277.5613558736832
  SUMM_ME: 974.87946769715143
SystemInformation:
  OSName: Ubuntu 24.04.1 LTS
  Kernel: 6.8.0-1016-aws
  Device: ""
  Processor: Intel Xeon Platinum 8488C
  NumSockets: 1
  Manufacturer: GenuineIntel
  NumCores: 2
  NumLogicals: 4
  CPUFrequency: 0
  Memory: 7780
  MemModuleInfo:
    iNumMemSticks: 1
    DIMM 1:
      manufacturer: Not Specified
      modulePartNo: Not Specified
      memType: DDR5
      size: 8
      clkspeed: 2400
      moduleVoltage: 0
Checksum: C29206997AB11482590B7A67FF53CB11DF2F5C77