BaselineInfo:
  WebDBID: -1
  TimeStamp: 20241108035735
Version:
  Major: 11
  Minor: 0
  Build: 1002
  SpecialBuildName: ""
  ptArchitecture: x86_64_linux
Results:
  Results Complete: true
  NumTestProcesses: 2
  CPU_INTEGER_MATH: 8366.5216666666674
  CPU_FLOATINGPOINT_MATH: 4282.3547779617347
  CPU_PRIME: 18.549715739499803
  CPU_SORTING: 4374.1970100086419
  CPU_ENCRYPTION: 1818.0382341919571
  CPU_COMPRESSION: 32375.344542603285
  CPU_SINGLETHREAD: 2372.0644477526134
  CPU_PHYSICS: 363.88834181493007
  CPU_MATRIX_MULT_SSE: 1670.3157689799498
  CPU_mm: 180.50899611138149
  CPU_sse: 794.3656199996916
  CPU_fma: 2180.7943004305316
  CPU_avx: 1612.1453208009934
  CPU_avx512: 2093.9578346885824
  m_CPU_enc_SHA: 1832510773.0670004
  m_CPU_enc_AES: 2754088203.1054502
  m_CPU_enc_ECDSA: 1132454802.1957469
  ME_ALLOC_S: 1030.3104269775097
  ME_READ_S: 23940.9921875
  ME_READ_L: 11320.7939453125
  ME_WRITE: 10499.662109375
  ME_LARGE: 54232.333333333336
  ME_LATENCY: 52.500353946313446
  ME_THREADED: 15552.97900390625
  SUMM_CPU: 2989.3051497829465
  SUMM_ME: 2051.4157580862566
SystemInformation:
  OSName: Ubuntu 24.04.1 LTS
  Kernel: 6.8.0-1017-azure
  Device: ""
  Processor: Intel Xeon Platinum 8370C CPU @ 2.80GHz
  NumSockets: 1
  Manufacturer: GenuineIntel
  NumCores: 1
  NumLogicals: 2
  CPUFrequency: 2800
  Memory: 64301
  MemModuleInfo:
    iNumMemSticks: 3
    DIMM 1:
      manufacturer: Microsoft Corporation
      modulePartNo: None
      memType: Unknown
      size: 1
      clkspeed: 0
      moduleVoltage: 0
    DIMM 2:
      manufacturer: Microsoft Corporation
      modulePartNo: None
      memType: Unknown
      size: 59
      clkspeed: 0
      moduleVoltage: 0
    DIMM 3:
      manufacturer: Microsoft Corporation
      modulePartNo: None
      memType: Unknown
      size: 4
      clkspeed: 0
      moduleVoltage: 0
Checksum: 633175CAC706EB124012CD803CE40B7733F26159