BaselineInfo:
  WebDBID: -1
  TimeStamp: 20251104232328
Version:
  Major: 11
  Minor: 0
  Build: 1002
  SpecialBuildName: ""
  ptArchitecture: x86_64_linux
Results:
  Results Complete: true
  NumTestProcesses: 32
  CPU_INTEGER_MATH: 242567.12166666664
  CPU_FLOATINGPOINT_MATH: 242616.14167221045
  CPU_PRIME: 868.31541227207777
  CPU_SORTING: 137035.39024489949
  CPU_ENCRYPTION: 50449.619893121991
  CPU_COMPRESSION: 1017530.2070706249
  CPU_SINGLETHREAD: 3800.2201012202845
  CPU_PHYSICS: 11709.528232523049
  CPU_MATRIX_MULT_SSE: 90181.717805189459
  CPU_mm: 10641.281585415694
  CPU_sse: 32909.431756374768
  CPU_fma: 123669.93415277774
  CPU_avx: 66707.990795202481
  CPU_avx512: 137439.51451640282
  m_CPU_enc_SHA: 69939804159.364807
  m_CPU_enc_AES: 43819053670.077164
  m_CPU_enc_ECDSA: 44941924057.708847
  ME_ALLOC_S: 41052.224695925193
  ME_READ_S: 33900.779296875
  ME_READ_L: 32624.83203125
  ME_WRITE: 33019.140625
  ME_LARGE: 241872.25
  ME_LATENCY: 91.298352405648089
  ME_THREADED: 246215.408203125
  SUMM_CPU: 78537.672620599682
  SUMM_ME: 2691.7218889846681
SystemInformation:
  OSName: Ubuntu 24.04.2 LTS
  Kernel: 6.14.0-1015-aws
  Device: ""
  Processor: AMD EPYC 9R45
  NumSockets: 1
  Manufacturer: AuthenticAMD
  NumCores: 32
  NumLogicals: 32
  CPUFrequency: 0
  Memory: 252994
  MemModuleInfo:
    iNumMemSticks: 1
    DIMM 1:
      manufacturer: Not Specified
      modulePartNo: Not Specified
      memType: DDR5
      size: 256
      clkspeed: 3200
      moduleVoltage: 0
Checksum: C1B6CEC80AE5672E0383665FF81840626C94D2B3