BaselineInfo:
  WebDBID: -1
  TimeStamp: 20250714200512
Version:
  Major: 11
  Minor: 0
  Build: 1002
  SpecialBuildName: ""
  ptArchitecture: x86_64_linux
Results:
  Results Complete: true
  NumTestProcesses: 96
  CPU_INTEGER_MATH: 455580.20933333342
  CPU_FLOATINGPOINT_MATH: 254803.46205576335
  CPU_PRIME: 663.48069575241004
  CPU_SORTING: 235737.3176145067
  CPU_ENCRYPTION: 112422.99985640182
  CPU_COMPRESSION: 1660457.5015848533
  CPU_SINGLETHREAD: 2901.3480244670272
  CPU_PHYSICS: 11316.952894857799
  CPU_MATRIX_MULT_SSE: 104466.69575286181
  CPU_mm: 10648.290844199761
  CPU_sse: 45884.864282706621
  CPU_fma: 129479.61934474128
  CPU_avx: 109394.29763277997
  CPU_avx512: 133108.00175121956
  m_CPU_enc_SHA: 159481138001.72818
  m_CPU_enc_AES: 108248550587.91882
  m_CPU_enc_ECDSA: 85922489902.632294
  ME_ALLOC_S: 27642.675781115086
  ME_READ_S: 27869.450976562501
  ME_READ_L: 26350.798828125
  ME_WRITE: 25620.833984375
  ME_LARGE: 763022.83333333337
  ME_LATENCY: 78.778545778447779
  ME_THREADED: 273570.8447265625
  SUMM_CPU: 92661.830298617497
  SUMM_ME: 2807.9811907830981
SystemInformation:
  OSName: Ubuntu 24.04.2 LTS
  Kernel: 6.11.0-1018-azure
  Device: ""
  Processor: AMD EPYC 9V74 80-Core Processor
  NumSockets: 1
  Manufacturer: AuthenticAMD
  NumCores: 48
  NumLogicals: 96
  CPUFrequency: 0
  Memory: 773998
  MemModuleInfo:
    iNumMemSticks: 4
    DIMM 1:
      manufacturer: Microsoft Corporation
      modulePartNo: None
      memType: Unknown
      size: 1
      clkspeed: 0
      moduleVoltage: 0
    DIMM 2:
      manufacturer: Microsoft Corporation
      modulePartNo: None
      memType: Unknown
      size: 59
      clkspeed: 0
      moduleVoltage: 0
    DIMM 3:
      manufacturer: Microsoft Corporation
      modulePartNo: None
      memType: Unknown
      size: 324
      clkspeed: 0
      moduleVoltage: 0
    DIMM 4:
      manufacturer: Microsoft Corporation
      modulePartNo: None
      memType: Unknown
      size: 384
      clkspeed: 0
      moduleVoltage: 0
Checksum: 10DFEA73C5095E3147E249BF1753242E187108F5