BaselineInfo:
  WebDBID: -1
  TimeStamp: 20241109084059
Version:
  Major: 11
  Minor: 0
  Build: 1002
  SpecialBuildName: ""
  ptArchitecture: aarch64_linux
Results:
  Results Complete: true
  NumTestProcesses: 32
  CPU_INTEGER_MATH: 126378.05933333331
  CPU_FLOATINGPOINT_MATH: 95943.356550994446
  CPU_PRIME: 181.89647307728973
  CPU_SORTING: 90800.121502280992
  CPU_ENCRYPTION: 4374.8637023194842
  CPU_COMPRESSION: 152421.9569117855
  CPU_SINGLETHREAD: 1110.4179844552482
  CPU_PHYSICS: 3200.3634296751079
  CPU_MATRIX_MULT_SSE: 19957.621792870781
  CPU_mm: 3325.1225269158044
  CPU_sse: 16720.105243527658
  CPU_fma: 23195.138342213901
  CPU_avx: 0
  CPU_avx512: 0
  m_CPU_enc_SHA: 6568344231.5117178
  m_CPU_enc_AES: 3037368292.6457362
  m_CPU_enc_ECDSA: 4156418720.4126096
  ME_ALLOC_S: 20435.276232902939
  ME_READ_S: 9486.6633789062507
  ME_READ_L: 9214.982421875
  ME_WRITE: 12582.5947265625
  ME_LARGE: 242927.91666666666
  ME_LATENCY: 69.311988962371103
  ME_THREADED: 169130.54296875
  SUMM_CPU: 17397.854108457108
  SUMM_ME: 1854.2873476568011
SystemInformation:
  OSName: Ubuntu 24.04.1 LTS
  Kernel: 6.8.0-1016-aws
  Device: ""
  Processor: ARM Neoverse-N1 32 Core 0 MHz
  NumSockets: 1
  Manufacturer: ARM
  NumCores: 32
  NumLogicals: 32
  CPUFrequency: 0
  Memory: 254675
Checksum: C4B25D7F8A20CA7ECE017373CCB0C9FA33F556D3