---
system-info:
      stress-ng-version: 0.17.08
      run-by: root
      date-yyyy-mm-dd: 2024:09:16
      time-hh-mm-ss: 21:11:46
      epoch-secs: 1726521106
      hostname: sc-runner
      sysname: Linux
      nodename: sc-runner
      release: 6.8.0-1014-azure
      version: '#16-Ubuntu SMP Thu Aug 15 20:04:41 UTC 2024'
      machine: x86_64
      compiler: 'musl-gcc 13.2.1'
      uptime: 273
      totalram: 135065260032
      freeram: 124663173120
      sharedram: 55005184
      bufferram: 232480768
      totalswap: 0
      freeswap: 0
      pagesize: 4096
      cpus: 16
      cpus-online: 16
      ticks-per-second: 100

metrics:
    - stressor: cpu
      bogo-ops: 310504
      bogo-ops-per-second-usr-sys-time: 971.375230
      bogo-ops-per-second-real-time: 15525.134750
      wall-clock-time: 20.000084
      user-time: 319.612027
      system-time: 0.041996
      cpu-usage-per-instance: 99.891462
      max-rss: 3152

...
