BaselineInfo:
  WebDBID: -1
  TimeStamp: 20250825142718
Version:
  Major: 11
  Minor: 0
  Build: 1002
  SpecialBuildName: ""
  ptArchitecture: x86_64_linux
Results:
  Results Complete: true
  NumTestProcesses: 384
  CPU_INTEGER_MATH: 1973416.4579999987
  CPU_FLOATINGPOINT_MATH: 1430981.9924108821
  CPU_PRIME: 3132.7018830172988
  CPU_SORTING: 874228.21822292043
  CPU_ENCRYPTION: 407434.48657523759
  CPU_COMPRESSION: 6834283.8664162578
  CPU_SINGLETHREAD: 3244.9060377838355
  CPU_PHYSICS: 49660.191120280942
  CPU_MATRIX_MULT_SSE: 458693.43008477602
  CPU_mm: 48679.451383591288
  CPU_sse: 213421.39881416259
  CPU_fma: 535271.18808631273
  CPU_avx: 429612.08728040685
  CPU_avx512: 656469.04615822213
  m_CPU_enc_SHA: 450397263642.62634
  m_CPU_enc_AES: 553740289383.4165
  m_CPU_enc_ECDSA: 277540519559.30695
  ME_ALLOC_S: 33532.41283886967
  ME_READ_S: 27249.6767578125
  ME_READ_L: 15390.39453125
  ME_WRITE: 7825.4560546875
  ME_LARGE: 3030950.6666666665
  ME_LATENCY: 68.93585505414535
  ME_THREADED: 1951607.7301025391
  SUMM_CPU: 177337.20288746158
  SUMM_ME: 2552.1574876089676
SystemInformation:
  OSName: Ubuntu 24.04.2 LTS
  Kernel: 6.14.0-1011-aws
  Device: ""
  Processor: Intel Xeon 6975P-C
  NumSockets: 2
  Manufacturer: GenuineIntel
  NumCores: 192
  NumLogicals: 384
  CPUFrequency: 0
  Memory: 3047484
  MemModuleInfo:
    iNumMemSticks: 6
    DIMM 1:
      manufacturer: Not Specified
      modulePartNo: Not Specified
      memType: DDR5
      size: 512
      clkspeed: 3600
      moduleVoltage: 0
    DIMM 2:
      manufacturer: Not Specified
      modulePartNo: Not Specified
      memType: DDR5
      size: 512
      clkspeed: 3600
      moduleVoltage: 0
    DIMM 3:
      manufacturer: Not Specified
      modulePartNo: Not Specified
      memType: DDR5
      size: 512
      clkspeed: 3600
      moduleVoltage: 0
    DIMM 4:
      manufacturer: Not Specified
      modulePartNo: Not Specified
      memType: DDR5
      size: 512
      clkspeed: 3600
      moduleVoltage: 0
    DIMM 5:
      manufacturer: Not Specified
      modulePartNo: Not Specified
      memType: DDR5
      size: 512
      clkspeed: 3600
      moduleVoltage: 0
    DIMM 6:
      manufacturer: Not Specified
      modulePartNo: Not Specified
      memType: DDR5
      size: 512
      clkspeed: 3600
      moduleVoltage: 0
Checksum: DCD9F0FFF3DC5BFEC1267A6F29576D8419CE0074