---
system-info:
      stress-ng-version: 0.17.08
      run-by: root
      date-yyyy-mm-dd: 2024:09:19
      time-hh-mm-ss: 07:19:43
      epoch-secs: 1726730383
      hostname: sc-runner
      sysname: Linux
      nodename: sc-runner
      release: 6.8.0-1014-azure
      version: '#16-Ubuntu SMP Thu Aug 15 20:04:41 UTC 2024'
      machine: x86_64
      compiler: 'musl-gcc 13.2.1'
      uptime: 435
      totalram: 135166783488
      freeram: 124594249728
      sharedram: 21413888
      bufferram: 253964288
      totalswap: 0
      freeswap: 0
      pagesize: 4096
      cpus: 16
      cpus-online: 16
      ticks-per-second: 100

metrics:
    - stressor: cpu
      bogo-ops: 13342
      bogo-ops-per-second-usr-sys-time: 667.124283
      bogo-ops-per-second-real-time: 667.091515
      wall-clock-time: 20.000254
      user-time: 19.998273
      system-time: 0.000999
      cpu-usage-per-instance: 99.995088
      max-rss: 3152

...
