BaselineInfo:
  WebDBID: -1
  TimeStamp: 20260611112853
Version:
  Major: 11
  Minor: 0
  Build: 1004
  SpecialBuildName: ""
  ptArchitecture: aarch64_linux
Results:
  Results Complete: true
  NumTestProcesses: 1
  CPU_INTEGER_MATH: 6104.6746666666668
  CPU_FLOATINGPOINT_MATH: 7630.9413933401584
  CPU_PRIME: 20.608310894456487
  CPU_SORTING: 5318.7204779806907
  CPU_ENCRYPTION: 293.18927632979978
  CPU_COMPRESSION: 9064.1510469326022
  CPU_SINGLETHREAD: 2324.9667748421039
  CPU_PHYSICS: 421.04191223258147
  CPU_MATRIX_MULT_SSE: 1340.746884255806
  CPU_mm: 134.7191416375739
  CPU_sse: 1065.0948676628643
  CPU_fma: 1616.3989008487474
  CPU_avx: 0
  CPU_avx512: 0
  m_CPU_enc_SHA: 504686269.12805587
  m_CPU_enc_AES: 137967896.79021659
  m_CPU_enc_ECDSA: 279639549.93211591
  ME_ALLOC_S: 1983.0838422077779
  ME_READ_S: 24182.765039062499
  ME_READ_L: 24371.578125
  ME_WRITE: 24815.865234375
  ME_LARGE: 1618.6666666666667
  ME_LATENCY: 27.20127211127755
  ME_THREADED: 24388.57421875
  SUMM_CPU: 1417.6490610703017
  SUMM_ME: 2061.7021520325575
SystemInformation:
  OSName: Ubuntu 24.04.4 LTS
  Kernel: 6.17.0-1017-aws
  Device: ""
  Processor: ARM Neoverse-V3 1 Core 0 MHz
  NumSockets: 1
  Manufacturer: ARM
  NumCores: 1
  NumLogicals: 1
  CPUFrequency: 0
  CPUMaxFrequency: 0
  Memory: 3772
Checksum: 7C32790424569E5B18267E72F8F94F677E641929