---
system-info:
      stress-ng-version: 0.17.08
      run-by: root
      date-yyyy-mm-dd: 2024:06:05
      time-hh-mm-ss: 20:15:41
      epoch-secs: 1717618541
      hostname: f39dead33590
      sysname: Linux
      nodename: f39dead33590
      release: 6.8.0-1008-aws
      version: '#8-Ubuntu SMP Sat Apr 20 00:46:25 UTC 2024'
      machine: x86_64
      compiler: 'musl-gcc 13.2.1'
      uptime: 125
      totalram: 99083096064
      freeram: 94738542592
      sharedram: 41152512
      bufferram: 78577664
      totalswap: 0
      freeswap: 0
      pagesize: 4096
      cpus: 48
      cpus-online: 48
      ticks-per-second: 100

metrics:
    - stressor: cpu
      bogo-ops: 534087
      bogo-ops-per-second-usr-sys-time: 1113.363039
      bogo-ops-per-second-real-time: 53400.568881
      wall-clock-time: 10.001523
      user-time: 479.624099
      system-time: 0.081964
      cpu-usage-per-instance: 99.923548
      max-rss: 3840

...
