---
system-info:
      stress-ng-version: 0.17.08
      run-by: root
      date-yyyy-mm-dd: 2024:06:12
      time-hh-mm-ss: 20:22:18
      epoch-secs: 1718223738
      hostname: 0cf32d126331
      sysname: Linux
      nodename: 0cf32d126331
      release: 6.8.0-1008-aws
      version: '#8-Ubuntu SMP Sat Apr 20 00:46:25 UTC 2024'
      machine: x86_64
      compiler: 'musl-gcc 13.2.1'
      uptime: 124
      totalram: 99083091968
      freeram: 94460235776
      sharedram: 41152512
      bufferram: 111460352
      totalswap: 0
      freeswap: 0
      pagesize: 4096
      cpus: 48
      cpus-online: 48
      ticks-per-second: 100

metrics:
    - stressor: cpu
      bogo-ops: 943542
      bogo-ops-per-second-usr-sys-time: 983.275156
      bogo-ops-per-second-real-time: 47176.892817
      wall-clock-time: 20.000088
      user-time: 959.564019
      system-time: 0.026991
      cpu-usage-per-instance: 99.956958
      max-rss: 1152

...
