---
system-info:
      stress-ng-version: 0.17.08
      run-by: root
      date-yyyy-mm-dd: 2024:06:12
      time-hh-mm-ss: 17:40:38
      epoch-secs: 1718214038
      hostname: 35988a9aa6f5
      sysname: Linux
      nodename: 35988a9aa6f5
      release: 6.8.0-1008-aws
      version: '#8-Ubuntu SMP Sat Apr 20 00:46:25 UTC 2024'
      machine: x86_64
      compiler: 'musl-gcc 13.2.1'
      uptime: 118
      totalram: 99083100160
      freeram: 94456696832
      sharedram: 41152512
      bufferram: 110825472
      totalswap: 0
      freeswap: 0
      pagesize: 4096
      cpus: 48
      cpus-online: 48
      ticks-per-second: 100

metrics:
    - stressor: cpu
      bogo-ops: 772762
      bogo-ops-per-second-usr-sys-time: 805.392668
      bogo-ops-per-second-real-time: 38638.057663
      wall-clock-time: 20.000022
      user-time: 959.461783
      system-time: 0.022988
      cpu-usage-per-instance: 99.946221
      max-rss: 1152

...
