---
system-info:
      stress-ng-version: 0.17.08
      run-by: root
      date-yyyy-mm-dd: 2024:06:07
      time-hh-mm-ss: 15:56:21
      epoch-secs: 1717775781
      hostname: 744ba5d2c6ea
      sysname: Linux
      nodename: 744ba5d2c6ea
      release: 6.8.0-1008-aws
      version: '#8-Ubuntu SMP Sat Apr 20 02:43:14 UTC 2024'
      machine: aarch64
      compiler: 'musl-gcc 13.2.1'
      uptime: 125
      totalram: 24717262848
      freeram: 20495679488
      sharedram: 35024896
      bufferram: 91713536
      totalswap: 0
      freeswap: 0
      pagesize: 4096
      cpus: 4
      cpus-online: 4
      ticks-per-second: 100

metrics:
    - stressor: cpu
      bogo-ops: 11203
      bogo-ops-per-second-usr-sys-time: 279.779141
      bogo-ops-per-second-real-time: 1114.375269
      wall-clock-time: 10.053166
      user-time: 40.033304
      system-time: 0.008995
      cpu-usage-per-instance: 99.576336
      max-rss: 4008

...
