---
system-info:
      stress-ng-version: 0.17.08
      run-by: root
      date-yyyy-mm-dd: 2024:06:14
      time-hh-mm-ss: 15:23:43
      epoch-secs: 1718378623
      hostname: b68ad6f2b8ce
      sysname: Linux
      nodename: b68ad6f2b8ce
      release: 6.8.0-1008-aws
      version: '#8-Ubuntu SMP Sat Apr 20 02:43:14 UTC 2024'
      machine: aarch64
      compiler: 'musl-gcc 13.2.1'
      uptime: 140
      totalram: 24717262848
      freeram: 20440395776
      sharedram: 35024896
      bufferram: 107286528
      totalswap: 0
      freeswap: 0
      pagesize: 4096
      cpus: 4
      cpus-online: 4
      ticks-per-second: 100

metrics:
    - stressor: cpu
      bogo-ops: 121105
      bogo-ops-per-second-usr-sys-time: 1519.586263
      bogo-ops-per-second-real-time: 6055.238306
      wall-clock-time: 20.000039
      user-time: 79.685035
      system-time: 0.011000
      cpu-usage-per-instance: 99.619851
      max-rss: 1192

...
