---
system-info:
      stress-ng-version: 0.17.08
      run-by: root
      date-yyyy-mm-dd: 2024:06:09
      time-hh-mm-ss: 10:55:36
      epoch-secs: 1717930536
      hostname: 8544167c9590
      sysname: Linux
      nodename: 8544167c9590
      release: 6.8.0-1008-aws
      version: '#8-Ubuntu SMP Sat Apr 20 00:46:25 UTC 2024'
      machine: x86_64
      compiler: 'musl-gcc 13.2.1'
      uptime: 121
      totalram: 811358961664
      freeram: 803140268032
      sharedram: 224747520
      bufferram: 107134976
      totalswap: 0
      freeswap: 0
      pagesize: 4096
      cpus: 192
      cpus-online: 192
      ticks-per-second: 100

metrics:
    - stressor: cpu
      bogo-ops: 21554
      bogo-ops-per-second-usr-sys-time: 2155.271330
      bogo-ops-per-second-real-time: 2155.228016
      wall-clock-time: 10.000798
      user-time: 9.998598
      system-time: 0.001999
      cpu-usage-per-instance: 99.997990
      max-rss: 3072

...
