---
system-info:
      stress-ng-version: 0.17.08
      run-by: root
      date-yyyy-mm-dd: 2024:06:15
      time-hh-mm-ss: 13:02:28
      epoch-secs: 1718456548
      hostname: 4b4590684408
      sysname: Linux
      nodename: 4b4590684408
      release: 6.8.0-1008-aws
      version: '#8-Ubuntu SMP Sat Apr 20 00:46:25 UTC 2024'
      machine: x86_64
      compiler: 'musl-gcc 13.2.1'
      uptime: 137
      totalram: 811358920704
      freeram: 803081441280
      sharedram: 224747520
      bufferram: 110309376
      totalswap: 0
      freeswap: 0
      pagesize: 4096
      cpus: 192
      cpus-online: 192
      ticks-per-second: 100

metrics:
    - stressor: cpu
      bogo-ops: 41393
      bogo-ops-per-second-usr-sys-time: 2069.664177
      bogo-ops-per-second-real-time: 2069.641019
      wall-clock-time: 20.000087
      user-time: 19.998864
      system-time: 0.000999
      cpu-usage-per-instance: 99.998881
      max-rss: 0

...
