BaselineInfo:
  WebDBID: -1
  TimeStamp: 20241110145003
Version:
  Major: 11
  Minor: 0
  Build: 1002
  SpecialBuildName: ""
  ptArchitecture: x86_64_linux
Results:
  Results Complete: true
  NumTestProcesses: 96
  CPU_INTEGER_MATH: 436750.98566666647
  CPU_FLOATINGPOINT_MATH: 311071.49006477004
  CPU_PRIME: 770.46596219934077
  CPU_SORTING: 217313.36695422375
  CPU_ENCRYPTION: 95396.004459883741
  CPU_COMPRESSION: 1601810.7973351763
  CPU_SINGLETHREAD: 3160.7741893819493
  CPU_PHYSICS: 13469.197193602904
  CPU_MATRIX_MULT_SSE: 123301.62650813411
  CPU_mm: 12235.74206104557
  CPU_sse: 53445.583922476668
  CPU_fma: 138042.13273669838
  CPU_avx: 108984.53139715339
  CPU_avx512: 192734.25797620806
  m_CPU_enc_SHA: 101129057858.4782
  m_CPU_enc_AES: 131441403653.89803
  m_CPU_enc_ECDSA: 67519420805.204826
  ME_ALLOC_S: 34663.213415023522
  ME_READ_S: 28414.159374999999
  ME_READ_L: 10778.05078125
  ME_WRITE: 9374.5751953125
  ME_LARGE: 761009.16666666663
  ME_LATENCY: 69.38357018675417
  ME_THREADED: 437350.07202148438
  SUMM_CPU: 97410.84046168343
  SUMM_ME: 2468.4590481237146
SystemInformation:
  OSName: Ubuntu 24.04.1 LTS
  Kernel: 6.8.0-1017-azure
  Device: ""
  Processor: Intel Xeon Platinum 8473C
  NumSockets: 2
  Manufacturer: GenuineIntel
  NumCores: 48
  NumLogicals: 96
  CPUFrequency: 2100
  Memory: 773992
  MemModuleInfo:
    iNumMemSticks: 4
    DIMM 1:
      manufacturer: Microsoft Corporation
      modulePartNo: None
      memType: Unknown
      size: 1
      clkspeed: 0
      moduleVoltage: 0
    DIMM 2:
      manufacturer: Microsoft Corporation
      modulePartNo: None
      memType: Unknown
      size: 59
      clkspeed: 0
      moduleVoltage: 0
    DIMM 3:
      manufacturer: Microsoft Corporation
      modulePartNo: None
      memType: Unknown
      size: 324
      clkspeed: 0
      moduleVoltage: 0
    DIMM 4:
      manufacturer: Microsoft Corporation
      modulePartNo: None
      memType: Unknown
      size: 384
      clkspeed: 0
      moduleVoltage: 0
Checksum: E8519E9CE5EF9DB7E8E0CEB1D831BDD550A00F05