---
system-info:
      stress-ng-version: 0.17.08
      run-by: root
      date-yyyy-mm-dd: 2024:09:16
      time-hh-mm-ss: 13:19:22
      epoch-secs: 1726492762
      hostname: sc-runner
      sysname: Linux
      nodename: sc-runner
      release: 6.8.0-1014-azure
      version: '#16-Ubuntu SMP Thu Aug 15 20:04:41 UTC 2024'
      machine: x86_64
      compiler: 'musl-gcc 13.2.1'
      uptime: 371
      totalram: 29423771648
      freeram: 19233615872
      sharedram: 57118720
      bufferram: 241119232
      totalswap: 0
      freeswap: 0
      pagesize: 4096
      cpus: 8
      cpus-online: 8
      ticks-per-second: 100

metrics:
    - stressor: cpu
      bogo-ops: 15505
      bogo-ops-per-second-usr-sys-time: 775.253644
      bogo-ops-per-second-real-time: 775.244732
      wall-clock-time: 20.000136
      user-time: 19.999906
      system-time: 0.000000
      cpu-usage-per-instance: 99.998851
      max-rss: 3152

...
