---
system-info:
      stress-ng-version: 0.17.08
      run-by: root
      date-yyyy-mm-dd: 2024:09:03
      time-hh-mm-ss: 13:25:53
      epoch-secs: 1725369953
      hostname: sc-runner
      sysname: Linux
      nodename: sc-runner
      release: 6.8.0-1013-azure
      version: '#15-Ubuntu SMP Thu Aug  8 18:40:40 UTC 2024'
      machine: x86_64
      compiler: 'musl-gcc 13.2.1'
      uptime: 388
      totalram: 29423779840
      freeram: 20795011072
      sharedram: 57118720
      bufferram: 225783808
      totalswap: 0
      freeswap: 0
      pagesize: 4096
      cpus: 8
      cpus-online: 8
      ticks-per-second: 100

metrics:
    - stressor: cpu
      bogo-ops: 18742
      bogo-ops-per-second-usr-sys-time: 937.152059
      bogo-ops-per-second-real-time: 937.094482
      wall-clock-time: 20.000118
      user-time: 19.996878
      system-time: 0.002011
      cpu-usage-per-instance: 99.993856
      max-rss: 3152

...
