---
system-info:
      stress-ng-version: 0.17.08
      run-by: root
      date-yyyy-mm-dd: 2024:06:19
      time-hh-mm-ss: 17:13:42
      epoch-secs: 1718817222
      hostname: ec5d716bd183
      sysname: Linux
      nodename: ec5d716bd183
      release: 6.8.0-1008-gcp
      version: '#9-Ubuntu SMP Wed May 22 18:40:57 UTC 2024'
      machine: aarch64
      compiler: 'musl-gcc 13.2.1'
      uptime: 155
      totalram: 33582223360
      freeram: 28660359168
      sharedram: 3555328
      bufferram: 127832064
      totalswap: 0
      freeswap: 0
      pagesize: 4096
      cpus: 8
      cpus-online: 8
      ticks-per-second: 100

metrics:
    - stressor: cpu
      bogo-ops: 289465
      bogo-ops-per-second-usr-sys-time: 1813.522555
      bogo-ops-per-second-real-time: 14473.207686
      wall-clock-time: 20.000058
      user-time: 159.607783
      system-time: 0.006995
      cpu-usage-per-instance: 99.758945
      max-rss: 1320

...
