BaselineInfo:
  WebDBID: -1
  TimeStamp: 20260522152835
Version:
  Major: 11
  Minor: 0
  Build: 1004
  SpecialBuildName: ""
  ptArchitecture: x86_64_linux
Results:
  Results Complete: true
  NumTestProcesses: 16
  CPU_INTEGER_MATH: 105765.12633333333
  CPU_FLOATINGPOINT_MATH: 90983.063796647446
  CPU_PRIME: 273.6058276736843
  CPU_SORTING: 53779.855034569715
  CPU_ENCRYPTION: 22106.912655251199
  CPU_COMPRESSION: 386176.64268847532
  CPU_SINGLETHREAD: 2951.9465948703573
  CPU_PHYSICS: 2599.4325080585759
  CPU_MATRIX_MULT_SSE: 33223.097684034226
  CPU_mm: 3347.1031380425752
  CPU_sse: 13212.439294161599
  CPU_fma: 39241.718774706766
  CPU_avx: 27082.861153325619
  CPU_avx512: 53355.371513942933
  m_CPU_enc_SHA: 30939950223.37817
  m_CPU_enc_AES: 20390821933.205082
  m_CPU_enc_ECDSA: 18211561976.594788
  ME_ALLOC_S: 12422.479500266694
  ME_READ_S: 28259.573046875001
  ME_READ_L: 21091.142578125
  ME_WRITE: 20022.078125
  ME_LARGE: 50746.416666666664
  ME_LATENCY: 124.00936225199693
  ME_THREADED: 112845.89501953125
  SUMM_CPU: 35388.015977129035
  SUMM_ME: 1936.7222623332184
SystemInformation:
  OSName: Ubuntu 24.04.4 LTS
  Kernel: 6.8.0-111-generic
  Device: ""
  Processor: "AMD EPYC 9575F 64-Core Processor               "
  NumSockets: 1
  Manufacturer: AuthenticAMD
  NumCores: 16
  NumLogicals: 16
  CPUFrequency: 0
  CPUMaxFrequency: 0
  Memory: 64209
  CPUInfo:
    number: 1
    Family: 15
    Model: 2
    stepping: 1
    features: 395049983
    manufacture: AuthenticAMD
    typestring: "AMD EPYC 9575F 64-Core Processor               "
    iCoresPerPackage: 255
    iThreadsPerPackage: 1
    featuresEx:
      - 395049983
      - 4294586883
      - 802421759
    bHybrid: false
    nPCore: 0
    nLogicalsPerPCore: 0
    nECore: 0
    nLogicalsPerECore: 0
  MemModuleInfo:
    iNumMemSticks: 4
    DIMM 1:
      manufacturer: QEMU
      modulePartNo: Not Specified
      memType: RAM
      size: 16
      clkspeed: 0
      moduleVoltage: 0
    DIMM 2:
      manufacturer: QEMU
      modulePartNo: Not Specified
      memType: RAM
      size: 16
      clkspeed: 0
      moduleVoltage: 0
    DIMM 3:
      manufacturer: QEMU
      modulePartNo: Not Specified
      memType: RAM
      size: 16
      clkspeed: 0
      moduleVoltage: 0
    DIMM 4:
      manufacturer: QEMU
      modulePartNo: Not Specified
      memType: RAM
      size: 16
      clkspeed: 0
      moduleVoltage: 0
Checksum: ACD6F6B9BE5A9E13364C663978BAB7C791B31BFE