---
system-info:
      stress-ng-version: 0.17.08
      run-by: root
      date-yyyy-mm-dd: 2024:09:05
      time-hh-mm-ss: 19:05:56
      epoch-secs: 1725563156
      hostname: sc-runner
      sysname: Linux
      nodename: sc-runner
      release: 6.8.0-1013-azure
      version: '#15-Ubuntu SMP Thu Aug  8 18:40:40 UTC 2024'
      machine: x86_64
      compiler: 'musl-gcc 13.2.1'
      uptime: 327
      totalram: 135060664320
      freeram: 126077202432
      sharedram: 38350848
      bufferram: 218816512
      totalswap: 0
      freeswap: 0
      pagesize: 4096
      cpus: 32
      cpus-online: 32
      ticks-per-second: 100

metrics:
    - stressor: cpu
      bogo-ops: 863051
      bogo-ops-per-second-usr-sys-time: 1349.209676
      bogo-ops-per-second-real-time: 43152.448740
      wall-clock-time: 20.000047
      user-time: 639.644533
      system-time: 0.026984
      cpu-usage-per-instance: 99.948440
      max-rss: 3080

...
