---
system-info:
      stress-ng-version: 0.17.08
      run-by: root
      date-yyyy-mm-dd: 2024:09:22
      time-hh-mm-ss: 11:03:41
      epoch-secs: 1727003021
      hostname: sc-runner
      sysname: Linux
      nodename: sc-runner
      release: 6.8.0-1014-azure
      version: '#16-Ubuntu SMP Thu Aug 15 20:04:41 UTC 2024'
      machine: x86_64
      compiler: 'musl-gcc 13.2.1'
      uptime: 337
      totalram: 135060664320
      freeram: 124445437952
      sharedram: 38350848
      bufferram: 248840192
      totalswap: 0
      freeswap: 0
      pagesize: 4096
      cpus: 32
      cpus-online: 32
      ticks-per-second: 100

metrics:
    - stressor: cpu
      bogo-ops: 862108
      bogo-ops-per-second-usr-sys-time: 1348.060816
      bogo-ops-per-second-real-time: 43105.269128
      wall-clock-time: 20.000061
      user-time: 639.477156
      system-time: 0.039986
      cpu-usage-per-instance: 99.924250
      max-rss: 3004

...
