---
system-info:
      stress-ng-version: 0.17.08
      run-by: root
      date-yyyy-mm-dd: 2024:07:11
      time-hh-mm-ss: 15:53:19
      epoch-secs: 1720713199
      hostname: ip-172-31-31-187
      sysname: Linux
      nodename: ip-172-31-31-187
      release: 6.8.0-1010-aws
      version: '#10-Ubuntu SMP Thu Jun 13 17:36:15 UTC 2024'
      machine: x86_64
      compiler: 'musl-gcc 13.2.1'
      uptime: 144
      totalram: 23613059072
      freeram: 18362793984
      sharedram: 38854656
      bufferram: 135266304
      totalswap: 0
      freeswap: 0
      pagesize: 4096
      cpus: 12
      cpus-online: 12
      ticks-per-second: 100

metrics:
    - stressor: cpu
      bogo-ops: 197401
      bogo-ops-per-second-usr-sys-time: 823.886855
      bogo-ops-per-second-real-time: 9869.985307
      wall-clock-time: 20.000131
      user-time: 239.577231
      system-time: 0.019989
      cpu-usage-per-instance: 99.831521
      max-rss: 976

...
