---
system-info:
      stress-ng-version: 0.17.08
      run-by: root
      date-yyyy-mm-dd: 2024:06:26
      time-hh-mm-ss: 19:36:55
      epoch-secs: 1719430615
      hostname: c3-standard-8-lssd-2257767
      sysname: Linux
      nodename: c3-standard-8-lssd-2257767
      release: 6.8.0-1009-gcp
      version: '#10-Ubuntu SMP Wed Jun 12 18:52:23 UTC 2024'
      machine: x86_64
      compiler: 'musl-gcc 13.2.1'
      uptime: 116
      totalram: 33651154944
      freeram: 28550512640
      sharedram: 111566848
      bufferram: 123924480
      totalswap: 0
      freeswap: 0
      pagesize: 4096
      cpus: 8
      cpus-online: 8
      ticks-per-second: 100

metrics:
    - stressor: cpu
      bogo-ops: 133103
      bogo-ops-per-second-usr-sys-time: 833.410964
      bogo-ops-per-second-real-time: 6655.107536
      wall-clock-time: 20.000128
      user-time: 159.695729
      system-time: 0.012993
      cpu-usage-per-instance: 99.817314
      max-rss: 1104

...
