BaselineInfo:
  WebDBID: -1
  TimeStamp: 20241126121121
Version:
  Major: 11
  Minor: 0
  Build: 1002
  SpecialBuildName: ""
  ptArchitecture: x86_64_linux
Results:
  Results Complete: true
  NumTestProcesses: 48
  CPU_INTEGER_MATH: 228060.85133333335
  CPU_FLOATINGPOINT_MATH: 127568.09370553694
  CPU_PRIME: 362.30445910871015
  CPU_SORTING: 133235.44829220159
  CPU_ENCRYPTION: 57806.222601893118
  CPU_COMPRESSION: 925927.8347639197
  CPU_SINGLETHREAD: 2899.2550631830682
  CPU_PHYSICS: 6783.7222594566892
  CPU_MATRIX_MULT_SSE: 65956.89789783131
  CPU_mm: 6093.1788296876184
  CPU_sse: 26715.195283484092
  CPU_fma: 84340.591176651447
  CPU_avx: 69488.39781181654
  CPU_avx512: 83283.407319373204
  m_CPU_enc_SHA: 80958896832.977264
  m_CPU_enc_AES: 54939572367.881416
  m_CPU_enc_ECDSA: 45944183812.149338
  ME_ALLOC_S: 22302.56038244822
  ME_READ_S: 27894.023828124999
  ME_READ_L: 27555.6796875
  ME_WRITE: 26831.744140625
  ME_LARGE: 374619.33333333331
  ME_LATENCY: 78.020781098858308
  ME_THREADED: 129969.22265625
  SUMM_CPU: 62946.60585748087
  SUMM_ME: 2800.5837241592508
SystemInformation:
  OSName: Ubuntu 24.04.1 LTS
  Kernel: 6.8.0-1017-azure
  Device: ""
  Processor: AMD EPYC 9V74 80-Core Processor
  NumSockets: 1
  Manufacturer: AuthenticAMD
  NumCores: 24
  NumLogicals: 48
  CPUFrequency: 0
  Memory: 386748
  MemModuleInfo:
    iNumMemSticks: 3
    DIMM 1:
      manufacturer: Microsoft Corporation
      modulePartNo: None
      memType: Unknown
      size: 1
      clkspeed: 0
      moduleVoltage: 0
    DIMM 2:
      manufacturer: Microsoft Corporation
      modulePartNo: None
      memType: Unknown
      size: 59
      clkspeed: 0
      moduleVoltage: 0
    DIMM 3:
      manufacturer: Microsoft Corporation
      modulePartNo: None
      memType: Unknown
      size: 324
      clkspeed: 0
      moduleVoltage: 0
Checksum: DB52D74B80A1CF4922E8DE3531ADBFDDCED9D0CD