BaselineInfo:
  WebDBID: -1
  TimeStamp: 20241110151910
Version:
  Major: 11
  Minor: 0
  Build: 1002
  SpecialBuildName: ""
  ptArchitecture: x86_64_linux
Results:
  Results Complete: true
  NumTestProcesses: 96
  CPU_INTEGER_MATH: 402470.26866666664
  CPU_FLOATINGPOINT_MATH: 205741.49330598375
  CPU_PRIME: 463.94217806819012
  CPU_SORTING: 200526.26371331746
  CPU_ENCRYPTION: 87277.569024241602
  CPU_COMPRESSION: 1468190.6346957609
  CPU_SINGLETHREAD: 2369.985333915994
  CPU_PHYSICS: 8081.1829927003755
  CPU_MATRIX_MULT_SSE: 86546.865727573066
  CPU_mm: 8671.5391194992681
  CPU_sse: 37626.191588656649
  CPU_fma: 103242.82889623493
  CPU_avx: 77391.062368899133
  CPU_avx512: 127927.38005650135
  m_CPU_enc_SHA: 88215231228.142822
  m_CPU_enc_AES: 132744925431.45374
  m_CPU_enc_ECDSA: 53591335991.89299
  ME_ALLOC_S: 29763.643683103313
  ME_READ_S: 23584.381640625001
  ME_READ_L: 11627.8115234375
  ME_WRITE: 10481.9443359375
  ME_LARGE: 748729.66666666663
  ME_LATENCY: 57.703923305673662
  ME_THREADED: 312625.50024414062
  SUMM_CPU: 76052.225569133225
  SUMM_ME: 2674.7612056847952
SystemInformation:
  OSName: Ubuntu 24.04.1 LTS
  Kernel: 6.8.0-1016-aws
  Device: ""
  Processor: Intel Xeon Platinum 8375C CPU @ 2.90GHz
  NumSockets: 2
  Manufacturer: GenuineIntel
  NumCores: 48
  NumLogicals: 96
  CPUFrequency: 0
  Memory: 761833
  MemModuleInfo:
    iNumMemSticks: 2
    DIMM 1:
      manufacturer: Not Specified
      modulePartNo: Not Specified
      memType: DDR4
      size: 384
      clkspeed: 1600
      moduleVoltage: 0
    DIMM 2:
      manufacturer: Not Specified
      modulePartNo: Not Specified
      memType: DDR4
      size: 384
      clkspeed: 1600
      moduleVoltage: 0
Checksum: B63D2CAA56AE1B0C8F705EA4403FC55343BF69C9