BaselineInfo:
  WebDBID: -1
  TimeStamp: 20241107135712
Version:
  Major: 11
  Minor: 0
  Build: 1002
  SpecialBuildName: ""
  ptArchitecture: x86_64_linux
Results:
  Results Complete: true
  NumTestProcesses: 8
  CPU_INTEGER_MATH: 19684.655333333336
  CPU_FLOATINGPOINT_MATH: 10642.256758523119
  CPU_PRIME: 24.903551747109308
  CPU_SORTING: 12793.180166910915
  CPU_ENCRYPTION: 6395.9154104531208
  CPU_COMPRESSION: 88313.016398099557
  CPU_SINGLETHREAD: 1444.2135970875386
  CPU_PHYSICS: 630.04453790316973
  CPU_MATRIX_MULT_SSE: 3180.3950729250791
  CPU_mm: 581.41476555293741
  CPU_sse: 2442.622169060648
  CPU_fma: 3676.7904869911458
  CPU_avx: 3421.7725627234445
  CPU_avx512: 0
  m_CPU_enc_SHA: 9024256740.6062508
  m_CPU_enc_AES: 6370297988.1019211
  m_CPU_enc_ECDSA: 4725255463.5857019
  ME_ALLOC_S: 1771.1059487075145
  ME_READ_S: 14255.949609375
  ME_READ_L: 10740.0341796875
  ME_WRITE: 7644.02197265625
  ME_LARGE: 21754.333333333332
  ME_LATENCY: 70.154542553480397
  ME_THREADED: 25158.639892578125
  SUMM_CPU: 6846.7281225700117
  SUMM_ME: 1749.8305717409571
SystemInformation:
  OSName: Ubuntu 24.04.1 LTS
  Kernel: 6.8.0-1016-aws
  Device: ""
  Processor: AMD EPYC 7571
  NumSockets: 1
  Manufacturer: AuthenticAMD
  NumCores: 4
  NumLogicals: 8
  CPUFrequency: 0
  Memory: 31808
  MemModuleInfo:
    iNumMemSticks: 1
    DIMM 1:
      manufacturer: Not Specified
      modulePartNo: Not Specified
      memType: DDR4
      size: 32
      clkspeed: 1333
      moduleVoltage: 0
Checksum: 013FDF9A2892F11AA5C9BF0D5612577B8DEADCF1