---
system-info:
      stress-ng-version: 0.17.08
      run-by: root
      date-yyyy-mm-dd: 2024:06:09
      time-hh-mm-ss: 21:40:54
      epoch-secs: 1717969254
      hostname: 58793b8a66d2
      sysname: Linux
      nodename: 58793b8a66d2
      release: 6.8.0-1008-aws
      version: '#8-Ubuntu SMP Sat Apr 20 02:43:14 UTC 2024'
      machine: aarch64
      compiler: 'musl-gcc 13.2.1'
      uptime: 120
      totalram: 265464344576
      freeram: 260568473600
      sharedram: 34951168
      bufferram: 111800320
      totalswap: 0
      freeswap: 0
      pagesize: 4096
      cpus: 32
      cpus-online: 32
      ticks-per-second: 100

metrics:
    - stressor: cpu
      bogo-ops: 4267
      bogo-ops-per-second-usr-sys-time: 424.631239
      bogo-ops-per-second-real-time: 424.618367
      wall-clock-time: 10.049024
      user-time: 10.046720
      system-time: 0.001999
      cpu-usage-per-instance: 99.996969
      max-rss: 3840

...
