---
system-info:
      stress-ng-version: 0.17.08
      run-by: root
      date-yyyy-mm-dd: 2024:06:16
      time-hh-mm-ss: 01:25:51
      epoch-secs: 1718501151
      hostname: 15e89f91f809
      sysname: Linux
      nodename: 15e89f91f809
      release: 6.8.0-1008-aws
      version: '#8-Ubuntu SMP Sat Apr 20 02:43:14 UTC 2024'
      machine: aarch64
      compiler: 'musl-gcc 13.2.1'
      uptime: 137
      totalram: 265464344576
      freeram: 260766445568
      sharedram: 34951168
      bufferram: 109510656
      totalswap: 0
      freeswap: 0
      pagesize: 4096
      cpus: 32
      cpus-online: 32
      ticks-per-second: 100

metrics:
    - stressor: cpu
      bogo-ops: 30649
      bogo-ops-per-second-usr-sys-time: 1532.467010
      bogo-ops-per-second-real-time: 1532.445396
      wall-clock-time: 20.000060
      user-time: 19.999778
      system-time: 0.000000
      cpu-usage-per-instance: 99.998590
      max-rss: 1280

...
