BaselineInfo:
  WebDBID: -1
  TimeStamp: 20241109152455
Version:
  Major: 11
  Minor: 0
  Build: 1002
  SpecialBuildName: ""
  ptArchitecture: x86_64_linux
Results:
  Results Complete: true
  NumTestProcesses: 72
  CPU_INTEGER_MATH: 223717.61566666674
  CPU_FLOATINGPOINT_MATH: 119666.47539094895
  CPU_PRIME: 264.24428584125008
  CPU_SORTING: 111673.60036538396
  CPU_ENCRYPTION: 30422.652820339361
  CPU_COMPRESSION: 973197.4325757944
  CPU_SINGLETHREAD: 2011.5454968878694
  CPU_PHYSICS: 4363.7926131140885
  CPU_MATRIX_MULT_SSE: 66801.394062431355
  CPU_mm: 6795.4539206158606
  CPU_sse: 24248.487253784115
  CPU_fma: 80430.77483593233
  CPU_avx: 56697.706619831632
  CPU_avx512: 105828.60754017715
  m_CPU_enc_SHA: 10027057681.668249
  m_CPU_enc_AES: 76703812101.432999
  m_CPU_enc_ECDSA: 8970521028.1192894
  ME_ALLOC_S: 22233.591431268014
  ME_READ_S: 24437.061718749999
  ME_READ_L: 10438.412109375
  ME_WRITE: 10127.9921875
  ME_LARGE: 128142.5
  ME_LATENCY: 52.18625607445238
  ME_THREADED: 203726.70385742188
  SUMM_CPU: 49974.672954213347
  SUMM_ME: 2707.0905278406822
SystemInformation:
  OSName: Ubuntu 24.04.1 LTS
  Kernel: 6.8.0-1016-aws
  Device: ""
  Processor: Intel Xeon Platinum 8124M CPU @ 3.00GHz
  NumSockets: 2
  Manufacturer: GenuineIntel
  NumCores: 36
  NumLogicals: 72
  CPUFrequency: 0
  Memory: 140914
  MemModuleInfo:
    iNumMemSticks: 2
    DIMM 1:
      manufacturer: Not Specified
      modulePartNo: Not Specified
      memType: DDR4
      size: 72
      clkspeed: 1333
      moduleVoltage: 0
    DIMM 2:
      manufacturer: Not Specified
      modulePartNo: Not Specified
      memType: DDR4
      size: 72
      clkspeed: 1333
      moduleVoltage: 0
Checksum: 9314224A582FF2561CC679B4E4D1759CF7A9F6CA