BaselineInfo:
  WebDBID: -1
  TimeStamp: 20241107054838
Version:
  Major: 11
  Minor: 0
  Build: 1002
  SpecialBuildName: ""
  ptArchitecture: x86_64_linux
Results:
  Results Complete: true
  NumTestProcesses: 2
  CPU_INTEGER_MATH: 4779.6016666666665
  CPU_FLOATINGPOINT_MATH: 2994.6260060664163
  CPU_PRIME: 9.9823966983577215
  CPU_SORTING: 2584.0900038990389
  CPU_ENCRYPTION: 668.27528196168839
  CPU_COMPRESSION: 22047.758118304628
  CPU_SINGLETHREAD: 1592.2966595900007
  CPU_PHYSICS: 218.07917405575287
  CPU_MATRIX_MULT_SSE: 1168.2478267190372
  CPU_mm: 150.86383163499517
  CPU_sse: 567.06830709283349
  CPU_fma: 1809.9200560043348
  CPU_avx: 1127.7551170599431
  CPU_avx512: 0
  m_CPU_enc_SHA: 220056291.80543554
  m_CPU_enc_AES: 1688960280.3172994
  m_CPU_enc_ECDSA: 193195694.05204338
  ME_ALLOC_S: 606.61501543640429
  ME_READ_S: 18929.961718750001
  ME_READ_L: 9044.8115234375
  ME_WRITE: 8864.5185546875
  ME_LARGE: 634.41666666666663
  ME_LATENCY: 56.823470398522595
  ME_THREADED: 11571.748046875
  SUMM_CPU: 1751.7355590992784
  SUMM_ME: 897.85773644329743
SystemInformation:
  OSName: Ubuntu 24.04.1 LTS
  Kernel: 6.8.0-1015-gcp
  Device: ""
  Processor: Intel Xeon CPU @ 2.30GHz
  NumSockets: 1
  Manufacturer: GenuineIntel
  NumCores: 1
  NumLogicals: 2
  CPUFrequency: 0
  Memory: 7435
  MemModuleInfo:
    iNumMemSticks: 1
    DIMM 1:
      manufacturer: ""
      modulePartNo: ""
      memType: RAM
      size: 7680
      clkspeed: 0
      moduleVoltage: 0
Checksum: EF51D56147129A64991E6384E191AA9F5697198D