BaselineInfo:
  WebDBID: -1
  TimeStamp: 20241115165512
Version:
  Major: 11
  Minor: 0
  Build: 1002
  SpecialBuildName: ""
  ptArchitecture: x86_64_linux
Results:
  Results Complete: true
  NumTestProcesses: 2
  CPU_INTEGER_MATH: 5356.1926666666659
  CPU_FLOATINGPOINT_MATH: 3286.1587738109856
  CPU_PRIME: 11.599149717566917
  CPU_SORTING: 2812.0267037208914
  CPU_ENCRYPTION: 704.06202093703246
  CPU_COMPRESSION: 24345.977612232113
  CPU_SINGLETHREAD: 1666.1748997251275
  CPU_PHYSICS: 247.31975463098959
  CPU_MATRIX_MULT_SSE: 1194.5095591042043
  CPU_mm: 164.75770033020945
  CPU_sse: 621.09417806077636
  CPU_fma: 1818.5221502312538
  CPU_avx: 1143.912349020583
  CPU_avx512: 0
  m_CPU_enc_SHA: 238954871.40147763
  m_CPU_enc_AES: 1764012182.2232678
  m_CPU_enc_ECDSA: 211820559.37346399
  ME_ALLOC_S: 641.40924848474288
  ME_READ_S: 20943.628515625001
  ME_READ_L: 10470.8740234375
  ME_WRITE: 9550.02734375
  ME_LARGE: 553.33333333333337
  ME_LATENCY: 56.643132722078043
  ME_THREADED: 12526.81396484375
  SUMM_CPU: 1899.036322610305
  SUMM_ME: 870.21839289785271
SystemInformation:
  OSName: Ubuntu 24.04.1 LTS
  Kernel: 6.8.0-1017-gcp
  Device: ""
  Processor: Intel Xeon CPU @ 2.30GHz
  NumSockets: 1
  Manufacturer: GenuineIntel
  NumCores: 1
  NumLogicals: 2
  CPUFrequency: 0
  Memory: 7435
  MemModuleInfo:
    iNumMemSticks: 1
    DIMM 1:
      manufacturer: ""
      modulePartNo: ""
      memType: RAM
      size: 7680
      clkspeed: 0
      moduleVoltage: 0
Checksum: 5A00586786A187C8800F89A9D3C406E4058EA85B