BaselineInfo:
  WebDBID: -1
  TimeStamp: 20241110164931
Version:
  Major: 11
  Minor: 0
  Build: 1002
  SpecialBuildName: ""
  ptArchitecture: x86_64_linux
Results:
  Results Complete: true
  NumTestProcesses: 192
  CPU_INTEGER_MATH: 1157539.7670000002
  CPU_FLOATINGPOINT_MATH: 996778.13143463153
  CPU_PRIME: 2977.7592704030617
  CPU_SORTING: 560190.30042965128
  CPU_ENCRYPTION: 239936.12671020528
  CPU_COMPRESSION: 3968491.3923809058
  CPU_SINGLETHREAD: 2887.9518244176479
  CPU_PHYSICS: 38477.944602761017
  CPU_MATRIX_MULT_SSE: 297235.97061011579
  CPU_mm: 33914.447731426066
  CPU_sse: 143885.75412680252
  CPU_fma: 382308.57059145259
  CPU_avx: 327838.58653623518
  CPU_avx512: 334910.9711859728
  m_CPU_enc_SHA: 337872083197.3974
  m_CPU_enc_AES: 217994049327.90485
  m_CPU_enc_ECDSA: 198907659478.53839
  ME_ALLOC_S: 32048.050510571469
  ME_READ_S: 27830.131445312501
  ME_READ_L: 26937.58984375
  ME_WRITE: 25771.5234375
  ME_LARGE: 742177.08333333337
  ME_LATENCY: 78.967025225321819
  ME_THREADED: 762376.9814453125
  SUMM_CPU: 143375.94999761556
  SUMM_ME: 2832.4901694865061
SystemInformation:
  OSName: Ubuntu 24.04.1 LTS
  Kernel: 6.8.0-1016-aws
  Device: ""
  Processor: AMD EPYC 9R14
  NumSockets: 2
  Manufacturer: AuthenticAMD
  NumCores: 192
  NumLogicals: 192
  CPUFrequency: 0
  Memory: 757769
  MemModuleInfo:
    iNumMemSticks: 2
    DIMM 1:
      manufacturer: Not Specified
      modulePartNo: Not Specified
      memType: DDR5
      size: 384
      clkspeed: 2400
      moduleVoltage: 0
    DIMM 2:
      manufacturer: Not Specified
      modulePartNo: Not Specified
      memType: DDR5
      size: 384
      clkspeed: 2400
      moduleVoltage: 0
Checksum: 2F424A5C2C7EA035B2C131C90725A58562018528