BaselineInfo:
  WebDBID: -1
  TimeStamp: 20260404025518
Version:
  Major: 11
  Minor: 0
  Build: 1004
  SpecialBuildName: ""
  ptArchitecture: aarch64_linux
Results:
  Results Complete: true
  NumTestProcesses: 8
  CPU_INTEGER_MATH: 37937.169666666661
  CPU_FLOATINGPOINT_MATH: 28801.939638634125
  CPU_PRIME: 59.361507784252765
  CPU_SORTING: 27517.910477756977
  CPU_ENCRYPTION: 1301.9484417153888
  CPU_COMPRESSION: 44973.020491180883
  CPU_SINGLETHREAD: 1334.4238177201798
  CPU_PHYSICS: 1035.4757515773858
  CPU_MATRIX_MULT_SSE: 5973.6720641499751
  CPU_mm: 1002.8636500332869
  CPU_sse: 4984.6591176087231
  CPU_fma: 6962.685010691227
  CPU_avx: 0
  CPU_avx512: 0
  m_CPU_enc_SHA: 1938366275.9813783
  m_CPU_enc_AES: 910174156.7133168
  m_CPU_enc_ECDSA: 1247035234.9657712
  ME_ALLOC_S: 5764.618457556543
  ME_READ_S: 11374.5458984375
  ME_READ_L: 8912.1044921875
  ME_WRITE: 15002.208984375
  ME_LARGE: 3546.25
  ME_LATENCY: 69.593996683400192
  ME_THREADED: 67516.3125
  SUMM_CPU: 6203.2249307232923
  SUMM_ME: 1635.7793771700019
SystemInformation:
  OSName: Ubuntu 24.04.4 LTS
  Kernel: 6.8.0-106-generic
  Device: ""
  Processor: ARM Neoverse-N1 8 Core 0 MHz
  NumSockets: 1
  Manufacturer: ARM
  NumCores: 8
  NumLogicals: 8
  CPUFrequency: 0
  CPUMaxFrequency: 0
  Memory: 15231
Checksum: 790F56FC5E0BA2B80F08205FC275DF5B87C4E0AB