---
system-info:
      stress-ng-version: 0.17.08
      run-by: root
      date-yyyy-mm-dd: 2024:06:08
      time-hh-mm-ss: 18:24:25
      epoch-secs: 1717871065
      hostname: 0f0084e152ef
      sysname: Linux
      nodename: 0f0084e152ef
      release: 6.8.0-1008-aws
      version: '#8-Ubuntu SMP Sat Apr 20 00:46:25 UTC 2024'
      machine: x86_64
      compiler: 'musl-gcc 13.2.1'
      uptime: 104
      totalram: 16469204992
      freeram: 12062306304
      sharedram: 59883520
      bufferram: 104136704
      totalswap: 0
      freeswap: 0
      pagesize: 4096
      cpus: 4
      cpus-online: 4
      ticks-per-second: 100

metrics:
    - stressor: cpu
      bogo-ops: 47362
      bogo-ops-per-second-usr-sys-time: 1190.361565
      bogo-ops-per-second-real-time: 4735.168392
      wall-clock-time: 10.002179
      user-time: 39.781914
      system-time: 0.005997
      cpu-usage-per-instance: 99.448112
      max-rss: 3920

...
