---
system-info:
      stress-ng-version: 0.17.08
      run-by: root
      date-yyyy-mm-dd: 2024:06:15
      time-hh-mm-ss: 02:47:36
      epoch-secs: 1718419656
      hostname: 6467f74d114f
      sysname: Linux
      nodename: 6467f74d114f
      release: 6.8.0-1008-aws
      version: '#8-Ubuntu SMP Sat Apr 20 00:46:25 UTC 2024'
      machine: x86_64
      compiler: 'musl-gcc 13.2.1'
      uptime: 117
      totalram: 16469204992
      freeram: 12107972608
      sharedram: 59883520
      bufferram: 108216320
      totalswap: 0
      freeswap: 0
      pagesize: 4096
      cpus: 4
      cpus-online: 4
      ticks-per-second: 100

metrics:
    - stressor: cpu
      bogo-ops: 77000
      bogo-ops-per-second-usr-sys-time: 966.583647
      bogo-ops-per-second-real-time: 3849.978693
      wall-clock-time: 20.000111
      user-time: 79.645023
      system-time: 0.016991
      cpu-usage-per-instance: 99.576966
      max-rss: 1104

...
