---
system-info:
      stress-ng-version: 0.17.08
      run-by: root
      date-yyyy-mm-dd: 2024:09:17
      time-hh-mm-ss: 10:10:26
      epoch-secs: 1726567826
      hostname: sc-runner
      sysname: Linux
      nodename: sc-runner
      release: 6.8.0-1014-azure
      version: '#16-Ubuntu SMP Thu Aug 15 20:04:41 UTC 2024'
      machine: x86_64
      compiler: 'musl-gcc 13.2.1'
      uptime: 311
      totalram: 405735923712
      freeram: 394050818048
      sharedram: 105639936
      bufferram: 307679232
      totalswap: 0
      freeswap: 0
      pagesize: 4096
      cpus: 48
      cpus-online: 48
      ticks-per-second: 100

metrics:
    - stressor: cpu
      bogo-ops: 771305
      bogo-ops-per-second-usr-sys-time: 803.907803
      bogo-ops-per-second-real-time: 38565.076834
      wall-clock-time: 20.000090
      user-time: 959.401617
      system-time: 0.042982
      cpu-usage-per-instance: 99.941697
      max-rss: 3260

...
