---
system-info:
      stress-ng-version: 0.17.08
      run-by: root
      date-yyyy-mm-dd: 2024:09:03
      time-hh-mm-ss: 07:06:53
      epoch-secs: 1725347213
      hostname: sc-runner
      sysname: Linux
      nodename: sc-runner
      release: 6.8.0-1013-azure
      version: '#15-Ubuntu SMP Thu Aug  8 18:40:40 UTC 2024'
      machine: x86_64
      compiler: 'musl-gcc 13.2.1'
      uptime: 387
      totalram: 67423424512
      freeram: 58843488256
      sharedram: 38129664
      bufferram: 214302720
      totalswap: 0
      freeswap: 0
      pagesize: 4096
      cpus: 8
      cpus-online: 8
      ticks-per-second: 100

metrics:
    - stressor: cpu
      bogo-ops: 54159
      bogo-ops-per-second-usr-sys-time: 2707.947021
      bogo-ops-per-second-real-time: 2707.938088
      wall-clock-time: 20.000088
      user-time: 20.000022
      system-time: 0.000000
      cpu-usage-per-instance: 99.999670
      max-rss: 3152

...
