---
system-info:
      stress-ng-version: 0.17.08
      run-by: root
      date-yyyy-mm-dd: 2024:08:30
      time-hh-mm-ss: 14:01:08
      epoch-secs: 1725026468
      hostname: sc-runner
      sysname: Linux
      nodename: sc-runner
      release: 6.8.0-1013-azure
      version: '#15-Ubuntu SMP Thu Aug  8 18:40:40 UTC 2024'
      machine: x86_64
      compiler: 'musl-gcc 13.2.1'
      uptime: 366
      totalram: 7266676736
      freeram: 198971392
      sharedram: 42029056
      bufferram: 191172608
      totalswap: 0
      freeswap: 0
      pagesize: 4096
      cpus: 2
      cpus-online: 2
      ticks-per-second: 100

metrics:
    - stressor: cpu
      bogo-ops: 24905
      bogo-ops-per-second-usr-sys-time: 1245.462725
      bogo-ops-per-second-real-time: 1245.234859
      wall-clock-time: 20.000243
      user-time: 19.996584
      system-time: 0.000000
      cpu-usage-per-instance: 99.981704
      max-rss: 1104

...
