---
system-info:
      stress-ng-version: 0.17.08
      run-by: root
      date-yyyy-mm-dd: 2024:09:16
      time-hh-mm-ss: 22:35:27
      epoch-secs: 1726526127
      hostname: sc-runner
      sysname: Linux
      nodename: sc-runner
      release: 6.8.0-1014-azure
      version: '#16-Ubuntu SMP Thu Aug 15 20:04:41 UTC 2024'
      machine: x86_64
      compiler: 'musl-gcc 13.2.1'
      uptime: 307
      totalram: 118154870784
      freeram: 107818614784
      sharedram: 42164224
      bufferram: 242806784
      totalswap: 0
      freeswap: 0
      pagesize: 4096
      cpus: 16
      cpus-online: 16
      ticks-per-second: 100

metrics:
    - stressor: cpu
      bogo-ops: 398168
      bogo-ops-per-second-usr-sys-time: 1245.986971
      bogo-ops-per-second-real-time: 19908.308244
      wall-clock-time: 20.000092
      user-time: 319.535336
      system-time: 0.024988
      cpu-usage-per-instance: 99.862141
      max-rss: 3152

...
