BaselineInfo:
  WebDBID: -1
  TimeStamp: 20241109195750
Version:
  Major: 11
  Minor: 0
  Build: 1002
  SpecialBuildName: ""
  ptArchitecture: x86_64_linux
Results:
  Results Complete: true
  NumTestProcesses: 96
  CPU_INTEGER_MATH: 323629.8569999999
  CPU_FLOATINGPOINT_MATH: 193272.85366758695
  CPU_PRIME: 436.88253953665674
  CPU_SORTING: 169745.86064154835
  CPU_ENCRYPTION: 98126.625122801808
  CPU_COMPRESSION: 1332387.0936709633
  CPU_SINGLETHREAD: 2095.081170108574
  CPU_PHYSICS: 6265.4947677806122
  CPU_MATRIX_MULT_SSE: 76370.631599749366
  CPU_mm: 8889.6069105028182
  CPU_sse: 35457.200513618707
  CPU_fma: 108887.50797982252
  CPU_avx: 84767.186305806856
  CPU_avx512: 0
  m_CPU_enc_SHA: 140464045655.3739
  m_CPU_enc_AES: 94958357805.479782
  m_CPU_enc_ECDSA: 73257268733.447388
  ME_ALLOC_S: 21690.538374778975
  ME_READ_S: 24241.694726562499
  ME_READ_L: 12579.4580078125
  ME_WRITE: 13462.849609375
  ME_LARGE: 178255.41666666666
  ME_LATENCY: 51.787691125792719
  ME_THREADED: 126328.77783203125
  SUMM_CPU: 67778.590420341759
  SUMM_ME: 2893.2680711080952
SystemInformation:
  OSName: Ubuntu 24.04.1 LTS
  Kernel: 6.8.0-1016-aws
  Device: ""
  Processor: AMD EPYC 7R32
  NumSockets: 1
  Manufacturer: AuthenticAMD
  NumCores: 48
  NumLogicals: 96
  CPUFrequency: 0
  Memory: 191130
  MemModuleInfo:
    iNumMemSticks: 1
    DIMM 1:
      manufacturer: Not Specified
      modulePartNo: Not Specified
      memType: DDR4
      size: 192
      clkspeed: 1466
      moduleVoltage: 0
Checksum: 6D0F1D85A8A5CF0506DB179787D30583171E97BB