BaselineInfo:
  WebDBID: -1
  TimeStamp: 20260404231137
Version:
  Major: 11
  Minor: 0
  Build: 1004
  SpecialBuildName: ""
  ptArchitecture: x86_64_linux
Results:
  Results Complete: true
  NumTestProcesses: 24
  CPU_INTEGER_MATH: 76963.621333333344
  CPU_FLOATINGPOINT_MATH: 41253.517926534892
  CPU_PRIME: 120.7854787550873
  CPU_SORTING: 46485.006788116159
  CPU_ENCRYPTION: 10629.419197030509
  CPU_COMPRESSION: 352037.34898145526
  CPU_SINGLETHREAD: 2157.2294848674701
  CPU_PHYSICS: 2210.1716288617363
  CPU_MATRIX_MULT_SSE: 21467.56559963051
  CPU_mm: 2331.1527983895521
  CPU_sse: 8406.8309381775616
  CPU_fma: 26106.129657745201
  CPU_avx: 18402.355250876793
  CPU_avx512: 32954.946551722474
  m_CPU_enc_SHA: 3476355468.0926256
  m_CPU_enc_AES: 26811115622.205002
  m_CPU_enc_ECDSA: 3149790501.5387578
  ME_ALLOC_S: 8786.4123063830593
  ME_READ_S: 24831.485742187499
  ME_READ_L: 10060.5517578125
  ME_WRITE: 9910.900390625
  ME_LARGE: 176177.25
  ME_LATENCY: 52.262237034900629
  ME_THREADED: 107315.91552734375
  SUMM_CPU: 23604.520548914727
  SUMM_ME: 2626.3002098343072
SystemInformation:
  OSName: Ubuntu 24.04.4 LTS
  Kernel: 6.8.0-106-generic
  Device: ""
  Processor: Intel(R) Xeon(R) Platinum 8269CY CPU T 3.10GHz
  NumSockets: 1
  Manufacturer: GenuineIntel
  NumCores: 12
  NumLogicals: 24
  CPUFrequency: 3100
  CPUMaxFrequency: 3800
  Memory: 189673
  CPUInfo:
    number: 1
    Family: 6
    Model: 5
    stepping: 7
    features: 529267711
    manufacture: GenuineIntel
    typestring: Intel(R) Xeon(R) Platinum 8269CY CPU T 3.10GHz
    iCoresPerPackage: 12
    iThreadsPerPackage: 2
    featuresEx:
      - 529267711
      - 4277809667
      - 739248128
    bHybrid: false
    nPCore: 0
    nLogicalsPerPCore: 0
    nECore: 0
    nLogicalsPerECore: 0
  MemModuleInfo:
    iNumMemSticks: 12
    DIMM 1:
      manufacturer: Alibaba Cloud
      modulePartNo: Not Specified
      memType: RAM
      size: 16
      clkspeed: 0
      moduleVoltage: 0
    DIMM 2:
      manufacturer: Alibaba Cloud
      modulePartNo: Not Specified
      memType: RAM
      size: 16
      clkspeed: 0
      moduleVoltage: 0
    DIMM 3:
      manufacturer: Alibaba Cloud
      modulePartNo: Not Specified
      memType: RAM
      size: 16
      clkspeed: 0
      moduleVoltage: 0
    DIMM 4:
      manufacturer: Alibaba Cloud
      modulePartNo: Not Specified
      memType: RAM
      size: 16
      clkspeed: 0
      moduleVoltage: 0
    DIMM 5:
      manufacturer: Alibaba Cloud
      modulePartNo: Not Specified
      memType: RAM
      size: 16
      clkspeed: 0
      moduleVoltage: 0
    DIMM 6:
      manufacturer: Alibaba Cloud
      modulePartNo: Not Specified
      memType: RAM
      size: 16
      clkspeed: 0
      moduleVoltage: 0
    DIMM 7:
      manufacturer: Alibaba Cloud
      modulePartNo: Not Specified
      memType: RAM
      size: 16
      clkspeed: 0
      moduleVoltage: 0
    DIMM 8:
      manufacturer: Alibaba Cloud
      modulePartNo: Not Specified
      memType: RAM
      size: 16
      clkspeed: 0
      moduleVoltage: 0
    DIMM 9:
      manufacturer: Alibaba Cloud
      modulePartNo: Not Specified
      memType: RAM
      size: 16
      clkspeed: 0
      moduleVoltage: 0
    DIMM 10:
      manufacturer: Alibaba Cloud
      modulePartNo: Not Specified
      memType: RAM
      size: 16
      clkspeed: 0
      moduleVoltage: 0
    DIMM 11:
      manufacturer: Alibaba Cloud
      modulePartNo: Not Specified
      memType: RAM
      size: 16
      clkspeed: 0
      moduleVoltage: 0
    DIMM 12:
      manufacturer: Alibaba Cloud
      modulePartNo: Not Specified
      memType: RAM
      size: 16
      clkspeed: 0
      moduleVoltage: 0
Checksum: 01B3E7F2CE271DFF420A1A679F32848C0B6DDD87