size_kb,operation,bandwidth_mb_s,latency_ns,latency_stddev_ns,latency_samples,threads,iterations,elapsed_s
16,read,653275.14,0,0,0,8,480769,0.091992
16,write,346105.26,0,0,0,8,367647,0.132780
16,copy,340165.03,0,0,0,8,416666,0.153112
16,latency,0,2.31,0.09,7,1,7,0.167481
64,read,579225.11,0,0,0,8,231481,0.199820
64,write,354562.41,0,0,0,8,132978,0.187524
64,copy,329098.26,0,0,0,8,120192,0.182608
64,latency,0,2.31,0.04,7,1,7,0.329527
128,read,395814.66,0,0,0,8,57870,0.146205
128,write,355961.93,0,0,0,8,90579,0.254463
128,copy,286821.13,0,0,0,8,67934,0.236851
128,latency,0,3.70,0.08,7,1,7,0.272452
256,read,401490.24,0,0,0,8,47709,0.237660
256,write,348550.35,0,0,0,8,44326,0.254345
256,copy,270185.16,0,0,0,8,23854,0.176575
256,latency,0,4.65,0.11,7,1,7,0.257054
512,read,357788.29,0,0,0,8,15743,0.176004
512,write,292662.67,0,0,0,8,9150,0.125059
512,copy,126851.39,0,0,0,8,12019,0.378995
512,latency,0,6.63,0.03,7,1,7,0.327061
2048,read,192080.51,0,0,0,8,2609,0.217326
2048,write,177686.43,0,0,0,8,5645,0.508311
2048,copy,55754.74,0,0,0,8,1614,0.463171
2048,latency,0,42.73,6.34,21,1,21,2.920583
4096,read,112088.11,0,0,0,8,805,0.229819
4096,write,135251.07,0,0,0,8,2758,0.652535
4096,copy,50089.62,0,0,0,8,743,0.474669
4096,latency,0,84.12,1.70,7,1,7,0.693983
8192,read,76523.22,0,0,0,8,383,0.320321
8192,write,149485.01,0,0,0,8,800,0.342509
8192,copy,48046.52,0,0,0,8,259,0.344999
8192,latency,0,92.39,1.02,7,1,7,0.839044
16384,read,76809.23,0,0,0,8,158,0.263302
16384,write,148466.84,0,0,0,8,345,0.297440
16384,copy,47414.57,0,0,0,8,151,0.407638
16384,latency,0,99.35,0.90,7,1,7,1.129473
32768,read,72580.70,0,0,0,8,92,0.324494
32768,write,127927.07,0,0,0,8,189,0.378216
32768,copy,47330.38,0,0,0,8,62,0.335345
32768,latency,0,104.93,1.22,7,1,7,2.458722
