---
system-info:
      stress-ng-version: 0.17.08
      run-by: root
      date-yyyy-mm-dd: 2024:09:16
      time-hh-mm-ss: 08:38:12
      epoch-secs: 1726475892
      hostname: sc-runner
      sysname: Linux
      nodename: sc-runner
      release: 6.8.0-1014-azure
      version: '#16-Ubuntu SMP Thu Aug 15 20:04:41 UTC 2024'
      machine: x86_64
      compiler: 'musl-gcc 13.2.1'
      uptime: 282
      totalram: 33651290112
      freeram: 23554818048
      sharedram: 54898688
      bufferram: 223715328
      totalswap: 0
      freeswap: 0
      pagesize: 4096
      cpus: 4
      cpus-online: 4
      ticks-per-second: 100

metrics:
    - stressor: cpu
      bogo-ops: 77503
      bogo-ops-per-second-usr-sys-time: 972.703922
      bogo-ops-per-second-real-time: 3875.134825
      wall-clock-time: 20.000078
      user-time: 79.659906
      system-time: 0.017988
      cpu-usage-per-instance: 99.596977
      max-rss: 3152

...
