---
system-info:
      stress-ng-version: 0.17.08
      run-by: root
      date-yyyy-mm-dd: 2024:09:20
      time-hh-mm-ss: 03:55:52
      epoch-secs: 1726804552
      hostname: sc-runner
      sysname: Linux
      nodename: sc-runner
      release: 6.8.0-1014-azure
      version: '#16-Ubuntu SMP Thu Aug 15 20:04:41 UTC 2024'
      machine: x86_64
      compiler: 'musl-gcc 13.2.1'
      uptime: 422
      totalram: 16766771200
      freeram: 6625181696
      sharedram: 38096896
      bufferram: 249540608
      totalswap: 0
      freeswap: 0
      pagesize: 4096
      cpus: 2
      cpus-online: 2
      ticks-per-second: 100

metrics:
    - stressor: cpu
      bogo-ops: 54054
      bogo-ops-per-second-usr-sys-time: 2703.269579
      bogo-ops-per-second-real-time: 2702.691720
      wall-clock-time: 20.000061
      user-time: 19.985788
      system-time: 0.009998
      cpu-usage-per-instance: 99.978624
      max-rss: 3152

...
