---
system-info:
      stress-ng-version: 0.17.08
      run-by: root
      date-yyyy-mm-dd: 2024:06:26
      time-hh-mm-ss: 14:29:51
      epoch-secs: 1719412191
      hostname: n4-highmem-2-0712465
      sysname: Linux
      nodename: n4-highmem-2-0712465
      release: 6.8.0-1008-gcp
      version: '#9-Ubuntu SMP Wed May 22 18:09:04 UTC 2024'
      machine: x86_64
      compiler: 'musl-gcc 13.2.1'
      uptime: 145
      totalram: 16767029248
      freeram: 11606032384
      sharedram: 274022400
      bufferram: 125865984
      totalswap: 0
      freeswap: 0
      pagesize: 4096
      cpus: 2
      cpus-online: 2
      ticks-per-second: 100

metrics:
    - stressor: cpu
      bogo-ops: 32179
      bogo-ops-per-second-usr-sys-time: 1609.007602
      bogo-ops-per-second-real-time: 1608.944706
      wall-clock-time: 20.000066
      user-time: 19.999284
      system-time: 0.000000
      cpu-usage-per-instance: 99.996091
      max-rss: 976

...
