BaselineInfo:
  WebDBID: -1
  TimeStamp: 20241107184439
Version:
  Major: 11
  Minor: 0
  Build: 1002
  SpecialBuildName: ""
  ptArchitecture: x86_64_linux
Results:
  Results Complete: true
  NumTestProcesses: 16
  CPU_INTEGER_MATH: 66234.172333333336
  CPU_FLOATINGPOINT_MATH: 36568.057815662185
  CPU_PRIME: 129.68948587570236
  CPU_SORTING: 35935.192111707409
  CPU_ENCRYPTION: 17164.705077176095
  CPU_COMPRESSION: 255769.70043828391
  CPU_SINGLETHREAD: 2379.1695820774767
  CPU_PHYSICS: 2515.5392238741219
  CPU_MATRIX_MULT_SSE: 14832.399176349893
  CPU_mm: 1791.3799483857731
  CPU_sse: 7613.6326853554983
  CPU_fma: 20659.730090825771
  CPU_avx: 16223.834752868403
  CPU_avx512: 0
  m_CPU_enc_SHA: 24867506707.65057
  m_CPU_enc_AES: 15900832566.210464
  m_CPU_enc_ECDSA: 13227154099.153967
  ME_ALLOC_S: 6995.8947795950317
  ME_READ_S: 23924.137500000001
  ME_READ_L: 16268.6640625
  ME_WRITE: 16532.69921875
  ME_LARGE: 5728.083333333333
  ME_LATENCY: 63.803552252510855
  ME_THREADED: 72976.041748046875
  SUMM_CPU: 22027.201546397318
  SUMM_ME: 2344.0651332374832
SystemInformation:
  OSName: Ubuntu 24.04.1 LTS
  Kernel: 6.8.0-1015-gcp
  Device: ""
  Processor: AMD EPYC 7B13
  NumSockets: 1
  Manufacturer: AuthenticAMD
  NumCores: 8
  NumLogicals: 16
  CPUFrequency: 0
  Memory: 15986
  MemModuleInfo:
    iNumMemSticks: 1
    DIMM 1:
      manufacturer: ""
      modulePartNo: ""
      memType: RAM
      size: 16
      clkspeed: 0
      moduleVoltage: 0
Checksum: 73F0647D809091400AF64A79E63CAB8733ECE346