BaselineInfo:
  WebDBID: -1
  TimeStamp: 20241107185826
Version:
  Major: 11
  Minor: 0
  Build: 1002
  SpecialBuildName: ""
  ptArchitecture: x86_64_linux
Results:
  Results Complete: true
  NumTestProcesses: 8
  CPU_INTEGER_MATH: 28745.959333333336
  CPU_FLOATINGPOINT_MATH: 23731.737738570184
  CPU_PRIME: 86.863874106343744
  CPU_SORTING: 17443.721029466949
  CPU_ENCRYPTION: 3700.6477603737812
  CPU_COMPRESSION: 145522.07832204871
  CPU_SINGLETHREAD: 1798.5945415228671
  CPU_PHYSICS: 1305.794772417034
  CPU_MATRIX_MULT_SSE: 12239.285286808472
  CPU_mm: 1325.6903491045316
  CPU_sse: 4933.5711463313937
  CPU_fma: 16344.486058366319
  CPU_avx: 10918.024508317658
  CPU_avx512: 16761.059434218514
  m_CPU_enc_SHA: 2035106985.8743408
  m_CPU_enc_AES: 7823027702.1718731
  m_CPU_enc_ECDSA: 1783096589.89888
  ME_ALLOC_S: 5326.1166398642517
  ME_READ_S: 21761.165820312501
  ME_READ_L: 11482.5771484375
  ME_WRITE: 9370.2451171875
  ME_LARGE: 22051.25
  ME_LATENCY: 49.403172100403054
  ME_THREADED: 64253.005859375
  SUMM_CPU: 11061.621770340087
  SUMM_ME: 2502.8264194041176
SystemInformation:
  OSName: Ubuntu 24.04.1 LTS
  Kernel: 6.8.0-1017-azure
  Device: ""
  Processor: Intel Xeon Platinum 8272CL CPU @ 2.60GHz
  NumSockets: 1
  Manufacturer: GenuineIntel
  NumCores: 8
  NumLogicals: 8
  CPUFrequency: 0
  Memory: 32092
  MemModuleInfo:
    iNumMemSticks: 2
    DIMM 1:
      manufacturer: Microsoft Corporation
      modulePartNo: None
      memType: Unknown
      size: 1
      clkspeed: 0
      moduleVoltage: 0
    DIMM 2:
      manufacturer: Microsoft Corporation
      modulePartNo: None
      memType: Unknown
      size: 31
      clkspeed: 0
      moduleVoltage: 0
Checksum: A905E655F6068D08D3D210375F519571AECF0C70