---
system-info:
      stress-ng-version: 0.17.08
      run-by: root
      date-yyyy-mm-dd: 2024:09:16
      time-hh-mm-ss: 10:22:34
      epoch-secs: 1726482154
      hostname: sc-runner
      sysname: Linux
      nodename: sc-runner
      release: 6.8.0-1014-azure
      version: '#16-Ubuntu SMP Thu Aug 15 21:06:50 UTC 2024'
      machine: aarch64
      compiler: 'musl-gcc 13.2.1'
      uptime: 325
      totalram: 67294597120
      freeram: 57206874112
      sharedram: 38146048
      bufferram: 235900928
      totalswap: 0
      freeswap: 0
      pagesize: 4096
      cpus: 8
      cpus-online: 8
      ticks-per-second: 100

metrics:
    - stressor: cpu
      bogo-ops: 36449
      bogo-ops-per-second-usr-sys-time: 1822.499116
      bogo-ops-per-second-real-time: 1822.446372
      wall-clock-time: 20.000040
      user-time: 19.999461
      system-time: 0.000000
      cpu-usage-per-instance: 99.997106
      max-rss: 1320

...
