---
system-info:
      stress-ng-version: 0.17.08
      run-by: root
      date-yyyy-mm-dd: 2024:06:06
      time-hh-mm-ss: 21:21:03
      epoch-secs: 1717708863
      hostname: 7f0699989649
      sysname: Linux
      nodename: 7f0699989649
      release: 6.8.0-1008-aws
      version: '#8-Ubuntu SMP Sat Apr 20 00:46:25 UTC 2024'
      machine: x86_64
      compiler: 'musl-gcc 13.2.1'
      uptime: 125
      totalram: 133616553984
      freeram: 129096511488
      sharedram: 41050112
      bufferram: 87146496
      totalswap: 0
      freeswap: 0
      pagesize: 4096
      cpus: 32
      cpus-online: 32
      ticks-per-second: 100

metrics:
    - stressor: cpu
      bogo-ops: 14379
      bogo-ops-per-second-usr-sys-time: 1437.725891
      bogo-ops-per-second-real-time: 1437.736561
      wall-clock-time: 10.001137
      user-time: 10.000212
      system-time: 0.000999
      cpu-usage-per-instance: 100.000742
      max-rss: 3848

...
