---
system-info:
      stress-ng-version: 0.17.08
      run-by: root
      date-yyyy-mm-dd: 2024:06:14
      time-hh-mm-ss: 13:04:34
      epoch-secs: 1718370274
      hostname: dc02204d0f73
      sysname: Linux
      nodename: dc02204d0f73
      release: 6.8.0-1008-aws
      version: '#8-Ubuntu SMP Sat Apr 20 00:46:25 UTC 2024'
      machine: x86_64
      compiler: 'musl-gcc 13.2.1'
      uptime: 171
      totalram: 133616558080
      freeram: 128859209728
      sharedram: 41050112
      bufferram: 108888064
      totalswap: 0
      freeswap: 0
      pagesize: 4096
      cpus: 32
      cpus-online: 32
      ticks-per-second: 100

metrics:
    - stressor: cpu
      bogo-ops: 26528
      bogo-ops-per-second-usr-sys-time: 1326.393036
      bogo-ops-per-second-real-time: 1326.395699
      wall-clock-time: 20.000065
      user-time: 20.000105
      system-time: 0.000000
      cpu-usage-per-instance: 100.000201
      max-rss: 776

...
