BaselineInfo:
  WebDBID: -1
  TimeStamp: 20241114172737
Version:
  Major: 11
  Minor: 0
  Build: 1002
  SpecialBuildName: ""
  ptArchitecture: x86_64_linux
Results:
  Results Complete: true
  NumTestProcesses: 8
  CPU_INTEGER_MATH: 23794.679666666667
  CPU_FLOATINGPOINT_MATH: 17354.54225076472
  CPU_PRIME: 47.650847282942081
  CPU_SORTING: 11613.469193217985
  CPU_ENCRYPTION: 3163.8498371799019
  CPU_COMPRESSION: 106759.4664724164
  CPU_SINGLETHREAD: 1470.2076255047555
  CPU_PHYSICS: 857.05983427358694
  CPU_MATRIX_MULT_SSE: 7631.8618355624922
  CPU_mm: 813.15619771637307
  CPU_sse: 3332.3377604413145
  CPU_fma: 10633.635939976873
  CPU_avx: 6730.221866918725
  CPU_avx512: 9831.2517749130602
  m_CPU_enc_SHA: 1608000654.3221464
  m_CPU_enc_AES: 7020875191.7531004
  m_CPU_enc_ECDSA: 1323735174.5370121
  ME_ALLOC_S: 2820.7828534814003
  ME_READ_S: 16120.133984374999
  ME_READ_L: 7540.44775390625
  ME_WRITE: 8214.02734375
  ME_LARGE: 6687.416666666667
  ME_LATENCY: 88.0752009065463
  ME_THREADED: 44944.19091796875
  SUMM_CPU: 8296.2978660773861
  SUMM_ME: 1564.257734656127
SystemInformation:
  OSName: Ubuntu 24.04.1 LTS
  Kernel: 6.8.0-45-generic
  Device: ""
  Processor: Intel Xeon Processor (Skylake, IBRS, no TSX)
  NumSockets: 1
  Manufacturer: GenuineIntel
  NumCores: 8
  NumLogicals: 8
  CPUFrequency: 0
  Memory: 15613
  MemModuleInfo:
    iNumMemSticks: 1
    DIMM 1:
      manufacturer: QEMU
      modulePartNo: Not Specified
      memType: RAM
      size: 16000
      clkspeed: 0
      moduleVoltage: 0
Checksum: 263706F6A5DFF79D19660CEC451E00441B79564A