BaselineInfo:
  WebDBID: -1
  TimeStamp: 20241106224002
Version:
  Major: 11
  Minor: 0
  Build: 1002
  SpecialBuildName: ""
  ptArchitecture: x86_64_linux
Results:
  Results Complete: true
  NumTestProcesses: 8
  CPU_INTEGER_MATH: 27081.600999999999
  CPU_FLOATINGPOINT_MATH: 19337.65857064585
  CPU_PRIME: 72.778630795164062
  CPU_SORTING: 15811.932351904758
  CPU_ENCRYPTION: 3544.3675997481478
  CPU_COMPRESSION: 135672.86566735286
  CPU_SINGLETHREAD: 1731.5359820034628
  CPU_PHYSICS: 1124.7040933221886
  CPU_MATRIX_MULT_SSE: 9428.6010945329217
  CPU_mm: 1189.4169647201277
  CPU_sse: 4402.7288546258751
  CPU_fma: 12727.059229489518
  CPU_avx: 8585.0949649205941
  CPU_avx512: 11999.521329095696
  m_CPU_enc_SHA: 1929142900.8188448
  m_CPU_enc_AES: 7561099998.5021429
  m_CPU_enc_ECDSA: 1659373501.4995532
  ME_ALLOC_S: 4878.3651113362321
  ME_READ_S: 20827.623242187499
  ME_READ_L: 10929.1015625
  ME_WRITE: 9556.0595703125
  ME_LARGE: 5770.416666666667
  ME_LATENCY: 55.749962836965892
  ME_THREADED: 63564.82861328125
  SUMM_CPU: 9993.2968711360663
  SUMM_ME: 2140.9881759995583
SystemInformation:
  OSName: Ubuntu 24.04.1 LTS
  Kernel: 6.8.0-45-generic
  Device: ""
  Processor: Intel Xeon Processor (Skylake, IBRS, no TSX)
  NumSockets: 1
  Manufacturer: GenuineIntel
  NumCores: 8
  NumLogicals: 8
  CPUFrequency: 0
  Memory: 15613
  MemModuleInfo:
    iNumMemSticks: 1
    DIMM 1:
      manufacturer: QEMU
      modulePartNo: Not Specified
      memType: RAM
      size: 16000
      clkspeed: 0
      moduleVoltage: 0
Checksum: 6CD3B1DBF3981E57A28EF2E7070CA680816F2D9E