BaselineInfo:
  WebDBID: -1
  TimeStamp: 20241115100044
Version:
  Major: 11
  Minor: 0
  Build: 1002
  SpecialBuildName: ""
  ptArchitecture: x86_64_linux
Results:
  Results Complete: true
  NumTestProcesses: 8
  CPU_INTEGER_MATH: 23230.631999999998
  CPU_FLOATINGPOINT_MATH: 14214.235254805018
  CPU_PRIME: 35.87385410654003
  CPU_SORTING: 10301.240234537087
  CPU_ENCRYPTION: 2971.4387808737274
  CPU_COMPRESSION: 100335.57885661768
  CPU_SINGLETHREAD: 1304.6393527912842
  CPU_PHYSICS: 761.84441023577904
  CPU_MATRIX_MULT_SSE: 6556.9798390781498
  CPU_mm: 634.11692902215702
  CPU_sse: 3001.1245363510161
  CPU_fma: 8358.1812602348054
  CPU_avx: 6119.7206048108619
  CPU_avx512: 8748.8929549159147
  m_CPU_enc_SHA: 1202291228.210237
  m_CPU_enc_AES: 6955345278.9866457
  m_CPU_enc_ECDSA: 1189701666.0834639
  ME_ALLOC_S: 3096.5006153691384
  ME_READ_S: 14402.10546875
  ME_READ_L: 8056.724609375
  ME_WRITE: 8021.43212890625
  ME_LARGE: 6684.5
  ME_LATENCY: 66.823267020697742
  ME_THREADED: 52415.58251953125
  SUMM_CPU: 7464.0870065636736
  SUMM_ME: 1726.4014905438853
SystemInformation:
  OSName: Ubuntu 24.04.1 LTS
  Kernel: 6.8.0-45-generic
  Device: ""
  Processor: Intel Xeon Processor (Skylake, IBRS, no TSX)
  NumSockets: 1
  Manufacturer: GenuineIntel
  NumCores: 8
  NumLogicals: 8
  CPUFrequency: 0
  Memory: 15613
  MemModuleInfo:
    iNumMemSticks: 1
    DIMM 1:
      manufacturer: QEMU
      modulePartNo: Not Specified
      memType: RAM
      size: 16000
      clkspeed: 0
      moduleVoltage: 0
Checksum: 20F1EC3B8752C25D8136A0C2184A993B7E5282B5