---
system-info:
      stress-ng-version: 0.17.08
      run-by: root
      date-yyyy-mm-dd: 2024:06:15
      time-hh-mm-ss: 06:55:32
      epoch-secs: 1718434532
      hostname: a3ebb7cd2a62
      sysname: Linux
      nodename: a3ebb7cd2a62
      release: 6.8.0-1008-aws
      version: '#8-Ubuntu SMP Sat Apr 20 02:43:14 UTC 2024'
      machine: aarch64
      compiler: 'musl-gcc 13.2.1'
      uptime: 133
      totalram: 269699964928
      freeram: 264634687488
      sharedram: 35504128
      bufferram: 109150208
      totalswap: 0
      freeswap: 0
      pagesize: 4096
      cpus: 64
      cpus-online: 64
      ticks-per-second: 100

metrics:
    - stressor: cpu
      bogo-ops: 30710
      bogo-ops-per-second-usr-sys-time: 1535.474281
      bogo-ops-per-second-real-time: 1535.494765
      wall-clock-time: 20.000068
      user-time: 20.000335
      system-time: 0.000000
      cpu-usage-per-instance: 100.001334
      max-rss: 512

...
