---
system-info:
      stress-ng-version: 0.17.08
      run-by: root
      date-yyyy-mm-dd: 2024:06:08
      time-hh-mm-ss: 22:19:28
      epoch-secs: 1717885168
      hostname: 3be1ac05fc66
      sysname: Linux
      nodename: 3be1ac05fc66
      release: 6.8.0-1008-aws
      version: '#8-Ubuntu SMP Sat Apr 20 02:43:14 UTC 2024'
      machine: aarch64
      compiler: 'musl-gcc 13.2.1'
      uptime: 116
      totalram: 269699969024
      freeram: 264494039040
      sharedram: 35504128
      bufferram: 105811968
      totalswap: 0
      freeswap: 0
      pagesize: 4096
      cpus: 64
      cpus-online: 64
      ticks-per-second: 100

metrics:
    - stressor: cpu
      bogo-ops: 4267
      bogo-ops-per-second-usr-sys-time: 425.603518
      bogo-ops-per-second-real-time: 425.595359
      wall-clock-time: 10.025955
      user-time: 10.024764
      system-time: 0.000999
      cpu-usage-per-instance: 99.998083
      max-rss: 3584

...
