BaselineInfo:
  WebDBID: -1
  TimeStamp: 20260714185158
Version:
  Major: 11
  Minor: 0
  Build: 1004
  SpecialBuildName: ""
  ptArchitecture: x86_64_linux
Results:
  Results Complete: true
  NumTestProcesses: 4
  CPU_INTEGER_MATH: 14054.165999999999
  CPU_FLOATINGPOINT_MATH: 10080.356751581669
  CPU_PRIME: 51.66908821656321
  CPU_SORTING: 9382.9039200793886
  CPU_ENCRYPTION: 1215.5004187478562
  CPU_COMPRESSION: 66376.04755261344
  CPU_SINGLETHREAD: 1872.5863628122743
  CPU_PHYSICS: 646.99370823887693
  CPU_MATRIX_MULT_SSE: 4423.3876284936305
  CPU_mm: 613.46184208568025
  CPU_sse: 2435.6714626768357
  CPU_fma: 6298.561246988671
  CPU_avx: 4535.9301758153852
  CPU_avx512: 0
  m_CPU_enc_SHA: 852061588.31439376
  m_CPU_enc_AES: 2205550098.2365646
  m_CPU_enc_ECDSA: 766022014.71589863
  ME_ALLOC_S: 2257.7664431693156
  ME_READ_S: 22539.975195312501
  ME_READ_L: 6639.9267578125
  ME_WRITE: 5027.47705078125
  ME_LARGE: 50501.833333333336
  ME_LATENCY: 69.075185125322264
  ME_THREADED: 18725.365234375
  SUMM_CPU: 4880.0210643113496
  SUMM_ME: 1657.2587851332057
SystemInformation:
  OSName: Ubuntu 24.04.4 LTS
  Kernel: 6.8.0-106-generic
  Device: ""
  Processor: Intel Core Processor (Haswell, no TSX)
  NumSockets: 4
  Manufacturer: GenuineIntel
  NumCores: 4
  NumLogicals: 4
  CPUFrequency: 7
  CPUMaxFrequency: 832
  Memory: 58854
  CPUInfo:
    number: 4
    Family: 6
    Model: 12
    stepping: 1
    features: 126614527
    manufacture: GenuineIntel
    typestring: Intel Core Processor (Haswell, no TSX)
    iCoresPerPackage: 1
    iThreadsPerPackage: 1
    featuresEx:
      - 126614527
      - 4294586915
      - 672139264
    bHybrid: false
    nPCore: 0
    nLogicalsPerPCore: 0
    nECore: 0
    nLogicalsPerECore: 0
  MemModuleInfo:
    iNumMemSticks: 1
    DIMM 1:
      manufacturer: QEMU
      modulePartNo: Not Specified
      memType: RAM
      size: 60000
      clkspeed: 0
      moduleVoltage: 0
Checksum: 88D3072D23CDCFB582B6A5C97E4083A3ED538D49