BaselineInfo:
  WebDBID: -1
  TimeStamp: 20260714213414
Version:
  Major: 11
  Minor: 0
  Build: 1004
  SpecialBuildName: ""
  ptArchitecture: x86_64_linux
Results:
  Results Complete: true
  NumTestProcesses: 4
  CPU_INTEGER_MATH: 12693.048666666667
  CPU_FLOATINGPOINT_MATH: 8906.5219777811017
  CPU_PRIME: 36.644502519920181
  CPU_SORTING: 8469.0127829972753
  CPU_ENCRYPTION: 1156.5986302030678
  CPU_COMPRESSION: 60541.314647594598
  CPU_SINGLETHREAD: 1627.6072919198657
  CPU_PHYSICS: 519.04030172254807
  CPU_MATRIX_MULT_SSE: 4014.5930718227892
  CPU_mm: 555.82235551811414
  CPU_sse: 2155.138129619806
  CPU_fma: 5713.8473149006713
  CPU_avx: 4174.7937709478883
  CPU_avx512: 0
  m_CPU_enc_SHA: 787726672.73009956
  m_CPU_enc_AES: 2132338908.5751817
  m_CPU_enc_ECDSA: 718279114.48615527
  ME_ALLOC_S: 2177.5156156142175
  ME_READ_S: 19176.066210937501
  ME_READ_L: 8820.1572265625
  ME_WRITE: 8271.9794921875
  ME_LARGE: 50752.25
  ME_LATENCY: 59.192820815214752
  ME_THREADED: 22749.9296875
  SUMM_CPU: 4424.9850646609257
  SUMM_ME: 1967.5374202551404
SystemInformation:
  OSName: Ubuntu 24.04.4 LTS
  Kernel: 6.8.0-106-generic
  Device: ""
  Processor: Intel Core Processor (Haswell, no TSX)
  NumSockets: 4
  Manufacturer: GenuineIntel
  NumCores: 4
  NumLogicals: 4
  CPUFrequency: 7
  CPUMaxFrequency: 832
  Memory: 58854
  CPUInfo:
    number: 4
    Family: 6
    Model: 12
    stepping: 1
    features: 126614527
    manufacture: GenuineIntel
    typestring: Intel Core Processor (Haswell, no TSX)
    iCoresPerPackage: 1
    iThreadsPerPackage: 1
    featuresEx:
      - 126614527
      - 4294586915
      - 672139264
    bHybrid: false
    nPCore: 0
    nLogicalsPerPCore: 0
    nECore: 0
    nLogicalsPerECore: 0
  MemModuleInfo:
    iNumMemSticks: 1
    DIMM 1:
      manufacturer: QEMU
      modulePartNo: Not Specified
      memType: RAM
      size: 60000
      clkspeed: 0
      moduleVoltage: 0
Checksum: 388C0D8E06A90E828BDB8A114C975CE23852C97F