BaselineInfo:
  WebDBID: -1
  TimeStamp: 20251217234915
Version:
  Major: 11
  Minor: 0
  Build: 1002
  SpecialBuildName: ""
  ptArchitecture: x86_64_linux
Results:
  Results Complete: true
  NumTestProcesses: 4
  CPU_INTEGER_MATH: 12412.693333333333
  CPU_FLOATINGPOINT_MATH: 8996.8475127597358
  CPU_PRIME: 36.435320580781372
  CPU_SORTING: 8540.9611062141939
  CPU_ENCRYPTION: 1169.6042136576498
  CPU_COMPRESSION: 62782.18259914263
  CPU_SINGLETHREAD: 1631.693770778302
  CPU_PHYSICS: 523.45740942193413
  CPU_MATRIX_MULT_SSE: 3974.0272827291183
  CPU_mm: 543.12861128346924
  CPU_sse: 2191.9623760542877
  CPU_fma: 5797.2614328346599
  CPU_avx: 3932.8580392984054
  CPU_avx512: 0
  m_CPU_enc_SHA: 829374447.18191171
  m_CPU_enc_AES: 2125183248.8166425
  m_CPU_enc_ECDSA: 724699027.82229733
  ME_ALLOC_S: 2246.3422858856802
  ME_READ_S: 18822.3583984375
  ME_READ_L: 8262.76171875
  ME_WRITE: 8104.70751953125
  ME_LARGE: 49297.916666666664
  ME_LATENCY: 54.745569926178028
  ME_THREADED: 28474.30078125
  SUMM_CPU: 4451.4047058123542
  SUMM_ME: 2024.5182761440999
SystemInformation:
  OSName: Ubuntu 24.04.2 LTS
  Kernel: 6.8.0-86-generic
  Device: ""
  Processor: Intel Core Processor (Haswell, no TSX)
  NumSockets: 4
  Manufacturer: GenuineIntel
  NumCores: 4
  NumLogicals: 4
  CPUFrequency: 0
  Memory: 58854
  MemModuleInfo:
    iNumMemSticks: 1
    DIMM 1:
      manufacturer: QEMU
      modulePartNo: Not Specified
      memType: RAM
      size: 60000
      clkspeed: 0
      moduleVoltage: 0
Checksum: 29B6F2F5960D42A70CE41D1C336D76E59CEDE176