BaselineInfo:
  WebDBID: -1
  TimeStamp: 20260404214459
Version:
  Major: 11
  Minor: 0
  Build: 1004
  SpecialBuildName: ""
  ptArchitecture: x86_64_linux
Results:
  Results Complete: true
  NumTestProcesses: 16
  CPU_INTEGER_MATH: 48174.896333333338
  CPU_FLOATINGPOINT_MATH: 25831.301838839481
  CPU_PRIME: 68.555515593217635
  CPU_SORTING: 29265.858417695927
  CPU_ENCRYPTION: 6664.9115053733658
  CPU_COMPRESSION: 222370.11498414131
  CPU_SINGLETHREAD: 2060.5170453643068
  CPU_PHYSICS: 1318.8302291500638
  CPU_MATRIX_MULT_SSE: 13077.266426198306
  CPU_mm: 1465.4846978237729
  CPU_sse: 5196.091904157458
  CPU_fma: 16794.539329572865
  CPU_avx: 11878.796015771788
  CPU_avx512: 18439.638455291111
  m_CPU_enc_SHA: 2175649295.1081591
  m_CPU_enc_AES: 16815176029.855553
  m_CPU_enc_ECDSA: 1975173415.0114408
  ME_ALLOC_S: 4837.2302876604181
  ME_READ_S: 22566.051464843749
  ME_READ_L: 7181.61181640625
  ME_WRITE: 7670.6845703125
  ME_LARGE: 18629.75
  ME_LATENCY: 76.980058844472623
  ME_THREADED: 68895.384765625
  SUMM_CPU: 15463.519799895696
  SUMM_ME: 1866.2745660644143
SystemInformation:
  OSName: Ubuntu 24.04.4 LTS
  Kernel: 6.8.0-106-generic
  Device: ""
  Processor: Intel(R) Xeon(R) Gold 6149 CPU @ 3.10GHz
  NumSockets: 1
  Manufacturer: GenuineIntel
  NumCores: 8
  NumLogicals: 16
  CPUFrequency: 3100
  CPUMaxFrequency: 3400
  Memory: 31709
  CPUInfo:
    number: 1
    Family: 6
    Model: 5
    stepping: 4
    features: 529267711
    manufacture: GenuineIntel
    typestring: Intel(R) Xeon(R) Gold 6149 CPU @ 3.10GHz
    iCoresPerPackage: 8
    iThreadsPerPackage: 2
    featuresEx:
      - 529267711
      - 4294586883
      - 739248128
    bHybrid: false
    nPCore: 0
    nLogicalsPerPCore: 0
    nECore: 0
    nLogicalsPerECore: 0
  MemModuleInfo:
    iNumMemSticks: 2
    DIMM 1:
      manufacturer: Alibaba Cloud
      modulePartNo: Not Specified
      memType: RAM
      size: 16
      clkspeed: 0
      moduleVoltage: 0
    DIMM 2:
      manufacturer: Alibaba Cloud
      modulePartNo: Not Specified
      memType: RAM
      size: 16
      clkspeed: 0
      moduleVoltage: 0
Checksum: BE4D963033E7165A5A0A294224A5F09B68ADF127