---
system-info:
      stress-ng-version: 0.17.08
      run-by: root
      date-yyyy-mm-dd: 2024:06:06
      time-hh-mm-ss: 20:24:56
      epoch-secs: 1717705496
      hostname: f2852be40d84
      sysname: Linux
      nodename: f2852be40d84
      release: 6.8.0-1008-aws
      version: '#8-Ubuntu SMP Sat Apr 20 00:46:25 UTC 2024'
      machine: x86_64
      compiler: 'musl-gcc 13.2.1'
      uptime: 159
      totalram: 32067801088
      freeram: 27877064704
      sharedram: 32800768
      bufferram: 88174592
      totalswap: 0
      freeswap: 0
      pagesize: 4096
      cpus: 4
      cpus-online: 4
      ticks-per-second: 100

metrics:
    - stressor: cpu
      bogo-ops: 32990
      bogo-ops-per-second-usr-sys-time: 829.810078
      bogo-ops-per-second-real-time: 3298.626002
      wall-clock-time: 10.001134
      user-time: 39.749091
      system-time: 0.006994
      cpu-usage-per-instance: 99.378945
      max-rss: 4048

...
