---
system-info:
      stress-ng-version: 0.17.08
      run-by: root
      date-yyyy-mm-dd: 2024:06:13
      time-hh-mm-ss: 03:56:14
      epoch-secs: 1718250974
      hostname: 0c47d389d92c
      sysname: Linux
      nodename: 0c47d389d92c
      release: 6.8.0-1008-aws
      version: '#8-Ubuntu SMP Sat Apr 20 00:46:25 UTC 2024'
      machine: x86_64
      compiler: 'musl-gcc 13.2.1'
      uptime: 159
      totalram: 32067796992
      freeram: 27703013376
      sharedram: 32800768
      bufferram: 112463872
      totalswap: 0
      freeswap: 0
      pagesize: 4096
      cpus: 4
      cpus-online: 4
      ticks-per-second: 100

metrics:
    - stressor: cpu
      bogo-ops: 41490
      bogo-ops-per-second-usr-sys-time: 521.889169
      bogo-ops-per-second-real-time: 2074.485323
      wall-clock-time: 20.000142
      user-time: 79.494660
      system-time: 0.004978
      cpu-usage-per-instance: 99.373844
      max-rss: 1104

...
