BaselineInfo:
  WebDBID: -1
  TimeStamp: 20260430122312
Version:
  Major: 11
  Minor: 0
  Build: 1004
  SpecialBuildName: ""
  ptArchitecture: x86_64_linux
Results:
  Results Complete: true
  NumTestProcesses: 32
  CPU_INTEGER_MATH: 78760.086999999985
  CPU_FLOATINGPOINT_MATH: 48433.4767964028
  CPU_PRIME: 142.38710628917127
  CPU_SORTING: 49018.898447079235
  CPU_ENCRYPTION: 10928.186197019815
  CPU_COMPRESSION: 363130.89001837402
  CPU_SINGLETHREAD: 1741.4849086806048
  CPU_PHYSICS: 2504.700189859786
  CPU_MATRIX_MULT_SSE: 9124.2580324149003
  CPU_mm: 2448.2294833216251
  CPU_sse: 9124.2580324149003
  CPU_fma: 0
  CPU_avx: 0
  CPU_avx512: 0
  m_CPU_enc_SHA: 3561459069.9390321
  m_CPU_enc_AES: 27586840833.762341
  m_CPU_enc_ECDSA: 3228801405.4773736
  ME_ALLOC_S: 8321.3293782270066
  ME_READ_S: 19345.544726562501
  ME_READ_L: 7031.62841796875
  ME_WRITE: 7364.51806640625
  ME_LARGE: 108017.41666666667
  ME_LATENCY: 77.407431877738347
  ME_THREADED: 118126.33666992188
  SUMM_CPU: 21092.782393879235
  SUMM_ME: 1887.734809338903
SystemInformation:
  OSName: Ubuntu 24.04.4 LTS
  Kernel: 6.8.0-107-generic
  Device: ""
  Processor: Intel(R) Xeon(R) Platinum 8163 CPU @ 2.50GHz
  NumSockets: 1
  Manufacturer: GenuineIntel
  NumCores: 16
  NumLogicals: 32
  CPUFrequency: 2500
  CPUMaxFrequency: 3100
  Memory: 128295
  CPUInfo:
    number: 1
    Family: 6
    Model: 5
    stepping: 4
    features: 529267711
    manufacture: GenuineIntel
    typestring: Intel(R) Xeon(R) Platinum 8163 CPU @ 2.50GHz
    iCoresPerPackage: 0
    iThreadsPerPackage: 0
    featuresEx:
      - 529267711
      - 4160369155
      - 739248128
    bHybrid: false
    nPCore: 0
    nLogicalsPerPCore: 0
    nECore: 0
    nLogicalsPerECore: 0
  MemModuleInfo:
    iNumMemSticks: 8
    DIMM 1:
      manufacturer: Alibaba Cloud
      modulePartNo: Not Specified
      memType: RAM
      size: 16
      clkspeed: 0
      moduleVoltage: 0
    DIMM 2:
      manufacturer: Alibaba Cloud
      modulePartNo: Not Specified
      memType: RAM
      size: 16
      clkspeed: 0
      moduleVoltage: 0
    DIMM 3:
      manufacturer: Alibaba Cloud
      modulePartNo: Not Specified
      memType: RAM
      size: 16
      clkspeed: 0
      moduleVoltage: 0
    DIMM 4:
      manufacturer: Alibaba Cloud
      modulePartNo: Not Specified
      memType: RAM
      size: 16
      clkspeed: 0
      moduleVoltage: 0
    DIMM 5:
      manufacturer: Alibaba Cloud
      modulePartNo: Not Specified
      memType: RAM
      size: 16
      clkspeed: 0
      moduleVoltage: 0
    DIMM 6:
      manufacturer: Alibaba Cloud
      modulePartNo: Not Specified
      memType: RAM
      size: 16
      clkspeed: 0
      moduleVoltage: 0
    DIMM 7:
      manufacturer: Alibaba Cloud
      modulePartNo: Not Specified
      memType: RAM
      size: 16
      clkspeed: 0
      moduleVoltage: 0
    DIMM 8:
      manufacturer: Alibaba Cloud
      modulePartNo: Not Specified
      memType: RAM
      size: 16
      clkspeed: 0
      moduleVoltage: 0
Checksum: CA2F46BC824FA2EBA8296AF235264E72EE8CE964