---
system-info:
      stress-ng-version: 0.17.08
      run-by: root
      date-yyyy-mm-dd: 2024:07:12
      time-hh-mm-ss: 11:53:38
      epoch-secs: 1720785218
      hostname: ip-172-31-59-93
      sysname: Linux
      nodename: ip-172-31-59-93
      release: 6.8.0-1010-aws
      version: '#10-Ubuntu SMP Thu Jun 13 17:36:15 UTC 2024'
      machine: x86_64
      compiler: 'musl-gcc 13.2.1'
      uptime: 118
      totalram: 794243944448
      freeram: 788713263104
      sharedram: 37965824
      bufferram: 129556480
      totalswap: 0
      freeswap: 0
      pagesize: 4096
      cpus: 96
      cpus-online: 96
      ticks-per-second: 100

metrics:
    - stressor: cpu
      bogo-ops: 5851021
      bogo-ops-per-second-usr-sys-time: 3049.887235
      bogo-ops-per-second-real-time: 292550.172792
      wall-clock-time: 20.000060
      user-time: 1918.375494
      system-time: 0.062976
      cpu-usage-per-instance: 99.918371
      max-rss: 768

...
