---
system-info:
      stress-ng-version: 0.17.08
      run-by: root
      date-yyyy-mm-dd: 2024:06:09
      time-hh-mm-ss: 20:22:37
      epoch-secs: 1717964557
      hostname: 34e35e5b1260
      sysname: Linux
      nodename: 34e35e5b1260
      release: 6.8.0-1008-aws
      version: '#8-Ubuntu SMP Sat Apr 20 00:46:25 UTC 2024'
      machine: x86_64
      compiler: 'musl-gcc 13.2.1'
      uptime: 112
      totalram: 794243948544
      freeram: 789078216704
      sharedram: 37982208
      bufferram: 113721344
      totalswap: 0
      freeswap: 0
      pagesize: 4096
      cpus: 96
      cpus-online: 96
      ticks-per-second: 100

metrics:
    - stressor: cpu
      bogo-ops: 1467636
      bogo-ops-per-second-usr-sys-time: 1530.113091
      bogo-ops-per-second-real-time: 146747.664310
      wall-clock-time: 10.001086
      user-time: 959.051375
      system-time: 0.116943
      cpu-usage-per-instance: 99.902518
      max-rss: 3072

...
