---
system-info:
      stress-ng-version: 0.17.08
      run-by: root
      date-yyyy-mm-dd: 2024:09:15
      time-hh-mm-ss: 21:02:34
      epoch-secs: 1726434154
      hostname: sc-runner
      sysname: Linux
      nodename: sc-runner
      release: 6.8.0-1014-azure
      version: '#16-Ubuntu SMP Thu Aug 15 20:04:41 UTC 2024'
      machine: x86_64
      compiler: 'musl-gcc 13.2.1'
      uptime: 300
      totalram: 4101033984
      freeram: 238161920
      sharedram: 54878208
      bufferram: 203722752
      totalswap: 0
      freeswap: 0
      pagesize: 4096
      cpus: 2
      cpus-online: 2
      ticks-per-second: 100

metrics:
    - stressor: cpu
      bogo-ops: 37794
      bogo-ops-per-second-usr-sys-time: 1889.774363
      bogo-ops-per-second-real-time: 1889.690764
      wall-clock-time: 20.000098
      user-time: 19.998214
      system-time: 0.000999
      cpu-usage-per-instance: 99.995576
      max-rss: 1232

...
