---
system-info:
      stress-ng-version: 0.17.08
      run-by: root
      date-yyyy-mm-dd: 2024:09:16
      time-hh-mm-ss: 23:41:31
      epoch-secs: 1726530091
      hostname: sc-runner
      sysname: Linux
      nodename: sc-runner
      release: 6.8.0-1014-azure
      version: '#16-Ubuntu SMP Thu Aug 15 20:04:41 UTC 2024'
      machine: x86_64
      compiler: 'musl-gcc 13.2.1'
      uptime: 302
      totalram: 67413925888
      freeram: 56659116032
      sharedram: 55013376
      bufferram: 237899776
      totalswap: 0
      freeswap: 0
      pagesize: 4096
      cpus: 32
      cpus-online: 32
      ticks-per-second: 100

metrics:
    - stressor: cpu
      bogo-ops: 38003
      bogo-ops-per-second-usr-sys-time: 1900.090527
      bogo-ops-per-second-real-time: 1900.147214
      wall-clock-time: 20.000029
      user-time: 19.999626
      system-time: 0.001000
      cpu-usage-per-instance: 100.002983
      max-rss: 3080

...
