---
system-info:
      stress-ng-version: 0.17.08
      run-by: root
      date-yyyy-mm-dd: 2024:07:12
      time-hh-mm-ss: 07:33:48
      epoch-secs: 1720769628
      hostname: ip-172-31-23-29
      sysname: Linux
      nodename: ip-172-31-23-29
      release: 6.8.0-1010-aws
      version: '#10-Ubuntu SMP Thu Jun 13 17:36:15 UTC 2024'
      machine: x86_64
      compiler: 'musl-gcc 13.2.1'
      uptime: 314
      totalram: 260337795072
      freeram: 252075405312
      sharedram: 37404672
      bufferram: 131674112
      totalswap: 0
      freeswap: 0
      pagesize: 4096
      cpus: 64
      cpus-online: 64
      ticks-per-second: 100

metrics:
    - stressor: cpu
      bogo-ops: 61486
      bogo-ops-per-second-usr-sys-time: 3074.350419
      bogo-ops-per-second-real-time: 3074.288419
      wall-clock-time: 20.000075
      user-time: 19.999672
      system-time: 0.000000
      cpu-usage-per-instance: 99.997983
      max-rss: 512

...
