BaselineInfo:
  WebDBID: -1
  TimeStamp: 20241107235813
Version:
  Major: 11
  Minor: 0
  Build: 1002
  SpecialBuildName: ""
  ptArchitecture: x86_64_linux
Results:
  Results Complete: true
  NumTestProcesses: 2
  CPU_INTEGER_MATH: 6174.8936666666668
  CPU_FLOATINGPOINT_MATH: 3317.7757671333238
  CPU_PRIME: 12.472332703971658
  CPU_SORTING: 3285.3507502811181
  CPU_ENCRYPTION: 848.25389541440143
  CPU_COMPRESSION: 27597.925394903654
  CPU_SINGLETHREAD: 1978.9910389723291
  CPU_PHYSICS: 261.6076058965117
  CPU_MATRIX_MULT_SSE: 1681.6040458714324
  CPU_mm: 187.66083579151427
  CPU_sse: 668.79729659716713
  CPU_fma: 2170.654240633593
  CPU_avx: 1529.6156611230274
  CPU_avx512: 2357.3489851319423
  m_CPU_enc_SHA: 279762732.94882107
  m_CPU_enc_AES: 2141307797.351661
  m_CPU_enc_ECDSA: 247305499.61367166
  ME_ALLOC_S: 685.33747320371731
  ME_READ_S: 23986.702343749999
  ME_READ_L: 11239.94140625
  ME_WRITE: 9132.876953125
  ME_LARGE: 54312
  ME_LATENCY: 59.273807349936369
  ME_THREADED: 11234.4462890625
  SUMM_CPU: 2207.6088688980476
  SUMM_ME: 1751.5035583005756
SystemInformation:
  OSName: Ubuntu 24.04.1 LTS
  Kernel: 6.8.0-1017-azure
  Device: ""
  Processor: Intel Xeon Platinum 8272CL CPU @ 2.60GHz
  NumSockets: 1
  Manufacturer: GenuineIntel
  NumCores: 1
  NumLogicals: 2
  CPUFrequency: 0
  Memory: 64301
  MemModuleInfo:
    iNumMemSticks: 3
    DIMM 1:
      manufacturer: Microsoft Corporation
      modulePartNo: None
      memType: Unknown
      size: 1
      clkspeed: 0
      moduleVoltage: 0
    DIMM 2:
      manufacturer: Microsoft Corporation
      modulePartNo: None
      memType: Unknown
      size: 60928
      clkspeed: 0
      moduleVoltage: 0
    DIMM 3:
      manufacturer: Microsoft Corporation
      modulePartNo: None
      memType: Unknown
      size: 3584
      clkspeed: 0
      moduleVoltage: 0
Checksum: 84148D01BD562747CAEC8E218995721A96C5F92C