---
system-info:
      stress-ng-version: 0.17.08
      run-by: root
      date-yyyy-mm-dd: 2024:06:14
      time-hh-mm-ss: 07:54:36
      epoch-secs: 1718351676
      hostname: c5a86d331772
      sysname: Linux
      nodename: c5a86d331772
      release: 6.8.0-1008-aws
      version: '#8-Ubuntu SMP Sat Apr 20 00:46:25 UTC 2024'
      machine: x86_64
      compiler: 'musl-gcc 13.2.1'
      uptime: 101
      totalram: 8112050176
      freeram: 3811254272
      sharedram: 20201472
      bufferram: 106864640
      totalswap: 0
      freeswap: 0
      pagesize: 4096
      cpus: 4
      cpus-online: 4
      ticks-per-second: 100

metrics:
    - stressor: cpu
      bogo-ops: 245326
      bogo-ops-per-second-usr-sys-time: 3078.149264
      bogo-ops-per-second-real-time: 12266.264065
      wall-clock-time: 20.000059
      user-time: 79.690194
      system-time: 0.008995
      cpu-usage-per-instance: 99.623694
      max-rss: 1104

...
