---
system-info:
      stress-ng-version: 0.17.08
      run-by: root
      date-yyyy-mm-dd: 2024:06:06
      time-hh-mm-ss: 14:21:27
      epoch-secs: 1717683687
      hostname: f9b1977227ce
      sysname: Linux
      nodename: f9b1977227ce
      release: 6.8.0-1008-aws
      version: '#8-Ubuntu SMP Sat Apr 20 00:46:25 UTC 2024'
      machine: x86_64
      compiler: 'musl-gcc 13.2.1'
      uptime: 91
      totalram: 8112050176
      freeram: 3988168704
      sharedram: 20201472
      bufferram: 83775488
      totalswap: 0
      freeswap: 0
      pagesize: 4096
      cpus: 4
      cpus-online: 4
      ticks-per-second: 100

metrics:
    - stressor: cpu
      bogo-ops: 70018
      bogo-ops-per-second-usr-sys-time: 1756.964473
      bogo-ops-per-second-real-time: 7001.507040
      wall-clock-time: 10.000418
      user-time: 39.842695
      system-time: 0.008993
      cpu-usage-per-instance: 99.625051
      max-rss: 3920

...
