size_kb,operation,bandwidth_mb_s,latency_ns,latency_stddev_ns,latency_samples,threads,iterations,elapsed_s
32,read,1200259.51,0,0,0,16,435540,0.181436
32,write,1354658.33,0,0,0,16,626565,0.231263
32,copy,999327.38,0,0,0,16,363372,0.181808
32,latency,0,2.15,0.00,7,1,7,0.308795
128,read,990533.57,0,0,0,16,137741,0.278115
128,write,1216022.03,0,0,0,16,154225,0.253655
128,copy,747441.39,0,0,0,16,104777,0.280362
128,latency,0,2.85,0.00,7,1,7,0.655066
1024,read,896034.57,0,0,0,16,18185,0.324720
1024,write,1178529.24,0,0,0,16,21063,0.285956
1024,copy,479107.48,0,0,0,16,12598,0.420716
1024,latency,0,5.21,0.01,7,1,7,0.696361
2048,read,715348.14,0,0,0,16,7086,0.316981
2048,write,1135641.12,0,0,0,16,10348,0.291585
2048,copy,247375.27,0,0,0,16,4518,0.584440
2048,latency,0,9.98,0.08,7,1,7,0.629883
4096,read,403451.48,0,0,0,16,2521,0.399909
4096,write,567964.50,0,0,0,16,4962,0.559134
4096,copy,196196.61,0,0,0,16,1763,0.575097
4096,latency,0,17.20,8.97,21,1,21,0.993793
8192,read,345145.59,0,0,0,16,975,0.361587
8192,write,390954.41,0,0,0,16,2165,0.708829
8192,copy,169135.86,0,0,0,16,702,0.531265
8192,latency,0,61.59,14.65,21,1,21,3.364893
16384,read,308045.34,0,0,0,16,446,0.370647
16384,write,337808.50,0,0,0,16,1021,0.773740
16384,copy,151451.08,0,0,0,16,371,0.627107
16384,latency,0,101.10,2.25,7,1,7,1.098192
32768,read,295964.89,0,0,0,16,214,0.370206
32768,write,314527.90,0,0,0,16,516,0.839964
32768,copy,147171.01,0,0,0,16,198,0.688831
32768,latency,0,109.72,0.55,7,1,7,2.464292
65536,read,288855.70,0,0,0,16,110,0.389952
65536,write,297056.64,0,0,0,16,224,0.772163
65536,copy,145902.82,0,0,0,16,100,0.701837
65536,latency,0,112.19,0.40,7,1,7,5.151943
131072,read,289338.23,0,0,0,16,59,0.417615
131072,write,282139.41,0,0,0,16,120,0.871059
131072,copy,146609.06,0,0,0,16,51,0.712425
131072,latency,0,114.53,0.36,7,1,7,10.594165
