---
system-info:
      stress-ng-version: 0.17.08
      run-by: root
      date-yyyy-mm-dd: 2024:06:07
      time-hh-mm-ss: 23:27:39
      epoch-secs: 1717802859
      hostname: 15412bceddaf
      sysname: Linux
      nodename: 15412bceddaf
      release: 6.8.0-31-generic
      version: '#31-Ubuntu SMP PREEMPT_DYNAMIC Sat Apr 20 00:40:06 UTC 2024'
      machine: x86_64
      compiler: 'musl-gcc 13.2.1'
      uptime: 70
      totalram: 32859484160
      freeram: 29300953088
      sharedram: 21340160
      bufferram: 111644672
      totalswap: 0
      freeswap: 0
      pagesize: 4096
      cpus: 16
      cpus-online: 16
      ticks-per-second: 100

metrics:
    - stressor: cpu
      bogo-ops: 208630
      bogo-ops-per-second-usr-sys-time: 1306.029269
      bogo-ops-per-second-real-time: 20859.440438
      wall-clock-time: 10.001706
      user-time: 159.684760
      system-time: 0.058980
      cpu-usage-per-instance: 99.822803
      max-rss: 3920

...
