---
system-info:
      stress-ng-version: 0.17.08
      run-by: root
      date-yyyy-mm-dd: 2024:06:14
      time-hh-mm-ss: 21:58:00
      epoch-secs: 1718402280
      hostname: 4c998d7e171b
      sysname: Linux
      nodename: 4c998d7e171b
      release: 6.8.0-31-generic
      version: '#31-Ubuntu SMP PREEMPT_DYNAMIC Sat Apr 20 00:40:06 UTC 2024'
      machine: x86_64
      compiler: 'musl-gcc 13.2.1'
      uptime: 86
      totalram: 32859471872
      freeram: 29217538048
      sharedram: 21340160
      bufferram: 125526016
      totalswap: 0
      freeswap: 0
      pagesize: 4096
      cpus: 16
      cpus-online: 16
      ticks-per-second: 100

metrics:
    - stressor: cpu
      bogo-ops: 230197
      bogo-ops-per-second-usr-sys-time: 720.571125
      bogo-ops-per-second-real-time: 11509.794542
      wall-clock-time: 20.000096
      user-time: 319.442662
      system-time: 0.021985
      cpu-usage-per-instance: 99.832221
      max-rss: 1104

...
