BaselineInfo:
  WebDBID: -1
  TimeStamp: 20241111054355
Version:
  Major: 11
  Minor: 0
  Build: 1002
  SpecialBuildName: ""
  ptArchitecture: x86_64_linux
Results:
  Results Complete: true
  NumTestProcesses: 96
  CPU_INTEGER_MATH: 271253.72500000009
  CPU_FLOATINGPOINT_MATH: 145201.14974327668
  CPU_PRIME: 339.69388774185467
  CPU_SORTING: 136904.78094779624
  CPU_ENCRYPTION: 37026.262074262864
  CPU_COMPRESSION: 1182319.3723580956
  CPU_SINGLETHREAD: 1959.2078614649861
  CPU_PHYSICS: 5012.9464226222908
  CPU_MATRIX_MULT_SSE: 74975.36072245572
  CPU_mm: 7859.513370749848
  CPU_sse: 29434.019871668414
  CPU_fma: 87440.530046799919
  CPU_avx: 61608.678104689527
  CPU_avx512: 121418.21486666503
  m_CPU_enc_SHA: 12165717948.97407
  m_CPU_enc_AES: 93425225470.717499
  m_CPU_enc_ECDSA: 10883605922.655291
  ME_ALLOC_S: 21503.053302260578
  ME_READ_S: 23522.0966796875
  ME_READ_L: 10586.6767578125
  ME_WRITE: 10168.236328125
  ME_LARGE: 749754.08333333337
  ME_LATENCY: 53.038594702961426
  ME_THREADED: 215027.07836914062
  SUMM_CPU: 55735.645929283593
  SUMM_ME: 2693.7451491706274
SystemInformation:
  OSName: Ubuntu 24.04.1 LTS
  Kernel: 6.8.0-1016-aws
  Device: ""
  Processor: Intel Xeon Platinum 8175M CPU @ 2.50GHz
  NumSockets: 2
  Manufacturer: GenuineIntel
  NumCores: 48
  NumLogicals: 96
  CPUFrequency: 0
  Memory: 765865
  MemModuleInfo:
    iNumMemSticks: 2
    DIMM 1:
      manufacturer: Not Specified
      modulePartNo: Not Specified
      memType: DDR4
      size: 384
      clkspeed: 1333
      moduleVoltage: 0
    DIMM 2:
      manufacturer: Not Specified
      modulePartNo: Not Specified
      memType: DDR4
      size: 384
      clkspeed: 1333
      moduleVoltage: 0
Checksum: 027BD7E0A077612FEE3516E507F26A8F64040A3B