"size","threads","connections","rps","latency","failed","server_usr","server_sys","client_usr","client_sys"
"1k",2,2,178659,0.000012450,0,3.73,6.40,2.07,7.87
"1k",2,4,178439,0.000021750,0,3.45,6.62,1.77,7.84
"1k",2,8,209069,0.000039730,0,3.66,6.66,1.95,7.80
"1k",2,16,223756,0.000090160,0,3.92,6.44,2.01,7.68
"1k",2,32,231559,0.000133240,0,3.89,6.57,1.82,7.77
"1k",2,64,230258,0.000278840,0,3.83,6.53,1.78,7.73
"1k",4,4,165979,0.000025550,0,3.04,6.71,2.00,8.39
"1k",4,8,182657,0.000043430,0,3.09,6.58,2.05,8.45
"1k",4,16,200036,0.000080060,0,3.31,6.59,2.02,8.26
"1k",4,32,209424,0.000180410,0,3.55,6.42,2.05,8.14
"1k",4,64,216244,0.000361690,0,3.61,6.32,2.00,7.99
"1k",8,8,164231,0.000052570,0,2.68,6.65,2.04,8.74
"1k",8,16,171803,0.000093930,0,2.72,6.64,2.00,8.81
"1k",8,32,189018,0.000171880,0,3.10,6.55,1.99,8.55
"1k",8,64,197620,0.000336700,0,3.25,6.49,1.97,8.43
"16k",2,2,154179,0.000014800,0,3.70,6.30,2.03,8.02
"16k",2,4,146789,0.000028710,0,3.22,6.33,1.75,7.95
"16k",2,8,160589,0.000086100,0,3.42,6.44,1.83,7.99
"16k",2,16,182944,0.000730000,0,3.92,6.01,2.05,7.89
"16k",2,32,184725,0.000682830,0,3.75,6.15,1.90,8.05
"16k",2,64,180440,0.000547720,0,3.77,6.12,1.81,8.12
"16k",4,4,144323,0.000028110,0,3.04,6.31,2.02,8.79
"16k",4,8,150136,0.000053400,0,2.99,6.41,2.03,8.73
"16k",4,16,157865,0.000098190,0,3.14,6.42,1.94,8.67
"16k",4,32,163884,0.000326910,0,3.32,6.03,2.08,8.47
"16k",4,64,168146,0.000487160,0,3.40,6.11,1.95,8.50
"16k",8,8,137858,0.000068350,0,2.70,6.44,2.03,8.99
"16k",8,16,140629,0.000121050,0,2.73,6.43,1.96,9.06
"16k",8,32,148866,0.000226600,0,3.00,6.34,1.98,8.84
"16k",8,64,155616,0.000460840,0,3.10,6.30,1.99,8.76
"64k",2,2,83702,0.000026630,0,3.14,6.65,1.59,8.54
"64k",2,4,77058,0.000050530,0,2.79,6.15,1.45,8.22
"64k",2,8,84055,0.000093200,0,3.22,6.41,1.40,8.96
"64k",2,16,88227,0.000151290,0,3.15,6.34,1.57,8.99
"64k",2,32,88096,0.000270070,0,3.22,6.41,1.46,8.92
"64k",2,64,89455,0.000565580,0,2.99,6.35,1.48,8.97
"64k",4,4,75596,0.000053720,0,2.50,6.89,1.69,9.08
"64k",4,8,78987,0.000099110,0,2.68,6.61,1.70,9.17
"64k",4,16,84804,0.000192370,0,2.81,6.47,1.65,9.12
"64k",4,32,86701,0.000358770,0,2.80,6.38,1.70,9.17
"64k",4,64,88063,0.000708050,0,2.80,6.35,1.57,9.30
"64k",8,8,73275,0.000113640,0,2.22,6.85,1.81,9.28
"64k",8,16,76423,0.000218300,0,2.36,6.59,1.73,9.49
"64k",8,32,81754,0.000407900,0,2.53,6.49,1.68,9.47
"64k",8,64,82168,0.000759860,0,2.55,6.46,1.68,9.40
"256k",2,2,29749,0.000068880,0,3.22,7.16,1.39,8.29
"256k",2,4,29107,0.000122240,0,2.96,6.67,1.30,9.01
"256k",2,8,31171,0.000213600,0,2.92,7.07,1.41,8.58
"256k",2,16,31955,0.000399440,0,3.02,7.12,1.35,8.54
"256k",2,32,31962,0.000800600,0,3.01,7.07,1.28,8.47
"256k",4,4,28484,0.000142040,0,2.68,7.11,1.49,8.85
"256k",4,8,30235,0.000267880,0,2.68,6.88,1.46,9.02
"256k",4,16,31063,0.000538860,0,2.71,6.93,1.42,8.99
"256k",4,32,31162,0.001040000,0,2.71,6.94,1.46,8.71
"256k",8,8,28839,0.000279200,0,2.31,7.16,1.55,9.14
"256k",8,16,29769,0.000558160,0,2.47,6.93,1.61,9.06
"256k",8,32,30282,0.001100000,0,2.50,6.90,1.57,8.85
"512k",2,2,15446,0.000131450,0,3.11,5.73,1.15,10.06
"512k",2,4,16259,0.000732580,0,3.03,6.55,1.27,9.11
"512k",2,8,16778,0.000633880,0,2.65,6.87,1.23,9.21
"512k",2,16,17431,0.000790270,0,2.59,7.22,1.33,8.66
"512k",2,32,13316,0.001930000,0,2.77,7.59,0.94,8.57
"512k",4,4,16164,0.001800000,0,2.66,6.49,1.38,9.57
"512k",4,8,16222,0.000482060,0,2.51,6.46,1.34,9.79
"512k",4,16,16804,0.001050000,0,2.44,7.09,1.38,8.92
"512k",4,32,14987,0.002060000,0,2.64,7.22,1.29,8.69
"512k",8,8,15946,0.000513380,0,2.30,6.94,1.38,9.54
"512k",8,16,16391,0.000990000,0,2.46,6.88,1.47,9.08
"512k",8,32,15537,0.002090000,0,2.45,7.22,1.40,8.76
