---
system-info:
      stress-ng-version: 0.17.08
      run-by: root
      date-yyyy-mm-dd: 2024:06:15
      time-hh-mm-ss: 10:22:49
      epoch-secs: 1718446969
      hostname: c89befe91a10
      sysname: Linux
      nodename: c89befe91a10
      release: 6.8.0-1008-aws
      version: '#8-Ubuntu SMP Sat Apr 20 00:46:25 UTC 2024'
      machine: x86_64
      compiler: 'musl-gcc 13.2.1'
      uptime: 143
      totalram: 399274131456
      freeram: 393391407104
      sharedram: 225759232
      bufferram: 108077056
      totalswap: 0
      freeswap: 0
      pagesize: 4096
      cpus: 192
      cpus-online: 192
      ticks-per-second: 100

metrics:
    - stressor: cpu
      bogo-ops: 3389120
      bogo-ops-per-second-usr-sys-time: 883.529118
      bogo-ops-per-second-real-time: 169455.221434
      wall-clock-time: 20.000092
      user-time: 3835.819496
      system-time: 0.069930
      cpu-usage-per-instance: 99.892495
      max-rss: 0

...
