---
system-info:
      stress-ng-version: 0.17.08
      run-by: root
      date-yyyy-mm-dd: 2024:06:06
      time-hh-mm-ss: 17:41:35
      epoch-secs: 1717695695
      hostname: 63c1c87a64f0
      sysname: Linux
      nodename: 63c1c87a64f0
      release: 6.8.0-1008-aws
      version: '#8-Ubuntu SMP Sat Apr 20 00:46:25 UTC 2024'
      machine: x86_64
      compiler: 'musl-gcc 13.2.1'
      uptime: 151
      totalram: 399274131456
      freeram: 393477271552
      sharedram: 225759232
      bufferram: 85581824
      totalswap: 0
      freeswap: 0
      pagesize: 4096
      cpus: 192
      cpus-online: 192
      ticks-per-second: 100

metrics:
    - stressor: cpu
      bogo-ops: 2667541
      bogo-ops-per-second-usr-sys-time: 1390.588850
      bogo-ops-per-second-real-time: 266716.511949
      wall-clock-time: 10.001409
      user-time: 1918.080718
      system-time: 0.200879
      cpu-usage-per-instance: 99.896422
      max-rss: 3072

...
