---
system-info:
      stress-ng-version: 0.17.08
      run-by: root
      date-yyyy-mm-dd: 2024:05:31
      time-hh-mm-ss: 11:46:59
      epoch-secs: 1717156019
      hostname: 57152bfbd333
      sysname: Linux
      nodename: 57152bfbd333
      release: 6.8.0-1008-aws
      version: '#8-Ubuntu SMP Sat Apr 20 00:46:25 UTC 2024'
      machine: x86_64
      compiler: 'musl-gcc 13.2.1'
      uptime: 1640
      totalram: 399274119168
      freeram: 391900004352
      sharedram: 225759232
      bufferram: 83865600
      totalswap: 0
      freeswap: 0
      pagesize: 4096
      cpus: 192
      cpus-online: 192
      ticks-per-second: 100

metrics:
    - stressor: cpu
      bogo-ops: 1526442
      bogo-ops-per-second-usr-sys-time: 796.310553
      bogo-ops-per-second-real-time: 152591.032251
      wall-clock-time: 10.003484
      user-time: 1916.835875
      system-time: 0.056968
      cpu-usage-per-instance: 99.803394
      max-rss: 0

...
