---
system-info:
      stress-ng-version: 0.17.08
      run-by: root
      date-yyyy-mm-dd: 2024:05:31
      time-hh-mm-ss: 14:51:05
      epoch-secs: 1717167065
      hostname: 1801a61c3b67
      sysname: Linux
      nodename: 1801a61c3b67
      release: 6.8.0-1008-aws
      version: '#8-Ubuntu SMP Sat Apr 20 00:46:25 UTC 2024'
      machine: x86_64
      compiler: 'musl-gcc 13.2.1'
      uptime: 1586
      totalram: 399274168320
      freeram: 392149823488
      sharedram: 225755136
      bufferram: 83107840
      totalswap: 0
      freeswap: 0
      pagesize: 4096
      cpus: 192
      cpus-online: 192
      ticks-per-second: 100

metrics:
    - stressor: cpu
      bogo-ops: 1527126
      bogo-ops-per-second-usr-sys-time: 796.439152
      bogo-ops-per-second-real-time: 152658.570610
      wall-clock-time: 10.003539
      user-time: 1917.390191
      system-time: 0.051959
      cpu-usage-per-instance: 99.831446
      max-rss: 0

...
