---
system-info:
      stress-ng-version: 0.17.08
      run-by: root
      date-yyyy-mm-dd: 2024:09:17
      time-hh-mm-ss: 08:06:53
      epoch-secs: 1726560413
      hostname: sc-runner
      sysname: Linux
      nodename: sc-runner
      release: 6.8.0-1014-azure
      version: '#16-Ubuntu SMP Thu Aug 15 20:04:41 UTC 2024'
      machine: x86_64
      compiler: 'musl-gcc 13.2.1'
      uptime: 300
      totalram: 405735911424
      freeram: 394291470336
      sharedram: 105611264
      bufferram: 245534720
      totalswap: 0
      freeswap: 0
      pagesize: 4096
      cpus: 48
      cpus-online: 48
      ticks-per-second: 100

metrics:
    - stressor: cpu
      bogo-ops: 771967
      bogo-ops-per-second-usr-sys-time: 804.577625
      bogo-ops-per-second-real-time: 38598.158779
      wall-clock-time: 20.000099
      user-time: 959.427664
      system-time: 0.040976
      cpu-usage-per-instance: 99.944155
      max-rss: 3200

...
