BaselineInfo:
  WebDBID: -1
  TimeStamp: 20260611191058
Version:
  Major: 11
  Minor: 0
  Build: 1004
  SpecialBuildName: ""
  ptArchitecture: aarch64_linux
Results:
  Results Complete: true
  NumTestProcesses: 192
  CPU_INTEGER_MATH: 1168328.6193333324
  CPU_FLOATINGPOINT_MATH: 1464559.1011268741
  CPU_PRIME: 2297.4032927306757
  CPU_SORTING: 930150.71385271079
  CPU_ENCRYPTION: 56832.223763694928
  CPU_COMPRESSION: 1787085.2905044963
  CPU_SINGLETHREAD: 2473.6645047460865
  CPU_PHYSICS: 42806.84950967574
  CPU_MATRIX_MULT_SSE: 244218.61260808582
  CPU_mm: 25599.529342724793
  CPU_sse: 194258.82554108594
  CPU_fma: 294178.39967508585
  CPU_avx: 0
  CPU_avx512: 0
  m_CPU_enc_SHA: 95067448300.275406
  m_CPU_enc_AES: 26510100746.93222
  m_CPU_enc_ECDSA: 57201168548.512917
  ME_ALLOC_S: 62496.613873942188
  ME_READ_S: 25007.512304687501
  ME_READ_L: 24689.265625
  ME_WRITE: 25060.078125
  ME_LARGE: 756168.16666666663
  ME_LATENCY: 29.713132672423544
  ME_THREADED: 885177.59765625
  SUMM_CPU: 107915.98258990685
  SUMM_ME: 4596.2841416987712
SystemInformation:
  OSName: Ubuntu 24.04.4 LTS
  Kernel: 6.17.0-1017-aws
  Device: ""
  Processor: ARM Neoverse-V3 192 Core 0 MHz
  NumSockets: 1
  Manufacturer: ARM
  NumCores: 192
  NumLogicals: 192
  CPUFrequency: 0
  CPUMaxFrequency: 0
  Memory: 772422
Checksum: 4796E610DDAF40B7B5A98E0016186D50376F04E4