BaselineInfo:
  WebDBID: -1
  TimeStamp: 20260714190124
Version:
  Major: 11
  Minor: 0
  Build: 1004
  SpecialBuildName: ""
  ptArchitecture: x86_64_linux
Results:
  Results Complete: true
  NumTestProcesses: 16
  CPU_INTEGER_MATH: 104128.33966666665
  CPU_FLOATINGPOINT_MATH: 92188.952642078322
  CPU_PRIME: 149.03778602445743
  CPU_SORTING: 48419.316122066943
  CPU_ENCRYPTION: 20908.347940740747
  CPU_COMPRESSION: 368957.93054228189
  CPU_SINGLETHREAD: 3144.1243559509071
  CPU_PHYSICS: 3328.3717583831803
  CPU_MATRIX_MULT_SSE: 32896.419651420409
  CPU_mm: 3386.5749329104833
  CPU_sse: 12833.669908486159
  CPU_fma: 39097.893214858363
  CPU_avx: 27185.78335532514
  CPU_avx512: 52468.332127011992
  m_CPU_enc_SHA: 28926055108.765522
  m_CPU_enc_AES: 19372163045.563286
  m_CPU_enc_ECDSA: 17473757396.601704
  ME_ALLOC_S: 10328.711882562697
  ME_READ_S: 22499.394921874999
  ME_READ_L: 13489.6201171875
  ME_WRITE: 17763.845703125
  ME_LARGE: 119936.83333333333
  ME_LATENCY: 153.8071034148154
  ME_THREADED: 72106.705078125
  SUMM_CPU: 34254.21300420419
  SUMM_ME: 1540.3106632346855
SystemInformation:
  OSName: Ubuntu 24.04.4 LTS
  Kernel: 6.8.0-134-generic
  Device: ""
  Processor: "AMD EPYC 9575F 64-Core Processor               "
  NumSockets: 1
  Manufacturer: AuthenticAMD
  NumCores: 16
  NumLogicals: 16
  CPUFrequency: 0
  CPUMaxFrequency: 0
  Memory: 128769
  CPUInfo:
    number: 1
    Family: 15
    Model: 2
    stepping: 1
    features: 395049983
    manufacture: AuthenticAMD
    typestring: "AMD EPYC 9575F 64-Core Processor               "
    iCoresPerPackage: 128
    iThreadsPerPackage: 1
    featuresEx:
      - 395049983
      - 4294586883
      - 802421759
    bHybrid: false
    nPCore: 0
    nLogicalsPerPCore: 0
    nECore: 0
    nLogicalsPerECore: 0
  MemModuleInfo:
    iNumMemSticks: 8
    DIMM 1:
      manufacturer: QEMU
      modulePartNo: Not Specified
      memType: RAM
      size: 16
      clkspeed: 0
      moduleVoltage: 0
    DIMM 2:
      manufacturer: QEMU
      modulePartNo: Not Specified
      memType: RAM
      size: 16
      clkspeed: 0
      moduleVoltage: 0
    DIMM 3:
      manufacturer: QEMU
      modulePartNo: Not Specified
      memType: RAM
      size: 16
      clkspeed: 0
      moduleVoltage: 0
    DIMM 4:
      manufacturer: QEMU
      modulePartNo: Not Specified
      memType: RAM
      size: 16
      clkspeed: 0
      moduleVoltage: 0
    DIMM 5:
      manufacturer: QEMU
      modulePartNo: Not Specified
      memType: RAM
      size: 16
      clkspeed: 0
      moduleVoltage: 0
    DIMM 6:
      manufacturer: QEMU
      modulePartNo: Not Specified
      memType: RAM
      size: 16
      clkspeed: 0
      moduleVoltage: 0
    DIMM 7:
      manufacturer: QEMU
      modulePartNo: Not Specified
      memType: RAM
      size: 16
      clkspeed: 0
      moduleVoltage: 0
    DIMM 8:
      manufacturer: QEMU
      modulePartNo: Not Specified
      memType: RAM
      size: 16
      clkspeed: 0
      moduleVoltage: 0
Checksum: 21E9B22E79698E1B54A4A824D66B706F0BDD577D