BaselineInfo:
  WebDBID: -1
  TimeStamp: 20260714214947
Version:
  Major: 11
  Minor: 0
  Build: 1004
  SpecialBuildName: ""
  ptArchitecture: x86_64_linux
Results:
  Results Complete: true
  NumTestProcesses: 16
  CPU_INTEGER_MATH: 103793.338
  CPU_FLOATINGPOINT_MATH: 98929.002002693916
  CPU_PRIME: 206.7863561626456
  CPU_SORTING: 49667.202687902056
  CPU_ENCRYPTION: 21076.410132276251
  CPU_COMPRESSION: 381245.1810732265
  CPU_SINGLETHREAD: 2938.5695015433453
  CPU_PHYSICS: 3621.299127428837
  CPU_MATRIX_MULT_SSE: 32579.663883634224
  CPU_mm: 3305.1053927427602
  CPU_sse: 13686.16117877382
  CPU_fma: 38040.95451603541
  CPU_avx: 29459.060018152661
  CPU_avx512: 49132.479821575005
  m_CPU_enc_SHA: 27873852500.057224
  m_CPU_enc_AES: 20383822806.412781
  m_CPU_enc_ECDSA: 18042978186.115105
  ME_ALLOC_S: 11935.553280128888
  ME_READ_S: 29144.488476562499
  ME_READ_L: 19629.474609375
  ME_WRITE: 20883.59375
  ME_LARGE: 120072.25
  ME_LATENCY: 120.48220351301291
  ME_THREADED: 129282.4990234375
  SUMM_CPU: 35024.95282162221
  SUMM_ME: 1995.586471257091
SystemInformation:
  OSName: Ubuntu 24.04.4 LTS
  Kernel: 6.8.0-134-generic
  Device: ""
  Processor: "AMD EPYC 9575F 64-Core Processor               "
  NumSockets: 1
  Manufacturer: AuthenticAMD
  NumCores: 16
  NumLogicals: 16
  CPUFrequency: 0
  CPUMaxFrequency: 0
  Memory: 128769
  CPUInfo:
    number: 1
    Family: 15
    Model: 2
    stepping: 1
    features: 395049983
    manufacture: AuthenticAMD
    typestring: "AMD EPYC 9575F 64-Core Processor               "
    iCoresPerPackage: 128
    iThreadsPerPackage: 1
    featuresEx:
      - 395049983
      - 4294586883
      - 802421759
    bHybrid: false
    nPCore: 0
    nLogicalsPerPCore: 0
    nECore: 0
    nLogicalsPerECore: 0
  MemModuleInfo:
    iNumMemSticks: 8
    DIMM 1:
      manufacturer: QEMU
      modulePartNo: Not Specified
      memType: RAM
      size: 16
      clkspeed: 0
      moduleVoltage: 0
    DIMM 2:
      manufacturer: QEMU
      modulePartNo: Not Specified
      memType: RAM
      size: 16
      clkspeed: 0
      moduleVoltage: 0
    DIMM 3:
      manufacturer: QEMU
      modulePartNo: Not Specified
      memType: RAM
      size: 16
      clkspeed: 0
      moduleVoltage: 0
    DIMM 4:
      manufacturer: QEMU
      modulePartNo: Not Specified
      memType: RAM
      size: 16
      clkspeed: 0
      moduleVoltage: 0
    DIMM 5:
      manufacturer: QEMU
      modulePartNo: Not Specified
      memType: RAM
      size: 16
      clkspeed: 0
      moduleVoltage: 0
    DIMM 6:
      manufacturer: QEMU
      modulePartNo: Not Specified
      memType: RAM
      size: 16
      clkspeed: 0
      moduleVoltage: 0
    DIMM 7:
      manufacturer: QEMU
      modulePartNo: Not Specified
      memType: RAM
      size: 16
      clkspeed: 0
      moduleVoltage: 0
    DIMM 8:
      manufacturer: QEMU
      modulePartNo: Not Specified
      memType: RAM
      size: 16
      clkspeed: 0
      moduleVoltage: 0
Checksum: 6A107626FDFFCF217B3282A40A9C5E65ED5CB73E