---
system-info:
      stress-ng-version: 0.17.08
      run-by: root
      date-yyyy-mm-dd: 2024:07:03
      time-hh-mm-ss: 12:55:06
      epoch-secs: 1720011306
      hostname: n2-highmem-80-44632df
      sysname: Linux
      nodename: n2-highmem-80-44632df
      release: 6.8.0-1009-gcp
      version: '#10-Ubuntu SMP Wed Jun 12 18:52:23 UTC 2024'
      machine: x86_64
      compiler: 'musl-gcc 13.2.1'
      uptime: 169
      totalram: 676305997824
      freeram: 669716979712
      sharedram: 70926336
      bufferram: 133079040
      totalswap: 0
      freeswap: 0
      pagesize: 4096
      cpus: 80
      cpus-online: 80
      ticks-per-second: 100

metrics:
    - stressor: cpu
      bogo-ops: 36830
      bogo-ops-per-second-usr-sys-time: 1841.573387
      bogo-ops-per-second-real-time: 1841.489112
      wall-clock-time: 20.000118
      user-time: 19.999203
      system-time: 0.000000
      cpu-usage-per-instance: 99.995424
      max-rss: 640

...
