BaselineInfo:
  WebDBID: -1
  TimeStamp: 20241107082423
Version:
  Major: 11
  Minor: 0
  Build: 1002
  SpecialBuildName: ""
  ptArchitecture: x86_64_linux
Results:
  Results Complete: true
  NumTestProcesses: 4
  CPU_INTEGER_MATH: 16615.159666666666
  CPU_FLOATINGPOINT_MATH: 9169.6245545495385
  CPU_PRIME: 39.262777480386816
  CPU_SORTING: 9128.6146697662571
  CPU_ENCRYPTION: 4325.7243803324272
  CPU_COMPRESSION: 64350.027771169873
  CPU_SINGLETHREAD: 2393.7807690399645
  CPU_PHYSICS: 761.86466910564684
  CPU_MATRIX_MULT_SSE: 3635.0349613492585
  CPU_mm: 449.50194357379894
  CPU_sse: 1907.4747348371025
  CPU_fma: 5197.1094061886261
  CPU_avx: 3800.5207430220471
  CPU_avx512: 0
  m_CPU_enc_SHA: 6260620390.2742653
  m_CPU_enc_AES: 4004595175.7067366
  m_CPU_enc_ECDSA: 3342336737.5133648
  ME_ALLOC_S: 1849.5185687356716
  ME_READ_S: 24357.620703125001
  ME_READ_L: 19674.65234375
  ME_WRITE: 18971.318359375
  ME_LARGE: 6050
  ME_LATENCY: 62.243649422747744
  ME_THREADED: 37560.185546875
  SUMM_CPU: 6185.8418621355395
  SUMM_ME: 2261.3528574096731
SystemInformation:
  OSName: Ubuntu 24.04.1 LTS
  Kernel: 6.8.0-1017-azure
  Device: ""
  Processor: AMD EPYC 7763 64-Core Processor
  NumSockets: 1
  Manufacturer: AuthenticAMD
  NumCores: 2
  NumLogicals: 4
  CPUFrequency: 0
  Memory: 15989
  MemModuleInfo:
    iNumMemSticks: 2
    DIMM 1:
      manufacturer: Microsoft Corporation
      modulePartNo: None
      memType: Unknown
      size: 1
      clkspeed: 0
      moduleVoltage: 0
    DIMM 2:
      manufacturer: Microsoft Corporation
      modulePartNo: None
      memType: Unknown
      size: 15
      clkspeed: 0
      moduleVoltage: 0
Checksum: 34EC4F3F59FA3564E4C723C9036CB97E40AD8171