BaselineInfo:
  WebDBID: -1
  TimeStamp: 20260405032116
Version:
  Major: 11
  Minor: 0
  Build: 1004
  SpecialBuildName: ""
  ptArchitecture: x86_64_linux
Results:
  Results Complete: true
  NumTestProcesses: 16
  CPU_INTEGER_MATH: 39416.596666666665
  CPU_FLOATINGPOINT_MATH: 21135.236530635753
  CPU_PRIME: 70.298463790953775
  CPU_SORTING: 23897.459120270792
  CPU_ENCRYPTION: 5446.3393474996892
  CPU_COMPRESSION: 180759.00470695374
  CPU_SINGLETHREAD: 1692.2877829198494
  CPU_PHYSICS: 1257.4467239903572
  CPU_MATRIX_MULT_SSE: 11917.674596411201
  CPU_mm: 1198.9708625041144
  CPU_sse: 4278.6782969910209
  CPU_fma: 14635.818114957738
  CPU_avx: 10346.790662134816
  CPU_avx512: 18409.411311561234
  m_CPU_enc_SHA: 1781763219.6653552
  m_CPU_enc_AES: 13736602618.523088
  m_CPU_enc_ECDSA: 1614336344.7430594
  ME_ALLOC_S: 4330.5026357329398
  ME_READ_S: 19539.264453125001
  ME_READ_L: 6539.1875
  ME_WRITE: 7325.27490234375
  ME_LARGE: 50568.166666666664
  ME_LATENCY: 76.737519613253426
  ME_THREADED: 61655.051513671875
  SUMM_CPU: 12996.411896784137
  SUMM_ME: 1803.0894715919824
SystemInformation:
  OSName: Ubuntu 24.04.4 LTS
  Kernel: 6.8.0-106-generic
  Device: ""
  Processor: Intel(R) Xeon(R) Platinum 8163 CPU @ 2.50GHz
  NumSockets: 1
  Manufacturer: GenuineIntel
  NumCores: 8
  NumLogicals: 16
  CPUFrequency: 2500
  CPUMaxFrequency: 3100
  Memory: 63789
  CPUInfo:
    number: 1
    Family: 6
    Model: 5
    stepping: 4
    features: 529267711
    manufacture: GenuineIntel
    typestring: Intel(R) Xeon(R) Platinum 8163 CPU @ 2.50GHz
    iCoresPerPackage: 8
    iThreadsPerPackage: 2
    featuresEx:
      - 529267711
      - 4294586883
      - 739248128
    bHybrid: false
    nPCore: 0
    nLogicalsPerPCore: 0
    nECore: 0
    nLogicalsPerECore: 0
  MemModuleInfo:
    iNumMemSticks: 4
    DIMM 1:
      manufacturer: Alibaba Cloud
      modulePartNo: Not Specified
      memType: RAM
      size: 16
      clkspeed: 0
      moduleVoltage: 0
    DIMM 2:
      manufacturer: Alibaba Cloud
      modulePartNo: Not Specified
      memType: RAM
      size: 16
      clkspeed: 0
      moduleVoltage: 0
    DIMM 3:
      manufacturer: Alibaba Cloud
      modulePartNo: Not Specified
      memType: RAM
      size: 16
      clkspeed: 0
      moduleVoltage: 0
    DIMM 4:
      manufacturer: Alibaba Cloud
      modulePartNo: Not Specified
      memType: RAM
      size: 16
      clkspeed: 0
      moduleVoltage: 0
Checksum: 799DA79EDF91F67BFE1AEA1E030AD1075A24F282