---
system-info:
      stress-ng-version: 0.17.08
      run-by: root
      date-yyyy-mm-dd: 2024:07:02
      time-hh-mm-ss: 14:28:19
      epoch-secs: 1719930499
      hostname: n4-standard-32-bcc4f18
      sysname: Linux
      nodename: n4-standard-32-bcc4f18
      release: 6.8.0-1009-gcp
      version: '#10-Ubuntu SMP Wed Jun 12 18:52:23 UTC 2024'
      machine: x86_64
      compiler: 'musl-gcc 13.2.1'
      uptime: 110
      totalram: 135060799488
      freeram: 129460166656
      sharedram: 274284544
      bufferram: 127229952
      totalswap: 0
      freeswap: 0
      pagesize: 4096
      cpus: 32
      cpus-online: 32
      ticks-per-second: 100

metrics:
    - stressor: cpu
      bogo-ops: 566420
      bogo-ops-per-second-usr-sys-time: 885.456733
      bogo-ops-per-second-real-time: 28320.867593
      wall-clock-time: 20.000094
      user-time: 639.668470
      system-time: 0.023995
      cpu-usage-per-instance: 99.951480
      max-rss: 1032

...
