BaselineInfo:
  WebDBID: -1
  TimeStamp: 20251218223209
Version:
  Major: 11
  Minor: 0
  Build: 1002
  SpecialBuildName: ""
  ptArchitecture: x86_64_linux
Results:
  Results Complete: true
  NumTestProcesses: 16
  CPU_INTEGER_MATH: 58943.679333333333
  CPU_FLOATINGPOINT_MATH: 45950.958447832811
  CPU_PRIME: 129.95616642052931
  CPU_SORTING: 36017.748957079435
  CPU_ENCRYPTION: 7566.7587055571521
  CPU_COMPRESSION: 298460.1811440615
  CPU_SINGLETHREAD: 2030.313865107084
  CPU_PHYSICS: 1832.2886264358194
  CPU_MATRIX_MULT_SSE: 19633.418778864401
  CPU_mm: 2720.6489440633068
  CPU_sse: 10090.430100207528
  CPU_fma: 29339.070664537558
  CPU_avx: 19470.755571848124
  CPU_avx512: 0
  m_CPU_enc_SHA: 4061627845.1630602
  m_CPU_enc_AES: 16081601827.746296
  m_CPU_enc_ECDSA: 3659735056.4055295
  ME_ALLOC_S: 9038.2772098134774
  ME_READ_S: 22809.225390625001
  ME_READ_L: 11410.0771484375
  ME_WRITE: 10410.6474609375
  ME_LARGE: 77950
  ME_LATENCY: 51.165645762337157
  ME_THREADED: 84483.705322265625
  SUMM_CPU: 20190.371220423021
  SUMM_ME: 2653.7904746304775
SystemInformation:
  OSName: Ubuntu 24.04.2 LTS
  Kernel: 6.8.0-86-generic
  Device: ""
  Processor: Intel Core Processor (Haswell, no TSX)
  NumSockets: 16
  Manufacturer: GenuineIntel
  NumCores: 16
  NumLogicals: 16
  CPUFrequency: 0
  Memory: 88380
  MemModuleInfo:
    iNumMemSticks: 1
    DIMM 1:
      manufacturer: QEMU
      modulePartNo: Not Specified
      memType: RAM
      size: 90000
      clkspeed: 0
      moduleVoltage: 0
Checksum: ECEC5DC2B977187EE02EB7254AF26A67D09DD430