---
system-info:
      stress-ng-version: 0.17.08
      run-by: root
      date-yyyy-mm-dd: 2024:09:16
      time-hh-mm-ss: 12:19:10
      epoch-secs: 1726489150
      hostname: sc-runner
      sysname: Linux
      nodename: sc-runner
      release: 6.8.0-1014-azure
      version: '#16-Ubuntu SMP Thu Aug 15 21:06:50 UTC 2024'
      machine: aarch64
      compiler: 'musl-gcc 13.2.1'
      uptime: 302
      totalram: 67292835840
      freeram: 57122705408
      sharedram: 38227968
      bufferram: 225607680
      totalswap: 0
      freeswap: 0
      pagesize: 4096
      cpus: 16
      cpus-online: 16
      ticks-per-second: 100

metrics:
    - stressor: cpu
      bogo-ops: 578046
      bogo-ops-per-second-usr-sys-time: 1808.326303
      bogo-ops-per-second-real-time: 28902.201418
      wall-clock-time: 20.000068
      user-time: 319.638026
      system-time: 0.019991
      cpu-usage-per-instance: 99.892790
      max-rss: 1320

...
