---
system-info:
      stress-ng-version: 0.17.08
      run-by: root
      date-yyyy-mm-dd: 2024:07:02
      time-hh-mm-ss: 11:12:58
      epoch-secs: 1719918778
      hostname: n2d-highmem-32-d5e2417
      sysname: Linux
      nodename: n2d-highmem-32-d5e2417
      release: 6.8.0-1009-gcp
      version: '#10-Ubuntu SMP Wed Jun 12 18:52:23 UTC 2024'
      machine: x86_64
      compiler: 'musl-gcc 13.2.1'
      uptime: 166
      totalram: 270453714944
      freeram: 264415891456
      sharedram: 68767744
      bufferram: 126705664
      totalswap: 0
      freeswap: 0
      pagesize: 4096
      cpus: 32
      cpus-online: 32
      ticks-per-second: 100

metrics:
    - stressor: cpu
      bogo-ops: 864299
      bogo-ops-per-second-usr-sys-time: 1351.575870
      bogo-ops-per-second-real-time: 43214.818103
      wall-clock-time: 20.000061
      user-time: 639.448032
      system-time: 0.026983
      cpu-usage-per-instance: 99.917666
      max-rss: 1032

...
