BaselineInfo:
  WebDBID: -1
  TimeStamp: 20241108071849
Version:
  Major: 11
  Minor: 0
  Build: 1002
  SpecialBuildName: ""
  ptArchitecture: x86_64_linux
Results:
  Results Complete: true
  NumTestProcesses: 16
  CPU_INTEGER_MATH: 52801.422000000006
  CPU_FLOATINGPOINT_MATH: 28292.30479115291
  CPU_PRIME: 89.130110879162629
  CPU_SORTING: 26865.061706893688
  CPU_ENCRYPTION: 7256.1021950882268
  CPU_COMPRESSION: 231391.99463284784
  CPU_SINGLETHREAD: 2105.3260026896664
  CPU_PHYSICS: 1661.2286387077468
  CPU_MATRIX_MULT_SSE: 14021.572149951009
  CPU_mm: 1605.1871568238462
  CPU_sse: 5711.690952989411
  CPU_fma: 16850.586740704606
  CPU_avx: 11901.326156987479
  CPU_avx512: 21622.684749122542
  m_CPU_enc_SHA: 2383617756.6445117
  m_CPU_enc_AES: 18310489275.99197
  m_CPU_enc_ECDSA: 2131616813.3140101
  ME_ALLOC_S: 5858.9260441605438
  ME_READ_S: 25141.417187499999
  ME_READ_L: 10799.6015625
  ME_WRITE: 10242.361328125
  ME_LARGE: 21311.25
  ME_LATENCY: 52.729996568475293
  ME_THREADED: 89748.404296875
  SUMM_CPU: 16582.9396243794
  SUMM_ME: 2547.6238623755576
SystemInformation:
  OSName: Ubuntu 24.04.1 LTS
  Kernel: 6.8.0-1016-aws
  Device: ""
  Processor: Intel Xeon Platinum 8275CL CPU @ 3.00GHz
  NumSockets: 1
  Manufacturer: GenuineIntel
  NumCores: 8
  NumLogicals: 16
  CPUFrequency: 0
  Memory: 31384
  MemModuleInfo:
    iNumMemSticks: 1
    DIMM 1:
      manufacturer: Not Specified
      modulePartNo: Not Specified
      memType: DDR4
      size: 32
      clkspeed: 1466
      moduleVoltage: 0
Checksum: 2C292FA4C45ADE2D96A7A8CF5C99CC2FBA6DB657