BaselineInfo:
  WebDBID: -1
  TimeStamp: 20260615143824
Version:
  Major: 11
  Minor: 0
  Build: 1004
  SpecialBuildName: ""
  ptArchitecture: x86_64_linux
Results:
  Results Complete: true
  NumTestProcesses: 2
  CPU_INTEGER_MATH: 12736.571666666667
  CPU_FLOATINGPOINT_MATH: 7789.1213338230464
  CPU_PRIME: 33.639169705135629
  CPU_SORTING: 6329.849646582783
  CPU_ENCRYPTION: 2583.2970976136066
  CPU_COMPRESSION: 48595.639696154707
  CPU_SINGLETHREAD: 3621.2048750565705
  CPU_PHYSICS: 680.18697437000799
  CPU_MATRIX_MULT_SSE: 3771.5236183078541
  CPU_mm: 369.68199798573659
  CPU_sse: 1377.1696590704078
  CPU_fma: 4194.987145137261
  CPU_avx: 4133.2329920470274
  CPU_avx512: 5380.7046769767194
  m_CPU_enc_SHA: 3220214155.3559856
  m_CPU_enc_AES: 2633716924.781301
  m_CPU_enc_ECDSA: 2272418932.1445699
  ME_ALLOC_S: 1513.0151084546501
  ME_READ_S: 32515.986718749999
  ME_READ_L: 30324.775390625
  ME_WRITE: 31491.51953125
  ME_LARGE: 3143
  ME_LATENCY: 81.686584390777554
  ME_THREADED: 44369.546875
  SUMM_CPU: 4914.7321664499268
  SUMM_ME: 1973.6952107066281
SystemInformation:
  OSName: Ubuntu 24.04.4 LTS
  Kernel: 6.8.0-124-generic
  Device: ""
  Processor: AMD EPYC-Turin Processor
  NumSockets: 1
  Manufacturer: AuthenticAMD
  NumCores: 1
  NumLogicals: 2
  CPUFrequency: 0
  CPUMaxFrequency: 0
  Memory: 7935
  CPUInfo:
    number: 1
    Family: 15
    Model: 0
    stepping: 0
    features: 395049983
    manufacture: AuthenticAMD
    typestring: AMD EPYC-Turin Processor
    iCoresPerPackage: 1
    iThreadsPerPackage: 2
    featuresEx:
      - 395049983
      - 4277809667
      - 802421759
    bHybrid: false
    nPCore: 0
    nLogicalsPerPCore: 0
    nECore: 0
    nLogicalsPerECore: 0
  MemModuleInfo:
    iNumMemSticks: 1
    DIMM 1:
      manufacturer: QEMU
      modulePartNo: Not Specified
      memType: RAM
      size: 8
      clkspeed: 0
      moduleVoltage: 0
Checksum: 7E89C9BC7B54533BA3826518803EE17EFCCED140