size_kb,operation,bandwidth_mb_s,latency_ns,latency_stddev_ns,latency_samples,threads,iterations,elapsed_s
32,read,446471.42,0,0,0,4,728862,0.204062
32,write,400662.74,0,0,0,4,744047,0.232130
32,copy,359995.25,0,0,0,4,473484,0.164406
32,latency,0,1.83,0.00,7,1,7,0.262273
128,read,360033.37,0,0,0,4,160668,0.223129
128,write,400444.83,0,0,0,4,196850,0.245789
128,copy,302829.24,0,0,0,4,126262,0.208471
128,latency,0,2.09,0.00,7,1,7,0.581759
1024,read,339859.71,0,0,0,4,21509,0.253152
1024,write,397540.20,0,0,0,4,24935,0.250893
1024,copy,193078.19,0,0,0,4,16874,0.349579
1024,latency,0,4.72,0.00,7,1,7,0.696108
2048,read,287520.02,0,0,0,4,10895,0.303144
2048,write,392410.47,0,0,0,4,12435,0.253510
2048,copy,111506.28,0,0,0,4,5098,0.365755
2048,latency,0,8.72,0.01,7,1,7,0.679017
4096,read,171745.07,0,0,0,4,4781,0.445404
4096,write,229372.74,0,0,0,4,5414,0.377656
4096,copy,85478.52,0,0,0,4,2089,0.391022
4096,latency,0,14.94,0.03,7,1,7,0.703277
16384,read,107156.32,0,0,0,4,820,0.489752
16384,write,140335.75,0,0,0,4,1057,0.482044
16384,copy,73276.20,0,0,0,4,492,0.429717
16384,latency,0,20.97,0.04,7,1,7,0.714554
32768,read,117399.05,0,0,0,4,316,0.344534
32768,write,134328.92,0,0,0,4,505,0.481207
32768,copy,67864.14,0,0,0,4,223,0.420605
32768,latency,0,22.32,2.20,21,1,21,1.287591
65536,read,115949.32,0,0,0,4,150,0.331179
65536,write,127305.47,0,0,0,4,260,0.522837
65536,copy,65083.56,0,0,0,4,115,0.452342
65536,latency,0,57.46,1.14,7,1,7,2.615815
131072,read,116127.71,0,0,0,4,74,0.326261
131072,write,125126.92,0,0,0,4,130,0.531940
131072,copy,64659.35,0,0,0,4,57,0.451350
131072,latency,0,70.85,0.70,7,1,7,6.356291
262144,read,115906.93,0,0,0,4,36,0.318048
262144,write,124947.31,0,0,0,4,64,0.524509
262144,copy,51358.10,0,0,0,2,28,0.279138
262144,latency,0,77.93,0.37,7,1,7,14.180099
