---
system-info:
      stress-ng-version: 0.17.08
      run-by: root
      date-yyyy-mm-dd: 2024:09:16
      time-hh-mm-ss: 09:05:44
      epoch-secs: 1726477544
      hostname: sc-runner
      sysname: Linux
      nodename: sc-runner
      release: 6.8.0-1014-azure
      version: '#16-Ubuntu SMP Thu Aug 15 20:04:41 UTC 2024'
      machine: x86_64
      compiler: 'musl-gcc 13.2.1'
      uptime: 312
      totalram: 67425538048
      freeram: 57435828224
      sharedram: 38080512
      bufferram: 223858688
      totalswap: 0
      freeswap: 0
      pagesize: 4096
      cpus: 2
      cpus-online: 2
      ticks-per-second: 100

metrics:
    - stressor: cpu
      bogo-ops: 53629
      bogo-ops-per-second-usr-sys-time: 1360.818540
      bogo-ops-per-second-real-time: 2681.440842
      wall-clock-time: 20.000068
      user-time: 39.388435
      system-time: 0.020934
      cpu-usage-per-instance: 98.523086
      max-rss: 3152

...
