---
system-info:
      stress-ng-version: 0.17.08
      run-by: root
      date-yyyy-mm-dd: 2024:07:03
      time-hh-mm-ss: 16:51:39
      epoch-secs: 1720025499
      hostname: c3-highcpu-176-59b379c
      sysname: Linux
      nodename: c3-highcpu-176-59b379c
      release: 6.8.0-1009-gcp
      version: '#10-Ubuntu SMP Wed Jun 12 18:52:23 UTC 2024'
      machine: x86_64
      compiler: 'musl-gcc 13.2.1'
      uptime: 121
      totalram: 371864801280
      freeram: 364942077952
      sharedram: 443330560
      bufferram: 132034560
      totalswap: 0
      freeswap: 0
      pagesize: 4096
      cpus: 176
      cpus-online: 176
      ticks-per-second: 100

metrics:
    - stressor: cpu
      bogo-ops: 2927779
      bogo-ops-per-second-usr-sys-time: 832.436267
      bogo-ops-per-second-real-time: 146388.247167
      wall-clock-time: 20.000096
      user-time: 3517.078942
      system-time: 0.041965
      cpu-usage-per-instance: 99.917728
      max-rss: 0

...
