BaselineInfo:
  WebDBID: -1
  TimeStamp: 20260404001720
Version:
  Major: 11
  Minor: 0
  Build: 1004
  SpecialBuildName: ""
  ptArchitecture: x86_64_linux
Results:
  Results Complete: true
  NumTestProcesses: 2
  CPU_INTEGER_MATH: 4849.7496666666666
  CPU_FLOATINGPOINT_MATH: 2612.0811307915351
  CPU_PRIME: 7.4791263409912876
  CPU_SORTING: 3040.7762917965256
  CPU_ENCRYPTION: 672.68730272638072
  CPU_COMPRESSION: 22591.490464599883
  CPU_SINGLETHREAD: 1603.9120473149376
  CPU_PHYSICS: 236.75035336780198
  CPU_MATRIX_MULT_SSE: 1413.9426637238214
  CPU_mm: 148.59771671973579
  CPU_sse: 533.44809159518718
  CPU_fma: 1813.5475755733273
  CPU_avx: 1281.2006832509087
  CPU_avx512: 2027.5743044758619
  m_CPU_enc_SHA: 220856494.08888504
  m_CPU_enc_AES: 1697094950.6389647
  m_CPU_enc_ECDSA: 198139838.70300221
  ME_ALLOC_S: 545.78464036302648
  ME_READ_S: 19028.833398437499
  ME_READ_L: 6427.59033203125
  ME_WRITE: 6705.9970703125
  ME_LARGE: 3060.9166666666665
  ME_LATENCY: 77.849073092466682
  ME_THREADED: 9591.2578125
  SUMM_CPU: 1780.0271049533453
  SUMM_ME: 1163.982571318282
SystemInformation:
  OSName: Ubuntu 24.04.4 LTS
  Kernel: 6.8.0-106-generic
  Device: ""
  Processor: Intel(R) Xeon(R) Platinum 8269CY CPU @ 2.50GHz
  NumSockets: 1
  Manufacturer: GenuineIntel
  NumCores: 1
  NumLogicals: 2
  CPUFrequency: 2500
  CPUMaxFrequency: 3800
  Memory: 15608
  CPUInfo:
    number: 1
    Family: 6
    Model: 5
    stepping: 7
    features: 529267711
    manufacture: GenuineIntel
    typestring: Intel(R) Xeon(R) Platinum 8269CY CPU @ 2.50GHz
    iCoresPerPackage: 1
    iThreadsPerPackage: 2
    featuresEx:
      - 529267711
      - 4294586883
      - 739248128
    bHybrid: false
    nPCore: 0
    nLogicalsPerPCore: 0
    nECore: 0
    nLogicalsPerECore: 0
  MemModuleInfo:
    iNumMemSticks: 1
    DIMM 1:
      manufacturer: Alibaba Cloud
      modulePartNo: Not Specified
      memType: RAM
      size: 16
      clkspeed: 0
      moduleVoltage: 0
Checksum: 11D52FD018AACF1E09A6BDB6FB08EE855F40B6F7