BaselineInfo:
  WebDBID: -1
  TimeStamp: 20241108191504
Version:
  Major: 11
  Minor: 0
  Build: 1002
  SpecialBuildName: ""
  ptArchitecture: x86_64_linux
Results:
  Results Complete: true
  NumTestProcesses: 16
  CPU_INTEGER_MATH: 66733.87033333334
  CPU_FLOATINGPOINT_MATH: 34060.471311020345
  CPU_PRIME: 107.14153235983454
  CPU_SORTING: 33820.693398638388
  CPU_ENCRYPTION: 14554.772206662481
  CPU_COMPRESSION: 246122.48665824946
  CPU_SINGLETHREAD: 2359.2069533074991
  CPU_PHYSICS: 2044.2654518973823
  CPU_MATRIX_MULT_SSE: 14012.529337988572
  CPU_mm: 1442.2160514862583
  CPU_sse: 6319.3183957401461
  CPU_fma: 17388.522547283341
  CPU_avx: 12878.710705349433
  CPU_avx512: 19463.565703581375
  m_CPU_enc_SHA: 14683060609.308468
  m_CPU_enc_AES: 22084700466.902004
  m_CPU_enc_ECDSA: 9017593387.9094925
  ME_ALLOC_S: 7299.5283865671217
  ME_READ_S: 23337.324414062499
  ME_READ_L: 9566.6376953125
  ME_WRITE: 8515.1650390625
  ME_LARGE: 116414.41666666667
  ME_LATENCY: 67.001265118367556
  ME_THREADED: 80378.79541015625
  SUMM_CPU: 20679.308127320634
  SUMM_ME: 2235.1283262781635
SystemInformation:
  OSName: Ubuntu 24.04.1 LTS
  Kernel: 6.8.0-1016-aws
  Device: ""
  Processor: Intel Xeon Platinum 8375C CPU @ 2.90GHz
  NumSockets: 1
  Manufacturer: GenuineIntel
  NumCores: 8
  NumLogicals: 16
  CPUFrequency: 0
  Memory: 126762
  MemModuleInfo:
    iNumMemSticks: 1
    DIMM 1:
      manufacturer: Not Specified
      modulePartNo: Not Specified
      memType: DDR4
      size: 128
      clkspeed: 1600
      moduleVoltage: 0
Checksum: BDC880407EC5C9F838C9F7CC4409FC7975A98EC4