---
system-info:
      stress-ng-version: 0.17.08
      run-by: root
      date-yyyy-mm-dd: 2024:06:08
      time-hh-mm-ss: 11:30:28
      epoch-secs: 1717846228
      hostname: aaeebad29326
      sysname: Linux
      nodename: aaeebad29326
      release: 6.8.0-1008-aws
      version: '#8-Ubuntu SMP Sat Apr 20 00:46:25 UTC 2024'
      machine: x86_64
      compiler: 'musl-gcc 13.2.1'
      uptime: 154
      totalram: 16469204992
      freeram: 12175421440
      sharedram: 11636736
      bufferram: 100687872
      totalswap: 0
      freeswap: 0
      pagesize: 4096
      cpus: 4
      cpus-online: 4
      ticks-per-second: 100

metrics:
    - stressor: cpu
      bogo-ops: 31600
      bogo-ops-per-second-usr-sys-time: 795.279142
      bogo-ops-per-second-real-time: 3158.868361
      wall-clock-time: 10.003582
      user-time: 39.719501
      system-time: 0.014975
      cpu-usage-per-instance: 99.300616
      max-rss: 3920

...
