---
system-info:
      stress-ng-version: 0.17.08
      run-by: root
      date-yyyy-mm-dd: 2024:06:14
      time-hh-mm-ss: 17:56:56
      epoch-secs: 1718387816
      hostname: 050a2f14ca6f
      sysname: Linux
      nodename: 050a2f14ca6f
      release: 6.8.0-1008-aws
      version: '#8-Ubuntu SMP Sat Apr 20 00:46:25 UTC 2024'
      machine: x86_64
      compiler: 'musl-gcc 13.2.1'
      uptime: 182
      totalram: 16469200896
      freeram: 12179914752
      sharedram: 11636736
      bufferram: 108613632
      totalswap: 0
      freeswap: 0
      pagesize: 4096
      cpus: 4
      cpus-online: 4
      ticks-per-second: 100

metrics:
    - stressor: cpu
      bogo-ops: 23600
      bogo-ops-per-second-usr-sys-time: 297.372048
      bogo-ops-per-second-real-time: 1179.982005
      wall-clock-time: 20.000305
      user-time: 79.343880
      system-time: 0.017984
      cpu-usage-per-instance: 99.200817
      max-rss: 1104

...
