---
system-info:
      stress-ng-version: 0.17.08
      run-by: root
      date-yyyy-mm-dd: 2024:06:14
      time-hh-mm-ss: 03:22:33
      epoch-secs: 1718335353
      hostname: d98b56b37e74
      sysname: Linux
      nodename: d98b56b37e74
      release: 6.8.0-1008-aws
      version: '#8-Ubuntu SMP Sat Apr 20 00:46:25 UTC 2024'
      machine: x86_64
      compiler: 'musl-gcc 13.2.1'
      uptime: 126
      totalram: 99083100160
      freeram: 94508298240
      sharedram: 37195776
      bufferram: 107290624
      totalswap: 0
      freeswap: 0
      pagesize: 4096
      cpus: 48
      cpus-online: 48
      ticks-per-second: 100

metrics:
    - stressor: cpu
      bogo-ops: 1433836
      bogo-ops-per-second-usr-sys-time: 1494.144157
      bogo-ops-per-second-real-time: 71691.619869
      wall-clock-time: 20.000050
      user-time: 959.612002
      system-time: 0.024987
      cpu-usage-per-instance: 99.961935
      max-rss: 1152

...
