---
system-info:
      stress-ng-version: 0.17.08
      run-by: root
      date-yyyy-mm-dd: 2024:06:06
      time-hh-mm-ss: 01:58:50
      epoch-secs: 1717639130
      hostname: 456f72f04f23
      sysname: Linux
      nodename: 456f72f04f23
      release: 6.8.0-1008-aws
      version: '#8-Ubuntu SMP Sat Apr 20 00:46:25 UTC 2024'
      machine: x86_64
      compiler: 'musl-gcc 13.2.1'
      uptime: 115
      totalram: 99083100160
      freeram: 94739501056
      sharedram: 37195776
      bufferram: 79810560
      totalswap: 0
      freeswap: 0
      pagesize: 4096
      cpus: 48
      cpus-online: 48
      ticks-per-second: 100

metrics:
    - stressor: cpu
      bogo-ops: 635883
      bogo-ops-per-second-usr-sys-time: 1325.341327
      bogo-ops-per-second-real-time: 63580.425943
      wall-clock-time: 10.001238
      user-time: 479.732146
      system-time: 0.055956
      cpu-usage-per-instance: 99.943477
      max-rss: 3840

...
