---
system-info:
      stress-ng-version: 0.17.08
      run-by: root
      date-yyyy-mm-dd: 2024:06:07
      time-hh-mm-ss: 22:41:44
      epoch-secs: 1717800104
      hostname: fd78c2c444ac
      sysname: Linux
      nodename: fd78c2c444ac
      release: 6.8.0-1008-aws
      version: '#8-Ubuntu SMP Sat Apr 20 02:43:14 UTC 2024'
      machine: aarch64
      compiler: 'musl-gcc 13.2.1'
      uptime: 149
      totalram: 3976560640
      freeram: 90779648
      sharedram: 35020800
      bufferram: 86884352
      totalswap: 0
      freeswap: 0
      pagesize: 4096
      cpus: 1
      cpus-online: 1
      ticks-per-second: 100

metrics:
    - stressor: cpu
      bogo-ops: 2866
      bogo-ops-per-second-usr-sys-time: 291.623239
      bogo-ops-per-second-real-time: 286.194199
      wall-clock-time: 10.014179
      user-time: 9.826758
      system-time: 0.000991
      cpu-usage-per-instance: 98.138337
      max-rss: 4264

...
