---
system-info:
      stress-ng-version: 0.17.08
      run-by: root
      date-yyyy-mm-dd: 2024:06:13
      time-hh-mm-ss: 13:40:57
      epoch-secs: 1718286057
      hostname: bd88f3a99bcc
      sysname: Linux
      nodename: bd88f3a99bcc
      release: 6.8.0-1008-aws
      version: '#8-Ubuntu SMP Sat Apr 20 02:43:14 UTC 2024'
      machine: aarch64
      compiler: 'musl-gcc 13.2.1'
      uptime: 142
      totalram: 3976568832
      freeram: 85573632
      sharedram: 35020800
      bufferram: 100392960
      totalswap: 0
      freeswap: 0
      pagesize: 4096
      cpus: 1
      cpus-online: 1
      ticks-per-second: 100

metrics:
    - stressor: cpu
      bogo-ops: 29904
      bogo-ops-per-second-usr-sys-time: 1519.202874
      bogo-ops-per-second-real-time: 1495.195330
      wall-clock-time: 20.000062
      user-time: 19.683015
      system-time: 0.000992
      cpu-usage-per-instance: 98.419728
      max-rss: 1192

...
