BaselineInfo:
  WebDBID: -1
  TimeStamp: 20241110165041
Version:
  Major: 11
  Minor: 0
  Build: 1002
  SpecialBuildName: ""
  ptArchitecture: x86_64_linux
Results:
  Results Complete: true
  NumTestProcesses: 128
  CPU_INTEGER_MATH: 536554.69166666653
  CPU_FLOATINGPOINT_MATH: 274142.4878396276
  CPU_PRIME: 533.18591462884206
  CPU_SORTING: 243082.37170538871
  CPU_ENCRYPTION: 111172.36551723907
  CPU_COMPRESSION: 1861673.7670972059
  CPU_SINGLETHREAD: 2421.1693114834457
  CPU_PHYSICS: 8503.1135369901185
  CPU_MATRIX_MULT_SSE: 106437.4034422674
  CPU_mm: 10874.337520258372
  CPU_sse: 46820.052347576013
  CPU_fma: 123888.42622399671
  CPU_avx: 95944.183772518649
  CPU_avx512: 159096.95142497812
  m_CPU_enc_SHA: 114463422229.0441
  m_CPU_enc_AES: 166230212925.18195
  m_CPU_enc_ECDSA: 69024387879.587097
  ME_ALLOC_S: 29450.041735593764
  ME_READ_S: 24223.60546875
  ME_READ_L: 11651.904296875
  ME_WRITE: 10623.2666015625
  ME_LARGE: 1001286.5833333334
  ME_LATENCY: 58.30617787195056
  ME_THREADED: 331286.82739257812
  SUMM_CPU: 86579.415615008053
  SUMM_ME: 2684.5373363820077
SystemInformation:
  OSName: Ubuntu 24.04.1 LTS
  Kernel: 6.8.0-1016-aws
  Device: ""
  Processor: Intel Xeon Platinum 8375C CPU @ 2.90GHz
  NumSockets: 2
  Manufacturer: GenuineIntel
  NumCores: 64
  NumLogicals: 128
  CPUFrequency: 0
  Memory: 1015774
  MemModuleInfo:
    iNumMemSticks: 2
    DIMM 1:
      manufacturer: Not Specified
      modulePartNo: Not Specified
      memType: DDR4
      size: 512
      clkspeed: 1600
      moduleVoltage: 0
    DIMM 2:
      manufacturer: Not Specified
      modulePartNo: Not Specified
      memType: DDR4
      size: 512
      clkspeed: 1600
      moduleVoltage: 0
Checksum: 4A0EF5A241E6075A27D0594DD65D7F255DCBC7E2