---
system-info:
      stress-ng-version: 0.17.08
      run-by: root
      date-yyyy-mm-dd: 2024:07:12
      time-hh-mm-ss: 01:06:48
      epoch-secs: 1720746408
      hostname: ip-172-31-20-68
      sysname: Linux
      nodename: ip-172-31-20-68
      release: 6.8.0-1010-aws
      version: '#10-Ubuntu SMP Thu Jun 13 17:36:15 UTC 2024'
      machine: x86_64
      compiler: 'musl-gcc 13.2.1'
      uptime: 177
      totalram: 64919588864
      freeram: 56956035072
      sharedram: 37154816
      bufferram: 128880640
      totalswap: 0
      freeswap: 0
      pagesize: 4096
      cpus: 16
      cpus-online: 16
      ticks-per-second: 100

metrics:
    - stressor: cpu
      bogo-ops: 479223
      bogo-ops-per-second-usr-sys-time: 1498.848716
      bogo-ops-per-second-real-time: 23961.062488
      wall-clock-time: 20.000073
      user-time: 319.697407
      system-time: 0.029991
      cpu-usage-per-instance: 99.914447
      max-rss: 1104

...
