size_kb,operation,bandwidth_mb_s,latency_ns,latency_stddev_ns,latency_samples,threads,iterations,elapsed_s
32,read,5673315.43,0,0,0,96,566894,0.299769
32,write,4404805.37,0,0,0,96,568181,0.386974
32,copy,2810584.85,0,0,0,96,402576,0.429707
32,latency,0,0.98,0.00,7,1,7,0.140993
128,read,5680695.46,0,0,0,96,196540,0.415175
128,write,4965955.92,0,0,0,96,196540,0.474930
128,copy,3493435.53,0,0,0,96,114521,0.393381
128,latency,0,2.68,0.00,7,1,7,0.703032
512,read,4951420.83,0,0,0,96,58740,0.569437
512,write,4935383.88,0,0,0,96,52554,0.511124
512,copy,2292712.28,0,0,0,96,15971,0.334367
512,latency,0,3.70,0.04,7,1,7,0.660527
1024,read,4477557.43,0,0,0,96,22012,0.471943
1024,write,4345552.83,0,0,0,96,16498,0.364466
1024,copy,1851643.38,0,0,0,96,7093,0.367743
1024,latency,0,5.59,0.02,7,1,7,0.704151
2048,read,3605167.34,0,0,0,96,7000,0.372798
2048,write,3194196.28,0,0,0,96,6390,0.384097
2048,copy,779936.78,0,0,0,96,2951,0.726459
2048,latency,0,9.79,0.08,7,1,7,0.682863
8192,read,685464.49,0,0,0,96,1287,1.441965
8192,write,574084.25,0,0,0,96,3079,4.119033
8192,copy,112250.52,0,0,0,96,757,5.179272
8192,latency,0,11.42,0.01,7,1,7,0.698927
16384,read,318439.29,0,0,0,96,615,2.966468
16384,write,175007.08,0,0,0,96,584,5.125644
16384,copy,102797.97,0,0,0,96,329,4.915895
16384,latency,0,11.89,0.01,7,1,7,0.755634
32768,read,274985.03,0,0,0,96,316,3.530199
32768,write,157366.14,0,0,0,96,225,4.392305
32768,copy,102853.23,0,0,0,96,143,4.271096
32768,latency,0,14.41,1.19,21,1,21,2.122692
65536,read,275907.60,0,0,0,96,162,3.607469
65536,write,157795.47,0,0,0,96,100,3.893648
65536,copy,102508.58,0,0,0,96,65,3.895869
65536,latency,0,70.82,0.42,7,1,7,3.065940
131072,read,274612.03,0,0,0,96,81,3.624488
131072,write,157447.15,0,0,0,96,52,4.058352
131072,copy,102727.99,0,0,0,96,34,4.066973
131072,latency,0,92.66,0.16,7,1,7,7.991367
