---
system-info:
      stress-ng-version: 0.17.08
      run-by: root
      date-yyyy-mm-dd: 2024:06:13
      time-hh-mm-ss: 20:42:52
      epoch-secs: 1718311372
      hostname: 1a138d074102
      sysname: Linux
      nodename: 1a138d074102
      release: 6.8.0-1008-aws
      version: '#8-Ubuntu SMP Sat Apr 20 00:46:25 UTC 2024'
      machine: x86_64
      compiler: 'musl-gcc 13.2.1'
      uptime: 174
      totalram: 1081992364032
      freeram: 1074910195712
      sharedram: 116629504
      bufferram: 106999808
      totalswap: 0
      freeswap: 0
      pagesize: 4096
      cpus: 128
      cpus-online: 128
      ticks-per-second: 100

metrics:
    - stressor: cpu
      bogo-ops: 38188
      bogo-ops-per-second-usr-sys-time: 1909.367923
      bogo-ops-per-second-real-time: 1909.396267
      wall-clock-time: 20.000039
      user-time: 20.000336
      system-time: 0.000000
      cpu-usage-per-instance: 100.001484
      max-rss: 0

...
