---
system-info:
      stress-ng-version: 0.17.08
      run-by: root
      date-yyyy-mm-dd: 2024:06:08
      time-hh-mm-ss: 07:41:36
      epoch-secs: 1717832496
      hostname: 37c44fdef867
      sysname: Linux
      nodename: 37c44fdef867
      release: 6.8.0-1008-aws
      version: '#8-Ubuntu SMP Sat Apr 20 00:46:25 UTC 2024'
      machine: x86_64
      compiler: 'musl-gcc 13.2.1'
      uptime: 122
      totalram: 1081992376320
      freeram: 1074947584000
      sharedram: 116629504
      bufferram: 98078720
      totalswap: 0
      freeswap: 0
      pagesize: 4096
      cpus: 128
      cpus-online: 128
      ticks-per-second: 100

metrics:
    - stressor: cpu
      bogo-ops: 16950
      bogo-ops-per-second-usr-sys-time: 1694.540779
      bogo-ops-per-second-real-time: 1694.601834
      wall-clock-time: 10.002350
      user-time: 10.002710
      system-time: 0.000000
      cpu-usage-per-instance: 100.003603
      max-rss: 2048

...
