BaselineInfo:
  WebDBID: -1
  TimeStamp: 20241108055006
Version:
  Major: 11
  Minor: 0
  Build: 1002
  SpecialBuildName: ""
  ptArchitecture: x86_64_linux
Results:
  Results Complete: true
  NumTestProcesses: 16
  CPU_INTEGER_MATH: 66478.696333333326
  CPU_FLOATINGPOINT_MATH: 36577.977021117455
  CPU_PRIME: 101.95969111863502
  CPU_SORTING: 35328.303449119689
  CPU_ENCRYPTION: 17189.095430526169
  CPU_COMPRESSION: 256132.06859597829
  CPU_SINGLETHREAD: 2397.7037791651646
  CPU_PHYSICS: 2303.6592809104541
  CPU_MATRIX_MULT_SSE: 14871.708658802607
  CPU_mm: 1786.6596206836659
  CPU_sse: 7539.8463018246312
  CPU_fma: 20830.11320705634
  CPU_avx: 16245.166467526853
  CPU_avx512: 0
  m_CPU_enc_SHA: 24900843821.628239
  m_CPU_enc_AES: 15923921941.945953
  m_CPU_enc_ECDSA: 13247453026.904026
  ME_ALLOC_S: 7158.0454833183694
  ME_READ_S: 24450.481835937499
  ME_READ_L: 20283.3203125
  ME_WRITE: 19490.451171875
  ME_LARGE: 118560.08333333333
  ME_LATENCY: 61.340852262333549
  ME_THREADED: 61298.8916015625
  SUMM_CPU: 21743.336689244214
  SUMM_ME: 2839.7508965854981
SystemInformation:
  OSName: Ubuntu 24.04.1 LTS
  Kernel: 6.8.0-1017-azure
  Device: ""
  Processor: AMD EPYC 7763 64-Core Processor
  NumSockets: 1
  Manufacturer: AuthenticAMD
  NumCores: 8
  NumLogicals: 16
  CPUFrequency: 0
  Memory: 128809
  MemModuleInfo:
    iNumMemSticks: 3
    DIMM 1:
      manufacturer: Microsoft Corporation
      modulePartNo: None
      memType: Unknown
      size: 1
      clkspeed: 0
      moduleVoltage: 0
    DIMM 2:
      manufacturer: Microsoft Corporation
      modulePartNo: None
      memType: Unknown
      size: 59
      clkspeed: 0
      moduleVoltage: 0
    DIMM 3:
      manufacturer: Microsoft Corporation
      modulePartNo: None
      memType: Unknown
      size: 68
      clkspeed: 0
      moduleVoltage: 0
Checksum: B62B8B3D669161BB3015CC95DA990A89D4CFF24A