---
system-info:
      stress-ng-version: 0.17.08
      run-by: root
      date-yyyy-mm-dd: 2024:09:20
      time-hh-mm-ss: 14:44:29
      epoch-secs: 1726843469
      hostname: sc-runner
      sysname: Linux
      nodename: sc-runner
      release: 6.8.0-1014-azure
      version: '#16-Ubuntu SMP Thu Aug 15 20:04:41 UTC 2024'
      machine: x86_64
      compiler: 'musl-gcc 13.2.1'
      uptime: 352
      totalram: 33650913280
      freeram: 23405129728
      sharedram: 38129664
      bufferram: 246665216
      totalswap: 0
      freeswap: 0
      pagesize: 4096
      cpus: 8
      cpus-online: 8
      ticks-per-second: 100

metrics:
    - stressor: cpu
      bogo-ops: 215682
      bogo-ops-per-second-usr-sys-time: 1352.321215
      bogo-ops-per-second-real-time: 10784.064454
      wall-clock-time: 20.000066
      user-time: 159.472227
      system-time: 0.017987
      cpu-usage-per-instance: 99.681055
      max-rss: 3152

...
