---
system-info:
      stress-ng-version: 0.17.08
      run-by: root
      date-yyyy-mm-dd: 2024:09:20
      time-hh-mm-ss: 10:05:26
      epoch-secs: 1726826726
      hostname: sc-runner
      sysname: Linux
      nodename: sc-runner
      release: 6.8.0-1014-azure
      version: '#16-Ubuntu SMP Thu Aug 15 20:04:41 UTC 2024'
      machine: x86_64
      compiler: 'musl-gcc 13.2.1'
      uptime: 342
      totalram: 33652326400
      freeram: 23444992000
      sharedram: 38084608
      bufferram: 248143872
      totalswap: 0
      freeswap: 0
      pagesize: 4096
      cpus: 4
      cpus-online: 4
      ticks-per-second: 100

metrics:
    - stressor: cpu
      bogo-ops: 57309
      bogo-ops-per-second-usr-sys-time: 2865.496851
      bogo-ops-per-second-real-time: 2865.445901
      wall-clock-time: 20.000029
      user-time: 19.998674
      system-time: 0.000999
      cpu-usage-per-instance: 99.998222
      max-rss: 3024

...
