---
system-info:
      stress-ng-version: 0.17.08
      run-by: root
      date-yyyy-mm-dd: 2024:09:16
      time-hh-mm-ss: 17:08:33
      epoch-secs: 1726506513
      hostname: sc-runner
      sysname: Linux
      nodename: sc-runner
      release: 6.8.0-1014-azure
      version: '#16-Ubuntu SMP Thu Aug 15 20:04:41 UTC 2024'
      machine: x86_64
      compiler: 'musl-gcc 13.2.1'
      uptime: 328
      totalram: 67420606464
      freeram: 57159962624
      sharedram: 42156032
      bufferram: 233840640
      totalswap: 0
      freeswap: 0
      pagesize: 4096
      cpus: 16
      cpus-online: 16
      ticks-per-second: 100

metrics:
    - stressor: cpu
      bogo-ops: 398178
      bogo-ops-per-second-usr-sys-time: 1245.752386
      bogo-ops-per-second-real-time: 19908.814605
      wall-clock-time: 20.000086
      user-time: 319.595537
      system-time: 0.032990
      cpu-usage-per-instance: 99.883486
      max-rss: 3152

...
