---
system-info:
      stress-ng-version: 0.17.08
      run-by: root
      date-yyyy-mm-dd: 2024:09:05
      time-hh-mm-ss: 07:59:37
      epoch-secs: 1725523177
      hostname: sc-runner
      sysname: Linux
      nodename: sc-runner
      release: 6.8.0-1013-azure
      version: '#15-Ubuntu SMP Thu Aug  8 18:40:40 UTC 2024'
      machine: x86_64
      compiler: 'musl-gcc 13.2.1'
      uptime: 344
      totalram: 67420610560
      freeram: 58722021376
      sharedram: 42156032
      bufferram: 221728768
      totalswap: 0
      freeswap: 0
      pagesize: 4096
      cpus: 16
      cpus-online: 16
      ticks-per-second: 100

metrics:
    - stressor: cpu
      bogo-ops: 397849
      bogo-ops-per-second-usr-sys-time: 1244.905173
      bogo-ops-per-second-real-time: 19892.351026
      wall-clock-time: 20.000100
      user-time: 319.557776
      system-time: 0.023995
      cpu-usage-per-instance: 99.868807
      max-rss: 1104

...
