BaselineInfo:
  WebDBID: -1
  TimeStamp: 20241107213750
Version:
  Major: 11
  Minor: 0
  Build: 1002
  SpecialBuildName: ""
  ptArchitecture: aarch64_linux
Results:
  Results Complete: true
  NumTestProcesses: 16
  CPU_INTEGER_MATH: 100892.44366666666
  CPU_FLOATINGPOINT_MATH: 84777.13406529458
  CPU_PRIME: 217.68126245912384
  CPU_SORTING: 81454.433916840397
  CPU_ENCRYPTION: 2992.4718886849532
  CPU_COMPRESSION: 109754.44770562931
  CPU_SINGLETHREAD: 1874.2271817941189
  CPU_PHYSICS: 4932.3479428678183
  CPU_MATRIX_MULT_SSE: 14318.542405022426
  CPU_mm: 2277.1124815025614
  CPU_sse: 12070.940330420912
  CPU_fma: 16566.144479623941
  CPU_avx: 0
  CPU_avx512: 0
  m_CPU_enc_SHA: 4370043700.3544588
  m_CPU_enc_AES: 1937362662.1363451
  m_CPU_enc_ECDSA: 3106096246.9583364
  ME_ALLOC_S: 18348.307925463083
  ME_READ_S: 25578.066210937501
  ME_READ_L: 15815.923828125
  ME_WRITE: 25221.548828125
  ME_LARGE: 21323.333333333332
  ME_LATENCY: 58.286462206271288
  ME_THREADED: 230309.1611328125
  SUMM_CPU: 14693.202898307531
  SUMM_ME: 2945.6087952525854
SystemInformation:
  OSName: Ubuntu 24.04.1 LTS
  Kernel: 6.8.0-1017-azure
  Device: ""
  Processor: ARM Neoverse-N2 16 Core 0 MHz
  NumSockets: 1
  Manufacturer: ARM
  NumCores: 16
  NumLogicals: 16
  CPUFrequency: 0
  Memory: 32028
Checksum: CC4380CF5303D7F0F1B90C601210F94270831A8B