"size","threads","connections","rps","latency","failed","server_usr","server_sys","client_usr","client_sys"
"1k",2,2,73755,0.000038680,0,3.61,7.07,1.39,7.64
"1k",2,4,72573,0.000123240,0,3.11,7.21,1.31,7.70
"1k",2,8,85802,0.000174940,0,3.12,7.29,1.42,7.65
"1k",2,16,95877,0.000277280,0,3.15,7.13,1.38,7.69
"1k",2,32,95094,0.000456860,0,3.02,7.23,1.40,7.84
"1k",2,64,98316,0.000668030,0,3.19,7.21,1.48,7.62
"1k",4,4,70358,0.000076260,0,3.05,7.19,1.40,8.08
"1k",4,8,77085,0.000124550,0,3.13,7.03,1.35,8.18
"1k",4,16,83308,0.000243980,0,2.97,7.22,1.50,8.02
"1k",4,32,85600,0.000513530,0,2.81,7.23,1.43,8.03
"1k",4,64,89583,0.000810380,0,3.05,7.04,1.40,8.08
"1k",8,8,76369,0.000133140,0,2.94,6.96,1.65,8.16
"1k",8,16,76028,0.000275240,0,2.73,7.04,1.60,8.31
"1k",8,32,80474,0.000495720,0,2.75,7.14,1.54,8.28
"1k",8,64,85205,0.000834570,0,2.74,7.14,1.53,8.14
"16k",2,2,63856,0.000041940,0,3.54,6.67,1.62,7.91
"16k",2,4,57945,0.000130270,0,2.78,7.29,1.25,7.85
"16k",2,8,67420,0.000198590,0,2.80,7.32,1.32,8.08
"16k",2,16,70850,0.000310800,0,2.88,7.29,1.36,7.99
"16k",2,32,71232,0.000533180,0,2.95,7.14,1.37,7.87
"16k",2,64,69286,0.000890000,0,3.00,7.29,1.24,8.04
"16k",4,4,62384,0.000081190,0,3.05,6.94,1.49,8.21
"16k",4,8,63926,0.000143870,0,2.81,7.22,1.46,8.23
"16k",4,16,66729,0.000308020,0,2.70,7.18,1.47,8.17
"16k",4,32,65593,0.000603880,0,2.74,7.20,1.36,8.28
"16k",4,64,68783,0.000990000,0,2.87,7.16,1.45,8.06
"16k",8,8,62402,0.000151020,0,2.71,6.99,1.52,8.54
"16k",8,16,59604,0.000333250,0,2.52,7.18,1.42,8.57
"16k",8,32,62370,0.000602840,0,2.63,7.23,1.43,8.38
"16k",8,64,63593,0.001060000,0,2.71,7.15,1.46,8.22
"64k",2,2,38724,0.000063290,0,2.81,7.13,1.52,8.24
"64k",2,4,32957,0.000193420,0,2.40,7.64,1.20,8.05
"64k",2,8,35479,0.000263090,0,2.62,7.53,1.21,8.00
"64k",2,16,33982,0.000506290,0,2.48,7.73,1.23,8.01
"64k",2,32,34803,0.000836360,0,2.67,7.71,1.23,7.79
"64k",2,64,32461,0.001770000,0,2.51,8.06,1.17,7.84
"64k",4,4,35054,0.000131510,0,2.53,7.42,1.33,8.42
"64k",4,8,32628,0.000269410,0,2.34,7.78,1.20,8.38
"64k",4,16,32377,0.000554880,0,2.23,7.96,1.22,8.10
"64k",4,32,32814,0.001010000,0,2.27,8.06,1.18,8.04
"64k",4,64,30691,0.002040000,0,2.33,8.26,1.13,7.88
"64k",8,8,33454,0.000260750,0,2.38,7.57,1.46,8.32
"64k",8,16,31544,0.000567580,0,2.19,7.85,1.25,8.23
"64k",8,32,31895,0.001050000,0,2.19,7.99,1.26,8.08
"64k",8,64,31094,0.002060000,0,2.34,8.05,1.22,7.95
"256k",2,2,14526,0.000147190,0,3.00,7.65,1.35,7.66
"256k",2,4,13159,0.000294400,0,3.23,7.84,1.34,7.30
"256k",2,8,12329,0.000640070,0,2.69,8.53,1.09,7.10
"256k",2,16,12117,0.001240000,0,2.63,8.58,1.08,7.24
"256k",2,32,10134,0.002940000,0,2.99,9.02,0.90,6.68
"256k",4,4,13269,0.000318340,0,3.06,7.92,1.34,7.32
"256k",4,8,12040,0.000706730,0,2.46,8.61,1.12,7.36
"256k",4,16,11376,0.001420000,0,2.65,8.64,1.15,7.09
"256k",4,32,10682,0.002940000,0,2.79,8.89,0.93,6.95
"256k",8,8,11513,0.000738820,0,2.61,8.48,1.14,7.43
"256k",8,16,11394,0.001450000,0,2.60,8.63,1.08,7.22
"256k",8,32,10498,0.003060000,0,2.95,8.65,1.07,6.89
"512k",2,2,6922,0.000298660,0,3.03,8.47,1.15,6.86
"512k",2,4,6654,0.000587580,0,2.91,8.73,0.99,7.04
"512k",2,8,6410,0.001200000,0,2.74,8.87,1.01,6.90
"512k",2,16,5585,0.002670000,0,3.20,8.88,1.00,6.47
"512k",2,32,4616,0.006760000,0,5.22,7.91,0.80,5.63
"512k",4,4,6531,0.000624200,0,2.87,8.71,1.10,7.03
"512k",4,8,5944,0.001360000,0,2.62,8.97,1.01,6.94
"512k",4,16,5692,0.002790000,0,2.96,9.01,0.91,6.67
"512k",4,32,4412,0.007200000,0,5.49,7.78,0.74,5.53
"512k",8,8,5942,0.001370000,0,2.73,8.77,1.11,6.87
"512k",8,16,5335,0.003020000,0,3.33,8.73,1.01,6.41
"512k",8,32,4648,0.006870000,0,5.30,7.69,0.90,5.63
