---
system-info:
      stress-ng-version: 0.17.08
      run-by: root
      date-yyyy-mm-dd: 2024:06:14
      time-hh-mm-ss: 19:17:31
      epoch-secs: 1718392651
      hostname: 62c8c310ac79
      sysname: Linux
      nodename: 62c8c310ac79
      release: 6.8.0-1008-aws
      version: '#8-Ubuntu SMP Sat Apr 20 00:46:25 UTC 2024'
      machine: x86_64
      compiler: 'musl-gcc 13.2.1'
      uptime: 167
      totalram: 267549704192
      freeram: 262215294976
      sharedram: 78520320
      bufferram: 109748224
      totalswap: 0
      freeswap: 0
      pagesize: 4096
      cpus: 64
      cpus-online: 64
      ticks-per-second: 100

metrics:
    - stressor: cpu
      bogo-ops: 26531
      bogo-ops-per-second-usr-sys-time: 1326.561010
      bogo-ops-per-second-real-time: 1326.548466
      wall-clock-time: 20.000023
      user-time: 19.999834
      system-time: 0.000000
      cpu-usage-per-instance: 99.999054
      max-rss: 512

...
