---
system-info:
      stress-ng-version: 0.17.08
      run-by: root
      date-yyyy-mm-dd: 2024:06:08
      time-hh-mm-ss: 13:00:22
      epoch-secs: 1717851622
      hostname: 4c254ededabf
      sysname: Linux
      nodename: 4c254ededabf
      release: 6.8.0-1008-aws
      version: '#8-Ubuntu SMP Sat Apr 20 00:46:25 UTC 2024'
      machine: x86_64
      compiler: 'musl-gcc 13.2.1'
      uptime: 129
      totalram: 267549749248
      freeram: 262172041216
      sharedram: 78520320
      bufferram: 101822464
      totalswap: 0
      freeswap: 0
      pagesize: 4096
      cpus: 64
      cpus-online: 64
      ticks-per-second: 100

metrics:
    - stressor: cpu
      bogo-ops: 14356
      bogo-ops-per-second-usr-sys-time: 1435.511572
      bogo-ops-per-second-real-time: 1435.484971
      wall-clock-time: 10.000801
      user-time: 10.000616
      system-time: 0.000000
      cpu-usage-per-instance: 99.998147
      max-rss: 3584

...
