BaselineInfo:
  WebDBID: -1
  TimeStamp: 20260403230559
Version:
  Major: 11
  Minor: 0
  Build: 1004
  SpecialBuildName: ""
  ptArchitecture: x86_64_linux
Results:
  Results Complete: true
  NumTestProcesses: 2
  CPU_INTEGER_MATH: 5969.4670000000006
  CPU_FLOATINGPOINT_MATH: 3205.6089317171773
  CPU_PRIME: 12.982630918421247
  CPU_SORTING: 3705.5818077829417
  CPU_ENCRYPTION: 822.26338115954331
  CPU_COMPRESSION: 27726.094588989319
  CPU_SINGLETHREAD: 1966.718290736573
  CPU_PHYSICS: 245.49156329248223
  CPU_MATRIX_MULT_SSE: 1530.1634852671614
  CPU_mm: 181.68847475891886
  CPU_sse: 648.72271244802562
  CPU_fma: 2084.8799475873484
  CPU_avx: 1475.0140766261825
  CPU_avx512: 1912.0372044070887
  m_CPU_enc_SHA: 270297311.15322137
  m_CPU_enc_AES: 2075160696.1989894
  m_CPU_enc_ECDSA: 241158934.13603669
  ME_ALLOC_S: 608.82700421884215
  ME_READ_S: 22978.41796875
  ME_READ_L: 6766.1943359375
  ME_WRITE: 7367.7158203125
  ME_LARGE: 1090
  ME_LATENCY: 76.922479302796788
  ME_THREADED: 9498.98974609375
  SUMM_CPU: 2172.8258499835119
  SUMM_ME: 992.82407115666058
SystemInformation:
  OSName: Ubuntu 24.04.4 LTS
  Kernel: 6.8.0-106-generic
  Device: ""
  Processor: Intel(R) Xeon(R) Gold 6149 CPU @ 3.10GHz
  NumSockets: 1
  Manufacturer: GenuineIntel
  NumCores: 1
  NumLogicals: 2
  CPUFrequency: 3100
  CPUMaxFrequency: 3400
  Memory: 3531
  CPUInfo:
    number: 1
    Family: 6
    Model: 5
    stepping: 4
    features: 529267711
    manufacture: GenuineIntel
    typestring: Intel(R) Xeon(R) Gold 6149 CPU @ 3.10GHz
    iCoresPerPackage: 1
    iThreadsPerPackage: 2
    featuresEx:
      - 529267711
      - 4294586883
      - 739248128
    bHybrid: false
    nPCore: 0
    nLogicalsPerPCore: 0
    nECore: 0
    nLogicalsPerECore: 0
  MemModuleInfo:
    iNumMemSticks: 1
    DIMM 1:
      manufacturer: Alibaba Cloud
      modulePartNo: Not Specified
      memType: RAM
      size: 4
      clkspeed: 0
      moduleVoltage: 0
Checksum: E158BE4CCA730257C77B258DE7E90A2AA48BB11C