BaselineInfo:
  WebDBID: -1
  TimeStamp: 20241108182345
Version:
  Major: 11
  Minor: 0
  Build: 1002
  SpecialBuildName: ""
  ptArchitecture: x86_64_linux
Results:
  Results Complete: true
  NumTestProcesses: 48
  CPU_INTEGER_MATH: 199431.30833333338
  CPU_FLOATINGPOINT_MATH: 109621.17797125506
  CPU_PRIME: 282.49118342157453
  CPU_SORTING: 104503.31131704854
  CPU_ENCRYPTION: 51402.454371696556
  CPU_COMPRESSION: 753687.50069376582
  CPU_SINGLETHREAD: 2397.3155708851773
  CPU_PHYSICS: 5922.2841259454708
  CPU_MATRIX_MULT_SSE: 44944.513160048875
  CPU_mm: 5387.0099462174658
  CPU_sse: 22711.480540023324
  CPU_fma: 62502.629783809876
  CPU_avx: 49619.429156313403
  CPU_avx512: 0
  m_CPU_enc_SHA: 74581141898.806274
  m_CPU_enc_AES: 47673174048.960564
  m_CPU_enc_ECDSA: 39443824038.001465
  ME_ALLOC_S: 20532.718847678283
  ME_READ_S: 24451.2890625
  ME_READ_L: 20945.6015625
  ME_WRITE: 20065.58984375
  ME_LARGE: 182060.41666666666
  ME_LATENCY: 60.627695208061432
  ME_THREADED: 125877.7392578125
  SUMM_CPU: 51645.264419870546
  SUMM_ME: 3008.696643214158
SystemInformation:
  OSName: Ubuntu 24.04.1 LTS
  Kernel: 6.8.0-1017-azure
  Device: ""
  Processor: AMD EPYC 7763 64-Core Processor
  NumSockets: 1
  Manufacturer: AuthenticAMD
  NumCores: 24
  NumLogicals: 48
  CPUFrequency: 0
  Memory: 193212
  MemModuleInfo:
    iNumMemSticks: 3
    DIMM 1:
      manufacturer: Microsoft Corporation
      modulePartNo: None
      memType: Unknown
      size: 1
      clkspeed: 0
      moduleVoltage: 0
    DIMM 2:
      manufacturer: Microsoft Corporation
      modulePartNo: None
      memType: Unknown
      size: 59
      clkspeed: 0
      moduleVoltage: 0
    DIMM 3:
      manufacturer: Microsoft Corporation
      modulePartNo: None
      memType: Unknown
      size: 132
      clkspeed: 0
      moduleVoltage: 0
Checksum: 156F5EBCBBA9F66668BEDE2C9168B17280582E7B