---
system-info:
      stress-ng-version: 0.17.08
      run-by: root
      date-yyyy-mm-dd: 2024:06:07
      time-hh-mm-ss: 21:40:57
      epoch-secs: 1717796457
      hostname: 72b5f072c873
      sysname: Linux
      nodename: 72b5f072c873
      release: 6.8.0-1008-aws
      version: '#8-Ubuntu SMP Sat Apr 20 02:43:14 UTC 2024'
      machine: aarch64
      compiler: 'musl-gcc 13.2.1'
      uptime: 140
      totalram: 8107876352
      freeram: 3921256448
      sharedram: 35012608
      bufferram: 92479488
      totalswap: 0
      freeswap: 0
      pagesize: 4096
      cpus: 2
      cpus-online: 2
      ticks-per-second: 100

metrics:
    - stressor: cpu
      bogo-ops: 5859
      bogo-ops-per-second-usr-sys-time: 293.965637
      bogo-ops-per-second-real-time: 582.366504
      wall-clock-time: 10.060675
      user-time: 19.927907
      system-time: 0.002994
      cpu-usage-per-instance: 99.053500
      max-rss: 4136

...
