---
system-info:
      stress-ng-version: 0.17.08
      run-by: root
      date-yyyy-mm-dd: 2024:06:13
      time-hh-mm-ss: 13:03:38
      epoch-secs: 1718283818
      hostname: 7836d5e6f7bd
      sysname: Linux
      nodename: 7836d5e6f7bd
      release: 6.8.0-1008-aws
      version: '#8-Ubuntu SMP Sat Apr 20 02:43:14 UTC 2024'
      machine: aarch64
      compiler: 'musl-gcc 13.2.1'
      uptime: 175
      totalram: 8107868160
      freeram: 3901325312
      sharedram: 35012608
      bufferram: 104726528
      totalswap: 0
      freeswap: 0
      pagesize: 4096
      cpus: 2
      cpus-online: 2
      ticks-per-second: 100

metrics:
    - stressor: cpu
      bogo-ops: 60245
      bogo-ops-per-second-usr-sys-time: 1518.829056
      bogo-ops-per-second-real-time: 3012.231776
      wall-clock-time: 20.000121
      user-time: 39.660435
      system-time: 0.004990
      cpu-usage-per-instance: 99.162963
      max-rss: 1192

...
