---
system-info:
      stress-ng-version: 0.17.08
      run-by: root
      date-yyyy-mm-dd: 2024:07:02
      time-hh-mm-ss: 10:15:18
      epoch-secs: 1719915318
      hostname: n1-highcpu-32-ffa6d2d
      sysname: Linux
      nodename: n1-highcpu-32-ffa6d2d
      release: 6.8.0-1009-gcp
      version: '#10-Ubuntu SMP Wed Jun 12 18:52:23 UTC 2024'
      machine: x86_64
      compiler: 'musl-gcc 13.2.1'
      uptime: 168
      totalram: 30259875840
      freeram: 24747630592
      sharedram: 48840704
      bufferram: 126455808
      totalswap: 0
      freeswap: 0
      pagesize: 4096
      cpus: 32
      cpus-online: 32
      ticks-per-second: 100

metrics:
    - stressor: cpu
      bogo-ops: 465686
      bogo-ops-per-second-usr-sys-time: 728.405969
      bogo-ops-per-second-real-time: 23284.171156
      wall-clock-time: 20.000111
      user-time: 639.280078
      system-time: 0.041976
      cpu-usage-per-instance: 99.893518
      max-rss: 1032

...
