---
system-info:
      stress-ng-version: 0.17.08
      run-by: root
      date-yyyy-mm-dd: 2024:07:03
      time-hh-mm-ss: 13:55:05
      epoch-secs: 1720014905
      hostname: a2-highgpu-8g-4b1a784
      sysname: Linux
      nodename: a2-highgpu-8g-4b1a784
      release: 6.8.0-1009-gcp
      version: '#10-Ubuntu SMP Wed Jun 12 18:52:23 UTC 2024'
      machine: x86_64
      compiler: 'musl-gcc 13.2.1'
      uptime: 242
      totalram: 718578892800
      freeram: 708958117888
      sharedram: 83099648
      bufferram: 123891712
      totalswap: 0
      freeswap: 0
      pagesize: 4096
      cpus: 96
      cpus-online: 96
      ticks-per-second: 100

metrics:
    - stressor: cpu
      bogo-ops: 1514918
      bogo-ops-per-second-usr-sys-time: 789.369524
      bogo-ops-per-second-real-time: 75745.500009
      wall-clock-time: 20.000106
      user-time: 1919.100377
      system-time: 0.048962
      cpu-usage-per-instance: 99.955167
      max-rss: 768

...
