---
system-info:
      stress-ng-version: 0.17.08
      run-by: root
      date-yyyy-mm-dd: 2024:06:13
      time-hh-mm-ss: 08:28:51
      epoch-secs: 1718267331
      hostname: 78d2780fb90e
      sysname: Linux
      nodename: 78d2780fb90e
      release: 6.8.0-1008-aws
      version: '#8-Ubuntu SMP Sat Apr 20 00:46:25 UTC 2024'
      machine: x86_64
      compiler: 'musl-gcc 13.2.1'
      uptime: 186
      totalram: 100155252736
      freeram: 95640330240
      sharedram: 40767488
      bufferram: 107610112
      totalswap: 0
      freeswap: 0
      pagesize: 4096
      cpus: 12
      cpus-online: 12
      ticks-per-second: 100

metrics:
    - stressor: cpu
      bogo-ops: 25677
      bogo-ops-per-second-usr-sys-time: 1283.844159
      bogo-ops-per-second-real-time: 1283.840863
      wall-clock-time: 20.000142
      user-time: 20.000091
      system-time: 0.000000
      cpu-usage-per-instance: 99.999743
      max-rss: 1104

...
