BaselineInfo:
  WebDBID: -1
  TimeStamp: 20250418080441
Version:
  Major: 11
  Minor: 0
  Build: 1002
  SpecialBuildName: ""
  ptArchitecture: x86_64_linux
Results:
  Results Complete: true
  NumTestProcesses: 32
  CPU_INTEGER_MATH: 153024.35933333336
  CPU_FLOATINGPOINT_MATH: 108477.33774280736
  CPU_PRIME: 316.49789536250654
  CPU_SORTING: 76618.374210005597
  CPU_ENCRYPTION: 33716.450422890921
  CPU_COMPRESSION: 549582.52623190649
  CPU_SINGLETHREAD: 2926.4693895908558
  CPU_PHYSICS: 7238.0497566237209
  CPU_MATRIX_MULT_SSE: 46656.415079880026
  CPU_mm: 4333.0921215814169
  CPU_sse: 18776.814532371816
  CPU_fma: 52277.713153945137
  CPU_avx: 39511.644989778179
  CPU_avx512: 76059.487643425033
  m_CPU_enc_SHA: 35625250277.98632
  m_CPU_enc_AES: 46450818215.922798
  m_CPU_enc_ECDSA: 23986713661.990681
  ME_ALLOC_S: 19211.543516471582
  ME_READ_S: 26162.111718749999
  ME_READ_L: 10305.357421875
  ME_WRITE: 9533.6435546875
  ME_LARGE: 505547.16666666669
  ME_LATENCY: 57.498351386517093
  ME_THREADED: 264427.0869140625
  SUMM_CPU: 47404.977932112168
  SUMM_ME: 2621.186013269712
SystemInformation:
  OSName: Ubuntu 24.04.2 LTS
  Kernel: 6.8.0-1021-azure
  Device: ""
  Processor: INTEL XEON PLATINUM 8573C
  NumSockets: 2
  Manufacturer: GenuineIntel
  NumCores: 16
  NumLogicals: 32
  CPUFrequency: 2300
  Memory: 515970
  MemModuleInfo:
    iNumMemSticks: 4
    DIMM 1:
      manufacturer: Microsoft Corporation
      modulePartNo: None
      memType: Unknown
      size: 1
      clkspeed: 0
      moduleVoltage: 0
    DIMM 2:
      manufacturer: Microsoft Corporation
      modulePartNo: None
      memType: Unknown
      size: 59
      clkspeed: 0
      moduleVoltage: 0
    DIMM 3:
      manufacturer: Microsoft Corporation
      modulePartNo: None
      memType: Unknown
      size: 196
      clkspeed: 0
      moduleVoltage: 0
    DIMM 4:
      manufacturer: Microsoft Corporation
      modulePartNo: None
      memType: Unknown
      size: 256
      clkspeed: 0
      moduleVoltage: 0
Checksum: FD9C7B5B394C4ACD721F6D6894348C4FD6DF06FD