---
system-info:
      stress-ng-version: 0.17.08
      run-by: root
      date-yyyy-mm-dd: 2024:06:12
      time-hh-mm-ss: 19:55:54
      epoch-secs: 1718222154
      hostname: d4d9b3fd21a6
      sysname: Linux
      nodename: d4d9b3fd21a6
      release: 6.8.0-1008-aws
      version: '#8-Ubuntu SMP Sat Apr 20 00:46:25 UTC 2024'
      machine: x86_64
      compiler: 'musl-gcc 13.2.1'
      uptime: 171
      totalram: 33261006848
      freeram: 28774760448
      sharedram: 20086784
      bufferram: 112381952
      totalswap: 0
      freeswap: 0
      pagesize: 4096
      cpus: 16
      cpus-online: 16
      ticks-per-second: 100

metrics:
    - stressor: cpu
      bogo-ops: 15351
      bogo-ops-per-second-usr-sys-time: 767.579130
      bogo-ops-per-second-real-time: 767.548042
      wall-clock-time: 20.000051
      user-time: 19.999241
      system-time: 0.000000
      cpu-usage-per-instance: 99.995950
      max-rss: 1104

...
