---
system-info:
      stress-ng-version: 0.17.08
      run-by: root
      date-yyyy-mm-dd: 2024:06:05
      time-hh-mm-ss: 18:34:37
      epoch-secs: 1717612477
      hostname: 51871ecc4be7
      sysname: Linux
      nodename: 51871ecc4be7
      release: 6.8.0-1008-aws
      version: '#8-Ubuntu SMP Sat Apr 20 00:46:25 UTC 2024'
      machine: x86_64
      compiler: 'musl-gcc 13.2.1'
      uptime: 127
      totalram: 33258921984
      freeram: 29088788480
      sharedram: 20086784
      bufferram: 78761984
      totalswap: 0
      freeswap: 0
      pagesize: 4096
      cpus: 16
      cpus-online: 16
      ticks-per-second: 100

metrics:
    - stressor: cpu
      bogo-ops: 13947
      bogo-ops-per-second-usr-sys-time: 1394.446211
      bogo-ops-per-second-real-time: 1394.423928
      wall-clock-time: 10.001980
      user-time: 10.000821
      system-time: 0.000999
      cpu-usage-per-instance: 99.998402
      max-rss: 4048

...
