---
system-info:
      stress-ng-version: 0.17.08
      run-by: root
      date-yyyy-mm-dd: 2024:06:09
      time-hh-mm-ss: 23:56:12
      epoch-secs: 1717977372
      hostname: fc4036f1d2dc
      sysname: Linux
      nodename: fc4036f1d2dc
      release: 6.8.0-1008-aws
      version: '#8-Ubuntu SMP Sat Apr 20 00:46:25 UTC 2024'
      machine: x86_64
      compiler: 'musl-gcc 13.2.1'
      uptime: 113
      totalram: 16469917696
      freeram: 11884187648
      sharedram: 113508352
      bufferram: 113266688
      totalswap: 0
      freeswap: 0
      pagesize: 4096
      cpus: 2
      cpus-online: 2
      ticks-per-second: 100

metrics:
    - stressor: cpu
      bogo-ops: 29108
      bogo-ops-per-second-usr-sys-time: 1473.833531
      bogo-ops-per-second-real-time: 2910.479066
      wall-clock-time: 10.001103
      user-time: 19.742876
      system-time: 0.006980
      cpu-usage-per-instance: 98.738392
      max-rss: 4048

...
