---
system-info:
      stress-ng-version: 0.17.08
      run-by: root
      date-yyyy-mm-dd: 2024:06:16
      time-hh-mm-ss: 04:40:35
      epoch-secs: 1718512835
      hostname: 3a3805793ef1
      sysname: Linux
      nodename: 3a3805793ef1
      release: 6.8.0-1008-aws
      version: '#8-Ubuntu SMP Sat Apr 20 00:46:25 UTC 2024'
      machine: x86_64
      compiler: 'musl-gcc 13.2.1'
      uptime: 117
      totalram: 16469917696
      freeram: 12087083008
      sharedram: 113508352
      bufferram: 109129728
      totalswap: 0
      freeswap: 0
      pagesize: 4096
      cpus: 2
      cpus-online: 2
      ticks-per-second: 100

metrics:
    - stressor: cpu
      bogo-ops: 37756
      bogo-ops-per-second-usr-sys-time: 951.905573
      bogo-ops-per-second-real-time: 1887.792180
      wall-clock-time: 20.000083
      user-time: 39.651628
      system-time: 0.011970
      cpu-usage-per-instance: 99.158584
      max-rss: 1104

...
