---
system-info:
      stress-ng-version: 0.17.08
      run-by: root
      date-yyyy-mm-dd: 2024:07:03
      time-hh-mm-ss: 17:29:48
      epoch-secs: 1720027788
      hostname: c3d-standard-180-d9d0e64
      sysname: Linux
      nodename: c3d-standard-180-d9d0e64
      release: 6.8.0-1009-gcp
      version: '#10-Ubuntu SMP Wed Jun 12 18:52:23 UTC 2024'
      machine: x86_64
      compiler: 'musl-gcc 13.2.1'
      uptime: 130
      totalram: 760425164800
      freeram: 754389061632
      sharedram: 36528128
      bufferram: 132083712
      totalswap: 0
      freeswap: 0
      pagesize: 4096
      cpus: 180
      cpus-online: 180
      ticks-per-second: 100

metrics:
    - stressor: cpu
      bogo-ops: 5541747
      bogo-ops-per-second-usr-sys-time: 1540.134138
      bogo-ops-per-second-real-time: 277086.638139
      wall-clock-time: 20.000051
      user-time: 3598.162642
      system-time: 0.060957
      cpu-usage-per-instance: 99.950399
      max-rss: 0

...
