BaselineInfo:
  WebDBID: -1
  TimeStamp: 20241109073547
Version:
  Major: 11
  Minor: 0
  Build: 1002
  SpecialBuildName: ""
  ptArchitecture: x86_64_linux
Results:
  Results Complete: true
  NumTestProcesses: 8
  CPU_INTEGER_MATH: 24899.203000000001
  CPU_FLOATINGPOINT_MATH: 13382.499452596263
  CPU_PRIME: 56.318682221456967
  CPU_SORTING: 13238.933870355859
  CPU_ENCRYPTION: 3455.6080557668656
  CPU_COMPRESSION: 111222.35998081585
  CPU_SINGLETHREAD: 2085.721466596066
  CPU_PHYSICS: 941.91692990656111
  CPU_MATRIX_MULT_SSE: 7666.8449013422423
  CPU_mm: 739.15308949484972
  CPU_sse: 2720.3952055751161
  CPU_fma: 9035.4525725453168
  CPU_avx: 6367.5405102452569
  CPU_avx512: 12543.99131700328
  m_CPU_enc_SHA: 1133985083.4141831
  m_CPU_enc_AES: 8724555813.158741
  m_CPU_enc_ECDSA: 1011862121.4784638
  ME_ALLOC_S: 2795.7628271037156
  ME_READ_S: 24911.935546875
  ME_READ_L: 11071.123046875
  ME_WRITE: 9650.4677734375
  ME_LARGE: 247417
  ME_LATENCY: 56.568573436145186
  ME_THREADED: 40712.3515625
  SUMM_CPU: 8664.6492947178249
  SUMM_ME: 2393.9582508948542
SystemInformation:
  OSName: Ubuntu 24.04.1 LTS
  Kernel: 6.8.0-1017-azure
  Device: ""
  Processor: Intel Xeon Platinum 8272CL CPU @ 2.60GHz
  NumSockets: 1
  Manufacturer: GenuineIntel
  NumCores: 4
  NumLogicals: 8
  CPUFrequency: 0
  Memory: 257739
  MemModuleInfo:
    iNumMemSticks: 3
    DIMM 1:
      manufacturer: Microsoft Corporation
      modulePartNo: None
      memType: Unknown
      size: 1
      clkspeed: 0
      moduleVoltage: 0
    DIMM 2:
      manufacturer: Microsoft Corporation
      modulePartNo: None
      memType: Unknown
      size: 60928
      clkspeed: 0
      moduleVoltage: 0
    DIMM 3:
      manufacturer: Microsoft Corporation
      modulePartNo: None
      memType: Unknown
      size: 200192
      clkspeed: 0
      moduleVoltage: 0
Checksum: 1F1DE79ACF7B53363C44949519A08D87B5D6AD42