---
system-info:
      stress-ng-version: 0.17.08
      run-by: root
      date-yyyy-mm-dd: 2024:08:17
      time-hh-mm-ss: 19:28:20
      epoch-secs: 1723922900
      hostname: ip-172-31-23-24
      sysname: Linux
      nodename: ip-172-31-23-24
      release: 6.8.0-1013-aws
      version: '#14-Ubuntu SMP Thu Jul 25 21:19:24 UTC 2024'
      machine: x86_64
      compiler: 'musl-gcc 13.2.1'
      uptime: 475
      totalram: 1204521492480
      freeram: 1194405588992
      sharedram: 77369344
      bufferram: 191258624
      totalswap: 0
      freeswap: 0
      pagesize: 4096
      cpus: 96
      cpus-online: 96
      ticks-per-second: 100

metrics:
    - stressor: cpu
      bogo-ops: 1890530
      bogo-ops-per-second-usr-sys-time: 985.184189
      bogo-ops-per-second-real-time: 94526.136993
      wall-clock-time: 20.000077
      user-time: 1918.889995
      system-time: 0.070967
      cpu-usage-per-instance: 99.945500
      max-rss: 768

...
