BaselineInfo:
  WebDBID: -1
  TimeStamp: 20241108105905
Version:
  Major: 11
  Minor: 0
  Build: 1002
  SpecialBuildName: ""
  ptArchitecture: x86_64_linux
Results:
  Results Complete: true
  NumTestProcesses: 48
  CPU_INTEGER_MATH: 198622.14499999993
  CPU_FLOATINGPOINT_MATH: 109441.25437925068
  CPU_PRIME: 339.49698062837393
  CPU_SORTING: 104596.3513721471
  CPU_ENCRYPTION: 51326.522640865835
  CPU_COMPRESSION: 748963.05527027044
  CPU_SINGLETHREAD: 2381.3146099885967
  CPU_PHYSICS: 5765.6862907113755
  CPU_MATRIX_MULT_SSE: 41606.41384549316
  CPU_mm: 5117.6527397607133
  CPU_sse: 21393.436269658148
  CPU_fma: 56923.288213413776
  CPU_avx: 46502.517053407559
  CPU_avx512: 0
  m_CPU_enc_SHA: 74402786304.912369
  m_CPU_enc_AES: 47572366956.145142
  m_CPU_enc_ECDSA: 39484126152.948097
  ME_ALLOC_S: 19702.4091541745
  ME_READ_S: 24332.127734375001
  ME_READ_L: 16484.140625
  ME_WRITE: 16790.298828125
  ME_LARGE: 37045.083333333336
  ME_LATENCY: 64.004897675726625
  ME_THREADED: 138081.6591796875
  SUMM_CPU: 51356.299522217501
  SUMM_ME: 2742.5148496901611
SystemInformation:
  OSName: Ubuntu 24.04.1 LTS
  Kernel: 6.8.0-1015-gcp
  Device: ""
  Processor: AMD EPYC 7B13
  NumSockets: 1
  Manufacturer: AuthenticAMD
  NumCores: 24
  NumLogicals: 48
  CPUFrequency: 0
  Memory: 48157
  MemModuleInfo:
    iNumMemSticks: 3
    DIMM 1:
      manufacturer: ""
      modulePartNo: ""
      memType: RAM
      size: 16
      clkspeed: 0
      moduleVoltage: 0
    DIMM 2:
      manufacturer: ""
      modulePartNo: ""
      memType: RAM
      size: 16
      clkspeed: 0
      moduleVoltage: 0
    DIMM 3:
      manufacturer: ""
      modulePartNo: ""
      memType: RAM
      size: 16
      clkspeed: 0
      moduleVoltage: 0
Checksum: 82E02D2BE18B4995C9FA4F1EA68835E7E0F80AAD