BaselineInfo:
  WebDBID: -1
  TimeStamp: 20260620125325
Version:
  Major: 11
  Minor: 0
  Build: 1004
  SpecialBuildName: ""
  ptArchitecture: x86_64_linux
Results:
  Results Complete: true
  NumTestProcesses: 16
  CPU_INTEGER_MATH: 93976.262666666662
  CPU_FLOATINGPOINT_MATH: 56735.362580069588
  CPU_PRIME: 134.13332529847054
  CPU_SORTING: 42994.923259691765
  CPU_ENCRYPTION: 18314.9560890463
  CPU_COMPRESSION: 332839.5132542557
  CPU_SINGLETHREAD: 3388.8032158184596
  CPU_PHYSICS: 2990.732105498369
  CPU_MATRIX_MULT_SSE: 26219.646017415744
  CPU_mm: 2479.5731546129314
  CPU_sse: 9458.8711343735467
  CPU_fma: 28072.20720444512
  CPU_avx: 27437.829369344319
  CPU_avx512: 39909.676361499973
  m_CPU_enc_SHA: 23484843982.018581
  m_CPU_enc_AES: 18826405124.179066
  m_CPU_enc_ECDSA: 15302621081.885782
  ME_ALLOC_S: 9466.1451474036257
  ME_READ_S: 30304.218164062499
  ME_READ_L: 28039.3359375
  ME_WRITE: 29217.1796875
  ME_LARGE: 249040.83333333334
  ME_LATENCY: 81.135219370372866
  ME_THREADED: 55078.3876953125
  SUMM_CPU: 29807.579977700971
  SUMM_ME: 2668.7335801074887
SystemInformation:
  OSName: Ubuntu 24.04.4 LTS
  Kernel: 6.17.0-1018-azure
  Device: ""
  Processor: "AMD EPYC 9V45 96-Core Processor                "
  NumSockets: 1
  Manufacturer: AuthenticAMD
  NumCores: 8
  NumLogicals: 16
  CPUFrequency: 0
  CPUMaxFrequency: 0
  Memory: 257737
  CPUInfo:
    number: 1
    Family: 15
    Model: 2
    stepping: 1
    features: 395049983
    manufacture: AuthenticAMD
    typestring: "AMD EPYC 9V45 96-Core Processor                "
    iCoresPerPackage: 8
    iThreadsPerPackage: 2
    featuresEx:
      - 395049983
      - 4277809667
      - 802421759
    bHybrid: false
    nPCore: 0
    nLogicalsPerPCore: 0
    nECore: 0
    nLogicalsPerECore: 0
  MemModuleInfo:
    iNumMemSticks: 3
    DIMM 1:
      manufacturer: Microsoft Corporation
      modulePartNo: None
      memType: Unknown
      size: 1
      clkspeed: 0
      moduleVoltage: 0
    DIMM 2:
      manufacturer: Microsoft Corporation
      modulePartNo: None
      memType: Unknown
      size: 59
      clkspeed: 0
      moduleVoltage: 0
    DIMM 3:
      manufacturer: Microsoft Corporation
      modulePartNo: None
      memType: Unknown
      size: 196
      clkspeed: 0
      moduleVoltage: 0
Checksum: 751EE6BA55C00A1B125642D563ED6D9AAF1580D3