BaselineInfo:
  WebDBID: -1
  TimeStamp: 20260714213738
Version:
  Major: 11
  Minor: 0
  Build: 1004
  SpecialBuildName: ""
  ptArchitecture: x86_64_linux
Results:
  Results Complete: true
  NumTestProcesses: 16
  CPU_INTEGER_MATH: 106093.951
  CPU_FLOATINGPOINT_MATH: 61633.171813365036
  CPU_PRIME: 140.19829672775577
  CPU_SORTING: 47038.624825717503
  CPU_ENCRYPTION: 20214.624250285098
  CPU_COMPRESSION: 369482.88025875582
  CPU_SINGLETHREAD: 3776.1605042712022
  CPU_PHYSICS: 3163.8384165684802
  CPU_MATRIX_MULT_SSE: 28716.39279724787
  CPU_mm: 2761.7747195379338
  CPU_sse: 10368.069878723149
  CPU_fma: 30894.394507541754
  CPU_avx: 30072.74272471463
  CPU_avx512: 43530.364078011953
  m_CPU_enc_SHA: 25550818085.470486
  m_CPU_enc_AES: 20786220030.933159
  m_CPU_enc_ECDSA: 17252671397.197212
  ME_ALLOC_S: 9977.7097916945313
  ME_READ_S: 34077.497265625003
  ME_READ_L: 31002.044921875
  ME_WRITE: 30800.791015625
  ME_LARGE: 248738.66666666666
  ME_LATENCY: 77.287894385248364
  ME_THREADED: 54746.0791015625
  SUMM_CPU: 32799.406554906178
  SUMM_ME: 2834.8952958034301
SystemInformation:
  OSName: Ubuntu 24.04.4 LTS
  Kernel: 6.17.0-1020-azure
  Device: ""
  Processor: "AMD EPYC 9V45 96-Core Processor                "
  NumSockets: 1
  Manufacturer: AuthenticAMD
  NumCores: 8
  NumLogicals: 16
  CPUFrequency: 0
  CPUMaxFrequency: 0
  Memory: 257737
  CPUInfo:
    number: 1
    Family: 15
    Model: 2
    stepping: 1
    features: 395049983
    manufacture: AuthenticAMD
    typestring: "AMD EPYC 9V45 96-Core Processor                "
    iCoresPerPackage: 8
    iThreadsPerPackage: 2
    featuresEx:
      - 395049983
      - 4277809667
      - 802421759
    bHybrid: false
    nPCore: 0
    nLogicalsPerPCore: 0
    nECore: 0
    nLogicalsPerECore: 0
  MemModuleInfo:
    iNumMemSticks: 3
    DIMM 1:
      manufacturer: Microsoft Corporation
      modulePartNo: None
      memType: Unknown
      size: 1
      clkspeed: 0
      moduleVoltage: 0
    DIMM 2:
      manufacturer: Microsoft Corporation
      modulePartNo: None
      memType: Unknown
      size: 59
      clkspeed: 0
      moduleVoltage: 0
    DIMM 3:
      manufacturer: Microsoft Corporation
      modulePartNo: None
      memType: Unknown
      size: 196
      clkspeed: 0
      moduleVoltage: 0
Checksum: FC9A736F4BB6992F3445EC85D01202C92C434F06