BaselineInfo:
  WebDBID: -1
  TimeStamp: 20260714185047
Version:
  Major: 11
  Minor: 0
  Build: 1004
  SpecialBuildName: ""
  ptArchitecture: x86_64_linux
Results:
  Results Complete: true
  NumTestProcesses: 16
  CPU_INTEGER_MATH: 101609.99333333333
  CPU_FLOATINGPOINT_MATH: 61851.096082467251
  CPU_PRIME: 143.68930951205496
  CPU_SORTING: 46954.329079827592
  CPU_ENCRYPTION: 20285.101393160541
  CPU_COMPRESSION: 372923.29896218376
  CPU_SINGLETHREAD: 3651.1197754777118
  CPU_PHYSICS: 3241.0226890986582
  CPU_MATRIX_MULT_SSE: 28795.397198350121
  CPU_mm: 2774.7067617692887
  CPU_sse: 10426.375515690965
  CPU_fma: 31064.042219472991
  CPU_avx: 30102.609137391915
  CPU_avx512: 43588.56192084463
  m_CPU_enc_SHA: 25566420407.20142
  m_CPU_enc_AES: 20860930554.674042
  m_CPU_enc_ECDSA: 17384060473.428661
  ME_ALLOC_S: 9817.7244784623108
  ME_READ_S: 32385.1806640625
  ME_READ_L: 29097.90625
  ME_WRITE: 30171.6171875
  ME_LARGE: 248547.25
  ME_LATENCY: 79.320416257069454
  ME_THREADED: 55642.74169921875
  SUMM_CPU: 32620.569280800872
  SUMM_ME: 2751.6703295925936
SystemInformation:
  OSName: Ubuntu 24.04.4 LTS
  Kernel: 6.17.0-1020-azure
  Device: ""
  Processor: "AMD EPYC 9V45 96-Core Processor                "
  NumSockets: 1
  Manufacturer: AuthenticAMD
  NumCores: 8
  NumLogicals: 16
  CPUFrequency: 0
  CPUMaxFrequency: 0
  Memory: 257737
  CPUInfo:
    number: 1
    Family: 15
    Model: 2
    stepping: 1
    features: 395049983
    manufacture: AuthenticAMD
    typestring: "AMD EPYC 9V45 96-Core Processor                "
    iCoresPerPackage: 8
    iThreadsPerPackage: 2
    featuresEx:
      - 395049983
      - 4277809667
      - 802421759
    bHybrid: false
    nPCore: 0
    nLogicalsPerPCore: 0
    nECore: 0
    nLogicalsPerECore: 0
  MemModuleInfo:
    iNumMemSticks: 3
    DIMM 1:
      manufacturer: Microsoft Corporation
      modulePartNo: None
      memType: Unknown
      size: 1
      clkspeed: 0
      moduleVoltage: 0
    DIMM 2:
      manufacturer: Microsoft Corporation
      modulePartNo: None
      memType: Unknown
      size: 59
      clkspeed: 0
      moduleVoltage: 0
    DIMM 3:
      manufacturer: Microsoft Corporation
      modulePartNo: None
      memType: Unknown
      size: 196
      clkspeed: 0
      moduleVoltage: 0
Checksum: 9FB599140B394D28A050D81DEDF8F1AF3F07DFE3