BaselineInfo:
  WebDBID: -1
  TimeStamp: 20241110005759
Version:
  Major: 11
  Minor: 0
  Build: 1002
  SpecialBuildName: ""
  ptArchitecture: x86_64_linux
Results:
  Results Complete: true
  NumTestProcesses: 64
  CPU_INTEGER_MATH: 335928.33500000002
  CPU_FLOATINGPOINT_MATH: 276557.94905637205
  CPU_PRIME: 726.82408610173968
  CPU_SORTING: 192999.60642434313
  CPU_ENCRYPTION: 74803.259164378105
  CPU_COMPRESSION: 1442776.4090526525
  CPU_SINGLETHREAD: 2426.381744268459
  CPU_PHYSICS: 9475.089705158116
  CPU_MATRIX_MULT_SSE: 115109.01520515962
  CPU_mm: 14819.8523284159
  CPU_sse: 48118.188811570413
  CPU_fma: 130531.2070775843
  CPU_avx: 102411.93299790951
  CPU_avx512: 179374.73193357437
  m_CPU_enc_SHA: 87695598526.179184
  m_CPU_enc_AES: 90626011836.816589
  m_CPU_enc_ECDSA: 56989096481.64505
  ME_ALLOC_S: 29892.592073434371
  ME_READ_S: 23505.954882812501
  ME_READ_L: 11258.6220703125
  ME_WRITE: 10281.0791015625
  ME_LARGE: 1002586.0833333334
  ME_LATENCY: 59.43795442660835
  ME_THREADED: 320426.486328125
  SUMM_CPU: 79173.370669283904
  SUMM_ME: 2615.583089610298
SystemInformation:
  OSName: Ubuntu 24.04.1 LTS
  Kernel: 6.8.0-1016-aws
  Device: ""
  Processor: Intel Xeon Platinum 8375C CPU @ 2.90GHz
  NumSockets: 2
  Manufacturer: GenuineIntel
  NumCores: 64
  NumLogicals: 64
  CPUFrequency: 0
  Memory: 1015798
  MemModuleInfo:
    iNumMemSticks: 2
    DIMM 1:
      manufacturer: Not Specified
      modulePartNo: Not Specified
      memType: DDR4
      size: 512
      clkspeed: 1600
      moduleVoltage: 0
    DIMM 2:
      manufacturer: Not Specified
      modulePartNo: Not Specified
      memType: DDR4
      size: 512
      clkspeed: 1600
      moduleVoltage: 0
Checksum: 94FF281B46B7F809A81310DE323796300094E265