BaselineInfo:
  WebDBID: -1
  TimeStamp: 20241121114536
Version:
  Major: 11
  Minor: 0
  Build: 1002
  SpecialBuildName: ""
  ptArchitecture: x86_64_linux
Results:
  Results Complete: true
  NumTestProcesses: 8
  CPU_INTEGER_MATH: 48372.820666666667
  CPU_FLOATINGPOINT_MATH: 42683.183642363394
  CPU_PRIME: 156.55790182355443
  CPU_SORTING: 30532.399522570187
  CPU_ENCRYPTION: 10490.532783902443
  CPU_COMPRESSION: 210664.01455529183
  CPU_SINGLETHREAD: 2905.3484245591112
  CPU_PHYSICS: 2109.5410077837096
  CPU_MATRIX_MULT_SSE: 19710.118013189058
  CPU_mm: 2085.4724138457777
  CPU_sse: 9152.7713820819663
  CPU_fma: 27369.037673421022
  CPU_avx: 23434.95760315494
  CPU_avx512: 18883.705394098299
  m_CPU_enc_SHA: 14496457340.928646
  m_CPU_enc_AES: 9184577871.1947765
  m_CPU_enc_ECDSA: 9319327501.1164341
  ME_ALLOC_S: 7417.7531192626648
  ME_READ_S: 27899.541210937499
  ME_READ_L: 27554.17578125
  ME_WRITE: 26853.4375
  ME_LARGE: 5097.416666666667
  ME_LATENCY: 77.995636138074232
  ME_THREADED: 36790.255859375
  SUMM_CPU: 20115.660711379103
  SUMM_ME: 2239.4339525154933
SystemInformation:
  OSName: Ubuntu 24.04.1 LTS
  Kernel: 6.8.0-1017-azure
  Device: ""
  Processor: AMD EPYC 9V74 80-Core Processor
  NumSockets: 1
  Manufacturer: AuthenticAMD
  NumCores: 8
  NumLogicals: 8
  CPUFrequency: 0
  Memory: 15988
  MemModuleInfo:
    iNumMemSticks: 2
    DIMM 1:
      manufacturer: Microsoft Corporation
      modulePartNo: None
      memType: Unknown
      size: 1
      clkspeed: 0
      moduleVoltage: 0
    DIMM 2:
      manufacturer: Microsoft Corporation
      modulePartNo: None
      memType: Unknown
      size: 15
      clkspeed: 0
      moduleVoltage: 0
Checksum: 30CB1F75F05CC07C885F74EEC639E8BA3CDE00C3