---
system-info:
      stress-ng-version: 0.17.08
      run-by: root
      date-yyyy-mm-dd: 2024:06:19
      time-hh-mm-ss: 15:38:07
      epoch-secs: 1718811487
      hostname: 22bf82df961f
      sysname: Linux
      nodename: 22bf82df961f
      release: 6.8.0-1008-gcp
      version: '#9-Ubuntu SMP Wed May 22 18:09:04 UTC 2024'
      machine: x86_64
      compiler: 'musl-gcc 13.2.1'
      uptime: 225
      totalram: 67424714752
      freeram: 62320955392
      sharedram: 34992128
      bufferram: 127733760
      totalswap: 0
      freeswap: 0
      pagesize: 4096
      cpus: 8
      cpus-online: 8
      ticks-per-second: 100

metrics:
    - stressor: cpu
      bogo-ops: 58492
      bogo-ops-per-second-usr-sys-time: 2924.611552
      bogo-ops-per-second-real-time: 2924.591668
      wall-clock-time: 20.000057
      user-time: 19.999921
      system-time: 0.000000
      cpu-usage-per-instance: 99.999320
      max-rss: 1104

...
