---
system-info:
      stress-ng-version: 0.17.08
      run-by: root
      date-yyyy-mm-dd: 2024:06:26
      time-hh-mm-ss: 19:23:44
      epoch-secs: 1719429824
      hostname: c3-standard-8-b915d75
      sysname: Linux
      nodename: c3-standard-8-b915d75
      release: 6.8.0-1009-gcp
      version: '#10-Ubuntu SMP Wed Jun 12 18:52:23 UTC 2024'
      machine: x86_64
      compiler: 'musl-gcc 13.2.1'
      uptime: 135
      totalram: 33651150848
      freeram: 28549640192
      sharedram: 111513600
      bufferram: 124878848
      totalswap: 0
      freeswap: 0
      pagesize: 4096
      cpus: 8
      cpus-online: 8
      ticks-per-second: 100

metrics:
    - stressor: cpu
      bogo-ops: 32433
      bogo-ops-per-second-usr-sys-time: 1621.673271
      bogo-ops-per-second-real-time: 1621.639503
      wall-clock-time: 20.000129
      user-time: 19.999713
      system-time: 0.000000
      cpu-usage-per-instance: 99.997918
      max-rss: 1104

...
