---
system-info:
      stress-ng-version: 0.17.08
      run-by: root
      date-yyyy-mm-dd: 2024:07:02
      time-hh-mm-ss: 04:17:42
      epoch-secs: 1719893862
      hostname: n2d-highcpu-32-35bf921
      sysname: Linux
      nodename: n2d-highcpu-32-35bf921
      release: 6.8.0-1009-gcp
      version: '#10-Ubuntu SMP Wed Jun 12 18:52:23 UTC 2024'
      machine: x86_64
      compiler: 'musl-gcc 13.2.1'
      uptime: 190
      totalram: 33643630592
      freeram: 28221947904
      sharedram: 35065856
      bufferram: 127045632
      totalswap: 0
      freeswap: 0
      pagesize: 4096
      cpus: 32
      cpus-online: 32
      ticks-per-second: 100

metrics:
    - stressor: cpu
      bogo-ops: 53867
      bogo-ops-per-second-usr-sys-time: 2693.406292
      bogo-ops-per-second-real-time: 2693.341909
      wall-clock-time: 20.000060
      user-time: 19.998583
      system-time: 0.000999
      cpu-usage-per-instance: 99.997610
      max-rss: 1032

...
