---
system-info:
      stress-ng-version: 0.17.08
      run-by: root
      date-yyyy-mm-dd: 2024:06:13
      time-hh-mm-ss: 13:40:41
      epoch-secs: 1718286041
      hostname: da332c63f604
      sysname: Linux
      nodename: da332c63f604
      release: 6.8.0-1008-aws
      version: '#8-Ubuntu SMP Sat Apr 20 02:43:14 UTC 2024'
      machine: aarch64
      compiler: 'musl-gcc 13.2.1'
      uptime: 155
      totalram: 8107872256
      freeram: 3903651840
      sharedram: 35024896
      bufferram: 104861696
      totalswap: 0
      freeswap: 0
      pagesize: 4096
      cpus: 2
      cpus-online: 2
      ticks-per-second: 100

metrics:
    - stressor: cpu
      bogo-ops: 60273
      bogo-ops-per-second-usr-sys-time: 1519.173564
      bogo-ops-per-second-real-time: 3013.632289
      wall-clock-time: 20.000118
      user-time: 39.667873
      system-time: 0.006988
      cpu-usage-per-instance: 99.186570
      max-rss: 1320

...
