---
system-info:
      stress-ng-version: 0.17.08
      run-by: root
      date-yyyy-mm-dd: 2024:06:07
      time-hh-mm-ss: 22:40:42
      epoch-secs: 1717800042
      hostname: b1b9cb7250f0
      sysname: Linux
      nodename: b1b9cb7250f0
      release: 6.8.0-1008-aws
      version: '#8-Ubuntu SMP Sat Apr 20 02:43:14 UTC 2024'
      machine: aarch64
      compiler: 'musl-gcc 13.2.1'
      uptime: 120
      totalram: 8107872256
      freeram: 3912810496
      sharedram: 35024896
      bufferram: 93220864
      totalswap: 0
      freeswap: 0
      pagesize: 4096
      cpus: 2
      cpus-online: 2
      ticks-per-second: 100

metrics:
    - stressor: cpu
      bogo-ops: 5562
      bogo-ops-per-second-usr-sys-time: 280.310882
      bogo-ops-per-second-real-time: 554.859940
      wall-clock-time: 10.024151
      user-time: 19.838262
      system-time: 0.003993
      cpu-usage-per-instance: 98.972244
      max-rss: 4136

...
