size_kb,operation,bandwidth_mb_s,latency_ns,latency_stddev_ns,latency_samples,threads,iterations,elapsed_s
32,read,121170.81,0,0,0,2,396196,0.204358
32,write,74968.73,0,0,0,2,272034,0.226790
32,copy,70193.99,0,0,0,2,232774,0.207260
32,latency,0,2.73,0.03,7,1,7,0.392158
128,read,83203.36,0,0,0,2,83028,0.249473
128,write,74505.62,0,0,0,2,74872,0.251229
128,copy,60138.12,0,0,0,2,57923,0.240792
128,latency,0,4.42,0.00,7,1,7,0.701902
512,read,80386.44,0,0,0,2,18889,0.234977
512,write,73975.61,0,0,0,2,18912,0.255652
512,copy,55134.97,0,0,0,2,12965,0.235150
512,latency,0,6.74,0.10,7,1,7,0.690100
1024,read,75182.45,0,0,0,2,8437,0.224441
1024,write,74346.15,0,0,0,2,9441,0.253974
1024,copy,36258.45,0,0,0,2,5465,0.301447
1024,latency,0,12.43,0.07,7,1,7,0.638813
2048,read,72138.91,0,0,0,2,4534,0.251404
2048,write,73921.34,0,0,0,2,4745,0.256759
2048,copy,32155.84,0,0,0,2,2293,0.285236
2048,latency,0,26.55,1.14,7,1,7,0.700193
8192,read,60542.57,0,0,0,2,629,0.166230
8192,write,73273.09,0,0,0,2,1173,0.256138
8192,copy,29486.02,0,0,0,2,533,0.289222
8192,latency,0,92.01,1.01,7,1,7,0.852039
16384,read,40435.15,0,0,0,2,312,0.246914
16384,write,73334.95,0,0,0,2,548,0.239122
16384,copy,28271.46,0,0,0,2,285,0.322587
16384,latency,0,98.65,0.73,7,1,7,1.121763
32768,read,37404.22,0,0,0,2,145,0.248100
32768,write,73916.73,0,0,0,2,294,0.254557
32768,copy,28572.68,0,0,0,2,117,0.262069
32768,latency,0,102.00,0.86,7,1,7,2.367588
65536,read,36064.08,0,0,0,2,71,0.251996
65536,write,74294.89,0,0,0,2,145,0.249815
65536,copy,27955.23,0,0,0,2,56,0.256410
65536,latency,0,104.33,0.23,7,1,7,4.866160
131072,read,35193.71,0,0,0,2,33,0.240043
131072,write,72795.79,0,0,0,2,70,0.246168
131072,copy,27668.89,0,0,0,2,27,0.249811
131072,latency,0,106.30,0.57,7,1,7,9.989809
