BaselineInfo:
  WebDBID: -1
  TimeStamp: 20241107171607
Version:
  Major: 11
  Minor: 0
  Build: 1002
  SpecialBuildName: ""
  ptArchitecture: x86_64_linux
Results:
  Results Complete: true
  NumTestProcesses: 8
  CPU_INTEGER_MATH: 36766.427000000003
  CPU_FLOATINGPOINT_MATH: 20262.539721896894
  CPU_PRIME: 78.394244838676769
  CPU_SORTING: 19613.065632105299
  CPU_ENCRYPTION: 9557.5490601973561
  CPU_COMPRESSION: 142355.44355200522
  CPU_SINGLETHREAD: 2636.7801097671468
  CPU_PHYSICS: 1342.5400857073871
  CPU_MATRIX_MULT_SSE: 8167.6190305578384
  CPU_mm: 994.54161844316525
  CPU_sse: 4220.5178631458839
  CPU_fma: 11490.684071840162
  CPU_avx: 8791.6551566874678
  CPU_avx512: 0
  m_CPU_enc_SHA: 13847603855.092852
  m_CPU_enc_AES: 8851819344.79599
  m_CPU_enc_ECDSA: 7366026490.1476679
  ME_ALLOC_S: 3798.7451016314199
  ME_READ_S: 26480.595507812501
  ME_READ_L: 16688.48046875
  ME_WRITE: 16998.724609375
  ME_LARGE: 52856.833333333336
  ME_LATENCY: 63.216296412594424
  ME_THREADED: 36582.8447265625
  SUMM_CPU: 13047.1592178435
  SUMM_ME: 2580.7231229818394
SystemInformation:
  OSName: Ubuntu 24.04.1 LTS
  Kernel: 6.8.0-1016-aws
  Device: ""
  Processor: AMD EPYC 7R13 Processor
  NumSockets: 1
  Manufacturer: AuthenticAMD
  NumCores: 4
  NumLogicals: 8
  CPUFrequency: 0
  Memory: 62922
  MemModuleInfo:
    iNumMemSticks: 1
    DIMM 1:
      manufacturer: Not Specified
      modulePartNo: Not Specified
      memType: DDR4
      size: 64
      clkspeed: 1600
      moduleVoltage: 0
Checksum: 040B673C2EEC200C6BF5464815DD68BB5B8DD2C2