BaselineInfo:
  WebDBID: -1
  TimeStamp: 20241110175831
Version:
  Major: 11
  Minor: 0
  Build: 1002
  SpecialBuildName: ""
  ptArchitecture: x86_64_linux
Results:
  Results Complete: true
  NumTestProcesses: 192
  CPU_INTEGER_MATH: 880361.23399999959
  CPU_FLOATINGPOINT_MATH: 483940.81488929375
  CPU_PRIME: 1049.7861182237814
  CPU_SORTING: 367059.23183794523
  CPU_ENCRYPTION: 221585.52454413299
  CPU_COMPRESSION: 2982356.7656108057
  CPU_SINGLETHREAD: 1980.1180836400129
  CPU_PHYSICS: 14534.512616940534
  CPU_MATRIX_MULT_SSE: 153692.06600720793
  CPU_mm: 19175.8880819363
  CPU_sse: 79117.965091055681
  CPU_fma: 207866.30114203959
  CPU_avx: 174091.93178852877
  CPU_avx512: 0
  m_CPU_enc_SHA: 324186949394.78766
  m_CPU_enc_AES: 209725378474.48578
  m_CPU_enc_ECDSA: 163135461083.89297
  ME_ALLOC_S: 16815.257258492427
  ME_READ_S: 10070.935742187499
  ME_READ_L: 3052.536376953125
  ME_WRITE: 2914.213623046875
  ME_LARGE: 744951.66666666663
  ME_LATENCY: 72.664043081402426
  ME_THREADED: 235160.37872314453
  SUMM_CPU: 95524.826915507248
  SUMM_ME: 1174.0839409768923
SystemInformation:
  OSName: Ubuntu 24.04.1 LTS
  Kernel: 6.8.0-1016-aws
  Device: ""
  Processor: AMD EPYC 7R13 Processor
  NumSockets: 2
  Manufacturer: AuthenticAMD
  NumCores: 96
  NumLogicals: 192
  CPUFrequency: 0
  Memory: 757704
  MemModuleInfo:
    iNumMemSticks: 4
    DIMM 1:
      manufacturer: Not Specified
      modulePartNo: Not Specified
      memType: DDR4
      size: 192
      clkspeed: 1600
      moduleVoltage: 0
    DIMM 2:
      manufacturer: Not Specified
      modulePartNo: Not Specified
      memType: DDR4
      size: 192
      clkspeed: 1600
      moduleVoltage: 0
    DIMM 3:
      manufacturer: Not Specified
      modulePartNo: Not Specified
      memType: DDR4
      size: 192
      clkspeed: 1600
      moduleVoltage: 0
    DIMM 4:
      manufacturer: Not Specified
      modulePartNo: Not Specified
      memType: DDR4
      size: 192
      clkspeed: 1600
      moduleVoltage: 0
Checksum: 707786912D2B09E8C255E6F0C78DE8C1C636E97D