---
system-info:
      stress-ng-version: 0.17.08
      run-by: root
      date-yyyy-mm-dd: 2024:09:03
      time-hh-mm-ss: 12:53:20
      epoch-secs: 1725368000
      hostname: sc-runner
      sysname: Linux
      nodename: sc-runner
      release: 6.8.0-1013-azure
      version: '#15-Ubuntu SMP Thu Aug  8 18:40:40 UTC 2024'
      machine: x86_64
      compiler: 'musl-gcc 13.2.1'
      uptime: 355
      totalram: 29425893376
      freeram: 20902449152
      sharedram: 55009280
      bufferram: 223453184
      totalswap: 0
      freeswap: 0
      pagesize: 4096
      cpus: 2
      cpus-online: 2
      ticks-per-second: 100

metrics:
    - stressor: cpu
      bogo-ops: 53636
      bogo-ops-per-second-usr-sys-time: 1354.804562
      bogo-ops-per-second-real-time: 2681.786285
      wall-clock-time: 20.000102
      user-time: 39.581495
      system-time: 0.007979
      cpu-usage-per-instance: 98.973179
      max-rss: 3252

...
