---
system-info:
      stress-ng-version: 0.17.08
      run-by: root
      date-yyyy-mm-dd: 2024:09:16
      time-hh-mm-ss: 22:27:40
      epoch-secs: 1726525660
      hostname: sc-runner
      sysname: Linux
      nodename: sc-runner
      release: 6.8.0-1014-azure
      version: '#16-Ubuntu SMP Thu Aug 15 20:04:41 UTC 2024'
      machine: x86_64
      compiler: 'musl-gcc 13.2.1'
      uptime: 319
      totalram: 135070519296
      freeram: 124843905024
      sharedram: 42061824
      bufferram: 253960192
      totalswap: 0
      freeswap: 0
      pagesize: 4096
      cpus: 4
      cpus-online: 4
      ticks-per-second: 100

metrics:
    - stressor: cpu
      bogo-ops: 73972
      bogo-ops-per-second-usr-sys-time: 931.230294
      bogo-ops-per-second-real-time: 3698.585285
      wall-clock-time: 20.000080
      user-time: 79.418715
      system-time: 0.015986
      cpu-usage-per-instance: 99.292981
      max-rss: 3280

...
