BaselineInfo:
  WebDBID: -1
  TimeStamp: 20260522171352
Version:
  Major: 11
  Minor: 0
  Build: 1004
  SpecialBuildName: ""
  ptArchitecture: x86_64_linux
Results:
  Results Complete: true
  NumTestProcesses: 24
  CPU_INTEGER_MATH: 155850.96400000001
  CPU_FLOATINGPOINT_MATH: 126812.43861475738
  CPU_PRIME: 247.93100772668558
  CPU_SORTING: 62572.479030193354
  CPU_ENCRYPTION: 27135.947816548538
  CPU_COMPRESSION: 558148.96325530566
  CPU_SINGLETHREAD: 2641.0494013588709
  CPU_PHYSICS: 5358.4567259732066
  CPU_MATRIX_MULT_SSE: 42398.47951841358
  CPU_mm: 4604.5914239790272
  CPU_sse: 16935.757172933125
  CPU_fma: 47164.18142779421
  CPU_avx: 36200.873795288135
  CPU_avx512: 69293.105677638887
  m_CPU_enc_SHA: 37109608554.387367
  m_CPU_enc_AES: 25674235057.624237
  m_CPU_enc_ECDSA: 22578467241.043983
  ME_ALLOC_S: 18165.986682309034
  ME_READ_S: 28590.064648437499
  ME_READ_L: 26056.94140625
  ME_WRITE: 27334.50390625
  ME_LARGE: 82228.5
  ME_LATENCY: 140.84071493115837
  ME_THREADED: 97979.70849609375
  SUMM_CPU: 43875.906481935199
  SUMM_ME: 1822.970555893738
SystemInformation:
  OSName: Ubuntu 24.04.4 LTS
  Kernel: 6.8.0-111-generic
  Device: ""
  Processor: "AMD EPYC 9575F 64-Core Processor               "
  NumSockets: 1
  Manufacturer: AuthenticAMD
  NumCores: 24
  NumLogicals: 24
  CPUFrequency: 0
  CPUMaxFrequency: 0
  Memory: 96465
  CPUInfo:
    number: 1
    Family: 15
    Model: 2
    stepping: 1
    features: 395049983
    manufacture: AuthenticAMD
    typestring: "AMD EPYC 9575F 64-Core Processor               "
    iCoresPerPackage: 255
    iThreadsPerPackage: 1
    featuresEx:
      - 395049983
      - 4294586883
      - 802421759
    bHybrid: false
    nPCore: 0
    nLogicalsPerPCore: 0
    nECore: 0
    nLogicalsPerECore: 0
  MemModuleInfo:
    iNumMemSticks: 6
    DIMM 1:
      manufacturer: QEMU
      modulePartNo: Not Specified
      memType: RAM
      size: 16
      clkspeed: 0
      moduleVoltage: 0
    DIMM 2:
      manufacturer: QEMU
      modulePartNo: Not Specified
      memType: RAM
      size: 16
      clkspeed: 0
      moduleVoltage: 0
    DIMM 3:
      manufacturer: QEMU
      modulePartNo: Not Specified
      memType: RAM
      size: 16
      clkspeed: 0
      moduleVoltage: 0
    DIMM 4:
      manufacturer: QEMU
      modulePartNo: Not Specified
      memType: RAM
      size: 16
      clkspeed: 0
      moduleVoltage: 0
    DIMM 5:
      manufacturer: QEMU
      modulePartNo: Not Specified
      memType: RAM
      size: 16
      clkspeed: 0
      moduleVoltage: 0
    DIMM 6:
      manufacturer: QEMU
      modulePartNo: Not Specified
      memType: RAM
      size: 16
      clkspeed: 0
      moduleVoltage: 0
Checksum: E16678EB61F35E0D98361630F17C658B22EA8755