BaselineInfo:
  WebDBID: -1
  TimeStamp: 20241108225618
Version:
  Major: 11
  Minor: 0
  Build: 1002
  SpecialBuildName: ""
  ptArchitecture: aarch64_linux
Results:
  Results Complete: true
  NumTestProcesses: 32
  CPU_INTEGER_MATH: 152795.43166666664
  CPU_FLOATINGPOINT_MATH: 151900.65551762973
  CPU_PRIME: 240.84068500373093
  CPU_SORTING: 125906.24259897189
  CPU_ENCRYPTION: 4449.1341437830852
  CPU_COMPRESSION: 169559.42454257677
  CPU_SINGLETHREAD: 1558.8288644862059
  CPU_PHYSICS: 6741.7007825431747
  CPU_MATRIX_MULT_SSE: 31303.124532614904
  CPU_mm: 3473.4423882320311
  CPU_sse: 24874.87331167487
  CPU_fma: 37731.375753554945
  CPU_avx: 0
  CPU_avx512: 0
  m_CPU_enc_SHA: 6725983034.7765789
  m_CPU_enc_AES: 2593344098.9686217
  m_CPU_enc_ECDSA: 4676438718.1092787
  ME_ALLOC_S: 31118.447822868326
  ME_READ_S: 19689.0263671875
  ME_READ_L: 19002.087890625
  ME_WRITE: 19708.263671875
  ME_LARGE: 114815.75
  ME_LATENCY: 50.577099029858942
  ME_THREADED: 252690.85400390625
  SUMM_CPU: 20956.601115075759
  SUMM_ME: 3115.3016203238758
SystemInformation:
  OSName: Ubuntu 24.04.1 LTS
  Kernel: 6.8.0-1016-aws
  Device: ""
  Processor: ARM Neoverse-V1 32 Core 0 MHz
  NumSockets: 1
  Manufacturer: ARM
  NumCores: 32
  NumLogicals: 32
  CPUFrequency: 0
  Memory: 126506
Checksum: 074A662538E8D64E185D9F654915305EA6490741