BaselineInfo:
  WebDBID: -1
  TimeStamp: 20260404210517
Version:
  Major: 11
  Minor: 0
  Build: 1004
  SpecialBuildName: ""
  ptArchitecture: x86_64_linux
Results:
  Results Complete: true
  NumTestProcesses: 24
  CPU_INTEGER_MATH: 101021.80566666665
  CPU_FLOATINGPOINT_MATH: 51645.953091442658
  CPU_PRIME: 162.86428688794729
  CPU_SORTING: 51116.93318233524
  CPU_ENCRYPTION: 21947.987581341094
  CPU_COMPRESSION: 385165.83713186916
  CPU_SINGLETHREAD: 2361.7207109132628
  CPU_PHYSICS: 2349.732229736856
  CPU_MATRIX_MULT_SSE: 21214.062250460647
  CPU_mm: 2177.77441888767
  CPU_sse: 9589.7062207933413
  CPU_fma: 26199.315541157819
  CPU_avx: 19402.100500189365
  CPU_avx512: 29665.126739702057
  m_CPU_enc_SHA: 22140419096.487202
  m_CPU_enc_AES: 33314592250.353489
  m_CPU_enc_ECDSA: 13587387731.436258
  ME_ALLOC_S: 11220.939880839222
  ME_READ_S: 23651.001367187499
  ME_READ_L: 9312.9677734375
  ME_WRITE: 10018.048828125
  ME_LARGE: 32567.916666666668
  ME_LATENCY: 53.618252398722177
  ME_THREADED: 80194.400634765625
  SUMM_CPU: 29295.595096206835
  SUMM_ME: 2470.5217354234733
SystemInformation:
  OSName: Ubuntu 24.04.4 LTS
  Kernel: 6.8.0-106-generic
  Device: ""
  Processor: Intel(R) Xeon(R) Platinum 8369B CPU @ 2.90GHz
  NumSockets: 1
  Manufacturer: GenuineIntel
  NumCores: 12
  NumLogicals: 24
  CPUFrequency: 0
  CPUMaxFrequency: 0
  Memory: 46239
  CPUInfo:
    number: 1
    Family: 6
    Model: 10
    stepping: 6
    features: 529267711
    manufacture: GenuineIntel
    typestring: Intel(R) Xeon(R) Platinum 8369B CPU @ 2.90GHz
    iCoresPerPackage: 12
    iThreadsPerPackage: 2
    featuresEx:
      - 529267711
      - 4277809667
      - 739248128
    bHybrid: false
    nPCore: 0
    nLogicalsPerPCore: 0
    nECore: 0
    nLogicalsPerECore: 0
  MemModuleInfo:
    iNumMemSticks: 3
    DIMM 1:
      manufacturer: Alibaba Cloud
      modulePartNo: Not Specified
      memType: RAM
      size: 16
      clkspeed: 0
      moduleVoltage: 0
    DIMM 2:
      manufacturer: Alibaba Cloud
      modulePartNo: Not Specified
      memType: RAM
      size: 16
      clkspeed: 0
      moduleVoltage: 0
    DIMM 3:
      manufacturer: Alibaba Cloud
      modulePartNo: Not Specified
      memType: RAM
      size: 16
      clkspeed: 0
      moduleVoltage: 0
Checksum: 2C5DDE638F6BE80991AAFFD479429CD07EC2422C