BaselineInfo:
  WebDBID: -1
  TimeStamp: 20241108074201
Version:
  Major: 11
  Minor: 0
  Build: 1002
  SpecialBuildName: ""
  ptArchitecture: x86_64_linux
Results:
  Results Complete: true
  NumTestProcesses: 16
  CPU_INTEGER_MATH: 36226.898000000001
  CPU_FLOATINGPOINT_MATH: 19478.231819779659
  CPU_PRIME: 67.660277011677124
  CPU_SORTING: 18986.816328844336
  CPU_ENCRYPTION: 4980.1835361486492
  CPU_COMPRESSION: 161676.4389936201
  CPU_SINGLETHREAD: 1496.9823769504151
  CPU_PHYSICS: 1296.4641269187052
  CPU_MATRIX_MULT_SSE: 11416.355417626173
  CPU_mm: 1104.7468814081569
  CPU_sse: 3988.011662917992
  CPU_fma: 13483.725083989602
  CPU_avx: 9528.3127057086858
  CPU_avx512: 18665.37221788842
  m_CPU_enc_SHA: 1642835921.2029178
  m_CPU_enc_AES: 12546532696.632427
  m_CPU_enc_ECDSA: 1476934176.9664724
  ME_ALLOC_S: 4481.3486953325964
  ME_READ_S: 18482.08203125
  ME_READ_L: 8653.6103515625
  ME_WRITE: 7942.66015625
  ME_LARGE: 54097.333333333336
  ME_LATENCY: 58.711959169806597
  ME_THREADED: 76403.25146484375
  SUMM_CPU: 11791.276697187017
  SUMM_ME: 2146.1878345126302
SystemInformation:
  OSName: Ubuntu 24.04.1 LTS
  Kernel: 6.8.0-1017-azure
  Device: ""
  Processor: Intel Xeon Platinum 8171M CPU @ 2.60GHz
  NumSockets: 1
  Manufacturer: GenuineIntel
  NumCores: 8
  NumLogicals: 16
  CPUFrequency: 0
  Memory: 64297
  MemModuleInfo:
    iNumMemSticks: 3
    DIMM 1:
      manufacturer: Microsoft Corporation
      modulePartNo: None
      memType: Unknown
      size: 1
      clkspeed: 0
      moduleVoltage: 0
    DIMM 2:
      manufacturer: Microsoft Corporation
      modulePartNo: None
      memType: Unknown
      size: 60928
      clkspeed: 0
      moduleVoltage: 0
    DIMM 3:
      manufacturer: Microsoft Corporation
      modulePartNo: None
      memType: Unknown
      size: 3584
      clkspeed: 0
      moduleVoltage: 0
Checksum: ADC618F188273E680DB298034C8D49C9084CAFAC