BaselineInfo:
  WebDBID: -1
  TimeStamp: 20251217054550
Version:
  Major: 11
  Minor: 0
  Build: 1002
  SpecialBuildName: ""
  ptArchitecture: x86_64_linux
Results:
  Results Complete: true
  NumTestProcesses: 64
  CPU_INTEGER_MATH: 381806.07366666675
  CPU_FLOATINGPOINT_MATH: 346084.5859445018
  CPU_PRIME: 1202.256834522766
  CPU_SORTING: 227761.14992588453
  CPU_ENCRYPTION: 83008.691470959791
  CPU_COMPRESSION: 1552005.0784803601
  CPU_SINGLETHREAD: 2941.8445626486732
  CPU_PHYSICS: 17934.569339286532
  CPU_MATRIX_MULT_SSE: 123438.56271676978
  CPU_mm: 13175.550843280527
  CPU_sse: 59153.061769329601
  CPU_fma: 175005.99857980973
  CPU_avx: 136156.62780117008
  CPU_avx512: 0
  m_CPU_enc_SHA: 114507503761.56567
  m_CPU_enc_AES: 73141731174.840073
  m_CPU_enc_ECDSA: 73473530067.153656
  ME_ALLOC_S: 31390.597686073688
  ME_READ_S: 27869.533593749999
  ME_READ_L: 26376.03125
  ME_WRITE: 25578.015625
  ME_LARGE: 489067.5
  ME_LATENCY: 70.73875974840648
  ME_THREADED: 412121.015625
  SUMM_CPU: 94314.312055172151
  SUMM_ME: 3020.9201339814485
SystemInformation:
  OSName: Ubuntu 24.04.2 LTS
  Kernel: 6.8.0-86-generic
  Device: ""
  Processor: AMD EPYC-Milan Processor
  NumSockets: 64
  Manufacturer: AuthenticAMD
  NumCores: 64
  NumLogicals: 64
  CPUFrequency: 0
  Memory: 503674
  MemModuleInfo:
    iNumMemSticks: 1
    DIMM 1:
      manufacturer: QEMU
      modulePartNo: Not Specified
      memType: RAM
      size: 500
      clkspeed: 0
      moduleVoltage: 0
Checksum: B58F87A9DA12A9139C7D427CD0E28F96F96504AE