BaselineInfo:
  WebDBID: -1
  TimeStamp: 20250526170838
Version:
  Major: 11
  Minor: 0
  Build: 1002
  SpecialBuildName: ""
  ptArchitecture: x86_64_linux
Results:
  Results Complete: true
  NumTestProcesses: 4
  CPU_INTEGER_MATH: 21253.731666666667
  CPU_FLOATINGPOINT_MATH: 15077.476828336603
  CPU_PRIME: 42.476981049274727
  CPU_SORTING: 10744.115015089184
  CPU_ENCRYPTION: 4677.1814230855243
  CPU_COMPRESSION: 78346.511492043021
  CPU_SINGLETHREAD: 3246.9619949798098
  CPU_PHYSICS: 1037.9529281644184
  CPU_MATRIX_MULT_SSE: 6152.4748893498827
  CPU_mm: 599.64615833229038
  CPU_sse: 2602.0413572842431
  CPU_fma: 7159.648062245381
  CPU_avx: 5348.1878742209228
  CPU_avx512: 9500.0222636489816
  m_CPU_enc_SHA: 4947410404.7554131
  m_CPU_enc_AES: 6438989909.2923136
  m_CPU_enc_ECDSA: 3326740249.6322527
  ME_ALLOC_S: 3112.5096080628828
  ME_READ_S: 28441.245898437501
  ME_READ_L: 10149.2744140625
  ME_WRITE: 9448.828125
  ME_LARGE: 75001
  ME_LATENCY: 58.243728198323367
  ME_THREADED: 31319.5625
  SUMM_CPU: 8173.1282694153697
  SUMM_ME: 2321.69425470635
SystemInformation:
  OSName: Ubuntu 24.04.2 LTS
  Kernel: 6.11.0-1015-azure
  Device: ""
  Processor: INTEL XEON PLATINUM 8573C
  NumSockets: 1
  Manufacturer: GenuineIntel
  NumCores: 2
  NumLogicals: 4
  CPUFrequency: 2300
  Memory: 84466
  MemModuleInfo:
    iNumMemSticks: 3
    DIMM 1:
      manufacturer: Microsoft Corporation
      modulePartNo: None
      memType: Unknown
      size: 1
      clkspeed: 0
      moduleVoltage: 0
    DIMM 2:
      manufacturer: Microsoft Corporation
      modulePartNo: None
      memType: Unknown
      size: 59
      clkspeed: 0
      moduleVoltage: 0
    DIMM 3:
      manufacturer: Microsoft Corporation
      modulePartNo: None
      memType: Unknown
      size: 24
      clkspeed: 0
      moduleVoltage: 0
Checksum: C0E94415551350A3212D5E691C7F80BB9A21C317