BaselineInfo:
  WebDBID: -1
  TimeStamp: 20241108134837
Version:
  Major: 11
  Minor: 0
  Build: 1002
  SpecialBuildName: ""
  ptArchitecture: x86_64_linux
Results:
  Results Complete: true
  NumTestProcesses: 8
  CPU_INTEGER_MATH: 33203.315666666662
  CPU_FLOATINGPOINT_MATH: 18334.093183508718
  CPU_PRIME: 77.633930397585715
  CPU_SORTING: 18108.824132948383
  CPU_ENCRYPTION: 8621.1973255131816
  CPU_COMPRESSION: 128420.56565925344
  CPU_SINGLETHREAD: 2397.6575594340507
  CPU_PHYSICS: 1316.1649839159529
  CPU_MATRIX_MULT_SSE: 7365.6411631768106
  CPU_mm: 895.95010234913286
  CPU_sse: 3774.3914779404399
  CPU_fma: 10408.531078108183
  CPU_avx: 7914.0009334818096
  CPU_avx512: 0
  m_CPU_enc_SHA: 12500039648.987936
  m_CPU_enc_AES: 7991992799.8368835
  m_CPU_enc_ECDSA: 6627909371.5671082
  ME_ALLOC_S: 3596.7392846615599
  ME_READ_S: 24462.504492187501
  ME_READ_L: 18942.958984375
  ME_WRITE: 18448.685546875
  ME_LARGE: 247587.66666666666
  ME_LATENCY: 63.899364143702975
  ME_THREADED: 39467.9814453125
  SUMM_CPU: 11889.550968470203
  SUMM_ME: 2626.5456717376373
SystemInformation:
  OSName: Ubuntu 24.04.1 LTS
  Kernel: 6.8.0-1017-azure
  Device: ""
  Processor: AMD EPYC 7763 64-Core Processor
  NumSockets: 1
  Manufacturer: AuthenticAMD
  NumCores: 4
  NumLogicals: 8
  CPUFrequency: 0
  Memory: 257739
  MemModuleInfo:
    iNumMemSticks: 3
    DIMM 1:
      manufacturer: Microsoft Corporation
      modulePartNo: None
      memType: Unknown
      size: 1
      clkspeed: 0
      moduleVoltage: 0
    DIMM 2:
      manufacturer: Microsoft Corporation
      modulePartNo: None
      memType: Unknown
      size: 59
      clkspeed: 0
      moduleVoltage: 0
    DIMM 3:
      manufacturer: Microsoft Corporation
      modulePartNo: None
      memType: Unknown
      size: 196
      clkspeed: 0
      moduleVoltage: 0
Checksum: 83CFCF01AC34F825F8CBAE7807E59036ABBB6EBF