BaselineInfo:
  WebDBID: -1
  TimeStamp: 20260206192929
Version:
  Major: 11
  Minor: 0
  Build: 1004
  SpecialBuildName: ""
  ptArchitecture: x86_64_linux
Results:
  Results Complete: true
  NumTestProcesses: 96
  CPU_INTEGER_MATH: 495094.21799999988
  CPU_FLOATINGPOINT_MATH: 358509.94076452829
  CPU_PRIME: 949.4056694905571
  CPU_SORTING: 249071.64585693038
  CPU_ENCRYPTION: 108061.70916156653
  CPU_COMPRESSION: 1909076.7586498938
  CPU_SINGLETHREAD: 3257.7299020831942
  CPU_PHYSICS: 16229.375774626053
  CPU_MATRIX_MULT_SSE: 133724.64557422779
  CPU_mm: 14382.103847301834
  CPU_sse: 59895.033672602898
  CPU_fma: 156170.65584056382
  CPU_avx: 124208.27288676825
  CPU_avx512: 194624.61989697636
  m_CPU_enc_SHA: 114712725453.07709
  m_CPU_enc_AES: 149813820277.07816
  m_CPU_enc_ECDSA: 75406198507.241318
  ME_ALLOC_S: 34085.528373576621
  ME_READ_S: 28777.948046875001
  ME_READ_L: 16462.96875
  ME_WRITE: 11835.375
  ME_LARGE: 175301.5
  ME_LATENCY: 72.101828801338641
  ME_THREADED: 387087.11499023438
  SUMM_CPU: 106825.40048080639
  SUMM_ME: 2658.3141328249094
SystemInformation:
  OSName: Ubuntu 24.04.3 LTS
  Kernel: 6.14.0-1018-aws
  Device: ""
  Processor: Intel(R) Xeon(R) 6975P-C
  NumSockets: 1
  Manufacturer: GenuineIntel
  NumCores: 48
  NumLogicals: 96
  CPUFrequency: 0
  CPUMaxFrequency: 0
  Memory: 190297
  CPUInfo:
    number: 1
    Family: 6
    Model: 13
    stepping: 1
    features: 529267711
    manufacture: GenuineIntel
    typestring: Intel(R) Xeon(R) 6975P-C
    iCoresPerPackage: 48
    iThreadsPerPackage: 2
    featuresEx:
      - 529267711
      - 4294619651
      - 739248128
    bHybrid: false
    nPCore: 0
    nLogicalsPerPCore: 0
    nECore: 0
    nLogicalsPerECore: 0
  MemModuleInfo:
    iNumMemSticks: 2
    DIMM 1:
      manufacturer: Not Specified
      modulePartNo: Not Specified
      memType: DDR5
      size: 96
      clkspeed: 3600
      moduleVoltage: 0
    DIMM 2:
      manufacturer: Not Specified
      modulePartNo: Not Specified
      memType: DDR5
      size: 96
      clkspeed: 3600
      moduleVoltage: 0
Checksum: 834422130C421629D6787B651C7EB640F79EC583