BaselineInfo:
  WebDBID: -1
  TimeStamp: 20241107111849
Version:
  Major: 11
  Minor: 0
  Build: 1002
  SpecialBuildName: ""
  ptArchitecture: x86_64_linux
Results:
  Results Complete: true
  NumTestProcesses: 2
  CPU_INTEGER_MATH: 8249.3006666666661
  CPU_FLOATINGPOINT_MATH: 4575.0364447612474
  CPU_PRIME: 19.401053653400673
  CPU_SORTING: 4598.1387352943857
  CPU_ENCRYPTION: 2140.0988334916069
  CPU_COMPRESSION: 32820.077123040581
  CPU_SINGLETHREAD: 2316.0923125161285
  CPU_PHYSICS: 394.78733625108873
  CPU_MATRIX_MULT_SSE: 1761.9134002977362
  CPU_mm: 222.20664164812177
  CPU_sse: 942.6256194503685
  CPU_fma: 2576.6062178809916
  CPU_avx: 1766.5083635618489
  CPU_avx512: 0
  m_CPU_enc_SHA: 3096634185.4464636
  m_CPU_enc_AES: 1984560769.2956688
  m_CPU_enc_ECDSA: 1650973868.539753
  ME_ALLOC_S: 844.93822075348965
  ME_READ_S: 23578.785937500001
  ME_READ_L: 15313.0966796875
  ME_WRITE: 16476.056640625
  ME_LARGE: 22153
  ME_LATENCY: 70.481615828078986
  ME_THREADED: 21955.9560546875
  SUMM_CPU: 3139.3620879972518
  SUMM_ME: 1982.0547320403762
SystemInformation:
  OSName: Ubuntu 24.04.1 LTS
  Kernel: 6.8.0-1017-azure
  Device: ""
  Processor: AMD EPYC 7763 64-Core Processor
  NumSockets: 1
  Manufacturer: AuthenticAMD
  NumCores: 1
  NumLogicals: 2
  CPUFrequency: 0
  Memory: 32094
  MemModuleInfo:
    iNumMemSticks: 2
    DIMM 1:
      manufacturer: Microsoft Corporation
      modulePartNo: None
      memType: Unknown
      size: 1
      clkspeed: 0
      moduleVoltage: 0
    DIMM 2:
      manufacturer: Microsoft Corporation
      modulePartNo: None
      memType: Unknown
      size: 31
      clkspeed: 0
      moduleVoltage: 0
Checksum: 11BE68970412FDA29C44A39F60CD8C9457708841