---
system-info:
      stress-ng-version: 0.17.08
      run-by: root
      date-yyyy-mm-dd: 2024:07:12
      time-hh-mm-ss: 06:53:42
      epoch-secs: 1720767222
      hostname: ip-172-31-10-31
      sysname: Linux
      nodename: ip-172-31-10-31
      release: 6.8.0-1010-aws
      version: '#10-Ubuntu SMP Thu Jun 13 17:48:42 UTC 2024'
      machine: aarch64
      compiler: 'musl-gcc 13.2.1'
      uptime: 150
      totalram: 134781280256
      freeram: 128772251648
      sharedram: 36552704
      bufferram: 143462400
      totalswap: 0
      freeswap: 0
      pagesize: 4096
      cpus: 64
      cpus-online: 64
      ticks-per-second: 100

metrics:
    - stressor: cpu
      bogo-ops: 1944509
      bogo-ops-per-second-usr-sys-time: 1519.673087
      bogo-ops-per-second-real-time: 97225.104831
      wall-clock-time: 20.000071
      user-time: 1279.537452
      system-time: 0.019985
      cpu-usage-per-instance: 99.965070
      max-rss: 512

...
