size_kb,operation,bandwidth_mb_s,latency_ns,latency_stddev_ns,latency_samples,threads,iterations,elapsed_s
32,read,3046159.34,0,0,0,64,492125,0.323112
32,write,1758753.08,0,0,0,64,531914,0.604876
32,copy,1483495.46,0,0,0,64,321336,0.433215
32,latency,0,1.34,0.00,7,1,7,0.195364
128,read,2905306.94,0,0,0,64,149342,0.411225
128,write,1644704.92,0,0,0,64,106837,0.519665
128,copy,1495638.24,0,0,0,64,83222,0.445145
128,latency,0,3.70,0.00,7,1,7,0.632980
1024,read,1246206.20,0,0,0,64,18180,0.933650
1024,write,1123163.63,0,0,0,64,12589,0.717345
1024,copy,211104.98,0,0,0,64,5237,1.587684
1024,latency,0,6.67,0.01,7,1,7,0.681967
2048,read,403473.89,0,0,0,64,4724,1.498665
2048,write,505780.11,0,0,0,64,4193,1.061141
2048,copy,183357.36,0,0,0,64,1289,0.899838
2048,latency,0,11.62,0.04,7,1,7,0.625639
4096,read,410435.86,0,0,0,64,1024,0.638697
4096,write,248743.09,0,0,0,64,1308,1.346160
4096,copy,100892.70,0,0,0,64,525,1.332108
4096,latency,0,24.77,0.03,7,1,7,0.707860
32768,read,229040.37,0,0,0,64,84,0.751099
32768,write,176355.68,0,0,0,64,90,1.045161
32768,copy,67734.21,0,0,0,64,48,1.451320
32768,latency,0,35.45,0.90,7,1,7,0.809311
65536,read,225535.28,0,0,0,64,43,0.780933
65536,write,173123.65,0,0,0,64,46,1.088332
65536,copy,67095.98,0,0,0,64,25,1.526172
65536,latency,0,36.36,0.03,7,1,7,1.649721
131072,read,223088.89,0,0,0,64,21,0.771137
131072,write,171095.16,0,0,0,64,22,1.053355
131072,copy,66719.25,0,0,0,64,12,1.473398
131072,latency,0,68.87,0.73,7,1,7,6.074058
262144,read,222234.01,0,0,0,64,11,0.810965
262144,write,170708.77,0,0,0,64,11,1.055740
262144,copy,66560.69,0,0,0,64,6,1.476908
262144,latency,0,105.49,0.06,7,1,7,18.275875
524288,read,222092.37,0,0,0,64,5,0.737711
524288,write,170087.01,0,0,0,64,5,0.963272
524288,copy,55876.34,0,0,0,32,3,0.879657
524288,latency,0,119.38,0.03,7,1,7,41.376843
