BaselineInfo:
  WebDBID: -1
  TimeStamp: 20241108075142
Version:
  Major: 11
  Minor: 0
  Build: 1002
  SpecialBuildName: ""
  ptArchitecture: x86_64_linux
Results:
  Results Complete: true
  NumTestProcesses: 16
  CPU_INTEGER_MATH: 49807.28100000001
  CPU_FLOATINGPOINT_MATH: 26738.756059656716
  CPU_PRIME: 84.646963909764025
  CPU_SORTING: 25865.989517545437
  CPU_ENCRYPTION: 6855.862973496919
  CPU_COMPRESSION: 219707.99093847777
  CPU_SINGLETHREAD: 2019.8912132768703
  CPU_PHYSICS: 1533.1656078903698
  CPU_MATRIX_MULT_SSE: 14043.285542917809
  CPU_mm: 1513.5119716163163
  CPU_sse: 5401.718385719294
  CPU_fma: 17133.203307963377
  CPU_avx: 12157.816658487267
  CPU_avx512: 21480.403819501305
  m_CPU_enc_SHA: 2252981763.112978
  m_CPU_enc_AES: 17293370811.512054
  m_CPU_enc_ECDSA: 2020327545.2674866
  ME_ALLOC_S: 5719.9643652759241
  ME_READ_S: 24269.220898437499
  ME_READ_L: 11781.802734375
  ME_WRITE: 10746.2958984375
  ME_LARGE: 54163.083333333336
  ME_LATENCY: 48.077005270340408
  ME_THREADED: 75900.525390625
  SUMM_CPU: 15816.411038396847
  SUMM_ME: 2731.8752427001009
SystemInformation:
  OSName: Ubuntu 24.04.1 LTS
  Kernel: 6.8.0-1017-azure
  Device: ""
  Processor: Intel Xeon Platinum 8272CL CPU @ 2.60GHz
  NumSockets: 1
  Manufacturer: GenuineIntel
  NumCores: 8
  NumLogicals: 16
  CPUFrequency: 0
  Memory: 64297
  MemModuleInfo:
    iNumMemSticks: 3
    DIMM 1:
      manufacturer: Microsoft Corporation
      modulePartNo: None
      memType: Unknown
      size: 1
      clkspeed: 0
      moduleVoltage: 0
    DIMM 2:
      manufacturer: Microsoft Corporation
      modulePartNo: None
      memType: Unknown
      size: 60928
      clkspeed: 0
      moduleVoltage: 0
    DIMM 3:
      manufacturer: Microsoft Corporation
      modulePartNo: None
      memType: Unknown
      size: 3584
      clkspeed: 0
      moduleVoltage: 0
Checksum: AD200A5B54099E965ED2E5EC004D9C1AF0A1C7D7