BaselineInfo:
  WebDBID: -1
  TimeStamp: 20260217162002
Version:
  Major: 11
  Minor: 0
  Build: 1004
  SpecialBuildName: ""
  ptArchitecture: x86_64_linux
Results:
  Results Complete: true
  NumTestProcesses: 48
  CPU_INTEGER_MATH: 406649.30500000005
  CPU_FLOATINGPOINT_MATH: 406671.67787097889
  CPU_PRIME: 1503.4574318362463
  CPU_SORTING: 237720.74080663614
  CPU_ENCRYPTION: 84561.742463934119
  CPU_COMPRESSION: 1719999.9829714096
  CPU_SINGLETHREAD: 4251.362607045141
  CPU_PHYSICS: 21786.767457275546
  CPU_MATRIX_MULT_SSE: 149332.77070959544
  CPU_mm: 17481.851454554966
  CPU_sse: 55079.181027713064
  CPU_fma: 202748.52024030086
  CPU_avx: 112449.95796927535
  CPU_avx512: 227053.42360109257
  m_CPU_enc_SHA: 117426266857.37897
  m_CPU_enc_AES: 73492079004.784149
  m_CPU_enc_ECDSA: 75089895135.423462
  ME_ALLOC_S: 43963.427170834933
  ME_READ_S: 37895.556250000001
  ME_READ_L: 35989.359375
  ME_WRITE: 35677.98828125
  ME_LARGE: 175096.5
  ME_LATENCY: 91.866932904447467
  ME_THREADED: 730118.2109375
  SUMM_CPU: 116040.17862224772
  SUMM_ME: 2767.6611389285326
SystemInformation:
  OSName: Ubuntu 24.04.3 LTS
  Kernel: 6.14.0-1018-aws
  Device: ""
  Processor: AMD EPYC 9R05
  NumSockets: 1
  Manufacturer: AuthenticAMD
  NumCores: 48
  NumLogicals: 48
  CPUFrequency: 0
  CPUMaxFrequency: 0
  Memory: 189652
  CPUInfo:
    number: 1
    Family: 15
    Model: 2
    stepping: 1
    features: 395049983
    manufacture: AuthenticAMD
    typestring: AMD EPYC 9R05
    iCoresPerPackage: 48
    iThreadsPerPackage: 1
    featuresEx:
      - 395049983
      - 4277809667
      - 802421759
    bHybrid: false
    nPCore: 0
    nLogicalsPerPCore: 0
    nECore: 0
    nLogicalsPerECore: 0
  MemModuleInfo:
    iNumMemSticks: 1
    DIMM 1:
      manufacturer: Not Specified
      modulePartNo: Not Specified
      memType: DDR5
      size: 192
      clkspeed: 3200
      moduleVoltage: 0
Checksum: 8104E5207BDE9B17CEF237D2DD94DCA2FF1ABFD4