"size","threads","connections","rps","latency","failed","server_usr","server_sys","client_usr","client_sys"
"1k",8,8,584413,0.000013200,0,15.38,25.09,8.91,31.29
"1k",8,16,568517,0.000134940,0,16.00,25.27,8.22,30.25
"1k",8,32,516912,0.000058450,0,12.90,27.04,6.51,30.35
"1k",8,64,553890,0.000136430,0,13.31,27.54,6.43,31.39
"1k",8,128,585401,0.000314780,0,13.49,27.82,6.61,31.74
"1k",8,256,602235,0.000511900,0,13.43,27.85,6.44,31.78
"1k",16,16,503907,0.000034080,0,12.59,26.16,7.57,32.70
"1k",16,32,481370,0.000069500,0,11.76,27.75,7.16,33.58
"1k",16,64,502833,0.000201690,0,11.91,28.05,6.73,33.81
"1k",16,128,509748,0.000430160,0,11.89,27.98,6.84,33.90
"1k",16,256,534004,0.000677970,0,12.11,27.89,7.02,33.70
"1k",32,32,486111,0.000078870,0,11.81,26.73,7.56,34.13
"1k",32,64,463353,0.000246180,0,10.98,27.64,6.99,34.67
"1k",32,128,475438,0.000460040,0,10.91,28.04,6.90,34.82
"1k",32,256,493280,0.000709150,0,11.14,27.94,6.86,34.74
"16k",8,8,388211,0.000020480,0,13.08,25.66,7.12,31.79
"16k",8,16,439313,0.000084170,0,14.23,24.97,7.83,31.43
"16k",8,32,401893,0.000075210,0,12.14,26.01,6.43,31.56
"16k",8,64,419527,0.000165290,0,12.50,26.90,6.43,32.91
"16k",8,128,433877,0.000348950,0,12.74,26.85,6.43,33.27
"16k",8,256,438299,0.000661760,0,13.14,26.71,6.49,33.46
"16k",16,16,421219,0.000039390,0,12.31,25.85,7.88,33.81
"16k",16,32,397657,0.000081460,0,11.38,27.10,7.16,34.73
"16k",16,64,387214,0.000208640,0,10.94,27.61,6.68,35.20
"16k",16,128,396510,0.000532210,0,11.23,27.43,6.63,35.38
"16k",16,256,408642,0.000860000,0,11.83,27.03,6.76,35.11
"16k",32,32,407573,0.000086510,0,11.43,25.98,7.81,35.06
"16k",32,64,373302,0.000256180,0,10.54,27.22,7.37,35.47
"16k",32,128,368895,0.000510660,0,10.40,27.34,7.06,35.89
"16k",32,256,365253,0.000815390,0,10.76,27.00,7.06,35.90
"64k",8,8,190876,0.000041570,0,9.43,25.99,5.52,30.97
"64k",8,16,229989,0.000062910,0,10.90,25.81,6.39,31.47
"64k",8,32,202929,0.000145600,0,10.26,28.23,5.59,32.80
"64k",8,64,202729,0.000295360,0,10.77,29.45,5.49,33.46
"64k",8,128,205689,0.000597850,0,11.34,29.57,5.39,33.13
"64k",8,256,208820,0.001150000,0,11.61,29.71,5.46,32.84
"64k",16,16,232224,0.000070360,0,10.50,27.63,6.85,35.29
"64k",16,32,196709,0.000165220,0,9.10,29.69,6.01,35.69
"64k",16,64,196025,0.000396100,0,9.71,29.62,5.80,35.29
"64k",16,128,193503,0.000810910,0,10.08,29.38,5.63,34.96
"64k",16,256,196022,0.001410000,0,10.59,29.44,5.71,34.69
"64k",32,32,211318,0.000161540,0,9.45,28.36,6.74,36.00
"64k",32,64,188895,0.000428700,0,9.19,29.25,6.18,36.06
"64k",32,128,186023,0.000795660,0,9.66,29.07,6.07,35.93
"64k",32,256,186413,0.001440000,0,9.78,29.14,6.07,35.78
"256k",8,8,82727,0.000097050,0,10.21,28.30,6.15,32.44
"256k",8,16,80951,0.000179490,0,12.81,29.33,6.02,31.95
"256k",8,32,70551,0.000423600,0,11.57,30.57,5.07,31.49
"256k",8,64,70410,0.000870000,0,11.52,31.44,5.08,32.02
"256k",8,128,71508,0.001720000,0,11.63,32.01,5.10,31.16
"256k",16,16,76026,0.000212760,0,11.65,29.37,5.96,33.48
"256k",16,32,68972,0.000480360,0,10.96,30.64,5.59,33.36
"256k",16,64,67427,0.001030000,0,10.48,31.23,5.35,33.21
"256k",16,128,67975,0.001900000,0,10.69,31.47,5.20,32.88
"256k",32,32,69052,0.000495190,0,11.04,30.05,5.89,33.72
"256k",32,64,66237,0.001050000,0,10.23,30.96,5.69,33.46
"256k",32,128,66458,0.001960000,0,10.47,30.91,5.37,33.45
"512k",8,8,34669,0.000252330,0,12.53,26.17,4.81,31.94
"512k",8,16,37561,0.000392640,0,14.64,28.04,5.38,31.89
"512k",8,32,35825,0.000831660,0,13.55,30.57,4.87,29.66
"512k",8,64,35590,0.001730000,0,13.39,31.55,4.96,30.38
"512k",8,128,34974,0.003330000,0,13.38,32.26,4.74,30.12
"512k",16,16,36276,0.000459100,0,13.57,28.75,5.41,32.88
"512k",16,32,34633,0.000950000,0,12.66,30.76,5.02,31.48
"512k",16,64,34603,0.001870000,0,12.72,31.28,5.10,31.14
"512k",16,128,34449,0.003650000,0,12.85,31.86,4.87,30.84
"512k",32,32,35069,0.000940000,0,12.54,30.71,5.61,31.21
"512k",32,64,34739,0.001870000,0,12.33,31.02,5.35,31.46
"512k",32,128,34237,0.003720000,0,12.44,31.32,5.18,31.49
