---
system-info:
      stress-ng-version: 0.17.08
      run-by: root
      date-yyyy-mm-dd: 2024:08:30
      time-hh-mm-ss: 17:19:05
      epoch-secs: 1725038345
      hostname: sc-runner
      sysname: Linux
      nodename: sc-runner
      release: 6.8.0-1013-azure
      version: '#15-Ubuntu SMP Thu Aug  8 18:40:40 UTC 2024'
      machine: x86_64
      compiler: 'musl-gcc 13.2.1'
      uptime: 338
      totalram: 16766070784
      freeram: 8341671936
      sharedram: 42049536
      bufferram: 203296768
      totalswap: 0
      freeswap: 0
      pagesize: 4096
      cpus: 4
      cpus-online: 4
      ticks-per-second: 100

metrics:
    - stressor: cpu
      bogo-ops: 99195
      bogo-ops-per-second-usr-sys-time: 1246.097990
      bogo-ops-per-second-real-time: 4959.726498
      wall-clock-time: 20.000095
      user-time: 79.593506
      system-time: 0.010988
      cpu-usage-per-instance: 99.505146
      max-rss: 1292

...
