---
system-info:
      stress-ng-version: 0.17.08
      run-by: root
      date-yyyy-mm-dd: 2024:06:09
      time-hh-mm-ss: 16:42:52
      epoch-secs: 1717951372
      hostname: f3123ec6663b
      sysname: Linux
      nodename: f3123ec6663b
      release: 6.8.0-1008-aws
      version: '#8-Ubuntu SMP Sat Apr 20 02:43:14 UTC 2024'
      machine: aarch64
      compiler: 'musl-gcc 13.2.1'
      uptime: 145
      totalram: 8189718528
      freeram: 3807338496
      sharedram: 35020800
      bufferram: 111140864
      totalswap: 0
      freeswap: 0
      pagesize: 4096
      cpus: 1
      cpus-online: 1
      ticks-per-second: 100

metrics:
    - stressor: cpu
      bogo-ops: 2875
      bogo-ops-per-second-usr-sys-time: 292.892085
      bogo-ops-per-second-real-time: 287.343884
      wall-clock-time: 10.005433
      user-time: 9.811936
      system-time: 0.003966
      cpu-usage-per-instance: 98.105718
      max-rss: 4136

...
