BaselineInfo:
  WebDBID: -1
  TimeStamp: 20241107174723
Version:
  Major: 11
  Minor: 0
  Build: 1002
  SpecialBuildName: ""
  ptArchitecture: x86_64_linux
Results:
  Results Complete: true
  NumTestProcesses: 4
  CPU_INTEGER_MATH: 11289.118333333334
  CPU_FLOATINGPOINT_MATH: 6043.5616504493519
  CPU_PRIME: 23.841747089470545
  CPU_SORTING: 5985.7039619501884
  CPU_ENCRYPTION: 1553.2239749349658
  CPU_COMPRESSION: 50272.586916981956
  CPU_SINGLETHREAD: 1799.1831263030197
  CPU_PHYSICS: 528.42313658869568
  CPU_MATRIX_MULT_SSE: 2988.2751786464023
  CPU_mm: 342.41093303834282
  CPU_sse: 1234.9992811128623
  CPU_fma: 3705.9806549711875
  CPU_avx: 2610.6947261525893
  CPU_avx512: 4401.4260523489693
  m_CPU_enc_SHA: 510347922.63505161
  m_CPU_enc_AES: 3921392516.1760607
  m_CPU_enc_ECDSA: 454279709.41310775
  ME_ALLOC_S: 1387.5015106215064
  ME_READ_S: 22292.078906250001
  ME_READ_L: 11382.3876953125
  ME_WRITE: 10496.8671875
  ME_LARGE: 21757.833333333332
  ME_LATENCY: 55.119374389128801
  ME_THREADED: 25773.69921875
  SUMM_CPU: 3975.2043358088968
  SUMM_ME: 2145.0279112839453
SystemInformation:
  OSName: Ubuntu 24.04.1 LTS
  Kernel: 6.8.0-1016-aws
  Device: ""
  Processor: Intel Xeon Platinum 8259CL CPU @ 2.50GHz
  NumSockets: 1
  Manufacturer: GenuineIntel
  NumCores: 2
  NumLogicals: 4
  CPUFrequency: 0
  Memory: 31724
  MemModuleInfo:
    iNumMemSticks: 1
    DIMM 1:
      manufacturer: Not Specified
      modulePartNo: Not Specified
      memType: DDR4
      size: 32
      clkspeed: 1466
      moduleVoltage: 0
Checksum: 618E92777EB8C7310F9CC7F3825C03AC020FA369