BaselineInfo:
  WebDBID: -1
  TimeStamp: 20260403234524
Version:
  Major: 11
  Minor: 0
  Build: 1004
  SpecialBuildName: ""
  ptArchitecture: x86_64_linux
Results:
  Results Complete: true
  NumTestProcesses: 4
  CPU_INTEGER_MATH: 16807.190999999999
  CPU_FLOATINGPOINT_MATH: 8596.862785999776
  CPU_PRIME: 36.623673239553128
  CPU_SORTING: 8907.8219482422792
  CPU_ENCRYPTION: 3646.2688365093481
  CPU_COMPRESSION: 62891.918433330233
  CPU_SINGLETHREAD: 2359.9805637862319
  CPU_PHYSICS: 739.87088833598204
  CPU_MATRIX_MULT_SSE: 3406.0651603401175
  CPU_mm: 362.39203832178066
  CPU_sse: 1579.6828060787254
  CPU_fma: 4367.6151591601601
  CPU_avx: 3235.2036086767862
  CPU_avx512: 4441.7590674447965
  m_CPU_enc_SHA: 3682061134.4140401
  m_CPU_enc_AES: 5536827446.6673555
  m_CPU_enc_ECDSA: 2251281393.4534826
  ME_ALLOC_S: 2034.76679730263
  ME_READ_S: 24155.545507812501
  ME_READ_L: 11801.166015625
  ME_WRITE: 11518.591796875
  ME_LARGE: 2704.0833333333335
  ME_LATENCY: 56.338886392389362
  ME_THREADED: 30911.49072265625
  SUMM_CPU: 5885.4841659661151
  SUMM_ME: 1850.0396088490311
SystemInformation:
  OSName: Ubuntu 24.04.4 LTS
  Kernel: 6.8.0-106-generic
  Device: ""
  Processor: Intel(R) Xeon(R) Platinum 8369B CPU @ 2.70GHz
  NumSockets: 1
  Manufacturer: GenuineIntel
  NumCores: 2
  NumLogicals: 4
  CPUFrequency: 0
  CPUMaxFrequency: 0
  Memory: 15322
  CPUInfo:
    number: 1
    Family: 6
    Model: 10
    stepping: 6
    features: 529267711
    manufacture: GenuineIntel
    typestring: Intel(R) Xeon(R) Platinum 8369B CPU @ 2.70GHz
    iCoresPerPackage: 2
    iThreadsPerPackage: 2
    featuresEx:
      - 529267711
      - 4277809667
      - 739248128
    bHybrid: false
    nPCore: 0
    nLogicalsPerPCore: 0
    nECore: 0
    nLogicalsPerECore: 0
  MemModuleInfo:
    iNumMemSticks: 1
    DIMM 1:
      manufacturer: Alibaba Cloud
      modulePartNo: Not Specified
      memType: RAM
      size: 16
      clkspeed: 0
      moduleVoltage: 0
Checksum: 024A579C4E01602FF14B448C36B4B565F59DA703