BaselineInfo:
  WebDBID: -1
  TimeStamp: 20241107221759
Version:
  Major: 11
  Minor: 0
  Build: 1002
  SpecialBuildName: ""
  ptArchitecture: x86_64_linux
Results:
  Results Complete: true
  NumTestProcesses: 16
  CPU_INTEGER_MATH: 83268.090000000011
  CPU_FLOATINGPOINT_MATH: 67284.79239342353
  CPU_PRIME: 246.19254178112692
  CPU_SORTING: 49375.985029613817
  CPU_ENCRYPTION: 17971.465555299863
  CPU_COMPRESSION: 352946.67882911814
  CPU_SINGLETHREAD: 2377.8795669974365
  CPU_PHYSICS: 3876.226093283572
  CPU_MATRIX_MULT_SSE: 31099.889793971775
  CPU_mm: 3174.3713867725419
  CPU_sse: 14221.781162631924
  CPU_fma: 46715.657170884908
  CPU_avx: 32362.231048398506
  CPU_avx512: 0
  m_CPU_enc_SHA: 25261240916.967278
  m_CPU_enc_AES: 15973584990.025297
  m_CPU_enc_ECDSA: 15298516491.349754
  ME_ALLOC_S: 13220.604334500838
  ME_READ_S: 24306.426367187501
  ME_READ_L: 16704.19921875
  ME_WRITE: 17025.203125
  ME_LARGE: 53791.916666666664
  ME_LATENCY: 64.263668262715342
  ME_THREADED: 89049.04931640625
  SUMM_CPU: 30445.903301228358
  SUMM_ME: 2720.2058208444173
SystemInformation:
  OSName: Ubuntu 24.04.1 LTS
  Kernel: 6.8.0-1015-gcp
  Device: ""
  Processor: AMD EPYC 7B13
  NumSockets: 1
  Manufacturer: AuthenticAMD
  NumCores: 16
  NumLogicals: 16
  CPUFrequency: 0
  Memory: 64298
  MemModuleInfo:
    iNumMemSticks: 4
    DIMM 1:
      manufacturer: ""
      modulePartNo: ""
      memType: RAM
      size: 16
      clkspeed: 0
      moduleVoltage: 0
    DIMM 2:
      manufacturer: ""
      modulePartNo: ""
      memType: RAM
      size: 16
      clkspeed: 0
      moduleVoltage: 0
    DIMM 3:
      manufacturer: ""
      modulePartNo: ""
      memType: RAM
      size: 16
      clkspeed: 0
      moduleVoltage: 0
    DIMM 4:
      manufacturer: ""
      modulePartNo: ""
      memType: RAM
      size: 16
      clkspeed: 0
      moduleVoltage: 0
Checksum: 08F767307C9897CB4D046D584B94C750E4F8CA6C