BaselineInfo:
  WebDBID: -1
  TimeStamp: 20241109205754
Version:
  Major: 11
  Minor: 0
  Build: 1002
  SpecialBuildName: ""
  ptArchitecture: x86_64_linux
Results:
  Results Complete: true
  NumTestProcesses: 48
  CPU_INTEGER_MATH: 203438.83233333338
  CPU_FLOATINGPOINT_MATH: 146947.36337822114
  CPU_PRIME: 377.82768727570641
  CPU_SORTING: 104608.55908356169
  CPU_ENCRYPTION: 45009.356966340652
  CPU_COMPRESSION: 768183.97130069626
  CPU_SINGLETHREAD: 3145.0362711209273
  CPU_PHYSICS: 6771.2165439860046
  CPU_MATRIX_MULT_SSE: 58267.651955824622
  CPU_mm: 5804.7611116397738
  CPU_sse: 26106.81577642935
  CPU_fma: 66207.16993021754
  CPU_avx: 51234.113730023113
  CPU_avx512: 89522.508386628484
  m_CPU_enc_SHA: 47396865761.439613
  m_CPU_enc_AES: 63671984495.236458
  m_CPU_enc_ECDSA: 30518344214.336727
  ME_ALLOC_S: 23520.716055765632
  ME_READ_S: 26183.200000000001
  ME_READ_L: 10518.9345703125
  ME_WRITE: 9270.759765625
  ME_LARGE: 375546.25
  ME_LATENCY: 71.832813694078155
  ME_THREADED: 218837.26513671875
  SUMM_CPU: 59487.529190846828
  SUMM_ME: 2357.677656461392
SystemInformation:
  OSName: Ubuntu 24.04.1 LTS
  Kernel: 6.8.0-1017-azure
  Device: ""
  Processor: Intel Xeon Platinum 8473C
  NumSockets: 1
  Manufacturer: GenuineIntel
  NumCores: 24
  NumLogicals: 48
  CPUFrequency: 2100
  Memory: 386747
  MemModuleInfo:
    iNumMemSticks: 3
    DIMM 1:
      manufacturer: Microsoft Corporation
      modulePartNo: None
      memType: Unknown
      size: 1
      clkspeed: 0
      moduleVoltage: 0
    DIMM 2:
      manufacturer: Microsoft Corporation
      modulePartNo: None
      memType: Unknown
      size: 59
      clkspeed: 0
      moduleVoltage: 0
    DIMM 3:
      manufacturer: Microsoft Corporation
      modulePartNo: None
      memType: Unknown
      size: 324
      clkspeed: 0
      moduleVoltage: 0
Checksum: FCEA2C3DFA0BCEE8BC944EE4DF6C5BACF029BA88