BaselineInfo:
  WebDBID: -1
  TimeStamp: 20241108134705
Version:
  Major: 11
  Minor: 0
  Build: 1002
  SpecialBuildName: ""
  ptArchitecture: x86_64_linux
Results:
  Results Complete: true
  NumTestProcesses: 32
  CPU_INTEGER_MATH: 99390.912000000011
  CPU_FLOATINGPOINT_MATH: 53421.320049668961
  CPU_PRIME: 157.21260359134286
  CPU_SORTING: 51820.805961123609
  CPU_ENCRYPTION: 13702.213186955722
  CPU_COMPRESSION: 438888.16120212973
  CPU_SINGLETHREAD: 2020.9560332620445
  CPU_PHYSICS: 3131.2410098316395
  CPU_MATRIX_MULT_SSE: 25913.35835604115
  CPU_mm: 3025.9844236890808
  CPU_sse: 10882.510431334047
  CPU_fma: 31476.251602961653
  CPU_avx: 22250.948392905892
  CPU_avx512: 39043.722996963057
  m_CPU_enc_SHA: 4497121416.1630964
  m_CPU_enc_AES: 34576394990.97654
  m_CPU_enc_ECDSA: 4029919277.0362124
  ME_ALLOC_S: 11377.939587380275
  ME_READ_S: 24280.603320312501
  ME_READ_L: 10438.5771484375
  ME_WRITE: 9997.7587890625
  ME_LARGE: 21219.25
  ME_LATENCY: 51.015514071433039
  ME_THREADED: 166498.5546875
  SUMM_CPU: 28275.525186479743
  SUMM_ME: 2607.8947279799199
SystemInformation:
  OSName: Ubuntu 24.04.1 LTS
  Kernel: 6.8.0-1015-gcp
  Device: ""
  Processor: Intel Xeon CPU @ 2.80GHz
  NumSockets: 2
  Manufacturer: GenuineIntel
  NumCores: 16
  NumLogicals: 32
  CPUFrequency: 0
  Memory: 32132
  MemModuleInfo:
    iNumMemSticks: 2
    DIMM 1:
      manufacturer: ""
      modulePartNo: ""
      memType: RAM
      size: 16
      clkspeed: 0
      moduleVoltage: 0
    DIMM 2:
      manufacturer: ""
      modulePartNo: ""
      memType: RAM
      size: 16
      clkspeed: 0
      moduleVoltage: 0
Checksum: 830853A1127DCC619C41010F58984A818A7AE885