BaselineInfo:
  WebDBID: -1
  TimeStamp: 20241111102550
Version:
  Major: 11
  Minor: 0
  Build: 1002
  SpecialBuildName: ""
  ptArchitecture: x86_64_linux
Results:
  Results Complete: true
  NumTestProcesses: 8
  CPU_INTEGER_MATH: 35338.924666666666
  CPU_FLOATINGPOINT_MATH: 20289.232063562155
  CPU_PRIME: 84.436008590377682
  CPU_SORTING: 21338.923632300688
  CPU_ENCRYPTION: 8924.76168380329
  CPU_COMPRESSION: 144362.08221057654
  CPU_SINGLETHREAD: 2688.8342163239931
  CPU_PHYSICS: 1464.3595654767532
  CPU_MATRIX_MULT_SSE: 10111.909158684204
  CPU_mm: 950.38068806401861
  CPU_sse: 4175.4738454165063
  CPU_fma: 13061.780288771546
  CPU_avx: 10771.233142718265
  CPU_avx512: 12439.149357830496
  m_CPU_enc_SHA: 12460047342.854345
  m_CPU_enc_AES: 8504866484.8465424
  m_CPU_enc_ECDSA: 7109958894.3662701
  ME_ALLOC_S: 3753.1970385631244
  ME_READ_S: 25792.13671875
  ME_READ_L: 24628.513671875
  ME_WRITE: 17690.537109375
  ME_LARGE: 21960.916666666668
  ME_LATENCY: 73.396967803349199
  ME_THREADED: 38188.53662109375
  SUMM_CPU: 13483.09380519472
  SUMM_ME: 2441.6240547000398
SystemInformation:
  OSName: Ubuntu 24.04.1 LTS
  Kernel: 6.8.0-1015-gcp
  Device: ""
  Processor: AMD EPYC 9B14
  NumSockets: 1
  Manufacturer: AuthenticAMD
  NumCores: 4
  NumLogicals: 8
  CPUFrequency: 0
  Memory: 32093
  MemModuleInfo:
    iNumMemSticks: 2
    DIMM 1:
      manufacturer: ""
      modulePartNo: ""
      memType: RAM
      size: 16
      clkspeed: 0
      moduleVoltage: 0
    DIMM 2:
      manufacturer: ""
      modulePartNo: ""
      memType: RAM
      size: 16
      clkspeed: 0
      moduleVoltage: 0
Checksum: FC9BA34387603AF6284C20ED8B537505D555F141