---
system-info:
      stress-ng-version: 0.17.08
      run-by: root
      date-yyyy-mm-dd: 2024:09:16
      time-hh-mm-ss: 22:42:12
      epoch-secs: 1726526532
      hostname: sc-runner
      sysname: Linux
      nodename: sc-runner
      release: 6.8.0-1014-azure
      version: '#16-Ubuntu SMP Thu Aug 15 20:04:41 UTC 2024'
      machine: x86_64
      compiler: 'musl-gcc 13.2.1'
      uptime: 381
      totalram: 118155591680
      freeram: 107784052736
      sharedram: 57151488
      bufferram: 262942720
      totalswap: 0
      freeswap: 0
      pagesize: 4096
      cpus: 16
      cpus-online: 16
      ticks-per-second: 100

metrics:
    - stressor: cpu
      bogo-ops: 16776
      bogo-ops-per-second-usr-sys-time: 838.789305
      bogo-ops-per-second-real-time: 838.792001
      wall-clock-time: 20.000191
      user-time: 20.000255
      system-time: 0.000000
      cpu-usage-per-instance: 100.000321
      max-rss: 3024

...
