BaselineInfo:
  WebDBID: -1
  TimeStamp: 20260612110924
Version:
  Major: 11
  Minor: 0
  Build: 1004
  SpecialBuildName: ""
  ptArchitecture: x86_64_linux
Results:
  Results Complete: true
  NumTestProcesses: 2
  CPU_INTEGER_MATH: 5775.4950000000008
  CPU_FLOATINGPOINT_MATH: 3103.3816899719318
  CPU_PRIME: 14.530457913550563
  CPU_SORTING: 3588.4410929108467
  CPU_ENCRYPTION: 796.71197459595373
  CPU_COMPRESSION: 27452.751964179712
  CPU_SINGLETHREAD: 1902.3917812331631
  CPU_PHYSICS: 268.58538275618503
  CPU_MATRIX_MULT_SSE: 1498.3675232801083
  CPU_mm: 159.02427855850829
  CPU_sse: 623.00714157819129
  CPU_fma: 1942.9811764532355
  CPU_avx: 1364.0859567428149
  CPU_avx512: 2063.3958183461923
  m_CPU_enc_SHA: 261769767.41624892
  m_CPU_enc_AES: 2009103223.6752388
  m_CPU_enc_ECDSA: 235366175.33029243
  ME_ALLOC_S: 675.43981280427067
  ME_READ_S: 22235.791601562501
  ME_READ_L: 9444.8017578125
  ME_WRITE: 9398.1259765625
  ME_LARGE: 7077.916666666667
  ME_LATENCY: 56.899653946881621
  ME_THREADED: 11867.017578125
  SUMM_CPU: 2133.1016227833202
  SUMM_ME: 1618.3131920930448
SystemInformation:
  OSName: Ubuntu 24.04.4 LTS
  Kernel: 6.8.0-117-generic
  Device: ""
  Processor: Intel(R) Xeon(R) Platinum 8269CY CPU @ 2.50GHz
  NumSockets: 1
  Manufacturer: GenuineIntel
  NumCores: 1
  NumLogicals: 2
  CPUFrequency: 0
  CPUMaxFrequency: 0
  Memory: 15323
  CPUInfo:
    number: 1
    Family: 6
    Model: 5
    stepping: 7
    features: 529267711
    manufacture: GenuineIntel
    typestring: Intel(R) Xeon(R) Platinum 8269CY CPU @ 2.50GHz
    iCoresPerPackage: 1
    iThreadsPerPackage: 2
    featuresEx:
      - 529267711
      - 4277809667
      - 739248128
    bHybrid: false
    nPCore: 0
    nLogicalsPerPCore: 0
    nECore: 0
    nLogicalsPerECore: 0
  MemModuleInfo:
    iNumMemSticks: 1
    DIMM 1:
      manufacturer: Alibaba Cloud
      modulePartNo: Not Specified
      memType: RAM
      size: 16
      clkspeed: 0
      moduleVoltage: 0
Checksum: D6D821D6985F63C1D0A6C67E14A8C74EDD5369AA