---
system-info:
      stress-ng-version: 0.17.08
      run-by: root
      date-yyyy-mm-dd: 2024:06:15
      time-hh-mm-ss: 23:55:01
      epoch-secs: 1718495701
      hostname: fecd38530911
      sysname: Linux
      nodename: fecd38530911
      release: 6.8.0-1008-aws
      version: '#8-Ubuntu SMP Sat Apr 20 02:43:14 UTC 2024'
      machine: aarch64
      compiler: 'musl-gcc 13.2.1'
      uptime: 112
      totalram: 531280306176
      freeram: 526336962560
      sharedram: 35246080
      bufferram: 107847680
      totalswap: 0
      freeswap: 0
      pagesize: 4096
      cpus: 64
      cpus-online: 64
      ticks-per-second: 100

metrics:
    - stressor: cpu
      bogo-ops: 1957598
      bogo-ops-per-second-usr-sys-time: 1529.907856
      bogo-ops-per-second-real-time: 97879.524067
      wall-clock-time: 20.000077
      user-time: 1279.528895
      system-time: 0.023983
      cpu-usage-per-instance: 99.964685
      max-rss: 512

...
