---
system-info:
      stress-ng-version: 0.17.08
      run-by: root
      date-yyyy-mm-dd: 2024:06:09
      time-hh-mm-ss: 21:20:13
      epoch-secs: 1717968013
      hostname: e5f899a0dbdf
      sysname: Linux
      nodename: e5f899a0dbdf
      release: 6.8.0-1008-aws
      version: '#8-Ubuntu SMP Sat Apr 20 02:43:14 UTC 2024'
      machine: aarch64
      compiler: 'musl-gcc 13.2.1'
      uptime: 108
      totalram: 531280310272
      freeram: 526046519296
      sharedram: 35246080
      bufferram: 111210496
      totalswap: 0
      freeswap: 0
      pagesize: 4096
      cpus: 64
      cpus-online: 64
      ticks-per-second: 100

metrics:
    - stressor: cpu
      bogo-ops: 273018
      bogo-ops-per-second-usr-sys-time: 424.218577
      bogo-ops-per-second-real-time: 27134.982476
      wall-clock-time: 10.061477
      user-time: 643.539625
      system-time: 0.038980
      cpu-usage-per-instance: 99.944728
      max-rss: 3584

...
