---
system-info:
      stress-ng-version: 0.17.08
      run-by: root
      date-yyyy-mm-dd: 2024:06:06
      time-hh-mm-ss: 13:56:14
      epoch-secs: 1717682174
      hostname: ceec8ce4f929
      sysname: Linux
      nodename: ceec8ce4f929
      release: 6.8.0-1008-aws
      version: '#8-Ubuntu SMP Sat Apr 20 00:46:25 UTC 2024'
      machine: x86_64
      compiler: 'musl-gcc 13.2.1'
      uptime: 122
      totalram: 65970855936
      freeram: 61607641088
      sharedram: 37105664
      bufferram: 84074496
      totalswap: 0
      freeswap: 0
      pagesize: 4096
      cpus: 32
      cpus-online: 32
      ticks-per-second: 100

metrics:
    - stressor: cpu
      bogo-ops: 17900
      bogo-ops-per-second-usr-sys-time: 1789.762856
      bogo-ops-per-second-real-time: 1789.753745
      wall-clock-time: 10.001376
      user-time: 10.000326
      system-time: 0.000999
      cpu-usage-per-instance: 99.999491
      max-rss: 3848

...
