---
system-info:
      stress-ng-version: 0.17.08
      run-by: root
      date-yyyy-mm-dd: 2024:06:14
      time-hh-mm-ss: 07:21:23
      epoch-secs: 1718349683
      hostname: a845a6e0190a
      sysname: Linux
      nodename: a845a6e0190a
      release: 6.8.0-1008-aws
      version: '#8-Ubuntu SMP Sat Apr 20 00:46:25 UTC 2024'
      machine: x86_64
      compiler: 'musl-gcc 13.2.1'
      uptime: 152
      totalram: 65970860032
      freeram: 61424967680
      sharedram: 37105664
      bufferram: 108855296
      totalswap: 0
      freeswap: 0
      pagesize: 4096
      cpus: 32
      cpus-online: 32
      ticks-per-second: 100

metrics:
    - stressor: cpu
      bogo-ops: 61525
      bogo-ops-per-second-usr-sys-time: 3076.278609
      bogo-ops-per-second-real-time: 3076.241639
      wall-clock-time: 20.000054
      user-time: 19.999814
      system-time: 0.000000
      cpu-usage-per-instance: 99.998798
      max-rss: 1032

...
