BaselineInfo:
  WebDBID: -1
  TimeStamp: 20241108030354
Version:
  Major: 11
  Minor: 0
  Build: 1002
  SpecialBuildName: ""
  ptArchitecture: x86_64_linux
Results:
  Results Complete: true
  NumTestProcesses: 8
  CPU_INTEGER_MATH: 22097.73233333333
  CPU_FLOATINGPOINT_MATH: 12241.725975676103
  CPU_PRIME: 40.579499631632018
  CPU_SORTING: 12275.144002812291
  CPU_ENCRYPTION: 3100.8200563615392
  CPU_COMPRESSION: 101847.98704486157
  CPU_SINGLETHREAD: 1792.3644516431934
  CPU_PHYSICS: 854.22209433890907
  CPU_MATRIX_MULT_SSE: 3716.1213923541932
  CPU_mm: 694.88862222589091
  CPU_sse: 2576.7207093871698
  CPU_fma: 0
  CPU_avx: 4855.5220753212152
  CPU_avx512: 0
  m_CPU_enc_SHA: 1012326029.6506466
  m_CPU_enc_AES: 7835418206.69942
  m_CPU_enc_ECDSA: 906592237.90800381
  ME_ALLOC_S: 2586.0101874762431
  ME_READ_S: 22013.560156250001
  ME_READ_L: 9426.68359375
  ME_WRITE: 9327.2275390625
  ME_LARGE: 20044
  ME_LATENCY: 56.758170380168508
  ME_THREADED: 44931.83984375
  SUMM_CPU: 7144.8439305853326
  SUMM_ME: 2189.4309690366968
SystemInformation:
  OSName: Ubuntu 24.04.1 LTS
  Kernel: 6.8.0-1016-aws
  Device: ""
  Processor: Intel Xeon CPU E5-2670 v2 @ 2.50GHz
  NumSockets: 1
  Manufacturer: GenuineIntel
  NumCores: 4
  NumLogicals: 8
  CPUFrequency: 0
  Memory: 30078
  MemModuleInfo:
    iNumMemSticks: 2
    DIMM 1:
      manufacturer: Not Specified
      modulePartNo: Not Specified
      memType: RAM
      size: 16
      clkspeed: 0
      moduleVoltage: 0
    DIMM 2:
      manufacturer: Not Specified
      modulePartNo: Not Specified
      memType: RAM
      size: 14
      clkspeed: 0
      moduleVoltage: 0
Checksum: 2320E7B51911A0D96EEE28CEC86AF1062F80434A