---
system-info:
      stress-ng-version: 0.17.08
      run-by: root
      date-yyyy-mm-dd: 2024:06:08
      time-hh-mm-ss: 16:43:32
      epoch-secs: 1717865012
      hostname: cd4acb391fa3
      sysname: Linux
      nodename: cd4acb391fa3
      release: 6.8.0-1008-aws
      version: '#8-Ubuntu SMP Sat Apr 20 00:46:25 UTC 2024'
      machine: x86_64
      compiler: 'musl-gcc 13.2.1'
      uptime: 99
      totalram: 199393959936
      freeram: 194646618112
      sharedram: 60289024
      bufferram: 103215104
      totalswap: 0
      freeswap: 0
      pagesize: 4096
      cpus: 48
      cpus-online: 48
      ticks-per-second: 100

metrics:
    - stressor: cpu
      bogo-ops: 560588
      bogo-ops-per-second-usr-sys-time: 1168.359210
      bogo-ops-per-second-real-time: 56047.289413
      wall-clock-time: 10.002054
      user-time: 479.756951
      system-time: 0.050967
      cpu-usage-per-instance: 99.939458
      max-rss: 3840

...
