---
system-info:
      stress-ng-version: 0.17.08
      run-by: root
      date-yyyy-mm-dd: 2024:06:14
      time-hh-mm-ss: 22:41:12
      epoch-secs: 1718404872
      hostname: cb9fd4327273
      sysname: Linux
      nodename: cb9fd4327273
      release: 6.8.0-1008-aws
      version: '#8-Ubuntu SMP Sat Apr 20 00:46:25 UTC 2024'
      machine: x86_64
      compiler: 'musl-gcc 13.2.1'
      uptime: 119
      totalram: 199394009088
      freeram: 194711830528
      sharedram: 60289024
      bufferram: 108290048
      totalswap: 0
      freeswap: 0
      pagesize: 4096
      cpus: 48
      cpus-online: 48
      ticks-per-second: 100

metrics:
    - stressor: cpu
      bogo-ops: 927062
      bogo-ops-per-second-usr-sys-time: 966.018462
      bogo-ops-per-second-real-time: 46352.917744
      wall-clock-time: 20.000079
      user-time: 959.647190
      system-time: 0.025980
      cpu-usage-per-instance: 99.965562
      max-rss: 1152

...
