---
system-info:
      stress-ng-version: 0.17.08
      run-by: root
      date-yyyy-mm-dd: 2024:07:11
      time-hh-mm-ss: 23:40:27
      epoch-secs: 1720741227
      hostname: ip-172-31-47-237
      sysname: Linux
      nodename: ip-172-31-47-237
      release: 6.8.0-1010-aws
      version: '#10-Ubuntu SMP Thu Jun 13 17:36:15 UTC 2024'
      machine: x86_64
      compiler: 'musl-gcc 13.2.1'
      uptime: 224
      totalram: 33263849472
      freeram: 25364299776
      sharedram: 20054016
      bufferram: 130125824
      totalswap: 0
      freeswap: 0
      pagesize: 4096
      cpus: 8
      cpus-online: 8
      ticks-per-second: 100

metrics:
    - stressor: cpu
      bogo-ops: 15317
      bogo-ops-per-second-usr-sys-time: 765.859841
      bogo-ops-per-second-real-time: 765.841400
      wall-clock-time: 20.000225
      user-time: 19.999743
      system-time: 0.000000
      cpu-usage-per-instance: 99.997592
      max-rss: 1104

...
