BaselineInfo:
  WebDBID: -1
  TimeStamp: 20241107112300
Version:
  Major: 11
  Minor: 0
  Build: 1002
  SpecialBuildName: ""
  ptArchitecture: x86_64_linux
Results:
  Results Complete: true
  NumTestProcesses: 4
  CPU_INTEGER_MATH: 16567.992000000002
  CPU_FLOATINGPOINT_MATH: 9172.0961610888899
  CPU_PRIME: 38.795513387277744
  CPU_SORTING: 9146.1286557612366
  CPU_ENCRYPTION: 4314.3701073452376
  CPU_COMPRESSION: 64485.614871378319
  CPU_SINGLETHREAD: 2388.3074847763519
  CPU_PHYSICS: 759.11001772300278
  CPU_MATRIX_MULT_SSE: 3607.5497760407261
  CPU_mm: 448.4689023775959
  CPU_sse: 1902.0777803663827
  CPU_fma: 5188.9596611980487
  CPU_avx: 3731.6118865577473
  CPU_avx512: 0
  m_CPU_enc_SHA: 6243583108.6805801
  m_CPU_enc_AES: 3992060598.7444019
  m_CPU_enc_ECDSA: 3336191141.6139355
  ME_ALLOC_S: 1863.4141602225466
  ME_READ_S: 24369.253124999999
  ME_READ_L: 20653.783203125
  ME_WRITE: 19536.6484375
  ME_LARGE: 22131
  ME_LATENCY: 63.352805052128694
  ME_THREADED: 38334.5537109375
  SUMM_CPU: 6174.1965417394358
  SUMM_ME: 2480.640496073077
SystemInformation:
  OSName: Ubuntu 24.04.1 LTS
  Kernel: 6.8.0-1017-azure
  Device: ""
  Processor: AMD EPYC 7763 64-Core Processor
  NumSockets: 1
  Manufacturer: AuthenticAMD
  NumCores: 2
  NumLogicals: 4
  CPUFrequency: 0
  Memory: 32093
  MemModuleInfo:
    iNumMemSticks: 2
    DIMM 1:
      manufacturer: Microsoft Corporation
      modulePartNo: None
      memType: Unknown
      size: 1
      clkspeed: 0
      moduleVoltage: 0
    DIMM 2:
      manufacturer: Microsoft Corporation
      modulePartNo: None
      memType: Unknown
      size: 31
      clkspeed: 0
      moduleVoltage: 0
Checksum: 964A74BECE1FF8AF3B531164E5DDEF22A09515D6