---
system-info:
      stress-ng-version: 0.17.08
      run-by: root
      date-yyyy-mm-dd: 2024:09:11
      time-hh-mm-ss: 11:54:37
      epoch-secs: 1726055677
      hostname: ip-172-31-84-82
      sysname: Linux
      nodename: ip-172-31-84-82
      release: 6.8.0-1014-aws
      version: '#15-Ubuntu SMP Thu Aug  8 19:13:06 UTC 2024'
      machine: x86_64
      compiler: 'musl-gcc 13.2.1'
      uptime: 205
      totalram: 257533612032
      freeram: 248795459584
      sharedram: 48623616
      bufferram: 219701248
      totalswap: 0
      freeswap: 0
      pagesize: 4096
      cpus: 16
      cpus-online: 16
      ticks-per-second: 100

metrics:
    - stressor: cpu
      bogo-ops: 165463
      bogo-ops-per-second-usr-sys-time: 517.854486
      bogo-ops-per-second-real-time: 8273.080064
      wall-clock-time: 20.000169
      user-time: 319.500410
      system-time: 0.015988
      cpu-usage-per-instance: 99.848030
      max-rss: 976

...
