---
system-info:
      stress-ng-version: 0.17.08
      run-by: root
      date-yyyy-mm-dd: 2024:09:08
      time-hh-mm-ss: 21:26:37
      epoch-secs: 1725830797
      hostname: ip-172-31-56-108
      sysname: Linux
      nodename: ip-172-31-56-108
      release: 6.8.0-1014-aws
      version: '#15-Ubuntu SMP Thu Aug  8 19:13:06 UTC 2024'
      machine: x86_64
      compiler: 'musl-gcc 13.2.1'
      uptime: 232
      totalram: 257533595648
      freeram: 248808472576
      sharedram: 48623616
      bufferram: 224280576
      totalswap: 0
      freeswap: 0
      pagesize: 4096
      cpus: 16
      cpus-online: 16
      ticks-per-second: 100

metrics:
    - stressor: cpu
      bogo-ops: 164857
      bogo-ops-per-second-usr-sys-time: 516.319773
      bogo-ops-per-second-real-time: 8242.796797
      wall-clock-time: 20.000129
      user-time: 319.279456
      system-time: 0.012984
      cpu-usage-per-instance: 99.778243
      max-rss: 1104

...
