---
system-info:
      stress-ng-version: 0.17.08
      run-by: root
      date-yyyy-mm-dd: 2024:06:09
      time-hh-mm-ss: 21:40:41
      epoch-secs: 1717969241
      hostname: 57121f63de56
      sysname: Linux
      nodename: 57121f63de56
      release: 6.8.0-1008-aws
      version: '#8-Ubuntu SMP Sat Apr 20 02:43:14 UTC 2024'
      machine: aarch64
      compiler: 'musl-gcc 13.2.1'
      uptime: 107
      totalram: 265464344576
      freeram: 260548866048
      sharedram: 35094528
      bufferram: 111333376
      totalswap: 0
      freeswap: 0
      pagesize: 4096
      cpus: 32
      cpus-online: 32
      ticks-per-second: 100

metrics:
    - stressor: cpu
      bogo-ops: 136479
      bogo-ops-per-second-usr-sys-time: 424.689327
      bogo-ops-per-second-real-time: 13580.148774
      wall-clock-time: 10.049890
      user-time: 321.328991
      system-time: 0.032982
      cpu-usage-per-instance: 99.927081
      max-rss: 3840

...
