---
system-info:
      stress-ng-version: 0.17.08
      run-by: root
      date-yyyy-mm-dd: 2024:06:16
      time-hh-mm-ss: 01:25:28
      epoch-secs: 1718501128
      hostname: ada0d6d9e403
      sysname: Linux
      nodename: ada0d6d9e403
      release: 6.8.0-1008-aws
      version: '#8-Ubuntu SMP Sat Apr 20 02:43:14 UTC 2024'
      machine: aarch64
      compiler: 'musl-gcc 13.2.1'
      uptime: 114
      totalram: 265464344576
      freeram: 260752150528
      sharedram: 35094528
      bufferram: 107884544
      totalswap: 0
      freeswap: 0
      pagesize: 4096
      cpus: 32
      cpus-online: 32
      ticks-per-second: 100

metrics:
    - stressor: cpu
      bogo-ops: 980002
      bogo-ops-per-second-usr-sys-time: 1532.024298
      bogo-ops-per-second-real-time: 48999.931590
      wall-clock-time: 20.000069
      user-time: 639.661855
      system-time: 0.015989
      cpu-usage-per-instance: 99.949320
      max-rss: 1024

...
