BaselineInfo:
  WebDBID: -1
  TimeStamp: 20241219000649
Version:
  Major: 11
  Minor: 0
  Build: 1002
  SpecialBuildName: ""
  ptArchitecture: x86_64_linux
Results:
  Results Complete: true
  NumTestProcesses: 2
  CPU_INTEGER_MATH: 9428.8709999999992
  CPU_FLOATINGPOINT_MATH: 6806.9980849380281
  CPU_PRIME: 29.596887252871319
  CPU_SORTING: 5511.6901153448916
  CPU_ENCRYPTION: 2263.5225400864683
  CPU_COMPRESSION: 39812.749671538186
  CPU_SINGLETHREAD: 2109.1088460771821
  CPU_PHYSICS: 469.74621354743294
  CPU_MATRIX_MULT_SSE: 3245.8218556242596
  CPU_mm: 387.05608151724135
  CPU_sse: 1509.0679591824985
  CPU_fma: 5034.7710731044608
  CPU_avx: 3193.6265345858201
  CPU_avx512: 0
  m_CPU_enc_SHA: 3211240399.3766832
  m_CPU_enc_AES: 2077780806.4404256
  m_CPU_enc_ECDSA: 1831405027.164016
  ME_ALLOC_S: 1294.6817293191291
  ME_READ_S: 23857.218945312499
  ME_READ_L: 10619.5771484375
  ME_WRITE: 10608.869140625
  ME_LARGE: 583.16666666666663
  ME_LATENCY: 71.509169462186449
  ME_THREADED: 21049.48046875
  SUMM_CPU: 4041.6485641323916
  SUMM_ME: 939.40550943588323
SystemInformation:
  OSName: Ubuntu 24.04.1 LTS
  Kernel: 6.8.0-31-generic
  Device: ""
  Processor: AMD EPYC 7542 32-Core Processor
  NumSockets: 1
  Manufacturer: AuthenticAMD
  NumCores: 2
  NumLogicals: 2
  CPUFrequency: 0
  Memory: 1855
  MemModuleInfo:
    iNumMemSticks: 1
    DIMM 1:
      manufacturer: QEMU
      modulePartNo: Not Specified
      memType: RAM
      size: 2
      clkspeed: 0
      moduleVoltage: 0
Checksum: EB63D6F9DBC3906C2A6DD22FE25145F62F4B17F2