BaselineInfo:
  WebDBID: -1
  TimeStamp: 20260612131549
Version:
  Major: 11
  Minor: 0
  Build: 1004
  SpecialBuildName: ""
  ptArchitecture: x86_64_linux
Results:
  Results Complete: true
  NumTestProcesses: 12
  CPU_INTEGER_MATH: 51057.42533333334
  CPU_FLOATINGPOINT_MATH: 36509.738865102423
  CPU_PRIME: 128.28495673629513
  CPU_SORTING: 30774.796196056192
  CPU_ENCRYPTION: 6545.8760376198361
  CPU_COMPRESSION: 254414.2979971137
  CPU_SINGLETHREAD: 2085.3983400700699
  CPU_PHYSICS: 1836.4354368603761
  CPU_MATRIX_MULT_SSE: 18427.622378453085
  CPU_mm: 2251.2724175168387
  CPU_sse: 7996.1689125138191
  CPU_fma: 24652.494448150239
  CPU_avx: 16530.432592460551
  CPU_avx512: 24531.393560687724
  m_CPU_enc_SHA: 3576317753.5055671
  m_CPU_enc_AES: 13904771560.031979
  m_CPU_enc_ECDSA: 3110456222.5322256
  ME_ALLOC_S: 4095.2141561504613
  ME_READ_S: 24254.215429687501
  ME_READ_L: 7736.16455078125
  ME_WRITE: 7793.91015625
  ME_LARGE: 15760
  ME_LATENCY: 56.812292436181451
  ME_THREADED: 69729.38623046875
  SUMM_CPU: 17934.881060787844
  SUMM_ME: 2143.8828458185731
SystemInformation:
  OSName: Ubuntu 24.04.4 LTS
  Kernel: 6.8.0-124-generic
  Device: ""
  Processor: Intel Xeon Processor (Cascadelake)
  NumSockets: 1
  Manufacturer: GenuineIntel
  NumCores: 6
  NumLogicals: 12
  CPUFrequency: 743
  CPUMaxFrequency: 2696
  Memory: 24024
  CPUInfo:
    number: 1
    Family: 6
    Model: 5
    stepping: 6
    features: 395049983
    manufacture: GenuineIntel
    typestring: Intel Xeon Processor (Cascadelake)
    iCoresPerPackage: 6
    iThreadsPerPackage: 2
    featuresEx:
      - 395049983
      - 4294586883
      - 739248128
    bHybrid: false
    nPCore: 0
    nLogicalsPerPCore: 0
    nECore: 0
    nLogicalsPerECore: 0
  MemModuleInfo:
    iNumMemSticks: 2
    DIMM 1:
      manufacturer: QEMU
      modulePartNo: Not Specified
      memType: RAM
      size: 16
      clkspeed: 0
      moduleVoltage: 0
    DIMM 2:
      manufacturer: QEMU
      modulePartNo: Not Specified
      memType: RAM
      size: 8
      clkspeed: 0
      moduleVoltage: 0
Checksum: EF2C9492FE3F121D1BE67756450988EE0F90BF1E