BaselineInfo:
  WebDBID: -1
  TimeStamp: 20251219130744
Version:
  Major: 11
  Minor: 0
  Build: 1002
  SpecialBuildName: ""
  ptArchitecture: x86_64_linux
Results:
  Results Complete: true
  NumTestProcesses: 160
  CPU_INTEGER_MATH: 766468.40633333276
  CPU_FLOATINGPOINT_MATH: 456007.63048707362
  CPU_PRIME: 1368.3757338130754
  CPU_SORTING: 325870.54086668167
  CPU_ENCRYPTION: 161627.00954910659
  CPU_COMPRESSION: 2456875.7573429504
  CPU_SINGLETHREAD: 2926.3281319395719
  CPU_PHYSICS: 14690.639194262771
  CPU_MATRIX_MULT_SSE: 151526.68961138531
  CPU_mm: 16491.515575491667
  CPU_sse: 74854.267426132879
  CPU_fma: 213459.75323064168
  CPU_avx: 166266.04817738145
  CPU_avx512: 0
  m_CPU_enc_SHA: 229752476617.77896
  m_CPU_enc_AES: 153354385889.23441
  m_CPU_enc_ECDSA: 125327746987.87856
  ME_ALLOC_S: 31082.409304788336
  ME_READ_S: 27327.657617187499
  ME_READ_L: 26138.515625
  ME_WRITE: 22879.2421875
  ME_LARGE: 301370.16666666669
  ME_LATENCY: 69.656067547642721
  ME_THREADED: 446736.50390625
  SUMM_CPU: 116050.78919057574
  SUMM_ME: 3012.2552324619946
SystemInformation:
  OSName: Ubuntu 24.04.2 LTS
  Kernel: 6.8.0-86-generic
  Device: ""
  Processor: AMD EPYC-Milan Processor
  NumSockets: 160
  Manufacturer: AuthenticAMD
  NumCores: 160
  NumLogicals: 160
  CPUFrequency: 0
  Memory: 314638
  MemModuleInfo:
    iNumMemSticks: 1
    DIMM 1:
      manufacturer: QEMU
      modulePartNo: Not Specified
      memType: RAM
      size: 320000
      clkspeed: 0
      moduleVoltage: 0
Checksum: 2CDEB942665523BAEA436614A3569BC46007CA2E