---
system-info:
      stress-ng-version: 0.17.08
      run-by: root
      date-yyyy-mm-dd: 2024:06:15
      time-hh-mm-ss: 20:56:27
      epoch-secs: 1718484987
      hostname: 699a0af09771
      sysname: Linux
      nodename: 699a0af09771
      release: 6.8.0-1008-aws
      version: '#8-Ubuntu SMP Sat Apr 20 00:46:25 UTC 2024'
      machine: x86_64
      compiler: 'musl-gcc 13.2.1'
      uptime: 168
      totalram: 1065117106176
      freeram: 1058674790400
      sharedram: 117067776
      bufferram: 111058944
      totalswap: 0
      freeswap: 0
      pagesize: 4096
      cpus: 128
      cpus-online: 128
      ticks-per-second: 100

metrics:
    - stressor: cpu
      bogo-ops: 37804
      bogo-ops-per-second-usr-sys-time: 1890.146414
      bogo-ops-per-second-real-time: 1890.195178
      wall-clock-time: 20.000051
      user-time: 20.000567
      system-time: 0.000000
      cpu-usage-per-instance: 100.002580
      max-rss: 0

...
