---
system-info:
      stress-ng-version: 0.17.08
      run-by: root
      date-yyyy-mm-dd: 2024:06:09
      time-hh-mm-ss: 18:41:17
      epoch-secs: 1717958477
      hostname: ec26ee3abb11
      sysname: Linux
      nodename: ec26ee3abb11
      release: 6.8.0-1008-aws
      version: '#8-Ubuntu SMP Sat Apr 20 00:46:25 UTC 2024'
      machine: x86_64
      compiler: 'musl-gcc 13.2.1'
      uptime: 152
      totalram: 1065117126656
      freeram: 1058538180608
      sharedram: 117067776
      bufferram: 112992256
      totalswap: 0
      freeswap: 0
      pagesize: 4096
      cpus: 128
      cpus-online: 128
      ticks-per-second: 100

metrics:
    - stressor: cpu
      bogo-ops: 16764
      bogo-ops-per-second-usr-sys-time: 1676.226343
      bogo-ops-per-second-real-time: 1676.257205
      wall-clock-time: 10.000852
      user-time: 10.000036
      system-time: 0.001000
      cpu-usage-per-instance: 100.001841
      max-rss: 2048

...
