BaselineInfo:
  WebDBID: -1
  TimeStamp: 20241109164156
Version:
  Major: 11
  Minor: 0
  Build: 1002
  SpecialBuildName: ""
  ptArchitecture: x86_64_linux
Results:
  Results Complete: true
  NumTestProcesses: 64
  CPU_INTEGER_MATH: 269351.89533333335
  CPU_FLOATINGPOINT_MATH: 137698.09574820791
  CPU_PRIME: 380.44719183704547
  CPU_SORTING: 136805.44816583619
  CPU_ENCRYPTION: 58530.503787400048
  CPU_COMPRESSION: 976519.19084616052
  CPU_SINGLETHREAD: 2434.6118420897719
  CPU_PHYSICS: 6641.7631430314223
  CPU_MATRIX_MULT_SSE: 56875.715902227828
  CPU_mm: 5800.9415755292139
  CPU_sse: 25321.98783946098
  CPU_fma: 70173.535243909719
  CPU_avx: 51814.878225992055
  CPU_avx512: 80192.462299548512
  m_CPU_enc_SHA: 59103482655.442017
  m_CPU_enc_AES: 88984631122.180038
  m_CPU_enc_ECDSA: 36032930840.508278
  ME_ALLOC_S: 30145.688323291633
  ME_READ_S: 24273.511132812499
  ME_READ_L: 12327.37890625
  ME_WRITE: 10959.275390625
  ME_LARGE: 245409.08333333334
  ME_LATENCY: 52.291404431139483
  ME_THREADED: 268737.37475585938
  SUMM_CPU: 61043.751906904952
  SUMM_ME: 2849.1687421465713
SystemInformation:
  OSName: Ubuntu 24.04.1 LTS
  Kernel: 6.8.0-1017-azure
  Device: ""
  Processor: Intel Xeon Platinum 8370C CPU @ 2.80GHz
  NumSockets: 2
  Manufacturer: GenuineIntel
  NumCores: 32
  NumLogicals: 64
  CPUFrequency: 2800
  Memory: 257909
  MemModuleInfo:
    iNumMemSticks: 4
    DIMM 1:
      manufacturer: Microsoft Corporation
      modulePartNo: None
      memType: Unknown
      size: 1
      clkspeed: 0
      moduleVoltage: 0
    DIMM 2:
      manufacturer: Microsoft Corporation
      modulePartNo: None
      memType: Unknown
      size: 59
      clkspeed: 0
      moduleVoltage: 0
    DIMM 3:
      manufacturer: Microsoft Corporation
      modulePartNo: None
      memType: Unknown
      size: 68
      clkspeed: 0
      moduleVoltage: 0
    DIMM 4:
      manufacturer: Microsoft Corporation
      modulePartNo: None
      memType: Unknown
      size: 128
      clkspeed: 0
      moduleVoltage: 0
Checksum: 8854108AB10F8BC69A0D77BBC44E5D31CB2AB545