---
system-info:
      stress-ng-version: 0.17.08
      run-by: root
      date-yyyy-mm-dd: 2024:06:09
      time-hh-mm-ss: 11:19:05
      epoch-secs: 1717931945
      hostname: 72b7f3e21216
      sysname: Linux
      nodename: 72b7f3e21216
      release: 6.8.0-1008-aws
      version: '#8-Ubuntu SMP Sat Apr 20 00:46:25 UTC 2024'
      machine: x86_64
      compiler: 'musl-gcc 13.2.1'
      uptime: 143
      totalram: 64290291712
      freeram: 59778486272
      sharedram: 27557888
      bufferram: 107536384
      totalswap: 0
      freeswap: 0
      pagesize: 4096
      cpus: 8
      cpus-online: 8
      ticks-per-second: 100

metrics:
    - stressor: cpu
      bogo-ops: 14299
      bogo-ops-per-second-usr-sys-time: 1429.739297
      bogo-ops-per-second-real-time: 1429.737948
      wall-clock-time: 10.001133
      user-time: 10.001124
      system-time: 0.000000
      cpu-usage-per-instance: 99.999906
      max-rss: 3920

...
