---
system-info:
      stress-ng-version: 0.17.08
      run-by: root
      date-yyyy-mm-dd: 2024:06:15
      time-hh-mm-ss: 13:42:15
      epoch-secs: 1718458935
      hostname: f46c3eeec8ad
      sysname: Linux
      nodename: f46c3eeec8ad
      release: 6.8.0-1008-aws
      version: '#8-Ubuntu SMP Sat Apr 20 00:46:25 UTC 2024'
      machine: x86_64
      compiler: 'musl-gcc 13.2.1'
      uptime: 160
      totalram: 64290299904
      freeram: 59879186432
      sharedram: 27557888
      bufferram: 110108672
      totalswap: 0
      freeswap: 0
      pagesize: 4096
      cpus: 8
      cpus-online: 8
      ticks-per-second: 100

metrics:
    - stressor: cpu
      bogo-ops: 25512
      bogo-ops-per-second-usr-sys-time: 1275.612501
      bogo-ops-per-second-real-time: 1275.595833
      wall-clock-time: 20.000065
      user-time: 19.998802
      system-time: 0.001002
      cpu-usage-per-instance: 99.998693
      max-rss: 976

...
