---
system-info:
      stress-ng-version: 0.17.08
      run-by: root
      date-yyyy-mm-dd: 2024:06:15
      time-hh-mm-ss: 06:55:08
      epoch-secs: 1718434508
      hostname: ef04d8aae997
      sysname: Linux
      nodename: ef04d8aae997
      release: 6.8.0-1008-aws
      version: '#8-Ubuntu SMP Sat Apr 20 02:43:14 UTC 2024'
      machine: aarch64
      compiler: 'musl-gcc 13.2.1'
      uptime: 109
      totalram: 269699964928
      freeram: 264646717440
      sharedram: 35799040
      bufferram: 107491328
      totalswap: 0
      freeswap: 0
      pagesize: 4096
      cpus: 64
      cpus-online: 64
      ticks-per-second: 100

metrics:
    - stressor: cpu
      bogo-ops: 1961390
      bogo-ops-per-second-usr-sys-time: 1532.799639
      bogo-ops-per-second-real-time: 98069.184295
      wall-clock-time: 20.000064
      user-time: 1279.588789
      system-time: 0.023986
      cpu-usage-per-instance: 99.969426
      max-rss: 1024

...
