---
system-info:
      stress-ng-version: 0.17.08
      run-by: root
      date-yyyy-mm-dd: 2024:06:08
      time-hh-mm-ss: 22:19:15
      epoch-secs: 1717885155
      hostname: f76dc8e6281f
      sysname: Linux
      nodename: f76dc8e6281f
      release: 6.8.0-1008-aws
      version: '#8-Ubuntu SMP Sat Apr 20 02:43:14 UTC 2024'
      machine: aarch64
      compiler: 'musl-gcc 13.2.1'
      uptime: 103
      totalram: 269699969024
      freeram: 264478793728
      sharedram: 35799040
      bufferram: 105345024
      totalswap: 0
      freeswap: 0
      pagesize: 4096
      cpus: 64
      cpus-online: 64
      ticks-per-second: 100

metrics:
    - stressor: cpu
      bogo-ops: 273038
      bogo-ops-per-second-usr-sys-time: 425.084547
      bogo-ops-per-second-real-time: 27191.234800
      wall-clock-time: 10.041398
      user-time: 642.271604
      system-time: 0.042970
      cpu-usage-per-instance: 99.947892
      max-rss: 3584

...
