---
system-info:
      stress-ng-version: 0.17.08
      run-by: root
      date-yyyy-mm-dd: 2024:06:13
      time-hh-mm-ss: 22:21:15
      epoch-secs: 1718317275
      hostname: 03ca9b15308b
      sysname: Linux
      nodename: 03ca9b15308b
      release: 6.8.0-1008-aws
      version: '#8-Ubuntu SMP Sat Apr 20 02:43:14 UTC 2024'
      machine: aarch64
      compiler: 'musl-gcc 13.2.1'
      uptime: 195
      totalram: 16533753856
      freeram: 12276756480
      sharedram: 35000320
      bufferram: 106909696
      totalswap: 0
      freeswap: 0
      pagesize: 4096
      cpus: 4
      cpus-online: 4
      ticks-per-second: 100

metrics:
    - stressor: cpu
      bogo-ops: 30336
      bogo-ops-per-second-usr-sys-time: 1516.772091
      bogo-ops-per-second-real-time: 1516.792785
      wall-clock-time: 20.000095
      user-time: 20.000368
      system-time: 0.000000
      cpu-usage-per-instance: 100.001364
      max-rss: 1192

...
