---
system-info:
      stress-ng-version: 0.17.08
      run-by: root
      date-yyyy-mm-dd: 2024:06:08
      time-hh-mm-ss: 09:22:45
      epoch-secs: 1717838565
      hostname: 94e79940ec81
      sysname: Linux
      nodename: 94e79940ec81
      release: 6.8.0-1008-aws
      version: '#8-Ubuntu SMP Sat Apr 20 02:43:14 UTC 2024'
      machine: aarch64
      compiler: 'musl-gcc 13.2.1'
      uptime: 143
      totalram: 16533749760
      freeram: 12249833472
      sharedram: 35000320
      bufferram: 98021376
      totalswap: 0
      freeswap: 0
      pagesize: 4096
      cpus: 4
      cpus-online: 4
      ticks-per-second: 100

metrics:
    - stressor: cpu
      bogo-ops: 2940
      bogo-ops-per-second-usr-sys-time: 292.013984
      bogo-ops-per-second-real-time: 292.009820
      wall-clock-time: 10.068155
      user-time: 10.068011
      system-time: 0.000000
      cpu-usage-per-instance: 99.998574
      max-rss: 4136

...
