BaselineInfo:
  WebDBID: -1
  TimeStamp: 20260404151450
Version:
  Major: 11
  Minor: 0
  Build: 1004
  SpecialBuildName: ""
  ptArchitecture: x86_64_linux
Results:
  Results Complete: true
  NumTestProcesses: 8
  CPU_INTEGER_MATH: 33700.504999999997
  CPU_FLOATINGPOINT_MATH: 17238.494778302127
  CPU_PRIME: 74.544122822880624
  CPU_SORTING: 17761.511291497973
  CPU_ENCRYPTION: 7315.3207601405993
  CPU_COMPRESSION: 124872.91895889006
  CPU_SINGLETHREAD: 2369.2142916553917
  CPU_PHYSICS: 1404.3386016333759
  CPU_MATRIX_MULT_SSE: 6989.5080217479281
  CPU_mm: 726.05495826617334
  CPU_sse: 3196.607503406758
  CPU_fma: 8767.125411006351
  CPU_avx: 6487.5954137546332
  CPU_avx512: 9506.7037588239782
  m_CPU_enc_SHA: 7326331775.1148357
  m_CPU_enc_AES: 11114269127.289885
  m_CPU_enc_ECDSA: 4571408441.7508488
  ME_ALLOC_S: 4136.8284059951238
  ME_READ_S: 23867.658789062501
  ME_READ_L: 12847.30078125
  ME_WRITE: 11690.4609375
  ME_LARGE: 49873.25
  ME_LATENCY: 52.509870168769112
  ME_THREADED: 56222.31689453125
  SUMM_CPU: 11411.962780278598
  SUMM_ME: 2629.6379447890099
SystemInformation:
  OSName: Ubuntu 24.04.4 LTS
  Kernel: 6.8.0-106-generic
  Device: ""
  Processor: Intel(R) Xeon(R) Platinum 8369B CPU @ 2.90GHz
  NumSockets: 1
  Manufacturer: GenuineIntel
  NumCores: 4
  NumLogicals: 8
  CPUFrequency: 0
  CPUMaxFrequency: 0
  Memory: 62877
  CPUInfo:
    number: 1
    Family: 6
    Model: 10
    stepping: 6
    features: 529267711
    manufacture: GenuineIntel
    typestring: Intel(R) Xeon(R) Platinum 8369B CPU @ 2.90GHz
    iCoresPerPackage: 4
    iThreadsPerPackage: 2
    featuresEx:
      - 529267711
      - 4277809667
      - 739248128
    bHybrid: false
    nPCore: 0
    nLogicalsPerPCore: 0
    nECore: 0
    nLogicalsPerECore: 0
  MemModuleInfo:
    iNumMemSticks: 4
    DIMM 1:
      manufacturer: Alibaba Cloud
      modulePartNo: Not Specified
      memType: RAM
      size: 16
      clkspeed: 0
      moduleVoltage: 0
    DIMM 2:
      manufacturer: Alibaba Cloud
      modulePartNo: Not Specified
      memType: RAM
      size: 16
      clkspeed: 0
      moduleVoltage: 0
    DIMM 3:
      manufacturer: Alibaba Cloud
      modulePartNo: Not Specified
      memType: RAM
      size: 16
      clkspeed: 0
      moduleVoltage: 0
    DIMM 4:
      manufacturer: Alibaba Cloud
      modulePartNo: Not Specified
      memType: RAM
      size: 16
      clkspeed: 0
      moduleVoltage: 0
Checksum: 5E263F5B9C6E9DE86A2585EC79ABB2142FAB02D1