BaselineInfo:
  WebDBID: -1
  TimeStamp: 20241115110410
Version:
  Major: 11
  Minor: 0
  Build: 1002
  SpecialBuildName: ""
  ptArchitecture: x86_64_linux
Results:
  Results Complete: true
  NumTestProcesses: 2
  CPU_INTEGER_MATH: 4699.277
  CPU_FLOATINGPOINT_MATH: 2619.2405015632289
  CPU_PRIME: 7.9526332840200489
  CPU_SORTING: 2471.8467627637433
  CPU_ENCRYPTION: 644.14475926422745
  CPU_COMPRESSION: 20818.863467468298
  CPU_SINGLETHREAD: 1472.1635492950429
  CPU_PHYSICS: 190.58874911311119
  CPU_MATRIX_MULT_SSE: 1171.3646464573844
  CPU_mm: 152.20904853006599
  CPU_sse: 538.00458704486152
  CPU_fma: 1474.2251907119271
  CPU_avx: 1056.9141270872562
  CPU_avx512: 1616.3146809854929
  m_CPU_enc_SHA: 229942794.67489618
  m_CPU_enc_AES: 1608579728.6052306
  m_CPU_enc_ECDSA: 187781681.99061295
  ME_ALLOC_S: 484.90587239326157
  ME_READ_S: 15755.879101562499
  ME_READ_L: 7418.95947265625
  ME_WRITE: 7215.46435546875
  ME_LARGE: 649.41666666666663
  ME_LATENCY: 70.786687397380845
  ME_THREADED: 10041.47021484375
  SUMM_CPU: 1651.1228876262535
  SUMM_ME: 810.03004480585059
SystemInformation:
  OSName: Ubuntu 24.04.1 LTS
  Kernel: 6.8.0-1018-aws
  Device: ""
  Processor: Intel Xeon Platinum 8259CL CPU @ 2.50GHz
  NumSockets: 1
  Manufacturer: GenuineIntel
  NumCores: 1
  NumLogicals: 2
  CPUFrequency: 0
  Memory: 3836
  MemModuleInfo:
    iNumMemSticks: 1
    DIMM 1:
      manufacturer: Not Specified
      modulePartNo: Not Specified
      memType: DDR4
      size: 4
      clkspeed: 1466
      moduleVoltage: 0
Checksum: B18CA410AB1C69AD10233BA7E71F5A6D9E07AE92