BaselineInfo:
  WebDBID: -1
  TimeStamp: 20241106232027
Version:
  Major: 11
  Minor: 0
  Build: 1002
  SpecialBuildName: ""
  ptArchitecture: x86_64_linux
Results:
  Results Complete: true
  NumTestProcesses: 2
  CPU_INTEGER_MATH: 4886.5039999999999
  CPU_FLOATINGPOINT_MATH: 2610.3738107022864
  CPU_PRIME: 8.0554265155937284
  CPU_SORTING: 2491.2769898375554
  CPU_ENCRYPTION: 679.07745875138164
  CPU_COMPRESSION: 21183.307903937006
  CPU_SINGLETHREAD: 1485.0698626485016
  CPU_PHYSICS: 216.95544572220371
  CPU_MATRIX_MULT_SSE: 1413.914857557952
  CPU_mm: 170.64087942643121
  CPU_sse: 616.82352069211379
  CPU_fma: 1816.6933955390973
  CPU_avx: 1285.658333328568
  CPU_avx512: 1936.4841806720287
  m_CPU_enc_SHA: 219548878.78584242
  m_CPU_enc_AES: 1714890989.0824308
  m_CPU_enc_ECDSA: 201753108.29479328
  ME_ALLOC_S: 490.68133650053738
  ME_READ_S: 17917.551953124999
  ME_READ_L: 7744.05224609375
  ME_WRITE: 7073.69482421875
  ME_LARGE: 628.33333333333337
  ME_LATENCY: 75.347273213804016
  ME_THREADED: 10710.68115234375
  SUMM_CPU: 1729.6235138818602
  SUMM_ME: 807.21650928962652
SystemInformation:
  OSName: Ubuntu 24.04.1 LTS
  Kernel: 6.8.0-1016-aws
  Device: ""
  Processor: Intel Xeon Platinum 8259CL CPU @ 2.50GHz
  NumSockets: 1
  Manufacturer: GenuineIntel
  NumCores: 1
  NumLogicals: 2
  CPUFrequency: 0
  Memory: 3836
  MemModuleInfo:
    iNumMemSticks: 1
    DIMM 1:
      manufacturer: Not Specified
      modulePartNo: Not Specified
      memType: DDR4
      size: 4
      clkspeed: 1466
      moduleVoltage: 0
Checksum: C0839540CCB9BBF2297CB62B3608B1488978D89A