BaselineInfo:
  WebDBID: -1
  TimeStamp: 20241114185546
Version:
  Major: 11
  Minor: 0
  Build: 1002
  SpecialBuildName: ""
  ptArchitecture: x86_64_linux
Results:
  Results Complete: true
  NumTestProcesses: 2
  CPU_INTEGER_MATH: 4758.7276666666667
  CPU_FLOATINGPOINT_MATH: 2649.2800295249681
  CPU_PRIME: 6.5241163202588206
  CPU_SORTING: 2620.4264711588266
  CPU_ENCRYPTION: 603.08553089525003
  CPU_COMPRESSION: 18929.6962571603
  CPU_SINGLETHREAD: 1212.9913071600133
  CPU_PHYSICS: 166.59853742981565
  CPU_MATRIX_MULT_SSE: 1255.1722172716172
  CPU_mm: 144.75339764515513
  CPU_sse: 498.9576717460443
  CPU_fma: 1707.0623629174966
  CPU_avx: 1187.0630717789115
  CPU_avx512: 1627.6057626440165
  m_CPU_enc_SHA: 206883841.30900705
  m_CPU_enc_AES: 1505983081.6971347
  m_CPU_enc_ECDSA: 184276117.92591131
  ME_ALLOC_S: 460.73843289587171
  ME_READ_S: 17170.77001953125
  ME_READ_L: 6844.888671875
  ME_WRITE: 6672.19140625
  ME_LARGE: 586.33333333333337
  ME_LATENCY: 82.328856289585815
  ME_THREADED: 9490.01171875
  SUMM_CPU: 1605.5742423519591
  SUMM_ME: 746.15378351084416
SystemInformation:
  OSName: Ubuntu 24.04.1 LTS
  Kernel: 6.8.0-1018-aws
  Device: ""
  Processor: Intel Xeon Platinum 8259CL CPU @ 2.50GHz
  NumSockets: 1
  Manufacturer: GenuineIntel
  NumCores: 1
  NumLogicals: 2
  CPUFrequency: 0
  Memory: 3836
  MemModuleInfo:
    iNumMemSticks: 1
    DIMM 1:
      manufacturer: Not Specified
      modulePartNo: Not Specified
      memType: DDR4
      size: 4
      clkspeed: 1466
      moduleVoltage: 0
Checksum: A28320705FA6DB143A44B2E95E2BFED74985C4F6