---
system-info:
      stress-ng-version: 0.17.08
      run-by: root
      date-yyyy-mm-dd: 2024:06:15
      time-hh-mm-ss: 04:55:44
      epoch-secs: 1718427344
      hostname: 560e706fe663
      sysname: Linux
      nodename: 560e706fe663
      release: 6.8.0-1008-aws
      version: '#8-Ubuntu SMP Sat Apr 20 00:46:25 UTC 2024'
      machine: x86_64
      compiler: 'musl-gcc 13.2.1'
      uptime: 111
      totalram: 16379019264
      freeram: 12068716544
      sharedram: 20201472
      bufferram: 108589056
      totalswap: 0
      freeswap: 0
      pagesize: 4096
      cpus: 4
      cpus-online: 4
      ticks-per-second: 100

metrics:
    - stressor: cpu
      bogo-ops: 208529
      bogo-ops-per-second-usr-sys-time: 2618.622255
      bogo-ops-per-second-real-time: 10426.401402
      wall-clock-time: 20.000093
      user-time: 79.623109
      system-time: 0.009988
      cpu-usage-per-instance: 99.540907
      max-rss: 1104

...
