---
system-info:
      stress-ng-version: 0.17.08
      run-by: root
      date-yyyy-mm-dd: 2024:06:08
      time-hh-mm-ss: 20:19:28
      epoch-secs: 1717877968
      hostname: dd63e3b1a7e3
      sysname: Linux
      nodename: dd63e3b1a7e3
      release: 6.8.0-1008-aws
      version: '#8-Ubuntu SMP Sat Apr 20 00:46:25 UTC 2024'
      machine: x86_64
      compiler: 'musl-gcc 13.2.1'
      uptime: 99
      totalram: 16379019264
      freeram: 11996139520
      sharedram: 20201472
      bufferram: 105320448
      totalswap: 0
      freeswap: 0
      pagesize: 4096
      cpus: 4
      cpus-online: 4
      ticks-per-second: 100

metrics:
    - stressor: cpu
      bogo-ops: 70444
      bogo-ops-per-second-usr-sys-time: 1768.096313
      bogo-ops-per-second-real-time: 7044.116131
      wall-clock-time: 10.000403
      user-time: 39.832731
      system-time: 0.008990
      cpu-usage-per-instance: 99.600289
      max-rss: 3792

...
