BaselineInfo:
  WebDBID: -1
  TimeStamp: 20260617002308
Version:
  Major: 11
  Minor: 0
  Build: 1004
  SpecialBuildName: ""
  ptArchitecture: x86_64_linux
Results:
  Results Complete: true
  NumTestProcesses: 2
  CPU_INTEGER_MATH: 6941.2439999999997
  CPU_FLOATINGPOINT_MATH: 3727.2331073430732
  CPU_PRIME: 17.223391108473649
  CPU_SORTING: 4306.1005466905608
  CPU_ENCRYPTION: 961.24742489662401
  CPU_COMPRESSION: 32079.929016702474
  CPU_SINGLETHREAD: 2305.9724199862035
  CPU_PHYSICS: 315.17750658266067
  CPU_MATRIX_MULT_SSE: 1722.9648117510137
  CPU_mm: 210.98406910640745
  CPU_sse: 746.29019759520736
  CPU_fma: 2236.9141312865336
  CPU_avx: 1582.2560874653491
  CPU_avx512: 2326.3988306569654
  m_CPU_enc_SHA: 313952439.20388794
  m_CPU_enc_AES: 2427684332.992878
  m_CPU_enc_ECDSA: 282186167.22844124
  ME_ALLOC_S: 820.09965125153258
  ME_READ_S: 24308.170312499999
  ME_READ_L: 9819.560546875
  ME_WRITE: 10774.056640625
  ME_LARGE: 3140.1666666666665
  ME_LATENCY: 48.609688911620388
  ME_THREADED: 13974.064453125
  SUMM_CPU: 2536.9906878345969
  SUMM_ME: 1655.6630809547585
SystemInformation:
  OSName: Ubuntu 24.04.4 LTS
  Kernel: 6.8.0-117-generic
  Device: ""
  Processor: Intel(R) Xeon(R) Platinum 8369HB CPU @ 3.30GHz
  NumSockets: 1
  Manufacturer: GenuineIntel
  NumCores: 1
  NumLogicals: 2
  CPUFrequency: 0
  CPUMaxFrequency: 0
  Memory: 7397
  CPUInfo:
    number: 1
    Family: 6
    Model: 5
    stepping: 11
    features: 529267711
    manufacture: GenuineIntel
    typestring: Intel(R) Xeon(R) Platinum 8369HB CPU @ 3.30GHz
    iCoresPerPackage: 1
    iThreadsPerPackage: 2
    featuresEx:
      - 529267711
      - 4277809667
      - 739248128
    bHybrid: false
    nPCore: 0
    nLogicalsPerPCore: 0
    nECore: 0
    nLogicalsPerECore: 0
  MemModuleInfo:
    iNumMemSticks: 1
    DIMM 1:
      manufacturer: Alibaba Cloud
      modulePartNo: Not Specified
      memType: RAM
      size: 8
      clkspeed: 0
      moduleVoltage: 0
Checksum: 3452EE3759B6BCB2DFF8FA3E02FD0F3B9B0B00A9