---
system-info:
      stress-ng-version: 0.17.08
      run-by: root
      date-yyyy-mm-dd: 2024:06:14
      time-hh-mm-ss: 14:43:49
      epoch-secs: 1718376229
      hostname: 2af888adf388
      sysname: Linux
      nodename: 2af888adf388
      release: 6.8.0-1008-aws
      version: '#8-Ubuntu SMP Sat Apr 20 02:43:14 UTC 2024'
      machine: aarch64
      compiler: 'musl-gcc 13.2.1'
      uptime: 165
      totalram: 49587179520
      freeram: 45233106944
      sharedram: 34996224
      bufferram: 109203456
      totalswap: 0
      freeswap: 0
      pagesize: 4096
      cpus: 8
      cpus-online: 8
      ticks-per-second: 100

metrics:
    - stressor: cpu
      bogo-ops: 30393
      bogo-ops-per-second-usr-sys-time: 1519.632220
      bogo-ops-per-second-real-time: 1519.647935
      wall-clock-time: 20.000027
      user-time: 20.000234
      system-time: 0.000000
      cpu-usage-per-instance: 100.001034
      max-rss: 1320

...
