---
system-info:
      stress-ng-version: 0.17.08
      run-by: root
      date-yyyy-mm-dd: 2024:06:07
      time-hh-mm-ss: 15:43:52
      epoch-secs: 1717775032
      hostname: 78ff8b7f33ff
      sysname: Linux
      nodename: 78ff8b7f33ff
      release: 6.8.0-1008-aws
      version: '#8-Ubuntu SMP Sat Apr 20 02:43:14 UTC 2024'
      machine: aarch64
      compiler: 'musl-gcc 13.2.1'
      uptime: 127
      totalram: 49587175424
      freeram: 45300457472
      sharedram: 34996224
      bufferram: 91926528
      totalswap: 0
      freeswap: 0
      pagesize: 4096
      cpus: 8
      cpus-online: 8
      ticks-per-second: 100

metrics:
    - stressor: cpu
      bogo-ops: 2940
      bogo-ops-per-second-usr-sys-time: 292.748792
      bogo-ops-per-second-real-time: 292.741797
      wall-clock-time: 10.042980
      user-time: 10.038741
      system-time: 0.003999
      cpu-usage-per-instance: 99.997611
      max-rss: 4008

...
