BaselineInfo:
  WebDBID: -1
  TimeStamp: 20241107095245
Version:
  Major: 11
  Minor: 0
  Build: 1002
  SpecialBuildName: ""
  ptArchitecture: x86_64_linux
Results:
  Results Complete: true
  NumTestProcesses: 2
  CPU_INTEGER_MATH: 6187.5789999999997
  CPU_FLOATINGPOINT_MATH: 3320.008320856201
  CPU_PRIME: 14.103781148106826
  CPU_SORTING: 3265.8517697670632
  CPU_ENCRYPTION: 849.20503661071768
  CPU_COMPRESSION: 27476.246610664435
  CPU_SINGLETHREAD: 1982.9102203406219
  CPU_PHYSICS: 276.56617704905699
  CPU_MATRIX_MULT_SSE: 1667.2868518744485
  CPU_mm: 187.90725906091842
  CPU_sse: 678.72455267433145
  CPU_fma: 2193.9502010842584
  CPU_avx: 1546.302790663965
  CPU_avx512: 2250.1698630752389
  m_CPU_enc_SHA: 280187266.30953562
  m_CPU_enc_AES: 2143610857.7999496
  m_CPU_enc_ECDSA: 247569937.29787493
  ME_ALLOC_S: 698.59956393001551
  ME_READ_S: 24202.936914062499
  ME_READ_L: 11560.2822265625
  ME_WRITE: 9870.81640625
  ME_LARGE: 6069
  ME_LATENCY: 56.589427949396203
  ME_THREADED: 11560.9423828125
  SUMM_CPU: 2218.0441824267946
  SUMM_ME: 1669.7811439349314
SystemInformation:
  OSName: Ubuntu 24.04.1 LTS
  Kernel: 6.8.0-1017-azure
  Device: ""
  Processor: Intel Xeon Platinum 8272CL CPU @ 2.60GHz
  NumSockets: 1
  Manufacturer: GenuineIntel
  NumCores: 1
  NumLogicals: 2
  CPUFrequency: 0
  Memory: 15990
  MemModuleInfo:
    iNumMemSticks: 2
    DIMM 1:
      manufacturer: Microsoft Corporation
      modulePartNo: None
      memType: Unknown
      size: 1
      clkspeed: 0
      moduleVoltage: 0
    DIMM 2:
      manufacturer: Microsoft Corporation
      modulePartNo: None
      memType: Unknown
      size: 15
      clkspeed: 0
      moduleVoltage: 0
Checksum: D498BBED8B5851C52D723954901C69C435D1878E