BaselineInfo:
  WebDBID: -1
  TimeStamp: 20241107111102
Version:
  Major: 11
  Minor: 0
  Build: 1002
  SpecialBuildName: ""
  ptArchitecture: aarch64_linux
Results:
  Results Complete: true
  NumTestProcesses: 4
  CPU_INTEGER_MATH: 18769.820333333333
  CPU_FLOATINGPOINT_MATH: 14350.751081483453
  CPU_PRIME: 36.935976411090365
  CPU_SORTING: 13737.874760211695
  CPU_ENCRYPTION: 649.6979912535877
  CPU_COMPRESSION: 21958.021956937868
  CPU_SINGLETHREAD: 1332.7140566230612
  CPU_PHYSICS: 737.53174414125249
  CPU_MATRIX_MULT_SSE: 2982.6775904440819
  CPU_mm: 499.06239076174944
  CPU_sse: 2496.6922771139498
  CPU_fma: 3468.6629037742132
  CPU_avx: 0
  CPU_avx512: 0
  m_CPU_enc_SHA: 968730855.94447601
  m_CPU_enc_AES: 450227814.67710292
  m_CPU_enc_ECDSA: 624814492.008587
  ME_ALLOC_S: 2892.6815670429942
  ME_READ_S: 11381.144140625
  ME_READ_L: 9387.2548828125
  ME_WRITE: 15010.1904296875
  ME_LARGE: 22029.666666666668
  ME_LATENCY: 69.044025133087359
  ME_THREADED: 36728.4912109375
  SUMM_CPU: 3214.0715188441113
  SUMM_ME: 1809.8936884603545
SystemInformation:
  OSName: Ubuntu 24.04.1 LTS
  Kernel: 6.8.0-1017-azure
  Device: ""
  Processor: ARM Neoverse-N1 4 Core 0 MHz
  NumSockets: 1
  Manufacturer: ARM
  NumCores: 4
  NumLogicals: 4
  CPUFrequency: 0
  Memory: 32030
Checksum: B39454389B4E59C904F748A53A2738B709A402CA