BaselineInfo:
  WebDBID: -1
  TimeStamp: 20260405005748
Version:
  Major: 11
  Minor: 0
  Build: 1004
  SpecialBuildName: ""
  ptArchitecture: x86_64_linux
Results:
  Results Complete: true
  NumTestProcesses: 24
  CPU_INTEGER_MATH: 101214.68899999998
  CPU_FLOATINGPOINT_MATH: 51762.902810478838
  CPU_PRIME: 164.9310286619922
  CPU_SORTING: 51690.653175054598
  CPU_ENCRYPTION: 21934.36676688302
  CPU_COMPRESSION: 368585.99879978166
  CPU_SINGLETHREAD: 2370.6038766828456
  CPU_PHYSICS: 2367.9881345886615
  CPU_MATRIX_MULT_SSE: 21236.386591814331
  CPU_mm: 2180.4040681961997
  CPU_sse: 9515.0140753466985
  CPU_fma: 26333.393291066357
  CPU_avx: 19476.348499410957
  CPU_avx512: 29620.790501433319
  m_CPU_enc_SHA: 22185165549.11058
  m_CPU_enc_AES: 33372601130.936661
  m_CPU_enc_ECDSA: 13441785020.806143
  ME_ALLOC_S: 11262.392835262597
  ME_READ_S: 24095.5419921875
  ME_READ_L: 9823.7294921875
  ME_WRITE: 10162.0830078125
  ME_LARGE: 175860.75
  ME_LATENCY: 51.798380995768611
  ME_THREADED: 80942.168212890625
  SUMM_CPU: 29197.784448778501
  SUMM_ME: 2601.4700919305683
SystemInformation:
  OSName: Ubuntu 24.04.4 LTS
  Kernel: 6.8.0-106-generic
  Device: ""
  Processor: Intel(R) Xeon(R) Platinum 8369B CPU @ 2.90GHz
  NumSockets: 1
  Manufacturer: GenuineIntel
  NumCores: 12
  NumLogicals: 24
  CPUFrequency: 0
  CPUMaxFrequency: 0
  Memory: 189655
  CPUInfo:
    number: 1
    Family: 6
    Model: 10
    stepping: 6
    features: 529267711
    manufacture: GenuineIntel
    typestring: Intel(R) Xeon(R) Platinum 8369B CPU @ 2.90GHz
    iCoresPerPackage: 12
    iThreadsPerPackage: 2
    featuresEx:
      - 529267711
      - 4277809667
      - 739248128
    bHybrid: false
    nPCore: 0
    nLogicalsPerPCore: 0
    nECore: 0
    nLogicalsPerECore: 0
  MemModuleInfo:
    iNumMemSticks: 12
    DIMM 1:
      manufacturer: Alibaba Cloud
      modulePartNo: Not Specified
      memType: RAM
      size: 16
      clkspeed: 0
      moduleVoltage: 0
    DIMM 2:
      manufacturer: Alibaba Cloud
      modulePartNo: Not Specified
      memType: RAM
      size: 16
      clkspeed: 0
      moduleVoltage: 0
    DIMM 3:
      manufacturer: Alibaba Cloud
      modulePartNo: Not Specified
      memType: RAM
      size: 16
      clkspeed: 0
      moduleVoltage: 0
    DIMM 4:
      manufacturer: Alibaba Cloud
      modulePartNo: Not Specified
      memType: RAM
      size: 16
      clkspeed: 0
      moduleVoltage: 0
    DIMM 5:
      manufacturer: Alibaba Cloud
      modulePartNo: Not Specified
      memType: RAM
      size: 16
      clkspeed: 0
      moduleVoltage: 0
    DIMM 6:
      manufacturer: Alibaba Cloud
      modulePartNo: Not Specified
      memType: RAM
      size: 16
      clkspeed: 0
      moduleVoltage: 0
    DIMM 7:
      manufacturer: Alibaba Cloud
      modulePartNo: Not Specified
      memType: RAM
      size: 16
      clkspeed: 0
      moduleVoltage: 0
    DIMM 8:
      manufacturer: Alibaba Cloud
      modulePartNo: Not Specified
      memType: RAM
      size: 16
      clkspeed: 0
      moduleVoltage: 0
    DIMM 9:
      manufacturer: Alibaba Cloud
      modulePartNo: Not Specified
      memType: RAM
      size: 16
      clkspeed: 0
      moduleVoltage: 0
    DIMM 10:
      manufacturer: Alibaba Cloud
      modulePartNo: Not Specified
      memType: RAM
      size: 16
      clkspeed: 0
      moduleVoltage: 0
    DIMM 11:
      manufacturer: Alibaba Cloud
      modulePartNo: Not Specified
      memType: RAM
      size: 16
      clkspeed: 0
      moduleVoltage: 0
    DIMM 12:
      manufacturer: Alibaba Cloud
      modulePartNo: Not Specified
      memType: RAM
      size: 16
      clkspeed: 0
      moduleVoltage: 0
Checksum: BABBEAA0F30CBE85AFDD283F5BF1CA03278F569E