---
system-info:
      stress-ng-version: 0.17.08
      run-by: root
      date-yyyy-mm-dd: 2024:05:30
      time-hh-mm-ss: 21:48:32
      epoch-secs: 1717105712
      hostname: 0ae9f4ca8070
      sysname: Linux
      nodename: 0ae9f4ca8070
      release: 6.8.0-1008-aws
      version: '#8-Ubuntu SMP Sat Apr 20 00:46:25 UTC 2024'
      machine: x86_64
      compiler: 'musl-gcc 13.2.1'
      uptime: 1797
      totalram: 437194752
      freeram: 13537280
      sharedram: 40710144
      bufferram: 1343488
      totalswap: 0
      freeswap: 0
      pagesize: 4096
      cpus: 2
      cpus-online: 2
      ticks-per-second: 100

metrics:
    - stressor: cpu
      bogo-ops: 13536
      bogo-ops-per-second-usr-sys-time: 686.028281
      bogo-ops-per-second-real-time: 1353.264532
      wall-clock-time: 10.002479
      user-time: 19.718703
      system-time: 0.012262
      cpu-usage-per-instance: 98.630375
      max-rss: 976

...
