---
system-info:
      stress-ng-version: 0.17.08
      run-by: root
      date-yyyy-mm-dd: 2024:06:04
      time-hh-mm-ss: 13:55:41
      epoch-secs: 1717509341
      hostname: d2b167246621
      sysname: Linux
      nodename: d2b167246621
      release: 6.8.0-1008-aws
      version: '#8-Ubuntu SMP Sat Apr 20 00:46:25 UTC 2024'
      machine: x86_64
      compiler: 'musl-gcc 13.2.1'
      uptime: 2347
      totalram: 437194752
      freeram: 7827456
      sharedram: 40755200
      bufferram: 434176
      totalswap: 0
      freeswap: 0
      pagesize: 4096
      cpus: 2
      cpus-online: 2
      ticks-per-second: 100

metrics:
    - stressor: cpu
      bogo-ops: 16852
      bogo-ops-per-second-usr-sys-time: 864.452051
      bogo-ops-per-second-real-time: 1683.850087
      wall-clock-time: 10.008017
      user-time: 19.464150
      system-time: 0.030280
      cpu-usage-per-instance: 97.394071
      max-rss: 3792

...
