---
system-info:
      stress-ng-version: 0.17.08
      run-by: root
      date-yyyy-mm-dd: 2024:06:13
      time-hh-mm-ss: 21:22:15
      epoch-secs: 1718313735
      hostname: 619b1ff30ba4
      sysname: Linux
      nodename: 619b1ff30ba4
      release: 6.8.0-1008-aws
      version: '#8-Ubuntu SMP Sat Apr 20 00:46:25 UTC 2024'
      machine: x86_64
      compiler: 'musl-gcc 13.2.1'
      uptime: 204
      totalram: 437194752
      freeram: 8278016
      sharedram: 40718336
      bufferram: 950272
      totalswap: 0
      freeswap: 0
      pagesize: 4096
      cpus: 2
      cpus-online: 2
      ticks-per-second: 100

metrics:
    - stressor: cpu
      bogo-ops: 31080
      bogo-ops-per-second-usr-sys-time: 790.325782
      bogo-ops-per-second-real-time: 1553.452479
      wall-clock-time: 20.007049
      user-time: 39.296967
      system-time: 0.028588
      cpu-usage-per-instance: 98.279249
      max-rss: 976

...
