---
system-info:
      stress-ng-version: 0.17.08
      run-by: root
      date-yyyy-mm-dd: 2024:06:08
      time-hh-mm-ss: 08:24:40
      epoch-secs: 1717835080
      hostname: 317ac6ca0773
      sysname: Linux
      nodename: 317ac6ca0773
      release: 6.8.0-1008-aws
      version: '#8-Ubuntu SMP Sat Apr 20 00:46:25 UTC 2024'
      machine: x86_64
      compiler: 'musl-gcc 13.2.1'
      uptime: 204
      totalram: 437194752
      freeram: 10383360
      sharedram: 40718336
      bufferram: 421888
      totalswap: 0
      freeswap: 0
      pagesize: 4096
      cpus: 2
      cpus-online: 2
      ticks-per-second: 100

metrics:
    - stressor: cpu
      bogo-ops: 17528
      bogo-ops-per-second-usr-sys-time: 892.525708
      bogo-ops-per-second-real-time: 1752.524772
      wall-clock-time: 10.001570
      user-time: 19.617533
      system-time: 0.021117
      cpu-usage-per-instance: 98.177832
      max-rss: 3920

...
