---
system-info:
      stress-ng-version: 0.17.08
      run-by: root
      date-yyyy-mm-dd: 2024:06:04
      time-hh-mm-ss: 15:03:03
      epoch-secs: 1717513383
      hostname: 23ef2d66128e
      sysname: Linux
      nodename: 23ef2d66128e
      release: 6.8.0-1008-aws
      version: '#8-Ubuntu SMP Sat Apr 20 00:46:25 UTC 2024'
      machine: x86_64
      compiler: 'musl-gcc 13.2.1'
      uptime: 1692
      totalram: 437194752
      freeram: 11186176
      sharedram: 40755200
      bufferram: 425984
      totalswap: 0
      freeswap: 0
      pagesize: 4096
      cpus: 2
      cpus-online: 2
      ticks-per-second: 100

metrics:
    - stressor: cpu
      bogo-ops: 9032
      bogo-ops-per-second-usr-sys-time: 838.932642
      bogo-ops-per-second-real-time: 902.666284
      wall-clock-time: 10.005913
      user-time: 10.484589
      system-time: 0.281472
      cpu-usage-per-instance: 53.798496
      max-rss: 3536

...
