---
system-info:
      stress-ng-version: 0.17.08
      run-by: root
      date-yyyy-mm-dd: 2024:09:22
      time-hh-mm-ss: 04:32:36
      epoch-secs: 1726979556
      hostname: sc-runner
      sysname: Linux
      nodename: sc-runner
      release: 6.8.0-1014-azure
      version: '#16-Ubuntu SMP Thu Aug 15 20:04:41 UTC 2024'
      machine: x86_64
      compiler: 'musl-gcc 13.2.1'
      uptime: 311
      totalram: 135166791680
      freeram: 124516311040
      sharedram: 38232064
      bufferram: 261693440
      totalswap: 0
      freeswap: 0
      pagesize: 4096
      cpus: 16
      cpus-online: 16
      ticks-per-second: 100

metrics:
    - stressor: cpu
      bogo-ops: 122555
      bogo-ops-per-second-usr-sys-time: 383.518493
      bogo-ops-per-second-real-time: 6127.699314
      wall-clock-time: 20.000165
      user-time: 319.527356
      system-time: 0.026987
      cpu-usage-per-instance: 99.859906
      max-rss: 3280

...
