---
system-info:
      stress-ng-version: 0.17.08
      run-by: root
      date-yyyy-mm-dd: 2024:09:10
      time-hh-mm-ss: 14:53:41
      epoch-secs: 1725980021
      hostname: ip-172-31-57-46
      sysname: Linux
      nodename: ip-172-31-57-46
      release: 6.8.0-1014-aws
      version: '#15-Ubuntu SMP Thu Aug  8 19:13:06 UTC 2024'
      machine: x86_64
      compiler: 'musl-gcc 13.2.1'
      uptime: 208
      totalram: 66325237760
      freeram: 57580081152
      sharedram: 113631232
      bufferram: 220082176
      totalswap: 0
      freeswap: 0
      pagesize: 4096
      cpus: 32
      cpus-online: 32
      ticks-per-second: 100

metrics:
    - stressor: cpu
      bogo-ops: 41019
      bogo-ops-per-second-usr-sys-time: 2050.936566
      bogo-ops-per-second-real-time: 2050.945501
      wall-clock-time: 20.000044
      user-time: 20.000131
      system-time: 0.000000
      cpu-usage-per-instance: 100.000436
      max-rss: 1032

...
