---
system-info:
      stress-ng-version: 0.17.08
      run-by: root
      date-yyyy-mm-dd: 2024:09:06
      time-hh-mm-ss: 22:23:29
      epoch-secs: 1725661409
      hostname: ip-172-31-62-159
      sysname: Linux
      nodename: ip-172-31-62-159
      release: 6.8.0-1014-aws
      version: '#15-Ubuntu SMP Thu Aug  8 19:13:06 UTC 2024'
      machine: x86_64
      compiler: 'musl-gcc 13.2.1'
      uptime: 222
      totalram: 66325237760
      freeram: 57619005440
      sharedram: 113627136
      bufferram: 221904896
      totalswap: 0
      freeswap: 0
      pagesize: 4096
      cpus: 32
      cpus-online: 32
      ticks-per-second: 100

metrics:
    - stressor: cpu
      bogo-ops: 41258
      bogo-ops-per-second-usr-sys-time: 2062.887726
      bogo-ops-per-second-real-time: 2062.890016
      wall-clock-time: 20.000097
      user-time: 20.000119
      system-time: 0.000000
      cpu-usage-per-instance: 100.000111
      max-rss: 1032

...
