---
system-info:
      stress-ng-version: 0.17.08
      run-by: root
      date-yyyy-mm-dd: 2024:09:16
      time-hh-mm-ss: 16:26:41
      epoch-secs: 1726504001
      hostname: sc-runner
      sysname: Linux
      nodename: sc-runner
      release: 6.8.0-1014-azure
      version: '#16-Ubuntu SMP Thu Aug 15 20:04:41 UTC 2024'
      machine: x86_64
      compiler: 'musl-gcc 13.2.1'
      uptime: 329
      totalram: 67423416320
      freeram: 57242157056
      sharedram: 38146048
      bufferram: 233271296
      totalswap: 0
      freeswap: 0
      pagesize: 4096
      cpus: 8
      cpus-online: 8
      ticks-per-second: 100

metrics:
    - stressor: cpu
      bogo-ops: 54052
      bogo-ops-per-second-usr-sys-time: 2702.562164
      bogo-ops-per-second-real-time: 2702.580702
      wall-clock-time: 20.000143
      user-time: 19.999280
      system-time: 0.001000
      cpu-usage-per-instance: 100.000686
      max-rss: 3152

...
