---
system-info:
      stress-ng-version: 0.17.08
      run-by: root
      date-yyyy-mm-dd: 2024:09:03
      time-hh-mm-ss: 18:30:25
      epoch-secs: 1725388225
      hostname: sc-runner
      sysname: Linux
      nodename: sc-runner
      release: 6.8.0-1013-azure
      version: '#15-Ubuntu SMP Thu Aug  8 18:40:40 UTC 2024'
      machine: x86_64
      compiler: 'musl-gcc 13.2.1'
      uptime: 369
      totalram: 67423420416
      freeram: 58806140928
      sharedram: 38146048
      bufferram: 218677248
      totalswap: 0
      freeswap: 0
      pagesize: 4096
      cpus: 8
      cpus-online: 8
      ticks-per-second: 100

metrics:
    - stressor: cpu
      bogo-ops: 54046
      bogo-ops-per-second-usr-sys-time: 2702.536067
      bogo-ops-per-second-real-time: 2702.295651
      wall-clock-time: 20.000032
      user-time: 19.998253
      system-time: 0.000000
      cpu-usage-per-instance: 99.991104
      max-rss: 3152

...
