BaselineInfo:
  WebDBID: -1
  TimeStamp: 20241108162216
Version:
  Major: 11
  Minor: 0
  Build: 1002
  SpecialBuildName: ""
  ptArchitecture: aarch64_linux
Results:
  Results Complete: true
  NumTestProcesses: 48
  CPU_INTEGER_MATH: 221178.6083333334
  CPU_FLOATINGPOINT_MATH: 168397.5902922235
  CPU_PRIME: 215.06066274413212
  CPU_SORTING: 154357.69546384481
  CPU_ENCRYPTION: 7618.5357359387153
  CPU_COMPRESSION: 266805.73291034816
  CPU_SINGLETHREAD: 1334.2217106874662
  CPU_PHYSICS: 3541.6851365237285
  CPU_MATRIX_MULT_SSE: 34837.550319430993
  CPU_mm: 5849.8316043094828
  CPU_sse: 29020.625093493494
  CPU_fma: 40654.475545368492
  CPU_avx: 0
  CPU_avx512: 0
  m_CPU_enc_SHA: 11297725304.288641
  m_CPU_enc_AES: 5287960564.8204288
  m_CPU_enc_ECDSA: 7380155314.4339428
  ME_ALLOC_S: 21211.419156540156
  ME_READ_S: 11378.089453125
  ME_READ_L: 9023.326171875
  ME_WRITE: 15055.2490234375
  ME_LARGE: 83156.166666666672
  ME_LATENCY: 68.617989008767537
  ME_THREADED: 177697.40869140625
  SUMM_CPU: 27112.327913596077
  SUMM_ME: 1990.0179416779222
SystemInformation:
  OSName: Ubuntu 24.04.1 LTS
  Kernel: 6.8.0-1017-azure
  Device: ""
  Processor: ARM Neoverse-N1 48 Core 0 MHz
  NumSockets: 1
  Manufacturer: ARM
  NumCores: 48
  NumLogicals: 48
  CPUFrequency: 0
  Memory: 96354
Checksum: BAC5113C3C742A091DC66A4651CB8E197A3C2052