BaselineInfo:
  WebDBID: -1
  TimeStamp: 20241125235922
Version:
  Major: 11
  Minor: 0
  Build: 1002
  SpecialBuildName: ""
  ptArchitecture: x86_64_linux
Results:
  Results Complete: true
  NumTestProcesses: 32
  CPU_INTEGER_MATH: 152050.8783333333
  CPU_FLOATINGPOINT_MATH: 85038.322394163319
  CPU_PRIME: 241.85120006303578
  CPU_SORTING: 89847.624156356469
  CPU_ENCRYPTION: 38565.355081349589
  CPU_COMPRESSION: 617388.16637015936
  CPU_SINGLETHREAD: 2902.0284531942634
  CPU_PHYSICS: 4842.7841014026435
  CPU_MATRIX_MULT_SSE: 43934.566588262103
  CPU_mm: 4040.0432696715061
  CPU_sse: 17822.921578841397
  CPU_fma: 56251.535326268524
  CPU_avx: 46331.892870582145
  CPU_avx512: 55331.91657735638
  m_CPU_enc_SHA: 53984650268.211334
  m_CPU_enc_AES: 36639645924.032616
  m_CPU_enc_ECDSA: 30691821117.099701
  ME_ALLOC_S: 14864.105503686216
  ME_READ_S: 27900.619921875001
  ME_READ_L: 27561.63671875
  ME_WRITE: 26659.64453125
  ME_LARGE: 52762.916666666664
  ME_LATENCY: 76.893970227674984
  ME_THREADED: 102142.19677734375
  SUMM_CPU: 46771.350269519942
  SUMM_ME: 2756.7209012249145
SystemInformation:
  OSName: Ubuntu 24.04.1 LTS
  Kernel: 6.8.0-1017-azure
  Device: ""
  Processor: AMD EPYC 9V74 80-Core Processor
  NumSockets: 1
  Manufacturer: AuthenticAMD
  NumCores: 16
  NumLogicals: 32
  CPUFrequency: 0
  Memory: 64291
  MemModuleInfo:
    iNumMemSticks: 3
    DIMM 1:
      manufacturer: Microsoft Corporation
      modulePartNo: None
      memType: Unknown
      size: 1
      clkspeed: 0
      moduleVoltage: 0
    DIMM 2:
      manufacturer: Microsoft Corporation
      modulePartNo: None
      memType: Unknown
      size: 59
      clkspeed: 0
      moduleVoltage: 0
    DIMM 3:
      manufacturer: Microsoft Corporation
      modulePartNo: None
      memType: Unknown
      size: 4
      clkspeed: 0
      moduleVoltage: 0
Checksum: 9B5ABBCC9DBF200DE19D52ACA5D39739ABC8F0DE