BaselineInfo:
  WebDBID: -1
  TimeStamp: 20260702012204
Version:
  Major: 11
  Minor: 0
  Build: 1004
  SpecialBuildName: ""
  ptArchitecture: x86_64_linux
Results:
  Results Complete: true
  NumTestProcesses: 6
  CPU_INTEGER_MATH: 18192.259000000002
  CPU_FLOATINGPOINT_MATH: 15170.10990461194
  CPU_PRIME: 50.088515353891211
  CPU_SORTING: 12395.89229512259
  CPU_ENCRYPTION: 1705.8659711053069
  CPU_COMPRESSION: 89909.184883198424
  CPU_SINGLETHREAD: 1574.3832871993134
  CPU_PHYSICS: 762.20779836566385
  CPU_MATRIX_MULT_SSE: 5872.4525303608298
  CPU_mm: 789.59453853646028
  CPU_sse: 3170.9137862062007
  CPU_fma: 8325.4258420828883
  CPU_avx: 6121.0179627933985
  CPU_avx512: 0
  m_CPU_enc_SHA: 1218048488.4893804
  m_CPU_enc_AES: 3089906531.9826865
  m_CPU_enc_ECDSA: 1058235329.0810894
  ME_ALLOC_S: 1703.0637001788452
  ME_READ_S: 17908.428320312501
  ME_READ_L: 8071.86962890625
  ME_WRITE: 6481.82373046875
  ME_LARGE: 7837.666666666667
  ME_LATENCY: 58.974397612532393
  ME_THREADED: 41944.341796875
  SUMM_CPU: 6458.8419165791793
  SUMM_ME: 1787.8063293704747
SystemInformation:
  OSName: Ubuntu 24.04.4 LTS
  Kernel: 6.8.0-124-generic
  Device: ""
  Processor: Intel Core Processor (Broadwell, no TSX, IBRS)
  NumSockets: 1
  Manufacturer: GenuineIntel
  NumCores: 3
  NumLogicals: 6
  CPUFrequency: 7
  CPUMaxFrequency: 832
  Memory: 15986
  CPUInfo:
    number: 1
    Family: 6
    Model: 13
    stepping: 2
    features: 395049983
    manufacture: GenuineIntel
    typestring: Intel Core Processor (Broadwell, no TSX, IBRS)
    iCoresPerPackage: 3
    iThreadsPerPackage: 2
    featuresEx:
      - 395049983
      - 4294586883
      - 672139264
    bHybrid: false
    nPCore: 0
    nLogicalsPerPCore: 0
    nECore: 0
    nLogicalsPerECore: 0
  MemModuleInfo:
    iNumMemSticks: 1
    DIMM 1:
      manufacturer: QEMU
      modulePartNo: Not Specified
      memType: RAM
      size: 16
      clkspeed: 0
      moduleVoltage: 0
Checksum: D684D19239B63D31BA3BB03B90A4E114B254BC03