BaselineInfo:
  WebDBID: -1
  TimeStamp: 20260618205055
Version:
  Major: 11
  Minor: 0
  Build: 1004
  SpecialBuildName: ""
  ptArchitecture: x86_64_linux
Results:
  Results Complete: true
  NumTestProcesses: 32
  CPU_INTEGER_MATH: 134754.56833333336
  CPU_FLOATINGPOINT_MATH: 68892.86475177556
  CPU_PRIME: 190.09645697270031
  CPU_SORTING: 69099.193637863267
  CPU_ENCRYPTION: 29298.198130990775
  CPU_COMPRESSION: 491772.79613528412
  CPU_SINGLETHREAD: 2366.9940810676194
  CPU_PHYSICS: 3400.2761701598993
  CPU_MATRIX_MULT_SSE: 28353.904442116789
  CPU_mm: 2903.1151439867394
  CPU_sse: 12719.060738956912
  CPU_fma: 35069.260090775155
  CPU_avx: 25923.599466041036
  CPU_avx512: 39703.697472694039
  m_CPU_enc_SHA: 29492438349.01535
  m_CPU_enc_AES: 44445339614.914124
  m_CPU_enc_ECDSA: 18226384246.275894
  ME_ALLOC_S: 15143.322577234811
  ME_READ_S: 23861.074609374999
  ME_READ_L: 11559.982421875
  ME_WRITE: 10514.5009765625
  ME_LARGE: 52539.25
  ME_LATENCY: 52.479498712571541
  ME_THREADED: 143124.568359375
  SUMM_CPU: 36747.88466569913
  SUMM_ME: 2705.0628532016344
SystemInformation:
  OSName: Ubuntu 24.04.4 LTS
  Kernel: 6.8.0-117-generic
  Device: ""
  Processor: Intel(R) Xeon(R) Platinum 8369B CPU @ 2.70GHz
  NumSockets: 1
  Manufacturer: GenuineIntel
  NumCores: 16
  NumLogicals: 32
  CPUFrequency: 0
  CPUMaxFrequency: 0
  Memory: 61860
  CPUInfo:
    number: 1
    Family: 6
    Model: 10
    stepping: 6
    features: 529267711
    manufacture: GenuineIntel
    typestring: Intel(R) Xeon(R) Platinum 8369B CPU @ 2.70GHz
    iCoresPerPackage: 16
    iThreadsPerPackage: 2
    featuresEx:
      - 529267711
      - 4277809667
      - 739248128
    bHybrid: false
    nPCore: 0
    nLogicalsPerPCore: 0
    nECore: 0
    nLogicalsPerECore: 0
  MemModuleInfo:
    iNumMemSticks: 4
    DIMM 1:
      manufacturer: Alibaba Cloud
      modulePartNo: Not Specified
      memType: RAM
      size: 16
      clkspeed: 0
      moduleVoltage: 0
    DIMM 2:
      manufacturer: Alibaba Cloud
      modulePartNo: Not Specified
      memType: RAM
      size: 16
      clkspeed: 0
      moduleVoltage: 0
    DIMM 3:
      manufacturer: Alibaba Cloud
      modulePartNo: Not Specified
      memType: RAM
      size: 16
      clkspeed: 0
      moduleVoltage: 0
    DIMM 4:
      manufacturer: Alibaba Cloud
      modulePartNo: Not Specified
      memType: RAM
      size: 16
      clkspeed: 0
      moduleVoltage: 0
Checksum: 03E74DE4417E28812CB9D47C1BD4D957AA457241