---
system-info:
      stress-ng-version: 0.17.08
      run-by: root
      date-yyyy-mm-dd: 2024:09:16
      time-hh-mm-ss: 22:28:55
      epoch-secs: 1726525735
      hostname: sc-runner
      sysname: Linux
      nodename: sc-runner
      release: 6.8.0-1014-azure
      version: '#16-Ubuntu SMP Thu Aug 15 20:04:41 UTC 2024'
      machine: x86_64
      compiler: 'musl-gcc 13.2.1'
      uptime: 278
      totalram: 135065260032
      freeram: 124576960512
      sharedram: 55029760
      bufferram: 254840832
      totalswap: 0
      freeswap: 0
      pagesize: 4096
      cpus: 16
      cpus-online: 16
      ticks-per-second: 100

metrics:
    - stressor: cpu
      bogo-ops: 310457
      bogo-ops-per-second-usr-sys-time: 971.167481
      bogo-ops-per-second-real-time: 15522.784540
      wall-clock-time: 20.000084
      user-time: 319.659008
      system-time: 0.014999
      cpu-usage-per-instance: 99.897706
      max-rss: 1104

...
