BaselineInfo:
  WebDBID: -1
  TimeStamp: 20241108172349
Version:
  Major: 11
  Minor: 0
  Build: 1002
  SpecialBuildName: ""
  ptArchitecture: aarch64_linux
Results:
  Results Complete: true
  NumTestProcesses: 16
  CPU_INTEGER_MATH: 63141.152000000009
  CPU_FLOATINGPOINT_MATH: 48076.588906250006
  CPU_PRIME: 113.79173977788024
  CPU_SORTING: 45790.934481075245
  CPU_ENCRYPTION: 2189.956224456424
  CPU_COMPRESSION: 76142.138606533073
  CPU_SINGLETHREAD: 1110.8319370239471
  CPU_PHYSICS: 1967.3759363700881
  CPU_MATRIX_MULT_SSE: 9957.867536040776
  CPU_mm: 1671.6156223448106
  CPU_sse: 8305.5199959144556
  CPU_fma: 11610.2150761671
  CPU_avx: 0
  CPU_avx512: 0
  m_CPU_enc_SHA: 3288693208.1537838
  m_CPU_enc_AES: 1516597131.589787
  m_CPU_enc_ECDSA: 2083716274.3032861
  ME_ALLOC_S: 10352.376639761682
  ME_READ_S: 9487.7206054687504
  ME_READ_L: 9231.7314453125
  ME_WRITE: 12539.845703125
  ME_LARGE: 116949.58333333333
  ME_LATENCY: 70.550645947720639
  ME_THREADED: 143538.1923828125
  SUMM_CPU: 9840.7564055811799
  SUMM_ME: 1824.0160761184804
SystemInformation:
  OSName: Ubuntu 24.04.1 LTS
  Kernel: 6.8.0-1016-aws
  Device: ""
  Processor: ARM Neoverse-N1 16 Core 0 MHz
  NumSockets: 1
  Manufacturer: ARM
  NumCores: 16
  NumLogicals: 16
  CPUFrequency: 0
  Memory: 127264
Checksum: 851D0A2F28F93299E090B4A485DF6B1CE2827F1E