BaselineInfo:
  WebDBID: -1
  TimeStamp: 20241115105144
Version:
  Major: 11
  Minor: 0
  Build: 1002
  SpecialBuildName: ""
  ptArchitecture: aarch64_linux
Results:
  Results Complete: true
  NumTestProcesses: 1
  CPU_INTEGER_MATH: 3890.942
  CPU_FLOATINGPOINT_MATH: 2955.5528626047403
  CPU_PRIME: 8.2598003301047029
  CPU_SORTING: 2756.7225641582158
  CPU_ENCRYPTION: 131.8797162127585
  CPU_COMPRESSION: 4118.585455159031
  CPU_SINGLETHREAD: 989.39555970053971
  CPU_PHYSICS: 174.90639010001846
  CPU_MATRIX_MULT_SSE: 614.41005626097831
  CPU_mm: 102.75728667313402
  CPU_sse: 514.21849844866767
  CPU_fma: 714.60161407328894
  CPU_avx: 0
  CPU_avx512: 0
  m_CPU_enc_SHA: 197788857.51477799
  m_CPU_enc_AES: 92748395.139455169
  m_CPU_enc_ECDSA: 124320463.26829524
  ME_ALLOC_S: 627.52500707025263
  ME_READ_S: 9294.7837890624996
  ME_READ_L: 8988.14453125
  ME_WRITE: 12263.22265625
  ME_LARGE: 506.75
  ME_LATENCY: 73.969196737783889
  ME_THREADED: 8973.224609375
  SUMM_CPU: 657.94325571360696
  SUMM_ME: 712.87532137511403
SystemInformation:
  OSName: Ubuntu 24.04.1 LTS
  Kernel: 6.8.0-1018-aws
  Device: ""
  Processor: ARM Neoverse-N1 1 Core 0 MHz
  NumSockets: 1
  Manufacturer: ARM
  NumCores: 1
  NumLogicals: 1
  CPUFrequency: 0
  Memory: 7810
Checksum: A67ED91154575C4D7EC4650160660E3113799F14