BaselineInfo:
  WebDBID: -1
  TimeStamp: 20241106225520
Version:
  Major: 11
  Minor: 0
  Build: 1002
  SpecialBuildName: ""
  ptArchitecture: aarch64_linux
Results:
  Results Complete: true
  NumTestProcesses: 1
  CPU_INTEGER_MATH: 3877.4520000000002
  CPU_FLOATINGPOINT_MATH: 2949.7585265956159
  CPU_PRIME: 7.9732663342673851
  CPU_SORTING: 2739.7440302309983
  CPU_ENCRYPTION: 131.82059060479949
  CPU_COMPRESSION: 4097.1630186458915
  CPU_SINGLETHREAD: 995.42972219274509
  CPU_PHYSICS: 167.40514156127114
  CPU_MATRIX_MULT_SSE: 613.04134921530999
  CPU_mm: 102.56282087487004
  CPU_sse: 512.20603172743017
  CPU_fma: 713.87666670318981
  CPU_avx: 0
  CPU_avx512: 0
  m_CPU_enc_SHA: 198278175.17413476
  m_CPU_enc_AES: 92376375.783082291
  m_CPU_enc_ECDSA: 124017171.8848377
  ME_ALLOC_S: 633.94538107005894
  ME_READ_S: 9303.9078124999996
  ME_READ_L: 8778.0849609375
  ME_WRITE: 12343.65234375
  ME_LARGE: 526.83333333333337
  ME_LATENCY: 75.150380234787079
  ME_THREADED: 9021.939453125
  SUMM_CPU: 655.4176579399242
  SUMM_ME: 723.50603913458497
SystemInformation:
  OSName: Ubuntu 24.04.1 LTS
  Kernel: 6.8.0-1016-aws
  Device: ""
  Processor: ARM Neoverse-N1 1 Core 0 MHz
  NumSockets: 1
  Manufacturer: ARM
  NumCores: 1
  NumLogicals: 1
  CPUFrequency: 0
  Memory: 7810
Checksum: 5BF30277BC7D00AD672C375D69CD2A54C6D970A0