BaselineInfo:
  WebDBID: -1
  TimeStamp: 20241114174826
Version:
  Major: 11
  Minor: 0
  Build: 1002
  SpecialBuildName: ""
  ptArchitecture: aarch64_linux
Results:
  Results Complete: true
  NumTestProcesses: 1
  CPU_INTEGER_MATH: 3882.1143333333334
  CPU_FLOATINGPOINT_MATH: 2951.2183015738678
  CPU_PRIME: 7.9085651590685435
  CPU_SORTING: 2741.8634409668202
  CPU_ENCRYPTION: 132.43280062464291
  CPU_COMPRESSION: 4089.6997740450238
  CPU_SINGLETHREAD: 995.10812271171551
  CPU_PHYSICS: 166.43973467555554
  CPU_MATRIX_MULT_SSE: 612.62305405109987
  CPU_mm: 102.75333416227686
  CPU_sse: 511.03034876184086
  CPU_fma: 714.215759340359
  CPU_avx: 0
  CPU_avx512: 0
  m_CPU_enc_SHA: 198732537.60909507
  m_CPU_enc_AES: 92508056.820944101
  m_CPU_enc_ECDSA: 125356974.61331756
  ME_ALLOC_S: 635.98920169591202
  ME_READ_S: 9291.29248046875
  ME_READ_L: 8981.142578125
  ME_WRITE: 12326.0859375
  ME_LARGE: 539.5
  ME_LATENCY: 74.507002042100552
  ME_THREADED: 8990.0224609375
  SUMM_CPU: 656.10505571381157
  SUMM_ME: 733.01059564609579
SystemInformation:
  OSName: Ubuntu 24.04.1 LTS
  Kernel: 6.8.0-1018-aws
  Device: ""
  Processor: ARM Neoverse-N1 1 Core 0 MHz
  NumSockets: 1
  Manufacturer: ARM
  NumCores: 1
  NumLogicals: 1
  CPUFrequency: 0
  Memory: 7810
Checksum: 3215CD5A80A34961E48D3BC763E2D61956B39DAC