BaselineInfo:
  WebDBID: -1
  TimeStamp: 20241108084218
Version:
  Major: 11
  Minor: 0
  Build: 1002
  SpecialBuildName: ""
  ptArchitecture: x86_64_linux
Results:
  Results Complete: true
  NumTestProcesses: 4
  CPU_INTEGER_MATH: 18245.958666666666
  CPU_FLOATINGPOINT_MATH: 10059.614587138833
  CPU_PRIME: 43.66583301531049
  CPU_SORTING: 10021.509897409192
  CPU_ENCRYPTION: 4742.3731485384878
  CPU_COMPRESSION: 71304.693452575273
  CPU_SINGLETHREAD: 2614.8632306974819
  CPU_PHYSICS: 868.84296503127837
  CPU_MATRIX_MULT_SSE: 3993.9013627863637
  CPU_mm: 493.15789578645905
  CPU_sse: 2075.9190539386545
  CPU_fma: 5703.8791242036677
  CPU_avx: 4201.9059102167694
  CPU_avx512: 0
  m_CPU_enc_SHA: 6882404511.5515718
  m_CPU_enc_AES: 4398190479.2705622
  m_CPU_enc_ECDSA: 3637621008.9835453
  ME_ALLOC_S: 1921.7379561747589
  ME_READ_S: 26223.122460937499
  ME_READ_L: 17182.2421875
  ME_WRITE: 17481.541015625
  ME_LARGE: 3061.5
  ME_LATENCY: 65.420669644840629
  ME_THREADED: 37711.8798828125
  SUMM_CPU: 6811.7243370117867
  SUMM_ME: 1978.8285985466139
SystemInformation:
  OSName: Ubuntu 24.04.1 LTS
  Kernel: 6.8.0-1016-aws
  Device: ""
  Processor: AMD EPYC 7R13 Processor
  NumSockets: 1
  Manufacturer: AuthenticAMD
  NumCores: 2
  NumLogicals: 4
  CPUFrequency: 0
  Memory: 15368
  MemModuleInfo:
    iNumMemSticks: 1
    DIMM 1:
      manufacturer: Not Specified
      modulePartNo: Not Specified
      memType: DDR4
      size: 16
      clkspeed: 1600
      moduleVoltage: 0
Checksum: E14A52A394DC6AAD675380863ABD432F4247ECA2