---
system-info:
      stress-ng-version: 0.17.08
      run-by: root
      date-yyyy-mm-dd: 2024:06:14
      time-hh-mm-ss: 14:22:08
      epoch-secs: 1718374928
      hostname: f193248102a5
      sysname: Linux
      nodename: f193248102a5
      release: 6.8.0-1008-aws
      version: '#8-Ubuntu SMP Sat Apr 20 02:43:14 UTC 2024'
      machine: aarch64
      compiler: 'musl-gcc 13.2.1'
      uptime: 143
      totalram: 66199490560
      freeram: 61767974912
      sharedram: 35033088
      bufferram: 107155456
      totalswap: 0
      freeswap: 0
      pagesize: 4096
      cpus: 16
      cpus-online: 16
      ticks-per-second: 100

metrics:
    - stressor: cpu
      bogo-ops: 485669
      bogo-ops-per-second-usr-sys-time: 1519.474673
      bogo-ops-per-second-real-time: 24283.366376
      wall-clock-time: 20.000069
      user-time: 319.611557
      system-time: 0.017989
      cpu-usage-per-instance: 99.883889
      max-rss: 1192

...
