---
system-info:
      stress-ng-version: 0.17.08
      run-by: root
      date-yyyy-mm-dd: 2024:06:07
      time-hh-mm-ss: 14:58:13
      epoch-secs: 1717772293
      hostname: 18331b483611
      sysname: Linux
      nodename: 18331b483611
      release: 6.8.0-1008-aws
      version: '#8-Ubuntu SMP Sat Apr 20 02:43:14 UTC 2024'
      machine: aarch64
      compiler: 'musl-gcc 13.2.1'
      uptime: 133
      totalram: 66199490560
      freeram: 61803991040
      sharedram: 35033088
      bufferram: 90742784
      totalswap: 0
      freeswap: 0
      pagesize: 4096
      cpus: 16
      cpus-online: 16
      ticks-per-second: 100

metrics:
    - stressor: cpu
      bogo-ops: 47019
      bogo-ops-per-second-usr-sys-time: 292.986779
      bogo-ops-per-second-real-time: 4680.941888
      wall-clock-time: 10.044773
      user-time: 160.457657
      system-time: 0.023987
      cpu-usage-per-instance: 99.853949
      max-rss: 4136

...
