BaselineInfo:
  WebDBID: -1
  TimeStamp: 20260404231742
Version:
  Major: 11
  Minor: 0
  Build: 1004
  SpecialBuildName: ""
  ptArchitecture: x86_64_linux
Results:
  Results Complete: true
  NumTestProcesses: 32
  CPU_INTEGER_MATH: 102483.69566666667
  CPU_FLOATINGPOINT_MATH: 55024.441889326852
  CPU_PRIME: 141.86304987262005
  CPU_SORTING: 61442.984217421239
  CPU_ENCRYPTION: 14168.841139202485
  CPU_COMPRESSION: 470453.1060043968
  CPU_SINGLETHREAD: 2155.7778012766776
  CPU_PHYSICS: 2378.3802940946298
  CPU_MATRIX_MULT_SSE: 28691.747647433225
  CPU_mm: 3122.1550863409852
  CPU_sse: 11125.966204509137
  CPU_fma: 34792.664413554638
  CPU_avx: 24602.005347835482
  CPU_avx512: 44246.354623833613
  m_CPU_enc_SHA: 4631635507.2444372
  m_CPU_enc_AES: 35736728481.888695
  m_CPU_enc_ECDSA: 4202956310.0080342
  ME_ALLOC_S: 11442.591833345014
  ME_READ_S: 24434.8134765625
  ME_READ_L: 10061.1162109375
  ME_WRITE: 9823.189453125
  ME_LARGE: 112186.75
  ME_LATENCY: 52.444697350707777
  ME_THREADED: 109908.13989257812
  SUMM_CPU: 29517.509343542646
  SUMM_ME: 2616.1681169980211
SystemInformation:
  OSName: Ubuntu 24.04.4 LTS
  Kernel: 6.8.0-106-generic
  Device: ""
  Processor: Intel(R) Xeon(R) Platinum 8269CY CPU T 3.10GHz
  NumSockets: 1
  Manufacturer: GenuineIntel
  NumCores: 16
  NumLogicals: 32
  CPUFrequency: 3100
  CPUMaxFrequency: 3800
  Memory: 126244
  CPUInfo:
    number: 1
    Family: 6
    Model: 5
    stepping: 7
    features: 529267711
    manufacture: GenuineIntel
    typestring: Intel(R) Xeon(R) Platinum 8269CY CPU T 3.10GHz
    iCoresPerPackage: 16
    iThreadsPerPackage: 2
    featuresEx:
      - 529267711
      - 4277809667
      - 739248128
    bHybrid: false
    nPCore: 0
    nLogicalsPerPCore: 0
    nECore: 0
    nLogicalsPerECore: 0
  MemModuleInfo:
    iNumMemSticks: 8
    DIMM 1:
      manufacturer: Alibaba Cloud
      modulePartNo: Not Specified
      memType: RAM
      size: 16
      clkspeed: 0
      moduleVoltage: 0
    DIMM 2:
      manufacturer: Alibaba Cloud
      modulePartNo: Not Specified
      memType: RAM
      size: 16
      clkspeed: 0
      moduleVoltage: 0
    DIMM 3:
      manufacturer: Alibaba Cloud
      modulePartNo: Not Specified
      memType: RAM
      size: 16
      clkspeed: 0
      moduleVoltage: 0
    DIMM 4:
      manufacturer: Alibaba Cloud
      modulePartNo: Not Specified
      memType: RAM
      size: 16
      clkspeed: 0
      moduleVoltage: 0
    DIMM 5:
      manufacturer: Alibaba Cloud
      modulePartNo: Not Specified
      memType: RAM
      size: 16
      clkspeed: 0
      moduleVoltage: 0
    DIMM 6:
      manufacturer: Alibaba Cloud
      modulePartNo: Not Specified
      memType: RAM
      size: 16
      clkspeed: 0
      moduleVoltage: 0
    DIMM 7:
      manufacturer: Alibaba Cloud
      modulePartNo: Not Specified
      memType: RAM
      size: 16
      clkspeed: 0
      moduleVoltage: 0
    DIMM 8:
      manufacturer: Alibaba Cloud
      modulePartNo: Not Specified
      memType: RAM
      size: 16
      clkspeed: 0
      moduleVoltage: 0
Checksum: 4F423E3A099723D5FDCBA230582CD0646E21139C