---
system-info:
      stress-ng-version: 0.17.08
      run-by: root
      date-yyyy-mm-dd: 2024:07:11
      time-hh-mm-ss: 18:22:46
      epoch-secs: 1720722166
      hostname: ip-172-31-5-37
      sysname: Linux
      nodename: ip-172-31-5-37
      release: 6.8.0-1010-aws
      version: '#10-Ubuntu SMP Thu Jun 13 17:36:15 UTC 2024'
      machine: x86_64
      compiler: 'musl-gcc 13.2.1'
      uptime: 206
      totalram: 133980950528
      freeram: 128728190976
      sharedram: 59854848
      bufferram: 136712192
      totalswap: 0
      freeswap: 0
      pagesize: 4096
      cpus: 4
      cpus-online: 4
      ticks-per-second: 100

metrics:
    - stressor: cpu
      bogo-ops: 37770
      bogo-ops-per-second-usr-sys-time: 1888.511614
      bogo-ops-per-second-real-time: 1888.492391
      wall-clock-time: 20.000081
      user-time: 19.999877
      system-time: 0.000000
      cpu-usage-per-instance: 99.998982
      max-rss: 1104

...
