---
system-info:
      stress-ng-version: 0.17.08
      run-by: root
      date-yyyy-mm-dd: 2024:07:03
      time-hh-mm-ss: 12:54:43
      epoch-secs: 1720011283
      hostname: n2-highmem-80-44632df
      sysname: Linux
      nodename: n2-highmem-80-44632df
      release: 6.8.0-1009-gcp
      version: '#10-Ubuntu SMP Wed Jun 12 18:52:23 UTC 2024'
      machine: x86_64
      compiler: 'musl-gcc 13.2.1'
      uptime: 146
      totalram: 676305997824
      freeram: 669639720960
      sharedram: 71294976
      bufferram: 131473408
      totalswap: 0
      freeswap: 0
      pagesize: 4096
      cpus: 80
      cpus-online: 80
      ticks-per-second: 100

metrics:
    - stressor: cpu
      bogo-ops: 1504751
      bogo-ops-per-second-usr-sys-time: 940.811760
      bogo-ops-per-second-real-time: 75237.251019
      wall-clock-time: 20.000079
      user-time: 1599.397735
      system-time: 0.019985
      cpu-usage-per-instance: 99.963210
      max-rss: 640

...
