BaselineInfo:
  WebDBID: -1
  TimeStamp: 20251202152848
Version:
  Major: 11
  Minor: 0
  Build: 1002
  SpecialBuildName: ""
  ptArchitecture: x86_64_linux
Results:
  Results Complete: true
  NumTestProcesses: 2
  CPU_INTEGER_MATH: 15233.712666666666
  CPU_FLOATINGPOINT_MATH: 15285.968870406668
  CPU_PRIME: 60.521139987143968
  CPU_SORTING: 9442.7275244521388
  CPU_ENCRYPTION: 3177.4828510811585
  CPU_COMPRESSION: 66513.011555285979
  CPU_SINGLETHREAD: 3818.5906204902244
  CPU_PHYSICS: 982.70448218715546
  CPU_MATRIX_MULT_SSE: 5831.8013283456694
  CPU_mm: 735.84669969627191
  CPU_sse: 2212.5203023861577
  CPU_fma: 8775.7849766778145
  CPU_avx: 4444.2163496746434
  CPU_avx512: 7894.6836846440601
  m_CPU_enc_SHA: 4412354103.7302265
  m_CPU_enc_AES: 2753136005.6207314
  m_CPU_enc_ECDSA: 2830006664.8148723
  ME_ALLOC_S: 2814.2889490825769
  ME_READ_S: 33953.340624999997
  ME_READ_L: 32316.923828125
  ME_WRITE: 32783.7109375
  ME_LARGE: 934.66666666666663
  ME_LATENCY: 82.763354540103023
  ME_THREADED: 50899.87109375
  SUMM_CPU: 6962.5043428762046
  SUMM_ME: 1376.1686877252478
SystemInformation:
  OSName: Ubuntu 24.04.2 LTS
  Kernel: 6.14.0-1017-aws
  Device: ""
  Processor: AMD EPYC 9R45
  NumSockets: 1
  Manufacturer: AuthenticAMD
  NumCores: 2
  NumLogicals: 2
  CPUFrequency: 0
  Memory: 3805
  MemModuleInfo:
    iNumMemSticks: 1
    DIMM 1:
      manufacturer: Not Specified
      modulePartNo: Not Specified
      memType: DDR5
      size: 4
      clkspeed: 3200
      moduleVoltage: 0
Checksum: BB7A18082C24491BC8BD87614F4CC818F28A027F