---
system-info:
      stress-ng-version: 0.17.08
      run-by: root
      date-yyyy-mm-dd: 2024:09:15
      time-hh-mm-ss: 18:25:05
      epoch-secs: 1726424705
      hostname: sc-runner
      sysname: Linux
      nodename: sc-runner
      release: 6.8.0-1014-azure
      version: '#16-Ubuntu SMP Thu Aug 15 20:04:41 UTC 2024'
      machine: x86_64
      compiler: 'musl-gcc 13.2.1'
      uptime: 285
      totalram: 4101042176
      freeram: 212185088
      sharedram: 54886400
      bufferram: 196677632
      totalswap: 0
      freeswap: 0
      pagesize: 4096
      cpus: 2
      cpus-online: 2
      ticks-per-second: 100

metrics:
    - stressor: cpu
      bogo-ops: 38645
      bogo-ops-per-second-usr-sys-time: 974.816242
      bogo-ops-per-second-real-time: 1932.240487
      wall-clock-time: 20.000098
      user-time: 39.631395
      system-time: 0.011974
      cpu-usage-per-instance: 99.107935
      max-rss: 3256

...
