---
system-info:
      stress-ng-version: 0.17.08
      run-by: root
      date-yyyy-mm-dd: 2024:09:02
      time-hh-mm-ss: 23:48:56
      epoch-secs: 1725320936
      hostname: sc-runner
      sysname: Linux
      nodename: sc-runner
      release: 6.8.0-1013-azure
      version: '#15-Ubuntu SMP Thu Aug  8 18:40:40 UTC 2024'
      machine: x86_64
      compiler: 'musl-gcc 13.2.1'
      uptime: 373
      totalram: 8322945024
      freeram: 258871296
      sharedram: 42041344
      bufferram: 204541952
      totalswap: 0
      freeswap: 0
      pagesize: 4096
      cpus: 4
      cpus-online: 4
      ticks-per-second: 100

metrics:
    - stressor: cpu
      bogo-ops: 28174
      bogo-ops-per-second-usr-sys-time: 1408.771918
      bogo-ops-per-second-real-time: 1408.694945
      wall-clock-time: 20.000072
      user-time: 19.996980
      system-time: 0.001999
      cpu-usage-per-instance: 99.994536
      max-rss: 3152

...
