---
system-info:
      stress-ng-version: 0.17.08
      run-by: root
      date-yyyy-mm-dd: 2024:09:03
      time-hh-mm-ss: 09:24:20
      epoch-secs: 1725355460
      hostname: sc-runner
      sysname: Linux
      nodename: sc-runner
      release: 6.8.0-1013-azure
      version: '#15-Ubuntu SMP Thu Aug  8 19:55:58 UTC 2024'
      machine: aarch64
      compiler: 'musl-gcc 13.2.1'
      uptime: 352
      totalram: 33587560448
      freeram: 25031700480
      sharedram: 38199296
      bufferram: 210001920
      totalswap: 0
      freeswap: 0
      pagesize: 4096
      cpus: 16
      cpus-online: 16
      ticks-per-second: 100

metrics:
    - stressor: cpu
      bogo-ops: 577459
      bogo-ops-per-second-usr-sys-time: 1806.523908
      bogo-ops-per-second-real-time: 28872.864899
      wall-clock-time: 20.000059
      user-time: 319.641017
      system-time: 0.010994
      cpu-usage-per-instance: 99.890959
      max-rss: 1192

...
