BaselineInfo:
  WebDBID: -1
  TimeStamp: 20241108080134
Version:
  Major: 11
  Minor: 0
  Build: 1002
  SpecialBuildName: ""
  ptArchitecture: aarch64_linux
Results:
  Results Complete: true
  NumTestProcesses: 8
  CPU_INTEGER_MATH: 41737.326333333331
  CPU_FLOATINGPOINT_MATH: 48488.697525175368
  CPU_PRIME: 140.7299837587627
  CPU_SORTING: 37100.039133002589
  CPU_ENCRYPTION: 1512.3768111382524
  CPU_COMPRESSION: 53182.007102820309
  CPU_SINGLETHREAD: 1944.7532295301244
  CPU_PHYSICS: 2568.0567057621288
  CPU_MATRIX_MULT_SSE: 7358.6979441624544
  CPU_mm: 904.00070773698405
  CPU_sse: 5771.9908637404933
  CPU_fma: 8945.4050245844173
  CPU_avx: 0
  CPU_avx512: 0
  m_CPU_enc_SHA: 2390456091.1264577
  m_CPU_enc_AES: 858151264.38246775
  m_CPU_enc_ECDSA: 1508918725.8393872
  ME_ALLOC_S: 12016.445968014717
  ME_READ_S: 21207.965039062499
  ME_READ_L: 18245.396484375
  ME_WRITE: 21294.2109375
  ME_LARGE: 116405.08333333333
  ME_LATENCY: 49.845902646442262
  ME_THREADED: 140444.064453125
  SUMM_CPU: 7705.4876622716984
  SUMM_ME: 3139.4390622595533
SystemInformation:
  OSName: Ubuntu 24.04.1 LTS
  Kernel: 6.8.0-1016-aws
  Device: ""
  Processor: ARM Neoverse-V2 8 Core 0 MHz
  NumSockets: 1
  Manufacturer: ARM
  NumCores: 8
  NumLogicals: 8
  CPUFrequency: 0
  Memory: 126511
Checksum: 7C43F08146BDDDA260DBF03F1D798DE30D64CEAE