BaselineInfo:
  WebDBID: -1
  TimeStamp: 20241109164251
Version:
  Major: 11
  Minor: 0
  Build: 1002
  SpecialBuildName: ""
  ptArchitecture: x86_64_linux
Results:
  Results Complete: true
  NumTestProcesses: 64
  CPU_INTEGER_MATH: 199695.54666666672
  CPU_FLOATINGPOINT_MATH: 106996.01456591816
  CPU_PRIME: 273.95938886359409
  CPU_SORTING: 100659.75187664197
  CPU_ENCRYPTION: 27274.949426271152
  CPU_COMPRESSION: 868911.86016589997
  CPU_SINGLETHREAD: 2023.6611240580394
  CPU_PHYSICS: 4619.9854940569139
  CPU_MATRIX_MULT_SSE: 56731.966078806065
  CPU_mm: 6034.8580727831513
  CPU_sse: 21225.689771280355
  CPU_fma: 68689.232974046128
  CPU_avx: 48676.861466108414
  CPU_avx512: 88336.080103789514
  m_CPU_enc_SHA: 9011860394.8554001
  m_CPU_enc_AES: 68716135299.563194
  m_CPU_enc_ECDSA: 8071576414.3865099
  ME_ALLOC_S: 22567.007595148858
  ME_READ_S: 24243.240820312501
  ME_READ_L: 11706.99609375
  ME_WRITE: 10690.689453125
  ME_LARGE: 245538.25
  ME_LATENCY: 51.348186714317755
  ME_THREADED: 174373.32763671875
  SUMM_CPU: 46921.192620485555
  SUMM_ME: 2809.3854292709534
SystemInformation:
  OSName: Ubuntu 24.04.1 LTS
  Kernel: 6.8.0-1017-azure
  Device: ""
  Processor: Intel Xeon Platinum 8272CL CPU @ 2.60GHz
  NumSockets: 2
  Manufacturer: GenuineIntel
  NumCores: 32
  NumLogicals: 64
  CPUFrequency: 0
  Memory: 257910
  MemModuleInfo:
    iNumMemSticks: 4
    DIMM 1:
      manufacturer: Microsoft Corporation
      modulePartNo: None
      memType: Unknown
      size: 1
      clkspeed: 0
      moduleVoltage: 0
    DIMM 2:
      manufacturer: Microsoft Corporation
      modulePartNo: None
      memType: Unknown
      size: 60928
      clkspeed: 0
      moduleVoltage: 0
    DIMM 3:
      manufacturer: Microsoft Corporation
      modulePartNo: None
      memType: Unknown
      size: 69120
      clkspeed: 0
      moduleVoltage: 0
    DIMM 4:
      manufacturer: Microsoft Corporation
      modulePartNo: None
      memType: Unknown
      size: 128
      clkspeed: 0
      moduleVoltage: 0
Checksum: 69BCD7A6C8B3EA37D41CB91EB93B9F47702E8AD4