size_kb,operation,bandwidth_mb_s,latency_ns,latency_stddev_ns,latency_samples,threads,iterations,elapsed_s
16,read,283061.80,0,0,0,3,615763,0.101970
16,write,292159.16,0,0,0,3,563063,0.090340
16,copy,210600.17,0,0,0,3,407166,0.090626
16,latency,0,1.62,0.08,15,1,15,0.252614
64,read,175706.13,0,0,0,3,196850,0.210063
64,write,177575.89,0,0,0,3,184229,0.194525
64,copy,124487.01,0,0,0,3,149342,0.224936
64,latency,0,2.98,0.10,7,1,7,0.691487
2048,read,84118.96,0,0,0,3,3244,0.231387
2048,write,80771.23,0,0,0,3,1729,0.128437
2048,copy,40855.59,0,0,0,3,1022,0.150090
2048,latency,0,16.06,0.52,7,1,7,0.693152
4096,read,80833.83,0,0,0,3,922,0.136873
4096,write,76774.91,0,0,0,3,724,0.113162
4096,copy,38644.87,0,0,0,3,401,0.124518
4096,latency,0,18.99,1.09,21,1,21,2.052111
8192,read,63363.43,0,0,0,3,650,0.246199
8192,write,57862.31,0,0,0,3,604,0.250526
8192,copy,18867.97,0,0,0,3,191,0.242951
8192,latency,0,81.50,31.85,21,1,21,6.680624
16384,read,45154.14,0,0,0,3,167,0.177525
16384,write,31694.83,0,0,0,3,141,0.213536
16384,copy,15915.70,0,0,0,3,95,0.286510
16384,latency,0,101.71,3.12,7,1,7,1.123011
32768,read,28243.60,0,0,0,3,71,0.241329
32768,write,21705.45,0,0,0,3,66,0.291908
32768,copy,15044.05,0,0,0,3,34,0.216963
32768,latency,0,120.32,3.81,7,1,7,2.690080
65536,read,25312.42,0,0,0,3,36,0.273068
65536,write,21664.16,0,0,0,3,33,0.292465
65536,copy,15122.27,0,0,0,3,23,0.292020
65536,latency,0,135.57,3.28,7,1,7,5.975980
