BaselineInfo:
  WebDBID: -1
  TimeStamp: 20260621193152
Version:
  Major: 11
  Minor: 0
  Build: 1004
  SpecialBuildName: ""
  ptArchitecture: x86_64_linux
Results:
  Results Complete: true
  NumTestProcesses: 160
  CPU_INTEGER_MATH: 955432.68166666606
  CPU_FLOATINGPOINT_MATH: 555813.20658981299
  CPU_PRIME: 1296.9479839696623
  CPU_SORTING: 368513.84966204519
  CPU_ENCRYPTION: 179257.43593594705
  CPU_COMPRESSION: 2951413.4971650825
  CPU_SINGLETHREAD: 3798.9105790562571
  CPU_PHYSICS: 22571.59815430755
  CPU_MATRIX_MULT_SSE: 193809.60321704031
  CPU_mm: 20345.988998334062
  CPU_sse: 78256.337050904229
  CPU_fma: 211885.62915190976
  CPU_avx: 206647.48487071376
  CPU_avx512: 278448.96179463353
  m_CPU_enc_SHA: 232089662145.20648
  m_CPU_enc_AES: 184610677255.54745
  m_CPU_enc_ECDSA: 147194796031.16086
  ME_ALLOC_S: 41388.041260299207
  ME_READ_S: 34156.659765625001
  ME_READ_L: 31230.509765625
  ME_WRITE: 30566.408203125
  ME_LARGE: 631647.25
  ME_LATENCY: 78.595114353143003
  ME_THREADED: 593338.03125
  SUMM_CPU: 145385.5589406509
  SUMM_ME: 3007.5466506339117
SystemInformation:
  OSName: Ubuntu 24.04.4 LTS
  Kernel: 6.17.0-1018-azure
  Device: ""
  Processor: "AMD EPYC 9V45 96-Core Processor                "
  NumSockets: 1
  Manufacturer: AuthenticAMD
  NumCores: 80
  NumLogicals: 160
  CPUFrequency: 0
  CPUMaxFrequency: 0
  Memory: 644948
  CPUInfo:
    number: 1
    Family: 15
    Model: 2
    stepping: 1
    features: 395049983
    manufacture: AuthenticAMD
    typestring: "AMD EPYC 9V45 96-Core Processor                "
    iCoresPerPackage: 128
    iThreadsPerPackage: 2
    featuresEx:
      - 395049983
      - 4277809667
      - 802421759
    bHybrid: false
    nPCore: 0
    nLogicalsPerPCore: 0
    nECore: 0
    nLogicalsPerECore: 0
  MemModuleInfo:
    iNumMemSticks: 7
    DIMM 1:
      manufacturer: Microsoft Corporation
      modulePartNo: None
      memType: Unknown
      size: 1
      clkspeed: 0
      moduleVoltage: 0
    DIMM 2:
      manufacturer: Microsoft Corporation
      modulePartNo: None
      memType: Unknown
      size: 59
      clkspeed: 0
      moduleVoltage: 0
    DIMM 3:
      manufacturer: Microsoft Corporation
      modulePartNo: None
      memType: Unknown
      size: 68
      clkspeed: 0
      moduleVoltage: 0
    DIMM 4:
      manufacturer: Microsoft Corporation
      modulePartNo: None
      memType: Unknown
      size: 128
      clkspeed: 0
      moduleVoltage: 0
    DIMM 5:
      manufacturer: Microsoft Corporation
      modulePartNo: None
      memType: Unknown
      size: 128
      clkspeed: 0
      moduleVoltage: 0
    DIMM 6:
      manufacturer: Microsoft Corporation
      modulePartNo: None
      memType: Unknown
      size: 128
      clkspeed: 0
      moduleVoltage: 0
    DIMM 7:
      manufacturer: Microsoft Corporation
      modulePartNo: None
      memType: Unknown
      size: 128
      clkspeed: 0
      moduleVoltage: 0
Checksum: 6AB58AA8869A0DC209D136DEAD94D58E0F330484