BaselineInfo:
  WebDBID: -1
  TimeStamp: 20241108052146
Version:
  Major: 11
  Minor: 0
  Build: 1002
  SpecialBuildName: ""
  ptArchitecture: x86_64_linux
Results:
  Results Complete: true
  NumTestProcesses: 16
  CPU_INTEGER_MATH: 66611.939666666673
  CPU_FLOATINGPOINT_MATH: 36677.390155663787
  CPU_PRIME: 118.30164986445489
  CPU_SORTING: 35741.882564096086
  CPU_ENCRYPTION: 17224.537763763474
  CPU_COMPRESSION: 253614.29530902219
  CPU_SINGLETHREAD: 2399.3933740835409
  CPU_PHYSICS: 2328.2632300707955
  CPU_MATRIX_MULT_SSE: 14932.184627765469
  CPU_mm: 1802.916158616235
  CPU_sse: 7586.7148796554293
  CPU_fma: 20856.350353460723
  CPU_avx: 16353.488650180256
  CPU_avx512: 0
  m_CPU_enc_SHA: 24963880578.59396
  m_CPU_enc_AES: 15965568899.862129
  m_CPU_enc_ECDSA: 13254261252.072056
  ME_ALLOC_S: 7056.0939308730294
  ME_READ_S: 24504.7900390625
  ME_READ_L: 19603.712890625
  ME_WRITE: 19001.09765625
  ME_LARGE: 118587.75
  ME_LATENCY: 62.68562816874519
  ME_THREADED: 59960.73095703125
  SUMM_CPU: 21922.72961186105
  SUMM_ME: 2788.9236479681867
SystemInformation:
  OSName: Ubuntu 24.04.1 LTS
  Kernel: 6.8.0-1017-azure
  Device: ""
  Processor: AMD EPYC 7763 64-Core Processor
  NumSockets: 1
  Manufacturer: AuthenticAMD
  NumCores: 8
  NumLogicals: 16
  CPUFrequency: 0
  Memory: 128809
  MemModuleInfo:
    iNumMemSticks: 3
    DIMM 1:
      manufacturer: Microsoft Corporation
      modulePartNo: None
      memType: Unknown
      size: 1
      clkspeed: 0
      moduleVoltage: 0
    DIMM 2:
      manufacturer: Microsoft Corporation
      modulePartNo: None
      memType: Unknown
      size: 60928
      clkspeed: 0
      moduleVoltage: 0
    DIMM 3:
      manufacturer: Microsoft Corporation
      modulePartNo: None
      memType: Unknown
      size: 69120
      clkspeed: 0
      moduleVoltage: 0
Checksum: 2C5E40628086D35BC9D51077C86F7C68077BC766