---
system-info:
      stress-ng-version: 0.17.08
      run-by: root
      date-yyyy-mm-dd: 2024:07:03
      time-hh-mm-ss: 17:13:16
      epoch-secs: 1720026796
      hostname: n2-highmem-128-2a5ea74
      sysname: Linux
      nodename: n2-highmem-128-2a5ea74
      release: 6.8.0-1009-gcp
      version: '#10-Ubuntu SMP Wed Jun 12 18:52:23 UTC 2024'
      machine: x86_64
      compiler: 'musl-gcc 13.2.1'
      uptime: 143
      totalram: 913048883200
      freeram: 906068660224
      sharedram: 115761152
      bufferram: 132423680
      totalswap: 0
      freeswap: 0
      pagesize: 4096
      cpus: 128
      cpus-online: 128
      ticks-per-second: 100

metrics:
    - stressor: cpu
      bogo-ops: 2413980
      bogo-ops-per-second-usr-sys-time: 943.172766
      bogo-ops-per-second-real-time: 120698.518045
      wall-clock-time: 20.000080
      user-time: 2559.381070
      system-time: 0.043977
      cpu-usage-per-instance: 99.977142
      max-rss: 0

...
