BaselineInfo:
  WebDBID: -1
  TimeStamp: 20241115140116
Version:
  Major: 11
  Minor: 0
  Build: 1002
  SpecialBuildName: ""
  ptArchitecture: aarch64_linux
Results:
  Results Complete: true
  NumTestProcesses: 2
  CPU_INTEGER_MATH: 12562.195666666667
  CPU_FLOATINGPOINT_MATH: 10549.526612734455
  CPU_PRIME: 27.361663129872294
  CPU_SORTING: 10142.797305471717
  CPU_ENCRYPTION: 370.43644667757087
  CPU_COMPRESSION: 13648.174301070318
  CPU_SINGLETHREAD: 1879.4139763746089
  CPU_PHYSICS: 647.3228366490406
  CPU_MATRIX_MULT_SSE: 1777.9750427565559
  CPU_mm: 284.784853038915
  CPU_sse: 1498.7896567737625
  CPU_fma: 2057.1604287393493
  CPU_avx: 0
  CPU_avx512: 0
  m_CPU_enc_SHA: 542947843.74032521
  m_CPU_enc_AES: 241129918.36748809
  m_CPU_enc_ECDSA: 381214540.42632824
  ME_ALLOC_S: 2581.8932430772647
  ME_READ_S: 25480.314062500001
  ME_READ_L: 18303.609375
  ME_WRITE: 25708.47265625
  ME_LARGE: 6961.583333333333
  ME_LATENCY: 54.321106074814431
  ME_THREADED: 36850.1328125
  SUMM_CPU: 2015.0858193479382
  SUMM_ME: 2521.7524436509088
SystemInformation:
  OSName: Ubuntu 24.04.1 LTS
  Kernel: 6.8.0-1017-azure
  Device: ""
  Processor: ARM Neoverse-N2 2 Core 0 MHz
  NumSockets: 1
  Manufacturer: ARM
  NumCores: 2
  NumLogicals: 2
  CPUFrequency: 0
  Memory: 15959
Checksum: C50423C945A89C69B9212C11E416D0C1471F2261