BaselineInfo:
  WebDBID: -1
  TimeStamp: 20241107032840
Version:
  Major: 11
  Minor: 0
  Build: 1002
  SpecialBuildName: ""
  ptArchitecture: aarch64_linux
Results:
  Results Complete: true
  NumTestProcesses: 2
  CPU_INTEGER_MATH: 12468.594000000001
  CPU_FLOATINGPOINT_MATH: 10543.682708754917
  CPU_PRIME: 27.832028559353141
  CPU_SORTING: 10257.251127315834
  CPU_ENCRYPTION: 373.21872994471505
  CPU_COMPRESSION: 13668.511942186447
  CPU_SINGLETHREAD: 1881.7563080894208
  CPU_PHYSICS: 650.84030723277601
  CPU_MATRIX_MULT_SSE: 1783.0654857311508
  CPU_mm: 286.17592773733759
  CPU_sse: 1503.9378829200837
  CPU_fma: 2062.193088542218
  CPU_avx: 0
  CPU_avx512: 0
  m_CPU_enc_SHA: 548888112.81509602
  m_CPU_enc_AES: 240880511.78311568
  m_CPU_enc_ECDSA: 384275984.31331682
  ME_ALLOC_S: 2589.5138470928728
  ME_READ_S: 25391.801562500001
  ME_READ_L: 18757.896484375
  ME_WRITE: 25745.53515625
  ME_LARGE: 6050
  ME_LATENCY: 53.136474475984222
  ME_THREADED: 36874.55859375
  SUMM_CPU: 2023.1788112476054
  SUMM_ME: 2505.8383309893202
SystemInformation:
  OSName: Ubuntu 24.04.1 LTS
  Kernel: 6.8.0-1017-azure
  Device: ""
  Processor: ARM Neoverse-N2 2 Core 0 MHz
  NumSockets: 1
  Manufacturer: ARM
  NumCores: 2
  NumLogicals: 2
  CPUFrequency: 0
  Memory: 15959
Checksum: D33342332BD02BA3FF49D203DAF4AA7210BDC01F