BaselineInfo:
  WebDBID: -1
  TimeStamp: 20241114212723
Version:
  Major: 11
  Minor: 0
  Build: 1002
  SpecialBuildName: ""
  ptArchitecture: aarch64_linux
Results:
  Results Complete: true
  NumTestProcesses: 2
  CPU_INTEGER_MATH: 12556.705
  CPU_FLOATINGPOINT_MATH: 10551.867546519035
  CPU_PRIME: 27.435599850688551
  CPU_SORTING: 10169.162264022885
  CPU_ENCRYPTION: 375.08476065251739
  CPU_COMPRESSION: 13623.557040121188
  CPU_SINGLETHREAD: 1884.694166030373
  CPU_PHYSICS: 647.00618926022503
  CPU_MATRIX_MULT_SSE: 1779.4008739706783
  CPU_mm: 287.92877802140379
  CPU_sse: 1496.8213369342495
  CPU_fma: 2061.9804110071073
  CPU_avx: 0
  CPU_avx512: 0
  m_CPU_enc_SHA: 557744878.20598269
  m_CPU_enc_AES: 244235519.48656631
  m_CPU_enc_ECDSA: 377934236.26537323
  ME_ALLOC_S: 2519.9487268816783
  ME_READ_S: 25312.244140625
  ME_READ_L: 18485.51171875
  ME_WRITE: 25729.685546875
  ME_LARGE: 6967.416666666667
  ME_LATENCY: 53.910943350919894
  ME_THREADED: 36273.23046875
  SUMM_CPU: 2024.9939171098226
  SUMM_ME: 2523.0294778815128
SystemInformation:
  OSName: Ubuntu 24.04.1 LTS
  Kernel: 6.8.0-1017-azure
  Device: ""
  Processor: ARM Neoverse-N2 2 Core 0 MHz
  NumSockets: 1
  Manufacturer: ARM
  NumCores: 2
  NumLogicals: 2
  CPUFrequency: 0
  Memory: 15959
Checksum: 11A2775F9E9AD8C5A981027B623809EC848A9C7A