BaselineInfo:
  WebDBID: -1
  TimeStamp: 20260611141108
Version:
  Major: 11
  Minor: 0
  Build: 1004
  SpecialBuildName: ""
  ptArchitecture: aarch64_linux
Results:
  Results Complete: true
  NumTestProcesses: 64
  CPU_INTEGER_MATH: 391058.7699999999
  CPU_FLOATINGPOINT_MATH: 488777.88555716915
  CPU_PRIME: 1127.0544321273746
  CPU_SORTING: 339653.27690884814
  CPU_ENCRYPTION: 19045.734190756939
  CPU_COMPRESSION: 595387.67798932572
  CPU_SINGLETHREAD: 2463.5558926628541
  CPU_PHYSICS: 19065.897480429099
  CPU_MATRIX_MULT_SSE: 86065.796384622401
  CPU_mm: 8559.5358274111404
  CPU_sse: 68286.934048189141
  CPU_fma: 103844.65872105569
  CPU_avx: 0
  CPU_avx512: 0
  m_CPU_enc_SHA: 32317896910.699768
  m_CPU_enc_AES: 8835189743.8029327
  m_CPU_enc_ECDSA: 18759612669.918758
  ME_ALLOC_S: 58750.23899308042
  ME_READ_S: 22136.542382812499
  ME_READ_L: 24656.994140625
  ME_WRITE: 25033.794921875
  ME_LARGE: 241803.58333333334
  ME_LATENCY: 25.661247593299674
  ME_THREADED: 407759.84765625
  SUMM_CPU: 60841.353618515641
  SUMM_ME: 4594.1124699537813
SystemInformation:
  OSName: Ubuntu 24.04.4 LTS
  Kernel: 6.17.0-1017-aws
  Device: ""
  Processor: ARM Neoverse-V3 64 Core 0 MHz
  NumSockets: 1
  Manufacturer: ARM
  NumCores: 64
  NumLogicals: 64
  CPUFrequency: 0
  CPUMaxFrequency: 0
  Memory: 253246
Checksum: 210DBDDD45D486C5D163C09165B40BAAB9CD7B79