BaselineInfo:
  WebDBID: -1
  TimeStamp: 20251202183645
Version:
  Major: 11
  Minor: 0
  Build: 1002
  SpecialBuildName: ""
  ptArchitecture: x86_64_linux
Results:
  Results Complete: true
  NumTestProcesses: 48
  CPU_INTEGER_MATH: 363085.50366666663
  CPU_FLOATINGPOINT_MATH: 364394.41609774408
  CPU_PRIME: 1284.3354349019073
  CPU_SORTING: 204307.85636110997
  CPU_ENCRYPTION: 75619.128192688993
  CPU_COMPRESSION: 1479295.6434734324
  CPU_SINGLETHREAD: 3815.4183338463599
  CPU_PHYSICS: 17019.953879396409
  CPU_MATRIX_MULT_SSE: 129410.47939839309
  CPU_mm: 15204.105462119844
  CPU_sse: 47823.492258662322
  CPU_fma: 175714.48809026548
  CPU_avx: 97244.561504717742
  CPU_avx512: 196859.37573992673
  m_CPU_enc_SHA: 105022517683.21629
  m_CPU_enc_AES: 65657299674.347221
  m_CPU_enc_ECDSA: 67197391533.767601
  ME_ALLOC_S: 41380.426275494538
  ME_READ_S: 33960.795117187503
  ME_READ_L: 32539.615234375
  ME_WRITE: 32733.857421875
  ME_LARGE: 81200.333333333328
  ME_LATENCY: 81.598842117743104
  ME_THREADED: 399976.0849609375
  SUMM_CPU: 102415.59560395531
  SUMM_ME: 2908.0361124646938
SystemInformation:
  OSName: Ubuntu 24.04.2 LTS
  Kernel: 6.14.0-1017-aws
  Device: ""
  Processor: AMD EPYC 9R45
  NumSockets: 1
  Manufacturer: AuthenticAMD
  NumCores: 48
  NumLogicals: 48
  CPUFrequency: 0
  Memory: 94744
  MemModuleInfo:
    iNumMemSticks: 1
    DIMM 1:
      manufacturer: Not Specified
      modulePartNo: Not Specified
      memType: DDR5
      size: 96
      clkspeed: 3200
      moduleVoltage: 0
Checksum: F324953F2F34C1D46C5A4E1C50F6257FD77290E1