---
system-info:
      stress-ng-version: 0.17.08
      run-by: root
      date-yyyy-mm-dd: 2024:06:26
      time-hh-mm-ss: 14:13:06
      epoch-secs: 1719411186
      hostname: n4-standard-2-b4cdf2e
      sysname: Linux
      nodename: n4-standard-2-b4cdf2e
      release: 6.8.0-1008-gcp
      version: '#9-Ubuntu SMP Wed May 22 18:09:04 UTC 2024'
      machine: x86_64
      compiler: 'musl-gcc 13.2.1'
      uptime: 144
      totalram: 8323899392
      freeram: 3187453952
      sharedram: 274022400
      bufferram: 125497344
      totalswap: 0
      freeswap: 0
      pagesize: 4096
      cpus: 2
      cpus-online: 2
      ticks-per-second: 100

metrics:
    - stressor: cpu
      bogo-ops: 34454
      bogo-ops-per-second-usr-sys-time: 1722.772701
      bogo-ops-per-second-real-time: 1722.695913
      wall-clock-time: 20.000047
      user-time: 19.999156
      system-time: 0.000000
      cpu-usage-per-instance: 99.995543
      max-rss: 1104

...
