BaselineInfo:
  WebDBID: -1
  TimeStamp: 20260617182302
Version:
  Major: 11
  Minor: 0
  Build: 1004
  SpecialBuildName: ""
  ptArchitecture: x86_64_linux
Results:
  Results Complete: true
  NumTestProcesses: 8
  CPU_INTEGER_MATH: 33629.788999999997
  CPU_FLOATINGPOINT_MATH: 17182.546449814392
  CPU_PRIME: 65.927704010818218
  CPU_SORTING: 17651.65362633648
  CPU_ENCRYPTION: 7300.0521480049929
  CPU_COMPRESSION: 127241.83118900658
  CPU_SINGLETHREAD: 2360.0600708102343
  CPU_PHYSICS: 1226.8704574019971
  CPU_MATRIX_MULT_SSE: 6963.5333589302136
  CPU_mm: 724.24453484448429
  CPU_sse: 3187.6748857433499
  CPU_fma: 8743.0951158671251
  CPU_avx: 6465.5186798671493
  CPU_avx512: 9457.8447542432314
  m_CPU_enc_SHA: 7347950264.4267826
  m_CPU_enc_AES: 11071659561.770512
  m_CPU_enc_ECDSA: 4544368617.2421551
  ME_ALLOC_S: 3977.9169569107944
  ME_READ_S: 24264.814257812501
  ME_READ_L: 11528.5693359375
  ME_WRITE: 10463.3251953125
  ME_LARGE: 6823.25
  ME_LATENCY: 56.35618885741129
  ME_THREADED: 52143.6181640625
  SUMM_CPU: 11317.956520656257
  SUMM_ME: 2243.3876466620172
SystemInformation:
  OSName: Ubuntu 24.04.4 LTS
  Kernel: 6.8.0-117-generic
  Device: ""
  Processor: Intel(R) Xeon(R) Platinum 8369B CPU @ 2.70GHz
  NumSockets: 1
  Manufacturer: GenuineIntel
  NumCores: 4
  NumLogicals: 8
  CPUFrequency: 0
  CPUMaxFrequency: 0
  Memory: 15069
  CPUInfo:
    number: 1
    Family: 6
    Model: 10
    stepping: 6
    features: 529267711
    manufacture: GenuineIntel
    typestring: Intel(R) Xeon(R) Platinum 8369B CPU @ 2.70GHz
    iCoresPerPackage: 4
    iThreadsPerPackage: 2
    featuresEx:
      - 529267711
      - 4277809667
      - 739248128
    bHybrid: false
    nPCore: 0
    nLogicalsPerPCore: 0
    nECore: 0
    nLogicalsPerECore: 0
  MemModuleInfo:
    iNumMemSticks: 1
    DIMM 1:
      manufacturer: Alibaba Cloud
      modulePartNo: Not Specified
      memType: RAM
      size: 16
      clkspeed: 0
      moduleVoltage: 0
Checksum: 27DCC7AF2C4FFF1F7342F490E5234CC1528EF34D