BaselineInfo:
  WebDBID: -1
  TimeStamp: 20260115212015
Version:
  Major: 11
  Minor: 0
  Build: 1004
  SpecialBuildName: ""
  ptArchitecture: x86_64_linux
Results:
  Results Complete: true
  NumTestProcesses: 32
  CPU_INTEGER_MATH: 164542.61833333332
  CPU_FLOATINGPOINT_MATH: 119137.64656422146
  CPU_PRIME: 350.49409198814942
  CPU_SORTING: 83849.628705381678
  CPU_ENCRYPTION: 36202.364048675357
  CPU_COMPRESSION: 634558.52166670468
  CPU_SINGLETHREAD: 3273.3674262100135
  CPU_PHYSICS: 6485.9654268952436
  CPU_MATRIX_MULT_SSE: 45896.469934611036
  CPU_mm: 4911.2744636657753
  CPU_sse: 20047.259967038743
  CPU_fma: 52495.856376631069
  CPU_avx: 42514.920407246616
  CPU_avx512: 68527.842987527751
  m_CPU_enc_SHA: 38295934741.094902
  m_CPU_enc_AES: 50031630956.735931
  m_CPU_enc_ECDSA: 25555224556.280621
  ME_ALLOC_S: 16185.562331836916
  ME_READ_S: 28579.224414062501
  ME_READ_L: 14723.4462890625
  ME_WRITE: 10932.923828125
  ME_LARGE: 494537.58333333331
  ME_LATENCY: 70.488718224063078
  ME_THREADED: 160217.119140625
  SUMM_CPU: 51572.707335735278
  SUMM_ME: 2589.4425021117322
SystemInformation:
  OSName: Ubuntu 24.04.3 LTS
  Kernel: 6.14.0-1018-aws
  Device: ""
  Processor: Intel(R) Xeon(R) 6975P-C
  NumSockets: 1
  Manufacturer: GenuineIntel
  NumCores: 16
  NumLogicals: 32
  CPUFrequency: 0
  CPUMaxFrequency: 0
  Memory: 507684
  CPUInfo:
    number: 1
    Family: 6
    Model: 13
    stepping: 1
    features: 529267711
    manufacture: GenuineIntel
    typestring: Intel(R) Xeon(R) 6975P-C
    iCoresPerPackage: 16
    iThreadsPerPackage: 2
    featuresEx:
      - 529267711
      - 4294619651
      - 739248128
    bHybrid: false
    nPCore: 0
    nLogicalsPerPCore: 0
    nECore: 0
    nLogicalsPerECore: 0
  MemModuleInfo:
    iNumMemSticks: 1
    DIMM 1:
      manufacturer: Not Specified
      modulePartNo: Not Specified
      memType: DDR5
      size: 512
      clkspeed: 3600
      moduleVoltage: 0
Checksum: A4FF3925A4DD8D0E050500ED73A98D0B2831CF36