---
system-info:
      stress-ng-version: 0.17.08
      run-by: root
      date-yyyy-mm-dd: 2024:09:17
      time-hh-mm-ss: 06:39:36
      epoch-secs: 1726555176
      hostname: sc-runner
      sysname: Linux
      nodename: sc-runner
      release: 6.8.0-1014-azure
      version: '#16-Ubuntu SMP Thu Aug 15 20:04:41 UTC 2024'
      machine: x86_64
      compiler: 'musl-gcc 13.2.1'
      uptime: 314
      totalram: 202596655104
      freeram: 191351656448
      sharedram: 55103488
      bufferram: 306892800
      totalswap: 0
      freeswap: 0
      pagesize: 4096
      cpus: 48
      cpus-online: 48
      ticks-per-second: 100

metrics:
    - stressor: cpu
      bogo-ops: 37992
      bogo-ops-per-second-usr-sys-time: 1899.588128
      bogo-ops-per-second-real-time: 1899.592776
      wall-clock-time: 20.000076
      user-time: 19.999125
      system-time: 0.001000
      cpu-usage-per-instance: 100.000245
      max-rss: 3200

...
