BaselineInfo:
  WebDBID: -1
  TimeStamp: 20241110143812
Version:
  Major: 11
  Minor: 0
  Build: 1002
  SpecialBuildName: ""
  ptArchitecture: x86_64_linux
Results:
  Results Complete: true
  NumTestProcesses: 192
  CPU_INTEGER_MATH: 811137.15700000036
  CPU_FLOATINGPOINT_MATH: 577169.24404230225
  CPU_PRIME: 904.33624046236389
  CPU_SORTING: 354848.19724820938
  CPU_ENCRYPTION: 177655.82033287187
  CPU_COMPRESSION: 2850405.8741815342
  CPU_SINGLETHREAD: 3024.0724568506821
  CPU_PHYSICS: 13805.435461633482
  CPU_MATRIX_MULT_SSE: 191847.04784060988
  CPU_mm: 22187.323332033429
  CPU_sse: 91426.472404971893
  CPU_fma: 219586.68630100295
  CPU_avx: 172812.96394353278
  CPU_avx512: 283562.06871293171
  m_CPU_enc_SHA: 189225666911.24539
  m_CPU_enc_AES: 243281719770.78973
  m_CPU_enc_ECDSA: 126349501702.04916
  ME_ALLOC_S: 31003.903580783106
  ME_READ_S: 24614.839062499999
  ME_READ_L: 8083.146484375
  ME_WRITE: 7408.02880859375
  ME_LARGE: 366525.08333333331
  ME_LATENCY: 76.593964063284616
  ME_THREADED: 447430.0888671875
  SUMM_CPU: 123408.48267220666
  SUMM_ME: 2096.2983528237041
SystemInformation:
  OSName: Ubuntu 24.04.1 LTS
  Kernel: 6.8.0-1016-aws
  Device: ""
  Processor: Intel Xeon Platinum 8488C
  NumSockets: 2
  Manufacturer: GenuineIntel
  NumCores: 96
  NumLogicals: 192
  CPUFrequency: 0
  Memory: 380777
  MemModuleInfo:
    iNumMemSticks: 2
    DIMM 1:
      manufacturer: Not Specified
      modulePartNo: Not Specified
      memType: DDR5
      size: 192
      clkspeed: 2400
      moduleVoltage: 0
    DIMM 2:
      manufacturer: Not Specified
      modulePartNo: Not Specified
      memType: DDR5
      size: 192
      clkspeed: 2400
      moduleVoltage: 0
Checksum: 9DCEB4020E76DE74B694FE24D4DFCDAAC0F27311