BaselineInfo:
  WebDBID: -1
  TimeStamp: 20241108193032
Version:
  Major: 11
  Minor: 0
  Build: 1002
  SpecialBuildName: ""
  ptArchitecture: x86_64_linux
Results:
  Results Complete: true
  NumTestProcesses: 32
  CPU_INTEGER_MATH: 138719.79999999999
  CPU_FLOATINGPOINT_MATH: 98706.14234939724
  CPU_PRIME: 257.26463382954415
  CPU_SORTING: 68176.644491923435
  CPU_ENCRYPTION: 30548.27746024208
  CPU_COMPRESSION: 505679.78959387197
  CPU_SINGLETHREAD: 2944.3693675702107
  CPU_PHYSICS: 5330.9888581029863
  CPU_MATRIX_MULT_SSE: 33231.313096607482
  CPU_mm: 3799.7158697150035
  CPU_sse: 16457.860374934582
  CPU_fma: 38093.474742334904
  CPU_avx: 29906.169942959823
  CPU_avx512: 48467.747326200639
  m_CPU_enc_SHA: 32310866855.949238
  m_CPU_enc_AES: 41938085671.173592
  m_CPU_enc_ECDSA: 21847619231.329575
  ME_ALLOC_S: 14662.755643855513
  ME_READ_S: 26987.759765625
  ME_READ_L: 7679.19677734375
  ME_WRITE: 11729
  ME_LARGE: 52443.5
  ME_LATENCY: 86.290344198523357
  ME_THREADED: 150760.48095703125
  SUMM_CPU: 42487.769094962627
  SUMM_ME: 2034.2033547477101
SystemInformation:
  OSName: Ubuntu 24.04.1 LTS
  Kernel: 6.8.0-1016-aws
  Device: ""
  Processor: Intel Xeon Platinum 8488C
  NumSockets: 1
  Manufacturer: GenuineIntel
  NumCores: 16
  NumLogicals: 32
  CPUFrequency: 0
  Memory: 63252
  MemModuleInfo:
    iNumMemSticks: 1
    DIMM 1:
      manufacturer: Not Specified
      modulePartNo: Not Specified
      memType: DDR5
      size: 64
      clkspeed: 2400
      moduleVoltage: 0
Checksum: 2C4CEC4CA6D0D3413DE6720A433EF2BA8C983B52