---
system-info:
      stress-ng-version: 0.17.08
      run-by: root
      date-yyyy-mm-dd: 2024:06:12
      time-hh-mm-ss: 18:55:20
      epoch-secs: 1718218520
      hostname: d5de9642e181
      sysname: Linux
      nodename: d5de9642e181
      release: 6.8.0-1008-aws
      version: '#8-Ubuntu SMP Sat Apr 20 00:46:25 UTC 2024'
      machine: x86_64
      compiler: 'musl-gcc 13.2.1'
      uptime: 145
      totalram: 100140072960
      freeram: 95567818752
      sharedram: 20418560
      bufferram: 110927872
      totalswap: 0
      freeswap: 0
      pagesize: 4096
      cpus: 48
      cpus-online: 48
      ticks-per-second: 100

metrics:
    - stressor: cpu
      bogo-ops: 368141
      bogo-ops-per-second-usr-sys-time: 383.715123
      bogo-ops-per-second-real-time: 18406.876986
      wall-clock-time: 20.000188
      user-time: 959.377295
      system-time: 0.034982
      cpu-usage-per-instance: 99.937839
      max-rss: 768

...
