---
system-info:
      stress-ng-version: 0.17.08
      run-by: root
      date-yyyy-mm-dd: 2024:06:12
      time-hh-mm-ss: 15:55:58
      epoch-secs: 1718207758
      hostname: 5089632526e0
      sysname: Linux
      nodename: 5089632526e0
      release: 6.8.0-1008-aws
      version: '#8-Ubuntu SMP Sat Apr 20 00:46:25 UTC 2024'
      machine: x86_64
      compiler: 'musl-gcc 13.2.1'
      uptime: 198
      totalram: 100140064768
      freeram: 95558770688
      sharedram: 20422656
      bufferram: 111226880
      totalswap: 0
      freeswap: 0
      pagesize: 4096
      cpus: 48
      cpus-online: 48
      ticks-per-second: 100

metrics:
    - stressor: cpu
      bogo-ops: 750403
      bogo-ops-per-second-usr-sys-time: 782.102540
      bogo-ops-per-second-real-time: 37520.106270
      wall-clock-time: 20.000023
      user-time: 959.436833
      system-time: 0.031985
      cpu-usage-per-instance: 99.944552
      max-rss: 1152

...
