---
system-info:
      stress-ng-version: 0.17.08
      run-by: root
      date-yyyy-mm-dd: 2024:06:05
      time-hh-mm-ss: 15:38:07
      epoch-secs: 1717601887
      hostname: e685d8b562f3
      sysname: Linux
      nodename: e685d8b562f3
      release: 6.8.0-1008-aws
      version: '#8-Ubuntu SMP Sat Apr 20 00:46:25 UTC 2024'
      machine: x86_64
      compiler: 'musl-gcc 13.2.1'
      uptime: 116
      totalram: 100140064768
      freeram: 95820816384
      sharedram: 20418560
      bufferram: 77832192
      totalswap: 0
      freeswap: 0
      pagesize: 4096
      cpus: 48
      cpus-online: 48
      ticks-per-second: 100

metrics:
    - stressor: cpu
      bogo-ops: 518165
      bogo-ops-per-second-usr-sys-time: 1080.263295
      bogo-ops-per-second-real-time: 51806.556694
      wall-clock-time: 10.001919
      user-time: 479.583518
      system-time: 0.081951
      cpu-usage-per-instance: 99.911130
      max-rss: 3840

...
