---
system-info:
      stress-ng-version: 0.17.08
      run-by: root
      date-yyyy-mm-dd: 2024:06:14
      time-hh-mm-ss: 11:55:38
      epoch-secs: 1718366138
      hostname: 6c0e063004b9
      sysname: Linux
      nodename: 6c0e063004b9
      release: 6.8.0-1008-aws
      version: '#8-Ubuntu SMP Sat Apr 20 00:46:25 UTC 2024'
      machine: x86_64
      compiler: 'musl-gcc 13.2.1'
      uptime: 160
      totalram: 66684055552
      freeram: 62256467968
      sharedram: 40857600
      bufferram: 106844160
      totalswap: 0
      freeswap: 0
      pagesize: 4096
      cpus: 8
      cpus-online: 8
      ticks-per-second: 100

metrics:
    - stressor: cpu
      bogo-ops: 139181
      bogo-ops-per-second-usr-sys-time: 872.354566
      bogo-ops-per-second-real-time: 6959.005224
      wall-clock-time: 20.000129
      user-time: 159.523392
      system-time: 0.022973
      cpu-usage-per-instance: 99.715837
      max-rss: 1104

...
