---
system-info:
      stress-ng-version: 0.17.08
      run-by: root
      date-yyyy-mm-dd: 2024:06:06
      time-hh-mm-ss: 20:25:09
      epoch-secs: 1717705509
      hostname: 0f37bc6e6788
      sysname: Linux
      nodename: 0f37bc6e6788
      release: 6.8.0-1008-aws
      version: '#8-Ubuntu SMP Sat Apr 20 00:46:25 UTC 2024'
      machine: x86_64
      compiler: 'musl-gcc 13.2.1'
      uptime: 133
      totalram: 66684055552
      freeram: 62397841408
      sharedram: 40849408
      bufferram: 86179840
      totalswap: 0
      freeswap: 0
      pagesize: 4096
      cpus: 8
      cpus-online: 8
      ticks-per-second: 100

metrics:
    - stressor: cpu
      bogo-ops: 81797
      bogo-ops-per-second-usr-sys-time: 1024.627936
      bogo-ops-per-second-real-time: 8177.357539
      wall-clock-time: 10.002865
      user-time: 79.805944
      system-time: 0.024985
      cpu-usage-per-instance: 99.760084
      max-rss: 3920

...
