size_kb,operation,bandwidth_mb_s,latency_ns,latency_stddev_ns,latency_samples,threads,iterations,elapsed_s
32,read,400904.33,0,0,0,8,661375,0.412427
32,write,245692.61,0,0,0,8,556792,0.566553
32,copy,210948.89,0,0,0,8,394944,0.468056
32,latency,0,1.26,0.06,7,1,7,0.184406
128,read,400186.90,0,0,0,8,160668,0.401482
128,write,245279.03,0,0,0,8,125062,0.509876
128,copy,212414.09,0,0,0,8,72632,0.341936
128,latency,0,3.45,0.00,7,1,7,0.686882
1024,read,252566.03,0,0,0,8,21512,0.681390
1024,write,203296.46,0,0,0,8,15352,0.604123
1024,copy,61543.25,0,0,0,8,6703,0.871322
1024,latency,0,6.24,0.00,7,1,7,0.798988
2048,read,119480.60,0,0,0,8,6800,0.910608
2048,write,120628.18,0,0,0,8,5693,0.755114
2048,copy,60132.00,0,0,0,8,2179,0.579791
2048,latency,0,9.27,0.01,7,1,7,0.670465
4096,read,118067.73,0,0,0,8,2329,0.631231
4096,write,118514.59,0,0,0,8,2241,0.605090
4096,copy,60169.44,0,0,0,8,1138,0.605224
4096,latency,0,16.77,0.01,7,1,7,0.696607
65536,read,59151.70,0,0,0,8,47,0.406818
65536,write,38213.25,0,0,0,8,32,0.428752
65536,copy,25801.96,0,0,0,8,24,0.476243
65536,latency,0,24.10,0.02,7,1,7,1.125111
131072,read,55055.96,0,0,0,8,22,0.409184
131072,write,35368.80,0,0,0,8,15,0.434281
131072,copy,24821.04,0,0,0,8,12,0.495064
131072,latency,0,26.40,0.12,7,1,7,2.460544
262144,read,54326.28,0,0,0,8,11,0.414680
262144,write,34417.69,0,0,0,8,7,0.416530
262144,copy,24367.09,0,0,0,8,6,0.504287
262144,latency,0,74.10,0.53,7,1,7,13.005721
524288,read,53662.84,0,0,0,8,5,0.381642
524288,write,33683.65,0,0,0,8,3,0.364806
524288,copy,21074.37,0,0,0,4,3,0.291539
524288,latency,0,91.29,0.07,7,1,7,31.899091
1048576,read,42256.03,0,0,0,4,3,0.290799
1048576,write,25816.65,0,0,0,4,3,0.475972
1048576,copy,11625.60,0,0,0,2,3,0.528489
1048576,latency,0,100.38,0.06,7,1,7,70.216820
