size_kb,operation,bandwidth_mb_s,latency_ns,latency_stddev_ns,latency_samples,threads,iterations,elapsed_s
32,read,9062048.97,0,0,0,192,606796,0.401761
32,write,5714354.82,0,0,0,192,574712,0.603440
32,copy,4375231.27,0,0,0,192,309023,0.423781
32,latency,0,1.31,0.00,7,1,7,0.188313
128,read,9089133.56,0,0,0,192,157133,0.414912
128,write,5680350.84,0,0,0,192,109361,0.462060
128,copy,4583461.73,0,0,0,192,80723,0.422683
128,latency,0,3.58,0.00,7,1,7,0.710270
1024,read,2800973.95,0,0,0,192,19220,1.317485
1024,write,3050573.91,0,0,0,192,12556,0.790262
1024,copy,586175.04,0,0,0,192,5079,1.663612
1024,latency,0,6.46,0.01,7,1,7,0.675137
2048,read,1143589.07,0,0,0,192,4012,1.347169
2048,write,1671685.12,0,0,0,192,3260,0.748849
2048,copy,506882.03,0,0,0,192,1671,1.265904
2048,latency,0,12.69,0.03,7,1,7,0.673392
4096,read,1189233.62,0,0,0,192,1565,1.010668
4096,write,1056916.65,0,0,0,192,1649,1.198233
4096,copy,227814.46,0,0,0,192,615,2.073266
4096,latency,0,24.18,0.08,7,1,7,0.693849
131072,read,564902.57,0,0,0,192,32,1.392155
131072,write,477038.90,0,0,0,192,23,1.184910
131072,copy,163268.04,0,0,0,192,16,2.408408
131072,latency,0,48.04,0.08,7,1,7,4.259494
262144,read,568702.69,0,0,0,192,17,1.469281
262144,write,450605.34,0,0,0,192,11,1.199879
262144,copy,134812.74,0,0,0,96,7,1.276081
262144,latency,0,89.10,0.12,7,1,7,15.446704
524288,read,435985.98,0,0,0,96,7,0.789163
524288,write,356920.18,0,0,0,96,5,0.688557
524288,copy,138326.20,0,0,0,48,4,0.710668
524288,latency,0,114.45,0.10,7,1,7,39.546491
