---
system-info:
      stress-ng-version: 0.17.08
      run-by: root
      date-yyyy-mm-dd: 2024:06:14
      time-hh-mm-ss: 03:56:51
      epoch-secs: 1718337411
      hostname: e769d5cf8e4c
      sysname: Linux
      nodename: e769d5cf8e4c
      release: 6.8.0-1008-aws
      version: '#8-Ubuntu SMP Sat Apr 20 00:46:25 UTC 2024'
      machine: x86_64
      compiler: 'musl-gcc 13.2.1'
      uptime: 140
      totalram: 66035683328
      freeram: 61199831040
      sharedram: 70475776
      bufferram: 109125632
      totalswap: 0
      freeswap: 0
      pagesize: 4096
      cpus: 32
      cpus-online: 32
      ticks-per-second: 100

metrics:
    - stressor: cpu
      bogo-ops: 59588
      bogo-ops-per-second-usr-sys-time: 2979.478509
      bogo-ops-per-second-real-time: 2979.391156
      wall-clock-time: 20.000059
      user-time: 19.998474
      system-time: 0.000999
      cpu-usage-per-instance: 99.997068
      max-rss: 1032

...
