---
system-info:
      stress-ng-version: 0.17.08
      run-by: root
      date-yyyy-mm-dd: 2024:06:06
      time-hh-mm-ss: 04:16:44
      epoch-secs: 1717647404
      hostname: ed4e9a186a92
      sysname: Linux
      nodename: ed4e9a186a92
      release: 6.8.0-1008-aws
      version: '#8-Ubuntu SMP Sat Apr 20 00:46:25 UTC 2024'
      machine: x86_64
      compiler: 'musl-gcc 13.2.1'
      uptime: 123
      totalram: 66035679232
      freeram: 61565898752
      sharedram: 70467584
      bufferram: 80596992
      totalswap: 0
      freeswap: 0
      pagesize: 4096
      cpus: 32
      cpus-online: 32
      ticks-per-second: 100

metrics:
    - stressor: cpu
      bogo-ops: 16649
      bogo-ops-per-second-usr-sys-time: 1664.972426
      bogo-ops-per-second-real-time: 1664.871579
      wall-clock-time: 10.000171
      user-time: 9.997566
      system-time: 0.001999
      cpu-usage-per-instance: 99.993943
      max-rss: 3848

...
