BaselineInfo:
  WebDBID: -1
  TimeStamp: 20241108082126
Version:
  Major: 11
  Minor: 0
  Build: 1002
  SpecialBuildName: ""
  ptArchitecture: x86_64_linux
Results:
  Results Complete: true
  NumTestProcesses: 32
  CPU_INTEGER_MATH: 143166.05666666667
  CPU_FLOATINGPOINT_MATH: 79036.070877646736
  CPU_PRIME: 319.18264602472885
  CPU_SORTING: 77449.956444529962
  CPU_ENCRYPTION: 37401.996110275024
  CPU_COMPRESSION: 553850.55957429658
  CPU_SINGLETHREAD: 2578.6871500353541
  CPU_PHYSICS: 5502.0265933667624
  CPU_MATRIX_MULT_SSE: 32430.039463149988
  CPU_mm: 3901.0942742661432
  CPU_sse: 16544.846040367491
  CPU_fma: 45089.206279501945
  CPU_avx: 35656.066069580498
  CPU_avx512: 0
  m_CPU_enc_SHA: 54228337570.32766
  m_CPU_enc_AES: 34705532174.485855
  m_CPU_enc_ECDSA: 28722636675.169701
  ME_ALLOC_S: 14961.428072212573
  ME_READ_S: 26423.330859375001
  ME_READ_L: 18542.533203125
  ME_WRITE: 19588.544921875
  ME_LARGE: 53422.166666666664
  ME_LATENCY: 58.957327648046252
  ME_THREADED: 155103.55859375
  SUMM_CPU: 42552.02441074013
  SUMM_ME: 3019.2157902694707
SystemInformation:
  OSName: Ubuntu 24.04.1 LTS
  Kernel: 6.8.0-1015-gcp
  Device: ""
  Processor: AMD EPYC 7B13
  NumSockets: 1
  Manufacturer: AuthenticAMD
  NumCores: 16
  NumLogicals: 32
  CPUFrequency: 0
  Memory: 64293
  MemModuleInfo:
    iNumMemSticks: 4
    DIMM 1:
      manufacturer: ""
      modulePartNo: ""
      memType: RAM
      size: 16
      clkspeed: 0
      moduleVoltage: 0
    DIMM 2:
      manufacturer: ""
      modulePartNo: ""
      memType: RAM
      size: 16
      clkspeed: 0
      moduleVoltage: 0
    DIMM 3:
      manufacturer: ""
      modulePartNo: ""
      memType: RAM
      size: 16
      clkspeed: 0
      moduleVoltage: 0
    DIMM 4:
      manufacturer: ""
      modulePartNo: ""
      memType: RAM
      size: 16
      clkspeed: 0
      moduleVoltage: 0
Checksum: 6311D300ABEC81341A86C7438F3EAB20F6B9199D