BaselineInfo:
  WebDBID: -1
  TimeStamp: 20260630191512
Version:
  Major: 11
  Minor: 0
  Build: 1004
  SpecialBuildName: ""
  ptArchitecture: x86_64_linux
Results:
  Results Complete: true
  NumTestProcesses: 24
  CPU_INTEGER_MATH: 147105.44433333335
  CPU_FLOATINGPOINT_MATH: 133693.0658527097
  CPU_PRIME: 453.37635057927531
  CPU_SORTING: 91915.53871609176
  CPU_ENCRYPTION: 31394.370716093425
  CPU_COMPRESSION: 629706.23747534316
  CPU_SINGLETHREAD: 2948.6448422952908
  CPU_PHYSICS: 8264.2494121498657
  CPU_MATRIX_MULT_SSE: 60180.103655773186
  CPU_mm: 6274.7505695080299
  CPU_sse: 28555.115105312681
  CPU_fma: 81547.747150870244
  CPU_avx: 70437.448711136676
  CPU_avx512: 0
  m_CPU_enc_SHA: 43765948490.486755
  m_CPU_enc_AES: 27877333118.43552
  m_CPU_enc_ECDSA: 27114869395.072857
  ME_ALLOC_S: 10873.625360768317
  ME_READ_S: 26678.290429687499
  ME_READ_L: 22855.5859375
  ME_WRITE: 20811.857421875
  ME_LARGE: 183610
  ME_LATENCY: 99.593232618570866
  ME_THREADED: 536440.744140625
  SUMM_CPU: 51579.98896630016
  SUMM_ME: 2313.0542404202015
SystemInformation:
  OSName: Ubuntu 24.04.4 LTS
  Kernel: 6.8.0-124-generic
  Device: ""
  Processor: AMD EPYC-Milan Processor
  NumSockets: 2
  Manufacturer: AuthenticAMD
  NumCores: 12
  NumLogicals: 24
  CPUFrequency: 0
  CPUMaxFrequency: 0
  Memory: 193219
  CPUInfo:
    number: 2
    Family: 15
    Model: 1
    stepping: 1
    features: 395049983
    manufacture: AuthenticAMD
    typestring: AMD EPYC-Milan Processor
    iCoresPerPackage: 6
    iThreadsPerPackage: 2
    featuresEx:
      - 395049983
      - 4277809667
      - 802421759
    bHybrid: false
    nPCore: 0
    nLogicalsPerPCore: 0
    nECore: 0
    nLogicalsPerECore: 0
  MemModuleInfo:
    iNumMemSticks: 12
    DIMM 1:
      manufacturer: QEMU
      modulePartNo: Not Specified
      memType: RAM
      size: 16
      clkspeed: 0
      moduleVoltage: 0
    DIMM 2:
      manufacturer: QEMU
      modulePartNo: Not Specified
      memType: RAM
      size: 16
      clkspeed: 0
      moduleVoltage: 0
    DIMM 3:
      manufacturer: QEMU
      modulePartNo: Not Specified
      memType: RAM
      size: 16
      clkspeed: 0
      moduleVoltage: 0
    DIMM 4:
      manufacturer: QEMU
      modulePartNo: Not Specified
      memType: RAM
      size: 16
      clkspeed: 0
      moduleVoltage: 0
    DIMM 5:
      manufacturer: QEMU
      modulePartNo: Not Specified
      memType: RAM
      size: 16
      clkspeed: 0
      moduleVoltage: 0
    DIMM 6:
      manufacturer: QEMU
      modulePartNo: Not Specified
      memType: RAM
      size: 16
      clkspeed: 0
      moduleVoltage: 0
    DIMM 7:
      manufacturer: QEMU
      modulePartNo: Not Specified
      memType: RAM
      size: 16
      clkspeed: 0
      moduleVoltage: 0
    DIMM 8:
      manufacturer: QEMU
      modulePartNo: Not Specified
      memType: RAM
      size: 16
      clkspeed: 0
      moduleVoltage: 0
    DIMM 9:
      manufacturer: QEMU
      modulePartNo: Not Specified
      memType: RAM
      size: 16
      clkspeed: 0
      moduleVoltage: 0
    DIMM 10:
      manufacturer: QEMU
      modulePartNo: Not Specified
      memType: RAM
      size: 16
      clkspeed: 0
      moduleVoltage: 0
    DIMM 11:
      manufacturer: QEMU
      modulePartNo: Not Specified
      memType: RAM
      size: 16
      clkspeed: 0
      moduleVoltage: 0
    DIMM 12:
      manufacturer: QEMU
      modulePartNo: Not Specified
      memType: RAM
      size: 16
      clkspeed: 0
      moduleVoltage: 0
Checksum: E15C049CD9DBF1DA9703067EA7197678A65D8595