BaselineInfo:
  WebDBID: -1
  TimeStamp: 20241108092205
Version:
  Major: 11
  Minor: 0
  Build: 1002
  SpecialBuildName: ""
  ptArchitecture: x86_64_linux
Results:
  Results Complete: true
  NumTestProcesses: 16
  CPU_INTEGER_MATH: 53860.599999999999
  CPU_FLOATINGPOINT_MATH: 32116.766904254913
  CPU_PRIME: 85.024686670970638
  CPU_SORTING: 32991.327604660786
  CPU_ENCRYPTION: 17000.388960558746
  CPU_COMPRESSION: 239631.77187863574
  CPU_SINGLETHREAD: 2135.339745220429
  CPU_PHYSICS: 1802.1284823809756
  CPU_MATRIX_MULT_SSE: 14773.379177321996
  CPU_mm: 1614.6857024716803
  CPU_sse: 6672.4361477979901
  CPU_fma: 21612.598971404426
  CPU_avx: 16035.102412763566
  CPU_avx512: 0
  m_CPU_enc_SHA: 24070005611.411701
  m_CPU_enc_AES: 16504746224.415466
  m_CPU_enc_ECDSA: 12903847728.293375
  ME_ALLOC_S: 5625.900422037028
  ME_READ_S: 24691.909570312499
  ME_READ_L: 12885.654296875
  ME_WRITE: 13572.306640625
  ME_LARGE: 50795.333333333336
  ME_LATENCY: 50.427318156407374
  ME_THREADED: 36813.4521484375
  SUMM_CPU: 19576.68245450842
  SUMM_ME: 2686.5906202899182
SystemInformation:
  OSName: Ubuntu 24.04.1 LTS
  Kernel: 6.8.0-1016-aws
  Device: ""
  Processor: AMD EPYC 7R32
  NumSockets: 1
  Manufacturer: AuthenticAMD
  NumCores: 8
  NumLogicals: 16
  CPUFrequency: 0
  Memory: 63293
  MemModuleInfo:
    iNumMemSticks: 1
    DIMM 1:
      manufacturer: Not Specified
      modulePartNo: Not Specified
      memType: DDR4
      size: 64
      clkspeed: 1466
      moduleVoltage: 0
Checksum: A1A403F8E763382C47E1C7366A585C992105D484