---
system-info:
      stress-ng-version: 0.17.08
      run-by: root
      date-yyyy-mm-dd: 2024:06:09
      time-hh-mm-ss: 13:01:21
      epoch-secs: 1717938081
      hostname: 10ac7732063a
      sysname: Linux
      nodename: 10ac7732063a
      release: 6.8.0-1008-aws
      version: '#8-Ubuntu SMP Sat Apr 20 00:46:25 UTC 2024'
      machine: x86_64
      compiler: 'musl-gcc 13.2.1'
      uptime: 168
      totalram: 133976682496
      freeram: 129416642560
      sharedram: 11673600
      bufferram: 108171264
      totalswap: 0
      freeswap: 0
      pagesize: 4096
      cpus: 16
      cpus-online: 16
      ticks-per-second: 100

metrics:
    - stressor: cpu
      bogo-ops: 9890
      bogo-ops-per-second-usr-sys-time: 988.944916
      bogo-ops-per-second-real-time: 988.887585
      wall-clock-time: 10.001137
      user-time: 9.998558
      system-time: 0.001999
      cpu-usage-per-instance: 99.994203
      max-rss: 4048

...
