---
system-info:
      stress-ng-version: 0.17.08
      run-by: root
      date-yyyy-mm-dd: 2024:06:15
      time-hh-mm-ss: 15:22:04
      epoch-secs: 1718464924
      hostname: 1f1408138619
      sysname: Linux
      nodename: 1f1408138619
      release: 6.8.0-1008-aws
      version: '#8-Ubuntu SMP Sat Apr 20 00:46:25 UTC 2024'
      machine: x86_64
      compiler: 'musl-gcc 13.2.1'
      uptime: 203
      totalram: 133976678400
      freeram: 129519009792
      sharedram: 11673600
      bufferram: 110329856
      totalswap: 0
      freeswap: 0
      pagesize: 4096
      cpus: 16
      cpus-online: 16
      ticks-per-second: 100

metrics:
    - stressor: cpu
      bogo-ops: 11823
      bogo-ops-per-second-usr-sys-time: 591.069526
      bogo-ops-per-second-real-time: 591.148569
      wall-clock-time: 20.000048
      user-time: 20.002723
      system-time: 0.000000
      cpu-usage-per-instance: 100.013373
      max-rss: 1104

...
