BaselineInfo:
  WebDBID: -1
  TimeStamp: 20241108091918
Version:
  Major: 11
  Minor: 0
  Build: 1002
  SpecialBuildName: ""
  ptArchitecture: x86_64_linux
Results:
  Results Complete: true
  NumTestProcesses: 4
  CPU_INTEGER_MATH: 14394.208666666667
  CPU_FLOATINGPOINT_MATH: 7501.9754389818245
  CPU_PRIME: 32.922715075945476
  CPU_SORTING: 7932.5244857629077
  CPU_ENCRYPTION: 1843.2839087589064
  CPU_COMPRESSION: 56738.920705728298
  CPU_SINGLETHREAD: 1979.8258526566181
  CPU_PHYSICS: 639.36532628985299
  CPU_MATRIX_MULT_SSE: 2140.6149371766187
  CPU_mm: 367.81963250448501
  CPU_sse: 1498.2031709447115
  CPU_fma: 0
  CPU_avx: 2783.0267034085255
  CPU_avx512: 0
  m_CPU_enc_SHA: 576247062.57749319
  m_CPU_enc_AES: 4714278423.8948479
  m_CPU_enc_ECDSA: 507944317.2599951
  ME_ALLOC_S: 1651.6048474931467
  ME_READ_S: 20582.881640625001
  ME_READ_L: 9179.5458984375
  ME_WRITE: 8466.4580078125
  ME_LARGE: 20597
  ME_LATENCY: 75.834237216874627
  ME_THREADED: 25626.2353515625
  SUMM_CPU: 4485.267032910443
  SUMM_ME: 1792.9706180477708
SystemInformation:
  OSName: Ubuntu 24.04.1 LTS
  Kernel: 6.8.0-1016-aws
  Device: ""
  Processor: Intel Xeon CPU E5-2670 v2 @ 2.50GHz
  NumSockets: 1
  Manufacturer: GenuineIntel
  NumCores: 2
  NumLogicals: 4
  CPUFrequency: 0
  Memory: 30598
  MemModuleInfo:
    iNumMemSticks: 2
    DIMM 1:
      manufacturer: Not Specified
      modulePartNo: Not Specified
      memType: RAM
      size: 16
      clkspeed: 0
      moduleVoltage: 0
    DIMM 2:
      manufacturer: Not Specified
      modulePartNo: Not Specified
      memType: RAM
      size: 14866
      clkspeed: 0
      moduleVoltage: 0
Checksum: 84E9D89D166E53E2638BAD65AE4E0AC54CBC3F14