BaselineInfo:
  WebDBID: -1
  TimeStamp: 20260620191237
Version:
  Major: 11
  Minor: 0
  Build: 1004
  SpecialBuildName: ""
  ptArchitecture: x86_64_linux
Results:
  Results Complete: true
  NumTestProcesses: 8
  CPU_INTEGER_MATH: 61106.552333333333
  CPU_FLOATINGPOINT_MATH: 61055.160390625024
  CPU_PRIME: 207.17564609915806
  CPU_SORTING: 33582.942480540587
  CPU_ENCRYPTION: 12512.864118201252
  CPU_COMPRESSION: 249393.29086289235
  CPU_SINGLETHREAD: 3800.6285564521654
  CPU_PHYSICS: 2871.1277788029151
  CPU_MATRIX_MULT_SSE: 22441.354353080435
  CPU_mm: 2678.9942890126645
  CPU_sse: 8180.7228906333148
  CPU_fma: 31392.949024897589
  CPU_avx: 16526.152775154555
  CPU_avx512: 33665.592721636291
  m_CPU_enc_SHA: 17659406215.743923
  m_CPU_enc_AES: 11047487798.101805
  m_CPU_enc_ECDSA: 10655173002.97526
  ME_ALLOC_S: 9987.8192995306308
  ME_READ_S: 34008.306250000001
  ME_READ_L: 30926.908203125
  ME_WRITE: 30558.978515625
  ME_LARGE: 249175
  ME_LATENCY: 81.387300494536177
  ME_THREADED: 52098.5830078125
  SUMM_CPU: 24745.280417955702
  SUMM_ME: 2730.8898730900369
SystemInformation:
  OSName: Ubuntu 24.04.4 LTS
  Kernel: 6.17.0-1018-azure
  Device: ""
  Processor: "AMD EPYC 9V45 96-Core Processor                "
  NumSockets: 1
  Manufacturer: AuthenticAMD
  NumCores: 8
  NumLogicals: 8
  CPUFrequency: 0
  CPUMaxFrequency: 0
  Memory: 257740
  CPUInfo:
    number: 1
    Family: 15
    Model: 2
    stepping: 1
    features: 395049983
    manufacture: AuthenticAMD
    typestring: "AMD EPYC 9V45 96-Core Processor                "
    iCoresPerPackage: 8
    iThreadsPerPackage: 1
    featuresEx:
      - 395049983
      - 4277809667
      - 802421759
    bHybrid: false
    nPCore: 0
    nLogicalsPerPCore: 0
    nECore: 0
    nLogicalsPerECore: 0
  MemModuleInfo:
    iNumMemSticks: 3
    DIMM 1:
      manufacturer: Microsoft Corporation
      modulePartNo: None
      memType: Unknown
      size: 1
      clkspeed: 0
      moduleVoltage: 0
    DIMM 2:
      manufacturer: Microsoft Corporation
      modulePartNo: None
      memType: Unknown
      size: 59
      clkspeed: 0
      moduleVoltage: 0
    DIMM 3:
      manufacturer: Microsoft Corporation
      modulePartNo: None
      memType: Unknown
      size: 196
      clkspeed: 0
      moduleVoltage: 0
Checksum: FB428781180AB5C327916D72462416559830C339