---
system-info:
      stress-ng-version: 0.17.08
      run-by: root
      date-yyyy-mm-dd: 2024:06:13
      time-hh-mm-ss: 23:20:23
      epoch-secs: 1718320823
      hostname: 5bb42b068294
      sysname: Linux
      nodename: 5bb42b068294
      release: 6.8.0-1008-aws
      version: '#8-Ubuntu SMP Sat Apr 20 02:43:14 UTC 2024'
      machine: aarch64
      compiler: 'musl-gcc 13.2.1'
      uptime: 126
      totalram: 8140918784
      freeram: 3898515456
      sharedram: 35012608
      bufferram: 106029056
      totalswap: 0
      freeswap: 0
      pagesize: 4096
      cpus: 4
      cpus-online: 4
      ticks-per-second: 100

metrics:
    - stressor: cpu
      bogo-ops: 121035
      bogo-ops-per-second-usr-sys-time: 1519.091110
      bogo-ops-per-second-real-time: 6051.730954
      wall-clock-time: 20.000063
      user-time: 79.663941
      system-time: 0.011991
      cpu-usage-per-instance: 99.594602
      max-rss: 1192

...
