---
system-info:
      stress-ng-version: 0.17.08
      run-by: root
      date-yyyy-mm-dd: 2024:06:06
      time-hh-mm-ss: 09:23:37
      epoch-secs: 1717665817
      hostname: 779a1aaf3cdf
      sysname: Linux
      nodename: 779a1aaf3cdf
      release: 6.8.0-1008-aws
      version: '#8-Ubuntu SMP Sat Apr 20 02:43:14 UTC 2024'
      machine: aarch64
      compiler: 'musl-gcc 13.2.1'
      uptime: 106
      totalram: 8140918784
      freeram: 4084727808
      sharedram: 35012608
      bufferram: 80990208
      totalswap: 0
      freeswap: 0
      pagesize: 4096
      cpus: 4
      cpus-online: 4
      ticks-per-second: 100

metrics:
    - stressor: cpu
      bogo-ops: 11739
      bogo-ops-per-second-usr-sys-time: 293.453857
      bogo-ops-per-second-real-time: 1167.564189
      wall-clock-time: 10.054265
      user-time: 39.993891
      system-time: 0.008991
      cpu-usage-per-instance: 99.467443
      max-rss: 4136

...
