BaselineInfo:
  WebDBID: -1
  TimeStamp: 20250103155233
Version:
  Major: 11
  Minor: 0
  Build: 1002
  SpecialBuildName: ""
  ptArchitecture: x86_64_linux
Results:
  Results Complete: true
  NumTestProcesses: 48
  CPU_INTEGER_MATH: 228092.80133333334
  CPU_FLOATINGPOINT_MATH: 127555.9737635429
  CPU_PRIME: 360.2694147627696
  CPU_SORTING: 134614.84111152685
  CPU_ENCRYPTION: 57860.616415206794
  CPU_COMPRESSION: 925469.04543972923
  CPU_SINGLETHREAD: 2904.2329729116714
  CPU_PHYSICS: 6643.5796744248928
  CPU_MATRIX_MULT_SSE: 65958.057440821707
  CPU_mm: 6108.1432991822903
  CPU_sse: 26783.902548666745
  CPU_fma: 84371.404865609045
  CPU_avx: 69486.836445389214
  CPU_avx512: 83190.085903621803
  m_CPU_enc_SHA: 80966968521.970367
  m_CPU_enc_AES: 54959005469.342209
  m_CPU_enc_ECDSA: 46087787163.263153
  ME_ALLOC_S: 22365.810773725294
  ME_READ_S: 27883.616796875001
  ME_READ_L: 27558.587890625
  ME_WRITE: 26837.951171875
  ME_LARGE: 84437.25
  ME_LATENCY: 76.077480504485195
  ME_THREADED: 128810.6533203125
  SUMM_CPU: 62971.774180748158
  SUMM_ME: 2821.8003114263488
SystemInformation:
  OSName: Ubuntu 24.04.1 LTS
  Kernel: 6.8.0-1017-azure
  Device: ""
  Processor: AMD EPYC 9V74 80-Core Processor
  NumSockets: 1
  Manufacturer: AuthenticAMD
  NumCores: 24
  NumLogicals: 48
  CPUFrequency: 0
  Memory: 96540
  MemModuleInfo:
    iNumMemSticks: 3
    DIMM 1:
      manufacturer: Microsoft Corporation
      modulePartNo: None
      memType: Unknown
      size: 1
      clkspeed: 0
      moduleVoltage: 0
    DIMM 2:
      manufacturer: Microsoft Corporation
      modulePartNo: None
      memType: Unknown
      size: 59
      clkspeed: 0
      moduleVoltage: 0
    DIMM 3:
      manufacturer: Microsoft Corporation
      modulePartNo: None
      memType: Unknown
      size: 36
      clkspeed: 0
      moduleVoltage: 0
Checksum: 722B7B92AA60BD5330DC9099AB5C5ABAEAF23950