BaselineInfo:
  WebDBID: -1
  TimeStamp: 20260405072637
Version:
  Major: 11
  Minor: 0
  Build: 1004
  SpecialBuildName: ""
  ptArchitecture: x86_64_linux
Results:
  Results Complete: true
  NumTestProcesses: 32
  CPU_INTEGER_MATH: 78197.151666666687
  CPU_FLOATINGPOINT_MATH: 42000.607260287536
  CPU_PRIME: 135.76605591224927
  CPU_SORTING: 46923.342914993991
  CPU_ENCRYPTION: 10851.978895504566
  CPU_COMPRESSION: 361927.64503098169
  CPU_SINGLETHREAD: 1686.4883900558277
  CPU_PHYSICS: 2434.5050118845738
  CPU_MATRIX_MULT_SSE: 23802.960567672519
  CPU_mm: 2380.7516982848447
  CPU_sse: 8574.741448086148
  CPU_fma: 29014.11390351416
  CPU_avx: 20522.964963517046
  CPU_avx512: 37100.021955572731
  m_CPU_enc_SHA: 3538919209.2859755
  m_CPU_enc_AES: 27391297282.470306
  m_CPU_enc_ECDSA: 3207157375.2415104
  ME_ALLOC_S: 8537.5391112782472
  ME_READ_S: 19540.268945312499
  ME_READ_L: 6147.7412109375
  ME_WRITE: 6747.7998046875
  ME_LARGE: 114109.41666666667
  ME_LATENCY: 78.841883237419111
  ME_THREADED: 117329.5478515625
  SUMM_CPU: 23344.341994834191
  SUMM_ME: 1798.3645234698906
SystemInformation:
  OSName: Ubuntu 24.04.4 LTS
  Kernel: 6.8.0-106-generic
  Device: ""
  Processor: Intel(R) Xeon(R) Platinum 8163 CPU @ 2.50GHz
  NumSockets: 1
  Manufacturer: GenuineIntel
  NumCores: 16
  NumLogicals: 32
  CPUFrequency: 2500
  CPUMaxFrequency: 3100
  Memory: 128294
  CPUInfo:
    number: 1
    Family: 6
    Model: 5
    stepping: 4
    features: 529267711
    manufacture: GenuineIntel
    typestring: Intel(R) Xeon(R) Platinum 8163 CPU @ 2.50GHz
    iCoresPerPackage: 16
    iThreadsPerPackage: 2
    featuresEx:
      - 529267711
      - 4294586883
      - 739248128
    bHybrid: false
    nPCore: 0
    nLogicalsPerPCore: 0
    nECore: 0
    nLogicalsPerECore: 0
  MemModuleInfo:
    iNumMemSticks: 8
    DIMM 1:
      manufacturer: Alibaba Cloud
      modulePartNo: Not Specified
      memType: RAM
      size: 16
      clkspeed: 0
      moduleVoltage: 0
    DIMM 2:
      manufacturer: Alibaba Cloud
      modulePartNo: Not Specified
      memType: RAM
      size: 16
      clkspeed: 0
      moduleVoltage: 0
    DIMM 3:
      manufacturer: Alibaba Cloud
      modulePartNo: Not Specified
      memType: RAM
      size: 16
      clkspeed: 0
      moduleVoltage: 0
    DIMM 4:
      manufacturer: Alibaba Cloud
      modulePartNo: Not Specified
      memType: RAM
      size: 16
      clkspeed: 0
      moduleVoltage: 0
    DIMM 5:
      manufacturer: Alibaba Cloud
      modulePartNo: Not Specified
      memType: RAM
      size: 16
      clkspeed: 0
      moduleVoltage: 0
    DIMM 6:
      manufacturer: Alibaba Cloud
      modulePartNo: Not Specified
      memType: RAM
      size: 16
      clkspeed: 0
      moduleVoltage: 0
    DIMM 7:
      manufacturer: Alibaba Cloud
      modulePartNo: Not Specified
      memType: RAM
      size: 16
      clkspeed: 0
      moduleVoltage: 0
    DIMM 8:
      manufacturer: Alibaba Cloud
      modulePartNo: Not Specified
      memType: RAM
      size: 16
      clkspeed: 0
      moduleVoltage: 0
Checksum: 6560C2CB0A3988BC91734F5C6C83744BD3D59750