"size","threads","connections","rps","latency","failed","server_usr","server_sys","client_usr","client_sys"
"1k",32,32,658642,0.000047010,0,64.74,117.81,25.14,115.10
"1k",32,64,631056,0.000133750,0,60.12,108.92,19.65,102.84
"1k",32,128,702494,0.000173430,0,67.43,118.23,20.55,107.67
"1k",32,256,757654,0.000509280,0,70.09,126.16,21.80,104.39
"1k",32,512,777363,0.000810330,0,70.94,130.03,19.64,101.82
"1k",32,1024,778308,0.001390000,0,70.84,132.26,18.38,100.51
"1k",64,64,650609,0.000097840,0,59.91,121.77,25.09,113.91
"1k",64,128,686075,0.000251500,0,64.03,122.03,21.39,110.38
"1k",64,256,687962,0.000459070,0,63.86,125.12,22.28,112.30
"1k",64,512,695164,0.000827870,0,64.24,127.35,21.27,111.51
"1k",64,1024,678725,0.001560000,0,62.99,128.44,22.18,110.96
"1k",128,128,675904,0.000238080,0,62.47,119.51,23.15,115.33
"1k",128,256,665589,0.000487780,0,62.11,125.17,21.51,114.69
"1k",128,512,649659,0.000870000,0,59.92,124.75,23.48,115.90
"1k",128,1024,635350,0.001660000,0,59.52,126.41,23.09,116.02
"16k",32,32,555374,0.000056140,0,61.04,112.04,24.03,118.06
"16k",32,64,507435,0.000146370,0,55.79,105.53,17.98,103.14
"16k",32,128,576818,0.000209420,0,63.61,119.55,18.65,110.76
"16k",32,256,613162,0.000500350,0,67.50,126.58,17.45,108.92
"16k",32,512,612088,0.000970000,0,67.06,128.99,17.84,108.18
"16k",32,1024,597190,0.001720000,0,66.71,131.84,16.55,108.25
"16k",64,64,566331,0.000112680,0,60.82,116.96,24.71,119.77
"16k",64,128,554703,0.000269170,0,60.39,119.61,21.94,117.47
"16k",64,256,563027,0.000534180,0,60.79,124.32,21.04,117.41
"16k",64,512,550798,0.001020000,0,59.95,126.20,21.50,116.48
"16k",64,1024,542456,0.001950000,0,61.81,129.61,19.14,114.31
"16k",128,128,552118,0.000276940,0,59.97,119.92,21.94,120.99
"16k",128,256,542333,0.000559740,0,58.88,123.96,21.45,120.21
"16k",128,512,534560,0.001040000,0,58.53,126.13,20.97,118.81
"16k",128,1024,509157,0.002030000,0,58.31,127.71,21.00,117.99
"64k",32,32,351739,0.000089240,0,47.88,117.81,19.84,129.98
"64k",32,64,311505,0.000258010,0,46.89,109.19,15.52,107.47
"64k",32,128,349652,0.000336850,0,52.43,121.00,19.03,118.82
"64k",32,256,360057,0.000691310,0,53.41,130.12,15.90,120.46
"64k",32,512,355893,0.001470000,0,52.31,134.53,15.72,118.58
"64k",32,1024,333383,0.002790000,0,50.34,134.30,16.77,120.88
"64k",64,64,353943,0.000179790,0,49.04,124.44,19.21,129.70
"64k",64,128,351617,0.000385530,0,51.55,124.76,19.52,125.82
"64k",64,256,345384,0.000797340,0,51.07,129.09,18.58,125.18
"64k",64,512,332725,0.001600000,0,50.68,132.55,18.08,123.11
"64k",64,1024,322775,0.003220000,0,49.60,134.93,19.26,121.60
"64k",128,128,350147,0.000393190,0,51.59,123.12,19.13,129.19
"64k",128,256,331161,0.000840080,0,49.95,127.80,19.96,126.80
"64k",128,512,317539,0.001650000,0,49.11,129.82,20.06,125.54
"64k",128,1024,310770,0.003290000,0,48.94,133.15,19.80,123.81
"256k",32,32,146494,0.000216150,0,47.03,137.51,16.07,114.55
"256k",32,64,145772,0.000429330,0,43.00,149.20,14.89,109.30
"256k",32,128,135960,0.000900000,0,39.80,157.19,13.52,109.06
"256k",32,256,124156,0.001960000,0,36.03,164.42,12.67,108.09
"256k",32,512,120759,0.003860000,0,34.48,165.78,10.79,111.63
"256k",64,64,145696,0.000438130,0,39.07,152.56,15.74,116.06
"256k",64,128,137781,0.000930000,0,39.68,156.81,14.49,112.43
"256k",64,256,132338,0.001940000,0,37.94,161.41,13.92,110.66
"256k",64,512,127658,0.004010000,0,36.72,163.16,13.84,110.59
"256k",128,128,136883,0.000940000,0,39.53,154.96,15.60,114.57
"256k",128,256,132792,0.001940000,0,38.28,157.98,15.06,113.15
"256k",128,512,131824,0.003910000,0,37.90,161.04,14.74,111.89
"512k",32,32,83672,0.000379720,0,37.82,157.88,14.17,111.82
"512k",32,64,78285,0.000793480,0,36.40,165.72,12.80,103.56
"512k",32,128,70551,0.001720000,0,33.56,170.88,11.47,105.03
"512k",32,256,65193,0.003660000,0,32.65,174.07,9.63,106.38
"512k",32,512,62920,0.007580000,0,33.08,171.66,9.29,108.81
"512k",64,64,75886,0.000840580,0,40.50,164.73,12.85,105.26
"512k",64,128,74638,0.001690000,0,34.07,170.93,12.28,106.26
"512k",64,256,72352,0.003490000,0,34.22,172.03,11.94,106.06
"512k",64,512,71043,0.007130000,0,34.39,171.23,11.73,106.57
"512k",128,128,72398,0.001760000,0,40.85,172.32,12.80,98.64
"512k",128,256,75392,0.003380000,0,33.48,171.68,13.27,106.05
"512k",128,512,74497,0.006870000,0,33.86,170.88,13.30,107.81
