BaselineInfo:
  WebDBID: -1
  TimeStamp: 20250526193258
Version:
  Major: 11
  Minor: 0
  Build: 1002
  SpecialBuildName: ""
  ptArchitecture: x86_64_linux
Results:
  Results Complete: true
  NumTestProcesses: 8
  CPU_INTEGER_MATH: 42565.683333333334
  CPU_FLOATINGPOINT_MATH: 30177.282945519208
  CPU_PRIME: 86.563886306682164
  CPU_SORTING: 21441.397506474041
  CPU_ENCRYPTION: 9403.3303453761037
  CPU_COMPRESSION: 155460.70771628647
  CPU_SINGLETHREAD: 3253.2074517130231
  CPU_PHYSICS: 2045.3997303008059
  CPU_MATRIX_MULT_SSE: 12429.93870707422
  CPU_mm: 1203.668337506834
  CPU_sse: 5215.522402016758
  CPU_fma: 13986.083973591503
  CPU_avx: 10701.964930983035
  CPU_avx512: 19816.183521705581
  m_CPU_enc_SHA: 9907622164.3128071
  m_CPU_enc_AES: 12901772902.676891
  m_CPU_enc_ECDSA: 6770924493.7095804
  ME_ALLOC_S: 5628.5945244610948
  ME_READ_S: 28945.3310546875
  ME_READ_L: 10280.6328125
  ME_WRITE: 9566.130859375
  ME_LARGE: 159385.91666666666
  ME_LATENCY: 57.002866844954376
  ME_THREADED: 61546.5205078125
  SUMM_CPU: 15813.587771718068
  SUMM_ME: 2525.3026086426676
SystemInformation:
  OSName: Ubuntu 24.04.2 LTS
  Kernel: 6.11.0-1015-azure
  Device: ""
  Processor: INTEL XEON PLATINUM 8573C
  NumSockets: 1
  Manufacturer: GenuineIntel
  NumCores: 4
  NumLogicals: 8
  CPUFrequency: 2300
  Memory: 169040
  MemModuleInfo:
    iNumMemSticks: 3
    DIMM 1:
      manufacturer: Microsoft Corporation
      modulePartNo: None
      memType: Unknown
      size: 1
      clkspeed: 0
      moduleVoltage: 0
    DIMM 2:
      manufacturer: Microsoft Corporation
      modulePartNo: None
      memType: Unknown
      size: 59
      clkspeed: 0
      moduleVoltage: 0
    DIMM 3:
      manufacturer: Microsoft Corporation
      modulePartNo: None
      memType: Unknown
      size: 108
      clkspeed: 0
      moduleVoltage: 0
Checksum: EFEDF064AAC1F91229EBBAE60CA2B9A102145EAF