"size","threads","connections","rps","latency","failed","server_usr","server_sys","client_usr","client_sys"
"1k",4,4,161877,0.000025670,0,7.04,14.52,2.99,15.63
"1k",4,8,152589,0.000241480,0,5.82,14.63,2.56,15.65
"1k",4,16,173662,0.000097870,0,6.38,14.32,2.76,15.06
"1k",4,32,190972,0.000271830,0,6.23,14.34,2.76,15.07
"1k",4,64,202737,0.000446130,0,6.22,14.74,2.66,15.62
"1k",4,128,209094,0.000737610,0,6.25,14.82,2.75,15.72
"1k",8,8,146103,0.000061140,0,5.59,14.53,2.63,16.44
"1k",8,16,167196,0.000112760,0,5.63,14.74,2.90,16.67
"1k",8,32,174497,0.000258730,0,5.43,14.94,3.07,16.71
"1k",8,64,182844,0.000542010,0,5.60,14.62,2.98,16.68
"1k",8,128,192641,0.000817440,0,5.86,14.52,3.01,16.50
"1k",16,16,161213,0.000118270,0,5.42,14.61,3.00,16.97
"1k",16,32,162634,0.000294260,0,5.04,14.73,3.05,17.29
"1k",16,64,168754,0.000523440,0,5.08,14.82,2.98,17.32
"1k",16,128,177368,0.000850000,0,5.47,14.51,2.96,17.11
"16k",4,4,142762,0.000029040,0,6.86,13.57,3.23,16.37
"16k",4,8,125785,0.000246520,0,5.42,14.78,2.60,15.70
"16k",4,16,132379,0.000123550,0,6.10,14.33,2.61,15.46
"16k",4,32,144786,0.000341960,0,5.77,14.44,2.63,15.45
"16k",4,64,148587,0.000560880,0,5.69,14.91,2.55,15.69
"16k",4,128,147863,0.000870000,0,5.91,15.12,2.48,15.91
"16k",8,8,127945,0.000066670,0,5.64,14.47,2.84,16.76
"16k",8,16,135659,0.000130090,0,5.45,14.71,2.99,16.91
"16k",8,32,139537,0.000291710,0,5.28,15.07,2.80,16.94
"16k",8,64,138996,0.000621750,0,5.22,14.79,2.85,17.02
"16k",8,128,142289,0.001020000,0,5.44,14.96,2.86,16.64
"16k",16,16,127248,0.000147040,0,5.03,14.60,3.12,17.36
"16k",16,32,129036,0.000365150,0,4.81,14.67,2.93,17.30
"16k",16,64,130344,0.000646200,0,4.87,14.83,2.84,17.31
"16k",16,128,130957,0.001080000,0,5.22,14.55,2.89,17.24
"64k",4,4,84421,0.000048410,0,5.03,14.86,3.18,16.86
"64k",4,8,70759,0.000142570,0,5.13,15.42,2.46,16.33
"64k",4,16,68517,0.000231600,0,4.94,15.65,2.26,15.58
"64k",4,32,72707,0.000430280,0,4.97,16.44,2.25,15.78
"64k",4,64,73748,0.000818930,0,5.21,16.51,2.23,15.48
"64k",4,128,71405,0.001650000,0,5.19,16.90,2.17,15.59
"64k",8,8,74559,0.000111740,0,4.82,15.38,2.80,17.07
"64k",8,16,71827,0.000230490,0,4.63,15.99,2.53,16.98
"64k",8,32,71206,0.000566320,0,4.53,16.39,2.40,16.46
"64k",8,64,70139,0.001010000,0,4.64,16.44,2.34,16.46
"64k",8,128,68390,0.001860000,0,4.81,16.80,2.38,15.97
"64k",16,16,71469,0.000240190,0,4.56,15.65,2.90,16.98
"64k",16,32,67539,0.000580400,0,4.29,16.14,2.56,16.99
"64k",16,64,66049,0.001050000,0,4.49,16.06,2.59,16.73
"64k",16,128,65612,0.001960000,0,4.74,16.30,2.54,16.36
"256k",4,4,30672,0.000153190,0,5.71,15.97,2.81,15.49
"256k",4,8,25630,0.000346690,0,5.85,16.89,2.41,14.26
"256k",4,16,25570,0.000606720,0,5.52,17.77,1.97,13.99
"256k",4,32,25680,0.001220000,0,5.24,18.48,2.04,14.11
"256k",4,64,23120,0.002570000,0,6.50,18.09,1.81,13.62
"256k",8,8,28309,0.000295430,0,6.04,16.77,2.63,14.73
"256k",8,16,25227,0.000700040,0,5.12,17.57,2.16,14.97
"256k",8,32,23961,0.001360000,0,4.91,18.15,2.06,14.74
"256k",8,64,23006,0.002730000,0,6.20,17.82,1.97,13.94
"256k",16,16,26283,0.000626950,0,5.44,17.22,2.46,15.03
"256k",16,32,23768,0.001390000,0,5.13,17.67,2.19,14.87
"256k",16,64,22711,0.002810000,0,6.44,17.29,2.06,14.13
"512k",4,4,15092,0.000265400,0,5.84,18.14,2.46,13.72
"512k",4,8,13670,0.000570050,0,6.09,17.87,2.07,13.63
"512k",4,16,13419,0.001170000,0,5.77,18.45,1.94,13.66
"512k",4,32,12152,0.002470000,0,6.81,18.40,1.83,12.96
"512k",4,64,10628,0.005730000,0,9.56,16.98,1.55,12.02
"512k",8,8,14283,0.000562110,0,6.12,17.79,2.37,13.90
"512k",8,16,12958,0.001260000,0,5.54,18.26,2.08,13.98
"512k",8,32,12245,0.002580000,0,6.50,18.24,1.94,13.23
"512k",8,64,10798,0.005840000,0,9.37,16.80,1.71,12.10
"512k",16,16,13110,0.001250000,0,5.66,17.93,2.18,14.09
"512k",16,32,12144,0.002630000,0,6.59,17.83,1.95,13.54
"512k",16,64,10768,0.005910000,0,9.38,16.51,1.78,12.27
