BaselineInfo:
  WebDBID: -1
  TimeStamp: 20260407092121
Version:
  Major: 11
  Minor: 0
  Build: 1004
  SpecialBuildName: ""
  ptArchitecture: x86_64_linux
Results:
  Results Complete: true
  NumTestProcesses: 24
  CPU_INTEGER_MATH: 101072.71266666666
  CPU_FLOATINGPOINT_MATH: 51686.146947394293
  CPU_PRIME: 159.9184326227298
  CPU_SORTING: 51486.497227050531
  CPU_ENCRYPTION: 21932.509109515111
  CPU_COMPRESSION: 368063.90734510688
  CPU_SINGLETHREAD: 2368.6904128129486
  CPU_PHYSICS: 2841.2992662927581
  CPU_MATRIX_MULT_SSE: 21234.09049586453
  CPU_mm: 2177.9488788361377
  CPU_sse: 9593.6149292560131
  CPU_fma: 26252.792631192438
  CPU_avx: 19446.82516430497
  CPU_avx512: 29643.129258704699
  m_CPU_enc_SHA: 22159021013.784458
  m_CPU_enc_AES: 33334225369.979279
  m_CPU_enc_ECDSA: 13500461632.293005
  ME_ALLOC_S: 11594.485691923679
  ME_READ_S: 24252.191992187501
  ME_READ_L: 11968.888671875
  ME_WRITE: 11012.7236328125
  ME_LARGE: 32783.833333333336
  ME_LATENCY: 52.402636124790064
  ME_THREADED: 98016.142333984375
  SUMM_CPU: 29354.857414906106
  SUMM_ME: 2687.7198281628434
SystemInformation:
  OSName: Ubuntu 24.04.4 LTS
  Kernel: 6.8.0-106-generic
  Device: ""
  Processor: Intel(R) Xeon(R) Platinum 8369B CPU @ 2.70GHz
  NumSockets: 1
  Manufacturer: GenuineIntel
  NumCores: 12
  NumLogicals: 24
  CPUFrequency: 0
  CPUMaxFrequency: 0
  Memory: 46239
  CPUInfo:
    number: 1
    Family: 6
    Model: 10
    stepping: 6
    features: 529267711
    manufacture: GenuineIntel
    typestring: Intel(R) Xeon(R) Platinum 8369B CPU @ 2.70GHz
    iCoresPerPackage: 12
    iThreadsPerPackage: 2
    featuresEx:
      - 529267711
      - 4277809667
      - 739248128
    bHybrid: false
    nPCore: 0
    nLogicalsPerPCore: 0
    nECore: 0
    nLogicalsPerECore: 0
  MemModuleInfo:
    iNumMemSticks: 3
    DIMM 1:
      manufacturer: Alibaba Cloud
      modulePartNo: Not Specified
      memType: RAM
      size: 16
      clkspeed: 0
      moduleVoltage: 0
    DIMM 2:
      manufacturer: Alibaba Cloud
      modulePartNo: Not Specified
      memType: RAM
      size: 16
      clkspeed: 0
      moduleVoltage: 0
    DIMM 3:
      manufacturer: Alibaba Cloud
      modulePartNo: Not Specified
      memType: RAM
      size: 16
      clkspeed: 0
      moduleVoltage: 0
Checksum: 9C48AE044CDB094AFA31D7E2B0F5F89C71DD0F1B