BaselineInfo:
  WebDBID: -1
  TimeStamp: 20241111144139
Version:
  Major: 11
  Minor: 0
  Build: 1002
  SpecialBuildName: ""
  ptArchitecture: x86_64_linux
Results:
  Results Complete: true
  NumTestProcesses: 128
  CPU_INTEGER_MATH: 292583.99466666672
  CPU_FLOATINGPOINT_MATH: 157010.29559175277
  CPU_PRIME: 472.4752957685273
  CPU_SORTING: 150487.83344472488
  CPU_ENCRYPTION: 40271.614462768695
  CPU_COMPRESSION: 1273343.9901513704
  CPU_SINGLETHREAD: 1488.3357949834819
  CPU_PHYSICS: 8210.7594572543894
  CPU_MATRIX_MULT_SSE: 94588.538674861687
  CPU_mm: 8883.0907622815594
  CPU_sse: 31794.803202580479
  CPU_fma: 108769.26915957128
  CPU_avx: 76837.402812105283
  CPU_avx512: 160952.67952518977
  m_CPU_enc_SHA: 13229353951.422071
  m_CPU_enc_AES: 101634654176.49393
  m_CPU_enc_ECDSA: 11819537092.820398
  ME_ALLOC_S: 18270.682720758032
  ME_READ_S: 18268.618945312501
  ME_READ_L: 9388.5107421875
  ME_WRITE: 8329.3359375
  ME_LARGE: 2044450.5
  ME_LATENCY: 55.113100203283018
  ME_THREADED: 369688.41955566406
  SUMM_CPU: 53239.553561938868
  SUMM_ME: 2387.6684565743394
SystemInformation:
  OSName: Ubuntu 24.04.1 LTS
  Kernel: 6.8.0-1017-azure
  Device: ""
  Processor: Intel Xeon Platinum 8280M CPU @ 2.70GHz
  NumSockets: 4
  Manufacturer: GenuineIntel
  NumCores: 64
  NumLogicals: 128
  CPUFrequency: 0
  Memory: 2064219
  MemModuleInfo:
    iNumMemSticks: 6
    DIMM 1:
      manufacturer: Microsoft Corporation
      modulePartNo: None
      memType: Unknown
      size: 1
      clkspeed: 0
      moduleVoltage: 0
    DIMM 2:
      manufacturer: Microsoft Corporation
      modulePartNo: None
      memType: Unknown
      size: 60928
      clkspeed: 0
      moduleVoltage: 0
    DIMM 3:
      manufacturer: Microsoft Corporation
      modulePartNo: None
      memType: Unknown
      size: 462336
      clkspeed: 0
      moduleVoltage: 0
    DIMM 4:
      manufacturer: Microsoft Corporation
      modulePartNo: None
      memType: Unknown
      size: 512
      clkspeed: 0
      moduleVoltage: 0
    DIMM 5:
      manufacturer: Microsoft Corporation
      modulePartNo: None
      memType: Unknown
      size: 512
      clkspeed: 0
      moduleVoltage: 0
    DIMM 6:
      manufacturer: Microsoft Corporation
      modulePartNo: None
      memType: Unknown
      size: 512
      clkspeed: 0
      moduleVoltage: 0
Checksum: ED0B05C1445AFECA0C395111EAB21789B0685FFD