---
system-info:
      stress-ng-version: 0.17.08
      run-by: root
      date-yyyy-mm-dd: 2024:06:14
      time-hh-mm-ss: 02:49:41
      epoch-secs: 1718333381
      hostname: e5bb7689f006
      sysname: Linux
      nodename: e5bb7689f006
      release: 6.8.0-1008-aws
      version: '#8-Ubuntu SMP Sat Apr 20 00:46:25 UTC 2024'
      machine: x86_64
      compiler: 'musl-gcc 13.2.1'
      uptime: 129
      totalram: 63253413888
      freeram: 58519662592
      sharedram: 54059008
      bufferram: 106946560
      totalswap: 0
      freeswap: 0
      pagesize: 4096
      cpus: 36
      cpus-online: 36
      ticks-per-second: 100

metrics:
    - stressor: cpu
      bogo-ops: 677168
      bogo-ops-per-second-usr-sys-time: 941.641757
      bogo-ops-per-second-real-time: 33858.225422
      wall-clock-time: 20.000103
      user-time: 719.125308
      system-time: 0.010175
      cpu-usage-per-instance: 99.879413
      max-rss: 916

...
