---
system-info:
      stress-ng-version: 0.17.08
      run-by: root
      date-yyyy-mm-dd: 2024:06:05
      time-hh-mm-ss: 13:25:54
      epoch-secs: 1717593954
      hostname: db12f6fb9727
      sysname: Linux
      nodename: db12f6fb9727
      release: 6.8.0-1008-aws
      version: '#8-Ubuntu SMP Sat Apr 20 00:46:25 UTC 2024'
      machine: x86_64
      compiler: 'musl-gcc 13.2.1'
      uptime: 126
      totalram: 63253405696
      freeram: 58756464640
      sharedram: 54059008
      bufferram: 77090816
      totalswap: 0
      freeswap: 0
      pagesize: 4096
      cpus: 36
      cpus-online: 36
      ticks-per-second: 100

metrics:
    - stressor: cpu
      bogo-ops: 404909
      bogo-ops-per-second-usr-sys-time: 1125.801995
      bogo-ops-per-second-real-time: 40485.560687
      wall-clock-time: 10.001319
      user-time: 359.616382
      system-time: 0.046331
      cpu-usage-per-instance: 99.893135
      max-rss: 3796

...
