---
system-info:
      stress-ng-version: 0.17.08
      run-by: root
      date-yyyy-mm-dd: 2024:06:13
      time-hh-mm-ss: 16:59:30
      epoch-secs: 1718297970
      hostname: f2c85a6cdb14
      sysname: Linux
      nodename: f2c85a6cdb14
      release: 6.8.0-1008-aws
      version: '#8-Ubuntu SMP Sat Apr 20 00:46:25 UTC 2024'
      machine: x86_64
      compiler: 'musl-gcc 13.2.1'
      uptime: 161
      totalram: 401274138624
      freeram: 396529741824
      sharedram: 40943616
      bufferram: 107200512
      totalswap: 0
      freeswap: 0
      pagesize: 4096
      cpus: 48
      cpus-online: 48
      ticks-per-second: 100

metrics:
    - stressor: cpu
      bogo-ops: 27605
      bogo-ops-per-second-usr-sys-time: 1380.254210
      bogo-ops-per-second-real-time: 1380.242283
      wall-clock-time: 20.000112
      user-time: 19.999939
      system-time: 0.000000
      cpu-usage-per-instance: 99.999136
      max-rss: 1152

...
