---
system-info:
      stress-ng-version: 0.17.08
      run-by: root
      date-yyyy-mm-dd: 2024:06:08
      time-hh-mm-ss: 03:54:59
      epoch-secs: 1717818899
      hostname: 55e24f32da61
      sysname: Linux
      nodename: 55e24f32da61
      release: 6.8.0-1008-aws
      version: '#8-Ubuntu SMP Sat Apr 20 00:46:25 UTC 2024'
      machine: x86_64
      compiler: 'musl-gcc 13.2.1'
      uptime: 128
      totalram: 401274134528
      freeram: 396535861248
      sharedram: 40935424
      bufferram: 96280576
      totalswap: 0
      freeswap: 0
      pagesize: 4096
      cpus: 48
      cpus-online: 48
      ticks-per-second: 100

metrics:
    - stressor: cpu
      bogo-ops: 14908
      bogo-ops-per-second-usr-sys-time: 1490.420241
      bogo-ops-per-second-real-time: 1490.444188
      wall-clock-time: 10.002387
      user-time: 10.001548
      system-time: 0.001000
      cpu-usage-per-instance: 100.001607
      max-rss: 3840

...
