BaselineInfo:
  WebDBID: -1
  TimeStamp: 20241109042201
Version:
  Major: 11
  Minor: 0
  Build: 1002
  SpecialBuildName: ""
  ptArchitecture: x86_64_linux
Results:
  Results Complete: true
  NumTestProcesses: 16
  CPU_INTEGER_MATH: 44035.43066666666
  CPU_FLOATINGPOINT_MATH: 23609.588469055918
  CPU_PRIME: 82.613497649022207
  CPU_SORTING: 23029.019511995833
  CPU_ENCRYPTION: 6051.0525974697302
  CPU_COMPRESSION: 197752.61245469537
  CPU_SINGLETHREAD: 1779.8686295496525
  CPU_PHYSICS: 1468.0802076360012
  CPU_MATRIX_MULT_SSE: 13938.068424443714
  CPU_mm: 1333.6147388612535
  CPU_sse: 4758.3722011160207
  CPU_fma: 16309.876502124263
  CPU_avx: 11522.047614420886
  CPU_avx512: 23161.977380113694
  m_CPU_enc_SHA: 1984605716.7950723
  m_CPU_enc_AES: 15276513897.569931
  m_CPU_enc_ECDSA: 1773845970.9682579
  ME_ALLOC_S: 5386.6920180583056
  ME_READ_S: 21667.739453124999
  ME_READ_L: 11167.603515625
  ME_WRITE: 10151.982421875
  ME_LARGE: 247391.16666666666
  ME_LATENCY: 48.884754948028736
  ME_THREADED: 77354.982421875
  SUMM_CPU: 14272.497379012299
  SUMM_ME: 2632.6308465383067
SystemInformation:
  OSName: Ubuntu 24.04.1 LTS
  Kernel: 6.8.0-1017-azure
  Device: ""
  Processor: Intel Xeon Platinum 8272CL CPU @ 2.60GHz
  NumSockets: 1
  Manufacturer: GenuineIntel
  NumCores: 8
  NumLogicals: 16
  CPUFrequency: 0
  Memory: 257737
  MemModuleInfo:
    iNumMemSticks: 3
    DIMM 1:
      manufacturer: Microsoft Corporation
      modulePartNo: None
      memType: Unknown
      size: 1
      clkspeed: 0
      moduleVoltage: 0
    DIMM 2:
      manufacturer: Microsoft Corporation
      modulePartNo: None
      memType: Unknown
      size: 60928
      clkspeed: 0
      moduleVoltage: 0
    DIMM 3:
      manufacturer: Microsoft Corporation
      modulePartNo: None
      memType: Unknown
      size: 200192
      clkspeed: 0
      moduleVoltage: 0
Checksum: 55454507B2D020436643668AD6A153207D10054B