---
system-info:
      stress-ng-version: 0.17.08
      run-by: root
      date-yyyy-mm-dd: 2024:06:08
      time-hh-mm-ss: 09:22:19
      epoch-secs: 1717838539
      hostname: d34c073ee4f3
      sysname: Linux
      nodename: d34c073ee4f3
      release: 6.8.0-1008-aws
      version: '#8-Ubuntu SMP Sat Apr 20 02:43:14 UTC 2024'
      machine: aarch64
      compiler: 'musl-gcc 13.2.1'
      uptime: 143
      totalram: 1932550144
      freeram: 98824192
      sharedram: 35008512
      bufferram: 87130112
      totalswap: 0
      freeswap: 0
      pagesize: 4096
      cpus: 2
      cpus-online: 2
      ticks-per-second: 100

metrics:
    - stressor: cpu
      bogo-ops: 2572
      bogo-ops-per-second-usr-sys-time: 256.860123
      bogo-ops-per-second-real-time: 256.752729
      wall-clock-time: 10.017420
      user-time: 10.013232
      system-time: 0.000000
      cpu-usage-per-instance: 99.958190
      max-rss: 4136

...
