---
system-info:
      stress-ng-version: 0.17.08
      run-by: root
      date-yyyy-mm-dd: 2024:06:13
      time-hh-mm-ss: 22:20:07
      epoch-secs: 1718317207
      hostname: aa87d1d5a668
      sysname: Linux
      nodename: aa87d1d5a668
      release: 6.8.0-1008-aws
      version: '#8-Ubuntu SMP Sat Apr 20 02:43:14 UTC 2024'
      machine: aarch64
      compiler: 'musl-gcc 13.2.1'
      uptime: 156
      totalram: 1932562432
      freeram: 209682432
      sharedram: 35008512
      bufferram: 96190464
      totalswap: 0
      freeswap: 0
      pagesize: 4096
      cpus: 2
      cpus-online: 2
      ticks-per-second: 100

metrics:
    - stressor: cpu
      bogo-ops: 30360
      bogo-ops-per-second-usr-sys-time: 1518.333198
      bogo-ops-per-second-real-time: 1517.995621
      wall-clock-time: 20.000058
      user-time: 19.995611
      system-time: 0.000000
      cpu-usage-per-instance: 99.977767
      max-rss: 1192

...
