BaselineInfo:
  WebDBID: -1
  TimeStamp: 20241107204701
Version:
  Major: 11
  Minor: 0
  Build: 1002
  SpecialBuildName: ""
  ptArchitecture: x86_64_linux
Results:
  Results Complete: true
  NumTestProcesses: 8
  CPU_INTEGER_MATH: 24803.281999999999
  CPU_FLOATINGPOINT_MATH: 13314.718843644088
  CPU_PRIME: 42.188232377875067
  CPU_SORTING: 12951.163653039202
  CPU_ENCRYPTION: 3419.4506836424098
  CPU_COMPRESSION: 110372.09939460282
  CPU_SINGLETHREAD: 2013.961667380345
  CPU_PHYSICS: 832.86443303939882
  CPU_MATRIX_MULT_SSE: 7076.591167892484
  CPU_mm: 755.04588782081828
  CPU_sse: 2719.4178991002223
  CPU_fma: 8706.2659377398304
  CPU_avx: 6160.7102448232363
  CPU_avx512: 10719.97058990665
  m_CPU_enc_SHA: 1122198079.5532148
  m_CPU_enc_AES: 8635157700.4767036
  m_CPU_enc_ECDSA: 999305980.12315226
  ME_ALLOC_S: 2813.1657049633686
  ME_READ_S: 24095.333593750001
  ME_READ_L: 9306.1103515625
  ME_WRITE: 8762.79296875
  ME_LARGE: 22102
  ME_LATENCY: 52.728733379532137
  ME_THREADED: 39380.9033203125
  SUMM_CPU: 8381.503787858941
  SUMM_ME: 2259.5397032362544
SystemInformation:
  OSName: Ubuntu 24.04.1 LTS
  Kernel: 6.8.0-1017-azure
  Device: ""
  Processor: Intel Xeon Platinum 8272CL CPU @ 2.60GHz
  NumSockets: 1
  Manufacturer: GenuineIntel
  NumCores: 4
  NumLogicals: 8
  CPUFrequency: 0
  Memory: 32092
  MemModuleInfo:
    iNumMemSticks: 2
    DIMM 1:
      manufacturer: Microsoft Corporation
      modulePartNo: None
      memType: Unknown
      size: 1
      clkspeed: 0
      moduleVoltage: 0
    DIMM 2:
      manufacturer: Microsoft Corporation
      modulePartNo: None
      memType: Unknown
      size: 31
      clkspeed: 0
      moduleVoltage: 0
Checksum: 89FB641F380B02B23668BFAF06C4667860F016D1