BaselineInfo:
  WebDBID: -1
  TimeStamp: 20260620110423
Version:
  Major: 11
  Minor: 0
  Build: 1004
  SpecialBuildName: ""
  ptArchitecture: x86_64_linux
Results:
  Results Complete: true
  NumTestProcesses: 16
  CPU_INTEGER_MATH: 76251.396666666667
  CPU_FLOATINGPOINT_MATH: 55230.288689027402
  CPU_PRIME: 109.54838350132727
  CPU_SORTING: 38544.151560132974
  CPU_ENCRYPTION: 16946.939006433509
  CPU_COMPRESSION: 299832.92524029815
  CPU_SINGLETHREAD: 3299.0528782101851
  CPU_PHYSICS: 2825.6088874536522
  CPU_MATRIX_MULT_SSE: 19879.479048795078
  CPU_mm: 2149.2383946107461
  CPU_sse: 9254.1317172974941
  CPU_fma: 24105.992414179353
  CPU_avx: 18489.132565904332
  CPU_avx512: 27668.65949779913
  m_CPU_enc_SHA: 17757073910.737896
  m_CPU_enc_AES: 23185675707.887825
  m_CPU_enc_ECDSA: 12367710928.20435
  ME_ALLOC_S: 6966.3058290209083
  ME_READ_S: 26370.644921874999
  ME_READ_L: 13456.8642578125
  ME_WRITE: 6818.673828125
  ME_LARGE: 120110.16666666667
  ME_LATENCY: 104.0419023167437
  ME_THREADED: 137581.86279296875
  SUMM_CPU: 26408.667069352206
  SUMM_ME: 1881.0088497117076
SystemInformation:
  OSName: Ubuntu 24.04.4 LTS
  Kernel: 6.17.0-1018-azure
  Device: ""
  Processor: Intel(R) Xeon(R) 6973P-C
  NumSockets: 1
  Manufacturer: GenuineIntel
  NumCores: 8
  NumLogicals: 16
  CPUFrequency: 2600
  CPUMaxFrequency: 2600
  Memory: 128808
  CPUInfo:
    number: 1
    Family: 6
    Model: 13
    stepping: 1
    features: 529267711
    manufacture: GenuineIntel
    typestring: Intel(R) Xeon(R) 6973P-C
    iCoresPerPackage: 8
    iThreadsPerPackage: 2
    featuresEx:
      - 529267711
      - 4294586915
      - 739248128
    bHybrid: false
    nPCore: 0
    nLogicalsPerPCore: 0
    nECore: 0
    nLogicalsPerECore: 0
  MemModuleInfo:
    iNumMemSticks: 3
    DIMM 1:
      manufacturer: Microsoft Corporation
      modulePartNo: None
      memType: Unknown
      size: 1
      clkspeed: 0
      moduleVoltage: 0
    DIMM 2:
      manufacturer: Microsoft Corporation
      modulePartNo: None
      memType: Unknown
      size: 59
      clkspeed: 0
      moduleVoltage: 0
    DIMM 3:
      manufacturer: Microsoft Corporation
      modulePartNo: None
      memType: Unknown
      size: 68
      clkspeed: 0
      moduleVoltage: 0
Checksum: 7FEA108A6330181A7FBEA07CC5E82A383BA8B412