---
system-info:
      stress-ng-version: 0.17.08
      run-by: root
      date-yyyy-mm-dd: 2024:06:15
      time-hh-mm-ss: 09:28:55
      epoch-secs: 1718443735
      hostname: c264e8fd55af
      sysname: Linux
      nodename: c264e8fd55af
      release: 6.8.0-1008-aws
      version: '#8-Ubuntu SMP Sat Apr 20 02:43:14 UTC 2024'
      machine: aarch64
      compiler: 'musl-gcc 13.2.1'
      uptime: 151
      totalram: 3993088000
      freeram: 184045568
      sharedram: 35008512
      bufferram: 101511168
      totalswap: 0
      freeswap: 0
      pagesize: 4096
      cpus: 2
      cpus-online: 2
      ticks-per-second: 100

metrics:
    - stressor: cpu
      bogo-ops: 30391
      bogo-ops-per-second-usr-sys-time: 1519.579556
      bogo-ops-per-second-real-time: 1519.545399
      wall-clock-time: 20.000061
      user-time: 19.997612
      system-time: 0.001999
      cpu-usage-per-instance: 99.997752
      max-rss: 1320

...
