BaselineInfo:
  WebDBID: -1
  TimeStamp: 20241107054628
Version:
  Major: 11
  Minor: 0
  Build: 1002
  SpecialBuildName: ""
  ptArchitecture: x86_64_linux
Results:
  Results Complete: true
  NumTestProcesses: 4
  CPU_INTEGER_MATH: 18361.167999999998
  CPU_FLOATINGPOINT_MATH: 10128.77949695859
  CPU_PRIME: 43.429055664967663
  CPU_SORTING: 9935.1982207389065
  CPU_ENCRYPTION: 4781.3511902284681
  CPU_COMPRESSION: 71154.594152580336
  CPU_SINGLETHREAD: 2635.202615665673
  CPU_PHYSICS: 844.65831085878926
  CPU_MATRIX_MULT_SSE: 4008.86543325506
  CPU_mm: 496.66445402607178
  CPU_sse: 2108.9686372865081
  CPU_fma: 5740.9681809846052
  CPU_avx: 4176.6594814940663
  CPU_avx512: 0
  m_CPU_enc_SHA: 6927996388.9118357
  m_CPU_enc_AES: 4430139982.9520292
  m_CPU_enc_ECDSA: 3682693945.0711546
  ME_ALLOC_S: 1921.6526524367957
  ME_READ_S: 26567.479882812499
  ME_READ_L: 17603.40625
  ME_WRITE: 16855.30859375
  ME_LARGE: 672.58333333333337
  ME_LATENCY: 63.149321727191598
  ME_THREADED: 37585.9619140625
  SUMM_CPU: 6821.9805536239892
  SUMM_ME: 1147.2274926205091
SystemInformation:
  OSName: Ubuntu 24.04.1 LTS
  Kernel: 6.8.0-1016-aws
  Device: ""
  Processor: AMD EPYC 7R13 Processor
  NumSockets: 1
  Manufacturer: AuthenticAMD
  NumCores: 2
  NumLogicals: 4
  CPUFrequency: 0
  Memory: 7736
  MemModuleInfo:
    iNumMemSticks: 1
    DIMM 1:
      manufacturer: Not Specified
      modulePartNo: Not Specified
      memType: DDR4
      size: 8
      clkspeed: 1466
      moduleVoltage: 0
Checksum: 735922B917665A120744F8AFB73DC63F06BFF754