BaselineInfo:
  WebDBID: -1
  TimeStamp: 20241115033708
Version:
  Major: 11
  Minor: 0
  Build: 1002
  SpecialBuildName: ""
  ptArchitecture: x86_64_linux
Results:
  Results Complete: true
  NumTestProcesses: 4
  CPU_INTEGER_MATH: 18345.216666666667
  CPU_FLOATINGPOINT_MATH: 10059.267152894037
  CPU_PRIME: 42.150501108964491
  CPU_SORTING: 9990.8809047835821
  CPU_ENCRYPTION: 4750.0053792858416
  CPU_COMPRESSION: 71098.411507378856
  CPU_SINGLETHREAD: 2618.5920375901205
  CPU_PHYSICS: 829.00879405486887
  CPU_MATRIX_MULT_SSE: 4010.8515616760687
  CPU_mm: 495.15710878941746
  CPU_sse: 2104.9536470450939
  CPU_fma: 5732.2691530825259
  CPU_avx: 4195.3318849005864
  CPU_avx512: 0
  m_CPU_enc_SHA: 6871906556.6480198
  m_CPU_enc_AES: 4405930749.1366205
  m_CPU_enc_ECDSA: 3664387615.9854541
  ME_ALLOC_S: 1899.144566729082
  ME_READ_S: 26244.934765624999
  ME_READ_L: 17264.787109375
  ME_WRITE: 16784.22265625
  ME_LARGE: 714.25
  ME_LATENCY: 64.668075207065101
  ME_THREADED: 37023.322265625
  SUMM_CPU: 6799.3834078199361
  SUMM_ME: 1175.2182363872219
SystemInformation:
  OSName: Ubuntu 24.04.1 LTS
  Kernel: 6.8.0-1018-aws
  Device: ""
  Processor: AMD EPYC 7R13 Processor
  NumSockets: 1
  Manufacturer: AuthenticAMD
  NumCores: 2
  NumLogicals: 4
  CPUFrequency: 0
  Memory: 7736
  MemModuleInfo:
    iNumMemSticks: 1
    DIMM 1:
      manufacturer: Not Specified
      modulePartNo: Not Specified
      memType: DDR4
      size: 8
      clkspeed: 1466
      moduleVoltage: 0
Checksum: DDCA1F2B30C03E546A333B17F4DCD8338D83E2CB