BaselineInfo:
  WebDBID: -1
  TimeStamp: 20241115165328
Version:
  Major: 11
  Minor: 0
  Build: 1002
  SpecialBuildName: ""
  ptArchitecture: x86_64_linux
Results:
  Results Complete: true
  NumTestProcesses: 4
  CPU_INTEGER_MATH: 18355.914000000001
  CPU_FLOATINGPOINT_MATH: 10243.858484656106
  CPU_PRIME: 42.819865478826927
  CPU_SORTING: 10056.46437678326
  CPU_ENCRYPTION: 4770.7533674572423
  CPU_COMPRESSION: 71074.83194253956
  CPU_SINGLETHREAD: 2630.2065864136716
  CPU_PHYSICS: 848.31701377201853
  CPU_MATRIX_MULT_SSE: 4008.1149068283071
  CPU_mm: 497.90557888441856
  CPU_sse: 2114.479654227061
  CPU_fma: 5736.5117108868644
  CPU_avx: 4173.3533553709976
  CPU_avx512: 0
  m_CPU_enc_SHA: 6916576073.1240673
  m_CPU_enc_AES: 4423693591.0924091
  m_CPU_enc_ECDSA: 3667222784.8880606
  ME_ALLOC_S: 1912.0138768548259
  ME_READ_S: 26547.434765624999
  ME_READ_L: 17100.009765625
  ME_WRITE: 16697.076171875
  ME_LARGE: 690
  ME_LATENCY: 64.44039584791777
  ME_THREADED: 36863.2099609375
  SUMM_CPU: 6837.9014235974
  SUMM_ME: 1154.9370223684127
SystemInformation:
  OSName: Ubuntu 24.04.1 LTS
  Kernel: 6.8.0-1018-aws
  Device: ""
  Processor: AMD EPYC 7R13 Processor
  NumSockets: 1
  Manufacturer: AuthenticAMD
  NumCores: 2
  NumLogicals: 4
  CPUFrequency: 0
  Memory: 7736
  MemModuleInfo:
    iNumMemSticks: 1
    DIMM 1:
      manufacturer: Not Specified
      modulePartNo: Not Specified
      memType: DDR4
      size: 8
      clkspeed: 1466
      moduleVoltage: 0
Checksum: 8DA6D6F0476D88369D44E18B0FE1892ECC6E1049