BaselineInfo:
  WebDBID: -1
  TimeStamp: 20250713180139
Version:
  Major: 11
  Minor: 0
  Build: 1002
  SpecialBuildName: ""
  ptArchitecture: aarch64_linux
Results:
  Results Complete: true
  NumTestProcesses: 48
  CPU_INTEGER_MATH: 250337.9769999999
  CPU_FLOATINGPOINT_MATH: 290954.52718806721
  CPU_PRIME: 559.87321196597918
  CPU_SORTING: 220741.52450348763
  CPU_ENCRYPTION: 9073.5848675027937
  CPU_COMPRESSION: 319178.00914248225
  CPU_SINGLETHREAD: 1943.829169026159
  CPU_PHYSICS: 12910.597924590633
  CPU_MATRIX_MULT_SSE: 44193.104599856008
  CPU_mm: 5451.3152471932617
  CPU_sse: 34771.693312883675
  CPU_fma: 53614.515886828311
  CPU_avx: 0
  CPU_avx512: 0
  m_CPU_enc_SHA: 14154920057.149704
  m_CPU_enc_AES: 5162380843.1468229
  m_CPU_enc_ECDSA: 9225729077.7832985
  ME_ALLOC_S: 47248.065362605506
  ME_READ_S: 18894.343554687501
  ME_READ_L: 19798.396484375
  ME_WRITE: 21283.359375
  ME_LARGE: 82568.416666666672
  ME_LATENCY: 45.831912527324818
  ME_THREADED: 423864.3486328125
  SUMM_CPU: 36101.378537611439
  SUMM_ME: 3268.7970772724998
SystemInformation:
  OSName: Ubuntu 24.04.2 LTS
  Kernel: 6.8.0-1030-aws
  Device: ""
  Processor: ARM Neoverse-V2 48 Core 0 MHz
  NumSockets: 1
  Manufacturer: ARM
  NumCores: 48
  NumLogicals: 48
  CPUFrequency: 0
  Memory: 94812
Checksum: B743A91ED89B19EDAD25528DE88877FC2C99EC4F