size_kb,operation,bandwidth_mb_s,latency_ns,latency_stddev_ns,latency_samples,threads,iterations,elapsed_s
32,read,4472453.17,0,0,0,128,452898,0.405056
32,write,4028318.13,0,0,0,128,356633,0.354126
32,copy,2846387.75,0,0,0,128,256673,0.360700
32,latency,0,1.55,0.01,7,1,7,0.222996
128,read,4466353.84,0,0,0,128,107758,0.386026
128,write,4039261.52,0,0,0,128,29491,0.116817
128,copy,2755162.58,0,0,0,128,71022,0.412445
128,latency,0,4.28,0.00,7,1,7,0.673597
512,read,3213490.25,0,0,0,128,30069,0.598855
512,write,3424894.04,0,0,0,128,30439,0.568805
512,copy,442764.26,0,0,0,128,17131,2.476225
512,latency,0,6.20,0.00,7,1,7,0.682956
1024,read,795129.82,0,0,0,128,12122,1.951400
1024,write,723483.67,0,0,0,128,11351,2.008239
1024,copy,209106.04,0,0,0,128,2743,1.679072
1024,latency,0,6.77,0.00,7,1,7,0.684220
2048,read,712954.42,0,0,0,128,2543,0.913113
2048,write,239940.09,0,0,0,128,2249,2.399532
2048,copy,119708.08,0,0,0,128,968,2.070103
2048,latency,0,16.00,0.03,7,1,7,0.686340
16384,read,340103.97,0,0,0,128,226,1.360902
16384,write,167618.76,0,0,0,128,210,2.565823
16384,copy,106747.86,0,0,0,128,105,2.014467
16384,latency,0,23.47,0.02,7,1,7,0.795857
32768,read,333650.43,0,0,0,128,117,1.436330
32768,write,173182.84,0,0,0,128,100,2.365130
32768,copy,106442.98,0,0,0,128,52,2.000996
32768,latency,0,28.49,0.07,7,1,7,0.667352
65536,read,329481.79,0,0,0,128,50,1.243164
65536,write,174888.26,0,0,0,128,42,1.967336
65536,copy,106104.37,0,0,0,128,26,2.007382
65536,latency,0,57.80,0.21,7,1,7,2.598280
131072,read,316607.75,0,0,0,128,26,1.345463
131072,write,163912.06,0,0,0,128,21,2.099077
131072,copy,105963.55,0,0,0,128,12,1.855431
131072,latency,0,79.19,0.26,7,1,7,7.007285
262144,read,288201.55,0,0,0,128,12,1.364378
262144,write,175731.66,0,0,0,128,10,1.864661
262144,copy,102701.54,0,0,0,128,6,1.914363
262144,latency,0,93.18,0.26,7,1,7,16.413940
