---
system-info:
      stress-ng-version: 0.17.08
      run-by: root
      date-yyyy-mm-dd: 2024:06:08
      time-hh-mm-ss: 08:23:19
      epoch-secs: 1717834999
      hostname: a44c3ab66a53
      sysname: Linux
      nodename: a44c3ab66a53
      release: 6.8.0-1008-aws
      version: '#8-Ubuntu SMP Sat Apr 20 00:46:25 UTC 2024'
      machine: x86_64
      compiler: 'musl-gcc 13.2.1'
      uptime: 153
      totalram: 958599168
      freeram: 93061120
      sharedram: 40718336
      bufferram: 48263168
      totalswap: 0
      freeswap: 0
      pagesize: 4096
      cpus: 2
      cpus-online: 2
      ticks-per-second: 100

metrics:
    - stressor: cpu
      bogo-ops: 18861
      bogo-ops-per-second-usr-sys-time: 956.512919
      bogo-ops-per-second-real-time: 1885.486632
      wall-clock-time: 10.003253
      user-time: 19.712567
      system-time: 0.005933
      cpu-usage-per-instance: 98.560437
      max-rss: 4048

...
