---
system-info:
      stress-ng-version: 0.17.08
      run-by: root
      date-yyyy-mm-dd: 2024:06:13
      time-hh-mm-ss: 21:21:26
      epoch-secs: 1718313686
      hostname: e293d51c6dbe
      sysname: Linux
      nodename: e293d51c6dbe
      release: 6.8.0-1008-aws
      version: '#8-Ubuntu SMP Sat Apr 20 00:46:25 UTC 2024'
      machine: x86_64
      compiler: 'musl-gcc 13.2.1'
      uptime: 184
      totalram: 958595072
      freeram: 86671360
      sharedram: 40718336
      bufferram: 57110528
      totalswap: 0
      freeswap: 0
      pagesize: 4096
      cpus: 2
      cpus-online: 2
      ticks-per-second: 100

metrics:
    - stressor: cpu
      bogo-ops: 27015
      bogo-ops-per-second-usr-sys-time: 687.507164
      bogo-ops-per-second-real-time: 1350.677447
      wall-clock-time: 20.001074
      user-time: 39.268251
      system-time: 0.025885
      cpu-usage-per-instance: 98.230064
      max-rss: 1104

...
