---
system-info:
      stress-ng-version: 0.17.08
      run-by: root
      date-yyyy-mm-dd: 2024:09:17
      time-hh-mm-ss: 13:48:27
      epoch-secs: 1726580907
      hostname: sc-runner
      sysname: Linux
      nodename: sc-runner
      release: 6.8.0-1014-azure
      version: '#16-Ubuntu SMP Thu Aug 15 20:04:41 UTC 2024'
      machine: x86_64
      compiler: 'musl-gcc 13.2.1'
      uptime: 362
      totalram: 532579598336
      freeram: 521289605120
      sharedram: 79634432
      bufferram: 252555264
      totalswap: 0
      freeswap: 0
      pagesize: 4096
      cpus: 32
      cpus-online: 32
      ticks-per-second: 100

metrics:
    - stressor: cpu
      bogo-ops: 29829
      bogo-ops-per-second-usr-sys-time: 1491.447241
      bogo-ops-per-second-real-time: 1491.442142
      wall-clock-time: 20.000105
      user-time: 19.999038
      system-time: 0.000999
      cpu-usage-per-instance: 99.999658
      max-rss: 3080

...
