BaselineInfo:
  WebDBID: -1
  TimeStamp: 20241107193055
Version:
  Major: 11
  Minor: 0
  Build: 1002
  SpecialBuildName: ""
  ptArchitecture: aarch64_linux
Results:
  Results Complete: true
  NumTestProcesses: 16
  CPU_INTEGER_MATH: 63055.241999999998
  CPU_FLOATINGPOINT_MATH: 48064.952730336656
  CPU_PRIME: 114.76202382468172
  CPU_SORTING: 45837.815680549138
  CPU_ENCRYPTION: 2187.7165646277617
  CPU_COMPRESSION: 76095.49276935574
  CPU_SINGLETHREAD: 1111.4596670572869
  CPU_PHYSICS: 1983.7883322385201
  CPU_MATRIX_MULT_SSE: 9982.5259444652347
  CPU_mm: 1662.8264781460996
  CPU_sse: 8356.5671944524347
  CPU_fma: 11608.48469447804
  CPU_avx: 0
  CPU_avx512: 0
  m_CPU_enc_SHA: 3284010109.8633986
  m_CPU_enc_AES: 1518766408.9620471
  m_CPU_enc_ECDSA: 2079184734.5879133
  ME_ALLOC_S: 10398.816182819299
  ME_READ_S: 9486.5713867187496
  ME_READ_L: 9220.44140625
  ME_WRITE: 12569.453125
  ME_LARGE: 21150.25
  ME_LATENCY: 70.61982186485919
  ME_THREADED: 143437.35546875
  SUMM_CPU: 9841.0668243517102
  SUMM_ME: 1782.7014998172062
SystemInformation:
  OSName: Ubuntu 24.04.1 LTS
  Kernel: 6.8.0-1016-aws
  Device: ""
  Processor: ARM Neoverse-N1 16 Core 0 MHz
  NumSockets: 1
  Manufacturer: ARM
  NumCores: 16
  NumLogicals: 16
  CPUFrequency: 0
  Memory: 31491
Checksum: 5A82B2B7D415660AFFEB1DC5A1C1368E0B6C4647