---
system-info:
      stress-ng-version: 0.17.08
      run-by: root
      date-yyyy-mm-dd: 2024:06:20
      time-hh-mm-ss: 22:11:07
      epoch-secs: 1718921467
      hostname: 2e006211ec70
      sysname: Linux
      nodename: 2e006211ec70
      release: 6.8.0-1008-gcp
      version: '#9-Ubuntu SMP Wed May 22 18:09:04 UTC 2024'
      machine: x86_64
      compiler: 'musl-gcc 13.2.1'
      uptime: 160
      totalram: 2060492800
      freeram: 135520256
      sharedram: 36020224
      bufferram: 125698048
      totalswap: 0
      freeswap: 0
      pagesize: 4096
      cpus: 2
      cpus-online: 2
      ticks-per-second: 100

metrics:
    - stressor: cpu
      bogo-ops: 36717
      bogo-ops-per-second-usr-sys-time: 930.003184
      bogo-ops-per-second-real-time: 1835.839769
      wall-clock-time: 20.000111
      user-time: 39.470545
      system-time: 0.009965
      cpu-usage-per-instance: 98.700725
      max-rss: 1104

...
