---
system-info:
      stress-ng-version: 0.17.08
      run-by: root
      date-yyyy-mm-dd: 2024:08:30
      time-hh-mm-ss: 13:59:17
      epoch-secs: 1725026357
      hostname: sc-runner
      sysname: Linux
      nodename: sc-runner
      release: 6.8.0-1013-azure
      version: '#15-Ubuntu SMP Thu Aug  8 18:40:40 UTC 2024'
      machine: x86_64
      compiler: 'musl-gcc 13.2.1'
      uptime: 358
      totalram: 7267393536
      freeram: 257748992
      sharedram: 57106432
      bufferram: 187555840
      totalswap: 0
      freeswap: 0
      pagesize: 4096
      cpus: 2
      cpus-online: 2
      ticks-per-second: 100

metrics:
    - stressor: cpu
      bogo-ops: 37948
      bogo-ops-per-second-usr-sys-time: 960.306893
      bogo-ops-per-second-real-time: 1897.391948
      wall-clock-time: 20.000085
      user-time: 39.502533
      system-time: 0.014001
      cpu-usage-per-instance: 98.790916
      max-rss: 3152

...
