"size","threads","connections","rps","latency","failed","server_usr","server_sys","client_usr","client_sys"
"1k",4,4,346814,0.000012570,0,7.43,12.85,4.09,15.86
"1k",4,8,298005,0.000025680,0,6.45,11.63,2.92,14.44
"1k",4,16,342820,0.000053320,0,7.13,12.28,3.32,14.55
"1k",4,32,386575,0.000223690,0,7.23,12.63,3.53,14.87
"1k",4,64,408772,0.000474090,0,7.38,13.05,3.57,15.44
"1k",4,128,424718,0.000312240,0,7.51,13.38,3.44,15.83
"1k",8,8,296202,0.000031130,0,5.91,12.91,3.66,16.02
"1k",8,16,334060,0.000059340,0,5.85,13.27,3.76,16.56
"1k",8,32,356497,0.000165300,0,6.10,13.26,3.76,16.42
"1k",8,64,375821,0.000357120,0,6.28,13.13,3.71,16.47
"1k",8,128,383569,0.000510290,0,6.40,13.17,3.74,16.52
"1k",16,16,317378,0.000067900,0,5.64,13.21,3.90,17.02
"1k",16,32,323585,0.000143080,0,5.36,13.44,3.85,17.36
"1k",16,64,345847,0.000360190,0,5.71,13.43,3.85,17.02
"1k",16,128,357765,0.000503600,0,6.07,13.28,3.73,17.16
"16k",4,4,222630,0.000020350,0,6.00,11.96,3.18,14.98
"16k",4,8,218530,0.000036150,0,5.53,10.07,2.42,13.45
"16k",4,16,274571,0.000055820,0,6.55,12.14,3.27,15.34
"16k",4,32,306371,0.000320720,0,6.75,12.58,3.50,15.70
"16k",4,64,317795,0.000676640,0,6.81,12.86,3.59,15.92
"16k",4,128,316291,0.000712670,0,6.82,13.08,3.39,16.19
"16k",8,8,244841,0.000037110,0,5.40,12.97,3.60,16.77
"16k",8,16,272333,0.000066720,0,5.82,13.04,3.73,17.16
"16k",8,32,286170,0.000148540,0,5.83,13.17,3.71,17.27
"16k",8,64,295537,0.000353960,0,6.06,13.05,3.73,16.89
"16k",8,128,300992,0.000753880,0,6.18,12.97,3.65,17.08
"16k",16,16,256247,0.000072360,0,5.41,12.80,3.88,17.48
"16k",16,32,264161,0.000168010,0,5.35,13.10,3.79,17.85
"16k",16,64,270165,0.000376800,0,5.37,13.11,3.88,17.73
"16k",16,128,276981,0.000616170,0,5.52,13.08,3.75,17.66
"64k",4,4,159462,0.000026490,0,6.27,13.35,3.02,17.16
"64k",4,8,149676,0.000049130,0,5.99,13.05,2.94,16.90
"64k",4,16,148709,0.000100750,0,5.48,12.60,2.78,16.68
"64k",4,32,157942,0.000235540,0,5.65,13.03,2.85,17.11
"64k",4,64,163476,0.000394400,0,5.78,13.12,2.73,17.46
"64k",4,128,159434,0.000769240,0,6.28,13.00,2.86,17.27
"64k",8,8,144251,0.000059560,0,5.05,13.46,3.20,17.80
"64k",8,16,149962,0.000113410,0,4.99,13.50,3.24,18.40
"64k",8,32,156203,0.000237050,0,5.18,13.41,3.19,18.28
"64k",8,64,156313,0.000486590,0,5.12,13.54,3.09,18.27
"64k",8,128,154190,0.000920000,0,5.68,13.26,3.04,17.92
"64k",16,16,144246,0.000121330,0,4.79,13.34,3.46,18.49
"64k",16,32,147893,0.000276740,0,4.67,13.43,3.26,18.78
"64k",16,64,149865,0.000574460,0,4.75,13.41,3.30,18.34
"64k",16,128,147613,0.000960000,0,5.18,13.44,3.23,18.30
"256k",4,4,57351,0.000071210,0,6.53,14.13,2.72,16.70
"256k",4,8,57987,0.000123050,0,5.71,14.29,2.75,17.05
"256k",4,16,58385,0.000253120,0,5.57,14.37,2.60,16.49
"256k",4,32,58925,0.000516750,0,5.86,14.63,2.55,16.53
"256k",4,64,50684,0.001110000,0,6.45,14.73,2.20,16.49
"256k",8,8,56786,0.000156300,0,5.16,14.42,2.92,17.47
"256k",8,16,47025,0.000367770,0,4.15,11.46,2.39,14.02
"256k",8,32,46457,0.000824520,0,4.21,11.85,2.27,13.89
"256k",8,64,43211,0.001690000,0,4.64,12.04,2.10,13.74
"256k",16,16,51933,0.000386970,0,4.56,13.52,2.68,16.56
"256k",16,32,55526,0.000690600,0,4.93,14.75,2.79,17.33
"256k",16,64,51462,0.001310000,0,5.43,14.71,2.64,17.10
"512k",4,4,31272,0.000664300,0,5.46,11.91,2.48,19.88
"512k",4,8,30403,0.000238310,0,5.73,12.03,2.30,19.86
"512k",4,16,31192,0.000465000,0,5.32,14.64,2.44,16.48
"512k",4,32,26452,0.001060000,0,5.76,15.83,2.02,16.19
"512k",4,64,23329,0.002440000,0,6.91,15.56,1.79,15.80
"512k",8,8,31113,0.000790910,0,4.97,13.09,2.64,19.36
"512k",8,16,30768,0.000543630,0,4.86,14.97,2.72,17.57
"512k",8,32,28624,0.001160000,0,5.37,14.95,2.48,17.08
"512k",8,64,24720,0.002540000,0,6.12,15.18,2.17,16.49
"512k",16,16,30432,0.000556980,0,4.84,14.58,2.85,17.65
"512k",16,32,27853,0.001220000,0,5.07,15.31,2.49,16.97
"512k",16,64,25213,0.002550000,0,6.12,15.19,2.23,16.34
