BaselineInfo:
  WebDBID: -1
  TimeStamp: 20260404130954
Version:
  Major: 11
  Minor: 0
  Build: 1004
  SpecialBuildName: ""
  ptArchitecture: x86_64_linux
Results:
  Results Complete: true
  NumTestProcesses: 8
  CPU_INTEGER_MATH: 42093.81733333334
  CPU_FLOATINGPOINT_MATH: 33090.880486268667
  CPU_PRIME: 129.97161928262921
  CPU_SORTING: 24767.946450778989
  CPU_ENCRYPTION: 9358.6003860967812
  CPU_COMPRESSION: 180880.63813392952
  CPU_SINGLETHREAD: 2398.2411693617078
  CPU_PHYSICS: 2129.1823451477021
  CPU_MATRIX_MULT_SSE: 14598.3476606239
  CPU_mm: 1606.2606047382881
  CPU_sse: 6288.4891223303066
  CPU_fma: 17597.841224747226
  CPU_avx: 13396.35317866538
  CPU_avx512: 21110.707116752681
  m_CPU_enc_SHA: 10962292859.797132
  m_CPU_enc_AES: 11352659968.342125
  m_CPU_enc_ECDSA: 7124658447.2161922
  ME_ALLOC_S: 4093.1432839553518
  ME_READ_S: 24411.8408203125
  ME_READ_L: 11840.806640625
  ME_WRITE: 11589.1650390625
  ME_LARGE: 12706.833333333334
  ME_LATENCY: 54.467082679446285
  ME_THREADED: 76213.2080078125
  SUMM_CPU: 16850.01088690339
  SUMM_ME: 2475.3157194121341
SystemInformation:
  OSName: Ubuntu 24.04.4 LTS
  Kernel: 6.8.0-106-generic
  Device: ""
  Processor: Intel(R) Xeon(R) Platinum 8369B CPU @ 2.90GHz
  NumSockets: 1
  Manufacturer: GenuineIntel
  NumCores: 4
  NumLogicals: 8
  CPUFrequency: 0
  CPUMaxFrequency: 0
  Memory: 30703
  CPUInfo:
    number: 1
    Family: 6
    Model: 10
    stepping: 6
    features: 529267711
    manufacture: GenuineIntel
    typestring: Intel(R) Xeon(R) Platinum 8369B CPU @ 2.90GHz
    iCoresPerPackage: 4
    iThreadsPerPackage: 2
    featuresEx:
      - 529267711
      - 4294619651
      - 739248128
    bHybrid: false
    nPCore: 0
    nLogicalsPerPCore: 0
    nECore: 0
    nLogicalsPerECore: 0
  MemModuleInfo:
    iNumMemSticks: 2
    DIMM 1:
      manufacturer: Alibaba Cloud
      modulePartNo: Not Specified
      memType: RAM
      size: 16
      clkspeed: 0
      moduleVoltage: 0
    DIMM 2:
      manufacturer: Alibaba Cloud
      modulePartNo: Not Specified
      memType: RAM
      size: 15
      clkspeed: 0
      moduleVoltage: 0
Checksum: 0B46826E8252FB32D405B29509F240995DAEB310