BaselineInfo:
  WebDBID: -1
  TimeStamp: 20241110062239
Version:
  Major: 11
  Minor: 0
  Build: 1002
  SpecialBuildName: ""
  ptArchitecture: x86_64_linux
Results:
  Results Complete: true
  NumTestProcesses: 96
  CPU_INTEGER_MATH: 404129.84633333335
  CPU_FLOATINGPOINT_MATH: 206603.47357169699
  CPU_PRIME: 456.38058148926427
  CPU_SORTING: 200762.83857440925
  CPU_ENCRYPTION: 87642.659674613751
  CPU_COMPRESSION: 1454051.1029346413
  CPU_SINGLETHREAD: 2436.2533362539561
  CPU_PHYSICS: 7091.6903041950409
  CPU_MATRIX_MULT_SSE: 83822.925360780151
  CPU_mm: 8703.0926563189441
  CPU_sse: 37657.316866012552
  CPU_fma: 100415.38608448402
  CPU_avx: 77220.804461663734
  CPU_avx512: 119998.19403096045
  m_CPU_enc_SHA: 88530069334.288528
  m_CPU_enc_AES: 133271289861.49283
  m_CPU_enc_ECDSA: 53898609337.122002
  ME_ALLOC_S: 30002.78379461899
  ME_READ_S: 24499.9638671875
  ME_READ_L: 13160.4462890625
  ME_WRITE: 11414.41015625
  ME_LARGE: 663120.5
  ME_LATENCY: 51.3407355216114
  ME_THREADED: 283881.4169921875
  SUMM_CPU: 76355.964187026751
  SUMM_ME: 2938.4417320967655
SystemInformation:
  OSName: Ubuntu 24.04.1 LTS
  Kernel: 6.8.0-1017-azure
  Device: ""
  Processor: Intel Xeon Platinum 8370C CPU @ 2.80GHz
  NumSockets: 2
  Manufacturer: GenuineIntel
  NumCores: 48
  NumLogicals: 96
  CPUFrequency: 2800
  Memory: 677224
  MemModuleInfo:
    iNumMemSticks: 4
    DIMM 1:
      manufacturer: Microsoft Corporation
      modulePartNo: None
      memType: Unknown
      size: 1
      clkspeed: 0
      moduleVoltage: 0
    DIMM 2:
      manufacturer: Microsoft Corporation
      modulePartNo: None
      memType: Unknown
      size: 59
      clkspeed: 0
      moduleVoltage: 0
    DIMM 3:
      manufacturer: Microsoft Corporation
      modulePartNo: None
      memType: Unknown
      size: 276
      clkspeed: 0
      moduleVoltage: 0
    DIMM 4:
      manufacturer: Microsoft Corporation
      modulePartNo: None
      memType: Unknown
      size: 336
      clkspeed: 0
      moduleVoltage: 0
Checksum: 61D1A3E2523445CF780880EEDC1C023476781217