BaselineInfo:
  WebDBID: -1
  TimeStamp: 20250106173243
Version:
  Major: 11
  Minor: 0
  Build: 1002
  SpecialBuildName: ""
  ptArchitecture: x86_64_linux
Results:
  Results Complete: true
  NumTestProcesses: 88
  CPU_INTEGER_MATH: 411342.68900000001
  CPU_FLOATINGPOINT_MATH: 293037.17295736109
  CPU_PRIME: 742.62239676096306
  CPU_SORTING: 204084.82673498345
  CPU_ENCRYPTION: 90626.56749412643
  CPU_COMPRESSION: 1506238.7207074312
  CPU_SINGLETHREAD: 3166.2749362233676
  CPU_PHYSICS: 13029.840387621087
  CPU_MATRIX_MULT_SSE: 116490.66265379704
  CPU_mm: 11631.281055700623
  CPU_sse: 50608.094695452666
  CPU_fma: 132339.6022641031
  CPU_avx: 102709.88797160279
  CPU_avx512: 180305.06568402945
  m_CPU_enc_SHA: 95928591430.55481
  m_CPU_enc_AES: 124274215310.30379
  m_CPU_enc_ECDSA: 64883724169.304817
  ME_ALLOC_S: 34697.662728144896
  ME_READ_S: 28074.461523437501
  ME_READ_L: 10589.4912109375
  ME_WRITE: 9181.40625
  ME_LARGE: 3905410.3333333335
  ME_LATENCY: 69.161010020124635
  ME_THREADED: 418499.76733398438
  SUMM_CPU: 94306.202706097669
  SUMM_ME: 2453.8498777646691
SystemInformation:
  OSName: Ubuntu 24.04.1 LTS
  Kernel: 6.8.0-1017-azure
  Device: ""
  Processor: Intel Xeon Platinum 8473C
  NumSockets: 2
  Manufacturer: GenuineIntel
  NumCores: 44
  NumLogicals: 88
  CPUFrequency: 2100
  Memory: 3922984
  MemModuleInfo:
    iNumMemSticks: 6
    DIMM 1:
      manufacturer: Microsoft Corporation
      modulePartNo: None
      memType: Unknown
      size: 1
      clkspeed: 0
      moduleVoltage: 0
    DIMM 2:
      manufacturer: Microsoft Corporation
      modulePartNo: None
      memType: Unknown
      size: 59
      clkspeed: 0
      moduleVoltage: 0
    DIMM 3:
      manufacturer: Microsoft Corporation
      modulePartNo: None
      memType: Unknown
      size: 913
      clkspeed: 0
      moduleVoltage: 0
    DIMM 4:
      manufacturer: Microsoft Corporation
      modulePartNo: None
      memType: Unknown
      size: 973
      clkspeed: 0
      moduleVoltage: 0
    DIMM 5:
      manufacturer: Microsoft Corporation
      modulePartNo: None
      memType: Unknown
      size: 973
      clkspeed: 0
      moduleVoltage: 0
    DIMM 6:
      manufacturer: Microsoft Corporation
      modulePartNo: None
      memType: Unknown
      size: 973
      clkspeed: 0
      moduleVoltage: 0
Checksum: 942D5880A5109728C90DA8396D970950E4DF11AD