BaselineInfo:
  WebDBID: -1
  TimeStamp: 20260615144349
Version:
  Major: 11
  Minor: 0
  Build: 1004
  SpecialBuildName: ""
  ptArchitecture: x86_64_linux
Results:
  Results Complete: true
  NumTestProcesses: 2
  CPU_INTEGER_MATH: 11212.911666666667
  CPU_FLOATINGPOINT_MATH: 9052.3689612557209
  CPU_PRIME: 33.948370938690644
  CPU_SORTING: 6562.1275307105334
  CPU_ENCRYPTION: 2423.0052958618535
  CPU_COMPRESSION: 46367.523188266146
  CPU_SINGLETHREAD: 2549.0304679395745
  CPU_PHYSICS: 624.85565634781312
  CPU_MATRIX_MULT_SSE: 4022.3419591635552
  CPU_mm: 426.18826448461243
  CPU_sse: 1942.3645873296355
  CPU_fma: 6343.0783679135357
  CPU_avx: 3781.5829222474931
  CPU_avx512: 0
  m_CPU_enc_SHA: 3417662100.9000492
  m_CPU_enc_AES: 2146498257.1297548
  m_CPU_enc_ECDSA: 2057955245.3111129
  ME_ALLOC_S: 935.72188937566489
  ME_READ_S: 25587.554882812499
  ME_READ_L: 16039.640625
  ME_WRITE: 17138.134765625
  ME_LARGE: 2093.3333333333335
  ME_LATENCY: 62.079856279719017
  ME_THREADED: 27287.3232421875
  SUMM_CPU: 4823.6434207309321
  SUMM_ME: 1687.0134265507945
SystemInformation:
  OSName: Ubuntu 24.04.4 LTS
  Kernel: 6.8.0-124-generic
  Device: ""
  Processor: AMD EPYC-Rome Processor
  NumSockets: 1
  Manufacturer: AuthenticAMD
  NumCores: 1
  NumLogicals: 2
  CPUFrequency: 0
  CPUMaxFrequency: 0
  Memory: 3910
  CPUInfo:
    number: 1
    Family: 15
    Model: 1
    stepping: 0
    features: 395049983
    manufacture: AuthenticAMD
    typestring: AMD EPYC-Rome Processor
    iCoresPerPackage: 1
    iThreadsPerPackage: 2
    featuresEx:
      - 395049983
      - 4277678595
      - 802421759
    bHybrid: false
    nPCore: 0
    nLogicalsPerPCore: 0
    nECore: 0
    nLogicalsPerECore: 0
  MemModuleInfo:
    iNumMemSticks: 1
    DIMM 1:
      manufacturer: QEMU
      modulePartNo: Not Specified
      memType: RAM
      size: 4
      clkspeed: 0
      moduleVoltage: 0
Checksum: 3C5EA482809E87EC8507341C65FA2145FBB5A89D