---
system-info:
      stress-ng-version: 0.17.08
      run-by: root
      date-yyyy-mm-dd: 2024:06:07
      time-hh-mm-ss: 15:56:12
      epoch-secs: 1717775772
      hostname: 1957fac4b815
      sysname: Linux
      nodename: 1957fac4b815
      release: 6.8.0-1008-aws
      version: '#8-Ubuntu SMP Sat Apr 20 02:43:14 UTC 2024'
      machine: aarch64
      compiler: 'musl-gcc 13.2.1'
      uptime: 152
      totalram: 6065348608
      freeram: 1933426688
      sharedram: 35020800
      bufferram: 94154752
      totalswap: 0
      freeswap: 0
      pagesize: 4096
      cpus: 1
      cpus-online: 1
      ticks-per-second: 100

metrics:
    - stressor: cpu
      bogo-ops: 2905
      bogo-ops-per-second-usr-sys-time: 295.083473
      bogo-ops-per-second-real-time: 290.497119
      wall-clock-time: 10.000099
      user-time: 9.841697
      system-time: 0.002975
      cpu-usage-per-instance: 98.445744
      max-rss: 4264

...
