---
system-info:
      stress-ng-version: 0.17.08
      run-by: root
      date-yyyy-mm-dd: 2024:06:14
      time-hh-mm-ss: 15:23:45
      epoch-secs: 1718378625
      hostname: 0b6d2b10552e
      sysname: Linux
      nodename: 0b6d2b10552e
      release: 6.8.0-1008-aws
      version: '#8-Ubuntu SMP Sat Apr 20 02:43:14 UTC 2024'
      machine: aarch64
      compiler: 'musl-gcc 13.2.1'
      uptime: 179
      totalram: 6065348608
      freeram: 1837719552
      sharedram: 35020800
      bufferram: 111374336
      totalswap: 0
      freeswap: 0
      pagesize: 4096
      cpus: 1
      cpus-online: 1
      ticks-per-second: 100

metrics:
    - stressor: cpu
      bogo-ops: 30024
      bogo-ops-per-second-usr-sys-time: 1519.678147
      bogo-ops-per-second-real-time: 1501.191893
      wall-clock-time: 20.000108
      user-time: 19.756815
      system-time: 0.000000
      cpu-usage-per-instance: 98.783542
      max-rss: 1192

...
