BaselineInfo:
  WebDBID: -1
  TimeStamp: 20260618230750
Version:
  Major: 11
  Minor: 0
  Build: 1004
  SpecialBuildName: ""
  ptArchitecture: x86_64_linux
Results:
  Results Complete: true
  NumTestProcesses: 48
  CPU_INTEGER_MATH: 228000.85633333333
  CPU_FLOATINGPOINT_MATH: 127521.54628162151
  CPU_PRIME: 365.31090279797792
  CPU_SORTING: 134602.07144053795
  CPU_ENCRYPTION: 57770.469271616617
  CPU_COMPRESSION: 925110.64815334987
  CPU_SINGLETHREAD: 2871.4695620457878
  CPU_PHYSICS: 7190.1318813405342
  CPU_MATRIX_MULT_SSE: 64824.450668704361
  CPU_mm: 6107.3885687644688
  CPU_sse: 26941.109159501168
  CPU_fma: 80314.457646259878
  CPU_avx: 68969.632496264283
  CPU_avx512: 83072.603372792175
  m_CPU_enc_SHA: 80817112814.452301
  m_CPU_enc_AES: 54873244599.677361
  m_CPU_enc_ECDSA: 46039825346.734375
  ME_ALLOC_S: 22342.174309217793
  ME_READ_S: 27342.881640625001
  ME_READ_L: 26148.763671875
  ME_WRITE: 25952.826171875
  ME_LARGE: 82528.5
  ME_LATENCY: 74.648456997960906
  ME_THREADED: 128151.15625
  SUMM_CPU: 62853.799595517987
  SUMM_ME: 2825.8061606811402
SystemInformation:
  OSName: Ubuntu 24.04.4 LTS
  Kernel: 6.8.0-117-generic
  Device: ""
  Processor: "AMD EPYC 9T24 96-Core Processor                "
  NumSockets: 1
  Manufacturer: AuthenticAMD
  NumCores: 24
  NumLogicals: 48
  CPUFrequency: 0
  CPUMaxFrequency: 0
  Memory: 92973
  CPUInfo:
    number: 1
    Family: 15
    Model: 1
    stepping: 1
    features: 395049983
    manufacture: AuthenticAMD
    typestring: "AMD EPYC 9T24 96-Core Processor                "
    iCoresPerPackage: 24
    iThreadsPerPackage: 2
    featuresEx:
      - 395049983
      - 4277809667
      - 802421759
    bHybrid: false
    nPCore: 0
    nLogicalsPerPCore: 0
    nECore: 0
    nLogicalsPerECore: 0
  MemModuleInfo:
    iNumMemSticks: 6
    DIMM 1:
      manufacturer: Alibaba Cloud
      modulePartNo: Not Specified
      memType: RAM
      size: 16
      clkspeed: 0
      moduleVoltage: 0
    DIMM 2:
      manufacturer: Alibaba Cloud
      modulePartNo: Not Specified
      memType: RAM
      size: 16
      clkspeed: 0
      moduleVoltage: 0
    DIMM 3:
      manufacturer: Alibaba Cloud
      modulePartNo: Not Specified
      memType: RAM
      size: 16
      clkspeed: 0
      moduleVoltage: 0
    DIMM 4:
      manufacturer: Alibaba Cloud
      modulePartNo: Not Specified
      memType: RAM
      size: 16
      clkspeed: 0
      moduleVoltage: 0
    DIMM 5:
      manufacturer: Alibaba Cloud
      modulePartNo: Not Specified
      memType: RAM
      size: 16
      clkspeed: 0
      moduleVoltage: 0
    DIMM 6:
      manufacturer: Alibaba Cloud
      modulePartNo: Not Specified
      memType: RAM
      size: 16
      clkspeed: 0
      moduleVoltage: 0
Checksum: BA55DA73A311E9F2CF0B0571B2DFB4D186611DFD