BaselineInfo:
  WebDBID: -1
  TimeStamp: 20241219003620
Version:
  Major: 11
  Minor: 0
  Build: 1002
  SpecialBuildName: ""
  ptArchitecture: x86_64_linux
Results:
  Results Complete: true
  NumTestProcesses: 8
  CPU_INTEGER_MATH: 37951.961333333325
  CPU_FLOATINGPOINT_MATH: 27455.011962610992
  CPU_PRIME: 97.284753599535478
  CPU_SORTING: 21654.2561981504
  CPU_ENCRYPTION: 9274.4622650282217
  CPU_COMPRESSION: 162191.19856499977
  CPU_SINGLETHREAD: 2147.4059023497698
  CPU_PHYSICS: 1577.3925663151892
  CPU_MATRIX_MULT_SSE: 13799.530643525897
  CPU_mm: 1597.7739924893808
  CPU_sse: 6226.4687138660547
  CPU_fma: 20262.705912759047
  CPU_avx: 14909.417303952596
  CPU_avx512: 0
  m_CPU_enc_SHA: 13092778141.385736
  m_CPU_enc_AES: 8449059356.409544
  m_CPU_enc_ECDSA: 7633098134.2474127
  ME_ALLOC_S: 4302.2276297595381
  ME_READ_S: 23604.573046875001
  ME_READ_L: 6366.32666015625
  ME_WRITE: 4819.55517578125
  ME_LARGE: 21166
  ME_LATENCY: 122.10485990140235
  ME_THREADED: 29751.004150390625
  SUMM_CPU: 15018.364720745129
  SUMM_ME: 1350.9503601120352
SystemInformation:
  OSName: Ubuntu 24.04.1 LTS
  Kernel: 6.8.0-31-generic
  Device: ""
  Processor: AMD EPYC 7542 32-Core Processor
  NumSockets: 1
  Manufacturer: AuthenticAMD
  NumCores: 8
  NumLogicals: 8
  CPUFrequency: 0
  Memory: 32050
  MemModuleInfo:
    iNumMemSticks: 2
    DIMM 1:
      manufacturer: QEMU
      modulePartNo: Not Specified
      memType: RAM
      size: 16
      clkspeed: 0
      moduleVoltage: 0
    DIMM 2:
      manufacturer: QEMU
      modulePartNo: Not Specified
      memType: RAM
      size: 16
      clkspeed: 0
      moduleVoltage: 0
Checksum: AF496E689BFBD86DACD3E25419D75D94A2BFB147