---
system-info:
      stress-ng-version: 0.17.08
      run-by: root
      date-yyyy-mm-dd: 2024:06:10
      time-hh-mm-ss: 02:25:32
      epoch-secs: 1717986332
      hostname: 2f968ae7bdc5
      sysname: Linux
      nodename: 2f968ae7bdc5
      release: 6.8.0-1008-aws
      version: '#8-Ubuntu SMP Sat Apr 20 00:46:25 UTC 2024'
      machine: x86_64
      compiler: 'musl-gcc 13.2.1'
      uptime: 127
      totalram: 532331933696
      freeram: 527236268032
      sharedram: 66994176
      bufferram: 113590272
      totalswap: 0
      freeswap: 0
      pagesize: 4096
      cpus: 64
      cpus-online: 64
      ticks-per-second: 100

metrics:
    - stressor: cpu
      bogo-ops: 1084503
      bogo-ops-per-second-usr-sys-time: 1695.233749
      bogo-ops-per-second-real-time: 108440.589790
      wall-clock-time: 10.000895
      user-time: 639.686578
      system-time: 0.049978
      cpu-usage-per-instance: 99.949887
      max-rss: 3584

...
