---
system-info:
      stress-ng-version: 0.17.08
      run-by: root
      date-yyyy-mm-dd: 2024:06:16
      time-hh-mm-ss: 04:56:12
      epoch-secs: 1718513772
      hostname: 07093462d8dd
      sysname: Linux
      nodename: 07093462d8dd
      release: 6.8.0-1008-aws
      version: '#8-Ubuntu SMP Sat Apr 20 00:46:25 UTC 2024'
      machine: x86_64
      compiler: 'musl-gcc 13.2.1'
      uptime: 127
      totalram: 532331954176
      freeram: 527566417920
      sharedram: 66994176
      bufferram: 108531712
      totalswap: 0
      freeswap: 0
      pagesize: 4096
      cpus: 64
      cpus-online: 64
      ticks-per-second: 100

metrics:
    - stressor: cpu
      bogo-ops: 1383204
      bogo-ops-per-second-usr-sys-time: 1080.899656
      bogo-ops-per-second-real-time: 69159.924814
      wall-clock-time: 20.000080
      user-time: 1279.646472
      system-time: 0.031981
      cpu-usage-per-instance: 99.974481
      max-rss: 512

...
