---
system-info:
      stress-ng-version: 0.17.08
      run-by: root
      date-yyyy-mm-dd: 2024:06:08
      time-hh-mm-ss: 02:44:33
      epoch-secs: 1717814673
      hostname: 9fb40a40281e
      sysname: Linux
      nodename: 9fb40a40281e
      release: 6.8.0-1008-aws
      version: '#8-Ubuntu SMP Sat Apr 20 00:46:25 UTC 2024'
      machine: x86_64
      compiler: 'musl-gcc 13.2.1'
      uptime: 135
      totalram: 33265283072
      freeram: 28991070208
      sharedram: 40722432
      bufferram: 96038912
      totalswap: 0
      freeswap: 0
      pagesize: 4096
      cpus: 4
      cpus-online: 4
      ticks-per-second: 100

metrics:
    - stressor: cpu
      bogo-ops: 13835
      bogo-ops-per-second-usr-sys-time: 1383.389606
      bogo-ops-per-second-real-time: 1383.364510
      wall-clock-time: 10.000979
      user-time: 10.000798
      system-time: 0.000000
      cpu-usage-per-instance: 99.998186
      max-rss: 3792

...
