---
system-info:
      stress-ng-version: 0.17.08
      run-by: root
      date-yyyy-mm-dd: 2024:06:13
      time-hh-mm-ss: 15:56:01
      epoch-secs: 1718294161
      hostname: 815290e59b18
      sysname: Linux
      nodename: 815290e59b18
      release: 6.8.0-1008-aws
      version: '#8-Ubuntu SMP Sat Apr 20 00:46:25 UTC 2024'
      machine: x86_64
      compiler: 'musl-gcc 13.2.1'
      uptime: 155
      totalram: 33265270784
      freeram: 28940075008
      sharedram: 37838848
      bufferram: 107171840
      totalswap: 0
      freeswap: 0
      pagesize: 4096
      cpus: 4
      cpus-online: 4
      ticks-per-second: 100

metrics:
    - stressor: cpu
      bogo-ops: 25592
      bogo-ops-per-second-usr-sys-time: 1279.662064
      bogo-ops-per-second-real-time: 1279.596309
      wall-clock-time: 20.000058
      user-time: 19.999030
      system-time: 0.000000
      cpu-usage-per-instance: 99.994862
      max-rss: 1104

...
