BaselineInfo:
  WebDBID: -1
  TimeStamp: 20241110142221
Version:
  Major: 11
  Minor: 0
  Build: 1002
  SpecialBuildName: ""
  ptArchitecture: x86_64_linux
Results:
  Results Complete: true
  NumTestProcesses: 96
  CPU_INTEGER_MATH: 404167.80766666663
  CPU_FLOATINGPOINT_MATH: 206598.40155070499
  CPU_PRIME: 471.48578268316186
  CPU_SORTING: 197654.43969387803
  CPU_ENCRYPTION: 86971.739610515782
  CPU_COMPRESSION: 1458203.0560377098
  CPU_SINGLETHREAD: 2434.8947898073638
  CPU_PHYSICS: 7867.0656718013497
  CPU_MATRIX_MULT_SSE: 83512.037033840577
  CPU_mm: 8687.3486005149516
  CPU_sse: 36337.024643559118
  CPU_fma: 100461.18682485446
  CPU_avx: 77071.34984356699
  CPU_avx512: 120178.58682338166
  m_CPU_enc_SHA: 88279689716.466232
  m_CPU_enc_AES: 131853679148.22417
  m_CPU_enc_ECDSA: 53456067636.818169
  ME_ALLOC_S: 30956.047899444788
  ME_READ_S: 24228.282617187499
  ME_READ_L: 12406.2294921875
  ME_WRITE: 11281.599609375
  ME_LARGE: 663135.75
  ME_LATENCY: 52.199551684572889
  ME_THREADED: 267686.71447753906
  SUMM_CPU: 76619.45893575644
  SUMM_ME: 2871.5835069063546
SystemInformation:
  OSName: Ubuntu 24.04.1 LTS
  Kernel: 6.8.0-1017-azure
  Device: ""
  Processor: Intel Xeon Platinum 8370C CPU @ 2.80GHz
  NumSockets: 2
  Manufacturer: GenuineIntel
  NumCores: 48
  NumLogicals: 96
  CPUFrequency: 2800
  Memory: 677224
  MemModuleInfo:
    iNumMemSticks: 4
    DIMM 1:
      manufacturer: Microsoft Corporation
      modulePartNo: None
      memType: Unknown
      size: 1
      clkspeed: 0
      moduleVoltage: 0
    DIMM 2:
      manufacturer: Microsoft Corporation
      modulePartNo: None
      memType: Unknown
      size: 59
      clkspeed: 0
      moduleVoltage: 0
    DIMM 3:
      manufacturer: Microsoft Corporation
      modulePartNo: None
      memType: Unknown
      size: 276
      clkspeed: 0
      moduleVoltage: 0
    DIMM 4:
      manufacturer: Microsoft Corporation
      modulePartNo: None
      memType: Unknown
      size: 336
      clkspeed: 0
      moduleVoltage: 0
Checksum: 46BA4626F313054D1AAF0AF2E0191BC4E55F4F64