---
system-info:
      stress-ng-version: 0.17.08
      run-by: root
      date-yyyy-mm-dd: 2024:06:14
      time-hh-mm-ss: 01:19:28
      epoch-secs: 1718327968
      hostname: c2809763d492
      sysname: Linux
      nodename: c2809763d492
      release: 6.8.0-1008-aws
      version: '#8-Ubuntu SMP Sat Apr 20 00:46:25 UTC 2024'
      machine: x86_64
      compiler: 'musl-gcc 13.2.1'
      uptime: 142
      totalram: 15709986816
      freeram: 11374854144
      sharedram: 27594752
      bufferram: 107847680
      totalswap: 0
      freeswap: 0
      pagesize: 4096
      cpus: 8
      cpus-online: 8
      ticks-per-second: 100

metrics:
    - stressor: cpu
      bogo-ops: 133941
      bogo-ops-per-second-usr-sys-time: 839.980048
      bogo-ops-per-second-real-time: 6697.007807
      wall-clock-time: 20.000126
      user-time: 159.451374
      system-time: 0.005985
      cpu-usage-per-instance: 99.660221
      max-rss: 976

...
