---
system-info:
      stress-ng-version: 0.17.08
      run-by: root
      date-yyyy-mm-dd: 2024:06:04
      time-hh-mm-ss: 22:29:06
      epoch-secs: 1717540146
      hostname: 98f5eaaa7c2a
      sysname: Linux
      nodename: 98f5eaaa7c2a
      release: 6.8.0-1008-aws
      version: '#8-Ubuntu SMP Sat Apr 20 00:46:25 UTC 2024'
      machine: x86_64
      compiler: 'musl-gcc 13.2.1'
      uptime: 127
      totalram: 15710007296
      freeram: 11639865344
      sharedram: 27594752
      bufferram: 77393920
      totalswap: 0
      freeswap: 0
      pagesize: 4096
      cpus: 8
      cpus-online: 8
      ticks-per-second: 100

metrics:
    - stressor: cpu
      bogo-ops: 84338
      bogo-ops-per-second-usr-sys-time: 1057.652031
      bogo-ops-per-second-real-time: 8432.712990
      wall-clock-time: 10.001289
      user-time: 79.724802
      system-time: 0.015980
      cpu-usage-per-instance: 99.663131
      max-rss: 4176

...
