BaselineInfo:
  WebDBID: -1
  TimeStamp: 20241108184419
Version:
  Major: 11
  Minor: 0
  Build: 1002
  SpecialBuildName: ""
  ptArchitecture: x86_64_linux
Results:
  Results Complete: true
  NumTestProcesses: 32
  CPU_INTEGER_MATH: 134723.2336666667
  CPU_FLOATINGPOINT_MATH: 68864.727562963279
  CPU_PRIME: 187.59612580215139
  CPU_SORTING: 68581.189268609029
  CPU_ENCRYPTION: 29223.606902789561
  CPU_COMPRESSION: 492601.5840075931
  CPU_SINGLETHREAD: 2433.1373550171647
  CPU_PHYSICS: 3212.9613017623601
  CPU_MATRIX_MULT_SSE: 28429.535461936866
  CPU_mm: 2900.9423961261532
  CPU_sse: 12776.147891132354
  CPU_fma: 35088.11427939697
  CPU_avx: 25921.097882264225
  CPU_avx512: 39932.781794953946
  m_CPU_enc_SHA: 29545840099.898125
  m_CPU_enc_AES: 44452398018.253906
  m_CPU_enc_ECDSA: 17931280376.946369
  ME_ALLOC_S: 14947.558769389576
  ME_READ_S: 24469.672070312499
  ME_READ_L: 11918.5029296875
  ME_WRITE: 10995.13671875
  ME_LARGE: 53568
  ME_LATENCY: 52.071270999846973
  ME_THREADED: 133920.15795898438
  SUMM_CPU: 36834.546903749273
  SUMM_ME: 2756.6191396705526
SystemInformation:
  OSName: Ubuntu 24.04.1 LTS
  Kernel: 6.8.0-1017-azure
  Device: ""
  Processor: Intel Xeon Platinum 8370C CPU @ 2.80GHz
  NumSockets: 1
  Manufacturer: GenuineIntel
  NumCores: 16
  NumLogicals: 32
  CPUFrequency: 2800
  Memory: 64290
  MemModuleInfo:
    iNumMemSticks: 3
    DIMM 1:
      manufacturer: Microsoft Corporation
      modulePartNo: None
      memType: Unknown
      size: 1
      clkspeed: 0
      moduleVoltage: 0
    DIMM 2:
      manufacturer: Microsoft Corporation
      modulePartNo: None
      memType: Unknown
      size: 59
      clkspeed: 0
      moduleVoltage: 0
    DIMM 3:
      manufacturer: Microsoft Corporation
      modulePartNo: None
      memType: Unknown
      size: 4
      clkspeed: 0
      moduleVoltage: 0
Checksum: AEFADCCBC676CD278F982EC8C7DFA9F656575E1D