---
system-info:
      stress-ng-version: 0.17.08
      run-by: root
      date-yyyy-mm-dd: 2024:09:19
      time-hh-mm-ss: 07:13:31
      epoch-secs: 1726730011
      hostname: sc-runner
      sysname: Linux
      nodename: sc-runner
      release: 6.8.0-1014-azure
      version: '#16-Ubuntu SMP Thu Aug 15 20:04:41 UTC 2024'
      machine: x86_64
      compiler: 'musl-gcc 13.2.1'
      uptime: 343
      totalram: 135066300416
      freeram: 124638744576
      sharedram: 38191104
      bufferram: 254230528
      totalswap: 0
      freeswap: 0
      pagesize: 4096
      cpus: 16
      cpus-online: 16
      ticks-per-second: 100

metrics:
    - stressor: cpu
      bogo-ops: 56646
      bogo-ops-per-second-usr-sys-time: 2832.299009
      bogo-ops-per-second-real-time: 2832.294564
      wall-clock-time: 20.000038
      user-time: 20.000007
      system-time: 0.000000
      cpu-usage-per-instance: 99.999843
      max-rss: 3152

...
