---
system-info:
      stress-ng-version: 0.17.08
      run-by: root
      date-yyyy-mm-dd: 2024:07:30
      time-hh-mm-ss: 08:46:12
      epoch-secs: 1722329172
      hostname: instance-20240730-083811
      sysname: Linux
      nodename: instance-20240730-083811
      release: 6.1.0-22-cloud-amd64
      version: '#1 SMP PREEMPT_DYNAMIC Debian 6.1.94-1 (2024-06-21)'
      machine: x86_64
      compiler: 'musl-gcc 13.2.1'
      uptime: 330
      totalram: 12446519140352
      freeram: 12427742482432
      sharedram: 326664192
      bufferram: 138919936
      totalswap: 0
      freeswap: 0
      pagesize: 4096
      cpus: 416
      cpus-online: 416
      ticks-per-second: 100

metrics:
    - stressor: cpu
      bogo-ops: 7392221
      bogo-ops-per-second-usr-sys-time: 888.986447
      bogo-ops-per-second-real-time: 369609.196892
      wall-clock-time: 20.000100
      user-time: 8314.696281
      system-time: 0.639714
      cpu-usage-per-instance: 99.943441
      max-rss: 2500

...
