"size","threads","connections","rps","latency","failed","server_usr","server_sys","client_usr","client_sys"
"1k",16,16,1109946,0.000014360,0,40.46,51.29,12.83,56.86
"1k",16,32,686520,0.000050280,0,25.68,54.27,10.04,57.67
"1k",16,64,560163,0.000112750,0,22.02,59.58,8.74,62.67
"1k",16,128,595364,0.000250130,0,19.71,62.45,7.34,66.76
"1k",16,256,668994,0.000567150,0,20.44,62.60,7.09,67.82
"1k",16,512,796473,0.000751090,0,22.17,62.63,7.41,66.43
"1k",32,32,999926,0.000033970,0,32.69,53.39,12.82,60.11
"1k",32,64,673475,0.000103510,0,16.37,61.26,8.55,69.73
"1k",32,128,687795,0.000366130,0,15.56,63.78,8.00,73.26
"1k",32,256,662164,0.000720690,0,15.88,64.21,7.57,73.67
"1k",32,512,595292,0.001130000,0,15.96,63.69,6.70,74.22
"1k",64,64,885288,0.000089380,0,33.25,53.58,12.59,61.04
"1k",64,128,598131,0.000392790,0,13.11,63.18,8.63,75.86
"1k",64,256,658233,0.000511890,0,14.38,60.77,12.81,73.21
"1k",64,512,594590,0.000960000,0,13.92,60.93,12.62,74.23
"16k",16,16,859780,0.000020140,0,35.51,49.74,12.23,58.51
"16k",16,32,500525,0.000070180,0,20.47,58.13,8.40,62.07
"16k",16,64,515864,0.000121930,0,20.05,60.49,8.24,64.68
"16k",16,128,589781,0.000237180,0,19.12,63.14,7.59,67.05
"16k",16,256,490163,0.000596460,0,19.59,63.95,6.37,69.07
"16k",16,512,430256,0.001250000,0,21.21,63.52,5.84,68.94
"16k",32,32,923734,0.000039380,0,33.78,51.40,12.89,61.42
"16k",32,64,613201,0.000114860,0,16.18,60.45,9.12,69.60
"16k",32,128,595321,0.000365140,0,13.82,64.88,8.00,73.53
"16k",32,256,628768,0.000726510,0,14.31,64.80,8.02,74.38
"16k",32,512,642263,0.001040000,0,14.89,64.70,7.79,73.97
"16k",64,64,992910,0.000074090,0,29.28,52.55,14.11,65.07
"16k",64,128,560539,0.000383370,0,11.88,64.04,8.65,76.56
"16k",64,256,588587,0.000560400,0,12.91,61.96,12.12,74.65
"16k",64,512,594934,0.000950000,0,13.22,61.32,13.18,74.29
"64k",16,16,623638,0.000026370,0,21.50,57.12,11.85,66.72
"64k",16,32,417965,0.000096140,0,16.77,61.02,8.62,62.73
"64k",16,64,380983,0.000157830,0,15.44,67.45,7.75,65.12
"64k",16,128,392674,0.000318210,0,14.48,71.29,6.57,66.67
"64k",16,256,403974,0.000642400,0,14.20,72.57,6.17,67.22
"64k",16,512,406535,0.001190000,0,14.53,71.70,6.20,67.22
"64k",32,32,652660,0.000052000,0,22.21,56.22,11.83,69.87
"64k",32,64,399002,0.000180470,0,11.57,67.26,8.02,70.31
"64k",32,128,384186,0.000512240,0,10.06,70.74,7.09,73.64
"64k",32,256,385589,0.000910000,0,10.23,71.55,6.81,72.75
"64k",32,512,390353,0.001440000,0,10.60,71.86,7.15,71.85
"64k",64,64,632557,0.000115450,0,19.55,57.93,13.12,70.58
"64k",64,128,374455,0.000470750,0,9.21,69.73,8.30,74.48
"64k",64,256,393396,0.000733640,0,9.73,67.16,12.39,72.37
"64k",64,512,386983,0.001380000,0,9.46,68.69,11.02,72.96
"256k",16,16,276782,0.000065330,0,17.01,61.55,10.65,68.79
"256k",16,32,165146,0.000292540,0,12.37,73.38,6.84,59.39
"256k",16,64,152587,0.000428190,0,11.32,80.16,5.88,60.22
"256k",16,128,152178,0.000870000,0,11.17,83.12,5.12,60.43
"256k",16,256,150190,0.001730000,0,8.41,85.08,4.90,62.25
"256k",32,32,237350,0.000153330,0,14.63,74.60,10.01,61.81
"256k",32,64,156242,0.000500610,0,9.29,79.77,6.29,65.76
"256k",32,128,151016,0.001000000,0,8.77,80.22,6.12,66.03
"256k",32,256,153638,0.001730000,0,8.68,81.56,6.47,65.03
"256k",64,64,229478,0.000327120,0,13.43,72.93,10.36,64.98
"256k",64,128,173206,0.000823000,0,9.85,76.08,8.62,67.14
"256k",64,256,158668,0.001680000,0,9.04,78.50,8.13,66.36
"512k",16,16,104310,0.000162690,0,11.57,85.48,7.59,54.16
"512k",16,32,78947,0.000425720,0,13.49,79.60,6.11,51.69
"512k",16,64,77863,0.000804490,0,13.22,84.87,5.24,55.72
"512k",16,128,81354,0.001570000,0,9.30,86.99,4.67,59.59
"512k",16,256,69360,0.003380000,0,10.93,88.31,3.82,58.39
"512k",32,32,105160,0.000310080,0,11.90,87.19,7.98,54.32
"512k",32,64,78799,0.000930000,0,9.10,86.23,5.53,60.50
"512k",32,128,78862,0.001650000,0,9.21,87.09,5.90,59.40
"512k",32,256,79019,0.003170000,0,10.83,86.29,5.76,58.56
"512k",64,64,103128,0.000659110,0,11.39,85.77,8.26,56.35
"512k",64,128,88526,0.001480000,0,10.01,84.87,7.62,59.25
"512k",64,256,81481,0.003130000,0,10.87,85.05,7.43,58.76
