---
system-info:
      stress-ng-version: 0.17.08
      run-by: root
      date-yyyy-mm-dd: 2024:09:17
      time-hh-mm-ss: 05:22:23
      epoch-secs: 1726550543
      hostname: sc-runner
      sysname: Linux
      nodename: sc-runner
      release: 6.8.0-1014-azure
      version: '#16-Ubuntu SMP Thu Aug 15 20:04:41 UTC 2024'
      machine: x86_64
      compiler: 'musl-gcc 13.2.1'
      uptime: 374
      totalram: 202797449216
      freeram: 191330689024
      sharedram: 109731840
      bufferram: 284536832
      totalswap: 0
      freeswap: 0
      pagesize: 4096
      cpus: 48
      cpus-online: 48
      ticks-per-second: 100

metrics:
    - stressor: cpu
      bogo-ops: 19888
      bogo-ops-per-second-usr-sys-time: 994.436297
      bogo-ops-per-second-real-time: 994.386309
      wall-clock-time: 20.000275
      user-time: 19.998269
      system-time: 0.001001
      cpu-usage-per-instance: 99.994973
      max-rss: 3200

...
