---
system-info:
      stress-ng-version: 0.17.08
      run-by: root
      date-yyyy-mm-dd: 2024:06:10
      time-hh-mm-ss: 02:25:45
      epoch-secs: 1717986345
      hostname: e80788955ea1
      sysname: Linux
      nodename: e80788955ea1
      release: 6.8.0-1008-aws
      version: '#8-Ubuntu SMP Sat Apr 20 00:46:25 UTC 2024'
      machine: x86_64
      compiler: 'musl-gcc 13.2.1'
      uptime: 139
      totalram: 532331933696
      freeram: 527368929280
      sharedram: 66699264
      bufferram: 114061312
      totalswap: 0
      freeswap: 0
      pagesize: 4096
      cpus: 64
      cpus-online: 64
      ticks-per-second: 100

metrics:
    - stressor: cpu
      bogo-ops: 22045
      bogo-ops-per-second-usr-sys-time: 2204.428797
      bogo-ops-per-second-real-time: 2204.449649
      wall-clock-time: 10.000228
      user-time: 10.000323
      system-time: 0.000000
      cpu-usage-per-instance: 100.000946
      max-rss: 3584

...
