---
system-info:
      stress-ng-version: 0.17.08
      run-by: root
      date-yyyy-mm-dd: 2024:06:16
      time-hh-mm-ss: 04:56:34
      epoch-secs: 1718513794
      hostname: 78ff82fd2266
      sysname: Linux
      nodename: 78ff82fd2266
      release: 6.8.0-1008-aws
      version: '#8-Ubuntu SMP Sat Apr 20 00:46:25 UTC 2024'
      machine: x86_64
      compiler: 'musl-gcc 13.2.1'
      uptime: 149
      totalram: 532331954176
      freeram: 527487873024
      sharedram: 66699264
      bufferram: 110231552
      totalswap: 0
      freeswap: 0
      pagesize: 4096
      cpus: 64
      cpus-online: 64
      ticks-per-second: 100

metrics:
    - stressor: cpu
      bogo-ops: 42226
      bogo-ops-per-second-usr-sys-time: 2111.282793
      bogo-ops-per-second-real-time: 2111.291518
      wall-clock-time: 20.000080
      user-time: 20.000163
      system-time: 0.000000
      cpu-usage-per-instance: 100.000413
      max-rss: 512

...
