---
system-info:
      stress-ng-version: 0.17.08
      run-by: root
      date-yyyy-mm-dd: 2024:06:16
      time-hh-mm-ss: 06:05:31
      epoch-secs: 1718517931
      hostname: 9dd6a8e46808
      sysname: Linux
      nodename: 9dd6a8e46808
      release: 6.8.0-1008-aws
      version: '#8-Ubuntu SMP Sat Apr 20 00:46:25 UTC 2024'
      machine: x86_64
      compiler: 'musl-gcc 13.2.1'
      uptime: 712
      totalram: 581386240
      freeram: 63557632
      sharedram: 27512832
      bufferram: 2744320
      totalswap: 0
      freeswap: 0
      pagesize: 4096
      cpus: 1
      cpus-online: 1
      ticks-per-second: 100

metrics:
    - stressor: cpu
      bogo-ops: 31771
      bogo-ops-per-second-usr-sys-time: 1622.783345
      bogo-ops-per-second-real-time: 1588.544546
      wall-clock-time: 20.000069
      user-time: 19.578091
      system-time: 0.000000
      cpu-usage-per-instance: 97.890119
      max-rss: 976

...
