---
system-info:
      stress-ng-version: 0.17.08
      run-by: root
      date-yyyy-mm-dd: 2024:06:10
      time-hh-mm-ss: 03:52:02
      epoch-secs: 1717991522
      hostname: 11a2bf9cf935
      sysname: Linux
      nodename: 11a2bf9cf935
      release: 6.8.0-1008-aws
      version: '#8-Ubuntu SMP Sat Apr 20 00:46:25 UTC 2024'
      machine: x86_64
      compiler: 'musl-gcc 13.2.1'
      uptime: 748
      totalram: 581398528
      freeram: 52076544
      sharedram: 27512832
      bufferram: 2146304
      totalswap: 0
      freeswap: 0
      pagesize: 4096
      cpus: 1
      cpus-online: 1
      ticks-per-second: 100

metrics:
    - stressor: cpu
      bogo-ops: 13750
      bogo-ops-per-second-usr-sys-time: 1419.655549
      bogo-ops-per-second-real-time: 1374.905593
      wall-clock-time: 10.000687
      user-time: 9.681168
      system-time: 0.004280
      cpu-usage-per-instance: 96.847830
      max-rss: 3920

...
