---
system-info:
      stress-ng-version: 0.17.08
      run-by: root
      date-yyyy-mm-dd: 2024:06:13
      time-hh-mm-ss: 02:50:17
      epoch-secs: 1718247017
      hostname: 20e8aa5b7204
      sysname: Linux
      nodename: 20e8aa5b7204
      release: 6.8.0-1008-aws
      version: '#8-Ubuntu SMP Sat Apr 20 00:46:25 UTC 2024'
      machine: x86_64
      compiler: 'musl-gcc 13.2.1'
      uptime: 176
      totalram: 266119499776
      freeram: 260223098880
      sharedram: 117018624
      bufferram: 113778688
      totalswap: 0
      freeswap: 0
      pagesize: 4096
      cpus: 128
      cpus-online: 128
      ticks-per-second: 100

metrics:
    - stressor: cpu
      bogo-ops: 37810
      bogo-ops-per-second-usr-sys-time: 1890.477314
      bogo-ops-per-second-real-time: 1890.494614
      wall-clock-time: 20.000057
      user-time: 20.000240
      system-time: 0.000000
      cpu-usage-per-instance: 100.000915
      max-rss: 0

...
