---
system-info:
      stress-ng-version: 0.17.08
      run-by: root
      date-yyyy-mm-dd: 2024:06:07
      time-hh-mm-ss: 20:29:33
      epoch-secs: 1717792173
      hostname: 548ef4cbae79
      sysname: Linux
      nodename: 548ef4cbae79
      release: 6.8.0-1008-aws
      version: '#8-Ubuntu SMP Sat Apr 20 00:46:25 UTC 2024'
      machine: x86_64
      compiler: 'musl-gcc 13.2.1'
      uptime: 168
      totalram: 266119442432
      freeram: 260379893760
      sharedram: 117018624
      bufferram: 92950528
      totalswap: 0
      freeswap: 0
      pagesize: 4096
      cpus: 128
      cpus-online: 128
      ticks-per-second: 100

metrics:
    - stressor: cpu
      bogo-ops: 16761
      bogo-ops-per-second-usr-sys-time: 1675.682252
      bogo-ops-per-second-real-time: 1675.712744
      wall-clock-time: 10.002311
      user-time: 10.001494
      system-time: 0.000999
      cpu-usage-per-instance: 100.001820
      max-rss: 3072

...
