BaselineInfo:
  WebDBID: -1
  TimeStamp: 20241109073445
Version:
  Major: 11
  Minor: 0
  Build: 1002
  SpecialBuildName: ""
  ptArchitecture: x86_64_linux
Results:
  Results Complete: true
  NumTestProcesses: 8
  CPU_INTEGER_MATH: 33642.166666666672
  CPU_FLOATINGPOINT_MATH: 17171.330671359006
  CPU_PRIME: 73.898825347608451
  CPU_SORTING: 17557.885140420836
  CPU_ENCRYPTION: 7321.4755991263273
  CPU_COMPRESSION: 125394.72682988604
  CPU_SINGLETHREAD: 2435.7155151332795
  CPU_PHYSICS: 1387.0508786351672
  CPU_MATRIX_MULT_SSE: 7333.2467255160172
  CPU_mm: 724.72101654244034
  CPU_sse: 3193.1399312960125
  CPU_fma: 8767.1178829773489
  CPU_avx: 6475.3093445361865
  CPU_avx512: 10897.419743254519
  m_CPU_enc_SHA: 7382806709.6006517
  m_CPU_enc_AES: 11114794765.981951
  m_CPU_enc_ECDSA: 4533769317.9058599
  ME_ALLOC_S: 4096.3179956448184
  ME_READ_S: 23412.469531250001
  ME_READ_L: 11952.7890625
  ME_WRITE: 10722.857421875
  ME_LARGE: 247384
  ME_LATENCY: 51.375984050432173
  ME_THREADED: 54715.009765625
  SUMM_CPU: 11487.297160337024
  SUMM_ME: 2612.8441976526092
SystemInformation:
  OSName: Ubuntu 24.04.1 LTS
  Kernel: 6.8.0-1017-azure
  Device: ""
  Processor: Intel Xeon Platinum 8370C CPU @ 2.80GHz
  NumSockets: 1
  Manufacturer: GenuineIntel
  NumCores: 4
  NumLogicals: 8
  CPUFrequency: 2800
  Memory: 257738
  MemModuleInfo:
    iNumMemSticks: 3
    DIMM 1:
      manufacturer: Microsoft Corporation
      modulePartNo: None
      memType: Unknown
      size: 1
      clkspeed: 0
      moduleVoltage: 0
    DIMM 2:
      manufacturer: Microsoft Corporation
      modulePartNo: None
      memType: Unknown
      size: 59
      clkspeed: 0
      moduleVoltage: 0
    DIMM 3:
      manufacturer: Microsoft Corporation
      modulePartNo: None
      memType: Unknown
      size: 196
      clkspeed: 0
      moduleVoltage: 0
Checksum: 89AEBB8DAA0F03CBAA4EE2C706EF6BB548666E66