BaselineInfo:
  WebDBID: -1
  TimeStamp: 20260615230403
Version:
  Major: 11
  Minor: 0
  Build: 1004
  SpecialBuildName: ""
  ptArchitecture: x86_64_linux
Results:
  Results Complete: true
  NumTestProcesses: 4
  CPU_INTEGER_MATH: 21619.571
  CPU_FLOATINGPOINT_MATH: 13216.487471443848
  CPU_PRIME: 57.268820099692888
  CPU_SORTING: 10636.577298439419
  CPU_ENCRYPTION: 4371.5160225684913
  CPU_COMPRESSION: 82738.306565546867
  CPU_SINGLETHREAD: 3099.7312959678561
  CPU_PHYSICS: 1101.0777447794294
  CPU_MATRIX_MULT_SSE: 6506.1542147817163
  CPU_mm: 627.4170728273516
  CPU_sse: 2339.0648399779811
  CPU_fma: 7119.911798889183
  CPU_avx: 6858.4660818632474
  CPU_avx512: 9707.17413839646
  m_CPU_enc_SHA: 5463324126.6980267
  m_CPU_enc_AES: 4469813634.7450361
  m_CPU_enc_ECDSA: 3818462593.199276
  ME_ALLOC_S: 2690.4034315856952
  ME_READ_S: 27639.814062500001
  ME_READ_L: 26856.001953125
  ME_WRITE: 27429.31640625
  ME_LARGE: 23892.666666666668
  ME_LATENCY: 77.432442242155986
  ME_THREADED: 66695.173828125
  SUMM_CPU: 8187.2914314325008
  SUMM_ME: 2525.9723252207659
SystemInformation:
  OSName: Ubuntu 24.04.4 LTS
  Kernel: 6.8.0-124-generic
  Device: ""
  Processor: AMD EPYC-Turin Processor
  NumSockets: 1
  Manufacturer: AuthenticAMD
  NumCores: 2
  NumLogicals: 4
  CPUFrequency: 0
  CPUMaxFrequency: 0
  Memory: 32090
  CPUInfo:
    number: 1
    Family: 15
    Model: 0
    stepping: 0
    features: 395049983
    manufacture: AuthenticAMD
    typestring: AMD EPYC-Turin Processor
    iCoresPerPackage: 2
    iThreadsPerPackage: 2
    featuresEx:
      - 395049983
      - 4277809667
      - 802421759
    bHybrid: false
    nPCore: 0
    nLogicalsPerPCore: 0
    nECore: 0
    nLogicalsPerECore: 0
  MemModuleInfo:
    iNumMemSticks: 1
    DIMM 1:
      manufacturer: QEMU
      modulePartNo: Not Specified
      memType: RAM
      size: 32
      clkspeed: 0
      moduleVoltage: 0
Checksum: 8A92472EA4249EA9C00372E04603C83AEDD1C232