---
system-info:
      stress-ng-version: 0.17.08
      run-by: root
      date-yyyy-mm-dd: 2024:06:14
      time-hh-mm-ss: 23:41:47
      epoch-secs: 1718408507
      hostname: 12e60aa37f8a
      sysname: Linux
      nodename: 12e60aa37f8a
      release: 6.8.0-1008-aws
      version: '#8-Ubuntu SMP Sat Apr 20 00:46:25 UTC 2024'
      machine: x86_64
      compiler: 'musl-gcc 13.2.1'
      uptime: 136
      totalram: 8158912512
      freeram: 3842039808
      sharedram: 59863040
      bufferram: 109879296
      totalswap: 0
      freeswap: 0
      pagesize: 4096
      cpus: 2
      cpus-online: 2
      ticks-per-second: 100

metrics:
    - stressor: cpu
      bogo-ops: 37620
      bogo-ops-per-second-usr-sys-time: 1881.085778
      bogo-ops-per-second-real-time: 1880.989080
      wall-clock-time: 20.000116
      user-time: 19.998097
      system-time: 0.000991
      cpu-usage-per-instance: 99.994859
      max-rss: 1104

...
