---
system-info:
      stress-ng-version: 0.17.08
      run-by: root
      date-yyyy-mm-dd: 2024:06:08
      time-hh-mm-ss: 17:18:27
      epoch-secs: 1717867107
      hostname: 10a12713b9b3
      sysname: Linux
      nodename: 10a12713b9b3
      release: 6.8.0-1008-aws
      version: '#8-Ubuntu SMP Sat Apr 20 00:46:25 UTC 2024'
      machine: x86_64
      compiler: 'musl-gcc 13.2.1'
      uptime: 119
      totalram: 8158908416
      freeram: 3782029312
      sharedram: 59863040
      bufferram: 103747584
      totalswap: 0
      freeswap: 0
      pagesize: 4096
      cpus: 2
      cpus-online: 2
      ticks-per-second: 100

metrics:
    - stressor: cpu
      bogo-ops: 16570
      bogo-ops-per-second-usr-sys-time: 1657.098266
      bogo-ops-per-second-real-time: 1656.900490
      wall-clock-time: 10.000601
      user-time: 9.997408
      system-time: 0.001999
      cpu-usage-per-instance: 99.988065
      max-rss: 4048

...
