---
system-info:
      stress-ng-version: 0.17.08
      run-by: root
      date-yyyy-mm-dd: 2024:07:11
      time-hh-mm-ss: 14:16:29
      epoch-secs: 1720707389
      hostname: ip-172-31-53-181
      sysname: Linux
      nodename: ip-172-31-53-181
      release: 6.8.0-1010-aws
      version: '#10-Ubuntu SMP Thu Jun 13 17:48:42 UTC 2024'
      machine: aarch64
      compiler: 'musl-gcc 13.2.1'
      uptime: 156
      totalram: 66597523456
      freeram: 61429817344
      sharedram: 35012608
      bufferram: 135368704
      totalswap: 0
      freeswap: 0
      pagesize: 4096
      cpus: 4
      cpus-online: 4
      ticks-per-second: 100

metrics:
    - stressor: cpu
      bogo-ops: 121051
      bogo-ops-per-second-usr-sys-time: 1519.620238
      bogo-ops-per-second-real-time: 6052.515512
      wall-clock-time: 20.000114
      user-time: 79.655721
      system-time: 0.002997
      cpu-usage-per-instance: 99.572830
      max-rss: 1192

...
