---
system-info:
      stress-ng-version: 0.17.08
      run-by: root
      date-yyyy-mm-dd: 2024:09:24
      time-hh-mm-ss: 02:01:51
      epoch-secs: 1727143311
      hostname: sc-runner
      sysname: Linux
      nodename: sc-runner
      release: 6.8.0-1014-azure
      version: '#16-Ubuntu SMP Thu Aug 15 20:04:41 UTC 2024'
      machine: x86_64
      compiler: 'musl-gcc 13.2.1'
      uptime: 269
      totalram: 270250336256
      freeram: 258012934144
      sharedram: 55009280
      bufferram: 254185472
      totalswap: 0
      freeswap: 0
      pagesize: 4096
      cpus: 32
      cpus-online: 32
      ticks-per-second: 100

metrics:
    - stressor: cpu
      bogo-ops: 37962
      bogo-ops-per-second-usr-sys-time: 1898.089181
      bogo-ops-per-second-real-time: 1898.098212
      wall-clock-time: 20.000019
      user-time: 19.999114
      system-time: 0.001000
      cpu-usage-per-instance: 100.000476
      max-rss: 3080

...
