BaselineInfo:
  WebDBID: -1
  TimeStamp: 20260115192825
Version:
  Major: 11
  Minor: 0
  Build: 1004
  SpecialBuildName: ""
  ptArchitecture: x86_64_linux
Results:
  Results Complete: true
  NumTestProcesses: 2
  CPU_INTEGER_MATH: 10261.677333333333
  CPU_FLOATINGPOINT_MATH: 7456.2710762739935
  CPU_PRIME: 21.648187109823141
  CPU_SORTING: 5358.6427368818549
  CPU_ENCRYPTION: 2290.5868940478322
  CPU_COMPRESSION: 40731.389067284239
  CPU_SINGLETHREAD: 3253.3590884378123
  CPU_PHYSICS: 486.37586799327624
  CPU_MATRIX_MULT_SSE: 2730.0948495160337
  CPU_mm: 307.6494665331295
  CPU_sse: 1254.6937561801883
  CPU_fma: 3275.1598953188509
  CPU_avx: 2659.8833436553232
  CPU_avx512: 3730.642402909773
  m_CPU_enc_SHA: 2387872809.4784994
  m_CPU_enc_AES: 3113834915.6725388
  m_CPU_enc_ECDSA: 1703855603.8882618
  ME_ALLOC_S: 1610.7577703605662
  ME_READ_S: 28205.688671874999
  ME_READ_L: 12900.21484375
  ME_WRITE: 12131.029296875
  ME_LARGE: 19669.833333333332
  ME_LATENCY: 70.869546524592238
  ME_THREADED: 19174.5673828125
  SUMM_CPU: 4078.6148613205678
  SUMM_ME: 2035.6493890938659
SystemInformation:
  OSName: Ubuntu 24.04.3 LTS
  Kernel: 6.14.0-1018-aws
  Device: ""
  Processor: Intel(R) Xeon(R) 6975P-C
  NumSockets: 1
  Manufacturer: GenuineIntel
  NumCores: 1
  NumLogicals: 2
  CPUFrequency: 0
  CPUMaxFrequency: 0
  Memory: 31558
  CPUInfo:
    number: 1
    Family: 6
    Model: 13
    stepping: 1
    features: 529267711
    manufacture: GenuineIntel
    typestring: Intel(R) Xeon(R) 6975P-C
    iCoresPerPackage: 1
    iThreadsPerPackage: 2
    featuresEx:
      - 529267711
      - 4294619651
      - 739248128
    bHybrid: false
    nPCore: 0
    nLogicalsPerPCore: 0
    nECore: 0
    nLogicalsPerECore: 0
  MemModuleInfo:
    iNumMemSticks: 1
    DIMM 1:
      manufacturer: Not Specified
      modulePartNo: Not Specified
      memType: DDR5
      size: 32
      clkspeed: 3600
      moduleVoltage: 0
Checksum: A5FDAB78BEB78DEA9124C96527C4F4DC51406262