---
system-info:
      stress-ng-version: 0.17.08
      run-by: root
      date-yyyy-mm-dd: 2024:09:16
      time-hh-mm-ss: 19:01:10
      epoch-secs: 1726513270
      hostname: sc-runner
      sysname: Linux
      nodename: sc-runner
      release: 6.8.0-1014-azure
      version: '#16-Ubuntu SMP Thu Aug 15 21:06:50 UTC 2024'
      machine: aarch64
      compiler: 'musl-gcc 13.2.1'
      uptime: 326
      totalram: 168458100736
      freeram: 157984280576
      sharedram: 38195200
      bufferram: 256778240
      totalswap: 0
      freeswap: 0
      pagesize: 4096
      cpus: 20
      cpus-online: 20
      ticks-per-second: 100

metrics:
    - stressor: cpu
      bogo-ops: 36457
      bogo-ops-per-second-usr-sys-time: 1822.838972
      bogo-ops-per-second-real-time: 1822.841330
      wall-clock-time: 20.000095
      user-time: 20.000121
      system-time: 0.000000
      cpu-usage-per-instance: 100.000129
      max-rss: 1324

...
