BaselineInfo:
  WebDBID: -1
  TimeStamp: 20260404093204
Version:
  Major: 11
  Minor: 0
  Build: 1004
  SpecialBuildName: ""
  ptArchitecture: x86_64_linux
Results:
  Results Complete: true
  NumTestProcesses: 8
  CPU_INTEGER_MATH: 25569.798000000003
  CPU_FLOATINGPOINT_MATH: 13728.105500359183
  CPU_PRIME: 58.219992159577316
  CPU_SORTING: 15794.240525047524
  CPU_ENCRYPTION: 3536.5603349301664
  CPU_COMPRESSION: 119640.55155360482
  CPU_SINGLETHREAD: 2146.6217252286488
  CPU_PHYSICS: 986.23990496607928
  CPU_MATRIX_MULT_SSE: 7075.0728601972705
  CPU_mm: 777.52451373552174
  CPU_sse: 2795.4984989899135
  CPU_fma: 8681.4107704658709
  CPU_avx: 6136.2198557409747
  CPU_avx512: 10687.162315592317
  m_CPU_enc_SHA: 1153892369.4118605
  m_CPU_enc_AES: 8922469112.5835495
  m_CPU_enc_ECDSA: 1048695387.2837949
  ME_ALLOC_S: 2977.0868751634098
  ME_READ_S: 24339.794921875
  ME_READ_L: 10217.701171875
  ME_WRITE: 9958.6669921875
  ME_LARGE: 18309.416666666668
  ME_LATENCY: 55.10209025421829
  ME_THREADED: 47069.95703125
  SUMM_CPU: 8999.7917495352867
  SUMM_ME: 2319.7460773553439
SystemInformation:
  OSName: Ubuntu 24.04.4 LTS
  Kernel: 6.8.0-106-generic
  Device: ""
  Processor: Intel(R) Xeon(R) Platinum 8269CY CPU T 3.10GHz
  NumSockets: 1
  Manufacturer: GenuineIntel
  NumCores: 4
  NumLogicals: 8
  CPUFrequency: 3100
  CPUMaxFrequency: 3800
  Memory: 31173
  CPUInfo:
    number: 1
    Family: 6
    Model: 5
    stepping: 7
    features: 529267711
    manufacture: GenuineIntel
    typestring: Intel(R) Xeon(R) Platinum 8269CY CPU T 3.10GHz
    iCoresPerPackage: 4
    iThreadsPerPackage: 2
    featuresEx:
      - 529267711
      - 4277809667
      - 739248128
    bHybrid: false
    nPCore: 0
    nLogicalsPerPCore: 0
    nECore: 0
    nLogicalsPerECore: 0
  MemModuleInfo:
    iNumMemSticks: 2
    DIMM 1:
      manufacturer: Alibaba Cloud
      modulePartNo: Not Specified
      memType: RAM
      size: 16
      clkspeed: 0
      moduleVoltage: 0
    DIMM 2:
      manufacturer: Alibaba Cloud
      modulePartNo: Not Specified
      memType: RAM
      size: 16
      clkspeed: 0
      moduleVoltage: 0
Checksum: B1E44CA9A5403F9F954681E08B0A0298E6734EA2