BaselineInfo:
  WebDBID: -1
  TimeStamp: 20241109075640
Version:
  Major: 11
  Minor: 0
  Build: 1002
  SpecialBuildName: ""
  ptArchitecture: x86_64_linux
Results:
  Results Complete: true
  NumTestProcesses: 32
  CPU_INTEGER_MATH: 90812.218666666682
  CPU_FLOATINGPOINT_MATH: 48673.665805477962
  CPU_PRIME: 128.15748454944114
  CPU_SORTING: 46329.850405213641
  CPU_ENCRYPTION: 12453.581167714423
  CPU_COMPRESSION: 398924.24985778809
  CPU_SINGLETHREAD: 1815.9793242243561
  CPU_PHYSICS: 2331.3080941079479
  CPU_MATRIX_MULT_SSE: 24943.064803357232
  CPU_mm: 2760.9012258851853
  CPU_sse: 9857.755764288795
  CPU_fma: 29322.531746890741
  CPU_avx: 20705.297558707702
  CPU_avx512: 39886.67414354167
  m_CPU_enc_SHA: 4098719894.8883457
  m_CPU_enc_AES: 31416033007.256622
  m_CPU_enc_ECDSA: 3660826077.4069862
  ME_ALLOC_S: 10429.82013801878
  ME_READ_S: 22213.204296874999
  ME_READ_L: 10102.0263671875
  ME_WRITE: 9913.6845703125
  ME_LARGE: 244246.58333333334
  ME_LATENCY: 52.919339574046411
  ME_THREADED: 110266.35546875
  SUMM_CPU: 25455.227092300738
  SUMM_ME: 2569.0810873974101
SystemInformation:
  OSName: Ubuntu 24.04.1 LTS
  Kernel: 6.8.0-1016-aws
  Device: ""
  Processor: Intel Xeon Platinum 8259CL CPU @ 2.50GHz
  NumSockets: 1
  Manufacturer: GenuineIntel
  NumCores: 16
  NumLogicals: 32
  CPUFrequency: 0
  Memory: 255010
  MemModuleInfo:
    iNumMemSticks: 1
    DIMM 1:
      manufacturer: Not Specified
      modulePartNo: Not Specified
      memType: DDR4
      size: 256
      clkspeed: 1600
      moduleVoltage: 0
Checksum: 9C389130F34D859AAFD3FC92F8F04FC5C6EFA10B