---
system-info:
      stress-ng-version: 0.17.08
      run-by: root
      date-yyyy-mm-dd: 2024:07:09
      time-hh-mm-ss: 15:35:54
      epoch-secs: 1720539354
      hostname: n1-ultramem-40-c26bb03
      sysname: Linux
      nodename: n1-ultramem-40-c26bb03
      release: 6.8.0-1009-gcp
      version: '#10-Ubuntu SMP Wed Jun 12 18:52:23 UTC 2024'
      machine: x86_64
      compiler: 'musl-gcc 13.2.1'
      uptime: 218
      totalram: 1015205617664
      freeram: 1009482035200
      sharedram: 59236352
      bufferram: 134066176
      totalswap: 0
      freeswap: 0
      pagesize: 4096
      cpus: 40
      cpus-online: 40
      ticks-per-second: 100

metrics:
    - stressor: cpu
      bogo-ops: 16926
      bogo-ops-per-second-usr-sys-time: 846.306855
      bogo-ops-per-second-real-time: 846.292928
      wall-clock-time: 20.000167
      user-time: 19.997837
      system-time: 0.002001
      cpu-usage-per-instance: 99.998354
      max-rss: 980

...
