---
system-info:
      stress-ng-version: 0.17.08
      run-by: root
      date-yyyy-mm-dd: 2024:09:24
      time-hh-mm-ss: 04:30:48
      epoch-secs: 1727152248
      hostname: c4-highmem-192-b839090
      sysname: Linux
      nodename: c4-highmem-192-b839090
      release: 6.8.0-1014-gcp
      version: '#16-Ubuntu SMP Mon Aug 26 15:55:46 UTC 2024'
      machine: x86_64
      compiler: 'musl-gcc 13.2.1'
      uptime: 205
      totalram: 1572570124288
      freeram: 1558794805248
      sharedram: 1094156288
      bufferram: 252682240
      totalswap: 0
      freeswap: 0
      pagesize: 4096
      cpus: 192
      cpus-online: 192
      ticks-per-second: 100

metrics:
    - stressor: cpu
      bogo-ops: 3304824
      bogo-ops-per-second-usr-sys-time: 860.884015
      bogo-ops-per-second-real-time: 165240.488721
      wall-clock-time: 20.000086
      user-time: 3838.822567
      system-time: 0.049965
      cpu-usage-per-instance: 99.970209
      max-rss: 0

...
