---
system-info:
      stress-ng-version: 0.17.08
      run-by: root
      date-yyyy-mm-dd: 2024:06:08
      time-hh-mm-ss: 04:25:47
      epoch-secs: 1717820747
      hostname: 6b2deb8c3573
      sysname: Linux
      nodename: 6b2deb8c3573
      release: 6.8.0-1008-aws
      version: '#8-Ubuntu SMP Sat Apr 20 00:46:25 UTC 2024'
      machine: x86_64
      compiler: 'musl-gcc 13.2.1'
      uptime: 152
      totalram: 267397992448
      freeram: 262740336640
      sharedram: 40869888
      bufferram: 96804864
      totalswap: 0
      freeswap: 0
      pagesize: 4096
      cpus: 32
      cpus-online: 32
      ticks-per-second: 100

metrics:
    - stressor: cpu
      bogo-ops: 14362
      bogo-ops-per-second-usr-sys-time: 1436.060702
      bogo-ops-per-second-real-time: 1436.054864
      wall-clock-time: 10.001011
      user-time: 9.999971
      system-time: 0.000999
      cpu-usage-per-instance: 99.999593
      max-rss: 3848

...
