---
system-info:
      stress-ng-version: 0.17.08
      run-by: root
      date-yyyy-mm-dd: 2024:06:13
      time-hh-mm-ss: 17:41:00
      epoch-secs: 1718300460
      hostname: b511d7156b56
      sysname: Linux
      nodename: b511d7156b56
      release: 6.8.0-1008-aws
      version: '#8-Ubuntu SMP Sat Apr 20 00:46:25 UTC 2024'
      machine: x86_64
      compiler: 'musl-gcc 13.2.1'
      uptime: 160
      totalram: 267397988352
      freeram: 262659096576
      sharedram: 40869888
      bufferram: 107294720
      totalswap: 0
      freeswap: 0
      pagesize: 4096
      cpus: 32
      cpus-online: 32
      ticks-per-second: 100

metrics:
    - stressor: cpu
      bogo-ops: 26526
      bogo-ops-per-second-usr-sys-time: 1326.295225
      bogo-ops-per-second-real-time: 1326.290545
      wall-clock-time: 20.000143
      user-time: 20.000072
      system-time: 0.000000
      cpu-usage-per-instance: 99.999647
      max-rss: 1032

...
