BaselineInfo:
  WebDBID: -1
  TimeStamp: 20250730005247
Version:
  Major: 11
  Minor: 0
  Build: 1002
  SpecialBuildName: ""
  ptArchitecture: x86_64_linux
Results:
  Results Complete: true
  NumTestProcesses: 16
  CPU_INTEGER_MATH: 70305.667333333346
  CPU_FLOATINGPOINT_MATH: 39154.656748058369
  CPU_PRIME: 93.784709455819524
  CPU_SORTING: 37182.288184597855
  CPU_ENCRYPTION: 17545.921617284162
  CPU_COMPRESSION: 274179.83251085365
  CPU_SINGLETHREAD: 2634.2937334738676
  CPU_PHYSICS: 2100.4699119826128
  CPU_MATRIX_MULT_SSE: 15544.902316733558
  CPU_mm: 1872.3663722185477
  CPU_sse: 7890.1282881239567
  CPU_fma: 21726.678740135438
  CPU_avx: 17017.899921941287
  CPU_avx512: 0
  m_CPU_enc_SHA: 25341921137.132545
  m_CPU_enc_AES: 16128393477.714291
  m_CPU_enc_ECDSA: 13724382302.44924
  ME_ALLOC_S: 6511.8687729898793
  ME_READ_S: 26574.019140625001
  ME_READ_L: 16097.6728515625
  ME_WRITE: 16349.287109375
  ME_LARGE: 108575.41666666667
  ME_LATENCY: 70.086790311933285
  ME_THREADED: 37503.606323242188
  SUMM_CPU: 22764.952631154163
  SUMM_ME: 2497.7580970968775
SystemInformation:
  OSName: Ubuntu 24.04.2 LTS
  Kernel: 6.8.0-1030-aws
  Device: ""
  Processor: AMD EPYC 7R13 Processor
  NumSockets: 1
  Manufacturer: AuthenticAMD
  NumCores: 8
  NumLogicals: 16
  CPUFrequency: 0
  Memory: 124072
  MemModuleInfo:
    iNumMemSticks: 1
    DIMM 1:
      manufacturer: Not Specified
      modulePartNo: Not Specified
      memType: DDR4
      size: 128
      clkspeed: 1600
      moduleVoltage: 0
Checksum: 6C10FC0C62AD2755F45B7CF5ED1CF870B9157A37