---
system-info:
      stress-ng-version: 0.17.08
      run-by: root
      date-yyyy-mm-dd: 2024:09:20
      time-hh-mm-ss: 00:06:59
      epoch-secs: 1726790819
      hostname: sc-runner
      sysname: Linux
      nodename: sc-runner
      release: 6.8.0-1014-azure
      version: '#16-Ubuntu SMP Thu Aug 15 20:04:41 UTC 2024'
      machine: x86_64
      compiler: 'musl-gcc 13.2.1'
      uptime: 329
      totalram: 8323645440
      freeram: 335097856
      sharedram: 38084608
      bufferram: 228007936
      totalswap: 0
      freeswap: 0
      pagesize: 4096
      cpus: 2
      cpus-online: 2
      ticks-per-second: 100

metrics:
    - stressor: cpu
      bogo-ops: 53984
      bogo-ops-per-second-usr-sys-time: 2699.414468
      bogo-ops-per-second-real-time: 2699.191280
      wall-clock-time: 20.000065
      user-time: 19.997411
      system-time: 0.001000
      cpu-usage-per-instance: 99.991732
      max-rss: 3152

...
