BaselineInfo:
  WebDBID: -1
  TimeStamp: 20260621233923
Version:
  Major: 11
  Minor: 0
  Build: 1004
  SpecialBuildName: ""
  ptArchitecture: x86_64_linux
Results:
  Results Complete: true
  NumTestProcesses: 160
  CPU_INTEGER_MATH: 954098.0236666667
  CPU_FLOATINGPOINT_MATH: 556452.8529985107
  CPU_PRIME: 1282.2304483518253
  CPU_SORTING: 366122.96752175852
  CPU_ENCRYPTION: 178907.58423445784
  CPU_COMPRESSION: 2930343.9445573627
  CPU_SINGLETHREAD: 3753.3357139866512
  CPU_PHYSICS: 22459.028794318139
  CPU_MATRIX_MULT_SSE: 194713.0760270161
  CPU_mm: 20491.890439192444
  CPU_sse: 78578.066275105375
  CPU_fma: 213877.80342533955
  CPU_avx: 206893.03145503424
  CPU_avx512: 279503.40295258519
  m_CPU_enc_SHA: 231818969503.35812
  m_CPU_enc_AES: 184101388602.99484
  m_CPU_enc_ECDSA: 146874239032.33981
  ME_ALLOC_S: 41416.441532717399
  ME_READ_S: 34105.506640624997
  ME_READ_L: 31188.01953125
  ME_WRITE: 30597.494140625
  ME_LARGE: 1276229.6666666667
  ME_LATENCY: 78.696724581940003
  ME_THREADED: 596092.7802734375
  SUMM_CPU: 144267.76799878862
  SUMM_ME: 3006.3512556349647
SystemInformation:
  OSName: Ubuntu 24.04.4 LTS
  Kernel: 6.17.0-1018-azure
  Device: ""
  Processor: "AMD EPYC 9V45 96-Core Processor                "
  NumSockets: 1
  Manufacturer: AuthenticAMD
  NumCores: 80
  NumLogicals: 160
  CPUFrequency: 0
  CPUMaxFrequency: 0
  Memory: 1290068
  CPUInfo:
    number: 1
    Family: 15
    Model: 2
    stepping: 1
    features: 395049983
    manufacture: AuthenticAMD
    typestring: "AMD EPYC 9V45 96-Core Processor                "
    iCoresPerPackage: 128
    iThreadsPerPackage: 2
    featuresEx:
      - 395049983
      - 4277809667
      - 802421759
    bHybrid: false
    nPCore: 0
    nLogicalsPerPCore: 0
    nECore: 0
    nLogicalsPerECore: 0
  MemModuleInfo:
    iNumMemSticks: 8
    DIMM 1:
      manufacturer: Microsoft Corporation
      modulePartNo: None
      memType: Unknown
      size: 1
      clkspeed: 0
      moduleVoltage: 0
    DIMM 2:
      manufacturer: Microsoft Corporation
      modulePartNo: None
      memType: Unknown
      size: 59
      clkspeed: 0
      moduleVoltage: 0
    DIMM 3:
      manufacturer: Microsoft Corporation
      modulePartNo: None
      memType: Unknown
      size: 196
      clkspeed: 0
      moduleVoltage: 0
    DIMM 4:
      manufacturer: Microsoft Corporation
      modulePartNo: None
      memType: Unknown
      size: 256
      clkspeed: 0
      moduleVoltage: 0
    DIMM 5:
      manufacturer: Microsoft Corporation
      modulePartNo: None
      memType: Unknown
      size: 256
      clkspeed: 0
      moduleVoltage: 0
    DIMM 6:
      manufacturer: Microsoft Corporation
      modulePartNo: None
      memType: Unknown
      size: 240
      clkspeed: 0
      moduleVoltage: 0
    DIMM 7:
      manufacturer: Microsoft Corporation
      modulePartNo: None
      memType: Unknown
      size: 16
      clkspeed: 0
      moduleVoltage: 0
    DIMM 8:
      manufacturer: Microsoft Corporation
      modulePartNo: None
      memType: Unknown
      size: 256
      clkspeed: 0
      moduleVoltage: 0
Checksum: 43954D87138E0157FADB6E6246C02DAF65F71723