---
system-info:
      stress-ng-version: 0.17.08
      run-by: root
      date-yyyy-mm-dd: 2024:09:16
      time-hh-mm-ss: 13:11:57
      epoch-secs: 1726492317
      hostname: sc-runner
      sysname: Linux
      nodename: sc-runner
      release: 6.8.0-1014-azure
      version: '#16-Ubuntu SMP Thu Aug 15 20:04:41 UTC 2024'
      machine: x86_64
      compiler: 'musl-gcc 13.2.1'
      uptime: 304
      totalram: 33650913280
      freeram: 23515041792
      sharedram: 42090496
      bufferram: 237096960
      totalswap: 0
      freeswap: 0
      pagesize: 4096
      cpus: 8
      cpus-online: 8
      ticks-per-second: 100

metrics:
    - stressor: cpu
      bogo-ops: 148344
      bogo-ops-per-second-usr-sys-time: 930.874890
      bogo-ops-per-second-real-time: 7417.159526
      wall-clock-time: 20.000109
      user-time: 159.335775
      system-time: 0.023986
      cpu-usage-per-instance: 99.599307
      max-rss: 3152

...
