---
system-info:
      stress-ng-version: 0.17.08
      run-by: root
      date-yyyy-mm-dd: 2024:09:03
      time-hh-mm-ss: 13:21:54
      epoch-secs: 1725369714
      hostname: sc-runner
      sysname: Linux
      nodename: sc-runner
      release: 6.8.0-1013-azure
      version: '#15-Ubuntu SMP Thu Aug  8 18:40:40 UTC 2024'
      machine: x86_64
      compiler: 'musl-gcc 13.2.1'
      uptime: 375
      totalram: 33650925568
      freeram: 25052622848
      sharedram: 42090496
      bufferram: 221335552
      totalswap: 0
      freeswap: 0
      pagesize: 4096
      cpus: 8
      cpus-online: 8
      ticks-per-second: 100

metrics:
    - stressor: cpu
      bogo-ops: 148488
      bogo-ops-per-second-usr-sys-time: 930.817180
      bogo-ops-per-second-real-time: 7424.353822
      wall-clock-time: 20.000124
      user-time: 159.501359
      system-time: 0.022985
      cpu-usage-per-instance: 99.702095
      max-rss: 3280

...
