BaselineInfo:
  WebDBID: -1
  TimeStamp: 20241110075645
Version:
  Major: 11
  Minor: 0
  Build: 1002
  SpecialBuildName: ""
  ptArchitecture: x86_64_linux
Results:
  Results Complete: true
  NumTestProcesses: 96
  CPU_INTEGER_MATH: 272523.27600000001
  CPU_FLOATINGPOINT_MATH: 145912.42769309998
  CPU_PRIME: 348.78328889338712
  CPU_SORTING: 137898.22014435189
  CPU_ENCRYPTION: 37170.270539394063
  CPU_COMPRESSION: 1187006.2087720672
  CPU_SINGLETHREAD: 1956.0041045774049
  CPU_PHYSICS: 5119.9880537716035
  CPU_MATRIX_MULT_SSE: 74649.967931055144
  CPU_mm: 8285.1797425536461
  CPU_sse: 29440.974556453337
  CPU_fma: 87892.584045444208
  CPU_avx: 61958.865103544609
  CPU_avx512: 119307.44801877838
  m_CPU_enc_SHA: 12247593181.355362
  m_CPU_enc_AES: 93733160678.825348
  m_CPU_enc_ECDSA: 10946806943.16634
  ME_ALLOC_S: 21673.675894209122
  ME_READ_S: 23810.403710937499
  ME_READ_L: 11591.7900390625
  ME_WRITE: 10927.6494140625
  ME_LARGE: 752250.83333333337
  ME_LATENCY: 51.733203650810282
  ME_THREADED: 216892.85998535156
  SUMM_CPU: 55910.679123304923
  SUMM_ME: 2808.2944469589884
SystemInformation:
  OSName: Ubuntu 24.04.1 LTS
  Kernel: 6.8.0-1016-aws
  Device: ""
  Processor: Intel Xeon Platinum 8259CL CPU @ 2.50GHz
  NumSockets: 2
  Manufacturer: GenuineIntel
  NumCores: 48
  NumLogicals: 96
  CPUFrequency: 0
  Memory: 765865
  MemModuleInfo:
    iNumMemSticks: 2
    DIMM 1:
      manufacturer: Not Specified
      modulePartNo: Not Specified
      memType: DDR4
      size: 384
      clkspeed: 1333
      moduleVoltage: 0
    DIMM 2:
      manufacturer: Not Specified
      modulePartNo: Not Specified
      memType: DDR4
      size: 384
      clkspeed: 1333
      moduleVoltage: 0
Checksum: 828888D3CA29B7A4D189D87F67268B4B4A8311AC