---
system-info:
      stress-ng-version: 0.17.08
      run-by: root
      date-yyyy-mm-dd: 2024:06:09
      time-hh-mm-ss: 20:56:25
      epoch-secs: 1717966585
      hostname: b3d0d7beb163
      sysname: Linux
      nodename: b3d0d7beb163
      release: 6.8.0-1008-aws
      version: '#8-Ubuntu SMP Sat Apr 20 00:46:25 UTC 2024'
      machine: x86_64
      compiler: 'musl-gcc 13.2.1'
      uptime: 112
      totalram: 1616572473344
      freeram: 1608141676544
      sharedram: 121581568
      bufferram: 114225152
      totalswap: 0
      freeswap: 0
      pagesize: 4096
      cpus: 192
      cpus-online: 192
      ticks-per-second: 100

metrics:
    - stressor: cpu
      bogo-ops: 3103509
      bogo-ops-per-second-usr-sys-time: 1619.604179
      bogo-ops-per-second-real-time: 310307.456760
      wall-clock-time: 10.001400
      user-time: 1915.925619
      system-time: 0.288874
      cpu-usage-per-instance: 99.788868
      max-rss: 3072

...
