---
system-info:
      stress-ng-version: 0.17.08
      run-by: root
      date-yyyy-mm-dd: 2024:07:12
      time-hh-mm-ss: 15:32:02
      epoch-secs: 1720798322
      hostname: ip-172-31-57-15
      sysname: Linux
      nodename: ip-172-31-57-15
      release: 6.8.0-1010-aws
      version: '#10-Ubuntu SMP Thu Jun 13 17:36:15 UTC 2024'
      machine: x86_64
      compiler: 'musl-gcc 13.2.1'
      uptime: 130
      totalram: 1616572432384
      freeram: 1607613460480
      sharedram: 121565184
      bufferram: 130351104
      totalswap: 0
      freeswap: 0
      pagesize: 4096
      cpus: 192
      cpus-online: 192
      ticks-per-second: 100

metrics:
    - stressor: cpu
      bogo-ops: 11794148
      bogo-ops-per-second-usr-sys-time: 3077.123549
      bogo-ops-per-second-real-time: 589705.958663
      wall-clock-time: 20.000049
      user-time: 3832.771429
      system-time: 0.076948
      cpu-usage-per-instance: 99.813516
      max-rss: 0

...
