---
system-info:
      stress-ng-version: 0.17.08
      run-by: root
      date-yyyy-mm-dd: 2024:07:02
      time-hh-mm-ss: 16:21:39
      epoch-secs: 1719937299
      hostname: n2-highcpu-48-7eb5a52
      sysname: Linux
      nodename: n2-highcpu-48-7eb5a52
      release: 6.8.0-1009-gcp
      version: '#10-Ubuntu SMP Wed Jun 12 18:52:23 UTC 2024'
      machine: x86_64
      compiler: 'musl-gcc 13.2.1'
      uptime: 154
      totalram: 50597146624
      freeram: 44778180608
      sharedram: 71000064
      bufferram: 127545344
      totalswap: 0
      freeswap: 0
      pagesize: 4096
      cpus: 48
      cpus-online: 48
      ticks-per-second: 100

metrics:
    - stressor: cpu
      bogo-ops: 891514
      bogo-ops-per-second-usr-sys-time: 929.272658
      bogo-ops-per-second-real-time: 44575.465982
      wall-clock-time: 20.000105
      user-time: 959.328535
      system-time: 0.038979
      cpu-usage-per-instance: 99.933591
      max-rss: 1152

...
