BaselineInfo:
  WebDBID: -1
  TimeStamp: 20260715073636
Version:
  Major: 11
  Minor: 0
  Build: 1004
  SpecialBuildName: ""
  ptArchitecture: x86_64_linux
Results:
  Results Complete: true
  NumTestProcesses: 416
  CPU_INTEGER_MATH: 1166319.3193333331
  CPU_FLOATINGPOINT_MATH: 621276.47294136288
  CPU_PRIME: 1336.869344841843
  CPU_SORTING: 578733.15590748249
  CPU_ENCRYPTION: 151621.86681861765
  CPU_COMPRESSION: 4935237.1925583556
  CPU_SINGLETHREAD: 1952.2602087656335
  CPU_PHYSICS: 19249.76745901303
  CPU_MATRIX_MULT_SSE: 312286.43964014133
  CPU_mm: 33037.640847352879
  CPU_sse: 120501.13934720781
  CPU_fma: 381205.39015359816
  CPU_avx: 269419.58365263278
  CPU_avx512: 478019.64540712757
  m_CPU_enc_SHA: 49837045871.005013
  m_CPU_enc_AES: 382558213205.59076
  m_CPU_enc_ECDSA: 44565892787.000885
  ME_ALLOC_S: 20589.643913946416
  ME_READ_S: 22224.102343750001
  ME_READ_L: 6484.4306640625
  ME_WRITE: 4922.44482421875
  ME_LARGE: 5714285.333333333
  ME_LATENCY: 58.883665940694833
  ME_THREADED: 847551.03100585938
  SUMM_CPU: 103541.53067571373
  SUMM_ME: 2033.8717943646679
SystemInformation:
  OSName: Ubuntu 24.04.4 LTS
  Kernel: 6.17.0-1020-azure
  Device: ""
  Processor: Intel(R) Xeon(R) Platinum 8280L CPU @ 2.70GHz
  NumSockets: 8
  Manufacturer: GenuineIntel
  NumCores: 208
  NumLogicals: 416
  CPUFrequency: 0
  CPUMaxFrequency: 0
  Memory: 5745270
  CPUInfo:
    number: 8
    Family: 6
    Model: 5
    stepping: 7
    features: 529267711
    manufacture: GenuineIntel
    typestring: Intel(R) Xeon(R) Platinum 8280L CPU @ 2.70GHz
    iCoresPerPackage: 32
    iThreadsPerPackage: 2
    featuresEx:
      - 529267711
      - 4277809667
      - 739248128
    bHybrid: false
    nPCore: 0
    nLogicalsPerPCore: 0
    nECore: 0
    nLogicalsPerECore: 0
  MemModuleInfo:
    iNumMemSticks: 10
    DIMM 1:
      manufacturer: Microsoft Corporation
      modulePartNo: None
      memType: Unknown
      size: 1
      clkspeed: 0
      moduleVoltage: 0
    DIMM 2:
      manufacturer: Microsoft Corporation
      modulePartNo: None
      memType: Unknown
      size: 59
      clkspeed: 0
      moduleVoltage: 0
    DIMM 3:
      manufacturer: Microsoft Corporation
      modulePartNo: None
      memType: Unknown
      size: 653
      clkspeed: 0
      moduleVoltage: 0
    DIMM 4:
      manufacturer: Microsoft Corporation
      modulePartNo: None
      memType: Unknown
      size: 713
      clkspeed: 0
      moduleVoltage: 0
    DIMM 5:
      manufacturer: Microsoft Corporation
      modulePartNo: None
      memType: Unknown
      size: 713
      clkspeed: 0
      moduleVoltage: 0
    DIMM 6:
      manufacturer: Microsoft Corporation
      modulePartNo: None
      memType: Unknown
      size: 713
      clkspeed: 0
      moduleVoltage: 0
    DIMM 7:
      manufacturer: Microsoft Corporation
      modulePartNo: None
      memType: Unknown
      size: 712
      clkspeed: 0
      moduleVoltage: 0
    DIMM 8:
      manufacturer: Microsoft Corporation
      modulePartNo: None
      memType: Unknown
      size: 712
      clkspeed: 0
      moduleVoltage: 0
    DIMM 9:
      manufacturer: Microsoft Corporation
      modulePartNo: None
      memType: Unknown
      size: 712
      clkspeed: 0
      moduleVoltage: 0
    DIMM 10:
      manufacturer: Microsoft Corporation
      modulePartNo: None
      memType: Unknown
      size: 712
      clkspeed: 0
      moduleVoltage: 0
Checksum: 95B9DC1851A83549E418AD48726236144FE7691B