BaselineInfo:
  WebDBID: -1
  TimeStamp: 20260403205607
Version:
  Major: 11
  Minor: 0
  Build: 1004
  SpecialBuildName: ""
  ptArchitecture: aarch64_linux
Results:
  Results Complete: true
  NumTestProcesses: 4
  CPU_INTEGER_MATH: 22070.302666666666
  CPU_FLOATINGPOINT_MATH: 18532.662770851479
  CPU_PRIME: 50.044317707877731
  CPU_SORTING: 17742.315365408122
  CPU_ENCRYPTION: 651.04278843107727
  CPU_COMPRESSION: 23292.977646193533
  CPU_SINGLETHREAD: 1643.690555349757
  CPU_PHYSICS: 1139.7690173145118
  CPU_MATRIX_MULT_SSE: 3117.9703220268452
  CPU_mm: 503.9009224575521
  CPU_sse: 2630.1397845187512
  CPU_fma: 3605.8008595349388
  CPU_avx: 0
  CPU_avx512: 0
  m_CPU_enc_SHA: 953228802.47388756
  m_CPU_enc_AES: 424260370.5682888
  m_CPU_enc_ECDSA: 670514355.72353983
  ME_ALLOC_S: 4333.5624331360468
  ME_READ_S: 22479.9052734375
  ME_READ_L: 18235.275390625
  ME_WRITE: 22440.087890625
  ME_LARGE: 1748.5833333333333
  ME_LATENCY: 59.098218092054161
  ME_THREADED: 68626.470703125
  SUMM_CPU: 3461.6645177496571
  SUMM_ME: 1858.283702584306
SystemInformation:
  OSName: Ubuntu 24.04.4 LTS
  Kernel: 6.8.0-106-generic
  Device: ""
  Processor: ARM Neoverse-N2 4 Core 3000 MHz
  NumSockets: 1
  Manufacturer: ARM
  NumCores: 4
  NumLogicals: 4
  CPUFrequency: 3000
  CPUMaxFrequency: 3000
  Memory: 7343
Checksum: 741B85A8B9C1256CB2E54DACCD7F5D941FDEB84C