BaselineInfo:
  WebDBID: -1
  TimeStamp: 20241107233544
Version:
  Major: 11
  Minor: 0
  Build: 1002
  SpecialBuildName: ""
  ptArchitecture: x86_64_linux
Results:
  Results Complete: true
  NumTestProcesses: 4
  CPU_INTEGER_MATH: 11008.621000000001
  CPU_FLOATINGPOINT_MATH: 5864.3100834536253
  CPU_PRIME: 24.805561911868757
  CPU_SORTING: 6052.7311099495819
  CPU_ENCRYPTION: 549.71142743647783
  CPU_COMPRESSION: 50465.894824269461
  CPU_SINGLETHREAD: 1748.2896514721529
  CPU_PHYSICS: 541.84902076711899
  CPU_MATRIX_MULT_SSE: 1275.9026579153353
  CPU_mm: 353.96319573295483
  CPU_sse: 1275.9026579153353
  CPU_fma: 0
  CPU_avx: 0
  CPU_avx512: 0
  m_CPU_enc_SHA: 506946406.29137933
  m_CPU_enc_AES: 762483578.30439138
  m_CPU_enc_ECDSA: 459812644.61112595
  ME_ALLOC_S: 1749.9821969809313
  ME_READ_S: 21525.794531250001
  ME_READ_L: 9431.5166015625
  ME_WRITE: 9095.79296875
  ME_LARGE: 24226
  ME_LATENCY: 58.459925635885234
  ME_THREADED: 23881.82421875
  SUMM_CPU: 2609.6197922961082
  SUMM_ME: 2020.2879202257127
SystemInformation:
  OSName: Ubuntu 24.04.1 LTS
  Kernel: 6.8.0-1016-aws
  Device: ""
  Processor: Intel Xeon CPU E5-2665 0 @ 2.40GHz
  NumSockets: 1
  Manufacturer: GenuineIntel
  NumCores: 4
  NumLogicals: 4
  CPUFrequency: 0
  Memory: 34242
  MemModuleInfo:
    iNumMemSticks: 3
    DIMM 1:
      manufacturer: Not Specified
      modulePartNo: Not Specified
      memType: RAM
      size: 16
      clkspeed: 0
      moduleVoltage: 0
    DIMM 2:
      manufacturer: Not Specified
      modulePartNo: Not Specified
      memType: RAM
      size: 16
      clkspeed: 0
      moduleVoltage: 0
    DIMM 3:
      manufacturer: Not Specified
      modulePartNo: Not Specified
      memType: RAM
      size: 2232
      clkspeed: 0
      moduleVoltage: 0
Checksum: 7208AC868572C620B1D6944394EBACB2747E3435