BaselineInfo:
  WebDBID: -1
  TimeStamp: 20241107204551
Version:
  Major: 11
  Minor: 0
  Build: 1002
  SpecialBuildName: ""
  ptArchitecture: x86_64_linux
Results:
  Results Complete: true
  NumTestProcesses: 8
  CPU_INTEGER_MATH: 33648.698666666663
  CPU_FLOATINGPOINT_MATH: 17194.884682119264
  CPU_PRIME: 75.324828837256533
  CPU_SORTING: 17565.834236827151
  CPU_ENCRYPTION: 7319.4911647961544
  CPU_COMPRESSION: 124241.28640405444
  CPU_SINGLETHREAD: 2434.7862183644179
  CPU_PHYSICS: 1391.7572118686076
  CPU_MATRIX_MULT_SSE: 7453.6022341873277
  CPU_mm: 724.70046056562262
  CPU_sse: 3193.6093388256008
  CPU_fma: 8769.7185642222776
  CPU_avx: 6473.738612393825
  CPU_avx512: 11377.342421307609
  m_CPU_enc_SHA: 7382754263.6958942
  m_CPU_enc_AES: 11112417890.38113
  m_CPU_enc_ECDSA: 4529956148.7748518
  ME_ALLOC_S: 4128.2418119390668
  ME_READ_S: 24464.657031250001
  ME_READ_L: 12835.2666015625
  ME_WRITE: 11358.115234375
  ME_LARGE: 22013.916666666668
  ME_LATENCY: 50.959534318846259
  ME_THREADED: 55021.94482421875
  SUMM_CPU: 11506.094902719111
  SUMM_ME: 2605.4742346680555
SystemInformation:
  OSName: Ubuntu 24.04.1 LTS
  Kernel: 6.8.0-1017-azure
  Device: ""
  Processor: Intel Xeon Platinum 8370C CPU @ 2.80GHz
  NumSockets: 1
  Manufacturer: GenuineIntel
  NumCores: 4
  NumLogicals: 8
  CPUFrequency: 2800
  Memory: 32091
  MemModuleInfo:
    iNumMemSticks: 2
    DIMM 1:
      manufacturer: Microsoft Corporation
      modulePartNo: None
      memType: Unknown
      size: 1
      clkspeed: 0
      moduleVoltage: 0
    DIMM 2:
      manufacturer: Microsoft Corporation
      modulePartNo: None
      memType: Unknown
      size: 31
      clkspeed: 0
      moduleVoltage: 0
Checksum: B47120374D2AE5FE1CB41B03FDD3D07781C11A9A