---
system-info:
      stress-ng-version: 0.17.08
      run-by: root
      date-yyyy-mm-dd: 2024:06:06
      time-hh-mm-ss: 13:04:09
      epoch-secs: 1717679049
      hostname: ee45b68b210a
      sysname: Linux
      nodename: ee45b68b210a
      release: 6.8.0-1008-aws
      version: '#8-Ubuntu SMP Sat Apr 20 00:46:25 UTC 2024'
      machine: x86_64
      compiler: 'musl-gcc 13.2.1'
      uptime: 176
      totalram: 270244069376
      freeram: 263621222400
      sharedram: 116703232
      bufferram: 83660800
      totalswap: 0
      freeswap: 0
      pagesize: 4096
      cpus: 128
      cpus-online: 128
      ticks-per-second: 100

metrics:
    - stressor: cpu
      bogo-ops: 16950
      bogo-ops-per-second-usr-sys-time: 1694.957287
      bogo-ops-per-second-real-time: 1694.963105
      wall-clock-time: 10.000218
      user-time: 9.998253
      system-time: 0.001999
      cpu-usage-per-instance: 100.000343
      max-rss: 3072

...
