---
system-info:
      stress-ng-version: 0.17.08
      run-by: root
      date-yyyy-mm-dd: 2024:06:13
      time-hh-mm-ss: 03:23:42
      epoch-secs: 1718249022
      hostname: 8fcada125fc0
      sysname: Linux
      nodename: 8fcada125fc0
      release: 6.8.0-1008-aws
      version: '#8-Ubuntu SMP Sat Apr 20 00:46:25 UTC 2024'
      machine: x86_64
      compiler: 'musl-gcc 13.2.1'
      uptime: 137
      totalram: 270244036608
      freeram: 263283200000
      sharedram: 116703232
      bufferram: 112627712
      totalswap: 0
      freeswap: 0
      pagesize: 4096
      cpus: 128
      cpus-online: 128
      ticks-per-second: 100

metrics:
    - stressor: cpu
      bogo-ops: 38197
      bogo-ops-per-second-usr-sys-time: 1909.831570
      bogo-ops-per-second-real-time: 1909.844399
      wall-clock-time: 20.000059
      user-time: 20.000193
      system-time: 0.000000
      cpu-usage-per-instance: 100.000672
      max-rss: 0

...
