---
system-info:
      stress-ng-version: 0.17.08
      run-by: root
      date-yyyy-mm-dd: 2024:09:16
      time-hh-mm-ss: 18:41:12
      epoch-secs: 1726512072
      hostname: sc-runner
      sysname: Linux
      nodename: sc-runner
      release: 6.8.0-1014-azure
      version: '#16-Ubuntu SMP Thu Aug 15 20:04:41 UTC 2024'
      machine: x86_64
      compiler: 'musl-gcc 13.2.1'
      uptime: 373
      totalram: 67421302784
      freeram: 57097682944
      sharedram: 57159680
      bufferram: 244953088
      totalswap: 0
      freeswap: 0
      pagesize: 4096
      cpus: 16
      cpus-online: 16
      ticks-per-second: 100

metrics:
    - stressor: cpu
      bogo-ops: 16574
      bogo-ops-per-second-usr-sys-time: 828.712928
      bogo-ops-per-second-real-time: 828.690507
      wall-clock-time: 20.000229
      user-time: 19.997685
      system-time: 0.002003
      cpu-usage-per-instance: 99.997294
      max-rss: 3024

...
