---
system-info:
      stress-ng-version: 0.17.08
      run-by: root
      date-yyyy-mm-dd: 2024:09:05
      time-hh-mm-ss: 17:07:28
      epoch-secs: 1725556048
      hostname: sc-runner
      sysname: Linux
      nodename: sc-runner
      release: 6.8.0-1013-azure
      version: '#15-Ubuntu SMP Thu Aug  8 18:40:40 UTC 2024'
      machine: x86_64
      compiler: 'musl-gcc 13.2.1'
      uptime: 395
      totalram: 67421315072
      freeram: 58551189504
      sharedram: 42225664
      bufferram: 233033728
      totalswap: 0
      freeswap: 0
      pagesize: 4096
      cpus: 16
      cpus-online: 16
      ticks-per-second: 100

metrics:
    - stressor: cpu
      bogo-ops: 20581
      bogo-ops-per-second-usr-sys-time: 1029.064355
      bogo-ops-per-second-real-time: 1029.043584
      wall-clock-time: 20.000125
      user-time: 19.998721
      system-time: 0.001000
      cpu-usage-per-instance: 99.997982
      max-rss: 3152

...
