BaselineInfo:
  WebDBID: -1
  TimeStamp: 20241108175718
Version:
  Major: 11
  Minor: 0
  Build: 1002
  SpecialBuildName: ""
  ptArchitecture: x86_64_linux
Results:
  Results Complete: true
  NumTestProcesses: 48
  CPU_INTEGER_MATH: 124468.27766666666
  CPU_FLOATINGPOINT_MATH: 65508.4816328499
  CPU_PRIME: 112.32789488857836
  CPU_SORTING: 72692.162737338309
  CPU_ENCRYPTION: 38866.324870799399
  CPU_COMPRESSION: 529197.70700234815
  CPU_SINGLETHREAD: 1446.9136506918335
  CPU_PHYSICS: 2797.7144774149638
  CPU_MATRIX_MULT_SSE: 19726.199342933745
  CPU_mm: 3770.2271861015979
  CPU_sse: 15186.518040631378
  CPU_fma: 22541.255542338477
  CPU_avx: 21450.824445831375
  CPU_avx512: 0
  m_CPU_enc_SHA: 54976544566.638931
  m_CPU_enc_AES: 38134377210.871338
  m_CPU_enc_ECDSA: 29151964625.659809
  ME_ALLOC_S: 11475.696155429714
  ME_READ_S: 14943.16591796875
  ME_READ_L: 11732.75
  ME_WRITE: 8149.82275390625
  ME_LARGE: 178936.83333333334
  ME_LATENCY: 59.759839488573242
  ME_THREADED: 90779.31884765625
  SUMM_CPU: 30531.585071557038
  SUMM_ME: 2215.290201866846
SystemInformation:
  OSName: Ubuntu 24.04.1 LTS
  Kernel: 6.8.0-1016-aws
  Device: ""
  Processor: AMD EPYC 7571
  NumSockets: 1
  Manufacturer: AuthenticAMD
  NumCores: 24
  NumLogicals: 48
  CPUFrequency: 0
  Memory: 190284
  MemModuleInfo:
    iNumMemSticks: 3
    DIMM 1:
      manufacturer: Not Specified
      modulePartNo: Not Specified
      memType: DDR4
      size: 64
      clkspeed: 1333
      moduleVoltage: 0
    DIMM 2:
      manufacturer: Not Specified
      modulePartNo: Not Specified
      memType: DDR4
      size: 64
      clkspeed: 1333
      moduleVoltage: 0
    DIMM 3:
      manufacturer: Not Specified
      modulePartNo: Not Specified
      memType: DDR4
      size: 64
      clkspeed: 1333
      moduleVoltage: 0
Checksum: 8E016A3A00A7FF76C0D0C574566FB5F3E549A2AB