---
system-info:
      stress-ng-version: 0.17.08
      run-by: root
      date-yyyy-mm-dd: 2024:09:16
      time-hh-mm-ss: 14:34:43
      epoch-secs: 1726497283
      hostname: sc-runner
      sysname: Linux
      nodename: sc-runner
      release: 6.8.0-1014-azure
      version: '#16-Ubuntu SMP Thu Aug 15 20:04:41 UTC 2024'
      machine: x86_64
      compiler: 'musl-gcc 13.2.1'
      uptime: 369
      totalram: 67423408128
      freeram: 57251123200
      sharedram: 42057728
      bufferram: 233263104
      totalswap: 0
      freeswap: 0
      pagesize: 4096
      cpus: 8
      cpus-online: 8
      ticks-per-second: 100

metrics:
    - stressor: cpu
      bogo-ops: 24897
      bogo-ops-per-second-usr-sys-time: 1244.959992
      bogo-ops-per-second-real-time: 1244.839731
      wall-clock-time: 20.000165
      user-time: 19.996234
      system-time: 0.001999
      cpu-usage-per-instance: 99.990340
      max-rss: 3152

...
