BaselineInfo:
  WebDBID: -1
  TimeStamp: 20260612210946
Version:
  Major: 11
  Minor: 0
  Build: 1004
  SpecialBuildName: ""
  ptArchitecture: x86_64_linux
Results:
  Results Complete: true
  NumTestProcesses: 8
  CPU_INTEGER_MATH: 33617.435000000005
  CPU_FLOATINGPOINT_MATH: 17184.525986037152
  CPU_PRIME: 70.474994482658829
  CPU_SORTING: 17576.00828928483
  CPU_ENCRYPTION: 7310.3927344843569
  CPU_COMPRESSION: 126789.03630247546
  CPU_SINGLETHREAD: 2362.2823566820371
  CPU_PHYSICS: 1331.3074085115784
  CPU_MATRIX_MULT_SSE: 6941.281079339079
  CPU_mm: 723.92342901982875
  CPU_sse: 3189.006475894073
  CPU_fma: 8741.4856025707031
  CPU_avx: 6466.245040836252
  CPU_avx512: 9368.3871980552867
  m_CPU_enc_SHA: 7368045387.1997423
  m_CPU_enc_AES: 11083879253.021904
  m_CPU_enc_ECDSA: 4544582475.6423635
  ME_ALLOC_S: 4025.714155075666
  ME_READ_S: 23488.704296874999
  ME_READ_L: 11019.3037109375
  ME_WRITE: 10368.9375
  ME_LARGE: 22768.666666666668
  ME_LATENCY: 55.710182033286038
  ME_THREADED: 52931.0546875
  SUMM_CPU: 11362.254574696883
  SUMM_ME: 2400.637317068738
SystemInformation:
  OSName: Ubuntu 24.04.4 LTS
  Kernel: 6.8.0-117-generic
  Device: ""
  Processor: Intel(R) Xeon(R) Platinum 8369B CPU @ 2.70GHz
  NumSockets: 1
  Manufacturer: GenuineIntel
  NumCores: 4
  NumLogicals: 8
  CPUFrequency: 0
  CPUMaxFrequency: 0
  Memory: 31173
  CPUInfo:
    number: 1
    Family: 6
    Model: 10
    stepping: 6
    features: 529267711
    manufacture: GenuineIntel
    typestring: Intel(R) Xeon(R) Platinum 8369B CPU @ 2.70GHz
    iCoresPerPackage: 4
    iThreadsPerPackage: 2
    featuresEx:
      - 529267711
      - 4277809667
      - 739248128
    bHybrid: false
    nPCore: 0
    nLogicalsPerPCore: 0
    nECore: 0
    nLogicalsPerECore: 0
  MemModuleInfo:
    iNumMemSticks: 2
    DIMM 1:
      manufacturer: Alibaba Cloud
      modulePartNo: Not Specified
      memType: RAM
      size: 16
      clkspeed: 0
      moduleVoltage: 0
    DIMM 2:
      manufacturer: Alibaba Cloud
      modulePartNo: Not Specified
      memType: RAM
      size: 16
      clkspeed: 0
      moduleVoltage: 0
Checksum: 528DB1B2F4D020668CDA66783015CC786936E65E