---
system-info:
      stress-ng-version: 0.17.08
      run-by: root
      date-yyyy-mm-dd: 2024:06:15
      time-hh-mm-ss: 22:19:28
      epoch-secs: 1718489968
      hostname: 9b44286b14a9
      sysname: Linux
      nodename: 9b44286b14a9
      release: 6.8.0-1008-aws
      version: '#8-Ubuntu SMP Sat Apr 20 00:46:25 UTC 2024'
      machine: x86_64
      compiler: 'musl-gcc 13.2.1'
      uptime: 118
      totalram: 16469917696
      freeram: 12165013504
      sharedram: 59854848
      bufferram: 108965888
      totalswap: 0
      freeswap: 0
      pagesize: 4096
      cpus: 2
      cpus-online: 2
      ticks-per-second: 100

metrics:
    - stressor: cpu
      bogo-ops: 38397
      bogo-ops-per-second-usr-sys-time: 967.686426
      bogo-ops-per-second-real-time: 1919.842242
      wall-clock-time: 20.000081
      user-time: 39.677181
      system-time: 0.001995
      cpu-usage-per-instance: 99.197539
      max-rss: 1104

...
