---
system-info:
      stress-ng-version: 0.17.08
      run-by: root
      date-yyyy-mm-dd: 2024:06:09
      time-hh-mm-ss: 19:41:23
      epoch-secs: 1717962083
      hostname: 9fa99a208046
      sysname: Linux
      nodename: 9fa99a208046
      release: 6.8.0-1008-aws
      version: '#8-Ubuntu SMP Sat Apr 20 00:46:25 UTC 2024'
      machine: x86_64
      compiler: 'musl-gcc 13.2.1'
      uptime: 117
      totalram: 16469909504
      freeram: 12004773888
      sharedram: 59854848
      bufferram: 111255552
      totalswap: 0
      freeswap: 0
      pagesize: 4096
      cpus: 2
      cpus-online: 2
      ticks-per-second: 100

metrics:
    - stressor: cpu
      bogo-ops: 24481
      bogo-ops-per-second-usr-sys-time: 1238.679862
      bogo-ops-per-second-real-time: 2447.912801
      wall-clock-time: 10.000765
      user-time: 19.755809
      system-time: 0.007974
      cpu-usage-per-instance: 98.811359
      max-rss: 3920

...
