---
system-info:
      stress-ng-version: 0.17.08
      run-by: root
      date-yyyy-mm-dd: 2024:06:13
      time-hh-mm-ss: 16:28:11
      epoch-secs: 1718296091
      hostname: e9d9e5ae3d28
      sysname: Linux
      nodename: e9d9e5ae3d28
      release: 6.8.0-1008-aws
      version: '#8-Ubuntu SMP Sat Apr 20 00:46:25 UTC 2024'
      machine: x86_64
      compiler: 'musl-gcc 13.2.1'
      uptime: 210
      totalram: 803068534784
      freeram: 797211095040
      sharedram: 78655488
      bufferram: 109637632
      totalswap: 0
      freeswap: 0
      pagesize: 4096
      cpus: 96
      cpus-online: 96
      ticks-per-second: 100

metrics:
    - stressor: cpu
      bogo-ops: 27697
      bogo-ops-per-second-usr-sys-time: 1384.847092
      bogo-ops-per-second-real-time: 1384.844222
      wall-clock-time: 20.000083
      user-time: 20.000042
      system-time: 0.000000
      cpu-usage-per-instance: 99.999793
      max-rss: 768

...
