---
system-info:
      stress-ng-version: 0.17.08
      run-by: root
      date-yyyy-mm-dd: 2024:06:08
      time-hh-mm-ss: 02:56:20
      epoch-secs: 1717815380
      hostname: 31cab89d46a1
      sysname: Linux
      nodename: 31cab89d46a1
      release: 6.8.0-1008-aws
      version: '#8-Ubuntu SMP Sat Apr 20 00:46:25 UTC 2024'
      machine: x86_64
      compiler: 'musl-gcc 13.2.1'
      uptime: 171
      totalram: 803068571648
      freeram: 797467815936
      sharedram: 78655488
      bufferram: 98148352
      totalswap: 0
      freeswap: 0
      pagesize: 4096
      cpus: 96
      cpus-online: 96
      ticks-per-second: 100

metrics:
    - stressor: cpu
      bogo-ops: 14935
      bogo-ops-per-second-usr-sys-time: 1493.447281
      bogo-ops-per-second-real-time: 1493.437582
      wall-clock-time: 10.000418
      user-time: 9.999354
      system-time: 0.000999
      cpu-usage-per-instance: 99.999351
      max-rss: 3072

...
