---
system-info:
      stress-ng-version: 0.17.08
      run-by: root
      date-yyyy-mm-dd: 2024:06:08
      time-hh-mm-ss: 16:24:45
      epoch-secs: 1717863885
      hostname: b55bf41862df
      sysname: Linux
      nodename: b55bf41862df
      release: 6.8.0-1008-aws
      version: '#8-Ubuntu SMP Sat Apr 20 00:46:25 UTC 2024'
      machine: x86_64
      compiler: 'musl-gcc 13.2.1'
      uptime: 121
      totalram: 8112766976
      freeram: 3801071616
      sharedram: 7421952
      bufferram: 103407616
      totalswap: 0
      freeswap: 0
      pagesize: 4096
      cpus: 2
      cpus-online: 2
      ticks-per-second: 100

metrics:
    - stressor: cpu
      bogo-ops: 16978
      bogo-ops-per-second-usr-sys-time: 1697.950608
      bogo-ops-per-second-real-time: 1697.555422
      wall-clock-time: 10.001441
      user-time: 9.996114
      system-time: 0.002999
      cpu-usage-per-instance: 99.976726
      max-rss: 3784

...
