---
system-info:
      stress-ng-version: 0.17.08
      run-by: root
      date-yyyy-mm-dd: 2024:06:14
      time-hh-mm-ss: 22:20:50
      epoch-secs: 1718403650
      hostname: b09575699631
      sysname: Linux
      nodename: b09575699631
      release: 6.8.0-1008-aws
      version: '#8-Ubuntu SMP Sat Apr 20 00:46:25 UTC 2024'
      machine: x86_64
      compiler: 'musl-gcc 13.2.1'
      uptime: 143
      totalram: 8112775168
      freeram: 3827990528
      sharedram: 7421952
      bufferram: 110026752
      totalswap: 0
      freeswap: 0
      pagesize: 4096
      cpus: 2
      cpus-online: 2
      ticks-per-second: 100

metrics:
    - stressor: cpu
      bogo-ops: 59789
      bogo-ops-per-second-usr-sys-time: 2989.748078
      bogo-ops-per-second-real-time: 2989.437812
      wall-clock-time: 20.000082
      user-time: 19.998006
      system-time: 0.000000
      cpu-usage-per-instance: 99.989622
      max-rss: 1232

...
