BaselineInfo:
  WebDBID: -1
  TimeStamp: 20241107210242
Version:
  Major: 11
  Minor: 0
  Build: 1002
  SpecialBuildName: ""
  ptArchitecture: x86_64_linux
Results:
  Results Complete: true
  NumTestProcesses: 8
  CPU_INTEGER_MATH: 28665.37433333334
  CPU_FLOATINGPOINT_MATH: 24084.972680428742
  CPU_PRIME: 85.342681398461124
  CPU_SORTING: 17436.871128048981
  CPU_ENCRYPTION: 3701.4250811978809
  CPU_COMPRESSION: 145611.48040958119
  CPU_SINGLETHREAD: 1841.9787679961471
  CPU_PHYSICS: 1301.272708257537
  CPU_MATRIX_MULT_SSE: 12250.419062744575
  CPU_mm: 1333.304607745079
  CPU_sse: 5004.7002205264271
  CPU_fma: 16356.630607072213
  CPU_avx: 10910.902448342204
  CPU_avx512: 16729.442975037458
  m_CPU_enc_SHA: 2034503184.2746065
  m_CPU_enc_AES: 7827883094.3552103
  m_CPU_enc_ECDSA: 1781290239.1966307
  ME_ALLOC_S: 5342.0267390106546
  ME_READ_S: 21743.485937500001
  ME_READ_L: 11143.0791015625
  ME_WRITE: 9256.5244140625
  ME_LARGE: 5949.166666666667
  ME_LATENCY: 50.892819325230612
  ME_THREADED: 62572.685546875
  SUMM_CPU: 11091.968501104049
  SUMM_ME: 2237.7321424565175
SystemInformation:
  OSName: Ubuntu 24.04.1 LTS
  Kernel: 6.8.0-1017-azure
  Device: ""
  Processor: Intel Xeon Platinum 8272CL CPU @ 2.60GHz
  NumSockets: 1
  Manufacturer: GenuineIntel
  NumCores: 8
  NumLogicals: 8
  CPUFrequency: 0
  Memory: 15988
  MemModuleInfo:
    iNumMemSticks: 2
    DIMM 1:
      manufacturer: Microsoft Corporation
      modulePartNo: None
      memType: Unknown
      size: 1
      clkspeed: 0
      moduleVoltage: 0
    DIMM 2:
      manufacturer: Microsoft Corporation
      modulePartNo: None
      memType: Unknown
      size: 15
      clkspeed: 0
      moduleVoltage: 0
Checksum: 685BD49F92216A26F0271E26F95BD7EC92664230