BaselineInfo:
  WebDBID: -1
  TimeStamp: 20241109234240
Version:
  Major: 11
  Minor: 0
  Build: 1002
  SpecialBuildName: ""
  ptArchitecture: x86_64_linux
Results:
  Results Complete: true
  NumTestProcesses: 96
  CPU_INTEGER_MATH: 404107.05533333338
  CPU_FLOATINGPOINT_MATH: 206583.77351108874
  CPU_PRIME: 470.72084322781336
  CPU_SORTING: 201338.23007969902
  CPU_ENCRYPTION: 87610.783570452913
  CPU_COMPRESSION: 1462624.7983361844
  CPU_SINGLETHREAD: 2436.603872141844
  CPU_PHYSICS: 7810.1219361533149
  CPU_MATRIX_MULT_SSE: 84162.742412029082
  CPU_mm: 8704.7561219403688
  CPU_sse: 37654.262215602459
  CPU_fma: 102479.10315541914
  CPU_avx: 76492.460314014141
  CPU_avx512: 120025.1439630807
  m_CPU_enc_SHA: 88539869000.291595
  m_CPU_enc_AES: 133161615444.7822
  m_CPU_enc_ECDSA: 53898210534.439972
  ME_ALLOC_S: 30560.295409641789
  ME_READ_S: 24152.319726562499
  ME_READ_L: 12149.8369140625
  ME_WRITE: 10763.3095703125
  ME_LARGE: 373003.5
  ME_LATENCY: 52.371707243537685
  ME_THREADED: 311763.99633789062
  SUMM_CPU: 76819.316655646209
  SUMM_ME: 2837.944497904281
SystemInformation:
  OSName: Ubuntu 24.04.1 LTS
  Kernel: 6.8.0-1017-azure
  Device: ""
  Processor: Intel Xeon Platinum 8370C CPU @ 2.80GHz
  NumSockets: 2
  Manufacturer: GenuineIntel
  NumCores: 48
  NumLogicals: 96
  CPUFrequency: 2800
  Memory: 386920
  MemModuleInfo:
    iNumMemSticks: 4
    DIMM 1:
      manufacturer: Microsoft Corporation
      modulePartNo: None
      memType: Unknown
      size: 1
      clkspeed: 0
      moduleVoltage: 0
    DIMM 2:
      manufacturer: Microsoft Corporation
      modulePartNo: None
      memType: Unknown
      size: 59
      clkspeed: 0
      moduleVoltage: 0
    DIMM 3:
      manufacturer: Microsoft Corporation
      modulePartNo: None
      memType: Unknown
      size: 132
      clkspeed: 0
      moduleVoltage: 0
    DIMM 4:
      manufacturer: Microsoft Corporation
      modulePartNo: None
      memType: Unknown
      size: 192
      clkspeed: 0
      moduleVoltage: 0
Checksum: 293650B64E222453301591AC53415E5E6E76D669