---
system-info:
      stress-ng-version: 0.17.08
      run-by: root
      date-yyyy-mm-dd: 2024:07:09
      time-hh-mm-ss: 21:58:07
      epoch-secs: 1720562287
      hostname: m3-ultramem-64-73a807d
      sysname: Linux
      nodename: m3-ultramem-64-73a807d
      release: 6.8.0-1009-gcp
      version: '#10-Ubuntu SMP Wed Jun 12 18:52:23 UTC 2024'
      machine: x86_64
      compiler: 'musl-gcc 13.2.1'
      uptime: 172
      totalram: 2062648328192
      freeram: 2056791810048
      sharedram: 58286080
      bufferram: 134451200
      totalswap: 0
      freeswap: 0
      pagesize: 4096
      cpus: 64
      cpus-online: 64
      ticks-per-second: 100

metrics:
    - stressor: cpu
      bogo-ops: 36897
      bogo-ops-per-second-usr-sys-time: 1844.914849
      bogo-ops-per-second-real-time: 1844.844238
      wall-clock-time: 20.000062
      user-time: 19.998298
      system-time: 0.000999
      cpu-usage-per-instance: 99.996173
      max-rss: 512

...
