---
system-info:
      stress-ng-version: 0.17.08
      run-by: root
      date-yyyy-mm-dd: 2024:06:12
      time-hh-mm-ss: 22:21:13
      epoch-secs: 1718230873
      hostname: e9df9d588884
      sysname: Linux
      nodename: e9df9d588884
      release: 6.8.0-1008-aws
      version: '#8-Ubuntu SMP Sat Apr 20 02:43:14 UTC 2024'
      machine: aarch64
      compiler: 'musl-gcc 13.2.1'
      uptime: 162
      totalram: 99418234880
      freeram: 94807515136
      sharedram: 34951168
      bufferram: 112021504
      totalswap: 0
      freeswap: 0
      pagesize: 4096
      cpus: 48
      cpus-online: 48
      ticks-per-second: 100

metrics:
    - stressor: cpu
      bogo-ops: 30394
      bogo-ops-per-second-usr-sys-time: 1519.709878
      bogo-ops-per-second-real-time: 1519.695598
      wall-clock-time: 20.000058
      user-time: 19.999870
      system-time: 0.000000
      cpu-usage-per-instance: 99.999060
      max-rss: 1152

...
