---
system-info:
      stress-ng-version: 0.17.08
      run-by: root
      date-yyyy-mm-dd: 2024:06:06
      time-hh-mm-ss: 05:15:24
      epoch-secs: 1717650924
      hostname: 796d7c0f1b68
      sysname: Linux
      nodename: 796d7c0f1b68
      release: 6.8.0-1008-aws
      version: '#8-Ubuntu SMP Sat Apr 20 02:43:14 UTC 2024'
      machine: aarch64
      compiler: 'musl-gcc 13.2.1'
      uptime: 125
      totalram: 99418230784
      freeram: 95016153088
      sharedram: 34951168
      bufferram: 80023552
      totalswap: 0
      freeswap: 0
      pagesize: 4096
      cpus: 48
      cpus-online: 48
      ticks-per-second: 100

metrics:
    - stressor: cpu
      bogo-ops: 2940
      bogo-ops-per-second-usr-sys-time: 293.096734
      bogo-ops-per-second-real-time: 293.094527
      wall-clock-time: 10.030894
      user-time: 10.029819
      system-time: 0.000999
      cpu-usage-per-instance: 99.999247
      max-rss: 3840

...
