BaselineInfo:
  WebDBID: -1
  TimeStamp: 20241107093416
Version:
  Major: 11
  Minor: 0
  Build: 1002
  SpecialBuildName: ""
  ptArchitecture: aarch64_linux
Results:
  Results Complete: true
  NumTestProcesses: 4
  CPU_INTEGER_MATH: 19055.382333333335
  CPU_FLOATINGPOINT_MATH: 18943.210213110178
  CPU_PRIME: 50.797163576610146
  CPU_SORTING: 15783.680686635355
  CPU_ENCRYPTION: 554.19022933592066
  CPU_COMPRESSION: 21044.262339048437
  CPU_SINGLETHREAD: 1561.8505788582538
  CPU_PHYSICS: 1138.6695937771397
  CPU_MATRIX_MULT_SSE: 3308.5406995246353
  CPU_mm: 433.02697369123956
  CPU_sse: 2774.0964575015382
  CPU_fma: 3842.9849415477329
  CPU_avx: 0
  CPU_avx512: 0
  m_CPU_enc_SHA: 845044052.55951715
  m_CPU_enc_AES: 323374896.16871917
  m_CPU_enc_ECDSA: 574912773.02019048
  ME_ALLOC_S: 4123.443844161493
  ME_READ_S: 19682.585156249999
  ME_READ_L: 18960.86328125
  ME_WRITE: 19695.630859375
  ME_LARGE: 5810.333333333333
  ME_LATENCY: 50.917815407380793
  ME_THREADED: 74459.9140625
  SUMM_CPU: 3113.1806860400875
  SUMM_ME: 2515.3927951670485
SystemInformation:
  OSName: Ubuntu 24.04.1 LTS
  Kernel: 6.8.0-1016-aws
  Device: ""
  Processor: ARM Neoverse-V1 4 Core 0 MHz
  NumSockets: 1
  Manufacturer: ARM
  NumCores: 4
  NumLogicals: 4
  CPUFrequency: 0
  Memory: 15673
Checksum: A22DB77A6C3581419987ECAF760435A4DF58B93B