BaselineInfo:
  WebDBID: -1
  TimeStamp: 20241109180100
Version:
  Major: 11
  Minor: 0
  Build: 1002
  SpecialBuildName: ""
  ptArchitecture: x86_64_linux
Results:
  Results Complete: true
  NumTestProcesses: 64
  CPU_INTEGER_MATH: 268384.16533333331
  CPU_FLOATINGPOINT_MATH: 137248.22229038281
  CPU_PRIME: 267.70114792934879
  CPU_SORTING: 123385.39238594308
  CPU_ENCRYPTION: 55661.742148074751
  CPU_COMPRESSION: 953751.24880623666
  CPU_SINGLETHREAD: 2426.6420504863549
  CPU_PHYSICS: 4258.5721196510594
  CPU_MATRIX_MULT_SSE: 53541.542361329732
  CPU_mm: 5580.1487450698287
  CPU_sse: 23499.855743965163
  CPU_fma: 62869.746518493273
  CPU_avx: 48702.312336673473
  CPU_avx512: 79094.254846187017
  m_CPU_enc_SHA: 57534456607.958504
  m_CPU_enc_AES: 82720451231.125381
  m_CPU_enc_ECDSA: 34841792964.89502
  ME_ALLOC_S: 26484.225624888884
  ME_READ_S: 24266.454882812501
  ME_READ_L: 11789.904296875
  ME_WRITE: 10596.2626953125
  ME_LARGE: 241037.08333333334
  ME_LATENCY: 57.661998800048913
  ME_THREADED: 166048.49975585938
  SUMM_CPU: 57701.179095180931
  SUMM_ME: 2671.012607296982
SystemInformation:
  OSName: Ubuntu 24.04.1 LTS
  Kernel: 6.8.0-1016-aws
  Device: ""
  Processor: Intel Xeon Platinum 8375C CPU @ 2.90GHz
  NumSockets: 1
  Manufacturer: GenuineIntel
  NumCores: 32
  NumLogicals: 64
  CPUFrequency: 0
  Memory: 253655
  MemModuleInfo:
    iNumMemSticks: 1
    DIMM 1:
      manufacturer: Not Specified
      modulePartNo: Not Specified
      memType: DDR4
      size: 256
      clkspeed: 1600
      moduleVoltage: 0
Checksum: 5B0BA6E4C98F2C5629CC854F06A1FEB2F3D57C1F