---
system-info:
      stress-ng-version: 0.17.08
      run-by: root
      date-yyyy-mm-dd: 2024:09:02
      time-hh-mm-ss: 21:39:46
      epoch-secs: 1725313186
      hostname: sc-runner
      sysname: Linux
      nodename: sc-runner
      release: 6.8.0-1013-azure
      version: '#15-Ubuntu SMP Thu Aug  8 18:40:40 UTC 2024'
      machine: x86_64
      compiler: 'musl-gcc 13.2.1'
      uptime: 308
      totalram: 8322609152
      freeram: 249565184
      sharedram: 54890496
      bufferram: 201482240
      totalswap: 0
      freeswap: 0
      pagesize: 4096
      cpus: 2
      cpus-online: 2
      ticks-per-second: 100

metrics:
    - stressor: cpu
      bogo-ops: 38549
      bogo-ops-per-second-usr-sys-time: 975.816143
      bogo-ops-per-second-real-time: 1927.438190
      wall-clock-time: 20.000123
      user-time: 39.494394
      system-time: 0.009974
      cpu-usage-per-instance: 98.760315
      max-rss: 3256

...
