BaselineInfo:
  WebDBID: -1
  TimeStamp: 20241109122609
Version:
  Major: 11
  Minor: 0
  Build: 1002
  SpecialBuildName: ""
  ptArchitecture: x86_64_linux
Results:
  Results Complete: true
  NumTestProcesses: 64
  CPU_INTEGER_MATH: 199114.03300000002
  CPU_FLOATINGPOINT_MATH: 106982.10359256079
  CPU_PRIME: 241.11226846617518
  CPU_SORTING: 96985.403016173412
  CPU_ENCRYPTION: 26550.946055098688
  CPU_COMPRESSION: 863372.75162583659
  CPU_SINGLETHREAD: 2073.373497112786
  CPU_PHYSICS: 4055.8093970799673
  CPU_MATRIX_MULT_SSE: 55022.706625323102
  CPU_mm: 5967.8693993743091
  CPU_sse: 21190.604930557587
  CPU_fma: 67045.255974947228
  CPU_avx: 47265.9279802483
  CPU_avx512: 84589.037615539331
  m_CPU_enc_SHA: 8870589083.2415638
  m_CPU_enc_AES: 66733755941.925476
  m_CPU_enc_ECDSA: 7917709406.8464499
  ME_ALLOC_S: 21196.039094105523
  ME_READ_S: 23849.898632812499
  ME_READ_L: 10867.646484375
  ME_WRITE: 9598.326171875
  ME_LARGE: 245720
  ME_LATENCY: 56.161271943534111
  ME_THREADED: 175371.31201171875
  SUMM_CPU: 46322.490561180028
  SUMM_ME: 2615.0657048733142
SystemInformation:
  OSName: Ubuntu 24.04.1 LTS
  Kernel: 6.8.0-1017-azure
  Device: ""
  Processor: Intel Xeon Platinum 8272CL CPU @ 2.60GHz
  NumSockets: 2
  Manufacturer: GenuineIntel
  NumCores: 32
  NumLogicals: 64
  CPUFrequency: 0
  Memory: 257910
  MemModuleInfo:
    iNumMemSticks: 4
    DIMM 1:
      manufacturer: Microsoft Corporation
      modulePartNo: None
      memType: Unknown
      size: 1
      clkspeed: 0
      moduleVoltage: 0
    DIMM 2:
      manufacturer: Microsoft Corporation
      modulePartNo: None
      memType: Unknown
      size: 60928
      clkspeed: 0
      moduleVoltage: 0
    DIMM 3:
      manufacturer: Microsoft Corporation
      modulePartNo: None
      memType: Unknown
      size: 69120
      clkspeed: 0
      moduleVoltage: 0
    DIMM 4:
      manufacturer: Microsoft Corporation
      modulePartNo: None
      memType: Unknown
      size: 128
      clkspeed: 0
      moduleVoltage: 0
Checksum: EDBB5B98D7569A9F8DEDF8BA18F81D48271F5B5A