---
system-info:
      stress-ng-version: 0.17.08
      run-by: root
      date-yyyy-mm-dd: 2024:06:09
      time-hh-mm-ss: 09:02:04
      epoch-secs: 1717923724
      hostname: 0db0515f2d68
      sysname: Linux
      nodename: 0db0515f2d68
      release: 6.8.0-1008-aws
      version: '#8-Ubuntu SMP Sat Apr 20 00:46:25 UTC 2024'
      machine: x86_64
      compiler: 'musl-gcc 13.2.1'
      uptime: 179
      totalram: 32084471808
      freeram: 27641487360
      sharedram: 27553792
      bufferram: 107499520
      totalswap: 0
      freeswap: 0
      pagesize: 4096
      cpus: 4
      cpus-online: 4
      ticks-per-second: 100

metrics:
    - stressor: cpu
      bogo-ops: 33375
      bogo-ops-per-second-usr-sys-time: 840.818762
      bogo-ops-per-second-real-time: 3335.654687
      wall-clock-time: 10.005532
      user-time: 39.685465
      system-time: 0.007988
      cpu-usage-per-instance: 99.178766
      max-rss: 3920

...
