---
system-info:
      stress-ng-version: 0.17.08
      run-by: root
      date-yyyy-mm-dd: 2024:06:14
      time-hh-mm-ss: 13:56:46
      epoch-secs: 1718373406
      hostname: 69604fb200e7
      sysname: Linux
      nodename: 69604fb200e7
      release: 6.8.0-1008-aws
      version: '#8-Ubuntu SMP Sat Apr 20 00:46:25 UTC 2024'
      machine: x86_64
      compiler: 'musl-gcc 13.2.1'
      uptime: 179
      totalram: 32084475904
      freeram: 27719192576
      sharedram: 27553792
      bufferram: 110231552
      totalswap: 0
      freeswap: 0
      pagesize: 4096
      cpus: 4
      cpus-online: 4
      ticks-per-second: 100

metrics:
    - stressor: cpu
      bogo-ops: 44418
      bogo-ops-per-second-usr-sys-time: 559.365831
      bogo-ops-per-second-real-time: 2220.885346
      wall-clock-time: 20.000132
      user-time: 79.396806
      system-time: 0.010976
      cpu-usage-per-instance: 99.259073
      max-rss: 1104

...
