BaselineInfo:
  WebDBID: -1
  TimeStamp: 20250422201928
Version:
  Major: 11
  Minor: 0
  Build: 1002
  SpecialBuildName: ""
  ptArchitecture: aarch64_linux
Results:
  Results Complete: true
  NumTestProcesses: 96
  CPU_INTEGER_MATH: 500411.78666666668
  CPU_FLOATINGPOINT_MATH: 581392.05663770565
  CPU_PRIME: 844.90966588901301
  CPU_SORTING: 432491.83660697972
  CPU_ENCRYPTION: 18110.35755264993
  CPU_COMPRESSION: 637185.79132283095
  CPU_SINGLETHREAD: 1941.6649975377616
  CPU_PHYSICS: 19285.022809269845
  CPU_MATRIX_MULT_SSE: 80633.458238262887
  CPU_mm: 10882.611115814983
  CPU_sse: 63607.670093428838
  CPU_fma: 97659.24638309695
  CPU_avx: 0
  CPU_avx512: 0
  m_CPU_enc_SHA: 28262587010.121017
  m_CPU_enc_AES: 10313590701.127447
  m_CPU_enc_ECDSA: 18394081132.133877
  ME_ALLOC_S: 47387.056673291227
  ME_READ_S: 21188.809375000001
  ME_READ_L: 20194.4296875
  ME_WRITE: 21292.173828125
  ME_LARGE: 366929
  ME_LATENCY: 47.140624667693089
  ME_THREADED: 506656.7724609375
  SUMM_CPU: 56748.052336093766
  SUMM_ME: 3390.2841161102747
SystemInformation:
  OSName: Ubuntu 24.04.2 LTS
  Kernel: 6.8.0-1027-aws
  Device: ""
  Processor: ARM Neoverse-V2 96 Core 0 MHz
  NumSockets: 1
  Manufacturer: ARM
  NumCores: 96
  NumLogicals: 96
  CPUFrequency: 0
  Memory: 379903
Checksum: 6EE2D125AE478CBC921A5827EF177E9A79EE7DBA