---
system-info:
      stress-ng-version: 0.17.08
      run-by: root
      date-yyyy-mm-dd: 2024:07:02
      time-hh-mm-ss: 03:31:23
      epoch-secs: 1719891083
      hostname: t2a-standard-16-1cb8299
      sysname: Linux
      nodename: t2a-standard-16-1cb8299
      release: 6.8.0-1009-gcp
      version: '#10-Ubuntu SMP Thu Jun 13 02:33:24 UTC 2024'
      machine: aarch64
      compiler: 'musl-gcc 13.2.1'
      uptime: 153
      totalram: 67285737472
      freeram: 62204514304
      sharedram: 3604480
      bufferram: 125968384
      totalswap: 0
      freeswap: 0
      pagesize: 4096
      cpus: 16
      cpus-online: 16
      ticks-per-second: 100

metrics:
    - stressor: cpu
      bogo-ops: 579581
      bogo-ops-per-second-usr-sys-time: 1813.355187
      bogo-ops-per-second-real-time: 28978.947292
      wall-clock-time: 20.000071
      user-time: 319.609030
      system-time: 0.008993
      cpu-usage-per-instance: 99.880278
      max-rss: 1192

...
