BaselineInfo:
  WebDBID: -1
  TimeStamp: 20241109005252
Version:
  Major: 11
  Minor: 0
  Build: 1002
  SpecialBuildName: ""
  ptArchitecture: x86_64_linux
Results:
  Results Complete: true
  NumTestProcesses: 32
  CPU_INTEGER_MATH: 171001.27533333335
  CPU_FLOATINGPOINT_MATH: 147075.57162358685
  CPU_PRIME: 494.85472841352754
  CPU_SORTING: 96057.041803454384
  CPU_ENCRYPTION: 35799.848100431234
  CPU_COMPRESSION: 681142.542489446
  CPU_SINGLETHREAD: 2800.6491395631256
  CPU_PHYSICS: 6692.1267278087435
  CPU_MATRIX_MULT_SSE: 58901.944037304282
  CPU_mm: 6368.9088136107948
  CPU_sse: 27723.484406424992
  CPU_fma: 78821.256349774179
  CPU_avx: 67878.514483444131
  CPU_avx512: 61184.520909573788
  m_CPU_enc_SHA: 49800526493.164558
  m_CPU_enc_AES: 31714051780.987465
  m_CPU_enc_ECDSA: 31102006291.121334
  ME_ALLOC_S: 24041.126289944885
  ME_READ_S: 26907.503515625001
  ME_READ_L: 25463.033203125
  ME_WRITE: 18525.224609375
  ME_LARGE: 115561.33333333333
  ME_LATENCY: 94.905635085921816
  ME_THREADED: 134128.9228515625
  SUMM_CPU: 53996.09678456877
  SUMM_ME: 2371.4496674243496
SystemInformation:
  OSName: Ubuntu 24.04.1 LTS
  Kernel: 6.8.0-1016-aws
  Device: ""
  Processor: AMD EPYC 9R14
  NumSockets: 1
  Manufacturer: AuthenticAMD
  NumCores: 32
  NumLogicals: 32
  CPUFrequency: 0
  Memory: 126082
  MemModuleInfo:
    iNumMemSticks: 1
    DIMM 1:
      manufacturer: Not Specified
      modulePartNo: Not Specified
      memType: DDR5
      size: 128
      clkspeed: 2400
      moduleVoltage: 0
Checksum: 8A34AFB5F106953B7B46951E3FBD981CEA80F79A