BaselineInfo:
  WebDBID: -1
  TimeStamp: 20241121124750
Version:
  Major: 11
  Minor: 0
  Build: 1002
  SpecialBuildName: ""
  ptArchitecture: x86_64_linux
Results:
  Results Complete: true
  NumTestProcesses: 16
  CPU_INTEGER_MATH: 96805.754666666675
  CPU_FLOATINGPOINT_MATH: 85429.537732451427
  CPU_PRIME: 314.85976058594713
  CPU_SORTING: 60780.077232175754
  CPU_ENCRYPTION: 21015.326510904619
  CPU_COMPRESSION: 421807.94607746304
  CPU_SINGLETHREAD: 2904.795579094673
  CPU_PHYSICS: 4289.3877423782578
  CPU_MATRIX_MULT_SSE: 39791.04329345045
  CPU_mm: 4181.4594913453629
  CPU_sse: 18337.834936712799
  CPU_fma: 54776.258140154539
  CPU_avx: 47007.321209745853
  CPU_avx512: 39042.758887188647
  m_CPU_enc_SHA: 29016569696.543404
  m_CPU_enc_AES: 18385079336.735828
  m_CPU_enc_ECDSA: 18706852001.215736
  ME_ALLOC_S: 14922.829603849235
  ME_READ_S: 27901.891406250001
  ME_READ_L: 27586.685546875
  ME_WRITE: 26825.263671875
  ME_LARGE: 53170.416666666664
  ME_LATENCY: 75.950728430503744
  ME_THREADED: 80399.3837890625
  SUMM_CPU: 36798.14513831387
  SUMM_ME: 2756.6624987234654
SystemInformation:
  OSName: Ubuntu 24.04.1 LTS
  Kernel: 6.8.0-1017-azure
  Device: ""
  Processor: AMD EPYC 9V74 80-Core Processor
  NumSockets: 1
  Manufacturer: AuthenticAMD
  NumCores: 16
  NumLogicals: 16
  CPUFrequency: 0
  Memory: 64297
  MemModuleInfo:
    iNumMemSticks: 3
    DIMM 1:
      manufacturer: Microsoft Corporation
      modulePartNo: None
      memType: Unknown
      size: 1
      clkspeed: 0
      moduleVoltage: 0
    DIMM 2:
      manufacturer: Microsoft Corporation
      modulePartNo: None
      memType: Unknown
      size: 59
      clkspeed: 0
      moduleVoltage: 0
    DIMM 3:
      manufacturer: Microsoft Corporation
      modulePartNo: None
      memType: Unknown
      size: 4
      clkspeed: 0
      moduleVoltage: 0
Checksum: 76FCAABE0D9CCEE14DBE0A47A2DDB9F1CB939D53