BaselineInfo:
  WebDBID: -1
  TimeStamp: 20260404221551
Version:
  Major: 11
  Minor: 0
  Build: 1004
  SpecialBuildName: ""
  ptArchitecture: x86_64_linux
Results:
  Results Complete: true
  NumTestProcesses: 16
  CPU_INTEGER_MATH: 39255.616000000002
  CPU_FLOATINGPOINT_MATH: 21096.511096323804
  CPU_PRIME: 69.262321486810791
  CPU_SORTING: 24252.869067290216
  CPU_ENCRYPTION: 5440.8295802791599
  CPU_COMPRESSION: 186437.19172902024
  CPU_SINGLETHREAD: 1679.1661249508618
  CPU_PHYSICS: 1261.7014907059781
  CPU_MATRIX_MULT_SSE: 11933.153810527014
  CPU_mm: 1196.1629513904891
  CPU_sse: 4253.5206580562708
  CPU_fma: 14588.24502968126
  CPU_avx: 10319.567555733134
  CPU_avx512: 18571.281998637394
  m_CPU_enc_SHA: 1775551364.1237042
  m_CPU_enc_AES: 13725919732.740719
  m_CPU_enc_ECDSA: 1613898857.0479794
  ME_ALLOC_S: 4310.6748403772253
  ME_READ_S: 19354.775585937499
  ME_READ_L: 6182.376953125
  ME_WRITE: 6627.54736328125
  ME_LARGE: 114966.83333333333
  ME_LATENCY: 83.542227896175561
  ME_THREADED: 66884.7236328125
  SUMM_CPU: 13039.613307081116
  SUMM_ME: 1708.6899254541424
SystemInformation:
  OSName: Ubuntu 24.04.4 LTS
  Kernel: 6.8.0-106-generic
  Device: ""
  Processor: Intel(R) Xeon(R) Platinum 8163 CPU @ 2.50GHz
  NumSockets: 1
  Manufacturer: GenuineIntel
  NumCores: 8
  NumLogicals: 16
  CPUFrequency: 2500
  CPUMaxFrequency: 3100
  Memory: 128301
  CPUInfo:
    number: 1
    Family: 6
    Model: 5
    stepping: 4
    features: 529267711
    manufacture: GenuineIntel
    typestring: Intel(R) Xeon(R) Platinum 8163 CPU @ 2.50GHz
    iCoresPerPackage: 8
    iThreadsPerPackage: 2
    featuresEx:
      - 529267711
      - 4294586883
      - 739248128
    bHybrid: false
    nPCore: 0
    nLogicalsPerPCore: 0
    nECore: 0
    nLogicalsPerECore: 0
  MemModuleInfo:
    iNumMemSticks: 8
    DIMM 1:
      manufacturer: Alibaba Cloud
      modulePartNo: Not Specified
      memType: RAM
      size: 16
      clkspeed: 0
      moduleVoltage: 0
    DIMM 2:
      manufacturer: Alibaba Cloud
      modulePartNo: Not Specified
      memType: RAM
      size: 16
      clkspeed: 0
      moduleVoltage: 0
    DIMM 3:
      manufacturer: Alibaba Cloud
      modulePartNo: Not Specified
      memType: RAM
      size: 16
      clkspeed: 0
      moduleVoltage: 0
    DIMM 4:
      manufacturer: Alibaba Cloud
      modulePartNo: Not Specified
      memType: RAM
      size: 16
      clkspeed: 0
      moduleVoltage: 0
    DIMM 5:
      manufacturer: Alibaba Cloud
      modulePartNo: Not Specified
      memType: RAM
      size: 16
      clkspeed: 0
      moduleVoltage: 0
    DIMM 6:
      manufacturer: Alibaba Cloud
      modulePartNo: Not Specified
      memType: RAM
      size: 16
      clkspeed: 0
      moduleVoltage: 0
    DIMM 7:
      manufacturer: Alibaba Cloud
      modulePartNo: Not Specified
      memType: RAM
      size: 16
      clkspeed: 0
      moduleVoltage: 0
    DIMM 8:
      manufacturer: Alibaba Cloud
      modulePartNo: Not Specified
      memType: RAM
      size: 16
      clkspeed: 0
      moduleVoltage: 0
Checksum: 2D9A9B4E0E18C70AD2CE967B841F9E05F55587C8