BaselineInfo:
  WebDBID: -1
  TimeStamp: 20241108214604
Version:
  Major: 11
  Minor: 0
  Build: 1002
  SpecialBuildName: ""
  ptArchitecture: aarch64_linux
Results:
  Results Complete: true
  NumTestProcesses: 64
  CPU_INTEGER_MATH: 292328.93899999995
  CPU_FLOATINGPOINT_MATH: 222587.17568507371
  CPU_PRIME: 237.07247216623603
  CPU_SORTING: 197392.0107160568
  CPU_ENCRYPTION: 10155.410305425681
  CPU_COMPRESSION: 353479.47526842181
  CPU_SINGLETHREAD: 1334.055742802007
  CPU_PHYSICS: 3902.7373779351924
  CPU_MATRIX_MULT_SSE: 46075.388003378801
  CPU_mm: 7735.9538007350084
  CPU_sse: 38415.36806840395
  CPU_fma: 53735.407938353666
  CPU_avx: 0
  CPU_avx512: 0
  m_CPU_enc_SHA: 15245872313.754032
  m_CPU_enc_AES: 7030475992.5132504
  m_CPU_enc_ECDSA: 9669810242.998848
  ME_ALLOC_S: 21319.390522970487
  ME_READ_S: 11380.3599609375
  ME_READ_L: 8673.044921875
  ME_WRITE: 15076.1484375
  ME_LARGE: 195171.08333333334
  ME_LATENCY: 68.406501473527797
  ME_THREADED: 180555.30249023438
  SUMM_CPU: 32595.063578856607
  SUMM_ME: 1987.3070787195022
SystemInformation:
  OSName: Ubuntu 24.04.1 LTS
  Kernel: 6.8.0-1017-azure
  Device: ""
  Processor: ARM Neoverse-N1 64 Core 0 MHz
  NumSockets: 1
  Manufacturer: ARM
  NumCores: 64
  NumLogicals: 64
  CPUFrequency: 0
  Memory: 208927
Checksum: 2A6041E3F4A2C7CB26756D099732AA6B6C8F6DA9