---
system-info:
      stress-ng-version: 0.17.08
      run-by: root
      date-yyyy-mm-dd: 2024:09:02
      time-hh-mm-ss: 21:30:05
      epoch-secs: 1725312605
      hostname: sc-runner
      sysname: Linux
      nodename: sc-runner
      release: 6.8.0-1013-azure
      version: '#15-Ubuntu SMP Thu Aug  8 18:40:40 UTC 2024'
      machine: x86_64
      compiler: 'musl-gcc 13.2.1'
      uptime: 361
      totalram: 8323645440
      freeram: 280449024
      sharedram: 42012672
      bufferram: 203427840
      totalswap: 0
      freeswap: 0
      pagesize: 4096
      cpus: 2
      cpus-online: 2
      ticks-per-second: 100

metrics:
    - stressor: cpu
      bogo-ops: 28109
      bogo-ops-per-second-usr-sys-time: 1405.660498
      bogo-ops-per-second-real-time: 1405.442260
      wall-clock-time: 20.000110
      user-time: 19.995006
      system-time: 0.001999
      cpu-usage-per-instance: 99.984474
      max-rss: 3152

...
