size_kb,operation,bandwidth_mb_s,latency_ns,latency_stddev_ns,latency_samples,threads,iterations,elapsed_s
32,read,2083812.68,0,0,0,16,925926,0.222171
32,write,2138022.22,0,0,0,16,240384,0.056216
32,copy,894037.81,0,0,0,16,416666,0.233025
32,latency,0,0.91,0.00,7,1,7,0.133952
128,read,2098748.98,0,0,0,16,211864,0.201896
128,write,1748472.28,0,0,0,16,162337,0.185690
128,copy,1192537.25,0,0,0,16,74404,0.124783
128,latency,0,2.47,0.00,7,1,7,0.703038
256,read,2110931.64,0,0,0,16,118483,0.224513
256,write,1828897.19,0,0,0,16,50100,0.109574
256,copy,1308167.78,0,0,0,16,37993,0.116172
256,latency,0,2.83,0.00,7,1,7,0.702763
512,read,2070907.22,0,0,0,16,61881,0.239049
512,write,1916175.19,0,0,0,16,35260,0.147210
512,copy,1104963.47,0,0,0,16,23877,0.172871
512,latency,0,3.44,0.00,7,1,7,0.699176
1024,read,1817811.50,0,0,0,16,27901,0.245579
1024,write,1674184.77,0,0,0,16,22163,0.211809
1024,copy,846579.92,0,0,0,16,11990,0.226606
1024,latency,0,5.30,0.10,7,1,7,0.707491
4096,read,1608223.49,0,0,0,16,7396,0.294327
4096,write,1639432.86,0,0,0,16,6700,0.261554
4096,copy,799160.20,0,0,0,16,3295,0.263877
4096,latency,0,9.69,0.07,7,1,7,0.701591
8192,read,1535300.75,0,0,0,16,3437,0.286547
8192,write,1603307.95,0,0,0,16,3484,0.278145
8192,copy,503552.32,0,0,0,16,1398,0.355363
8192,latency,0,10.48,0.00,7,1,7,0.716923
16384,read,818864.90,0,0,0,16,792,0.247601
16384,write,812516.14,0,0,0,16,1270,0.400140
16384,copy,335346.42,0,0,0,16,420,0.320624
16384,latency,0,10.95,0.00,7,1,7,0.694844
32768,read,614999.05,0,0,0,16,326,0.271402
32768,write,539787.38,0,0,0,16,333,0.315858
32768,copy,165143.73,0,0,0,16,149,0.461949
32768,latency,0,12.35,2.06,21,1,21,1.875689
65536,read,340056.31,0,0,0,16,148,0.445667
65536,write,383325.57,0,0,0,16,143,0.382004
65536,copy,148437.75,0,0,0,16,70,0.482896
65536,latency,0,97.34,0.48,7,1,7,4.199722
