BaselineInfo:
  WebDBID: -1
  TimeStamp: 20241107104140
Version:
  Major: 11
  Minor: 0
  Build: 1002
  SpecialBuildName: ""
  ptArchitecture: x86_64_linux
Results:
  Results Complete: true
  NumTestProcesses: 4
  CPU_INTEGER_MATH: 13505.785666666667
  CPU_FLOATINGPOINT_MATH: 8052.4705408333111
  CPU_PRIME: 36.628834313577016
  CPU_SORTING: 8594.5570274801776
  CPU_ENCRYPTION: 4268.7115481883548
  CPU_COMPRESSION: 61348.634019671445
  CPU_SINGLETHREAD: 2128.336785568973
  CPU_PHYSICS: 579.7132947136414
  CPU_MATRIX_MULT_SSE: 3604.4554446941002
  CPU_mm: 402.47597318512226
  CPU_sse: 1663.485156719752
  CPU_fma: 5403.6011605995391
  CPU_avx: 3746.2800167630098
  CPU_avx512: 0
  m_CPU_enc_SHA: 6027603763.1089954
  m_CPU_enc_AES: 4117261251.2661934
  m_CPU_enc_ECDSA: 3283340426.684267
  ME_ALLOC_S: 1386.3916197357362
  ME_READ_S: 24766.503515625001
  ME_READ_L: 12377.845703125
  ME_WRITE: 10886.541015625
  ME_LARGE: 22145
  ME_LATENCY: 53.202344594774161
  ME_THREADED: 27372.56201171875
  SUMM_CPU: 5635.5943054529562
  SUMM_ME: 2262.8927920587994
SystemInformation:
  OSName: Ubuntu 24.04.1 LTS
  Kernel: 6.8.0-1017-azure
  Device: ""
  Processor: AMD EPYC 7452 32-Core Processor
  NumSockets: 1
  Manufacturer: AuthenticAMD
  NumCores: 2
  NumLogicals: 4
  CPUFrequency: 0
  Memory: 32093
  MemModuleInfo:
    iNumMemSticks: 2
    DIMM 1:
      manufacturer: Microsoft Corporation
      modulePartNo: None
      memType: Unknown
      size: 1
      clkspeed: 0
      moduleVoltage: 0
    DIMM 2:
      manufacturer: Microsoft Corporation
      modulePartNo: None
      memType: Unknown
      size: 31
      clkspeed: 0
      moduleVoltage: 0
Checksum: 63F0AF7F13D7857231B6FDD9ADBED90176CD8C6F