---
system-info:
      stress-ng-version: 0.17.08
      run-by: root
      date-yyyy-mm-dd: 2024:06:28
      time-hh-mm-ss: 20:53:32
      epoch-secs: 1719608012
      hostname: z3-highmem-176-120f10f
      sysname: Linux
      nodename: z3-highmem-176-120f10f
      release: 6.8.0-1009-gcp
      version: '#10-Ubuntu SMP Wed Jun 12 18:52:23 UTC 2024'
      machine: x86_64
      compiler: 'musl-gcc 13.2.1'
      uptime: 158
      totalram: 1488018776064
      freeram: 1480210628608
      sharedram: 442642432
      bufferram: 133431296
      totalswap: 0
      freeswap: 0
      pagesize: 4096
      cpus: 176
      cpus-online: 176
      ticks-per-second: 100

metrics:
    - stressor: cpu
      bogo-ops: 32475
      bogo-ops-per-second-usr-sys-time: 1623.858311
      bogo-ops-per-second-real-time: 1623.740825
      wall-clock-time: 20.000113
      user-time: 19.998666
      system-time: 0.000000
      cpu-usage-per-instance: 99.992765
      max-rss: 0

...
