BaselineInfo:
  WebDBID: -1
  TimeStamp: 20260115091540
Version:
  Major: 11
  Minor: 0
  Build: 1004
  SpecialBuildName: ""
  ptArchitecture: x86_64_linux
Results:
  Results Complete: true
  NumTestProcesses: 1
  CPU_INTEGER_MATH: 3094.5823333333333
  CPU_FLOATINGPOINT_MATH: 2271.8115781999545
  CPU_PRIME: 8.8698755012418911
  CPU_SORTING: 1935.3631236624567
  CPU_ENCRYPTION: 377.58854513883358
  CPU_COMPRESSION: 14174.158669352235
  CPU_SINGLETHREAD: 1401.7508866326634
  CPU_PHYSICS: 148.53268636485987
  CPU_MATRIX_MULT_SSE: 1103.0107005474069
  CPU_mm: 127.06747326819281
  CPU_sse: 491.56599322125595
  CPU_fma: 1649.4418051801513
  CPU_avx: 1083.8433777627274
  CPU_avx512: 1187.1916260254932
  m_CPU_enc_SHA: 188115477.20530033
  m_CPU_enc_AES: 844424238.42943811
  m_CPU_enc_ECDSA: 155251143.28775421
  ME_ALLOC_S: 0
  ME_READ_S: 0
  ME_READ_L: 0
  ME_WRITE: 0
  ME_LARGE: 0
  ME_LATENCY: 0
  ME_THREADED: 0
  SUMM_CPU: 1212.6712852973062
  SUMM_ME: 0
SystemInformation:
  OSName: Ubuntu 24.04.3 LTS
  Kernel: 6.8.0-90-generic
  Device: ""
  Processor: Intel(R) Xeon(R) Platinum 8269CY CPU @ 2.50GHz
  NumSockets: 1
  Manufacturer: GenuineIntel
  NumCores: 1
  NumLogicals: 1
  CPUFrequency: 0
  CPUMaxFrequency: 0
  Memory: 959
  CPUInfo:
    number: 1
    Family: 6
    Model: 5
    stepping: 7
    features: 529267711
    manufacture: GenuineIntel
    typestring: Intel(R) Xeon(R) Platinum 8269CY CPU @ 2.50GHz
    iCoresPerPackage: 1
    iThreadsPerPackage: 2
    featuresEx:
      - 529267711
      - 4277809667
      - 739248128
    bHybrid: false
    nPCore: 0
    nLogicalsPerPCore: 0
    nECore: 0
    nLogicalsPerECore: 0
  MemModuleInfo:
    iNumMemSticks: 1
    DIMM 1:
      manufacturer: Alibaba Cloud
      modulePartNo: Not Specified
      memType: RAM
      size: 1
      clkspeed: 0
      moduleVoltage: 0
Checksum: 7302A2461A3ABDEE0D1C6933210C100F8639B28E