BaselineInfo:
  WebDBID: -1
  TimeStamp: 20260211163120
Version:
  Major: 11
  Minor: 0
  Build: 1004
  SpecialBuildName: ""
  ptArchitecture: x86_64_linux
Results:
  Results Complete: true
  NumTestProcesses: 8
  CPU_INTEGER_MATH: 42447.563000000002
  CPU_FLOATINGPOINT_MATH: 30066.058300189565
  CPU_PRIME: 82.317077415696261
  CPU_SORTING: 21382.406784547071
  CPU_ENCRYPTION: 9325.8541740327564
  CPU_COMPRESSION: 155070.56482107105
  CPU_SINGLETHREAD: 3234.9118728444523
  CPU_PHYSICS: 2025.5253054770649
  CPU_MATRIX_MULT_SSE: 12392.933153600014
  CPU_mm: 1201.4003673744444
  CPU_sse: 5156.6023827860008
  CPU_fma: 13812.786267469945
  CPU_avx: 10417.897548508781
  CPU_avx512: 20184.446415635335
  m_CPU_enc_SHA: 9872581074.9688606
  m_CPU_enc_AES: 12865896948.433306
  m_CPU_enc_ECDSA: 6598122575.7695408
  ME_ALLOC_S: 5770.9598731096003
  ME_READ_S: 26830.529296875
  ME_READ_L: 9657.4853515625
  ME_WRITE: 9351.23046875
  ME_LARGE: 47447.416666666664
  ME_LATENCY: 60.69825487453511
  ME_THREADED: 66793.50927734375
  SUMM_CPU: 15719.155554197741
  SUMM_ME: 2373.023636295577
SystemInformation:
  OSName: Ubuntu 24.04.3 LTS
  Kernel: 6.14.0-1018-aws
  Device: ""
  Processor: Intel(R) Xeon(R) Platinum 8559C
  NumSockets: 1
  Manufacturer: GenuineIntel
  NumCores: 4
  NumLogicals: 8
  CPUFrequency: 0
  CPUMaxFrequency: 0
  Memory: 63764
  CPUInfo:
    number: 1
    Family: 6
    Model: 15
    stepping: 2
    features: 529267711
    manufacture: GenuineIntel
    typestring: Intel(R) Xeon(R) Platinum 8559C
    iCoresPerPackage: 4
    iThreadsPerPackage: 2
    featuresEx:
      - 529267711
      - 4294619651
      - 739248128
    bHybrid: false
    nPCore: 0
    nLogicalsPerPCore: 0
    nECore: 0
    nLogicalsPerECore: 0
  MemModuleInfo:
    iNumMemSticks: 1
    DIMM 1:
      manufacturer: Not Specified
      modulePartNo: Not Specified
      memType: DDR5
      size: 64
      clkspeed: 2800
      moduleVoltage: 0
Checksum: A25041FD22A438106F79F66246E7483705A7E9A9