BaselineInfo:
  WebDBID: -1
  TimeStamp: 20260403230058
Version:
  Major: 11
  Minor: 0
  Build: 1004
  SpecialBuildName: ""
  ptArchitecture: aarch64_linux
Results:
  Results Complete: true
  NumTestProcesses: 4
  CPU_INTEGER_MATH: 18936.433666666664
  CPU_FLOATINGPOINT_MATH: 14374.372373210721
  CPU_PRIME: 32.916422531715448
  CPU_SORTING: 13715.91699861706
  CPU_ENCRYPTION: 649.98896491993662
  CPU_COMPRESSION: 22070.848759421759
  CPU_SINGLETHREAD: 1333.3472842205929
  CPU_PHYSICS: 589.13009603615183
  CPU_MATRIX_MULT_SSE: 2984.3566534746151
  CPU_mm: 498.70894902224444
  CPU_sse: 2492.1556768426453
  CPU_fma: 3476.5576301065839
  CPU_avx: 0
  CPU_avx512: 0
  m_CPU_enc_SHA: 972630289.54593158
  m_CPU_enc_AES: 451385986.08809745
  m_CPU_enc_ECDSA: 620672211.00563359
  ME_ALLOC_S: 2947.4191640835866
  ME_READ_S: 11380.38037109375
  ME_READ_L: 8951.8642578125
  ME_WRITE: 15019.4150390625
  ME_LARGE: 2657.4166666666665
  ME_LATENCY: 69.7508703805115
  ME_THREADED: 34730.943359375
  SUMM_CPU: 3200.7050403556418
  SUMM_ME: 1499.3393516859137
SystemInformation:
  OSName: Ubuntu 24.04.4 LTS
  Kernel: 6.8.0-106-generic
  Device: ""
  Processor: ARM Neoverse-N1 4 Core 0 MHz
  NumSockets: 1
  Manufacturer: ARM
  NumCores: 4
  NumLogicals: 4
  CPUFrequency: 0
  CPUMaxFrequency: 0
  Memory: 15232
Checksum: 51F9AB37624E12BC165EC504C3B47C048793A183