---
system-info:
      stress-ng-version: 0.17.08
      run-by: root
      date-yyyy-mm-dd: 2024:09:17
      time-hh-mm-ss: 11:12:41
      epoch-secs: 1726571561
      hostname: sc-runner
      sysname: Linux
      nodename: sc-runner
      release: 6.8.0-1014-azure
      version: '#16-Ubuntu SMP Thu Aug 15 20:04:41 UTC 2024'
      machine: x86_64
      compiler: 'musl-gcc 13.2.1'
      uptime: 321
      totalram: 405734891520
      freeram: 394049769472
      sharedram: 105414656
      bufferram: 250036224
      totalswap: 0
      freeswap: 0
      pagesize: 4096
      cpus: 48
      cpus-online: 48
      ticks-per-second: 100

metrics:
    - stressor: cpu
      bogo-ops: 37995
      bogo-ops-per-second-usr-sys-time: 1899.735087
      bogo-ops-per-second-real-time: 1899.743297
      wall-clock-time: 20.000071
      user-time: 20.000157
      system-time: 0.000000
      cpu-usage-per-instance: 100.000432
      max-rss: 1152

...
