---
system-info:
      stress-ng-version: 0.17.08
      run-by: root
      date-yyyy-mm-dd: 2024:07:02
      time-hh-mm-ss: 09:50:49
      epoch-secs: 1719913849
      hostname: c3d-highcpu-30-21f6256
      sysname: Linux
      nodename: c3d-highcpu-30-21f6256
      release: 6.8.0-1009-gcp
      version: '#10-Ubuntu SMP Wed Jun 12 18:52:23 UTC 2024'
      machine: x86_64
      compiler: 'musl-gcc 13.2.1'
      uptime: 114
      totalram: 62132047872
      freeram: 56911966208
      sharedram: 35192832
      bufferram: 126349312
      totalswap: 0
      freeswap: 0
      pagesize: 4096
      cpus: 30
      cpus-online: 30
      ticks-per-second: 100

metrics:
    - stressor: cpu
      bogo-ops: 861212
      bogo-ops-per-second-usr-sys-time: 1436.494283
      bogo-ops-per-second-real-time: 43060.479404
      wall-clock-time: 20.000056
      user-time: 599.492461
      system-time: 0.030983
      cpu-usage-per-instance: 99.920294
      max-rss: 972

...
