BaselineInfo:
  WebDBID: -1
  TimeStamp: 20241107085627
Version:
  Major: 11
  Minor: 0
  Build: 1002
  SpecialBuildName: ""
  ptArchitecture: x86_64_linux
Results:
  Results Complete: true
  NumTestProcesses: 2
  CPU_INTEGER_MATH: 8962.8506666666672
  CPU_FLOATINGPOINT_MATH: 6414.8135720938808
  CPU_PRIME: 17.758712058152348
  CPU_SORTING: 4481.2857512603568
  CPU_ENCRYPTION: 1975.2614020168955
  CPU_COMPRESSION: 33847.96516319587
  CPU_SINGLETHREAD: 2719.4779367173592
  CPU_PHYSICS: 416.194781249107
  CPU_MATRIX_MULT_SSE: 2072.8084997538622
  CPU_mm: 238.18468101903557
  CPU_sse: 1032.6605626051742
  CPU_fma: 2465.3867833588879
  CPU_avx: 1920.2174780443811
  CPU_avx512: 2872.969175007006
  m_CPU_enc_SHA: 2098265388.1522975
  m_CPU_enc_AES: 2707780494.5947332
  m_CPU_enc_ECDSA: 1407589216.8967748
  ME_ALLOC_S: 1002.1536297839349
  ME_READ_S: 24748.534374999999
  ME_READ_L: 8829.2490234375
  ME_WRITE: 12167.0771484375
  ME_LARGE: 5827.25
  ME_LATENCY: 84.796998773147877
  ME_THREADED: 11684.18212890625
  SUMM_CPU: 3413.4701757901653
  SUMM_ME: 1493.9632773458118
SystemInformation:
  OSName: Ubuntu 24.04.1 LTS
  Kernel: 6.8.0-1016-aws
  Device: ""
  Processor: Intel Xeon Platinum 8488C
  NumSockets: 1
  Manufacturer: GenuineIntel
  NumCores: 1
  NumLogicals: 2
  CPUFrequency: 0
  Memory: 15706
  MemModuleInfo:
    iNumMemSticks: 1
    DIMM 1:
      manufacturer: Not Specified
      modulePartNo: Not Specified
      memType: DDR5
      size: 16
      clkspeed: 2400
      moduleVoltage: 0
Checksum: A70131791EF4A2147BBBB1DBD7D72F9EB9EE30E4