---
system-info:
      stress-ng-version: 0.17.08
      run-by: root
      date-yyyy-mm-dd: 2024:09:23
      time-hh-mm-ss: 18:07:44
      epoch-secs: 1727114864
      hostname: sc-runner
      sysname: Linux
      nodename: sc-runner
      release: 6.8.0-1014-azure
      version: '#16-Ubuntu SMP Thu Aug 15 20:04:41 UTC 2024'
      machine: x86_64
      compiler: 'musl-gcc 13.2.1'
      uptime: 307
      totalram: 135059623936
      freeram: 124221931520
      sharedram: 55013376
      bufferram: 253165568
      totalswap: 0
      freeswap: 0
      pagesize: 4096
      cpus: 32
      cpus-online: 32
      ticks-per-second: 100

metrics:
    - stressor: cpu
      bogo-ops: 37995
      bogo-ops-per-second-usr-sys-time: 1899.720364
      bogo-ops-per-second-real-time: 1899.743297
      wall-clock-time: 20.000071
      user-time: 19.999312
      system-time: 0.001000
      cpu-usage-per-instance: 100.001207
      max-rss: 3080

...
