---
system-info:
      stress-ng-version: 0.17.08
      run-by: root
      date-yyyy-mm-dd: 2024:09:02
      time-hh-mm-ss: 21:34:46
      epoch-secs: 1725312886
      hostname: sc-runner
      sysname: Linux
      nodename: sc-runner
      release: 6.8.0-1013-azure
      version: '#15-Ubuntu SMP Thu Aug  8 18:40:40 UTC 2024'
      machine: x86_64
      compiler: 'musl-gcc 13.2.1'
      uptime: 300
      totalram: 8322613248
      freeram: 267804672
      sharedram: 54882304
      bufferram: 197701632
      totalswap: 0
      freeswap: 0
      pagesize: 4096
      cpus: 2
      cpus-online: 2
      ticks-per-second: 100

metrics:
    - stressor: cpu
      bogo-ops: 38627
      bogo-ops-per-second-usr-sys-time: 974.815504
      bogo-ops-per-second-real-time: 1931.342828
      wall-clock-time: 20.000074
      user-time: 39.616951
      system-time: 0.007983
      cpu-usage-per-instance: 99.061967
      max-rss: 3124

...
