---
system-info:
      stress-ng-version: 0.17.08
      run-by: root
      date-yyyy-mm-dd: 2024:07:09
      time-hh-mm-ss: 20:36:43
      epoch-secs: 1720557403
      hostname: n1-megamem-96-ba46293
      sysname: Linux
      nodename: n1-megamem-96-ba46293
      release: 6.8.0-1009-gcp
      version: '#10-Ubuntu SMP Wed Jun 12 18:52:23 UTC 2024'
      machine: x86_64
      compiler: 'musl-gcc 13.2.1'
      uptime: 207
      totalram: 1515106127872
      freeram: 1508101427200
      sharedram: 82534400
      bufferram: 136785920
      totalswap: 0
      freeswap: 0
      pagesize: 4096
      cpus: 96
      cpus-online: 96
      ticks-per-second: 100

metrics:
    - stressor: cpu
      bogo-ops: 25539
      bogo-ops-per-second-usr-sys-time: 1277.007912
      bogo-ops-per-second-real-time: 1276.942845
      wall-clock-time: 20.000112
      user-time: 19.999093
      system-time: 0.000000
      cpu-usage-per-instance: 99.994905
      max-rss: 768

...
