---
system-info:
      stress-ng-version: 0.17.08
      run-by: root
      date-yyyy-mm-dd: 2024:06:13
      time-hh-mm-ss: 19:55:35
      epoch-secs: 1718308535
      hostname: 484cc8882a67
      sysname: Linux
      nodename: 484cc8882a67
      release: 6.8.0-1008-aws
      version: '#8-Ubuntu SMP Sat Apr 20 00:46:25 UTC 2024'
      machine: x86_64
      compiler: 'musl-gcc 13.2.1'
      uptime: 113
      totalram: 66333839360
      freeram: 61926174720
      sharedram: 59908096
      bufferram: 105738240
      totalswap: 0
      freeswap: 0
      pagesize: 4096
      cpus: 8
      cpus-online: 8
      ticks-per-second: 100

metrics:
    - stressor: cpu
      bogo-ops: 154182
      bogo-ops-per-second-usr-sys-time: 965.342041
      bogo-ops-per-second-real-time: 7709.064102
      wall-clock-time: 20.000093
      user-time: 159.694492
      system-time: 0.022990
      cpu-usage-per-instance: 99.822961
      max-rss: 1104

...
