---
system-info:
      stress-ng-version: 0.17.08
      run-by: root
      date-yyyy-mm-dd: 2024:06:08
      time-hh-mm-ss: 07:19:02
      epoch-secs: 1717831142
      hostname: 3b068b5e20b8
      sysname: Linux
      nodename: 3b068b5e20b8
      release: 6.8.0-1008-aws
      version: '#8-Ubuntu SMP Sat Apr 20 00:46:25 UTC 2024'
      machine: x86_64
      compiler: 'musl-gcc 13.2.1'
      uptime: 104
      totalram: 66333839360
      freeram: 61912997888
      sharedram: 59908096
      bufferram: 97443840
      totalswap: 0
      freeswap: 0
      pagesize: 4096
      cpus: 8
      cpus-online: 8
      ticks-per-second: 100

metrics:
    - stressor: cpu
      bogo-ops: 94467
      bogo-ops-per-second-usr-sys-time: 1184.063184
      bogo-ops-per-second-real-time: 9446.238955
      wall-clock-time: 10.000488
      user-time: 79.761075
      system-time: 0.020985
      cpu-usage-per-instance: 99.722708
      max-rss: 4048

...
