---
system-info:
      stress-ng-version: 0.17.08
      run-by: root
      date-yyyy-mm-dd: 2024:06:08
      time-hh-mm-ss: 05:19:38
      epoch-secs: 1717823978
      hostname: cf692af95ee9
      sysname: Linux
      nodename: cf692af95ee9
      release: 6.8.0-1008-aws
      version: '#8-Ubuntu SMP Sat Apr 20 00:46:25 UTC 2024'
      machine: x86_64
      compiler: 'musl-gcc 13.2.1'
      uptime: 131
      totalram: 133622263808
      freeram: 129148596224
      sharedram: 40771584
      bufferram: 96927744
      totalswap: 0
      freeswap: 0
      pagesize: 4096
      cpus: 16
      cpus-online: 16
      ticks-per-second: 100

metrics:
    - stressor: cpu
      bogo-ops: 13895
      bogo-ops-per-second-usr-sys-time: 1389.458177
      bogo-ops-per-second-real-time: 1389.457630
      wall-clock-time: 10.000305
      user-time: 9.999302
      system-time: 0.000999
      cpu-usage-per-instance: 99.999961
      max-rss: 4048

...
