---
system-info:
      stress-ng-version: 0.17.08
      run-by: root
      date-yyyy-mm-dd: 2024:06:13
      time-hh-mm-ss: 18:43:26
      epoch-secs: 1718304206
      hostname: 358b71974e0f
      sysname: Linux
      nodename: 358b71974e0f
      release: 6.8.0-1008-aws
      version: '#8-Ubuntu SMP Sat Apr 20 00:46:25 UTC 2024'
      machine: x86_64
      compiler: 'musl-gcc 13.2.1'
      uptime: 141
      totalram: 133622251520
      freeram: 129133891584
      sharedram: 40771584
      bufferram: 107675648
      totalswap: 0
      freeswap: 0
      pagesize: 4096
      cpus: 16
      cpus-online: 16
      ticks-per-second: 100

metrics:
    - stressor: cpu
      bogo-ops: 25703
      bogo-ops-per-second-usr-sys-time: 1285.154241
      bogo-ops-per-second-real-time: 1285.145419
      wall-clock-time: 20.000071
      user-time: 19.999934
      system-time: 0.000000
      cpu-usage-per-instance: 99.999314
      max-rss: 1104

...
