BaselineInfo:
  WebDBID: -1
  TimeStamp: 20260611141145
Version:
  Major: 11
  Minor: 0
  Build: 1004
  SpecialBuildName: ""
  ptArchitecture: aarch64_linux
Results:
  Results Complete: true
  NumTestProcesses: 96
  CPU_INTEGER_MATH: 585512.43400000001
  CPU_FLOATINGPOINT_MATH: 731564.7101368109
  CPU_PRIME: 1107.9003489612887
  CPU_SORTING: 493014.51004005456
  CPU_ENCRYPTION: 28396.482720706983
  CPU_COMPRESSION: 885574.0832230869
  CPU_SINGLETHREAD: 2461.9483705481807
  CPU_PHYSICS: 21018.293393954744
  CPU_MATRIX_MULT_SSE: 128808.56338476161
  CPU_mm: 12791.40893934769
  CPU_sse: 102167.19087687449
  CPU_fma: 155449.93589264885
  CPU_avx: 0
  CPU_avx512: 0
  m_CPU_enc_SHA: 48178258281.624863
  m_CPU_enc_AES: 13176508040.117279
  m_CPU_enc_ECDSA: 27972844474.301994
  ME_ALLOC_S: 57588.740911007379
  ME_READ_S: 24774.584765625001
  ME_READ_L: 24536.55078125
  ME_WRITE: 24931.640625
  ME_LARGE: 367693.41666666669
  ME_LATENCY: 28.60771278410083
  ME_THREADED: 420820.416015625
  SUMM_CPU: 77010.828427177912
  SUMM_ME: 4602.947918265816
SystemInformation:
  OSName: Ubuntu 24.04.4 LTS
  Kernel: 6.17.0-1017-aws
  Device: ""
  Processor: ARM Neoverse-V3 96 Core 0 MHz
  NumSockets: 1
  Manufacturer: ARM
  NumCores: 96
  NumLogicals: 96
  CPUFrequency: 0
  CPUMaxFrequency: 0
  Memory: 379802
Checksum: E5181A57983025719AC70539B5D1E349054D70EF