---
system-info:
      stress-ng-version: 0.17.08
      run-by: root
      date-yyyy-mm-dd: 2024:06:13
      time-hh-mm-ss: 19:40:59
      epoch-secs: 1718307659
      hostname: 935597c8d388
      sysname: Linux
      nodename: 935597c8d388
      release: 6.8.0-1008-aws
      version: '#8-Ubuntu SMP Sat Apr 20 00:46:25 UTC 2024'
      machine: x86_64
      compiler: 'musl-gcc 13.2.1'
      uptime: 139
      totalram: 399160180736
      freeram: 394475749376
      sharedram: 60047360
      bufferram: 107208704
      totalswap: 0
      freeswap: 0
      pagesize: 4096
      cpus: 48
      cpus-online: 48
      ticks-per-second: 100

metrics:
    - stressor: cpu
      bogo-ops: 37810
      bogo-ops-per-second-usr-sys-time: 1890.515408
      bogo-ops-per-second-real-time: 1890.495155
      wall-clock-time: 20.000051
      user-time: 19.999837
      system-time: 0.000000
      cpu-usage-per-instance: 99.998929
      max-rss: 1152

...
