---
system-info:
      stress-ng-version: 0.17.08
      run-by: root
      date-yyyy-mm-dd: 2024:06:08
      time-hh-mm-ss: 06:54:51
      epoch-secs: 1717829691
      hostname: 14e80c94b0f1
      sysname: Linux
      nodename: 14e80c94b0f1
      release: 6.8.0-1008-aws
      version: '#8-Ubuntu SMP Sat Apr 20 00:46:25 UTC 2024'
      machine: x86_64
      compiler: 'musl-gcc 13.2.1'
      uptime: 115
      totalram: 399160188928
      freeram: 394445672448
      sharedram: 60047360
      bufferram: 97783808
      totalswap: 0
      freeswap: 0
      pagesize: 4096
      cpus: 48
      cpus-online: 48
      ticks-per-second: 100

metrics:
    - stressor: cpu
      bogo-ops: 16761
      bogo-ops-per-second-usr-sys-time: 1675.141149
      bogo-ops-per-second-real-time: 1675.148701
      wall-clock-time: 10.005679
      user-time: 10.003725
      system-time: 0.001999
      cpu-usage-per-instance: 100.000451
      max-rss: 3840

...
