BaselineInfo:
  WebDBID: -1
  TimeStamp: 20241125132246
Version:
  Major: 11
  Minor: 0
  Build: 1002
  SpecialBuildName: ""
  ptArchitecture: x86_64_linux
Results:
  Results Complete: true
  NumTestProcesses: 4
  CPU_INTEGER_MATH: 18945.285
  CPU_FLOATINGPOINT_MATH: 10613.331620382749
  CPU_PRIME: 48.081344152660193
  CPU_SORTING: 11712.697159212948
  CPU_ENCRYPTION: 4808.3895994875502
  CPU_COMPRESSION: 78876.151192989506
  CPU_SINGLETHREAD: 2899.3766761293682
  CPU_PHYSICS: 943.19973809927228
  CPU_MATRIX_MULT_SSE: 5366.3509785732349
  CPU_mm: 507.93466171398637
  CPU_sse: 2237.5930530208711
  CPU_fma: 7009.5654361478446
  CPU_avx: 5774.35040020622
  CPU_avx512: 6443.8950249180016
  m_CPU_enc_SHA: 6719359773.4851246
  m_CPU_enc_AES: 4562374561.9083948
  m_CPU_enc_ECDSA: 3844151462.6232524
  ME_ALLOC_S: 2007.2416938130254
  ME_READ_S: 27821.983593749999
  ME_READ_L: 27471.830078125
  ME_WRITE: 26695.09765625
  ME_LARGE: 635
  ME_LATENCY: 77.596956710152412
  ME_THREADED: 37209.572265625
  SUMM_CPU: 7558.8510547551896
  SUMM_ME: 1098.3249958745957
SystemInformation:
  OSName: Ubuntu 24.04.1 LTS
  Kernel: 6.8.0-1017-azure
  Device: ""
  Processor: AMD EPYC 9V74 80-Core Processor
  NumSockets: 1
  Manufacturer: AuthenticAMD
  NumCores: 2
  NumLogicals: 4
  CPUFrequency: 0
  Memory: 7937
  MemModuleInfo:
    iNumMemSticks: 2
    DIMM 1:
      manufacturer: Microsoft Corporation
      modulePartNo: None
      memType: Unknown
      size: 1
      clkspeed: 0
      moduleVoltage: 0
    DIMM 2:
      manufacturer: Microsoft Corporation
      modulePartNo: None
      memType: Unknown
      size: 7
      clkspeed: 0
      moduleVoltage: 0
Checksum: BA2716AA2154C2B8F50E960EC1342F598FBF5475