BaselineInfo:
  WebDBID: -1
  TimeStamp: 20241109221941
Version:
  Major: 11
  Minor: 0
  Build: 1002
  SpecialBuildName: ""
  ptArchitecture: x86_64_linux
Results:
  Results Complete: true
  NumTestProcesses: 32
  CPU_INTEGER_MATH: 99828.674333333343
  CPU_FLOATINGPOINT_MATH: 53491.503998190245
  CPU_PRIME: 184.67382829248999
  CPU_SORTING: 51355.433337214898
  CPU_ENCRYPTION: 13729.783734844188
  CPU_COMPRESSION: 434138.55264598451
  CPU_SINGLETHREAD: 2118.993619078864
  CPU_PHYSICS: 3196.7528753642891
  CPU_MATRIX_MULT_SSE: 30937.778880419453
  CPU_mm: 3027.6489681996432
  CPU_sse: 10941.651380190973
  CPU_fma: 35958.902942971639
  CPU_avx: 25410.78474528572
  CPU_avx512: 51439.776453229468
  m_CPU_enc_SHA: 4510322325.5526552
  m_CPU_enc_AES: 34641340311.997253
  m_CPU_enc_ECDSA: 4038502491.0940185
  ME_ALLOC_S: 11633.05298337913
  ME_READ_S: 24660.0791015625
  ME_READ_L: 11670.99609375
  ME_WRITE: 10720.009765625
  ME_LARGE: 496477.25
  ME_LATENCY: 48.002623287826417
  ME_THREADED: 146358.5771484375
  SUMM_CPU: 29157.285898265414
  SUMM_ME: 2874.7567279610344
SystemInformation:
  OSName: Ubuntu 24.04.1 LTS
  Kernel: 6.8.0-1017-azure
  Device: ""
  Processor: Intel Xeon Platinum 8272CL CPU @ 2.60GHz
  NumSockets: 2
  Manufacturer: GenuineIntel
  NumCores: 16
  NumLogicals: 32
  CPUFrequency: 0
  Memory: 507907
  MemModuleInfo:
    iNumMemSticks: 4
    DIMM 1:
      manufacturer: Microsoft Corporation
      modulePartNo: None
      memType: Unknown
      size: 1
      clkspeed: 0
      moduleVoltage: 0
    DIMM 2:
      manufacturer: Microsoft Corporation
      modulePartNo: None
      memType: Unknown
      size: 60928
      clkspeed: 0
      moduleVoltage: 0
    DIMM 3:
      manufacturer: Microsoft Corporation
      modulePartNo: None
      memType: Unknown
      size: 196096
      clkspeed: 0
      moduleVoltage: 0
    DIMM 4:
      manufacturer: Microsoft Corporation
      modulePartNo: None
      memType: Unknown
      size: 252
      clkspeed: 0
      moduleVoltage: 0
Checksum: C5F940A1C15BC09A7658B7DAA1F16453D76DF619