BaselineInfo:
  WebDBID: -1
  TimeStamp: 20241108064409
Version:
  Major: 11
  Minor: 0
  Build: 1002
  SpecialBuildName: ""
  ptArchitecture: x86_64_linux
Results:
  Results Complete: true
  NumTestProcesses: 16
  CPU_INTEGER_MATH: 70712.520999999993
  CPU_FLOATINGPOINT_MATH: 40328.856765239689
  CPU_PRIME: 121.45457846772416
  CPU_SORTING: 39057.336683882597
  CPU_ENCRYPTION: 17934.944264320471
  CPU_COMPRESSION: 287261.40478795429
  CPU_SINGLETHREAD: 2688.4630445479006
  CPU_PHYSICS: 2217.3488531498292
  CPU_MATRIX_MULT_SSE: 20383.30523014404
  CPU_mm: 1898.4666115395912
  CPU_sse: 8396.9184972836101
  CPU_fma: 26156.986742377303
  CPU_avx: 21524.242679795094
  CPU_avx512: 25455.073001120163
  m_CPU_enc_SHA: 25037851137.514896
  m_CPU_enc_AES: 17036278635.735489
  m_CPU_enc_ECDSA: 14344326577.46192
  ME_ALLOC_S: 7087.1509784463478
  ME_READ_S: 25806.377539062501
  ME_READ_L: 24912.01953125
  ME_WRITE: 18489.673828125
  ME_LARGE: 53957.833333333336
  ME_LATENCY: 69.897121625135782
  ME_THREADED: 38219.74169921875
  SUMM_CPU: 24413.203160536523
  SUMM_ME: 2619.8955514719751
SystemInformation:
  OSName: Ubuntu 24.04.1 LTS
  Kernel: 6.8.0-1015-gcp
  Device: ""
  Processor: AMD EPYC 9B14
  NumSockets: 1
  Manufacturer: AuthenticAMD
  NumCores: 8
  NumLogicals: 16
  CPUFrequency: 0
  Memory: 64298
  MemModuleInfo:
    iNumMemSticks: 4
    DIMM 1:
      manufacturer: ""
      modulePartNo: ""
      memType: RAM
      size: 16
      clkspeed: 0
      moduleVoltage: 0
    DIMM 2:
      manufacturer: ""
      modulePartNo: ""
      memType: RAM
      size: 16
      clkspeed: 0
      moduleVoltage: 0
    DIMM 3:
      manufacturer: ""
      modulePartNo: ""
      memType: RAM
      size: 16
      clkspeed: 0
      moduleVoltage: 0
    DIMM 4:
      manufacturer: ""
      modulePartNo: ""
      memType: RAM
      size: 16
      clkspeed: 0
      moduleVoltage: 0
Checksum: F0CC99337AE4DA35FACDDE085802372B1BCCD5BC