BaselineInfo:
  WebDBID: -1
  TimeStamp: 20241109060545
Version:
  Major: 11
  Minor: 0
  Build: 1002
  SpecialBuildName: ""
  ptArchitecture: x86_64_linux
Results:
  Results Complete: true
  NumTestProcesses: 24
  CPU_INTEGER_MATH: 87863.020666666678
  CPU_FLOATINGPOINT_MATH: 47051.293922819066
  CPU_PRIME: 108.40692696485409
  CPU_SORTING: 44137.671467214386
  CPU_ENCRYPTION: 12060.210381196162
  CPU_COMPRESSION: 383335.61736519111
  CPU_SINGLETHREAD: 2347.4057236526114
  CPU_PHYSICS: 2031.2051331372877
  CPU_MATRIX_MULT_SSE: 24851.813222264253
  CPU_mm: 2671.2532266869716
  CPU_sse: 9462.7825470132811
  CPU_fma: 29293.345127206921
  CPU_avx: 20695.596187249317
  CPU_avx512: 39955.529027587465
  m_CPU_enc_SHA: 3958560963.6780667
  m_CPU_enc_AES: 30444470390.115349
  m_CPU_enc_ECDSA: 3535110128.2260332
  ME_ALLOC_S: 9292.4325601457604
  ME_READ_S: 28082.175976562499
  ME_READ_L: 11440.6484375
  ME_WRITE: 10879.548828125
  ME_LARGE: 180313.75
  ME_LATENCY: 51.456461766001233
  ME_THREADED: 108066.9365234375
  SUMM_CPU: 25592.054730650118
  SUMM_ME: 2818.2721300385301
SystemInformation:
  OSName: Ubuntu 24.04.1 LTS
  Kernel: 6.8.0-1016-aws
  Device: ""
  Processor: Intel Xeon Platinum 8151 CPU @ 3.40GHz
  NumSockets: 1
  Manufacturer: GenuineIntel
  NumCores: 12
  NumLogicals: 24
  CPUFrequency: 0
  Memory: 191175
  MemModuleInfo:
    iNumMemSticks: 1
    DIMM 1:
      manufacturer: Not Specified
      modulePartNo: Not Specified
      memType: DDR4
      size: 192
      clkspeed: 1333
      moduleVoltage: 0
Checksum: B8A8416139FFBC925642E0A1D95DA2CFF120480E