BaselineInfo:
  WebDBID: -1
  TimeStamp: 20260404094153
Version:
  Major: 11
  Minor: 0
  Build: 1004
  SpecialBuildName: ""
  ptArchitecture: x86_64_linux
Results:
  Results Complete: true
  NumTestProcesses: 8
  CPU_INTEGER_MATH: 19693.885333333332
  CPU_FLOATINGPOINT_MATH: 10571.682909137493
  CPU_PRIME: 46.201594178725998
  CPU_SORTING: 12129.369409974148
  CPU_ENCRYPTION: 2728.09679531031
  CPU_COMPRESSION: 91737.599151598493
  CPU_SINGLETHREAD: 1659.2782905994829
  CPU_PHYSICS: 764.82758037105521
  CPU_MATRIX_MULT_SSE: 6069.6960181855975
  CPU_mm: 598.69379477831171
  CPU_sse: 2143.0682419807049
  CPU_fma: 7310.5470809370618
  CPU_avx: 5145.1364788111405
  CPU_avx512: 9680.0322710134806
  m_CPU_enc_SHA: 890360473.06994796
  m_CPU_enc_AES: 6884676652.0950489
  m_CPU_enc_ECDSA: 806813350.5529151
  ME_ALLOC_S: 2218.3453287397688
  ME_READ_S: 19384.642968749999
  ME_READ_L: 6715.0146484375
  ME_WRITE: 6933.64453125
  ME_LARGE: 3668.3333333333335
  ME_LATENCY: 75.131028985591072
  ME_THREADED: 37276.041015625
  SUMM_CPU: 7018.4401848418502
  SUMM_ME: 1521.4989631432773
SystemInformation:
  OSName: Ubuntu 24.04.4 LTS
  Kernel: 6.8.0-106-generic
  Device: ""
  Processor: Intel(R) Xeon(R) Platinum 8269CY CPU @ 2.50GHz
  NumSockets: 1
  Manufacturer: GenuineIntel
  NumCores: 4
  NumLogicals: 8
  CPUFrequency: 0
  CPUMaxFrequency: 0
  Memory: 7555
  CPUInfo:
    number: 1
    Family: 6
    Model: 5
    stepping: 7
    features: 529267711
    manufacture: GenuineIntel
    typestring: Intel(R) Xeon(R) Platinum 8269CY CPU @ 2.50GHz
    iCoresPerPackage: 4
    iThreadsPerPackage: 2
    featuresEx:
      - 529267711
      - 4277809667
      - 739248128
    bHybrid: false
    nPCore: 0
    nLogicalsPerPCore: 0
    nECore: 0
    nLogicalsPerECore: 0
  MemModuleInfo:
    iNumMemSticks: 1
    DIMM 1:
      manufacturer: Alibaba Cloud
      modulePartNo: Not Specified
      memType: RAM
      size: 8
      clkspeed: 0
      moduleVoltage: 0
Checksum: B86C703D4D967A3FD801977085E06054BE2A013F