BaselineInfo:
  WebDBID: -1
  TimeStamp: 20260404211424
Version:
  Major: 11
  Minor: 0
  Build: 1004
  SpecialBuildName: ""
  ptArchitecture: x86_64_linux
Results:
  Results Complete: true
  NumTestProcesses: 12
  CPU_INTEGER_MATH: 29413.619666666666
  CPU_FLOATINGPOINT_MATH: 15864.082965687576
  CPU_PRIME: 61.071819694994275
  CPU_SORTING: 18265.328094626129
  CPU_ENCRYPTION: 4090.1571848464364
  CPU_COMPRESSION: 136517.85633052056
  CPU_SINGLETHREAD: 1690.6024322805679
  CPU_PHYSICS: 1040.225301149542
  CPU_MATRIX_MULT_SSE: 9206.0365080017164
  CPU_mm: 848.58087669289955
  CPU_sse: 3228.2200589140689
  CPU_fma: 10980.437569366688
  CPU_avx: 7727.4773341436021
  CPU_avx512: 14888.011069582506
  m_CPU_enc_SHA: 1335651300.2541347
  m_CPU_enc_AES: 10321287033.346968
  m_CPU_enc_ECDSA: 1209583647.1715064
  ME_ALLOC_S: 3243.3330344176838
  ME_READ_S: 19496.6533203125
  ME_READ_L: 6861.33349609375
  ME_WRITE: 7071.3876953125
  ME_LARGE: 82919.166666666672
  ME_LATENCY: 76.456746621284779
  ME_THREADED: 56531.4453125
  SUMM_CPU: 10161.809319567272
  SUMM_ME: 1804.7713060088031
SystemInformation:
  OSName: Ubuntu 24.04.4 LTS
  Kernel: 6.8.0-106-generic
  Device: ""
  Processor: Intel(R) Xeon(R) Platinum 8269CY CPU @ 2.50GHz
  NumSockets: 1
  Manufacturer: GenuineIntel
  NumCores: 6
  NumLogicals: 12
  CPUFrequency: 2500
  CPUMaxFrequency: 3800
  Memory: 96044
  CPUInfo:
    number: 1
    Family: 6
    Model: 5
    stepping: 7
    features: 529267711
    manufacture: GenuineIntel
    typestring: Intel(R) Xeon(R) Platinum 8269CY CPU @ 2.50GHz
    iCoresPerPackage: 6
    iThreadsPerPackage: 2
    featuresEx:
      - 529267711
      - 4294586883
      - 739248128
    bHybrid: false
    nPCore: 0
    nLogicalsPerPCore: 0
    nECore: 0
    nLogicalsPerECore: 0
  MemModuleInfo:
    iNumMemSticks: 6
    DIMM 1:
      manufacturer: Alibaba Cloud
      modulePartNo: Not Specified
      memType: RAM
      size: 16
      clkspeed: 0
      moduleVoltage: 0
    DIMM 2:
      manufacturer: Alibaba Cloud
      modulePartNo: Not Specified
      memType: RAM
      size: 16
      clkspeed: 0
      moduleVoltage: 0
    DIMM 3:
      manufacturer: Alibaba Cloud
      modulePartNo: Not Specified
      memType: RAM
      size: 16
      clkspeed: 0
      moduleVoltage: 0
    DIMM 4:
      manufacturer: Alibaba Cloud
      modulePartNo: Not Specified
      memType: RAM
      size: 16
      clkspeed: 0
      moduleVoltage: 0
    DIMM 5:
      manufacturer: Alibaba Cloud
      modulePartNo: Not Specified
      memType: RAM
      size: 16
      clkspeed: 0
      moduleVoltage: 0
    DIMM 6:
      manufacturer: Alibaba Cloud
      modulePartNo: Not Specified
      memType: RAM
      size: 16
      clkspeed: 0
      moduleVoltage: 0
Checksum: 1EA0B940181CC9A9378A6318F2DA000824085D3E