BaselineInfo:
  WebDBID: -1
  TimeStamp: 20260403190142
Version:
  Major: 11
  Minor: 0
  Build: 1004
  SpecialBuildName: ""
  ptArchitecture: x86_64_linux
Results:
  Results Complete: true
  NumTestProcesses: 2
  CPU_INTEGER_MATH: 7476.7496666666666
  CPU_FLOATINGPOINT_MATH: 5540.5603192571725
  CPU_PRIME: 21.439178036906128
  CPU_SORTING: 5170.921749979083
  CPU_ENCRYPTION: 969.78270508966762
  CPU_COMPRESSION: 39391.800823295685
  CPU_SINGLETHREAD: 1981.0563464857528
  CPU_PHYSICS: 376.95858504642615
  CPU_MATRIX_MULT_SSE: 2737.2312559473648
  CPU_mm: 339.53740141490675
  CPU_sse: 1257.1287054364857
  CPU_fma: 3813.7113581884623
  CPU_avx: 2595.0301349143065
  CPU_avx512: 3283.0548252502058
  m_CPU_enc_SHA: 529478128.85888135
  m_CPU_enc_AES: 2056474563.4751253
  m_CPU_enc_ECDSA: 464719916.98230362
  ME_ALLOC_S: 701.22432749663699
  ME_READ_S: 18290.620898437501
  ME_READ_L: 9241.9921875
  ME_WRITE: 9363.5859375
  ME_LARGE: 1083.8333333333333
  ME_LATENCY: 58.137249841431633
  ME_THREADED: 18656.5068359375
  SUMM_CPU: 3062.6071818249561
  SUMM_ME: 1168.9079425803909
SystemInformation:
  OSName: Ubuntu 24.04.4 LTS
  Kernel: 6.8.0-106-generic
  Device: ""
  Processor: Intel(R) Xeon(R) Platinum 8269CY CPU @ 2.50GHz
  NumSockets: 1
  Manufacturer: GenuineIntel
  NumCores: 1
  NumLogicals: 2
  CPUFrequency: 0
  CPUMaxFrequency: 0
  Memory: 7185
  CPUInfo:
    number: 1
    Family: 6
    Model: 5
    stepping: 7
    features: 529267711
    manufacture: GenuineIntel
    typestring: Intel(R) Xeon(R) Platinum 8269CY CPU @ 2.50GHz
    iCoresPerPackage: 1
    iThreadsPerPackage: 2
    featuresEx:
      - 529267711
      - 4277809667
      - 739248128
    bHybrid: false
    nPCore: 0
    nLogicalsPerPCore: 0
    nECore: 0
    nLogicalsPerECore: 0
  MemModuleInfo:
    iNumMemSticks: 1
    DIMM 1:
      manufacturer: Alibaba Cloud
      modulePartNo: Not Specified
      memType: RAM
      size: 8
      clkspeed: 0
      moduleVoltage: 0
Checksum: 286D3A57937290A8C1F462E092354858BDBAC216