BaselineInfo:
  WebDBID: -1
  TimeStamp: 20241107093711
Version:
  Major: 11
  Minor: 0
  Build: 1002
  SpecialBuildName: ""
  ptArchitecture: x86_64_linux
Results:
  Results Complete: true
  NumTestProcesses: 2
  CPU_INTEGER_MATH: 8141.2623333333322
  CPU_FLOATINGPOINT_MATH: 4555.0789973123592
  CPU_PRIME: 19.528319934661095
  CPU_SORTING: 4596.2616934712696
  CPU_ENCRYPTION: 2137.2629945946028
  CPU_COMPRESSION: 32509.813581444982
  CPU_SINGLETHREAD: 2319.7785665183337
  CPU_PHYSICS: 388.54932257622676
  CPU_MATRIX_MULT_SSE: 1737.2225804526311
  CPU_mm: 221.26692196557354
  CPU_sse: 934.61184975329172
  CPU_fma: 2569.1162025771982
  CPU_avx: 1707.9396890274029
  CPU_avx512: 0
  m_CPU_enc_SHA: 3092554492.0304413
  m_CPU_enc_AES: 1978742217.9345632
  m_CPU_enc_ECDSA: 1651951335.4950862
  ME_ALLOC_S: 935.52738716984925
  ME_READ_S: 24046.537695312501
  ME_READ_L: 20263.39453125
  ME_WRITE: 18840.060546875
  ME_LARGE: 22166
  ME_LATENCY: 64.183139572531715
  ME_THREADED: 22220.166015625
  SUMM_CPU: 3116.1610169919045
  SUMM_ME: 2173.2903569616446
SystemInformation:
  OSName: Ubuntu 24.04.1 LTS
  Kernel: 6.8.0-1017-azure
  Device: ""
  Processor: AMD EPYC 7763 64-Core Processor
  NumSockets: 1
  Manufacturer: AuthenticAMD
  NumCores: 1
  NumLogicals: 2
  CPUFrequency: 0
  Memory: 32094
  MemModuleInfo:
    iNumMemSticks: 2
    DIMM 1:
      manufacturer: Microsoft Corporation
      modulePartNo: None
      memType: Unknown
      size: 1
      clkspeed: 0
      moduleVoltage: 0
    DIMM 2:
      manufacturer: Microsoft Corporation
      modulePartNo: None
      memType: Unknown
      size: 31
      clkspeed: 0
      moduleVoltage: 0
Checksum: 72A3FB7E5BD5F68D305D5CF863CA88BA60C8BCFB