BaselineInfo:
  WebDBID: -1
  TimeStamp: 20260621232731
Version:
  Major: 11
  Minor: 0
  Build: 1004
  SpecialBuildName: ""
  ptArchitecture: x86_64_linux
Results:
  Results Complete: true
  NumTestProcesses: 96
  CPU_INTEGER_MATH: 486729.40033333312
  CPU_FLOATINGPOINT_MATH: 354385.55961093702
  CPU_PRIME: 933.37022657565103
  CPU_SORTING: 243748.08728531364
  CPU_ENCRYPTION: 107455.50645618768
  CPU_COMPRESSION: 1876319.5851956292
  CPU_SINGLETHREAD: 3530.4883762247277
  CPU_PHYSICS: 14151.261248104349
  CPU_MATRIX_MULT_SSE: 127838.02139970916
  CPU_mm: 13571.256760638966
  CPU_sse: 59224.705346044691
  CPU_fma: 153865.41629120131
  CPU_avx: 118147.42968747787
  CPU_avx512: 180114.53427411284
  m_CPU_enc_SHA: 113216241171.46294
  m_CPU_enc_AES: 149406590221.52698
  m_CPU_enc_ECDSA: 75402964020.420517
  ME_ALLOC_S: 33095.509571076131
  ME_READ_S: 29907.657031250001
  ME_READ_L: 19047.224609375
  ME_WRITE: 8381.9619140625
  ME_LARGE: 762504.66666666663
  ME_LATENCY: 74.526520798671186
  ME_THREADED: 373900.49096679688
  SUMM_CPU: 109110.33518122045
  SUMM_ME: 2561.314189144156
SystemInformation:
  OSName: Ubuntu 24.04.4 LTS
  Kernel: 6.17.0-1018-azure
  Device: ""
  Processor: Intel(R) Xeon(R) 6973P-C
  NumSockets: 1
  Manufacturer: GenuineIntel
  NumCores: 48
  NumLogicals: 96
  CPUFrequency: 2600
  CPUMaxFrequency: 2600
  Memory: 773993
  CPUInfo:
    number: 1
    Family: 6
    Model: 13
    stepping: 1
    features: 529267711
    manufacture: GenuineIntel
    typestring: Intel(R) Xeon(R) 6973P-C
    iCoresPerPackage: 64
    iThreadsPerPackage: 2
    featuresEx:
      - 529267711
      - 4294586915
      - 739248128
    bHybrid: false
    nPCore: 0
    nLogicalsPerPCore: 0
    nECore: 0
    nLogicalsPerECore: 0
  MemModuleInfo:
    iNumMemSticks: 4
    DIMM 1:
      manufacturer: Microsoft Corporation
      modulePartNo: None
      memType: Unknown
      size: 1
      clkspeed: 0
      moduleVoltage: 0
    DIMM 2:
      manufacturer: Microsoft Corporation
      modulePartNo: None
      memType: Unknown
      size: 59
      clkspeed: 0
      moduleVoltage: 0
    DIMM 3:
      manufacturer: Microsoft Corporation
      modulePartNo: None
      memType: Unknown
      size: 324
      clkspeed: 0
      moduleVoltage: 0
    DIMM 4:
      manufacturer: Microsoft Corporation
      modulePartNo: None
      memType: Unknown
      size: 384
      clkspeed: 0
      moduleVoltage: 0
Checksum: 7F3115A8BB87AFC8C5B180DE1CF6A846DEC61D7E