---
system-info:
      stress-ng-version: 0.17.08
      run-by: root
      date-yyyy-mm-dd: 2024:07:03
      time-hh-mm-ss: 12:22:25
      epoch-secs: 1720009345
      hostname: n4-highmem-80-b335160
      sysname: Linux
      nodename: n4-highmem-80-b335160
      release: 6.8.0-1009-gcp
      version: '#10-Ubuntu SMP Wed Jun 12 18:52:23 UTC 2024'
      machine: x86_64
      compiler: 'musl-gcc 13.2.1'
      uptime: 121
      totalram: 675902500864
      freeram: 669983191040
      sharedram: 274718720
      bufferram: 131256320
      totalswap: 0
      freeswap: 0
      pagesize: 4096
      cpus: 80
      cpus-online: 80
      ticks-per-second: 100

metrics:
    - stressor: cpu
      bogo-ops: 1334453
      bogo-ops-per-second-usr-sys-time: 834.296480
      bogo-ops-per-second-real-time: 66722.308160
      wall-clock-time: 20.000102
      user-time: 1599.464964
      system-time: 0.029979
      cpu-usage-per-instance: 99.967922
      max-rss: 640

...
