size_kb,operation,bandwidth_mb_s,latency_ns,latency_stddev_ns,latency_samples,threads,iterations,elapsed_s
32,read,125234.05,0,0,0,2,341997,0.170679
32,write,75037.24,0,0,0,2,252016,0.209909
32,copy,70201.40,0,0,0,2,229147,0.204009
32,latency,0,2.72,0.02,7,1,7,0.391617
128,read,85604.25,0,0,0,2,84175,0.245826
128,write,75158.82,0,0,0,2,73768,0.245374
128,copy,61506.96,0,0,0,2,56740,0.230624
128,latency,0,4.41,0.01,7,1,7,0.703082
512,read,78340.63,0,0,0,2,19138,0.244292
512,write,74746.36,0,0,0,2,18913,0.253029
512,copy,59693.55,0,0,0,2,14224,0.238284
512,latency,0,7.66,0.07,7,1,7,0.643786
1024,read,76128.16,0,0,0,2,9645,0.253388
1024,write,74498.22,0,0,0,2,9471,0.254261
1024,copy,36460.57,0,0,0,2,5796,0.317932
1024,latency,0,11.56,0.04,7,1,7,0.584296
2048,read,66385.99,0,0,0,2,3304,0.199078
2048,write,66474.16,0,0,0,2,4744,0.285464
2048,copy,29702.23,0,0,0,2,2444,0.329133
2048,latency,0,31.22,1.51,8,1,8,0.820099
8192,read,50444.01,0,0,0,2,710,0.225200
8192,write,57059.73,0,0,0,2,1073,0.300878
8192,copy,26686.62,0,0,0,2,500,0.299776
8192,latency,0,99.36,0.70,7,1,7,0.552780
16384,read,36640.76,0,0,0,2,295,0.257637
16384,write,56075.89,0,0,0,2,594,0.338969
16384,copy,26147.46,0,0,0,2,227,0.277809
16384,latency,0,104.31,0.88,7,1,7,1.185250
32768,read,38008.35,0,0,0,2,153,0.257628
32768,write,57781.72,0,0,0,2,270,0.299057
32768,copy,28231.29,0,0,0,2,80,0.181359
32768,latency,0,99.54,0.38,7,1,7,2.278824
65536,read,37131.77,0,0,0,2,74,0.255092
65536,write,57578.04,0,0,0,2,147,0.326791
65536,copy,27339.12,0,0,0,2,60,0.280916
65536,latency,0,107.78,2.14,7,1,7,4.961642
131072,read,33210.35,0,0,0,2,25,0.192711
131072,write,55434.44,0,0,0,2,71,0.327883
131072,copy,25594.18,0,0,0,2,27,0.270061
131072,latency,0,111.00,0.44,7,1,7,10.390545
