BaselineInfo:
  WebDBID: -1
  TimeStamp: 20241107185801
Version:
  Major: 11
  Minor: 0
  Build: 1002
  SpecialBuildName: ""
  ptArchitecture: x86_64_linux
Results:
  Results Complete: true
  NumTestProcesses: 4
  CPU_INTEGER_MATH: 16572.962
  CPU_FLOATINGPOINT_MATH: 9150.1264526272153
  CPU_PRIME: 39.198134310051351
  CPU_SORTING: 9179.979413920044
  CPU_ENCRYPTION: 4312.6973474674596
  CPU_COMPRESSION: 64678.125602424843
  CPU_SINGLETHREAD: 2389.9266943490252
  CPU_PHYSICS: 738.77866304953125
  CPU_MATRIX_MULT_SSE: 3632.6083142096254
  CPU_mm: 448.16516298964348
  CPU_sse: 1901.0214092653323
  CPU_fma: 5186.5295397351729
  CPU_avx: 3810.273993628371
  CPU_avx512: 0
  m_CPU_enc_SHA: 6242894828.6955662
  m_CPU_enc_AES: 3993678394.5326147
  m_CPU_enc_ECDSA: 3329999578.2259369
  ME_ALLOC_S: 1791.771239928295
  ME_READ_S: 24376.845117187499
  ME_READ_L: 19087.419921875
  ME_WRITE: 18157.734375
  ME_LARGE: 54283
  ME_LATENCY: 64.635643547978646
  ME_THREADED: 36682.234375
  SUMM_CPU: 6181.4948898540979
  SUMM_ME: 2462.5159935223483
SystemInformation:
  OSName: Ubuntu 24.04.1 LTS
  Kernel: 6.8.0-1017-azure
  Device: ""
  Processor: AMD EPYC 7763 64-Core Processor
  NumSockets: 1
  Manufacturer: AuthenticAMD
  NumCores: 2
  NumLogicals: 4
  CPUFrequency: 0
  Memory: 64301
  MemModuleInfo:
    iNumMemSticks: 3
    DIMM 1:
      manufacturer: Microsoft Corporation
      modulePartNo: None
      memType: Unknown
      size: 1
      clkspeed: 0
      moduleVoltage: 0
    DIMM 2:
      manufacturer: Microsoft Corporation
      modulePartNo: None
      memType: Unknown
      size: 59
      clkspeed: 0
      moduleVoltage: 0
    DIMM 3:
      manufacturer: Microsoft Corporation
      modulePartNo: None
      memType: Unknown
      size: 4
      clkspeed: 0
      moduleVoltage: 0
Checksum: 2FCE7FF520D402F60C3501EA5B6FCF8EFD210652