---
system-info:
      stress-ng-version: 0.17.08
      run-by: root
      date-yyyy-mm-dd: 2024:09:17
      time-hh-mm-ss: 08:05:31
      epoch-secs: 1726560331
      hostname: sc-runner
      sysname: Linux
      nodename: sc-runner
      release: 6.8.0-1014-azure
      version: '#16-Ubuntu SMP Thu Aug 15 20:04:41 UTC 2024'
      machine: x86_64
      compiler: 'musl-gcc 13.2.1'
      uptime: 297
      totalram: 405734879232
      freeram: 394120744960
      sharedram: 105414656
      bufferram: 247492608
      totalswap: 0
      freeswap: 0
      pagesize: 4096
      cpus: 48
      cpus-online: 48
      ticks-per-second: 100

metrics:
    - stressor: cpu
      bogo-ops: 38001
      bogo-ops-per-second-usr-sys-time: 1900.018650
      bogo-ops-per-second-real-time: 1900.039468
      wall-clock-time: 20.000111
      user-time: 20.000330
      system-time: 0.000000
      cpu-usage-per-instance: 100.001096
      max-rss: 3200

...
