BaselineInfo:
  WebDBID: -1
  TimeStamp: 20241111134741
Version:
  Major: 11
  Minor: 0
  Build: 1002
  SpecialBuildName: ""
  ptArchitecture: x86_64_linux
Results:
  Results Complete: true
  NumTestProcesses: 96
  CPU_INTEGER_MATH: 272550.2086666667
  CPU_FLOATINGPOINT_MATH: 145867.97738822221
  CPU_PRIME: 348.65746432736307
  CPU_SORTING: 137197.37877737646
  CPU_ENCRYPTION: 37133.320297391059
  CPU_COMPRESSION: 1177998.1437738363
  CPU_SINGLETHREAD: 1947.3591542026272
  CPU_PHYSICS: 5147.7653556092191
  CPU_MATRIX_MULT_SSE: 74357.617681978896
  CPU_mm: 8272.875017929633
  CPU_sse: 29730.152439228754
  CPU_fma: 87872.017917657431
  CPU_avx: 61953.951390614326
  CPU_avx512: 117874.34898041509
  m_CPU_enc_SHA: 12257934753.371666
  m_CPU_enc_AES: 93595274179.988037
  m_CPU_enc_ECDSA: 10958116459.111681
  ME_ALLOC_S: 21687.945987696148
  ME_READ_S: 23831.6689453125
  ME_READ_L: 11049.3828125
  ME_WRITE: 10553.568359375
  ME_LARGE: 752024
  ME_LATENCY: 51.931718795836865
  ME_THREADED: 220857.212890625
  SUMM_CPU: 55744.751451821656
  SUMM_ME: 2764.8899177334833
SystemInformation:
  OSName: Ubuntu 24.04.1 LTS
  Kernel: 6.8.0-1016-aws
  Device: ""
  Processor: Intel Xeon Platinum 8259CL CPU @ 2.50GHz
  NumSockets: 2
  Manufacturer: GenuineIntel
  NumCores: 48
  NumLogicals: 96
  CPUFrequency: 0
  Memory: 765865
  MemModuleInfo:
    iNumMemSticks: 2
    DIMM 1:
      manufacturer: Not Specified
      modulePartNo: Not Specified
      memType: DDR4
      size: 384
      clkspeed: 1600
      moduleVoltage: 0
    DIMM 2:
      manufacturer: Not Specified
      modulePartNo: Not Specified
      memType: DDR4
      size: 384
      clkspeed: 1600
      moduleVoltage: 0
Checksum: 50013B263EEA7AAB9619556ACFE900A079FCE25B