BaselineInfo:
  WebDBID: -1
  TimeStamp: 20260404053155
Version:
  Major: 11
  Minor: 0
  Build: 1004
  SpecialBuildName: ""
  ptArchitecture: x86_64_linux
Results:
  Results Complete: true
  NumTestProcesses: 4
  CPU_INTEGER_MATH: 9779.0193333333336
  CPU_FLOATINGPOINT_MATH: 5264.3859776558256
  CPU_PRIME: 25.161844720760207
  CPU_SORTING: 6113.9759756655731
  CPU_ENCRYPTION: 1354.1072645332706
  CPU_COMPRESSION: 45338.318904116088
  CPU_SINGLETHREAD: 1679.6349438750613
  CPU_PHYSICS: 446.1727504561203
  CPU_MATRIX_MULT_SSE: 2959.7853927380638
  CPU_mm: 298.05045818699779
  CPU_sse: 1067.2793405402081
  CPU_fma: 3643.6410169928945
  CPU_avx: 2576.3099828474828
  CPU_avx512: 4551.9112305716699
  m_CPU_enc_SHA: 443425622.06469536
  m_CPU_enc_AES: 3418852586.9313464
  m_CPU_enc_ECDSA: 397374928.04967487
  ME_ALLOC_S: 1086.2695224760646
  ME_READ_S: 19316.198046875001
  ME_READ_L: 6431.060546875
  ME_WRITE: 6634.4423828125
  ME_LARGE: 1735.5833333333333
  ME_LATENCY: 79.265531467714553
  ME_THREADED: 17798.21435546875
  SUMM_CPU: 3619.1778617012146
  SUMM_ME: 1195.501181294635
SystemInformation:
  OSName: Ubuntu 24.04.4 LTS
  Kernel: 6.8.0-106-generic
  Device: ""
  Processor: Intel(R) Xeon(R) Platinum 8269CY CPU @ 2.50GHz
  NumSockets: 1
  Manufacturer: GenuineIntel
  NumCores: 2
  NumLogicals: 4
  CPUFrequency: 2500
  CPUMaxFrequency: 3800
  Memory: 7555
  CPUInfo:
    number: 1
    Family: 6
    Model: 5
    stepping: 7
    features: 529267711
    manufacture: GenuineIntel
    typestring: Intel(R) Xeon(R) Platinum 8269CY CPU @ 2.50GHz
    iCoresPerPackage: 2
    iThreadsPerPackage: 2
    featuresEx:
      - 529267711
      - 4294586883
      - 739248128
    bHybrid: false
    nPCore: 0
    nLogicalsPerPCore: 0
    nECore: 0
    nLogicalsPerECore: 0
  MemModuleInfo:
    iNumMemSticks: 1
    DIMM 1:
      manufacturer: Alibaba Cloud
      modulePartNo: Not Specified
      memType: RAM
      size: 8
      clkspeed: 0
      moduleVoltage: 0
Checksum: 17DC177782ED461036CB363434EB68B5D162CBB3