---
system-info:
      stress-ng-version: 0.17.08
      run-by: root
      date-yyyy-mm-dd: 2024:06:13
      time-hh-mm-ss: 08:56:31
      epoch-secs: 1718268991
      hostname: 485913153caa
      sysname: Linux
      nodename: 485913153caa
      release: 6.8.0-1008-aws
      version: '#8-Ubuntu SMP Sat Apr 20 00:46:25 UTC 2024'
      machine: x86_64
      compiler: 'musl-gcc 13.2.1'
      uptime: 144
      totalram: 798840700928
      freeram: 792943046656
      sharedram: 116953088
      bufferram: 107089920
      totalswap: 0
      freeswap: 0
      pagesize: 4096
      cpus: 96
      cpus-online: 96
      ticks-per-second: 100

metrics:
    - stressor: cpu
      bogo-ops: 37821
      bogo-ops-per-second-usr-sys-time: 1891.028442
      bogo-ops-per-second-real-time: 1891.043215
      wall-clock-time: 20.000072
      user-time: 20.000228
      system-time: 0.000000
      cpu-usage-per-instance: 100.000781
      max-rss: 768

...
