---
system-info:
      stress-ng-version: 0.17.08
      run-by: root
      date-yyyy-mm-dd: 2024:06:07
      time-hh-mm-ss: 13:57:45
      epoch-secs: 1717768665
      hostname: c9ca7c2b5433
      sysname: Linux
      nodename: c9ca7c2b5433
      release: 6.8.0-1008-aws
      version: '#8-Ubuntu SMP Sat Apr 20 00:46:25 UTC 2024'
      machine: x86_64
      compiler: 'musl-gcc 13.2.1'
      uptime: 118
      totalram: 798840717312
      freeram: 793061814272
      sharedram: 116953088
      bufferram: 91570176
      totalswap: 0
      freeswap: 0
      pagesize: 4096
      cpus: 96
      cpus-online: 96
      ticks-per-second: 100

metrics:
    - stressor: cpu
      bogo-ops: 16741
      bogo-ops-per-second-usr-sys-time: 1673.982319
      bogo-ops-per-second-real-time: 1673.922403
      wall-clock-time: 10.001061
      user-time: 10.000703
      system-time: 0.000000
      cpu-usage-per-instance: 99.996421
      max-rss: 3072

...
