BaselineInfo:
  WebDBID: -1
  TimeStamp: 20241121105754
Version:
  Major: 11
  Minor: 0
  Build: 1002
  SpecialBuildName: ""
  ptArchitecture: x86_64_linux
Results:
  Results Complete: true
  NumTestProcesses: 2
  CPU_INTEGER_MATH: 12022.832333333334
  CPU_FLOATINGPOINT_MATH: 10573.157439640585
  CPU_PRIME: 39.336263081220892
  CPU_SORTING: 7706.935894017568
  CPU_ENCRYPTION: 2591.3324948520954
  CPU_COMPRESSION: 51406.724556681875
  CPU_SINGLETHREAD: 2903.1598745122324
  CPU_PHYSICS: 698.49909415623665
  CPU_MATRIX_MULT_SSE: 4737.7707889797639
  CPU_mm: 517.7575238452921
  CPU_sse: 2319.4035379761053
  CPU_fma: 6802.2526998976864
  CPU_avx: 5826.8031834882659
  CPU_avx512: 4002.6237345569989
  m_CPU_enc_SHA: 3603390439.54006
  m_CPU_enc_AES: 2274723606.9114418
  m_CPU_enc_ECDSA: 2273513139.9145908
  ME_ALLOC_S: 2012.5879583186484
  ME_READ_S: 27900.267187500001
  ME_READ_L: 27595.25
  ME_WRITE: 26816.853515625
  ME_LARGE: 5212.5
  ME_LATENCY: 76.538114880210429
  ME_THREADED: 37820.611328125
  SUMM_CPU: 5402.6896660388766
  SUMM_ME: 2170.7136387112946
SystemInformation:
  OSName: Ubuntu 24.04.1 LTS
  Kernel: 6.8.0-1017-azure
  Device: ""
  Processor: AMD EPYC 9V74 80-Core Processor
  NumSockets: 1
  Manufacturer: AuthenticAMD
  NumCores: 2
  NumLogicals: 2
  CPUFrequency: 0
  Memory: 15990
  MemModuleInfo:
    iNumMemSticks: 2
    DIMM 1:
      manufacturer: Microsoft Corporation
      modulePartNo: None
      memType: Unknown
      size: 1
      clkspeed: 0
      moduleVoltage: 0
    DIMM 2:
      manufacturer: Microsoft Corporation
      modulePartNo: None
      memType: Unknown
      size: 15
      clkspeed: 0
      moduleVoltage: 0
Checksum: 89E032E7B040DB7CD82F66A95A69852EB7DC2696