BaselineInfo:
  WebDBID: -1
  TimeStamp: 20241109233512
Version:
  Major: 11
  Minor: 0
  Build: 1002
  SpecialBuildName: ""
  ptArchitecture: x86_64_linux
Results:
  Results Complete: true
  NumTestProcesses: 64
  CPU_INTEGER_MATH: 269447.76899999991
  CPU_FLOATINGPOINT_MATH: 137751.40903527927
  CPU_PRIME: 394.42176171612584
  CPU_SORTING: 137217.01302222331
  CPU_ENCRYPTION: 58487.932812347819
  CPU_COMPRESSION: 977933.02079948655
  CPU_SINGLETHREAD: 2435.7005279042028
  CPU_PHYSICS: 6652.0700010221963
  CPU_MATRIX_MULT_SSE: 58380.510445007232
  CPU_mm: 5770.0122274086134
  CPU_sse: 25324.394243576637
  CPU_fma: 70200.405955519978
  CPU_avx: 51843.44289863736
  CPU_avx512: 86153.798682295019
  m_CPU_enc_SHA: 59043138020.727257
  m_CPU_enc_AES: 88984292711.801025
  m_CPU_enc_ECDSA: 35959697177.392982
  ME_ALLOC_S: 30809.249754239259
  ME_READ_S: 24202.2041015625
  ME_READ_L: 12623.3115234375
  ME_WRITE: 11380.6484375
  ME_LARGE: 503212.5
  ME_LATENCY: 51.145086950841915
  ME_THREADED: 254064.158203125
  SUMM_CPU: 61312.340700271248
  SUMM_ME: 2906.4874064135338
SystemInformation:
  OSName: Ubuntu 24.04.1 LTS
  Kernel: 6.8.0-1017-azure
  Device: ""
  Processor: Intel Xeon Platinum 8370C CPU @ 2.80GHz
  NumSockets: 2
  Manufacturer: GenuineIntel
  NumCores: 32
  NumLogicals: 64
  CPUFrequency: 2800
  Memory: 515957
  MemModuleInfo:
    iNumMemSticks: 4
    DIMM 1:
      manufacturer: Microsoft Corporation
      modulePartNo: None
      memType: Unknown
      size: 1
      clkspeed: 0
      moduleVoltage: 0
    DIMM 2:
      manufacturer: Microsoft Corporation
      modulePartNo: None
      memType: Unknown
      size: 59
      clkspeed: 0
      moduleVoltage: 0
    DIMM 3:
      manufacturer: Microsoft Corporation
      modulePartNo: None
      memType: Unknown
      size: 196
      clkspeed: 0
      moduleVoltage: 0
    DIMM 4:
      manufacturer: Microsoft Corporation
      modulePartNo: None
      memType: Unknown
      size: 256
      clkspeed: 0
      moduleVoltage: 0
Checksum: 9E45AB2A7C136C4F20D6E17EE84476FE329892AC