---
system-info:
      stress-ng-version: 0.17.08
      run-by: root
      date-yyyy-mm-dd: 2024:09:20
      time-hh-mm-ss: 19:02:29
      epoch-secs: 1726858949
      hostname: sc-runner
      sysname: Linux
      nodename: sc-runner
      release: 6.8.0-1014-azure
      version: '#16-Ubuntu SMP Thu Aug 15 20:04:41 UTC 2024'
      machine: x86_64
      compiler: 'musl-gcc 13.2.1'
      uptime: 295
      totalram: 67423424512
      freeram: 57140654080
      sharedram: 38133760
      bufferram: 246693888
      totalswap: 0
      freeswap: 0
      pagesize: 4096
      cpus: 8
      cpus-online: 8
      ticks-per-second: 100

metrics:
    - stressor: cpu
      bogo-ops: 215739
      bogo-ops-per-second-usr-sys-time: 1352.068627
      bogo-ops-per-second-real-time: 10786.911825
      wall-clock-time: 20.000071
      user-time: 159.549178
      system-time: 0.012989
      cpu-usage-per-instance: 99.726001
      max-rss: 1104

...
