---
system-info:
      stress-ng-version: 0.17.08
      run-by: root
      date-yyyy-mm-dd: 2024:06:08
      time-hh-mm-ss: 04:41:50
      epoch-secs: 1717821710
      hostname: 08d84ef75181
      sysname: Linux
      nodename: 08d84ef75181
      release: 6.8.0-1008-aws
      version: '#8-Ubuntu SMP Sat Apr 20 00:46:25 UTC 2024'
      machine: x86_64
      compiler: 'musl-gcc 13.2.1'
      uptime: 125
      totalram: 33265278976
      freeram: 28954357760
      sharedram: 40747008
      bufferram: 96411648
      totalswap: 0
      freeswap: 0
      pagesize: 4096
      cpus: 4
      cpus-online: 4
      ticks-per-second: 100

metrics:
    - stressor: cpu
      bogo-ops: 40737
      bogo-ops-per-second-usr-sys-time: 1024.767852
      bogo-ops-per-second-real-time: 4073.155495
      wall-clock-time: 10.001337
      user-time: 39.723453
      system-time: 0.028965
      cpu-usage-per-instance: 99.367761
      max-rss: 4048

...
