---
system-info:
      stress-ng-version: 0.17.08
      run-by: root
      date-yyyy-mm-dd: 2024:06:13
      time-hh-mm-ss: 17:56:00
      epoch-secs: 1718301360
      hostname: 6cbdd7f56c0d
      sysname: Linux
      nodename: 6cbdd7f56c0d
      release: 6.8.0-1008-aws
      version: '#8-Ubuntu SMP Sat Apr 20 00:46:25 UTC 2024'
      machine: x86_64
      compiler: 'musl-gcc 13.2.1'
      uptime: 138
      totalram: 33265283072
      freeram: 28936314880
      sharedram: 40747008
      bufferram: 106065920
      totalswap: 0
      freeswap: 0
      pagesize: 4096
      cpus: 4
      cpus-online: 4
      ticks-per-second: 100

metrics:
    - stressor: cpu
      bogo-ops: 69421
      bogo-ops-per-second-usr-sys-time: 872.416537
      bogo-ops-per-second-real-time: 3471.030273
      wall-clock-time: 20.000114
      user-time: 79.555251
      system-time: 0.017977
      cpu-usage-per-instance: 99.465970
      max-rss: 1104

...
