BaselineInfo:
  WebDBID: -1
  TimeStamp: 20241109154150
Version:
  Major: 11
  Minor: 0
  Build: 1002
  SpecialBuildName: ""
  ptArchitecture: x86_64_linux
Results:
  Results Complete: true
  NumTestProcesses: 4
  CPU_INTEGER_MATH: 13745.931333333334
  CPU_FLOATINGPOINT_MATH: 10301.303400038487
  CPU_PRIME: 50.302476844236814
  CPU_SORTING: 9718.201825019687
  CPU_ENCRYPTION: 1267.2230040923478
  CPU_COMPRESSION: 69193.857007776518
  CPU_SINGLETHREAD: 1921.52479341353
  CPU_PHYSICS: 709.44846593453588
  CPU_MATRIX_MULT_SSE: 4260.9352358267734
  CPU_mm: 609.6444353426109
  CPU_sse: 2352.1799106747826
  CPU_fma: 6082.3454646171576
  CPU_avx: 4348.2803321883803
  CPU_avx512: 0
  m_CPU_enc_SHA: 886256818.81180215
  m_CPU_enc_AES: 2315307129.8524008
  m_CPU_enc_ECDSA: 784774937.55320954
  ME_ALLOC_S: 2424.2752571320698
  ME_READ_S: 21112.5078125
  ME_READ_L: 8945.169921875
  ME_WRITE: 7835.95849609375
  ME_LARGE: 215243
  ME_LATENCY: 65.341651424347432
  ME_THREADED: 27996.33447265625
  SUMM_CPU: 4977.5471435624777
  SUMM_ME: 1988.7319392631396
SystemInformation:
  OSName: Ubuntu 24.04.1 LTS
  Kernel: 6.8.0-1017-azure
  Device: ""
  Processor: Intel Xeon CPU E5-2698B v3 @ 2.00GHz
  NumSockets: 1
  Manufacturer: GenuineIntel
  NumCores: 4
  NumLogicals: 4
  CPUFrequency: 0
  Memory: 225485
  MemModuleInfo:
    iNumMemSticks: 3
    DIMM 1:
      manufacturer: Microsoft Corporation
      modulePartNo: None
      memType: Unknown
      size: 1
      clkspeed: 0
      moduleVoltage: 0
    DIMM 2:
      manufacturer: Microsoft Corporation
      modulePartNo: None
      memType: Unknown
      size: 60928
      clkspeed: 0
      moduleVoltage: 0
    DIMM 3:
      manufacturer: Microsoft Corporation
      modulePartNo: None
      memType: Unknown
      size: 167424
      clkspeed: 0
      moduleVoltage: 0
Checksum: 8EE0F2ECC42FC6FD02337463E9A7EBBC91F94CD8