BaselineInfo:
  WebDBID: -1
  TimeStamp: 20241107064713
Version:
  Major: 11
  Minor: 0
  Build: 1002
  SpecialBuildName: ""
  ptArchitecture: x86_64_linux
Results:
  Results Complete: true
  NumTestProcesses: 4
  CPU_INTEGER_MATH: 16541.272333333334
  CPU_FLOATINGPOINT_MATH: 9180.2328050113101
  CPU_PRIME: 39.040182848112728
  CPU_SORTING: 9162.9298805701474
  CPU_ENCRYPTION: 4304.6534278703657
  CPU_COMPRESSION: 65262.69214585422
  CPU_SINGLETHREAD: 2389.331828664961
  CPU_PHYSICS: 755.5698220641259
  CPU_MATRIX_MULT_SSE: 3620.0959103709451
  CPU_mm: 447.74534598988538
  CPU_sse: 1901.1978472831884
  CPU_fma: 5190.316202973755
  CPU_avx: 3768.7736808558921
  CPU_avx512: 0
  m_CPU_enc_SHA: 6236410847.2905216
  m_CPU_enc_AES: 3991588069.1090655
  m_CPU_enc_ECDSA: 3313269901.9482012
  ME_ALLOC_S: 1847.6568559926891
  ME_READ_S: 24368.7900390625
  ME_READ_L: 19471.03125
  ME_WRITE: 19314.453125
  ME_LARGE: 6063
  ME_LATENCY: 61.60474530034918
  ME_THREADED: 39401.037109375
  SUMM_CPU: 6190.66495602542
  SUMM_ME: 2279.09071598531
SystemInformation:
  OSName: Ubuntu 24.04.1 LTS
  Kernel: 6.8.0-1017-azure
  Device: ""
  Processor: AMD EPYC 7763 64-Core Processor
  NumSockets: 1
  Manufacturer: AuthenticAMD
  NumCores: 2
  NumLogicals: 4
  CPUFrequency: 0
  Memory: 15989
  MemModuleInfo:
    iNumMemSticks: 2
    DIMM 1:
      manufacturer: Microsoft Corporation
      modulePartNo: None
      memType: Unknown
      size: 1
      clkspeed: 0
      moduleVoltage: 0
    DIMM 2:
      manufacturer: Microsoft Corporation
      modulePartNo: None
      memType: Unknown
      size: 15
      clkspeed: 0
      moduleVoltage: 0
Checksum: 289E3D1B293C60052AC4F24AA0F691F32E1A90DB