BaselineInfo:
  WebDBID: -1
  TimeStamp: 20241108175720
Version:
  Major: 11
  Minor: 0
  Build: 1002
  SpecialBuildName: ""
  ptArchitecture: x86_64_linux
Results:
  Results Complete: true
  NumTestProcesses: 16
  CPU_INTEGER_MATH: 66467.454666666657
  CPU_FLOATINGPOINT_MATH: 36539.767467930527
  CPU_PRIME: 100.97482809320046
  CPU_SORTING: 35401.477925963474
  CPU_ENCRYPTION: 17107.297151602808
  CPU_COMPRESSION: 254202.41291732682
  CPU_SINGLETHREAD: 2397.0554292239522
  CPU_PHYSICS: 2068.3638486708765
  CPU_MATRIX_MULT_SSE: 14906.672539470468
  CPU_mm: 1798.4230212887367
  CPU_sse: 7573.2707328068345
  CPU_fma: 20830.614021936235
  CPU_avx: 16316.132863668332
  CPU_avx512: 0
  m_CPU_enc_SHA: 24836747865.71529
  m_CPU_enc_AES: 15878482366.503199
  m_CPU_enc_ECDSA: 13099673421.898712
  ME_ALLOC_S: 6708.1050108887894
  ME_READ_S: 24451.550585937501
  ME_READ_L: 20430.046875
  ME_WRITE: 19571.111328125
  ME_LARGE: 247320.66666666666
  ME_LATENCY: 62.670154929861077
  ME_THREADED: 38190.30810546875
  SUMM_CPU: 21615.235679368998
  SUMM_ME: 2732.5667673416838
SystemInformation:
  OSName: Ubuntu 24.04.1 LTS
  Kernel: 6.8.0-1017-azure
  Device: ""
  Processor: AMD EPYC 7763 64-Core Processor
  NumSockets: 1
  Manufacturer: AuthenticAMD
  NumCores: 8
  NumLogicals: 16
  CPUFrequency: 0
  Memory: 257737
  MemModuleInfo:
    iNumMemSticks: 3
    DIMM 1:
      manufacturer: Microsoft Corporation
      modulePartNo: None
      memType: Unknown
      size: 1
      clkspeed: 0
      moduleVoltage: 0
    DIMM 2:
      manufacturer: Microsoft Corporation
      modulePartNo: None
      memType: Unknown
      size: 59
      clkspeed: 0
      moduleVoltage: 0
    DIMM 3:
      manufacturer: Microsoft Corporation
      modulePartNo: None
      memType: Unknown
      size: 196
      clkspeed: 0
      moduleVoltage: 0
Checksum: 948DD9AADEAFD63B4012583291A3C7D09B6EAD25