BaselineInfo:
  WebDBID: -1
  TimeStamp: 20241107233346
Version:
  Major: 11
  Minor: 0
  Build: 1002
  SpecialBuildName: ""
  ptArchitecture: x86_64_linux
Results:
  Results Complete: true
  NumTestProcesses: 8
  CPU_INTEGER_MATH: 35323.399333333327
  CPU_FLOATINGPOINT_MATH: 20395.625121145022
  CPU_PRIME: 85.689111976431747
  CPU_SORTING: 21363.484708839271
  CPU_ENCRYPTION: 8931.1512573684249
  CPU_COMPRESSION: 144738.88141186154
  CPU_SINGLETHREAD: 2690.8502685790227
  CPU_PHYSICS: 1455.2890117527095
  CPU_MATRIX_MULT_SSE: 10122.19802098103
  CPU_mm: 952.02289432572707
  CPU_sse: 4210.0671515342547
  CPU_fma: 13070.174149867511
  CPU_avx: 10771.413756491787
  CPU_avx512: 12437.137026030567
  m_CPU_enc_SHA: 12435703305.71706
  m_CPU_enc_AES: 8506936065.1300583
  m_CPU_enc_ECDSA: 7152333211.691946
  ME_ALLOC_S: 3875.0724028815334
  ME_READ_S: 25747.7294921875
  ME_READ_L: 24913.28125
  ME_WRITE: 18523.212890625
  ME_LARGE: 54161.25
  ME_LATENCY: 70.214934504128394
  ME_THREADED: 37506.6884765625
  SUMM_CPU: 13509.389033665677
  SUMM_ME: 2564.3221082789596
SystemInformation:
  OSName: Ubuntu 24.04.1 LTS
  Kernel: 6.8.0-1015-gcp
  Device: ""
  Processor: AMD EPYC 9B14
  NumSockets: 1
  Manufacturer: AuthenticAMD
  NumCores: 4
  NumLogicals: 8
  CPUFrequency: 0
  Memory: 64301
  MemModuleInfo:
    iNumMemSticks: 4
    DIMM 1:
      manufacturer: ""
      modulePartNo: ""
      memType: RAM
      size: 16
      clkspeed: 0
      moduleVoltage: 0
    DIMM 2:
      manufacturer: ""
      modulePartNo: ""
      memType: RAM
      size: 16
      clkspeed: 0
      moduleVoltage: 0
    DIMM 3:
      manufacturer: ""
      modulePartNo: ""
      memType: RAM
      size: 16
      clkspeed: 0
      moduleVoltage: 0
    DIMM 4:
      manufacturer: ""
      modulePartNo: ""
      memType: RAM
      size: 16
      clkspeed: 0
      moduleVoltage: 0
Checksum: CFD1205EEC15D76B9AA407B702A8FB854B5D6BDA