BaselineInfo:
  WebDBID: -1
  TimeStamp: 20241107110855
Version:
  Major: 11
  Minor: 0
  Build: 1002
  SpecialBuildName: ""
  ptArchitecture: x86_64_linux
Results:
  Results Complete: true
  NumTestProcesses: 2
  CPU_INTEGER_MATH: 8340.8196666666663
  CPU_FLOATINGPOINT_MATH: 4264.1414674702255
  CPU_PRIME: 18.624593555466909
  CPU_SORTING: 4387.2133838778373
  CPU_ENCRYPTION: 1810.2874948651447
  CPU_COMPRESSION: 32230.730690725773
  CPU_SINGLETHREAD: 2305.1701132260359
  CPU_PHYSICS: 368.39998960567999
  CPU_MATRIX_MULT_SSE: 1747.0068363464145
  CPU_mm: 177.9705436435907
  CPU_sse: 789.16457096506542
  CPU_fma: 2165.307303301146
  CPU_avx: 1604.6967396710984
  CPU_avx512: 2428.8587314483475
  m_CPU_enc_SHA: 1825113882.0549579
  m_CPU_enc_AES: 2745427882.6881261
  m_CPU_enc_ECDSA: 1124130295.9040575
  ME_ALLOC_S: 1025.9722374484713
  ME_READ_S: 24000.146484375
  ME_READ_L: 11306.71875
  ME_WRITE: 10263.1416015625
  ME_LARGE: 601.25
  ME_LATENCY: 60.927903188136668
  ME_THREADED: 15614.4755859375
  SUMM_CPU: 3003.6409668148412
  SUMM_ME: 958.44562515360553
SystemInformation:
  OSName: Ubuntu 24.04.1 LTS
  Kernel: 6.8.0-1016-aws
  Device: ""
  Processor: Intel Xeon Platinum 8375C CPU @ 2.90GHz
  NumSockets: 1
  Manufacturer: GenuineIntel
  NumCores: 1
  NumLogicals: 2
  CPUFrequency: 0
  Memory: 7780
  MemModuleInfo:
    iNumMemSticks: 1
    DIMM 1:
      manufacturer: Not Specified
      modulePartNo: Not Specified
      memType: DDR4
      size: 8
      clkspeed: 1600
      moduleVoltage: 0
Checksum: 9D62654A1B09BFD47F33F08AF47DB7CE51CBFF62