---
system-info:
      stress-ng-version: 0.17.08
      run-by: root
      date-yyyy-mm-dd: 2024:09:20
      time-hh-mm-ss: 00:06:28
      epoch-secs: 1726790788
      hostname: sc-runner
      sysname: Linux
      nodename: sc-runner
      release: 6.8.0-1014-azure
      version: '#16-Ubuntu SMP Thu Aug 15 20:04:41 UTC 2024'
      machine: x86_64
      compiler: 'musl-gcc 13.2.1'
      uptime: 299
      totalram: 8323645440
      freeram: 354607104
      sharedram: 38088704
      bufferram: 225542144
      totalswap: 0
      freeswap: 0
      pagesize: 4096
      cpus: 2
      cpus-online: 2
      ticks-per-second: 100

metrics:
    - stressor: cpu
      bogo-ops: 53802
      bogo-ops-per-second-usr-sys-time: 1359.258842
      bogo-ops-per-second-real-time: 2690.093009
      wall-clock-time: 20.000052
      user-time: 39.570891
      system-time: 0.010974
      cpu-usage-per-instance: 98.954405
      max-rss: 3152

...
