BaselineInfo:
  WebDBID: -1
  TimeStamp: 20241108115549
Version:
  Major: 11
  Minor: 0
  Build: 1002
  SpecialBuildName: ""
  ptArchitecture: x86_64_linux
Results:
  Results Complete: true
  NumTestProcesses: 16
  CPU_INTEGER_MATH: 77154.540333333338
  CPU_FLOATINGPOINT_MATH: 55105.471413170162
  CPU_PRIME: 123.85949910134005
  CPU_SORTING: 37983.405950117187
  CPU_ENCRYPTION: 17146.407030447401
  CPU_COMPRESSION: 277799.37519365863
  CPU_SINGLETHREAD: 3012.1177197533361
  CPU_PHYSICS: 3169.7161969111207
  CPU_MATRIX_MULT_SSE: 20518.915918162671
  CPU_mm: 2179.1897130302814
  CPU_sse: 9449.7340451443852
  CPU_fma: 22914.666070764561
  CPU_avx: 18543.497608586575
  CPU_avx512: 31167.765948155167
  m_CPU_enc_SHA: 18102762275.593548
  m_CPU_enc_AES: 23506743146.584862
  m_CPU_enc_ECDSA: 12328427272.89682
  ME_ALLOC_S: 8071.7200584683742
  ME_READ_S: 27566.694921875001
  ME_READ_L: 8794.263671875
  ME_WRITE: 11944.5283203125
  ME_LARGE: 116429.75
  ME_LATENCY: 83.531941628009619
  ME_THREADED: 85564.48876953125
  SUMM_CPU: 26176.982602760694
  SUMM_ME: 2114.0159841063123
SystemInformation:
  OSName: Ubuntu 24.04.1 LTS
  Kernel: 6.8.0-1016-aws
  Device: ""
  Processor: Intel Xeon Platinum 8488C
  NumSockets: 1
  Manufacturer: GenuineIntel
  NumCores: 8
  NumLogicals: 16
  CPUFrequency: 0
  Memory: 126762
  MemModuleInfo:
    iNumMemSticks: 1
    DIMM 1:
      manufacturer: Not Specified
      modulePartNo: Not Specified
      memType: DDR5
      size: 128
      clkspeed: 2400
      moduleVoltage: 0
Checksum: A1F898D631D1F647F3462C7C82147D481DBACC54