---
system-info:
      stress-ng-version: 0.17.08
      run-by: root
      date-yyyy-mm-dd: 2024:06:15
      time-hh-mm-ss: 21:19:13
      epoch-secs: 1718486353
      hostname: 4cc7fece2abd
      sysname: Linux
      nodename: 4cc7fece2abd
      release: 6.8.0-1008-aws
      version: '#8-Ubuntu SMP Sat Apr 20 00:46:25 UTC 2024'
      machine: x86_64
      compiler: 'musl-gcc 13.2.1'
      uptime: 134
      totalram: 265990807552
      freeram: 261290885120
      sharedram: 59994112
      bufferram: 109129728
      totalswap: 0
      freeswap: 0
      pagesize: 4096
      cpus: 32
      cpus-online: 32
      ticks-per-second: 100

metrics:
    - stressor: cpu
      bogo-ops: 37833
      bogo-ops-per-second-usr-sys-time: 1891.619356
      bogo-ops-per-second-real-time: 1891.640845
      wall-clock-time: 20.000097
      user-time: 20.000324
      system-time: 0.000000
      cpu-usage-per-instance: 100.001136
      max-rss: 1032

...
