---
system-info:
      stress-ng-version: 0.17.08
      run-by: root
      date-yyyy-mm-dd: 2024:06:09
      time-hh-mm-ss: 18:41:29
      epoch-secs: 1717958489
      hostname: 36e37d46806b
      sysname: Linux
      nodename: 36e37d46806b
      release: 6.8.0-1008-aws
      version: '#8-Ubuntu SMP Sat Apr 20 00:46:25 UTC 2024'
      machine: x86_64
      compiler: 'musl-gcc 13.2.1'
      uptime: 112
      totalram: 265990795264
      freeram: 261161463808
      sharedram: 59994112
      bufferram: 110977024
      totalswap: 0
      freeswap: 0
      pagesize: 4096
      cpus: 32
      cpus-online: 32
      ticks-per-second: 100

metrics:
    - stressor: cpu
      bogo-ops: 16743
      bogo-ops-per-second-usr-sys-time: 1674.020941
      bogo-ops-per-second-real-time: 1674.066709
      wall-clock-time: 10.001394
      user-time: 10.000668
      system-time: 0.000999
      cpu-usage-per-instance: 100.002734
      max-rss: 3848

...
