---
system-info:
      stress-ng-version: 0.17.08
      run-by: root
      date-yyyy-mm-dd: 2024:06:15
      time-hh-mm-ss: 04:56:08
      epoch-secs: 1718427368
      hostname: d52ed9432031
      sysname: Linux
      nodename: d52ed9432031
      release: 6.8.0-1008-aws
      version: '#8-Ubuntu SMP Sat Apr 20 00:46:25 UTC 2024'
      machine: x86_64
      compiler: 'musl-gcc 13.2.1'
      uptime: 135
      totalram: 16379019264
      freeram: 12055601152
      sharedram: 20189184
      bufferram: 109961216
      totalswap: 0
      freeswap: 0
      pagesize: 4096
      cpus: 4
      cpus-online: 4
      ticks-per-second: 100

metrics:
    - stressor: cpu
      bogo-ops: 52958
      bogo-ops-per-second-usr-sys-time: 2647.972819
      bogo-ops-per-second-real-time: 2647.886174
      wall-clock-time: 20.000104
      user-time: 19.998451
      system-time: 0.000999
      cpu-usage-per-instance: 99.996728
      max-rss: 1104

...
