---
system-info:
      stress-ng-version: 0.17.08
      run-by: root
      date-yyyy-mm-dd: 2024:06:08
      time-hh-mm-ss: 20:19:40
      epoch-secs: 1717877980
      hostname: c0a1b10e872f
      sysname: Linux
      nodename: c0a1b10e872f
      release: 6.8.0-1008-aws
      version: '#8-Ubuntu SMP Sat Apr 20 00:46:25 UTC 2024'
      machine: x86_64
      compiler: 'musl-gcc 13.2.1'
      uptime: 111
      totalram: 16379019264
      freeram: 12007292928
      sharedram: 20189184
      bufferram: 105758720
      totalswap: 0
      freeswap: 0
      pagesize: 4096
      cpus: 4
      cpus-online: 4
      ticks-per-second: 100

metrics:
    - stressor: cpu
      bogo-ops: 17743
      bogo-ops-per-second-usr-sys-time: 1774.219273
      bogo-ops-per-second-real-time: 1774.150515
      wall-clock-time: 10.000843
      user-time: 9.999456
      system-time: 0.000999
      cpu-usage-per-instance: 99.996125
      max-rss: 3920

...
