---
system-info:
      stress-ng-version: 0.17.08
      run-by: root
      date-yyyy-mm-dd: 2024:06:08
      time-hh-mm-ss: 07:20:15
      epoch-secs: 1717831215
      hostname: 48a2541e57b6
      sysname: Linux
      nodename: 48a2541e57b6
      release: 6.8.0-1008-aws
      version: '#8-Ubuntu SMP Sat Apr 20 00:46:25 UTC 2024'
      machine: x86_64
      compiler: 'musl-gcc 13.2.1'
      uptime: 142
      totalram: 1065117097984
      freeram: 1058884841472
      sharedram: 117018624
      bufferram: 99966976
      totalswap: 0
      freeswap: 0
      pagesize: 4096
      cpus: 128
      cpus-online: 128
      ticks-per-second: 100

metrics:
    - stressor: cpu
      bogo-ops: 16775
      bogo-ops-per-second-usr-sys-time: 1677.441122
      bogo-ops-per-second-real-time: 1677.450288
      wall-clock-time: 10.000296
      user-time: 9.999351
      system-time: 0.001000
      cpu-usage-per-instance: 100.000546
      max-rss: 3072

...
