---
system-info:
      stress-ng-version: 0.17.08
      run-by: root
      date-yyyy-mm-dd: 2024:06:15
      time-hh-mm-ss: 08:44:36
      epoch-secs: 1718441076
      hostname: 3d29fafe93af
      sysname: Linux
      nodename: 3d29fafe93af
      release: 6.8.0-1008-aws
      version: '#8-Ubuntu SMP Sat Apr 20 00:46:25 UTC 2024'
      machine: x86_64
      compiler: 'musl-gcc 13.2.1'
      uptime: 167
      totalram: 1065117093888
      freeram: 1059208765440
      sharedram: 117018624
      bufferram: 109506560
      totalswap: 0
      freeswap: 0
      pagesize: 4096
      cpus: 128
      cpus-online: 128
      ticks-per-second: 100

metrics:
    - stressor: cpu
      bogo-ops: 37833
      bogo-ops-per-second-usr-sys-time: 1891.637704
      bogo-ops-per-second-real-time: 1891.643438
      wall-clock-time: 20.000069
      user-time: 20.000130
      system-time: 0.000000
      cpu-usage-per-instance: 100.000303
      max-rss: 0

...
