BaselineInfo:
  WebDBID: -1
  TimeStamp: 20250527104524
Version:
  Major: 11
  Minor: 0
  Build: 1002
  SpecialBuildName: ""
  ptArchitecture: x86_64_linux
Results:
  Results Complete: true
  NumTestProcesses: 48
  CPU_INTEGER_MATH: 255173.66866666666
  CPU_FLOATINGPOINT_MATH: 180786.24486779881
  CPU_PRIME: 511.21699642866236
  CPU_SORTING: 126176.15769395762
  CPU_ENCRYPTION: 56173.889428330876
  CPU_COMPRESSION: 915930.31365525373
  CPU_SINGLETHREAD: 3245.649908299557
  CPU_PHYSICS: 11782.385888057062
  CPU_MATRIX_MULT_SSE: 75439.454153686718
  CPU_mm: 7216.5290873281829
  CPU_sse: 31242.448138861935
  CPU_fma: 82053.936243746241
  CPU_avx: 63622.749175466757
  CPU_avx512: 124838.6830566719
  m_CPU_enc_SHA: 59412211707.304855
  m_CPU_enc_AES: 77382211046.232498
  m_CPU_enc_ECDSA: 39913354090.067078
  ME_ALLOC_S: 28806.013102776909
  ME_READ_S: 29144.6650390625
  ME_READ_L: 10167.38671875
  ME_WRITE: 9418.255859375
  ME_LARGE: 1834475.5833333333
  ME_LATENCY: 58.704220079492814
  ME_THREADED: 418296.1982421875
  SUMM_CPU: 70705.156206122236
  SUMM_ME: 2655.3343775434823
SystemInformation:
  OSName: Ubuntu 24.04.2 LTS
  Kernel: 6.11.0-1015-azure
  Device: ""
  Processor: INTEL XEON PLATINUM 8573C
  NumSockets: 2
  Manufacturer: GenuineIntel
  NumCores: 24
  NumLogicals: 48
  CPUFrequency: 2300
  Memory: 1846527
  MemModuleInfo:
    iNumMemSticks: 4
    DIMM 1:
      manufacturer: Microsoft Corporation
      modulePartNo: None
      memType: Unknown
      size: 1
      clkspeed: 0
      moduleVoltage: 0
    DIMM 2:
      manufacturer: Microsoft Corporation
      modulePartNo: None
      memType: Unknown
      size: 59
      clkspeed: 0
      moduleVoltage: 0
    DIMM 3:
      manufacturer: Microsoft Corporation
      modulePartNo: None
      memType: Unknown
      size: 856
      clkspeed: 0
      moduleVoltage: 0
    DIMM 4:
      manufacturer: Microsoft Corporation
      modulePartNo: None
      memType: Unknown
      size: 916
      clkspeed: 0
      moduleVoltage: 0
Checksum: 82A99801A3957603FE922616C5B56623CEFB7344