BaselineInfo:
  WebDBID: -1
  TimeStamp: 20241109095602
Version:
  Major: 11
  Minor: 0
  Build: 1002
  SpecialBuildName: ""
  ptArchitecture: x86_64_linux
Results:
  Results Complete: true
  NumTestProcesses: 64
  CPU_INTEGER_MATH: 268497.43399999995
  CPU_FLOATINGPOINT_MATH: 137265.95067503888
  CPU_PRIME: 265.15709775352667
  CPU_SORTING: 126783.21340938502
  CPU_ENCRYPTION: 56892.236392316503
  CPU_COMPRESSION: 946716.29262921843
  CPU_SINGLETHREAD: 2427.6456048661889
  CPU_PHYSICS: 4185.3099412454894
  CPU_MATRIX_MULT_SSE: 54525.705876435655
  CPU_mm: 5672.8949639390985
  CPU_sse: 24370.017691289006
  CPU_fma: 64543.266563345191
  CPU_avx: 49885.948174173827
  CPU_avx512: 79303.59107693455
  m_CPU_enc_SHA: 57599708617.851524
  m_CPU_enc_AES: 86034464945.12709
  m_CPU_enc_ECDSA: 35333327438.950386
  ME_ALLOC_S: 26431.213203273401
  ME_READ_S: 23338.6162109375
  ME_READ_L: 12084.8505859375
  ME_WRITE: 10770.09375
  ME_LARGE: 114459
  ME_LATENCY: 57.649193092430743
  ME_THREADED: 165998.49145507812
  SUMM_CPU: 57907.188567072772
  SUMM_ME: 2657.1039053434083
SystemInformation:
  OSName: Ubuntu 24.04.1 LTS
  Kernel: 6.8.0-1016-aws
  Device: ""
  Processor: Intel Xeon Platinum 8375C CPU @ 2.90GHz
  NumSockets: 1
  Manufacturer: GenuineIntel
  NumCores: 32
  NumLogicals: 64
  CPUFrequency: 0
  Memory: 126743
  MemModuleInfo:
    iNumMemSticks: 1
    DIMM 1:
      manufacturer: Not Specified
      modulePartNo: Not Specified
      memType: DDR4
      size: 128
      clkspeed: 1600
      moduleVoltage: 0
Checksum: 2A80A9EBCA28F24E633C8D77E587DF72078B2298