BaselineInfo:
  WebDBID: -1
  TimeStamp: 20260407091719
Version:
  Major: 11
  Minor: 0
  Build: 1004
  SpecialBuildName: ""
  ptArchitecture: x86_64_linux
Results:
  Results Complete: true
  NumTestProcesses: 4
  CPU_INTEGER_MATH: 9749.9093333333331
  CPU_FLOATINGPOINT_MATH: 5250.2138286140207
  CPU_PRIME: 24.233362469185131
  CPU_SORTING: 6053.96745413592
  CPU_ENCRYPTION: 1355.6472861540251
  CPU_COMPRESSION: 45264.38808964999
  CPU_SINGLETHREAD: 1672.771622451854
  CPU_PHYSICS: 433.95791825887079
  CPU_MATRIX_MULT_SSE: 2887.1673474576155
  CPU_mm: 297.78850712725733
  CPU_sse: 1072.470637808784
  CPU_fma: 3624.1553379435736
  CPU_avx: 2565.7510945285967
  CPU_avx512: 4286.2923195495077
  m_CPU_enc_SHA: 441956539.82337415
  m_CPU_enc_AES: 3422614782.8325157
  m_CPU_enc_ECDSA: 399926303.52283943
  ME_ALLOC_S: 1083.9899414728338
  ME_READ_S: 19252.428124999999
  ME_READ_L: 6105.2998046875
  ME_WRITE: 6656.42822265625
  ME_LARGE: 18879.833333333332
  ME_LATENCY: 79.978533501472128
  ME_THREADED: 18250.3876953125
  SUMM_CPU: 3594.1886486342419
  SUMM_ME: 1480.4834604890309
SystemInformation:
  OSName: Ubuntu 24.04.4 LTS
  Kernel: 6.8.0-106-generic
  Device: ""
  Processor: Intel(R) Xeon(R) Platinum 8163 CPU @ 2.50GHz
  NumSockets: 1
  Manufacturer: GenuineIntel
  NumCores: 2
  NumLogicals: 4
  CPUFrequency: 2500
  CPUMaxFrequency: 3100
  Memory: 31713
  CPUInfo:
    number: 1
    Family: 6
    Model: 5
    stepping: 4
    features: 529267711
    manufacture: GenuineIntel
    typestring: Intel(R) Xeon(R) Platinum 8163 CPU @ 2.50GHz
    iCoresPerPackage: 2
    iThreadsPerPackage: 2
    featuresEx:
      - 529267711
      - 4294586883
      - 739248128
    bHybrid: false
    nPCore: 0
    nLogicalsPerPCore: 0
    nECore: 0
    nLogicalsPerECore: 0
  MemModuleInfo:
    iNumMemSticks: 2
    DIMM 1:
      manufacturer: Alibaba Cloud
      modulePartNo: Not Specified
      memType: RAM
      size: 16
      clkspeed: 0
      moduleVoltage: 0
    DIMM 2:
      manufacturer: Alibaba Cloud
      modulePartNo: Not Specified
      memType: RAM
      size: 16
      clkspeed: 0
      moduleVoltage: 0
Checksum: 09F5C2E9A0BC10625049EE1346701124568A62FD