---
system-info:
      stress-ng-version: 0.17.08
      run-by: root
      date-yyyy-mm-dd: 2024:09:16
      time-hh-mm-ss: 22:35:07
      epoch-secs: 1726526107
      hostname: sc-runner
      sysname: Linux
      nodename: sc-runner
      release: 6.8.0-1014-azure
      version: '#16-Ubuntu SMP Thu Aug 15 20:04:41 UTC 2024'
      machine: x86_64
      compiler: 'musl-gcc 13.2.1'
      uptime: 328
      totalram: 118157697024
      freeram: 107919335424
      sharedram: 42086400
      bufferram: 241741824
      totalswap: 0
      freeswap: 0
      pagesize: 4096
      cpus: 8
      cpus-online: 8
      ticks-per-second: 100

metrics:
    - stressor: cpu
      bogo-ops: 165065
      bogo-ops-per-second-usr-sys-time: 1034.695429
      bogo-ops-per-second-real-time: 8253.201287
      wall-clock-time: 20.000118
      user-time: 159.497044
      system-time: 0.032993
      cpu-usage-per-instance: 99.705685
      max-rss: 3124

...
