BaselineInfo:
  WebDBID: -1
  TimeStamp: 20260621135356
Version:
  Major: 11
  Minor: 0
  Build: 1004
  SpecialBuildName: ""
  ptArchitecture: x86_64_linux
Results:
  Results Complete: true
  NumTestProcesses: 96
  CPU_INTEGER_MATH: 624506.03633333312
  CPU_FLOATINGPOINT_MATH: 365268.15115337016
  CPU_PRIME: 828.13700016383802
  CPU_SORTING: 254231.20023142631
  CPU_ENCRYPTION: 117888.82992724891
  CPU_COMPRESSION: 1983255.3502360843
  CPU_SINGLETHREAD: 3781.1797818743025
  CPU_PHYSICS: 15840.183761657905
  CPU_MATRIX_MULT_SSE: 146292.94553720608
  CPU_mm: 14610.949778806538
  CPU_sse: 55498.668368748913
  CPU_fma: 158965.26963017054
  CPU_avx: 154589.58215442166
  CPU_avx512: 216118.26199548296
  m_CPU_enc_SHA: 151620793719.68512
  m_CPU_enc_AES: 121952225292.10378
  m_CPU_enc_ECDSA: 97273174177.595917
  ME_ALLOC_S: 39136.641085656651
  ME_READ_S: 34122.8447265625
  ME_READ_L: 31245.248046875
  ME_WRITE: 30660.716796875
  ME_LARGE: 762563.33333333337
  ME_LATENCY: 78.608610787378481
  ME_THREADED: 344802.5849609375
  SUMM_CPU: 118358.17929508591
  SUMM_ME: 2994.9625896311863
SystemInformation:
  OSName: Ubuntu 24.04.4 LTS
  Kernel: 6.17.0-1018-azure
  Device: ""
  Processor: "AMD EPYC 9V45 96-Core Processor                "
  NumSockets: 1
  Manufacturer: AuthenticAMD
  NumCores: 48
  NumLogicals: 96
  CPUFrequency: 0
  CPUMaxFrequency: 0
  Memory: 773994
  CPUInfo:
    number: 1
    Family: 15
    Model: 2
    stepping: 1
    features: 395049983
    manufacture: AuthenticAMD
    typestring: "AMD EPYC 9V45 96-Core Processor                "
    iCoresPerPackage: 64
    iThreadsPerPackage: 2
    featuresEx:
      - 395049983
      - 4277809667
      - 802421759
    bHybrid: false
    nPCore: 0
    nLogicalsPerPCore: 0
    nECore: 0
    nLogicalsPerECore: 0
  MemModuleInfo:
    iNumMemSticks: 4
    DIMM 1:
      manufacturer: Microsoft Corporation
      modulePartNo: None
      memType: Unknown
      size: 1
      clkspeed: 0
      moduleVoltage: 0
    DIMM 2:
      manufacturer: Microsoft Corporation
      modulePartNo: None
      memType: Unknown
      size: 59
      clkspeed: 0
      moduleVoltage: 0
    DIMM 3:
      manufacturer: Microsoft Corporation
      modulePartNo: None
      memType: Unknown
      size: 324
      clkspeed: 0
      moduleVoltage: 0
    DIMM 4:
      manufacturer: Microsoft Corporation
      modulePartNo: None
      memType: Unknown
      size: 384
      clkspeed: 0
      moduleVoltage: 0
Checksum: A798C4B20D63457637D2F7DA6CE8170FED959510