---
system-info:
      stress-ng-version: 0.17.08
      run-by: root
      date-yyyy-mm-dd: 2024:07:26
      time-hh-mm-ss: 15:34:26
      epoch-secs: 1722008066
      hostname: ip-172-31-16-241
      sysname: Linux
      nodename: ip-172-31-16-241
      release: 6.8.0-1012-aws
      version: '#13-Ubuntu SMP Mon Jul 15 13:40:27 UTC 2024'
      machine: x86_64
      compiler: 'musl-gcc 13.2.1'
      uptime: 192
      totalram: 67380731904
      freeram: 61963309056
      sharedram: 48549888
      bufferram: 140214272
      totalswap: 0
      freeswap: 0
      pagesize: 4096
      cpus: 16
      cpus-online: 16
      ticks-per-second: 100

metrics:
    - stressor: cpu
      bogo-ops: 17704
      bogo-ops-per-second-usr-sys-time: 885.201018
      bogo-ops-per-second-real-time: 885.194914
      wall-clock-time: 20.000115
      user-time: 19.999977
      system-time: 0.000000
      cpu-usage-per-instance: 99.999310
      max-rss: 1104

...
