BaselineInfo:
  WebDBID: -1
  TimeStamp: 20241121103141
Version:
  Major: 11
  Minor: 0
  Build: 1002
  SpecialBuildName: ""
  ptArchitecture: x86_64_linux
Results:
  Results Complete: true
  NumTestProcesses: 2
  CPU_INTEGER_MATH: 9439.1660000000011
  CPU_FLOATINGPOINT_MATH: 5290.0954428947371
  CPU_PRIME: 24.128259379152119
  CPU_SORTING: 5778.125128070762
  CPU_ENCRYPTION: 2390.5278857315552
  CPU_COMPRESSION: 39593.109075024899
  CPU_SINGLETHREAD: 2844.7320304324239
  CPU_PHYSICS: 487.90992802158434
  CPU_MATRIX_MULT_SSE: 2627.7138307015525
  CPU_mm: 253.17590132213616
  CPU_sse: 1109.8534299881044
  CPU_fma: 3486.4734455013895
  CPU_avx: 2870.468026093873
  CPU_avx512: 3044.0604212228427
  m_CPU_enc_SHA: 3342945332.4087791
  m_CPU_enc_AES: 2271269429.6037369
  m_CPU_enc_ECDSA: 1905735742.914037
  ME_ALLOC_S: 1015.5149208115238
  ME_READ_S: 27610.764843749999
  ME_READ_L: 27292.36328125
  ME_WRITE: 26644.22265625
  ME_LARGE: 1342
  ME_LATENCY: 77.047030749933057
  ME_THREADED: 27457.1279296875
  SUMM_CPU: 3830.6832957626702
  SUMM_ME: 1468.8027471119215
SystemInformation:
  OSName: Ubuntu 24.04.1 LTS
  Kernel: 6.8.0-1017-azure
  Device: ""
  Processor: AMD EPYC 9V74 80-Core Processor
  NumSockets: 1
  Manufacturer: AuthenticAMD
  NumCores: 1
  NumLogicals: 2
  CPUFrequency: 0
  Memory: 7938
  MemModuleInfo:
    iNumMemSticks: 2
    DIMM 1:
      manufacturer: Microsoft Corporation
      modulePartNo: None
      memType: Unknown
      size: 1
      clkspeed: 0
      moduleVoltage: 0
    DIMM 2:
      manufacturer: Microsoft Corporation
      modulePartNo: None
      memType: Unknown
      size: 7
      clkspeed: 0
      moduleVoltage: 0
Checksum: 6B828302825BB294DD1D02BFD471A41CF02FA134