BaselineInfo:
  WebDBID: -1
  TimeStamp: 20241107065838
Version:
  Major: 11
  Minor: 0
  Build: 1002
  SpecialBuildName: ""
  ptArchitecture: aarch64_linux
Results:
  Results Complete: true
  NumTestProcesses: 4
  CPU_INTEGER_MATH: 14703.934333333335
  CPU_FLOATINGPOINT_MATH: 5711.9627670786831
  CPU_PRIME: 12.459252838131221
  CPU_SORTING: 6753.3323287830044
  CPU_ENCRYPTION: 396.4790443220939
  CPU_COMPRESSION: 10812.116033791444
  CPU_SINGLETHREAD: 619.14280869135018
  CPU_PHYSICS: 251.66888806470487
  CPU_MATRIX_MULT_SSE: 975.29418752643278
  CPU_mm: 289.04960775980294
  CPU_sse: 740.15035689715035
  CPU_fma: 1210.4380181557153
  CPU_avx: 0
  CPU_avx512: 0
  m_CPU_enc_SHA: 570112790.22432566
  m_CPU_enc_AES: 332873551.24046618
  m_CPU_enc_ECDSA: 344228889.67245984
  ME_ALLOC_S: 1263.4368945978119
  ME_READ_S: 8225.5137695312496
  ME_READ_L: 7986.1640625
  ME_WRITE: 8609.8837890625
  ME_LARGE: 867.08333333333337
  ME_LATENCY: 66.107069549785365
  ME_THREADED: 11711.5654296875
  SUMM_CPU: 1618.3946985202663
  SUMM_ME: 913.42743157779273
SystemInformation:
  OSName: Ubuntu 24.04.1 LTS
  Kernel: 6.8.0-1016-aws
  Device: ""
  Processor: ARM Cortex-A72 4 Core 0 MHz
  NumSockets: 1
  Manufacturer: ARM
  NumCores: 4
  NumLogicals: 4
  CPUFrequency: 0
  Memory: 7637
Checksum: CC2F4E92F7F95FBB56590E55F59485C2F5A85654