---
system-info:
      stress-ng-version: 0.17.08
      run-by: root
      date-yyyy-mm-dd: 2024:06:08
      time-hh-mm-ss: 08:23:01
      epoch-secs: 1717834981
      hostname: 3d8af8800996
      sysname: Linux
      nodename: 3d8af8800996
      release: 6.8.0-1008-aws
      version: '#8-Ubuntu SMP Sat Apr 20 00:46:25 UTC 2024'
      machine: x86_64
      compiler: 'musl-gcc 13.2.1'
      uptime: 162
      totalram: 4023316480
      freeram: 156459008
      sharedram: 40718336
      bufferram: 89894912
      totalswap: 0
      freeswap: 0
      pagesize: 4096
      cpus: 2
      cpus-online: 2
      ticks-per-second: 100

metrics:
    - stressor: cpu
      bogo-ops: 16730
      bogo-ops-per-second-usr-sys-time: 851.035343
      bogo-ops-per-second-real-time: 1672.556529
      wall-clock-time: 10.002651
      user-time: 19.640799
      system-time: 0.017609
      cpu-usage-per-instance: 98.265985
      max-rss: 4176

...
