---
system-info:
      stress-ng-version: 0.17.08
      run-by: root
      date-yyyy-mm-dd: 2024:06:13
      time-hh-mm-ss: 20:57:03
      epoch-secs: 1718312223
      hostname: 646c42eb6ad4
      sysname: Linux
      nodename: 646c42eb6ad4
      release: 6.8.0-1008-aws
      version: '#8-Ubuntu SMP Sat Apr 20 00:46:25 UTC 2024'
      machine: x86_64
      compiler: 'musl-gcc 13.2.1'
      uptime: 195
      totalram: 4023316480
      freeram: 175632384
      sharedram: 40718336
      bufferram: 99483648
      totalswap: 0
      freeswap: 0
      pagesize: 4096
      cpus: 2
      cpus-online: 2
      ticks-per-second: 100

metrics:
    - stressor: cpu
      bogo-ops: 26853
      bogo-ops-per-second-usr-sys-time: 683.090274
      bogo-ops-per-second-real-time: 1342.631226
      wall-clock-time: 20.000280
      user-time: 39.292614
      system-time: 0.018442
      cpu-usage-per-instance: 98.276266
      max-rss: 1104

...
