---
system-info:
      stress-ng-version: 0.17.08
      run-by: root
      date-yyyy-mm-dd: 2024:09:23
      time-hh-mm-ss: 12:53:55
      epoch-secs: 1727096035
      hostname: sc-runner
      sysname: Linux
      nodename: sc-runner
      release: 6.8.0-1014-azure
      version: '#16-Ubuntu SMP Thu Aug 15 20:04:41 UTC 2024'
      machine: x86_64
      compiler: 'musl-gcc 13.2.1'
      uptime: 329
      totalram: 202597699584
      freeram: 191585337344
      sharedram: 38506496
      bufferram: 250626048
      totalswap: 0
      freeswap: 0
      pagesize: 4096
      cpus: 48
      cpus-online: 48
      ticks-per-second: 100

metrics:
    - stressor: cpu
      bogo-ops: 1293373
      bogo-ops-per-second-usr-sys-time: 1347.774969
      bogo-ops-per-second-real-time: 64668.467520
      wall-clock-time: 20.000056
      user-time: 959.593739
      system-time: 0.041979
      cpu-usage-per-instance: 99.961772
      max-rss: 3200

...
