---
system-info:
      stress-ng-version: 0.17.08
      run-by: root
      date-yyyy-mm-dd: 2024:09:20
      time-hh-mm-ss: 00:53:29
      epoch-secs: 1726793609
      hostname: sc-runner
      sysname: Linux
      nodename: sc-runner
      release: 6.8.0-1014-azure
      version: '#16-Ubuntu SMP Thu Aug 15 20:04:41 UTC 2024'
      machine: x86_64
      compiler: 'musl-gcc 13.2.1'
      uptime: 422
      totalram: 8323641344
      freeram: 306860032
      sharedram: 38096896
      bufferram: 235032576
      totalswap: 0
      freeswap: 0
      pagesize: 4096
      cpus: 2
      cpus-online: 2
      ticks-per-second: 100

metrics:
    - stressor: cpu
      bogo-ops: 54113
      bogo-ops-per-second-usr-sys-time: 2706.013282
      bogo-ops-per-second-real-time: 2705.642453
      wall-clock-time: 20.000056
      user-time: 19.996316
      system-time: 0.000999
      cpu-usage-per-instance: 99.986296
      max-rss: 1104

...
