BaselineInfo:
  WebDBID: -1
  TimeStamp: 20260405010954
Version:
  Major: 11
  Minor: 0
  Build: 1004
  SpecialBuildName: ""
  ptArchitecture: x86_64_linux
Results:
  Results Complete: true
  NumTestProcesses: 32
  CPU_INTEGER_MATH: 78500.037666666656
  CPU_FLOATINGPOINT_MATH: 42155.688728419926
  CPU_PRIME: 103.77620468333811
  CPU_SORTING: 46527.441510005861
  CPU_ENCRYPTION: 10869.55418616295
  CPU_COMPRESSION: 367578.48326975311
  CPU_SINGLETHREAD: 1694.0128686118394
  CPU_PHYSICS: 2175.7137883821347
  CPU_MATRIX_MULT_SSE: 23973.576556012929
  CPU_mm: 2396.3123379809913
  CPU_sse: 8488.5613135306903
  CPU_fma: 29233.907605043234
  CPU_avx: 20659.715334406832
  CPU_avx512: 37512.121971070963
  m_CPU_enc_SHA: 3551054620.0623703
  m_CPU_enc_AES: 27420748139.414246
  m_CPU_enc_ECDSA: 3220858191.453383
  ME_ALLOC_S: 8547.4415880614197
  ME_READ_S: 19547.368750000001
  ME_READ_L: 6488.5654296875
  ME_WRITE: 6943.04541015625
  ME_LARGE: 49777
  ME_LATENCY: 78.372234658950163
  ME_THREADED: 91743.7958984375
  SUMM_CPU: 23057.960402419791
  SUMM_ME: 1812.4101517034755
SystemInformation:
  OSName: Ubuntu 24.04.4 LTS
  Kernel: 6.8.0-106-generic
  Device: ""
  Processor: Intel(R) Xeon(R) Platinum 8163 CPU @ 2.50GHz
  NumSockets: 1
  Manufacturer: GenuineIntel
  NumCores: 16
  NumLogicals: 32
  CPUFrequency: 2500
  CPUMaxFrequency: 3100
  Memory: 63782
  CPUInfo:
    number: 1
    Family: 6
    Model: 5
    stepping: 4
    features: 529267711
    manufacture: GenuineIntel
    typestring: Intel(R) Xeon(R) Platinum 8163 CPU @ 2.50GHz
    iCoresPerPackage: 16
    iThreadsPerPackage: 2
    featuresEx:
      - 529267711
      - 4294586883
      - 739248128
    bHybrid: false
    nPCore: 0
    nLogicalsPerPCore: 0
    nECore: 0
    nLogicalsPerECore: 0
  MemModuleInfo:
    iNumMemSticks: 4
    DIMM 1:
      manufacturer: Alibaba Cloud
      modulePartNo: Not Specified
      memType: RAM
      size: 16
      clkspeed: 0
      moduleVoltage: 0
    DIMM 2:
      manufacturer: Alibaba Cloud
      modulePartNo: Not Specified
      memType: RAM
      size: 16
      clkspeed: 0
      moduleVoltage: 0
    DIMM 3:
      manufacturer: Alibaba Cloud
      modulePartNo: Not Specified
      memType: RAM
      size: 16
      clkspeed: 0
      moduleVoltage: 0
    DIMM 4:
      manufacturer: Alibaba Cloud
      modulePartNo: Not Specified
      memType: RAM
      size: 16
      clkspeed: 0
      moduleVoltage: 0
Checksum: 8B6DE0D9DAF023344B41D82DDDBF4A00DD819CC6