BaselineInfo:
  WebDBID: -1
  TimeStamp: 20250426002428
Version:
  Major: 11
  Minor: 0
  Build: 1002
  SpecialBuildName: ""
  ptArchitecture: x86_64_linux
Results:
  Results Complete: true
  NumTestProcesses: 2
  CPU_INTEGER_MATH: 10465.991666666669
  CPU_FLOATINGPOINT_MATH: 7420.6535362724553
  CPU_PRIME: 20.023823411792556
  CPU_SORTING: 5313.4928400971075
  CPU_ENCRYPTION: 2319.744308050927
  CPU_COMPRESSION: 39532.799705851372
  CPU_SINGLETHREAD: 3175.064420195376
  CPU_PHYSICS: 498.31425345053867
  CPU_MATRIX_MULT_SSE: 2850.6276056166776
  CPU_mm: 299.32264134614411
  CPU_sse: 1283.2356528410364
  CPU_fma: 2975.8594645544704
  CPU_avx: 2619.3035084993417
  CPU_avx512: 4524.1117965718604
  m_CPU_enc_SHA: 2439482564.8605394
  m_CPU_enc_AES: 3163357770.8376608
  m_CPU_enc_ECDSA: 1694444286.9782257
  ME_ALLOC_S: 1779.5132654400775
  ME_READ_S: 27593.6591796875
  ME_READ_L: 9999.1494140625
  ME_WRITE: 17979.84765625
  ME_LARGE: 6508
  ME_LATENCY: 45.461155699330995
  ME_THREADED: 14334.18896484375
  SUMM_CPU: 4078.9673401401724
  SUMM_ME: 2115.7939475479702
SystemInformation:
  OSName: Ubuntu 24.04.2 LTS
  Kernel: 6.8.0-1027-aws
  Device: ""
  Processor: Intel Xeon Platinum 8559C
  NumSockets: 1
  Manufacturer: GenuineIntel
  NumCores: 1
  NumLogicals: 2
  CPUFrequency: 0
  Memory: 15706
  MemModuleInfo:
    iNumMemSticks: 1
    DIMM 1:
      manufacturer: Not Specified
      modulePartNo: Not Specified
      memType: DDR5
      size: 16
      clkspeed: 2800
      moduleVoltage: 0
Checksum: DD01BCEF6DE8F29A21108AD7FF42E291A0ACEBE0