BaselineInfo:
  WebDBID: -1
  TimeStamp: 20241202192047
Version:
  Major: 11
  Minor: 0
  Build: 1002
  SpecialBuildName: ""
  ptArchitecture: aarch64_linux
Results:
  Results Complete: true
  NumTestProcesses: 48
  CPU_INTEGER_MATH: 250474.15499999994
  CPU_FLOATINGPOINT_MATH: 290975.98050351278
  CPU_PRIME: 568.70835035830532
  CPU_SORTING: 220627.2606506033
  CPU_ENCRYPTION: 9128.1101056910229
  CPU_COMPRESSION: 319543.26300598122
  CPU_SINGLETHREAD: 1944.0922700818878
  CPU_PHYSICS: 13052.931847161542
  CPU_MATRIX_MULT_SSE: 44216.868501932935
  CPU_mm: 5421.9440260600095
  CPU_sse: 34817.624123345508
  CPU_fma: 53616.112880520348
  CPU_avx: 0
  CPU_avx512: 0
  m_CPU_enc_SHA: 14484687248.049442
  m_CPU_enc_AES: 5150985368.4387436
  m_CPU_enc_ECDSA: 9078878930.0670261
  ME_ALLOC_S: 47385.113702177921
  ME_READ_S: 20263.016015624999
  ME_READ_L: 20070.087890625
  ME_WRITE: 21296.41796875
  ME_LARGE: 366464.66666666669
  ME_LATENCY: 46.48008458114063
  ME_THREADED: 433166.2919921875
  SUMM_CPU: 36192.370867372738
  SUMM_ME: 3360.1856195607324
SystemInformation:
  OSName: Ubuntu 24.04.1 LTS
  Kernel: 6.8.0-1018-aws
  Device: ""
  Processor: ARM Neoverse-V2 48 Core 0 MHz
  NumSockets: 1
  Manufacturer: ARM
  NumCores: 48
  NumLogicals: 48
  CPUFrequency: 0
  Memory: 379916
Checksum: 7819A28C67ECBBC133C9F87868A5F82C44712E40