BaselineInfo:
  WebDBID: -1
  TimeStamp: 20241114210117
Version:
  Major: 11
  Minor: 0
  Build: 1002
  SpecialBuildName: ""
  ptArchitecture: aarch64_linux
Results:
  Results Complete: true
  NumTestProcesses: 2
  CPU_INTEGER_MATH: 9394.3413333333338
  CPU_FLOATINGPOINT_MATH: 7157.1641933538522
  CPU_PRIME: 18.109586658222806
  CPU_SORTING: 6779.4162555762505
  CPU_ENCRYPTION: 318.94367847684805
  CPU_COMPRESSION: 10409.199526244192
  CPU_SINGLETHREAD: 1330.9451288816811
  CPU_PHYSICS: 363.28173937281576
  CPU_MATRIX_MULT_SSE: 1481.5505110780182
  CPU_mm: 248.64416909247166
  CPU_sse: 1234.3772954583042
  CPU_fma: 1728.723726697732
  CPU_avx: 0
  CPU_avx512: 0
  m_CPU_enc_SHA: 479626201.87263143
  m_CPU_enc_AES: 223965950.84935248
  m_CPU_enc_ECDSA: 299717907.08563423
  ME_ALLOC_S: 1422.3326999981982
  ME_READ_S: 11376.30654296875
  ME_READ_L: 8931.0673828125
  ME_WRITE: 14972.359375
  ME_LARGE: 509
  ME_LATENCY: 70.631822737389086
  ME_THREADED: 17640.3232421875
  SUMM_CPU: 1594.5799512911683
  SUMM_ME: 810.23597369620438
SystemInformation:
  OSName: Ubuntu 24.04.1 LTS
  Kernel: 6.8.0-1017-azure
  Device: ""
  Processor: ARM Neoverse-N1 2 Core 0 MHz
  NumSockets: 1
  Manufacturer: ARM
  NumCores: 2
  NumLogicals: 2
  CPUFrequency: 0
  Memory: 7923
Checksum: 29E36D5B272B53526F318CE975742492E204E8EB