BaselineInfo:
  WebDBID: -1
  TimeStamp: 20241107030524
Version:
  Major: 11
  Minor: 0
  Build: 1002
  SpecialBuildName: ""
  ptArchitecture: aarch64_linux
Results:
  Results Complete: true
  NumTestProcesses: 2
  CPU_INTEGER_MATH: 9385.7976666666655
  CPU_FLOATINGPOINT_MATH: 7145.1217155424838
  CPU_PRIME: 17.413607345706779
  CPU_SORTING: 6806.8569836080624
  CPU_ENCRYPTION: 323.43106712695175
  CPU_COMPRESSION: 10432.526590944486
  CPU_SINGLETHREAD: 1333.1266076693341
  CPU_PHYSICS: 366.48823304311816
  CPU_MATRIX_MULT_SSE: 1482.9826116708982
  CPU_mm: 247.70421992793734
  CPU_sse: 1243.9271790192456
  CPU_fma: 1722.0380443225508
  CPU_avx: 0
  CPU_avx512: 0
  m_CPU_enc_SHA: 487737142.5120768
  m_CPU_enc_AES: 225675453.30937296
  m_CPU_enc_ECDSA: 304013568.10968196
  ME_ALLOC_S: 1422.7513362404593
  ME_READ_S: 11356.08544921875
  ME_READ_L: 9051.2255859375
  ME_WRITE: 15044.125
  ME_LARGE: 620.33333333333337
  ME_LATENCY: 74.367830367246881
  ME_THREADED: 17366.923828125
  SUMM_CPU: 1603.3207438498316
  SUMM_ME: 883.80343157802554
SystemInformation:
  OSName: Ubuntu 24.04.1 LTS
  Kernel: 6.8.0-1017-azure
  Device: ""
  Processor: ARM Neoverse-N1 2 Core 0 MHz
  NumSockets: 1
  Manufacturer: ARM
  NumCores: 2
  NumLogicals: 2
  CPUFrequency: 0
  Memory: 7923
Checksum: 84C8BB5D105EEF3FAF710587DDB7FFC5BA41699E