BaselineInfo:
  WebDBID: -1
  TimeStamp: 20241115140127
Version:
  Major: 11
  Minor: 0
  Build: 1002
  SpecialBuildName: ""
  ptArchitecture: aarch64_linux
Results:
  Results Complete: true
  NumTestProcesses: 2
  CPU_INTEGER_MATH: 9383.2890000000007
  CPU_FLOATINGPOINT_MATH: 7145.219014406438
  CPU_PRIME: 16.90916809000543
  CPU_SORTING: 6704.642328762362
  CPU_ENCRYPTION: 323.24881999444074
  CPU_COMPRESSION: 10516.667322134359
  CPU_SINGLETHREAD: 1332.7532790659764
  CPU_PHYSICS: 347.65691659142311
  CPU_MATRIX_MULT_SSE: 1481.9866473443039
  CPU_mm: 248.77978277823831
  CPU_sse: 1235.3865971052346
  CPU_fma: 1728.5866975833735
  CPU_avx: 0
  CPU_avx512: 0
  m_CPU_enc_SHA: 489468784.78216511
  m_CPU_enc_AES: 225255691.70892525
  m_CPU_enc_ECDSA: 302128387.53238159
  ME_ALLOC_S: 1380.9247758523193
  ME_READ_S: 11356.316210937501
  ME_READ_L: 9177.4052734375
  ME_WRITE: 14998.19921875
  ME_LARGE: 589.58333333333337
  ME_LATENCY: 73.693914044217664
  ME_THREADED: 17590.5400390625
  SUMM_CPU: 1603.2046551980134
  SUMM_ME: 865.19748449744338
SystemInformation:
  OSName: Ubuntu 24.04.1 LTS
  Kernel: 6.8.0-1017-azure
  Device: ""
  Processor: ARM Neoverse-N1 2 Core 0 MHz
  NumSockets: 1
  Manufacturer: ARM
  NumCores: 2
  NumLogicals: 2
  CPUFrequency: 0
  Memory: 7923
Checksum: 0099DBF969620E10A0B2530F9E3A2129014BBC06