BaselineInfo:
  WebDBID: -1
  TimeStamp: 20241108211831
Version:
  Major: 11
  Minor: 0
  Build: 1002
  SpecialBuildName: ""
  ptArchitecture: x86_64_linux
Results:
  Results Complete: true
  NumTestProcesses: 36
  CPU_INTEGER_MATH: 113654.05466666668
  CPU_FLOATINGPOINT_MATH: 70323.317009283404
  CPU_PRIME: 143.3197122023528
  CPU_SORTING: 58892.617271489216
  CPU_ENCRYPTION: 15612.516145862384
  CPU_COMPRESSION: 507180.49227803468
  CPU_SINGLETHREAD: 2112.8714084599055
  CPU_PHYSICS: 2444.7688203298312
  CPU_MATRIX_MULT_SSE: 25090.344355740388
  CPU_mm: 3390.296756905851
  CPU_sse: 12832.856304623288
  CPU_fma: 36678.571179749393
  CPU_avx: 25759.605582848475
  CPU_avx512: 0
  m_CPU_enc_SHA: 5172804071.9471979
  m_CPU_enc_AES: 39337929280.540649
  m_CPU_enc_ECDSA: 4601995838.0035229
  ME_ALLOC_S: 12382.263360806199
  ME_READ_S: 24485.947851562501
  ME_READ_L: 10706.3818359375
  ME_WRITE: 10164.658203125
  ME_LARGE: 49631
  ME_LATENCY: 54.075973902659861
  ME_THREADED: 115179.76879882812
  SUMM_CPU: 30959.101406874452
  SUMM_ME: 2611.3644950533439
SystemInformation:
  OSName: Ubuntu 24.04.1 LTS
  Kernel: 6.8.0-1016-aws
  Device: ""
  Processor: Intel Xeon CPU E5-2666 v3 @ 2.90GHz
  NumSockets: 2
  Manufacturer: GenuineIntel
  NumCores: 18
  NumLogicals: 36
  CPUFrequency: 3500
  Memory: 60323
  MemModuleInfo:
    iNumMemSticks: 4
    DIMM 1:
      manufacturer: Not Specified
      modulePartNo: Not Specified
      memType: RAM
      size: 16
      clkspeed: 0
      moduleVoltage: 0
    DIMM 2:
      manufacturer: Not Specified
      modulePartNo: Not Specified
      memType: RAM
      size: 16
      clkspeed: 0
      moduleVoltage: 0
    DIMM 3:
      manufacturer: Not Specified
      modulePartNo: Not Specified
      memType: RAM
      size: 16
      clkspeed: 0
      moduleVoltage: 0
    DIMM 4:
      manufacturer: Not Specified
      modulePartNo: Not Specified
      memType: RAM
      size: 12
      clkspeed: 0
      moduleVoltage: 0
Checksum: 874E297F6FB1F9332B24CB0D7FD8FDE3EB075345