BaselineInfo:
  WebDBID: -1
  TimeStamp: 20260618111846
Version:
  Major: 11
  Minor: 0
  Build: 1004
  SpecialBuildName: ""
  ptArchitecture: x86_64_linux
Results:
  Results Complete: true
  NumTestProcesses: 32
  CPU_INTEGER_MATH: 93397.49433333335
  CPU_FLOATINGPOINT_MATH: 50198.345767783605
  CPU_PRIME: 126.71703341782832
  CPU_SORTING: 56258.769323531385
  CPU_ENCRYPTION: 12931.125340992703
  CPU_COMPRESSION: 433462.85104137898
  CPU_SINGLETHREAD: 1970.5592158395543
  CPU_PHYSICS: 2032.6262622167546
  CPU_MATRIX_MULT_SSE: 26229.623540101686
  CPU_mm: 2849.8556822080468
  CPU_sse: 10166.815511980254
  CPU_fma: 31458.842413060833
  CPU_avx: 22240.332897706001
  CPU_avx512: 41052.503337659669
  m_CPU_enc_SHA: 4228542484.801434
  m_CPU_enc_AES: 32614830154.918064
  m_CPU_enc_ECDSA: 3834430416.9508057
  ME_ALLOC_S: 10761.840749627578
  ME_READ_S: 22799.623437499999
  ME_READ_L: 10024.6982421875
  ME_WRITE: 9623.4677734375
  ME_LARGE: 52487
  ME_LATENCY: 53.457357627059572
  ME_THREADED: 108103.76904296875
  SUMM_CPU: 26869.479377694821
  SUMM_ME: 2526.921381852042
SystemInformation:
  OSName: Ubuntu 24.04.4 LTS
  Kernel: 6.8.0-117-generic
  Device: ""
  Processor: Intel(R) Xeon(R) Platinum 8269CY CPU @ 2.50GHz
  NumSockets: 1
  Manufacturer: GenuineIntel
  NumCores: 16
  NumLogicals: 32
  CPUFrequency: 0
  CPUMaxFrequency: 0
  Memory: 61860
  CPUInfo:
    number: 1
    Family: 6
    Model: 5
    stepping: 7
    features: 529267711
    manufacture: GenuineIntel
    typestring: Intel(R) Xeon(R) Platinum 8269CY CPU @ 2.50GHz
    iCoresPerPackage: 16
    iThreadsPerPackage: 2
    featuresEx:
      - 529267711
      - 4277809667
      - 739248128
    bHybrid: false
    nPCore: 0
    nLogicalsPerPCore: 0
    nECore: 0
    nLogicalsPerECore: 0
  MemModuleInfo:
    iNumMemSticks: 4
    DIMM 1:
      manufacturer: Alibaba Cloud
      modulePartNo: Not Specified
      memType: RAM
      size: 16
      clkspeed: 0
      moduleVoltage: 0
    DIMM 2:
      manufacturer: Alibaba Cloud
      modulePartNo: Not Specified
      memType: RAM
      size: 16
      clkspeed: 0
      moduleVoltage: 0
    DIMM 3:
      manufacturer: Alibaba Cloud
      modulePartNo: Not Specified
      memType: RAM
      size: 16
      clkspeed: 0
      moduleVoltage: 0
    DIMM 4:
      manufacturer: Alibaba Cloud
      modulePartNo: Not Specified
      memType: RAM
      size: 16
      clkspeed: 0
      moduleVoltage: 0
Checksum: DFD21EF6BCBD3AFE6CE29BCA18B1A68A6377D0E1