BaselineInfo:
  WebDBID: -1
  TimeStamp: 20260618231105
Version:
  Major: 11
  Minor: 0
  Build: 1004
  SpecialBuildName: ""
  ptArchitecture: x86_64_linux
Results:
  Results Complete: true
  NumTestProcesses: 24
  CPU_INTEGER_MATH: 83488.190000000002
  CPU_FLOATINGPOINT_MATH: 44952.732571524233
  CPU_PRIME: 110.7898734745601
  CPU_SORTING: 49924.430198358059
  CPU_ENCRYPTION: 11522.530397716448
  CPU_COMPRESSION: 384511.86261100828
  CPU_SINGLETHREAD: 2351.6722248259034
  CPU_PHYSICS: 2176.0480696784716
  CPU_MATRIX_MULT_SSE: 22426.523650510797
  CPU_mm: 2451.6957417716185
  CPU_sse: 9098.0799801090707
  CPU_fma: 27034.487734863418
  CPU_avx: 19074.135606563759
  CPU_avx512: 34499.391280506941
  m_CPU_enc_SHA: 3779359600.7901883
  m_CPU_enc_AES: 29049389142.089844
  m_CPU_enc_ECDSA: 3417997760.0677338
  ME_ALLOC_S: 9254.3719459213462
  ME_READ_S: 26864.170312499999
  ME_READ_L: 10153.6240234375
  ME_WRITE: 9460.1416015625
  ME_LARGE: 180700.41666666666
  ME_LATENCY: 52.39841505714228
  ME_THREADED: 88296.8720703125
  SUMM_CPU: 25234.510223667177
  SUMM_ME: 2637.5059201256263
SystemInformation:
  OSName: Ubuntu 24.04.4 LTS
  Kernel: 6.8.0-117-generic
  Device: ""
  Processor: Intel(R) Xeon(R) Platinum 8369HB CPU @ 3.30GHz
  NumSockets: 1
  Manufacturer: GenuineIntel
  NumCores: 12
  NumLogicals: 24
  CPUFrequency: 3300
  CPUMaxFrequency: 4200
  Memory: 189673
  CPUInfo:
    number: 1
    Family: 6
    Model: 5
    stepping: 11
    features: 529267711
    manufacture: GenuineIntel
    typestring: Intel(R) Xeon(R) Platinum 8369HB CPU @ 3.30GHz
    iCoresPerPackage: 12
    iThreadsPerPackage: 2
    featuresEx:
      - 529267711
      - 4277809667
      - 739248128
    bHybrid: false
    nPCore: 0
    nLogicalsPerPCore: 0
    nECore: 0
    nLogicalsPerECore: 0
  MemModuleInfo:
    iNumMemSticks: 12
    DIMM 1:
      manufacturer: Alibaba Cloud
      modulePartNo: Not Specified
      memType: RAM
      size: 16
      clkspeed: 0
      moduleVoltage: 0
    DIMM 2:
      manufacturer: Alibaba Cloud
      modulePartNo: Not Specified
      memType: RAM
      size: 16
      clkspeed: 0
      moduleVoltage: 0
    DIMM 3:
      manufacturer: Alibaba Cloud
      modulePartNo: Not Specified
      memType: RAM
      size: 16
      clkspeed: 0
      moduleVoltage: 0
    DIMM 4:
      manufacturer: Alibaba Cloud
      modulePartNo: Not Specified
      memType: RAM
      size: 16
      clkspeed: 0
      moduleVoltage: 0
    DIMM 5:
      manufacturer: Alibaba Cloud
      modulePartNo: Not Specified
      memType: RAM
      size: 16
      clkspeed: 0
      moduleVoltage: 0
    DIMM 6:
      manufacturer: Alibaba Cloud
      modulePartNo: Not Specified
      memType: RAM
      size: 16
      clkspeed: 0
      moduleVoltage: 0
    DIMM 7:
      manufacturer: Alibaba Cloud
      modulePartNo: Not Specified
      memType: RAM
      size: 16
      clkspeed: 0
      moduleVoltage: 0
    DIMM 8:
      manufacturer: Alibaba Cloud
      modulePartNo: Not Specified
      memType: RAM
      size: 16
      clkspeed: 0
      moduleVoltage: 0
    DIMM 9:
      manufacturer: Alibaba Cloud
      modulePartNo: Not Specified
      memType: RAM
      size: 16
      clkspeed: 0
      moduleVoltage: 0
    DIMM 10:
      manufacturer: Alibaba Cloud
      modulePartNo: Not Specified
      memType: RAM
      size: 16
      clkspeed: 0
      moduleVoltage: 0
    DIMM 11:
      manufacturer: Alibaba Cloud
      modulePartNo: Not Specified
      memType: RAM
      size: 16
      clkspeed: 0
      moduleVoltage: 0
    DIMM 12:
      manufacturer: Alibaba Cloud
      modulePartNo: Not Specified
      memType: RAM
      size: 16
      clkspeed: 0
      moduleVoltage: 0
Checksum: C8273EBF5CD2E9CE10AD8E5D47A81E466DA03F3F