---
system-info:
      stress-ng-version: 0.17.08
      run-by: root
      date-yyyy-mm-dd: 2024:06:06
      time-hh-mm-ss: 14:21:39
      epoch-secs: 1717683699
      hostname: 4a5d693f6891
      sysname: Linux
      nodename: 4a5d693f6891
      release: 6.8.0-1008-aws
      version: '#8-Ubuntu SMP Sat Apr 20 00:46:25 UTC 2024'
      machine: x86_64
      compiler: 'musl-gcc 13.2.1'
      uptime: 103
      totalram: 8112050176
      freeram: 4012179456
      sharedram: 20189184
      bufferram: 84205568
      totalswap: 0
      freeswap: 0
      pagesize: 4096
      cpus: 4
      cpus-online: 4
      ticks-per-second: 100

metrics:
    - stressor: cpu
      bogo-ops: 17513
      bogo-ops-per-second-usr-sys-time: 1750.983072
      bogo-ops-per-second-real-time: 1750.914777
      wall-clock-time: 10.002200
      user-time: 10.001810
      system-time: 0.000000
      cpu-usage-per-instance: 99.996100
      max-rss: 3664

...
