---
system-info:
      stress-ng-version: 0.17.08
      run-by: root
      date-yyyy-mm-dd: 2024:06:14
      time-hh-mm-ss: 07:54:59
      epoch-secs: 1718351699
      hostname: c641c10b0746
      sysname: Linux
      nodename: c641c10b0746
      release: 6.8.0-1008-aws
      version: '#8-Ubuntu SMP Sat Apr 20 00:46:25 UTC 2024'
      machine: x86_64
      compiler: 'musl-gcc 13.2.1'
      uptime: 124
      totalram: 8112050176
      freeram: 3804405760
      sharedram: 20189184
      bufferram: 108433408
      totalswap: 0
      freeswap: 0
      pagesize: 4096
      cpus: 4
      cpus-online: 4
      ticks-per-second: 100

metrics:
    - stressor: cpu
      bogo-ops: 61550
      bogo-ops-per-second-usr-sys-time: 3077.574323
      bogo-ops-per-second-real-time: 3077.493800
      wall-clock-time: 20.000040
      user-time: 19.999517
      system-time: 0.000000
      cpu-usage-per-instance: 99.997384
      max-rss: 1104

...
