---
system-info:
      stress-ng-version: 0.17.08
      run-by: root
      date-yyyy-mm-dd: 2024:09:11
      time-hh-mm-ss: 15:46:18
      epoch-secs: 1726069578
      hostname: ip-172-31-27-147
      sysname: Linux
      nodename: ip-172-31-27-147
      release: 6.8.0-1014-aws
      version: '#15-Ubuntu SMP Thu Aug  8 20:05:03 UTC 2024'
      machine: aarch64
      compiler: 'musl-gcc 13.2.1'
      uptime: 204
      totalram: 801654607872
      freeram: 792521363456
      sharedram: 34955264
      bufferram: 220835840
      totalswap: 0
      freeswap: 0
      pagesize: 4096
      cpus: 48
      cpus-online: 48
      ticks-per-second: 100

metrics:
    - stressor: cpu
      bogo-ops: 30393
      bogo-ops-per-second-usr-sys-time: 1519.614061
      bogo-ops-per-second-real-time: 1519.644221
      wall-clock-time: 20.000076
      user-time: 20.000473
      system-time: 0.000000
      cpu-usage-per-instance: 100.001985
      max-rss: 1152

...
