"size","threads","connections","rps","latency","failed","server_usr","server_sys","client_usr","client_sys"
"1k",4,4,68075,0.000060500,0,9.18,13.22,3.90,13.61
"1k",4,8,71163,0.000111070,0,8.06,14.29,3.54,13.78
"1k",4,16,86524,0.000176790,0,8.07,14.67,3.95,13.24
"1k",4,32,96896,0.000390440,0,7.81,14.69,3.97,13.27
"1k",4,64,104128,0.000753880,0,7.65,14.71,4.09,13.33
"1k",4,128,114268,0.001180000,0,7.43,14.85,4.07,13.45
"1k",8,8,67383,0.000123690,0,7.91,13.93,4.20,13.81
"1k",8,16,74759,0.000236030,0,7.16,14.75,4.03,13.98
"1k",8,32,84060,0.000523010,0,6.83,14.64,4.04,14.07
"1k",8,64,92990,0.000841290,0,7.02,14.36,4.28,14.08
"1k",8,128,101639,0.001340000,0,7.10,14.60,4.26,13.82
"1k",16,16,69789,0.000264860,0,6.91,14.22,4.18,14.41
"1k",16,32,78880,0.000526290,0,6.59,14.20,4.32,14.70
"1k",16,64,83012,0.000910000,0,6.64,14.35,4.38,14.49
"1k",16,128,84534,0.001570000,0,6.76,14.44,4.33,14.47
"16k",4,4,57414,0.000072670,0,8.50,13.03,4.54,13.91
"16k",4,8,55350,0.000137410,0,7.75,14.30,3.90,13.87
"16k",4,16,62537,0.000238060,0,7.47,14.86,4.10,13.63
"16k",4,32,71864,0.000461900,0,7.27,14.80,4.35,13.53
"16k",4,64,77512,0.000890000,0,7.17,14.86,4.45,13.31
"16k",4,128,78684,0.001590000,0,7.32,14.95,4.50,13.05
"16k",8,8,57027,0.000152110,0,7.58,13.96,4.29,13.97
"16k",8,16,58985,0.000291190,0,6.84,14.68,4.25,14.07
"16k",8,32,62821,0.000636910,0,6.51,14.78,4.22,14.09
"16k",8,64,67179,0.001060000,0,6.44,14.83,4.49,13.96
"16k",8,128,71604,0.001810000,0,6.38,14.74,4.59,14.00
"16k",16,16,55920,0.000317000,0,6.36,14.50,4.48,14.37
"16k",16,32,60041,0.000637700,0,6.06,14.43,4.71,14.41
"16k",16,64,61507,0.001150000,0,6.04,14.37,4.67,14.52
"16k",16,128,63610,0.002060000,0,6.01,14.72,4.30,14.70
"64k",4,4,34207,0.000117740,0,6.70,14.33,4.88,13.83
"64k",4,8,33431,0.000231670,0,6.12,14.89,4.41,14.08
"64k",4,16,36235,0.000408940,0,5.70,15.77,4.27,14.27
"64k",4,32,37295,0.000848960,0,5.67,15.68,4.37,14.01
"64k",4,64,39131,0.001500000,0,5.36,15.72,4.42,14.31
"64k",4,128,40396,0.002830000,0,6.06,15.82,4.32,13.77
"64k",8,8,33000,0.000247130,0,5.72,15.07,4.64,14.41
"64k",8,16,34127,0.000485430,0,5.35,15.40,4.62,14.53
"64k",8,32,34728,0.001030000,0,4.94,15.60,4.50,14.54
"64k",8,64,37162,0.001760000,0,5.11,15.85,4.55,14.01
"64k",8,128,36683,0.003390000,0,5.80,15.45,4.46,13.98
"64k",16,16,30893,0.000552560,0,4.99,15.39,4.77,14.84
"64k",16,32,32876,0.001050000,0,4.70,15.44,4.63,14.91
"64k",16,64,34404,0.001910000,0,4.85,15.52,4.69,14.64
"64k",16,128,35600,0.003580000,0,5.25,15.56,4.59,14.34
"256k",4,4,16158,0.000288910,0,5.49,14.59,6.13,13.72
"256k",4,8,13687,0.000557720,0,4.72,16.53,4.83,13.84
"256k",4,16,14842,0.001010000,0,4.75,16.64,5.02,13.32
"256k",4,32,14535,0.002050000,0,4.90,16.96,4.79,13.25
"256k",4,64,13388,0.004270000,0,6.91,16.00,4.43,12.55
"256k",8,8,14604,0.000566630,0,5.03,15.53,5.52,13.51
"256k",8,16,14498,0.001170000,0,4.61,16.27,5.19,13.41
"256k",8,32,13844,0.002300000,0,4.77,16.45,4.87,13.58
"256k",8,64,13008,0.004800000,0,6.41,16.06,4.63,12.77
"256k",16,16,13718,0.001240000,0,4.30,16.31,5.26,13.83
"256k",16,32,13434,0.002420000,0,4.27,16.57,5.04,13.79
"256k",16,64,12681,0.005040000,0,6.25,15.61,4.73,13.24
"512k",4,4,8373,0.000475640,0,4.58,16.86,5.93,12.62
"512k",4,8,7841,0.000970000,0,4.38,16.93,4.92,13.45
"512k",4,16,7497,0.001990000,0,4.43,17.21,4.64,13.50
"512k",4,32,6965,0.004150000,0,6.96,16.38,4.50,12.16
"512k",4,64,6540,0.009310000,0,8.50,15.34,4.19,12.02
"512k",8,8,7786,0.001030000,0,4.19,17.05,5.27,13.31
"512k",8,16,7191,0.002250000,0,5.24,16.48,5.21,12.69
"512k",8,32,7056,0.004420000,0,6.79,15.98,4.71,12.51
"512k",8,64,6621,0.009470000,0,7.92,15.22,4.54,12.14
"512k",16,16,7619,0.002130000,0,4.22,17.06,5.31,13.14
"512k",16,32,6549,0.004890000,0,6.46,16.14,4.48,12.73
"512k",16,64,6513,0.009780000,0,7.34,15.72,4.37,12.35
