---
system-info:
      stress-ng-version: 0.17.08
      run-by: root
      date-yyyy-mm-dd: 2024:09:16
      time-hh-mm-ss: 20:59:30
      epoch-secs: 1726520370
      hostname: sc-runner
      sysname: Linux
      nodename: sc-runner
      release: 6.8.0-1014-azure
      version: '#16-Ubuntu SMP Thu Aug 15 20:04:41 UTC 2024'
      machine: x86_64
      compiler: 'musl-gcc 13.2.1'
      uptime: 340
      totalram: 135070519296
      freeram: 124925992960
      sharedram: 42061824
      bufferram: 240635904
      totalswap: 0
      freeswap: 0
      pagesize: 4096
      cpus: 4
      cpus-online: 4
      ticks-per-second: 100

metrics:
    - stressor: cpu
      bogo-ops: 64481
      bogo-ops-per-second-usr-sys-time: 811.788006
      bogo-ops-per-second-real-time: 3224.030120
      wall-clock-time: 20.000123
      user-time: 79.405860
      system-time: 0.024976
      cpu-usage-per-instance: 99.287933
      max-rss: 976

...
