BaselineInfo:
  WebDBID: -1
  TimeStamp: 20260710113012
Version:
  Major: 11
  Minor: 0
  Build: 1004
  SpecialBuildName: ""
  ptArchitecture: x86_64_linux
Results:
  Results Complete: true
  NumTestProcesses: 64
  CPU_INTEGER_MATH: 339655.92966666672
  CPU_FLOATINGPOINT_MATH: 240331.51117452362
  CPU_PRIME: 671.80179645640692
  CPU_SORTING: 166780.93256346017
  CPU_ENCRYPTION: 74571.623390585417
  CPU_COMPRESSION: 1220822.9976654872
  CPU_SINGLETHREAD: 3250.9175395372804
  CPU_PHYSICS: 15470.120718098051
  CPU_MATRIX_MULT_SSE: 97908.109261374673
  CPU_mm: 9604.6373202297
  CPU_sse: 41216.402547646336
  CPU_fma: 105752.42875660212
  CPU_avx: 80808.373205777214
  CPU_avx512: 163855.2325354731
  m_CPU_enc_SHA: 79075165529.03035
  m_CPU_enc_AES: 102953672387.14679
  m_CPU_enc_ECDSA: 52553205789.042252
  ME_ALLOC_S: 37190.824864966504
  ME_READ_S: 29420.9990234375
  ME_READ_L: 10563.345703125
  ME_WRITE: 9817.51953125
  ME_LARGE: 1342571.4166666667
  ME_LATENCY: 60.541932707296503
  ME_THREADED: 476283.72265625
  SUMM_CPU: 85402.587130045096
  SUMM_ME: 2663.4154801993823
SystemInformation:
  OSName: Ubuntu 24.04.4 LTS
  Kernel: 6.17.0-1018-azure
  Device: ""
  Processor: INTEL(R) XEON(R) PLATINUM 8573C
  NumSockets: 2
  Manufacturer: GenuineIntel
  NumCores: 32
  NumLogicals: 64
  CPUFrequency: 2300
  CPUMaxFrequency: 2300
  Memory: 1354613
  CPUInfo:
    number: 2
    Family: 6
    Model: 15
    stepping: 2
    features: 529267711
    manufacture: GenuineIntel
    typestring: INTEL(R) XEON(R) PLATINUM 8573C
    iCoresPerPackage: 16
    iThreadsPerPackage: 2
    featuresEx:
      - 529267711
      - 4294586915
      - 739248128
    bHybrid: false
    nPCore: 0
    nLogicalsPerPCore: 0
    nECore: 0
    nLogicalsPerECore: 0
  MemModuleInfo:
    iNumMemSticks: 4
    DIMM 1:
      manufacturer: Microsoft Corporation
      modulePartNo: None
      memType: Unknown
      size: 1
      clkspeed: 0
      moduleVoltage: 0
    DIMM 2:
      manufacturer: Microsoft Corporation
      modulePartNo: None
      memType: Unknown
      size: 59
      clkspeed: 0
      moduleVoltage: 0
    DIMM 3:
      manufacturer: Microsoft Corporation
      modulePartNo: None
      memType: Unknown
      size: 612
      clkspeed: 0
      moduleVoltage: 0
    DIMM 4:
      manufacturer: Microsoft Corporation
      modulePartNo: None
      memType: Unknown
      size: 672
      clkspeed: 0
      moduleVoltage: 0
Checksum: AC8B8601C4FF88AE74D77447E34EC471E0C261B3