---
system-info:
      stress-ng-version: 0.17.08
      run-by: root
      date-yyyy-mm-dd: 2024:06:13
      time-hh-mm-ss: 10:43:34
      epoch-secs: 1718275414
      hostname: da9e539d3311
      sysname: Linux
      nodename: da9e539d3311
      release: 6.8.0-1008-aws
      version: '#8-Ubuntu SMP Sat Apr 20 00:46:25 UTC 2024'
      machine: x86_64
      compiler: 'musl-gcc 13.2.1'
      uptime: 170
      totalram: 405340651520
      freeram: 399404974080
      sharedram: 78143488
      bufferram: 106962944
      totalswap: 0
      freeswap: 0
      pagesize: 4096
      cpus: 96
      cpus-online: 96
      ticks-per-second: 100

metrics:
    - stressor: cpu
      bogo-ops: 29140
      bogo-ops-per-second-usr-sys-time: 1456.998543
      bogo-ops-per-second-real-time: 1456.993539
      wall-clock-time: 20.000089
      user-time: 20.000020
      system-time: 0.000000
      cpu-usage-per-instance: 99.999657
      max-rss: 768

...
