---
system-info:
      stress-ng-version: 0.17.08
      run-by: root
      date-yyyy-mm-dd: 2024:06:07
      time-hh-mm-ss: 18:45:05
      epoch-secs: 1717785905
      hostname: d7d4160dac31
      sysname: Linux
      nodename: d7d4160dac31
      release: 6.8.0-1008-aws
      version: '#8-Ubuntu SMP Sat Apr 20 00:46:25 UTC 2024'
      machine: x86_64
      compiler: 'musl-gcc 13.2.1'
      uptime: 130
      totalram: 405340647424
      freeram: 399523069952
      sharedram: 78135296
      bufferram: 94134272
      totalswap: 0
      freeswap: 0
      pagesize: 4096
      cpus: 96
      cpus-online: 96
      ticks-per-second: 100

metrics:
    - stressor: cpu
      bogo-ops: 15834
      bogo-ops-per-second-usr-sys-time: 1583.322259
      bogo-ops-per-second-real-time: 1583.325030
      wall-clock-time: 10.000473
      user-time: 9.999491
      system-time: 0.001000
      cpu-usage-per-instance: 100.000175
      max-rss: 3072

...
