---
system-info:
      stress-ng-version: 0.17.08
      run-by: root
      date-yyyy-mm-dd: 2024:06:26
      time-hh-mm-ss: 16:35:12
      epoch-secs: 1719419712
      hostname: c3d-highmem-4-daf90cb
      sysname: Linux
      nodename: c3d-highmem-4-daf90cb
      release: 6.8.0-1009-gcp
      version: '#10-Ubuntu SMP Wed Jun 12 18:52:23 UTC 2024'
      machine: x86_64
      compiler: 'musl-gcc 13.2.1'
      uptime: 142
      totalram: 33653616640
      freeram: 28689334272
      sharedram: 34951168
      bufferram: 124608512
      totalswap: 0
      freeswap: 0
      pagesize: 4096
      cpus: 4
      cpus-online: 4
      ticks-per-second: 100

metrics:
    - stressor: cpu
      bogo-ops: 57216
      bogo-ops-per-second-usr-sys-time: 2860.923449
      bogo-ops-per-second-real-time: 2860.789360
      wall-clock-time: 20.000074
      user-time: 19.999137
      system-time: 0.000000
      cpu-usage-per-instance: 99.995313
      max-rss: 1104

...
