BaselineInfo:
  WebDBID: -1
  TimeStamp: 20241109101924
Version:
  Major: 11
  Minor: 0
  Build: 1002
  SpecialBuildName: ""
  ptArchitecture: x86_64_linux
Results:
  Results Complete: true
  NumTestProcesses: 32
  CPU_INTEGER_MATH: 134768.20033333337
  CPU_FLOATINGPOINT_MATH: 68890.27992811233
  CPU_PRIME: 195.26795805764976
  CPU_SORTING: 68830.238280164762
  CPU_ENCRYPTION: 29269.113610910546
  CPU_COMPRESSION: 489286.96865622123
  CPU_SINGLETHREAD: 2434.2820305323885
  CPU_PHYSICS: 3364.1584251700428
  CPU_MATRIX_MULT_SSE: 28744.062522042586
  CPU_mm: 2902.675735807476
  CPU_sse: 12658.047309359545
  CPU_fma: 35112.223313513074
  CPU_avx: 25927.986152961879
  CPU_avx512: 41277.993312335842
  m_CPU_enc_SHA: 29553045687.356007
  m_CPU_enc_AES: 44469719459.613144
  m_CPU_enc_ECDSA: 18049905074.053257
  ME_ALLOC_S: 15226.687957644239
  ME_READ_S: 24180.058789062499
  ME_READ_L: 12697.611328125
  ME_WRITE: 11226.6923828125
  ME_LARGE: 246860.75
  ME_LATENCY: 51.421863109893287
  ME_THREADED: 138658.8193359375
  SUMM_CPU: 37006.875829261749
  SUMM_ME: 2845.4301435026914
SystemInformation:
  OSName: Ubuntu 24.04.1 LTS
  Kernel: 6.8.0-1017-azure
  Device: ""
  Processor: Intel Xeon Platinum 8370C CPU @ 2.80GHz
  NumSockets: 1
  Manufacturer: GenuineIntel
  NumCores: 16
  NumLogicals: 32
  CPUFrequency: 2800
  Memory: 257730
  MemModuleInfo:
    iNumMemSticks: 3
    DIMM 1:
      manufacturer: Microsoft Corporation
      modulePartNo: None
      memType: Unknown
      size: 1
      clkspeed: 0
      moduleVoltage: 0
    DIMM 2:
      manufacturer: Microsoft Corporation
      modulePartNo: None
      memType: Unknown
      size: 60928
      clkspeed: 0
      moduleVoltage: 0
    DIMM 3:
      manufacturer: Microsoft Corporation
      modulePartNo: None
      memType: Unknown
      size: 200192
      clkspeed: 0
      moduleVoltage: 0
Checksum: CD447F7BB02B8AC64DB7B34B430CE401A71874AD