---
system-info:
      stress-ng-version: 0.17.08
      run-by: root
      date-yyyy-mm-dd: 2024:06:06
      time-hh-mm-ss: 06:41:11
      epoch-secs: 1717656071
      hostname: 54019e0ca329
      sysname: Linux
      nodename: 54019e0ca329
      release: 6.8.0-1008-aws
      version: '#8-Ubuntu SMP Sat Apr 20 02:43:14 UTC 2024'
      machine: aarch64
      compiler: 'musl-gcc 13.2.1'
      uptime: 131
      totalram: 99418226688
      freeram: 94979743744
      sharedram: 34979840
      bufferram: 80437248
      totalswap: 0
      freeswap: 0
      pagesize: 4096
      cpus: 48
      cpus-online: 48
      ticks-per-second: 100

metrics:
    - stressor: cpu
      bogo-ops: 2940
      bogo-ops-per-second-usr-sys-time: 293.035591
      bogo-ops-per-second-real-time: 293.039252
      wall-clock-time: 10.032786
      user-time: 10.031912
      system-time: 0.000999
      cpu-usage-per-instance: 100.001249
      max-rss: 3840

...
