---
system-info:
      stress-ng-version: 0.17.08
      run-by: root
      date-yyyy-mm-dd: 2024:06:14
      time-hh-mm-ss: 04:42:10
      epoch-secs: 1718340130
      hostname: 3f7ddb4f2587
      sysname: Linux
      nodename: 3f7ddb4f2587
      release: 6.8.0-1008-aws
      version: '#8-Ubuntu SMP Sat Apr 20 02:43:14 UTC 2024'
      machine: aarch64
      compiler: 'musl-gcc 13.2.1'
      uptime: 149
      totalram: 99418234880
      freeram: 94807674880
      sharedram: 34979840
      bufferram: 107831296
      totalswap: 0
      freeswap: 0
      pagesize: 4096
      cpus: 48
      cpus-online: 48
      ticks-per-second: 100

metrics:
    - stressor: cpu
      bogo-ops: 30394
      bogo-ops-per-second-usr-sys-time: 1519.722720
      bogo-ops-per-second-real-time: 1519.691268
      wall-clock-time: 20.000115
      user-time: 19.999701
      system-time: 0.000000
      cpu-usage-per-instance: 99.997930
      max-rss: 1152

...
