BaselineInfo:
  WebDBID: -1
  TimeStamp: 20241109082250
Version:
  Major: 11
  Minor: 0
  Build: 1002
  SpecialBuildName: ""
  ptArchitecture: aarch64_linux
Results:
  Results Complete: true
  NumTestProcesses: 64
  CPU_INTEGER_MATH: 402962.34600000008
  CPU_FLOATINGPOINT_MATH: 338403.13646269572
  CPU_PRIME: 576.89236924355885
  CPU_SORTING: 323112.77418081457
  CPU_ENCRYPTION: 12044.30573601906
  CPU_COMPRESSION: 438672.52946883487
  CPU_SINGLETHREAD: 1881.717729614739
  CPU_PHYSICS: 15868.007540858389
  CPU_MATRIX_MULT_SSE: 57147.424657573298
  CPU_mm: 9181.5530161831648
  CPU_sse: 48208.256839403184
  CPU_fma: 66086.592475743397
  CPU_avx: 0
  CPU_avx512: 0
  m_CPU_enc_SHA: 17629804981.217468
  m_CPU_enc_AES: 7741675842.1324301
  m_CPU_enc_ECDSA: 12516628971.005859
  ME_ALLOC_S: 38073.670105353784
  ME_READ_S: 25524.399218750001
  ME_READ_L: 19030.521484375
  ME_WRITE: 25743.349609375
  ME_LARGE: 500734.5
  ME_LATENCY: 52.142570043176157
  ME_THREADED: 517117.58056640625
  SUMM_CPU: 44189.922879909165
  SUMM_ME: 3408.1458015677572
SystemInformation:
  OSName: Ubuntu 24.04.1 LTS
  Kernel: 6.8.0-1017-azure
  Device: ""
  Processor: ARM Neoverse-N2 64 Core 0 MHz
  NumSockets: 1
  Manufacturer: ARM
  NumCores: 64
  NumLogicals: 64
  CPUFrequency: 0
  Memory: 514749
Checksum: 3A2D11611A8EBDD8DC36ACADD8E0F523B609A2F5