BaselineInfo:
  WebDBID: -1
  TimeStamp: 20260403181939
Version:
  Major: 11
  Minor: 0
  Build: 1004
  SpecialBuildName: ""
  ptArchitecture: x86_64_linux
Results:
  Results Complete: true
  NumTestProcesses: 1
  CPU_INTEGER_MATH: 3159.6893333333337
  CPU_FLOATINGPOINT_MATH: 2392.875333454786
  CPU_PRIME: 9.3094229264047659
  CPU_SORTING: 2152.6728661732091
  CPU_ENCRYPTION: 405.80985449486576
  CPU_COMPRESSION: 16066.138889347563
  CPU_SINGLETHREAD: 1585.5046379841704
  CPU_PHYSICS: 166.11858174299184
  CPU_MATRIX_MULT_SSE: 1202.9796300413987
  CPU_mm: 142.85624270429096
  CPU_sse: 542.20866356208614
  CPU_fma: 1802.5768465012654
  CPU_avx: 1216.7405245909156
  CPU_avx512: 1250.3924855113278
  m_CPU_enc_SHA: 223467643.67044103
  m_CPU_enc_AES: 861132074.0799576
  m_CPU_enc_ECDSA: 191967704.21002656
  ME_ALLOC_S: 533.08901818342224
  ME_READ_S: 19110.614843750001
  ME_READ_L: 6533.56201171875
  ME_WRITE: 7107.48291015625
  ME_LARGE: 855.33333333333337
  ME_LATENCY: 82.297945402096687
  ME_THREADED: 5631.021484375
  SUMM_CPU: 1306.7402241884708
  SUMM_ME: 818.00308263148167
SystemInformation:
  OSName: Ubuntu 24.04.4 LTS
  Kernel: 6.8.0-106-generic
  Device: ""
  Processor: Intel(R) Xeon(R) Platinum 8163 CPU @ 2.50GHz
  NumSockets: 1
  Manufacturer: GenuineIntel
  NumCores: 1
  NumLogicals: 1
  CPUFrequency: 2500
  CPUMaxFrequency: 3100
  Memory: 7557
  CPUInfo:
    number: 1
    Family: 6
    Model: 5
    stepping: 4
    features: 529267711
    manufacture: GenuineIntel
    typestring: Intel(R) Xeon(R) Platinum 8163 CPU @ 2.50GHz
    iCoresPerPackage: 1
    iThreadsPerPackage: 2
    featuresEx:
      - 529267711
      - 4294586883
      - 739248128
    bHybrid: false
    nPCore: 0
    nLogicalsPerPCore: 0
    nECore: 0
    nLogicalsPerECore: 0
  MemModuleInfo:
    iNumMemSticks: 1
    DIMM 1:
      manufacturer: Alibaba Cloud
      modulePartNo: Not Specified
      memType: RAM
      size: 8
      clkspeed: 0
      moduleVoltage: 0
Checksum: 7F482B1BB1E6C80FA99BEF63F96754A086065C88