size_kb,operation,bandwidth_mb_s,latency_ns,latency_stddev_ns,latency_samples,threads,iterations,elapsed_s
32,read,683086.93,0,0,0,16,432526,0.316597
32,write,395629.27,0,0,0,16,327654,0.414092
32,copy,331847.27,0,0,0,16,320102,0.482303
32,latency,0,1.49,0.05,7,1,7,0.217164
128,read,707469.78,0,0,0,16,121713,0.344080
128,write,394968.44,0,0,0,16,91945,0.465582
128,copy,334288.68,0,0,0,16,75097,0.449294
128,latency,0,4.09,0.01,7,1,7,0.649366
1024,read,386072.10,0,0,0,16,20321,0.842164
1024,write,289907.95,0,0,0,16,11579,0.639044
1024,copy,98761.86,0,0,0,16,3744,0.606550
1024,latency,0,7.34,0.10,7,1,7,0.601263
2048,read,199838.85,0,0,0,16,3487,0.558370
2048,write,187300.61,0,0,0,16,3560,0.608220
2048,copy,96423.11,0,0,0,16,1148,0.380988
2048,latency,0,13.73,0.54,7,1,7,0.636661
4096,read,192061.28,0,0,0,16,965,0.321564
4096,write,184657.75,0,0,0,16,1133,0.392683
4096,copy,72305.23,0,0,0,16,478,0.423095
4096,latency,0,25.93,1.75,21,1,21,1.919406
32768,read,81219.39,0,0,0,16,73,0.460186
32768,write,67812.12,0,0,0,16,89,0.671974
32768,copy,39132.71,0,0,0,16,41,0.536431
32768,latency,0,130.30,1.49,7,1,7,2.820630
65536,read,79158.08,0,0,0,16,38,0.491573
65536,write,66294.35,0,0,0,16,40,0.617851
65536,copy,39034.08,0,0,0,16,20,0.524670
65536,latency,0,135.75,1.32,7,1,7,5.859079
131072,read,79617.06,0,0,0,16,18,0.463016
131072,write,66513.04,0,0,0,16,19,0.585028
131072,copy,39369.53,0,0,0,16,11,0.572219
131072,latency,0,139.00,0.50,7,1,7,12.086870
262144,read,79445.15,0,0,0,16,9,0.464018
262144,write,66549.98,0,0,0,16,10,0.615477
262144,copy,38916.41,0,0,0,16,5,0.526256
262144,latency,0,140.98,0.77,7,1,7,24.500308
524288,read,78932.22,0,0,0,16,4,0.415141
524288,write,66755.48,0,0,0,16,5,0.613583
524288,copy,23079.65,0,0,0,8,3,0.532417
524288,latency,0,141.48,0.24,7,1,7,49.228669
