BaselineInfo:
  WebDBID: -1
  TimeStamp: 20241107081957
Version:
  Major: 11
  Minor: 0
  Build: 1002
  SpecialBuildName: ""
  ptArchitecture: x86_64_linux
Results:
  Results Complete: true
  NumTestProcesses: 2
  CPU_INTEGER_MATH: 7613.4719999999998
  CPU_FLOATINGPOINT_MATH: 5423.1910998050844
  CPU_PRIME: 16.206030005623333
  CPU_SORTING: 3833.8961105640847
  CPU_ENCRYPTION: 1692.1598501526091
  CPU_COMPRESSION: 29554.922331456379
  CPU_SINGLETHREAD: 2350.1562363792323
  CPU_PHYSICS: 384.01311891397074
  CPU_MATRIX_MULT_SSE: 2089.9774967680551
  CPU_mm: 216.45007422100568
  CPU_sse: 939.85344915699898
  CPU_fma: 2486.8434966384416
  CPU_avx: 1823.7842287170206
  CPU_avx512: 3109.4288125597595
  m_CPU_enc_SHA: 1786316663.053597
  m_CPU_enc_AES: 2301942480.626297
  m_CPU_enc_ECDSA: 1234815477.4209723
  ME_ALLOC_S: 931.95865264899794
  ME_READ_S: 21317.0126953125
  ME_READ_L: 7020.82373046875
  ME_WRITE: 6671.7255859375
  ME_LARGE: 6022.5
  ME_LATENCY: 75.04337494928842
  ME_THREADED: 10541.5927734375
  SUMM_CPU: 3006.3006851623209
  SUMM_ME: 1380.9677509283611
SystemInformation:
  OSName: Ubuntu 24.04.1 LTS
  Kernel: 6.8.0-1015-gcp
  Device: ""
  Processor: INTEL XEON PLATINUM 8581C CPU @ 2.10GHz
  NumSockets: 1
  Manufacturer: GenuineIntel
  NumCores: 1
  NumLogicals: 2
  CPUFrequency: 0
  Memory: 15990
  MemModuleInfo:
    iNumMemSticks: 1
    DIMM 1:
      manufacturer: ""
      modulePartNo: ""
      memType: RAM
      size: 16
      clkspeed: 0
      moduleVoltage: 0
Checksum: 47CE1E8DF29796E0CEB2BAC18C079FD8BDD9A800