BaselineInfo:
  WebDBID: -1
  TimeStamp: 20260404160004
Version:
  Major: 11
  Minor: 0
  Build: 1004
  SpecialBuildName: ""
  ptArchitecture: x86_64_linux
Results:
  Results Complete: true
  NumTestProcesses: 12
  CPU_INTEGER_MATH: 29457.876333333334
  CPU_FLOATINGPOINT_MATH: 15817.664469136853
  CPU_PRIME: 69.845568861670927
  CPU_SORTING: 18263.74436270124
  CPU_ENCRYPTION: 4083.5954310765605
  CPU_COMPRESSION: 135074.88199985158
  CPU_SINGLETHREAD: 1684.6064083661302
  CPU_PHYSICS: 1230.1519583012159
  CPU_MATRIX_MULT_SSE: 9109.2154817676183
  CPU_mm: 840.97296055326512
  CPU_sse: 3221.3174689543034
  CPU_fma: 10951.786592777928
  CPU_avx: 7738.7382833330994
  CPU_avx512: 14525.019582005141
  m_CPU_enc_SHA: 1332933544.5798707
  m_CPU_enc_AES: 10308078110.97818
  m_CPU_enc_ECDSA: 1204868832.651557
  ME_ALLOC_S: 3321.0414385185336
  ME_READ_S: 19550.115624999999
  ME_READ_L: 6851.353515625
  ME_WRITE: 7174.83740234375
  ME_LARGE: 10779.333333333334
  ME_LATENCY: 74.192912544379894
  ME_THREADED: 57295.515625
  SUMM_CPU: 10233.844291880232
  SUMM_ME: 1749.3800562325421
SystemInformation:
  OSName: Ubuntu 24.04.4 LTS
  Kernel: 6.8.0-106-generic
  Device: ""
  Processor: Intel(R) Xeon(R) Platinum 8269CY CPU @ 2.50GHz
  NumSockets: 1
  Manufacturer: GenuineIntel
  NumCores: 6
  NumLogicals: 12
  CPUFrequency: 2500
  CPUMaxFrequency: 3800
  Memory: 23644
  CPUInfo:
    number: 1
    Family: 6
    Model: 5
    stepping: 7
    features: 529267711
    manufacture: GenuineIntel
    typestring: Intel(R) Xeon(R) Platinum 8269CY CPU @ 2.50GHz
    iCoresPerPackage: 6
    iThreadsPerPackage: 2
    featuresEx:
      - 529267711
      - 4294586883
      - 739248128
    bHybrid: false
    nPCore: 0
    nLogicalsPerPCore: 0
    nECore: 0
    nLogicalsPerECore: 0
  MemModuleInfo:
    iNumMemSticks: 2
    DIMM 1:
      manufacturer: Alibaba Cloud
      modulePartNo: Not Specified
      memType: RAM
      size: 16
      clkspeed: 0
      moduleVoltage: 0
    DIMM 2:
      manufacturer: Alibaba Cloud
      modulePartNo: Not Specified
      memType: RAM
      size: 8
      clkspeed: 0
      moduleVoltage: 0
Checksum: 6D271568390CFBC9B17C5C70AF4D3EF5B91847D4