---
system-info:
      stress-ng-version: 0.17.08
      run-by: root
      date-yyyy-mm-dd: 2024:06:08
      time-hh-mm-ss: 11:56:51
      epoch-secs: 1717847811
      hostname: 202c6b2e6b4f
      sysname: Linux
      nodename: 202c6b2e6b4f
      release: 6.8.0-1008-aws
      version: '#8-Ubuntu SMP Sat Apr 20 00:46:25 UTC 2024'
      machine: x86_64
      compiler: 'musl-gcc 13.2.1'
      uptime: 170
      totalram: 132980936704
      freeram: 128196222976
      sharedram: 20160512
      bufferram: 101330944
      totalswap: 0
      freeswap: 0
      pagesize: 4096
      cpus: 32
      cpus-online: 32
      ticks-per-second: 100

metrics:
    - stressor: cpu
      bogo-ops: 9808
      bogo-ops-per-second-usr-sys-time: 980.668590
      bogo-ops-per-second-real-time: 980.679026
      wall-clock-time: 10.001234
      user-time: 10.000340
      system-time: 0.001000
      cpu-usage-per-instance: 100.001064
      max-rss: 3592

...
