---
system-info:
      stress-ng-version: 0.17.08
      run-by: root
      date-yyyy-mm-dd: 2024:06:14
      time-hh-mm-ss: 18:45:44
      epoch-secs: 1718390744
      hostname: d31b49a025e0
      sysname: Linux
      nodename: d31b49a025e0
      release: 6.8.0-1008-aws
      version: '#8-Ubuntu SMP Sat Apr 20 00:46:25 UTC 2024'
      machine: x86_64
      compiler: 'musl-gcc 13.2.1'
      uptime: 214
      totalram: 132980936704
      freeram: 128186011648
      sharedram: 20160512
      bufferram: 109797376
      totalswap: 0
      freeswap: 0
      pagesize: 4096
      cpus: 32
      cpus-online: 32
      ticks-per-second: 100

metrics:
    - stressor: cpu
      bogo-ops: 11826
      bogo-ops-per-second-usr-sys-time: 591.215929
      bogo-ops-per-second-real-time: 591.293149
      wall-clock-time: 20.000232
      user-time: 20.001844
      system-time: 0.001000
      cpu-usage-per-instance: 100.013061
      max-rss: 1032

...
