---
system-info:
      stress-ng-version: 0.17.08
      run-by: root
      date-yyyy-mm-dd: 2024:09:16
      time-hh-mm-ss: 17:34:40
      epoch-secs: 1726508080
      hostname: sc-runner
      sysname: Linux
      nodename: sc-runner
      release: 6.8.0-1014-azure
      version: '#16-Ubuntu SMP Thu Aug 15 20:04:41 UTC 2024'
      machine: x86_64
      compiler: 'musl-gcc 13.2.1'
      uptime: 273
      totalram: 33647054848
      freeram: 23344345088
      sharedram: 55005184
      bufferram: 229666816
      totalswap: 0
      freeswap: 0
      pagesize: 4096
      cpus: 16
      cpus-online: 16
      ticks-per-second: 100

metrics:
    - stressor: cpu
      bogo-ops: 310400
      bogo-ops-per-second-usr-sys-time: 971.067810
      bogo-ops-per-second-real-time: 15519.948451
      wall-clock-time: 20.000066
      user-time: 319.618135
      system-time: 0.029985
      cpu-usage-per-instance: 99.889706
      max-rss: 3124

...
