---
system-info:
      stress-ng-version: 0.17.08
      run-by: root
      date-yyyy-mm-dd: 2024:09:05
      time-hh-mm-ss: 09:26:04
      epoch-secs: 1725528364
      hostname: sc-runner
      sysname: Linux
      nodename: sc-runner
      release: 6.8.0-1013-azure
      version: '#15-Ubuntu SMP Thu Aug  8 18:40:40 UTC 2024'
      machine: x86_64
      compiler: 'musl-gcc 13.2.1'
      uptime: 320
      totalram: 33647063040
      freeram: 24874508288
      sharedram: 55013376
      bufferram: 217563136
      totalswap: 0
      freeswap: 0
      pagesize: 4096
      cpus: 16
      cpus-online: 16
      ticks-per-second: 100

metrics:
    - stressor: cpu
      bogo-ops: 310035
      bogo-ops-per-second-usr-sys-time: 970.250092
      bogo-ops-per-second-real-time: 15501.682515
      wall-clock-time: 20.000087
      user-time: 319.509342
      system-time: 0.031983
      cpu-usage-per-instance: 99.856229
      max-rss: 3152

...
