---
system-info:
      stress-ng-version: 0.17.08
      run-by: root
      date-yyyy-mm-dd: 2024:09:17
      time-hh-mm-ss: 12:29:00
      epoch-secs: 1726576140
      hostname: sc-runner
      sysname: Linux
      nodename: sc-runner
      release: 6.8.0-1014-azure
      version: '#16-Ubuntu SMP Thu Aug 15 20:04:41 UTC 2024'
      machine: x86_64
      compiler: 'musl-gcc 13.2.1'
      uptime: 334
      totalram: 456463159296
      freeram: 444371722240
      sharedram: 80224256
      bufferram: 303104000
      totalswap: 0
      freeswap: 0
      pagesize: 4096
      cpus: 64
      cpus-online: 64
      ticks-per-second: 100

metrics:
    - stressor: cpu
      bogo-ops: 1049759
      bogo-ops-per-second-usr-sys-time: 820.499507
      bogo-ops-per-second-real-time: 52487.680225
      wall-clock-time: 20.000103
      user-time: 1279.311577
      system-time: 0.102964
      cpu-usage-per-instance: 99.953747
      max-rss: 3000

...
