BaselineInfo:
  WebDBID: -1
  TimeStamp: 20241109154101
Version:
  Major: 11
  Minor: 0
  Build: 1002
  SpecialBuildName: ""
  ptArchitecture: x86_64_linux
Results:
  Results Complete: true
  NumTestProcesses: 64
  CPU_INTEGER_MATH: 215989.62066666671
  CPU_FLOATINGPOINT_MATH: 129061.28744671488
  CPU_PRIME: 313.51513105626566
  CPU_SORTING: 128963.4246891254
  CPU_ENCRYPTION: 68326.888505185372
  CPU_COMPRESSION: 944945.01548279345
  CPU_SINGLETHREAD: 2135.435178848054
  CPU_PHYSICS: 5535.4608909397448
  CPU_MATRIX_MULT_SSE: 56753.657880253406
  CPU_mm: 6234.4423951115659
  CPU_sse: 25935.700545269745
  CPU_fma: 81221.826481158831
  CPU_avx: 63103.446614331697
  CPU_avx512: 0
  m_CPU_enc_SHA: 96630618668.72905
  m_CPU_enc_AES: 66207377640.083054
  m_CPU_enc_ECDSA: 52099810014.827675
  ME_ALLOC_S: 21667.519072969968
  ME_READ_S: 24526.834179687499
  ME_READ_L: 12693.76171875
  ME_WRITE: 13770.568359375
  ME_LARGE: 240508.91666666666
  ME_LATENCY: 51.707824814596769
  ME_THREADED: 118688.35437011719
  SUMM_CPU: 55850.416750580865
  SUMM_ME: 2913.8442563645385
SystemInformation:
  OSName: Ubuntu 24.04.1 LTS
  Kernel: 6.8.0-1016-aws
  Device: ""
  Processor: AMD EPYC 7R32
  NumSockets: 1
  Manufacturer: AuthenticAMD
  NumCores: 32
  NumLogicals: 64
  CPUFrequency: 0
  Memory: 255203
  MemModuleInfo:
    iNumMemSticks: 1
    DIMM 1:
      manufacturer: Not Specified
      modulePartNo: Not Specified
      memType: DDR4
      size: 256
      clkspeed: 1466
      moduleVoltage: 0
Checksum: 9F61D46659E1F3D57BC20FCF3809CEBED40E79FB