BaselineInfo:
  WebDBID: -1
  TimeStamp: 20241108224119
Version:
  Major: 11
  Minor: 0
  Build: 1002
  SpecialBuildName: ""
  ptArchitecture: x86_64_linux
Results:
  Results Complete: true
  NumTestProcesses: 32
  CPU_INTEGER_MATH: 169999.20499999999
  CPU_FLOATINGPOINT_MATH: 146018.90469224317
  CPU_PRIME: 490.52873073661488
  CPU_SORTING: 94923.05693710671
  CPU_ENCRYPTION: 35596.791318735188
  CPU_COMPRESSION: 671319.75520814722
  CPU_SINGLETHREAD: 2775.2734802290697
  CPU_PHYSICS: 6679.4239464463117
  CPU_MATRIX_MULT_SSE: 58429.381369005867
  CPU_mm: 6381.1341006104631
  CPU_sse: 27877.588858995285
  CPU_fma: 78273.565517833267
  CPU_avx: 66776.132492862002
  CPU_avx512: 60790.238606332859
  m_CPU_enc_SHA: 49469044078.459122
  m_CPU_enc_AES: 31503364134.750736
  m_CPU_enc_ECDSA: 31005414948.292328
  ME_ALLOC_S: 22908.744333979615
  ME_READ_S: 26738.400390625
  ME_READ_L: 25358.287109375
  ME_WRITE: 17761.310546875
  ME_LARGE: 52040.583333333336
  ME_LATENCY: 92.26926282233201
  ME_THREADED: 134517.45947265625
  SUMM_CPU: 53519.711830237429
  SUMM_ME: 2385.7815505495273
SystemInformation:
  OSName: Ubuntu 24.04.1 LTS
  Kernel: 6.8.0-1016-aws
  Device: ""
  Processor: AMD EPYC 9R14
  NumSockets: 1
  Manufacturer: AuthenticAMD
  NumCores: 32
  NumLogicals: 32
  CPUFrequency: 0
  Memory: 62914
  MemModuleInfo:
    iNumMemSticks: 1
    DIMM 1:
      manufacturer: Not Specified
      modulePartNo: Not Specified
      memType: DDR5
      size: 64
      clkspeed: 2400
      moduleVoltage: 0
Checksum: B4D059F1892B1B447FD0DA30B21ABE81BB2C67E9