BaselineInfo:
  WebDBID: -1
  TimeStamp: 20241108164146
Version:
  Major: 11
  Minor: 0
  Build: 1002
  SpecialBuildName: ""
  ptArchitecture: aarch64_linux
Results:
  Results Complete: true
  NumTestProcesses: 32
  CPU_INTEGER_MATH: 126470.52499999999
  CPU_FLOATINGPOINT_MATH: 95975.155820053318
  CPU_PRIME: 165.97883595058326
  CPU_SORTING: 90156.975584245025
  CPU_ENCRYPTION: 4356.5442427672679
  CPU_COMPRESSION: 152587.61588063455
  CPU_SINGLETHREAD: 1109.875745115608
  CPU_PHYSICS: 2925.6934879191613
  CPU_MATRIX_MULT_SSE: 19925.036018127939
  CPU_mm: 3342.2004061650059
  CPU_sse: 16644.354122477707
  CPU_fma: 23205.717913778164
  CPU_avx: 0
  CPU_avx512: 0
  m_CPU_enc_SHA: 6481002905.2660246
  m_CPU_enc_AES: 3013666421.8161941
  m_CPU_enc_ECDSA: 4209833880.6295733
  ME_ALLOC_S: 19957.417098485537
  ME_READ_S: 9489.6014648437504
  ME_READ_L: 9169.208984375
  ME_WRITE: 12578.421875
  ME_LARGE: 243035.91666666666
  ME_LATENCY: 72.574300825547311
  ME_THREADED: 138269.43408203125
  SUMM_CPU: 17303.275112286763
  SUMM_ME: 1815.2962507115856
SystemInformation:
  OSName: Ubuntu 24.04.1 LTS
  Kernel: 6.8.0-1016-aws
  Device: ""
  Processor: ARM Neoverse-N1 32 Core 0 MHz
  NumSockets: 1
  Manufacturer: ARM
  NumCores: 32
  NumLogicals: 32
  CPUFrequency: 0
  Memory: 254675
Checksum: 0BD17CF3FFB7C0910404FCD8D86EB2FCD8BA4C1E