---
system-info:
      stress-ng-version: 0.17.08
      run-by: root
      date-yyyy-mm-dd: 2024:09:03
      time-hh-mm-ss: 09:48:42
      epoch-secs: 1725356922
      hostname: sc-runner
      sysname: Linux
      nodename: sc-runner
      release: 6.8.0-1013-azure
      version: '#15-Ubuntu SMP Thu Aug  8 18:40:40 UTC 2024'
      machine: x86_64
      compiler: 'musl-gcc 13.2.1'
      uptime: 355
      totalram: 16764661760
      freeram: 8228962304
      sharedram: 42086400
      bufferram: 211263488
      totalswap: 0
      freeswap: 0
      pagesize: 4096
      cpus: 8
      cpus-online: 8
      ticks-per-second: 100

metrics:
    - stressor: cpu
      bogo-ops: 164711
      bogo-ops-per-second-usr-sys-time: 1031.755456
      bogo-ops-per-second-real-time: 8235.516387
      wall-clock-time: 20.000082
      user-time: 159.616512
      system-time: 0.024999
      cpu-usage-per-instance: 99.775537
      max-rss: 976

...
