BaselineInfo:
  WebDBID: -1
  TimeStamp: 20260404181627
Version:
  Major: 11
  Minor: 0
  Build: 1004
  SpecialBuildName: ""
  ptArchitecture: x86_64_linux
Results:
  Results Complete: true
  NumTestProcesses: 16
  CPU_INTEGER_MATH: 67346.694999999992
  CPU_FLOATINGPOINT_MATH: 34447.413842949565
  CPU_PRIME: 132.00345395411333
  CPU_SORTING: 35009.283880930481
  CPU_ENCRYPTION: 14610.141963860457
  CPU_COMPRESSION: 246876.10942958781
  CPU_SINGLETHREAD: 2364.451570386731
  CPU_PHYSICS: 2247.0782468679645
  CPU_MATRIX_MULT_SSE: 14097.461487932256
  CPU_mm: 1451.9622600643067
  CPU_sse: 6384.1421683829822
  CPU_fma: 17506.148434540744
  CPU_avx: 12963.901085377211
  CPU_avx512: 19535.654263428085
  m_CPU_enc_SHA: 14769948998.08717
  m_CPU_enc_AES: 22223137973.341377
  m_CPU_enc_ECDSA: 8966445688.26227
  ME_ALLOC_S: 8004.2827245657118
  ME_READ_S: 24215.279296875
  ME_READ_L: 12122.76953125
  ME_WRITE: 11173.5537109375
  ME_LARGE: 49582.5
  ME_LATENCY: 53.914035156040235
  ME_THREADED: 76929.3173828125
  SUMM_CPU: 21105.841623630564
  SUMM_ME: 2651.5640667887401
SystemInformation:
  OSName: Ubuntu 24.04.4 LTS
  Kernel: 6.8.0-106-generic
  Device: ""
  Processor: Intel(R) Xeon(R) Platinum 8369B CPU @ 2.90GHz
  NumSockets: 1
  Manufacturer: GenuineIntel
  NumCores: 8
  NumLogicals: 16
  CPUFrequency: 0
  CPUMaxFrequency: 0
  Memory: 62874
  CPUInfo:
    number: 1
    Family: 6
    Model: 10
    stepping: 6
    features: 529267711
    manufacture: GenuineIntel
    typestring: Intel(R) Xeon(R) Platinum 8369B CPU @ 2.90GHz
    iCoresPerPackage: 8
    iThreadsPerPackage: 2
    featuresEx:
      - 529267711
      - 4277809667
      - 739248128
    bHybrid: false
    nPCore: 0
    nLogicalsPerPCore: 0
    nECore: 0
    nLogicalsPerECore: 0
  MemModuleInfo:
    iNumMemSticks: 4
    DIMM 1:
      manufacturer: Alibaba Cloud
      modulePartNo: Not Specified
      memType: RAM
      size: 16
      clkspeed: 0
      moduleVoltage: 0
    DIMM 2:
      manufacturer: Alibaba Cloud
      modulePartNo: Not Specified
      memType: RAM
      size: 16
      clkspeed: 0
      moduleVoltage: 0
    DIMM 3:
      manufacturer: Alibaba Cloud
      modulePartNo: Not Specified
      memType: RAM
      size: 16
      clkspeed: 0
      moduleVoltage: 0
    DIMM 4:
      manufacturer: Alibaba Cloud
      modulePartNo: Not Specified
      memType: RAM
      size: 16
      clkspeed: 0
      moduleVoltage: 0
Checksum: AB9BC4580A207F90D231E22F254F9AC671CB7F00