BaselineInfo:
  WebDBID: -1
  TimeStamp: 20250713152804
Version:
  Major: 11
  Minor: 0
  Build: 1002
  SpecialBuildName: ""
  ptArchitecture: aarch64_linux
Results:
  Results Complete: true
  NumTestProcesses: 32
  CPU_INTEGER_MATH: 167035.64133333336
  CPU_FLOATINGPOINT_MATH: 194040.23778454136
  CPU_PRIME: 428.36431670694174
  CPU_SORTING: 147836.14378432737
  CPU_ENCRYPTION: 6064.716994967328
  CPU_COMPRESSION: 212793.19357113729
  CPU_SINGLETHREAD: 1944.8685290248402
  CPU_PHYSICS: 9255.1829149107798
  CPU_MATRIX_MULT_SSE: 29432.976769399487
  CPU_mm: 3608.4110176538061
  CPU_sse: 23097.048810414941
  CPU_fma: 35768.904728384041
  CPU_avx: 0
  CPU_avx512: 0
  m_CPU_enc_SHA: 9588484754.0336304
  m_CPU_enc_AES: 3431363762.4328203
  m_CPU_enc_ECDSA: 6058101546.6781321
  ME_ALLOC_S: 47220.038478679198
  ME_READ_S: 20452.804296875001
  ME_READ_L: 20084.861328125
  ME_WRITE: 21298.341796875
  ME_LARGE: 51878.666666666664
  ME_LATENCY: 44.694283847831962
  ME_THREADED: 391612.44921875
  SUMM_CPU: 26406.253372937692
  SUMM_ME: 3366.1121558307659
SystemInformation:
  OSName: Ubuntu 24.04.2 LTS
  Kernel: 6.8.0-1030-aws
  Device: ""
  Processor: ARM Neoverse-V2 32 Core 0 MHz
  NumSockets: 1
  Manufacturer: ARM
  NumCores: 32
  NumLogicals: 32
  CPUFrequency: 0
  Memory: 63129
Checksum: ACF7A6B7BBDE06DEFDA7EE9920826BBDE7387F8D