---
system-info:
      stress-ng-version: 0.17.08
      run-by: root
      date-yyyy-mm-dd: 2024:06:09
      time-hh-mm-ss: 20:40:20
      epoch-secs: 1717965620
      hostname: 4c54c4ddb809
      sysname: Linux
      nodename: 4c54c4ddb809
      release: 6.8.0-1008-aws
      version: '#8-Ubuntu SMP Sat Apr 20 00:46:25 UTC 2024'
      machine: x86_64
      compiler: 'musl-gcc 13.2.1'
      uptime: 117
      totalram: 132212969472
      freeram: 127581577216
      sharedram: 37031936
      bufferram: 112168960
      totalswap: 0
      freeswap: 0
      pagesize: 4096
      cpus: 16
      cpus-online: 16
      ticks-per-second: 100

metrics:
    - stressor: cpu
      bogo-ops: 17817
      bogo-ops-per-second-usr-sys-time: 1781.656349
      bogo-ops-per-second-real-time: 1781.675787
      wall-clock-time: 10.000136
      user-time: 9.999245
      system-time: 0.001000
      cpu-usage-per-instance: 100.001091
      max-rss: 3920

...
