---
system-info:
      stress-ng-version: 0.17.08
      run-by: root
      date-yyyy-mm-dd: 2024:06:26
      time-hh-mm-ss: 14:51:17
      epoch-secs: 1719413477
      hostname: n4-highcpu-4-a6b00b3
      sysname: Linux
      nodename: n4-highcpu-4-a6b00b3
      release: 6.8.0-1008-gcp
      version: '#9-Ubuntu SMP Wed May 22 18:09:04 UTC 2024'
      machine: x86_64
      compiler: 'musl-gcc 13.2.1'
      uptime: 136
      totalram: 8323178496
      freeram: 3122995200
      sharedram: 274030592
      bufferram: 124547072
      totalswap: 0
      freeswap: 0
      pagesize: 4096
      cpus: 4
      cpus-online: 4
      ticks-per-second: 100

metrics:
    - stressor: cpu
      bogo-ops: 34034
      bogo-ops-per-second-usr-sys-time: 1701.709444
      bogo-ops-per-second-real-time: 1701.691176
      wall-clock-time: 20.000104
      user-time: 19.999889
      system-time: 0.000000
      cpu-usage-per-instance: 99.998926
      max-rss: 1104

...
