BaselineInfo:
  WebDBID: -1
  TimeStamp: 20260404232252
Version:
  Major: 11
  Minor: 0
  Build: 1004
  SpecialBuildName: ""
  ptArchitecture: x86_64_linux
Results:
  Results Complete: true
  NumTestProcesses: 32
  CPU_INTEGER_MATH: 78719.14366666667
  CPU_FLOATINGPOINT_MATH: 42283.815217814728
  CPU_PRIME: 104.85235185958803
  CPU_SORTING: 47340.490055992566
  CPU_ENCRYPTION: 10907.859942063713
  CPU_COMPRESSION: 359442.19438565837
  CPU_SINGLETHREAD: 1650.126529673649
  CPU_PHYSICS: 2230.6980987849829
  CPU_MATRIX_MULT_SSE: 24696.727776972384
  CPU_mm: 2387.2100795313931
  CPU_sse: 8643.2702525623699
  CPU_fma: 29278.719635476828
  CPU_avx: 20688.230894809247
  CPU_avx512: 40176.690325041105
  m_CPU_enc_SHA: 3556529429.4589853
  m_CPU_enc_AES: 27537748649.755928
  m_CPU_enc_ECDSA: 3218882360.6132836
  ME_ALLOC_S: 8587.9740031779547
  ME_READ_S: 19351.296093749999
  ME_READ_L: 6804.01953125
  ME_WRITE: 7233.70068359375
  ME_LARGE: 18317.916666666668
  ME_LATENCY: 74.760048663499973
  ME_THREADED: 95271.89404296875
  SUMM_CPU: 23037.681551418631
  SUMM_ME: 1838.8993827536788
SystemInformation:
  OSName: Ubuntu 24.04.4 LTS
  Kernel: 6.8.0-106-generic
  Device: ""
  Processor: Intel(R) Xeon(R) Platinum 8269CY CPU @ 2.50GHz
  NumSockets: 1
  Manufacturer: GenuineIntel
  NumCores: 16
  NumLogicals: 32
  CPUFrequency: 0
  CPUMaxFrequency: 0
  Memory: 31703
  CPUInfo:
    number: 1
    Family: 6
    Model: 5
    stepping: 7
    features: 529267711
    manufacture: GenuineIntel
    typestring: Intel(R) Xeon(R) Platinum 8269CY CPU @ 2.50GHz
    iCoresPerPackage: 16
    iThreadsPerPackage: 2
    featuresEx:
      - 529267711
      - 4277809667
      - 739248128
    bHybrid: false
    nPCore: 0
    nLogicalsPerPCore: 0
    nECore: 0
    nLogicalsPerECore: 0
  MemModuleInfo:
    iNumMemSticks: 2
    DIMM 1:
      manufacturer: Alibaba Cloud
      modulePartNo: Not Specified
      memType: RAM
      size: 16
      clkspeed: 0
      moduleVoltage: 0
    DIMM 2:
      manufacturer: Alibaba Cloud
      modulePartNo: Not Specified
      memType: RAM
      size: 16
      clkspeed: 0
      moduleVoltage: 0
Checksum: ABBEAD48072397F991F667B591787F2D053B8DD0