BaselineInfo:
  WebDBID: -1
  TimeStamp: 20241108062418
Version:
  Major: 11
  Minor: 0
  Build: 1002
  SpecialBuildName: ""
  ptArchitecture: x86_64_linux
Results:
  Results Complete: true
  NumTestProcesses: 8
  CPU_INTEGER_MATH: 33557.227000000006
  CPU_FLOATINGPOINT_MATH: 17200.215105328243
  CPU_PRIME: 75.135803232022397
  CPU_SORTING: 17540.438027065749
  CPU_ENCRYPTION: 7322.7706101298591
  CPU_COMPRESSION: 125060.95213642094
  CPU_SINGLETHREAD: 2431.8284486715847
  CPU_PHYSICS: 1353.421607262248
  CPU_MATRIX_MULT_SSE: 7135.7704063094898
  CPU_mm: 724.14213830249025
  CPU_sse: 3161.3451984623725
  CPU_fma: 8761.2271540543625
  CPU_avx: 6472.5385079277339
  CPU_avx512: 10147.970764793488
  m_CPU_enc_SHA: 7373898827.1260157
  m_CPU_enc_AES: 11104700598.273932
  m_CPU_enc_ECDSA: 4556845120.462635
  ME_ALLOC_S: 4000.3852051944896
  ME_READ_S: 24085.080078125
  ME_READ_L: 11179.580078125
  ME_WRITE: 9408.166015625
  ME_LARGE: 54243.166666666664
  ME_LATENCY: 54.728593335125062
  ME_THREADED: 53091.57568359375
  SUMM_CPU: 11432.182212999358
  SUMM_ME: 2454.3263843161976
SystemInformation:
  OSName: Ubuntu 24.04.1 LTS
  Kernel: 6.8.0-1017-azure
  Device: ""
  Processor: Intel Xeon Platinum 8370C CPU @ 2.80GHz
  NumSockets: 1
  Manufacturer: GenuineIntel
  NumCores: 4
  NumLogicals: 8
  CPUFrequency: 2800
  Memory: 64298
  MemModuleInfo:
    iNumMemSticks: 3
    DIMM 1:
      manufacturer: Microsoft Corporation
      modulePartNo: None
      memType: Unknown
      size: 1
      clkspeed: 0
      moduleVoltage: 0
    DIMM 2:
      manufacturer: Microsoft Corporation
      modulePartNo: None
      memType: Unknown
      size: 60928
      clkspeed: 0
      moduleVoltage: 0
    DIMM 3:
      manufacturer: Microsoft Corporation
      modulePartNo: None
      memType: Unknown
      size: 3584
      clkspeed: 0
      moduleVoltage: 0
Checksum: 11A833383AF7184F0747AD688EFDAFDA98DDB360