"size","threads","connections","rps","latency","failed","server_usr","server_sys","client_usr","client_sys"
"1k",48,48,1290846,0.000035240,0,72.91,163.82,53.34,191.32
"1k",48,96,1338963,0.000087780,0,69.42,167.05,50.10,188.88
"1k",48,192,1287471,0.000133950,0,65.17,170.05,44.16,189.02
"1k",48,384,1354889,0.000295390,0,64.29,175.86,43.61,193.62
"1k",48,768,1451861,0.000789490,0,64.41,177.43,44.27,196.06
"1k",48,1536,1475585,0.001010000,0,65.39,179.28,43.88,196.00
"1k",96,96,1348078,0.000069280,0,66.11,162.42,55.59,200.43
"1k",96,192,1412579,0.000132620,0,64.05,162.91,53.14,199.88
"1k",96,384,1238402,0.000352320,0,52.90,172.92,47.55,203.70
"1k",96,768,1283145,0.000890000,0,51.34,177.77,46.97,208.10
"1k",96,1536,1310899,0.001290000,0,52.89,178.16,47.84,205.81
"1k",192,192,1408480,0.000135050,0,63.53,156.41,58.87,208.89
"1k",192,384,1159490,0.000458400,0,45.98,175.09,48.82,214.84
"1k",192,768,1176044,0.000734960,0,45.55,174.31,53.40,212.55
"1k",192,1536,1180391,0.001340000,0,45.68,177.43,53.32,214.54
"16k",48,48,1069962,0.000042510,0,70.07,149.07,64.82,199.56
"16k",48,96,1054232,0.000221820,0,63.29,148.35,58.13,193.16
"16k",48,192,927523,0.000186060,0,55.10,181.43,48.29,185.70
"16k",48,384,925759,0.000408610,0,51.49,198.71,46.11,183.38
"16k",48,768,962664,0.000960000,0,50.98,202.96,46.16,184.14
"16k",48,1536,1008397,0.001380000,0,57.31,184.13,47.14,196.91
"16k",96,96,1080215,0.000087370,0,63.52,150.96,64.54,206.42
"16k",96,192,1087767,0.000169760,0,58.38,157.62,61.32,203.27
"16k",96,384,908060,0.000464910,0,45.49,187.07,51.95,196.48
"16k",96,768,895609,0.001040000,0,41.33,196.51,50.46,197.02
"16k",96,1536,929237,0.001740000,0,46.25,191.61,50.54,202.95
"16k",192,192,1121526,0.000170970,0,58.22,147.78,68.41,214.25
"16k",192,384,879151,0.000530670,0,40.93,186.10,54.20,205.67
"16k",192,768,893010,0.000920000,0,41.06,181.12,58.79,206.12
"16k",192,1536,872724,0.001800000,0,42.49,184.98,55.30,208.58
"64k",48,48,564603,0.000082630,0,53.61,161.60,66.38,202.84
"64k",48,96,579063,0.000146160,0,48.61,158.80,64.09,205.24
"64k",48,192,447928,0.000401680,0,37.91,216.41,48.71,171.19
"64k",48,384,412571,0.000920000,0,33.67,242.34,43.71,161.88
"64k",48,768,437189,0.001750000,0,39.60,229.13,44.70,172.41
"64k",48,1536,432332,0.003300000,0,46.92,218.83,43.90,177.04
"64k",96,96,606020,0.000156760,0,53.45,142.40,70.14,219.83
"64k",96,192,557132,0.000338230,0,41.61,176.43,62.86,201.35
"64k",96,384,412279,0.001080000,0,25.99,232.02,48.95,178.32
"64k",96,768,428093,0.001790000,0,32.90,221.98,51.12,179.69
"64k",96,1536,414408,0.003640000,0,42.24,218.90,48.00,182.71
"64k",192,192,613033,0.000313620,0,47.42,143.61,72.29,224.70
"64k",192,384,462583,0.000870000,0,30.23,205.40,58.48,192.45
"64k",192,768,453132,0.001710000,0,33.05,205.21,58.50,192.79
"64k",192,1536,422938,0.003620000,0,39.08,208.61,54.84,188.93
"256k",48,48,234374,0.000210790,0,40.70,149.26,80.86,213.57
"256k",48,96,167139,0.000561640,0,32.91,229.82,56.18,156.05
"256k",48,192,133778,0.001390000,0,35.73,256.44,44.55,140.51
"256k",48,384,131008,0.002760000,0,40.39,252.85,41.48,147.64
"256k",48,768,132749,0.005340000,0,49.75,239.93,41.72,156.58
"256k",96,96,178601,0.000552110,0,26.00,230.48,63.20,166.27
"256k",96,192,161744,0.001220000,0,29.07,234.97,56.43,163.92
"256k",96,384,142091,0.002670000,0,34.86,240.51,49.61,160.58
"256k",96,768,142219,0.005270000,0,46.22,226.64,48.25,166.21
"256k",192,192,184115,0.001070000,0,29.14,209.75,66.48,183.24
"256k",192,384,160451,0.002410000,0,35.81,218.84,58.72,175.24
"256k",192,768,155244,0.004940000,0,44.92,214.06,55.94,175.27
"512k",48,48,87294,0.000574270,0,20.33,241.76,57.42,164.97
"512k",48,96,78862,0.001180000,0,30.98,252.36,50.58,143.71
"512k",48,192,69018,0.002610000,0,37.01,258.74,42.21,141.48
"512k",48,384,69304,0.005080000,0,42.03,250.02,41.85,149.44
"512k",48,768,69241,0.009870000,0,43.64,244.38,41.54,158.84
"512k",96,96,85308,0.001140000,0,20.53,249.40,56.85,158.81
"512k",96,192,78245,0.002410000,0,29.65,246.59,51.93,156.70
"512k",96,384,73584,0.005070000,0,37.91,237.74,47.38,163.49
"512k",96,768,73553,0.010240000,0,42.05,231.52,47.85,166.14
"512k",192,192,80859,0.002380000,0,27.50,233.06,56.39,171.17
"512k",192,384,79081,0.004830000,0,37.64,223.46,53.88,174.77
"512k",192,768,77884,0.009820000,0,41.31,221.92,53.24,175.92
