---
system-info:
      stress-ng-version: 0.17.08
      run-by: root
      date-yyyy-mm-dd: 2024:09:20
      time-hh-mm-ss: 00:53:00
      epoch-secs: 1726793580
      hostname: sc-runner
      sysname: Linux
      nodename: sc-runner
      release: 6.8.0-1014-azure
      version: '#16-Ubuntu SMP Thu Aug 15 20:04:41 UTC 2024'
      machine: x86_64
      compiler: 'musl-gcc 13.2.1'
      uptime: 393
      totalram: 8323641344
      freeram: 317677568
      sharedram: 38100992
      bufferram: 233275392
      totalswap: 0
      freeswap: 0
      pagesize: 4096
      cpus: 2
      cpus-online: 2
      ticks-per-second: 100

metrics:
    - stressor: cpu
      bogo-ops: 53992
      bogo-ops-per-second-usr-sys-time: 1362.867721
      bogo-ops-per-second-real-time: 2699.589589
      wall-clock-time: 20.000077
      user-time: 39.602495
      system-time: 0.013969
      cpu-usage-per-instance: 99.040778
      max-rss: 3124

...
