BaselineInfo:
  WebDBID: -1
  TimeStamp: 20251219061528
Version:
  Major: 11
  Minor: 0
  Build: 1002
  SpecialBuildName: ""
  ptArchitecture: x86_64_linux
Results:
  Results Complete: true
  NumTestProcesses: 8
  CPU_INTEGER_MATH: 27935.683666666668
  CPU_FLOATINGPOINT_MATH: 19784.135402080974
  CPU_PRIME: 85.498385430955864
  CPU_SORTING: 17321.331131150466
  CPU_ENCRYPTION: 3604.2792724937508
  CPU_COMPRESSION: 140016.60545708
  CPU_SINGLETHREAD: 1790.128157206892
  CPU_PHYSICS: 1233.2188985677396
  CPU_MATRIX_MULT_SSE: 9471.4847716756685
  CPU_mm: 1215.7067731446807
  CPU_sse: 4354.2837548954112
  CPU_fma: 15080.842341851108
  CPU_avx: 10164.377278552693
  CPU_avx512: 8286.4357114034628
  m_CPU_enc_SHA: 1975021181.2185082
  m_CPU_enc_AES: 7630508426.9210672
  m_CPU_enc_ECDSA: 1732552619.1636448
  ME_ALLOC_S: 4540.4655406054544
  ME_READ_S: 21919.288671875001
  ME_READ_L: 10551.009765625
  ME_WRITE: 10215.0615234375
  ME_LARGE: 27829.083333333332
  ME_LATENCY: 50.615626307633669
  ME_THREADED: 61488.29443359375
  SUMM_CPU: 10367.174330327549
  SUMM_ME: 2474.8756706792192
SystemInformation:
  OSName: Ubuntu 24.04.2 LTS
  Kernel: 6.8.0-86-generic
  Device: ""
  Processor: Intel Xeon Silver 4214 CPU @ 2.20GHz
  NumSockets: 8
  Manufacturer: GenuineIntel
  NumCores: 8
  NumLogicals: 8
  CPUFrequency: 0
  Memory: 44087
  MemModuleInfo:
    iNumMemSticks: 1
    DIMM 1:
      manufacturer: QEMU
      modulePartNo: Not Specified
      memType: RAM
      size: 45000
      clkspeed: 0
      moduleVoltage: 0
Checksum: 89EB82DB5517ECD99775A0B65C15166A2DE9A7B4