---
system-info:
      stress-ng-version: 0.17.08
      run-by: root
      date-yyyy-mm-dd: 2024:09:16
      time-hh-mm-ss: 08:39:30
      epoch-secs: 1726475970
      hostname: sc-runner
      sysname: Linux
      nodename: sc-runner
      release: 6.8.0-1014-azure
      version: '#16-Ubuntu SMP Thu Aug 15 20:04:41 UTC 2024'
      machine: x86_64
      compiler: 'musl-gcc 13.2.1'
      uptime: 316
      totalram: 33652326400
      freeram: 23588950016
      sharedram: 42041344
      bufferram: 223645696
      totalswap: 0
      freeswap: 0
      pagesize: 4096
      cpus: 4
      cpus-online: 4
      ticks-per-second: 100

metrics:
    - stressor: cpu
      bogo-ops: 73745
      bogo-ops-per-second-usr-sys-time: 928.532487
      bogo-ops-per-second-real-time: 3687.228978
      wall-clock-time: 20.000114
      user-time: 79.403042
      system-time: 0.017981
      cpu-usage-per-instance: 99.275713
      max-rss: 3152

...
