---
system-info:
      stress-ng-version: 0.17.08
      run-by: root
      date-yyyy-mm-dd: 2024:06:10
      time-hh-mm-ss: 04:57:47
      epoch-secs: 1717995467
      hostname: 6a7896fa609a
      sysname: Linux
      nodename: 6a7896fa609a
      release: 6.8.0-1008-aws
      version: '#8-Ubuntu SMP Sat Apr 20 00:46:25 UTC 2024'
      machine: x86_64
      compiler: 'musl-gcc 13.2.1'
      uptime: 239
      totalram: 439291904
      freeram: 22347776
      sharedram: 11616256
      bufferram: 1024000
      totalswap: 0
      freeswap: 0
      pagesize: 4096
      cpus: 2
      cpus-online: 2
      ticks-per-second: 100

metrics:
    - stressor: cpu
      bogo-ops: 9596
      bogo-ops-per-second-usr-sys-time: 960.804272
      bogo-ops-per-second-real-time: 959.242700
      wall-clock-time: 10.003725
      user-time: 9.985428
      system-time: 0.002038
      cpu-usage-per-instance: 99.837472
      max-rss: 3536

...
