---
system-info:
      stress-ng-version: 0.17.08
      run-by: root
      date-yyyy-mm-dd: 2024:06:16
      time-hh-mm-ss: 07:22:47
      epoch-secs: 1718522567
      hostname: 8aeb2b9dc93b
      sysname: Linux
      nodename: 8aeb2b9dc93b
      release: 6.8.0-1008-aws
      version: '#8-Ubuntu SMP Sat Apr 20 00:46:25 UTC 2024'
      machine: x86_64
      compiler: 'musl-gcc 13.2.1'
      uptime: 240
      totalram: 439291904
      freeram: 11870208
      sharedram: 11616256
      bufferram: 1613824
      totalswap: 0
      freeswap: 0
      pagesize: 4096
      cpus: 2
      cpus-online: 2
      ticks-per-second: 100

metrics:
    - stressor: cpu
      bogo-ops: 11467
      bogo-ops-per-second-usr-sys-time: 573.446884
      bogo-ops-per-second-real-time: 573.341231
      wall-clock-time: 20.000306
      user-time: 19.995659
      system-time: 0.000962
      cpu-usage-per-instance: 99.981576
      max-rss: 976

...
