BaselineInfo:
  WebDBID: -1
  TimeStamp: 20260621121309
Version:
  Major: 11
  Minor: 0
  Build: 1004
  SpecialBuildName: ""
  ptArchitecture: x86_64_linux
Results:
  Results Complete: true
  NumTestProcesses: 128
  CPU_INTEGER_MATH: 793156.40700000024
  CPU_FLOATINGPOINT_MATH: 467752.35192019574
  CPU_PRIME: 1066.8959727112531
  CPU_SORTING: 317734.87647671619
  CPU_ENCRYPTION: 150081.98908822116
  CPU_COMPRESSION: 2523926.0030400236
  CPU_SINGLETHREAD: 3788.7214458167459
  CPU_PHYSICS: 19811.053408970012
  CPU_MATRIX_MULT_SSE: 175997.97930404556
  CPU_mm: 18161.269505221324
  CPU_sse: 68528.749695840292
  CPU_fma: 190740.64843892437
  CPU_avx: 185332.87440601789
  CPU_avx512: 259389.64467539982
  m_CPU_enc_SHA: 193206656590.70172
  m_CPU_enc_AES: 154708976632.92261
  m_CPU_enc_ECDSA: 124201482146.88727
  ME_ALLOC_S: 39964.322836223044
  ME_READ_S: 34161.695703124999
  ME_READ_L: 30551.912109375
  ME_WRITE: 30649.6953125
  ME_LARGE: 245850.33333333334
  ME_LATENCY: 78.964849161057515
  ME_THREADED: 443389.998046875
  SUMM_CPU: 134326.25317263813
  SUMM_ME: 2979.5466892454724
SystemInformation:
  OSName: Ubuntu 24.04.4 LTS
  Kernel: 6.17.0-1018-azure
  Device: ""
  Processor: "AMD EPYC 9V45 96-Core Processor                "
  NumSockets: 1
  Manufacturer: AuthenticAMD
  NumCores: 64
  NumLogicals: 128
  CPUFrequency: 0
  CPUMaxFrequency: 0
  Memory: 257888
  CPUInfo:
    number: 1
    Family: 15
    Model: 2
    stepping: 1
    features: 395049983
    manufacture: AuthenticAMD
    typestring: "AMD EPYC 9V45 96-Core Processor                "
    iCoresPerPackage: 64
    iThreadsPerPackage: 2
    featuresEx:
      - 395049983
      - 4277809667
      - 802421759
    bHybrid: false
    nPCore: 0
    nLogicalsPerPCore: 0
    nECore: 0
    nLogicalsPerECore: 0
  MemModuleInfo:
    iNumMemSticks: 4
    DIMM 1:
      manufacturer: Microsoft Corporation
      modulePartNo: None
      memType: Unknown
      size: 1
      clkspeed: 0
      moduleVoltage: 0
    DIMM 2:
      manufacturer: Microsoft Corporation
      modulePartNo: None
      memType: Unknown
      size: 59
      clkspeed: 0
      moduleVoltage: 0
    DIMM 3:
      manufacturer: Microsoft Corporation
      modulePartNo: None
      memType: Unknown
      size: 68
      clkspeed: 0
      moduleVoltage: 0
    DIMM 4:
      manufacturer: Microsoft Corporation
      modulePartNo: None
      memType: Unknown
      size: 128
      clkspeed: 0
      moduleVoltage: 0
Checksum: 6373B1967209079C4807AC41DFA4D8F7A7FF0B2F