BaselineInfo:
  WebDBID: -1
  TimeStamp: 20260621135328
Version:
  Major: 11
  Minor: 0
  Build: 1004
  SpecialBuildName: ""
  ptArchitecture: x86_64_linux
Results:
  Results Complete: true
  NumTestProcesses: 80
  CPU_INTEGER_MATH: 589616.51799999969
  CPU_FLOATINGPOINT_MATH: 546711.6278605297
  CPU_PRIME: 1788.569316854145
  CPU_SORTING: 281949.75272800651
  CPU_ENCRYPTION: 117725.96428826793
  CPU_COMPRESSION: 2150644.5934559787
  CPU_SINGLETHREAD: 3805.0288080697405
  CPU_PHYSICS: 24701.993498945798
  CPU_MATRIX_MULT_SSE: 174294.61608621303
  CPU_mm: 20833.960562178876
  CPU_sse: 66703.225329233668
  CPU_fma: 226293.91083532601
  CPU_avx: 139679.56240153278
  CPU_avx512: 264501.76577875897
  m_CPU_enc_SHA: 165704402500.13818
  m_CPU_enc_AES: 104695855633.65439
  m_CPU_enc_ECDSA: 99933604054.812134
  ME_ALLOC_S: 41964.76201152819
  ME_READ_S: 34133.889062499999
  ME_READ_L: 31174.33203125
  ME_WRITE: 30583.5859375
  ME_LARGE: 311532.33333333331
  ME_LATENCY: 79.484312698777558
  ME_THREADED: 530615.97900390625
  SUMM_CPU: 128668.07919006937
  SUMM_ME: 2976.8634858132573
SystemInformation:
  OSName: Ubuntu 24.04.4 LTS
  Kernel: 6.17.0-1018-azure
  Device: ""
  Processor: "AMD EPYC 9V45 96-Core Processor                "
  NumSockets: 1
  Manufacturer: AuthenticAMD
  NumCores: 80
  NumLogicals: 80
  CPUFrequency: 0
  CPUMaxFrequency: 0
  Memory: 322415
  CPUInfo:
    number: 1
    Family: 15
    Model: 2
    stepping: 1
    features: 395049983
    manufacture: AuthenticAMD
    typestring: "AMD EPYC 9V45 96-Core Processor                "
    iCoresPerPackage: 128
    iThreadsPerPackage: 1
    featuresEx:
      - 395049983
      - 4277809667
      - 802421759
    bHybrid: false
    nPCore: 0
    nLogicalsPerPCore: 0
    nECore: 0
    nLogicalsPerECore: 0
  MemModuleInfo:
    iNumMemSticks: 4
    DIMM 1:
      manufacturer: Microsoft Corporation
      modulePartNo: None
      memType: Unknown
      size: 1
      clkspeed: 0
      moduleVoltage: 0
    DIMM 2:
      manufacturer: Microsoft Corporation
      modulePartNo: None
      memType: Unknown
      size: 59
      clkspeed: 0
      moduleVoltage: 0
    DIMM 3:
      manufacturer: Microsoft Corporation
      modulePartNo: None
      memType: Unknown
      size: 100
      clkspeed: 0
      moduleVoltage: 0
    DIMM 4:
      manufacturer: Microsoft Corporation
      modulePartNo: None
      memType: Unknown
      size: 160
      clkspeed: 0
      moduleVoltage: 0
Checksum: 9487FD1D7A610DFFE0EFCD0099288CBFD57D84D7