---
system-info:
      stress-ng-version: 0.17.08
      run-by: root
      date-yyyy-mm-dd: 2024:06:08
      time-hh-mm-ss: 11:55:19
      epoch-secs: 1717847719
      hostname: 58a41cb07e4b
      sysname: Linux
      nodename: 58a41cb07e4b
      release: 6.8.0-1008-aws
      version: '#8-Ubuntu SMP Sat Apr 20 00:46:25 UTC 2024'
      machine: x86_64
      compiler: 'musl-gcc 13.2.1'
      uptime: 149
      totalram: 33089794048
      freeram: 28688482304
      sharedram: 11685888
      bufferram: 101015552
      totalswap: 0
      freeswap: 0
      pagesize: 4096
      cpus: 8
      cpus-online: 8
      ticks-per-second: 100

metrics:
    - stressor: cpu
      bogo-ops: 62765
      bogo-ops-per-second-usr-sys-time: 787.700581
      bogo-ops-per-second-real-time: 6275.208394
      wall-clock-time: 10.002058
      user-time: 79.659307
      system-time: 0.021985
      cpu-usage-per-instance: 99.581119
      max-rss: 3920

...
