---
system-info:
      stress-ng-version: 0.17.08
      run-by: root
      date-yyyy-mm-dd: 2024:06:14
      time-hh-mm-ss: 18:43:49
      epoch-secs: 1718390629
      hostname: 9a19aa36acde
      sysname: Linux
      nodename: 9a19aa36acde
      release: 6.8.0-1008-aws
      version: '#8-Ubuntu SMP Sat Apr 20 00:46:25 UTC 2024'
      machine: x86_64
      compiler: 'musl-gcc 13.2.1'
      uptime: 160
      totalram: 33089794048
      freeram: 28721803264
      sharedram: 11685888
      bufferram: 108302336
      totalswap: 0
      freeswap: 0
      pagesize: 4096
      cpus: 8
      cpus-online: 8
      ticks-per-second: 100

metrics:
    - stressor: cpu
      bogo-ops: 47239
      bogo-ops-per-second-usr-sys-time: 296.342585
      bogo-ops-per-second-real-time: 2361.931199
      wall-clock-time: 20.000159
      user-time: 159.364756
      system-time: 0.041966
      cpu-usage-per-instance: 99.628408
      max-rss: 1160

...
