---
system-info:
      stress-ng-version: 0.17.08
      run-by: root
      date-yyyy-mm-dd: 2024:09:12
      time-hh-mm-ss: 02:14:50
      epoch-secs: 1726107290
      hostname: ip-172-31-9-149
      sysname: Linux
      nodename: ip-172-31-9-149
      release: 6.8.0-1014-aws
      version: '#15-Ubuntu SMP Thu Aug  8 19:13:06 UTC 2024'
      machine: x86_64
      compiler: 'musl-gcc 13.2.1'
      uptime: 281
      totalram: 1073262604288
      freeram: 1064167178240
      sharedram: 60121088
      bufferram: 222748672
      totalswap: 0
      freeswap: 0
      pagesize: 4096
      cpus: 64
      cpus-online: 64
      ticks-per-second: 100

metrics:
    - stressor: cpu
      bogo-ops: 37881
      bogo-ops-per-second-usr-sys-time: 1894.011267
      bogo-ops-per-second-real-time: 1894.051468
      wall-clock-time: 19.999985
      user-time: 20.000409
      system-time: 0.000000
      cpu-usage-per-instance: 100.002122
      max-rss: 512

...
