BaselineInfo:
  WebDBID: -1
  TimeStamp: 20241107175433
Version:
  Major: 11
  Minor: 0
  Build: 1002
  SpecialBuildName: ""
  ptArchitecture: x86_64_linux
Results:
  Results Complete: true
  NumTestProcesses: 4
  CPU_INTEGER_MATH: 24106.819333333333
  CPU_FLOATINGPOINT_MATH: 21287.742498591033
  CPU_PRIME: 78.06660040931483
  CPU_SORTING: 14986.858715483011
  CPU_ENCRYPTION: 5215.5863571214986
  CPU_COMPRESSION: 104266.16765757979
  CPU_SINGLETHREAD: 2892.8536965145245
  CPU_PHYSICS: 1338.4363917719566
  CPU_MATRIX_MULT_SSE: 9645.8589624382512
  CPU_mm: 1041.991244045764
  CPU_sse: 4545.0503959602647
  CPU_fma: 13646.24393895114
  CPU_avx: 11701.93347240307
  CPU_avx512: 8690.2080424385294
  m_CPU_enc_SHA: 7217084785.3391666
  m_CPU_enc_AES: 4576612310.9508324
  m_CPU_enc_ECDSA: 4613118943.7250996
  ME_ALLOC_S: 3611.6030793024665
  ME_READ_S: 27855.267578125
  ME_READ_L: 27031.755859375
  ME_WRITE: 25871.34765625
  ME_LARGE: 21358
  ME_LATENCY: 80.381204471743033
  ME_THREADED: 35349.3037109375
  SUMM_CPU: 10555.374050352249
  SUMM_ME: 2402.5910001761977
SystemInformation:
  OSName: Ubuntu 24.04.1 LTS
  Kernel: 6.8.0-1016-aws
  Device: ""
  Processor: AMD EPYC 9R14
  NumSockets: 1
  Manufacturer: AuthenticAMD
  NumCores: 4
  NumLogicals: 4
  CPUFrequency: 0
  Memory: 31388
  MemModuleInfo:
    iNumMemSticks: 1
    DIMM 1:
      manufacturer: Not Specified
      modulePartNo: Not Specified
      memType: DDR5
      size: 32
      clkspeed: 2400
      moduleVoltage: 0
Checksum: 7A1DEE260820CA216DC4411AEFAB189999E84AF6