BaselineInfo:
  WebDBID: -1
  TimeStamp: 20241110142657
Version:
  Major: 11
  Minor: 0
  Build: 1002
  SpecialBuildName: ""
  ptArchitecture: x86_64_linux
Results:
  Results Complete: true
  NumTestProcesses: 96
  CPU_INTEGER_MATH: 402569.40833333333
  CPU_FLOATINGPOINT_MATH: 205770.37345863509
  CPU_PRIME: 465.37058750973
  CPU_SORTING: 199821.57953815948
  CPU_ENCRYPTION: 87282.301097254778
  CPU_COMPRESSION: 1458501.2649944907
  CPU_SINGLETHREAD: 2369.9851235463457
  CPU_PHYSICS: 8010.3640915034111
  CPU_MATRIX_MULT_SSE: 86399.278409658335
  CPU_mm: 8672.981876044576
  CPU_sse: 37391.582381838409
  CPU_fma: 102915.65462928177
  CPU_avx: 77326.355521895166
  CPU_avx512: 127963.52110561809
  m_CPU_enc_SHA: 88209039037.633789
  m_CPU_enc_AES: 132716361677.80063
  m_CPU_enc_ECDSA: 53640977750.630623
  ME_ALLOC_S: 29759.616536483354
  ME_READ_S: 23280.845312500001
  ME_READ_L: 11314.107421875
  ME_WRITE: 10267.7138671875
  ME_LARGE: 748090.83333333337
  ME_LATENCY: 59.495205878803823
  ME_THREADED: 220528.11755371094
  SUMM_CPU: 75961.978021731309
  SUMM_ME: 2599.6430023518847
SystemInformation:
  OSName: Ubuntu 24.04.1 LTS
  Kernel: 6.8.0-1016-aws
  Device: ""
  Processor: Intel Xeon Platinum 8375C CPU @ 2.90GHz
  NumSockets: 2
  Manufacturer: GenuineIntel
  NumCores: 48
  NumLogicals: 96
  CPUFrequency: 0
  Memory: 761833
  MemModuleInfo:
    iNumMemSticks: 2
    DIMM 1:
      manufacturer: Not Specified
      modulePartNo: Not Specified
      memType: DDR4
      size: 384
      clkspeed: 1600
      moduleVoltage: 0
    DIMM 2:
      manufacturer: Not Specified
      modulePartNo: Not Specified
      memType: DDR4
      size: 384
      clkspeed: 1600
      moduleVoltage: 0
Checksum: D11B367AEEC54BBB7072DE418957229D1DBBA02D