---
system-info:
      stress-ng-version: 0.17.08
      run-by: root
      date-yyyy-mm-dd: 2024:06:21
      time-hh-mm-ss: 07:36:26
      epoch-secs: 1718955386
      hostname: e22d544bc48a
      sysname: Linux
      nodename: e22d544bc48a
      release: 6.8.0-1008-gcp
      version: '#9-Ubuntu SMP Wed May 22 18:09:04 UTC 2024'
      machine: x86_64
      compiler: 'musl-gcc 13.2.1'
      uptime: 144
      totalram: 67424706560
      freeram: 62262951936
      sharedram: 35024896
      bufferram: 133697536
      totalswap: 0
      freeswap: 0
      pagesize: 4096
      cpus: 8
      cpus-online: 8
      ticks-per-second: 100

metrics:
    - stressor: cpu
      bogo-ops: 215882
      bogo-ops-per-second-usr-sys-time: 1353.136903
      bogo-ops-per-second-real-time: 10794.066110
      wall-clock-time: 20.000063
      user-time: 159.512890
      system-time: 0.028986
      cpu-usage-per-instance: 99.713359
      max-rss: 1104

...
