---
system-info:
      stress-ng-version: 0.17.08
      run-by: root
      date-yyyy-mm-dd: 2024:06:15
      time-hh-mm-ss: 22:42:03
      epoch-secs: 1718491323
      hostname: c416c9212db7
      sysname: Linux
      nodename: c416c9212db7
      release: 6.8.0-1008-aws
      version: '#8-Ubuntu SMP Sat Apr 20 00:46:25 UTC 2024'
      machine: x86_64
      compiler: 'musl-gcc 13.2.1'
      uptime: 139
      totalram: 397046263808
      freeram: 392336547840
      sharedram: 37171200
      bufferram: 110288896
      totalswap: 0
      freeswap: 0
      pagesize: 4096
      cpus: 48
      cpus-online: 48
      ticks-per-second: 100

metrics:
    - stressor: cpu
      bogo-ops: 61534
      bogo-ops-per-second-usr-sys-time: 3076.751689
      bogo-ops-per-second-real-time: 3076.693582
      wall-clock-time: 20.000042
      user-time: 19.999664
      system-time: 0.000000
      cpu-usage-per-instance: 99.998111
      max-rss: 768

...
