---
system-info:
      stress-ng-version: 0.17.08
      run-by: root
      date-yyyy-mm-dd: 2024:06:09
      time-hh-mm-ss: 19:55:08
      epoch-secs: 1717962908
      hostname: 35a66264d37f
      sysname: Linux
      nodename: 35a66264d37f
      release: 6.8.0-1008-aws
      version: '#8-Ubuntu SMP Sat Apr 20 00:46:25 UTC 2024'
      machine: x86_64
      compiler: 'musl-gcc 13.2.1'
      uptime: 117
      totalram: 397046263808
      freeram: 392108814336
      sharedram: 37179392
      bufferram: 111841280
      totalswap: 0
      freeswap: 0
      pagesize: 4096
      cpus: 48
      cpus-online: 48
      ticks-per-second: 100

metrics:
    - stressor: cpu
      bogo-ops: 17871
      bogo-ops-per-second-usr-sys-time: 1786.544206
      bogo-ops-per-second-real-time: 1786.540054
      wall-clock-time: 10.003134
      user-time: 10.000112
      system-time: 0.002999
      cpu-usage-per-instance: 99.999768
      max-rss: 3840

...
