---
system-info:
      stress-ng-version: 0.17.08
      run-by: root
      date-yyyy-mm-dd: 2024:06:13
      time-hh-mm-ss: 14:21:20
      epoch-secs: 1718288480
      hostname: 0fa0d86ae030
      sysname: Linux
      nodename: 0fa0d86ae030
      release: 6.8.0-1008-aws
      version: '#8-Ubuntu SMP Sat Apr 20 00:46:25 UTC 2024'
      machine: x86_64
      compiler: 'musl-gcc 13.2.1'
      uptime: 162
      totalram: 532474396672
      freeram: 526654357504
      sharedram: 117018624
      bufferram: 107163648
      totalswap: 0
      freeswap: 0
      pagesize: 4096
      cpus: 128
      cpus-online: 128
      ticks-per-second: 100

metrics:
    - stressor: cpu
      bogo-ops: 37833
      bogo-ops-per-second-usr-sys-time: 1891.654729
      bogo-ops-per-second-real-time: 1891.644227
      wall-clock-time: 20.000061
      user-time: 19.999950
      system-time: 0.000000
      cpu-usage-per-instance: 99.999445
      max-rss: 0

...
