---
system-info:
      stress-ng-version: 0.17.08
      run-by: root
      date-yyyy-mm-dd: 2024:06:07
      time-hh-mm-ss: 23:40:45
      epoch-secs: 1717803645
      hostname: 61a6051f1f19
      sysname: Linux
      nodename: 61a6051f1f19
      release: 6.8.0-1008-aws
      version: '#8-Ubuntu SMP Sat Apr 20 00:46:25 UTC 2024'
      machine: x86_64
      compiler: 'musl-gcc 13.2.1'
      uptime: 152
      totalram: 532474421248
      freeram: 526933151744
      sharedram: 117018624
      bufferram: 95367168
      totalswap: 0
      freeswap: 0
      pagesize: 4096
      cpus: 128
      cpus-online: 128
      ticks-per-second: 100

metrics:
    - stressor: cpu
      bogo-ops: 16727
      bogo-ops-per-second-usr-sys-time: 1672.313194
      bogo-ops-per-second-real-time: 1672.315363
      wall-clock-time: 10.002300
      user-time: 10.002313
      system-time: 0.000000
      cpu-usage-per-instance: 100.000130
      max-rss: 2048

...
