BaselineInfo:
  WebDBID: -1
  TimeStamp: 20241107195450
Version:
  Major: 11
  Minor: 0
  Build: 1002
  SpecialBuildName: ""
  ptArchitecture: x86_64_linux
Results:
  Results Complete: true
  NumTestProcesses: 4
  CPU_INTEGER_MATH: 20631.014333333333
  CPU_FLOATINGPOINT_MATH: 14695.566309858379
  CPU_PRIME: 44.836067577318687
  CPU_SORTING: 10400.422174725303
  CPU_ENCRYPTION: 4522.8169547153793
  CPU_COMPRESSION: 76963.44842147833
  CPU_SINGLETHREAD: 3150.7130803589143
  CPU_PHYSICS: 1016.2839858075364
  CPU_MATRIX_MULT_SSE: 5718.9618268065751
  CPU_mm: 583.69444696455025
  CPU_sse: 2525.8684373806364
  CPU_fma: 6499.6498038387308
  CPU_avx: 5256.4665759118243
  CPU_avx512: 8593.8624900951072
  m_CPU_enc_SHA: 4816150442.0980291
  m_CPU_enc_AES: 6236792215.0585327
  m_CPU_enc_ECDSA: 3174609276.1663389
  ME_ALLOC_S: 2315.6270833001249
  ME_READ_S: 29178.674414062501
  ME_READ_L: 9733.1640625
  ME_WRITE: 14415.8173828125
  ME_LARGE: 21539
  ME_LATENCY: 74.270092606692018
  ME_THREADED: 26913.3876953125
  SUMM_CPU: 7938.3417755538512
  SUMM_ME: 2064.9194848558918
SystemInformation:
  OSName: Ubuntu 24.04.1 LTS
  Kernel: 6.8.0-1016-aws
  Device: ""
  Processor: Intel Xeon Gold 6455B
  NumSockets: 1
  Manufacturer: GenuineIntel
  NumCores: 2
  NumLogicals: 4
  CPUFrequency: 0
  Memory: 31558
  MemModuleInfo:
    iNumMemSticks: 1
    DIMM 1:
      manufacturer: Not Specified
      modulePartNo: Not Specified
      memType: DDR5
      size: 32
      clkspeed: 2400
      moduleVoltage: 0
Checksum: 9658C32B63EB8B205B0CEE44A8C5316761DCA1C9