---
system-info:
      stress-ng-version: 0.17.08
      run-by: root
      date-yyyy-mm-dd: 2024:09:19
      time-hh-mm-ss: 11:56:30
      epoch-secs: 1726746990
      hostname: sc-runner
      sysname: Linux
      nodename: sc-runner
      release: 6.8.0-1014-azure
      version: '#16-Ubuntu SMP Thu Aug 15 21:06:50 UTC 2024'
      machine: aarch64
      compiler: 'musl-gcc 13.2.1'
      uptime: 346
      totalram: 202205147136
      freeram: 190950678528
      sharedram: 38526976
      bufferram: 308785152
      totalswap: 0
      freeswap: 0
      pagesize: 4096
      cpus: 48
      cpus-online: 48
      ticks-per-second: 100

metrics:
    - stressor: cpu
      bogo-ops: 1700759
      bogo-ops-per-second-usr-sys-time: 1772.312182
      bogo-ops-per-second-real-time: 85037.662883
      wall-clock-time: 20.000068
      user-time: 959.605229
      system-time: 0.021984
      cpu-usage-per-instance: 99.960831
      max-rss: 1152

...
