size_kb,operation,bandwidth_mb_s,latency_ns,latency_stddev_ns,latency_samples,threads,iterations,elapsed_s
32,read,300048.75,0,0,0,4,385802,0.160725
32,write,335469.33,0,0,0,4,611247,0.227758
32,copy,248975.88,0,0,0,4,373691,0.187614
32,latency,0,2.15,0.00,7,1,7,0.308791
128,read,248577.30,0,0,0,4,96376,0.193855
128,write,298872.79,0,0,0,4,152532,0.255179
128,copy,175188.76,0,0,0,4,112157,0.320103
128,latency,0,2.84,0.00,7,1,7,0.659854
1024,read,226363.77,0,0,0,4,17551,0.310138
1024,write,293662.38,0,0,0,4,20980,0.285770
1024,copy,134489.47,0,0,0,4,13098,0.389562
1024,latency,0,5.34,0.01,7,1,7,0.695773
2048,read,175478.93,0,0,0,4,6744,0.307456
2048,write,290605.74,0,0,0,4,10376,0.285638
2048,copy,104548.98,0,0,0,4,4304,0.329338
2048,latency,0,8.92,0.04,7,1,7,0.638644
4096,read,132395.39,0,0,0,4,2907,0.351311
4096,write,217731.99,0,0,0,4,4889,0.359267
4096,copy,84704.23,0,0,0,4,1956,0.369474
4096,latency,0,25.03,7.08,21,1,21,1.162677
8192,read,118914.48,0,0,0,4,1092,0.293858
8192,write,160688.66,0,0,0,4,2142,0.426564
8192,copy,78527.11,0,0,0,4,823,0.335375
8192,latency,0,90.83,1.81,7,1,7,0.819101
16384,read,104873.94,0,0,0,4,474,0.289262
16384,write,140298.50,0,0,0,4,1003,0.457539
16384,copy,69849.32,0,0,0,4,397,0.363754
16384,latency,0,105.72,0.61,7,1,7,1.173854
32768,read,101036.51,0,0,0,4,226,0.286312
32768,write,132152.98,0,0,0,4,518,0.501722
32768,copy,65184.89,0,0,0,4,213,0.418256
32768,latency,0,111.16,0.81,7,1,7,2.506733
65536,read,98258.34,0,0,0,4,117,0.304829
65536,write,127844.01,0,0,0,4,245,0.490598
65536,copy,62507.21,0,0,0,4,106,0.434126
65536,latency,0,118.22,2.19,7,1,7,5.311572
131072,read,93482.80,0,0,0,4,58,0.317663
131072,write,124575.90,0,0,0,4,124,0.509633
131072,copy,62901.80,0,0,0,4,54,0.439542
131072,latency,0,116.19,0.57,7,1,7,10.740999
