---
system-info:
      stress-ng-version: 0.17.08
      run-by: root
      date-yyyy-mm-dd: 2024:09:16
      time-hh-mm-ss: 15:22:43
      epoch-secs: 1726500163
      hostname: sc-runner
      sysname: Linux
      nodename: sc-runner
      release: 6.8.0-1014-azure
      version: '#16-Ubuntu SMP Thu Aug 15 20:04:41 UTC 2024'
      machine: x86_64
      compiler: 'musl-gcc 13.2.1'
      uptime: 293
      totalram: 67422384128
      freeram: 56900493312
      sharedram: 54910976
      bufferram: 250105856
      totalswap: 0
      freeswap: 0
      pagesize: 4096
      cpus: 8
      cpus-online: 8
      ticks-per-second: 100

metrics:
    - stressor: cpu
      bogo-ops: 37960
      bogo-ops-per-second-usr-sys-time: 1897.977414
      bogo-ops-per-second-real-time: 1897.995271
      wall-clock-time: 20.000050
      user-time: 20.000238
      system-time: 0.000000
      cpu-usage-per-instance: 100.000941
      max-rss: 3152

...
