---
system-info:
      stress-ng-version: 0.17.08
      run-by: root
      date-yyyy-mm-dd: 2024:09:19
      time-hh-mm-ss: 07:41:24
      epoch-secs: 1726731684
      hostname: sc-runner
      sysname: Linux
      nodename: sc-runner
      release: 6.8.0-1014-azure
      version: '#16-Ubuntu SMP Thu Aug 15 20:04:41 UTC 2024'
      machine: x86_64
      compiler: 'musl-gcc 13.2.1'
      uptime: 287
      totalram: 168786038784
      freeram: 158229549056
      sharedram: 55046144
      bufferram: 247767040
      totalswap: 0
      freeswap: 0
      pagesize: 4096
      cpus: 20
      cpus-online: 20
      ticks-per-second: 100

metrics:
    - stressor: cpu
      bogo-ops: 388175
      bogo-ops-per-second-usr-sys-time: 971.296860
      bogo-ops-per-second-real-time: 19408.662033
      wall-clock-time: 20.000091
      user-time: 399.616117
      system-time: 0.029981
      cpu-usage-per-instance: 99.911072
      max-rss: 3188

...
