BaselineInfo:
  WebDBID: -1
  TimeStamp: 20260403220528
Version:
  Major: 11
  Minor: 0
  Build: 1004
  SpecialBuildName: ""
  ptArchitecture: x86_64_linux
Results:
  Results Complete: true
  NumTestProcesses: 4
  CPU_INTEGER_MATH: 11608.736666666666
  CPU_FLOATINGPOINT_MATH: 6223.2294461773863
  CPU_PRIME: 20.625609406548097
  CPU_SORTING: 7261.5179166947537
  CPU_ENCRYPTION: 1609.658183410221
  CPU_COMPRESSION: 54669.607557876545
  CPU_SINGLETHREAD: 1962.662736222796
  CPU_PHYSICS: 509.87289044064221
  CPU_MATRIX_MULT_SSE: 3098.3492449138057
  CPU_mm: 352.49039772182698
  CPU_sse: 1271.9571715345025
  CPU_fma: 3911.5229496325928
  CPU_avx: 2768.2622708032395
  CPU_avx512: 4441.6545876848895
  m_CPU_enc_SHA: 525458038.34674364
  m_CPU_enc_AES: 4064537892.5892019
  m_CPU_enc_ECDSA: 473550887.04672223
  ME_ALLOC_S: 1419.1354736862236
  ME_READ_S: 22725.215429687501
  ME_READ_L: 10113.0341796875
  ME_WRITE: 9628.1689453125
  ME_LARGE: 2775.5833333333335
  ME_LATENCY: 55.363812877192252
  ME_THREADED: 23633.201171875
  SUMM_CPU: 4175.799036824119
  SUMM_ME: 1714.5505698319441
SystemInformation:
  OSName: Ubuntu 24.04.4 LTS
  Kernel: 6.8.0-106-generic
  Device: ""
  Processor: Intel(R) Xeon(R) Platinum
  NumSockets: 1
  Manufacturer: GenuineIntel
  NumCores: 2
  NumLogicals: 4
  CPUFrequency: 0
  CPUMaxFrequency: 0
  Memory: 15322
  CPUInfo:
    number: 1
    Family: 6
    Model: 5
    stepping: 4
    features: 529267711
    manufacture: GenuineIntel
    typestring: Intel(R) Xeon(R) Platinum
    iCoresPerPackage: 2
    iThreadsPerPackage: 2
    featuresEx:
      - 529267711
      - 4294586883
      - 739248128
    bHybrid: false
    nPCore: 0
    nLogicalsPerPCore: 0
    nECore: 0
    nLogicalsPerECore: 0
  MemModuleInfo:
    iNumMemSticks: 1
    DIMM 1:
      manufacturer: Alibaba Cloud
      modulePartNo: Not Specified
      memType: RAM
      size: 16
      clkspeed: 0
      moduleVoltage: 0
Checksum: DA4DBD6F58186DA676D171B38CB4E37B59A0C834