---
system-info:
      stress-ng-version: 0.17.08
      run-by: root
      date-yyyy-mm-dd: 2024:09:23
      time-hh-mm-ss: 20:03:30
      epoch-secs: 1727121810
      hostname: sc-runner
      sysname: Linux
      nodename: sc-runner
      release: 6.8.0-1014-azure
      version: '#16-Ubuntu SMP Thu Aug 15 20:04:41 UTC 2024'
      machine: x86_64
      compiler: 'musl-gcc 13.2.1'
      uptime: 379
      totalram: 202597707776
      freeram: 191475646464
      sharedram: 38301696
      bufferram: 313458688
      totalswap: 0
      freeswap: 0
      pagesize: 4096
      cpus: 48
      cpus-online: 48
      ticks-per-second: 100

metrics:
    - stressor: cpu
      bogo-ops: 54079
      bogo-ops-per-second-usr-sys-time: 2704.041126
      bogo-ops-per-second-real-time: 2703.936913
      wall-clock-time: 20.000097
      user-time: 19.999326
      system-time: 0.000000
      cpu-usage-per-instance: 99.996146
      max-rss: 3200

...
