BaselineInfo:
  WebDBID: -1
  TimeStamp: 20260620180927
Version:
  Major: 11
  Minor: 0
  Build: 1004
  SpecialBuildName: ""
  ptArchitecture: x86_64_linux
Results:
  Results Complete: true
  NumTestProcesses: 48
  CPU_INTEGER_MATH: 318143.94733333332
  CPU_FLOATINGPOINT_MATH: 184990.19945537593
  CPU_PRIME: 425.82569293506572
  CPU_SORTING: 133084.44956197726
  CPU_ENCRYPTION: 60366.902676102574
  CPU_COMPRESSION: 1055195.9470230746
  CPU_SINGLETHREAD: 3845.731224867593
  CPU_PHYSICS: 8987.3967047794213
  CPU_MATRIX_MULT_SSE: 80278.26749000742
  CPU_mm: 7851.7493254989486
  CPU_sse: 29588.997043861011
  CPU_fma: 86317.616753816328
  CPU_avx: 83895.33120181087
  CPU_avx512: 121311.12496054139
  m_CPU_enc_SHA: 76755936580.544861
  m_CPU_enc_AES: 62186553901.286736
  m_CPU_enc_ECDSA: 50955365539.659157
  ME_ALLOC_S: 28838.614449461031
  ME_READ_S: 34273.985156249997
  ME_READ_L: 31159.150390625
  ME_WRITE: 30621.384765625
  ME_LARGE: 377129.08333333331
  ME_LATENCY: 78.220765289088675
  ME_THREADED: 186930.2958984375
  SUMM_CPU: 78266.303337644727
  SUMM_ME: 2973.224162609431
SystemInformation:
  OSName: Ubuntu 24.04.4 LTS
  Kernel: 6.17.0-1018-azure
  Device: ""
  Processor: "AMD EPYC 9V45 96-Core Processor                "
  NumSockets: 1
  Manufacturer: AuthenticAMD
  NumCores: 24
  NumLogicals: 48
  CPUFrequency: 0
  CPUMaxFrequency: 0
  Memory: 386748
  CPUInfo:
    number: 1
    Family: 15
    Model: 2
    stepping: 1
    features: 395049983
    manufacture: AuthenticAMD
    typestring: "AMD EPYC 9V45 96-Core Processor                "
    iCoresPerPackage: 32
    iThreadsPerPackage: 2
    featuresEx:
      - 395049983
      - 4277809667
      - 802421759
    bHybrid: false
    nPCore: 0
    nLogicalsPerPCore: 0
    nECore: 0
    nLogicalsPerECore: 0
  MemModuleInfo:
    iNumMemSticks: 3
    DIMM 1:
      manufacturer: Microsoft Corporation
      modulePartNo: None
      memType: Unknown
      size: 1
      clkspeed: 0
      moduleVoltage: 0
    DIMM 2:
      manufacturer: Microsoft Corporation
      modulePartNo: None
      memType: Unknown
      size: 59
      clkspeed: 0
      moduleVoltage: 0
    DIMM 3:
      manufacturer: Microsoft Corporation
      modulePartNo: None
      memType: Unknown
      size: 324
      clkspeed: 0
      moduleVoltage: 0
Checksum: 5AD216BB6A4239167C9A3B4198585B72E60624C3