BaselineInfo:
  WebDBID: -1
  TimeStamp: 20250617155624
Version:
  Major: 11
  Minor: 0
  Build: 1002
  SpecialBuildName: ""
  ptArchitecture: x86_64_linux
Results:
  Results Complete: true
  NumTestProcesses: 32
  CPU_INTEGER_MATH: 152009.7693333333
  CPU_FLOATINGPOINT_MATH: 85032.17327234766
  CPU_PRIME: 238.34400383935863
  CPU_SORTING: 89666.225285671244
  CPU_ENCRYPTION: 38579.186706275083
  CPU_COMPRESSION: 617672.39539055468
  CPU_SINGLETHREAD: 2901.4543216277129
  CPU_PHYSICS: 4323.008711651978
  CPU_MATRIX_MULT_SSE: 43935.529021612456
  CPU_mm: 4072.6678051662157
  CPU_sse: 17802.224481431269
  CPU_fma: 56234.86874228721
  CPU_avx: 46400.143121458423
  CPU_avx512: 55304.879741272896
  m_CPU_enc_SHA: 53961630129.50914
  m_CPU_enc_AES: 36616036385.692078
  m_CPU_enc_ECDSA: 30781961323.956089
  ME_ALLOC_S: 14215.552505641381
  ME_READ_S: 27853.548437500001
  ME_READ_L: 26224.740234375
  ME_WRITE: 25531.65234375
  ME_LARGE: 249292.5
  ME_LATENCY: 81.302357242015788
  ME_THREADED: 79309.84228515625
  SUMM_CPU: 46529.16785201896
  SUMM_ME: 2654.0024972032443
SystemInformation:
  OSName: Ubuntu 24.04.2 LTS
  Kernel: 6.11.0-1015-azure
  Device: ""
  Processor: AMD EPYC 9V74 80-Core Processor
  NumSockets: 1
  Manufacturer: AuthenticAMD
  NumCores: 16
  NumLogicals: 32
  CPUFrequency: 0
  Memory: 257737
  MemModuleInfo:
    iNumMemSticks: 3
    DIMM 1:
      manufacturer: Microsoft Corporation
      modulePartNo: None
      memType: Unknown
      size: 1
      clkspeed: 0
      moduleVoltage: 0
    DIMM 2:
      manufacturer: Microsoft Corporation
      modulePartNo: None
      memType: Unknown
      size: 59
      clkspeed: 0
      moduleVoltage: 0
    DIMM 3:
      manufacturer: Microsoft Corporation
      modulePartNo: None
      memType: Unknown
      size: 196
      clkspeed: 0
      moduleVoltage: 0
Checksum: 8E9D2CF268ED79945D4FECE7C5CB3264C3C7F597