---
system-info:
      stress-ng-version: 0.17.08
      run-by: root
      date-yyyy-mm-dd: 2024:06:05
      time-hh-mm-ss: 23:40:43
      epoch-secs: 1717630843
      hostname: 48a4e9bc6659
      sysname: Linux
      nodename: 48a4e9bc6659
      release: 6.8.0-1008-aws
      version: '#8-Ubuntu SMP Sat Apr 20 00:46:25 UTC 2024'
      machine: x86_64
      compiler: 'musl-gcc 13.2.1'
      uptime: 132
      totalram: 202412273664
      freeram: 196969693184
      sharedram: 55066624
      bufferram: 80273408
      totalswap: 0
      freeswap: 0
      pagesize: 4096
      cpus: 72
      cpus-online: 72
      ticks-per-second: 100

metrics:
    - stressor: cpu
      bogo-ops: 15889
      bogo-ops-per-second-usr-sys-time: 1588.460632
      bogo-ops-per-second-real-time: 1588.481283
      wall-clock-time: 10.002636
      user-time: 10.001766
      system-time: 0.001000
      cpu-usage-per-instance: 100.001300
      max-rss: 2880

...
