---
system-info:
      stress-ng-version: 0.17.08
      run-by: root
      date-yyyy-mm-dd: 2024:06:12
      time-hh-mm-ss: 22:20:40
      epoch-secs: 1718230840
      hostname: e4a271c7ac4b
      sysname: Linux
      nodename: e4a271c7ac4b
      release: 6.8.0-1008-aws
      version: '#8-Ubuntu SMP Sat Apr 20 00:46:25 UTC 2024'
      machine: x86_64
      compiler: 'musl-gcc 13.2.1'
      uptime: 178
      totalram: 202412294144
      freeram: 196707786752
      sharedram: 55066624
      bufferram: 112697344
      totalswap: 0
      freeswap: 0
      pagesize: 4096
      cpus: 72
      cpus-online: 72
      ticks-per-second: 100

metrics:
    - stressor: cpu
      bogo-ops: 29173
      bogo-ops-per-second-usr-sys-time: 1458.651823
      bogo-ops-per-second-real-time: 1458.645166
      wall-clock-time: 20.000066
      user-time: 19.999975
      system-time: 0.000000
      cpu-usage-per-instance: 99.999544
      max-rss: 576

...
