---
system-info:
      stress-ng-version: 0.17.08
      run-by: root
      date-yyyy-mm-dd: 2024:09:20
      time-hh-mm-ss: 07:41:39
      epoch-secs: 1726818099
      hostname: sc-runner
      sysname: Linux
      nodename: sc-runner
      release: 6.8.0-1014-azure
      version: '#16-Ubuntu SMP Thu Aug 15 20:04:41 UTC 2024'
      machine: x86_64
      compiler: 'musl-gcc 13.2.1'
      uptime: 342
      totalram: 16766066688
      freeram: 6556741632
      sharedram: 38105088
      bufferram: 253837312
      totalswap: 0
      freeswap: 0
      pagesize: 4096
      cpus: 4
      cpus-online: 4
      ticks-per-second: 100

metrics:
    - stressor: cpu
      bogo-ops: 54020
      bogo-ops-per-second-usr-sys-time: 2701.056317
      bogo-ops-per-second-real-time: 2700.993045
      wall-clock-time: 20.000051
      user-time: 19.997584
      system-time: 0.001999
      cpu-usage-per-instance: 99.997658
      max-rss: 3152

...
