---
system-info:
      stress-ng-version: 0.17.08
      run-by: root
      date-yyyy-mm-dd: 2024:09:17
      time-hh-mm-ss: 06:44:53
      epoch-secs: 1726555493
      hostname: sc-runner
      sysname: Linux
      nodename: sc-runner
      release: 6.8.0-1014-azure
      version: '#16-Ubuntu SMP Thu Aug 15 20:04:41 UTC 2024'
      machine: x86_64
      compiler: 'musl-gcc 13.2.1'
      uptime: 281
      totalram: 405734875136
      freeram: 392185344000
      sharedram: 105402368
      bufferram: 246534144
      totalswap: 0
      freeswap: 0
      pagesize: 4096
      cpus: 48
      cpus-online: 48
      ticks-per-second: 100

metrics:
    - stressor: cpu
      bogo-ops: 37960
      bogo-ops-per-second-usr-sys-time: 1897.966026
      bogo-ops-per-second-real-time: 1897.996787
      wall-clock-time: 20.000034
      user-time: 19.999358
      system-time: 0.001000
      cpu-usage-per-instance: 100.001621
      max-rss: 3200

...
