---
system-info:
      stress-ng-version: 0.17.08
      run-by: root
      date-yyyy-mm-dd: 2024:09:17
      time-hh-mm-ss: 03:49:42
      epoch-secs: 1726544982
      hostname: sc-runner
      sysname: Linux
      nodename: sc-runner
      release: 6.8.0-1014-azure
      version: '#16-Ubuntu SMP Thu Aug 15 20:04:41 UTC 2024'
      machine: x86_64
      compiler: 'musl-gcc 13.2.1'
      uptime: 300
      totalram: 270258798592
      freeram: 259840663552
      sharedram: 54902784
      bufferram: 242454528
      totalswap: 0
      freeswap: 0
      pagesize: 4096
      cpus: 8
      cpus-online: 8
      ticks-per-second: 100

metrics:
    - stressor: cpu
      bogo-ops: 38004
      bogo-ops-per-second-usr-sys-time: 1900.175963
      bogo-ops-per-second-real-time: 1900.193023
      wall-clock-time: 20.000073
      user-time: 19.999254
      system-time: 0.000999
      cpu-usage-per-instance: 100.000898
      max-rss: 976

...
