---
system-info:
      stress-ng-version: 0.17.08
      run-by: root
      date-yyyy-mm-dd: 2024:06:06
      time-hh-mm-ss: 13:41:24
      epoch-secs: 1717681284
      hostname: 8f37ae80a3ef
      sysname: Linux
      nodename: 8f37ae80a3ef
      release: 6.8.0-1008-aws
      version: '#8-Ubuntu SMP Sat Apr 20 00:46:25 UTC 2024'
      machine: x86_64
      compiler: 'musl-gcc 13.2.1'
      uptime: 98
      totalram: 16377602048
      freeram: 12216094720
      sharedram: 37015552
      bufferram: 83558400
      totalswap: 0
      freeswap: 0
      pagesize: 4096
      cpus: 8
      cpus-online: 8
      ticks-per-second: 100

metrics:
    - stressor: cpu
      bogo-ops: 143180
      bogo-ops-per-second-usr-sys-time: 1793.107347
      bogo-ops-per-second-real-time: 14315.983654
      wall-clock-time: 10.001408
      user-time: 79.839220
      system-time: 0.010991
      cpu-usage-per-instance: 99.798708
      max-rss: 3792

...
