---
system-info:
      stress-ng-version: 0.17.08
      run-by: root
      date-yyyy-mm-dd: 2024:06:14
      time-hh-mm-ss: 06:55:28
      epoch-secs: 1718348128
      hostname: d16706c25690
      sysname: Linux
      nodename: d16706c25690
      release: 6.8.0-1008-aws
      version: '#8-Ubuntu SMP Sat Apr 20 00:46:25 UTC 2024'
      machine: x86_64
      compiler: 'musl-gcc 13.2.1'
      uptime: 102
      totalram: 16377602048
      freeram: 12016697344
      sharedram: 37015552
      bufferram: 106778624
      totalswap: 0
      freeswap: 0
      pagesize: 4096
      cpus: 8
      cpus-online: 8
      ticks-per-second: 100

metrics:
    - stressor: cpu
      bogo-ops: 491568
      bogo-ops-per-second-usr-sys-time: 3078.294671
      bogo-ops-per-second-real-time: 24578.342756
      wall-clock-time: 20.000047
      user-time: 159.670425
      system-time: 0.017991
      cpu-usage-per-instance: 99.805028
      max-rss: 1232

...
