---
system-info:
      stress-ng-version: 0.17.08
      run-by: root
      date-yyyy-mm-dd: 2024:09:17
      time-hh-mm-ss: 05:46:10
      epoch-secs: 1726551970
      hostname: sc-runner
      sysname: Linux
      nodename: sc-runner
      release: 6.8.0-1014-azure
      version: '#16-Ubuntu SMP Thu Aug 15 20:04:41 UTC 2024'
      machine: x86_64
      compiler: 'musl-gcc 13.2.1'
      uptime: 271
      totalram: 270250332160
      freeram: 259460657152
      sharedram: 55156736
      bufferram: 243699712
      totalswap: 0
      freeswap: 0
      pagesize: 4096
      cpus: 32
      cpus-online: 32
      ticks-per-second: 100

metrics:
    - stressor: cpu
      bogo-ops: 621179
      bogo-ops-per-second-usr-sys-time: 971.238705
      bogo-ops-per-second-real-time: 31058.835060
      wall-clock-time: 20.000074
      user-time: 639.547977
      system-time: 0.025999
      cpu-usage-per-instance: 99.933064
      max-rss: 1032

...
