---
system-info:
      stress-ng-version: 0.17.08
      run-by: root
      date-yyyy-mm-dd: 2024:09:09
      time-hh-mm-ss: 06:57:15
      epoch-secs: 1725865035
      hostname: ip-172-31-23-143
      sysname: Linux
      nodename: ip-172-31-23-143
      release: 6.8.0-1014-aws
      version: '#15-Ubuntu SMP Thu Aug  8 19:13:06 UTC 2024'
      machine: x86_64
      compiler: 'musl-gcc 13.2.1'
      uptime: 180
      totalram: 535167877120
      freeram: 526355709952
      sharedram: 29278208
      bufferram: 224604160
      totalswap: 0
      freeswap: 0
      pagesize: 4096
      cpus: 16
      cpus-online: 16
      ticks-per-second: 100

metrics:
    - stressor: cpu
      bogo-ops: 394760
      bogo-ops-per-second-usr-sys-time: 1234.600547
      bogo-ops-per-second-real-time: 19737.890603
      wall-clock-time: 20.000111
      user-time: 319.732153
      system-time: 0.014992
      cpu-usage-per-instance: 99.920429
      max-rss: 1104

...
