---
system-info:
      stress-ng-version: 0.17.08
      run-by: root
      date-yyyy-mm-dd: 2024:09:11
      time-hh-mm-ss: 12:25:25
      epoch-secs: 1726057525
      hostname: ip-172-31-27-63
      sysname: Linux
      nodename: ip-172-31-27-63
      release: 6.8.0-1014-aws
      version: '#15-Ubuntu SMP Thu Aug  8 19:13:06 UTC 2024'
      machine: x86_64
      compiler: 'musl-gcc 13.2.1'
      uptime: 164
      totalram: 535167873024
      freeram: 526421188608
      sharedram: 29278208
      bufferram: 219578368
      totalswap: 0
      freeswap: 0
      pagesize: 4096
      cpus: 16
      cpus-online: 16
      ticks-per-second: 100

metrics:
    - stressor: cpu
      bogo-ops: 394783
      bogo-ops-per-second-usr-sys-time: 1234.768434
      bogo-ops-per-second-real-time: 19739.103453
      wall-clock-time: 20.000047
      user-time: 319.708308
      system-time: 0.013989
      cpu-usage-per-instance: 99.912982
      max-rss: 1104

...
