---
system-info:
      stress-ng-version: 0.17.08
      run-by: root
      date-yyyy-mm-dd: 2024:06:07
      time-hh-mm-ss: 23:31:25
      epoch-secs: 1717803085
      hostname: 8cf8208fcb70
      sysname: Linux
      nodename: 8cf8208fcb70
      release: 6.8.0-31-generic
      version: '#31-Ubuntu SMP PREEMPT_DYNAMIC Sat Apr 20 02:32:42 UTC 2024'
      machine: aarch64
      compiler: 'musl-gcc 13.2.1'
      uptime: 63
      totalram: 32788762624
      freeram: 29210439680
      sharedram: 6856704
      bufferram: 107233280
      totalswap: 0
      freeswap: 0
      pagesize: 4096
      cpus: 16
      cpus-online: 16
      ticks-per-second: 100

metrics:
    - stressor: cpu
      bogo-ops: 56110
      bogo-ops-per-second-usr-sys-time: 348.974215
      bogo-ops-per-second-real-time: 5591.391804
      wall-clock-time: 10.035069
      user-time: 160.739370
      system-time: 0.046148
      cpu-usage-per-instance: 100.139773
      max-rss: 4008

...
