---
system-info:
      stress-ng-version: 0.17.08
      run-by: root
      date-yyyy-mm-dd: 2024:06:14
      time-hh-mm-ss: 22:04:37
      epoch-secs: 1718402677
      hostname: 00b869cfa97c
      sysname: Linux
      nodename: 00b869cfa97c
      release: 6.8.0-31-generic
      version: '#31-Ubuntu SMP PREEMPT_DYNAMIC Sat Apr 20 02:32:42 UTC 2024'
      machine: aarch64
      compiler: 'musl-gcc 13.2.1'
      uptime: 68
      totalram: 32788762624
      freeram: 29196959744
      sharedram: 6856704
      bufferram: 120860672
      totalswap: 0
      freeswap: 0
      pagesize: 4096
      cpus: 16
      cpus-online: 16
      ticks-per-second: 100

metrics:
    - stressor: cpu
      bogo-ops: 581835
      bogo-ops-per-second-usr-sys-time: 1820.346028
      bogo-ops-per-second-real-time: 29091.707799
      wall-clock-time: 20.000029
      user-time: 319.609803
      system-time: 0.018988
      cpu-usage-per-instance: 99.883852
      max-rss: 1320

...
