---
system-info:
      stress-ng-version: 0.17.08
      run-by: root
      date-yyyy-mm-dd: 2024:07:29
      time-hh-mm-ss: 12:33:47
      epoch-secs: 1722256427
      hostname: c3d-highmem-30-lssd-991d543
      sysname: Linux
      nodename: c3d-highmem-30-lssd-991d543
      release: 6.8.0-1011-gcp
      version: '#12-Ubuntu SMP Wed Jul 10 21:47:53 UTC 2024'
      machine: x86_64
      compiler: 'musl-gcc 13.2.1'
      uptime: 118
      totalram: 253341847552
      freeram: 247710269440
      sharedram: 35229696
      bufferram: 141144064
      totalswap: 0
      freeswap: 0
      pagesize: 4096
      cpus: 30
      cpus-online: 30
      ticks-per-second: 100

metrics:
    - stressor: cpu
      bogo-ops: 860262
      bogo-ops-per-second-usr-sys-time: 1434.961013
      bogo-ops-per-second-real-time: 43012.968342
      wall-clock-time: 20.000061
      user-time: 599.470017
      system-time: 0.031985
      cpu-usage-per-instance: 99.916694
      max-rss: 972

...
