---
system-info:
      stress-ng-version: 0.17.08
      run-by: root
      date-yyyy-mm-dd: 2024:09:22
      time-hh-mm-ss: 06:22:52
      epoch-secs: 1726986172
      hostname: sc-runner
      sysname: Linux
      nodename: sc-runner
      release: 6.8.0-1014-azure
      version: '#16-Ubuntu SMP Thu Aug 15 20:04:41 UTC 2024'
      machine: x86_64
      compiler: 'musl-gcc 13.2.1'
      uptime: 300
      totalram: 135069114368
      freeram: 124697423872
      sharedram: 38162432
      bufferram: 268460032
      totalswap: 0
      freeswap: 0
      pagesize: 4096
      cpus: 8
      cpus-online: 8
      ticks-per-second: 100

metrics:
    - stressor: cpu
      bogo-ops: 215643
      bogo-ops-per-second-usr-sys-time: 1350.606069
      bogo-ops-per-second-real-time: 10782.114718
      wall-clock-time: 20.000065
      user-time: 159.642887
      system-time: 0.020989
      cpu-usage-per-instance: 99.789596
      max-rss: 3280

...
