BaselineInfo:
  WebDBID: -1
  TimeStamp: 20241107144948
Version:
  Major: 11
  Minor: 0
  Build: 1002
  SpecialBuildName: ""
  ptArchitecture: x86_64_linux
Results:
  Results Complete: true
  NumTestProcesses: 8
  CPU_INTEGER_MATH: 33057.363333333335
  CPU_FLOATINGPOINT_MATH: 18292.951878078635
  CPU_PRIME: 73.3514671991244
  CPU_SORTING: 17909.972748354019
  CPU_ENCRYPTION: 8579.3475122375912
  CPU_COMPRESSION: 128678.97934734006
  CPU_SINGLETHREAD: 2362.8071429452439
  CPU_PHYSICS: 1382.3446957240974
  CPU_MATRIX_MULT_SSE: 7300.8497009646871
  CPU_mm: 891.57985454313769
  CPU_sse: 3791.2217619177791
  CPU_fma: 10250.100438530295
  CPU_avx: 7861.2269024459838
  CPU_avx512: 0
  m_CPU_enc_SHA: 12419392902.089787
  m_CPU_enc_AES: 7940920399.010004
  m_CPU_enc_ECDSA: 6627980389.8763447
  ME_ALLOC_S: 3453.6843610258893
  ME_READ_S: 24217.008398437501
  ME_READ_L: 16505.02734375
  ME_WRITE: 16448.541015625
  ME_LARGE: 21862.083333333332
  ME_LATENCY: 66.226358568988061
  ME_THREADED: 68507.322265625
  SUMM_CPU: 11828.514940853545
  SUMM_ME: 2499.2758663467625
SystemInformation:
  OSName: Ubuntu 24.04.1 LTS
  Kernel: 6.8.0-1015-gcp
  Device: ""
  Processor: AMD EPYC 7B13
  NumSockets: 1
  Manufacturer: AuthenticAMD
  NumCores: 4
  NumLogicals: 8
  CPUFrequency: 0
  Memory: 32093
  MemModuleInfo:
    iNumMemSticks: 2
    DIMM 1:
      manufacturer: ""
      modulePartNo: ""
      memType: RAM
      size: 16
      clkspeed: 0
      moduleVoltage: 0
    DIMM 2:
      manufacturer: ""
      modulePartNo: ""
      memType: RAM
      size: 16
      clkspeed: 0
      moduleVoltage: 0
Checksum: A249355947846BF06AB2368DC66AA36EAC514839