BaselineInfo:
  WebDBID: -1
  TimeStamp: 20250418103201
Version:
  Major: 11
  Minor: 0
  Build: 1002
  SpecialBuildName: ""
  ptArchitecture: x86_64_linux
Results:
  Results Complete: true
  NumTestProcesses: 48
  CPU_INTEGER_MATH: 229542.45566666662
  CPU_FLOATINGPOINT_MATH: 162693.49382815012
  CPU_PRIME: 473.18970792385829
  CPU_SORTING: 113593.97341523549
  CPU_ENCRYPTION: 50749.0992883238
  CPU_COMPRESSION: 822191.94766706391
  CPU_SINGLETHREAD: 2921.6863434736724
  CPU_PHYSICS: 10865.532534774326
  CPU_MATRIX_MULT_SSE: 70186.643440846936
  CPU_mm: 6496.4864065891443
  CPU_sse: 28207.022243569358
  CPU_fma: 77992.634197633306
  CPU_avx: 59226.60343937073
  CPU_avx512: 115320.31388281434
  m_CPU_enc_SHA: 53437369814.964394
  m_CPU_enc_AES: 69655656038.634796
  m_CPU_enc_ECDSA: 36549836752.461029
  ME_ALLOC_S: 27022.318605543096
  ME_READ_S: 26173.036328124999
  ME_READ_L: 10775.421875
  ME_WRITE: 9635.8037109375
  ME_LARGE: 763032.5
  ME_LATENCY: 62.337893317459439
  ME_THREADED: 387468.4013671875
  SUMM_CPU: 63898.674502662507
  SUMM_ME: 2569.2204930109319
SystemInformation:
  OSName: Ubuntu 24.04.2 LTS
  Kernel: 6.8.0-1021-azure
  Device: ""
  Processor: INTEL XEON PLATINUM 8573C
  NumSockets: 2
  Manufacturer: GenuineIntel
  NumCores: 24
  NumLogicals: 48
  CPUFrequency: 2300
  Memory: 774010
  MemModuleInfo:
    iNumMemSticks: 4
    DIMM 1:
      manufacturer: Microsoft Corporation
      modulePartNo: None
      memType: Unknown
      size: 1
      clkspeed: 0
      moduleVoltage: 0
    DIMM 2:
      manufacturer: Microsoft Corporation
      modulePartNo: None
      memType: Unknown
      size: 59
      clkspeed: 0
      moduleVoltage: 0
    DIMM 3:
      manufacturer: Microsoft Corporation
      modulePartNo: None
      memType: Unknown
      size: 324
      clkspeed: 0
      moduleVoltage: 0
    DIMM 4:
      manufacturer: Microsoft Corporation
      modulePartNo: None
      memType: Unknown
      size: 384
      clkspeed: 0
      moduleVoltage: 0
Checksum: 20EBB201E2BAB022767AEB304A010C120418B0C0