---
system-info:
      stress-ng-version: 0.17.08
      run-by: root
      date-yyyy-mm-dd: 2024:06:09
      time-hh-mm-ss: 22:40:24
      epoch-secs: 1717972824
      hostname: 928955c1a771
      sysname: Linux
      nodename: 928955c1a771
      release: 6.8.0-1008-aws
      version: '#8-Ubuntu SMP Sat Apr 20 02:43:14 UTC 2024'
      machine: aarch64
      compiler: 'musl-gcc 13.2.1'
      uptime: 116
      totalram: 132655845376
      freeram: 127955656704
      sharedram: 35033088
      bufferram: 111079424
      totalswap: 0
      freeswap: 0
      pagesize: 4096
      cpus: 16
      cpus-online: 16
      ticks-per-second: 100

metrics:
    - stressor: cpu
      bogo-ops: 68230
      bogo-ops-per-second-usr-sys-time: 425.109916
      bogo-ops-per-second-real-time: 6794.103342
      wall-clock-time: 10.042532
      user-time: 160.485679
      system-time: 0.013988
      cpu-usage-per-instance: 99.887451
      max-rss: 4136

...
