---
system-info:
      stress-ng-version: 0.17.08
      run-by: root
      date-yyyy-mm-dd: 2024:06:16
      time-hh-mm-ss: 02:52:25
      epoch-secs: 1718506345
      hostname: 47351efc27d9
      sysname: Linux
      nodename: 47351efc27d9
      release: 6.8.0-1008-aws
      version: '#8-Ubuntu SMP Sat Apr 20 02:43:14 UTC 2024'
      machine: aarch64
      compiler: 'musl-gcc 13.2.1'
      uptime: 118
      totalram: 132655845376
      freeram: 128160284672
      sharedram: 35033088
      bufferram: 107802624
      totalswap: 0
      freeswap: 0
      pagesize: 4096
      cpus: 16
      cpus-online: 16
      ticks-per-second: 100

metrics:
    - stressor: cpu
      bogo-ops: 489995
      bogo-ops-per-second-usr-sys-time: 1532.633588
      bogo-ops-per-second-real-time: 24499.661780
      wall-clock-time: 20.000072
      user-time: 319.695863
      system-time: 0.011994
      cpu-usage-per-instance: 99.908346
      max-rss: 1192

...
