---
system-info:
      stress-ng-version: 0.17.08
      run-by: root
      date-yyyy-mm-dd: 2024:06:28
      time-hh-mm-ss: 16:16:23
      epoch-secs: 1719591383
      hostname: c3-standard-176-lssd-370d054
      sysname: Linux
      nodename: c3-standard-176-lssd-370d054
      release: 6.8.0-1009-gcp
      version: '#10-Ubuntu SMP Wed Jun 12 18:52:23 UTC 2024'
      machine: x86_64
      compiler: 'musl-gcc 13.2.1'
      uptime: 125
      totalram: 743916146688
      freeram: 736544169984
      sharedram: 443633664
      bufferram: 131469312
      totalswap: 0
      freeswap: 0
      pagesize: 4096
      cpus: 176
      cpus-online: 176
      ticks-per-second: 100

metrics:
    - stressor: cpu
      bogo-ops: 2927939
      bogo-ops-per-second-usr-sys-time: 832.217150
      bogo-ops-per-second-real-time: 146396.251780
      wall-clock-time: 20.000095
      user-time: 3518.183247
      system-time: 0.055952
      cpu-usage-per-instance: 99.949501
      max-rss: 0

...
