BaselineInfo:
  WebDBID: -1
  TimeStamp: 20260115221552
Version:
  Major: 11
  Minor: 0
  Build: 1004
  SpecialBuildName: ""
  ptArchitecture: x86_64_linux
Results:
  Results Complete: true
  NumTestProcesses: 64
  CPU_INTEGER_MATH: 330210.91800000001
  CPU_FLOATINGPOINT_MATH: 239082.21624607185
  CPU_PRIME: 522.34922298491688
  CPU_SORTING: 163414.69300318195
  CPU_ENCRYPTION: 72595.954611489011
  CPU_COMPRESSION: 1276598.7890375175
  CPU_SINGLETHREAD: 3274.3858851640898
  CPU_PHYSICS: 8805.6801094832572
  CPU_MATRIX_MULT_SSE: 88432.384405486926
  CPU_mm: 9595.6842458884184
  CPU_sse: 39641.342465778434
  CPU_fma: 104385.29240108193
  CPU_avx: 82849.453977249854
  CPU_avx512: 126853.44877783755
  m_CPU_enc_SHA: 76821442103.725311
  m_CPU_enc_AES: 100386094896.79622
  m_CPU_enc_ECDSA: 51159590107.568504
  ME_ALLOC_S: 27754.510898684308
  ME_READ_S: 28901.156640624999
  ME_READ_L: 14242.7685546875
  ME_WRITE: 10965.4013671875
  ME_LARGE: 1001160.0833333334
  ME_LATENCY: 71.406696507730274
  ME_THREADED: 191425.58740234375
  SUMM_CPU: 82770.066764136456
  SUMM_ME: 2584.032628579072
SystemInformation:
  OSName: Ubuntu 24.04.3 LTS
  Kernel: 6.14.0-1018-aws
  Device: ""
  Processor: Intel(R) Xeon(R) 6975P-C
  NumSockets: 1
  Manufacturer: GenuineIntel
  NumCores: 32
  NumLogicals: 64
  CPUFrequency: 0
  CPUMaxFrequency: 0
  Memory: 1015478
  CPUInfo:
    number: 1
    Family: 6
    Model: 13
    stepping: 1
    features: 529267711
    manufacture: GenuineIntel
    typestring: Intel(R) Xeon(R) 6975P-C
    iCoresPerPackage: 32
    iThreadsPerPackage: 2
    featuresEx:
      - 529267711
      - 4294619651
      - 739248128
    bHybrid: false
    nPCore: 0
    nLogicalsPerPCore: 0
    nECore: 0
    nLogicalsPerECore: 0
  MemModuleInfo:
    iNumMemSticks: 1
    DIMM 1:
      manufacturer: Not Specified
      modulePartNo: Not Specified
      memType: DDR5
      size: 1
      clkspeed: 3600
      moduleVoltage: 0
Checksum: 99064353EDDF5FC567B2BC9AFB4F31553B6E1293