---
system-info:
      stress-ng-version: 0.17.08
      run-by: root
      date-yyyy-mm-dd: 2024:09:20
      time-hh-mm-ss: 02:19:20
      epoch-secs: 1726798760
      hostname: sc-runner
      sysname: Linux
      nodename: sc-runner
      release: 6.8.0-1014-azure
      version: '#16-Ubuntu SMP Thu Aug 15 20:04:41 UTC 2024'
      machine: x86_64
      compiler: 'musl-gcc 13.2.1'
      uptime: 324
      totalram: 8323645440
      freeram: 348286976
      sharedram: 38096896
      bufferram: 239325184
      totalswap: 0
      freeswap: 0
      pagesize: 4096
      cpus: 2
      cpus-online: 2
      ticks-per-second: 100

metrics:
    - stressor: cpu
      bogo-ops: 54004
      bogo-ops-per-second-usr-sys-time: 2700.475448
      bogo-ops-per-second-real-time: 2700.191663
      wall-clock-time: 20.000062
      user-time: 19.996961
      system-time: 0.000999
      cpu-usage-per-instance: 99.989491
      max-rss: 3152

...
