BaselineInfo:
  WebDBID: -1
  TimeStamp: 20260403215341
Version:
  Major: 11
  Minor: 0
  Build: 1004
  SpecialBuildName: ""
  ptArchitecture: x86_64_linux
Results:
  Results Complete: true
  NumTestProcesses: 2
  CPU_INTEGER_MATH: 8303.7103333333343
  CPU_FLOATINGPOINT_MATH: 4260.986167208659
  CPU_PRIME: 15.76457587105897
  CPU_SORTING: 4331.9567845013389
  CPU_ENCRYPTION: 1792.5662728492468
  CPU_COMPRESSION: 31549.490496096325
  CPU_SINGLETHREAD: 2312.092472178696
  CPU_PHYSICS: 325.06203169626087
  CPU_MATRIX_MULT_SSE: 1631.6995826944449
  CPU_mm: 179.74164885749289
  CPU_sse: 781.89491037681898
  CPU_fma: 2164.6605109751822
  CPU_avx: 1604.8180004500718
  CPU_avx512: 1975.4249089757066
  m_CPU_enc_SHA: 1819371757.7605443
  m_CPU_enc_AES: 2727213653.7592859
  m_CPU_enc_ECDSA: 1092340504.8376863
  ME_ALLOC_S: 975.25542289298096
  ME_READ_S: 23413.3359375
  ME_READ_L: 10058.1708984375
  ME_WRITE: 9457.6708984375
  ME_LARGE: 2777.1666666666665
  ME_LATENCY: 58.858592544647799
  ME_THREADED: 14251.3603515625
  SUMM_CPU: 2919.0351876730647
  SUMM_ME: 1556.7225056203586
SystemInformation:
  OSName: Ubuntu 24.04.4 LTS
  Kernel: 6.8.0-106-generic
  Device: ""
  Processor: Intel(R) Xeon(R) Platinum 8369B CPU @ 2.70GHz
  NumSockets: 1
  Manufacturer: GenuineIntel
  NumCores: 1
  NumLogicals: 2
  CPUFrequency: 0
  CPUMaxFrequency: 0
  Memory: 15323
  CPUInfo:
    number: 1
    Family: 6
    Model: 10
    stepping: 6
    features: 529267711
    manufacture: GenuineIntel
    typestring: Intel(R) Xeon(R) Platinum 8369B CPU @ 2.70GHz
    iCoresPerPackage: 1
    iThreadsPerPackage: 2
    featuresEx:
      - 529267711
      - 4277809667
      - 739248128
    bHybrid: false
    nPCore: 0
    nLogicalsPerPCore: 0
    nECore: 0
    nLogicalsPerECore: 0
  MemModuleInfo:
    iNumMemSticks: 1
    DIMM 1:
      manufacturer: Alibaba Cloud
      modulePartNo: Not Specified
      memType: RAM
      size: 16
      clkspeed: 0
      moduleVoltage: 0
Checksum: DF054E22BC209D659CF74226FD2C03A091BB74B1