---
system-info:
      stress-ng-version: 0.17.08
      run-by: root
      date-yyyy-mm-dd: 2024:06:08
      time-hh-mm-ss: 13:41:15
      epoch-secs: 1717854075
      hostname: e12c88a9d145
      sysname: Linux
      nodename: e12c88a9d145
      release: 6.8.0-1008-aws
      version: '#8-Ubuntu SMP Sat Apr 20 00:46:25 UTC 2024'
      machine: x86_64
      compiler: 'musl-gcc 13.2.1'
      uptime: 126
      totalram: 200450965504
      freeram: 195669299200
      sharedram: 41127936
      bufferram: 101781504
      totalswap: 0
      freeswap: 0
      pagesize: 4096
      cpus: 48
      cpus-online: 48
      ticks-per-second: 100

metrics:
    - stressor: cpu
      bogo-ops: 479012
      bogo-ops-per-second-usr-sys-time: 998.657438
      bogo-ops-per-second-real-time: 47895.006849
      wall-clock-time: 10.001293
      user-time: 479.584997
      system-time: 0.070971
      cpu-usage-per-instance: 99.915407
      max-rss: 3840

...
