---
system-info:
      stress-ng-version: 0.17.08
      run-by: root
      date-yyyy-mm-dd: 2024:06:14
      time-hh-mm-ss: 19:41:57
      epoch-secs: 1718394117
      hostname: a935078ff309
      sysname: Linux
      nodename: a935078ff309
      release: 6.8.0-1008-aws
      version: '#8-Ubuntu SMP Sat Apr 20 00:46:25 UTC 2024'
      machine: x86_64
      compiler: 'musl-gcc 13.2.1'
      uptime: 125
      totalram: 200450953216
      freeram: 195705159680
      sharedram: 41127936
      bufferram: 108859392
      totalswap: 0
      freeswap: 0
      pagesize: 4096
      cpus: 48
      cpus-online: 48
      ticks-per-second: 100

metrics:
    - stressor: cpu
      bogo-ops: 811062
      bogo-ops-per-second-usr-sys-time: 845.283470
      bogo-ops-per-second-real-time: 40552.880997
      wall-clock-time: 20.000108
      user-time: 959.487811
      system-time: 0.026989
      cpu-usage-per-instance: 99.948919
      max-rss: 768

...
