BaselineInfo:
  WebDBID: -1
  TimeStamp: 20241107155659
Version:
  Major: 11
  Minor: 0
  Build: 1002
  SpecialBuildName: ""
  ptArchitecture: x86_64_linux
Results:
  Results Complete: true
  NumTestProcesses: 2
  CPU_INTEGER_MATH: 8363.7763333333314
  CPU_FLOATINGPOINT_MATH: 4279.5088702394833
  CPU_PRIME: 18.261324608424335
  CPU_SORTING: 4372.8676376272233
  CPU_ENCRYPTION: 1815.0331331661826
  CPU_COMPRESSION: 32188.541461837965
  CPU_SINGLETHREAD: 2374.7831061594948
  CPU_PHYSICS: 360.11327639365231
  CPU_MATRIX_MULT_SSE: 1665.3938944654528
  CPU_mm: 180.56629288220927
  CPU_sse: 793.8750650120752
  CPU_fma: 2181.3521693859657
  CPU_avx: 1612.7023540860157
  CPU_avx512: 2073.6459893777546
  m_CPU_enc_SHA: 1832576570.8772373
  m_CPU_enc_AES: 2748195537.2463121
  m_CPU_enc_ECDSA: 1128828439.8050394
  ME_ALLOC_S: 1023.5625422320672
  ME_READ_S: 23984.767382812501
  ME_READ_L: 11230.9423828125
  ME_WRITE: 10388.75
  ME_LARGE: 22110
  ME_LATENCY: 53.098340963499332
  ME_THREADED: 15413.173828125
  SUMM_CPU: 2980.9623346033395
  SUMM_ME: 2000.582151829632
SystemInformation:
  OSName: Ubuntu 24.04.1 LTS
  Kernel: 6.8.0-1017-azure
  Device: ""
  Processor: Intel Xeon Platinum 8370C CPU @ 2.80GHz
  NumSockets: 1
  Manufacturer: GenuineIntel
  NumCores: 1
  NumLogicals: 2
  CPUFrequency: 2800
  Memory: 32093
  MemModuleInfo:
    iNumMemSticks: 2
    DIMM 1:
      manufacturer: Microsoft Corporation
      modulePartNo: None
      memType: Unknown
      size: 1
      clkspeed: 0
      moduleVoltage: 0
    DIMM 2:
      manufacturer: Microsoft Corporation
      modulePartNo: None
      memType: Unknown
      size: 31
      clkspeed: 0
      moduleVoltage: 0
Checksum: EC6141718F2B9BE5438D911AD51F1DE79DF2EEE9