---
system-info:
      stress-ng-version: 0.17.08
      run-by: root
      date-yyyy-mm-dd: 2024:09:16
      time-hh-mm-ss: 19:51:22
      epoch-secs: 1726516282
      hostname: sc-runner
      sysname: Linux
      nodename: sc-runner
      release: 6.8.0-1014-azure
      version: '#16-Ubuntu SMP Thu Aug 15 20:04:41 UTC 2024'
      machine: x86_64
      compiler: 'musl-gcc 13.2.1'
      uptime: 259
      totalram: 135065247744
      freeram: 124231868416
      sharedram: 54923264
      bufferram: 232120320
      totalswap: 0
      freeswap: 0
      pagesize: 4096
      cpus: 16
      cpus-online: 16
      ticks-per-second: 100

metrics:
    - stressor: cpu
      bogo-ops: 37962
      bogo-ops-per-second-usr-sys-time: 1898.081494
      bogo-ops-per-second-real-time: 1898.097172
      wall-clock-time: 20.000030
      user-time: 19.999195
      system-time: 0.001000
      cpu-usage-per-instance: 100.000826
      max-rss: 3024

...
