---
system-info:
      stress-ng-version: 0.17.08
      run-by: root
      date-yyyy-mm-dd: 2024:09:15
      time-hh-mm-ss: 22:24:03
      epoch-secs: 1726439043
      hostname: sc-runner
      sysname: Linux
      nodename: sc-runner
      release: 6.8.0-1014-azure
      version: '#16-Ubuntu SMP Thu Aug 15 20:04:41 UTC 2024'
      machine: x86_64
      compiler: 'musl-gcc 13.2.1'
      uptime: 309
      totalram: 16765734912
      freeram: 6722506752
      sharedram: 54878208
      bufferram: 221736960
      totalswap: 0
      freeswap: 0
      pagesize: 4096
      cpus: 2
      cpus-online: 2
      ticks-per-second: 100

metrics:
    - stressor: cpu
      bogo-ops: 37713
      bogo-ops-per-second-usr-sys-time: 1885.940623
      bogo-ops-per-second-real-time: 1885.641975
      wall-clock-time: 20.000085
      user-time: 19.995918
      system-time: 0.001000
      cpu-usage-per-instance: 99.984164
      max-rss: 3280

...
