BaselineInfo:
  WebDBID: -1
  TimeStamp: 20260612222550
Version:
  Major: 11
  Minor: 0
  Build: 1004
  SpecialBuildName: ""
  ptArchitecture: x86_64_linux
Results:
  Results Complete: true
  NumTestProcesses: 8
  CPU_INTEGER_MATH: 49218.146666666667
  CPU_FLOATINGPOINT_MATH: 45043.742216601975
  CPU_PRIME: 154.7809118808452
  CPU_SORTING: 30691.027406902587
  CPU_ENCRYPTION: 10467.115057958221
  CPU_COMPRESSION: 211898.47916784213
  CPU_SINGLETHREAD: 2977.123553509628
  CPU_PHYSICS: 2845.9992813607651
  CPU_MATRIX_MULT_SSE: 20135.215721167526
  CPU_mm: 2097.2140944157309
  CPU_sse: 9569.5744645824907
  CPU_fma: 27731.290451421526
  CPU_avx: 23104.782247498555
  CPU_avx512: 0
  m_CPU_enc_SHA: 14642202292.977333
  m_CPU_enc_AES: 9324284049.9104748
  m_CPU_enc_ECDSA: 8960210574.1529922
  ME_ALLOC_S: 4283.9489088804412
  ME_READ_S: 27994.936132812501
  ME_READ_L: 25899.193359375
  ME_WRITE: 23424.20703125
  ME_LARGE: 55816.666666666664
  ME_LATENCY: 69.400190524272759
  ME_THREADED: 202138.078125
  SUMM_CPU: 20607.710177264089
  SUMM_ME: 2868.0146750424228
SystemInformation:
  OSName: Ubuntu 24.04.4 LTS
  Kernel: 6.8.0-124-generic
  Device: ""
  Processor: AMD EPYC-Milan Processor
  NumSockets: 1
  Manufacturer: AuthenticAMD
  NumCores: 4
  NumLogicals: 8
  CPUFrequency: 0
  CPUMaxFrequency: 0
  Memory: 64297
  CPUInfo:
    number: 1
    Family: 15
    Model: 1
    stepping: 1
    features: 395049983
    manufacture: AuthenticAMD
    typestring: AMD EPYC-Milan Processor
    iCoresPerPackage: 4
    iThreadsPerPackage: 2
    featuresEx:
      - 395049983
      - 4277809667
      - 802421759
    bHybrid: false
    nPCore: 0
    nLogicalsPerPCore: 0
    nECore: 0
    nLogicalsPerECore: 0
  MemModuleInfo:
    iNumMemSticks: 4
    DIMM 1:
      manufacturer: QEMU
      modulePartNo: Not Specified
      memType: RAM
      size: 16
      clkspeed: 0
      moduleVoltage: 0
    DIMM 2:
      manufacturer: QEMU
      modulePartNo: Not Specified
      memType: RAM
      size: 16
      clkspeed: 0
      moduleVoltage: 0
    DIMM 3:
      manufacturer: QEMU
      modulePartNo: Not Specified
      memType: RAM
      size: 16
      clkspeed: 0
      moduleVoltage: 0
    DIMM 4:
      manufacturer: QEMU
      modulePartNo: Not Specified
      memType: RAM
      size: 16
      clkspeed: 0
      moduleVoltage: 0
Checksum: 685CCC91EB963C463FF9BCD894B775314A545EC6