BaselineInfo:
  WebDBID: -1
  TimeStamp: 20241109180242
Version:
  Major: 11
  Minor: 0
  Build: 1002
  SpecialBuildName: ""
  ptArchitecture: x86_64_linux
Results:
  Results Complete: true
  NumTestProcesses: 48
  CPU_INTEGER_MATH: 199366.43799999997
  CPU_FLOATINGPOINT_MATH: 109578.74198687277
  CPU_PRIME: 278.13197452974134
  CPU_SORTING: 102981.81055075287
  CPU_ENCRYPTION: 51422.076271690908
  CPU_COMPRESSION: 755442.12691555952
  CPU_SINGLETHREAD: 2395.0018791647576
  CPU_PHYSICS: 5138.9358549862918
  CPU_MATRIX_MULT_SSE: 44994.305526973461
  CPU_mm: 5392.5191862691636
  CPU_sse: 22906.241499804622
  CPU_fma: 62492.929318459195
  CPU_avx: 49583.745762656508
  CPU_avx512: 0
  m_CPU_enc_SHA: 74549667157.810944
  m_CPU_enc_AES: 47669852204.94455
  m_CPU_enc_ECDSA: 39540345783.238159
  ME_ALLOC_S: 19299.293260815048
  ME_READ_S: 24460.666015625
  ME_READ_L: 19192.765625
  ME_WRITE: 19339.5
  ME_LARGE: 375451
  ME_LATENCY: 62.798889333226441
  ME_THREADED: 115348.5634765625
  SUMM_CPU: 51293.971711028142
  SUMM_ME: 2911.9907076393342
SystemInformation:
  OSName: Ubuntu 24.04.1 LTS
  Kernel: 6.8.0-1017-azure
  Device: ""
  Processor: AMD EPYC 7763 64-Core Processor
  NumSockets: 1
  Manufacturer: AuthenticAMD
  NumCores: 24
  NumLogicals: 48
  CPUFrequency: 0
  Memory: 386748
  MemModuleInfo:
    iNumMemSticks: 3
    DIMM 1:
      manufacturer: Microsoft Corporation
      modulePartNo: None
      memType: Unknown
      size: 1
      clkspeed: 0
      moduleVoltage: 0
    DIMM 2:
      manufacturer: Microsoft Corporation
      modulePartNo: None
      memType: Unknown
      size: 60928
      clkspeed: 0
      moduleVoltage: 0
    DIMM 3:
      manufacturer: Microsoft Corporation
      modulePartNo: None
      memType: Unknown
      size: 331264
      clkspeed: 0
      moduleVoltage: 0
Checksum: 53D654F5687DB5A655498BC739FDCD2489D53570