BaselineInfo:
  WebDBID: -1
  TimeStamp: 20251202151928
Version:
  Major: 11
  Minor: 0
  Build: 1002
  SpecialBuildName: ""
  ptArchitecture: x86_64_linux
Results:
  Results Complete: true
  NumTestProcesses: 1
  CPU_INTEGER_MATH: 7622.3469999999998
  CPU_FLOATINGPOINT_MATH: 7647.5633779981781
  CPU_PRIME: 30.258801937174809
  CPU_SORTING: 4729.4259950713667
  CPU_ENCRYPTION: 1576.9321846386331
  CPU_COMPRESSION: 32931.623643711362
  CPU_SINGLETHREAD: 3603.0711298364977
  CPU_PHYSICS: 490.65673039007766
  CPU_MATRIX_MULT_SSE: 2732.4868357146179
  CPU_mm: 368.45990198270687
  CPU_sse: 1103.8139216617071
  CPU_fma: 4354.39550336091
  CPU_avx: 2218.2242681901575
  CPU_avx512: 3253.5136496456967
  m_CPU_enc_SHA: 2201021643.9223547
  m_CPU_enc_AES: 1378664144.8021615
  m_CPU_enc_ECDSA: 1380913938.5944023
  ME_ALLOC_S: 1507.4652020936637
  ME_READ_S: 33815.904687499999
  ME_READ_L: 32363.46875
  ME_WRITE: 32165.251953125
  ME_LARGE: 541
  ME_LATENCY: 82.194721117328882
  ME_THREADED: 32362.76953125
  SUMM_CPU: 3487.4851565152271
  SUMM_ME: 993.33406373035064
SystemInformation:
  OSName: Ubuntu 24.04.2 LTS
  Kernel: 6.14.0-1017-aws
  Device: ""
  Processor: AMD EPYC 9R45
  NumSockets: 1
  Manufacturer: AuthenticAMD
  NumCores: 1
  NumLogicals: 1
  CPUFrequency: 0
  Memory: 1895
  MemModuleInfo:
    iNumMemSticks: 1
    DIMM 1:
      manufacturer: Not Specified
      modulePartNo: Not Specified
      memType: DDR5
      size: 2
      clkspeed: 3200
      moduleVoltage: 0
Checksum: E08B916853D9E9B415E244E460F402FF9CF5F5E0