BaselineInfo:
  WebDBID: -1
  TimeStamp: 20250613223926
Version:
  Major: 11
  Minor: 0
  Build: 1002
  SpecialBuildName: ""
  ptArchitecture: x86_64_linux
Results:
  Results Complete: true
  NumTestProcesses: 4
  CPU_INTEGER_MATH: 18944.101666666666
  CPU_FLOATINGPOINT_MATH: 10611.192084803195
  CPU_PRIME: 46.914389455752485
  CPU_SORTING: 11585.410724322339
  CPU_ENCRYPTION: 4820.2797174824846
  CPU_COMPRESSION: 79455.559421251412
  CPU_SINGLETHREAD: 2899.2712371432581
  CPU_PHYSICS: 923.94131104728081
  CPU_MATRIX_MULT_SSE: 5355.958316927532
  CPU_mm: 507.8018460062662
  CPU_sse: 2230.9976673765368
  CPU_fma: 6995.8488611359617
  CPU_avx: 5769.8457218585772
  CPU_avx512: 6427.1410173390504
  m_CPU_enc_SHA: 6720955699.6891317
  m_CPU_enc_AES: 4560897520.3903561
  m_CPU_enc_ECDSA: 3881435655.0372524
  ME_ALLOC_S: 1938.7685464913166
  ME_READ_S: 27751.611718749999
  ME_READ_L: 26186.97265625
  ME_WRITE: 25464.095703125
  ME_LARGE: 22701
  ME_LATENCY: 81.251834721419783
  ME_THREADED: 36286.576171875
  SUMM_CPU: 7548.3983675451318
  SUMM_ME: 2313.3759958903947
SystemInformation:
  OSName: Ubuntu 24.04.2 LTS
  Kernel: 6.11.0-1015-azure
  Device: ""
  Processor: AMD EPYC 9V74 80-Core Processor
  NumSockets: 1
  Manufacturer: AuthenticAMD
  NumCores: 2
  NumLogicals: 4
  CPUFrequency: 0
  Memory: 32099
  MemModuleInfo:
    iNumMemSticks: 2
    DIMM 1:
      manufacturer: Microsoft Corporation
      modulePartNo: None
      memType: Unknown
      size: 1
      clkspeed: 0
      moduleVoltage: 0
    DIMM 2:
      manufacturer: Microsoft Corporation
      modulePartNo: None
      memType: Unknown
      size: 31
      clkspeed: 0
      moduleVoltage: 0
Checksum: D7DE4AD9776BC735428090BD389AE0F83166A847