---
system-info:
      stress-ng-version: 0.17.08
      run-by: root
      date-yyyy-mm-dd: 2024:09:03
      time-hh-mm-ss: 08:07:58
      epoch-secs: 1725350878
      hostname: sc-runner
      sysname: Linux
      nodename: sc-runner
      release: 6.8.0-1013-azure
      version: '#15-Ubuntu SMP Thu Aug  8 18:40:40 UTC 2024'
      machine: x86_64
      compiler: 'musl-gcc 13.2.1'
      uptime: 340
      totalram: 33648103424
      freeram: 25037832192
      sharedram: 38199296
      bufferram: 209211392
      totalswap: 0
      freeswap: 0
      pagesize: 4096
      cpus: 16
      cpus-online: 16
      ticks-per-second: 100

metrics:
    - stressor: cpu
      bogo-ops: 431177
      bogo-ops-per-second-usr-sys-time: 1349.083269
      bogo-ops-per-second-real-time: 21558.771021
      wall-clock-time: 20.000073
      user-time: 319.580417
      system-time: 0.026986
      cpu-usage-per-instance: 99.876948
      max-rss: 3152

...
