---
system-info:
      stress-ng-version: 0.17.08
      run-by: root
      date-yyyy-mm-dd: 2024:07:12
      time-hh-mm-ss: 15:43:55
      epoch-secs: 1720799035
      hostname: ip-172-31-6-54
      sysname: Linux
      nodename: ip-172-31-6-54
      release: 6.8.0-1010-aws
      version: '#10-Ubuntu SMP Thu Jun 13 17:36:15 UTC 2024'
      machine: x86_64
      compiler: 'musl-gcc 13.2.1'
      uptime: 252
      totalram: 803034415104
      freeram: 792787021824
      sharedram: 37732352
      bufferram: 133914624
      totalswap: 0
      freeswap: 0
      pagesize: 4096
      cpus: 192
      cpus-online: 192
      ticks-per-second: 100

metrics:
    - stressor: cpu
      bogo-ops: 15037
      bogo-ops-per-second-usr-sys-time: 751.907032
      bogo-ops-per-second-real-time: 751.840374
      wall-clock-time: 20.000256
      user-time: 19.998483
      system-time: 0.000000
      cpu-usage-per-instance: 99.991135
      max-rss: 0

...
