BaselineInfo:
  WebDBID: -1
  TimeStamp: 20241108080531
Version:
  Major: 11
  Minor: 0
  Build: 1002
  SpecialBuildName: ""
  ptArchitecture: aarch64_linux
Results:
  Results Complete: true
  NumTestProcesses: 32
  CPU_INTEGER_MATH: 148672.01200000002
  CPU_FLOATINGPOINT_MATH: 113167.99083101044
  CPU_PRIME: 169.91129856503352
  CPU_SORTING: 105496.40472658844
  CPU_ENCRYPTION: 5158.6869983141078
  CPU_COMPRESSION: 179209.29888450805
  CPU_SINGLETHREAD: 1329.1698693142384
  CPU_PHYSICS: 2933.6448588215162
  CPU_MATRIX_MULT_SSE: 23522.540849134384
  CPU_mm: 3916.8897216623004
  CPU_sse: 19695.919975527864
  CPU_fma: 27349.161722740897
  CPU_avx: 0
  CPU_avx512: 0
  m_CPU_enc_SHA: 7742972665.0116062
  m_CPU_enc_AES: 3580570328.0761919
  m_CPU_enc_ECDSA: 4904283140.7448454
  ME_ALLOC_S: 20329.106189947666
  ME_READ_S: 11349.8619140625
  ME_READ_L: 8611.47265625
  ME_WRITE: 14788.6875
  ME_LARGE: 52260.666666666664
  ME_LATENCY: 72.096689473408475
  ME_THREADED: 155553.91943359375
  SUMM_CPU: 20318.203110866063
  SUMM_ME: 1917.5444625964196
SystemInformation:
  OSName: Ubuntu 24.04.1 LTS
  Kernel: 6.8.0-1017-azure
  Device: ""
  Processor: ARM Neoverse-N1 32 Core 0 MHz
  NumSockets: 1
  Manufacturer: ARM
  NumCores: 32
  NumLogicals: 32
  CPUFrequency: 0
  Memory: 64168
Checksum: 1061A91453E7DB82588DEA3572852423D2ED54B7