BaselineInfo:
  WebDBID: -1
  TimeStamp: 20250418091323
Version:
  Major: 11
  Minor: 0
  Build: 1002
  SpecialBuildName: ""
  ptArchitecture: x86_64_linux
Results:
  Results Complete: true
  NumTestProcesses: 96
  CPU_INTEGER_MATH: 382142.59000000014
  CPU_FLOATINGPOINT_MATH: 270830.6433885385
  CPU_PRIME: 747.16359128953547
  CPU_SORTING: 179495.17707608416
  CPU_ENCRYPTION: 83755.938042442998
  CPU_COMPRESSION: 1345107.5400099873
  CPU_SINGLETHREAD: 2918.5347038823757
  CPU_PHYSICS: 11040.665771088279
  CPU_MATRIX_MULT_SSE: 101312.09061977107
  CPU_mm: 10342.608236058621
  CPU_sse: 43150.415590315584
  CPU_fma: 115513.80034657652
  CPU_avx: 89126.063180645491
  CPU_avx512: 157458.08336154677
  m_CPU_enc_SHA: 88681545181.330338
  m_CPU_enc_AES: 114630614252.96408
  m_CPU_enc_ECDSA: 60161240032.083755
  ME_ALLOC_S: 31719.072526091484
  ME_READ_S: 25455.989062500001
  ME_READ_L: 9893.466796875
  ME_WRITE: 9171.3447265625
  ME_LARGE: 181343.41666666666
  ME_LATENCY: 70.807775843197291
  ME_THREADED: 276808.75927734375
  SUMM_CPU: 86003.681543843617
  SUMM_ME: 2336.8268747674715
SystemInformation:
  OSName: Ubuntu 24.04.2 LTS
  Kernel: 6.8.0-1021-azure
  Device: ""
  Processor: INTEL XEON PLATINUM 8573C
  NumSockets: 1
  Manufacturer: GenuineIntel
  NumCores: 48
  NumLogicals: 96
  CPUFrequency: 2300
  Memory: 193384
  MemModuleInfo:
    iNumMemSticks: 4
    DIMM 1:
      manufacturer: Microsoft Corporation
      modulePartNo: None
      memType: Unknown
      size: 1
      clkspeed: 0
      moduleVoltage: 0
    DIMM 2:
      manufacturer: Microsoft Corporation
      modulePartNo: None
      memType: Unknown
      size: 59
      clkspeed: 0
      moduleVoltage: 0
    DIMM 3:
      manufacturer: Microsoft Corporation
      modulePartNo: None
      memType: Unknown
      size: 36
      clkspeed: 0
      moduleVoltage: 0
    DIMM 4:
      manufacturer: Microsoft Corporation
      modulePartNo: None
      memType: Unknown
      size: 96
      clkspeed: 0
      moduleVoltage: 0
Checksum: 266F2B55CDBB58810E7D0E49FD99F8CEAEF5D3C1