---
system-info:
      stress-ng-version: 0.17.08
      run-by: root
      date-yyyy-mm-dd: 2024:09:23
      time-hh-mm-ss: 12:54:24
      epoch-secs: 1727096064
      hostname: sc-runner
      sysname: Linux
      nodename: sc-runner
      release: 6.8.0-1014-azure
      version: '#16-Ubuntu SMP Thu Aug 15 20:04:41 UTC 2024'
      machine: x86_64
      compiler: 'musl-gcc 13.2.1'
      uptime: 359
      totalram: 202597699584
      freeram: 191663800320
      sharedram: 38289408
      bufferram: 252510208
      totalswap: 0
      freeswap: 0
      pagesize: 4096
      cpus: 48
      cpus-online: 48
      ticks-per-second: 100

metrics:
    - stressor: cpu
      bogo-ops: 54330
      bogo-ops-per-second-usr-sys-time: 2716.492530
      bogo-ops-per-second-real-time: 2716.494398
      wall-clock-time: 20.000041
      user-time: 19.999056
      system-time: 0.000999
      cpu-usage-per-instance: 100.000069
      max-rss: 3200

...
