BaselineInfo:
  WebDBID: -1
  TimeStamp: 20241107092029
Version:
  Major: 11
  Minor: 0
  Build: 1002
  SpecialBuildName: ""
  ptArchitecture: x86_64_linux
Results:
  Results Complete: true
  NumTestProcesses: 2
  CPU_INTEGER_MATH: 7160.2790000000005
  CPU_FLOATINGPOINT_MATH: 6040.2253393043793
  CPU_PRIME: 23.042644862136306
  CPU_SORTING: 4305.0774307228967
  CPU_ENCRYPTION: 917.83165916653024
  CPU_COMPRESSION: 35447.406533083122
  CPU_SINGLETHREAD: 1792.2698529232405
  CPU_PHYSICS: 403.67089236782152
  CPU_MATRIX_MULT_SSE: 2965.3051529255972
  CPU_mm: 328.51232890018622
  CPU_sse: 1241.2213330404606
  CPU_fma: 4070.4959155918518
  CPU_avx: 2714.5741085651489
  CPU_avx512: 3834.9292545049266
  m_CPU_enc_SHA: 506070841.02336359
  m_CPU_enc_AES: 1940655830.5824137
  m_CPU_enc_ECDSA: 440522077.92083365
  ME_ALLOC_S: 1281.8956780097353
  ME_READ_S: 21599.447460937499
  ME_READ_L: 8420.421875
  ME_WRITE: 7752.0595703125
  ME_LARGE: 662
  ME_LATENCY: 56.269014460746895
  ME_THREADED: 16331.60791015625
  SUMM_CPU: 2950.5714623525464
  SUMM_ME: 984.39170858180887
SystemInformation:
  OSName: Ubuntu 24.04.1 LTS
  Kernel: 6.8.0-1017-azure
  Device: ""
  Processor: Intel Xeon Platinum 8272CL CPU @ 2.60GHz
  NumSockets: 1
  Manufacturer: GenuineIntel
  NumCores: 2
  NumLogicals: 2
  CPUFrequency: 0
  Memory: 6930
  MemModuleInfo:
    iNumMemSticks: 2
    DIMM 1:
      manufacturer: Microsoft Corporation
      modulePartNo: None
      memType: Unknown
      size: 1
      clkspeed: 0
      moduleVoltage: 0
    DIMM 2:
      manufacturer: Microsoft Corporation
      modulePartNo: None
      memType: Unknown
      size: 6
      clkspeed: 0
      moduleVoltage: 0
Checksum: 37B6128AEB8B1AB55674F414288EA746BD124A51