---
system-info:
      stress-ng-version: 0.17.08
      run-by: root
      date-yyyy-mm-dd: 2024:06:06
      time-hh-mm-ss: 16:44:53
      epoch-secs: 1717692293
      hostname: 6150af979010
      sysname: Linux
      nodename: 6150af979010
      release: 6.8.0-1008-aws
      version: '#8-Ubuntu SMP Sat Apr 20 02:43:14 UTC 2024'
      machine: aarch64
      compiler: 'musl-gcc 13.2.1'
      uptime: 132
      totalram: 33021648896
      freeram: 28705873920
      sharedram: 34951168
      bufferram: 84705280
      totalswap: 0
      freeswap: 0
      pagesize: 4096
      cpus: 16
      cpus-online: 16
      ticks-per-second: 100

metrics:
    - stressor: cpu
      bogo-ops: 4267
      bogo-ops-per-second-usr-sys-time: 424.721689
      bogo-ops-per-second-real-time: 424.707523
      wall-clock-time: 10.046914
      user-time: 10.046579
      system-time: 0.000000
      cpu-usage-per-instance: 99.996665
      max-rss: 4136

...
