---
system-info:
      stress-ng-version: 0.17.08
      run-by: root
      date-yyyy-mm-dd: 2024:06:15
      time-hh-mm-ss: 09:55:27
      epoch-secs: 1718445327
      hostname: babc233a334c
      sysname: Linux
      nodename: babc233a334c
      release: 6.8.0-1008-aws
      version: '#8-Ubuntu SMP Sat Apr 20 02:43:14 UTC 2024'
      machine: aarch64
      compiler: 'musl-gcc 13.2.1'
      uptime: 141
      totalram: 33021648896
      freeram: 28579012608
      sharedram: 34951168
      bufferram: 107769856
      totalswap: 0
      freeswap: 0
      pagesize: 4096
      cpus: 16
      cpus-online: 16
      ticks-per-second: 100

metrics:
    - stressor: cpu
      bogo-ops: 30657
      bogo-ops-per-second-usr-sys-time: 1532.823712
      bogo-ops-per-second-real-time: 1532.843184
      wall-clock-time: 20.000089
      user-time: 19.999344
      system-time: 0.000999
      cpu-usage-per-instance: 100.001270
      max-rss: 1320

...
