---
system-info:
      stress-ng-version: 0.17.08
      run-by: root
      date-yyyy-mm-dd: 2024:06:13
      time-hh-mm-ss: 17:56:53
      epoch-secs: 1718301413
      hostname: e77cd8f6d967
      sysname: Linux
      nodename: e77cd8f6d967
      release: 6.8.0-1008-aws
      version: '#8-Ubuntu SMP Sat Apr 20 00:46:25 UTC 2024'
      machine: x86_64
      compiler: 'musl-gcc 13.2.1'
      uptime: 157
      totalram: 401274101760
      freeram: 396461006848
      sharedram: 41127936
      bufferram: 106004480
      totalswap: 0
      freeswap: 0
      pagesize: 4096
      cpus: 48
      cpus-online: 48
      ticks-per-second: 100

metrics:
    - stressor: cpu
      bogo-ops: 810942
      bogo-ops-per-second-usr-sys-time: 845.155736
      bogo-ops-per-second-real-time: 40546.910937
      wall-clock-time: 20.000093
      user-time: 959.492845
      system-time: 0.024988
      cpu-usage-per-instance: 99.949308
      max-rss: 1152

...
