---
system-info:
      stress-ng-version: 0.17.08
      run-by: root
      date-yyyy-mm-dd: 2024:06:08
      time-hh-mm-ss: 04:54:55
      epoch-secs: 1717822495
      hostname: 67ee281ae665
      sysname: Linux
      nodename: 67ee281ae665
      release: 6.8.0-1008-aws
      version: '#8-Ubuntu SMP Sat Apr 20 00:46:25 UTC 2024'
      machine: x86_64
      compiler: 'musl-gcc 13.2.1'
      uptime: 114
      totalram: 401274114048
      freeram: 396457725952
      sharedram: 41127936
      bufferram: 96542720
      totalswap: 0
      freeswap: 0
      pagesize: 4096
      cpus: 48
      cpus-online: 48
      ticks-per-second: 100

metrics:
    - stressor: cpu
      bogo-ops: 482119
      bogo-ops-per-second-usr-sys-time: 1004.994270
      bogo-ops-per-second-real-time: 48202.010101
      wall-clock-time: 10.002052
      user-time: 479.651165
      system-time: 0.071968
      cpu-usage-per-instance: 99.921818
      max-rss: 3840

...
