BaselineInfo:
  WebDBID: -1
  TimeStamp: 20251105002131
Version:
  Major: 11
  Minor: 0
  Build: 1002
  SpecialBuildName: ""
  ptArchitecture: x86_64_linux
Results:
  Results Complete: true
  NumTestProcesses: 96
  CPU_INTEGER_MATH: 709577.21866666654
  CPU_FLOATINGPOINT_MATH: 651143.69501605839
  CPU_PRIME: 2151.6756926117009
  CPU_SORTING: 334242.45310484362
  CPU_ENCRYPTION: 137383.75291413904
  CPU_COMPRESSION: 2421930.4951663786
  CPU_SINGLETHREAD: 3822.8075614347827
  CPU_PHYSICS: 29433.643663783776
  CPU_MATRIX_MULT_SSE: 203538.50463729064
  CPU_mm: 23877.662664460739
  CPU_sse: 77088.202887787105
  CPU_fma: 272440.39685690048
  CPU_avx: 158567.6649004902
  CPU_avx512: 306057.75390398514
  m_CPU_enc_SHA: 193183275534.29788
  m_CPU_enc_AES: 124207476339.51202
  m_CPU_enc_ECDSA: 114781166413.27893
  ME_ALLOC_S: 41791.81093654476
  ME_READ_S: 34116.373632812501
  ME_READ_L: 32816.13671875
  ME_WRITE: 32962.4609375
  ME_LARGE: 746880.33333333337
  ME_LATENCY: 83.103425572672947
  ME_THREADED: 743408.001953125
  SUMM_CPU: 139965.08108045603
  SUMM_ME: 2916.4538973715798
SystemInformation:
  OSName: Ubuntu 24.04.2 LTS
  Kernel: 6.14.0-1015-aws
  Device: ""
  Processor: AMD EPYC 9R45
  NumSockets: 1
  Manufacturer: AuthenticAMD
  NumCores: 96
  NumLogicals: 96
  CPUFrequency: 0
  Memory: 759465
  MemModuleInfo:
    iNumMemSticks: 1
    DIMM 1:
      manufacturer: Not Specified
      modulePartNo: Not Specified
      memType: DDR5
      size: 768
      clkspeed: 3200
      moduleVoltage: 0
Checksum: 9753288DB3417C05388F80E4DFB6E45DE8D5249F