---
system-info:
      stress-ng-version: 0.17.08
      run-by: root
      date-yyyy-mm-dd: 2024:09:19
      time-hh-mm-ss: 22:40:15
      epoch-secs: 1726785615
      hostname: sc-runner
      sysname: Linux
      nodename: sc-runner
      release: 6.8.0-1014-azure
      version: '#16-Ubuntu SMP Thu Aug 15 20:04:41 UTC 2024'
      machine: x86_64
      compiler: 'musl-gcc 13.2.1'
      uptime: 281
      totalram: 4102078464
      freeram: 266276864
      sharedram: 38084608
      bufferram: 227160064
      totalswap: 0
      freeswap: 0
      pagesize: 4096
      cpus: 2
      cpus-online: 2
      ticks-per-second: 100

metrics:
    - stressor: cpu
      bogo-ops: 53828
      bogo-ops-per-second-usr-sys-time: 1357.873711
      bogo-ops-per-second-real-time: 2691.389300
      wall-clock-time: 20.000080
      user-time: 39.629412
      system-time: 0.011977
      cpu-usage-per-instance: 99.103079
      max-rss: 1104

...
