---
system-info:
      stress-ng-version: 0.17.08
      run-by: root
      date-yyyy-mm-dd: 2024:08:30
      time-hh-mm-ss: 20:18:05
      epoch-secs: 1725049085
      hostname: sc-runner
      sysname: Linux
      nodename: sc-runner
      release: 6.8.0-1013-azure
      version: '#15-Ubuntu SMP Thu Aug  8 18:40:40 UTC 2024'
      machine: x86_64
      compiler: 'musl-gcc 13.2.1'
      uptime: 458
      totalram: 33653030912
      freeram: 25161617408
      sharedram: 56983552
      bufferram: 208715776
      totalswap: 0
      freeswap: 0
      pagesize: 4096
      cpus: 2
      cpus-online: 2
      ticks-per-second: 100

metrics:
    - stressor: cpu
      bogo-ops: 18738
      bogo-ops-per-second-usr-sys-time: 937.044445
      bogo-ops-per-second-real-time: 936.891769
      wall-clock-time: 20.000176
      user-time: 19.991873
      system-time: 0.005044
      cpu-usage-per-instance: 99.983707
      max-rss: 3280

...
