---
system-info:
      stress-ng-version: 0.17.08
      run-by: root
      date-yyyy-mm-dd: 2024:06:09
      time-hh-mm-ss: 11:18:52
      epoch-secs: 1717931932
      hostname: ba0ca9618f3b
      sysname: Linux
      nodename: ba0ca9618f3b
      release: 6.8.0-1008-aws
      version: '#8-Ubuntu SMP Sat Apr 20 00:46:25 UTC 2024'
      machine: x86_64
      compiler: 'musl-gcc 13.2.1'
      uptime: 130
      totalram: 64290291712
      freeram: 59764969472
      sharedram: 27590656
      bufferram: 107061248
      totalswap: 0
      freeswap: 0
      pagesize: 4096
      cpus: 8
      cpus-online: 8
      ticks-per-second: 100

metrics:
    - stressor: cpu
      bogo-ops: 83443
      bogo-ops-per-second-usr-sys-time: 1045.983368
      bogo-ops-per-second-real-time: 8342.752282
      wall-clock-time: 10.001855
      user-time: 79.761692
      system-time: 0.012999
      cpu-usage-per-instance: 99.699868
      max-rss: 3920

...
