---
system-info:
      stress-ng-version: 0.17.08
      run-by: root
      date-yyyy-mm-dd: 2024:06:15
      time-hh-mm-ss: 13:41:52
      epoch-secs: 1718458912
      hostname: 3a86492f92ba
      sysname: Linux
      nodename: 3a86492f92ba
      release: 6.8.0-1008-aws
      version: '#8-Ubuntu SMP Sat Apr 20 00:46:25 UTC 2024'
      machine: x86_64
      compiler: 'musl-gcc 13.2.1'
      uptime: 136
      totalram: 64290299904
      freeram: 59894218752
      sharedram: 27590656
      bufferram: 108609536
      totalswap: 0
      freeswap: 0
      pagesize: 4096
      cpus: 8
      cpus-online: 8
      ticks-per-second: 100

metrics:
    - stressor: cpu
      bogo-ops: 134475
      bogo-ops-per-second-usr-sys-time: 842.700516
      bogo-ops-per-second-real-time: 6723.712699
      wall-clock-time: 20.000111
      user-time: 159.568265
      system-time: 0.007999
      cpu-usage-per-instance: 99.734612
      max-rss: 1104

...
