BaselineInfo:
  WebDBID: -1
  TimeStamp: 20241108165717
Version:
  Major: 11
  Minor: 0
  Build: 1002
  SpecialBuildName: ""
  ptArchitecture: x86_64_linux
Results:
  Results Complete: true
  NumTestProcesses: 16
  CPU_INTEGER_MATH: 96708.863333333342
  CPU_FLOATINGPOINT_MATH: 85351.877317635604
  CPU_PRIME: 304.4511846150117
  CPU_SORTING: 59811.127335675104
  CPU_ENCRYPTION: 20865.410254216516
  CPU_COMPRESSION: 420821.96274715121
  CPU_SINGLETHREAD: 2889.7018396448052
  CPU_PHYSICS: 4214.2368713635833
  CPU_MATRIX_MULT_SSE: 39823.243392015334
  CPU_mm: 4174.6167862031944
  CPU_sse: 18630.109204256052
  CPU_fma: 54713.719897629868
  CPU_avx: 46897.975441870716
  CPU_avx512: 39051.169024304691
  m_CPU_enc_SHA: 28935036370.781837
  m_CPU_enc_AES: 18353476749.127975
  m_CPU_enc_ECDSA: 18348392148.266201
  ME_ALLOC_S: 14878.684506626152
  ME_READ_S: 27847.499804687501
  ME_READ_L: 27124.236328125
  ME_WRITE: 25892.404296875
  ME_LARGE: 115752.5
  ME_LATENCY: 77.525397060869565
  ME_THREADED: 81383.7939453125
  SUMM_CPU: 36591.736293780144
  SUMM_ME: 2737.5710803846837
SystemInformation:
  OSName: Ubuntu 24.04.1 LTS
  Kernel: 6.8.0-1016-aws
  Device: ""
  Processor: AMD EPYC 9R14
  NumSockets: 1
  Manufacturer: AuthenticAMD
  NumCores: 16
  NumLogicals: 16
  CPUFrequency: 0
  Memory: 126088
  MemModuleInfo:
    iNumMemSticks: 1
    DIMM 1:
      manufacturer: Not Specified
      modulePartNo: Not Specified
      memType: DDR5
      size: 128
      clkspeed: 2400
      moduleVoltage: 0
Checksum: D72B7BADAC2D06C88EF09E7A76B04A87FEA2D182