---
system-info:
      stress-ng-version: 0.17.08
      run-by: root
      date-yyyy-mm-dd: 2024:09:17
      time-hh-mm-ss: 12:05:18
      epoch-secs: 1726574718
      hostname: sc-runner
      sysname: Linux
      nodename: sc-runner
      release: 6.8.0-1014-azure
      version: '#16-Ubuntu SMP Thu Aug 15 20:04:41 UTC 2024'
      machine: x86_64
      compiler: 'musl-gcc 13.2.1'
      uptime: 334
      totalram: 270438903808
      freeram: 258462773248
      sharedram: 80093184
      bufferram: 329576448
      totalswap: 0
      freeswap: 0
      pagesize: 4096
      cpus: 64
      cpus-online: 64
      ticks-per-second: 100

metrics:
    - stressor: cpu
      bogo-ops: 1190718
      bogo-ops-per-second-usr-sys-time: 930.791816
      bogo-ops-per-second-real-time: 59535.617199
      wall-clock-time: 20.000095
      user-time: 1279.172809
      system-time: 0.079951
      cpu-usage-per-instance: 99.941147
      max-rss: 2560

...
