BaselineInfo:
  WebDBID: -1
  TimeStamp: 20241108082320
Version:
  Major: 11
  Minor: 0
  Build: 1002
  SpecialBuildName: ""
  ptArchitecture: x86_64_linux
Results:
  Results Complete: true
  NumTestProcesses: 20
  CPU_INTEGER_MATH: 83223.62033333334
  CPU_FLOATINGPOINT_MATH: 45957.303623618733
  CPU_PRIME: 191.2464400204471
  CPU_SORTING: 45164.323775786135
  CPU_ENCRYPTION: 21632.246762565916
  CPU_COMPRESSION: 319660.76413355285
  CPU_SINGLETHREAD: 2395.50374733532
  CPU_PHYSICS: 3520.166602595777
  CPU_MATRIX_MULT_SSE: 18691.54114441558
  CPU_mm: 2251.576043659597
  CPU_sse: 9568.9527917019223
  CPU_fma: 26061.350064879411
  CPU_avx: 20444.320576665421
  CPU_avx512: 0
  m_CPU_enc_SHA: 31349994405.484005
  m_CPU_enc_AES: 20050719169.654026
  m_CPU_enc_ECDSA: 16648450768.77492
  ME_ALLOC_S: 8946.1146787232155
  ME_READ_S: 24490.086718750001
  ME_READ_L: 20426.5703125
  ME_WRITE: 19096.958984375
  ME_LARGE: 150396.58333333334
  ME_LATENCY: 63.196102111248592
  ME_THREADED: 136255.1435546875
  SUMM_CPU: 27066.877147466494
  SUMM_ME: 2895.1470883304514
SystemInformation:
  OSName: Ubuntu 24.04.1 LTS
  Kernel: 6.8.0-1017-azure
  Device: ""
  Processor: AMD EPYC 7763 64-Core Processor
  NumSockets: 1
  Manufacturer: AuthenticAMD
  NumCores: 10
  NumLogicals: 20
  CPUFrequency: 0
  Memory: 161159
  MemModuleInfo:
    iNumMemSticks: 7
    DIMM 1:
      manufacturer: Microsoft Corporation
      modulePartNo: None
      memType: Unknown
      size: 1
      clkspeed: 0
      moduleVoltage: 0
    DIMM 2:
      manufacturer: Microsoft Corporation
      modulePartNo: None
      memType: Unknown
      size: 31
      clkspeed: 0
      moduleVoltage: 0
    DIMM 3:
      manufacturer: Microsoft Corporation
      modulePartNo: None
      memType: Unknown
      size: 29184
      clkspeed: 0
      moduleVoltage: 0
    DIMM 4:
      manufacturer: Microsoft Corporation
      modulePartNo: None
      memType: Unknown
      size: 3584
      clkspeed: 0
      moduleVoltage: 0
    DIMM 5:
      manufacturer: Microsoft Corporation
      modulePartNo: None
      memType: Unknown
      size: 32
      clkspeed: 0
      moduleVoltage: 0
    DIMM 6:
      manufacturer: Microsoft Corporation
      modulePartNo: None
      memType: Unknown
      size: 32
      clkspeed: 0
      moduleVoltage: 0
    DIMM 7:
      manufacturer: Microsoft Corporation
      modulePartNo: None
      memType: Unknown
      size: 32
      clkspeed: 0
      moduleVoltage: 0
Checksum: 652BF00E8C76DB7907319C9EC9BD7244C275181B