BaselineInfo:
  WebDBID: -1
  TimeStamp: 20241109085852
Version:
  Major: 11
  Minor: 0
  Build: 1002
  SpecialBuildName: ""
  ptArchitecture: x86_64_linux
Results:
  Results Complete: true
  NumTestProcesses: 64
  CPU_INTEGER_MATH: 265845.2053333334
  CPU_FLOATINGPOINT_MATH: 146036.90105391061
  CPU_PRIME: 362.02536438656671
  CPU_SORTING: 134287.22278645766
  CPU_ENCRYPTION: 68440.902950000876
  CPU_COMPRESSION: 1005568.2435074134
  CPU_SINGLETHREAD: 2394.6364658766993
  CPU_PHYSICS: 6014.8855635025584
  CPU_MATRIX_MULT_SSE: 56784.82361843199
  CPU_mm: 6976.028144554899
  CPU_sse: 28753.37591774809
  CPU_fma: 78999.854509127006
  CPU_avx: 62601.240428420904
  CPU_avx512: 0
  m_CPU_enc_SHA: 99354229035.924149
  m_CPU_enc_AES: 63547012380.106987
  m_CPU_enc_ECDSA: 52395223339.069344
  ME_ALLOC_S: 24967.46268806544
  ME_READ_S: 24446.937890624999
  ME_READ_L: 19911.33984375
  ME_WRITE: 19412.48828125
  ME_LARGE: 503624.83333333331
  ME_LATENCY: 61.625350566469884
  ME_THREADED: 140057.8837890625
  SUMM_CPU: 61486.593164418628
  SUMM_ME: 2978.8220786747302
SystemInformation:
  OSName: Ubuntu 24.04.1 LTS
  Kernel: 6.8.0-1017-azure
  Device: ""
  Processor: AMD EPYC 7763 64-Core Processor
  NumSockets: 1
  Manufacturer: AuthenticAMD
  NumCores: 32
  NumLogicals: 64
  CPUFrequency: 0
  Memory: 515766
  MemModuleInfo:
    iNumMemSticks: 3
    DIMM 1:
      manufacturer: Microsoft Corporation
      modulePartNo: None
      memType: Unknown
      size: 1
      clkspeed: 0
      moduleVoltage: 0
    DIMM 2:
      manufacturer: Microsoft Corporation
      modulePartNo: None
      memType: Unknown
      size: 59
      clkspeed: 0
      moduleVoltage: 0
    DIMM 3:
      manufacturer: Microsoft Corporation
      modulePartNo: None
      memType: Unknown
      size: 452
      clkspeed: 0
      moduleVoltage: 0
Checksum: 4EC0DE81E7B94E311B372BD72F9E83630D2BB415