BaselineInfo:
  WebDBID: -1
  TimeStamp: 20250829063618
Version:
  Major: 11
  Minor: 0
  Build: 1002
  SpecialBuildName: ""
  ptArchitecture: aarch64_linux
Results:
  Results Complete: true
  NumTestProcesses: 96
  CPU_INTEGER_MATH: 500982.39000000001
  CPU_FLOATINGPOINT_MATH: 582051.88185758912
  CPU_PRIME: 851.43696250952382
  CPU_SORTING: 431606.7615602329
  CPU_ENCRYPTION: 18192.265111355129
  CPU_COMPRESSION: 638806.00840028329
  CPU_SINGLETHREAD: 1947.5744679621073
  CPU_PHYSICS: 19381.755219899795
  CPU_MATRIX_MULT_SSE: 80540.171738188292
  CPU_mm: 10946.4470918262
  CPU_sse: 63340.184119118552
  CPU_fma: 97740.159357258104
  CPU_avx: 0
  CPU_avx512: 0
  m_CPU_enc_SHA: 28703000123.387405
  m_CPU_enc_AES: 10303734689.977663
  m_CPU_enc_ECDSA: 18221182930.847881
  ME_ALLOC_S: 48061.020614431705
  ME_READ_S: 21207.223437500001
  ME_READ_L: 20207.84375
  ME_WRITE: 21332.318359375
  ME_LARGE: 758021.5
  ME_LATENCY: 46.814378246076728
  ME_THREADED: 505315.21923828125
  SUMM_CPU: 56911.675754472395
  SUMM_ME: 3408.4654234100167
SystemInformation:
  OSName: Ubuntu 24.04.2 LTS
  Kernel: 6.14.0-1011-aws
  Device: ""
  Processor: ARM Neoverse-V2 96 Core 0 MHz
  NumSockets: 1
  Manufacturer: ARM
  NumCores: 96
  NumLogicals: 96
  CPUFrequency: 0
  Memory: 772071
Checksum: 21FE74D7F229CD8E99DBDC1F85B84518EF43C0A6