BaselineInfo:
  WebDBID: -1
  TimeStamp: 20241114163553
Version:
  Major: 11
  Minor: 0
  Build: 1002
  SpecialBuildName: ""
  ptArchitecture: x86_64_linux
Results:
  Results Complete: true
  NumTestProcesses: 2
  CPU_INTEGER_MATH: 8370.3556666666664
  CPU_FLOATINGPOINT_MATH: 4281.991199793667
  CPU_PRIME: 19.095254086015004
  CPU_SORTING: 4408.9255204041237
  CPU_ENCRYPTION: 1786.0367833910661
  CPU_COMPRESSION: 32408.924873408479
  CPU_SINGLETHREAD: 2376.990559474053
  CPU_PHYSICS: 366.75815431833803
  CPU_MATRIX_MULT_SSE: 1720.0669351001889
  CPU_mm: 178.98996124859718
  CPU_sse: 794.28926463883386
  CPU_fma: 2180.7621897101208
  CPU_avx: 1611.9001905098103
  CPU_avx512: 2293.3160955419908
  m_CPU_enc_SHA: 1835026891.7084882
  m_CPU_enc_AES: 2666247267.8240833
  m_CPU_enc_ECDSA: 1117111759.0106401
  ME_ALLOC_S: 1034.8792384646733
  ME_READ_S: 23967.971289062501
  ME_READ_L: 11983.5712890625
  ME_WRITE: 11187.921875
  ME_LARGE: 669
  ME_LATENCY: 51.668104177429107
  ME_THREADED: 16147.32275390625
  SUMM_CPU: 3003.8007329911338
  SUMM_ME: 1051.7858882835551
SystemInformation:
  OSName: Ubuntu 24.04.1 LTS
  Kernel: 6.8.0-1017-azure
  Device: ""
  Processor: Intel Xeon Platinum 8370C CPU @ 2.80GHz
  NumSockets: 1
  Manufacturer: GenuineIntel
  NumCores: 1
  NumLogicals: 2
  CPUFrequency: 2800
  Memory: 7937
  MemModuleInfo:
    iNumMemSticks: 2
    DIMM 1:
      manufacturer: Microsoft Corporation
      modulePartNo: None
      memType: Unknown
      size: 1
      clkspeed: 0
      moduleVoltage: 0
    DIMM 2:
      manufacturer: Microsoft Corporation
      modulePartNo: None
      memType: Unknown
      size: 7
      clkspeed: 0
      moduleVoltage: 0
Checksum: 82AE8868239C4AD485F886DDB68DFF10087509F0