BaselineInfo:
  WebDBID: -1
  TimeStamp: 20241115092926
Version:
  Major: 11
  Minor: 0
  Build: 1002
  SpecialBuildName: ""
  ptArchitecture: x86_64_linux
Results:
  Results Complete: true
  NumTestProcesses: 2
  CPU_INTEGER_MATH: 8367.4683333333342
  CPU_FLOATINGPOINT_MATH: 4279.9063535557179
  CPU_PRIME: 19.111606213345247
  CPU_SORTING: 4389.2030287796515
  CPU_ENCRYPTION: 1806.2010186367729
  CPU_COMPRESSION: 32263.089040568626
  CPU_SINGLETHREAD: 2377.9866978525524
  CPU_PHYSICS: 366.7053739156886
  CPU_MATRIX_MULT_SSE: 1684.1679582990532
  CPU_mm: 180.55765224431747
  CPU_sse: 786.73078818134877
  CPU_fma: 2182.5793611945601
  CPU_avx: 1612.3061894858756
  CPU_avx512: 2155.0554943344287
  m_CPU_enc_SHA: 1832900548.6671953
  m_CPU_enc_AES: 2717042506.7021875
  m_CPU_enc_ECDSA: 1131874062.5848351
  ME_ALLOC_S: 1040.3963830545899
  ME_READ_S: 23900.574804687501
  ME_READ_L: 12108.1806640625
  ME_WRITE: 11105.9462890625
  ME_LARGE: 733
  ME_LATENCY: 51.206985011506298
  ME_THREADED: 16361.3447265625
  SUMM_CPU: 2993.9141752788041
  SUMM_ME: 1103.7923641431571
SystemInformation:
  OSName: Ubuntu 24.04.1 LTS
  Kernel: 6.8.0-1017-azure
  Device: ""
  Processor: Intel Xeon Platinum 8370C CPU @ 2.80GHz
  NumSockets: 1
  Manufacturer: GenuineIntel
  NumCores: 1
  NumLogicals: 2
  CPUFrequency: 2800
  Memory: 7937
  MemModuleInfo:
    iNumMemSticks: 2
    DIMM 1:
      manufacturer: Microsoft Corporation
      modulePartNo: None
      memType: Unknown
      size: 1
      clkspeed: 0
      moduleVoltage: 0
    DIMM 2:
      manufacturer: Microsoft Corporation
      modulePartNo: None
      memType: Unknown
      size: 7
      clkspeed: 0
      moduleVoltage: 0
Checksum: EA571280DBF12178F4A9CB0BEE83B77C7871117E