BaselineInfo:
  WebDBID: -1
  TimeStamp: 20241106214357
Version:
  Major: 11
  Minor: 0
  Build: 1002
  SpecialBuildName: ""
  ptArchitecture: x86_64_linux
Results:
  Results Complete: true
  NumTestProcesses: 2
  CPU_INTEGER_MATH: 8365.0779999999995
  CPU_FLOATINGPOINT_MATH: 4278.3523279040483
  CPU_PRIME: 18.609319202921281
  CPU_SORTING: 4417.1944919326115
  CPU_ENCRYPTION: 1815.2419688475272
  CPU_COMPRESSION: 32392.696093622188
  CPU_SINGLETHREAD: 2373.5523618422221
  CPU_PHYSICS: 364.14244386162721
  CPU_MATRIX_MULT_SSE: 1659.6479078759312
  CPU_mm: 180.39358718191997
  CPU_sse: 794.43757868712066
  CPU_fma: 2181.9569883638287
  CPU_avx: 1611.8219364942449
  CPU_avx512: 2050.3751279585299
  m_CPU_enc_SHA: 1832599453.1489661
  m_CPU_enc_AES: 2757094357.1576381
  m_CPU_enc_ECDSA: 1120563677.8721902
  ME_ALLOC_S: 1029.5519088658061
  ME_READ_S: 23975.870312499999
  ME_READ_L: 12048.6494140625
  ME_WRITE: 10813.400390625
  ME_LARGE: 712
  ME_LATENCY: 53.076559304119691
  ME_THREADED: 15586.77734375
  SUMM_CPU: 2989.2487290357622
  SUMM_ME: 1075.502501009317
SystemInformation:
  OSName: Ubuntu 24.04.1 LTS
  Kernel: 6.8.0-1017-azure
  Device: ""
  Processor: Intel Xeon Platinum 8370C CPU @ 2.80GHz
  NumSockets: 1
  Manufacturer: GenuineIntel
  NumCores: 1
  NumLogicals: 2
  CPUFrequency: 2800
  Memory: 7937
  MemModuleInfo:
    iNumMemSticks: 2
    DIMM 1:
      manufacturer: Microsoft Corporation
      modulePartNo: None
      memType: Unknown
      size: 1
      clkspeed: 0
      moduleVoltage: 0
    DIMM 2:
      manufacturer: Microsoft Corporation
      modulePartNo: None
      memType: Unknown
      size: 7
      clkspeed: 0
      moduleVoltage: 0
Checksum: E84AF05CA32760CADE8618384DA6F2D6FFE750A0