BaselineInfo:
  WebDBID: -1
  TimeStamp: 20241109103643
Version:
  Major: 11
  Minor: 0
  Build: 1002
  SpecialBuildName: ""
  ptArchitecture: x86_64_linux
Results:
  Results Complete: true
  NumTestProcesses: 48
  CPU_INTEGER_MATH: 201418.90599999996
  CPU_FLOATINGPOINT_MATH: 102968.56618010355
  CPU_PRIME: 233.76516356405577
  CPU_SORTING: 99396.182445214625
  CPU_ENCRYPTION: 43553.354202926654
  CPU_COMPRESSION: 727727.86951937119
  CPU_SINGLETHREAD: 2367.074969675477
  CPU_PHYSICS: 4029.0775744104935
  CPU_MATRIX_MULT_SSE: 42122.117950437176
  CPU_mm: 4339.1837575422542
  CPU_sse: 18837.779441969698
  CPU_fma: 51577.23860926459
  CPU_avx: 38724.859669615209
  CPU_avx512: 59348.594080899245
  m_CPU_enc_SHA: 44109155932.69928
  m_CPU_enc_AES: 66043071481.27607
  m_CPU_enc_ECDSA: 26854778396.088669
  ME_ALLOC_S: 21256.092832003244
  ME_READ_S: 24166.923632812501
  ME_READ_L: 12342.37109375
  ME_WRITE: 11031.7646484375
  ME_LARGE: 178662.08333333334
  ME_LATENCY: 59.216486777728015
  ME_THREADED: 158817.39868164062
  SUMM_CPU: 48532.602319633632
  SUMM_ME: 2662.8008578554936
SystemInformation:
  OSName: Ubuntu 24.04.1 LTS
  Kernel: 6.8.0-1016-aws
  Device: ""
  Processor: Intel Xeon Platinum 8375C CPU @ 2.90GHz
  NumSockets: 1
  Manufacturer: GenuineIntel
  NumCores: 24
  NumLogicals: 48
  CPUFrequency: 0
  Memory: 190156
  MemModuleInfo:
    iNumMemSticks: 1
    DIMM 1:
      manufacturer: Not Specified
      modulePartNo: Not Specified
      memType: DDR4
      size: 192
      clkspeed: 1600
      moduleVoltage: 0
Checksum: 591A2CA2B59F20197F90955E18BE178C89F29BFB