---
system-info:
      stress-ng-version: 0.17.08
      run-by: root
      date-yyyy-mm-dd: 2024:09:15
      time-hh-mm-ss: 20:04:39
      epoch-secs: 1726430679
      hostname: sc-runner
      sysname: Linux
      nodename: sc-runner
      release: 6.8.0-1014-azure
      version: '#16-Ubuntu SMP Thu Aug 15 21:06:50 UTC 2024'
      machine: aarch64
      compiler: 'musl-gcc 13.2.1'
      uptime: 307
      totalram: 16738017280
      freeram: 6872481792
      sharedram: 38105088
      bufferram: 218562560
      totalswap: 0
      freeswap: 0
      pagesize: 4096
      cpus: 2
      cpus-online: 2
      ticks-per-second: 100

metrics:
    - stressor: cpu
      bogo-ops: 71958
      bogo-ops-per-second-usr-sys-time: 1820.915015
      bogo-ops-per-second-real-time: 3597.887047
      wall-clock-time: 20.000072
      user-time: 39.513508
      system-time: 0.003987
      cpu-usage-per-instance: 98.793382
      max-rss: 1320

...
