---
system-info:
      stress-ng-version: 0.17.08
      run-by: root
      date-yyyy-mm-dd: 2024:09:15
      time-hh-mm-ss: 19:12:04
      epoch-secs: 1726427524
      hostname: sc-runner
      sysname: Linux
      nodename: sc-runner
      release: 6.8.0-1014-azure
      version: '#16-Ubuntu SMP Thu Aug 15 20:04:41 UTC 2024'
      machine: x86_64
      compiler: 'musl-gcc 13.2.1'
      uptime: 303
      totalram: 1991647232
      freeram: 183152640
      sharedram: 42024960
      bufferram: 160219136
      totalswap: 0
      freeswap: 0
      pagesize: 4096
      cpus: 1
      cpus-online: 1
      ticks-per-second: 100

metrics:
    - stressor: cpu
      bogo-ops: 24301
      bogo-ops-per-second-usr-sys-time: 1246.718201
      bogo-ops-per-second-real-time: 1215.042236
      wall-clock-time: 20.000128
      user-time: 19.482052
      system-time: 0.009923
      cpu-usage-per-instance: 97.459252
      max-rss: 3252

...
