---
system-info:
      stress-ng-version: 0.17.08
      run-by: root
      date-yyyy-mm-dd: 2024:06:08
      time-hh-mm-ss: 01:19:32
      epoch-secs: 1717809572
      hostname: e1116e3c2872
      sysname: Linux
      nodename: e1116e3c2872
      release: 6.8.0-1008-aws
      version: '#8-Ubuntu SMP Sat Apr 20 00:46:25 UTC 2024'
      machine: x86_64
      compiler: 'musl-gcc 13.2.1'
      uptime: 124
      totalram: 803068559360
      freeram: 797177196544
      sharedram: 79048704
      bufferram: 97107968
      totalswap: 0
      freeswap: 0
      pagesize: 4096
      cpus: 96
      cpus-online: 96
      ticks-per-second: 100

metrics:
    - stressor: cpu
      bogo-ops: 984783
      bogo-ops-per-second-usr-sys-time: 1027.027208
      bogo-ops-per-second-real-time: 98461.097675
      wall-clock-time: 10.001747
      user-time: 958.698554
      system-time: 0.168935
      cpu-usage-per-instance: 99.864583
      max-rss: 3072

...
