---
system-info:
      stress-ng-version: 0.17.08
      run-by: root
      date-yyyy-mm-dd: 2024:06:13
      time-hh-mm-ss: 15:22:38
      epoch-secs: 1718292158
      hostname: 9ed5c32e874f
      sysname: Linux
      nodename: 9ed5c32e874f
      release: 6.8.0-1008-aws
      version: '#8-Ubuntu SMP Sat Apr 20 00:46:25 UTC 2024'
      machine: x86_64
      compiler: 'musl-gcc 13.2.1'
      uptime: 133
      totalram: 803068600320
      freeram: 797293166592
      sharedram: 79048704
      bufferram: 106758144
      totalswap: 0
      freeswap: 0
      pagesize: 4096
      cpus: 96
      cpus-online: 96
      ticks-per-second: 100

metrics:
    - stressor: cpu
      bogo-ops: 1616786
      bogo-ops-per-second-usr-sys-time: 847.285237
      bogo-ops-per-second-real-time: 80838.915855
      wall-clock-time: 20.000095
      user-time: 1908.158672
      system-time: 0.036974
      cpu-usage-per-instance: 99.384718
      max-rss: 768

...
