"size","threads","connections","rps","latency","failed","server_usr","server_sys","client_usr","client_sys"
"1k",16,16,985087,0.000032230,0,32.64,53.86,14.36,59.81
"1k",16,32,696850,0.000198050,0,25.46,51.81,11.20,56.73
"1k",16,64,694542,0.000114760,0,23.56,56.90,10.57,60.84
"1k",16,128,593666,0.000813220,0,21.76,58.27,9.59,60.80
"1k",16,256,697357,0.000645830,0,21.71,61.22,9.19,63.64
"1k",16,512,717492,0.001000000,0,22.62,60.43,9.12,64.99
"1k",32,32,906510,0.000070610,0,27.20,53.74,13.88,62.16
"1k",32,64,693988,0.000160060,0,19.23,56.49,10.62,65.79
"1k",32,128,684229,0.000512220,0,17.35,60.46,10.05,70.86
"1k",32,256,627645,0.001270000,0,18.32,62.19,9.61,67.98
"1k",32,512,686597,0.001150000,0,19.20,61.82,9.46,68.96
"1k",64,64,853532,0.000725820,0,25.30,52.94,14.67,63.47
"1k",64,128,617512,0.000455740,0,15.25,60.73,10.48,71.45
"1k",64,256,638191,0.000687080,0,15.62,59.63,12.33,69.67
"1k",64,512,479931,0.003760000,0,18.86,64.01,10.54,62.95
"16k",16,16,651534,0.000100530,0,24.85,48.47,11.63,57.03
"16k",16,32,632848,0.000091190,0,23.84,52.56,11.06,60.16
"16k",16,64,518114,0.000240980,0,23.04,54.71,9.64,62.13
"16k",16,128,230819,0.006960000,0,20.90,52.78,8.43,56.14
"16k",16,256,561150,0.000656530,0,22.75,58.17,8.86,66.53
"16k",16,512,559527,0.001150000,0,23.94,57.51,8.52,67.13
"16k",32,32,595235,0.001480000,0,22.99,49.44,12.67,60.67
"16k",32,64,300325,0.007480000,0,19.13,49.79,9.56,57.25
"16k",32,128,410417,0.003030000,0,17.42,55.57,9.43,66.12
"16k",32,256,502795,0.001560000,0,17.97,59.94,9.49,69.39
"16k",32,512,458552,0.002380000,0,19.90,61.03,8.73,67.71
"16k",64,64,530299,0.002560000,0,22.26,51.23,12.94,61.85
"16k",64,128,413220,0.002140000,0,15.83,56.69,10.20,68.90
"16k",64,256,483641,0.001500000,0,16.07,59.47,11.28,69.85
"16k",64,512,527490,0.001190000,0,17.14,58.20,12.29,71.57
"64k",16,16,282321,0.001180000,0,17.87,46.22,9.51,51.60
"64k",16,32,392893,0.000180130,0,20.55,54.21,10.39,64.03
"64k",16,64,319460,0.000250840,0,21.12,58.47,8.44,63.78
"64k",16,128,280506,0.000850000,0,19.99,61.51,7.67,64.10
"64k",16,256,155759,0.007180000,0,23.71,60.87,6.01,56.60
"64k",16,512,252139,0.003750000,0,23.07,62.34,6.92,64.97
"64k",32,32,496869,0.000094050,0,21.79,54.74,12.41,70.17
"64k",32,64,358383,0.000220640,0,15.04,59.52,9.36,69.00
"64k",32,128,347284,0.000595020,0,13.91,64.17,9.00,73.23
"64k",32,256,314867,0.001170000,0,16.33,63.52,8.15,71.77
"64k",32,512,290610,0.001960000,0,20.67,61.71,7.81,69.98
"64k",64,64,481314,0.000157570,0,19.86,56.33,13.01,71.53
"64k",64,128,334974,0.000603550,0,12.84,63.32,9.25,74.16
"64k",64,256,320965,0.000960000,0,15.02,61.00,11.53,70.93
"64k",64,512,274741,0.002660000,0,19.36,62.88,9.64,68.53
"256k",16,16,171093,0.000310060,0,20.03,54.07,10.43,61.63
"256k",16,32,143644,0.000315420,0,18.57,62.21,8.55,60.80
"256k",16,64,110162,0.000737520,0,18.83,66.01,6.76,60.35
"256k",16,128,104185,0.001470000,0,18.81,69.45,5.84,60.30
"256k",16,256,95333,0.002710000,0,20.92,70.19,5.22,60.28
"256k",32,32,166205,0.001010000,0,18.18,64.72,10.58,66.01
"256k",32,64,115152,0.001840000,0,15.01,64.95,7.59,65.15
"256k",32,128,123952,0.001240000,0,15.03,70.95,6.89,67.82
"256k",32,256,108074,0.002450000,0,20.12,70.60,7.01,62.51
"256k",64,64,164562,0.000732490,0,17.65,65.42,10.16,67.64
"256k",64,128,132992,0.001110000,0,15.27,68.21,8.70,66.61
"256k",64,256,109647,0.002580000,0,20.26,71.00,8.11,62.00
"512k",16,16,90279,0.000220790,0,15.41,70.66,8.86,58.53
"512k",16,32,51462,0.004120000,0,19.41,66.41,6.56,53.55
"512k",16,64,51654,0.003030000,0,19.25,68.60,5.57,56.97
"512k",16,128,51904,0.002430000,0,19.82,73.36,5.05,57.45
"512k",16,256,49026,0.004890000,0,24.04,68.45,4.54,60.43
"512k",32,32,67924,0.003490000,0,18.42,74.27,8.94,58.31
"512k",32,64,64559,0.001270000,0,14.27,74.31,6.49,64.21
"512k",32,128,57149,0.002350000,0,18.68,74.36,6.13,61.04
"512k",32,256,52289,0.004910000,0,26.33,69.44,5.89,59.53
"512k",64,64,62918,0.005910000,0,19.10,71.28,8.36,58.51
"512k",64,128,59564,0.002220000,0,19.64,74.22,7.29,58.05
"512k",64,256,53490,0.005120000,0,24.23,71.71,7.22,58.04
