---
system-info:
      stress-ng-version: 0.17.08
      run-by: root
      date-yyyy-mm-dd: 2024:06:07
      time-hh-mm-ss: 18:28:13
      epoch-secs: 1717784893
      hostname: 6e2486b495c7
      sysname: Linux
      nodename: 6e2486b495c7
      release: 6.8.0-1008-aws
      version: '#8-Ubuntu SMP Sat Apr 20 00:46:25 UTC 2024'
      machine: x86_64
      compiler: 'musl-gcc 13.2.1'
      uptime: 121
      totalram: 33263853568
      freeram: 28946690048
      sharedram: 40771584
      bufferram: 93659136
      totalswap: 0
      freeswap: 0
      pagesize: 4096
      cpus: 8
      cpus-online: 8
      ticks-per-second: 100

metrics:
    - stressor: cpu
      bogo-ops: 80481
      bogo-ops-per-second-usr-sys-time: 1009.430064
      bogo-ops-per-second-real-time: 8046.331312
      wall-clock-time: 10.002198
      user-time: 79.704168
      system-time: 0.024981
      cpu-usage-per-instance: 99.639534
      max-rss: 4048

...
