---
system-info:
      stress-ng-version: 0.17.08
      run-by: root
      date-yyyy-mm-dd: 2024:06:13
      time-hh-mm-ss: 10:21:30
      epoch-secs: 1718274090
      hostname: c5b3266632a6
      sysname: Linux
      nodename: c5b3266632a6
      release: 6.8.0-1008-aws
      version: '#8-Ubuntu SMP Sat Apr 20 00:46:25 UTC 2024'
      machine: x86_64
      compiler: 'musl-gcc 13.2.1'
      uptime: 129
      totalram: 33263849472
      freeram: 28895199232
      sharedram: 40771584
      bufferram: 105824256
      totalswap: 0
      freeswap: 0
      pagesize: 4096
      cpus: 8
      cpus-online: 8
      ticks-per-second: 100

metrics:
    - stressor: cpu
      bogo-ops: 134863
      bogo-ops-per-second-usr-sys-time: 845.252411
      bogo-ops-per-second-real-time: 6743.117826
      wall-clock-time: 20.000095
      user-time: 159.543547
      system-time: 0.009976
      cpu-usage-per-instance: 99.720476
      max-rss: 1104

...
