BaselineInfo:
  WebDBID: -1
  TimeStamp: 20241115134206
Version:
  Major: 11
  Minor: 0
  Build: 1002
  SpecialBuildName: ""
  ptArchitecture: aarch64_linux
Results:
  Results Complete: true
  NumTestProcesses: 1
  CPU_INTEGER_MATH: 5177.3673333333327
  CPU_FLOATINGPOINT_MATH: 6007.1774163025939
  CPU_PRIME: 17.469856831474186
  CPU_SORTING: 4532.9569979466814
  CPU_ENCRYPTION: 184.17341379225172
  CPU_COMPRESSION: 6397.5127789802327
  CPU_SINGLETHREAD: 1844.0701182624603
  CPU_PHYSICS: 342.18536885133642
  CPU_MATRIX_MULT_SSE: 914.17015652592386
  CPU_mm: 112.04308613430584
  CPU_sse: 717.7628644375194
  CPU_fma: 1110.5774486143284
  CPU_avx: 0
  CPU_avx512: 0
  m_CPU_enc_SHA: 293068800.51219577
  m_CPU_enc_AES: 106568050.75823227
  m_CPU_enc_ECDSA: 179722613.35144442
  ME_ALLOC_S: 1485.7973339720725
  ME_READ_S: 20289.426562500001
  ME_READ_L: 19365.2578125
  ME_WRITE: 20988.23046875
  ME_LARGE: 483.83333333333331
  ME_LATENCY: 47.451183736877915
  ME_THREADED: 19378.939453125
  SUMM_CPU: 987.01372082607611
  SUMM_ME: 942.94544450940339
SystemInformation:
  OSName: Ubuntu 24.04.1 LTS
  Kernel: 6.8.0-1018-aws
  Device: ""
  Processor: ARM Neoverse-V2 1 Core 0 MHz
  NumSockets: 1
  Manufacturer: ARM
  NumCores: 1
  NumLogicals: 1
  CPUFrequency: 0
  Memory: 7764
Checksum: 35FBFA74E0F5F99D2C5DC104C3446E955BF48E85