BaselineInfo:
  WebDBID: -1
  TimeStamp: 20241114205840
Version:
  Major: 11
  Minor: 0
  Build: 1002
  SpecialBuildName: ""
  ptArchitecture: aarch64_linux
Results:
  Results Complete: true
  NumTestProcesses: 1
  CPU_INTEGER_MATH: 5170.1963333333333
  CPU_FLOATINGPOINT_MATH: 6008.7596514919396
  CPU_PRIME: 17.110897333247088
  CPU_SORTING: 4527.6533600769617
  CPU_ENCRYPTION: 182.79119193960784
  CPU_COMPRESSION: 6376.6980368855911
  CPU_SINGLETHREAD: 1841.4285194218087
  CPU_PHYSICS: 337.75847202914139
  CPU_MATRIX_MULT_SSE: 912.52450375153467
  CPU_mm: 112.6472401426165
  CPU_sse: 714.80720951251635
  CPU_fma: 1110.2417979905529
  CPU_avx: 0
  CPU_avx512: 0
  m_CPU_enc_SHA: 292133637.70514137
  m_CPU_enc_AES: 105983461.65709522
  m_CPU_enc_ECDSA: 176894271.27556205
  ME_ALLOC_S: 1468.2573572206279
  ME_READ_S: 20234.826757812501
  ME_READ_L: 19349.5546875
  ME_WRITE: 20983.24609375
  ME_LARGE: 481.83333333333331
  ME_LATENCY: 48.600513934775044
  ME_THREADED: 19351.58984375
  SUMM_CPU: 982.26852432211444
  SUMM_ME: 936.7795917233185
SystemInformation:
  OSName: Ubuntu 24.04.1 LTS
  Kernel: 6.8.0-1018-aws
  Device: ""
  Processor: ARM Neoverse-V2 1 Core 0 MHz
  NumSockets: 1
  Manufacturer: ARM
  NumCores: 1
  NumLogicals: 1
  CPUFrequency: 0
  Memory: 7764
Checksum: CF279CD204743FFBC97078EA76854860BA09CF5F