BaselineInfo:
  WebDBID: -1
  TimeStamp: 20241107030306
Version:
  Major: 11
  Minor: 0
  Build: 1002
  SpecialBuildName: ""
  ptArchitecture: aarch64_linux
Results:
  Results Complete: true
  NumTestProcesses: 1
  CPU_INTEGER_MATH: 5169.5810000000001
  CPU_FLOATINGPOINT_MATH: 6004.3057097918909
  CPU_PRIME: 17.468773370730052
  CPU_SORTING: 4509.3947026323231
  CPU_ENCRYPTION: 183.00973715452187
  CPU_COMPRESSION: 6341.2467869865486
  CPU_SINGLETHREAD: 1838.3698662297888
  CPU_PHYSICS: 339.94013288824192
  CPU_MATRIX_MULT_SSE: 914.7400128587808
  CPU_mm: 112.14034415566647
  CPU_sse: 719.35563702646937
  CPU_fma: 1110.1243886910922
  CPU_avx: 0
  CPU_avx512: 0
  m_CPU_enc_SHA: 290539534.29316288
  m_CPU_enc_AES: 106111088.26450501
  m_CPU_enc_ECDSA: 179048231.88195193
  ME_ALLOC_S: 1484.8625134144932
  ME_READ_S: 20394.302734375
  ME_READ_L: 19438.701171875
  ME_WRITE: 20997.26171875
  ME_LARGE: 577
  ME_LATENCY: 48.982131695140083
  ME_THREADED: 19431.357421875
  SUMM_CPU: 981.48404740628325
  SUMM_ME: 1045.2652908391285
SystemInformation:
  OSName: Ubuntu 24.04.1 LTS
  Kernel: 6.8.0-1016-aws
  Device: ""
  Processor: ARM Neoverse-V2 1 Core 0 MHz
  NumSockets: 1
  Manufacturer: ARM
  NumCores: 1
  NumLogicals: 1
  CPUFrequency: 0
  Memory: 7764
Checksum: 31C97F093FEC77A9F52AAC0AB6E1DC7803C7D881