BaselineInfo:
  WebDBID: -1
  TimeStamp: 20241126163701
Version:
  Major: 11
  Minor: 0
  Build: 1002
  SpecialBuildName: ""
  ptArchitecture: x86_64_linux
Results:
  Results Complete: true
  NumTestProcesses: 64
  CPU_INTEGER_MATH: 387070.03733333328
  CPU_FLOATINGPOINT_MATH: 341496.94739176589
  CPU_PRIME: 1124.5910210167087
  CPU_SORTING: 210494.68328796944
  CPU_ENCRYPTION: 82934.678942962797
  CPU_COMPRESSION: 1448489.6511311051
  CPU_SINGLETHREAD: 2904.677009913526
  CPU_PHYSICS: 15117.487947808619
  CPU_MATRIX_MULT_SSE: 113220.79848043469
  CPU_mm: 12729.321927092133
  CPU_sse: 54712.31403108724
  CPU_fma: 146709.28770165262
  CPU_avx: 126712.12563087116
  CPU_avx512: 124749.46655812768
  m_CPU_enc_SHA: 116005041628.10832
  m_CPU_enc_AES: 73497190084.518982
  m_CPU_enc_ECDSA: 71387710009.261215
  ME_ALLOC_S: 29419.755614155776
  ME_READ_S: 27901.627539062501
  ME_READ_L: 27550.115234375
  ME_WRITE: 26691.955078125
  ME_LARGE: 245083.08333333334
  ME_LATENCY: 76.308649978903716
  ME_THREADED: 423021.548828125
  SUMM_CPU: 91536.519965023865
  SUMM_ME: 2890.9560947379359
SystemInformation:
  OSName: Ubuntu 24.04.1 LTS
  Kernel: 6.8.0-1017-azure
  Device: ""
  Processor: AMD EPYC 9V74 80-Core Processor
  NumSockets: 1
  Manufacturer: AuthenticAMD
  NumCores: 64
  NumLogicals: 64
  CPUFrequency: 0
  Memory: 257718
  MemModuleInfo:
    iNumMemSticks: 3
    DIMM 1:
      manufacturer: Microsoft Corporation
      modulePartNo: None
      memType: Unknown
      size: 1
      clkspeed: 0
      moduleVoltage: 0
    DIMM 2:
      manufacturer: Microsoft Corporation
      modulePartNo: None
      memType: Unknown
      size: 59
      clkspeed: 0
      moduleVoltage: 0
    DIMM 3:
      manufacturer: Microsoft Corporation
      modulePartNo: None
      memType: Unknown
      size: 196
      clkspeed: 0
      moduleVoltage: 0
Checksum: 05757B85DE3CFD7BBC278799CA6E1AFBE72DE1AA