---
system-info:
      stress-ng-version: 0.17.08
      run-by: root
      date-yyyy-mm-dd: 2024:07:12
      time-hh-mm-ss: 03:21:07
      epoch-secs: 1720754467
      hostname: ip-172-31-26-24
      sysname: Linux
      nodename: ip-172-31-26-24
      release: 6.8.0-1010-aws
      version: '#10-Ubuntu SMP Thu Jun 13 17:36:15 UTC 2024'
      machine: x86_64
      compiler: 'musl-gcc 13.2.1'
      uptime: 232
      totalram: 130099032064
      freeram: 122133528576
      sharedram: 37154816
      bufferram: 128937984
      totalswap: 0
      freeswap: 0
      pagesize: 4096
      cpus: 16
      cpus-online: 16
      ticks-per-second: 100

metrics:
    - stressor: cpu
      bogo-ops: 492853
      bogo-ops-per-second-usr-sys-time: 1541.554498
      bogo-ops-per-second-real-time: 24642.582747
      wall-clock-time: 20.000055
      user-time: 319.697703
      system-time: 0.013991
      cpu-usage-per-instance: 99.909632
      max-rss: 976

...
