BaselineInfo:
  WebDBID: -1
  TimeStamp: 20260206204514
Version:
  Major: 11
  Minor: 0
  Build: 1004
  SpecialBuildName: ""
  ptArchitecture: x86_64_linux
Results:
  Results Complete: true
  NumTestProcesses: 96
  CPU_INTEGER_MATH: 495267.6473333335
  CPU_FLOATINGPOINT_MATH: 358590.22036047681
  CPU_PRIME: 938.23335674507007
  CPU_SORTING: 248085.33726185412
  CPU_ENCRYPTION: 108460.2378247013
  CPU_COMPRESSION: 1907952.9723482621
  CPU_SINGLETHREAD: 3275.1637587651348
  CPU_PHYSICS: 16598.428668032771
  CPU_MATRIX_MULT_SSE: 133972.37656716717
  CPU_mm: 14392.202874311886
  CPU_sse: 59354.081918574033
  CPU_fma: 156601.92217981545
  CPU_avx: 124288.74108743847
  CPU_avx512: 195644.76108284073
  m_CPU_enc_SHA: 114776368618.25259
  m_CPU_enc_AES: 150000105963.67535
  m_CPU_enc_ECDSA: 76409932429.893936
  ME_ALLOC_S: 34128.527332371254
  ME_READ_S: 28245.695703124999
  ME_READ_L: 16419.537109375
  ME_WRITE: 11947.9326171875
  ME_LARGE: 365467.5
  ME_LATENCY: 65.279153079920121
  ME_THREADED: 400804.73706054688
  SUMM_CPU: 107119.73543471168
  SUMM_ME: 2809.486590065324
SystemInformation:
  OSName: Ubuntu 24.04.3 LTS
  Kernel: 6.14.0-1018-aws
  Device: ""
  Processor: Intel(R) Xeon(R) 6975P-C
  NumSockets: 1
  Manufacturer: GenuineIntel
  NumCores: 48
  NumLogicals: 96
  CPUFrequency: 0
  CPUMaxFrequency: 0
  Memory: 380809
  CPUInfo:
    number: 1
    Family: 6
    Model: 13
    stepping: 1
    features: 529267711
    manufacture: GenuineIntel
    typestring: Intel(R) Xeon(R) 6975P-C
    iCoresPerPackage: 48
    iThreadsPerPackage: 2
    featuresEx:
      - 529267711
      - 4294619651
      - 739248128
    bHybrid: false
    nPCore: 0
    nLogicalsPerPCore: 0
    nECore: 0
    nLogicalsPerECore: 0
  MemModuleInfo:
    iNumMemSticks: 2
    DIMM 1:
      manufacturer: Not Specified
      modulePartNo: Not Specified
      memType: DDR5
      size: 192
      clkspeed: 3600
      moduleVoltage: 0
    DIMM 2:
      manufacturer: Not Specified
      modulePartNo: Not Specified
      memType: DDR5
      size: 192
      clkspeed: 3600
      moduleVoltage: 0
Checksum: 0BE94B064167D2619660E7B924470533C58EDCEB