BaselineInfo:
  WebDBID: -1
  TimeStamp: 20260619125512
Version:
  Major: 11
  Minor: 0
  Build: 1004
  SpecialBuildName: ""
  ptArchitecture: x86_64_linux
Results:
  Results Complete: true
  NumTestProcesses: 4
  CPU_INTEGER_MATH: 19326.152666666665
  CPU_FLOATINGPOINT_MATH: 13826.068270934913
  CPU_PRIME: 42.785063862199223
  CPU_SORTING: 10414.931839021439
  CPU_ENCRYPTION: 4585.9550153542132
  CPU_COMPRESSION: 76355.095234560315
  CPU_SINGLETHREAD: 3095.169298294215
  CPU_PHYSICS: 963.98564887586508
  CPU_MATRIX_MULT_SSE: 4901.0541233322365
  CPU_mm: 559.06582076040172
  CPU_sse: 2346.665037128902
  CPU_fma: 6020.9531989104617
  CPU_avx: 4654.1157477383604
  CPU_avx512: 6582.4825095512188
  m_CPU_enc_SHA: 4750065631.3641863
  m_CPU_enc_AES: 6271856353.2916718
  m_CPU_enc_ECDSA: 3404245113.8843188
  ME_ALLOC_S: 2118.7004027539651
  ME_READ_S: 28477.317773437499
  ME_READ_L: 19685.87890625
  ME_WRITE: 8372.677734375
  ME_LARGE: 7810
  ME_LATENCY: 78.467653084280315
  ME_THREADED: 45375.6953125
  SUMM_CPU: 7600.6133870700187
  SUMM_ME: 2033.3830413904093
SystemInformation:
  OSName: Ubuntu 24.04.4 LTS
  Kernel: 6.17.0-1018-azure
  Device: ""
  Processor: Intel(R) Xeon(R) 6973P-C
  NumSockets: 1
  Manufacturer: GenuineIntel
  NumCores: 2
  NumLogicals: 4
  CPUFrequency: 2600
  CPUMaxFrequency: 2600
  Memory: 15988
  CPUInfo:
    number: 1
    Family: 6
    Model: 13
    stepping: 1
    features: 529267711
    manufacture: GenuineIntel
    typestring: Intel(R) Xeon(R) 6973P-C
    iCoresPerPackage: 2
    iThreadsPerPackage: 2
    featuresEx:
      - 529267711
      - 4294586915
      - 739248128
    bHybrid: false
    nPCore: 0
    nLogicalsPerPCore: 0
    nECore: 0
    nLogicalsPerECore: 0
  MemModuleInfo:
    iNumMemSticks: 2
    DIMM 1:
      manufacturer: Microsoft Corporation
      modulePartNo: None
      memType: Unknown
      size: 1
      clkspeed: 0
      moduleVoltage: 0
    DIMM 2:
      manufacturer: Microsoft Corporation
      modulePartNo: None
      memType: Unknown
      size: 15
      clkspeed: 0
      moduleVoltage: 0
Checksum: 1A06772BBFEF4CD0A442C31E8BE2B8C530F188EC