---
system-info:
      stress-ng-version: 0.17.08
      run-by: root
      date-yyyy-mm-dd: 2024:09:19
      time-hh-mm-ss: 11:46:04
      epoch-secs: 1726746364
      hostname: sc-runner
      sysname: Linux
      nodename: sc-runner
      release: 6.8.0-1014-azure
      version: '#16-Ubuntu SMP Thu Aug 15 20:04:41 UTC 2024'
      machine: x86_64
      compiler: 'musl-gcc 13.2.1'
      uptime: 311
      totalram: 168786034688
      freeram: 158094274560
      sharedram: 54976512
      bufferram: 276209664
      totalswap: 0
      freeswap: 0
      pagesize: 4096
      cpus: 20
      cpus-online: 20
      ticks-per-second: 100

metrics:
    - stressor: cpu
      bogo-ops: 38006
      bogo-ops-per-second-usr-sys-time: 1900.250403
      bogo-ops-per-second-real-time: 1900.290146
      wall-clock-time: 20.000104
      user-time: 20.000522
      system-time: 0.000000
      cpu-usage-per-instance: 100.002091
      max-rss: 3188

...
