---
system-info:
      stress-ng-version: 0.17.08
      run-by: root
      date-yyyy-mm-dd: 2024:06:07
      time-hh-mm-ss: 23:55:21
      epoch-secs: 1717804521
      hostname: 9a30dcb1bee1
      sysname: Linux
      nodename: 9a30dcb1bee1
      release: 6.8.0-1008-aws
      version: '#8-Ubuntu SMP Sat Apr 20 00:46:25 UTC 2024'
      machine: x86_64
      compiler: 'musl-gcc 13.2.1'
      uptime: 105
      totalram: 540826849280
      freeram: 533892542464
      sharedram: 117223424
      bufferram: 94957568
      totalswap: 0
      freeswap: 0
      pagesize: 4096
      cpus: 128
      cpus-online: 128
      ticks-per-second: 100

metrics:
    - stressor: cpu
      bogo-ops: 1559229
      bogo-ops-per-second-usr-sys-time: 1218.932021
      bogo-ops-per-second-real-time: 155891.242636
      wall-clock-time: 10.002031
      user-time: 1279.038415
      system-time: 0.137924
      cpu-usage-per-instance: 99.915361
      max-rss: 3072

...
