---
system-info:
      stress-ng-version: 0.17.08
      run-by: root
      date-yyyy-mm-dd: 2024:06:13
      time-hh-mm-ss: 14:55:49
      epoch-secs: 1718290549
      hostname: 8139fb9d1e90
      sysname: Linux
      nodename: 8139fb9d1e90
      release: 6.8.0-1008-aws
      version: '#8-Ubuntu SMP Sat Apr 20 00:46:25 UTC 2024'
      machine: x86_64
      compiler: 'musl-gcc 13.2.1'
      uptime: 156
      totalram: 540826816512
      freeram: 534116786176
      sharedram: 117223424
      bufferram: 106254336
      totalswap: 0
      freeswap: 0
      pagesize: 4096
      cpus: 128
      cpus-online: 128
      ticks-per-second: 100

metrics:
    - stressor: cpu
      bogo-ops: 2499115
      bogo-ops-per-second-usr-sys-time: 976.580612
      bogo-ops-per-second-real-time: 124955.292861
      wall-clock-time: 20.000073
      user-time: 2559.019320
      system-time: 0.026978
      cpu-usage-per-instance: 99.962380
      max-rss: 0

...
