BaselineInfo:
  WebDBID: -1
  TimeStamp: 20260611231636
Version:
  Major: 11
  Minor: 0
  Build: 1004
  SpecialBuildName: ""
  ptArchitecture: x86_64_linux
Results:
  Results Complete: true
  NumTestProcesses: 2
  CPU_INTEGER_MATH: 9708.8240000000005
  CPU_FLOATINGPOINT_MATH: 7960.93983435684
  CPU_PRIME: 29.570662147696382
  CPU_SORTING: 5737.4429648976147
  CPU_ENCRYPTION: 1187.0665110053992
  CPU_COMPRESSION: 40980.448347590573
  CPU_SINGLETHREAD: 2230.4552712218515
  CPU_PHYSICS: 524.38914668342977
  CPU_MATRIX_MULT_SSE: 2755.5530062106664
  CPU_mm: 452.45382479618013
  CPU_sse: 1462.4993300927954
  CPU_fma: 4140.6569621160943
  CPU_avx: 2663.5027264231085
  CPU_avx512: 0
  m_CPU_enc_SHA: 590975134.75594544
  m_CPU_enc_AES: 2621760001.3618937
  m_CPU_enc_ECDSA: 521453225.41415298
  ME_ALLOC_S: 989.34890695979527
  ME_READ_S: 22930.03125
  ME_READ_L: 10744.8818359375
  ME_WRITE: 10311.0458984375
  ME_LARGE: 4740.25
  ME_LATENCY: 54.560878443896172
  ME_THREADED: 20668.3076171875
  SUMM_CPU: 3668.2836121445371
  SUMM_ME: 1824.5845845150211
SystemInformation:
  OSName: Ubuntu 24.04.4 LTS
  Kernel: 6.8.0-124-generic
  Device: ""
  Processor: Intel Core Processor (Broadwell, no TSX, IBRS)
  NumSockets: 1
  Manufacturer: GenuineIntel
  NumCores: 1
  NumLogicals: 2
  CPUFrequency: 7
  CPUMaxFrequency: 832
  Memory: 7936
  CPUInfo:
    number: 1
    Family: 6
    Model: 13
    stepping: 2
    features: 395049983
    manufacture: GenuineIntel
    typestring: Intel Core Processor (Broadwell, no TSX, IBRS)
    iCoresPerPackage: 1
    iThreadsPerPackage: 2
    featuresEx:
      - 395049983
      - 4294586883
      - 672139264
    bHybrid: false
    nPCore: 0
    nLogicalsPerPCore: 0
    nECore: 0
    nLogicalsPerECore: 0
  MemModuleInfo:
    iNumMemSticks: 1
    DIMM 1:
      manufacturer: QEMU
      modulePartNo: Not Specified
      memType: RAM
      size: 8
      clkspeed: 0
      moduleVoltage: 0
Checksum: DDBC3D6F6DF6B285593E983FC23EC8B5B17D49ED