BaselineInfo:
  WebDBID: -1
  TimeStamp: 20241108035902
Version:
  Major: 11
  Minor: 0
  Build: 1002
  SpecialBuildName: ""
  ptArchitecture: x86_64_linux
Results:
  Results Complete: true
  NumTestProcesses: 8
  CPU_INTEGER_MATH: 24869.714333333333
  CPU_FLOATINGPOINT_MATH: 13357.363898623877
  CPU_PRIME: 53.886552777672399
  CPU_SORTING: 13035.8654239231
  CPU_ENCRYPTION: 3424.8715987915434
  CPU_COMPRESSION: 110939.89622173074
  CPU_SINGLETHREAD: 2017.9691122948652
  CPU_PHYSICS: 939.48059713062491
  CPU_MATRIX_MULT_SSE: 7200.0931344356832
  CPU_mm: 755.57489629017687
  CPU_sse: 2709.5602756479288
  CPU_fma: 8862.6090912916279
  CPU_avx: 6235.4235415079638
  CPU_avx512: 10992.779629295208
  m_CPU_enc_SHA: 1125448184.9846575
  m_CPU_enc_AES: 8639828436.9041481
  m_CPU_enc_ECDSA: 1008437862.8345171
  ME_ALLOC_S: 2917.6450248659744
  ME_READ_S: 24200.890625
  ME_READ_L: 11680.26171875
  ME_WRITE: 10536.513671875
  ME_LARGE: 54251.75
  ME_LATENCY: 49.416887747292094
  ME_THREADED: 45349.6953125
  SUMM_CPU: 8541.345724709774
  SUMM_ME: 2554.9158077508973
SystemInformation:
  OSName: Ubuntu 24.04.1 LTS
  Kernel: 6.8.0-1017-azure
  Device: ""
  Processor: Intel Xeon Platinum 8272CL CPU @ 2.60GHz
  NumSockets: 1
  Manufacturer: GenuineIntel
  NumCores: 4
  NumLogicals: 8
  CPUFrequency: 0
  Memory: 64299
  MemModuleInfo:
    iNumMemSticks: 3
    DIMM 1:
      manufacturer: Microsoft Corporation
      modulePartNo: None
      memType: Unknown
      size: 1
      clkspeed: 0
      moduleVoltage: 0
    DIMM 2:
      manufacturer: Microsoft Corporation
      modulePartNo: None
      memType: Unknown
      size: 60928
      clkspeed: 0
      moduleVoltage: 0
    DIMM 3:
      manufacturer: Microsoft Corporation
      modulePartNo: None
      memType: Unknown
      size: 3584
      clkspeed: 0
      moduleVoltage: 0
Checksum: 3F8030BF8F042B1A118099099A6EB3F625DB738F