BaselineInfo:
  WebDBID: -1
  TimeStamp: 20241107062126
Version:
  Major: 11
  Minor: 0
  Build: 1002
  SpecialBuildName: ""
  ptArchitecture: aarch64_linux
Results:
  Results Complete: true
  NumTestProcesses: 4
  CPU_INTEGER_MATH: 19039.904333333332
  CPU_FLOATINGPOINT_MATH: 18925.371193261803
  CPU_PRIME: 51.468730238434766
  CPU_SORTING: 15798.16341747656
  CPU_ENCRYPTION: 548.88184325767509
  CPU_COMPRESSION: 21043.555687078941
  CPU_SINGLETHREAD: 1556.8097913771776
  CPU_PHYSICS: 1120.8512927025834
  CPU_MATRIX_MULT_SSE: 3313.5598869057667
  CPU_mm: 432.59297642110391
  CPU_sse: 2787.4887056277485
  CPU_fma: 3839.6310681837849
  CPU_avx: 0
  CPU_avx512: 0
  m_CPU_enc_SHA: 837834061.48379958
  m_CPU_enc_AES: 322894131.43269134
  m_CPU_enc_ECDSA: 565904790.11078846
  ME_ALLOC_S: 4080.5070443065433
  ME_READ_S: 19649.392578125
  ME_READ_L: 18929.001953125
  ME_WRITE: 19687.111328125
  ME_LARGE: 861.5
  ME_LATENCY: 50.528005748761359
  ME_THREADED: 73570.1875
  SUMM_CPU: 3100.1767327976922
  SUMM_ME: 1397.4223594951725
SystemInformation:
  OSName: Ubuntu 24.04.1 LTS
  Kernel: 6.8.0-1016-aws
  Device: ""
  Processor: ARM Neoverse-V1 4 Core 0 MHz
  NumSockets: 1
  Manufacturer: ARM
  NumCores: 4
  NumLogicals: 4
  CPUFrequency: 0
  Memory: 7763
Checksum: B58D5DE8E832A3B8DD2AF6073003050FDE140BD8