BaselineInfo:
  WebDBID: -1
  TimeStamp: 20241107220330
Version:
  Major: 11
  Minor: 0
  Build: 1002
  SpecialBuildName: ""
  ptArchitecture: x86_64_linux
Results:
  Results Complete: true
  NumTestProcesses: 8
  CPU_INTEGER_MATH: 22164.921999999995
  CPU_FLOATINGPOINT_MATH: 12258.625431613384
  CPU_PRIME: 49.799106335151983
  CPU_SORTING: 12369.759543895643
  CPU_ENCRYPTION: 3085.5323628048377
  CPU_COMPRESSION: 100783.16366798893
  CPU_SINGLETHREAD: 1835.9573840557753
  CPU_PHYSICS: 963.21703650405675
  CPU_MATRIX_MULT_SSE: 3748.1112739171313
  CPU_mm: 697.60352551518292
  CPU_sse: 2610.4350069121406
  CPU_fma: 0
  CPU_avx: 4885.7875409221215
  CPU_avx512: 0
  m_CPU_enc_SHA: 1018061482.7034155
  m_CPU_enc_AES: 7779369900.4568443
  m_CPU_enc_ECDSA: 908814165.42107868
  ME_ALLOC_S: 2657.3278237759505
  ME_READ_S: 21877.680468750001
  ME_READ_L: 10756.3623046875
  ME_WRITE: 9914.548828125
  ME_LARGE: 5084.75
  ME_LATENCY: 55.253413436762308
  ME_THREADED: 46865.41162109375
  SUMM_CPU: 7237.8217771790169
  SUMM_ME: 2064.5952667623828
SystemInformation:
  OSName: Ubuntu 24.04.1 LTS
  Kernel: 6.8.0-1016-aws
  Device: ""
  Processor: Intel Xeon CPU E5-2680 v2 @ 2.80GHz
  NumSockets: 1
  Manufacturer: GenuineIntel
  NumCores: 4
  NumLogicals: 8
  CPUFrequency: 0
  Memory: 14982
  MemModuleInfo:
    iNumMemSticks: 1
    DIMM 1:
      manufacturer: Not Specified
      modulePartNo: Not Specified
      memType: RAM
      size: 15
      clkspeed: 0
      moduleVoltage: 0
Checksum: FACBA57712E7054BC036F35BBF62D6483EFFC055