BaselineInfo:
  WebDBID: -1
  TimeStamp: 20260405015322
Version:
  Major: 11
  Minor: 0
  Build: 1004
  SpecialBuildName: ""
  ptArchitecture: aarch64_linux
Results:
  Results Complete: true
  NumTestProcesses: 64
  CPU_INTEGER_MATH: 303647.14366666676
  CPU_FLOATINGPOINT_MATH: 230463.85977351925
  CPU_PRIME: 215.49512911922128
  CPU_SORTING: 200972.98429920693
  CPU_ENCRYPTION: 10381.951488767785
  CPU_COMPRESSION: 355425.87297122891
  CPU_SINGLETHREAD: 1332.8677331261392
  CPU_PHYSICS: 2300.3185468070292
  CPU_MATRIX_MULT_SSE: 47798.862640399828
  CPU_mm: 8033.6435530730505
  CPU_sse: 39892.230662009351
  CPU_fma: 55705.49461879029
  CPU_avx: 0
  CPU_avx512: 0
  m_CPU_enc_SHA: 15477284623.703064
  m_CPU_enc_AES: 7288994226.6740437
  m_CPU_enc_ECDSA: 9892516642.4814148
  ME_ALLOC_S: 4622.7576625185093
  ME_READ_S: 11389.73720703125
  ME_READ_L: 8695.568359375
  ME_WRITE: 15027.3701171875
  ME_LARGE: 107867.58333333333
  ME_LATENCY: 66.570293976718929
  ME_THREADED: 176428.1591796875
  SUMM_CPU: 32171.234049595547
  SUMM_ME: 1965.9053206721183
SystemInformation:
  OSName: Ubuntu 24.04.4 LTS
  Kernel: 6.8.0-106-generic
  Device: ""
  Processor: ARM Neoverse-N1 64 Core 0 MHz
  NumSockets: 1
  Manufacturer: ARM
  NumCores: 64
  NumLogicals: 64
  CPUFrequency: 0
  CPUMaxFrequency: 0
  Memory: 125341
Checksum: 538EB9C344EF9EFA0FC9B8D30C9A68C8BF9542FF