BaselineInfo:
  WebDBID: -1
  TimeStamp: 20260615202722
Version:
  Major: 11
  Minor: 0
  Build: 1004
  SpecialBuildName: ""
  ptArchitecture: x86_64_linux
Results:
  Results Complete: true
  NumTestProcesses: 2
  CPU_INTEGER_MATH: 13386.150666666666
  CPU_FLOATINGPOINT_MATH: 11693.002718400538
  CPU_PRIME: 41.694564780070507
  CPU_SORTING: 8400.4861400921618
  CPU_ENCRYPTION: 2862.8618797765434
  CPU_COMPRESSION: 57403.739539677226
  CPU_SINGLETHREAD: 3220.7790700229179
  CPU_PHYSICS: 762.64091305784962
  CPU_MATRIX_MULT_SSE: 5260.9479440491605
  CPU_mm: 575.85431705787789
  CPU_sse: 2571.2032546604605
  CPU_fma: 7531.2157174041567
  CPU_avx: 6512.0436918808846
  CPU_avx512: 4429.3291122511382
  m_CPU_enc_SHA: 4006559448.9145579
  m_CPU_enc_AES: 2538815948.3072729
  m_CPU_enc_ECDSA: 2460409378.1238742
  ME_ALLOC_S: 1162.5419056051192
  ME_READ_S: 30768.095898437499
  ME_READ_L: 28403.857421875
  ME_WRITE: 28080.0703125
  ME_LARGE: 7890.416666666667
  ME_LATENCY: 68.010257156918229
  ME_THREADED: 56039.197265625
  SUMM_CPU: 5975.8095767362565
  SUMM_ME: 2393.8557995391243
SystemInformation:
  OSName: Ubuntu 24.04.4 LTS
  Kernel: 6.8.0-124-generic
  Device: ""
  Processor: AMD EPYC-Genoa Processor
  NumSockets: 1
  Manufacturer: AuthenticAMD
  NumCores: 1
  NumLogicals: 2
  CPUFrequency: 0
  CPUMaxFrequency: 0
  Memory: 15987
  CPUInfo:
    number: 1
    Family: 15
    Model: 1
    stepping: 0
    features: 395049983
    manufacture: AuthenticAMD
    typestring: AMD EPYC-Genoa Processor
    iCoresPerPackage: 1
    iThreadsPerPackage: 2
    featuresEx:
      - 395049983
      - 4277809667
      - 802421759
    bHybrid: false
    nPCore: 0
    nLogicalsPerPCore: 0
    nECore: 0
    nLogicalsPerECore: 0
  MemModuleInfo:
    iNumMemSticks: 1
    DIMM 1:
      manufacturer: QEMU
      modulePartNo: Not Specified
      memType: RAM
      size: 16
      clkspeed: 0
      moduleVoltage: 0
Checksum: 208BE94668AD8E1090773137995DC1A17D64E573