BaselineInfo:
  WebDBID: -1
  TimeStamp: 20260404125722
Version:
  Major: 11
  Minor: 0
  Build: 1004
  SpecialBuildName: ""
  ptArchitecture: x86_64_linux
Results:
  Results Complete: true
  NumTestProcesses: 8
  CPU_INTEGER_MATH: 19666.952666666664
  CPU_FLOATINGPOINT_MATH: 10545.019103106784
  CPU_PRIME: 39.816884981276608
  CPU_SORTING: 12009.439664809634
  CPU_ENCRYPTION: 2723.5958877584112
  CPU_COMPRESSION: 90648.084987273323
  CPU_SINGLETHREAD: 1682.9838652205078
  CPU_PHYSICS: 715.45289133663118
  CPU_MATRIX_MULT_SSE: 5854.701229181519
  CPU_mm: 595.2831549775749
  CPU_sse: 2154.743024859175
  CPU_fma: 7300.7436872004664
  CPU_avx: 5161.4373176920899
  CPU_avx512: 8801.8808869743443
  m_CPU_enc_SHA: 887629944.07679558
  m_CPU_enc_AES: 6876250254.4373388
  m_CPU_enc_ECDSA: 803811646.29235697
  ME_ALLOC_S: 2192.5158226762528
  ME_READ_S: 19504.262304687501
  ME_READ_L: 6222.92919921875
  ME_WRITE: 6686.7744140625
  ME_LARGE: 18881.583333333332
  ME_LATENCY: 78.949074924961678
  ME_THREADED: 36611.58642578125
  SUMM_CPU: 6917.3747209432486
  SUMM_ME: 1638.0224404522439
SystemInformation:
  OSName: Ubuntu 24.04.4 LTS
  Kernel: 6.8.0-106-generic
  Device: ""
  Processor: Intel(R) Xeon(R) Platinum 8163 CPU @ 2.50GHz
  NumSockets: 1
  Manufacturer: GenuineIntel
  NumCores: 4
  NumLogicals: 8
  CPUFrequency: 2500
  CPUMaxFrequency: 3100
  Memory: 31711
  CPUInfo:
    number: 1
    Family: 6
    Model: 5
    stepping: 4
    features: 529267711
    manufacture: GenuineIntel
    typestring: Intel(R) Xeon(R) Platinum 8163 CPU @ 2.50GHz
    iCoresPerPackage: 4
    iThreadsPerPackage: 2
    featuresEx:
      - 529267711
      - 4294586883
      - 739248128
    bHybrid: false
    nPCore: 0
    nLogicalsPerPCore: 0
    nECore: 0
    nLogicalsPerECore: 0
  MemModuleInfo:
    iNumMemSticks: 2
    DIMM 1:
      manufacturer: Alibaba Cloud
      modulePartNo: Not Specified
      memType: RAM
      size: 16
      clkspeed: 0
      moduleVoltage: 0
    DIMM 2:
      manufacturer: Alibaba Cloud
      modulePartNo: Not Specified
      memType: RAM
      size: 16
      clkspeed: 0
      moduleVoltage: 0
Checksum: 688B4883B8CEABC986F87A4FE576A34C981C24D3