---
system-info:
      stress-ng-version: 0.17.08
      run-by: root
      date-yyyy-mm-dd: 2024:07:02
      time-hh-mm-ss: 04:17:17
      epoch-secs: 1719893837
      hostname: n2d-highcpu-32-35bf921
      sysname: Linux
      nodename: n2d-highcpu-32-35bf921
      release: 6.8.0-1009-gcp
      version: '#10-Ubuntu SMP Wed Jun 12 18:52:23 UTC 2024'
      machine: x86_64
      compiler: 'musl-gcc 13.2.1'
      uptime: 165
      totalram: 33643630592
      freeram: 28225388544
      sharedram: 35209216
      bufferram: 125423616
      totalswap: 0
      freeswap: 0
      pagesize: 4096
      cpus: 32
      cpus-online: 32
      ticks-per-second: 100

metrics:
    - stressor: cpu
      bogo-ops: 864175
      bogo-ops-per-second-usr-sys-time: 1351.150706
      bogo-ops-per-second-real-time: 43208.606725
      wall-clock-time: 20.000066
      user-time: 639.549479
      system-time: 0.034985
      cpu-usage-per-instance: 99.934741
      max-rss: 1032

...
