"size","threads","connections","rps","latency","failed","server_usr","server_sys","client_usr","client_sys"
"1k",8,8,755528,0.000010100,0,15.88,26.37,7.93,30.52
"1k",8,16,608973,0.000024870,0,12.02,25.35,5.81,28.08
"1k",8,32,688764,0.000043840,0,12.99,27.15,6.09,30.02
"1k",8,64,755738,0.000104770,0,13.66,27.34,6.48,30.75
"1k",8,128,805249,0.000347960,0,13.90,27.46,6.75,31.49
"1k",8,256,840376,0.000463410,0,13.94,27.63,6.60,31.69
"1k",16,16,671309,0.000023940,0,13.19,28.33,7.23,30.97
"1k",16,32,661070,0.000052590,0,12.45,28.55,6.47,32.54
"1k",16,64,691663,0.000175720,0,12.48,28.83,6.35,32.92
"1k",16,128,713506,0.000369100,0,12.39,28.14,6.76,32.71
"1k",16,256,743547,0.000533050,0,12.69,28.10,6.62,32.71
"1k",32,32,718757,0.000046570,0,13.21,26.59,7.61,33.12
"1k",32,64,653483,0.000154680,0,11.76,28.64,6.70,33.59
"1k",32,128,652526,0.000281750,0,11.60,28.50,6.85,33.76
"1k",32,256,674222,0.000490690,0,11.74,28.43,6.72,33.94
"16k",8,8,596291,0.000012960,0,14.25,25.57,7.54,32.94
"16k",8,16,496555,0.000029660,0,11.27,25.41,5.82,30.68
"16k",8,32,544577,0.000055320,0,12.33,25.79,6.14,31.55
"16k",8,64,588689,0.000117500,0,12.93,26.27,6.45,32.53
"16k",8,128,621687,0.000452940,0,13.01,26.36,6.37,33.16
"16k",8,256,641531,0.000774020,0,13.20,26.41,6.39,33.42
"16k",16,16,566177,0.000028440,0,12.95,27.00,7.36,32.62
"16k",16,32,541867,0.000060830,0,11.94,27.34,6.47,34.32
"16k",16,64,560224,0.000152550,0,11.83,27.64,6.44,34.56
"16k",16,128,573395,0.000420470,0,11.93,27.03,6.61,34.33
"16k",16,256,583562,0.000655650,0,12.32,26.83,6.69,34.36
"16k",32,32,582018,0.000056870,0,12.55,25.82,7.30,34.84
"16k",32,64,533750,0.000171870,0,11.33,27.31,6.86,35.07
"16k",32,128,529472,0.000369410,0,11.14,27.42,6.77,35.38
"16k",32,256,529658,0.000574260,0,11.39,27.08,6.71,35.46
"64k",8,8,345556,0.000022600,0,11.50,25.23,6.66,36.54
"64k",8,16,275954,0.000054510,0,9.28,24.08,5.01,31.82
"64k",8,32,303332,0.000095920,0,9.89,25.81,5.61,34.27
"64k",8,64,319573,0.000189520,0,10.43,26.74,5.66,35.61
"64k",8,128,331020,0.000385380,0,10.96,27.26,5.64,36.00
"64k",8,256,334412,0.000765070,0,11.23,27.55,5.69,35.34
"64k",16,16,337054,0.000047320,0,10.74,26.81,6.47,36.15
"64k",16,32,309114,0.000103390,0,9.81,27.42,5.82,36.75
"64k",16,64,316590,0.000228440,0,10.11,27.58,5.97,36.87
"64k",16,128,317971,0.000518390,0,10.26,27.58,5.99,36.71
"64k",16,256,318644,0.000930000,0,10.59,27.33,5.89,36.26
"64k",32,32,336639,0.000097100,0,10.45,25.74,6.59,37.61
"64k",32,64,312405,0.000243150,0,9.97,27.15,6.15,37.39
"64k",32,128,303587,0.000508470,0,9.86,27.37,6.30,37.18
"64k",32,256,299454,0.000920000,0,10.31,27.09,6.31,37.09
"256k",8,8,133695,0.000059430,0,9.17,25.64,6.62,37.01
"256k",8,16,107055,0.000143470,0,8.30,25.03,5.03,31.40
"256k",8,32,116272,0.000251850,0,9.89,27.75,5.15,34.08
"256k",8,64,120378,0.000481650,0,10.85,29.24,5.33,34.25
"256k",8,128,117332,0.000990000,0,10.83,29.56,4.98,34.53
"256k",16,16,133456,0.000120350,0,9.66,27.10,6.51,36.77
"256k",16,32,120401,0.000268610,0,10.00,28.73,5.58,35.97
"256k",16,64,118454,0.000608980,0,10.43,28.84,5.37,35.26
"256k",16,128,115636,0.001180000,0,10.64,29.03,5.25,35.15
"256k",32,32,128810,0.000253250,0,10.75,27.32,6.26,36.29
"256k",32,64,120575,0.000569570,0,10.69,28.30,5.86,35.86
"256k",32,128,115602,0.001150000,0,10.53,28.63,5.64,35.60
"512k",8,8,73936,0.000107790,0,9.00,28.12,6.29,36.69
"512k",8,16,59328,0.000255570,0,9.23,31.28,4.72,30.39
"512k",8,32,58960,0.000515240,0,10.53,34.15,4.63,30.95
"512k",8,64,56581,0.001160000,0,10.05,35.29,4.39,30.22
"512k",8,128,51193,0.002340000,0,9.05,38.01,4.15,29.10
"512k",16,16,65932,0.000244790,0,10.03,31.41,5.55,33.61
"512k",16,32,60678,0.000519100,0,10.59,33.76,5.00,31.24
"512k",16,64,58467,0.001120000,0,9.94,34.79,4.86,30.44
"512k",16,128,52585,0.002410000,0,9.47,37.52,4.49,28.65
"512k",32,32,63417,0.000506710,0,10.38,33.09,5.29,31.92
"512k",32,64,61440,0.001040000,0,10.32,34.23,5.22,30.92
"512k",32,128,55513,0.002290000,0,9.68,37.30,4.83,28.92
