BaselineInfo:
  WebDBID: -1
  TimeStamp: 20241111113629
Version:
  Major: 11
  Minor: 0
  Build: 1002
  SpecialBuildName: ""
  ptArchitecture: aarch64_linux
Results:
  Results Complete: true
  NumTestProcesses: 64
  CPU_INTEGER_MATH: 403026.29333333322
  CPU_FLOATINGPOINT_MATH: 338594.38358095806
  CPU_PRIME: 580.06806120953877
  CPU_SORTING: 322827.16222589073
  CPU_ENCRYPTION: 12040.964838093274
  CPU_COMPRESSION: 438680.46926966764
  CPU_SINGLETHREAD: 1880.5093904387547
  CPU_PHYSICS: 16115.505866312955
  CPU_MATRIX_MULT_SSE: 57167.724476926596
  CPU_mm: 9163.9052974699862
  CPU_sse: 48224.064938907366
  CPU_fma: 66111.384014945885
  CPU_avx: 0
  CPU_avx512: 0
  m_CPU_enc_SHA: 17636477926.103115
  m_CPU_enc_AES: 7742748766.5816612
  m_CPU_enc_ECDSA: 12498373545.520695
  ME_ALLOC_S: 38123.368507956409
  ME_READ_S: 25381.185351562501
  ME_READ_L: 19374.412109375
  ME_WRITE: 25732.396484375
  ME_LARGE: 241213
  ME_LATENCY: 52.913101729242875
  ME_THREADED: 516512.9248046875
  SUMM_CPU: 44190.146934497163
  SUMM_ME: 3378.1829049438579
SystemInformation:
  OSName: Ubuntu 24.04.1 LTS
  Kernel: 6.8.0-1017-azure
  Device: ""
  Processor: ARM Neoverse-N2 64 Core 0 MHz
  NumSockets: 1
  Manufacturer: ARM
  NumCores: 64
  NumLogicals: 64
  CPUFrequency: 0
  Memory: 257214
Checksum: EFB72861FD7E270C0EF1F105839CF6D4E756EA62