size_kb,operation,bandwidth_mb_s,latency_ns,latency_stddev_ns,latency_samples,threads,iterations,elapsed_s
32,read,108533.84,0,0,0,1,605326,0.174291
32,write,90565.10,0,0,0,1,647668,0.223482
32,copy,90237.79,0,0,0,1,632911,0.219182
32,latency,0,2.01,0.03,7,1,7,0.291634
128,read,87804.46,0,0,0,1,150240,0.213884
128,write,90612.53,0,0,0,1,176056,0.242869
128,copy,79246.11,0,0,0,1,139664,0.220301
128,latency,0,2.69,0.05,7,1,7,0.669181
1024,read,73714.05,0,0,0,1,18058,0.244974
1024,write,90156.60,0,0,0,1,22725,0.252061
1024,copy,51903.60,0,0,0,1,14554,0.280404
1024,latency,0,5.37,0.03,7,1,7,0.710267
2048,read,61695.25,0,0,0,1,7570,0.245400
2048,write,90042.41,0,0,0,1,11372,0.252592
2048,copy,52668.97,0,0,0,1,6807,0.258482
2048,latency,0,12.60,0.10,7,1,7,0.692738
4096,read,66211.89,0,0,0,1,4001,0.241709
4096,write,86765.14,0,0,0,1,5484,0.252820
4096,copy,42494.36,0,0,0,1,2708,0.254904
4096,latency,0,25.97,0.21,7,1,7,0.695635
16384,read,59527.74,0,0,0,1,934,0.251043
16384,write,76295.07,0,0,0,1,1180,0.247460
16384,copy,33857.47,0,0,0,1,594,0.280706
16384,latency,0,36.83,0.66,7,1,7,0.699708
32768,read,57398.39,0,0,0,1,460,0.256453
32768,write,73988.83,0,0,0,1,584,0.252579
32768,copy,34136.40,0,0,0,1,282,0.264351
32768,latency,0,42.68,1.80,7,1,7,0.977471
65536,read,36853.89,0,0,0,1,158,0.274381
65536,write,73223.18,0,0,0,1,291,0.254346
65536,copy,29130.45,0,0,0,1,108,0.237278
65536,latency,0,71.82,2.55,7,1,7,3.215896
131072,read,26168.61,0,0,0,1,50,0.244568
131072,write,72762.58,0,0,0,1,83,0.146009
131072,copy,23978.00,0,0,0,1,45,0.240220
131072,latency,0,97.75,1.15,7,1,7,8.815922
262144,read,25263.56,0,0,0,1,24,0.243196
262144,write,71946.97,0,0,0,1,70,0.249072
262144,copy,23025.89,0,0,0,1,22,0.244594
262144,latency,0,110.53,0.43,7,1,7,20.115017
