---
system-info:
      stress-ng-version: 0.17.08
      run-by: root
      date-yyyy-mm-dd: 2024:06:19
      time-hh-mm-ss: 13:44:25
      epoch-secs: 1718804665
      hostname: c22b09e8ddb9
      sysname: Linux
      nodename: c22b09e8ddb9
      release: 6.8.0-1008-gcp
      version: '#9-Ubuntu SMP Wed May 22 18:09:04 UTC 2024'
      machine: x86_64
      compiler: 'musl-gcc 13.2.1'
      uptime: 139
      totalram: 8324943872
      freeram: 3422064640
      sharedram: 34971648
      bufferram: 127504384
      totalswap: 0
      freeswap: 0
      pagesize: 4096
      cpus: 2
      cpus-online: 2
      ticks-per-second: 100

metrics:
    - stressor: cpu
      bogo-ops: 57774
      bogo-ops-per-second-usr-sys-time: 1453.603129
      bogo-ops-per-second-real-time: 2888.687655
      wall-clock-time: 20.000085
      user-time: 39.740384
      system-time: 0.004990
      cpu-usage-per-instance: 99.363010
      max-rss: 1104

...
