BaselineInfo:
  WebDBID: -1
  TimeStamp: 20241107095015
Version:
  Major: 11
  Minor: 0
  Build: 1002
  SpecialBuildName: ""
  ptArchitecture: x86_64_linux
Results:
  Results Complete: true
  NumTestProcesses: 4
  CPU_INTEGER_MATH: 12358.378333333334
  CPU_FLOATINGPOINT_MATH: 6650.5769410774119
  CPU_PRIME: 25.727953523797908
  CPU_SORTING: 6542.3424664093927
  CPU_ENCRYPTION: 1699.9565499705877
  CPU_COMPRESSION: 55716.413605994414
  CPU_SINGLETHREAD: 1977.4044602789145
  CPU_PHYSICS: 509.14911206996243
  CPU_MATRIX_MULT_SSE: 3153.9789006625388
  CPU_mm: 375.70918939282137
  CPU_sse: 1344.9258585186112
  CPU_fma: 3912.9131642539141
  CPU_avx: 2767.6878272580043
  CPU_avx512: 4590.388752619624
  m_CPU_enc_SHA: 559387286.19647062
  m_CPU_enc_AES: 4292335009.7776346
  m_CPU_enc_ECDSA: 495878622.051772
  ME_ALLOC_S: 1419.3640572683566
  ME_READ_S: 23958.549218749999
  ME_READ_L: 9876.0849609375
  ME_WRITE: 9563.640625
  ME_LARGE: 653.08333333333337
  ME_LATENCY: 52.577824231024202
  ME_THREADED: 24069.2392578125
  SUMM_CPU: 4324.8911413305732
  SUMM_ME: 1052.972917951528
SystemInformation:
  OSName: Ubuntu 24.04.1 LTS
  Kernel: 6.8.0-1015-gcp
  Device: ""
  Processor: Intel Xeon CPU @ 2.80GHz
  NumSockets: 1
  Manufacturer: GenuineIntel
  NumCores: 2
  NumLogicals: 4
  CPUFrequency: 0
  Memory: 3912
  MemModuleInfo:
    iNumMemSticks: 1
    DIMM 1:
      manufacturer: ""
      modulePartNo: ""
      memType: RAM
      size: 4
      clkspeed: 0
      moduleVoltage: 0
Checksum: A652DF1A08DD9F420992862CEC1B8243C60240F5