---
system-info:
      stress-ng-version: 0.17.08
      run-by: root
      date-yyyy-mm-dd: 2024:06:09
      time-hh-mm-ss: 11:19:04
      epoch-secs: 1717931944
      hostname: 1d01e24e621a
      sysname: Linux
      nodename: 1d01e24e621a
      release: 6.8.0-1008-aws
      version: '#8-Ubuntu SMP Sat Apr 20 00:46:25 UTC 2024'
      machine: x86_64
      compiler: 'musl-gcc 13.2.1'
      uptime: 242
      totalram: 64254857216
      freeram: 57545928704
      sharedram: 48525312
      bufferram: 101453824
      totalswap: 0
      freeswap: 0
      pagesize: 4096
      cpus: 4
      cpus-online: 4
      ticks-per-second: 100

metrics:
    - stressor: cpu
      bogo-ops: 33249
      bogo-ops-per-second-usr-sys-time: 836.511439
      bogo-ops-per-second-real-time: 3324.537787
      wall-clock-time: 10.001090
      user-time: 39.737246
      system-time: 0.009969
      cpu-usage-per-instance: 99.357212
      max-rss: 3776

...
