---
system-info:
      stress-ng-version: 0.17.08
      run-by: root
      date-yyyy-mm-dd: 2024:06:15
      time-hh-mm-ss: 13:26:46
      epoch-secs: 1718458006
      hostname: 2207e10d7d93
      sysname: Linux
      nodename: 2207e10d7d93
      release: 6.8.0-1008-aws
      version: '#8-Ubuntu SMP Sat Apr 20 00:46:25 UTC 2024'
      machine: x86_64
      compiler: 'musl-gcc 13.2.1'
      uptime: 244
      totalram: 64254877696
      freeram: 57662672896
      sharedram: 48525312
      bufferram: 102780928
      totalswap: 0
      freeswap: 0
      pagesize: 4096
      cpus: 4
      cpus-online: 4
      ticks-per-second: 100

metrics:
    - stressor: cpu
      bogo-ops: 41568
      bogo-ops-per-second-usr-sys-time: 522.871239
      bogo-ops-per-second-real-time: 2078.389891
      wall-clock-time: 20.000097
      user-time: 79.494501
      system-time: 0.004995
      cpu-usage-per-instance: 99.373887
      max-rss: 1232

...
