---
system-info:
      stress-ng-version: 0.17.08
      run-by: root
      date-yyyy-mm-dd: 2024:06:15
      time-hh-mm-ss: 11:56:30
      epoch-secs: 1718452590
      hostname: 63e3ae26f7b5
      sysname: Linux
      nodename: 63e3ae26f7b5
      release: 6.8.0-1008-aws
      version: '#8-Ubuntu SMP Sat Apr 20 00:46:25 UTC 2024'
      machine: x86_64
      compiler: 'musl-gcc 13.2.1'
      uptime: 135
      totalram: 33089785856
      freeram: 28602273792
      sharedram: 113532928
      bufferram: 110198784
      totalswap: 0
      freeswap: 0
      pagesize: 4096
      cpus: 8
      cpus-online: 8
      ticks-per-second: 100

metrics:
    - stressor: cpu
      bogo-ops: 40792
      bogo-ops-per-second-usr-sys-time: 2039.574811
      bogo-ops-per-second-real-time: 2039.596183
      wall-clock-time: 20.000037
      user-time: 19.999248
      system-time: 0.000999
      cpu-usage-per-instance: 100.001048
      max-rss: 1104

...
