---
system-info:
      stress-ng-version: 0.17.08
      run-by: root
      date-yyyy-mm-dd: 2024:06:09
      time-hh-mm-ss: 10:20:23
      epoch-secs: 1717928423
      hostname: f2830f3483ce
      sysname: Linux
      nodename: f2830f3483ce
      release: 6.8.0-1008-aws
      version: '#8-Ubuntu SMP Sat Apr 20 00:46:25 UTC 2024'
      machine: x86_64
      compiler: 'musl-gcc 13.2.1'
      uptime: 119
      totalram: 33089789952
      freeram: 28510285824
      sharedram: 113532928
      bufferram: 106897408
      totalswap: 0
      freeswap: 0
      pagesize: 4096
      cpus: 8
      cpus-online: 8
      ticks-per-second: 100

metrics:
    - stressor: cpu
      bogo-ops: 18276
      bogo-ops-per-second-usr-sys-time: 1827.643498
      bogo-ops-per-second-real-time: 1827.571591
      wall-clock-time: 10.000155
      user-time: 9.998763
      system-time: 0.000999
      cpu-usage-per-instance: 99.996066
      max-rss: 3768

...
