BaselineInfo:
  WebDBID: -1
  TimeStamp: 20251211100905
Version:
  Major: 11
  Minor: 0
  Build: 1002
  SpecialBuildName: ""
  ptArchitecture: aarch64_linux
Results:
  Results Complete: true
  NumTestProcesses: 16
  CPU_INTEGER_MATH: 83497.20699999998
  CPU_FLOATINGPOINT_MATH: 97022.008065581787
  CPU_PRIME: 264.47439070084999
  CPU_SORTING: 73986.390177357665
  CPU_ENCRYPTION: 3024.5144526110221
  CPU_COMPRESSION: 106395.54775768274
  CPU_SINGLETHREAD: 1942.6630756387008
  CPU_PHYSICS: 4918.2298670906448
  CPU_MATRIX_MULT_SSE: 14764.803139945643
  CPU_mm: 1818.7171716597725
  CPU_sse: 11632.510040249113
  CPU_fma: 17897.096239642178
  CPU_avx: 0
  CPU_avx512: 0
  m_CPU_enc_SHA: 4723829887.5400982
  m_CPU_enc_AES: 1721472849.7607162
  m_CPU_enc_ECDSA: 3068997062.6823521
  ME_ALLOC_S: 24174.883285171723
  ME_READ_S: 20481.585351562499
  ME_READ_L: 20082.908203125
  ME_WRITE: 21298.3203125
  ME_LARGE: 18907.166666666668
  ME_LATENCY: 44.904997959054299
  ME_THREADED: 266561.6611328125
  SUMM_CPU: 14600.840684599445
  SUMM_ME: 3216.2481107209619
SystemInformation:
  OSName: Ubuntu 24.04.2 LTS
  Kernel: 6.14.0-1017-aws
  Device: ""
  Processor: ARM Neoverse-V2 16 Core 0 MHz
  NumSockets: 1
  Manufacturer: ARM
  NumCores: 16
  NumLogicals: 16
  CPUFrequency: 0
  Memory: 31488
Checksum: D6A9962D1040345083997C81FC51A8750DB1A136