---
system-info:
      stress-ng-version: 0.17.08
      run-by: root
      date-yyyy-mm-dd: 2024:06:08
      time-hh-mm-ss: 19:56:00
      epoch-secs: 1717876560
      hostname: b65bac319389
      sysname: Linux
      nodename: b65bac319389
      release: 6.8.0-1008-aws
      version: '#8-Ubuntu SMP Sat Apr 20 00:46:25 UTC 2024'
      machine: x86_64
      compiler: 'musl-gcc 13.2.1'
      uptime: 107
      totalram: 3979632640
      freeram: 216240128
      sharedram: 7581696
      bufferram: 100048896
      totalswap: 0
      freeswap: 0
      pagesize: 4096
      cpus: 1
      cpus-online: 1
      ticks-per-second: 100

metrics:
    - stressor: cpu
      bogo-ops: 17482
      bogo-ops-per-second-usr-sys-time: 1771.505573
      bogo-ops-per-second-real-time: 1748.106558
      wall-clock-time: 10.000535
      user-time: 9.866457
      system-time: 0.001985
      cpu-usage-per-instance: 98.679145
      max-rss: 4176

...
