---
system-info:
      stress-ng-version: 0.17.08
      run-by: root
      date-yyyy-mm-dd: 2024:06:15
      time-hh-mm-ss: 04:44:25
      epoch-secs: 1718426665
      hostname: c6f8b3b6e071
      sysname: Linux
      nodename: c6f8b3b6e071
      release: 6.8.0-1008-aws
      version: '#8-Ubuntu SMP Sat Apr 20 00:46:25 UTC 2024'
      machine: x86_64
      compiler: 'musl-gcc 13.2.1'
      uptime: 110
      totalram: 3979640832
      freeram: 147075072
      sharedram: 7581696
      bufferram: 102895616
      totalswap: 0
      freeswap: 0
      pagesize: 4096
      cpus: 1
      cpus-online: 1
      ticks-per-second: 100

metrics:
    - stressor: cpu
      bogo-ops: 60723
      bogo-ops-per-second-usr-sys-time: 3077.125308
      bogo-ops-per-second-real-time: 3036.143051
      wall-clock-time: 20.000046
      user-time: 19.731694
      system-time: 0.001984
      cpu-usage-per-instance: 98.668164
      max-rss: 1104

...
