---
system-info:
      stress-ng-version: 0.17.08
      run-by: root
      date-yyyy-mm-dd: 2024:06:05
      time-hh-mm-ss: 05:50:59
      epoch-secs: 1717566659
      hostname: cc8d9cd56c90
      sysname: Linux
      nodename: cc8d9cd56c90
      release: 6.8.0-1008-aws
      version: '#8-Ubuntu SMP Sat Apr 20 00:46:25 UTC 2024'
      machine: x86_64
      compiler: 'musl-gcc 13.2.1'
      uptime: 156
      totalram: 7795359744
      freeram: 3737772032
      sharedram: 27545600
      bufferram: 78172160
      totalswap: 0
      freeswap: 0
      pagesize: 4096
      cpus: 4
      cpus-online: 4
      ticks-per-second: 100

metrics:
    - stressor: cpu
      bogo-ops: 13807
      bogo-ops-per-second-usr-sys-time: 1380.586240
      bogo-ops-per-second-real-time: 1380.553265
      wall-clock-time: 10.001063
      user-time: 9.998832
      system-time: 0.001992
      cpu-usage-per-instance: 99.997612
      max-rss: 3792

...
