---
system-info:
      stress-ng-version: 0.17.08
      run-by: root
      date-yyyy-mm-dd: 2024:06:14
      time-hh-mm-ss: 02:24:06
      epoch-secs: 1718331846
      hostname: 19570b5c611f
      sysname: Linux
      nodename: 19570b5c611f
      release: 6.8.0-1008-aws
      version: '#8-Ubuntu SMP Sat Apr 20 00:46:25 UTC 2024'
      machine: x86_64
      compiler: 'musl-gcc 13.2.1'
      uptime: 178
      totalram: 7795351552
      freeram: 3456909312
      sharedram: 27545600
      bufferram: 109441024
      totalswap: 0
      freeswap: 0
      pagesize: 4096
      cpus: 4
      cpus-online: 4
      ticks-per-second: 100

metrics:
    - stressor: cpu
      bogo-ops: 25420
      bogo-ops-per-second-usr-sys-time: 1271.083129
      bogo-ops-per-second-real-time: 1270.994985
      wall-clock-time: 20.000079
      user-time: 19.997703
      system-time: 0.000989
      cpu-usage-per-instance: 99.993065
      max-rss: 1104

...
