---
system-info:
      stress-ng-version: 0.17.08
      run-by: root
      date-yyyy-mm-dd: 2024:06:15
      time-hh-mm-ss: 11:29:32
      epoch-secs: 1718450972
      hostname: 7359165bf43c
      sysname: Linux
      nodename: 7359165bf43c
      release: 6.8.0-1008-aws
      version: '#8-Ubuntu SMP Sat Apr 20 00:46:25 UTC 2024'
      machine: x86_64
      compiler: 'musl-gcc 13.2.1'
      uptime: 146
      totalram: 66330972160
      freeram: 61768896512
      sharedram: 113582080
      bufferram: 110104576
      totalswap: 0
      freeswap: 0
      pagesize: 4096
      cpus: 16
      cpus-online: 16
      ticks-per-second: 100

metrics:
    - stressor: cpu
      bogo-ops: 40108
      bogo-ops-per-second-usr-sys-time: 2005.424566
      bogo-ops-per-second-real-time: 2005.390055
      wall-clock-time: 20.000099
      user-time: 19.999755
      system-time: 0.000000
      cpu-usage-per-instance: 99.998279
      max-rss: 1104

...
