---
system-info:
      stress-ng-version: 0.17.08
      run-by: root
      date-yyyy-mm-dd: 2024:06:09
      time-hh-mm-ss: 09:41:41
      epoch-secs: 1717926101
      hostname: 8d38cdbe2a8e
      sysname: Linux
      nodename: 8d38cdbe2a8e
      release: 6.8.0-1008-aws
      version: '#8-Ubuntu SMP Sat Apr 20 00:46:25 UTC 2024'
      machine: x86_64
      compiler: 'musl-gcc 13.2.1'
      uptime: 121
      totalram: 66330980352
      freeram: 61737390080
      sharedram: 113582080
      bufferram: 106319872
      totalswap: 0
      freeswap: 0
      pagesize: 4096
      cpus: 16
      cpus-online: 16
      ticks-per-second: 100

metrics:
    - stressor: cpu
      bogo-ops: 21281
      bogo-ops-per-second-usr-sys-time: 2128.011049
      bogo-ops-per-second-real-time: 2128.064433
      wall-clock-time: 10.000167
      user-time: 9.999419
      system-time: 0.000999
      cpu-usage-per-instance: 100.002509
      max-rss: 3920

...
