BaselineInfo:
  WebDBID: -1
  TimeStamp: 20241108214316
Version:
  Major: 11
  Minor: 0
  Build: 1002
  SpecialBuildName: ""
  ptArchitecture: aarch64_linux
Results:
  Results Complete: true
  NumTestProcesses: 64
  CPU_INTEGER_MATH: 253252.31400000004
  CPU_FLOATINGPOINT_MATH: 192104.010330191
  CPU_PRIME: 255.45458952844689
  CPU_SORTING: 176560.29790259225
  CPU_ENCRYPTION: 8728.5355654252689
  CPU_COMPRESSION: 305855.50048505788
  CPU_SINGLETHREAD: 1114.3619235776059
  CPU_PHYSICS: 4212.3048071878229
  CPU_MATRIX_MULT_SSE: 39867.79538779299
  CPU_mm: 6688.4307673026506
  CPU_sse: 33281.800218239805
  CPU_fma: 46453.790557346168
  CPU_avx: 0
  CPU_avx512: 0
  m_CPU_enc_SHA: 12977724502.00585
  m_CPU_enc_AES: 6037364203.685689
  m_CPU_enc_ECDSA: 8442510021.4625587
  ME_ALLOC_S: 20536.553446060512
  ME_READ_S: 9511.8870117187507
  ME_READ_L: 9236.029296875
  ME_WRITE: 12451.8076171875
  ME_LARGE: 243993.5
  ME_LATENCY: 68.428606732973762
  ME_THREADED: 173849.47998046875
  SUMM_CPU: 28193.290509479004
  SUMM_ME: 1865.0150927914087
SystemInformation:
  OSName: Ubuntu 24.04.1 LTS
  Kernel: 6.8.0-1016-aws
  Device: ""
  Processor: ARM Neoverse-N1 64 Core 0 MHz
  NumSockets: 1
  Manufacturer: ARM
  NumCores: 64
  NumLogicals: 64
  CPUFrequency: 0
  Memory: 257208
Checksum: FA5D92D3CFD39E638EB0B6629B4AAA6375453E80