BaselineInfo:
  WebDBID: -1
  TimeStamp: 20241107042010
Version:
  Major: 11
  Minor: 0
  Build: 1002
  SpecialBuildName: ""
  ptArchitecture: aarch64_linux
Results:
  Results Complete: true
  NumTestProcesses: 2
  CPU_INTEGER_MATH: 9353.6346666666668
  CPU_FLOATINGPOINT_MATH: 7092.9462675368304
  CPU_PRIME: 18.513593640435115
  CPU_SORTING: 6743.8249360870877
  CPU_ENCRYPTION: 320.32426637007603
  CPU_COMPRESSION: 10474.138057006305
  CPU_SINGLETHREAD: 1320.6293374514123
  CPU_PHYSICS: 386.85493160533093
  CPU_MATRIX_MULT_SSE: 1473.3025391638566
  CPU_mm: 247.07432800738735
  CPU_sse: 1230.7093420058775
  CPU_fma: 1715.8957363218356
  CPU_avx: 0
  CPU_avx512: 0
  m_CPU_enc_SHA: 479162242.81242192
  m_CPU_enc_AES: 222659265.04061252
  m_CPU_enc_ECDSA: 305831505.94677198
  ME_ALLOC_S: 1423.7836772877313
  ME_READ_S: 11302.13388671875
  ME_READ_L: 8881.548828125
  ME_WRITE: 14852.5732421875
  ME_LARGE: 590
  ME_LATENCY: 70.720288467761762
  ME_THREADED: 17490.3369140625
  SUMM_CPU: 1599.7324333033732
  SUMM_ME: 869.63798131860005
SystemInformation:
  OSName: Ubuntu 24.04.1 LTS
  Kernel: 6.8.0-1015-gcp
  Device: ""
  Processor: ARM Neoverse-N1 2 Core 0 MHz
  NumSockets: 1
  Manufacturer: ARM
  NumCores: 2
  NumLogicals: 2
  CPUFrequency: 0
  Memory: 7919
Checksum: A3D5424A29D29FB02362E59FEB4F43C7F30A9AD2