BaselineInfo:
  WebDBID: -1
  TimeStamp: 20241114225042
Version:
  Major: 11
  Minor: 0
  Build: 1002
  SpecialBuildName: ""
  ptArchitecture: aarch64_linux
Results:
  Results Complete: true
  NumTestProcesses: 2
  CPU_INTEGER_MATH: 9335.2456666666658
  CPU_FLOATINGPOINT_MATH: 7076.2066883898524
  CPU_PRIME: 18.385760756810264
  CPU_SORTING: 6685.5401025261972
  CPU_ENCRYPTION: 317.61258242895576
  CPU_COMPRESSION: 10282.330012533081
  CPU_SINGLETHREAD: 1320.6356394078755
  CPU_PHYSICS: 376.02861319253896
  CPU_MATRIX_MULT_SSE: 1473.4840880736838
  CPU_mm: 247.03401077232832
  CPU_sse: 1231.8099318218556
  CPU_fma: 1715.158244325512
  CPU_avx: 0
  CPU_avx512: 0
  m_CPU_enc_SHA: 476372310.9624244
  m_CPU_enc_AES: 222331510.3066507
  m_CPU_enc_ECDSA: 300418972.42999911
  ME_ALLOC_S: 1415.0746349841522
  ME_READ_S: 11280.444531249999
  ME_READ_L: 8551.828125
  ME_WRITE: 14873.3798828125
  ME_LARGE: 530.33333333333337
  ME_LATENCY: 70.573135058835163
  ME_THREADED: 16834.89453125
  SUMM_CPU: 1583.9316164470717
  SUMM_ME: 821.30574037961424
SystemInformation:
  OSName: Ubuntu 24.04.1 LTS
  Kernel: 6.8.0-1015-gcp
  Device: ""
  Processor: ARM Neoverse-N1 2 Core 0 MHz
  NumSockets: 1
  Manufacturer: ARM
  NumCores: 2
  NumLogicals: 2
  CPUFrequency: 0
  Memory: 7919
Checksum: 1AED4312A9BC961100FB8F86A7BE8D815896C869