BaselineInfo:
  WebDBID: -1
  TimeStamp: 20241115150257
Version:
  Major: 11
  Minor: 0
  Build: 1002
  SpecialBuildName: ""
  ptArchitecture: aarch64_linux
Results:
  Results Complete: true
  NumTestProcesses: 2
  CPU_INTEGER_MATH: 9347.9073333333345
  CPU_FLOATINGPOINT_MATH: 7095.9279973462762
  CPU_PRIME: 18.353656530263152
  CPU_SORTING: 6660.4833764992391
  CPU_ENCRYPTION: 321.70872957639369
  CPU_COMPRESSION: 10375.061905139497
  CPU_SINGLETHREAD: 1320.7011918503047
  CPU_PHYSICS: 383.40996206364662
  CPU_MATRIX_MULT_SSE: 1470.9430178489706
  CPU_mm: 247.82286832655689
  CPU_sse: 1228.5411081246993
  CPU_fma: 1713.3449275732419
  CPU_avx: 0
  CPU_avx512: 0
  m_CPU_enc_SHA: 485850908.47691679
  m_CPU_enc_AES: 223727890.27718836
  m_CPU_enc_ECDSA: 302429359.71878457
  ME_ALLOC_S: 1416.7635890617362
  ME_READ_S: 11285.924999999999
  ME_READ_L: 9090.2001953125
  ME_WRITE: 14881.212890625
  ME_LARGE: 570.41666666666663
  ME_LATENCY: 70.435773370650665
  ME_THREADED: 17745.783203125
  SUMM_CPU: 1596.2902499031143
  SUMM_ME: 858.29466271586432
SystemInformation:
  OSName: Ubuntu 24.04.1 LTS
  Kernel: 6.8.0-1017-gcp
  Device: ""
  Processor: ARM Neoverse-N1 2 Core 0 MHz
  NumSockets: 1
  Manufacturer: ARM
  NumCores: 2
  NumLogicals: 2
  CPUFrequency: 0
  Memory: 7919
Checksum: 84C0550FC60F2F217CAFF2A02BFAD4BB427D9393