BaselineInfo:
  WebDBID: -1
  TimeStamp: 20260612235736
Version:
  Major: 11
  Minor: 0
  Build: 1004
  SpecialBuildName: ""
  ptArchitecture: x86_64_linux
Results:
  Results Complete: true
  NumTestProcesses: 16
  CPU_INTEGER_MATH: 98466.539333333349
  CPU_FLOATINGPOINT_MATH: 89750.413056579666
  CPU_PRIME: 311.67673329137608
  CPU_SORTING: 61501.638868613074
  CPU_ENCRYPTION: 21026.617292158826
  CPU_COMPRESSION: 423828.26098476537
  CPU_SINGLETHREAD: 2957.7393927172884
  CPU_PHYSICS: 5646.697803710229
  CPU_MATRIX_MULT_SSE: 40340.124526492604
  CPU_mm: 4215.104500235675
  CPU_sse: 19253.844298630607
  CPU_fma: 54891.152650606411
  CPU_avx: 46875.376630240797
  CPU_avx512: 0
  m_CPU_enc_SHA: 29310602366.535263
  m_CPU_enc_AES: 18668920200.332077
  m_CPU_enc_ECDSA: 18164496194.360847
  ME_ALLOC_S: 8498.4152730864498
  ME_READ_S: 28092.674999999999
  ME_READ_L: 26068.009765625
  ME_WRITE: 23435.91015625
  ME_LARGE: 119899
  ME_LATENCY: 68.784817038249003
  ME_THREADED: 376828.234375
  SUMM_CPU: 37621.57481836489
  SUMM_ME: 2992.9922116942721
SystemInformation:
  OSName: Ubuntu 24.04.4 LTS
  Kernel: 6.8.0-124-generic
  Device: ""
  Processor: AMD EPYC-Milan Processor
  NumSockets: 1
  Manufacturer: AuthenticAMD
  NumCores: 8
  NumLogicals: 16
  CPUFrequency: 0
  CPUMaxFrequency: 0
  Memory: 128806
  CPUInfo:
    number: 1
    Family: 15
    Model: 1
    stepping: 1
    features: 395049983
    manufacture: AuthenticAMD
    typestring: AMD EPYC-Milan Processor
    iCoresPerPackage: 8
    iThreadsPerPackage: 2
    featuresEx:
      - 395049983
      - 4277809667
      - 802421759
    bHybrid: false
    nPCore: 0
    nLogicalsPerPCore: 0
    nECore: 0
    nLogicalsPerECore: 0
  MemModuleInfo:
    iNumMemSticks: 8
    DIMM 1:
      manufacturer: QEMU
      modulePartNo: Not Specified
      memType: RAM
      size: 16
      clkspeed: 0
      moduleVoltage: 0
    DIMM 2:
      manufacturer: QEMU
      modulePartNo: Not Specified
      memType: RAM
      size: 16
      clkspeed: 0
      moduleVoltage: 0
    DIMM 3:
      manufacturer: QEMU
      modulePartNo: Not Specified
      memType: RAM
      size: 16
      clkspeed: 0
      moduleVoltage: 0
    DIMM 4:
      manufacturer: QEMU
      modulePartNo: Not Specified
      memType: RAM
      size: 16
      clkspeed: 0
      moduleVoltage: 0
    DIMM 5:
      manufacturer: QEMU
      modulePartNo: Not Specified
      memType: RAM
      size: 16
      clkspeed: 0
      moduleVoltage: 0
    DIMM 6:
      manufacturer: QEMU
      modulePartNo: Not Specified
      memType: RAM
      size: 16
      clkspeed: 0
      moduleVoltage: 0
    DIMM 7:
      manufacturer: QEMU
      modulePartNo: Not Specified
      memType: RAM
      size: 16
      clkspeed: 0
      moduleVoltage: 0
    DIMM 8:
      manufacturer: QEMU
      modulePartNo: Not Specified
      memType: RAM
      size: 16
      clkspeed: 0
      moduleVoltage: 0
Checksum: 1B06D2AE9E339D9442DADD91281AA8A3376672BD