BaselineInfo:
  WebDBID: -1
  TimeStamp: 20241107201757
Version:
  Major: 11
  Minor: 0
  Build: 1002
  SpecialBuildName: ""
  ptArchitecture: x86_64_linux
Results:
  Results Complete: true
  NumTestProcesses: 8
  CPU_INTEGER_MATH: 30418.41166666667
  CPU_FLOATINGPOINT_MATH: 21759.846260361966
  CPU_PRIME: 64.735209473109023
  CPU_SORTING: 15672.302046012954
  CPU_ENCRYPTION: 6779.9469915340414
  CPU_COMPRESSION: 116822.74250277152
  CPU_SINGLETHREAD: 2375.0677390773781
  CPU_PHYSICS: 1529.8031318314752
  CPU_MATRIX_MULT_SSE: 8665.5361449774846
  CPU_mm: 858.49189320286916
  CPU_sse: 3785.9417413921888
  CPU_fma: 9870.9925660703775
  CPU_avx: 7249.4963573246469
  CPU_avx512: 13755.713915122727
  m_CPU_enc_SHA: 7165082686.2521477
  m_CPU_enc_AES: 9264262737.0361748
  m_CPU_enc_ECDSA: 4898523666.4960737
  ME_ALLOC_S: 3790.0574794824433
  ME_READ_S: 21382.832617187501
  ME_READ_L: 6955.45751953125
  ME_WRITE: 6761.14990234375
  ME_LARGE: 21939.416666666668
  ME_LATENCY: 73.904365699653823
  ME_THREADED: 46117.2666015625
  SUMM_CPU: 11489.886018499074
  SUMM_ME: 1809.347726083505
SystemInformation:
  OSName: Ubuntu 24.04.1 LTS
  Kernel: 6.8.0-1015-gcp
  Device: ""
  Processor: INTEL XEON PLATINUM 8581C CPU @ 2.10GHz
  NumSockets: 1
  Manufacturer: GenuineIntel
  NumCores: 4
  NumLogicals: 8
  CPUFrequency: 0
  Memory: 32092
  MemModuleInfo:
    iNumMemSticks: 2
    DIMM 1:
      manufacturer: ""
      modulePartNo: ""
      memType: RAM
      size: 16
      clkspeed: 0
      moduleVoltage: 0
    DIMM 2:
      manufacturer: ""
      modulePartNo: ""
      memType: RAM
      size: 16
      clkspeed: 0
      moduleVoltage: 0
Checksum: AE4FBDA1620F0E818058BF630A83CEDD684B9E84