"size","threads","connections","rps","latency","failed","server_usr","server_sys","client_usr","client_sys"
"1k",32,32,2524991,0.000012370,0,61.56,97.93,33.16,120.72
"1k",32,64,2315471,0.000027530,0,57.15,101.07,28.07,122.72
"1k",32,128,2757683,0.000052520,0,65.03,98.66,28.40,115.13
"1k",32,256,2073284,0.000127780,0,47.86,113.69,21.04,124.31
"1k",32,512,2169452,0.000333500,0,48.89,116.49,20.45,128.39
"1k",32,1024,2223343,0.000613980,0,49.79,117.82,20.49,130.23
"1k",64,64,2294820,0.000028080,0,53.12,107.36,30.67,127.52
"1k",64,128,1798096,0.000075990,0,38.03,118.57,22.86,137.14
"1k",64,256,1966605,0.000206890,0,40.66,119.57,23.84,138.66
"1k",64,512,2070074,0.000485980,0,42.35,117.62,25.54,138.40
"1k",64,1024,1991178,0.000737520,0,41.16,120.26,24.44,138.92
"1k",128,128,2147599,0.000066880,0,47.35,109.94,29.81,131.64
"1k",128,256,1868180,0.000212400,0,38.02,117.87,28.07,138.79
"1k",128,512,1798255,0.000476690,0,35.52,120.68,25.14,142.88
"1k",128,1024,1796537,0.000758140,0,35.58,121.64,24.74,143.85
"16k",32,32,1907338,0.000016780,0,54.87,97.56,28.49,122.40
"16k",32,64,1954982,0.000030000,0,52.79,102.22,27.81,126.12
"16k",32,128,2139958,0.000058540,0,56.26,99.06,28.38,120.78
"16k",32,256,1603755,0.000158310,0,43.59,110.85,20.30,129.85
"16k",32,512,1620947,0.000360270,0,44.21,114.07,19.36,134.43
"16k",32,1024,1571029,0.000640300,0,45.81,115.68,19.01,138.56
"16k",64,64,2107803,0.000030450,0,54.73,100.94,32.54,132.99
"16k",64,128,1477056,0.000089310,0,37.01,116.21,23.22,142.06
"16k",64,256,1559624,0.000213590,0,38.01,117.74,23.15,144.19
"16k",64,512,1550766,0.000544900,0,38.40,118.00,24.10,144.25
"16k",64,1024,1519004,0.000940000,0,39.12,119.06,22.15,145.62
"16k",128,128,1729664,0.000078840,0,44.37,108.21,29.88,137.53
"16k",128,256,1539738,0.000230120,0,37.07,114.95,27.57,143.68
"16k",128,512,1441624,0.000536340,0,33.98,118.75,24.80,147.47
"16k",128,1024,1411406,0.000900000,0,35.18,119.38,24.08,146.95
"64k",32,32,1046375,0.000030640,0,45.53,105.50,23.32,129.57
"64k",32,64,1176136,0.000053130,0,48.67,106.09,24.50,134.31
"64k",32,128,1206025,0.000102420,0,47.53,105.41,22.79,134.82
"64k",32,256,847810,0.000286950,0,37.26,117.81,16.38,133.67
"64k",32,512,720157,0.000725070,0,44.49,123.78,13.95,137.36
"64k",32,1024,553220,0.001810000,0,54.18,120.94,12.80,133.19
"64k",64,64,1162626,0.000055470,0,47.61,105.10,26.54,140.73
"64k",64,128,871123,0.000154010,0,32.52,121.31,20.07,145.62
"64k",64,256,872613,0.000369170,0,32.44,124.80,19.02,147.06
"64k",64,512,751820,0.000870000,0,34.21,128.70,18.32,143.33
"64k",64,1024,583908,0.001880000,0,48.97,124.49,14.97,137.24
"64k",128,128,987706,0.000139200,0,37.10,113.22,25.42,145.14
"64k",128,256,847159,0.000383700,0,30.45,122.86,23.09,147.59
"64k",128,512,733940,0.000860000,0,31.84,127.30,18.81,146.99
"64k",128,1024,607129,0.001800000,0,47.08,123.31,17.11,138.23
"256k",32,32,405051,0.000158530,0,45.77,110.97,19.93,127.33
"256k",32,64,431949,0.000171090,0,43.74,106.93,20.28,131.98
"256k",32,128,257547,0.000477770,0,46.20,126.06,12.52,122.40
"256k",32,256,151098,0.001610000,0,61.64,127.66,9.38,119.42
"256k",32,512,124966,0.003770000,0,73.33,127.68,8.31,114.09
"256k",64,64,441745,0.000146650,0,46.07,112.00,22.07,142.86
"256k",64,128,272687,0.000545020,0,38.75,133.57,14.98,134.94
"256k",64,256,178320,0.001530000,0,56.28,133.11,11.94,122.57
"256k",64,512,135115,0.003760000,0,72.00,128.77,9.80,113.86
"256k",128,128,304996,0.000491710,0,43.47,127.31,18.65,134.08
"256k",128,256,190123,0.001440000,0,54.18,132.95,13.57,123.88
"256k",128,512,143417,0.003580000,0,75.95,126.96,11.41,111.28
"512k",32,32,211087,0.001840000,0,41.08,99.03,16.96,144.02
"512k",32,64,163081,0.000427370,0,58.56,122.63,14.70,116.54
"512k",32,128,77951,0.001570000,0,66.55,133.08,8.81,108.22
"512k",32,256,61968,0.003900000,0,84.56,130.56,7.11,100.60
"512k",32,512,58198,0.008310000,0,86.66,127.55,6.77,102.74
"512k",64,64,159575,0.001420000,0,59.00,116.85,15.66,131.78
"512k",64,128,91725,0.001470000,0,66.60,133.44,11.32,111.50
"512k",64,256,66976,0.003790000,0,86.66,126.37,9.23,101.78
"512k",64,512,64391,0.007970000,0,89.79,126.67,8.23,100.80
"512k",128,128,99059,0.001340000,0,79.32,125.81,12.80,106.27
"512k",128,256,71692,0.003580000,0,90.77,123.98,9.90,100.63
"512k",128,512,68322,0.007490000,0,91.27,123.82,9.62,101.28
