---
system-info:
      stress-ng-version: 0.17.08
      run-by: root
      date-yyyy-mm-dd: 2024:09:17
      time-hh-mm-ss: 06:42:31
      epoch-secs: 1726555351
      hostname: sc-runner
      sysname: Linux
      nodename: sc-runner
      release: 6.8.0-1014-azure
      version: '#16-Ubuntu SMP Thu Aug 15 20:04:41 UTC 2024'
      machine: x86_64
      compiler: 'musl-gcc 13.2.1'
      uptime: 345
      totalram: 135145410560
      freeram: 123419009024
      sharedram: 79798272
      bufferram: 263622656
      totalswap: 0
      freeswap: 0
      pagesize: 4096
      cpus: 64
      cpus-online: 64
      ticks-per-second: 100

metrics:
    - stressor: cpu
      bogo-ops: 28248
      bogo-ops-per-second-usr-sys-time: 1412.412570
      bogo-ops-per-second-real-time: 1412.379543
      wall-clock-time: 20.000290
      user-time: 19.998823
      system-time: 0.000999
      cpu-usage-per-instance: 99.997662
      max-rss: 2560

...
