BaselineInfo:
  WebDBID: -1
  TimeStamp: 20260619182254
Version:
  Major: 11
  Minor: 0
  Build: 1004
  SpecialBuildName: ""
  ptArchitecture: x86_64_linux
Results:
  Results Complete: true
  NumTestProcesses: 4
  CPU_INTEGER_MATH: 18811.686666666665
  CPU_FLOATINGPOINT_MATH: 13332.327480731976
  CPU_PRIME: 38.161167593386843
  CPU_SORTING: 9363.4958189763747
  CPU_ENCRYPTION: 4137.8138511250108
  CPU_COMPRESSION: 71264.128956377419
  CPU_SINGLETHREAD: 2878.1443640633211
  CPU_PHYSICS: 919.48696369166282
  CPU_MATRIX_MULT_SSE: 5341.8418197229421
  CPU_mm: 531.34028787093553
  CPU_sse: 2289.8344700380126
  CPU_fma: 6209.5709594318832
  CPU_avx: 4562.8760381567026
  CPU_avx512: 8305.0858112651695
  m_CPU_enc_SHA: 4376806886.5241194
  m_CPU_enc_AES: 5688841839.7963638
  m_CPU_enc_ECDSA: 2950788163.9512944
  ME_ALLOC_S: 2482.34556658569
  ME_READ_S: 25762.815234375001
  ME_READ_L: 9215.154296875
  ME_WRITE: 8433.953125
  ME_LARGE: 23852
  ME_LATENCY: 75.532819309785836
  ME_THREADED: 27744.33251953125
  SUMM_CPU: 7245.7431991339954
  SUMM_ME: 1916.7937265171975
SystemInformation:
  OSName: Ubuntu 24.04.4 LTS
  Kernel: 6.17.0-1018-azure
  Device: ""
  Processor: INTEL(R) XEON(R) PLATINUM 8573C
  NumSockets: 1
  Manufacturer: GenuineIntel
  NumCores: 2
  NumLogicals: 4
  CPUFrequency: 2300
  CPUMaxFrequency: 2300
  Memory: 32092
  CPUInfo:
    number: 1
    Family: 6
    Model: 15
    stepping: 2
    features: 529267711
    manufacture: GenuineIntel
    typestring: INTEL(R) XEON(R) PLATINUM 8573C
    iCoresPerPackage: 2
    iThreadsPerPackage: 2
    featuresEx:
      - 529267711
      - 4294586915
      - 739248128
    bHybrid: false
    nPCore: 0
    nLogicalsPerPCore: 0
    nECore: 0
    nLogicalsPerECore: 0
  MemModuleInfo:
    iNumMemSticks: 2
    DIMM 1:
      manufacturer: Microsoft Corporation
      modulePartNo: None
      memType: Unknown
      size: 1
      clkspeed: 0
      moduleVoltage: 0
    DIMM 2:
      manufacturer: Microsoft Corporation
      modulePartNo: None
      memType: Unknown
      size: 31
      clkspeed: 0
      moduleVoltage: 0
Checksum: A08038F089BD03852CB9B2D5DB8E5E7C9C0AB39C