BaselineInfo:
  WebDBID: -1
  TimeStamp: 20260620005646
Version:
  Major: 11
  Minor: 0
  Build: 1004
  SpecialBuildName: ""
  ptArchitecture: x86_64_linux
Results:
  Results Complete: true
  NumTestProcesses: 16
  CPU_INTEGER_MATH: 84036.617666666672
  CPU_FLOATINGPOINT_MATH: 62851.794067506416
  CPU_PRIME: 182.93777755299172
  CPU_SORTING: 42051.988069641302
  CPU_ENCRYPTION: 19675.060380487797
  CPU_COMPRESSION: 340160.52638119215
  CPU_SINGLETHREAD: 3505.0307159007461
  CPU_PHYSICS: 3738.6223344303908
  CPU_MATRIX_MULT_SSE: 23451.349209367905
  CPU_mm: 2447.8347661888811
  CPU_sse: 10730.711655458786
  CPU_fma: 28051.554496654189
  CPU_avx: 21200.094891988305
  CPU_avx512: 33823.035793370356
  m_CPU_enc_SHA: 20747768913.153889
  m_CPU_enc_AES: 27131426732.922821
  m_CPU_enc_ECDSA: 14013192694.514416
  ME_ALLOC_S: 8896.7990166908221
  ME_READ_S: 30543.2509765625
  ME_READ_L: 23210.1015625
  ME_WRITE: 8572.240234375
  ME_LARGE: 23562.666666666668
  ME_LATENCY: 71.720415676939155
  ME_THREADED: 144663.8330078125
  SUMM_CPU: 30370.06323292452
  SUMM_ME: 2535.2193230881257
SystemInformation:
  OSName: Ubuntu 24.04.4 LTS
  Kernel: 6.17.0-1018-azure
  Device: ""
  Processor: Intel(R) Xeon(R) 6973P-C
  NumSockets: 1
  Manufacturer: GenuineIntel
  NumCores: 8
  NumLogicals: 16
  CPUFrequency: 2600
  CPUMaxFrequency: 2600
  Memory: 32088
  CPUInfo:
    number: 1
    Family: 6
    Model: 13
    stepping: 1
    features: 529267711
    manufacture: GenuineIntel
    typestring: Intel(R) Xeon(R) 6973P-C
    iCoresPerPackage: 8
    iThreadsPerPackage: 2
    featuresEx:
      - 529267711
      - 4294586915
      - 739248128
    bHybrid: false
    nPCore: 0
    nLogicalsPerPCore: 0
    nECore: 0
    nLogicalsPerECore: 0
  MemModuleInfo:
    iNumMemSticks: 2
    DIMM 1:
      manufacturer: Microsoft Corporation
      modulePartNo: None
      memType: Unknown
      size: 1
      clkspeed: 0
      moduleVoltage: 0
    DIMM 2:
      manufacturer: Microsoft Corporation
      modulePartNo: None
      memType: Unknown
      size: 31
      clkspeed: 0
      moduleVoltage: 0
Checksum: F39EC1D5536EF685FEFFCECCBA15530803718030