---
system-info:
      stress-ng-version: 0.17.08
      run-by: root
      date-yyyy-mm-dd: 2024:09:19
      time-hh-mm-ss: 13:56:29
      epoch-secs: 1726754189
      hostname: ip-172-31-19-27
      sysname: Linux
      nodename: ip-172-31-19-27
      release: 6.8.0-1014-aws
      version: '#15-Ubuntu SMP Thu Aug  8 20:05:03 UTC 2024'
      machine: aarch64
      compiler: 'musl-gcc 13.2.1'
      uptime: 187
      totalram: 265467629568
      freeram: 255147053056
      sharedram: 39313408
      bufferram: 250187776
      totalswap: 0
      freeswap: 0
      pagesize: 4096
      cpus: 16
      cpus-online: 16
      ticks-per-second: 100

metrics:
    - stressor: cpu
      bogo-ops: 34147
      bogo-ops-per-second-usr-sys-time: 1707.290416
      bogo-ops-per-second-real-time: 1707.343528
      wall-clock-time: 20.000076
      user-time: 20.000698
      system-time: 0.000000
      cpu-usage-per-instance: 100.003111
      max-rss: 1192

...
