---
system-info:
      stress-ng-version: 0.17.08
      run-by: root
      date-yyyy-mm-dd: 2024:08:20
      time-hh-mm-ss: 08:14:38
      epoch-secs: 1724141678
      hostname: ip-10-150-130-160
      sysname: Linux
      nodename: ip-10-150-130-160
      release: 6.8.0-1013-aws
      version: '#14-Ubuntu SMP Thu Jul 25 21:19:24 UTC 2024'
      machine: x86_64
      compiler: 'musl-gcc 13.2.1'
      uptime: 1218
      totalram: 773533175808
      freeram: 763701080064
      sharedram: 96260096
      bufferram: 128983040
      totalswap: 0
      freeswap: 0
      pagesize: 4096
      cpus: 64
      cpus-online: 64
      ticks-per-second: 100

metrics:
    - stressor: cpu
      bogo-ops: 17357
      bogo-ops-per-second-usr-sys-time: 867.920302
      bogo-ops-per-second-real-time: 867.842882
      wall-clock-time: 20.000164
      user-time: 19.998380
      system-time: 0.000000
      cpu-usage-per-instance: 99.991080
      max-rss: 512

...
