---
system-info:
      stress-ng-version: 0.17.08
      run-by: root
      date-yyyy-mm-dd: 2024:06:14
      time-hh-mm-ss: 15:23:18
      epoch-secs: 1718378598
      hostname: cb34c8b5ffa7
      sysname: Linux
      nodename: cb34c8b5ffa7
      release: 6.8.0-1008-aws
      version: '#8-Ubuntu SMP Sat Apr 20 02:43:14 UTC 2024'
      machine: aarch64
      compiler: 'musl-gcc 13.2.1'
      uptime: 152
      totalram: 6065348608
      freeram: 1879883776
      sharedram: 35020800
      bufferram: 109801472
      totalswap: 0
      freeswap: 0
      pagesize: 4096
      cpus: 1
      cpus-online: 1
      ticks-per-second: 100

metrics:
    - stressor: cpu
      bogo-ops: 29982
      bogo-ops-per-second-usr-sys-time: 1519.662554
      bogo-ops-per-second-real-time: 1499.095497
      wall-clock-time: 20.000060
      user-time: 19.727394
      system-time: 0.001986
      cpu-usage-per-instance: 98.646604
      max-rss: 1320

...
