---
system-info:
      stress-ng-version: 0.17.08
      run-by: root
      date-yyyy-mm-dd: 2024:06:07
      time-hh-mm-ss: 15:55:59
      epoch-secs: 1717775759
      hostname: 0cc2fc5437e9
      sysname: Linux
      nodename: 0cc2fc5437e9
      release: 6.8.0-1008-aws
      version: '#8-Ubuntu SMP Sat Apr 20 02:43:14 UTC 2024'
      machine: aarch64
      compiler: 'musl-gcc 13.2.1'
      uptime: 139
      totalram: 6065348608
      freeram: 1940537344
      sharedram: 35020800
      bufferram: 93798400
      totalswap: 0
      freeswap: 0
      pagesize: 4096
      cpus: 1
      cpus-online: 1
      ticks-per-second: 100

metrics:
    - stressor: cpu
      bogo-ops: 2916
      bogo-ops-per-second-usr-sys-time: 295.738326
      bogo-ops-per-second-real-time: 291.576809
      wall-clock-time: 10.000795
      user-time: 9.858086
      system-time: 0.001982
      cpu-usage-per-instance: 98.592838
      max-rss: 4136

...
