BaselineInfo:
  WebDBID: -1
  TimeStamp: 20241106234231
Version:
  Major: 11
  Minor: 0
  Build: 1002
  SpecialBuildName: ""
  ptArchitecture: aarch64_linux
Results:
  Results Complete: true
  NumTestProcesses: 2
  CPU_INTEGER_MATH: 9395.2406666666684
  CPU_FLOATINGPOINT_MATH: 7148.0209714705925
  CPU_PRIME: 16.823977532474267
  CPU_SORTING: 6720.7579422686904
  CPU_ENCRYPTION: 319.59196995770867
  CPU_COMPRESSION: 10546.481020995383
  CPU_SINGLETHREAD: 1326.1229300961411
  CPU_PHYSICS: 350.39941001280965
  CPU_MATRIX_MULT_SSE: 1479.7999794118496
  CPU_mm: 248.76992736369996
  CPU_sse: 1233.1614892466773
  CPU_fma: 1726.4384695770218
  CPU_avx: 0
  CPU_avx512: 0
  m_CPU_enc_SHA: 479225603.00188076
  m_CPU_enc_AES: 223825622.96965483
  m_CPU_enc_ECDSA: 302298182.49958718
  ME_ALLOC_S: 1348.1765036032284
  ME_READ_S: 11351.268359375001
  ME_READ_L: 8618.6328125
  ME_WRITE: 14910.009765625
  ME_LARGE: 545.91666666666663
  ME_LATENCY: 74.761186527898374
  ME_THREADED: 17347
  SUMM_CPU: 1597.600333848208
  SUMM_ME: 825.94235043234448
SystemInformation:
  OSName: Ubuntu 24.04.1 LTS
  Kernel: 6.8.0-1017-azure
  Device: ""
  Processor: ARM Neoverse-N1 2 Core 0 MHz
  NumSockets: 1
  Manufacturer: ARM
  NumCores: 2
  NumLogicals: 2
  CPUFrequency: 0
  Memory: 3905
Checksum: AD342D48689A15B5DC9EF6D6DBB53A3A5E8F40BC