BaselineInfo:
  WebDBID: -1
  TimeStamp: 20241114194740
Version:
  Major: 11
  Minor: 0
  Build: 1002
  SpecialBuildName: ""
  ptArchitecture: aarch64_linux
Results:
  Results Complete: true
  NumTestProcesses: 2
  CPU_INTEGER_MATH: 9390.483666666667
  CPU_FLOATINGPOINT_MATH: 7145.966010702854
  CPU_PRIME: 16.377009051524126
  CPU_SORTING: 6670.249988677484
  CPU_ENCRYPTION: 323.62989400217867
  CPU_COMPRESSION: 10202.312724441796
  CPU_SINGLETHREAD: 1327.4494441084712
  CPU_PHYSICS: 260.1649555649268
  CPU_MATRIX_MULT_SSE: 1480.2910905114998
  CPU_mm: 248.71596931925924
  CPU_sse: 1235.7052193080267
  CPU_fma: 1724.8769617149728
  CPU_avx: 0
  CPU_avx512: 0
  m_CPU_enc_SHA: 489108731.74945784
  m_CPU_enc_AES: 225141502.29170895
  m_CPU_enc_ECDSA: 303801385.15851873
  ME_ALLOC_S: 1327.6077819605434
  ME_READ_S: 11247.76259765625
  ME_READ_L: 7923.75146484375
  ME_WRITE: 14863.6220703125
  ME_LARGE: 557.75
  ME_LATENCY: 78.13172686732257
  ME_THREADED: 15706.30615234375
  SUMM_CPU: 1578.7648250914808
  SUMM_ME: 815.86506685029644
SystemInformation:
  OSName: Ubuntu 24.04.1 LTS
  Kernel: 6.8.0-1017-azure
  Device: ""
  Processor: ARM Neoverse-N1 2 Core 0 MHz
  NumSockets: 1
  Manufacturer: ARM
  NumCores: 2
  NumLogicals: 2
  CPUFrequency: 0
  Memory: 3905
Checksum: 578DC11EC3990B86738A6A79092E755C5F82CA14