BaselineInfo:
  WebDBID: -1
  TimeStamp: 20241115120046
Version:
  Major: 11
  Minor: 0
  Build: 1002
  SpecialBuildName: ""
  ptArchitecture: aarch64_linux
Results:
  Results Complete: true
  NumTestProcesses: 2
  CPU_INTEGER_MATH: 9397.0866666666661
  CPU_FLOATINGPOINT_MATH: 7146.0502260614066
  CPU_PRIME: 18.42438173956927
  CPU_SORTING: 6782.173292737134
  CPU_ENCRYPTION: 322.81210413108573
  CPU_COMPRESSION: 10574.860440235458
  CPU_SINGLETHREAD: 1330.137467423084
  CPU_PHYSICS: 364.22460323198345
  CPU_MATRIX_MULT_SSE: 1487.5830051996313
  CPU_mm: 246.65305038223789
  CPU_sse: 1245.405442055983
  CPU_fma: 1729.7605683432796
  CPU_avx: 0
  CPU_avx512: 0
  m_CPU_enc_SHA: 488753316.77636957
  m_CPU_enc_AES: 225902600.00229305
  m_CPU_enc_ECDSA: 300823157.92540944
  ME_ALLOC_S: 1423.718536955083
  ME_READ_S: 11368.59775390625
  ME_READ_L: 8560.55078125
  ME_WRITE: 14953.69921875
  ME_LARGE: 584
  ME_LATENCY: 71.483997456063534
  ME_THREADED: 16665.953125
  SUMM_CPU: 1610.5867601156076
  SUMM_ME: 859.61826240209439
SystemInformation:
  OSName: Ubuntu 24.04.1 LTS
  Kernel: 6.8.0-1017-azure
  Device: ""
  Processor: ARM Neoverse-N1 2 Core 0 MHz
  NumSockets: 1
  Manufacturer: ARM
  NumCores: 2
  NumLogicals: 2
  CPUFrequency: 0
  Memory: 3905
Checksum: 6313B55086AC668C44E052FE87898B7696AAB6A8