---
system-info:
      stress-ng-version: 0.17.08
      run-by: root
      date-yyyy-mm-dd: 2024:07:11
      time-hh-mm-ss: 18:43:16
      epoch-secs: 1720723396
      hostname: ip-172-31-25-219
      sysname: Linux
      nodename: ip-172-31-25-219
      release: 6.8.0-1010-aws
      version: '#10-Ubuntu SMP Thu Jun 13 17:36:15 UTC 2024'
      machine: x86_64
      compiler: 'musl-gcc 13.2.1'
      uptime: 205
      totalram: 128729665536
      freeram: 123513188352
      sharedram: 48508928
      bufferram: 135471104
      totalswap: 0
      freeswap: 0
      pagesize: 4096
      cpus: 4
      cpus-online: 4
      ticks-per-second: 100

metrics:
    - stressor: cpu
      bogo-ops: 41371
      bogo-ops-per-second-usr-sys-time: 520.913990
      bogo-ops-per-second-real-time: 2068.524195
      wall-clock-time: 20.000250
      user-time: 79.412036
      system-time: 0.007985
      cpu-usage-per-instance: 99.273788
      max-rss: 1104

...
