BaselineInfo:
  WebDBID: -1
  TimeStamp: 20260405094329
Version:
  Major: 11
  Minor: 0
  Build: 1004
  SpecialBuildName: ""
  ptArchitecture: x86_64_linux
Results:
  Results Complete: true
  NumTestProcesses: 8
  CPU_INTEGER_MATH: 19722.048666666666
  CPU_FLOATINGPOINT_MATH: 12127.919818355093
  CPU_PRIME: 48.837415027182047
  CPU_SORTING: 12422.909656367961
  CPU_ENCRYPTION: 2731.6166940578091
  CPU_COMPRESSION: 92009.531690327611
  CPU_SINGLETHREAD: 1741.0300814165905
  CPU_PHYSICS: 784.60685570489375
  CPU_MATRIX_MULT_SSE: 2255.9564355005414
  CPU_mm: 612.12910886053464
  CPU_sse: 2255.9564355005414
  CPU_fma: 0
  CPU_avx: 0
  CPU_avx512: 0
  m_CPU_enc_SHA: 891419370.44671452
  m_CPU_enc_AES: 6893050604.6341572
  m_CPU_enc_ECDSA: 808453144.68421352
  ME_ALLOC_S: 2091.9239598222543
  ME_READ_S: 19540.884960937499
  ME_READ_L: 6033.81201171875
  ME_WRITE: 6742.15283203125
  ME_LARGE: 12138.166666666666
  ME_LATENCY: 82.027968117227729
  ME_THREADED: 36154.96484375
  SUMM_CPU: 6136.7468556382901
  SUMM_ME: 1577.0601509031881
SystemInformation:
  OSName: Ubuntu 24.04.4 LTS
  Kernel: 6.8.0-106-generic
  Device: ""
  Processor: Intel(R) Xeon(R) Platinum 8163 CPU @ 2.50GHz
  NumSockets: 1
  Manufacturer: GenuineIntel
  NumCores: 4
  NumLogicals: 8
  CPUFrequency: 2500
  CPUMaxFrequency: 3100
  Memory: 31711
  CPUInfo:
    number: 1
    Family: 6
    Model: 5
    stepping: 4
    features: 529267711
    manufacture: GenuineIntel
    typestring: Intel(R) Xeon(R) Platinum 8163 CPU @ 2.50GHz
    iCoresPerPackage: 0
    iThreadsPerPackage: 0
    featuresEx:
      - 529267711
      - 4160369155
      - 739248128
    bHybrid: false
    nPCore: 0
    nLogicalsPerPCore: 0
    nECore: 0
    nLogicalsPerECore: 0
  MemModuleInfo:
    iNumMemSticks: 2
    DIMM 1:
      manufacturer: Alibaba Cloud
      modulePartNo: Not Specified
      memType: RAM
      size: 16
      clkspeed: 0
      moduleVoltage: 0
    DIMM 2:
      manufacturer: Alibaba Cloud
      modulePartNo: Not Specified
      memType: RAM
      size: 16
      clkspeed: 0
      moduleVoltage: 0
Checksum: A36DA81D50588EE775E053A20839AC1F29ACEF20