---
system-info:
      stress-ng-version: 0.17.08
      run-by: root
      date-yyyy-mm-dd: 2024:09:11
      time-hh-mm-ss: 11:53:30
      epoch-secs: 1726055610
      hostname: ip-172-31-9-181
      sysname: Linux
      nodename: ip-172-31-9-181
      release: 6.8.0-1014-aws
      version: '#15-Ubuntu SMP Thu Aug  8 19:13:06 UTC 2024'
      machine: x86_64
      compiler: 'musl-gcc 13.2.1'
      uptime: 205
      totalram: 538693193728
      freeram: 529866027008
      sharedram: 59965440
      bufferram: 219840512
      totalswap: 0
      freeswap: 0
      pagesize: 4096
      cpus: 16
      cpus-online: 16
      ticks-per-second: 100

metrics:
    - stressor: cpu
      bogo-ops: 309471
      bogo-ops-per-second-usr-sys-time: 968.130696
      bogo-ops-per-second-real-time: 15473.468320
      wall-clock-time: 20.000106
      user-time: 319.572286
      system-time: 0.086001
      cpu-usage-per-instance: 99.892687
      max-rss: 1104

...
