size_kb,operation,bandwidth_mb_s,latency_ns,latency_stddev_ns,latency_samples,threads,iterations,elapsed_s
32,read,653477.25,0,0,0,8,593824,0.227179
32,write,499377.69,0,0,0,8,531915,0.266289
32,copy,334189.13,0,0,0,8,274423,0.205290
32,latency,0,0.97,0.10,21,1,21,0.434638
128,read,525571.57,0,0,0,8,215331,0.409708
128,write,515501.56,0,0,0,8,182348,0.353729
128,copy,337595.35,0,0,0,8,119445,0.353811
128,latency,0,2.58,0.03,7,1,7,0.460021
256,read,841780.03,0,0,0,8,94912,0.225503
256,write,518715.04,0,0,0,8,76828,0.296224
256,copy,285589.65,0,0,0,8,77543,0.543038
256,latency,0,3.13,0.14,7,1,7,0.681175
512,read,810008.19,0,0,0,8,58193,0.287370
512,write,839597.29,0,0,0,8,49338,0.235056
512,copy,224653.86,0,0,0,8,12835,0.228529
512,latency,0,4.02,0.20,14,1,14,1.540234
1024,read,750053.35,0,0,0,8,14539,0.155072
1024,write,462390.56,0,0,0,8,22492,0.389143
1024,copy,212926.49,0,0,0,8,6858,0.257666
1024,latency,0,5.99,0.63,21,1,21,2.472776
4096,read,433451.58,0,0,0,8,2377,0.175484
4096,write,397650.28,0,0,0,8,2110,0.169797
4096,copy,97340.12,0,0,0,8,1836,0.603574
4096,latency,0,10.08,0.39,7,1,7,0.685470
8192,read,312326.33,0,0,0,8,837,0.171513
8192,write,302345.46,0,0,0,8,740,0.156642
8192,copy,35624.68,0,0,0,8,381,0.684469
8192,latency,0,12.80,79.89,21,1,21,1.034317
16384,read,118822.00,0,0,0,8,552,0.594637
16384,write,92889.53,0,0,0,8,546,0.752378
16384,copy,36900.65,0,0,0,8,304,1.054507
16384,latency,0,127.48,6.29,20,1,20,3.100411
32768,read,94087.67,0,0,0,8,254,0.691100
32768,write,56170.36,0,0,0,8,248,1.130276
32768,copy,33792.79,0,0,0,8,135,1.022704
32768,latency,0,139.34,2.40,7,1,7,3.005978
65536,read,79976.41,0,0,0,8,98,0.627385
65536,write,39869.82,0,0,0,8,67,0.860400
65536,copy,33369.04,0,0,0,8,68,1.043362
65536,latency,0,147.72,0.96,7,1,7,6.348025
