---
system-info:
      stress-ng-version: 0.17.08
      run-by: root
      date-yyyy-mm-dd: 2024:06:10
      time-hh-mm-ss: 03:55:53
      epoch-secs: 1717991753
      hostname: 28fcd55da7ec
      sysname: Linux
      nodename: 28fcd55da7ec
      release: 6.8.0-1008-aws
      version: '#8-Ubuntu SMP Sat Apr 20 00:46:25 UTC 2024'
      machine: x86_64
      compiler: 'musl-gcc 13.2.1'
      uptime: 160
      totalram: 8323846144
      freeram: 3770793984
      sharedram: 48496640
      bufferram: 116658176
      totalswap: 0
      freeswap: 0
      pagesize: 4096
      cpus: 2
      cpus-online: 2
      ticks-per-second: 100

metrics:
    - stressor: cpu
      bogo-ops: 11427
      bogo-ops-per-second-usr-sys-time: 1142.874974
      bogo-ops-per-second-real-time: 1142.681038
      wall-clock-time: 10.000166
      user-time: 9.996469
      system-time: 0.002000
      cpu-usage-per-instance: 99.983031
      max-rss: 3920

...
