---
system-info:
      stress-ng-version: 0.17.08
      run-by: root
      date-yyyy-mm-dd: 2024:06:16
      time-hh-mm-ss: 06:28:08
      epoch-secs: 1718519288
      hostname: 26bdc6cc6005
      sysname: Linux
      nodename: 26bdc6cc6005
      release: 6.8.0-1008-aws
      version: '#8-Ubuntu SMP Sat Apr 20 00:46:25 UTC 2024'
      machine: x86_64
      compiler: 'musl-gcc 13.2.1'
      uptime: 196
      totalram: 8323858432
      freeram: 3922673664
      sharedram: 48492544
      bufferram: 109977600
      totalswap: 0
      freeswap: 0
      pagesize: 4096
      cpus: 2
      cpus-online: 2
      ticks-per-second: 100

metrics:
    - stressor: cpu
      bogo-ops: 21529
      bogo-ops-per-second-usr-sys-time: 1076.567938
      bogo-ops-per-second-real-time: 1076.446728
      wall-clock-time: 20.000061
      user-time: 19.994656
      system-time: 0.003153
      cpu-usage-per-instance: 99.988741
      max-rss: 1104

...
