---
system-info:
      stress-ng-version: 0.17.08
      run-by: root
      date-yyyy-mm-dd: 2024:06:13
      time-hh-mm-ss: 18:44:06
      epoch-secs: 1718304246
      hostname: f25de1c640b5
      sysname: Linux
      nodename: f25de1c640b5
      release: 6.8.0-1008-aws
      version: '#8-Ubuntu SMP Sat Apr 20 00:46:25 UTC 2024'
      machine: x86_64
      compiler: 'musl-gcc 13.2.1'
      uptime: 153
      totalram: 267397996544
      freeram: 262670438400
      sharedram: 40845312
      bufferram: 107032576
      totalswap: 0
      freeswap: 0
      pagesize: 4096
      cpus: 32
      cpus-online: 32
      ticks-per-second: 100

metrics:
    - stressor: cpu
      bogo-ops: 25697
      bogo-ops-per-second-usr-sys-time: 1284.851092
      bogo-ops-per-second-real-time: 1284.841331
      wall-clock-time: 20.000135
      user-time: 19.999983
      system-time: 0.000000
      cpu-usage-per-instance: 99.999240
      max-rss: 776

...
