---
system-info:
      stress-ng-version: 0.17.08
      run-by: root
      date-yyyy-mm-dd: 2024:06:08
      time-hh-mm-ss: 05:20:03
      epoch-secs: 1717824003
      hostname: d72f70a4ca2c
      sysname: Linux
      nodename: d72f70a4ca2c
      release: 6.8.0-1008-aws
      version: '#8-Ubuntu SMP Sat Apr 20 00:46:25 UTC 2024'
      machine: x86_64
      compiler: 'musl-gcc 13.2.1'
      uptime: 134
      totalram: 267397984256
      freeram: 262737534976
      sharedram: 40853504
      bufferram: 97132544
      totalswap: 0
      freeswap: 0
      pagesize: 4096
      cpus: 32
      cpus-online: 32
      ticks-per-second: 100

metrics:
    - stressor: cpu
      bogo-ops: 13852
      bogo-ops-per-second-usr-sys-time: 1384.889923
      bogo-ops-per-second-real-time: 1384.877942
      wall-clock-time: 10.002326
      user-time: 10.000239
      system-time: 0.002000
      cpu-usage-per-instance: 99.999135
      max-rss: 3848

...
