---
system-info:
      stress-ng-version: 0.17.08
      run-by: root
      date-yyyy-mm-dd: 2024:06:08
      time-hh-mm-ss: 15:40:25
      epoch-secs: 1717861225
      hostname: 675d24c12dfe
      sysname: Linux
      nodename: 675d24c12dfe
      release: 6.8.0-1008-aws
      version: '#8-Ubuntu SMP Sat Apr 20 00:46:25 UTC 2024'
      machine: x86_64
      compiler: 'musl-gcc 13.2.1'
      uptime: 134
      totalram: 198337060864
      freeram: 193645228032
      sharedram: 37195776
      bufferram: 102776832
      totalswap: 0
      freeswap: 0
      pagesize: 4096
      cpus: 48
      cpus-online: 48
      ticks-per-second: 100

metrics:
    - stressor: cpu
      bogo-ops: 626582
      bogo-ops-per-second-usr-sys-time: 1305.946271
      bogo-ops-per-second-real-time: 62648.969320
      wall-clock-time: 10.001473
      user-time: 479.723597
      system-time: 0.067964
      cpu-usage-per-instance: 99.941850
      max-rss: 3840

...
