---
system-info:
      stress-ng-version: 0.17.08
      run-by: root
      date-yyyy-mm-dd: 2024:06:14
      time-hh-mm-ss: 21:40:54
      epoch-secs: 1718401254
      hostname: d8992211ad14
      sysname: Linux
      nodename: d8992211ad14
      release: 6.8.0-1008-aws
      version: '#8-Ubuntu SMP Sat Apr 20 00:46:25 UTC 2024'
      machine: x86_64
      compiler: 'musl-gcc 13.2.1'
      uptime: 118
      totalram: 198337052672
      freeram: 193681428480
      sharedram: 37195776
      bufferram: 108765184
      totalswap: 0
      freeswap: 0
      pagesize: 4096
      cpus: 48
      cpus-online: 48
      ticks-per-second: 100

metrics:
    - stressor: cpu
      bogo-ops: 1433857
      bogo-ops-per-second-usr-sys-time: 1494.249431
      bogo-ops-per-second-real-time: 71692.622825
      wall-clock-time: 20.000063
      user-time: 959.562450
      system-time: 0.020984
      cpu-usage-per-instance: 99.956291
      max-rss: 1152

...
