BaselineInfo:
  WebDBID: -1
  TimeStamp: 20260404151942
Version:
  Major: 11
  Minor: 0
  Build: 1004
  SpecialBuildName: ""
  ptArchitecture: x86_64_linux
Results:
  Results Complete: true
  NumTestProcesses: 8
  CPU_INTEGER_MATH: 19526.845999999998
  CPU_FLOATINGPOINT_MATH: 10506.250259820325
  CPU_PRIME: 34.43492804293593
  CPU_SORTING: 12005.477812932462
  CPU_ENCRYPTION: 2716.6821397211411
  CPU_COMPRESSION: 91798.768139223554
  CPU_SINGLETHREAD: 1679.1743696987974
  CPU_PHYSICS: 674.99772611439289
  CPU_MATRIX_MULT_SSE: 5894.4865001385078
  CPU_mm: 596.71862037522953
  CPU_sse: 2152.1380829521618
  CPU_fma: 7279.9336243742582
  CPU_avx: 5149.9594680324099
  CPU_avx512: 8995.914825195201
  m_CPU_enc_SHA: 883882420.19239688
  m_CPU_enc_AES: 6858215018.4957457
  m_CPU_enc_ECDSA: 803845635.332564
  ME_ALLOC_S: 2141.4569992198135
  ME_READ_S: 19492.054101562499
  ME_READ_L: 6698.74609375
  ME_WRITE: 7250.85498046875
  ME_LARGE: 50842.083333333336
  ME_LATENCY: 80.283300019737965
  ME_THREADED: 36005.41162109375
  SUMM_CPU: 6861.0333295107985
  SUMM_ME: 1696.3500483587652
SystemInformation:
  OSName: Ubuntu 24.04.4 LTS
  Kernel: 6.8.0-106-generic
  Device: ""
  Processor: Intel(R) Xeon(R) Platinum 8163 CPU @ 2.50GHz
  NumSockets: 1
  Manufacturer: GenuineIntel
  NumCores: 4
  NumLogicals: 8
  CPUFrequency: 2500
  CPUMaxFrequency: 3100
  Memory: 63791
  CPUInfo:
    number: 1
    Family: 6
    Model: 5
    stepping: 4
    features: 529267711
    manufacture: GenuineIntel
    typestring: Intel(R) Xeon(R) Platinum 8163 CPU @ 2.50GHz
    iCoresPerPackage: 4
    iThreadsPerPackage: 2
    featuresEx:
      - 529267711
      - 4294586883
      - 739248128
    bHybrid: false
    nPCore: 0
    nLogicalsPerPCore: 0
    nECore: 0
    nLogicalsPerECore: 0
  MemModuleInfo:
    iNumMemSticks: 4
    DIMM 1:
      manufacturer: Alibaba Cloud
      modulePartNo: Not Specified
      memType: RAM
      size: 16
      clkspeed: 0
      moduleVoltage: 0
    DIMM 2:
      manufacturer: Alibaba Cloud
      modulePartNo: Not Specified
      memType: RAM
      size: 16
      clkspeed: 0
      moduleVoltage: 0
    DIMM 3:
      manufacturer: Alibaba Cloud
      modulePartNo: Not Specified
      memType: RAM
      size: 16
      clkspeed: 0
      moduleVoltage: 0
    DIMM 4:
      manufacturer: Alibaba Cloud
      modulePartNo: Not Specified
      memType: RAM
      size: 16
      clkspeed: 0
      moduleVoltage: 0
Checksum: 58E3216EB2F26CA396EFB3161B18ED587727A99B