---
system-info:
      stress-ng-version: 0.17.08
      run-by: root
      date-yyyy-mm-dd: 2024:07:12
      time-hh-mm-ss: 10:36:53
      epoch-secs: 1720780613
      hostname: ip-172-31-31-49
      sysname: Linux
      nodename: ip-172-31-31-49
      release: 6.8.0-1010-aws
      version: '#10-Ubuntu SMP Thu Jun 13 17:36:15 UTC 2024'
      machine: x86_64
      compiler: 'musl-gcc 13.2.1'
      uptime: 186
      totalram: 196442136576
      freeram: 190446587904
      sharedram: 77172736
      bufferram: 138358784
      totalswap: 0
      freeswap: 0
      pagesize: 4096
      cpus: 96
      cpus-online: 96
      ticks-per-second: 100

metrics:
    - stressor: cpu
      bogo-ops: 1605134
      bogo-ops-per-second-usr-sys-time: 836.582746
      bogo-ops-per-second-real-time: 80256.298941
      wall-clock-time: 20.000100
      user-time: 1918.640424
      system-time: 0.038880
      cpu-usage-per-instance: 99.930714
      max-rss: 768

...
