BaselineInfo:
  WebDBID: -1
  TimeStamp: 20260618230751
Version:
  Major: 11
  Minor: 0
  Build: 1004
  SpecialBuildName: ""
  ptArchitecture: x86_64_linux
Results:
  Results Complete: true
  NumTestProcesses: 32
  CPU_INTEGER_MATH: 154072.76899999997
  CPU_FLOATINGPOINT_MATH: 86161.084235579488
  CPU_PRIME: 250.57322958753139
  CPU_SORTING: 90917.497736827936
  CPU_ENCRYPTION: 38992.393001241624
  CPU_COMPRESSION: 626683.638625658
  CPU_SINGLETHREAD: 2926.3952884795403
  CPU_PHYSICS: 5189.5842946077973
  CPU_MATRIX_MULT_SSE: 44518.48081448138
  CPU_mm: 4126.9962845261362
  CPU_sse: 18013.852871146373
  CPU_fma: 56960.413477809096
  CPU_avx: 46976.777227910017
  CPU_avx512: 56122.879681060032
  m_CPU_enc_SHA: 54557862514.884468
  m_CPU_enc_AES: 37046273142.349754
  m_CPU_enc_ECDSA: 31055326793.775593
  ME_ALLOC_S: 15889.536193551396
  ME_READ_S: 27488.848242187501
  ME_READ_L: 26567.650390625
  ME_WRITE: 26074.1484375
  ME_LARGE: 116903.33333333333
  ME_LATENCY: 70.766857923323258
  ME_THREADED: 105021.04931640625
  SUMM_CPU: 47478.254490483916
  SUMM_ME: 2912.6963795785814
SystemInformation:
  OSName: Ubuntu 24.04.4 LTS
  Kernel: 6.8.0-117-generic
  Device: ""
  Processor: "AMD EPYC 9T34 64-Core Processor                "
  NumSockets: 1
  Manufacturer: AuthenticAMD
  NumCores: 16
  NumLogicals: 32
  CPUFrequency: 0
  CPUMaxFrequency: 0
  Memory: 126244
  CPUInfo:
    number: 1
    Family: 15
    Model: 1
    stepping: 1
    features: 395049983
    manufacture: AuthenticAMD
    typestring: "AMD EPYC 9T34 64-Core Processor                "
    iCoresPerPackage: 16
    iThreadsPerPackage: 2
    featuresEx:
      - 395049983
      - 4277809667
      - 802421759
    bHybrid: false
    nPCore: 0
    nLogicalsPerPCore: 0
    nECore: 0
    nLogicalsPerECore: 0
  MemModuleInfo:
    iNumMemSticks: 8
    DIMM 1:
      manufacturer: Alibaba Cloud
      modulePartNo: Not Specified
      memType: RAM
      size: 16
      clkspeed: 0
      moduleVoltage: 0
    DIMM 2:
      manufacturer: Alibaba Cloud
      modulePartNo: Not Specified
      memType: RAM
      size: 16
      clkspeed: 0
      moduleVoltage: 0
    DIMM 3:
      manufacturer: Alibaba Cloud
      modulePartNo: Not Specified
      memType: RAM
      size: 16
      clkspeed: 0
      moduleVoltage: 0
    DIMM 4:
      manufacturer: Alibaba Cloud
      modulePartNo: Not Specified
      memType: RAM
      size: 16
      clkspeed: 0
      moduleVoltage: 0
    DIMM 5:
      manufacturer: Alibaba Cloud
      modulePartNo: Not Specified
      memType: RAM
      size: 16
      clkspeed: 0
      moduleVoltage: 0
    DIMM 6:
      manufacturer: Alibaba Cloud
      modulePartNo: Not Specified
      memType: RAM
      size: 16
      clkspeed: 0
      moduleVoltage: 0
    DIMM 7:
      manufacturer: Alibaba Cloud
      modulePartNo: Not Specified
      memType: RAM
      size: 16
      clkspeed: 0
      moduleVoltage: 0
    DIMM 8:
      manufacturer: Alibaba Cloud
      modulePartNo: Not Specified
      memType: RAM
      size: 16
      clkspeed: 0
      moduleVoltage: 0
Checksum: 55D6BB0D44FF01DECDFAA0595DA90D9297641B03