BaselineInfo:
  WebDBID: -1
  TimeStamp: 20241107073732
Version:
  Major: 11
  Minor: 0
  Build: 1002
  SpecialBuildName: ""
  ptArchitecture: x86_64_linux
Results:
  Results Complete: true
  NumTestProcesses: 4
  CPU_INTEGER_MATH: 18361.167999999998
  CPU_FLOATINGPOINT_MATH: 10253.794853545653
  CPU_PRIME: 42.825060466585484
  CPU_SORTING: 9944.1466479319497
  CPU_ENCRYPTION: 4778.6166435669966
  CPU_COMPRESSION: 71739.827083687123
  CPU_SINGLETHREAD: 2634.5656629657342
  CPU_PHYSICS: 859.14131997261723
  CPU_MATRIX_MULT_SSE: 3975.0348758091668
  CPU_mm: 497.65053738269921
  CPU_sse: 2098.1796720059056
  CPU_fma: 5733.2370618943542
  CPU_avx: 4093.6878935272389
  CPU_avx512: 0
  m_CPU_enc_SHA: 6922538078.7656069
  m_CPU_enc_AES: 4425011054.8664131
  m_CPU_enc_ECDSA: 3684679043.3027029
  ME_ALLOC_S: 1920.4242623476737
  ME_READ_S: 26426.240820312501
  ME_READ_L: 17077.580078125
  ME_WRITE: 17031.57421875
  ME_LARGE: 5803
  ME_LATENCY: 64.611168128888949
  ME_THREADED: 37316.8857421875
  SUMM_CPU: 6837.7348500782064
  SUMM_ME: 2202.1918758077122
SystemInformation:
  OSName: Ubuntu 24.04.1 LTS
  Kernel: 6.8.0-1016-aws
  Device: ""
  Processor: AMD EPYC 7R13 Processor
  NumSockets: 1
  Manufacturer: AuthenticAMD
  NumCores: 2
  NumLogicals: 4
  CPUFrequency: 0
  Memory: 15620
  MemModuleInfo:
    iNumMemSticks: 1
    DIMM 1:
      manufacturer: Not Specified
      modulePartNo: Not Specified
      memType: DDR4
      size: 16
      clkspeed: 1600
      moduleVoltage: 0
Checksum: 8A465604158B1D5EC67F4C26B5AFC436745721D1