BaselineInfo:
  WebDBID: -1
  TimeStamp: 20241107195447
Version:
  Major: 11
  Minor: 0
  Build: 1002
  SpecialBuildName: ""
  ptArchitecture: x86_64_linux
Results:
  Results Complete: true
  NumTestProcesses: 8
  CPU_INTEGER_MATH: 26259.279000000002
  CPU_FLOATINGPOINT_MATH: 14116.260840374511
  CPU_PRIME: 51.711987632608512
  CPU_SORTING: 13725.310895178545
  CPU_ENCRYPTION: 3622.523014657922
  CPU_COMPRESSION: 116355.72785301719
  CPU_SINGLETHREAD: 2105.3809601387197
  CPU_PHYSICS: 996.53880610869919
  CPU_MATRIX_MULT_SSE: 6845.6944121943361
  CPU_mm: 799.68183586276496
  CPU_sse: 2875.2723993106306
  CPU_fma: 8407.0280954607115
  CPU_avx: 5938.120750371645
  CPU_avx512: 10162.356403634358
  m_CPU_enc_SHA: 1189045264.9206715
  m_CPU_enc_AES: 9143906470.8695488
  m_CPU_enc_ECDSA: 1062520342.0636164
  ME_ALLOC_S: 2987.1407919416602
  ME_READ_S: 25435.492968750001
  ME_READ_L: 10860.587890625
  ME_WRITE: 10292.1259765625
  ME_LARGE: 5688.666666666667
  ME_LATENCY: 53.640616492191157
  ME_THREADED: 47639.16162109375
  SUMM_CPU: 8870.9776809323612
  SUMM_ME: 2194.1768526930159
SystemInformation:
  OSName: Ubuntu 24.04.1 LTS
  Kernel: 6.8.0-1016-aws
  Device: ""
  Processor: Intel Xeon Platinum 8275CL CPU @ 3.00GHz
  NumSockets: 1
  Manufacturer: GenuineIntel
  NumCores: 4
  NumLogicals: 8
  CPUFrequency: 0
  Memory: 15618
  MemModuleInfo:
    iNumMemSticks: 1
    DIMM 1:
      manufacturer: Not Specified
      modulePartNo: Not Specified
      memType: DDR4
      size: 16
      clkspeed: 1466
      moduleVoltage: 0
Checksum: ECE8A08EC0BE7C0F7E296C8ED09E0F865284013B