BaselineInfo:
  WebDBID: -1
  TimeStamp: 20260403173506
Version:
  Major: 11
  Minor: 0
  Build: 1004
  SpecialBuildName: ""
  ptArchitecture: x86_64_linux
Results:
  Results Complete: true
  NumTestProcesses: 2
  CPU_INTEGER_MATH: 8333.2226666666666
  CPU_FLOATINGPOINT_MATH: 4268.2558043734116
  CPU_PRIME: 17.758013562141187
  CPU_SORTING: 4384.6942733928299
  CPU_ENCRYPTION: 1050.3052505001428
  CPU_COMPRESSION: 32124.442697063459
  CPU_SINGLETHREAD: 2295.5700668439672
  CPU_PHYSICS: 365.09987315009323
  CPU_MATRIX_MULT_SSE: 1647.886433824443
  CPU_mm: 180.10567087953805
  CPU_sse: 789.55924644485049
  CPU_fma: 2163.1137835338677
  CPU_avx: 1607.0181977966422
  CPU_avx512: 2031.8545075224113
  m_CPU_enc_SHA: 299369702.19943869
  m_CPU_enc_AES: 2735119490.2214656
  m_CPU_enc_ECDSA: 269485442.6244092
  ME_ALLOC_S: 1010.980687396202
  ME_READ_S: 23822.328515624999
  ME_READ_L: 12034.7353515625
  ME_WRITE: 10621.7890625
  ME_LARGE: 2394.5
  ME_LATENCY: 55.888526530081542
  ME_THREADED: 15689.75146484375
  SUMM_CPU: 2720.2345838768242
  SUMM_ME: 1607.7226093396159
SystemInformation:
  OSName: Ubuntu 24.04.4 LTS
  Kernel: 6.8.0-106-generic
  Device: ""
  Processor: Intel(R) Xeon(R) Platinum
  NumSockets: 1
  Manufacturer: GenuineIntel
  NumCores: 1
  NumLogicals: 2
  CPUFrequency: 0
  CPUMaxFrequency: 0
  Memory: 15323
  CPUInfo:
    number: 1
    Family: 6
    Model: 5
    stepping: 4
    features: 529267711
    manufacture: GenuineIntel
    typestring: Intel(R) Xeon(R) Platinum
    iCoresPerPackage: 1
    iThreadsPerPackage: 2
    featuresEx:
      - 529267711
      - 4294586883
      - 739248128
    bHybrid: false
    nPCore: 0
    nLogicalsPerPCore: 0
    nECore: 0
    nLogicalsPerECore: 0
  MemModuleInfo:
    iNumMemSticks: 1
    DIMM 1:
      manufacturer: Alibaba Cloud
      modulePartNo: Not Specified
      memType: RAM
      size: 16
      clkspeed: 0
      moduleVoltage: 0
Checksum: EC12C1D4F423CE378EE8E5930FCE7041B25E0A91