BaselineInfo:
  WebDBID: -1
  TimeStamp: 20251219110330
Version:
  Major: 11
  Minor: 0
  Build: 1002
  SpecialBuildName: ""
  ptArchitecture: x86_64_linux
Results:
  Results Complete: true
  NumTestProcesses: 30
  CPU_INTEGER_MATH: 172389.39633333337
  CPU_FLOATINGPOINT_MATH: 156486.17884054163
  CPU_PRIME: 551.79295261596098
  CPU_SORTING: 109379.0988153998
  CPU_ENCRYPTION: 38391.792013199971
  CPU_COMPRESSION: 773241.15162670088
  CPU_SINGLETHREAD: 2887.5816635578763
  CPU_PHYSICS: 6758.5087040818089
  CPU_MATRIX_MULT_SSE: 70240.281065227842
  CPU_mm: 7369.948323355462
  CPU_sse: 32751.508781085508
  CPU_fma: 97971.018301153745
  CPU_avx: 76822.497358900044
  CPU_avx512: 73416.099819772106
  m_CPU_enc_SHA: 53096235266.18985
  m_CPU_enc_AES: 33652185256.249222
  m_CPU_enc_ECDSA: 34021714583.660465
  ME_ALLOC_S: 22675.596788470586
  ME_READ_S: 27687.2998046875
  ME_READ_L: 23424.791015625
  ME_WRITE: 21703.310546875
  ME_LARGE: 159234.75
  ME_LATENCY: 78.712456351764004
  ME_THREADED: 166320.2412109375
  SUMM_CPU: 57957.132056020659
  SUMM_ME: 2712.9303796664017
SystemInformation:
  OSName: Ubuntu 24.04.2 LTS
  Kernel: 6.8.0-86-generic
  Device: ""
  Processor: AMD EPYC 9124 16-Core Processor
  NumSockets: 30
  Manufacturer: AuthenticAMD
  NumCores: 30
  NumLogicals: 30
  CPUFrequency: 0
  Memory: 176873
  MemModuleInfo:
    iNumMemSticks: 1
    DIMM 1:
      manufacturer: QEMU
      modulePartNo: Not Specified
      memType: RAM
      size: 180000
      clkspeed: 0
      moduleVoltage: 0
Checksum: 8B37C52DFBFAC70770E0196FDE1347E6DE9E8ACE