---
system-info:
      stress-ng-version: 0.17.08
      run-by: root
      date-yyyy-mm-dd: 2024:06:13
      time-hh-mm-ss: 02:49:43
      epoch-secs: 1718246983
      hostname: be7ef94ad7e6
      sysname: Linux
      nodename: be7ef94ad7e6
      release: 6.8.0-1008-aws
      version: '#8-Ubuntu SMP Sat Apr 20 00:46:25 UTC 2024'
      machine: x86_64
      compiler: 'musl-gcc 13.2.1'
      uptime: 115
      totalram: 33086943232
      freeram: 28640116736
      sharedram: 59977728
      bufferram: 111382528
      totalswap: 0
      freeswap: 0
      pagesize: 4096
      cpus: 16
      cpus-online: 16
      ticks-per-second: 100

metrics:
    - stressor: cpu
      bogo-ops: 308377
      bogo-ops-per-second-usr-sys-time: 964.818124
      bogo-ops-per-second-real-time: 15418.769631
      wall-clock-time: 20.000104
      user-time: 319.599913
      system-time: 0.021985
      cpu-usage-per-instance: 99.881323
      max-rss: 1104

...
