---
system-info:
      stress-ng-version: 0.17.08
      run-by: root
      date-yyyy-mm-dd: 2024:06:06
      time-hh-mm-ss: 12:37:41
      epoch-secs: 1717677461
      hostname: f491a651dd34
      sysname: Linux
      nodename: f491a651dd34
      release: 6.8.0-1008-aws
      version: '#8-Ubuntu SMP Sat Apr 20 00:46:25 UTC 2024'
      machine: x86_64
      compiler: 'musl-gcc 13.2.1'
      uptime: 102
      totalram: 33086947328
      freeram: 28852944896
      sharedram: 59977728
      bufferram: 83001344
      totalswap: 0
      freeswap: 0
      pagesize: 4096
      cpus: 16
      cpus-online: 16
      ticks-per-second: 100

metrics:
    - stressor: cpu
      bogo-ops: 187884
      bogo-ops-per-second-usr-sys-time: 1175.936584
      bogo-ops-per-second-real-time: 18785.680915
      wall-clock-time: 10.001447
      user-time: 159.754931
      system-time: 0.018991
      cpu-usage-per-instance: 99.844250
      max-rss: 4040

...
