---
system-info:
      stress-ng-version: 0.17.08
      run-by: root
      date-yyyy-mm-dd: 2024:06:13
      time-hh-mm-ss: 15:24:19
      epoch-secs: 1718292259
      hostname: d60c986f61cd
      sysname: Linux
      nodename: d60c986f61cd
      release: 6.8.0-1008-aws
      version: '#8-Ubuntu SMP Sat Apr 20 00:46:25 UTC 2024'
      machine: x86_64
      compiler: 'musl-gcc 13.2.1'
      uptime: 200
      totalram: 66684051456
      freeram: 62279749632
      sharedram: 40738816
      bufferram: 106938368
      totalswap: 0
      freeswap: 0
      pagesize: 4096
      cpus: 8
      cpus-online: 8
      ticks-per-second: 100

metrics:
    - stressor: cpu
      bogo-ops: 25672
      bogo-ops-per-second-usr-sys-time: 1283.610012
      bogo-ops-per-second-real-time: 1283.594017
      wall-clock-time: 20.000093
      user-time: 19.999844
      system-time: 0.000000
      cpu-usage-per-instance: 99.998754
      max-rss: 1104

...
