---
system-info:
      stress-ng-version: 0.17.08
      run-by: root
      date-yyyy-mm-dd: 2024:06:08
      time-hh-mm-ss: 02:17:36
      epoch-secs: 1717813056
      hostname: 7c12ba95fd1b
      sysname: Linux
      nodename: 7c12ba95fd1b
      release: 6.8.0-1008-aws
      version: '#8-Ubuntu SMP Sat Apr 20 00:46:25 UTC 2024'
      machine: x86_64
      compiler: 'musl-gcc 13.2.1'
      uptime: 154
      totalram: 66684055552
      freeram: 62342971392
      sharedram: 40738816
      bufferram: 95571968
      totalswap: 0
      freeswap: 0
      pagesize: 4096
      cpus: 8
      cpus-online: 8
      ticks-per-second: 100

metrics:
    - stressor: cpu
      bogo-ops: 13852
      bogo-ops-per-second-usr-sys-time: 1384.852817
      bogo-ops-per-second-real-time: 1384.837934
      wall-clock-time: 10.002614
      user-time: 10.001508
      system-time: 0.000999
      cpu-usage-per-instance: 99.998925
      max-rss: 3920

...
