BaselineInfo:
  WebDBID: -1
  TimeStamp: 20241107065916
Version:
  Major: 11
  Minor: 0
  Build: 1002
  SpecialBuildName: ""
  ptArchitecture: aarch64_linux
Results:
  Results Complete: true
  NumTestProcesses: 4
  CPU_INTEGER_MATH: 18846.216333333334
  CPU_FLOATINGPOINT_MATH: 14350.752953146759
  CPU_PRIME: 36.670179082258215
  CPU_SORTING: 13555.943986649378
  CPU_ENCRYPTION: 651.25797559837861
  CPU_COMPRESSION: 21935.881985097003
  CPU_SINGLETHREAD: 1325.467589735714
  CPU_PHYSICS: 568.94618453026942
  CPU_MATRIX_MULT_SSE: 2983.6014661884174
  CPU_mm: 496.48237961792415
  CPU_sse: 2498.312747293935
  CPU_fma: 3468.8901850828997
  CPU_avx: 0
  CPU_avx512: 0
  m_CPU_enc_SHA: 979471009.98413086
  m_CPU_enc_AES: 453155805.33871245
  m_CPU_enc_ECDSA: 616053633.74029303
  ME_ALLOC_S: 2726.471305957321
  ME_READ_S: 11362.55087890625
  ME_READ_L: 8673.3310546875
  ME_WRITE: 14902.064453125
  ME_LARGE: 6021.583333333333
  ME_LATENCY: 74.325277585236606
  ME_THREADED: 31578.4404296875
  SUMM_CPU: 3198.7994121943807
  SUMM_ME: 1610.2453357358083
SystemInformation:
  OSName: Ubuntu 24.04.1 LTS
  Kernel: 6.8.0-1017-azure
  Device: ""
  Processor: ARM Neoverse-N1 4 Core 0 MHz
  NumSockets: 1
  Manufacturer: ARM
  NumCores: 4
  NumLogicals: 4
  CPUFrequency: 0
  Memory: 15958
Checksum: B780F42A18D653B99DBABE36AF98A72FBFDE4EFE