---
system-info:
      stress-ng-version: 0.17.08
      run-by: root
      date-yyyy-mm-dd: 2024:06:16
      time-hh-mm-ss: 03:41:10
      epoch-secs: 1718509270
      hostname: 1d36bdd650ef
      sysname: Linux
      nodename: 1d36bdd650ef
      release: 6.8.0-1008-aws
      version: '#8-Ubuntu SMP Sat Apr 20 02:43:14 UTC 2024'
      machine: aarch64
      compiler: 'musl-gcc 13.2.1'
      uptime: 135
      totalram: 539744825344
      freeram: 534587723776
      sharedram: 35504128
      bufferram: 109191168
      totalswap: 0
      freeswap: 0
      pagesize: 4096
      cpus: 64
      cpus-online: 64
      ticks-per-second: 100

metrics:
    - stressor: cpu
      bogo-ops: 30719
      bogo-ops-per-second-usr-sys-time: 1535.931953
      bogo-ops-per-second-real-time: 1535.946539
      wall-clock-time: 20.000045
      user-time: 20.000235
      system-time: 0.000000
      cpu-usage-per-instance: 100.000950
      max-rss: 512

...
