---
system-info:
      stress-ng-version: 0.17.08
      run-by: root
      date-yyyy-mm-dd: 2024:06:09
      time-hh-mm-ss: 22:56:21
      epoch-secs: 1717973781
      hostname: 6d6974f595d6
      sysname: Linux
      nodename: 6d6974f595d6
      release: 6.8.0-1008-aws
      version: '#8-Ubuntu SMP Sat Apr 20 02:43:14 UTC 2024'
      machine: aarch64
      compiler: 'musl-gcc 13.2.1'
      uptime: 120
      totalram: 539744825344
      freeram: 534459932672
      sharedram: 35504128
      bufferram: 112410624
      totalswap: 0
      freeswap: 0
      pagesize: 4096
      cpus: 64
      cpus-online: 64
      ticks-per-second: 100

metrics:
    - stressor: cpu
      bogo-ops: 4267
      bogo-ops-per-second-usr-sys-time: 425.620796
      bogo-ops-per-second-real-time: 425.623931
      wall-clock-time: 10.025282
      user-time: 10.025356
      system-time: 0.000000
      cpu-usage-per-instance: 100.000737
      max-rss: 3584

...
