BaselineInfo:
  WebDBID: -1
  TimeStamp: 20241107154625
Version:
  Major: 11
  Minor: 0
  Build: 1002
  SpecialBuildName: ""
  ptArchitecture: aarch64_linux
Results:
  Results Complete: true
  NumTestProcesses: 4
  CPU_INTEGER_MATH: 19043.264999999999
  CPU_FLOATINGPOINT_MATH: 18920.040393449453
  CPU_PRIME: 50.733030616536553
  CPU_SORTING: 15777.765668840169
  CPU_ENCRYPTION: 550.38970691836755
  CPU_COMPRESSION: 21029.892346295444
  CPU_SINGLETHREAD: 1560.6561272839438
  CPU_PHYSICS: 1108.6596337587212
  CPU_MATRIX_MULT_SSE: 3901.5317603115459
  CPU_mm: 432.07254137800061
  CPU_sse: 3097.9878546982991
  CPU_fma: 4705.0756659247927
  CPU_avx: 0
  CPU_avx512: 0
  m_CPU_enc_SHA: 836851703.33550072
  m_CPU_enc_AES: 322864104.76581347
  m_CPU_enc_ECDSA: 571660503.86358833
  ME_ALLOC_S: 4045.3608184146174
  ME_READ_S: 19673.57421875
  ME_READ_L: 18873.611328125
  ME_WRITE: 19615.75
  ME_LARGE: 886.41666666666663
  ME_LATENCY: 50.669535838962965
  ME_THREADED: 73440.29296875
  SUMM_CPU: 3141.7553000513444
  SUMM_ME: 1416.9089078027887
SystemInformation:
  OSName: Ubuntu 24.04.1 LTS
  Kernel: 6.8.0-1016-aws
  Device: ""
  Processor: ARM Neoverse-V1 4 Core 0 MHz
  NumSockets: 1
  Manufacturer: ARM
  NumCores: 4
  NumLogicals: 4
  CPUFrequency: 0
  Memory: 7763
Checksum: D73BC0096B3B716284D89B840CF298E3FFB877D8