BaselineInfo:
  WebDBID: -1
  TimeStamp: 20241111132818
Version:
  Major: 11
  Minor: 0
  Build: 1002
  SpecialBuildName: ""
  ptArchitecture: x86_64_linux
Results:
  Results Complete: true
  NumTestProcesses: 32
  CPU_INTEGER_MATH: 93836.037666666656
  CPU_FLOATINGPOINT_MATH: 50247.565666922397
  CPU_PRIME: 133.54918084966772
  CPU_SORTING: 48200.889757566176
  CPU_ENCRYPTION: 12869.625686169496
  CPU_COMPRESSION: 406396.33347091818
  CPU_SINGLETHREAD: 1879.8285701367533
  CPU_PHYSICS: 2397.5475384084234
  CPU_MATRIX_MULT_SSE: 25553.022404016647
  CPU_mm: 2849.5932322435906
  CPU_sse: 10195.221195145707
  CPU_fma: 30418.763736264995
  CPU_avx: 21483.24876220134
  CPU_avx512: 40114.855922454575
  m_CPU_enc_SHA: 4228398963.2079
  m_CPU_enc_AES: 32475764636.541714
  m_CPU_enc_ECDSA: 3780178270.7530017
  ME_ALLOC_S: 10877.511453563244
  ME_READ_S: 22838.420507812501
  ME_READ_L: 10059.8603515625
  ME_WRITE: 9987.3125
  ME_LARGE: 243968.08333333334
  ME_LATENCY: 53.756759669326954
  ME_THREADED: 111601.548828125
  SUMM_CPU: 26264.195635008073
  SUMM_ME: 2570.2136452202599
SystemInformation:
  OSName: Ubuntu 24.04.1 LTS
  Kernel: 6.8.0-1016-aws
  Device: ""
  Processor: Intel Xeon Platinum 8259CL CPU @ 2.50GHz
  NumSockets: 1
  Manufacturer: GenuineIntel
  NumCores: 16
  NumLogicals: 32
  CPUFrequency: 0
  Memory: 255010
  MemModuleInfo:
    iNumMemSticks: 1
    DIMM 1:
      manufacturer: Not Specified
      modulePartNo: Not Specified
      memType: DDR4
      size: 256
      clkspeed: 1466
      moduleVoltage: 0
Checksum: E5F39372E4F5070362E5795F7C3B6C0388C7F435