BaselineInfo:
  WebDBID: -1
  TimeStamp: 20241110075152
Version:
  Major: 11
  Minor: 0
  Build: 1002
  SpecialBuildName: ""
  ptArchitecture: x86_64_linux
Results:
  Results Complete: true
  NumTestProcesses: 64
  CPU_INTEGER_MATH: 294468.71333333326
  CPU_FLOATINGPOINT_MATH: 161602.72117870866
  CPU_PRIME: 366.82766249896719
  CPU_SORTING: 143390.23127372898
  CPU_ENCRYPTION: 75869.089408235406
  CPU_COMPRESSION: 1111367.7784489181
  CPU_SINGLETHREAD: 2645.795296606545
  CPU_PHYSICS: 6636.4132265065327
  CPU_MATRIX_MULT_SSE: 58899.807124403029
  CPU_mm: 7275.6479005317879
  CPU_sse: 30045.458005864013
  CPU_fma: 80451.267582996603
  CPU_avx: 66202.695784348485
  CPU_avx512: 0
  m_CPU_enc_SHA: 110103172990.43416
  m_CPU_enc_AES: 70420733972.899384
  m_CPU_enc_ECDSA: 58139611922.656059
  ME_ALLOC_S: 26163.22898637881
  ME_READ_S: 26254.129101562499
  ME_READ_L: 17054.287109375
  ME_WRITE: 17354.814453125
  ME_LARGE: 494534.41666666669
  ME_LATENCY: 65.114603700384933
  ME_THREADED: 142999.5126953125
  SUMM_CPU: 67139.348969231767
  SUMM_ME: 2851.7563166626633
SystemInformation:
  OSName: Ubuntu 24.04.1 LTS
  Kernel: 6.8.0-1016-aws
  Device: ""
  Processor: AMD EPYC 7R13 Processor
  NumSockets: 1
  Manufacturer: AuthenticAMD
  NumCores: 32
  NumLogicals: 64
  CPUFrequency: 0
  Memory: 509013
  MemModuleInfo:
    iNumMemSticks: 1
    DIMM 1:
      manufacturer: Not Specified
      modulePartNo: Not Specified
      memType: DDR4
      size: 512
      clkspeed: 1600
      moduleVoltage: 0
Checksum: 1ED1D9246630A459D3B0B75B1D6A30ED2461061F