BaselineInfo:
  WebDBID: -1
  TimeStamp: 20241109224430
Version:
  Major: 11
  Minor: 0
  Build: 1002
  SpecialBuildName: ""
  ptArchitecture: x86_64_linux
Results:
  Results Complete: true
  NumTestProcesses: 64
  CPU_INTEGER_MATH: 180135.52000000002
  CPU_FLOATINGPOINT_MATH: 96695.320525919306
  CPU_PRIME: 199.31667909642201
  CPU_SORTING: 91139.949175196729
  CPU_ENCRYPTION: 24663.641367452998
  CPU_COMPRESSION: 787516.84141735069
  CPU_SINGLETHREAD: 1818.9075849326691
  CPU_PHYSICS: 3762.3337789540369
  CPU_MATRIX_MULT_SSE: 48891.959237802454
  CPU_mm: 5434.5207206728846
  CPU_sse: 19503.194969998742
  CPU_fma: 58073.87685960214
  CPU_avx: 40697.173996979938
  CPU_avx512: 77293.591124628962
  m_CPU_enc_SHA: 8089488836.5853271
  m_CPU_enc_AES: 62243452005.945694
  m_CPU_enc_ECDSA: 7252166389.0241137
  ME_ALLOC_S: 19499.055009105698
  ME_READ_S: 21999.848242187501
  ME_READ_L: 8406.9423828125
  ME_WRITE: 7837.4560546875
  ME_LARGE: 497861.58333333331
  ME_LATENCY: 61.119181228897958
  ME_THREADED: 145097.77380371094
  SUMM_CPU: 41628.77067810345
  SUMM_ME: 2279.5243160126379
SystemInformation:
  OSName: Ubuntu 24.04.1 LTS
  Kernel: 6.8.0-1016-aws
  Device: ""
  Processor: Intel Xeon Platinum 8259CL CPU @ 2.50GHz
  NumSockets: 2
  Manufacturer: GenuineIntel
  NumCores: 32
  NumLogicals: 64
  CPUFrequency: 0
  Memory: 510515
  MemModuleInfo:
    iNumMemSticks: 2
    DIMM 1:
      manufacturer: Not Specified
      modulePartNo: Not Specified
      memType: DDR4
      size: 256
      clkspeed: 1600
      moduleVoltage: 0
    DIMM 2:
      manufacturer: Not Specified
      modulePartNo: Not Specified
      memType: DDR4
      size: 256
      clkspeed: 1600
      moduleVoltage: 0
Checksum: DFF1B825DCF436AF5688126A18F2D6B209A1D23C