---
system-info:
      stress-ng-version: 0.17.08
      run-by: root
      date-yyyy-mm-dd: 2024:06:07
      time-hh-mm-ss: 22:02:24
      epoch-secs: 1717797744
      hostname: 7f187d08b47b
      sysname: Linux
      nodename: 7f187d08b47b
      release: 6.8.0-31-generic
      version: '#31-Ubuntu SMP PREEMPT_DYNAMIC Sat Apr 20 00:40:06 UTC 2024'
      machine: x86_64
      compiler: 'musl-gcc 13.2.1'
      uptime: 65
      totalram: 2013077504
      freeram: 110882816
      sharedram: 21225472
      bufferram: 84078592
      totalswap: 0
      freeswap: 0
      pagesize: 4096
      cpus: 2
      cpus-online: 2
      ticks-per-second: 100

metrics:
    - stressor: cpu
      bogo-ops: 29097
      bogo-ops-per-second-usr-sys-time: 1473.927262
      bogo-ops-per-second-real-time: 2908.934570
      wall-clock-time: 10.002631
      user-time: 19.727171
      system-time: 0.013966
      cpu-usage-per-instance: 98.679719
      max-rss: 4048

...
