---
system-info:
      stress-ng-version: 0.17.08
      run-by: root
      date-yyyy-mm-dd: 2024:06:14
      time-hh-mm-ss: 21:55:38
      epoch-secs: 1718402138
      hostname: 35c05c4607b2
      sysname: Linux
      nodename: 35c05c4607b2
      release: 6.8.0-31-generic
      version: '#31-Ubuntu SMP PREEMPT_DYNAMIC Sat Apr 20 00:40:06 UTC 2024'
      machine: x86_64
      compiler: 'musl-gcc 13.2.1'
      uptime: 78
      totalram: 2013077504
      freeram: 119242752
      sharedram: 21217280
      bufferram: 99532800
      totalswap: 0
      freeswap: 0
      pagesize: 4096
      cpus: 2
      cpus-online: 2
      ticks-per-second: 100

metrics:
    - stressor: cpu
      bogo-ops: 30413
      bogo-ops-per-second-usr-sys-time: 769.150755
      bogo-ops-per-second-real-time: 1520.635806
      wall-clock-time: 20.000187
      user-time: 39.537023
      system-time: 0.003990
      cpu-usage-per-instance: 98.851610
      max-rss: 1232

...
