---
system-info:
      stress-ng-version: 0.17.08
      run-by: root
      date-yyyy-mm-dd: 2024:06:21
      time-hh-mm-ss: 09:11:59
      epoch-secs: 1718961119
      hostname: 96bb2f7166eb
      sysname: Linux
      nodename: 96bb2f7166eb
      release: 6.8.0-1008-gcp
      version: '#9-Ubuntu SMP Wed May 22 18:09:04 UTC 2024'
      machine: x86_64
      compiler: 'musl-gcc 13.2.1'
      uptime: 170
      totalram: 16763064320
      freeram: 11483316224
      sharedram: 59215872
      bufferram: 134041600
      totalswap: 0
      freeswap: 0
      pagesize: 4096
      cpus: 16
      cpus-online: 16
      ticks-per-second: 100

metrics:
    - stressor: cpu
      bogo-ops: 232184
      bogo-ops-per-second-usr-sys-time: 727.026051
      bogo-ops-per-second-real-time: 11609.133736
      wall-clock-time: 20.000114
      user-time: 319.329366
      system-time: 0.031955
      cpu-usage-per-instance: 99.799843
      max-rss: 1104

...
