BaselineInfo:
  WebDBID: -1
  TimeStamp: 20241109055242
Version:
  Major: 11
  Minor: 0
  Build: 1002
  SpecialBuildName: ""
  ptArchitecture: x86_64_linux
Results:
  Results Complete: true
  NumTestProcesses: 32
  CPU_INTEGER_MATH: 93778.196333333311
  CPU_FLOATINGPOINT_MATH: 50205.007744995608
  CPU_PRIME: 132.40124258700317
  CPU_SORTING: 47807.095765775746
  CPU_ENCRYPTION: 12846.977944091608
  CPU_COMPRESSION: 408313.16294120246
  CPU_SINGLETHREAD: 1880.61621152526
  CPU_PHYSICS: 2350.9702205853268
  CPU_MATRIX_MULT_SSE: 28259.894092995964
  CPU_mm: 2852.3166793828882
  CPU_sse: 10176.126876400607
  CPU_fma: 33695.713191637755
  CPU_avx: 23796.277416085977
  CPU_avx512: 45371.458887859524
  m_CPU_enc_SHA: 4227753288.3165035
  m_CPU_enc_AES: 32408989759.878403
  m_CPU_enc_ECDSA: 3776355185.9165068
  ME_ALLOC_S: 10831.773477795596
  ME_READ_S: 22939.223828124999
  ME_READ_L: 10858.0986328125
  ME_WRITE: 10433.529296875
  ME_LARGE: 116378.08333333333
  ME_LATENCY: 51.816884965337174
  ME_THREADED: 110956.14111328125
  SUMM_CPU: 26448.342965408927
  SUMM_ME: 2657.6222308709416
SystemInformation:
  OSName: Ubuntu 24.04.1 LTS
  Kernel: 6.8.0-1016-aws
  Device: ""
  Processor: Intel Xeon Platinum 8259CL CPU @ 2.50GHz
  NumSockets: 1
  Manufacturer: GenuineIntel
  NumCores: 16
  NumLogicals: 32
  CPUFrequency: 0
  Memory: 127426
  MemModuleInfo:
    iNumMemSticks: 1
    DIMM 1:
      manufacturer: Not Specified
      modulePartNo: Not Specified
      memType: DDR4
      size: 128
      clkspeed: 1466
      moduleVoltage: 0
Checksum: D60FCA9592D85E03F9B7C667312D395FA0E5584D