---
system-info:
      stress-ng-version: 0.17.08
      run-by: root
      date-yyyy-mm-dd: 2024:08:30
      time-hh-mm-ss: 14:07:37
      epoch-secs: 1725026857
      hostname: sc-runner
      sysname: Linux
      nodename: sc-runner
      release: 6.8.0-1013-azure
      version: '#15-Ubuntu SMP Thu Aug  8 18:40:40 UTC 2024'
      machine: x86_64
      compiler: 'musl-gcc 13.2.1'
      uptime: 325
      totalram: 16766070784
      freeram: 8346611712
      sharedram: 38117376
      bufferram: 202588160
      totalswap: 0
      freeswap: 0
      pagesize: 4096
      cpus: 4
      cpus-online: 4
      ticks-per-second: 100

metrics:
    - stressor: cpu
      bogo-ops: 108062
      bogo-ops-per-second-usr-sys-time: 1358.651476
      bogo-ops-per-second-real-time: 5403.081788
      wall-clock-time: 20.000067
      user-time: 79.517236
      system-time: 0.018982
      cpu-usage-per-instance: 99.419937
      max-rss: 3252

...
