BaselineInfo:
  WebDBID: -1
  TimeStamp: 20260405010326
Version:
  Major: 11
  Minor: 0
  Build: 1004
  SpecialBuildName: ""
  ptArchitecture: x86_64_linux
Results:
  Results Complete: true
  NumTestProcesses: 48
  CPU_INTEGER_MATH: 166788.4193333333
  CPU_FLOATINGPOINT_MATH: 89797.721609977583
  CPU_PRIME: 176.67250694888736
  CPU_SORTING: 85833.39012785317
  CPU_ENCRYPTION: 20166.135630182373
  CPU_COMPRESSION: 691014.09655539657
  CPU_SINGLETHREAD: 2352.8157876611554
  CPU_PHYSICS: 2603.0050569277332
  CPU_MATRIX_MULT_SSE: 41626.832595128246
  CPU_mm: 4287.7270876451621
  CPU_sse: 15299.778484404402
  CPU_fma: 48953.974008059406
  CPU_avx: 35204.171065846487
  CPU_avx512: 67049.406822202742
  m_CPU_enc_SHA: 6703429237.278019
  m_CPU_enc_AES: 50665071931.496552
  m_CPU_enc_ECDSA: 6068676334.8877487
  ME_ALLOC_S: 16891.542952367978
  ME_READ_S: 26619.223046874999
  ME_READ_L: 10970.2080078125
  ME_WRITE: 10207.7001953125
  ME_LARGE: 78427
  ME_LATENCY: 46.392175223661717
  ME_THREADED: 111145.48071289062
  SUMM_CPU: 40369.23723973611
  SUMM_ME: 2865.826927334183
SystemInformation:
  OSName: Ubuntu 24.04.4 LTS
  Kernel: 6.8.0-106-generic
  Device: ""
  Processor: Intel(R) Xeon(R) Platinum 8369HB CPU @ 3.30GHz
  NumSockets: 1
  Manufacturer: GenuineIntel
  NumCores: 24
  NumLogicals: 48
  CPUFrequency: 0
  CPUMaxFrequency: 0
  Memory: 92973
  CPUInfo:
    number: 1
    Family: 6
    Model: 5
    stepping: 11
    features: 529267711
    manufacture: GenuineIntel
    typestring: Intel(R) Xeon(R) Platinum 8369HB CPU @ 3.30GHz
    iCoresPerPackage: 24
    iThreadsPerPackage: 2
    featuresEx:
      - 529267711
      - 4277809667
      - 739248128
    bHybrid: false
    nPCore: 0
    nLogicalsPerPCore: 0
    nECore: 0
    nLogicalsPerECore: 0
  MemModuleInfo:
    iNumMemSticks: 6
    DIMM 1:
      manufacturer: Alibaba Cloud
      modulePartNo: Not Specified
      memType: RAM
      size: 16
      clkspeed: 0
      moduleVoltage: 0
    DIMM 2:
      manufacturer: Alibaba Cloud
      modulePartNo: Not Specified
      memType: RAM
      size: 16
      clkspeed: 0
      moduleVoltage: 0
    DIMM 3:
      manufacturer: Alibaba Cloud
      modulePartNo: Not Specified
      memType: RAM
      size: 16
      clkspeed: 0
      moduleVoltage: 0
    DIMM 4:
      manufacturer: Alibaba Cloud
      modulePartNo: Not Specified
      memType: RAM
      size: 16
      clkspeed: 0
      moduleVoltage: 0
    DIMM 5:
      manufacturer: Alibaba Cloud
      modulePartNo: Not Specified
      memType: RAM
      size: 16
      clkspeed: 0
      moduleVoltage: 0
    DIMM 6:
      manufacturer: Alibaba Cloud
      modulePartNo: Not Specified
      memType: RAM
      size: 16
      clkspeed: 0
      moduleVoltage: 0
Checksum: 2927A37CEE830295ECC3EF06578DEF8445B43B54