BaselineInfo:
  WebDBID: -1
  TimeStamp: 20260404195102
Version:
  Major: 11
  Minor: 0
  Build: 1004
  SpecialBuildName: ""
  ptArchitecture: x86_64_linux
Results:
  Results Complete: true
  NumTestProcesses: 16
  CPU_INTEGER_MATH: 83870.998333333322
  CPU_FLOATINGPOINT_MATH: 65496.400071976634
  CPU_PRIME: 236.98117692113556
  CPU_SORTING: 46127.052678021748
  CPU_ENCRYPTION: 18311.303873006582
  CPU_COMPRESSION: 344873.00808569917
  CPU_SINGLETHREAD: 2359.9828952348576
  CPU_PHYSICS: 2905.9128739825496
  CPU_MATRIX_MULT_SSE: 28984.789321655822
  CPU_mm: 3326.62605689369
  CPU_sse: 11418.307174046831
  CPU_fma: 34551.023500937416
  CPU_avx: 26563.569693001926
  CPU_avx512: 43406.256918637126
  m_CPU_enc_SHA: 21665043359.455353
  m_CPU_enc_AES: 21968118524.427975
  m_CPU_enc_ECDSA: 13969219425.941931
  ME_ALLOC_S: 7037.7965197840122
  ME_READ_S: 24191.529882812501
  ME_READ_L: 11200.2763671875
  ME_WRITE: 11307.3486328125
  ME_LARGE: 13516.5
  ME_LATENCY: 59.016599854006891
  ME_THREADED: 107173.685546875
  SUMM_CPU: 29573.871492240265
  SUMM_ME: 2429.8700698337784
SystemInformation:
  OSName: Ubuntu 24.04.4 LTS
  Kernel: 6.8.0-106-generic
  Device: ""
  Processor: Intel(R) Xeon(R) Platinum 8369B CPU @ 2.90GHz
  NumSockets: 1
  Manufacturer: GenuineIntel
  NumCores: 8
  NumLogicals: 16
  CPUFrequency: 0
  CPUMaxFrequency: 0
  Memory: 31709
  CPUInfo:
    number: 1
    Family: 6
    Model: 10
    stepping: 6
    features: 529267711
    manufacture: GenuineIntel
    typestring: Intel(R) Xeon(R) Platinum 8369B CPU @ 2.90GHz
    iCoresPerPackage: 8
    iThreadsPerPackage: 2
    featuresEx:
      - 529267711
      - 4294619651
      - 739248128
    bHybrid: false
    nPCore: 0
    nLogicalsPerPCore: 0
    nECore: 0
    nLogicalsPerECore: 0
  MemModuleInfo:
    iNumMemSticks: 2
    DIMM 1:
      manufacturer: Alibaba Cloud
      modulePartNo: Not Specified
      memType: RAM
      size: 16
      clkspeed: 0
      moduleVoltage: 0
    DIMM 2:
      manufacturer: Alibaba Cloud
      modulePartNo: Not Specified
      memType: RAM
      size: 16
      clkspeed: 0
      moduleVoltage: 0
Checksum: F25D041D61C359A4FBEC81DEC77F7055191220D1