---
system-info:
      stress-ng-version: 0.17.08
      run-by: root
      date-yyyy-mm-dd: 2024:06:05
      time-hh-mm-ss: 18:51:24
      epoch-secs: 1717613484
      hostname: 8834f6f9534e
      sysname: Linux
      nodename: 8834f6f9534e
      release: 6.8.0-1008-aws
      version: '#8-Ubuntu SMP Sat Apr 20 00:46:25 UTC 2024'
      machine: x86_64
      compiler: 'musl-gcc 13.2.1'
      uptime: 117
      totalram: 66671300608
      freeram: 62426550272
      sharedram: 20303872
      bufferram: 78458880
      totalswap: 0
      freeswap: 0
      pagesize: 4096
      cpus: 32
      cpus-online: 32
      ticks-per-second: 100

metrics:
    - stressor: cpu
      bogo-ops: 347003
      bogo-ops-per-second-usr-sys-time: 1085.250822
      bogo-ops-per-second-real-time: 34695.259512
      wall-clock-time: 10.001453
      user-time: 319.683538
      system-time: 0.060979
      cpu-usage-per-instance: 99.905647
      max-rss: 3848

...
