---
system-info:
      stress-ng-version: 0.17.08
      run-by: root
      date-yyyy-mm-dd: 2024:06:12
      time-hh-mm-ss: 17:18:59
      epoch-secs: 1718212739
      hostname: 437f744d2273
      sysname: Linux
      nodename: 437f744d2273
      release: 6.8.0-1008-aws
      version: '#8-Ubuntu SMP Sat Apr 20 00:46:25 UTC 2024'
      machine: x86_64
      compiler: 'musl-gcc 13.2.1'
      uptime: 137
      totalram: 66671308800
      freeram: 62186217472
      sharedram: 20303872
      bufferram: 110747648
      totalswap: 0
      freeswap: 0
      pagesize: 4096
      cpus: 32
      cpus-online: 32
      ticks-per-second: 100

metrics:
    - stressor: cpu
      bogo-ops: 503860
      bogo-ops-per-second-usr-sys-time: 787.669284
      bogo-ops-per-second-real-time: 25192.972098
      wall-clock-time: 20.000022
      user-time: 639.660723
      system-time: 0.023990
      cpu-usage-per-instance: 99.950626
      max-rss: 776

...
