---
system-info:
      stress-ng-version: 0.17.08
      run-by: root
      date-yyyy-mm-dd: 2024:06:12
      time-hh-mm-ss: 19:55:49
      epoch-secs: 1718222149
      hostname: 4dd0f6f31572
      sysname: Linux
      nodename: 4dd0f6f31572
      release: 6.8.0-1008-aws
      version: '#8-Ubuntu SMP Sat Apr 20 00:46:25 UTC 2024'
      machine: x86_64
      compiler: 'musl-gcc 13.2.1'
      uptime: 130
      totalram: 66671312896
      freeram: 62143094784
      sharedram: 20303872
      bufferram: 111095808
      totalswap: 0
      freeswap: 0
      pagesize: 4096
      cpus: 32
      cpus-online: 32
      ticks-per-second: 100

metrics:
    - stressor: cpu
      bogo-ops: 243187
      bogo-ops-per-second-usr-sys-time: 380.202726
      bogo-ops-per-second-real-time: 12159.229651
      wall-clock-time: 20.000198
      user-time: 639.597572
      system-time: 0.026984
      cpu-usage-per-instance: 99.940348
      max-rss: 1032

...
