---
system-info:
      stress-ng-version: 0.17.08
      run-by: root
      date-yyyy-mm-dd: 2024:09:16
      time-hh-mm-ss: 14:33:14
      epoch-secs: 1726497194
      hostname: sc-runner
      sysname: Linux
      nodename: sc-runner
      release: 6.8.0-1014-azure
      version: '#16-Ubuntu SMP Thu Aug 15 20:04:41 UTC 2024'
      machine: x86_64
      compiler: 'musl-gcc 13.2.1'
      uptime: 348
      totalram: 67424825344
      freeram: 57340272640
      sharedram: 42049536
      bufferram: 232964096
      totalswap: 0
      freeswap: 0
      pagesize: 4096
      cpus: 4
      cpus-online: 4
      ticks-per-second: 100

metrics:
    - stressor: cpu
      bogo-ops: 24887
      bogo-ops-per-second-usr-sys-time: 1244.403883
      bogo-ops-per-second-real-time: 1244.345179
      wall-clock-time: 20.000077
      user-time: 19.997135
      system-time: 0.001999
      cpu-usage-per-instance: 99.995283
      max-rss: 3152

...
