BaselineInfo:
  WebDBID: -1
  TimeStamp: 20260617003119
Version:
  Major: 11
  Minor: 0
  Build: 1004
  SpecialBuildName: ""
  ptArchitecture: x86_64_linux
Results:
  Results Complete: true
  NumTestProcesses: 1
  CPU_INTEGER_MATH: 3152.1633333333334
  CPU_FLOATINGPOINT_MATH: 2380.0751975179792
  CPU_PRIME: 10.44586303503203
  CPU_SORTING: 2102.275967830265
  CPU_ENCRYPTION: 403.44540194175437
  CPU_COMPRESSION: 15997.033336228073
  CPU_SINGLETHREAD: 1595.7740694869165
  CPU_PHYSICS: 176.97234455604158
  CPU_MATRIX_MULT_SSE: 1215.0319438212055
  CPU_mm: 143.77532182866005
  CPU_sse: 533.16528932300253
  CPU_fma: 1771.2995241108611
  CPU_avx: 1206.4030630719435
  CPU_avx512: 1349.2598987790143
  m_CPU_enc_SHA: 222894434.53091049
  m_CPU_enc_AES: 855883479.89169836
  m_CPU_enc_ECDSA: 190351582.93682221
  ME_ALLOC_S: 530.8739314456451
  ME_READ_S: 18858.290820312501
  ME_READ_L: 6623.94482421875
  ME_WRITE: 6809.3857421875
  ME_LARGE: 2896
  ME_LATENCY: 79.793970789494225
  ME_THREADED: 6610.87841796875
  SUMM_CPU: 1307.4271424027988
  SUMM_ME: 1083.5345842873323
SystemInformation:
  OSName: Ubuntu 24.04.4 LTS
  Kernel: 6.8.0-117-generic
  Device: ""
  Processor: Intel(R) Xeon(R) Platinum 8269CY CPU @ 2.50GHz
  NumSockets: 1
  Manufacturer: GenuineIntel
  NumCores: 1
  NumLogicals: 1
  CPUFrequency: 0
  CPUMaxFrequency: 0
  Memory: 7557
  CPUInfo:
    number: 1
    Family: 6
    Model: 5
    stepping: 7
    features: 529267711
    manufacture: GenuineIntel
    typestring: Intel(R) Xeon(R) Platinum 8269CY CPU @ 2.50GHz
    iCoresPerPackage: 1
    iThreadsPerPackage: 2
    featuresEx:
      - 529267711
      - 4277809667
      - 739248128
    bHybrid: false
    nPCore: 0
    nLogicalsPerPCore: 0
    nECore: 0
    nLogicalsPerECore: 0
  MemModuleInfo:
    iNumMemSticks: 1
    DIMM 1:
      manufacturer: Alibaba Cloud
      modulePartNo: Not Specified
      memType: RAM
      size: 8
      clkspeed: 0
      moduleVoltage: 0
Checksum: 95790BC250B25C04B65BB6F54219B8C405D388A2