---
system-info:
      stress-ng-version: 0.17.08
      run-by: root
      date-yyyy-mm-dd: 2024:06:16
      time-hh-mm-ss: 09:22:15
      epoch-secs: 1718529735
      hostname: f0f693db1fbe
      sysname: Linux
      nodename: f0f693db1fbe
      release: 6.8.0-1008-aws
      version: '#8-Ubuntu SMP Sat Apr 20 02:43:14 UTC 2024'
      machine: aarch64
      compiler: 'musl-gcc 13.2.1'
      uptime: 126
      totalram: 267046633472
      freeram: 262356340736
      sharedram: 35123200
      bufferram: 108703744
      totalswap: 0
      freeswap: 0
      pagesize: 4096
      cpus: 32
      cpus-online: 32
      ticks-per-second: 100

metrics:
    - stressor: cpu
      bogo-ops: 971516
      bogo-ops-per-second-usr-sys-time: 1518.763782
      bogo-ops-per-second-real-time: 48575.612021
      wall-clock-time: 20.000077
      user-time: 639.658523
      system-time: 0.016989
      cpu-usage-per-instance: 99.948912
      max-rss: 1024

...
