---
system-info:
      stress-ng-version: 0.17.08
      run-by: root
      date-yyyy-mm-dd: 2024:06:07
      time-hh-mm-ss: 13:44:15
      epoch-secs: 1717767855
      hostname: 9467127c2c7d
      sysname: Linux
      nodename: 9467127c2c7d
      release: 6.8.0-1008-aws
      version: '#8-Ubuntu SMP Sat Apr 20 02:43:14 UTC 2024'
      machine: aarch64
      compiler: 'musl-gcc 13.2.1'
      uptime: 122
      totalram: 267046633472
      freeram: 262481698816
      sharedram: 35123200
      bufferram: 89989120
      totalswap: 0
      freeswap: 0
      pagesize: 4096
      cpus: 32
      cpus-online: 32
      ticks-per-second: 100

metrics:
    - stressor: cpu
      bogo-ops: 94070
      bogo-ops-per-second-usr-sys-time: 293.005107
      bogo-ops-per-second-real-time: 9369.999284
      wall-clock-time: 10.039488
      user-time: 321.019446
      system-time: 0.032979
      cpu-usage-per-instance: 99.934257
      max-rss: 3840

...
