---
system-info:
      stress-ng-version: 0.17.08
      run-by: root
      date-yyyy-mm-dd: 2024:07:03
      time-hh-mm-ss: 02:35:35
      epoch-secs: 1719974135
      hostname: a2-highgpu-4g-8f2415a
      sysname: Linux
      nodename: a2-highgpu-4g-8f2415a
      release: 6.8.0-1009-gcp
      version: '#10-Ubuntu SMP Wed Jun 12 18:52:23 UTC 2024'
      machine: x86_64
      compiler: 'musl-gcc 13.2.1'
      uptime: 255
      totalram: 359029469184
      freeram: 350604558336
      sharedram: 42242048
      bufferram: 121970688
      totalswap: 0
      freeswap: 0
      pagesize: 4096
      cpus: 48
      cpus-online: 48
      ticks-per-second: 100

metrics:
    - stressor: cpu
      bogo-ops: 758294
      bogo-ops-per-second-usr-sys-time: 790.460013
      bogo-ops-per-second-real-time: 37914.494822
      wall-clock-time: 20.000108
      user-time: 959.260250
      system-time: 0.046973
      cpu-usage-per-instance: 99.927295
      max-rss: 1152

...
