BaselineInfo:
  WebDBID: -1
  TimeStamp: 20241107182530
Version:
  Major: 11
  Minor: 0
  Build: 1002
  SpecialBuildName: ""
  ptArchitecture: x86_64_linux
Results:
  Results Complete: true
  NumTestProcesses: 4
  CPU_INTEGER_MATH: 13882.417000000001
  CPU_FLOATINGPOINT_MATH: 10528.206640948129
  CPU_PRIME: 51.914588534913733
  CPU_SORTING: 9984.7492213867754
  CPU_ENCRYPTION: 1302.2898961339681
  CPU_COMPRESSION: 68214.653613459916
  CPU_SINGLETHREAD: 1919.252934724291
  CPU_PHYSICS: 718.94599543609286
  CPU_MATRIX_MULT_SSE: 4363.6974181847818
  CPU_mm: 622.80386917502369
  CPU_sse: 2464.9517228548038
  CPU_fma: 6177.5017124636261
  CPU_avx: 4448.6388192359154
  CPU_avx512: 0
  m_CPU_enc_SHA: 913887050.09280837
  m_CPU_enc_AES: 2365612538.2151413
  m_CPU_enc_ECDSA: 817150202.07776642
  ME_ALLOC_S: 2484.8601582533879
  ME_READ_S: 21298.265625
  ME_READ_L: 9059.5166015625
  ME_WRITE: 7983.9365234375
  ME_LARGE: 22064.5
  ME_LATENCY: 64.301804274958158
  ME_THREADED: 28736.9384765625
  SUMM_CPU: 5059.129272742658
  SUMM_ME: 1968.0082828980214
SystemInformation:
  OSName: Ubuntu 24.04.1 LTS
  Kernel: 6.8.0-1017-azure
  Device: ""
  Processor: Intel Xeon CPU E5-2698B v3 @ 2.00GHz
  NumSockets: 1
  Manufacturer: GenuineIntel
  NumCores: 4
  NumLogicals: 4
  CPUFrequency: 0
  Memory: 32093
  MemModuleInfo:
    iNumMemSticks: 2
    DIMM 1:
      manufacturer: Microsoft Corporation
      modulePartNo: None
      memType: Unknown
      size: 1
      clkspeed: 0
      moduleVoltage: 0
    DIMM 2:
      manufacturer: Microsoft Corporation
      modulePartNo: None
      memType: Unknown
      size: 31
      clkspeed: 0
      moduleVoltage: 0
Checksum: 09B4EDE8FFB8236A7E386FE9A1CDE057252DBE9B