BaselineInfo:
  WebDBID: -1
  TimeStamp: 20260116123911
Version:
  Major: 11
  Minor: 0
  Build: 1004
  SpecialBuildName: ""
  ptArchitecture: x86_64_linux
Results:
  Results Complete: true
  NumTestProcesses: 128
  CPU_INTEGER_MATH: 660075.00100000005
  CPU_FLOATINGPOINT_MATH: 477990.37462075386
  CPU_PRIME: 1048.0988975255209
  CPU_SORTING: 325663.32393690466
  CPU_ENCRYPTION: 144904.66764353288
  CPU_COMPRESSION: 2551435.1859585792
  CPU_SINGLETHREAD: 3261.0144825097213
  CPU_PHYSICS: 17704.054151371303
  CPU_MATRIX_MULT_SSE: 176655.23823305211
  CPU_mm: 19184.71142657951
  CPU_sse: 79165.233034751684
  CPU_fma: 206884.05935964503
  CPU_avx: 165755.44370782099
  CPU_avx512: 254816.21682999071
  m_CPU_enc_SHA: 153311654446.98547
  m_CPU_enc_AES: 200476337188.53134
  m_CPU_enc_ECDSA: 102042678701.43854
  ME_ALLOC_S: 32538.909357591157
  ME_READ_S: 28700.367773437501
  ME_READ_L: 15633.5693359375
  ME_WRITE: 10977.6923828125
  ME_LARGE: 2015369.5
  ME_LATENCY: 69.510408067631985
  ME_THREADED: 381767.10974121094
  SUMM_CPU: 122615.64315329336
  SUMM_ME: 2679.6791202807453
SystemInformation:
  OSName: Ubuntu 24.04.3 LTS
  Kernel: 6.14.0-1018-aws
  Device: ""
  Processor: Intel(R) Xeon(R) 6975P-C
  NumSockets: 1
  Manufacturer: GenuineIntel
  NumCores: 64
  NumLogicals: 128
  CPUFrequency: 0
  CPUMaxFrequency: 0
  Memory: 2031836
  CPUInfo:
    number: 1
    Family: 6
    Model: 13
    stepping: 1
    features: 529267711
    manufacture: GenuineIntel
    typestring: Intel(R) Xeon(R) 6975P-C
    iCoresPerPackage: 64
    iThreadsPerPackage: 2
    featuresEx:
      - 529267711
      - 4294619651
      - 739248128
    bHybrid: false
    nPCore: 0
    nLogicalsPerPCore: 0
    nECore: 0
    nLogicalsPerECore: 0
  MemModuleInfo:
    iNumMemSticks: 2
    DIMM 1:
      manufacturer: Not Specified
      modulePartNo: Not Specified
      memType: DDR5
      size: 1
      clkspeed: 3600
      moduleVoltage: 0
    DIMM 2:
      manufacturer: Not Specified
      modulePartNo: Not Specified
      memType: DDR5
      size: 1
      clkspeed: 3600
      moduleVoltage: 0
Checksum: 6C2A5D4ECE147058FD476131CEB678DE7B934C76