BaselineInfo:
  WebDBID: -1
  TimeStamp: 20260620162119
Version:
  Major: 11
  Minor: 0
  Build: 1004
  SpecialBuildName: ""
  ptArchitecture: x86_64_linux
Results:
  Results Complete: true
  NumTestProcesses: 16
  CPU_INTEGER_MATH: 121959.94233333333
  CPU_FLOATINGPOINT_MATH: 121104.13572354632
  CPU_PRIME: 414.18939841246146
  CPU_SORTING: 66440.194037266905
  CPU_ENCRYPTION: 24963.692400848555
  CPU_COMPRESSION: 497732.01750412252
  CPU_SINGLETHREAD: 3786.498334550457
  CPU_PHYSICS: 5647.4545991740633
  CPU_MATRIX_MULT_SSE: 45375.25511430249
  CPU_mm: 5369.147754714083
  CPU_sse: 16388.215424871589
  CPU_fma: 62612.12060443205
  CPU_avx: 33075.025323638169
  CPU_avx512: 69425.659104268183
  m_CPU_enc_SHA: 35062073348.011681
  m_CPU_enc_AES: 22025318239.671139
  m_CPU_enc_ECDSA: 21441594581.053719
  ME_ALLOC_S: 18803.597835840956
  ME_READ_S: 33964.975976562499
  ME_READ_L: 30645.841796875
  ME_WRITE: 30415.365234375
  ME_LARGE: 248961.58333333334
  ME_LATENCY: 80.828571821733632
  ME_THREADED: 113179.55126953125
  SUMM_CPU: 45285.423861783966
  SUMM_ME: 2852.9391695379718
SystemInformation:
  OSName: Ubuntu 24.04.4 LTS
  Kernel: 6.17.0-1018-azure
  Device: ""
  Processor: "AMD EPYC 9V45 96-Core Processor                "
  NumSockets: 1
  Manufacturer: AuthenticAMD
  NumCores: 16
  NumLogicals: 16
  CPUFrequency: 0
  CPUMaxFrequency: 0
  Memory: 257737
  CPUInfo:
    number: 1
    Family: 15
    Model: 2
    stepping: 1
    features: 395049983
    manufacture: AuthenticAMD
    typestring: "AMD EPYC 9V45 96-Core Processor                "
    iCoresPerPackage: 16
    iThreadsPerPackage: 1
    featuresEx:
      - 395049983
      - 4277809667
      - 802421759
    bHybrid: false
    nPCore: 0
    nLogicalsPerPCore: 0
    nECore: 0
    nLogicalsPerECore: 0
  MemModuleInfo:
    iNumMemSticks: 3
    DIMM 1:
      manufacturer: Microsoft Corporation
      modulePartNo: None
      memType: Unknown
      size: 1
      clkspeed: 0
      moduleVoltage: 0
    DIMM 2:
      manufacturer: Microsoft Corporation
      modulePartNo: None
      memType: Unknown
      size: 59
      clkspeed: 0
      moduleVoltage: 0
    DIMM 3:
      manufacturer: Microsoft Corporation
      modulePartNo: None
      memType: Unknown
      size: 196
      clkspeed: 0
      moduleVoltage: 0
Checksum: 69E14D236262962D1BA7CB0B1BC13D8997913D01