BaselineInfo:
  WebDBID: -1
  TimeStamp: 20241108160543
Version:
  Major: 11
  Minor: 0
  Build: 1002
  SpecialBuildName: ""
  ptArchitecture: x86_64_linux
Results:
  Results Complete: true
  NumTestProcesses: 8
  CPU_INTEGER_MATH: 33627.209333333332
  CPU_FLOATINGPOINT_MATH: 17190.804133802292
  CPU_PRIME: 71.112416943085123
  CPU_SORTING: 17456.731184219989
  CPU_ENCRYPTION: 7318.4832353777529
  CPU_COMPRESSION: 127755.813749792
  CPU_SINGLETHREAD: 2426.6639490782595
  CPU_PHYSICS: 1334.5337474572184
  CPU_MATRIX_MULT_SSE: 7144.8015309978709
  CPU_mm: 724.16273663275513
  CPU_sse: 3191.3639672361587
  CPU_fma: 8764.401561246259
  CPU_avx: 6471.2097730655914
  CPU_avx512: 10152.230822443473
  m_CPU_enc_SHA: 7379984574.6950378
  m_CPU_enc_AES: 11100687606.108749
  m_CPU_enc_ECDSA: 4541285450.2546024
  ME_ALLOC_S: 4064.0772635603635
  ME_READ_S: 23460.608789062499
  ME_READ_L: 11344.8251953125
  ME_WRITE: 10357.9521484375
  ME_LARGE: 118641.16666666667
  ME_LATENCY: 53.104348133589518
  ME_THREADED: 54128.4521484375
  SUMM_CPU: 11443.282587969197
  SUMM_ME: 2532.8949467137036
SystemInformation:
  OSName: Ubuntu 24.04.1 LTS
  Kernel: 6.8.0-1017-azure
  Device: ""
  Processor: Intel Xeon Platinum 8370C CPU @ 2.80GHz
  NumSockets: 1
  Manufacturer: GenuineIntel
  NumCores: 4
  NumLogicals: 8
  CPUFrequency: 2800
  Memory: 128810
  MemModuleInfo:
    iNumMemSticks: 3
    DIMM 1:
      manufacturer: Microsoft Corporation
      modulePartNo: None
      memType: Unknown
      size: 1
      clkspeed: 0
      moduleVoltage: 0
    DIMM 2:
      manufacturer: Microsoft Corporation
      modulePartNo: None
      memType: Unknown
      size: 59
      clkspeed: 0
      moduleVoltage: 0
    DIMM 3:
      manufacturer: Microsoft Corporation
      modulePartNo: None
      memType: Unknown
      size: 68
      clkspeed: 0
      moduleVoltage: 0
Checksum: B6222F6DF190ED1FE2B3CB4BEFB3BA8D985E5801