BaselineInfo:
  WebDBID: -1
  TimeStamp: 20241108155449
Version:
  Major: 11
  Minor: 0
  Build: 1002
  SpecialBuildName: ""
  ptArchitecture: x86_64_linux
Results:
  Results Complete: true
  NumTestProcesses: 8
  CPU_INTEGER_MATH: 33607.305666666674
  CPU_FLOATINGPOINT_MATH: 17178.786758853956
  CPU_PRIME: 74.469250315460968
  CPU_SORTING: 17483.232555015464
  CPU_ENCRYPTION: 7283.0886755690362
  CPU_COMPRESSION: 124170.47647055094
  CPU_SINGLETHREAD: 2425.9003894989009
  CPU_PHYSICS: 1310.2709290166999
  CPU_MATRIX_MULT_SSE: 7028.9474455451054
  CPU_mm: 724.26387743345288
  CPU_sse: 3191.2488935622569
  CPU_fma: 8757.7647303289341
  CPU_avx: 6468.4394011715467
  CPU_avx512: 9698.3367571176805
  m_CPU_enc_SHA: 7346007285.1748018
  m_CPU_enc_AES: 11061307297.658083
  m_CPU_enc_ECDSA: 4503301390.3875446
  ME_ALLOC_S: 4082.9295978944724
  ME_READ_S: 23347.609960937501
  ME_READ_L: 11597.767578125
  ME_WRITE: 10346.8515625
  ME_LARGE: 118606
  ME_LATENCY: 53.300527602730007
  ME_THREADED: 53913.56640625
  SUMM_CPU: 11364.694574540998
  SUMM_ME: 2536.5686595662328
SystemInformation:
  OSName: Ubuntu 24.04.1 LTS
  Kernel: 6.8.0-1017-azure
  Device: ""
  Processor: Intel Xeon Platinum 8370C CPU @ 2.80GHz
  NumSockets: 1
  Manufacturer: GenuineIntel
  NumCores: 4
  NumLogicals: 8
  CPUFrequency: 2800
  Memory: 128810
  MemModuleInfo:
    iNumMemSticks: 3
    DIMM 1:
      manufacturer: Microsoft Corporation
      modulePartNo: None
      memType: Unknown
      size: 1
      clkspeed: 0
      moduleVoltage: 0
    DIMM 2:
      manufacturer: Microsoft Corporation
      modulePartNo: None
      memType: Unknown
      size: 59
      clkspeed: 0
      moduleVoltage: 0
    DIMM 3:
      manufacturer: Microsoft Corporation
      modulePartNo: None
      memType: Unknown
      size: 68
      clkspeed: 0
      moduleVoltage: 0
Checksum: A3CD98E32B5B3BE1272CF435A7CFE46901F4C3CC