BaselineInfo:
  WebDBID: -1
  TimeStamp: 20241115155007
Version:
  Major: 11
  Minor: 0
  Build: 1002
  SpecialBuildName: ""
  ptArchitecture: x86_64_linux
Results:
  Results Complete: true
  NumTestProcesses: 2
  CPU_INTEGER_MATH: 6173.9233333333341
  CPU_FLOATINGPOINT_MATH: 3320.0639875678057
  CPU_PRIME: 13.045314548791929
  CPU_SORTING: 3272.0741383835821
  CPU_ENCRYPTION: 847.24960293282334
  CPU_COMPRESSION: 27631.622861262498
  CPU_SINGLETHREAD: 1968.6810506803583
  CPU_PHYSICS: 271.69276825991335
  CPU_MATRIX_MULT_SSE: 1729.8710315703397
  CPU_mm: 188.23469355604414
  CPU_sse: 679.06176739514058
  CPU_fma: 2220.3018266970894
  CPU_avx: 1556.1000092055474
  CPU_avx512: 2464.0205229835819
  m_CPU_enc_SHA: 280107705.42299497
  m_CPU_enc_AES: 2138250553.3753543
  m_CPU_enc_ECDSA: 246858540.13631502
  ME_ALLOC_S: 708.64907542107653
  ME_READ_S: 23392.61328125
  ME_READ_L: 9098.9619140625
  ME_WRITE: 8639.3828125
  ME_LARGE: 683.5
  ME_LATENCY: 53.231313734359098
  ME_THREADED: 11717.38232421875
  SUMM_CPU: 2220.2523471587738
  SUMM_ME: 966.78884044290226
SystemInformation:
  OSName: Ubuntu 24.04.1 LTS
  Kernel: 6.8.0-1017-azure
  Device: ""
  Processor: Intel Xeon Platinum 8272CL CPU @ 2.60GHz
  NumSockets: 1
  Manufacturer: GenuineIntel
  NumCores: 1
  NumLogicals: 2
  CPUFrequency: 0
  Memory: 3912
  MemModuleInfo:
    iNumMemSticks: 2
    DIMM 1:
      manufacturer: Microsoft Corporation
      modulePartNo: None
      memType: Unknown
      size: 1
      clkspeed: 0
      moduleVoltage: 0
    DIMM 2:
      manufacturer: Microsoft Corporation
      modulePartNo: None
      memType: Unknown
      size: 3
      clkspeed: 0
      moduleVoltage: 0
Checksum: E05CBADF1721861A6586229C51375BF32CA49568