BaselineInfo:
  WebDBID: -1
  TimeStamp: 20241114234831
Version:
  Major: 11
  Minor: 0
  Build: 1002
  SpecialBuildName: ""
  ptArchitecture: x86_64_linux
Results:
  Results Complete: true
  NumTestProcesses: 2
  CPU_INTEGER_MATH: 6182.893
  CPU_FLOATINGPOINT_MATH: 3319.7285083132983
  CPU_PRIME: 13.429720948363116
  CPU_SORTING: 3188.0929262324544
  CPU_ENCRYPTION: 851.40231777943882
  CPU_COMPRESSION: 27116.529876980203
  CPU_SINGLETHREAD: 1983.6022377179816
  CPU_PHYSICS: 277.90887868538471
  CPU_MATRIX_MULT_SSE: 1724.379014726172
  CPU_mm: 188.03434414276938
  CPU_sse: 678.90162421817649
  CPU_fma: 2204.2293463401384
  CPU_avx: 1560.8755001716377
  CPU_avx512: 2453.5095881747347
  m_CPU_enc_SHA: 279862075.97169077
  m_CPU_enc_AES: 2151788908.9533329
  m_CPU_enc_ECDSA: 246629125.37865478
  ME_ALLOC_S: 712.65265681747724
  ME_READ_S: 23827.002343749999
  ME_READ_L: 9404.8984375
  ME_WRITE: 8744.04296875
  ME_LARGE: 675
  ME_LATENCY: 51.649672560724525
  ME_THREADED: 12203.85986328125
  SUMM_CPU: 2213.0496902988743
  SUMM_ME: 974.45763887374801
SystemInformation:
  OSName: Ubuntu 24.04.1 LTS
  Kernel: 6.8.0-1017-azure
  Device: ""
  Processor: Intel Xeon Platinum 8272CL CPU @ 2.60GHz
  NumSockets: 1
  Manufacturer: GenuineIntel
  NumCores: 1
  NumLogicals: 2
  CPUFrequency: 0
  Memory: 3912
  MemModuleInfo:
    iNumMemSticks: 2
    DIMM 1:
      manufacturer: Microsoft Corporation
      modulePartNo: None
      memType: Unknown
      size: 1
      clkspeed: 0
      moduleVoltage: 0
    DIMM 2:
      manufacturer: Microsoft Corporation
      modulePartNo: None
      memType: Unknown
      size: 3
      clkspeed: 0
      moduleVoltage: 0
Checksum: D2012944EEC756023DF483A35A6B2FC7C30896D1