BaselineInfo:
  WebDBID: -1
  TimeStamp: 20241107045747
Version:
  Major: 11
  Minor: 0
  Build: 1002
  SpecialBuildName: ""
  ptArchitecture: x86_64_linux
Results:
  Results Complete: true
  NumTestProcesses: 2
  CPU_INTEGER_MATH: 6190.7976666666664
  CPU_FLOATINGPOINT_MATH: 3318.6005458419586
  CPU_PRIME: 13.10658126843224
  CPU_SORTING: 3233.0741412797634
  CPU_ENCRYPTION: 848.1258835213423
  CPU_COMPRESSION: 27194.904481562291
  CPU_SINGLETHREAD: 1965.4838817020893
  CPU_PHYSICS: 269.20675910363718
  CPU_MATRIX_MULT_SSE: 1751.9116173672937
  CPU_mm: 188.38040228963752
  CPU_sse: 678.50068516700867
  CPU_fma: 2227.9063334019038
  CPU_avx: 1572.5724919605434
  CPU_avx512: 2528.6669589397197
  m_CPU_enc_SHA: 279801262.13228977
  m_CPU_enc_AES: 2140081033.3032823
  m_CPU_enc_ECDSA: 248091043.88225305
  ME_ALLOC_S: 657.31363623250911
  ME_READ_S: 23955.88671875
  ME_READ_L: 7711.07470703125
  ME_WRITE: 7245.03369140625
  ME_LARGE: 684.66666666666663
  ME_LATENCY: 58.141471810400532
  ME_THREADED: 10134.00341796875
  SUMM_CPU: 2215.8033326482991
  SUMM_ME: 912.96632290866307
SystemInformation:
  OSName: Ubuntu 24.04.1 LTS
  Kernel: 6.8.0-1017-azure
  Device: ""
  Processor: Intel Xeon Platinum 8272CL CPU @ 2.60GHz
  NumSockets: 1
  Manufacturer: GenuineIntel
  NumCores: 1
  NumLogicals: 2
  CPUFrequency: 0
  Memory: 3912
  MemModuleInfo:
    iNumMemSticks: 2
    DIMM 1:
      manufacturer: Microsoft Corporation
      modulePartNo: None
      memType: Unknown
      size: 1
      clkspeed: 0
      moduleVoltage: 0
    DIMM 2:
      manufacturer: Microsoft Corporation
      modulePartNo: None
      memType: Unknown
      size: 3
      clkspeed: 0
      moduleVoltage: 0
Checksum: 0B1A0E2C5BF03162F19312BC2AECC9C2317D32B5