---
system-info:
      stress-ng-version: 0.17.08
      run-by: root
      date-yyyy-mm-dd: 2024:06:14
      time-hh-mm-ss: 14:55:43
      epoch-secs: 1718376943
      hostname: c0688aa162b6
      sysname: Linux
      nodename: c0688aa162b6
      release: 6.8.0-1008-aws
      version: '#8-Ubuntu SMP Sat Apr 20 02:43:14 UTC 2024'
      machine: aarch64
      compiler: 'musl-gcc 13.2.1'
      uptime: 147
      totalram: 99427667968
      freeram: 94937964544
      sharedram: 35049472
      bufferram: 107896832
      totalswap: 0
      freeswap: 0
      pagesize: 4096
      cpus: 16
      cpus-online: 16
      ticks-per-second: 100

metrics:
    - stressor: cpu
      bogo-ops: 485773
      bogo-ops-per-second-usr-sys-time: 1519.711006
      bogo-ops-per-second-real-time: 24288.555808
      wall-clock-time: 20.000078
      user-time: 319.640279
      system-time: 0.007995
      cpu-usage-per-instance: 99.889698
      max-rss: 1192

...
