---
system-info:
      stress-ng-version: 0.17.08
      run-by: root
      date-yyyy-mm-dd: 2024:06:07
      time-hh-mm-ss: 15:45:07
      epoch-secs: 1717775107
      hostname: e7486a68897d
      sysname: Linux
      nodename: e7486a68897d
      release: 6.8.0-1008-aws
      version: '#8-Ubuntu SMP Sat Apr 20 02:43:14 UTC 2024'
      machine: aarch64
      compiler: 'musl-gcc 13.2.1'
      uptime: 147
      totalram: 99427672064
      freeram: 94989598720
      sharedram: 35049472
      bufferram: 91492352
      totalswap: 0
      freeswap: 0
      pagesize: 4096
      cpus: 16
      cpus-online: 16
      ticks-per-second: 100

metrics:
    - stressor: cpu
      bogo-ops: 47019
      bogo-ops-per-second-usr-sys-time: 292.976043
      bogo-ops-per-second-real-time: 4680.537917
      wall-clock-time: 10.045640
      user-time: 160.466539
      system-time: 0.020986
      cpu-usage-per-instance: 99.848990
      max-rss: 4136

...
