---
system-info:
      stress-ng-version: 0.17.08
      run-by: root
      date-yyyy-mm-dd: 2024:09:16
      time-hh-mm-ss: 23:59:53
      epoch-secs: 1726531193
      hostname: sc-runner
      sysname: Linux
      nodename: sc-runner
      release: 6.8.0-1014-azure
      version: '#16-Ubuntu SMP Thu Aug 15 20:04:41 UTC 2024'
      machine: x86_64
      compiler: 'musl-gcc 13.2.1'
      uptime: 294
      totalram: 168786051072
      freeram: 158220668928
      sharedram: 54984704
      bufferram: 263880704
      totalswap: 0
      freeswap: 0
      pagesize: 4096
      cpus: 20
      cpus-online: 20
      ticks-per-second: 100

metrics:
    - stressor: cpu
      bogo-ops: 37982
      bogo-ops-per-second-usr-sys-time: 1899.059930
      bogo-ops-per-second-real-time: 1899.092688
      wall-clock-time: 20.000077
      user-time: 20.000422
      system-time: 0.000000
      cpu-usage-per-instance: 100.001725
      max-rss: 3188

...
