BaselineInfo:
  WebDBID: -1
  TimeStamp: 20241107151650
Version:
  Major: 11
  Minor: 0
  Build: 1002
  SpecialBuildName: ""
  ptArchitecture: aarch64_linux
Results:
  Results Complete: true
  NumTestProcesses: 8
  CPU_INTEGER_MATH: 38168.771666666675
  CPU_FLOATINGPOINT_MATH: 37950.508867353521
  CPU_PRIME: 93.230927962415578
  CPU_SORTING: 31651.282773761992
  CPU_ENCRYPTION: 1110.8201626498906
  CPU_COMPRESSION: 42245.494954250222
  CPU_SINGLETHREAD: 1560.9577169583065
  CPU_PHYSICS: 2040.5662560279065
  CPU_MATRIX_MULT_SSE: 6627.1898190424754
  CPU_mm: 868.71785878433252
  CPU_sse: 5557.3079127774727
  CPU_fma: 7697.0717253074781
  CPU_avx: 0
  CPU_avx512: 0
  m_CPU_enc_SHA: 1688885672.4091671
  m_CPU_enc_AES: 647357676.47845042
  m_CPU_enc_ECDSA: 1158094739.7246978
  ME_ALLOC_S: 8125.9928262534204
  ME_READ_S: 19684.3203125
  ME_READ_L: 18916.755859375
  ME_WRITE: 19685.23828125
  ME_LARGE: 5800.583333333333
  ME_LATENCY: 51.24065797151578
  ME_THREADED: 135146.6796875
  SUMM_CPU: 6060.1913344452787
  SUMM_ME: 2597.067370577171
SystemInformation:
  OSName: Ubuntu 24.04.1 LTS
  Kernel: 6.8.0-1016-aws
  Device: ""
  Processor: ARM Neoverse-V1 8 Core 0 MHz
  NumSockets: 1
  Manufacturer: ARM
  NumCores: 8
  NumLogicals: 8
  CPUFrequency: 0
  Memory: 15672
Checksum: AB467FA8132461F35C47933B10DAB108FBADCDCF