BaselineInfo:
  WebDBID: -1
  TimeStamp: 20241108211842
Version:
  Major: 11
  Minor: 0
  Build: 1002
  SpecialBuildName: ""
  ptArchitecture: x86_64_linux
Results:
  Results Complete: true
  NumTestProcesses: 24
  CPU_INTEGER_MATH: 126407.73733333332
  CPU_FLOATINGPOINT_MATH: 104067.82054825209
  CPU_PRIME: 299.14276393593502
  CPU_SORTING: 73906.451061836968
  CPU_ENCRYPTION: 28114.863168185879
  CPU_COMPRESSION: 543295.45654435758
  CPU_SINGLETHREAD: 2436.3836329420151
  CPU_PHYSICS: 3867.0691157140864
  CPU_MATRIX_MULT_SSE: 44209.177882607502
  CPU_mm: 5829.9123307163927
  CPU_sse: 18752.742846121975
  CPU_fma: 50965.826065980109
  CPU_avx: 40068.06100058755
  CPU_avx512: 67050.081617740332
  m_CPU_enc_SHA: 32941315989.196846
  m_CPU_enc_AES: 34065188349.2523
  m_CPU_enc_ECDSA: 21435207945.881889
  ME_ALLOC_S: 21120.591174009594
  ME_READ_S: 24502.577539062499
  ME_READ_L: 11695.4951171875
  ME_WRITE: 10848.103515625
  ME_LARGE: 181502.08333333334
  ME_LATENCY: 59.755245563873785
  ME_THREADED: 150936.373046875
  SUMM_CPU: 41779.088723240922
  SUMM_ME: 2624.9333006626548
SystemInformation:
  OSName: Ubuntu 24.04.1 LTS
  Kernel: 6.8.0-1017-azure
  Device: ""
  Processor: Intel Xeon Platinum 8370C CPU @ 2.80GHz
  NumSockets: 1
  Manufacturer: GenuineIntel
  NumCores: 24
  NumLogicals: 24
  CPUFrequency: 2800
  Memory: 193221
  MemModuleInfo:
    iNumMemSticks: 4
    DIMM 1:
      manufacturer: Microsoft Corporation
      modulePartNo: None
      memType: Unknown
      size: 1
      clkspeed: 0
      moduleVoltage: 0
    DIMM 2:
      manufacturer: Microsoft Corporation
      modulePartNo: None
      memType: Unknown
      size: 60928
      clkspeed: 0
      moduleVoltage: 0
    DIMM 3:
      manufacturer: Microsoft Corporation
      modulePartNo: None
      memType: Unknown
      size: 134656
      clkspeed: 0
      moduleVoltage: 0
    DIMM 4:
      manufacturer: Microsoft Corporation
      modulePartNo: None
      memType: Unknown
      size: 120
      clkspeed: 0
      moduleVoltage: 0
Checksum: FC632EF024420382115A08BF4ED23434D9E91CE2