---
system-info:
      stress-ng-version: 0.17.08
      run-by: root
      date-yyyy-mm-dd: 2024:06:15
      time-hh-mm-ss: 14:41:54
      epoch-secs: 1718462514
      hostname: 259bafbec03d
      sysname: Linux
      nodename: 259bafbec03d
      release: 6.8.0-1008-aws
      version: '#8-Ubuntu SMP Sat Apr 20 00:46:25 UTC 2024'
      machine: x86_64
      compiler: 'musl-gcc 13.2.1'
      uptime: 180
      totalram: 32067792896
      freeram: 27647721472
      sharedram: 48500736
      bufferram: 112713728
      totalswap: 0
      freeswap: 0
      pagesize: 4096
      cpus: 4
      cpus-online: 4
      ticks-per-second: 100

metrics:
    - stressor: cpu
      bogo-ops: 17596
      bogo-ops-per-second-usr-sys-time: 879.942243
      bogo-ops-per-second-real-time: 879.791977
      wall-clock-time: 20.000182
      user-time: 19.996767
      system-time: 0.000000
      cpu-usage-per-instance: 99.982923
      max-rss: 1104

...
