---
system-info:
      stress-ng-version: 0.17.08
      run-by: root
      date-yyyy-mm-dd: 2024:06:09
      time-hh-mm-ss: 11:56:22
      epoch-secs: 1717934182
      hostname: 26b3f92f0ca0
      sysname: Linux
      nodename: 26b3f92f0ca0
      release: 6.8.0-1008-aws
      version: '#8-Ubuntu SMP Sat Apr 20 00:46:25 UTC 2024'
      machine: x86_64
      compiler: 'musl-gcc 13.2.1'
      uptime: 169
      totalram: 32067788800
      freeram: 27560771584
      sharedram: 48500736
      bufferram: 109924352
      totalswap: 0
      freeswap: 0
      pagesize: 4096
      cpus: 4
      cpus-online: 4
      ticks-per-second: 100

metrics:
    - stressor: cpu
      bogo-ops: 11774
      bogo-ops-per-second-usr-sys-time: 1177.356202
      bogo-ops-per-second-real-time: 1177.292581
      wall-clock-time: 10.000912
      user-time: 9.998373
      system-time: 0.001999
      cpu-usage-per-instance: 99.994596
      max-rss: 4048

...
