BaselineInfo:
  WebDBID: -1
  TimeStamp: 20260403070510
Version:
  Major: 11
  Minor: 0
  Build: 1004
  SpecialBuildName: ""
  ptArchitecture: x86_64_linux
Results:
  Results Complete: true
  NumTestProcesses: 1
  CPU_INTEGER_MATH: 3091.6239999999998
  CPU_FLOATINGPOINT_MATH: 2120.5039296699533
  CPU_PRIME: 9.7730063557177367
  CPU_SORTING: 1989.2178909616746
  CPU_ENCRYPTION: 395.16321679676304
  CPU_COMPRESSION: 16349.769338124775
  CPU_SINGLETHREAD: 1288.4092905480381
  CPU_PHYSICS: 162.83233999572181
  CPU_MATRIX_MULT_SSE: 1178.1664922566254
  CPU_mm: 139.01886853163765
  CPU_sse: 505.48879769425804
  CPU_fma: 1729.0366505904124
  CPU_avx: 1179.9851312543935
  CPU_avx512: 1298.1553894874378
  m_CPU_enc_SHA: 213111075.61045709
  m_CPU_enc_AES: 845599316.6470542
  m_CPU_enc_ECDSA: 184365603.3901366
  ME_ALLOC_S: 483.08984254901634
  ME_READ_S: 18386.385156249999
  ME_READ_L: 6033.701171875
  ME_WRITE: 6503.9296875
  ME_LARGE: 820.08333333333337
  ME_LATENCY: 81.361051206670069
  ME_THREADED: 6398.70556640625
  SUMM_CPU: 1259.1953104616223
  SUMM_ME: 803.95974571514489
SystemInformation:
  OSName: Ubuntu 24.04.4 LTS
  Kernel: 6.8.0-106-generic
  Device: ""
  Processor: Intel(R) Xeon(R) Platinum 8269CY CPU @ 2.50GHz
  NumSockets: 1
  Manufacturer: GenuineIntel
  NumCores: 1
  NumLogicals: 1
  CPUFrequency: 0
  CPUMaxFrequency: 0
  Memory: 3530
  CPUInfo:
    number: 1
    Family: 6
    Model: 5
    stepping: 7
    features: 529267711
    manufacture: GenuineIntel
    typestring: Intel(R) Xeon(R) Platinum 8269CY CPU @ 2.50GHz
    iCoresPerPackage: 1
    iThreadsPerPackage: 2
    featuresEx:
      - 529267711
      - 4277809667
      - 739248128
    bHybrid: false
    nPCore: 0
    nLogicalsPerPCore: 0
    nECore: 0
    nLogicalsPerECore: 0
  MemModuleInfo:
    iNumMemSticks: 1
    DIMM 1:
      manufacturer: Alibaba Cloud
      modulePartNo: Not Specified
      memType: RAM
      size: 4
      clkspeed: 0
      moduleVoltage: 0
Checksum: 42C3C0BC8A9E44323F2383D18D5691FEA9F8B9C5