---
system-info:
      stress-ng-version: 0.17.08
      run-by: root
      date-yyyy-mm-dd: 2024:09:21
      time-hh-mm-ss: 22:20:34
      epoch-secs: 1726957234
      hostname: sc-runner
      sysname: Linux
      nodename: sc-runner
      release: 6.8.0-1014-azure
      version: '#16-Ubuntu SMP Thu Aug 15 20:04:41 UTC 2024'
      machine: x86_64
      compiler: 'musl-gcc 13.2.1'
      uptime: 335
      totalram: 135070527488
      freeram: 124767936512
      sharedram: 38092800
      bufferram: 249741312
      totalswap: 0
      freeswap: 0
      pagesize: 4096
      cpus: 4
      cpus-online: 4
      ticks-per-second: 100

metrics:
    - stressor: cpu
      bogo-ops: 54229
      bogo-ops-per-second-usr-sys-time: 2711.461253
      bogo-ops-per-second-real-time: 2711.437523
      wall-clock-time: 20.000092
      user-time: 19.998918
      system-time: 0.000999
      cpu-usage-per-instance: 99.999125
      max-rss: 3152

...
