BaselineInfo:
  WebDBID: -1
  TimeStamp: 20251220052324
Version:
  Major: 11
  Minor: 0
  Build: 1002
  SpecialBuildName: ""
  ptArchitecture: x86_64_linux
Results:
  Results Complete: true
  NumTestProcesses: 60
  CPU_INTEGER_MATH: 200347.77633333331
  CPU_FLOATINGPOINT_MATH: 110672.84901890601
  CPU_PRIME: 162.73453233148214
  CPU_SORTING: 83284.594340508018
  CPU_ENCRYPTION: 24208.141873391029
  CPU_COMPRESSION: 788652.39020123577
  CPU_SINGLETHREAD: 2117.9999832953581
  CPU_PHYSICS: 1974.2023581071112
  CPU_MATRIX_MULT_SSE: 51664.440788997046
  CPU_mm: 5329.1204625629989
  CPU_sse: 19256.712640499216
  CPU_fma: 61574.484238177822
  CPU_avx: 44917.517226631069
  CPU_avx512: 80909.049050680085
  m_CPU_enc_SHA: 8628760169.6203308
  m_CPU_enc_AES: 59833416980.339935
  m_CPU_enc_ECDSA: 7690052569.138361
  ME_ALLOC_S: 14627.730567934503
  ME_READ_S: 24972.085742187501
  ME_READ_L: 7150.58544921875
  ME_WRITE: 7369.04638671875
  ME_LARGE: 156448.83333333334
  ME_LATENCY: 66.705310396989077
  ME_THREADED: 96466.9443359375
  SUMM_CPU: 42227.895195770157
  SUMM_ME: 2113.9075026937021
SystemInformation:
  OSName: Ubuntu 24.04.2 LTS
  Kernel: 6.8.0-86-generic
  Device: ""
  Processor: Intel Xeon Gold 6226R CPU @ 2.90GHz
  NumSockets: 60
  Manufacturer: GenuineIntel
  NumCores: 60
  NumLogicals: 60
  CPUFrequency: 0
  Memory: 176861
  MemModuleInfo:
    iNumMemSticks: 1
    DIMM 1:
      manufacturer: QEMU
      modulePartNo: Not Specified
      memType: RAM
      size: 180000
      clkspeed: 0
      moduleVoltage: 0
Checksum: BBA19B78AE10097D0ACD15FA62ABB41489834CD7