BaselineInfo:
  WebDBID: -1
  TimeStamp: 20250105064946
Version:
  Major: 11
  Minor: 0
  Build: 1002
  SpecialBuildName: ""
  ptArchitecture: x86_64_linux
Results:
  Results Complete: true
  NumTestProcesses: 64
  CPU_INTEGER_MATH: 387149.62833333324
  CPU_FLOATINGPOINT_MATH: 341503.35456696962
  CPU_PRIME: 1153.1939258596128
  CPU_SORTING: 216358.10222584996
  CPU_ENCRYPTION: 83676.948585706516
  CPU_COMPRESSION: 1491290.5276120228
  CPU_SINGLETHREAD: 2905.0187658936752
  CPU_PHYSICS: 15000.076917159453
  CPU_MATRIX_MULT_SSE: 115554.97889504912
  CPU_mm: 12876.208169592484
  CPU_sse: 54817.573253348681
  CPU_fma: 149989.03328649668
  CPU_avx: 128745.80971122226
  CPU_avx512: 128667.49932912881
  m_CPU_enc_SHA: 116039383144.71918
  m_CPU_enc_AES: 73515015487.448898
  m_CPU_enc_ECDSA: 73670521488.449265
  ME_ALLOC_S: 29850.727372186735
  ME_READ_S: 27902.779296875
  ME_READ_L: 27573.796875
  ME_WRITE: 26871.8125
  ME_LARGE: 502904.16666666669
  ME_LATENCY: 76.66477520434961
  ME_THREADED: 429503.791015625
  SUMM_CPU: 92281.357647661906
  SUMM_ME: 2889.6889201374775
SystemInformation:
  OSName: Ubuntu 24.04.1 LTS
  Kernel: 6.8.0-1017-azure
  Device: ""
  Processor: AMD EPYC 9V74 80-Core Processor
  NumSockets: 1
  Manufacturer: AuthenticAMD
  NumCores: 64
  NumLogicals: 64
  CPUFrequency: 0
  Memory: 515766
  MemModuleInfo:
    iNumMemSticks: 3
    DIMM 1:
      manufacturer: Microsoft Corporation
      modulePartNo: None
      memType: Unknown
      size: 1
      clkspeed: 0
      moduleVoltage: 0
    DIMM 2:
      manufacturer: Microsoft Corporation
      modulePartNo: None
      memType: Unknown
      size: 59
      clkspeed: 0
      moduleVoltage: 0
    DIMM 3:
      manufacturer: Microsoft Corporation
      modulePartNo: None
      memType: Unknown
      size: 452
      clkspeed: 0
      moduleVoltage: 0
Checksum: 54E9CD65677A3F04B12A41D7853C808822F67A4D