BaselineInfo:
  WebDBID: -1
  TimeStamp: 20260404052222
Version:
  Major: 11
  Minor: 0
  Build: 1004
  SpecialBuildName: ""
  ptArchitecture: x86_64_linux
Results:
  Results Complete: true
  NumTestProcesses: 12
  CPU_INTEGER_MATH: 50184.007000000005
  CPU_FLOATINGPOINT_MATH: 25702.424859381801
  CPU_PRIME: 106.75568469068739
  CPU_SORTING: 25358.640915435702
  CPU_ENCRYPTION: 6348.1443764997357
  CPU_COMPRESSION: 184824.97530469406
  CPU_SINGLETHREAD: 2350.2025340047462
  CPU_PHYSICS: 1690.2626632741376
  CPU_MATRIX_MULT_SSE: 10452.917843001538
  CPU_mm: 1083.3799501406486
  CPU_sse: 4720.596806571978
  CPU_fma: 13054.149730623907
  CPU_avx: 9669.4662070782506
  CPU_avx512: 14367.458627732009
  m_CPU_enc_SHA: 1801134683.2692585
  m_CPU_enc_AES: 16523938960.123783
  m_CPU_enc_ECDSA: 1644461869.8047159
  ME_ALLOC_S: 5650.9640406641247
  ME_READ_S: 23600.020898437499
  ME_READ_L: 7116.1005859375
  ME_WRITE: 7613.73583984375
  ME_LARGE: 10041.333333333334
  ME_LATENCY: 52.926744010415007
  ME_THREADED: 35522.326416015625
  SUMM_CPU: 15004.592638576745
  SUMM_ME: 2034.8131317703064
SystemInformation:
  OSName: Ubuntu 24.04.4 LTS
  Kernel: 6.8.0-106-generic
  Device: ""
  Processor: Intel(R) Xeon(R) Platinum
  NumSockets: 1
  Manufacturer: GenuineIntel
  NumCores: 6
  NumLogicals: 12
  CPUFrequency: 0
  CPUMaxFrequency: 0
  Memory: 22855
  CPUInfo:
    number: 1
    Family: 6
    Model: 5
    stepping: 4
    features: 529267711
    manufacture: GenuineIntel
    typestring: Intel(R) Xeon(R) Platinum
    iCoresPerPackage: 6
    iThreadsPerPackage: 2
    featuresEx:
      - 529267711
      - 4294586883
      - 739248128
    bHybrid: false
    nPCore: 0
    nLogicalsPerPCore: 0
    nECore: 0
    nLogicalsPerECore: 0
  MemModuleInfo:
    iNumMemSticks: 2
    DIMM 1:
      manufacturer: Alibaba Cloud
      modulePartNo: Not Specified
      memType: RAM
      size: 16
      clkspeed: 0
      moduleVoltage: 0
    DIMM 2:
      manufacturer: Alibaba Cloud
      modulePartNo: Not Specified
      memType: RAM
      size: 8
      clkspeed: 0
      moduleVoltage: 0
Checksum: 79FACAFD6D78614179023C12C1E70A6D91A27945