---
system-info:
      stress-ng-version: 0.17.08
      run-by: root
      date-yyyy-mm-dd: 2024:07:03
      time-hh-mm-ss: 06:21:10
      epoch-secs: 1719987670
      hostname: g2-standard-96-edd2f9c
      sysname: Linux
      nodename: g2-standard-96-edd2f9c
      release: 6.8.0-1009-gcp
      version: '#10-Ubuntu SMP Wed Jun 12 18:52:23 UTC 2024'
      machine: x86_64
      compiler: 'musl-gcc 13.2.1'
      uptime: 243
      totalram: 405717573632
      freeram: 396410605568
      sharedram: 82649088
      bufferram: 123736064
      totalswap: 0
      freeswap: 0
      pagesize: 4096
      cpus: 96
      cpus-online: 96
      ticks-per-second: 100

metrics:
    - stressor: cpu
      bogo-ops: 24034
      bogo-ops-per-second-usr-sys-time: 1201.831360
      bogo-ops-per-second-real-time: 1201.695917
      wall-clock-time: 20.000068
      user-time: 19.996815
      system-time: 0.000999
      cpu-usage-per-instance: 99.988730
      max-rss: 768

...
