---
system-info:
      stress-ng-version: 0.17.08
      run-by: root
      date-yyyy-mm-dd: 2024:06:15
      time-hh-mm-ss: 22:41:39
      epoch-secs: 1718491299
      hostname: a10ba92b4895
      sysname: Linux
      nodename: a10ba92b4895
      release: 6.8.0-1008-aws
      version: '#8-Ubuntu SMP Sat Apr 20 00:46:25 UTC 2024'
      machine: x86_64
      compiler: 'musl-gcc 13.2.1'
      uptime: 116
      totalram: 397046263808
      freeram: 392309698560
      sharedram: 37388288
      bufferram: 108609536
      totalswap: 0
      freeswap: 0
      pagesize: 4096
      cpus: 48
      cpus-online: 48
      ticks-per-second: 100

metrics:
    - stressor: cpu
      bogo-ops: 2951593
      bogo-ops-per-second-usr-sys-time: 3076.759477
      bogo-ops-per-second-real-time: 147579.300489
      wall-clock-time: 20.000047
      user-time: 959.299747
      system-time: 0.018985
      cpu-usage-per-instance: 99.928798
      max-rss: 1152

...
