---
system-info:
      stress-ng-version: 0.17.08
      run-by: root
      date-yyyy-mm-dd: 2024:06:09
      time-hh-mm-ss: 19:54:55
      epoch-secs: 1717962895
      hostname: b2251495d912
      sysname: Linux
      nodename: b2251495d912
      release: 6.8.0-1008-aws
      version: '#8-Ubuntu SMP Sat Apr 20 00:46:25 UTC 2024'
      machine: x86_64
      compiler: 'musl-gcc 13.2.1'
      uptime: 104
      totalram: 397046263808
      freeram: 392140652544
      sharedram: 37396480
      bufferram: 111394816
      totalswap: 0
      freeswap: 0
      pagesize: 4096
      cpus: 48
      cpus-online: 48
      ticks-per-second: 100

metrics:
    - stressor: cpu
      bogo-ops: 860221
      bogo-ops-per-second-usr-sys-time: 1793.334711
      bogo-ops-per-second-real-time: 86009.146290
      wall-clock-time: 10.001506
      user-time: 479.613798
      system-time: 0.062971
      cpu-usage-per-instance: 99.917612
      max-rss: 3840

...
