BaselineInfo:
  WebDBID: -1
  TimeStamp: 20250426013416
Version:
  Major: 11
  Minor: 0
  Build: 1002
  SpecialBuildName: ""
  ptArchitecture: x86_64_linux
Results:
  Results Complete: true
  NumTestProcesses: 4
  CPU_INTEGER_MATH: 20993.824333333334
  CPU_FLOATINGPOINT_MATH: 14884.539735050286
  CPU_PRIME: 40.881942950019422
  CPU_SORTING: 10611.242397411803
  CPU_ENCRYPTION: 4659.4575933240521
  CPU_COMPRESSION: 78347.216998046439
  CPU_SINGLETHREAD: 3216.3321997927092
  CPU_PHYSICS: 1006.0470200839704
  CPU_MATRIX_MULT_SSE: 6017.0655001282539
  CPU_mm: 599.85589061124745
  CPU_sse: 2586.4583515311983
  CPU_fma: 6444.4386727940291
  CPU_avx: 5194.1743550007632
  CPU_avx512: 9843.1906211870264
  m_CPU_enc_SHA: 4890463441.7907495
  m_CPU_enc_AES: 6356862611.7862635
  m_CPU_enc_ECDSA: 3410060162.5550699
  ME_ALLOC_S: 3276.0685717820279
  ME_READ_S: 27602.874609375001
  ME_READ_L: 10004.8076171875
  ME_WRITE: 19383.94140625
  ME_LARGE: 22310
  ME_LATENCY: 44.551085659999387
  ME_THREADED: 30278.05712890625
  SUMM_CPU: 8078.8240835610322
  SUMM_ME: 2656.0638649778989
SystemInformation:
  OSName: Ubuntu 24.04.2 LTS
  Kernel: 6.8.0-1027-aws
  Device: ""
  Processor: Intel Xeon Platinum 8559C
  NumSockets: 1
  Manufacturer: GenuineIntel
  NumCores: 2
  NumLogicals: 4
  CPUFrequency: 0
  Memory: 31558
  MemModuleInfo:
    iNumMemSticks: 1
    DIMM 1:
      manufacturer: Not Specified
      modulePartNo: Not Specified
      memType: DDR5
      size: 32
      clkspeed: 2800
      moduleVoltage: 0
Checksum: A08F2D6F905CE5DB64786AC1F255C5A5EA143A25