---
system-info:
      stress-ng-version: 0.17.08
      run-by: root
      date-yyyy-mm-dd: 2024:09:19
      time-hh-mm-ss: 01:06:53
      epoch-secs: 1726708013
      hostname: sc-runner
      sysname: Linux
      nodename: sc-runner
      release: 6.8.0-1014-azure
      version: '#16-Ubuntu SMP Thu Aug 15 20:04:41 UTC 2024'
      machine: x86_64
      compiler: 'musl-gcc 13.2.1'
      uptime: 311
      totalram: 67422384128
      freeram: 57104977920
      sharedram: 54947840
      bufferram: 249233408
      totalswap: 0
      freeswap: 0
      pagesize: 4096
      cpus: 8
      cpus-online: 8
      ticks-per-second: 100

metrics:
    - stressor: cpu
      bogo-ops: 155187
      bogo-ops-per-second-usr-sys-time: 972.382348
      bogo-ops-per-second-real-time: 7759.312423
      wall-clock-time: 20.000097
      user-time: 159.571642
      system-time: 0.022987
      cpu-usage-per-instance: 99.746160
      max-rss: 3152

...
