BaselineInfo:
  WebDBID: -1
  TimeStamp: 20251202163709
Version:
  Major: 11
  Minor: 0
  Build: 1002
  SpecialBuildName: ""
  ptArchitecture: x86_64_linux
Results:
  Results Complete: true
  NumTestProcesses: 2
  CPU_INTEGER_MATH: 16995.127999999997
  CPU_FLOATINGPOINT_MATH: 17079.473006508801
  CPU_PRIME: 66.876976408953112
  CPU_SORTING: 10530.441934829521
  CPU_ENCRYPTION: 3552.3503791427402
  CPU_COMPRESSION: 73794.155847027301
  CPU_SINGLETHREAD: 4258.6064802384108
  CPU_PHYSICS: 1111.0647622307956
  CPU_MATRIX_MULT_SSE: 6493.0316227932644
  CPU_mm: 821.27254872473122
  CPU_sse: 2466.3717485668453
  CPU_fma: 9775.7320938206958
  CPU_avx: 4972.1262377142702
  CPU_avx512: 8757.8964110712459
  m_CPU_enc_SHA: 4921949391.1047001
  m_CPU_enc_AES: 3074669545.418601
  m_CPU_enc_ECDSA: 3178109116.9566321
  ME_ALLOC_S: 2949.1441078578791
  ME_READ_S: 37882.370312500003
  ME_READ_L: 34623.5078125
  ME_WRITE: 32755.546875
  ME_LARGE: 52689
  ME_LATENCY: 86.621063685256502
  ME_THREADED: 67374.90234375
  SUMM_CPU: 7761.6517937027666
  SUMM_ME: 2592.9902890644385
SystemInformation:
  OSName: Ubuntu 24.04.2 LTS
  Kernel: 6.14.0-1017-aws
  Device: ""
  Processor: AMD EPYC 9R05
  NumSockets: 1
  Manufacturer: AuthenticAMD
  NumCores: 2
  NumLogicals: 2
  CPUFrequency: 0
  Memory: 64018
  MemModuleInfo:
    iNumMemSticks: 1
    DIMM 1:
      manufacturer: Not Specified
      modulePartNo: Not Specified
      memType: DDR5
      size: 64
      clkspeed: 3200
      moduleVoltage: 0
Checksum: 5FE24C1E65C7DD8E62A84B966330E4063D08B4B2