---
system-info:
      stress-ng-version: 0.17.08
      run-by: root
      date-yyyy-mm-dd: 2024:07:03
      time-hh-mm-ss: 18:38:57
      epoch-secs: 1720031937
      hostname: c3-highcpu-192-metal-1819975
      sysname: Linux
      nodename: c3-highcpu-192-metal-1819975
      release: 6.8.0-1009-gcp
      version: '#10-Ubuntu SMP Wed Jun 12 18:52:23 UTC 2024'
      machine: x86_64
      compiler: 'musl-gcc 13.2.1'
      uptime: 295
      totalram: 540810395648
      freeram: 531672408064
      sharedram: 445456384
      bufferram: 132198400
      totalswap: 0
      freeswap: 0
      pagesize: 4096
      cpus: 192
      cpus-online: 192
      ticks-per-second: 100

metrics:
    - stressor: cpu
      bogo-ops: 3163691
      bogo-ops-per-second-usr-sys-time: 824.063934
      bogo-ops-per-second-real-time: 158183.999356
      wall-clock-time: 20.000070
      user-time: 3839.075000
      system-time: 0.057949
      cpu-usage-per-instance: 99.977073
      max-rss: 0

...
