---
system-info:
      stress-ng-version: 0.17.08
      run-by: root
      date-yyyy-mm-dd: 2024:06:20
      time-hh-mm-ss: 09:41:59
      epoch-secs: 1718876519
      hostname: 5ba29e1bb2c4
      sysname: Linux
      nodename: 5ba29e1bb2c4
      release: 6.8.0-1008-gcp
      version: '#9-Ubuntu SMP Wed May 22 18:09:04 UTC 2024'
      machine: x86_64
      compiler: 'musl-gcc 13.2.1'
      uptime: 221
      totalram: 135061819392
      freeram: 126813417472
      sharedram: 41934848
      bufferram: 123482112
      totalswap: 0
      freeswap: 0
      pagesize: 4096
      cpus: 32
      cpus-online: 32
      ticks-per-second: 100

metrics:
    - stressor: cpu
      bogo-ops: 24025
      bogo-ops-per-second-usr-sys-time: 1201.343945
      bogo-ops-per-second-real-time: 1201.242081
      wall-clock-time: 20.000132
      user-time: 19.998436
      system-time: 0.000000
      cpu-usage-per-instance: 99.991521
      max-rss: 1032

...
