---
system-info:
      stress-ng-version: 0.17.08
      run-by: root
      date-yyyy-mm-dd: 2024:06:08
      time-hh-mm-ss: 16:55:06
      epoch-secs: 1717865706
      hostname: ac55d9e88728
      sysname: Linux
      nodename: ac55d9e88728
      release: 6.8.0-1008-aws
      version: '#8-Ubuntu SMP Sat Apr 20 00:46:25 UTC 2024'
      machine: x86_64
      compiler: 'musl-gcc 13.2.1'
      uptime: 105
      totalram: 399308324864
      freeram: 393635954688
      sharedram: 117370880
      bufferram: 103485440
      totalswap: 0
      freeswap: 0
      pagesize: 4096
      cpus: 96
      cpus-online: 96
      ticks-per-second: 100

metrics:
    - stressor: cpu
      bogo-ops: 1170258
      bogo-ops-per-second-usr-sys-time: 1219.705852
      bogo-ops-per-second-real-time: 117006.732340
      wall-clock-time: 10.001630
      user-time: 959.351256
      system-time: 0.107943
      cpu-usage-per-instance: 99.927382
      max-rss: 3072

...
