---
system-info:
      stress-ng-version: 0.17.08
      run-by: root
      date-yyyy-mm-dd: 2024:06:14
      time-hh-mm-ss: 22:55:04
      epoch-secs: 1718405704
      hostname: 7674f8d2250f
      sysname: Linux
      nodename: 7674f8d2250f
      release: 6.8.0-1008-aws
      version: '#8-Ubuntu SMP Sat Apr 20 00:46:25 UTC 2024'
      machine: x86_64
      compiler: 'musl-gcc 13.2.1'
      uptime: 110
      totalram: 399308333056
      freeram: 393893867520
      sharedram: 117370880
      bufferram: 108396544
      totalswap: 0
      freeswap: 0
      pagesize: 4096
      cpus: 96
      cpus-online: 96
      ticks-per-second: 100

metrics:
    - stressor: cpu
      bogo-ops: 1853503
      bogo-ops-per-second-usr-sys-time: 965.716642
      bogo-ops-per-second-real-time: 92674.823069
      wall-clock-time: 20.000071
      user-time: 1919.252184
      system-time: 0.050973
      cpu-usage-per-instance: 99.963353
      max-rss: 0

...
