BaselineInfo:
  WebDBID: -1
  TimeStamp: 20241111113358
Version:
  Major: 11
  Minor: 0
  Build: 1002
  SpecialBuildName: ""
  ptArchitecture: x86_64_linux
Results:
  Results Complete: true
  NumTestProcesses: 64
  CPU_INTEGER_MATH: 165552.64066666664
  CPU_FLOATINGPOINT_MATH: 87312.970186550025
  CPU_PRIME: 149.63017836702124
  CPU_SORTING: 96753.748578128012
  CPU_ENCRYPTION: 51802.434316397594
  CPU_COMPRESSION: 706694.38082787301
  CPU_SINGLETHREAD: 1448.5050998587824
  CPU_PHYSICS: 3750.4995662966144
  CPU_MATRIX_MULT_SSE: 26237.998077931235
  CPU_mm: 5023.1911042777574
  CPU_sse: 20011.510437230649
  CPU_fma: 30047.459034976153
  CPU_avx: 28655.024761586927
  CPU_avx512: 0
  m_CPU_enc_SHA: 73319053301.964462
  m_CPU_enc_AES: 50825606618.881882
  m_CPU_enc_ECDSA: 38811708176.406349
  ME_ALLOC_S: 15231.022421859316
  ME_READ_S: 14981.20908203125
  ME_READ_L: 11806.3525390625
  ME_WRITE: 8181.85986328125
  ME_LARGE: 241434
  ME_LATENCY: 57.797666443323372
  ME_THREADED: 119505.48168945312
  SUMM_CPU: 37125.270581697281
  SUMM_ME: 2273.0744309211818
SystemInformation:
  OSName: Ubuntu 24.04.1 LTS
  Kernel: 6.8.0-1016-aws
  Device: ""
  Processor: AMD EPYC 7571
  NumSockets: 1
  Manufacturer: AuthenticAMD
  NumCores: 32
  NumLogicals: 64
  CPUFrequency: 0
  Memory: 253750
  MemModuleInfo:
    iNumMemSticks: 4
    DIMM 1:
      manufacturer: Not Specified
      modulePartNo: Not Specified
      memType: DDR4
      size: 64
      clkspeed: 1333
      moduleVoltage: 0
    DIMM 2:
      manufacturer: Not Specified
      modulePartNo: Not Specified
      memType: DDR4
      size: 64
      clkspeed: 1333
      moduleVoltage: 0
    DIMM 3:
      manufacturer: Not Specified
      modulePartNo: Not Specified
      memType: DDR4
      size: 64
      clkspeed: 1333
      moduleVoltage: 0
    DIMM 4:
      manufacturer: Not Specified
      modulePartNo: Not Specified
      memType: DDR4
      size: 64
      clkspeed: 1333
      moduleVoltage: 0
Checksum: C759B2CC2A3BBCA9061A042FBD9B83C21BC4E08D