"size","threads","connections","rps","latency","failed","server_usr","server_sys","client_usr","client_sys"
"1k",2,2,41633,0.000052220,0,4.19,6.87,1.37,7.47
"1k",2,4,37761,0.000147070,0,3.57,5.99,0.97,6.05
"1k",2,8,51841,0.000197230,0,3.73,7.04,1.22,6.99
"1k",2,16,56570,0.000350640,0,3.80,6.83,1.31,7.31
"1k",2,32,60418,0.000605060,0,3.80,6.97,1.27,7.38
"1k",2,64,62647,0.001010000,0,3.90,7.18,1.25,7.43
"1k",4,4,41846,0.000110090,0,3.48,7.22,1.44,7.72
"1k",4,8,52831,0.000156030,0,3.87,7.07,1.45,7.53
"1k",4,16,53935,0.000337460,0,3.82,6.90,1.35,7.80
"1k",4,32,54977,0.000672590,0,3.68,6.98,1.30,7.77
"1k",4,64,55436,0.001180000,0,3.70,7.06,1.26,7.71
"1k",8,8,46407,0.000193730,0,3.66,6.80,1.45,7.96
"1k",8,16,47145,0.000376890,0,3.52,6.89,1.39,8.09
"1k",8,32,50541,0.000690280,0,3.59,6.88,1.37,7.87
"1k",8,64,52573,0.001250000,0,3.67,6.96,1.41,7.70
"16k",2,2,36138,0.000059970,0,4.13,6.69,1.35,7.73
"16k",2,4,29333,0.000179560,0,3.28,5.94,0.87,5.99
"16k",2,8,38375,0.000265270,0,3.70,6.45,0.92,6.47
"16k",2,16,43993,0.000402150,0,3.78,6.77,1.11,7.09
"16k",2,32,45694,0.000720700,0,3.69,7.11,1.16,7.62
"16k",2,64,46927,0.001360000,0,3.74,7.32,1.13,7.53
"16k",4,4,32939,0.000132070,0,3.52,7.16,1.31,7.90
"16k",4,8,36354,0.000229410,0,3.56,7.04,1.32,7.90
"16k",4,16,39475,0.000449270,0,3.56,6.96,1.23,7.88
"16k",4,32,43105,0.000777460,0,3.54,7.14,1.22,7.85
"16k",4,64,43450,0.001460000,0,3.54,7.23,1.19,7.79
"16k",8,8,35166,0.000246230,0,3.57,7.00,1.34,7.98
"16k",8,16,35172,0.000503430,0,3.44,6.94,1.30,8.17
"16k",8,32,35907,0.000940000,0,3.51,6.95,1.19,8.04
"16k",8,64,35841,0.001790000,0,3.53,7.15,1.22,7.83
"64k",2,2,18977,0.000110060,0,3.56,7.64,1.08,7.57
"64k",2,4,17895,0.000241190,0,3.48,7.27,0.99,7.32
"64k",2,8,20368,0.000430720,0,3.19,7.45,1.02,7.12
"64k",2,16,22879,0.000702180,0,3.19,7.61,0.95,7.71
"64k",2,32,21758,0.001350000,0,3.07,7.64,0.95,8.01
"64k",2,64,22584,0.002520000,0,3.03,7.92,0.84,7.95
"64k",4,4,18040,0.000232030,0,3.51,7.46,1.08,7.81
"64k",4,8,19431,0.000435790,0,3.17,7.55,0.97,7.99
"64k",4,16,20794,0.000798390,0,3.08,7.70,0.96,7.97
"64k",4,32,20904,0.001510000,0,3.09,7.80,1.00,7.78
"64k",4,64,20995,0.002950000,0,3.04,7.96,0.96,7.76
"64k",8,8,18085,0.000479680,0,3.10,7.50,1.03,8.19
"64k",8,16,18552,0.000900000,0,2.93,7.64,1.04,8.07
"64k",8,32,19188,0.001680000,0,3.03,7.77,1.06,7.84
"64k",8,64,19285,0.003290000,0,2.99,7.91,1.00,7.82
"256k",2,2,7643,0.000304050,0,4.12,7.02,0.90,7.79
"256k",2,4,7915,0.000478680,0,3.47,7.90,1.01,7.49
"256k",2,8,8323,0.000940000,0,3.08,8.17,0.82,7.42
"256k",2,16,8597,0.001760000,0,3.18,8.21,0.85,7.46
"256k",2,32,8268,0.003560000,0,3.35,8.35,0.71,7.33
"256k",4,4,8158,0.000536750,0,3.63,7.66,1.01,7.56
"256k",4,8,8730,0.000950000,0,3.16,7.96,0.88,7.70
"256k",4,16,8628,0.001860000,0,3.05,8.27,0.85,7.59
"256k",4,32,8588,0.003640000,0,3.01,8.44,0.91,7.38
"256k",8,8,8230,0.001010000,0,2.69,8.37,0.92,7.74
"256k",8,16,8288,0.001950000,0,2.72,8.44,0.91,7.68
"256k",8,32,8413,0.003790000,0,2.74,8.61,0.88,7.51
"512k",2,2,4672,0.000510820,0,2.88,8.51,0.90,7.53
"512k",2,4,4894,0.000792100,0,2.59,8.82,0.97,7.46
"512k",2,8,5253,0.001460000,0,3.02,8.51,0.84,7.31
"512k",2,16,4974,0.002960000,0,2.90,8.83,0.80,7.22
"512k",2,32,5000,0.006080000,0,2.89,9.07,0.74,7.11
"512k",4,4,4978,0.000800910,0,2.88,8.57,0.84,7.53
"512k",4,8,4958,0.001610000,0,2.77,8.64,0.85,7.46
"512k",4,16,4780,0.003280000,0,2.70,8.97,0.77,7.33
"512k",4,32,4725,0.006650000,0,2.84,8.97,0.80,7.16
"512k",8,8,4544,0.001780000,0,2.73,8.73,0.86,7.40
"512k",8,16,4546,0.003510000,0,2.75,8.85,0.86,7.27
"512k",8,32,4646,0.006850000,0,2.76,8.98,0.81,7.21
