---
system-info:
      stress-ng-version: 0.17.08
      run-by: root
      date-yyyy-mm-dd: 2024:06:06
      time-hh-mm-ss: 08:56:23
      epoch-secs: 1717664183
      hostname: 6e6f55325550
      sysname: Linux
      nodename: 6e6f55325550
      release: 6.8.0-1008-aws
      version: '#8-Ubuntu SMP Sat Apr 20 02:43:14 UTC 2024'
      machine: aarch64
      compiler: 'musl-gcc 13.2.1'
      uptime: 126
      totalram: 66195947520
      freeram: 61790765056
      sharedram: 34951168
      bufferram: 81293312
      totalswap: 0
      freeswap: 0
      pagesize: 4096
      cpus: 32
      cpus-online: 32
      ticks-per-second: 100

metrics:
    - stressor: cpu
      bogo-ops: 2940
      bogo-ops-per-second-usr-sys-time: 293.239776
      bogo-ops-per-second-real-time: 293.244192
      wall-clock-time: 10.025774
      user-time: 10.024926
      system-time: 0.000999
      cpu-usage-per-instance: 100.001506
      max-rss: 3840

...
