---
system-info:
      stress-ng-version: 0.17.08
      run-by: root
      date-yyyy-mm-dd: 2024:06:15
      time-hh-mm-ss: 09:28:17
      epoch-secs: 1718443697
      hostname: 9ed45a269a2a
      sysname: Linux
      nodename: 9ed45a269a2a
      release: 6.8.0-1008-aws
      version: '#8-Ubuntu SMP Sat Apr 20 02:43:14 UTC 2024'
      machine: aarch64
      compiler: 'musl-gcc 13.2.1'
      uptime: 147
      totalram: 66195951616
      freeram: 61501399040
      sharedram: 34951168
      bufferram: 107057152
      totalswap: 0
      freeswap: 0
      pagesize: 4096
      cpus: 32
      cpus-online: 32
      ticks-per-second: 100

metrics:
    - stressor: cpu
      bogo-ops: 30392
      bogo-ops-per-second-usr-sys-time: 1519.555933
      bogo-ops-per-second-real-time: 1519.591613
      wall-clock-time: 20.000110
      user-time: 19.999581
      system-time: 0.000999
      cpu-usage-per-instance: 100.002348
      max-rss: 1280

...
