BaselineInfo:
  WebDBID: -1
  TimeStamp: 20241108233730
Version:
  Major: 11
  Minor: 0
  Build: 1002
  SpecialBuildName: ""
  ptArchitecture: x86_64_linux
Results:
  Results Complete: true
  NumTestProcesses: 32
  CPU_INTEGER_MATH: 107937.22933333338
  CPU_FLOATINGPOINT_MATH: 64403.82174598649
  CPU_PRIME: 168.10151895916371
  CPU_SORTING: 65804.083769582459
  CPU_ENCRYPTION: 34100.994528690164
  CPU_COMPRESSION: 474726.57175637712
  CPU_SINGLETHREAD: 2134.1878805344595
  CPU_PHYSICS: 3433.7509804950587
  CPU_MATRIX_MULT_SSE: 29712.967026135535
  CPU_mm: 3235.1570754817667
  CPU_sse: 13366.562951198928
  CPU_fma: 43293.235064375753
  CPU_avx: 32479.103062831909
  CPU_avx512: 0
  m_CPU_enc_SHA: 48212754896.828003
  m_CPU_enc_AES: 33060263979.358421
  m_CPU_enc_ECDSA: 25999434440.561035
  ME_ALLOC_S: 10968.529489586293
  ME_READ_S: 24632.031640624999
  ME_READ_L: 12796.1162109375
  ME_WRITE: 13686.400390625
  ME_LARGE: 114080.33333333333
  ME_LATENCY: 51.103742916646496
  ME_THREADED: 69156.617919921875
  SUMM_CPU: 34689.43379937674
  SUMM_ME: 2843.4832528792076
SystemInformation:
  OSName: Ubuntu 24.04.1 LTS
  Kernel: 6.8.0-1016-aws
  Device: ""
  Processor: AMD EPYC 7R32
  NumSockets: 1
  Manufacturer: AuthenticAMD
  NumCores: 16
  NumLogicals: 32
  CPUFrequency: 0
  Memory: 127296
  MemModuleInfo:
    iNumMemSticks: 1
    DIMM 1:
      manufacturer: Not Specified
      modulePartNo: Not Specified
      memType: DDR4
      size: 128
      clkspeed: 1466
      moduleVoltage: 0
Checksum: E802A1206FD20A109456AE1FD3E78DCA28C856AA