---
system-info:
      stress-ng-version: 0.17.08
      run-by: root
      date-yyyy-mm-dd: 2024:09:03
      time-hh-mm-ss: 16:55:17
      epoch-secs: 1725382517
      hostname: sc-runner
      sysname: Linux
      nodename: sc-runner
      release: 6.8.0-1013-azure
      version: '#15-Ubuntu SMP Thu Aug  8 18:40:40 UTC 2024'
      machine: x86_64
      compiler: 'musl-gcc 13.2.1'
      uptime: 353
      totalram: 67423424512
      freeram: 58797428736
      sharedram: 42090496
      bufferram: 224468992
      totalswap: 0
      freeswap: 0
      pagesize: 4096
      cpus: 8
      cpus-online: 8
      ticks-per-second: 100

metrics:
    - stressor: cpu
      bogo-ops: 148794
      bogo-ops-per-second-usr-sys-time: 932.430895
      bogo-ops-per-second-real-time: 7439.657286
      wall-clock-time: 20.000115
      user-time: 159.548455
      system-time: 0.027982
      cpu-usage-per-instance: 99.734701
      max-rss: 3256

...
