---
system-info:
      stress-ng-version: 0.17.08
      run-by: root
      date-yyyy-mm-dd: 2024:09:16
      time-hh-mm-ss: 15:52:10
      epoch-secs: 1726501930
      hostname: sc-runner
      sysname: Linux
      nodename: sc-runner
      release: 6.8.0-1014-azure
      version: '#16-Ubuntu SMP Thu Aug 15 20:04:41 UTC 2024'
      machine: x86_64
      compiler: 'musl-gcc 13.2.1'
      uptime: 304
      totalram: 67423420416
      freeram: 57245757440
      sharedram: 42090496
      bufferram: 238682112
      totalswap: 0
      freeswap: 0
      pagesize: 4096
      cpus: 8
      cpus-online: 8
      ticks-per-second: 100

metrics:
    - stressor: cpu
      bogo-ops: 148732
      bogo-ops-per-second-usr-sys-time: 932.818936
      bogo-ops-per-second-real-time: 7436.565736
      wall-clock-time: 20.000092
      user-time: 159.412600
      system-time: 0.030990
      cpu-usage-per-instance: 99.651785
      max-rss: 3152

...
