BaselineInfo:
  WebDBID: -1
  TimeStamp: 20260617040652
Version:
  Major: 11
  Minor: 0
  Build: 1004
  SpecialBuildName: ""
  ptArchitecture: x86_64_linux
Results:
  Results Complete: true
  NumTestProcesses: 4
  CPU_INTEGER_MATH: 19197.334999999999
  CPU_FLOATINGPOINT_MATH: 10752.441345420712
  CPU_PRIME: 48.081984733672307
  CPU_SORTING: 11864.366498373698
  CPU_ENCRYPTION: 4852.0391952461068
  CPU_COMPRESSION: 80468.764764059801
  CPU_SINGLETHREAD: 2923.5005295574601
  CPU_PHYSICS: 951.59448093099445
  CPU_MATRIX_MULT_SSE: 5426.4270058958036
  CPU_mm: 514.59041309639304
  CPU_sse: 2259.4461755790048
  CPU_fma: 7093.6904717119596
  CPU_avx: 5849.7325729100094
  CPU_avx512: 6502.8388033822448
  m_CPU_enc_SHA: 6802453846.865118
  m_CPU_enc_AES: 4617982152.6824989
  m_CPU_enc_ECDSA: 3842759554.0355263
  ME_ALLOC_S: 2096.4111516179955
  ME_READ_S: 27756.781835937501
  ME_READ_L: 26539.87890625
  ME_WRITE: 25737.189453125
  ME_LARGE: 2973.9166666666665
  ME_LATENCY: 70.085739112205957
  ME_THREADED: 48011.498046875
  SUMM_CPU: 7656.5206344031394
  SUMM_ME: 2070.234855270121
SystemInformation:
  OSName: Ubuntu 24.04.4 LTS
  Kernel: 6.8.0-117-generic
  Device: ""
  Processor: "AMD EPYC 9T34 64-Core Processor                "
  NumSockets: 1
  Manufacturer: AuthenticAMD
  NumCores: 2
  NumLogicals: 4
  CPUFrequency: 0
  CPUMaxFrequency: 0
  Memory: 7270
  CPUInfo:
    number: 1
    Family: 15
    Model: 1
    stepping: 1
    features: 395049983
    manufacture: AuthenticAMD
    typestring: "AMD EPYC 9T34 64-Core Processor                "
    iCoresPerPackage: 2
    iThreadsPerPackage: 2
    featuresEx:
      - 395049983
      - 4277809667
      - 802421759
    bHybrid: false
    nPCore: 0
    nLogicalsPerPCore: 0
    nECore: 0
    nLogicalsPerECore: 0
  MemModuleInfo:
    iNumMemSticks: 1
    DIMM 1:
      manufacturer: Alibaba Cloud
      modulePartNo: Not Specified
      memType: RAM
      size: 8
      clkspeed: 0
      moduleVoltage: 0
Checksum: 5CE2BDB87DACB9BAC6000639486DECA8C6587298