BaselineInfo:
  WebDBID: -1
  TimeStamp: 20241111050804
Version:
  Major: 11
  Minor: 0
  Build: 1002
  SpecialBuildName: ""
  ptArchitecture: x86_64_linux
Results:
  Results Complete: true
  NumTestProcesses: 64
  CPU_INTEGER_MATH: 146381.90699999998
  CPU_FLOATINGPOINT_MATH: 78520.262264477424
  CPU_PRIME: 287.75952410112694
  CPU_SORTING: 75647.50762780392
  CPU_ENCRYPTION: 20169.84981586178
  CPU_COMPRESSION: 643304.74185156112
  CPU_SINGLETHREAD: 1492.2673463162853
  CPU_PHYSICS: 4977.900960482023
  CPU_MATRIX_MULT_SSE: 47221.593906676317
  CPU_mm: 4441.2253679681362
  CPU_sse: 15851.052077219616
  CPU_fma: 54389.440567947619
  CPU_avx: 38432.40050509882
  CPU_avx512: 80213.48247643924
  m_CPU_enc_SHA: 6621750559.5244141
  m_CPU_enc_AES: 50911447460.115738
  m_CPU_enc_ECDSA: 5915663301.9111137
  ME_ALLOC_S: 16642.163378766953
  ME_READ_S: 18211.428124999999
  ME_READ_L: 6641.3681640625
  ME_WRITE: 6375.28125
  ME_LARGE: 3905737.5
  ME_LATENCY: 73.30713556493582
  ME_THREADED: 281336.8125
  SUMM_CPU: 35789.091974276736
  SUMM_ME: 1889.324627306167
SystemInformation:
  OSName: Ubuntu 24.04.1 LTS
  Kernel: 6.8.0-1017-azure
  Device: ""
  Processor: Intel Xeon Platinum 8280L CPU @ 2.70GHz
  NumSockets: 4
  Manufacturer: GenuineIntel
  NumCores: 32
  NumLogicals: 64
  CPUFrequency: 0
  Memory: 3922994
  MemModuleInfo:
    iNumMemSticks: 6
    DIMM 1:
      manufacturer: Microsoft Corporation
      modulePartNo: None
      memType: Unknown
      size: 1
      clkspeed: 0
      moduleVoltage: 0
    DIMM 2:
      manufacturer: Microsoft Corporation
      modulePartNo: None
      memType: Unknown
      size: 60928
      clkspeed: 0
      moduleVoltage: 0
    DIMM 3:
      manufacturer: Microsoft Corporation
      modulePartNo: None
      memType: Unknown
      size: 934400
      clkspeed: 0
      moduleVoltage: 0
    DIMM 4:
      manufacturer: Microsoft Corporation
      modulePartNo: None
      memType: Unknown
      size: 973
      clkspeed: 0
      moduleVoltage: 0
    DIMM 5:
      manufacturer: Microsoft Corporation
      modulePartNo: None
      memType: Unknown
      size: 973
      clkspeed: 0
      moduleVoltage: 0
    DIMM 6:
      manufacturer: Microsoft Corporation
      modulePartNo: None
      memType: Unknown
      size: 973
      clkspeed: 0
      moduleVoltage: 0
Checksum: 16EE48D9507070B7802A86F5F12DD854AA45439C