BaselineInfo:
  WebDBID: -1
  TimeStamp: 20241125214915
Version:
  Major: 11
  Minor: 0
  Build: 1002
  SpecialBuildName: ""
  ptArchitecture: x86_64_linux
Results:
  Results Complete: true
  NumTestProcesses: 16
  CPU_INTEGER_MATH: 76008.671333333317
  CPU_FLOATINGPOINT_MATH: 42521.033739803926
  CPU_PRIME: 123.29290779019755
  CPU_SORTING: 44667.424108892948
  CPU_ENCRYPTION: 19319.15582507215
  CPU_COMPRESSION: 310243.90663436579
  CPU_SINGLETHREAD: 2906.5423565163269
  CPU_PHYSICS: 2276.4072811829578
  CPU_MATRIX_MULT_SSE: 21890.303151751508
  CPU_mm: 2036.0314792003978
  CPU_sse: 8978.822158235489
  CPU_fma: 28114.489546193414
  CPU_avx: 23157.480957851898
  CPU_avx512: 27310.419944725232
  m_CPU_enc_SHA: 26979164891.419834
  m_CPU_enc_AES: 18310700738.684723
  m_CPU_enc_ECDSA: 15482943785.188005
  ME_ALLOC_S: 7584.7146549883573
  ME_READ_S: 27885.256249999999
  ME_READ_L: 27561.3515625
  ME_WRITE: 26790.5703125
  ME_LARGE: 117645.5
  ME_LATENCY: 77.193034213937224
  ME_THREADED: 37816.701171875
  SUMM_CPU: 26254.605786737535
  SUMM_ME: 2612.6384896082677
SystemInformation:
  OSName: Ubuntu 24.04.1 LTS
  Kernel: 6.8.0-1017-azure
  Device: ""
  Processor: AMD EPYC 9V74 80-Core Processor
  NumSockets: 1
  Manufacturer: AuthenticAMD
  NumCores: 8
  NumLogicals: 16
  CPUFrequency: 0
  Memory: 128809
  MemModuleInfo:
    iNumMemSticks: 3
    DIMM 1:
      manufacturer: Microsoft Corporation
      modulePartNo: None
      memType: Unknown
      size: 1
      clkspeed: 0
      moduleVoltage: 0
    DIMM 2:
      manufacturer: Microsoft Corporation
      modulePartNo: None
      memType: Unknown
      size: 59
      clkspeed: 0
      moduleVoltage: 0
    DIMM 3:
      manufacturer: Microsoft Corporation
      modulePartNo: None
      memType: Unknown
      size: 68
      clkspeed: 0
      moduleVoltage: 0
Checksum: 6D26329061C6F82B7BD833ACA49837CABCF262BC