BaselineInfo:
  WebDBID: -1
  TimeStamp: 20260404125948
Version:
  Major: 11
  Minor: 0
  Build: 1004
  SpecialBuildName: ""
  ptArchitecture: x86_64_linux
Results:
  Results Complete: true
  NumTestProcesses: 8
  CPU_INTEGER_MATH: 19597.988000000001
  CPU_FLOATINGPOINT_MATH: 10524.88828671903
  CPU_PRIME: 43.86051784194926
  CPU_SORTING: 12197.553615802675
  CPU_ENCRYPTION: 2715.0284391982168
  CPU_COMPRESSION: 90272.926746207842
  CPU_SINGLETHREAD: 1677.2758028261976
  CPU_PHYSICS: 748.06485613182656
  CPU_MATRIX_MULT_SSE: 6022.8598300065969
  CPU_mm: 596.47088517891314
  CPU_sse: 2153.4407996706727
  CPU_fma: 7281.7886987488801
  CPU_avx: 5150.4138443848096
  CPU_avx512: 9505.795977222022
  m_CPU_enc_SHA: 886603174.81481516
  m_CPU_enc_AES: 6850503130.3545885
  m_CPU_enc_ECDSA: 803634676.81272483
  ME_ALLOC_S: 2157.4128856077973
  ME_READ_S: 19475.136914062499
  ME_READ_L: 6149.46240234375
  ME_WRITE: 6523.365234375
  ME_LARGE: 18833.25
  ME_LATENCY: 78.277840858565014
  ME_THREADED: 36324.8125
  SUMM_CPU: 6968.9380001191785
  SUMM_ME: 1631.6888661124688
SystemInformation:
  OSName: Ubuntu 24.04.4 LTS
  Kernel: 6.8.0-106-generic
  Device: ""
  Processor: Intel(R) Xeon(R) Platinum 8269CY CPU @ 2.50GHz
  NumSockets: 1
  Manufacturer: GenuineIntel
  NumCores: 4
  NumLogicals: 8
  CPUFrequency: 2500
  CPUMaxFrequency: 3800
  Memory: 31710
  CPUInfo:
    number: 1
    Family: 6
    Model: 5
    stepping: 7
    features: 529267711
    manufacture: GenuineIntel
    typestring: Intel(R) Xeon(R) Platinum 8269CY CPU @ 2.50GHz
    iCoresPerPackage: 4
    iThreadsPerPackage: 2
    featuresEx:
      - 529267711
      - 4294586883
      - 739248128
    bHybrid: false
    nPCore: 0
    nLogicalsPerPCore: 0
    nECore: 0
    nLogicalsPerECore: 0
  MemModuleInfo:
    iNumMemSticks: 2
    DIMM 1:
      manufacturer: Alibaba Cloud
      modulePartNo: Not Specified
      memType: RAM
      size: 16
      clkspeed: 0
      moduleVoltage: 0
    DIMM 2:
      manufacturer: Alibaba Cloud
      modulePartNo: Not Specified
      memType: RAM
      size: 16
      clkspeed: 0
      moduleVoltage: 0
Checksum: 220FE558002121FE651A37D703A96AB9165C18BA