BaselineInfo:
  WebDBID: -1
  TimeStamp: 20241108122927
Version:
  Major: 11
  Minor: 0
  Build: 1002
  SpecialBuildName: ""
  ptArchitecture: x86_64_linux
Results:
  Results Complete: true
  NumTestProcesses: 32
  CPU_INTEGER_MATH: 132937.20499999999
  CPU_FLOATINGPOINT_MATH: 73123.700602225319
  CPU_PRIME: 195.79853316042653
  CPU_SORTING: 69621.068850444324
  CPU_ENCRYPTION: 34306.759805278678
  CPU_COMPRESSION: 505726.14365568862
  CPU_SINGLETHREAD: 2391.0487489667262
  CPU_PHYSICS: 4061.6274167555375
  CPU_MATRIX_MULT_SSE: 29873.097578534453
  CPU_mm: 3411.1675806043245
  CPU_sse: 15047.03492501881
  CPU_fma: 41650.213936983797
  CPU_avx: 32922.043873600735
  CPU_avx512: 0
  m_CPU_enc_SHA: 49733286250.35923
  m_CPU_enc_AES: 31812397858.315559
  m_CPU_enc_ECDSA: 26374050800.064873
  ME_ALLOC_S: 13681.375353468966
  ME_READ_S: 24431.698046875001
  ME_READ_L: 19686.548828125
  ME_WRITE: 19108.900390625
  ME_LARGE: 118035.08333333333
  ME_LATENCY: 61.919038349708643
  ME_THREADED: 97283.349365234375
  SUMM_CPU: 38303.783833417692
  SUMM_ME: 2898.2023285889413
SystemInformation:
  OSName: Ubuntu 24.04.1 LTS
  Kernel: 6.8.0-1017-azure
  Device: ""
  Processor: AMD EPYC 7763 64-Core Processor
  NumSockets: 1
  Manufacturer: AuthenticAMD
  NumCores: 16
  NumLogicals: 32
  CPUFrequency: 0
  Memory: 128803
  MemModuleInfo:
    iNumMemSticks: 3
    DIMM 1:
      manufacturer: Microsoft Corporation
      modulePartNo: None
      memType: Unknown
      size: 1
      clkspeed: 0
      moduleVoltage: 0
    DIMM 2:
      manufacturer: Microsoft Corporation
      modulePartNo: None
      memType: Unknown
      size: 59
      clkspeed: 0
      moduleVoltage: 0
    DIMM 3:
      manufacturer: Microsoft Corporation
      modulePartNo: None
      memType: Unknown
      size: 68
      clkspeed: 0
      moduleVoltage: 0
Checksum: 60B970C5C25758B12CC2BFD0AB58A8F4C885722B