---
system-info:
      stress-ng-version: 0.17.08
      run-by: root
      date-yyyy-mm-dd: 2024:06:07
      time-hh-mm-ss: 18:44:52
      epoch-secs: 1717785892
      hostname: d1109982723c
      sysname: Linux
      nodename: d1109982723c
      release: 6.8.0-1008-aws
      version: '#8-Ubuntu SMP Sat Apr 20 00:46:25 UTC 2024'
      machine: x86_64
      compiler: 'musl-gcc 13.2.1'
      uptime: 117
      totalram: 405340647424
      freeram: 399431073792
      sharedram: 78577664
      bufferram: 93704192
      totalswap: 0
      freeswap: 0
      pagesize: 4096
      cpus: 96
      cpus-online: 96
      ticks-per-second: 100

metrics:
    - stressor: cpu
      bogo-ops: 990898
      bogo-ops-per-second-usr-sys-time: 1032.889135
      bogo-ops-per-second-real-time: 99070.228464
      wall-clock-time: 10.001976
      user-time: 959.210016
      system-time: 0.135926
      cpu-usage-per-instance: 99.912131
      max-rss: 3072

...
