---
system-info:
      stress-ng-version: 0.17.08
      run-by: root
      date-yyyy-mm-dd: 2024:06:13
      time-hh-mm-ss: 10:43:11
      epoch-secs: 1718275391
      hostname: 67f7c9191af1
      sysname: Linux
      nodename: 67f7c9191af1
      release: 6.8.0-1008-aws
      version: '#8-Ubuntu SMP Sat Apr 20 00:46:25 UTC 2024'
      machine: x86_64
      compiler: 'musl-gcc 13.2.1'
      uptime: 146
      totalram: 405340651520
      freeram: 399401390080
      sharedram: 78585856
      bufferram: 105607168
      totalswap: 0
      freeswap: 0
      pagesize: 4096
      cpus: 96
      cpus-online: 96
      ticks-per-second: 100

metrics:
    - stressor: cpu
      bogo-ops: 1639090
      bogo-ops-per-second-usr-sys-time: 854.114133
      bogo-ops-per-second-real-time: 81954.166762
      wall-clock-time: 20.000081
      user-time: 1919.011680
      system-time: 0.040981
      cpu-usage-per-instance: 99.950253
      max-rss: 768

...
