BaselineInfo:
  WebDBID: -1
  TimeStamp: 20250414193426
Version:
  Major: 11
  Minor: 0
  Build: 1002
  SpecialBuildName: ""
  ptArchitecture: x86_64_linux
Results:
  Results Complete: true
  NumTestProcesses: 8
  CPU_INTEGER_MATH: 38061.893000000004
  CPU_FLOATINGPOINT_MATH: 27024.058837220909
  CPU_PRIME: 79.354840465839828
  CPU_SORTING: 19295.985222973817
  CPU_ENCRYPTION: 8449.8866266401983
  CPU_COMPRESSION: 138450.6485490374
  CPU_SINGLETHREAD: 2918.5229879504018
  CPU_PHYSICS: 1862.3505625028811
  CPU_MATRIX_MULT_SSE: 11251.562365400441
  CPU_mm: 1079.3804868738357
  CPU_sse: 4669.3483418462192
  CPU_fma: 12815.704687125059
  CPU_avx: 9841.1661913701482
  CPU_avx512: 17680.030241260349
  m_CPU_enc_SHA: 8909824602.7660942
  m_CPU_enc_AES: 11589710896.474215
  m_CPU_enc_ECDSA: 6081509459.007308
  ME_ALLOC_S: 5195.626176592913
  ME_READ_S: 25994.770898437499
  ME_READ_L: 9798.6796875
  ME_WRITE: 9081.677734375
  ME_LARGE: 246813
  ME_LATENCY: 72.774362485034189
  ME_THREADED: 55645.06689453125
  SUMM_CPU: 14196.832747022616
  SUMM_ME: 2180.6500770718435
SystemInformation:
  OSName: Ubuntu 24.04.1 LTS
  Kernel: 6.8.0-1021-azure
  Device: ""
  Processor: INTEL XEON PLATINUM 8573C
  NumSockets: 1
  Manufacturer: GenuineIntel
  NumCores: 4
  NumLogicals: 8
  CPUFrequency: 2300
  Memory: 257738
  MemModuleInfo:
    iNumMemSticks: 3
    DIMM 1:
      manufacturer: Microsoft Corporation
      modulePartNo: None
      memType: Unknown
      size: 1
      clkspeed: 0
      moduleVoltage: 0
    DIMM 2:
      manufacturer: Microsoft Corporation
      modulePartNo: None
      memType: Unknown
      size: 59
      clkspeed: 0
      moduleVoltage: 0
    DIMM 3:
      manufacturer: Microsoft Corporation
      modulePartNo: None
      memType: Unknown
      size: 196
      clkspeed: 0
      moduleVoltage: 0
Checksum: 0B004B0D7EEEF1E37221D76936660DF9879007D1