---
system-info:
      stress-ng-version: 0.17.08
      run-by: root
      date-yyyy-mm-dd: 2024:09:16
      time-hh-mm-ss: 08:40:51
      epoch-secs: 1726476051
      hostname: sc-runner
      sysname: Linux
      nodename: sc-runner
      release: 6.8.0-1014-azure
      version: '#16-Ubuntu SMP Thu Aug 15 20:04:41 UTC 2024'
      machine: x86_64
      compiler: 'musl-gcc 13.2.1'
      uptime: 292
      totalram: 33651281920
      freeram: 23514419200
      sharedram: 54894592
      bufferram: 225361920
      totalswap: 0
      freeswap: 0
      pagesize: 4096
      cpus: 4
      cpus-online: 4
      ticks-per-second: 100

metrics:
    - stressor: cpu
      bogo-ops: 37902
      bogo-ops-per-second-usr-sys-time: 1895.181588
      bogo-ops-per-second-real-time: 1895.089540
      wall-clock-time: 20.000110
      user-time: 19.997140
      system-time: 0.001999
      cpu-usage-per-instance: 99.995143
      max-rss: 3152

...
