---
system-info:
      stress-ng-version: 0.17.08
      run-by: root
      date-yyyy-mm-dd: 2024:09:11
      time-hh-mm-ss: 15:45:53
      epoch-secs: 1726069553
      hostname: ip-172-31-27-147
      sysname: Linux
      nodename: ip-172-31-27-147
      release: 6.8.0-1014-aws
      version: '#15-Ubuntu SMP Thu Aug  8 20:05:03 UTC 2024'
      machine: aarch64
      compiler: 'musl-gcc 13.2.1'
      uptime: 178
      totalram: 801654607872
      freeram: 792416428032
      sharedram: 35172352
      bufferram: 219893760
      totalswap: 0
      freeswap: 0
      pagesize: 4096
      cpus: 48
      cpus-online: 48
      ticks-per-second: 100

metrics:
    - stressor: cpu
      bogo-ops: 1456687
      bogo-ops-per-second-usr-sys-time: 1518.036977
      bogo-ops-per-second-real-time: 72834.097755
      wall-clock-time: 20.000069
      user-time: 959.571990
      system-time: 0.013990
      cpu-usage-per-instance: 99.956527
      max-rss: 1152

...
