BaselineInfo:
  WebDBID: -1
  TimeStamp: 20251220031019
Version:
  Major: 11
  Minor: 0
  Build: 1002
  SpecialBuildName: ""
  ptArchitecture: aarch64_linux
Results:
  Results Complete: true
  NumTestProcesses: 96
  CPU_INTEGER_MATH: 500475.87600000022
  CPU_FLOATINGPOINT_MATH: 580801.17612902494
  CPU_PRIME: 885.56004895183344
  CPU_SORTING: 434535.33453817619
  CPU_ENCRYPTION: 18129.186084770699
  CPU_COMPRESSION: 637468.85633729992
  CPU_SINGLETHREAD: 1943.7435985186391
  CPU_PHYSICS: 20361.529913256032
  CPU_MATRIX_MULT_SSE: 80400.558195672173
  CPU_mm: 10795.613385668441
  CPU_sse: 63288.390040875995
  CPU_fma: 97512.726350468336
  CPU_avx: 0
  CPU_avx512: 0
  m_CPU_enc_SHA: 28592034470.491997
  m_CPU_enc_AES: 10269902179.209496
  m_CPU_enc_ECDSA: 18167551634.372055
  ME_ALLOC_S: 47674.487389209702
  ME_READ_S: 20363.1728515625
  ME_READ_L: 20125.517578125
  ME_WRITE: 21176.4765625
  ME_LARGE: 364556.75
  ME_LATENCY: 44.789523226505885
  ME_THREADED: 499869.2509765625
  SUMM_CPU: 56858.963716485086
  SUMM_ME: 3426.5162012699275
SystemInformation:
  OSName: Ubuntu 24.04.2 LTS
  Kernel: 6.14.0-1018-aws
  Device: ""
  Processor: ARM Neoverse-V2 96 Core 0 MHz
  NumSockets: 1
  Manufacturer: ARM
  NumCores: 96
  NumLogicals: 96
  CPUFrequency: 0
  Memory: 379899
Checksum: 933E774D64BDA4A2EAD8710471B84D8EDBABD1F6