---
system-info:
      stress-ng-version: 0.17.08
      run-by: root
      date-yyyy-mm-dd: 2024:06:07
      time-hh-mm-ss: 08:26:01
      epoch-secs: 1717748761
      hostname: c57920d69c64
      sysname: Linux
      nodename: c57920d69c64
      release: 6.8.0-1008-aws
      version: '#8-Ubuntu SMP Sat Apr 20 02:43:14 UTC 2024'
      machine: aarch64
      compiler: 'musl-gcc 13.2.1'
      uptime: 115
      totalram: 8140918784
      freeram: 3875901440
      sharedram: 35016704
      bufferram: 92925952
      totalswap: 0
      freeswap: 0
      pagesize: 4096
      cpus: 4
      cpus-online: 4
      ticks-per-second: 100

metrics:
    - stressor: cpu
      bogo-ops: 11755
      bogo-ops-per-second-usr-sys-time: 293.483632
      bogo-ops-per-second-real-time: 1168.004815
      wall-clock-time: 10.064171
      user-time: 40.047347
      system-time: 0.005994
      cpu-usage-per-instance: 99.494885
      max-rss: 4136

...
