---
system-info:
      stress-ng-version: 0.17.08
      run-by: root
      date-yyyy-mm-dd: 2024:06:15
      time-hh-mm-ss: 10:57:22
      epoch-secs: 1718449042
      hostname: 5f4048fade00
      sysname: Linux
      nodename: 5f4048fade00
      release: 6.8.0-1008-aws
      version: '#8-Ubuntu SMP Sat Apr 20 02:43:14 UTC 2024'
      machine: aarch64
      compiler: 'musl-gcc 13.2.1'
      uptime: 147
      totalram: 8140918784
      freeram: 3780771840
      sharedram: 35016704
      bufferram: 113315840
      totalswap: 0
      freeswap: 0
      pagesize: 4096
      cpus: 4
      cpus-online: 4
      ticks-per-second: 100

metrics:
    - stressor: cpu
      bogo-ops: 121061
      bogo-ops-per-second-usr-sys-time: 1519.421723
      bogo-ops-per-second-real-time: 6053.033079
      wall-clock-time: 20.000056
      user-time: 79.669714
      system-time: 0.005993
      cpu-usage-per-instance: 99.594355
      max-rss: 1320

...
