---
system-info:
      stress-ng-version: 0.17.08
      run-by: root
      date-yyyy-mm-dd: 2024:06:14
      time-hh-mm-ss: 14:56:46
      epoch-secs: 1718377006
      hostname: 92a3bd3819ab
      sysname: Linux
      nodename: 92a3bd3819ab
      release: 6.8.0-1008-aws
      version: '#8-Ubuntu SMP Sat Apr 20 02:43:14 UTC 2024'
      machine: aarch64
      compiler: 'musl-gcc 13.2.1'
      uptime: 140
      totalram: 12281257984
      freeram: 8066514944
      sharedram: 35024896
      bufferram: 107298816
      totalswap: 0
      freeswap: 0
      pagesize: 4096
      cpus: 2
      cpus-online: 2
      ticks-per-second: 100

metrics:
    - stressor: cpu
      bogo-ops: 60320
      bogo-ops-per-second-usr-sys-time: 1519.587462
      bogo-ops-per-second-real-time: 3015.987201
      wall-clock-time: 20.000085
      user-time: 39.688995
      system-time: 0.005989
      cpu-usage-per-instance: 99.237039
      max-rss: 1192

...
