---
system-info:
      stress-ng-version: 0.17.08
      run-by: root
      date-yyyy-mm-dd: 2024:06:07
      time-hh-mm-ss: 15:55:38
      epoch-secs: 1717775738
      hostname: 735878b85d81
      sysname: Linux
      nodename: 735878b85d81
      release: 6.8.0-1008-aws
      version: '#8-Ubuntu SMP Sat Apr 20 02:43:14 UTC 2024'
      machine: aarch64
      compiler: 'musl-gcc 13.2.1'
      uptime: 141
      totalram: 12281253888
      freeram: 8118710272
      sharedram: 35024896
      bufferram: 91754496
      totalswap: 0
      freeswap: 0
      pagesize: 4096
      cpus: 2
      cpus-online: 2
      ticks-per-second: 100

metrics:
    - stressor: cpu
      bogo-ops: 5865
      bogo-ops-per-second-usr-sys-time: 295.872660
      bogo-ops-per-second-real-time: 586.287231
      wall-clock-time: 10.003629
      user-time: 19.820723
      system-time: 0.001994
      cpu-usage-per-instance: 99.077629
      max-rss: 4264

...
