BaselineInfo:
  WebDBID: -1
  TimeStamp: 20241230183345
Version:
  Major: 11
  Minor: 0
  Build: 1002
  SpecialBuildName: ""
  ptArchitecture: x86_64_linux
Results:
  Results Complete: true
  NumTestProcesses: 96
  CPU_INTEGER_MATH: 407219.5296666667
  CPU_FLOATINGPOINT_MATH: 288382.22050363041
  CPU_PRIME: 809.93007347252853
  CPU_SORTING: 193953.19921368716
  CPU_ENCRYPTION: 89764.038997477561
  CPU_COMPRESSION: 1455186.1554256016
  CPU_SINGLETHREAD: 3160.543262631958
  CPU_PHYSICS: 13823.543251263371
  CPU_MATRIX_MULT_SSE: 110234.83245871348
  CPU_mm: 11143.801884269917
  CPU_sse: 47940.971115054541
  CPU_fma: 123848.22267596274
  CPU_avx: 97461.941690292384
  CPU_avx512: 171688.1943535443
  m_CPU_enc_SHA: 94730307179.760117
  m_CPU_enc_AES: 123201291332.85518
  m_CPU_enc_ECDSA: 64441652354.841805
  ME_ALLOC_S: 32548.323471529849
  ME_READ_S: 25428.155957031249
  ME_READ_L: 7790.0341796875
  ME_WRITE: 15659.4189453125
  ME_LARGE: 747489.91666666663
  ME_LATENCY: 46.507853475118623
  ME_THREADED: 327770.7255859375
  SUMM_CPU: 93157.602318511752
  SUMM_ME: 2823.4113718956619
SystemInformation:
  OSName: Ubuntu 24.04.1 LTS
  Kernel: 6.8.0-1021-aws
  Device: ""
  Processor: Intel Xeon Platinum 8559C
  NumSockets: 1
  Manufacturer: GenuineIntel
  NumCores: 48
  NumLogicals: 96
  CPUFrequency: 0
  Memory: 761481
  MemModuleInfo:
    iNumMemSticks: 1
    DIMM 1:
      manufacturer: Not Specified
      modulePartNo: Not Specified
      memType: DDR5
      size: 768
      clkspeed: 2800
      moduleVoltage: 0
Checksum: D217F1B3A60F34D95C46156C8BE8FE626F597DAC