---
system-info:
      stress-ng-version: 0.17.08
      run-by: root
      date-yyyy-mm-dd: 2024:06:08
      time-hh-mm-ss: 12:16:49
      epoch-secs: 1717849009
      hostname: 95c397dcc071
      sysname: Linux
      nodename: 95c397dcc071
      release: 6.8.0-31-generic
      version: '#31-Ubuntu SMP PREEMPT_DYNAMIC Sat Apr 20 00:40:06 UTC 2024'
      machine: x86_64
      compiler: 'musl-gcc 13.2.1'
      uptime: 60
      totalram: 8124313600
      freeram: 4599087104
      sharedram: 38002688
      bufferram: 98590720
      totalswap: 0
      freeswap: 0
      pagesize: 4096
      cpus: 2
      cpus-online: 2
      ticks-per-second: 100

metrics:
    - stressor: cpu
      bogo-ops: 28437
      bogo-ops-per-second-usr-sys-time: 1436.624534
      bogo-ops-per-second-real-time: 2843.505566
      wall-clock-time: 10.000684
      user-time: 19.793318
      system-time: 0.000998
      cpu-usage-per-instance: 98.964813
      max-rss: 3920

...
