---
system-info:
      stress-ng-version: 0.17.08
      run-by: root
      date-yyyy-mm-dd: 2024:06:14
      time-hh-mm-ss: 22:17:22
      epoch-secs: 1718403442
      hostname: 03923f4af871
      sysname: Linux
      nodename: 03923f4af871
      release: 6.8.0-31-generic
      version: '#31-Ubuntu SMP PREEMPT_DYNAMIC Sat Apr 20 00:40:06 UTC 2024'
      machine: x86_64
      compiler: 'musl-gcc 13.2.1'
      uptime: 66
      totalram: 8124317696
      freeram: 4636282880
      sharedram: 38002688
      bufferram: 105668608
      totalswap: 0
      freeswap: 0
      pagesize: 4096
      cpus: 2
      cpus-online: 2
      ticks-per-second: 100

metrics:
    - stressor: cpu
      bogo-ops: 61273
      bogo-ops-per-second-usr-sys-time: 1546.002461
      bogo-ops-per-second-real-time: 3063.638624
      wall-clock-time: 20.000074
      user-time: 39.629196
      system-time: 0.003988
      cpu-usage-per-instance: 99.082592
      max-rss: 1104

...
