BaselineInfo:
  WebDBID: -1
  TimeStamp: 20260708163224
Version:
  Major: 11
  Minor: 0
  Build: 1004
  SpecialBuildName: ""
  ptArchitecture: x86_64_linux
Results:
  Results Complete: true
  NumTestProcesses: 2
  CPU_INTEGER_MATH: 15258.113000000001
  CPU_FLOATINGPOINT_MATH: 15282.556257040618
  CPU_PRIME: 57.271208236680138
  CPU_SORTING: 8843.8456462466274
  CPU_ENCRYPTION: 3167.6719728733888
  CPU_COMPRESSION: 66249.323723821872
  CPU_SINGLETHREAD: 3816.1031206726129
  CPU_PHYSICS: 980.16184969858955
  CPU_MATRIX_MULT_SSE: 5771.1699213829115
  CPU_mm: 733.28051998780325
  CPU_sse: 2178.7511416384682
  CPU_fma: 8620.6163053095243
  CPU_avx: 4438.4844902566856
  CPU_avx512: 7846.8277483269685
  m_CPU_enc_SHA: 4404306353.0888691
  m_CPU_enc_AES: 2749945355.4111147
  m_CPU_enc_ECDSA: 2810382711.3830738
  ME_ALLOC_S: 2736.4452509436351
  ME_READ_S: 34247.491406250003
  ME_READ_L: 29874.515625
  ME_WRITE: 30276.806640625
  ME_LARGE: 3313
  ME_LATENCY: 81.070234838821193
  ME_THREADED: 46805.001953125
  SUMM_CPU: 6878.0914602412577
  SUMM_ME: 2085.1742910442804
SystemInformation:
  OSName: Ubuntu 24.04.4 LTS
  Kernel: 6.17.0-1018-azure
  Device: ""
  Processor: "AMD EPYC 9V45 96-Core Processor                "
  NumSockets: 1
  Manufacturer: AuthenticAMD
  NumCores: 2
  NumLogicals: 2
  CPUFrequency: 0
  CPUMaxFrequency: 0
  Memory: 7938
  CPUInfo:
    number: 1
    Family: 15
    Model: 2
    stepping: 1
    features: 395049983
    manufacture: AuthenticAMD
    typestring: "AMD EPYC 9V45 96-Core Processor                "
    iCoresPerPackage: 8
    iThreadsPerPackage: 1
    featuresEx:
      - 395049983
      - 4277809667
      - 802421759
    bHybrid: false
    nPCore: 0
    nLogicalsPerPCore: 0
    nECore: 0
    nLogicalsPerECore: 0
  MemModuleInfo:
    iNumMemSticks: 2
    DIMM 1:
      manufacturer: Microsoft Corporation
      modulePartNo: None
      memType: Unknown
      size: 1
      clkspeed: 0
      moduleVoltage: 0
    DIMM 2:
      manufacturer: Microsoft Corporation
      modulePartNo: None
      memType: Unknown
      size: 7
      clkspeed: 0
      moduleVoltage: 0
Checksum: CA82497A5AB029A7AA91E8FEEB8DA9C2A8F5D3E5