---
system-info:
      stress-ng-version: 0.17.08
      run-by: root
      date-yyyy-mm-dd: 2024:07:02
      time-hh-mm-ss: 08:16:37
      epoch-secs: 1719908197
      hostname: c3d-highmem-16-eb1d0c8
      sysname: Linux
      nodename: c3d-highmem-16-eb1d0c8
      release: 6.8.0-1009-gcp
      version: '#10-Ubuntu SMP Wed Jun 12 18:52:23 UTC 2024'
      machine: x86_64
      compiler: 'musl-gcc 13.2.1'
      uptime: 112
      totalram: 135067545600
      freeram: 129916051456
      sharedram: 35069952
      bufferram: 126148608
      totalswap: 0
      freeswap: 0
      pagesize: 4096
      cpus: 16
      cpus-online: 16
      ticks-per-second: 100

metrics:
    - stressor: cpu
      bogo-ops: 459442
      bogo-ops-per-second-usr-sys-time: 1437.345968
      bogo-ops-per-second-real-time: 22972.022963
      wall-clock-time: 20.000067
      user-time: 319.631084
      system-time: 0.014993
      cpu-usage-per-instance: 99.889064
      max-rss: 1104

...
