---
system-info:
      stress-ng-version: 0.17.08
      run-by: root
      date-yyyy-mm-dd: 2024:06:13
      time-hh-mm-ss: 21:55:59
      epoch-secs: 1718315759
      hostname: 14d74695b618
      sysname: Linux
      nodename: 14d74695b618
      release: 6.8.0-1008-aws
      version: '#8-Ubuntu SMP Sat Apr 20 02:43:14 UTC 2024'
      machine: aarch64
      compiler: 'musl-gcc 13.2.1'
      uptime: 139
      totalram: 956567552
      freeram: 48594944
      sharedram: 35012608
      bufferram: 56012800
      totalswap: 0
      freeswap: 0
      pagesize: 4096
      cpus: 2
      cpus-online: 2
      ticks-per-second: 100

metrics:
    - stressor: cpu
      bogo-ops: 60241
      bogo-ops-per-second-usr-sys-time: 1519.245551
      bogo-ops-per-second-real-time: 3012.040449
      wall-clock-time: 20.000063
      user-time: 39.645930
      system-time: 0.005988
      cpu-usage-per-instance: 99.129481
      max-rss: 1192

...
