---
system-info:
      stress-ng-version: 0.17.08
      run-by: root
      date-yyyy-mm-dd: 2024:06:08
      time-hh-mm-ss: 08:56:31
      epoch-secs: 1717836991
      hostname: 268ba26c78dc
      sysname: Linux
      nodename: 268ba26c78dc
      release: 6.8.0-1008-aws
      version: '#8-Ubuntu SMP Sat Apr 20 02:43:14 UTC 2024'
      machine: aarch64
      compiler: 'musl-gcc 13.2.1'
      uptime: 131
      totalram: 956563456
      freeram: 45572096
      sharedram: 35012608
      bufferram: 43560960
      totalswap: 0
      freeswap: 0
      pagesize: 4096
      cpus: 2
      cpus-online: 2
      ticks-per-second: 100

metrics:
    - stressor: cpu
      bogo-ops: 5798
      bogo-ops-per-second-usr-sys-time: 292.770010
      bogo-ops-per-second-real-time: 579.449489
      wall-clock-time: 10.006049
      user-time: 19.801945
      system-time: 0.001996
      cpu-usage-per-instance: 98.959844
      max-rss: 4136

...
