BaselineInfo:
  WebDBID: -1
  TimeStamp: 20260619230800
Version:
  Major: 11
  Minor: 0
  Build: 1004
  SpecialBuildName: ""
  ptArchitecture: x86_64_linux
Results:
  Results Complete: true
  NumTestProcesses: 8
  CPU_INTEGER_MATH: 37631.987999999998
  CPU_FLOATINGPOINT_MATH: 26679.900022119047
  CPU_PRIME: 76.446600802464317
  CPU_SORTING: 18826.928286925802
  CPU_ENCRYPTION: 8298.3149646870079
  CPU_COMPRESSION: 139467.40115051414
  CPU_SINGLETHREAD: 2887.69400067884
  CPU_PHYSICS: 1821.1469939809249
  CPU_MATRIX_MULT_SSE: 11033.328497523475
  CPU_mm: 1068.1772495873045
  CPU_sse: 4584.0811293223242
  CPU_fma: 12407.690079373539
  CPU_avx: 9585.8902005930904
  CPU_avx512: 17555.652580804948
  m_CPU_enc_SHA: 8758888702.7115555
  m_CPU_enc_AES: 11348118173.189852
  m_CPU_enc_ECDSA: 5997234861.3335257
  ME_ALLOC_S: 4759.9454306957832
  ME_READ_S: 25767.6484375
  ME_READ_L: 9345.8095703125
  ME_WRITE: 8722.3369140625
  ME_LARGE: 55973.416666666664
  ME_LATENCY: 74.743860783386125
  ME_THREADED: 57144.19677734375
  SUMM_CPU: 14017.420640588149
  SUMM_ME: 2099.3061511147798
SystemInformation:
  OSName: Ubuntu 24.04.4 LTS
  Kernel: 6.17.0-1018-azure
  Device: ""
  Processor: INTEL(R) XEON(R) PLATINUM 8573C
  NumSockets: 1
  Manufacturer: GenuineIntel
  NumCores: 4
  NumLogicals: 8
  CPUFrequency: 2300
  CPUMaxFrequency: 2300
  Memory: 64299
  CPUInfo:
    number: 1
    Family: 6
    Model: 15
    stepping: 2
    features: 529267711
    manufacture: GenuineIntel
    typestring: INTEL(R) XEON(R) PLATINUM 8573C
    iCoresPerPackage: 4
    iThreadsPerPackage: 2
    featuresEx:
      - 529267711
      - 4294586915
      - 739248128
    bHybrid: false
    nPCore: 0
    nLogicalsPerPCore: 0
    nECore: 0
    nLogicalsPerECore: 0
  MemModuleInfo:
    iNumMemSticks: 3
    DIMM 1:
      manufacturer: Microsoft Corporation
      modulePartNo: None
      memType: Unknown
      size: 1
      clkspeed: 0
      moduleVoltage: 0
    DIMM 2:
      manufacturer: Microsoft Corporation
      modulePartNo: None
      memType: Unknown
      size: 59
      clkspeed: 0
      moduleVoltage: 0
    DIMM 3:
      manufacturer: Microsoft Corporation
      modulePartNo: None
      memType: Unknown
      size: 4
      clkspeed: 0
      moduleVoltage: 0
Checksum: 2F4F3364E3EAD610013F561B3E21E681D78ED8F3