---
system-info:
      stress-ng-version: 0.17.08
      run-by: root
      date-yyyy-mm-dd: 2024:06:28
      time-hh-mm-ss: 20:53:09
      epoch-secs: 1719607989
      hostname: z3-highmem-176-120f10f
      sysname: Linux
      nodename: z3-highmem-176-120f10f
      release: 6.8.0-1009-gcp
      version: '#10-Ubuntu SMP Wed Jun 12 18:52:23 UTC 2024'
      machine: x86_64
      compiler: 'musl-gcc 13.2.1'
      uptime: 134
      totalram: 1488018776064
      freeram: 1480097927168
      sharedram: 443461632
      bufferram: 132403200
      totalswap: 0
      freeswap: 0
      pagesize: 4096
      cpus: 176
      cpus-online: 176
      ticks-per-second: 100

metrics:
    - stressor: cpu
      bogo-ops: 2924649
      bogo-ops-per-second-usr-sys-time: 831.159401
      bogo-ops-per-second-real-time: 146231.784021
      wall-clock-time: 20.000091
      user-time: 3518.698294
      system-time: 0.059958
      cpu-usage-per-instance: 99.964268
      max-rss: 0

...
