BaselineInfo:
  WebDBID: -1
  TimeStamp: 20241109101815
Version:
  Major: 11
  Minor: 0
  Build: 1002
  SpecialBuildName: ""
  ptArchitecture: x86_64_linux
Results:
  Results Complete: true
  NumTestProcesses: 32
  CPU_INTEGER_MATH: 134270.49033333335
  CPU_FLOATINGPOINT_MATH: 68639.266443652043
  CPU_PRIME: 193.6416147912293
  CPU_SORTING: 68318.163052678967
  CPU_ENCRYPTION: 29167.853104924507
  CPU_COMPRESSION: 490129.6763111247
  CPU_SINGLETHREAD: 2370.2576184043005
  CPU_PHYSICS: 3455.8848110473532
  CPU_MATRIX_MULT_SSE: 28268.746592439653
  CPU_mm: 2885.2289238277799
  CPU_sse: 12725.029863281037
  CPU_fma: 34988.147617187402
  CPU_avx: 25832.145402031256
  CPU_avx512: 39529.663487258898
  m_CPU_enc_SHA: 29414182533.928116
  m_CPU_enc_AES: 44280866170.038292
  m_CPU_enc_ECDSA: 18059083508.081512
  ME_ALLOC_S: 14854.166123028865
  ME_READ_S: 24319.327929687501
  ME_READ_L: 11946.9609375
  ME_WRITE: 10587.9462890625
  ME_LARGE: 242665.83333333334
  ME_LATENCY: 60.017327554261875
  ME_THREADED: 137446.244140625
  SUMM_CPU: 36693.522128962606
  SUMM_ME: 2608.3900193577097
SystemInformation:
  OSName: Ubuntu 24.04.1 LTS
  Kernel: 6.8.0-1016-aws
  Device: ""
  Processor: Intel Xeon Platinum 8375C CPU @ 2.90GHz
  NumSockets: 1
  Manufacturer: GenuineIntel
  NumCores: 16
  NumLogicals: 32
  CPUFrequency: 0
  Memory: 253668
  MemModuleInfo:
    iNumMemSticks: 1
    DIMM 1:
      manufacturer: Not Specified
      modulePartNo: Not Specified
      memType: DDR4
      size: 256
      clkspeed: 1600
      moduleVoltage: 0
Checksum: 4D2C545AE92DED8029EDD57BEA794FEEF7D5E410