---
system-info:
      stress-ng-version: 0.17.08
      run-by: root
      date-yyyy-mm-dd: 2024:06:26
      time-hh-mm-ss: 17:37:14
      epoch-secs: 1719423434
      hostname: n4-highcpu-8-05d3957
      sysname: Linux
      nodename: n4-highcpu-8-05d3957
      release: 6.8.0-1009-gcp
      version: '#10-Ubuntu SMP Wed Jun 12 18:52:23 UTC 2024'
      machine: x86_64
      compiler: 'musl-gcc 13.2.1'
      uptime: 136
      totalram: 16764895232
      freeram: 11500630016
      sharedram: 274042880
      bufferram: 124465152
      totalswap: 0
      freeswap: 0
      pagesize: 4096
      cpus: 8
      cpus-online: 8
      ticks-per-second: 100

metrics:
    - stressor: cpu
      bogo-ops: 34509
      bogo-ops-per-second-usr-sys-time: 1725.456384
      bogo-ops-per-second-real-time: 1725.443829
      wall-clock-time: 20.000072
      user-time: 19.999926
      system-time: 0.000000
      cpu-usage-per-instance: 99.999272
      max-rss: 976

...
