---
system-info:
      stress-ng-version: 0.17.08
      run-by: root
      date-yyyy-mm-dd: 2024:06:09
      time-hh-mm-ss: 13:02:26
      epoch-secs: 1717938146
      hostname: 0a5b90aeae13
      sysname: Linux
      nodename: 0a5b90aeae13
      release: 6.8.0-1008-aws
      version: '#8-Ubuntu SMP Sat Apr 20 00:46:25 UTC 2024'
      machine: x86_64
      compiler: 'musl-gcc 13.2.1'
      uptime: 180
      totalram: 16602042368
      freeram: 12229763072
      sharedram: 11616256
      bufferram: 108765184
      totalswap: 0
      freeswap: 0
      pagesize: 4096
      cpus: 2
      cpus-online: 2
      ticks-per-second: 100

metrics:
    - stressor: cpu
      bogo-ops: 9833
      bogo-ops-per-second-usr-sys-time: 983.405028
      bogo-ops-per-second-real-time: 983.239894
      wall-clock-time: 10.000611
      user-time: 9.997933
      system-time: 0.000999
      cpu-usage-per-instance: 99.983208
      max-rss: 3920

...
