BaselineInfo:
  WebDBID: -1
  TimeStamp: 20241107122617
Version:
  Major: 11
  Minor: 0
  Build: 1002
  SpecialBuildName: ""
  ptArchitecture: x86_64_linux
Results:
  Results Complete: true
  NumTestProcesses: 2
  CPU_INTEGER_MATH: 7253.3600000000006
  CPU_FLOATINGPOINT_MATH: 3894.031992910373
  CPU_PRIME: 15.615729567602038
  CPU_SORTING: 3813.382163372738
  CPU_ENCRYPTION: 995.11165819364226
  CPU_COMPRESSION: 32268.644456222835
  CPU_SINGLETHREAD: 2277.0969743763467
  CPU_PHYSICS: 321.3282074407694
  CPU_MATRIX_MULT_SSE: 1883.644853310896
  CPU_mm: 220.41825109200653
  CPU_sse: 756.83183668127685
  CPU_fma: 2424.8240654761476
  CPU_avx: 1710.8657584113862
  CPU_avx512: 2642.0577526747729
  m_CPU_enc_SHA: 327983961.32077491
  m_CPU_enc_AES: 2512738075.7221475
  m_CPU_enc_ECDSA: 289628569.26324743
  ME_ALLOC_S: 800.40635214868871
  ME_READ_S: 27773.006445312501
  ME_READ_L: 11517.818359375
  ME_WRITE: 10515.474609375
  ME_LARGE: 5993.833333333333
  ME_LATENCY: 53.02011241341814
  ME_THREADED: 13061.78173828125
  SUMM_CPU: 2581.290555936589
  SUMM_ME: 1802.665917036197
SystemInformation:
  OSName: Ubuntu 24.04.1 LTS
  Kernel: 6.8.0-1016-aws
  Device: ""
  Processor: Intel Xeon Platinum 8151 CPU @ 3.40GHz
  NumSockets: 1
  Manufacturer: GenuineIntel
  NumCores: 1
  NumLogicals: 2
  CPUFrequency: 0
  Memory: 15788
  MemModuleInfo:
    iNumMemSticks: 1
    DIMM 1:
      manufacturer: Not Specified
      modulePartNo: Not Specified
      memType: DDR4
      size: 16
      clkspeed: 1333
      moduleVoltage: 0
Checksum: 7B0605CF24514D20265C62E37B4E1DFA3C23DA1F