BaselineInfo:
  WebDBID: -1
  TimeStamp: 20241110075547
Version:
  Major: 11
  Minor: 0
  Build: 1002
  SpecialBuildName: ""
  ptArchitecture: x86_64_linux
Results:
  Results Complete: true
  NumTestProcesses: 48
  CPU_INTEGER_MATH: 238842.53266666667
  CPU_FLOATINGPOINT_MATH: 193429.99121883605
  CPU_PRIME: 727.81428297547836
  CPU_SORTING: 136193.42832448334
  CPU_ENCRYPTION: 51373.184059556705
  CPU_COMPRESSION: 952884.7525263516
  CPU_SINGLETHREAD: 2505.1156756204623
  CPU_PHYSICS: 9457.6128364603846
  CPU_MATRIX_MULT_SSE: 66673.164747075847
  CPU_mm: 7735.6386275846799
  CPU_sse: 31889.264633105642
  CPU_fma: 94353.058817722049
  CPU_avx: 73777.17079039989
  CPU_avx512: 0
  m_CPU_enc_SHA: 72357029412.536392
  m_CPU_enc_AES: 45812660738.118019
  m_CPU_enc_ECDSA: 43436373394.64679
  ME_ALLOC_S: 26965.744427734808
  ME_READ_S: 25746.079687500001
  ME_READ_L: 22985.142578125
  ME_WRITE: 20589.017578125
  ME_LARGE: 429365.08333333331
  ME_LATENCY: 53.951120025035316
  ME_THREADED: 167805.98754882812
  SUMM_CPU: 64635.140857124112
  SUMM_ME: 3324.3658731574965
SystemInformation:
  OSName: Ubuntu 24.04.1 LTS
  Kernel: 6.8.0-1017-azure
  Device: ""
  Processor: AMD EPYC 7V13 64-Core Processor
  NumSockets: 1
  Manufacturer: AuthenticAMD
  NumCores: 48
  NumLogicals: 48
  CPUFrequency: 0
  Memory: 443387
  MemModuleInfo:
    iNumMemSticks: 4
    DIMM 1:
      manufacturer: Microsoft Corporation
      modulePartNo: None
      memType: Unknown
      size: 1
      clkspeed: 0
      moduleVoltage: 0
    DIMM 2:
      manufacturer: Microsoft Corporation
      modulePartNo: None
      memType: Unknown
      size: 60928
      clkspeed: 0
      moduleVoltage: 0
    DIMM 3:
      manufacturer: Microsoft Corporation
      modulePartNo: None
      memType: Unknown
      size: 163328
      clkspeed: 0
      moduleVoltage: 0
    DIMM 4:
      manufacturer: Microsoft Corporation
      modulePartNo: None
      memType: Unknown
      size: 220
      clkspeed: 0
      moduleVoltage: 0
Checksum: 468EF91622945BBB033966B1BF329C2984E920C9