---
system-info:
      stress-ng-version: 0.17.08
      run-by: root
      date-yyyy-mm-dd: 2024:09:17
      time-hh-mm-ss: 12:05:46
      epoch-secs: 1726574746
      hostname: sc-runner
      sysname: Linux
      nodename: sc-runner
      release: 6.8.0-1014-azure
      version: '#16-Ubuntu SMP Thu Aug 15 20:04:41 UTC 2024'
      machine: x86_64
      compiler: 'musl-gcc 13.2.1'
      uptime: 362
      totalram: 270438903808
      freeram: 258470895616
      sharedram: 79798272
      bufferram: 331194368
      totalswap: 0
      freeswap: 0
      pagesize: 4096
      cpus: 64
      cpus-online: 64
      ticks-per-second: 100

metrics:
    - stressor: cpu
      bogo-ops: 28710
      bogo-ops-per-second-usr-sys-time: 1435.518518
      bogo-ops-per-second-real-time: 1435.491546
      wall-clock-time: 20.000118
      user-time: 19.998743
      system-time: 0.000999
      cpu-usage-per-instance: 99.998121
      max-rss: 2560

...
