---
system-info:
      stress-ng-version: 0.17.08
      run-by: root
      date-yyyy-mm-dd: 2024:09:16
      time-hh-mm-ss: 22:34:29
      epoch-secs: 1726526069
      hostname: sc-runner
      sysname: Linux
      nodename: sc-runner
      release: 6.8.0-1014-azure
      version: '#16-Ubuntu SMP Thu Aug 15 20:04:41 UTC 2024'
      machine: x86_64
      compiler: 'musl-gcc 13.2.1'
      uptime: 314
      totalram: 67413925888
      freeram: 56786333696
      sharedram: 55009280
      bufferram: 235831296
      totalswap: 0
      freeswap: 0
      pagesize: 4096
      cpus: 32
      cpus-online: 32
      ticks-per-second: 100

metrics:
    - stressor: cpu
      bogo-ops: 37990
      bogo-ops-per-second-usr-sys-time: 1899.497721
      bogo-ops-per-second-real-time: 1899.489063
      wall-clock-time: 20.000115
      user-time: 20.000024
      system-time: 0.000000
      cpu-usage-per-instance: 99.999544
      max-rss: 3080

...
