BaselineInfo:
  WebDBID: -1
  TimeStamp: 20241107065654
Version:
  Major: 11
  Minor: 0
  Build: 1002
  SpecialBuildName: ""
  ptArchitecture: x86_64_linux
Results:
  Results Complete: true
  NumTestProcesses: 2
  CPU_INTEGER_MATH: 8345.1980000000003
  CPU_FLOATINGPOINT_MATH: 4266.0925820264874
  CPU_PRIME: 18.231321688177015
  CPU_SORTING: 4368.4636893260449
  CPU_ENCRYPTION: 1811.620223097915
  CPU_COMPRESSION: 31907.441754702035
  CPU_SINGLETHREAD: 2304.1858874092914
  CPU_PHYSICS: 365.28897470453092
  CPU_MATRIX_MULT_SSE: 1742.0449371750763
  CPU_mm: 180.07412123834575
  CPU_sse: 784.34038449558136
  CPU_fma: 2173.9841477584259
  CPU_avx: 1605.6175948679613
  CPU_avx512: 2404.237621578337
  m_CPU_enc_SHA: 1826124690.9106443
  m_CPU_enc_AES: 2747190899.4113617
  m_CPU_enc_ECDSA: 1125548870.8433523
  ME_ALLOC_S: 1019.9217418403683
  ME_READ_S: 23491.755273437499
  ME_READ_L: 10664.046875
  ME_WRITE: 9993.23828125
  ME_LARGE: 600.58333333333337
  ME_LATENCY: 62.098031296316073
  ME_THREADED: 15016.82177734375
  SUMM_CPU: 2992.9880185669545
  SUMM_ME: 945.14043371547643
SystemInformation:
  OSName: Ubuntu 24.04.1 LTS
  Kernel: 6.8.0-1016-aws
  Device: ""
  Processor: Intel Xeon Platinum 8375C CPU @ 2.90GHz
  NumSockets: 1
  Manufacturer: GenuineIntel
  NumCores: 1
  NumLogicals: 2
  CPUFrequency: 0
  Memory: 3816
  MemModuleInfo:
    iNumMemSticks: 1
    DIMM 1:
      manufacturer: Not Specified
      modulePartNo: Not Specified
      memType: DDR4
      size: 4
      clkspeed: 1600
      moduleVoltage: 0
Checksum: 158D587F8B6B133B54E360B68EECAD0FBE73E126