BaselineInfo:
  WebDBID: -1
  TimeStamp: 20241110144858
Version:
  Major: 11
  Minor: 0
  Build: 1002
  SpecialBuildName: ""
  ptArchitecture: x86_64_linux
Results:
  Results Complete: true
  NumTestProcesses: 128
  CPU_INTEGER_MATH: 536529.58133333316
  CPU_FLOATINGPOINT_MATH: 274272.90029579744
  CPU_PRIME: 535.20768055422081
  CPU_SORTING: 244458.16191008699
  CPU_ENCRYPTION: 111587.29720676529
  CPU_COMPRESSION: 1889049.4244046472
  CPU_SINGLETHREAD: 2426.0892668496758
  CPU_PHYSICS: 8570.2291969107118
  CPU_MATRIX_MULT_SSE: 106624.39216342659
  CPU_mm: 10954.620646862244
  CPU_sse: 47159.493178604745
  CPU_fma: 124654.46306353927
  CPU_avx: 96615.780268770672
  CPU_avx512: 158067.83214279151
  m_CPU_enc_SHA: 115390622170.50929
  m_CPU_enc_AES: 166159222277.91623
  m_CPU_enc_ECDSA: 69473440819.217804
  ME_ALLOC_S: 29735.865970587918
  ME_READ_S: 23262.92578125
  ME_READ_L: 11352.8857421875
  ME_WRITE: 10285.0048828125
  ME_LARGE: 493713.75
  ME_LATENCY: 58.746330187201579
  ME_THREADED: 332023.32788085938
  SUMM_CPU: 86880.06007139814
  SUMM_ME: 2626.8379198331663
SystemInformation:
  OSName: Ubuntu 24.04.1 LTS
  Kernel: 6.8.0-1016-aws
  Device: ""
  Processor: Intel Xeon Platinum 8375C CPU @ 2.90GHz
  NumSockets: 2
  Manufacturer: GenuineIntel
  NumCores: 64
  NumLogicals: 128
  CPUFrequency: 0
  Memory: 507807
  MemModuleInfo:
    iNumMemSticks: 2
    DIMM 1:
      manufacturer: Not Specified
      modulePartNo: Not Specified
      memType: DDR4
      size: 256
      clkspeed: 1600
      moduleVoltage: 0
    DIMM 2:
      manufacturer: Not Specified
      modulePartNo: Not Specified
      memType: DDR4
      size: 256
      clkspeed: 1600
      moduleVoltage: 0
Checksum: 348A9257F4D074F039CBD094AEC44AF45D2DD370