---
system-info:
      stress-ng-version: 0.17.08
      run-by: root
      date-yyyy-mm-dd: 2024:06:15
      time-hh-mm-ss: 03:40:28
      epoch-secs: 1718422828
      hostname: b97a00a1bc42
      sysname: Linux
      nodename: b97a00a1bc42
      release: 6.8.0-1008-aws
      version: '#8-Ubuntu SMP Sat Apr 20 00:46:25 UTC 2024'
      machine: x86_64
      compiler: 'musl-gcc 13.2.1'
      uptime: 113
      totalram: 540826832896
      freeram: 534058156032
      sharedram: 117325824
      bufferram: 108748800
      totalswap: 0
      freeswap: 0
      pagesize: 4096
      cpus: 128
      cpus-online: 128
      ticks-per-second: 100

metrics:
    - stressor: cpu
      bogo-ops: 2499360
      bogo-ops-per-second-usr-sys-time: 976.681859
      bogo-ops-per-second-real-time: 124967.578302
      wall-clock-time: 20.000067
      user-time: 2558.986894
      system-time: 0.044972
      cpu-usage-per-instance: 99.961845
      max-rss: 0

...
