---
system-info:
      stress-ng-version: 0.17.08
      run-by: root
      date-yyyy-mm-dd: 2024:06:08
      time-hh-mm-ss: 19:17:22
      epoch-secs: 1717874242
      hostname: 8e742a2607d9
      sysname: Linux
      nodename: 8e742a2607d9
      release: 6.8.0-1008-aws
      version: '#8-Ubuntu SMP Sat Apr 20 00:46:25 UTC 2024'
      machine: x86_64
      compiler: 'musl-gcc 13.2.1'
      uptime: 104
      totalram: 540826836992
      freeram: 533826883584
      sharedram: 117325824
      bufferram: 104730624
      totalswap: 0
      freeswap: 0
      pagesize: 4096
      cpus: 128
      cpus-online: 128
      ticks-per-second: 100

metrics:
    - stressor: cpu
      bogo-ops: 1552789
      bogo-ops-per-second-usr-sys-time: 1213.857041
      bogo-ops-per-second-real-time: 155253.375384
      wall-clock-time: 10.001644
      user-time: 1279.092079
      system-time: 0.126929
      cpu-usage-per-instance: 99.922557
      max-rss: 3072

...
