---
system-info:
      stress-ng-version: 0.17.08
      run-by: root
      date-yyyy-mm-dd: 2024:07:02
      time-hh-mm-ss: 07:14:48
      epoch-secs: 1719904488
      hostname: n2d-standard-32-7d5898a
      sysname: Linux
      nodename: n2d-standard-32-7d5898a
      release: 6.8.0-1009-gcp
      version: '#10-Ubuntu SMP Wed Jun 12 18:52:23 UTC 2024'
      machine: x86_64
      compiler: 'musl-gcc 13.2.1'
      uptime: 189
      totalram: 135061848064
      freeram: 129573072896
      sharedram: 35065856
      bufferram: 127774720
      totalswap: 0
      freeswap: 0
      pagesize: 4096
      cpus: 32
      cpus-online: 32
      ticks-per-second: 100

metrics:
    - stressor: cpu
      bogo-ops: 53824
      bogo-ops-per-second-usr-sys-time: 2691.225028
      bogo-ops-per-second-real-time: 2691.188354
      wall-clock-time: 20.000087
      user-time: 19.999814
      system-time: 0.000000
      cpu-usage-per-instance: 99.998637
      max-rss: 776

...
