BaselineInfo:
  WebDBID: -1
  TimeStamp: 20241108103125
Version:
  Major: 11
  Minor: 0
  Build: 1002
  SpecialBuildName: ""
  ptArchitecture: aarch64_linux
Results:
  Results Complete: true
  NumTestProcesses: 16
  CPU_INTEGER_MATH: 83467.150333333338
  CPU_FLOATINGPOINT_MATH: 96999.385194721792
  CPU_PRIME: 209.67509230735669
  CPU_SORTING: 74036.456967342223
  CPU_ENCRYPTION: 3025.5816237500558
  CPU_COMPRESSION: 106469.33153466557
  CPU_SINGLETHREAD: 1943.2039564697798
  CPU_PHYSICS: 4587.1735227084346
  CPU_MATRIX_MULT_SSE: 14713.59643503961
  CPU_mm: 1827.0124036841089
  CPU_sse: 11553.065422600872
  CPU_fma: 17874.127447478353
  CPU_avx: 0
  CPU_avx512: 0
  m_CPU_enc_SHA: 4773404887.7554293
  m_CPU_enc_AES: 1717235164.3356335
  m_CPU_enc_ECDSA: 3027016778.0249515
  ME_ALLOC_S: 23912.074893883513
  ME_READ_S: 21083.142382812501
  ME_READ_L: 19187.150390625
  ME_WRITE: 21184.712890625
  ME_LARGE: 115960.08333333333
  ME_LATENCY: 49.589949296429843
  ME_THREADED: 247864.8486328125
  SUMM_CPU: 14541.69472208482
  SUMM_ME: 3222.4838353819709
SystemInformation:
  OSName: Ubuntu 24.04.1 LTS
  Kernel: 6.8.0-1016-aws
  Device: ""
  Processor: ARM Neoverse-V2 16 Core 0 MHz
  NumSockets: 1
  Manufacturer: ARM
  NumCores: 16
  NumLogicals: 16
  CPUFrequency: 0
  Memory: 126510
Checksum: A17675DD08A562F8FBC8DFE68E2E7D2B002D11CB