BaselineInfo:
  WebDBID: -1
  TimeStamp: 20241107100037
Version:
  Major: 11
  Minor: 0
  Build: 1002
  SpecialBuildName: ""
  ptArchitecture: x86_64_linux
Results:
  Results Complete: true
  NumTestProcesses: 1
  CPU_INTEGER_MATH: 3553.8103333333333
  CPU_FLOATINGPOINT_MATH: 2965.6090851095973
  CPU_PRIME: 11.138221064568112
  CPU_SORTING: 2101.5142831968092
  CPU_ENCRYPTION: 456.33745115044343
  CPU_COMPRESSION: 16891.328376546648
  CPU_SINGLETHREAD: 1641.6431076251658
  CPU_PHYSICS: 199.25935280770361
  CPU_MATRIX_MULT_SSE: 1364.2777162960751
  CPU_mm: 162.98716329400614
  CPU_sse: 622.48114380119205
  CPU_fma: 1980.0327551637688
  CPU_avx: 1347.835812009258
  CPU_avx512: 1506.7611542100819
  m_CPU_enc_SHA: 251344391.91306695
  m_CPU_enc_AES: 964000303.58482468
  m_CPU_enc_ECDSA: 220168802.03469038
  ME_ALLOC_S: 678.67275723184457
  ME_READ_S: 21149.183203125001
  ME_READ_L: 11487.4150390625
  ME_WRITE: 9214.126953125
  ME_LARGE: 4071
  ME_LATENCY: 49.616325784989364
  ME_THREADED: 11423.357421875
  SUMM_CPU: 1454.1627986771218
  SUMM_ME: 1605.0541225791928
SystemInformation:
  OSName: Ubuntu 24.04.1 LTS
  Kernel: 6.8.0-1017-azure
  Device: ""
  Processor: Intel Xeon Platinum 8272CL CPU @ 2.60GHz
  NumSockets: 1
  Manufacturer: GenuineIntel
  NumCores: 1
  NumLogicals: 1
  CPUFrequency: 0
  Memory: 13974
  MemModuleInfo:
    iNumMemSticks: 2
    DIMM 1:
      manufacturer: Microsoft Corporation
      modulePartNo: None
      memType: Unknown
      size: 1
      clkspeed: 0
      moduleVoltage: 0
    DIMM 2:
      manufacturer: Microsoft Corporation
      modulePartNo: None
      memType: Unknown
      size: 13
      clkspeed: 0
      moduleVoltage: 0
Checksum: 67E2615CAC825B2B14FA0824D3993CD29FD815F4