BaselineInfo:
  WebDBID: -1
  TimeStamp: 20250417190427
Version:
  Major: 11
  Minor: 0
  Build: 1002
  SpecialBuildName: ""
  ptArchitecture: x86_64_linux
Results:
  Results Complete: true
  NumTestProcesses: 16
  CPU_INTEGER_MATH: 76548.437000000005
  CPU_FLOATINGPOINT_MATH: 54262.628556996904
  CPU_PRIME: 158.02125483367334
  CPU_SORTING: 38338.851254648238
  CPU_ENCRYPTION: 16892.23110527981
  CPU_COMPRESSION: 275751.61202276568
  CPU_SINGLETHREAD: 2921.533979328452
  CPU_PHYSICS: 3638.9804478558281
  CPU_MATRIX_MULT_SSE: 23454.599557342823
  CPU_mm: 2165.9310937043788
  CPU_sse: 9403.8290653517051
  CPU_fma: 26566.707857448357
  CPU_avx: 19723.925088295684
  CPU_avx512: 38123.936218275529
  m_CPU_enc_SHA: 17822309840.368721
  m_CPU_enc_AES: 23212868484.338573
  m_CPU_enc_ECDSA: 12103186045.642353
  ME_ALLOC_S: 9598.065619934916
  ME_READ_S: 26734.317773437499
  ME_READ_L: 10567.6904296875
  ME_WRITE: 9953.03125
  ME_LARGE: 22573.666666666668
  ME_LATENCY: 56.950523115108275
  ME_THREADED: 122148.31591796875
  SUMM_CPU: 26706.629346957016
  SUMM_ME: 2526.8318007996209
SystemInformation:
  OSName: Ubuntu 24.04.2 LTS
  Kernel: 6.8.0-1021-azure
  Device: ""
  Processor: INTEL XEON PLATINUM 8573C
  NumSockets: 1
  Manufacturer: GenuineIntel
  NumCores: 8
  NumLogicals: 16
  CPUFrequency: 2300
  Memory: 32088
  MemModuleInfo:
    iNumMemSticks: 2
    DIMM 1:
      manufacturer: Microsoft Corporation
      modulePartNo: None
      memType: Unknown
      size: 1
      clkspeed: 0
      moduleVoltage: 0
    DIMM 2:
      manufacturer: Microsoft Corporation
      modulePartNo: None
      memType: Unknown
      size: 31
      clkspeed: 0
      moduleVoltage: 0
Checksum: F3D28436F551B99941343C250F5102BEF9B4F811