BaselineInfo:
  WebDBID: -1
  TimeStamp: 20250421232915
Version:
  Major: 11
  Minor: 0
  Build: 1002
  SpecialBuildName: ""
  ptArchitecture: aarch64_linux
Results:
  Results Complete: true
  NumTestProcesses: 8
  CPU_INTEGER_MATH: 41736.119333333329
  CPU_FLOATINGPOINT_MATH: 48474.311824524928
  CPU_PRIME: 114.79818208987346
  CPU_SORTING: 36912.365424721975
  CPU_ENCRYPTION: 1507.0776953178965
  CPU_COMPRESSION: 53102.889488682456
  CPU_SINGLETHREAD: 1939.8220160783405
  CPU_PHYSICS: 2319.8686529374572
  CPU_MATRIX_MULT_SSE: 7371.0809965417993
  CPU_mm: 909.10268054307926
  CPU_sse: 5799.3835712715763
  CPU_fma: 8942.7784218120232
  CPU_avx: 0
  CPU_avx512: 0
  m_CPU_enc_SHA: 2358767081.2424808
  m_CPU_enc_AES: 859683728.73175704
  m_CPU_enc_ECDSA: 1522405694.3627393
  ME_ALLOC_S: 11832.12053040458
  ME_READ_S: 19834.396874999999
  ME_READ_L: 17918.693359375
  ME_WRITE: 21224.5859375
  ME_LARGE: 53615.5
  ME_LATENCY: 53.506708273298841
  ME_THREADED: 123428.9951171875
  SUMM_CPU: 7659.5736779694298
  SUMM_ME: 2935.5304251818957
SystemInformation:
  OSName: Ubuntu 24.04.2 LTS
  Kernel: 6.8.0-1027-aws
  Device: ""
  Processor: ARM Neoverse-V2 8 Core 0 MHz
  NumSockets: 1
  Manufacturer: ARM
  NumCores: 8
  NumLogicals: 8
  CPUFrequency: 0
  Memory: 63134
Checksum: B0AAEC524177A47C4622883B6C0AF8E06D7E31DB