BaselineInfo:
  WebDBID: -1
  TimeStamp: 20260611230211
Version:
  Major: 11
  Minor: 0
  Build: 1004
  SpecialBuildName: ""
  ptArchitecture: x86_64_linux
Results:
  Results Complete: true
  NumTestProcesses: 2
  CPU_INTEGER_MATH: 8077.5753333333332
  CPU_FLOATINGPOINT_MATH: 5662.7871946122541
  CPU_PRIME: 21.769427678718419
  CPU_SORTING: 4836.3322775004344
  CPU_ENCRYPTION: 1034.3202068186579
  CPU_COMPRESSION: 39784.196887059079
  CPU_SINGLETHREAD: 1952.9399506124689
  CPU_PHYSICS: 385.29827870885521
  CPU_MATRIX_MULT_SSE: 2805.3412068275584
  CPU_mm: 349.7634447287615
  CPU_sse: 1263.4789778807024
  CPU_fma: 3887.9739211449387
  CPU_avx: 2599.8904023322993
  CPU_avx512: 3470.0215259522924
  m_CPU_enc_SHA: 564210723.76346183
  m_CPU_enc_AES: 2201345752.3163466
  m_CPU_enc_ECDSA: 488133559.4754343
  ME_ALLOC_S: 606.27208369402467
  ME_READ_S: 23647.477343750001
  ME_READ_L: 5632.74658203125
  ME_WRITE: 5852.10107421875
  ME_LARGE: 845.66666666666663
  ME_LATENCY: 62.982655747612228
  ME_THREADED: 10821.1962890625
  SUMM_CPU: 3155.9407804844122
  SUMM_ME: 927.91063295929632
SystemInformation:
  OSName: Ubuntu 24.04.4 LTS
  Kernel: 6.8.0-124-generic
  Device: ""
  Processor: Intel Xeon Processor (Cascadelake)
  NumSockets: 1
  Manufacturer: GenuineIntel
  NumCores: 1
  NumLogicals: 2
  CPUFrequency: 743
  CPUMaxFrequency: 2696
  Memory: 1961
  CPUInfo:
    number: 1
    Family: 6
    Model: 5
    stepping: 6
    features: 395049983
    manufacture: GenuineIntel
    typestring: Intel Xeon Processor (Cascadelake)
    iCoresPerPackage: 1
    iThreadsPerPackage: 2
    featuresEx:
      - 395049983
      - 4294586883
      - 739248128
    bHybrid: false
    nPCore: 0
    nLogicalsPerPCore: 0
    nECore: 0
    nLogicalsPerECore: 0
  MemModuleInfo:
    iNumMemSticks: 1
    DIMM 1:
      manufacturer: QEMU
      modulePartNo: Not Specified
      memType: RAM
      size: 2
      clkspeed: 0
      moduleVoltage: 0
Checksum: 8A01C3C511D2D362E783452BC9C61609B7B32C57