BaselineInfo:
  WebDBID: -1
  TimeStamp: 20241107111830
Version:
  Major: 11
  Minor: 0
  Build: 1002
  SpecialBuildName: ""
  ptArchitecture: x86_64_linux
Results:
  Results Complete: true
  NumTestProcesses: 4
  CPU_INTEGER_MATH: 14350.023000000001
  CPU_FLOATINGPOINT_MATH: 11659.368540224812
  CPU_PRIME: 46.081432640911288
  CPU_SORTING: 8728.2055863378228
  CPU_ENCRYPTION: 1845.2837486699284
  CPU_COMPRESSION: 72267.962616669043
  CPU_SINGLETHREAD: 1842.1230085963675
  CPU_PHYSICS: 772.51508885122632
  CPU_MATRIX_MULT_SSE: 6134.0309798433782
  CPU_mm: 663.03578170736728
  CPU_sse: 2473.5727347551347
  CPU_fma: 8158.4249971956633
  CPU_avx: 5442.1096219119081
  CPU_avx512: 8462.0165655108067
  m_CPU_enc_SHA: 1014421618.9248261
  m_CPU_enc_AES: 3902967640.2280111
  m_CPU_enc_ECDSA: 887371496.98311877
  ME_ALLOC_S: 2692.5503179892235
  ME_READ_S: 21711.607031250001
  ME_READ_L: 10502.6767578125
  ME_WRITE: 9422.6455078125
  ME_LARGE: 6044.5
  ME_LATENCY: 49.085611942242089
  ME_THREADED: 38142.8271484375
  SUMM_CPU: 5798.2121180600061
  SUMM_ME: 2143.4799765382177
SystemInformation:
  OSName: Ubuntu 24.04.1 LTS
  Kernel: 6.8.0-1017-azure
  Device: ""
  Processor: Intel Xeon Platinum 8272CL CPU @ 2.60GHz
  NumSockets: 1
  Manufacturer: GenuineIntel
  NumCores: 4
  NumLogicals: 4
  CPUFrequency: 0
  Memory: 15989
  MemModuleInfo:
    iNumMemSticks: 2
    DIMM 1:
      manufacturer: Microsoft Corporation
      modulePartNo: None
      memType: Unknown
      size: 1
      clkspeed: 0
      moduleVoltage: 0
    DIMM 2:
      manufacturer: Microsoft Corporation
      modulePartNo: None
      memType: Unknown
      size: 15
      clkspeed: 0
      moduleVoltage: 0
Checksum: 08E7A7BD9E437988D55A9E9A17711A03EEF2BDBF