BaselineInfo:
  WebDBID: -1
  TimeStamp: 20241109223507
Version:
  Major: 11
  Minor: 0
  Build: 1002
  SpecialBuildName: ""
  ptArchitecture: aarch64_linux
Results:
  Results Complete: true
  NumTestProcesses: 48
  CPU_INTEGER_MATH: 250492.47300000006
  CPU_FLOATINGPOINT_MATH: 291023.42969248001
  CPU_PRIME: 559.87283743304658
  CPU_SORTING: 220464.04187141871
  CPU_ENCRYPTION: 9071.0539068416874
  CPU_COMPRESSION: 319399.78520078142
  CPU_SINGLETHREAD: 1944.8551331432184
  CPU_PHYSICS: 12777.695778147778
  CPU_MATRIX_MULT_SSE: 44275.694042714487
  CPU_mm: 5421.8919360702112
  CPU_sse: 34898.966901346816
  CPU_fma: 53652.421184082166
  CPU_avx: 0
  CPU_avx512: 0
  m_CPU_enc_SHA: 14129413675.551687
  m_CPU_enc_AES: 5163765906.0212774
  m_CPU_enc_ECDSA: 9241888682.6883297
  ME_ALLOC_S: 46831.667812421998
  ME_READ_S: 18963.465039062499
  ME_READ_L: 18211.294921875
  ME_WRITE: 21297.1640625
  ME_LARGE: 747223.08333333337
  ME_LATENCY: 49.293836812086482
  ME_THREADED: 421733.728515625
  SUMM_CPU: 36109.968359470295
  SUMM_ME: 3164.782647026685
SystemInformation:
  OSName: Ubuntu 24.04.1 LTS
  Kernel: 6.8.0-1016-aws
  Device: ""
  Processor: ARM Neoverse-V2 48 Core 0 MHz
  NumSockets: 1
  Manufacturer: ARM
  NumCores: 48
  NumLogicals: 48
  CPUFrequency: 0
  Memory: 759990
Checksum: B972BBBE6D42916AA0A4BD60A27DCFF98727C62C