---
system-info:
      stress-ng-version: 0.17.08
      run-by: root
      date-yyyy-mm-dd: 2024:06:09
      time-hh-mm-ss: 17:40:36
      epoch-secs: 1717954836
      hostname: 77cb4023cd78
      sysname: Linux
      nodename: 77cb4023cd78
      release: 6.8.0-1008-aws
      version: '#8-Ubuntu SMP Sat Apr 20 00:46:25 UTC 2024'
      machine: x86_64
      compiler: 'musl-gcc 13.2.1'
      uptime: 115
      totalram: 16469917696
      freeram: 11978444800
      sharedram: 59867136
      bufferram: 110092288
      totalswap: 0
      freeswap: 0
      pagesize: 4096
      cpus: 2
      cpus-online: 2
      ticks-per-second: 100

metrics:
    - stressor: cpu
      bogo-ops: 24403
      bogo-ops-per-second-usr-sys-time: 1233.717250
      bogo-ops-per-second-real-time: 2439.493612
      wall-clock-time: 10.003306
      user-time: 19.776073
      system-time: 0.003986
      cpu-usage-per-instance: 98.867614
      max-rss: 4048

...
