---
system-info:
      stress-ng-version: 0.17.08
      run-by: root
      date-yyyy-mm-dd: 2024:06:15
      time-hh-mm-ss: 20:21:35
      epoch-secs: 1718482895
      hostname: 875cba7b52b5
      sysname: Linux
      nodename: 875cba7b52b5
      release: 6.8.0-1008-aws
      version: '#8-Ubuntu SMP Sat Apr 20 00:46:25 UTC 2024'
      machine: x86_64
      compiler: 'musl-gcc 13.2.1'
      uptime: 116
      totalram: 16469909504
      freeram: 12141895680
      sharedram: 59867136
      bufferram: 108498944
      totalswap: 0
      freeswap: 0
      pagesize: 4096
      cpus: 2
      cpus-online: 2
      ticks-per-second: 100

metrics:
    - stressor: cpu
      bogo-ops: 38443
      bogo-ops-per-second-usr-sys-time: 967.504211
      bogo-ops-per-second-real-time: 1922.139849
      wall-clock-time: 20.000106
      user-time: 39.719205
      system-time: 0.014989
      cpu-usage-per-instance: 99.334960
      max-rss: 1104

...
