---
system-info:
      stress-ng-version: 0.17.08
      run-by: root
      date-yyyy-mm-dd: 2024:06:06
      time-hh-mm-ss: 13:03:40
      epoch-secs: 1717679020
      hostname: fe770be44a3f
      sysname: Linux
      nodename: fe770be44a3f
      release: 6.8.0-1008-aws
      version: '#8-Ubuntu SMP Sat Apr 20 00:46:25 UTC 2024'
      machine: x86_64
      compiler: 'musl-gcc 13.2.1'
      uptime: 124
      totalram: 8158195712
      freeram: 4032655360
      sharedram: 59858944
      bufferram: 84627456
      totalswap: 0
      freeswap: 0
      pagesize: 4096
      cpus: 4
      cpus-online: 4
      ticks-per-second: 100

metrics:
    - stressor: cpu
      bogo-ops: 16578
      bogo-ops-per-second-usr-sys-time: 1657.432216
      bogo-ops-per-second-real-time: 1657.425308
      wall-clock-time: 10.002261
      user-time: 10.001218
      system-time: 0.001001
      cpu-usage-per-instance: 99.999583
      max-rss: 3920

...
