---
system-info:
      stress-ng-version: 0.17.08
      run-by: root
      date-yyyy-mm-dd: 2024:06:13
      time-hh-mm-ss: 03:41:03
      epoch-secs: 1718250063
      hostname: 841aa625a2d2
      sysname: Linux
      nodename: 841aa625a2d2
      release: 6.8.0-1008-aws
      version: '#8-Ubuntu SMP Sat Apr 20 00:46:25 UTC 2024'
      machine: x86_64
      compiler: 'musl-gcc 13.2.1'
      uptime: 130
      totalram: 8158183424
      freeram: 3811426304
      sharedram: 59858944
      bufferram: 112873472
      totalswap: 0
      freeswap: 0
      pagesize: 4096
      cpus: 4
      cpus-online: 4
      ticks-per-second: 100

metrics:
    - stressor: cpu
      bogo-ops: 37792
      bogo-ops-per-second-usr-sys-time: 1889.585545
      bogo-ops-per-second-real-time: 1889.594932
      wall-clock-time: 20.000054
      user-time: 20.000153
      system-time: 0.000000
      cpu-usage-per-instance: 100.000497
      max-rss: 1104

...
