BaselineInfo:
  WebDBID: -1
  TimeStamp: 20241109103935
Version:
  Major: 11
  Minor: 0
  Build: 1002
  SpecialBuildName: ""
  ptArchitecture: x86_64_linux
Results:
  Results Complete: true
  NumTestProcesses: 48
  CPU_INTEGER_MATH: 136475.11133333331
  CPU_FLOATINGPOINT_MATH: 73011.988941646094
  CPU_PRIME: 166.16441621789602
  CPU_SORTING: 68601.881203638142
  CPU_ENCRYPTION: 18605.673212121896
  CPU_COMPRESSION: 592290.17625861545
  CPU_SINGLETHREAD: 1954.152628934916
  CPU_PHYSICS: 2474.1475892716703
  CPU_MATRIX_MULT_SSE: 37050.291435809151
  CPU_mm: 4144.5603740187562
  CPU_sse: 14740.925299313672
  CPU_fma: 43992.413702411999
  CPU_avx: 31064.934185835482
  CPU_avx512: 58402.892555675491
  m_CPU_enc_SHA: 6126625227.5349798
  m_CPU_enc_AES: 46921689153.528847
  m_CPU_enc_ECDSA: 5480072801.1579676
  ME_ALLOC_S: 15400.930730658678
  ME_READ_S: 23760.087304687499
  ME_READ_L: 10465.751953125
  ME_WRITE: 10114.0556640625
  ME_LARGE: 179360.83333333334
  ME_LATENCY: 51.846095000003316
  ME_THREADED: 113952.779296875
  SUMM_CPU: 34596.265662905469
  SUMM_ME: 2665.2481625200503
SystemInformation:
  OSName: Ubuntu 24.04.1 LTS
  Kernel: 6.8.0-1016-aws
  Device: ""
  Processor: Intel Xeon Platinum 8259CL CPU @ 2.50GHz
  NumSockets: 1
  Manufacturer: GenuineIntel
  NumCores: 24
  NumLogicals: 48
  CPUFrequency: 0
  Memory: 191164
  MemModuleInfo:
    iNumMemSticks: 1
    DIMM 1:
      manufacturer: Not Specified
      modulePartNo: Not Specified
      memType: DDR4
      size: 192
      clkspeed: 1600
      moduleVoltage: 0
Checksum: 19A65CC3762FA97C2949244B0E5AB1C153403B79