---
system-info:
      stress-ng-version: 0.17.08
      run-by: root
      date-yyyy-mm-dd: 2024:06:09
      time-hh-mm-ss: 15:57:01
      epoch-secs: 1717948621
      hostname: ff4ed1724e25
      sysname: Linux
      nodename: ff4ed1724e25
      release: 6.8.0-1008-aws
      version: '#8-Ubuntu SMP Sat Apr 20 02:43:14 UTC 2024'
      machine: aarch64
      compiler: 'musl-gcc 13.2.1'
      uptime: 146
      totalram: 534444896256
      freeram: 529341919232
      sharedram: 35274752
      bufferram: 108593152
      totalswap: 0
      freeswap: 0
      pagesize: 4096
      cpus: 64
      cpus-online: 64
      ticks-per-second: 100

metrics:
    - stressor: cpu
      bogo-ops: 188139
      bogo-ops-per-second-usr-sys-time: 292.370815
      bogo-ops-per-second-real-time: 18701.185017
      wall-clock-time: 10.060272
      user-time: 643.440489
      system-time: 0.053972
      cpu-usage-per-instance: 99.943634
      max-rss: 3584

...
