---
system-info:
      stress-ng-version: 0.17.08
      run-by: root
      date-yyyy-mm-dd: 2024:06:15
      time-hh-mm-ss: 18:55:17
      epoch-secs: 1718477717
      hostname: b3a7349c7025
      sysname: Linux
      nodename: b3a7349c7025
      release: 6.8.0-1008-aws
      version: '#8-Ubuntu SMP Sat Apr 20 02:43:14 UTC 2024'
      machine: aarch64
      compiler: 'musl-gcc 13.2.1'
      uptime: 129
      totalram: 534444892160
      freeram: 529531252736
      sharedram: 35274752
      bufferram: 107577344
      totalswap: 0
      freeswap: 0
      pagesize: 4096
      cpus: 64
      cpus-online: 64
      ticks-per-second: 100

metrics:
    - stressor: cpu
      bogo-ops: 1940683
      bogo-ops-per-second-usr-sys-time: 1516.727427
      bogo-ops-per-second-real-time: 97033.789045
      wall-clock-time: 20.000074
      user-time: 1279.496965
      system-time: 0.022984
      cpu-usage-per-instance: 99.962124
      max-rss: 1024

...
