---
system-info:
      stress-ng-version: 0.17.08
      run-by: root
      date-yyyy-mm-dd: 2024:07:02
      time-hh-mm-ss: 10:32:54
      epoch-secs: 1719916374
      hostname: c3-standard-22-d0ce04c
      sysname: Linux
      nodename: c3-standard-22-d0ce04c
      release: 6.8.0-1009-gcp
      version: '#10-Ubuntu SMP Wed Jun 12 18:52:23 UTC 2024'
      machine: x86_64
      compiler: 'musl-gcc 13.2.1'
      uptime: 133
      totalram: 92785795072
      freeram: 87496916992
      sharedram: 111570944
      bufferram: 127537152
      totalswap: 0
      freeswap: 0
      pagesize: 4096
      cpus: 22
      cpus-online: 22
      ticks-per-second: 100

metrics:
    - stressor: cpu
      bogo-ops: 32465
      bogo-ops-per-second-usr-sys-time: 1623.272726
      bogo-ops-per-second-real-time: 1623.241312
      wall-clock-time: 20.000107
      user-time: 19.999720
      system-time: 0.000000
      cpu-usage-per-instance: 99.998065
      max-rss: 1060

...
