---
system-info:
      stress-ng-version: 0.17.08
      run-by: root
      date-yyyy-mm-dd: 2024:08:17
      time-hh-mm-ss: 17:33:18
      epoch-secs: 1723915998
      hostname: ip-172-31-1-165
      sysname: Linux
      nodename: ip-172-31-1-165
      release: 6.8.0-1013-aws
      version: '#14-Ubuntu SMP Thu Jul 25 21:19:24 UTC 2024'
      machine: x86_64
      compiler: 'musl-gcc 13.2.1'
      uptime: 306
      totalram: 800585695232
      freeram: 791819784192
      sharedram: 38146048
      bufferram: 191553536
      totalswap: 0
      freeswap: 0
      pagesize: 4096
      cpus: 96
      cpus-online: 96
      ticks-per-second: 100

metrics:
    - stressor: cpu
      bogo-ops: 2866228
      bogo-ops-per-second-usr-sys-time: 1493.533921
      bogo-ops-per-second-real-time: 143310.995696
      wall-clock-time: 20.000056
      user-time: 1919.053357
      system-time: 0.037974
      cpu-usage-per-instance: 99.952392
      max-rss: 0

...
