---
system-info:
      stress-ng-version: 0.17.08
      run-by: root
      date-yyyy-mm-dd: 2024:09:17
      time-hh-mm-ss: 14:54:57
      epoch-secs: 1726584897
      hostname: sc-runner
      sysname: Linux
      nodename: sc-runner
      release: 6.8.0-1014-azure
      version: '#16-Ubuntu SMP Thu Aug 15 20:04:41 UTC 2024'
      machine: x86_64
      compiler: 'musl-gcc 13.2.1'
      uptime: 287
      totalram: 405533745152
      freeram: 394313535488
      sharedram: 55402496
      bufferram: 268767232
      totalswap: 0
      freeswap: 0
      pagesize: 4096
      cpus: 48
      cpus-online: 48
      ticks-per-second: 100

metrics:
    - stressor: cpu
      bogo-ops: 932562
      bogo-ops-per-second-usr-sys-time: 971.734710
      bogo-ops-per-second-real-time: 46627.908418
      wall-clock-time: 20.000082
      user-time: 959.642880
      system-time: 0.044976
      cpu-usage-per-instance: 99.967074
      max-rss: 3200

...
