BaselineInfo:
  WebDBID: -1
  TimeStamp: 20241109194905
Version:
  Major: 11
  Minor: 0
  Build: 1002
  SpecialBuildName: ""
  ptArchitecture: x86_64_linux
Results:
  Results Complete: true
  NumTestProcesses: 64
  CPU_INTEGER_MATH: 269445.26033333334
  CPU_FLOATINGPOINT_MATH: 137738.59884807898
  CPU_PRIME: 390.18235434016873
  CPU_SORTING: 136712.87545109857
  CPU_ENCRYPTION: 58469.929455865989
  CPU_COMPRESSION: 975665.98801303038
  CPU_SINGLETHREAD: 2414.480470350391
  CPU_PHYSICS: 6565.028412334188
  CPU_MATRIX_MULT_SSE: 57250.20726178433
  CPU_mm: 5803.5375204425627
  CPU_sse: 25357.921018039484
  CPU_fma: 70189.128010481829
  CPU_avx: 51840.365448039847
  CPU_avx512: 81613.414570576264
  m_CPU_enc_SHA: 58967282685.462776
  m_CPU_enc_AES: 88916912590.057266
  m_CPU_enc_ECDSA: 36046298971.822372
  ME_ALLOC_S: 30812.668394604545
  ME_READ_S: 24484.9453125
  ME_READ_L: 12475.169921875
  ME_WRITE: 11304.9521484375
  ME_LARGE: 503468.33333333331
  ME_LATENCY: 51.437247641309376
  ME_THREADED: 200688.72998046875
  SUMM_CPU: 60927.218770768195
  SUMM_ME: 2887.589876979609
SystemInformation:
  OSName: Ubuntu 24.04.1 LTS
  Kernel: 6.8.0-1017-azure
  Device: ""
  Processor: Intel Xeon Platinum 8370C CPU @ 2.80GHz
  NumSockets: 2
  Manufacturer: GenuineIntel
  NumCores: 32
  NumLogicals: 64
  CPUFrequency: 2800
  Memory: 515957
  MemModuleInfo:
    iNumMemSticks: 4
    DIMM 1:
      manufacturer: Microsoft Corporation
      modulePartNo: None
      memType: Unknown
      size: 1
      clkspeed: 0
      moduleVoltage: 0
    DIMM 2:
      manufacturer: Microsoft Corporation
      modulePartNo: None
      memType: Unknown
      size: 59
      clkspeed: 0
      moduleVoltage: 0
    DIMM 3:
      manufacturer: Microsoft Corporation
      modulePartNo: None
      memType: Unknown
      size: 196
      clkspeed: 0
      moduleVoltage: 0
    DIMM 4:
      manufacturer: Microsoft Corporation
      modulePartNo: None
      memType: Unknown
      size: 256
      clkspeed: 0
      moduleVoltage: 0
Checksum: 114031E957BDF791F009FB99D15291E38782F600