---
system-info:
      stress-ng-version: 0.17.08
      run-by: root
      date-yyyy-mm-dd: 2024:09:11
      time-hh-mm-ss: 07:31:50
      epoch-secs: 1726039910
      hostname: a3-highgpu-2g-1965a9a
      sysname: Linux
      nodename: a3-highgpu-2g-1965a9a
      release: 6.8.0-1013-gcp
      version: '#14-Ubuntu SMP Thu Aug  8 23:18:23 UTC 2024'
      machine: x86_64
      compiler: 'musl-gcc 13.2.1'
      uptime: 257
      totalram: 494318399488
      freeram: 482498981888
      sharedram: 112037888
      bufferram: 267710464
      totalswap: 0
      freeswap: 0
      pagesize: 4096
      cpus: 52
      cpus-online: 52
      ticks-per-second: 100

metrics:
    - stressor: cpu
      bogo-ops: 889689
      bogo-ops-per-second-usr-sys-time: 855.758817
      bogo-ops-per-second-real-time: 44484.244052
      wall-clock-time: 20.000093
      user-time: 1039.620253
      system-time: 0.028983
      cpu-usage-per-instance: 99.965810
      max-rss: 856

...
