BaselineInfo:
  WebDBID: -1
  TimeStamp: 20241108035850
Version:
  Major: 11
  Minor: 0
  Build: 1002
  SpecialBuildName: ""
  ptArchitecture: x86_64_linux
Results:
  Results Complete: true
  NumTestProcesses: 8
  CPU_INTEGER_MATH: 24886.020666666671
  CPU_FLOATINGPOINT_MATH: 13359.518216010736
  CPU_PRIME: 53.797911590207924
  CPU_SORTING: 13091.419383367793
  CPU_ENCRYPTION: 3431.8997064942805
  CPU_COMPRESSION: 111895.52337388875
  CPU_SINGLETHREAD: 2041.8688476507225
  CPU_PHYSICS: 910.20572751594477
  CPU_MATRIX_MULT_SSE: 7448.2118130019062
  CPU_mm: 755.13182420872249
  CPU_sse: 2730.31672011708
  CPU_fma: 8935.1551786567798
  CPU_avx: 6329.6969499322067
  CPU_avx512: 11797.678403301559
  m_CPU_enc_SHA: 1126168162.8844628
  m_CPU_enc_AES: 8659649321.8026123
  m_CPU_enc_ECDSA: 1010005515.2237648
  ME_ALLOC_S: 2774.1869206522424
  ME_READ_S: 24337.367578124999
  ME_READ_L: 11565.7900390625
  ME_WRITE: 9993.3603515625
  ME_LARGE: 54266.833333333336
  ME_LATENCY: 56.895324289015321
  ME_THREADED: 40071.6826171875
  SUMM_CPU: 8586.741088397468
  SUMM_ME: 2377.3076376654358
SystemInformation:
  OSName: Ubuntu 24.04.1 LTS
  Kernel: 6.8.0-1017-azure
  Device: ""
  Processor: Intel Xeon Platinum 8272CL CPU @ 2.60GHz
  NumSockets: 1
  Manufacturer: GenuineIntel
  NumCores: 4
  NumLogicals: 8
  CPUFrequency: 0
  Memory: 64299
  MemModuleInfo:
    iNumMemSticks: 3
    DIMM 1:
      manufacturer: Microsoft Corporation
      modulePartNo: None
      memType: Unknown
      size: 1
      clkspeed: 0
      moduleVoltage: 0
    DIMM 2:
      manufacturer: Microsoft Corporation
      modulePartNo: None
      memType: Unknown
      size: 60928
      clkspeed: 0
      moduleVoltage: 0
    DIMM 3:
      manufacturer: Microsoft Corporation
      modulePartNo: None
      memType: Unknown
      size: 3584
      clkspeed: 0
      moduleVoltage: 0
Checksum: AF35599CF98EB9ACDC8DD0B9150A3E703C2237EB