---
system-info:
      stress-ng-version: 0.17.08
      run-by: root
      date-yyyy-mm-dd: 2024:06:08
      time-hh-mm-ss: 15:56:24
      epoch-secs: 1717862184
      hostname: 208f8fca960b
      sysname: Linux
      nodename: 208f8fca960b
      release: 6.8.0-1008-aws
      version: '#8-Ubuntu SMP Sat Apr 20 00:46:25 UTC 2024'
      machine: x86_64
      compiler: 'musl-gcc 13.2.1'
      uptime: 118
      totalram: 65976565760
      freeram: 61491687424
      sharedram: 36839424
      bufferram: 103333888
      totalswap: 0
      freeswap: 0
      pagesize: 4096
      cpus: 16
      cpus-online: 16
      ticks-per-second: 100

metrics:
    - stressor: cpu
      bogo-ops: 17110
      bogo-ops-per-second-usr-sys-time: 1710.485657
      bogo-ops-per-second-real-time: 1710.437970
      wall-clock-time: 10.003286
      user-time: 10.002007
      system-time: 0.001000
      cpu-usage-per-instance: 99.997212
      max-rss: 3792

...
