---
system-info:
      stress-ng-version: 0.17.08
      run-by: root
      date-yyyy-mm-dd: 2024:06:14
      time-hh-mm-ss: 22:19:54
      epoch-secs: 1718403594
      hostname: 0d994339ec64
      sysname: Linux
      nodename: 0d994339ec64
      release: 6.8.0-1008-aws
      version: '#8-Ubuntu SMP Sat Apr 20 00:46:25 UTC 2024'
      machine: x86_64
      compiler: 'musl-gcc 13.2.1'
      uptime: 138
      totalram: 65976569856
      freeram: 61497565184
      sharedram: 36839424
      bufferram: 110239744
      totalswap: 0
      freeswap: 0
      pagesize: 4096
      cpus: 16
      cpus-online: 16
      ticks-per-second: 100

metrics:
    - stressor: cpu
      bogo-ops: 59854
      bogo-ops-per-second-usr-sys-time: 2992.763746
      bogo-ops-per-second-real-time: 2992.698323
      wall-clock-time: 20.000011
      user-time: 19.997575
      system-time: 0.001999
      cpu-usage-per-instance: 99.997814
      max-rss: 976

...
