BaselineInfo:
  WebDBID: -1
  TimeStamp: 20260617184044
Version:
  Major: 11
  Minor: 0
  Build: 1004
  SpecialBuildName: ""
  ptArchitecture: x86_64_linux
Results:
  Results Complete: true
  NumTestProcesses: 12
  CPU_INTEGER_MATH: 34932.615333333335
  CPU_FLOATINGPOINT_MATH: 18785.976489848941
  CPU_PRIME: 71.201315937957546
  CPU_SORTING: 21962.797595814165
  CPU_ENCRYPTION: 4848.3318950633275
  CPU_COMPRESSION: 164481.21157295594
  CPU_SINGLETHREAD: 1965.7683449519291
  CPU_PHYSICS: 1239.2267099275482
  CPU_MATRIX_MULT_SSE: 9805.516807970891
  CPU_mm: 1064.8503512865582
  CPU_sse: 3827.9902363140523
  CPU_fma: 11779.148121840366
  CPU_avx: 8326.7176504241488
  CPU_avx512: 15288.211223304997
  m_CPU_enc_SHA: 1584851602.9590316
  m_CPU_enc_AES: 12232776518.922335
  m_CPU_enc_ECDSA: 1433905273.7124019
  ME_ALLOC_S: 4214.521823064395
  ME_READ_S: 22394.857226562501
  ME_READ_L: 9652.767578125
  ME_WRITE: 9465.9521484375
  ME_LARGE: 14509.75
  ME_LATENCY: 55.908602236543267
  ME_THREADED: 66973.3779296875
  SUMM_CPU: 11934.413136860026
  SUMM_ME: 2276.6071846999243
SystemInformation:
  OSName: Ubuntu 24.04.4 LTS
  Kernel: 6.8.0-117-generic
  Device: ""
  Processor: Intel(R) Xeon(R) Platinum 8269CY CPU @ 2.50GHz
  NumSockets: 1
  Manufacturer: GenuineIntel
  NumCores: 6
  NumLogicals: 12
  CPUFrequency: 0
  CPUMaxFrequency: 0
  Memory: 22855
  CPUInfo:
    number: 1
    Family: 6
    Model: 5
    stepping: 7
    features: 529267711
    manufacture: GenuineIntel
    typestring: Intel(R) Xeon(R) Platinum 8269CY CPU @ 2.50GHz
    iCoresPerPackage: 6
    iThreadsPerPackage: 2
    featuresEx:
      - 529267711
      - 4277809667
      - 739248128
    bHybrid: false
    nPCore: 0
    nLogicalsPerPCore: 0
    nECore: 0
    nLogicalsPerECore: 0
  MemModuleInfo:
    iNumMemSticks: 2
    DIMM 1:
      manufacturer: Alibaba Cloud
      modulePartNo: Not Specified
      memType: RAM
      size: 16
      clkspeed: 0
      moduleVoltage: 0
    DIMM 2:
      manufacturer: Alibaba Cloud
      modulePartNo: Not Specified
      memType: RAM
      size: 8
      clkspeed: 0
      moduleVoltage: 0
Checksum: 28CFC638315DCFF509E116C3AD30AB7E4A6F2DE8