BaselineInfo:
  WebDBID: -1
  TimeStamp: 20241107093609
Version:
  Major: 11
  Minor: 0
  Build: 1002
  SpecialBuildName: ""
  ptArchitecture: x86_64_linux
Results:
  Results Complete: true
  NumTestProcesses: 4
  CPU_INTEGER_MATH: 9703.7593333333316
  CPU_FLOATINGPOINT_MATH: 5970.0654868880929
  CPU_PRIME: 17.588710964755244
  CPU_SORTING: 5157.9615586419977
  CPU_ENCRYPTION: 1338.8790407219021
  CPU_COMPRESSION: 43153.794749138142
  CPU_SINGLETHREAD: 1614.0737462192094
  CPU_PHYSICS: 370.2034564814964
  CPU_MATRIX_MULT_SSE: 2148.2775472661815
  CPU_mm: 299.54942635825074
  CPU_sse: 1114.4480276549007
  CPU_fma: 3194.3243445488447
  CPU_avx: 2136.0602695947987
  CPU_avx512: 0
  m_CPU_enc_SHA: 436221611.22818685
  m_CPU_enc_AES: 3394220010.9728699
  m_CPU_enc_ECDSA: 381307664.8109709
  ME_ALLOC_S: 1131.5366784942717
  ME_READ_S: 18974.0244140625
  ME_READ_L: 8528.177734375
  ME_WRITE: 8439.337890625
  ME_LARGE: 678.66666666666663
  ME_LATENCY: 61.386529805343741
  ME_THREADED: 21770.42919921875
  SUMM_CPU: 3374.0277276441298
  SUMM_ME: 987.38267845039843
SystemInformation:
  OSName: Ubuntu 24.04.1 LTS
  Kernel: 6.8.0-1015-gcp
  Device: ""
  Processor: Intel Xeon CPU @ 2.30GHz
  NumSockets: 1
  Manufacturer: GenuineIntel
  NumCores: 2
  NumLogicals: 4
  CPUFrequency: 0
  Memory: 3508
  MemModuleInfo:
    iNumMemSticks: 1
    DIMM 1:
      manufacturer: ""
      modulePartNo: ""
      memType: RAM
      size: 3686
      clkspeed: 0
      moduleVoltage: 0
Checksum: 11C9937EF5F7AAFDE8EF4B2F02F2928FD51D7820