BaselineInfo:
  WebDBID: -1
  TimeStamp: 20260404213631
Version:
  Major: 11
  Minor: 0
  Build: 1004
  SpecialBuildName: ""
  ptArchitecture: aarch64_linux
Results:
  Results Complete: true
  NumTestProcesses: 32
  CPU_INTEGER_MATH: 151883.83900000001
  CPU_FLOATINGPOINT_MATH: 115343.21144278019
  CPU_PRIME: 149.06335861604245
  CPU_SORTING: 106878.4823283844
  CPU_ENCRYPTION: 5172.6449875431945
  CPU_COMPRESSION: 183113.19452833373
  CPU_SINGLETHREAD: 1333.4205066682782
  CPU_PHYSICS: 2733.8137959369769
  CPU_MATRIX_MULT_SSE: 23911.299752130293
  CPU_mm: 4018.4144321819522
  CPU_sse: 19950.733282148649
  CPU_fma: 27871.866222111948
  CPU_avx: 0
  CPU_avx512: 0
  m_CPU_enc_SHA: 7751601666.0302038
  m_CPU_enc_AES: 3646176202.8051081
  m_CPU_enc_ECDSA: 4873956302.5389662
  ME_ALLOC_S: 14851.848078837116
  ME_READ_S: 11381.9576171875
  ME_READ_L: 8650.4287109375
  ME_WRITE: 15025.6796875
  ME_LARGE: 110584.83333333333
  ME_LATENCY: 66.953869833978516
  ME_THREADED: 155181.6328125
  SUMM_CPU: 20404.810844577187
  SUMM_ME: 1989.227483001315
SystemInformation:
  OSName: Ubuntu 24.04.4 LTS
  Kernel: 6.8.0-106-generic
  Device: ""
  Processor: ARM Neoverse-N1 32 Core 0 MHz
  NumSockets: 1
  Manufacturer: ARM
  NumCores: 32
  NumLogicals: 32
  CPUFrequency: 0
  CPUMaxFrequency: 0
  Memory: 125350
Checksum: 8B32BE6076C570A0CE6BE8460E32CD99B2DEB497