---
system-info:
      stress-ng-version: 0.17.08
      run-by: root
      date-yyyy-mm-dd: 2024:09:03
      time-hh-mm-ss: 15:36:58
      epoch-secs: 1725377818
      hostname: sc-runner
      sysname: Linux
      nodename: sc-runner
      release: 6.8.0-1013-azure
      version: '#15-Ubuntu SMP Thu Aug  8 18:40:40 UTC 2024'
      machine: x86_64
      compiler: 'musl-gcc 13.2.1'
      uptime: 434
      totalram: 58969128960
      freeram: 50389606400
      sharedram: 46493696
      bufferram: 218460160
      totalswap: 0
      freeswap: 0
      pagesize: 4096
      cpus: 4
      cpus-online: 4
      ticks-per-second: 100

metrics:
    - stressor: cpu
      bogo-ops: 15971
      bogo-ops-per-second-usr-sys-time: 798.598914
      bogo-ops-per-second-real-time: 798.546487
      wall-clock-time: 20.000088
      user-time: 19.997772
      system-time: 0.001003
      cpu-usage-per-instance: 99.993435
      max-rss: 3024

...
