---
system-info:
      stress-ng-version: 0.17.08
      run-by: root
      date-yyyy-mm-dd: 2024:09:22
      time-hh-mm-ss: 16:12:12
      epoch-secs: 1727021532
      hostname: sc-runner
      sysname: Linux
      nodename: sc-runner
      release: 6.8.0-1014-azure
      version: '#16-Ubuntu SMP Thu Aug 15 20:04:41 UTC 2024'
      machine: x86_64
      compiler: 'musl-gcc 13.2.1'
      uptime: 406
      totalram: 58969124864
      freeram: 48698331136
      sharedram: 46493696
      bufferram: 254631936
      totalswap: 0
      freeswap: 0
      pagesize: 4096
      cpus: 4
      cpus-online: 4
      ticks-per-second: 100

metrics:
    - stressor: cpu
      bogo-ops: 17691
      bogo-ops-per-second-usr-sys-time: 884.592460
      bogo-ops-per-second-real-time: 884.542302
      wall-clock-time: 20.000174
      user-time: 19.998038
      system-time: 0.001002
      cpu-usage-per-instance: 99.994330
      max-rss: 3152

...
