---
system-info:
      stress-ng-version: 0.17.08
      run-by: root
      date-yyyy-mm-dd: 2024:06:13
      time-hh-mm-ss: 13:41:06
      epoch-secs: 1718286066
      hostname: 5393f7178609
      sysname: Linux
      nodename: 5393f7178609
      release: 6.8.0-1008-aws
      version: '#8-Ubuntu SMP Sat Apr 20 02:43:14 UTC 2024'
      machine: aarch64
      compiler: 'musl-gcc 13.2.1'
      uptime: 179
      totalram: 8107872256
      freeram: 3887091712
      sharedram: 35020800
      bufferram: 106364928
      totalswap: 0
      freeswap: 0
      pagesize: 4096
      cpus: 2
      cpus-online: 2
      ticks-per-second: 100

metrics:
    - stressor: cpu
      bogo-ops: 30394
      bogo-ops-per-second-usr-sys-time: 1519.865285
      bogo-ops-per-second-real-time: 1519.692011
      wall-clock-time: 20.000105
      user-time: 19.995826
      system-time: 0.001999
      cpu-usage-per-instance: 99.988599
      max-rss: 1192

...
