---
system-info:
      stress-ng-version: 0.17.08
      run-by: root
      date-yyyy-mm-dd: 2024:06:07
      time-hh-mm-ss: 22:40:54
      epoch-secs: 1717800054
      hostname: 7c4060cf1d95
      sysname: Linux
      nodename: 7c4060cf1d95
      release: 6.8.0-1008-aws
      version: '#8-Ubuntu SMP Sat Apr 20 02:43:14 UTC 2024'
      machine: aarch64
      compiler: 'musl-gcc 13.2.1'
      uptime: 133
      totalram: 8107872256
      freeram: 3905667072
      sharedram: 35020800
      bufferram: 93630464
      totalswap: 0
      freeswap: 0
      pagesize: 4096
      cpus: 2
      cpus-online: 2
      ticks-per-second: 100

metrics:
    - stressor: cpu
      bogo-ops: 2940
      bogo-ops-per-second-usr-sys-time: 292.835044
      bogo-ops-per-second-real-time: 292.781881
      wall-clock-time: 10.041605
      user-time: 10.039782
      system-time: 0.000000
      cpu-usage-per-instance: 99.981846
      max-rss: 4008

...
