BaselineInfo:
  WebDBID: -1
  TimeStamp: 20260214000654
Version:
  Major: 11
  Minor: 0
  Build: 1004
  SpecialBuildName: ""
  ptArchitecture: x86_64_linux
Results:
  Results Complete: true
  NumTestProcesses: 24
  CPU_INTEGER_MATH: 203867.34099999993
  CPU_FLOATINGPOINT_MATH: 204427.8452156205
  CPU_PRIME: 758.2533000311771
  CPU_SORTING: 120169.15680083286
  CPU_ENCRYPTION: 42472.318828166928
  CPU_COMPRESSION: 894669.14160396252
  CPU_SINGLETHREAD: 4255.9795991883157
  CPU_PHYSICS: 10729.555133529206
  CPU_MATRIX_MULT_SSE: 83222.240114712418
  CPU_mm: 9756.140268117435
  CPU_sse: 29388.474735540083
  CPU_fma: 115710.2093044504
  CPU_avx: 59248.382450557488
  CPU_avx512: 128541.89396830171
  m_CPU_enc_SHA: 58954317742.16423
  m_CPU_enc_AES: 36858862437.697624
  m_CPU_enc_ECDSA: 37793182382.830025
  ME_ALLOC_S: 34142.145140349479
  ME_READ_S: 37834.946875000001
  ME_READ_L: 35857.90234375
  ME_WRITE: 35747.9453125
  ME_LARGE: 81788.333333333328
  ME_LATENCY: 82.675996282775813
  ME_THREADED: 474023.08203125
  SUMM_CPU: 72661.561387144757
  SUMM_ME: 2961.5172417266572
SystemInformation:
  OSName: Ubuntu 24.04.3 LTS
  Kernel: 6.14.0-1018-aws
  Device: ""
  Processor: AMD EPYC 9R05
  NumSockets: 1
  Manufacturer: AuthenticAMD
  NumCores: 24
  NumLogicals: 24
  CPUFrequency: 0
  CPUMaxFrequency: 0
  Memory: 94755
  CPUInfo:
    number: 1
    Family: 15
    Model: 2
    stepping: 1
    features: 395049983
    manufacture: AuthenticAMD
    typestring: AMD EPYC 9R05
    iCoresPerPackage: 24
    iThreadsPerPackage: 1
    featuresEx:
      - 395049983
      - 4277809667
      - 802421759
    bHybrid: false
    nPCore: 0
    nLogicalsPerPCore: 0
    nECore: 0
    nLogicalsPerECore: 0
  MemModuleInfo:
    iNumMemSticks: 1
    DIMM 1:
      manufacturer: Not Specified
      modulePartNo: Not Specified
      memType: DDR5
      size: 96
      clkspeed: 3200
      moduleVoltage: 0
Checksum: F5363BA71E8A99FFBED84A5A5C4E92C778155299