---
system-info:
      stress-ng-version: 0.17.08
      run-by: root
      date-yyyy-mm-dd: 2024:06:15
      time-hh-mm-ss: 18:42:24
      epoch-secs: 1718476944
      hostname: f42dbbea8016
      sysname: Linux
      nodename: f42dbbea8016
      release: 6.8.0-1008-aws
      version: '#8-Ubuntu SMP Sat Apr 20 00:46:25 UTC 2024'
      machine: x86_64
      compiler: 'musl-gcc 13.2.1'
      uptime: 154
      totalram: 1612482588672
      freeram: 1603543605248
      sharedram: 203264000
      bufferram: 112295936
      totalswap: 0
      freeswap: 0
      pagesize: 4096
      cpus: 192
      cpus-online: 192
      ticks-per-second: 100

metrics:
    - stressor: cpu
      bogo-ops: 62281
      bogo-ops-per-second-usr-sys-time: 3114.319077
      bogo-ops-per-second-real-time: 3114.045805
      wall-clock-time: 20.000027
      user-time: 19.997273
      system-time: 0.000999
      cpu-usage-per-instance: 99.991225
      max-rss: 0

...
