---
system-info:
      stress-ng-version: 0.17.08
      run-by: root
      date-yyyy-mm-dd: 2024:06:09
      time-hh-mm-ss: 15:42:00
      epoch-secs: 1717947720
      hostname: 9ccc3d0c1dd4
      sysname: Linux
      nodename: 9ccc3d0c1dd4
      release: 6.8.0-1008-aws
      version: '#8-Ubuntu SMP Sat Apr 20 00:46:25 UTC 2024'
      machine: x86_64
      compiler: 'musl-gcc 13.2.1'
      uptime: 134
      totalram: 1612482535424
      freeram: 1602945769472
      sharedram: 203264000
      bufferram: 111886336
      totalswap: 0
      freeswap: 0
      pagesize: 4096
      cpus: 192
      cpus-online: 192
      ticks-per-second: 100

metrics:
    - stressor: cpu
      bogo-ops: 17839
      bogo-ops-per-second-usr-sys-time: 1783.950307
      bogo-ops-per-second-real-time: 1783.867592
      wall-clock-time: 10.000182
      user-time: 9.999718
      system-time: 0.000000
      cpu-usage-per-instance: 99.995363
      max-rss: 3072

...
