"size","threads","connections","rps","latency","failed","server_usr","server_sys","client_usr","client_sys"
"1k",1,1,34669,0.000028460,0,1.82,2.94,0.82,4.41
"1k",1,2,38915,0.000043150,0,1.89,3.08,0.86,4.16
"1k",1,4,46600,0.000069050,0,1.95,3.02,0.89,4.14
"1k",1,8,56279,0.000114490,0,1.92,3.08,0.75,4.23
"1k",1,16,66350,0.000196750,0,1.80,3.33,0.74,4.12
"1k",1,32,83351,0.000317750,0,1.96,3.30,0.89,3.85
"1k",2,2,35463,0.000059350,0,1.55,2.73,0.96,4.76
"1k",2,4,44393,0.000087460,0,1.75,2.99,0.85,4.40
"1k",2,8,51782,0.000148380,0,1.76,3.14,0.75,4.33
"1k",2,16,61016,0.000247570,0,1.76,3.16,0.74,4.34
"1k",2,32,72491,0.000409940,0,1.72,3.27,0.83,4.09
"1k",4,4,39047,0.000109570,0,1.53,3.11,0.88,4.46
"1k",4,8,46183,0.000176900,0,1.67,3.11,0.86,4.37
"1k",4,16,53626,0.000298170,0,1.60,3.14,0.86,4.40
"1k",4,32,61767,0.000504540,0,1.64,3.09,0.88,4.37
"16k",1,1,28727,0.000034810,0,1.71,2.79,0.84,4.65
"16k",1,2,33426,0.000050610,0,1.93,2.98,0.85,4.24
"16k",1,4,38322,0.000081050,0,1.87,3.01,0.76,4.35
"16k",1,8,46421,0.000129210,0,1.84,3.07,0.73,4.35
"16k",1,16,57343,0.000217300,0,1.85,3.14,0.81,4.17
"16k",1,32,63021,0.000367980,0,1.80,3.09,0.80,4.21
"16k",2,2,31994,0.000065670,0,1.63,3.08,0.87,4.41
"16k",2,4,37876,0.000103020,0,1.75,3.05,0.83,4.38
"16k",2,8,44173,0.000170930,0,1.71,3.01,0.79,4.47
"16k",2,16,52176,0.000282860,0,1.73,3.06,0.81,4.39
"16k",2,32,60348,0.000480910,0,1.71,3.14,0.82,4.32
"16k",4,4,33974,0.000127480,0,1.55,2.97,0.89,4.57
"16k",4,8,40980,0.000199320,0,1.60,3.01,0.84,4.54
"16k",4,16,46734,0.000339650,0,1.66,3.00,0.88,4.45
"16k",4,32,50376,0.000618300,0,1.58,3.07,0.92,4.39
"64k",1,1,19777,0.000051170,0,1.38,3.36,0.73,4.53
"64k",1,2,20288,0.000079830,0,1.39,3.38,0.66,4.57
"64k",1,4,22414,0.000131850,0,1.42,3.23,0.66,4.68
"64k",1,8,25945,0.000216870,0,1.52,3.15,0.63,4.69
"64k",1,16,28606,0.000377860,0,1.53,3.10,0.62,4.76
"64k",1,32,31193,0.000679190,0,1.46,3.11,0.65,4.66
"64k",2,2,19952,0.000102240,0,1.26,3.22,0.74,4.77
"64k",2,4,22356,0.000170470,0,1.29,3.08,0.69,4.93
"64k",2,8,25605,0.000288560,0,1.30,3.07,0.68,4.93
"64k",2,16,30567,0.000470860,0,1.31,3.20,0.73,4.75
"64k",2,32,33274,0.000860000,0,1.38,3.11,0.69,4.71
"64k",4,4,21994,0.000188230,0,1.24,3.15,0.71,4.88
"64k",4,8,24543,0.000323400,0,1.28,3.13,0.79,4.78
"64k",4,16,26950,0.000575450,0,1.34,3.09,0.77,4.79
"64k",4,32,28772,0.001070000,0,1.21,3.24,0.74,4.69
"256k",1,1,9014,0.000111520,0,1.23,3.60,0.63,4.53
"256k",1,2,9407,0.000169810,0,1.21,3.50,0.70,4.60
"256k",1,4,10407,0.000285990,0,1.27,3.51,0.64,4.56
"256k",1,8,11251,0.000506640,0,1.33,3.40,0.61,4.55
"256k",1,16,12208,0.000930000,0,1.38,3.31,0.63,4.60
"256k",2,2,9273,0.000216590,0,1.10,3.41,0.69,4.78
"256k",2,4,10471,0.000363690,0,1.24,3.40,0.65,4.69
"256k",2,8,11401,0.000640840,0,1.29,3.39,0.68,4.64
"256k",2,16,11955,0.001210000,0,1.26,3.37,0.69,4.57
"256k",4,4,9677,0.000415540,0,1.15,3.26,0.71,4.88
"256k",4,8,10368,0.000751860,0,1.14,3.44,0.69,4.74
"256k",4,16,10816,0.001430000,0,1.12,3.45,0.68,4.64
"512k",1,1,5144,0.000194460,0,1.08,2.97,0.58,5.36
"512k",1,2,5198,0.000309790,0,1.02,3.01,0.57,5.30
"512k",1,4,5902,0.000501650,0,1.27,3.28,0.63,4.80
"512k",1,8,6490,0.000890000,0,1.17,3.54,0.63,4.58
"512k",1,16,6828,0.001860000,0,1.10,3.64,0.62,4.57
"512k",2,2,5207,0.000384210,0,1.05,3.02,0.66,5.27
"512k",2,4,5820,0.000649270,0,1.13,3.25,0.62,4.90
"512k",2,8,6311,0.001170000,0,1.09,3.58,0.62,4.61
"512k",2,16,6609,0.002210000,0,1.09,3.64,0.71,4.50
"512k",4,4,5587,0.000716750,0,1.07,3.42,0.66,4.85
"512k",4,8,5784,0.001350000,0,1.02,3.57,0.71,4.61
"512k",4,16,5966,0.002610000,0,1.07,3.54,0.63,4.66
