---
system-info:
      stress-ng-version: 0.17.08
      run-by: root
      date-yyyy-mm-dd: 2024:09:20
      time-hh-mm-ss: 13:56:09
      epoch-secs: 1726840569
      hostname: ip-172-31-23-194
      sysname: Linux
      nodename: ip-172-31-23-194
      release: 6.8.0-1014-aws
      version: '#15-Ubuntu SMP Thu Aug  8 20:05:03 UTC 2024'
      machine: aarch64
      compiler: 'musl-gcc 13.2.1'
      uptime: 193
      totalram: 1062696046592
      freeram: 1051876999168
      sharedram: 39604224
      bufferram: 246956032
      totalswap: 0
      freeswap: 0
      pagesize: 4096
      cpus: 64
      cpus-online: 64
      ticks-per-second: 100

metrics:
    - stressor: cpu
      bogo-ops: 34136
      bogo-ops-per-second-usr-sys-time: 1706.747944
      bogo-ops-per-second-real-time: 1706.796154
      wall-clock-time: 20.000045
      user-time: 20.000610
      system-time: 0.000000
      cpu-usage-per-instance: 100.002825
      max-rss: 1024

...
