BaselineInfo:
  WebDBID: -1
  TimeStamp: 20241106221543
Version:
  Major: 11
  Minor: 0
  Build: 1002
  SpecialBuildName: ""
  ptArchitecture: x86_64_linux
Results:
  Results Complete: true
  NumTestProcesses: 2
  CPU_INTEGER_MATH: 4707.442
  CPU_FLOATINGPOINT_MATH: 2990.5852310525906
  CPU_PRIME: 8.1623284741658786
  CPU_SORTING: 2537.0783015734537
  CPU_ENCRYPTION: 635.62304526144487
  CPU_COMPRESSION: 24104.67699923223
  CPU_SINGLETHREAD: 1114.0070021890278
  CPU_PHYSICS: 180.25214189540236
  CPU_MATRIX_MULT_SSE: 1405.429466069721
  CPU_mm: 133.31676222321227
  CPU_sse: 532.85896049637927
  CPU_fma: 1812.9413970662645
  CPU_avx: 1280.7846044279709
  CPU_avx512: 1995.1329022882685
  m_CPU_enc_SHA: 219518989.77230349
  m_CPU_enc_AES: 1560158839.9130871
  m_CPU_enc_ECDSA: 219819381.23880383
  ME_ALLOC_S: 466.5536197834839
  ME_READ_S: 17784.6357421875
  ME_READ_L: 6830.75244140625
  ME_WRITE: 6854.46240234375
  ME_LARGE: 596
  ME_LATENCY: 74.927253336187803
  ME_THREADED: 10259.7197265625
  SUMM_CPU: 1749.1826032485226
  SUMM_ME: 773.08800132419879
SystemInformation:
  OSName: Ubuntu 24.04.1 LTS
  Kernel: 6.8.0-1016-aws
  Device: ""
  Processor: Intel Xeon Platinum 8259CL CPU @ 2.50GHz
  NumSockets: 1
  Manufacturer: GenuineIntel
  NumCores: 1
  NumLogicals: 2
  CPUFrequency: 0
  Memory: 1910
  MemModuleInfo:
    iNumMemSticks: 1
    DIMM 1:
      manufacturer: Not Specified
      modulePartNo: Not Specified
      memType: DDR4
      size: 2
      clkspeed: 1466
      moduleVoltage: 0
Checksum: 6552557218E6E1D75BE35769E9916E8235022854