BaselineInfo:
  WebDBID: -1
  TimeStamp: 20241114171945
Version:
  Major: 11
  Minor: 0
  Build: 1002
  SpecialBuildName: ""
  ptArchitecture: x86_64_linux
Results:
  Results Complete: true
  NumTestProcesses: 2
  CPU_INTEGER_MATH: 4703.2766666666666
  CPU_FLOATINGPOINT_MATH: 2380.7480249699597
  CPU_PRIME: 6.5733259339229431
  CPU_SORTING: 2392.474969684496
  CPU_ENCRYPTION: 677.48806244556863
  CPU_COMPRESSION: 20787.404330236452
  CPU_SINGLETHREAD: 1337.3365248452524
  CPU_PHYSICS: 161.26569822154542
  CPU_MATRIX_MULT_SSE: 1368.0067759754793
  CPU_mm: 141.31562615827383
  CPU_sse: 495.95912369218581
  CPU_fma: 1768.7621143358247
  CPU_avx: 1258.2840737334427
  CPU_avx512: 1949.0217921404637
  m_CPU_enc_SHA: 202557222.91271764
  m_CPU_enc_AES: 1746079305.3800418
  m_CPU_enc_ECDSA: 182556639.40801412
  ME_ALLOC_S: 489.52783693232209
  ME_READ_S: 15324.62001953125
  ME_READ_L: 7114.25927734375
  ME_WRITE: 6581.23388671875
  ME_LARGE: 605.33333333333337
  ME_LATENCY: 85.428157156141936
  ME_THREADED: 9401.53759765625
  SUMM_CPU: 1635.9026275624269
  SUMM_ME: 748.92694110327682
SystemInformation:
  OSName: Ubuntu 24.04.1 LTS
  Kernel: 6.8.0-1018-aws
  Device: ""
  Processor: Intel Xeon Platinum 8259CL CPU @ 2.50GHz
  NumSockets: 1
  Manufacturer: GenuineIntel
  NumCores: 1
  NumLogicals: 2
  CPUFrequency: 0
  Memory: 1910
  MemModuleInfo:
    iNumMemSticks: 1
    DIMM 1:
      manufacturer: Not Specified
      modulePartNo: Not Specified
      memType: DDR4
      size: 2
      clkspeed: 1466
      moduleVoltage: 0
Checksum: 1066C6A1A6096A9B8676020920AD08AE4CAF981A