BaselineInfo:
  WebDBID: -1
  TimeStamp: 20241115095349
Version:
  Major: 11
  Minor: 0
  Build: 1002
  SpecialBuildName: ""
  ptArchitecture: x86_64_linux
Results:
  Results Complete: true
  NumTestProcesses: 2
  CPU_INTEGER_MATH: 4894.8583333333336
  CPU_FLOATINGPOINT_MATH: 2808.4284965295647
  CPU_PRIME: 9.4901344416261146
  CPU_SORTING: 2921.0272184349651
  CPU_ENCRYPTION: 775.25381490853181
  CPU_COMPRESSION: 25094.308776227008
  CPU_SINGLETHREAD: 1366.1954130546155
  CPU_PHYSICS: 226.71606066857436
  CPU_MATRIX_MULT_SSE: 1430.0423175359788
  CPU_mm: 170.50318390043753
  CPU_sse: 610.36758740052596
  CPU_fma: 1819.0627141020514
  CPU_avx: 1285.3102370726201
  CPU_avx512: 2005.4287315687177
  m_CPU_enc_SHA: 254930771.1518355
  m_CPU_enc_AES: 1957433569.0090716
  m_CPU_enc_ECDSA: 226373292.50367892
  ME_ALLOC_S: 564.86865018809976
  ME_READ_S: 16742.025000000001
  ME_READ_L: 7651.0517578125
  ME_WRITE: 7461.32861328125
  ME_LARGE: 613.83333333333337
  ME_LATENCY: 76.041141495674268
  ME_THREADED: 11155.1494140625
  SUMM_CPU: 1893.7990117556978
  SUMM_ME: 807.58462420701881
SystemInformation:
  OSName: Ubuntu 24.04.1 LTS
  Kernel: 6.8.0-1018-aws
  Device: ""
  Processor: Intel Xeon Platinum 8259CL CPU @ 2.50GHz
  NumSockets: 1
  Manufacturer: GenuineIntel
  NumCores: 1
  NumLogicals: 2
  CPUFrequency: 0
  Memory: 1910
  MemModuleInfo:
    iNumMemSticks: 1
    DIMM 1:
      manufacturer: Not Specified
      modulePartNo: Not Specified
      memType: DDR4
      size: 2
      clkspeed: 1466
      moduleVoltage: 0
Checksum: 050CBF4796874A86F3FDD3E1AF8087DBCF601895