---
system-info:
      stress-ng-version: 0.17.08
      run-by: root
      date-yyyy-mm-dd: 2024:09:19
      time-hh-mm-ss: 08:18:16
      epoch-secs: 1726733896
      hostname: sc-runner
      sysname: Linux
      nodename: sc-runner
      release: 6.8.0-1014-azure
      version: '#16-Ubuntu SMP Thu Aug 15 21:06:50 UTC 2024'
      machine: aarch64
      compiler: 'musl-gcc 13.2.1'
      uptime: 331
      totalram: 219088855040
      freeram: 208179294208
      sharedram: 38387712
      bufferram: 287727616
      totalswap: 0
      freeswap: 0
      pagesize: 4096
      cpus: 32
      cpus-online: 32
      ticks-per-second: 100

metrics:
    - stressor: cpu
      bogo-ops: 1144809
      bogo-ops-per-second-usr-sys-time: 1789.715478
      bogo-ops-per-second-real-time: 57240.273973
      wall-clock-time: 20.000062
      user-time: 639.635788
      system-time: 0.023987
      cpu-usage-per-instance: 99.946532
      max-rss: 1280

...
