---
system-info:
      stress-ng-version: 0.17.08
      run-by: root
      date-yyyy-mm-dd: 2024:09:15
      time-hh-mm-ss: 20:04:49
      epoch-secs: 1726430689
      hostname: sc-runner
      sysname: Linux
      nodename: sc-runner
      release: 6.8.0-1014-azure
      version: '#16-Ubuntu SMP Thu Aug 15 20:04:41 UTC 2024'
      machine: x86_64
      compiler: 'musl-gcc 13.2.1'
      uptime: 248
      totalram: 8322961408
      freeram: 170737664
      sharedram: 54861824
      bufferram: 206725120
      totalswap: 0
      freeswap: 0
      pagesize: 4096
      cpus: 1
      cpus-online: 1
      ticks-per-second: 100

metrics:
    - stressor: cpu
      bogo-ops: 37533
      bogo-ops-per-second-usr-sys-time: 1897.717127
      bogo-ops-per-second-real-time: 1876.644094
      wall-clock-time: 20.000063
      user-time: 19.769034
      system-time: 0.008940
      cpu-usage-per-instance: 98.889559
      max-rss: 3256

...
