---
system-info:
      stress-ng-version: 0.17.08
      run-by: root
      date-yyyy-mm-dd: 2024:09:03
      time-hh-mm-ss: 09:40:25
      epoch-secs: 1725356425
      hostname: sc-runner
      sysname: Linux
      nodename: sc-runner
      release: 6.8.0-1013-azure
      version: '#15-Ubuntu SMP Thu Aug  8 18:40:40 UTC 2024'
      machine: x86_64
      compiler: 'musl-gcc 13.2.1'
      uptime: 361
      totalram: 67420614656
      freeram: 58737967104
      sharedram: 38137856
      bufferram: 211390464
      totalswap: 0
      freeswap: 0
      pagesize: 4096
      cpus: 16
      cpus-online: 16
      ticks-per-second: 100

metrics:
    - stressor: cpu
      bogo-ops: 54057
      bogo-ops-per-second-usr-sys-time: 2702.819593
      bogo-ops-per-second-real-time: 2702.844555
      wall-clock-time: 20.000040
      user-time: 20.000225
      system-time: 0.000000
      cpu-usage-per-instance: 100.000924
      max-rss: 3024

...
