---
system-info:
      stress-ng-version: 0.17.08
      run-by: root
      date-yyyy-mm-dd: 2024:09:17
      time-hh-mm-ss: 08:19:19
      epoch-secs: 1726561159
      hostname: sc-runner
      sysname: Linux
      nodename: sc-runner
      release: 6.8.0-1014-azure
      version: '#16-Ubuntu SMP Thu Aug 15 20:04:41 UTC 2024'
      machine: x86_64
      compiler: 'musl-gcc 13.2.1'
      uptime: 399
      totalram: 270438891520
      freeram: 258612641792
      sharedram: 79777792
      bufferram: 247767040
      totalswap: 0
      freeswap: 0
      pagesize: 4096
      cpus: 64
      cpus-online: 64
      ticks-per-second: 100

metrics:
    - stressor: cpu
      bogo-ops: 28762
      bogo-ops-per-second-usr-sys-time: 1438.100575
      bogo-ops-per-second-real-time: 1438.099777
      wall-clock-time: 20.000003
      user-time: 19.997993
      system-time: 0.001999
      cpu-usage-per-instance: 99.999945
      max-rss: 2560

...
