BaselineInfo:
  WebDBID: -1
  TimeStamp: 20241111094529
Version:
  Major: 11
  Minor: 0
  Build: 1002
  SpecialBuildName: ""
  ptArchitecture: aarch64_linux
Results:
  Results Complete: true
  NumTestProcesses: 8
  CPU_INTEGER_MATH: 31573.605333333333
  CPU_FLOATINGPOINT_MATH: 23970.348995723638
  CPU_PRIME: 60.307907784009586
  CPU_SORTING: 22912.918665617559
  CPU_ENCRYPTION: 1092.1531545650025
  CPU_COMPRESSION: 37736.808039314252
  CPU_SINGLETHREAD: 1110.5374640477698
  CPU_PHYSICS: 1154.7109415059008
  CPU_MATRIX_MULT_SSE: 4967.9793749227783
  CPU_mm: 834.74537358340081
  CPU_sse: 4145.3029005726994
  CPU_fma: 5790.6558492728573
  CPU_avx: 0
  CPU_avx512: 0
  m_CPU_enc_SHA: 1641765264.3996644
  m_CPU_enc_AES: 757156042.39657426
  m_CPU_enc_ECDSA: 1036695451.8072182
  ME_ALLOC_S: 5256.0090781691697
  ME_READ_S: 9478.4927734374996
  ME_READ_L: 9209.6083984375
  ME_WRITE: 12572.80078125
  ME_LARGE: 5772.25
  ME_LATENCY: 70.55542260757214
  ME_THREADED: 72769.794921875
  SUMM_CPU: 5241.4757182479934
  SUMM_ME: 1626.9260594860687
SystemInformation:
  OSName: Ubuntu 24.04.1 LTS
  Kernel: 6.8.0-1016-aws
  Device: ""
  Processor: ARM Neoverse-N1 8 Core 0 MHz
  NumSockets: 1
  Manufacturer: ARM
  NumCores: 8
  NumLogicals: 8
  CPUFrequency: 0
  Memory: 15672
Checksum: 40D0D602E8089060EF9C6BB301B83980DEEE2F59