---
system-info:
      stress-ng-version: 0.17.08
      run-by: root
      date-yyyy-mm-dd: 2024:09:18
      time-hh-mm-ss: 16:45:18
      epoch-secs: 1726677918
      hostname: ip-172-31-18-95
      sysname: Linux
      nodename: ip-172-31-18-95
      release: 6.8.0-1014-aws
      version: '#15-Ubuntu SMP Thu Aug  8 20:05:03 UTC 2024'
      machine: aarch64
      compiler: 'musl-gcc 13.2.1'
      uptime: 197
      totalram: 33024487424
      freeram: 23020871680
      sharedram: 39235584
      bufferram: 244346880
      totalswap: 0
      freeswap: 0
      pagesize: 4096
      cpus: 2
      cpus-online: 2
      ticks-per-second: 100

metrics:
    - stressor: cpu
      bogo-ops: 34136
      bogo-ops-per-second-usr-sys-time: 1707.219293
      bogo-ops-per-second-real-time: 1706.794466
      wall-clock-time: 20.000065
      user-time: 19.995088
      system-time: 0.000000
      cpu-usage-per-instance: 99.975116
      max-rss: 1192

...
