---
system-info:
      stress-ng-version: 0.17.08
      run-by: root
      date-yyyy-mm-dd: 2024:09:16
      time-hh-mm-ss: 14:44:48
      epoch-secs: 1726497888
      hostname: sc-runner
      sysname: Linux
      nodename: sc-runner
      release: 6.8.0-1014-azure
      version: '#16-Ubuntu SMP Thu Aug 15 20:04:41 UTC 2024'
      machine: x86_64
      compiler: 'musl-gcc 13.2.1'
      uptime: 315
      totalram: 67423420416
      freeram: 57282330624
      sharedram: 42070016
      bufferram: 228024320
      totalswap: 0
      freeswap: 0
      pagesize: 4096
      cpus: 8
      cpus-online: 8
      ticks-per-second: 100

metrics:
    - stressor: cpu
      bogo-ops: 148385
      bogo-ops-per-second-usr-sys-time: 931.036297
      bogo-ops-per-second-real-time: 7419.222505
      wall-clock-time: 20.000074
      user-time: 159.357184
      system-time: 0.018987
      cpu-usage-per-instance: 99.609738
      max-rss: 3252

...
