BaselineInfo:
  WebDBID: -1
  TimeStamp: 20241114232850
Version:
  Major: 11
  Minor: 0
  Build: 1002
  SpecialBuildName: ""
  ptArchitecture: x86_64_linux
Results:
  Results Complete: true
  NumTestProcesses: 2
  CPU_INTEGER_MATH: 8238.4376666666667
  CPU_FLOATINGPOINT_MATH: 4567.9137226957309
  CPU_PRIME: 19.09447015615271
  CPU_SORTING: 4616.583936666254
  CPU_ENCRYPTION: 2144.3523623858073
  CPU_COMPRESSION: 32016.07750011536
  CPU_SINGLETHREAD: 2326.5019404896298
  CPU_PHYSICS: 380.09757982123006
  CPU_MATRIX_MULT_SSE: 1758.3149708693156
  CPU_mm: 223.04151462140271
  CPU_sse: 935.17991231958661
  CPU_fma: 2580.9479899002545
  CPU_avx: 1758.8170103881062
  CPU_avx512: 0
  m_CPU_enc_SHA: 3094173294.8456745
  m_CPU_enc_AES: 1985151607.7600689
  m_CPU_enc_ECDSA: 1666224365.6174369
  ME_ALLOC_S: 905.26841142384251
  ME_READ_S: 24118.736914062501
  ME_READ_L: 18673.26171875
  ME_WRITE: 17551.748046875
  ME_LARGE: 7018
  ME_LATENCY: 66.521773608180666
  ME_THREADED: 22501.3427734375
  SUMM_CPU: 3119.3394608671074
  SUMM_ME: 1979.9701121796361
SystemInformation:
  OSName: Ubuntu 24.04.1 LTS
  Kernel: 6.8.0-1017-azure
  Device: ""
  Processor: AMD EPYC 7763 64-Core Processor
  NumSockets: 1
  Manufacturer: AuthenticAMD
  NumCores: 1
  NumLogicals: 2
  CPUFrequency: 0
  Memory: 15990
  MemModuleInfo:
    iNumMemSticks: 2
    DIMM 1:
      manufacturer: Microsoft Corporation
      modulePartNo: None
      memType: Unknown
      size: 1
      clkspeed: 0
      moduleVoltage: 0
    DIMM 2:
      manufacturer: Microsoft Corporation
      modulePartNo: None
      memType: Unknown
      size: 15
      clkspeed: 0
      moduleVoltage: 0
Checksum: D03A6D948D05312DE6D502B0A9E09DF56BB55896