BaselineInfo:
  WebDBID: -1
  TimeStamp: 20241115154942
Version:
  Major: 11
  Minor: 0
  Build: 1002
  SpecialBuildName: ""
  ptArchitecture: x86_64_linux
Results:
  Results Complete: true
  NumTestProcesses: 2
  CPU_INTEGER_MATH: 8261.7493333333332
  CPU_FLOATINGPOINT_MATH: 4581.1675592849078
  CPU_PRIME: 19.967124620822272
  CPU_SORTING: 4632.9977169399144
  CPU_ENCRYPTION: 2149.0252133251906
  CPU_COMPRESSION: 32033.911396195941
  CPU_SINGLETHREAD: 2333.0605644440575
  CPU_PHYSICS: 394.65777044545615
  CPU_MATRIX_MULT_SSE: 1750.6183843306544
  CPU_mm: 223.52756697613208
  CPU_sse: 949.02033596525962
  CPU_fma: 2586.4846554336045
  CPU_avx: 1716.3501615930986
  CPU_avx512: 0
  m_CPU_enc_SHA: 3111577078.7458239
  m_CPU_enc_AES: 1992411442.3936729
  m_CPU_enc_ECDSA: 1656260265.1235285
  ME_ALLOC_S: 947.78757316281224
  ME_READ_S: 24199.763281250001
  ME_READ_L: 19103.88671875
  ME_WRITE: 18372.2578125
  ME_LARGE: 6990
  ME_LATENCY: 64.421330110547288
  ME_THREADED: 22275.8193359375
  SUMM_CPU: 3131.4213193415712
  SUMM_ME: 2023.5605395954626
SystemInformation:
  OSName: Ubuntu 24.04.1 LTS
  Kernel: 6.8.0-1017-azure
  Device: ""
  Processor: AMD EPYC 7763 64-Core Processor
  NumSockets: 1
  Manufacturer: AuthenticAMD
  NumCores: 1
  NumLogicals: 2
  CPUFrequency: 0
  Memory: 15990
  MemModuleInfo:
    iNumMemSticks: 2
    DIMM 1:
      manufacturer: Microsoft Corporation
      modulePartNo: None
      memType: Unknown
      size: 1
      clkspeed: 0
      moduleVoltage: 0
    DIMM 2:
      manufacturer: Microsoft Corporation
      modulePartNo: None
      memType: Unknown
      size: 15
      clkspeed: 0
      moduleVoltage: 0
Checksum: 56A44EED07B80F5AC4F617FF6CBD623307CAEFAE