BaselineInfo:
  WebDBID: -1
  TimeStamp: 20241107044257
Version:
  Major: 11
  Minor: 0
  Build: 1002
  SpecialBuildName: ""
  ptArchitecture: x86_64_linux
Results:
  Results Complete: true
  NumTestProcesses: 2
  CPU_INTEGER_MATH: 8263.0983333333334
  CPU_FLOATINGPOINT_MATH: 4580.65395023368
  CPU_PRIME: 19.901609386136727
  CPU_SORTING: 4636.0937193802311
  CPU_ENCRYPTION: 2151.6498307981051
  CPU_COMPRESSION: 32289.313234587993
  CPU_SINGLETHREAD: 2331.2107212813312
  CPU_PHYSICS: 400.38074967176988
  CPU_MATRIX_MULT_SSE: 1755.3430189786807
  CPU_mm: 223.72563610622706
  CPU_sse: 947.85696283159746
  CPU_fma: 2587.5902555594175
  CPU_avx: 1730.5818385450275
  CPU_avx512: 0
  m_CPU_enc_SHA: 3105487884.3162947
  m_CPU_enc_AES: 1991119379.6650953
  m_CPU_enc_ECDSA: 1671897854.955471
  ME_ALLOC_S: 921.64440640698274
  ME_READ_S: 24168.120312499999
  ME_READ_L: 18012.22265625
  ME_WRITE: 17554.703125
  ME_LARGE: 6086
  ME_LATENCY: 64.349520633476359
  ME_THREADED: 22467.3583984375
  SUMM_CPU: 3139.0679404618245
  SUMM_ME: 1975.8288042020502
SystemInformation:
  OSName: Ubuntu 24.04.1 LTS
  Kernel: 6.8.0-1017-azure
  Device: ""
  Processor: AMD EPYC 7763 64-Core Processor
  NumSockets: 1
  Manufacturer: AuthenticAMD
  NumCores: 1
  NumLogicals: 2
  CPUFrequency: 0
  Memory: 15990
  MemModuleInfo:
    iNumMemSticks: 2
    DIMM 1:
      manufacturer: Microsoft Corporation
      modulePartNo: None
      memType: Unknown
      size: 1
      clkspeed: 0
      moduleVoltage: 0
    DIMM 2:
      manufacturer: Microsoft Corporation
      modulePartNo: None
      memType: Unknown
      size: 15
      clkspeed: 0
      moduleVoltage: 0
Checksum: E8F4C0F982688B84C0FF8541AD2EB84EBB81EC43