---
system-info:
      stress-ng-version: 0.17.08
      run-by: root
      date-yyyy-mm-dd: 2024:09:03
      time-hh-mm-ss: 08:51:51
      epoch-secs: 1725353511
      hostname: sc-runner
      sysname: Linux
      nodename: sc-runner
      release: 6.8.0-1013-azure
      version: '#15-Ubuntu SMP Thu Aug  8 18:40:40 UTC 2024'
      machine: x86_64
      compiler: 'musl-gcc 13.2.1'
      uptime: 343
      totalram: 33649876992
      freeram: 25020628992
      sharedram: 54902784
      bufferram: 211083264
      totalswap: 0
      freeswap: 0
      pagesize: 4096
      cpus: 8
      cpus-online: 8
      ticks-per-second: 100

metrics:
    - stressor: cpu
      bogo-ops: 37985
      bogo-ops-per-second-usr-sys-time: 1899.246866
      bogo-ops-per-second-real-time: 1899.243887
      wall-clock-time: 20.000064
      user-time: 19.999033
      system-time: 0.001000
      cpu-usage-per-instance: 99.999843
      max-rss: 3152

...
