BaselineInfo:
  WebDBID: -1
  TimeStamp: 20250828200117
Version:
  Major: 11
  Minor: 0
  Build: 1002
  SpecialBuildName: ""
  ptArchitecture: x86_64_linux
Results:
  Results Complete: true
  NumTestProcesses: 16
  CPU_INTEGER_MATH: 82007.201000000015
  CPU_FLOATINGPOINT_MATH: 59692.10816384307
  CPU_PRIME: 177.24171887985727
  CPU_SORTING: 42629.475291626506
  CPU_ENCRYPTION: 18301.352606400778
  CPU_COMPRESSION: 320936.78901707265
  CPU_SINGLETHREAD: 3247.9315322105672
  CPU_PHYSICS: 3693.6016118251932
  CPU_MATRIX_MULT_SSE: 21950.98811281977
  CPU_mm: 2395.0100055836356
  CPU_sse: 9882.6898679860788
  CPU_fma: 26017.320539219196
  CPU_avx: 20686.622730648836
  CPU_avx512: 31217.31931342496
  m_CPU_enc_SHA: 19185163893.615974
  m_CPU_enc_AES: 25043695159.395691
  m_CPU_enc_ECDSA: 13342218278.816235
  ME_ALLOC_S: 8702.8647753657569
  ME_READ_S: 29004.382421875001
  ME_READ_L: 16549.919921875
  ME_WRITE: 11442.3251953125
  ME_LARGE: 53466.333333333336
  ME_LATENCY: 72.027447553473138
  ME_THREADED: 111164.4296875
  SUMM_CPU: 29013.300976192724
  SUMM_ME: 2544.4926614956098
SystemInformation:
  OSName: Ubuntu 24.04.2 LTS
  Kernel: 6.14.0-1011-aws
  Device: ""
  Processor: Intel Xeon 6975P-C
  NumSockets: 1
  Manufacturer: GenuineIntel
  NumCores: 8
  NumLogicals: 16
  CPUFrequency: 0
  Memory: 63258
  MemModuleInfo:
    iNumMemSticks: 1
    DIMM 1:
      manufacturer: Not Specified
      modulePartNo: Not Specified
      memType: DDR5
      size: 64
      clkspeed: 3600
      moduleVoltage: 0
Checksum: 079B9C3472DA1831FEDF0DB4930EDE62F3ABA03B