---
system-info:
      stress-ng-version: 0.17.08
      run-by: root
      date-yyyy-mm-dd: 2024:06:20
      time-hh-mm-ss: 23:50:22
      epoch-secs: 1718927422
      hostname: 881c21efd024
      sysname: Linux
      nodename: 881c21efd024
      release: 6.8.0-1008-gcp
      version: '#9-Ubuntu SMP Wed May 22 18:09:04 UTC 2024'
      machine: x86_64
      compiler: 'musl-gcc 13.2.1'
      uptime: 145
      totalram: 4102660096
      freeram: 250527744
      sharedram: 18214912
      bufferram: 129978368
      totalswap: 0
      freeswap: 0
      pagesize: 4096
      cpus: 4
      cpus-online: 4
      ticks-per-second: 100

metrics:
    - stressor: cpu
      bogo-ops: 107710
      bogo-ops-per-second-usr-sys-time: 1355.014641
      bogo-ops-per-second-real-time: 5385.474657
      wall-clock-time: 20.000094
      user-time: 79.470937
      system-time: 0.018979
      cpu-usage-per-instance: 99.361927
      max-rss: 1104

...
