BaselineInfo:
  WebDBID: -1
  TimeStamp: 20260615171920
Version:
  Major: 11
  Minor: 0
  Build: 1004
  SpecialBuildName: ""
  ptArchitecture: x86_64_linux
Results:
  Results Complete: true
  NumTestProcesses: 4
  CPU_INTEGER_MATH: 17660.161333333333
  CPU_FLOATINGPOINT_MATH: 13346.169628249841
  CPU_PRIME: 34.17389056849499
  CPU_SORTING: 8881.3355486124474
  CPU_ENCRYPTION: 3738.5774119376961
  CPU_COMPRESSION: 65863.096245233814
  CPU_SINGLETHREAD: 1858.3745146876036
  CPU_PHYSICS: 723.26961090416853
  CPU_MATRIX_MULT_SSE: 4926.0933364220646
  CPU_mm: 563.7128978551375
  CPU_sse: 2477.1162581965509
  CPU_fma: 7018.473018738473
  CPU_avx: 5282.6907323311707
  CPU_avx512: 0
  m_CPU_enc_SHA: 5344565576.8588057
  m_CPU_enc_AES: 3431427785.5615249
  m_CPU_enc_ECDSA: 2984554282.4796152
  ME_ALLOC_S: 1040.2671438814386
  ME_READ_S: 13960.24853515625
  ME_READ_L: 8285.5751953125
  ME_WRITE: 8896.8828125
  ME_LARGE: 3880.5
  ME_LATENCY: 151.42714822198838
  ME_THREADED: 18555.29443359375
  SUMM_CPU: 6640.9391915814904
  SUMM_ME: 1070.2240108923581
SystemInformation:
  OSName: Ubuntu 24.04.4 LTS
  Kernel: 6.8.0-124-generic
  Device: ""
  Processor: AMD EPYC-Rome Processor
  NumSockets: 1
  Manufacturer: AuthenticAMD
  NumCores: 2
  NumLogicals: 4
  CPUFrequency: 0
  CPUMaxFrequency: 0
  Memory: 11955
  CPUInfo:
    number: 1
    Family: 15
    Model: 1
    stepping: 0
    features: 395049983
    manufacture: AuthenticAMD
    typestring: AMD EPYC-Rome Processor
    iCoresPerPackage: 2
    iThreadsPerPackage: 2
    featuresEx:
      - 395049983
      - 4277678595
      - 802421759
    bHybrid: false
    nPCore: 0
    nLogicalsPerPCore: 0
    nECore: 0
    nLogicalsPerECore: 0
  MemModuleInfo:
    iNumMemSticks: 1
    DIMM 1:
      manufacturer: QEMU
      modulePartNo: Not Specified
      memType: RAM
      size: 12
      clkspeed: 0
      moduleVoltage: 0
Checksum: 6509FFB4679C691F07775E36A319AFF7ABD9E6F8