---
system-info:
      stress-ng-version: 0.17.08
      run-by: root
      date-yyyy-mm-dd: 2024:06:09
      time-hh-mm-ss: 16:42:10
      epoch-secs: 1717951330
      hostname: 82e33d8e019e
      sysname: Linux
      nodename: 82e33d8e019e
      release: 6.8.0-1008-aws
      version: '#8-Ubuntu SMP Sat Apr 20 02:43:14 UTC 2024'
      machine: aarch64
      compiler: 'musl-gcc 13.2.1'
      uptime: 132
      totalram: 16534200320
      freeram: 12107022336
      sharedram: 35024896
      bufferram: 109350912
      totalswap: 0
      freeswap: 0
      pagesize: 4096
      cpus: 2
      cpus-online: 2
      ticks-per-second: 100

metrics:
    - stressor: cpu
      bogo-ops: 5862
      bogo-ops-per-second-usr-sys-time: 295.787779
      bogo-ops-per-second-real-time: 585.902481
      wall-clock-time: 10.005078
      user-time: 19.815270
      system-time: 0.002993
      cpu-usage-per-instance: 99.041022
      max-rss: 4136

...
