---
system-info:
      stress-ng-version: 0.17.08
      run-by: root
      date-yyyy-mm-dd: 2024:06:15
      time-hh-mm-ss: 19:18:22
      epoch-secs: 1718479102
      hostname: 27346b1b44fe
      sysname: Linux
      nodename: 27346b1b44fe
      release: 6.8.0-1008-aws
      version: '#8-Ubuntu SMP Sat Apr 20 02:43:14 UTC 2024'
      machine: aarch64
      compiler: 'musl-gcc 13.2.1'
      uptime: 169
      totalram: 16534196224
      freeram: 12313976832
      sharedram: 35024896
      bufferram: 107606016
      totalswap: 0
      freeswap: 0
      pagesize: 4096
      cpus: 2
      cpus-online: 2
      ticks-per-second: 100

metrics:
    - stressor: cpu
      bogo-ops: 60237
      bogo-ops-per-second-usr-sys-time: 1518.811278
      bogo-ops-per-second-real-time: 3011.838313
      wall-clock-time: 20.000078
      user-time: 39.656630
      system-time: 0.003992
      cpu-usage-per-instance: 99.151170
      max-rss: 1192

...
