BaselineInfo:
  WebDBID: -1
  TimeStamp: 20260617212950
Version:
  Major: 11
  Minor: 0
  Build: 1004
  SpecialBuildName: ""
  ptArchitecture: x86_64_linux
Results:
  Results Complete: true
  NumTestProcesses: 16
  CPU_INTEGER_MATH: 46820.973666666665
  CPU_FLOATINGPOINT_MATH: 25134.287235517142
  CPU_PRIME: 91.12398893786316
  CPU_SORTING: 28903.56803360127
  CPU_ENCRYPTION: 6484.1383107910706
  CPU_COMPRESSION: 218515.20196528154
  CPU_SINGLETHREAD: 1970.845884896906
  CPU_PHYSICS: 1523.2537421157108
  CPU_MATRIX_MULT_SSE: 13020.410042709778
  CPU_mm: 1424.3027081080891
  CPU_sse: 5141.5094340567939
  CPU_fma: 15755.851379420077
  CPU_avx: 11135.283811948242
  CPU_avx512: 20048.995545414007
  m_CPU_enc_SHA: 2117276297.6822672
  m_CPU_enc_AES: 16359324609.781067
  m_CPU_enc_ECDSA: 1920734532.6648426
  ME_ALLOC_S: 5494.7373551875935
  ME_READ_S: 22845.949414062499
  ME_READ_L: 10096.884765625
  ME_WRITE: 9746.421875
  ME_LARGE: 22121.333333333332
  ME_LATENCY: 53.905673290866581
  ME_THREADED: 85371.45556640625
  SUMM_CPU: 15413.001828141907
  SUMM_ME: 2427.4966810573646
SystemInformation:
  OSName: Ubuntu 24.04.4 LTS
  Kernel: 6.8.0-117-generic
  Device: ""
  Processor: Intel(R) Xeon(R) Platinum 8269CY CPU @ 2.50GHz
  NumSockets: 1
  Manufacturer: GenuineIntel
  NumCores: 8
  NumLogicals: 16
  CPUFrequency: 0
  CPUMaxFrequency: 0
  Memory: 30666
  CPUInfo:
    number: 1
    Family: 6
    Model: 5
    stepping: 7
    features: 529267711
    manufacture: GenuineIntel
    typestring: Intel(R) Xeon(R) Platinum 8269CY CPU @ 2.50GHz
    iCoresPerPackage: 8
    iThreadsPerPackage: 2
    featuresEx:
      - 529267711
      - 4277809667
      - 739248128
    bHybrid: false
    nPCore: 0
    nLogicalsPerPCore: 0
    nECore: 0
    nLogicalsPerECore: 0
  MemModuleInfo:
    iNumMemSticks: 2
    DIMM 1:
      manufacturer: Alibaba Cloud
      modulePartNo: Not Specified
      memType: RAM
      size: 16
      clkspeed: 0
      moduleVoltage: 0
    DIMM 2:
      manufacturer: Alibaba Cloud
      modulePartNo: Not Specified
      memType: RAM
      size: 16
      clkspeed: 0
      moduleVoltage: 0
Checksum: 279FA7B517C4299C0CA2F149A8196ACE1C2937EB