BaselineInfo:
  WebDBID: -1
  TimeStamp: 20260619230741
Version:
  Major: 11
  Minor: 0
  Build: 1004
  SpecialBuildName: ""
  ptArchitecture: x86_64_linux
Results:
  Results Complete: true
  NumTestProcesses: 16
  CPU_INTEGER_MATH: 117515.74466666667
  CPU_FLOATINGPOINT_MATH: 116050.57274474262
  CPU_PRIME: 408.18537782840758
  CPU_SORTING: 66188.100830718846
  CPU_ENCRYPTION: 24164.831914619233
  CPU_COMPRESSION: 490054.71187645564
  CPU_SINGLETHREAD: 3670.2758045762821
  CPU_PHYSICS: 5661.2570230250494
  CPU_MATRIX_MULT_SSE: 44564.237654578348
  CPU_mm: 5207.3405916714792
  CPU_sse: 16074.845562772241
  CPU_fma: 61406.789193560035
  CPU_avx: 32424.85848780509
  CPU_avx512: 68350.45737417601
  m_CPU_enc_SHA: 33873283123.057022
  m_CPU_enc_AES: 20997765351.819248
  m_CPU_enc_ECDSA: 21144939894.235069
  ME_ALLOC_S: 19659.520850395835
  ME_READ_S: 32534.711328124999
  ME_READ_L: 28312.263671875
  ME_WRITE: 30021.53125
  ME_LARGE: 23500.083333333332
  ME_LATENCY: 82.5222173061983
  ME_THREADED: 146457.5185546875
  SUMM_CPU: 44168.64800799088
  SUMM_ME: 2700.0992999586197
SystemInformation:
  OSName: Ubuntu 24.04.4 LTS
  Kernel: 6.17.0-1018-azure
  Device: ""
  Processor: "AMD EPYC 9V45 96-Core Processor                "
  NumSockets: 1
  Manufacturer: AuthenticAMD
  NumCores: 16
  NumLogicals: 16
  CPUFrequency: 0
  CPUMaxFrequency: 0
  Memory: 32089
  CPUInfo:
    number: 1
    Family: 15
    Model: 2
    stepping: 1
    features: 395049983
    manufacture: AuthenticAMD
    typestring: "AMD EPYC 9V45 96-Core Processor                "
    iCoresPerPackage: 16
    iThreadsPerPackage: 1
    featuresEx:
      - 395049983
      - 4277809667
      - 802421759
    bHybrid: false
    nPCore: 0
    nLogicalsPerPCore: 0
    nECore: 0
    nLogicalsPerECore: 0
  MemModuleInfo:
    iNumMemSticks: 2
    DIMM 1:
      manufacturer: Microsoft Corporation
      modulePartNo: None
      memType: Unknown
      size: 1
      clkspeed: 0
      moduleVoltage: 0
    DIMM 2:
      manufacturer: Microsoft Corporation
      modulePartNo: None
      memType: Unknown
      size: 31
      clkspeed: 0
      moduleVoltage: 0
Checksum: 2131D5D961647ED20CB42A890C61DDF0C9E29356