BaselineInfo:
  WebDBID: -1
  TimeStamp: 20260618205253
Version:
  Major: 11
  Minor: 0
  Build: 1004
  SpecialBuildName: ""
  ptArchitecture: x86_64_linux
Results:
  Results Complete: true
  NumTestProcesses: 16
  CPU_INTEGER_MATH: 49467.451333333331
  CPU_FLOATINGPOINT_MATH: 36282.996153598433
  CPU_PRIME: 102.90576794868295
  CPU_SORTING: 33189.588850625638
  CPU_ENCRYPTION: 6388.2245058291355
  CPU_COMPRESSION: 260292.57005797134
  CPU_SINGLETHREAD: 1682.4159083548809
  CPU_PHYSICS: 1723.1857329815718
  CPU_MATRIX_MULT_SSE: 21434.371444992088
  CPU_mm: 2314.2494901876244
  CPU_sse: 8580.5821908880043
  CPU_fma: 27788.727772706759
  CPU_avx: 19524.091635855795
  CPU_avx512: 29844.084180517784
  m_CPU_enc_SHA: 3300487785.6850986
  m_CPU_enc_AES: 13872041053.564062
  m_CPU_enc_ECDSA: 2923087859.0237112
  ME_ALLOC_S: 4265.6673612624636
  ME_READ_S: 19517.828515624999
  ME_READ_L: 6207.296875
  ME_WRITE: 6704.73779296875
  ME_LARGE: 55240.5
  ME_LATENCY: 81.317711169597075
  ME_THREADED: 89448.388671875
  SUMM_CPU: 17461.370460705584
  SUMM_ME: 1738.0056881711448
SystemInformation:
  OSName: Ubuntu 24.04.4 LTS
  Kernel: 6.8.0-117-generic
  Device: ""
  Processor: Intel(R) Xeon(R) Platinum 8163 CPU @ 2.50GHz
  NumSockets: 1
  Manufacturer: GenuineIntel
  NumCores: 8
  NumLogicals: 16
  CPUFrequency: 2500
  CPUMaxFrequency: 3100
  Memory: 63787
  CPUInfo:
    number: 1
    Family: 6
    Model: 5
    stepping: 4
    features: 529267711
    manufacture: GenuineIntel
    typestring: Intel(R) Xeon(R) Platinum 8163 CPU @ 2.50GHz
    iCoresPerPackage: 8
    iThreadsPerPackage: 2
    featuresEx:
      - 529267711
      - 4294586883
      - 739248128
    bHybrid: false
    nPCore: 0
    nLogicalsPerPCore: 0
    nECore: 0
    nLogicalsPerECore: 0
  MemModuleInfo:
    iNumMemSticks: 4
    DIMM 1:
      manufacturer: Alibaba Cloud
      modulePartNo: Not Specified
      memType: RAM
      size: 16
      clkspeed: 0
      moduleVoltage: 0
    DIMM 2:
      manufacturer: Alibaba Cloud
      modulePartNo: Not Specified
      memType: RAM
      size: 16
      clkspeed: 0
      moduleVoltage: 0
    DIMM 3:
      manufacturer: Alibaba Cloud
      modulePartNo: Not Specified
      memType: RAM
      size: 16
      clkspeed: 0
      moduleVoltage: 0
    DIMM 4:
      manufacturer: Alibaba Cloud
      modulePartNo: Not Specified
      memType: RAM
      size: 16
      clkspeed: 0
      moduleVoltage: 0
Checksum: B422C6DA7FE9A08D41542FCBB9F507CCD0C1CDCD