BaselineInfo:
  WebDBID: -1
  TimeStamp: 20251219093222
Version:
  Major: 11
  Minor: 0
  Build: 1002
  SpecialBuildName: ""
  ptArchitecture: aarch64_linux
Results:
  Results Complete: true
  NumTestProcesses: 32
  CPU_INTEGER_MATH: 166921.61533333332
  CPU_FLOATINGPOINT_MATH: 193949.80796615194
  CPU_PRIME: 428.46901793247417
  CPU_SORTING: 147869.35033048756
  CPU_ENCRYPTION: 6062.2436239177805
  CPU_COMPRESSION: 212744.33447152888
  CPU_SINGLETHREAD: 1942.9183411697004
  CPU_PHYSICS: 9234.4125026021629
  CPU_MATRIX_MULT_SSE: 29423.524138120301
  CPU_mm: 3601.9110455637519
  CPU_sse: 23085.966778338785
  CPU_fma: 35761.081497901825
  CPU_avx: 0
  CPU_avx512: 0
  m_CPU_enc_SHA: 9559548511.0834732
  m_CPU_enc_AES: 3436666705.7026052
  m_CPU_enc_ECDSA: 6073954293.7935524
  ME_ALLOC_S: 47617.219758841689
  ME_READ_S: 19899.985937500001
  ME_READ_L: 19873.392578125
  ME_WRITE: 21256.212890625
  ME_LARGE: 112770.58333333333
  ME_LATENCY: 46.188451171084061
  ME_THREADED: 388577.28125
  SUMM_CPU: 26393.521774459259
  SUMM_ME: 3320.8946791505668
SystemInformation:
  OSName: Ubuntu 24.04.2 LTS
  Kernel: 6.14.0-1018-aws
  Device: ""
  Processor: ARM Neoverse-V2 32 Core 0 MHz
  NumSockets: 1
  Manufacturer: ARM
  NumCores: 32
  NumLogicals: 32
  CPUFrequency: 0
  Memory: 126503
Checksum: 82F86EACB470447113C64B1A095BBD0403F1E7F5