---
system-info:
      stress-ng-version: 0.17.08
      run-by: root
      date-yyyy-mm-dd: 2024:06:14
      time-hh-mm-ss: 01:20:46
      epoch-secs: 1718328046
      hostname: 6c54240fa735
      sysname: Linux
      nodename: 6c54240fa735
      release: 6.8.0-1008-aws
      version: '#8-Ubuntu SMP Sat Apr 20 00:46:25 UTC 2024'
      machine: x86_64
      compiler: 'musl-gcc 13.2.1'
      uptime: 193
      totalram: 31494242304
      freeram: 27057356800
      sharedram: 27602944
      bufferram: 110538752
      totalswap: 0
      freeswap: 0
      pagesize: 4096
      cpus: 16
      cpus-online: 16
      ticks-per-second: 100

metrics:
    - stressor: cpu
      bogo-ops: 26421
      bogo-ops-per-second-usr-sys-time: 1321.075827
      bogo-ops-per-second-real-time: 1321.042866
      wall-clock-time: 20.000108
      user-time: 19.999609
      system-time: 0.000000
      cpu-usage-per-instance: 99.997505
      max-rss: 1104

...
