---
system-info:
      stress-ng-version: 0.17.08
      run-by: root
      date-yyyy-mm-dd: 2024:06:05
      time-hh-mm-ss: 04:41:27
      epoch-secs: 1717562487
      hostname: 490c172716c3
      sysname: Linux
      nodename: 490c172716c3
      release: 6.8.0-1008-aws
      version: '#8-Ubuntu SMP Sat Apr 20 00:46:25 UTC 2024'
      machine: x86_64
      compiler: 'musl-gcc 13.2.1'
      uptime: 156
      totalram: 31494193152
      freeram: 27337252864
      sharedram: 27602944
      bufferram: 78929920
      totalswap: 0
      freeswap: 0
      pagesize: 4096
      cpus: 16
      cpus-online: 16
      ticks-per-second: 100

metrics:
    - stressor: cpu
      bogo-ops: 13873
      bogo-ops-per-second-usr-sys-time: 1387.208722
      bogo-ops-per-second-real-time: 1387.174026
      wall-clock-time: 10.000908
      user-time: 10.000658
      system-time: 0.000000
      cpu-usage-per-instance: 99.997499
      max-rss: 4048

...
