---
system-info:
      stress-ng-version: 0.17.08
      run-by: root
      date-yyyy-mm-dd: 2024:06:13
      time-hh-mm-ss: 10:21:08
      epoch-secs: 1718274068
      hostname: 86fb9f3cde85
      sysname: Linux
      nodename: 86fb9f3cde85
      release: 6.8.0-1008-aws
      version: '#8-Ubuntu SMP Sat Apr 20 00:46:25 UTC 2024'
      machine: x86_64
      compiler: 'musl-gcc 13.2.1'
      uptime: 143
      totalram: 397194379264
      freeram: 391916064768
      sharedram: 73281536
      bufferram: 105607168
      totalswap: 0
      freeswap: 0
      pagesize: 4096
      cpus: 96
      cpus-online: 96
      ticks-per-second: 100

metrics:
    - stressor: cpu
      bogo-ops: 1620025
      bogo-ops-per-second-usr-sys-time: 844.212623
      bogo-ops-per-second-real-time: 81000.851668
      wall-clock-time: 20.000098
      user-time: 1918.926495
      system-time: 0.050970
      cpu-usage-per-instance: 99.946251
      max-rss: 768

...
