---
system-info:
      stress-ng-version: 0.17.08
      run-by: root
      date-yyyy-mm-dd: 2024:06:07
      time-hh-mm-ss: 17:56:59
      epoch-secs: 1717783019
      hostname: b3955ce02ab5
      sysname: Linux
      nodename: b3955ce02ab5
      release: 6.8.0-1008-aws
      version: '#8-Ubuntu SMP Sat Apr 20 00:46:25 UTC 2024'
      machine: x86_64
      compiler: 'musl-gcc 13.2.1'
      uptime: 126
      totalram: 401422245888
      freeram: 396028608512
      sharedram: 79048704
      bufferram: 94568448
      totalswap: 0
      freeswap: 0
      pagesize: 4096
      cpus: 96
      cpus-online: 96
      ticks-per-second: 100

metrics:
    - stressor: cpu
      bogo-ops: 974710
      bogo-ops-per-second-usr-sys-time: 1015.945095
      bogo-ops-per-second-real-time: 97452.197236
      wall-clock-time: 10.001929
      user-time: 959.263159
      system-time: 0.148924
      cpu-usage-per-instance: 99.919480
      max-rss: 3072

...
