---
system-info:
      stress-ng-version: 0.17.08
      run-by: root
      date-yyyy-mm-dd: 2024:07:09
      time-hh-mm-ss: 21:41:19
      epoch-secs: 1720561279
      hostname: ip-172-31-17-246
      sysname: Linux
      nodename: ip-172-31-17-246
      release: 6.8.0-1009-aws
      version: '#9-Ubuntu SMP Fri May 17 20:15:49 UTC 2024'
      machine: aarch64
      compiler: 'musl-gcc 13.2.1'
      uptime: 150
      totalram: 1620090621952
      freeram: 1612216770560
      sharedram: 78024704
      bufferram: 135540736
      totalswap: 0
      freeswap: 0
      pagesize: 4096
      cpus: 192
      cpus-online: 192
      ticks-per-second: 100

metrics:
    - stressor: cpu
      bogo-ops: 32971
      bogo-ops-per-second-usr-sys-time: 1648.522140
      bogo-ops-per-second-real-time: 1648.544831
      wall-clock-time: 20.000063
      user-time: 19.999339
      system-time: 0.000999
      cpu-usage-per-instance: 100.001376
      max-rss: 0

...
