---
system-info:
      stress-ng-version: 0.17.08
      run-by: root
      date-yyyy-mm-dd: 2024:06:15
      time-hh-mm-ss: 13:27:26
      epoch-secs: 1718458046
      hostname: 7c29bb79ec8e
      sysname: Linux
      nodename: 7c29bb79ec8e
      release: 6.8.0-1008-aws
      version: '#8-Ubuntu SMP Sat Apr 20 00:46:25 UTC 2024'
      machine: x86_64
      compiler: 'musl-gcc 13.2.1'
      uptime: 235
      totalram: 64254865408
      freeram: 57420636160
      sharedram: 48562176
      bufferram: 96829440
      totalswap: 0
      freeswap: 0
      pagesize: 4096
      cpus: 8
      cpus-online: 8
      ticks-per-second: 100

metrics:
    - stressor: cpu
      bogo-ops: 78108
      bogo-ops-per-second-usr-sys-time: 490.128813
      bogo-ops-per-second-real-time: 3905.361237
      wall-clock-time: 20.000199
      user-time: 159.346481
      system-time: 0.015707
      cpu-usage-per-instance: 99.600379
      max-rss: 1104

...
