---
system-info:
      stress-ng-version: 0.17.08
      run-by: root
      date-yyyy-mm-dd: 2024:06:07
      time-hh-mm-ss: 15:25:35
      epoch-secs: 1717773935
      hostname: 9396d040a121
      sysname: Linux
      nodename: 9396d040a121
      release: 6.1.91-99.172.amzn2023.x86_64
      version: '#1 SMP PREEMPT_DYNAMIC Tue May 21 16:55:08 UTC 2024'
      machine: x86_64
      compiler: 'musl-gcc 13.2.1'
      uptime: 162
      totalram: 64246571008
      freeram: 60165500928
      sharedram: 56541184
      bufferram: 2220032
      totalswap: 0
      freeswap: 0
      pagesize: 4096
      cpus: 8
      cpus-online: 8
      ticks-per-second: 100

metrics:
    - stressor: cpu
      bogo-ops: 65757
      bogo-ops-per-second-usr-sys-time: 825.771381
      bogo-ops-per-second-real-time: 6573.314819
      wall-clock-time: 10.003629
      user-time: 79.621019
      system-time: 0.009980
      cpu-usage-per-instance: 99.502643
      max-rss: 4272

...
