BaselineInfo:
  WebDBID: -1
  TimeStamp: 20241108203757
Version:
  Major: 11
  Minor: 0
  Build: 1002
  SpecialBuildName: ""
  ptArchitecture: x86_64_linux
Results:
  Results Complete: true
  NumTestProcesses: 32
  CPU_INTEGER_MATH: 88010.890000000014
  CPU_FLOATINGPOINT_MATH: 47240.548765091582
  CPU_PRIME: 134.75023694302135
  CPU_SORTING: 45212.343015442304
  CPU_ENCRYPTION: 12064.754797608628
  CPU_COMPRESSION: 385655.55875523493
  CPU_SINGLETHREAD: 1787.2672296829642
  CPU_PHYSICS: 2205.8806819036554
  CPU_MATRIX_MULT_SSE: 27252.920570608952
  CPU_mm: 2671.154008596995
  CPU_sse: 9629.8434848488723
  CPU_fma: 32716.156255277339
  CPU_avx: 23111.034753928332
  CPU_avx512: 43554.647788381248
  m_CPU_enc_SHA: 3979495729.9501925
  m_CPU_enc_AES: 30418850312.326332
  m_CPU_enc_ECDSA: 3554090937.6952848
  ME_ALLOC_S: 10615.651623080152
  ME_READ_S: 21709.119726562501
  ME_READ_L: 11404.6845703125
  ME_WRITE: 10743.921875
  ME_LARGE: 118223.66666666667
  ME_LATENCY: 48.222736771559873
  ME_THREADED: 107011.1513671875
  SUMM_CPU: 25075.696252282127
  SUMM_ME: 2735.4003075101054
SystemInformation:
  OSName: Ubuntu 24.04.1 LTS
  Kernel: 6.8.0-1017-azure
  Device: ""
  Processor: Intel Xeon Platinum 8272CL CPU @ 2.60GHz
  NumSockets: 1
  Manufacturer: GenuineIntel
  NumCores: 16
  NumLogicals: 32
  CPUFrequency: 0
  Memory: 128803
  MemModuleInfo:
    iNumMemSticks: 3
    DIMM 1:
      manufacturer: Microsoft Corporation
      modulePartNo: None
      memType: Unknown
      size: 1
      clkspeed: 0
      moduleVoltage: 0
    DIMM 2:
      manufacturer: Microsoft Corporation
      modulePartNo: None
      memType: Unknown
      size: 60928
      clkspeed: 0
      moduleVoltage: 0
    DIMM 3:
      manufacturer: Microsoft Corporation
      modulePartNo: None
      memType: Unknown
      size: 69120
      clkspeed: 0
      moduleVoltage: 0
Checksum: 40027D357DED66A85EBE8B0A71B34565D2D7B70F