---
system-info:
      stress-ng-version: 0.17.08
      run-by: root
      date-yyyy-mm-dd: 2024:06:26
      time-hh-mm-ss: 18:34:58
      epoch-secs: 1719426898
      hostname: c3d-standard-8-a140cf5
      sysname: Linux
      nodename: c3d-standard-8-a140cf5
      release: 6.8.0-1009-gcp
      version: '#10-Ubuntu SMP Wed Jun 12 18:52:23 UTC 2024'
      machine: x86_64
      compiler: 'musl-gcc 13.2.1'
      uptime: 140
      totalram: 33652191232
      freeram: 28669227008
      sharedram: 34967552
      bufferram: 124674048
      totalswap: 0
      freeswap: 0
      pagesize: 4096
      cpus: 8
      cpus-online: 8
      ticks-per-second: 100

metrics:
    - stressor: cpu
      bogo-ops: 57298
      bogo-ops-per-second-usr-sys-time: 2864.930512
      bogo-ops-per-second-real-time: 2864.888183
      wall-clock-time: 20.000082
      user-time: 19.998788
      system-time: 0.000999
      cpu-usage-per-instance: 99.998523
      max-rss: 1104

...
