BaselineInfo:
  WebDBID: -1
  TimeStamp: 20241107233410
Version:
  Major: 11
  Minor: 0
  Build: 1002
  SpecialBuildName: ""
  ptArchitecture: aarch64_linux
Results:
  Results Complete: true
  NumTestProcesses: 16
  CPU_INTEGER_MATH: 63213.051333333337
  CPU_FLOATINGPOINT_MATH: 47950.761252838827
  CPU_PRIME: 87.994134992011169
  CPU_SORTING: 45478.520383496507
  CPU_ENCRYPTION: 2182.0593771578006
  CPU_COMPRESSION: 75958.579177606051
  CPU_SINGLETHREAD: 1108.3410489090579
  CPU_PHYSICS: 1698.7638910635299
  CPU_MATRIX_MULT_SSE: 9976.169145815069
  CPU_mm: 1662.2726606651088
  CPU_sse: 8360.8167076621685
  CPU_fma: 11591.521583967973
  CPU_avx: 0
  CPU_avx512: 0
  m_CPU_enc_SHA: 3279350122.980896
  m_CPU_enc_AES: 1516052262.4436102
  m_CPU_enc_ECDSA: 2068762894.9633474
  ME_ALLOC_S: 10171.269690903562
  ME_READ_S: 9466.8871093750004
  ME_READ_L: 9146.185546875
  ME_WRITE: 12484.9306640625
  ME_LARGE: 52505.833333333336
  ME_LATENCY: 74.382162606050983
  ME_THREADED: 120085.0732421875
  SUMM_CPU: 9733.4661835809238
  SUMM_ME: 1766.7668075407864
SystemInformation:
  OSName: Ubuntu 24.04.1 LTS
  Kernel: 6.8.0-1016-aws
  Device: ""
  Processor: ARM Neoverse-N1 16 Core 0 MHz
  NumSockets: 1
  Manufacturer: ARM
  NumCores: 16
  NumLogicals: 16
  CPUFrequency: 0
  Memory: 62881
Checksum: CCF65ED35E661BD132FA38E4195BDF9144CE2061