BaselineInfo:
  WebDBID: -1
  TimeStamp: 20241109044115
Version:
  Major: 11
  Minor: 0
  Build: 1002
  SpecialBuildName: ""
  ptArchitecture: x86_64_linux
Results:
  Results Complete: true
  NumTestProcesses: 8
  CPU_INTEGER_MATH: 24884.032666666666
  CPU_FLOATINGPOINT_MATH: 13375.365758149861
  CPU_PRIME: 56.823302219951984
  CPU_SORTING: 13114.541859166537
  CPU_ENCRYPTION: 3434.2720265491589
  CPU_COMPRESSION: 111192.22884737185
  CPU_SINGLETHREAD: 2057.5820253054658
  CPU_PHYSICS: 1000.7597611667312
  CPU_MATRIX_MULT_SSE: 7654.0070544294867
  CPU_mm: 756.28937044568829
  CPU_sse: 2736.1308364531174
  CPU_fma: 8997.5718970866892
  CPU_avx: 6353.1400809834358
  CPU_avx512: 12529.185403194704
  m_CPU_enc_SHA: 1128452820.8115578
  m_CPU_enc_AES: 8662862232.7182446
  m_CPU_enc_ECDSA: 1011970620.0026295
  ME_ALLOC_S: 2961.0456224162485
  ME_READ_S: 24606.250195312499
  ME_READ_L: 11655.654296875
  ME_WRITE: 10712.3583984375
  ME_LARGE: 247552
  ME_LATENCY: 47.908327756451875
  ME_THREADED: 46667.3173828125
  SUMM_CPU: 8655.3250838263648
  SUMM_ME: 2635.4926765886144
SystemInformation:
  OSName: Ubuntu 24.04.1 LTS
  Kernel: 6.8.0-1017-azure
  Device: ""
  Processor: Intel Xeon Platinum 8272CL CPU @ 2.60GHz
  NumSockets: 1
  Manufacturer: GenuineIntel
  NumCores: 4
  NumLogicals: 8
  CPUFrequency: 0
  Memory: 257739
  MemModuleInfo:
    iNumMemSticks: 3
    DIMM 1:
      manufacturer: Microsoft Corporation
      modulePartNo: None
      memType: Unknown
      size: 1
      clkspeed: 0
      moduleVoltage: 0
    DIMM 2:
      manufacturer: Microsoft Corporation
      modulePartNo: None
      memType: Unknown
      size: 60928
      clkspeed: 0
      moduleVoltage: 0
    DIMM 3:
      manufacturer: Microsoft Corporation
      modulePartNo: None
      memType: Unknown
      size: 200192
      clkspeed: 0
      moduleVoltage: 0
Checksum: 0EDB8CF54D3A3B068B60261D70306263649BE80E