BaselineInfo:
  WebDBID: -1
  TimeStamp: 20241111140740
Version:
  Major: 11
  Minor: 0
  Build: 1002
  SpecialBuildName: ""
  ptArchitecture: x86_64_linux
Results:
  Results Complete: true
  NumTestProcesses: 96
  CPU_INTEGER_MATH: 404017.90300000005
  CPU_FLOATINGPOINT_MATH: 206616.59656494489
  CPU_PRIME: 478.19612197258499
  CPU_SORTING: 193387.11741971815
  CPU_ENCRYPTION: 84840.451662714491
  CPU_COMPRESSION: 1434123.9276607067
  CPU_SINGLETHREAD: 2435.176252881135
  CPU_PHYSICS: 7643.7508643809688
  CPU_MATRIX_MULT_SSE: 83042.961652981496
  CPU_mm: 8553.7584690361418
  CPU_sse: 37132.12439778616
  CPU_fma: 99020.062553991316
  CPU_avx: 76175.273465532387
  CPU_avx512: 119844.38619461602
  m_CPU_enc_SHA: 85875822029.480392
  m_CPU_enc_AES: 128733066432.1566
  m_CPU_enc_ECDSA: 52276095866.410599
  ME_ALLOC_S: 30836.719164093196
  ME_READ_S: 24197.7294921875
  ME_READ_L: 12135.9228515625
  ME_WRITE: 11064.7919921875
  ME_LARGE: 371363.25
  ME_LATENCY: 52.551180955783742
  ME_THREADED: 307035.76342773438
  SUMM_CPU: 76173.250894739118
  SUMM_ME: 2844.1927533558819
SystemInformation:
  OSName: Ubuntu 24.04.1 LTS
  Kernel: 6.8.0-1017-azure
  Device: ""
  Processor: Intel Xeon Platinum 8370C CPU @ 2.80GHz
  NumSockets: 2
  Manufacturer: GenuineIntel
  NumCores: 48
  NumLogicals: 96
  CPUFrequency: 2800
  Memory: 386920
  MemModuleInfo:
    iNumMemSticks: 4
    DIMM 1:
      manufacturer: Microsoft Corporation
      modulePartNo: None
      memType: Unknown
      size: 1
      clkspeed: 0
      moduleVoltage: 0
    DIMM 2:
      manufacturer: Microsoft Corporation
      modulePartNo: None
      memType: Unknown
      size: 59
      clkspeed: 0
      moduleVoltage: 0
    DIMM 3:
      manufacturer: Microsoft Corporation
      modulePartNo: None
      memType: Unknown
      size: 132
      clkspeed: 0
      moduleVoltage: 0
    DIMM 4:
      manufacturer: Microsoft Corporation
      modulePartNo: None
      memType: Unknown
      size: 192
      clkspeed: 0
      moduleVoltage: 0
Checksum: D1A3AEFB00BD766F4BC6C526C122D156B79D0BA0