---
system-info:
      stress-ng-version: 0.17.08
      run-by: root
      date-yyyy-mm-dd: 2024:06:11
      time-hh-mm-ss: 10:21:11
      epoch-secs: 1718101271
      hostname: f9b4f75e92e3
      sysname: Linux
      nodename: f9b4f75e92e3
      release: 6.8.0-31-generic
      version: '#31-Ubuntu SMP PREEMPT_DYNAMIC Sat Apr 20 00:40:06 UTC 2024'
      machine: x86_64
      compiler: 'musl-gcc 13.2.1'
      uptime: 111
      totalram: 16372457472
      freeram: 12609114112
      sharedram: 21270528
      bufferram: 121651200
      totalswap: 0
      freeswap: 0
      pagesize: 4096
      cpus: 8
      cpus-online: 8
      ticks-per-second: 100

metrics:
    - stressor: cpu
      bogo-ops: 103389
      bogo-ops-per-second-usr-sys-time: 1297.522276
      bogo-ops-per-second-real-time: 10337.755603
      wall-clock-time: 10.001107
      user-time: 79.646790
      system-time: 0.035079
      cpu-usage-per-instance: 99.591311
      max-rss: 3920

...
