---
system-info:
      stress-ng-version: 0.17.08
      run-by: root
      date-yyyy-mm-dd: 2024:06:14
      time-hh-mm-ss: 21:51:42
      epoch-secs: 1718401902
      hostname: 03310495d319
      sysname: Linux
      nodename: 03310495d319
      release: 6.8.0-31-generic
      version: '#31-Ubuntu SMP PREEMPT_DYNAMIC Sat Apr 20 00:40:06 UTC 2024'
      machine: x86_64
      compiler: 'musl-gcc 13.2.1'
      uptime: 137
      totalram: 16372461568
      freeram: 12825595904
      sharedram: 21270528
      bufferram: 111370240
      totalswap: 0
      freeswap: 0
      pagesize: 4096
      cpus: 8
      cpus-online: 8
      ticks-per-second: 100

metrics:
    - stressor: cpu
      bogo-ops: 173975
      bogo-ops-per-second-usr-sys-time: 1091.092047
      bogo-ops-per-second-real-time: 8698.527160
      wall-clock-time: 20.000512
      user-time: 159.415340
      system-time: 0.035002
      cpu-usage-per-instance: 99.653911
      max-rss: 1104

...
