---
system-info:
      stress-ng-version: 0.17.08
      run-by: root
      date-yyyy-mm-dd: 2024:09:22
      time-hh-mm-ss: 10:08:56
      epoch-secs: 1726999736
      hostname: sc-runner
      sysname: Linux
      nodename: sc-runner
      release: 6.8.0-1014-azure
      version: '#16-Ubuntu SMP Thu Aug 15 20:04:41 UTC 2024'
      machine: x86_64
      compiler: 'musl-gcc 13.2.1'
      uptime: 310
      totalram: 168988233728
      freeram: 158159110144
      sharedram: 71794688
      bufferram: 248745984
      totalswap: 0
      freeswap: 0
      pagesize: 4096
      cpus: 20
      cpus-online: 20
      ticks-per-second: 100

metrics:
    - stressor: cpu
      bogo-ops: 538951
      bogo-ops-per-second-usr-sys-time: 1348.714946
      bogo-ops-per-second-real-time: 26947.478492
      wall-clock-time: 20.000053
      user-time: 399.572359
      system-time: 0.030983
      cpu-usage-per-instance: 99.900570
      max-rss: 3124

...
