---
system-info:
      stress-ng-version: 0.17.08
      run-by: root
      date-yyyy-mm-dd: 2024:06:07
      time-hh-mm-ss: 13:45:00
      epoch-secs: 1717767900
      hostname: 90fa35490be9
      sysname: Linux
      nodename: 90fa35490be9
      release: 6.8.0-1008-aws
      version: '#8-Ubuntu SMP Sat Apr 20 02:43:14 UTC 2024'
      machine: aarch64
      compiler: 'musl-gcc 13.2.1'
      uptime: 115
      totalram: 33221046272
      freeram: 29022822400
      sharedram: 35024896
      bufferram: 90042368
      totalswap: 0
      freeswap: 0
      pagesize: 4096
      cpus: 4
      cpus-online: 4
      ticks-per-second: 100

metrics:
    - stressor: cpu
      bogo-ops: 11751
      bogo-ops-per-second-usr-sys-time: 293.998865
      bogo-ops-per-second-real-time: 1171.387064
      wall-clock-time: 10.031697
      user-time: 39.965545
      system-time: 0.003997
      cpu-usage-per-instance: 99.608128
      max-rss: 4136

...
