BaselineInfo:
  WebDBID: -1
  TimeStamp: 20260616195512
Version:
  Major: 11
  Minor: 0
  Build: 1004
  SpecialBuildName: ""
  ptArchitecture: x86_64_linux
Results:
  Results Complete: true
  NumTestProcesses: 2
  CPU_INTEGER_MATH: 8361.8119999999999
  CPU_FLOATINGPOINT_MATH: 4272.6342469230531
  CPU_PRIME: 17.262381941272174
  CPU_SORTING: 4380.3607587488041
  CPU_ENCRYPTION: 1814.5137012932714
  CPU_COMPRESSION: 31700.824656910467
  CPU_SINGLETHREAD: 2293.0724698705126
  CPU_PHYSICS: 346.44809939587486
  CPU_MATRIX_MULT_SSE: 1631.2338494259693
  CPU_mm: 180.21948587739149
  CPU_sse: 785.94426786829126
  CPU_fma: 2172.4615885600824
  CPU_avx: 1608.3717057127437
  CPU_avx512: 1958.1578355627603
  m_CPU_enc_SHA: 1829180253.2430806
  m_CPU_enc_AES: 2746494315.6741142
  m_CPU_enc_ECDSA: 1132291987.6246858
  ME_ALLOC_S: 977.34008125821902
  ME_READ_S: 23428.053515625001
  ME_READ_L: 9914.25
  ME_WRITE: 9399.9228515625
  ME_LARGE: 2124.9166666666665
  ME_LATENCY: 57.707253200446466
  ME_THREADED: 14153.76806640625
  SUMM_CPU: 2950.8087362117735
  SUMM_ME: 1478.1829562405153
SystemInformation:
  OSName: Ubuntu 24.04.4 LTS
  Kernel: 6.8.0-117-generic
  Device: ""
  Processor: Intel(R) Xeon(R) Platinum 8369B CPU @ 2.70GHz
  NumSockets: 1
  Manufacturer: GenuineIntel
  NumCores: 1
  NumLogicals: 2
  CPUFrequency: 0
  CPUMaxFrequency: 0
  Memory: 3499
  CPUInfo:
    number: 1
    Family: 6
    Model: 10
    stepping: 6
    features: 529267711
    manufacture: GenuineIntel
    typestring: Intel(R) Xeon(R) Platinum 8369B CPU @ 2.70GHz
    iCoresPerPackage: 1
    iThreadsPerPackage: 2
    featuresEx:
      - 529267711
      - 4277809667
      - 739248128
    bHybrid: false
    nPCore: 0
    nLogicalsPerPCore: 0
    nECore: 0
    nLogicalsPerECore: 0
  MemModuleInfo:
    iNumMemSticks: 1
    DIMM 1:
      manufacturer: Alibaba Cloud
      modulePartNo: Not Specified
      memType: RAM
      size: 4
      clkspeed: 0
      moduleVoltage: 0
Checksum: EC26226678D46A934471D562440E3FA1478AE597