---
system-info:
      stress-ng-version: 0.17.08
      run-by: root
      date-yyyy-mm-dd: 2024:06:15
      time-hh-mm-ss: 08:24:09
      epoch-secs: 1718439849
      hostname: d0f629809969
      sysname: Linux
      nodename: d0f629809969
      release: 6.8.0-1008-aws
      version: '#8-Ubuntu SMP Sat Apr 20 02:43:14 UTC 2024'
      machine: aarch64
      compiler: 'musl-gcc 13.2.1'
      uptime: 124
      totalram: 264400048128
      freeram: 259595268096
      sharedram: 35274752
      bufferram: 104767488
      totalswap: 0
      freeswap: 0
      pagesize: 4096
      cpus: 64
      cpus-online: 64
      ticks-per-second: 100

metrics:
    - stressor: cpu
      bogo-ops: 1940242
      bogo-ops-per-second-usr-sys-time: 1516.336757
      bogo-ops-per-second-real-time: 97011.749066
      wall-clock-time: 20.000072
      user-time: 1279.527787
      system-time: 0.030986
      cpu-usage-per-instance: 99.965168
      max-rss: 512

...
