---
system-info:
      stress-ng-version: 0.17.08
      run-by: root
      date-yyyy-mm-dd: 2024:06:07
      time-hh-mm-ss: 22:20:02
      epoch-secs: 1717798802
      hostname: edadd810e36d
      sysname: Linux
      nodename: edadd810e36d
      release: 6.8.0-1008-aws
      version: '#8-Ubuntu SMP Sat Apr 20 02:43:14 UTC 2024'
      machine: aarch64
      compiler: 'musl-gcc 13.2.1'
      uptime: 139
      totalram: 264400044032
      freeram: 259608035328
      sharedram: 35274752
      bufferram: 93069312
      totalswap: 0
      freeswap: 0
      pagesize: 4096
      cpus: 64
      cpus-online: 64
      ticks-per-second: 100

metrics:
    - stressor: cpu
      bogo-ops: 188139
      bogo-ops-per-second-usr-sys-time: 292.420840
      bogo-ops-per-second-real-time: 18703.347064
      wall-clock-time: 10.059109
      user-time: 643.336400
      system-time: 0.047978
      cpu-usage-per-instance: 99.938089
      max-rss: 3584

...
