BaselineInfo:
  WebDBID: -1
  TimeStamp: 20251209182207
Version:
  Major: 11
  Minor: 0
  Build: 1002
  SpecialBuildName: ""
  ptArchitecture: x86_64_linux
Results:
  Results Complete: true
  NumTestProcesses: 16
  CPU_INTEGER_MATH: 96662.050666666677
  CPU_FLOATINGPOINT_MATH: 88830.993278720402
  CPU_PRIME: 312.7203201626948
  CPU_SORTING: 62027.415492523454
  CPU_ENCRYPTION: 20837.723551371921
  CPU_COMPRESSION: 421743.88571096316
  CPU_SINGLETHREAD: 2941.0846942401499
  CPU_PHYSICS: 5725.1505291659259
  CPU_MATRIX_MULT_SSE: 40181.959279725786
  CPU_mm: 4172.0980046777213
  CPU_sse: 19044.432371022562
  CPU_fma: 54419.048264137098
  CPU_avx: 47082.39720401771
  CPU_avx512: 0
  m_CPU_enc_SHA: 28793493145.512691
  m_CPU_enc_AES: 18342550182.987144
  m_CPU_enc_ECDSA: 18413767103.310249
  ME_ALLOC_S: 16861.78723004942
  ME_READ_S: 27852.557226562501
  ME_READ_L: 26857.380859375
  ME_WRITE: 23419.09765625
  ME_LARGE: 19011
  ME_LATENCY: 67.322350426152653
  ME_THREADED: 400231.8203125
  SUMM_CPU: 37383.131864483665
  SUMM_ME: 2939.4830380431149
SystemInformation:
  OSName: Ubuntu 24.04.2 LTS
  Kernel: 6.8.0-86-generic
  Device: ""
  Processor: AMD EPYC-Milan Processor
  NumSockets: 16
  Manufacturer: AuthenticAMD
  NumCores: 16
  NumLogicals: 16
  CPUFrequency: 0
  Memory: 31337
  MemModuleInfo:
    iNumMemSticks: 1
    DIMM 1:
      manufacturer: QEMU
      modulePartNo: Not Specified
      memType: RAM
      size: 32000
      clkspeed: 0
      moduleVoltage: 0
Checksum: 009A14AF728E4E89395D419698688B04E0D7DB01