BaselineInfo:
  WebDBID: -1
  TimeStamp: 20241109183913
Version:
  Major: 11
  Minor: 0
  Build: 1002
  SpecialBuildName: ""
  ptArchitecture: x86_64_linux
Results:
  Results Complete: true
  NumTestProcesses: 48
  CPU_INTEGER_MATH: 198553.74833333335
  CPU_FLOATINGPOINT_MATH: 106293.88431182459
  CPU_PRIME: 228.59598394356547
  CPU_SORTING: 94795.979461343115
  CPU_ENCRYPTION: 26161.380042870958
  CPU_COMPRESSION: 837713.79454350972
  CPU_SINGLETHREAD: 2631.662011154046
  CPU_PHYSICS: 4334.656150697072
  CPU_MATRIX_MULT_SSE: 52197.301937261043
  CPU_mm: 5633.5300051119775
  CPU_sse: 20200.251038066908
  CPU_fma: 62102.536071549293
  CPU_avx: 43785.66210359754
  CPU_avx512: 82700.75853583045
  m_CPU_enc_SHA: 8686240620.9627495
  m_CPU_enc_AES: 65869013304.900787
  m_CPU_enc_ECDSA: 7741331793.6368341
  ME_ALLOC_S: 19849.310036293875
  ME_READ_S: 30754.075390624999
  ME_READ_L: 11294.2421875
  ME_WRITE: 10935.83203125
  ME_LARGE: 177058.33333333334
  ME_LATENCY: 49.964020309301112
  ME_THREADED: 228442.94873046875
  SUMM_CPU: 48931.140027101334
  SUMM_ME: 2970.0742332463014
SystemInformation:
  OSName: Ubuntu 24.04.1 LTS
  Kernel: 6.8.0-1016-aws
  Device: ""
  Processor: Intel Xeon Platinum 8252C CPU @ 3.80GHz
  NumSockets: 2
  Manufacturer: GenuineIntel
  NumCores: 24
  NumLogicals: 48
  CPUFrequency: 0
  Memory: 189308
  MemModuleInfo:
    iNumMemSticks: 2
    DIMM 1:
      manufacturer: Not Specified
      modulePartNo: Not Specified
      memType: DDR4
      size: 96
      clkspeed: 1466
      moduleVoltage: 0
    DIMM 2:
      manufacturer: Not Specified
      modulePartNo: Not Specified
      memType: DDR4
      size: 96
      clkspeed: 1466
      moduleVoltage: 0
Checksum: 25EF46B2AF07457C60C031AF3AEA424B794B07C5