BaselineInfo:
  WebDBID: -1
  TimeStamp: 20241112111745
Version:
  Major: 11
  Minor: 0
  Build: 1002
  SpecialBuildName: ""
  ptArchitecture: aarch64_linux
Results:
  Results Complete: true
  NumTestProcesses: 16
  CPU_INTEGER_MATH: 59734.761333333343
  CPU_FLOATINGPOINT_MATH: 23255.795158821245
  CPU_PRIME: 26.475755840087601
  CPU_SORTING: 24881.406117912564
  CPU_ENCRYPTION: 1623.8832473736638
  CPU_COMPRESSION: 46949.58325854531
  CPU_SINGLETHREAD: 622.06522770165714
  CPU_PHYSICS: 632.56713386371177
  CPU_MATRIX_MULT_SSE: 3965.4835618923616
  CPU_mm: 1173.5379594546844
  CPU_sse: 3015.4406083877589
  CPU_fma: 4915.526515396964
  CPU_avx: 0
  CPU_avx512: 0
  m_CPU_enc_SHA: 2334925717.2684274
  m_CPU_enc_AES: 1354677851.5693369
  m_CPU_enc_ECDSA: 1418691431.1564965
  ME_ALLOC_S: 4712.5761035712012
  ME_READ_S: 8476.0960449218746
  ME_READ_L: 8263.771484375
  ME_WRITE: 8737.32421875
  ME_LARGE: 21831.583333333332
  ME_LATENCY: 63.959911576662876
  ME_THREADED: 34401.450927734375
  SUMM_CPU: 5798.5284008096214
  SUMM_ME: 1603.3700943677632
SystemInformation:
  OSName: Ubuntu 24.04.1 LTS
  Kernel: 6.8.0-1016-aws
  Device: ""
  Processor: ARM Cortex-A72 16 Core 0 MHz
  NumSockets: 4
  Manufacturer: ARM
  NumCores: 16
  NumLogicals: 16
  CPUFrequency: 0
  Memory: 32019
Checksum: 61E5DB60B5CB00AB4397127B32E7F18556DA167E