---
system-info:
      stress-ng-version: 0.17.08
      run-by: root
      date-yyyy-mm-dd: 2024:06:06
      time-hh-mm-ss: 13:27:23
      epoch-secs: 1717680443
      hostname: bbbe81807b45
      sysname: Linux
      nodename: bbbe81807b45
      release: 6.8.0-1008-aws
      version: '#8-Ubuntu SMP Sat Apr 20 00:46:25 UTC 2024'
      machine: x86_64
      compiler: 'musl-gcc 13.2.1'
      uptime: 106
      totalram: 132193497088
      freeram: 127669948416
      sharedram: 37629952
      bufferram: 83492864
      totalswap: 0
      freeswap: 0
      pagesize: 4096
      cpus: 64
      cpus-online: 64
      ticks-per-second: 100

metrics:
    - stressor: cpu
      bogo-ops: 1127149
      bogo-ops-per-second-usr-sys-time: 1762.822532
      bogo-ops-per-second-real-time: 112696.436809
      wall-clock-time: 10.001638
      user-time: 639.336189
      system-time: 0.063966
      cpu-usage-per-instance: 99.889909
      max-rss: 3584

...
