---
system-info:
      stress-ng-version: 0.17.08
      run-by: root
      date-yyyy-mm-dd: 2024:06:14
      time-hh-mm-ss: 06:44:48
      epoch-secs: 1718347488
      hostname: 6ad0b526e668
      sysname: Linux
      nodename: 6ad0b526e668
      release: 6.8.0-1008-aws
      version: '#8-Ubuntu SMP Sat Apr 20 00:46:25 UTC 2024'
      machine: x86_64
      compiler: 'musl-gcc 13.2.1'
      uptime: 110
      totalram: 132193505280
      freeram: 127537111040
      sharedram: 37629952
      bufferram: 106942464
      totalswap: 0
      freeswap: 0
      pagesize: 4096
      cpus: 64
      cpus-online: 64
      ticks-per-second: 100

metrics:
    - stressor: cpu
      bogo-ops: 3933570
      bogo-ops-per-second-usr-sys-time: 3075.348525
      bogo-ops-per-second-real-time: 196678.023536
      wall-clock-time: 20.000048
      user-time: 1279.028802
      system-time: 0.035983
      cpu-usage-per-instance: 99.926694
      max-rss: 512

...
