---
system-info:
      stress-ng-version: 0.17.08
      run-by: root
      date-yyyy-mm-dd: 2024:06:13
      time-hh-mm-ss: 21:41:51
      epoch-secs: 1718314911
      hostname: 9af7cdd2013d
      sysname: Linux
      nodename: 9af7cdd2013d
      release: 6.8.0-1008-aws
      version: '#8-Ubuntu SMP Sat Apr 20 02:43:14 UTC 2024'
      machine: aarch64
      compiler: 'musl-gcc 13.2.1'
      uptime: 177
      totalram: 8189501440
      freeram: 3979218944
      sharedram: 35008512
      bufferram: 107012096
      totalswap: 0
      freeswap: 0
      pagesize: 4096
      cpus: 2
      cpus-online: 2
      ticks-per-second: 100

metrics:
    - stressor: cpu
      bogo-ops: 29908
      bogo-ops-per-second-usr-sys-time: 1495.493020
      bogo-ops-per-second-real-time: 1495.389607
      wall-clock-time: 20.000139
      user-time: 19.997757
      system-time: 0.000999
      cpu-usage-per-instance: 99.993085
      max-rss: 1320

...
