BaselineInfo:
  WebDBID: -1
  TimeStamp: 20250115235404
Version:
  Major: 11
  Minor: 0
  Build: 1002
  SpecialBuildName: ""
  ptArchitecture: x86_64_linux
Results:
  Results Complete: true
  NumTestProcesses: 1
  CPU_INTEGER_MATH: 5515.2563333333328
  CPU_FLOATINGPOINT_MATH: 4714.4743177184146
  CPU_PRIME: 17.598879914650514
  CPU_SORTING: 3215.7310511938781
  CPU_ENCRYPTION: 692.81877076243961
  CPU_COMPRESSION: 27105.965544338367
  CPU_SINGLETHREAD: 2672.2480338950218
  CPU_PHYSICS: 316.69451812348689
  CPU_MATRIX_MULT_SSE: 1859.4472736234763
  CPU_mm: 270.51939289484903
  CPU_sse: 1005.46394995119
  CPU_fma: 3004.5457342222762
  CPU_avx: 1568.3321366969628
  CPU_avx512: 0
  m_CPU_enc_SHA: 391261802.62681466
  m_CPU_enc_AES: 1450085796.5341439
  m_CPU_enc_ECDSA: 338071806.95202905
  ME_ALLOC_S: 1052.3794059413181
  ME_READ_S: 31712.876953125
  ME_READ_L: 15173.01171875
  ME_WRITE: 13457.7646484375
  ME_LARGE: 596.33333333333337
  ME_LATENCY: 34.864302068180052
  ME_THREADED: 15118.5751953125
  SUMM_CPU: 2234.0768837601354
  SUMM_ME: 1083.6210958134473
SystemInformation:
  OSName: Ubuntu 24.04.1 LTS
  Kernel: 6.8.0-1020-azure
  Device: ""
  Processor: Intel Xeon E-2288G CPU @ 3.70GHz
  NumSockets: 1
  Manufacturer: GenuineIntel
  NumCores: 1
  NumLogicals: 1
  CPUFrequency: 0
  Memory: 3912
  MemModuleInfo:
    iNumMemSticks: 4
    DIMM 1:
      manufacturer: Microsoft Corporation
      modulePartNo: None
      memType: Unknown
      size: 1
      clkspeed: 0
      moduleVoltage: 0
    DIMM 2:
      manufacturer: Microsoft Corporation
      modulePartNo: None
      memType: Unknown
      size: 3
      clkspeed: 0
      moduleVoltage: 0
    DIMM 3:
      manufacturer: Microsoft Corporation
      modulePartNo: None
      memType: Unknown
      size: 26
      clkspeed: 0
      moduleVoltage: 0
    DIMM 4:
      manufacturer: Microsoft Corporation
      modulePartNo: None
      memType: Unknown
      size: 2
      clkspeed: 0
      moduleVoltage: 0
Checksum: 17717F488420B0616396CBE8C28EB95D097BE895