---
system-info:
      stress-ng-version: 0.17.08
      run-by: root
      date-yyyy-mm-dd: 2024:09:12
      time-hh-mm-ss: 12:53:34
      epoch-secs: 1726145614
      hostname: ip-172-31-37-255
      sysname: Linux
      nodename: ip-172-31-37-255
      release: 6.8.0-1014-aws
      version: '#15-Ubuntu SMP Thu Aug  8 19:13:06 UTC 2024'
      machine: x86_64
      compiler: 'musl-gcc 13.2.1'
      uptime: 292
      totalram: 2063028858880
      freeram: 2050371883008
      sharedram: 190623744
      bufferram: 224337920
      totalswap: 0
      freeswap: 0
      pagesize: 4096
      cpus: 128
      cpus-online: 128
      ticks-per-second: 100

metrics:
    - stressor: cpu
      bogo-ops: 14955
      bogo-ops-per-second-usr-sys-time: 747.732578
      bogo-ops-per-second-real-time: 747.741193
      wall-clock-time: 20.000236
      user-time: 20.000466
      system-time: 0.000000
      cpu-usage-per-instance: 100.001152
      max-rss: 0

...
