---
system-info:
      stress-ng-version: 0.17.08
      run-by: root
      date-yyyy-mm-dd: 2024:09:23
      time-hh-mm-ss: 01:38:10
      epoch-secs: 1727055490
      hostname: sc-runner
      sysname: Linux
      nodename: sc-runner
      release: 6.8.0-1014-azure
      version: '#16-Ubuntu SMP Thu Aug 15 20:04:41 UTC 2024'
      machine: x86_64
      compiler: 'musl-gcc 13.2.1'
      uptime: 381
      totalram: 270259843072
      freeram: 259945492480
      sharedram: 38133760
      bufferram: 249708544
      totalswap: 0
      freeswap: 0
      pagesize: 4096
      cpus: 8
      cpus-online: 8
      ticks-per-second: 100

metrics:
    - stressor: cpu
      bogo-ops: 215698
      bogo-ops-per-second-usr-sys-time: 1351.339787
      bogo-ops-per-second-real-time: 10784.874287
      wall-clock-time: 20.000048
      user-time: 159.597901
      system-time: 0.019985
      cpu-usage-per-instance: 99.760941
      max-rss: 3128

...
