---
system-info:
      stress-ng-version: 0.17.08
      run-by: root
      date-yyyy-mm-dd: 2024:06:14
      time-hh-mm-ss: 02:50:05
      epoch-secs: 1718333405
      hostname: 89a517298888
      sysname: Linux
      nodename: 89a517298888
      release: 6.8.0-1008-aws
      version: '#8-Ubuntu SMP Sat Apr 20 00:46:25 UTC 2024'
      machine: x86_64
      compiler: 'musl-gcc 13.2.1'
      uptime: 154
      totalram: 63253413888
      freeram: 58530914304
      sharedram: 53895168
      bufferram: 108552192
      totalswap: 0
      freeswap: 0
      pagesize: 4096
      cpus: 36
      cpus-online: 36
      ticks-per-second: 100

metrics:
    - stressor: cpu
      bogo-ops: 28672
      bogo-ops-per-second-usr-sys-time: 1433.657920
      bogo-ops-per-second-real-time: 1433.594104
      wall-clock-time: 20.000082
      user-time: 19.999192
      system-time: 0.000000
      cpu-usage-per-instance: 99.995549
      max-rss: 916

...
