---
system-info:
      stress-ng-version: 0.17.08
      run-by: root
      date-yyyy-mm-dd: 2024:06:05
      time-hh-mm-ss: 13:26:06
      epoch-secs: 1717593966
      hostname: 4b3829226888
      sysname: Linux
      nodename: 4b3829226888
      release: 6.8.0-1008-aws
      version: '#8-Ubuntu SMP Sat Apr 20 00:46:25 UTC 2024'
      machine: x86_64
      compiler: 'musl-gcc 13.2.1'
      uptime: 138
      totalram: 63253405696
      freeram: 58770374656
      sharedram: 53895168
      bufferram: 77586432
      totalswap: 0
      freeswap: 0
      pagesize: 4096
      cpus: 36
      cpus-online: 36
      ticks-per-second: 100

metrics:
    - stressor: cpu
      bogo-ops: 15550
      bogo-ops-per-second-usr-sys-time: 1554.928940
      bogo-ops-per-second-real-time: 1554.868546
      wall-clock-time: 10.000845
      user-time: 9.999441
      system-time: 0.001016
      cpu-usage-per-instance: 99.996116
      max-rss: 3776

...
