---
system-info:
      stress-ng-version: 0.17.08
      run-by: root
      date-yyyy-mm-dd: 2024:07:03
      time-hh-mm-ss: 09:14:48
      epoch-secs: 1719998088
      hostname: c3d-standard-90-f360092
      sysname: Linux
      nodename: c3d-standard-90-f360092
      release: 6.8.0-1009-gcp
      version: '#10-Ubuntu SMP Wed Jun 12 18:52:23 UTC 2024'
      machine: x86_64
      compiler: 'musl-gcc 13.2.1'
      uptime: 143
      totalram: 380151451648
      freeram: 374588518400
      sharedram: 35311616
      bufferram: 131493888
      totalswap: 0
      freeswap: 0
      pagesize: 4096
      cpus: 90
      cpus-online: 90
      ticks-per-second: 100

metrics:
    - stressor: cpu
      bogo-ops: 57276
      bogo-ops-per-second-usr-sys-time: 2863.890213
      bogo-ops-per-second-real-time: 2863.792421
      wall-clock-time: 20.000053
      user-time: 19.998371
      system-time: 0.000999
      cpu-usage-per-instance: 99.996585
      max-rss: 720

...
