---
system-info:
      stress-ng-version: 0.17.08
      run-by: root
      date-yyyy-mm-dd: 2024:09:17
      time-hh-mm-ss: 05:46:37
      epoch-secs: 1726551997
      hostname: sc-runner
      sysname: Linux
      nodename: sc-runner
      release: 6.8.0-1014-azure
      version: '#16-Ubuntu SMP Thu Aug 15 20:04:41 UTC 2024'
      machine: x86_64
      compiler: 'musl-gcc 13.2.1'
      uptime: 298
      totalram: 270250332160
      freeram: 259493842944
      sharedram: 55013376
      bufferram: 245542912
      totalswap: 0
      freeswap: 0
      pagesize: 4096
      cpus: 32
      cpus-online: 32
      ticks-per-second: 100

metrics:
    - stressor: cpu
      bogo-ops: 37992
      bogo-ops-per-second-usr-sys-time: 1899.649106
      bogo-ops-per-second-real-time: 1899.593478
      wall-clock-time: 20.000069
      user-time: 19.999483
      system-time: 0.000000
      cpu-usage-per-instance: 99.997072
      max-rss: 3080

...
