"size","threads","connections","rps","latency","failed","server_usr","server_sys","client_usr","client_sys"
"1k",32,32,1071112,0.000027760,0,48.08,110.57,27.31,136.51
"1k",32,64,1087008,0.000057930,0,45.07,98.75,22.85,118.07
"1k",32,128,1405388,0.000084570,0,49.85,103.21,22.60,125.70
"1k",32,256,1730293,0.000146050,0,53.23,107.74,22.76,129.62
"1k",32,512,2136930,0.000334870,0,55.09,111.51,24.74,128.45
"1k",32,1024,2260547,0.000496050,0,56.23,113.92,24.05,127.02
"1k",64,64,1107397,0.000055960,0,46.25,95.36,29.74,149.01
"1k",64,128,1311160,0.000100220,0,44.78,106.17,25.56,131.11
"1k",64,256,1486229,0.000186520,0,45.98,108.47,27.56,140.94
"1k",64,512,1575434,0.000469860,0,45.44,109.26,27.88,141.98
"1k",64,1024,1679535,0.000781490,0,47.12,109.95,27.46,140.73
"1k",128,128,1250546,0.000104460,0,46.04,103.95,28.60,142.31
"1k",128,256,1330586,0.000225680,0,44.01,107.67,28.29,144.34
"1k",128,512,1408210,0.000509770,0,42.28,109.07,28.18,144.46
"1k",128,1024,1453976,0.000845430,0,42.86,110.64,27.46,143.89
"16k",32,32,888418,0.000033990,0,47.90,92.30,24.75,145.43
"16k",32,64,914459,0.000064400,0,43.80,95.10,21.98,122.96
"16k",32,128,1155379,0.000100800,0,48.41,100.82,22.37,130.21
"16k",32,256,1435470,0.000167960,0,49.99,105.04,22.76,135.46
"16k",32,512,1631525,0.000302970,0,51.38,107.96,23.08,135.68
"16k",32,1024,1766840,0.000532360,0,51.51,111.22,23.92,136.10
"16k",64,64,980327,0.000063870,0,46.22,92.45,29.77,155.11
"16k",64,128,1119361,0.000113070,0,44.57,101.58,24.82,137.83
"16k",64,256,1338181,0.000211580,0,44.26,105.91,25.62,145.81
"16k",64,512,1349617,0.000490090,0,43.54,106.24,27.00,147.84
"16k",64,1024,1407597,0.000920000,0,44.14,108.49,26.46,146.01
"16k",128,128,1086818,0.000120030,0,45.09,97.30,27.25,148.41
"16k",128,256,1171850,0.000269470,0,43.18,104.54,27.24,147.79
"16k",128,512,1187888,0.000576230,0,41.22,106.84,27.35,149.43
"16k",128,1024,1185645,0.001010000,0,41.04,108.88,26.35,149.92
"64k",32,32,561672,0.000055440,0,41.52,98.06,20.60,152.13
"64k",32,64,572737,0.000101260,0,36.82,97.66,18.39,133.90
"64k",32,128,705919,0.000162370,0,39.44,103.78,19.36,139.20
"64k",32,256,840779,0.000276040,0,41.50,110.16,20.38,143.09
"64k",32,512,930060,0.000509360,0,41.65,113.84,20.37,146.02
"64k",32,1024,882158,0.001060000,0,40.64,111.59,19.43,149.74
"64k",64,64,596477,0.000106070,0,36.42,103.38,23.36,159.60
"64k",64,128,685622,0.000183630,0,37.46,105.22,21.06,146.07
"64k",64,256,779904,0.000327740,0,37.86,111.15,22.33,152.21
"64k",64,512,796460,0.000760230,0,36.43,112.45,22.41,153.21
"64k",64,1024,800672,0.001460000,0,37.01,115.18,21.81,152.35
"64k",128,128,676643,0.000192110,0,37.62,104.56,22.51,156.29
"64k",128,256,718293,0.000395050,0,35.33,110.16,24.10,153.93
"64k",128,512,733194,0.000880000,0,35.01,112.18,23.09,154.31
"64k",128,1024,693433,0.001570000,0,35.22,113.92,22.91,154.08
"256k",32,32,267713,0.000318570,0,31.31,107.94,19.97,153.07
"256k",32,64,266995,0.000260580,0,32.10,101.88,17.35,134.30
"256k",32,128,310298,0.000436170,0,35.83,110.88,18.46,140.30
"256k",32,256,319064,0.000693310,0,37.10,112.69,17.37,154.32
"256k",32,512,303459,0.001470000,0,34.74,109.28,16.42,161.64
"256k",64,64,284635,0.000227290,0,32.86,106.13,21.38,162.67
"256k",64,128,309011,0.000456570,0,34.93,116.08,20.95,150.48
"256k",64,256,304015,0.000860000,0,34.15,115.24,19.42,155.24
"256k",64,512,292605,0.001800000,0,32.79,113.72,18.51,158.84
"256k",128,128,303509,0.000471200,0,34.13,111.44,21.90,155.64
"256k",128,256,289954,0.000980000,0,31.34,117.40,21.52,154.09
"256k",128,512,280117,0.001940000,0,31.78,117.99,20.34,154.68
"512k",32,32,157534,0.000843830,0,29.23,91.48,18.48,171.06
"512k",32,64,153954,0.000666890,0,31.45,99.15,16.59,139.73
"512k",32,128,164001,0.000748130,0,34.61,113.47,16.37,150.17
"512k",32,256,151342,0.001400000,0,32.89,108.20,14.85,164.83
"512k",32,512,145452,0.002790000,0,31.55,106.00,14.50,171.93
"512k",64,64,167375,0.000383780,0,33.04,97.08,20.00,173.40
"512k",64,128,160867,0.000815890,0,33.46,116.47,18.34,154.66
"512k",64,256,151955,0.001640000,0,31.30,115.23,16.36,160.03
"512k",64,512,147048,0.003350000,0,29.89,112.04,15.31,166.94
"512k",128,128,156311,0.000842270,0,33.65,99.35,18.80,172.71
"512k",128,256,149766,0.001780000,0,29.99,119.80,18.67,155.89
"512k",128,512,146925,0.003560000,0,30.22,119.02,18.29,158.15
