---
system-info:
      stress-ng-version: 0.17.08
      run-by: root
      date-yyyy-mm-dd: 2024:06:12
      time-hh-mm-ss: 19:41:58
      epoch-secs: 1718221318
      hostname: 76f3e69e4391
      sysname: Linux
      nodename: 76f3e69e4391
      release: 6.8.0-1008-aws
      version: '#8-Ubuntu SMP Sat Apr 20 00:46:25 UTC 2024'
      machine: x86_64
      compiler: 'musl-gcc 13.2.1'
      uptime: 160
      totalram: 133602799616
      freeram: 128827572224
      sharedram: 20295680
      bufferram: 112832512
      totalswap: 0
      freeswap: 0
      pagesize: 4096
      cpus: 64
      cpus-online: 64
      ticks-per-second: 100

metrics:
    - stressor: cpu
      bogo-ops: 15383
      bogo-ops-per-second-usr-sys-time: 769.171229
      bogo-ops-per-second-real-time: 769.148148
      wall-clock-time: 20.000048
      user-time: 19.998449
      system-time: 0.000999
      cpu-usage-per-instance: 99.996999
      max-rss: 512

...
