---
system-info:
      stress-ng-version: 0.17.08
      run-by: root
      date-yyyy-mm-dd: 2024:06:05
      time-hh-mm-ss: 17:39:33
      epoch-secs: 1717609173
      hostname: cea9ccc327bb
      sysname: Linux
      nodename: cea9ccc327bb
      release: 6.8.0-1008-aws
      version: '#8-Ubuntu SMP Sat Apr 20 00:46:25 UTC 2024'
      machine: x86_64
      compiler: 'musl-gcc 13.2.1'
      uptime: 151
      totalram: 133602799616
      freeram: 129184096256
      sharedram: 20295680
      bufferram: 78692352
      totalswap: 0
      freeswap: 0
      pagesize: 4096
      cpus: 64
      cpus-online: 64
      ticks-per-second: 100

metrics:
    - stressor: cpu
      bogo-ops: 13947
      bogo-ops-per-second-usr-sys-time: 1394.664994
      bogo-ops-per-second-real-time: 1394.615943
      wall-clock-time: 10.000603
      user-time: 9.999252
      system-time: 0.000999
      cpu-usage-per-instance: 99.996483
      max-rss: 3584

...
