---
system-info:
      stress-ng-version: 0.17.08
      run-by: root
      date-yyyy-mm-dd: 2024:06:12
      time-hh-mm-ss: 16:56:39
      epoch-secs: 1718211399
      hostname: f1d2ba07fba7
      sysname: Linux
      nodename: f1d2ba07fba7
      release: 6.8.0-1008-aws
      version: '#8-Ubuntu SMP Sat Apr 20 00:46:25 UTC 2024'
      machine: x86_64
      compiler: 'musl-gcc 13.2.1'
      uptime: 168
      totalram: 133602799616
      freeram: 128856870912
      sharedram: 20295680
      bufferram: 112414720
      totalswap: 0
      freeswap: 0
      pagesize: 4096
      cpus: 64
      cpus-online: 64
      ticks-per-second: 100

metrics:
    - stressor: cpu
      bogo-ops: 31359
      bogo-ops-per-second-usr-sys-time: 1568.038124
      bogo-ops-per-second-real-time: 1567.948000
      wall-clock-time: 20.000026
      user-time: 19.998876
      system-time: 0.000000
      cpu-usage-per-instance: 99.994252
      max-rss: 512

...
