BaselineInfo:
  WebDBID: -1
  TimeStamp: 20241109233504
Version:
  Major: 11
  Minor: 0
  Build: 1002
  SpecialBuildName: ""
  ptArchitecture: aarch64_linux
Results:
  Results Complete: true
  NumTestProcesses: 64
  CPU_INTEGER_MATH: 252596.10833333328
  CPU_FLOATINGPOINT_MATH: 191625.64400840687
  CPU_PRIME: 248.53886593949147
  CPU_SORTING: 174818.84064107912
  CPU_ENCRYPTION: 8678.9795394378762
  CPU_COMPRESSION: 304898.89672141726
  CPU_SINGLETHREAD: 1110.1328182385887
  CPU_PHYSICS: 3826.3970907730868
  CPU_MATRIX_MULT_SSE: 39852.298099931089
  CPU_mm: 6673.4613796548756
  CPU_sse: 33346.84740376447
  CPU_fma: 46357.74879609768
  CPU_avx: 0
  CPU_avx512: 0
  m_CPU_enc_SHA: 12860564566.646914
  m_CPU_enc_AES: 6025383341.061986
  m_CPU_enc_ECDSA: 8415761040.9279261
  ME_ALLOC_S: 20298.542911526121
  ME_READ_S: 9486.4025390624993
  ME_READ_L: 9167.0283203125
  ME_WRITE: 12570.0791015625
  ME_LARGE: 1006567.3333333334
  ME_LATENCY: 74.227368634471858
  ME_THREADED: 156950.2958984375
  SUMM_CPU: 27995.525713178256
  SUMM_ME: 1805.5993663443041
SystemInformation:
  OSName: Ubuntu 24.04.1 LTS
  Kernel: 6.8.0-1016-aws
  Device: ""
  Processor: ARM Neoverse-N1 64 Core 0 MHz
  NumSockets: 1
  Manufacturer: ARM
  NumCores: 64
  NumLogicals: 64
  CPUFrequency: 0
  Memory: 1019501
Checksum: B16410974A7798F01C5E403677E20DD8030FDCE7