---
system-info:
      stress-ng-version: 0.17.08
      run-by: root
      date-yyyy-mm-dd: 2024:07:02
      time-hh-mm-ss: 02:35:34
      epoch-secs: 1719887734
      hostname: n2-highcpu-16-c17d747
      sysname: Linux
      nodename: n2-highcpu-16-c17d747
      release: 6.8.0-1009-gcp
      version: '#10-Ubuntu SMP Wed Jun 12 18:52:23 UTC 2024'
      machine: x86_64
      compiler: 'musl-gcc 13.2.1'
      uptime: 150
      totalram: 16763080704
      freeram: 11530571776
      sharedram: 36118528
      bufferram: 125001728
      totalswap: 0
      freeswap: 0
      pagesize: 4096
      cpus: 16
      cpus-online: 16
      ticks-per-second: 100

metrics:
    - stressor: cpu
      bogo-ops: 297017
      bogo-ops-per-second-usr-sys-time: 929.684496
      bogo-ops-per-second-real-time: 14850.779949
      wall-clock-time: 20.000094
      user-time: 319.460515
      system-time: 0.020988
      cpu-usage-per-instance: 99.837499
      max-rss: 1104

...
