BaselineInfo:
  WebDBID: -1
  TimeStamp: 20241111134459
Version:
  Major: 11
  Minor: 0
  Build: 1002
  SpecialBuildName: ""
  ptArchitecture: x86_64_linux
Results:
  Results Complete: true
  NumTestProcesses: 96
  CPU_INTEGER_MATH: 402351.88799999974
  CPU_FLOATINGPOINT_MATH: 205644.21583215479
  CPU_PRIME: 457.4695288122935
  CPU_SORTING: 195539.02390126672
  CPU_ENCRYPTION: 86161.032292506541
  CPU_COMPRESSION: 1440440.3646013453
  CPU_SINGLETHREAD: 2363.3466246187495
  CPU_PHYSICS: 7753.697460834479
  CPU_MATRIX_MULT_SSE: 83248.92930926758
  CPU_mm: 8600.5441932284284
  CPU_sse: 37380.975509887336
  CPU_fma: 99510.646866329946
  CPU_avx: 76821.507530800955
  CPU_avx512: 119282.58733005203
  m_CPU_enc_SHA: 87278607219.129242
  m_CPU_enc_AES: 130844357066.37523
  m_CPU_enc_ECDSA: 52916207505.937485
  ME_ALLOC_S: 29552.287800057969
  ME_READ_S: 24217.349023437499
  ME_READ_L: 11345.9189453125
  ME_WRITE: 10365.8408203125
  ME_LARGE: 367453.16666666669
  ME_LATENCY: 60.679711813634619
  ME_THREADED: 304620.87377929688
  SUMM_CPU: 75234.076379551436
  SUMM_ME: 2607.6982165227919
SystemInformation:
  OSName: Ubuntu 24.04.1 LTS
  Kernel: 6.8.0-1016-aws
  Device: ""
  Processor: Intel Xeon Platinum 8375C CPU @ 2.90GHz
  NumSockets: 2
  Manufacturer: GenuineIntel
  NumCores: 48
  NumLogicals: 96
  CPUFrequency: 0
  Memory: 380810
  MemModuleInfo:
    iNumMemSticks: 2
    DIMM 1:
      manufacturer: Not Specified
      modulePartNo: Not Specified
      memType: DDR4
      size: 192
      clkspeed: 1600
      moduleVoltage: 0
    DIMM 2:
      manufacturer: Not Specified
      modulePartNo: Not Specified
      memType: DDR4
      size: 192
      clkspeed: 1600
      moduleVoltage: 0
Checksum: FB1359EEDC6A959BB080ED1E402B0EC503151574