---
system-info:
      stress-ng-version: 0.17.08
      run-by: root
      date-yyyy-mm-dd: 2024:06:07
      time-hh-mm-ss: 14:58:25
      epoch-secs: 1717772305
      hostname: da8b823daf32
      sysname: Linux
      nodename: da8b823daf32
      release: 6.8.0-1008-aws
      version: '#8-Ubuntu SMP Sat Apr 20 02:43:14 UTC 2024'
      machine: aarch64
      compiler: 'musl-gcc 13.2.1'
      uptime: 145
      totalram: 66199490560
      freeram: 61784170496
      sharedram: 34963456
      bufferram: 91136000
      totalswap: 0
      freeswap: 0
      pagesize: 4096
      cpus: 16
      cpus-online: 16
      ticks-per-second: 100

metrics:
    - stressor: cpu
      bogo-ops: 2940
      bogo-ops-per-second-usr-sys-time: 292.795410
      bogo-ops-per-second-real-time: 292.792851
      wall-clock-time: 10.041229
      user-time: 10.040141
      system-time: 0.001000
      cpu-usage-per-instance: 99.999126
      max-rss: 4008

...
