---
system-info:
      stress-ng-version: 0.17.08
      run-by: root
      date-yyyy-mm-dd: 2024:06:14
      time-hh-mm-ss: 14:22:32
      epoch-secs: 1718374952
      hostname: 2ac7aad02f94
      sysname: Linux
      nodename: 2ac7aad02f94
      release: 6.8.0-1008-aws
      version: '#8-Ubuntu SMP Sat Apr 20 02:43:14 UTC 2024'
      machine: aarch64
      compiler: 'musl-gcc 13.2.1'
      uptime: 167
      totalram: 66199490560
      freeram: 61745164288
      sharedram: 34963456
      bufferram: 108556288
      totalswap: 0
      freeswap: 0
      pagesize: 4096
      cpus: 16
      cpus-online: 16
      ticks-per-second: 100

metrics:
    - stressor: cpu
      bogo-ops: 30396
      bogo-ops-per-second-usr-sys-time: 1519.855323
      bogo-ops-per-second-real-time: 1519.795308
      wall-clock-time: 20.000062
      user-time: 19.998273
      system-time: 0.000999
      cpu-usage-per-instance: 99.996051
      max-rss: 1320

...
