---
system-info:
      stress-ng-version: 0.17.08
      run-by: root
      date-yyyy-mm-dd: 2024:06:07
      time-hh-mm-ss: 18:43:58
      epoch-secs: 1717785838
      hostname: a7eea22dd6b1
      sysname: Linux
      nodename: a7eea22dd6b1
      release: 6.8.0-1008-aws
      version: '#8-Ubuntu SMP Sat Apr 20 00:46:25 UTC 2024'
      machine: x86_64
      compiler: 'musl-gcc 13.2.1'
      uptime: 127
      totalram: 8112766976
      freeram: 3899518976
      sharedram: 37834752
      bufferram: 93405184
      totalswap: 0
      freeswap: 0
      pagesize: 4096
      cpus: 2
      cpus-online: 2
      ticks-per-second: 100

metrics:
    - stressor: cpu
      bogo-ops: 20369
      bogo-ops-per-second-usr-sys-time: 1030.222663
      bogo-ops-per-second-real-time: 2036.616283
      wall-clock-time: 10.001393
      user-time: 19.762477
      system-time: 0.008977
      cpu-usage-per-instance: 98.843500
      max-rss: 3920

...
