---
system-info:
      stress-ng-version: 0.17.08
      run-by: root
      date-yyyy-mm-dd: 2024:06:13
      time-hh-mm-ss: 10:41:56
      epoch-secs: 1718275316
      hostname: ae0c127acd05
      sysname: Linux
      nodename: ae0c127acd05
      release: 6.8.0-1008-aws
      version: '#8-Ubuntu SMP Sat Apr 20 00:46:25 UTC 2024'
      machine: x86_64
      compiler: 'musl-gcc 13.2.1'
      uptime: 136
      totalram: 8112766976
      freeram: 3852877824
      sharedram: 37834752
      bufferram: 106000384
      totalswap: 0
      freeswap: 0
      pagesize: 4096
      cpus: 2
      cpus-online: 2
      ticks-per-second: 100

metrics:
    - stressor: cpu
      bogo-ops: 33464
      bogo-ops-per-second-usr-sys-time: 844.902242
      bogo-ops-per-second-real-time: 1673.188122
      wall-clock-time: 20.000142
      user-time: 39.597974
      system-time: 0.008975
      cpu-usage-per-instance: 99.016670
      max-rss: 1212

...
