---
system-info:
      stress-ng-version: 0.17.08
      run-by: root
      date-yyyy-mm-dd: 2024:09:16
      time-hh-mm-ss: 00:36:18
      epoch-secs: 1726446978
      hostname: sc-runner
      sysname: Linux
      nodename: sc-runner
      release: 6.8.0-1014-azure
      version: '#16-Ubuntu SMP Thu Aug 15 21:06:50 UTC 2024'
      machine: aarch64
      compiler: 'musl-gcc 13.2.1'
      uptime: 329
      totalram: 16736686080
      freeram: 6705446912
      sharedram: 38146048
      bufferram: 233537536
      totalswap: 0
      freeswap: 0
      pagesize: 4096
      cpus: 8
      cpus-online: 8
      ticks-per-second: 100

metrics:
    - stressor: cpu
      bogo-ops: 36444
      bogo-ops-per-second-usr-sys-time: 1822.187336
      bogo-ops-per-second-real-time: 1822.190507
      wall-clock-time: 20.000104
      user-time: 20.000139
      system-time: 0.000000
      cpu-usage-per-instance: 100.000174
      max-rss: 1320

...
