BaselineInfo:
  WebDBID: -1
  TimeStamp: 20241111050739
Version:
  Major: 11
  Minor: 0
  Build: 1002
  SpecialBuildName: ""
  ptArchitecture: x86_64_linux
Results:
  Results Complete: true
  NumTestProcesses: 128
  CPU_INTEGER_MATH: 292542.27033333335
  CPU_FLOATINGPOINT_MATH: 156950.53697171496
  CPU_PRIME: 426.45449217941763
  CPU_SORTING: 150012.19148238029
  CPU_ENCRYPTION: 40249.926695884409
  CPU_COMPRESSION: 1272171.6753525184
  CPU_SINGLETHREAD: 1488.1030959241311
  CPU_PHYSICS: 7319.303868979875
  CPU_MATRIX_MULT_SSE: 93508.439603976731
  CPU_mm: 8887.6464250711269
  CPU_sse: 31974.764216747666
  CPU_fma: 108711.1751175057
  CPU_avx: 76799.870661497262
  CPU_avx512: 156547.94842015614
  m_CPU_enc_SHA: 13226795607.161854
  m_CPU_enc_AES: 101564840850.24799
  m_CPU_enc_ECDSA: 11823684947.781281
  ME_ALLOC_S: 16738.415128940946
  ME_READ_S: 18311.822656249999
  ME_READ_L: 6693.96435546875
  ME_WRITE: 6529.25634765625
  ME_LARGE: 3902747.1666666665
  ME_LATENCY: 71.286684135145961
  ME_THREADED: 389709.77807617188
  SUMM_CPU: 52881.625112673442
  SUMM_ME: 1927.5899367959375
SystemInformation:
  OSName: Ubuntu 24.04.1 LTS
  Kernel: 6.8.0-1017-azure
  Device: ""
  Processor: Intel Xeon Platinum 8280L CPU @ 2.70GHz
  NumSockets: 4
  Manufacturer: GenuineIntel
  NumCores: 64
  NumLogicals: 128
  CPUFrequency: 0
  Memory: 3922970
  MemModuleInfo:
    iNumMemSticks: 6
    DIMM 1:
      manufacturer: Microsoft Corporation
      modulePartNo: None
      memType: Unknown
      size: 1
      clkspeed: 0
      moduleVoltage: 0
    DIMM 2:
      manufacturer: Microsoft Corporation
      modulePartNo: None
      memType: Unknown
      size: 60928
      clkspeed: 0
      moduleVoltage: 0
    DIMM 3:
      manufacturer: Microsoft Corporation
      modulePartNo: None
      memType: Unknown
      size: 934400
      clkspeed: 0
      moduleVoltage: 0
    DIMM 4:
      manufacturer: Microsoft Corporation
      modulePartNo: None
      memType: Unknown
      size: 973
      clkspeed: 0
      moduleVoltage: 0
    DIMM 5:
      manufacturer: Microsoft Corporation
      modulePartNo: None
      memType: Unknown
      size: 973
      clkspeed: 0
      moduleVoltage: 0
    DIMM 6:
      manufacturer: Microsoft Corporation
      modulePartNo: None
      memType: Unknown
      size: 973
      clkspeed: 0
      moduleVoltage: 0
Checksum: 428AEB648E84C8731DD85D4115891EC254889DB5