BaselineInfo:
  WebDBID: -1
  TimeStamp: 20250916001940
Version:
  Major: 11
  Minor: 0
  Build: 1002
  SpecialBuildName: ""
  ptArchitecture: aarch64_linux
Results:
  Results Complete: true
  NumTestProcesses: 8
  CPU_INTEGER_MATH: 41720.404666666669
  CPU_FLOATINGPOINT_MATH: 48466.050523588572
  CPU_PRIME: 139.29534326542151
  CPU_SORTING: 37007.542097689897
  CPU_ENCRYPTION: 1510.6382218067197
  CPU_COMPRESSION: 53112.724295063388
  CPU_SINGLETHREAD: 1941.9512136923477
  CPU_PHYSICS: 2569.6938929302883
  CPU_MATRIX_MULT_SSE: 7356.5119154063568
  CPU_mm: 911.58473959931746
  CPU_sse: 5772.9362605354199
  CPU_fma: 8940.0875702772973
  CPU_avx: 0
  CPU_avx512: 0
  m_CPU_enc_SHA: 2389101540.9557667
  m_CPU_enc_AES: 857094426.07222509
  m_CPU_enc_ECDSA: 1505860985.1796167
  ME_ALLOC_S: 12194.486495155557
  ME_READ_S: 19585.251367187499
  ME_READ_L: 20285.19140625
  ME_WRITE: 21286.59375
  ME_LARGE: 53228.666666666664
  ME_LATENCY: 45.564436536987365
  ME_THREADED: 149046.70703125
  SUMM_CPU: 7696.3845671193194
  SUMM_ME: 3212.8702771136782
SystemInformation:
  OSName: Ubuntu 24.04.2 LTS
  Kernel: 6.14.0-1012-aws
  Device: ""
  Processor: ARM Neoverse-V2 8 Core 0 MHz
  NumSockets: 1
  Manufacturer: ARM
  NumCores: 8
  NumLogicals: 8
  CPUFrequency: 0
  Memory: 63131
Checksum: 19C1D0591593AE2AC424B60753FFF5E1F53DB700