---
system-info:
      stress-ng-version: 0.17.08
      run-by: root
      date-yyyy-mm-dd: 2024:07:02
      time-hh-mm-ss: 08:51:25
      epoch-secs: 1719910285
      hostname: n4-highmem-16-e6a1b28
      sysname: Linux
      nodename: n4-highmem-16-e6a1b28
      release: 6.8.0-1009-gcp
      version: '#10-Ubuntu SMP Wed Jun 12 18:52:23 UTC 2024'
      machine: x86_64
      compiler: 'musl-gcc 13.2.1'
      uptime: 141
      totalram: 135066497024
      freeram: 129569251328
      sharedram: 274075648
      bufferram: 127209472
      totalswap: 0
      freeswap: 0
      pagesize: 4096
      cpus: 16
      cpus-online: 16
      ticks-per-second: 100

metrics:
    - stressor: cpu
      bogo-ops: 34256
      bogo-ops-per-second-usr-sys-time: 1712.804368
      bogo-ops-per-second-real-time: 1712.796835
      wall-clock-time: 20.000037
      user-time: 19.999949
      system-time: 0.000000
      cpu-usage-per-instance: 99.999560
      max-rss: 1104

...
