---
system-info:
      stress-ng-version: 0.17.08
      run-by: root
      date-yyyy-mm-dd: 2024:09:16
      time-hh-mm-ss: 01:07:48
      epoch-secs: 1726448868
      hostname: sc-runner
      sysname: Linux
      nodename: sc-runner
      release: 6.8.0-1014-azure
      version: '#16-Ubuntu SMP Thu Aug 15 21:06:50 UTC 2024'
      machine: aarch64
      compiler: 'musl-gcc 13.2.1'
      uptime: 309
      totalram: 33589325824
      freeram: 23608205312
      sharedram: 38158336
      bufferram: 222330880
      totalswap: 0
      freeswap: 0
      pagesize: 4096
      cpus: 8
      cpus-online: 8
      ticks-per-second: 100

metrics:
    - stressor: cpu
      bogo-ops: 289751
      bogo-ops-per-second-usr-sys-time: 1816.478048
      bogo-ops-per-second-real-time: 14487.516560
      wall-clock-time: 20.000046
      user-time: 159.498532
      system-time: 0.013993
      cpu-usage-per-instance: 99.695098
      max-rss: 1320

...
