BaselineInfo:
  WebDBID: -1
  TimeStamp: 20260618134303
Version:
  Major: 11
  Minor: 0
  Build: 1004
  SpecialBuildName: ""
  ptArchitecture: x86_64_linux
Results:
  Results Complete: true
  NumTestProcesses: 4
  CPU_INTEGER_MATH: 5645.0443333333333
  CPU_FLOATINGPOINT_MATH: 2841.4221469283398
  CPU_PRIME: 5.0362588940396362
  CPU_SORTING: 2039.2143937229432
  CPU_ENCRYPTION: 688.62689846056264
  CPU_COMPRESSION: 23804.82618554484
  CPU_SINGLETHREAD: 1819.977271802629
  CPU_PHYSICS: 55.045471309223259
  CPU_MATRIX_MULT_SSE: 1516.2282010279616
  CPU_mm: 171.19993879600983
  CPU_sse: 615.16928670475306
  CPU_fma: 1892.0221270825916
  CPU_avx: 1340.7534450384824
  CPU_avx512: 2216.96794528602
  m_CPU_enc_SHA: 254634909.78939763
  m_CPU_enc_AES: 1680861622.4719524
  m_CPU_enc_ECDSA: 230736383.77919859
  ME_ALLOC_S: 605.69671286188964
  ME_READ_S: 14883.537451171875
  ME_READ_L: 1984.173095703125
  ME_WRITE: 1988.0819091796875
  ME_LARGE: 3108.5
  ME_LATENCY: 59.661011010391114
  ME_THREADED: 1979.743408203125
  SUMM_CPU: 1602.7779343462673
  SUMM_ME: 573.50388729498638
SystemInformation:
  OSName: Ubuntu 24.04.4 LTS
  Kernel: 6.8.0-117-generic
  Device: ""
  Processor: Intel(R) Xeon(R) Platinum
  NumSockets: 1
  Manufacturer: GenuineIntel
  NumCores: 2
  NumLogicals: 4
  CPUFrequency: 0
  CPUMaxFrequency: 0
  Memory: 7270
  CPUInfo:
    number: 1
    Family: 6
    Model: 5
    stepping: 4
    features: 529267711
    manufacture: GenuineIntel
    typestring: Intel(R) Xeon(R) Platinum
    iCoresPerPackage: 2
    iThreadsPerPackage: 2
    featuresEx:
      - 529267711
      - 4294586883
      - 739248128
    bHybrid: false
    nPCore: 0
    nLogicalsPerPCore: 0
    nECore: 0
    nLogicalsPerECore: 0
  MemModuleInfo:
    iNumMemSticks: 1
    DIMM 1:
      manufacturer: Alibaba Cloud
      modulePartNo: Not Specified
      memType: RAM
      size: 8
      clkspeed: 0
      moduleVoltage: 0
Checksum: 081B2BBFE3F20107A461DDCFDA23ABBF92F62796