---
system-info:
      stress-ng-version: 0.17.08
      run-by: root
      date-yyyy-mm-dd: 2024:07:03
      time-hh-mm-ss: 07:39:00
      epoch-secs: 1719992340
      hostname: c3-highcpu-88-4a2344e
      sysname: Linux
      nodename: c3-highcpu-88-4a2344e
      release: 6.8.0-1009-gcp
      version: '#10-Ubuntu SMP Wed Jun 12 18:52:23 UTC 2024'
      machine: x86_64
      compiler: 'musl-gcc 13.2.1'
      uptime: 137
      totalram: 185870856192
      freeram: 179794206720
      sharedram: 221945856
      bufferram: 131391488
      totalswap: 0
      freeswap: 0
      pagesize: 4096
      cpus: 88
      cpus-online: 88
      ticks-per-second: 100

metrics:
    - stressor: cpu
      bogo-ops: 32482
      bogo-ops-per-second-usr-sys-time: 1624.137030
      bogo-ops-per-second-real-time: 1624.090552
      wall-clock-time: 20.000116
      user-time: 19.999544
      system-time: 0.000000
      cpu-usage-per-instance: 99.997138
      max-rss: 704

...
