---
system-info:
      stress-ng-version: 0.17.08
      run-by: root
      date-yyyy-mm-dd: 2024:06:07
      time-hh-mm-ss: 22:10:47
      epoch-secs: 1717798247
      hostname: 9f14ca09d93b
      sysname: Linux
      nodename: 9f14ca09d93b
      release: 6.8.0-31-generic
      version: '#31-Ubuntu SMP PREEMPT_DYNAMIC Sat Apr 20 00:40:06 UTC 2024'
      machine: x86_64
      compiler: 'musl-gcc 13.2.1'
      uptime: 75
      totalram: 16372469760
      freeram: 12871045120
      sharedram: 21270528
      bufferram: 102301696
      totalswap: 0
      freeswap: 0
      pagesize: 4096
      cpus: 8
      cpus-online: 8
      ticks-per-second: 100

metrics:
    - stressor: cpu
      bogo-ops: 106350
      bogo-ops-per-second-usr-sys-time: 1333.744447
      bogo-ops-per-second-real-time: 10634.154229
      wall-clock-time: 10.000795
      user-time: 79.707931
      system-time: 0.029983
      cpu-usage-per-instance: 99.664466
      max-rss: 4048

...
