---
system-info:
      stress-ng-version: 0.17.08
      run-by: root
      date-yyyy-mm-dd: 2024:06:14
      time-hh-mm-ss: 21:58:03
      epoch-secs: 1718402283
      hostname: 9025be04263b
      sysname: Linux
      nodename: 9025be04263b
      release: 6.8.0-31-generic
      version: '#31-Ubuntu SMP PREEMPT_DYNAMIC Sat Apr 20 00:40:06 UTC 2024'
      machine: x86_64
      compiler: 'musl-gcc 13.2.1'
      uptime: 118
      totalram: 16372477952
      freeram: 12799057920
      sharedram: 21270528
      bufferram: 116989952
      totalswap: 0
      freeswap: 0
      pagesize: 4096
      cpus: 8
      cpus-online: 8
      ticks-per-second: 100

metrics:
    - stressor: cpu
      bogo-ops: 95102
      bogo-ops-per-second-usr-sys-time: 596.925309
      bogo-ops-per-second-real-time: 4755.025021
      wall-clock-time: 20.000315
      user-time: 159.275818
      system-time: 0.043947
      cpu-usage-per-instance: 99.573283
      max-rss: 1104

...
