---
system-info:
      stress-ng-version: 0.17.08
      run-by: root
      date-yyyy-mm-dd: 2024:06:14
      time-hh-mm-ss: 18:56:09
      epoch-secs: 1718391369
      hostname: 638568ca2d33
      sysname: Linux
      nodename: 638568ca2d33
      release: 6.8.0-1008-aws
      version: '#8-Ubuntu SMP Sat Apr 20 00:46:25 UTC 2024'
      machine: x86_64
      compiler: 'musl-gcc 13.2.1'
      uptime: 155
      totalram: 16469192704
      freeram: 12152000512
      sharedram: 11649024
      bufferram: 108310528
      totalswap: 0
      freeswap: 0
      pagesize: 4096
      cpus: 4
      cpus-online: 4
      ticks-per-second: 100

metrics:
    - stressor: cpu
      bogo-ops: 23602
      bogo-ops-per-second-usr-sys-time: 297.130665
      bogo-ops-per-second-real-time: 1180.086140
      wall-clock-time: 20.000235
      user-time: 79.405089
      system-time: 0.027978
      cpu-usage-per-instance: 99.290168
      max-rss: 976

...
