---
system-info:
      stress-ng-version: 0.17.08
      run-by: root
      date-yyyy-mm-dd: 2024:06:08
      time-hh-mm-ss: 12:34:13
      epoch-secs: 1717850053
      hostname: 024d889be458
      sysname: Linux
      nodename: 024d889be458
      release: 6.8.0-1008-aws
      version: '#8-Ubuntu SMP Sat Apr 20 00:46:25 UTC 2024'
      machine: x86_64
      compiler: 'musl-gcc 13.2.1'
      uptime: 150
      totalram: 16469204992
      freeram: 12158627840
      sharedram: 11649024
      bufferram: 101367808
      totalswap: 0
      freeswap: 0
      pagesize: 4096
      cpus: 4
      cpus-online: 4
      ticks-per-second: 100

metrics:
    - stressor: cpu
      bogo-ops: 29858
      bogo-ops-per-second-usr-sys-time: 751.825382
      bogo-ops-per-second-real-time: 2985.370804
      wall-clock-time: 10.001438
      user-time: 39.699028
      system-time: 0.014981
      cpu-usage-per-instance: 99.270751
      max-rss: 3992

...
