---
system-info:
      stress-ng-version: 0.17.08
      run-by: root
      date-yyyy-mm-dd: 2024:06:07
      time-hh-mm-ss: 13:44:27
      epoch-secs: 1717767867
      hostname: 9abb793ec2ee
      sysname: Linux
      nodename: 9abb793ec2ee
      release: 6.8.0-1008-aws
      version: '#8-Ubuntu SMP Sat Apr 20 02:43:14 UTC 2024'
      machine: aarch64
      compiler: 'musl-gcc 13.2.1'
      uptime: 134
      totalram: 267046633472
      freeram: 262504226816
      sharedram: 34979840
      bufferram: 90456064
      totalswap: 0
      freeswap: 0
      pagesize: 4096
      cpus: 32
      cpus-online: 32
      ticks-per-second: 100

metrics:
    - stressor: cpu
      bogo-ops: 2940
      bogo-ops-per-second-usr-sys-time: 293.029954
      bogo-ops-per-second-real-time: 293.031759
      wall-clock-time: 10.033042
      user-time: 10.032104
      system-time: 0.001000
      cpu-usage-per-instance: 100.000616
      max-rss: 3840

...
