---
system-info:
      stress-ng-version: 0.17.08
      run-by: root
      date-yyyy-mm-dd: 2024:06:16
      time-hh-mm-ss: 09:22:40
      epoch-secs: 1718529760
      hostname: 3ac17e5fc645
      sysname: Linux
      nodename: 3ac17e5fc645
      release: 6.8.0-1008-aws
      version: '#8-Ubuntu SMP Sat Apr 20 02:43:14 UTC 2024'
      machine: aarch64
      compiler: 'musl-gcc 13.2.1'
      uptime: 150
      totalram: 267046633472
      freeram: 262295744512
      sharedram: 34979840
      bufferram: 110399488
      totalswap: 0
      freeswap: 0
      pagesize: 4096
      cpus: 32
      cpus-online: 32
      ticks-per-second: 100

metrics:
    - stressor: cpu
      bogo-ops: 30389
      bogo-ops-per-second-usr-sys-time: 1519.455546
      bogo-ops-per-second-real-time: 1519.440762
      wall-clock-time: 20.000122
      user-time: 19.999927
      system-time: 0.000000
      cpu-usage-per-instance: 99.999027
      max-rss: 1024

...
