BaselineInfo:
  WebDBID: -1
  TimeStamp: 20260404181813
Version:
  Major: 11
  Minor: 0
  Build: 1004
  SpecialBuildName: ""
  ptArchitecture: x86_64_linux
Results:
  Results Complete: true
  NumTestProcesses: 16
  CPU_INTEGER_MATH: 67379.686333333346
  CPU_FLOATINGPOINT_MATH: 34453.571721887449
  CPU_PRIME: 132.1032678364179
  CPU_SORTING: 34257.942656888881
  CPU_ENCRYPTION: 14623.197743270768
  CPU_COMPRESSION: 246257.23283715275
  CPU_SINGLETHREAD: 2367.1643849416755
  CPU_PHYSICS: 1892.5590727731483
  CPU_MATRIX_MULT_SSE: 14110.545678141834
  CPU_mm: 1451.4619435631205
  CPU_sse: 6392.275439184783
  CPU_fma: 17468.673434461962
  CPU_avx: 12964.511739871225
  CPU_avx512: 19616.722099049362
  m_CPU_enc_SHA: 14728688215.312103
  m_CPU_enc_AES: 22231629992.860199
  m_CPU_enc_ECDSA: 9040284382.3713589
  ME_ALLOC_S: 7509.5554764880035
  ME_READ_S: 24204.245312499999
  ME_READ_L: 8305.9541015625
  ME_WRITE: 8290.02734375
  ME_LARGE: 17398.916666666668
  ME_LATENCY: 61.764971776936108
  ME_THREADED: 49977.877197265625
  SUMM_CPU: 20920.775246407939
  SUMM_ME: 2136.3996172344614
SystemInformation:
  OSName: Ubuntu 24.04.4 LTS
  Kernel: 6.8.0-106-generic
  Device: ""
  Processor: Intel(R) Xeon(R) Platinum 8369B CPU @ 2.70GHz
  NumSockets: 1
  Manufacturer: GenuineIntel
  NumCores: 8
  NumLogicals: 16
  CPUFrequency: 0
  CPUMaxFrequency: 0
  Memory: 30666
  CPUInfo:
    number: 1
    Family: 6
    Model: 10
    stepping: 6
    features: 529267711
    manufacture: GenuineIntel
    typestring: Intel(R) Xeon(R) Platinum 8369B CPU @ 2.70GHz
    iCoresPerPackage: 8
    iThreadsPerPackage: 2
    featuresEx:
      - 529267711
      - 4277809667
      - 739248128
    bHybrid: false
    nPCore: 0
    nLogicalsPerPCore: 0
    nECore: 0
    nLogicalsPerECore: 0
  MemModuleInfo:
    iNumMemSticks: 2
    DIMM 1:
      manufacturer: Alibaba Cloud
      modulePartNo: Not Specified
      memType: RAM
      size: 16
      clkspeed: 0
      moduleVoltage: 0
    DIMM 2:
      manufacturer: Alibaba Cloud
      modulePartNo: Not Specified
      memType: RAM
      size: 16
      clkspeed: 0
      moduleVoltage: 0
Checksum: C976048EFC1B39C290EA3D613A2B324E60CCBF7A