---
system-info:
      stress-ng-version: 0.17.08
      run-by: root
      date-yyyy-mm-dd: 2024:06:14
      time-hh-mm-ss: 11:42:19
      epoch-secs: 1718365339
      hostname: ebb7484c3231
      sysname: Linux
      nodename: ebb7484c3231
      release: 6.8.0-1008-aws
      version: '#8-Ubuntu SMP Sat Apr 20 00:46:25 UTC 2024'
      machine: x86_64
      compiler: 'musl-gcc 13.2.1'
      uptime: 136
      totalram: 405484826624
      freeram: 397546008576
      sharedram: 224747520
      bufferram: 109027328
      totalswap: 0
      freeswap: 0
      pagesize: 4096
      cpus: 192
      cpus-online: 192
      ticks-per-second: 100

metrics:
    - stressor: cpu
      bogo-ops: 41389
      bogo-ops-per-second-usr-sys-time: 2069.521192
      bogo-ops-per-second-real-time: 2069.444499
      wall-clock-time: 20.000053
      user-time: 19.998313
      system-time: 0.000999
      cpu-usage-per-instance: 99.996294
      max-rss: 0

...
