---
system-info:
      stress-ng-version: 0.17.08
      run-by: root
      date-yyyy-mm-dd: 2024:06:06
      time-hh-mm-ss: 19:42:58
      epoch-secs: 1717702978
      hostname: 87826290e99f
      sysname: Linux
      nodename: 87826290e99f
      release: 6.8.0-1008-aws
      version: '#8-Ubuntu SMP Sat Apr 20 00:46:25 UTC 2024'
      machine: x86_64
      compiler: 'musl-gcc 13.2.1'
      uptime: 139
      totalram: 405484830720
      freeram: 397535789056
      sharedram: 224747520
      bufferram: 86466560
      totalswap: 0
      freeswap: 0
      pagesize: 4096
      cpus: 192
      cpus-online: 192
      ticks-per-second: 100

metrics:
    - stressor: cpu
      bogo-ops: 21558
      bogo-ops-per-second-usr-sys-time: 2155.829535
      bogo-ops-per-second-real-time: 2155.795117
      wall-clock-time: 10.000023
      user-time: 9.997864
      system-time: 0.001999
      cpu-usage-per-instance: 99.998404
      max-rss: 3072

...
