BaselineInfo:
  WebDBID: -1
  TimeStamp: 20250404191624
Version:
  Major: 11
  Minor: 0
  Build: 1002
  SpecialBuildName: ""
  ptArchitecture: x86_64_linux
Results:
  Results Complete: true
  NumTestProcesses: 16
  CPU_INTEGER_MATH: 76489.03366666667
  CPU_FLOATINGPOINT_MATH: 54237.216650646289
  CPU_PRIME: 156.02172437867998
  CPU_SORTING: 38726.701162166777
  CPU_ENCRYPTION: 16995.39722773667
  CPU_COMPRESSION: 278372.98193905421
  CPU_SINGLETHREAD: 2926.3177590744708
  CPU_PHYSICS: 3649.5473238136747
  CPU_MATRIX_MULT_SSE: 23314.904955186394
  CPU_mm: 2162.944258301447
  CPU_sse: 9353.9085221284677
  CPU_fma: 26342.990246025049
  CPU_avx: 19720.022433003749
  CPU_avx512: 37842.698619588293
  m_CPU_enc_SHA: 17812917035.5256
  m_CPU_enc_AES: 23186561083.184837
  m_CPU_enc_ECDSA: 12463418811.703186
  ME_ALLOC_S: 10310.499359338686
  ME_READ_S: 26143.310546875
  ME_READ_L: 9746.96875
  ME_WRITE: 9084.322265625
  ME_LARGE: 504529.33333333331
  ME_LATENCY: 69.687054608223136
  ME_THREADED: 165652.3974609375
  SUMM_CPU: 26778.888378511343
  SUMM_ME: 2326.2743500954202
SystemInformation:
  OSName: Ubuntu 24.04.1 LTS
  Kernel: 6.8.0-1021-azure
  Device: ""
  Processor: INTEL XEON PLATINUM 8573C
  NumSockets: 2
  Manufacturer: GenuineIntel
  NumCores: 8
  NumLogicals: 16
  CPUFrequency: 2300
  Memory: 515975
  MemModuleInfo:
    iNumMemSticks: 4
    DIMM 1:
      manufacturer: Microsoft Corporation
      modulePartNo: None
      memType: Unknown
      size: 1
      clkspeed: 0
      moduleVoltage: 0
    DIMM 2:
      manufacturer: Microsoft Corporation
      modulePartNo: None
      memType: Unknown
      size: 59
      clkspeed: 0
      moduleVoltage: 0
    DIMM 3:
      manufacturer: Microsoft Corporation
      modulePartNo: None
      memType: Unknown
      size: 196
      clkspeed: 0
      moduleVoltage: 0
    DIMM 4:
      manufacturer: Microsoft Corporation
      modulePartNo: None
      memType: Unknown
      size: 256
      clkspeed: 0
      moduleVoltage: 0
Checksum: 00007984763F30E6A80AD8BE68DE1AE7C56A794E