BaselineInfo:
  WebDBID: -1
  TimeStamp: 20241108111701
Version:
  Major: 11
  Minor: 0
  Build: 1002
  SpecialBuildName: ""
  ptArchitecture: x86_64_linux
Results:
  Results Complete: true
  NumTestProcesses: 8
  CPU_INTEGER_MATH: 23362.881333333331
  CPU_FLOATINGPOINT_MATH: 12524.614019123972
  CPU_PRIME: 45.083256162294731
  CPU_SORTING: 12438.130222998052
  CPU_ENCRYPTION: 3211.7107041396152
  CPU_COMPRESSION: 103836.54326235184
  CPU_SINGLETHREAD: 1868.4703348324522
  CPU_PHYSICS: 889.73372917881954
  CPU_MATRIX_MULT_SSE: 6212.956744324274
  CPU_mm: 709.20714745992223
  CPU_sse: 2549.7502962515523
  CPU_fma: 7566.5412396014226
  CPU_avx: 5349.2062172116348
  CPU_avx512: 9386.329224232486
  m_CPU_enc_SHA: 1054338830.4920857
  m_CPU_enc_AES: 8110069577.4081154
  m_CPU_enc_ECDSA: 938759882.01150119
  ME_ALLOC_S: 2774.4400944533704
  ME_READ_S: 22841.123046875
  ME_READ_L: 9943.1748046875
  ME_WRITE: 9722.0185546875
  ME_LARGE: 53653
  ME_LATENCY: 54.789013100662793
  ME_THREADED: 46145.95458984375
  SUMM_CPU: 7914.7928518404515
  SUMM_ME: 2331.6346394556231
SystemInformation:
  OSName: Ubuntu 24.04.1 LTS
  Kernel: 6.8.0-1016-aws
  Device: ""
  Processor: Intel Xeon Platinum 8259CL CPU @ 2.50GHz
  NumSockets: 1
  Manufacturer: GenuineIntel
  NumCores: 4
  NumLogicals: 8
  CPUFrequency: 0
  Memory: 63594
  MemModuleInfo:
    iNumMemSticks: 1
    DIMM 1:
      manufacturer: Not Specified
      modulePartNo: Not Specified
      memType: DDR4
      size: 64
      clkspeed: 1466
      moduleVoltage: 0
Checksum: 1353CBDFABFFBE38FF645E34F13E14FC3A119844