---
system-info:
      stress-ng-version: 0.17.08
      run-by: root
      date-yyyy-mm-dd: 2024:09:02
      time-hh-mm-ss: 21:20:11
      epoch-secs: 1725312011
      hostname: sc-runner
      sysname: Linux
      nodename: sc-runner
      release: 6.8.0-1013-azure
      version: '#15-Ubuntu SMP Thu Aug  8 18:40:40 UTC 2024'
      machine: x86_64
      compiler: 'musl-gcc 13.2.1'
      uptime: 330
      totalram: 4101046272
      freeram: 166625280
      sharedram: 54898688
      bufferram: 193179648
      totalswap: 0
      freeswap: 0
      pagesize: 4096
      cpus: 2
      cpus-online: 2
      ticks-per-second: 100

metrics:
    - stressor: cpu
      bogo-ops: 37791
      bogo-ops-per-second-usr-sys-time: 1889.723760
      bogo-ops-per-second-real-time: 1889.540967
      wall-clock-time: 20.000096
      user-time: 19.996161
      system-time: 0.002000
      cpu-usage-per-instance: 99.990327
      max-rss: 3152

...
