---
system-info:
      stress-ng-version: 0.17.08
      run-by: root
      date-yyyy-mm-dd: 2024:09:17
      time-hh-mm-ss: 08:22:45
      epoch-secs: 1726561365
      hostname: sc-runner
      sysname: Linux
      nodename: sc-runner
      release: 6.8.0-1014-azure
      version: '#16-Ubuntu SMP Thu Aug 15 20:04:41 UTC 2024'
      machine: x86_64
      compiler: 'musl-gcc 13.2.1'
      uptime: 297
      totalram: 270437859328
      freeram: 258581913600
      sharedram: 105783296
      bufferram: 246063104
      totalswap: 0
      freeswap: 0
      pagesize: 4096
      cpus: 64
      cpus-online: 64
      ticks-per-second: 100

metrics:
    - stressor: cpu
      bogo-ops: 1242544
      bogo-ops-per-second-usr-sys-time: 971.096049
      bogo-ops-per-second-real-time: 62126.952219
      wall-clock-time: 20.000080
      user-time: 1279.476433
      system-time: 0.050964
      cpu-usage-per-instance: 99.962679
      max-rss: 3000

...
