---
system-info:
      stress-ng-version: 0.17.08
      run-by: root
      date-yyyy-mm-dd: 2024:06:26
      time-hh-mm-ss: 14:50:54
      epoch-secs: 1719413454
      hostname: n4-highcpu-4-a6b00b3
      sysname: Linux
      nodename: n4-highcpu-4-a6b00b3
      release: 6.8.0-1008-gcp
      version: '#9-Ubuntu SMP Wed May 22 18:09:04 UTC 2024'
      machine: x86_64
      compiler: 'musl-gcc 13.2.1'
      uptime: 113
      totalram: 8323178496
      freeram: 3125764096
      sharedram: 274042880
      bufferram: 123482112
      totalswap: 0
      freeswap: 0
      pagesize: 4096
      cpus: 4
      cpus-online: 4
      ticks-per-second: 100

metrics:
    - stressor: cpu
      bogo-ops: 69890
      bogo-ops-per-second-usr-sys-time: 876.565153
      bogo-ops-per-second-real-time: 3494.482348
      wall-clock-time: 20.000101
      user-time: 79.727669
      system-time: 0.003997
      cpu-usage-per-instance: 99.664079
      max-rss: 1104

...
