---
system-info:
      stress-ng-version: 0.17.08
      run-by: root
      date-yyyy-mm-dd: 2024:06:08
      time-hh-mm-ss: 02:18:33
      epoch-secs: 1717813113
      hostname: ad98a50abcf3
      sysname: Linux
      nodename: ad98a50abcf3
      release: 6.8.0-1008-aws
      version: '#8-Ubuntu SMP Sat Apr 20 00:46:25 UTC 2024'
      machine: x86_64
      compiler: 'musl-gcc 13.2.1'
      uptime: 144
      totalram: 267397996544
      freeram: 262873128960
      sharedram: 40845312
      bufferram: 95629312
      totalswap: 0
      freeswap: 0
      pagesize: 4096
      cpus: 32
      cpus-online: 32
      ticks-per-second: 100

metrics:
    - stressor: cpu
      bogo-ops: 13892
      bogo-ops-per-second-usr-sys-time: 1389.151241
      bogo-ops-per-second-real-time: 1389.159925
      wall-clock-time: 10.000288
      user-time: 9.999351
      system-time: 0.001000
      cpu-usage-per-instance: 100.000625
      max-rss: 3848

...
