---
system-info:
      stress-ng-version: 0.17.08
      run-by: root
      date-yyyy-mm-dd: 2024:06:13
      time-hh-mm-ss: 15:41:46
      epoch-secs: 1718293306
      hostname: 77c480948685
      sysname: Linux
      nodename: 77c480948685
      release: 6.8.0-1008-aws
      version: '#8-Ubuntu SMP Sat Apr 20 00:46:25 UTC 2024'
      machine: x86_64
      compiler: 'musl-gcc 13.2.1'
      uptime: 176
      totalram: 267397984256
      freeram: 262822735872
      sharedram: 40845312
      bufferram: 107298816
      totalswap: 0
      freeswap: 0
      pagesize: 4096
      cpus: 32
      cpus-online: 32
      ticks-per-second: 100

metrics:
    - stressor: cpu
      bogo-ops: 25700
      bogo-ops-per-second-usr-sys-time: 1285.011822
      bogo-ops-per-second-real-time: 1284.992586
      wall-clock-time: 20.000115
      user-time: 19.999816
      system-time: 0.000000
      cpu-usage-per-instance: 99.998503
      max-rss: 1032

...
