BaselineInfo:
  WebDBID: -1
  TimeStamp: 20250613213610
Version:
  Major: 11
  Minor: 0
  Build: 1002
  SpecialBuildName: ""
  ptArchitecture: x86_64_linux
Results:
  Results Complete: true
  NumTestProcesses: 2
  CPU_INTEGER_MATH: 9434.3379999999997
  CPU_FLOATINGPOINT_MATH: 5290.4023499149498
  CPU_PRIME: 23.870148324789785
  CPU_SORTING: 5887.0054399592082
  CPU_ENCRYPTION: 2396.0598730631964
  CPU_COMPRESSION: 39368.377950468275
  CPU_SINGLETHREAD: 2841.1642370665099
  CPU_PHYSICS: 491.69656585308201
  CPU_MATRIX_MULT_SSE: 2618.2495108396402
  CPU_mm: 252.78699901929485
  CPU_sse: 1108.9378747182714
  CPU_fma: 3489.0732118789497
  CPU_avx: 2881.4414562570546
  CPU_avx512: 2993.545500504285
  m_CPU_enc_SHA: 3346208593.8885355
  m_CPU_enc_AES: 2270979238.4836559
  m_CPU_enc_ECDSA: 1920164799.9991508
  ME_ALLOC_S: 1009.1989778359616
  ME_READ_S: 27613.775195312501
  ME_READ_L: 26124.84765625
  ME_WRITE: 25305.5859375
  ME_LARGE: 6648
  ME_LATENCY: 79.571767985145229
  ME_THREADED: 27284.67578125
  SUMM_CPU: 3832.9411758262513
  SUMM_ME: 2001.7146357039958
SystemInformation:
  OSName: Ubuntu 24.04.2 LTS
  Kernel: 6.11.0-1015-azure
  Device: ""
  Processor: AMD EPYC 9V74 80-Core Processor
  NumSockets: 1
  Manufacturer: AuthenticAMD
  NumCores: 1
  NumLogicals: 2
  CPUFrequency: 0
  Memory: 15995
  MemModuleInfo:
    iNumMemSticks: 2
    DIMM 1:
      manufacturer: Microsoft Corporation
      modulePartNo: None
      memType: Unknown
      size: 1
      clkspeed: 0
      moduleVoltage: 0
    DIMM 2:
      manufacturer: Microsoft Corporation
      modulePartNo: None
      memType: Unknown
      size: 15
      clkspeed: 0
      moduleVoltage: 0
Checksum: C6BF70F3EDA6A2C780DA866EE4F739B169A37E32