---
system-info:
      stress-ng-version: 0.17.08
      run-by: root
      date-yyyy-mm-dd: 2024:06:06
      time-hh-mm-ss: 10:41:51
      epoch-secs: 1717670511
      hostname: 09918db31ea4
      sysname: Linux
      nodename: 09918db31ea4
      release: 6.8.0-1008-aws
      version: '#8-Ubuntu SMP Sat Apr 20 00:46:25 UTC 2024'
      machine: x86_64
      compiler: 'musl-gcc 13.2.1'
      uptime: 111
      totalram: 16467767296
      freeram: 12278636544
      sharedram: 59887616
      bufferram: 82944000
      totalswap: 0
      freeswap: 0
      pagesize: 4096
      cpus: 8
      cpus-online: 8
      ticks-per-second: 100

metrics:
    - stressor: cpu
      bogo-ops: 16707
      bogo-ops-per-second-usr-sys-time: 1670.193597
      bogo-ops-per-second-real-time: 1670.167887
      wall-clock-time: 10.003186
      user-time: 10.001033
      system-time: 0.001999
      cpu-usage-per-instance: 99.998461
      max-rss: 3920

...
