---
system-info:
      stress-ng-version: 0.17.08
      run-by: root
      date-yyyy-mm-dd: 2024:06:14
      time-hh-mm-ss: 05:55:05
      epoch-secs: 1718344505
      hostname: d7feedadfcc2
      sysname: Linux
      nodename: d7feedadfcc2
      release: 6.8.0-1008-aws
      version: '#8-Ubuntu SMP Sat Apr 20 00:46:25 UTC 2024'
      machine: x86_64
      compiler: 'musl-gcc 13.2.1'
      uptime: 130
      totalram: 16467771392
      freeram: 12051587072
      sharedram: 59887616
      bufferram: 108437504
      totalswap: 0
      freeswap: 0
      pagesize: 4096
      cpus: 8
      cpus-online: 8
      ticks-per-second: 100

metrics:
    - stressor: cpu
      bogo-ops: 37837
      bogo-ops-per-second-usr-sys-time: 1891.840446
      bogo-ops-per-second-real-time: 1891.846053
      wall-clock-time: 20.000042
      user-time: 20.000101
      system-time: 0.000000
      cpu-usage-per-instance: 100.000296
      max-rss: 1104

...
