BaselineInfo:
  WebDBID: -1
  TimeStamp: 20241109145059
Version:
  Major: 11
  Minor: 0
  Build: 1002
  SpecialBuildName: ""
  ptArchitecture: x86_64_linux
Results:
  Results Complete: true
  NumTestProcesses: 96
  CPU_INTEGER_MATH: 232267.43566666674
  CPU_FLOATINGPOINT_MATH: 124673.6541535929
  CPU_PRIME: 309.01839750005422
  CPU_SORTING: 113471.41321837564
  CPU_ENCRYPTION: 30617.873211629856
  CPU_COMPRESSION: 996211.71406354243
  CPU_SINGLETHREAD: 1579.6868817221944
  CPU_PHYSICS: 4799.3044861814851
  CPU_MATRIX_MULT_SSE: 63695.179850440436
  CPU_mm: 6729.7666192189654
  CPU_sse: 23900.53049297709
  CPU_fma: 76058.754109273039
  CPU_avx: 54042.406097675084
  CPU_avx512: 100779.02870183648
  m_CPU_enc_SHA: 10280255057.34164
  m_CPU_enc_AES: 76816313601.938171
  m_CPU_enc_ECDSA: 9218932402.9940929
  ME_ALLOC_S: 19543.524850174643
  ME_READ_S: 19358.387890624999
  ME_READ_L: 10250.306640625
  ME_WRITE: 9695.984375
  ME_LARGE: 74911.333333333328
  ME_LATENCY: 52.59500854538279
  ME_THREADED: 200886.19738769531
  SUMM_CPU: 46528.336339829744
  SUMM_ME: 2523.8155775592713
SystemInformation:
  OSName: Ubuntu 24.04.1 LTS
  Kernel: 6.8.0-1015-gcp
  Device: ""
  Processor: Intel Xeon CPU @ 2.00GHz
  NumSockets: 2
  Manufacturer: GenuineIntel
  NumCores: 48
  NumLogicals: 96
  CPUFrequency: 0
  Memory: 86940
  MemModuleInfo:
    iNumMemSticks: 6
    DIMM 1:
      manufacturer: ""
      modulePartNo: ""
      memType: RAM
      size: 16
      clkspeed: 0
      moduleVoltage: 0
    DIMM 2:
      manufacturer: ""
      modulePartNo: ""
      memType: RAM
      size: 16
      clkspeed: 0
      moduleVoltage: 0
    DIMM 3:
      manufacturer: ""
      modulePartNo: ""
      memType: RAM
      size: 16
      clkspeed: 0
      moduleVoltage: 0
    DIMM 4:
      manufacturer: ""
      modulePartNo: ""
      memType: RAM
      size: 16
      clkspeed: 0
      moduleVoltage: 0
    DIMM 5:
      manufacturer: ""
      modulePartNo: ""
      memType: RAM
      size: 16
      clkspeed: 0
      moduleVoltage: 0
    DIMM 6:
      manufacturer: ""
      modulePartNo: ""
      memType: RAM
      size: 6554
      clkspeed: 0
      moduleVoltage: 0
Checksum: D6D40CCB3FD8F9E2C149F61039C7F3FA1870F73F