BaselineInfo:
  WebDBID: -1
  TimeStamp: 20250205220504
Version:
  Major: 11
  Minor: 0
  Build: 1002
  SpecialBuildName: ""
  ptArchitecture: x86_64_linux
Results:
  Results Complete: true
  NumTestProcesses: 24
  CPU_INTEGER_MATH: 110455.24433333334
  CPU_FLOATINGPOINT_MATH: 60847.683940881252
  CPU_PRIME: 244.54015665385884
  CPU_SORTING: 58548.440826613492
  CPU_ENCRYPTION: 28693.334044925192
  CPU_COMPRESSION: 423297.74801387812
  CPU_SINGLETHREAD: 2638.6850592943392
  CPU_PHYSICS: 4113.997425745888
  CPU_MATRIX_MULT_SSE: 24801.66741903513
  CPU_mm: 2983.6587790420972
  CPU_sse: 12681.408577469985
  CPU_fma: 34529.102430287312
  CPU_avx: 27194.491249348073
  CPU_avx512: 0
  m_CPU_enc_SHA: 41595310431.82518
  m_CPU_enc_AES: 26583727347.737988
  m_CPU_enc_ECDSA: 22082386538.911274
  ME_ALLOC_S: 10616.971367447004
  ME_READ_S: 26429.990624999999
  ME_READ_L: 15923.9228515625
  ME_WRITE: 16584.716796875
  ME_LARGE: 243931.5
  ME_LATENCY: 69.831611364577029
  ME_THREADED: 103804.36450195312
  SUMM_CPU: 34535.662830566791
  SUMM_ME: 2661.1209284351949
SystemInformation:
  OSName: Ubuntu 24.04.1 LTS
  Kernel: 6.8.0-1021-aws
  Device: ""
  Processor: AMD EPYC 7R13 Processor
  NumSockets: 1
  Manufacturer: AuthenticAMD
  NumCores: 12
  NumLogicals: 24
  CPUFrequency: 0
  Memory: 255687
  MemModuleInfo:
    iNumMemSticks: 1
    DIMM 1:
      manufacturer: Not Specified
      modulePartNo: Not Specified
      memType: DDR4
      size: 256
      clkspeed: 1600
      moduleVoltage: 0
Checksum: FDA95BB8422238800F2FA65F8C64DA66B47E6D8E