BaselineInfo:
  WebDBID: -1
  TimeStamp: 20241219002922
Version:
  Major: 11
  Minor: 0
  Build: 1002
  SpecialBuildName: ""
  ptArchitecture: x86_64_linux
Results:
  Results Complete: true
  NumTestProcesses: 2
  CPU_INTEGER_MATH: 9307.1533333333336
  CPU_FLOATINGPOINT_MATH: 6666.5353786238666
  CPU_PRIME: 27.198052744297236
  CPU_SORTING: 5502.9929787859573
  CPU_ENCRYPTION: 2257.4737276728929
  CPU_COMPRESSION: 41295.187584916377
  CPU_SINGLETHREAD: 2159.0867431822094
  CPU_PHYSICS: 481.70259349202831
  CPU_MATRIX_MULT_SSE: 3202.2282559958903
  CPU_mm: 376.90144286679117
  CPU_sse: 1466.603633788171
  CPU_fma: 4954.0017425587102
  CPU_avx: 3186.0793916407893
  CPU_avx512: 0
  m_CPU_enc_SHA: 3190162715.6808524
  m_CPU_enc_AES: 2055315785.3335643
  m_CPU_enc_ECDSA: 1855919813.3905768
  ME_ALLOC_S: 1099.2962093826686
  ME_READ_S: 23060.913671875001
  ME_READ_L: 9648.3779296875
  ME_WRITE: 9099.203125
  ME_LARGE: 5148.583333333333
  ME_LATENCY: 134.96537620862333
  ME_THREADED: 18444.5234375
  SUMM_CPU: 4033.5208011607256
  SUMM_ME: 1257.1399916307653
SystemInformation:
  OSName: Ubuntu 24.04.1 LTS
  Kernel: 6.8.0-31-generic
  Device: ""
  Processor: AMD EPYC 7542 32-Core Processor
  NumSockets: 1
  Manufacturer: AuthenticAMD
  NumCores: 2
  NumLogicals: 2
  CPUFrequency: 0
  Memory: 15946
  MemModuleInfo:
    iNumMemSticks: 1
    DIMM 1:
      manufacturer: QEMU
      modulePartNo: Not Specified
      memType: RAM
      size: 16
      clkspeed: 0
      moduleVoltage: 0
Checksum: D7F09C6F4760100C591EE7DF3704F80A990B8EB2