BaselineInfo:
  WebDBID: -1
  TimeStamp: 20260714215447
Version:
  Major: 11
  Minor: 0
  Build: 1004
  SpecialBuildName: ""
  ptArchitecture: x86_64_linux
Results:
  Results Complete: true
  NumTestProcesses: 2
  CPU_INTEGER_MATH: 13184.179333333333
  CPU_FLOATINGPOINT_MATH: 13107.727997069207
  CPU_PRIME: 18.811242858708837
  CPU_SORTING: 5823.2712483914902
  CPU_ENCRYPTION: 2645.9075034039715
  CPU_COMPRESSION: 48621.943424607205
  CPU_SINGLETHREAD: 2989.8726668785271
  CPU_PHYSICS: 365.39134147798154
  CPU_MATRIX_MULT_SSE: 4161.3324917273039
  CPU_mm: 461.4512370045785
  CPU_sse: 1807.4443601322914
  CPU_fma: 5678.5791329653675
  CPU_avx: 3475.3222383772759
  CPU_avx512: 5683.98423543428
  m_CPU_enc_SHA: 3747063087.0622911
  m_CPU_enc_AES: 2502784912.5187235
  m_CPU_enc_ECDSA: 2073457319.2869532
  ME_ALLOC_S: 1121.4151131342796
  ME_READ_S: 24843.237109375001
  ME_READ_L: 11626.87890625
  ME_WRITE: 13568.1708984375
  ME_LARGE: 7698.75
  ME_LATENCY: 192.8892414604276
  ME_THREADED: 39330.4375
  SUMM_CPU: 5008.0442215041321
  SUMM_ME: 1145.2935390423345
SystemInformation:
  OSName: Ubuntu 24.04.4 LTS
  Kernel: 6.8.0-134-generic
  Device: ""
  Processor: "AMD EPYC 9575F 64-Core Processor               "
  NumSockets: 1
  Manufacturer: AuthenticAMD
  NumCores: 2
  NumLogicals: 2
  CPUFrequency: 0
  CPUMaxFrequency: 0
  Memory: 15945
  CPUInfo:
    number: 1
    Family: 15
    Model: 2
    stepping: 1
    features: 395049983
    manufacture: AuthenticAMD
    typestring: "AMD EPYC 9575F 64-Core Processor               "
    iCoresPerPackage: 128
    iThreadsPerPackage: 1
    featuresEx:
      - 395049983
      - 4294586883
      - 802421759
    bHybrid: false
    nPCore: 0
    nLogicalsPerPCore: 0
    nECore: 0
    nLogicalsPerECore: 0
  MemModuleInfo:
    iNumMemSticks: 1
    DIMM 1:
      manufacturer: QEMU
      modulePartNo: Not Specified
      memType: RAM
      size: 16
      clkspeed: 0
      moduleVoltage: 0
Checksum: E7B36D64172F1FEBE42A6E1A869C1282129F15FE