BaselineInfo:
  WebDBID: -1
  TimeStamp: 20260714190336
Version:
  Major: 11
  Minor: 0
  Build: 1004
  SpecialBuildName: ""
  ptArchitecture: x86_64_linux
Results:
  Results Complete: true
  NumTestProcesses: 2
  CPU_INTEGER_MATH: 13326.605333333333
  CPU_FLOATINGPOINT_MATH: 13496.833819582531
  CPU_PRIME: 25.5827601177117
  CPU_SORTING: 6851.0116084853107
  CPU_ENCRYPTION: 2888.3996454064663
  CPU_COMPRESSION: 49717.611745102906
  CPU_SINGLETHREAD: 3013.7764973456265
  CPU_PHYSICS: 533.55696498220436
  CPU_MATRIX_MULT_SSE: 4253.0490533407246
  CPU_mm: 452.77018406058789
  CPU_sse: 1883.5557321305866
  CPU_fma: 5791.0806241141909
  CPU_avx: 3810.4418314187706
  CPU_avx512: 5527.1180256993484
  m_CPU_enc_SHA: 4106816189.5564909
  m_CPU_enc_AES: 2543554890.9522805
  m_CPU_enc_ECDSA: 2435748559.2364221
  ME_ALLOC_S: 1562.96487228667
  ME_READ_S: 29168.108203125001
  ME_READ_L: 22111.69140625
  ME_WRITE: 16007.35546875
  ME_LARGE: 7734.75
  ME_LATENCY: 125.5986268398495
  ME_THREADED: 33162.962890625
  SUMM_CPU: 5432.4477455786864
  SUMM_ME: 1626.2540656765325
SystemInformation:
  OSName: Ubuntu 24.04.4 LTS
  Kernel: 6.8.0-134-generic
  Device: ""
  Processor: "AMD EPYC 9575F 64-Core Processor               "
  NumSockets: 1
  Manufacturer: AuthenticAMD
  NumCores: 2
  NumLogicals: 2
  CPUFrequency: 0
  CPUMaxFrequency: 0
  Memory: 15945
  CPUInfo:
    number: 1
    Family: 15
    Model: 2
    stepping: 1
    features: 395049983
    manufacture: AuthenticAMD
    typestring: "AMD EPYC 9575F 64-Core Processor               "
    iCoresPerPackage: 128
    iThreadsPerPackage: 1
    featuresEx:
      - 395049983
      - 4294586883
      - 802421759
    bHybrid: false
    nPCore: 0
    nLogicalsPerPCore: 0
    nECore: 0
    nLogicalsPerECore: 0
  MemModuleInfo:
    iNumMemSticks: 1
    DIMM 1:
      manufacturer: QEMU
      modulePartNo: Not Specified
      memType: RAM
      size: 16
      clkspeed: 0
      moduleVoltage: 0
Checksum: 6B828C2FB5C597093F8A882F468622262E168596