BaselineInfo:
  WebDBID: -1
  TimeStamp: 20241107064533
Version:
  Major: 11
  Minor: 0
  Build: 1002
  SpecialBuildName: ""
  ptArchitecture: x86_64_linux
Results:
  Results Complete: true
  NumTestProcesses: 2
  CPU_INTEGER_MATH: 6041.3900000000003
  CPU_FLOATINGPOINT_MATH: 5036.7439237576018
  CPU_PRIME: 19.378799989549236
  CPU_SORTING: 3651.5194065290289
  CPU_ENCRYPTION: 780.57948370062331
  CPU_COMPRESSION: 29847.74639683128
  CPU_SINGLETHREAD: 1591.5226471091098
  CPU_PHYSICS: 338.33031983632173
  CPU_MATRIX_MULT_SSE: 2505.476551858811
  CPU_mm: 282.0455088619417
  CPU_sse: 1058.9155310529959
  CPU_fma: 3447.5579315189116
  CPU_avx: 2306.3764286945411
  CPU_avx512: 3209.0563161687969
  m_CPU_enc_SHA: 428207007.71643388
  m_CPU_enc_AES: 1656058694.3689377
  m_CPU_enc_ECDSA: 371225036.017223
  ME_ALLOC_S: 1098.3630818029196
  ME_READ_S: 18644.323437499999
  ME_READ_L: 7753.57080078125
  ME_WRITE: 7664.43359375
  ME_LARGE: 649.66666666666663
  ME_LATENCY: 62.580917419641167
  ME_THREADED: 15146.18017578125
  SUMM_CPU: 2493.9459385633959
  SUMM_ME: 926.5218729717476
SystemInformation:
  OSName: Ubuntu 24.04.1 LTS
  Kernel: 6.8.0-1017-azure
  Device: ""
  Processor: Intel Xeon Platinum 8171M CPU @ 2.60GHz
  NumSockets: 1
  Manufacturer: GenuineIntel
  NumCores: 2
  NumLogicals: 2
  CPUFrequency: 0
  Memory: 3912
  MemModuleInfo:
    iNumMemSticks: 2
    DIMM 1:
      manufacturer: Microsoft Corporation
      modulePartNo: None
      memType: Unknown
      size: 1
      clkspeed: 0
      moduleVoltage: 0
    DIMM 2:
      manufacturer: Microsoft Corporation
      modulePartNo: None
      memType: Unknown
      size: 3
      clkspeed: 0
      moduleVoltage: 0
Checksum: 1F29A26888D6ED6E1E632431ACF997A0398E91AB