BaselineInfo:
  WebDBID: -1
  TimeStamp: 20241108044143
Version:
  Major: 11
  Minor: 0
  Build: 1002
  SpecialBuildName: ""
  ptArchitecture: x86_64_linux
Results:
  Results Complete: true
  NumTestProcesses: 2
  CPU_INTEGER_MATH: 5996.7783333333336
  CPU_FLOATINGPOINT_MATH: 5007.1720898143594
  CPU_PRIME: 19.568387070604011
  CPU_SORTING: 3690.924550313247
  CPU_ENCRYPTION: 771.47105414686155
  CPU_COMPRESSION: 29469.581443105475
  CPU_SINGLETHREAD: 1560.0734036850758
  CPU_PHYSICS: 348.3520317251008
  CPU_MATRIX_MULT_SSE: 2488.6312439456942
  CPU_mm: 275.97223220987064
  CPU_sse: 1037.6368679708949
  CPU_fma: 3402.6478952132697
  CPU_avx: 2268.8509339376096
  CPU_avx512: 3245.3892786610022
  m_CPU_enc_SHA: 423920258.49558508
  m_CPU_enc_AES: 1633856282.4982142
  m_CPU_enc_ECDSA: 369061555.22549951
  ME_ALLOC_S: 1122.5583095087377
  ME_READ_S: 18242.052539062501
  ME_READ_L: 6610.9833984375
  ME_WRITE: 7018.22021484375
  ME_LARGE: 46241.333333333336
  ME_LATENCY: 60.618866284465049
  ME_THREADED: 13084.8701171875
  SUMM_CPU: 2479.6361139293926
  SUMM_ME: 1608.0055383849001
SystemInformation:
  OSName: Ubuntu 24.04.1 LTS
  Kernel: 6.8.0-1017-azure
  Device: ""
  Processor: Intel Xeon Platinum 8171M CPU @ 2.60GHz
  NumSockets: 1
  Manufacturer: GenuineIntel
  NumCores: 2
  NumLogicals: 2
  CPUFrequency: 0
  Memory: 56238
  MemModuleInfo:
    iNumMemSticks: 2
    DIMM 1:
      manufacturer: Microsoft Corporation
      modulePartNo: None
      memType: Unknown
      size: 1
      clkspeed: 0
      moduleVoltage: 0
    DIMM 2:
      manufacturer: Microsoft Corporation
      modulePartNo: None
      memType: Unknown
      size: 55
      clkspeed: 0
      moduleVoltage: 0
Checksum: 079537980434AC0BDFA143EB6FE6D18477D83607