---
system-info:
      stress-ng-version: 0.17.08
      run-by: root
      date-yyyy-mm-dd: 2024:08:20
      time-hh-mm-ss: 21:01:02
      epoch-secs: 1724187662
      hostname: sc-runner
      sysname: Linux
      nodename: sc-runner
      release: 6.8.0-1012-azure
      version: '#14-Ubuntu SMP Mon Jul 29 21:12:56 UTC 2024'
      machine: x86_64
      compiler: 'musl-gcc 13.2.1'
      uptime: 493
      totalram: 14652850176
      freeram: 7805792256
      sharedram: 42070016
      bufferram: 171872256
      totalswap: 0
      freeswap: 0
      pagesize: 4096
      cpus: 2
      cpus-online: 2
      ticks-per-second: 100

metrics:
    - stressor: cpu
      bogo-ops: 24928
      bogo-ops-per-second-usr-sys-time: 1246.493549
      bogo-ops-per-second-real-time: 1246.390417
      wall-clock-time: 20.000154
      user-time: 19.995500
      system-time: 0.002999
      cpu-usage-per-instance: 99.991726
      max-rss: 1104

...
