BaselineInfo:
  WebDBID: -1
  TimeStamp: 20260403232609
Version:
  Major: 11
  Minor: 0
  Build: 1004
  SpecialBuildName: ""
  ptArchitecture: x86_64_linux
Results:
  Results Complete: true
  NumTestProcesses: 8
  CPU_INTEGER_MATH: 24327.132333333331
  CPU_FLOATINGPOINT_MATH: 17991.160022353615
  CPU_PRIME: 56.284775382933141
  CPU_SORTING: 16503.814920881592
  CPU_ENCRYPTION: 3130.0219533295281
  CPU_COMPRESSION: 123255.68172867046
  CPU_SINGLETHREAD: 1619.7859020498681
  CPU_PHYSICS: 917.5394327838427
  CPU_MATRIX_MULT_SSE: 9311.3887676251743
  CPU_mm: 1003.1220444629436
  CPU_sse: 3930.0626546348394
  CPU_fma: 12643.866321321266
  CPU_avx: 8570.005584605904
  CPU_avx512: 12101.62050993869
  m_CPU_enc_SHA: 1632776240.9998603
  m_CPU_enc_AES: 6784322031.9322033
  m_CPU_enc_ECDSA: 1429099426.2713249
  ME_ALLOC_S: 1833.858525500827
  ME_READ_S: 17329.7978515625
  ME_READ_L: 6064.73291015625
  ME_WRITE: 6843.91796875
  ME_LARGE: 3657.8333333333335
  ME_LATENCY: 89.88331683503452
  ME_THREADED: 44226.7607421875
  SUMM_CPU: 9165.8933953967917
  SUMM_ME: 1375.3251639023683
SystemInformation:
  OSName: Ubuntu 24.04.4 LTS
  Kernel: 6.8.0-106-generic
  Device: ""
  Processor: Intel(R) Xeon(R) Platinum 8163 CPU @ 2.50GHz
  NumSockets: 1
  Manufacturer: GenuineIntel
  NumCores: 4
  NumLogicals: 8
  CPUFrequency: 2500
  CPUMaxFrequency: 3100
  Memory: 7554
  CPUInfo:
    number: 1
    Family: 6
    Model: 5
    stepping: 4
    features: 529267711
    manufacture: GenuineIntel
    typestring: Intel(R) Xeon(R) Platinum 8163 CPU @ 2.50GHz
    iCoresPerPackage: 4
    iThreadsPerPackage: 2
    featuresEx:
      - 529267711
      - 4294586883
      - 739248128
    bHybrid: false
    nPCore: 0
    nLogicalsPerPCore: 0
    nECore: 0
    nLogicalsPerECore: 0
  MemModuleInfo:
    iNumMemSticks: 1
    DIMM 1:
      manufacturer: Alibaba Cloud
      modulePartNo: Not Specified
      memType: RAM
      size: 8
      clkspeed: 0
      moduleVoltage: 0
Checksum: 33F9CC8FDA740CF8FBC441E64397C8059AFB30DF