---
system-info:
      stress-ng-version: 0.17.08
      run-by: root
      date-yyyy-mm-dd: 2024:06:20
      time-hh-mm-ss: 20:52:23
      epoch-secs: 1718916743
      hostname: 8dfaf91324c8
      sysname: Linux
      nodename: 8dfaf91324c8
      release: 6.8.0-1008-gcp
      version: '#9-Ubuntu SMP Wed May 22 18:09:04 UTC 2024'
      machine: x86_64
      compiler: 'musl-gcc 13.2.1'
      uptime: 210
      totalram: 3839488000
      freeram: 222089216
      sharedram: 48594944
      bufferram: 126537728
      totalswap: 0
      freeswap: 0
      pagesize: 4096
      cpus: 1
      cpus-online: 1
      ticks-per-second: 100

metrics:
    - stressor: cpu
      bogo-ops: 21772
      bogo-ops-per-second-usr-sys-time: 1111.340811
      bogo-ops-per-second-real-time: 1088.592746
      wall-clock-time: 20.000133
      user-time: 19.588767
      system-time: 0.001983
      cpu-usage-per-instance: 97.953097
      max-rss: 1232

...
