---
system-info:
      stress-ng-version: 0.17.08
      run-by: root
      date-yyyy-mm-dd: 2024:07:02
      time-hh-mm-ss: 22:50:49
      epoch-secs: 1719960649
      hostname: n4-highcpu-64-d2ffbac
      sysname: Linux
      nodename: n4-highcpu-64-d2ffbac
      release: 6.8.0-1009-gcp
      version: '#10-Ubuntu SMP Wed Jun 12 18:52:23 UTC 2024'
      machine: x86_64
      compiler: 'musl-gcc 13.2.1'
      uptime: 116
      totalram: 135047036928
      freeram: 129325092864
      sharedram: 274571264
      bufferram: 128917504
      totalswap: 0
      freeswap: 0
      pagesize: 4096
      cpus: 64
      cpus-online: 64
      ticks-per-second: 100

metrics:
    - stressor: cpu
      bogo-ops: 1116447
      bogo-ops-per-second-usr-sys-time: 872.503256
      bogo-ops-per-second-real-time: 55822.115761
      wall-clock-time: 20.000084
      user-time: 1279.555655
      system-time: 0.034985
      cpu-usage-per-instance: 99.967599
      max-rss: 512

...
