BaselineInfo:
  WebDBID: -1
  TimeStamp: 20241107200002
Version:
  Major: 11
  Minor: 0
  Build: 1002
  SpecialBuildName: ""
  ptArchitecture: aarch64_linux
Results:
  Results Complete: true
  NumTestProcesses: 16
  CPU_INTEGER_MATH: 100914.40633333333
  CPU_FLOATINGPOINT_MATH: 84762.279936902982
  CPU_PRIME: 225.03023986601571
  CPU_SORTING: 82228.859828941684
  CPU_ENCRYPTION: 3011.5478588000965
  CPU_COMPRESSION: 109871.78687831361
  CPU_SINGLETHREAD: 1880.7899701628385
  CPU_PHYSICS: 5185.0317006238511
  CPU_MATRIX_MULT_SSE: 14309.13958135929
  CPU_mm: 2299.8630806365081
  CPU_sse: 12072.414336316688
  CPU_fma: 16545.864826401888
  CPU_avx: 0
  CPU_avx512: 0
  m_CPU_enc_SHA: 4411821858.9793243
  m_CPU_enc_AES: 1937201056.7949083
  m_CPU_enc_ECDSA: 3124487506.993278
  ME_ALLOC_S: 19670.333237013128
  ME_READ_S: 25611.663671875001
  ME_READ_L: 19223.650390625
  ME_WRITE: 25731.033203125
  ME_LARGE: 53723.5
  ME_LATENCY: 54.58459263293571
  ME_THREADED: 279891.453125
  SUMM_CPU: 14757.070624087642
  SUMM_ME: 3240.9149663425342
SystemInformation:
  OSName: Ubuntu 24.04.1 LTS
  Kernel: 6.8.0-1017-azure
  Device: ""
  Processor: ARM Neoverse-N2 16 Core 0 MHz
  NumSockets: 1
  Manufacturer: ARM
  NumCores: 16
  NumLogicals: 16
  CPUFrequency: 0
  Memory: 64172
Checksum: 06F72722E780622072C913D0810302C82A1CEAC6