BaselineInfo:
  WebDBID: -1
  TimeStamp: 20241111113242
Version:
  Major: 11
  Minor: 0
  Build: 1002
  SpecialBuildName: ""
  ptArchitecture: x86_64_linux
Results:
  Results Complete: true
  NumTestProcesses: 8
  CPU_INTEGER_MATH: 18294.782999999999
  CPU_FLOATINGPOINT_MATH: 9817.119039432142
  CPU_PRIME: 42.989060797078075
  CPU_SORTING: 9726.4333922721871
  CPU_ENCRYPTION: 2521.4343485396053
  CPU_COMPRESSION: 82248.787716511986
  CPU_SINGLETHREAD: 1485.1950423292956
  CPU_PHYSICS: 756.05517941382971
  CPU_MATRIX_MULT_SSE: 5737.7583300897477
  CPU_mm: 555.81953323767618
  CPU_sse: 1993.61646940744
  CPU_fma: 6798.6804264335187
  CPU_avx: 4802.5826907757673
  CPU_avx512: 9356.1537337422651
  m_CPU_enc_SHA: 827205180.8377142
  m_CPU_enc_AES: 6364363203.7521992
  m_CPU_enc_ECDSA: 740178245.77288055
  ME_ALLOC_S: 2106.0266590283286
  ME_READ_S: 18249.860937500001
  ME_READ_L: 5918.77001953125
  ME_WRITE: 5919.5556640625
  ME_LARGE: 209557.25
  ME_LATENCY: 73.236677726123119
  ME_THREADED: 31861.623291015625
  SUMM_CPU: 6389.4803569381384
  SUMM_ME: 1647.545054249051
SystemInformation:
  OSName: Ubuntu 24.04.1 LTS
  Kernel: 6.8.0-1017-azure
  Device: ""
  Processor: Intel Xeon Platinum 8280M CPU @ 2.70GHz
  NumSockets: 1
  Manufacturer: GenuineIntel
  NumCores: 4
  NumLogicals: 8
  CPUFrequency: 0
  Memory: 220191
  MemModuleInfo:
    iNumMemSticks: 3
    DIMM 1:
      manufacturer: Microsoft Corporation
      modulePartNo: None
      memType: Unknown
      size: 1
      clkspeed: 0
      moduleVoltage: 0
    DIMM 2:
      manufacturer: Microsoft Corporation
      modulePartNo: None
      memType: Unknown
      size: 60928
      clkspeed: 0
      moduleVoltage: 0
    DIMM 3:
      manufacturer: Microsoft Corporation
      modulePartNo: None
      memType: Unknown
      size: 162048
      clkspeed: 0
      moduleVoltage: 0
Checksum: E261BC5454D94E01F9C1686DD830BB237C07D0C7