---
system-info:
      stress-ng-version: 0.17.08
      run-by: root
      date-yyyy-mm-dd: 2024:09:03
      time-hh-mm-ss: 16:53:03
      epoch-secs: 1725382383
      hostname: sc-runner
      sysname: Linux
      nodename: sc-runner
      release: 6.8.0-1013-azure
      version: '#15-Ubuntu SMP Thu Aug  8 18:40:40 UTC 2024'
      machine: x86_64
      compiler: 'musl-gcc 13.2.1'
      uptime: 374
      totalram: 67424833536
      freeram: 58841059328
      sharedram: 42053632
      bufferram: 224079872
      totalswap: 0
      freeswap: 0
      pagesize: 4096
      cpus: 4
      cpus-online: 4
      ticks-per-second: 100

metrics:
    - stressor: cpu
      bogo-ops: 74147
      bogo-ops-per-second-usr-sys-time: 931.988320
      bogo-ops-per-second-real-time: 3707.327383
      wall-clock-time: 20.000122
      user-time: 79.546875
      system-time: 0.010989
      cpu-usage-per-instance: 99.446723
      max-rss: 1104

...
