---
system-info:
      stress-ng-version: 0.17.08
      run-by: root
      date-yyyy-mm-dd: 2024:09:16
      time-hh-mm-ss: 15:48:32
      epoch-secs: 1726501712
      hostname: sc-runner
      sysname: Linux
      nodename: sc-runner
      release: 6.8.0-1014-azure
      version: '#16-Ubuntu SMP Thu Aug 15 20:04:41 UTC 2024'
      machine: x86_64
      compiler: 'musl-gcc 13.2.1'
      uptime: 321
      totalram: 67424829440
      freeram: 57330556928
      sharedram: 42053632
      bufferram: 238653440
      totalswap: 0
      freeswap: 0
      pagesize: 4096
      cpus: 4
      cpus-online: 4
      ticks-per-second: 100

metrics:
    - stressor: cpu
      bogo-ops: 73915
      bogo-ops-per-second-usr-sys-time: 931.224518
      bogo-ops-per-second-real-time: 3695.711153
      wall-clock-time: 20.000210
      user-time: 79.358995
      system-time: 0.014989
      cpu-usage-per-instance: 99.216437
      max-rss: 3152

...
