---
system-info:
      stress-ng-version: 0.17.08
      run-by: root
      date-yyyy-mm-dd: 2024:06:08
      time-hh-mm-ss: 21:55:43
      epoch-secs: 1717883743
      hostname: f244081b8650
      sysname: Linux
      nodename: f244081b8650
      release: 6.8.0-1008-aws
      version: '#8-Ubuntu SMP Sat Apr 20 02:43:14 UTC 2024'
      machine: aarch64
      compiler: 'musl-gcc 13.2.1'
      uptime: 125
      totalram: 3993309184
      freeram: 133152768
      sharedram: 35020800
      bufferram: 95944704
      totalswap: 0
      freeswap: 0
      pagesize: 4096
      cpus: 1
      cpus-online: 1
      ticks-per-second: 100

metrics:
    - stressor: cpu
      bogo-ops: 4202
      bogo-ops-per-second-usr-sys-time: 424.816824
      bogo-ops-per-second-real-time: 420.159570
      wall-clock-time: 10.000962
      user-time: 9.885361
      system-time: 0.005961
      cpu-usage-per-instance: 98.903703
      max-rss: 4136

...
