---
system-info:
      stress-ng-version: 0.17.08
      run-by: root
      date-yyyy-mm-dd: 2024:06:15
      time-hh-mm-ss: 06:43:10
      epoch-secs: 1718433790
      hostname: 52e125b3ba47
      sysname: Linux
      nodename: 52e125b3ba47
      release: 6.8.0-1008-aws
      version: '#8-Ubuntu SMP Sat Apr 20 02:43:14 UTC 2024'
      machine: aarch64
      compiler: 'musl-gcc 13.2.1'
      uptime: 150
      totalram: 3993305088
      freeram: 151814144
      sharedram: 35028992
      bufferram: 104030208
      totalswap: 0
      freeswap: 0
      pagesize: 4096
      cpus: 1
      cpus-online: 1
      ticks-per-second: 100

metrics:
    - stressor: cpu
      bogo-ops: 30352
      bogo-ops-per-second-usr-sys-time: 1532.468624
      bogo-ops-per-second-real-time: 1517.591190
      wall-clock-time: 20.000116
      user-time: 19.802973
      system-time: 0.002979
      cpu-usage-per-instance: 99.029185
      max-rss: 1320

...
