BaselineInfo:
  WebDBID: -1
  TimeStamp: 20260621010046
Version:
  Major: 11
  Minor: 0
  Build: 1004
  SpecialBuildName: ""
  ptArchitecture: x86_64_linux
Results:
  Results Complete: true
  NumTestProcesses: 32
  CPU_INTEGER_MATH: 166036.22166666671
  CPU_FLOATINGPOINT_MATH: 112317.96072871266
  CPU_PRIME: 208.26201674452983
  CPU_SORTING: 78596.614320645167
  CPU_ENCRYPTION: 34050.484201101528
  CPU_COMPRESSION: 616697.31647255423
  CPU_SINGLETHREAD: 3516.6281344662311
  CPU_PHYSICS: 4479.7678295193364
  CPU_MATRIX_MULT_SSE: 40628.615259003884
  CPU_mm: 4366.7592106871462
  CPU_sse: 18756.67152139133
  CPU_fma: 49022.806738469219
  CPU_avx: 37775.664290277084
  CPU_avx512: 56959.318485877862
  m_CPU_enc_SHA: 36393833949.491341
  m_CPU_enc_AES: 47253710822.494186
  m_CPU_enc_ECDSA: 23466016792.97718
  ME_ALLOC_S: 14087.30700215509
  ME_READ_S: 27559.323632812499
  ME_READ_L: 13943.83984375
  ME_WRITE: 6813.95263671875
  ME_LARGE: 248514.33333333334
  ME_LATENCY: 103.44076938366288
  ME_THREADED: 142848.80908203125
  SUMM_CPU: 48743.504546734795
  SUMM_ME: 1927.1201165723176
SystemInformation:
  OSName: Ubuntu 24.04.4 LTS
  Kernel: 6.17.0-1018-azure
  Device: ""
  Processor: Intel(R) Xeon(R) 6973P-C
  NumSockets: 1
  Manufacturer: GenuineIntel
  NumCores: 16
  NumLogicals: 32
  CPUFrequency: 2600
  CPUMaxFrequency: 2600
  Memory: 257731
  CPUInfo:
    number: 1
    Family: 6
    Model: 13
    stepping: 1
    features: 529267711
    manufacture: GenuineIntel
    typestring: Intel(R) Xeon(R) 6973P-C
    iCoresPerPackage: 16
    iThreadsPerPackage: 2
    featuresEx:
      - 529267711
      - 4294586915
      - 739248128
    bHybrid: false
    nPCore: 0
    nLogicalsPerPCore: 0
    nECore: 0
    nLogicalsPerECore: 0
  MemModuleInfo:
    iNumMemSticks: 3
    DIMM 1:
      manufacturer: Microsoft Corporation
      modulePartNo: None
      memType: Unknown
      size: 1
      clkspeed: 0
      moduleVoltage: 0
    DIMM 2:
      manufacturer: Microsoft Corporation
      modulePartNo: None
      memType: Unknown
      size: 59
      clkspeed: 0
      moduleVoltage: 0
    DIMM 3:
      manufacturer: Microsoft Corporation
      modulePartNo: None
      memType: Unknown
      size: 196
      clkspeed: 0
      moduleVoltage: 0
Checksum: B5391650E6AF9050A1AB71725DD95AB071FB4D2C