---
system-info:
      stress-ng-version: 0.17.08
      run-by: root
      date-yyyy-mm-dd: 2024:09:16
      time-hh-mm-ss: 22:35:35
      epoch-secs: 1726526135
      hostname: sc-runner
      sysname: Linux
      nodename: sc-runner
      release: 6.8.0-1014-azure
      version: '#16-Ubuntu SMP Thu Aug 15 20:04:41 UTC 2024'
      machine: x86_64
      compiler: 'musl-gcc 13.2.1'
      uptime: 356
      totalram: 118157697024
      freeram: 107918454784
      sharedram: 42053632
      bufferram: 243331072
      totalswap: 0
      freeswap: 0
      pagesize: 4096
      cpus: 8
      cpus-online: 8
      ticks-per-second: 100

metrics:
    - stressor: cpu
      bogo-ops: 23094
      bogo-ops-per-second-usr-sys-time: 1154.737298
      bogo-ops-per-second-real-time: 1154.696999
      wall-clock-time: 20.000052
      user-time: 19.998355
      system-time: 0.000999
      cpu-usage-per-instance: 99.996510
      max-rss: 3152

...
