BaselineInfo:
  WebDBID: -1
  TimeStamp: 20251219142916
Version:
  Major: 11
  Minor: 0
  Build: 1002
  SpecialBuildName: ""
  ptArchitecture: aarch64_linux
Results:
  Results Complete: true
  NumTestProcesses: 48
  CPU_INTEGER_MATH: 250410.51533333331
  CPU_FLOATINGPOINT_MATH: 290907.27253804839
  CPU_PRIME: 585.12949136697011
  CPU_SORTING: 221101.6790716387
  CPU_ENCRYPTION: 9075.626932396086
  CPU_COMPRESSION: 319069.19623638247
  CPU_SINGLETHREAD: 1943.9505623661751
  CPU_PHYSICS: 13491.73371198422
  CPU_MATRIX_MULT_SSE: 44245.280342745304
  CPU_mm: 5448.2305088463618
  CPU_sse: 34860.653150541468
  CPU_fma: 53629.907534949147
  CPU_avx: 0
  CPU_avx512: 0
  m_CPU_enc_SHA: 14157616673.359034
  m_CPU_enc_AES: 5160661849.4175558
  m_CPU_enc_ECDSA: 9231175236.0158768
  ME_ALLOC_S: 47761.212507725526
  ME_READ_S: 20059.542578125001
  ME_READ_L: 20324.59765625
  ME_WRITE: 21288.02734375
  ME_LARGE: 175184.33333333334
  ME_LATENCY: 45.399855538418244
  ME_THREADED: 473382.49609375
  SUMM_CPU: 36146.326946290596
  SUMM_ME: 3383.4616469138332
SystemInformation:
  OSName: Ubuntu 24.04.2 LTS
  Kernel: 6.14.0-1018-aws
  Device: ""
  Processor: ARM Neoverse-V2 48 Core 0 MHz
  NumSockets: 1
  Manufacturer: ARM
  NumCores: 48
  NumLogicals: 48
  CPUFrequency: 0
  Memory: 189779
Checksum: 6F2338B93B9C95DD95E0B95531B12912776A37D2