---
system-info:
      stress-ng-version: 0.17.08
      run-by: root
      date-yyyy-mm-dd: 2024:06:15
      time-hh-mm-ss: 12:35:26
      epoch-secs: 1718454926
      hostname: e393a31bc3ec
      sysname: Linux
      nodename: e393a31bc3ec
      release: 6.8.0-1008-aws
      version: '#8-Ubuntu SMP Sat Apr 20 00:46:25 UTC 2024'
      machine: x86_64
      compiler: 'musl-gcc 13.2.1'
      uptime: 141
      totalram: 66330984448
      freeram: 61796511744
      sharedram: 113582080
      bufferram: 109879296
      totalswap: 0
      freeswap: 0
      pagesize: 4096
      cpus: 16
      cpus-online: 16
      ticks-per-second: 100

metrics:
    - stressor: cpu
      bogo-ops: 41111
      bogo-ops-per-second-usr-sys-time: 2055.527389
      bogo-ops-per-second-real-time: 2055.544144
      wall-clock-time: 20.000057
      user-time: 20.000220
      system-time: 0.000000
      cpu-usage-per-instance: 100.000815
      max-rss: 976

...
