---
system-info:
      stress-ng-version: 0.17.08
      run-by: root
      date-yyyy-mm-dd: 2024:06:09
      time-hh-mm-ss: 10:40:40
      epoch-secs: 1717929640
      hostname: 39fa6f2a8d01
      sysname: Linux
      nodename: 39fa6f2a8d01
      release: 6.8.0-1008-aws
      version: '#8-Ubuntu SMP Sat Apr 20 00:46:25 UTC 2024'
      machine: x86_64
      compiler: 'musl-gcc 13.2.1'
      uptime: 164
      totalram: 66330984448
      freeram: 61712252928
      sharedram: 113582080
      bufferram: 106676224
      totalswap: 0
      freeswap: 0
      pagesize: 4096
      cpus: 16
      cpus-online: 16
      ticks-per-second: 100

metrics:
    - stressor: cpu
      bogo-ops: 19306
      bogo-ops-per-second-usr-sys-time: 1930.129434
      bogo-ops-per-second-real-time: 1930.124361
      wall-clock-time: 10.002464
      user-time: 10.002438
      system-time: 0.000000
      cpu-usage-per-instance: 99.999737
      max-rss: 3920

...
