BaselineInfo:
  WebDBID: -1
  TimeStamp: 20260404101456
Version:
  Major: 11
  Minor: 0
  Build: 1004
  SpecialBuildName: ""
  ptArchitecture: x86_64_linux
Results:
  Results Complete: true
  NumTestProcesses: 8
  CPU_INTEGER_MATH: 33196.333999999995
  CPU_FLOATINGPOINT_MATH: 18291.955161368642
  CPU_PRIME: 65.63647338252828
  CPU_SORTING: 17051.217151764708
  CPU_ENCRYPTION: 8590.697358947773
  CPU_COMPRESSION: 128695.77275642863
  CPU_SINGLETHREAD: 2378.5646270354027
  CPU_PHYSICS: 866.27561719802804
  CPU_MATRIX_MULT_SSE: 7354.5982820175541
  CPU_mm: 897.12474140239965
  CPU_sse: 3780.6952397580644
  CPU_fma: 10378.678301841763
  CPU_avx: 7904.4213044528342
  CPU_avx512: 0
  m_CPU_enc_SHA: 12462472965.870193
  m_CPU_enc_AES: 7980298439.8293991
  m_CPU_enc_ECDSA: 6581225815.8684654
  ME_ALLOC_S: 2295.7307404872195
  ME_READ_S: 23752.360546874999
  ME_READ_L: 8026.5556640625
  ME_WRITE: 7294.28857421875
  ME_LARGE: 50031.666666666664
  ME_LATENCY: 118.64692573860771
  ME_THREADED: 15568.544311523438
  SUMM_CPU: 11518.138791166675
  SUMM_ME: 1419.7804848911167
SystemInformation:
  OSName: Ubuntu 24.04.4 LTS
  Kernel: 6.8.0-106-generic
  Device: ""
  Processor: "AMD EPYC 7T83 64-Core Processor                "
  NumSockets: 1
  Manufacturer: AuthenticAMD
  NumCores: 4
  NumLogicals: 8
  CPUFrequency: 0
  CPUMaxFrequency: 0
  Memory: 62894
  CPUInfo:
    number: 1
    Family: 15
    Model: 1
    stepping: 1
    features: 395049983
    manufacture: AuthenticAMD
    typestring: "AMD EPYC 7T83 64-Core Processor                "
    iCoresPerPackage: 4
    iThreadsPerPackage: 2
    featuresEx:
      - 395049983
      - 4277809667
      - 802421759
    bHybrid: false
    nPCore: 0
    nLogicalsPerPCore: 0
    nECore: 0
    nLogicalsPerECore: 0
  MemModuleInfo:
    iNumMemSticks: 4
    DIMM 1:
      manufacturer: Alibaba Cloud
      modulePartNo: Not Specified
      memType: RAM
      size: 16
      clkspeed: 0
      moduleVoltage: 0
    DIMM 2:
      manufacturer: Alibaba Cloud
      modulePartNo: Not Specified
      memType: RAM
      size: 16
      clkspeed: 0
      moduleVoltage: 0
    DIMM 3:
      manufacturer: Alibaba Cloud
      modulePartNo: Not Specified
      memType: RAM
      size: 16
      clkspeed: 0
      moduleVoltage: 0
    DIMM 4:
      manufacturer: Alibaba Cloud
      modulePartNo: Not Specified
      memType: RAM
      size: 16
      clkspeed: 0
      moduleVoltage: 0
Checksum: F7ABE89EB9F4E8DF7DDF85932B890A331A198B03