---
system-info:
      stress-ng-version: 0.17.08
      run-by: root
      date-yyyy-mm-dd: 2024:06:09
      time-hh-mm-ss: 10:21:19
      epoch-secs: 1717928479
      hostname: c4a2dabaa5e9
      sysname: Linux
      nodename: c4a2dabaa5e9
      release: 6.8.0-1008-aws
      version: '#8-Ubuntu SMP Sat Apr 20 00:46:25 UTC 2024'
      machine: x86_64
      compiler: 'musl-gcc 13.2.1'
      uptime: 146
      totalram: 798806470656
      freeram: 792032194560
      sharedram: 225759232
      bufferram: 108408832
      totalswap: 0
      freeswap: 0
      pagesize: 4096
      cpus: 192
      cpus-online: 192
      ticks-per-second: 100

metrics:
    - stressor: cpu
      bogo-ops: 2658179
      bogo-ops-per-second-usr-sys-time: 1387.571833
      bogo-ops-per-second-real-time: 265783.055170
      wall-clock-time: 10.001311
      user-time: 1915.508625
      system-time: 0.196880
      cpu-usage-per-instance: 99.763249
      max-rss: 3072

...
