---
system-info:
      stress-ng-version: 0.17.08
      run-by: root
      date-yyyy-mm-dd: 2024:06:15
      time-hh-mm-ss: 12:35:10
      epoch-secs: 1718454910
      hostname: 121d86b39b5a
      sysname: Linux
      nodename: 121d86b39b5a
      release: 6.8.0-1008-aws
      version: '#8-Ubuntu SMP Sat Apr 20 00:46:25 UTC 2024'
      machine: x86_64
      compiler: 'musl-gcc 13.2.1'
      uptime: 151
      totalram: 798806491136
      freeram: 792480325632
      sharedram: 225759232
      bufferram: 110170112
      totalswap: 0
      freeswap: 0
      pagesize: 4096
      cpus: 192
      cpus-online: 192
      ticks-per-second: 100

metrics:
    - stressor: cpu
      bogo-ops: 3389025
      bogo-ops-per-second-usr-sys-time: 883.520167
      bogo-ops-per-second-real-time: 169450.473391
      wall-clock-time: 20.000092
      user-time: 3835.738814
      system-time: 0.081947
      cpu-usage-per-instance: 99.890708
      max-rss: 0

...
