---
system-info:
      stress-ng-version: 0.17.08
      run-by: root
      date-yyyy-mm-dd: 2024:09:23
      time-hh-mm-ss: 08:59:59
      epoch-secs: 1727081999
      hostname: sc-runner
      sysname: Linux
      nodename: sc-runner
      release: 6.8.0-1014-azure
      version: '#16-Ubuntu SMP Thu Aug 15 20:04:41 UTC 2024'
      machine: x86_64
      compiler: 'musl-gcc 13.2.1'
      uptime: 342
      totalram: 270259843072
      freeram: 259705245696
      sharedram: 38121472
      bufferram: 291889152
      totalswap: 0
      freeswap: 0
      pagesize: 4096
      cpus: 8
      cpus-online: 8
      ticks-per-second: 100

metrics:
    - stressor: cpu
      bogo-ops: 54065
      bogo-ops-per-second-usr-sys-time: 2703.255947
      bogo-ops-per-second-real-time: 2703.246906
      wall-clock-time: 20.000023
      user-time: 19.999956
      system-time: 0.000000
      cpu-usage-per-instance: 99.999666
      max-rss: 3152

...
