BaselineInfo:
  WebDBID: -1
  TimeStamp: 20241107164608
Version:
  Major: 11
  Minor: 0
  Build: 1002
  SpecialBuildName: ""
  ptArchitecture: x86_64_linux
Results:
  Results Complete: true
  NumTestProcesses: 8
  CPU_INTEGER_MATH: 33199.481666666674
  CPU_FLOATINGPOINT_MATH: 18354.051317229172
  CPU_PRIME: 75.065684827271895
  CPU_SORTING: 18348.363432513437
  CPU_ENCRYPTION: 8606.2867264873566
  CPU_COMPRESSION: 128635.89366534646
  CPU_SINGLETHREAD: 2394.5175121693128
  CPU_PHYSICS: 1284.4329385218794
  CPU_MATRIX_MULT_SSE: 7378.281840491949
  CPU_mm: 898.73982245719458
  CPU_sse: 3813.7243386733148
  CPU_fma: 10405.728670401671
  CPU_avx: 7915.3925124008611
  CPU_avx512: 0
  m_CPU_enc_SHA: 12473023623.479242
  m_CPU_enc_AES: 7979973359.0866909
  m_CPU_enc_ECDSA: 6620040148.9736862
  ME_ALLOC_S: 3558.4253845556236
  ME_READ_S: 24334.5009765625
  ME_READ_L: 19118.076171875
  ME_WRITE: 18613.666015625
  ME_LARGE: 22067.333333333332
  ME_LATENCY: 63.219755838754224
  ME_THREADED: 38192.8779296875
  SUMM_CPU: 11887.935633154584
  SUMM_ME: 2545.1434805090521
SystemInformation:
  OSName: Ubuntu 24.04.1 LTS
  Kernel: 6.8.0-1017-azure
  Device: ""
  Processor: AMD EPYC 7763 64-Core Processor
  NumSockets: 1
  Manufacturer: AuthenticAMD
  NumCores: 4
  NumLogicals: 8
  CPUFrequency: 0
  Memory: 32092
  MemModuleInfo:
    iNumMemSticks: 2
    DIMM 1:
      manufacturer: Microsoft Corporation
      modulePartNo: None
      memType: Unknown
      size: 1
      clkspeed: 0
      moduleVoltage: 0
    DIMM 2:
      manufacturer: Microsoft Corporation
      modulePartNo: None
      memType: Unknown
      size: 31
      clkspeed: 0
      moduleVoltage: 0
Checksum: E3C972F4B24A98B8273285FEC596D27C11F4BDDC