BaselineInfo:
  WebDBID: -1
  TimeStamp: 20241107165846
Version:
  Major: 11
  Minor: 0
  Build: 1002
  SpecialBuildName: ""
  ptArchitecture: x86_64_linux
Results:
  Results Complete: true
  NumTestProcesses: 8
  CPU_INTEGER_MATH: 19606.768333333333
  CPU_FLOATINGPOINT_MATH: 12066.269326381575
  CPU_PRIME: 39.695690508382413
  CPU_SORTING: 10416.693807528647
  CPU_ENCRYPTION: 2707.8447398034218
  CPU_COMPRESSION: 88405.938077462051
  CPU_SINGLETHREAD: 1632.5698844787639
  CPU_PHYSICS: 813.34122031019592
  CPU_MATRIX_MULT_SSE: 4845.8243542191722
  CPU_mm: 608.54142776468666
  CPU_sse: 2286.094113383373
  CPU_fma: 7292.7952572443564
  CPU_avx: 4958.5836920297888
  CPU_avx512: 0
  m_CPU_enc_SHA: 886784001.56007802
  m_CPU_enc_AES: 6841752603.3083525
  m_CPU_enc_ECDSA: 789606412.78390813
  ME_ALLOC_S: 2431.1623740858322
  ME_READ_S: 19285.800195312499
  ME_READ_L: 9154.9609375
  ME_WRITE: 8894.6103515625
  ME_LARGE: 967.25
  ME_LATENCY: 54.347368226673609
  ME_THREADED: 44353.78466796875
  SUMM_CPU: 6786.7763129359164
  SUMM_ME: 1273.006418349325
SystemInformation:
  OSName: Ubuntu 24.04.1 LTS
  Kernel: 6.8.0-1015-gcp
  Device: ""
  Processor: Intel Xeon CPU @ 2.30GHz
  NumSockets: 1
  Manufacturer: GenuineIntel
  NumCores: 4
  NumLogicals: 8
  CPUFrequency: 0
  Memory: 7130
  MemModuleInfo:
    iNumMemSticks: 1
    DIMM 1:
      manufacturer: ""
      modulePartNo: ""
      memType: RAM
      size: 7373
      clkspeed: 0
      moduleVoltage: 0
Checksum: E7BDEE582FCB86C1264F44BE2C4F402E848F8D7A