---
system-info:
      stress-ng-version: 0.17.08
      run-by: root
      date-yyyy-mm-dd: 2024:07:03
      time-hh-mm-ss: 02:00:41
      epoch-secs: 1719972041
      hostname: n2-highcpu-80-791cbf1
      sysname: Linux
      nodename: n2-highcpu-80-791cbf1
      release: 6.8.0-1009-gcp
      version: '#10-Ubuntu SMP Wed Jun 12 18:52:23 UTC 2024'
      machine: x86_64
      compiler: 'musl-gcc 13.2.1'
      uptime: 155
      totalram: 84406235136
      freeram: 78456303616
      sharedram: 71286784
      bufferram: 129273856
      totalswap: 0
      freeswap: 0
      pagesize: 4096
      cpus: 80
      cpus-online: 80
      ticks-per-second: 100

metrics:
    - stressor: cpu
      bogo-ops: 1484080
      bogo-ops-per-second-usr-sys-time: 928.045537
      bogo-ops-per-second-real-time: 74203.665575
      wall-clock-time: 20.000090
      user-time: 1599.111686
      system-time: 0.033982
      cpu-usage-per-instance: 99.946154
      max-rss: 640

...
