BaselineInfo:
  WebDBID: -1
  TimeStamp: 20260206214737
Version:
  Major: 11
  Minor: 0
  Build: 1004
  SpecialBuildName: ""
  ptArchitecture: x86_64_linux
Results:
  Results Complete: true
  NumTestProcesses: 96
  CPU_INTEGER_MATH: 495102.21733333322
  CPU_FLOATINGPOINT_MATH: 358496.32014360849
  CPU_PRIME: 954.97103951036729
  CPU_SORTING: 249269.22401182159
  CPU_ENCRYPTION: 108305.00235478538
  CPU_COMPRESSION: 1909426.6622786336
  CPU_SINGLETHREAD: 3266.8554132790105
  CPU_PHYSICS: 16150.130619311267
  CPU_MATRIX_MULT_SSE: 135212.96976872982
  CPU_mm: 14393.818987117
  CPU_sse: 59729.503699548863
  CPU_fma: 156522.09107031365
  CPU_avx: 124205.55586566578
  CPU_avx512: 200394.72843939092
  m_CPU_enc_SHA: 115009644566.82616
  m_CPU_enc_AES: 150382844232.32147
  m_CPU_enc_ECDSA: 75305589648.366776
  ME_ALLOC_S: 33271.236953174623
  ME_READ_S: 27155.713671875001
  ME_READ_L: 14514.8974609375
  ME_WRITE: 11018.9765625
  ME_LARGE: 746427.08333333337
  ME_LATENCY: 68.968129254441735
  ME_THREADED: 380615.8505859375
  SUMM_CPU: 107072.92184305817
  SUMM_ME: 2635.7925344984897
SystemInformation:
  OSName: Ubuntu 24.04.3 LTS
  Kernel: 6.14.0-1018-aws
  Device: ""
  Processor: Intel(R) Xeon(R) 6975P-C
  NumSockets: 1
  Manufacturer: GenuineIntel
  NumCores: 48
  NumLogicals: 96
  CPUFrequency: 0
  CPUMaxFrequency: 0
  Memory: 761832
  CPUInfo:
    number: 1
    Family: 6
    Model: 13
    stepping: 1
    features: 529267711
    manufacture: GenuineIntel
    typestring: Intel(R) Xeon(R) 6975P-C
    iCoresPerPackage: 48
    iThreadsPerPackage: 2
    featuresEx:
      - 529267711
      - 4294619651
      - 739248128
    bHybrid: false
    nPCore: 0
    nLogicalsPerPCore: 0
    nECore: 0
    nLogicalsPerECore: 0
  MemModuleInfo:
    iNumMemSticks: 2
    DIMM 1:
      manufacturer: Not Specified
      modulePartNo: Not Specified
      memType: DDR5
      size: 384
      clkspeed: 3600
      moduleVoltage: 0
    DIMM 2:
      manufacturer: Not Specified
      modulePartNo: Not Specified
      memType: DDR5
      size: 384
      clkspeed: 3600
      moduleVoltage: 0
Checksum: BF294AE8134A5B7DD08F9512AE09FF0C4DFACF62