---
system-info:
      stress-ng-version: 0.17.08
      run-by: root
      date-yyyy-mm-dd: 2024:06:07
      time-hh-mm-ss: 13:56:21
      epoch-secs: 1717768581
      hostname: 3f52f3ec0e24
      sysname: Linux
      nodename: 3f52f3ec0e24
      release: 6.8.0-1008-aws
      version: '#8-Ubuntu SMP Sat Apr 20 00:46:25 UTC 2024'
      machine: x86_64
      compiler: 'musl-gcc 13.2.1'
      uptime: 105
      totalram: 399160188928
      freeram: 394510565376
      sharedram: 60305408
      bufferram: 91004928
      totalswap: 0
      freeswap: 0
      pagesize: 4096
      cpus: 48
      cpus-online: 48
      ticks-per-second: 100

metrics:
    - stressor: cpu
      bogo-ops: 565225
      bogo-ops-per-second-usr-sys-time: 1178.199902
      bogo-ops-per-second-real-time: 56512.754732
      wall-clock-time: 10.001724
      user-time: 479.683123
      system-time: 0.052955
      cpu-usage-per-instance: 99.927784
      max-rss: 3840

...
