---
system-info:
      stress-ng-version: 0.17.08
      run-by: root
      date-yyyy-mm-dd: 2024:06:13
      time-hh-mm-ss: 08:55:14
      epoch-secs: 1718268914
      hostname: 0cd7ac7bbe6e
      sysname: Linux
      nodename: 0cd7ac7bbe6e
      release: 6.8.0-1008-aws
      version: '#8-Ubuntu SMP Sat Apr 20 00:46:25 UTC 2024'
      machine: x86_64
      compiler: 'musl-gcc 13.2.1'
      uptime: 116
      totalram: 399160176640
      freeram: 394413096960
      sharedram: 60305408
      bufferram: 105607168
      totalswap: 0
      freeswap: 0
      pagesize: 4096
      cpus: 48
      cpus-online: 48
      ticks-per-second: 100

metrics:
    - stressor: cpu
      bogo-ops: 927108
      bogo-ops-per-second-usr-sys-time: 966.196644
      bogo-ops-per-second-real-time: 46355.181517
      wall-clock-time: 20.000094
      user-time: 959.517816
      system-time: 0.025985
      cpu-usage-per-instance: 99.952008
      max-rss: 768

...
