BaselineInfo:
  WebDBID: -1
  TimeStamp: 20241107194013
Version:
  Major: 11
  Minor: 0
  Build: 1002
  SpecialBuildName: ""
  ptArchitecture: x86_64_linux
Results:
  Results Complete: true
  NumTestProcesses: 8
  CPU_INTEGER_MATH: 36665.157333333336
  CPU_FLOATINGPOINT_MATH: 26083.310566596789
  CPU_PRIME: 72.301986928504363
  CPU_SORTING: 17632.549757258726
  CPU_ENCRYPTION: 8015.3356917451774
  CPU_COMPRESSION: 132372.8941570278
  CPU_SINGLETHREAD: 2870.0893708203503
  CPU_PHYSICS: 1667.1009865014196
  CPU_MATRIX_MULT_SSE: 8600.7879076421796
  CPU_mm: 978.91526240620658
  CPU_sse: 4242.6979581040741
  CPU_fma: 9896.4834683645531
  CPU_avx: 7748.9663166968821
  CPU_avx512: 12515.003887403213
  m_CPU_enc_SHA: 8507759163.3424377
  m_CPU_enc_AES: 11005758994.340775
  m_CPU_enc_ECDSA: 5700547757.2389631
  ME_ALLOC_S: 3876.1280319970679
  ME_READ_S: 26370.226171875001
  ME_READ_L: 8279.966796875
  ME_WRITE: 12133.5087890625
  ME_LARGE: 5736.666666666667
  ME_LATENCY: 83.968954082016538
  ME_THREADED: 45503.931640625
  SUMM_CPU: 13119.770566521694
  SUMM_ME: 1800.8620697478821
SystemInformation:
  OSName: Ubuntu 24.04.1 LTS
  Kernel: 6.8.0-1016-aws
  Device: ""
  Processor: Intel Xeon Platinum 8488C
  NumSockets: 1
  Manufacturer: GenuineIntel
  NumCores: 4
  NumLogicals: 8
  CPUFrequency: 0
  Memory: 15704
  MemModuleInfo:
    iNumMemSticks: 1
    DIMM 1:
      manufacturer: Not Specified
      modulePartNo: Not Specified
      memType: DDR5
      size: 16
      clkspeed: 2400
      moduleVoltage: 0
Checksum: FD9BF20BF3602E9604B8A9EC42C17D5550FEBE29