---
system-info:
      stress-ng-version: 0.17.08
      run-by: root
      date-yyyy-mm-dd: 2024:09:18
      time-hh-mm-ss: 14:21:55
      epoch-secs: 1726669315
      hostname: sc-runner
      sysname: Linux
      nodename: sc-runner
      release: 6.8.0-1014-azure
      version: '#16-Ubuntu SMP Thu Aug 15 21:06:50 UTC 2024'
      machine: aarch64
      compiler: 'musl-gcc 13.2.1'
      uptime: 354
      totalram: 33590214656
      freeram: 23466065920
      sharedram: 38117376
      bufferram: 245002240
      totalswap: 0
      freeswap: 0
      pagesize: 4096
      cpus: 4
      cpus-online: 4
      ticks-per-second: 100

metrics:
    - stressor: cpu
      bogo-ops: 36449
      bogo-ops-per-second-usr-sys-time: 1822.763698
      bogo-ops-per-second-real-time: 1822.438768
      wall-clock-time: 20.000123
      user-time: 19.994559
      system-time: 0.001999
      cpu-usage-per-instance: 99.982174
      max-rss: 1192

...
