BaselineInfo:
  WebDBID: -1
  TimeStamp: 20250820231827
Version:
  Major: 11
  Minor: 0
  Build: 1002
  SpecialBuildName: ""
  ptArchitecture: x86_64_linux
Results:
  Results Complete: true
  NumTestProcesses: 8
  CPU_INTEGER_MATH: 41202.62533333333
  CPU_FLOATINGPOINT_MATH: 29852.122159110782
  CPU_PRIME: 88.92226645671019
  CPU_SORTING: 21252.025451797221
  CPU_ENCRYPTION: 9049.4294230751839
  CPU_COMPRESSION: 162121.88253234149
  CPU_SINGLETHREAD: 3265.5026442393278
  CPU_PHYSICS: 1950.8007316624544
  CPU_MATRIX_MULT_SSE: 11354.303775727405
  CPU_mm: 1230.9151113123339
  CPU_sse: 5038.6246273262113
  CPU_fma: 13155.446350165459
  CPU_avx: 10672.096541418772
  CPU_avx512: 16551.047583999178
  m_CPU_enc_SHA: 9550236085.7440834
  m_CPU_enc_AES: 12474140778.256016
  m_CPU_enc_ECDSA: 6442666656.1913509
  ME_ALLOC_S: 4393.8017658258232
  ME_READ_S: 28902.347070312499
  ME_READ_L: 14588.845703125
  ME_WRITE: 10735.2744140625
  ME_LARGE: 53533.25
  ME_LATENCY: 77.005030367584766
  ME_THREADED: 75774.8427734375
  SUMM_CPU: 15566.586834416548
  SUMM_ME: 2332.2414618884195
SystemInformation:
  OSName: Ubuntu 24.04.2 LTS
  Kernel: 6.14.0-1010-aws
  Device: ""
  Processor: Intel Xeon 6975P-C
  NumSockets: 1
  Manufacturer: GenuineIntel
  NumCores: 4
  NumLogicals: 8
  CPUFrequency: 0
  Memory: 63260
  MemModuleInfo:
    iNumMemSticks: 1
    DIMM 1:
      manufacturer: Not Specified
      modulePartNo: Not Specified
      memType: DDR5
      size: 64
      clkspeed: 3600
      moduleVoltage: 0
Checksum: 68047383CEE2D1E4AC0A6AADC2A9F34444609DD0