BaselineInfo:
  WebDBID: -1
  TimeStamp: 20241107232615
Version:
  Major: 11
  Minor: 0
  Build: 1002
  SpecialBuildName: ""
  ptArchitecture: x86_64_linux
Results:
  Results Complete: true
  NumTestProcesses: 8
  CPU_INTEGER_MATH: 19144.132333333335
  CPU_FLOATINGPOINT_MATH: 11017.450027076462
  CPU_PRIME: 52.629886826254094
  CPU_SORTING: 12847.428863666813
  CPU_ENCRYPTION: 1886.8765535204391
  CPU_COMPRESSION: 84437.431513460513
  CPU_SINGLETHREAD: 1675.1017977980914
  CPU_PHYSICS: 836.52956667461717
  CPU_MATRIX_MULT_SSE: 4271.8844705529827
  CPU_mm: 585.72975621483556
  CPU_sse: 2409.4680457769068
  CPU_fma: 6035.588830232452
  CPU_avx: 4370.5965356495917
  CPU_avx512: 0
  m_CPU_enc_SHA: 851889942.88571286
  m_CPU_enc_AES: 4313373677.5931463
  m_CPU_enc_ECDSA: 770336786.47388494
  ME_ALLOC_S: 2390.7812281474617
  ME_READ_S: 19633.236523437499
  ME_READ_L: 8860.3876953125
  ME_WRITE: 6655.48876953125
  ME_LARGE: 22091.416666666668
  ME_LATENCY: 59.947951076246774
  ME_THREADED: 38694.966796875
  SUMM_CPU: 6218.1092131846726
  SUMM_ME: 1968.2129436320815
SystemInformation:
  OSName: Ubuntu 24.04.1 LTS
  Kernel: 6.8.0-1016-aws
  Device: ""
  Processor: Intel Xeon CPU E5-2686 v4 @ 2.30GHz
  NumSockets: 1
  Manufacturer: GenuineIntel
  NumCores: 4
  NumLogicals: 8
  CPUFrequency: 0
  Memory: 32094
  MemModuleInfo:
    iNumMemSticks: 2
    DIMM 1:
      manufacturer: Not Specified
      modulePartNo: Not Specified
      memType: RAM
      size: 16
      clkspeed: 0
      moduleVoltage: 0
    DIMM 2:
      manufacturer: Not Specified
      modulePartNo: Not Specified
      memType: RAM
      size: 16
      clkspeed: 0
      moduleVoltage: 0
Checksum: 00BD84BA834665E5E23A12CC96806D1D8DFB1BCB