---
system-info:
      stress-ng-version: 0.17.08
      run-by: root
      date-yyyy-mm-dd: 2024:09:12
      time-hh-mm-ss: 14:09:06
      epoch-secs: 1726150146
      hostname: ip-172-31-0-247
      sysname: Linux
      nodename: ip-172-31-0-247
      release: 6.8.0-1014-aws
      version: '#15-Ubuntu SMP Thu Aug  8 19:13:06 UTC 2024'
      machine: x86_64
      compiler: 'musl-gcc 13.2.1'
      uptime: 394
      totalram: 3234018541568
      freeram: 3221837123584
      sharedram: 116891648
      bufferram: 224432128
      totalswap: 0
      freeswap: 0
      pagesize: 4096
      cpus: 96
      cpus-online: 96
      ticks-per-second: 100

metrics:
    - stressor: cpu
      bogo-ops: 37829
      bogo-ops-per-second-usr-sys-time: 1891.433261
      bogo-ops-per-second-real-time: 1891.440575
      wall-clock-time: 20.000100
      user-time: 19.999178
      system-time: 0.000999
      cpu-usage-per-instance: 100.000387
      max-rss: 768

...
