BaselineInfo:
  WebDBID: -1
  TimeStamp: 20260621032304
Version:
  Major: 11
  Minor: 0
  Build: 1004
  SpecialBuildName: ""
  ptArchitecture: x86_64_linux
Results:
  Results Complete: true
  NumTestProcesses: 80
  CPU_INTEGER_MATH: 586423.93200000015
  CPU_FLOATINGPOINT_MATH: 541996.9989072372
  CPU_PRIME: 1814.7598963000125
  CPU_SORTING: 280319.98062349291
  CPU_ENCRYPTION: 117304.13256360272
  CPU_COMPRESSION: 2138561.4814421814
  CPU_SINGLETHREAD: 3790.5106217238449
  CPU_PHYSICS: 24508.652587988403
  CPU_MATRIX_MULT_SSE: 173683.43496653193
  CPU_mm: 20737.369460874012
  CPU_sse: 66346.071715556565
  CPU_fma: 225148.63788220391
  CPU_avx: 138712.7900539425
  CPU_avx512: 264526.24021442491
  m_CPU_enc_SHA: 164818048353.85452
  m_CPU_enc_AES: 104136826171.94855
  m_CPU_enc_ECDSA: 100052019795.23369
  ME_ALLOC_S: 40261.088545800296
  ME_READ_S: 34072.1962890625
  ME_READ_L: 31249.33203125
  ME_WRITE: 30844.6484375
  ME_LARGE: 311685.83333333331
  ME_LATENCY: 77.420740624533209
  ME_THREADED: 538315.0498046875
  SUMM_CPU: 128106.97911699281
  SUMM_ME: 3032.5108881270226
SystemInformation:
  OSName: Ubuntu 24.04.4 LTS
  Kernel: 6.17.0-1018-azure
  Device: ""
  Processor: "AMD EPYC 9V45 96-Core Processor                "
  NumSockets: 1
  Manufacturer: AuthenticAMD
  NumCores: 80
  NumLogicals: 80
  CPUFrequency: 0
  CPUMaxFrequency: 0
  Memory: 322415
  CPUInfo:
    number: 1
    Family: 15
    Model: 2
    stepping: 1
    features: 395049983
    manufacture: AuthenticAMD
    typestring: "AMD EPYC 9V45 96-Core Processor                "
    iCoresPerPackage: 128
    iThreadsPerPackage: 1
    featuresEx:
      - 395049983
      - 4277809667
      - 802421759
    bHybrid: false
    nPCore: 0
    nLogicalsPerPCore: 0
    nECore: 0
    nLogicalsPerECore: 0
  MemModuleInfo:
    iNumMemSticks: 4
    DIMM 1:
      manufacturer: Microsoft Corporation
      modulePartNo: None
      memType: Unknown
      size: 1
      clkspeed: 0
      moduleVoltage: 0
    DIMM 2:
      manufacturer: Microsoft Corporation
      modulePartNo: None
      memType: Unknown
      size: 59
      clkspeed: 0
      moduleVoltage: 0
    DIMM 3:
      manufacturer: Microsoft Corporation
      modulePartNo: None
      memType: Unknown
      size: 100
      clkspeed: 0
      moduleVoltage: 0
    DIMM 4:
      manufacturer: Microsoft Corporation
      modulePartNo: None
      memType: Unknown
      size: 160
      clkspeed: 0
      moduleVoltage: 0
Checksum: AF57DA9CEEB0A374169652E0DC0CF757C9E01B56