size_kb,operation,bandwidth_mb_s,latency_ns,latency_stddev_ns,latency_samples,threads,iterations,elapsed_s
32,read,3992810.38,0,0,0,64,448028,0.224417
32,write,2415136.89,0,0,0,64,274423,0.227253
32,copy,2291694.72,0,0,0,64,260416,0.227269
32,latency,0,2.71,0.01,7,1,7,0.389703
128,read,2752884.80,0,0,0,64,83696,0.243224
128,write,2414902.66,0,0,0,64,71022,0.235279
128,copy,1537031.08,0,0,0,64,58261,0.303239
128,latency,0,4.41,0.01,7,1,7,0.699582
512,read,2337433.70,0,0,0,64,18443,0.252489
512,write,1929344.92,0,0,0,64,18772,0.311351
512,copy,318354.61,0,0,0,64,14224,1.429752
512,latency,0,7.95,0.02,7,1,7,0.666444
1024,read,1175987.00,0,0,0,64,9539,0.519135
1024,write,585841.81,0,0,0,64,9436,1.030831
1024,copy,132448.94,0,0,0,64,6152,2.972678
1024,latency,0,11.36,0.04,7,1,7,0.698319
2048,read,370882.18,0,0,0,64,3923,1.353918
2048,write,273991.03,0,0,0,64,4743,2.215781
2048,copy,98296.53,0,0,0,64,2906,3.784142
2048,latency,0,24.25,0.01,7,1,7,0.682113
8192,read,182865.03,0,0,0,64,733,2.052311
8192,write,183435.17,0,0,0,64,1187,3.313127
8192,copy,80152.59,0,0,0,64,622,3.973222
8192,latency,0,31.44,0.04,7,1,7,0.767156
16384,read,172911.43,0,0,0,64,324,1.918763
16384,write,174234.50,0,0,0,64,412,2.421380
16384,copy,78603.71,0,0,0,64,306,3.986377
16384,latency,0,32.79,0.01,7,1,7,0.637691
32768,read,168685.40,0,0,0,64,157,1.906128
32768,write,167874.48,0,0,0,64,297,3.623279
32768,copy,78089.72,0,0,0,64,142,3.724126
32768,latency,0,35.63,1.40,7,1,7,0.892552
65536,read,166992.36,0,0,0,64,74,1.815077
65536,write,165127.65,0,0,0,64,148,3.671148
65536,copy,77746.33,0,0,0,64,64,3.371786
65536,latency,0,76.16,0.48,7,1,7,3.479317
131072,read,166527.69,0,0,0,64,36,1.770949
131072,write,163782.65,0,0,0,64,73,3.651278
131072,copy,77547.83,0,0,0,64,30,3.169141
131072,latency,0,90.36,0.07,7,1,7,8.229352
