BaselineInfo:
  WebDBID: -1
  TimeStamp: 20241107085847
Version:
  Major: 11
  Minor: 0
  Build: 1002
  SpecialBuildName: ""
  ptArchitecture: x86_64_linux
Results:
  Results Complete: true
  NumTestProcesses: 2
  CPU_INTEGER_MATH: 10465.755000000001
  CPU_FLOATINGPOINT_MATH: 8630.1001341155061
  CPU_PRIME: 33.378535718455268
  CPU_SORTING: 6191.3179439458072
  CPU_ENCRYPTION: 2324.4928584192921
  CPU_COMPRESSION: 44566.936938310042
  CPU_SINGLETHREAD: 2432.9579391913417
  CPU_PHYSICS: 565.83480649042804
  CPU_MATRIX_MULT_SSE: 3525.9437746849217
  CPU_mm: 482.88641968568595
  CPU_sse: 1564.5496747058976
  CPU_fma: 4390.7618950518863
  CPU_avx: 3331.2143138802248
  CPU_avx512: 4817.2492151016768
  m_CPU_enc_SHA: 2731077247.9343786
  m_CPU_enc_AES: 2815543204.402339
  m_CPU_enc_ECDSA: 1765601818.1928849
  ME_ALLOC_S: 2008.3057716292133
  ME_READ_S: 23830.586718750001
  ME_READ_L: 10978.2431640625
  ME_WRITE: 10484.3818359375
  ME_LARGE: 6025.083333333333
  ME_LATENCY: 60.359725273259642
  ME_THREADED: 22202.4326171875
  SUMM_CPU: 4540.7361708312192
  SUMM_ME: 1952.7712350877953
SystemInformation:
  OSName: Ubuntu 24.04.1 LTS
  Kernel: 6.8.0-1017-azure
  Device: ""
  Processor: Intel Xeon Platinum 8370C CPU @ 2.80GHz
  NumSockets: 1
  Manufacturer: GenuineIntel
  NumCores: 2
  NumLogicals: 2
  CPUFrequency: 2800
  Memory: 15989
  MemModuleInfo:
    iNumMemSticks: 3
    DIMM 1:
      manufacturer: Microsoft Corporation
      modulePartNo: None
      memType: Unknown
      size: 1
      clkspeed: 0
      moduleVoltage: 0
    DIMM 2:
      manufacturer: Microsoft Corporation
      modulePartNo: None
      memType: Unknown
      size: 15
      clkspeed: 0
      moduleVoltage: 0
    DIMM 3:
      manufacturer: Microsoft Corporation
      modulePartNo: None
      memType: Unknown
      size: 8
      clkspeed: 0
      moduleVoltage: 0
Checksum: 1EC6146966AD9EB9E8C19A6D018F1102AC1D59D9