BaselineInfo:
  WebDBID: -1
  TimeStamp: 20251212014017
Version:
  Major: 11
  Minor: 0
  Build: 1002
  SpecialBuildName: ""
  ptArchitecture: aarch64_linux
Results:
  Results Complete: true
  NumTestProcesses: 64
  CPU_INTEGER_MATH: 333534.68833333347
  CPU_FLOATINGPOINT_MATH: 387678.81655674928
  CPU_PRIME: 684.68310850796684
  CPU_SORTING: 291808.73118106625
  CPU_ENCRYPTION: 12131.913610401931
  CPU_COMPRESSION: 425306.29393410252
  CPU_SINGLETHREAD: 1942.0082956421049
  CPU_PHYSICS: 16339.20399736316
  CPU_MATRIX_MULT_SSE: 56254.075249985726
  CPU_mm: 7208.0450223109247
  CPU_sse: 44225.853916438908
  CPU_fma: 68282.29658353253
  CPU_avx: 0
  CPU_avx512: 0
  m_CPU_enc_SHA: 19198632012.253872
  m_CPU_enc_AES: 6856559587.434864
  m_CPU_enc_ECDSA: 12108508738.133696
  ME_ALLOC_S: 47513.776058022042
  ME_READ_S: 21183.686132812501
  ME_READ_L: 19999.142578125
  ME_WRITE: 21219.13671875
  ME_LARGE: 110225.33333333333
  ME_LATENCY: 45.561361382540419
  ME_THREADED: 504465.4375
  SUMM_CPU: 44153.725646331397
  SUMM_ME: 3414.5790484404201
SystemInformation:
  OSName: Ubuntu 24.04.2 LTS
  Kernel: 6.14.0-1017-aws
  Device: ""
  Processor: ARM Neoverse-V2 64 Core 0 MHz
  NumSockets: 1
  Manufacturer: ARM
  NumCores: 64
  NumLogicals: 64
  CPUFrequency: 0
  Memory: 126494
Checksum: 86084D0B358BB51782CF89E73136D31A7AFBC015