BaselineInfo:
  WebDBID: -1
  TimeStamp: 20241106232059
Version:
  Major: 11
  Minor: 0
  Build: 1002
  SpecialBuildName: ""
  ptArchitecture: x86_64_linux
Results:
  Results Complete: true
  NumTestProcesses: 2
  CPU_INTEGER_MATH: 5684.2363333333333
  CPU_FLOATINGPOINT_MATH: 4960.4210908505011
  CPU_PRIME: 19.398751945203919
  CPU_SORTING: 4005.4968776958863
  CPU_ENCRYPTION: 536.08273644295457
  CPU_COMPRESSION: 27817.133420598344
  CPU_SINGLETHREAD: 1519.317432497334
  CPU_PHYSICS: 312.66769408821739
  CPU_MATRIX_MULT_SSE: 1705.5875145239479
  CPU_mm: 253.35111192998764
  CPU_sse: 1038.5174183569993
  CPU_fma: 2480.8876797112489
  CPU_avx: 1597.357445503596
  CPU_avx512: 0
  m_CPU_enc_SHA: 399439050.04666615
  m_CPU_enc_AES: 951597774.10307813
  m_CPU_enc_ECDSA: 335333650.19547832
  ME_ALLOC_S: 969.49805285382013
  ME_READ_S: 17545.715429687501
  ME_READ_L: 6426.5888671875
  ME_WRITE: 5611.005859375
  ME_LARGE: 652
  ME_LATENCY: 73.0407995403841
  ME_THREADED: 12667.8505859375
  SUMM_CPU: 2128.5732549875047
  SUMM_ME: 845.71336549998637
SystemInformation:
  OSName: Ubuntu 24.04.1 LTS
  Kernel: 6.8.0-1017-azure
  Device: ""
  Processor: Intel Xeon CPU E5-2673 v4 @ 2.30GHz
  NumSockets: 1
  Manufacturer: GenuineIntel
  NumCores: 2
  NumLogicals: 2
  CPUFrequency: 0
  Memory: 3912
  MemModuleInfo:
    iNumMemSticks: 2
    DIMM 1:
      manufacturer: Microsoft Corporation
      modulePartNo: None
      memType: Unknown
      size: 1
      clkspeed: 0
      moduleVoltage: 0
    DIMM 2:
      manufacturer: Microsoft Corporation
      modulePartNo: None
      memType: Unknown
      size: 3
      clkspeed: 0
      moduleVoltage: 0
Checksum: B048B97977478474C299D2DADFF100AA9B792413