BaselineInfo:
  WebDBID: -1
  TimeStamp: 20241115110430
Version:
  Major: 11
  Minor: 0
  Build: 1002
  SpecialBuildName: ""
  ptArchitecture: x86_64_linux
Results:
  Results Complete: true
  NumTestProcesses: 2
  CPU_INTEGER_MATH: 7128.5183333333334
  CPU_FLOATINGPOINT_MATH: 6072.4526682063361
  CPU_PRIME: 22.091523721587386
  CPU_SORTING: 4301.7843626626127
  CPU_ENCRYPTION: 916.60638901660968
  CPU_COMPRESSION: 35361.342818696197
  CPU_SINGLETHREAD: 1849.030604529617
  CPU_PHYSICS: 391.57239711246723
  CPU_MATRIX_MULT_SSE: 2847.2777171371895
  CPU_mm: 330.69746844151416
  CPU_sse: 1240.1799470459239
  CPU_fma: 4045.9755125101474
  CPU_avx: 2707.7277088806327
  CPU_avx512: 3395.2277001120538
  m_CPU_enc_SHA: 504510799.87464678
  m_CPU_enc_AES: 1940281446.9367054
  m_CPU_enc_ECDSA: 438602136.09708941
  ME_ALLOC_S: 1306.952845149709
  ME_READ_S: 21603.665429687499
  ME_READ_L: 10355.8759765625
  ME_WRITE: 9024.0166015625
  ME_LARGE: 689
  ME_LATENCY: 51.089705862363672
  ME_THREADED: 20276.1181640625
  SUMM_CPU: 2932.7632237986036
  SUMM_ME: 1064.4436290287633
SystemInformation:
  OSName: Ubuntu 24.04.1 LTS
  Kernel: 6.8.0-1017-azure
  Device: ""
  Processor: Intel Xeon Platinum 8272CL CPU @ 2.60GHz
  NumSockets: 1
  Manufacturer: GenuineIntel
  NumCores: 2
  NumLogicals: 2
  CPUFrequency: 0
  Memory: 3912
  MemModuleInfo:
    iNumMemSticks: 2
    DIMM 1:
      manufacturer: Microsoft Corporation
      modulePartNo: None
      memType: Unknown
      size: 1
      clkspeed: 0
      moduleVoltage: 0
    DIMM 2:
      manufacturer: Microsoft Corporation
      modulePartNo: None
      memType: Unknown
      size: 3
      clkspeed: 0
      moduleVoltage: 0
Checksum: 2875282603FB5C9894223A14EAB87DC4E1434E7E