---
system-info:
      stress-ng-version: 0.17.08
      run-by: root
      date-yyyy-mm-dd: 2024:06:13
      time-hh-mm-ss: 11:20:15
      epoch-secs: 1718277615
      hostname: f241c16ac200
      sysname: Linux
      nodename: f241c16ac200
      release: 6.8.0-1008-aws
      version: '#8-Ubuntu SMP Sat Apr 20 00:46:25 UTC 2024'
      machine: x86_64
      compiler: 'musl-gcc 13.2.1'
      uptime: 148
      totalram: 66681200640
      freeram: 62194044928
      sharedram: 40796160
      bufferram: 107057152
      totalswap: 0
      freeswap: 0
      pagesize: 4096
      cpus: 16
      cpus-online: 16
      ticks-per-second: 100

metrics:
    - stressor: cpu
      bogo-ops: 25696
      bogo-ops-per-second-usr-sys-time: 1284.808801
      bogo-ops-per-second-real-time: 1284.795941
      wall-clock-time: 20.000063
      user-time: 19.999863
      system-time: 0.000000
      cpu-usage-per-instance: 99.998999
      max-rss: 1104

...
