---
system-info:
      stress-ng-version: 0.17.08
      run-by: root
      date-yyyy-mm-dd: 2024:06:07
      time-hh-mm-ss: 20:41:23
      epoch-secs: 1717792883
      hostname: 2a9635bb8f64
      sysname: Linux
      nodename: 2a9635bb8f64
      release: 6.8.0-1008-aws
      version: '#8-Ubuntu SMP Sat Apr 20 00:46:25 UTC 2024'
      machine: x86_64
      compiler: 'musl-gcc 13.2.1'
      uptime: 149
      totalram: 66681200640
      freeram: 62303420416
      sharedram: 40796160
      bufferram: 93208576
      totalswap: 0
      freeswap: 0
      pagesize: 4096
      cpus: 16
      cpus-online: 16
      ticks-per-second: 100

metrics:
    - stressor: cpu
      bogo-ops: 14373
      bogo-ops-per-second-usr-sys-time: 1437.112457
      bogo-ops-per-second-real-time: 1437.103672
      wall-clock-time: 10.001366
      user-time: 10.000306
      system-time: 0.000999
      cpu-usage-per-instance: 99.999389
      max-rss: 3920

...
