---
system-info:
      stress-ng-version: 0.17.08
      run-by: root
      date-yyyy-mm-dd: 2024:09:03
      time-hh-mm-ss: 17:54:17
      epoch-secs: 1725386057
      hostname: sc-runner
      sysname: Linux
      nodename: sc-runner
      release: 6.8.0-1013-azure
      version: '#15-Ubuntu SMP Thu Aug  8 18:40:40 UTC 2024'
      machine: x86_64
      compiler: 'musl-gcc 13.2.1'
      uptime: 354
      totalram: 67422388224
      freeram: 58731855872
      sharedram: 54902784
      bufferram: 215830528
      totalswap: 0
      freeswap: 0
      pagesize: 4096
      cpus: 8
      cpus-online: 8
      ticks-per-second: 100

metrics:
    - stressor: cpu
      bogo-ops: 37998
      bogo-ops-per-second-usr-sys-time: 1899.881666
      bogo-ops-per-second-real-time: 1899.891326
      wall-clock-time: 20.000091
      user-time: 20.000193
      system-time: 0.000000
      cpu-usage-per-instance: 100.000508
      max-rss: 3152

...
