BaselineInfo:
  WebDBID: -1
  TimeStamp: 20250418113300
Version:
  Major: 11
  Minor: 0
  Build: 1002
  SpecialBuildName: ""
  ptArchitecture: x86_64_linux
Results:
  Results Complete: true
  NumTestProcesses: 128
  CPU_INTEGER_MATH: 513668.78833333327
  CPU_FLOATINGPOINT_MATH: 364393.70981651265
  CPU_PRIME: 1073.7112864239641
  CPU_SORTING: 251611.55657951999
  CPU_ENCRYPTION: 113028.2116909007
  CPU_COMPRESSION: 1831503.4222424973
  CPU_SINGLETHREAD: 2921.5746431919601
  CPU_PHYSICS: 19763.182678252993
  CPU_MATRIX_MULT_SSE: 145477.27125788582
  CPU_mm: 14081.004031372117
  CPU_sse: 60668.25741190878
  CPU_fma: 160428.01842563783
  CPU_avx: 123479.36369282629
  CPU_avx512: 237333.44550117047
  m_CPU_enc_SHA: 119361197194.53207
  m_CPU_enc_AES: 155029078944.15979
  m_CPU_enc_ECDSA: 81165734167.301743
  ME_ALLOC_S: 33828.729724370613
  ME_READ_S: 26130.4658203125
  ME_READ_L: 10199.8671875
  ME_WRITE: 9458.251953125
  ME_LARGE: 244755.16666666666
  ME_LATENCY: 68.264639948341511
  ME_THREADED: 513152.49926757812
  SUMM_CPU: 103274.50510047354
  SUMM_ME: 2427.7084855104763
SystemInformation:
  OSName: Ubuntu 24.04.2 LTS
  Kernel: 6.8.0-1021-azure
  Device: ""
  Processor: INTEL XEON PLATINUM 8573C
  NumSockets: 2
  Manufacturer: GenuineIntel
  NumCores: 64
  NumLogicals: 128
  CPUFrequency: 2300
  Memory: 257885
  MemModuleInfo:
    iNumMemSticks: 4
    DIMM 1:
      manufacturer: Microsoft Corporation
      modulePartNo: None
      memType: Unknown
      size: 1
      clkspeed: 0
      moduleVoltage: 0
    DIMM 2:
      manufacturer: Microsoft Corporation
      modulePartNo: None
      memType: Unknown
      size: 59
      clkspeed: 0
      moduleVoltage: 0
    DIMM 3:
      manufacturer: Microsoft Corporation
      modulePartNo: None
      memType: Unknown
      size: 68
      clkspeed: 0
      moduleVoltage: 0
    DIMM 4:
      manufacturer: Microsoft Corporation
      modulePartNo: None
      memType: Unknown
      size: 128
      clkspeed: 0
      moduleVoltage: 0
Checksum: 40725827212ED6A95D083BCD71C211AAA09F49AE