---
system-info:
      stress-ng-version: 0.17.08
      run-by: root
      date-yyyy-mm-dd: 2024:06:14
      time-hh-mm-ss: 18:29:07
      epoch-secs: 1718389747
      hostname: c9749676acd2
      sysname: Linux
      nodename: c9749676acd2
      release: 6.8.0-1008-aws
      version: '#8-Ubuntu SMP Sat Apr 20 00:46:25 UTC 2024'
      machine: x86_64
      compiler: 'musl-gcc 13.2.1'
      uptime: 192
      totalram: 399173435392
      freeram: 393578917888
      sharedram: 54456320
      bufferram: 108236800
      totalswap: 0
      freeswap: 0
      pagesize: 4096
      cpus: 96
      cpus-online: 96
      ticks-per-second: 100

metrics:
    - stressor: cpu
      bogo-ops: 565948
      bogo-ops-per-second-usr-sys-time: 295.104423
      bogo-ops-per-second-real-time: 28297.058916
      wall-clock-time: 20.000241
      user-time: 1917.673029
      system-time: 0.115913
      cpu-usage-per-instance: 99.883637
      max-rss: 0

...
