---
system-info:
      stress-ng-version: 0.17.08
      run-by: root
      date-yyyy-mm-dd: 2024:06:08
      time-hh-mm-ss: 11:42:41
      epoch-secs: 1717846961
      hostname: 9abb23b3e734
      sysname: Linux
      nodename: 9abb23b3e734
      release: 6.8.0-1008-aws
      version: '#8-Ubuntu SMP Sat Apr 20 00:46:25 UTC 2024'
      machine: x86_64
      compiler: 'musl-gcc 13.2.1'
      uptime: 167
      totalram: 399173447680
      freeram: 393283698688
      sharedram: 54456320
      bufferram: 100728832
      totalswap: 0
      freeswap: 0
      pagesize: 4096
      cpus: 96
      cpus-online: 96
      ticks-per-second: 100

metrics:
    - stressor: cpu
      bogo-ops: 726110
      bogo-ops-per-second-usr-sys-time: 757.051100
      bogo-ops-per-second-real-time: 72596.960834
      wall-clock-time: 10.001934
      user-time: 958.913471
      system-time: 0.215972
      cpu-usage-per-instance: 99.890000
      max-rss: 3072

...
