---
system-info:
      stress-ng-version: 0.17.08
      run-by: root
      date-yyyy-mm-dd: 2024:06:15
      time-hh-mm-ss: 23:20:55
      epoch-secs: 1718493655
      hostname: c61463b781ff
      sysname: Linux
      nodename: c61463b781ff
      release: 6.8.0-1008-aws
      version: '#8-Ubuntu SMP Sat Apr 20 00:46:25 UTC 2024'
      machine: x86_64
      compiler: 'musl-gcc 13.2.1'
      uptime: 131
      totalram: 264579420160
      freeram: 259924451328
      sharedram: 37105664
      bufferram: 110694400
      totalswap: 0
      freeswap: 0
      pagesize: 4096
      cpus: 32
      cpus-online: 32
      ticks-per-second: 100

metrics:
    - stressor: cpu
      bogo-ops: 61529
      bogo-ops-per-second-usr-sys-time: 3076.478765
      bogo-ops-per-second-real-time: 3076.440685
      wall-clock-time: 20.000061
      user-time: 19.999813
      system-time: 0.000000
      cpu-usage-per-instance: 99.998762
      max-rss: 776

...
