---
system-info:
      stress-ng-version: 0.17.08
      run-by: root
      date-yyyy-mm-dd: 2024:06:09
      time-hh-mm-ss: 20:40:50
      epoch-secs: 1717965650
      hostname: 3436b352e221
      sysname: Linux
      nodename: 3436b352e221
      release: 6.8.0-1008-aws
      version: '#8-Ubuntu SMP Sat Apr 20 00:46:25 UTC 2024'
      machine: x86_64
      compiler: 'musl-gcc 13.2.1'
      uptime: 117
      totalram: 264579411968
      freeram: 259766280192
      sharedram: 37105664
      bufferram: 112226304
      totalswap: 0
      freeswap: 0
      pagesize: 4096
      cpus: 32
      cpus-online: 32
      ticks-per-second: 100

metrics:
    - stressor: cpu
      bogo-ops: 17826
      bogo-ops-per-second-usr-sys-time: 1782.321780
      bogo-ops-per-second-real-time: 1782.323577
      wall-clock-time: 10.001551
      user-time: 9.999562
      system-time: 0.001999
      cpu-usage-per-instance: 100.000101
      max-rss: 3848

...
