BaselineInfo:
  WebDBID: -1
  TimeStamp: 20241108114356
Version:
  Major: 11
  Minor: 0
  Build: 1002
  SpecialBuildName: ""
  ptArchitecture: aarch64_linux
Results:
  Results Complete: true
  NumTestProcesses: 48
  CPU_INTEGER_MATH: 221178.04033333331
  CPU_FLOATINGPOINT_MATH: 168343.71031058271
  CPU_PRIME: 212.82750449983524
  CPU_SORTING: 154228.50862323309
  CPU_ENCRYPTION: 7621.7041577963992
  CPU_COMPRESSION: 266751.15195552638
  CPU_SINGLETHREAD: 1333.6953442382485
  CPU_PHYSICS: 3529.7830467600716
  CPU_MATRIX_MULT_SSE: 34831.068068325927
  CPU_mm: 5848.0676017909436
  CPU_sse: 29014.355368121262
  CPU_fma: 40647.780768530611
  CPU_avx: 0
  CPU_avx512: 0
  m_CPU_enc_SHA: 11294978983.126839
  m_CPU_enc_AES: 5286895470.4545193
  m_CPU_enc_ECDSA: 7393933723.3151989
  ME_ALLOC_S: 20886.708613099621
  ME_READ_S: 11382.48046875
  ME_READ_L: 8498.0224609375
  ME_WRITE: 14966.4404296875
  ME_LARGE: 83356.75
  ME_LATENCY: 70.300876960162284
  ME_THREADED: 176920.46728515625
  SUMM_CPU: 27099.163956104752
  SUMM_ME: 1947.9072575828234
SystemInformation:
  OSName: Ubuntu 24.04.1 LTS
  Kernel: 6.8.0-1017-azure
  Device: ""
  Processor: ARM Neoverse-N1 48 Core 0 MHz
  NumSockets: 1
  Manufacturer: ARM
  NumCores: 48
  NumLogicals: 48
  CPUFrequency: 0
  Memory: 96354
Checksum: 8CB490FC748039D066C040F30FDAC427AAED3F75