---
system-info:
      stress-ng-version: 0.17.08
      run-by: root
      date-yyyy-mm-dd: 2024:07:12
      time-hh-mm-ss: 01:07:12
      epoch-secs: 1720746432
      hostname: ip-172-31-20-68
      sysname: Linux
      nodename: ip-172-31-20-68
      release: 6.8.0-1010-aws
      version: '#10-Ubuntu SMP Thu Jun 13 17:36:15 UTC 2024'
      machine: x86_64
      compiler: 'musl-gcc 13.2.1'
      uptime: 202
      totalram: 64919588864
      freeram: 56947073024
      sharedram: 37085184
      bufferram: 129970176
      totalswap: 0
      freeswap: 0
      pagesize: 4096
      cpus: 16
      cpus-online: 16
      ticks-per-second: 100

metrics:
    - stressor: cpu
      bogo-ops: 61563
      bogo-ops-per-second-usr-sys-time: 3078.239731
      bogo-ops-per-second-real-time: 3078.140900
      wall-clock-time: 20.000059
      user-time: 19.999417
      system-time: 0.000000
      cpu-usage-per-instance: 99.996789
      max-rss: 976

...
