---
system-info:
      stress-ng-version: 0.17.08
      run-by: root
      date-yyyy-mm-dd: 2024:06:12
      time-hh-mm-ss: 22:56:01
      epoch-secs: 1718232961
      hostname: 35558eb1534c
      sysname: Linux
      nodename: 35558eb1534c
      release: 6.8.0-1008-aws
      version: '#8-Ubuntu SMP Sat Apr 20 02:43:14 UTC 2024'
      machine: aarch64
      compiler: 'musl-gcc 13.2.1'
      uptime: 142
      totalram: 1920217088
      freeram: 100794368
      sharedram: 35008512
      bufferram: 100085760
      totalswap: 0
      freeswap: 0
      pagesize: 4096
      cpus: 1
      cpus-online: 1
      ticks-per-second: 100

metrics:
    - stressor: cpu
      bogo-ops: 29874
      bogo-ops-per-second-usr-sys-time: 1518.820223
      bogo-ops-per-second-real-time: 1493.689672
      wall-clock-time: 20.000138
      user-time: 19.666240
      system-time: 0.002974
      cpu-usage-per-instance: 98.345390
      max-rss: 1192

...
