---
system-info:
      stress-ng-version: 0.17.08
      run-by: root
      date-yyyy-mm-dd: 2024:06:06
      time-hh-mm-ss: 08:29:07
      epoch-secs: 1717662547
      hostname: 7d6dc05ec474
      sysname: Linux
      nodename: 7d6dc05ec474
      release: 6.8.0-1008-aws
      version: '#8-Ubuntu SMP Sat Apr 20 02:43:14 UTC 2024'
      machine: aarch64
      compiler: 'musl-gcc 13.2.1'
      uptime: 135
      totalram: 1920217088
      freeram: 122843136
      sharedram: 35008512
      bufferram: 66674688
      totalswap: 0
      freeswap: 0
      pagesize: 4096
      cpus: 1
      cpus-online: 1
      ticks-per-second: 100

metrics:
    - stressor: cpu
      bogo-ops: 2890
      bogo-ops-per-second-usr-sys-time: 293.716559
      bogo-ops-per-second-real-time: 288.759371
      wall-clock-time: 10.008333
      user-time: 9.837436
      system-time: 0.001982
      cpu-usage-per-instance: 98.312254
      max-rss: 4136

...
