BaselineInfo:
  WebDBID: -1
  TimeStamp: 20251006223637
Version:
  Major: 11
  Minor: 0
  Build: 1002
  SpecialBuildName: ""
  ptArchitecture: x86_64_linux
Results:
  Results Complete: true
  NumTestProcesses: 16
  CPU_INTEGER_MATH: 82505.904999999999
  CPU_FLOATINGPOINT_MATH: 59751.398606828399
  CPU_PRIME: 175.68653348472131
  CPU_SORTING: 42471.476673867313
  CPU_ENCRYPTION: 18092.025970772542
  CPU_COMPRESSION: 320224.53143896611
  CPU_SINGLETHREAD: 3258.2829774705096
  CPU_PHYSICS: 3610.0004288509895
  CPU_MATRIX_MULT_SSE: 22930.050006699763
  CPU_mm: 2465.1852318562769
  CPU_sse: 10090.490062222752
  CPU_fma: 26305.971680233804
  CPU_avx: 21345.41871553101
  CPU_avx512: 33978.319568811479
  m_CPU_enc_SHA: 19114007854.661983
  m_CPU_enc_AES: 24988647316.251877
  m_CPU_enc_ECDSA: 12809937502.072517
  ME_ALLOC_S: 9248.0586282596487
  ME_READ_S: 28920.741992187501
  ME_READ_L: 16817.693359375
  ME_WRITE: 12015.4345703125
  ME_LARGE: 21652.333333333332
  ME_LATENCY: 67.291089930025919
  ME_THREADED: 111120.54736328125
  SUMM_CPU: 29107.559292147722
  SUMM_ME: 2598.8482116420337
SystemInformation:
  OSName: Ubuntu 24.04.2 LTS
  Kernel: 6.14.0-1014-aws
  Device: ""
  Processor: Intel Xeon 6975P-C
  NumSockets: 1
  Manufacturer: GenuineIntel
  NumCores: 8
  NumLogicals: 16
  CPUFrequency: 0
  Memory: 31554
  MemModuleInfo:
    iNumMemSticks: 1
    DIMM 1:
      manufacturer: Not Specified
      modulePartNo: Not Specified
      memType: DDR5
      size: 32
      clkspeed: 3600
      moduleVoltage: 0
Checksum: FF1B4226FA682D0B15A41147BE8D1AA7E7F30F84