---
system-info:
      stress-ng-version: 0.17.08
      run-by: root
      date-yyyy-mm-dd: 2024:06:15
      time-hh-mm-ss: 03:00:54
      epoch-secs: 1718420454
      hostname: dedbb924d557
      sysname: Linux
      nodename: dedbb924d557
      release: 6.8.0-1008-aws
      version: '#8-Ubuntu SMP Sat Apr 20 00:46:25 UTC 2024'
      machine: x86_64
      compiler: 'musl-gcc 13.2.1'
      uptime: 165
      totalram: 532474384384
      freeram: 526531010560
      sharedram: 117018624
      bufferram: 111071232
      totalswap: 0
      freeswap: 0
      pagesize: 4096
      cpus: 128
      cpus-online: 128
      ticks-per-second: 100

metrics:
    - stressor: cpu
      bogo-ops: 37789
      bogo-ops-per-second-usr-sys-time: 1889.466533
      bogo-ops-per-second-real-time: 1889.449167
      wall-clock-time: 20.000009
      user-time: 19.999825
      system-time: 0.000000
      cpu-usage-per-instance: 99.999081
      max-rss: 0

...
