---
system-info:
      stress-ng-version: 0.17.08
      run-by: root
      date-yyyy-mm-dd: 2024:06:08
      time-hh-mm-ss: 18:55:31
      epoch-secs: 1717872931
      hostname: 099f2f3b200c
      sysname: Linux
      nodename: 099f2f3b200c
      release: 6.8.0-1008-aws
      version: '#8-Ubuntu SMP Sat Apr 20 00:46:25 UTC 2024'
      machine: x86_64
      compiler: 'musl-gcc 13.2.1'
      uptime: 149
      totalram: 532474425344
      freeram: 526358298624
      sharedram: 117026816
      bufferram: 104939520
      totalswap: 0
      freeswap: 0
      pagesize: 4096
      cpus: 128
      cpus-online: 128
      ticks-per-second: 100

metrics:
    - stressor: cpu
      bogo-ops: 16761
      bogo-ops-per-second-usr-sys-time: 1675.570520
      bogo-ops-per-second-real-time: 1675.594442
      wall-clock-time: 10.003017
      user-time: 10.003160
      system-time: 0.000000
      cpu-usage-per-instance: 100.001428
      max-rss: 3072

...
