BaselineInfo:
  WebDBID: -1
  TimeStamp: 20260617153223
Version:
  Major: 11
  Minor: 0
  Build: 1004
  SpecialBuildName: ""
  ptArchitecture: x86_64_linux
Results:
  Results Complete: true
  NumTestProcesses: 8
  CPU_INTEGER_MATH: 38364.353000000003
  CPU_FLOATINGPOINT_MATH: 21527.586586932091
  CPU_PRIME: 88.359180199956214
  CPU_SORTING: 23626.627503434782
  CPU_ENCRYPTION: 9727.0922592027273
  CPU_COMPRESSION: 159267.8959525117
  CPU_SINGLETHREAD: 2921.2421623755631
  CPU_PHYSICS: 1567.5546469841292
  CPU_MATRIX_MULT_SSE: 10973.601046145424
  CPU_mm: 1029.3410776889507
  CPU_sse: 4513.6676838844933
  CPU_fma: 14187.782442788344
  CPU_avx: 11713.059668224407
  CPU_avx512: 13479.89438968445
  m_CPU_enc_SHA: 13597241173.204298
  m_CPU_enc_AES: 9231608929.3809204
  m_CPU_enc_ECDSA: 7769936375.7720613
  ME_ALLOC_S: 4056.2625362210629
  ME_READ_S: 27857.8349609375
  ME_READ_L: 26550.82421875
  ME_WRITE: 25807.353515625
  ME_LARGE: 22755.25
  ME_LATENCY: 72.363408838197756
  ME_THREADED: 47201.3544921875
  SUMM_CPU: 14634.270863666639
  SUMM_ME: 2614.5573503455953
SystemInformation:
  OSName: Ubuntu 24.04.4 LTS
  Kernel: 6.8.0-117-generic
  Device: ""
  Processor: "AMD EPYC 9T34 64-Core Processor                "
  NumSockets: 1
  Manufacturer: AuthenticAMD
  NumCores: 4
  NumLogicals: 8
  CPUFrequency: 0
  CPUMaxFrequency: 0
  Memory: 31173
  CPUInfo:
    number: 1
    Family: 15
    Model: 1
    stepping: 1
    features: 395049983
    manufacture: AuthenticAMD
    typestring: "AMD EPYC 9T34 64-Core Processor                "
    iCoresPerPackage: 4
    iThreadsPerPackage: 2
    featuresEx:
      - 395049983
      - 4277809667
      - 802421759
    bHybrid: false
    nPCore: 0
    nLogicalsPerPCore: 0
    nECore: 0
    nLogicalsPerECore: 0
  MemModuleInfo:
    iNumMemSticks: 2
    DIMM 1:
      manufacturer: Alibaba Cloud
      modulePartNo: Not Specified
      memType: RAM
      size: 16
      clkspeed: 0
      moduleVoltage: 0
    DIMM 2:
      manufacturer: Alibaba Cloud
      modulePartNo: Not Specified
      memType: RAM
      size: 16
      clkspeed: 0
      moduleVoltage: 0
Checksum: E6B6792933DA0CBE05CE212E13760220C0447D62