BaselineInfo:
  WebDBID: -1
  TimeStamp: 20260708173057
Version:
  Major: 11
  Minor: 0
  Build: 1004
  SpecialBuildName: ""
  ptArchitecture: x86_64_linux
Results:
  Results Complete: true
  NumTestProcesses: 4
  CPU_INTEGER_MATH: 26693.964666666667
  CPU_FLOATINGPOINT_MATH: 16310.330524224848
  CPU_PRIME: 71.185425825064712
  CPU_SORTING: 13122.128637714271
  CPU_ENCRYPTION: 5379.6961853168013
  CPU_COMPRESSION: 103622.65535048608
  CPU_SINGLETHREAD: 3791.7746745617674
  CPU_PHYSICS: 1311.0658417667846
  CPU_MATRIX_MULT_SSE: 7996.0071014356527
  CPU_mm: 773.35109727954011
  CPU_sse: 2886.2880806482867
  CPU_fma: 8766.5628187572838
  CPU_avx: 8537.7297686079673
  CPU_avx512: 11793.447737729071
  m_CPU_enc_SHA: 6729421494.3887691
  m_CPU_enc_AES: 5506087976.5636358
  m_CPU_enc_ECDSA: 4687551450.6918459
  ME_ALLOC_S: 2875.8400700475713
  ME_READ_S: 34148.283984374997
  ME_READ_L: 31040.4921875
  ME_WRITE: 30571.90234375
  ME_LARGE: 3864.5
  ME_LATENCY: 79.10578637213591
  ME_THREADED: 49837.0390625
  SUMM_CPU: 10112.453118649251
  SUMM_ME: 2191.2278688011088
SystemInformation:
  OSName: Ubuntu 24.04.4 LTS
  Kernel: 6.17.0-1018-azure
  Device: ""
  Processor: "AMD EPYC 9V45 96-Core Processor                "
  NumSockets: 1
  Manufacturer: AuthenticAMD
  NumCores: 2
  NumLogicals: 4
  CPUFrequency: 0
  CPUMaxFrequency: 0
  Memory: 7937
  CPUInfo:
    number: 1
    Family: 15
    Model: 2
    stepping: 1
    features: 395049983
    manufacture: AuthenticAMD
    typestring: "AMD EPYC 9V45 96-Core Processor                "
    iCoresPerPackage: 8
    iThreadsPerPackage: 2
    featuresEx:
      - 395049983
      - 4277809667
      - 802421759
    bHybrid: false
    nPCore: 0
    nLogicalsPerPCore: 0
    nECore: 0
    nLogicalsPerECore: 0
  MemModuleInfo:
    iNumMemSticks: 2
    DIMM 1:
      manufacturer: Microsoft Corporation
      modulePartNo: None
      memType: Unknown
      size: 1
      clkspeed: 0
      moduleVoltage: 0
    DIMM 2:
      manufacturer: Microsoft Corporation
      modulePartNo: None
      memType: Unknown
      size: 7
      clkspeed: 0
      moduleVoltage: 0
Checksum: 1FCD79EC58D65F506795E407830B06F0242ED281