---
system-info:
      stress-ng-version: 0.17.08
      run-by: root
      date-yyyy-mm-dd: 2024:09:16
      time-hh-mm-ss: 17:08:21
      epoch-secs: 1726506501
      hostname: sc-runner
      sysname: Linux
      nodename: sc-runner
      release: 6.8.0-1014-azure
      version: '#16-Ubuntu SMP Thu Aug 15 21:06:50 UTC 2024'
      machine: aarch64
      compiler: 'musl-gcc 13.2.1'
      uptime: 323
      totalram: 168458100736
      freeram: 157954019328
      sharedram: 38182912
      bufferram: 230830080
      totalswap: 0
      freeswap: 0
      pagesize: 4096
      cpus: 20
      cpus-online: 20
      ticks-per-second: 100

metrics:
    - stressor: cpu
      bogo-ops: 36451
      bogo-ops-per-second-usr-sys-time: 1822.588001
      bogo-ops-per-second-real-time: 1822.546741
      wall-clock-time: 20.000036
      user-time: 19.999583
      system-time: 0.000000
      cpu-usage-per-instance: 99.997736
      max-rss: 1324

...
