BaselineInfo:
  WebDBID: -1
  TimeStamp: 20260615225914
Version:
  Major: 11
  Minor: 0
  Build: 1004
  SpecialBuildName: ""
  ptArchitecture: x86_64_linux
Results:
  Results Complete: true
  NumTestProcesses: 2
  CPU_INTEGER_MATH: 13390.055666666667
  CPU_FLOATINGPOINT_MATH: 11747.198594236794
  CPU_PRIME: 41.800757875944718
  CPU_SORTING: 8463.8196473834432
  CPU_ENCRYPTION: 2861.7181764840402
  CPU_COMPRESSION: 57249.005753876467
  CPU_SINGLETHREAD: 3215.349733353788
  CPU_PHYSICS: 762.80000962228678
  CPU_MATRIX_MULT_SSE: 5227.6219165899456
  CPU_mm: 576.51184652350685
  CPU_sse: 2553.2059700873579
  CPU_fma: 7527.2174944582439
  CPU_avx: 6465.7242922351052
  CPU_avx512: 4364.3399095790774
  m_CPU_enc_SHA: 3998945664.7802582
  m_CPU_enc_AES: 2535573268.5935912
  m_CPU_enc_ECDSA: 2467668062.5009375
  ME_ALLOC_S: 1151.4169186268136
  ME_READ_S: 30786.950585937499
  ME_READ_L: 28563.591796875
  ME_WRITE: 28523.357421875
  ME_LARGE: 7897.833333333333
  ME_LATENCY: 68.387939828501999
  ME_THREADED: 55912.583984375
  SUMM_CPU: 5977.9313682494976
  SUMM_ME: 2387.4829595491574
SystemInformation:
  OSName: Ubuntu 24.04.4 LTS
  Kernel: 6.8.0-124-generic
  Device: ""
  Processor: AMD EPYC-Genoa Processor
  NumSockets: 1
  Manufacturer: AuthenticAMD
  NumCores: 1
  NumLogicals: 2
  CPUFrequency: 0
  CPUMaxFrequency: 0
  Memory: 15987
  CPUInfo:
    number: 1
    Family: 15
    Model: 1
    stepping: 0
    features: 395049983
    manufacture: AuthenticAMD
    typestring: AMD EPYC-Genoa Processor
    iCoresPerPackage: 1
    iThreadsPerPackage: 2
    featuresEx:
      - 395049983
      - 4277809667
      - 802421759
    bHybrid: false
    nPCore: 0
    nLogicalsPerPCore: 0
    nECore: 0
    nLogicalsPerECore: 0
  MemModuleInfo:
    iNumMemSticks: 1
    DIMM 1:
      manufacturer: QEMU
      modulePartNo: Not Specified
      memType: RAM
      size: 16
      clkspeed: 0
      moduleVoltage: 0
Checksum: EBD99CB84CCFFD93697D0B69B8CA28DF78E4E904