---
system-info:
      stress-ng-version: 0.17.08
      run-by: root
      date-yyyy-mm-dd: 2024:09:23
      time-hh-mm-ss: 09:51:25
      epoch-secs: 1727085085
      hostname: sc-runner
      sysname: Linux
      nodename: sc-runner
      release: 6.8.0-1014-azure
      version: '#16-Ubuntu SMP Thu Aug 15 20:04:41 UTC 2024'
      machine: x86_64
      compiler: 'musl-gcc 13.2.1'
      uptime: 333
      totalram: 270251388928
      freeram: 259412946944
      sharedram: 38232064
      bufferram: 292073472
      totalswap: 0
      freeswap: 0
      pagesize: 4096
      cpus: 32
      cpus-online: 32
      ticks-per-second: 100

metrics:
    - stressor: cpu
      bogo-ops: 54052
      bogo-ops-per-second-usr-sys-time: 2702.684189
      bogo-ops-per-second-real-time: 2702.590077
      wall-clock-time: 20.000073
      user-time: 19.999377
      system-time: 0.000000
      cpu-usage-per-instance: 99.996518
      max-rss: 3080

...
