BaselineInfo:
  WebDBID: -1
  TimeStamp: 20241109082038
Version:
  Major: 11
  Minor: 0
  Build: 1002
  SpecialBuildName: ""
  ptArchitecture: x86_64_linux
Results:
  Results Complete: true
  NumTestProcesses: 32
  CPU_INTEGER_MATH: 147220.204
  CPU_FLOATINGPOINT_MATH: 80715.301709183477
  CPU_PRIME: 197.96792534029314
  CPU_SORTING: 75771.735745605503
  CPU_ENCRYPTION: 37915.946199422178
  CPU_COMPRESSION: 560027.51666959759
  CPU_SINGLETHREAD: 2639.0720558039129
  CPU_PHYSICS: 3981.9732857917384
  CPU_MATRIX_MULT_SSE: 33099.40169428091
  CPU_mm: 3973.3825081560794
  CPU_sse: 16740.595388848295
  CPU_fma: 46048.783030646184
  CPU_avx: 36508.826663348271
  CPU_avx512: 0
  m_CPU_enc_SHA: 54998620355.466858
  m_CPU_enc_AES: 35164841202.77932
  m_CPU_enc_ECDSA: 29109792047.769745
  ME_ALLOC_S: 14065.976145887405
  ME_READ_S: 26623.581445312499
  ME_READ_L: 17307.45703125
  ME_WRITE: 17608.484375
  ME_LARGE: 234800.5
  ME_LATENCY: 65.271766667457925
  ME_THREADED: 80741.400390625
  SUMM_CPU: 41924.24738127493
  SUMM_ME: 2795.4419455374587
SystemInformation:
  OSName: Ubuntu 24.04.1 LTS
  Kernel: 6.8.0-1016-aws
  Device: ""
  Processor: AMD EPYC 7R13 Processor
  NumSockets: 1
  Manufacturer: AuthenticAMD
  NumCores: 16
  NumLogicals: 32
  CPUFrequency: 0
  Memory: 248290
  MemModuleInfo:
    iNumMemSticks: 1
    DIMM 1:
      manufacturer: Not Specified
      modulePartNo: Not Specified
      memType: DDR4
      size: 256
      clkspeed: 1600
      moduleVoltage: 0
Checksum: 561D6828211F359ACEA99F74D7F34527507BF87B