---
system-info:
      stress-ng-version: 0.17.08
      run-by: root
      date-yyyy-mm-dd: 2024:06:14
      time-hh-mm-ss: 19:29:05
      epoch-secs: 1718393345
      hostname: 5464575f515c
      sysname: Linux
      nodename: 5464575f515c
      release: 6.8.0-1008-aws
      version: '#8-Ubuntu SMP Sat Apr 20 00:46:25 UTC 2024'
      machine: x86_64
      compiler: 'musl-gcc 13.2.1'
      uptime: 120
      totalram: 133616562176
      freeram: 128963264512
      sharedram: 41013248
      bufferram: 108617728
      totalswap: 0
      freeswap: 0
      pagesize: 4096
      cpus: 32
      cpus-online: 32
      ticks-per-second: 100

metrics:
    - stressor: cpu
      bogo-ops: 558258
      bogo-ops-per-second-usr-sys-time: 872.856160
      bogo-ops-per-second-real-time: 27912.766933
      wall-clock-time: 20.000095
      user-time: 639.548200
      system-time: 0.027970
      cpu-usage-per-instance: 99.933300
      max-rss: 1032

...
