---
system-info:
      stress-ng-version: 0.17.08
      run-by: root
      date-yyyy-mm-dd: 2024:06:08
      time-hh-mm-ss: 13:24:08
      epoch-secs: 1717853048
      hostname: 9d67c154c35c
      sysname: Linux
      nodename: 9d67c154c35c
      release: 6.8.0-1008-aws
      version: '#8-Ubuntu SMP Sat Apr 20 00:46:25 UTC 2024'
      machine: x86_64
      compiler: 'musl-gcc 13.2.1'
      uptime: 126
      totalram: 133616549888
      freeram: 128911118336
      sharedram: 41013248
      bufferram: 101535744
      totalswap: 0
      freeswap: 0
      pagesize: 4096
      cpus: 32
      cpus-online: 32
      ticks-per-second: 100

metrics:
    - stressor: cpu
      bogo-ops: 327749
      bogo-ops-per-second-usr-sys-time: 1024.953951
      bogo-ops-per-second-real-time: 32768.722715
      wall-clock-time: 10.001885
      user-time: 319.718521
      system-time: 0.050967
      cpu-usage-per-instance: 99.909131
      max-rss: 4104

...
