BaselineInfo:
  WebDBID: -1
  TimeStamp: 20260404151355
Version:
  Major: 11
  Minor: 0
  Build: 1004
  SpecialBuildName: ""
  ptArchitecture: x86_64_linux
Results:
  Results Complete: true
  NumTestProcesses: 16
  CPU_INTEGER_MATH: 55392.140999999996
  CPU_FLOATINGPOINT_MATH: 29743.955006964985
  CPU_PRIME: 66.309264711894599
  CPU_SORTING: 31778.792723265513
  CPU_ENCRYPTION: 7544.3156183023011
  CPU_COMPRESSION: 259573.19530043571
  CPU_SINGLETHREAD: 2332.937342309976
  CPU_PHYSICS: 1299.656668177515
  CPU_MATRIX_MULT_SSE: 14661.19676773042
  CPU_mm: 1679.9683711859748
  CPU_sse: 5984.9779362459776
  CPU_fma: 17888.920420097533
  CPU_avx: 12638.677232395445
  CPU_avx512: 22132.211482182724
  m_CPU_enc_SHA: 2368915431.3966026
  m_CPU_enc_AES: 19156143302.184769
  m_CPU_enc_ECDSA: 2207306147.7494979
  ME_ALLOC_S: 5986.7865598891167
  ME_READ_S: 26701.072851562501
  ME_READ_L: 9010.4267578125
  ME_WRITE: 8735.7060546875
  ME_LARGE: 17701.25
  ME_LATENCY: 54.039216334865181
  ME_THREADED: 67843.66943359375
  SUMM_CPU: 17307.78731873419
  SUMM_ME: 2364.5980647148726
SystemInformation:
  OSName: Ubuntu 24.04.4 LTS
  Kernel: 6.8.0-106-generic
  Device: ""
  Processor: Intel(R) Xeon(R) Platinum 8369HB CPU @ 3.30GHz
  NumSockets: 1
  Manufacturer: GenuineIntel
  NumCores: 8
  NumLogicals: 16
  CPUFrequency: 0
  CPUMaxFrequency: 0
  Memory: 30666
  CPUInfo:
    number: 1
    Family: 6
    Model: 5
    stepping: 11
    features: 529267711
    manufacture: GenuineIntel
    typestring: Intel(R) Xeon(R) Platinum 8369HB CPU @ 3.30GHz
    iCoresPerPackage: 8
    iThreadsPerPackage: 2
    featuresEx:
      - 529267711
      - 4277809667
      - 739248128
    bHybrid: false
    nPCore: 0
    nLogicalsPerPCore: 0
    nECore: 0
    nLogicalsPerECore: 0
  MemModuleInfo:
    iNumMemSticks: 2
    DIMM 1:
      manufacturer: Alibaba Cloud
      modulePartNo: Not Specified
      memType: RAM
      size: 16
      clkspeed: 0
      moduleVoltage: 0
    DIMM 2:
      manufacturer: Alibaba Cloud
      modulePartNo: Not Specified
      memType: RAM
      size: 16
      clkspeed: 0
      moduleVoltage: 0
Checksum: 6D088429DC76AB5E5D44F98A478332224BF2CE22