---
system-info:
      stress-ng-version: 0.17.08
      run-by: root
      date-yyyy-mm-dd: 2024:06:26
      time-hh-mm-ss: 13:50:56
      epoch-secs: 1719409856
      hostname: n4-highcpu-2-9afdca8
      sysname: Linux
      nodename: n4-highcpu-2-9afdca8
      release: 6.8.0-1008-gcp
      version: '#9-Ubuntu SMP Wed May 22 18:09:04 UTC 2024'
      machine: x86_64
      compiler: 'musl-gcc 13.2.1'
      uptime: 112
      totalram: 4102332416
      freeram: 224169984
      sharedram: 274026496
      bufferram: 119754752
      totalswap: 0
      freeswap: 0
      pagesize: 4096
      cpus: 2
      cpus-online: 2
      ticks-per-second: 100

metrics:
    - stressor: cpu
      bogo-ops: 35296
      bogo-ops-per-second-usr-sys-time: 888.689254
      bogo-ops-per-second-real-time: 1764.792868
      wall-clock-time: 20.000081
      user-time: 39.706928
      system-time: 0.009992
      cpu-usage-per-instance: 99.291899
      max-rss: 1104

...
