BaselineInfo:
  WebDBID: -1
  TimeStamp: 20241107074236
Version:
  Major: 11
  Minor: 0
  Build: 1002
  SpecialBuildName: ""
  ptArchitecture: aarch64_linux
Results:
  Results Complete: true
  NumTestProcesses: 4
  CPU_INTEGER_MATH: 19064.044333333331
  CPU_FLOATINGPOINT_MATH: 18937.289418438784
  CPU_PRIME: 51.551374197134372
  CPU_SORTING: 15781.33413149479
  CPU_ENCRYPTION: 554.36848642613631
  CPU_COMPRESSION: 21085.191270284227
  CPU_SINGLETHREAD: 1561.5640076895434
  CPU_PHYSICS: 1134.7313610988581
  CPU_MATRIX_MULT_SSE: 3310.4087410118505
  CPU_mm: 433.83219052891292
  CPU_sse: 2775.9426150759264
  CPU_fma: 3844.8748669477745
  CPU_avx: 0
  CPU_avx512: 0
  m_CPU_enc_SHA: 843514033.07074821
  m_CPU_enc_AES: 323201977.09063584
  m_CPU_enc_ECDSA: 577176459.90693295
  ME_ALLOC_S: 4109.8174248380647
  ME_READ_S: 19680.426562500001
  ME_READ_L: 19014.205078125
  ME_WRITE: 19705.96484375
  ME_LARGE: 859.41666666666663
  ME_LATENCY: 49.845600092932251
  ME_THREADED: 74324.802734375
  SUMM_CPU: 3116.0399395321683
  SUMM_ME: 1400.809399812895
SystemInformation:
  OSName: Ubuntu 24.04.1 LTS
  Kernel: 6.8.0-1016-aws
  Device: ""
  Processor: ARM Neoverse-V1 4 Core 0 MHz
  NumSockets: 1
  Manufacturer: ARM
  NumCores: 4
  NumLogicals: 4
  CPUFrequency: 0
  Memory: 7763
Checksum: DAA03D40B704689C64F7E31464B5D84686AEE21D