---
system-info:
      stress-ng-version: 0.17.08
      run-by: root
      date-yyyy-mm-dd: 2024:09:20
      time-hh-mm-ss: 03:55:24
      epoch-secs: 1726804524
      hostname: sc-runner
      sysname: Linux
      nodename: sc-runner
      release: 6.8.0-1014-azure
      version: '#16-Ubuntu SMP Thu Aug 15 20:04:41 UTC 2024'
      machine: x86_64
      compiler: 'musl-gcc 13.2.1'
      uptime: 394
      totalram: 16766771200
      freeram: 6614687744
      sharedram: 38100992
      bufferram: 247640064
      totalswap: 0
      freeswap: 0
      pagesize: 4096
      cpus: 2
      cpus-online: 2
      ticks-per-second: 100

metrics:
    - stressor: cpu
      bogo-ops: 53959
      bogo-ops-per-second-usr-sys-time: 1363.183840
      bogo-ops-per-second-real-time: 2697.946736
      wall-clock-time: 20.000024
      user-time: 39.558128
      system-time: 0.024941
      cpu-usage-per-instance: 98.957553
      max-rss: 3152

...
