BaselineInfo:
  WebDBID: -1
  TimeStamp: 20241109233335
Version:
  Major: 11
  Minor: 0
  Build: 1002
  SpecialBuildName: ""
  ptArchitecture: x86_64_linux
Results:
  Results Complete: true
  NumTestProcesses: 64
  CPU_INTEGER_MATH: 187508.77533333329
  CPU_FLOATINGPOINT_MATH: 100412.64621788762
  CPU_PRIME: 267.1753268327177
  CPU_SORTING: 95216.321283800193
  CPU_ENCRYPTION: 25714.755944881359
  CPU_COMPRESSION: 815836.62900533667
  CPU_SINGLETHREAD: 1880.1358005356763
  CPU_PHYSICS: 4811.5734358555974
  CPU_MATRIX_MULT_SSE: 54209.549290295377
  CPU_mm: 5696.3220053254818
  CPU_sse: 20376.334107543255
  CPU_fma: 63979.118033661776
  CPU_avx: 45162.297761056005
  CPU_avx512: 87320.447258920394
  m_CPU_enc_SHA: 8455607983.1623058
  m_CPU_enc_AES: 64883510025.685638
  m_CPU_enc_ECDSA: 7552509780.1318178
  ME_ALLOC_S: 21799.586524389841
  ME_READ_S: 22815.448632812499
  ME_READ_L: 10693.404296875
  ME_WRITE: 10357.7763671875
  ME_LARGE: 498146.58333333331
  ME_LATENCY: 51.254104715591744
  ME_THREADED: 194054.50170898438
  SUMM_CPU: 44242.211037128829
  SUMM_ME: 2721.5318407210834
SystemInformation:
  OSName: Ubuntu 24.04.1 LTS
  Kernel: 6.8.0-1016-aws
  Device: ""
  Processor: Intel Xeon Platinum 8259CL CPU @ 2.50GHz
  NumSockets: 2
  Manufacturer: GenuineIntel
  NumCores: 32
  NumLogicals: 64
  CPUFrequency: 0
  Memory: 510515
  MemModuleInfo:
    iNumMemSticks: 2
    DIMM 1:
      manufacturer: Not Specified
      modulePartNo: Not Specified
      memType: DDR4
      size: 256
      clkspeed: 1600
      moduleVoltage: 0
    DIMM 2:
      manufacturer: Not Specified
      modulePartNo: Not Specified
      memType: DDR4
      size: 256
      clkspeed: 1600
      moduleVoltage: 0
Checksum: F312572EEB1FF48E0F473795CF456C935F986E0D