---
system-info:
      stress-ng-version: 0.17.08
      run-by: root
      date-yyyy-mm-dd: 2024:06:15
      time-hh-mm-ss: 06:25:40
      epoch-secs: 1718432740
      hostname: f5679ce02bec
      sysname: Linux
      nodename: f5679ce02bec
      release: 6.8.0-1008-aws
      version: '#8-Ubuntu SMP Sat Apr 20 02:43:14 UTC 2024'
      machine: aarch64
      compiler: 'musl-gcc 13.2.1'
      uptime: 137
      totalram: 265454899200
      freeram: 260635103232
      sharedram: 34979840
      bufferram: 109006848
      totalswap: 0
      freeswap: 0
      pagesize: 4096
      cpus: 64
      cpus-online: 64
      ticks-per-second: 100

metrics:
    - stressor: cpu
      bogo-ops: 30661
      bogo-ops-per-second-usr-sys-time: 1533.078669
      bogo-ops-per-second-real-time: 1533.043658
      wall-clock-time: 20.000083
      user-time: 19.999626
      system-time: 0.000000
      cpu-usage-per-instance: 99.997716
      max-rss: 1024

...
