---
system-info:
      stress-ng-version: 0.17.08
      run-by: root
      date-yyyy-mm-dd: 2024:06:08
      time-hh-mm-ss: 21:40:19
      epoch-secs: 1717882819
      hostname: 924cbbef5f08
      sysname: Linux
      nodename: 924cbbef5f08
      release: 6.8.0-1008-aws
      version: '#8-Ubuntu SMP Sat Apr 20 02:43:14 UTC 2024'
      machine: aarch64
      compiler: 'musl-gcc 13.2.1'
      uptime: 119
      totalram: 265454903296
      freeram: 260544057344
      sharedram: 34979840
      bufferram: 105517056
      totalswap: 0
      freeswap: 0
      pagesize: 4096
      cpus: 64
      cpus-online: 64
      ticks-per-second: 100

metrics:
    - stressor: cpu
      bogo-ops: 4267
      bogo-ops-per-second-usr-sys-time: 424.800378
      bogo-ops-per-second-real-time: 424.799096
      wall-clock-time: 10.044748
      user-time: 10.043719
      system-time: 0.000999
      cpu-usage-per-instance: 99.999698
      max-rss: 3584

...
