BaselineInfo:
  WebDBID: -1
  TimeStamp: 20241109044045
Version:
  Major: 11
  Minor: 0
  Build: 1002
  SpecialBuildName: ""
  ptArchitecture: x86_64_linux
Results:
  Results Complete: true
  NumTestProcesses: 8
  CPU_INTEGER_MATH: 33292.941333333336
  CPU_FLOATINGPOINT_MATH: 18380.717577675292
  CPU_PRIME: 77.939000035922831
  CPU_SORTING: 18216.782243222908
  CPU_ENCRYPTION: 8642.2772608949526
  CPU_COMPRESSION: 128777.52695088701
  CPU_SINGLETHREAD: 2395.9115845371443
  CPU_PHYSICS: 1235.5456355036322
  CPU_MATRIX_MULT_SSE: 7368.9019352706136
  CPU_mm: 899.65878615745112
  CPU_sse: 3827.3319356911566
  CPU_fma: 10412.125273356998
  CPU_avx: 7867.2485967636858
  CPU_avx512: 0
  m_CPU_enc_SHA: 12523227296.85503
  m_CPU_enc_AES: 8011847584.1264153
  m_CPU_enc_ECDSA: 6651178682.3791065
  ME_ALLOC_S: 3289.5598330216567
  ME_READ_S: 24250.429296875001
  ME_READ_L: 15170.1513671875
  ME_WRITE: 15265.2744140625
  ME_LARGE: 247453
  ME_LATENCY: 73.299809354661889
  ME_THREADED: 34768.67578125
  SUMM_CPU: 11891.773362158729
  SUMM_ME: 2319.5477525329543
SystemInformation:
  OSName: Ubuntu 24.04.1 LTS
  Kernel: 6.8.0-1017-azure
  Device: ""
  Processor: AMD EPYC 7763 64-Core Processor
  NumSockets: 1
  Manufacturer: AuthenticAMD
  NumCores: 4
  NumLogicals: 8
  CPUFrequency: 0
  Memory: 257739
  MemModuleInfo:
    iNumMemSticks: 3
    DIMM 1:
      manufacturer: Microsoft Corporation
      modulePartNo: None
      memType: Unknown
      size: 1
      clkspeed: 0
      moduleVoltage: 0
    DIMM 2:
      manufacturer: Microsoft Corporation
      modulePartNo: None
      memType: Unknown
      size: 60928
      clkspeed: 0
      moduleVoltage: 0
    DIMM 3:
      manufacturer: Microsoft Corporation
      modulePartNo: None
      memType: Unknown
      size: 200192
      clkspeed: 0
      moduleVoltage: 0
Checksum: 3339B52606B001E7A6B9D0DC1D0D7F1DBA628089