BaselineInfo:
  WebDBID: -1
  TimeStamp: 20241111134504
Version:
  Major: 11
  Minor: 0
  Build: 1002
  SpecialBuildName: ""
  ptArchitecture: aarch64_linux
Results:
  Results Complete: true
  NumTestProcesses: 96
  CPU_INTEGER_MATH: 501331.47333333344
  CPU_FLOATINGPOINT_MATH: 582617.39821428293
  CPU_PRIME: 851.4678977176352
  CPU_SORTING: 435166.57768950792
  CPU_ENCRYPTION: 18113.304552175116
  CPU_COMPRESSION: 638464.17636021087
  CPU_SINGLETHREAD: 1946.3496715245149
  CPU_PHYSICS: 19161.047435627512
  CPU_MATRIX_MULT_SSE: 80795.5557935986
  CPU_mm: 10866.732096511356
  CPU_sse: 63739.267033877637
  CPU_fma: 97851.844553319446
  CPU_avx: 0
  CPU_avx512: 0
  m_CPU_enc_SHA: 28227165064.512589
  m_CPU_enc_AES: 10333740337.326412
  m_CPU_enc_ECDSA: 18418623900.465733
  ME_ALLOC_S: 47714.546804079626
  ME_READ_S: 21216.806640625
  ME_READ_L: 20299.673828125
  ME_WRITE: 21337.5625
  ME_LARGE: 757961.58333333337
  ME_LATENCY: 46.860222237436012
  ME_THREADED: 505913.23388671875
  SUMM_CPU: 56850.496414097121
  SUMM_ME: 3409.5130093614953
SystemInformation:
  OSName: Ubuntu 24.04.1 LTS
  Kernel: 6.8.0-1016-aws
  Device: ""
  Processor: ARM Neoverse-V2 96 Core 0 MHz
  NumSockets: 1
  Manufacturer: ARM
  NumCores: 96
  NumLogicals: 96
  CPUFrequency: 0
  Memory: 772074
Checksum: 98AD1C95D39B3F8CDF01884CAF171A485F2B3C6B