---
system-info:
      stress-ng-version: 0.17.08
      run-by: root
      date-yyyy-mm-dd: 2024:09:15
      time-hh-mm-ss: 22:23:37
      epoch-secs: 1726439017
      hostname: sc-runner
      sysname: Linux
      nodename: sc-runner
      release: 6.8.0-1014-azure
      version: '#16-Ubuntu SMP Thu Aug 15 20:04:41 UTC 2024'
      machine: x86_64
      compiler: 'musl-gcc 13.2.1'
      uptime: 283
      totalram: 16765734912
      freeram: 6754033664
      sharedram: 54882304
      bufferram: 220499968
      totalswap: 0
      freeswap: 0
      pagesize: 4096
      cpus: 2
      cpus-online: 2
      ticks-per-second: 100

metrics:
    - stressor: cpu
      bogo-ops: 38645
      bogo-ops-per-second-usr-sys-time: 974.689720
      bogo-ops-per-second-real-time: 1932.238955
      wall-clock-time: 20.000114
      user-time: 39.639535
      system-time: 0.008980
      cpu-usage-per-instance: 99.120721
      max-rss: 3128

...
