BaselineInfo:
  WebDBID: -1
  TimeStamp: 20260714195010
Version:
  Major: 11
  Minor: 0
  Build: 1004
  SpecialBuildName: ""
  ptArchitecture: x86_64_linux
Results:
  Results Complete: true
  NumTestProcesses: 416
  CPU_INTEGER_MATH: 1080864.2873333332
  CPU_FLOATINGPOINT_MATH: 861228.16313903732
  CPU_PRIME: 1873.8454071015501
  CPU_SORTING: 490044.3556329998
  CPU_ENCRYPTION: 252279.27702556225
  CPU_COMPRESSION: 4441996.5413848702
  CPU_SINGLETHREAD: 2099.1927158877756
  CPU_PHYSICS: 25766.178729105904
  CPU_MATRIX_MULT_SSE: 336224.10598266782
  CPU_mm: 36345.910852964509
  CPU_sse: 159561.34062109218
  CPU_fma: 368104.32730112469
  CPU_avx: 288736.74376519112
  CPU_avx512: 528494.01224326424
  m_CPU_enc_SHA: 278491578908.3479
  m_CPU_enc_AES: 326387626323.7287
  m_CPU_enc_ECDSA: 188722780326.99146
  ME_ALLOC_S: 23175.125639385384
  ME_READ_S: 19342.119726562501
  ME_READ_L: 4036.286865234375
  ME_WRITE: 2422.841064453125
  ME_LARGE: 11405849
  ME_LATENCY: 76.633930797733797
  ME_THREADED: 1115031.7073974609
  SUMM_CPU: 112845.33614354317
  SUMM_ME: 1351.9188964218213
SystemInformation:
  OSName: Ubuntu 24.04.4 LTS
  Kernel: 6.17.0-1020-azure
  Device: ""
  Processor: Intel(R) Xeon(R) Platinum 8487C
  NumSockets: 8
  Manufacturer: GenuineIntel
  NumCores: 208
  NumLogicals: 416
  CPUFrequency: 0
  CPUMaxFrequency: 0
  Memory: 11490866
  CPUInfo:
    number: 8
    Family: 6
    Model: 15
    stepping: 8
    features: 529267711
    manufacture: GenuineIntel
    typestring: Intel(R) Xeon(R) Platinum 8487C
    iCoresPerPackage: 32
    iThreadsPerPackage: 2
    featuresEx:
      - 529267711
      - 4277809667
      - 739248128
    bHybrid: false
    nPCore: 0
    nLogicalsPerPCore: 0
    nECore: 0
    nLogicalsPerECore: 0
  MemModuleInfo:
    iNumMemSticks: 10
    DIMM 1:
      manufacturer: Microsoft Corporation
      modulePartNo: None
      memType: Unknown
      size: 1
      clkspeed: 0
      moduleVoltage: 0
    DIMM 2:
      manufacturer: Microsoft Corporation
      modulePartNo: None
      memType: Unknown
      size: 59
      clkspeed: 0
      moduleVoltage: 0
    DIMM 3:
      manufacturer: Microsoft Corporation
      modulePartNo: None
      memType: Unknown
      size: 1365
      clkspeed: 0
      moduleVoltage: 0
    DIMM 4:
      manufacturer: Microsoft Corporation
      modulePartNo: None
      memType: Unknown
      size: 1425
      clkspeed: 0
      moduleVoltage: 0
    DIMM 5:
      manufacturer: Microsoft Corporation
      modulePartNo: None
      memType: Unknown
      size: 1425
      clkspeed: 0
      moduleVoltage: 0
    DIMM 6:
      manufacturer: Microsoft Corporation
      modulePartNo: None
      memType: Unknown
      size: 1425
      clkspeed: 0
      moduleVoltage: 0
    DIMM 7:
      manufacturer: Microsoft Corporation
      modulePartNo: None
      memType: Unknown
      size: 1425
      clkspeed: 0
      moduleVoltage: 0
    DIMM 8:
      manufacturer: Microsoft Corporation
      modulePartNo: None
      memType: Unknown
      size: 1425
      clkspeed: 0
      moduleVoltage: 0
    DIMM 9:
      manufacturer: Microsoft Corporation
      modulePartNo: None
      memType: Unknown
      size: 1425
      clkspeed: 0
      moduleVoltage: 0
    DIMM 10:
      manufacturer: Microsoft Corporation
      modulePartNo: None
      memType: Unknown
      size: 1425
      clkspeed: 0
      moduleVoltage: 0
Checksum: 54EBEF09029A4688196B392E81C01C07723C0FC5