BaselineInfo:
  WebDBID: -1
  TimeStamp: 20260714175343
Version:
  Major: 11
  Minor: 0
  Build: 1004
  SpecialBuildName: ""
  ptArchitecture: x86_64_linux
Results:
  Results Complete: true
  NumTestProcesses: 416
  CPU_INTEGER_MATH: 1168963.4303333338
  CPU_FLOATINGPOINT_MATH: 623264.49524057331
  CPU_PRIME: 1173.5779964724663
  CPU_SORTING: 564708.60754723765
  CPU_ENCRYPTION: 151107.34117200298
  CPU_COMPRESSION: 4925445.0248829722
  CPU_SINGLETHREAD: 1958.0186161025792
  CPU_PHYSICS: 17414.316388227988
  CPU_MATRIX_MULT_SSE: 312695.94326971448
  CPU_mm: 33311.841295514445
  CPU_sse: 120944.60628790598
  CPU_fma: 381873.55568961368
  CPU_avx: 269527.23955961654
  CPU_avx512: 478438.37154172151
  m_CPU_enc_SHA: 50176586743.189018
  m_CPU_enc_AES: 380580307928.68585
  m_CPU_enc_ECDSA: 44585699458.447647
  ME_ALLOC_S: 18499.548830441294
  ME_READ_S: 22563.1806640625
  ME_READ_L: 4947.1748046875
  ME_WRITE: 3695.469482421875
  ME_LARGE: 11416837.666666666
  ME_LATENCY: 70.389043922149128
  ME_THREADED: 740384.57379150391
  SUMM_CPU: 103209.88709469359
  SUMM_ME: 1669.7462085424011
SystemInformation:
  OSName: Ubuntu 24.04.4 LTS
  Kernel: 6.17.0-1020-azure
  Device: ""
  Processor: Intel(R) Xeon(R) Platinum 8280L CPU @ 2.70GHz
  NumSockets: 8
  Manufacturer: GenuineIntel
  NumCores: 208
  NumLogicals: 416
  CPUFrequency: 0
  CPUMaxFrequency: 0
  Memory: 11490866
  CPUInfo:
    number: 8
    Family: 6
    Model: 5
    stepping: 7
    features: 529267711
    manufacture: GenuineIntel
    typestring: Intel(R) Xeon(R) Platinum 8280L CPU @ 2.70GHz
    iCoresPerPackage: 32
    iThreadsPerPackage: 2
    featuresEx:
      - 529267711
      - 4277809667
      - 739248128
    bHybrid: false
    nPCore: 0
    nLogicalsPerPCore: 0
    nECore: 0
    nLogicalsPerECore: 0
  MemModuleInfo:
    iNumMemSticks: 10
    DIMM 1:
      manufacturer: Microsoft Corporation
      modulePartNo: None
      memType: Unknown
      size: 1
      clkspeed: 0
      moduleVoltage: 0
    DIMM 2:
      manufacturer: Microsoft Corporation
      modulePartNo: None
      memType: Unknown
      size: 59
      clkspeed: 0
      moduleVoltage: 0
    DIMM 3:
      manufacturer: Microsoft Corporation
      modulePartNo: None
      memType: Unknown
      size: 1365
      clkspeed: 0
      moduleVoltage: 0
    DIMM 4:
      manufacturer: Microsoft Corporation
      modulePartNo: None
      memType: Unknown
      size: 1425
      clkspeed: 0
      moduleVoltage: 0
    DIMM 5:
      manufacturer: Microsoft Corporation
      modulePartNo: None
      memType: Unknown
      size: 1425
      clkspeed: 0
      moduleVoltage: 0
    DIMM 6:
      manufacturer: Microsoft Corporation
      modulePartNo: None
      memType: Unknown
      size: 1425
      clkspeed: 0
      moduleVoltage: 0
    DIMM 7:
      manufacturer: Microsoft Corporation
      modulePartNo: None
      memType: Unknown
      size: 1425
      clkspeed: 0
      moduleVoltage: 0
    DIMM 8:
      manufacturer: Microsoft Corporation
      modulePartNo: None
      memType: Unknown
      size: 1425
      clkspeed: 0
      moduleVoltage: 0
    DIMM 9:
      manufacturer: Microsoft Corporation
      modulePartNo: None
      memType: Unknown
      size: 1425
      clkspeed: 0
      moduleVoltage: 0
    DIMM 10:
      manufacturer: Microsoft Corporation
      modulePartNo: None
      memType: Unknown
      size: 1425
      clkspeed: 0
      moduleVoltage: 0
Checksum: 0E92C38FB410117FEFA5FA7A38444C5E3EC526BF