---
system-info:
      stress-ng-version: 0.17.08
      run-by: root
      date-yyyy-mm-dd: 2024:06:08
      time-hh-mm-ss: 15:20:37
      epoch-secs: 1717860037
      hostname: f206fb1927c7
      sysname: Linux
      nodename: f206fb1927c7
      release: 6.8.0-1008-aws
      version: '#8-Ubuntu SMP Sat Apr 20 00:46:25 UTC 2024'
      machine: x86_64
      compiler: 'musl-gcc 13.2.1'
      uptime: 119
      totalram: 8112762880
      freeram: 3794022400
      sharedram: 29179904
      bufferram: 102854656
      totalswap: 0
      freeswap: 0
      pagesize: 4096
      cpus: 2
      cpus-online: 2
      ticks-per-second: 100

metrics:
    - stressor: cpu
      bogo-ops: 20050
      bogo-ops-per-second-usr-sys-time: 2005.052933
      bogo-ops-per-second-real-time: 2004.899523
      wall-clock-time: 10.000501
      user-time: 9.998736
      system-time: 0.001000
      cpu-usage-per-instance: 99.992349
      max-rss: 3792

...
