---
system-info:
      stress-ng-version: 0.17.08
      run-by: root
      date-yyyy-mm-dd: 2024:06:15
      time-hh-mm-ss: 11:01:02
      epoch-secs: 1718449262
      hostname: 765e5d27592a
      sysname: Linux
      nodename: 765e5d27592a
      release: 6.8.0-1008-aws
      version: '#8-Ubuntu SMP Sat Apr 20 00:46:25 UTC 2024'
      machine: x86_64
      compiler: 'musl-gcc 13.2.1'
      uptime: 141
      totalram: 8112775168
      freeram: 3824553984
      sharedram: 29179904
      bufferram: 109920256
      totalswap: 0
      freeswap: 0
      pagesize: 4096
      cpus: 2
      cpus-online: 2
      ticks-per-second: 100

metrics:
    - stressor: cpu
      bogo-ops: 37212
      bogo-ops-per-second-usr-sys-time: 1860.808504
      bogo-ops-per-second-real-time: 1860.591749
      wall-clock-time: 20.000089
      user-time: 19.997759
      system-time: 0.000000
      cpu-usage-per-instance: 99.988352
      max-rss: 1104

...
