---
system-info:
      stress-ng-version: 0.17.08
      run-by: root
      date-yyyy-mm-dd: 2024:09:23
      time-hh-mm-ss: 21:43:09
      epoch-secs: 1727127789
      hostname: c4-highcpu-32-35277f2
      sysname: Linux
      nodename: c4-highcpu-32-35277f2
      release: 6.8.0-1014-gcp
      version: '#16-Ubuntu SMP Mon Aug 26 15:55:46 UTC 2024'
      machine: x86_64
      compiler: 'musl-gcc 13.2.1'
      uptime: 187
      totalram: 67415080960
      freeram: 56753348608
      sharedram: 274845696
      bufferram: 251674624
      totalswap: 0
      freeswap: 0
      pagesize: 4096
      cpus: 32
      cpus-online: 32
      ticks-per-second: 100

metrics:
    - stressor: cpu
      bogo-ops: 586352
      bogo-ops-per-second-usr-sys-time: 916.549198
      bogo-ops-per-second-real-time: 29317.469530
      wall-clock-time: 20.000089
      user-time: 639.727713
      system-time: 0.010995
      cpu-usage-per-instance: 99.958728
      max-rss: 1032

...
