---
system-info:
      stress-ng-version: 0.17.08
      run-by: root
      date-yyyy-mm-dd: 2024:06:26
      time-hh-mm-ss: 15:50:39
      epoch-secs: 1719417039
      hostname: c3-standard-4-04a9717
      sysname: Linux
      nodename: c3-standard-4-04a9717
      release: 6.8.0-1008-gcp
      version: '#9-Ubuntu SMP Wed May 22 18:09:04 UTC 2024'
      machine: x86_64
      compiler: 'musl-gcc 13.2.1'
      uptime: 112
      totalram: 16766304256
      freeram: 11755479040
      sharedram: 111513600
      bufferram: 123023360
      totalswap: 0
      freeswap: 0
      pagesize: 4096
      cpus: 4
      cpus-online: 4
      ticks-per-second: 100

metrics:
    - stressor: cpu
      bogo-ops: 66491
      bogo-ops-per-second-usr-sys-time: 833.704173
      bogo-ops-per-second-real-time: 3324.531165
      wall-clock-time: 20.000113
      user-time: 79.746712
      system-time: 0.006997
      cpu-usage-per-instance: 99.691571
      max-rss: 1104

...
