BaselineInfo:
  WebDBID: -1
  TimeStamp: 20241107235832
Version:
  Major: 11
  Minor: 0
  Build: 1002
  SpecialBuildName: ""
  ptArchitecture: x86_64_linux
Results:
  Results Complete: true
  NumTestProcesses: 8
  CPU_INTEGER_MATH: 24809.861333333334
  CPU_FLOATINGPOINT_MATH: 13351.038485790092
  CPU_PRIME: 49.426939397963189
  CPU_SORTING: 13035.862166038645
  CPU_ENCRYPTION: 3421.8377888951627
  CPU_COMPRESSION: 111012.74416010616
  CPU_SINGLETHREAD: 2017.4526795565669
  CPU_PHYSICS: 926.36655868276466
  CPU_MATRIX_MULT_SSE: 6926.9289812644429
  CPU_mm: 752.13638222998986
  CPU_sse: 2687.2038973895887
  CPU_fma: 8613.1082605901993
  CPU_avx: 6054.8052880664591
  CPU_avx512: 10352.598479011525
  m_CPU_enc_SHA: 1125428653.2287641
  m_CPU_enc_AES: 8629696655.8025513
  m_CPU_enc_ECDSA: 1009045634.9542876
  ME_ALLOC_S: 2916.4773052302944
  ME_READ_S: 24278.229296875001
  ME_READ_L: 11680.1142578125
  ME_WRITE: 10601.8525390625
  ME_LARGE: 54265.916666666664
  ME_LATENCY: 48.660813177421346
  ME_THREADED: 45347.12646484375
  SUMM_CPU: 8469.9577842217077
  SUMM_ME: 2573.0494001576003
SystemInformation:
  OSName: Ubuntu 24.04.1 LTS
  Kernel: 6.8.0-1017-azure
  Device: ""
  Processor: Intel Xeon Platinum 8272CL CPU @ 2.60GHz
  NumSockets: 1
  Manufacturer: GenuineIntel
  NumCores: 4
  NumLogicals: 8
  CPUFrequency: 0
  Memory: 64299
  MemModuleInfo:
    iNumMemSticks: 3
    DIMM 1:
      manufacturer: Microsoft Corporation
      modulePartNo: None
      memType: Unknown
      size: 1
      clkspeed: 0
      moduleVoltage: 0
    DIMM 2:
      manufacturer: Microsoft Corporation
      modulePartNo: None
      memType: Unknown
      size: 60928
      clkspeed: 0
      moduleVoltage: 0
    DIMM 3:
      manufacturer: Microsoft Corporation
      modulePartNo: None
      memType: Unknown
      size: 3584
      clkspeed: 0
      moduleVoltage: 0
Checksum: C8B0C72A0CDD4D501306944DA51BC9D2A8CDF79B