BaselineInfo:
  WebDBID: -1
  TimeStamp: 20241114210112
Version:
  Major: 11
  Minor: 0
  Build: 1002
  SpecialBuildName: ""
  ptArchitecture: x86_64_linux
Results:
  Results Complete: true
  NumTestProcesses: 1
  CPU_INTEGER_MATH: 3179.5456666666664
  CPU_FLOATINGPOINT_MATH: 2636.7386917195863
  CPU_PRIME: 10.094168734415986
  CPU_SORTING: 1893.8434888203701
  CPU_ENCRYPTION: 412.0187304409576
  CPU_COMPRESSION: 16335.850263764549
  CPU_SINGLETHREAD: 1549.4966948457234
  CPU_PHYSICS: 182.82066410453919
  CPU_MATRIX_MULT_SSE: 1290.3899797638833
  CPU_mm: 152.23069790865867
  CPU_sse: 565.05591478272015
  CPU_fma: 1886.2883792060582
  CPU_avx: 1231.2508721804784
  CPU_avx512: 1478.9647528862765
  m_CPU_enc_SHA: 229153304.45700383
  m_CPU_enc_AES: 866567200.20079899
  m_CPU_enc_ECDSA: 200378352.21476981
  ME_ALLOC_S: 559.88498788607671
  ME_READ_S: 19433.853125000001
  ME_READ_L: 6315.78271484375
  ME_WRITE: 6693.17431640625
  ME_LARGE: 633
  ME_LATENCY: 64.763505596309287
  ME_THREADED: 6493.6474609375
  SUMM_CPU: 1329.6675263899053
  SUMM_ME: 782.16769662464617
SystemInformation:
  OSName: Ubuntu 24.04.1 LTS
  Kernel: 6.8.0-1017-azure
  Device: ""
  Processor: Intel Xeon Platinum 8171M CPU @ 2.60GHz
  NumSockets: 1
  Manufacturer: GenuineIntel
  NumCores: 1
  NumLogicals: 1
  CPUFrequency: 0
  Memory: 3408
  MemModuleInfo:
    iNumMemSticks: 2
    DIMM 1:
      manufacturer: Microsoft Corporation
      modulePartNo: None
      memType: Unknown
      size: 1
      clkspeed: 0
      moduleVoltage: 0
    DIMM 2:
      manufacturer: Microsoft Corporation
      modulePartNo: None
      memType: Unknown
      size: 2560
      clkspeed: 0
      moduleVoltage: 0
Checksum: 269FBEFE245C8ADF5D98E458CC3BEAB89759C04C