BaselineInfo:
  WebDBID: -1
  TimeStamp: 20241115134454
Version:
  Major: 11
  Minor: 0
  Build: 1002
  SpecialBuildName: ""
  ptArchitecture: x86_64_linux
Results:
  Results Complete: true
  NumTestProcesses: 1
  CPU_INTEGER_MATH: 3546.8760000000002
  CPU_FLOATINGPOINT_MATH: 3021.1096560762448
  CPU_PRIME: 11.289378845586544
  CPU_SORTING: 2062.2563985819829
  CPU_ENCRYPTION: 453.54036388050577
  CPU_COMPRESSION: 16884.425504407136
  CPU_SINGLETHREAD: 1643.603313647179
  CPU_PHYSICS: 200.17147925670554
  CPU_MATRIX_MULT_SSE: 1404.4480809339818
  CPU_mm: 164.26075646267353
  CPU_sse: 628.15474722095325
  CPU_fma: 2005.8818628161964
  CPU_avx: 1357.0987668495873
  CPU_avx512: 1626.6569468491903
  m_CPU_enc_SHA: 250211492.87766653
  m_CPU_enc_AES: 962331798.10363197
  m_CPU_enc_ECDSA: 214171330.80779716
  ME_ALLOC_S: 651.32535597456967
  ME_READ_S: 21033.4716796875
  ME_READ_L: 9458.73828125
  ME_WRITE: 8929.1875
  ME_LARGE: 584
  ME_LATENCY: 52.430529512989494
  ME_THREADED: 9568.00390625
  SUMM_CPU: 1456.0267690413052
  SUMM_ME: 873.70317614899398
SystemInformation:
  OSName: Ubuntu 24.04.1 LTS
  Kernel: 6.8.0-1017-azure
  Device: ""
  Processor: Intel Xeon Platinum 8272CL CPU @ 2.60GHz
  NumSockets: 1
  Manufacturer: GenuineIntel
  NumCores: 1
  NumLogicals: 1
  CPUFrequency: 0
  Memory: 3408
  MemModuleInfo:
    iNumMemSticks: 2
    DIMM 1:
      manufacturer: Microsoft Corporation
      modulePartNo: None
      memType: Unknown
      size: 1
      clkspeed: 0
      moduleVoltage: 0
    DIMM 2:
      manufacturer: Microsoft Corporation
      modulePartNo: None
      memType: Unknown
      size: 2560
      clkspeed: 0
      moduleVoltage: 0
Checksum: D22413B661966A5322DFD55329CE28CB761E173C