BaselineInfo:
  WebDBID: -1
  TimeStamp: 20241107021612
Version:
  Major: 11
  Minor: 0
  Build: 1002
  SpecialBuildName: ""
  ptArchitecture: x86_64_linux
Results:
  Results Complete: true
  NumTestProcesses: 1
  CPU_INTEGER_MATH: 3617.8286666666663
  CPU_FLOATINGPOINT_MATH: 3048.6534786802554
  CPU_PRIME: 11.963635051324072
  CPU_SORTING: 2146.0942279313344
  CPU_ENCRYPTION: 449.70503533627317
  CPU_COMPRESSION: 15485.0042379527
  CPU_SINGLETHREAD: 1643.1229690549771
  CPU_PHYSICS: 200.06155404978759
  CPU_MATRIX_MULT_SSE: 1231.9228669428226
  CPU_mm: 170.79585461381265
  CPU_sse: 552.67282434033018
  CPU_fma: 1569.2766115013824
  CPU_avx: 1214.7616003009523
  CPU_avx512: 1590.980431628625
  m_CPU_enc_SHA: 224995606.90186858
  m_CPU_enc_AES: 993391292.15486956
  m_CPU_enc_ECDSA: 196262822.34156585
  ME_ALLOC_S: 785.6091827427831
  ME_READ_S: 17176.470117187499
  ME_READ_L: 9902.443359375
  ME_WRITE: 9394.1005859375
  ME_LARGE: 549
  ME_LATENCY: 57.577852485999074
  ME_THREADED: 10044.4453125
  SUMM_CPU: 1429.0004718977793
  SUMM_ME: 842.35475838154537
SystemInformation:
  OSName: Ubuntu 24.04.1 LTS
  Kernel: 6.8.0-1017-azure
  Device: ""
  Processor: Intel Xeon Platinum 8370C CPU @ 2.80GHz
  NumSockets: 1
  Manufacturer: GenuineIntel
  NumCores: 1
  NumLogicals: 1
  CPUFrequency: 0
  Memory: 3408
  MemModuleInfo:
    iNumMemSticks: 2
    DIMM 1:
      manufacturer: Microsoft Corporation
      modulePartNo: None
      memType: Unknown
      size: 1
      clkspeed: 0
      moduleVoltage: 0
    DIMM 2:
      manufacturer: Microsoft Corporation
      modulePartNo: None
      memType: Unknown
      size: 2560
      clkspeed: 0
      moduleVoltage: 0
Checksum: 326E74A66100A24038684D2A369372C2B2B06876