size_kb,operation,bandwidth_mb_s,latency_ns,latency_stddev_ns,latency_samples,threads,iterations,elapsed_s
32,read,538566.87,0,0,0,4,925926,0.214905
32,write,538877.75,0,0,0,4,833333,0.193303
32,copy,358076.91,0,0,0,4,499999,0.174543
32,latency,0,0.90,0.05,21,1,21,0.393107
128,read,533875.87,0,0,0,4,257731,0.241377
128,write,533095.41,0,0,0,4,252525,0.236848
128,copy,368089.85,0,0,0,4,150602,0.204572
128,latency,0,2.48,0.00,7,1,7,0.703618
512,read,508547.76,0,0,0,4,66312,0.260790
512,write,538272.35,0,0,0,4,66666,0.247704
512,copy,282286.50,0,0,0,4,31055,0.220025
512,latency,0,3.41,0.00,7,1,7,0.702030
1024,read,469994.66,0,0,0,4,29036,0.247118
1024,write,503603.65,0,0,0,4,31094,0.246972
1024,copy,228628.24,0,0,0,4,14293,0.250065
1024,latency,0,5.36,0.04,7,1,7,0.704591
2048,read,426912.66,0,0,0,4,13075,0.245015
2048,write,449936.19,0,0,0,4,13974,0.248462
2048,copy,208687.95,0,0,0,4,6222,0.238519
2048,latency,0,9.19,0.07,7,1,7,0.712892
4096,read,402719.59,0,0,0,4,6094,0.242114
4096,write,415649.08,0,0,0,4,6105,0.235006
4096,copy,149598.78,0,0,0,4,2209,0.236259
4096,latency,0,9.67,0.01,7,1,7,0.703622
8192,read,239083.69,0,0,0,4,2071,0.277192
8192,write,231704.17,0,0,0,4,2203,0.304250
8192,copy,65310.27,0,0,0,4,1218,0.596782
8192,latency,0,10.51,0.01,7,1,7,0.718934
16384,read,99195.79,0,0,0,4,763,0.492279
16384,write,79212.53,0,0,0,4,811,0.655250
16384,copy,34216.86,0,0,0,4,354,0.662130
16384,latency,0,10.92,0.01,7,1,7,0.691625
32768,read,63586.63,0,0,0,4,392,0.789097
32768,write,42193.66,0,0,0,4,331,1.004132
32768,copy,25478.87,0,0,0,4,176,0.884184
32768,latency,0,15.81,5.17,21,1,21,1.676454
65536,read,56879.99,0,0,0,4,167,0.751618
65536,write,36679.54,0,0,0,4,151,1.053885
65536,copy,23860.44,0,0,0,4,84,0.901241
65536,latency,0,82.73,1.04,7,1,7,3.598445
