BaselineInfo:
  WebDBID: -1
  TimeStamp: 20241115212608
Version:
  Major: 11
  Minor: 0
  Build: 1002
  SpecialBuildName: ""
  ptArchitecture: x86_64_linux
Results:
  Results Complete: true
  NumTestProcesses: 2
  CPU_INTEGER_MATH: 3172.5876666666668
  CPU_FLOATINGPOINT_MATH: 821.63396058428202
  CPU_PRIME: 2.7594349010881176
  CPU_SORTING: 667.4291167780998
  CPU_ENCRYPTION: 188.63580399161549
  CPU_COMPRESSION: 5712.7883389981826
  CPU_SINGLETHREAD: 398.69365113935646
  CPU_PHYSICS: 59.677585160250693
  CPU_MATRIX_MULT_SSE: 303.79273660458375
  CPU_mm: 41.588006219445091
  CPU_sse: 156.37107318456827
  CPU_fma: 457.54240735346059
  CPU_avx: 297.46472927572245
  CPU_avx512: 0
  m_CPU_enc_SHA: 62708190.421348214
  m_CPU_enc_AES: 480209569.93847275
  m_CPU_enc_ECDSA: 50479170.059115626
  ME_ALLOC_S: 142.21969139326018
  ME_READ_S: 5275.3066894531248
  ME_READ_L: 2133.9970703125
  ME_WRITE: 2122.967529296875
  ME_LARGE: 586
  ME_LATENCY: 218.30207819901207
  ME_THREADED: 2770.272705078125
  SUMM_CPU: 521.27678302960715
  SUMM_ME: 335.46865918907133
SystemInformation:
  OSName: Ubuntu 24.04.1 LTS
  Kernel: 6.8.0-1017-gcp
  Device: ""
  Processor: Intel Xeon CPU @ 2.20GHz
  NumSockets: 1
  Manufacturer: GenuineIntel
  NumCores: 1
  NumLogicals: 2
  CPUFrequency: 0
  Memory: 1965
  MemModuleInfo:
    iNumMemSticks: 1
    DIMM 1:
      manufacturer: ""
      modulePartNo: ""
      memType: RAM
      size: 2
      clkspeed: 0
      moduleVoltage: 0
Checksum: A533581573EF7B854A52712EDF2DCB06057A823A