BaselineInfo:
  WebDBID: -1
  TimeStamp: 20241114203909
Version:
  Major: 11
  Minor: 0
  Build: 1002
  SpecialBuildName: ""
  ptArchitecture: x86_64_linux
Results:
  Results Complete: true
  NumTestProcesses: 2
  CPU_INTEGER_MATH: 1188.5636666666667
  CPU_FLOATINGPOINT_MATH: 730.95207291988891
  CPU_PRIME: 1.9697886298474396
  CPU_SORTING: 601.74393095867049
  CPU_ENCRYPTION: 152.50182776218304
  CPU_COMPRESSION: 5242.4863639276682
  CPU_SINGLETHREAD: 356.86386860116897
  CPU_PHYSICS: 48.487692287322034
  CPU_MATRIX_MULT_SSE: 278.54454691079036
  CPU_mm: 36.939104664361139
  CPU_sse: 137.94499832560689
  CPU_fma: 439.86758597291987
  CPU_avx: 257.82105643384443
  CPU_avx512: 0
  m_CPU_enc_SHA: 55387672.20088768
  m_CPU_enc_AES: 381654618.87462747
  m_CPU_enc_ECDSA: 42686978.567161344
  ME_ALLOC_S: 134.63907240651713
  ME_READ_S: 4413.2215332031246
  ME_READ_L: 2122.76025390625
  ME_WRITE: 2122.791259765625
  ME_LARGE: 586
  ME_LATENCY: 212.33075320881827
  ME_THREADED: 2751.7852783203125
  SUMM_CPU: 412.10010172166631
  SUMM_ME: 326.93292887916476
SystemInformation:
  OSName: Ubuntu 24.04.1 LTS
  Kernel: 6.8.0-1015-gcp
  Device: ""
  Processor: Intel Xeon CPU @ 2.20GHz
  NumSockets: 1
  Manufacturer: GenuineIntel
  NumCores: 1
  NumLogicals: 2
  CPUFrequency: 0
  Memory: 1965
  MemModuleInfo:
    iNumMemSticks: 1
    DIMM 1:
      manufacturer: ""
      modulePartNo: ""
      memType: RAM
      size: 2
      clkspeed: 0
      moduleVoltage: 0
Checksum: 1AF36496478D8CCA62D62741F9D4D52B75D6704E