---
system-info:
      stress-ng-version: 0.17.08
      run-by: root
      date-yyyy-mm-dd: 2024:09:03
      time-hh-mm-ss: 18:39:02
      epoch-secs: 1725388742
      hostname: sc-runner
      sysname: Linux
      nodename: sc-runner
      release: 6.8.0-1013-azure
      version: '#15-Ubuntu SMP Thu Aug  8 18:40:40 UTC 2024'
      machine: x86_64
      compiler: 'musl-gcc 13.2.1'
      uptime: 406
      totalram: 67423428608
      freeram: 58845880320
      sharedram: 13004800
      bufferram: 217784320
      totalswap: 0
      freeswap: 0
      pagesize: 4096
      cpus: 8
      cpus-online: 8
      ticks-per-second: 100

metrics:
    - stressor: cpu
      bogo-ops: 46925
      bogo-ops-per-second-usr-sys-time: 294.554210
      bogo-ops-per-second-real-time: 2346.230282
      wall-clock-time: 20.000168
      user-time: 159.263570
      system-time: 0.044966
      cpu-usage-per-instance: 99.566998
      max-rss: 1104

...
