---
system-info:
      stress-ng-version: 0.17.08
      run-by: root
      date-yyyy-mm-dd: 2024:09:16
      time-hh-mm-ss: 16:30:15
      epoch-secs: 1726504215
      hostname: sc-runner
      sysname: Linux
      nodename: sc-runner
      release: 6.8.0-1014-azure
      version: '#16-Ubuntu SMP Thu Aug 15 20:04:41 UTC 2024'
      machine: x86_64
      compiler: 'musl-gcc 13.2.1'
      uptime: 353
      totalram: 67423424512
      freeram: 57303576576
      sharedram: 13004800
      bufferram: 231661568
      totalswap: 0
      freeswap: 0
      pagesize: 4096
      cpus: 8
      cpus-online: 8
      ticks-per-second: 100

metrics:
    - stressor: cpu
      bogo-ops: 46765
      bogo-ops-per-second-usr-sys-time: 293.536436
      bogo-ops-per-second-real-time: 2338.224663
      wall-clock-time: 20.000217
      user-time: 159.254861
      system-time: 0.060966
      cpu-usage-per-instance: 99.571313
      max-rss: 3124

...
