BaselineInfo:
  WebDBID: -1
  TimeStamp: 20260708103639
Version:
  Major: 11
  Minor: 0
  Build: 1004
  SpecialBuildName: ""
  ptArchitecture: x86_64_linux
Results:
  Results Complete: true
  NumTestProcesses: 2
  CPU_INTEGER_MATH: 13158.761333333334
  CPU_FLOATINGPOINT_MATH: 8093.3877916377533
  CPU_PRIME: 34.851840612467207
  CPU_SORTING: 6626.5626930398194
  CPU_ENCRYPTION: 2656.3877846919822
  CPU_COMPRESSION: 50736.294185741906
  CPU_SINGLETHREAD: 3714.0715165323359
  CPU_PHYSICS: 698.10835917687859
  CPU_MATRIX_MULT_SSE: 3845.8568116745159
  CPU_mm: 384.55225762453017
  CPU_sse: 1428.5481582021762
  CPU_fma: 4346.5353928734621
  CPU_avx: 4293.3637535481212
  CPU_avx512: 5314.9799420743038
  m_CPU_enc_SHA: 3350643800.2067375
  m_CPU_enc_AES: 2740017468.0507784
  m_CPU_enc_ECDSA: 2265612164.906023
  ME_ALLOC_S: 1479.3122651820238
  ME_READ_S: 33639.191015625001
  ME_READ_L: 29689.3984375
  ME_WRITE: 30343.4453125
  ME_LARGE: 7691
  ME_LATENCY: 81.485138034333588
  ME_THREADED: 42426.2578125
  SUMM_CPU: 5089.0143734219273
  SUMM_ME: 2238.2660918741271
SystemInformation:
  OSName: Ubuntu 24.04.4 LTS
  Kernel: 6.17.0-1018-azure
  Device: ""
  Processor: "AMD EPYC 9V45 96-Core Processor                "
  NumSockets: 1
  Manufacturer: AuthenticAMD
  NumCores: 1
  NumLogicals: 2
  CPUFrequency: 0
  CPUMaxFrequency: 0
  Memory: 15990
  CPUInfo:
    number: 1
    Family: 15
    Model: 2
    stepping: 1
    features: 395049983
    manufacture: AuthenticAMD
    typestring: "AMD EPYC 9V45 96-Core Processor                "
    iCoresPerPackage: 8
    iThreadsPerPackage: 2
    featuresEx:
      - 395049983
      - 4277809667
      - 802421759
    bHybrid: false
    nPCore: 0
    nLogicalsPerPCore: 0
    nECore: 0
    nLogicalsPerECore: 0
  MemModuleInfo:
    iNumMemSticks: 2
    DIMM 1:
      manufacturer: Microsoft Corporation
      modulePartNo: None
      memType: Unknown
      size: 1
      clkspeed: 0
      moduleVoltage: 0
    DIMM 2:
      manufacturer: Microsoft Corporation
      modulePartNo: None
      memType: Unknown
      size: 15
      clkspeed: 0
      moduleVoltage: 0
Checksum: 431C35C49C3AD1204A7CFCB49EE3E29F54F17CBA