---
system-info:
      stress-ng-version: 0.17.08
      run-by: root
      date-yyyy-mm-dd: 2024:06:07
      time-hh-mm-ss: 22:03:11
      epoch-secs: 1717797791
      hostname: 1a3c9fc73550
      sysname: Linux
      nodename: 1a3c9fc73550
      release: 6.8.0-31-generic
      version: '#31-Ubuntu SMP PREEMPT_DYNAMIC Sat Apr 20 00:40:06 UTC 2024'
      machine: x86_64
      compiler: 'musl-gcc 13.2.1'
      uptime: 57
      totalram: 4005265408
      freeram: 581726208
      sharedram: 21233664
      bufferram: 91115520
      totalswap: 0
      freeswap: 0
      pagesize: 4096
      cpus: 3
      cpus-online: 3
      ticks-per-second: 100

metrics:
    - stressor: cpu
      bogo-ops: 44391
      bogo-ops-per-second-usr-sys-time: 1488.973126
      bogo-ops-per-second-real-time: 4438.140977
      wall-clock-time: 10.002161
      user-time: 29.805177
      system-time: 0.007987
      cpu-usage-per-instance: 99.355744
      max-rss: 3792

...
