---
system-info:
      stress-ng-version: 0.17.08
      run-by: root
      date-yyyy-mm-dd: 2024:06:14
      time-hh-mm-ss: 21:56:04
      epoch-secs: 1718402164
      hostname: ad60ce112ff2
      sysname: Linux
      nodename: ad60ce112ff2
      release: 6.8.0-31-generic
      version: '#31-Ubuntu SMP PREEMPT_DYNAMIC Sat Apr 20 00:40:06 UTC 2024'
      machine: x86_64
      compiler: 'musl-gcc 13.2.1'
      uptime: 72
      totalram: 4005277696
      freeram: 490565632
      sharedram: 21225472
      bufferram: 105615360
      totalswap: 0
      freeswap: 0
      pagesize: 4096
      cpus: 3
      cpus-online: 3
      ticks-per-second: 100

metrics:
    - stressor: cpu
      bogo-ops: 160071
      bogo-ops-per-second-usr-sys-time: 2683.854675
      bogo-ops-per-second-real-time: 8003.535053
      wall-clock-time: 20.000037
      user-time: 59.622244
      system-time: 0.019957
      cpu-usage-per-instance: 99.403483
      max-rss: 1104

...
