BaselineInfo:
  WebDBID: -1
  TimeStamp: 20251202223643
Version:
  Major: 11
  Minor: 0
  Build: 1002
  SpecialBuildName: ""
  ptArchitecture: x86_64_linux
Results:
  Results Complete: true
  NumTestProcesses: 96
  CPU_INTEGER_MATH: 810008.94333333347
  CPU_FLOATINGPOINT_MATH: 808723.96514856559
  CPU_PRIME: 2984.7918697516998
  CPU_SORTING: 459943.21482020727
  CPU_ENCRYPTION: 168407.96836406234
  CPU_COMPRESSION: 3298088.0638380311
  CPU_SINGLETHREAD: 4266.4569463587022
  CPU_PHYSICS: 41651.803249030971
  CPU_MATRIX_MULT_SSE: 287984.09828988655
  CPU_mm: 33989.12824366767
  CPU_sse: 106026.79994658439
  CPU_fma: 389480.71423786337
  CPU_avx: 215916.98045124992
  CPU_avx512: 440511.89852384833
  m_CPU_enc_SHA: 233729289284.50397
  m_CPU_enc_AES: 146366621547.70157
  m_CPU_enc_ECDSA: 149669750673.73953
  ME_ALLOC_S: 45811.762291296349
  ME_READ_S: 37788.845703125
  ME_READ_L: 33950.8359375
  ME_WRITE: 33435.7890625
  ME_LARGE: 3066708.6666666665
  ME_LATENCY: 90.174657900741281
  ME_THREADED: 818167.849609375
  SUMM_CPU: 167543.27686180919
  SUMM_ME: 2802.3008785077968
SystemInformation:
  OSName: Ubuntu 24.04.2 LTS
  Kernel: 6.14.0-1017-aws
  Device: ""
  Processor: AMD EPYC 9R05
  NumSockets: 2
  Manufacturer: AuthenticAMD
  NumCores: 96
  NumLogicals: 96
  CPUFrequency: 0
  Memory: 3084199
  MemModuleInfo:
    iNumMemSticks: 2
    DIMM 1:
      manufacturer: Not Specified
      modulePartNo: Not Specified
      memType: DDR5
      size: 1536
      clkspeed: 3200
      moduleVoltage: 0
    DIMM 2:
      manufacturer: Not Specified
      modulePartNo: Not Specified
      memType: DDR5
      size: 1536
      clkspeed: 3200
      moduleVoltage: 0
Checksum: 570BDAFDB7CEA42953F24F8653364A0B083BC5F4