BaselineInfo:
  WebDBID: -1
  TimeStamp: 20251216195140
Version:
  Major: 11
  Minor: 0
  Build: 1002
  SpecialBuildName: ""
  ptArchitecture: x86_64_linux
Results:
  Results Complete: true
  NumTestProcesses: 22
  CPU_INTEGER_MATH: 134634.10499999998
  CPU_FLOATINGPOINT_MATH: 118937.16074151872
  CPU_PRIME: 446.57081859294925
  CPU_SORTING: 85088.064763986593
  CPU_ENCRYPTION: 29245.753331403474
  CPU_COMPRESSION: 591932.33109514299
  CPU_SINGLETHREAD: 2970.6200667488652
  CPU_PHYSICS: 7824.6350681571093
  CPU_MATRIX_MULT_SSE: 54750.073626482001
  CPU_mm: 5872.7780385021324
  CPU_sse: 25978.411398557688
  CPU_fma: 77000.795366257895
  CPU_avx: 60338.194649764177
  CPU_avx512: 55682.893091348269
  m_CPU_enc_SHA: 40455009454.051636
  m_CPU_enc_AES: 25642025500.650177
  m_CPU_enc_ECDSA: 25902150180.987362
  ME_ALLOC_S: 18912.577387046043
  ME_READ_S: 28329.666015625
  ME_READ_L: 26507.201171875
  ME_WRITE: 23370.80859375
  ME_LARGE: 69219.583333333328
  ME_LATENCY: 69.488638747410889
  ME_THREADED: 179302.70751953125
  SUMM_CPU: 48609.162537624361
  SUMM_ME: 2969.5682346372337
SystemInformation:
  OSName: Ubuntu 24.04.2 LTS
  Kernel: 6.8.0-86-generic
  Device: ""
  Processor: AMD EPYC 9454 48-Core Processor
  NumSockets: 22
  Manufacturer: AuthenticAMD
  NumCores: 22
  NumLogicals: 22
  CPUFrequency: 0
  Memory: 88378
  MemModuleInfo:
    iNumMemSticks: 1
    DIMM 1:
      manufacturer: QEMU
      modulePartNo: Not Specified
      memType: RAM
      size: 90000
      clkspeed: 0
      moduleVoltage: 0
Checksum: 24CE86870AE8942CAD901D7ACF1237C7A465653A