"size","threads","connections","rps","latency","failed","server_usr","server_sys","client_usr","client_sys"
"1k",2,2,174991,0.000013980,0,3.81,6.29,1.98,7.94
"1k",2,4,189036,0.000021480,0,3.70,6.40,2.05,7.90
"1k",2,8,202681,0.000059520,0,3.78,6.54,1.90,7.83
"1k",2,16,218994,0.000081530,0,3.96,6.46,1.99,7.68
"1k",2,32,228442,0.000144100,0,4.10,6.35,1.90,7.67
"1k",2,64,225730,0.000252330,0,4.04,6.38,1.79,7.60
"1k",4,4,176963,0.000023770,0,3.26,6.36,2.16,8.39
"1k",4,8,181507,0.000048820,0,3.25,6.45,2.06,8.40
"1k",4,16,199367,0.000089530,0,3.47,6.47,2.01,8.22
"1k",4,32,206570,0.000189250,0,3.51,6.45,2.02,8.17
"1k",4,64,213942,0.000356020,0,3.71,6.23,1.99,7.98
"1k",8,8,164027,0.000053050,0,2.75,6.65,2.10,8.65
"1k",8,16,172279,0.000093440,0,2.74,6.63,1.99,8.81
"1k",8,32,185982,0.000175240,0,3.14,6.48,1.97,8.57
"1k",8,64,196956,0.000340070,0,3.33,6.48,1.98,8.36
"16k",2,2,148863,0.000016360,0,3.83,6.12,1.92,8.10
"16k",2,4,127774,0.000031480,0,3.03,5.77,1.47,7.44
"16k",2,8,172327,0.000040960,0,3.77,6.25,1.86,8.13
"16k",2,16,176720,0.000140840,0,3.88,6.04,1.88,8.00
"16k",2,32,181325,0.000659120,0,3.72,6.20,1.85,8.08
"16k",2,64,175802,0.000302730,0,3.75,6.15,1.68,8.24
"16k",4,4,146013,0.000029780,0,3.12,6.20,2.11,8.74
"16k",4,8,148216,0.000052460,0,3.00,6.41,2.03,8.73
"16k",4,16,156320,0.000098840,0,3.27,6.28,2.03,8.58
"16k",4,32,161310,0.000342040,0,3.34,6.10,1.91,8.57
"16k",4,64,165721,0.000565050,0,3.39,6.08,1.84,8.54
"16k",8,8,141626,0.000061270,0,2.92,6.11,2.06,9.08
"16k",8,16,137174,0.000121570,0,2.67,6.46,1.97,9.02
"16k",8,32,145013,0.000219230,0,2.85,6.46,2.07,8.79
"16k",8,64,153583,0.000442230,0,3.12,6.33,1.92,8.77
"64k",2,2,83510,0.000024300,0,3.23,6.60,1.58,8.74
"64k",2,4,70503,0.000054110,0,2.83,5.85,1.30,7.88
"64k",2,8,82595,0.000098680,0,3.16,6.50,1.45,8.84
"64k",2,16,86452,0.000153410,0,3.11,6.38,1.51,8.98
"64k",2,32,86609,0.000315600,0,3.25,6.28,1.49,8.95
"64k",2,64,87206,0.000543300,0,3.08,6.38,1.34,8.98
"64k",4,4,78197,0.000051580,0,2.78,6.82,1.79,8.79
"64k",4,8,78633,0.000100720,0,2.66,6.54,1.74,9.21
"64k",4,16,83189,0.000189150,0,2.73,6.45,1.68,9.26
"64k",4,32,85582,0.000359820,0,2.75,6.47,1.59,9.34
"64k",4,64,86620,0.000734750,0,2.76,6.32,1.66,9.08
"64k",8,8,73240,0.000112440,0,2.32,6.76,1.77,9.29
"64k",8,16,76122,0.000217340,0,2.39,6.64,1.76,9.38
"64k",8,32,80004,0.000400740,0,2.53,6.48,1.71,9.43
"64k",8,64,81844,0.000768820,0,2.55,6.56,1.69,9.38
"256k",2,2,29812,0.000069990,0,3.12,7.31,1.30,8.20
"256k",2,4,29849,0.000122640,0,3.07,6.95,1.35,8.55
"256k",2,8,30662,0.000219910,0,2.92,7.06,1.43,8.45
"256k",2,16,31866,0.000534110,0,2.82,7.02,1.37,8.57
"256k",2,32,31554,0.000920000,0,2.86,7.10,1.37,8.50
"256k",4,4,28779,0.000141450,0,2.66,7.17,1.47,8.78
"256k",4,8,29589,0.000273880,0,2.54,7.03,1.43,9.15
"256k",4,16,30559,0.000531050,0,2.62,6.98,1.42,8.94
"256k",4,32,30627,0.001050000,0,2.57,7.04,1.46,8.74
"256k",8,8,28467,0.000291730,0,2.40,7.08,1.48,9.22
"256k",8,16,29345,0.000565660,0,2.44,6.98,1.53,9.18
"256k",8,32,29514,0.001110000,0,2.33,7.07,1.53,8.87
"512k",2,2,14795,0.000137550,0,3.12,5.67,1.14,10.10
"512k",2,4,16618,0.000197160,0,2.75,6.95,1.26,9.05
"512k",2,8,16763,0.000390070,0,2.94,6.91,1.28,8.84
"512k",2,16,16778,0.000776490,0,2.92,7.26,1.19,8.45
"512k",2,32,13558,0.001990000,0,2.84,7.87,1.02,8.16
"512k",4,4,16006,0.000256930,0,2.66,6.45,1.28,9.62
"512k",4,8,16327,0.000486580,0,2.57,6.82,1.39,9.24
"512k",4,16,16314,0.000980000,0,2.57,7.21,1.34,8.69
"512k",4,32,14182,0.002180000,0,2.70,7.67,1.19,8.29
"512k",8,8,15818,0.000507700,0,2.34,6.97,1.39,9.43
"512k",8,16,15937,0.001050000,0,2.38,7.10,1.41,8.92
"512k",8,32,14675,0.002200000,0,2.68,7.30,1.27,8.59
