---
system-info:
      stress-ng-version: 0.17.08
      run-by: root
      date-yyyy-mm-dd: 2024:06:15
      time-hh-mm-ss: 18:56:05
      epoch-secs: 1718477765
      hostname: da813e5468f0
      sysname: Linux
      nodename: da813e5468f0
      release: 6.8.0-1008-aws
      version: '#8-Ubuntu SMP Sat Apr 20 02:43:14 UTC 2024'
      machine: aarch64
      compiler: 'musl-gcc 13.2.1'
      uptime: 132
      totalram: 133446987776
      freeram: 128971018240
      sharedram: 35033088
      bufferram: 108269568
      totalswap: 0
      freeswap: 0
      pagesize: 4096
      cpus: 16
      cpus-online: 16
      ticks-per-second: 100

metrics:
    - stressor: cpu
      bogo-ops: 485646
      bogo-ops-per-second-usr-sys-time: 1519.136306
      bogo-ops-per-second-real-time: 24282.230510
      wall-clock-time: 20.000057
      user-time: 319.670605
      system-time: 0.014994
      cpu-usage-per-instance: 99.901464
      max-rss: 1320

...
