---
system-info:
      stress-ng-version: 0.17.08
      run-by: root
      date-yyyy-mm-dd: 2024:06:09
      time-hh-mm-ss: 16:23:41
      epoch-secs: 1717950221
      hostname: 63811584a627
      sysname: Linux
      nodename: 63811584a627
      release: 6.8.0-1008-aws
      version: '#8-Ubuntu SMP Sat Apr 20 02:43:14 UTC 2024'
      machine: aarch64
      compiler: 'musl-gcc 13.2.1'
      uptime: 120
      totalram: 133446987776
      freeram: 128798425088
      sharedram: 35033088
      bufferram: 108752896
      totalswap: 0
      freeswap: 0
      pagesize: 4096
      cpus: 16
      cpus-online: 16
      ticks-per-second: 100

metrics:
    - stressor: cpu
      bogo-ops: 47034
      bogo-ops-per-second-usr-sys-time: 293.235033
      bogo-ops-per-second-real-time: 4686.738227
      wall-clock-time: 10.035551
      user-time: 160.382940
      system-time: 0.013993
      cpu-usage-per-instance: 99.892955
      max-rss: 4136

...
