---
system-info:
      stress-ng-version: 0.17.08
      run-by: root
      date-yyyy-mm-dd: 2024:06:09
      time-hh-mm-ss: 19:55:24
      epoch-secs: 1717962924
      hostname: 6a1864f3992c
      sysname: Linux
      nodename: 6a1864f3992c
      release: 6.8.0-1008-aws
      version: '#8-Ubuntu SMP Sat Apr 20 00:46:25 UTC 2024'
      machine: x86_64
      compiler: 'musl-gcc 13.2.1'
      uptime: 105
      totalram: 529511297024
      freeram: 524433784832
      sharedram: 37629952
      bufferram: 111411200
      totalswap: 0
      freeswap: 0
      pagesize: 4096
      cpus: 64
      cpus-online: 64
      ticks-per-second: 100

metrics:
    - stressor: cpu
      bogo-ops: 1112965
      bogo-ops-per-second-usr-sys-time: 1740.692196
      bogo-ops-per-second-real-time: 111279.245580
      wall-clock-time: 10.001551
      user-time: 639.325731
      system-time: 0.054972
      cpu-usage-per-instance: 99.887747
      max-rss: 3584

...
