---
system-info:
      stress-ng-version: 0.17.08
      run-by: root
      date-yyyy-mm-dd: 2024:06:15
      time-hh-mm-ss: 22:54:53
      epoch-secs: 1718492093
      hostname: 01fb1ec05c54
      sysname: Linux
      nodename: 01fb1ec05c54
      release: 6.8.0-1008-aws
      version: '#8-Ubuntu SMP Sat Apr 20 00:46:25 UTC 2024'
      machine: x86_64
      compiler: 'musl-gcc 13.2.1'
      uptime: 117
      totalram: 529511280640
      freeram: 524758376448
      sharedram: 37629952
      bufferram: 108965888
      totalswap: 0
      freeswap: 0
      pagesize: 4096
      cpus: 64
      cpus-online: 64
      ticks-per-second: 100

metrics:
    - stressor: cpu
      bogo-ops: 3933804
      bogo-ops-per-second-usr-sys-time: 3075.049925
      bogo-ops-per-second-real-time: 196689.673280
      wall-clock-time: 20.000054
      user-time: 1279.230104
      system-time: 0.034980
      cpu-usage-per-instance: 99.942317
      max-rss: 512

...
