BaselineInfo:
  WebDBID: -1
  TimeStamp: 20250610121930
Version:
  Major: 11
  Minor: 0
  Build: 1002
  SpecialBuildName: ""
  ptArchitecture: x86_64_linux
Results:
  Results Complete: true
  NumTestProcesses: 2
  CPU_INTEGER_MATH: 9524.0820000000003
  CPU_FLOATINGPOINT_MATH: 6763.8047742923245
  CPU_PRIME: 19.340068654019724
  CPU_SORTING: 4806.9546290580965
  CPU_ENCRYPTION: 2067.2086519553345
  CPU_COMPRESSION: 35564.993105540052
  CPU_SINGLETHREAD: 2890.8663048091721
  CPU_PHYSICS: 459.61322310153275
  CPU_MATRIX_MULT_SSE: 2718.1982556316043
  CPU_mm: 269.77661858060281
  CPU_sse: 1165.5544450527841
  CPU_fma: 3285.4602893603246
  CPU_avx: 2463.5294331883697
  CPU_avx512: 3958.2488549249392
  m_CPU_enc_SHA: 2220731820.0472469
  m_CPU_enc_AES: 2885397267.2924824
  m_CPU_enc_ECDSA: 1396747050.9584212
  ME_ALLOC_S: 1599.7166762683928
  ME_READ_S: 25787.332421874999
  ME_READ_L: 10325.02734375
  ME_WRITE: 9457.1240234375
  ME_LARGE: 6386
  ME_LATENCY: 60.128396420856113
  ME_THREADED: 15627.25244140625
  SUMM_CPU: 3723.7771149876658
  SUMM_ME: 1847.3507846725886
SystemInformation:
  OSName: Ubuntu 24.04.2 LTS
  Kernel: 6.11.0-1015-azure
  Device: ""
  Processor: INTEL XEON PLATINUM 8573C
  NumSockets: 1
  Manufacturer: GenuineIntel
  NumCores: 1
  NumLogicals: 2
  CPUFrequency: 2300
  Memory: 15994
  MemModuleInfo:
    iNumMemSticks: 2
    DIMM 1:
      manufacturer: Microsoft Corporation
      modulePartNo: None
      memType: Unknown
      size: 1
      clkspeed: 0
      moduleVoltage: 0
    DIMM 2:
      manufacturer: Microsoft Corporation
      modulePartNo: None
      memType: Unknown
      size: 15
      clkspeed: 0
      moduleVoltage: 0
Checksum: C3986787CBCD9DBA63D5EB1A6A13FFF1E3E05D36