BaselineInfo:
  WebDBID: -1
  TimeStamp: 20241114224955
Version:
  Major: 11
  Minor: 0
  Build: 1002
  SpecialBuildName: ""
  ptArchitecture: x86_64_linux
Results:
  Results Complete: true
  NumTestProcesses: 2
  CPU_INTEGER_MATH: 8132.1270000000004
  CPU_FLOATINGPOINT_MATH: 5822.9509386473301
  CPU_PRIME: 16.975518210972133
  CPU_SORTING: 4186.1664706998708
  CPU_ENCRYPTION: 1827.43249039889
  CPU_COMPRESSION: 30263.056965892938
  CPU_SINGLETHREAD: 2497.4380854768515
  CPU_PHYSICS: 412.3281638438782
  CPU_MATRIX_MULT_SSE: 2201.0141567901783
  CPU_mm: 233.23011218386955
  CPU_sse: 995.27716655828169
  CPU_fma: 2664.9728174712923
  CPU_avx: 1934.2697457074887
  CPU_avx512: 3209.5368974236508
  m_CPU_enc_SHA: 1932303258.6036596
  m_CPU_enc_AES: 2513486648.8018503
  m_CPU_enc_ECDSA: 1302815645.7520103
  ME_ALLOC_S: 1348.4901080757866
  ME_READ_S: 22641.708593750001
  ME_READ_L: 9934.6904296875
  ME_WRITE: 9359.173828125
  ME_LARGE: 641.33333333333337
  ME_LATENCY: 66.291283200818739
  ME_THREADED: 14950.13525390625
  SUMM_CPU: 3192.282895921066
  SUMM_ME: 966.09485350267391
SystemInformation:
  OSName: Ubuntu 24.04.1 LTS
  Kernel: 6.8.0-1015-gcp
  Device: ""
  Processor: INTEL XEON PLATINUM 8581C CPU @ 2.10GHz
  NumSockets: 1
  Manufacturer: GenuineIntel
  NumCores: 1
  NumLogicals: 2
  CPUFrequency: 0
  Memory: 3912
  MemModuleInfo:
    iNumMemSticks: 1
    DIMM 1:
      manufacturer: ""
      modulePartNo: ""
      memType: RAM
      size: 4
      clkspeed: 0
      moduleVoltage: 0
Checksum: 47A920565159C951DBDE07B3A225AA766CC0DAF0