BaselineInfo:
  WebDBID: -1
  TimeStamp: 20241107041904
Version:
  Major: 11
  Minor: 0
  Build: 1002
  SpecialBuildName: ""
  ptArchitecture: x86_64_linux
Results:
  Results Complete: true
  NumTestProcesses: 2
  CPU_INTEGER_MATH: 8697.0503333333327
  CPU_FLOATINGPOINT_MATH: 6180.6762658801517
  CPU_PRIME: 18.008157448840169
  CPU_SORTING: 4449.4153370042332
  CPU_ENCRYPTION: 1932.2875328899217
  CPU_COMPRESSION: 33535.098334701834
  CPU_SINGLETHREAD: 2671.0006509390955
  CPU_PHYSICS: 429.10193302641335
  CPU_MATRIX_MULT_SSE: 2488.5048515586027
  CPU_mm: 246.77255943925394
  CPU_sse: 1069.7112617711018
  CPU_fma: 2980.8922027301805
  CPU_avx: 2236.0199685834796
  CPU_avx512: 3667.3959731496498
  m_CPU_enc_SHA: 2034330936.8622591
  m_CPU_enc_AES: 2631193411.6778917
  m_CPU_enc_ECDSA: 1412926647.7225959
  ME_ALLOC_S: 1521.4054160768721
  ME_READ_S: 23331.119531249999
  ME_READ_L: 8263.6650390625
  ME_WRITE: 8153.36181640625
  ME_LARGE: 740.41666666666663
  ME_LATENCY: 55.57483008364261
  ME_THREADED: 13839.35888671875
  SUMM_CPU: 3446.8504741121287
  SUMM_ME: 1041.5902079713419
SystemInformation:
  OSName: Ubuntu 24.04.1 LTS
  Kernel: 6.8.0-1015-gcp
  Device: ""
  Processor: INTEL XEON PLATINUM 8581C CPU @ 2.10GHz
  NumSockets: 1
  Manufacturer: GenuineIntel
  NumCores: 1
  NumLogicals: 2
  CPUFrequency: 0
  Memory: 3912
  MemModuleInfo:
    iNumMemSticks: 1
    DIMM 1:
      manufacturer: ""
      modulePartNo: ""
      memType: RAM
      size: 4
      clkspeed: 0
      moduleVoltage: 0
Checksum: FFFA9CA3A339A0C5AF9385F6EF01BEA36F3E0E65