BaselineInfo:
  WebDBID: -1
  TimeStamp: 20241115152653
Version:
  Major: 11
  Minor: 0
  Build: 1002
  SpecialBuildName: ""
  ptArchitecture: x86_64_linux
Results:
  Results Complete: true
  NumTestProcesses: 2
  CPU_INTEGER_MATH: 8299.6869999999999
  CPU_FLOATINGPOINT_MATH: 5905.4181239930303
  CPU_PRIME: 17.275702903585408
  CPU_SORTING: 4193.376233654626
  CPU_ENCRYPTION: 1850.843463406256
  CPU_COMPRESSION: 32138.325832597366
  CPU_SINGLETHREAD: 2569.3668366498496
  CPU_PHYSICS: 418.84869893391544
  CPU_MATRIX_MULT_SSE: 2224.9046073800873
  CPU_mm: 238.70238065483306
  CPU_sse: 1021.7359491947097
  CPU_fma: 2527.5620081207071
  CPU_avx: 2004.2424279935835
  CPU_avx512: 3346.0780442113473
  m_CPU_enc_SHA: 1962951093.6397378
  m_CPU_enc_AES: 2512412542.4623938
  m_CPU_enc_ECDSA: 1346886470.3519025
  ME_ALLOC_S: 1006.2844545547317
  ME_READ_S: 23586.406054687501
  ME_READ_L: 6996.435546875
  ME_WRITE: 6724.5
  ME_LARGE: 581.25
  ME_LATENCY: 73.39216785857802
  ME_THREADED: 10907.49462890625
  SUMM_CPU: 3265.189454898818
  SUMM_ME: 830.83189824599981
SystemInformation:
  OSName: Ubuntu 24.04.1 LTS
  Kernel: 6.8.0-1017-gcp
  Device: ""
  Processor: INTEL XEON PLATINUM 8581C CPU @ 2.10GHz
  NumSockets: 1
  Manufacturer: GenuineIntel
  NumCores: 1
  NumLogicals: 2
  CPUFrequency: 0
  Memory: 3912
  MemModuleInfo:
    iNumMemSticks: 1
    DIMM 1:
      manufacturer: ""
      modulePartNo: ""
      memType: RAM
      size: 4
      clkspeed: 0
      moduleVoltage: 0
Checksum: F9EE7A6DB865E7E4BF031F0E04C0DF8464840096