BaselineInfo:
  WebDBID: -1
  TimeStamp: 20241115092947
Version:
  Major: 11
  Minor: 0
  Build: 1002
  SpecialBuildName: ""
  ptArchitecture: x86_64_linux
Results:
  Results Complete: true
  NumTestProcesses: 4
  CPU_INTEGER_MATH: 16757.917000000001
  CPU_FLOATINGPOINT_MATH: 8570.6384945403133
  CPU_PRIME: 37.117358562619771
  CPU_SORTING: 8853.0659134278885
  CPU_ENCRYPTION: 3623.9107635493438
  CPU_COMPRESSION: 63391.012715357261
  CPU_SINGLETHREAD: 2427.4699665702219
  CPU_PHYSICS: 712.84817994571245
  CPU_MATRIX_MULT_SSE: 3464.2049090386654
  CPU_mm: 361.61964399421163
  CPU_sse: 1574.4294673358809
  CPU_fma: 4368.5010265682822
  CPU_avx: 3225.824321639544
  CPU_avx512: 4688.0648206109527
  m_CPU_enc_SHA: 3651772851.1775465
  m_CPU_enc_AES: 5533578778.5965948
  m_CPU_enc_ECDSA: 2214485928.6244078
  ME_ALLOC_S: 2024.7175875587138
  ME_READ_S: 24431.96484375
  ME_READ_L: 10873.40625
  ME_WRITE: 10480.2646484375
  ME_LARGE: 689
  ME_LATENCY: 52.102988560305931
  ME_THREADED: 29967.8701171875
  SUMM_CPU: 5896.3294490021544
  SUMM_ME: 1126.8613090286849
SystemInformation:
  OSName: Ubuntu 24.04.1 LTS
  Kernel: 6.8.0-1017-azure
  Device: ""
  Processor: Intel Xeon Platinum 8370C CPU @ 2.80GHz
  NumSockets: 1
  Manufacturer: GenuineIntel
  NumCores: 2
  NumLogicals: 4
  CPUFrequency: 2800
  Memory: 7936
  MemModuleInfo:
    iNumMemSticks: 2
    DIMM 1:
      manufacturer: Microsoft Corporation
      modulePartNo: None
      memType: Unknown
      size: 1
      clkspeed: 0
      moduleVoltage: 0
    DIMM 2:
      manufacturer: Microsoft Corporation
      modulePartNo: None
      memType: Unknown
      size: 7
      clkspeed: 0
      moduleVoltage: 0
Checksum: 6672284E94EC4BC5B0C79735C89D22B9B5EFA8C8