BaselineInfo:
  WebDBID: -1
  TimeStamp: 20241106221234
Version:
  Major: 11
  Minor: 0
  Build: 1002
  SpecialBuildName: ""
  ptArchitecture: x86_64_linux
Results:
  Results Complete: true
  NumTestProcesses: 4
  CPU_INTEGER_MATH: 16770.507666666665
  CPU_FLOATINGPOINT_MATH: 8578.1202648104227
  CPU_PRIME: 38.41369907043233
  CPU_SORTING: 8881.5144891905784
  CPU_ENCRYPTION: 3614.5305908603236
  CPU_COMPRESSION: 64491.061245825607
  CPU_SINGLETHREAD: 2428.7984729761447
  CPU_PHYSICS: 733.13387903516889
  CPU_MATRIX_MULT_SSE: 3424.739597975703
  CPU_mm: 361.48512410484904
  CPU_sse: 1591.8233436178507
  CPU_fma: 4375.0853203971556
  CPU_avx: 3228.9845318870812
  CPU_avx512: 4503.0651960007262
  m_CPU_enc_SHA: 3683599590.9141355
  m_CPU_enc_AES: 5444687560.5507259
  m_CPU_enc_ECDSA: 2242042935.0610037
  ME_ALLOC_S: 2082.0635786602047
  ME_READ_S: 24439.918554687501
  ME_READ_L: 11746.279296875
  ME_WRITE: 10926.2265625
  ME_LARGE: 666.5
  ME_LATENCY: 51.571353321454524
  ME_THREADED: 31868.54443359375
  SUMM_CPU: 5918.3814906836888
  SUMM_ME: 1122.4281556773099
SystemInformation:
  OSName: Ubuntu 24.04.1 LTS
  Kernel: 6.8.0-1017-azure
  Device: ""
  Processor: Intel Xeon Platinum 8370C CPU @ 2.80GHz
  NumSockets: 1
  Manufacturer: GenuineIntel
  NumCores: 2
  NumLogicals: 4
  CPUFrequency: 2800
  Memory: 7936
  MemModuleInfo:
    iNumMemSticks: 2
    DIMM 1:
      manufacturer: Microsoft Corporation
      modulePartNo: None
      memType: Unknown
      size: 1
      clkspeed: 0
      moduleVoltage: 0
    DIMM 2:
      manufacturer: Microsoft Corporation
      modulePartNo: None
      memType: Unknown
      size: 7
      clkspeed: 0
      moduleVoltage: 0
Checksum: 5E8E39FD5C8ECF8A8EF93866579F84F796E6D74E