BaselineInfo:
  WebDBID: -1
  TimeStamp: 20241114165143
Version:
  Major: 11
  Minor: 0
  Build: 1002
  SpecialBuildName: ""
  ptArchitecture: x86_64_linux
Results:
  Results Complete: true
  NumTestProcesses: 4
  CPU_INTEGER_MATH: 16700.430666666667
  CPU_FLOATINGPOINT_MATH: 8578.3553699157819
  CPU_PRIME: 37.433406821043462
  CPU_SORTING: 8820.9977906968998
  CPU_ENCRYPTION: 3655.2218466024283
  CPU_COMPRESSION: 64226.899418065383
  CPU_SINGLETHREAD: 2419.7965495670132
  CPU_PHYSICS: 724.79274123709592
  CPU_MATRIX_MULT_SSE: 3436.219295449861
  CPU_mm: 361.42432241251498
  CPU_sse: 1589.7425986805497
  CPU_fma: 4370.8354677804527
  CPU_avx: 3228.6430316204182
  CPU_avx512: 4555.6560837180214
  m_CPU_enc_SHA: 3681586615.7271218
  m_CPU_enc_AES: 5546302314.4562788
  m_CPU_enc_ECDSA: 2270444778.8855619
  ME_ALLOC_S: 2037.6948705905775
  ME_READ_S: 24168.805859374999
  ME_READ_L: 11361.5419921875
  ME_WRITE: 10278.0869140625
  ME_LARGE: 694.66666666666663
  ME_LATENCY: 53.280915708762414
  ME_THREADED: 30475.02587890625
  SUMM_CPU: 5908.5958088421039
  SUMM_ME: 1130.2651492278969
SystemInformation:
  OSName: Ubuntu 24.04.1 LTS
  Kernel: 6.8.0-1017-azure
  Device: ""
  Processor: Intel Xeon Platinum 8370C CPU @ 2.80GHz
  NumSockets: 1
  Manufacturer: GenuineIntel
  NumCores: 2
  NumLogicals: 4
  CPUFrequency: 2800
  Memory: 7936
  MemModuleInfo:
    iNumMemSticks: 2
    DIMM 1:
      manufacturer: Microsoft Corporation
      modulePartNo: None
      memType: Unknown
      size: 1
      clkspeed: 0
      moduleVoltage: 0
    DIMM 2:
      manufacturer: Microsoft Corporation
      modulePartNo: None
      memType: Unknown
      size: 7
      clkspeed: 0
      moduleVoltage: 0
Checksum: DA1D943F4F926D02A8787EA0D124623B924A314B