---
system-info:
      stress-ng-version: 0.17.08
      run-by: root
      date-yyyy-mm-dd: 2024:06:15
      time-hh-mm-ss: 05:55:37
      epoch-secs: 1718430937
      hostname: 6afd72694720
      sysname: Linux
      nodename: 6afd72694720
      release: 6.8.0-1008-aws
      version: '#8-Ubuntu SMP Sat Apr 20 02:43:14 UTC 2024'
      machine: aarch64
      compiler: 'musl-gcc 13.2.1'
      uptime: 107
      totalram: 199002099712
      freeram: 194255421440
      sharedram: 35196928
      bufferram: 107352064
      totalswap: 0
      freeswap: 0
      pagesize: 4096
      cpus: 48
      cpus-online: 48
      ticks-per-second: 100

metrics:
    - stressor: cpu
      bogo-ops: 1469453
      bogo-ops-per-second-usr-sys-time: 1531.197211
      bogo-ops-per-second-real-time: 73472.379031
      wall-clock-time: 20.000074
      user-time: 959.655874
      system-time: 0.019986
      cpu-usage-per-instance: 99.965867
      max-rss: 1152

...
