---
system-info:
      stress-ng-version: 0.17.08
      run-by: root
      date-yyyy-mm-dd: 2024:06:08
      time-hh-mm-ss: 21:19:29
      epoch-secs: 1717881569
      hostname: 8ae847561642
      sysname: Linux
      nodename: 8ae847561642
      release: 6.8.0-1008-aws
      version: '#8-Ubuntu SMP Sat Apr 20 02:43:14 UTC 2024'
      machine: aarch64
      compiler: 'musl-gcc 13.2.1'
      uptime: 102
      totalram: 199002095616
      freeram: 194110062592
      sharedram: 35196928
      bufferram: 105054208
      totalswap: 0
      freeswap: 0
      pagesize: 4096
      cpus: 48
      cpus-online: 48
      ticks-per-second: 100

metrics:
    - stressor: cpu
      bogo-ops: 204751
      bogo-ops-per-second-usr-sys-time: 424.520710
      bogo-ops-per-second-real-time: 20362.273135
      wall-clock-time: 10.055410
      user-time: 482.277003
      system-time: 0.033978
      cpu-usage-per-instance: 99.927757
      max-rss: 3840

...
