BaselineInfo:
  WebDBID: -1
  TimeStamp: 20241107113103
Version:
  Major: 11
  Minor: 0
  Build: 1002
  SpecialBuildName: ""
  ptArchitecture: x86_64_linux
Results:
  Results Complete: true
  NumTestProcesses: 4
  CPU_INTEGER_MATH: 20193.157333333336
  CPU_FLOATINGPOINT_MATH: 14361.158440274663
  CPU_PRIME: 40.227181129816444
  CPU_SORTING: 10137.423545536951
  CPU_ENCRYPTION: 4472.5519685145428
  CPU_COMPRESSION: 74148.131730364141
  CPU_SINGLETHREAD: 3090.040485640136
  CPU_PHYSICS: 959.33918462468694
  CPU_MATRIX_MULT_SSE: 5606.9951802994055
  CPU_mm: 571.32381253030769
  CPU_sse: 2483.7698512652946
  CPU_fma: 6398.9944059726895
  CPU_avx: 5182.9644709523354
  CPU_avx512: 8362.2519930072976
  m_CPU_enc_SHA: 4705621338.5448723
  m_CPU_enc_AES: 6099861238.4068108
  m_CPU_enc_ECDSA: 3263949381.859632
  ME_ALLOC_S: 2362.484706804853
  ME_READ_S: 27741.169531250001
  ME_READ_L: 9036.3916015625
  ME_WRITE: 12903.3642578125
  ME_LARGE: 626
  ME_LATENCY: 81.568887108586509
  ME_THREADED: 25110.845703125
  SUMM_CPU: 7715.7277556886929
  SUMM_ME: 978.30979986006435
SystemInformation:
  OSName: Ubuntu 24.04.1 LTS
  Kernel: 6.8.0-1016-aws
  Device: ""
  Processor: Intel Xeon Platinum 8488C
  NumSockets: 1
  Manufacturer: GenuineIntel
  NumCores: 2
  NumLogicals: 4
  CPUFrequency: 0
  Memory: 7780
  MemModuleInfo:
    iNumMemSticks: 1
    DIMM 1:
      manufacturer: Not Specified
      modulePartNo: Not Specified
      memType: DDR5
      size: 8
      clkspeed: 2400
      moduleVoltage: 0
Checksum: DEDD7F4B06B0BFEDC5CEC7E36DA4A72C26372FE1