---
system-info:
      stress-ng-version: 0.17.08
      run-by: root
      date-yyyy-mm-dd: 2024:09:16
      time-hh-mm-ss: 23:12:40
      epoch-secs: 1726528360
      hostname: sc-runner
      sysname: Linux
      nodename: sc-runner
      release: 6.8.0-1014-azure
      version: '#16-Ubuntu SMP Thu Aug 15 20:04:41 UTC 2024'
      machine: x86_64
      compiler: 'musl-gcc 13.2.1'
      uptime: 457
      totalram: 168787783680
      freeram: 158343593984
      sharedram: 57266176
      bufferram: 252092416
      totalswap: 0
      freeswap: 0
      pagesize: 4096
      cpus: 20
      cpus-online: 20
      ticks-per-second: 100

metrics:
    - stressor: cpu
      bogo-ops: 192496
      bogo-ops-per-second-usr-sys-time: 482.210159
      bogo-ops-per-second-real-time: 9624.594643
      wall-clock-time: 20.000427
      user-time: 399.108471
      system-time: 0.086769
      cpu-usage-per-instance: 99.796681
      max-rss: 3128

...
