BaselineInfo:
  WebDBID: -1
  TimeStamp: 20260613000953
Version:
  Major: 11
  Minor: 0
  Build: 1004
  SpecialBuildName: ""
  ptArchitecture: x86_64_linux
Results:
  Results Complete: true
  NumTestProcesses: 24
  CPU_INTEGER_MATH: 132437.93300000002
  CPU_FLOATINGPOINT_MATH: 105499.92372577834
  CPU_PRIME: 391.0958538559367
  CPU_SORTING: 76131.363050958127
  CPU_ENCRYPTION: 28391.414151123088
  CPU_COMPRESSION: 549000.63560310169
  CPU_SINGLETHREAD: 2526.2381269155139
  CPU_PHYSICS: 7022.4868366778455
  CPU_MATRIX_MULT_SSE: 43758.40632285241
  CPU_mm: 4787.2969790295119
  CPU_sse: 21218.001870023807
  CPU_fma: 62944.398607517949
  CPU_avx: 47112.818491015467
  CPU_avx512: 0
  m_CPU_enc_SHA: 40078789362.788322
  m_CPU_enc_AES: 25374339624.61874
  m_CPU_enc_ECDSA: 23858537467.377064
  ME_ALLOC_S: 10446.813648890658
  ME_READ_S: 25016.104882812499
  ME_READ_L: 15550.1796875
  ME_WRITE: 15549.3505859375
  ME_LARGE: 184181.25
  ME_LATENCY: 64.942802238799928
  ME_THREADED: 210950.7958984375
  SUMM_CPU: 43837.492643433958
  SUMM_ME: 2750.5852872314235
SystemInformation:
  OSName: Ubuntu 24.04.4 LTS
  Kernel: 6.8.0-124-generic
  Device: ""
  Processor: AMD EPYC-Rome Processor
  NumSockets: 2
  Manufacturer: AuthenticAMD
  NumCores: 12
  NumLogicals: 24
  CPUFrequency: 0
  CPUMaxFrequency: 0
  Memory: 193219
  CPUInfo:
    number: 2
    Family: 15
    Model: 1
    stepping: 0
    features: 395049983
    manufacture: AuthenticAMD
    typestring: AMD EPYC-Rome Processor
    iCoresPerPackage: 6
    iThreadsPerPackage: 2
    featuresEx:
      - 395049983
      - 4277678595
      - 802421759
    bHybrid: false
    nPCore: 0
    nLogicalsPerPCore: 0
    nECore: 0
    nLogicalsPerECore: 0
  MemModuleInfo:
    iNumMemSticks: 12
    DIMM 1:
      manufacturer: QEMU
      modulePartNo: Not Specified
      memType: RAM
      size: 16
      clkspeed: 0
      moduleVoltage: 0
    DIMM 2:
      manufacturer: QEMU
      modulePartNo: Not Specified
      memType: RAM
      size: 16
      clkspeed: 0
      moduleVoltage: 0
    DIMM 3:
      manufacturer: QEMU
      modulePartNo: Not Specified
      memType: RAM
      size: 16
      clkspeed: 0
      moduleVoltage: 0
    DIMM 4:
      manufacturer: QEMU
      modulePartNo: Not Specified
      memType: RAM
      size: 16
      clkspeed: 0
      moduleVoltage: 0
    DIMM 5:
      manufacturer: QEMU
      modulePartNo: Not Specified
      memType: RAM
      size: 16
      clkspeed: 0
      moduleVoltage: 0
    DIMM 6:
      manufacturer: QEMU
      modulePartNo: Not Specified
      memType: RAM
      size: 16
      clkspeed: 0
      moduleVoltage: 0
    DIMM 7:
      manufacturer: QEMU
      modulePartNo: Not Specified
      memType: RAM
      size: 16
      clkspeed: 0
      moduleVoltage: 0
    DIMM 8:
      manufacturer: QEMU
      modulePartNo: Not Specified
      memType: RAM
      size: 16
      clkspeed: 0
      moduleVoltage: 0
    DIMM 9:
      manufacturer: QEMU
      modulePartNo: Not Specified
      memType: RAM
      size: 16
      clkspeed: 0
      moduleVoltage: 0
    DIMM 10:
      manufacturer: QEMU
      modulePartNo: Not Specified
      memType: RAM
      size: 16
      clkspeed: 0
      moduleVoltage: 0
    DIMM 11:
      manufacturer: QEMU
      modulePartNo: Not Specified
      memType: RAM
      size: 16
      clkspeed: 0
      moduleVoltage: 0
    DIMM 12:
      manufacturer: QEMU
      modulePartNo: Not Specified
      memType: RAM
      size: 16
      clkspeed: 0
      moduleVoltage: 0
Checksum: 811309F4438653FA32795C67F0D47A16D700670B