BaselineInfo:
  WebDBID: -1
  TimeStamp: 20241109224540
Version:
  Major: 11
  Minor: 0
  Build: 1002
  SpecialBuildName: ""
  ptArchitecture: x86_64_linux
Results:
  Results Complete: true
  NumTestProcesses: 96
  CPU_INTEGER_MATH: 406766.97566666669
  CPU_FLOATINGPOINT_MATH: 289501.11477958714
  CPU_PRIME: 487.66828743338345
  CPU_SORTING: 179234.7952698365
  CPU_ENCRYPTION: 89229.257459553337
  CPU_COMPRESSION: 1433881.9697708932
  CPU_SINGLETHREAD: 3024.0124306206112
  CPU_PHYSICS: 7923.7167119454798
  CPU_MATRIX_MULT_SSE: 97191.966030533964
  CPU_mm: 11134.238980200691
  CPU_sse: 46073.312336636998
  CPU_fma: 111342.5970722035
  CPU_avx: 88103.336937340166
  CPU_avx512: 143248.61777595527
  m_CPU_enc_SHA: 94831862458.539474
  m_CPU_enc_AES: 122780046942.50981
  m_CPU_enc_ECDSA: 63079064208.676468
  ME_ALLOC_S: 30502.563533633256
  ME_READ_S: 26058.595507812501
  ME_READ_L: 9210.853515625
  ME_WRITE: 13171.896484375
  ME_LARGE: 368022.33333333331
  ME_LATENCY: 74.342346466075625
  ME_THREADED: 244668.96337890625
  SUMM_CPU: 86783.077560392558
  SUMM_ME: 2348.2129694229011
SystemInformation:
  OSName: Ubuntu 24.04.1 LTS
  Kernel: 6.8.0-1016-aws
  Device: ""
  Processor: Intel Xeon Platinum 8488C
  NumSockets: 1
  Manufacturer: GenuineIntel
  NumCores: 48
  NumLogicals: 96
  CPUFrequency: 0
  Memory: 380650
  MemModuleInfo:
    iNumMemSticks: 1
    DIMM 1:
      manufacturer: Not Specified
      modulePartNo: Not Specified
      memType: DDR5
      size: 384
      clkspeed: 2400
      moduleVoltage: 0
Checksum: 991DC9290C499306CD47AC1268C3D79CD9C02133