---
system-info:
      stress-ng-version: 0.17.08
      run-by: root
      date-yyyy-mm-dd: 2024:09:18
      time-hh-mm-ss: 16:44:53
      epoch-secs: 1726677893
      hostname: ip-172-31-18-95
      sysname: Linux
      nodename: ip-172-31-18-95
      release: 6.8.0-1014-aws
      version: '#15-Ubuntu SMP Thu Aug  8 20:05:03 UTC 2024'
      machine: aarch64
      compiler: 'musl-gcc 13.2.1'
      uptime: 173
      totalram: 33024487424
      freeram: 23035998208
      sharedram: 39239680
      bufferram: 243003392
      totalswap: 0
      freeswap: 0
      pagesize: 4096
      cpus: 2
      cpus-online: 2
      ticks-per-second: 100

metrics:
    - stressor: cpu
      bogo-ops: 68047
      bogo-ops-per-second-usr-sys-time: 1706.999153
      bogo-ops-per-second-real-time: 3402.341746
      wall-clock-time: 20.000049
      user-time: 39.861525
      system-time: 0.001998
      cpu-usage-per-instance: 99.658566
      max-rss: 1320

...
