---
system-info:
      stress-ng-version: 0.17.08
      run-by: root
      date-yyyy-mm-dd: 2024:09:17
      time-hh-mm-ss: 13:05:08
      epoch-secs: 1726578308
      hostname: sc-runner
      sysname: Linux
      nodename: sc-runner
      release: 6.8.0-1014-azure
      version: '#16-Ubuntu SMP Thu Aug 15 20:04:41 UTC 2024'
      machine: x86_64
      compiler: 'musl-gcc 13.2.1'
      uptime: 375
      totalram: 405735215104
      freeram: 393571803136
      sharedram: 55402496
      bufferram: 266080256
      totalswap: 0
      freeswap: 0
      pagesize: 4096
      cpus: 48
      cpus-online: 48
      ticks-per-second: 100

metrics:
    - stressor: cpu
      bogo-ops: 280241
      bogo-ops-per-second-usr-sys-time: 292.230825
      bogo-ops-per-second-real-time: 14011.896554
      wall-clock-time: 20.000219
      user-time: 958.874446
      system-time: 0.096943
      cpu-usage-per-instance: 99.891759
      max-rss: 3200

...
