BaselineInfo:
  WebDBID: -1
  TimeStamp: 20241115131957
Version:
  Major: 11
  Minor: 0
  Build: 1002
  SpecialBuildName: ""
  ptArchitecture: x86_64_linux
Results:
  Results Complete: true
  NumTestProcesses: 2
  CPU_INTEGER_MATH: 9123.6893333333337
  CPU_FLOATINGPOINT_MATH: 5042.6138484679304
  CPU_PRIME: 20.614055656521437
  CPU_SORTING: 4960.8529700188783
  CPU_ENCRYPTION: 2371.7890967285475
  CPU_COMPRESSION: 35606.45024826478
  CPU_SINGLETHREAD: 2594.3499990875976
  CPU_PHYSICS: 429.92584159184639
  CPU_MATRIX_MULT_SSE: 1932.7027188738507
  CPU_mm: 246.36865481131184
  CPU_sse: 1037.2563084234894
  CPU_fma: 2849.7159624367323
  CPU_avx: 1911.1358857613304
  CPU_avx512: 0
  m_CPU_enc_SHA: 3436680331.2924957
  m_CPU_enc_AES: 2194852644.1347189
  m_CPU_enc_ECDSA: 1829470396.2464857
  ME_ALLOC_S: 925.7830760812069
  ME_READ_S: 26283.598242187501
  ME_READ_L: 16020.515625
  ME_WRITE: 14359.0791015625
  ME_LARGE: 679
  ME_LATENCY: 69.422985615560265
  ME_THREADED: 22915.9716796875
  SUMM_CPU: 3437.9851831112942
  SUMM_ME: 1055.3491325273258
SystemInformation:
  OSName: Ubuntu 24.04.1 LTS
  Kernel: 6.8.0-1018-aws
  Device: ""
  Processor: AMD EPYC 7R13 Processor
  NumSockets: 1
  Manufacturer: AuthenticAMD
  NumCores: 1
  NumLogicals: 2
  CPUFrequency: 0
  Memory: 7736
  MemModuleInfo:
    iNumMemSticks: 1
    DIMM 1:
      manufacturer: Not Specified
      modulePartNo: Not Specified
      memType: DDR4
      size: 8
      clkspeed: 1600
      moduleVoltage: 0
Checksum: 2C004942363A7CA1CCD7388AE025A28190384E7A