BaselineInfo:
  WebDBID: -1
  TimeStamp: 20241107005329
Version:
  Major: 11
  Minor: 0
  Build: 1002
  SpecialBuildName: ""
  ptArchitecture: x86_64_linux
Results:
  Results Complete: true
  NumTestProcesses: 2
  CPU_INTEGER_MATH: 9125.5826666666653
  CPU_FLOATINGPOINT_MATH: 5041.5790570226427
  CPU_PRIME: 21.132775322698457
  CPU_SORTING: 4913.5944378546083
  CPU_ENCRYPTION: 2368.6363222246923
  CPU_COMPRESSION: 35487.488147186501
  CPU_SINGLETHREAD: 2591.4107840240322
  CPU_PHYSICS: 397.81362090521475
  CPU_MATRIX_MULT_SSE: 1930.9006995469178
  CPU_mm: 242.8359833030365
  CPU_sse: 1030.0705840282346
  CPU_fma: 2849.1479342101911
  CPU_avx: 1913.483580402328
  CPU_avx512: 0
  m_CPU_enc_SHA: 3436934880.3838925
  m_CPU_enc_AES: 2196983240.5755281
  m_CPU_enc_ECDSA: 1817167479.6798155
  ME_ALLOC_S: 940.55982260155531
  ME_READ_S: 26130.281445312499
  ME_READ_L: 16546.962890625
  ME_WRITE: 15701.72265625
  ME_LARGE: 668.75
  ME_LATENCY: 67.867053075302678
  ME_THREADED: 23733.416015625
  SUMM_CPU: 3425.6806915758766
  SUMM_ME: 1060.0972731062448
SystemInformation:
  OSName: Ubuntu 24.04.1 LTS
  Kernel: 6.8.0-1016-aws
  Device: ""
  Processor: AMD EPYC 7R13 Processor
  NumSockets: 1
  Manufacturer: AuthenticAMD
  NumCores: 1
  NumLogicals: 2
  CPUFrequency: 0
  Memory: 7736
  MemModuleInfo:
    iNumMemSticks: 1
    DIMM 1:
      manufacturer: Not Specified
      modulePartNo: Not Specified
      memType: DDR4
      size: 8
      clkspeed: 1600
      moduleVoltage: 0
Checksum: A43AE626E5BE27A43C18923CE2914FE7950C1E33