BaselineInfo:
  WebDBID: -1
  TimeStamp: 20241114202825
Version:
  Major: 11
  Minor: 0
  Build: 1002
  SpecialBuildName: ""
  ptArchitecture: x86_64_linux
Results:
  Results Complete: true
  NumTestProcesses: 2
  CPU_INTEGER_MATH: 9114.0096666666668
  CPU_FLOATINGPOINT_MATH: 5041.4674844373312
  CPU_PRIME: 20.850372118949373
  CPU_SORTING: 4985.9389371781708
  CPU_ENCRYPTION: 2367.7224855246209
  CPU_COMPRESSION: 35836.398849444988
  CPU_SINGLETHREAD: 2592.0272295450654
  CPU_PHYSICS: 401.41756876286979
  CPU_MATRIX_MULT_SSE: 1929.7413360502596
  CPU_mm: 245.95225995586537
  CPU_sse: 1045.9334989392441
  CPU_fma: 2849.2827933377239
  CPU_avx: 1894.0077158738109
  CPU_avx512: 0
  m_CPU_enc_SHA: 3432158660.4954882
  m_CPU_enc_AES: 2196886395.2546406
  m_CPU_enc_ECDSA: 1819165863.1942654
  ME_ALLOC_S: 934.69947482207942
  ME_READ_S: 26159.224999999999
  ME_READ_L: 16176.833984375
  ME_WRITE: 15674.4521484375
  ME_LARGE: 581.91666666666663
  ME_LATENCY: 68.47503573379926
  ME_THREADED: 23373.2333984375
  SUMM_CPU: 3435.9434173944524
  SUMM_ME: 981.10422162789041
SystemInformation:
  OSName: Ubuntu 24.04.1 LTS
  Kernel: 6.8.0-1018-aws
  Device: ""
  Processor: AMD EPYC 7R13 Processor
  NumSockets: 1
  Manufacturer: AuthenticAMD
  NumCores: 1
  NumLogicals: 2
  CPUFrequency: 0
  Memory: 7736
  MemModuleInfo:
    iNumMemSticks: 1
    DIMM 1:
      manufacturer: Not Specified
      modulePartNo: Not Specified
      memType: DDR4
      size: 8
      clkspeed: 1600
      moduleVoltage: 0
Checksum: BE55EF2E8D2E4000B4D288DB37E1838F58D3D669