BaselineInfo:
  WebDBID: -1
  TimeStamp: 20241108045628
Version:
  Major: 11
  Minor: 0
  Build: 1002
  SpecialBuildName: ""
  ptArchitecture: x86_64_linux
Results:
  Results Complete: true
  NumTestProcesses: 8
  CPU_INTEGER_MATH: 19014.296999999999
  CPU_FLOATINGPOINT_MATH: 10883.914670173102
  CPU_PRIME: 52.217796241040574
  CPU_SORTING: 12716.780778836521
  CPU_ENCRYPTION: 1875.7949827314924
  CPU_COMPRESSION: 86364.256029198878
  CPU_SINGLETHREAD: 1688.7957764730047
  CPU_PHYSICS: 846.60909112603576
  CPU_MATRIX_MULT_SSE: 4242.8541590819132
  CPU_mm: 582.21968266289662
  CPU_sse: 2380.9613277442568
  CPU_fma: 6003.7977135148431
  CPU_avx: 4343.8034359866397
  CPU_avx512: 0
  m_CPU_enc_SHA: 846735181.68111026
  m_CPU_enc_AES: 4287234652.7647676
  m_CPU_enc_ECDSA: 766770964.99209416
  ME_ALLOC_S: 2417.3149018606391
  ME_READ_S: 19678.024609374999
  ME_READ_L: 9851.046875
  ME_WRITE: 7220.8740234375
  ME_LARGE: 51248.583333333336
  ME_LATENCY: 54.290126186157075
  ME_THREADED: 41795.86328125
  SUMM_CPU: 6204.1189131204346
  SUMM_ME: 2150.356512269042
SystemInformation:
  OSName: Ubuntu 24.04.1 LTS
  Kernel: 6.8.0-1016-aws
  Device: ""
  Processor: Intel Xeon CPU E5-2686 v4 @ 2.30GHz
  NumSockets: 1
  Manufacturer: GenuineIntel
  NumCores: 4
  NumLogicals: 8
  CPUFrequency: 3000
  Memory: 61278
  MemModuleInfo:
    iNumMemSticks: 4
    DIMM 1:
      manufacturer: Not Specified
      modulePartNo: Not Specified
      memType: RAM
      size: 16
      clkspeed: 0
      moduleVoltage: 0
    DIMM 2:
      manufacturer: Not Specified
      modulePartNo: Not Specified
      memType: RAM
      size: 16
      clkspeed: 0
      moduleVoltage: 0
    DIMM 3:
      manufacturer: Not Specified
      modulePartNo: Not Specified
      memType: RAM
      size: 16
      clkspeed: 0
      moduleVoltage: 0
    DIMM 4:
      manufacturer: Not Specified
      modulePartNo: Not Specified
      memType: RAM
      size: 13
      clkspeed: 0
      moduleVoltage: 0
Checksum: 228E756F5FF74F83A365BF2DA2C7F0993A553DBD