---
system-info:
      stress-ng-version: 0.17.08
      run-by: root
      date-yyyy-mm-dd: 2024:09:21
      time-hh-mm-ss: 23:31:33
      epoch-secs: 1726961493
      hostname: sc-runner
      sysname: Linux
      nodename: sc-runner
      release: 6.8.0-1014-azure
      version: '#16-Ubuntu SMP Thu Aug 15 20:04:41 UTC 2024'
      machine: x86_64
      compiler: 'musl-gcc 13.2.1'
      uptime: 1517
      totalram: 135069118464
      freeram: 124712714240
      sharedram: 38100992
      bufferram: 250535936
      totalswap: 0
      freeswap: 0
      pagesize: 4096
      cpus: 8
      cpus-online: 8
      ticks-per-second: 100

metrics:
    - stressor: cpu
      bogo-ops: 54054
      bogo-ops-per-second-usr-sys-time: 2702.768921
      bogo-ops-per-second-real-time: 2702.690044
      wall-clock-time: 20.000074
      user-time: 19.998491
      system-time: 0.000999
      cpu-usage-per-instance: 99.997082
      max-rss: 3152

...
