BaselineInfo:
  WebDBID: -1
  TimeStamp: 20241107201937
Version:
  Major: 11
  Minor: 0
  Build: 1002
  SpecialBuildName: ""
  ptArchitecture: x86_64_linux
Results:
  Results Complete: true
  NumTestProcesses: 16
  CPU_INTEGER_MATH: 53972.566999999988
  CPU_FLOATINGPOINT_MATH: 32226.003986589156
  CPU_PRIME: 85.759643168833094
  CPU_SORTING: 33307.55949063375
  CPU_ENCRYPTION: 17091.917343359306
  CPU_COMPRESSION: 241365.58939179368
  CPU_SINGLETHREAD: 2132.7322900471972
  CPU_PHYSICS: 1790.403725807284
  CPU_MATRIX_MULT_SSE: 14801.142612511578
  CPU_mm: 1618.4745114447774
  CPU_sse: 6682.6902199574206
  CPU_fma: 21657.831195860439
  CPU_avx: 16062.906421716873
  CPU_avx512: 0
  m_CPU_enc_SHA: 24121970608.196423
  m_CPU_enc_AES: 16531448039.511703
  m_CPU_enc_ECDSA: 13113104312.982855
  ME_ALLOC_S: 5711.606495818146
  ME_READ_S: 24711.327929687501
  ME_READ_L: 12794.349609375
  ME_WRITE: 13614.8017578125
  ME_LARGE: 21666.833333333332
  ME_LATENCY: 51.037221900984377
  ME_THREADED: 37253.098876953125
  SUMM_CPU: 19648.814303532588
  SUMM_ME: 2615.6259869381338
SystemInformation:
  OSName: Ubuntu 24.04.1 LTS
  Kernel: 6.8.0-1016-aws
  Device: ""
  Processor: AMD EPYC 7R32
  NumSockets: 1
  Manufacturer: AuthenticAMD
  NumCores: 8
  NumLogicals: 16
  CPUFrequency: 0
  Memory: 31720
  MemModuleInfo:
    iNumMemSticks: 1
    DIMM 1:
      manufacturer: Not Specified
      modulePartNo: Not Specified
      memType: DDR4
      size: 32
      clkspeed: 1466
      moduleVoltage: 0
Checksum: FC5D40ED7F13F8A78DFB9C4DCAE6921597122B46