---
system-info:
      stress-ng-version: 0.17.08
      run-by: root
      date-yyyy-mm-dd: 2024:06:06
      time-hh-mm-ss: 14:20:30
      epoch-secs: 1717683630
      hostname: ea6edf978284
      sysname: Linux
      nodename: ea6edf978284
      release: 6.8.0-1008-aws
      version: '#8-Ubuntu SMP Sat Apr 20 00:46:25 UTC 2024'
      machine: x86_64
      compiler: 'musl-gcc 13.2.1'
      uptime: 106
      totalram: 1980801024
      freeram: 152543232
      sharedram: 7581696
      bufferram: 72327168
      totalswap: 0
      freeswap: 0
      pagesize: 4096
      cpus: 1
      cpus-online: 1
      ticks-per-second: 100

metrics:
    - stressor: cpu
      bogo-ops: 17631
      bogo-ops-per-second-usr-sys-time: 1788.315608
      bogo-ops-per-second-real-time: 1762.400637
      wall-clock-time: 10.003968
      user-time: 9.857016
      system-time: 0.001982
      cpu-usage-per-instance: 98.550873
      max-rss: 4176

...
