---
system-info:
      stress-ng-version: 0.17.08
      run-by: root
      date-yyyy-mm-dd: 2024:06:14
      time-hh-mm-ss: 07:41:05
      epoch-secs: 1718350865
      hostname: 910ee1d3b0fe
      sysname: Linux
      nodename: 910ee1d3b0fe
      release: 6.8.0-1008-aws
      version: '#8-Ubuntu SMP Sat Apr 20 00:46:25 UTC 2024'
      machine: x86_64
      compiler: 'musl-gcc 13.2.1'
      uptime: 115
      totalram: 1980796928
      freeram: 175898624
      sharedram: 7581696
      bufferram: 95436800
      totalswap: 0
      freeswap: 0
      pagesize: 4096
      cpus: 1
      cpus-online: 1
      ticks-per-second: 100

metrics:
    - stressor: cpu
      bogo-ops: 60659
      bogo-ops-per-second-usr-sys-time: 3076.730490
      bogo-ops-per-second-real-time: 3032.940853
      wall-clock-time: 20.000060
      user-time: 19.715409
      system-time: 0.000000
      cpu-usage-per-instance: 98.576748
      max-rss: 976

...
