BaselineInfo:
  WebDBID: -1
  TimeStamp: 20250415032040
Version:
  Major: 11
  Minor: 0
  Build: 1002
  SpecialBuildName: ""
  ptArchitecture: x86_64_linux
Results:
  Results Complete: true
  NumTestProcesses: 48
  CPU_INTEGER_MATH: 213493.63933333333
  CPU_FLOATINGPOINT_MATH: 152451.52340368592
  CPU_PRIME: 453.33962266639372
  CPU_SORTING: 104087.29489335316
  CPU_ENCRYPTION: 47980.088269947577
  CPU_COMPRESSION: 783655.22088660207
  CPU_SINGLETHREAD: 2913.039270585874
  CPU_PHYSICS: 8304.7292338543321
  CPU_MATRIX_MULT_SSE: 62118.737806915022
  CPU_mm: 6036.6902774021601
  CPU_sse: 25468.285474341759
  CPU_fma: 68933.614743839047
  CPU_avx: 51888.123510558224
  CPU_avx512: 102184.92749892105
  m_CPU_enc_SHA: 51028197923.019753
  m_CPU_enc_AES: 66365212508.474976
  m_CPU_enc_ECDSA: 33538896681.750942
  ME_ALLOC_S: 19709.57480405358
  ME_READ_S: 26310.181640625
  ME_READ_L: 7493.1044921875
  ME_WRITE: 6826.42041015625
  ME_LARGE: 374890.83333333331
  ME_LATENCY: 117.04700597838708
  ME_THREADED: 309121.61181640625
  SUMM_CPU: 60432.715082873692
  SUMM_ME: 1645.8252247091473
SystemInformation:
  OSName: Ubuntu 24.04.2 LTS
  Kernel: 6.8.0-1021-azure
  Device: ""
  Processor: INTEL XEON PLATINUM 8573C
  NumSockets: 1
  Manufacturer: GenuineIntel
  NumCores: 24
  NumLogicals: 48
  CPUFrequency: 2300
  Memory: 386747
  MemModuleInfo:
    iNumMemSticks: 3
    DIMM 1:
      manufacturer: Microsoft Corporation
      modulePartNo: None
      memType: Unknown
      size: 1
      clkspeed: 0
      moduleVoltage: 0
    DIMM 2:
      manufacturer: Microsoft Corporation
      modulePartNo: None
      memType: Unknown
      size: 59
      clkspeed: 0
      moduleVoltage: 0
    DIMM 3:
      manufacturer: Microsoft Corporation
      modulePartNo: None
      memType: Unknown
      size: 324
      clkspeed: 0
      moduleVoltage: 0
Checksum: 271C5BCFB2487D2E389E967BDCBDA0C326377086