---
system-info:
      stress-ng-version: 0.17.08
      run-by: root
      date-yyyy-mm-dd: 2024:09:03
      time-hh-mm-ss: 14:46:17
      epoch-secs: 1725374777
      hostname: sc-runner
      sysname: Linux
      nodename: sc-runner
      release: 6.8.0-1013-azure
      version: '#15-Ubuntu SMP Thu Aug  8 18:40:40 UTC 2024'
      machine: x86_64
      compiler: 'musl-gcc 13.2.1'
      uptime: 379
      totalram: 67424141312
      freeram: 58789679104
      sharedram: 57155584
      bufferram: 220016640
      totalswap: 0
      freeswap: 0
      pagesize: 4096
      cpus: 8
      cpus-online: 8
      ticks-per-second: 100

metrics:
    - stressor: cpu
      bogo-ops: 82330
      bogo-ops-per-second-usr-sys-time: 516.865978
      bogo-ops-per-second-real-time: 4116.463411
      wall-clock-time: 20.000178
      user-time: 159.234839
      system-time: 0.052101
      cpu-usage-per-instance: 99.553453
      max-rss: 3152

...
