---
system-info:
      stress-ng-version: 0.17.08
      run-by: root
      date-yyyy-mm-dd: 2024:09:16
      time-hh-mm-ss: 14:48:35
      epoch-secs: 1726498115
      hostname: sc-runner
      sysname: Linux
      nodename: sc-runner
      release: 6.8.0-1014-azure
      version: '#16-Ubuntu SMP Thu Aug 15 20:04:41 UTC 2024'
      machine: x86_64
      compiler: 'musl-gcc 13.2.1'
      uptime: 380
      totalram: 67424133120
      freeram: 57237667840
      sharedram: 57155584
      bufferram: 234606592
      totalswap: 0
      freeswap: 0
      pagesize: 4096
      cpus: 8
      cpus-online: 8
      ticks-per-second: 100

metrics:
    - stressor: cpu
      bogo-ops: 74698
      bogo-ops-per-second-usr-sys-time: 469.267248
      bogo-ops-per-second-real-time: 3734.859824
      wall-clock-time: 20.000215
      user-time: 159.099288
      system-time: 0.080796
      cpu-usage-per-instance: 99.486482
      max-rss: 3252

...
