---
system-info:
      stress-ng-version: 0.17.08
      run-by: root
      date-yyyy-mm-dd: 2024:06:08
      time-hh-mm-ss: 19:17:31
      epoch-secs: 1717874251
      hostname: ebd2f233fdd7
      sysname: Linux
      nodename: ebd2f233fdd7
      release: 6.8.0-1008-aws
      version: '#8-Ubuntu SMP Sat Apr 20 00:46:25 UTC 2024'
      machine: x86_64
      compiler: 'musl-gcc 13.2.1'
      uptime: 105
      totalram: 16469204992
      freeram: 12086575104
      sharedram: 59871232
      bufferram: 104681472
      totalswap: 0
      freeswap: 0
      pagesize: 4096
      cpus: 4
      cpus-online: 4
      ticks-per-second: 100

metrics:
    - stressor: cpu
      bogo-ops: 48347
      bogo-ops-per-second-usr-sys-time: 1215.395591
      bogo-ops-per-second-real-time: 4833.875166
      wall-clock-time: 10.001706
      user-time: 39.760829
      system-time: 0.017989
      cpu-usage-per-instance: 99.430079
      max-rss: 4048

...
