---
system-info:
      stress-ng-version: 0.17.08
      run-by: root
      date-yyyy-mm-dd: 2024:06:15
      time-hh-mm-ss: 03:40:46
      epoch-secs: 1718422846
      hostname: fc7f84cb7786
      sysname: Linux
      nodename: fc7f84cb7786
      release: 6.8.0-1008-aws
      version: '#8-Ubuntu SMP Sat Apr 20 00:46:25 UTC 2024'
      machine: x86_64
      compiler: 'musl-gcc 13.2.1'
      uptime: 114
      totalram: 16469204992
      freeram: 12140105728
      sharedram: 59871232
      bufferram: 108789760
      totalswap: 0
      freeswap: 0
      pagesize: 4096
      cpus: 4
      cpus-online: 4
      ticks-per-second: 100

metrics:
    - stressor: cpu
      bogo-ops: 76947
      bogo-ops-per-second-usr-sys-time: 965.797257
      bogo-ops-per-second-real-time: 3847.334108
      wall-clock-time: 20.000083
      user-time: 79.653014
      system-time: 0.018987
      cpu-usage-per-instance: 99.589590
      max-rss: 1104

...
