---
system-info:
      stress-ng-version: 0.17.08
      run-by: root
      date-yyyy-mm-dd: 2024:06:06
      time-hh-mm-ss: 19:56:29
      epoch-secs: 1717703789
      hostname: 9997a2425e3e
      sysname: Linux
      nodename: 9997a2425e3e
      release: 6.8.0-1008-aws
      version: '#8-Ubuntu SMP Sat Apr 20 00:46:25 UTC 2024'
      machine: x86_64
      compiler: 'musl-gcc 13.2.1'
      uptime: 136
      totalram: 128684675072
      freeram: 124352671744
      sharedram: 32907264
      bufferram: 86061056
      totalswap: 0
      freeswap: 0
      pagesize: 4096
      cpus: 16
      cpus-online: 16
      ticks-per-second: 100

metrics:
    - stressor: cpu
      bogo-ops: 131411
      bogo-ops-per-second-usr-sys-time: 822.859050
      bogo-ops-per-second-real-time: 13138.181125
      wall-clock-time: 10.002222
      user-time: 159.665525
      system-time: 0.034973
      cpu-usage-per-instance: 99.790641
      max-rss: 3920

...
