---
system-info:
      stress-ng-version: 0.17.08
      run-by: root
      date-yyyy-mm-dd: 2024:06:13
      time-hh-mm-ss: 03:42:20
      epoch-secs: 1718250140
      hostname: 822f00c8b71b
      sysname: Linux
      nodename: 822f00c8b71b
      release: 6.8.0-1008-aws
      version: '#8-Ubuntu SMP Sat Apr 20 00:46:25 UTC 2024'
      machine: x86_64
      compiler: 'musl-gcc 13.2.1'
      uptime: 145
      totalram: 128684695552
      freeram: 124140797952
      sharedram: 32907264
      bufferram: 111210496
      totalswap: 0
      freeswap: 0
      pagesize: 4096
      cpus: 16
      cpus-online: 16
      ticks-per-second: 100

metrics:
    - stressor: cpu
      bogo-ops: 166233
      bogo-ops-per-second-usr-sys-time: 520.290494
      bogo-ops-per-second-real-time: 8311.578816
      wall-clock-time: 20.000171
      user-time: 319.488375
      system-time: 0.011985
      cpu-usage-per-instance: 99.843007
      max-rss: 1084

...
