---
system-info:
      stress-ng-version: 0.17.08
      run-by: root
      date-yyyy-mm-dd: 2024:09:23
      time-hh-mm-ss: 13:55:29
      epoch-secs: 1727099729
      hostname: sc-runner
      sysname: Linux
      nodename: sc-runner
      release: 6.8.0-1014-azure
      version: '#16-Ubuntu SMP Thu Aug 15 20:04:41 UTC 2024'
      machine: x86_64
      compiler: 'musl-gcc 13.2.1'
      uptime: 322
      totalram: 135060668416
      freeram: 124443316224
      sharedram: 38363136
      bufferram: 250490880
      totalswap: 0
      freeswap: 0
      pagesize: 4096
      cpus: 32
      cpus-online: 32
      ticks-per-second: 100

metrics:
    - stressor: cpu
      bogo-ops: 861855
      bogo-ops-per-second-usr-sys-time: 1347.871545
      bogo-ops-per-second-real-time: 43092.622842
      wall-clock-time: 20.000059
      user-time: 639.370262
      system-time: 0.048979
      cpu-usage-per-instance: 99.908962
      max-rss: 3252

...
