---
system-info:
      stress-ng-version: 0.17.08
      run-by: root
      date-yyyy-mm-dd: 2024:07:02
      time-hh-mm-ss: 18:51:38
      epoch-secs: 1719946298
      hostname: n1-highmem-32-977d0a9
      sysname: Linux
      nodename: n1-highmem-32-977d0a9
      release: 6.8.0-1009-gcp
      version: '#10-Ubuntu SMP Wed Jun 12 18:52:23 UTC 2024'
      machine: x86_64
      compiler: 'musl-gcc 13.2.1'
      uptime: 165
      totalram: 219518279680
      freeram: 213940260864
      sharedram: 48844800
      bufferram: 128303104
      totalswap: 0
      freeswap: 0
      pagesize: 4096
      cpus: 32
      cpus-online: 32
      ticks-per-second: 100

metrics:
    - stressor: cpu
      bogo-ops: 469447
      bogo-ops-per-second-usr-sys-time: 734.405411
      bogo-ops-per-second-real-time: 23472.206763
      wall-clock-time: 20.000122
      user-time: 639.189530
      system-time: 0.030978
      cpu-usage-per-instance: 99.877595
      max-rss: 1032

...
