---
system-info:
      stress-ng-version: 0.17.08
      run-by: root
      date-yyyy-mm-dd: 2024:06:13
      time-hh-mm-ss: 17:40:28
      epoch-secs: 1718300428
      hostname: 1d955f91f73b
      sysname: Linux
      nodename: 1d955f91f73b
      release: 6.8.0-1008-aws
      version: '#8-Ubuntu SMP Sat Apr 20 00:46:25 UTC 2024'
      machine: x86_64
      compiler: 'musl-gcc 13.2.1'
      uptime: 154
      totalram: 133622255616
      freeram: 129084649472
      sharedram: 40865792
      bufferram: 105672704
      totalswap: 0
      freeswap: 0
      pagesize: 4096
      cpus: 16
      cpus-online: 16
      ticks-per-second: 100

metrics:
    - stressor: cpu
      bogo-ops: 270054
      bogo-ops-per-second-usr-sys-time: 845.135169
      bogo-ops-per-second-real-time: 13502.634528
      wall-clock-time: 20.000097
      user-time: 319.502421
      system-time: 0.036997
      cpu-usage-per-instance: 99.855584
      max-rss: 1104

...
