---
system-info:
      stress-ng-version: 0.17.08
      run-by: root
      date-yyyy-mm-dd: 2024:06:08
      time-hh-mm-ss: 04:24:36
      epoch-secs: 1717820676
      hostname: 3f4afb009c42
      sysname: Linux
      nodename: 3f4afb009c42
      release: 6.8.0-1008-aws
      version: '#8-Ubuntu SMP Sat Apr 20 00:46:25 UTC 2024'
      machine: x86_64
      compiler: 'musl-gcc 13.2.1'
      uptime: 119
      totalram: 133622259712
      freeram: 129121497088
      sharedram: 40865792
      bufferram: 96149504
      totalswap: 0
      freeswap: 0
      pagesize: 4096
      cpus: 16
      cpus-online: 16
      ticks-per-second: 100

metrics:
    - stressor: cpu
      bogo-ops: 158512
      bogo-ops-per-second-usr-sys-time: 992.223584
      bogo-ops-per-second-real-time: 15848.203645
      wall-clock-time: 10.001891
      user-time: 159.729330
      system-time: 0.024986
      cpu-usage-per-instance: 99.827574
      max-rss: 3920

...
