BaselineInfo:
  WebDBID: -1
  TimeStamp: 20241122081523
Version:
  Major: 11
  Minor: 0
  Build: 1002
  SpecialBuildName: ""
  ptArchitecture: x86_64_linux
Results:
  Results Complete: true
  NumTestProcesses: 2
  CPU_INTEGER_MATH: 9437.887999999999
  CPU_FLOATINGPOINT_MATH: 5285.8579888985096
  CPU_PRIME: 24.330399838986672
  CPU_SORTING: 5833.6792875906085
  CPU_ENCRYPTION: 2395.0880844624107
  CPU_COMPRESSION: 39466.184671921415
  CPU_SINGLETHREAD: 2840.8023101692161
  CPU_PHYSICS: 488.20625980582395
  CPU_MATRIX_MULT_SSE: 2629.0069629650479
  CPU_mm: 253.25826004617164
  CPU_sse: 1110.7948669739835
  CPU_fma: 3486.7838475823601
  CPU_avx: 2873.3369504043276
  CPU_avx512: 3045.1121868995197
  m_CPU_enc_SHA: 3344805215.6665487
  m_CPU_enc_AES: 2267054591.5080652
  m_CPU_enc_ECDSA: 1922435842.5851564
  ME_ALLOC_S: 981.39497195328727
  ME_READ_S: 27626.9423828125
  ME_READ_L: 27300.560546875
  ME_WRITE: 26546.3984375
  ME_LARGE: 5242
  ME_LATENCY: 77.513577797595886
  ME_THREADED: 27513.40234375
  SUMM_CPU: 3834.1569326690737
  SUMM_ME: 1978.5301547967827
SystemInformation:
  OSName: Ubuntu 24.04.1 LTS
  Kernel: 6.8.0-1017-azure
  Device: ""
  Processor: AMD EPYC 9V74 80-Core Processor
  NumSockets: 1
  Manufacturer: AuthenticAMD
  NumCores: 1
  NumLogicals: 2
  CPUFrequency: 0
  Memory: 15990
  MemModuleInfo:
    iNumMemSticks: 2
    DIMM 1:
      manufacturer: Microsoft Corporation
      modulePartNo: None
      memType: Unknown
      size: 1
      clkspeed: 0
      moduleVoltage: 0
    DIMM 2:
      manufacturer: Microsoft Corporation
      modulePartNo: None
      memType: Unknown
      size: 15
      clkspeed: 0
      moduleVoltage: 0
Checksum: 21300D976FBC6726C42A86B0F83858D66411970E