---
system-info:
      stress-ng-version: 0.17.08
      run-by: root
      date-yyyy-mm-dd: 2024:09:05
      time-hh-mm-ss: 17:24:13
      epoch-secs: 1725557053
      hostname: sc-runner
      sysname: Linux
      nodename: sc-runner
      release: 6.8.0-1013-azure
      version: '#15-Ubuntu SMP Thu Aug  8 18:40:40 UTC 2024'
      machine: x86_64
      compiler: 'musl-gcc 13.2.1'
      uptime: 324
      totalram: 67419570176
      freeram: 58623074304
      sharedram: 55005184
      bufferram: 218562560
      totalswap: 0
      freeswap: 0
      pagesize: 4096
      cpus: 16
      cpus-online: 16
      ticks-per-second: 100

metrics:
    - stressor: cpu
      bogo-ops: 310695
      bogo-ops-per-second-usr-sys-time: 971.873531
      bogo-ops-per-second-real-time: 15534.697302
      wall-clock-time: 20.000068
      user-time: 319.657670
      system-time: 0.028987
      cpu-usage-per-instance: 99.901741
      max-rss: 3120

...
