---
system-info:
      stress-ng-version: 0.17.08
      run-by: root
      date-yyyy-mm-dd: 2024:09:16
      time-hh-mm-ss: 18:36:59
      epoch-secs: 1726511819
      hostname: sc-runner
      sysname: Linux
      nodename: sc-runner
      release: 6.8.0-1014-azure
      version: '#16-Ubuntu SMP Thu Aug 15 20:04:41 UTC 2024'
      machine: x86_64
      compiler: 'musl-gcc 13.2.1'
      uptime: 266
      totalram: 67419570176
      freeram: 57105121280
      sharedram: 55005184
      bufferram: 230195200
      totalswap: 0
      freeswap: 0
      pagesize: 4096
      cpus: 16
      cpus-online: 16
      ticks-per-second: 100

metrics:
    - stressor: cpu
      bogo-ops: 310371
      bogo-ops-per-second-usr-sys-time: 971.004668
      bogo-ops-per-second-real-time: 15518.502306
      wall-clock-time: 20.000061
      user-time: 319.616053
      system-time: 0.022987
      cpu-usage-per-instance: 99.886893
      max-rss: 3280

...
