---
system-info:
      stress-ng-version: 0.17.08
      run-by: root
      date-yyyy-mm-dd: 2024:06:15
      time-hh-mm-ss: 15:40:43
      epoch-secs: 1718466043
      hostname: a7ba33b0757d
      sysname: Linux
      nodename: a7ba33b0757d
      release: 6.8.0-1008-aws
      version: '#8-Ubuntu SMP Sat Apr 20 00:46:25 UTC 2024'
      machine: x86_64
      compiler: 'musl-gcc 13.2.1'
      uptime: 160
      totalram: 33355460608
      freeram: 29036961792
      sharedram: 11636736
      bufferram: 108564480
      totalswap: 0
      freeswap: 0
      pagesize: 4096
      cpus: 4
      cpus-online: 4
      ticks-per-second: 100

metrics:
    - stressor: cpu
      bogo-ops: 23580
      bogo-ops-per-second-usr-sys-time: 297.405365
      bogo-ops-per-second-real-time: 1178.986901
      wall-clock-time: 20.000222
      user-time: 79.268761
      system-time: 0.016964
      cpu-usage-per-instance: 99.106055
      max-rss: 1104

...
