---
system-info:
      stress-ng-version: 0.17.08
      run-by: root
      date-yyyy-mm-dd: 2024:06:09
      time-hh-mm-ss: 13:24:21
      epoch-secs: 1717939461
      hostname: f662e0eb1a44
      sysname: Linux
      nodename: f662e0eb1a44
      release: 6.8.0-1008-aws
      version: '#8-Ubuntu SMP Sat Apr 20 00:46:25 UTC 2024'
      machine: x86_64
      compiler: 'musl-gcc 13.2.1'
      uptime: 158
      totalram: 33355460608
      freeram: 28920463360
      sharedram: 11636736
      bufferram: 107974656
      totalswap: 0
      freeswap: 0
      pagesize: 4096
      cpus: 4
      cpus-online: 4
      ticks-per-second: 100

metrics:
    - stressor: cpu
      bogo-ops: 32052
      bogo-ops-per-second-usr-sys-time: 807.233774
      bogo-ops-per-second-real-time: 3204.833771
      wall-clock-time: 10.001143
      user-time: 39.683993
      system-time: 0.021977
      cpu-usage-per-instance: 99.253583
      max-rss: 3920

...
