---
system-info:
      stress-ng-version: 0.17.08
      run-by: root
      date-yyyy-mm-dd: 2024:06:21
      time-hh-mm-ss: 03:42:49
      epoch-secs: 1718941369
      hostname: dbf70b03d4f5
      sysname: Linux
      nodename: dbf70b03d4f5
      release: 6.8.0-1008-gcp
      version: '#9-Ubuntu SMP Wed May 22 18:09:04 UTC 2024'
      machine: x86_64
      compiler: 'musl-gcc 13.2.1'
      uptime: 187
      totalram: 33653616640
      freeram: 28644392960
      sharedram: 34975744
      bufferram: 134721536
      totalswap: 0
      freeswap: 0
      pagesize: 4096
      cpus: 4
      cpus-online: 4
      ticks-per-second: 100

metrics:
    - stressor: cpu
      bogo-ops: 53430
      bogo-ops-per-second-usr-sys-time: 2671.614212
      bogo-ops-per-second-real-time: 2671.492293
      wall-clock-time: 20.000058
      user-time: 19.999145
      system-time: 0.000000
      cpu-usage-per-instance: 99.995437
      max-rss: 1104

...
