---
system-info:
      stress-ng-version: 0.17.08
      run-by: root
      date-yyyy-mm-dd: 2024:06:09
      time-hh-mm-ss: 21:55:26
      epoch-secs: 1717970126
      hostname: 8609fc9a32e2
      sysname: Linux
      nodename: 8609fc9a32e2
      release: 6.8.0-1008-aws
      version: '#8-Ubuntu SMP Sat Apr 20 02:43:14 UTC 2024'
      machine: aarch64
      compiler: 'musl-gcc 13.2.1'
      uptime: 120
      totalram: 8141586432
      freeram: 3722043392
      sharedram: 35008512
      bufferram: 113709056
      totalswap: 0
      freeswap: 0
      pagesize: 4096
      cpus: 1
      cpus-online: 1
      ticks-per-second: 100

metrics:
    - stressor: cpu
      bogo-ops: 4193
      bogo-ops-per-second-usr-sys-time: 424.609444
      bogo-ops-per-second-real-time: 418.717980
      wall-clock-time: 10.013900
      user-time: 9.871983
      system-time: 0.002974
      cpu-usage-per-instance: 98.612498
      max-rss: 4136

...
