---
system-info:
      stress-ng-version: 0.17.08
      run-by: root
      date-yyyy-mm-dd: 2024:06:16
      time-hh-mm-ss: 01:26:47
      epoch-secs: 1718501207
      hostname: 1ad432694f13
      sysname: Linux
      nodename: 1ad432694f13
      release: 6.8.0-1008-aws
      version: '#8-Ubuntu SMP Sat Apr 20 02:43:14 UTC 2024'
      machine: aarch64
      compiler: 'musl-gcc 13.2.1'
      uptime: 127
      totalram: 8141586432
      freeram: 3942006784
      sharedram: 35008512
      bufferram: 109858816
      totalswap: 0
      freeswap: 0
      pagesize: 4096
      cpus: 1
      cpus-online: 1
      ticks-per-second: 100

metrics:
    - stressor: cpu
      bogo-ops: 30209
      bogo-ops-per-second-usr-sys-time: 1532.316151
      bogo-ops-per-second-real-time: 1510.444382
      wall-clock-time: 20.000074
      user-time: 19.713609
      system-time: 0.000991
      cpu-usage-per-instance: 98.572633
      max-rss: 1192

...
