---
system-info:
      stress-ng-version: 0.17.08
      run-by: root
      date-yyyy-mm-dd: 2024:07:26
      time-hh-mm-ss: 05:46:13
      epoch-secs: 1721972773
      hostname: a2-ultragpu-2g-78f8e6d
      sysname: Linux
      nodename: a2-ultragpu-2g-78f8e6d
      release: 6.8.0-1010-gcp
      version: '#11-Ubuntu SMP Fri Jun 14 16:56:45 UTC 2024'
      machine: x86_64
      compiler: 'musl-gcc 13.2.1'
      uptime: 263
      totalram: 359040368640
      freeram: 350599233536
      sharedram: 41889792
      bufferram: 130752512
      totalswap: 0
      freeswap: 0
      pagesize: 4096
      cpus: 24
      cpus-online: 24
      ticks-per-second: 100

metrics:
    - stressor: cpu
      bogo-ops: 24030
      bogo-ops-per-second-usr-sys-time: 1201.615415
      bogo-ops-per-second-real-time: 1201.492738
      wall-clock-time: 20.000121
      user-time: 19.998079
      system-time: 0.000000
      cpu-usage-per-instance: 99.989791
      max-rss: 1212

...
