BaselineInfo:
  WebDBID: -1
  TimeStamp: 20241109021230
Version:
  Major: 11
  Minor: 0
  Build: 1002
  SpecialBuildName: ""
  ptArchitecture: aarch64_linux
Results:
  Results Complete: true
  NumTestProcesses: 64
  CPU_INTEGER_MATH: 305244.26499999996
  CPU_FLOATINGPOINT_MATH: 303578.31892593147
  CPU_PRIME: 340.51896179668262
  CPU_SORTING: 246172.85311668608
  CPU_ENCRYPTION: 8890.9615515969635
  CPU_COMPRESSION: 338398.23681054643
  CPU_SINGLETHREAD: 1560.1868774411357
  CPU_PHYSICS: 8642.3815605502004
  CPU_MATRIX_MULT_SSE: 52972.953452453483
  CPU_mm: 6941.683674408996
  CPU_sse: 44569.492797524967
  CPU_fma: 61376.414107382036
  CPU_avx: 0
  CPU_avx512: 0
  m_CPU_enc_SHA: 13445612480.854122
  m_CPU_enc_AES: 5179103041.5308552
  m_CPU_enc_ECDSA: 9343831177.3970242
  ME_ALLOC_S: 31329.729104159927
  ME_READ_S: 19682.836523437501
  ME_READ_L: 19018.740234375
  ME_WRITE: 19704.251953125
  ME_LARGE: 240265.91666666666
  ME_LATENCY: 49.877140153568313
  ME_THREADED: 261787.3017578125
  SUMM_CPU: 34603.257028858228
  SUMM_ME: 3151.6410905159855
SystemInformation:
  OSName: Ubuntu 24.04.1 LTS
  Kernel: 6.8.0-1016-aws
  Device: ""
  Processor: ARM Neoverse-V1 64 Core 0 MHz
  NumSockets: 1
  Manufacturer: ARM
  NumCores: 64
  NumLogicals: 64
  CPUFrequency: 0
  Memory: 253157
Checksum: D21CCD4A45BCF15B9467184A0EDA3367D451E841