---
system-info:
      stress-ng-version: 0.17.08
      run-by: root
      date-yyyy-mm-dd: 2024:07:02
      time-hh-mm-ss: 09:14:39
      epoch-secs: 1719911679
      hostname: n2-highmem-16-d938a26
      sysname: Linux
      nodename: n2-highmem-16-d938a26
      release: 6.8.0-1009-gcp
      version: '#10-Ubuntu SMP Wed Jun 12 18:52:23 UTC 2024'
      machine: x86_64
      compiler: 'musl-gcc 13.2.1'
      uptime: 166
      totalram: 135067537408
      freeram: 129768271872
      sharedram: 36048896
      bufferram: 127868928
      totalswap: 0
      freeswap: 0
      pagesize: 4096
      cpus: 16
      cpus-online: 16
      ticks-per-second: 100

metrics:
    - stressor: cpu
      bogo-ops: 36762
      bogo-ops-per-second-usr-sys-time: 1838.112499
      bogo-ops-per-second-real-time: 1838.090162
      wall-clock-time: 20.000107
      user-time: 19.999864
      system-time: 0.000000
      cpu-usage-per-instance: 99.998785
      max-rss: 1104

...
