BaselineInfo:
  WebDBID: -1
  TimeStamp: 20241115165317
Version:
  Major: 11
  Minor: 0
  Build: 1002
  SpecialBuildName: ""
  ptArchitecture: x86_64_linux
Results:
  Results Complete: true
  NumTestProcesses: 2
  CPU_INTEGER_MATH: 9989.7473333333328
  CPU_FLOATINGPOINT_MATH: 7015.7726341227117
  CPU_PRIME: 18.871309236769797
  CPU_SORTING: 4815.6421757709923
  CPU_ENCRYPTION: 2182.1292938736356
  CPU_COMPRESSION: 37291.576478468225
  CPU_SINGLETHREAD: 2971.7335683215861
  CPU_PHYSICS: 461.69791341054906
  CPU_MATRIX_MULT_SSE: 2623.7255531031506
  CPU_mm: 274.40980581854421
  CPU_sse: 1162.4573617153537
  CPU_fma: 3029.3386253297276
  CPU_avx: 2463.1848990506569
  CPU_avx512: 3839.9213263168649
  m_CPU_enc_SHA: 2297760220.235837
  m_CPU_enc_AES: 2948827412.032876
  m_CPU_enc_ECDSA: 1617797587.0898113
  ME_ALLOC_S: 1019.4965327564245
  ME_READ_S: 27686.675585937501
  ME_READ_L: 8780.0654296875
  ME_WRITE: 11627.802734375
  ME_LARGE: 688.33333333333337
  ME_LATENCY: 83.155012869120739
  ME_THREADED: 14105.60107421875
  SUMM_CPU: 3819.8799159588566
  SUMM_ME: 948.40648167510369
SystemInformation:
  OSName: Ubuntu 24.04.1 LTS
  Kernel: 6.8.0-1018-aws
  Device: ""
  Processor: Intel Xeon Platinum 8488C
  NumSockets: 1
  Manufacturer: GenuineIntel
  NumCores: 1
  NumLogicals: 2
  CPUFrequency: 0
  Memory: 7780
  MemModuleInfo:
    iNumMemSticks: 1
    DIMM 1:
      manufacturer: Not Specified
      modulePartNo: Not Specified
      memType: DDR5
      size: 8
      clkspeed: 2400
      moduleVoltage: 0
Checksum: 5521737499EBA7087BE3863373B93A33FD86B6F6