BaselineInfo:
  WebDBID: -1
  TimeStamp: 20241111093538
Version:
  Major: 11
  Minor: 0
  Build: 1002
  SpecialBuildName: ""
  ptArchitecture: x86_64_linux
Results:
  Results Complete: true
  NumTestProcesses: 2
  CPU_INTEGER_MATH: 9832.3639999999996
  CPU_FLOATINGPOINT_MATH: 6999.9934677515757
  CPU_PRIME: 18.222761968324512
  CPU_SORTING: 4921.9921154899603
  CPU_ENCRYPTION: 2176.8562436701523
  CPU_COMPRESSION: 37021.212161416552
  CPU_SINGLETHREAD: 2950.0040778259349
  CPU_PHYSICS: 461.81493667173567
  CPU_MATRIX_MULT_SSE: 2572.529737479339
  CPU_mm: 278.78863221796701
  CPU_sse: 1200.445205132005
  CPU_fma: 3026.3826502053316
  CPU_avx: 2425.5394589500456
  CPU_avx512: 3637.7516356299743
  m_CPU_enc_SHA: 2291058661.6838861
  m_CPU_enc_AES: 2956046070.7291279
  m_CPU_enc_ECDSA: 1600692905.2750072
  ME_ALLOC_S: 1077.3133654465209
  ME_READ_S: 27248.958398437499
  ME_READ_L: 8959.873046875
  ME_WRITE: 12498.1767578125
  ME_LARGE: 620.16666666666663
  ME_LATENCY: 82.915537778181687
  ME_THREADED: 12295.21044921875
  SUMM_CPU: 3796.2397771534079
  SUMM_ME: 900.81991638092688
SystemInformation:
  OSName: Ubuntu 24.04.1 LTS
  Kernel: 6.8.0-1016-aws
  Device: ""
  Processor: Intel Xeon Platinum 8488C
  NumSockets: 1
  Manufacturer: GenuineIntel
  NumCores: 1
  NumLogicals: 2
  CPUFrequency: 0
  Memory: 7780
  MemModuleInfo:
    iNumMemSticks: 1
    DIMM 1:
      manufacturer: Not Specified
      modulePartNo: Not Specified
      memType: DDR5
      size: 8
      clkspeed: 2400
      moduleVoltage: 0
Checksum: 7D48D08B7488371B005E8C3D966184E4349CF2EB