BaselineInfo:
  WebDBID: -1
  TimeStamp: 20241115033713
Version:
  Major: 11
  Minor: 0
  Build: 1002
  SpecialBuildName: ""
  ptArchitecture: x86_64_linux
Results:
  Results Complete: true
  NumTestProcesses: 2
  CPU_INTEGER_MATH: 9797.0059999999994
  CPU_FLOATINGPOINT_MATH: 6925.2756107901641
  CPU_PRIME: 19.062295532536254
  CPU_SORTING: 4817.1399322489324
  CPU_ENCRYPTION: 2167.4379193197483
  CPU_COMPRESSION: 36873.96979118367
  CPU_SINGLETHREAD: 2850.8989641059879
  CPU_PHYSICS: 455.502765213673
  CPU_MATRIX_MULT_SSE: 2522.1634718749269
  CPU_mm: 272.63092850100264
  CPU_sse: 1188.7948661682783
  CPU_fma: 3030.7037606892604
  CPU_avx: 2331.6932663938933
  CPU_avx512: 3537.461994248275
  m_CPU_enc_SHA: 2284430295.3774018
  m_CPU_enc_AES: 2941837335.0143929
  m_CPU_enc_ECDSA: 1591902520.674078
  ME_ALLOC_S: 1005.6235774576444
  ME_READ_S: 26640.4052734375
  ME_READ_L: 8722.021484375
  ME_WRITE: 12273.55078125
  ME_LARGE: 636
  ME_LATENCY: 84.805287040968267
  ME_THREADED: 12069.09228515625
  SUMM_CPU: 3766.4517796861537
  SUMM_ME: 898.42764068607164
SystemInformation:
  OSName: Ubuntu 24.04.1 LTS
  Kernel: 6.8.0-1018-aws
  Device: ""
  Processor: Intel Xeon Platinum 8488C
  NumSockets: 1
  Manufacturer: GenuineIntel
  NumCores: 1
  NumLogicals: 2
  CPUFrequency: 0
  Memory: 7780
  MemModuleInfo:
    iNumMemSticks: 1
    DIMM 1:
      manufacturer: Not Specified
      modulePartNo: Not Specified
      memType: DDR5
      size: 8
      clkspeed: 2400
      moduleVoltage: 0
Checksum: 0A71BF6DABE000447798464DB4C7EB5FBF53A070