---
system-info:
      stress-ng-version: 0.17.08
      run-by: root
      date-yyyy-mm-dd: 2024:06:09
      time-hh-mm-ss: 09:42:28
      epoch-secs: 1717926148
      hostname: acecb8c6cc67
      sysname: Linux
      nodename: acecb8c6cc67
      release: 6.8.0-1008-aws
      version: '#8-Ubuntu SMP Sat Apr 20 00:46:25 UTC 2024'
      machine: x86_64
      compiler: 'musl-gcc 13.2.1'
      uptime: 117
      totalram: 8158900224
      freeram: 3690496000
      sharedram: 113504256
      bufferram: 106176512
      totalswap: 0
      freeswap: 0
      pagesize: 4096
      cpus: 2
      cpus-online: 2
      ticks-per-second: 100

metrics:
    - stressor: cpu
      bogo-ops: 18345
      bogo-ops-per-second-usr-sys-time: 1834.630075
      bogo-ops-per-second-real-time: 1834.483423
      wall-clock-time: 10.000090
      user-time: 9.998294
      system-time: 0.000997
      cpu-usage-per-instance: 99.992006
      max-rss: 3792

...
