---
system-info:
      stress-ng-version: 0.17.08
      run-by: root
      date-yyyy-mm-dd: 2024:06:15
      time-hh-mm-ss: 11:41:17
      epoch-secs: 1718451677
      hostname: 575487db40d6
      sysname: Linux
      nodename: 575487db40d6
      release: 6.8.0-1008-aws
      version: '#8-Ubuntu SMP Sat Apr 20 00:46:25 UTC 2024'
      machine: x86_64
      compiler: 'musl-gcc 13.2.1'
      uptime: 135
      totalram: 8158912512
      freeram: 3785994240
      sharedram: 113504256
      bufferram: 109555712
      totalswap: 0
      freeswap: 0
      pagesize: 4096
      cpus: 2
      cpus-online: 2
      ticks-per-second: 100

metrics:
    - stressor: cpu
      bogo-ops: 39236
      bogo-ops-per-second-usr-sys-time: 1961.946557
      bogo-ops-per-second-real-time: 1961.794083
      wall-clock-time: 20.000060
      user-time: 19.997498
      system-time: 0.001008
      cpu-usage-per-instance: 99.992228
      max-rss: 1104

...
