BaselineInfo:
  WebDBID: -1
  TimeStamp: 20250527061127
Version:
  Major: 11
  Minor: 0
  Build: 1002
  SpecialBuildName: ""
  ptArchitecture: x86_64_linux
Results:
  Results Complete: true
  NumTestProcesses: 32
  CPU_INTEGER_MATH: 170165.70000000001
  CPU_FLOATINGPOINT_MATH: 120579.29296722219
  CPU_PRIME: 339.20087660129633
  CPU_SORTING: 84637.169506512175
  CPU_ENCRYPTION: 37336.457787662017
  CPU_COMPRESSION: 621814.6400464914
  CPU_SINGLETHREAD: 3245.5096753425009
  CPU_PHYSICS: 7846.1955469037257
  CPU_MATRIX_MULT_SSE: 50417.093172288609
  CPU_mm: 4810.7802316778825
  CPU_sse: 20751.035802987863
  CPU_fma: 55451.705684181492
  CPU_avx: 42649.693533874954
  CPU_avx512: 82815.937668110157
  m_CPU_enc_SHA: 39591494383.981567
  m_CPU_enc_AES: 51603964709.981483
  m_CPU_enc_ECDSA: 26254881589.503407
  ME_ALLOC_S: 20147.552056995264
  ME_READ_S: 28876.095507812501
  ME_READ_L: 10801.685546875
  ME_WRITE: 10006.74609375
  ME_LARGE: 666199.08333333337
  ME_LATENCY: 57.742876644251204
  ME_THREADED: 284038.634765625
  SUMM_CPU: 52531.401685108256
  SUMM_ME: 2711.3440191128561
SystemInformation:
  OSName: Ubuntu 24.04.2 LTS
  Kernel: 6.11.0-1015-azure
  Device: ""
  Processor: INTEL XEON PLATINUM 8573C
  NumSockets: 2
  Manufacturer: GenuineIntel
  NumCores: 16
  NumLogicals: 32
  CPUFrequency: 2300
  Memory: 677255
  MemModuleInfo:
    iNumMemSticks: 4
    DIMM 1:
      manufacturer: Microsoft Corporation
      modulePartNo: None
      memType: Unknown
      size: 1
      clkspeed: 0
      moduleVoltage: 0
    DIMM 2:
      manufacturer: Microsoft Corporation
      modulePartNo: None
      memType: Unknown
      size: 59
      clkspeed: 0
      moduleVoltage: 0
    DIMM 3:
      manufacturer: Microsoft Corporation
      modulePartNo: None
      memType: Unknown
      size: 276
      clkspeed: 0
      moduleVoltage: 0
    DIMM 4:
      manufacturer: Microsoft Corporation
      modulePartNo: None
      memType: Unknown
      size: 336
      clkspeed: 0
      moduleVoltage: 0
Checksum: 96112F8D2C1301DD59B53BF3B4A84BBED8AC7DDE