BaselineInfo:
  WebDBID: -1
  TimeStamp: 20250526234425
Version:
  Major: 11
  Minor: 0
  Build: 1002
  SpecialBuildName: ""
  ptArchitecture: x86_64_linux
Results:
  Results Complete: true
  NumTestProcesses: 24
  CPU_INTEGER_MATH: 127788.64
  CPU_FLOATINGPOINT_MATH: 90562.871532708581
  CPU_PRIME: 257.05916561149945
  CPU_SORTING: 62432.304067729521
  CPU_ENCRYPTION: 28075.793011914644
  CPU_COMPRESSION: 457343.5200834237
  CPU_SINGLETHREAD: 3251.1116866331463
  CPU_PHYSICS: 5928.4062271769562
  CPU_MATRIX_MULT_SSE: 37877.034483039395
  CPU_mm: 3613.3690965484921
  CPU_sse: 15598.118291072591
  CPU_fma: 41545.235811773797
  CPU_avx: 32145.318008492435
  CPU_avx512: 62219.465820818761
  m_CPU_enc_SHA: 29743903511.360798
  m_CPU_enc_AES: 38767820719.842873
  m_CPU_enc_ECDSA: 19807083968.580555
  ME_ALLOC_S: 11285.072730098316
  ME_READ_S: 27167.437109375001
  ME_READ_L: 7521.9189453125
  ME_WRITE: 6933.8642578125
  ME_LARGE: 497647.16666666669
  ME_LATENCY: 99.539659667765946
  ME_THREADED: 138545.8076171875
  SUMM_CPU: 41565.315301318122
  SUMM_ME: 1789.9755218540413
SystemInformation:
  OSName: Ubuntu 24.04.2 LTS
  Kernel: 6.11.0-1015-azure
  Device: ""
  Processor: INTEL XEON PLATINUM 8573C
  NumSockets: 1
  Manufacturer: GenuineIntel
  NumCores: 12
  NumLogicals: 24
  CPUFrequency: 2300
  Memory: 507722
  MemModuleInfo:
    iNumMemSticks: 3
    DIMM 1:
      manufacturer: Microsoft Corporation
      modulePartNo: None
      memType: Unknown
      size: 1
      clkspeed: 0
      moduleVoltage: 0
    DIMM 2:
      manufacturer: Microsoft Corporation
      modulePartNo: None
      memType: Unknown
      size: 59
      clkspeed: 0
      moduleVoltage: 0
    DIMM 3:
      manufacturer: Microsoft Corporation
      modulePartNo: None
      memType: Unknown
      size: 444
      clkspeed: 0
      moduleVoltage: 0
Checksum: D0A43AB6431FAC9723DDA7EEDE0C18A6760CB4C5