BaselineInfo:
  WebDBID: -1
  TimeStamp: 20241114194717
Version:
  Major: 11
  Minor: 0
  Build: 1002
  SpecialBuildName: ""
  ptArchitecture: x86_64_linux
Results:
  Results Complete: true
  NumTestProcesses: 2
  CPU_INTEGER_MATH: 5103.835
  CPU_FLOATINGPOINT_MATH: 2760.0793033980881
  CPU_PRIME: 8.0500601574096677
  CPU_SORTING: 3256.1778800575694
  CPU_ENCRYPTION: 1616.3309605199647
  CPU_COMPRESSION: 21493.895924945238
  CPU_SINGLETHREAD: 1223.9880358392559
  CPU_PHYSICS: 207.05320264001261
  CPU_MATRIX_MULT_SSE: 778.90697039460053
  CPU_mm: 155.425568200783
  CPU_sse: 631.54593088338891
  CPU_fma: 934.01574316990627
  CPU_avx: 771.15923713050665
  CPU_avx512: 0
  m_CPU_enc_SHA: 2286495126.4330406
  m_CPU_enc_AES: 1581860923.2710967
  m_CPU_enc_ECDSA: 1216181510.07041
  ME_ALLOC_S: 454.37094645604111
  ME_READ_S: 13353.23056640625
  ME_READ_L: 10239.8544921875
  ME_WRITE: 7427.29736328125
  ME_LARGE: 607.58333333333337
  ME_LATENCY: 72.139211889748651
  ME_THREADED: 15923.2421875
  SUMM_CPU: 1851.8882761790621
  SUMM_ME: 815.00524829015421
SystemInformation:
  OSName: Ubuntu 24.04.1 LTS
  Kernel: 6.8.0-1018-aws
  Device: ""
  Processor: AMD EPYC 7571
  NumSockets: 1
  Manufacturer: AuthenticAMD
  NumCores: 1
  NumLogicals: 2
  CPUFrequency: 0
  Memory: 7842
  MemModuleInfo:
    iNumMemSticks: 1
    DIMM 1:
      manufacturer: Not Specified
      modulePartNo: Not Specified
      memType: DDR4
      size: 8
      clkspeed: 1333
      moduleVoltage: 0
Checksum: 84F76E67D4324DD239E256E0F24C77028796FE10