BaselineInfo:
  WebDBID: -1
  TimeStamp: 20241106235748
Version:
  Major: 11
  Minor: 0
  Build: 1002
  SpecialBuildName: ""
  ptArchitecture: x86_64_linux
Results:
  Results Complete: true
  NumTestProcesses: 2
  CPU_INTEGER_MATH: 5090.6526666666668
  CPU_FLOATINGPOINT_MATH: 2812.7589220963891
  CPU_PRIME: 6.3028091432139508
  CPU_SORTING: 3138.3148962590658
  CPU_ENCRYPTION: 1602.8960095141451
  CPU_COMPRESSION: 21950.779545128575
  CPU_SINGLETHREAD: 1236.5691058735381
  CPU_PHYSICS: 193.1872271490615
  CPU_MATRIX_MULT_SSE: 764.84744733917944
  CPU_mm: 155.3758379547856
  CPU_sse: 626.63333996481379
  CPU_fma: 914.89608574539602
  CPU_avx: 753.01291630732851
  CPU_avx512: 0
  m_CPU_enc_SHA: 2274882841.9838772
  m_CPU_enc_AES: 1572636532.6423736
  m_CPU_enc_ECDSA: 1194755483.5906625
  ME_ALLOC_S: 468.1254749078729
  ME_READ_S: 13145.828125
  ME_READ_L: 8881.498046875
  ME_WRITE: 6730.69140625
  ME_LARGE: 585.33333333333337
  ME_LATENCY: 85.251980400806858
  ME_THREADED: 13527.13916015625
  SUMM_CPU: 1817.624684709484
  SUMM_ME: 759.66235917326355
SystemInformation:
  OSName: Ubuntu 24.04.1 LTS
  Kernel: 6.8.0-1016-aws
  Device: ""
  Processor: AMD EPYC 7571
  NumSockets: 1
  Manufacturer: AuthenticAMD
  NumCores: 1
  NumLogicals: 2
  CPUFrequency: 0
  Memory: 7842
  MemModuleInfo:
    iNumMemSticks: 1
    DIMM 1:
      manufacturer: Not Specified
      modulePartNo: Not Specified
      memType: DDR4
      size: 8
      clkspeed: 1333
      moduleVoltage: 0
Checksum: 24DAFC90A8757694196A7220F82CA59A99E06676