BaselineInfo:
  WebDBID: -1
  TimeStamp: 20241115120134
Version:
  Major: 11
  Minor: 0
  Build: 1002
  SpecialBuildName: ""
  ptArchitecture: x86_64_linux
Results:
  Results Complete: true
  NumTestProcesses: 2
  CPU_INTEGER_MATH: 5095.788333333333
  CPU_FLOATINGPOINT_MATH: 2720.4877861708123
  CPU_PRIME: 8.6196501013919047
  CPU_SORTING: 3245.8816488548987
  CPU_ENCRYPTION: 1608.7441742762028
  CPU_COMPRESSION: 21784.377903133663
  CPU_SINGLETHREAD: 1353.4557512924225
  CPU_PHYSICS: 200.75355522752346
  CPU_MATRIX_MULT_SSE: 776.61349718446718
  CPU_mm: 156.1571891070646
  CPU_sse: 634.10661583874867
  CPU_fma: 932.04988055978754
  CPU_avx: 763.68399515486522
  CPU_avx512: 0
  m_CPU_enc_SHA: 2281674980.1973157
  m_CPU_enc_AES: 1579078615.3503876
  m_CPU_enc_ECDSA: 1199917998.3098269
  ME_ALLOC_S: 487.4923421282968
  ME_READ_S: 13722.5923828125
  ME_READ_L: 9970.943359375
  ME_WRITE: 7139.947265625
  ME_LARGE: 635.75
  ME_LATENCY: 84.709614021807624
  ME_THREADED: 14354.15771484375
  SUMM_CPU: 1856.6462019510279
  SUMM_ME: 805.79341391084768
SystemInformation:
  OSName: Ubuntu 24.04.1 LTS
  Kernel: 6.8.0-1018-aws
  Device: ""
  Processor: AMD EPYC 7571
  NumSockets: 1
  Manufacturer: AuthenticAMD
  NumCores: 1
  NumLogicals: 2
  CPUFrequency: 0
  Memory: 7842
  MemModuleInfo:
    iNumMemSticks: 1
    DIMM 1:
      manufacturer: Not Specified
      modulePartNo: Not Specified
      memType: DDR4
      size: 8
      clkspeed: 1333
      moduleVoltage: 0
Checksum: 3DA195190EE5AD399B1D67438F0184CCB5F78606