BaselineInfo:
  WebDBID: -1
  TimeStamp: 20260404214523
Version:
  Major: 11
  Minor: 0
  Build: 1004
  SpecialBuildName: ""
  ptArchitecture: x86_64_linux
Results:
  Results Complete: true
  NumTestProcesses: 16
  CPU_INTEGER_MATH: 39408.431666666671
  CPU_FLOATINGPOINT_MATH: 21159.774548188925
  CPU_PRIME: 69.498394994922421
  CPU_SORTING: 24063.127454759448
  CPU_ENCRYPTION: 5457.0150497656277
  CPU_COMPRESSION: 182937.77579808756
  CPU_SINGLETHREAD: 1655.6599604227979
  CPU_PHYSICS: 1292.6002288673105
  CPU_MATRIX_MULT_SSE: 12360.515215335634
  CPU_mm: 1201.6608786797469
  CPU_sse: 4315.6177894244966
  CPU_fma: 14660.94577663676
  CPU_avx: 10363.541221289939
  CPU_avx512: 20101.956073991336
  m_CPU_enc_SHA: 1781583973.3935032
  m_CPU_enc_AES: 13771352900.500444
  m_CPU_enc_ECDSA: 1613348164.5751767
  ME_ALLOC_S: 4431.6863468265301
  ME_READ_S: 19300.413281249999
  ME_READ_L: 7068.37744140625
  ME_WRITE: 7242.6611328125
  ME_LARGE: 50480.666666666664
  ME_LATENCY: 75.756220301068709
  ME_THREADED: 72996.85888671875
  SUMM_CPU: 13055.327496859218
  SUMM_ME: 1848.4792634931225
SystemInformation:
  OSName: Ubuntu 24.04.4 LTS
  Kernel: 6.8.0-106-generic
  Device: ""
  Processor: Intel(R) Xeon(R) Platinum 8269CY CPU @ 2.50GHz
  NumSockets: 1
  Manufacturer: GenuineIntel
  NumCores: 8
  NumLogicals: 16
  CPUFrequency: 0
  CPUMaxFrequency: 0
  Memory: 63789
  CPUInfo:
    number: 1
    Family: 6
    Model: 5
    stepping: 7
    features: 529267711
    manufacture: GenuineIntel
    typestring: Intel(R) Xeon(R) Platinum 8269CY CPU @ 2.50GHz
    iCoresPerPackage: 8
    iThreadsPerPackage: 2
    featuresEx:
      - 529267711
      - 4277809667
      - 739248128
    bHybrid: false
    nPCore: 0
    nLogicalsPerPCore: 0
    nECore: 0
    nLogicalsPerECore: 0
  MemModuleInfo:
    iNumMemSticks: 4
    DIMM 1:
      manufacturer: Alibaba Cloud
      modulePartNo: Not Specified
      memType: RAM
      size: 16
      clkspeed: 0
      moduleVoltage: 0
    DIMM 2:
      manufacturer: Alibaba Cloud
      modulePartNo: Not Specified
      memType: RAM
      size: 16
      clkspeed: 0
      moduleVoltage: 0
    DIMM 3:
      manufacturer: Alibaba Cloud
      modulePartNo: Not Specified
      memType: RAM
      size: 16
      clkspeed: 0
      moduleVoltage: 0
    DIMM 4:
      manufacturer: Alibaba Cloud
      modulePartNo: Not Specified
      memType: RAM
      size: 16
      clkspeed: 0
      moduleVoltage: 0
Checksum: 3B4C7FD5ABB52D3A52D0CF82B104FB6531A90019