BaselineInfo:
  WebDBID: -1
  TimeStamp: 20241114214520
Version:
  Major: 11
  Minor: 0
  Build: 1002
  SpecialBuildName: ""
  ptArchitecture: aarch64_linux
Results:
  Results Complete: true
  NumTestProcesses: 2
  CPU_INTEGER_MATH: 7835.0393333333332
  CPU_FLOATINGPOINT_MATH: 5948.1866233243582
  CPU_PRIME: 17.394078577724841
  CPU_SORTING: 5678.3609048931594
  CPU_ENCRYPTION: 269.3271278036774
  CPU_COMPRESSION: 9013.4867046573163
  CPU_SINGLETHREAD: 1110.5139774424222
  CPU_PHYSICS: 363.7830896783762
  CPU_MATRIX_MULT_SSE: 1239.2298195462213
  CPU_mm: 206.38095192067493
  CPU_sse: 1040.4562383228804
  CPU_fma: 1438.0034007695622
  CPU_avx: 0
  CPU_avx512: 0
  m_CPU_enc_SHA: 406548394.87077248
  m_CPU_enc_AES: 187845589.30457336
  m_CPU_enc_ECDSA: 252835902.91626084
  ME_ALLOC_S: 1298.2026244629767
  ME_READ_S: 9450.4203125000004
  ME_READ_L: 9227.72265625
  ME_WRITE: 12556.857421875
  ME_LARGE: 6902.666666666667
  ME_LATENCY: 70.836425961565268
  ME_THREADED: 17861.1484375
  SUMM_CPU: 1358.8140624919431
  SUMM_ME: 1453.9624978688594
SystemInformation:
  OSName: Ubuntu 24.04.1 LTS
  Kernel: 6.8.0-1018-aws
  Device: ""
  Processor: ARM Neoverse-N1 2 Core 0 MHz
  NumSockets: 1
  Manufacturer: ARM
  NumCores: 2
  NumLogicals: 2
  CPUFrequency: 0
  Memory: 15768
Checksum: B3299528E02BDA7F37EAE8D9F328F46DFF89EBA6