BaselineInfo:
  WebDBID: -1
  TimeStamp: 20241107032413
Version:
  Major: 11
  Minor: 0
  Build: 1002
  SpecialBuildName: ""
  ptArchitecture: aarch64_linux
Results:
  Results Complete: true
  NumTestProcesses: 2
  CPU_INTEGER_MATH: 7823.7503333333334
  CPU_FLOATINGPOINT_MATH: 5960.3818714048284
  CPU_PRIME: 16.625024671294355
  CPU_SORTING: 5649.7287404815579
  CPU_ENCRYPTION: 266.87227049071691
  CPU_COMPRESSION: 8821.1096427357697
  CPU_SINGLETHREAD: 1110.9119158240087
  CPU_PHYSICS: 361.21915537459984
  CPU_MATRIX_MULT_SSE: 1234.9684981561829
  CPU_mm: 207.2955346908177
  CPU_sse: 1029.4059851595707
  CPU_fma: 1440.5310111527951
  CPU_avx: 0
  CPU_avx512: 0
  m_CPU_enc_SHA: 399206453.01322347
  m_CPU_enc_AES: 186334307.05303574
  m_CPU_enc_ECDSA: 253966813.63996267
  ME_ALLOC_S: 1314.2122072192958
  ME_READ_S: 9464.68017578125
  ME_READ_L: 9213.5283203125
  ME_WRITE: 12555.5966796875
  ME_LARGE: 5938
  ME_LATENCY: 69.738748269472225
  ME_THREADED: 18200.8515625
  SUMM_CPU: 1343.5609693917972
  SUMM_ME: 1448.7394584313122
SystemInformation:
  OSName: Ubuntu 24.04.1 LTS
  Kernel: 6.8.0-1016-aws
  Device: ""
  Processor: ARM Neoverse-N1 2 Core 0 MHz
  NumSockets: 1
  Manufacturer: ARM
  NumCores: 2
  NumLogicals: 2
  CPUFrequency: 0
  Memory: 15768
Checksum: FC2CBC54CEB539869F4004BE1F9E8934F45D3117