BaselineInfo:
  WebDBID: -1
  TimeStamp: 20241115140207
Version:
  Major: 11
  Minor: 0
  Build: 1002
  SpecialBuildName: ""
  ptArchitecture: aarch64_linux
Results:
  Results Complete: true
  NumTestProcesses: 2
  CPU_INTEGER_MATH: 7843.275333333333
  CPU_FLOATINGPOINT_MATH: 5951.3208389940082
  CPU_PRIME: 17.121647956801706
  CPU_SORTING: 5637.4823127538475
  CPU_ENCRYPTION: 269.59082223149562
  CPU_COMPRESSION: 8932.1285851950888
  CPU_SINGLETHREAD: 1110.092466937278
  CPU_PHYSICS: 359.08512238177946
  CPU_MATRIX_MULT_SSE: 1233.803754845514
  CPU_mm: 207.32211592115911
  CPU_sse: 1028.2154395602897
  CPU_fma: 1439.3920701307384
  CPU_avx: 0
  CPU_avx512: 0
  m_CPU_enc_SHA: 407489768.68238068
  m_CPU_enc_AES: 187414126.23232418
  m_CPU_enc_ECDSA: 253155503.1219334
  ME_ALLOC_S: 1309.0586389304517
  ME_READ_S: 9484.97265625
  ME_READ_L: 9229.306640625
  ME_WRITE: 12539.5048828125
  ME_LARGE: 6920.083333333333
  ME_LATENCY: 71.174531818190076
  ME_THREADED: 18239.361328125
  SUMM_CPU: 1354.2737666692256
  SUMM_ME: 1457.0719520574439
SystemInformation:
  OSName: Ubuntu 24.04.1 LTS
  Kernel: 6.8.0-1018-aws
  Device: ""
  Processor: ARM Neoverse-N1 2 Core 0 MHz
  NumSockets: 1
  Manufacturer: ARM
  NumCores: 2
  NumLogicals: 2
  CPUFrequency: 0
  Memory: 15768
Checksum: 5C0164E9A120F6ECD8BE55631D0316B1E1AD4F46