BaselineInfo:
  WebDBID: -1
  TimeStamp: 20241107095959
Version:
  Major: 11
  Minor: 0
  Build: 1002
  SpecialBuildName: ""
  ptArchitecture: x86_64_linux
Results:
  Results Complete: true
  NumTestProcesses: 2
  CPU_INTEGER_MATH: 8364.9833333333336
  CPU_FLOATINGPOINT_MATH: 4281.7242956415121
  CPU_PRIME: 18.889282952394097
  CPU_SORTING: 4410.6118662882745
  CPU_ENCRYPTION: 1792.1542285682335
  CPU_COMPRESSION: 32180.669582054659
  CPU_SINGLETHREAD: 2374.2129375993395
  CPU_PHYSICS: 362.81659717934451
  CPU_MATRIX_MULT_SSE: 1675.9948627973895
  CPU_mm: 180.26189495030383
  CPU_sse: 794.05067005600495
  CPU_fma: 2182.2626280113836
  CPU_avx: 1612.0281978205439
  CPU_avx512: 2115.6379553016259
  m_CPU_enc_SHA: 1764470306.0063767
  m_CPU_enc_AES: 2750246746.2552996
  m_CPU_enc_ECDSA: 1122912684.8638163
  ME_ALLOC_S: 1025.3034822528828
  ME_READ_S: 24245.203906250001
  ME_READ_L: 12203.693359375
  ME_WRITE: 10850.3798828125
  ME_LARGE: 6064
  ME_LATENCY: 52.721361724156885
  ME_THREADED: 15889.9365234375
  SUMM_CPU: 2986.7202651383359
  SUMM_ME: 1900.3868194728336
SystemInformation:
  OSName: Ubuntu 24.04.1 LTS
  Kernel: 6.8.0-1017-azure
  Device: ""
  Processor: Intel Xeon Platinum 8370C CPU @ 2.80GHz
  NumSockets: 1
  Manufacturer: GenuineIntel
  NumCores: 1
  NumLogicals: 2
  CPUFrequency: 2800
  Memory: 15989
  MemModuleInfo:
    iNumMemSticks: 2
    DIMM 1:
      manufacturer: Microsoft Corporation
      modulePartNo: None
      memType: Unknown
      size: 1
      clkspeed: 0
      moduleVoltage: 0
    DIMM 2:
      manufacturer: Microsoft Corporation
      modulePartNo: None
      memType: Unknown
      size: 15
      clkspeed: 0
      moduleVoltage: 0
Checksum: FB0BCCEB4AFDE6770FAC5C8EC30C970C5D6DEEBF