---
system-info:
      stress-ng-version: 0.17.08
      run-by: root
      date-yyyy-mm-dd: 2024:09:17
      time-hh-mm-ss: 10:10:54
      epoch-secs: 1726567854
      hostname: sc-runner
      sysname: Linux
      nodename: sc-runner
      release: 6.8.0-1014-azure
      version: '#16-Ubuntu SMP Thu Aug 15 20:04:41 UTC 2024'
      machine: x86_64
      compiler: 'musl-gcc 13.2.1'
      uptime: 339
      totalram: 405735923712
      freeram: 394066591744
      sharedram: 105422848
      bufferram: 309846016
      totalswap: 0
      freeswap: 0
      pagesize: 4096
      cpus: 48
      cpus-online: 48
      ticks-per-second: 100

metrics:
    - stressor: cpu
      bogo-ops: 31494
      bogo-ops-per-second-usr-sys-time: 1574.667168
      bogo-ops-per-second-real-time: 1574.691346
      wall-clock-time: 20.000110
      user-time: 20.000417
      system-time: 0.000000
      cpu-usage-per-instance: 100.001535
      max-rss: 2816

...
