BaselineInfo:
  WebDBID: -1
  TimeStamp: 20260630143112
Version:
  Major: 11
  Minor: 0
  Build: 1004
  SpecialBuildName: ""
  ptArchitecture: x86_64_linux
Results:
  Results Complete: true
  NumTestProcesses: 32
  CPU_INTEGER_MATH: 209242.79833333334
  CPU_FLOATINGPOINT_MATH: 127507.56109462651
  CPU_PRIME: 498.03985630638522
  CPU_SORTING: 100914.31005035673
  CPU_ENCRYPTION: 42096.539692649341
  CPU_COMPRESSION: 789280.43533934932
  CPU_SINGLETHREAD: 3729.5939903858002
  CPU_PHYSICS: 8616.8906257347189
  CPU_MATRIX_MULT_SSE: 64379.076246706376
  CPU_mm: 6043.5169545640847
  CPU_sse: 22484.52907047328
  CPU_fma: 68445.258134782038
  CPU_avx: 67668.95776987834
  CPU_avx512: 98917.560011691778
  m_CPU_enc_SHA: 52756189211.707443
  m_CPU_enc_AES: 43210577716.946854
  m_CPU_enc_ECDSA: 36457496685.624146
  ME_ALLOC_S: 22098.227172862509
  ME_READ_S: 33188.646093750001
  ME_READ_L: 32243.865234375
  ME_WRITE: 32950.01171875
  ME_LARGE: 248322.83333333334
  ME_LATENCY: 78.304051086867659
  ME_THREADED: 350527.62109375
  SUMM_CPU: 62405.634598108903
  SUMM_ME: 2989.6730027750432
SystemInformation:
  OSName: Ubuntu 24.04.4 LTS
  Kernel: 6.8.0-124-generic
  Device: ""
  Processor: AMD EPYC-Turin Processor
  NumSockets: 1
  Manufacturer: AuthenticAMD
  NumCores: 16
  NumLogicals: 32
  CPUFrequency: 0
  CPUMaxFrequency: 0
  Memory: 257727
  CPUInfo:
    number: 1
    Family: 15
    Model: 0
    stepping: 0
    features: 395049983
    manufacture: AuthenticAMD
    typestring: AMD EPYC-Turin Processor
    iCoresPerPackage: 16
    iThreadsPerPackage: 2
    featuresEx:
      - 395049983
      - 4277809667
      - 802421759
    bHybrid: false
    nPCore: 0
    nLogicalsPerPCore: 0
    nECore: 0
    nLogicalsPerECore: 0
  MemModuleInfo:
    iNumMemSticks: 1
    DIMM 1:
      manufacturer: QEMU
      modulePartNo: Not Specified
      memType: RAM
      size: 256
      clkspeed: 0
      moduleVoltage: 0
Checksum: 4F9C6606EC8E43697CCAA0377320A9B9428868A5