---
system-info:
      stress-ng-version: 0.17.08
      run-by: root
      date-yyyy-mm-dd: 2024:06:10
      time-hh-mm-ss: 03:23:48
      epoch-secs: 1717989828
      hostname: 11c9e2e31d93
      sysname: Linux
      nodename: 11c9e2e31d93
      release: 6.8.0-1008-aws
      version: '#8-Ubuntu SMP Sat Apr 20 00:46:25 UTC 2024'
      machine: x86_64
      compiler: 'musl-gcc 13.2.1'
      uptime: 105
      totalram: 1081964466176
      freeram: 1074554044416
      sharedram: 130015232
      bufferram: 113913856
      totalswap: 0
      freeswap: 0
      pagesize: 4096
      cpus: 128
      cpus-online: 128
      ticks-per-second: 100

metrics:
    - stressor: cpu
      bogo-ops: 2171554
      bogo-ops-per-second-usr-sys-time: 1697.449811
      bogo-ops-per-second-real-time: 217124.196887
      wall-clock-time: 10.001437
      user-time: 1279.184870
      system-time: 0.118934
      cpu-usage-per-instance: 99.931248
      max-rss: 3072

...
