---
system-info:
      stress-ng-version: 0.17.08
      run-by: root
      date-yyyy-mm-dd: 2024:06:16
      time-hh-mm-ss: 05:54:52
      epoch-secs: 1718517292
      hostname: 5b08215a16d5
      sysname: Linux
      nodename: 5b08215a16d5
      release: 6.8.0-1008-aws
      version: '#8-Ubuntu SMP Sat Apr 20 00:46:25 UTC 2024'
      machine: x86_64
      compiler: 'musl-gcc 13.2.1'
      uptime: 113
      totalram: 1081964511232
      freeram: 1074831052800
      sharedram: 130015232
      bufferram: 108933120
      totalswap: 0
      freeswap: 0
      pagesize: 4096
      cpus: 128
      cpus-online: 128
      ticks-per-second: 100

metrics:
    - stressor: cpu
      bogo-ops: 2782479
      bogo-ops-per-second-usr-sys-time: 1087.331241
      bogo-ops-per-second-real-time: 139123.538528
      wall-clock-time: 20.000059
      user-time: 2558.974506
      system-time: 0.023980
      cpu-usage-per-instance: 99.960583
      max-rss: 0

...
