---
system-info:
      stress-ng-version: 0.17.08
      run-by: root
      date-yyyy-mm-dd: 2024:06:15
      time-hh-mm-ss: 12:35:03
      epoch-secs: 1718454903
      hostname: a82b3ed2aa2d
      sysname: Linux
      nodename: a82b3ed2aa2d
      release: 6.8.0-1008-aws
      version: '#8-Ubuntu SMP Sat Apr 20 00:46:25 UTC 2024'
      machine: x86_64
      compiler: 'musl-gcc 13.2.1'
      uptime: 118
      totalram: 66330984448
      freeram: 61812957184
      sharedram: 113651712
      bufferram: 108199936
      totalswap: 0
      freeswap: 0
      pagesize: 4096
      cpus: 16
      cpus-online: 16
      ticks-per-second: 100

metrics:
    - stressor: cpu
      bogo-ops: 336798
      bogo-ops-per-second-usr-sys-time: 1053.297001
      bogo-ops-per-second-real-time: 16839.841169
      wall-clock-time: 20.000070
      user-time: 319.738977
      system-time: 0.016989
      cpu-usage-per-instance: 99.923390
      max-rss: 1104

...
