---
system-info:
      stress-ng-version: 0.17.08
      run-by: root
      date-yyyy-mm-dd: 2024:06:09
      time-hh-mm-ss: 10:40:28
      epoch-secs: 1717929628
      hostname: 4a7cd9ed0615
      sysname: Linux
      nodename: 4a7cd9ed0615
      release: 6.8.0-1008-aws
      version: '#8-Ubuntu SMP Sat Apr 20 00:46:25 UTC 2024'
      machine: x86_64
      compiler: 'musl-gcc 13.2.1'
      uptime: 151
      totalram: 66330984448
      freeram: 61672198144
      sharedram: 113651712
      bufferram: 106176512
      totalswap: 0
      freeswap: 0
      pagesize: 4096
      cpus: 16
      cpus-online: 16
      ticks-per-second: 100

metrics:
    - stressor: cpu
      bogo-ops: 218398
      bogo-ops-per-second-usr-sys-time: 1367.099361
      bogo-ops-per-second-real-time: 21837.018442
      wall-clock-time: 10.001274
      user-time: 159.725842
      system-time: 0.026994
      cpu-usage-per-instance: 99.832806
      max-rss: 4048

...
