---
system-info:
      stress-ng-version: 0.17.08
      run-by: root
      date-yyyy-mm-dd: 2024:06:04
      time-hh-mm-ss: 21:37:26
      epoch-secs: 1717537046
      hostname: 9d5fc1ebea51
      sysname: Linux
      nodename: 9d5fc1ebea51
      release: 6.8.0-1008-aws
      version: '#8-Ubuntu SMP Sat Apr 20 02:43:14 UTC 2024'
      machine: aarch64
      compiler: 'musl-gcc 13.2.1'
      uptime: 230
      totalram: 32494219264
      freeram: 28432289792
      sharedram: 3493888
      bufferram: 76312576
      totalswap: 0
      freeswap: 0
      pagesize: 4096
      cpus: 16
      cpus-online: 16
      ticks-per-second: 100

metrics:
    - stressor: cpu
      bogo-ops: 2056
      bogo-ops-per-second-usr-sys-time: 202.945974
      bogo-ops-per-second-real-time: 202.949141
      wall-clock-time: 10.130617
      user-time: 10.128776
      system-time: 0.001999
      cpu-usage-per-instance: 100.001561
      max-rss: 4008

...
