---
system-info:
      stress-ng-version: 0.17.08
      run-by: root
      date-yyyy-mm-dd: 2024:06:13
      time-hh-mm-ss: 23:24:06
      epoch-secs: 1718321046
      hostname: 8ee5e01ade5e
      sysname: Linux
      nodename: 8ee5e01ade5e
      release: 6.8.0-1008-aws
      version: '#8-Ubuntu SMP Sat Apr 20 02:43:14 UTC 2024'
      machine: aarch64
      compiler: 'musl-gcc 13.2.1'
      uptime: 259
      totalram: 32494219264
      freeram: 28113702912
      sharedram: 3493888
      bufferram: 107692032
      totalswap: 0
      freeswap: 0
      pagesize: 4096
      cpus: 16
      cpus-online: 16
      ticks-per-second: 100

metrics:
    - stressor: cpu
      bogo-ops: 29835
      bogo-ops-per-second-usr-sys-time: 1491.932240
      bogo-ops-per-second-real-time: 1491.741820
      wall-clock-time: 20.000110
      user-time: 19.997557
      system-time: 0.000000
      cpu-usage-per-instance: 99.987237
      max-rss: 1192

...
