---
system-info:
      stress-ng-version: 0.17.08
      run-by: root
      date-yyyy-mm-dd: 2024:06:04
      time-hh-mm-ss: 17:01:18
      epoch-secs: 1717520478
      hostname: b83369f7c74b
      sysname: Linux
      nodename: b83369f7c74b
      release: 6.8.0-1008-aws
      version: '#8-Ubuntu SMP Sat Apr 20 02:43:14 UTC 2024'
      machine: aarch64
      compiler: 'musl-gcc 13.2.1'
      uptime: 1925
      totalram: 32494219264
      freeram: 27056123904
      sharedram: 3497984
      bufferram: 83058688
      totalswap: 0
      freeswap: 0
      pagesize: 4096
      cpus: 16
      cpus-online: 16
      ticks-per-second: 100

metrics:
    - stressor: cpu
      bogo-ops: 2056
      bogo-ops-per-second-usr-sys-time: 203.405941
      bogo-ops-per-second-real-time: 203.406060
      wall-clock-time: 10.107860
      user-time: 10.105866
      system-time: 0.002000
      cpu-usage-per-instance: 100.000058
      max-rss: 4008

...
