BaselineInfo:
  WebDBID: -1
  TimeStamp: 20250923080238
Version:
  Major: 11
  Minor: 0
  Build: 1002
  SpecialBuildName: ""
  ptArchitecture: aarch64_linux
Results:
  Results Complete: true
  NumTestProcesses: 96
  CPU_INTEGER_MATH: 500519.18599999993
  CPU_FLOATINGPOINT_MATH: 580917.33083621925
  CPU_PRIME: 889.43342660591998
  CPU_SORTING: 434367.82509547198
  CPU_ENCRYPTION: 18143.878431158351
  CPU_COMPRESSION: 637051.84040956025
  CPU_SINGLETHREAD: 1943.0151526613954
  CPU_PHYSICS: 20396.08638096866
  CPU_MATRIX_MULT_SSE: 80417.122486760054
  CPU_mm: 10853.345390134362
  CPU_sse: 63158.13435333204
  CPU_fma: 97676.110620188003
  CPU_avx: 0
  CPU_avx512: 0
  m_CPU_enc_SHA: 28647501064.602947
  m_CPU_enc_AES: 10269772781.519577
  m_CPU_enc_ECDSA: 18158432563.368378
  ME_ALLOC_S: 47906.681280941921
  ME_READ_S: 21002.011523437501
  ME_READ_L: 20266.28125
  ME_WRITE: 21200.93359375
  ME_LARGE: 747140
  ME_LATENCY: 45.683731578589345
  ME_THREADED: 502844.572265625
  SUMM_CPU: 56860.511865598564
  SUMM_ME: 3437.0298288683248
SystemInformation:
  OSName: Ubuntu 24.04.2 LTS
  Kernel: 6.14.0-1012-aws
  Device: ""
  Processor: ARM Neoverse-V2 96 Core 0 MHz
  NumSockets: 1
  Manufacturer: ARM
  NumCores: 96
  NumLogicals: 96
  CPUFrequency: 0
  Memory: 759974
Checksum: 7EB678C10DACC1208FFD1851E756A93F7FC0D553