---
system-info:
      stress-ng-version: 0.17.08
      run-by: root
      date-yyyy-mm-dd: 2024:06:13
      time-hh-mm-ss: 09:42:28
      epoch-secs: 1718271748
      hostname: f73406744a4d
      sysname: Linux
      nodename: f73406744a4d
      release: 6.8.0-1008-aws
      version: '#8-Ubuntu SMP Sat Apr 20 00:46:25 UTC 2024'
      machine: x86_64
      compiler: 'musl-gcc 13.2.1'
      uptime: 136
      totalram: 1081992171520
      freeram: 1074501099520
      sharedram: 116744192
      bufferram: 106991616
      totalswap: 0
      freeswap: 0
      pagesize: 4096
      cpus: 128
      cpus-online: 128
      ticks-per-second: 100

metrics:
    - stressor: cpu
      bogo-ops: 38187
      bogo-ops-per-second-usr-sys-time: 1909.322983
      bogo-ops-per-second-real-time: 1909.343217
      wall-clock-time: 20.000071
      user-time: 20.000283
      system-time: 0.000000
      cpu-usage-per-instance: 100.001060
      max-rss: 0

...
