---
system-info:
      stress-ng-version: 0.17.08
      run-by: root
      date-yyyy-mm-dd: 2024:06:09
      time-hh-mm-ss: 07:44:42
      epoch-secs: 1717919082
      hostname: 642f8d1cb87e
      sysname: Linux
      nodename: 642f8d1cb87e
      release: 6.8.0-1008-aws
      version: '#8-Ubuntu SMP Sat Apr 20 00:46:25 UTC 2024'
      machine: x86_64
      compiler: 'musl-gcc 13.2.1'
      uptime: 119
      totalram: 1081992196096
      freeram: 1074715291648
      sharedram: 116744192
      bufferram: 103342080
      totalswap: 0
      freeswap: 0
      pagesize: 4096
      cpus: 128
      cpus-online: 128
      ticks-per-second: 100

metrics:
    - stressor: cpu
      bogo-ops: 16940
      bogo-ops-per-second-usr-sys-time: 1693.902601
      bogo-ops-per-second-real-time: 1693.932070
      wall-clock-time: 10.000401
      user-time: 9.999576
      system-time: 0.000999
      cpu-usage-per-instance: 100.001740
      max-rss: 3072

...
