---
system-info:
      stress-ng-version: 0.17.08
      run-by: root
      date-yyyy-mm-dd: 2024:06:15
      time-hh-mm-ss: 02:21:23
      epoch-secs: 1718418083
      hostname: efd712585c1b
      sysname: Linux
      nodename: efd712585c1b
      release: 6.8.0-1008-aws
      version: '#8-Ubuntu SMP Sat Apr 20 00:46:25 UTC 2024'
      machine: x86_64
      compiler: 'musl-gcc 13.2.1'
      uptime: 113
      totalram: 540826689536
      freeram: 533879832576
      sharedram: 117354496
      bufferram: 108851200
      totalswap: 0
      freeswap: 0
      pagesize: 4096
      cpus: 128
      cpus-online: 128
      ticks-per-second: 100

metrics:
    - stressor: cpu
      bogo-ops: 2497626
      bogo-ops-per-second-usr-sys-time: 980.218643
      bogo-ops-per-second-real-time: 124880.803939
      wall-clock-time: 20.000079
      user-time: 2547.986520
      system-time: 0.042960
      cpu-usage-per-instance: 99.532006
      max-rss: 0

...
