---
system-info:
      stress-ng-version: 0.17.08
      run-by: root
      date-yyyy-mm-dd: 2024:09:16
      time-hh-mm-ss: 23:43:49
      epoch-secs: 1726530229
      hostname: sc-runner
      sysname: Linux
      nodename: sc-runner
      release: 6.8.0-1014-azure
      version: '#16-Ubuntu SMP Thu Aug 15 20:04:41 UTC 2024'
      machine: x86_64
      compiler: 'musl-gcc 13.2.1'
      uptime: 314
      totalram: 118154878976
      freeram: 107837935616
      sharedram: 42156032
      bufferram: 243974144
      totalswap: 0
      freeswap: 0
      pagesize: 4096
      cpus: 16
      cpus-online: 16
      ticks-per-second: 100

metrics:
    - stressor: cpu
      bogo-ops: 398378
      bogo-ops-per-second-usr-sys-time: 1246.853399
      bogo-ops-per-second-real-time: 19918.825797
      wall-clock-time: 20.000075
      user-time: 319.477704
      system-time: 0.028984
      cpu-usage-per-instance: 99.845468
      max-rss: 3152

...
