size_kb,operation,bandwidth_mb_s,latency_ns,latency_stddev_ns,latency_samples,threads,iterations,elapsed_s
32,read,20029342.37,0,0,0,192,722543,0.216445
32,write,18910326.13,0,0,0,192,737464,0.233988
32,copy,16104941.13,0,0,0,192,614250,0.228843
32,latency,0,1.84,0.00,7,1,7,0.264214
128,read,16371872.77,0,0,0,192,157035,0.230202
128,write,18892513.15,0,0,0,192,197628,0.251056
128,copy,13215472.90,0,0,0,192,128799,0.233906
128,latency,0,2.12,0.00,7,1,7,0.586818
1024,read,14124297.36,0,0,0,192,19723,0.268107
1024,write,18579147.77,0,0,0,192,24935,0.257682
1024,copy,2494626.68,0,0,0,192,16318,1.255922
1024,latency,0,4.56,0.01,7,1,7,0.712114
2048,read,3979883.36,0,0,0,192,4587,0.442578
2048,write,4027549.08,0,0,0,192,12122,1.155752
2048,copy,870970.83,0,0,0,192,5507,2.427967
2048,latency,0,11.27,0.05,7,1,7,0.660261
4096,read,1661255.11,0,0,0,192,3223,1.489996
4096,write,1471981.01,0,0,0,192,5410,2.822645
4096,copy,441687.83,0,0,0,192,1674,2.910725
4096,latency,0,22.74,0.03,7,1,7,0.692699
32768,read,735302.65,0,0,0,192,284,2.373031
32768,write,679894.61,0,0,0,192,424,3.831559
32768,copy,331564.37,0,0,0,192,224,4.150796
32768,latency,0,33.97,0.02,7,1,7,0.800498
65536,read,713734.11,0,0,0,192,140,2.410309
65536,write,660989.53,0,0,0,192,252,4.684758
65536,copy,333860.70,0,0,0,192,112,4.122246
65536,latency,0,34.77,0.05,7,1,7,1.664329
131072,read,694254.39,0,0,0,192,69,2.442540
131072,write,662183.91,0,0,0,192,131,4.861876
131072,copy,333714.59,0,0,0,192,55,4.050407
131072,latency,0,59.72,0.53,7,1,7,5.442099
262144,read,698053.73,0,0,0,192,34,2.394039
262144,write,671203.48,0,0,0,192,64,4.686698
262144,copy,241170.98,0,0,0,96,27,2.751376
262144,latency,0,79.98,0.28,7,1,7,14.420984
524288,read,497800.98,0,0,0,96,17,1.678550
524288,write,512468.77,0,0,0,96,32,3.069190
524288,copy,255677.50,0,0,0,48,13,1.249574
524288,latency,0,89.72,0.02,7,1,7,32.684029
