BaselineInfo:
  WebDBID: -1
  TimeStamp: 20250421212758
Version:
  Major: 11
  Minor: 0
  Build: 1002
  SpecialBuildName: ""
  ptArchitecture: aarch64_linux
Results:
  Results Complete: true
  NumTestProcesses: 1
  CPU_INTEGER_MATH: 5184.8459999999995
  CPU_FLOATINGPOINT_MATH: 6019.2732455844198
  CPU_PRIME: 17.286105129502918
  CPU_SORTING: 4534.1043407942034
  CPU_ENCRYPTION: 183.96743231518198
  CPU_COMPRESSION: 6394.6604026105424
  CPU_SINGLETHREAD: 1846.7275636590771
  CPU_PHYSICS: 339.01425623942475
  CPU_MATRIX_MULT_SSE: 913.23766149685696
  CPU_mm: 113.22618049518303
  CPU_sse: 715.5597028396387
  CPU_fma: 1110.9156201540752
  CPU_avx: 0
  CPU_avx512: 0
  m_CPU_enc_SHA: 293763947.30205303
  m_CPU_enc_AES: 106433492.24749532
  m_CPU_enc_ECDSA: 178514063.37242439
  ME_ALLOC_S: 1507.615836987183
  ME_READ_S: 20096.2099609375
  ME_READ_L: 19331.205078125
  ME_WRITE: 21062.07421875
  ME_LARGE: 794.83333333333337
  ME_LATENCY: 47.34424677955419
  ME_THREADED: 19337.841796875
  SUMM_CPU: 986.3197741667899
  SUMM_ME: 1250.0168556942238
SystemInformation:
  OSName: Ubuntu 24.04.2 LTS
  Kernel: 6.8.0-1027-aws
  Device: ""
  Processor: ARM Neoverse-V2 1 Core 0 MHz
  NumSockets: 1
  Manufacturer: ARM
  NumCores: 1
  NumLogicals: 1
  CPUFrequency: 0
  Memory: 3807
Checksum: 22E45396902E09B0ACAB44EC066BE0DB7F8B6008