BaselineInfo:
  WebDBID: -1
  TimeStamp: 20241107232548
Version:
  Major: 11
  Minor: 0
  Build: 1002
  SpecialBuildName: ""
  ptArchitecture: x86_64_linux
Results:
  Results Complete: true
  NumTestProcesses: 8
  CPU_INTEGER_MATH: 20917.452000000001
  CPU_FLOATINGPOINT_MATH: 13134.663260956188
  CPU_PRIME: 45.622267761628017
  CPU_SORTING: 11313.063300716532
  CPU_ENCRYPTION: 2955.4735024294405
  CPU_COMPRESSION: 95318.329681139221
  CPU_SINGLETHREAD: 1808.6997083593712
  CPU_PHYSICS: 866.99768467729427
  CPU_MATRIX_MULT_SSE: 4780.6462489614314
  CPU_mm: 647.13352613125483
  CPU_sse: 2479.9457513477923
  CPU_fma: 7043.1107605241541
  CPU_avx: 4818.8822350123464
  CPU_avx512: 0
  m_CPU_enc_SHA: 976359159.96871138
  m_CPU_enc_AES: 7458419314.606266
  m_CPU_enc_ECDSA: 862337275.27538025
  ME_ALLOC_S: 2552.0288069417261
  ME_READ_S: 20536.1025390625
  ME_READ_L: 10637.876953125
  ME_WRITE: 9921.67578125
  ME_LARGE: 42047.5
  ME_LATENCY: 56.876442993403941
  ME_THREADED: 47064.4052734375
  SUMM_CPU: 7279.8323020672824
  SUMM_ME: 2270.0631040981011
SystemInformation:
  OSName: Ubuntu 24.04.1 LTS
  Kernel: 6.8.0-1015-gcp
  Device: ""
  Processor: Intel Xeon CPU @ 2.30GHz
  NumSockets: 1
  Manufacturer: GenuineIntel
  NumCores: 4
  NumLogicals: 8
  CPUFrequency: 0
  Memory: 52205
  MemModuleInfo:
    iNumMemSticks: 4
    DIMM 1:
      manufacturer: ""
      modulePartNo: ""
      memType: RAM
      size: 16
      clkspeed: 0
      moduleVoltage: 0
    DIMM 2:
      manufacturer: ""
      modulePartNo: ""
      memType: RAM
      size: 16
      clkspeed: 0
      moduleVoltage: 0
    DIMM 3:
      manufacturer: ""
      modulePartNo: ""
      memType: RAM
      size: 16
      clkspeed: 0
      moduleVoltage: 0
    DIMM 4:
      manufacturer: ""
      modulePartNo: ""
      memType: RAM
      size: 4
      clkspeed: 0
      moduleVoltage: 0
Checksum: 17C5ABFA02A3D53F9C12919ACACC7A9ADF40DDF1