BaselineInfo:
  WebDBID: -1
  TimeStamp: 20241125141349
Version:
  Major: 11
  Minor: 0
  Build: 1002
  SpecialBuildName: ""
  ptArchitecture: x86_64_linux
Results:
  Results Complete: true
  NumTestProcesses: 4
  CPU_INTEGER_MATH: 18953.284333333333
  CPU_FLOATINGPOINT_MATH: 10613.763190286445
  CPU_PRIME: 48.419524059723436
  CPU_SORTING: 11692.396350917979
  CPU_ENCRYPTION: 4810.2453366606287
  CPU_COMPRESSION: 78597.45765238101
  CPU_SINGLETHREAD: 2903.9442518469405
  CPU_PHYSICS: 946.13173500628136
  CPU_MATRIX_MULT_SSE: 5349.0706514012873
  CPU_mm: 507.13119279321046
  CPU_sse: 2193.3093228928019
  CPU_fma: 7006.9693033143567
  CPU_avx: 5773.6018376098746
  CPU_avx512: 6422.4021417881158
  m_CPU_enc_SHA: 6723686339.3860188
  m_CPU_enc_AES: 4565437790.1529045
  m_CPU_enc_ECDSA: 3842599312.863842
  ME_ALLOC_S: 2013.8988975956725
  ME_READ_S: 27713.869726562501
  ME_READ_L: 27539.6171875
  ME_WRITE: 26719.69921875
  ME_LARGE: 5200
  ME_LATENCY: 75.64776523542659
  ME_THREADED: 37277.908203125
  SUMM_CPU: 7553.4047559929759
  SUMM_ME: 2177.7420059328001
SystemInformation:
  OSName: Ubuntu 24.04.1 LTS
  Kernel: 6.8.0-1017-azure
  Device: ""
  Processor: AMD EPYC 9V74 80-Core Processor
  NumSockets: 1
  Manufacturer: AuthenticAMD
  NumCores: 2
  NumLogicals: 4
  CPUFrequency: 0
  Memory: 15989
  MemModuleInfo:
    iNumMemSticks: 2
    DIMM 1:
      manufacturer: Microsoft Corporation
      modulePartNo: None
      memType: Unknown
      size: 1
      clkspeed: 0
      moduleVoltage: 0
    DIMM 2:
      manufacturer: Microsoft Corporation
      modulePartNo: None
      memType: Unknown
      size: 15
      clkspeed: 0
      moduleVoltage: 0
Checksum: 2E010FF41B40C71D45C0090017A18B4539AE49C5