---
system-info:
      stress-ng-version: 0.17.08
      run-by: root
      date-yyyy-mm-dd: 2024:06:16
      time-hh-mm-ss: 04:41:13
      epoch-secs: 1718512873
      hostname: 3eee2b11b277
      sysname: Linux
      nodename: 3eee2b11b277
      release: 6.8.0-1008-aws
      version: '#8-Ubuntu SMP Sat Apr 20 00:46:25 UTC 2024'
      machine: x86_64
      compiler: 'musl-gcc 13.2.1'
      uptime: 108
      totalram: 810990645248
      freeram: 805227720704
      sharedram: 113528832
      bufferram: 109096960
      totalswap: 0
      freeswap: 0
      pagesize: 4096
      cpus: 96
      cpus-online: 96
      ticks-per-second: 100

metrics:
    - stressor: cpu
      bogo-ops: 1713147
      bogo-ops-per-second-usr-sys-time: 892.548947
      bogo-ops-per-second-real-time: 85656.991133
      wall-clock-time: 20.000084
      user-time: 1919.365188
      system-time: 0.021985
      cpu-usage-per-instance: 99.967663
      max-rss: 0

...
