---
system-info:
      stress-ng-version: 0.17.08
      run-by: root
      date-yyyy-mm-dd: 2024:06:10
      time-hh-mm-ss: 01:21:13
      epoch-secs: 1717982473
      hostname: be00ee829d16
      sysname: Linux
      nodename: be00ee829d16
      release: 6.8.0-1008-aws
      version: '#8-Ubuntu SMP Sat Apr 20 00:46:25 UTC 2024'
      machine: x86_64
      compiler: 'musl-gcc 13.2.1'
      uptime: 108
      totalram: 810990645248
      freeram: 804944613376
      sharedram: 113528832
      bufferram: 113319936
      totalswap: 0
      freeswap: 0
      pagesize: 4096
      cpus: 96
      cpus-online: 96
      ticks-per-second: 100

metrics:
    - stressor: cpu
      bogo-ops: 1349276
      bogo-ops-per-second-usr-sys-time: 1406.130128
      bogo-ops-per-second-real-time: 134914.456223
      wall-clock-time: 10.000974
      user-time: 959.470995
      system-time: 0.095956
      cpu-usage-per-instance: 99.945154
      max-rss: 3072

...
