size_kb,operation,bandwidth_mb_s,latency_ns,latency_stddev_ns,latency_samples,threads,iterations,elapsed_s
32,read,272154.09,0,0,0,2,657895,0.151085
32,write,272598.63,0,0,0,2,480769,0.110228
32,copy,179899.28,0,0,0,2,490196,0.170302
32,latency,0,0.90,0.05,21,1,21,0.390569
128,read,269362.87,0,0,0,2,263157,0.244240
128,write,270173.28,0,0,0,2,231481,0.214197
128,copy,184810.32,0,0,0,2,165562,0.223962
128,latency,0,2.46,0.00,7,1,7,0.701822
512,read,269519.98,0,0,0,2,58548,0.217231
512,write,271475.13,0,0,0,2,62814,0.231380
512,copy,143359.25,0,0,0,2,31605,0.220460
512,latency,0,3.39,0.02,7,1,7,0.704063
1024,read,236109.45,0,0,0,2,26399,0.223617
1024,write,258191.81,0,0,0,2,30084,0.233036
1024,copy,115734.78,0,0,0,2,14060,0.242969
1024,latency,0,5.20,0.04,7,1,7,0.688523
2048,read,216522.17,0,0,0,2,13397,0.247494
2048,write,226378.81,0,0,0,2,14148,0.249988
2048,copy,105108.82,0,0,0,2,6549,0.249227
2048,latency,0,8.98,0.01,7,1,7,0.697584
4096,read,205929.67,0,0,0,2,6321,0.245560
4096,write,219993.88,0,0,0,2,6800,0.247280
4096,copy,101191.87,0,0,0,2,2891,0.228556
4096,latency,0,9.47,0.01,7,1,7,0.706749
8192,read,203411.20,0,0,0,2,4034,0.317308
8192,write,210686.40,0,0,0,2,4040,0.306807
8192,copy,74053.46,0,0,0,2,1052,0.227295
8192,latency,0,10.36,0.05,7,1,7,0.711195
16384,read,113823.70,0,0,0,2,1022,0.287322
16384,write,107793.77,0,0,0,2,795,0.236006
16384,copy,38973.09,0,0,0,2,383,0.314473
16384,latency,0,10.85,0.44,7,1,7,0.702198
32768,read,71299.51,0,0,0,2,427,0.383285
32768,write,48425.16,0,0,0,2,390,0.515435
32768,copy,27369.19,0,0,0,2,202,0.472356
32768,latency,0,97.25,18.61,21,1,21,4.675950
