---
system-info:
      stress-ng-version: 0.17.08
      run-by: root
      date-yyyy-mm-dd: 2024:06:21
      time-hh-mm-ss: 10:12:16
      epoch-secs: 1718964736
      hostname: 43c9921dc2fb
      sysname: Linux
      nodename: 43c9921dc2fb
      release: 6.8.0-1008-gcp
      version: '#9-Ubuntu SMP Wed May 22 18:09:04 UTC 2024'
      machine: x86_64
      compiler: 'musl-gcc 13.2.1'
      uptime: 177
      totalram: 54741139456
      freeram: 49588142080
      sharedram: 48656384
      bufferram: 134807552
      totalswap: 0
      freeswap: 0
      pagesize: 4096
      cpus: 8
      cpus-online: 8
      ticks-per-second: 100

metrics:
    - stressor: cpu
      bogo-ops: 116930
      bogo-ops-per-second-usr-sys-time: 733.718834
      bogo-ops-per-second-real-time: 5846.465632
      wall-clock-time: 20.000118
      user-time: 159.344240
      system-time: 0.021984
      cpu-usage-per-instance: 99.603304
      max-rss: 1104

...
