BaselineInfo:
  WebDBID: -1
  TimeStamp: 20241109114212
Version:
  Major: 11
  Minor: 0
  Build: 1002
  SpecialBuildName: ""
  ptArchitecture: x86_64_linux
Results:
  Results Complete: true
  NumTestProcesses: 72
  CPU_INTEGER_MATH: 223648.8166666668
  CPU_FLOATINGPOINT_MATH: 119656.35049684903
  CPU_PRIME: 265.31135224987668
  CPU_SORTING: 111746.52810387415
  CPU_ENCRYPTION: 30433.231938829093
  CPU_COMPRESSION: 977849.23453919496
  CPU_SINGLETHREAD: 2005.385849028512
  CPU_PHYSICS: 4404.9998076840056
  CPU_MATRIX_MULT_SSE: 67017.723795655504
  CPU_mm: 6786.6150366975198
  CPU_sse: 24387.547855084471
  CPU_fma: 80413.457329255645
  CPU_avx: 56694.441551840864
  CPU_avx512: 106575.44844644106
  m_CPU_enc_SHA: 10023439587.63718
  m_CPU_enc_AES: 76745215860.354599
  m_CPU_enc_ECDSA: 8966014392.4771996
  ME_ALLOC_S: 22109.095360105985
  ME_READ_S: 24492.260351562501
  ME_READ_L: 10318.65234375
  ME_WRITE: 10076.51953125
  ME_LARGE: 127886
  ME_LATENCY: 52.86194757242955
  ME_THREADED: 205233.53759765625
  SUMM_CPU: 49988.167004644543
  SUMM_ME: 2685.4070801247126
SystemInformation:
  OSName: Ubuntu 24.04.1 LTS
  Kernel: 6.8.0-1016-aws
  Device: ""
  Processor: Intel Xeon Platinum 8124M CPU @ 3.00GHz
  NumSockets: 2
  Manufacturer: GenuineIntel
  NumCores: 36
  NumLogicals: 72
  CPUFrequency: 0
  Memory: 140914
  MemModuleInfo:
    iNumMemSticks: 2
    DIMM 1:
      manufacturer: Not Specified
      modulePartNo: Not Specified
      memType: DDR4
      size: 72
      clkspeed: 1466
      moduleVoltage: 0
    DIMM 2:
      manufacturer: Not Specified
      modulePartNo: Not Specified
      memType: DDR4
      size: 72
      clkspeed: 1466
      moduleVoltage: 0
Checksum: F9313AA36414051B1720BBC56A56290449F2F299