---
system-info:
      stress-ng-version: 0.17.08
      run-by: root
      date-yyyy-mm-dd: 2024:06:12
      time-hh-mm-ss: 23:56:11
      epoch-secs: 1718236571
      hostname: 512f084fc2b1
      sysname: Linux
      nodename: 512f084fc2b1
      release: 6.8.0-1008-aws
      version: '#8-Ubuntu SMP Sat Apr 20 00:46:25 UTC 2024'
      machine: x86_64
      compiler: 'musl-gcc 13.2.1'
      uptime: 115
      totalram: 66325266432
      freeram: 61747380224
      sharedram: 60125184
      bufferram: 111112192
      totalswap: 0
      freeswap: 0
      pagesize: 4096
      cpus: 32
      cpus-online: 32
      ticks-per-second: 100

metrics:
    - stressor: cpu
      bogo-ops: 618203
      bogo-ops-per-second-usr-sys-time: 966.421285
      bogo-ops-per-second-real-time: 30910.039319
      wall-clock-time: 20.000072
      user-time: 639.649738
      system-time: 0.032986
      cpu-usage-per-instance: 99.950068
      max-rss: 1032

...
