---
system-info:
      stress-ng-version: 0.17.08
      run-by: root
      date-yyyy-mm-dd: 2024:06:06
      time-hh-mm-ss: 10:21:53
      epoch-secs: 1717669313
      hostname: cd4640b26dff
      sysname: Linux
      nodename: cd4640b26dff
      release: 6.8.0-1008-aws
      version: '#8-Ubuntu SMP Sat Apr 20 00:46:25 UTC 2024'
      machine: x86_64
      compiler: 'musl-gcc 13.2.1'
      uptime: 103
      totalram: 66325274624
      freeram: 61989371904
      sharedram: 60125184
      bufferram: 82198528
      totalswap: 0
      freeswap: 0
      pagesize: 4096
      cpus: 32
      cpus-online: 32
      ticks-per-second: 100

metrics:
    - stressor: cpu
      bogo-ops: 373478
      bogo-ops-per-second-usr-sys-time: 1167.793859
      bogo-ops-per-second-real-time: 37341.638275
      wall-clock-time: 10.001650
      user-time: 319.775029
      system-time: 0.039977
      cpu-usage-per-instance: 99.925701
      max-rss: 3848

...
