BaselineInfo:
  WebDBID: -1
  TimeStamp: 20241107193027
Version:
  Major: 11
  Minor: 0
  Build: 1002
  SpecialBuildName: ""
  ptArchitecture: aarch64_linux
Results:
  Results Complete: true
  NumTestProcesses: 8
  CPU_INTEGER_MATH: 31566.031999999999
  CPU_FLOATINGPOINT_MATH: 23948.007214296926
  CPU_PRIME: 54.866516987287127
  CPU_SORTING: 22842.461192675953
  CPU_ENCRYPTION: 1082.700354609482
  CPU_COMPRESSION: 37728.56094552252
  CPU_SINGLETHREAD: 1108.9027426114822
  CPU_PHYSICS: 1046.784189077634
  CPU_MATRIX_MULT_SSE: 4969.4877620150019
  CPU_mm: 834.20363432553893
  CPU_sse: 4148.7044537021357
  CPU_fma: 5790.271070327869
  CPU_avx: 0
  CPU_avx512: 0
  m_CPU_enc_SHA: 1616424324.0503821
  m_CPU_enc_AES: 751511586.81962383
  m_CPU_enc_ECDSA: 1037944910.2349707
  ME_ALLOC_S: 5147.0231078959414
  ME_READ_S: 9470.4530273437504
  ME_READ_L: 9164.0439453125
  ME_WRITE: 12348.36328125
  ME_LARGE: 5817.916666666667
  ME_LATENCY: 72.390736426926068
  ME_THREADED: 72558.189453125
  SUMM_CPU: 5203.685621067295
  SUMM_ME: 1609.6564632633028
SystemInformation:
  OSName: Ubuntu 24.04.1 LTS
  Kernel: 6.8.0-1016-aws
  Device: ""
  Processor: ARM Neoverse-N1 8 Core 0 MHz
  NumSockets: 1
  Manufacturer: ARM
  NumCores: 8
  NumLogicals: 8
  CPUFrequency: 0
  Memory: 15672
Checksum: 6F70E8DBD3DC46870A7D6054EE68087E871BF90D