BaselineInfo:
  WebDBID: -1
  TimeStamp: 20241108095054
Version:
  Major: 11
  Minor: 0
  Build: 1002
  SpecialBuildName: ""
  ptArchitecture: x86_64_linux
Results:
  Results Complete: true
  NumTestProcesses: 8
  CPU_INTEGER_MATH: 22623.155999999999
  CPU_FLOATINGPOINT_MATH: 12150.019437290142
  CPU_PRIME: 47.272042151247959
  CPU_SORTING: 11994.496557384698
  CPU_ENCRYPTION: 3114.8698437372013
  CPU_COMPRESSION: 100515.68239333708
  CPU_SINGLETHREAD: 1816.2686982650328
  CPU_PHYSICS: 905.48318093679723
  CPU_MATRIX_MULT_SSE: 6027.5607238882094
  CPU_mm: 687.67957064043037
  CPU_sse: 2473.9187141018729
  CPU_fma: 7314.503422381209
  CPU_avx: 5167.7611743201687
  CPU_avx512: 9154.0595847495879
  m_CPU_enc_SHA: 1023043798.3181354
  m_CPU_enc_AES: 7862984800.023303
  m_CPU_enc_ECDSA: 912504685.45830059
  ME_ALLOC_S: 2736.2252474300967
  ME_READ_S: 22209.258398437501
  ME_READ_L: 10395.65234375
  ME_WRITE: 9698.0263671875
  ME_LARGE: 53479
  ME_LATENCY: 53.974735183967368
  ME_THREADED: 47530.130859375
  SUMM_CPU: 7704.2181844931438
  SUMM_ME: 2353.7926312118188
SystemInformation:
  OSName: Ubuntu 24.04.1 LTS
  Kernel: 6.8.0-1016-aws
  Device: ""
  Processor: Intel Xeon Platinum 8259CL CPU @ 2.50GHz
  NumSockets: 1
  Manufacturer: GenuineIntel
  NumCores: 4
  NumLogicals: 8
  CPUFrequency: 0
  Memory: 63594
  MemModuleInfo:
    iNumMemSticks: 1
    DIMM 1:
      manufacturer: Not Specified
      modulePartNo: Not Specified
      memType: DDR4
      size: 64
      clkspeed: 1600
      moduleVoltage: 0
Checksum: B3DA06308A74B8A290E1BD77078DAB58ED81E232