---
system-info:
      stress-ng-version: 0.17.08
      run-by: root
      date-yyyy-mm-dd: 2024:06:09
      time-hh-mm-ss: 14:55:34
      epoch-secs: 1717944934
      hostname: b04d8e09c947
      sysname: Linux
      nodename: b04d8e09c947
      release: 6.8.0-1008-aws
      version: '#8-Ubuntu SMP Sat Apr 20 00:46:25 UTC 2024'
      machine: x86_64
      compiler: 'musl-gcc 13.2.1'
      uptime: 128
      totalram: 529676787712
      freeram: 524200923136
      sharedram: 70602752
      bufferram: 109305856
      totalswap: 0
      freeswap: 0
      pagesize: 4096
      cpus: 64
      cpus-online: 64
      ticks-per-second: 100

metrics:
    - stressor: cpu
      bogo-ops: 16930
      bogo-ops-per-second-usr-sys-time: 1692.912307
      bogo-ops-per-second-real-time: 1692.807363
      wall-clock-time: 10.001138
      user-time: 10.000518
      system-time: 0.000000
      cpu-usage-per-instance: 99.993801
      max-rss: 3072

...
