---
system-info:
      stress-ng-version: 0.17.08
      run-by: root
      date-yyyy-mm-dd: 2024:06:15
      time-hh-mm-ss: 17:41:03
      epoch-secs: 1718473263
      hostname: 925333b62677
      sysname: Linux
      nodename: 925333b62677
      release: 6.8.0-1008-aws
      version: '#8-Ubuntu SMP Sat Apr 20 00:46:25 UTC 2024'
      machine: x86_64
      compiler: 'musl-gcc 13.2.1'
      uptime: 150
      totalram: 529676791808
      freeram: 524320387072
      sharedram: 70602752
      bufferram: 110206976
      totalswap: 0
      freeswap: 0
      pagesize: 4096
      cpus: 64
      cpus-online: 64
      ticks-per-second: 100

metrics:
    - stressor: cpu
      bogo-ops: 59851
      bogo-ops-per-second-usr-sys-time: 2992.737794
      bogo-ops-per-second-real-time: 2992.514862
      wall-clock-time: 20.000235
      user-time: 19.997746
      system-time: 0.000999
      cpu-usage-per-instance: 99.992551
      max-rss: 512

...
