---
system-info:
      stress-ng-version: 0.17.08
      run-by: root
      date-yyyy-mm-dd: 2024:06:14
      time-hh-mm-ss: 10:23:09
      epoch-secs: 1718360589
      hostname: da37b0ca424f
      sysname: Linux
      nodename: da37b0ca424f
      release: 6.8.0-1008-aws
      version: '#8-Ubuntu SMP Sat Apr 20 02:43:14 UTC 2024'
      machine: aarch64
      compiler: 'musl-gcc 13.2.1'
      uptime: 176
      totalram: 66195955712
      freeram: 61614223360
      sharedram: 35094528
      bufferram: 106016768
      totalswap: 0
      freeswap: 0
      pagesize: 4096
      cpus: 32
      cpus-online: 32
      ticks-per-second: 100

metrics:
    - stressor: cpu
      bogo-ops: 980337
      bogo-ops-per-second-usr-sys-time: 1532.645098
      bogo-ops-per-second-real-time: 49016.693620
      wall-clock-time: 20.000064
      user-time: 639.619330
      system-time: 0.017988
      cpu-usage-per-instance: 99.943012
      max-rss: 1024

...
