---
system-info:
      stress-ng-version: 0.17.08
      run-by: root
      date-yyyy-mm-dd: 2024:06:06
      time-hh-mm-ss: 16:55:56
      epoch-secs: 1717692956
      hostname: 7463db815dfa
      sysname: Linux
      nodename: 7463db815dfa
      release: 6.8.0-1008-aws
      version: '#8-Ubuntu SMP Sat Apr 20 02:43:14 UTC 2024'
      machine: aarch64
      compiler: 'musl-gcc 13.2.1'
      uptime: 125
      totalram: 66195955712
      freeram: 61675495424
      sharedram: 35094528
      bufferram: 84410368
      totalswap: 0
      freeswap: 0
      pagesize: 4096
      cpus: 32
      cpus-online: 32
      ticks-per-second: 100

metrics:
    - stressor: cpu
      bogo-ops: 136496
      bogo-ops-per-second-usr-sys-time: 424.794219
      bogo-ops-per-second-real-time: 13585.203003
      wall-clock-time: 10.047402
      user-time: 321.290660
      system-time: 0.031980
      cpu-usage-per-instance: 99.939588
      max-rss: 3840

...
