---
system-info:
      stress-ng-version: 0.17.08
      run-by: root
      date-yyyy-mm-dd: 2024:09:19
      time-hh-mm-ss: 23:26:02
      epoch-secs: 1726788362
      hostname: sc-runner
      sysname: Linux
      nodename: sc-runner
      release: 6.8.0-1014-azure
      version: '#16-Ubuntu SMP Thu Aug 15 20:04:41 UTC 2024'
      machine: x86_64
      compiler: 'musl-gcc 13.2.1'
      uptime: 395
      totalram: 8323645440
      freeram: 279040000
      sharedram: 38072320
      bufferram: 231145472
      totalswap: 0
      freeswap: 0
      pagesize: 4096
      cpus: 2
      cpus-online: 2
      ticks-per-second: 100

metrics:
    - stressor: cpu
      bogo-ops: 58559
      bogo-ops-per-second-usr-sys-time: 2928.062877
      bogo-ops-per-second-real-time: 2927.941100
      wall-clock-time: 20.000061
      user-time: 19.998230
      system-time: 0.000999
      cpu-usage-per-instance: 99.995841
      max-rss: 3152

...
