BaselineInfo:
  WebDBID: -1
  TimeStamp: 20241107151914
Version:
  Major: 11
  Minor: 0
  Build: 1002
  SpecialBuildName: ""
  ptArchitecture: x86_64_linux
Results:
  Results Complete: true
  NumTestProcesses: 4
  CPU_INTEGER_MATH: 14979.130333333333
  CPU_FLOATINGPOINT_MATH: 12267.560060794065
  CPU_PRIME: 49.119104137359244
  CPU_SORTING: 8981.0639533851718
  CPU_ENCRYPTION: 1829.0570186767068
  CPU_COMPRESSION: 64361.011380006305
  CPU_SINGLETHREAD: 1738.6545504658361
  CPU_PHYSICS: 810.49455915118392
  CPU_MATRIX_MULT_SSE: 5581.7459442175013
  CPU_mm: 694.49401182146539
  CPU_sse: 2245.0927678124599
  CPU_fma: 6330.9238034679529
  CPU_avx: 4912.1409142859511
  CPU_avx512: 8838.8262913036415
  m_CPU_enc_SHA: 909225501.51374614
  m_CPU_enc_AES: 4039434913.1126828
  m_CPU_enc_ECDSA: 805055462.62141073
  ME_ALLOC_S: 3231.3083084986583
  ME_READ_S: 17502.5546875
  ME_READ_L: 10872.2578125
  ME_WRITE: 9981.4560546875
  ME_LARGE: 4024.5
  ME_LATENCY: 54.711562924198482
  ME_THREADED: 39419.6630859375
  SUMM_CPU: 5730.0389923480561
  SUMM_ME: 1923.0429295684423
SystemInformation:
  OSName: Ubuntu 24.04.1 LTS
  Kernel: 6.8.0-1017-azure
  Device: ""
  Processor: Intel Xeon Platinum 8370C CPU @ 2.80GHz
  NumSockets: 1
  Manufacturer: GenuineIntel
  NumCores: 4
  NumLogicals: 4
  CPUFrequency: 0
  Memory: 13973
  MemModuleInfo:
    iNumMemSticks: 2
    DIMM 1:
      manufacturer: Microsoft Corporation
      modulePartNo: None
      memType: Unknown
      size: 1
      clkspeed: 0
      moduleVoltage: 0
    DIMM 2:
      manufacturer: Microsoft Corporation
      modulePartNo: None
      memType: Unknown
      size: 13
      clkspeed: 0
      moduleVoltage: 0
Checksum: B0F03CC4353563A61891A79FC0F6A253974CFA59