---
system-info:
      stress-ng-version: 0.17.08
      run-by: root
      date-yyyy-mm-dd: 2024:06:05
      time-hh-mm-ss: 21:59:36
      epoch-secs: 1717624776
      hostname: 8416d28d760c
      sysname: Linux
      nodename: 8416d28d760c
      release: 6.8.0-1008-aws
      version: '#8-Ubuntu SMP Sat Apr 20 00:46:25 UTC 2024'
      machine: x86_64
      compiler: 'musl-gcc 13.2.1'
      uptime: 106
      totalram: 8055431168
      freeram: 3997298688
      sharedram: 29212672
      bufferram: 79220736
      totalswap: 0
      freeswap: 0
      pagesize: 4096
      cpus: 4
      cpus-online: 4
      ticks-per-second: 100

metrics:
    - stressor: cpu
      bogo-ops: 44477
      bogo-ops-per-second-usr-sys-time: 1118.584099
      bogo-ops-per-second-real-time: 4447.262172
      wall-clock-time: 10.000984
      user-time: 39.744924
      system-time: 0.016950
      cpu-usage-per-instance: 99.394900
      max-rss: 3792

...
