---
system-info:
      stress-ng-version: 0.17.08
      run-by: root
      date-yyyy-mm-dd: 2024:06:12
      time-hh-mm-ss: 21:40:15
      epoch-secs: 1718228415
      hostname: b095acee7463
      sysname: Linux
      nodename: b095acee7463
      release: 6.8.0-1008-aws
      version: '#8-Ubuntu SMP Sat Apr 20 00:46:25 UTC 2024'
      machine: x86_64
      compiler: 'musl-gcc 13.2.1'
      uptime: 117
      totalram: 8055431168
      freeram: 3716157440
      sharedram: 29212672
      bufferram: 110866432
      totalswap: 0
      freeswap: 0
      pagesize: 4096
      cpus: 4
      cpus-online: 4
      ticks-per-second: 100

metrics:
    - stressor: cpu
      bogo-ops: 73506
      bogo-ops-per-second-usr-sys-time: 924.009444
      bogo-ops-per-second-real-time: 3675.280054
      wall-clock-time: 20.000109
      user-time: 79.536143
      system-time: 0.014992
      cpu-usage-per-instance: 99.438379
      max-rss: 1232

...
