---
system-info:
      stress-ng-version: 0.17.08
      run-by: root
      date-yyyy-mm-dd: 2024:06:20
      time-hh-mm-ss: 23:36:15
      epoch-secs: 1718926575
      hostname: f70e0262ff1a
      sysname: Linux
      nodename: f70e0262ff1a
      release: 6.8.0-1008-gcp
      version: '#9-Ubuntu SMP Wed May 22 18:09:04 UTC 2024'
      machine: x86_64
      compiler: 'musl-gcc 13.2.1'
      uptime: 163
      totalram: 8324927488
      freeram: 3402035200
      sharedram: 36020224
      bufferram: 133435392
      totalswap: 0
      freeswap: 0
      pagesize: 4096
      cpus: 2
      cpus-online: 2
      ticks-per-second: 100

metrics:
    - stressor: cpu
      bogo-ops: 36772
      bogo-ops-per-second-usr-sys-time: 930.304196
      bogo-ops-per-second-real-time: 1838.583847
      wall-clock-time: 20.000176
      user-time: 39.519883
      system-time: 0.006973
      cpu-usage-per-instance: 98.816272
      max-rss: 976

...
