BaselineInfo:
  WebDBID: -1
  TimeStamp: 20260522133331
Version:
  Major: 11
  Minor: 0
  Build: 1004
  SpecialBuildName: ""
  ptArchitecture: x86_64_linux
Results:
  Results Complete: true
  NumTestProcesses: 1
  CPU_INTEGER_MATH: 7507.3270000000002
  CPU_FLOATINGPOINT_MATH: 7580.2904037826593
  CPU_PRIME: 22.486289294527513
  CPU_SORTING: 4377.2960924954095
  CPU_ENCRYPTION: 1567.4757960286554
  CPU_COMPRESSION: 32047.869371478697
  CPU_SINGLETHREAD: 3610.9297881458688
  CPU_PHYSICS: 480.96855055838739
  CPU_MATRIX_MULT_SSE: 2550.5519314751905
  CPU_mm: 360.65500756649601
  CPU_sse: 1091.4521576293178
  CPU_fma: 3794.3330070206948
  CPU_avx: 2019.2382492537056
  CPU_avx512: 3297.1843119970431
  m_CPU_enc_SHA: 2182033255.8667188
  m_CPU_enc_AES: 1365963742.9641953
  m_CPU_enc_ECDSA: 1382855502.0587165
  ME_ALLOC_S: 1187.8019782337819
  ME_READ_S: 32748.901562499999
  ME_READ_L: 28175.58203125
  ME_WRITE: 27265.58203125
  ME_LARGE: 548
  ME_LATENCY: 103.45615907662921
  ME_THREADED: 25903.69140625
  SUMM_CPU: 3357.6911685195341
  SUMM_ME: 918.15977989615749
SystemInformation:
  OSName: Ubuntu 24.04.4 LTS
  Kernel: 6.8.0-111-generic
  Device: ""
  Processor: "AMD EPYC 9575F 64-Core Processor               "
  NumSockets: 1
  Manufacturer: AuthenticAMD
  NumCores: 1
  NumLogicals: 1
  CPUFrequency: 0
  CPUMaxFrequency: 0
  Memory: 1805
  CPUInfo:
    number: 1
    Family: 15
    Model: 2
    stepping: 1
    features: 395049983
    manufacture: AuthenticAMD
    typestring: "AMD EPYC 9575F 64-Core Processor               "
    iCoresPerPackage: 255
    iThreadsPerPackage: 1
    featuresEx:
      - 395049983
      - 4294586883
      - 802421759
    bHybrid: false
    nPCore: 0
    nLogicalsPerPCore: 0
    nECore: 0
    nLogicalsPerECore: 0
  MemModuleInfo:
    iNumMemSticks: 1
    DIMM 1:
      manufacturer: QEMU
      modulePartNo: Not Specified
      memType: RAM
      size: 2
      clkspeed: 0
      moduleVoltage: 0
Checksum: 9468F838C0E6CEF6B9F031EE3C748282366ED93B