---
system-info:
      stress-ng-version: 0.17.08
      run-by: root
      date-yyyy-mm-dd: 2024:07:02
      time-hh-mm-ss: 07:36:52
      epoch-secs: 1719905812
      hostname: c3-highcpu-22-d8f85ab
      sysname: Linux
      nodename: c3-highcpu-22-d8f85ab
      release: 6.8.0-1009-gcp
      version: '#10-Ubuntu SMP Wed Jun 12 18:52:23 UTC 2024'
      machine: x86_64
      compiler: 'musl-gcc 13.2.1'
      uptime: 111
      totalram: 46279385088
      freeram: 41023922176
      sharedram: 111669248
      bufferram: 125825024
      totalswap: 0
      freeswap: 0
      pagesize: 4096
      cpus: 22
      cpus-online: 22
      ticks-per-second: 100

metrics:
    - stressor: cpu
      bogo-ops: 366302
      bogo-ops-per-second-usr-sys-time: 833.022924
      bogo-ops-per-second-real-time: 18315.013531
      wall-clock-time: 20.000094
      user-time: 439.703208
      system-time: 0.022986
      cpu-usage-per-instance: 99.937300
      max-rss: 1060

...
