BaselineInfo:
  WebDBID: -1
  TimeStamp: 20260621222143
Version:
  Major: 11
  Minor: 0
  Build: 1004
  SpecialBuildName: ""
  ptArchitecture: x86_64_linux
Results:
  Results Complete: true
  NumTestProcesses: 64
  CPU_INTEGER_MATH: 348678.42033333331
  CPU_FLOATINGPOINT_MATH: 252589.04287315861
  CPU_PRIME: 731.60466641944254
  CPU_SORTING: 175809.10645117986
  CPU_ENCRYPTION: 76456.483001448243
  CPU_COMPRESSION: 1345117.3817953328
  CPU_SINGLETHREAD: 3537.3629528852475
  CPU_PHYSICS: 12530.083096993474
  CPU_MATRIX_MULT_SSE: 92715.831634526461
  CPU_mm: 9638.3483504683009
  CPU_sse: 41915.665365988425
  CPU_fma: 110038.61506684301
  CPU_avx: 83262.415825335571
  CPU_avx512: 135646.63027993889
  m_CPU_enc_SHA: 81217610917.941956
  m_CPU_enc_AES: 106052458227.47679
  m_CPU_enc_ECDSA: 53241230213.761063
  ME_ALLOC_S: 33062.34661874755
  ME_READ_S: 30754.795507812501
  ME_READ_L: 20268.529296875
  ME_WRITE: 8417.4892578125
  ME_LARGE: 505374.58333333331
  ME_LATENCY: 74.320144147534336
  ME_THREADED: 366137.74072265625
  SUMM_CPU: 89771.16805246321
  SUMM_ME: 2593.9171897863544
SystemInformation:
  OSName: Ubuntu 24.04.4 LTS
  Kernel: 6.17.0-1018-azure
  Device: ""
  Processor: Intel(R) Xeon(R) 6973P-C
  NumSockets: 1
  Manufacturer: GenuineIntel
  NumCores: 32
  NumLogicals: 64
  CPUFrequency: 2600
  CPUMaxFrequency: 2600
  Memory: 515958
  CPUInfo:
    number: 1
    Family: 6
    Model: 13
    stepping: 1
    features: 529267711
    manufacture: GenuineIntel
    typestring: Intel(R) Xeon(R) 6973P-C
    iCoresPerPackage: 32
    iThreadsPerPackage: 2
    featuresEx:
      - 529267711
      - 4294586915
      - 739248128
    bHybrid: false
    nPCore: 0
    nLogicalsPerPCore: 0
    nECore: 0
    nLogicalsPerECore: 0
  MemModuleInfo:
    iNumMemSticks: 4
    DIMM 1:
      manufacturer: Microsoft Corporation
      modulePartNo: None
      memType: Unknown
      size: 1
      clkspeed: 0
      moduleVoltage: 0
    DIMM 2:
      manufacturer: Microsoft Corporation
      modulePartNo: None
      memType: Unknown
      size: 59
      clkspeed: 0
      moduleVoltage: 0
    DIMM 3:
      manufacturer: Microsoft Corporation
      modulePartNo: None
      memType: Unknown
      size: 196
      clkspeed: 0
      moduleVoltage: 0
    DIMM 4:
      manufacturer: Microsoft Corporation
      modulePartNo: None
      memType: Unknown
      size: 256
      clkspeed: 0
      moduleVoltage: 0
Checksum: 5D2FF8263A0BE35E4BC3FA609E564956DE688C80