---
system-info:
      stress-ng-version: 0.17.08
      run-by: root
      date-yyyy-mm-dd: 2024:06:15
      time-hh-mm-ss: 16:56:11
      epoch-secs: 1718470571
      hostname: ac0b231caf56
      sysname: Linux
      nodename: ac0b231caf56
      release: 6.8.0-1008-aws
      version: '#8-Ubuntu SMP Sat Apr 20 00:46:25 UTC 2024'
      machine: x86_64
      compiler: 'musl-gcc 13.2.1'
      uptime: 162
      totalram: 133622255616
      freeram: 129109651456
      sharedram: 40771584
      bufferram: 110497792
      totalswap: 0
      freeswap: 0
      pagesize: 4096
      cpus: 16
      cpus-online: 16
      ticks-per-second: 100

metrics:
    - stressor: cpu
      bogo-ops: 25665
      bogo-ops-per-second-usr-sys-time: 1283.247947
      bogo-ops-per-second-real-time: 1283.241510
      wall-clock-time: 20.000132
      user-time: 20.000032
      system-time: 0.000000
      cpu-usage-per-instance: 99.999498
      max-rss: 1104

...
