---
system-info:
      stress-ng-version: 0.17.08
      run-by: root
      date-yyyy-mm-dd: 2024:06:09
      time-hh-mm-ss: 14:32:57
      epoch-secs: 1717943577
      hostname: d804dd555b84
      sysname: Linux
      nodename: d804dd555b84
      release: 6.8.0-1008-aws
      version: '#8-Ubuntu SMP Sat Apr 20 00:46:25 UTC 2024'
      machine: x86_64
      compiler: 'musl-gcc 13.2.1'
      uptime: 159
      totalram: 133622272000
      freeram: 129015603200
      sharedram: 40771584
      bufferram: 108924928
      totalswap: 0
      freeswap: 0
      pagesize: 4096
      cpus: 16
      cpus-online: 16
      ticks-per-second: 100

metrics:
    - stressor: cpu
      bogo-ops: 13852
      bogo-ops-per-second-usr-sys-time: 1384.488650
      bogo-ops-per-second-real-time: 1384.491861
      wall-clock-time: 10.005115
      user-time: 10.004138
      system-time: 0.001000
      cpu-usage-per-instance: 100.000232
      max-rss: 3792

...
