BaselineInfo:
  WebDBID: -1
  TimeStamp: 20241107113949
Version:
  Major: 11
  Minor: 0
  Build: 1002
  SpecialBuildName: ""
  ptArchitecture: x86_64_linux
Results:
  Results Complete: true
  NumTestProcesses: 4
  CPU_INTEGER_MATH: 15777.998666666666
  CPU_FLOATINGPOINT_MATH: 11306.530774789591
  CPU_PRIME: 36.112417293552852
  CPU_SORTING: 8151.6810114543587
  CPU_ENCRYPTION: 3504.9629004166231
  CPU_COMPRESSION: 60831.900842544157
  CPU_SINGLETHREAD: 2468.8564555811508
  CPU_PHYSICS: 802.26150212548293
  CPU_MATRIX_MULT_SSE: 4083.6797754476656
  CPU_mm: 449.57698563097591
  CPU_sse: 1958.9470863436973
  CPU_fma: 4801.4255684515683
  CPU_avx: 3709.2256580752401
  CPU_avx512: 5865.1207889201569
  m_CPU_enc_SHA: 3712987466.902225
  m_CPU_enc_AES: 4792049553.8897018
  m_CPU_enc_ECDSA: 2520622914.0098562
  ME_ALLOC_S: 2052.2690910405477
  ME_READ_S: 22069.265039062499
  ME_READ_L: 10152.494140625
  ME_WRITE: 8653.46875
  ME_LARGE: 634.91666666666663
  ME_LATENCY: 70.256194826315763
  ME_THREADED: 25776.53125
  SUMM_CPU: 6115.1934018890179
  SUMM_ME: 989.86851031116782
SystemInformation:
  OSName: Ubuntu 24.04.1 LTS
  Kernel: 6.8.0-1015-gcp
  Device: ""
  Processor: Intel Xeon Platinum 8481C CPU @ 2.70GHz
  NumSockets: 1
  Manufacturer: GenuineIntel
  NumCores: 2
  NumLogicals: 4
  CPUFrequency: 0
  Memory: 7937
  MemModuleInfo:
    iNumMemSticks: 1
    DIMM 1:
      manufacturer: ""
      modulePartNo: ""
      memType: RAM
      size: 8
      clkspeed: 0
      moduleVoltage: 0
Checksum: E42800CF5F97BBA1EA9A8948DD63FB950CA6C7E1