---
system-info:
      stress-ng-version: 0.17.08
      run-by: root
      date-yyyy-mm-dd: 2024:06:12
      time-hh-mm-ss: 19:56:48
      epoch-secs: 1718222208
      hostname: 286d9445ab95
      sysname: Linux
      nodename: 286d9445ab95
      release: 6.8.0-1008-aws
      version: '#8-Ubuntu SMP Sat Apr 20 00:46:25 UTC 2024'
      machine: x86_64
      compiler: 'musl-gcc 13.2.1'
      uptime: 154
      totalram: 4023316480
      freeram: 295620608
      sharedram: 7434240
      bufferram: 111869952
      totalswap: 0
      freeswap: 0
      pagesize: 4096
      cpus: 2
      cpus-online: 2
      ticks-per-second: 100

metrics:
    - stressor: cpu
      bogo-ops: 15120
      bogo-ops-per-second-usr-sys-time: 756.101242
      bogo-ops-per-second-real-time: 755.990934
      wall-clock-time: 20.000240
      user-time: 19.997322
      system-time: 0.000000
      cpu-usage-per-instance: 99.985411
      max-rss: 976

...
