---
system-info:
      stress-ng-version: 0.17.08
      run-by: root
      date-yyyy-mm-dd: 2024:06:12
      time-hh-mm-ss: 17:20:29
      epoch-secs: 1718212829
      hostname: ca335a35bf81
      sysname: Linux
      nodename: ca335a35bf81
      release: 6.8.0-1008-aws
      version: '#8-Ubuntu SMP Sat Apr 20 00:46:25 UTC 2024'
      machine: x86_64
      compiler: 'musl-gcc 13.2.1'
      uptime: 200
      totalram: 4023324672
      freeram: 255021056
      sharedram: 7434240
      bufferram: 103567360
      totalswap: 0
      freeswap: 0
      pagesize: 4096
      cpus: 2
      cpus-online: 2
      ticks-per-second: 100

metrics:
    - stressor: cpu
      bogo-ops: 30835
      bogo-ops-per-second-usr-sys-time: 1541.868878
      bogo-ops-per-second-real-time: 1541.746765
      wall-clock-time: 20.000042
      user-time: 19.998458
      system-time: 0.000000
      cpu-usage-per-instance: 99.992080
      max-rss: 976

...
