---
system-info:
      stress-ng-version: 0.17.08
      run-by: root
      date-yyyy-mm-dd: 2024:06:05
      time-hh-mm-ss: 19:13:05
      epoch-secs: 1717614785
      hostname: ce498ab0761b
      sysname: Linux
      nodename: ce498ab0761b
      release: 6.8.0-1008-aws
      version: '#8-Ubuntu SMP Sat Apr 20 00:46:25 UTC 2024'
      machine: x86_64
      compiler: 'musl-gcc 13.2.1'
      uptime: 127
      totalram: 4023316480
      freeram: 225402880
      sharedram: 7434240
      bufferram: 75350016
      totalswap: 0
      freeswap: 0
      pagesize: 4096
      cpus: 2
      cpus-online: 2
      ticks-per-second: 100

metrics:
    - stressor: cpu
      bogo-ops: 13862
      bogo-ops-per-second-usr-sys-time: 1386.312846
      bogo-ops-per-second-real-time: 1386.118505
      wall-clock-time: 10.000588
      user-time: 9.997187
      system-time: 0.001999
      cpu-usage-per-instance: 99.985981
      max-rss: 3920

...
