BaselineInfo:
  WebDBID: -1
  TimeStamp: 20260220205043
Version:
  Major: 11
  Minor: 0
  Build: 1004
  SpecialBuildName: ""
  ptArchitecture: x86_64_linux
Results:
  Results Complete: true
  NumTestProcesses: 384
  CPU_INTEGER_MATH: 1975212.8053333319
  CPU_FLOATINGPOINT_MATH: 1431318.4177932425
  CPU_PRIME: 3118.0901849211377
  CPU_SORTING: 868127.43602595874
  CPU_ENCRYPTION: 407935.23490169406
  CPU_COMPRESSION: 6987121.5694399728
  CPU_SINGLETHREAD: 3246.2837727848828
  CPU_PHYSICS: 49589.307277046042
  CPU_MATRIX_MULT_SSE: 465697.61065358639
  CPU_mm: 52939.23299834675
  CPU_sse: 215647.00576354048
  CPU_fma: 543252.90364668937
  CPU_avx: 433759.67220532347
  CPU_avx512: 670130.86099879153
  m_CPU_enc_SHA: 449839251069.76544
  m_CPU_enc_AES: 553433880594.0459
  m_CPU_enc_ECDSA: 279980158953.02435
  ME_ALLOC_S: 33652.716407233391
  ME_READ_S: 28552.054101562499
  ME_READ_L: 14921.6787109375
  ME_WRITE: 7493.49267578125
  ME_LARGE: 3026903.0833333335
  ME_LATENCY: 67.827191801589905
  ME_THREADED: 1951303.7108154297
  SUMM_CPU: 177637.11138029161
  SUMM_ME: 2563.8103544831538
SystemInformation:
  OSName: Ubuntu 24.04.3 LTS
  Kernel: 6.17.0-1007-aws
  Device: ""
  Processor: Intel(R) Xeon(R) 6975P-C
  NumSockets: 2
  Manufacturer: GenuineIntel
  NumCores: 192
  NumLogicals: 384
  CPUFrequency: 0
  CPUMaxFrequency: 0
  Memory: 3047486
  CPUInfo:
    number: 2
    Family: 6
    Model: 13
    stepping: 1
    features: 529267711
    manufacture: GenuineIntel
    typestring: Intel(R) Xeon(R) 6975P-C
    iCoresPerPackage: 96
    iThreadsPerPackage: 2
    featuresEx:
      - 529267711
      - 4294619651
      - 739248128
    bHybrid: false
    nPCore: 0
    nLogicalsPerPCore: 0
    nECore: 0
    nLogicalsPerECore: 0
  MemModuleInfo:
    iNumMemSticks: 6
    DIMM 1:
      manufacturer: Not Specified
      modulePartNo: Not Specified
      memType: DDR5
      size: 512
      clkspeed: 3600
      moduleVoltage: 0
    DIMM 2:
      manufacturer: Not Specified
      modulePartNo: Not Specified
      memType: DDR5
      size: 512
      clkspeed: 3600
      moduleVoltage: 0
    DIMM 3:
      manufacturer: Not Specified
      modulePartNo: Not Specified
      memType: DDR5
      size: 512
      clkspeed: 3600
      moduleVoltage: 0
    DIMM 4:
      manufacturer: Not Specified
      modulePartNo: Not Specified
      memType: DDR5
      size: 512
      clkspeed: 3600
      moduleVoltage: 0
    DIMM 5:
      manufacturer: Not Specified
      modulePartNo: Not Specified
      memType: DDR5
      size: 512
      clkspeed: 3600
      moduleVoltage: 0
    DIMM 6:
      manufacturer: Not Specified
      modulePartNo: Not Specified
      memType: DDR5
      size: 512
      clkspeed: 3600
      moduleVoltage: 0
Checksum: 8058B92F355325F9099CCA5D458ED446C515E228