---
system-info:
      stress-ng-version: 0.17.08
      run-by: root
      date-yyyy-mm-dd: 2024:06:14
      time-hh-mm-ss: 13:27:30
      epoch-secs: 1718371650
      hostname: 4b1d1e86441e
      sysname: Linux
      nodename: 4b1d1e86441e
      release: 6.8.0-1008-aws
      version: '#8-Ubuntu SMP Sat Apr 20 00:46:25 UTC 2024'
      machine: x86_64
      compiler: 'musl-gcc 13.2.1'
      uptime: 150
      totalram: 16555192320
      freeram: 12216786944
      sharedram: 40747008
      bufferram: 108646400
      totalswap: 0
      freeswap: 0
      pagesize: 4096
      cpus: 4
      cpus-online: 4
      ticks-per-second: 100

metrics:
    - stressor: cpu
      bogo-ops: 26487
      bogo-ops-per-second-usr-sys-time: 1324.380858
      bogo-ops-per-second-real-time: 1324.344143
      wall-clock-time: 20.000088
      user-time: 19.999534
      system-time: 0.000000
      cpu-usage-per-instance: 99.997228
      max-rss: 1104

...
