---
system-info:
      stress-ng-version: 0.17.08
      run-by: root
      date-yyyy-mm-dd: 2024:06:06
      time-hh-mm-ss: 21:21:46
      epoch-secs: 1717708906
      hostname: 62e87e6f76dd
      sysname: Linux
      nodename: 62e87e6f76dd
      release: 6.8.0-1008-aws
      version: '#8-Ubuntu SMP Sat Apr 20 00:46:25 UTC 2024'
      machine: x86_64
      compiler: 'musl-gcc 13.2.1'
      uptime: 142
      totalram: 16555188224
      freeram: 12348461056
      sharedram: 40755200
      bufferram: 86966272
      totalswap: 0
      freeswap: 0
      pagesize: 4096
      cpus: 4
      cpus-online: 4
      ticks-per-second: 100

metrics:
    - stressor: cpu
      bogo-ops: 14341
      bogo-ops-per-second-usr-sys-time: 1434.049808
      bogo-ops-per-second-real-time: 1434.024509
      wall-clock-time: 10.000526
      user-time: 9.999351
      system-time: 0.000999
      cpu-usage-per-instance: 99.998236
      max-rss: 3896

...
