---
system-info:
      stress-ng-version: 0.17.08
      run-by: root
      date-yyyy-mm-dd: 2024:06:14
      time-hh-mm-ss: 18:45:18
      epoch-secs: 1718390718
      hostname: 472e8c6b1b3f
      sysname: Linux
      nodename: 472e8c6b1b3f
      release: 6.8.0-1008-aws
      version: '#8-Ubuntu SMP Sat Apr 20 00:46:25 UTC 2024'
      machine: x86_64
      compiler: 'musl-gcc 13.2.1'
      uptime: 188
      totalram: 132980936704
      freeram: 128242937856
      sharedram: 20303872
      bufferram: 108097536
      totalswap: 0
      freeswap: 0
      pagesize: 4096
      cpus: 32
      cpus-online: 32
      ticks-per-second: 100

metrics:
    - stressor: cpu
      bogo-ops: 188865
      bogo-ops-per-second-usr-sys-time: 295.433364
      bogo-ops-per-second-real-time: 9443.127931
      wall-clock-time: 20.000259
      user-time: 639.211239
      system-time: 0.069977
      cpu-usage-per-instance: 99.886399
      max-rss: 1024

...
