---
system-info:
      stress-ng-version: 0.17.08
      run-by: root
      date-yyyy-mm-dd: 2024:06:08
      time-hh-mm-ss: 11:56:38
      epoch-secs: 1717847798
      hostname: bfcb89797f82
      sysname: Linux
      nodename: bfcb89797f82
      release: 6.8.0-1008-aws
      version: '#8-Ubuntu SMP Sat Apr 20 00:46:25 UTC 2024'
      machine: x86_64
      compiler: 'musl-gcc 13.2.1'
      uptime: 156
      totalram: 132980936704
      freeram: 128213266432
      sharedram: 20303872
      bufferram: 100896768
      totalswap: 0
      freeswap: 0
      pagesize: 4096
      cpus: 32
      cpus-online: 32
      ticks-per-second: 100

metrics:
    - stressor: cpu
      bogo-ops: 250472
      bogo-ops-per-second-usr-sys-time: 783.653897
      bogo-ops-per-second-real-time: 25040.646672
      wall-clock-time: 10.002617
      user-time: 319.544725
      system-time: 0.075966
      cpu-usage-per-instance: 99.855333
      max-rss: 3848

...
