BaselineInfo:
  WebDBID: -1
  TimeStamp: 20241110151659
Version:
  Major: 11
  Minor: 0
  Build: 1002
  SpecialBuildName: ""
  ptArchitecture: aarch64_linux
Results:
  Results Complete: true
  NumTestProcesses: 96
  CPU_INTEGER_MATH: 501295.5236666667
  CPU_FLOATINGPOINT_MATH: 582604.68963422661
  CPU_PRIME: 816.52757161029308
  CPU_SORTING: 432595.46670162689
  CPU_ENCRYPTION: 18146.604460514456
  CPU_COMPRESSION: 638890.14840188064
  CPU_SINGLETHREAD: 1947.5667572506227
  CPU_PHYSICS: 18704.524653410364
  CPU_MATRIX_MULT_SSE: 80839.302246806619
  CPU_mm: 10819.807688895204
  CPU_sse: 63828.077036384777
  CPU_fma: 97850.527457228469
  CPU_avx: 0
  CPU_avx512: 0
  m_CPU_enc_SHA: 28284973164.870525
  m_CPU_enc_AES: 10333123469.585909
  m_CPU_enc_ECDSA: 18466185121.908787
  ME_ALLOC_S: 47125.661769109924
  ME_READ_S: 21204.177148437499
  ME_READ_L: 18218.3359375
  ME_WRITE: 21337.396484375
  ME_LARGE: 1530415.9166666667
  ME_LATENCY: 48.457085774105622
  ME_THREADED: 506132.3505859375
  SUMM_CPU: 56838.003330973814
  SUMM_ME: 3305.3263636389697
SystemInformation:
  OSName: Ubuntu 24.04.1 LTS
  Kernel: 6.8.0-1016-aws
  Device: ""
  Processor: ARM Neoverse-V2 96 Core 0 MHz
  NumSockets: 1
  Manufacturer: ARM
  NumCores: 96
  NumLogicals: 96
  CPUFrequency: 0
  Memory: 1544679
Checksum: 6A58D1537D2952FFC85323E385246B085ABA4353