---
system-info:
      stress-ng-version: 0.17.08
      run-by: root
      date-yyyy-mm-dd: 2024:09:03
      time-hh-mm-ss: 17:58:31
      epoch-secs: 1725386311
      hostname: sc-runner
      sysname: Linux
      nodename: sc-runner
      release: 6.8.0-1013-azure
      version: '#15-Ubuntu SMP Thu Aug  8 18:40:40 UTC 2024'
      machine: x86_64
      compiler: 'musl-gcc 13.2.1'
      uptime: 422
      totalram: 58967719936
      freeram: 50314092544
      sharedram: 56995840
      bufferram: 219287552
      totalswap: 0
      freeswap: 0
      pagesize: 4096
      cpus: 8
      cpus-online: 8
      ticks-per-second: 100

metrics:
    - stressor: cpu
      bogo-ops: 18713
      bogo-ops-per-second-usr-sys-time: 935.695241
      bogo-ops-per-second-real-time: 935.643631
      wall-clock-time: 20.000136
      user-time: 19.999033
      system-time: 0.000000
      cpu-usage-per-instance: 99.994484
      max-rss: 1104

...
