---
system-info:
      stress-ng-version: 0.17.08
      run-by: root
      date-yyyy-mm-dd: 2024:09:16
      time-hh-mm-ss: 16:26:18
      epoch-secs: 1726503978
      hostname: sc-runner
      sysname: Linux
      nodename: sc-runner
      release: 6.8.0-1014-azure
      version: '#16-Ubuntu SMP Thu Aug 15 20:04:41 UTC 2024'
      machine: x86_64
      compiler: 'musl-gcc 13.2.1'
      uptime: 339
      totalram: 58967715840
      freeram: 48802021376
      sharedram: 42061824
      bufferram: 234012672
      totalswap: 0
      freeswap: 0
      pagesize: 4096
      cpus: 8
      cpus-online: 8
      ticks-per-second: 100

metrics:
    - stressor: cpu
      bogo-ops: 24926
      bogo-ops-per-second-usr-sys-time: 1246.418597
      bogo-ops-per-second-real-time: 1246.291413
      wall-clock-time: 20.000138
      user-time: 19.998097
      system-time: 0.000000
      cpu-usage-per-instance: 99.989796
      max-rss: 3152

...
