BaselineInfo:
  WebDBID: -1
  TimeStamp: 20241107221822
Version:
  Major: 11
  Minor: 0
  Build: 1002
  SpecialBuildName: ""
  ptArchitecture: x86_64_linux
Results:
  Results Complete: true
  NumTestProcesses: 8
  CPU_INTEGER_MATH: 42101.366999999998
  CPU_FLOATINGPOINT_MATH: 34675.674379103104
  CPU_PRIME: 135.28899956856904
  CPU_SORTING: 24986.080696257202
  CPU_ENCRYPTION: 9383.448856210427
  CPU_COMPRESSION: 180858.73942843071
  CPU_SINGLETHREAD: 2436.4638234389754
  CPU_PHYSICS: 2058.9027337462135
  CPU_MATRIX_MULT_SSE: 15232.498653219533
  CPU_mm: 1547.458200994593
  CPU_sse: 6284.1895291105266
  CPU_fma: 17655.403137631696
  CPU_avx: 13414.474956890645
  CPU_avx512: 23575.926989245265
  m_CPU_enc_SHA: 11006080913.811113
  m_CPU_enc_AES: 11356953151.955359
  m_CPU_enc_ECDSA: 7154743737.7826424
  ME_ALLOC_S: 7752.8407852184264
  ME_READ_S: 24491.277929687501
  ME_READ_L: 11791.9638671875
  ME_WRITE: 10760.912109375
  ME_LARGE: 53978.833333333336
  ME_LATENCY: 58.333915661512641
  ME_THREADED: 74315.52734375
  SUMM_CPU: 17073.477711721542
  SUMM_ME: 2543.2512356841858
SystemInformation:
  OSName: Ubuntu 24.04.1 LTS
  Kernel: 6.8.0-1017-azure
  Device: ""
  Processor: Intel Xeon Platinum 8370C CPU @ 2.80GHz
  NumSockets: 1
  Manufacturer: GenuineIntel
  NumCores: 8
  NumLogicals: 8
  CPUFrequency: 2800
  Memory: 64298
  MemModuleInfo:
    iNumMemSticks: 4
    DIMM 1:
      manufacturer: Microsoft Corporation
      modulePartNo: None
      memType: Unknown
      size: 1
      clkspeed: 0
      moduleVoltage: 0
    DIMM 2:
      manufacturer: Microsoft Corporation
      modulePartNo: None
      memType: Unknown
      size: 60928
      clkspeed: 0
      moduleVoltage: 0
    DIMM 3:
      manufacturer: Microsoft Corporation
      modulePartNo: None
      memType: Unknown
      size: 3584
      clkspeed: 0
      moduleVoltage: 0
    DIMM 4:
      manufacturer: Microsoft Corporation
      modulePartNo: None
      memType: Unknown
      size: 32
      clkspeed: 0
      moduleVoltage: 0
Checksum: 3F0B6A64D2A893B4B68303D1CF4ED657625207B2