---
system-info:
      stress-ng-version: 0.17.08
      run-by: root
      date-yyyy-mm-dd: 2024:06:06
      time-hh-mm-ss: 17:22:20
      epoch-secs: 1717694540
      hostname: 4b0379d5daf2
      sysname: Linux
      nodename: 4b0379d5daf2
      release: 6.8.0-1008-aws
      version: '#8-Ubuntu SMP Sat Apr 20 00:46:25 UTC 2024'
      machine: x86_64
      compiler: 'musl-gcc 13.2.1'
      uptime: 134
      totalram: 199374536704
      freeram: 194578870272
      sharedram: 114532352
      bufferram: 85434368
      totalswap: 0
      freeswap: 0
      pagesize: 4096
      cpus: 96
      cpus-online: 96
      ticks-per-second: 100

metrics:
    - stressor: cpu
      bogo-ops: 1336993
      bogo-ops-per-second-usr-sys-time: 1393.303898
      bogo-ops-per-second-real-time: 133683.017295
      wall-clock-time: 10.001218
      user-time: 959.494665
      system-time: 0.089961
      cpu-usage-per-instance: 99.944559
      max-rss: 3072

...
