---
system-info:
      stress-ng-version: 0.17.08
      run-by: root
      date-yyyy-mm-dd: 2024:06:15
      time-hh-mm-ss: 10:21:55
      epoch-secs: 1718446915
      hostname: 156c8eb12dfe
      sysname: Linux
      nodename: 156c8eb12dfe
      release: 6.8.0-1008-aws
      version: '#8-Ubuntu SMP Sat Apr 20 00:46:25 UTC 2024'
      machine: x86_64
      compiler: 'musl-gcc 13.2.1'
      uptime: 142
      totalram: 199374548992
      freeram: 194509582336
      sharedram: 114532352
      bufferram: 107384832
      totalswap: 0
      freeswap: 0
      pagesize: 4096
      cpus: 96
      cpus-online: 96
      ticks-per-second: 100

metrics:
    - stressor: cpu
      bogo-ops: 1698327
      bogo-ops-per-second-usr-sys-time: 884.809701
      bogo-ops-per-second-real-time: 84915.967939
      wall-clock-time: 20.000090
      user-time: 1919.394301
      system-time: 0.031986
      cpu-usage-per-instance: 99.969669
      max-rss: 768

...
