BaselineInfo:
  WebDBID: -1
  TimeStamp: 20241108035817
Version:
  Major: 11
  Minor: 0
  Build: 1002
  SpecialBuildName: ""
  ptArchitecture: x86_64_linux
Results:
  Results Complete: true
  NumTestProcesses: 8
  CPU_INTEGER_MATH: 33543.595000000001
  CPU_FLOATINGPOINT_MATH: 17176.756172507205
  CPU_PRIME: 72.557384921507207
  CPU_SORTING: 17447.717388059187
  CPU_ENCRYPTION: 7313.2555055398898
  CPU_COMPRESSION: 124741.33834451201
  CPU_SINGLETHREAD: 2428.9875041274527
  CPU_PHYSICS: 1293.2276693756644
  CPU_MATRIX_MULT_SSE: 7003.9642814902818
  CPU_mm: 724.11107045836866
  CPU_sse: 3160.0324509865609
  CPU_fma: 8759.2897081269093
  CPU_avx: 6463.7837447481297
  CPU_avx512: 9632.7512220995286
  m_CPU_enc_SHA: 7379538547.1900082
  m_CPU_enc_AES: 11097337103.468525
  m_CPU_enc_ECDSA: 4528636964.2724533
  ME_ALLOC_S: 4029.9709610723366
  ME_READ_S: 24422.058789062499
  ME_READ_L: 11743.5224609375
  ME_WRITE: 10507.001953125
  ME_LARGE: 54201.333333333336
  ME_LATENCY: 52.84861228876354
  ME_THREADED: 53436.88134765625
  SUMM_CPU: 11353.200217112781
  SUMM_ME: 2554.9007997709787
SystemInformation:
  OSName: Ubuntu 24.04.1 LTS
  Kernel: 6.8.0-1017-azure
  Device: ""
  Processor: Intel Xeon Platinum 8370C CPU @ 2.80GHz
  NumSockets: 1
  Manufacturer: GenuineIntel
  NumCores: 4
  NumLogicals: 8
  CPUFrequency: 2800
  Memory: 64298
  MemModuleInfo:
    iNumMemSticks: 3
    DIMM 1:
      manufacturer: Microsoft Corporation
      modulePartNo: None
      memType: Unknown
      size: 1
      clkspeed: 0
      moduleVoltage: 0
    DIMM 2:
      manufacturer: Microsoft Corporation
      modulePartNo: None
      memType: Unknown
      size: 59
      clkspeed: 0
      moduleVoltage: 0
    DIMM 3:
      manufacturer: Microsoft Corporation
      modulePartNo: None
      memType: Unknown
      size: 4
      clkspeed: 0
      moduleVoltage: 0
Checksum: FFAF91EDD1756BD7E9979D3181A9AF207BDB1FD9