BaselineInfo:
  WebDBID: -1
  TimeStamp: 20260404025827
Version:
  Major: 11
  Minor: 0
  Build: 1004
  SpecialBuildName: ""
  ptArchitecture: x86_64_linux
Results:
  Results Complete: true
  NumTestProcesses: 4
  CPU_INTEGER_MATH: 16758.177333333333
  CPU_FLOATINGPOINT_MATH: 8572.555053591499
  CPU_PRIME: 34.402804345148915
  CPU_SORTING: 8844.9768565767845
  CPU_ENCRYPTION: 3641.7658863281954
  CPU_COMPRESSION: 63648.983143397752
  CPU_SINGLETHREAD: 2354.2122152723073
  CPU_PHYSICS: 728.72093612598167
  CPU_MATRIX_MULT_SSE: 3402.630380197761
  CPU_mm: 359.9570459018048
  CPU_sse: 1588.8434921007838
  CPU_fma: 4362.4113240414963
  CPU_avx: 3229.568095387418
  CPU_avx512: 4429.6986092613452
  m_CPU_enc_SHA: 3678167272.0872855
  m_CPU_enc_AES: 5523118519.1574402
  m_CPU_enc_ECDSA: 2254719126.8226948
  ME_ALLOC_S: 1968.7918472456342
  ME_READ_S: 23477.7607421875
  ME_READ_L: 11769.29296875
  ME_WRITE: 10719.7841796875
  ME_LARGE: 2665.1666666666665
  ME_LATENCY: 55.109749485004308
  ME_THREADED: 30558.275390625
  SUMM_CPU: 5868.9473249014191
  SUMM_ME: 1832.6037675588911
SystemInformation:
  OSName: Ubuntu 24.04.4 LTS
  Kernel: 6.8.0-106-generic
  Device: ""
  Processor: Intel(R) Xeon(R) Platinum 8369B CPU @ 2.90GHz
  NumSockets: 1
  Manufacturer: GenuineIntel
  NumCores: 2
  NumLogicals: 4
  CPUFrequency: 0
  CPUMaxFrequency: 0
  Memory: 15322
  CPUInfo:
    number: 1
    Family: 6
    Model: 10
    stepping: 6
    features: 529267711
    manufacture: GenuineIntel
    typestring: Intel(R) Xeon(R) Platinum 8369B CPU @ 2.90GHz
    iCoresPerPackage: 2
    iThreadsPerPackage: 2
    featuresEx:
      - 529267711
      - 4277809667
      - 739248128
    bHybrid: false
    nPCore: 0
    nLogicalsPerPCore: 0
    nECore: 0
    nLogicalsPerECore: 0
  MemModuleInfo:
    iNumMemSticks: 1
    DIMM 1:
      manufacturer: Alibaba Cloud
      modulePartNo: Not Specified
      memType: RAM
      size: 16
      clkspeed: 0
      moduleVoltage: 0
Checksum: 99FFDB12C2B7537C7018D28739946F57205284B2