BaselineInfo:
  WebDBID: -1
  TimeStamp: 20241108172211
Version:
  Major: 11
  Minor: 0
  Build: 1002
  SpecialBuildName: ""
  ptArchitecture: aarch64_linux
Results:
  Results Complete: true
  NumTestProcesses: 32
  CPU_INTEGER_MATH: 150777.96666666667
  CPU_FLOATINGPOINT_MATH: 114482.24237654793
  CPU_PRIME: 173.35938984395219
  CPU_SORTING: 106472.28416116362
  CPU_ENCRYPTION: 5184.1678627187912
  CPU_COMPRESSION: 181240.5636425167
  CPU_SINGLETHREAD: 1319.594286386498
  CPU_PHYSICS: 2873.9516562260401
  CPU_MATRIX_MULT_SSE: 23785.314533138375
  CPU_mm: 3984.5320876914107
  CPU_sse: 19909.107543774659
  CPU_fma: 27661.521522502095
  CPU_avx: 0
  CPU_avx512: 0
  m_CPU_enc_SHA: 7687394853.9965019
  m_CPU_enc_AES: 3601377198.2061262
  m_CPU_enc_ECDSA: 5019209950.2520313
  ME_ALLOC_S: 21336.187184816346
  ME_READ_S: 11279.112597656251
  ME_READ_L: 8784.3310546875
  ME_WRITE: 14817.865234375
  ME_LARGE: 116762.75
  ME_LATENCY: 70.55760563543727
  ME_THREADED: 159422.484375
  SUMM_CPU: 20418.944977765837
  SUMM_ME: 1952.0150085745197
SystemInformation:
  OSName: Ubuntu 24.04.1 LTS
  Kernel: 6.8.0-1015-gcp
  Device: ""
  Processor: ARM Neoverse-N1 32 Core 0 MHz
  NumSockets: 1
  Manufacturer: ARM
  NumCores: 32
  NumLogicals: 32
  CPUFrequency: 0
  Memory: 128548
Checksum: CE8ECAF643A86ADF058C60E0F06655503490D05C