BaselineInfo:
  WebDBID: -1
  TimeStamp: 20260613055205
Version:
  Major: 11
  Minor: 0
  Build: 1004
  SpecialBuildName: ""
  ptArchitecture: x86_64_linux
Results:
  Results Complete: true
  NumTestProcesses: 48
  CPU_INTEGER_MATH: 313051.56699999992
  CPU_FLOATINGPOINT_MATH: 190768.79816042839
  CPU_PRIME: 710.32885277899766
  CPU_SORTING: 148159.89129027945
  CPU_ENCRYPTION: 62656.082209798136
  CPU_COMPRESSION: 1172160.3346511982
  CPU_SINGLETHREAD: 3689.163191148612
  CPU_PHYSICS: 12086.892363951147
  CPU_MATRIX_MULT_SSE: 90663.652799119314
  CPU_mm: 8725.0420985125056
  CPU_sse: 32653.019264164515
  CPU_fma: 98304.974490774664
  CPU_avx: 94435.802949573233
  CPU_avx512: 137260.81449196482
  m_CPU_enc_SHA: 78818938504.348953
  m_CPU_enc_AES: 64518574323.000443
  m_CPU_enc_ECDSA: 53761479350.314499
  ME_ALLOC_S: 30353.435855388965
  ME_READ_S: 33243.1162109375
  ME_READ_L: 30576.630859375
  ME_WRITE: 30805.708984375
  ME_LARGE: 376126.16666666669
  ME_LATENCY: 99.915729736761634
  ME_THREADED: 505296.892578125
  SUMM_CPU: 82627.153071211986
  SUMM_ME: 2509.6896186846543
SystemInformation:
  OSName: Ubuntu 24.04.4 LTS
  Kernel: 6.8.0-124-generic
  Device: ""
  Processor: AMD EPYC-Turin Processor
  NumSockets: 1
  Manufacturer: AuthenticAMD
  NumCores: 24
  NumLogicals: 48
  CPUFrequency: 0
  CPUMaxFrequency: 0
  Memory: 386743
  CPUInfo:
    number: 1
    Family: 15
    Model: 0
    stepping: 0
    features: 395049983
    manufacture: AuthenticAMD
    typestring: AMD EPYC-Turin Processor
    iCoresPerPackage: 24
    iThreadsPerPackage: 2
    featuresEx:
      - 395049983
      - 4277809667
      - 802421759
    bHybrid: false
    nPCore: 0
    nLogicalsPerPCore: 0
    nECore: 0
    nLogicalsPerECore: 0
  MemModuleInfo:
    iNumMemSticks: 1
    DIMM 1:
      manufacturer: QEMU
      modulePartNo: Not Specified
      memType: RAM
      size: 384
      clkspeed: 0
      moduleVoltage: 0
Checksum: 47E43FF53078ADD5469EE3ADAB03443EAE170731