BaselineInfo:
  WebDBID: -1
  TimeStamp: 20250101205100
Version:
  Major: 11
  Minor: 0
  Build: 1002
  SpecialBuildName: ""
  ptArchitecture: x86_64_linux
Results:
  Results Complete: true
  NumTestProcesses: 96
  CPU_INTEGER_MATH: 402436.23599999992
  CPU_FLOATINGPOINT_MATH: 205725.21210880624
  CPU_PRIME: 444.57391081702781
  CPU_SORTING: 194824.13333687076
  CPU_ENCRYPTION: 86373.486132507023
  CPU_COMPRESSION: 1445989.4983208112
  CPU_SINGLETHREAD: 2352.4973791458165
  CPU_PHYSICS: 7160.2261611767881
  CPU_MATRIX_MULT_SSE: 84765.231355433221
  CPU_mm: 8580.8396462024775
  CPU_sse: 37244.927059360562
  CPU_fma: 99516.887433333861
  CPU_avx: 76974.677342972689
  CPU_avx512: 125324.4335860658
  m_CPU_enc_SHA: 87795825881.029327
  m_CPU_enc_AES: 130928729406.44753
  m_CPU_enc_ECDSA: 52982938497.162117
  ME_ALLOC_S: 29638.460396307029
  ME_READ_S: 23681.65625
  ME_READ_L: 10826.466796875
  ME_WRITE: 10296.1259765625
  ME_LARGE: 3068798.25
  ME_LATENCY: 60.112848804215893
  ME_THREADED: 182566.13000488281
  SUMM_CPU: 74908.923549396641
  SUMM_ME: 2570.1460558219806
SystemInformation:
  OSName: Ubuntu 24.04.1 LTS
  Kernel: 6.8.0-1021-aws
  Device: ""
  Processor: Intel Xeon Platinum 8375C CPU @ 2.90GHz
  NumSockets: 2
  Manufacturer: GenuineIntel
  NumCores: 48
  NumLogicals: 96
  CPUFrequency: 0
  Memory: 3084200
  MemModuleInfo:
    iNumMemSticks: 2
    DIMM 1:
      manufacturer: Not Specified
      modulePartNo: Not Specified
      memType: DDR4
      size: 1536
      clkspeed: 1600
      moduleVoltage: 0
    DIMM 2:
      manufacturer: Not Specified
      modulePartNo: Not Specified
      memType: DDR4
      size: 1536
      clkspeed: 1600
      moduleVoltage: 0
Checksum: B9084DB51F6312105424C23B614C97D3A26BEF68