BaselineInfo:
  WebDBID: -1
  TimeStamp: 20241108054926
Version:
  Major: 11
  Minor: 0
  Build: 1002
  SpecialBuildName: ""
  ptArchitecture: aarch64_linux
Results:
  Results Complete: true
  NumTestProcesses: 8
  CPU_INTEGER_MATH: 31592.775333333331
  CPU_FLOATINGPOINT_MATH: 23979.504790509884
  CPU_PRIME: 68.82340544233503
  CPU_SORTING: 22931.359008273801
  CPU_ENCRYPTION: 1093.9950795719401
  CPU_COMPRESSION: 37663.087734382731
  CPU_SINGLETHREAD: 1110.7618145721722
  CPU_PHYSICS: 1178.1987574356913
  CPU_MATRIX_MULT_SSE: 4989.1500668912295
  CPU_mm: 830.98604022577899
  CPU_sse: 4181.4435402275722
  CPU_fma: 5796.8565935548877
  CPU_avx: 0
  CPU_avx512: 0
  m_CPU_enc_SHA: 1645681500.4498422
  m_CPU_enc_AES: 758829064.14450097
  m_CPU_enc_ECDSA: 1036900389.0773369
  ME_ALLOC_S: 5248.3317265783489
  ME_READ_S: 9487.7471679687496
  ME_READ_L: 9221.60546875
  ME_WRITE: 12589.4658203125
  ME_LARGE: 117292.08333333333
  ME_LATENCY: 73.775258339083692
  ME_THREADED: 73124.1875
  SUMM_CPU: 5259.3174876730009
  SUMM_ME: 1752.4053506448317
SystemInformation:
  OSName: Ubuntu 24.04.1 LTS
  Kernel: 6.8.0-1016-aws
  Device: ""
  Processor: ARM Neoverse-N1 8 Core 0 MHz
  NumSockets: 1
  Manufacturer: ARM
  NumCores: 8
  NumLogicals: 8
  CPUFrequency: 0
  Memory: 127266
Checksum: 27951C768780DE1DAC954C8F982EBC9D5C347C16