BaselineInfo:
  WebDBID: -1
  TimeStamp: 20260405003933
Version:
  Major: 11
  Minor: 0
  Build: 1004
  SpecialBuildName: ""
  ptArchitecture: x86_64_linux
Results:
  Results Complete: true
  NumTestProcesses: 16
  CPU_INTEGER_MATH: 39226.718999999997
  CPU_FLOATINGPOINT_MATH: 21049.639223854978
  CPU_PRIME: 74.955045447457408
  CPU_SORTING: 23742.934839274167
  CPU_ENCRYPTION: 5438.7060309185817
  CPU_COMPRESSION: 180665.53036280727
  CPU_SINGLETHREAD: 1681.3040309208793
  CPU_PHYSICS: 1360.1257024662191
  CPU_MATRIX_MULT_SSE: 11872.376414989567
  CPU_mm: 1190.1026250531052
  CPU_sse: 4270.2856939899484
  CPU_fma: 14565.735848893903
  CPU_avx: 10299.916128979399
  CPU_avx512: 18353.567988095016
  m_CPU_enc_SHA: 1773021846.2664282
  m_CPU_enc_AES: 13729838811.93714
  m_CPU_enc_ECDSA: 1605829187.0258799
  ME_ALLOC_S: 4298.1210833140894
  ME_READ_S: 19476.921093749999
  ME_READ_L: 6501.4560546875
  ME_WRITE: 7083.0478515625
  ME_LARGE: 115153.41666666667
  ME_LATENCY: 80.05179826587765
  ME_THREADED: 70828.466796875
  SUMM_CPU: 13025.38080166174
  SUMM_ME: 1779.5958380185289
SystemInformation:
  OSName: Ubuntu 24.04.4 LTS
  Kernel: 6.8.0-106-generic
  Device: ""
  Processor: Intel(R) Xeon(R) Platinum 8163 CPU @ 2.50GHz
  NumSockets: 1
  Manufacturer: GenuineIntel
  NumCores: 8
  NumLogicals: 16
  CPUFrequency: 2500
  CPUMaxFrequency: 3100
  Memory: 128299
  CPUInfo:
    number: 1
    Family: 6
    Model: 5
    stepping: 4
    features: 529267711
    manufacture: GenuineIntel
    typestring: Intel(R) Xeon(R) Platinum 8163 CPU @ 2.50GHz
    iCoresPerPackage: 8
    iThreadsPerPackage: 2
    featuresEx:
      - 529267711
      - 4294586883
      - 739248128
    bHybrid: false
    nPCore: 0
    nLogicalsPerPCore: 0
    nECore: 0
    nLogicalsPerECore: 0
  MemModuleInfo:
    iNumMemSticks: 8
    DIMM 1:
      manufacturer: Alibaba Cloud
      modulePartNo: Not Specified
      memType: RAM
      size: 16
      clkspeed: 0
      moduleVoltage: 0
    DIMM 2:
      manufacturer: Alibaba Cloud
      modulePartNo: Not Specified
      memType: RAM
      size: 16
      clkspeed: 0
      moduleVoltage: 0
    DIMM 3:
      manufacturer: Alibaba Cloud
      modulePartNo: Not Specified
      memType: RAM
      size: 16
      clkspeed: 0
      moduleVoltage: 0
    DIMM 4:
      manufacturer: Alibaba Cloud
      modulePartNo: Not Specified
      memType: RAM
      size: 16
      clkspeed: 0
      moduleVoltage: 0
    DIMM 5:
      manufacturer: Alibaba Cloud
      modulePartNo: Not Specified
      memType: RAM
      size: 16
      clkspeed: 0
      moduleVoltage: 0
    DIMM 6:
      manufacturer: Alibaba Cloud
      modulePartNo: Not Specified
      memType: RAM
      size: 16
      clkspeed: 0
      moduleVoltage: 0
    DIMM 7:
      manufacturer: Alibaba Cloud
      modulePartNo: Not Specified
      memType: RAM
      size: 16
      clkspeed: 0
      moduleVoltage: 0
    DIMM 8:
      manufacturer: Alibaba Cloud
      modulePartNo: Not Specified
      memType: RAM
      size: 16
      clkspeed: 0
      moduleVoltage: 0
Checksum: C272E5942F25BB369830A3820BAA2B044DD6B0EF