BaselineInfo:
  WebDBID: -1
  TimeStamp: 20260621210118
Version:
  Major: 11
  Minor: 0
  Build: 1004
  SpecialBuildName: ""
  ptArchitecture: x86_64_linux
Results:
  Results Complete: true
  NumTestProcesses: 96
  CPU_INTEGER_MATH: 477565.24099999969
  CPU_FLOATINGPOINT_MATH: 346107.31752830138
  CPU_PRIME: 934.58595390648804
  CPU_SORTING: 244050.24566390709
  CPU_ENCRYPTION: 104936.026860162
  CPU_COMPRESSION: 1847763.1226685455
  CPU_SINGLETHREAD: 3536.7392508018825
  CPU_PHYSICS: 14116.839286204447
  CPU_MATRIX_MULT_SSE: 125494.82560320523
  CPU_mm: 13354.225266427573
  CPU_sse: 57241.785601989177
  CPU_fma: 150861.14018830218
  CPU_avx: 116252.49291407481
  CPU_avx512: 177623.8837084549
  m_CPU_enc_SHA: 110826867452.07388
  m_CPU_enc_AES: 146136133120.60263
  m_CPU_enc_ECDSA: 73137197330.08728
  ME_ALLOC_S: 33207.862876468127
  ME_READ_S: 30749.452734375001
  ME_READ_L: 20644.67578125
  ME_WRITE: 8503.2255859375
  ME_LARGE: 182123.83333333334
  ME_LATENCY: 74.648075360584798
  ME_THREADED: 372523.11254882812
  SUMM_CPU: 108246.31364748954
  SUMM_ME: 2589.2605422741567
SystemInformation:
  OSName: Ubuntu 24.04.4 LTS
  Kernel: 6.17.0-1018-azure
  Device: ""
  Processor: Intel(R) Xeon(R) 6973P-C
  NumSockets: 1
  Manufacturer: GenuineIntel
  NumCores: 48
  NumLogicals: 96
  CPUFrequency: 2600
  CPUMaxFrequency: 2600
  Memory: 193385
  CPUInfo:
    number: 1
    Family: 6
    Model: 13
    stepping: 1
    features: 529267711
    manufacture: GenuineIntel
    typestring: Intel(R) Xeon(R) 6973P-C
    iCoresPerPackage: 64
    iThreadsPerPackage: 2
    featuresEx:
      - 529267711
      - 4294586915
      - 739248128
    bHybrid: false
    nPCore: 0
    nLogicalsPerPCore: 0
    nECore: 0
    nLogicalsPerECore: 0
  MemModuleInfo:
    iNumMemSticks: 4
    DIMM 1:
      manufacturer: Microsoft Corporation
      modulePartNo: None
      memType: Unknown
      size: 1
      clkspeed: 0
      moduleVoltage: 0
    DIMM 2:
      manufacturer: Microsoft Corporation
      modulePartNo: None
      memType: Unknown
      size: 59
      clkspeed: 0
      moduleVoltage: 0
    DIMM 3:
      manufacturer: Microsoft Corporation
      modulePartNo: None
      memType: Unknown
      size: 36
      clkspeed: 0
      moduleVoltage: 0
    DIMM 4:
      manufacturer: Microsoft Corporation
      modulePartNo: None
      memType: Unknown
      size: 96
      clkspeed: 0
      moduleVoltage: 0
Checksum: 4E7E2F064E9CDCCE1AACFA59DDF5515058AFB31A