---
system-info:
      stress-ng-version: 0.17.08
      run-by: root
      date-yyyy-mm-dd: 2024:06:13
      time-hh-mm-ss: 13:04:19
      epoch-secs: 1718283859
      hostname: 05ef9ae1162a
      sysname: Linux
      nodename: 05ef9ae1162a
      release: 6.8.0-1008-aws
      version: '#8-Ubuntu SMP Sat Apr 20 02:43:14 UTC 2024'
      machine: aarch64
      compiler: 'musl-gcc 13.2.1'
      uptime: 180
      totalram: 3976568832
      freeram: 172363776
      sharedram: 35008512
      bufferram: 99254272
      totalswap: 0
      freeswap: 0
      pagesize: 4096
      cpus: 1
      cpus-online: 1
      ticks-per-second: 100

metrics:
    - stressor: cpu
      bogo-ops: 29857
      bogo-ops-per-second-usr-sys-time: 1519.010165
      bogo-ops-per-second-real-time: 1492.842793
      wall-clock-time: 20.000097
      user-time: 19.652586
      system-time: 0.002977
      cpu-usage-per-instance: 98.277341
      max-rss: 1320

...
