---
system-info:
      stress-ng-version: 0.17.08
      run-by: root
      date-yyyy-mm-dd: 2024:06:07
      time-hh-mm-ss: 21:41:42
      epoch-secs: 1717796502
      hostname: 0d3944962b76
      sysname: Linux
      nodename: 0d3944962b76
      release: 6.8.0-1008-aws
      version: '#8-Ubuntu SMP Sat Apr 20 02:43:14 UTC 2024'
      machine: aarch64
      compiler: 'musl-gcc 13.2.1'
      uptime: 151
      totalram: 3976564736
      freeram: 142467072
      sharedram: 35008512
      bufferram: 79937536
      totalswap: 0
      freeswap: 0
      pagesize: 4096
      cpus: 1
      cpus-online: 1
      ticks-per-second: 100

metrics:
    - stressor: cpu
      bogo-ops: 2875
      bogo-ops-per-second-usr-sys-time: 292.812348
      bogo-ops-per-second-real-time: 287.414748
      wall-clock-time: 10.002966
      user-time: 9.816593
      system-time: 0.001982
      cpu-usage-per-instance: 98.156635
      max-rss: 4136

...
