---
system-info:
      stress-ng-version: 0.17.08
      run-by: root
      date-yyyy-mm-dd: 2024:06:14
      time-hh-mm-ss: 19:55:08
      epoch-secs: 1718394908
      hostname: 9f4e77a7b72d
      sysname: Linux
      nodename: 9f4e77a7b72d
      release: 6.8.0-1008-aws
      version: '#8-Ubuntu SMP Sat Apr 20 00:46:25 UTC 2024'
      machine: x86_64
      compiler: 'musl-gcc 13.2.1'
      uptime: 146
      totalram: 267549720576
      freeram: 262319005696
      sharedram: 78761984
      bufferram: 108658688
      totalswap: 0
      freeswap: 0
      pagesize: 4096
      cpus: 64
      cpus-online: 64
      ticks-per-second: 100

metrics:
    - stressor: cpu
      bogo-ops: 1098346
      bogo-ops-per-second-usr-sys-time: 858.553931
      bogo-ops-per-second-real-time: 54917.046339
      wall-clock-time: 20.000092
      user-time: 1279.264636
      system-time: 0.032983
      cpu-usage-per-instance: 99.944665
      max-rss: 512

...
