---
system-info:
      stress-ng-version: 0.17.08
      run-by: root
      date-yyyy-mm-dd: 2024:06:08
      time-hh-mm-ss: 13:54:53
      epoch-secs: 1717854893
      hostname: c6e13a6eef9d
      sysname: Linux
      nodename: c6e13a6eef9d
      release: 6.8.0-1008-aws
      version: '#8-Ubuntu SMP Sat Apr 20 00:46:25 UTC 2024'
      machine: x86_64
      compiler: 'musl-gcc 13.2.1'
      uptime: 125
      totalram: 267549736960
      freeram: 262224748544
      sharedram: 78761984
      bufferram: 101957632
      totalswap: 0
      freeswap: 0
      pagesize: 4096
      cpus: 64
      cpus-online: 64
      ticks-per-second: 100

metrics:
    - stressor: cpu
      bogo-ops: 647870
      bogo-ops-per-second-usr-sys-time: 1012.976120
      bogo-ops-per-second-real-time: 64774.290062
      wall-clock-time: 10.001962
      user-time: 639.468896
      system-time: 0.101956
      cpu-usage-per-instance: 99.913341
      max-rss: 3584

...
