size_kb,operation,bandwidth_mb_s,latency_ns,latency_stddev_ns,latency_samples,threads,iterations,elapsed_s
32,read,141865.18,0,0,0,4,260960,0.229937
32,write,124471.76,0,0,0,4,342465,0.343918
32,copy,91025.83,0,0,0,4,275330,0.378093
32,latency,0,1.55,0.05,7,1,7,0.226998
128,read,141392.86,0,0,0,4,106247,0.375716
128,write,125201.61,0,0,0,4,111358,0.444715
128,copy,90996.10,0,0,0,4,69851,0.383813
128,latency,0,4.34,0.02,7,1,7,0.630755
512,read,139080.89,0,0,0,4,30055,0.432195
512,write,119092.80,0,0,0,4,30033,0.504363
512,copy,33202.28,0,0,0,4,10643,0.641101
512,latency,0,6.26,0.03,7,1,7,0.639477
1024,read,67815.89,0,0,0,4,10789,0.636370
1024,write,61431.06,0,0,0,4,10949,0.712929
1024,copy,29990.92,0,0,0,4,3247,0.433064
1024,latency,0,6.98,0.04,7,1,7,0.601384
2048,read,61412.18,0,0,0,4,3881,0.505568
2048,write,57723.87,0,0,0,4,3561,0.493522
2048,copy,29845.57,0,0,0,4,1565,0.419493
2048,latency,0,15.39,0.06,7,1,7,0.688342
16384,read,32779.68,0,0,0,4,209,0.408058
16384,write,27786.43,0,0,0,4,190,0.437624
16384,copy,14641.85,0,0,0,4,103,0.450216
16384,latency,0,33.89,27.08,21,1,21,1.336969
32768,read,28992.95,0,0,0,4,91,0.401753
32768,write,22801.38,0,0,0,4,79,0.443482
32768,copy,14544.72,0,0,0,4,52,0.457623
32768,latency,0,97.13,3.93,7,1,7,2.114276
65536,read,28479.28,0,0,0,4,49,0.440461
65536,write,22821.06,0,0,0,4,42,0.471144
65536,copy,14542.59,0,0,0,4,25,0.440087
65536,latency,0,103.40,0.79,7,1,7,4.531647
131072,read,28489.06,0,0,0,4,25,0.449295
131072,write,23439.43,0,0,0,4,21,0.458714
131072,copy,14536.10,0,0,0,4,13,0.457894
131072,latency,0,103.17,3.21,7,1,7,8.964603
262144,read,28568.42,0,0,0,4,13,0.465969
262144,write,23834.10,0,0,0,4,10,0.429637
262144,copy,14640.69,0,0,0,4,6,0.419652
262144,latency,0,106.19,0.59,7,1,7,18.759918
