---
system-info:
      stress-ng-version: 0.17.08
      run-by: root
      date-yyyy-mm-dd: 2024:06:06
      time-hh-mm-ss: 14:22:23
      epoch-secs: 1717683743
      hostname: 2ea757d7cdad
      sysname: Linux
      nodename: 2ea757d7cdad
      release: 6.8.0-1008-aws
      version: '#8-Ubuntu SMP Sat Apr 20 00:46:25 UTC 2024'
      machine: x86_64
      compiler: 'musl-gcc 13.2.1'
      uptime: 156
      totalram: 403765018624
      freeram: 396067147776
      sharedram: 120688640
      bufferram: 85532672
      totalswap: 0
      freeswap: 0
      pagesize: 4096
      cpus: 192
      cpus-online: 192
      ticks-per-second: 100

metrics:
    - stressor: cpu
      bogo-ops: 17744
      bogo-ops-per-second-usr-sys-time: 1774.411179
      bogo-ops-per-second-real-time: 1774.388874
      wall-clock-time: 10.000063
      user-time: 9.998938
      system-time: 0.000999
      cpu-usage-per-instance: 99.998743
      max-rss: 3072

...
