---
system-info:
      stress-ng-version: 0.17.08
      run-by: root
      date-yyyy-mm-dd: 2024:06:14
      time-hh-mm-ss: 07:42:30
      epoch-secs: 1718350950
      hostname: e8700b6d2a25
      sysname: Linux
      nodename: e8700b6d2a25
      release: 6.8.0-1008-aws
      version: '#8-Ubuntu SMP Sat Apr 20 00:46:25 UTC 2024'
      machine: x86_64
      compiler: 'musl-gcc 13.2.1'
      uptime: 139
      totalram: 403765030912
      freeram: 396082987008
      sharedram: 120688640
      bufferram: 109883392
      totalswap: 0
      freeswap: 0
      pagesize: 4096
      cpus: 192
      cpus-online: 192
      ticks-per-second: 100

metrics:
    - stressor: cpu
      bogo-ops: 61918
      bogo-ops-per-second-usr-sys-time: 3096.059757
      bogo-ops-per-second-real-time: 3095.893763
      wall-clock-time: 20.000040
      user-time: 19.998968
      system-time: 0.000000
      cpu-usage-per-instance: 99.994639
      max-rss: 0

...
