---
system-info:
      stress-ng-version: 0.17.08
      run-by: root
      date-yyyy-mm-dd: 2024:06:07
      time-hh-mm-ss: 12:40:59
      epoch-secs: 1717764059
      hostname: 1406dda29bbb
      sysname: Linux
      nodename: 1406dda29bbb
      release: 6.8.0-1008-aws
      version: '#8-Ubuntu SMP Sat Apr 20 00:46:25 UTC 2024'
      machine: x86_64
      compiler: 'musl-gcc 13.2.1'
      uptime: 146
      totalram: 33265278976
      freeram: 29024698368
      sharedram: 40734720
      bufferram: 91045888
      totalswap: 0
      freeswap: 0
      pagesize: 4096
      cpus: 4
      cpus-online: 4
      ticks-per-second: 100

metrics:
    - stressor: cpu
      bogo-ops: 13784
      bogo-ops-per-second-usr-sys-time: 1377.739512
      bogo-ops-per-second-real-time: 1377.718351
      wall-clock-time: 10.004948
      user-time: 10.004794
      system-time: 0.000000
      cpu-usage-per-instance: 99.998464
      max-rss: 3920

...
