---
system-info:
      stress-ng-version: 0.17.08
      run-by: root
      date-yyyy-mm-dd: 2024:06:13
      time-hh-mm-ss: 08:55:40
      epoch-secs: 1718268940
      hostname: 5a0b8dec2ce7
      sysname: Linux
      nodename: 5a0b8dec2ce7
      release: 6.8.0-1008-aws
      version: '#8-Ubuntu SMP Sat Apr 20 00:46:25 UTC 2024'
      machine: x86_64
      compiler: 'musl-gcc 13.2.1'
      uptime: 177
      totalram: 33265283072
      freeram: 28910661632
      sharedram: 40734720
      bufferram: 106889216
      totalswap: 0
      freeswap: 0
      pagesize: 4096
      cpus: 4
      cpus-online: 4
      ticks-per-second: 100

metrics:
    - stressor: cpu
      bogo-ops: 25564
      bogo-ops-per-second-usr-sys-time: 1278.219621
      bogo-ops-per-second-real-time: 1278.192366
      wall-clock-time: 20.000119
      user-time: 19.998692
      system-time: 0.001001
      cpu-usage-per-instance: 99.997868
      max-rss: 1104

...
