BaselineInfo:
  WebDBID: -1
  TimeStamp: 20251219123922
Version:
  Major: 11
  Minor: 0
  Build: 1002
  SpecialBuildName: ""
  ptArchitecture: x86_64_linux
Results:
  Results Complete: true
  NumTestProcesses: 90
  CPU_INTEGER_MATH: 427884.97899999999
  CPU_FLOATINGPOINT_MATH: 242589.62862922871
  CPU_PRIME: 923.3959417107568
  CPU_SORTING: 156337.59822965227
  CPU_ENCRYPTION: 99948.308796847487
  CPU_COMPRESSION: 1519257.8897484094
  CPU_SINGLETHREAD: 2978.8322332360353
  CPU_PHYSICS: 6499.0447096315211
  CPU_MATRIX_MULT_SSE: 96764.067979939777
  CPU_mm: 9660.2211411747539
  CPU_sse: 42251.910433874487
  CPU_fma: 123675.04334982835
  CPU_avx: 97717.927582653079
  CPU_avx512: 123411.39055340305
  m_CPU_enc_SHA: 140593207812.09454
  m_CPU_enc_AES: 96294074046.214432
  m_CPU_enc_ECDSA: 77522911676.580444
  ME_ALLOC_S: 24308.779747607852
  ME_READ_S: 28550.263281250001
  ME_READ_L: 27417.931640625
  ME_WRITE: 24385.916015625
  ME_LARGE: 332522.25
  ME_LATENCY: 68.676142687349071
  ME_THREADED: 176069.255859375
  SUMM_CPU: 86476.636957067487
  SUMM_ME: 3051.8866293428755
SystemInformation:
  OSName: Ubuntu 24.04.2 LTS
  Kernel: 6.8.0-86-generic
  Device: ""
  Processor: AMD EPYC 9454 48-Core Processor
  NumSockets: 90
  Manufacturer: AuthenticAMD
  NumCores: 90
  NumLogicals: 90
  CPUFrequency: 0
  Memory: 354035
  MemModuleInfo:
    iNumMemSticks: 1
    DIMM 1:
      manufacturer: QEMU
      modulePartNo: Not Specified
      memType: RAM
      size: 360000
      clkspeed: 0
      moduleVoltage: 0
Checksum: D49D032F919BA3CE47986CB63C4A16DAABE15685