---
system-info:
      stress-ng-version: 0.17.08
      run-by: root
      date-yyyy-mm-dd: 2024:09:17
      time-hh-mm-ss: 16:21:39
      epoch-secs: 1726590099
      hostname: sc-runner
      sysname: Linux
      nodename: sc-runner
      release: 6.8.0-1014-azure
      version: '#16-Ubuntu SMP Thu Aug 15 20:04:41 UTC 2024'
      machine: x86_64
      compiler: 'musl-gcc 13.2.1'
      uptime: 337
      totalram: 541020655616
      freeram: 528815960064
      sharedram: 105488384
      bufferram: 254787584
      totalswap: 0
      freeswap: 0
      pagesize: 4096
      cpus: 64
      cpus-online: 64
      ticks-per-second: 100

metrics:
    - stressor: cpu
      bogo-ops: 38004
      bogo-ops-per-second-usr-sys-time: 1900.159052
      bogo-ops-per-second-real-time: 1900.188515
      wall-clock-time: 20.000121
      user-time: 19.999431
      system-time: 0.001000
      cpu-usage-per-instance: 100.001551
      max-rss: 2560

...
