BaselineInfo:
  WebDBID: -1
  TimeStamp: 20241108085906
Version:
  Major: 11
  Minor: 0
  Build: 1002
  SpecialBuildName: ""
  ptArchitecture: x86_64_linux
Results:
  Results Complete: true
  NumTestProcesses: 20
  CPU_INTEGER_MATH: 58022.477999999996
  CPU_FLOATINGPOINT_MATH: 48349.119722156771
  CPU_PRIME: 139.44549045323254
  CPU_SORTING: 34761.914174037935
  CPU_ENCRYPTION: 7418.098921354941
  CPU_COMPRESSION: 291982.60657155537
  CPU_SINGLETHREAD: 1571.2122354085648
  CPU_PHYSICS: 2270.1918201945555
  CPU_MATRIX_MULT_SSE: 24847.878438591699
  CPU_mm: 2684.0664215292954
  CPU_sse: 10309.424319740321
  CPU_fma: 32535.455781287252
  CPU_avx: 22542.850289352373
  CPU_avx512: 34003.78336398684
  m_CPU_enc_SHA: 4072235616.011529
  m_CPU_enc_AES: 15648275194.058582
  m_CPU_enc_ECDSA: 3614810673.6059198
  ME_ALLOC_S: 10958.805914345787
  ME_READ_S: 18576.453515624999
  ME_READ_L: 9768.7587890625
  ME_WRITE: 8849.61328125
  ME_LARGE: 70056.833333333328
  ME_LATENCY: 56.128404472173621
  ME_THREADED: 103192.0283203125
  SUMM_CPU: 19837.521458561827
  SUMM_ME: 2338.8521916982768
SystemInformation:
  OSName: Ubuntu 24.04.1 LTS
  Kernel: 6.8.0-1017-azure
  Device: ""
  Processor: Intel Xeon Platinum 8171M CPU @ 2.60GHz
  NumSockets: 1
  Manufacturer: GenuineIntel
  NumCores: 20
  NumLogicals: 20
  CPUFrequency: 0
  Memory: 80423
  MemModuleInfo:
    iNumMemSticks: 3
    DIMM 1:
      manufacturer: Microsoft Corporation
      modulePartNo: None
      memType: Unknown
      size: 1
      clkspeed: 0
      moduleVoltage: 0
    DIMM 2:
      manufacturer: Microsoft Corporation
      modulePartNo: None
      memType: Unknown
      size: 60928
      clkspeed: 0
      moduleVoltage: 0
    DIMM 3:
      manufacturer: Microsoft Corporation
      modulePartNo: None
      memType: Unknown
      size: 19968
      clkspeed: 0
      moduleVoltage: 0
Checksum: E6BA44B492F6A521A320ADAC277A5D0FCE4DD70E