---
system-info:
      stress-ng-version: 0.17.08
      run-by: root
      date-yyyy-mm-dd: 2024:09:17
      time-hh-mm-ss: 06:46:47
      epoch-secs: 1726555607
      hostname: sc-runner
      sysname: Linux
      nodename: sc-runner
      release: 6.8.0-1014-azure
      version: '#16-Ubuntu SMP Thu Aug 15 20:04:41 UTC 2024'
      machine: x86_64
      compiler: 'musl-gcc 13.2.1'
      uptime: 302
      totalram: 202597695488
      freeram: 191487270912
      sharedram: 42463232
      bufferram: 304721920
      totalswap: 0
      freeswap: 0
      pagesize: 4096
      cpus: 48
      cpus-online: 48
      ticks-per-second: 100

metrics:
    - stressor: cpu
      bogo-ops: 880861
      bogo-ops-per-second-usr-sys-time: 918.128470
      bogo-ops-per-second-real-time: 44042.869903
      wall-clock-time: 20.000082
      user-time: 959.335956
      system-time: 0.073352
      cpu-usage-per-instance: 99.938061
      max-rss: 2876

...
