---
system-info:
      stress-ng-version: 0.17.08
      run-by: root
      date-yyyy-mm-dd: 2024:09:23
      time-hh-mm-ss: 17:13:48
      epoch-secs: 1727111628
      hostname: sc-runner
      sysname: Linux
      nodename: sc-runner
      release: 6.8.0-1014-azure
      version: '#16-Ubuntu SMP Thu Aug 15 20:04:41 UTC 2024'
      machine: x86_64
      compiler: 'musl-gcc 13.2.1'
      uptime: 366
      totalram: 147647787008
      freeram: 137122246656
      sharedram: 54960128
      bufferram: 263176192
      totalswap: 0
      freeswap: 0
      pagesize: 4096
      cpus: 20
      cpus-online: 20
      ticks-per-second: 100

metrics:
    - stressor: cpu
      bogo-ops: 27139
      bogo-ops-per-second-usr-sys-time: 1356.924151
      bogo-ops-per-second-real-time: 1356.942656
      wall-clock-time: 20.000108
      user-time: 19.999381
      system-time: 0.001000
      cpu-usage-per-instance: 100.001364
      max-rss: 3188

...
