---
system-info:
      stress-ng-version: 0.17.08
      run-by: root
      date-yyyy-mm-dd: 2024:07:03
      time-hh-mm-ss: 09:29:19
      epoch-secs: 1719998959
      hostname: c3d-standard-90-lssd-235c667
      sysname: Linux
      nodename: c3d-standard-90-lssd-235c667
      release: 6.8.0-1009-gcp
      version: '#10-Ubuntu SMP Wed Jun 12 18:52:23 UTC 2024'
      machine: x86_64
      compiler: 'musl-gcc 13.2.1'
      uptime: 131
      totalram: 380151463936
      freeram: 374574555136
      sharedram: 35794944
      bufferram: 130654208
      totalswap: 0
      freeswap: 0
      pagesize: 4096
      cpus: 90
      cpus-online: 90
      ticks-per-second: 100

metrics:
    - stressor: cpu
      bogo-ops: 2583502
      bogo-ops-per-second-usr-sys-time: 1436.160642
      bogo-ops-per-second-real-time: 129174.692017
      wall-clock-time: 20.000063
      user-time: 1798.854885
      system-time: 0.039977
      cpu-usage-per-instance: 99.938288
      max-rss: 720

...
