BaselineInfo:
  WebDBID: -1
  TimeStamp: 20241107052317
Version:
  Major: 11
  Minor: 0
  Build: 1002
  SpecialBuildName: ""
  ptArchitecture: x86_64_linux
Results:
  Results Complete: true
  NumTestProcesses: 1
  CPU_INTEGER_MATH: 2642.5253333333335
  CPU_FLOATINGPOINT_MATH: 1970.693099064805
  CPU_PRIME: 7.8998703065971103
  CPU_SORTING: 1591.785238771653
  CPU_ENCRYPTION: 341.90463857439812
  CPU_COMPRESSION: 13467.030385599834
  CPU_SINGLETHREAD: 1135.8919234152172
  CPU_PHYSICS: 147.47868429032397
  CPU_MATRIX_MULT_SSE: 431.34976484248654
  CPU_mm: 122.14597272513329
  CPU_sse: 431.34976484248654
  CPU_fma: 0
  CPU_avx: 0
  CPU_avx512: 0
  m_CPU_enc_SHA: 187502748.09379777
  m_CPU_enc_AES: 727366465.09715164
  m_CPU_enc_ECDSA: 160669781.70241481
  ME_ALLOC_S: 461.50068418510023
  ME_READ_S: 15673.12216796875
  ME_READ_L: 7575.1630859375
  ME_WRITE: 7475.240234375
  ME_LARGE: 546
  ME_LATENCY: 77.966097702904918
  ME_THREADED: 7979.51220703125
  SUMM_CPU: 957.15317469539161
  SUMM_ME: 724.28816812032869
SystemInformation:
  OSName: Ubuntu 24.04.1 LTS
  Kernel: 6.8.0-1016-aws
  Device: ""
  Processor: Intel Xeon CPU E5-2651 v2 @ 1.80GHz
  NumSockets: 1
  Manufacturer: GenuineIntel
  NumCores: 1
  NumLogicals: 1
  CPUFrequency: 0
  Memory: 3724
  MemModuleInfo:
    iNumMemSticks: 1
    DIMM 1:
      manufacturer: Not Specified
      modulePartNo: Not Specified
      memType: RAM
      size: 3840
      clkspeed: 0
      moduleVoltage: 0
Checksum: 5DA874DCD4CC0C5AC1454BD87255457F338D79AE