BaselineInfo:
  WebDBID: -1
  TimeStamp: 20241115014826
Version:
  Major: 11
  Minor: 0
  Build: 1002
  SpecialBuildName: ""
  ptArchitecture: x86_64_linux
Results:
  Results Complete: true
  NumTestProcesses: 1
  CPU_INTEGER_MATH: 2638.1233333333334
  CPU_FLOATINGPOINT_MATH: 1958.1571002268126
  CPU_PRIME: 7.7352728896434364
  CPU_SORTING: 1591.4808017404616
  CPU_ENCRYPTION: 339.99200163667621
  CPU_COMPRESSION: 13277.640555285994
  CPU_SINGLETHREAD: 1138.2013851456331
  CPU_PHYSICS: 148.25586301615238
  CPU_MATRIX_MULT_SSE: 430.94967815241534
  CPU_mm: 121.40355512752907
  CPU_sse: 430.94967815241534
  CPU_fma: 0
  CPU_avx: 0
  CPU_avx512: 0
  m_CPU_enc_SHA: 186319530.43584356
  m_CPU_enc_AES: 725230088.12819982
  m_CPU_enc_ECDSA: 157972740.76049489
  ME_ALLOC_S: 447.10076245943321
  ME_READ_S: 15753.332421875
  ME_READ_L: 6915.37451171875
  ME_WRITE: 6814.94287109375
  ME_LARGE: 476.16666666666669
  ME_LATENCY: 80.511567863143
  ME_THREADED: 6984.3408203125
  SUMM_CPU: 952.53951711962929
  SUMM_ME: 659.89113513126074
SystemInformation:
  OSName: Ubuntu 24.04.1 LTS
  Kernel: 6.8.0-1018-aws
  Device: ""
  Processor: Intel Xeon CPU E5-2651 v2 @ 1.80GHz
  NumSockets: 1
  Manufacturer: GenuineIntel
  NumCores: 1
  NumLogicals: 1
  CPUFrequency: 0
  Memory: 3724
  MemModuleInfo:
    iNumMemSticks: 1
    DIMM 1:
      manufacturer: Not Specified
      modulePartNo: Not Specified
      memType: RAM
      size: 3840
      clkspeed: 0
      moduleVoltage: 0
Checksum: FE7EDE363C8D26160636C7ED97C52BEE22A5D82C