BaselineInfo:
  WebDBID: -1
  TimeStamp: 20241115163754
Version:
  Major: 11
  Minor: 0
  Build: 1002
  SpecialBuildName: ""
  ptArchitecture: x86_64_linux
Results:
  Results Complete: true
  NumTestProcesses: 1
  CPU_INTEGER_MATH: 2000.1883333333333
  CPU_FLOATINGPOINT_MATH: 1139.3361058969322
  CPU_PRIME: 5.962632281771759
  CPU_SORTING: 1308.4504679781701
  CPU_ENCRYPTION: 167.3928409425499
  CPU_COMPRESSION: 8580.4811387618229
  CPU_SINGLETHREAD: 695.66252976886904
  CPU_PHYSICS: 98.729543118023855
  CPU_MATRIX_MULT_SSE: 267.8194640278536
  CPU_mm: 68.46181494348258
  CPU_sse: 267.8194640278536
  CPU_fma: 0
  CPU_avx: 0
  CPU_avx512: 0
  m_CPU_enc_SHA: 127194653.26515001
  m_CPU_enc_AES: 290410161.23354971
  m_CPU_enc_ECDSA: 108967532.25382583
  ME_ALLOC_S: 279.36447840912626
  ME_READ_S: 9910.7026855468757
  ME_READ_L: 4860.30908203125
  ME_WRITE: 4912.39794921875
  ME_LARGE: 498.41666666666669
  ME_LATENCY: 107.00228537549988
  ME_THREADED: 5386.2265625
  SUMM_CPU: 593.15150960167898
  SUMM_ME: 544.5059541737794
SystemInformation:
  OSName: Ubuntu 24.04.1 LTS
  Kernel: 6.8.0-1018-aws
  Device: ""
  Processor: Intel Xeon CPU E5-2651 v2 @ 1.80GHz
  NumSockets: 1
  Manufacturer: GenuineIntel
  NumCores: 1
  NumLogicals: 1
  CPUFrequency: 0
  Memory: 3724
  MemModuleInfo:
    iNumMemSticks: 1
    DIMM 1:
      manufacturer: Not Specified
      modulePartNo: Not Specified
      memType: RAM
      size: 3840
      clkspeed: 0
      moduleVoltage: 0
Checksum: 791272C61271B4EEA0DD1BFE940B3BB1CF38B546