---
system-info:
      stress-ng-version: 0.17.08
      run-by: root
      date-yyyy-mm-dd: 2024:07:12
      time-hh-mm-ss: 10:20:46
      epoch-secs: 1720779646
      hostname: ip-172-31-12-66
      sysname: Linux
      nodename: ip-172-31-12-66
      release: 6.8.0-1010-aws
      version: '#10-Ubuntu SMP Thu Jun 13 17:36:15 UTC 2024'
      machine: x86_64
      compiler: 'musl-gcc 13.2.1'
      uptime: 290
      totalram: 195166134272
      freeram: 186716246016
      sharedram: 37347328
      bufferram: 132120576
      totalswap: 0
      freeswap: 0
      pagesize: 4096
      cpus: 48
      cpus-online: 48
      ticks-per-second: 100

metrics:
    - stressor: cpu
      bogo-ops: 61942
      bogo-ops-per-second-usr-sys-time: 3097.176191
      bogo-ops-per-second-real-time: 3097.079915
      wall-clock-time: 20.000130
      user-time: 19.999508
      system-time: 0.000000
      cpu-usage-per-instance: 99.996892
      max-rss: 1152

...
