BaselineInfo:
  WebDBID: -1
  TimeStamp: 20241109042056
Version:
  Major: 11
  Minor: 0
  Build: 1002
  SpecialBuildName: ""
  ptArchitecture: x86_64_linux
Results:
  Results Complete: true
  NumTestProcesses: 32
  CPU_INTEGER_MATH: 134207.22933333335
  CPU_FLOATINGPOINT_MATH: 68609.363707796321
  CPU_PRIME: 185.64742891310613
  CPU_SORTING: 68241.68771850389
  CPU_ENCRYPTION: 29143.523684053518
  CPU_COMPRESSION: 493034.96924794553
  CPU_SINGLETHREAD: 2360.9487260240744
  CPU_PHYSICS: 3300.1561520348951
  CPU_MATRIX_MULT_SSE: 28290.367937112744
  CPU_mm: 2891.0349578709138
  CPU_sse: 12736.744168727888
  CPU_fma: 34938.96423385424
  CPU_avx: 25821.596988499037
  CPU_avx512: 39664.166357369802
  m_CPU_enc_SHA: 29414476152.033012
  m_CPU_enc_AES: 44280550178.925674
  m_CPU_enc_ECDSA: 17982572140.631596
  ME_ALLOC_S: 14652.184962903886
  ME_READ_S: 24347.373632812501
  ME_READ_L: 11162.59765625
  ME_WRITE: 10194.4716796875
  ME_LARGE: 243032.91666666666
  ME_LATENCY: 63.371750745860162
  ME_THREADED: 129686.31518554688
  SUMM_CPU: 36549.207185923304
  SUMM_ME: 2497.0750563674997
SystemInformation:
  OSName: Ubuntu 24.04.1 LTS
  Kernel: 6.8.0-1016-aws
  Device: ""
  Processor: Intel Xeon Platinum 8375C CPU @ 2.90GHz
  NumSockets: 1
  Manufacturer: GenuineIntel
  NumCores: 16
  NumLogicals: 32
  CPUFrequency: 0
  Memory: 253668
  MemModuleInfo:
    iNumMemSticks: 1
    DIMM 1:
      manufacturer: Not Specified
      modulePartNo: Not Specified
      memType: DDR4
      size: 256
      clkspeed: 1600
      moduleVoltage: 0
Checksum: 3EED1F611C667E9A0F4F9B357BE78B493B9299ED