BaselineInfo:
  WebDBID: -1
  TimeStamp: 20241109090043
Version:
  Major: 11
  Minor: 0
  Build: 1002
  SpecialBuildName: ""
  ptArchitecture: x86_64_linux
Results:
  Results Complete: true
  NumTestProcesses: 32
  CPU_INTEGER_MATH: 132858.86833333332
  CPU_FLOATINGPOINT_MATH: 73136.702657034577
  CPU_PRIME: 213.58183834648017
  CPU_SORTING: 69513.248777108165
  CPU_ENCRYPTION: 34303.527755590774
  CPU_COMPRESSION: 504090.50474014098
  CPU_SINGLETHREAD: 2392.5835195450672
  CPU_PHYSICS: 4124.5525886301239
  CPU_MATRIX_MULT_SSE: 29931.18282565397
  CPU_mm: 3593.8222831146654
  CPU_sse: 15260.724773930173
  CPU_fma: 41661.339186317135
  CPU_avx: 32871.484516714598
  CPU_avx512: 0
  m_CPU_enc_SHA: 49784596188.545525
  m_CPU_enc_AES: 31823527076.124371
  m_CPU_enc_ECDSA: 26301444494.86916
  ME_ALLOC_S: 13714.557863318738
  ME_READ_S: 24441.153906250001
  ME_READ_L: 19675.572265625
  ME_WRITE: 19576.408203125
  ME_LARGE: 504772.16666666669
  ME_LATENCY: 61.410563543836524
  ME_THREADED: 106763.99780273438
  SUMM_CPU: 38454.813777877724
  SUMM_ME: 2943.183340351934
SystemInformation:
  OSName: Ubuntu 24.04.1 LTS
  Kernel: 6.8.0-1017-azure
  Device: ""
  Processor: AMD EPYC 7763 64-Core Processor
  NumSockets: 1
  Manufacturer: AuthenticAMD
  NumCores: 16
  NumLogicals: 32
  CPUFrequency: 0
  Memory: 515779
  MemModuleInfo:
    iNumMemSticks: 3
    DIMM 1:
      manufacturer: Microsoft Corporation
      modulePartNo: None
      memType: Unknown
      size: 1
      clkspeed: 0
      moduleVoltage: 0
    DIMM 2:
      manufacturer: Microsoft Corporation
      modulePartNo: None
      memType: Unknown
      size: 59
      clkspeed: 0
      moduleVoltage: 0
    DIMM 3:
      manufacturer: Microsoft Corporation
      modulePartNo: None
      memType: Unknown
      size: 452
      clkspeed: 0
      moduleVoltage: 0
Checksum: A1668D4F7DC114F4786C42E034DEA9B57A647BCD