---
system-info:
      stress-ng-version: 0.17.08
      run-by: root
      date-yyyy-mm-dd: 2024:09:16
      time-hh-mm-ss: 11:13:37
      epoch-secs: 1726485217
      hostname: sc-runner
      sysname: Linux
      nodename: sc-runner
      release: 6.8.0-1014-azure
      version: '#16-Ubuntu SMP Thu Aug 15 20:04:41 UTC 2024'
      machine: x86_64
      compiler: 'musl-gcc 13.2.1'
      uptime: 297
      totalram: 33649872896
      freeram: 23470264320
      sharedram: 54898688
      bufferram: 227033088
      totalswap: 0
      freeswap: 0
      pagesize: 4096
      cpus: 8
      cpus-online: 8
      ticks-per-second: 100

metrics:
    - stressor: cpu
      bogo-ops: 37967
      bogo-ops-per-second-usr-sys-time: 1898.323898
      bogo-ops-per-second-real-time: 1898.345746
      wall-clock-time: 20.000045
      user-time: 19.999276
      system-time: 0.000999
      cpu-usage-per-instance: 100.001151
      max-rss: 3024

...
