BaselineInfo:
  WebDBID: -1
  TimeStamp: 20241108071641
Version:
  Major: 11
  Minor: 0
  Build: 1002
  SpecialBuildName: ""
  ptArchitecture: x86_64_linux
Results:
  Results Complete: true
  NumTestProcesses: 4
  CPU_INTEGER_MATH: 18313.290333333334
  CPU_FLOATINGPOINT_MATH: 10215.610084365766
  CPU_PRIME: 41.479038789720548
  CPU_SORTING: 10004.814957588696
  CPU_ENCRYPTION: 4753.9559068076805
  CPU_COMPRESSION: 71363.973702184419
  CPU_SINGLETHREAD: 2622.3178163304074
  CPU_PHYSICS: 803.43118256073194
  CPU_MATRIX_MULT_SSE: 3989.6490916232683
  CPU_mm: 496.19561699610369
  CPU_sse: 2107.443863196554
  CPU_fma: 5726.7172121360481
  CPU_avx: 4134.7861995372023
  CPU_avx512: 0
  m_CPU_enc_SHA: 6889313485.3870754
  m_CPU_enc_AES: 4406946319.1328487
  m_CPU_enc_ECDSA: 3658392402.2903852
  ME_ALLOC_S: 1917.3507464562031
  ME_READ_S: 26391.489843750001
  ME_READ_L: 17241.34765625
  ME_WRITE: 16432.44921875
  ME_LARGE: 5641.166666666667
  ME_LATENCY: 66.949454851743496
  ME_THREADED: 34976.599609375
  SUMM_CPU: 6805.4071945434425
  SUMM_ME: 2148.8230033249456
SystemInformation:
  OSName: Ubuntu 24.04.1 LTS
  Kernel: 6.8.0-1016-aws
  Device: ""
  Processor: AMD EPYC 7R13 Processor
  NumSockets: 1
  Manufacturer: AuthenticAMD
  NumCores: 2
  NumLogicals: 4
  CPUFrequency: 0
  Memory: 15620
  MemModuleInfo:
    iNumMemSticks: 1
    DIMM 1:
      manufacturer: Not Specified
      modulePartNo: Not Specified
      memType: DDR4
      size: 16
      clkspeed: 1600
      moduleVoltage: 0
Checksum: DAE4CC77A987E5DF73863BC918D018413822EBA7