---
system-info:
      stress-ng-version: 0.17.08
      run-by: root
      date-yyyy-mm-dd: 2024:09:16
      time-hh-mm-ss: 00:36:34
      epoch-secs: 1726446994
      hostname: sc-runner
      sysname: Linux
      nodename: sc-runner
      release: 6.8.0-1014-azure
      version: '#16-Ubuntu SMP Thu Aug 15 20:04:41 UTC 2024'
      machine: x86_64
      compiler: 'musl-gcc 13.2.1'
      uptime: 298
      totalram: 16765030400
      freeram: 6684962816
      sharedram: 54894592
      bufferram: 224067584
      totalswap: 0
      freeswap: 0
      pagesize: 4096
      cpus: 4
      cpus-online: 4
      ticks-per-second: 100

metrics:
    - stressor: cpu
      bogo-ops: 37846
      bogo-ops-per-second-usr-sys-time: 1892.427266
      bogo-ops-per-second-real-time: 1892.292105
      wall-clock-time: 20.000083
      user-time: 19.998655
      system-time: 0.000000
      cpu-usage-per-instance: 99.992858
      max-rss: 3152

...
