---
system-info:
      stress-ng-version: 0.17.08
      run-by: root
      date-yyyy-mm-dd: 2024:06:09
      time-hh-mm-ss: 20:55:41
      epoch-secs: 1717966541
      hostname: a51e26bce8e8
      sysname: Linux
      nodename: a51e26bce8e8
      release: 6.8.0-1008-aws
      version: '#8-Ubuntu SMP Sat Apr 20 00:46:25 UTC 2024'
      machine: x86_64
      compiler: 'musl-gcc 13.2.1'
      uptime: 123
      totalram: 8113131520
      freeram: 3674320896
      sharedram: 7581696
      bufferram: 114511872
      totalswap: 0
      freeswap: 0
      pagesize: 4096
      cpus: 1
      cpus-online: 1
      ticks-per-second: 100

metrics:
    - stressor: cpu
      bogo-ops: 17600
      bogo-ops-per-second-usr-sys-time: 1786.477744
      bogo-ops-per-second-real-time: 1759.964669
      wall-clock-time: 10.000201
      user-time: 9.848815
      system-time: 0.002973
      cpu-usage-per-instance: 98.515902
      max-rss: 3920

...
