---
system-info:
      stress-ng-version: 0.17.08
      run-by: root
      date-yyyy-mm-dd: 2024:07:11
      time-hh-mm-ss: 12:30:42
      epoch-secs: 1720701042
      hostname: ip-172-31-58-102
      sysname: Linux
      nodename: ip-172-31-58-102
      release: 6.8.0-1010-aws
      version: '#10-Ubuntu SMP Thu Jun 13 17:36:15 UTC 2024'
      machine: x86_64
      compiler: 'musl-gcc 13.2.1'
      uptime: 148
      totalram: 8113115136
      freeram: 3209420800
      sharedram: 7565312
      bufferram: 129626112
      totalswap: 0
      freeswap: 0
      pagesize: 4096
      cpus: 1
      cpus-online: 1
      ticks-per-second: 100

metrics:
    - stressor: cpu
      bogo-ops: 60683
      bogo-ops-per-second-usr-sys-time: 3077.697886
      bogo-ops-per-second-real-time: 3034.135894
      wall-clock-time: 20.000093
      user-time: 19.715027
      system-time: 0.001983
      cpu-usage-per-instance: 98.584592
      max-rss: 1104

...
