---
system-info:
      stress-ng-version: 0.17.08
      run-by: root
      date-yyyy-mm-dd: 2024:06:15
      time-hh-mm-ss: 04:24:52
      epoch-secs: 1718425492
      hostname: 6bb27302aa45
      sysname: Linux
      nodename: 6bb27302aa45
      release: 6.8.0-1008-aws
      version: '#8-Ubuntu SMP Sat Apr 20 00:46:25 UTC 2024'
      machine: x86_64
      compiler: 'musl-gcc 13.2.1'
      uptime: 140
      totalram: 529651593216
      freeram: 523833450496
      sharedram: 71331840
      bufferram: 111521792
      totalswap: 0
      freeswap: 0
      pagesize: 4096
      cpus: 128
      cpus-online: 128
      ticks-per-second: 100

metrics:
    - stressor: cpu
      bogo-ops: 61511
      bogo-ops-per-second-usr-sys-time: 3075.653650
      bogo-ops-per-second-real-time: 3075.540321
      wall-clock-time: 20.000063
      user-time: 19.998327
      system-time: 0.000999
      cpu-usage-per-instance: 99.996315
      max-rss: 0

...
