---
system-info:
      stress-ng-version: 0.17.08
      run-by: root
      date-yyyy-mm-dd: 2024:06:08
      time-hh-mm-ss: 19:41:27
      epoch-secs: 1717875687
      hostname: ddbcac66eaae
      sysname: Linux
      nodename: ddbcac66eaae
      release: 6.8.0-1008-aws
      version: '#8-Ubuntu SMP Sat Apr 20 00:46:25 UTC 2024'
      machine: x86_64
      compiler: 'musl-gcc 13.2.1'
      uptime: 121
      totalram: 529651609600
      freeram: 523775463424
      sharedram: 71331840
      bufferram: 106627072
      totalswap: 0
      freeswap: 0
      pagesize: 4096
      cpus: 128
      cpus-online: 128
      ticks-per-second: 100

metrics:
    - stressor: cpu
      bogo-ops: 17616
      bogo-ops-per-second-usr-sys-time: 1761.581680
      bogo-ops-per-second-real-time: 1761.561403
      wall-clock-time: 10.000219
      user-time: 9.999105
      system-time: 0.000999
      cpu-usage-per-instance: 99.998849
      max-rss: 3072

...
