BaselineInfo:
  WebDBID: -1
  TimeStamp: 20250418080549
Version:
  Major: 11
  Minor: 0
  Build: 1002
  SpecialBuildName: ""
  ptArchitecture: x86_64_linux
Results:
  Results Complete: true
  NumTestProcesses: 64
  CPU_INTEGER_MATH: 305306.76866666664
  CPU_FLOATINGPOINT_MATH: 216208.63177934906
  CPU_PRIME: 637.67012782999632
  CPU_SORTING: 151281.30614731897
  CPU_ENCRYPTION: 67322.129385806373
  CPU_COMPRESSION: 1089501.0113189595
  CPU_SINGLETHREAD: 2920.0486618599789
  CPU_PHYSICS: 14254.222127644087
  CPU_MATRIX_MULT_SSE: 93036.140784253294
  CPU_mm: 8629.1915081135558
  CPU_sse: 37480.312454304199
  CPU_fma: 102939.92399006322
  CPU_avx: 78794.053783849551
  CPU_avx512: 152930.27290879612
  m_CPU_enc_SHA: 70982379071.994354
  m_CPU_enc_AES: 92696272613.672058
  m_CPU_enc_ECDSA: 48098455742.887543
  ME_ALLOC_S: 36080.411001232045
  ME_READ_S: 26765.781835937501
  ME_READ_L: 10370.404296875
  ME_WRITE: 9721.177734375
  ME_LARGE: 504557.58333333331
  ME_LATENCY: 61.692266126093706
  ME_THREADED: 470730.21435546875
  SUMM_CPU: 77248.43636718925
  SUMM_ME: 2580.7051366696187
SystemInformation:
  OSName: Ubuntu 24.04.2 LTS
  Kernel: 6.8.0-1021-azure
  Device: ""
  Processor: INTEL XEON PLATINUM 8573C
  NumSockets: 2
  Manufacturer: GenuineIntel
  NumCores: 32
  NumLogicals: 64
  CPUFrequency: 2300
  Memory: 515957
  MemModuleInfo:
    iNumMemSticks: 4
    DIMM 1:
      manufacturer: Microsoft Corporation
      modulePartNo: None
      memType: Unknown
      size: 1
      clkspeed: 0
      moduleVoltage: 0
    DIMM 2:
      manufacturer: Microsoft Corporation
      modulePartNo: None
      memType: Unknown
      size: 59
      clkspeed: 0
      moduleVoltage: 0
    DIMM 3:
      manufacturer: Microsoft Corporation
      modulePartNo: None
      memType: Unknown
      size: 196
      clkspeed: 0
      moduleVoltage: 0
    DIMM 4:
      manufacturer: Microsoft Corporation
      modulePartNo: None
      memType: Unknown
      size: 256
      clkspeed: 0
      moduleVoltage: 0
Checksum: D92FEB584C06357204797800332803C028C50342