---
system-info:
      stress-ng-version: 0.17.08
      run-by: root
      date-yyyy-mm-dd: 2024:07:09
      time-hh-mm-ss: 22:21:48
      epoch-secs: 1720563708
      hostname: n1-ultramem-80-5268ddf
      sysname: Linux
      nodename: n1-ultramem-80-5268ddf
      release: 6.8.0-1009-gcp
      version: '#10-Ubuntu SMP Wed Jun 12 18:52:23 UTC 2024'
      machine: x86_64
      compiler: 'musl-gcc 13.2.1'
      uptime: 202
      totalram: 2031333847040
      freeram: 2023920779264
      sharedram: 117440512
      bufferram: 135446528
      totalswap: 0
      freeswap: 0
      pagesize: 4096
      cpus: 80
      cpus-online: 80
      ticks-per-second: 100

metrics:
    - stressor: cpu
      bogo-ops: 803508
      bogo-ops-per-second-usr-sys-time: 502.458679
      bogo-ops-per-second-real-time: 40175.052205
      wall-clock-time: 20.000173
      user-time: 1599.049461
      system-time: 0.102933
      cpu-usage-per-instance: 99.946159
      max-rss: 640

...
