BaselineInfo:
  WebDBID: -1
  TimeStamp: 20241108203444
Version:
  Major: 11
  Minor: 0
  Build: 1002
  SpecialBuildName: ""
  ptArchitecture: x86_64_linux
Results:
  Results Complete: true
  NumTestProcesses: 32
  CPU_INTEGER_MATH: 134095.40433333334
  CPU_FLOATINGPOINT_MATH: 68579.469151392856
  CPU_PRIME: 179.28607303110658
  CPU_SORTING: 68040.242556177938
  CPU_ENCRYPTION: 29100.333735922763
  CPU_COMPRESSION: 488921.97408108017
  CPU_SINGLETHREAD: 2364.922465554228
  CPU_PHYSICS: 3317.2218654401836
  CPU_MATRIX_MULT_SSE: 28257.608809471862
  CPU_mm: 2885.0079192233575
  CPU_sse: 12728.327605202956
  CPU_fma: 34966.738511366704
  CPU_avx: 25816.04832095719
  CPU_avx512: 39519.320800360612
  m_CPU_enc_SHA: 29414487789.657684
  m_CPU_enc_AES: 44244157637.083748
  m_CPU_enc_ECDSA: 17883089215.695389
  ME_ALLOC_S: 14571.497767012435
  ME_READ_S: 24296.452734375001
  ME_READ_L: 11594.228515625
  ME_WRITE: 10399.5166015625
  ME_LARGE: 115623.33333333333
  ME_LATENCY: 60.99407091020344
  ME_THREADED: 133048.09619140625
  SUMM_CPU: 36442.602579410806
  SUMM_ME: 2556.7450571456711
SystemInformation:
  OSName: Ubuntu 24.04.1 LTS
  Kernel: 6.8.0-1016-aws
  Device: ""
  Processor: Intel Xeon Platinum 8375C CPU @ 2.90GHz
  NumSockets: 1
  Manufacturer: GenuineIntel
  NumCores: 16
  NumLogicals: 32
  CPUFrequency: 0
  Memory: 126756
  MemModuleInfo:
    iNumMemSticks: 1
    DIMM 1:
      manufacturer: Not Specified
      modulePartNo: Not Specified
      memType: DDR4
      size: 128
      clkspeed: 1600
      moduleVoltage: 0
Checksum: 1B8249B4639EB6B255696B82947C8345F94E2DA7