---
system-info:
      stress-ng-version: 0.17.08
      run-by: root
      date-yyyy-mm-dd: 2024:06:14
      time-hh-mm-ss: 18:56:39
      epoch-secs: 1718391399
      hostname: d0d9493d041e
      sysname: Linux
      nodename: d0d9493d041e
      release: 6.8.0-1008-aws
      version: '#8-Ubuntu SMP Sat Apr 20 00:46:25 UTC 2024'
      machine: x86_64
      compiler: 'musl-gcc 13.2.1'
      uptime: 159
      totalram: 200450973696
      freeram: 195679457280
      sharedram: 40935424
      bufferram: 109748224
      totalswap: 0
      freeswap: 0
      pagesize: 4096
      cpus: 48
      cpus-online: 48
      ticks-per-second: 100

metrics:
    - stressor: cpu
      bogo-ops: 27666
      bogo-ops-per-second-usr-sys-time: 1383.300484
      bogo-ops-per-second-real-time: 1383.297197
      wall-clock-time: 20.000041
      user-time: 19.999993
      system-time: 0.000000
      cpu-usage-per-instance: 99.999762
      max-rss: 1152

...
