---
system-info:
      stress-ng-version: 0.17.08
      run-by: root
      date-yyyy-mm-dd: 2024:06:08
      time-hh-mm-ss: 12:34:23
      epoch-secs: 1717850063
      hostname: 5584764e3e6d
      sysname: Linux
      nodename: 5584764e3e6d
      release: 6.8.0-1008-aws
      version: '#8-Ubuntu SMP Sat Apr 20 00:46:25 UTC 2024'
      machine: x86_64
      compiler: 'musl-gcc 13.2.1'
      uptime: 129
      totalram: 200450965504
      freeram: 195643465728
      sharedram: 40935424
      bufferram: 101634048
      totalswap: 0
      freeswap: 0
      pagesize: 4096
      cpus: 48
      cpus-online: 48
      ticks-per-second: 100

metrics:
    - stressor: cpu
      bogo-ops: 14880
      bogo-ops-per-second-usr-sys-time: 1487.966670
      bogo-ops-per-second-real-time: 1487.970413
      wall-clock-time: 10.000199
      user-time: 9.999225
      system-time: 0.000999
      cpu-usage-per-instance: 100.000252
      max-rss: 3840

...
