---
system-info:
      stress-ng-version: 0.17.08
      run-by: root
      date-yyyy-mm-dd: 2024:06:28
      time-hh-mm-ss: 21:15:20
      epoch-secs: 1719609320
      hostname: c3d-highmem-360-9f3d2b6
      sysname: Linux
      nodename: c3d-highmem-360-9f3d2b6
      release: 6.8.0-1009-gcp
      version: '#10-Ubuntu SMP Wed Jun 12 18:52:23 UTC 2024'
      machine: x86_64
      compiler: 'musl-gcc 13.2.1'
      uptime: 136
      totalram: 3043733204992
      freeram: 3035604766720
      sharedram: 70934528
      bufferram: 132399104
      totalswap: 0
      freeswap: 0
      pagesize: 4096
      cpus: 360
      cpus-online: 360
      ticks-per-second: 100

metrics:
    - stressor: cpu
      bogo-ops: 11070748
      bogo-ops-per-second-usr-sys-time: 1539.727519
      bogo-ops-per-second-real-time: 553535.757135
      wall-clock-time: 20.000059
      user-time: 7189.943685
      system-time: 0.125899
      cpu-usage-per-instance: 99.861781
      max-rss: 0

...
