---
system-info:
      stress-ng-version: 0.17.08
      run-by: root
      date-yyyy-mm-dd: 2024:06:21
      time-hh-mm-ss: 09:50:41
      epoch-secs: 1718963441
      hostname: 525acebfb43e
      sysname: Linux
      nodename: 525acebfb43e
      release: 6.8.0-1008-gcp
      version: '#9-Ubuntu SMP Wed May 22 18:09:04 UTC 2024'
      machine: x86_64
      compiler: 'musl-gcc 13.2.1'
      uptime: 157
      totalram: 33652195328
      freeram: 28535353344
      sharedram: 27422720
      bufferram: 133992448
      totalswap: 0
      freeswap: 0
      pagesize: 4096
      cpus: 8
      cpus-online: 8
      ticks-per-second: 100

metrics:
    - stressor: cpu
      bogo-ops: 166100
      bogo-ops-per-second-usr-sys-time: 1040.437066
      bogo-ops-per-second-real-time: 8304.956909
      wall-clock-time: 20.000104
      user-time: 159.625459
      system-time: 0.018988
      cpu-usage-per-instance: 99.777262
      max-rss: 1104

...
