size_kb,operation,bandwidth_mb_s,latency_ns,latency_stddev_ns,latency_samples,threads,iterations,elapsed_s
32,read,6200872.01,0,0,0,96,581395,0.281281
32,write,7483513.00,0,0,0,96,595237,0.238619
32,copy,4274362.82,0,0,0,96,471698,0.331065
32,latency,0,0.90,0.00,7,1,7,0.128775
128,read,7869014.85,0,0,0,96,185185,0.282401
128,write,7546340.91,0,0,0,96,225225,0.358147
128,copy,5122015.28,0,0,0,96,166666,0.390470
128,latency,0,2.44,0.00,7,1,7,0.702893
512,read,8306901.21,0,0,0,96,62189,0.359348
512,write,8244518.17,0,0,0,96,63775,0.371301
512,copy,3853770.49,0,0,0,96,27262,0.339557
512,latency,0,3.41,0.00,7,1,7,0.704328
1024,read,7206104.47,0,0,0,96,26795,0.356964
1024,write,6506362.60,0,0,0,96,29761,0.439117
1024,copy,3204563.19,0,0,0,96,11665,0.349452
1024,latency,0,5.10,0.01,7,1,7,0.674499
2048,read,6191160.44,0,0,0,96,9652,0.299327
2048,write,6702996.53,0,0,0,96,10036,0.287470
2048,copy,2231577.74,0,0,0,96,4289,0.369016
2048,latency,0,8.93,0.04,7,1,7,0.687735
8192,read,1573688.29,0,0,0,96,1398,0.682260
8192,write,1158850.98,0,0,0,96,2233,1.479866
8192,copy,301584.05,0,0,0,96,1080,2.750278
8192,latency,0,10.42,0.01,7,1,7,0.713742
16384,read,756896.79,0,0,0,96,705,1.430684
16384,write,321763.14,0,0,0,96,622,2.969240
16384,copy,150637.85,0,0,0,96,318,3.242532
16384,latency,0,10.85,0.00,7,1,7,0.688722
32768,read,541310.89,0,0,0,96,341,1.935213
32768,write,206214.22,0,0,0,96,346,5.154407
32768,copy,136690.62,0,0,0,96,177,3.977918
32768,latency,0,14.04,0.21,7,1,7,0.751481
65536,read,509370.92,0,0,0,96,178,2.147025
65536,write,190856.16,0,0,0,96,149,4.796575
65536,copy,134318.78,0,0,0,96,89,4.071032
65536,latency,0,80.03,1.47,7,1,7,3.411929
131072,read,501442.46,0,0,0,96,87,2.131961
131072,write,186802.36,0,0,0,96,67,4.407310
131072,copy,134319.14,0,0,0,96,41,3.750828
131072,latency,0,103.07,1.85,7,1,7,8.958377
