BaselineInfo:
  WebDBID: -1
  TimeStamp: 20241108173748
Version:
  Major: 11
  Minor: 0
  Build: 1002
  SpecialBuildName: ""
  ptArchitecture: x86_64_linux
Results:
  Results Complete: true
  NumTestProcesses: 20
  CPU_INTEGER_MATH: 62299.778333333335
  CPU_FLOATINGPOINT_MATH: 33445.015910499678
  CPU_PRIME: 92.056923423966722
  CPU_SORTING: 31981.637622973634
  CPU_ENCRYPTION: 8578.6182834120391
  CPU_COMPRESSION: 272400.67367918853
  CPU_SINGLETHREAD: 2021.254797285749
  CPU_PHYSICS: 1590.8420597027384
  CPU_MATRIX_MULT_SSE: 17947.668446365755
  CPU_mm: 1893.2442863683805
  CPU_sse: 6821.1305348047117
  CPU_fma: 21896.23242072327
  CPU_avx: 15447.307935546234
  CPU_avx512: 27626.002894388803
  m_CPU_enc_SHA: 2820342768.9737539
  m_CPU_enc_AES: 21637224245.221741
  m_CPU_enc_ECDSA: 2528432721.2456965
  ME_ALLOC_S: 6693.109148115228
  ME_READ_S: 23740.755468750001
  ME_READ_L: 9105.708984375
  ME_WRITE: 8211.6064453125
  ME_LARGE: 150609.33333333334
  ME_LATENCY: 56.941838700820917
  ME_THREADED: 74447.473876953125
  SUMM_CPU: 18995.202721504756
  SUMM_ME: 2357.2984283298174
SystemInformation:
  OSName: Ubuntu 24.04.1 LTS
  Kernel: 6.8.0-1017-azure
  Device: ""
  Processor: Intel Xeon Platinum 8272CL CPU @ 2.60GHz
  NumSockets: 1
  Manufacturer: GenuineIntel
  NumCores: 10
  NumLogicals: 20
  CPUFrequency: 0
  Memory: 160967
  MemModuleInfo:
    iNumMemSticks: 3
    DIMM 1:
      manufacturer: Microsoft Corporation
      modulePartNo: None
      memType: Unknown
      size: 1
      clkspeed: 0
      moduleVoltage: 0
    DIMM 2:
      manufacturer: Microsoft Corporation
      modulePartNo: None
      memType: Unknown
      size: 60928
      clkspeed: 0
      moduleVoltage: 0
    DIMM 3:
      manufacturer: Microsoft Corporation
      modulePartNo: None
      memType: Unknown
      size: 101888
      clkspeed: 0
      moduleVoltage: 0
Checksum: 30ED34B89E86CDD418E9EE69C58D49AA876B9191