---
system-info:
      stress-ng-version: 0.17.08
      run-by: root
      date-yyyy-mm-dd: 2024:09:03
      time-hh-mm-ss: 18:39:32
      epoch-secs: 1725388772
      hostname: sc-runner
      sysname: Linux
      nodename: sc-runner
      release: 6.8.0-1013-azure
      version: '#15-Ubuntu SMP Thu Aug  8 18:40:40 UTC 2024'
      machine: x86_64
      compiler: 'musl-gcc 13.2.1'
      uptime: 436
      totalram: 67423428608
      freeram: 58833031168
      sharedram: 12972032
      bufferram: 218820608
      totalswap: 0
      freeswap: 0
      pagesize: 4096
      cpus: 8
      cpus-online: 8
      ticks-per-second: 100

metrics:
    - stressor: cpu
      bogo-ops: 13298
      bogo-ops-per-second-usr-sys-time: 664.932349
      bogo-ops-per-second-real-time: 664.895799
      wall-clock-time: 20.000126
      user-time: 19.998028
      system-time: 0.000999
      cpu-usage-per-instance: 99.994503
      max-rss: 3152

...
