---
system-info:
      stress-ng-version: 0.17.08
      run-by: root
      date-yyyy-mm-dd: 2024:09:17
      time-hh-mm-ss: 16:21:11
      epoch-secs: 1726590071
      hostname: sc-runner
      sysname: Linux
      nodename: sc-runner
      release: 6.8.0-1014-azure
      version: '#16-Ubuntu SMP Thu Aug 15 20:04:41 UTC 2024'
      machine: x86_64
      compiler: 'musl-gcc 13.2.1'
      uptime: 309
      totalram: 541020655616
      freeram: 528904888320
      sharedram: 105783296
      bufferram: 252993536
      totalswap: 0
      freeswap: 0
      pagesize: 4096
      cpus: 64
      cpus-online: 64
      ticks-per-second: 100

metrics:
    - stressor: cpu
      bogo-ops: 1243099
      bogo-ops-per-second-usr-sys-time: 971.696525
      bogo-ops-per-second-real-time: 62154.695996
      wall-clock-time: 20.000082
      user-time: 1279.248895
      system-time: 0.058963
      cpu-usage-per-instance: 99.945518
      max-rss: 3000

...
