---
system-info:
      stress-ng-version: 0.17.08
      run-by: root
      date-yyyy-mm-dd: 2024:06:14
      time-hh-mm-ss: 02:49:45
      epoch-secs: 1718333385
      hostname: 86baa524fc12
      sysname: Linux
      nodename: 86baa524fc12
      release: 6.8.0-1008-aws
      version: '#8-Ubuntu SMP Sat Apr 20 00:46:25 UTC 2024'
      machine: x86_64
      compiler: 'musl-gcc 13.2.1'
      uptime: 160
      totalram: 31494336512
      freeram: 27063382016
      sharedram: 27578368
      bufferram: 108871680
      totalswap: 0
      freeswap: 0
      pagesize: 4096
      cpus: 16
      cpus-online: 16
      ticks-per-second: 100

metrics:
    - stressor: cpu
      bogo-ops: 28832
      bogo-ops-per-second-usr-sys-time: 1441.696882
      bogo-ops-per-second-real-time: 1441.589723
      wall-clock-time: 20.000143
      user-time: 19.998656
      system-time: 0.000000
      cpu-usage-per-instance: 99.992567
      max-rss: 1104

...
