---
system-info:
      stress-ng-version: 0.17.08
      run-by: root
      date-yyyy-mm-dd: 2024:06:05
      time-hh-mm-ss: 13:03:32
      epoch-secs: 1717592612
      hostname: 28c5ed63d48c
      sysname: Linux
      nodename: 28c5ed63d48c
      release: 6.8.0-1008-aws
      version: '#8-Ubuntu SMP Sat Apr 20 00:46:25 UTC 2024'
      machine: x86_64
      compiler: 'musl-gcc 13.2.1'
      uptime: 143
      totalram: 31494287360
      freeram: 27345735680
      sharedram: 27578368
      bufferram: 77549568
      totalswap: 0
      freeswap: 0
      pagesize: 4096
      cpus: 16
      cpus-online: 16
      ticks-per-second: 100

metrics:
    - stressor: cpu
      bogo-ops: 15630
      bogo-ops-per-second-usr-sys-time: 1563.047204
      bogo-ops-per-second-real-time: 1562.941720
      wall-clock-time: 10.000373
      user-time: 9.998681
      system-time: 0.001017
      cpu-usage-per-instance: 99.993251
      max-rss: 3920

...
