---
system-info:
      stress-ng-version: 0.17.08
      run-by: root
      date-yyyy-mm-dd: 2024:09:11
      time-hh-mm-ss: 07:29:12
      epoch-secs: 1726039752
      hostname: ip-172-31-30-132
      sysname: Linux
      nodename: ip-172-31-30-132
      release: 6.8.0-1014-aws
      version: '#15-Ubuntu SMP Thu Aug  8 20:05:03 UTC 2024'
      machine: aarch64
      compiler: 'musl-gcc 13.2.1'
      uptime: 183
      totalram: 534454145024
      freeram: 525474545664
      sharedram: 35086336
      bufferram: 219181056
      totalswap: 0
      freeswap: 0
      pagesize: 4096
      cpus: 32
      cpus-online: 32
      ticks-per-second: 100

metrics:
    - stressor: cpu
      bogo-ops: 971604
      bogo-ops-per-second-usr-sys-time: 1518.937504
      bogo-ops-per-second-real-time: 48580.053266
      wall-clock-time: 20.000060
      user-time: 639.651290
      system-time: 0.008997
      cpu-usage-per-instance: 99.946618
      max-rss: 1280

...
