---
system-info:
      stress-ng-version: 0.17.08
      run-by: root
      date-yyyy-mm-dd: 2024:09:08
      time-hh-mm-ss: 10:58:33
      epoch-secs: 1725793113
      hostname: ip-172-31-20-118
      sysname: Linux
      nodename: ip-172-31-20-118
      release: 6.8.0-1014-aws
      version: '#15-Ubuntu SMP Thu Aug  8 20:05:03 UTC 2024'
      machine: aarch64
      compiler: 'musl-gcc 13.2.1'
      uptime: 191
      totalram: 534454140928
      freeram: 525472448512
      sharedram: 35086336
      bufferram: 222744576
      totalswap: 0
      freeswap: 0
      pagesize: 4096
      cpus: 32
      cpus-online: 32
      ticks-per-second: 100

metrics:
    - stressor: cpu
      bogo-ops: 971599
      bogo-ops-per-second-usr-sys-time: 1518.848636
      bogo-ops-per-second-real-time: 48579.787974
      wall-clock-time: 20.000067
      user-time: 639.679431
      system-time: 0.014991
      cpu-usage-per-instance: 99.951920
      max-rss: 1024

...
