BaselineInfo:
  WebDBID: -1
  TimeStamp: 20260612135525
Version:
  Major: 11
  Minor: 0
  Build: 1004
  SpecialBuildName: ""
  ptArchitecture: x86_64_linux
Results:
  Results Complete: true
  NumTestProcesses: 8
  CPU_INTEGER_MATH: 45205.60533333334
  CPU_FLOATINGPOINT_MATH: 36248.602164445918
  CPU_PRIME: 139.96142405819722
  CPU_SORTING: 26797.493459115103
  CPU_ENCRYPTION: 9753.5051620501345
  CPU_COMPRESSION: 191281.04153362103
  CPU_SINGLETHREAD: 2575.2846500689693
  CPU_PHYSICS: 2544.2970008759721
  CPU_MATRIX_MULT_SSE: 15513.551342828849
  CPU_mm: 1724.602408523459
  CPU_sse: 7551.0890539851162
  CPU_fma: 22779.296214357997
  CPU_avx: 16210.268760143428
  CPU_avx512: 0
  m_CPU_enc_SHA: 13715175574.090334
  m_CPU_enc_AES: 8689051822.0001431
  m_CPU_enc_ECDSA: 8277646890.3151646
  ME_ALLOC_S: 3874.0506170248423
  ME_READ_S: 25790.045507812501
  ME_READ_L: 16612.076171875
  ME_WRITE: 17007.423828125
  ME_LARGE: 7844.333333333333
  ME_LATENCY: 62.386031704716395
  ME_THREADED: 115724.857421875
  SUMM_CPU: 18066.141435670073
  SUMM_ME: 2496.0305640178708
SystemInformation:
  OSName: Ubuntu 24.04.4 LTS
  Kernel: 6.8.0-124-generic
  Device: ""
  Processor: AMD EPYC-Rome Processor
  NumSockets: 1
  Manufacturer: AuthenticAMD
  NumCores: 4
  NumLogicals: 8
  CPUFrequency: 0
  CPUMaxFrequency: 0
  Memory: 15985
  CPUInfo:
    number: 1
    Family: 15
    Model: 1
    stepping: 0
    features: 395049983
    manufacture: AuthenticAMD
    typestring: AMD EPYC-Rome Processor
    iCoresPerPackage: 4
    iThreadsPerPackage: 2
    featuresEx:
      - 395049983
      - 4277678595
      - 802421759
    bHybrid: false
    nPCore: 0
    nLogicalsPerPCore: 0
    nECore: 0
    nLogicalsPerECore: 0
  MemModuleInfo:
    iNumMemSticks: 1
    DIMM 1:
      manufacturer: QEMU
      modulePartNo: Not Specified
      memType: RAM
      size: 16
      clkspeed: 0
      moduleVoltage: 0
Checksum: ED521039838EEF1A53C15D2AA94ECED811F737C5