---
system-info:
      stress-ng-version: 0.17.08
      run-by: root
      date-yyyy-mm-dd: 2024:06:14
      time-hh-mm-ss: 19:56:31
      epoch-secs: 1718394991
      hostname: 521a895399a3
      sysname: Linux
      nodename: 521a895399a3
      release: 6.8.0-1008-aws
      version: '#8-Ubuntu SMP Sat Apr 20 00:46:25 UTC 2024'
      machine: x86_64
      compiler: 'musl-gcc 13.2.1'
      uptime: 176
      totalram: 33263849472
      freeram: 28869943296
      sharedram: 40738816
      bufferram: 110419968
      totalswap: 0
      freeswap: 0
      pagesize: 4096
      cpus: 8
      cpus-online: 8
      ticks-per-second: 100

metrics:
    - stressor: cpu
      bogo-ops: 25652
      bogo-ops-per-second-usr-sys-time: 1282.630270
      bogo-ops-per-second-real-time: 1282.593563
      wall-clock-time: 20.000100
      user-time: 19.999528
      system-time: 0.000000
      cpu-usage-per-instance: 99.997138
      max-rss: 1232

...
