---
system-info:
      stress-ng-version: 0.17.08
      run-by: root
      date-yyyy-mm-dd: 2024:06:08
      time-hh-mm-ss: 13:55:54
      epoch-secs: 1717854954
      hostname: 1e9b52e3c71e
      sysname: Linux
      nodename: 1e9b52e3c71e
      release: 6.8.0-1008-aws
      version: '#8-Ubuntu SMP Sat Apr 20 00:46:25 UTC 2024'
      machine: x86_64
      compiler: 'musl-gcc 13.2.1'
      uptime: 136
      totalram: 33263853568
      freeram: 28833914880
      sharedram: 40738816
      bufferram: 102285312
      totalswap: 0
      freeswap: 0
      pagesize: 4096
      cpus: 8
      cpus-online: 8
      ticks-per-second: 100

metrics:
    - stressor: cpu
      bogo-ops: 13866
      bogo-ops-per-second-usr-sys-time: 1386.497399
      bogo-ops-per-second-real-time: 1386.490649
      wall-clock-time: 10.000789
      user-time: 9.998740
      system-time: 0.002000
      cpu-usage-per-instance: 99.999513
      max-rss: 4048

...
