BaselineInfo:
  WebDBID: -1
  TimeStamp: 20260708162716
Version:
  Major: 11
  Minor: 0
  Build: 1004
  SpecialBuildName: ""
  ptArchitecture: x86_64_linux
Results:
  Results Complete: true
  NumTestProcesses: 1
  CPU_INTEGER_MATH: 7637.5646666666671
  CPU_FLOATINGPOINT_MATH: 7627.4431851348199
  CPU_PRIME: 28.81729606975594
  CPU_SORTING: 4537.045689213719
  CPU_ENCRYPTION: 1587.9478891078109
  CPU_COMPRESSION: 33190.027405819172
  CPU_SINGLETHREAD: 3745.2330091926988
  CPU_PHYSICS: 493.11990507793246
  CPU_MATRIX_MULT_SSE: 2743.6461326028766
  CPU_mm: 365.58344491928028
  CPU_sse: 1105.4993337524015
  CPU_fma: 4369.4549594403461
  CPU_avx: 2215.0486199272109
  CPU_avx512: 3284.5816172915484
  m_CPU_enc_SHA: 2204428177.6409473
  m_CPU_enc_AES: 1377954386.9389124
  m_CPU_enc_ECDSA: 1412869572.7274761
  ME_ALLOC_S: 1477.4803560196167
  ME_READ_S: 33733.606640625003
  ME_READ_L: 29918.236328125
  ME_WRITE: 29911.1171875
  ME_LARGE: 7759
  ME_LATENCY: 80.609217990841557
  ME_THREADED: 29983.994140625
  SUMM_CPU: 3478.0971235374673
  SUMM_ME: 2198.6583191765781
SystemInformation:
  OSName: Ubuntu 24.04.4 LTS
  Kernel: 6.17.0-1018-azure
  Device: ""
  Processor: "AMD EPYC 9V45 96-Core Processor                "
  NumSockets: 1
  Manufacturer: AuthenticAMD
  NumCores: 1
  NumLogicals: 1
  CPUFrequency: 0
  CPUMaxFrequency: 0
  Memory: 15990
  CPUInfo:
    number: 1
    Family: 15
    Model: 2
    stepping: 1
    features: 395049983
    manufacture: AuthenticAMD
    typestring: "AMD EPYC 9V45 96-Core Processor                "
    iCoresPerPackage: 8
    iThreadsPerPackage: 1
    featuresEx:
      - 395049983
      - 4277809667
      - 802421759
    bHybrid: false
    nPCore: 0
    nLogicalsPerPCore: 0
    nECore: 0
    nLogicalsPerECore: 0
  MemModuleInfo:
    iNumMemSticks: 2
    DIMM 1:
      manufacturer: Microsoft Corporation
      modulePartNo: None
      memType: Unknown
      size: 1
      clkspeed: 0
      moduleVoltage: 0
    DIMM 2:
      manufacturer: Microsoft Corporation
      modulePartNo: None
      memType: Unknown
      size: 15
      clkspeed: 0
      moduleVoltage: 0
Checksum: 419FE11053D201FB99389A8AC102492B238FDF67