BaselineInfo:
  WebDBID: -1
  TimeStamp: 20260403220450
Version:
  Major: 11
  Minor: 0
  Build: 1004
  SpecialBuildName: ""
  ptArchitecture: x86_64_linux
Results:
  Results Complete: true
  NumTestProcesses: 2
  CPU_INTEGER_MATH: 4870.0556666666671
  CPU_FLOATINGPOINT_MATH: 2617.8024359948072
  CPU_PRIME: 12.682415603805946
  CPU_SORTING: 3047.1541944781575
  CPU_ENCRYPTION: 673.93938391290658
  CPU_COMPRESSION: 22610.742084381076
  CPU_SINGLETHREAD: 1594.3385743019239
  CPU_PHYSICS: 240.59738609130042
  CPU_MATRIX_MULT_SSE: 1416.6585245163897
  CPU_mm: 148.71866217911597
  CPU_sse: 531.2057860764985
  CPU_fma: 1813.8286788030705
  CPU_avx: 1282.4002955181713
  CPU_avx512: 2039.1993376678179
  m_CPU_enc_SHA: 220854847.26172644
  m_CPU_enc_AES: 1701846513.2540958
  m_CPU_enc_ECDSA: 197328629.76175755
  ME_ALLOC_S: 544.12009343223997
  ME_READ_S: 19053.762304687501
  ME_READ_L: 6491.47216796875
  ME_WRITE: 6716.4052734375
  ME_LARGE: 944.25
  ME_LATENCY: 76.929886405491771
  ME_THREADED: 9799.369140625
  SUMM_CPU: 1824.8376872154797
  SUMM_ME: 918.50514410418282
SystemInformation:
  OSName: Ubuntu 24.04.4 LTS
  Kernel: 6.8.0-106-generic
  Device: ""
  Processor: Intel(R) Xeon(R) Platinum 8269CY CPU @ 2.50GHz
  NumSockets: 1
  Manufacturer: GenuineIntel
  NumCores: 1
  NumLogicals: 2
  CPUFrequency: 2500
  CPUMaxFrequency: 3800
  Memory: 3530
  CPUInfo:
    number: 1
    Family: 6
    Model: 5
    stepping: 7
    features: 529267711
    manufacture: GenuineIntel
    typestring: Intel(R) Xeon(R) Platinum 8269CY CPU @ 2.50GHz
    iCoresPerPackage: 1
    iThreadsPerPackage: 2
    featuresEx:
      - 529267711
      - 4294586883
      - 739248128
    bHybrid: false
    nPCore: 0
    nLogicalsPerPCore: 0
    nECore: 0
    nLogicalsPerECore: 0
  MemModuleInfo:
    iNumMemSticks: 1
    DIMM 1:
      manufacturer: Alibaba Cloud
      modulePartNo: Not Specified
      memType: RAM
      size: 4
      clkspeed: 0
      moduleVoltage: 0
Checksum: C7278D812F66DFA2AE2AB4A8A77B70724743DC37