BaselineInfo:
  WebDBID: -1
  TimeStamp: 20241108174415
Version:
  Major: 11
  Minor: 0
  Build: 1002
  SpecialBuildName: ""
  ptArchitecture: x86_64_linux
Results:
  Results Complete: true
  NumTestProcesses: 16
  CPU_INTEGER_MATH: 67025.751333333319
  CPU_FLOATINGPOINT_MATH: 34279.941521351895
  CPU_PRIME: 132.78515073898947
  CPU_SORTING: 34794.477220150955
  CPU_ENCRYPTION: 14561.118337096481
  CPU_COMPRESSION: 245665.12700034608
  CPU_SINGLETHREAD: 2367.3664227764152
  CPU_PHYSICS: 2270.9784581542172
  CPU_MATRIX_MULT_SSE: 14207.985511681811
  CPU_mm: 1443.1171115076672
  CPU_sse: 6353.0228977483966
  CPU_fma: 17438.286228571116
  CPU_avx: 12889.90745061861
  CPU_avx512: 20150.725469789119
  m_CPU_enc_SHA: 14702328547.540411
  m_CPU_enc_AES: 22125519473.988052
  m_CPU_enc_ECDSA: 8977469642.7893696
  ME_ALLOC_S: 7782.686041923429
  ME_READ_S: 24235.134570312501
  ME_READ_L: 10891.326171875
  ME_WRITE: 10004.248046875
  ME_LARGE: 52810.916666666664
  ME_LATENCY: 66.4643376033317
  ME_THREADED: 81117.40673828125
  SUMM_CPU: 21074.803772364005
  SUMM_ME: 2346.3973483226359
SystemInformation:
  OSName: Ubuntu 24.04.1 LTS
  Kernel: 6.8.0-1016-aws
  Device: ""
  Processor: Intel Xeon Platinum 8375C CPU @ 2.90GHz
  NumSockets: 1
  Manufacturer: GenuineIntel
  NumCores: 8
  NumLogicals: 16
  CPUFrequency: 0
  Memory: 63258
  MemModuleInfo:
    iNumMemSticks: 1
    DIMM 1:
      manufacturer: Not Specified
      modulePartNo: Not Specified
      memType: DDR4
      size: 64
      clkspeed: 1600
      moduleVoltage: 0
Checksum: 457B5C504B29FE4F08D6A0886EA1BBBC862463E9