---
system-info:
      stress-ng-version: 0.17.08
      run-by: root
      date-yyyy-mm-dd: 2024:06:14
      time-hh-mm-ss: 11:56:02
      epoch-secs: 1718366162
      hostname: 346508ef6cfd
      sysname: Linux
      nodename: 346508ef6cfd
      release: 6.8.0-1008-aws
      version: '#8-Ubuntu SMP Sat Apr 20 00:46:25 UTC 2024'
      machine: x86_64
      compiler: 'musl-gcc 13.2.1'
      uptime: 184
      totalram: 66684055552
      freeram: 62241423360
      sharedram: 40824832
      bufferram: 108470272
      totalswap: 0
      freeswap: 0
      pagesize: 4096
      cpus: 8
      cpus-online: 8
      ticks-per-second: 100

metrics:
    - stressor: cpu
      bogo-ops: 26517
      bogo-ops-per-second-usr-sys-time: 1325.852784
      bogo-ops-per-second-real-time: 1325.843773
      wall-clock-time: 20.000094
      user-time: 19.998959
      system-time: 0.000999
      cpu-usage-per-instance: 99.999320
      max-rss: 976

...
