---
system-info:
      stress-ng-version: 0.17.08
      run-by: root
      date-yyyy-mm-dd: 2024:06:06
      time-hh-mm-ss: 20:25:22
      epoch-secs: 1717705522
      hostname: cc5d6e0a4113
      sysname: Linux
      nodename: cc5d6e0a4113
      release: 6.8.0-1008-aws
      version: '#8-Ubuntu SMP Sat Apr 20 00:46:25 UTC 2024'
      machine: x86_64
      compiler: 'musl-gcc 13.2.1'
      uptime: 145
      totalram: 66684055552
      freeram: 62417948672
      sharedram: 40816640
      bufferram: 86544384
      totalswap: 0
      freeswap: 0
      pagesize: 4096
      cpus: 8
      cpus-online: 8
      ticks-per-second: 100

metrics:
    - stressor: cpu
      bogo-ops: 14356
      bogo-ops-per-second-usr-sys-time: 1435.558225
      bogo-ops-per-second-real-time: 1435.555403
      wall-clock-time: 10.000311
      user-time: 9.999291
      system-time: 0.001000
      cpu-usage-per-instance: 99.999803
      max-rss: 3920

...
