BaselineInfo:
  WebDBID: -1
  TimeStamp: 20260621161007
Version:
  Major: 11
  Minor: 0
  Build: 1004
  SpecialBuildName: ""
  ptArchitecture: x86_64_linux
Results:
  Results Complete: true
  NumTestProcesses: 128
  CPU_INTEGER_MATH: 785934.78399999975
  CPU_FLOATINGPOINT_MATH: 463325.98749394424
  CPU_PRIME: 1079.3804940735517
  CPU_SORTING: 313166.77490664757
  CPU_ENCRYPTION: 149457.97675643413
  CPU_COMPRESSION: 2511806.5403070524
  CPU_SINGLETHREAD: 3785.9390870904849
  CPU_PHYSICS: 20253.729978098461
  CPU_MATRIX_MULT_SSE: 174188.0284834101
  CPU_mm: 18051.488226449608
  CPU_sse: 68626.258104425477
  CPU_fma: 188694.76933372195
  CPU_avx: 184048.99543662972
  CPU_avx512: 255382.09105886283
  m_CPU_enc_SHA: 192815786706.0853
  m_CPU_enc_AES: 153794036197.22131
  m_CPU_enc_ECDSA: 123544319402.75711
  ME_ALLOC_S: 39671.826852607832
  ME_READ_S: 34220.069140624997
  ME_READ_L: 30145.728515625
  ME_WRITE: 30646.8359375
  ME_LARGE: 503837.41666666669
  ME_LATENCY: 79.357194656051249
  ME_THREADED: 477479.04516601562
  SUMM_CPU: 133871.8055911868
  SUMM_ME: 2974.3111109453689
SystemInformation:
  OSName: Ubuntu 24.04.4 LTS
  Kernel: 6.17.0-1018-azure
  Device: ""
  Processor: "AMD EPYC 9V45 96-Core Processor                "
  NumSockets: 1
  Manufacturer: AuthenticAMD
  NumCores: 64
  NumLogicals: 128
  CPUFrequency: 0
  CPUMaxFrequency: 0
  Memory: 515935
  CPUInfo:
    number: 1
    Family: 15
    Model: 2
    stepping: 1
    features: 395049983
    manufacture: AuthenticAMD
    typestring: "AMD EPYC 9V45 96-Core Processor                "
    iCoresPerPackage: 64
    iThreadsPerPackage: 2
    featuresEx:
      - 395049983
      - 4277809667
      - 802421759
    bHybrid: false
    nPCore: 0
    nLogicalsPerPCore: 0
    nECore: 0
    nLogicalsPerECore: 0
  MemModuleInfo:
    iNumMemSticks: 4
    DIMM 1:
      manufacturer: Microsoft Corporation
      modulePartNo: None
      memType: Unknown
      size: 1
      clkspeed: 0
      moduleVoltage: 0
    DIMM 2:
      manufacturer: Microsoft Corporation
      modulePartNo: None
      memType: Unknown
      size: 59
      clkspeed: 0
      moduleVoltage: 0
    DIMM 3:
      manufacturer: Microsoft Corporation
      modulePartNo: None
      memType: Unknown
      size: 196
      clkspeed: 0
      moduleVoltage: 0
    DIMM 4:
      manufacturer: Microsoft Corporation
      modulePartNo: None
      memType: Unknown
      size: 256
      clkspeed: 0
      moduleVoltage: 0
Checksum: DA84F18BE1955D3D446D46A2D9A80F218F115DB9