size_kb,operation,bandwidth_mb_s,latency_ns,latency_stddev_ns,latency_samples,threads,iterations,elapsed_s
16,read,873920.63,0,0,0,16,580045,0.165932
16,write,668755.39,0,0,0,16,542299,0.202727
16,copy,498240.39,0,0,0,16,423011,0.212252
16,latency,0,1.20,0.09,21,1,21,0.269048
64,read,942319.50,0,0,0,16,283446,0.300796
64,write,526535.03,0,0,0,16,187687,0.356457
64,copy,509812.10,0,0,0,16,137136,0.268993
64,latency,0,2.88,0.09,7,1,7,0.624930
512,read,1219837.14,0,0,0,16,48374,0.317249
512,write,765136.74,0,0,0,16,22051,0.230557
512,copy,525163.69,0,0,0,16,17542,0.267223
512,latency,0,5.07,0.58,21,1,21,0.800518
1024,read,1080059.79,0,0,0,16,19987,0.296087
1024,write,775251.86,0,0,0,16,10987,0.226755
1024,copy,563573.06,0,0,0,16,5431,0.154188
1024,latency,0,7.93,0.13,7,1,7,0.581766
2048,read,1104692.35,0,0,0,16,8368,0.242399
2048,write,759542.39,0,0,0,16,5296,0.223124
2048,copy,523645.87,0,0,0,16,2648,0.161819
2048,latency,0,12.03,0.15,7,1,7,0.637830
8192,read,367962.58,0,0,0,16,1464,0.509269
8192,write,469966.33,0,0,0,16,1240,0.337726
8192,copy,103629.64,0,0,0,16,561,0.692929
8192,latency,0,13.97,0.47,7,1,7,0.759907
16384,read,223354.66,0,0,0,16,647,0.741565
16384,write,173255.60,0,0,0,16,511,0.755046
16384,copy,56774.83,0,0,0,16,310,1.397802
16384,latency,0,54.15,15.57,21,1,21,1.392096
32768,read,119594.06,0,0,0,16,226,0.967540
32768,write,113051.75,0,0,0,16,176,0.797086
32768,copy,44760.90,0,0,0,16,128,1.464135
32768,latency,0,95.63,4.65,11,1,11,2.905617
65536,read,96895.52,0,0,0,16,136,1.437259
65536,write,64693.33,0,0,0,16,115,1.820280
65536,copy,53156.43,0,0,0,16,65,1.252153
65536,latency,0,112.44,1.39,7,1,7,4.867545
131072,read,90976.04,0,0,0,16,64,1.440731
131072,write,71217.16,0,0,0,16,55,1.581641
131072,copy,45586.26,0,0,0,16,19,0.853590
131072,latency,0,112.78,2.40,7,1,7,9.897730
