---
system-info:
      stress-ng-version: 0.17.08
      run-by: root
      date-yyyy-mm-dd: 2024:06:15
      time-hh-mm-ss: 09:40:55
      epoch-secs: 1718444455
      hostname: 957a6e7efb16
      sysname: Linux
      nodename: 957a6e7efb16
      release: 6.8.0-1008-aws
      version: '#8-Ubuntu SMP Sat Apr 20 00:46:25 UTC 2024'
      machine: x86_64
      compiler: 'musl-gcc 13.2.1'
      uptime: 113
      totalram: 33086926848
      freeram: 28617658368
      sharedram: 59990016
      bufferram: 106786816
      totalswap: 0
      freeswap: 0
      pagesize: 4096
      cpus: 16
      cpus-online: 16
      ticks-per-second: 100

metrics:
    - stressor: cpu
      bogo-ops: 308778
      bogo-ops-per-second-usr-sys-time: 966.009782
      bogo-ops-per-second-real-time: 15438.829626
      wall-clock-time: 20.000091
      user-time: 319.615740
      system-time: 0.026986
      cpu-usage-per-instance: 99.887897
      max-rss: 1208

...
