---
system-info:
      stress-ng-version: 0.17.08
      run-by: root
      date-yyyy-mm-dd: 2024:06:06
      time-hh-mm-ss: 10:55:12
      epoch-secs: 1717671312
      hostname: 6cd8741c9569
      sysname: Linux
      nodename: 6cd8741c9569
      release: 6.8.0-1008-aws
      version: '#8-Ubuntu SMP Sat Apr 20 00:46:25 UTC 2024'
      machine: x86_64
      compiler: 'musl-gcc 13.2.1'
      uptime: 99
      totalram: 33086947328
      freeram: 28830351360
      sharedram: 59990016
      bufferram: 82595840
      totalswap: 0
      freeswap: 0
      pagesize: 4096
      cpus: 16
      cpus-online: 16
      ticks-per-second: 100

metrics:
    - stressor: cpu
      bogo-ops: 189283
      bogo-ops-per-second-usr-sys-time: 1184.257343
      bogo-ops-per-second-real-time: 18924.690233
      wall-clock-time: 10.001907
      user-time: 159.805674
      system-time: 0.026985
      cpu-usage-per-instance: 99.876361
      max-rss: 3920

...
