BaselineInfo:
  WebDBID: -1
  TimeStamp: 20260612205308
Version:
  Major: 11
  Minor: 0
  Build: 1004
  SpecialBuildName: ""
  ptArchitecture: x86_64_linux
Results:
  Results Complete: true
  NumTestProcesses: 16
  CPU_INTEGER_MATH: 102461.37800000001
  CPU_FLOATINGPOINT_MATH: 62405.714108555112
  CPU_PRIME: 210.71925401261748
  CPU_SORTING: 49180.546471657042
  CPU_ENCRYPTION: 20629.905673629484
  CPU_COMPRESSION: 387977.6498542059
  CPU_SINGLETHREAD: 3664.9211495254476
  CPU_PHYSICS: 4178.0486428777822
  CPU_MATRIX_MULT_SSE: 31593.885299303165
  CPU_mm: 2957.0712592990258
  CPU_sse: 11025.004023657362
  CPU_fma: 33461.907885058077
  CPU_avx: 32811.665286342599
  CPU_avx512: 49076.964002154607
  m_CPU_enc_SHA: 25804307441.528553
  m_CPU_enc_AES: 21133799586.171658
  m_CPU_enc_ECDSA: 17957964887.194908
  ME_ALLOC_S: 10744.50001704748
  ME_READ_S: 32583.881445312501
  ME_READ_L: 29757.041015625
  ME_WRITE: 31668.33203125
  ME_LARGE: 55590.75
  ME_LATENCY: 80.033198216919331
  ME_THREADED: 141366.6494140625
  SUMM_CPU: 34362.30169392706
  SUMM_ME: 2813.7185321000279
SystemInformation:
  OSName: Ubuntu 24.04.4 LTS
  Kernel: 6.8.0-124-generic
  Device: ""
  Processor: AMD EPYC-Turin Processor
  NumSockets: 1
  Manufacturer: AuthenticAMD
  NumCores: 8
  NumLogicals: 16
  CPUFrequency: 0
  CPUMaxFrequency: 0
  Memory: 64293
  CPUInfo:
    number: 1
    Family: 15
    Model: 0
    stepping: 0
    features: 395049983
    manufacture: AuthenticAMD
    typestring: AMD EPYC-Turin Processor
    iCoresPerPackage: 8
    iThreadsPerPackage: 2
    featuresEx:
      - 395049983
      - 4277809667
      - 802421759
    bHybrid: false
    nPCore: 0
    nLogicalsPerPCore: 0
    nECore: 0
    nLogicalsPerECore: 0
  MemModuleInfo:
    iNumMemSticks: 1
    DIMM 1:
      manufacturer: QEMU
      modulePartNo: Not Specified
      memType: RAM
      size: 64
      clkspeed: 0
      moduleVoltage: 0
Checksum: 90A190385E75D1ADFA2BF48EFF8D70488745F38D