---
system-info:
      stress-ng-version: 0.17.08
      run-by: root
      date-yyyy-mm-dd: 2024:07:02
      time-hh-mm-ss: 06:44:06
      epoch-secs: 1719902646
      hostname: g2-standard-24-f54ef09
      sysname: Linux
      nodename: g2-standard-24-f54ef09
      release: 6.8.0-1009-gcp
      version: '#10-Ubuntu SMP Wed Jun 12 18:52:23 UTC 2024'
      machine: x86_64
      compiler: 'musl-gcc 13.2.1'
      uptime: 219
      totalram: 101241843712
      freeram: 93154881536
      sharedram: 41893888
      bufferram: 119009280
      totalswap: 0
      freeswap: 0
      pagesize: 4096
      cpus: 24
      cpus-online: 24
      ticks-per-second: 100

metrics:
    - stressor: cpu
      bogo-ops: 24024
      bogo-ops-per-second-usr-sys-time: 1201.281567
      bogo-ops-per-second-real-time: 1201.191136
      wall-clock-time: 20.000148
      user-time: 19.997643
      system-time: 0.000999
      cpu-usage-per-instance: 99.992472
      max-rss: 1020

...
