---
system-info:
      stress-ng-version: 0.17.08
      run-by: root
      date-yyyy-mm-dd: 2024:08:30
      time-hh-mm-ss: 11:47:19
      epoch-secs: 1725018439
      hostname: sc-runner
      sysname: Linux
      nodename: sc-runner
      release: 6.8.0-1013-azure
      version: '#15-Ubuntu SMP Thu Aug  8 19:55:58 UTC 2024'
      machine: aarch64
      compiler: 'musl-gcc 13.2.1'
      uptime: 346
      totalram: 16737579008
      freeram: 8432816128
      sharedram: 38092800
      bufferram: 198578176
      totalswap: 0
      freeswap: 0
      pagesize: 4096
      cpus: 4
      cpus-online: 4
      ticks-per-second: 100

metrics:
    - stressor: cpu
      bogo-ops: 145017
      bogo-ops-per-second-usr-sys-time: 1820.218330
      bogo-ops-per-second-real-time: 7250.815966
      wall-clock-time: 20.000094
      user-time: 79.666117
      system-time: 0.003996
      cpu-usage-per-instance: 99.587174
      max-rss: 1192

...
