---
system-info:
      stress-ng-version: 0.17.08
      run-by: root
      date-yyyy-mm-dd: 2024:07:03
      time-hh-mm-ss: 03:51:14
      epoch-secs: 1719978674
      hostname: c3-highmem-44-aa6903a
      sysname: Linux
      nodename: c3-highmem-44-aa6903a
      release: 6.8.0-1009-gcp
      version: '#10-Ubuntu SMP Wed Jun 12 18:52:23 UTC 2024'
      machine: x86_64
      compiler: 'musl-gcc 13.2.1'
      uptime: 117
      totalram: 371713425408
      freeram: 366205243392
      sharedram: 111869952
      bufferram: 129515520
      totalswap: 0
      freeswap: 0
      pagesize: 4096
      cpus: 44
      cpus-online: 44
      ticks-per-second: 100

metrics:
    - stressor: cpu
      bogo-ops: 732881
      bogo-ops-per-second-usr-sys-time: 833.123104
      bogo-ops-per-second-real-time: 36643.881384
      wall-clock-time: 20.000092
      user-time: 879.660134
      system-time: 0.018987
      cpu-usage-per-instance: 99.963076
      max-rss: 1056

...
