BaselineInfo:
  WebDBID: -1
  TimeStamp: 20260612192322
Version:
  Major: 11
  Minor: 0
  Build: 1004
  SpecialBuildName: ""
  ptArchitecture: x86_64_linux
Results:
  Results Complete: true
  NumTestProcesses: 16
  CPU_INTEGER_MATH: 52990.636999999995
  CPU_FLOATINGPOINT_MATH: 28777.548764913503
  CPU_PRIME: 27.665218203045935
  CPU_SORTING: 21699.658242015292
  CPU_ENCRYPTION: 5232.5623518955945
  CPU_COMPRESSION: 184483.78318627793
  CPU_SINGLETHREAD: 2724.8266857347876
  CPU_PHYSICS: 731.79087651758641
  CPU_MATRIX_MULT_SSE: 10442.540660297615
  CPU_mm: 1456.2859717038452
  CPU_sse: 5032.2523751072931
  CPU_fma: 15604.483700785087
  CPU_avx: 10690.885905000467
  CPU_avx512: 0
  m_CPU_enc_SHA: 2052705445.2991948
  m_CPU_enc_AES: 12654777607.056139
  m_CPU_enc_ECDSA: 1752734849.7484858
  ME_ALLOC_S: 5215.7194026305606
  ME_READ_S: 28206.342675781249
  ME_READ_L: 11822.3662109375
  ME_WRITE: 10922.09765625
  ME_LARGE: 49551
  ME_LATENCY: 43.597407888390194
  ME_THREADED: 24348.4755859375
  SUMM_CPU: 12970.062581246579
  SUMM_ME: 2670.9998349001039
SystemInformation:
  OSName: Ubuntu 24.04.4 LTS
  Kernel: 6.8.0-124-generic
  Device: ""
  Processor: Intel Core Processor (Skylake, IBRS)
  NumSockets: 1
  Manufacturer: GenuineIntel
  NumCores: 8
  NumLogicals: 16
  CPUFrequency: 7
  CPUMaxFrequency: 832
  Memory: 58246
  CPUInfo:
    number: 1
    Family: 6
    Model: 14
    stepping: 3
    features: 395049983
    manufacture: GenuineIntel
    typestring: Intel Core Processor (Skylake, IBRS)
    iCoresPerPackage: 8
    iThreadsPerPackage: 2
    featuresEx:
      - 395049983
      - 4294586883
      - 672139264
    bHybrid: false
    nPCore: 0
    nLogicalsPerPCore: 0
    nECore: 0
    nLogicalsPerECore: 0
  MemModuleInfo:
    iNumMemSticks: 4
    DIMM 1:
      manufacturer: QEMU
      modulePartNo: Not Specified
      memType: RAM
      size: 16
      clkspeed: 0
      moduleVoltage: 0
    DIMM 2:
      manufacturer: QEMU
      modulePartNo: Not Specified
      memType: RAM
      size: 16
      clkspeed: 0
      moduleVoltage: 0
    DIMM 3:
      manufacturer: QEMU
      modulePartNo: Not Specified
      memType: RAM
      size: 16
      clkspeed: 0
      moduleVoltage: 0
    DIMM 4:
      manufacturer: QEMU
      modulePartNo: Not Specified
      memType: RAM
      size: 10
      clkspeed: 0
      moduleVoltage: 0
Checksum: BC35F449F3BD3B6EF4D5DDF2BBCFEAEE0C536884