---
system-info:
      stress-ng-version: 0.17.08
      run-by: root
      date-yyyy-mm-dd: 2024:06:08
      time-hh-mm-ss: 06:25:27
      epoch-secs: 1717827927
      hostname: a316d377bb91
      sysname: Linux
      nodename: a316d377bb91
      release: 6.8.0-1008-aws
      version: '#8-Ubuntu SMP Sat Apr 20 02:43:14 UTC 2024'
      machine: aarch64
      compiler: 'musl-gcc 13.2.1'
      uptime: 124
      totalram: 133446991872
      freeram: 128918745088
      sharedram: 35020800
      bufferram: 96206848
      totalswap: 0
      freeswap: 0
      pagesize: 4096
      cpus: 16
      cpus-online: 16
      ticks-per-second: 100

metrics:
    - stressor: cpu
      bogo-ops: 47019
      bogo-ops-per-second-usr-sys-time: 292.886803
      bogo-ops-per-second-real-time: 4679.251711
      wall-clock-time: 10.048402
      user-time: 160.515436
      system-time: 0.020988
      cpu-usage-per-instance: 99.851966
      max-rss: 4136

...
