---
system-info:
      stress-ng-version: 0.17.08
      run-by: root
      date-yyyy-mm-dd: 2024:06:13
      time-hh-mm-ss: 19:17:59
      epoch-secs: 1718306279
      hostname: bb90a167bdee
      sysname: Linux
      nodename: bb90a167bdee
      release: 6.8.0-1008-aws
      version: '#8-Ubuntu SMP Sat Apr 20 02:43:14 UTC 2024'
      machine: aarch64
      compiler: 'musl-gcc 13.2.1'
      uptime: 129
      totalram: 133446987776
      freeram: 128974430208
      sharedram: 35020800
      bufferram: 104775680
      totalswap: 0
      freeswap: 0
      pagesize: 4096
      cpus: 16
      cpus-online: 16
      ticks-per-second: 100

metrics:
    - stressor: cpu
      bogo-ops: 485662
      bogo-ops-per-second-usr-sys-time: 1519.358720
      bogo-ops-per-second-real-time: 24283.012904
      wall-clock-time: 20.000072
      user-time: 319.631338
      system-time: 0.017994
      cpu-usage-per-instance: 99.890058
      max-rss: 1192

...
