---
system-info:
      stress-ng-version: 0.17.08
      run-by: root
      date-yyyy-mm-dd: 2024:06:14
      time-hh-mm-ss: 22:40:33
      epoch-secs: 1718404833
      hostname: fb59bb37d438
      sysname: Linux
      nodename: fb59bb37d438
      release: 6.8.0-1008-aws
      version: '#8-Ubuntu SMP Sat Apr 20 00:46:25 UTC 2024'
      machine: x86_64
      compiler: 'musl-gcc 13.2.1'
      uptime: 116
      totalram: 16379027456
      freeram: 12088762368
      sharedram: 11636736
      bufferram: 108163072
      totalswap: 0
      freeswap: 0
      pagesize: 4096
      cpus: 4
      cpus-online: 4
      ticks-per-second: 100

metrics:
    - stressor: cpu
      bogo-ops: 119498
      bogo-ops-per-second-usr-sys-time: 1499.791168
      bogo-ops-per-second-real-time: 5974.875445
      wall-clock-time: 20.000082
      user-time: 79.671432
      system-time: 0.004994
      cpu-usage-per-instance: 99.595123
      max-rss: 976

...
