---
system-info:
      stress-ng-version: 0.17.08
      run-by: root
      date-yyyy-mm-dd: 2024:06:08
      time-hh-mm-ss: 16:43:17
      epoch-secs: 1717864997
      hostname: 4ba6ba1aa417
      sysname: Linux
      nodename: 4ba6ba1aa417
      release: 6.8.0-1008-aws
      version: '#8-Ubuntu SMP Sat Apr 20 00:46:25 UTC 2024'
      machine: x86_64
      compiler: 'musl-gcc 13.2.1'
      uptime: 111
      totalram: 16379027456
      freeram: 12037767168
      sharedram: 11636736
      bufferram: 103079936
      totalswap: 0
      freeswap: 0
      pagesize: 4096
      cpus: 4
      cpus-online: 4
      ticks-per-second: 100

metrics:
    - stressor: cpu
      bogo-ops: 52617
      bogo-ops-per-second-usr-sys-time: 1322.729409
      bogo-ops-per-second-real-time: 5260.866275
      wall-clock-time: 10.001585
      user-time: 39.766126
      system-time: 0.012985
      cpu-usage-per-instance: 99.432020
      max-rss: 3920

...
