---
system-info:
      stress-ng-version: 0.17.08
      run-by: root
      date-yyyy-mm-dd: 2024:08:30
      time-hh-mm-ss: 15:14:07
      epoch-secs: 1725030847
      hostname: sc-runner
      sysname: Linux
      nodename: sc-runner
      release: 6.8.0-1013-azure
      version: '#15-Ubuntu SMP Thu Aug  8 18:40:40 UTC 2024'
      machine: x86_64
      compiler: 'musl-gcc 13.2.1'
      uptime: 390
      totalram: 7266680832
      freeram: 290570240
      sharedram: 42029056
      bufferram: 191307776
      totalswap: 0
      freeswap: 0
      pagesize: 4096
      cpus: 2
      cpus-online: 2
      ticks-per-second: 100

metrics:
    - stressor: cpu
      bogo-ops: 24935
      bogo-ops-per-second-usr-sys-time: 1246.949075
      bogo-ops-per-second-real-time: 1246.746433
      wall-clock-time: 20.000057
      user-time: 19.994808
      system-time: 0.001999
      cpu-usage-per-instance: 99.983749
      max-rss: 3124

...
