"size","threads","connections","rps","latency","failed","server_usr","server_sys","client_usr","client_sys"
"1k",192,192,4968337,0.000037920,0,1290.92,218.38,148.15,227.39
"1k",192,384,4336014,0.000104050,0,1138.25,307.45,174.48,270.34
"1k",192,768,4167170,0.000333220,0,1069.07,402.94,99.09,352.88
"1k",192,1536,4217122,0.000667660,0,1079.71,410.94,78.09,372.16
"1k",192,3072,4238945,0.000920000,0,1078.33,399.75,77.81,377.03
"1k",192,6144,4278759,0.001550000,0,1102.59,416.37,56.85,380.90
"1k",384,384,4366482,0.000098710,0,1132.84,320.36,120.30,313.62
"1k",384,768,4072654,0.000319070,0,1011.85,436.37,99.07,392.38
"1k",384,1536,4149586,0.000512490,0,1032.90,417.00,101.48,392.08
"1k",384,3072,4230204,0.000827960,0,1053.57,437.25,66.27,403.90
"1k",384,6144,4233783,0.001510000,0,1060.36,461.11,79.23,411.74
"1k",768,768,4211296,0.000246530,0,1067.66,421.51,90.17,387.45
"1k",768,1536,4278167,0.000486070,0,1059.83,465.67,63.88,433.56
"1k",768,3072,4193444,0.000814290,0,1035.50,456.44,90.13,425.59
"1k",768,6144,4211820,0.001520000,0,1052.41,474.59,82.61,426.62
"16k",192,192,4197282,0.000044440,0,1033.83,281.57,124.23,315.72
"16k",192,384,4252006,0.000106040,0,1103.45,333.80,145.48,314.58
"16k",192,768,3878296,0.000362900,0,969.34,442.78,78.14,414.42
"16k",192,1536,3795053,0.000585230,0,965.96,470.62,70.32,432.22
"16k",192,3072,3767848,0.000950000,0,972.62,482.95,62.02,451.55
"16k",192,6144,3544612,0.001930000,0,936.10,464.23,63.60,508.02
"16k",384,384,4153102,0.000102920,0,1064.99,352.41,122.07,353.66
"16k",384,768,3761311,0.000329970,0,939.51,479.02,80.49,441.14
"16k",384,1536,3775737,0.000540540,0,949.87,479.20,77.26,452.08
"16k",384,3072,3770119,0.000910000,0,953.93,493.91,70.64,453.53
"16k",384,6144,3790756,0.001700000,0,966.27,514.63,67.33,474.80
"16k",768,768,3935298,0.000258630,0,992.29,449.08,93.82,423.78
"16k",768,1536,3754226,0.000503820,0,925.72,506.36,89.29,471.79
"16k",768,3072,3783717,0.000920000,0,947.10,513.69,68.33,478.23
"16k",768,6144,3814725,0.001690000,0,955.11,525.57,60.65,491.95
"64k",192,192,3194982,0.000059410,0,680.32,472.83,100.59,509.18
"64k",192,384,3060721,0.000129480,0,673.46,532.78,70.80,533.42
"64k",192,768,2665170,0.000334170,0,614.94,628.80,56.54,577.42
"64k",192,1536,2283623,0.000836030,0,552.09,718.94,47.95,619.77
"64k",192,3072,2213746,0.001510000,0,540.88,752.67,51.90,627.26
"64k",192,6144,1385278,0.004250000,0,377.27,813.00,40.57,733.62
"64k",384,384,3426569,0.000116550,0,791.37,483.44,92.60,533.22
"64k",384,768,2409193,0.000445190,0,522.02,694.63,54.97,659.49
"64k",384,1536,2509943,0.000754470,0,557.44,688.48,68.06,646.88
"64k",384,3072,2273896,0.001460000,0,539.59,731.59,52.98,657.40
"64k",384,6144,2249064,0.003130000,0,558.10,840.23,58.17,739.75
"64k",768,768,2694953,0.000343370,0,571.13,662.19,66.85,662.25
"64k",768,1536,2395884,0.000762380,0,512.98,724.61,61.45,701.93
"64k",768,3072,2467709,0.001360000,0,534.19,730.98,59.40,701.32
"64k",768,6144,2148324,0.002950000,0,524.59,772.32,62.44,696.74
"256k",192,192,1307288,0.000160390,0,109.24,947.16,55.42,714.84
"256k",192,384,1446449,0.000258300,0,149.79,877.92,51.31,690.31
"256k",192,768,1035039,0.000778120,0,126.37,927.33,39.13,695.54
"256k",192,1536,439900,0.003540000,0,126.34,1014.31,22.98,721.58
"256k",192,3072,340878,0.009400000,0,221.13,1083.58,20.19,767.01
"256k",384,384,1446812,0.000284230,0,120.02,967.58,61.40,762.09
"256k",384,768,840224,0.001060000,0,78.85,1021.22,36.70,810.11
"256k",384,1536,697496,0.002320000,0,86.42,1055.32,38.34,790.71
"256k",384,3072,434767,0.007580000,0,157.25,1107.11,27.79,742.74
"256k",768,768,1135353,0.000782290,0,92.07,1025.38,50.92,819.89
"256k",768,1536,768001,0.002180000,0,81.77,1088.39,44.21,824.81
"256k",768,3072,598913,0.005470000,0,153.02,1098.06,42.54,800.19
"512k",192,192,725562,0.000472760,0,96.47,872.02,45.97,803.68
"512k",192,384,760249,0.000547250,0,115.28,943.11,43.21,709.28
"512k",192,768,315027,0.002580000,0,110.99,1039.82,24.89,633.05
"512k",192,1536,204401,0.007300000,0,188.25,1075.15,16.40,683.77
"512k",192,3072,185631,0.015870000,0,311.77,1013.89,15.04,699.71
"512k",384,384,812307,0.000577490,0,95.80,969.11,54.41,817.77
"512k",384,768,426507,0.001930000,0,76.47,1095.84,34.74,747.74
"512k",384,1536,264405,0.005960000,0,152.99,1099.86,26.57,703.31
"512k",384,3072,290257,0.011000000,0,292.43,1038.95,26.38,655.99
"512k",768,768,532098,0.001590000,0,76.30,1112.38,42.25,773.88
"512k",768,1536,350915,0.004900000,0,148.30,1138.19,35.71,755.70
"512k",768,3072,354802,0.009710000,0,308.97,1133.46,34.27,700.82
