BaselineInfo:
  WebDBID: -1
  TimeStamp: 20241109222029
Version:
  Major: 11
  Minor: 0
  Build: 1002
  SpecialBuildName: ""
  ptArchitecture: x86_64_linux
Results:
  Results Complete: true
  NumTestProcesses: 64
  CPU_INTEGER_MATH: 199738.92766666663
  CPU_FLOATINGPOINT_MATH: 106946.94655320208
  CPU_PRIME: 272.53198821888844
  CPU_SORTING: 101048.64679898723
  CPU_ENCRYPTION: 27287.043797686234
  CPU_COMPRESSION: 868610.17961005925
  CPU_SINGLETHREAD: 2122.4314439228256
  CPU_PHYSICS: 4690.9589947412796
  CPU_MATRIX_MULT_SSE: 58909.261132001135
  CPU_mm: 6057.1694998352041
  CPU_sse: 21876.180002671503
  CPU_fma: 69974.250176026326
  CPU_avx: 49501.828763248537
  CPU_avx512: 94284.785586058089
  m_CPU_enc_SHA: 9010844788.5230083
  m_CPU_enc_AES: 68753722052.316086
  m_CPU_enc_ECDSA: 8073050870.7688656
  ME_ALLOC_S: 22572.061603441525
  ME_READ_S: 25222.375585937501
  ME_READ_L: 11736.5068359375
  ME_WRITE: 10954
  ME_LARGE: 495348.25
  ME_LATENCY: 48.00109832067357
  ME_THREADED: 155156.30554199219
  SUMM_CPU: 47790.812878234348
  SUMM_ME: 2924.2659909124195
SystemInformation:
  OSName: Ubuntu 24.04.1 LTS
  Kernel: 6.8.0-1017-azure
  Device: ""
  Processor: Intel Xeon Platinum 8272CL CPU @ 2.60GHz
  NumSockets: 2
  Manufacturer: GenuineIntel
  NumCores: 32
  NumLogicals: 64
  CPUFrequency: 0
  Memory: 507894
  MemModuleInfo:
    iNumMemSticks: 4
    DIMM 1:
      manufacturer: Microsoft Corporation
      modulePartNo: None
      memType: Unknown
      size: 1
      clkspeed: 0
      moduleVoltage: 0
    DIMM 2:
      manufacturer: Microsoft Corporation
      modulePartNo: None
      memType: Unknown
      size: 60928
      clkspeed: 0
      moduleVoltage: 0
    DIMM 3:
      manufacturer: Microsoft Corporation
      modulePartNo: None
      memType: Unknown
      size: 196096
      clkspeed: 0
      moduleVoltage: 0
    DIMM 4:
      manufacturer: Microsoft Corporation
      modulePartNo: None
      memType: Unknown
      size: 252
      clkspeed: 0
      moduleVoltage: 0
Checksum: 17EAF4176C09C820117595C5BE2BBDEC49735A51