---
system-info:
      stress-ng-version: 0.17.08
      run-by: root
      date-yyyy-mm-dd: 2024:06:12
      time-hh-mm-ss: 20:55:02
      epoch-secs: 1718225702
      hostname: 6541161e4089
      sysname: Linux
      nodename: 6541161e4089
      release: 6.8.0-1008-aws
      version: '#8-Ubuntu SMP Sat Apr 20 00:46:25 UTC 2024'
      machine: x86_64
      compiler: 'musl-gcc 13.2.1'
      uptime: 126
      totalram: 73720225792
      freeram: 69192900608
      sharedram: 29503488
      bufferram: 111304704
      totalswap: 0
      freeswap: 0
      pagesize: 4096
      cpus: 36
      cpus-online: 36
      ticks-per-second: 100

metrics:
    - stressor: cpu
      bogo-ops: 667504
      bogo-ops-per-second-usr-sys-time: 927.638397
      bogo-ops-per-second-real-time: 33375.051012
      wall-clock-time: 20.000089
      user-time: 719.559499
      system-time: 0.013992
      cpu-usage-per-instance: 99.940316
      max-rss: 916

...
