---
system-info:
      stress-ng-version: 0.17.08
      run-by: root
      date-yyyy-mm-dd: 2024:06:05
      time-hh-mm-ss: 21:28:03
      epoch-secs: 1717622883
      hostname: 961da20b8824
      sysname: Linux
      nodename: 961da20b8824
      release: 6.8.0-1008-aws
      version: '#8-Ubuntu SMP Sat Apr 20 00:46:25 UTC 2024'
      machine: x86_64
      compiler: 'musl-gcc 13.2.1'
      uptime: 114
      totalram: 73720217600
      freeram: 69437808640
      sharedram: 29503488
      bufferram: 79007744
      totalswap: 0
      freeswap: 0
      pagesize: 4096
      cpus: 36
      cpus-online: 36
      ticks-per-second: 100

metrics:
    - stressor: cpu
      bogo-ops: 397673
      bogo-ops-per-second-usr-sys-time: 1105.502971
      bogo-ops-per-second-real-time: 39762.358716
      wall-clock-time: 10.001243
      user-time: 359.654361
      system-time: 0.066970
      cpu-usage-per-instance: 99.910176
      max-rss: 3796

...
