---
system-info:
      stress-ng-version: 0.17.08
      run-by: root
      date-yyyy-mm-dd: 2024:08:19
      time-hh-mm-ss: 21:21:15
      epoch-secs: 1724102475
      hostname: exampleVM
      sysname: Linux
      nodename: exampleVM
      release: 6.8.0-1012-azure
      version: '#14-Ubuntu SMP Mon Jul 29 21:12:56 UTC 2024'
      machine: x86_64
      compiler: 'musl-gcc 13.2.1'
      uptime: 481
      totalram: 3573944320
      freeram: 298946560
      sharedram: 42070016
      bufferram: 127516672
      totalswap: 0
      freeswap: 0
      pagesize: 4096
      cpus: 1
      cpus-online: 1
      ticks-per-second: 100

metrics:
    - stressor: cpu
      bogo-ops: 24463
      bogo-ops-per-second-usr-sys-time: 1246.473196
      bogo-ops-per-second-real-time: 1223.143876
      wall-clock-time: 20.000100
      user-time: 19.621810
      system-time: 0.003963
      cpu-usage-per-instance: 98.128374
      max-rss: 1104

...
