---
system-info:
      stress-ng-version: 0.17.08
      run-by: root
      date-yyyy-mm-dd: 2024:06:12
      time-hh-mm-ss: 15:21:14
      epoch-secs: 1718205674
      hostname: 1d2544a00a8c
      sysname: Linux
      nodename: 1d2544a00a8c
      release: 6.8.0-1008-aws
      version: '#8-Ubuntu SMP Sat Apr 20 00:46:25 UTC 2024'
      machine: x86_64
      compiler: 'musl-gcc 13.2.1'
      uptime: 174
      totalram: 16377602048
      freeram: 12024815616
      sharedram: 40771584
      bufferram: 111308800
      totalswap: 0
      freeswap: 0
      pagesize: 4096
      cpus: 8
      cpus-online: 8
      ticks-per-second: 100

metrics:
    - stressor: cpu
      bogo-ops: 139031
      bogo-ops-per-second-usr-sys-time: 871.196080
      bogo-ops-per-second-real-time: 6951.541879
      wall-clock-time: 20.000023
      user-time: 159.569357
      system-time: 0.016990
      cpu-usage-per-instance: 99.741350
      max-rss: 1104

...
