---
system-info:
      stress-ng-version: 0.17.08
      run-by: root
      date-yyyy-mm-dd: 2024:06:12
      time-hh-mm-ss: 18:35:16
      epoch-secs: 1718217316
      hostname: ff5b65789131
      sysname: Linux
      nodename: ff5b65789131
      release: 6.8.0-1008-aws
      version: '#8-Ubuntu SMP Sat Apr 20 00:46:25 UTC 2024'
      machine: x86_64
      compiler: 'musl-gcc 13.2.1'
      uptime: 122
      totalram: 16377602048
      freeram: 12001165312
      sharedram: 40771584
      bufferram: 111230976
      totalswap: 0
      freeswap: 0
      pagesize: 4096
      cpus: 8
      cpus-online: 8
      ticks-per-second: 100

metrics:
    - stressor: cpu
      bogo-ops: 156822
      bogo-ops-per-second-usr-sys-time: 982.526581
      bogo-ops-per-second-real-time: 7841.059655
      wall-clock-time: 20.000103
      user-time: 159.596956
      system-time: 0.013993
      cpu-usage-per-instance: 99.756330
      max-rss: 1104

...
