---
system-info:
      stress-ng-version: 0.17.08
      run-by: root
      date-yyyy-mm-dd: 2024:06:05
      time-hh-mm-ss: 14:51:43
      epoch-secs: 1717599103
      hostname: ef46a61cf7e3
      sysname: Linux
      nodename: ef46a61cf7e3
      release: 6.8.0-1008-aws
      version: '#8-Ubuntu SMP Sat Apr 20 00:46:25 UTC 2024'
      machine: x86_64
      compiler: 'musl-gcc 13.2.1'
      uptime: 113
      totalram: 16377593856
      freeram: 12275605504
      sharedram: 40771584
      bufferram: 77680640
      totalswap: 0
      freeswap: 0
      pagesize: 4096
      cpus: 8
      cpus-online: 8
      ticks-per-second: 100

metrics:
    - stressor: cpu
      bogo-ops: 92388
      bogo-ops-per-second-usr-sys-time: 1158.066080
      bogo-ops-per-second-real-time: 9237.158123
      wall-clock-time: 10.001777
      user-time: 79.765852
      system-time: 0.011979
      cpu-usage-per-instance: 99.704567
      max-rss: 4048

...
