BaselineInfo:
  WebDBID: -1
  TimeStamp: 20241219002117
Version:
  Major: 11
  Minor: 0
  Build: 1002
  SpecialBuildName: ""
  ptArchitecture: x86_64_linux
Results:
  Results Complete: true
  NumTestProcesses: 2
  CPU_INTEGER_MATH: 9435.7816666666658
  CPU_FLOATINGPOINT_MATH: 6815.5924618889858
  CPU_PRIME: 30.434966700800899
  CPU_SORTING: 5481.7946979363223
  CPU_ENCRYPTION: 2282.9207590620572
  CPU_COMPRESSION: 41197.826430225876
  CPU_SINGLETHREAD: 2115.215898099696
  CPU_PHYSICS: 482.03632378492102
  CPU_MATRIX_MULT_SSE: 3252.2783336724247
  CPU_mm: 395.79076909426891
  CPU_sse: 1561.771563824645
  CPU_fma: 5000.305092227256
  CPU_avx: 3194.758344965373
  CPU_avx512: 0
  m_CPU_enc_SHA: 3233981408.0145979
  m_CPU_enc_AES: 2083945408.715189
  m_CPU_enc_ECDSA: 1863520936.8329811
  ME_ALLOC_S: 1042.8879898836087
  ME_READ_S: 23763.328710937501
  ME_READ_L: 7609.2626953125
  ME_WRITE: 7377.0859375
  ME_LARGE: 1074.3333333333333
  ME_LATENCY: 148.34537097091547
  ME_THREADED: 14097.0107421875
  SUMM_CPU: 4079.8284976610248
  SUMM_ME: 886.67815067107654
SystemInformation:
  OSName: Ubuntu 24.04.1 LTS
  Kernel: 6.8.0-31-generic
  Device: ""
  Processor: AMD EPYC 7542 32-Core Processor
  NumSockets: 1
  Manufacturer: AuthenticAMD
  NumCores: 2
  NumLogicals: 2
  CPUFrequency: 0
  Memory: 3868
  MemModuleInfo:
    iNumMemSticks: 1
    DIMM 1:
      manufacturer: QEMU
      modulePartNo: Not Specified
      memType: RAM
      size: 4
      clkspeed: 0
      moduleVoltage: 0
Checksum: 561EC5D48D57525890938C418FC87228FF657D50