---
system-info:
      stress-ng-version: 0.17.08
      run-by: root
      date-yyyy-mm-dd: 2024:06:05
      time-hh-mm-ss: 13:30:07
      epoch-secs: 1717594207
      hostname: 572c154d97ee
      sysname: Linux
      nodename: 572c154d97ee
      release: 6.8.0-1008-aws
      version: '#8-Ubuntu SMP Sat Apr 20 00:46:25 UTC 2024'
      machine: x86_64
      compiler: 'musl-gcc 13.2.1'
      uptime: 259
      totalram: 1740636160
      freeram: 151699456
      sharedram: 32772096
      bufferram: 70004736
      totalswap: 939520000
      freeswap: 938995712
      pagesize: 4096
      cpus: 2
      cpus-online: 2
      ticks-per-second: 100

metrics:
    - stressor: cpu
      bogo-ops: 16683
      bogo-ops-per-second-usr-sys-time: 845.344646
      bogo-ops-per-second-real-time: 1668.083670
      wall-clock-time: 10.001297
      user-time: 19.729233
      system-time: 0.005913
      cpu-usage-per-instance: 98.662935
      max-rss: 4048

...
