---
system-info:
      stress-ng-version: 0.17.08
      run-by: root
      date-yyyy-mm-dd: 2024:06:13
      time-hh-mm-ss: 23:57:46
      epoch-secs: 1718323066
      hostname: 58d39f090573
      sysname: Linux
      nodename: 58d39f090573
      release: 6.8.0-1008-aws
      version: '#8-Ubuntu SMP Sat Apr 20 00:46:25 UTC 2024'
      machine: x86_64
      compiler: 'musl-gcc 13.2.1'
      uptime: 265
      totalram: 1740627968
      freeram: 163553280
      sharedram: 32772096
      bufferram: 95371264
      totalswap: 939520000
      freeswap: 939257856
      pagesize: 4096
      cpus: 2
      cpus-online: 2
      ticks-per-second: 100

metrics:
    - stressor: cpu
      bogo-ops: 28496
      bogo-ops-per-second-usr-sys-time: 722.500558
      bogo-ops-per-second-real-time: 1424.724209
      wall-clock-time: 20.001064
      user-time: 39.431888
      system-time: 0.008912
      cpu-usage-per-instance: 98.596755
      max-rss: 1104

...
