---
system-info:
      stress-ng-version: 0.17.08
      run-by: root
      date-yyyy-mm-dd: 2024:06:05
      time-hh-mm-ss: 13:37:30
      epoch-secs: 1717594650
      hostname: d41f083f81f5
      sysname: Linux
      nodename: d41f083f81f5
      release: 6.8.0-1008-aws
      version: '#8-Ubuntu SMP Sat Apr 20 00:46:25 UTC 2024'
      machine: x86_64
      compiler: 'musl-gcc 13.2.1'
      uptime: 272
      totalram: 1740636160
      freeram: 155627520
      sharedram: 32804864
      bufferram: 69672960
      totalswap: 939520000
      freeswap: 938995712
      pagesize: 4096
      cpus: 2
      cpus-online: 2
      ticks-per-second: 100

metrics:
    - stressor: cpu
      bogo-ops: 16647
      bogo-ops-per-second-usr-sys-time: 845.435181
      bogo-ops-per-second-real-time: 1664.130888
      wall-clock-time: 10.003420
      user-time: 19.680230
      system-time: 0.010221
      cpu-usage-per-instance: 98.418597
      max-rss: 4048

...
