"size","threads","connections","rps","latency","failed","server_usr","server_sys","client_usr","client_sys"
"1k",32,32,3097142,0.000009680,0,64.27,98.25,35.92,124.64
"1k",32,64,2398355,0.000025070,0,53.94,96.32,24.51,113.40
"1k",32,128,2724760,0.000051130,0,55.84,104.19,26.41,119.73
"1k",32,256,2964177,0.000120280,0,58.17,105.79,27.63,123.84
"1k",32,512,3194147,0.000416010,0,60.38,106.04,27.69,124.99
"1k",32,1024,3270055,0.000622450,0,61.39,106.51,27.60,123.67
"1k",64,64,2899527,0.000023040,0,61.00,98.94,31.78,126.38
"1k",64,128,2439818,0.000147400,0,46.81,99.30,24.67,128.52
"1k",64,256,2753242,0.000324380,0,50.77,101.34,26.69,130.88
"1k",64,512,2820271,0.000339380,0,51.11,105.10,29.39,136.15
"1k",64,1024,2880047,0.000528060,0,52.70,104.99,29.39,135.25
"1k",128,128,3007047,0.000063490,0,60.89,95.28,32.54,129.61
"1k",128,256,2655887,0.000165500,0,48.61,103.62,29.34,138.11
"1k",128,512,2627104,0.000345500,0,46.55,102.60,29.29,140.10
"1k",128,1024,2626164,0.000538220,0,46.37,103.08,29.06,140.27
"16k",32,32,2353281,0.000013020,0,60.10,98.39,29.49,129.15
"16k",32,64,1913064,0.000032410,0,49.52,91.33,23.10,116.95
"16k",32,128,2160060,0.000059890,0,52.50,99.64,24.57,126.75
"16k",32,256,2316042,0.000129480,0,54.22,102.63,25.82,131.59
"16k",32,512,2417598,0.000311280,0,56.06,103.92,25.86,133.42
"16k",32,1024,2363258,0.000487510,0,56.63,103.98,24.64,132.86
"16k",64,64,2458012,0.000025690,0,57.82,98.57,31.70,134.73
"16k",64,128,2001241,0.000121720,0,45.41,97.87,24.99,135.72
"16k",64,256,2169193,0.000292980,0,47.38,99.36,26.00,138.06
"16k",64,512,2249985,0.000382410,0,48.61,102.99,27.59,142.93
"16k",64,1024,2210583,0.000657020,0,49.40,103.24,27.29,141.72
"16k",128,128,2390693,0.000073480,0,54.52,95.42,30.64,137.30
"16k",128,256,2155173,0.000177910,0,46.30,100.67,28.28,144.93
"16k",128,512,2089327,0.000398920,0,43.92,100.31,28.23,146.05
"16k",128,1024,2033204,0.000653340,0,43.65,101.42,27.56,145.28
"64k",32,32,1328523,0.000023400,0,49.51,101.27,23.78,137.76
"64k",32,64,1113381,0.000055210,0,40.38,94.35,20.04,126.29
"64k",32,128,1200352,0.000100440,0,41.21,101.48,21.09,137.44
"64k",32,256,1242448,0.000203520,0,43.57,105.16,21.42,143.88
"64k",32,512,1197564,0.000434240,0,44.48,107.62,20.35,145.61
"64k",32,1024,920879,0.000980000,0,45.45,106.18,17.45,151.56
"64k",64,64,1430620,0.000044280,0,44.21,102.92,26.71,148.85
"64k",64,128,1163447,0.000145150,0,37.36,104.11,21.60,146.14
"64k",64,256,1208078,0.000342800,0,38.20,106.57,21.52,147.84
"64k",64,512,1197388,0.000566480,0,39.37,108.62,22.86,151.58
"64k",64,1024,1060357,0.001100000,0,42.51,110.14,21.55,147.38
"64k",128,128,1353826,0.000109080,0,41.71,100.15,25.78,151.13
"64k",128,256,1211899,0.000279240,0,36.84,106.21,24.70,152.60
"64k",128,512,1149136,0.000591950,0,36.01,106.71,24.30,152.86
"64k",128,1024,1035942,0.001110000,0,39.23,109.06,23.11,147.96
"256k",32,32,528152,0.000910000,0,38.02,99.03,24.47,151.42
"256k",32,64,418284,0.000280780,0,35.80,98.77,18.44,134.70
"256k",32,128,406419,0.000371360,0,41.37,105.89,17.19,140.76
"256k",32,256,319343,0.000688310,0,42.78,106.21,14.04,155.91
"256k",32,512,241434,0.001720000,0,40.04,103.80,11.04,166.11
"256k",64,64,529945,0.000164630,0,38.21,100.43,24.94,159.56
"256k",64,128,419210,0.000406640,0,40.27,111.11,18.62,148.48
"256k",64,256,366815,0.000756100,0,41.61,112.09,17.49,151.69
"256k",64,512,299059,0.001760000,0,41.00,110.17,15.22,156.67
"256k",128,128,455110,0.000455200,0,39.67,109.21,22.29,150.58
"256k",128,256,379180,0.000808780,0,39.96,112.84,20.45,149.73
"256k",128,512,318699,0.001710000,0,42.44,114.84,18.70,148.37
"512k",32,32,257010,0.000420950,0,35.89,91.73,20.50,162.00
"512k",32,64,186495,0.000398650,0,37.27,117.08,14.31,124.86
"512k",32,128,143844,0.000845730,0,33.66,161.34,12.14,110.81
"512k",32,256,109770,0.002100000,0,31.87,162.05,8.85,118.90
"512k",32,512,94410,0.004460000,0,30.73,147.96,7.22,137.70
"512k",64,64,225787,0.000290460,0,43.54,110.43,18.45,151.17
"512k",64,128,159379,0.000828750,0,33.12,159.14,15.03,115.47
"512k",64,256,127027,0.002010000,0,29.68,173.24,13.28,107.07
"512k",64,512,110261,0.004620000,0,30.82,165.36,10.76,117.22
"512k",128,128,162068,0.000824760,0,32.17,158.96,16.54,116.09
"512k",128,256,131151,0.001970000,0,29.77,173.76,14.61,106.02
"512k",128,512,122425,0.004190000,0,30.63,172.50,13.78,107.95
