---
system-info:
      stress-ng-version: 0.17.08
      run-by: root
      date-yyyy-mm-dd: 2024:07:09
      time-hh-mm-ss: 22:38:54
      epoch-secs: 1720564734
      hostname: m1-ultramem-80-7e24b42
      sysname: Linux
      nodename: m1-ultramem-80-7e24b42
      release: 6.8.0-1009-gcp
      version: '#10-Ubuntu SMP Wed Jun 12 18:52:23 UTC 2024'
      machine: x86_64
      compiler: 'musl-gcc 13.2.1'
      uptime: 239
      totalram: 2031333822464
      freeram: 2023981522944
      sharedram: 117071872
      bufferram: 136867840
      totalswap: 0
      freeswap: 0
      pagesize: 4096
      cpus: 80
      cpus-online: 80
      ticks-per-second: 100

metrics:
    - stressor: cpu
      bogo-ops: 16949
      bogo-ops-per-second-usr-sys-time: 847.466314
      bogo-ops-per-second-real-time: 847.443322
      wall-clock-time: 20.000158
      user-time: 19.998616
      system-time: 0.000999
      cpu-usage-per-instance: 99.997287
      max-rss: 640

...
