---
system-info:
      stress-ng-version: 0.17.08
      run-by: root
      date-yyyy-mm-dd: 2024:06:15
      time-hh-mm-ss: 13:02:05
      epoch-secs: 1718456525
      hostname: bbab8251e4d7
      sysname: Linux
      nodename: bbab8251e4d7
      release: 6.8.0-1008-aws
      version: '#8-Ubuntu SMP Sat Apr 20 00:46:25 UTC 2024'
      machine: x86_64
      compiler: 'musl-gcc 13.2.1'
      uptime: 114
      totalram: 811358920704
      freeram: 803316359168
      sharedram: 225640448
      bufferram: 108732416
      totalswap: 0
      freeswap: 0
      pagesize: 4096
      cpus: 192
      cpus-online: 192
      ticks-per-second: 100

metrics:
    - stressor: cpu
      bogo-ops: 3418598
      bogo-ops-per-second-usr-sys-time: 891.172718
      bogo-ops-per-second-real-time: 170929.193291
      wall-clock-time: 20.000083
      user-time: 3836.005760
      system-time: 0.060952
      cpu-usage-per-instance: 99.897158
      max-rss: 0

...
