---
system-info:
      stress-ng-version: 0.17.08
      run-by: root
      date-yyyy-mm-dd: 2024:06:09
      time-hh-mm-ss: 10:55:24
      epoch-secs: 1717930524
      hostname: f63ae75ba887
      sysname: Linux
      nodename: f63ae75ba887
      release: 6.8.0-1008-aws
      version: '#8-Ubuntu SMP Sat Apr 20 00:46:25 UTC 2024'
      machine: x86_64
      compiler: 'musl-gcc 13.2.1'
      uptime: 109
      totalram: 811358961664
      freeram: 803051347968
      sharedram: 225640448
      bufferram: 106708992
      totalswap: 0
      freeswap: 0
      pagesize: 4096
      cpus: 192
      cpus-online: 192
      ticks-per-second: 100

metrics:
    - stressor: cpu
      bogo-ops: 2665780
      bogo-ops-per-second-usr-sys-time: 1390.381595
      bogo-ops-per-second-real-time: 266539.699577
      wall-clock-time: 10.001437
      user-time: 1917.123094
      system-time: 0.177890
      cpu-usage-per-instance: 99.845079
      max-rss: 3072

...
