---
system-info:
      stress-ng-version: 0.17.08
      run-by: root
      date-yyyy-mm-dd: 2024:06:16
      time-hh-mm-ss: 06:57:28
      epoch-secs: 1718521048
      hostname: 95ee53d5ce99
      sysname: Linux
      nodename: 95ee53d5ce99
      release: 6.8.0-1008-aws
      version: '#8-Ubuntu SMP Sat Apr 20 00:46:25 UTC 2024'
      machine: x86_64
      compiler: 'musl-gcc 13.2.1'
      uptime: 185
      totalram: 8223920128
      freeram: 3948863488
      sharedram: 11620352
      bufferram: 110526464
      totalswap: 0
      freeswap: 0
      pagesize: 4096
      cpus: 2
      cpus-online: 2
      ticks-per-second: 100

metrics:
    - stressor: cpu
      bogo-ops: 11779
      bogo-ops-per-second-usr-sys-time: 299.617767
      bogo-ops-per-second-real-time: 588.944236
      wall-clock-time: 20.000196
      user-time: 39.295614
      system-time: 0.017809
      cpu-usage-per-instance: 98.282596
      max-rss: 1104

...
