---
system-info:
      stress-ng-version: 0.17.08
      run-by: root
      date-yyyy-mm-dd: 2024:06:10
      time-hh-mm-ss: 04:44:48
      epoch-secs: 1717994688
      hostname: f2c7447eb9fe
      sysname: Linux
      nodename: f2c7447eb9fe
      release: 6.8.0-1008-aws
      version: '#8-Ubuntu SMP Sat Apr 20 00:46:25 UTC 2024'
      machine: x86_64
      compiler: 'musl-gcc 13.2.1'
      uptime: 192
      totalram: 8223911936
      freeram: 3746193408
      sharedram: 11620352
      bufferram: 116527104
      totalswap: 0
      freeswap: 0
      pagesize: 4096
      cpus: 2
      cpus-online: 2
      ticks-per-second: 100

metrics:
    - stressor: cpu
      bogo-ops: 15825
      bogo-ops-per-second-usr-sys-time: 802.448652
      bogo-ops-per-second-real-time: 1582.291552
      wall-clock-time: 10.001317
      user-time: 19.717553
      system-time: 0.003335
      cpu-usage-per-instance: 98.591452
      max-rss: 3920

...
