---
system-info:
      stress-ng-version: 0.17.08
      run-by: root
      date-yyyy-mm-dd: 2024:09:17
      time-hh-mm-ss: 11:09:34
      epoch-secs: 1726571374
      hostname: sc-runner
      sysname: Linux
      nodename: sc-runner
      release: 6.8.0-1014-azure
      version: '#16-Ubuntu SMP Thu Aug 15 20:04:41 UTC 2024'
      machine: x86_64
      compiler: 'musl-gcc 13.2.1'
      uptime: 313
      totalram: 405734887424
      freeram: 393871245312
      sharedram: 105435136
      bufferram: 310054912
      totalswap: 0
      freeswap: 0
      pagesize: 4096
      cpus: 48
      cpus-online: 48
      ticks-per-second: 100

metrics:
    - stressor: cpu
      bogo-ops: 37995
      bogo-ops-per-second-usr-sys-time: 1899.733662
      bogo-ops-per-second-real-time: 1899.747079
      wall-clock-time: 20.000031
      user-time: 19.999172
      system-time: 0.001000
      cpu-usage-per-instance: 100.000706
      max-rss: 3200

...
