BaselineInfo:
  WebDBID: -1
  TimeStamp: 20241107064336
Version:
  Major: 11
  Minor: 0
  Build: 1002
  SpecialBuildName: ""
  ptArchitecture: x86_64_linux
Results:
  Results Complete: true
  NumTestProcesses: 4
  CPU_INTEGER_MATH: 16482.223999999998
  CPU_FLOATINGPOINT_MATH: 9133.0321979830151
  CPU_PRIME: 36.220076252103148
  CPU_SORTING: 8986.6201666540201
  CPU_ENCRYPTION: 4268.6822150804328
  CPU_COMPRESSION: 63814.275558259411
  CPU_SINGLETHREAD: 2364.3004341506839
  CPU_PHYSICS: 723.44756591373289
  CPU_MATRIX_MULT_SSE: 3602.4403868996073
  CPU_mm: 444.86753084148552
  CPU_sse: 1887.9774087688259
  CPU_fma: 5129.5108011124548
  CPU_avx: 3789.8329508175416
  CPU_avx512: 0
  m_CPU_enc_SHA: 6203003765.3914795
  m_CPU_enc_AES: 3967718131.3219004
  m_CPU_enc_ECDSA: 3257391270.3671637
  ME_ALLOC_S: 1675.7651519771032
  ME_READ_S: 23866.787304687499
  ME_READ_L: 14596.091796875
  ME_WRITE: 14541.9453125
  ME_LARGE: 666.75
  ME_LATENCY: 73.508157866733882
  ME_THREADED: 37965.4375
  SUMM_CPU: 6104.4375999793228
  SUMM_ME: 1072.0338749167752
SystemInformation:
  OSName: Ubuntu 24.04.1 LTS
  Kernel: 6.8.0-1015-gcp
  Device: ""
  Processor: AMD EPYC 7B12
  NumSockets: 1
  Manufacturer: AuthenticAMD
  NumCores: 2
  NumLogicals: 4
  CPUFrequency: 0
  Memory: 3912
  MemModuleInfo:
    iNumMemSticks: 1
    DIMM 1:
      manufacturer: ""
      modulePartNo: ""
      memType: RAM
      size: 4
      clkspeed: 0
      moduleVoltage: 0
Checksum: C3005C81B220F3AA9DB6C64F2CBCF19C3ADD9F0F