---
system-info:
      stress-ng-version: 0.17.08
      run-by: root
      date-yyyy-mm-dd: 2024:09:16
      time-hh-mm-ss: 22:28:08
      epoch-secs: 1726525688
      hostname: sc-runner
      sysname: Linux
      nodename: sc-runner
      release: 6.8.0-1014-azure
      version: '#16-Ubuntu SMP Thu Aug 15 20:04:41 UTC 2024'
      machine: x86_64
      compiler: 'musl-gcc 13.2.1'
      uptime: 347
      totalram: 135070519296
      freeram: 124819398656
      sharedram: 42049536
      bufferram: 255397888
      totalswap: 0
      freeswap: 0
      pagesize: 4096
      cpus: 4
      cpus-online: 4
      ticks-per-second: 100

metrics:
    - stressor: cpu
      bogo-ops: 28202
      bogo-ops-per-second-usr-sys-time: 1410.160778
      bogo-ops-per-second-real-time: 1410.098218
      wall-clock-time: 20.000025
      user-time: 19.999138
      system-time: 0.000000
      cpu-usage-per-instance: 99.995564
      max-rss: 1104

...
