BaselineInfo:
  WebDBID: -1
  TimeStamp: 20250828190617
Version:
  Major: 11
  Minor: 0
  Build: 1002
  SpecialBuildName: ""
  ptArchitecture: x86_64_linux
Results:
  Results Complete: true
  NumTestProcesses: 4
  CPU_INTEGER_MATH: 20545.057000000001
  CPU_FLOATINGPOINT_MATH: 14904.95779903171
  CPU_PRIME: 44.674715494834814
  CPU_SORTING: 10689.401227903072
  CPU_ENCRYPTION: 4563.5776618774962
  CPU_COMPRESSION: 80393.141240758472
  CPU_SINGLETHREAD: 3250.3856813167949
  CPU_PHYSICS: 994.52642759916421
  CPU_MATRIX_MULT_SSE: 5439.7404250430009
  CPU_mm: 597.6980625614367
  CPU_sse: 2472.6019368801308
  CPU_fma: 6501.0413052199492
  CPU_avx: 5163.6628820011147
  CPU_avx512: 7621.6555760708079
  m_CPU_enc_SHA: 4783300133.5919104
  m_CPU_enc_AES: 6236910874.1636353
  m_CPU_enc_ECDSA: 3335563023.3870311
  ME_ALLOC_S: 2410.5448639470569
  ME_READ_S: 29010.28515625
  ME_READ_L: 17052.42578125
  ME_WRITE: 11229.5810546875
  ME_LARGE: 6127.5
  ME_LATENCY: 71.873025425770422
  ME_THREADED: 46595.6513671875
  SUMM_CPU: 8004.9297544827323
  SUMM_ME: 2128.9375666937181
SystemInformation:
  OSName: Ubuntu 24.04.2 LTS
  Kernel: 6.14.0-1011-aws
  Device: ""
  Processor: Intel Xeon 6975P-C
  NumSockets: 1
  Manufacturer: GenuineIntel
  NumCores: 2
  NumLogicals: 4
  CPUFrequency: 0
  Memory: 15706
  MemModuleInfo:
    iNumMemSticks: 1
    DIMM 1:
      manufacturer: Not Specified
      modulePartNo: Not Specified
      memType: DDR5
      size: 16
      clkspeed: 3600
      moduleVoltage: 0
Checksum: F192B3F4958C35B7E5DFFF9DE2A7111E7687EE11