---
system-info:
      stress-ng-version: 0.17.08
      run-by: root
      date-yyyy-mm-dd: 2024:08:30
      time-hh-mm-ss: 16:12:39
      epoch-secs: 1725034359
      hostname: sc-runner
      sysname: Linux
      nodename: sc-runner
      release: 6.8.0-1013-azure
      version: '#15-Ubuntu SMP Thu Aug  8 18:40:40 UTC 2024'
      machine: x86_64
      compiler: 'musl-gcc 13.2.1'
      uptime: 342
      totalram: 16765739008
      freeram: 8339660800
      sharedram: 54886400
      bufferram: 202371072
      totalswap: 0
      freeswap: 0
      pagesize: 4096
      cpus: 2
      cpus-online: 2
      ticks-per-second: 100

metrics:
    - stressor: cpu
      bogo-ops: 37714
      bogo-ops-per-second-usr-sys-time: 1885.892078
      bogo-ops-per-second-real-time: 1885.697460
      wall-clock-time: 20.000027
      user-time: 19.994964
      system-time: 0.002999
      cpu-usage-per-instance: 99.989680
      max-rss: 3152

...
