size_kb,operation,bandwidth_mb_s,latency_ns,latency_stddev_ns,latency_samples,threads,iterations,elapsed_s
32,read,891625.90,0,0,0,8,766870,0.215020
32,write,799750.30,0,0,0,8,755287,0.236101
32,copy,729783.35,0,0,0,8,612746,0.209907
32,latency,0,1.83,0.00,7,1,7,0.262662
128,read,717987.99,0,0,0,8,157232,0.218990
128,write,798849.81,0,0,0,8,195771,0.245066
128,copy,603268.09,0,0,0,8,131578,0.218109
128,latency,0,1.97,0.07,7,1,7,0.552941
1024,read,662925.62,0,0,0,8,22530,0.271886
1024,write,797435.83,0,0,0,8,24742,0.248216
1024,copy,312730.90,0,0,0,8,14678,0.375479
1024,latency,0,4.30,0.01,7,1,7,0.705143
2048,read,560322.25,0,0,0,8,11046,0.315418
2048,write,759252.04,0,0,0,8,12430,0.261942
2048,copy,167149.79,0,0,0,8,5646,0.540449
2048,latency,0,8.87,0.02,7,1,7,0.674202
4096,read,310872.99,0,0,0,8,4654,0.479064
4096,write,331177.24,0,0,0,8,4920,0.475395
4096,copy,126636.12,0,0,0,8,1876,0.474051
4096,latency,0,14.84,0.03,7,1,7,0.698473
16384,read,215713.14,0,0,0,8,643,0.381544
16384,write,197252.15,0,0,0,8,1099,0.713158
16384,copy,88626.95,0,0,0,8,466,0.673023
16384,latency,0,20.97,2.66,21,1,21,2.070699
32768,read,190587.10,0,0,0,8,287,0.385504
32768,write,183823.56,0,0,0,8,494,0.687964
32768,copy,84954.30,0,0,0,8,228,0.687052
32768,latency,0,31.64,14.96,21,1,21,2.040706
65536,read,180710.96,0,0,0,8,136,0.385323
65536,write,175462.61,0,0,0,8,258,0.752844
65536,copy,83002.46,0,0,0,8,113,0.697040
65536,latency,0,71.32,3.30,7,1,7,3.106183
131072,read,169803.28,0,0,0,8,72,0.434197
131072,write,172200.27,0,0,0,8,120,0.713588
131072,copy,82710.85,0,0,0,8,55,0.680926
131072,latency,0,79.31,0.54,7,1,7,7.183037
262144,read,169965.72,0,0,0,8,35,0.421732
262144,write,168563.26,0,0,0,8,63,0.765434
262144,copy,64542.21,0,0,0,4,28,0.444236
262144,latency,0,83.00,0.31,7,1,7,15.232591
