BaselineInfo:
  WebDBID: -1
  TimeStamp: 20250820221651
Version:
  Major: 11
  Minor: 0
  Build: 1002
  SpecialBuildName: ""
  ptArchitecture: x86_64_linux
Results:
  Results Complete: true
  NumTestProcesses: 4
  CPU_INTEGER_MATH: 20576.746666666666
  CPU_FLOATINGPOINT_MATH: 14926.701366964906
  CPU_PRIME: 44.642150988723103
  CPU_SORTING: 10719.344656186418
  CPU_ENCRYPTION: 4563.2909984045982
  CPU_COMPRESSION: 80929.702576558906
  CPU_SINGLETHREAD: 3267.2884351721186
  CPU_PHYSICS: 1001.6125948664908
  CPU_MATRIX_MULT_SSE: 5612.0392911207837
  CPU_mm: 612.43821232888615
  CPU_sse: 2518.3315801594326
  CPU_fma: 6567.4499496292465
  CPU_avx: 5315.4752003552258
  CPU_avx512: 8046.9004343392298
  m_CPU_enc_SHA: 4786956607.5315437
  m_CPU_enc_AES: 6264364689.5254107
  m_CPU_enc_ECDSA: 3303550968.7723441
  ME_ALLOC_S: 2402.0309353570265
  ME_READ_S: 29042.664843750001
  ME_READ_L: 12464.0322265625
  ME_WRITE: 10718.041015625
  ME_LARGE: 21962.666666666668
  ME_LATENCY: 74.617509215399608
  ME_THREADED: 36981.6923828125
  SUMM_CPU: 8056.9666112332607
  SUMM_ME: 2144.3297912397716
SystemInformation:
  OSName: Ubuntu 24.04.2 LTS
  Kernel: 6.14.0-1010-aws
  Device: ""
  Processor: Intel Xeon 6975P-C
  NumSockets: 1
  Manufacturer: GenuineIntel
  NumCores: 2
  NumLogicals: 4
  CPUFrequency: 0
  Memory: 31558
  MemModuleInfo:
    iNumMemSticks: 1
    DIMM 1:
      manufacturer: Not Specified
      modulePartNo: Not Specified
      memType: DDR5
      size: 32
      clkspeed: 3600
      moduleVoltage: 0
Checksum: F76B6ECF35B568FC95D523B998E1B5993914285E