BaselineInfo:
  WebDBID: -1
  TimeStamp: 20260610124441
Version:
  Major: 11
  Minor: 0
  Build: 1004
  SpecialBuildName: ""
  ptArchitecture: x86_64_linux
Results:
  Results Complete: true
  NumTestProcesses: 2
  CPU_INTEGER_MATH: 10239.903999999999
  CPU_FLOATINGPOINT_MATH: 7435.644934801825
  CPU_PRIME: 22.216832567566303
  CPU_SORTING: 5331.3319336026889
  CPU_ENCRYPTION: 2276.3765419333477
  CPU_COMPRESSION: 40525.627912454423
  CPU_SINGLETHREAD: 3239.5859596497626
  CPU_PHYSICS: 497.57328267467557
  CPU_MATRIX_MULT_SSE: 2663.4762914073572
  CPU_mm: 298.08137440539338
  CPU_sse: 1228.0095958300444
  CPU_fma: 3240.1771137800865
  CPU_avx: 2568.5319670326257
  CPU_avx512: 3617.1864889866715
  m_CPU_enc_SHA: 2391406475.8290176
  m_CPU_enc_AES: 3111824449.4109144
  m_CPU_enc_ECDSA: 1657630501.2629735
  ME_ALLOC_S: 1262.9227427394956
  ME_READ_S: 29042.539843750001
  ME_READ_L: 15924.6865234375
  ME_WRITE: 11218.1982421875
  ME_LARGE: 2423.9166666666665
  ME_LATENCY: 72.086268811480863
  ME_THREADED: 23333.1796875
  SUMM_CPU: 4058.9626662875348
  SUMM_ME: 1666.9045174192579
SystemInformation:
  OSName: Ubuntu 24.04.4 LTS
  Kernel: 6.17.0-1017-aws
  Device: ""
  Processor: Intel(R) Xeon(R) 6975P-C
  NumSockets: 1
  Manufacturer: GenuineIntel
  NumCores: 1
  NumLogicals: 2
  CPUFrequency: 0
  CPUMaxFrequency: 0
  Memory: 3814
  CPUInfo:
    number: 1
    Family: 6
    Model: 13
    stepping: 1
    features: 529267711
    manufacture: GenuineIntel
    typestring: Intel(R) Xeon(R) 6975P-C
    iCoresPerPackage: 1
    iThreadsPerPackage: 2
    featuresEx:
      - 529267711
      - 4294619651
      - 739248128
    bHybrid: false
    nPCore: 0
    nLogicalsPerPCore: 0
    nECore: 0
    nLogicalsPerECore: 0
  MemModuleInfo:
    iNumMemSticks: 1
    DIMM 1:
      manufacturer: Not Specified
      modulePartNo: Not Specified
      memType: DDR5
      size: 4
      clkspeed: 3600
      moduleVoltage: 0
Checksum: 0E2616BA917C1E15C459CFCB5A7B802DC8B62558