BaselineInfo:
  WebDBID: -1
  TimeStamp: 20241219000802
Version:
  Major: 11
  Minor: 0
  Build: 1002
  SpecialBuildName: ""
  ptArchitecture: x86_64_linux
Results:
  Results Complete: true
  NumTestProcesses: 2
  CPU_INTEGER_MATH: 9391.3593333333338
  CPU_FLOATINGPOINT_MATH: 6706.3188051735733
  CPU_PRIME: 30.67405688125033
  CPU_SORTING: 5465.6964706315575
  CPU_ENCRYPTION: 2285.9390305112615
  CPU_COMPRESSION: 40196.745691257864
  CPU_SINGLETHREAD: 2009.8334635957422
  CPU_PHYSICS: 541.89751865838821
  CPU_MATRIX_MULT_SSE: 3201.3019212219524
  CPU_mm: 382.9356225551029
  CPU_sse: 1507.8691335432432
  CPU_fma: 4930.7438726181736
  CPU_avx: 3165.2927575044409
  CPU_avx512: 0
  m_CPU_enc_SHA: 3235501108.9946718
  m_CPU_enc_AES: 2079510382.9313655
  m_CPU_enc_ECDSA: 1875930922.6460919
  ME_ALLOC_S: 1338.6912642486748
  ME_READ_S: 21368.908593749999
  ME_READ_L: 10484.1689453125
  ME_WRITE: 10501.7314453125
  ME_LARGE: 5169.166666666667
  ME_LATENCY: 63.655382249561036
  ME_THREADED: 22497.0869140625
  SUMM_CPU: 4048.7372945234738
  SUMM_ME: 1796.6247276285214
SystemInformation:
  OSName: Ubuntu 24.04.1 LTS
  Kernel: 6.8.0-31-generic
  Device: ""
  Processor: AMD EPYC 7542 32-Core Processor
  NumSockets: 1
  Manufacturer: AuthenticAMD
  NumCores: 2
  NumLogicals: 2
  CPUFrequency: 0
  Memory: 15946
  MemModuleInfo:
    iNumMemSticks: 1
    DIMM 1:
      manufacturer: QEMU
      modulePartNo: Not Specified
      memType: RAM
      size: 16
      clkspeed: 0
      moduleVoltage: 0
Checksum: 0C10F4A7D804C57A6E498AAB0EC44B7F64026116