---
system-info:
      stress-ng-version: 0.17.08
      run-by: root
      date-yyyy-mm-dd: 2024:09:17
      time-hh-mm-ss: 05:17:20
      epoch-secs: 1726550240
      hostname: sc-runner
      sysname: Linux
      nodename: sc-runner
      release: 6.8.0-1014-azure
      version: '#16-Ubuntu SMP Thu Aug 15 20:04:41 UTC 2024'
      machine: x86_64
      compiler: 'musl-gcc 13.2.1'
      uptime: 306
      totalram: 202596663296
      freeram: 191486631936
      sharedram: 55083008
      bufferram: 244097024
      totalswap: 0
      freeswap: 0
      pagesize: 4096
      cpus: 48
      cpus-online: 48
      ticks-per-second: 100

metrics:
    - stressor: cpu
      bogo-ops: 38007
      bogo-ops-per-second-usr-sys-time: 1900.322730
      bogo-ops-per-second-real-time: 1900.344110
      wall-clock-time: 20.000062
      user-time: 19.999287
      system-time: 0.001000
      cpu-usage-per-instance: 100.001125
      max-rss: 3200

...
