---
system-info:
      stress-ng-version: 0.17.08
      run-by: root
      date-yyyy-mm-dd: 2024:09:03
      time-hh-mm-ss: 03:46:22
      epoch-secs: 1725335182
      hostname: sc-runner
      sysname: Linux
      nodename: sc-runner
      release: 6.8.0-1013-azure
      version: '#15-Ubuntu SMP Thu Aug  8 18:40:40 UTC 2024'
      machine: x86_64
      compiler: 'musl-gcc 13.2.1'
      uptime: 356
      totalram: 8322945024
      freeram: 318164992
      sharedram: 56991744
      bufferram: 205004800
      totalswap: 0
      freeswap: 0
      pagesize: 4096
      cpus: 4
      cpus-online: 4
      ticks-per-second: 100

metrics:
    - stressor: cpu
      bogo-ops: 68104
      bogo-ops-per-second-usr-sys-time: 855.808732
      bogo-ops-per-second-real-time: 3405.181195
      wall-clock-time: 20.000110
      user-time: 79.549458
      system-time: 0.029071
      cpu-usage-per-instance: 99.472612
      max-rss: 3256

...
