BaselineInfo:
  WebDBID: -1
  TimeStamp: 20241107085812
Version:
  Major: 11
  Minor: 0
  Build: 1002
  SpecialBuildName: ""
  ptArchitecture: x86_64_linux
Results:
  Results Complete: true
  NumTestProcesses: 4
  CPU_INTEGER_MATH: 10311.329999999998
  CPU_FLOATINGPOINT_MATH: 5452.1119501905159
  CPU_PRIME: 15.991664370417606
  CPU_SORTING: 6490.9215253049424
  CPU_ENCRYPTION: 3242.6053105714091
  CPU_COMPRESSION: 43506.536268707336
  CPU_SINGLETHREAD: 1442.7475903406876
  CPU_PHYSICS: 387.35725590828747
  CPU_MATRIX_MULT_SSE: 1603.9816121542697
  CPU_mm: 313.23277717340466
  CPU_sse: 1272.1467086967698
  CPU_fma: 1874.7747723422144
  CPU_avx: 1665.0233554238257
  CPU_avx512: 0
  m_CPU_enc_SHA: 4594658502.125042
  m_CPU_enc_AES: 3178098058.487855
  m_CPU_enc_ECDSA: 2427597757.8002787
  ME_ALLOC_S: 997.13870904471037
  ME_READ_S: 14832.238476562499
  ME_READ_L: 11617.5439453125
  ME_WRITE: 8188.42578125
  ME_LARGE: 5749.166666666667
  ME_LATENCY: 61.072563946097794
  ME_THREADED: 28815.69677734375
  SUMM_CPU: 3668.6348851914631
  SUMM_ME: 1694.8681474941673
SystemInformation:
  OSName: Ubuntu 24.04.1 LTS
  Kernel: 6.8.0-1016-aws
  Device: ""
  Processor: AMD EPYC 7571
  NumSockets: 1
  Manufacturer: AuthenticAMD
  NumCores: 2
  NumLogicals: 4
  CPUFrequency: 0
  Memory: 15706
  MemModuleInfo:
    iNumMemSticks: 1
    DIMM 1:
      manufacturer: Not Specified
      modulePartNo: Not Specified
      memType: DDR4
      size: 16
      clkspeed: 1333
      moduleVoltage: 0
Checksum: 8CC33A4260525C0E620398550D2B05962F7D8F2E