BaselineInfo:
  WebDBID: -1
  TimeStamp: 20241108005523
Version:
  Major: 11
  Minor: 0
  Build: 1002
  SpecialBuildName: ""
  ptArchitecture: aarch64_linux
Results:
  Results Complete: true
  NumTestProcesses: 16
  CPU_INTEGER_MATH: 75112.225333333336
  CPU_FLOATINGPOINT_MATH: 57181.700768627619
  CPU_PRIME: 103.49543488162404
  CPU_SORTING: 53949.40059643671
  CPU_ENCRYPTION: 2606.4643298314331
  CPU_COMPRESSION: 90271.471288221263
  CPU_SINGLETHREAD: 1329.0820432225216
  CPU_PHYSICS: 1823.0664561033354
  CPU_MATRIX_MULT_SSE: 11842.809264715093
  CPU_mm: 1988.4785966262616
  CPU_sse: 9874.0391884087239
  CPU_fma: 13811.579341021461
  CPU_avx: 0
  CPU_avx512: 0
  m_CPU_enc_SHA: 3914977352.0886345
  m_CPU_enc_AES: 1804049075.3701603
  m_CPU_enc_ECDSA: 2480201395.8931794
  ME_ALLOC_S: 10911.186687196938
  ME_READ_S: 11368.279980468749
  ME_READ_L: 8616.001953125
  ME_WRITE: 14916.255859375
  ME_LARGE: 117955.25
  ME_LATENCY: 72.708506684294832
  ME_THREADED: 114931.287109375
  SUMM_CPU: 11570.187080101572
  SUMM_ME: 1907.4392578682571
SystemInformation:
  OSName: Ubuntu 24.04.1 LTS
  Kernel: 6.8.0-1017-azure
  Device: ""
  Processor: ARM Neoverse-N1 16 Core 0 MHz
  NumSockets: 1
  Manufacturer: ARM
  NumCores: 16
  NumLogicals: 16
  CPUFrequency: 0
  Memory: 128555
Checksum: 261A833728A54E4A759EF2FE936C4165415792B3