BaselineInfo:
  WebDBID: -1
  TimeStamp: 20251202210632
Version:
  Major: 11
  Minor: 0
  Build: 1002
  SpecialBuildName: ""
  ptArchitecture: x86_64_linux
Results:
  Results Complete: true
  NumTestProcesses: 24
  CPU_INTEGER_MATH: 204306.87833333333
  CPU_FLOATINGPOINT_MATH: 204908.13003659574
  CPU_PRIME: 791.03441253115989
  CPU_SORTING: 120529.74910652463
  CPU_ENCRYPTION: 42545.329199067673
  CPU_COMPRESSION: 889600.76327853813
  CPU_SINGLETHREAD: 4257.7291494100355
  CPU_PHYSICS: 10577.756933620032
  CPU_MATRIX_MULT_SSE: 82863.680620122657
  CPU_mm: 9759.0097747017608
  CPU_sse: 29420.713374242361
  CPU_fma: 115254.59099453359
  CPU_avx: 58872.409139314623
  CPU_avx512: 127907.00897240009
  m_CPU_enc_SHA: 59097386427.79937
  m_CPU_enc_AES: 36959528549.467354
  m_CPU_enc_ECDSA: 37779118353.458008
  ME_ALLOC_S: 31421.798620208381
  ME_READ_S: 37928.144140625001
  ME_READ_L: 34268.62109375
  ME_WRITE: 33643.3515625
  ME_LARGE: 757904.16666666663
  ME_LATENCY: 84.445808163526763
  ME_THREADED: 472552.51171875
  SUMM_CPU: 72697.526175024832
  SUMM_ME: 2929.4266035748265
SystemInformation:
  OSName: Ubuntu 24.04.2 LTS
  Kernel: 6.14.0-1017-aws
  Device: ""
  Processor: AMD EPYC 9R05
  NumSockets: 1
  Manufacturer: AuthenticAMD
  NumCores: 24
  NumLogicals: 24
  CPUFrequency: 0
  Memory: 770582
  MemModuleInfo:
    iNumMemSticks: 1
    DIMM 1:
      manufacturer: Not Specified
      modulePartNo: Not Specified
      memType: DDR5
      size: 768
      clkspeed: 3200
      moduleVoltage: 0
Checksum: 999E9B87A78CD63A7B53C843669B489D7E3FECCD