BaselineInfo:
  WebDBID: -1
  TimeStamp: 20260522173901
Version:
  Major: 11
  Minor: 0
  Build: 1004
  SpecialBuildName: ""
  ptArchitecture: x86_64_linux
Results:
  Results Complete: true
  NumTestProcesses: 38
  CPU_INTEGER_MATH: 241641.63666666666
  CPU_FLOATINGPOINT_MATH: 208047.39836518839
  CPU_PRIME: 823.12038006409989
  CPU_SORTING: 102818.77809109117
  CPU_ENCRYPTION: 43562.319486779546
  CPU_COMPRESSION: 859151.90182744549
  CPU_SINGLETHREAD: 3810.7502872251725
  CPU_PHYSICS: 11885.064698949942
  CPU_MATRIX_MULT_SSE: 90422.973934136127
  CPU_mm: 9704.190523182715
  CPU_sse: 35747.068541939523
  CPU_fma: 114391.98247821366
  CPU_avx: 67522.248483612639
  CPU_avx512: 144030.5962327786
  m_CPU_enc_SHA: 60114337377.468681
  m_CPU_enc_AES: 41251545005.540604
  m_CPU_enc_ECDSA: 35669325771.498756
  ME_ALLOC_S: 34302.153557382226
  ME_READ_S: 34460.190234374997
  ME_READ_L: 29171.3359375
  ME_WRITE: 21115.755859375
  ME_LARGE: 177808.08333333334
  ME_LATENCY: 144.20964218005199
  ME_THREADED: 289058.3095703125
  SUMM_CPU: 71873.688814364126
  SUMM_ME: 1857.4637352031596
SystemInformation:
  OSName: Ubuntu 24.04.4 LTS
  Kernel: 6.8.0-111-generic
  Device: ""
  Processor: "AMD EPYC 9575F 64-Core Processor               "
  NumSockets: 1
  Manufacturer: AuthenticAMD
  NumCores: 38
  NumLogicals: 38
  CPUFrequency: 0
  CPUMaxFrequency: 0
  Memory: 193136
  CPUInfo:
    number: 1
    Family: 15
    Model: 2
    stepping: 1
    features: 395049983
    manufacture: AuthenticAMD
    typestring: "AMD EPYC 9575F 64-Core Processor               "
    iCoresPerPackage: 255
    iThreadsPerPackage: 1
    featuresEx:
      - 395049983
      - 4294586883
      - 802421759
    bHybrid: false
    nPCore: 0
    nLogicalsPerPCore: 0
    nECore: 0
    nLogicalsPerECore: 0
  MemModuleInfo:
    iNumMemSticks: 12
    DIMM 1:
      manufacturer: QEMU
      modulePartNo: Not Specified
      memType: RAM
      size: 16
      clkspeed: 0
      moduleVoltage: 0
    DIMM 2:
      manufacturer: QEMU
      modulePartNo: Not Specified
      memType: RAM
      size: 16
      clkspeed: 0
      moduleVoltage: 0
    DIMM 3:
      manufacturer: QEMU
      modulePartNo: Not Specified
      memType: RAM
      size: 16
      clkspeed: 0
      moduleVoltage: 0
    DIMM 4:
      manufacturer: QEMU
      modulePartNo: Not Specified
      memType: RAM
      size: 16
      clkspeed: 0
      moduleVoltage: 0
    DIMM 5:
      manufacturer: QEMU
      modulePartNo: Not Specified
      memType: RAM
      size: 16
      clkspeed: 0
      moduleVoltage: 0
    DIMM 6:
      manufacturer: QEMU
      modulePartNo: Not Specified
      memType: RAM
      size: 16
      clkspeed: 0
      moduleVoltage: 0
    DIMM 7:
      manufacturer: QEMU
      modulePartNo: Not Specified
      memType: RAM
      size: 16
      clkspeed: 0
      moduleVoltage: 0
    DIMM 8:
      manufacturer: QEMU
      modulePartNo: Not Specified
      memType: RAM
      size: 16
      clkspeed: 0
      moduleVoltage: 0
    DIMM 9:
      manufacturer: QEMU
      modulePartNo: Not Specified
      memType: RAM
      size: 16
      clkspeed: 0
      moduleVoltage: 0
    DIMM 10:
      manufacturer: QEMU
      modulePartNo: Not Specified
      memType: RAM
      size: 16
      clkspeed: 0
      moduleVoltage: 0
    DIMM 11:
      manufacturer: QEMU
      modulePartNo: Not Specified
      memType: RAM
      size: 16
      clkspeed: 0
      moduleVoltage: 0
    DIMM 12:
      manufacturer: QEMU
      modulePartNo: Not Specified
      memType: RAM
      size: 16
      clkspeed: 0
      moduleVoltage: 0
Checksum: 972AACCFC226751F7E36D684F7FE0B9A3B4929CF