---
system-info:
      stress-ng-version: 0.17.08
      run-by: root
      date-yyyy-mm-dd: 2024:06:07
      time-hh-mm-ss: 15:25:12
      epoch-secs: 1717773912
      hostname: db2e18fab521
      sysname: Linux
      nodename: db2e18fab521
      release: 6.8.0-1008-aws
      version: '#8-Ubuntu SMP Sat Apr 20 02:43:14 UTC 2024'
      machine: aarch64
      compiler: 'musl-gcc 13.2.1'
      uptime: 125
      totalram: 8141365248
      freeram: 3995930624
      sharedram: 35024896
      bufferram: 90898432
      totalswap: 0
      freeswap: 0
      pagesize: 4096
      cpus: 2
      cpus-online: 2
      ticks-per-second: 100

metrics:
    - stressor: cpu
      bogo-ops: 5856
      bogo-ops-per-second-usr-sys-time: 294.081667
      bogo-ops-per-second-real-time: 582.464115
      wall-clock-time: 10.053838
      user-time: 19.911840
      system-time: 0.000996
      cpu-usage-per-instance: 99.031014
      max-rss: 4136

...
