---
system-info:
      stress-ng-version: 0.17.08
      run-by: root
      date-yyyy-mm-dd: 2024:06:14
      time-hh-mm-ss: 14:41:31
      epoch-secs: 1718376091
      hostname: 2ce4de2783ba
      sysname: Linux
      nodename: 2ce4de2783ba
      release: 6.8.0-1008-aws
      version: '#8-Ubuntu SMP Sat Apr 20 02:43:14 UTC 2024'
      machine: aarch64
      compiler: 'musl-gcc 13.2.1'
      uptime: 166
      totalram: 8141369344
      freeram: 3914149888
      sharedram: 35033088
      bufferram: 107814912
      totalswap: 0
      freeswap: 0
      pagesize: 4096
      cpus: 2
      cpus-online: 2
      ticks-per-second: 100

metrics:
    - stressor: cpu
      bogo-ops: 60265
      bogo-ops-per-second-usr-sys-time: 1519.307763
      bogo-ops-per-second-real-time: 3013.244738
      wall-clock-time: 20.000035
      user-time: 39.663099
      system-time: 0.002992
      cpu-usage-per-instance: 99.165054
      max-rss: 1192

...
