---
system-info:
      stress-ng-version: 0.17.08
      run-by: root
      date-yyyy-mm-dd: 2024:09:03
      time-hh-mm-ss: 12:53:46
      epoch-secs: 1725368026
      hostname: sc-runner
      sysname: Linux
      nodename: sc-runner
      release: 6.8.0-1013-azure
      version: '#15-Ubuntu SMP Thu Aug  8 18:40:40 UTC 2024'
      machine: x86_64
      compiler: 'musl-gcc 13.2.1'
      uptime: 382
      totalram: 29425893376
      freeram: 20905123840
      sharedram: 55005184
      bufferram: 224673792
      totalswap: 0
      freeswap: 0
      pagesize: 4096
      cpus: 2
      cpus-online: 2
      ticks-per-second: 100

metrics:
    - stressor: cpu
      bogo-ops: 27121
      bogo-ops-per-second-usr-sys-time: 1356.416911
      bogo-ops-per-second-real-time: 1356.039315
      wall-clock-time: 20.000158
      user-time: 19.991591
      system-time: 0.002999
      cpu-usage-per-instance: 99.972162
      max-rss: 3152

...
