---
system-info:
      stress-ng-version: 0.17.08
      run-by: root
      date-yyyy-mm-dd: 2024:09:16
      time-hh-mm-ss: 12:29:18
      epoch-secs: 1726489758
      hostname: sc-runner
      sysname: Linux
      nodename: sc-runner
      release: 6.8.0-1014-azure
      version: '#16-Ubuntu SMP Thu Aug 15 20:04:41 UTC 2024'
      machine: x86_64
      compiler: 'musl-gcc 13.2.1'
      uptime: 502
      totalram: 29425889280
      freeram: 19359997952
      sharedram: 46608384
      bufferram: 241098752
      totalswap: 0
      freeswap: 0
      pagesize: 4096
      cpus: 2
      cpus-online: 2
      ticks-per-second: 100

metrics:
    - stressor: cpu
      bogo-ops: 17450
      bogo-ops-per-second-usr-sys-time: 872.584204
      bogo-ops-per-second-real-time: 872.498305
      wall-clock-time: 20.000039
      user-time: 19.996060
      system-time: 0.002010
      cpu-usage-per-instance: 99.990156
      max-rss: 3152

...
