---
system-info:
      stress-ng-version: 0.17.08
      run-by: root
      date-yyyy-mm-dd: 2024:06:06
      time-hh-mm-ss: 21:45:13
      epoch-secs: 1717710313
      hostname: b7ddc52a2813
      sysname: Linux
      nodename: b7ddc52a2813
      release: 6.8.0-1008-aws
      version: '#8-Ubuntu SMP Sat Apr 20 00:46:25 UTC 2024'
      machine: x86_64
      compiler: 'musl-gcc 13.2.1'
      uptime: 554
      totalram: 4002344960
      freeram: 165617664
      sharedram: 113561600
      bufferram: 85913600
      totalswap: 0
      freeswap: 0
      pagesize: 4096
      cpus: 2
      cpus-online: 2
      ticks-per-second: 100

metrics:
    - stressor: cpu
      bogo-ops: 31744
      bogo-ops-per-second-usr-sys-time: 1603.678194
      bogo-ops-per-second-real-time: 3173.586194
      wall-clock-time: 10.002564
      user-time: 19.782518
      system-time: 0.011977
      cpu-usage-per-instance: 98.947102
      max-rss: 3920

...
