---
system-info:
      stress-ng-version: 0.17.08
      run-by: root
      date-yyyy-mm-dd: 2024:06:16
      time-hh-mm-ss: 08:42:54
      epoch-secs: 1718527374
      hostname: f2853de592dc
      sysname: Linux
      nodename: f2853de592dc
      release: 6.8.0-1008-aws
      version: '#8-Ubuntu SMP Sat Apr 20 00:46:25 UTC 2024'
      machine: x86_64
      compiler: 'musl-gcc 13.2.1'
      uptime: 106
      totalram: 4002340864
      freeram: 178741248
      sharedram: 113508352
      bufferram: 103854080
      totalswap: 0
      freeswap: 0
      pagesize: 4096
      cpus: 2
      cpus-online: 2
      ticks-per-second: 100

metrics:
    - stressor: cpu
      bogo-ops: 42037
      bogo-ops-per-second-usr-sys-time: 1058.082984
      bogo-ops-per-second-real-time: 2101.834929
      wall-clock-time: 20.000143
      user-time: 39.725395
      system-time: 0.004003
      cpu-usage-per-instance: 99.322783
      max-rss: 1104

...
