---
system-info:
      stress-ng-version: 0.17.08
      run-by: root
      date-yyyy-mm-dd: 2024:06:07
      time-hh-mm-ss: 19:38:57
      epoch-secs: 1717789137
      hostname: 841f776a28e0
      sysname: Linux
      nodename: 841f776a28e0
      release: 6.8.0-1008-aws
      version: '#8-Ubuntu SMP Sat Apr 20 00:46:25 UTC 2024'
      machine: x86_64
      compiler: 'musl-gcc 13.2.1'
      uptime: 94
      totalram: 4002344960
      freeram: 241307648
      sharedram: 113549312
      bufferram: 88117248
      totalswap: 0
      freeswap: 0
      pagesize: 4096
      cpus: 2
      cpus-online: 2
      ticks-per-second: 100

metrics:
    - stressor: cpu
      bogo-ops: 32540
      bogo-ops-per-second-usr-sys-time: 1649.153491
      bogo-ops-per-second-real-time: 3253.753000
      wall-clock-time: 10.000759
      user-time: 19.727350
      system-time: 0.003985
      cpu-usage-per-instance: 98.649186
      max-rss: 3920

...
