---
system-info:
      stress-ng-version: 0.17.08
      run-by: root
      date-yyyy-mm-dd: 2024:09:16
      time-hh-mm-ss: 16:25:50
      epoch-secs: 1726503950
      hostname: sc-runner
      sysname: Linux
      nodename: sc-runner
      release: 6.8.0-1014-azure
      version: '#16-Ubuntu SMP Thu Aug 15 20:04:41 UTC 2024'
      machine: x86_64
      compiler: 'musl-gcc 13.2.1'
      uptime: 311
      totalram: 58967715840
      freeram: 48826433536
      sharedram: 42094592
      bufferram: 232853504
      totalswap: 0
      freeswap: 0
      pagesize: 4096
      cpus: 8
      cpus-online: 8
      ticks-per-second: 100

metrics:
    - stressor: cpu
      bogo-ops: 198533
      bogo-ops-per-second-usr-sys-time: 1244.627676
      bogo-ops-per-second-real-time: 9926.604456
      wall-clock-time: 20.000092
      user-time: 159.489970
      system-time: 0.021990
      cpu-usage-per-instance: 99.694518
      max-rss: 976

...
