---
system-info:
      stress-ng-version: 0.17.08
      run-by: root
      date-yyyy-mm-dd: 2024:09:03
      time-hh-mm-ss: 17:58:02
      epoch-secs: 1725386282
      hostname: sc-runner
      sysname: Linux
      nodename: sc-runner
      release: 6.8.0-1013-azure
      version: '#15-Ubuntu SMP Thu Aug  8 18:40:40 UTC 2024'
      machine: x86_64
      compiler: 'musl-gcc 13.2.1'
      uptime: 393
      totalram: 58967719936
      freeram: 50347323392
      sharedram: 57028608
      bufferram: 218275840
      totalswap: 0
      freeswap: 0
      pagesize: 4096
      cpus: 8
      cpus-online: 8
      ticks-per-second: 100

metrics:
    - stressor: cpu
      bogo-ops: 132019
      bogo-ops-per-second-usr-sys-time: 827.932909
      bogo-ops-per-second-real-time: 6600.907095
      wall-clock-time: 20.000130
      user-time: 159.408046
      system-time: 0.048111
      cpu-usage-per-instance: 99.659450
      max-rss: 3152

...
