BaselineInfo:
  WebDBID: -1
  TimeStamp: 20241107082302
Version:
  Major: 11
  Minor: 0
  Build: 1002
  SpecialBuildName: ""
  ptArchitecture: x86_64_linux
Results:
  Results Complete: true
  NumTestProcesses: 4
  CPU_INTEGER_MATH: 16604.533333333333
  CPU_FLOATINGPOINT_MATH: 9198.052173062857
  CPU_PRIME: 39.560003878124022
  CPU_SORTING: 9297.6404265680503
  CPU_ENCRYPTION: 4329.6901833010606
  CPU_COMPRESSION: 64833.513706633348
  CPU_SINGLETHREAD: 2396.7495118035195
  CPU_PHYSICS: 796.44909736907232
  CPU_MATRIX_MULT_SSE: 3623.6296576116483
  CPU_mm: 448.58355240533251
  CPU_sse: 1904.2828026859418
  CPU_fma: 5193.7686343982432
  CPU_avx: 3772.8375357507603
  CPU_avx512: 0
  m_CPU_enc_SHA: 6264909938.7231646
  m_CPU_enc_AES: 4005034753.4167371
  m_CPU_enc_ECDSA: 3350082948.7953758
  ME_ALLOC_S: 1891.4473012333958
  ME_READ_S: 24414.375781250001
  ME_READ_L: 20070.51953125
  ME_WRITE: 19432.80078125
  ME_LARGE: 6088
  ME_LATENCY: 61.515762186588717
  ME_THREADED: 45137.701171875
  SUMM_CPU: 6218.0222173789771
  SUMM_ME: 2312.9709387413341
SystemInformation:
  OSName: Ubuntu 24.04.1 LTS
  Kernel: 6.8.0-1017-azure
  Device: ""
  Processor: AMD EPYC 7763 64-Core Processor
  NumSockets: 1
  Manufacturer: AuthenticAMD
  NumCores: 2
  NumLogicals: 4
  CPUFrequency: 0
  Memory: 15989
  MemModuleInfo:
    iNumMemSticks: 2
    DIMM 1:
      manufacturer: Microsoft Corporation
      modulePartNo: None
      memType: Unknown
      size: 1
      clkspeed: 0
      moduleVoltage: 0
    DIMM 2:
      manufacturer: Microsoft Corporation
      modulePartNo: None
      memType: Unknown
      size: 15
      clkspeed: 0
      moduleVoltage: 0
Checksum: FA5B68BA260873F3DD9C8C07787DA8E43E8214F3