BaselineInfo:
  WebDBID: -1
  TimeStamp: 20241107041855
Version:
  Major: 11
  Minor: 0
  Build: 1002
  SpecialBuildName: ""
  ptArchitecture: x86_64_linux
Results:
  Results Complete: true
  NumTestProcesses: 1
  CPU_INTEGER_MATH: 5958.8879999999999
  CPU_FLOATINGPOINT_MATH: 5257.7870228114507
  CPU_PRIME: 19.03901144714985
  CPU_SORTING: 3654.3867618036725
  CPU_ENCRYPTION: 1281.1651526224207
  CPU_COMPRESSION: 24718.979761273313
  CPU_SINGLETHREAD: 2671.5081415306981
  CPU_PHYSICS: 342.77416353382068
  CPU_MATRIX_MULT_SSE: 2264.834421607517
  CPU_mm: 257.74366698035863
  CPU_sse: 1137.3080305042706
  CPU_fma: 3373.8475436987892
  CPU_avx: 2895.7675635422647
  CPU_avx512: 1652.414548684744
  m_CPU_enc_SHA: 1784220082.2242448
  m_CPU_enc_AES: 1127971405.8787725
  m_CPU_enc_ECDSA: 1118005605.1256051
  ME_ALLOC_S: 991.99223580934176
  ME_READ_S: 27446.983203125001
  ME_READ_L: 26654.869140625
  ME_WRITE: 25444.65625
  ME_LARGE: 474.33333333333331
  ME_LATENCY: 79.758690180027841
  ME_THREADED: 26634.37890625
  SUMM_CPU: 2665.3902124292308
  SUMM_ME: 882.81112966246189
SystemInformation:
  OSName: Ubuntu 24.04.1 LTS
  Kernel: 6.8.0-1016-aws
  Device: ""
  Processor: AMD EPYC 9R14
  NumSockets: 1
  Manufacturer: AuthenticAMD
  NumCores: 1
  NumLogicals: 1
  CPUFrequency: 0
  Memory: 7737
  MemModuleInfo:
    iNumMemSticks: 1
    DIMM 1:
      manufacturer: Not Specified
      modulePartNo: Not Specified
      memType: DDR5
      size: 8
      clkspeed: 2400
      moduleVoltage: 0
Checksum: FCAE2FF8EEBDC5E63B1A2CA64BB14DE296429A5F