BaselineInfo:
  WebDBID: -1
  TimeStamp: 20241115150151
Version:
  Major: 11
  Minor: 0
  Build: 1002
  SpecialBuildName: ""
  ptArchitecture: x86_64_linux
Results:
  Results Complete: true
  NumTestProcesses: 1
  CPU_INTEGER_MATH: 5957.3969999999999
  CPU_FLOATINGPOINT_MATH: 5243.2386171908429
  CPU_PRIME: 18.920933176481338
  CPU_SORTING: 3670.4977725342014
  CPU_ENCRYPTION: 1283.1046092829699
  CPU_COMPRESSION: 25898.744509823035
  CPU_SINGLETHREAD: 2660.9547294755307
  CPU_PHYSICS: 339.88324689055372
  CPU_MATRIX_MULT_SSE: 2264.54681678523
  CPU_mm: 257.2028266867602
  CPU_sse: 1146.8651054009697
  CPU_fma: 3369.9858640326288
  CPU_avx: 2889.0979545186483
  CPU_avx512: 1652.2383431886731
  m_CPU_enc_SHA: 1781099963.5299392
  m_CPU_enc_AES: 1129147801.9841726
  m_CPU_enc_ECDSA: 1126050330.8363872
  ME_ALLOC_S: 968.81048265321544
  ME_READ_S: 27388.4423828125
  ME_READ_L: 26644.1484375
  ME_WRITE: 24965.62890625
  ME_LARGE: 625
  ME_LATENCY: 82.486971957847331
  ME_THREADED: 26560.833984375
  SUMM_CPU: 2690.5025050689364
  SUMM_ME: 1021.4180182961403
SystemInformation:
  OSName: Ubuntu 24.04.1 LTS
  Kernel: 6.8.0-1018-aws
  Device: ""
  Processor: AMD EPYC 9R14
  NumSockets: 1
  Manufacturer: AuthenticAMD
  NumCores: 1
  NumLogicals: 1
  CPUFrequency: 0
  Memory: 7737
  MemModuleInfo:
    iNumMemSticks: 1
    DIMM 1:
      manufacturer: Not Specified
      modulePartNo: Not Specified
      memType: DDR5
      size: 8
      clkspeed: 2400
      moduleVoltage: 0
Checksum: 2741F54593DC03A183EEB89545541776887AB689