BaselineInfo:
  WebDBID: -1
  TimeStamp: 20241114225055
Version:
  Major: 11
  Minor: 0
  Build: 1002
  SpecialBuildName: ""
  ptArchitecture: x86_64_linux
Results:
  Results Complete: true
  NumTestProcesses: 1
  CPU_INTEGER_MATH: 5962.2486666666673
  CPU_FLOATINGPOINT_MATH: 5261.887564090438
  CPU_PRIME: 19.378491213638259
  CPU_SORTING: 3684.1441590656727
  CPU_ENCRYPTION: 1286.660805540394
  CPU_COMPRESSION: 25917.358066576118
  CPU_SINGLETHREAD: 2667.9574574702046
  CPU_PHYSICS: 342.99700166173938
  CPU_MATRIX_MULT_SSE: 2261.0222180576288
  CPU_mm: 257.54676933332547
  CPU_sse: 1124.9975587552974
  CPU_fma: 3374.2427657804087
  CPU_avx: 2891.0232243887922
  CPU_avx512: 1653.8253233060175
  m_CPU_enc_SHA: 1783822006.3161516
  m_CPU_enc_AES: 1129839910.2515712
  m_CPU_enc_ECDSA: 1133823005.9232495
  ME_ALLOC_S: 978.82836246903662
  ME_READ_S: 27313.029882812501
  ME_READ_L: 26591.302734375
  ME_WRITE: 25161.177734375
  ME_LARGE: 619
  ME_LATENCY: 82.031658625994496
  ME_THREADED: 26593.443359375
  SUMM_CPU: 2697.4600164856902
  SUMM_ME: 1018.2049860841172
SystemInformation:
  OSName: Ubuntu 24.04.1 LTS
  Kernel: 6.8.0-1018-aws
  Device: ""
  Processor: AMD EPYC 9R14
  NumSockets: 1
  Manufacturer: AuthenticAMD
  NumCores: 1
  NumLogicals: 1
  CPUFrequency: 0
  Memory: 7737
  MemModuleInfo:
    iNumMemSticks: 1
    DIMM 1:
      manufacturer: Not Specified
      modulePartNo: Not Specified
      memType: DDR5
      size: 8
      clkspeed: 2400
      moduleVoltage: 0
Checksum: 55ECD2D1889FFD82A7481CC44775B5DBF6CF08E3