BaselineInfo:
  WebDBID: -1
  TimeStamp: 20241107230559
Version:
  Major: 11
  Minor: 0
  Build: 1002
  SpecialBuildName: ""
  ptArchitecture: x86_64_linux
Results:
  Results Complete: true
  NumTestProcesses: 8
  CPU_INTEGER_MATH: 24267.989333333331
  CPU_FLOATINGPOINT_MATH: 20819.656873386732
  CPU_PRIME: 72.059330068432274
  CPU_SORTING: 17041.071594710596
  CPU_ENCRYPTION: 2281.813541592916
  CPU_COMPRESSION: 126528.67954542834
  CPU_SINGLETHREAD: 1809.1442641593126
  CPU_PHYSICS: 1063.8352960080263
  CPU_MATRIX_MULT_SSE: 7551.1283581456692
  CPU_mm: 1094.2163774433413
  CPU_sse: 4431.3759035038684
  CPU_fma: 10507.810595762145
  CPU_avx: 7714.1985751709944
  CPU_avx512: 0
  m_CPU_enc_SHA: 1665262428.3736742
  m_CPU_enc_AES: 4056954753.0349793
  m_CPU_enc_ECDSA: 1455747567.1593461
  ME_ALLOC_S: 4272.0892387743716
  ME_READ_S: 19449.162109375
  ME_READ_L: 6595.9462890625
  ME_WRITE: 5885.927734375
  ME_LARGE: 18010.25
  ME_LATENCY: 68.303926678933138
  ME_THREADED: 40347.4111328125
  SUMM_CPU: 8654.4846433447383
  SUMM_ME: 1762.4615185810135
SystemInformation:
  OSName: Ubuntu 24.04.1 LTS
  Kernel: 6.8.0-1017-azure
  Device: ""
  Processor: Intel Xeon CPU E5-2673 v4 @ 2.30GHz
  NumSockets: 1
  Manufacturer: GenuineIntel
  NumCores: 8
  NumLogicals: 8
  CPUFrequency: 0
  Memory: 28060
  MemModuleInfo:
    iNumMemSticks: 2
    DIMM 1:
      manufacturer: Microsoft Corporation
      modulePartNo: None
      memType: Unknown
      size: 1
      clkspeed: 0
      moduleVoltage: 0
    DIMM 2:
      manufacturer: Microsoft Corporation
      modulePartNo: None
      memType: Unknown
      size: 27
      clkspeed: 0
      moduleVoltage: 0
Checksum: 0037B2305B4B8E2792CFC5468157A1C59A929B3E