BaselineInfo:
  WebDBID: -1
  TimeStamp: 20241107234124
Version:
  Major: 11
  Minor: 0
  Build: 1002
  SpecialBuildName: ""
  ptArchitecture: x86_64_linux
Results:
  Results Complete: true
  NumTestProcesses: 8
  CPU_INTEGER_MATH: 34553.262333333339
  CPU_FLOATINGPOINT_MATH: 24664.735414168033
  CPU_PRIME: 70.845722817750755
  CPU_SORTING: 17906.462885772293
  CPU_ENCRYPTION: 7638.2116859422658
  CPU_COMPRESSION: 131964.95486867757
  CPU_SINGLETHREAD: 2672.3496789376291
  CPU_PHYSICS: 1657.6516632110265
  CPU_MATRIX_MULT_SSE: 10215.07945179431
  CPU_mm: 956.89930154235435
  CPU_sse: 4252.4438730575121
  CPU_fma: 11601.473233794175
  CPU_avx: 8754.1470892500765
  CPU_avx512: 16252.253611075474
  m_CPU_enc_SHA: 8127065382.8093681
  m_CPU_enc_AES: 10483195844.575754
  m_CPU_enc_ECDSA: 5417475143.0106688
  ME_ALLOC_S: 4891.5026331996078
  ME_READ_S: 23631.8837890625
  ME_READ_L: 8075.96728515625
  ME_WRITE: 8001.48486328125
  ME_LARGE: 54131.833333333336
  ME_LATENCY: 58.989519489267593
  ME_THREADED: 56559.34716796875
  SUMM_CPU: 13039.394401044843
  SUMM_ME: 2194.6388983875436
SystemInformation:
  OSName: Ubuntu 24.04.1 LTS
  Kernel: 6.8.0-1015-gcp
  Device: ""
  Processor: INTEL XEON PLATINUM 8581C CPU @ 2.10GHz
  NumSockets: 1
  Manufacturer: GenuineIntel
  NumCores: 4
  NumLogicals: 8
  CPUFrequency: 0
  Memory: 64300
  MemModuleInfo:
    iNumMemSticks: 4
    DIMM 1:
      manufacturer: ""
      modulePartNo: ""
      memType: RAM
      size: 16
      clkspeed: 0
      moduleVoltage: 0
    DIMM 2:
      manufacturer: ""
      modulePartNo: ""
      memType: RAM
      size: 16
      clkspeed: 0
      moduleVoltage: 0
    DIMM 3:
      manufacturer: ""
      modulePartNo: ""
      memType: RAM
      size: 16
      clkspeed: 0
      moduleVoltage: 0
    DIMM 4:
      manufacturer: ""
      modulePartNo: ""
      memType: RAM
      size: 16
      clkspeed: 0
      moduleVoltage: 0
Checksum: 5A7D44D1BA1F152828EE7717508BEEEBE027F8E8