BaselineInfo:
  WebDBID: -1
  TimeStamp: 20250422155834
Version:
  Major: 11
  Minor: 0
  Build: 1002
  SpecialBuildName: ""
  ptArchitecture: aarch64_linux
Results:
  Results Complete: true
  NumTestProcesses: 96
  CPU_INTEGER_MATH: 501406.85166666668
  CPU_FLOATINGPOINT_MATH: 582718.68811105867
  CPU_PRIME: 791.70633646191754
  CPU_SORTING: 418215.25148840831
  CPU_ENCRYPTION: 18182.63892793436
  CPU_COMPRESSION: 638079.90575611882
  CPU_SINGLETHREAD: 1947.9368107944879
  CPU_PHYSICS: 18223.766825792736
  CPU_MATRIX_MULT_SSE: 80690.215242738224
  CPU_mm: 10954.620257831668
  CPU_sse: 63546.802275735288
  CPU_fma: 97833.628209741117
  CPU_avx: 0
  CPU_avx512: 0
  m_CPU_enc_SHA: 28613934341.267933
  m_CPU_enc_AES: 10321600207.498276
  m_CPU_enc_ECDSA: 18262101840.72691
  ME_ALLOC_S: 47389.794166563384
  ME_READ_S: 21241.574414062499
  ME_READ_L: 19981.74609375
  ME_WRITE: 21337.732421875
  ME_LARGE: 179208.5
  ME_LATENCY: 45.924273482765614
  ME_THREADED: 505955.333984375
  SUMM_CPU: 56762.027046773786
  SUMM_ME: 3419.1506658885937
SystemInformation:
  OSName: Ubuntu 24.04.2 LTS
  Kernel: 6.8.0-1027-aws
  Device: ""
  Processor: ARM Neoverse-V2 96 Core 0 MHz
  NumSockets: 1
  Manufacturer: ARM
  NumCores: 96
  NumLogicals: 96
  CPUFrequency: 0
  Memory: 192813
Checksum: 6B23E8B9122E34B0D3048189B0FB7BFA4A25D7C9