---
system-info:
      stress-ng-version: 0.17.08
      run-by: root
      date-yyyy-mm-dd: 2024:09:24
      time-hh-mm-ss: 08:33:53
      epoch-secs: 1727166833
      hostname: sc-runner
      sysname: Linux
      nodename: sc-runner
      release: 6.8.0-1014-azure
      version: '#16-Ubuntu SMP Thu Aug 15 21:06:50 UTC 2024'
      machine: aarch64
      compiler: 'musl-gcc 13.2.1'
      uptime: 356
      totalram: 219079405568
      freeram: 207290101760
      sharedram: 38375424
      bufferram: 334983168
      totalswap: 0
      freeswap: 0
      pagesize: 4096
      cpus: 64
      cpus-online: 64
      ticks-per-second: 100

metrics:
    - stressor: cpu
      bogo-ops: 36453
      bogo-ops-per-second-usr-sys-time: 1822.645990
      bogo-ops-per-second-real-time: 1822.642330
      wall-clock-time: 20.000084
      user-time: 19.998045
      system-time: 0.001999
      cpu-usage-per-instance: 99.999799
      max-rss: 512

...
