"size","threads","connections","rps","latency","failed","server_usr","server_sys","client_usr","client_sys"
"1k",2,2,26073,0.000085630,0,3.44,7.15,1.32,7.68
"1k",2,4,25028,0.000244020,0,2.66,7.19,1.03,7.77
"1k",2,8,34763,0.000297410,0,2.90,7.34,1.16,8.05
"1k",2,16,39089,0.000522050,0,2.87,7.20,1.11,8.13
"1k",2,32,38953,0.000960000,0,2.74,7.27,1.21,8.12
"1k",2,64,42011,0.001400000,0,2.59,7.61,1.15,8.16
"1k",4,4,26994,0.000178660,0,3.10,7.12,1.32,8.18
"1k",4,8,26665,0.000336910,0,2.89,7.12,1.29,8.40
"1k",4,16,29179,0.000593380,0,2.62,7.33,1.21,8.52
"1k",4,32,32861,0.001040000,0,2.59,7.36,1.28,8.39
"1k",4,64,33434,0.001890000,0,2.49,7.57,1.14,8.38
"1k",8,8,26054,0.000342160,0,2.72,7.04,1.23,8.70
"1k",8,16,27490,0.000659940,0,2.42,7.11,1.33,8.73
"1k",8,32,29821,0.001140000,0,2.51,7.15,1.25,8.67
"1k",8,64,30970,0.002080000,0,2.57,7.25,1.27,8.56
"16k",2,2,21405,0.000106770,0,3.30,6.79,1.36,8.21
"16k",2,4,23670,0.000226190,0,2.71,7.08,1.11,8.16
"16k",2,8,27645,0.000434640,0,2.75,7.07,1.18,8.23
"16k",2,16,30863,0.000591900,0,2.70,7.12,1.19,8.37
"16k",2,32,28622,0.001140000,0,2.69,7.10,1.18,8.35
"16k",2,64,27882,0.001990000,0,2.63,7.37,1.06,8.54
"16k",4,4,21004,0.000205310,0,2.99,6.91,1.32,8.49
"16k",4,8,23523,0.000352890,0,2.72,6.95,1.25,8.65
"16k",4,16,27638,0.000594180,0,2.68,6.90,1.32,8.67
"16k",4,32,28302,0.001170000,0,2.63,6.99,1.29,8.69
"16k",4,64,25850,0.002410000,0,2.69,7.14,1.09,8.66
"16k",8,8,24463,0.000349670,0,2.80,6.59,1.46,8.91
"16k",8,16,22219,0.000786180,0,2.46,6.86,1.33,8.93
"16k",8,32,23868,0.001370000,0,2.43,6.95,1.22,9.01
"16k",8,64,26334,0.002440000,0,2.63,6.87,1.26,8.82
"64k",2,2,12814,0.000161370,0,2.71,7.20,1.28,8.63
"64k",2,4,12378,0.000358320,0,2.32,7.12,1.10,8.68
"64k",2,8,14810,0.000565050,0,2.34,6.86,1.20,8.80
"64k",2,16,16123,0.000940000,0,2.30,6.86,1.19,8.98
"64k",2,32,15067,0.001860000,0,2.38,6.96,1.10,8.98
"64k",2,64,15493,0.003330000,0,2.68,6.88,1.05,9.06
"64k",4,4,13625,0.000306850,0,2.38,7.01,1.34,8.90
"64k",4,8,11080,0.000757880,0,1.91,7.60,1.18,8.86
"64k",4,16,13876,0.001240000,0,2.06,7.38,1.09,9.07
"64k",4,32,14147,0.002170000,0,2.21,7.30,1.08,9.02
"64k",4,64,13726,0.004430000,0,2.44,7.31,1.01,8.98
"64k",8,8,11836,0.000708400,0,1.96,7.38,1.27,9.16
"64k",8,16,14517,0.001140000,0,2.01,6.91,1.28,9.41
"64k",8,32,12452,0.002570000,0,2.13,7.22,1.29,8.99
"64k",8,64,14167,0.004440000,0,2.50,6.85,1.21,9.12
"256k",2,2,5890,0.000344720,0,2.09,6.78,1.32,9.47
"256k",2,4,5837,0.000662830,0,2.05,7.31,1.22,8.92
"256k",2,8,5118,0.001450000,0,2.05,7.98,1.07,8.44
"256k",2,16,5331,0.002650000,0,2.16,7.92,1.07,8.48
"256k",2,32,4942,0.005700000,0,2.68,7.22,1.04,8.50
"256k",4,4,5180,0.000777440,0,1.74,7.66,1.26,9.04
"256k",4,8,5350,0.001480000,0,1.73,7.77,1.14,8.95
"256k",4,16,5072,0.003030000,0,1.91,8.16,1.06,8.59
"256k",4,32,5189,0.005920000,0,2.33,7.88,1.08,8.38
"256k",8,8,4940,0.001640000,0,1.67,7.93,1.18,8.85
"256k",8,16,4984,0.003230000,0,2.06,7.60,1.21,8.78
"256k",8,32,5621,0.005640000,0,2.32,7.49,1.23,8.65
"512k",2,2,3010,0.000667150,0,1.33,8.22,1.28,8.86
"512k",2,4,3448,0.001070000,0,1.78,7.10,1.32,9.29
"512k",2,8,3562,0.001990000,0,2.22,7.13,1.20,9.04
"512k",2,16,2990,0.004650000,0,2.38,7.88,1.09,8.19
"512k",2,32,3013,0.008620000,0,2.48,7.46,1.06,8.68
"512k",4,4,3041,0.001340000,0,1.40,8.14,1.20,8.90
"512k",4,8,3346,0.002390000,0,2.12,7.43,1.18,8.95
"512k",4,16,2949,0.005210000,0,2.41,7.80,1.04,8.51
"512k",4,32,2984,0.010540000,0,2.71,7.46,0.95,8.61
"512k",8,8,3141,0.002570000,0,2.12,7.07,1.37,9.11
"512k",8,16,2829,0.005630000,0,2.23,7.73,1.06,8.66
"512k",8,32,3107,0.010160000,0,2.56,7.46,0.95,8.78
