BaselineInfo:
  WebDBID: -1
  TimeStamp: 20260620104844
Version:
  Major: 11
  Minor: 0
  Build: 1004
  SpecialBuildName: ""
  ptArchitecture: x86_64_linux
Results:
  Results Complete: true
  NumTestProcesses: 32
  CPU_INTEGER_MATH: 240671.18500000003
  CPU_FLOATINGPOINT_MATH: 240414.2872775241
  CPU_PRIME: 789.71955864735173
  CPU_SORTING: 131354.51924383314
  CPU_ENCRYPTION: 49496.714094040581
  CPU_COMPRESSION: 961867.57333213126
  CPU_SINGLETHREAD: 3822.965193984443
  CPU_PHYSICS: 11096.358496521128
  CPU_MATRIX_MULT_SSE: 85634.993505623104
  CPU_mm: 10111.953271382994
  CPU_sse: 31162.366997719222
  CPU_fma: 116559.45009766896
  CPU_avx: 63901.953427537264
  CPU_avx512: 130916.20349956708
  m_CPU_enc_SHA: 69608216670.031677
  m_CPU_enc_AES: 43576892541.436043
  m_CPU_enc_ECDSA: 42518090222.150391
  ME_ALLOC_S: 37486.269332246869
  ME_READ_S: 33949.492968749997
  ME_READ_L: 30565.330078125
  ME_WRITE: 30608.044921875
  ME_LARGE: 55088.5
  ME_LATENCY: 79.21430144744113
  ME_THREADED: 234418.044921875
  SUMM_CPU: 76778.51448596202
  SUMM_ME: 2910.241299256541
SystemInformation:
  OSName: Ubuntu 24.04.4 LTS
  Kernel: 6.17.0-1018-azure
  Device: ""
  Processor: "AMD EPYC 9V45 96-Core Processor                "
  NumSockets: 1
  Manufacturer: AuthenticAMD
  NumCores: 32
  NumLogicals: 32
  CPUFrequency: 0
  CPUMaxFrequency: 0
  Memory: 64292
  CPUInfo:
    number: 1
    Family: 15
    Model: 2
    stepping: 1
    features: 395049983
    manufacture: AuthenticAMD
    typestring: "AMD EPYC 9V45 96-Core Processor                "
    iCoresPerPackage: 32
    iThreadsPerPackage: 1
    featuresEx:
      - 395049983
      - 4277809667
      - 802421759
    bHybrid: false
    nPCore: 0
    nLogicalsPerPCore: 0
    nECore: 0
    nLogicalsPerECore: 0
  MemModuleInfo:
    iNumMemSticks: 3
    DIMM 1:
      manufacturer: Microsoft Corporation
      modulePartNo: None
      memType: Unknown
      size: 1
      clkspeed: 0
      moduleVoltage: 0
    DIMM 2:
      manufacturer: Microsoft Corporation
      modulePartNo: None
      memType: Unknown
      size: 59
      clkspeed: 0
      moduleVoltage: 0
    DIMM 3:
      manufacturer: Microsoft Corporation
      modulePartNo: None
      memType: Unknown
      size: 4
      clkspeed: 0
      moduleVoltage: 0
Checksum: 56920C0519C2C1FC11B43F4360D07E4EC0C8DB8F