BaselineInfo:
  WebDBID: -1
  TimeStamp: 20250228134222
Version:
  Major: 11
  Minor: 0
  Build: 1002
  SpecialBuildName: ""
  ptArchitecture: x86_64_linux
Results:
  Results Complete: true
  NumTestProcesses: 4
  CPU_INTEGER_MATH: 19007.812333333331
  CPU_FLOATINGPOINT_MATH: 13930.010548181377
  CPU_PRIME: 66.392602686828099
  CPU_SORTING: 11364.450666425433
  CPU_ENCRYPTION: 4648.9952755999939
  CPU_COMPRESSION: 84152.800263578465
  CPU_SINGLETHREAD: 2113.0059782025928
  CPU_PHYSICS: 1115.656629618238
  CPU_MATRIX_MULT_SSE: 7060.1467911854534
  CPU_mm: 812.51072463951471
  CPU_sse: 3200.4367978839578
  CPU_fma: 10529.532951301328
  CPU_avx: 7450.4706243710743
  CPU_avx512: 0
  m_CPU_enc_SHA: 6548808507.2865639
  m_CPU_enc_AES: 4223177224.066678
  m_CPU_enc_ECDSA: 3852488878.9693747
  ME_ALLOC_S: 2167.9311668476903
  ME_READ_S: 25295.233984375001
  ME_READ_L: 7455.10400390625
  ME_WRITE: 7556.68603515625
  ME_LARGE: 12901.083333333334
  ME_LATENCY: 155.3115437868361
  ME_THREADED: 27340.46826171875
  SUMM_CPU: 8197.872103516811
  SUMM_ME: 1246.9672883173566
SystemInformation:
  OSName: Ubuntu 24.04.1 LTS
  Kernel: 6.8.0-31-generic
  Device: ""
  Processor: AMD EPYC 7542 32-Core Processor
  NumSockets: 1
  Manufacturer: AuthenticAMD
  NumCores: 4
  NumLogicals: 4
  CPUFrequency: 0
  Memory: 23986
  MemModuleInfo:
    iNumMemSticks: 2
    DIMM 1:
      manufacturer: QEMU
      modulePartNo: Not Specified
      memType: RAM
      size: 16
      clkspeed: 0
      moduleVoltage: 0
    DIMM 2:
      manufacturer: QEMU
      modulePartNo: Not Specified
      memType: RAM
      size: 8
      clkspeed: 0
      moduleVoltage: 0
Checksum: 9364C4A2CB6187F8C95BE161D3EC584DE60ED700