---
system-info:
      stress-ng-version: 0.17.08
      run-by: root
      date-yyyy-mm-dd: 2024:06:09
      time-hh-mm-ss: 13:41:51
      epoch-secs: 1717940511
      hostname: a57cef9f7895
      sysname: Linux
      nodename: a57cef9f7895
      release: 6.8.0-1008-aws
      version: '#8-Ubuntu SMP Sat Apr 20 00:46:25 UTC 2024'
      machine: x86_64
      compiler: 'musl-gcc 13.2.1'
      uptime: 152
      totalram: 133976682496
      freeram: 129379663872
      sharedram: 11767808
      bufferram: 108077056
      totalswap: 0
      freeswap: 0
      pagesize: 4096
      cpus: 16
      cpus-online: 16
      ticks-per-second: 100

metrics:
    - stressor: cpu
      bogo-ops: 121360
      bogo-ops-per-second-usr-sys-time: 759.927781
      bogo-ops-per-second-real-time: 12132.463303
      wall-clock-time: 10.002915
      user-time: 159.650414
      system-time: 0.048972
      cpu-usage-per-instance: 99.783029
      max-rss: 3792

...
