---
system-info:
      stress-ng-version: 0.17.08
      run-by: root
      date-yyyy-mm-dd: 2024:06:15
      time-hh-mm-ss: 15:56:37
      epoch-secs: 1718466997
      hostname: 3fae93e79698
      sysname: Linux
      nodename: 3fae93e79698
      release: 6.8.0-1008-aws
      version: '#8-Ubuntu SMP Sat Apr 20 00:46:25 UTC 2024'
      machine: x86_64
      compiler: 'musl-gcc 13.2.1'
      uptime: 160
      totalram: 133976682496
      freeram: 129514283008
      sharedram: 11767808
      bufferram: 108457984
      totalswap: 0
      freeswap: 0
      pagesize: 4096
      cpus: 16
      cpus-online: 16
      ticks-per-second: 100

metrics:
    - stressor: cpu
      bogo-ops: 94433
      bogo-ops-per-second-usr-sys-time: 295.724885
      bogo-ops-per-second-real-time: 4721.590953
      wall-clock-time: 20.000250
      user-time: 319.261220
      system-time: 0.065982
      cpu-usage-per-instance: 99.788503
      max-rss: 1160

...
