---
system-info:
      stress-ng-version: 0.17.08
      run-by: root
      date-yyyy-mm-dd: 2024:09:06
      time-hh-mm-ss: 04:30:16
      epoch-secs: 1725597016
      hostname: sc-runner
      sysname: Linux
      nodename: sc-runner
      release: 6.8.0-1013-azure
      version: '#15-Ubuntu SMP Thu Aug  8 18:40:40 UTC 2024'
      machine: x86_64
      compiler: 'musl-gcc 13.2.1'
      uptime: 337
      totalram: 67419578368
      freeram: 58559021056
      sharedram: 54960128
      bufferram: 241201152
      totalswap: 0
      freeswap: 0
      pagesize: 4096
      cpus: 16
      cpus-online: 16
      ticks-per-second: 100

metrics:
    - stressor: cpu
      bogo-ops: 37987
      bogo-ops-per-second-usr-sys-time: 1899.319516
      bogo-ops-per-second-real-time: 1899.343162
      wall-clock-time: 20.000072
      user-time: 20.000321
      system-time: 0.000000
      cpu-usage-per-instance: 100.001245
      max-rss: 3024

...
