---
system-info:
      stress-ng-version: 0.17.08
      run-by: root
      date-yyyy-mm-dd: 2024:09:16
      time-hh-mm-ss: 19:49:29
      epoch-secs: 1726516169
      hostname: sc-runner
      sysname: Linux
      nodename: sc-runner
      release: 6.8.0-1014-azure
      version: '#16-Ubuntu SMP Thu Aug 15 20:04:41 UTC 2024'
      machine: x86_64
      compiler: 'musl-gcc 13.2.1'
      uptime: 312
      totalram: 67419570176
      freeram: 57014886400
      sharedram: 54960128
      bufferram: 252768256
      totalswap: 0
      freeswap: 0
      pagesize: 4096
      cpus: 16
      cpus-online: 16
      ticks-per-second: 100

metrics:
    - stressor: cpu
      bogo-ops: 37975
      bogo-ops-per-second-usr-sys-time: 1898.735759
      bogo-ops-per-second-real-time: 1898.739611
      wall-clock-time: 20.000109
      user-time: 19.999150
      system-time: 0.001000
      cpu-usage-per-instance: 100.000203
      max-rss: 3152

...
