---
system-info:
      stress-ng-version: 0.17.08
      run-by: root
      date-yyyy-mm-dd: 2024:06:12
      time-hh-mm-ss: 19:41:33
      epoch-secs: 1718221293
      hostname: bd8d7ceac26a
      sysname: Linux
      nodename: bd8d7ceac26a
      release: 6.8.0-1008-aws
      version: '#8-Ubuntu SMP Sat Apr 20 00:46:25 UTC 2024'
      machine: x86_64
      compiler: 'musl-gcc 13.2.1'
      uptime: 135
      totalram: 133602799616
      freeram: 128916246528
      sharedram: 20590592
      bufferram: 111263744
      totalswap: 0
      freeswap: 0
      pagesize: 4096
      cpus: 64
      cpus-online: 64
      ticks-per-second: 100

metrics:
    - stressor: cpu
      bogo-ops: 491084
      bogo-ops-per-second-usr-sys-time: 383.868519
      bogo-ops-per-second-real-time: 24553.986864
      wall-clock-time: 20.000174
      user-time: 1279.273635
      system-time: 0.028980
      cpu-usage-per-instance: 99.944649
      max-rss: 512

...
