---
system-info:
      stress-ng-version: 0.17.08
      run-by: root
      date-yyyy-mm-dd: 2024:06:12
      time-hh-mm-ss: 16:56:14
      epoch-secs: 1718211374
      hostname: 883648f1eab5
      sysname: Linux
      nodename: 883648f1eab5
      release: 6.8.0-1008-aws
      version: '#8-Ubuntu SMP Sat Apr 20 00:46:25 UTC 2024'
      machine: x86_64
      compiler: 'musl-gcc 13.2.1'
      uptime: 143
      totalram: 133602799616
      freeram: 128925679616
      sharedram: 20590592
      bufferram: 110878720
      totalswap: 0
      freeswap: 0
      pagesize: 4096
      cpus: 64
      cpus-online: 64
      ticks-per-second: 100

metrics:
    - stressor: cpu
      bogo-ops: 1007929
      bogo-ops-per-second-usr-sys-time: 787.842788
      bogo-ops-per-second-real-time: 50396.381137
      wall-clock-time: 20.000027
      user-time: 1279.305976
      system-time: 0.046980
      cpu-usage-per-instance: 99.949313
      max-rss: 512

...
