---
system-info:
      stress-ng-version: 0.17.08
      run-by: root
      date-yyyy-mm-dd: 2024:06:05
      time-hh-mm-ss: 17:39:21
      epoch-secs: 1717609161
      hostname: 13af3b9e166c
      sysname: Linux
      nodename: 13af3b9e166c
      release: 6.8.0-1008-aws
      version: '#8-Ubuntu SMP Sat Apr 20 00:46:25 UTC 2024'
      machine: x86_64
      compiler: 'musl-gcc 13.2.1'
      uptime: 139
      totalram: 133602799616
      freeram: 129181294592
      sharedram: 20590592
      bufferram: 78184448
      totalswap: 0
      freeswap: 0
      pagesize: 4096
      cpus: 64
      cpus-online: 64
      ticks-per-second: 100

metrics:
    - stressor: cpu
      bogo-ops: 700164
      bogo-ops-per-second-usr-sys-time: 1094.499572
      bogo-ops-per-second-real-time: 70001.710319
      wall-clock-time: 10.002098
      user-time: 639.619584
      system-time: 0.091950
      cpu-usage-per-instance: 99.933956
      max-rss: 3584

...
