---
system-info:
      stress-ng-version: 0.17.08
      run-by: root
      date-yyyy-mm-dd: 2024:07:02
      time-hh-mm-ss: 13:38:36
      epoch-secs: 1719927516
      hostname: c3d-standard-30-lssd-565ff71
      sysname: Linux
      nodename: c3d-standard-30-lssd-565ff71
      release: 6.8.0-1009-gcp
      version: '#10-Ubuntu SMP Wed Jun 12 18:52:23 UTC 2024'
      machine: x86_64
      compiler: 'musl-gcc 13.2.1'
      uptime: 137
      totalram: 126606843904
      freeram: 121371193344
      sharedram: 35078144
      bufferram: 128098304
      totalswap: 0
      freeswap: 0
      pagesize: 4096
      cpus: 30
      cpus-online: 30
      ticks-per-second: 100

metrics:
    - stressor: cpu
      bogo-ops: 57301
      bogo-ops-per-second-usr-sys-time: 2865.102861
      bogo-ops-per-second-real-time: 2865.035792
      wall-clock-time: 20.000099
      user-time: 19.998632
      system-time: 0.000999
      cpu-usage-per-instance: 99.997659
      max-rss: 972

...
