---
system-info:
      stress-ng-version: 0.17.08
      run-by: root
      date-yyyy-mm-dd: 2024:07:02
      time-hh-mm-ss: 19:24:36
      epoch-secs: 1719948276
      hostname: n2d-highcpu-96-8b68731
      sysname: Linux
      nodename: n2d-highcpu-96-8b68731
      release: 6.8.0-1009-gcp
      version: '#10-Ubuntu SMP Wed Jun 12 18:52:23 UTC 2024'
      machine: x86_64
      compiler: 'musl-gcc 13.2.1'
      uptime: 172
      totalram: 101311963136
      freeram: 95326031872
      sharedram: 69328896
      bufferram: 128180224
      totalswap: 0
      freeswap: 0
      pagesize: 4096
      cpus: 96
      cpus-online: 96
      ticks-per-second: 100

metrics:
    - stressor: cpu
      bogo-ops: 2590908
      bogo-ops-per-second-usr-sys-time: 1349.994768
      bogo-ops-per-second-real-time: 129544.942760
      wall-clock-time: 20.000071
      user-time: 1919.153583
      system-time: 0.044966
      cpu-usage-per-instance: 99.957905
      max-rss: 768

...
