---
system-info:
      stress-ng-version: 0.17.08
      run-by: root
      date-yyyy-mm-dd: 2024:09:03
      time-hh-mm-ss: 06:33:35
      epoch-secs: 1725345215
      hostname: sc-runner
      sysname: Linux
      nodename: sc-runner
      release: 6.8.0-1013-azure
      version: '#15-Ubuntu SMP Thu Aug  8 18:40:40 UTC 2024'
      machine: x86_64
      compiler: 'musl-gcc 13.2.1'
      uptime: 410
      totalram: 29425528832
      freeram: 20948840448
      sharedram: 42033152
      bufferram: 211427328
      totalswap: 0
      freeswap: 0
      pagesize: 4096
      cpus: 1
      cpus-online: 1
      ticks-per-second: 100

metrics:
    - stressor: cpu
      bogo-ops: 24468
      bogo-ops-per-second-usr-sys-time: 1246.687054
      bogo-ops-per-second-real-time: 1223.391220
      wall-clock-time: 20.000144
      user-time: 19.618495
      system-time: 0.007922
      cpu-usage-per-instance: 98.131381
      max-rss: 3128

...
