---
system-info:
      stress-ng-version: 0.17.08
      run-by: root
      date-yyyy-mm-dd: 2024:06:13
      time-hh-mm-ss: 10:56:26
      epoch-secs: 1718276186
      hostname: 5f71ad41f523
      sysname: Linux
      nodename: 5f71ad41f523
      release: 6.8.0-1008-aws
      version: '#8-Ubuntu SMP Sat Apr 20 00:46:25 UTC 2024'
      machine: x86_64
      compiler: 'musl-gcc 13.2.1'
      uptime: 151
      totalram: 267549736960
      freeram: 262338482176
      sharedram: 78520320
      bufferram: 107581440
      totalswap: 0
      freeswap: 0
      pagesize: 4096
      cpus: 64
      cpus-online: 64
      ticks-per-second: 100

metrics:
    - stressor: cpu
      bogo-ops: 26531
      bogo-ops-per-second-usr-sys-time: 1326.560878
      bogo-ops-per-second-real-time: 1326.548371
      wall-clock-time: 20.000025
      user-time: 19.999836
      system-time: 0.000000
      cpu-usage-per-instance: 99.999057
      max-rss: 512

...
