---
system-info:
      stress-ng-version: 0.17.08
      run-by: root
      date-yyyy-mm-dd: 2024:06:07
      time-hh-mm-ss: 19:24:00
      epoch-secs: 1717788240
      hostname: a805aaa39b4c
      sysname: Linux
      nodename: a805aaa39b4c
      release: 6.8.0-1008-aws
      version: '#8-Ubuntu SMP Sat Apr 20 00:46:25 UTC 2024'
      machine: x86_64
      compiler: 'musl-gcc 13.2.1'
      uptime: 154
      totalram: 267549712384
      freeram: 262362210304
      sharedram: 78520320
      bufferram: 94212096
      totalswap: 0
      freeswap: 0
      pagesize: 4096
      cpus: 64
      cpus-online: 64
      ticks-per-second: 100

metrics:
    - stressor: cpu
      bogo-ops: 13913
      bogo-ops-per-second-usr-sys-time: 1391.045300
      bogo-ops-per-second-real-time: 1391.013261
      wall-clock-time: 10.002061
      user-time: 10.000832
      system-time: 0.000999
      cpu-usage-per-instance: 99.997697
      max-rss: 3584

...
