BaselineInfo:
  WebDBID: -1
  TimeStamp: 20260404131309
Version:
  Major: 11
  Minor: 0
  Build: 1004
  SpecialBuildName: ""
  ptArchitecture: x86_64_linux
Results:
  Results Complete: true
  NumTestProcesses: 12
  CPU_INTEGER_MATH: 41666.846999999994
  CPU_FLOATINGPOINT_MATH: 22366.168416419878
  CPU_PRIME: 56.569910254988287
  CPU_SORTING: 24718.763021417588
  CPU_ENCRYPTION: 5685.7712941100417
  CPU_COMPRESSION: 188865.03355656762
  CPU_SINGLETHREAD: 2327.6075476303054
  CPU_PHYSICS: 1121.2260878314969
  CPU_MATRIX_MULT_SSE: 10921.829338888656
  CPU_mm: 1266.2133602958909
  CPU_sse: 4332.8572498011627
  CPU_fma: 13428.943032780737
  CPU_avx: 9496.1267159553099
  CPU_avx512: 16429.390357017412
  m_CPU_enc_SHA: 1798227429.7950931
  m_CPU_enc_AES: 14384251038.063761
  m_CPU_enc_ECDSA: 1703411493.6193399
  ME_ALLOC_S: 4433.701990978323
  ME_READ_S: 26685.212695312501
  ME_READ_L: 8686.177734375
  ME_WRITE: 8391.0869140625
  ME_LARGE: 33989.583333333336
  ME_LATENCY: 55.073835945623465
  ME_THREADED: 54478.6552734375
  SUMM_CPU: 13512.482752163693
  SUMM_ME: 2322.6637776594525
SystemInformation:
  OSName: Ubuntu 24.04.4 LTS
  Kernel: 6.8.0-106-generic
  Device: ""
  Processor: Intel(R) Xeon(R) Platinum 8369HB CPU @ 3.30GHz
  NumSockets: 1
  Manufacturer: GenuineIntel
  NumCores: 6
  NumLogicals: 12
  CPUFrequency: 0
  CPUMaxFrequency: 0
  Memory: 46999
  CPUInfo:
    number: 1
    Family: 6
    Model: 5
    stepping: 11
    features: 529267711
    manufacture: GenuineIntel
    typestring: Intel(R) Xeon(R) Platinum 8369HB CPU @ 3.30GHz
    iCoresPerPackage: 6
    iThreadsPerPackage: 2
    featuresEx:
      - 529267711
      - 4277809667
      - 739248128
    bHybrid: false
    nPCore: 0
    nLogicalsPerPCore: 0
    nECore: 0
    nLogicalsPerECore: 0
  MemModuleInfo:
    iNumMemSticks: 3
    DIMM 1:
      manufacturer: Alibaba Cloud
      modulePartNo: Not Specified
      memType: RAM
      size: 16
      clkspeed: 0
      moduleVoltage: 0
    DIMM 2:
      manufacturer: Alibaba Cloud
      modulePartNo: Not Specified
      memType: RAM
      size: 16
      clkspeed: 0
      moduleVoltage: 0
    DIMM 3:
      manufacturer: Alibaba Cloud
      modulePartNo: Not Specified
      memType: RAM
      size: 16
      clkspeed: 0
      moduleVoltage: 0
Checksum: 864A70BD7FF887A259DF5FBF2E81A3DAADDD6BA1