BaselineInfo:
  WebDBID: -1
  TimeStamp: 20241112120425
Version:
  Major: 11
  Minor: 0
  Build: 1002
  SpecialBuildName: ""
  ptArchitecture: x86_64_linux
Results:
  Results Complete: true
  NumTestProcesses: 128
  CPU_INTEGER_MATH: 528072.08500000031
  CPU_FLOATINGPOINT_MATH: 376010.6023164317
  CPU_PRIME: 850.44515011344026
  CPU_SORTING: 259900.98303949597
  CPU_ENCRYPTION: 116691.22596338546
  CPU_COMPRESSION: 1935836.7661850788
  CPU_SINGLETHREAD: 3157.3810176989186
  CPU_PHYSICS: 13439.906482912074
  CPU_MATRIX_MULT_SSE: 136137.22415356882
  CPU_mm: 14463.795112168636
  CPU_sse: 62611.478826706996
  CPU_fma: 157476.43225822339
  CPU_avx: 122913.80428794809
  CPU_avx512: 201547.18124139667
  m_CPU_enc_SHA: 123177881788.23975
  m_CPU_enc_AES: 159915909948.69495
  m_CPU_enc_ECDSA: 83985065130.41391
  ME_ALLOC_S: 34733.199227671263
  ME_READ_S: 28072.565039062501
  ME_READ_L: 10713.296875
  ME_WRITE: 9419.044921875
  ME_LARGE: 1017296.0833333334
  ME_LATENCY: 70.116653194878936
  ME_THREADED: 453629.14721679688
  SUMM_CPU: 106667.99894538989
  SUMM_ME: 2450.5752309159079
SystemInformation:
  OSName: Ubuntu 24.04.1 LTS
  Kernel: 6.8.0-1017-azure
  Device: ""
  Processor: Intel Xeon Platinum 8473C
  NumSockets: 2
  Manufacturer: GenuineIntel
  NumCores: 64
  NumLogicals: 128
  CPUFrequency: 2100
  Memory: 1032029
  MemModuleInfo:
    iNumMemSticks: 4
    DIMM 1:
      manufacturer: Microsoft Corporation
      modulePartNo: None
      memType: Unknown
      size: 1
      clkspeed: 0
      moduleVoltage: 0
    DIMM 2:
      manufacturer: Microsoft Corporation
      modulePartNo: None
      memType: Unknown
      size: 59
      clkspeed: 0
      moduleVoltage: 0
    DIMM 3:
      manufacturer: Microsoft Corporation
      modulePartNo: None
      memType: Unknown
      size: 452
      clkspeed: 0
      moduleVoltage: 0
    DIMM 4:
      manufacturer: Microsoft Corporation
      modulePartNo: None
      memType: Unknown
      size: 512
      clkspeed: 0
      moduleVoltage: 0
Checksum: A2255C2A987613966FF81386BF02D68D9031F773