BaselineInfo:
  WebDBID: -1
  TimeStamp: 20241107141623
Version:
  Major: 11
  Minor: 0
  Build: 1002
  SpecialBuildName: ""
  ptArchitecture: x86_64_linux
Results:
  Results Complete: true
  NumTestProcesses: 4
  CPU_INTEGER_MATH: 15872.026333333333
  CPU_FLOATINGPOINT_MATH: 11335.711204162759
  CPU_PRIME: 36.318119491996555
  CPU_SORTING: 8155.8163873128433
  CPU_ENCRYPTION: 3528.8420501964838
  CPU_COMPRESSION: 59981.30548278628
  CPU_SINGLETHREAD: 2473.6828772705271
  CPU_PHYSICS: 788.11108369857857
  CPU_MATRIX_MULT_SSE: 4091.2429007038736
  CPU_mm: 449.94806268883895
  CPU_sse: 1951.3222045148707
  CPU_fma: 4834.3215320358922
  CPU_avx: 3672.1863512464156
  CPU_avx512: 5907.1415150183147
  m_CPU_enc_SHA: 3715635089.5757294
  m_CPU_enc_AES: 4797489115.8782053
  m_CPU_enc_ECDSA: 2587653039.4265504
  ME_ALLOC_S: 2016.3988554052937
  ME_READ_S: 22399.656445312499
  ME_READ_L: 9424.634765625
  ME_WRITE: 8252.4638671875
  ME_LARGE: 5985.083333333333
  ME_LATENCY: 71.565726065365368
  ME_THREADED: 24616.99267578125
  SUMM_CPU: 6112.8900298118033
  SUMM_ME: 1751.7417732088293
SystemInformation:
  OSName: Ubuntu 24.04.1 LTS
  Kernel: 6.8.0-1015-gcp
  Device: ""
  Processor: Intel Xeon Platinum 8481C CPU @ 2.70GHz
  NumSockets: 1
  Manufacturer: GenuineIntel
  NumCores: 2
  NumLogicals: 4
  CPUFrequency: 0
  Memory: 15989
  MemModuleInfo:
    iNumMemSticks: 1
    DIMM 1:
      manufacturer: ""
      modulePartNo: ""
      memType: RAM
      size: 16
      clkspeed: 0
      moduleVoltage: 0
Checksum: F7F8DBD4D4A3CC0E18A3B0D020BD167B19C31915