---
system-info:
      stress-ng-version: 0.17.08
      run-by: root
      date-yyyy-mm-dd: 2024:06:15
      time-hh-mm-ss: 18:27:08
      epoch-secs: 1718476028
      hostname: 100a4c8028c7
      sysname: Linux
      nodename: 100a4c8028c7
      release: 6.8.0-1008-aws
      version: '#8-Ubuntu SMP Sat Apr 20 00:46:25 UTC 2024'
      machine: x86_64
      compiler: 'musl-gcc 13.2.1'
      uptime: 147
      totalram: 16379740160
      freeram: 12074749952
      sharedram: 7421952
      bufferram: 111300608
      totalswap: 0
      freeswap: 0
      pagesize: 4096
      cpus: 2
      cpus-online: 2
      ticks-per-second: 100

metrics:
    - stressor: cpu
      bogo-ops: 59788
      bogo-ops-per-second-usr-sys-time: 2989.909331
      bogo-ops-per-second-real-time: 2989.387848
      wall-clock-time: 20.000081
      user-time: 19.995595
      system-time: 0.000998
      cpu-usage-per-instance: 99.982559
      max-rss: 1104

...
