size_kb,operation,bandwidth_mb_s,latency_ns,latency_stddev_ns,latency_samples,threads,iterations,elapsed_s
16,read,834870.09,0,0,0,8,862067,0.129072
16,write,826110.49,0,0,0,8,806450,0.122025
16,copy,590083.43,0,0,0,8,624999,0.132396
16,latency,0,1.14,0.06,21,1,21,0.249533
64,read,822074.50,0,0,0,8,287356,0.174775
64,write,652956.84,0,0,0,8,217391,0.166467
64,copy,458430.20,0,0,0,8,235849,0.257235
64,latency,0,2.09,0.01,7,1,7,0.134009
512,read,791303.78,0,0,0,8,49115,0.248274
512,write,754217.73,0,0,0,8,18091,0.095946
512,copy,399766.73,0,0,0,8,17831,0.178414
512,latency,0,4.25,0.04,7,1,7,0.711555
1024,read,665921.55,0,0,0,8,21987,0.264139
1024,write,713652.70,0,0,0,8,18782,0.210545
1024,copy,335472.51,0,0,0,8,10504,0.250488
1024,latency,0,7.13,0.14,7,1,7,0.737864
2048,read,612963.57,0,0,0,8,9920,0.258939
2048,write,652865.20,0,0,0,8,11062,0.271100
2048,copy,307556.65,0,0,0,8,4454,0.231710
2048,latency,0,11.62,0.16,7,1,7,0.678206
8192,read,253550.78,0,0,0,8,1332,0.336217
8192,write,229090.61,0,0,0,8,1278,0.357029
8192,copy,79616.64,0,0,0,8,792,0.636651
8192,latency,0,15.26,0.21,7,1,7,0.712537
16384,read,88379.50,0,0,0,8,349,0.505457
16384,write,75991.58,0,0,0,8,545,0.917996
16384,copy,33506.48,0,0,0,8,320,1.222450
16384,latency,0,19.77,7.93,21,1,21,2.494307
32768,read,70737.73,0,0,0,8,287,1.038654
32768,write,54866.76,0,0,0,8,274,1.278442
32768,copy,24469.64,0,0,0,8,150,1.569291
32768,latency,0,94.88,8.51,21,1,21,4.955670
65536,read,68692.82,0,0,0,8,84,0.626092
65536,write,50796.37,0,0,0,8,122,1.229694
65536,copy,32199.91,0,0,0,8,73,1.160749
65536,latency,0,122.13,2.52,7,1,7,5.166828
131072,read,96120.72,0,0,0,8,70,0.745729
131072,write,50820.34,0,0,0,8,59,1.188815
131072,copy,30144.00,0,0,0,8,32,1.087049
131072,latency,0,129.23,3.85,7,1,7,11.033634
