---
system-info:
      stress-ng-version: 0.17.08
      run-by: root
      date-yyyy-mm-dd: 2024:08:17
      time-hh-mm-ss: 15:36:24
      epoch-secs: 1723908984
      hostname: ip-172-31-6-44
      sysname: Linux
      nodename: ip-172-31-6-44
      release: 6.8.0-1013-aws
      version: '#14-Ubuntu SMP Thu Jul 25 21:19:24 UTC 2024'
      machine: x86_64
      compiler: 'musl-gcc 13.2.1'
      uptime: 463
      totalram: 133269901312
      freeram: 125235539968
      sharedram: 37138432
      bufferram: 191205376
      totalswap: 0
      freeswap: 0
      pagesize: 4096
      cpus: 16
      cpus-online: 16
      ticks-per-second: 100

metrics:
    - stressor: cpu
      bogo-ops: 478159
      bogo-ops-per-second-usr-sys-time: 1495.532505
      bogo-ops-per-second-real-time: 23907.875863
      wall-clock-time: 20.000062
      user-time: 319.702928
      system-time: 0.021985
      cpu-usage-per-instance: 99.913725
      max-rss: 1104

...
