---
system-info:
      stress-ng-version: 0.17.08
      run-by: root
      date-yyyy-mm-dd: 2024:09:16
      time-hh-mm-ss: 08:41:10
      epoch-secs: 1726476070
      hostname: sc-runner
      sysname: Linux
      nodename: sc-runner
      release: 6.8.0-1014-azure
      version: '#16-Ubuntu SMP Thu Aug 15 21:06:50 UTC 2024'
      machine: aarch64
      compiler: 'musl-gcc 13.2.1'
      uptime: 326
      totalram: 67294597120
      freeram: 57236631552
      sharedram: 38125568
      bufferram: 224841728
      totalswap: 0
      freeswap: 0
      pagesize: 4096
      cpus: 8
      cpus-online: 8
      ticks-per-second: 100

metrics:
    - stressor: cpu
      bogo-ops: 36452
      bogo-ops-per-second-usr-sys-time: 1822.650123
      bogo-ops-per-second-real-time: 1822.595937
      wall-clock-time: 20.000045
      user-time: 19.998451
      system-time: 0.000999
      cpu-usage-per-instance: 99.997027
      max-rss: 1320

...
