BaselineInfo:
  WebDBID: -1
  TimeStamp: 20260204202735
Version:
  Major: 11
  Minor: 0
  Build: 1004
  SpecialBuildName: ""
  ptArchitecture: x86_64_linux
Results:
  Results Complete: true
  NumTestProcesses: 2
  CPU_INTEGER_MATH: 10275.877333333334
  CPU_FLOATINGPOINT_MATH: 7455.6552301589818
  CPU_PRIME: 22.054738163399414
  CPU_SORTING: 5383.4690460994352
  CPU_ENCRYPTION: 2241.705336557935
  CPU_COMPRESSION: 40843.49568034515
  CPU_SINGLETHREAD: 3252.6053065175006
  CPU_PHYSICS: 498.72176710495773
  CPU_MATRIX_MULT_SSE: 2731.6315874232587
  CPU_mm: 307.37164289448629
  CPU_sse: 1252.8771570841216
  CPU_fma: 3269.184120340637
  CPU_avx: 2658.4704855811592
  CPU_avx512: 3745.9945866871176
  m_CPU_enc_SHA: 2396295883.5885878
  m_CPU_enc_AES: 3120407979.5199647
  m_CPU_enc_ECDSA: 1535091381.8511674
  ME_ALLOC_S: 1629.1526326940534
  ME_READ_S: 28134.66015625
  ME_READ_L: 14391.7568359375
  ME_WRITE: 12014.0419921875
  ME_LARGE: 3759.4166666666665
  ME_LATENCY: 68.607957569282874
  ME_THREADED: 21438.19921875
  SUMM_CPU: 4078.7418649822398
  SUMM_ME: 1847.871005126945
SystemInformation:
  OSName: Ubuntu 24.04.3 LTS
  Kernel: 6.14.0-1018-aws
  Device: ""
  Processor: Intel(R) Xeon(R) 6975P-C
  NumSockets: 1
  Manufacturer: GenuineIntel
  NumCores: 1
  NumLogicals: 2
  CPUFrequency: 0
  CPUMaxFrequency: 0
  Memory: 15706
  CPUInfo:
    number: 1
    Family: 6
    Model: 13
    stepping: 1
    features: 529267711
    manufacture: GenuineIntel
    typestring: Intel(R) Xeon(R) 6975P-C
    iCoresPerPackage: 1
    iThreadsPerPackage: 2
    featuresEx:
      - 529267711
      - 4294619651
      - 739248128
    bHybrid: false
    nPCore: 0
    nLogicalsPerPCore: 0
    nECore: 0
    nLogicalsPerECore: 0
  MemModuleInfo:
    iNumMemSticks: 1
    DIMM 1:
      manufacturer: Not Specified
      modulePartNo: Not Specified
      memType: DDR5
      size: 16
      clkspeed: 3600
      moduleVoltage: 0
Checksum: BA0D4FD5E0239C2760F809E2D92B36982668545D