---
system-info:
      stress-ng-version: 0.17.08
      run-by: root
      date-yyyy-mm-dd: 2024:06:08
      time-hh-mm-ss: 13:23:46
      epoch-secs: 1717853026
      hostname: d54361b04177
      sysname: Linux
      nodename: d54361b04177
      release: 6.8.0-1008-aws
      version: '#8-Ubuntu SMP Sat Apr 20 00:46:25 UTC 2024'
      machine: x86_64
      compiler: 'musl-gcc 13.2.1'
      uptime: 136
      totalram: 66681200640
      freeram: 62155542528
      sharedram: 40865792
      bufferram: 101527552
      totalswap: 0
      freeswap: 0
      pagesize: 4096
      cpus: 16
      cpus-online: 16
      ticks-per-second: 100

metrics:
    - stressor: cpu
      bogo-ops: 160188
      bogo-ops-per-second-usr-sys-time: 1002.579162
      bogo-ops-per-second-real-time: 16015.091886
      wall-clock-time: 10.002315
      user-time: 159.740927
      system-time: 0.034985
      cpu-usage-per-instance: 99.836829
      max-rss: 3920

...
