---
system-info:
      stress-ng-version: 0.17.08
      run-by: root
      date-yyyy-mm-dd: 2024:06:14
      time-hh-mm-ss: 19:29:04
      epoch-secs: 1718393344
      hostname: 4a89510d5927
      sysname: Linux
      nodename: 4a89510d5927
      release: 6.8.0-1008-aws
      version: '#8-Ubuntu SMP Sat Apr 20 00:46:25 UTC 2024'
      machine: x86_64
      compiler: 'musl-gcc 13.2.1'
      uptime: 145
      totalram: 66681208832
      freeram: 62154547200
      sharedram: 40865792
      bufferram: 108683264
      totalswap: 0
      freeswap: 0
      pagesize: 4096
      cpus: 16
      cpus-online: 16
      ticks-per-second: 100

metrics:
    - stressor: cpu
      bogo-ops: 270174
      bogo-ops-per-second-usr-sys-time: 845.413185
      bogo-ops-per-second-real-time: 13508.639753
      wall-clock-time: 20.000089
      user-time: 319.465298
      system-time: 0.110981
      cpu-usage-per-instance: 99.867142
      max-rss: 1104

...
