BaselineInfo:
  WebDBID: -1
  TimeStamp: 20250527034727
Version:
  Major: 11
  Minor: 0
  Build: 1002
  SpecialBuildName: ""
  ptArchitecture: x86_64_linux
Results:
  Results Complete: true
  NumTestProcesses: 8
  CPU_INTEGER_MATH: 42527.035666666663
  CPU_FLOATINGPOINT_MATH: 30149.389163124579
  CPU_PRIME: 84.266902571960216
  CPU_SORTING: 21430.786228647117
  CPU_ENCRYPTION: 9433.8223153829422
  CPU_COMPRESSION: 156313.21810935831
  CPU_SINGLETHREAD: 3246.0631395669375
  CPU_PHYSICS: 2007.7406923778428
  CPU_MATRIX_MULT_SSE: 12278.374512715473
  CPU_mm: 1202.7569398084497
  CPU_sse: 5200.9696657521872
  CPU_fma: 13673.346873712486
  CPU_avx: 10541.620736788873
  CPU_avx512: 19697.560774608344
  m_CPU_enc_SHA: 9907089207.0227947
  m_CPU_enc_AES: 12901465705.128498
  m_CPU_enc_ECDSA: 6867684092.3736553
  ME_ALLOC_S: 6030.9043484509357
  ME_READ_S: 29050.733984375001
  ME_READ_L: 10322.931640625
  ME_WRITE: 9335.2099609375
  ME_LARGE: 666245.33333333337
  ME_LATENCY: 57.492767731797578
  ME_THREADED: 90728.88623046875
  SUMM_CPU: 15780.905254079469
  SUMM_ME: 2563.7703795728089
SystemInformation:
  OSName: Ubuntu 24.04.2 LTS
  Kernel: 6.11.0-1015-azure
  Device: ""
  Processor: INTEL XEON PLATINUM 8573C
  NumSockets: 2
  Manufacturer: GenuineIntel
  NumCores: 4
  NumLogicals: 8
  CPUFrequency: 2300
  Memory: 677264
  MemModuleInfo:
    iNumMemSticks: 4
    DIMM 1:
      manufacturer: Microsoft Corporation
      modulePartNo: None
      memType: Unknown
      size: 1
      clkspeed: 0
      moduleVoltage: 0
    DIMM 2:
      manufacturer: Microsoft Corporation
      modulePartNo: None
      memType: Unknown
      size: 59
      clkspeed: 0
      moduleVoltage: 0
    DIMM 3:
      manufacturer: Microsoft Corporation
      modulePartNo: None
      memType: Unknown
      size: 276
      clkspeed: 0
      moduleVoltage: 0
    DIMM 4:
      manufacturer: Microsoft Corporation
      modulePartNo: None
      memType: Unknown
      size: 336
      clkspeed: 0
      moduleVoltage: 0
Checksum: D4F38A85BBBFF4DA59E67FFC7F27E850C540CE8D