BaselineInfo:
  WebDBID: -1
  TimeStamp: 20260404211244
Version:
  Major: 11
  Minor: 0
  Build: 1004
  SpecialBuildName: ""
  ptArchitecture: x86_64_linux
Results:
  Results Complete: true
  NumTestProcesses: 24
  CPU_INTEGER_MATH: 59268.954000000012
  CPU_FLOATINGPOINT_MATH: 31787.129768143037
  CPU_PRIME: 89.61403609460595
  CPU_SORTING: 35481.916825950371
  CPU_ENCRYPTION: 8202.7802521094945
  CPU_COMPRESSION: 269373.16426380997
  CPU_SINGLETHREAD: 1665.7165028390516
  CPU_PHYSICS: 1757.5411190206562
  CPU_MATRIX_MULT_SSE: 18673.304558353029
  CPU_mm: 1802.8285620552665
  CPU_sse: 6451.4501024860911
  CPU_fma: 22018.035309607159
  CPU_avx: 15556.143794461985
  CPU_avx512: 30667.589026856891
  m_CPU_enc_SHA: 2678143053.6147838
  m_CPU_enc_AES: 20701493310.32962
  m_CPU_enc_ECDSA: 2424079152.9634881
  ME_ALLOC_S: 6500.563033407916
  ME_READ_S: 19328.278710937499
  ME_READ_L: 6512.671875
  ME_WRITE: 6727.9541015625
  ME_LARGE: 11414.25
  ME_LATENCY: 74.643522982861199
  ME_THREADED: 94640.354248046875
  SUMM_CPU: 18361.575194710549
  SUMM_ME: 1763.1465829862573
SystemInformation:
  OSName: Ubuntu 24.04.4 LTS
  Kernel: 6.8.0-106-generic
  Device: ""
  Processor: Intel(R) Xeon(R) Platinum 8269CY CPU @ 2.50GHz
  NumSockets: 1
  Manufacturer: GenuineIntel
  NumCores: 12
  NumLogicals: 24
  CPUFrequency: 0
  CPUMaxFrequency: 0
  Memory: 23642
  CPUInfo:
    number: 1
    Family: 6
    Model: 5
    stepping: 7
    features: 529267711
    manufacture: GenuineIntel
    typestring: Intel(R) Xeon(R) Platinum 8269CY CPU @ 2.50GHz
    iCoresPerPackage: 12
    iThreadsPerPackage: 2
    featuresEx:
      - 529267711
      - 4277809667
      - 739248128
    bHybrid: false
    nPCore: 0
    nLogicalsPerPCore: 0
    nECore: 0
    nLogicalsPerECore: 0
  MemModuleInfo:
    iNumMemSticks: 2
    DIMM 1:
      manufacturer: Alibaba Cloud
      modulePartNo: Not Specified
      memType: RAM
      size: 16
      clkspeed: 0
      moduleVoltage: 0
    DIMM 2:
      manufacturer: Alibaba Cloud
      modulePartNo: Not Specified
      memType: RAM
      size: 8
      clkspeed: 0
      moduleVoltage: 0
Checksum: 739CE0EE17F84850F2A9C1F5E37F6FE5E70FD484