---
system-info:
      stress-ng-version: 0.17.08
      run-by: root
      date-yyyy-mm-dd: 2024:06:14
      time-hh-mm-ss: 10:55:52
      epoch-secs: 1718362552
      hostname: ca15b8ac7b62
      sysname: Linux
      nodename: ca15b8ac7b62
      release: 6.8.0-1008-aws
      version: '#8-Ubuntu SMP Sat Apr 20 00:46:25 UTC 2024'
      machine: x86_64
      compiler: 'musl-gcc 13.2.1'
      uptime: 150
      totalram: 99611557888
      freeram: 94955528192
      sharedram: 113938432
      bufferram: 106758144
      totalswap: 0
      freeswap: 0
      pagesize: 4096
      cpus: 48
      cpus-online: 48
      ticks-per-second: 100

metrics:
    - stressor: cpu
      bogo-ops: 908608
      bogo-ops-per-second-usr-sys-time: 946.811098
      bogo-ops-per-second-real-time: 45430.241196
      wall-clock-time: 20.000070
      user-time: 959.622788
      system-time: 0.027983
      cpu-usage-per-instance: 99.963273
      max-rss: 1152

...
