---
system-info:
      stress-ng-version: 0.17.08
      run-by: root
      date-yyyy-mm-dd: 2024:06:06
      time-hh-mm-ss: 17:21:32
      epoch-secs: 1717694492
      hostname: f45850617b04
      sysname: Linux
      nodename: f45850617b04
      release: 6.8.0-1008-aws
      version: '#8-Ubuntu SMP Sat Apr 20 00:46:25 UTC 2024'
      machine: x86_64
      compiler: 'musl-gcc 13.2.1'
      uptime: 138
      totalram: 99611549696
      freeram: 95106097152
      sharedram: 113938432
      bufferram: 85417984
      totalswap: 0
      freeswap: 0
      pagesize: 4096
      cpus: 48
      cpus-online: 48
      ticks-per-second: 100

metrics:
    - stressor: cpu
      bogo-ops: 678566
      bogo-ops-per-second-usr-sys-time: 1414.310904
      bogo-ops-per-second-real-time: 67846.175446
      wall-clock-time: 10.001536
      user-time: 479.734615
      system-time: 0.050981
      cpu-usage-per-instance: 99.939977
      max-rss: 3840

...
