---
system-info:
      stress-ng-version: 0.17.08
      run-by: root
      date-yyyy-mm-dd: 2024:06:07
      time-hh-mm-ss: 23:40:27
      epoch-secs: 1717803627
      hostname: bfa6aa80e04c
      sysname: Linux
      nodename: bfa6aa80e04c
      release: 6.8.0-1008-aws
      version: '#8-Ubuntu SMP Sat Apr 20 00:46:25 UTC 2024'
      machine: x86_64
      compiler: 'musl-gcc 13.2.1'
      uptime: 102
      totalram: 66330984448
      freeram: 61938528256
      sharedram: 59977728
      bufferram: 94711808
      totalswap: 0
      freeswap: 0
      pagesize: 4096
      cpus: 16
      cpus-online: 16
      ticks-per-second: 100

metrics:
    - stressor: cpu
      bogo-ops: 191255
      bogo-ops-per-second-usr-sys-time: 1197.200781
      bogo-ops-per-second-real-time: 19120.250432
      wall-clock-time: 10.002746
      user-time: 159.731827
      system-time: 0.019990
      cpu-usage-per-instance: 99.817480
      max-rss: 3920

...
