---
system-info:
      stress-ng-version: 0.17.08
      run-by: root
      date-yyyy-mm-dd: 2024:06:13
      time-hh-mm-ss: 14:40:34
      epoch-secs: 1718289634
      hostname: 85cc1e394b1b
      sysname: Linux
      nodename: 85cc1e394b1b
      release: 6.8.0-1008-aws
      version: '#8-Ubuntu SMP Sat Apr 20 00:46:25 UTC 2024'
      machine: x86_64
      compiler: 'musl-gcc 13.2.1'
      uptime: 114
      totalram: 66330976256
      freeram: 61875101696
      sharedram: 59977728
      bufferram: 105705472
      totalswap: 0
      freeswap: 0
      pagesize: 4096
      cpus: 16
      cpus-online: 16
      ticks-per-second: 100

metrics:
    - stressor: cpu
      bogo-ops: 308884
      bogo-ops-per-second-usr-sys-time: 966.187915
      bogo-ops-per-second-real-time: 15444.125689
      wall-clock-time: 20.000096
      user-time: 319.671515
      system-time: 0.021989
      cpu-usage-per-instance: 99.903739
      max-rss: 976

...
