BaselineInfo:
  WebDBID: -1
  TimeStamp: 20260618140155
Version:
  Major: 11
  Minor: 0
  Build: 1004
  SpecialBuildName: ""
  ptArchitecture: x86_64_linux
Results:
  Results Complete: true
  NumTestProcesses: 4
  CPU_INTEGER_MATH: 13336.119333333332
  CPU_FLOATINGPOINT_MATH: 8021.5657625956637
  CPU_PRIME: 34.171190242017033
  CPU_SORTING: 8114.4364488709498
  CPU_ENCRYPTION: 4224.5738368841721
  CPU_COMPRESSION: 60283.098377064409
  CPU_SINGLETHREAD: 2107.3459994960476
  CPU_PHYSICS: 575.8126922772949
  CPU_MATRIX_MULT_SSE: 3658.5567362968786
  CPU_mm: 400.74847799166605
  CPU_sse: 1655.9396817307918
  CPU_fma: 5471.6128059802386
  CPU_avx: 3848.1177211796053
  CPU_avx512: 0
  m_CPU_enc_SHA: 5970990387.6598892
  m_CPU_enc_AES: 4099400128.8595333
  m_CPU_enc_ECDSA: 3218969690.2345514
  ME_ALLOC_S: 1379.0612245536734
  ME_READ_S: 24141.697851562501
  ME_READ_L: 11606.0087890625
  ME_WRITE: 10830.15234375
  ME_LARGE: 7012.666666666667
  ME_LATENCY: 49.348860754641692
  ME_THREADED: 31072.15234375
  SUMM_CPU: 5552.3747099543598
  SUMM_ME: 2155.7192532269264
SystemInformation:
  OSName: Ubuntu 24.04.4 LTS
  Kernel: 6.8.0-117-generic
  Device: ""
  Processor: "AMD EPYC 7H12 64-Core Processor                "
  NumSockets: 1
  Manufacturer: AuthenticAMD
  NumCores: 2
  NumLogicals: 4
  CPUFrequency: 7
  CPUMaxFrequency: 832
  Memory: 15340
  CPUInfo:
    number: 1
    Family: 15
    Model: 1
    stepping: 0
    features: 395049983
    manufacture: AuthenticAMD
    typestring: "AMD EPYC 7H12 64-Core Processor                "
    iCoresPerPackage: 2
    iThreadsPerPackage: 2
    featuresEx:
      - 395049983
      - 4277678595
      - 776996864
    bHybrid: false
    nPCore: 0
    nLogicalsPerPCore: 0
    nECore: 0
    nLogicalsPerECore: 0
  MemModuleInfo:
    iNumMemSticks: 1
    DIMM 1:
      manufacturer: Alibaba Cloud
      modulePartNo: Not Specified
      memType: RAM
      size: 16
      clkspeed: 0
      moduleVoltage: 0
Checksum: B6352A83EBD1ED5E28CA04584A9ACE0BAC816C19