---
system-info:
      stress-ng-version: 0.17.08
      run-by: root
      date-yyyy-mm-dd: 2024:06:12
      time-hh-mm-ss: 23:41:14
      epoch-secs: 1718235674
      hostname: 3a855c4c6bff
      sysname: Linux
      nodename: 3a855c4c6bff
      release: 6.8.0-1008-aws
      version: '#8-Ubuntu SMP Sat Apr 20 00:46:25 UTC 2024'
      machine: x86_64
      compiler: 'musl-gcc 13.2.1'
      uptime: 140
      totalram: 199542140928
      freeram: 194153213952
      sharedram: 116879360
      bufferram: 112693248
      totalswap: 0
      freeswap: 0
      pagesize: 4096
      cpus: 96
      cpus-online: 96
      ticks-per-second: 100

metrics:
    - stressor: cpu
      bogo-ops: 37807
      bogo-ops-per-second-usr-sys-time: 1890.342061
      bogo-ops-per-second-real-time: 1890.345966
      wall-clock-time: 20.000043
      user-time: 20.000084
      system-time: 0.000000
      cpu-usage-per-instance: 100.000207
      max-rss: 768

...
