---
system-info:
      stress-ng-version: 0.17.08
      run-by: root
      date-yyyy-mm-dd: 2024:06:06
      time-hh-mm-ss: 09:41:54
      epoch-secs: 1717666914
      hostname: c7c0c0cfcd5a
      sysname: Linux
      nodename: c7c0c0cfcd5a
      release: 6.8.0-1008-aws
      version: '#8-Ubuntu SMP Sat Apr 20 00:46:25 UTC 2024'
      machine: x86_64
      compiler: 'musl-gcc 13.2.1'
      uptime: 114
      totalram: 199542157312
      freeram: 194479902720
      sharedram: 116879360
      bufferram: 82411520
      totalswap: 0
      freeswap: 0
      pagesize: 4096
      cpus: 96
      cpus-online: 96
      ticks-per-second: 100

metrics:
    - stressor: cpu
      bogo-ops: 16606
      bogo-ops-per-second-usr-sys-time: 1660.027291
      bogo-ops-per-second-real-time: 1660.029599
      wall-clock-time: 10.003436
      user-time: 10.003450
      system-time: 0.000000
      cpu-usage-per-instance: 100.000139
      max-rss: 3072

...
