BaselineInfo:
  WebDBID: -1
  TimeStamp: 20251219120609
Version:
  Major: 11
  Minor: 0
  Build: 1002
  SpecialBuildName: ""
  ptArchitecture: x86_64_linux
Results:
  Results Complete: true
  NumTestProcesses: 60
  CPU_INTEGER_MATH: 201078.86333333337
  CPU_FLOATINGPOINT_MATH: 111065.9418231461
  CPU_PRIME: 149.81590494601721
  CPU_SORTING: 84180.905266560803
  CPU_ENCRYPTION: 24802.326851963844
  CPU_COMPRESSION: 829445.00085655076
  CPU_SINGLETHREAD: 2147.8771577184289
  CPU_PHYSICS: 1967.6908232953483
  CPU_MATRIX_MULT_SSE: 52461.05617152217
  CPU_mm: 5509.188542206497
  CPU_sse: 19799.637991374762
  CPU_fma: 63864.976434760531
  CPU_avx: 45720.827016105221
  CPU_avx512: 80458.783243848127
  m_CPU_enc_SHA: 8848243152.3279076
  m_CPU_enc_AES: 61374379398.920837
  m_CPU_enc_ECDSA: 7798751492.1257753
  ME_ALLOC_S: 16512.530369739601
  ME_READ_S: 25339.246289062499
  ME_READ_L: 11919.259765625
  ME_WRITE: 10389.7919921875
  ME_LARGE: 158079.66666666666
  ME_LATENCY: 50.773668969234016
  ME_THREADED: 97788.0537109375
  SUMM_CPU: 42630.354974418318
  SUMM_ME: 2794.6470612987559
SystemInformation:
  OSName: Ubuntu 24.04.2 LTS
  Kernel: 6.8.0-86-generic
  Device: ""
  Processor: Intel Xeon Gold 6226R CPU @ 2.90GHz
  NumSockets: 60
  Manufacturer: GenuineIntel
  NumCores: 60
  NumLogicals: 60
  CPUFrequency: 0
  Memory: 176861
  MemModuleInfo:
    iNumMemSticks: 1
    DIMM 1:
      manufacturer: QEMU
      modulePartNo: Not Specified
      memType: RAM
      size: 180000
      clkspeed: 0
      moduleVoltage: 0
Checksum: 60AF03056C6BC7205A48DDDEFB44E5ABAF3E057E