BaselineInfo:
  WebDBID: -1
  TimeStamp: 20241110171840
Version:
  Major: 11
  Minor: 0
  Build: 1002
  SpecialBuildName: ""
  ptArchitecture: x86_64_linux
Results:
  Results Complete: true
  NumTestProcesses: 128
  CPU_INTEGER_MATH: 536486.36599999992
  CPU_FLOATINGPOINT_MATH: 274095.01859526994
  CPU_PRIME: 533.95197515464406
  CPU_SORTING: 240146.40403688507
  CPU_ENCRYPTION: 110416.81070304009
  CPU_COMPRESSION: 1830080.3763195653
  CPU_SINGLETHREAD: 2428.6281527288852
  CPU_PHYSICS: 8500.4628224702392
  CPU_MATRIX_MULT_SSE: 105578.3104964089
  CPU_mm: 10747.166288937522
  CPU_sse: 45948.159302308042
  CPU_fma: 122702.48900408488
  CPU_avx: 94988.25050555967
  CPU_avx512: 158674.34317368307
  m_CPU_enc_SHA: 113627602703.66637
  m_CPU_enc_AES: 164997371561.00742
  m_CPU_enc_ECDSA: 68716278834.579231
  ME_ALLOC_S: 29718.211831704939
  ME_READ_S: 23855.91796875
  ME_READ_L: 11363.953125
  ME_WRITE: 10301.7421875
  ME_LARGE: 1001163.0833333334
  ME_LATENCY: 59.385824637143095
  ME_THREADED: 325990.20373535156
  SUMM_CPU: 86426.810268805129
  SUMM_ME: 2630.2526944852361
SystemInformation:
  OSName: Ubuntu 24.04.1 LTS
  Kernel: 6.8.0-1016-aws
  Device: ""
  Processor: Intel Xeon Platinum 8375C CPU @ 2.90GHz
  NumSockets: 2
  Manufacturer: GenuineIntel
  NumCores: 64
  NumLogicals: 128
  CPUFrequency: 0
  Memory: 1015774
  MemModuleInfo:
    iNumMemSticks: 2
    DIMM 1:
      manufacturer: Not Specified
      modulePartNo: Not Specified
      memType: DDR4
      size: 512
      clkspeed: 1600
      moduleVoltage: 0
    DIMM 2:
      manufacturer: Not Specified
      modulePartNo: Not Specified
      memType: DDR4
      size: 512
      clkspeed: 1600
      moduleVoltage: 0
Checksum: 9B2B4BAFEE8998C90E7961BD19F46665B5980340