BaselineInfo:
  WebDBID: -1
  TimeStamp: 20241110071736
Version:
  Major: 11
  Minor: 0
  Build: 1002
  SpecialBuildName: ""
  ptArchitecture: x86_64_linux
Results:
  Results Complete: true
  NumTestProcesses: 96
  CPU_INTEGER_MATH: 579148.39633333322
  CPU_FLOATINGPOINT_MATH: 508790.77940743335
  CPU_PRIME: 1871.3549425897168
  CPU_SORTING: 359051.69640643994
  CPU_ENCRYPTION: 125401.32400686857
  CPU_COMPRESSION: 2523708.4126790306
  CPU_SINGLETHREAD: 2883.1652481438423
  CPU_PHYSICS: 32430.092358679995
  CPU_MATRIX_MULT_SSE: 237642.9279279887
  CPU_mm: 25006.551953554841
  CPU_sse: 111350.23241680805
  CPU_fma: 320779.91327305679
  CPU_avx: 278587.83364595944
  CPU_avx512: 239853.7323761303
  m_CPU_enc_SHA: 173263702065.16586
  m_CPU_enc_AES: 109909066697.20934
  m_CPU_enc_ECDSA: 111305687403.10326
  ME_ALLOC_S: 32307.88860422626
  ME_READ_S: 27835.674609375001
  ME_READ_L: 27042.892578125
  ME_WRITE: 26355.431640625
  ME_LARGE: 743812.5
  ME_LATENCY: 76.018199828771074
  ME_THREADED: 706657.2275390625
  SUMM_CPU: 117764.86751635783
  SUMM_ME: 2907.9473257655995
SystemInformation:
  OSName: Ubuntu 24.04.1 LTS
  Kernel: 6.8.0-1016-aws
  Device: ""
  Processor: AMD EPYC 9R14
  NumSockets: 2
  Manufacturer: AuthenticAMD
  NumCores: 96
  NumLogicals: 96
  CPUFrequency: 0
  Memory: 757801
  MemModuleInfo:
    iNumMemSticks: 2
    DIMM 1:
      manufacturer: Not Specified
      modulePartNo: Not Specified
      memType: DDR5
      size: 384
      clkspeed: 2400
      moduleVoltage: 0
    DIMM 2:
      manufacturer: Not Specified
      modulePartNo: Not Specified
      memType: DDR5
      size: 384
      clkspeed: 2400
      moduleVoltage: 0
Checksum: 57A7423D283012C69C470B920C73015F916A76C9