size_kb,operation,bandwidth_mb_s,latency_ns,latency_stddev_ns,latency_samples,threads,iterations,elapsed_s
32,read,215764.97,0,0,0,2,686813,0.198947
32,write,181532.78,0,0,0,2,492125,0.169434
32,copy,180469.85,0,0,0,2,603865,0.209129
32,latency,0,2.01,0.00,7,1,7,0.288615
128,read,175313.26,0,0,0,2,159744,0.227798
128,write,180677.93,0,0,0,2,178062,0.246380
128,copy,152871.93,0,0,0,2,134916,0.220636
128,latency,0,2.66,0.00,7,1,7,0.658786
1024,read,151706.08,0,0,0,2,16499,0.217513
1024,write,180251.61,0,0,0,2,22453,0.249130
1024,copy,93201.78,0,0,0,2,14310,0.307076
1024,latency,0,5.22,0.03,7,1,7,0.696392
2048,read,114732.24,0,0,0,2,7401,0.258027
2048,write,179260.66,0,0,0,2,11079,0.247215
2048,copy,101264.41,0,0,0,2,5751,0.227168
2048,latency,0,13.19,0.04,7,1,7,0.675553
4096,read,116561.69,0,0,0,2,3712,0.254766
4096,write,176652.37,0,0,0,2,4946,0.223988
4096,copy,82815.21,0,0,0,2,2529,0.244303
4096,latency,0,27.08,0.31,7,1,7,0.677196
16384,read,83768.30,0,0,0,2,710,0.271224
16384,write,152712.83,0,0,0,2,1191,0.249566
16384,copy,52795.06,0,0,0,2,418,0.253357
16384,latency,0,91.41,2.46,7,1,7,1.013474
32768,read,56266.85,0,0,0,2,235,0.267298
32768,write,146778.28,0,0,0,2,575,0.250718
32768,copy,43540.91,0,0,0,2,177,0.260169
32768,latency,0,106.90,1.00,7,1,7,2.396005
65536,read,49481.83,0,0,0,2,98,0.253507
65536,write,143715.51,0,0,0,2,286,0.254725
65536,copy,39712.59,0,0,0,2,85,0.273969
65536,latency,0,115.83,0.33,7,1,7,5.242890
131072,read,49082.79,0,0,0,2,48,0.250353
131072,write,143297.51,0,0,0,2,142,0.253682
131072,copy,38720.87,0,0,0,2,43,0.284291
131072,latency,0,120.00,0.21,7,1,7,11.004852
262144,read,48999.03,0,0,0,2,24,0.250780
262144,write,139497.07,0,0,0,2,67,0.245912
262144,copy,22541.56,0,0,0,1,22,0.249850
262144,latency,0,122.95,0.51,7,1,7,22.765967
