BaselineInfo:
  WebDBID: -1
  TimeStamp: 20241107141628
Version:
  Major: 11
  Minor: 0
  Build: 1002
  SpecialBuildName: ""
  ptArchitecture: x86_64_linux
Results:
  Results Complete: true
  NumTestProcesses: 4
  CPU_INTEGER_MATH: 15854.749666666667
  CPU_FLOATINGPOINT_MATH: 11320.002204858483
  CPU_PRIME: 35.804010185938196
  CPU_SORTING: 8135.7615126628671
  CPU_ENCRYPTION: 3506.9180170581799
  CPU_COMPRESSION: 60802.912031102242
  CPU_SINGLETHREAD: 2468.1105040651587
  CPU_PHYSICS: 800.18995722930379
  CPU_MATRIX_MULT_SSE: 4089.9725087064053
  CPU_mm: 449.79378504122161
  CPU_sse: 1951.381720713664
  CPU_fma: 4879.1638655786301
  CPU_avx: 3695.9330382644148
  CPU_avx512: 5833.4114102689118
  m_CPU_enc_SHA: 3713726097.7534084
  m_CPU_enc_AES: 4790825199.4224005
  m_CPU_enc_ECDSA: 2527258902.7885857
  ME_ALLOC_S: 2014.1200865197056
  ME_READ_S: 22174.161718750001
  ME_READ_L: 9157.94140625
  ME_WRITE: 7957.43798828125
  ME_LARGE: 6010.666666666667
  ME_LATENCY: 72.059166640199109
  ME_THREADED: 25712.9423828125
  SUMM_CPU: 6118.4130876034487
  SUMM_ME: 1736.5966217206696
SystemInformation:
  OSName: Ubuntu 24.04.1 LTS
  Kernel: 6.8.0-1015-gcp
  Device: ""
  Processor: Intel Xeon Platinum 8481C CPU @ 2.70GHz
  NumSockets: 1
  Manufacturer: GenuineIntel
  NumCores: 2
  NumLogicals: 4
  CPUFrequency: 0
  Memory: 15989
  MemModuleInfo:
    iNumMemSticks: 1
    DIMM 1:
      manufacturer: ""
      modulePartNo: ""
      memType: RAM
      size: 16
      clkspeed: 0
      moduleVoltage: 0
Checksum: BA0E99540E43396CAEDD19A3488BD5358B9138A0