---
system-info:
      stress-ng-version: 0.17.08
      run-by: root
      date-yyyy-mm-dd: 2024:06:14
      time-hh-mm-ss: 02:24:11
      epoch-secs: 1718331851
      hostname: f72b9b79207e
      sysname: Linux
      nodename: f72b9b79207e
      release: 6.8.0-1008-aws
      version: '#8-Ubuntu SMP Sat Apr 20 00:46:25 UTC 2024'
      machine: x86_64
      compiler: 'musl-gcc 13.2.1'
      uptime: 210
      totalram: 3905945600
      freeram: 191795200
      sharedram: 27537408
      bufferram: 103645184
      totalswap: 0
      freeswap: 0
      pagesize: 4096
      cpus: 2
      cpus-online: 2
      ticks-per-second: 100

metrics:
    - stressor: cpu
      bogo-ops: 25579
      bogo-ops-per-second-usr-sys-time: 1279.242691
      bogo-ops-per-second-real-time: 1278.942956
      wall-clock-time: 20.000110
      user-time: 19.994420
      system-time: 0.001004
      cpu-usage-per-instance: 99.976569
      max-rss: 976

...
