---
system-info:
      stress-ng-version: 0.17.08
      run-by: root
      date-yyyy-mm-dd: 2024:06:05
      time-hh-mm-ss: 13:38:12
      epoch-secs: 1717594692
      hostname: 88cb11d6fc2e
      sysname: Linux
      nodename: 88cb11d6fc2e
      release: 6.8.0-1008-aws
      version: '#8-Ubuntu SMP Sat Apr 20 00:46:25 UTC 2024'
      machine: x86_64
      compiler: 'musl-gcc 13.2.1'
      uptime: 178
      totalram: 3905933312
      freeram: 89358336
      sharedram: 27537408
      bufferram: 75845632
      totalswap: 0
      freeswap: 0
      pagesize: 4096
      cpus: 2
      cpus-online: 2
      ticks-per-second: 100

metrics:
    - stressor: cpu
      bogo-ops: 14114
      bogo-ops-per-second-usr-sys-time: 1411.799116
      bogo-ops-per-second-real-time: 1411.258346
      wall-clock-time: 10.001004
      user-time: 9.996170
      system-time: 0.001003
      cpu-usage-per-instance: 99.961696
      max-rss: 3920

...
