BaselineInfo:
  WebDBID: -1
  TimeStamp: 20251219060036
Version:
  Major: 11
  Minor: 0
  Build: 1002
  SpecialBuildName: ""
  ptArchitecture: x86_64_linux
Results:
  Results Complete: true
  NumTestProcesses: 30
  CPU_INTEGER_MATH: 128906.91366666665
  CPU_FLOATINGPOINT_MATH: 92193.916217066741
  CPU_PRIME: 214.09072219498398
  CPU_SORTING: 72522.462431430875
  CPU_ENCRYPTION: 16426.58149569494
  CPU_COMPRESSION: 632480.82375388884
  CPU_SINGLETHREAD: 2108.296797616636
  CPU_PHYSICS: 2684.3569340615068
  CPU_MATRIX_MULT_SSE: 45760.403125725221
  CPU_mm: 5282.8925176657876
  CPU_sse: 18346.609191374282
  CPU_fma: 60737.858658634017
  CPU_avx: 41133.261042138503
  CPU_avx512: 62823.883610754121
  m_CPU_enc_SHA: 8824521234.6508904
  m_CPU_enc_AES: 35118731127.765007
  m_CPU_enc_ECDSA: 7730304992.8735361
  ME_ALLOC_S: 16812.283996433027
  ME_READ_S: 25536.315820312499
  ME_READ_L: 11295.248046875
  ME_WRITE: 10759.392578125
  ME_LARGE: 70866.25
  ME_LATENCY: 51.566382174789261
  ME_THREADED: 108791.451171875
  SUMM_CPU: 36761.323637099202
  SUMM_ME: 2754.323304550272
SystemInformation:
  OSName: Ubuntu 24.04.2 LTS
  Kernel: 6.8.0-86-generic
  Device: ""
  Processor: Intel Xeon Gold 6226R CPU @ 2.90GHz
  NumSockets: 30
  Manufacturer: GenuineIntel
  NumCores: 30
  NumLogicals: 30
  CPUFrequency: 0
  Memory: 88376
  MemModuleInfo:
    iNumMemSticks: 1
    DIMM 1:
      manufacturer: QEMU
      modulePartNo: Not Specified
      memType: RAM
      size: 90000
      clkspeed: 0
      moduleVoltage: 0
Checksum: EF72DB9841CAAAD0891477FEB6080F5E58214912