size_kb,operation,bandwidth_mb_s,latency_ns,latency_stddev_ns,latency_samples,threads,iterations,elapsed_s
32,read,6510521.80,0,0,0,96,442477,0.203890
32,write,7874831.57,0,0,0,96,623440,0.237506
32,copy,5411596.94,0,0,0,96,383435,0.212563
32,latency,0,2.15,0.00,7,1,7,0.308257
128,read,5423718.57,0,0,0,96,101010,0.223485
128,write,6817110.18,0,0,0,96,136091,0.239558
128,copy,4113812.34,0,0,0,96,81752,0.238471
128,latency,0,2.89,0.00,7,1,7,0.650010
1024,read,4818645.53,0,0,0,96,17932,0.357252
1024,write,6773231.41,0,0,0,96,20973,0.297260
1024,copy,1395687.89,0,0,0,96,13395,0.921352
1024,latency,0,5.30,0.01,7,1,7,0.680839
2048,read,1795986.78,0,0,0,96,6649,0.710811
2048,write,2615301.53,0,0,0,96,10406,0.763947
2048,copy,410113.67,0,0,0,96,4250,1.989692
2048,latency,0,9.79,0.02,7,1,7,0.672659
4096,read,845998.83,0,0,0,96,2479,1.125221
4096,write,845629.75,0,0,0,96,4841,2.198295
4096,copy,280809.21,0,0,0,96,1848,2.527097
4096,latency,0,18.53,0.04,7,1,7,0.668017
8192,read,586761.07,0,0,0,96,979,1.281394
8192,write,558670.70,0,0,0,96,2156,2.963835
8192,copy,238342.09,0,0,0,96,848,2.732476
8192,latency,0,24.09,0.02,7,1,7,0.671937
16384,read,516303.13,0,0,0,96,478,1.422048
16384,write,471275.19,0,0,0,96,1045,3.405908
16384,copy,221690.53,0,0,0,96,432,2.993145
16384,latency,0,26.22,0.24,7,1,7,0.698591
32768,read,489014.42,0,0,0,96,242,1.520250
32768,write,437220.10,0,0,0,96,393,2.761300
32768,copy,214513.10,0,0,0,96,213,3.050331
32768,latency,0,27.76,0.37,7,1,7,0.682521
65536,read,476619.01,0,0,0,96,117,1.508224
65536,write,421849.02,0,0,0,96,253,3.684806
65536,copy,220245.26,0,0,0,96,106,2.956994
65536,latency,0,76.03,1.59,7,1,7,3.454743
131072,read,470533.43,0,0,0,96,62,1.619133
131072,write,421472.69,0,0,0,96,125,3.644364
131072,copy,220279.34,0,0,0,96,53,2.956537
131072,latency,0,97.73,0.31,7,1,7,8.747480
