size_kb,operation,bandwidth_mb_s,latency_ns,latency_stddev_ns,latency_samples,threads,iterations,elapsed_s
32,read,498275.89,0,0,0,8,757575,0.380098
32,write,495165.59,0,0,0,8,735294,0.371236
32,copy,332638.23,0,0,0,8,531914,0.399769
32,latency,0,0.98,0.00,7,1,7,0.143736
128,read,499239.42,0,0,0,8,227066,0.454824
128,write,496124.05,0,0,0,8,217013,0.437417
128,copy,341756.96,0,0,0,8,151331,0.442803
128,latency,0,2.69,0.00,7,1,7,0.673111
512,read,468697.50,0,0,0,8,54620,0.466143
512,write,492169.16,0,0,0,8,53339,0.433501
512,copy,220372.29,0,0,0,8,25497,0.462799
512,latency,0,3.71,0.00,7,1,7,0.696773
1024,read,427827.80,0,0,0,8,24813,0.463981
1024,write,441329.90,0,0,0,8,25922,0.469889
1024,copy,197940.69,0,0,0,8,12266,0.495744
1024,latency,0,5.88,0.02,7,1,7,0.699017
2048,read,392247.84,0,0,0,8,11886,0.484836
2048,write,390002.29,0,0,0,8,12036,0.493782
2048,copy,177944.83,0,0,0,8,5157,0.463694
2048,latency,0,9.80,0.06,7,1,7,0.698943
8192,read,138594.57,0,0,0,8,3109,1.435670
8192,write,135196.11,0,0,0,8,2025,0.958607
8192,copy,40549.40,0,0,0,8,781,1.232669
8192,latency,0,11.40,0.00,7,1,7,0.696653
16384,read,66709.05,0,0,0,8,647,1.241451
16384,write,52395.80,0,0,0,8,591,1.443780
16384,copy,25495.82,0,0,0,8,366,1.837478
16384,latency,0,11.87,0.01,7,1,7,0.753458
32768,read,52888.08,0,0,0,8,300,1.452123
32768,write,35428.02,0,0,0,8,264,1.907643
32768,copy,23653.06,0,0,0,8,171,1.850754
32768,latency,0,14.34,0.41,7,1,7,0.779441
65536,read,49618.14,0,0,0,8,165,1.702603
65536,write,33216.36,0,0,0,8,129,1.988418
65536,copy,23508.90,0,0,0,8,87,1.894772
65536,latency,0,71.35,0.21,7,1,7,3.088295
131072,read,48761.86,0,0,0,8,80,1.680002
131072,write,32795.98,0,0,0,8,63,1.967071
131072,copy,23530.58,0,0,0,8,41,1.784232
131072,latency,0,94.43,0.11,7,1,7,8.158378
