---
system-info:
      stress-ng-version: 0.17.08
      run-by: root
      date-yyyy-mm-dd: 2024:09:03
      time-hh-mm-ss: 20:06:10
      epoch-secs: 1725393970
      hostname: sc-runner
      sysname: Linux
      nodename: sc-runner
      release: 6.8.0-1013-azure
      version: '#15-Ubuntu SMP Thu Aug  8 18:40:40 UTC 2024'
      machine: x86_64
      compiler: 'musl-gcc 13.2.1'
      uptime: 504
      totalram: 118158417920
      freeram: 109358284800
      sharedram: 46632960
      bufferram: 268505088
      totalswap: 0
      freeswap: 0
      pagesize: 4096
      cpus: 8
      cpus-online: 8
      ticks-per-second: 100

metrics:
    - stressor: cpu
      bogo-ops: 17581
      bogo-ops-per-second-usr-sys-time: 879.079141
      bogo-ops-per-second-real-time: 879.044247
      wall-clock-time: 20.000131
      user-time: 19.998336
      system-time: 0.001001
      cpu-usage-per-instance: 99.996031
      max-rss: 3152

...
