---
system-info:
      stress-ng-version: 0.17.08
      run-by: root
      date-yyyy-mm-dd: 2024:09:17
      time-hh-mm-ss: 02:13:00
      epoch-secs: 1726539180
      hostname: sc-runner
      sysname: Linux
      nodename: sc-runner
      release: 6.8.0-1014-azure
      version: '#16-Ubuntu SMP Thu Aug 15 20:04:41 UTC 2024'
      machine: x86_64
      compiler: 'musl-gcc 13.2.1'
      uptime: 499
      totalram: 118158413824
      freeram: 107747753984
      sharedram: 46632960
      bufferram: 292040704
      totalswap: 0
      freeswap: 0
      pagesize: 4096
      cpus: 8
      cpus-online: 8
      ticks-per-second: 100

metrics:
    - stressor: cpu
      bogo-ops: 17732
      bogo-ops-per-second-usr-sys-time: 886.611437
      bogo-ops-per-second-real-time: 886.590837
      wall-clock-time: 20.000207
      user-time: 19.999742
      system-time: 0.000000
      cpu-usage-per-instance: 99.997676
      max-rss: 3024

...
