---
system-info:
      stress-ng-version: 0.17.08
      run-by: root
      date-yyyy-mm-dd: 2024:06:24
      time-hh-mm-ss: 08:39:27
      epoch-secs: 1719218367
      hostname: e82a75cb9144
      sysname: Linux
      nodename: e82a75cb9144
      release: 6.8.0-1008-gcp
      version: '#9-Ubuntu SMP Wed May 22 18:09:04 UTC 2024'
      machine: x86_64
      compiler: 'musl-gcc 13.2.1'
      uptime: 228
      totalram: 2060488704
      freeram: 133488640
      sharedram: 18198528
      bufferram: 122056704
      totalswap: 0
      freeswap: 0
      pagesize: 4096
      cpus: 2
      cpus-online: 2
      ticks-per-second: 100

metrics:
    - stressor: cpu
      bogo-ops: 13287
      bogo-ops-per-second-usr-sys-time: 333.644160
      bogo-ops-per-second-real-time: 663.696455
      wall-clock-time: 20.019694
      user-time: 39.811818
      system-time: 0.012047
      cpu-usage-per-instance: 99.461722
      max-rss: 1104

...
