---
system-info:
      stress-ng-version: 0.17.08
      run-by: root
      date-yyyy-mm-dd: 2024:06:08
      time-hh-mm-ss: 18:24:37
      epoch-secs: 1717871077
      hostname: 2e668d5825e6
      sysname: Linux
      nodename: 2e668d5825e6
      release: 6.8.0-1008-aws
      version: '#8-Ubuntu SMP Sat Apr 20 00:46:25 UTC 2024'
      machine: x86_64
      compiler: 'musl-gcc 13.2.1'
      uptime: 117
      totalram: 16469204992
      freeram: 12044083200
      sharedram: 59871232
      bufferram: 104542208
      totalswap: 0
      freeswap: 0
      pagesize: 4096
      cpus: 4
      cpus-online: 4
      ticks-per-second: 100

metrics:
    - stressor: cpu
      bogo-ops: 16606
      bogo-ops-per-second-usr-sys-time: 1660.333516
      bogo-ops-per-second-real-time: 1660.317719
      wall-clock-time: 10.001700
      user-time: 9.999606
      system-time: 0.001999
      cpu-usage-per-instance: 99.999049
      max-rss: 3920

...
