---
system-info:
      stress-ng-version: 0.17.08
      run-by: root
      date-yyyy-mm-dd: 2024:06:15
      time-hh-mm-ss: 02:47:59
      epoch-secs: 1718419679
      hostname: 5208db602a4c
      sysname: Linux
      nodename: 5208db602a4c
      release: 6.8.0-1008-aws
      version: '#8-Ubuntu SMP Sat Apr 20 00:46:25 UTC 2024'
      machine: x86_64
      compiler: 'musl-gcc 13.2.1'
      uptime: 141
      totalram: 16469204992
      freeram: 12111577088
      sharedram: 59871232
      bufferram: 109805568
      totalswap: 0
      freeswap: 0
      pagesize: 4096
      cpus: 4
      cpus-online: 4
      ticks-per-second: 100

metrics:
    - stressor: cpu
      bogo-ops: 37759
      bogo-ops-per-second-usr-sys-time: 1887.963877
      bogo-ops-per-second-real-time: 1887.945499
      wall-clock-time: 20.000048
      user-time: 19.999853
      system-time: 0.000000
      cpu-usage-per-instance: 99.999027
      max-rss: 976

...
