---
system-info:
      stress-ng-version: 0.17.08
      run-by: root
      date-yyyy-mm-dd: 2024:07:12
      time-hh-mm-ss: 02:46:23
      epoch-secs: 1720752383
      hostname: ip-172-31-3-66
      sysname: Linux
      nodename: ip-172-31-3-66
      release: 6.8.0-1010-aws
      version: '#10-Ubuntu SMP Thu Jun 13 17:48:42 UTC 2024'
      machine: aarch64
      compiler: 'musl-gcc 13.2.1'
      uptime: 188
      totalram: 66195759104
      freeram: 60735889408
      sharedram: 34942976
      bufferram: 143319040
      totalswap: 0
      freeswap: 0
      pagesize: 4096
      cpus: 32
      cpus-online: 32
      ticks-per-second: 100

metrics:
    - stressor: cpu
      bogo-ops: 30391
      bogo-ops-per-second-usr-sys-time: 1519.565728
      bogo-ops-per-second-real-time: 1519.547881
      wall-clock-time: 20.000028
      user-time: 19.999793
      system-time: 0.000000
      cpu-usage-per-instance: 99.998826
      max-rss: 1280

...
