---
system-info:
      stress-ng-version: 0.17.08
      run-by: root
      date-yyyy-mm-dd: 2024:06:07
      time-hh-mm-ss: 23:54:34
      epoch-secs: 1717804474
      hostname: 0fc1af727a61
      sysname: Linux
      nodename: 0fc1af727a61
      release: 6.8.0-1008-aws
      version: '#8-Ubuntu SMP Sat Apr 20 00:46:25 UTC 2024'
      machine: x86_64
      compiler: 'musl-gcc 13.2.1'
      uptime: 99
      totalram: 8158912512
      freeram: 3929948160
      sharedram: 59854848
      bufferram: 94842880
      totalswap: 0
      freeswap: 0
      pagesize: 4096
      cpus: 2
      cpus-online: 2
      ticks-per-second: 100

metrics:
    - stressor: cpu
      bogo-ops: 24671
      bogo-ops-per-second-usr-sys-time: 1246.377342
      bogo-ops-per-second-real-time: 2466.934579
      wall-clock-time: 10.000671
      user-time: 19.788203
      system-time: 0.005963
      cpu-usage-per-instance: 98.964194
      max-rss: 3920

...
