---
system-info:
      stress-ng-version: 0.17.08
      run-by: root
      date-yyyy-mm-dd: 2024:06:13
      time-hh-mm-ss: 14:41:31
      epoch-secs: 1718289691
      hostname: 62783a0b591c
      sysname: Linux
      nodename: 62783a0b591c
      release: 6.8.0-1008-aws
      version: '#8-Ubuntu SMP Sat Apr 20 00:46:25 UTC 2024'
      machine: x86_64
      compiler: 'musl-gcc 13.2.1'
      uptime: 115
      totalram: 8158912512
      freeram: 3869200384
      sharedram: 59854848
      bufferram: 105545728
      totalswap: 0
      freeswap: 0
      pagesize: 4096
      cpus: 2
      cpus-online: 2
      ticks-per-second: 100

metrics:
    - stressor: cpu
      bogo-ops: 38344
      bogo-ops-per-second-usr-sys-time: 967.891394
      bogo-ops-per-second-real-time: 1917.189853
      wall-clock-time: 20.000106
      user-time: 39.607058
      system-time: 0.008957
      cpu-usage-per-instance: 99.039513
      max-rss: 1104

...
