---
system-info:
      stress-ng-version: 0.17.08
      run-by: root
      date-yyyy-mm-dd: 2024:06:06
      time-hh-mm-ss: 07:41:50
      epoch-secs: 1717659710
      hostname: 7d708c37d324
      sysname: Linux
      nodename: 7d708c37d324
      release: 6.8.0-1008-aws
      version: '#8-Ubuntu SMP Sat Apr 20 02:43:14 UTC 2024'
      machine: aarch64
      compiler: 'musl-gcc 13.2.1'
      uptime: 130
      totalram: 3993088000
      freeram: 156889088
      sharedram: 35020800
      bufferram: 78225408
      totalswap: 0
      freeswap: 0
      pagesize: 4096
      cpus: 2
      cpus-online: 2
      ticks-per-second: 100

metrics:
    - stressor: cpu
      bogo-ops: 2940
      bogo-ops-per-second-usr-sys-time: 292.264039
      bogo-ops-per-second-real-time: 292.254786
      wall-clock-time: 10.059716
      user-time: 10.057398
      system-time: 0.001999
      cpu-usage-per-instance: 99.996834
      max-rss: 4008

...
