---
system-info:
      stress-ng-version: 0.17.08
      run-by: root
      date-yyyy-mm-dd: 2024:06:14
      time-hh-mm-ss: 04:56:26
      epoch-secs: 1718340986
      hostname: 40b017bd223c
      sysname: Linux
      nodename: 40b017bd223c
      release: 6.8.0-1008-aws
      version: '#8-Ubuntu SMP Sat Apr 20 02:43:14 UTC 2024'
      machine: aarch64
      compiler: 'musl-gcc 13.2.1'
      uptime: 150
      totalram: 3993088000
      freeram: 206032896
      sharedram: 35020800
      bufferram: 104374272
      totalswap: 0
      freeswap: 0
      pagesize: 4096
      cpus: 2
      cpus-online: 2
      ticks-per-second: 100

metrics:
    - stressor: cpu
      bogo-ops: 30394
      bogo-ops-per-second-usr-sys-time: 1519.762006
      bogo-ops-per-second-real-time: 1519.694891
      wall-clock-time: 20.000067
      user-time: 19.999184
      system-time: 0.000000
      cpu-usage-per-instance: 99.995584
      max-rss: 1192

...
