BaselineInfo:
  WebDBID: -1
  TimeStamp: 20260617045638
Version:
  Major: 11
  Minor: 0
  Build: 1004
  SpecialBuildName: ""
  ptArchitecture: x86_64_linux
Results:
  Results Complete: true
  NumTestProcesses: 4
  CPU_INTEGER_MATH: 11601.423666666666
  CPU_FLOATINGPOINT_MATH: 6227.5789629058336
  CPU_PRIME: 27.754355831141549
  CPU_SORTING: 7172.5744702199763
  CPU_ENCRYPTION: 1606.307743499282
  CPU_COMPRESSION: 55107.610724555801
  CPU_SINGLETHREAD: 1954.4795826727857
  CPU_PHYSICS: 507.66449827639053
  CPU_MATRIX_MULT_SSE: 3113.1859625149091
  CPU_mm: 352.43614241653978
  CPU_sse: 1270.8892236327601
  CPU_fma: 3894.8352322664955
  CPU_avx: 2747.6038442875706
  CPU_avx512: 4539.4155498728096
  m_CPU_enc_SHA: 524588967.70303202
  m_CPU_enc_AES: 4056075220.2377429
  m_CPU_enc_ECDSA: 472343057.40173477
  ME_ALLOC_S: 1384.8453741417829
  ME_READ_S: 22474.599414062501
  ME_READ_L: 9445.2939453125
  ME_WRITE: 9371.8515625
  ME_LARGE: 7067.666666666667
  ME_LATENCY: 56.449945165011847
  ME_THREADED: 23313.974609375
  SUMM_CPU: 4225.1465470182784
  SUMM_ME: 1902.0643589436722
SystemInformation:
  OSName: Ubuntu 24.04.4 LTS
  Kernel: 6.8.0-117-generic
  Device: ""
  Processor: Intel(R) Xeon(R) Platinum 8269CY CPU @ 2.50GHz
  NumSockets: 1
  Manufacturer: GenuineIntel
  NumCores: 2
  NumLogicals: 4
  CPUFrequency: 0
  CPUMaxFrequency: 0
  Memory: 15322
  CPUInfo:
    number: 1
    Family: 6
    Model: 5
    stepping: 7
    features: 529267711
    manufacture: GenuineIntel
    typestring: Intel(R) Xeon(R) Platinum 8269CY CPU @ 2.50GHz
    iCoresPerPackage: 2
    iThreadsPerPackage: 2
    featuresEx:
      - 529267711
      - 4277809667
      - 739248128
    bHybrid: false
    nPCore: 0
    nLogicalsPerPCore: 0
    nECore: 0
    nLogicalsPerECore: 0
  MemModuleInfo:
    iNumMemSticks: 1
    DIMM 1:
      manufacturer: Alibaba Cloud
      modulePartNo: Not Specified
      memType: RAM
      size: 16
      clkspeed: 0
      moduleVoltage: 0
Checksum: C36E8FB18C2A3A1DFD86E4A15AE14710B183803F