BaselineInfo:
  WebDBID: -1
  TimeStamp: 20241108195718
Version:
  Major: 11
  Minor: 0
  Build: 1002
  SpecialBuildName: ""
  ptArchitecture: x86_64_linux
Results:
  Results Complete: true
  NumTestProcesses: 16
  CPU_INTEGER_MATH: 79896.820666666681
  CPU_FLOATINGPOINT_MATH: 57224.36629333155
  CPU_PRIME: 161.69389698545237
  CPU_SORTING: 40704.121346200453
  CPU_ENCRYPTION: 17610.88675638337
  CPU_COMPRESSION: 297777.3372594259
  CPU_SINGLETHREAD: 3159.9576487734039
  CPU_PHYSICS: 3652.5794822813764
  CPU_MATRIX_MULT_SSE: 22347.760671627897
  CPU_mm: 2271.7527857332584
  CPU_sse: 9934.3101369701399
  CPU_fma: 24871.999793657782
  CPU_avx: 19867.845900601071
  CPU_avx512: 34716.886855282595
  m_CPU_enc_SHA: 18732547690.440353
  m_CPU_enc_AES: 24016799792.961388
  m_CPU_enc_ECDSA: 12649712090.982603
  ME_ALLOC_S: 9124.5931669245747
  ME_READ_S: 28312.994531249999
  ME_READ_L: 10761.673828125
  ME_WRITE: 9519.880859375
  ME_LARGE: 118465
  ME_LATENCY: 70.500493558883008
  ME_THREADED: 106367.80126953125
  SUMM_CPU: 27937.55906523842
  SUMM_ME: 2364.6478151400543
SystemInformation:
  OSName: Ubuntu 24.04.1 LTS
  Kernel: 6.8.0-1017-azure
  Device: ""
  Processor: Intel Xeon Platinum 8473C
  NumSockets: 1
  Manufacturer: GenuineIntel
  NumCores: 8
  NumLogicals: 16
  CPUFrequency: 2100
  Memory: 128808
  MemModuleInfo:
    iNumMemSticks: 3
    DIMM 1:
      manufacturer: Microsoft Corporation
      modulePartNo: None
      memType: Unknown
      size: 1
      clkspeed: 0
      moduleVoltage: 0
    DIMM 2:
      manufacturer: Microsoft Corporation
      modulePartNo: None
      memType: Unknown
      size: 59
      clkspeed: 0
      moduleVoltage: 0
    DIMM 3:
      manufacturer: Microsoft Corporation
      modulePartNo: None
      memType: Unknown
      size: 68
      clkspeed: 0
      moduleVoltage: 0
Checksum: 3070006C4ADFCC6CF370B8D4AD9F2085A2B6ABE1