---
system-info:
      stress-ng-version: 0.17.08
      run-by: root
      date-yyyy-mm-dd: 2024:06:15
      time-hh-mm-ss: 09:41:19
      epoch-secs: 1718444479
      hostname: 4147646b484d
      sysname: Linux
      nodename: 4147646b484d
      release: 6.8.0-1008-aws
      version: '#8-Ubuntu SMP Sat Apr 20 00:46:25 UTC 2024'
      machine: x86_64
      compiler: 'musl-gcc 13.2.1'
      uptime: 137
      totalram: 33086926848
      freeram: 28640440320
      sharedram: 59920384
      bufferram: 108453888
      totalswap: 0
      freeswap: 0
      pagesize: 4096
      cpus: 16
      cpus-online: 16
      ticks-per-second: 100

metrics:
    - stressor: cpu
      bogo-ops: 37817
      bogo-ops-per-second-usr-sys-time: 1890.848298
      bogo-ops-per-second-real-time: 1890.840578
      wall-clock-time: 20.000100
      user-time: 20.000018
      system-time: 0.000000
      cpu-usage-per-instance: 99.999592
      max-rss: 1104

...
