---
system-info:
      stress-ng-version: 0.17.08
      run-by: root
      date-yyyy-mm-dd: 2024:06:06
      time-hh-mm-ss: 10:55:24
      epoch-secs: 1717671324
      hostname: 5af2996b8177
      sysname: Linux
      nodename: 5af2996b8177
      release: 6.8.0-1008-aws
      version: '#8-Ubuntu SMP Sat Apr 20 00:46:25 UTC 2024'
      machine: x86_64
      compiler: 'musl-gcc 13.2.1'
      uptime: 111
      totalram: 33086947328
      freeram: 28826705920
      sharedram: 59920384
      bufferram: 83005440
      totalswap: 0
      freeswap: 0
      pagesize: 4096
      cpus: 16
      cpus-online: 16
      ticks-per-second: 100

metrics:
    - stressor: cpu
      bogo-ops: 16620
      bogo-ops-per-second-usr-sys-time: 1661.839466
      bogo-ops-per-second-real-time: 1661.829193
      wall-clock-time: 10.001028
      user-time: 10.000966
      system-time: 0.000000
      cpu-usage-per-instance: 99.999382
      max-rss: 3920

...
