---
system-info:
      stress-ng-version: 0.17.08
      run-by: root
      date-yyyy-mm-dd: 2024:06:16
      time-hh-mm-ss: 03:55:49
      epoch-secs: 1718510149
      hostname: dce87c556ff0
      sysname: Linux
      nodename: dce87c556ff0
      release: 6.8.0-1008-aws
      version: '#8-Ubuntu SMP Sat Apr 20 00:46:25 UTC 2024'
      machine: x86_64
      compiler: 'musl-gcc 13.2.1'
      uptime: 125
      totalram: 66333839360
      freeram: 61821288448
      sharedram: 113541120
      bufferram: 110182400
      totalswap: 0
      freeswap: 0
      pagesize: 4096
      cpus: 8
      cpus-online: 8
      ticks-per-second: 100

metrics:
    - stressor: cpu
      bogo-ops: 40875
      bogo-ops-per-second-usr-sys-time: 2043.706673
      bogo-ops-per-second-real-time: 2043.738281
      wall-clock-time: 20.000115
      user-time: 20.000424
      system-time: 0.000000
      cpu-usage-per-instance: 100.001547
      max-rss: 1104

...
