---
system-info:
      stress-ng-version: 0.17.08
      run-by: root
      date-yyyy-mm-dd: 2024:06:09
      time-hh-mm-ss: 23:40:52
      epoch-secs: 1717976452
      hostname: df77df9d723d
      sysname: Linux
      nodename: df77df9d723d
      release: 6.8.0-1008-aws
      version: '#8-Ubuntu SMP Sat Apr 20 00:46:25 UTC 2024'
      machine: x86_64
      compiler: 'musl-gcc 13.2.1'
      uptime: 116
      totalram: 66333831168
      freeram: 61629145088
      sharedram: 113532928
      bufferram: 113487872
      totalswap: 0
      freeswap: 0
      pagesize: 4096
      cpus: 8
      cpus-online: 8
      ticks-per-second: 100

metrics:
    - stressor: cpu
      bogo-ops: 21450
      bogo-ops-per-second-usr-sys-time: 2144.958602
      bogo-ops-per-second-real-time: 2144.984249
      wall-clock-time: 10.000073
      user-time: 10.000193
      system-time: 0.000000
      cpu-usage-per-instance: 100.001196
      max-rss: 3792

...
