---
system-info:
      stress-ng-version: 0.17.08
      run-by: root
      date-yyyy-mm-dd: 2024:06:08
      time-hh-mm-ss: 05:40:49
      epoch-secs: 1717825249
      hostname: 4d84cab311ad
      sysname: Linux
      nodename: 4d84cab311ad
      release: 6.8.0-1008-aws
      version: '#8-Ubuntu SMP Sat Apr 20 00:46:25 UTC 2024'
      machine: x86_64
      compiler: 'musl-gcc 13.2.1'
      uptime: 121
      totalram: 811214798848
      freeram: 804709212160
      sharedram: 78716928
      bufferram: 96751616
      totalswap: 0
      freeswap: 0
      pagesize: 4096
      cpus: 96
      cpus-online: 96
      ticks-per-second: 100

metrics:
    - stressor: cpu
      bogo-ops: 987074
      bogo-ops-per-second-usr-sys-time: 1028.855322
      bogo-ops-per-second-real-time: 98687.726972
      wall-clock-time: 10.001993
      user-time: 959.254548
      system-time: 0.135931
      cpu-usage-per-instance: 99.916590
      max-rss: 3072

...
