---
system-info:
      stress-ng-version: 0.17.08
      run-by: root
      date-yyyy-mm-dd: 2024:06:13
      time-hh-mm-ss: 18:55:41
      epoch-secs: 1718304941
      hostname: 3bc248214d0a
      sysname: Linux
      nodename: 3bc248214d0a
      release: 6.8.0-1008-aws
      version: '#8-Ubuntu SMP Sat Apr 20 00:46:25 UTC 2024'
      machine: x86_64
      compiler: 'musl-gcc 13.2.1'
      uptime: 153
      totalram: 811214786560
      freeram: 804712157184
      sharedram: 78716928
      bufferram: 105562112
      totalswap: 0
      freeswap: 0
      pagesize: 4096
      cpus: 96
      cpus-online: 96
      ticks-per-second: 100

metrics:
    - stressor: cpu
      bogo-ops: 1639132
      bogo-ops-per-second-usr-sys-time: 854.069714
      bogo-ops-per-second-real-time: 81956.201834
      wall-clock-time: 20.000097
      user-time: 1919.171666
      system-time: 0.029980
      cpu-usage-per-instance: 99.957933
      max-rss: 0

...
