BaselineInfo:
  WebDBID: -1
  TimeStamp: 20260620211621
Version:
  Major: 11
  Minor: 0
  Build: 1004
  SpecialBuildName: ""
  ptArchitecture: x86_64_linux
Results:
  Results Complete: true
  NumTestProcesses: 32
  CPU_INTEGER_MATH: 212688.87799999994
  CPU_FLOATINGPOINT_MATH: 123102.18975144245
  CPU_PRIME: 280.17155183093234
  CPU_SORTING: 89504.427349377016
  CPU_ENCRYPTION: 39942.192279331408
  CPU_COMPRESSION: 703369.34560771799
  CPU_SINGLETHREAD: 3856.3879657601215
  CPU_PHYSICS: 6032.3169322886779
  CPU_MATRIX_MULT_SSE: 53359.632575298194
  CPU_mm: 5213.2322161617467
  CPU_sse: 19655.928945778498
  CPU_fma: 57506.244166629709
  CPU_avx: 55993.325370678198
  CPU_avx512: 80283.031818106378
  m_CPU_enc_SHA: 51059226376.745964
  m_CPU_enc_AES: 41369935466.217697
  m_CPU_enc_ECDSA: 33218110791.512932
  ME_ALLOC_S: 19274.890818825232
  ME_READ_S: 34155.285546874999
  ME_READ_L: 31176.837890625
  ME_WRITE: 30573.78125
  ME_LARGE: 506475.5
  ME_LATENCY: 79.978915145994108
  ME_THREADED: 114876.56982421875
  SUMM_CPU: 57541.157667745574
  SUMM_ME: 2887.8347192084511
SystemInformation:
  OSName: Ubuntu 24.04.4 LTS
  Kernel: 6.17.0-1018-azure
  Device: ""
  Processor: "AMD EPYC 9V45 96-Core Processor                "
  NumSockets: 1
  Manufacturer: AuthenticAMD
  NumCores: 16
  NumLogicals: 32
  CPUFrequency: 0
  CPUMaxFrequency: 0
  Memory: 515780
  CPUInfo:
    number: 1
    Family: 15
    Model: 2
    stepping: 1
    features: 395049983
    manufacture: AuthenticAMD
    typestring: "AMD EPYC 9V45 96-Core Processor                "
    iCoresPerPackage: 16
    iThreadsPerPackage: 2
    featuresEx:
      - 395049983
      - 4277809667
      - 802421759
    bHybrid: false
    nPCore: 0
    nLogicalsPerPCore: 0
    nECore: 0
    nLogicalsPerECore: 0
  MemModuleInfo:
    iNumMemSticks: 3
    DIMM 1:
      manufacturer: Microsoft Corporation
      modulePartNo: None
      memType: Unknown
      size: 1
      clkspeed: 0
      moduleVoltage: 0
    DIMM 2:
      manufacturer: Microsoft Corporation
      modulePartNo: None
      memType: Unknown
      size: 59
      clkspeed: 0
      moduleVoltage: 0
    DIMM 3:
      manufacturer: Microsoft Corporation
      modulePartNo: None
      memType: Unknown
      size: 452
      clkspeed: 0
      moduleVoltage: 0
Checksum: 45EFA55FBF2DE7EDAA8B5F96230219381A82047D