---
system-info:
      stress-ng-version: 0.17.08
      run-by: root
      date-yyyy-mm-dd: 2024:07:03
      time-hh-mm-ss: 11:25:00
      epoch-secs: 1720005900
      hostname: n2d-highcpu-224-ed473e2
      sysname: Linux
      nodename: n2d-highcpu-224-ed473e2
      release: 6.8.0-1009-gcp
      version: '#10-Ubuntu SMP Wed Jun 12 18:52:23 UTC 2024'
      machine: x86_64
      compiler: 'musl-gcc 13.2.1'
      uptime: 197
      totalram: 236553142272
      freeram: 229731303424
      sharedram: 69414912
      bufferram: 132849664
      totalswap: 0
      freeswap: 0
      pagesize: 4096
      cpus: 224
      cpus-online: 224
      ticks-per-second: 100

metrics:
    - stressor: cpu
      bogo-ops: 56596
      bogo-ops-per-second-usr-sys-time: 2830.034751
      bogo-ops-per-second-real-time: 2829.790285
      wall-clock-time: 20.000069
      user-time: 19.998341
      system-time: 0.000000
      cpu-usage-per-instance: 99.991362
      max-rss: 0

...
