BaselineInfo:
  WebDBID: -1
  TimeStamp: 20260206233943
Version:
  Major: 11
  Minor: 0
  Build: 1004
  SpecialBuildName: ""
  ptArchitecture: x86_64_linux
Results:
  Results Complete: true
  NumTestProcesses: 128
  CPU_INTEGER_MATH: 660071.37999999966
  CPU_FLOATINGPOINT_MATH: 477762.74508130882
  CPU_PRIME: 1054.6666233537817
  CPU_SORTING: 328914.42269950692
  CPU_ENCRYPTION: 144949.06555886453
  CPU_COMPRESSION: 2553925.1199856843
  CPU_SINGLETHREAD: 3265.0509172558282
  CPU_PHYSICS: 18196.347317764961
  CPU_MATRIX_MULT_SSE: 176777.58770649438
  CPU_mm: 19192.628355484187
  CPU_sse: 79853.005479707208
  CPU_fma: 206695.45762551701
  CPU_avx: 165599.57406246869
  CPU_avx512: 254962.3136582849
  m_CPU_enc_SHA: 153268032679.46249
  m_CPU_enc_AES: 200397879552.15839
  m_CPU_enc_ECDSA: 102304421870.73482
  ME_ALLOC_S: 33218.791099379217
  ME_READ_S: 28655.336523437501
  ME_READ_L: 14919.150390625
  ME_WRITE: 11031.3046875
  ME_LARGE: 999831.5
  ME_LATENCY: 68.468243012798439
  ME_THREADED: 409914.7451171875
  SUMM_CPU: 122894.8909358729
  SUMM_ME: 2684.882258609457
SystemInformation:
  OSName: Ubuntu 24.04.3 LTS
  Kernel: 6.14.0-1018-aws
  Device: ""
  Processor: Intel(R) Xeon(R) 6975P-C
  NumSockets: 1
  Manufacturer: GenuineIntel
  NumCores: 64
  NumLogicals: 128
  CPUFrequency: 0
  CPUMaxFrequency: 0
  Memory: 1015773
  CPUInfo:
    number: 1
    Family: 6
    Model: 13
    stepping: 1
    features: 529267711
    manufacture: GenuineIntel
    typestring: Intel(R) Xeon(R) 6975P-C
    iCoresPerPackage: 64
    iThreadsPerPackage: 2
    featuresEx:
      - 529267711
      - 4294619651
      - 739248128
    bHybrid: false
    nPCore: 0
    nLogicalsPerPCore: 0
    nECore: 0
    nLogicalsPerECore: 0
  MemModuleInfo:
    iNumMemSticks: 2
    DIMM 1:
      manufacturer: Not Specified
      modulePartNo: Not Specified
      memType: DDR5
      size: 512
      clkspeed: 3600
      moduleVoltage: 0
    DIMM 2:
      manufacturer: Not Specified
      modulePartNo: Not Specified
      memType: DDR5
      size: 512
      clkspeed: 3600
      moduleVoltage: 0
Checksum: 259685FBA43EB7006A6C88FCA7161C07BAB1E1A8