---
system-info:
      stress-ng-version: 0.17.08
      run-by: root
      date-yyyy-mm-dd: 2024:06:16
      time-hh-mm-ss: 03:40:46
      epoch-secs: 1718509246
      hostname: 97bcf654687f
      sysname: Linux
      nodename: 97bcf654687f
      release: 6.8.0-1008-aws
      version: '#8-Ubuntu SMP Sat Apr 20 02:43:14 UTC 2024'
      machine: aarch64
      compiler: 'musl-gcc 13.2.1'
      uptime: 112
      totalram: 539744825344
      freeram: 534538698752
      sharedram: 35799040
      bufferram: 107638784
      totalswap: 0
      freeswap: 0
      pagesize: 4096
      cpus: 64
      cpus-online: 64
      ticks-per-second: 100

metrics:
    - stressor: cpu
      bogo-ops: 1961553
      bogo-ops-per-second-usr-sys-time: 1532.904960
      bogo-ops-per-second-real-time: 98077.288653
      wall-clock-time: 20.000074
      user-time: 1279.612206
      system-time: 0.018985
      cpu-usage-per-instance: 99.970818
      max-rss: 512

...
