---
system-info:
      stress-ng-version: 0.17.08
      run-by: root
      date-yyyy-mm-dd: 2024:06:09
      time-hh-mm-ss: 22:56:09
      epoch-secs: 1717973769
      hostname: 11e6b9e71440
      sysname: Linux
      nodename: 11e6b9e71440
      release: 6.8.0-1008-aws
      version: '#8-Ubuntu SMP Sat Apr 20 02:43:14 UTC 2024'
      machine: aarch64
      compiler: 'musl-gcc 13.2.1'
      uptime: 108
      totalram: 539744825344
      freeram: 534280183808
      sharedram: 35799040
      bufferram: 111972352
      totalswap: 0
      freeswap: 0
      pagesize: 4096
      cpus: 64
      cpus-online: 64
      ticks-per-second: 100

metrics:
    - stressor: cpu
      bogo-ops: 273040
      bogo-ops-per-second-usr-sys-time: 424.991669
      bogo-ops-per-second-real-time: 27186.373002
      wall-clock-time: 10.043267
      user-time: 642.405677
      system-time: 0.053975
      cpu-usage-per-instance: 99.951860
      max-rss: 3584

...
