---
system-info:
      stress-ng-version: 0.17.08
      run-by: root
      date-yyyy-mm-dd: 2024:07:03
      time-hh-mm-ss: 04:33:00
      epoch-secs: 1719981180
      hostname: n2-highmem-48-c6bd0f7
      sysname: Linux
      nodename: n2-highmem-48-c6bd0f7
      release: 6.8.0-1009-gcp
      version: '#10-Ubuntu SMP Wed Jun 12 18:52:23 UTC 2024'
      machine: x86_64
      compiler: 'musl-gcc 13.2.1'
      uptime: 183
      totalram: 405737029632
      freeram: 399644741632
      sharedram: 70791168
      bufferram: 131293184
      totalswap: 0
      freeswap: 0
      pagesize: 4096
      cpus: 48
      cpus-online: 48
      ticks-per-second: 100

metrics:
    - stressor: cpu
      bogo-ops: 28196
      bogo-ops-per-second-usr-sys-time: 1409.851671
      bogo-ops-per-second-real-time: 1409.793345
      wall-clock-time: 20.000094
      user-time: 19.999267
      system-time: 0.000000
      cpu-usage-per-instance: 99.995863
      max-rss: 1152

...
