BaselineInfo:
  WebDBID: -1
  TimeStamp: 20241109233618
Version:
  Major: 11
  Minor: 0
  Build: 1002
  SpecialBuildName: ""
  ptArchitecture: x86_64_linux
Results:
  Results Complete: true
  NumTestProcesses: 64
  CPU_INTEGER_MATH: 146321.67533333338
  CPU_FLOATINGPOINT_MATH: 78519.545552850803
  CPU_PRIME: 234.09203700381346
  CPU_SORTING: 75586.934080330539
  CPU_ENCRYPTION: 20132.527963184082
  CPU_COMPRESSION: 637020.32966955414
  CPU_SINGLETHREAD: 1487.4320963948603
  CPU_PHYSICS: 4318.8920285967397
  CPU_MATRIX_MULT_SSE: 47657.196237905839
  CPU_mm: 4449.3117848918882
  CPU_sse: 15806.038376223734
  CPU_fma: 54429.554627305035
  CPU_avx: 38455.571346156743
  CPU_avx512: 81937.620601937801
  m_CPU_enc_SHA: 6619870798.5055466
  m_CPU_enc_AES: 50796322998.746674
  m_CPU_enc_ECDSA: 5915263127.3188753
  ME_ALLOC_S: 17739.683724681792
  ME_READ_S: 18276.906835937501
  ME_READ_L: 7461.89306640625
  ME_WRITE: 7940.9990234375
  ME_LARGE: 503624.5
  ME_LATENCY: 60.017042088877098
  ME_THREADED: 124657.34350585938
  SUMM_CPU: 35347.101124172645
  SUMM_ME: 2147.3058213591498
SystemInformation:
  OSName: Ubuntu 24.04.1 LTS
  Kernel: 6.8.0-1017-azure
  Device: ""
  Processor: Intel Xeon Platinum 8280L CPU @ 2.70GHz
  NumSockets: 2
  Manufacturer: GenuineIntel
  NumCores: 32
  NumLogicals: 64
  CPUFrequency: 0
  Memory: 515956
  MemModuleInfo:
    iNumMemSticks: 4
    DIMM 1:
      manufacturer: Microsoft Corporation
      modulePartNo: None
      memType: Unknown
      size: 1
      clkspeed: 0
      moduleVoltage: 0
    DIMM 2:
      manufacturer: Microsoft Corporation
      modulePartNo: None
      memType: Unknown
      size: 60928
      clkspeed: 0
      moduleVoltage: 0
    DIMM 3:
      manufacturer: Microsoft Corporation
      modulePartNo: None
      memType: Unknown
      size: 200192
      clkspeed: 0
      moduleVoltage: 0
    DIMM 4:
      manufacturer: Microsoft Corporation
      modulePartNo: None
      memType: Unknown
      size: 256
      clkspeed: 0
      moduleVoltage: 0
Checksum: 1FAC9B1D4867297EF8AC37705E764792EC43C2E4