BaselineInfo:
  WebDBID: -1
  TimeStamp: 20241107151631
Version:
  Major: 11
  Minor: 0
  Build: 1002
  SpecialBuildName: ""
  ptArchitecture: x86_64_linux
Results:
  Results Complete: true
  NumTestProcesses: 4
  CPU_INTEGER_MATH: 24114.960666666666
  CPU_FLOATINGPOINT_MATH: 21280.240169520795
  CPU_PRIME: 77.72005181732483
  CPU_SORTING: 15052.887563863746
  CPU_ENCRYPTION: 5219.7543708691892
  CPU_COMPRESSION: 104442.69151945249
  CPU_SINGLETHREAD: 2889.8400674682475
  CPU_PHYSICS: 1323.576694803025
  CPU_MATRIX_MULT_SSE: 9708.483409145294
  CPU_mm: 1041.7145907169613
  CPU_sse: 4651.8902701991383
  CPU_fma: 13641.775190178738
  CPU_avx: 11707.882095641597
  CPU_avx512: 8832.3860805617078
  m_CPU_enc_SHA: 7210688202.432477
  m_CPU_enc_AES: 4572970120.8116693
  m_CPU_enc_ECDSA: 4636269154.3214464
  ME_ALLOC_S: 3886.5033286313142
  ME_READ_S: 27840.0185546875
  ME_READ_L: 27096.974609375
  ME_WRITE: 25831.916015625
  ME_LARGE: 5639.5
  ME_LATENCY: 78.813317940799365
  ME_THREADED: 36391.6064453125
  SUMM_CPU: 10567.104931565646
  SUMM_ME: 2214.3107361918019
SystemInformation:
  OSName: Ubuntu 24.04.1 LTS
  Kernel: 6.8.0-1016-aws
  Device: ""
  Processor: AMD EPYC 9R14
  NumSockets: 1
  Manufacturer: AuthenticAMD
  NumCores: 4
  NumLogicals: 4
  CPUFrequency: 0
  Memory: 15620
  MemModuleInfo:
    iNumMemSticks: 1
    DIMM 1:
      manufacturer: Not Specified
      modulePartNo: Not Specified
      memType: DDR5
      size: 16
      clkspeed: 2400
      moduleVoltage: 0
Checksum: 98429D9C77357584585E581EBB0F820E0B64C1B3