---
system-info:
      stress-ng-version: 0.17.08
      run-by: root
      date-yyyy-mm-dd: 2024:06:15
      time-hh-mm-ss: 05:55:34
      epoch-secs: 1718430934
      hostname: 489b627ca61f
      sysname: Linux
      nodename: 489b627ca61f
      release: 6.8.0-1008-aws
      version: '#8-Ubuntu SMP Sat Apr 20 02:43:14 UTC 2024'
      machine: aarch64
      compiler: 'musl-gcc 13.2.1'
      uptime: 135
      totalram: 16435384320
      freeram: 12153397248
      sharedram: 35000320
      bufferram: 109146112
      totalswap: 0
      freeswap: 0
      pagesize: 4096
      cpus: 4
      cpus-online: 4
      ticks-per-second: 100

metrics:
    - stressor: cpu
      bogo-ops: 30603
      bogo-ops-per-second-usr-sys-time: 1530.199655
      bogo-ops-per-second-real-time: 1530.145932
      wall-clock-time: 20.000053
      user-time: 19.990345
      system-time: 0.009006
      cpu-usage-per-instance: 99.996489
      max-rss: 1192

...
