---
system-info:
      stress-ng-version: 0.17.08
      run-by: root
      date-yyyy-mm-dd: 2024:06:08
      time-hh-mm-ss: 21:19:09
      epoch-secs: 1717881549
      hostname: 0c2044522926
      sysname: Linux
      nodename: 0c2044522926
      release: 6.8.0-1008-aws
      version: '#8-Ubuntu SMP Sat Apr 20 02:43:14 UTC 2024'
      machine: aarch64
      compiler: 'musl-gcc 13.2.1'
      uptime: 119
      totalram: 16435384320
      freeram: 12041277440
      sharedram: 35000320
      bufferram: 105377792
      totalswap: 0
      freeswap: 0
      pagesize: 4096
      cpus: 4
      cpus-online: 4
      ticks-per-second: 100

metrics:
    - stressor: cpu
      bogo-ops: 4267
      bogo-ops-per-second-usr-sys-time: 424.696198
      bogo-ops-per-second-real-time: 424.681784
      wall-clock-time: 10.047523
      user-time: 10.046182
      system-time: 0.001000
      cpu-usage-per-instance: 99.996606
      max-rss: 4008

...
