---
system-info:
      stress-ng-version: 0.17.08
      run-by: root
      date-yyyy-mm-dd: 2024:06:20
      time-hh-mm-ss: 23:28:21
      epoch-secs: 1718926101
      hostname: b54ee84abe68
      sysname: Linux
      nodename: b54ee84abe68
      release: 6.8.0-1008-gcp
      version: '#9-Ubuntu SMP Wed May 22 18:09:04 UTC 2024'
      machine: x86_64
      compiler: 'musl-gcc 13.2.1'
      uptime: 182
      totalram: 7796461568
      freeram: 2831646720
      sharedram: 48603136
      bufferram: 133967872
      totalswap: 0
      freeswap: 0
      pagesize: 4096
      cpus: 2
      cpus-online: 2
      ticks-per-second: 100

metrics:
    - stressor: cpu
      bogo-ops: 28982
      bogo-ops-per-second-usr-sys-time: 734.913567
      bogo-ops-per-second-real-time: 1449.086923
      wall-clock-time: 20.000180
      user-time: 39.419976
      system-time: 0.015954
      cpu-usage-per-instance: 98.588935
      max-rss: 1104

...
