---
system-info:
      stress-ng-version: 0.17.08
      run-by: root
      date-yyyy-mm-dd: 2024:07:03
      time-hh-mm-ss: 08:16:37
      epoch-secs: 1719994597
      hostname: n4-standard-80-075fd47
      sysname: Linux
      nodename: n4-standard-80-075fd47
      release: 6.8.0-1009-gcp
      version: '#10-Ubuntu SMP Wed Jun 12 18:52:23 UTC 2024'
      machine: x86_64
      compiler: 'musl-gcc 13.2.1'
      uptime: 127
      totalram: 337875382272
      freeram: 331984297984
      sharedram: 274714624
      bufferram: 130326528
      totalswap: 0
      freeswap: 0
      pagesize: 4096
      cpus: 80
      cpus-online: 80
      ticks-per-second: 100

metrics:
    - stressor: cpu
      bogo-ops: 1280852
      bogo-ops-per-second-usr-sys-time: 800.753358
      bogo-ops-per-second-real-time: 64042.296846
      wall-clock-time: 20.000095
      user-time: 1599.533718
      system-time: 0.024982
      cpu-usage-per-instance: 99.971946
      max-rss: 640

...
