BaselineInfo:
  WebDBID: -1
  TimeStamp: 20241109005228
Version:
  Major: 11
  Minor: 0
  Build: 1002
  SpecialBuildName: ""
  ptArchitecture: aarch64_linux
Results:
  Results Complete: true
  NumTestProcesses: 48
  CPU_INTEGER_MATH: 226356.85133333335
  CPU_FLOATINGPOINT_MATH: 171834.25401820434
  CPU_PRIME: 214.02274588525626
  CPU_SORTING: 156336.46944524816
  CPU_ENCRYPTION: 7762.6636218009735
  CPU_COMPRESSION: 272501.31472913187
  CPU_SINGLETHREAD: 1323.0670278026244
  CPU_PHYSICS: 3497.1647610651535
  CPU_MATRIX_MULT_SSE: 35712.34922506108
  CPU_mm: 5981.1730555696367
  CPU_sse: 29885.03257794604
  CPU_fma: 41539.665872176112
  CPU_avx: 0
  CPU_avx512: 0
  m_CPU_enc_SHA: 11543097162.785385
  m_CPU_enc_AES: 5404643058.4682207
  m_CPU_enc_ECDSA: 7471488088.4271231
  ME_ALLOC_S: 20474.283247049032
  ME_READ_S: 11295.708789062501
  ME_READ_L: 8596.8095703125
  ME_WRITE: 14944.1796875
  ME_LARGE: 179958.41666666666
  ME_LATENCY: 69.600778814544682
  ME_THREADED: 180266.11962890625
  SUMM_CPU: 27398.59948994108
  SUMM_ME: 1963.3569450719456
SystemInformation:
  OSName: Ubuntu 24.04.1 LTS
  Kernel: 6.8.0-1015-gcp
  Device: ""
  Processor: ARM Neoverse-N1 48 Core 0 MHz
  NumSockets: 1
  Manufacturer: ARM
  NumCores: 48
  NumLogicals: 48
  CPUFrequency: 0
  Memory: 192831
Checksum: 780B8BCA91139CF7EAD1F4B04F0D0037EBE054FC