BaselineInfo:
  WebDBID: -1
  TimeStamp: 20241109110134
Version:
  Major: 11
  Minor: 0
  Build: 1002
  SpecialBuildName: ""
  ptArchitecture: x86_64_linux
Results:
  Results Complete: true
  NumTestProcesses: 32
  CPU_INTEGER_MATH: 165749.05033333335
  CPU_FLOATINGPOINT_MATH: 117908.81600205817
  CPU_PRIME: 268.68983728199134
  CPU_SORTING: 81577.053731979307
  CPU_ENCRYPTION: 36527.495143128654
  CPU_COMPRESSION: 589229.7436800279
  CPU_SINGLETHREAD: 3164.4983267864054
  CPU_PHYSICS: 5912.9739049648833
  CPU_MATRIX_MULT_SSE: 43434.464557985571
  CPU_mm: 4543.2592561582287
  CPU_sse: 19683.50792055851
  CPU_fma: 49631.340099266919
  CPU_avx: 39668.685698097783
  CPU_avx512: 64754.324514019041
  m_CPU_enc_SHA: 38627514099.997314
  m_CPU_enc_AES: 50143191102.712646
  m_CPU_enc_ECDSA: 26134859038.893826
  ME_ALLOC_S: 17955.361221191124
  ME_READ_S: 28785.277148437501
  ME_READ_L: 10108.880859375
  ME_WRITE: 14719.263671875
  ME_LARGE: 242811.08333333334
  ME_LATENCY: 73.541607197673841
  ME_THREADED: 189323.1826171875
  SUMM_CPU: 49575.635785932442
  SUMM_ME: 2451.8043207676151
SystemInformation:
  OSName: Ubuntu 24.04.1 LTS
  Kernel: 6.8.0-1016-aws
  Device: ""
  Processor: Intel Xeon Gold 6455B
  NumSockets: 1
  Manufacturer: GenuineIntel
  NumCores: 16
  NumLogicals: 32
  CPUFrequency: 0
  Memory: 253668
  MemModuleInfo:
    iNumMemSticks: 1
    DIMM 1:
      manufacturer: Not Specified
      modulePartNo: Not Specified
      memType: DDR5
      size: 256
      clkspeed: 2400
      moduleVoltage: 0
Checksum: A8CCD43A444DA80289677B7174E3D0DD90A9DB24