size_kb,operation,bandwidth_mb_s,latency_ns,latency_stddev_ns,latency_samples,threads,iterations,elapsed_s
32,read,3595108.31,0,0,0,48,409165,0.170717
32,write,3978645.21,0,0,0,48,581395,0.219193
32,copy,2951267.44,0,0,0,48,276243,0.140402
32,latency,0,2.15,0.00,7,1,7,0.308773
128,read,2971874.32,0,0,0,48,96899,0.195632
128,write,3551329.44,0,0,0,48,148104,0.250223
128,copy,2233140.45,0,0,0,48,108601,0.291789
128,latency,0,2.83,0.00,7,1,7,0.656744
1024,read,2639187.09,0,0,0,48,17909,0.325718
1024,write,3512949.09,0,0,0,48,21173,0.289302
1024,copy,1074349.18,0,0,0,48,12541,0.560309
1024,latency,0,5.22,0.00,7,1,7,0.702375
2048,read,1315498.66,0,0,0,48,6042,0.440922
2048,write,2302732.65,0,0,0,48,10416,0.434239
2048,copy,398420.73,0,0,0,48,4350,1.048138
2048,latency,0,8.76,0.07,7,1,7,0.636127
4096,read,654323.42,0,0,0,48,2452,0.719497
4096,write,826806.37,0,0,0,48,4790,1.112328
4096,copy,270158.36,0,0,0,48,1919,1.363822
4096,latency,0,16.42,0.11,7,1,7,0.683669
8192,read,488217.48,0,0,0,48,1002,0.788108
8192,write,555181.34,0,0,0,48,2233,1.544490
8192,copy,230291.02,0,0,0,48,911,1.519052
8192,latency,0,84.50,1.71,7,1,7,0.734534
16384,read,425934.61,0,0,0,48,476,0.858273
16384,write,467312.83,0,0,0,48,983,1.615500
16384,copy,216367.46,0,0,0,48,450,1.597283
16384,latency,0,77.04,25.67,21,1,21,4.813226
32768,read,400994.79,0,0,0,48,208,0.796739
32768,write,428134.55,0,0,0,48,524,1.879932
32768,copy,207367.41,0,0,0,48,218,1.614757
32768,latency,0,103.93,2.27,7,1,7,2.343360
65536,read,390731.30,0,0,0,48,122,0.959186
65536,write,404955.57,0,0,0,48,248,1.881332
65536,copy,208046.51,0,0,0,48,111,1.639018
65536,latency,0,109.70,0.56,7,1,7,5.002337
131072,read,385955.98,0,0,0,48,61,0.971054
131072,write,401516.32,0,0,0,48,126,1.928051
131072,copy,207388.22,0,0,0,48,55,1.629408
131072,latency,0,113.82,0.45,7,1,7,10.447124
