BaselineInfo:
  WebDBID: -1
  TimeStamp: 20241114225016
Version:
  Major: 11
  Minor: 0
  Build: 1002
  SpecialBuildName: ""
  ptArchitecture: aarch64_linux
Results:
  Results Complete: true
  NumTestProcesses: 2
  CPU_INTEGER_MATH: 10405.570666666667
  CPU_FLOATINGPOINT_MATH: 12088.387195008429
  CPU_PRIME: 34.879658973180113
  CPU_SORTING: 9176.3085081663885
  CPU_ENCRYPTION: 372.53303970399111
  CPU_COMPRESSION: 13084.406329798127
  CPU_SINGLETHREAD: 1944.6581995866741
  CPU_PHYSICS: 685.18920960003925
  CPU_MATRIX_MULT_SSE: 1835.3035667294789
  CPU_mm: 228.75304889896316
  CPU_sse: 1439.2479980664498
  CPU_fma: 2231.3591353925081
  CPU_avx: 0
  CPU_avx512: 0
  m_CPU_enc_SHA: 588740241.85976207
  m_CPU_enc_AES: 213964988.31756079
  m_CPU_enc_ECDSA: 369182383.74463356
  ME_ALLOC_S: 3002.437144506589
  ME_READ_S: 21126.718945312499
  ME_READ_L: 19744.36328125
  ME_WRITE: 21284.88671875
  ME_LARGE: 615.75
  ME_LATENCY: 46.716399289678229
  ME_THREADED: 38386.296875
  SUMM_CPU: 1986.1195198387502
  SUMM_ME: 1159.3859286502475
SystemInformation:
  OSName: Ubuntu 24.04.1 LTS
  Kernel: 6.8.0-1018-aws
  Device: ""
  Processor: ARM Neoverse-V2 2 Core 0 MHz
  NumSockets: 1
  Manufacturer: ARM
  NumCores: 2
  NumLogicals: 2
  CPUFrequency: 0
  Memory: 3807
Checksum: FDA8315F79E42755A1CA1D5EDED517B295F781EA