BaselineInfo:
  WebDBID: -1
  TimeStamp: 20241107041954
Version:
  Major: 11
  Minor: 0
  Build: 1002
  SpecialBuildName: ""
  ptArchitecture: aarch64_linux
Results:
  Results Complete: true
  NumTestProcesses: 2
  CPU_INTEGER_MATH: 10395.417666666666
  CPU_FLOATINGPOINT_MATH: 12085.380889477183
  CPU_PRIME: 34.798311228771681
  CPU_SORTING: 9197.1537017736755
  CPU_ENCRYPTION: 373.71191510444237
  CPU_COMPRESSION: 13101.818391672135
  CPU_SINGLETHREAD: 1943.4640246612385
  CPU_PHYSICS: 673.44070344285296
  CPU_MATRIX_MULT_SSE: 1828.8806138347391
  CPU_mm: 224.81089172317769
  CPU_sse: 1438.4575304788361
  CPU_fma: 2219.3036971906417
  CPU_avx: 0
  CPU_avx512: 0
  m_CPU_enc_SHA: 591733622.59375477
  m_CPU_enc_AES: 213864885.26743239
  m_CPU_enc_ECDSA: 369997527.41648006
  ME_ALLOC_S: 2957.8739547685509
  ME_READ_S: 20084.7880859375
  ME_READ_L: 19725.01171875
  ME_WRITE: 21294.951171875
  ME_LARGE: 578.33333333333337
  ME_LATENCY: 47.194169415806194
  ME_THREADED: 38318.6015625
  SUMM_CPU: 1988.3120089548058
  SUMM_ME: 1107.8202710837934
SystemInformation:
  OSName: Ubuntu 24.04.1 LTS
  Kernel: 6.8.0-1016-aws
  Device: ""
  Processor: ARM Neoverse-V2 2 Core 0 MHz
  NumSockets: 1
  Manufacturer: ARM
  NumCores: 2
  NumLogicals: 2
  CPUFrequency: 0
  Memory: 3807
Checksum: 100D90A0E72DE9703712BBA91C104DEABA553350