BaselineInfo:
  WebDBID: -1
  TimeStamp: 20241115150201
Version:
  Major: 11
  Minor: 0
  Build: 1002
  SpecialBuildName: ""
  ptArchitecture: aarch64_linux
Results:
  Results Complete: true
  NumTestProcesses: 2
  CPU_INTEGER_MATH: 10408.150333333335
  CPU_FLOATINGPOINT_MATH: 12087.326307079584
  CPU_PRIME: 35.10190868949465
  CPU_SORTING: 9165.6963578337891
  CPU_ENCRYPTION: 373.33143745362929
  CPU_COMPRESSION: 13105.855844451627
  CPU_SINGLETHREAD: 1944.1290667076153
  CPU_PHYSICS: 684.71391954844103
  CPU_MATRIX_MULT_SSE: 1837.8353349484801
  CPU_mm: 227.18855170211944
  CPU_sse: 1444.2902256528523
  CPU_fma: 2231.3804442441078
  CPU_avx: 0
  CPU_avx512: 0
  m_CPU_enc_SHA: 587424976.2096256
  m_CPU_enc_AES: 214315077.23243862
  m_CPU_enc_ECDSA: 372659102.6360662
  ME_ALLOC_S: 3000.7353934056491
  ME_READ_S: 21154.596093749999
  ME_READ_L: 19738.181640625
  ME_WRITE: 21299.484375
  ME_LARGE: 564
  ME_LATENCY: 46.439504261965034
  ME_THREADED: 38318.375
  SUMM_CPU: 1989.1666556839223
  SUMM_ME: 1099.2884775056486
SystemInformation:
  OSName: Ubuntu 24.04.1 LTS
  Kernel: 6.8.0-1018-aws
  Device: ""
  Processor: ARM Neoverse-V2 2 Core 0 MHz
  NumSockets: 1
  Manufacturer: ARM
  NumCores: 2
  NumLogicals: 2
  CPUFrequency: 0
  Memory: 3807
Checksum: E69A96EE234CB0675FC8901A696162D8FFF54925