BaselineInfo:
  WebDBID: -1
  TimeStamp: 20260620011137
Version:
  Major: 11
  Minor: 0
  Build: 1004
  SpecialBuildName: ""
  ptArchitecture: x86_64_linux
Results:
  Results Complete: true
  NumTestProcesses: 32
  CPU_INTEGER_MATH: 209520.26633333333
  CPU_FLOATINGPOINT_MATH: 122537.75587582171
  CPU_PRIME: 307.66608411038811
  CPU_SORTING: 93052.985919386731
  CPU_ENCRYPTION: 40280.82407424719
  CPU_COMPRESSION: 726468.85757592705
  CPU_SINGLETHREAD: 3740.0585892926647
  CPU_PHYSICS: 6508.2447191682795
  CPU_MATRIX_MULT_SSE: 57831.415107370005
  CPU_mm: 5557.0058268111325
  CPU_sse: 20835.226817267408
  CPU_fma: 61855.087327076617
  CPU_avx: 60140.80672549954
  CPU_avx512: 88494.539559636454
  m_CPU_enc_SHA: 51128015680.091743
  m_CPU_enc_AES: 41644493272.710991
  m_CPU_enc_ECDSA: 33940007200.630753
  ME_ALLOC_S: 18707.696732065921
  ME_READ_S: 33545.234570312503
  ME_READ_L: 29272.80859375
  ME_WRITE: 29871.16796875
  ME_LARGE: 55360.833333333336
  ME_LATENCY: 80.291525612965088
  ME_THREADED: 155877.20922851562
  SUMM_CPU: 58453.588152166441
  SUMM_ME: 2832.9559532534349
SystemInformation:
  OSName: Ubuntu 24.04.4 LTS
  Kernel: 6.17.0-1018-azure
  Device: ""
  Processor: "AMD EPYC 9V45 96-Core Processor                "
  NumSockets: 1
  Manufacturer: AuthenticAMD
  NumCores: 16
  NumLogicals: 32
  CPUFrequency: 0
  CPUMaxFrequency: 0
  Memory: 64292
  CPUInfo:
    number: 1
    Family: 15
    Model: 2
    stepping: 1
    features: 395049983
    manufacture: AuthenticAMD
    typestring: "AMD EPYC 9V45 96-Core Processor                "
    iCoresPerPackage: 16
    iThreadsPerPackage: 2
    featuresEx:
      - 395049983
      - 4277809667
      - 802421759
    bHybrid: false
    nPCore: 0
    nLogicalsPerPCore: 0
    nECore: 0
    nLogicalsPerECore: 0
  MemModuleInfo:
    iNumMemSticks: 3
    DIMM 1:
      manufacturer: Microsoft Corporation
      modulePartNo: None
      memType: Unknown
      size: 1
      clkspeed: 0
      moduleVoltage: 0
    DIMM 2:
      manufacturer: Microsoft Corporation
      modulePartNo: None
      memType: Unknown
      size: 59
      clkspeed: 0
      moduleVoltage: 0
    DIMM 3:
      manufacturer: Microsoft Corporation
      modulePartNo: None
      memType: Unknown
      size: 4
      clkspeed: 0
      moduleVoltage: 0
Checksum: 212D814263FF24DC437366D42561176E6D0A8CE6