BaselineInfo:
  WebDBID: -1
  TimeStamp: 20241107151700
Version:
  Major: 11
  Minor: 0
  Build: 1002
  SpecialBuildName: ""
  ptArchitecture: aarch64_linux
Results:
  Results Complete: true
  NumTestProcesses: 8
  CPU_INTEGER_MATH: 38158.618666666669
  CPU_FLOATINGPOINT_MATH: 37940.687938357034
  CPU_PRIME: 92.446011791283297
  CPU_SORTING: 31616.578408239609
  CPU_ENCRYPTION: 1115.055210931456
  CPU_COMPRESSION: 42250.282817771309
  CPU_SINGLETHREAD: 1565.9073345348634
  CPU_PHYSICS: 2023.8719827381644
  CPU_MATRIX_MULT_SSE: 6644.6245532510729
  CPU_mm: 867.32186184985369
  CPU_sse: 5587.5870628286966
  CPU_fma: 7701.6620436734493
  CPU_avx: 0
  CPU_avx512: 0
  m_CPU_enc_SHA: 1690154786.9735732
  m_CPU_enc_AES: 654601213.6672622
  m_CPU_enc_ECDSA: 1162904397.9321523
  ME_ALLOC_S: 8044.5872502647126
  ME_READ_S: 19657.894140625001
  ME_READ_L: 18698.65625
  ME_WRITE: 19657.703125
  ME_LARGE: 21558.25
  ME_LATENCY: 52.489957625452263
  ME_THREADED: 139469.6171875
  SUMM_CPU: 6070.6376880073012
  SUMM_ME: 2868.5500383599283
SystemInformation:
  OSName: Ubuntu 24.04.1 LTS
  Kernel: 6.8.0-1016-aws
  Device: ""
  Processor: ARM Neoverse-V1 8 Core 0 MHz
  NumSockets: 1
  Manufacturer: ARM
  NumCores: 8
  NumLogicals: 8
  CPUFrequency: 0
  Memory: 31493
Checksum: 6EAE706419F2A464025990E5CDCEC91B6912E369