BaselineInfo:
  WebDBID: -1
  TimeStamp: 20250702112933
Version:
  Major: 11
  Minor: 0
  Build: 1002
  SpecialBuildName: ""
  ptArchitecture: x86_64_linux
Results:
  Results Complete: true
  NumTestProcesses: 4
  CPU_INTEGER_MATH: 22228.419666666665
  CPU_FLOATINGPOINT_MATH: 16127.419739053248
  CPU_PRIME: 48.883877147200721
  CPU_SORTING: 11667.608736594131
  CPU_ENCRYPTION: 4949.2852535932743
  CPU_COMPRESSION: 88900.018616097805
  CPU_SINGLETHREAD: 3521.8519899013995
  CPU_PHYSICS: 1051.0379509865875
  CPU_MATRIX_MULT_SSE: 5756.7876447133776
  CPU_mm: 631.38610645857557
  CPU_sse: 2688.4665842318864
  CPU_fma: 7020.0791529297712
  CPU_avx: 5453.8802865306543
  CPU_avx512: 7864.7245551611995
  m_CPU_enc_SHA: 5192074955.2762947
  m_CPU_enc_AES: 6768600958.1229382
  m_CPU_enc_ECDSA: 3608429288.8162308
  ME_ALLOC_S: 3030.753881702668
  ME_READ_S: 30244.897070312501
  ME_READ_L: 17220.833984375
  ME_WRITE: 8836.4091796875
  ME_LARGE: 5659
  ME_LATENCY: 63.19734736435786
  ME_THREADED: 44036.470703125
  SUMM_CPU: 8682.2040881898392
  SUMM_ME: 2201.6254583110845
SystemInformation:
  OSName: Ubuntu 24.04.2 LTS
  Kernel: 6.11.0-1016-gcp
  Device: ""
  Processor: Intel Xeon 6985P-C CPU @ 2.30GHz
  NumSockets: 1
  Manufacturer: GenuineIntel
  NumCores: 2
  NumLogicals: 4
  CPUFrequency: 0
  Memory: 14981
  MemModuleInfo:
    iNumMemSticks: 1
    DIMM 1:
      manufacturer: ""
      modulePartNo: ""
      memType: RAM
      size: 15
      clkspeed: 0
      moduleVoltage: 0
Checksum: F89593C9EDA55C887A148E2B7343B1EB4BFB3C06