BaselineInfo:
  WebDBID: -1
  TimeStamp: 20251216122610
Version:
  Major: 11
  Minor: 0
  Build: 1002
  SpecialBuildName: ""
  ptArchitecture: x86_64_linux
Results:
  Results Complete: true
  NumTestProcesses: 8
  CPU_INTEGER_MATH: 48283.526333333328
  CPU_FLOATINGPOINT_MATH: 44414.187327360247
  CPU_PRIME: 155.8411884044545
  CPU_SORTING: 31079.009679931823
  CPU_ENCRYPTION: 10452.517217504897
  CPU_COMPRESSION: 210127.96048536524
  CPU_SINGLETHREAD: 2938.42774096123
  CPU_PHYSICS: 2848.808792332009
  CPU_MATRIX_MULT_SSE: 19892.436634605721
  CPU_mm: 2086.0186023461079
  CPU_sse: 9551.4276366715167
  CPU_fma: 27251.584658537809
  CPU_avx: 22874.297608607838
  CPU_avx512: 0
  m_CPU_enc_SHA: 14391797030.094059
  m_CPU_enc_AES: 9166841389.795414
  m_CPU_enc_ECDSA: 9322137661.697773
  ME_ALLOC_S: 8636.2786985841867
  ME_READ_S: 27882.2470703125
  ME_READ_L: 26314.45703125
  ME_WRITE: 25510.982421875
  ME_LARGE: 50784.25
  ME_LATENCY: 68.340523254130062
  ME_THREADED: 205398.234375
  SUMM_CPU: 20449.242353198664
  SUMM_ME: 2964.7278937876104
SystemInformation:
  OSName: Ubuntu 24.04.2 LTS
  Kernel: 6.8.0-86-generic
  Device: ""
  Processor: AMD EPYC-Milan Processor
  NumSockets: 8
  Manufacturer: AuthenticAMD
  NumCores: 8
  NumLogicals: 8
  CPUFrequency: 0
  Memory: 62791
  MemModuleInfo:
    iNumMemSticks: 1
    DIMM 1:
      manufacturer: QEMU
      modulePartNo: Not Specified
      memType: RAM
      size: 64000
      clkspeed: 0
      moduleVoltage: 0
Checksum: D762D28B4C1278406DA589286EEC9E4DB56653EE