---
system-info:
      stress-ng-version: 0.17.08
      run-by: root
      date-yyyy-mm-dd: 2024:06:26
      time-hh-mm-ss: 16:16:11
      epoch-secs: 1719418571
      hostname: c3-standard-4-lssd-7244a79
      sysname: Linux
      nodename: c3-standard-4-lssd-7244a79
      release: 6.8.0-1008-gcp
      version: '#9-Ubuntu SMP Wed May 22 18:09:04 UTC 2024'
      machine: x86_64
      compiler: 'musl-gcc 13.2.1'
      uptime: 116
      totalram: 16766312448
      freeram: 11734298624
      sharedram: 111525888
      bufferram: 123256832
      totalswap: 0
      freeswap: 0
      pagesize: 4096
      cpus: 4
      cpus-online: 4
      ticks-per-second: 100

metrics:
    - stressor: cpu
      bogo-ops: 66484
      bogo-ops-per-second-usr-sys-time: 833.657420
      bogo-ops-per-second-real-time: 3324.182168
      wall-clock-time: 20.000107
      user-time: 79.742790
      system-time: 0.006995
      cpu-usage-per-instance: 99.686696
      max-rss: 1104

...
