---
system-info:
      stress-ng-version: 0.17.08
      run-by: root
      date-yyyy-mm-dd: 2024:07:03
      time-hh-mm-ss: 10:35:09
      epoch-secs: 1720002909
      hostname: n1-standard-96-d8cb74c
      sysname: Linux
      nodename: n1-standard-96-d8cb74c
      release: 6.8.0-1009-gcp
      version: '#10-Ubuntu SMP Wed Jun 12 18:52:23 UTC 2024'
      machine: x86_64
      compiler: 'musl-gcc 13.2.1'
      uptime: 168
      totalram: 380350394368
      freeram: 374060888064
      sharedram: 82964480
      bufferram: 131026944
      totalswap: 0
      freeswap: 0
      pagesize: 4096
      cpus: 96
      cpus-online: 96
      ticks-per-second: 100

metrics:
    - stressor: cpu
      bogo-ops: 1401662
      bogo-ops-per-second-usr-sys-time: 730.361096
      bogo-ops-per-second-real-time: 70082.679455
      wall-clock-time: 20.000120
      user-time: 1919.063512
      system-time: 0.072115
      cpu-usage-per-instance: 99.954381
      max-rss: 768

...
