---
system-info:
      stress-ng-version: 0.17.08
      run-by: root
      date-yyyy-mm-dd: 2024:07:12
      time-hh-mm-ss: 07:53:42
      epoch-secs: 1720770822
      hostname: ip-172-31-36-243
      sysname: Linux
      nodename: ip-172-31-36-243
      release: 6.8.0-1010-aws
      version: '#10-Ubuntu SMP Thu Jun 13 17:36:15 UTC 2024'
      machine: x86_64
      compiler: 'musl-gcc 13.2.1'
      uptime: 147
      totalram: 267599855616
      freeram: 261688086528
      sharedram: 18649088
      bufferram: 143339520
      totalswap: 0
      freeswap: 0
      pagesize: 4096
      cpus: 64
      cpus-online: 64
      ticks-per-second: 100

metrics:
    - stressor: cpu
      bogo-ops: 490924
      bogo-ops-per-second-usr-sys-time: 383.733673
      bogo-ops-per-second-real-time: 24545.975641
      wall-clock-time: 20.000183
      user-time: 1279.297219
      system-time: 0.037993
      cpu-usage-per-instance: 99.947150
      max-rss: 512

...
