BaselineInfo:
  WebDBID: -1
  TimeStamp: 20241115163123
Version:
  Major: 11
  Minor: 0
  Build: 1002
  SpecialBuildName: ""
  ptArchitecture: aarch64_linux
Results:
  Results Complete: true
  NumTestProcesses: 2
  CPU_INTEGER_MATH: 10394.589333333333
  CPU_FLOATINGPOINT_MATH: 12062.662623077595
  CPU_PRIME: 34.088599956325865
  CPU_SORTING: 9152.4916926738952
  CPU_ENCRYPTION: 371.89366080360526
  CPU_COMPRESSION: 13048.334719568466
  CPU_SINGLETHREAD: 1943.4661618619002
  CPU_PHYSICS: 680.06610660000433
  CPU_MATRIX_MULT_SSE: 1830.6020090336815
  CPU_mm: 226.70300389672548
  CPU_sse: 1432.3571458250944
  CPU_fma: 2228.8468722422685
  CPU_avx: 0
  CPU_avx512: 0
  m_CPU_enc_SHA: 585809119.91207123
  m_CPU_enc_AES: 213910951.31260175
  m_CPU_enc_ECDSA: 370156230.58773082
  ME_ALLOC_S: 2995.6313671938015
  ME_READ_S: 20062.825976562501
  ME_READ_L: 19919.216796875
  ME_WRITE: 21294.208984375
  ME_LARGE: 614
  ME_LATENCY: 47.764855642561962
  ME_THREADED: 38693.70703125
  SUMM_CPU: 1981.3144536993595
  SUMM_ME: 1147.9150553842887
SystemInformation:
  OSName: Ubuntu 24.04.1 LTS
  Kernel: 6.8.0-1018-aws
  Device: ""
  Processor: ARM Neoverse-V2 2 Core 0 MHz
  NumSockets: 1
  Manufacturer: ARM
  NumCores: 2
  NumLogicals: 2
  CPUFrequency: 0
  Memory: 7763
Checksum: 454E569BE5A9B376BE3BA7BCB8E40052BE880483