BaselineInfo:
  WebDBID: -1
  TimeStamp: 20241107053647
Version:
  Major: 11
  Minor: 0
  Build: 1002
  SpecialBuildName: ""
  ptArchitecture: aarch64_linux
Results:
  Results Complete: true
  NumTestProcesses: 2
  CPU_INTEGER_MATH: 10402.091666666667
  CPU_FLOATINGPOINT_MATH: 12089.214956760792
  CPU_PRIME: 34.768571783541574
  CPU_SORTING: 9166.0771765254849
  CPU_ENCRYPTION: 372.91096001539483
  CPU_COMPRESSION: 13132.333946300343
  CPU_SINGLETHREAD: 1943.9444441562148
  CPU_PHYSICS: 682.91279158520433
  CPU_MATRIX_MULT_SSE: 1837.3133308921147
  CPU_mm: 227.21885859542994
  CPU_sse: 1443.4906759038572
  CPU_fma: 2231.1359858803721
  CPU_avx: 0
  CPU_avx512: 0
  m_CPU_enc_SHA: 585454614.43316567
  m_CPU_enc_AES: 214234874.22070503
  m_CPU_enc_ECDSA: 373386959.77343744
  ME_ALLOC_S: 3004.9167214031186
  ME_READ_S: 19090.264257812501
  ME_READ_L: 19936.802734375
  ME_WRITE: 21299.1796875
  ME_LARGE: 492.33333333333331
  ME_LATENCY: 46.75751625358857
  ME_THREADED: 38695.3125
  SUMM_CPU: 1988.9763449077468
  SUMM_ME: 997.55988247061941
SystemInformation:
  OSName: Ubuntu 24.04.1 LTS
  Kernel: 6.8.0-1016-aws
  Device: ""
  Processor: ARM Neoverse-V2 2 Core 0 MHz
  NumSockets: 1
  Manufacturer: ARM
  NumCores: 2
  NumLogicals: 2
  CPUFrequency: 0
  Memory: 7763
Checksum: ECCE65EAC68EC54BB1AAA86BB21C504D5AB13747