BaselineInfo:
  WebDBID: -1
  TimeStamp: 20241115025638
Version:
  Major: 11
  Minor: 0
  Build: 1002
  SpecialBuildName: ""
  ptArchitecture: aarch64_linux
Results:
  Results Complete: true
  NumTestProcesses: 2
  CPU_INTEGER_MATH: 10395.701666666668
  CPU_FLOATINGPOINT_MATH: 12076.821108408683
  CPU_PRIME: 34.151412361514701
  CPU_SORTING: 9194.4844389897917
  CPU_ENCRYPTION: 371.36450250112978
  CPU_COMPRESSION: 13091.565633223023
  CPU_SINGLETHREAD: 1943.812773127024
  CPU_PHYSICS: 680.61965818105227
  CPU_MATRIX_MULT_SSE: 1834.961224676244
  CPU_mm: 226.734789398435
  CPU_sse: 1440.6735212695085
  CPU_fma: 2229.2489280829795
  CPU_avx: 0
  CPU_avx512: 0
  m_CPU_enc_SHA: 584679293.74330294
  m_CPU_enc_AES: 214180216.68223876
  m_CPU_enc_ECDSA: 369352203.29833221
  ME_ALLOC_S: 2994.0482017982422
  ME_READ_S: 20438.293359374999
  ME_READ_L: 19800.333984375
  ME_WRITE: 21292.068359375
  ME_LARGE: 472.5
  ME_LATENCY: 47.423681312544517
  ME_THREADED: 38765.05078125
  SUMM_CPU: 1983.0460309369171
  SUMM_ME: 974.79485184365899
SystemInformation:
  OSName: Ubuntu 24.04.1 LTS
  Kernel: 6.8.0-1018-aws
  Device: ""
  Processor: ARM Neoverse-V2 2 Core 0 MHz
  NumSockets: 1
  Manufacturer: ARM
  NumCores: 2
  NumLogicals: 2
  CPUFrequency: 0
  Memory: 7763
Checksum: 93AB530438070AAF2A9A44550013ABA51DC65E3B