BaselineInfo:
  WebDBID: -1
  TimeStamp: 20241107203659
Version:
  Major: 11
  Minor: 0
  Build: 1002
  SpecialBuildName: ""
  ptArchitecture: x86_64_linux
Results:
  Results Complete: true
  NumTestProcesses: 8
  CPU_INTEGER_MATH: 24723.501666666663
  CPU_FLOATINGPOINT_MATH: 13280.073934946822
  CPU_PRIME: 44.97212834278556
  CPU_SORTING: 12946.268621767207
  CPU_ENCRYPTION: 3408.5462883986006
  CPU_COMPRESSION: 111354.03928622555
  CPU_SINGLETHREAD: 1975.3447479846379
  CPU_PHYSICS: 871.39014013820884
  CPU_MATRIX_MULT_SSE: 7256.7016959693929
  CPU_mm: 753.47358598303208
  CPU_sse: 2681.4447388574122
  CPU_fma: 8924.6971038966094
  CPU_avx: 6304.2787191696825
  CPU_avx512: 11116.386221953866
  m_CPU_enc_SHA: 1118697894.3262916
  m_CPU_enc_AES: 8602271920.0625038
  m_CPU_enc_ECDSA: 1001389684.3227597
  ME_ALLOC_S: 2854.8106598858994
  ME_READ_S: 24158.464257812499
  ME_READ_L: 10255.8955078125
  ME_WRITE: 10006.6669921875
  ME_LARGE: 5611
  ME_LATENCY: 53.919164808011658
  ME_THREADED: 47206.1708984375
  SUMM_CPU: 8429.6887538020073
  SUMM_ME: 2135.8342432780196
SystemInformation:
  OSName: Ubuntu 24.04.1 LTS
  Kernel: 6.8.0-1016-aws
  Device: ""
  Processor: Intel Xeon Platinum 8124M CPU @ 3.00GHz
  NumSockets: 1
  Manufacturer: GenuineIntel
  NumCores: 4
  NumLogicals: 8
  CPUFrequency: 0
  Memory: 15506
  MemModuleInfo:
    iNumMemSticks: 1
    DIMM 1:
      manufacturer: Not Specified
      modulePartNo: Not Specified
      memType: DDR4
      size: 16
      clkspeed: 1333
      moduleVoltage: 0
Checksum: 82318F08619275C5642D80DB5AE1CF5153BE4C8A