---
system-info:
      stress-ng-version: 0.17.08
      run-by: root
      date-yyyy-mm-dd: 2024:07:02
      time-hh-mm-ss: 02:53:09
      epoch-secs: 1719888789
      hostname: c3d-highcpu-16-9f0c9c5
      sysname: Linux
      nodename: c3d-highcpu-16-9f0c9c5
      release: 6.8.0-1009-gcp
      version: '#10-Ubuntu SMP Wed Jun 12 18:52:23 UTC 2024'
      machine: x86_64
      compiler: 'musl-gcc 13.2.1'
      uptime: 141
      totalram: 33649340416
      freeram: 28537683968
      sharedram: 35000320
      bufferram: 126148608
      totalswap: 0
      freeswap: 0
      pagesize: 4096
      cpus: 16
      cpus-online: 16
      ticks-per-second: 100

metrics:
    - stressor: cpu
      bogo-ops: 57270
      bogo-ops-per-second-usr-sys-time: 2863.565432
      bogo-ops-per-second-real-time: 2863.488530
      wall-clock-time: 20.000080
      user-time: 19.999543
      system-time: 0.000000
      cpu-usage-per-instance: 99.997314
      max-rss: 976

...
