BaselineInfo:
  WebDBID: -1
  TimeStamp: 20260404162252
Version:
  Major: 11
  Minor: 0
  Build: 1004
  SpecialBuildName: ""
  ptArchitecture: x86_64_linux
Results:
  Results Complete: true
  NumTestProcesses: 16
  CPU_INTEGER_MATH: 39342.827666666672
  CPU_FLOATINGPOINT_MATH: 21141.158276718772
  CPU_PRIME: 66.952415887198754
  CPU_SORTING: 23998.968636473222
  CPU_ENCRYPTION: 5463.2166172807638
  CPU_COMPRESSION: 181236.52427224649
  CPU_SINGLETHREAD: 1656.9794745426784
  CPU_PHYSICS: 1258.1792701847098
  CPU_MATRIX_MULT_SSE: 12336.367950542219
  CPU_mm: 1200.6415347005322
  CPU_sse: 4257.2393994383838
  CPU_fma: 14637.501411862715
  CPU_avx: 10351.238234386381
  CPU_avx512: 20099.492756481388
  m_CPU_enc_SHA: 1780675772.979804
  m_CPU_enc_AES: 13790981422.494663
  m_CPU_enc_ECDSA: 1614136287.5709147
  ME_ALLOC_S: 4391.8320535981165
  ME_READ_S: 19220.310546875
  ME_READ_L: 6662.376953125
  ME_WRITE: 6911.0068359375
  ME_LARGE: 7764.75
  ME_LATENCY: 76.381701026907265
  ME_THREADED: 69840.302734375
  SUMM_CPU: 12997.092540410747
  SUMM_ME: 1695.7781196510941
SystemInformation:
  OSName: Ubuntu 24.04.4 LTS
  Kernel: 6.8.0-106-generic
  Device: ""
  Processor: Intel(R) Xeon(R) Platinum 8269CY CPU @ 2.50GHz
  NumSockets: 1
  Manufacturer: GenuineIntel
  NumCores: 8
  NumLogicals: 16
  CPUFrequency: 0
  CPUMaxFrequency: 0
  Memory: 15605
  CPUInfo:
    number: 1
    Family: 6
    Model: 5
    stepping: 7
    features: 529267711
    manufacture: GenuineIntel
    typestring: Intel(R) Xeon(R) Platinum 8269CY CPU @ 2.50GHz
    iCoresPerPackage: 8
    iThreadsPerPackage: 2
    featuresEx:
      - 529267711
      - 4277809667
      - 739248128
    bHybrid: false
    nPCore: 0
    nLogicalsPerPCore: 0
    nECore: 0
    nLogicalsPerECore: 0
  MemModuleInfo:
    iNumMemSticks: 1
    DIMM 1:
      manufacturer: Alibaba Cloud
      modulePartNo: Not Specified
      memType: RAM
      size: 16
      clkspeed: 0
      moduleVoltage: 0
Checksum: 3C09585F55251E75AD3FF74AE22A83EEEBCABAEF