BaselineInfo:
  WebDBID: -1
  TimeStamp: 20241111132757
Version:
  Major: 11
  Minor: 0
  Build: 1002
  SpecialBuildName: ""
  ptArchitecture: x86_64_linux
Results:
  Results Complete: true
  NumTestProcesses: 64
  CPU_INTEGER_MATH: 296935.34799999994
  CPU_FLOATINGPOINT_MATH: 210614.29497351288
  CPU_PRIME: 415.2593728426246
  CPU_SORTING: 140444.95312260478
  CPU_ENCRYPTION: 64901.545539165854
  CPU_COMPRESSION: 1053402.6068730108
  CPU_SINGLETHREAD: 3023.877952080978
  CPU_PHYSICS: 7721.686966334627
  CPU_MATRIX_MULT_SSE: 72251.893511589558
  CPU_mm: 8013.3785888856846
  CPU_sse: 34966.982810089088
  CPU_fma: 81517.892276085739
  CPU_avx: 65244.221489308409
  CPU_avx512: 107278.47747087498
  m_CPU_enc_SHA: 68797649100.693405
  m_CPU_enc_AES: 89282498018.863358
  m_CPU_enc_ECDSA: 46082461926.272324
  ME_ALLOC_S: 30066.033213574508
  ME_READ_S: 27107.069140625001
  ME_READ_L: 9522.365234375
  ME_WRITE: 13374.0654296875
  ME_LARGE: 495139.33333333331
  ME_LATENCY: 81.340797197961876
  ME_THREADED: 238624.62890625
  SUMM_CPU: 72798.195942455684
  SUMM_ME: 2271.9760005736243
SystemInformation:
  OSName: Ubuntu 24.04.1 LTS
  Kernel: 6.8.0-1016-aws
  Device: ""
  Processor: Intel Xeon Platinum 8488C
  NumSockets: 1
  Manufacturer: GenuineIntel
  NumCores: 32
  NumLogicals: 64
  CPUFrequency: 0
  Memory: 507671
  MemModuleInfo:
    iNumMemSticks: 1
    DIMM 1:
      manufacturer: Not Specified
      modulePartNo: Not Specified
      memType: DDR5
      size: 512
      clkspeed: 2400
      moduleVoltage: 0
Checksum: 602D264F16FCF5D9EFCE8561FAA25CD84C2E4675