---
system-info:
      stress-ng-version: 0.17.08
      run-by: root
      date-yyyy-mm-dd: 2024:09:03
      time-hh-mm-ss: 03:44:42
      epoch-secs: 1725335082
      hostname: sc-runner
      sysname: Linux
      nodename: sc-runner
      release: 6.8.0-1013-azure
      version: '#15-Ubuntu SMP Thu Aug  8 18:40:40 UTC 2024'
      machine: x86_64
      compiler: 'musl-gcc 13.2.1'
      uptime: 377
      totalram: 8323653632
      freeram: 234950656
      sharedram: 57114624
      bufferram: 205107200
      totalswap: 0
      freeswap: 0
      pagesize: 4096
      cpus: 4
      cpus-online: 4
      ticks-per-second: 100

metrics:
    - stressor: cpu
      bogo-ops: 74183
      bogo-ops-per-second-usr-sys-time: 932.508686
      bogo-ops-per-second-real-time: 3709.123393
      wall-clock-time: 20.000143
      user-time: 79.524038
      system-time: 0.028036
      cpu-usage-per-instance: 99.439379
      max-rss: 3152

...
