BaselineInfo:
  WebDBID: -1
  TimeStamp: 20260407094307
Version:
  Major: 11
  Minor: 0
  Build: 1004
  SpecialBuildName: ""
  ptArchitecture: x86_64_linux
Results:
  Results Complete: true
  NumTestProcesses: 4
  CPU_INTEGER_MATH: 9853.0013333333336
  CPU_FLOATINGPOINT_MATH: 5299.2904767356267
  CPU_PRIME: 26.51860872280453
  CPU_SORTING: 6093.8943225237254
  CPU_ENCRYPTION: 1366.8582314476569
  CPU_COMPRESSION: 46127.920333191243
  CPU_SINGLETHREAD: 1670.0097715881602
  CPU_PHYSICS: 476.11873395936146
  CPU_MATRIX_MULT_SSE: 2898.0798692452736
  CPU_mm: 300.33594314000283
  CPU_sse: 1072.7684131690469
  CPU_fma: 3668.0247934519807
  CPU_avx: 2591.9365513169428
  CPU_avx512: 4259.5897190431242
  m_CPU_enc_SHA: 446450086.87965757
  m_CPU_enc_AES: 3451647076.7512255
  m_CPU_enc_ECDSA: 401667047.06449169
  ME_ALLOC_S: 1124.9258321719499
  ME_READ_S: 19567.6552734375
  ME_READ_L: 6671.60693359375
  ME_WRITE: 7013.01513671875
  ME_LARGE: 1981.3333333333333
  ME_LATENCY: 77.383437971674411
  ME_THREADED: 19626.330078125
  SUMM_CPU: 3647.3015664564068
  SUMM_ME: 1265.5922707955597
SystemInformation:
  OSName: Ubuntu 24.04.4 LTS
  Kernel: 6.8.0-106-generic
  Device: ""
  Processor: Intel(R) Xeon(R) Platinum 8163 CPU @ 2.50GHz
  NumSockets: 1
  Manufacturer: GenuineIntel
  NumCores: 2
  NumLogicals: 4
  CPUFrequency: 0
  CPUMaxFrequency: 0
  Memory: 14601
  CPUInfo:
    number: 1
    Family: 6
    Model: 5
    stepping: 4
    features: 529267711
    manufacture: GenuineIntel
    typestring: Intel(R) Xeon(R) Platinum 8163 CPU @ 2.50GHz
    iCoresPerPackage: 2
    iThreadsPerPackage: 2
    featuresEx:
      - 529267711
      - 4277809667
      - 739248128
    bHybrid: false
    nPCore: 0
    nLogicalsPerPCore: 0
    nECore: 0
    nLogicalsPerECore: 0
  MemModuleInfo:
    iNumMemSticks: 1
    DIMM 1:
      manufacturer: Alibaba Cloud
      modulePartNo: Not Specified
      memType: RAM
      size: 15
      clkspeed: 0
      moduleVoltage: 0
Checksum: EAAEF9BCE2A6B1C3D9CACFDFD703A8B5F2A1B2F9