---
system-info:
      stress-ng-version: 0.17.08
      run-by: root
      date-yyyy-mm-dd: 2024:06:08
      time-hh-mm-ss: 07:54:28
      epoch-secs: 1717833268
      hostname: e52655fff9d0
      sysname: Linux
      nodename: e52655fff9d0
      release: 6.8.0-1008-aws
      version: '#8-Ubuntu SMP Sat Apr 20 00:46:25 UTC 2024'
      machine: x86_64
      compiler: 'musl-gcc 13.2.1'
      uptime: 103
      totalram: 33091219456
      freeram: 28749090816
      sharedram: 59871232
      bufferram: 97992704
      totalswap: 0
      freeswap: 0
      pagesize: 4096
      cpus: 4
      cpus-online: 4
      ticks-per-second: 100

metrics:
    - stressor: cpu
      bogo-ops: 48163
      bogo-ops-per-second-usr-sys-time: 1210.232937
      bogo-ops-per-second-real-time: 4814.586521
      wall-clock-time: 10.003559
      user-time: 39.789489
      system-time: 0.006982
      cpu-usage-per-instance: 99.455782
      max-rss: 3920

...
