---
system-info:
      stress-ng-version: 0.17.08
      run-by: root
      date-yyyy-mm-dd: 2024:06:13
      time-hh-mm-ss: 20:42:27
      epoch-secs: 1718311347
      hostname: 6acbaa053f4b
      sysname: Linux
      nodename: 6acbaa053f4b
      release: 6.8.0-1008-aws
      version: '#8-Ubuntu SMP Sat Apr 20 00:46:25 UTC 2024'
      machine: x86_64
      compiler: 'musl-gcc 13.2.1'
      uptime: 138
      totalram: 33091211264
      freeram: 28740927488
      sharedram: 59871232
      bufferram: 105910272
      totalswap: 0
      freeswap: 0
      pagesize: 4096
      cpus: 4
      cpus-online: 4
      ticks-per-second: 100

metrics:
    - stressor: cpu
      bogo-ops: 76761
      bogo-ops-per-second-usr-sys-time: 963.881994
      bogo-ops-per-second-real-time: 3838.033758
      wall-clock-time: 20.000085
      user-time: 79.614345
      system-time: 0.022997
      cpu-usage-per-instance: 99.546256
      max-rss: 1104

...
