BaselineInfo:
  WebDBID: -1
  TimeStamp: 20241108234630
Version:
  Major: 11
  Minor: 0
  Build: 1002
  SpecialBuildName: ""
  ptArchitecture: aarch64_linux
Results:
  Results Complete: true
  NumTestProcesses: 48
  CPU_INTEGER_MATH: 229062.3063333334
  CPU_FLOATINGPOINT_MATH: 227765.36313575981
  CPU_PRIME: 289.82990787876292
  CPU_SORTING: 186660.390352394
  CPU_ENCRYPTION: 6698.6357473735943
  CPU_COMPRESSION: 253982.12869647992
  CPU_SINGLETHREAD: 1567.3784810906914
  CPU_PHYSICS: 7954.6567227040014
  CPU_MATRIX_MULT_SSE: 39702.860815119646
  CPU_mm: 5207.2297931681715
  CPU_sse: 33284.107176056852
  CPU_fma: 46121.614454182461
  CPU_avx: 0
  CPU_avx512: 0
  m_CPU_enc_SHA: 10146216535.21073
  m_CPU_enc_AES: 3914211476.148881
  m_CPU_enc_ECDSA: 7011658020.9544334
  ME_ALLOC_S: 31334.789113739811
  ME_READ_S: 19687.810546875
  ME_READ_L: 19063.283203125
  ME_WRITE: 19707.30859375
  ME_LARGE: 367251.66666666669
  ME_LATENCY: 49.592239926600122
  ME_THREADED: 259676.8828125
  SUMM_CPU: 28345.372284109795
  SUMM_ME: 3165.5962153035207
SystemInformation:
  OSName: Ubuntu 24.04.1 LTS
  Kernel: 6.8.0-1016-aws
  Device: ""
  Processor: ARM Neoverse-V1 48 Core 0 MHz
  NumSockets: 1
  Manufacturer: ARM
  NumCores: 48
  NumLogicals: 48
  CPUFrequency: 0
  Memory: 379916
Checksum: 8614F49C01742B873F9C276F4FAA7E059336DE17