---
system-info:
      stress-ng-version: 0.17.08
      run-by: root
      date-yyyy-mm-dd: 2024:09:03
      time-hh-mm-ss: 13:25:26
      epoch-secs: 1725369926
      hostname: sc-runner
      sysname: Linux
      nodename: sc-runner
      release: 6.8.0-1013-azure
      version: '#15-Ubuntu SMP Thu Aug  8 18:40:40 UTC 2024'
      machine: x86_64
      compiler: 'musl-gcc 13.2.1'
      uptime: 361
      totalram: 29423779840
      freeram: 20820914176
      sharedram: 57151488
      bufferram: 224624640
      totalswap: 0
      freeswap: 0
      pagesize: 4096
      cpus: 8
      cpus-online: 8
      ticks-per-second: 100

metrics:
    - stressor: cpu
      bogo-ops: 131521
      bogo-ops-per-second-usr-sys-time: 824.759441
      bogo-ops-per-second-real-time: 6576.019123
      wall-clock-time: 20.000094
      user-time: 159.422760
      system-time: 0.043132
      cpu-usage-per-instance: 99.665715
      max-rss: 3152

...
