---
system-info:
      stress-ng-version: 0.17.08
      run-by: root
      date-yyyy-mm-dd: 2024:09:16
      time-hh-mm-ss: 13:18:52
      epoch-secs: 1726492732
      hostname: sc-runner
      sysname: Linux
      nodename: sc-runner
      release: 6.8.0-1014-azure
      version: '#16-Ubuntu SMP Thu Aug 15 20:04:41 UTC 2024'
      machine: x86_64
      compiler: 'musl-gcc 13.2.1'
      uptime: 341
      totalram: 29423771648
      freeram: 19267969024
      sharedram: 57151488
      bufferram: 239456256
      totalswap: 0
      freeswap: 0
      pagesize: 4096
      cpus: 8
      cpus-online: 8
      ticks-per-second: 100

metrics:
    - stressor: cpu
      bogo-ops: 126086
      bogo-ops-per-second-usr-sys-time: 791.141286
      bogo-ops-per-second-real-time: 6304.246604
      wall-clock-time: 20.000169
      user-time: 159.309647
      system-time: 0.062645
      cpu-usage-per-instance: 99.606839
      max-rss: 3152

...
