"size","threads","connections","rps","latency","failed","server_usr","server_sys","client_usr","client_sys"
"1k",64,64,2171695,0.000027060,0,116.61,196.04,55.94,277.61
"1k",64,128,2099548,0.000058260,0,97.30,196.32,45.48,234.63
"1k",64,256,2669051,0.000090320,0,108.33,204.36,45.18,244.95
"1k",64,512,3246375,0.000159740,0,115.94,216.33,45.65,253.36
"1k",64,1024,4010878,0.000514470,0,123.33,218.52,48.82,252.79
"1k",64,2048,3610814,0.000524650,0,151.61,202.19,67.17,222.69
"1k",128,128,2193935,0.000056050,0,101.26,176.71,64.92,304.62
"1k",128,256,2420401,0.000102150,0,102.19,208.53,53.12,265.56
"1k",128,512,2852243,0.000192780,0,103.44,217.16,53.17,270.21
"1k",128,1024,2875094,0.000478950,0,99.44,215.42,55.77,280.38
"1k",128,2048,3076793,0.000813020,0,102.72,219.32,54.67,278.59
"1k",256,256,2393252,0.000107770,0,101.77,205.47,56.71,277.57
"1k",256,512,2589238,0.000213130,0,97.24,213.85,57.03,280.49
"1k",256,1024,2643422,0.000511460,0,93.32,216.49,55.81,285.29
"1k",256,2048,2723314,0.000880000,0,93.79,220.46,55.55,287.56
"16k",64,64,1768020,0.000034030,0,105.43,177.67,51.34,298.14
"16k",64,128,1826933,0.000065170,0,94.61,192.63,44.97,237.19
"16k",64,256,2330461,0.000101760,0,102.24,199.08,44.83,257.56
"16k",64,512,2770069,0.000176930,0,107.79,208.78,45.33,266.09
"16k",64,1024,3131903,0.000326470,0,109.88,215.41,47.86,264.98
"16k",64,2048,3217447,0.000580280,0,111.83,221.10,45.51,268.96
"16k",128,128,1945742,0.000064520,0,99.70,198.42,60.45,288.07
"16k",128,256,2105044,0.000118240,0,98.72,201.32,51.18,271.66
"16k",128,512,2442598,0.000214790,0,97.95,209.86,52.31,283.15
"16k",128,1024,2521474,0.000500640,0,93.38,212.84,54.24,291.00
"16k",128,2048,2622537,0.000980000,0,94.97,219.55,51.81,290.05
"16k",256,256,1956964,0.000131530,0,92.21,196.05,52.45,297.24
"16k",256,512,2256203,0.000238690,0,94.25,209.85,55.30,288.96
"16k",256,1024,2297682,0.000584260,0,88.84,215.54,55.13,294.39
"16k",256,2048,2250098,0.001040000,0,86.10,217.01,52.70,301.93
"64k",64,64,1110620,0.000056080,0,84.09,202.21,41.85,304.50
"64k",64,128,1137653,0.000101880,0,79.35,194.75,37.24,266.42
"64k",64,256,1362124,0.000168570,0,81.71,205.26,37.50,279.20
"64k",64,512,1578045,0.000292980,0,84.23,214.03,39.50,293.66
"64k",64,1024,1679238,0.000575310,0,86.39,222.75,37.48,297.00
"64k",64,2048,1509311,0.001270000,0,82.95,221.32,34.47,306.58
"64k",128,128,1226478,0.000103100,0,80.66,208.31,46.94,310.87
"64k",128,256,1316699,0.000188120,0,79.66,209.42,42.74,293.67
"64k",128,512,1481657,0.000342900,0,79.06,220.69,44.60,302.60
"64k",128,1024,1474579,0.000790420,0,75.65,225.56,44.90,304.37
"64k",128,2048,1397792,0.001590000,0,77.40,231.45,41.29,307.09
"64k",256,256,1349931,0.000189720,0,81.11,205.57,45.73,311.56
"64k",256,512,1393121,0.000385400,0,74.34,221.32,47.55,306.87
"64k",256,1024,1363503,0.000880000,0,71.45,227.55,47.30,305.75
"64k",256,2048,1285417,0.001950000,0,74.15,230.81,43.65,306.54
"256k",64,64,538125,0.000227440,0,67.97,219.69,42.46,304.82
"256k",64,128,526777,0.000347900,0,67.34,207.09,34.13,267.77
"256k",64,256,568514,0.000480540,0,72.98,218.51,33.58,284.38
"256k",64,512,501920,0.000860000,0,72.79,212.32,28.96,327.79
"256k",64,1024,474201,0.001820000,0,69.49,211.83,27.39,340.24
"256k",128,128,568084,0.000225100,0,70.27,214.13,43.38,320.19
"256k",128,256,561672,0.000489620,0,71.53,227.57,39.55,307.74
"256k",128,512,494767,0.001010000,0,67.21,217.88,33.62,330.06
"256k",128,1024,472252,0.002120000,0,65.00,219.93,30.14,335.12
"256k",256,256,580046,0.000444180,0,70.98,213.43,43.20,321.56
"256k",256,512,504025,0.001050000,0,65.55,232.38,39.99,313.34
"256k",256,1024,503291,0.002190000,0,66.64,250.06,42.34,326.36
"512k",64,64,323784,0.000235830,0,62.91,180.91,39.10,359.94
"512k",64,128,280107,0.000734910,0,62.98,204.28,30.05,276.89
"512k",64,256,250921,0.000910000,0,66.85,217.31,25.99,316.58
"512k",64,512,223048,0.001850000,0,68.71,209.62,22.54,345.00
"512k",64,1024,206002,0.003730000,0,71.12,198.29,20.63,364.47
"512k",128,128,316297,0.000472320,0,66.89,195.93,39.84,345.21
"512k",128,256,248679,0.001020000,0,64.15,231.74,29.82,321.26
"512k",128,512,230785,0.002120000,0,64.28,222.62,25.47,335.74
"512k",128,1024,218002,0.004450000,0,69.31,211.10,22.69,352.83
"512k",256,256,236416,0.001080000,0,58.75,232.92,33.00,325.50
"512k",256,512,239268,0.002130000,0,59.27,239.57,32.54,320.55
"512k",256,1024,234895,0.004320000,0,62.20,238.57,31.57,322.10
