BaselineInfo:
  WebDBID: -1
  TimeStamp: 20241111093643
Version:
  Major: 11
  Minor: 0
  Build: 1002
  SpecialBuildName: ""
  ptArchitecture: x86_64_linux
Results:
  Results Complete: true
  NumTestProcesses: 4
  CPU_INTEGER_MATH: 20736.236333333334
  CPU_FLOATINGPOINT_MATH: 16758.799241925408
  CPU_PRIME: 64.950232116020999
  CPU_SORTING: 12482.645206970639
  CPU_ENCRYPTION: 4487.3143995002793
  CPU_COMPRESSION: 87407.33651330079
  CPU_SINGLETHREAD: 2381.9565865566115
  CPU_PHYSICS: 1115.2081464585617
  CPU_MATRIX_MULT_SSE: 7667.4901947260978
  CPU_mm: 792.15952511268722
  CPU_sse: 3614.8372472363708
  CPU_fma: 11776.988953236247
  CPU_avx: 7610.6443837056722
  CPU_avx512: 0
  m_CPU_enc_SHA: 6304230379.091567
  m_CPU_enc_AES: 3992925601.3088565
  m_CPU_enc_ECDSA: 3818714570.9107919
  ME_ALLOC_S: 3584.3230870587659
  ME_READ_S: 24298.242773437501
  ME_READ_L: 16548.279296875
  ME_WRITE: 17036.90234375
  ME_LARGE: 5891.25
  ME_LATENCY: 64.237801370871907
  ME_THREADED: 42618.189453125
  SUMM_CPU: 8792.5969139248009
  SUMM_ME: 2261.3861638739063
SystemInformation:
  OSName: Ubuntu 24.04.1 LTS
  Kernel: 6.8.0-1015-gcp
  Device: ""
  Processor: AMD EPYC 7B13
  NumSockets: 1
  Manufacturer: AuthenticAMD
  NumCores: 4
  NumLogicals: 4
  CPUFrequency: 0
  Memory: 15990
  MemModuleInfo:
    iNumMemSticks: 1
    DIMM 1:
      manufacturer: ""
      modulePartNo: ""
      memType: RAM
      size: 16
      clkspeed: 0
      moduleVoltage: 0
Checksum: BC56F7275ACD2F02297A4F06269B1AFC866F712F