---
system-info:
      stress-ng-version: 0.17.08
      run-by: root
      date-yyyy-mm-dd: 2024:07:03
      time-hh-mm-ss: 09:37:35
      epoch-secs: 1719999455
      hostname: n2-highmem-64-0427855
      sysname: Linux
      nodename: n2-highmem-64-0427855
      release: 6.8.0-1009-gcp
      version: '#10-Ubuntu SMP Wed Jun 12 18:52:23 UTC 2024'
      machine: x86_64
      compiler: 'musl-gcc 13.2.1'
      uptime: 142
      totalram: 541022707712
      freeram: 534683754496
      sharedram: 71155712
      bufferram: 130818048
      totalswap: 0
      freeswap: 0
      pagesize: 4096
      cpus: 64
      cpus-online: 64
      ticks-per-second: 100

metrics:
    - stressor: cpu
      bogo-ops: 1202129
      bogo-ops-per-second-usr-sys-time: 939.492587
      bogo-ops-per-second-real-time: 60106.184059
      wall-clock-time: 20.000088
      user-time: 1279.529356
      system-time: 0.021985
      cpu-usage-per-instance: 99.964506
      max-rss: 512

...
