---
system-info:
      stress-ng-version: 0.17.08
      run-by: root
      date-yyyy-mm-dd: 2024:06:10
      time-hh-mm-ss: 04:57:04
      epoch-secs: 1717995424
      hostname: 4596fe45c932
      sysname: Linux
      nodename: 4596fe45c932
      release: 6.8.0-1008-aws
      version: '#8-Ubuntu SMP Sat Apr 20 00:46:25 UTC 2024'
      machine: x86_64
      compiler: 'musl-gcc 13.2.1'
      uptime: 160
      totalram: 2009800704
      freeram: 126418944
      sharedram: 11620352
      bufferram: 101052416
      totalswap: 0
      freeswap: 0
      pagesize: 4096
      cpus: 2
      cpus-online: 2
      ticks-per-second: 100

metrics:
    - stressor: cpu
      bogo-ops: 15749
      bogo-ops-per-second-usr-sys-time: 797.990820
      bogo-ops-per-second-real-time: 1574.427875
      wall-clock-time: 10.002999
      user-time: 19.718868
      system-time: 0.016948
      cpu-usage-per-instance: 98.649498
      max-rss: 4176

...
