---
system-info:
      stress-ng-version: 0.17.08
      run-by: root
      date-yyyy-mm-dd: 2024:06:16
      time-hh-mm-ss: 07:41:18
      epoch-secs: 1718523678
      hostname: 460a3c72fd3d
      sysname: Linux
      nodename: 460a3c72fd3d
      release: 6.8.0-1008-aws
      version: '#8-Ubuntu SMP Sat Apr 20 00:46:25 UTC 2024'
      machine: x86_64
      compiler: 'musl-gcc 13.2.1'
      uptime: 159
      totalram: 2009800704
      freeram: 179429376
      sharedram: 11620352
      bufferram: 98459648
      totalswap: 0
      freeswap: 0
      pagesize: 4096
      cpus: 2
      cpus-online: 2
      ticks-per-second: 100

metrics:
    - stressor: cpu
      bogo-ops: 11822
      bogo-ops-per-second-usr-sys-time: 300.070776
      bogo-ops-per-second-real-time: 591.097132
      wall-clock-time: 20.000097
      user-time: 39.388399
      system-time: 0.008973
      cpu-usage-per-instance: 98.492952
      max-rss: 1104

...
