BaselineInfo:
  WebDBID: -1
  TimeStamp: 20241202193457
Version:
  Major: 11
  Minor: 0
  Build: 1002
  SpecialBuildName: ""
  ptArchitecture: aarch64_linux
Results:
  Results Complete: true
  NumTestProcesses: 96
  CPU_INTEGER_MATH: 500408.02366666676
  CPU_FLOATINGPOINT_MATH: 581269.43124028831
  CPU_PRIME: 825.45702863408042
  CPU_SORTING: 432672.06785659766
  CPU_ENCRYPTION: 18118.614422111932
  CPU_COMPRESSION: 638021.22515855439
  CPU_SINGLETHREAD: 1943.6743687348096
  CPU_PHYSICS: 19002.115962981621
  CPU_MATRIX_MULT_SSE: 80465.281382115863
  CPU_mm: 10953.146700742198
  CPU_sse: 63287.337766474622
  CPU_fma: 97643.224997757148
  CPU_avx: 0
  CPU_avx512: 0
  m_CPU_enc_SHA: 28523424234.084915
  m_CPU_enc_AES: 10293372369.873028
  m_CPU_enc_ECDSA: 18179436104.883347
  ME_ALLOC_S: 47378.631729811299
  ME_READ_S: 20985.361523437499
  ME_READ_L: 20041.6328125
  ME_WRITE: 21289.017578125
  ME_LARGE: 745141.83333333337
  ME_LATENCY: 48.179820968776909
  ME_THREADED: 506259.84619140625
  SUMM_CPU: 56753.534741967393
  SUMM_ME: 3347.4109369355524
SystemInformation:
  OSName: Ubuntu 24.04.1 LTS
  Kernel: 6.8.0-1018-aws
  Device: ""
  Processor: ARM Neoverse-V2 96 Core 0 MHz
  NumSockets: 1
  Manufacturer: ARM
  NumCores: 96
  NumLogicals: 96
  CPUFrequency: 0
  Memory: 759977
Checksum: 81B42E5D6611320E61500429FFAF8E111B76C0B7