---
system-info:
      stress-ng-version: 0.17.08
      run-by: root
      date-yyyy-mm-dd: 2024:06:09
      time-hh-mm-ss: 11:42:09
      epoch-secs: 1717933329
      hostname: 01b9a577ccc1
      sysname: Linux
      nodename: 01b9a577ccc1
      release: 6.8.0-1008-aws
      version: '#8-Ubuntu SMP Sat Apr 20 00:46:25 UTC 2024'
      machine: x86_64
      compiler: 'musl-gcc 13.2.1'
      uptime: 151
      totalram: 515633975296
      freeram: 510346661888
      sharedram: 95961088
      bufferram: 107880448
      totalswap: 0
      freeswap: 0
      pagesize: 4096
      cpus: 64
      cpus-online: 64
      ticks-per-second: 100

metrics:
    - stressor: cpu
      bogo-ops: 11531
      bogo-ops-per-second-usr-sys-time: 1152.759244
      bogo-ops-per-second-real-time: 1152.735736
      wall-clock-time: 10.003160
      user-time: 10.002956
      system-time: 0.000000
      cpu-usage-per-instance: 99.997961
      max-rss: 3584

...
