---
system-info:
      stress-ng-version: 0.17.08
      run-by: root
      date-yyyy-mm-dd: 2024:06:15
      time-hh-mm-ss: 13:57:42
      epoch-secs: 1718459862
      hostname: 4d266459e3c4
      sysname: Linux
      nodename: 4d266459e3c4
      release: 6.8.0-1008-aws
      version: '#8-Ubuntu SMP Sat Apr 20 00:46:25 UTC 2024'
      machine: x86_64
      compiler: 'musl-gcc 13.2.1'
      uptime: 199
      totalram: 515633979392
      freeram: 510325112832
      sharedram: 95961088
      bufferram: 110886912
      totalswap: 0
      freeswap: 0
      pagesize: 4096
      cpus: 64
      cpus-online: 64
      ticks-per-second: 100

metrics:
    - stressor: cpu
      bogo-ops: 17152
      bogo-ops-per-second-usr-sys-time: 857.571443
      bogo-ops-per-second-real-time: 857.586148
      wall-clock-time: 20.000323
      user-time: 20.000666
      system-time: 0.000000
      cpu-usage-per-instance: 100.001715
      max-rss: 512

...
