BaselineInfo:
  WebDBID: -1
  TimeStamp: 20260404121357
Version:
  Major: 11
  Minor: 0
  Build: 1004
  SpecialBuildName: ""
  ptArchitecture: x86_64_linux
Results:
  Results Complete: true
  NumTestProcesses: 12
  CPU_INTEGER_MATH: 41869.007666666672
  CPU_FLOATINGPOINT_MATH: 22463.797377417439
  CPU_PRIME: 76.078338589790008
  CPU_SORTING: 25599.127856750012
  CPU_ENCRYPTION: 5799.4259151419001
  CPU_COMPRESSION: 192768.83553689028
  CPU_SINGLETHREAD: 2351.0233354342718
  CPU_PHYSICS: 1351.1549644074939
  CPU_MATRIX_MULT_SSE: 11073.755370358162
  CPU_mm: 1275.7169545529057
  CPU_sse: 4593.9212298425227
  CPU_fma: 13510.911708855603
  CPU_avx: 9549.8563831040974
  CPU_avx512: 16640.33215963043
  m_CPU_enc_SHA: 1892359331.0640635
  m_CPU_enc_AES: 14635778880.6618
  m_CPU_enc_ECDSA: 1715278273.4616318
  ME_ALLOC_S: 4738.6073990117775
  ME_READ_S: 26235.105859374999
  ME_READ_L: 10987.0859375
  ME_WRITE: 10172.5751953125
  ME_LARGE: 9952.9166666666661
  ME_LATENCY: 48.6622419189654
  ME_THREADED: 65697.3671875
  SUMM_CPU: 14001.563283615291
  SUMM_ME: 2495.678539420885
SystemInformation:
  OSName: Ubuntu 24.04.4 LTS
  Kernel: 6.8.0-106-generic
  Device: ""
  Processor: Intel(R) Xeon(R) Platinum 8369HB CPU @ 3.30GHz
  NumSockets: 1
  Manufacturer: GenuineIntel
  NumCores: 6
  NumLogicals: 12
  CPUFrequency: 0
  CPUMaxFrequency: 0
  Memory: 22855
  CPUInfo:
    number: 1
    Family: 6
    Model: 5
    stepping: 11
    features: 529267711
    manufacture: GenuineIntel
    typestring: Intel(R) Xeon(R) Platinum 8369HB CPU @ 3.30GHz
    iCoresPerPackage: 6
    iThreadsPerPackage: 2
    featuresEx:
      - 529267711
      - 4277809667
      - 739248128
    bHybrid: false
    nPCore: 0
    nLogicalsPerPCore: 0
    nECore: 0
    nLogicalsPerECore: 0
  MemModuleInfo:
    iNumMemSticks: 2
    DIMM 1:
      manufacturer: Alibaba Cloud
      modulePartNo: Not Specified
      memType: RAM
      size: 16
      clkspeed: 0
      moduleVoltage: 0
    DIMM 2:
      manufacturer: Alibaba Cloud
      modulePartNo: Not Specified
      memType: RAM
      size: 8
      clkspeed: 0
      moduleVoltage: 0
Checksum: F029EEF1466DEF3B5AF892917D2CE69C68DBDEB0