---
system-info:
      stress-ng-version: 0.17.08
      run-by: root
      date-yyyy-mm-dd: 2024:06:10
      time-hh-mm-ss: 03:40:38
      epoch-secs: 1717990838
      hostname: 51568761e055
      sysname: Linux
      nodename: 51568761e055
      release: 6.8.0-1008-aws
      version: '#8-Ubuntu SMP Sat Apr 20 00:46:25 UTC 2024'
      machine: x86_64
      compiler: 'musl-gcc 13.2.1'
      uptime: 100
      totalram: 33091219456
      freeram: 28495532032
      sharedram: 66342912
      bufferram: 114188288
      totalswap: 0
      freeswap: 0
      pagesize: 4096
      cpus: 4
      cpus-online: 4
      ticks-per-second: 100

metrics:
    - stressor: cpu
      bogo-ops: 64816
      bogo-ops-per-second-usr-sys-time: 1628.157724
      bogo-ops-per-second-real-time: 6480.880881
      wall-clock-time: 10.001110
      user-time: 39.804417
      system-time: 0.004994
      cpu-usage-per-instance: 99.512486
      max-rss: 3920

...
