---
system-info:
      stress-ng-version: 0.17.08
      run-by: root
      date-yyyy-mm-dd: 2024:07:11
      time-hh-mm-ss: 14:41:36
      epoch-secs: 1720708896
      hostname: ip-172-31-42-128
      sysname: Linux
      nodename: ip-172-31-42-128
      release: 6.8.0-1010-aws
      version: '#10-Ubuntu SMP Thu Jun 13 17:36:15 UTC 2024'
      machine: x86_64
      compiler: 'musl-gcc 13.2.1'
      uptime: 118
      totalram: 33091211264
      freeram: 28160339968
      sharedram: 66326528
      bufferram: 125870080
      totalswap: 0
      freeswap: 0
      pagesize: 4096
      cpus: 4
      cpus-online: 4
      ticks-per-second: 100

metrics:
    - stressor: cpu
      bogo-ops: 86229
      bogo-ops-per-second-usr-sys-time: 1081.515494
      bogo-ops-per-second-real-time: 4311.435172
      wall-clock-time: 20.000069
      user-time: 79.715812
      system-time: 0.013975
      cpu-usage-per-instance: 99.661891
      max-rss: 976

...
