---
system-info:
      stress-ng-version: 0.17.08
      run-by: root
      date-yyyy-mm-dd: 2024:06:13
      time-hh-mm-ss: 20:56:51
      epoch-secs: 1718312211
      hostname: dccf232ff8bb
      sysname: Linux
      nodename: dccf232ff8bb
      release: 6.8.0-1008-aws
      version: '#8-Ubuntu SMP Sat Apr 20 00:46:25 UTC 2024'
      machine: x86_64
      compiler: 'musl-gcc 13.2.1'
      uptime: 210
      totalram: 8200843264
      freeram: 3922726912
      sharedram: 40714240
      bufferram: 107425792
      totalswap: 0
      freeswap: 0
      pagesize: 4096
      cpus: 2
      cpus-online: 2
      ticks-per-second: 100

metrics:
    - stressor: cpu
      bogo-ops: 22719
      bogo-ops-per-second-usr-sys-time: 1136.635050
      bogo-ops-per-second-real-time: 1135.948213
      wall-clock-time: 20.000031
      user-time: 19.987946
      system-time: 0.000000
      cpu-usage-per-instance: 99.939573
      max-rss: 976

...
