---
system-info:
      stress-ng-version: 0.17.08
      run-by: root
      date-yyyy-mm-dd: 2024:06:08
      time-hh-mm-ss: 07:56:40
      epoch-secs: 1717833400
      hostname: 1104d34a0aaf
      sysname: Linux
      nodename: 1104d34a0aaf
      release: 6.8.0-1008-aws
      version: '#8-Ubuntu SMP Sat Apr 20 00:46:25 UTC 2024'
      machine: x86_64
      compiler: 'musl-gcc 13.2.1'
      uptime: 173
      totalram: 8200843264
      freeram: 3935596544
      sharedram: 40714240
      bufferram: 98471936
      totalswap: 0
      freeswap: 0
      pagesize: 4096
      cpus: 2
      cpus-online: 2
      ticks-per-second: 100

metrics:
    - stressor: cpu
      bogo-ops: 11500
      bogo-ops-per-second-usr-sys-time: 1150.602455
      bogo-ops-per-second-real-time: 1149.847356
      wall-clock-time: 10.001328
      user-time: 9.990007
      system-time: 0.004757
      cpu-usage-per-instance: 99.934374
      max-rss: 3920

...
