BaselineInfo:
  WebDBID: -1
  TimeStamp: 20241107175422
Version:
  Major: 11
  Minor: 0
  Build: 1002
  SpecialBuildName: ""
  ptArchitecture: x86_64_linux
Results:
  Results Complete: true
  NumTestProcesses: 8
  CPU_INTEGER_MATH: 35336.723666666665
  CPU_FLOATINGPOINT_MATH: 20256.916313798523
  CPU_PRIME: 86.919689077602513
  CPU_SORTING: 21133.726515122587
  CPU_ENCRYPTION: 8922.2014479884365
  CPU_COMPRESSION: 144711.10250096055
  CPU_SINGLETHREAD: 2693.2438547707734
  CPU_PHYSICS: 1467.2752853120821
  CPU_MATRIX_MULT_SSE: 10136.376641134302
  CPU_mm: 952.43516908912136
  CPU_sse: 4231.7287649040854
  CPU_fma: 13069.002503682779
  CPU_avx: 10768.292314900633
  CPU_avx512: 12476.482981049716
  m_CPU_enc_SHA: 12438394513.91213
  m_CPU_enc_AES: 8507868235.7864218
  m_CPU_enc_ECDSA: 7120556166.8792124
  ME_ALLOC_S: 3922.0862577887747
  ME_READ_S: 25732.758007812499
  ME_READ_L: 24873.572265625
  ME_WRITE: 18563.150390625
  ME_LARGE: 6025.5
  ME_LATENCY: 67.844151924645914
  ME_THREADED: 37979.453125
  SUMM_CPU: 13490.897846960555
  SUMM_ME: 2325.6011206392805
SystemInformation:
  OSName: Ubuntu 24.04.1 LTS
  Kernel: 6.8.0-1015-gcp
  Device: ""
  Processor: AMD EPYC 9B14
  NumSockets: 1
  Manufacturer: AuthenticAMD
  NumCores: 4
  NumLogicals: 8
  CPUFrequency: 0
  Memory: 15989
  MemModuleInfo:
    iNumMemSticks: 1
    DIMM 1:
      manufacturer: ""
      modulePartNo: ""
      memType: RAM
      size: 16
      clkspeed: 0
      moduleVoltage: 0
Checksum: BD38BFF1B071B8CA326290D99548C2D493199B99