---
system-info:
      stress-ng-version: 0.17.08
      run-by: root
      date-yyyy-mm-dd: 2024:06:05
      time-hh-mm-ss: 23:28:39
      epoch-secs: 1717630119
      hostname: 5d33fb93d49b
      sysname: Linux
      nodename: 5d33fb93d49b
      release: 6.8.0-1008-aws
      version: '#8-Ubuntu SMP Sat Apr 20 00:46:25 UTC 2024'
      machine: x86_64
      compiler: 'musl-gcc 13.2.1'
      uptime: 130
      totalram: 5269032960
      freeram: 1234075648
      sharedram: 29179904
      bufferram: 80109568
      totalswap: 0
      freeswap: 0
      pagesize: 4096
      cpus: 2
      cpus-online: 2
      ticks-per-second: 100

metrics:
    - stressor: cpu
      bogo-ops: 15144
      bogo-ops-per-second-usr-sys-time: 1514.126852
      bogo-ops-per-second-real-time: 1513.882163
      wall-clock-time: 10.003421
      user-time: 10.000804
      system-time: 0.001000
      cpu-usage-per-instance: 99.983840
      max-rss: 3920

...
