---
system-info:
      stress-ng-version: 0.17.08
      run-by: root
      date-yyyy-mm-dd: 2024:06:12
      time-hh-mm-ss: 21:56:29
      epoch-secs: 1718229389
      hostname: 6a9f121c0f32
      sysname: Linux
      nodename: 6a9f121c0f32
      release: 6.8.0-1008-aws
      version: '#8-Ubuntu SMP Sat Apr 20 00:46:25 UTC 2024'
      machine: x86_64
      compiler: 'musl-gcc 13.2.1'
      uptime: 150
      totalram: 5269032960
      freeram: 972046336
      sharedram: 29179904
      bufferram: 112836608
      totalswap: 0
      freeswap: 0
      pagesize: 4096
      cpus: 2
      cpus-online: 2
      ticks-per-second: 100

metrics:
    - stressor: cpu
      bogo-ops: 28010
      bogo-ops-per-second-usr-sys-time: 1400.608757
      bogo-ops-per-second-real-time: 1400.490584
      wall-clock-time: 20.000134
      user-time: 19.998447
      system-time: 0.000000
      cpu-usage-per-instance: 99.991563
      max-rss: 1104

...
