BaselineInfo:
  WebDBID: -1
  TimeStamp: 20251219043227
Version:
  Major: 11
  Minor: 0
  Build: 1002
  SpecialBuildName: ""
  ptArchitecture: x86_64_linux
Results:
  Results Complete: true
  NumTestProcesses: 64
  CPU_INTEGER_MATH: 381380.23933333333
  CPU_FLOATINGPOINT_MATH: 333648.52423481585
  CPU_PRIME: 1176.0495063480687
  CPU_SORTING: 220468.42183123232
  CPU_ENCRYPTION: 82615.124330375518
  CPU_COMPRESSION: 1530329.0113378249
  CPU_SINGLETHREAD: 2931.0188495298321
  CPU_PHYSICS: 17471.909197106106
  CPU_MATRIX_MULT_SSE: 119230.5223353953
  CPU_mm: 12748.11141724697
  CPU_sse: 57315.540315162478
  CPU_fma: 169023.05699277876
  CPU_avx: 131352.96969824453
  CPU_avx512: 0
  m_CPU_enc_SHA: 114442506720.06339
  m_CPU_enc_AES: 73203496565.202179
  m_CPU_enc_ECDSA: 72238706544.277969
  ME_ALLOC_S: 29882.072377608303
  ME_READ_S: 27230.168359374999
  ME_READ_L: 25365.18359375
  ME_WRITE: 25053.2578125
  ME_LARGE: 239626.83333333334
  ME_LATENCY: 72.749201449334237
  ME_THREADED: 324505.544921875
  SUMM_CPU: 93194.81127283191
  SUMM_ME: 2926.6164496080401
SystemInformation:
  OSName: Ubuntu 24.04.2 LTS
  Kernel: 6.8.0-86-generic
  Device: ""
  Processor: AMD EPYC-Milan Processor
  NumSockets: 64
  Manufacturer: AuthenticAMD
  NumCores: 64
  NumLogicals: 64
  CPUFrequency: 0
  Memory: 251674
  MemModuleInfo:
    iNumMemSticks: 1
    DIMM 1:
      manufacturer: QEMU
      modulePartNo: Not Specified
      memType: RAM
      size: 250
      clkspeed: 0
      moduleVoltage: 0
Checksum: 71CBB475F0CC5EA1E19593409B0D7AF44A45D7EE