BaselineInfo:
  WebDBID: -1
  TimeStamp: 20251218083549
Version:
  Major: 11
  Minor: 0
  Build: 1002
  SpecialBuildName: ""
  ptArchitecture: aarch64_linux
Results:
  Results Complete: true
  NumTestProcesses: 8
  CPU_INTEGER_MATH: 41754.792333333331
  CPU_FLOATINGPOINT_MATH: 48497.224741435486
  CPU_PRIME: 139.77034349641468
  CPU_SORTING: 37134.262284172153
  CPU_ENCRYPTION: 1510.0624971174432
  CPU_COMPRESSION: 53133.333947151521
  CPU_SINGLETHREAD: 1944.7965628089187
  CPU_PHYSICS: 2599.5120892060309
  CPU_MATRIX_MULT_SSE: 7370.1242125147728
  CPU_mm: 902.46722125354393
  CPU_sse: 5793.9630105522438
  CPU_fma: 8946.2854144772991
  CPU_avx: 0
  CPU_avx512: 0
  m_CPU_enc_SHA: 2358478948.6107497
  m_CPU_enc_AES: 860257350.84995162
  m_CPU_enc_ECDSA: 1531509579.4715583
  ME_ALLOC_S: 12144.113447421758
  ME_READ_S: 20574.198828125001
  ME_READ_L: 20239.84375
  ME_WRITE: 21299.37890625
  ME_LARGE: 19449
  ME_LATENCY: 44.909495741662568
  ME_THREADED: 148818.833984375
  SUMM_CPU: 7700.993408686084
  SUMM_ME: 3170.2108493571445
SystemInformation:
  OSName: Ubuntu 24.04.2 LTS
  Kernel: 6.14.0-1018-aws
  Device: ""
  Processor: ARM Neoverse-V2 8 Core 0 MHz
  NumSockets: 1
  Manufacturer: ARM
  NumCores: 8
  NumLogicals: 8
  CPUFrequency: 0
  Memory: 31490
Checksum: 39B72929433925061790723B21B0892FDD1F87B7