---
system-info:
      stress-ng-version: 0.17.08
      run-by: root
      date-yyyy-mm-dd: 2024:09:19
      time-hh-mm-ss: 23:25:34
      epoch-secs: 1726788334
      hostname: sc-runner
      sysname: Linux
      nodename: sc-runner
      release: 6.8.0-1014-azure
      version: '#16-Ubuntu SMP Thu Aug 15 20:04:41 UTC 2024'
      machine: x86_64
      compiler: 'musl-gcc 13.2.1'
      uptime: 367
      totalram: 8323645440
      freeram: 272289792
      sharedram: 38076416
      bufferram: 229326848
      totalswap: 0
      freeswap: 0
      pagesize: 4096
      cpus: 2
      cpus-online: 2
      ticks-per-second: 100

metrics:
    - stressor: cpu
      bogo-ops: 58400
      bogo-ops-per-second-usr-sys-time: 1471.963457
      bogo-ops-per-second-real-time: 2919.989244
      wall-clock-time: 20.000074
      user-time: 39.663935
      system-time: 0.010963
      cpu-usage-per-instance: 99.186880
      max-rss: 3152

...
