---
system-info:
      stress-ng-version: 0.17.08
      run-by: root
      date-yyyy-mm-dd: 2024:07:29
      time-hh-mm-ss: 09:52:15
      epoch-secs: 1722246735
      hostname: c3d-highmem-8-lssd-d0a26c0
      sysname: Linux
      nodename: c3d-highmem-8-lssd-d0a26c0
      release: 6.8.0-1011-gcp
      version: '#12-Ubuntu SMP Wed Jul 10 21:47:53 UTC 2024'
      machine: x86_64
      compiler: 'musl-gcc 13.2.1'
      uptime: 119
      totalram: 67424690176
      freeram: 62055387136
      sharedram: 35057664
      bufferram: 142913536
      totalswap: 0
      freeswap: 0
      pagesize: 4096
      cpus: 8
      cpus-online: 8
      ticks-per-second: 100

metrics:
    - stressor: cpu
      bogo-ops: 229463
      bogo-ops-per-second-usr-sys-time: 1437.438989
      bogo-ops-per-second-real-time: 11473.113397
      wall-clock-time: 20.000064
      user-time: 159.622217
      system-time: 0.010993
      cpu-usage-per-instance: 99.770438
      max-rss: 1104

...
