---
system-info:
      stress-ng-version: 0.17.08
      run-by: root
      date-yyyy-mm-dd: 2024:07:26
      time-hh-mm-ss: 17:44:37
      epoch-secs: 1722015877
      hostname: ip-172-31-27-189
      sysname: Linux
      nodename: ip-172-31-27-189
      release: 6.8.0-1012-aws
      version: '#13-Ubuntu SMP Mon Jul 15 13:40:27 UTC 2024'
      machine: x86_64
      compiler: 'musl-gcc 13.2.1'
      uptime: 181
      totalram: 135026417664
      freeram: 129532706816
      sharedram: 48627712
      bufferram: 140427264
      totalswap: 0
      freeswap: 0
      pagesize: 4096
      cpus: 32
      cpus-online: 32
      ticks-per-second: 100

metrics:
    - stressor: cpu
      bogo-ops: 17192
      bogo-ops-per-second-usr-sys-time: 859.615473
      bogo-ops-per-second-real-time: 859.598371
      wall-clock-time: 20.000038
      user-time: 19.999640
      system-time: 0.000000
      cpu-usage-per-instance: 99.998010
      max-rss: 776

...
