---
system-info:
      stress-ng-version: 0.17.08
      run-by: root
      date-yyyy-mm-dd: 2024:06:08
      time-hh-mm-ss: 08:41:20
      epoch-secs: 1717836080
      hostname: c68e68276da2
      sysname: Linux
      nodename: c68e68276da2
      release: 6.8.0-1008-aws
      version: '#8-Ubuntu SMP Sat Apr 20 00:46:25 UTC 2024'
      machine: x86_64
      compiler: 'musl-gcc 13.2.1'
      uptime: 180
      totalram: 16555180032
      freeram: 12231499776
      sharedram: 40722432
      bufferram: 98463744
      totalswap: 0
      freeswap: 0
      pagesize: 4096
      cpus: 4
      cpus-online: 4
      ticks-per-second: 100

metrics:
    - stressor: cpu
      bogo-ops: 12337
      bogo-ops-per-second-usr-sys-time: 1233.614264
      bogo-ops-per-second-real-time: 1233.588532
      wall-clock-time: 10.000904
      user-time: 9.999653
      system-time: 0.001042
      cpu-usage-per-instance: 99.997914
      max-rss: 3920

...
