BaselineInfo:
  WebDBID: -1
  TimeStamp: 20250713112745
Version:
  Major: 11
  Minor: 0
  Build: 1002
  SpecialBuildName: ""
  ptArchitecture: aarch64_linux
Results:
  Results Complete: true
  NumTestProcesses: 16
  CPU_INTEGER_MATH: 83496.970333333331
  CPU_FLOATINGPOINT_MATH: 96987.895222314997
  CPU_PRIME: 256.99741479238554
  CPU_SORTING: 74145.255682275529
  CPU_ENCRYPTION: 3028.2367910959856
  CPU_COMPRESSION: 106375.59883132314
  CPU_SINGLETHREAD: 1943.5276048633712
  CPU_PHYSICS: 4863.678135458521
  CPU_MATRIX_MULT_SSE: 14728.382975983286
  CPU_mm: 1802.0647376214945
  CPU_sse: 11569.501309390474
  CPU_fma: 17887.264642576101
  CPU_avx: 0
  CPU_avx512: 0
  m_CPU_enc_SHA: 4786570357.1166735
  m_CPU_enc_AES: 1714555798.0820858
  m_CPU_enc_ECDSA: 3024883109.1820312
  ME_ALLOC_S: 24214.691452353014
  ME_READ_S: 21187.183203125001
  ME_READ_L: 19639.541015625
  ME_WRITE: 21256.623046875
  ME_LARGE: 21571.833333333332
  ME_LATENCY: 45.63640248974653
  ME_THREADED: 268014.9873046875
  SUMM_CPU: 14597.968044343434
  SUMM_ME: 3236.8452721634612
SystemInformation:
  OSName: Ubuntu 24.04.2 LTS
  Kernel: 6.8.0-1030-aws
  Device: ""
  Processor: ARM Neoverse-V2 16 Core 0 MHz
  NumSockets: 1
  Manufacturer: ARM
  NumCores: 16
  NumLogicals: 16
  CPUFrequency: 0
  Memory: 31491
Checksum: 4329AEFBE639CFEBB7BF0CD300589385A344AD25