BaselineInfo:
  WebDBID: -1
  TimeStamp: 20260618093657
Version:
  Major: 11
  Minor: 0
  Build: 1004
  SpecialBuildName: ""
  ptArchitecture: x86_64_linux
Results:
  Results Complete: true
  NumTestProcesses: 1
  CPU_INTEGER_MATH: 3128.4493333333335
  CPU_FLOATINGPOINT_MATH: 2340.2048904124649
  CPU_PRIME: 9.9211945212841179
  CPU_SORTING: 2038.6499089591875
  CPU_ENCRYPTION: 400.02480652677173
  CPU_COMPRESSION: 15378.690859397957
  CPU_SINGLETHREAD: 1511.0721696883006
  CPU_PHYSICS: 157.93314094323637
  CPU_MATRIX_MULT_SSE: 1186.8224736684219
  CPU_mm: 138.54591857578464
  CPU_sse: 526.61972161784877
  CPU_fma: 1730.0933875830726
  CPU_avx: 1177.2514958190573
  CPU_avx512: 1313.3252896537092
  m_CPU_enc_SHA: 215954793.99757466
  m_CPU_enc_AES: 854103920.35595405
  m_CPU_enc_ECDSA: 188310520.23231977
  ME_ALLOC_S: 520.33096336316669
  ME_READ_S: 18182.016992187499
  ME_READ_L: 6684.3720703125
  ME_WRITE: 6819.9638671875
  ME_LARGE: 550
  ME_LATENCY: 80.654989066407452
  ME_THREADED: 6682.1416015625
  SUMM_CPU: 1277.6534229149179
  SUMM_ME: 712.83421310254164
SystemInformation:
  OSName: Ubuntu 24.04.4 LTS
  Kernel: 6.8.0-117-generic
  Device: ""
  Processor: Intel(R) Xeon(R) Platinum 8269CY CPU @ 2.50GHz
  NumSockets: 1
  Manufacturer: GenuineIntel
  NumCores: 1
  NumLogicals: 1
  CPUFrequency: 0
  CPUMaxFrequency: 0
  Memory: 1710
  CPUInfo:
    number: 1
    Family: 6
    Model: 5
    stepping: 7
    features: 529267711
    manufacture: GenuineIntel
    typestring: Intel(R) Xeon(R) Platinum 8269CY CPU @ 2.50GHz
    iCoresPerPackage: 1
    iThreadsPerPackage: 2
    featuresEx:
      - 529267711
      - 4277809667
      - 739248128
    bHybrid: false
    nPCore: 0
    nLogicalsPerPCore: 0
    nECore: 0
    nLogicalsPerECore: 0
  MemModuleInfo:
    iNumMemSticks: 1
    DIMM 1:
      manufacturer: Alibaba Cloud
      modulePartNo: Not Specified
      memType: RAM
      size: 2
      clkspeed: 0
      moduleVoltage: 0
Checksum: 09FA167168D2E33584D396580F1FB11809B22B3C