BaselineInfo:
  WebDBID: -1
  TimeStamp: 20241107204425
Version:
  Major: 11
  Minor: 0
  Build: 1002
  SpecialBuildName: ""
  ptArchitecture: x86_64_linux
Results:
  Results Complete: true
  NumTestProcesses: 8
  CPU_INTEGER_MATH: 24806.666333333334
  CPU_FLOATINGPOINT_MATH: 13325.651813941826
  CPU_PRIME: 40.797625780897832
  CPU_SORTING: 13035.480791380709
  CPU_ENCRYPTION: 3412.7069147251732
  CPU_COMPRESSION: 111318.59948117434
  CPU_SINGLETHREAD: 1979.4054187418187
  CPU_PHYSICS: 860.28969938562477
  CPU_MATRIX_MULT_SSE: 6397.955138496518
  CPU_mm: 752.77363417986726
  CPU_sse: 2708.5937695269299
  CPU_fma: 7840.9154064205741
  CPU_avx: 5546.4218490324574
  CPU_avx512: 9495.8895290061082
  m_CPU_enc_SHA: 1120492625.1318414
  m_CPU_enc_AES: 8612997962.4388065
  m_CPU_enc_ECDSA: 1001957109.8739407
  ME_ALLOC_S: 2838.9367363677875
  ME_READ_S: 24245.222070312499
  ME_READ_L: 9991.751953125
  ME_WRITE: 9712.9404296875
  ME_LARGE: 22010
  ME_LATENCY: 53.749637079283389
  ME_THREADED: 45439.427734375
  SUMM_CPU: 8292.4532979290743
  SUMM_ME: 2329.0709895446848
SystemInformation:
  OSName: Ubuntu 24.04.1 LTS
  Kernel: 6.8.0-1015-gcp
  Device: ""
  Processor: Intel Xeon CPU @ 2.80GHz
  NumSockets: 1
  Manufacturer: GenuineIntel
  NumCores: 4
  NumLogicals: 8
  CPUFrequency: 0
  Memory: 32093
  MemModuleInfo:
    iNumMemSticks: 2
    DIMM 1:
      manufacturer: ""
      modulePartNo: ""
      memType: RAM
      size: 16
      clkspeed: 0
      moduleVoltage: 0
    DIMM 2:
      manufacturer: ""
      modulePartNo: ""
      memType: RAM
      size: 16
      clkspeed: 0
      moduleVoltage: 0
Checksum: AC07E0FB77443444365959CCEF394FCD61A77D5B