---
system-info:
      stress-ng-version: 0.17.08
      run-by: root
      date-yyyy-mm-dd: 2024:09:05
      time-hh-mm-ss: 16:32:18
      epoch-secs: 1725553938
      hostname: sc-runner
      sysname: Linux
      nodename: sc-runner
      release: 6.8.0-1013-azure
      version: '#15-Ubuntu SMP Thu Aug  8 18:40:40 UTC 2024'
      machine: x86_64
      compiler: 'musl-gcc 13.2.1'
      uptime: 344
      totalram: 33647058944
      freeram: 24791584768
      sharedram: 54960128
      bufferram: 239521792
      totalswap: 0
      freeswap: 0
      pagesize: 4096
      cpus: 16
      cpus-online: 16
      ticks-per-second: 100

metrics:
    - stressor: cpu
      bogo-ops: 37978
      bogo-ops-per-second-usr-sys-time: 1898.863352
      bogo-ops-per-second-real-time: 1898.889451
      wall-clock-time: 20.000111
      user-time: 19.999386
      system-time: 0.001000
      cpu-usage-per-instance: 100.001374
      max-rss: 3152

...
