---
system-info:
      stress-ng-version: 0.17.08
      run-by: root
      date-yyyy-mm-dd: 2024:09:16
      time-hh-mm-ss: 17:53:53
      epoch-secs: 1726509233
      hostname: sc-runner
      sysname: Linux
      nodename: sc-runner
      release: 6.8.0-1014-azure
      version: '#16-Ubuntu SMP Thu Aug 15 20:04:41 UTC 2024'
      machine: x86_64
      compiler: 'musl-gcc 13.2.1'
      uptime: 298
      totalram: 33647050752
      freeram: 23284011008
      sharedram: 54960128
      bufferram: 251793408
      totalswap: 0
      freeswap: 0
      pagesize: 4096
      cpus: 16
      cpus-online: 16
      ticks-per-second: 100

metrics:
    - stressor: cpu
      bogo-ops: 37990
      bogo-ops-per-second-usr-sys-time: 1899.522034
      bogo-ops-per-second-real-time: 1899.498709
      wall-clock-time: 20.000014
      user-time: 19.999768
      system-time: 0.000000
      cpu-usage-per-instance: 99.998772
      max-rss: 1104

...
