---
system-info:
      stress-ng-version: 0.17.08
      run-by: root
      date-yyyy-mm-dd: 2024:07:09
      time-hh-mm-ss: 23:59:20
      epoch-secs: 1720569560
      hostname: n1-ultramem-160-93e037f
      sysname: Linux
      nodename: n1-ultramem-160-93e037f
      release: 6.8.0-1009-gcp
      version: '#10-Ubuntu SMP Wed Jun 12 18:52:23 UTC 2024'
      machine: x86_64
      compiler: 'musl-gcc 13.2.1'
      uptime: 229
      totalram: 4062789685248
      freeram: 4053304414208
      sharedram: 233488384
      bufferram: 135970816
      totalswap: 0
      freeswap: 0
      pagesize: 4096
      cpus: 160
      cpus-online: 160
      ticks-per-second: 100

metrics:
    - stressor: cpu
      bogo-ops: 1607525
      bogo-ops-per-second-usr-sys-time: 502.608376
      bogo-ops-per-second-real-time: 80375.528896
      wall-clock-time: 20.000179
      user-time: 3198.232018
      system-time: 0.132906
      cpu-usage-per-instance: 99.948007
      max-rss: 0

...
