BaselineInfo:
  WebDBID: -1
  TimeStamp: 20241107175817
Version:
  Major: 11
  Minor: 0
  Build: 1002
  SpecialBuildName: ""
  ptArchitecture: x86_64_linux
Results:
  Results Complete: true
  NumTestProcesses: 4
  CPU_INTEGER_MATH: 11899.244999999999
  CPU_FLOATINGPOINT_MATH: 10115.980394015067
  CPU_PRIME: 42.590278628934946
  CPU_SORTING: 8268.1014214466704
  CPU_ENCRYPTION: 1115.9284155008938
  CPU_COMPRESSION: 60685.010413896525
  CPU_SINGLETHREAD: 1637.3552786325038
  CPU_PHYSICS: 641.11796044099856
  CPU_MATRIX_MULT_SSE: 3657.0704220154566
  CPU_mm: 527.02594314556848
  CPU_sse: 2156.4415482663976
  CPU_fma: 5155.5600983110808
  CPU_avx: 3659.209619468892
  CPU_avx512: 0
  m_CPU_enc_SHA: 809531935.09225225
  m_CPU_enc_AES: 1990215899.8741093
  m_CPU_enc_ECDSA: 710659427.67043459
  ME_ALLOC_S: 2073.4211420665279
  ME_READ_S: 17676.976171875001
  ME_READ_L: 6898.6328125
  ME_WRITE: 5747.04443359375
  ME_LARGE: 18089
  ME_LATENCY: 70.362283548040793
  ME_THREADED: 26748.939453125
  SUMM_CPU: 4391.1703521043792
  SUMM_ME: 1645.182281259204
SystemInformation:
  OSName: Ubuntu 24.04.1 LTS
  Kernel: 6.8.0-1017-azure
  Device: ""
  Processor: Intel Xeon CPU E5-2673 v4 @ 2.30GHz
  NumSockets: 1
  Manufacturer: GenuineIntel
  NumCores: 4
  NumLogicals: 4
  CPUFrequency: 0
  Memory: 28061
  MemModuleInfo:
    iNumMemSticks: 2
    DIMM 1:
      manufacturer: Microsoft Corporation
      modulePartNo: None
      memType: Unknown
      size: 1
      clkspeed: 0
      moduleVoltage: 0
    DIMM 2:
      manufacturer: Microsoft Corporation
      modulePartNo: None
      memType: Unknown
      size: 27
      clkspeed: 0
      moduleVoltage: 0
Checksum: 08EFC29F6F26FF97DB950E383BB00DCC7A03C395