size_kb,operation,bandwidth_mb_s,latency_ns,latency_stddev_ns,latency_samples,threads,iterations,elapsed_s
32,read,2995022.15,0,0,0,48,500000,0.250416
32,write,1807195.00,0,0,0,48,277161,0.230048
32,copy,1706062.72,0,0,0,48,243902,0.214443
32,latency,0,2.72,0.00,7,1,7,0.390403
128,read,2064373.78,0,0,0,48,79770,0.231848
128,write,1805919.68,0,0,0,48,74850,0.248682
128,copy,1460185.25,0,0,0,48,57923,0.238010
128,latency,0,4.38,0.00,7,1,7,0.701558
512,read,1844670.80,0,0,0,48,19443,0.252962
512,write,1194140.25,0,0,0,48,18923,0.380317
512,copy,279270.88,0,0,0,48,13638,1.172023
512,latency,0,7.36,0.01,7,1,7,0.699711
1024,read,833566.46,0,0,0,48,9584,0.551884
1024,write,444107.61,0,0,0,48,9459,1.022347
1024,copy,125752.64,0,0,0,48,6213,2.371513
1024,latency,0,13.45,0.02,7,1,7,0.690381
2048,read,387429.83,0,0,0,48,3886,0.962900
2048,write,254761.95,0,0,0,48,4747,1.788776
2048,copy,96514.29,0,0,0,48,2819,2.803979
2048,latency,0,24.93,0.02,7,1,7,0.678264
8192,read,182895.50,0,0,0,48,718,1.507484
8192,write,181694.68,0,0,0,48,1190,2.514988
8192,copy,80200.45,0,0,0,48,620,2.968562
8192,latency,0,31.62,0.01,7,1,7,0.770677
16384,read,171599.32,0,0,0,48,344,1.539586
16384,write,173252.86,0,0,0,48,578,2.562174
16384,copy,78751.68,0,0,0,48,294,2.867139
16384,latency,0,32.99,0.04,7,1,7,0.643517
32768,read,166905.41,0,0,0,48,168,1.546073
32768,write,168490.95,0,0,0,48,297,2.707516
32768,copy,78228.49,0,0,0,48,139,2.729236
32768,latency,0,45.47,2.14,7,1,7,1.096646
65536,read,165797.04,0,0,0,48,70,1.297007
65536,write,165147.22,0,0,0,48,146,2.715831
65536,copy,77722.87,0,0,0,48,63,2.490078
65536,latency,0,79.56,0.65,7,1,7,3.650594
131072,read,165611.69,0,0,0,48,36,1.335558
131072,write,163932.56,0,0,0,48,73,2.735954
131072,copy,77671.86,0,0,0,48,29,2.293958
131072,latency,0,93.23,1.00,7,1,7,8.603749
