BaselineInfo:
  WebDBID: -1
  TimeStamp: 20241106225429
Version:
  Major: 11
  Minor: 0
  Build: 1002
  SpecialBuildName: ""
  ptArchitecture: aarch64_linux
Results:
  Results Complete: true
  NumTestProcesses: 1
  CPU_INTEGER_MATH: 4703.8446666666669
  CPU_FLOATINGPOINT_MATH: 4676.8696449292011
  CPU_PRIME: 12.287175208476048
  CPU_SORTING: 3835.4318962877733
  CPU_ENCRYPTION: 134.80533664712007
  CPU_COMPRESSION: 4975.759863332325
  CPU_SINGLETHREAD: 1444.4116819900917
  CPU_PHYSICS: 259.06399103312373
  CPU_MATRIX_MULT_SSE: 817.98186571736233
  CPU_mm: 107.1667789415288
  CPU_sse: 685.65447070204482
  CPU_fma: 950.30926073267995
  CPU_avx: 0
  CPU_avx512: 0
  m_CPU_enc_SHA: 208071028.35188118
  m_CPU_enc_AES: 79680370.448189557
  m_CPU_enc_ECDSA: 136309523.24020094
  ME_ALLOC_S: 990.46926406572584
  ME_READ_S: 19339.371679687501
  ME_READ_L: 18553.26953125
  ME_WRITE: 19280.279296875
  ME_LARGE: 573
  ME_LATENCY: 53.505428344347308
  ME_THREADED: 18288.392578125
  SUMM_CPU: 768.14436117596529
  SUMM_ME: 994.15059480335674
SystemInformation:
  OSName: Ubuntu 24.04.1 LTS
  Kernel: 6.8.0-1016-aws
  Device: ""
  Processor: ARM Neoverse-V1 1 Core 0 MHz
  NumSockets: 1
  Manufacturer: ARM
  NumCores: 1
  NumLogicals: 1
  CPUFrequency: 0
  Memory: 7764
Checksum: 44DF78C48A41F07712B3F0F62EB2DF69828BC974