BaselineInfo:
  WebDBID: -1
  TimeStamp: 20241114174745
Version:
  Major: 11
  Minor: 0
  Build: 1002
  SpecialBuildName: ""
  ptArchitecture: aarch64_linux
Results:
  Results Complete: true
  NumTestProcesses: 1
  CPU_INTEGER_MATH: 4709.8796666666667
  CPU_FLOATINGPOINT_MATH: 4689.7298210086446
  CPU_PRIME: 12.55254277805572
  CPU_SORTING: 3852.4960647744515
  CPU_ENCRYPTION: 133.64955380477565
  CPU_COMPRESSION: 5008.991067885896
  CPU_SINGLETHREAD: 1450.5189629182121
  CPU_PHYSICS: 282.02207771903454
  CPU_MATRIX_MULT_SSE: 818.96837936415375
  CPU_mm: 107.18353500127077
  CPU_sse: 687.04181178405565
  CPU_fma: 950.89494694425184
  CPU_avx: 0
  CPU_avx512: 0
  m_CPU_enc_SHA: 208469635.93193829
  m_CPU_enc_AES: 79747803.018380076
  m_CPU_enc_ECDSA: 132207704.640871
  ME_ALLOC_S: 1024.755169885922
  ME_READ_S: 19431.059960937499
  ME_READ_L: 18724.380859375
  ME_WRITE: 19362.181640625
  ME_LARGE: 565
  ME_LATENCY: 51.262336983670515
  ME_THREADED: 18782.990234375
  SUMM_CPU: 768.05954545014811
  SUMM_ME: 997.30280729223273
SystemInformation:
  OSName: Ubuntu 24.04.1 LTS
  Kernel: 6.8.0-1018-aws
  Device: ""
  Processor: ARM Neoverse-V1 1 Core 0 MHz
  NumSockets: 1
  Manufacturer: ARM
  NumCores: 1
  NumLogicals: 1
  CPUFrequency: 0
  Memory: 7764
Checksum: 1AACBFF9175088A6B2092A0EE19FF02C4565B2F5