BaselineInfo:
  WebDBID: -1
  TimeStamp: 20241115105049
Version:
  Major: 11
  Minor: 0
  Build: 1002
  SpecialBuildName: ""
  ptArchitecture: aarch64_linux
Results:
  Results Complete: true
  NumTestProcesses: 1
  CPU_INTEGER_MATH: 4707.1106666666674
  CPU_FLOATINGPOINT_MATH: 4683.2879789252047
  CPU_PRIME: 12.693649810006853
  CPU_SORTING: 3855.5845194374774
  CPU_ENCRYPTION: 135.77434932644431
  CPU_COMPRESSION: 4991.6193106435412
  CPU_SINGLETHREAD: 1450.7231473988741
  CPU_PHYSICS: 283.05454882408998
  CPU_MATRIX_MULT_SSE: 819.02713016531152
  CPU_mm: 106.91426102156848
  CPU_sse: 687.52684307993457
  CPU_fma: 950.52741725068847
  CPU_avx: 0
  CPU_avx512: 0
  m_CPU_enc_SHA: 208762794.69504714
  m_CPU_enc_AES: 82055570.587036312
  m_CPU_enc_ECDSA: 136290807.07589358
  ME_ALLOC_S: 1006.8867702675389
  ME_READ_S: 19355.643359375001
  ME_READ_L: 18658.7109375
  ME_WRITE: 18345.701171875
  ME_LARGE: 571
  ME_LATENCY: 51.494994471319039
  ME_THREADED: 18602.908203125
  SUMM_CPU: 772.70183120054639
  SUMM_ME: 999.0570903145009
SystemInformation:
  OSName: Ubuntu 24.04.1 LTS
  Kernel: 6.8.0-1018-aws
  Device: ""
  Processor: ARM Neoverse-V1 1 Core 0 MHz
  NumSockets: 1
  Manufacturer: ARM
  NumCores: 1
  NumLogicals: 1
  CPUFrequency: 0
  Memory: 7764
Checksum: 4C98F3F73CE25A593C98D6D735B3A87D6AF2C3D8