BaselineInfo:
  WebDBID: -1
  TimeStamp: 20241109083935
Version:
  Major: 11
  Minor: 0
  Build: 1002
  SpecialBuildName: ""
  ptArchitecture: x86_64_linux
Results:
  Results Complete: true
  NumTestProcesses: 48
  CPU_INTEGER_MATH: 290199.24666666664
  CPU_FLOATINGPOINT_MATH: 256095.41037422762
  CPU_PRIME: 909.03176250408978
  CPU_SORTING: 177067.44953243865
  CPU_ENCRYPTION: 62879.20785994966
  CPU_COMPRESSION: 1248534.2656630874
  CPU_SINGLETHREAD: 2885.5494351832294
  CPU_PHYSICS: 12453.403520412196
  CPU_MATRIX_MULT_SSE: 103473.49074690163
  CPU_mm: 11542.833490056437
  CPU_sse: 49833.625351719063
  CPU_fma: 134988.89923251155
  CPU_avx: 115815.64343511887
  CPU_avx512: 113255.79496825709
  m_CPU_enc_SHA: 86818367424.064362
  m_CPU_enc_AES: 55081965218.503197
  m_CPU_enc_ECDSA: 55900552140.296173
  ME_ALLOC_S: 28829.264850358264
  ME_READ_S: 27852.440820312499
  ME_READ_L: 27042.908203125
  ME_WRITE: 26334.193359375
  ME_LARGE: 82831.916666666672
  ME_LATENCY: 77.487623789753783
  ME_THREADED: 311298.2900390625
  SUMM_CPU: 80479.138843808323
  SUMM_ME: 2825.661318715077
SystemInformation:
  OSName: Ubuntu 24.04.1 LTS
  Kernel: 6.8.0-1016-aws
  Device: ""
  Processor: AMD EPYC 9R14
  NumSockets: 1
  Manufacturer: AuthenticAMD
  NumCores: 48
  NumLogicals: 48
  CPUFrequency: 0
  Memory: 94492
  MemModuleInfo:
    iNumMemSticks: 1
    DIMM 1:
      manufacturer: Not Specified
      modulePartNo: Not Specified
      memType: DDR5
      size: 96
      clkspeed: 2400
      moduleVoltage: 0
Checksum: 602765CB247116E097F873EE5D19B40DFD9A2848