size_kb,operation,bandwidth_mb_s,latency_ns,latency_stddev_ns,latency_samples,threads,iterations,elapsed_s
32,read,4999134.16,0,0,0,64,525209,0.210120
32,write,5032150.23,0,0,0,64,580047,0.230536
32,copy,4811560.16,0,0,0,64,507099,0.210784
32,latency,0,2.05,0.00,7,1,7,0.294367
128,read,3562695.24,0,0,0,64,111259,0.249831
128,write,5016760.37,0,0,0,64,150330,0.239724
128,copy,3487153.09,0,0,0,64,98658,0.226335
128,latency,0,3.34,0.00,7,1,7,0.700426
512,read,3331489.20,0,0,0,64,28223,0.271091
512,write,5002659.86,0,0,0,64,39105,0.250139
512,copy,941459.28,0,0,0,64,21818,0.741589
512,latency,0,5.93,0.00,7,1,7,0.699112
1024,read,1583408.74,0,0,0,64,12036,0.486485
1024,write,1505911.02,0,0,0,64,18890,0.802810
1024,copy,304029.17,0,0,0,64,8833,1.859401
1024,latency,0,9.94,0.02,7,1,7,0.675683
2048,read,607161.75,0,0,0,64,5123,1.080015
2048,write,524739.15,0,0,0,64,9301,2.268800
2048,copy,151017.23,0,0,0,64,3403,2.884333
2048,latency,0,21.83,0.03,7,1,7,0.694138
8192,read,280266.13,0,0,0,64,882,1.611269
8192,write,270769.44,0,0,0,64,1978,3.740215
8192,copy,117509.67,0,0,0,64,767,3.341887
8192,latency,0,28.95,0.07,7,1,7,0.704834
16384,read,259527.27,0,0,0,64,412,1.625602
16384,write,250175.74,0,0,0,64,608,2.488619
16384,copy,116266.49,0,0,0,64,395,3.478904
16384,latency,0,30.26,0.02,7,1,7,0.807981
32768,read,253740.46,0,0,0,64,203,1.638462
32768,write,244092.19,0,0,0,64,475,3.985380
32768,copy,115880.36,0,0,0,64,196,3.463986
32768,latency,0,33.93,0.68,7,1,7,0.825401
65536,read,249698.71,0,0,0,64,104,1.705992
65536,write,242453.82,0,0,0,64,233,3.936288
65536,copy,115892.58,0,0,0,64,98,3.463621
65536,latency,0,83.24,1.10,7,1,7,3.784729
131072,read,247810.72,0,0,0,64,53,1.752047
131072,write,241950.86,0,0,0,64,118,3.995258
131072,copy,115937.81,0,0,0,64,49,3.462270
131072,latency,0,102.27,0.20,7,1,7,9.220753
