BaselineInfo:
  WebDBID: -1
  TimeStamp: 20250417213634
Version:
  Major: 11
  Minor: 0
  Build: 1002
  SpecialBuildName: ""
  ptArchitecture: x86_64_linux
Results:
  Results Complete: true
  NumTestProcesses: 4
  CPU_INTEGER_MATH: 18887.561999999998
  CPU_FLOATINGPOINT_MATH: 13409.772869655189
  CPU_PRIME: 38.893942787638515
  CPU_SORTING: 9560.7951342741108
  CPU_ENCRYPTION: 4173.8298137666598
  CPU_COMPRESSION: 70013.466197232454
  CPU_SINGLETHREAD: 2890.6244194881456
  CPU_PHYSICS: 901.79398154566366
  CPU_MATRIX_MULT_SSE: 5588.3028860289214
  CPU_mm: 539.05344407182019
  CPU_sse: 2334.1929884972315
  CPU_fma: 6496.4230150569247
  CPU_avx: 4870.151284386764
  CPU_avx512: 8652.4442561747674
  m_CPU_enc_SHA: 4396334166.0940285
  m_CPU_enc_AES: 5721363872.0693083
  m_CPU_enc_ECDSA: 3012035274.2372298
  ME_ALLOC_S: 2723.2209412533539
  ME_READ_S: 26048.4404296875
  ME_READ_L: 9940.5810546875
  ME_WRITE: 9109.080078125
  ME_LARGE: 119503
  ME_LATENCY: 71.351001625681235
  ME_THREADED: 30940.80419921875
  SUMM_CPU: 7301.0259072380541
  SUMM_ME: 2081.2449963707172
SystemInformation:
  OSName: Ubuntu 24.04.2 LTS
  Kernel: 6.8.0-1021-azure
  Device: ""
  Processor: INTEL XEON PLATINUM 8573C
  NumSockets: 1
  Manufacturer: GenuineIntel
  NumCores: 2
  NumLogicals: 4
  CPUFrequency: 2300
  Memory: 128812
  MemModuleInfo:
    iNumMemSticks: 3
    DIMM 1:
      manufacturer: Microsoft Corporation
      modulePartNo: None
      memType: Unknown
      size: 1
      clkspeed: 0
      moduleVoltage: 0
    DIMM 2:
      manufacturer: Microsoft Corporation
      modulePartNo: None
      memType: Unknown
      size: 59
      clkspeed: 0
      moduleVoltage: 0
    DIMM 3:
      manufacturer: Microsoft Corporation
      modulePartNo: None
      memType: Unknown
      size: 68
      clkspeed: 0
      moduleVoltage: 0
Checksum: F9543D7D9AB87B9ECF14265A131511AF4FAB707D