BaselineInfo:
  WebDBID: -1
  TimeStamp: 20241109164958
Version:
  Major: 11
  Minor: 0
  Build: 1002
  SpecialBuildName: ""
  ptArchitecture: x86_64_linux
Results:
  Results Complete: true
  NumTestProcesses: 48
  CPU_INTEGER_MATH: 201128.11366666664
  CPU_FLOATINGPOINT_MATH: 102834.80677440119
  CPU_PRIME: 216.72495006231804
  CPU_SORTING: 98689.985056048739
  CPU_ENCRYPTION: 43337.655440538285
  CPU_COMPRESSION: 729598.81056938961
  CPU_SINGLETHREAD: 2363.9636385073468
  CPU_PHYSICS: 3773.6797248879639
  CPU_MATRIX_MULT_SSE: 42478.475114780274
  CPU_mm: 4333.510033616596
  CPU_sse: 18612.557298445619
  CPU_fma: 51205.615453870902
  CPU_avx: 38629.29766842605
  CPU_avx512: 61466.430038378581
  m_CPU_enc_SHA: 44023056251.460037
  m_CPU_enc_AES: 65621583118.528519
  m_CPU_enc_ECDSA: 26683836803.665085
  ME_ALLOC_S: 20649.720355971742
  ME_READ_S: 24382.085742187501
  ME_READ_L: 10578.75390625
  ME_WRITE: 10038.560546875
  ME_LARGE: 368907.5
  ME_LATENCY: 63.909148448140741
  ME_THREADED: 144816.0244140625
  SUMM_CPU: 48180.385250962536
  SUMM_ME: 2473.1883629144481
SystemInformation:
  OSName: Ubuntu 24.04.1 LTS
  Kernel: 6.8.0-1016-aws
  Device: ""
  Processor: Intel Xeon Platinum 8375C CPU @ 2.90GHz
  NumSockets: 1
  Manufacturer: GenuineIntel
  NumCores: 24
  NumLogicals: 48
  CPUFrequency: 0
  Memory: 380668
  MemModuleInfo:
    iNumMemSticks: 1
    DIMM 1:
      manufacturer: Not Specified
      modulePartNo: Not Specified
      memType: DDR4
      size: 384
      clkspeed: 1600
      moduleVoltage: 0
Checksum: 72725D50D416FEB363F1D092B4E0430F083DF4BE