---
system-info:
      stress-ng-version: 0.17.08
      run-by: root
      date-yyyy-mm-dd: 2024:09:03
      time-hh-mm-ss: 18:41:00
      epoch-secs: 1725388860
      hostname: sc-runner
      sysname: Linux
      nodename: sc-runner
      release: 6.8.0-1013-azure
      version: '#15-Ubuntu SMP Thu Aug  8 18:40:40 UTC 2024'
      machine: x86_64
      compiler: 'musl-gcc 13.2.1'
      uptime: 421
      totalram: 58968432640
      freeram: 50313285632
      sharedram: 42184704
      bufferram: 229572608
      totalswap: 0
      freeswap: 0
      pagesize: 4096
      cpus: 8
      cpus-online: 8
      ticks-per-second: 100

metrics:
    - stressor: cpu
      bogo-ops: 21411
      bogo-ops-per-second-usr-sys-time: 1070.549679
      bogo-ops-per-second-real-time: 1070.545316
      wall-clock-time: 20.000087
      user-time: 19.999006
      system-time: 0.001000
      cpu-usage-per-instance: 99.999593
      max-rss: 976

...
