---
system-info:
      stress-ng-version: 0.17.08
      run-by: root
      date-yyyy-mm-dd: 2024:09:16
      time-hh-mm-ss: 17:51:04
      epoch-secs: 1726509064
      hostname: sc-runner
      sysname: Linux
      nodename: sc-runner
      release: 6.8.0-1014-azure
      version: '#16-Ubuntu SMP Thu Aug 15 20:04:41 UTC 2024'
      machine: x86_64
      compiler: 'musl-gcc 13.2.1'
      uptime: 477
      totalram: 58968432640
      freeram: 48767836160
      sharedram: 42176512
      bufferram: 244764672
      totalswap: 0
      freeswap: 0
      pagesize: 4096
      cpus: 8
      cpus-online: 8
      ticks-per-second: 100

metrics:
    - stressor: cpu
      bogo-ops: 24933
      bogo-ops-per-second-usr-sys-time: 1246.657044
      bogo-ops-per-second-real-time: 1246.642034
      wall-clock-time: 20.000128
      user-time: 19.998888
      system-time: 0.000999
      cpu-usage-per-instance: 99.998796
      max-rss: 3152

...
