BaselineInfo:
  WebDBID: -1
  TimeStamp: 20241108113237
Version:
  Major: 11
  Minor: 0
  Build: 1002
  SpecialBuildName: ""
  ptArchitecture: x86_64_linux
Results:
  Results Complete: true
  NumTestProcesses: 8
  CPU_INTEGER_MATH: 21926.646000000001
  CPU_FLOATINGPOINT_MATH: 11778.459690295083
  CPU_PRIME: 46.942571064739809
  CPU_SORTING: 11567.874855501956
  CPU_ENCRYPTION: 3024.9690813618022
  CPU_COMPRESSION: 98071.541309256761
  CPU_SINGLETHREAD: 1781.3783309501518
  CPU_PHYSICS: 868.63068198063229
  CPU_MATRIX_MULT_SSE: 7010.8086316291847
  CPU_mm: 666.80488939842576
  CPU_sse: 2389.1097756498743
  CPU_fma: 8160.7241309081146
  CPU_avx: 5765.1536184546021
  CPU_avx512: 11728.247001504147
  m_CPU_enc_SHA: 992740044.63508844
  m_CPU_enc_AES: 7636984100.6835442
  m_CPU_enc_ECDSA: 886005793.05546868
  ME_ALLOC_S: 2709.4015679702707
  ME_READ_S: 21349.194726562499
  ME_READ_L: 11645.6533203125
  ME_WRITE: 10239.943359375
  ME_LARGE: 118711
  ME_LATENCY: 50.080904964934064
  ME_THREADED: 44252.6220703125
  SUMM_CPU: 7627.2337749356848
  SUMM_ME: 2475.2765579249926
SystemInformation:
  OSName: Ubuntu 24.04.1 LTS
  Kernel: 6.8.0-1017-azure
  Device: ""
  Processor: Intel Xeon Platinum 8272CL CPU @ 2.60GHz
  NumSockets: 1
  Manufacturer: GenuineIntel
  NumCores: 4
  NumLogicals: 8
  CPUFrequency: 0
  Memory: 128811
  MemModuleInfo:
    iNumMemSticks: 3
    DIMM 1:
      manufacturer: Microsoft Corporation
      modulePartNo: None
      memType: Unknown
      size: 1
      clkspeed: 0
      moduleVoltage: 0
    DIMM 2:
      manufacturer: Microsoft Corporation
      modulePartNo: None
      memType: Unknown
      size: 60928
      clkspeed: 0
      moduleVoltage: 0
    DIMM 3:
      manufacturer: Microsoft Corporation
      modulePartNo: None
      memType: Unknown
      size: 69120
      clkspeed: 0
      moduleVoltage: 0
Checksum: 4C002F787C7AADC139A4C56809820EC53C482DCA