---
system-info:
      stress-ng-version: 0.17.08
      run-by: root
      date-yyyy-mm-dd: 2024:09:17
      time-hh-mm-ss: 22:45:41
      epoch-secs: 1726613141
      hostname: sc-runner
      sysname: Linux
      nodename: sc-runner
      release: 6.8.0-1014-azure
      version: '#16-Ubuntu SMP Thu Aug 15 20:04:41 UTC 2024'
      machine: x86_64
      compiler: 'musl-gcc 13.2.1'
      uptime: 616
      totalram: 473388249088
      freeram: 461444317184
      sharedram: 88686592
      bufferram: 462970880
      totalswap: 0
      freeswap: 0
      pagesize: 4096
      cpus: 32
      cpus-online: 32
      ticks-per-second: 100

metrics:
    - stressor: cpu
      bogo-ops: 17886
      bogo-ops-per-second-usr-sys-time: 894.314667
      bogo-ops-per-second-real-time: 894.296621
      wall-clock-time: 20.000076
      user-time: 19.998672
      system-time: 0.001000
      cpu-usage-per-instance: 99.997982
      max-rss: 3080

...
