---
system-info:
      stress-ng-version: 0.17.08
      run-by: root
      date-yyyy-mm-dd: 2024:06:13
      time-hh-mm-ss: 14:56:42
      epoch-secs: 1718290602
      hostname: e2759a170ca4
      sysname: Linux
      nodename: e2759a170ca4
      release: 6.8.0-1008-aws
      version: '#8-Ubuntu SMP Sat Apr 20 00:46:25 UTC 2024'
      machine: x86_64
      compiler: 'musl-gcc 13.2.1'
      uptime: 154
      totalram: 401274130432
      freeram: 396570599424
      sharedram: 38027264
      bufferram: 107315200
      totalswap: 0
      freeswap: 0
      pagesize: 4096
      cpus: 48
      cpus-online: 48
      ticks-per-second: 100

metrics:
    - stressor: cpu
      bogo-ops: 27737
      bogo-ops-per-second-usr-sys-time: 1386.858737
      bogo-ops-per-second-real-time: 1386.844429
      wall-clock-time: 20.000080
      user-time: 19.999874
      system-time: 0.000000
      cpu-usage-per-instance: 99.998968
      max-rss: 1152

...
