---
system-info:
      stress-ng-version: 0.17.08
      run-by: root
      date-yyyy-mm-dd: 2024:06:08
      time-hh-mm-ss: 01:18:43
      epoch-secs: 1717809523
      hostname: 8779d328111e
      sysname: Linux
      nodename: 8779d328111e
      release: 6.8.0-1008-aws
      version: '#8-Ubuntu SMP Sat Apr 20 00:46:25 UTC 2024'
      machine: x86_64
      compiler: 'musl-gcc 13.2.1'
      uptime: 132
      totalram: 401274109952
      freeram: 396701999104
      sharedram: 40910848
      bufferram: 95625216
      totalswap: 0
      freeswap: 0
      pagesize: 4096
      cpus: 48
      cpus-online: 48
      ticks-per-second: 100

metrics:
    - stressor: cpu
      bogo-ops: 14923
      bogo-ops-per-second-usr-sys-time: 1492.080963
      bogo-ops-per-second-real-time: 1492.098507
      wall-clock-time: 10.001350
      user-time: 10.000468
      system-time: 0.001000
      cpu-usage-per-instance: 100.001176
      max-rss: 3840

...
