BaselineInfo:
  WebDBID: -1
  TimeStamp: 20250228172633
Version:
  Major: 11
  Minor: 0
  Build: 1002
  SpecialBuildName: ""
  ptArchitecture: x86_64_linux
Results:
  Results Complete: true
  NumTestProcesses: 8
  CPU_INTEGER_MATH: 38307.197999999997
  CPU_FLOATINGPOINT_MATH: 27905.184914153968
  CPU_PRIME: 131.14467408541339
  CPU_SORTING: 22907.832910713758
  CPU_ENCRYPTION: 9303.1685706325443
  CPU_COMPRESSION: 168894.40967397531
  CPU_SINGLETHREAD: 2161.8130611114639
  CPU_PHYSICS: 2260.1334287334116
  CPU_MATRIX_MULT_SSE: 14400.698579761274
  CPU_mm: 1631.9279255734511
  CPU_sse: 6434.4079819691051
  CPU_fma: 21210.578933875193
  CPU_avx: 15557.108823439523
  CPU_avx512: 0
  m_CPU_enc_SHA: 13111658327.718584
  m_CPU_enc_AES: 8462113218.3625507
  m_CPU_enc_ECDSA: 7691466315.2776365
  ME_ALLOC_S: 4977.5531217028583
  ME_READ_S: 25251.902929687501
  ME_READ_L: 9901.955078125
  ME_WRITE: 9722.4462890625
  ME_LARGE: 85276.333333333328
  ME_LATENCY: 68.973614803206999
  ME_THREADED: 52078.66259765625
  SUMM_CPU: 15683.806356945339
  SUMM_ME: 2225.9920282435987
SystemInformation:
  OSName: Ubuntu 24.04.1 LTS
  Kernel: 6.8.0-31-generic
  Device: ""
  Processor: AMD EPYC 7542 32-Core Processor
  NumSockets: 1
  Manufacturer: AuthenticAMD
  NumCores: 8
  NumLogicals: 8
  CPUFrequency: 0
  Memory: 96514
  MemModuleInfo:
    iNumMemSticks: 6
    DIMM 1:
      manufacturer: QEMU
      modulePartNo: Not Specified
      memType: RAM
      size: 16
      clkspeed: 0
      moduleVoltage: 0
    DIMM 2:
      manufacturer: QEMU
      modulePartNo: Not Specified
      memType: RAM
      size: 16
      clkspeed: 0
      moduleVoltage: 0
    DIMM 3:
      manufacturer: QEMU
      modulePartNo: Not Specified
      memType: RAM
      size: 16
      clkspeed: 0
      moduleVoltage: 0
    DIMM 4:
      manufacturer: QEMU
      modulePartNo: Not Specified
      memType: RAM
      size: 16
      clkspeed: 0
      moduleVoltage: 0
    DIMM 5:
      manufacturer: QEMU
      modulePartNo: Not Specified
      memType: RAM
      size: 16
      clkspeed: 0
      moduleVoltage: 0
    DIMM 6:
      manufacturer: QEMU
      modulePartNo: Not Specified
      memType: RAM
      size: 16
      clkspeed: 0
      moduleVoltage: 0
Checksum: 1365C888653FD56817C848E893F19891796378E5