BaselineInfo:
  WebDBID: -1
  TimeStamp: 20250916040425
Version:
  Major: 11
  Minor: 0
  Build: 1002
  SpecialBuildName: ""
  ptArchitecture: aarch64_linux
Results:
  Results Complete: true
  NumTestProcesses: 48
  CPU_INTEGER_MATH: 250289.76800000007
  CPU_FLOATINGPOINT_MATH: 290777.1577537235
  CPU_PRIME: 538.72184900337834
  CPU_SORTING: 220482.82309209267
  CPU_ENCRYPTION: 9037.3967382288411
  CPU_COMPRESSION: 318693.07415642793
  CPU_SINGLETHREAD: 1942.7261167479644
  CPU_PHYSICS: 12491.919016662991
  CPU_MATRIX_MULT_SSE: 43219.271071361756
  CPU_mm: 5430.1342649487206
  CPU_sse: 33045.967616141686
  CPU_fma: 53392.574526581811
  CPU_avx: 0
  CPU_avx512: 0
  m_CPU_enc_SHA: 14093929836.246342
  m_CPU_enc_AES: 5158915511.5234232
  m_CPU_enc_ECDSA: 9176346618.7853718
  ME_ALLOC_S: 47475.075504407301
  ME_READ_S: 21038.105078125001
  ME_READ_L: 19696.40234375
  ME_WRITE: 21263.16015625
  ME_LARGE: 367451.58333333331
  ME_LATENCY: 47.138342991766557
  ME_THREADED: 447376.85546875
  SUMM_CPU: 35945.801231253077
  SUMM_ME: 3367.6600613402334
SystemInformation:
  OSName: Ubuntu 24.04.2 LTS
  Kernel: 6.14.0-1012-aws
  Device: ""
  Processor: ARM Neoverse-V2 48 Core 0 MHz
  NumSockets: 1
  Manufacturer: ARM
  NumCores: 48
  NumLogicals: 48
  CPUFrequency: 0
  Memory: 379912
Checksum: 308334F078E95B292C18BE5E1001C7588023698B