BaselineInfo:
  WebDBID: -1
  TimeStamp: 20241121113909
Version:
  Major: 11
  Minor: 0
  Build: 1002
  SpecialBuildName: ""
  ptArchitecture: x86_64_linux
Results:
  Results Complete: true
  NumTestProcesses: 8
  CPU_INTEGER_MATH: 37975.912000000004
  CPU_FLOATINGPOINT_MATH: 21253.586394608501
  CPU_PRIME: 94.485885982169236
  CPU_SORTING: 23296.503549473087
  CPU_ENCRYPTION: 9660.7376158918614
  CPU_COMPRESSION: 155281.29863541888
  CPU_SINGLETHREAD: 2905.9740133577752
  CPU_PHYSICS: 1529.3301647586554
  CPU_MATRIX_MULT_SSE: 10841.813152791188
  CPU_mm: 1017.3552071315012
  CPU_sse: 4451.9023604032727
  CPU_fma: 14040.184824701133
  CPU_avx: 11570.186384150642
  CPU_avx512: 13304.979041909713
  m_CPU_enc_SHA: 13476167297.120911
  m_CPU_enc_AES: 9147505309.3707447
  m_CPU_enc_ECDSA: 7766380212.4726143
  ME_ALLOC_S: 3887.5148700435434
  ME_READ_S: 27873.271679687499
  ME_READ_L: 27542.439453125
  ME_WRITE: 26827.01953125
  ME_LARGE: 21253.5
  ME_LATENCY: 76.055348272098982
  ME_THREADED: 38391.4248046875
  SUMM_CPU: 14474.731348474823
  SUMM_ME: 2509.0002650423808
SystemInformation:
  OSName: Ubuntu 24.04.1 LTS
  Kernel: 6.8.0-1017-azure
  Device: ""
  Processor: AMD EPYC 9V74 80-Core Processor
  NumSockets: 1
  Manufacturer: AuthenticAMD
  NumCores: 4
  NumLogicals: 8
  CPUFrequency: 0
  Memory: 32092
  MemModuleInfo:
    iNumMemSticks: 2
    DIMM 1:
      manufacturer: Microsoft Corporation
      modulePartNo: None
      memType: Unknown
      size: 1
      clkspeed: 0
      moduleVoltage: 0
    DIMM 2:
      manufacturer: Microsoft Corporation
      modulePartNo: None
      memType: Unknown
      size: 31
      clkspeed: 0
      moduleVoltage: 0
Checksum: B844AEB0F46B368C390D9B3A95E870BE48DE4805