BaselineInfo:
  WebDBID: -1
  TimeStamp: 20241109032633
Version:
  Major: 11
  Minor: 0
  Build: 1002
  SpecialBuildName: ""
  ptArchitecture: aarch64_linux
Results:
  Results Complete: true
  NumTestProcesses: 64
  CPU_INTEGER_MATH: 403035.31033333339
  CPU_FLOATINGPOINT_MATH: 338599.04888827685
  CPU_PRIME: 593.03820274182567
  CPU_SORTING: 323174.31265992619
  CPU_ENCRYPTION: 12049.836751143965
  CPU_COMPRESSION: 438697.54000561649
  CPU_SINGLETHREAD: 1881.0358157398052
  CPU_PHYSICS: 16078.334564789009
  CPU_MATRIX_MULT_SSE: 57148.574283836111
  CPU_mm: 9187.6702834301905
  CPU_sse: 48203.587223884155
  CPU_fma: 66093.561343788097
  CPU_avx: 0
  CPU_avx512: 0
  m_CPU_enc_SHA: 17639866999.408833
  m_CPU_enc_AES: 7743043410.76227
  m_CPU_enc_ECDSA: 12522598453.331501
  ME_ALLOC_S: 38044.913246171898
  ME_READ_S: 25629.891406250001
  ME_READ_L: 19231.3984375
  ME_WRITE: 25752.626953125
  ME_LARGE: 501002.41666666669
  ME_LATENCY: 51.91731185698643
  ME_THREADED: 516698.0087890625
  SUMM_CPU: 44219.507142673981
  SUMM_ME: 3424.7396066289107
SystemInformation:
  OSName: Ubuntu 24.04.1 LTS
  Kernel: 6.8.0-1017-azure
  Device: ""
  Processor: ARM Neoverse-N2 64 Core 0 MHz
  NumSockets: 1
  Manufacturer: ARM
  NumCores: 64
  NumLogicals: 64
  CPUFrequency: 0
  Memory: 514749
Checksum: B2B7A1B4E4BC5758D1C9C122642FF3C984A65B6F