---
system-info:
      stress-ng-version: 0.17.08
      run-by: root
      date-yyyy-mm-dd: 2024:09:19
      time-hh-mm-ss: 11:56:58
      epoch-secs: 1726747018
      hostname: sc-runner
      sysname: Linux
      nodename: sc-runner
      release: 6.8.0-1014-azure
      version: '#16-Ubuntu SMP Thu Aug 15 21:06:50 UTC 2024'
      machine: aarch64
      compiler: 'musl-gcc 13.2.1'
      uptime: 374
      totalram: 202205147136
      freeram: 190954721280
      sharedram: 38309888
      bufferram: 310812672
      totalswap: 0
      freeswap: 0
      pagesize: 4096
      cpus: 48
      cpus-online: 48
      ticks-per-second: 100

metrics:
    - stressor: cpu
      bogo-ops: 36450
      bogo-ops-per-second-usr-sys-time: 1822.510479
      bogo-ops-per-second-real-time: 1822.495416
      wall-clock-time: 20.000050
      user-time: 19.999885
      system-time: 0.000000
      cpu-usage-per-instance: 99.999173
      max-rss: 1152

...
