---
system-info:
      stress-ng-version: 0.17.08
      run-by: root
      date-yyyy-mm-dd: 2024:09:23
      time-hh-mm-ss: 20:59:40
      epoch-secs: 1727125180
      hostname: c4-standard-2-60cd4cc
      sysname: Linux
      nodename: c4-standard-2-60cd4cc
      release: 6.8.0-1014-gcp
      version: '#16-Ubuntu SMP Mon Aug 26 15:55:46 UTC 2024'
      machine: x86_64
      compiler: 'musl-gcc 13.2.1'
      uptime: 161
      totalram: 7266910208
      freeram: 201920512
      sharedram: 274563072
      bufferram: 237174784
      totalswap: 0
      freeswap: 0
      pagesize: 4096
      cpus: 2
      cpus-online: 2
      ticks-per-second: 100

metrics:
    - stressor: cpu
      bogo-ops: 43541
      bogo-ops-per-second-usr-sys-time: 1094.194294
      bogo-ops-per-second-real-time: 2177.038451
      wall-clock-time: 20.000106
      user-time: 39.791752
      system-time: 0.000998
      cpu-usage-per-instance: 99.481347
      max-rss: 1104

...
