size_kb,operation,bandwidth_mb_s,latency_ns,latency_stddev_ns,latency_samples,threads,iterations,elapsed_s
16,read,1699161.72,0,0,0,32,609755,0.179428
16,write,839527.50,0,0,0,32,499999,0.297786
16,copy,808358.43,0,0,0,32,462963,0.286360
16,latency,0,1.20,0.06,15,1,15,0.189153
64,read,1633250.63,0,0,0,32,257732,0.315606
64,write,838381.72,0,0,0,32,165562,0.394956
64,copy,819095.31,0,0,0,32,137362,0.335399
64,latency,0,2.79,0.00,7,1,7,0.703010
256,read,1579781.62,0,0,0,32,71633,0.362749
256,write,834735.53,0,0,0,32,22977,0.220209
256,copy,643522.70,0,0,0,32,24485,0.304387
256,latency,0,3.62,0.00,7,1,7,0.570192
512,read,1322812.20,0,0,0,32,38639,0.467356
512,write,798943.58,0,0,0,32,27144,0.543598
512,copy,545976.96,0,0,0,32,9984,0.292584
512,latency,0,5.21,0.20,7,1,7,0.339742
1024,read,1115188.30,0,0,0,32,7954,0.228238
1024,write,837453.68,0,0,0,32,5826,0.222618
1024,copy,474321.33,0,0,0,32,10183,0.686994
1024,latency,0,8.28,0.03,7,1,7,0.714706
8192,read,201383.85,0,0,0,32,1387,1.763160
8192,write,146595.70,0,0,0,32,1249,2.181128
8192,copy,71125.85,0,0,0,32,657,2.364710
8192,latency,0,13.57,0.05,7,1,7,0.678420
16384,read,137328.05,0,0,0,32,738,2.751484
16384,write,96859.16,0,0,0,32,433,2.288849
16384,copy,55974.82,0,0,0,32,278,2.542858
16384,latency,0,15.30,0.18,7,1,7,0.744567
32768,read,112189.96,0,0,0,32,282,2.573920
32768,write,81206.02,0,0,0,32,180,2.269782
32768,copy,52526.03,0,0,0,32,126,2.456382
32768,latency,0,41.35,9.18,21,1,21,2.317840
65536,read,104701.47,0,0,0,32,124,2.425487
65536,write,77455.13,0,0,0,32,111,2.934964
65536,copy,51311.18,0,0,0,32,59,2.354886
65536,latency,0,85.86,3.51,7,1,7,3.759634
131072,read,103541.24,0,0,0,32,55,2.175751
131072,write,76827.95,0,0,0,32,53,2.825638
131072,copy,51651.48,0,0,0,32,18,1.427413
131072,latency,0,104.52,1.32,7,1,7,9.029959
