BaselineInfo:
  WebDBID: -1
  TimeStamp: 20251218014547
Version:
  Major: 11
  Minor: 0
  Build: 1002
  SpecialBuildName: ""
  ptArchitecture: x86_64_linux
Results:
  Results Complete: true
  NumTestProcesses: 8
  CPU_INTEGER_MATH: 27580.092000000001
  CPU_FLOATINGPOINT_MATH: 23627.451476310118
  CPU_PRIME: 100.40299403058897
  CPU_SORTING: 19424.836423533307
  CPU_ENCRYPTION: 2605.9833839862627
  CPU_COMPRESSION: 143083.90134722297
  CPU_SINGLETHREAD: 1915.3065450748461
  CPU_PHYSICS: 1547.0305637900829
  CPU_MATRIX_MULT_SSE: 9019.9201623267872
  CPU_mm: 1239.6362084458456
  CPU_sse: 5096.867139958289
  CPU_fma: 12558.928596847223
  CPU_avx: 9403.9647501748477
  CPU_avx512: 0
  m_CPU_enc_SHA: 1888464456.9815898
  m_CPU_enc_AES: 4641345958.9711552
  m_CPU_enc_ECDSA: 1667904482.5875931
  ME_ALLOC_S: 4990.0069815137913
  ME_READ_S: 21602.105664062499
  ME_READ_L: 7812.31591796875
  ME_WRITE: 6176.40185546875
  ME_LARGE: 19278.75
  ME_LATENCY: 68.60945279958986
  ME_THREADED: 49007.736328125
  SUMM_CPU: 9962.711915060434
  SUMM_ME: 1897.1042028089892
SystemInformation:
  OSName: Ubuntu 24.04.2 LTS
  Kernel: 6.8.0-86-generic
  Device: ""
  Processor: Intel Core Processor (Haswell, no TSX)
  NumSockets: 8
  Manufacturer: GenuineIntel
  NumCores: 8
  NumLogicals: 8
  CPUFrequency: 0
  Memory: 29369
  MemModuleInfo:
    iNumMemSticks: 1
    DIMM 1:
      manufacturer: QEMU
      modulePartNo: Not Specified
      memType: RAM
      size: 30000
      clkspeed: 0
      moduleVoltage: 0
Checksum: 1CC4181109A6D72FDDD26CF2F35CBDF15FBEF146