---
system-info:
      stress-ng-version: 0.17.08
      run-by: root
      date-yyyy-mm-dd: 2024:09:24
      time-hh-mm-ss: 03:12:00
      epoch-secs: 1727147520
      hostname: c4-highmem-96-35f3572
      sysname: Linux
      nodename: c4-highmem-96-35f3572
      release: 6.8.0-1014-gcp
      version: '#16-Ubuntu SMP Mon Aug 26 15:55:46 UTC 2024'
      machine: x86_64
      compiler: 'musl-gcc 13.2.1'
      uptime: 223
      totalram: 786223542272
      freeram: 774233669632
      sharedram: 547606528
      bufferram: 253362176
      totalswap: 0
      freeswap: 0
      pagesize: 4096
      cpus: 96
      cpus-online: 96
      ticks-per-second: 100

metrics:
    - stressor: cpu
      bogo-ops: 41362
      bogo-ops-per-second-usr-sys-time: 2068.088212
      bogo-ops-per-second-real-time: 2068.092308
      wall-clock-time: 20.000074
      user-time: 20.000114
      system-time: 0.000000
      cpu-usage-per-instance: 100.000198
      max-rss: 768

...
