BaselineInfo:
  WebDBID: -1
  TimeStamp: 20260405001812
Version:
  Major: 11
  Minor: 0
  Build: 1004
  SpecialBuildName: ""
  ptArchitecture: x86_64_linux
Results:
  Results Complete: true
  NumTestProcesses: 32
  CPU_INTEGER_MATH: 134766.66199999998
  CPU_FLOATINGPOINT_MATH: 68911.603699347979
  CPU_PRIME: 182.00201294949602
  CPU_SORTING: 68915.18376686277
  CPU_ENCRYPTION: 29255.54117948643
  CPU_COMPRESSION: 489405.1676853816
  CPU_SINGLETHREAD: 2388.7795832948691
  CPU_PHYSICS: 3308.6263289824378
  CPU_MATRIX_MULT_SSE: 28367.398656982572
  CPU_mm: 2903.7730269593808
  CPU_sse: 12788.82800389745
  CPU_fma: 35016.848839253973
  CPU_avx: 25928.201227873145
  CPU_avx512: 39735.716556905703
  m_CPU_enc_SHA: 29538056625.535618
  m_CPU_enc_AES: 44422322591.452606
  m_CPU_enc_ECDSA: 18069595826.47525
  ME_ALLOC_S: 14602.566985802203
  ME_READ_S: 24008.894726562499
  ME_READ_L: 11023.0185546875
  ME_WRITE: 10186.4345703125
  ME_LARGE: 47484.083333333336
  ME_LATENCY: 60.604966052772681
  ME_THREADED: 140521.10986328125
  SUMM_CPU: 36670.060887549647
  SUMM_ME: 2505.2672465777355
SystemInformation:
  OSName: Ubuntu 24.04.4 LTS
  Kernel: 6.8.0-106-generic
  Device: ""
  Processor: Intel(R) Xeon(R) Platinum 8369B CPU @ 2.70GHz
  NumSockets: 1
  Manufacturer: GenuineIntel
  NumCores: 16
  NumLogicals: 32
  CPUFrequency: 0
  CPUMaxFrequency: 0
  Memory: 61860
  CPUInfo:
    number: 1
    Family: 6
    Model: 10
    stepping: 6
    features: 529267711
    manufacture: GenuineIntel
    typestring: Intel(R) Xeon(R) Platinum 8369B CPU @ 2.70GHz
    iCoresPerPackage: 16
    iThreadsPerPackage: 2
    featuresEx:
      - 529267711
      - 4277809667
      - 739248128
    bHybrid: false
    nPCore: 0
    nLogicalsPerPCore: 0
    nECore: 0
    nLogicalsPerECore: 0
  MemModuleInfo:
    iNumMemSticks: 4
    DIMM 1:
      manufacturer: Alibaba Cloud
      modulePartNo: Not Specified
      memType: RAM
      size: 16
      clkspeed: 0
      moduleVoltage: 0
    DIMM 2:
      manufacturer: Alibaba Cloud
      modulePartNo: Not Specified
      memType: RAM
      size: 16
      clkspeed: 0
      moduleVoltage: 0
    DIMM 3:
      manufacturer: Alibaba Cloud
      modulePartNo: Not Specified
      memType: RAM
      size: 16
      clkspeed: 0
      moduleVoltage: 0
    DIMM 4:
      manufacturer: Alibaba Cloud
      modulePartNo: Not Specified
      memType: RAM
      size: 16
      clkspeed: 0
      moduleVoltage: 0
Checksum: 60956776675F68F1200192E407FDE371A048AECE