---
system-info:
      stress-ng-version: 0.17.08
      run-by: root
      date-yyyy-mm-dd: 2024:09:19
      time-hh-mm-ss: 21:16:00
      epoch-secs: 1726780560
      hostname: sc-runner
      sysname: Linux
      nodename: sc-runner
      release: 6.8.0-1014-azure
      version: '#16-Ubuntu SMP Thu Aug 15 20:04:41 UTC 2024'
      machine: x86_64
      compiler: 'musl-gcc 13.2.1'
      uptime: 319
      totalram: 935899136
      freeram: 107749376
      sharedram: 38076416
      bufferram: 12054528
      totalswap: 0
      freeswap: 0
      pagesize: 4096
      cpus: 2
      cpus-online: 2
      ticks-per-second: 100

metrics:
    - stressor: cpu
      bogo-ops: 58423
      bogo-ops-per-second-usr-sys-time: 1474.569289
      bogo-ops-per-second-real-time: 2921.134939
      wall-clock-time: 20.000103
      user-time: 39.604424
      system-time: 0.015959
      cpu-usage-per-instance: 99.050447
      max-rss: 1160

...
