---
system-info:
      stress-ng-version: 0.17.08
      run-by: root
      date-yyyy-mm-dd: 2024:06:14
      time-hh-mm-ss: 03:22:45
      epoch-secs: 1718335365
      hostname: 50c2c3c71cda
      sysname: Linux
      nodename: 50c2c3c71cda
      release: 6.8.0-1008-aws
      version: '#8-Ubuntu SMP Sat Apr 20 00:46:25 UTC 2024'
      machine: x86_64
      compiler: 'musl-gcc 13.2.1'
      uptime: 163
      totalram: 7795376128
      freeram: 3480268800
      sharedram: 27529216
      bufferram: 108830720
      totalswap: 0
      freeswap: 0
      pagesize: 4096
      cpus: 4
      cpus-online: 4
      ticks-per-second: 100

metrics:
    - stressor: cpu
      bogo-ops: 28707
      bogo-ops-per-second-usr-sys-time: 1435.400598
      bogo-ops-per-second-real-time: 1435.339220
      wall-clock-time: 20.000150
      user-time: 19.998276
      system-time: 0.001019
      cpu-usage-per-instance: 99.995724
      max-rss: 1104

...
