---
system-info:
      stress-ng-version: 0.17.08
      run-by: root
      date-yyyy-mm-dd: 2024:06:05
      time-hh-mm-ss: 14:15:28
      epoch-secs: 1717596928
      hostname: 051d927a60e1
      sysname: Linux
      nodename: 051d927a60e1
      release: 6.8.0-1008-aws
      version: '#8-Ubuntu SMP Sat Apr 20 00:46:25 UTC 2024'
      machine: x86_64
      compiler: 'musl-gcc 13.2.1'
      uptime: 140
      totalram: 7795376128
      freeram: 3735715840
      sharedram: 27537408
      bufferram: 77815808
      totalswap: 0
      freeswap: 0
      pagesize: 4096
      cpus: 4
      cpus-online: 4
      ticks-per-second: 100

metrics:
    - stressor: cpu
      bogo-ops: 15510
      bogo-ops-per-second-usr-sys-time: 1551.025282
      bogo-ops-per-second-real-time: 1550.965315
      wall-clock-time: 10.000224
      user-time: 9.998823
      system-time: 0.001014
      cpu-usage-per-instance: 99.996134
      max-rss: 3920

...
