BaselineInfo:
  WebDBID: -1
  TimeStamp: 20260404221914
Version:
  Major: 11
  Minor: 0
  Build: 1004
  SpecialBuildName: ""
  ptArchitecture: x86_64_linux
Results:
  Results Complete: true
  NumTestProcesses: 24
  CPU_INTEGER_MATH: 59201.76433333334
  CPU_FLOATINGPOINT_MATH: 31756.166604917984
  CPU_PRIME: 87.74701938685547
  CPU_SORTING: 35707.725146219083
  CPU_ENCRYPTION: 8196.3754508469647
  CPU_COMPRESSION: 271235.60939960589
  CPU_SINGLETHREAD: 1660.2496150362456
  CPU_PHYSICS: 1796.986954422257
  CPU_MATRIX_MULT_SSE: 18834.899037916421
  CPU_mm: 1801.1048996198833
  CPU_sse: 6500.2382458185057
  CPU_fma: 21993.359518068552
  CPU_avx: 15542.985402620774
  CPU_avx512: 31303.012985157835
  m_CPU_enc_SHA: 2671671656.8985176
  m_CPU_enc_AES: 20691674800.053417
  m_CPU_enc_ECDSA: 2420221297.2899833
  ME_ALLOC_S: 6564.5738537131538
  ME_READ_S: 19444.433789062499
  ME_READ_L: 7040.646484375
  ME_WRITE: 7308.74853515625
  ME_LARGE: 34197.416666666664
  ME_LATENCY: 75.048894963270769
  ME_THREADED: 95278.5791015625
  SUMM_CPU: 18382.835578565609
  SUMM_ME: 1875.2949472051021
SystemInformation:
  OSName: Ubuntu 24.04.4 LTS
  Kernel: 6.8.0-106-generic
  Device: ""
  Processor: Intel(R) Xeon(R) Platinum 8269CY CPU @ 2.50GHz
  NumSockets: 1
  Manufacturer: GenuineIntel
  NumCores: 12
  NumLogicals: 24
  CPUFrequency: 0
  CPUMaxFrequency: 0
  Memory: 47784
  CPUInfo:
    number: 1
    Family: 6
    Model: 5
    stepping: 7
    features: 529267711
    manufacture: GenuineIntel
    typestring: Intel(R) Xeon(R) Platinum 8269CY CPU @ 2.50GHz
    iCoresPerPackage: 12
    iThreadsPerPackage: 2
    featuresEx:
      - 529267711
      - 4277809667
      - 739248128
    bHybrid: false
    nPCore: 0
    nLogicalsPerPCore: 0
    nECore: 0
    nLogicalsPerECore: 0
  MemModuleInfo:
    iNumMemSticks: 3
    DIMM 1:
      manufacturer: Alibaba Cloud
      modulePartNo: Not Specified
      memType: RAM
      size: 16
      clkspeed: 0
      moduleVoltage: 0
    DIMM 2:
      manufacturer: Alibaba Cloud
      modulePartNo: Not Specified
      memType: RAM
      size: 16
      clkspeed: 0
      moduleVoltage: 0
    DIMM 3:
      manufacturer: Alibaba Cloud
      modulePartNo: Not Specified
      memType: RAM
      size: 16
      clkspeed: 0
      moduleVoltage: 0
Checksum: 41D2BCB008837CF7048FF50610816F6D054A56BB