BaselineInfo:
  WebDBID: -1
  TimeStamp: 20260611151245
Version:
  Major: 11
  Minor: 0
  Build: 1004
  SpecialBuildName: ""
  ptArchitecture: aarch64_linux
Results:
  Results Complete: true
  NumTestProcesses: 192
  CPU_INTEGER_MATH: 1166645.1146666661
  CPU_FLOATINGPOINT_MATH: 1458274.2250361291
  CPU_PRIME: 2199.3475540260788
  CPU_SORTING: 963273.26479357935
  CPU_ENCRYPTION: 56215.294606443429
  CPU_COMPRESSION: 1760129.6765423249
  CPU_SINGLETHREAD: 2463.4715903551109
  CPU_PHYSICS: 41777.759001906801
  CPU_MATRIX_MULT_SSE: 241409.58138517555
  CPU_mm: 25447.800807216416
  CPU_sse: 191741.33308035799
  CPU_fma: 291077.82968999277
  CPU_avx: 0
  CPU_avx512: 0
  m_CPU_enc_SHA: 94047836219.128265
  m_CPU_enc_AES: 26268324046.754456
  m_CPU_enc_ECDSA: 56521866005.85527
  ME_ALLOC_S: 61672.076197457747
  ME_READ_S: 24827.192968750001
  ME_READ_L: 24348.42578125
  ME_WRITE: 24996.8828125
  ME_LARGE: 745040.91666666663
  ME_LATENCY: 29.29243171850786
  ME_THREADED: 883808.84521484375
  SUMM_CPU: 107221.25698255929
  SUMM_ME: 4599.7392557365138
SystemInformation:
  OSName: Ubuntu 24.04.4 LTS
  Kernel: 6.17.0-1017-aws
  Device: ""
  Processor: ARM Neoverse-V3 192 Core 0 MHz
  NumSockets: 1
  Manufacturer: ARM
  NumCores: 192
  NumLogicals: 192
  CPUFrequency: 0
  CPUMaxFrequency: 0
  Memory: 760113
Checksum: 92A84FC370898A5FE9DB98EC3D7323F53C640AC2