---
system-info:
      stress-ng-version: 0.17.08
      run-by: root
      date-yyyy-mm-dd: 2024:09:16
      time-hh-mm-ss: 20:18:46
      epoch-secs: 1726517926
      hostname: sc-runner
      sysname: Linux
      nodename: sc-runner
      release: 6.8.0-1014-azure
      version: '#16-Ubuntu SMP Thu Aug 15 21:06:50 UTC 2024'
      machine: aarch64
      compiler: 'musl-gcc 13.2.1'
      uptime: 340
      totalram: 134800506880
      freeram: 124103159808
      sharedram: 38244352
      bufferram: 272134144
      totalswap: 0
      freeswap: 0
      pagesize: 4096
      cpus: 32
      cpus-online: 32
      ticks-per-second: 100

metrics:
    - stressor: cpu
      bogo-ops: 36455
      bogo-ops-per-second-usr-sys-time: 1822.748997
      bogo-ops-per-second-real-time: 1822.741482
      wall-clock-time: 20.000093
      user-time: 19.999012
      system-time: 0.000999
      cpu-usage-per-instance: 99.999588
      max-rss: 1280

...
