BaselineInfo:
  WebDBID: -1
  TimeStamp: 20241107132623
Version:
  Major: 11
  Minor: 0
  Build: 1002
  SpecialBuildName: ""
  ptArchitecture: x86_64_linux
Results:
  Results Complete: true
  NumTestProcesses: 4
  CPU_INTEGER_MATH: 16694.490333333335
  CPU_FLOATINGPOINT_MATH: 8574.3590488078353
  CPU_PRIME: 37.834479713187015
  CPU_SORTING: 8786.1610489899358
  CPU_ENCRYPTION: 3571.3646342818256
  CPU_COMPRESSION: 64645.043568970184
  CPU_SINGLETHREAD: 2421.1970320690252
  CPU_PHYSICS: 722.40598919379875
  CPU_MATRIX_MULT_SSE: 3573.7324641997175
  CPU_mm: 361.73583097047174
  CPU_sse: 1576.442931696394
  CPU_fma: 4375.4215418653312
  CPU_avx: 3230.0950313242929
  CPU_avx512: 5112.9703519128534
  m_CPU_enc_SHA: 3615301255.9703293
  m_CPU_enc_AES: 5406558772.7145624
  m_CPU_enc_ECDSA: 2212681699.585207
  ME_ALLOC_S: 2030.4549918068451
  ME_READ_S: 24261.5654296875
  ME_READ_L: 11787.6298828125
  ME_WRITE: 10546.6572265625
  ME_LARGE: 648
  ME_LATENCY: 54.103137335422595
  ME_THREADED: 30136.7021484375
  SUMM_CPU: 5931.1947651126166
  SUMM_ME: 1090.6238234298182
SystemInformation:
  OSName: Ubuntu 24.04.1 LTS
  Kernel: 6.8.0-1017-azure
  Device: ""
  Processor: Intel Xeon Platinum 8370C CPU @ 2.80GHz
  NumSockets: 1
  Manufacturer: GenuineIntel
  NumCores: 2
  NumLogicals: 4
  CPUFrequency: 2800
  Memory: 7936
  MemModuleInfo:
    iNumMemSticks: 2
    DIMM 1:
      manufacturer: Microsoft Corporation
      modulePartNo: None
      memType: Unknown
      size: 1
      clkspeed: 0
      moduleVoltage: 0
    DIMM 2:
      manufacturer: Microsoft Corporation
      modulePartNo: None
      memType: Unknown
      size: 7
      clkspeed: 0
      moduleVoltage: 0
Checksum: 3B45B6CCCC66173B3FE9D54FF052F67013C16BC1