BaselineInfo:
  WebDBID: -1
  TimeStamp: 20241107230447
Version:
  Major: 11
  Minor: 0
  Build: 1002
  SpecialBuildName: ""
  ptArchitecture: aarch64_linux
Results:
  Results Complete: true
  NumTestProcesses: 16
  CPU_INTEGER_MATH: 76385.421000000002
  CPU_FLOATINGPOINT_MATH: 75955.612882442976
  CPU_PRIME: 133.44502744296955
  CPU_SORTING: 62829.915237935107
  CPU_ENCRYPTION: 2232.7670298701642
  CPU_COMPRESSION: 84706.598933703266
  CPU_SINGLETHREAD: 1563.8919820110184
  CPU_PHYSICS: 3609.89031384701
  CPU_MATRIX_MULT_SSE: 13265.494637708463
  CPU_mm: 1735.4454779141843
  CPU_sse: 11125.515856421322
  CPU_fma: 15405.473418995602
  CPU_avx: 0
  CPU_avx512: 0
  m_CPU_enc_SHA: 3382059540.7593546
  m_CPU_enc_AES: 1306636695.6043282
  m_CPU_enc_ECDSA: 2334981526.975729
  ME_ALLOC_S: 15636.599934458101
  ME_READ_S: 19434.022070312501
  ME_READ_L: 18247.576171875
  ME_WRITE: 19661.30859375
  ME_LARGE: 21151.666666666668
  ME_LATENCY: 52.774055218483589
  ME_THREADED: 178557.8056640625
  SUMM_CPU: 11459.074495411618
  SUMM_ME: 2884.5159596056601
SystemInformation:
  OSName: Ubuntu 24.04.1 LTS
  Kernel: 6.8.0-1016-aws
  Device: ""
  Processor: ARM Neoverse-V1 16 Core 0 MHz
  NumSockets: 1
  Manufacturer: ARM
  NumCores: 16
  NumLogicals: 16
  CPUFrequency: 0
  Memory: 31491
Checksum: EAEE2B738405683AED023427D190402C812842E4