---
system-info:
      stress-ng-version: 0.17.08
      run-by: root
      date-yyyy-mm-dd: 2024:09:15
      time-hh-mm-ss: 20:05:15
      epoch-secs: 1726430715
      hostname: sc-runner
      sysname: Linux
      nodename: sc-runner
      release: 6.8.0-1014-azure
      version: '#16-Ubuntu SMP Thu Aug 15 20:04:41 UTC 2024'
      machine: x86_64
      compiler: 'musl-gcc 13.2.1'
      uptime: 273
      totalram: 8322961408
      freeram: 278171648
      sharedram: 54861824
      bufferram: 208273408
      totalswap: 0
      freeswap: 0
      pagesize: 4096
      cpus: 1
      cpus-online: 1
      ticks-per-second: 100

metrics:
    - stressor: cpu
      bogo-ops: 37522
      bogo-ops-per-second-usr-sys-time: 1897.906087
      bogo-ops-per-second-real-time: 1876.092642
      wall-clock-time: 20.000078
      user-time: 19.768223
      system-time: 0.001986
      cpu-usage-per-instance: 98.850657
      max-rss: 3124

...
