BaselineInfo:
  WebDBID: -1
  TimeStamp: 20241107074135
Version:
  Major: 11
  Minor: 0
  Build: 1002
  SpecialBuildName: ""
  ptArchitecture: x86_64_linux
Results:
  Results Complete: true
  NumTestProcesses: 2
  CPU_INTEGER_MATH: 12006.313
  CPU_FLOATINGPOINT_MATH: 10607.153734524585
  CPU_PRIME: 38.957236656797974
  CPU_SORTING: 7478.5483290990242
  CPU_ENCRYPTION: 2599.6364546773566
  CPU_COMPRESSION: 51259.240830330331
  CPU_SINGLETHREAD: 2890.797536677976
  CPU_PHYSICS: 693.94233660252326
  CPU_MATRIX_MULT_SSE: 4698.2949626861628
  CPU_mm: 519.04753821310942
  CPU_sse: 2308.1036588129273
  CPU_fma: 6800.8301389889375
  CPU_avx: 5827.8959634211824
  CPU_avx512: 3856.3500895216039
  m_CPU_enc_SHA: 3594875814.8059692
  m_CPU_enc_AES: 2278919664.8582792
  m_CPU_enc_ECDSA: 2303953705.6350427
  ME_ALLOC_S: 1938.9738549689403
  ME_READ_S: 27855.681835937499
  ME_READ_L: 26956.115234375
  ME_WRITE: 25857.34375
  ME_LARGE: 610.41666666666663
  ME_LATENCY: 80.012324126522174
  ME_THREADED: 36285.57421875
  SUMM_CPU: 5375.4147759794023
  SUMM_ME: 1062.7778403355833
SystemInformation:
  OSName: Ubuntu 24.04.1 LTS
  Kernel: 6.8.0-1016-aws
  Device: ""
  Processor: AMD EPYC 9R14
  NumSockets: 1
  Manufacturer: AuthenticAMD
  NumCores: 2
  NumLogicals: 2
  CPUFrequency: 0
  Memory: 7736
  MemModuleInfo:
    iNumMemSticks: 1
    DIMM 1:
      manufacturer: Not Specified
      modulePartNo: Not Specified
      memType: DDR5
      size: 8
      clkspeed: 2400
      moduleVoltage: 0
Checksum: 0CD87BF162E1759BD1617202F9A30D9C9B783BDD