BaselineInfo:
  WebDBID: -1
  TimeStamp: 20260620222709
Version:
  Major: 11
  Minor: 0
  Build: 1004
  SpecialBuildName: ""
  ptArchitecture: x86_64_linux
Results:
  Results Complete: true
  NumTestProcesses: 32
  CPU_INTEGER_MATH: 152059.42199999999
  CPU_FLOATINGPOINT_MATH: 110173.0149486118
  CPU_PRIME: 249.50089852527321
  CPU_SORTING: 76229.67972579904
  CPU_ENCRYPTION: 33399.700148383003
  CPU_COMPRESSION: 586264.16198892903
  CPU_SINGLETHREAD: 3427.7166612625288
  CPU_PHYSICS: 4943.2015009747411
  CPU_MATRIX_MULT_SSE: 39850.436692044932
  CPU_mm: 4282.9627658190893
  CPU_sse: 18401.298691233216
  CPU_fma: 48021.797671905457
  CPU_avx: 36929.988560378188
  CPU_avx512: 56048.661844662936
  m_CPU_enc_SHA: 35410034654.562683
  m_CPU_enc_AES: 46261013414.717743
  m_CPU_enc_ECDSA: 23395323879.092102
  ME_ALLOC_S: 14411.639944640719
  ME_READ_S: 29007.195117187501
  ME_READ_L: 15391.9189453125
  ME_WRITE: 7600.39111328125
  ME_LARGE: 248624.58333333334
  ME_LATENCY: 91.493808923282771
  ME_THREADED: 151530.20556640625
  SUMM_CPU: 47694.106065988846
  SUMM_ME: 2143.5951246827094
SystemInformation:
  OSName: Ubuntu 24.04.4 LTS
  Kernel: 6.17.0-1018-azure
  Device: ""
  Processor: Intel(R) Xeon(R) 6973P-C
  NumSockets: 1
  Manufacturer: GenuineIntel
  NumCores: 16
  NumLogicals: 32
  CPUFrequency: 2600
  CPUMaxFrequency: 2600
  Memory: 257731
  CPUInfo:
    number: 1
    Family: 6
    Model: 13
    stepping: 1
    features: 529267711
    manufacture: GenuineIntel
    typestring: Intel(R) Xeon(R) 6973P-C
    iCoresPerPackage: 16
    iThreadsPerPackage: 2
    featuresEx:
      - 529267711
      - 4294586915
      - 739248128
    bHybrid: false
    nPCore: 0
    nLogicalsPerPCore: 0
    nECore: 0
    nLogicalsPerECore: 0
  MemModuleInfo:
    iNumMemSticks: 3
    DIMM 1:
      manufacturer: Microsoft Corporation
      modulePartNo: None
      memType: Unknown
      size: 1
      clkspeed: 0
      moduleVoltage: 0
    DIMM 2:
      manufacturer: Microsoft Corporation
      modulePartNo: None
      memType: Unknown
      size: 59
      clkspeed: 0
      moduleVoltage: 0
    DIMM 3:
      manufacturer: Microsoft Corporation
      modulePartNo: None
      memType: Unknown
      size: 196
      clkspeed: 0
      moduleVoltage: 0
Checksum: 48C3C0EABB2D2604D6AEB901E86055479642B79D