BaselineInfo:
  WebDBID: -1
  TimeStamp: 20241107182053
Version:
  Major: 11
  Minor: 0
  Build: 1002
  SpecialBuildName: ""
  ptArchitecture: aarch64_linux
Results:
  Results Complete: true
  NumTestProcesses: 8
  CPU_INTEGER_MATH: 37658.660333333333
  CPU_FLOATINGPOINT_MATH: 28585.719971033821
  CPU_PRIME: 67.65271485176774
  CPU_SORTING: 27135.322591789369
  CPU_ENCRYPTION: 1300.2227862023292
  CPU_COMPRESSION: 44622.184153570895
  CPU_SINGLETHREAD: 1316.769037401403
  CPU_PHYSICS: 1177.0920609732191
  CPU_MATRIX_MULT_SSE: 5951.9435755390268
  CPU_mm: 991.45494939323703
  CPU_sse: 4988.0425930930733
  CPU_fma: 6915.8445579849804
  CPU_avx: 0
  CPU_avx512: 0
  m_CPU_enc_SHA: 1955937991.9504306
  m_CPU_enc_AES: 905160412.33333504
  m_CPU_enc_ECDSA: 1229048820.5109153
  ME_ALLOC_S: 5611.0031844672221
  ME_READ_S: 11263.291796875001
  ME_READ_L: 8383.951171875
  ME_WRITE: 14640.8955078125
  ME_LARGE: 22042.916666666668
  ME_LATENCY: 70.845545182564834
  ME_THREADED: 62966.22802734375
  SUMM_CPU: 6205.5432870934519
  SUMM_ME: 1822.9671289858559
SystemInformation:
  OSName: Ubuntu 24.04.1 LTS
  Kernel: 6.8.0-1015-gcp
  Device: ""
  Processor: ARM Neoverse-N1 8 Core 0 MHz
  NumSockets: 1
  Manufacturer: ARM
  NumCores: 8
  NumLogicals: 8
  CPUFrequency: 0
  Memory: 32026
Checksum: C4199C866920222C696BC2A1CDA1B3873D2A8F61