BaselineInfo:
  WebDBID: -1
  TimeStamp: 20241114225026
Version:
  Major: 11
  Minor: 0
  Build: 1002
  SpecialBuildName: ""
  ptArchitecture: x86_64_linux
Results:
  Results Complete: true
  NumTestProcesses: 8
  CPU_INTEGER_MATH: 37913.384666666665
  CPU_FLOATINGPOINT_MATH: 24143.240435582011
  CPU_PRIME: 80.954595456954451
  CPU_SORTING: 22896.502797177367
  CPU_ENCRYPTION: 9764.362434105753
  CPU_COMPRESSION: 157075.1919839296
  CPU_SINGLETHREAD: 2889.4595284546872
  CPU_PHYSICS: 1494.8339593224243
  CPU_MATRIX_MULT_SSE: 10109.867326917205
  CPU_mm: 1052.4875246877014
  CPU_sse: 4969.2390485786846
  CPU_fma: 14015.846369163301
  CPU_avx: 11344.516563009631
  CPU_avx512: 0
  m_CPU_enc_SHA: 13814432621.997452
  m_CPU_enc_AES: 9126921327.3095627
  m_CPU_enc_ECDSA: 7774674361.8076105
  ME_ALLOC_S: 4018.3185694244848
  ME_READ_S: 27526.6357421875
  ME_READ_L: 26034.345703125
  ME_WRITE: 25227.8828125
  ME_LARGE: 22307.916666666668
  ME_LATENCY: 70.492597275497815
  ME_THREADED: 34757.10498046875
  SUMM_CPU: 14558.245457188495
  SUMM_ME: 2578.4430118083924
SystemInformation:
  OSName: Ubuntu 24.04.1 LTS
  Kernel: 6.8.0-45-generic
  Device: ""
  Processor: AMD EPYC Processor
  NumSockets: 1
  Manufacturer: AuthenticAMD
  NumCores: 4
  NumLogicals: 8
  CPUFrequency: 0
  Memory: 31335
  MemModuleInfo:
    iNumMemSticks: 2
    DIMM 1:
      manufacturer: QEMU
      modulePartNo: Not Specified
      memType: RAM
      size: 16
      clkspeed: 0
      moduleVoltage: 0
    DIMM 2:
      manufacturer: QEMU
      modulePartNo: Not Specified
      memType: RAM
      size: 15616
      clkspeed: 0
      moduleVoltage: 0
Checksum: EF008FD5D5A17813DA12FBC327D1B00901972ADD