BaselineInfo:
  WebDBID: -1
  TimeStamp: 20241107041950
Version:
  Major: 11
  Minor: 0
  Build: 1002
  SpecialBuildName: ""
  ptArchitecture: x86_64_linux
Results:
  Results Complete: true
  NumTestProcesses: 8
  CPU_INTEGER_MATH: 37849.673999999992
  CPU_FLOATINGPOINT_MATH: 24115.23244671167
  CPU_PRIME: 90.661493291060452
  CPU_SORTING: 23041.095123922511
  CPU_ENCRYPTION: 9765.5826851615693
  CPU_COMPRESSION: 155234.13654949001
  CPU_SINGLETHREAD: 2930.8380435403706
  CPU_PHYSICS: 1562.7446880245534
  CPU_MATRIX_MULT_SSE: 10107.732463223914
  CPU_mm: 1051.1207656983581
  CPU_sse: 4964.1632410723414
  CPU_fma: 14014.306620338939
  CPU_avx: 11344.727528260462
  CPU_avx512: 0
  m_CPU_enc_SHA: 13807560157.801346
  m_CPU_enc_AES: 9112798554.2880135
  m_CPU_enc_ECDSA: 7799508176.9385681
  ME_ALLOC_S: 3845.400585418522
  ME_READ_S: 27131.576562499999
  ME_READ_L: 25005.998046875
  ME_WRITE: 24876.298828125
  ME_LARGE: 21360.25
  ME_LATENCY: 80.752947056685699
  ME_THREADED: 35375.19775390625
  SUMM_CPU: 14632.026905288712
  SUMM_ME: 2373.2531338456483
SystemInformation:
  OSName: Ubuntu 24.04.1 LTS
  Kernel: 6.8.0-45-generic
  Device: ""
  Processor: AMD EPYC Processor
  NumSockets: 1
  Manufacturer: AuthenticAMD
  NumCores: 4
  NumLogicals: 8
  CPUFrequency: 0
  Memory: 31335
  MemModuleInfo:
    iNumMemSticks: 2
    DIMM 1:
      manufacturer: QEMU
      modulePartNo: Not Specified
      memType: RAM
      size: 16
      clkspeed: 0
      moduleVoltage: 0
    DIMM 2:
      manufacturer: QEMU
      modulePartNo: Not Specified
      memType: RAM
      size: 15616
      clkspeed: 0
      moduleVoltage: 0
Checksum: AE91BDF0A00A9DC61B0C12064C0B3CB5DB311FF1