BaselineInfo:
  WebDBID: -1
  TimeStamp: 20241115150248
Version:
  Major: 11
  Minor: 0
  Build: 1002
  SpecialBuildName: ""
  ptArchitecture: x86_64_linux
Results:
  Results Complete: true
  NumTestProcesses: 8
  CPU_INTEGER_MATH: 37752.332999999999
  CPU_FLOATINGPOINT_MATH: 24068.729230191355
  CPU_PRIME: 93.272907366843853
  CPU_SORTING: 23171.034761421826
  CPU_ENCRYPTION: 9718.6103101080225
  CPU_COMPRESSION: 156634.47960725523
  CPU_SINGLETHREAD: 2897.4785697890229
  CPU_PHYSICS: 1825.3982837463786
  CPU_MATRIX_MULT_SSE: 10092.96285220995
  CPU_mm: 1049.1450705982754
  CPU_sse: 4939.8951009403945
  CPU_fma: 13967.274458675911
  CPU_avx: 11371.718997013541
  CPU_avx512: 0
  m_CPU_enc_SHA: 13766959119.335234
  m_CPU_enc_AES: 9089351459.1199608
  m_CPU_enc_ECDSA: 7715793995.1402922
  ME_ALLOC_S: 3958.5790618950259
  ME_READ_S: 27556.430273437501
  ME_READ_L: 25617.896484375
  ME_WRITE: 24279.5703125
  ME_LARGE: 22271.833333333332
  ME_LATENCY: 81.736458711537111
  ME_THREADED: 75255.8173828125
  SUMM_CPU: 14721.512843858307
  SUMM_ME: 2469.6402498915313
SystemInformation:
  OSName: Ubuntu 24.04.1 LTS
  Kernel: 6.8.0-45-generic
  Device: ""
  Processor: AMD EPYC Processor
  NumSockets: 1
  Manufacturer: AuthenticAMD
  NumCores: 4
  NumLogicals: 8
  CPUFrequency: 0
  Memory: 31335
  MemModuleInfo:
    iNumMemSticks: 2
    DIMM 1:
      manufacturer: QEMU
      modulePartNo: Not Specified
      memType: RAM
      size: 16
      clkspeed: 0
      moduleVoltage: 0
    DIMM 2:
      manufacturer: QEMU
      modulePartNo: Not Specified
      memType: RAM
      size: 15616
      clkspeed: 0
      moduleVoltage: 0
Checksum: 80C467DFA19D1DC03BFA6DFC757AC5AD5270447A