---
system-info:
      stress-ng-version: 0.17.08
      run-by: root
      date-yyyy-mm-dd: 2024:06:06
      time-hh-mm-ss: 21:21:54
      epoch-secs: 1717708914
      hostname: a169a24d0421
      sysname: Linux
      nodename: a169a24d0421
      release: 6.8.0-1008-aws
      version: '#8-Ubuntu SMP Sat Apr 20 00:46:25 UTC 2024'
      machine: x86_64
      compiler: 'musl-gcc 13.2.1'
      uptime: 125
      totalram: 33265274880
      freeram: 29076492288
      sharedram: 40771584
      bufferram: 86663168
      totalswap: 0
      freeswap: 0
      pagesize: 4096
      cpus: 4
      cpus-online: 4
      ticks-per-second: 100

metrics:
    - stressor: cpu
      bogo-ops: 42417
      bogo-ops-per-second-usr-sys-time: 1064.971817
      bogo-ops-per-second-real-time: 4241.165241
      wall-clock-time: 10.001261
      user-time: 39.812239
      system-time: 0.016984
      cpu-usage-per-instance: 99.560504
      max-rss: 3920

...
