---
system-info:
      stress-ng-version: 0.17.08
      run-by: root
      date-yyyy-mm-dd: 2024:06:14
      time-hh-mm-ss: 12:36:30
      epoch-secs: 1718368590
      hostname: a86a0cced2b7
      sysname: Linux
      nodename: a86a0cced2b7
      release: 6.8.0-1008-aws
      version: '#8-Ubuntu SMP Sat Apr 20 00:46:25 UTC 2024'
      machine: x86_64
      compiler: 'musl-gcc 13.2.1'
      uptime: 128
      totalram: 33265278976
      freeram: 28889554944
      sharedram: 40771584
      bufferram: 107118592
      totalswap: 0
      freeswap: 0
      pagesize: 4096
      cpus: 4
      cpus-online: 4
      ticks-per-second: 100

metrics:
    - stressor: cpu
      bogo-ops: 69409
      bogo-ops-per-second-usr-sys-time: 872.519385
      bogo-ops-per-second-real-time: 3470.428973
      wall-clock-time: 20.000121
      user-time: 79.530126
      system-time: 0.019969
      cpu-usage-per-instance: 99.437016
      max-rss: 976

...
