BaselineInfo:
  WebDBID: -1
  TimeStamp: 20250923045515
Version:
  Major: 11
  Minor: 0
  Build: 1002
  SpecialBuildName: ""
  ptArchitecture: aarch64_linux
Results:
  Results Complete: true
  NumTestProcesses: 1
  CPU_INTEGER_MATH: 5184.9880000000003
  CPU_FLOATINGPOINT_MATH: 6014.3443711150658
  CPU_PRIME: 17.021116158285906
  CPU_SORTING: 4559.2637550482386
  CPU_ENCRYPTION: 184.43534650810818
  CPU_COMPRESSION: 6363.3634173482515
  CPU_SINGLETHREAD: 1845.7765405560046
  CPU_PHYSICS: 339.00646369840558
  CPU_MATRIX_MULT_SSE: 914.61325346203535
  CPU_mm: 112.97702521810569
  CPU_sse: 717.80823923582841
  CPU_fma: 1111.4182676882422
  CPU_avx: 0
  CPU_avx512: 0
  m_CPU_enc_SHA: 292530636.15483809
  m_CPU_enc_AES: 106489048.94317682
  m_CPU_enc_ECDSA: 181163748.60224324
  ME_ALLOC_S: 1503.4470538331409
  ME_READ_S: 20182.6298828125
  ME_READ_L: 19443.8828125
  ME_WRITE: 21049.173828125
  ME_LARGE: 783.25
  ME_LATENCY: 45.449960086198821
  ME_THREADED: 19452.361328125
  SUMM_CPU: 986.02130917683166
  SUMM_ME: 1250.7268343266653
SystemInformation:
  OSName: Ubuntu 24.04.2 LTS
  Kernel: 6.14.0-1012-aws
  Device: ""
  Processor: ARM Neoverse-V2 1 Core 0 MHz
  NumSockets: 1
  Manufacturer: ARM
  NumCores: 1
  NumLogicals: 1
  CPUFrequency: 0
  Memory: 7761
Checksum: 985684398D7FB0555DCFBB3D7CAFE44D02DE4D59