BaselineInfo:
  WebDBID: -1
  TimeStamp: 20260708075503
Version:
  Major: 11
  Minor: 0
  Build: 1004
  SpecialBuildName: ""
  ptArchitecture: x86_64_linux
Results:
  Results Complete: true
  NumTestProcesses: 1
  CPU_INTEGER_MATH: 7595.1303333333326
  CPU_FLOATINGPOINT_MATH: 7597.2198959050793
  CPU_PRIME: 28.765930111802739
  CPU_SORTING: 4621.9643684351568
  CPU_ENCRYPTION: 1581.7117165430548
  CPU_COMPRESSION: 33111.595048426112
  CPU_SINGLETHREAD: 3735.825907338422
  CPU_PHYSICS: 491.74031980495613
  CPU_MATRIX_MULT_SSE: 2729.0193716674885
  CPU_mm: 365.79870397519176
  CPU_sse: 1099.5417312592851
  CPU_fma: 4337.5099743962837
  CPU_avx: 2213.0234691500568
  CPU_avx512: 3266.0023118643271
  m_CPU_enc_SHA: 2197043593.8033595
  m_CPU_enc_AES: 1371573282.1776531
  m_CPU_enc_ECDSA: 1407017958.6765387
  ME_ALLOC_S: 1524.398712482162
  ME_READ_S: 33694.152148437497
  ME_READ_L: 29419.685546875
  ME_WRITE: 30299.1875
  ME_LARGE: 3084
  ME_LATENCY: 79.252635118856929
  ME_THREADED: 29868.802734375
  SUMM_CPU: 3474.3346984033446
  SUMM_ME: 1949.0824714610646
SystemInformation:
  OSName: Ubuntu 24.04.4 LTS
  Kernel: 6.17.0-1018-azure
  Device: ""
  Processor: "AMD EPYC 9V45 96-Core Processor                "
  NumSockets: 1
  Manufacturer: AuthenticAMD
  NumCores: 1
  NumLogicals: 1
  CPUFrequency: 0
  CPUMaxFrequency: 0
  Memory: 7938
  CPUInfo:
    number: 1
    Family: 15
    Model: 2
    stepping: 1
    features: 395049983
    manufacture: AuthenticAMD
    typestring: "AMD EPYC 9V45 96-Core Processor                "
    iCoresPerPackage: 8
    iThreadsPerPackage: 1
    featuresEx:
      - 395049983
      - 4277809667
      - 802421759
    bHybrid: false
    nPCore: 0
    nLogicalsPerPCore: 0
    nECore: 0
    nLogicalsPerECore: 0
  MemModuleInfo:
    iNumMemSticks: 2
    DIMM 1:
      manufacturer: Microsoft Corporation
      modulePartNo: None
      memType: Unknown
      size: 1
      clkspeed: 0
      moduleVoltage: 0
    DIMM 2:
      manufacturer: Microsoft Corporation
      modulePartNo: None
      memType: Unknown
      size: 7
      clkspeed: 0
      moduleVoltage: 0
Checksum: 37B8DF56B04D311799562C504CE2CC46F759EDE4