BaselineInfo:
  WebDBID: -1
  TimeStamp: 20241114205845
Version:
  Major: 11
  Minor: 0
  Build: 1002
  SpecialBuildName: ""
  ptArchitecture: aarch64_linux
Results:
  Results Complete: true
  NumTestProcesses: 2
  CPU_INTEGER_MATH: 9483.5410000000011
  CPU_FLOATINGPOINT_MATH: 9424.0983451782486
  CPU_PRIME: 25.382916525818274
  CPU_SORTING: 7769.408282345612
  CPU_ENCRYPTION: 273.33876077096511
  CPU_COMPRESSION: 10403.291827463961
  CPU_SINGLETHREAD: 1555.8200886786119
  CPU_PHYSICS: 565.83378029953417
  CPU_MATRIX_MULT_SSE: 1648.3528027245502
  CPU_mm: 213.68048051800943
  CPU_sse: 1381.8558003089074
  CPU_fma: 1914.8498051401932
  CPU_avx: 0
  CPU_avx512: 0
  m_CPU_enc_SHA: 420030742.28313088
  m_CPU_enc_AES: 160701652.3113414
  m_CPU_enc_ECDSA: 279116998.64805436
  ME_ALLOC_S: 2007.4266810237846
  ME_READ_S: 19678.129101562499
  ME_READ_L: 18900.2265625
  ME_WRITE: 19638.05859375
  ME_LARGE: 641.83333333333337
  ME_LATENCY: 50.909653362468681
  ME_THREADED: 37339.201171875
  SUMM_CPU: 1561.2425643250187
  SUMM_ME: 1143.9624224803015
SystemInformation:
  OSName: Ubuntu 24.04.1 LTS
  Kernel: 6.8.0-1018-aws
  Device: ""
  Processor: ARM Neoverse-V1 2 Core 0 MHz
  NumSockets: 1
  Manufacturer: ARM
  NumCores: 2
  NumLogicals: 2
  CPUFrequency: 0
  Memory: 7764
Checksum: 4C895DD011D7077EED906BB1A4B9A21FBC922FD1