BaselineInfo:
  WebDBID: -1
  TimeStamp: 20241107030231
Version:
  Major: 11
  Minor: 0
  Build: 1002
  SpecialBuildName: ""
  ptArchitecture: aarch64_linux
Results:
  Results Complete: true
  NumTestProcesses: 2
  CPU_INTEGER_MATH: 9488.6056666666664
  CPU_FLOATINGPOINT_MATH: 9426.402099920273
  CPU_PRIME: 25.315001976287277
  CPU_SORTING: 7842.6940092316199
  CPU_ENCRYPTION: 270.76427831874963
  CPU_COMPRESSION: 10300.115042364363
  CPU_SINGLETHREAD: 1561.1075429368732
  CPU_PHYSICS: 559.26062820275615
  CPU_MATRIX_MULT_SSE: 1652.6978949939357
  CPU_mm: 215.19529481482519
  CPU_sse: 1391.0045573703196
  CPU_fma: 1914.3912326175516
  CPU_avx: 0
  CPU_avx512: 0
  m_CPU_enc_SHA: 416904790.70058811
  m_CPU_enc_AES: 160753262.79529965
  m_CPU_enc_ECDSA: 274092718.21119583
  ME_ALLOC_S: 2032.7482737397222
  ME_READ_S: 19683.016015624999
  ME_READ_L: 18939.517578125
  ME_WRITE: 19620.787109375
  ME_LARGE: 512
  ME_LATENCY: 51.219267876434628
  ME_THREADED: 37184.486328125
  SUMM_CPU: 1551.0265037892655
  SUMM_ME: 997.9269561655799
SystemInformation:
  OSName: Ubuntu 24.04.1 LTS
  Kernel: 6.8.0-1016-aws
  Device: ""
  Processor: ARM Neoverse-V1 2 Core 0 MHz
  NumSockets: 1
  Manufacturer: ARM
  NumCores: 2
  NumLogicals: 2
  CPUFrequency: 0
  Memory: 7764
Checksum: BEBA3C545874B9112F51E2057ADB4C9E8FAFE35B