BaselineInfo:
  WebDBID: -1
  TimeStamp: 20241115134300
Version:
  Major: 11
  Minor: 0
  Build: 1002
  SpecialBuildName: ""
  ptArchitecture: aarch64_linux
Results:
  Results Complete: true
  NumTestProcesses: 2
  CPU_INTEGER_MATH: 9482.6890000000003
  CPU_FLOATINGPOINT_MATH: 9430.3834937905831
  CPU_PRIME: 25.404345029611282
  CPU_SORTING: 7826.5115494073143
  CPU_ENCRYPTION: 271.84970639821915
  CPU_COMPRESSION: 10607.671073928257
  CPU_SINGLETHREAD: 1561.8256068580904
  CPU_PHYSICS: 572.80019688455559
  CPU_MATRIX_MULT_SSE: 1649.8384743790118
  CPU_mm: 215.50482175655966
  CPU_sse: 1383.2749001410884
  CPU_fma: 1916.4020486169352
  CPU_avx: 0
  CPU_avx512: 0
  m_CPU_enc_SHA: 418718879.07021588
  m_CPU_enc_AES: 162406431.43903452
  m_CPU_enc_ECDSA: 274039922.69940668
  ME_ALLOC_S: 2028.2227688775024
  ME_READ_S: 19684.205078125
  ME_READ_L: 18888.048828125
  ME_WRITE: 19634.51953125
  ME_LARGE: 503.5
  ME_LATENCY: 51.1096051333571
  ME_THREADED: 37077.11328125
  SUMM_CPU: 1567.047490463332
  SUMM_ME: 987.52999060305444
SystemInformation:
  OSName: Ubuntu 24.04.1 LTS
  Kernel: 6.8.0-1018-aws
  Device: ""
  Processor: ARM Neoverse-V1 2 Core 0 MHz
  NumSockets: 1
  Manufacturer: ARM
  NumCores: 2
  NumLogicals: 2
  CPUFrequency: 0
  Memory: 7764
Checksum: 204347D75C3B7300597FD3E63F3C3AB059A39EF9