---
system-info:
      stress-ng-version: 0.17.08
      run-by: root
      date-yyyy-mm-dd: 2024:06:14
      time-hh-mm-ss: 06:28:54
      epoch-secs: 1718346534
      hostname: a17873fd6b6c
      sysname: Linux
      nodename: a17873fd6b6c
      release: 6.8.0-1008-aws
      version: '#8-Ubuntu SMP Sat Apr 20 00:46:25 UTC 2024'
      machine: x86_64
      compiler: 'musl-gcc 13.2.1'
      uptime: 124
      totalram: 270243966976
      freeram: 263589220352
      sharedram: 117284864
      bufferram: 107479040
      totalswap: 0
      freeswap: 0
      pagesize: 4096
      cpus: 128
      cpus-online: 128
      ticks-per-second: 100

metrics:
    - stressor: cpu
      bogo-ops: 2498351
      bogo-ops-per-second-usr-sys-time: 976.341279
      bogo-ops-per-second-real-time: 124917.084240
      wall-clock-time: 20.000075
      user-time: 2558.840121
      system-time: 0.050970
      cpu-usage-per-instance: 99.956311
      max-rss: 0

...
