---
system-info:
      stress-ng-version: 0.17.08
      run-by: root
      date-yyyy-mm-dd: 2024:06:06
      time-hh-mm-ss: 11:19:00
      epoch-secs: 1717672740
      hostname: b67c23b322d4
      sysname: Linux
      nodename: b67c23b322d4
      release: 6.8.0-1008-aws
      version: '#8-Ubuntu SMP Sat Apr 20 00:46:25 UTC 2024'
      machine: x86_64
      compiler: 'musl-gcc 13.2.1'
      uptime: 117
      totalram: 270243971072
      freeram: 263633289216
      sharedram: 117280768
      bufferram: 82800640
      totalswap: 0
      freeswap: 0
      pagesize: 4096
      cpus: 128
      cpus-online: 128
      ticks-per-second: 100

metrics:
    - stressor: cpu
      bogo-ops: 1548706
      bogo-ops-per-second-usr-sys-time: 1210.568130
      bogo-ops-per-second-real-time: 154848.902183
      wall-clock-time: 10.001401
      user-time: 1279.180717
      system-time: 0.140919
      cpu-usage-per-instance: 99.933000
      max-rss: 3072

...
