size_kb,operation,bandwidth_mb_s,latency_ns,latency_stddev_ns,latency_samples,threads,iterations,elapsed_s
32,read,6927639.73,0,0,0,64,700279,0.202170
32,write,5796761.17,0,0,0,64,641024,0.221166
32,copy,5778157.61,0,0,0,64,536481,0.185693
32,latency,0,2.01,0.00,7,1,7,0.288397
128,read,5627502.21,0,0,0,64,150875,0.214482
128,write,5795209.57,0,0,0,64,167897,0.231773
128,copy,4942399.38,0,0,0,64,135943,0.220044
128,latency,0,2.64,0.00,7,1,7,0.650827
1024,read,4556034.40,0,0,0,64,15799,0.221933
1024,write,5789946.91,0,0,0,64,22365,0.247215
1024,copy,2812378.69,0,0,0,64,13919,0.316748
1024,latency,0,5.37,0.05,7,1,7,0.563005
2048,read,3087798.00,0,0,0,64,7201,0.298507
2048,write,5724172.66,0,0,0,64,11025,0.246533
2048,copy,474090.69,0,0,0,64,4266,1.151780
2048,latency,0,13.52,0.69,7,1,7,0.517451
4096,read,788332.02,0,0,0,64,2768,0.898870
4096,write,1250070.00,0,0,0,64,5232,1.071454
4096,copy,226068.58,0,0,0,64,1486,1.682746
4096,latency,0,28.21,0.43,7,1,7,0.655349
16384,read,359964.37,0,0,0,64,599,1.703991
16384,write,302264.65,0,0,0,64,1112,3.767189
16384,copy,160077.52,0,0,0,64,342,2.187740
16384,latency,0,39.10,0.07,7,1,7,0.743124
32768,read,337835.27,0,0,0,64,176,1.066934
32768,write,280433.05,0,0,0,64,579,4.228432
32768,copy,157725.56,0,0,0,64,173,2.246332
32768,latency,0,41.25,2.08,14,1,14,1.600170
65536,read,337682.55,0,0,0,64,92,1.115936
65536,write,283509.43,0,0,0,64,286,4.131982
65536,copy,157496.51,0,0,0,64,85,2.210589
65536,latency,0,59.95,1.24,7,1,7,2.753860
131072,read,337898.79,0,0,0,64,47,1.139465
131072,write,288640.98,0,0,0,64,141,4.001760
131072,copy,157042.39,0,0,0,64,43,2.243063
131072,latency,0,92.22,1.41,7,1,7,8.320413
262144,read,337060.58,0,0,0,64,24,1.166603
262144,write,292901.77,0,0,0,64,70,3.915579
262144,copy,156085.65,0,0,0,64,22,2.309296
262144,latency,0,108.16,0.58,7,1,7,19.595027
