---
system-info:
      stress-ng-version: 0.17.08
      run-by: root
      date-yyyy-mm-dd: 2024:06:14
      time-hh-mm-ss: 11:41:18
      epoch-secs: 1718365278
      hostname: 6618326ef8cb
      sysname: Linux
      nodename: 6618326ef8cb
      release: 6.8.0-1008-aws
      version: '#8-Ubuntu SMP Sat Apr 20 00:46:25 UTC 2024'
      machine: x86_64
      compiler: 'musl-gcc 13.2.1'
      uptime: 106
      totalram: 202380767232
      freeram: 196706607104
      sharedram: 113528832
      bufferram: 107008000
      totalswap: 0
      freeswap: 0
      pagesize: 4096
      cpus: 96
      cpus-online: 96
      ticks-per-second: 100

metrics:
    - stressor: cpu
      bogo-ops: 1713173
      bogo-ops-per-second-usr-sys-time: 892.566810
      bogo-ops-per-second-real-time: 85658.306253
      wall-clock-time: 20.000080
      user-time: 1919.362903
      system-time: 0.014987
      cpu-usage-per-instance: 99.967197
      max-rss: 768

...
