---
system-info:
      stress-ng-version: 0.17.08
      run-by: root
      date-yyyy-mm-dd: 2024:06:06
      time-hh-mm-ss: 19:42:25
      epoch-secs: 1717702945
      hostname: b7f346f9ae73
      sysname: Linux
      nodename: b7f346f9ae73
      release: 6.8.0-1008-aws
      version: '#8-Ubuntu SMP Sat Apr 20 00:46:25 UTC 2024'
      machine: x86_64
      compiler: 'musl-gcc 13.2.1'
      uptime: 135
      totalram: 202380783616
      freeram: 196804231168
      sharedram: 113528832
      bufferram: 86880256
      totalswap: 0
      freeswap: 0
      pagesize: 4096
      cpus: 96
      cpus-online: 96
      ticks-per-second: 100

metrics:
    - stressor: cpu
      bogo-ops: 1354362
      bogo-ops-per-second-usr-sys-time: 1411.751120
      bogo-ops-per-second-real-time: 135421.312619
      wall-clock-time: 10.001099
      user-time: 959.264038
      system-time: 0.084944
      cpu-usage-per-instance: 99.921201
      max-rss: 3072

...
