---
system-info:
      stress-ng-version: 0.17.08
      run-by: root
      date-yyyy-mm-dd: 2024:07:01
      time-hh-mm-ss: 23:37:39
      epoch-secs: 1719877059
      hostname: n2d-standard-16-da4f80d
      sysname: Linux
      nodename: n2d-standard-16-da4f80d
      release: 6.8.0-1009-gcp
      version: '#10-Ubuntu SMP Wed Jun 12 18:52:23 UTC 2024'
      machine: x86_64
      compiler: 'musl-gcc 13.2.1'
      uptime: 166
      totalram: 67421847552
      freeram: 62160560128
      sharedram: 35069952
      bufferram: 125337600
      totalswap: 0
      freeswap: 0
      pagesize: 4096
      cpus: 16
      cpus-online: 16
      ticks-per-second: 100

metrics:
    - stressor: cpu
      bogo-ops: 431807
      bogo-ops-per-second-usr-sys-time: 1351.156376
      bogo-ops-per-second-real-time: 21590.276342
      wall-clock-time: 20.000068
      user-time: 319.547304
      system-time: 0.035986
      cpu-usage-per-instance: 99.869437
      max-rss: 1104

...
