---
system-info:
      stress-ng-version: 0.17.08
      run-by: root
      date-yyyy-mm-dd: 2024:09:03
      time-hh-mm-ss: 05:59:46
      epoch-secs: 1725343186
      hostname: sc-runner
      sysname: Linux
      nodename: sc-runner
      release: 6.8.0-1013-azure
      version: '#15-Ubuntu SMP Thu Aug  8 18:40:40 UTC 2024'
      machine: x86_64
      compiler: 'musl-gcc 13.2.1'
      uptime: 334
      totalram: 16763625472
      freeram: 8159645696
      sharedram: 54898688
      bufferram: 209629184
      totalswap: 0
      freeswap: 0
      pagesize: 4096
      cpus: 8
      cpus-online: 8
      ticks-per-second: 100

metrics:
    - stressor: cpu
      bogo-ops: 37981
      bogo-ops-per-second-usr-sys-time: 1899.062344
      bogo-ops-per-second-real-time: 1899.046604
      wall-clock-time: 20.000036
      user-time: 19.999870
      system-time: 0.000000
      cpu-usage-per-instance: 99.999171
      max-rss: 3152

...
