BaselineInfo:
  WebDBID: -1
  TimeStamp: 20260522135140
Version:
  Major: 11
  Minor: 0
  Build: 1004
  SpecialBuildName: ""
  ptArchitecture: x86_64_linux
Results:
  Results Complete: true
  NumTestProcesses: 4
  CPU_INTEGER_MATH: 30065.612666666664
  CPU_FLOATINGPOINT_MATH: 30053.992800935412
  CPU_PRIME: 106.11941731126518
  CPU_SORTING: 17548.619297390604
  CPU_ENCRYPTION: 6463.9500152480232
  CPU_COMPRESSION: 130431.36453358163
  CPU_SINGLETHREAD: 3553.9432796813044
  CPU_PHYSICS: 1632.1668561786944
  CPU_MATRIX_MULT_SSE: 11017.663027612205
  CPU_mm: 1341.6500268741056
  CPU_sse: 4331.6392745070316
  CPU_fma: 14895.577976545725
  CPU_avx: 8016.7539884722864
  CPU_avx512: 16826.680870923774
  m_CPU_enc_SHA: 8983839630.562727
  m_CPU_enc_AES: 5628957871.2238426
  m_CPU_enc_ECDSA: 5721031051.779563
  ME_ALLOC_S: 4748.262991715088
  ME_READ_S: 33631.883203124999
  ME_READ_L: 28845.34765625
  ME_WRITE: 28130.306640625
  ME_LARGE: 1838
  ME_LATENCY: 105.32672723941569
  ME_THREADED: 95577.599609375
  SUMM_CPU: 13141.512995317969
  SUMM_ME: 1636.0849104537979
SystemInformation:
  OSName: Ubuntu 24.04.4 LTS
  Kernel: 6.8.0-111-generic
  Device: ""
  Processor: "AMD EPYC 9575F 64-Core Processor               "
  NumSockets: 1
  Manufacturer: AuthenticAMD
  NumCores: 4
  NumLogicals: 4
  CPUFrequency: 0
  CPUMaxFrequency: 0
  Memory: 7845
  CPUInfo:
    number: 1
    Family: 15
    Model: 2
    stepping: 1
    features: 395049983
    manufacture: AuthenticAMD
    typestring: "AMD EPYC 9575F 64-Core Processor               "
    iCoresPerPackage: 255
    iThreadsPerPackage: 1
    featuresEx:
      - 395049983
      - 4294586883
      - 802421759
    bHybrid: false
    nPCore: 0
    nLogicalsPerPCore: 0
    nECore: 0
    nLogicalsPerECore: 0
  MemModuleInfo:
    iNumMemSticks: 1
    DIMM 1:
      manufacturer: QEMU
      modulePartNo: Not Specified
      memType: RAM
      size: 8
      clkspeed: 0
      moduleVoltage: 0
Checksum: E50EEAC9203124AAEEC2E255C5FCBD9972E1FB7B