size_kb,operation,bandwidth_mb_s,latency_ns,latency_stddev_ns,latency_samples,threads,iterations,elapsed_s
32,read,4564246.56,0,0,0,64,368188,0.161336
32,write,5303506.76,0,0,0,64,585480,0.220790
32,copy,3781107.42,0,0,0,64,387596,0.205017
32,latency,0,2.15,0.00,7,1,7,0.308704
128,read,3776501.62,0,0,0,64,140134,0.296855
128,write,4648594.05,0,0,0,64,137589,0.236784
128,copy,2846765.39,0,0,0,64,90285,0.253720
128,latency,0,2.87,0.00,7,1,7,0.654065
1024,read,3318004.22,0,0,0,64,17392,0.335469
1024,write,4607447.64,0,0,0,64,21027,0.292077
1024,copy,1190089.21,0,0,0,64,12214,0.656838
1024,latency,0,5.26,0.01,7,1,7,0.709515
2048,read,1495815.06,0,0,0,64,6245,0.534398
2048,write,2420783.59,0,0,0,64,10464,0.553289
2048,copy,425978.73,0,0,0,64,3974,1.194125
2048,latency,0,9.20,0.02,7,1,7,0.665806
4096,read,773630.79,0,0,0,64,2428,0.803443
4096,write,818828.67,0,0,0,64,4763,1.489112
4096,copy,273981.27,0,0,0,64,1784,1.666917
4096,latency,0,17.14,6.49,21,1,21,2.270901
8192,read,542066.78,0,0,0,64,986,0.931310
8192,write,555766.13,0,0,0,64,2161,1.990823
8192,copy,233632.38,0,0,0,64,794,1.740033
8192,latency,0,89.28,3.37,7,1,7,0.798686
16384,read,473432.94,0,0,0,64,480,1.038204
16384,write,463701.98,0,0,0,64,1049,2.316522
16384,copy,219706.85,0,0,0,64,435,2.027429
16384,latency,0,103.53,1.08,7,1,7,1.121431
32768,read,447020.51,0,0,0,64,244,1.117873
32768,write,428825.51,0,0,0,64,517,2.469107
32768,copy,212740.07,0,0,0,64,214,2.060129
32768,latency,0,109.44,0.82,7,1,7,2.460777
65536,read,437477.58,0,0,0,64,123,1.151620
65536,write,409736.82,0,0,0,64,250,2.499165
65536,copy,213310.08,0,0,0,64,108,2.073826
65536,latency,0,112.41,0.39,7,1,7,5.155316
131072,read,434284.30,0,0,0,64,61,1.150656
131072,write,409054.37,0,0,0,64,123,2.463281
131072,copy,213524.86,0,0,0,64,54,2.071740
131072,latency,0,114.50,0.24,7,1,7,10.604185
