BaselineInfo:
  WebDBID: -1
  TimeStamp: 20260612210746
Version:
  Major: 11
  Minor: 0
  Build: 1004
  SpecialBuildName: ""
  ptArchitecture: x86_64_linux
Results:
  Results Complete: true
  NumTestProcesses: 8
  CPU_INTEGER_MATH: 37969.048666666669
  CPU_FLOATINGPOINT_MATH: 21242.984320434505
  CPU_PRIME: 87.588570189360865
  CPU_SORTING: 22861.119337536693
  CPU_ENCRYPTION: 9622.8583987770708
  CPU_COMPRESSION: 157964.5795388087
  CPU_SINGLETHREAD: 2885.8817251391097
  CPU_PHYSICS: 1489.6175624356742
  CPU_MATRIX_MULT_SSE: 10855.953337138275
  CPU_mm: 1014.8781681619705
  CPU_sse: 4501.7582225344804
  CPU_fma: 14029.557703795143
  CPU_avx: 11561.635700027777
  CPU_avx512: 13330.861722195703
  m_CPU_enc_SHA: 13443475952.109596
  m_CPU_enc_AES: 9128266211.3552799
  m_CPU_enc_ECDSA: 7699152941.6033154
  ME_ALLOC_S: 3899.1867065798892
  ME_READ_S: 27362.203320312499
  ME_READ_L: 25148.962890625
  ME_WRITE: 24920.69921875
  ME_LARGE: 54385
  ME_LATENCY: 76.603229134818889
  ME_THREADED: 37129.57470703125
  SUMM_CPU: 14423.265278877041
  SUMM_ME: 2516.0236331956685
SystemInformation:
  OSName: Ubuntu 24.04.4 LTS
  Kernel: 6.8.0-117-generic
  Device: ""
  Processor: "AMD EPYC 9T24 96-Core Processor                "
  NumSockets: 1
  Manufacturer: AuthenticAMD
  NumCores: 4
  NumLogicals: 8
  CPUFrequency: 0
  CPUMaxFrequency: 0
  Memory: 62877
  CPUInfo:
    number: 1
    Family: 15
    Model: 1
    stepping: 1
    features: 395049983
    manufacture: AuthenticAMD
    typestring: "AMD EPYC 9T24 96-Core Processor                "
    iCoresPerPackage: 4
    iThreadsPerPackage: 2
    featuresEx:
      - 395049983
      - 4277809667
      - 802421759
    bHybrid: false
    nPCore: 0
    nLogicalsPerPCore: 0
    nECore: 0
    nLogicalsPerECore: 0
  MemModuleInfo:
    iNumMemSticks: 4
    DIMM 1:
      manufacturer: Alibaba Cloud
      modulePartNo: Not Specified
      memType: RAM
      size: 16
      clkspeed: 0
      moduleVoltage: 0
    DIMM 2:
      manufacturer: Alibaba Cloud
      modulePartNo: Not Specified
      memType: RAM
      size: 16
      clkspeed: 0
      moduleVoltage: 0
    DIMM 3:
      manufacturer: Alibaba Cloud
      modulePartNo: Not Specified
      memType: RAM
      size: 16
      clkspeed: 0
      moduleVoltage: 0
    DIMM 4:
      manufacturer: Alibaba Cloud
      modulePartNo: Not Specified
      memType: RAM
      size: 16
      clkspeed: 0
      moduleVoltage: 0
Checksum: D7C53769195ACD24A3ECE760ACDF67324660BF2B