---
system-info:
      stress-ng-version: 0.17.08
      run-by: root
      date-yyyy-mm-dd: 2024:06:14
      time-hh-mm-ss: 18:44:45
      epoch-secs: 1718390685
      hostname: e498005f9267
      sysname: Linux
      nodename: e498005f9267
      release: 6.8.0-1008-aws
      version: '#8-Ubuntu SMP Sat Apr 20 00:46:25 UTC 2024'
      machine: x86_64
      compiler: 'musl-gcc 13.2.1'
      uptime: 187
      totalram: 66330988544
      freeram: 61858721792
      sharedram: 11698176
      bufferram: 109891584
      totalswap: 0
      freeswap: 0
      pagesize: 4096
      cpus: 16
      cpus-online: 16
      ticks-per-second: 100

metrics:
    - stressor: cpu
      bogo-ops: 11820
      bogo-ops-per-second-usr-sys-time: 591.003162
      bogo-ops-per-second-real-time: 590.993814
      wall-clock-time: 20.000209
      user-time: 19.999893
      system-time: 0.000000
      cpu-usage-per-instance: 99.998418
      max-rss: 1104

...
