---
system-info:
      stress-ng-version: 0.17.08
      run-by: root
      date-yyyy-mm-dd: 2024:06:08
      time-hh-mm-ss: 11:56:04
      epoch-secs: 1717847764
      hostname: 3cc970f558ad
      sysname: Linux
      nodename: 3cc970f558ad
      release: 6.8.0-1008-aws
      version: '#8-Ubuntu SMP Sat Apr 20 00:46:25 UTC 2024'
      machine: x86_64
      compiler: 'musl-gcc 13.2.1'
      uptime: 158
      totalram: 66330992640
      freeram: 61873975296
      sharedram: 11698176
      bufferram: 101421056
      totalswap: 0
      freeswap: 0
      pagesize: 4096
      cpus: 16
      cpus-online: 16
      ticks-per-second: 100

metrics:
    - stressor: cpu
      bogo-ops: 9789
      bogo-ops-per-second-usr-sys-time: 978.925060
      bogo-ops-per-second-real-time: 978.891481
      wall-clock-time: 10.000087
      user-time: 9.997745
      system-time: 0.001999
      cpu-usage-per-instance: 99.996570
      max-rss: 3792

...
