BaselineInfo:
  WebDBID: -1
  TimeStamp: 20250614034903
Version:
  Major: 11
  Minor: 0
  Build: 1002
  SpecialBuildName: ""
  ptArchitecture: x86_64_linux
Results:
  Results Complete: true
  NumTestProcesses: 8
  CPU_INTEGER_MATH: 38255.746666666673
  CPU_FLOATINGPOINT_MATH: 27113.335640317804
  CPU_PRIME: 79.228427337980122
  CPU_SORTING: 19284.360376034681
  CPU_ENCRYPTION: 8466.7918959652961
  CPU_COMPRESSION: 139113.19923945481
  CPU_SINGLETHREAD: 2920.5889844180092
  CPU_PHYSICS: 1870.7232740859386
  CPU_MATRIX_MULT_SSE: 11504.973277235278
  CPU_mm: 1083.6084587061407
  CPU_sse: 4701.3015755613696
  CPU_fma: 13012.094743160016
  CPU_avx: 9879.6697937910449
  CPU_avx512: 18426.826996428685
  m_CPU_enc_SHA: 8914881442.8756447
  m_CPU_enc_AES: 11589152020.474457
  m_CPU_enc_ECDSA: 6130190873.9610128
  ME_ALLOC_S: 5261.6511581995164
  ME_READ_S: 26654.391210937501
  ME_READ_L: 9972.62890625
  ME_WRITE: 9156.7744140625
  ME_LARGE: 54739.416666666664
  ME_LATENCY: 58.773141978556033
  ME_THREADED: 60467.796875
  SUMM_CPU: 14267.946872957224
  SUMM_ME: 2401.3483793588039
SystemInformation:
  OSName: Ubuntu 24.04.2 LTS
  Kernel: 6.11.0-1015-azure
  Device: ""
  Processor: INTEL XEON PLATINUM 8573C
  NumSockets: 1
  Manufacturer: GenuineIntel
  NumCores: 4
  NumLogicals: 8
  CPUFrequency: 2300
  Memory: 64304
  MemModuleInfo:
    iNumMemSticks: 3
    DIMM 1:
      manufacturer: Microsoft Corporation
      modulePartNo: None
      memType: Unknown
      size: 1
      clkspeed: 0
      moduleVoltage: 0
    DIMM 2:
      manufacturer: Microsoft Corporation
      modulePartNo: None
      memType: Unknown
      size: 59
      clkspeed: 0
      moduleVoltage: 0
    DIMM 3:
      manufacturer: Microsoft Corporation
      modulePartNo: None
      memType: Unknown
      size: 4
      clkspeed: 0
      moduleVoltage: 0
Checksum: 5A5CAA58733EA112F5B84A6F435A07557528602E