BaselineInfo:
  WebDBID: -1
  TimeStamp: 20260405060630
Version:
  Major: 11
  Minor: 0
  Build: 1004
  SpecialBuildName: ""
  ptArchitecture: x86_64_linux
Results:
  Results Complete: true
  NumTestProcesses: 32
  CPU_INTEGER_MATH: 78983.879000000015
  CPU_FLOATINGPOINT_MATH: 42369.714230483158
  CPU_PRIME: 110.80195196655764
  CPU_SORTING: 47554.673811907182
  CPU_ENCRYPTION: 10934.197171234309
  CPU_COMPRESSION: 361706.53164701379
  CPU_SINGLETHREAD: 1668.2368303648309
  CPU_PHYSICS: 2257.308344177552
  CPU_MATRIX_MULT_SSE: 24855.713217173598
  CPU_mm: 2402.0806385778774
  CPU_sse: 8665.9242211556975
  CPU_fma: 29360.390177030382
  CPU_avx: 20747.465063620341
  CPU_avx512: 40649.073406887997
  m_CPU_enc_SHA: 3570384617.5676622
  m_CPU_enc_AES: 27597433203.988029
  m_CPU_enc_ECDSA: 3228192377.5168734
  ME_ALLOC_S: 8652.4163359963695
  ME_READ_S: 19460.361523437499
  ME_READ_L: 6958.27392578125
  ME_WRITE: 7243.87255859375
  ME_LARGE: 114231.83333333333
  ME_LATENCY: 72.11081055266375
  ME_THREADED: 96196.361083984375
  SUMM_CPU: 23223.666181099812
  SUMM_ME: 1931.5694822598743
SystemInformation:
  OSName: Ubuntu 24.04.4 LTS
  Kernel: 6.8.0-106-generic
  Device: ""
  Processor: Intel(R) Xeon(R) Platinum 8269CY CPU @ 2.50GHz
  NumSockets: 1
  Manufacturer: GenuineIntel
  NumCores: 16
  NumLogicals: 32
  CPUFrequency: 0
  CPUMaxFrequency: 0
  Memory: 128294
  CPUInfo:
    number: 1
    Family: 6
    Model: 5
    stepping: 7
    features: 529267711
    manufacture: GenuineIntel
    typestring: Intel(R) Xeon(R) Platinum 8269CY CPU @ 2.50GHz
    iCoresPerPackage: 16
    iThreadsPerPackage: 2
    featuresEx:
      - 529267711
      - 4277809667
      - 739248128
    bHybrid: false
    nPCore: 0
    nLogicalsPerPCore: 0
    nECore: 0
    nLogicalsPerECore: 0
  MemModuleInfo:
    iNumMemSticks: 8
    DIMM 1:
      manufacturer: Alibaba Cloud
      modulePartNo: Not Specified
      memType: RAM
      size: 16
      clkspeed: 0
      moduleVoltage: 0
    DIMM 2:
      manufacturer: Alibaba Cloud
      modulePartNo: Not Specified
      memType: RAM
      size: 16
      clkspeed: 0
      moduleVoltage: 0
    DIMM 3:
      manufacturer: Alibaba Cloud
      modulePartNo: Not Specified
      memType: RAM
      size: 16
      clkspeed: 0
      moduleVoltage: 0
    DIMM 4:
      manufacturer: Alibaba Cloud
      modulePartNo: Not Specified
      memType: RAM
      size: 16
      clkspeed: 0
      moduleVoltage: 0
    DIMM 5:
      manufacturer: Alibaba Cloud
      modulePartNo: Not Specified
      memType: RAM
      size: 16
      clkspeed: 0
      moduleVoltage: 0
    DIMM 6:
      manufacturer: Alibaba Cloud
      modulePartNo: Not Specified
      memType: RAM
      size: 16
      clkspeed: 0
      moduleVoltage: 0
    DIMM 7:
      manufacturer: Alibaba Cloud
      modulePartNo: Not Specified
      memType: RAM
      size: 16
      clkspeed: 0
      moduleVoltage: 0
    DIMM 8:
      manufacturer: Alibaba Cloud
      modulePartNo: Not Specified
      memType: RAM
      size: 16
      clkspeed: 0
      moduleVoltage: 0
Checksum: 990DDA9644D83C9B456218593CBB05EFDD757E32