"size","threads","connections","rps","latency","failed","server_usr","server_sys","client_usr","client_sys"
"1k",48,48,4185957,0.000011100,0,120.73,139.54,50.87,173.24
"1k",48,96,3493113,0.000026960,0,89.34,140.18,37.18,166.34
"1k",48,192,3921201,0.000051040,0,98.99,149.23,39.25,173.28
"1k",48,384,4205331,0.000118630,0,104.45,150.85,40.02,177.58
"1k",48,768,4555063,0.000375620,0,107.15,151.80,41.43,179.23
"1k",48,1536,4604786,0.000626440,0,113.39,150.43,39.73,177.54
"1k",96,96,4123928,0.000023790,0,125.87,135.52,46.12,173.54
"1k",96,192,3644056,0.000109230,0,80.74,146.13,38.05,188.72
"1k",96,384,4026399,0.000309800,0,85.97,148.65,40.20,191.29
"1k",96,768,4036227,0.000314820,0,87.19,152.99,44.14,199.12
"1k",96,1536,4083887,0.000523750,0,91.08,151.24,43.53,198.14
"1k",192,192,4219974,0.000056510,0,122.53,133.47,47.51,178.11
"1k",192,384,3848336,0.000134730,0,87.93,149.72,44.29,199.65
"1k",192,768,3839508,0.000323630,0,80.44,151.15,44.64,205.21
"1k",192,1536,3801778,0.000522280,0,78.38,151.74,43.92,207.41
"16k",48,48,3572076,0.000012880,0,102.26,141.47,46.13,189.10
"16k",48,96,2838837,0.000031970,0,77.50,135.59,34.77,174.83
"16k",48,192,3188108,0.000061790,0,85.22,145.83,36.88,186.84
"16k",48,384,3353068,0.000131790,0,89.81,148.85,37.91,194.29
"16k",48,768,3461962,0.000330160,0,93.83,150.99,37.70,197.23
"16k",48,1536,3208795,0.000507040,0,97.00,149.94,35.38,195.81
"16k",96,96,3529621,0.000027770,0,98.77,141.46,46.30,194.23
"16k",96,192,2966937,0.000113130,0,71.56,143.81,37.29,200.41
"16k",96,384,3178501,0.000308130,0,75.15,146.78,37.98,205.05
"16k",96,768,3225300,0.000373690,0,76.48,151.14,41.99,212.52
"16k",96,1536,3156387,0.000675150,0,78.66,153.20,40.36,210.87
"16k",192,192,3566022,0.000062420,0,98.56,137.74,46.59,198.11
"16k",192,384,3188660,0.000160230,0,75.54,148.22,43.88,212.70
"16k",192,768,3098103,0.000381190,0,69.90,149.34,43.13,218.91
"16k",192,1536,2958999,0.000644760,0,69.05,151.76,42.76,218.46
"64k",48,48,2067776,0.000022610,0,76.25,153.63,37.40,207.47
"64k",48,96,1666637,0.000053480,0,61.79,141.90,30.49,189.89
"64k",48,192,1790604,0.000101460,0,63.48,149.55,31.60,206.15
"64k",48,384,1791518,0.000208050,0,65.04,157.40,31.20,218.69
"64k",48,768,1608602,0.000505980,0,66.86,159.65,28.81,223.46
"64k",48,1536,1269691,0.001240000,0,67.04,160.11,24.46,228.77
"64k",96,96,2115047,0.000045090,0,67.98,151.67,39.52,221.81
"64k",96,192,1692149,0.000146390,0,54.93,153.55,31.69,218.61
"64k",96,384,1739857,0.000344570,0,57.34,156.50,31.64,222.44
"64k",96,768,1665314,0.000574310,0,58.90,161.35,33.82,228.47
"64k",96,1536,1293489,0.001300000,0,66.56,165.16,28.85,218.62
"64k",192,192,2064995,0.000099970,0,64.38,149.51,39.83,225.84
"64k",192,384,1799474,0.000258990,0,55.23,159.07,37.99,229.47
"64k",192,768,1663185,0.000576660,0,53.51,160.86,37.57,229.61
"64k",192,1536,1314742,0.001250000,0,63.30,167.05,33.88,214.00
"256k",48,48,816922,0.000529320,0,60.51,144.33,37.26,233.81
"256k",48,96,598575,0.000282960,0,54.27,146.57,26.98,206.49
"256k",48,192,515201,0.000345220,0,64.23,155.27,22.94,213.95
"256k",48,384,325858,0.000980000,0,58.75,143.84,15.61,257.59
"256k",48,768,250467,0.002360000,0,53.74,131.21,12.83,287.36
"256k",96,96,805347,0.000143740,0,58.21,150.00,38.23,238.26
"256k",96,192,562728,0.000420500,0,65.45,161.26,27.78,227.62
"256k",96,384,368380,0.001030000,0,58.15,148.78,19.41,257.36
"256k",96,768,256920,0.002750000,0,51.20,134.31,13.60,286.16
"256k",192,192,669498,0.000288520,0,69.74,152.60,34.51,229.55
"256k",192,384,423307,0.001000000,0,60.94,161.61,27.11,236.75
"256k",192,768,332793,0.002400000,0,62.96,157.18,23.24,243.53
"512k",48,48,401075,0.000217710,0,56.35,137.79,32.65,248.74
"512k",48,96,233142,0.000438980,0,58.05,199.69,19.58,174.02
"512k",48,192,145750,0.001230000,0,49.29,258.95,13.55,154.75
"512k",48,384,108065,0.003030000,0,45.94,235.43,9.13,190.92
"512k",48,768,95984,0.005890000,0,44.07,213.20,7.77,222.79
"512k",96,96,292834,0.000331330,0,71.22,181.92,25.47,206.85
"512k",96,192,166522,0.001150000,0,45.56,272.58,18.12,148.77
"512k",96,384,130111,0.002900000,0,47.66,266.55,15.01,155.55
"512k",96,768,113912,0.006600000,0,45.88,246.90,12.11,182.24
"512k",192,192,176100,0.001090000,0,43.81,272.49,20.84,149.55
"512k",192,384,144220,0.002670000,0,46.73,277.35,18.53,144.92
"512k",192,768,137740,0.005580000,0,49.03,272.24,17.65,149.49
