BaselineInfo:
  WebDBID: -1
  TimeStamp: 20260619214310
Version:
  Major: 11
  Minor: 0
  Build: 1004
  SpecialBuildName: ""
  ptArchitecture: x86_64_linux
Results:
  Results Complete: true
  NumTestProcesses: 16
  CPU_INTEGER_MATH: 106258.86033333333
  CPU_FLOATINGPOINT_MATH: 61720.861937768444
  CPU_PRIME: 143.08191358615247
  CPU_SORTING: 46712.800902240931
  CPU_ENCRYPTION: 20227.233351527477
  CPU_COMPRESSION: 370975.39994542918
  CPU_SINGLETHREAD: 3820.8114960049979
  CPU_PHYSICS: 3208.2569124647243
  CPU_MATRIX_MULT_SSE: 28710.592868562937
  CPU_mm: 2770.9622198483585
  CPU_sse: 10402.333969998344
  CPU_fma: 31032.9558883227
  CPU_avx: 29670.522564130883
  CPU_avx512: 43736.559051799828
  m_CPU_enc_SHA: 25596368276.959557
  m_CPU_enc_AES: 20823421042.935711
  m_CPU_enc_ECDSA: 17209584996.538559
  ME_ALLOC_S: 10067.158608565376
  ME_READ_S: 34004.549218749999
  ME_READ_L: 30649.2890625
  ME_WRITE: 30691.275390625
  ME_LARGE: 55756.75
  ME_LATENCY: 80.467556333912455
  ME_THREADED: 54786.23486328125
  SUMM_CPU: 32908.713215911535
  SUMM_ME: 2724.6244700183033
SystemInformation:
  OSName: Ubuntu 24.04.4 LTS
  Kernel: 6.17.0-1018-azure
  Device: ""
  Processor: "AMD EPYC 9V45 96-Core Processor                "
  NumSockets: 1
  Manufacturer: AuthenticAMD
  NumCores: 8
  NumLogicals: 16
  CPUFrequency: 0
  CPUMaxFrequency: 0
  Memory: 64297
  CPUInfo:
    number: 1
    Family: 15
    Model: 2
    stepping: 1
    features: 395049983
    manufacture: AuthenticAMD
    typestring: "AMD EPYC 9V45 96-Core Processor                "
    iCoresPerPackage: 8
    iThreadsPerPackage: 2
    featuresEx:
      - 395049983
      - 4277809667
      - 802421759
    bHybrid: false
    nPCore: 0
    nLogicalsPerPCore: 0
    nECore: 0
    nLogicalsPerECore: 0
  MemModuleInfo:
    iNumMemSticks: 3
    DIMM 1:
      manufacturer: Microsoft Corporation
      modulePartNo: None
      memType: Unknown
      size: 1
      clkspeed: 0
      moduleVoltage: 0
    DIMM 2:
      manufacturer: Microsoft Corporation
      modulePartNo: None
      memType: Unknown
      size: 59
      clkspeed: 0
      moduleVoltage: 0
    DIMM 3:
      manufacturer: Microsoft Corporation
      modulePartNo: None
      memType: Unknown
      size: 4
      clkspeed: 0
      moduleVoltage: 0
Checksum: E840C205541DD8B0A2C510DBBC4CB379E3EC3136