---
system-info:
      stress-ng-version: 0.17.08
      run-by: root
      date-yyyy-mm-dd: 2024:09:16
      time-hh-mm-ss: 21:27:39
      epoch-secs: 1726522059
      hostname: sc-runner
      sysname: Linux
      nodename: sc-runner
      release: 6.8.0-1014-azure
      version: '#16-Ubuntu SMP Thu Aug 15 21:06:50 UTC 2024'
      machine: aarch64
      compiler: 'musl-gcc 13.2.1'
      uptime: 335
      totalram: 101038989312
      freeram: 90174263296
      sharedram: 38506496
      bufferram: 232415232
      totalswap: 0
      freeswap: 0
      pagesize: 4096
      cpus: 48
      cpus-online: 48
      ticks-per-second: 100

metrics:
    - stressor: cpu
      bogo-ops: 1700372
      bogo-ops-per-second-usr-sys-time: 1771.933237
      bogo-ops-per-second-real-time: 85018.330389
      wall-clock-time: 20.000063
      user-time: 959.589047
      system-time: 0.024986
      cpu-usage-per-instance: 99.959478
      max-rss: 1152

...
