BaselineInfo:
  WebDBID: -1
  TimeStamp: 20260212190930
Version:
  Major: 11
  Minor: 0
  Build: 1004
  SpecialBuildName: ""
  ptArchitecture: x86_64_linux
Results:
  Results Complete: true
  NumTestProcesses: 1
  CPU_INTEGER_MATH: 8469.6373333333322
  CPU_FLOATINGPOINT_MATH: 8509.7647411893813
  CPU_PRIME: 31.970358565718087
  CPU_SORTING: 5139.3222884586576
  CPU_ENCRYPTION: 1761.6509562432395
  CPU_COMPRESSION: 36667.999178478618
  CPU_SINGLETHREAD: 4187.2326445952376
  CPU_PHYSICS: 552.09260208313435
  CPU_MATRIX_MULT_SSE: 3058.6100441745339
  CPU_mm: 410.00626791145197
  CPU_sse: 1225.409719688035
  CPU_fma: 4875.6143671934451
  CPU_avx: 2467.8838518133298
  CPU_avx512: 3665.5322380033249
  m_CPU_enc_SHA: 2452908697.8722758
  m_CPU_enc_AES: 1531704094.3638041
  m_CPU_enc_ECDSA: 1557061947.0450537
  ME_ALLOC_S: 1631.4631894019772
  ME_READ_S: 37713.03515625
  ME_READ_L: 35720.953125
  ME_WRITE: 35307.44140625
  ME_LARGE: 819.58333333333337
  ME_LATENCY: 82.097663783155596
  ME_THREADED: 35602.921875
  SUMM_CPU: 3871.4023290905438
  SUMM_ME: 1268.3270750080897
SystemInformation:
  OSName: Ubuntu 24.04.3 LTS
  Kernel: 6.14.0-1018-aws
  Device: ""
  Processor: AMD EPYC 9R05
  NumSockets: 1
  Manufacturer: AuthenticAMD
  NumCores: 1
  NumLogicals: 1
  CPUFrequency: 0
  CPUMaxFrequency: 0
  Memory: 3805
  CPUInfo:
    number: 1
    Family: 15
    Model: 2
    stepping: 1
    features: 126614527
    manufacture: AuthenticAMD
    typestring: AMD EPYC 9R05
    iCoresPerPackage: 1
    iThreadsPerPackage: 1
    featuresEx:
      - 126614527
      - 4277809667
      - 802421759
    bHybrid: false
    nPCore: 0
    nLogicalsPerPCore: 0
    nECore: 0
    nLogicalsPerECore: 0
  MemModuleInfo:
    iNumMemSticks: 1
    DIMM 1:
      manufacturer: Not Specified
      modulePartNo: Not Specified
      memType: DDR5
      size: 4
      clkspeed: 3200
      moduleVoltage: 0
Checksum: DAB10204580C40AEEF6680BC9D4643DA48AB6256