BaselineInfo:
  WebDBID: -1
  TimeStamp: 20241107150601
Version:
  Major: 11
  Minor: 0
  Build: 1002
  SpecialBuildName: ""
  ptArchitecture: x86_64_linux
Results:
  Results Complete: true
  NumTestProcesses: 4
  CPU_INTEGER_MATH: 12396.955
  CPU_FLOATINGPOINT_MATH: 6635.3498449090539
  CPU_PRIME: 25.574990238359241
  CPU_SORTING: 6653.9131302348615
  CPU_ENCRYPTION: 1709.7487418470239
  CPU_COMPRESSION: 55333.753454967162
  CPU_SINGLETHREAD: 2014.2032584818774
  CPU_PHYSICS: 534.23873580628594
  CPU_MATRIX_MULT_SSE: 3535.303635736499
  CPU_mm: 374.10582548794866
  CPU_sse: 1352.2586133349839
  CPU_fma: 4392.3664283161506
  CPU_avx: 3091.1011082986997
  CPU_avx512: 5305.4883929961634
  m_CPU_enc_SHA: 559024858.87934053
  m_CPU_enc_AES: 4317783964.9134665
  m_CPU_enc_ECDSA: 501595666.40014875
  ME_ALLOC_S: 1461.7370975231324
  ME_READ_S: 24146.606835937499
  ME_READ_L: 11680.2568359375
  ME_WRITE: 10372.201171875
  ME_LARGE: 6039
  ME_LATENCY: 51.461858863738996
  ME_THREADED: 23267.02783203125
  SUMM_CPU: 4399.9927595642284
  SUMM_ME: 2045.0006430253532
SystemInformation:
  OSName: Ubuntu 24.04.1 LTS
  Kernel: 6.8.0-1017-azure
  Device: ""
  Processor: Intel Xeon Platinum 8272CL CPU @ 2.60GHz
  NumSockets: 1
  Manufacturer: GenuineIntel
  NumCores: 2
  NumLogicals: 4
  CPUFrequency: 0
  Memory: 15989
  MemModuleInfo:
    iNumMemSticks: 2
    DIMM 1:
      manufacturer: Microsoft Corporation
      modulePartNo: None
      memType: Unknown
      size: 1
      clkspeed: 0
      moduleVoltage: 0
    DIMM 2:
      manufacturer: Microsoft Corporation
      modulePartNo: None
      memType: Unknown
      size: 15
      clkspeed: 0
      moduleVoltage: 0
Checksum: 30C8C6081D7C14B5BBD2E58C3AB1449A075A8448