BaselineInfo:
  WebDBID: -1
  TimeStamp: 20241107150559
Version:
  Major: 11
  Minor: 0
  Build: 1002
  SpecialBuildName: ""
  ptArchitecture: x86_64_linux
Results:
  Results Complete: true
  NumTestProcesses: 4
  CPU_INTEGER_MATH: 12389.949666666666
  CPU_FLOATINGPOINT_MATH: 6625.0369202322909
  CPU_PRIME: 26.726564293421745
  CPU_SORTING: 6678.518562846104
  CPU_ENCRYPTION: 1703.914782189554
  CPU_COMPRESSION: 55307.831314354415
  CPU_SINGLETHREAD: 2011.8283975189793
  CPU_PHYSICS: 494.65708694050011
  CPU_MATRIX_MULT_SSE: 3495.8879802930887
  CPU_mm: 375.70442320795837
  CPU_sse: 1347.8489518872655
  CPU_fma: 4412.1820224555358
  CPU_avx: 3083.001139787285
  CPU_avx512: 5140.5198070422693
  m_CPU_enc_SHA: 558508797.4588201
  m_CPU_enc_AES: 4304723151.7792206
  m_CPU_enc_ECDSA: 496820490.70954025
  ME_ALLOC_S: 1424.6213021752642
  ME_READ_S: 24196.492773437501
  ME_READ_L: 11030.8681640625
  ME_WRITE: 9280.490234375
  ME_LARGE: 6057
  ME_LATENCY: 49.590892240854409
  ME_THREADED: 24005.859375
  SUMM_CPU: 4387.8654861521181
  SUMM_ME: 2029.9326095541944
SystemInformation:
  OSName: Ubuntu 24.04.1 LTS
  Kernel: 6.8.0-1017-azure
  Device: ""
  Processor: Intel Xeon Platinum 8272CL CPU @ 2.60GHz
  NumSockets: 1
  Manufacturer: GenuineIntel
  NumCores: 2
  NumLogicals: 4
  CPUFrequency: 0
  Memory: 15989
  MemModuleInfo:
    iNumMemSticks: 2
    DIMM 1:
      manufacturer: Microsoft Corporation
      modulePartNo: None
      memType: Unknown
      size: 1
      clkspeed: 0
      moduleVoltage: 0
    DIMM 2:
      manufacturer: Microsoft Corporation
      modulePartNo: None
      memType: Unknown
      size: 15
      clkspeed: 0
      moduleVoltage: 0
Checksum: 5DFFED7A4B7B1E21EDB5A5EE5675DBC84F4FD210