"size","threads","connections","rps","latency","failed","server_usr","server_sys","client_usr","client_sys"
"1k",8,8,709558,0.000010940,0,15.09,25.47,8.27,31.86
"1k",8,16,673575,0.000022360,0,13.59,25.05,7.12,30.10
"1k",8,32,739956,0.000042680,0,14.33,25.42,7.00,29.56
"1k",8,64,802268,0.000110230,0,14.73,26.21,7.07,30.64
"1k",8,128,844803,0.000265960,0,15.20,26.16,7.17,30.64
"1k",8,256,866330,0.000307420,0,15.01,26.55,7.14,31.13
"1k",16,16,669610,0.000024840,0,12.95,26.34,8.10,32.35
"1k",16,32,673212,0.000052280,0,11.82,26.81,7.59,33.35
"1k",16,64,715728,0.000175000,0,12.20,26.77,7.64,33.75
"1k",16,128,744489,0.000396550,0,12.45,26.45,7.55,33.50
"1k",16,256,790052,0.000617100,0,13.45,26.37,7.70,32.88
"1k",32,32,671137,0.000054820,0,12.07,26.27,8.29,33.61
"1k",32,64,662500,0.000194340,0,10.91,27.03,7.97,34.45
"1k",32,128,678990,0.000358650,0,11.05,26.90,7.96,34.74
"1k",32,256,685293,0.000525980,0,10.91,26.84,8.06,34.82
"16k",8,8,514412,0.000015970,0,13.19,25.06,7.05,31.44
"16k",8,16,567929,0.000026040,0,13.02,25.09,7.33,31.71
"16k",8,32,585206,0.000053490,0,13.45,24.70,6.84,30.84
"16k",8,64,625216,0.000114900,0,14.08,25.20,7.22,31.64
"16k",8,128,649092,0.000373910,0,14.28,25.46,7.04,31.95
"16k",8,256,645648,0.000510910,0,14.35,25.95,6.79,32.22
"16k",16,16,540401,0.000031100,0,11.74,25.44,7.74,33.74
"16k",16,32,552482,0.000061140,0,11.67,26.37,7.67,34.23
"16k",16,64,570098,0.000161450,0,11.51,26.34,7.61,34.83
"16k",16,128,583509,0.000442420,0,12.19,26.18,7.49,34.40
"16k",16,256,592717,0.000702600,0,12.77,26.07,7.26,34.21
"16k",32,32,550923,0.000063660,0,11.87,25.39,8.35,34.33
"16k",32,64,538793,0.000187380,0,10.80,26.15,7.90,35.48
"16k",32,128,536520,0.000441900,0,10.78,26.24,7.97,35.35
"16k",32,256,540561,0.000637210,0,10.89,26.06,7.90,35.89
"64k",8,8,283908,0.000027930,0,10.81,25.84,5.70,32.41
"64k",8,16,315190,0.000044220,0,12.33,26.71,6.08,34.67
"64k",8,32,314904,0.000092600,0,11.62,25.49,5.87,33.79
"64k",8,64,332150,0.000183200,0,11.96,26.29,5.93,34.80
"64k",8,128,334472,0.000389410,0,12.12,26.54,5.87,34.76
"64k",8,256,298635,0.000821020,0,12.90,27.08,5.16,34.45
"64k",16,16,298296,0.000054740,0,10.49,26.80,6.69,35.70
"64k",16,32,307212,0.000104540,0,10.65,26.64,6.69,36.55
"64k",16,64,316896,0.000228580,0,10.70,26.85,6.49,36.54
"64k",16,128,317519,0.000560800,0,10.47,27.09,6.31,36.66
"64k",16,256,294159,0.001030000,0,10.90,27.79,5.86,35.72
"64k",32,32,300057,0.000124810,0,9.99,26.46,7.06,36.71
"64k",32,64,301036,0.000285670,0,9.55,27.03,6.80,37.17
"64k",32,128,296955,0.000666770,0,9.14,27.20,6.89,37.19
"64k",32,256,286123,0.001040000,0,10.17,27.42,6.55,36.57
"256k",8,8,108392,0.000074010,0,11.22,26.83,5.04,31.59
"256k",8,16,118592,0.000117540,0,11.94,28.28,5.36,34.69
"256k",8,32,119341,0.000246780,0,11.18,28.55,5.22,32.82
"256k",8,64,108658,0.000548290,0,12.28,29.38,4.61,32.65
"256k",8,128,87227,0.001410000,0,15.54,29.81,3.81,30.54
"256k",16,16,116637,0.000139210,0,10.82,28.52,5.81,35.09
"256k",16,32,116945,0.000347740,0,10.46,29.08,5.59,35.33
"256k",16,64,111167,0.000711300,0,10.62,29.75,5.34,34.84
"256k",16,128,96113,0.001460000,0,12.31,29.99,4.76,33.07
"256k",32,32,114478,0.000304990,0,9.71,28.92,6.10,35.74
"256k",32,64,109233,0.000744770,0,9.95,29.58,5.67,35.39
"256k",32,128,96665,0.001430000,0,11.61,30.41,5.22,33.44
"512k",8,8,56702,0.005770000,0,9.68,22.44,4.36,34.30
"512k",8,16,62239,0.000360590,0,11.51,24.72,4.89,38.71
"512k",8,32,57777,0.000498870,0,11.91,29.49,4.27,32.71
"512k",8,64,44016,0.001390000,0,15.85,29.66,3.44,30.40
"512k",8,128,35274,0.003350000,0,18.93,30.79,2.98,27.50
"512k",16,16,61744,0.000390200,0,10.40,23.45,5.18,41.40
"512k",16,32,59280,0.000583060,0,10.87,29.59,5.06,34.24
"512k",16,64,50861,0.001360000,0,12.18,31.30,4.41,32.13
"512k",16,128,36556,0.003480000,0,18.68,31.86,3.42,26.28
"512k",32,32,57473,0.000660160,0,10.32,29.93,5.25,34.60
"512k",32,64,50929,0.001340000,0,11.83,31.36,4.76,32.22
"512k",32,128,37347,0.003430000,0,18.32,31.31,3.65,27.04
