BaselineInfo:
  WebDBID: -1
  TimeStamp: 20241109075644
Version:
  Major: 11
  Minor: 0
  Build: 1002
  SpecialBuildName: ""
  ptArchitecture: aarch64_linux
Results:
  Results Complete: true
  NumTestProcesses: 64
  CPU_INTEGER_MATH: 305293.91766666662
  CPU_FLOATINGPOINT_MATH: 303576.80117408291
  CPU_PRIME: 333.83560475559511
  CPU_SORTING: 243360.48409056081
  CPU_ENCRYPTION: 8904.5472520498606
  CPU_COMPRESSION: 338599.64506162627
  CPU_SINGLETHREAD: 1562.3716192170364
  CPU_PHYSICS: 8483.1835260727439
  CPU_MATRIX_MULT_SSE: 52839.24594949952
  CPU_mm: 6951.6104828647412
  CPU_sse: 44298.35140102313
  CPU_fma: 61380.140497975903
  CPU_avx: 0
  CPU_avx512: 0
  m_CPU_enc_SHA: 13518702576.289433
  m_CPU_enc_AES: 5178521154.3555527
  m_CPU_enc_ECDSA: 9314059887.4513206
  ME_ALLOC_S: 31217.564675421774
  ME_READ_S: 19681.739453124999
  ME_READ_L: 19014.55859375
  ME_WRITE: 19701.443359375
  ME_LARGE: 493909.58333333331
  ME_LATENCY: 50.011817303981765
  ME_THREADED: 254228.47729492188
  SUMM_CPU: 34597.541398869762
  SUMM_ME: 3153.0135894612622
SystemInformation:
  OSName: Ubuntu 24.04.1 LTS
  Kernel: 6.8.0-1016-aws
  Device: ""
  Processor: ARM Neoverse-V1 64 Core 0 MHz
  NumSockets: 1
  Manufacturer: ARM
  NumCores: 64
  NumLogicals: 64
  CPUFrequency: 0
  Memory: 506668
Checksum: 5630775125D5CB920B00AC00A771DA9D37BFCD92