BaselineInfo:
  WebDBID: -1
  TimeStamp: 20260405072614
Version:
  Major: 11
  Minor: 0
  Build: 1004
  SpecialBuildName: ""
  ptArchitecture: x86_64_linux
Results:
  Results Complete: true
  NumTestProcesses: 16
  CPU_INTEGER_MATH: 47209.888000000006
  CPU_FLOATINGPOINT_MATH: 34550.438183119913
  CPU_PRIME: 89.644413613908313
  CPU_SORTING: 29763.309849024557
  CPU_ENCRYPTION: 4908.7188150731345
  CPU_COMPRESSION: 262323.89349648525
  CPU_SINGLETHREAD: 1813.5999451548751
  CPU_PHYSICS: 1919.0241290765157
  CPU_MATRIX_MULT_SSE: 15457.049295025732
  CPU_mm: 2323.4275412057768
  CPU_sse: 9354.477080237988
  CPU_fma: 20846.014476573622
  CPU_avx: 16170.656328265582
  CPU_avx512: 0
  m_CPU_enc_SHA: 3244741472.825943
  m_CPU_enc_AES: 9346459443.3394794
  m_CPU_enc_ECDSA: 2850293304.5369587
  ME_ALLOC_S: 3601.4504448491875
  ME_READ_S: 20608.328906250001
  ME_READ_L: 6787.0205078125
  ME_WRITE: 6107.109375
  ME_LARGE: 114936.25
  ME_LATENCY: 68.666883803505115
  ME_THREADED: 61628.948486328125
  SUMM_CPU: 15791.213294036188
  SUMM_ME: 1872.0030495349329
SystemInformation:
  OSName: Ubuntu 24.04.4 LTS
  Kernel: 6.8.0-106-generic
  Device: ""
  Processor: Intel(R) Xeon(R) CPU E5-2682 v4 @ 2.50GHz
  NumSockets: 1
  Manufacturer: GenuineIntel
  NumCores: 8
  NumLogicals: 16
  CPUFrequency: 0
  CPUMaxFrequency: 0
  Memory: 128301
  CPUInfo:
    number: 1
    Family: 6
    Model: 15
    stepping: 1
    features: 529267711
    manufacture: GenuineIntel
    typestring: Intel(R) Xeon(R) CPU E5-2682 v4 @ 2.50GHz
    iCoresPerPackage: 8
    iThreadsPerPackage: 2
    featuresEx:
      - 529267711
      - 4294586883
      - 739248128
    bHybrid: false
    nPCore: 0
    nLogicalsPerPCore: 0
    nECore: 0
    nLogicalsPerECore: 0
  MemModuleInfo:
    iNumMemSticks: 8
    DIMM 1:
      manufacturer: Alibaba Cloud
      modulePartNo: Not Specified
      memType: RAM
      size: 16
      clkspeed: 0
      moduleVoltage: 0
    DIMM 2:
      manufacturer: Alibaba Cloud
      modulePartNo: Not Specified
      memType: RAM
      size: 16
      clkspeed: 0
      moduleVoltage: 0
    DIMM 3:
      manufacturer: Alibaba Cloud
      modulePartNo: Not Specified
      memType: RAM
      size: 16
      clkspeed: 0
      moduleVoltage: 0
    DIMM 4:
      manufacturer: Alibaba Cloud
      modulePartNo: Not Specified
      memType: RAM
      size: 16
      clkspeed: 0
      moduleVoltage: 0
    DIMM 5:
      manufacturer: Alibaba Cloud
      modulePartNo: Not Specified
      memType: RAM
      size: 16
      clkspeed: 0
      moduleVoltage: 0
    DIMM 6:
      manufacturer: Alibaba Cloud
      modulePartNo: Not Specified
      memType: RAM
      size: 16
      clkspeed: 0
      moduleVoltage: 0
    DIMM 7:
      manufacturer: Alibaba Cloud
      modulePartNo: Not Specified
      memType: RAM
      size: 16
      clkspeed: 0
      moduleVoltage: 0
    DIMM 8:
      manufacturer: Alibaba Cloud
      modulePartNo: Not Specified
      memType: RAM
      size: 16
      clkspeed: 0
      moduleVoltage: 0
Checksum: 3A520967D7A029095963E72424A219A30E6A1F68