---
system-info:
      stress-ng-version: 0.17.08
      run-by: root
      date-yyyy-mm-dd: 2024:06:12
      time-hh-mm-ss: 23:56:34
      epoch-secs: 1718236594
      hostname: f43b096bd39c
      sysname: Linux
      nodename: f43b096bd39c
      release: 6.8.0-1008-aws
      version: '#8-Ubuntu SMP Sat Apr 20 00:46:25 UTC 2024'
      machine: x86_64
      compiler: 'musl-gcc 13.2.1'
      uptime: 139
      totalram: 66325266432
      freeram: 61797613568
      sharedram: 59981824
      bufferram: 112787456
      totalswap: 0
      freeswap: 0
      pagesize: 4096
      cpus: 32
      cpus-online: 32
      ticks-per-second: 100

metrics:
    - stressor: cpu
      bogo-ops: 37816
      bogo-ops-per-second-usr-sys-time: 1890.757931
      bogo-ops-per-second-real-time: 1890.790849
      wall-clock-time: 20.000097
      user-time: 19.999446
      system-time: 0.000999
      cpu-usage-per-instance: 100.001741
      max-rss: 1032

...
