---
system-info:
      stress-ng-version: 0.17.08
      run-by: root
      date-yyyy-mm-dd: 2024:06:06
      time-hh-mm-ss: 10:22:05
      epoch-secs: 1717669325
      hostname: 4eb7ba545ce8
      sysname: Linux
      nodename: 4eb7ba545ce8
      release: 6.8.0-1008-aws
      version: '#8-Ubuntu SMP Sat Apr 20 00:46:25 UTC 2024'
      machine: x86_64
      compiler: 'musl-gcc 13.2.1'
      uptime: 115
      totalram: 66325274624
      freeram: 62005211136
      sharedram: 59981824
      bufferram: 82616320
      totalswap: 0
      freeswap: 0
      pagesize: 4096
      cpus: 32
      cpus-online: 32
      ticks-per-second: 100

metrics:
    - stressor: cpu
      bogo-ops: 16755
      bogo-ops-per-second-usr-sys-time: 1675.386409
      bogo-ops-per-second-real-time: 1675.383682
      wall-clock-time: 10.000694
      user-time: 9.998679
      system-time: 0.001999
      cpu-usage-per-instance: 99.999837
      max-rss: 3848

...
