BaselineInfo:
  WebDBID: -1
  TimeStamp: 20241115134233
Version:
  Major: 11
  Minor: 0
  Build: 1002
  SpecialBuildName: ""
  ptArchitecture: aarch64_linux
Results:
  Results Complete: true
  NumTestProcesses: 2
  CPU_INTEGER_MATH: 9489.3630000000012
  CPU_FLOATINGPOINT_MATH: 9419.7220013487185
  CPU_PRIME: 25.338378989275583
  CPU_SORTING: 7806.2192325903316
  CPU_ENCRYPTION: 272.57556799291234
  CPU_COMPRESSION: 10332.070922615045
  CPU_SINGLETHREAD: 1560.5766991408739
  CPU_PHYSICS: 543.5030381053158
  CPU_MATRIX_MULT_SSE: 1647.4919092999726
  CPU_mm: 215.6459128920344
  CPU_sse: 1380.9726217108187
  CPU_fma: 1914.0111968891263
  CPU_avx: 0
  CPU_avx512: 0
  m_CPU_enc_SHA: 419110050.15050387
  m_CPU_enc_AES: 160531263.56687206
  m_CPU_enc_ECDSA: 277807282.63383228
  ME_ALLOC_S: 1995.249531461081
  ME_READ_S: 19606.138671875
  ME_READ_L: 18833.03125
  ME_WRITE: 19677.70703125
  ME_LARGE: 585
  ME_LATENCY: 50.711966317756186
  ME_THREADED: 36628.22265625
  SUMM_CPU: 1555.8185823435833
  SUMM_ME: 1082.7617018775202
SystemInformation:
  OSName: Ubuntu 24.04.1 LTS
  Kernel: 6.8.0-1018-aws
  Device: ""
  Processor: ARM Neoverse-V1 2 Core 0 MHz
  NumSockets: 1
  Manufacturer: ARM
  NumCores: 2
  NumLogicals: 2
  CPUFrequency: 0
  Memory: 3807
Checksum: 70F1EE85BC4289CE69DD53CC3554FBF8F9D8F3AD