BaselineInfo:
  WebDBID: -1
  TimeStamp: 20241107030348
Version:
  Major: 11
  Minor: 0
  Build: 1002
  SpecialBuildName: ""
  ptArchitecture: aarch64_linux
Results:
  Results Complete: true
  NumTestProcesses: 2
  CPU_INTEGER_MATH: 9484.2746666666681
  CPU_FLOATINGPOINT_MATH: 9423.6124612128224
  CPU_PRIME: 24.252381772781646
  CPU_SORTING: 7740.6582570722539
  CPU_ENCRYPTION: 274.14264024342367
  CPU_COMPRESSION: 10340.890786062479
  CPU_SINGLETHREAD: 1559.0690537941189
  CPU_PHYSICS: 529.29990991088039
  CPU_MATRIX_MULT_SSE: 1644.6085876016321
  CPU_mm: 214.72482930763744
  CPU_sse: 1374.80394187672
  CPU_fma: 1914.4132333265441
  CPU_avx: 0
  CPU_avx512: 0
  m_CPU_enc_SHA: 420472933.60883349
  m_CPU_enc_AES: 160865867.79169118
  m_CPU_enc_ECDSA: 281039378.00714004
  ME_ALLOC_S: 1974.0952550064362
  ME_READ_S: 19515.758398437501
  ME_READ_L: 18607.064453125
  ME_WRITE: 19665.49609375
  ME_LARGE: 582.41666666666663
  ME_LATENCY: 52.856916028983001
  ME_THREADED: 36180.28125
  SUMM_CPU: 1557.9456577055621
  SUMM_ME: 1070.6546977712164
SystemInformation:
  OSName: Ubuntu 24.04.1 LTS
  Kernel: 6.8.0-1016-aws
  Device: ""
  Processor: ARM Neoverse-V1 2 Core 0 MHz
  NumSockets: 1
  Manufacturer: ARM
  NumCores: 2
  NumLogicals: 2
  CPUFrequency: 0
  Memory: 3807
Checksum: 52858039BD23FEE7A72FF1D1A414C1BCCFEEE21A