BaselineInfo:
  WebDBID: -1
  TimeStamp: 20241114205932
Version:
  Major: 11
  Minor: 0
  Build: 1002
  SpecialBuildName: ""
  ptArchitecture: aarch64_linux
Results:
  Results Complete: true
  NumTestProcesses: 2
  CPU_INTEGER_MATH: 9484.4403333333339
  CPU_FLOATINGPOINT_MATH: 9430.9862541172206
  CPU_PRIME: 25.289916788731595
  CPU_SORTING: 7831.7640255496963
  CPU_ENCRYPTION: 274.33623569989629
  CPU_COMPRESSION: 10391.448273219972
  CPU_SINGLETHREAD: 1566.4303673170518
  CPU_PHYSICS: 567.22872235654063
  CPU_MATRIX_MULT_SSE: 1647.3382877495274
  CPU_mm: 214.39598653803299
  CPU_sse: 1380.983671195035
  CPU_fma: 1913.6929043040197
  CPU_avx: 0
  CPU_avx512: 0
  m_CPU_enc_SHA: 419167622.91902828
  m_CPU_enc_AES: 163869713.23359108
  m_CPU_enc_ECDSA: 279949841.90314388
  ME_ALLOC_S: 2027.5759893361824
  ME_READ_S: 19692.962109374999
  ME_READ_L: 18917.7578125
  ME_WRITE: 19582.578125
  ME_LARGE: 620.58333333333337
  ME_LATENCY: 50.048245028800714
  ME_THREADED: 36994.25
  SUMM_CPU: 1563.7339786477767
  SUMM_ME: 1125.1496201737327
SystemInformation:
  OSName: Ubuntu 24.04.1 LTS
  Kernel: 6.8.0-1018-aws
  Device: ""
  Processor: ARM Neoverse-V1 2 Core 0 MHz
  NumSockets: 1
  Manufacturer: ARM
  NumCores: 2
  NumLogicals: 2
  CPUFrequency: 0
  Memory: 3807
Checksum: 67289418BA76D92603F7A84026B26C33B5EE92F8