---
system-info:
      stress-ng-version: 0.17.08
      run-by: root
      date-yyyy-mm-dd: 2024:09:17
      time-hh-mm-ss: 01:26:08
      epoch-secs: 1726536368
      hostname: sc-runner
      sysname: Linux
      nodename: sc-runner
      release: 6.8.0-1014-azure
      version: '#16-Ubuntu SMP Thu Aug 15 21:06:50 UTC 2024'
      machine: aarch64
      compiler: 'musl-gcc 13.2.1'
      uptime: 348
      totalram: 219079413760
      freeram: 207589371904
      sharedram: 38363136
      bufferram: 239968256
      totalswap: 0
      freeswap: 0
      pagesize: 4096
      cpus: 64
      cpus-online: 64
      ticks-per-second: 100

metrics:
    - stressor: cpu
      bogo-ops: 36458
      bogo-ops-per-second-usr-sys-time: 1822.914492
      bogo-ops-per-second-real-time: 1822.896458
      wall-clock-time: 20.000039
      user-time: 19.999841
      system-time: 0.000000
      cpu-usage-per-instance: 99.999011
      max-rss: 1024

...
