---
system-info:
      stress-ng-version: 0.17.08
      run-by: root
      date-yyyy-mm-dd: 2024:06:15
      time-hh-mm-ss: 03:54:44
      epoch-secs: 1718423684
      hostname: 5cfe8ad0d33e
      sysname: Linux
      nodename: 5cfe8ad0d33e
      release: 6.8.0-1008-aws
      version: '#8-Ubuntu SMP Sat Apr 20 00:46:25 UTC 2024'
      machine: x86_64
      compiler: 'musl-gcc 13.2.1'
      uptime: 114
      totalram: 264565653504
      freeram: 259832487936
      sharedram: 37629952
      bufferram: 108486656
      totalswap: 0
      freeswap: 0
      pagesize: 4096
      cpus: 64
      cpus-online: 64
      ticks-per-second: 100

metrics:
    - stressor: cpu
      bogo-ops: 3933079
      bogo-ops-per-second-usr-sys-time: 3074.814238
      bogo-ops-per-second-real-time: 196653.476636
      wall-clock-time: 20.000048
      user-time: 1279.086373
      system-time: 0.040981
      cpu-usage-per-instance: 99.931584
      max-rss: 512

...
