---
system-info:
      stress-ng-version: 0.17.08
      run-by: root
      date-yyyy-mm-dd: 2024:06:08
      time-hh-mm-ss: 19:28:47
      epoch-secs: 1717874927
      hostname: e7b47598905f
      sysname: Linux
      nodename: e7b47598905f
      release: 6.8.0-1008-aws
      version: '#8-Ubuntu SMP Sat Apr 20 00:46:25 UTC 2024'
      machine: x86_64
      compiler: 'musl-gcc 13.2.1'
      uptime: 106
      totalram: 264565657600
      freeram: 259727958016
      sharedram: 37629952
      bufferram: 104812544
      totalswap: 0
      freeswap: 0
      pagesize: 4096
      cpus: 64
      cpus-online: 64
      ticks-per-second: 100

metrics:
    - stressor: cpu
      bogo-ops: 1047584
      bogo-ops-per-second-usr-sys-time: 1638.663283
      bogo-ops-per-second-real-time: 104743.209324
      wall-clock-time: 10.001450
      user-time: 639.213833
      system-time: 0.077967
      cpu-usage-per-instance: 99.874859
      max-rss: 3072

...
