---
system-info:
      stress-ng-version: 0.17.08
      run-by: root
      date-yyyy-mm-dd: 2024:06:07
      time-hh-mm-ss: 11:19:54
      epoch-secs: 1717759194
      hostname: cb8870729547
      sysname: Linux
      nodename: cb8870729547
      release: 6.8.0-1008-aws
      version: '#8-Ubuntu SMP Sat Apr 20 00:46:25 UTC 2024'
      machine: x86_64
      compiler: 'musl-gcc 13.2.1'
      uptime: 142
      totalram: 33653235712
      freeram: 29368045568
      sharedram: 48562176
      bufferram: 89567232
      totalswap: 0
      freeswap: 0
      pagesize: 4096
      cpus: 8
      cpus-online: 8
      ticks-per-second: 100

metrics:
    - stressor: cpu
      bogo-ops: 66406
      bogo-ops-per-second-usr-sys-time: 832.693958
      bogo-ops-per-second-real-time: 6639.406885
      wall-clock-time: 10.001797
      user-time: 79.733401
      system-time: 0.014986
      cpu-usage-per-instance: 99.667573
      max-rss: 3920

...
