---
system-info:
      stress-ng-version: 0.17.08
      run-by: root
      date-yyyy-mm-dd: 2024:06:16
      time-hh-mm-ss: 09:46:35
      epoch-secs: 1718531195
      hostname: 40b5cade6ea3
      sysname: Linux
      nodename: 40b5cade6ea3
      release: 6.8.0-1008-aws
      version: '#8-Ubuntu SMP Sat Apr 20 00:46:25 UTC 2024'
      machine: x86_64
      compiler: 'musl-gcc 13.2.1'
      uptime: 145
      totalram: 33653235712
      freeram: 29222567936
      sharedram: 48562176
      bufferram: 111038464
      totalswap: 0
      freeswap: 0
      pagesize: 4096
      cpus: 8
      cpus-online: 8
      ticks-per-second: 100

metrics:
    - stressor: cpu
      bogo-ops: 83715
      bogo-ops-per-second-usr-sys-time: 524.820894
      bogo-ops-per-second-real-time: 4185.716232
      wall-clock-time: 20.000161
      user-time: 159.497573
      system-time: 0.013988
      cpu-usage-per-instance: 99.693921
      max-rss: 976

...
