BaselineInfo:
  WebDBID: -1
  TimeStamp: 20241108161934
Version:
  Major: 11
  Minor: 0
  Build: 1002
  SpecialBuildName: ""
  ptArchitecture: x86_64_linux
Results:
  Results Complete: true
  NumTestProcesses: 16
  CPU_INTEGER_MATH: 45361.190000000002
  CPU_FLOATINGPOINT_MATH: 24300.541475279868
  CPU_PRIME: 75.024600916984355
  CPU_SORTING: 23429.757002793282
  CPU_ENCRYPTION: 6238.8115812415363
  CPU_COMPRESSION: 201443.44922994103
  CPU_SINGLETHREAD: 1811.6466319616914
  CPU_PHYSICS: 1406.6854601176256
  CPU_MATRIX_MULT_SSE: 12271.621279928406
  CPU_mm: 1379.4518129104638
  CPU_sse: 4921.1144733151168
  CPU_fma: 14632.60626306262
  CPU_avx: 10330.15235508433
  CPU_avx512: 19202.612028251555
  m_CPU_enc_SHA: 2048040129.5312378
  m_CPU_enc_AES: 15745112862.78371
  m_CPU_enc_ECDSA: 1832451285.520828
  ME_ALLOC_S: 5119.5300660776684
  ME_READ_S: 22119.615234375
  ME_READ_L: 8458.73046875
  ME_WRITE: 7839.18603515625
  ME_LARGE: 117175.66666666667
  ME_LATENCY: 61.013704819003614
  ME_THREADED: 64645.671875
  SUMM_CPU: 14306.448572805053
  SUMM_ME: 2186.5001716739912
SystemInformation:
  OSName: Ubuntu 24.04.1 LTS
  Kernel: 6.8.0-1016-aws
  Device: ""
  Processor: Intel Xeon Platinum 8259CL CPU @ 2.50GHz
  NumSockets: 1
  Manufacturer: GenuineIntel
  NumCores: 8
  NumLogicals: 16
  CPUFrequency: 0
  Memory: 127432
  MemModuleInfo:
    iNumMemSticks: 1
    DIMM 1:
      manufacturer: Not Specified
      modulePartNo: Not Specified
      memType: DDR4
      size: 128
      clkspeed: 1600
      moduleVoltage: 0
Checksum: 79D7296AFA5623826AF0785EA05CFA1D683C43E9