BaselineInfo:
  WebDBID: -1
  TimeStamp: 20250526220242
Version:
  Major: 11
  Minor: 0
  Build: 1002
  SpecialBuildName: ""
  ptArchitecture: x86_64_linux
Results:
  Results Complete: true
  NumTestProcesses: 4
  CPU_INTEGER_MATH: 21247.743999999999
  CPU_FLOATINGPOINT_MATH: 15061.907341574464
  CPU_PRIME: 42.446051378407923
  CPU_SORTING: 10741.326436624571
  CPU_ENCRYPTION: 4613.4826005504492
  CPU_COMPRESSION: 78689.561935380683
  CPU_SINGLETHREAD: 3240.3677203989655
  CPU_PHYSICS: 1033.9491122839643
  CPU_MATRIX_MULT_SSE: 6088.8644440012813
  CPU_mm: 601.00736630762231
  CPU_sse: 2600.3190063018083
  CPU_fma: 6994.7971108580095
  CPU_avx: 5295.7213377075341
  CPU_avx512: 9464.6203211377724
  m_CPU_enc_SHA: 4949311003.5333948
  m_CPU_enc_AES: 6438159148.4289608
  m_CPU_enc_ECDSA: 3125291242.1020098
  ME_ALLOC_S: 3101.8409850817025
  ME_READ_S: 29282.114062500001
  ME_READ_L: 10610.599609375
  ME_WRITE: 9724.2314453125
  ME_LARGE: 328728
  ME_LATENCY: 56.814700109163688
  ME_THREADED: 31973.4306640625
  SUMM_CPU: 8151.5349187815527
  SUMM_ME: 2406.3023437318643
SystemInformation:
  OSName: Ubuntu 24.04.2 LTS
  Kernel: 6.11.0-1015-azure
  Device: ""
  Processor: INTEL XEON PLATINUM 8573C
  NumSockets: 1
  Manufacturer: GenuineIntel
  NumCores: 2
  NumLogicals: 4
  CPUFrequency: 2300
  Memory: 338385
  MemModuleInfo:
    iNumMemSticks: 3
    DIMM 1:
      manufacturer: Microsoft Corporation
      modulePartNo: None
      memType: Unknown
      size: 1
      clkspeed: 0
      moduleVoltage: 0
    DIMM 2:
      manufacturer: Microsoft Corporation
      modulePartNo: None
      memType: Unknown
      size: 59
      clkspeed: 0
      moduleVoltage: 0
    DIMM 3:
      manufacturer: Microsoft Corporation
      modulePartNo: None
      memType: Unknown
      size: 276
      clkspeed: 0
      moduleVoltage: 0
Checksum: A6E3DF1BE125847BC1F2B07E1BECE377FB8C94F7