---
system-info:
      stress-ng-version: 0.17.08
      run-by: root
      date-yyyy-mm-dd: 2024:09:23
      time-hh-mm-ss: 21:08:40
      epoch-secs: 1727125720
      hostname: c4-standard-4-e98f779
      sysname: Linux
      nodename: c4-standard-4-e98f779
      release: 6.8.0-1014-gcp
      version: '#16-Ubuntu SMP Mon Aug 26 15:55:46 UTC 2024'
      machine: x86_64
      compiler: 'musl-gcc 13.2.1'
      uptime: 166
      totalram: 15709331456
      freeram: 5316841472
      sharedram: 274599936
      bufferram: 250527744
      totalswap: 0
      freeswap: 0
      pagesize: 4096
      cpus: 4
      cpus-online: 4
      ticks-per-second: 100

metrics:
    - stressor: cpu
      bogo-ops: 75868
      bogo-ops-per-second-usr-sys-time: 951.539000
      bogo-ops-per-second-real-time: 3793.382839
      wall-clock-time: 20.000090
      user-time: 79.725892
      system-time: 0.005995
      cpu-usage-per-instance: 99.664408
      max-rss: 1104

...
