---
system-info:
      stress-ng-version: 0.17.08
      run-by: root
      date-yyyy-mm-dd: 2024:06:09
      time-hh-mm-ss: 23:40:45
      epoch-secs: 1717976445
      hostname: ece3f2459b5f
      sysname: Linux
      nodename: ece3f2459b5f
      release: 6.8.0-1008-aws
      version: '#8-Ubuntu SMP Sat Apr 20 00:46:25 UTC 2024'
      machine: x86_64
      compiler: 'musl-gcc 13.2.1'
      uptime: 141
      totalram: 798471798784
      freeram: 793121308672
      sharedram: 114532352
      bufferram: 112996352
      totalswap: 0
      freeswap: 0
      pagesize: 4096
      cpus: 96
      cpus-online: 96
      ticks-per-second: 100

metrics:
    - stressor: cpu
      bogo-ops: 1340344
      bogo-ops-per-second-usr-sys-time: 1396.602495
      bogo-ops-per-second-real-time: 134002.882997
      wall-clock-time: 10.002352
      user-time: 959.446630
      system-time: 0.270974
      cpu-usage-per-instance: 99.947077
      max-rss: 3072

...
