BaselineInfo:
  WebDBID: -1
  TimeStamp: 20241107062454
Version:
  Major: 11
  Minor: 0
  Build: 1002
  SpecialBuildName: ""
  ptArchitecture: aarch64_linux
Results:
  Results Complete: true
  NumTestProcesses: 4
  CPU_INTEGER_MATH: 18853.884333333335
  CPU_FLOATINGPOINT_MATH: 14352.849069432814
  CPU_PRIME: 37.221889029835708
  CPU_SORTING: 13723.263069156463
  CPU_ENCRYPTION: 646.54226133230884
  CPU_COMPRESSION: 21886.979988439878
  CPU_SINGLETHREAD: 1331.1850027820628
  CPU_PHYSICS: 746.76532078685
  CPU_MATRIX_MULT_SSE: 2971.8209278894578
  CPU_mm: 498.77409501745569
  CPU_sse: 2475.6400464665421
  CPU_fma: 3468.0018093123736
  CPU_avx: 0
  CPU_avx512: 0
  m_CPU_enc_SHA: 960714086.07175732
  m_CPU_enc_AES: 450352877.47611135
  m_CPU_enc_ECDSA: 622779131.10849273
  ME_ALLOC_S: 2891.708937798247
  ME_READ_S: 11376.561718749999
  ME_READ_L: 9205.94921875
  ME_WRITE: 15024.0546875
  ME_LARGE: 835.58333333333337
  ME_LATENCY: 69.246614216639742
  ME_THREADED: 35569.3642578125
  SUMM_CPU: 3206.0848907109639
  SUMM_ME: 1078.7757547374695
SystemInformation:
  OSName: Ubuntu 24.04.1 LTS
  Kernel: 6.8.0-1017-azure
  Device: ""
  Processor: ARM Neoverse-N1 4 Core 0 MHz
  NumSockets: 1
  Manufacturer: ARM
  NumCores: 4
  NumLogicals: 4
  CPUFrequency: 0
  Memory: 7922
Checksum: 6FBE90797A72AAC963FA6549FA000315A5165D2A