BaselineInfo:
  WebDBID: -1
  TimeStamp: 20241109193421
Version:
  Major: 11
  Minor: 0
  Build: 1002
  SpecialBuildName: ""
  ptArchitecture: x86_64_linux
Results:
  Results Complete: true
  NumTestProcesses: 64
  CPU_INTEGER_MATH: 268452.44366666669
  CPU_FLOATINGPOINT_MATH: 137217.72843578784
  CPU_PRIME: 269.29483422118636
  CPU_SORTING: 123266.46333958601
  CPU_ENCRYPTION: 55792.761521173998
  CPU_COMPRESSION: 950137.52728362021
  CPU_SINGLETHREAD: 2426.4048208428289
  CPU_PHYSICS: 4276.0416181457485
  CPU_MATRIX_MULT_SSE: 53737.864579564157
  CPU_mm: 5599.6881092900867
  CPU_sse: 23692.754012564685
  CPU_fma: 63064.258634090344
  CPU_avx: 48853.296374475947
  CPU_avx512: 79341.149297125725
  m_CPU_enc_SHA: 57791362770.924194
  m_CPU_enc_AES: 82711687158.666367
  m_CPU_enc_ECDSA: 35005802184.889107
  ME_ALLOC_S: 26616.489664235003
  ME_READ_S: 24377.320898437501
  ME_READ_L: 11976.369140625
  ME_WRITE: 10859.57421875
  ME_LARGE: 494960.41666666669
  ME_LATENCY: 57.321602507351599
  ME_THREADED: 167727.67944335938
  SUMM_CPU: 57729.169147949986
  SUMM_ME: 2702.5656218182653
SystemInformation:
  OSName: Ubuntu 24.04.1 LTS
  Kernel: 6.8.0-1016-aws
  Device: ""
  Processor: Intel Xeon Platinum 8375C CPU @ 2.90GHz
  NumSockets: 1
  Manufacturer: GenuineIntel
  NumCores: 32
  NumLogicals: 64
  CPUFrequency: 0
  Memory: 507671
  MemModuleInfo:
    iNumMemSticks: 1
    DIMM 1:
      manufacturer: Not Specified
      modulePartNo: Not Specified
      memType: DDR4
      size: 512
      clkspeed: 1600
      moduleVoltage: 0
Checksum: 66026F2B0D179861438F028A03C510D88D595D8B