BaselineInfo:
  WebDBID: -1
  TimeStamp: 20241107053918
Version:
  Major: 11
  Minor: 0
  Build: 1002
  SpecialBuildName: ""
  ptArchitecture: x86_64_linux
Results:
  Results Complete: true
  NumTestProcesses: 2
  CPU_INTEGER_MATH: 6339.6610000000001
  CPU_FLOATINGPOINT_MATH: 4809.5616245346655
  CPU_PRIME: 22.156900627073163
  CPU_SORTING: 4579.0633176358906
  CPU_ENCRYPTION: 604.95726283820625
  CPU_COMPRESSION: 32488.544980620594
  CPU_SINGLETHREAD: 1677.7556205791054
  CPU_PHYSICS: 353.72564049025851
  CPU_MATRIX_MULT_SSE: 1958.7189969013807
  CPU_mm: 288.82023512701778
  CPU_sse: 1178.1378948714
  CPU_fma: 2848.0302133345235
  CPU_avx: 1849.9888824982183
  CPU_avx512: 0
  m_CPU_enc_SHA: 440824439.94453388
  m_CPU_enc_AES: 1075785623.2877257
  m_CPU_enc_ECDSA: 386420937.28124541
  ME_ALLOC_S: 1147.5211756181238
  ME_READ_S: 19156.4619140625
  ME_READ_L: 9294.7900390625
  ME_WRITE: 6761.9873046875
  ME_LARGE: 642.41666666666663
  ME_LATENCY: 57.309955056098261
  ME_THREADED: 16584.103515625
  SUMM_CPU: 2374.8924408165612
  SUMM_ME: 953.25885311558318
SystemInformation:
  OSName: Ubuntu 24.04.1 LTS
  Kernel: 6.8.0-1016-aws
  Device: ""
  Processor: Intel Xeon CPU E5-2686 v4 @ 2.30GHz
  NumSockets: 1
  Manufacturer: GenuineIntel
  NumCores: 2
  NumLogicals: 2
  CPUFrequency: 0
  Memory: 7938
  MemModuleInfo:
    iNumMemSticks: 1
    DIMM 1:
      manufacturer: Not Specified
      modulePartNo: Not Specified
      memType: RAM
      size: 8
      clkspeed: 0
      moduleVoltage: 0
Checksum: C9727883FB1CDC8E56BA55CDD9A34D2B41062E0B