BaselineInfo:
  WebDBID: -1
  TimeStamp: 20241115165520
Version:
  Major: 11
  Minor: 0
  Build: 1002
  SpecialBuildName: ""
  ptArchitecture: x86_64_linux
Results:
  Results Complete: true
  NumTestProcesses: 2
  CPU_INTEGER_MATH: 6331.5433333333331
  CPU_FLOATINGPOINT_MATH: 4809.9911196169851
  CPU_PRIME: 22.701552923766194
  CPU_SORTING: 4513.0934746013518
  CPU_ENCRYPTION: 603.90351127019028
  CPU_COMPRESSION: 32585.556231736231
  CPU_SINGLETHREAD: 1633.2820868447363
  CPU_PHYSICS: 355.70537568178861
  CPU_MATRIX_MULT_SSE: 1963.7334854259268
  CPU_mm: 287.97778383023217
  CPU_sse: 1176.3602806647461
  CPU_fma: 2833.527362532629
  CPU_avx: 1881.3128130804055
  CPU_avx512: 0
  m_CPU_enc_SHA: 439851640.74671996
  m_CPU_enc_AES: 1073387429.0327965
  m_CPU_enc_ECDSA: 386477114.92143643
  ME_ALLOC_S: 1183.2690656007057
  ME_READ_S: 19431.700781250001
  ME_READ_L: 9113.73828125
  ME_WRITE: 6856.25390625
  ME_LARGE: 629.16666666666663
  ME_LATENCY: 56.543011035559921
  ME_THREADED: 17424.6220703125
  SUMM_CPU: 2372.1821743325827
  SUMM_ME: 950.6327964138253
SystemInformation:
  OSName: Ubuntu 24.04.1 LTS
  Kernel: 6.8.0-1018-aws
  Device: ""
  Processor: Intel Xeon CPU E5-2686 v4 @ 2.30GHz
  NumSockets: 1
  Manufacturer: GenuineIntel
  NumCores: 2
  NumLogicals: 2
  CPUFrequency: 0
  Memory: 7938
  MemModuleInfo:
    iNumMemSticks: 1
    DIMM 1:
      manufacturer: Not Specified
      modulePartNo: Not Specified
      memType: RAM
      size: 8
      clkspeed: 0
      moduleVoltage: 0
Checksum: 035425975228265FBCF390EC989989B5D7738058