BaselineInfo:
  WebDBID: -1
  TimeStamp: 20241115033847
Version:
  Major: 11
  Minor: 0
  Build: 1002
  SpecialBuildName: ""
  ptArchitecture: x86_64_linux
Results:
  Results Complete: true
  NumTestProcesses: 2
  CPU_INTEGER_MATH: 6344.2759999999998
  CPU_FLOATINGPOINT_MATH: 4793.1673610059497
  CPU_PRIME: 20.222070009438241
  CPU_SORTING: 4504.0609818134863
  CPU_ENCRYPTION: 604.40117236716833
  CPU_COMPRESSION: 32996.005438145396
  CPU_SINGLETHREAD: 1674.1151791615155
  CPU_PHYSICS: 355.89889067729519
  CPU_MATRIX_MULT_SSE: 1949.3823631179109
  CPU_mm: 288.55119050120408
  CPU_sse: 1155.6474181263234
  CPU_fma: 2843.5327983677589
  CPU_avx: 1848.9668728596503
  CPU_avx512: 0
  m_CPU_enc_SHA: 440341164.71041721
  m_CPU_enc_AES: 1075749268.8458099
  m_CPU_enc_ECDSA: 385191257.59200025
  ME_ALLOC_S: 1174.7769762670114
  ME_READ_S: 19337.482031250001
  ME_READ_L: 8493.6328125
  ME_WRITE: 6832.00439453125
  ME_LARGE: 631.83333333333337
  ME_LATENCY: 57.221891280284034
  ME_THREADED: 17875.6357421875
  SUMM_CPU: 2368.6733227663367
  SUMM_ME: 945.29372735372124
SystemInformation:
  OSName: Ubuntu 24.04.1 LTS
  Kernel: 6.8.0-1018-aws
  Device: ""
  Processor: Intel Xeon CPU E5-2686 v4 @ 2.30GHz
  NumSockets: 1
  Manufacturer: GenuineIntel
  NumCores: 2
  NumLogicals: 2
  CPUFrequency: 0
  Memory: 7938
  MemModuleInfo:
    iNumMemSticks: 1
    DIMM 1:
      manufacturer: Not Specified
      modulePartNo: Not Specified
      memType: RAM
      size: 8
      clkspeed: 0
      moduleVoltage: 0
Checksum: 868091600B96D98B61C099912C56B894F3854D52