BaselineInfo:
  WebDBID: -1
  TimeStamp: 20260620125639
Version:
  Major: 11
  Minor: 0
  Build: 1004
  SpecialBuildName: ""
  ptArchitecture: x86_64_linux
Results:
  Results Complete: true
  NumTestProcesses: 32
  CPU_INTEGER_MATH: 211406.04999999999
  CPU_FLOATINGPOINT_MATH: 122539.02235500155
  CPU_PRIME: 282.69973844261563
  CPU_SORTING: 89265.08810392367
  CPU_ENCRYPTION: 39665.734886068887
  CPU_COMPRESSION: 699419.2816939418
  CPU_SINGLETHREAD: 3834.4097852418104
  CPU_PHYSICS: 6020.278124212211
  CPU_MATRIX_MULT_SSE: 53126.304069363934
  CPU_mm: 5193.2196482403378
  CPU_sse: 19561.978592273812
  CPU_fma: 57196.512082627552
  CPU_avx: 55505.925546726896
  CPU_avx512: 80240.800055827422
  m_CPU_enc_SHA: 50898389475.581841
  m_CPU_enc_AES: 41113683027.014961
  m_CPU_enc_ECDSA: 32765540369.086887
  ME_ALLOC_S: 19410.331101050637
  ME_READ_S: 34108.476171875001
  ME_READ_L: 30866.876953125
  ME_WRITE: 30464.07421875
  ME_LARGE: 248555.33333333334
  ME_LATENCY: 79.845980492410149
  ME_THREADED: 116544.2392578125
  SUMM_CPU: 57284.513234133497
  SUMM_ME: 2883.6025487455795
SystemInformation:
  OSName: Ubuntu 24.04.4 LTS
  Kernel: 6.17.0-1018-azure
  Device: ""
  Processor: "AMD EPYC 9V45 96-Core Processor                "
  NumSockets: 1
  Manufacturer: AuthenticAMD
  NumCores: 16
  NumLogicals: 32
  CPUFrequency: 0
  CPUMaxFrequency: 0
  Memory: 257732
  CPUInfo:
    number: 1
    Family: 15
    Model: 2
    stepping: 1
    features: 395049983
    manufacture: AuthenticAMD
    typestring: "AMD EPYC 9V45 96-Core Processor                "
    iCoresPerPackage: 16
    iThreadsPerPackage: 2
    featuresEx:
      - 395049983
      - 4277809667
      - 802421759
    bHybrid: false
    nPCore: 0
    nLogicalsPerPCore: 0
    nECore: 0
    nLogicalsPerECore: 0
  MemModuleInfo:
    iNumMemSticks: 3
    DIMM 1:
      manufacturer: Microsoft Corporation
      modulePartNo: None
      memType: Unknown
      size: 1
      clkspeed: 0
      moduleVoltage: 0
    DIMM 2:
      manufacturer: Microsoft Corporation
      modulePartNo: None
      memType: Unknown
      size: 59
      clkspeed: 0
      moduleVoltage: 0
    DIMM 3:
      manufacturer: Microsoft Corporation
      modulePartNo: None
      memType: Unknown
      size: 196
      clkspeed: 0
      moduleVoltage: 0
Checksum: 03845774C2F4ED09757B59DEA5CABED50714FA32