BaselineInfo:
  WebDBID: -1
  TimeStamp: 20241108084322
Version:
  Major: 11
  Minor: 0
  Build: 1002
  SpecialBuildName: ""
  ptArchitecture: aarch64_linux
Results:
  Results Complete: true
  NumTestProcesses: 20
  CPU_INTEGER_MATH: 93733.632000000027
  CPU_FLOATINGPOINT_MATH: 71341.555257244807
  CPU_PRIME: 132.3423664512606
  CPU_SORTING: 67460.625111288216
  CPU_ENCRYPTION: 3254.1947828479424
  CPU_COMPRESSION: 112846.0406658759
  CPU_SINGLETHREAD: 1332.3967794587882
  CPU_PHYSICS: 2274.0443526019785
  CPU_MATRIX_MULT_SSE: 14780.343055769772
  CPU_mm: 2481.4724638234284
  CPU_sse: 12327.887606736604
  CPU_fma: 17232.798504802944
  CPU_avx: 0
  CPU_avx512: 0
  m_CPU_enc_SHA: 4885573619.8603268
  m_CPU_enc_AES: 2252559866.6482096
  m_CPU_enc_ECDSA: 3098678159.3501558
  ME_ALLOC_S: 13959.38618047085
  ME_READ_S: 11378.863574218751
  ME_READ_L: 9002.076171875
  ME_WRITE: 15046.623046875
  ME_LARGE: 149797.25
  ME_LATENCY: 69.922703058373941
  ME_THREADED: 134372.2490234375
  SUMM_CPU: 14045.700549025853
  SUMM_ME: 1967.2996290835347
SystemInformation:
  OSName: Ubuntu 24.04.1 LTS
  Kernel: 6.8.0-1017-azure
  Device: ""
  Processor: ARM Neoverse-N1 20 Core 0 MHz
  NumSockets: 1
  Manufacturer: ARM
  NumCores: 20
  NumLogicals: 20
  CPUFrequency: 0
  Memory: 160650
Checksum: 6DBD4AA7D6611D21EFBF17EF4B9BFD0C4AC0B4CE