BaselineInfo:
  WebDBID: -1
  TimeStamp: 20260621155807
Version:
  Major: 11
  Minor: 0
  Build: 1004
  SpecialBuildName: ""
  ptArchitecture: x86_64_linux
Results:
  Results Complete: true
  NumTestProcesses: 64
  CPU_INTEGER_MATH: 474525.13933333347
  CPU_FLOATINGPOINT_MATH: 453810.86718645273
  CPU_PRIME: 1484.9001238161297
  CPU_SORTING: 245256.90819090509
  CPU_ENCRYPTION: 97201.600881337581
  CPU_COMPRESSION: 1765870.3194168147
  CPU_SINGLETHREAD: 3828.5808638685312
  CPU_PHYSICS: 20316.547981832464
  CPU_MATRIX_MULT_SSE: 141969.40984070094
  CPU_mm: 16887.304024833131
  CPU_sse: 54936.688563819371
  CPU_fma: 183703.32903702016
  CPU_avx: 115256.95586345575
  CPU_avx512: 213980.66589850845
  m_CPU_enc_SHA: 136935627325.90013
  m_CPU_enc_AES: 85828845866.172363
  m_CPU_enc_ECDSA: 83005324345.175674
  ME_ALLOC_S: 40360.964442019118
  ME_READ_S: 33891.286328125003
  ME_READ_L: 30740.16796875
  ME_WRITE: 30582.642578125
  ME_LARGE: 505048.5
  ME_LATENCY: 78.876499179060673
  ME_THREADED: 510059.1201171875
  SUMM_CPU: 115907.70491342114
  SUMM_ME: 2988.2994536296055
SystemInformation:
  OSName: Ubuntu 24.04.4 LTS
  Kernel: 6.17.0-1018-azure
  Device: ""
  Processor: "AMD EPYC 9V45 96-Core Processor                "
  NumSockets: 1
  Manufacturer: AuthenticAMD
  NumCores: 64
  NumLogicals: 64
  CPUFrequency: 0
  CPUMaxFrequency: 0
  Memory: 515767
  CPUInfo:
    number: 1
    Family: 15
    Model: 2
    stepping: 1
    features: 395049983
    manufacture: AuthenticAMD
    typestring: "AMD EPYC 9V45 96-Core Processor                "
    iCoresPerPackage: 64
    iThreadsPerPackage: 1
    featuresEx:
      - 395049983
      - 4277809667
      - 802421759
    bHybrid: false
    nPCore: 0
    nLogicalsPerPCore: 0
    nECore: 0
    nLogicalsPerECore: 0
  MemModuleInfo:
    iNumMemSticks: 3
    DIMM 1:
      manufacturer: Microsoft Corporation
      modulePartNo: None
      memType: Unknown
      size: 1
      clkspeed: 0
      moduleVoltage: 0
    DIMM 2:
      manufacturer: Microsoft Corporation
      modulePartNo: None
      memType: Unknown
      size: 59
      clkspeed: 0
      moduleVoltage: 0
    DIMM 3:
      manufacturer: Microsoft Corporation
      modulePartNo: None
      memType: Unknown
      size: 452
      clkspeed: 0
      moduleVoltage: 0
Checksum: 59CDF962DB3D6300F55BAE713618E4D1710D1E8E