---
system-info:
      stress-ng-version: 0.17.08
      run-by: root
      date-yyyy-mm-dd: 2024:06:15
      time-hh-mm-ss: 11:17:26
      epoch-secs: 1718450246
      hostname: 5d1e7dd89283
      sysname: Linux
      nodename: 5d1e7dd89283
      release: 6.8.0-1008-aws
      version: '#8-Ubuntu SMP Sat Apr 20 00:46:25 UTC 2024'
      machine: x86_64
      compiler: 'musl-gcc 13.2.1'
      uptime: 116
      totalram: 16379031552
      freeram: 12052557824
      sharedram: 29200384
      bufferram: 108433408
      totalswap: 0
      freeswap: 0
      pagesize: 4096
      cpus: 4
      cpus-online: 4
      ticks-per-second: 100

metrics:
    - stressor: cpu
      bogo-ops: 98149
      bogo-ops-per-second-usr-sys-time: 1232.180622
      bogo-ops-per-second-real-time: 4907.428164
      wall-clock-time: 20.000089
      user-time: 79.642726
      system-time: 0.011992
      cpu-usage-per-instance: 99.567954
      max-rss: 1104

...
