---
system-info:
      stress-ng-version: 0.17.08
      run-by: root
      date-yyyy-mm-dd: 2024:06:08
      time-hh-mm-ss: 15:21:25
      epoch-secs: 1717860085
      hostname: 3c66eaf5818b
      sysname: Linux
      nodename: 3c66eaf5818b
      release: 6.8.0-1008-aws
      version: '#8-Ubuntu SMP Sat Apr 20 00:46:25 UTC 2024'
      machine: x86_64
      compiler: 'musl-gcc 13.2.1'
      uptime: 111
      totalram: 16379031552
      freeram: 12031385600
      sharedram: 29200384
      bufferram: 102428672
      totalswap: 0
      freeswap: 0
      pagesize: 4096
      cpus: 4
      cpus-online: 4
      ticks-per-second: 100

metrics:
    - stressor: cpu
      bogo-ops: 58584
      bogo-ops-per-second-usr-sys-time: 1472.073348
      bogo-ops-per-second-real-time: 5857.682018
      wall-clock-time: 10.001226
      user-time: 39.782939
      system-time: 0.013991
      cpu-usage-per-instance: 99.480132
      max-rss: 4176

...
