BaselineInfo:
  WebDBID: -1
  TimeStamp: 20241110053626
Version:
  Major: 11
  Minor: 0
  Build: 1002
  SpecialBuildName: ""
  ptArchitecture: x86_64_linux
Results:
  Results Complete: true
  NumTestProcesses: 64
  CPU_INTEGER_MATH: 146588.11466666669
  CPU_FLOATINGPOINT_MATH: 78518.899521162559
  CPU_PRIME: 234.69150173170809
  CPU_SORTING: 75553.489167827211
  CPU_ENCRYPTION: 20108.371053145333
  CPU_COMPRESSION: 637308.42778199154
  CPU_SINGLETHREAD: 1488.6238385794184
  CPU_PHYSICS: 4330.4789654231427
  CPU_MATRIX_MULT_SSE: 46873.815275922818
  CPU_mm: 4443.6557176268952
  CPU_sse: 16087.739309423785
  CPU_fma: 54427.410410007215
  CPU_avx: 38455.659168194936
  CPU_avx512: 78524.452216065285
  m_CPU_enc_SHA: 6618556000.4283991
  m_CPU_enc_AES: 50724790128.642265
  m_CPU_enc_ECDSA: 5912119727.1981001
  ME_ALLOC_S: 18057.180945207281
  ME_READ_S: 18272.981054687501
  ME_READ_L: 8815.5078125
  ME_WRITE: 8192.458984375
  ME_LARGE: 1019036.8333333334
  ME_LATENCY: 56.051453510490809
  ME_THREADED: 204868.10327148438
  SUMM_CPU: 35325.171113680444
  SUMM_ME: 2320.177062959287
SystemInformation:
  OSName: Ubuntu 24.04.1 LTS
  Kernel: 6.8.0-1017-azure
  Device: ""
  Processor: Intel Xeon Platinum 8280M CPU @ 2.70GHz
  NumSockets: 2
  Manufacturer: GenuineIntel
  NumCores: 32
  NumLogicals: 64
  CPUFrequency: 0
  Memory: 1032052
  MemModuleInfo:
    iNumMemSticks: 4
    DIMM 1:
      manufacturer: Microsoft Corporation
      modulePartNo: None
      memType: Unknown
      size: 1
      clkspeed: 0
      moduleVoltage: 0
    DIMM 2:
      manufacturer: Microsoft Corporation
      modulePartNo: None
      memType: Unknown
      size: 60928
      clkspeed: 0
      moduleVoltage: 0
    DIMM 3:
      manufacturer: Microsoft Corporation
      modulePartNo: None
      memType: Unknown
      size: 462336
      clkspeed: 0
      moduleVoltage: 0
    DIMM 4:
      manufacturer: Microsoft Corporation
      modulePartNo: None
      memType: Unknown
      size: 512
      clkspeed: 0
      moduleVoltage: 0
Checksum: A88E150518431BF64F086D44428472EBDAAE55D3