---
system-info:
      stress-ng-version: 0.17.08
      run-by: root
      date-yyyy-mm-dd: 2024:09:24
      time-hh-mm-ss: 02:52:25
      epoch-secs: 1727146345
      hostname: sc-runner
      sysname: Linux
      nodename: sc-runner
      release: 6.8.0-1014-azure
      version: '#16-Ubuntu SMP Thu Aug 15 20:04:41 UTC 2024'
      machine: x86_64
      compiler: 'musl-gcc 13.2.1'
      uptime: 308
      totalram: 135060647936
      freeram: 124252803072
      sharedram: 42311680
      bufferram: 293122048
      totalswap: 0
      freeswap: 0
      pagesize: 4096
      cpus: 32
      cpus-online: 32
      ticks-per-second: 100

metrics:
    - stressor: cpu
      bogo-ops: 595088
      bogo-ops-per-second-usr-sys-time: 930.635843
      bogo-ops-per-second-real-time: 29754.287139
      wall-clock-time: 20.000076
      user-time: 639.400397
      system-time: 0.041985
      cpu-usage-per-instance: 99.912493
      max-rss: 3260

...
