BaselineInfo:
  WebDBID: -1
  TimeStamp: 20241109203429
Version:
  Major: 11
  Minor: 0
  Build: 1002
  SpecialBuildName: ""
  ptArchitecture: x86_64_linux
Results:
  Results Complete: true
  NumTestProcesses: 96
  CPU_INTEGER_MATH: 406906.51433333353
  CPU_FLOATINGPOINT_MATH: 289520.53123510652
  CPU_PRIME: 452.18978473288195
  CPU_SORTING: 182921.29815697978
  CPU_ENCRYPTION: 89335.303029550618
  CPU_COMPRESSION: 1446919.9842916266
  CPU_SINGLETHREAD: 3030.1431834073364
  CPU_PHYSICS: 7272.7853637172229
  CPU_MATRIX_MULT_SSE: 96935.431711865444
  CPU_mm: 11141.073310516245
  CPU_sse: 47911.518589429194
  CPU_fma: 110173.30783303038
  CPU_avx: 87221.155374074311
  CPU_avx512: 142435.74505092757
  m_CPU_enc_SHA: 94841266309.343063
  m_CPU_enc_AES: 122800425184.67943
  m_CPU_enc_ECDSA: 63382872634.519562
  ME_ALLOC_S: 28621.262424626791
  ME_READ_S: 27505.2197265625
  ME_READ_L: 8209.751953125
  ME_WRITE: 12172.8115234375
  ME_LARGE: 177764.58333333334
  ME_LATENCY: 76.916105919508098
  ME_THREADED: 221785.916015625
  SUMM_CPU: 86485.526790932752
  SUMM_ME: 2244.8934998464215
SystemInformation:
  OSName: Ubuntu 24.04.1 LTS
  Kernel: 6.8.0-1016-aws
  Device: ""
  Processor: Intel Xeon Platinum 8488C
  NumSockets: 1
  Manufacturer: GenuineIntel
  NumCores: 48
  NumLogicals: 96
  CPUFrequency: 0
  Memory: 190138
  MemModuleInfo:
    iNumMemSticks: 1
    DIMM 1:
      manufacturer: Not Specified
      modulePartNo: Not Specified
      memType: DDR5
      size: 192
      clkspeed: 2400
      moduleVoltage: 0
Checksum: 2A47AEF46CFA923FAD6D5628734FA17F9C81379E