---
system-info:
      stress-ng-version: 0.17.08
      run-by: root
      date-yyyy-mm-dd: 2024:09:03
      time-hh-mm-ss: 08:08:25
      epoch-secs: 1725350905
      hostname: sc-runner
      sysname: Linux
      nodename: sc-runner
      release: 6.8.0-1013-azure
      version: '#15-Ubuntu SMP Thu Aug  8 18:40:40 UTC 2024'
      machine: x86_64
      compiler: 'musl-gcc 13.2.1'
      uptime: 367
      totalram: 33648103424
      freeram: 25043464192
      sharedram: 38129664
      bufferram: 210595840
      totalswap: 0
      freeswap: 0
      pagesize: 4096
      cpus: 16
      cpus-online: 16
      ticks-per-second: 100

metrics:
    - stressor: cpu
      bogo-ops: 54054
      bogo-ops-per-second-usr-sys-time: 2702.690946
      bogo-ops-per-second-real-time: 2702.687209
      wall-clock-time: 20.000095
      user-time: 20.000067
      system-time: 0.000000
      cpu-usage-per-instance: 99.999862
      max-rss: 3204

...
