---
system-info:
      stress-ng-version: 0.17.08
      run-by: root
      date-yyyy-mm-dd: 2024:09:17
      time-hh-mm-ss: 16:37:39
      epoch-secs: 1726591059
      hostname: sc-runner
      sysname: Linux
      nodename: sc-runner
      release: 6.8.0-1014-azure
      version: '#16-Ubuntu SMP Thu Aug 15 20:04:41 UTC 2024'
      machine: x86_64
      compiler: 'musl-gcc 13.2.1'
      uptime: 417
      totalram: 541020635136
      freeram: 528238010368
      sharedram: 72077312
      bufferram: 276590592
      totalswap: 0
      freeswap: 0
      pagesize: 4096
      cpus: 64
      cpus-online: 64
      ticks-per-second: 100

metrics:
    - stressor: cpu
      bogo-ops: 14004
      bogo-ops-per-second-usr-sys-time: 700.216210
      bogo-ops-per-second-real-time: 700.191244
      wall-clock-time: 20.000250
      user-time: 19.999537
      system-time: 0.000000
      cpu-usage-per-instance: 99.996435
      max-rss: 2560

...
