---
system-info:
      stress-ng-version: 0.17.08
      run-by: root
      date-yyyy-mm-dd: 2024:07:02
      time-hh-mm-ss: 03:15:18
      epoch-secs: 1719890118
      hostname: n2d-highmem-16-c0f0c7e
      sysname: Linux
      nodename: n2d-highmem-16-c0f0c7e
      release: 6.8.0-1009-gcp
      version: '#10-Ubuntu SMP Wed Jun 12 18:52:23 UTC 2024'
      machine: x86_64
      compiler: 'musl-gcc 13.2.1'
      uptime: 161
      totalram: 135067541504
      freeram: 129764323328
      sharedram: 35069952
      bufferram: 125296640
      totalswap: 0
      freeswap: 0
      pagesize: 4096
      cpus: 16
      cpus-online: 16
      ticks-per-second: 100

metrics:
    - stressor: cpu
      bogo-ops: 432079
      bogo-ops-per-second-usr-sys-time: 1352.213005
      bogo-ops-per-second-real-time: 21603.887386
      wall-clock-time: 20.000058
      user-time: 319.503736
      system-time: 0.030981
      cpu-usage-per-instance: 99.854310
      max-rss: 1104

...
