BaselineInfo:
  WebDBID: -1
  TimeStamp: 20250212060652
Version:
  Major: 11
  Minor: 0
  Build: 1002
  SpecialBuildName: ""
  ptArchitecture: x86_64_linux
Results:
  Results Complete: true
  NumTestProcesses: 4
  CPU_INTEGER_MATH: 19096.751666666667
  CPU_FLOATINGPOINT_MATH: 13546.49543762708
  CPU_PRIME: 39.766203456201495
  CPU_SORTING: 9704.3292696180906
  CPU_ENCRYPTION: 4205.1276784452366
  CPU_COMPRESSION: 72148.27474650291
  CPU_SINGLETHREAD: 2915.4959845140274
  CPU_PHYSICS: 937.50310375629101
  CPU_MATRIX_MULT_SSE: 5702.7526466502222
  CPU_mm: 540.04135602181032
  CPU_sse: 2339.7349225338348
  CPU_fma: 6676.8478506711554
  CPU_avx: 4949.5767871677053
  CPU_avx512: 8844.8510262281925
  m_CPU_enc_SHA: 4451231344.1757593
  m_CPU_enc_AES: 5779911440.2048025
  m_CPU_enc_ECDSA: 2997045097.279613
  ME_ALLOC_S: 2889.2744374458543
  ME_READ_S: 26000.527539062499
  ME_READ_L: 10413.060546875
  ME_WRITE: 9497.83203125
  ME_LARGE: 5020
  ME_LATENCY: 59.480717807834992
  ME_THREADED: 31998.23046875
  SUMM_CPU: 7426.4067461832301
  SUMM_ME: 2005.5124415409211
SystemInformation:
  OSName: Ubuntu 24.04.1 LTS
  Kernel: 6.8.0-1021-azure
  Device: ""
  Processor: INTEL XEON PLATINUM 8573C
  NumSockets: 1
  Manufacturer: GenuineIntel
  NumCores: 2
  NumLogicals: 4
  CPUFrequency: 2300
  Memory: 15988
  MemModuleInfo:
    iNumMemSticks: 2
    DIMM 1:
      manufacturer: Microsoft Corporation
      modulePartNo: None
      memType: Unknown
      size: 1
      clkspeed: 0
      moduleVoltage: 0
    DIMM 2:
      manufacturer: Microsoft Corporation
      modulePartNo: None
      memType: Unknown
      size: 15
      clkspeed: 0
      moduleVoltage: 0
Checksum: 695E7B930D0C35A39E0AD28044650348E4DDD36A