BaselineInfo:
  WebDBID: -1
  TimeStamp: 20260404224754
Version:
  Major: 11
  Minor: 0
  Build: 1004
  SpecialBuildName: ""
  ptArchitecture: x86_64_linux
Results:
  Results Complete: true
  NumTestProcesses: 32
  CPU_INTEGER_MATH: 134930.93233333333
  CPU_FLOATINGPOINT_MATH: 69003.060652823406
  CPU_PRIME: 181.8970520408819
  CPU_SORTING: 68812.26968900481
  CPU_ENCRYPTION: 29225.597006993354
  CPU_COMPRESSION: 493742.79174250807
  CPU_SINGLETHREAD: 2368.2973912687598
  CPU_PHYSICS: 3315.7946619701293
  CPU_MATRIX_MULT_SSE: 28379.040786059275
  CPU_mm: 2906.9313110489752
  CPU_sse: 12796.883248934124
  CPU_fma: 35002.752782271244
  CPU_avx: 25964.234292426136
  CPU_avx512: 39752.292820605595
  m_CPU_enc_SHA: 29481802253.656616
  m_CPU_enc_AES: 44461047893.272057
  m_CPU_enc_ECDSA: 17992928674.68655
  ME_ALLOC_S: 14636.869029675488
  ME_READ_S: 24104.241015625001
  ME_READ_L: 11446.427734375
  ME_WRITE: 10141.5009765625
  ME_LARGE: 15954.666666666666
  ME_LATENCY: 62.667229434464524
  ME_THREADED: 139723.87744140625
  SUMM_CPU: 36657.120986728347
  SUMM_ME: 2404.9300979301365
SystemInformation:
  OSName: Ubuntu 24.04.4 LTS
  Kernel: 6.8.0-106-generic
  Device: ""
  Processor: Intel(R) Xeon(R) Platinum 8369B CPU @ 2.70GHz
  NumSockets: 1
  Manufacturer: GenuineIntel
  NumCores: 16
  NumLogicals: 32
  CPUFrequency: 0
  CPUMaxFrequency: 0
  Memory: 29653
  CPUInfo:
    number: 1
    Family: 6
    Model: 10
    stepping: 6
    features: 529267711
    manufacture: GenuineIntel
    typestring: Intel(R) Xeon(R) Platinum 8369B CPU @ 2.70GHz
    iCoresPerPackage: 16
    iThreadsPerPackage: 2
    featuresEx:
      - 529267711
      - 4277809667
      - 739248128
    bHybrid: false
    nPCore: 0
    nLogicalsPerPCore: 0
    nECore: 0
    nLogicalsPerECore: 0
  MemModuleInfo:
    iNumMemSticks: 2
    DIMM 1:
      manufacturer: Alibaba Cloud
      modulePartNo: Not Specified
      memType: RAM
      size: 16
      clkspeed: 0
      moduleVoltage: 0
    DIMM 2:
      manufacturer: Alibaba Cloud
      modulePartNo: Not Specified
      memType: RAM
      size: 16
      clkspeed: 0
      moduleVoltage: 0
Checksum: 11A4D274E2CC713B267D865C3497F45D029A2D0A