BaselineInfo:
  WebDBID: -1
  TimeStamp: 20241108225635
Version:
  Major: 11
  Minor: 0
  Build: 1002
  SpecialBuildName: ""
  ptArchitecture: x86_64_linux
Results:
  Results Complete: true
  NumTestProcesses: 8
  CPU_INTEGER_MATH: 33059.824666666667
  CPU_FLOATINGPOINT_MATH: 17712.241886212047
  CPU_PRIME: 59.851919129342093
  CPU_SORTING: 16949.509377952156
  CPU_ENCRYPTION: 4553.2286165170235
  CPU_COMPRESSION: 145138.59686096612
  CPU_SINGLETHREAD: 2629.347710395567
  CPU_PHYSICS: 1032.7019987203334
  CPU_MATRIX_MULT_SSE: 8477.4408997031478
  CPU_mm: 1003.9364201828423
  CPU_sse: 3588.7926657715257
  CPU_fma: 10346.222472082616
  CPU_avx: 7309.3373759776478
  CPU_avx512: 12665.411084980795
  m_CPU_enc_SHA: 1492174119.0249982
  m_CPU_enc_AES: 11498493038.267292
  m_CPU_enc_ECDSA: 1332551592.0865724
  ME_ALLOC_S: 3356.8887533588495
  ME_READ_S: 30453.738476562499
  ME_READ_L: 11188.5556640625
  ME_WRITE: 10413.755859375
  ME_LARGE: 244756.5
  ME_LATENCY: 51.219330989077889
  ME_THREADED: 49017.037109375
  SUMM_CPU: 10977.375808250265
  SUMM_ME: 2661.0890557752423
SystemInformation:
  OSName: Ubuntu 24.04.1 LTS
  Kernel: 6.8.0-1016-aws
  Device: ""
  Processor: Intel Xeon Platinum 8252C CPU @ 3.80GHz
  NumSockets: 1
  Manufacturer: GenuineIntel
  NumCores: 4
  NumLogicals: 8
  CPUFrequency: 0
  Memory: 255018
  MemModuleInfo:
    iNumMemSticks: 1
    DIMM 1:
      manufacturer: Not Specified
      modulePartNo: Not Specified
      memType: DDR4
      size: 256
      clkspeed: 1600
      moduleVoltage: 0
Checksum: C9A06F83FF91830436C46BA8625F5FDB58CB4880