BaselineInfo:
  WebDBID: -1
  TimeStamp: 20241109095536
Version:
  Major: 11
  Minor: 0
  Build: 1002
  SpecialBuildName: ""
  ptArchitecture: x86_64_linux
Results:
  Results Complete: true
  NumTestProcesses: 32
  CPU_INTEGER_MATH: 134229.12099999998
  CPU_FLOATINGPOINT_MATH: 68611.561183332058
  CPU_PRIME: 187.16587379747295
  CPU_SORTING: 68341.90406960246
  CPU_ENCRYPTION: 29118.333875971628
  CPU_COMPRESSION: 489755.91236803611
  CPU_SINGLETHREAD: 2368.6236014991814
  CPU_PHYSICS: 3443.9288583234415
  CPU_MATRIX_MULT_SSE: 28218.40449932218
  CPU_mm: 2892.5299880294906
  CPU_sse: 12619.47074689794
  CPU_fma: 34976.61696017658
  CPU_avx: 25820.425357868276
  CPU_avx512: 39457.104932345937
  m_CPU_enc_SHA: 29413956656.714676
  m_CPU_enc_AES: 44231170475.742104
  m_CPU_enc_ECDSA: 17953231054.535686
  ME_ALLOC_S: 14843.762285517249
  ME_READ_S: 24234.216015624999
  ME_READ_L: 11559.5615234375
  ME_WRITE: 10341.576171875
  ME_LARGE: 242725
  ME_LATENCY: 60.988986641150291
  ME_THREADED: 135641.57958984375
  SUMM_CPU: 36608.737264409225
  SUMM_ME: 2563.4759565102186
SystemInformation:
  OSName: Ubuntu 24.04.1 LTS
  Kernel: 6.8.0-1016-aws
  Device: ""
  Processor: Intel Xeon Platinum 8375C CPU @ 2.90GHz
  NumSockets: 1
  Manufacturer: GenuineIntel
  NumCores: 16
  NumLogicals: 32
  CPUFrequency: 0
  Memory: 253668
  MemModuleInfo:
    iNumMemSticks: 1
    DIMM 1:
      manufacturer: Not Specified
      modulePartNo: Not Specified
      memType: DDR4
      size: 256
      clkspeed: 1600
      moduleVoltage: 0
Checksum: 9E444597FC34F2184B514D24962B493B32EF0845