---
system-info:
      stress-ng-version: 0.17.08
      run-by: root
      date-yyyy-mm-dd: 2024:06:13
      time-hh-mm-ss: 16:46:53
      epoch-secs: 1718297213
      hostname: 5a9611a09c4a
      sysname: Linux
      nodename: 5a9611a09c4a
      release: 6.8.0-1008-aws
      version: '#8-Ubuntu SMP Sat Apr 20 00:46:25 UTC 2024'
      machine: x86_64
      compiler: 'musl-gcc 13.2.1'
      uptime: 145
      totalram: 267397980160
      freeram: 262738632704
      sharedram: 37986304
      bufferram: 107393024
      totalswap: 0
      freeswap: 0
      pagesize: 4096
      cpus: 32
      cpus-online: 32
      ticks-per-second: 100

metrics:
    - stressor: cpu
      bogo-ops: 25673
      bogo-ops-per-second-usr-sys-time: 1283.646791
      bogo-ops-per-second-real-time: 1283.640865
      wall-clock-time: 20.000142
      user-time: 20.000050
      system-time: 0.000000
      cpu-usage-per-instance: 99.999538
      max-rss: 1032

...
