---
system-info:
      stress-ng-version: 0.17.08
      run-by: root
      date-yyyy-mm-dd: 2024:06:08
      time-hh-mm-ss: 03:22:38
      epoch-secs: 1717816958
      hostname: e7751e99525f
      sysname: Linux
      nodename: e7751e99525f
      release: 6.8.0-1008-aws
      version: '#8-Ubuntu SMP Sat Apr 20 00:46:25 UTC 2024'
      machine: x86_64
      compiler: 'musl-gcc 13.2.1'
      uptime: 146
      totalram: 267397963776
      freeram: 262857613312
      sharedram: 40869888
      bufferram: 96358400
      totalswap: 0
      freeswap: 0
      pagesize: 4096
      cpus: 32
      cpus-online: 32
      ticks-per-second: 100

metrics:
    - stressor: cpu
      bogo-ops: 13918
      bogo-ops-per-second-usr-sys-time: 1391.817537
      bogo-ops-per-second-real-time: 1391.794790
      wall-clock-time: 10.000037
      user-time: 9.998875
      system-time: 0.000999
      cpu-usage-per-instance: 99.998366
      max-rss: 3592

...
