BaselineInfo:
  WebDBID: -1
  TimeStamp: 20241108111708
Version:
  Major: 11
  Minor: 0
  Build: 1002
  SpecialBuildName: ""
  ptArchitecture: x86_64_linux
Results:
  Results Complete: true
  NumTestProcesses: 16
  CPU_INTEGER_MATH: 45372.029333333332
  CPU_FLOATINGPOINT_MATH: 24326.678478019065
  CPU_PRIME: 80.15536571970209
  CPU_SORTING: 23539.400106488927
  CPU_ENCRYPTION: 6239.6440767098393
  CPU_COMPRESSION: 200327.45694311475
  CPU_SINGLETHREAD: 1808.1244225330317
  CPU_PHYSICS: 1580.6060085243691
  CPU_MATRIX_MULT_SSE: 12266.560599658256
  CPU_mm: 1377.9001403359052
  CPU_sse: 4955.3637114381372
  CPU_fma: 14648.809701830753
  CPU_avx: 10347.039691925553
  CPU_avx512: 19115.02929343858
  m_CPU_enc_SHA: 2047902323.1489799
  m_CPU_enc_AES: 15751512676.124468
  m_CPU_enc_ECDSA: 1828808082.8668418
  ME_ALLOC_S: 5440.7560235433666
  ME_READ_S: 21956.758593750001
  ME_READ_L: 10946.6962890625
  ME_WRITE: 10546.517578125
  ME_LARGE: 117146.33333333333
  ME_LATENCY: 54.714981633136176
  ME_THREADED: 87204.9169921875
  SUMM_CPU: 14402.827030406044
  SUMM_ME: 2530.0461161713615
SystemInformation:
  OSName: Ubuntu 24.04.1 LTS
  Kernel: 6.8.0-1016-aws
  Device: ""
  Processor: Intel Xeon Platinum 8259CL CPU @ 2.50GHz
  NumSockets: 1
  Manufacturer: GenuineIntel
  NumCores: 8
  NumLogicals: 16
  CPUFrequency: 0
  Memory: 127432
  MemModuleInfo:
    iNumMemSticks: 1
    DIMM 1:
      manufacturer: Not Specified
      modulePartNo: Not Specified
      memType: DDR4
      size: 128
      clkspeed: 1466
      moduleVoltage: 0
Checksum: A65DA52765AF5F9D9AE65136DA797A5C7A36608C