---
system-info:
      stress-ng-version: 0.17.08
      run-by: root
      date-yyyy-mm-dd: 2024:06:16
      time-hh-mm-ss: 06:27:43
      epoch-secs: 1718519263
      hostname: 45b8df09e393
      sysname: Linux
      nodename: 45b8df09e393
      release: 6.8.0-1008-aws
      version: '#8-Ubuntu SMP Sat Apr 20 00:46:25 UTC 2024'
      machine: x86_64
      compiler: 'musl-gcc 13.2.1'
      uptime: 171
      totalram: 8323858432
      freeram: 3950206976
      sharedram: 48496640
      bufferram: 108441600
      totalswap: 0
      freeswap: 0
      pagesize: 4096
      cpus: 2
      cpus-online: 2
      ticks-per-second: 100

metrics:
    - stressor: cpu
      bogo-ops: 20700
      bogo-ops-per-second-usr-sys-time: 526.472553
      bogo-ops-per-second-real-time: 1034.995928
      wall-clock-time: 20.000079
      user-time: 39.308836
      system-time: 0.009453
      cpu-usage-per-instance: 98.295336
      max-rss: 1104

...
