---
system-info:
      stress-ng-version: 0.17.08
      run-by: root
      date-yyyy-mm-dd: 2024:06:10
      time-hh-mm-ss: 03:55:40
      epoch-secs: 1717991740
      hostname: 5c4c47ac421d
      sysname: Linux
      nodename: 5c4c47ac421d
      release: 6.8.0-1008-aws
      version: '#8-Ubuntu SMP Sat Apr 20 00:46:25 UTC 2024'
      machine: x86_64
      compiler: 'musl-gcc 13.2.1'
      uptime: 146
      totalram: 8323846144
      freeram: 3785056256
      sharedram: 48500736
      bufferram: 116195328
      totalswap: 0
      freeswap: 0
      pagesize: 4096
      cpus: 2
      cpus-online: 2
      ticks-per-second: 100

metrics:
    - stressor: cpu
      bogo-ops: 22941
      bogo-ops-per-second-usr-sys-time: 1160.096151
      bogo-ops-per-second-real-time: 2293.582970
      wall-clock-time: 10.002254
      user-time: 19.772096
      system-time: 0.002989
      cpu-usage-per-instance: 98.853141
      max-rss: 3920

...
