BaselineInfo:
  WebDBID: -1
  TimeStamp: 20250526202532
Version:
  Major: 11
  Minor: 0
  Build: 1002
  SpecialBuildName: ""
  ptArchitecture: x86_64_linux
Results:
  Results Complete: true
  NumTestProcesses: 6
  CPU_INTEGER_MATH: 31894.359666666664
  CPU_FLOATINGPOINT_MATH: 22609.765993729554
  CPU_PRIME: 63.693360884983996
  CPU_SORTING: 16047.666258682666
  CPU_ENCRYPTION: 7071.2124876160997
  CPU_COMPRESSION: 116502.64066801776
  CPU_SINGLETHREAD: 3248.7052289958824
  CPU_PHYSICS: 1498.2847662933461
  CPU_MATRIX_MULT_SSE: 9214.648373550559
  CPU_mm: 902.68073751986867
  CPU_sse: 3896.3379152525176
  CPU_fma: 10394.272178399508
  CPU_avx: 7950.2635441617349
  CPU_avx512: 14617.719856388476
  m_CPU_enc_SHA: 7427412203.2969847
  m_CPU_enc_AES: 9655359837.6672878
  m_CPU_enc_ECDSA: 5161339075.2793484
  ME_ALLOC_S: 4370.2228602441846
  ME_READ_S: 29281.471484375001
  ME_READ_L: 10957.044921875
  ME_WRITE: 10027.302734375
  ME_LARGE: 244064
  ME_LATENCY: 60.416255537840108
  ME_THREADED: 48299.9638671875
  SUMM_CPU: 12021.427099671804
  SUMM_ME: 2468.1549971019654
SystemInformation:
  OSName: Ubuntu 24.04.2 LTS
  Kernel: 6.11.0-1015-azure
  Device: ""
  Processor: INTEL XEON PLATINUM 8573C
  NumSockets: 1
  Manufacturer: GenuineIntel
  NumCores: 3
  NumLogicals: 6
  CPUFrequency: 2300
  Memory: 253713
  MemModuleInfo:
    iNumMemSticks: 3
    DIMM 1:
      manufacturer: Microsoft Corporation
      modulePartNo: None
      memType: Unknown
      size: 1
      clkspeed: 0
      moduleVoltage: 0
    DIMM 2:
      manufacturer: Microsoft Corporation
      modulePartNo: None
      memType: Unknown
      size: 59
      clkspeed: 0
      moduleVoltage: 0
    DIMM 3:
      manufacturer: Microsoft Corporation
      modulePartNo: None
      memType: Unknown
      size: 192
      clkspeed: 0
      moduleVoltage: 0
Checksum: 0BF335C0FC814C9A6ABC5717F905D4E025F2197D