BaselineInfo:
  WebDBID: -1
  TimeStamp: 20250423222630
Version:
  Major: 11
  Minor: 0
  Build: 1002
  SpecialBuildName: ""
  ptArchitecture: aarch64_linux
Results:
  Results Complete: true
  NumTestProcesses: 192
  CPU_INTEGER_MATH: 962791.59500000137
  CPU_FLOATINGPOINT_MATH: 1118667.6554195373
  CPU_PRIME: 1636.6545044362897
  CPU_SORTING: 828351.28619366186
  CPU_ENCRYPTION: 34630.060898175667
  CPU_COMPRESSION: 1225113.0889807965
  CPU_SINGLETHREAD: 1865.6451856344597
  CPU_PHYSICS: 37161.216620005362
  CPU_MATRIX_MULT_SSE: 139993.34649764461
  CPU_mm: 20932.057769304629
  CPU_sse: 110701.52102277277
  CPU_fma: 169285.17197251646
  CPU_avx: 0
  CPU_avx512: 0
  m_CPU_enc_SHA: 54080878397.226128
  m_CPU_enc_AES: 19836260973.944763
  m_CPU_enc_ECDSA: 35019612837.925446
  ME_ALLOC_S: 46746.497342340095
  ME_READ_S: 20228.568749999999
  ME_READ_L: 18661.236328125
  ME_WRITE: 20505.853515625
  ME_LARGE: 744161
  ME_LATENCY: 47.265641885617242
  ME_THREADED: 865149.93902587891
  SUMM_CPU: 77421.437126719204
  SUMM_ME: 3307.0253643120318
SystemInformation:
  OSName: Ubuntu 24.04.2 LTS
  Kernel: 6.8.0-1027-aws
  Device: ""
  Processor: ARM Neoverse-V2 192 Core 0 MHz
  NumSockets: 2
  Manufacturer: ARM
  NumCores: 192
  NumLogicals: 192
  CPUFrequency: 0
  Memory: 760309
Checksum: EB6A7AE1E47437A208E8CC9A8FB78966BE6BBAC0