---
system-info:
      stress-ng-version: 0.17.08
      run-by: root
      date-yyyy-mm-dd: 2024:06:14
      time-hh-mm-ss: 13:46:28
      epoch-secs: 1718372788
      hostname: a7d996779331
      sysname: Linux
      nodename: a7d996779331
      release: 6.8.0-1008-aws
      version: '#8-Ubuntu SMP Sat Apr 20 00:46:25 UTC 2024'
      machine: x86_64
      compiler: 'musl-gcc 13.2.1'
      uptime: 181
      totalram: 128757604352
      freeram: 124272857088
      sharedram: 27594752
      bufferram: 109694976
      totalswap: 0
      freeswap: 0
      pagesize: 4096
      cpus: 16
      cpus-online: 16
      ticks-per-second: 100

metrics:
    - stressor: cpu
      bogo-ops: 15850
      bogo-ops-per-second-usr-sys-time: 792.561701
      bogo-ops-per-second-real-time: 792.492404
      wall-clock-time: 20.000192
      user-time: 19.997448
      system-time: 0.000995
      cpu-usage-per-instance: 99.991257
      max-rss: 1104

...
