---
system-info:
      stress-ng-version: 0.17.08
      run-by: root
      date-yyyy-mm-dd: 2024:06:07
      time-hh-mm-ss: 11:24:03
      epoch-secs: 1717759443
      hostname: 968200acd982
      sysname: Linux
      nodename: 968200acd982
      release: 6.8.0-1008-aws
      version: '#8-Ubuntu SMP Sat Apr 20 00:46:25 UTC 2024'
      machine: x86_64
      compiler: 'musl-gcc 13.2.1'
      uptime: 162
      totalram: 128757608448
      freeram: 124416385024
      sharedram: 27594752
      bufferram: 90128384
      totalswap: 0
      freeswap: 0
      pagesize: 4096
      cpus: 16
      cpus-online: 16
      ticks-per-second: 100

metrics:
    - stressor: cpu
      bogo-ops: 11682
      bogo-ops-per-second-usr-sys-time: 1168.136921
      bogo-ops-per-second-real-time: 1168.058779
      wall-clock-time: 10.001209
      user-time: 10.000540
      system-time: 0.000000
      cpu-usage-per-instance: 99.993311
      max-rss: 3920

...
