BaselineInfo:
  WebDBID: -1
  TimeStamp: 20260116013020
Version:
  Major: 11
  Minor: 0
  Build: 1004
  SpecialBuildName: ""
  ptArchitecture: aarch64_linux
Results:
  Results Complete: true
  NumTestProcesses: 2
  CPU_INTEGER_MATH: 9407.7839999999997
  CPU_FLOATINGPOINT_MATH: 7148.9187522258071
  CPU_PRIME: 17.255011593866023
  CPU_SORTING: 6793.4939047598691
  CPU_ENCRYPTION: 319.84677808424624
  CPU_COMPRESSION: 10439.403397031356
  CPU_SINGLETHREAD: 1334.1688619028944
  CPU_PHYSICS: 338.1864451097461
  CPU_MATRIX_MULT_SSE: 1485.1628470903199
  CPU_mm: 248.94882960398303
  CPU_sse: 1242.731634010911
  CPU_fma: 1727.5940601697287
  CPU_avx: 0
  CPU_avx512: 0
  m_CPU_enc_SHA: 484350783.84774697
  m_CPU_enc_AES: 224275693.78279293
  m_CPU_enc_ECDSA: 297524487.89885974
  ME_ALLOC_S: 1472.7880182422655
  ME_READ_S: 11327.53076171875
  ME_READ_L: 8747.6552734375
  ME_WRITE: 14944.1240234375
  ME_LARGE: 916.66666666666663
  ME_LATENCY: 67.609381679134643
  ME_THREADED: 17143.826171875
  SUMM_CPU: 1594.7665064896864
  SUMM_ME: 1056.0709176068231
SystemInformation:
  OSName: Ubuntu 24.04.3 LTS
  Kernel: 6.8.0-90-generic
  Device: ""
  Processor: ARM Neoverse-N1 2 Core 0 MHz
  NumSockets: 1
  Manufacturer: ARM
  NumCores: 2
  NumLogicals: 2
  CPUFrequency: 0
  CPUMaxFrequency: 0
  Memory: 3431
Checksum: 4271AC2D8E9468EEFB64EBF187CD65DB02B52A85