---
system-info:
      stress-ng-version: 0.17.08
      run-by: root
      date-yyyy-mm-dd: 2024:06:07
      time-hh-mm-ss: 08:26:13
      epoch-secs: 1717748773
      hostname: c2947fabe727
      sysname: Linux
      nodename: c2947fabe727
      release: 6.8.0-1008-aws
      version: '#8-Ubuntu SMP Sat Apr 20 02:43:14 UTC 2024'
      machine: aarch64
      compiler: 'musl-gcc 13.2.1'
      uptime: 127
      totalram: 8140918784
      freeram: 3898408960
      sharedram: 35004416
      bufferram: 93396992
      totalswap: 0
      freeswap: 0
      pagesize: 4096
      cpus: 4
      cpus-online: 4
      ticks-per-second: 100

metrics:
    - stressor: cpu
      bogo-ops: 2940
      bogo-ops-per-second-usr-sys-time: 292.869728
      bogo-ops-per-second-real-time: 292.869747
      wall-clock-time: 10.038592
      user-time: 10.036594
      system-time: 0.001999
      cpu-usage-per-instance: 100.000007
      max-rss: 4008

...
