---
system-info:
      stress-ng-version: 0.17.08
      run-by: root
      date-yyyy-mm-dd: 2024:06:15
      time-hh-mm-ss: 10:57:47
      epoch-secs: 1718449067
      hostname: 6c90a1e9a9d4
      sysname: Linux
      nodename: 6c90a1e9a9d4
      release: 6.8.0-1008-aws
      version: '#8-Ubuntu SMP Sat Apr 20 02:43:14 UTC 2024'
      machine: aarch64
      compiler: 'musl-gcc 13.2.1'
      uptime: 171
      totalram: 8140918784
      freeram: 3775406080
      sharedram: 35004416
      bufferram: 114307072
      totalswap: 0
      freeswap: 0
      pagesize: 4096
      cpus: 4
      cpus-online: 4
      ticks-per-second: 100

metrics:
    - stressor: cpu
      bogo-ops: 30393
      bogo-ops-per-second-usr-sys-time: 1519.714360
      bogo-ops-per-second-real-time: 1519.644873
      wall-clock-time: 20.000067
      user-time: 19.999153
      system-time: 0.000000
      cpu-usage-per-instance: 99.995428
      max-rss: 1320

...
