---
system-info:
      stress-ng-version: 0.17.08
      run-by: root
      date-yyyy-mm-dd: 2024:08:30
      time-hh-mm-ss: 08:08:12
      epoch-secs: 1725005292
      hostname: sc-runner
      sysname: Linux
      nodename: sc-runner
      release: 6.8.0-1013-azure
      version: '#15-Ubuntu SMP Thu Aug  8 18:40:40 UTC 2024'
      machine: x86_64
      compiler: 'musl-gcc 13.2.1'
      uptime: 675
      totalram: 4102430720
      freeram: 219377664
      sharedram: 21368832
      bufferram: 181338112
      totalswap: 0
      freeswap: 0
      pagesize: 4096
      cpus: 1
      cpus-online: 1
      ticks-per-second: 100

metrics:
    - stressor: cpu
      bogo-ops: 32507
      bogo-ops-per-second-usr-sys-time: 1650.307015
      bogo-ops-per-second-real-time: 1625.344575
      wall-clock-time: 20.000067
      user-time: 19.686480
      system-time: 0.011067
      cpu-usage-per-instance: 98.487406
      max-rss: 1104

...
