---
system-info:
      stress-ng-version: 0.17.08
      run-by: root
      date-yyyy-mm-dd: 2024:09:03
      time-hh-mm-ss: 09:21:51
      epoch-secs: 1725355311
      hostname: sc-runner
      sysname: Linux
      nodename: sc-runner
      release: 6.8.0-1013-azure
      version: '#15-Ubuntu SMP Thu Aug  8 18:40:40 UTC 2024'
      machine: x86_64
      compiler: 'musl-gcc 13.2.1'
      uptime: 388
      totalram: 16766074880
      freeram: 8272818176
      sharedram: 21344256
      bufferram: 217980928
      totalswap: 0
      freeswap: 0
      pagesize: 4096
      cpus: 4
      cpus-online: 4
      ticks-per-second: 100

metrics:
    - stressor: cpu
      bogo-ops: 38173
      bogo-ops-per-second-usr-sys-time: 1908.672809
      bogo-ops-per-second-real-time: 1908.641490
      wall-clock-time: 20.000089
      user-time: 19.993695
      system-time: 0.006066
      cpu-usage-per-instance: 99.998359
      max-rss: 976

...
