BaselineInfo:
  WebDBID: -1
  TimeStamp: 20260615163945
Version:
  Major: 11
  Minor: 0
  Build: 1004
  SpecialBuildName: ""
  ptArchitecture: x86_64_linux
Results:
  Results Complete: true
  NumTestProcesses: 2
  CPU_INTEGER_MATH: 12225.466333333334
  CPU_FLOATINGPOINT_MATH: 11180.542345241192
  CPU_PRIME: 38.814644187940431
  CPU_SORTING: 7760.5143876916609
  CPU_ENCRYPTION: 2600.6349152958296
  CPU_COMPRESSION: 52335.805803322495
  CPU_SINGLETHREAD: 2978.2955670662473
  CPU_PHYSICS: 700.18565498230873
  CPU_MATRIX_MULT_SSE: 4745.0888086044415
  CPU_mm: 526.13595253521498
  CPU_sse: 2378.0966260395899
  CPU_fma: 6828.6129957298017
  CPU_avx: 5028.5568040439312
  CPU_avx512: 0
  m_CPU_enc_SHA: 3633665252.965579
  m_CPU_enc_AES: 2316679099.0849457
  m_CPU_enc_ECDSA: 2230545718.7731943
  ME_ALLOC_S: 1074.4692208995041
  ME_READ_S: 28016.566601562499
  ME_READ_L: 26021.69921875
  ME_WRITE: 23690.515625
  ME_LARGE: 3149.3333333333335
  ME_LATENCY: 70.400235569515829
  ME_THREADED: 51267.947265625
  SUMM_CPU: 5488.8828949151484
  SUMM_ME: 1983.8657377164677
SystemInformation:
  OSName: Ubuntu 24.04.4 LTS
  Kernel: 6.8.0-124-generic
  Device: ""
  Processor: AMD EPYC-Milan Processor
  NumSockets: 1
  Manufacturer: AuthenticAMD
  NumCores: 1
  NumLogicals: 2
  CPUFrequency: 0
  CPUMaxFrequency: 0
  Memory: 7936
  CPUInfo:
    number: 1
    Family: 15
    Model: 1
    stepping: 1
    features: 395049983
    manufacture: AuthenticAMD
    typestring: AMD EPYC-Milan Processor
    iCoresPerPackage: 1
    iThreadsPerPackage: 2
    featuresEx:
      - 395049983
      - 4277809667
      - 802421759
    bHybrid: false
    nPCore: 0
    nLogicalsPerPCore: 0
    nECore: 0
    nLogicalsPerECore: 0
  MemModuleInfo:
    iNumMemSticks: 1
    DIMM 1:
      manufacturer: QEMU
      modulePartNo: Not Specified
      memType: RAM
      size: 8
      clkspeed: 0
      moduleVoltage: 0
Checksum: D7E555ED5111A38044766590D935365A70DF0E6C