BaselineInfo:
  WebDBID: -1
  TimeStamp: 20250421200513
Version:
  Major: 11
  Minor: 0
  Build: 1002
  SpecialBuildName: ""
  ptArchitecture: aarch64_linux
Results:
  Results Complete: true
  NumTestProcesses: 64
  CPU_INTEGER_MATH: 333897.92433333327
  CPU_FLOATINGPOINT_MATH: 387928.9978112118
  CPU_PRIME: 658.67095927874811
  CPU_SORTING: 292119.14645039308
  CPU_ENCRYPTION: 12132.467930842922
  CPU_COMPRESSION: 425173.33105996123
  CPU_SINGLETHREAD: 1944.4445266681614
  CPU_PHYSICS: 15383.311796219168
  CPU_MATRIX_MULT_SSE: 56325.522242261482
  CPU_mm: 7302.0259710057962
  CPU_sse: 44349.952601501471
  CPU_fma: 68301.091883021494
  CPU_avx: 0
  CPU_avx512: 0
  m_CPU_enc_SHA: 19144877328.215469
  m_CPU_enc_AES: 6874772108.5995321
  m_CPU_enc_ECDSA: 12145794642.339647
  ME_ALLOC_S: 47067.664844853614
  ME_READ_S: 21177.458789062501
  ME_READ_L: 19998.75
  ME_WRITE: 21282.693359375
  ME_LARGE: 114445.83333333333
  ME_LATENCY: 46.17063053330758
  ME_THREADED: 496774.013671875
  SUMM_CPU: 44124.017947085078
  SUMM_ME: 3394.9918601555219
SystemInformation:
  OSName: Ubuntu 24.04.2 LTS
  Kernel: 6.8.0-1027-aws
  Device: ""
  Processor: ARM Neoverse-V2 64 Core 0 MHz
  NumSockets: 1
  Manufacturer: ARM
  NumCores: 64
  NumLogicals: 64
  CPUFrequency: 0
  Memory: 126497
Checksum: 981E7D371FECD17F848D7BBE87D762FCEDC35CC0