---
system-info:
      stress-ng-version: 0.17.08
      run-by: root
      date-yyyy-mm-dd: 2024:06:09
      time-hh-mm-ss: 19:17:02
      epoch-secs: 1717960622
      hostname: 8717ae5cba35
      sysname: Linux
      nodename: 8717ae5cba35
      release: 6.8.0-1008-aws
      version: '#8-Ubuntu SMP Sat Apr 20 00:46:25 UTC 2024'
      machine: x86_64
      compiler: 'musl-gcc 13.2.1'
      uptime: 109
      totalram: 399160197120
      freeram: 394222575616
      sharedram: 60264448
      bufferram: 110915584
      totalswap: 0
      freeswap: 0
      pagesize: 4096
      cpus: 48
      cpus-online: 48
      ticks-per-second: 100

metrics:
    - stressor: cpu
      bogo-ops: 564642
      bogo-ops-per-second-usr-sys-time: 1176.989035
      bogo-ops-per-second-real-time: 56454.815269
      wall-clock-time: 10.001662
      user-time: 479.672324
      system-time: 0.061967
      cpu-usage-per-instance: 99.928032
      max-rss: 3840

...
