---
system-info:
      stress-ng-version: 0.17.08
      run-by: root
      date-yyyy-mm-dd: 2024:06:15
      time-hh-mm-ss: 21:40:09
      epoch-secs: 1718487609
      hostname: e056d8b41574
      sysname: Linux
      nodename: e056d8b41574
      release: 6.8.0-1008-aws
      version: '#8-Ubuntu SMP Sat Apr 20 00:46:25 UTC 2024'
      machine: x86_64
      compiler: 'musl-gcc 13.2.1'
      uptime: 111
      totalram: 399160197120
      freeram: 394335236096
      sharedram: 60264448
      bufferram: 109092864
      totalswap: 0
      freeswap: 0
      pagesize: 4096
      cpus: 48
      cpus-online: 48
      ticks-per-second: 100

metrics:
    - stressor: cpu
      bogo-ops: 926967
      bogo-ops-per-second-usr-sys-time: 965.937981
      bogo-ops-per-second-real-time: 46348.159613
      wall-clock-time: 20.000082
      user-time: 959.619791
      system-time: 0.034988
      cpu-usage-per-instance: 99.963629
      max-rss: 1152

...
