BaselineInfo:
  WebDBID: -1
  TimeStamp: 20260620223507
Version:
  Major: 11
  Minor: 0
  Build: 1004
  SpecialBuildName: ""
  ptArchitecture: x86_64_linux
Results:
  Results Complete: true
  NumTestProcesses: 32
  CPU_INTEGER_MATH: 142893.84266666669
  CPU_FLOATINGPOINT_MATH: 102141.76142899254
  CPU_PRIME: 297.79212140511203
  CPU_SORTING: 70307.13257016956
  CPU_ENCRYPTION: 31512.485355608002
  CPU_COMPRESSION: 514824.20628292166
  CPU_SINGLETHREAD: 2914.4344335811256
  CPU_PHYSICS: 6703.9798847017237
  CPU_MATRIX_MULT_SSE: 40782.317473576055
  CPU_mm: 3979.0610255768038
  CPU_sse: 16985.244362930167
  CPU_fma: 44240.155609868176
  CPU_avx: 35090.773627521361
  CPU_avx512: 66813.096293984476
  m_CPU_enc_SHA: 33378611157.711685
  m_CPU_enc_AES: 43368751312.691269
  m_CPU_enc_ECDSA: 22382345062.323067
  ME_ALLOC_S: 16940.180157128456
  ME_READ_S: 26335.356054687501
  ME_READ_L: 9748.6103515625
  ME_WRITE: 9217.9033203125
  ME_LARGE: 248651.16666666666
  ME_LATENCY: 69.916841568122962
  ME_THREADED: 190236.4853515625
  SUMM_CPU: 44596.47340312053
  SUMM_ME: 2342.9086194545062
SystemInformation:
  OSName: Ubuntu 24.04.4 LTS
  Kernel: 6.17.0-1018-azure
  Device: ""
  Processor: INTEL(R) XEON(R) PLATINUM 8573C
  NumSockets: 1
  Manufacturer: GenuineIntel
  NumCores: 16
  NumLogicals: 32
  CPUFrequency: 2300
  CPUMaxFrequency: 2300
  Memory: 257731
  CPUInfo:
    number: 1
    Family: 6
    Model: 15
    stepping: 2
    features: 529267711
    manufacture: GenuineIntel
    typestring: INTEL(R) XEON(R) PLATINUM 8573C
    iCoresPerPackage: 16
    iThreadsPerPackage: 2
    featuresEx:
      - 529267711
      - 4294586915
      - 739248128
    bHybrid: false
    nPCore: 0
    nLogicalsPerPCore: 0
    nECore: 0
    nLogicalsPerECore: 0
  MemModuleInfo:
    iNumMemSticks: 3
    DIMM 1:
      manufacturer: Microsoft Corporation
      modulePartNo: None
      memType: Unknown
      size: 1
      clkspeed: 0
      moduleVoltage: 0
    DIMM 2:
      manufacturer: Microsoft Corporation
      modulePartNo: None
      memType: Unknown
      size: 59
      clkspeed: 0
      moduleVoltage: 0
    DIMM 3:
      manufacturer: Microsoft Corporation
      modulePartNo: None
      memType: Unknown
      size: 196
      clkspeed: 0
      moduleVoltage: 0
Checksum: 546E7A88B8A60810D6442992C8725A681524BD51