---
system-info:
      stress-ng-version: 0.17.08
      run-by: root
      date-yyyy-mm-dd: 2024:07:12
      time-hh-mm-ss: 03:42:47
      epoch-secs: 1720755767
      hostname: ip-172-31-13-193
      sysname: Linux
      nodename: ip-172-31-13-193
      release: 6.8.0-1010-aws
      version: '#10-Ubuntu SMP Thu Jun 13 17:36:15 UTC 2024'
      machine: x86_64
      compiler: 'musl-gcc 13.2.1'
      uptime: 286
      totalram: 66681192448
      freeram: 58698547200
      sharedram: 20090880
      bufferram: 130224128
      totalswap: 0
      freeswap: 0
      pagesize: 4096
      cpus: 16
      cpus-online: 16
      ticks-per-second: 100

metrics:
    - stressor: cpu
      bogo-ops: 15362
      bogo-ops-per-second-usr-sys-time: 768.131378
      bogo-ops-per-second-real-time: 768.098910
      wall-clock-time: 20.000028
      user-time: 19.999183
      system-time: 0.000000
      cpu-usage-per-instance: 99.995773
      max-rss: 1104

...
