BaselineInfo:
  WebDBID: -1
  TimeStamp: 20241110153549
Version:
  Major: 11
  Minor: 0
  Build: 1002
  SpecialBuildName: ""
  ptArchitecture: x86_64_linux
Results:
  Results Complete: true
  NumTestProcesses: 128
  CPU_INTEGER_MATH: 772239.80699999956
  CPU_FLOATINGPOINT_MATH: 680842.4775300317
  CPU_PRIME: 2348.6805145682451
  CPU_SORTING: 446394.71825147781
  CPU_ENCRYPTION: 166603.87781052891
  CPU_COMPRESSION: 3111625.3511530189
  CPU_SINGLETHREAD: 2882.8864108281996
  CPU_PHYSICS: 30750.234537960107
  CPU_MATRIX_MULT_SSE: 246874.53144138042
  CPU_mm: 27723.780201283815
  CPU_sse: 118803.30201719812
  CPU_fma: 320524.9132351295
  CPU_avx: 275120.38816391764
  CPU_avx512: 273049.52234927594
  m_CPU_enc_SHA: 230836711520.58289
  m_CPU_enc_AES: 146494859610.6973
  m_CPU_enc_ECDSA: 146758912205.87909
  ME_ALLOC_S: 31246.630256975815
  ME_READ_S: 27819.670117187499
  ME_READ_L: 26925.59765625
  ME_WRITE: 25773.00390625
  ME_LARGE: 995830.66666666663
  ME_LATENCY: 79.06209883728414
  ME_THREADED: 561754.18286132812
  SUMM_CPU: 128997.72180268269
  SUMM_ME: 2826.2191451906774
SystemInformation:
  OSName: Ubuntu 24.04.1 LTS
  Kernel: 6.8.0-1016-aws
  Device: ""
  Processor: AMD EPYC 9R14
  NumSockets: 2
  Manufacturer: AuthenticAMD
  NumCores: 128
  NumLogicals: 128
  CPUFrequency: 0
  Memory: 1010394
  MemModuleInfo:
    iNumMemSticks: 2
    DIMM 1:
      manufacturer: Not Specified
      modulePartNo: Not Specified
      memType: DDR5
      size: 512
      clkspeed: 2400
      moduleVoltage: 0
    DIMM 2:
      manufacturer: Not Specified
      modulePartNo: Not Specified
      memType: DDR5
      size: 512
      clkspeed: 2400
      moduleVoltage: 0
Checksum: A928F32E9AB59BB8CA23592085294B2770F645C3