BaselineInfo:
  WebDBID: -1
  TimeStamp: 20241122081932
Version:
  Major: 11
  Minor: 0
  Build: 1002
  SpecialBuildName: ""
  ptArchitecture: x86_64_linux
Results:
  Results Complete: true
  NumTestProcesses: 8
  CPU_INTEGER_MATH: 37614.261666666665
  CPU_FLOATINGPOINT_MATH: 21184.825635780559
  CPU_PRIME: 94.247391538496487
  CPU_SORTING: 23211.646523870353
  CPU_ENCRYPTION: 9646.7011947702267
  CPU_COMPRESSION: 155950.37011074615
  CPU_SINGLETHREAD: 2899.029351351197
  CPU_PHYSICS: 1549.594133700359
  CPU_MATRIX_MULT_SSE: 10840.923784795001
  CPU_mm: 1015.0065152128749
  CPU_sse: 4460.8171271311649
  CPU_fma: 14046.534318978911
  CPU_avx: 11532.886427765432
  CPU_avx512: 13323.457265304503
  m_CPU_enc_SHA: 13481874947.146521
  m_CPU_enc_AES: 9148746796.0921001
  m_CPU_enc_ECDSA: 7715276312.783536
  ME_ALLOC_S: 3894.1539435224995
  ME_READ_S: 27871.599609375
  ME_READ_L: 27520.5703125
  ME_WRITE: 26839.921875
  ME_LARGE: 5109
  ME_LATENCY: 76.957141619460174
  ME_THREADED: 37336.4794921875
  SUMM_CPU: 14448.926805081419
  SUMM_ME: 2222.3762288795465
SystemInformation:
  OSName: Ubuntu 24.04.1 LTS
  Kernel: 6.8.0-1017-azure
  Device: ""
  Processor: AMD EPYC 9V74 80-Core Processor
  NumSockets: 1
  Manufacturer: AuthenticAMD
  NumCores: 4
  NumLogicals: 8
  CPUFrequency: 0
  Memory: 15988
  MemModuleInfo:
    iNumMemSticks: 2
    DIMM 1:
      manufacturer: Microsoft Corporation
      modulePartNo: None
      memType: Unknown
      size: 1
      clkspeed: 0
      moduleVoltage: 0
    DIMM 2:
      manufacturer: Microsoft Corporation
      modulePartNo: None
      memType: Unknown
      size: 15
      clkspeed: 0
      moduleVoltage: 0
Checksum: 33DACBDC6571A7091A3FB8FCE647877458D95B8F