BaselineInfo:
  WebDBID: -1
  TimeStamp: 20241115112514
Version:
  Major: 11
  Minor: 0
  Build: 1002
  SpecialBuildName: ""
  ptArchitecture: aarch64_linux
Results:
  Results Complete: true
  NumTestProcesses: 2
  CPU_INTEGER_MATH: 9396.376666666667
  CPU_FLOATINGPOINT_MATH: 7154.9942045462158
  CPU_PRIME: 18.488072746444566
  CPU_SORTING: 6765.690922395419
  CPU_ENCRYPTION: 323.25413270386491
  CPU_COMPRESSION: 10470.280563388324
  CPU_SINGLETHREAD: 1331.5050265817272
  CPU_PHYSICS: 349.1038910240278
  CPU_MATRIX_MULT_SSE: 1486.6337436123122
  CPU_mm: 247.39328354569875
  CPU_sse: 1243.8669375299669
  CPU_fma: 1729.4005496946579
  CPU_avx: 0
  CPU_avx512: 0
  m_CPU_enc_SHA: 488646534.54697317
  m_CPU_enc_AES: 225466348.78115699
  m_CPU_enc_ECDSA: 302756693.03413343
  ME_ALLOC_S: 1424.9481685199189
  ME_READ_S: 11367.48486328125
  ME_READ_L: 8940.9501953125
  ME_WRITE: 14956.287109375
  ME_LARGE: 556
  ME_LATENCY: 70.321186236521143
  ME_THREADED: 17556.2822265625
  SUMM_CPU: 1605.5449792629292
  SUMM_ME: 847.41358742128864
SystemInformation:
  OSName: Ubuntu 24.04.1 LTS
  Kernel: 6.8.0-1017-azure
  Device: ""
  Processor: ARM Neoverse-N1 2 Core 0 MHz
  NumSockets: 1
  Manufacturer: ARM
  NumCores: 2
  NumLogicals: 2
  CPUFrequency: 0
  Memory: 3905
Checksum: 26352D7B3E957602804FCA0CC81572F5BEE74175