BaselineInfo:
  WebDBID: -1
  TimeStamp: 20241106233439
Version:
  Major: 11
  Minor: 0
  Build: 1002
  SpecialBuildName: ""
  ptArchitecture: aarch64_linux
Results:
  Results Complete: true
  NumTestProcesses: 2
  CPU_INTEGER_MATH: 9382.271333333334
  CPU_FLOATINGPOINT_MATH: 7041.1356486236418
  CPU_PRIME: 15.008446868746486
  CPU_SORTING: 6641.4143010165317
  CPU_ENCRYPTION: 321.96333068072533
  CPU_COMPRESSION: 10563.251264732273
  CPU_SINGLETHREAD: 1327.4812446470846
  CPU_PHYSICS: 318.03887270351572
  CPU_MATRIX_MULT_SSE: 1485.6893108220188
  CPU_mm: 247.20436069279981
  CPU_sse: 1243.7104251620451
  CPU_fma: 1727.6681964819923
  CPU_avx: 0
  CPU_avx512: 0
  m_CPU_enc_SHA: 487940678.85279071
  m_CPU_enc_AES: 225413464.10903382
  m_CPU_enc_ECDSA: 299454921.33379233
  ME_ALLOC_S: 1357.2719938564298
  ME_READ_S: 11342.553125
  ME_READ_L: 8497.341796875
  ME_WRITE: 14893.775390625
  ME_LARGE: 579.91666666666663
  ME_LATENCY: 75.064790247239259
  ME_THREADED: 16617.9423828125
  SUMM_CPU: 1594.2322943457098
  SUMM_ME: 846.63840424282193
SystemInformation:
  OSName: Ubuntu 24.04.1 LTS
  Kernel: 6.8.0-1017-azure
  Device: ""
  Processor: ARM Neoverse-N1 2 Core 0 MHz
  NumSockets: 1
  Manufacturer: ARM
  NumCores: 2
  NumLogicals: 2
  CPUFrequency: 0
  Memory: 3905
Checksum: 80F71F9753EF28F8B79FB15979B2D927B5135FC5