BaselineInfo:
  WebDBID: -1
  TimeStamp: 20260522140048
Version:
  Major: 11
  Minor: 0
  Build: 1004
  SpecialBuildName: ""
  ptArchitecture: x86_64_linux
Results:
  Results Complete: true
  NumTestProcesses: 2
  CPU_INTEGER_MATH: 13991.094333333333
  CPU_FLOATINGPOINT_MATH: 14093.455058426083
  CPU_PRIME: 30.19164683547428
  CPU_SORTING: 7701.7393335657362
  CPU_ENCRYPTION: 2934.1548057637419
  CPU_COMPRESSION: 58771.54649479004
  CPU_SINGLETHREAD: 3430.3400995512429
  CPU_PHYSICS: 617.98183480031548
  CPU_MATRIX_MULT_SSE: 4674.6487443447413
  CPU_mm: 582.1842795308271
  CPU_sse: 1960.5820580649315
  CPU_fma: 6381.772658248251
  CPU_avx: 3719.2617138275646
  CPU_avx512: 6636.9785472382191
  m_CPU_enc_SHA: 4172027598.1143227
  m_CPU_enc_AES: 2491430760.4127932
  m_CPU_enc_ECDSA: 2566594570.29845
  ME_ALLOC_S: 2150.560980776957
  ME_READ_S: 31658.602734374999
  ME_READ_L: 16721.158203125
  ME_WRITE: 14218.9658203125
  ME_LARGE: 967.58333333333337
  ME_LATENCY: 151.31787583028074
  ME_THREADED: 39379.955078125
  SUMM_CPU: 5960.1403705905195
  SUMM_ME: 1022.5593352839625
SystemInformation:
  OSName: Ubuntu 24.04.4 LTS
  Kernel: 6.8.0-111-generic
  Device: ""
  Processor: "AMD EPYC 9575F 64-Core Processor               "
  NumSockets: 1
  Manufacturer: AuthenticAMD
  NumCores: 2
  NumLogicals: 2
  CPUFrequency: 0
  CPUMaxFrequency: 0
  Memory: 3819
  CPUInfo:
    number: 1
    Family: 15
    Model: 2
    stepping: 1
    features: 395049983
    manufacture: AuthenticAMD
    typestring: "AMD EPYC 9575F 64-Core Processor               "
    iCoresPerPackage: 255
    iThreadsPerPackage: 1
    featuresEx:
      - 395049983
      - 4294586883
      - 802421759
    bHybrid: false
    nPCore: 0
    nLogicalsPerPCore: 0
    nECore: 0
    nLogicalsPerECore: 0
  MemModuleInfo:
    iNumMemSticks: 1
    DIMM 1:
      manufacturer: QEMU
      modulePartNo: Not Specified
      memType: RAM
      size: 4
      clkspeed: 0
      moduleVoltage: 0
Checksum: 75D10AADD191E0010EF49405AE2F36099D7BAFB9