---
system-info:
      stress-ng-version: 0.17.08
      run-by: root
      date-yyyy-mm-dd: 2024:09:15
      time-hh-mm-ss: 21:01:44
      epoch-secs: 1726434104
      hostname: sc-runner
      sysname: Linux
      nodename: sc-runner
      release: 6.8.0-1014-azure
      version: '#16-Ubuntu SMP Thu Aug 15 20:04:41 UTC 2024'
      machine: x86_64
      compiler: 'musl-gcc 13.2.1'
      uptime: 427
      totalram: 8323645440
      freeram: 230670336
      sharedram: 42033152
      bufferram: 205062144
      totalswap: 0
      freeswap: 0
      pagesize: 4096
      cpus: 2
      cpus-online: 2
      ticks-per-second: 100

metrics:
    - stressor: cpu
      bogo-ops: 49351
      bogo-ops-per-second-usr-sys-time: 1245.088402
      bogo-ops-per-second-real-time: 2467.539749
      wall-clock-time: 20.000083
      user-time: 39.622576
      system-time: 0.013967
      cpu-usage-per-instance: 99.090946
      max-rss: 3256

...
