---
system-info:
      stress-ng-version: 0.17.08
      run-by: root
      date-yyyy-mm-dd: 2024:06:14
      time-hh-mm-ss: 03:41:06
      epoch-secs: 1718336466
      hostname: 30d039d43e34
      sysname: Linux
      nodename: 30d039d43e34
      release: 6.8.0-1008-aws
      version: '#8-Ubuntu SMP Sat Apr 20 00:46:25 UTC 2024'
      machine: x86_64
      compiler: 'musl-gcc 13.2.1'
      uptime: 151
      totalram: 198485180416
      freeram: 193287913472
      sharedram: 70742016
      bufferram: 108896256
      totalswap: 0
      freeswap: 0
      pagesize: 4096
      cpus: 96
      cpus-online: 96
      ticks-per-second: 100

metrics:
    - stressor: cpu
      bogo-ops: 60265
      bogo-ops-per-second-usr-sys-time: 3013.437134
      bogo-ops-per-second-real-time: 3013.222916
      wall-clock-time: 20.000180
      user-time: 19.998758
      system-time: 0.000000
      cpu-usage-per-instance: 99.992891
      max-rss: 0

...
