---
system-info:
      stress-ng-version: 0.17.08
      run-by: root
      date-yyyy-mm-dd: 2024:06:06
      time-hh-mm-ss: 02:47:48
      epoch-secs: 1717642068
      hostname: df39b3956d79
      sysname: Linux
      nodename: df39b3956d79
      release: 6.8.0-1008-aws
      version: '#8-Ubuntu SMP Sat Apr 20 00:46:25 UTC 2024'
      machine: x86_64
      compiler: 'musl-gcc 13.2.1'
      uptime: 115
      totalram: 198485204992
      freeram: 193487945728
      sharedram: 70742016
      bufferram: 80502784
      totalswap: 0
      freeswap: 0
      pagesize: 4096
      cpus: 96
      cpus-online: 96
      ticks-per-second: 100

metrics:
    - stressor: cpu
      bogo-ops: 16954
      bogo-ops-per-second-usr-sys-time: 1695.502069
      bogo-ops-per-second-real-time: 1695.390258
      wall-clock-time: 10.000057
      user-time: 9.999398
      system-time: 0.000000
      cpu-usage-per-instance: 99.993405
      max-rss: 3072

...
