---
system-info:
      stress-ng-version: 0.17.08
      run-by: root
      date-yyyy-mm-dd: 2024:09:22
      time-hh-mm-ss: 17:11:52
      epoch-secs: 1727025112
      hostname: sc-runner
      sysname: Linux
      nodename: sc-runner
      release: 6.8.0-1014-azure
      version: '#16-Ubuntu SMP Thu Aug 15 20:04:41 UTC 2024'
      machine: x86_64
      compiler: 'musl-gcc 13.2.1'
      uptime: 304
      totalram: 135060668416
      freeram: 124436869120
      sharedram: 38354944
      bufferram: 249225216
      totalswap: 0
      freeswap: 0
      pagesize: 4096
      cpus: 32
      cpus-online: 32
      ticks-per-second: 100

metrics:
    - stressor: cpu
      bogo-ops: 862376
      bogo-ops-per-second-usr-sys-time: 1348.593061
      bogo-ops-per-second-real-time: 43118.693583
      wall-clock-time: 20.000049
      user-time: 639.428488
      system-time: 0.034983
      cpu-usage-per-instance: 99.915921
      max-rss: 3260

...
