---
system-info:
      stress-ng-version: 0.17.08
      run-by: root
      date-yyyy-mm-dd: 2024:06:09
      time-hh-mm-ss: 18:55:01
      epoch-secs: 1717959301
      hostname: d0254980ded2
      sysname: Linux
      nodename: d0254980ded2
      release: 6.8.0-1008-aws
      version: '#8-Ubuntu SMP Sat Apr 20 00:46:25 UTC 2024'
      machine: x86_64
      compiler: 'musl-gcc 13.2.1'
      uptime: 132
      totalram: 16469909504
      freeram: 11985563648
      sharedram: 59863040
      bufferram: 111169536
      totalswap: 0
      freeswap: 0
      pagesize: 4096
      cpus: 2
      cpus-online: 2
      ticks-per-second: 100

metrics:
    - stressor: cpu
      bogo-ops: 16612
      bogo-ops-per-second-usr-sys-time: 1661.119103
      bogo-ops-per-second-real-time: 1660.882341
      wall-clock-time: 10.001913
      user-time: 9.999502
      system-time: 0.000985
      cpu-usage-per-instance: 99.985747
      max-rss: 3792

...
