---
system-info:
      stress-ng-version: 0.17.08
      run-by: root
      date-yyyy-mm-dd: 2024:06:15
      time-hh-mm-ss: 21:19:49
      epoch-secs: 1718486389
      hostname: 9af7a15fe518
      sysname: Linux
      nodename: 9af7a15fe518
      release: 6.8.0-1008-aws
      version: '#8-Ubuntu SMP Sat Apr 20 00:46:25 UTC 2024'
      machine: x86_64
      compiler: 'musl-gcc 13.2.1'
      uptime: 142
      totalram: 16469917696
      freeram: 12121763840
      sharedram: 59863040
      bufferram: 110280704
      totalswap: 0
      freeswap: 0
      pagesize: 4096
      cpus: 2
      cpus-online: 2
      ticks-per-second: 100

metrics:
    - stressor: cpu
      bogo-ops: 37629
      bogo-ops-per-second-usr-sys-time: 1881.577759
      bogo-ops-per-second-real-time: 1881.444954
      wall-clock-time: 20.000054
      user-time: 19.997642
      system-time: 0.001000
      cpu-usage-per-instance: 99.992942
      max-rss: 976

...
