---
system-info:
      stress-ng-version: 0.17.08
      run-by: root
      date-yyyy-mm-dd: 2024:06:06
      time-hh-mm-ss: 09:41:42
      epoch-secs: 1717666902
      hostname: bb7e99051fbd
      sysname: Linux
      nodename: bb7e99051fbd
      release: 6.8.0-1008-aws
      version: '#8-Ubuntu SMP Sat Apr 20 00:46:25 UTC 2024'
      machine: x86_64
      compiler: 'musl-gcc 13.2.1'
      uptime: 102
      totalram: 199542157312
      freeram: 194468491264
      sharedram: 117321728
      bufferram: 81924096
      totalswap: 0
      freeswap: 0
      pagesize: 4096
      cpus: 96
      cpus-online: 96
      ticks-per-second: 100

metrics:
    - stressor: cpu
      bogo-ops: 1176593
      bogo-ops-per-second-usr-sys-time: 1226.039861
      bogo-ops-per-second-real-time: 117628.038883
      wall-clock-time: 10.002658
      user-time: 959.571502
      system-time: 0.097949
      cpu-usage-per-instance: 99.939008
      max-rss: 3072

...
