---
system-info:
      stress-ng-version: 0.17.08
      run-by: root
      date-yyyy-mm-dd: 2024:06:12
      time-hh-mm-ss: 23:40:50
      epoch-secs: 1718235650
      hostname: 1f36da3d68ca
      sysname: Linux
      nodename: 1f36da3d68ca
      release: 6.8.0-1008-aws
      version: '#8-Ubuntu SMP Sat Apr 20 00:46:25 UTC 2024'
      machine: x86_64
      compiler: 'musl-gcc 13.2.1'
      uptime: 116
      totalram: 199542140928
      freeram: 194341879808
      sharedram: 117321728
      bufferram: 111136768
      totalswap: 0
      freeswap: 0
      pagesize: 4096
      cpus: 96
      cpus-online: 96
      ticks-per-second: 100

metrics:
    - stressor: cpu
      bogo-ops: 1853326
      bogo-ops-per-second-usr-sys-time: 965.610036
      bogo-ops-per-second-real-time: 92665.909536
      wall-clock-time: 20.000084
      user-time: 1919.282779
      system-time: 0.048970
      cpu-usage-per-instance: 99.964774
      max-rss: 0

...
