BaselineInfo:
  WebDBID: -1
  TimeStamp: 20241108054304
Version:
  Major: 11
  Minor: 0
  Build: 1002
  SpecialBuildName: ""
  ptArchitecture: aarch64_linux
Results:
  Results Complete: true
  NumTestProcesses: 16
  CPU_INTEGER_MATH: 75073.766999999993
  CPU_FLOATINGPOINT_MATH: 57162.984409158213
  CPU_PRIME: 102.05016962588354
  CPU_SORTING: 53912.259919997996
  CPU_ENCRYPTION: 2590.4192720683241
  CPU_COMPRESSION: 90231.683480646214
  CPU_SINGLETHREAD: 1330.1902719427515
  CPU_PHYSICS: 1838.4089155179881
  CPU_MATRIX_MULT_SSE: 11869.927420120343
  CPU_mm: 1985.8287382079632
  CPU_sse: 9934.9828849074474
  CPU_fma: 13804.871955333238
  CPU_avx: 0
  CPU_avx512: 0
  m_CPU_enc_SHA: 3855487266.8096881
  m_CPU_enc_AES: 1792657438.8687923
  m_CPU_enc_ECDSA: 2500609730.2064638
  ME_ALLOC_S: 10869.439735352724
  ME_READ_S: 11369.94423828125
  ME_READ_L: 8687.9541015625
  ME_WRITE: 14783.6416015625
  ME_LARGE: 117944.66666666667
  ME_LATENCY: 74.906483279504045
  ME_THREADED: 106476.80224609375
  SUMM_CPU: 11545.244389018791
  SUMM_ME: 1883.1444446246971
SystemInformation:
  OSName: Ubuntu 24.04.1 LTS
  Kernel: 6.8.0-1017-azure
  Device: ""
  Processor: ARM Neoverse-N1 16 Core 0 MHz
  NumSockets: 1
  Manufacturer: ARM
  NumCores: 16
  NumLogicals: 16
  CPUFrequency: 0
  Memory: 128555
Checksum: FF4BFE9D3E2B2156D69754B6F3AD569647083428