BaselineInfo:
  WebDBID: -1
  TimeStamp: 20260620180644
Version:
  Major: 11
  Minor: 0
  Build: 1004
  SpecialBuildName: ""
  ptArchitecture: x86_64_linux
Results:
  Results Complete: true
  NumTestProcesses: 32
  CPU_INTEGER_MATH: 152176.40633333329
  CPU_FLOATINGPOINT_MATH: 110250.24645793864
  CPU_PRIME: 331.23133526138906
  CPU_SORTING: 77547.91387441149
  CPU_ENCRYPTION: 33624.05111580091
  CPU_COMPRESSION: 587258.50592158479
  CPU_SINGLETHREAD: 3449.6785915233422
  CPU_PHYSICS: 5843.0077397032037
  CPU_MATRIX_MULT_SSE: 39802.74496662926
  CPU_mm: 4280.0955175573326
  CPU_sse: 18264.285024835277
  CPU_fma: 48059.63920838671
  CPU_avx: 36942.44565103815
  CPU_avx512: 55944.60998225693
  m_CPU_enc_SHA: 35499062520.160782
  m_CPU_enc_AES: 46382176960.528633
  m_CPU_enc_ECDSA: 23890879587.716743
  ME_ALLOC_S: 15634.589465964915
  ME_READ_S: 29814.223242187501
  ME_READ_L: 19774.244140625
  ME_WRITE: 8277.4423828125
  ME_LARGE: 55329.416666666664
  ME_LATENCY: 77.441154476190306
  ME_THREADED: 159579.81103515625
  SUMM_CPU: 48689.023725052139
  SUMM_ME: 2440.4287463272353
SystemInformation:
  OSName: Ubuntu 24.04.4 LTS
  Kernel: 6.17.0-1018-azure
  Device: ""
  Processor: Intel(R) Xeon(R) 6973P-C
  NumSockets: 1
  Manufacturer: GenuineIntel
  NumCores: 16
  NumLogicals: 32
  CPUFrequency: 2600
  CPUMaxFrequency: 2600
  Memory: 64291
  CPUInfo:
    number: 1
    Family: 6
    Model: 13
    stepping: 1
    features: 529267711
    manufacture: GenuineIntel
    typestring: Intel(R) Xeon(R) 6973P-C
    iCoresPerPackage: 16
    iThreadsPerPackage: 2
    featuresEx:
      - 529267711
      - 4294586915
      - 739248128
    bHybrid: false
    nPCore: 0
    nLogicalsPerPCore: 0
    nECore: 0
    nLogicalsPerECore: 0
  MemModuleInfo:
    iNumMemSticks: 3
    DIMM 1:
      manufacturer: Microsoft Corporation
      modulePartNo: None
      memType: Unknown
      size: 1
      clkspeed: 0
      moduleVoltage: 0
    DIMM 2:
      manufacturer: Microsoft Corporation
      modulePartNo: None
      memType: Unknown
      size: 59
      clkspeed: 0
      moduleVoltage: 0
    DIMM 3:
      manufacturer: Microsoft Corporation
      modulePartNo: None
      memType: Unknown
      size: 4
      clkspeed: 0
      moduleVoltage: 0
Checksum: BAC51DD4C456255A6EE74CCCABE96FAC5E8DEB66