---
system-info:
      stress-ng-version: 0.17.08
      run-by: root
      date-yyyy-mm-dd: 2024:09:17
      time-hh-mm-ss: 11:09:07
      epoch-secs: 1726571347
      hostname: sc-runner
      sysname: Linux
      nodename: sc-runner
      release: 6.8.0-1014-azure
      version: '#16-Ubuntu SMP Thu Aug 15 20:04:41 UTC 2024'
      machine: x86_64
      compiler: 'musl-gcc 13.2.1'
      uptime: 286
      totalram: 405734887424
      freeram: 393997529088
      sharedram: 105652224
      bufferram: 308252672
      totalswap: 0
      freeswap: 0
      pagesize: 4096
      cpus: 48
      cpus-online: 48
      ticks-per-second: 100

metrics:
    - stressor: cpu
      bogo-ops: 932448
      bogo-ops-per-second-usr-sys-time: 971.623047
      bogo-ops-per-second-real-time: 46622.189904
      wall-clock-time: 20.000090
      user-time: 959.631849
      system-time: 0.048968
      cpu-usage-per-instance: 99.966301
      max-rss: 2876

...
