"size","threads","connections","rps","latency","failed","server_usr","server_sys","client_usr","client_sys"
"1k",4,4,136667,0.000027600,0,6.44,13.00,3.07,17.73
"1k",4,8,141488,0.000089070,0,5.38,12.54,2.68,14.81
"1k",4,16,177274,0.000109920,0,5.99,12.64,2.82,15.35
"1k",4,32,218679,0.000183660,0,6.25,13.25,2.71,16.16
"1k",4,64,262331,0.000341830,0,6.26,13.87,2.80,16.40
"1k",4,128,282302,0.000502040,0,6.32,14.31,2.78,16.45
"1k",8,8,136820,0.000060020,0,5.78,12.64,3.58,17.76
"1k",8,16,155917,0.000101620,0,5.91,13.15,3.35,17.77
"1k",8,32,186202,0.000192290,0,5.55,13.48,3.32,17.81
"1k",8,64,217210,0.000404500,0,5.52,13.37,3.27,17.35
"1k",8,128,234786,0.000710320,0,5.60,13.52,3.22,17.60
"1k",16,16,146246,0.000113250,0,5.55,13.11,3.43,17.94
"1k",16,32,171873,0.000222700,0,5.28,13.46,3.40,17.97
"1k",16,64,182125,0.000467320,0,5.13,13.42,3.33,17.99
"1k",16,128,200676,0.000765860,0,5.24,13.45,3.25,17.88
"16k",4,4,118417,0.000034590,0,6.30,11.64,3.28,18.46
"16k",4,8,115120,0.000065250,0,5.51,11.52,2.80,14.78
"16k",4,16,148382,0.000106360,0,5.81,12.17,2.72,15.84
"16k",4,32,179604,0.000222340,0,5.79,12.62,2.70,16.33
"16k",4,64,208372,0.000367860,0,5.94,13.14,2.84,16.74
"16k",4,128,227752,0.000618920,0,6.15,13.39,2.75,17.14
"16k",8,8,120046,0.000068530,0,5.69,12.65,3.46,18.12
"16k",8,16,135336,0.000117340,0,5.81,12.95,3.27,18.16
"16k",8,32,160465,0.000206670,0,5.63,13.08,3.35,18.10
"16k",8,64,181935,0.000415700,0,5.39,13.06,3.30,18.29
"16k",8,128,196207,0.000781770,0,5.41,13.18,3.21,18.13
"16k",16,16,130710,0.000125970,0,5.64,12.78,3.39,18.31
"16k",16,32,145684,0.000244310,0,5.28,13.07,3.33,18.51
"16k",16,64,157900,0.000498790,0,5.01,13.07,3.36,18.74
"16k",16,128,167037,0.000860000,0,5.18,13.21,3.29,18.36
"64k",4,4,73474,0.000062820,0,5.23,12.82,2.65,18.21
"64k",4,8,69196,0.000104930,0,4.59,11.81,2.31,16.68
"64k",4,16,85151,0.000171690,0,4.74,12.59,2.35,17.22
"64k",4,32,102434,0.000284540,0,4.95,13.16,2.42,17.68
"64k",4,64,114211,0.000479890,0,4.96,13.42,2.51,18.19
"64k",4,128,121503,0.000860000,0,5.02,13.63,2.61,18.33
"64k",8,8,75145,0.000111330,0,4.63,13.61,2.88,18.95
"64k",8,16,84093,0.000184980,0,4.60,13.33,2.78,19.48
"64k",8,32,96102,0.000333970,0,4.63,13.58,2.82,19.20
"64k",8,64,105389,0.000621660,0,4.68,13.63,2.78,19.11
"64k",8,128,110697,0.001190000,0,4.71,13.60,2.71,18.90
"64k",16,16,82970,0.000196280,0,4.61,13.15,2.80,19.40
"64k",16,32,89783,0.000383300,0,4.27,13.38,2.78,19.75
"64k",16,64,93017,0.000751150,0,4.36,13.65,2.96,19.25
"64k",16,128,94867,0.001420000,0,4.27,13.34,2.94,19.37
"256k",4,4,35718,0.000655110,0,4.04,14.48,2.55,17.52
"256k",4,8,33600,0.000220750,0,3.91,12.90,2.27,16.19
"256k",4,16,38309,0.000505500,0,4.33,13.86,2.35,17.26
"256k",4,32,44076,0.000610280,0,4.50,14.37,2.40,17.79
"256k",4,64,45726,0.001130000,0,4.58,13.95,2.32,18.83
"256k",8,8,35138,0.000228050,0,4.14,13.89,2.75,19.35
"256k",8,16,37830,0.000667920,0,4.18,14.43,2.53,19.05
"256k",8,32,40238,0.000815220,0,4.21,14.60,2.56,18.51
"256k",8,64,42728,0.001500000,0,4.23,14.53,2.49,18.72
"256k",16,16,36680,0.000442290,0,4.13,13.78,2.63,19.68
"256k",16,32,37449,0.000890000,0,3.92,14.58,2.66,18.73
"256k",16,64,38366,0.001740000,0,3.84,14.63,2.56,18.92
"512k",4,4,21423,0.000186930,0,3.85,13.92,2.62,19.84
"512k",4,8,19032,0.000403870,0,3.82,12.54,1.99,16.52
"512k",4,16,22946,0.000597860,0,4.32,14.72,2.27,17.59
"512k",4,32,24677,0.001070000,0,4.47,14.85,2.26,17.99
"512k",4,64,23941,0.002070000,0,4.36,14.46,2.20,18.91
"512k",8,8,21141,0.000390690,0,4.29,13.16,2.51,20.26
"512k",8,16,21969,0.000843880,0,4.25,14.52,2.47,18.60
"512k",8,32,22520,0.001420000,0,4.10,15.09,2.34,18.42
"512k",8,64,22936,0.002720000,0,4.08,14.97,2.28,18.76
"512k",16,16,21319,0.000754130,0,4.05,14.21,2.50,19.39
"512k",16,32,21198,0.001530000,0,3.77,15.08,2.44,18.64
"512k",16,64,21491,0.002970000,0,3.97,14.98,2.35,18.72
