---
system-info:
      stress-ng-version: 0.17.08
      run-by: root
      date-yyyy-mm-dd: 2024:06:13
      time-hh-mm-ss: 18:56:21
      epoch-secs: 1718304981
      hostname: e4b72874e3c8
      sysname: Linux
      nodename: e4b72874e3c8
      release: 6.8.0-1008-aws
      version: '#8-Ubuntu SMP Sat Apr 20 02:43:14 UTC 2024'
      machine: aarch64
      compiler: 'musl-gcc 13.2.1'
      uptime: 162
      totalram: 400744587264
      freeram: 395970363392
      sharedram: 34951168
      bufferram: 106295296
      totalswap: 0
      freeswap: 0
      pagesize: 4096
      cpus: 48
      cpus-online: 48
      ticks-per-second: 100

metrics:
    - stressor: cpu
      bogo-ops: 30389
      bogo-ops-per-second-usr-sys-time: 1519.433590
      bogo-ops-per-second-real-time: 1519.446341
      wall-clock-time: 20.000048
      user-time: 20.000216
      system-time: 0.000000
      cpu-usage-per-instance: 100.000839
      max-rss: 1152

...
