---
system-info:
      stress-ng-version: 0.17.08
      run-by: root
      date-yyyy-mm-dd: 2024:06:08
      time-hh-mm-ss: 05:55:05
      epoch-secs: 1717826105
      hostname: b46af8a9d5ff
      sysname: Linux
      nodename: b46af8a9d5ff
      release: 6.8.0-1008-aws
      version: '#8-Ubuntu SMP Sat Apr 20 02:43:14 UTC 2024'
      machine: aarch64
      compiler: 'musl-gcc 13.2.1'
      uptime: 133
      totalram: 400744587264
      freeram: 395966562304
      sharedram: 34951168
      bufferram: 96731136
      totalswap: 0
      freeswap: 0
      pagesize: 4096
      cpus: 48
      cpus-online: 48
      ticks-per-second: 100

metrics:
    - stressor: cpu
      bogo-ops: 2940
      bogo-ops-per-second-usr-sys-time: 292.843415
      bogo-ops-per-second-real-time: 292.841211
      wall-clock-time: 10.039571
      user-time: 10.037496
      system-time: 0.001999
      cpu-usage-per-instance: 99.999247
      max-rss: 3840

...
