---
system-info:
      stress-ng-version: 0.17.08
      run-by: root
      date-yyyy-mm-dd: 2024:09:17
      time-hh-mm-ss: 12:30:17
      epoch-secs: 1726576217
      hostname: sc-runner
      sysname: Linux
      nodename: sc-runner
      release: 6.8.0-1014-azure
      version: '#16-Ubuntu SMP Thu Aug 15 20:04:41 UTC 2024'
      machine: x86_64
      compiler: 'musl-gcc 13.2.1'
      uptime: 382
      totalram: 456463183872
      freeram: 444358799360
      sharedram: 109805568
      bufferram: 304730112
      totalswap: 0
      freeswap: 0
      pagesize: 4096
      cpus: 64
      cpus-online: 64
      ticks-per-second: 100

metrics:
    - stressor: cpu
      bogo-ops: 22566
      bogo-ops-per-second-usr-sys-time: 1128.366856
      bogo-ops-per-second-real-time: 1128.297135
      wall-clock-time: 20.000051
      user-time: 19.997815
      system-time: 0.001000
      cpu-usage-per-instance: 99.993821
      max-rss: 2560

...
