BaselineInfo:
  WebDBID: -1
  TimeStamp: 20241111040740
Version:
  Major: 11
  Minor: 0
  Build: 1002
  SpecialBuildName: ""
  ptArchitecture: x86_64_linux
Results:
  Results Complete: true
  NumTestProcesses: 128
  CPU_INTEGER_MATH: 536624.93433333328
  CPU_FLOATINGPOINT_MATH: 274309.46430049546
  CPU_PRIME: 509.95400719975407
  CPU_SORTING: 237555.61647512103
  CPU_ENCRYPTION: 110669.61571007823
  CPU_COMPRESSION: 1824765.2169183337
  CPU_SINGLETHREAD: 2419.6171215531986
  CPU_PHYSICS: 7518.9945789128114
  CPU_MATRIX_MULT_SSE: 105542.81091687643
  CPU_mm: 10896.390616971688
  CPU_sse: 46545.880444153074
  CPU_fma: 123225.54122589817
  CPU_avx: 95382.693518850894
  CPU_avx512: 157017.1284786032
  m_CPU_enc_SHA: 113944851430.2399
  m_CPU_enc_AES: 165410931113.12946
  m_CPU_enc_ECDSA: 68780726345.063782
  ME_ALLOC_S: 29714.263075683197
  ME_READ_S: 24289.630273437499
  ME_READ_L: 10994.119140625
  ME_WRITE: 10388.1513671875
  ME_LARGE: 4094766.5833333335
  ME_LATENCY: 60.78404490896596
  ME_THREADED: 302220.73449707031
  SUMM_CPU: 85629.485549061443
  SUMM_ME: 2597.2280006799374
SystemInformation:
  OSName: Ubuntu 24.04.1 LTS
  Kernel: 6.8.0-1016-aws
  Device: ""
  Processor: Intel Xeon Platinum 8375C CPU @ 2.90GHz
  NumSockets: 2
  Manufacturer: GenuineIntel
  NumCores: 64
  NumLogicals: 128
  CPUFrequency: 0
  Memory: 4112224
  MemModuleInfo:
    iNumMemSticks: 2
    DIMM 1:
      manufacturer: Not Specified
      modulePartNo: Not Specified
      memType: DDR4
      size: 2
      clkspeed: 1600
      moduleVoltage: 0
    DIMM 2:
      manufacturer: Not Specified
      modulePartNo: Not Specified
      memType: DDR4
      size: 2
      clkspeed: 1600
      moduleVoltage: 0
Checksum: 5113EF507912EDBA81D9764D137AFF9319843314