BaselineInfo:
  WebDBID: -1
  TimeStamp: 20241110060400
Version:
  Major: 11
  Minor: 0
  Build: 1002
  SpecialBuildName: ""
  ptArchitecture: x86_64_linux
Results:
  Results Complete: true
  NumTestProcesses: 96
  CPU_INTEGER_MATH: 407744.64566666662
  CPU_FLOATINGPOINT_MATH: 216378.21801470578
  CPU_PRIME: 494.71711586673348
  CPU_SORTING: 167001.65226738318
  CPU_ENCRYPTION: 95981.036216868626
  CPU_COMPRESSION: 1301657.6508427742
  CPU_SINGLETHREAD: 2646.1301939776554
  CPU_PHYSICS: 7417.1043736088805
  CPU_MATRIX_MULT_SSE: 66453.420144362564
  CPU_mm: 8273.1626318691888
  CPU_sse: 34179.058577419222
  CPU_fma: 90267.385649708536
  CPU_avx: 74913.816205959927
  CPU_avx512: 0
  m_CPU_enc_SHA: 140650241184.51019
  m_CPU_enc_AES: 91012994927.024155
  m_CPU_enc_ECDSA: 70266996984.883484
  ME_ALLOC_S: 25918.663083219588
  ME_READ_S: 26363.939843749999
  ME_READ_L: 17315.861328125
  ME_WRITE: 17732.11328125
  ME_LARGE: 357351.75
  ME_LATENCY: 65.515331867436004
  ME_THREADED: 174644.62060546875
  SUMM_CPU: 76614.458714897075
  SUMM_ME: 2865.0940412743585
SystemInformation:
  OSName: Ubuntu 24.04.1 LTS
  Kernel: 6.8.0-1016-aws
  Device: ""
  Processor: AMD EPYC 7R13 Processor
  NumSockets: 1
  Manufacturer: AuthenticAMD
  NumCores: 48
  NumLogicals: 96
  CPUFrequency: 0
  Memory: 372586
  MemModuleInfo:
    iNumMemSticks: 1
    DIMM 1:
      manufacturer: Not Specified
      modulePartNo: Not Specified
      memType: DDR4
      size: 384
      clkspeed: 1600
      moduleVoltage: 0
Checksum: FB5ADCC309D0B49529ED51C3AD3BE9E2FE4AC840