---
system-info:
      stress-ng-version: 0.17.08
      run-by: root
      date-yyyy-mm-dd: 2024:06:14
      time-hh-mm-ss: 15:43:26
      epoch-secs: 1718379806
      hostname: 46df9aff4cbd
      sysname: Linux
      nodename: 46df9aff4cbd
      release: 6.8.0-1008-aws
      version: '#8-Ubuntu SMP Sat Apr 20 00:46:25 UTC 2024'
      machine: x86_64
      compiler: 'musl-gcc 13.2.1'
      uptime: 266
      totalram: 15710015488
      freeram: 11386494976
      sharedram: 32784384
      bufferram: 111935488
      totalswap: 0
      freeswap: 0
      pagesize: 4096
      cpus: 4
      cpus-online: 4
      ticks-per-second: 100

metrics:
    - stressor: cpu
      bogo-ops: 18865
      bogo-ops-per-second-usr-sys-time: 943.347636
      bogo-ops-per-second-real-time: 943.183573
      wall-clock-time: 20.001409
      user-time: 19.995578
      system-time: 0.002352
      cpu-usage-per-instance: 99.982608
      max-rss: 1092

...
