---
system-info:
      stress-ng-version: 0.17.08
      run-by: root
      date-yyyy-mm-dd: 2024:06:07
      time-hh-mm-ss: 16:48:11
      epoch-secs: 1717778891
      hostname: 0f81ec88774b
      sysname: Linux
      nodename: 0f81ec88774b
      release: 6.8.0-1008-aws
      version: '#8-Ubuntu SMP Sat Apr 20 00:46:25 UTC 2024'
      machine: x86_64
      compiler: 'musl-gcc 13.2.1'
      uptime: 233
      totalram: 15709982720
      freeram: 11476160512
      sharedram: 32784384
      bufferram: 96292864
      totalswap: 0
      freeswap: 0
      pagesize: 4096
      cpus: 4
      cpus-online: 4
      ticks-per-second: 100

metrics:
    - stressor: cpu
      bogo-ops: 10009
      bogo-ops-per-second-usr-sys-time: 1001.145481
      bogo-ops-per-second-real-time: 1000.817726
      wall-clock-time: 10.000822
      user-time: 9.995165
      system-time: 0.002383
      cpu-usage-per-instance: 99.967262
      max-rss: 3920

...
