---
system-info:
      stress-ng-version: 0.17.08
      run-by: root
      date-yyyy-mm-dd: 2024:09:19
      time-hh-mm-ss: 12:45:37
      epoch-secs: 1726749937
      hostname: sc-runner
      sysname: Linux
      nodename: sc-runner
      release: 6.8.0-1014-azure
      version: '#16-Ubuntu SMP Thu Aug 15 20:04:41 UTC 2024'
      machine: x86_64
      compiler: 'musl-gcc 13.2.1'
      uptime: 294
      totalram: 135059628032
      freeram: 124303110144
      sharedram: 55156736
      bufferram: 249458688
      totalswap: 0
      freeswap: 0
      pagesize: 4096
      cpus: 32
      cpus-online: 32
      ticks-per-second: 100

metrics:
    - stressor: cpu
      bogo-ops: 621590
      bogo-ops-per-second-usr-sys-time: 971.686774
      bogo-ops-per-second-real-time: 31079.376810
      wall-clock-time: 20.000079
      user-time: 639.667052
      system-time: 0.034976
      cpu-usage-per-instance: 99.953046
      max-rss: 3260

...
