---
system-info:
      stress-ng-version: 0.17.08
      run-by: root
      date-yyyy-mm-dd: 2024:06:13
      time-hh-mm-ss: 02:23:13
      epoch-secs: 1718245393
      hostname: 89d47c42c7b7
      sysname: Linux
      nodename: 89d47c42c7b7
      release: 6.8.0-1008-aws
      version: '#8-Ubuntu SMP Sat Apr 20 00:46:25 UTC 2024'
      machine: x86_64
      compiler: 'musl-gcc 13.2.1'
      uptime: 133
      totalram: 199542145024
      freeram: 194041090048
      sharedram: 116879360
      bufferram: 112451584
      totalswap: 0
      freeswap: 0
      pagesize: 4096
      cpus: 96
      cpus-online: 96
      ticks-per-second: 100

metrics:
    - stressor: cpu
      bogo-ops: 37829
      bogo-ops-per-second-usr-sys-time: 1891.475819
      bogo-ops-per-second-real-time: 1891.446979
      wall-clock-time: 20.000032
      user-time: 19.999727
      system-time: 0.000000
      cpu-usage-per-instance: 99.998475
      max-rss: 768

...
