---
system-info:
      stress-ng-version: 0.17.08
      run-by: root
      date-yyyy-mm-dd: 2024:06:06
      time-hh-mm-ss: 11:55:31
      epoch-secs: 1717674931
      hostname: 64f748a63124
      sysname: Linux
      nodename: 64f748a63124
      release: 6.8.0-1008-aws
      version: '#8-Ubuntu SMP Sat Apr 20 00:46:25 UTC 2024'
      machine: x86_64
      compiler: 'musl-gcc 13.2.1'
      uptime: 120
      totalram: 199542173696
      freeram: 194170384384
      sharedram: 116879360
      bufferram: 83496960
      totalswap: 0
      freeswap: 0
      pagesize: 4096
      cpus: 96
      cpus-online: 96
      ticks-per-second: 100

metrics:
    - stressor: cpu
      bogo-ops: 16717
      bogo-ops-per-second-usr-sys-time: 1671.422878
      bogo-ops-per-second-real-time: 1671.471016
      wall-clock-time: 10.001370
      user-time: 10.000659
      system-time: 0.000999
      cpu-usage-per-instance: 100.002880
      max-rss: 3072

...
