---
system-info:
      stress-ng-version: 0.17.08
      run-by: root
      date-yyyy-mm-dd: 2024:06:09
      time-hh-mm-ss: 10:20:12
      epoch-secs: 1717928412
      hostname: 2a0e9a2145c2
      sysname: Linux
      nodename: 2a0e9a2145c2
      release: 6.8.0-1008-aws
      version: '#8-Ubuntu SMP Sat Apr 20 00:46:25 UTC 2024'
      machine: x86_64
      compiler: 'musl-gcc 13.2.1'
      uptime: 137
      totalram: 399140732928
      freeram: 393967382528
      sharedram: 114532352
      bufferram: 106307584
      totalswap: 0
      freeswap: 0
      pagesize: 4096
      cpus: 96
      cpus-online: 96
      ticks-per-second: 100

metrics:
    - stressor: cpu
      bogo-ops: 1340946
      bogo-ops-per-second-usr-sys-time: 1397.775739
      bogo-ops-per-second-real-time: 134077.667155
      wall-clock-time: 10.001263
      user-time: 959.258776
      system-time: 0.083959
      cpu-usage-per-instance: 99.918916
      max-rss: 3072

...
