---
system-info:
      stress-ng-version: 0.17.08
      run-by: root
      date-yyyy-mm-dd: 2024:06:15
      time-hh-mm-ss: 11:56:02
      epoch-secs: 1718452562
      hostname: e6ed76b20fba
      sysname: Linux
      nodename: e6ed76b20fba
      release: 6.8.0-1008-aws
      version: '#8-Ubuntu SMP Sat Apr 20 00:46:25 UTC 2024'
      machine: x86_64
      compiler: 'musl-gcc 13.2.1'
      uptime: 140
      totalram: 399140732928
      freeram: 394202169344
      sharedram: 114532352
      bufferram: 108052480
      totalswap: 0
      freeswap: 0
      pagesize: 4096
      cpus: 96
      cpus-online: 96
      ticks-per-second: 100

metrics:
    - stressor: cpu
      bogo-ops: 1698305
      bogo-ops-per-second-usr-sys-time: 884.803918
      bogo-ops-per-second-real-time: 84914.862841
      wall-clock-time: 20.000091
      user-time: 1919.310985
      system-time: 0.102984
      cpu-usage-per-instance: 99.969022
      max-rss: 0

...
