BaselineInfo:
  WebDBID: -1
  TimeStamp: 20250828232711
Version:
  Major: 11
  Minor: 0
  Build: 1002
  SpecialBuildName: ""
  ptArchitecture: x86_64_linux
Results:
  Results Complete: true
  NumTestProcesses: 64
  CPU_INTEGER_MATH: 330831.41066666669
  CPU_FLOATINGPOINT_MATH: 239617.11723243137
  CPU_PRIME: 546.30931978175954
  CPU_SORTING: 163534.89838738489
  CPU_ENCRYPTION: 72786.470799524614
  CPU_COMPRESSION: 1275849.3766813308
  CPU_SINGLETHREAD: 3277.9171728559727
  CPU_PHYSICS: 9380.9048889079259
  CPU_MATRIX_MULT_SSE: 88706.697934391617
  CPU_mm: 9617.4053435542373
  CPU_sse: 39760.917029771488
  CPU_fma: 104575.62178417014
  CPU_avx: 83117.816542706641
  CPU_avx512: 127372.43638091821
  m_CPU_enc_SHA: 76944367802.274963
  m_CPU_enc_AES: 100631662581.34712
  m_CPU_enc_ECDSA: 51390408831.624916
  ME_ALLOC_S: 29579.979869241804
  ME_READ_S: 28640.722460937501
  ME_READ_L: 10504.7060546875
  ME_WRITE: 11681.1650390625
  ME_LARGE: 241692.33333333334
  ME_LATENCY: 65.910611427271121
  ME_THREADED: 217451.58325195312
  SUMM_CPU: 83187.079918552263
  SUMM_ME: 2567.3012529744615
SystemInformation:
  OSName: Ubuntu 24.04.2 LTS
  Kernel: 6.14.0-1011-aws
  Device: ""
  Processor: Intel Xeon 6975P-C
  NumSockets: 1
  Manufacturer: GenuineIntel
  NumCores: 32
  NumLogicals: 64
  CPUFrequency: 0
  Memory: 253654
  MemModuleInfo:
    iNumMemSticks: 1
    DIMM 1:
      manufacturer: Not Specified
      modulePartNo: Not Specified
      memType: DDR5
      size: 256
      clkspeed: 3600
      moduleVoltage: 0
Checksum: 470D48C67BF3A6A665B9ED752581728D1FC65F3F