BaselineInfo:
  WebDBID: -1
  TimeStamp: 20241109085748
Version:
  Major: 11
  Minor: 0
  Build: 1002
  SpecialBuildName: ""
  ptArchitecture: x86_64_linux
Results:
  Results Complete: true
  NumTestProcesses: 96
  CPU_INTEGER_MATH: 248384.22266666667
  CPU_FLOATINGPOINT_MATH: 130816.79740966375
  CPU_PRIME: 220.95398322365799
  CPU_SORTING: 140856.44324151569
  CPU_ENCRYPTION: 77560.986544314961
  CPU_COMPRESSION: 1057803.1722372151
  CPU_SINGLETHREAD: 1445.2034041829575
  CPU_PHYSICS: 5351.1434558106685
  CPU_MATRIX_MULT_SSE: 39530.832115479861
  CPU_mm: 7527.2351478129067
  CPU_sse: 30540.134399170674
  CPU_fma: 45011.088147251772
  CPU_avx: 43041.273800017181
  CPU_avx512: 0
  m_CPU_enc_SHA: 109737670120.24889
  m_CPU_enc_AES: 76009924723.704422
  m_CPU_enc_ECDSA: 58238172236.121407
  ME_ALLOC_S: 15406.534335358467
  ME_READ_S: 14901.098828124999
  ME_READ_L: 11929.7275390625
  ME_WRITE: 8073.7294921875
  ME_LARGE: 368545.58333333331
  ME_LATENCY: 59.935538486431859
  ME_THREADED: 143818.45581054688
  SUMM_CPU: 47126.098221731889
  SUMM_ME: 2247.7502547777276
SystemInformation:
  OSName: Ubuntu 24.04.1 LTS
  Kernel: 6.8.0-1016-aws
  Device: ""
  Processor: AMD EPYC 7571
  NumSockets: 2
  Manufacturer: AuthenticAMD
  NumCores: 48
  NumLogicals: 96
  CPUFrequency: 0
  Memory: 380681
  MemModuleInfo:
    iNumMemSticks: 6
    DIMM 1:
      manufacturer: Not Specified
      modulePartNo: Not Specified
      memType: DDR4
      size: 64
      clkspeed: 1333
      moduleVoltage: 0
    DIMM 2:
      manufacturer: Not Specified
      modulePartNo: Not Specified
      memType: DDR4
      size: 64
      clkspeed: 1333
      moduleVoltage: 0
    DIMM 3:
      manufacturer: Not Specified
      modulePartNo: Not Specified
      memType: DDR4
      size: 64
      clkspeed: 1333
      moduleVoltage: 0
    DIMM 4:
      manufacturer: Not Specified
      modulePartNo: Not Specified
      memType: DDR4
      size: 64
      clkspeed: 1333
      moduleVoltage: 0
    DIMM 5:
      manufacturer: Not Specified
      modulePartNo: Not Specified
      memType: DDR4
      size: 64
      clkspeed: 1333
      moduleVoltage: 0
    DIMM 6:
      manufacturer: Not Specified
      modulePartNo: Not Specified
      memType: DDR4
      size: 64
      clkspeed: 1333
      moduleVoltage: 0
Checksum: E599097B0B0606ECCFCAA7CA14A3B11E19C5BA81