---
system-info:
      stress-ng-version: 0.17.08
      run-by: root
      date-yyyy-mm-dd: 2024:07:12
      time-hh-mm-ss: 02:12:30
      epoch-secs: 1720750350
      hostname: ip-172-31-63-216
      sysname: Linux
      nodename: ip-172-31-63-216
      release: 6.8.0-1010-aws
      version: '#10-Ubuntu SMP Thu Jun 13 17:36:15 UTC 2024'
      machine: x86_64
      compiler: 'musl-gcc 13.2.1'
      uptime: 147
      totalram: 33110380544
      freeram: 27836186624
      sharedram: 57933824
      bufferram: 137441280
      totalswap: 0
      freeswap: 0
      pagesize: 4096
      cpus: 8
      cpus-online: 8
      ticks-per-second: 100

metrics:
    - stressor: cpu
      bogo-ops: 37801
      bogo-ops-per-second-usr-sys-time: 1890.052174
      bogo-ops-per-second-real-time: 1890.043691
      wall-clock-time: 20.000067
      user-time: 19.999977
      system-time: 0.000000
      cpu-usage-per-instance: 99.999551
      max-rss: 1104

...
