---
system-info:
      stress-ng-version: 0.17.08
      run-by: root
      date-yyyy-mm-dd: 2024:06:08
      time-hh-mm-ss: 02:17:36
      epoch-secs: 1717813056
      hostname: 194376ab7a7a
      sysname: Linux
      nodename: 194376ab7a7a
      release: 6.8.0-1008-aws
      version: '#8-Ubuntu SMP Sat Apr 20 00:46:25 UTC 2024'
      machine: x86_64
      compiler: 'musl-gcc 13.2.1'
      uptime: 120
      totalram: 133622259712
      freeram: 129218826240
      sharedram: 40841216
      bufferram: 95219712
      totalswap: 0
      freeswap: 0
      pagesize: 4096
      cpus: 16
      cpus-online: 16
      ticks-per-second: 100

metrics:
    - stressor: cpu
      bogo-ops: 159761
      bogo-ops-per-second-usr-sys-time: 1000.305393
      bogo-ops-per-second-real-time: 15972.950127
      wall-clock-time: 10.001972
      user-time: 159.685240
      system-time: 0.026985
      cpu-usage-per-instance: 99.800460
      max-rss: 4048

...
