---
system-info:
      stress-ng-version: 0.17.08
      run-by: root
      date-yyyy-mm-dd: 2024:06:13
      time-hh-mm-ss: 15:40:42
      epoch-secs: 1718293242
      hostname: 4f84a2e612ed
      sysname: Linux
      nodename: 4f84a2e612ed
      release: 6.8.0-1008-aws
      version: '#8-Ubuntu SMP Sat Apr 20 00:46:25 UTC 2024'
      machine: x86_64
      compiler: 'musl-gcc 13.2.1'
      uptime: 147
      totalram: 133622259712
      freeram: 129145516032
      sharedram: 40841216
      bufferram: 105734144
      totalswap: 0
      freeswap: 0
      pagesize: 4096
      cpus: 16
      cpus-online: 16
      ticks-per-second: 100

metrics:
    - stressor: cpu
      bogo-ops: 270138
      bogo-ops-per-second-usr-sys-time: 845.302835
      bogo-ops-per-second-real-time: 13506.846926
      wall-clock-time: 20.000079
      user-time: 319.545425
      system-time: 0.029985
      cpu-usage-per-instance: 99.866923
      max-rss: 976

...
