---
system-info:
      stress-ng-version: 0.17.08
      run-by: root
      date-yyyy-mm-dd: 2024:06:21
      time-hh-mm-ss: 05:31:48
      epoch-secs: 1718947908
      hostname: 711826e9d083
      sysname: Linux
      nodename: 711826e9d083
      release: 6.8.0-1008-gcp
      version: '#9-Ubuntu SMP Wed May 22 18:09:04 UTC 2024'
      machine: x86_64
      compiler: 'musl-gcc 13.2.1'
      uptime: 150
      totalram: 33652191232
      freeram: 28542623744
      sharedram: 35024896
      bufferram: 132964352
      totalswap: 0
      freeswap: 0
      pagesize: 4096
      cpus: 8
      cpus-online: 8
      ticks-per-second: 100

metrics:
    - stressor: cpu
      bogo-ops: 215409
      bogo-ops-per-second-usr-sys-time: 1351.398124
      bogo-ops-per-second-real-time: 10770.402880
      wall-clock-time: 20.000087
      user-time: 159.363159
      system-time: 0.033984
      cpu-usage-per-instance: 99.622779
      max-rss: 1104

...
