BaselineInfo:
  WebDBID: -1
  TimeStamp: 20241107085735
Version:
  Major: 11
  Minor: 0
  Build: 1002
  SpecialBuildName: ""
  ptArchitecture: x86_64_linux
Results:
  Results Complete: true
  NumTestProcesses: 2
  CPU_INTEGER_MATH: 6151.085
  CPU_FLOATINGPOINT_MATH: 3310.4217630927069
  CPU_PRIME: 12.261640840935332
  CPU_SORTING: 3252.5934940877319
  CPU_ENCRYPTION: 845.27678619110839
  CPU_COMPRESSION: 27095.680101303522
  CPU_SINGLETHREAD: 1938.6013685681535
  CPU_PHYSICS: 257.66989519640708
  CPU_MATRIX_MULT_SSE: 1514.3722691429634
  CPU_mm: 186.92309762365949
  CPU_sse: 669.14101694602004
  CPU_fma: 1950.4106006547036
  CPU_avx: 1376.4252232793415
  CPU_avx512: 2061.5122356917891
  m_CPU_enc_SHA: 278822643.09744602
  m_CPU_enc_AES: 2133219292.7984977
  m_CPU_enc_ECDSA: 246968918.17543936
  ME_ALLOC_S: 716.29975915133366
  ME_READ_S: 23802.355078125001
  ME_READ_L: 10393.267578125
  ME_WRITE: 9629.2646484375
  ME_LARGE: 5995.916666666667
  ME_LATENCY: 52.388210685204704
  ME_THREADED: 12570.51318359375
  SUMM_CPU: 2164.1488148692206
  SUMM_ME: 1700.9566141930623
SystemInformation:
  OSName: Ubuntu 24.04.1 LTS
  Kernel: 6.8.0-1015-gcp
  Device: ""
  Processor: Intel Xeon CPU @ 2.80GHz
  NumSockets: 1
  Manufacturer: GenuineIntel
  NumCores: 1
  NumLogicals: 2
  CPUFrequency: 0
  Memory: 15991
  MemModuleInfo:
    iNumMemSticks: 1
    DIMM 1:
      manufacturer: ""
      modulePartNo: ""
      memType: RAM
      size: 16
      clkspeed: 0
      moduleVoltage: 0
Checksum: C2A17E6D27BC9A9CF0A38999F37B9ECE97602245