BaselineInfo:
  WebDBID: -1
  TimeStamp: 20241107055747
Version:
  Major: 11
  Minor: 0
  Build: 1002
  SpecialBuildName: ""
  ptArchitecture: x86_64_linux
Results:
  Results Complete: true
  NumTestProcesses: 2
  CPU_INTEGER_MATH: 8354.7829999999994
  CPU_FLOATINGPOINT_MATH: 4274.5823980178839
  CPU_PRIME: 18.322901118120647
  CPU_SORTING: 4374.2839487698566
  CPU_ENCRYPTION: 1818.3876496146754
  CPU_COMPRESSION: 32130.550147994803
  CPU_SINGLETHREAD: 2366.7536057864163
  CPU_PHYSICS: 357.56330446684171
  CPU_MATRIX_MULT_SSE: 1658.2423198647095
  CPU_mm: 180.36773732225743
  CPU_sse: 793.64344801440666
  CPU_fma: 2181.7978864085267
  CPU_avx: 1611.5825528820253
  CPU_avx512: 2045.9453921538793
  m_CPU_enc_SHA: 1831654343.8694572
  m_CPU_enc_AES: 2753345336.816062
  m_CPU_enc_ECDSA: 1135153263.561554
  ME_ALLOC_S: 1018.0137052789213
  ME_READ_S: 24054.126562500001
  ME_READ_L: 11395.427734375
  ME_WRITE: 10313.58203125
  ME_LARGE: 632
  ME_LATENCY: 55.161854417554302
  ME_THREADED: 15306.33251953125
  SUMM_CPU: 2977.1930365386424
  SUMM_ME: 998.81629747951399
SystemInformation:
  OSName: Ubuntu 24.04.1 LTS
  Kernel: 6.8.0-1017-azure
  Device: ""
  Processor: Intel Xeon Platinum 8370C CPU @ 2.80GHz
  NumSockets: 1
  Manufacturer: GenuineIntel
  NumCores: 1
  NumLogicals: 2
  CPUFrequency: 2800
  Memory: 3911
  MemModuleInfo:
    iNumMemSticks: 2
    DIMM 1:
      manufacturer: Microsoft Corporation
      modulePartNo: None
      memType: Unknown
      size: 1
      clkspeed: 0
      moduleVoltage: 0
    DIMM 2:
      manufacturer: Microsoft Corporation
      modulePartNo: None
      memType: Unknown
      size: 3
      clkspeed: 0
      moduleVoltage: 0
Checksum: 2A570353B226D96F1F7680E34F9477508F3C1BF7