---
system-info:
      stress-ng-version: 0.17.08
      run-by: root
      date-yyyy-mm-dd: 2024:06:14
      time-hh-mm-ss: 04:54:58
      epoch-secs: 1718340898
      hostname: 3fe6ea987d9e
      sysname: Linux
      nodename: 3fe6ea987d9e
      release: 6.8.0-1008-aws
      version: '#8-Ubuntu SMP Sat Apr 20 02:43:14 UTC 2024'
      machine: aarch64
      compiler: 'musl-gcc 13.2.1'
      uptime: 128
      totalram: 33021657088
      freeram: 28654178304
      sharedram: 35033088
      bufferram: 105926656
      totalswap: 0
      freeswap: 0
      pagesize: 4096
      cpus: 16
      cpus-online: 16
      ticks-per-second: 100

metrics:
    - stressor: cpu
      bogo-ops: 485701
      bogo-ops-per-second-usr-sys-time: 1519.527073
      bogo-ops-per-second-real-time: 24284.948295
      wall-clock-time: 20.000084
      user-time: 319.629591
      system-time: 0.009992
      cpu-usage-per-instance: 99.886951
      max-rss: 1320

...
