---
system-info:
      stress-ng-version: 0.17.08
      run-by: root
      date-yyyy-mm-dd: 2024:06:06
      time-hh-mm-ss: 07:21:10
      epoch-secs: 1717658470
      hostname: 9910f4f41cb6
      sysname: Linux
      nodename: 9910f4f41cb6
      release: 6.8.0-1008-aws
      version: '#8-Ubuntu SMP Sat Apr 20 02:43:14 UTC 2024'
      machine: aarch64
      compiler: 'musl-gcc 13.2.1'
      uptime: 148
      totalram: 33021652992
      freeram: 28828749824
      sharedram: 35033088
      bufferram: 79949824
      totalswap: 0
      freeswap: 0
      pagesize: 4096
      cpus: 16
      cpus-online: 16
      ticks-per-second: 100

metrics:
    - stressor: cpu
      bogo-ops: 47016
      bogo-ops-per-second-usr-sys-time: 292.840261
      bogo-ops-per-second-real-time: 4678.266481
      wall-clock-time: 10.049876
      user-time: 160.529704
      system-time: 0.021990
      cpu-usage-per-instance: 99.846809
      max-rss: 4136

...
