BaselineInfo:
  WebDBID: -1
  TimeStamp: 20260619101832
Version:
  Major: 11
  Minor: 0
  Build: 1004
  SpecialBuildName: ""
  ptArchitecture: x86_64_linux
Results:
  Results Complete: true
  NumTestProcesses: 2
  CPU_INTEGER_MATH: 10579.189333333334
  CPU_FLOATINGPOINT_MATH: 7547.7663167446026
  CPU_PRIME: 23.696152565905283
  CPU_SORTING: 5588.59536408641
  CPU_ENCRYPTION: 2141.8437712622481
  CPU_COMPRESSION: 42028.452536838588
  CPU_SINGLETHREAD: 3362.9020564523398
  CPU_PHYSICS: 509.10139410010947
  CPU_MATRIX_MULT_SSE: 2520.6305398473742
  CPU_mm: 298.67594908243507
  CPU_sse: 1282.9179663677605
  CPU_fma: 3039.9741810355363
  CPU_avx: 2302.3983333645992
  CPU_avx512: 3457.2316786216015
  m_CPU_enc_SHA: 2303898682.0666599
  m_CPU_enc_AES: 2878406390.110465
  m_CPU_enc_ECDSA: 1555352850.7081237
  ME_ALLOC_S: 1467.4322797424693
  ME_READ_S: 30210.5458984375
  ME_READ_L: 22057.82421875
  ME_WRITE: 8346.6611328125
  ME_LARGE: 3281
  ME_LATENCY: 78.322301226361887
  ME_THREADED: 29490.462890625
  SUMM_CPU: 4093.0224578493253
  SUMM_ME: 1767.7851260982438
SystemInformation:
  OSName: Ubuntu 24.04.4 LTS
  Kernel: 6.17.0-1018-azure
  Device: ""
  Processor: Intel(R) Xeon(R) 6973P-C
  NumSockets: 1
  Manufacturer: GenuineIntel
  NumCores: 1
  NumLogicals: 2
  CPUFrequency: 2600
  CPUMaxFrequency: 2600
  Memory: 7937
  CPUInfo:
    number: 1
    Family: 6
    Model: 13
    stepping: 1
    features: 529267711
    manufacture: GenuineIntel
    typestring: Intel(R) Xeon(R) 6973P-C
    iCoresPerPackage: 1
    iThreadsPerPackage: 2
    featuresEx:
      - 529267711
      - 4294586915
      - 739248128
    bHybrid: false
    nPCore: 0
    nLogicalsPerPCore: 0
    nECore: 0
    nLogicalsPerECore: 0
  MemModuleInfo:
    iNumMemSticks: 2
    DIMM 1:
      manufacturer: Microsoft Corporation
      modulePartNo: None
      memType: Unknown
      size: 1
      clkspeed: 0
      moduleVoltage: 0
    DIMM 2:
      manufacturer: Microsoft Corporation
      modulePartNo: None
      memType: Unknown
      size: 7
      clkspeed: 0
      moduleVoltage: 0
Checksum: B1F8F7213A653EA4DD49FAC2ED5BF3C6766339FB