BaselineInfo:
  WebDBID: -1
  TimeStamp: 20251104215622
Version:
  Major: 11
  Minor: 0
  Build: 1002
  SpecialBuildName: ""
  ptArchitecture: x86_64_linux
Results:
  Results Complete: true
  NumTestProcesses: 2
  CPU_INTEGER_MATH: 15316.048999999999
  CPU_FLOATINGPOINT_MATH: 15406.661708956843
  CPU_PRIME: 60.372241480375898
  CPU_SORTING: 9534.0366486286002
  CPU_ENCRYPTION: 3195.9820585909338
  CPU_COMPRESSION: 66931.70216471501
  CPU_SINGLETHREAD: 3839.3847940316114
  CPU_PHYSICS: 990.06082172153674
  CPU_MATRIX_MULT_SSE: 5828.6159133881956
  CPU_mm: 737.77085125226222
  CPU_sse: 2215.4848635214389
  CPU_fma: 8760.8344092766638
  CPU_avx: 4448.8383809780707
  CPU_avx512: 7889.3059997766086
  m_CPU_enc_SHA: 4446591619.494709
  m_CPU_enc_AES: 2771652773.3292823
  m_CPU_enc_ECDSA: 2835445856.3831487
  ME_ALLOC_S: 2853.4366641954393
  ME_READ_S: 34192.496679687501
  ME_READ_L: 32884.24609375
  ME_WRITE: 33158.58984375
  ME_LARGE: 6049.583333333333
  ME_LATENCY: 80.219031383747677
  ME_THREADED: 52126.240234375
  SUMM_CPU: 7002.1035731150532
  SUMM_ME: 2348.4247372884529
SystemInformation:
  OSName: Ubuntu 24.04.2 LTS
  Kernel: 6.14.0-1015-aws
  Device: ""
  Processor: AMD EPYC 9R45
  NumSockets: 1
  Manufacturer: AuthenticAMD
  NumCores: 2
  NumLogicals: 2
  CPUFrequency: 0
  Memory: 15662
  MemModuleInfo:
    iNumMemSticks: 1
    DIMM 1:
      manufacturer: Not Specified
      modulePartNo: Not Specified
      memType: DDR5
      size: 16
      clkspeed: 3200
      moduleVoltage: 0
Checksum: FF5F840BCECA34141570CC960068FACD96D05D22