BaselineInfo:
  WebDBID: -1
  TimeStamp: 20260621135003
Version:
  Major: 11
  Minor: 0
  Build: 1004
  SpecialBuildName: ""
  ptArchitecture: x86_64_linux
Results:
  Results Complete: true
  NumTestProcesses: 48
  CPU_INTEGER_MATH: 315870.66933333338
  CPU_FLOATINGPOINT_MATH: 183984.83574963911
  CPU_PRIME: 521.2388069931352
  CPU_SORTING: 132572.74671319837
  CPU_ENCRYPTION: 59891.376085493735
  CPU_COMPRESSION: 1037153.4355110226
  CPU_SINGLETHREAD: 3789.663850545352
  CPU_PHYSICS: 9558.282860327261
  CPU_MATRIX_MULT_SSE: 79315.63168602431
  CPU_mm: 7786.9744242531788
  CPU_sse: 29402.03537239266
  CPU_fma: 84976.72583068932
  CPU_avx: 82983.595099556929
  CPU_avx512: 119900.17044145834
  m_CPU_enc_SHA: 76490323475.410858
  m_CPU_enc_AES: 61882991671.93969
  m_CPU_enc_ECDSA: 50028663563.317451
  ME_ALLOC_S: 29451.722501962657
  ME_READ_S: 34132.100781250003
  ME_READ_L: 30600.771484375
  ME_WRITE: 30416.541015625
  ME_LARGE: 763360.41666666663
  ME_LATENCY: 79.407628229711165
  ME_THREADED: 242706.32666015625
  SUMM_CPU: 78218.977903733015
  SUMM_ME: 2951.6789661551902
SystemInformation:
  OSName: Ubuntu 24.04.4 LTS
  Kernel: 6.17.0-1018-azure
  Device: ""
  Processor: "AMD EPYC 9V45 96-Core Processor                "
  NumSockets: 1
  Manufacturer: AuthenticAMD
  NumCores: 24
  NumLogicals: 48
  CPUFrequency: 0
  CPUMaxFrequency: 0
  Memory: 774012
  CPUInfo:
    number: 1
    Family: 15
    Model: 2
    stepping: 1
    features: 395049983
    manufacture: AuthenticAMD
    typestring: "AMD EPYC 9V45 96-Core Processor                "
    iCoresPerPackage: 32
    iThreadsPerPackage: 2
    featuresEx:
      - 395049983
      - 4277809667
      - 802421759
    bHybrid: false
    nPCore: 0
    nLogicalsPerPCore: 0
    nECore: 0
    nLogicalsPerECore: 0
  MemModuleInfo:
    iNumMemSticks: 4
    DIMM 1:
      manufacturer: Microsoft Corporation
      modulePartNo: None
      memType: Unknown
      size: 1
      clkspeed: 0
      moduleVoltage: 0
    DIMM 2:
      manufacturer: Microsoft Corporation
      modulePartNo: None
      memType: Unknown
      size: 59
      clkspeed: 0
      moduleVoltage: 0
    DIMM 3:
      manufacturer: Microsoft Corporation
      modulePartNo: None
      memType: Unknown
      size: 324
      clkspeed: 0
      moduleVoltage: 0
    DIMM 4:
      manufacturer: Microsoft Corporation
      modulePartNo: None
      memType: Unknown
      size: 384
      clkspeed: 0
      moduleVoltage: 0
Checksum: A03281B06441BDCC2B51ED3F7AA2792EED2615FE