BaselineInfo:
  WebDBID: -1
  TimeStamp: 20260404101336
Version:
  Major: 11
  Minor: 0
  Build: 1004
  SpecialBuildName: ""
  ptArchitecture: x86_64_linux
Results:
  Results Complete: true
  NumTestProcesses: 8
  CPU_INTEGER_MATH: 33672.081333333335
  CPU_FLOATINGPOINT_MATH: 17224.011736885612
  CPU_PRIME: 71.802440312955454
  CPU_SORTING: 17606.436887426815
  CPU_ENCRYPTION: 7305.5434273561905
  CPU_COMPRESSION: 126404.14220660462
  CPU_SINGLETHREAD: 2364.4844515054851
  CPU_PHYSICS: 1331.0216520534323
  CPU_MATRIX_MULT_SSE: 6967.6289354481924
  CPU_mm: 725.50962986278944
  CPU_sse: 3192.003313322281
  CPU_fma: 8748.8202829640377
  CPU_avx: 6482.8659604701916
  CPU_avx512: 9446.8261850362614
  m_CPU_enc_SHA: 7384527971.3983374
  m_CPU_enc_AES: 11102666309.625418
  m_CPU_enc_ECDSA: 4494058233.6265793
  ME_ALLOC_S: 4096.2734524044581
  ME_READ_S: 24158.331445312499
  ME_READ_L: 11673.552734375
  ME_WRITE: 10736.91796875
  ME_LARGE: 3683.9166666666665
  ME_LATENCY: 53.847447299684582
  ME_THREADED: 54741.3720703125
  SUMM_CPU: 11379.243043703267
  SUMM_ME: 2103.6420793523039
SystemInformation:
  OSName: Ubuntu 24.04.4 LTS
  Kernel: 6.8.0-106-generic
  Device: ""
  Processor: Intel(R) Xeon(R) Platinum 8369B CPU @ 2.90GHz
  NumSockets: 1
  Manufacturer: GenuineIntel
  NumCores: 4
  NumLogicals: 8
  CPUFrequency: 0
  CPUMaxFrequency: 0
  Memory: 15069
  CPUInfo:
    number: 1
    Family: 6
    Model: 10
    stepping: 6
    features: 529267711
    manufacture: GenuineIntel
    typestring: Intel(R) Xeon(R) Platinum 8369B CPU @ 2.90GHz
    iCoresPerPackage: 4
    iThreadsPerPackage: 2
    featuresEx:
      - 529267711
      - 4277809667
      - 739248128
    bHybrid: false
    nPCore: 0
    nLogicalsPerPCore: 0
    nECore: 0
    nLogicalsPerECore: 0
  MemModuleInfo:
    iNumMemSticks: 1
    DIMM 1:
      manufacturer: Alibaba Cloud
      modulePartNo: Not Specified
      memType: RAM
      size: 16
      clkspeed: 0
      moduleVoltage: 0
Checksum: 14DA59B5546B80050E59F4867CB913B7DB1BB389