---
system-info:
      stress-ng-version: 0.17.08
      run-by: root
      date-yyyy-mm-dd: 2024:09:16
      time-hh-mm-ss: 11:13:11
      epoch-secs: 1726485191
      hostname: sc-runner
      sysname: Linux
      nodename: sc-runner
      release: 6.8.0-1014-azure
      version: '#16-Ubuntu SMP Thu Aug 15 20:04:41 UTC 2024'
      machine: x86_64
      compiler: 'musl-gcc 13.2.1'
      uptime: 272
      totalram: 33649872896
      freeram: 23486697472
      sharedram: 54931456
      bufferram: 225439744
      totalswap: 0
      freeswap: 0
      pagesize: 4096
      cpus: 8
      cpus-online: 8
      ticks-per-second: 100

metrics:
    - stressor: cpu
      bogo-ops: 155161
      bogo-ops-per-second-usr-sys-time: 971.821973
      bogo-ops-per-second-real-time: 7758.021631
      wall-clock-time: 20.000073
      user-time: 159.646907
      system-time: 0.012994
      cpu-usage-per-instance: 99.787073
      max-rss: 3252

...
