BaselineInfo:
  WebDBID: -1
  TimeStamp: 20241108005356
Version:
  Major: 11
  Minor: 0
  Build: 1002
  SpecialBuildName: ""
  ptArchitecture: x86_64_linux
Results:
  Results Complete: true
  NumTestProcesses: 8
  CPU_INTEGER_MATH: 17436.771666666667
  CPU_FLOATINGPOINT_MATH: 10404.135700116874
  CPU_PRIME: 40.059993400672681
  CPU_SORTING: 9718.6841574501541
  CPU_ENCRYPTION: 2393.6135854999411
  CPU_COMPRESSION: 82361.761662818782
  CPU_SINGLETHREAD: 1336.135918967412
  CPU_PHYSICS: 723.33335368977464
  CPU_MATRIX_MULT_SSE: 2291.6255682492501
  CPU_mm: 614.88303514316533
  CPU_sse: 2291.6255682492501
  CPU_fma: 0
  CPU_avx: 0
  CPU_avx512: 0
  m_CPU_enc_SHA: 907184297.38080752
  m_CPU_enc_AES: 5805030978.103097
  m_CPU_enc_ECDSA: 817442001.6036557
  ME_ALLOC_S: 2727.2510520580445
  ME_READ_S: 16024.83095703125
  ME_READ_L: 6842.64306640625
  ME_WRITE: 6762.58251953125
  ME_LARGE: 1874.9166666666667
  ME_LATENCY: 77.256465147059643
  ME_THREADED: 37996.64404296875
  SUMM_CPU: 5469.9476791511725
  SUMM_ME: 1313.0984786062118
SystemInformation:
  OSName: Ubuntu 24.04.1 LTS
  Kernel: 6.8.0-1016-aws
  Device: ""
  Processor: Intel Xeon CPU E5-2651 v2 @ 1.80GHz
  NumSockets: 1
  Manufacturer: GenuineIntel
  NumCores: 8
  NumLogicals: 8
  CPUFrequency: 0
  Memory: 6930
  MemModuleInfo:
    iNumMemSticks: 1
    DIMM 1:
      manufacturer: Not Specified
      modulePartNo: Not Specified
      memType: RAM
      size: 7
      clkspeed: 0
      moduleVoltage: 0
Checksum: 08288464FBB99E1DBC5ABF3E54BB8D3BE58CAF3F