"size","threads","connections","rps","latency","failed","server_usr","server_sys","client_usr","client_sys"
"1k",128,128,2163615,0.000058340,0,132.45,403.76,95.17,454.10
"1k",128,256,2449254,0.000100010,0,144.22,449.36,99.56,486.46
"1k",128,512,2855304,0.000223440,0,156.51,449.67,107.59,477.50
"1k",128,1024,2889220,0.000695830,0,148.04,405.87,101.97,437.22
"1k",128,2048,3251906,0.000960000,0,175.34,426.93,107.28,457.01
"1k",128,4096,3326724,0.001450000,0,182.94,435.97,111.63,468.53
"1k",256,256,2453406,0.000113630,0,139.40,434.65,113.20,509.90
"1k",256,512,2551816,0.000242800,0,132.89,440.84,113.14,501.86
"1k",256,1024,2700725,0.000580900,0,136.26,421.05,109.87,472.17
"1k",256,2048,2852508,0.000890000,0,146.95,422.29,110.05,465.94
"1k",256,4096,2958234,0.001500000,0,155.79,435.21,113.44,475.60
"1k",512,512,2440833,0.000280650,0,126.94,433.25,122.07,524.33
"1k",512,1024,2469574,0.000556510,0,122.57,428.34,113.81,494.94
"1k",512,2048,2524487,0.000980000,0,125.69,415.95,108.83,473.35
"1k",512,4096,2635168,0.001650000,0,131.69,429.67,113.61,482.08
"16k",128,128,1745340,0.000070950,0,113.06,420.07,108.84,448.75
"16k",128,256,1818524,0.000133190,0,114.76,493.92,105.71,472.69
"16k",128,512,2067825,0.000299550,0,119.65,497.92,112.74,485.13
"16k",128,1024,2071278,0.000798920,0,111.91,466.16,106.96,460.81
"16k",128,2048,2311663,0.001240000,0,127.90,498.85,111.10,497.40
"16k",128,4096,2319955,0.002040000,0,133.98,483.84,112.05,511.73
"16k",256,256,1952074,0.000137210,0,115.86,456.57,127.97,508.31
"16k",256,512,1901840,0.000316020,0,106.32,491.29,119.18,499.50
"16k",256,1024,1999970,0.000722080,0,105.64,472.83,114.93,487.73
"16k",256,2048,2117402,0.001160000,0,113.30,475.02,116.70,501.90
"16k",256,4096,2153972,0.002090000,0,118.24,478.47,117.04,515.27
"16k",512,512,1882692,0.000359220,0,101.41,473.24,128.54,511.13
"16k",512,1024,1876367,0.000686880,0,98.46,472.71,122.61,507.40
"16k",512,2048,1918505,0.001230000,0,103.15,475.57,121.27,507.85
"16k",512,4096,1965674,0.002240000,0,107.86,478.16,120.30,512.24
"64k",128,128,926807,0.000135830,0,85.05,481.05,108.74,440.28
"64k",128,256,888255,0.000274560,0,77.56,574.02,96.76,448.80
"64k",128,512,919030,0.000622350,0,74.03,611.40,96.66,450.74
"64k",128,1024,906545,0.001310000,0,73.97,621.60,91.46,444.80
"64k",128,2048,867151,0.002420000,0,87.12,634.81,87.90,447.16
"64k",128,4096,742698,0.005430000,0,121.61,600.28,77.14,452.17
"64k",256,256,998740,0.000263550,0,83.10,528.24,118.88,494.39
"64k",256,512,905894,0.000655270,0,70.88,583.82,104.71,483.49
"64k",256,1024,903642,0.001350000,0,69.32,592.67,100.52,476.19
"64k",256,2048,876624,0.002470000,0,76.46,605.86,96.10,470.43
"64k",256,4096,808933,0.005200000,0,117.20,614.21,88.62,472.03
"64k",512,512,929861,0.000679150,0,69.93,564.83,115.73,501.37
"64k",512,1024,897302,0.001330000,0,67.03,588.93,108.74,503.06
"64k",512,2048,876468,0.002470000,0,73.00,586.91,104.04,495.77
"64k",512,4096,798712,0.005280000,0,108.27,588.72,96.88,488.31
"256k",128,128,346507,0.000404130,0,75.13,542.26,119.26,423.92
"256k",128,256,243549,0.001110000,0,97.51,650.74,81.84,381.88
"256k",128,512,220244,0.002350000,0,74.19,749.08,74.46,360.82
"256k",128,1024,172362,0.005710000,0,116.66,685.15,61.86,404.68
"256k",128,2048,161333,0.012160000,0,177.13,657.55,57.56,420.96
"256k",256,256,281439,0.001050000,0,70.34,659.66,95.58,412.34
"256k",256,512,239397,0.002270000,0,82.15,691.14,83.03,408.43
"256k",256,1024,212331,0.004900000,0,110.26,683.09,74.68,407.59
"256k",256,2048,184901,0.011110000,0,173.51,618.65,67.48,418.06
"256k",512,512,245239,0.002310000,0,86.03,674.50,88.40,408.64
"256k",512,1024,225875,0.004730000,0,104.07,696.08,79.67,407.54
"256k",512,2048,198475,0.010660000,0,166.01,631.63,75.51,422.63
"512k",128,128,131575,0.001040000,0,45.70,698.67,87.12,341.06
"512k",128,256,110729,0.002350000,0,43.31,801.02,71.80,318.21
"512k",128,512,94928,0.005310000,0,82.78,772.77,62.69,328.56
"512k",128,1024,72209,0.013280000,0,153.50,675.21,53.61,407.52
"512k",128,2048,79325,0.025560000,0,221.01,689.33,56.26,393.17
"512k",256,256,117296,0.002330000,0,88.77,707.98,78.13,356.60
"512k",256,512,105674,0.004920000,0,64.81,774.00,72.38,333.19
"512k",256,1024,91106,0.011260000,0,143.07,681.67,64.69,375.71
"512k",256,2048,82808,0.024580000,0,219.59,636.63,59.03,382.99
"512k",512,512,107700,0.004910000,0,69.73,766.67,75.66,341.87
"512k",512,1024,93491,0.011140000,0,150.86,682.16,68.81,387.08
"512k",512,2048,98645,0.024050000,0,254.84,736.92,72.85,462.40
