---
system-info:
      stress-ng-version: 0.17.08
      run-by: root
      date-yyyy-mm-dd: 2024:06:08
      time-hh-mm-ss: 13:01:16
      epoch-secs: 1717851676
      hostname: 98e6de6c319b
      sysname: Linux
      nodename: 98e6de6c319b
      release: 6.8.0-1008-aws
      version: '#8-Ubuntu SMP Sat Apr 20 00:46:25 UTC 2024'
      machine: x86_64
      compiler: 'musl-gcc 13.2.1'
      uptime: 134
      totalram: 33263849472
      freeram: 28847128576
      sharedram: 40751104
      bufferram: 101855232
      totalswap: 0
      freeswap: 0
      pagesize: 4096
      cpus: 8
      cpus-online: 8
      ticks-per-second: 100

metrics:
    - stressor: cpu
      bogo-ops: 13899
      bogo-ops-per-second-usr-sys-time: 1389.828841
      bogo-ops-per-second-real-time: 1389.833661
      wall-clock-time: 10.000477
      user-time: 9.999513
      system-time: 0.000999
      cpu-usage-per-instance: 100.000347
      max-rss: 3920

...
