---
system-info:
      stress-ng-version: 0.17.08
      run-by: root
      date-yyyy-mm-dd: 2024:06:14
      time-hh-mm-ss: 19:18:26
      epoch-secs: 1718392706
      hostname: 32187d8b69ef
      sysname: Linux
      nodename: 32187d8b69ef
      release: 6.8.0-1008-aws
      version: '#8-Ubuntu SMP Sat Apr 20 00:46:25 UTC 2024'
      machine: x86_64
      compiler: 'musl-gcc 13.2.1'
      uptime: 169
      totalram: 33263853568
      freeram: 28835364864
      sharedram: 40751104
      bufferram: 110469120
      totalswap: 0
      freeswap: 0
      pagesize: 4096
      cpus: 8
      cpus-online: 8
      ticks-per-second: 100

metrics:
    - stressor: cpu
      bogo-ops: 25646
      bogo-ops-per-second-usr-sys-time: 1282.305706
      bogo-ops-per-second-real-time: 1282.289865
      wall-clock-time: 20.000158
      user-time: 19.999911
      system-time: 0.000000
      cpu-usage-per-instance: 99.998765
      max-rss: 1104

...
