BaselineInfo:
  WebDBID: -1
  TimeStamp: 20260407093323
Version:
  Major: 11
  Minor: 0
  Build: 1004
  SpecialBuildName: ""
  ptArchitecture: x86_64_linux
Results:
  Results Complete: true
  NumTestProcesses: 16
  CPU_INTEGER_MATH: 47970.440000000002
  CPU_FLOATINGPOINT_MATH: 34062.833315849282
  CPU_PRIME: 96.906402790767515
  CPU_SORTING: 34264.938172026094
  CPU_ENCRYPTION: 6581.3786129617938
  CPU_COMPRESSION: 272035.42463854043
  CPU_SINGLETHREAD: 1682.1299032736704
  CPU_PHYSICS: 1710.6121697493741
  CPU_MATRIX_MULT_SSE: 21046.09699115904
  CPU_mm: 2231.3934241881448
  CPU_sse: 8389.6304211857532
  CPU_fma: 27839.81950978512
  CPU_avx: 18923.958339935649
  CPU_avx512: 29030.979693729627
  m_CPU_enc_SHA: 3588296771.641665
  m_CPU_enc_AES: 13960669087.558645
  m_CPU_enc_ECDSA: 3154261122.1947675
  ME_ALLOC_S: 4211.146409075438
  ME_READ_S: 19282.3330078125
  ME_READ_L: 6078.56982421875
  ME_WRITE: 6618.06982421875
  ME_LARGE: 18352.416666666668
  ME_LATENCY: 82.501149048130571
  ME_THREADED: 76427.64794921875
  SUMM_CPU: 17422.692750019953
  SUMM_ME: 1672.5295557400325
SystemInformation:
  OSName: Ubuntu 24.04.4 LTS
  Kernel: 6.8.0-106-generic
  Device: ""
  Processor: Intel(R) Xeon(R) Platinum 8163 CPU @ 2.50GHz
  NumSockets: 1
  Manufacturer: GenuineIntel
  NumCores: 8
  NumLogicals: 16
  CPUFrequency: 2500
  CPUMaxFrequency: 3100
  Memory: 31707
  CPUInfo:
    number: 1
    Family: 6
    Model: 5
    stepping: 4
    features: 529267711
    manufacture: GenuineIntel
    typestring: Intel(R) Xeon(R) Platinum 8163 CPU @ 2.50GHz
    iCoresPerPackage: 8
    iThreadsPerPackage: 2
    featuresEx:
      - 529267711
      - 4294586883
      - 739248128
    bHybrid: false
    nPCore: 0
    nLogicalsPerPCore: 0
    nECore: 0
    nLogicalsPerECore: 0
  MemModuleInfo:
    iNumMemSticks: 2
    DIMM 1:
      manufacturer: Alibaba Cloud
      modulePartNo: Not Specified
      memType: RAM
      size: 16
      clkspeed: 0
      moduleVoltage: 0
    DIMM 2:
      manufacturer: Alibaba Cloud
      modulePartNo: Not Specified
      memType: RAM
      size: 16
      clkspeed: 0
      moduleVoltage: 0
Checksum: 9C05E16B6BBC938A5A1088CA638A4C17AC910490