BaselineInfo:
  WebDBID: -1
  TimeStamp: 20250901170344
Version:
  Major: 11
  Minor: 0
  Build: 1002
  SpecialBuildName: ""
  ptArchitecture: x86_64_linux
Results:
  Results Complete: true
  NumTestProcesses: 384
  CPU_INTEGER_MATH: 1970952.0243333334
  CPU_FLOATINGPOINT_MATH: 1430928.8911360784
  CPU_PRIME: 3213.3188065847698
  CPU_SORTING: 884191.58151641453
  CPU_ENCRYPTION: 409686.53045882692
  CPU_COMPRESSION: 6904683.0363933165
  CPU_SINGLETHREAD: 3244.2088539355382
  CPU_PHYSICS: 51399.587217931898
  CPU_MATRIX_MULT_SSE: 463897.39232661901
  CPU_mm: 52504.110285900948
  CPU_sse: 214556.56858831801
  CPU_fma: 541033.43775635853
  CPU_avx: 434677.15618494013
  CPU_avx512: 665322.40677685989
  m_CPU_enc_SHA: 451103387649.38928
  m_CPU_enc_AES: 558233395391.54333
  m_CPU_enc_ECDSA: 279425607046.25336
  ME_ALLOC_S: 36187.513681155811
  ME_READ_S: 27145.293554687501
  ME_READ_L: 15743.408203125
  ME_WRITE: 8404.537109375
  ME_LARGE: 1507766.25
  ME_LATENCY: 65.662235978615911
  ME_THREADED: 1947720.6831665039
  SUMM_CPU: 177699.21241478663
  SUMM_ME: 2654.323485194107
SystemInformation:
  OSName: Ubuntu 24.04.2 LTS
  Kernel: 6.14.0-1011-aws
  Device: ""
  Processor: Intel Xeon 6975P-C
  NumSockets: 2
  Manufacturer: GenuineIntel
  NumCores: 192
  NumLogicals: 384
  CPUFrequency: 0
  Memory: 1523389
  MemModuleInfo:
    iNumMemSticks: 6
    DIMM 1:
      manufacturer: Not Specified
      modulePartNo: Not Specified
      memType: DDR5
      size: 256
      clkspeed: 3600
      moduleVoltage: 0
    DIMM 2:
      manufacturer: Not Specified
      modulePartNo: Not Specified
      memType: DDR5
      size: 256
      clkspeed: 3600
      moduleVoltage: 0
    DIMM 3:
      manufacturer: Not Specified
      modulePartNo: Not Specified
      memType: DDR5
      size: 256
      clkspeed: 3600
      moduleVoltage: 0
    DIMM 4:
      manufacturer: Not Specified
      modulePartNo: Not Specified
      memType: DDR5
      size: 256
      clkspeed: 3600
      moduleVoltage: 0
    DIMM 5:
      manufacturer: Not Specified
      modulePartNo: Not Specified
      memType: DDR5
      size: 256
      clkspeed: 3600
      moduleVoltage: 0
    DIMM 6:
      manufacturer: Not Specified
      modulePartNo: Not Specified
      memType: DDR5
      size: 256
      clkspeed: 3600
      moduleVoltage: 0
Checksum: 7BD03AD1F254A3D930B2B96F01BBA5DC51F1C5A8