BaselineInfo:
  WebDBID: -1
  TimeStamp: 20241108205835
Version:
  Major: 11
  Minor: 0
  Build: 1002
  SpecialBuildName: ""
  ptArchitecture: aarch64_linux
Results:
  Results Complete: true
  NumTestProcesses: 16
  CPU_INTEGER_MATH: 83514.081333333321
  CPU_FLOATINGPOINT_MATH: 97043.029030915393
  CPU_PRIME: 243.68144164366817
  CPU_SORTING: 74079.427235613664
  CPU_ENCRYPTION: 3017.1303136041311
  CPU_COMPRESSION: 106393.94693618262
  CPU_SINGLETHREAD: 1943.6796184089224
  CPU_PHYSICS: 4738.2575644406761
  CPU_MATRIX_MULT_SSE: 14753.369004439413
  CPU_mm: 1814.8825089413958
  CPU_sse: 11621.414368155991
  CPU_fma: 17885.323640722836
  CPU_avx: 0
  CPU_avx512: 0
  m_CPU_enc_SHA: 4703636308.9853926
  m_CPU_enc_AES: 1721450796.4942346
  m_CPU_enc_ECDSA: 3065984201.6736703
  ME_ALLOC_S: 23817.902831602911
  ME_READ_S: 18913.285546874999
  ME_READ_L: 18125.240234375
  ME_WRITE: 21271.91796875
  ME_LARGE: 242563.41666666666
  ME_LATENCY: 50.154322629481747
  ME_THREADED: 255309.2275390625
  SUMM_CPU: 14566.519155692553
  SUMM_ME: 3097.4784188076073
SystemInformation:
  OSName: Ubuntu 24.04.1 LTS
  Kernel: 6.8.0-1016-aws
  Device: ""
  Processor: ARM Neoverse-V2 16 Core 0 MHz
  NumSockets: 1
  Manufacturer: ARM
  NumCores: 16
  NumLogicals: 16
  CPUFrequency: 0
  Memory: 253169
Checksum: 1BEA196394A368C7D332F27342D7ED818043377A