---
system-info:
      stress-ng-version: 0.17.08
      run-by: root
      date-yyyy-mm-dd: 2024:09:22
      time-hh-mm-ss: 23:38:07
      epoch-secs: 1727048287
      hostname: sc-runner
      sysname: Linux
      nodename: sc-runner
      release: 6.8.0-1014-azure
      version: '#16-Ubuntu SMP Thu Aug 15 20:04:41 UTC 2024'
      machine: x86_64
      compiler: 'musl-gcc 13.2.1'
      uptime: 2027
      totalram: 135060664320
      freeram: 124305637376
      sharedram: 38383616
      bufferram: 290246656
      totalswap: 0
      freeswap: 0
      pagesize: 4096
      cpus: 32
      cpus-online: 32
      ticks-per-second: 100

metrics:
    - stressor: cpu
      bogo-ops: 861910
      bogo-ops-per-second-usr-sys-time: 1347.767114
      bogo-ops-per-second-real-time: 43095.383735
      wall-clock-time: 20.000054
      user-time: 639.475610
      system-time: 0.033984
      cpu-usage-per-instance: 99.923104
      max-rss: 3080

...
