BaselineInfo:
  WebDBID: -1
  TimeStamp: 20250828213548
Version:
  Major: 11
  Minor: 0
  Build: 1002
  SpecialBuildName: ""
  ptArchitecture: x86_64_linux
Results:
  Results Complete: true
  NumTestProcesses: 128
  CPU_INTEGER_MATH: 659976.23999999999
  CPU_FLOATINGPOINT_MATH: 477699.9231858484
  CPU_PRIME: 1086.6001118029919
  CPU_SORTING: 329121.04738221242
  CPU_ENCRYPTION: 144612.41041388479
  CPU_COMPRESSION: 2541079.7207196779
  CPU_SINGLETHREAD: 3258.8424174273946
  CPU_PHYSICS: 18561.967433842074
  CPU_MATRIX_MULT_SSE: 176442.89479113178
  CPU_mm: 19184.781516232313
  CPU_sse: 79360.69990962297
  CPU_fma: 206301.41975342826
  CPU_avx: 165923.60229514693
  CPU_avx512: 254185.85720632883
  m_CPU_enc_SHA: 153089867647.08621
  m_CPU_enc_AES: 199981449877.85764
  m_CPU_enc_ECDSA: 101839991061.50526
  ME_ALLOC_S: 34603.495594998065
  ME_READ_S: 27749.343554687501
  ME_READ_L: 16114.6748046875
  ME_WRITE: 10493.61328125
  ME_LARGE: 494357.83333333331
  ME_LATENCY: 70.429726732565101
  ME_THREADED: 407673.32580566406
  SUMM_CPU: 122843.32979160812
  SUMM_ME: 2639.7853146031161
SystemInformation:
  OSName: Ubuntu 24.04.2 LTS
  Kernel: 6.14.0-1011-aws
  Device: ""
  Processor: Intel Xeon 6975P-C
  NumSockets: 1
  Manufacturer: GenuineIntel
  NumCores: 64
  NumLogicals: 128
  CPUFrequency: 0
  Memory: 507805
  MemModuleInfo:
    iNumMemSticks: 2
    DIMM 1:
      manufacturer: Not Specified
      modulePartNo: Not Specified
      memType: DDR5
      size: 256
      clkspeed: 3600
      moduleVoltage: 0
    DIMM 2:
      manufacturer: Not Specified
      modulePartNo: Not Specified
      memType: DDR5
      size: 256
      clkspeed: 3600
      moduleVoltage: 0
Checksum: 5A1A71E003EC3C80FD52B969DFBAB5266A881B72