BaselineInfo:
  WebDBID: -1
  TimeStamp: 20260405004835
Version:
  Major: 11
  Minor: 0
  Build: 1004
  SpecialBuildName: ""
  ptArchitecture: x86_64_linux
Results:
  Results Complete: true
  NumTestProcesses: 24
  CPU_INTEGER_MATH: 59080.330666666654
  CPU_FLOATINGPOINT_MATH: 31745.092260396352
  CPU_PRIME: 79.70912132403646
  CPU_SORTING: 36091.740760371918
  CPU_ENCRYPTION: 8170.5059992032129
  CPU_COMPRESSION: 272941.04625610483
  CPU_SINGLETHREAD: 1647.9328038753354
  CPU_PHYSICS: 1714.5134515196833
  CPU_MATRIX_MULT_SSE: 18498.306463458506
  CPU_mm: 1796.3751627162762
  CPU_sse: 6479.8092511189907
  CPU_fma: 21952.24569899487
  CPU_avx: 15512.778636517605
  CPU_avx512: 30048.392267202562
  m_CPU_enc_SHA: 2663604897.0921102
  m_CPU_enc_AES: 20622456675.887482
  m_CPU_enc_ECDSA: 2416127922.8819308
  ME_ALLOC_S: 6503.720468566562
  ME_READ_S: 19347.3076171875
  ME_READ_L: 6486.3232421875
  ME_WRITE: 6800.96875
  ME_LARGE: 82496.083333333328
  ME_LATENCY: 76.681830776163523
  ME_THREADED: 88069.260986328125
  SUMM_CPU: 18227.841874922509
  SUMM_ME: 1820.3163400234421
SystemInformation:
  OSName: Ubuntu 24.04.4 LTS
  Kernel: 6.8.0-106-generic
  Device: ""
  Processor: Intel(R) Xeon(R) Platinum 8269CY CPU @ 2.50GHz
  NumSockets: 1
  Manufacturer: GenuineIntel
  NumCores: 12
  NumLogicals: 24
  CPUFrequency: 0
  CPUMaxFrequency: 0
  Memory: 96040
  CPUInfo:
    number: 1
    Family: 6
    Model: 5
    stepping: 7
    features: 529267711
    manufacture: GenuineIntel
    typestring: Intel(R) Xeon(R) Platinum 8269CY CPU @ 2.50GHz
    iCoresPerPackage: 12
    iThreadsPerPackage: 2
    featuresEx:
      - 529267711
      - 4277809667
      - 739248128
    bHybrid: false
    nPCore: 0
    nLogicalsPerPCore: 0
    nECore: 0
    nLogicalsPerECore: 0
  MemModuleInfo:
    iNumMemSticks: 6
    DIMM 1:
      manufacturer: Alibaba Cloud
      modulePartNo: Not Specified
      memType: RAM
      size: 16
      clkspeed: 0
      moduleVoltage: 0
    DIMM 2:
      manufacturer: Alibaba Cloud
      modulePartNo: Not Specified
      memType: RAM
      size: 16
      clkspeed: 0
      moduleVoltage: 0
    DIMM 3:
      manufacturer: Alibaba Cloud
      modulePartNo: Not Specified
      memType: RAM
      size: 16
      clkspeed: 0
      moduleVoltage: 0
    DIMM 4:
      manufacturer: Alibaba Cloud
      modulePartNo: Not Specified
      memType: RAM
      size: 16
      clkspeed: 0
      moduleVoltage: 0
    DIMM 5:
      manufacturer: Alibaba Cloud
      modulePartNo: Not Specified
      memType: RAM
      size: 16
      clkspeed: 0
      moduleVoltage: 0
    DIMM 6:
      manufacturer: Alibaba Cloud
      modulePartNo: Not Specified
      memType: RAM
      size: 16
      clkspeed: 0
      moduleVoltage: 0
Checksum: E14061B4FB19667C720B6DDC4636C8040B80F85B