BaselineInfo:
  WebDBID: -1
  TimeStamp: 20241109104559
Version:
  Major: 11
  Minor: 0
  Build: 1002
  SpecialBuildName: ""
  ptArchitecture: aarch64_linux
Results:
  Results Complete: true
  NumTestProcesses: 64
  CPU_INTEGER_MATH: 333772.46733333345
  CPU_FLOATINGPOINT_MATH: 387698.07466252078
  CPU_PRIME: 691.82170251648108
  CPU_SORTING: 293310.51961386361
  CPU_ENCRYPTION: 12054.373627178158
  CPU_COMPRESSION: 425571.54350017128
  CPU_SINGLETHREAD: 1943.9856430662501
  CPU_PHYSICS: 16130.242377955894
  CPU_MATRIX_MULT_SSE: 56414.836708494789
  CPU_mm: 7309.4865808848072
  CPU_sse: 44516.596129469777
  CPU_fma: 68313.077287519802
  CPU_avx: 0
  CPU_avx512: 0
  m_CPU_enc_SHA: 18788033439.219467
  m_CPU_enc_AES: 6880718835.6735153
  m_CPU_enc_ECDSA: 12251028366.582912
  ME_ALLOC_S: 47383.889294969551
  ME_READ_S: 19523.452343749999
  ME_READ_L: 20234.69140625
  ME_WRITE: 21294.033203125
  ME_LARGE: 240204.41666666666
  ME_LATENCY: 46.56873756756503
  ME_THREADED: 505010.38232421875
  SUMM_CPU: 44111.297777977699
  SUMM_ME: 3321.6910267089161
SystemInformation:
  OSName: Ubuntu 24.04.1 LTS
  Kernel: 6.8.0-1016-aws
  Device: ""
  Processor: ARM Neoverse-V2 64 Core 0 MHz
  NumSockets: 1
  Manufacturer: ARM
  NumCores: 64
  NumLogicals: 64
  CPUFrequency: 0
  Memory: 253157
Checksum: 1F853686DCB2101FA45D8B1A77F01DC778E330A0