BaselineInfo:
  WebDBID: -1
  TimeStamp: 20241107074412
Version:
  Major: 11
  Minor: 0
  Build: 1002
  SpecialBuildName: ""
  ptArchitecture: x86_64_linux
Results:
  Results Complete: true
  NumTestProcesses: 2
  CPU_INTEGER_MATH: 7145.2743333333328
  CPU_FLOATINGPOINT_MATH: 5960.7567448639502
  CPU_PRIME: 22.661505202431862
  CPU_SORTING: 4338.8042652664217
  CPU_ENCRYPTION: 917.85497476719888
  CPU_COMPRESSION: 35394.659171254913
  CPU_SINGLETHREAD: 1838.7201499535095
  CPU_PHYSICS: 399.55501871977185
  CPU_MATRIX_MULT_SSE: 2963.1859425396733
  CPU_mm: 328.74649025991494
  CPU_sse: 1263.363870432675
  CPU_fma: 4065.5961070541953
  CPU_avx: 2713.097414695133
  CPU_avx512: 3810.6863779766891
  m_CPU_enc_SHA: 505598744.26688969
  m_CPU_enc_AES: 1940234137.3026178
  m_CPU_enc_ECDSA: 441489212.49496341
  ME_ALLOC_S: 1345.8884167548831
  ME_READ_S: 21594.430078124999
  ME_READ_L: 10296.736328125
  ME_WRITE: 9658.478515625
  ME_LARGE: 685
  ME_LATENCY: 50.807705762759419
  ME_THREADED: 22003.3291015625
  SUMM_CPU: 2945.8802694779652
  SUMM_ME: 1072.3629817303363
SystemInformation:
  OSName: Ubuntu 24.04.1 LTS
  Kernel: 6.8.0-1017-azure
  Device: ""
  Processor: Intel Xeon Platinum 8272CL CPU @ 2.60GHz
  NumSockets: 1
  Manufacturer: GenuineIntel
  NumCores: 2
  NumLogicals: 2
  CPUFrequency: 0
  Memory: 6930
  MemModuleInfo:
    iNumMemSticks: 2
    DIMM 1:
      manufacturer: Microsoft Corporation
      modulePartNo: None
      memType: Unknown
      size: 1
      clkspeed: 0
      moduleVoltage: 0
    DIMM 2:
      manufacturer: Microsoft Corporation
      modulePartNo: None
      memType: Unknown
      size: 6
      clkspeed: 0
      moduleVoltage: 0
Checksum: 74728E81FB06DFD066EB1F130C52B45EEF8C0114