---
system-info:
      stress-ng-version: 0.17.08
      run-by: root
      date-yyyy-mm-dd: 2024:06:16
      time-hh-mm-ss: 04:23:59
      epoch-secs: 1718511839
      hostname: ffc209477e73
      sysname: Linux
      nodename: ffc209477e73
      release: 6.8.0-1008-aws
      version: '#8-Ubuntu SMP Sat Apr 20 00:46:25 UTC 2024'
      machine: x86_64
      compiler: 'musl-gcc 13.2.1'
      uptime: 183
      totalram: 1597804134400
      freeram: 1590607626240
      sharedram: 224866304
      bufferram: 112001024
      totalswap: 0
      freeswap: 0
      pagesize: 4096
      cpus: 192
      cpus-online: 192
      ticks-per-second: 100

metrics:
    - stressor: cpu
      bogo-ops: 40310
      bogo-ops-per-second-usr-sys-time: 2015.528520
      bogo-ops-per-second-real-time: 2015.500024
      wall-clock-time: 20.000000
      user-time: 19.999717
      system-time: 0.000000
      cpu-usage-per-instance: 99.998586
      max-rss: 0

...
