---
system-info:
      stress-ng-version: 0.17.08
      run-by: root
      date-yyyy-mm-dd: 2024:06:09
      time-hh-mm-ss: 23:42:23
      epoch-secs: 1717976543
      hostname: 5622a8d418eb
      sysname: Linux
      nodename: 5622a8d418eb
      release: 6.8.0-1008-aws
      version: '#8-Ubuntu SMP Sat Apr 20 00:46:25 UTC 2024'
      machine: x86_64
      compiler: 'musl-gcc 13.2.1'
      uptime: 171
      totalram: 1597804167168
      freeram: 1590365007872
      sharedram: 224866304
      bufferram: 115843072
      totalswap: 0
      freeswap: 0
      pagesize: 4096
      cpus: 192
      cpus-online: 192
      ticks-per-second: 100

metrics:
    - stressor: cpu
      bogo-ops: 21036
      bogo-ops-per-second-usr-sys-time: 2103.565081
      bogo-ops-per-second-real-time: 2103.525875
      wall-clock-time: 10.000352
      user-time: 9.999167
      system-time: 0.000999
      cpu-usage-per-instance: 99.998136
      max-rss: 3072

...
