BaselineInfo:
  WebDBID: -1
  TimeStamp: 20241111104124
Version:
  Major: 11
  Minor: 0
  Build: 1002
  SpecialBuildName: ""
  ptArchitecture: x86_64_linux
Results:
  Results Complete: true
  NumTestProcesses: 16
  CPU_INTEGER_MATH: 71268.593000000008
  CPU_FLOATINGPOINT_MATH: 39398.567339898938
  CPU_PRIME: 160.23492884471179
  CPU_SORTING: 38711.193219704073
  CPU_ENCRYPTION: 18569.707721788101
  CPU_COMPRESSION: 274903.2629714369
  CPU_SINGLETHREAD: 2569.7293211494957
  CPU_PHYSICS: 2909.0888181433165
  CPU_MATRIX_MULT_SSE: 16030.632637290593
  CPU_mm: 1938.4819191765935
  CPU_sse: 8148.1807390076137
  CPU_fma: 22397.857271401179
  CPU_avx: 17545.859901462994
  CPU_avx512: 0
  m_CPU_enc_SHA: 26936587284.415554
  m_CPU_enc_AES: 17234044910.235447
  m_CPU_enc_ECDSA: 14244617337.594057
  ME_ALLOC_S: 7672.3408394516528
  ME_READ_S: 26240.033789062501
  ME_READ_L: 17789.953125
  ME_WRITE: 19313.884765625
  ME_LARGE: 53892.25
  ME_LATENCY: 60.153156405332545
  ME_THREADED: 96152.7060546875
  SUMM_CPU: 23917.023448850185
  SUMM_ME: 2894.0013857991216
SystemInformation:
  OSName: Ubuntu 24.04.1 LTS
  Kernel: 6.8.0-1015-gcp
  Device: ""
  Processor: AMD EPYC 7B13
  NumSockets: 1
  Manufacturer: AuthenticAMD
  NumCores: 8
  NumLogicals: 16
  CPUFrequency: 0
  Memory: 64298
  MemModuleInfo:
    iNumMemSticks: 4
    DIMM 1:
      manufacturer: ""
      modulePartNo: ""
      memType: RAM
      size: 16
      clkspeed: 0
      moduleVoltage: 0
    DIMM 2:
      manufacturer: ""
      modulePartNo: ""
      memType: RAM
      size: 16
      clkspeed: 0
      moduleVoltage: 0
    DIMM 3:
      manufacturer: ""
      modulePartNo: ""
      memType: RAM
      size: 16
      clkspeed: 0
      moduleVoltage: 0
    DIMM 4:
      manufacturer: ""
      modulePartNo: ""
      memType: RAM
      size: 16
      clkspeed: 0
      moduleVoltage: 0
Checksum: 182DA648F20733543C24F79A836D9FF98A999FC7