size_kb,operation,bandwidth_mb_s,latency_ns,latency_stddev_ns,latency_samples,threads,iterations,elapsed_s
32,read,10617018.26,0,0,0,96,783699,0.221446
32,write,9554243.66,0,0,0,96,735294,0.230880
32,copy,8594426.22,0,0,0,96,572081,0.199693
32,latency,0,1.83,0.00,7,1,7,0.263237
128,read,8583290.91,0,0,0,96,155183,0.216956
128,write,9557803.10,0,0,0,96,186567,0.234238
128,copy,7200903.60,0,0,0,96,124688,0.207787
128,latency,0,2.04,0.00,7,1,7,0.562868
1024,read,7507633.29,0,0,0,96,19668,0.251494
1024,write,9480548.53,0,0,0,96,24774,0.250861
1024,copy,1241389.13,0,0,0,96,15751,1.218068
1024,latency,0,4.69,0.00,7,1,7,0.675158
2048,read,2265176.82,0,0,0,96,10028,0.849989
2048,write,2133929.48,0,0,0,96,12239,1.101202
2048,copy,438548.79,0,0,0,96,4840,2.118989
2048,latency,0,12.40,0.04,7,1,7,0.679505
4096,read,835694.65,0,0,0,96,3477,1.597674
4096,write,756940.01,0,0,0,96,5354,2.716115
4096,copy,220942.28,0,0,0,96,1510,2.624396
4096,latency,0,22.66,0.03,7,1,7,0.689746
32768,read,368355.48,0,0,0,96,243,2.026564
32768,write,336165.10,0,0,0,96,531,4.852473
32768,copy,166162.15,0,0,0,96,228,4.215256
32768,latency,0,33.90,0.06,7,1,7,0.799842
65536,read,358402.00,0,0,0,96,142,2.434272
65536,write,334796.11,0,0,0,96,264,4.844787
65536,copy,167896.42,0,0,0,96,112,4.098527
65536,latency,0,34.71,0.04,7,1,7,1.656077
131072,read,356240.78,0,0,0,96,69,2.380053
131072,write,335581.17,0,0,0,96,130,4.760219
131072,copy,169101.51,0,0,0,96,55,3.996653
131072,latency,0,63.23,2.73,7,1,7,5.855168
262144,read,356126.81,0,0,0,96,36,2.484329
262144,write,332664.28,0,0,0,96,64,4.728082
262144,copy,160646.12,0,0,0,48,28,2.141751
262144,latency,0,84.75,1.06,7,1,7,15.029138
524288,read,327917.55,0,0,0,48,17,1.274076
524288,write,336231.03,0,0,0,48,32,2.338963
524288,copy,159659.78,0,0,0,24,13,1.000527
524288,latency,0,90.81,0.16,7,1,7,33.137799
