---
system-info:
      stress-ng-version: 0.17.08
      run-by: root
      date-yyyy-mm-dd: 2024:06:06
      time-hh-mm-ss: 19:54:46
      epoch-secs: 1717703686
      hostname: c075a57ae973
      sysname: Linux
      nodename: c075a57ae973
      release: 6.8.0-1008-aws
      version: '#8-Ubuntu SMP Sat Apr 20 00:46:25 UTC 2024'
      machine: x86_64
      compiler: 'musl-gcc 13.2.1'
      uptime: 102
      totalram: 8158195712
      freeram: 3931742208
      sharedram: 113528832
      bufferram: 85954560
      totalswap: 0
      freeswap: 0
      pagesize: 4096
      cpus: 4
      cpus-online: 4
      ticks-per-second: 100

metrics:
    - stressor: cpu
      bogo-ops: 58560
      bogo-ops-per-second-usr-sys-time: 1472.455354
      bogo-ops-per-second-real-time: 5855.534481
      wall-clock-time: 10.000795
      user-time: 39.756318
      system-time: 0.013988
      cpu-usage-per-instance: 99.417861
      max-rss: 4048

...
