---
system-info:
      stress-ng-version: 0.17.08
      run-by: root
      date-yyyy-mm-dd: 2024:06:14
      time-hh-mm-ss: 11:42:03
      epoch-secs: 1718365323
      hostname: c439afed656c
      sysname: Linux
      nodename: c439afed656c
      release: 6.8.0-1008-aws
      version: '#8-Ubuntu SMP Sat Apr 20 00:46:25 UTC 2024'
      machine: x86_64
      compiler: 'musl-gcc 13.2.1'
      uptime: 114
      totalram: 8158191616
      freeram: 3759747072
      sharedram: 113528832
      bufferram: 107126784
      totalswap: 0
      freeswap: 0
      pagesize: 4096
      cpus: 4
      cpus-online: 4
      ticks-per-second: 100

metrics:
    - stressor: cpu
      bogo-ops: 73203
      bogo-ops-per-second-usr-sys-time: 918.474201
      bogo-ops-per-second-real-time: 3660.134074
      wall-clock-time: 20.000087
      user-time: 79.682673
      system-time: 0.017987
      cpu-usage-per-instance: 99.625392
      max-rss: 1104

...
