BaselineInfo:
  WebDBID: -1
  TimeStamp: 20241107223902
Version:
  Major: 11
  Minor: 0
  Build: 1002
  SpecialBuildName: ""
  ptArchitecture: x86_64_linux
Results:
  Results Complete: true
  NumTestProcesses: 8
  CPU_INTEGER_MATH: 22229.413666666667
  CPU_FLOATINGPOINT_MATH: 11965.332404901552
  CPU_PRIME: 29.591479489290794
  CPU_SORTING: 11890.164819596241
  CPU_ENCRYPTION: 3088.8055519723862
  CPU_COMPRESSION: 99684.721022829879
  CPU_SINGLETHREAD: 1793.4157924601561
  CPU_PHYSICS: 721.61380377101193
  CPU_MATRIX_MULT_SSE: 5942.315206659845
  CPU_mm: 677.1596889799157
  CPU_sse: 2446.8432001132905
  CPU_fma: 7190.6666868081793
  CPU_avx: 5080.8250281599203
  CPU_avx512: 9050.9259115579935
  m_CPU_enc_SHA: 1007670065.4493849
  m_CPU_enc_AES: 7812085399.4635324
  m_CPU_enc_ECDSA: 896786646.48207283
  ME_ALLOC_S: 2593.2569011027335
  ME_READ_S: 21524.53515625
  ME_READ_L: 9321.1669921875
  ME_WRITE: 9455.0673828125
  ME_LARGE: 21335.333333333332
  ME_LATENCY: 58.916234091807006
  ME_THREADED: 43680.728515625
  SUMM_CPU: 7396.1097689704429
  SUMM_ME: 2150.7710761365861
SystemInformation:
  OSName: Ubuntu 24.04.1 LTS
  Kernel: 6.8.0-1016-aws
  Device: ""
  Processor: Intel Xeon Platinum 8175M CPU @ 2.50GHz
  NumSockets: 1
  Manufacturer: GenuineIntel
  NumCores: 4
  NumLogicals: 8
  CPUFrequency: 0
  Memory: 31386
  MemModuleInfo:
    iNumMemSticks: 1
    DIMM 1:
      manufacturer: Not Specified
      modulePartNo: Not Specified
      memType: DDR4
      size: 32
      clkspeed: 1333
      moduleVoltage: 0
Checksum: 80F4EC1C63E9608D612524AB3F81B4FE8C15BE4F