---
system-info:
      stress-ng-version: 0.17.08
      run-by: root
      date-yyyy-mm-dd: 2024:06:08
      time-hh-mm-ss: 08:23:32
      epoch-secs: 1717835012
      hostname: 72bad1f0d6d8
      sysname: Linux
      nodename: 72bad1f0d6d8
      release: 6.8.0-1008-aws
      version: '#8-Ubuntu SMP Sat Apr 20 00:46:25 UTC 2024'
      machine: x86_64
      compiler: 'musl-gcc 13.2.1'
      uptime: 166
      totalram: 958599168
      freeram: 80596992
      sharedram: 40714240
      bufferram: 48766976
      totalswap: 0
      freeswap: 0
      pagesize: 4096
      cpus: 2
      cpus-online: 2
      ticks-per-second: 100

metrics:
    - stressor: cpu
      bogo-ops: 11741
      bogo-ops-per-second-usr-sys-time: 1173.983776
      bogo-ops-per-second-real-time: 1173.752797
      wall-clock-time: 10.002958
      user-time: 9.996503
      system-time: 0.004487
      cpu-usage-per-instance: 99.980325
      max-rss: 3920

...
