---
system-info:
      stress-ng-version: 0.17.08
      run-by: root
      date-yyyy-mm-dd: 2024:06:13
      time-hh-mm-ss: 21:21:52
      epoch-secs: 1718313712
      hostname: 19eaa9a17d78
      sysname: Linux
      nodename: 19eaa9a17d78
      release: 6.8.0-1008-aws
      version: '#8-Ubuntu SMP Sat Apr 20 00:46:25 UTC 2024'
      machine: x86_64
      compiler: 'musl-gcc 13.2.1'
      uptime: 210
      totalram: 958595072
      freeram: 135462912
      sharedram: 40714240
      bufferram: 52928512
      totalswap: 0
      freeswap: 0
      pagesize: 4096
      cpus: 2
      cpus-online: 2
      ticks-per-second: 100

metrics:
    - stressor: cpu
      bogo-ops: 19237
      bogo-ops-per-second-usr-sys-time: 961.962165
      bogo-ops-per-second-real-time: 961.831528
      wall-clock-time: 20.000384
      user-time: 19.989627
      system-time: 0.008041
      cpu-usage-per-instance: 99.986420
      max-rss: 1104

...
