---
system-info:
      stress-ng-version: 0.17.08
      run-by: root
      date-yyyy-mm-dd: 2024:06:15
      time-hh-mm-ss: 06:55:58
      epoch-secs: 1718434558
      hostname: 0d0ab14698a7
      sysname: Linux
      nodename: 0d0ab14698a7
      release: 6.8.0-1008-aws
      version: '#8-Ubuntu SMP Sat Apr 20 00:46:25 UTC 2024'
      machine: x86_64
      compiler: 'musl-gcc 13.2.1'
      uptime: 125
      totalram: 33089794048
      freeram: 28650160128
      sharedram: 113565696
      bufferram: 108257280
      totalswap: 0
      freeswap: 0
      pagesize: 4096
      cpus: 8
      cpus-online: 8
      ticks-per-second: 100

metrics:
    - stressor: cpu
      bogo-ops: 154479
      bogo-ops-per-second-usr-sys-time: 967.354571
      bogo-ops-per-second-real-time: 7723.920582
      wall-clock-time: 20.000076
      user-time: 159.680225
      system-time: 0.011996
      cpu-usage-per-instance: 99.807258
      max-rss: 1232

...
