---
system-info:
      stress-ng-version: 0.17.08
      run-by: root
      date-yyyy-mm-dd: 2024:06:08
      time-hh-mm-ss: 22:19:55
      epoch-secs: 1717885195
      hostname: be1dd55e4299
      sysname: Linux
      nodename: be1dd55e4299
      release: 6.8.0-1008-aws
      version: '#8-Ubuntu SMP Sat Apr 20 00:46:25 UTC 2024'
      machine: x86_64
      compiler: 'musl-gcc 13.2.1'
      uptime: 109
      totalram: 33089794048
      freeram: 28554174464
      sharedram: 113565696
      bufferram: 106258432
      totalswap: 0
      freeswap: 0
      pagesize: 4096
      cpus: 8
      cpus-online: 8
      ticks-per-second: 100

metrics:
    - stressor: cpu
      bogo-ops: 125631
      bogo-ops-per-second-usr-sys-time: 1574.381923
      bogo-ops-per-second-real-time: 12560.353221
      wall-clock-time: 10.002187
      user-time: 79.782042
      system-time: 0.014987
      cpu-usage-per-instance: 99.724478
      max-rss: 4048

...
