BaselineInfo:
  WebDBID: -1
  TimeStamp: 20241107161921
Version:
  Major: 11
  Minor: 0
  Build: 1002
  SpecialBuildName: ""
  ptArchitecture: x86_64_linux
Results:
  Results Complete: true
  NumTestProcesses: 4
  CPU_INTEGER_MATH: 16413.472333333331
  CPU_FLOATINGPOINT_MATH: 11650.801472696206
  CPU_PRIME: 36.022398989992261
  CPU_SORTING: 8433.4976405801717
  CPU_ENCRYPTION: 3652.5551055792521
  CPU_COMPRESSION: 62439.115277878343
  CPU_SINGLETHREAD: 2540.922893565064
  CPU_PHYSICS: 831.68775040567266
  CPU_MATRIX_MULT_SSE: 4406.9191702264961
  CPU_mm: 464.32879868859874
  CPU_sse: 2018.3553834045524
  CPU_fma: 5004.0518849506843
  CPU_avx: 3887.24813290261
  CPU_avx512: 6718.0212796481355
  m_CPU_enc_SHA: 3834072990.1708269
  m_CPU_enc_AES: 4973170746.2910509
  m_CPU_enc_ECDSA: 2682701130.7017303
  ME_ALLOC_S: 2359.4258259655908
  ME_READ_S: 22962.597070312499
  ME_READ_L: 7309.88330078125
  ME_WRITE: 6829.48095703125
  ME_LARGE: 21242.916666666668
  ME_LATENCY: 65.639303481087538
  ME_THREADED: 23247.52001953125
  SUMM_CPU: 6350.7276896902931
  SUMM_ME: 1819.3799980507181
SystemInformation:
  OSName: Ubuntu 24.04.1 LTS
  Kernel: 6.8.0-1015-gcp
  Device: ""
  Processor: INTEL XEON PLATINUM 8581C CPU @ 2.30GHz
  NumSockets: 1
  Manufacturer: GenuineIntel
  NumCores: 2
  NumLogicals: 4
  CPUFrequency: 0
  Memory: 31085
  MemModuleInfo:
    iNumMemSticks: 2
    DIMM 1:
      manufacturer: ""
      modulePartNo: ""
      memType: RAM
      size: 16
      clkspeed: 0
      moduleVoltage: 0
    DIMM 2:
      manufacturer: ""
      modulePartNo: ""
      memType: RAM
      size: 15
      clkspeed: 0
      moduleVoltage: 0
Checksum: D2342AFE7BC93B0135069086840323AAEA66D8D0