BaselineInfo:
  WebDBID: -1
  TimeStamp: 20241107174658
Version:
  Major: 11
  Minor: 0
  Build: 1002
  SpecialBuildName: ""
  ptArchitecture: aarch64_linux
Results:
  Results Complete: true
  NumTestProcesses: 8
  CPU_INTEGER_MATH: 31583.356
  CPU_FLOATINGPOINT_MATH: 23971.153313945921
  CPU_PRIME: 68.360441153101547
  CPU_SORTING: 22926.611376505018
  CPU_ENCRYPTION: 1091.3235762252521
  CPU_COMPRESSION: 37809.825552482267
  CPU_SINGLETHREAD: 1109.2536556482153
  CPU_PHYSICS: 1185.4063190516936
  CPU_MATRIX_MULT_SSE: 4962.245083865746
  CPU_mm: 830.56132269522118
  CPU_sse: 4187.0371703901128
  CPU_fma: 5737.4529973413773
  CPU_avx: 0
  CPU_avx512: 0
  m_CPU_enc_SHA: 1640798081.2330408
  m_CPU_enc_AES: 758749192.91827071
  m_CPU_enc_ECDSA: 1033459856.6405977
  ME_ALLOC_S: 5295.5431664860371
  ME_READ_S: 9485.7293945312504
  ME_READ_L: 9234.53125
  ME_WRITE: 12567.02734375
  ME_LARGE: 53586.166666666664
  ME_LATENCY: 69.622977754149261
  ME_THREADED: 73091.27734375
  SUMM_CPU: 5256.5799615202377
  SUMM_ME: 1780.7370014963283
SystemInformation:
  OSName: Ubuntu 24.04.1 LTS
  Kernel: 6.8.0-1016-aws
  Device: ""
  Processor: ARM Neoverse-N1 8 Core 0 MHz
  NumSockets: 1
  Manufacturer: ARM
  NumCores: 8
  NumLogicals: 8
  CPUFrequency: 0
  Memory: 63511
Checksum: 0137E99E7905161E2C94AD8F586E51A30967109A