BaselineInfo:
  WebDBID: -1
  TimeStamp: 20260620192623
Version:
  Major: 11
  Minor: 0
  Build: 1004
  SpecialBuildName: ""
  ptArchitecture: x86_64_linux
Results:
  Results Complete: true
  NumTestProcesses: 64
  CPU_INTEGER_MATH: 418846.72633333324
  CPU_FLOATINGPOINT_MATH: 244673.30121769774
  CPU_PRIME: 559.7466006967727
  CPU_SORTING: 178715.62797110763
  CPU_ENCRYPTION: 79628.608856530656
  CPU_COMPRESSION: 1391484.8505851761
  CPU_SINGLETHREAD: 3812.0960181971077
  CPU_PHYSICS: 11434.006522814612
  CPU_MATRIX_MULT_SSE: 105850.51042425564
  CPU_mm: 10336.550471600945
  CPU_sse: 39051.00424874149
  CPU_fma: 113939.77670773945
  CPU_avx: 110538.66572921623
  CPU_avx512: 159872.59501132515
  m_CPU_enc_SHA: 101785731529.51685
  m_CPU_enc_AES: 82229822768.989914
  m_CPU_enc_ECDSA: 66474390182.529617
  ME_ALLOC_S: 36882.304731961245
  ME_READ_S: 34124.560156250001
  ME_READ_L: 30436.921875
  ME_WRITE: 30705.966796875
  ME_LARGE: 247664.41666666666
  ME_LATENCY: 78.386564094610875
  ME_THREADED: 234724.15966796875
  SUMM_CPU: 94549.309136082404
  SUMM_ME: 2972.4030839413995
SystemInformation:
  OSName: Ubuntu 24.04.4 LTS
  Kernel: 6.17.0-1018-azure
  Device: ""
  Processor: "AMD EPYC 9V45 96-Core Processor                "
  NumSockets: 1
  Manufacturer: AuthenticAMD
  NumCores: 32
  NumLogicals: 64
  CPUFrequency: 0
  CPUMaxFrequency: 0
  Memory: 257719
  CPUInfo:
    number: 1
    Family: 15
    Model: 2
    stepping: 1
    features: 395049983
    manufacture: AuthenticAMD
    typestring: "AMD EPYC 9V45 96-Core Processor                "
    iCoresPerPackage: 32
    iThreadsPerPackage: 2
    featuresEx:
      - 395049983
      - 4277809667
      - 802421759
    bHybrid: false
    nPCore: 0
    nLogicalsPerPCore: 0
    nECore: 0
    nLogicalsPerECore: 0
  MemModuleInfo:
    iNumMemSticks: 3
    DIMM 1:
      manufacturer: Microsoft Corporation
      modulePartNo: None
      memType: Unknown
      size: 1
      clkspeed: 0
      moduleVoltage: 0
    DIMM 2:
      manufacturer: Microsoft Corporation
      modulePartNo: None
      memType: Unknown
      size: 59
      clkspeed: 0
      moduleVoltage: 0
    DIMM 3:
      manufacturer: Microsoft Corporation
      modulePartNo: None
      memType: Unknown
      size: 196
      clkspeed: 0
      moduleVoltage: 0
Checksum: 4D9F3D393E03B7D2D31B5A10A8295A17049C98D9