BaselineInfo:
  WebDBID: -1
  TimeStamp: 20260617104119
Version:
  Major: 11
  Minor: 0
  Build: 1004
  SpecialBuildName: ""
  ptArchitecture: x86_64_linux
Results:
  Results Complete: true
  NumTestProcesses: 4
  CPU_INTEGER_MATH: 11609.943666666666
  CPU_FLOATINGPOINT_MATH: 6240.8818092151341
  CPU_PRIME: 29.891218380002812
  CPU_SORTING: 7351.4525431302254
  CPU_ENCRYPTION: 1609.7497063048822
  CPU_COMPRESSION: 55113.259279087666
  CPU_SINGLETHREAD: 1964.307642286745
  CPU_PHYSICS: 533.26037720783484
  CPU_MATRIX_MULT_SSE: 3148.245575065474
  CPU_mm: 353.37255660461358
  CPU_sse: 1263.769118779737
  CPU_fma: 3904.1721294498739
  CPU_avx: 2762.8811364840863
  CPU_avx512: 4662.159915548199
  m_CPU_enc_SHA: 525932462.97182608
  m_CPU_enc_AES: 4063995005.3645658
  m_CPU_enc_ECDSA: 473907255.77865267
  ME_ALLOC_S: 1409.5640735585139
  ME_READ_S: 22715.1240234375
  ME_READ_L: 9830.1708984375
  ME_WRITE: 9612.162109375
  ME_LARGE: 22499.75
  ME_LATENCY: 54.753942182084351
  ME_THREADED: 24289.7236328125
  SUMM_CPU: 4262.9223199586158
  SUMM_ME: 2078.4566822411189
SystemInformation:
  OSName: Ubuntu 24.04.4 LTS
  Kernel: 6.8.0-117-generic
  Device: ""
  Processor: Intel(R) Xeon(R) Platinum 8269CY CPU @ 2.50GHz
  NumSockets: 1
  Manufacturer: GenuineIntel
  NumCores: 2
  NumLogicals: 4
  CPUFrequency: 0
  CPUMaxFrequency: 0
  Memory: 31174
  CPUInfo:
    number: 1
    Family: 6
    Model: 5
    stepping: 7
    features: 529267711
    manufacture: GenuineIntel
    typestring: Intel(R) Xeon(R) Platinum 8269CY CPU @ 2.50GHz
    iCoresPerPackage: 2
    iThreadsPerPackage: 2
    featuresEx:
      - 529267711
      - 4277809667
      - 739248128
    bHybrid: false
    nPCore: 0
    nLogicalsPerPCore: 0
    nECore: 0
    nLogicalsPerECore: 0
  MemModuleInfo:
    iNumMemSticks: 2
    DIMM 1:
      manufacturer: Alibaba Cloud
      modulePartNo: Not Specified
      memType: RAM
      size: 16
      clkspeed: 0
      moduleVoltage: 0
    DIMM 2:
      manufacturer: Alibaba Cloud
      modulePartNo: Not Specified
      memType: RAM
      size: 16
      clkspeed: 0
      moduleVoltage: 0
Checksum: 519BCBE7168674462D32500B36435F459A8F93BD