BaselineInfo:
  WebDBID: -1
  TimeStamp: 20241109093909
Version:
  Major: 11
  Minor: 0
  Build: 1002
  SpecialBuildName: ""
  ptArchitecture: aarch64_linux
Results:
  Results Complete: true
  NumTestProcesses: 32
  CPU_INTEGER_MATH: 126359.78866666667
  CPU_FLOATINGPOINT_MATH: 95950.927780515776
  CPU_PRIME: 179.19439524617732
  CPU_SORTING: 90543.961665413168
  CPU_ENCRYPTION: 4382.4799867593647
  CPU_COMPRESSION: 152558.44946757963
  CPU_SINGLETHREAD: 1109.9013162382844
  CPU_PHYSICS: 3097.6312734607873
  CPU_MATRIX_MULT_SSE: 19892.733374504001
  CPU_mm: 3342.0401244881195
  CPU_sse: 16593.653211448011
  CPU_fma: 23191.813537560003
  CPU_avx: 0
  CPU_avx512: 0
  m_CPU_enc_SHA: 6576314364.068428
  m_CPU_enc_AES: 3032838931.2395997
  m_CPU_enc_ECDSA: 4176936708.4805341
  ME_ALLOC_S: 20286.90096989485
  ME_READ_S: 9485.8239257812493
  ME_READ_L: 9176.7822265625
  ME_WRITE: 12573.8046875
  ME_LARGE: 497892
  ME_LATENCY: 73.604392870621396
  ME_THREADED: 153561.35888671875
  SUMM_CPU: 17385.114963852506
  SUMM_ME: 1810.3240368934337
SystemInformation:
  OSName: Ubuntu 24.04.1 LTS
  Kernel: 6.8.0-1016-aws
  Device: ""
  Processor: ARM Neoverse-N1 32 Core 0 MHz
  NumSockets: 1
  Manufacturer: ARM
  NumCores: 32
  NumLogicals: 32
  CPUFrequency: 0
  Memory: 509695
Checksum: B084B047C3FF74AC246886C1A2D5C52A6340FDD4