---
system-info:
      stress-ng-version: 0.17.08
      run-by: root
      date-yyyy-mm-dd: 2024:06:26
      time-hh-mm-ss: 15:38:25
      epoch-secs: 1719416305
      hostname: n4-standard-4-76ad933
      sysname: Linux
      nodename: n4-standard-4-76ad933
      release: 6.8.0-1008-gcp
      version: '#9-Ubuntu SMP Wed May 22 18:09:04 UTC 2024'
      machine: x86_64
      compiler: 'musl-gcc 13.2.1'
      uptime: 136
      totalram: 16766324736
      freeram: 11579301888
      sharedram: 274030592
      bufferram: 124141568
      totalswap: 0
      freeswap: 0
      pagesize: 4096
      cpus: 4
      cpus-online: 4
      ticks-per-second: 100

metrics:
    - stressor: cpu
      bogo-ops: 34559
      bogo-ops-per-second-usr-sys-time: 1727.965033
      bogo-ops-per-second-real-time: 1727.946931
      wall-clock-time: 20.000036
      user-time: 19.999826
      system-time: 0.000000
      cpu-usage-per-instance: 99.998952
      max-rss: 1104

...
