---
system-info:
      stress-ng-version: 0.17.08
      run-by: root
      date-yyyy-mm-dd: 2024:09:16
      time-hh-mm-ss: 16:17:43
      epoch-secs: 1726503463
      hostname: sc-runner
      sysname: Linux
      nodename: sc-runner
      release: 6.8.0-1014-azure
      version: '#16-Ubuntu SMP Thu Aug 15 20:04:41 UTC 2024'
      machine: x86_64
      compiler: 'musl-gcc 13.2.1'
      uptime: 367
      totalram: 67423416320
      freeram: 57271025664
      sharedram: 42057728
      bufferram: 240537600
      totalswap: 0
      freeswap: 0
      pagesize: 4096
      cpus: 8
      cpus-online: 8
      ticks-per-second: 100

metrics:
    - stressor: cpu
      bogo-ops: 28194
      bogo-ops-per-second-usr-sys-time: 1409.759985
      bogo-ops-per-second-real-time: 1409.692724
      wall-clock-time: 20.000103
      user-time: 19.998149
      system-time: 0.001000
      cpu-usage-per-instance: 99.995229
      max-rss: 3152

...
