---
system-info:
      stress-ng-version: 0.17.08
      run-by: root
      date-yyyy-mm-dd: 2024:07:01
      time-hh-mm-ss: 23:51:50
      epoch-secs: 1719877910
      hostname: c2d-standard-16-d08b0a6
      sysname: Linux
      nodename: c2d-standard-16-d08b0a6
      release: 6.8.0-1009-gcp
      version: '#10-Ubuntu SMP Wed Jun 12 18:52:23 UTC 2024'
      machine: x86_64
      compiler: 'musl-gcc 13.2.1'
      uptime: 160
      totalram: 67421843456
      freeram: 62166503424
      sharedram: 35069952
      bufferram: 124551168
      totalswap: 0
      freeswap: 0
      pagesize: 4096
      cpus: 16
      cpus-online: 16
      ticks-per-second: 100

metrics:
    - stressor: cpu
      bogo-ops: 469244
      bogo-ops-per-second-usr-sys-time: 1467.722026
      bogo-ops-per-second-real-time: 23462.151124
      wall-clock-time: 20.000042
      user-time: 319.694047
      system-time: 0.014993
      cpu-usage-per-instance: 99.908867
      max-rss: 1104

...
