---
system-info:
      stress-ng-version: 0.17.08
      run-by: root
      date-yyyy-mm-dd: 2024:06:09
      time-hh-mm-ss: 13:56:29
      epoch-secs: 1717941389
      hostname: 81e0e4e85507
      sysname: Linux
      nodename: 81e0e4e85507
      release: 6.8.0-1008-aws
      version: '#8-Ubuntu SMP Sat Apr 20 00:46:25 UTC 2024'
      machine: x86_64
      compiler: 'musl-gcc 13.2.1'
      uptime: 156
      totalram: 33355460608
      freeram: 28883767296
      sharedram: 11649024
      bufferram: 108355584
      totalswap: 0
      freeswap: 0
      pagesize: 4096
      cpus: 4
      cpus-online: 4
      ticks-per-second: 100

metrics:
    - stressor: cpu
      bogo-ops: 31120
      bogo-ops-per-second-usr-sys-time: 783.345806
      bogo-ops-per-second-real-time: 3111.363122
      wall-clock-time: 10.002047
      user-time: 39.707054
      system-time: 0.019973
      cpu-usage-per-instance: 99.297242
      max-rss: 4048

...
