---
system-info:
      stress-ng-version: 0.17.08
      run-by: root
      date-yyyy-mm-dd: 2024:06:15
      time-hh-mm-ss: 16:26:18
      epoch-secs: 1718468778
      hostname: 63a64e5205fc
      sysname: Linux
      nodename: 63a64e5205fc
      release: 6.8.0-1008-aws
      version: '#8-Ubuntu SMP Sat Apr 20 00:46:25 UTC 2024'
      machine: x86_64
      compiler: 'musl-gcc 13.2.1'
      uptime: 163
      totalram: 33355460608
      freeram: 29012742144
      sharedram: 11649024
      bufferram: 109084672
      totalswap: 0
      freeswap: 0
      pagesize: 4096
      cpus: 4
      cpus-online: 4
      ticks-per-second: 100

metrics:
    - stressor: cpu
      bogo-ops: 23601
      bogo-ops-per-second-usr-sys-time: 297.096008
      bogo-ops-per-second-real-time: 1180.036176
      wall-clock-time: 20.000234
      user-time: 79.411999
      system-time: 0.026968
      cpu-usage-per-instance: 99.297545
      max-rss: 976

...
