---
system-info:
      stress-ng-version: 0.17.08
      run-by: root
      date-yyyy-mm-dd: 2024:06:14
      time-hh-mm-ss: 13:30:18
      epoch-secs: 1718371818
      hostname: fa32be1a2860
      sysname: Linux
      nodename: fa32be1a2860
      release: 6.8.0-1008-aws
      version: '#8-Ubuntu SMP Sat Apr 20 00:46:25 UTC 2024'
      machine: x86_64
      compiler: 'musl-gcc 13.2.1'
      uptime: 167
      totalram: 16110223360
      freeram: 11526025216
      sharedram: 9699328
      bufferram: 114896896
      totalswap: 0
      freeswap: 0
      pagesize: 4096
      cpus: 4
      cpus-online: 4
      ticks-per-second: 100

metrics:
    - stressor: cpu
      bogo-ops: 15325
      bogo-ops-per-second-usr-sys-time: 766.243793
      bogo-ops-per-second-real-time: 766.244748
      wall-clock-time: 20.000137
      user-time: 20.000162
      system-time: 0.000000
      cpu-usage-per-instance: 100.000125
      max-rss: 1104

...
