---
system-info:
      stress-ng-version: 0.17.08
      run-by: root
      date-yyyy-mm-dd: 2024:06:07
      time-hh-mm-ss: 01:25:30
      epoch-secs: 1717723530
      hostname: e8b515582734
      sysname: Linux
      nodename: e8b515582734
      release: 6.8.0-1008-aws
      version: '#8-Ubuntu SMP Sat Apr 20 00:46:25 UTC 2024'
      machine: x86_64
      compiler: 'musl-gcc 13.2.1'
      uptime: 174
      totalram: 16110223360
      freeram: 11661238272
      sharedram: 9699328
      bufferram: 94023680
      totalswap: 0
      freeswap: 0
      pagesize: 4096
      cpus: 4
      cpus-online: 4
      ticks-per-second: 100

metrics:
    - stressor: cpu
      bogo-ops: 13963
      bogo-ops-per-second-usr-sys-time: 1396.182162
      bogo-ops-per-second-real-time: 1396.160461
      wall-clock-time: 10.000999
      user-time: 9.999845
      system-time: 0.000999
      cpu-usage-per-instance: 99.998446
      max-rss: 3920

...
