---
system-info:
      stress-ng-version: 0.17.08
      run-by: root
      date-yyyy-mm-dd: 2024:07:02
      time-hh-mm-ss: 03:52:15
      epoch-secs: 1719892335
      hostname: c2d-highmem-16-a8da7cf
      sysname: Linux
      nodename: c2d-highmem-16-a8da7cf
      release: 6.8.0-1009-gcp
      version: '#10-Ubuntu SMP Wed Jun 12 18:52:23 UTC 2024'
      machine: x86_64
      compiler: 'musl-gcc 13.2.1'
      uptime: 190
      totalram: 135067537408
      freeram: 129801162752
      sharedram: 35000320
      bufferram: 126341120
      totalswap: 0
      freeswap: 0
      pagesize: 4096
      cpus: 16
      cpus-online: 16
      ticks-per-second: 100

metrics:
    - stressor: cpu
      bogo-ops: 58533
      bogo-ops-per-second-usr-sys-time: 2926.683364
      bogo-ops-per-second-real-time: 2926.641173
      wall-clock-time: 20.000060
      user-time: 19.999772
      system-time: 0.000000
      cpu-usage-per-instance: 99.998558
      max-rss: 1104

...
