---
system-info:
      stress-ng-version: 0.17.08
      run-by: root
      date-yyyy-mm-dd: 2024:06:15
      time-hh-mm-ss: 03:41:19
      epoch-secs: 1718422879
      hostname: 3e578092067b
      sysname: Linux
      nodename: 3e578092067b
      release: 6.8.0-1008-aws
      version: '#8-Ubuntu SMP Sat Apr 20 00:46:25 UTC 2024'
      machine: x86_64
      compiler: 'musl-gcc 13.2.1'
      uptime: 111
      totalram: 198337040384
      freeram: 193683972096
      sharedram: 37388288
      bufferram: 108351488
      totalswap: 0
      freeswap: 0
      pagesize: 4096
      cpus: 48
      cpus-online: 48
      ticks-per-second: 100

metrics:
    - stressor: cpu
      bogo-ops: 2898567
      bogo-ops-per-second-usr-sys-time: 3021.332649
      bogo-ops-per-second-real-time: 144927.928159
      wall-clock-time: 20.000058
      user-time: 959.343068
      system-time: 0.023985
      cpu-usage-per-instance: 99.933777
      max-rss: 1152

...
