---
system-info:
      stress-ng-version: 0.17.08
      run-by: root
      date-yyyy-mm-dd: 2024:06:08
      time-hh-mm-ss: 19:28:21
      epoch-secs: 1717874901
      hostname: b8f91a92f6f4
      sysname: Linux
      nodename: b8f91a92f6f4
      release: 6.8.0-1008-aws
      version: '#8-Ubuntu SMP Sat Apr 20 00:46:25 UTC 2024'
      machine: x86_64
      compiler: 'musl-gcc 13.2.1'
      uptime: 108
      totalram: 198337032192
      freeram: 193572106240
      sharedram: 37388288
      bufferram: 104939520
      totalswap: 0
      freeswap: 0
      pagesize: 4096
      cpus: 48
      cpus-online: 48
      ticks-per-second: 100

metrics:
    - stressor: cpu
      bogo-ops: 646125
      bogo-ops-per-second-usr-sys-time: 1346.886890
      bogo-ops-per-second-real-time: 64596.762547
      wall-clock-time: 10.002436
      user-time: 479.657373
      system-time: 0.059970
      cpu-usage-per-instance: 99.916771
      max-rss: 3840

...
