---
system-info:
      stress-ng-version: 0.17.08
      run-by: root
      date-yyyy-mm-dd: 2024:07:03
      time-hh-mm-ss: 06:43:38
      epoch-secs: 1719989018
      hostname: n2d-standard-128-7d1c47a
      sysname: Linux
      nodename: n2d-standard-128-7d1c47a
      release: 6.8.0-1009-gcp
      version: '#10-Ubuntu SMP Wed Jun 12 18:52:23 UTC 2024'
      machine: x86_64
      compiler: 'musl-gcc 13.2.1'
      uptime: 163
      totalram: 540997615616
      freeram: 534439981056
      sharedram: 69619712
      bufferram: 130682880
      totalswap: 0
      freeswap: 0
      pagesize: 4096
      cpus: 128
      cpus-online: 128
      ticks-per-second: 100

metrics:
    - stressor: cpu
      bogo-ops: 3454250
      bogo-ops-per-second-usr-sys-time: 1349.995088
      bogo-ops-per-second-real-time: 172712.001428
      wall-clock-time: 20.000058
      user-time: 2558.661042
      system-time: 0.051972
      cpu-usage-per-instance: 99.949439
      max-rss: 0

...
