BaselineInfo:
  WebDBID: -1
  TimeStamp: 20250526163129
Version:
  Major: 11
  Minor: 0
  Build: 1002
  SpecialBuildName: ""
  ptArchitecture: x86_64_linux
Results:
  Results Complete: true
  NumTestProcesses: 2
  CPU_INTEGER_MATH: 10608.607
  CPU_FLOATINGPOINT_MATH: 7528.2730883780905
  CPU_PRIME: 20.927837014411715
  CPU_SORTING: 5359.9701179986623
  CPU_ENCRYPTION: 2350.5971557541288
  CPU_COMPRESSION: 39658.687312102324
  CPU_SINGLETHREAD: 3209.0627428452003
  CPU_PHYSICS: 508.07636064408916
  CPU_MATRIX_MULT_SSE: 2999.1658516677212
  CPU_mm: 294.74838072579109
  CPU_sse: 1300.0876193107192
  CPU_fma: 3581.628205971896
  CPU_avx: 2676.1200144482114
  CPU_avx512: 4438.8275669400573
  m_CPU_enc_SHA: 2472894113.1217871
  m_CPU_enc_AES: 3209570407.1789775
  m_CPU_enc_ECDSA: 1711874769.2753592
  ME_ALLOC_S: 1710.9975520995906
  ME_READ_S: 28687.497460937499
  ME_READ_L: 10482.716796875
  ME_WRITE: 9419.0546875
  ME_LARGE: 74744.75
  ME_LATENCY: 59.096010226067129
  ME_THREADED: 16004.90283203125
  SUMM_CPU: 4149.246399598469
  SUMM_ME: 2083.8110707385404
SystemInformation:
  OSName: Ubuntu 24.04.2 LTS
  Kernel: 6.11.0-1015-azure
  Device: ""
  Processor: INTEL XEON PLATINUM 8573C
  NumSockets: 1
  Manufacturer: GenuineIntel
  NumCores: 1
  NumLogicals: 2
  CPUFrequency: 2300
  Memory: 84466
  MemModuleInfo:
    iNumMemSticks: 3
    DIMM 1:
      manufacturer: Microsoft Corporation
      modulePartNo: None
      memType: Unknown
      size: 1
      clkspeed: 0
      moduleVoltage: 0
    DIMM 2:
      manufacturer: Microsoft Corporation
      modulePartNo: None
      memType: Unknown
      size: 59
      clkspeed: 0
      moduleVoltage: 0
    DIMM 3:
      manufacturer: Microsoft Corporation
      modulePartNo: None
      memType: Unknown
      size: 24
      clkspeed: 0
      moduleVoltage: 0
Checksum: 3DFBA37E0C4FD6CADD17533A30B32AAB7A3FEE4A