size_kb,operation,bandwidth_mb_s,latency_ns,latency_stddev_ns,latency_samples,threads,iterations,elapsed_s
32,read,203567.62,0,0,0,4,478011,0.293521
32,write,113537.09,0,0,0,4,408496,0.449738
32,copy,95843.61,0,0,0,4,320512,0.418014
32,latency,0,1.37,0.01,7,1,7,0.198839
128,read,203471.81,0,0,0,4,161812,0.397628
128,write,112817.48,0,0,0,4,103605,0.459171
128,copy,96229.29,0,0,0,4,92489,0.480566
128,latency,0,3.76,0.01,7,1,7,0.681011
1024,read,134018.67,0,0,0,4,19934,0.594962
1024,write,92317.05,0,0,0,4,13227,0.573112
1024,copy,32536.10,0,0,0,4,4768,0.586180
1024,latency,0,6.76,0.01,7,1,7,0.827869
2048,read,66545.06,0,0,0,4,3394,0.408024
2048,write,58292.41,0,0,0,4,4358,0.598088
2048,copy,31125.63,0,0,0,4,1838,0.472408
2048,latency,0,12.32,0.05,7,1,7,0.687013
4096,read,64379.22,0,0,0,4,1158,0.287795
4096,write,57241.91,0,0,0,4,1612,0.450579
4096,copy,31323.11,0,0,0,4,808,0.412730
4096,latency,0,23.61,0.03,7,1,7,0.719304
32768,read,40922.78,0,0,0,4,122,0.381597
32768,write,42349.38,0,0,0,4,146,0.441282
32768,copy,15179.90,0,0,0,4,52,0.438475
32768,latency,0,106.44,8.78,21,1,21,5.368027
65536,read,25398.72,0,0,0,4,44,0.443487
65536,write,30179.52,0,0,0,4,47,0.398681
65536,copy,14028.54,0,0,0,4,23,0.419716
65536,latency,0,124.81,0.97,7,1,7,5.293289
131072,read,23626.48,0,0,0,4,21,0.455083
131072,write,27253.98,0,0,0,4,23,0.432084
131072,copy,13660.91,0,0,0,4,11,0.412271
131072,latency,0,128.29,0.27,7,1,7,11.056025
262144,read,23339.29,0,0,0,4,10,0.438745
262144,write,26720.54,0,0,0,4,11,0.421548
262144,copy,13610.35,0,0,0,4,5,0.376184
262144,latency,0,130.67,0.20,7,1,7,22.625869
524288,read,23497.88,0,0,0,4,5,0.435784
524288,write,26617.16,0,0,0,4,5,0.384714
524288,copy,6992.68,0,0,0,2,3,0.439317
524288,latency,0,131.41,0.09,7,1,7,45.624644
