BaselineInfo:
  WebDBID: -1
  TimeStamp: 20241108062328
Version:
  Major: 11
  Minor: 0
  Build: 1002
  SpecialBuildName: ""
  ptArchitecture: x86_64_linux
Results:
  Results Complete: true
  NumTestProcesses: 4
  CPU_INTEGER_MATH: 9537.003999999999
  CPU_FLOATINGPOINT_MATH: 4473.3682726470197
  CPU_PRIME: 27.046547095778976
  CPU_SORTING: 6462.6674725666062
  CPU_ENCRYPTION: 922.53394326290731
  CPU_COMPRESSION: 42825.398756012932
  CPU_SINGLETHREAD: 1585.2806119204497
  CPU_PHYSICS: 452.00404759023593
  CPU_MATRIX_MULT_SSE: 2068.9694805012045
  CPU_mm: 291.21172866183826
  CPU_sse: 1133.2190198396634
  CPU_fma: 2996.0473414356738
  CPU_avx: 2077.6420802282769
  CPU_avx512: 0
  m_CPU_enc_SHA: 394158071.45941418
  m_CPU_enc_AES: 2148198690.5841265
  m_CPU_enc_ECDSA: 359684094.2289986
  ME_ALLOC_S: 1226.1294887403037
  ME_READ_S: 19430.473828124999
  ME_READ_L: 8559.5302734375
  ME_WRITE: 8205.9755859375
  ME_LARGE: 20600.75
  ME_LATENCY: 53.38350894954521
  ME_THREADED: 23142.36572265625
  SUMM_CPU: 3067.5556017509707
  SUMM_ME: 1915.5347117288416
SystemInformation:
  OSName: Ubuntu 24.04.1 LTS
  Kernel: 6.8.0-1016-aws
  Device: ""
  Processor: Intel Xeon CPU E5-2676 v3 @ 2.40GHz
  NumSockets: 1
  Manufacturer: GenuineIntel
  NumCores: 2
  NumLogicals: 4
  CPUFrequency: 0
  Memory: 30582
  MemModuleInfo:
    iNumMemSticks: 2
    DIMM 1:
      manufacturer: Not Specified
      modulePartNo: Not Specified
      memType: RAM
      size: 16
      clkspeed: 0
      moduleVoltage: 0
    DIMM 2:
      manufacturer: Not Specified
      modulePartNo: Not Specified
      memType: RAM
      size: 14848
      clkspeed: 0
      moduleVoltage: 0
Checksum: E7124A766C203215614BF872236399CADD6CE56D