BaselineInfo:
  WebDBID: -1
  TimeStamp: 20241107103843
Version:
  Major: 11
  Minor: 0
  Build: 1002
  SpecialBuildName: ""
  ptArchitecture: aarch64_linux
Results:
  Results Complete: true
  NumTestProcesses: 4
  CPU_INTEGER_MATH: 15632.353999999999
  CPU_FLOATINGPOINT_MATH: 24225.915546354197
  CPU_PRIME: 70.532667277532624
  CPU_SORTING: 18525.6881398974
  CPU_ENCRYPTION: 750.06739418005441
  CPU_COMPRESSION: 26505.902552252326
  CPU_SINGLETHREAD: 1944.043586953162
  CPU_PHYSICS: 1373.6441460060355
  CPU_MATRIX_MULT_SSE: 3680.8091244414327
  CPU_mm: 455.84755079496915
  CPU_sse: 2893.5905399592602
  CPU_fma: 4468.0277089236051
  CPU_avx: 0
  CPU_avx512: 0
  m_CPU_enc_SHA: 1171952362.7343991
  m_CPU_enc_AES: 429561877.72306436
  m_CPU_enc_ECDSA: 757993763.30177057
  ME_ALLOC_S: 6029.5329224656252
  ME_READ_S: 19104.306445312501
  ME_READ_L: 19863.138671875
  ME_WRITE: 21300.28125
  ME_LARGE: 833.16666666666663
  ME_LATENCY: 47.179283884288736
  ME_THREADED: 75777.50390625
  SUMM_CPU: 3836.854888933025
  SUMM_ME: 1404.2465833608974
SystemInformation:
  OSName: Ubuntu 24.04.1 LTS
  Kernel: 6.8.0-1016-aws
  Device: ""
  Processor: ARM Neoverse-V2 4 Core 0 MHz
  NumSockets: 1
  Manufacturer: ARM
  NumCores: 4
  NumLogicals: 4
  CPUFrequency: 0
  Memory: 7763
Checksum: 2384778E472F9597BDF28EFB2F943C16A31508CB