---
system-info:
      stress-ng-version: 0.17.08
      run-by: root
      date-yyyy-mm-dd: 2024:06:15
      time-hh-mm-ss: 17:40:33
      epoch-secs: 1718473233
      hostname: a72b9f8cb381
      sysname: Linux
      nodename: a72b9f8cb381
      release: 6.8.0-1008-aws
      version: '#8-Ubuntu SMP Sat Apr 20 00:46:25 UTC 2024'
      machine: x86_64
      compiler: 'musl-gcc 13.2.1'
      uptime: 148
      totalram: 397044187136
      freeram: 392271376384
      sharedram: 36978688
      bufferram: 110137344
      totalswap: 0
      freeswap: 0
      pagesize: 4096
      cpus: 48
      cpus-online: 48
      ticks-per-second: 100

metrics:
    - stressor: cpu
      bogo-ops: 61280
      bogo-ops-per-second-usr-sys-time: 3064.136507
      bogo-ops-per-second-real-time: 3063.990503
      wall-clock-time: 20.000062
      user-time: 19.999109
      system-time: 0.000000
      cpu-usage-per-instance: 99.995235
      max-rss: 1152

...
