---
system-info:
      stress-ng-version: 0.17.08
      run-by: root
      date-yyyy-mm-dd: 2024:06:09
      time-hh-mm-ss: 14:55:17
      epoch-secs: 1717944917
      hostname: ed3a45f139b0
      sysname: Linux
      nodename: ed3a45f139b0
      release: 6.8.0-1008-aws
      version: '#8-Ubuntu SMP Sat Apr 20 00:46:25 UTC 2024'
      machine: x86_64
      compiler: 'musl-gcc 13.2.1'
      uptime: 137
      totalram: 397044187136
      freeram: 392194781184
      sharedram: 36978688
      bufferram: 109400064
      totalswap: 0
      freeswap: 0
      pagesize: 4096
      cpus: 48
      cpus-online: 48
      ticks-per-second: 100

metrics:
    - stressor: cpu
      bogo-ops: 17133
      bogo-ops-per-second-usr-sys-time: 1713.030369
      bogo-ops-per-second-real-time: 1713.016478
      wall-clock-time: 10.001655
      user-time: 10.000575
      system-time: 0.000999
      cpu-usage-per-instance: 99.999189
      max-rss: 3840

...
