size_kb,operation,bandwidth_mb_s,latency_ns,latency_stddev_ns,latency_samples,threads,iterations,elapsed_s
32,read,600940.90,0,0,0,8,372023,0.154767
32,write,663600.77,0,0,0,8,578703,0.218016
32,copy,497600.47,0,0,0,8,348189,0.174934
32,latency,0,2.15,0.00,7,1,7,0.308742
128,read,495697.05,0,0,0,8,97276,0.196241
128,write,600531.70,0,0,0,8,141322,0.235328
128,copy,354928.22,0,0,0,8,81089,0.228466
128,latency,0,2.85,0.01,7,1,7,0.655933
1024,read,447737.93,0,0,0,8,16962,0.303070
1024,write,587438.91,0,0,0,8,21006,0.286069
1024,copy,264061.57,0,0,0,8,12948,0.392272
1024,latency,0,5.63,0.02,7,1,7,0.690855
2048,read,353404.41,0,0,0,8,6754,0.305780
2048,write,586089.70,0,0,0,8,10552,0.288065
2048,copy,167017.91,0,0,0,8,4332,0.414997
2048,latency,0,10.32,0.11,7,1,7,0.634882
4096,read,248616.06,0,0,0,8,3088,0.397464
4096,write,337573.96,0,0,0,8,3738,0.354340
4096,copy,131873.48,0,0,0,8,1979,0.480218
4096,latency,0,19.52,0.63,7,1,7,0.711110
8192,read,203091.75,0,0,0,8,1083,0.341284
8192,write,227243.92,0,0,0,8,2140,0.602700
8192,copy,125336.33,0,0,0,8,826,0.421777
8192,latency,0,87.38,1.07,7,1,7,0.763952
16384,read,188211.57,0,0,0,8,457,0.310799
16384,write,197557.93,0,0,0,8,1012,0.655686
16384,copy,119022.75,0,0,0,8,375,0.403284
16384,latency,0,103.41,0.96,7,1,7,1.128899
32768,read,176896.67,0,0,0,8,234,0.338638
32768,write,184807.64,0,0,0,8,492,0.681530
32768,copy,114709.66,0,0,0,8,194,0.432954
32768,latency,0,111.95,0.71,7,1,7,2.534402
65536,read,171949.35,0,0,0,8,114,0.339449
65536,write,179572.87,0,0,0,8,246,0.701398
65536,copy,113288.49,0,0,0,8,103,0.465502
65536,latency,0,115.02,0.17,7,1,7,5.255882
131072,read,168867.47,0,0,0,8,60,0.363836
131072,write,176714.17,0,0,0,8,121,0.701155
131072,copy,112252.12,0,0,0,8,51,0.465238
131072,latency,0,117.45,0.48,7,1,7,10.857765
