---
system-info:
      stress-ng-version: 0.17.08
      run-by: root
      date-yyyy-mm-dd: 2024:06:08
      time-hh-mm-ss: 20:20:13
      epoch-secs: 1717878013
      hostname: 1287b300f8c4
      sysname: Linux
      nodename: 1287b300f8c4
      release: 6.8.0-1008-aws
      version: '#8-Ubuntu SMP Sat Apr 20 02:43:14 UTC 2024'
      machine: aarch64
      compiler: 'musl-gcc 13.2.1'
      uptime: 108
      totalram: 199002091520
      freeram: 194185891840
      sharedram: 35168256
      bufferram: 104480768
      totalswap: 0
      freeswap: 0
      pagesize: 4096
      cpus: 48
      cpus-online: 48
      ticks-per-second: 100

metrics:
    - stressor: cpu
      bogo-ops: 204748
      bogo-ops-per-second-usr-sys-time: 424.393141
      bogo-ops-per-second-real-time: 20359.658534
      wall-clock-time: 10.056554
      user-time: 482.411912
      system-time: 0.036979
      cpu-usage-per-instance: 99.944960
      max-rss: 4224

...
