---
system-info:
      stress-ng-version: 0.17.08
      run-by: root
      date-yyyy-mm-dd: 2024:06:15
      time-hh-mm-ss: 04:56:27
      epoch-secs: 1718427387
      hostname: 89530fe90044
      sysname: Linux
      nodename: 89530fe90044
      release: 6.8.0-1008-aws
      version: '#8-Ubuntu SMP Sat Apr 20 02:43:14 UTC 2024'
      machine: aarch64
      compiler: 'musl-gcc 13.2.1'
      uptime: 118
      totalram: 199002091520
      freeram: 194301939712
      sharedram: 35168256
      bufferram: 107610112
      totalswap: 0
      freeswap: 0
      pagesize: 4096
      cpus: 48
      cpus-online: 48
      ticks-per-second: 100

metrics:
    - stressor: cpu
      bogo-ops: 1469666
      bogo-ops-per-second-usr-sys-time: 1531.412695
      bogo-ops-per-second-real-time: 73483.052023
      wall-clock-time: 20.000067
      user-time: 959.657921
      system-time: 0.021991
      cpu-usage-per-instance: 99.966320
      max-rss: 1152

...
