BaselineInfo:
  WebDBID: -1
  TimeStamp: 20241109170011
Version:
  Major: 11
  Minor: 0
  Build: 1002
  SpecialBuildName: ""
  ptArchitecture: x86_64_linux
Results:
  Results Complete: true
  NumTestProcesses: 64
  CPU_INTEGER_MATH: 353620.70666666678
  CPU_FLOATINGPOINT_MATH: 292767.21935431886
  CPU_PRIME: 926.602004096624
  CPU_SORTING: 175529.65445441543
  CPU_ENCRYPTION: 70689.578588896096
  CPU_COMPRESSION: 1238992.4530031777
  CPU_SINGLETHREAD: 2884.0329014721133
  CPU_PHYSICS: 12150.480140291816
  CPU_MATRIX_MULT_SSE: 99182.276884087158
  CPU_mm: 11079.965877799566
  CPU_sse: 46700.754439279066
  CPU_fma: 130133.06614704987
  CPU_avx: 111384.50387845759
  CPU_avx512: 108510.78307156208
  m_CPU_enc_SHA: 99223496280.124512
  m_CPU_enc_AES: 63545542789.532501
  m_CPU_enc_ECDSA: 59601147605.633888
  ME_ALLOC_S: 26857.096109552982
  ME_READ_S: 27820.327734375001
  ME_READ_L: 26672.220703125
  ME_WRITE: 21361.435546875
  ME_LARGE: 239808.75
  ME_LATENCY: 80.285682340128673
  ME_THREADED: 355550.94140625
  SUMM_CPU: 83662.972676180463
  SUMM_ME: 2745.1705313237057
SystemInformation:
  OSName: Ubuntu 24.04.1 LTS
  Kernel: 6.8.0-1016-aws
  Device: ""
  Processor: AMD EPYC 9R14
  NumSockets: 1
  Manufacturer: AuthenticAMD
  NumCores: 64
  NumLogicals: 64
  CPUFrequency: 0
  Memory: 252309
  MemModuleInfo:
    iNumMemSticks: 1
    DIMM 1:
      manufacturer: Not Specified
      modulePartNo: Not Specified
      memType: DDR5
      size: 256
      clkspeed: 2400
      moduleVoltage: 0
Checksum: 9F4A5C878E4942B8C3DCDEE2933728C926DA1D42