BaselineInfo:
  WebDBID: -1
  TimeStamp: 20260522171348
Version:
  Major: 11
  Minor: 0
  Build: 1004
  SpecialBuildName: ""
  ptArchitecture: x86_64_linux
Results:
  Results Complete: true
  NumTestProcesses: 32
  CPU_INTEGER_MATH: 222757.86133333333
  CPU_FLOATINGPOINT_MATH: 176648.59654245942
  CPU_PRIME: 454.6499353364519
  CPU_SORTING: 78259.462813065897
  CPU_ENCRYPTION: 37189.505440375731
  CPU_COMPRESSION: 656371.63128223817
  CPU_SINGLETHREAD: 2908.0092026335815
  CPU_PHYSICS: 7415.6802154798297
  CPU_MATRIX_MULT_SSE: 59951.246900211801
  CPU_mm: 5078.9339901285803
  CPU_sse: 21394.31971834497
  CPU_fma: 73598.352362746111
  CPU_avx: 51717.163560107139
  CPU_avx512: 93095.151959648938
  m_CPU_enc_SHA: 51929988305.298347
  m_CPU_enc_AES: 34268741248.60783
  m_CPU_enc_ECDSA: 30789339016.036087
  ME_ALLOC_S: 22075.80010828501
  ME_READ_S: 25697.129687500001
  ME_READ_L: 23877.1875
  ME_WRITE: 27326.85546875
  ME_LARGE: 113945.66666666667
  ME_LATENCY: 112.11969934871674
  ME_THREADED: 261015.642578125
  SUMM_CPU: 56071.160018745803
  SUMM_ME: 2149.7930170999666
SystemInformation:
  OSName: Ubuntu 24.04.4 LTS
  Kernel: 6.8.0-111-generic
  Device: ""
  Processor: "AMD EPYC 9575F 64-Core Processor               "
  NumSockets: 1
  Manufacturer: AuthenticAMD
  NumCores: 32
  NumLogicals: 32
  CPUFrequency: 0
  CPUMaxFrequency: 0
  Memory: 128721
  CPUInfo:
    number: 1
    Family: 15
    Model: 2
    stepping: 1
    features: 395049983
    manufacture: AuthenticAMD
    typestring: "AMD EPYC 9575F 64-Core Processor               "
    iCoresPerPackage: 255
    iThreadsPerPackage: 1
    featuresEx:
      - 395049983
      - 4294586883
      - 802421759
    bHybrid: false
    nPCore: 0
    nLogicalsPerPCore: 0
    nECore: 0
    nLogicalsPerECore: 0
  MemModuleInfo:
    iNumMemSticks: 8
    DIMM 1:
      manufacturer: QEMU
      modulePartNo: Not Specified
      memType: RAM
      size: 16
      clkspeed: 0
      moduleVoltage: 0
    DIMM 2:
      manufacturer: QEMU
      modulePartNo: Not Specified
      memType: RAM
      size: 16
      clkspeed: 0
      moduleVoltage: 0
    DIMM 3:
      manufacturer: QEMU
      modulePartNo: Not Specified
      memType: RAM
      size: 16
      clkspeed: 0
      moduleVoltage: 0
    DIMM 4:
      manufacturer: QEMU
      modulePartNo: Not Specified
      memType: RAM
      size: 16
      clkspeed: 0
      moduleVoltage: 0
    DIMM 5:
      manufacturer: QEMU
      modulePartNo: Not Specified
      memType: RAM
      size: 16
      clkspeed: 0
      moduleVoltage: 0
    DIMM 6:
      manufacturer: QEMU
      modulePartNo: Not Specified
      memType: RAM
      size: 16
      clkspeed: 0
      moduleVoltage: 0
    DIMM 7:
      manufacturer: QEMU
      modulePartNo: Not Specified
      memType: RAM
      size: 16
      clkspeed: 0
      moduleVoltage: 0
    DIMM 8:
      manufacturer: QEMU
      modulePartNo: Not Specified
      memType: RAM
      size: 16
      clkspeed: 0
      moduleVoltage: 0
Checksum: 579D7A171FA2B68A5FD7FDB669AE538174B18277