BaselineInfo:
  WebDBID: -1
  TimeStamp: 20241107122729
Version:
  Major: 11
  Minor: 0
  Build: 1002
  SpecialBuildName: ""
  ptArchitecture: x86_64_linux
Results:
  Results Complete: true
  NumTestProcesses: 32
  CPU_INTEGER_MATH: 134661.46366666668
  CPU_FLOATINGPOINT_MATH: 68867.901927854444
  CPU_PRIME: 191.00424727646708
  CPU_SORTING: 68559.570275970487
  CPU_ENCRYPTION: 29314.914544572101
  CPU_COMPRESSION: 491819.63421801466
  CPU_SINGLETHREAD: 2435.5457262184759
  CPU_PHYSICS: 3330.5713325193033
  CPU_MATRIX_MULT_SSE: 28340.318211716785
  CPU_mm: 2900.9361415628555
  CPU_sse: 12663.541033497413
  CPU_fma: 35093.352191299768
  CPU_avx: 25919.165748323099
  CPU_avx512: 39685.213873746834
  m_CPU_enc_SHA: 29540831276.566895
  m_CPU_enc_AES: 44471447778.502975
  m_CPU_enc_ECDSA: 18204468445.39785
  ME_ALLOC_S: 15125.207104741625
  ME_READ_S: 24508.062109375001
  ME_READ_L: 12424.515625
  ME_WRITE: 11061.986328125
  ME_LARGE: 118003.16666666667
  ME_LATENCY: 51.193376247606459
  ME_THREADED: 135039.1513671875
  SUMM_CPU: 36914.383821603027
  SUMM_ME: 2828.5845217108545
SystemInformation:
  OSName: Ubuntu 24.04.1 LTS
  Kernel: 6.8.0-1017-azure
  Device: ""
  Processor: Intel Xeon Platinum 8370C CPU @ 2.80GHz
  NumSockets: 1
  Manufacturer: GenuineIntel
  NumCores: 16
  NumLogicals: 32
  CPUFrequency: 2800
  Memory: 128802
  MemModuleInfo:
    iNumMemSticks: 3
    DIMM 1:
      manufacturer: Microsoft Corporation
      modulePartNo: None
      memType: Unknown
      size: 1
      clkspeed: 0
      moduleVoltage: 0
    DIMM 2:
      manufacturer: Microsoft Corporation
      modulePartNo: None
      memType: Unknown
      size: 60928
      clkspeed: 0
      moduleVoltage: 0
    DIMM 3:
      manufacturer: Microsoft Corporation
      modulePartNo: None
      memType: Unknown
      size: 69120
      clkspeed: 0
      moduleVoltage: 0
Checksum: 86BEC7C427EAA72E54FD5347E987F1DC7A896372