BaselineInfo:
  WebDBID: -1
  TimeStamp: 20260115200712
Version:
  Major: 11
  Minor: 0
  Build: 1004
  SpecialBuildName: ""
  ptArchitecture: x86_64_linux
Results:
  Results Complete: true
  NumTestProcesses: 4
  CPU_INTEGER_MATH: 20594.023333333334
  CPU_FLOATINGPOINT_MATH: 14928.668190351715
  CPU_PRIME: 43.901966411430379
  CPU_SORTING: 10802.535350377681
  CPU_ENCRYPTION: 4561.0072110232786
  CPU_COMPRESSION: 81035.941002504871
  CPU_SINGLETHREAD: 3269.2823384064809
  CPU_PHYSICS: 968.85714281298522
  CPU_MATRIX_MULT_SSE: 5632.3928758312759
  CPU_mm: 615.57615243066391
  CPU_sse: 2516.8615254676079
  CPU_fma: 6567.9977752939858
  CPU_avx: 5326.1806409667342
  CPU_avx512: 8118.5315615967738
  m_CPU_enc_SHA: 4799258027.2993641
  m_CPU_enc_AES: 6264540465.98452
  m_CPU_enc_ECDSA: 3283889598.6339517
  ME_ALLOC_S: 2795.7659481722485
  ME_READ_S: 28594.416601562501
  ME_READ_L: 15225.9169921875
  ME_WRITE: 12055.072265625
  ME_LARGE: 51310.333333333336
  ME_LATENCY: 70.071718307387187
  ME_THREADED: 38871.4912109375
  SUMM_CPU: 8057.8103828772792
  SUMM_ME: 2362.1442050368328
SystemInformation:
  OSName: Ubuntu 24.04.3 LTS
  Kernel: 6.14.0-1018-aws
  Device: ""
  Processor: Intel(R) Xeon(R) 6975P-C
  NumSockets: 1
  Manufacturer: GenuineIntel
  NumCores: 2
  NumLogicals: 4
  CPUFrequency: 0
  CPUMaxFrequency: 0
  Memory: 63262
  CPUInfo:
    number: 1
    Family: 6
    Model: 13
    stepping: 1
    features: 529267711
    manufacture: GenuineIntel
    typestring: Intel(R) Xeon(R) 6975P-C
    iCoresPerPackage: 2
    iThreadsPerPackage: 2
    featuresEx:
      - 529267711
      - 4294619651
      - 739248128
    bHybrid: false
    nPCore: 0
    nLogicalsPerPCore: 0
    nECore: 0
    nLogicalsPerECore: 0
  MemModuleInfo:
    iNumMemSticks: 1
    DIMM 1:
      manufacturer: Not Specified
      modulePartNo: Not Specified
      memType: DDR5
      size: 64
      clkspeed: 3600
      moduleVoltage: 0
Checksum: C934280CC9E1EFF4DB3FB7D9F23D735CC483F2B0