---
system-info:
      stress-ng-version: 0.17.08
      run-by: root
      date-yyyy-mm-dd: 2024:06:09
      time-hh-mm-ss: 11:30:04
      epoch-secs: 1717932604
      hostname: 3d7d264ea5a8
      sysname: Linux
      nodename: 3d7d264ea5a8
      release: 6.8.0-1008-aws
      version: '#8-Ubuntu SMP Sat Apr 20 00:46:25 UTC 2024'
      machine: x86_64
      compiler: 'musl-gcc 13.2.1'
      uptime: 187
      totalram: 15981555712
      freeram: 11541528576
      sharedram: 27541504
      bufferram: 109580288
      totalswap: 0
      freeswap: 0
      pagesize: 4096
      cpus: 2
      cpus-online: 2
      ticks-per-second: 100

metrics:
    - stressor: cpu
      bogo-ops: 14122
      bogo-ops-per-second-usr-sys-time: 1412.615450
      bogo-ops-per-second-real-time: 1411.865910
      wall-clock-time: 10.002366
      user-time: 9.997059
      system-time: 0.000000
      cpu-usage-per-instance: 99.946940
      max-rss: 3792

...
