---
system-info:
      stress-ng-version: 0.17.08
      run-by: root
      date-yyyy-mm-dd: 2024:09:16
      time-hh-mm-ss: 16:17:15
      epoch-secs: 1726503435
      hostname: sc-runner
      sysname: Linux
      nodename: sc-runner
      release: 6.8.0-1014-azure
      version: '#16-Ubuntu SMP Thu Aug 15 20:04:41 UTC 2024'
      machine: x86_64
      compiler: 'musl-gcc 13.2.1'
      uptime: 339
      totalram: 67423416320
      freeram: 57236189184
      sharedram: 42090496
      bufferram: 238882816
      totalswap: 0
      freeswap: 0
      pagesize: 4096
      cpus: 8
      cpus-online: 8
      ticks-per-second: 100

metrics:
    - stressor: cpu
      bogo-ops: 147713
      bogo-ops-per-second-usr-sys-time: 926.812076
      bogo-ops-per-second-real-time: 7385.607299
      wall-clock-time: 20.000116
      user-time: 159.341536
      system-time: 0.035973
      cpu-usage-per-instance: 99.610367
      max-rss: 3128

...
