---
system-info:
      stress-ng-version: 0.17.08
      run-by: root
      date-yyyy-mm-dd: 2024:06:08
      time-hh-mm-ss: 05:40:33
      epoch-secs: 1717825233
      hostname: 20533c29b7f1
      sysname: Linux
      nodename: 20533c29b7f1
      release: 6.8.0-1008-aws
      version: '#8-Ubuntu SMP Sat Apr 20 00:46:25 UTC 2024'
      machine: x86_64
      compiler: 'musl-gcc 13.2.1'
      uptime: 163
      totalram: 16555900928
      freeram: 12312137728
      sharedram: 40714240
      bufferram: 98050048
      totalswap: 0
      freeswap: 0
      pagesize: 4096
      cpus: 2
      cpus-online: 2
      ticks-per-second: 100

metrics:
    - stressor: cpu
      bogo-ops: 13825
      bogo-ops-per-second-usr-sys-time: 1382.147829
      bogo-ops-per-second-real-time: 1382.077927
      wall-clock-time: 10.003054
      user-time: 10.001548
      system-time: 0.001000
      cpu-usage-per-instance: 99.994943
      max-rss: 4048

...
