---
system-info:
      stress-ng-version: 0.17.08
      run-by: root
      date-yyyy-mm-dd: 2024:06:13
      time-hh-mm-ss: 18:45:14
      epoch-secs: 1718304314
      hostname: b7c11ea0af25
      sysname: Linux
      nodename: b7c11ea0af25
      release: 6.8.0-1008-aws
      version: '#8-Ubuntu SMP Sat Apr 20 00:46:25 UTC 2024'
      machine: x86_64
      compiler: 'musl-gcc 13.2.1'
      uptime: 193
      totalram: 16555896832
      freeram: 12267024384
      sharedram: 40714240
      bufferram: 107286528
      totalswap: 0
      freeswap: 0
      pagesize: 4096
      cpus: 2
      cpus-online: 2
      ticks-per-second: 100

metrics:
    - stressor: cpu
      bogo-ops: 25450
      bogo-ops-per-second-usr-sys-time: 1272.616699
      bogo-ops-per-second-real-time: 1272.489624
      wall-clock-time: 20.000163
      user-time: 19.998166
      system-time: 0.000000
      cpu-usage-per-instance: 99.990015
      max-rss: 1104

...
