BaselineInfo:
  WebDBID: -1
  TimeStamp: 20241111093454
Version:
  Major: 11
  Minor: 0
  Build: 1002
  SpecialBuildName: ""
  ptArchitecture: aarch64_linux
Results:
  Results Complete: true
  NumTestProcesses: 2
  CPU_INTEGER_MATH: 12558.834999999999
  CPU_FLOATINGPOINT_MATH: 10534.235450738097
  CPU_PRIME: 28.148969935804317
  CPU_SORTING: 10230.106831037012
  CPU_ENCRYPTION: 372.44922131974283
  CPU_COMPRESSION: 12654.061809095383
  CPU_SINGLETHREAD: 1881.6586898080579
  CPU_PHYSICS: 651.74660449629107
  CPU_MATRIX_MULT_SSE: 1782.9421751094969
  CPU_mm: 286.39973737118089
  CPU_sse: 1502.9505136811244
  CPU_fma: 2062.933836537869
  CPU_avx: 0
  CPU_avx512: 0
  m_CPU_enc_SHA: 548895615.7981689
  m_CPU_enc_AES: 241130720.46904424
  m_CPU_enc_ECDSA: 381597607.81649894
  ME_ALLOC_S: 2598.2691238928951
  ME_READ_S: 25487.900976562501
  ME_READ_L: 18863.474609375
  ME_WRITE: 25738.75390625
  ME_LARGE: 5511.666666666667
  ME_LATENCY: 54.363149419664133
  ME_THREADED: 37045.71875
  SUMM_CPU: 1977.457423561219
  SUMM_ME: 2456.0641246019577
SystemInformation:
  OSName: Ubuntu 24.04.1 LTS
  Kernel: 6.8.0-1017-azure
  Device: ""
  Processor: ARM Neoverse-N2 2 Core 0 MHz
  NumSockets: 1
  Manufacturer: ARM
  NumCores: 2
  NumLogicals: 2
  CPUFrequency: 0
  Memory: 15959
Checksum: ED826751069AC764997E79F890E21E52C246ACBD