BaselineInfo:
  WebDBID: -1
  TimeStamp: 20241115150450
Version:
  Major: 11
  Minor: 0
  Build: 1002
  SpecialBuildName: ""
  ptArchitecture: aarch64_linux
Results:
  Results Complete: true
  NumTestProcesses: 2
  CPU_INTEGER_MATH: 12556.847
  CPU_FLOATINGPOINT_MATH: 10550.110297379339
  CPU_PRIME: 26.927796386013227
  CPU_SORTING: 10126.413608187875
  CPU_ENCRYPTION: 370.25437858448618
  CPU_COMPRESSION: 13566.274053625133
  CPU_SINGLETHREAD: 1880.4189663074676
  CPU_PHYSICS: 646.8450027273102
  CPU_MATRIX_MULT_SSE: 1780.3684071147022
  CPU_mm: 285.44413260411636
  CPU_sse: 1502.7945725924726
  CPU_fma: 2057.9422416369321
  CPU_avx: 0
  CPU_avx512: 0
  m_CPU_enc_SHA: 543061478.62693834
  m_CPU_enc_AES: 241536659.43831405
  m_CPU_enc_ECDSA: 380121427.77056605
  ME_ALLOC_S: 2575.2987989982021
  ME_READ_S: 25405.424023437499
  ME_READ_L: 18746.451171875
  ME_WRITE: 25688.990234375
  ME_LARGE: 6965.083333333333
  ME_LATENCY: 54.445606877082817
  ME_THREADED: 37034.955078125
  SUMM_CPU: 2010.7814584012883
  SUMM_ME: 2525.5746703115683
SystemInformation:
  OSName: Ubuntu 24.04.1 LTS
  Kernel: 6.8.0-1017-azure
  Device: ""
  Processor: ARM Neoverse-N2 2 Core 0 MHz
  NumSockets: 1
  Manufacturer: ARM
  NumCores: 2
  NumLogicals: 2
  CPUFrequency: 0
  Memory: 15959
Checksum: 64B30DF54EF5FEB63A60095DF2893E8074F59DD3