BaselineInfo:
  WebDBID: -1
  TimeStamp: 20241107175504
Version:
  Major: 11
  Minor: 0
  Build: 1002
  SpecialBuildName: ""
  ptArchitecture: aarch64_linux
Results:
  Results Complete: true
  NumTestProcesses: 8
  CPU_INTEGER_MATH: 38167.754000000001
  CPU_FLOATINGPOINT_MATH: 37945.997797639131
  CPU_PRIME: 92.530777740138987
  CPU_SORTING: 31617.394787939011
  CPU_ENCRYPTION: 1104.8720717373164
  CPU_COMPRESSION: 42967.521754147761
  CPU_SINGLETHREAD: 1561.5773088531885
  CPU_PHYSICS: 2016.3001200345032
  CPU_MATRIX_MULT_SSE: 6627.2385123771819
  CPU_mm: 867.58697939805779
  CPU_sse: 5556.8177218587589
  CPU_fma: 7697.6593028956049
  CPU_avx: 0
  CPU_avx512: 0
  m_CPU_enc_SHA: 1687077152.6908343
  m_CPU_enc_AES: 650029405.56832182
  m_CPU_enc_ECDSA: 1138520454.2229283
  ME_ALLOC_S: 8026.6820025843645
  ME_READ_S: 19663.560351562501
  ME_READ_L: 18852.087890625
  ME_WRITE: 19663.8125
  ME_LARGE: 53125.916666666664
  ME_LATENCY: 51.952480047955895
  ME_THREADED: 137131.37890625
  SUMM_CPU: 6073.0590947004421
  SUMM_ME: 2959.4772426180029
SystemInformation:
  OSName: Ubuntu 24.04.1 LTS
  Kernel: 6.8.0-1016-aws
  Device: ""
  Processor: ARM Neoverse-V1 8 Core 0 MHz
  NumSockets: 1
  Manufacturer: ARM
  NumCores: 8
  NumLogicals: 8
  CPUFrequency: 0
  Memory: 63134
Checksum: C49AE54D5FFA301694BCC0EED4FEB1F8AB9ADE64