BaselineInfo:
  WebDBID: -1
  TimeStamp: 20241107213231
Version:
  Major: 11
  Minor: 0
  Build: 1002
  SpecialBuildName: ""
  ptArchitecture: aarch64_linux
Results:
  Results Complete: true
  NumTestProcesses: 16
  CPU_INTEGER_MATH: 63212.48333333333
  CPU_FLOATINGPOINT_MATH: 47974.115816250975
  CPU_PRIME: 106.56566145096741
  CPU_SORTING: 45685.218487666221
  CPU_ENCRYPTION: 2169.6234789396099
  CPU_COMPRESSION: 76067.197933091418
  CPU_SINGLETHREAD: 1110.1864985463658
  CPU_PHYSICS: 1950.8817419618947
  CPU_MATRIX_MULT_SSE: 9972.6180831856545
  CPU_mm: 1670.2207396759625
  CPU_sse: 8344.7519757118698
  CPU_fma: 11600.484190659441
  CPU_avx: 0
  CPU_avx512: 0
  m_CPU_enc_SHA: 3220488880.5580993
  m_CPU_enc_AES: 1507278804.7897685
  m_CPU_enc_ECDSA: 2097277641.8098729
  ME_ALLOC_S: 10352.180496033638
  ME_READ_S: 9486.8072265624996
  ME_READ_L: 9197.705078125
  ME_WRITE: 12590.509765625
  ME_LARGE: 52518.333333333336
  ME_LATENCY: 71.321388052254463
  ME_THREADED: 141296.4658203125
  SUMM_CPU: 9791.5220046331178
  SUMM_ME: 1804.3733916925962
SystemInformation:
  OSName: Ubuntu 24.04.1 LTS
  Kernel: 6.8.0-1016-aws
  Device: ""
  Processor: ARM Neoverse-N1 16 Core 0 MHz
  NumSockets: 1
  Manufacturer: ARM
  NumCores: 16
  NumLogicals: 16
  CPUFrequency: 0
  Memory: 62881
Checksum: 0172FFC4CF126451250DFA79F8FA025758C9D883