---
system-info:
      stress-ng-version: 0.17.08
      run-by: root
      date-yyyy-mm-dd: 2024:09:23
      time-hh-mm-ss: 21:15:30
      epoch-secs: 1727126130
      hostname: c4-highcpu-8-0005bb9.us-east4-a.c.algebraic-pier-412621.internal
      sysname: Linux
      nodename: c4-highcpu-8-0005bb9.us-east4-a.c.algebraic-pier-412621.internal
      release: 6.8.0-1014-gcp
      version: '#16-Ubuntu SMP Mon Aug 26 15:55:46 UTC 2024'
      machine: x86_64
      compiler: 'musl-gcc 13.2.1'
      uptime: 194
      totalram: 16764862464
      freeram: 6293884928
      sharedram: 274608128
      bufferram: 251920384
      totalswap: 0
      freeswap: 0
      pagesize: 4096
      cpus: 8
      cpus-online: 8
      ticks-per-second: 100

metrics:
    - stressor: cpu
      bogo-ops: 43357
      bogo-ops-per-second-usr-sys-time: 2167.844580
      bogo-ops-per-second-real-time: 2167.845943
      wall-clock-time: 20.000037
      user-time: 20.000050
      system-time: 0.000000
      cpu-usage-per-instance: 100.000063
      max-rss: 976

...
