---
system-info:
      stress-ng-version: 0.17.08
      run-by: root
      date-yyyy-mm-dd: 2024:06:13
      time-hh-mm-ss: 16:58:34
      epoch-secs: 1718297914
      hostname: 944d1fda5c1f
      sysname: Linux
      nodename: 944d1fda5c1f
      release: 6.8.0-1008-aws
      version: '#8-Ubuntu SMP Sat Apr 20 00:46:25 UTC 2024'
      machine: x86_64
      compiler: 'musl-gcc 13.2.1'
      uptime: 133
      totalram: 33265283072
      freeram: 28921319424
      sharedram: 40747008
      bufferram: 105914368
      totalswap: 0
      freeswap: 0
      pagesize: 4096
      cpus: 4
      cpus-online: 4
      ticks-per-second: 100

metrics:
    - stressor: cpu
      bogo-ops: 67208
      bogo-ops-per-second-usr-sys-time: 844.717649
      bogo-ops-per-second-real-time: 3360.387622
      wall-clock-time: 20.000074
      user-time: 79.556685
      system-time: 0.005995
      cpu-usage-per-instance: 99.452984
      max-rss: 1104

...
