---
system-info:
      stress-ng-version: 0.17.08
      run-by: root
      date-yyyy-mm-dd: 2024:06:08
      time-hh-mm-ss: 03:41:21
      epoch-secs: 1717818081
      hostname: a08373f57ed2
      sysname: Linux
      nodename: a08373f57ed2
      release: 6.8.0-1008-aws
      version: '#8-Ubuntu SMP Sat Apr 20 00:46:25 UTC 2024'
      machine: x86_64
      compiler: 'musl-gcc 13.2.1'
      uptime: 156
      totalram: 33265283072
      freeram: 28945657856
      sharedram: 40747008
      bufferram: 95956992
      totalswap: 0
      freeswap: 0
      pagesize: 4096
      cpus: 4
      cpus-online: 4
      ticks-per-second: 100

metrics:
    - stressor: cpu
      bogo-ops: 40964
      bogo-ops-per-second-usr-sys-time: 1029.277730
      bogo-ops-per-second-real-time: 4095.560905
      wall-clock-time: 10.002049
      user-time: 39.787792
      system-time: 0.010990
      cpu-usage-per-instance: 99.476574
      max-rss: 3920

...
