BaselineInfo:
  WebDBID: -1
  TimeStamp: 20241112111804
Version:
  Major: 11
  Minor: 0
  Build: 1002
  SpecialBuildName: ""
  ptArchitecture: x86_64_linux
Results:
  Results Complete: true
  NumTestProcesses: 16
  CPU_INTEGER_MATH: 45338.067666666662
  CPU_FLOATINGPOINT_MATH: 24321.701646975947
  CPU_PRIME: 81.548538613036087
  CPU_SORTING: 23562.253042887154
  CPU_ENCRYPTION: 6243.5460725121357
  CPU_COMPRESSION: 200365.8572248079
  CPU_SINGLETHREAD: 1840.0003574308705
  CPU_PHYSICS: 1579.3785696764533
  CPU_MATRIX_MULT_SSE: 12267.196358973615
  CPU_mm: 1378.6633748416712
  CPU_sse: 4970.7594466079981
  CPU_fma: 14648.104410441641
  CPU_avx: 10347.783323561071
  CPU_avx512: 19102.138255283746
  m_CPU_enc_SHA: 2048798523.8504579
  m_CPU_enc_AES: 15760869227.788439
  m_CPU_enc_ECDSA: 1830829947.9525647
  ME_ALLOC_S: 5439.9407084251761
  ME_READ_S: 22176.134960937499
  ME_READ_L: 11059.0986328125
  ME_WRITE: 10515.8134765625
  ME_LARGE: 53310.75
  ME_LATENCY: 54.311370924089196
  ME_THREADED: 87305.98779296875
  SUMM_CPU: 14441.404404574811
  SUMM_ME: 2526.014174162367
SystemInformation:
  OSName: Ubuntu 24.04.1 LTS
  Kernel: 6.8.0-1016-aws
  Device: ""
  Processor: Intel Xeon Platinum 8259CL CPU @ 2.50GHz
  NumSockets: 1
  Manufacturer: GenuineIntel
  NumCores: 8
  NumLogicals: 16
  CPUFrequency: 0
  Memory: 63592
  MemModuleInfo:
    iNumMemSticks: 1
    DIMM 1:
      manufacturer: Not Specified
      modulePartNo: Not Specified
      memType: DDR4
      size: 64
      clkspeed: 1333
      moduleVoltage: 0
Checksum: 6AAABED400F0EA0CA978290B02E78FE9115ADA7E