BaselineInfo:
  WebDBID: -1
  TimeStamp: 20250421171622
Version:
  Major: 11
  Minor: 0
  Build: 1002
  SpecialBuildName: ""
  ptArchitecture: aarch64_linux
Results:
  Results Complete: true
  NumTestProcesses: 1
  CPU_INTEGER_MATH: 5184.8223333333326
  CPU_FLOATINGPOINT_MATH: 6018.8438695917157
  CPU_PRIME: 17.258042701080125
  CPU_SORTING: 4567.3424857158989
  CPU_ENCRYPTION: 183.80624344656442
  CPU_COMPRESSION: 6391.0451461508383
  CPU_SINGLETHREAD: 1846.4836135560608
  CPU_PHYSICS: 339.18471462867717
  CPU_MATRIX_MULT_SSE: 913.37449873294952
  CPU_mm: 112.88752479963438
  CPU_sse: 715.48535639970578
  CPU_fma: 1111.2636410661933
  CPU_avx: 0
  CPU_avx512: 0
  m_CPU_enc_SHA: 293837662.3779723
  m_CPU_enc_AES: 106236245.25840443
  m_CPU_enc_ECDSA: 178130538.94829753
  ME_ALLOC_S: 1511.917631214968
  ME_READ_S: 20383.396484375
  ME_READ_L: 19282.103515625
  ME_WRITE: 21044.548828125
  ME_LARGE: 536
  ME_LATENCY: 47.428244703970506
  ME_THREADED: 19286.46484375
  SUMM_CPU: 986.06054691405041
  SUMM_ME: 1005.0963484113004
SystemInformation:
  OSName: Ubuntu 24.04.2 LTS
  Kernel: 6.8.0-1027-aws
  Device: ""
  Processor: ARM Neoverse-V2 1 Core 0 MHz
  NumSockets: 1
  Manufacturer: ARM
  NumCores: 1
  NumLogicals: 1
  CPUFrequency: 0
  Memory: 1830
Checksum: D46FFBF0C71A70F921A394864E3525230D24F6B7