---
system-info:
      stress-ng-version: 0.17.08
      run-by: root
      date-yyyy-mm-dd: 2024:06:07
      time-hh-mm-ss: 20:41:28
      epoch-secs: 1717792888
      hostname: f9cbb3e63314
      sysname: Linux
      nodename: f9cbb3e63314
      release: 6.8.0-1008-aws
      version: '#8-Ubuntu SMP Sat Apr 20 00:46:25 UTC 2024'
      machine: x86_64
      compiler: 'musl-gcc 13.2.1'
      uptime: 128
      totalram: 132207251456
      freeram: 127715651584
      sharedram: 38129664
      bufferram: 93011968
      totalswap: 0
      freeswap: 0
      pagesize: 4096
      cpus: 32
      cpus-online: 32
      ticks-per-second: 100

metrics:
    - stressor: cpu
      bogo-ops: 314863
      bogo-ops-per-second-usr-sys-time: 984.780738
      bogo-ops-per-second-real-time: 31482.249412
      wall-clock-time: 10.001287
      user-time: 319.667089
      system-time: 0.061951
      cpu-usage-per-instance: 99.902471
      max-rss: 4104

...
