---
system-info:
      stress-ng-version: 0.17.08
      run-by: root
      date-yyyy-mm-dd: 2024:06:13
      time-hh-mm-ss: 11:40:02
      epoch-secs: 1718278802
      hostname: 7a06d4b4d992
      sysname: Linux
      nodename: 7a06d4b4d992
      release: 6.8.0-1008-aws
      version: '#8-Ubuntu SMP Sat Apr 20 00:46:25 UTC 2024'
      machine: x86_64
      compiler: 'musl-gcc 13.2.1'
      uptime: 126
      totalram: 132207259648
      freeram: 127683534848
      sharedram: 38129664
      bufferram: 105639936
      totalswap: 0
      freeswap: 0
      pagesize: 4096
      cpus: 32
      cpus-online: 32
      ticks-per-second: 100

metrics:
    - stressor: cpu
      bogo-ops: 539726
      bogo-ops-per-second-usr-sys-time: 843.957545
      bogo-ops-per-second-real-time: 26986.154582
      wall-clock-time: 20.000108
      user-time: 639.483964
      system-time: 0.033987
      cpu-usage-per-instance: 99.924141
      max-rss: 1032

...
