BaselineInfo:
  WebDBID: -1
  TimeStamp: 20260612185241
Version:
  Major: 11
  Minor: 0
  Build: 1004
  SpecialBuildName: ""
  ptArchitecture: x86_64_linux
Results:
  Results Complete: true
  NumTestProcesses: 8
  CPU_INTEGER_MATH: 51273.147000000004
  CPU_FLOATINGPOINT_MATH: 31204.818751106955
  CPU_PRIME: 127.43696058455662
  CPU_SORTING: 24802.869171005517
  CPU_ENCRYPTION: 10313.500926539613
  CPU_COMPRESSION: 195339.20937636754
  CPU_SINGLETHREAD: 3666.7218996581455
  CPU_PHYSICS: 2104.0004431079051
  CPU_MATRIX_MULT_SSE: 15584.382611309804
  CPU_mm: 1480.9122647965305
  CPU_sse: 5518.6050935715675
  CPU_fma: 16700.274335324124
  CPU_avx: 16371.15802385769
  CPU_avx512: 23747.492992485822
  m_CPU_enc_SHA: 12913072508.856985
  m_CPU_enc_AES: 10570628036.135565
  m_CPU_enc_ECDSA: 8959768097.6490517
  ME_ALLOC_S: 5592.0492431945058
  ME_READ_S: 32640.351757812499
  ME_READ_L: 30643.494140625
  ME_WRITE: 31750.755859375
  ME_LARGE: 55956.5
  ME_LATENCY: 81.823155272139104
  ME_THREADED: 71597.265625
  SUMM_CPU: 18514.037544871491
  SUMM_ME: 2685.2918335042077
SystemInformation:
  OSName: Ubuntu 24.04.4 LTS
  Kernel: 6.8.0-124-generic
  Device: ""
  Processor: AMD EPYC-Turin Processor
  NumSockets: 1
  Manufacturer: AuthenticAMD
  NumCores: 4
  NumLogicals: 8
  CPUFrequency: 0
  CPUMaxFrequency: 0
  Memory: 64296
  CPUInfo:
    number: 1
    Family: 15
    Model: 0
    stepping: 0
    features: 395049983
    manufacture: AuthenticAMD
    typestring: AMD EPYC-Turin Processor
    iCoresPerPackage: 4
    iThreadsPerPackage: 2
    featuresEx:
      - 395049983
      - 4277809667
      - 802421759
    bHybrid: false
    nPCore: 0
    nLogicalsPerPCore: 0
    nECore: 0
    nLogicalsPerECore: 0
  MemModuleInfo:
    iNumMemSticks: 1
    DIMM 1:
      manufacturer: QEMU
      modulePartNo: Not Specified
      memType: RAM
      size: 64
      clkspeed: 0
      moduleVoltage: 0
Checksum: 67DF4C2F3B098806ECEBC533B7285AB5BA39E377