BaselineInfo:
  WebDBID: -1
  TimeStamp: 20260404165605
Version:
  Major: 11
  Minor: 0
  Build: 1004
  SpecialBuildName: ""
  ptArchitecture: x86_64_linux
Results:
  Results Complete: true
  NumTestProcesses: 16
  CPU_INTEGER_MATH: 67442.403000000006
  CPU_FLOATINGPOINT_MATH: 34490.174419783172
  CPU_PRIME: 131.18973276246638
  CPU_SORTING: 35092.314290661765
  CPU_ENCRYPTION: 14654.429821879703
  CPU_COMPRESSION: 246296.0016774364
  CPU_SINGLETHREAD: 2370.4424475260803
  CPU_PHYSICS: 2308.7624372523846
  CPU_MATRIX_MULT_SSE: 14116.394656300574
  CPU_mm: 1452.8368516267042
  CPU_sse: 6391.424197163763
  CPU_fma: 17507.536876651044
  CPU_avx: 12978.353849813355
  CPU_avx512: 19588.263701574138
  m_CPU_enc_SHA: 14734600151.634602
  m_CPU_enc_AES: 22249775385.401997
  m_CPU_enc_ECDSA: 9114474677.6853943
  ME_ALLOC_S: 8024.7210328041356
  ME_READ_S: 24263.232226562501
  ME_READ_L: 12376.0556640625
  ME_WRITE: 11452.23828125
  ME_LARGE: 17465.166666666668
  ME_LATENCY: 52.283972411309058
  ME_THREADED: 80546.3095703125
  SUMM_CPU: 21143.744980826024
  SUMM_ME: 2625.0492592587038
SystemInformation:
  OSName: Ubuntu 24.04.4 LTS
  Kernel: 6.8.0-106-generic
  Device: ""
  Processor: Intel(R) Xeon(R) Platinum 8369B CPU @ 2.90GHz
  NumSockets: 1
  Manufacturer: GenuineIntel
  NumCores: 8
  NumLogicals: 16
  CPUFrequency: 0
  CPUMaxFrequency: 0
  Memory: 30666
  CPUInfo:
    number: 1
    Family: 6
    Model: 10
    stepping: 6
    features: 529267711
    manufacture: GenuineIntel
    typestring: Intel(R) Xeon(R) Platinum 8369B CPU @ 2.90GHz
    iCoresPerPackage: 8
    iThreadsPerPackage: 2
    featuresEx:
      - 529267711
      - 4277809667
      - 739248128
    bHybrid: false
    nPCore: 0
    nLogicalsPerPCore: 0
    nECore: 0
    nLogicalsPerECore: 0
  MemModuleInfo:
    iNumMemSticks: 2
    DIMM 1:
      manufacturer: Alibaba Cloud
      modulePartNo: Not Specified
      memType: RAM
      size: 16
      clkspeed: 0
      moduleVoltage: 0
    DIMM 2:
      manufacturer: Alibaba Cloud
      modulePartNo: Not Specified
      memType: RAM
      size: 16
      clkspeed: 0
      moduleVoltage: 0
Checksum: 476F70B2A0B555AE96FC7162DC0D4B6CAF58A1ED