---
system-info:
      stress-ng-version: 0.17.08
      run-by: root
      date-yyyy-mm-dd: 2024:07:02
      time-hh-mm-ss: 14:38:16
      epoch-secs: 1719931096
      hostname: n1-standard-32-1c1d312
      sysname: Linux
      nodename: n1-standard-32-1c1d312
      release: 6.8.0-1009-gcp
      version: '#10-Ubuntu SMP Wed Jun 12 18:52:23 UTC 2024'
      machine: x86_64
      compiler: 'musl-gcc 13.2.1'
      uptime: 194
      totalram: 126606139392
      freeram: 121009668096
      sharedram: 48697344
      bufferram: 128897024
      totalswap: 0
      freeswap: 0
      pagesize: 4096
      cpus: 32
      cpus-online: 32
      ticks-per-second: 100

metrics:
    - stressor: cpu
      bogo-ops: 22919
      bogo-ops-per-second-usr-sys-time: 1145.963923
      bogo-ops-per-second-real-time: 1145.942910
      wall-clock-time: 20.000124
      user-time: 19.999757
      system-time: 0.000000
      cpu-usage-per-instance: 99.998166
      max-rss: 1032

...
