---
system-info:
      stress-ng-version: 0.17.08
      run-by: root
      date-yyyy-mm-dd: 2024:09:20
      time-hh-mm-ss: 16:14:04
      epoch-secs: 1726848844
      hostname: sc-runner
      sysname: Linux
      nodename: sc-runner
      release: 6.8.0-1014-azure
      version: '#16-Ubuntu SMP Thu Aug 15 20:04:41 UTC 2024'
      machine: x86_64
      compiler: 'musl-gcc 13.2.1'
      uptime: 367
      totalram: 33650917376
      freeram: 23366557696
      sharedram: 38129664
      bufferram: 256090112
      totalswap: 0
      freeswap: 0
      pagesize: 4096
      cpus: 8
      cpus-online: 8
      ticks-per-second: 100

metrics:
    - stressor: cpu
      bogo-ops: 54158
      bogo-ops-per-second-usr-sys-time: 2707.900271
      bogo-ops-per-second-real-time: 2707.894867
      wall-clock-time: 20.000038
      user-time: 19.997999
      system-time: 0.001999
      cpu-usage-per-instance: 99.999800
      max-rss: 3152

...
