BaselineInfo:
  WebDBID: -1
  TimeStamp: 20260404052224
Version:
  Major: 11
  Minor: 0
  Build: 1004
  SpecialBuildName: ""
  ptArchitecture: x86_64_linux
Results:
  Results Complete: true
  NumTestProcesses: 4
  CPU_INTEGER_MATH: 12787.289333333332
  CPU_FLOATINGPOINT_MATH: 6855.8859122635176
  CPU_PRIME: 31.923303398628683
  CPU_SORTING: 8050.4677567961617
  CPU_ENCRYPTION: 1765.2744350162782
  CPU_COMPRESSION: 60343.379286959287
  CPU_SINGLETHREAD: 2150.9456777032733
  CPU_PHYSICS: 585.89774383808299
  CPU_MATRIX_MULT_SSE: 3421.2644633589612
  CPU_mm: 388.45882525257787
  CPU_sse: 1377.5505074758394
  CPU_fma: 4334.5917664117751
  CPU_avx: 3063.9712794568341
  CPU_avx512: 4908.9443000913971
  m_CPU_enc_SHA: 577491049.38153017
  m_CPU_enc_AES: 4453149062.2060575
  m_CPU_enc_ECDSA: 522433106.32729828
  ME_ALLOC_S: 1506.107913840699
  ME_READ_S: 24612.056835937499
  ME_READ_L: 10275.865234375
  ME_WRITE: 9975.4873046875
  ME_LARGE: 18442
  ME_LATENCY: 54.148557202149561
  ME_THREADED: 24478.271484375
  SUMM_CPU: 4668.7031969065729
  SUMM_ME: 2138.0610055022562
SystemInformation:
  OSName: Ubuntu 24.04.4 LTS
  Kernel: 6.8.0-106-generic
  Device: ""
  Processor: Intel(R) Xeon(R) Platinum 8269CY CPU T 3.10GHz
  NumSockets: 1
  Manufacturer: GenuineIntel
  NumCores: 2
  NumLogicals: 4
  CPUFrequency: 3100
  CPUMaxFrequency: 3800
  Memory: 31192
  CPUInfo:
    number: 1
    Family: 6
    Model: 5
    stepping: 7
    features: 529267711
    manufacture: GenuineIntel
    typestring: Intel(R) Xeon(R) Platinum 8269CY CPU T 3.10GHz
    iCoresPerPackage: 2
    iThreadsPerPackage: 2
    featuresEx:
      - 529267711
      - 4277809667
      - 739248128
    bHybrid: false
    nPCore: 0
    nLogicalsPerPCore: 0
    nECore: 0
    nLogicalsPerECore: 0
  MemModuleInfo:
    iNumMemSticks: 2
    DIMM 1:
      manufacturer: Alibaba Cloud
      modulePartNo: Not Specified
      memType: RAM
      size: 16
      clkspeed: 0
      moduleVoltage: 0
    DIMM 2:
      manufacturer: Alibaba Cloud
      modulePartNo: Not Specified
      memType: RAM
      size: 16
      clkspeed: 0
      moduleVoltage: 0
Checksum: A29D83776843406A0EEC11F7A6EF6671472B6BBC