BaselineInfo:
  WebDBID: -1
  TimeStamp: 20241108214412
Version:
  Major: 11
  Minor: 0
  Build: 1002
  SpecialBuildName: ""
  ptArchitecture: x86_64_linux
Results:
  Results Complete: true
  NumTestProcesses: 32
  CPU_INTEGER_MATH: 136843.625
  CPU_FLOATINGPOINT_MATH: 97314.098903812468
  CPU_PRIME: 266.85012655270504
  CPU_SORTING: 67396.459903315525
  CPU_ENCRYPTION: 30083.728360275003
  CPU_COMPRESSION: 491632.07195667364
  CPU_SINGLETHREAD: 2909.5295564678586
  CPU_PHYSICS: 5361.105388169799
  CPU_MATRIX_MULT_SSE: 32361.512379350392
  CPU_mm: 3740.2948916274695
  CPU_sse: 16219.315257595381
  CPU_fma: 36316.464323221262
  CPU_avx: 29222.344086545243
  CPU_avx512: 47687.925850039675
  m_CPU_enc_SHA: 31835198119.750446
  m_CPU_enc_AES: 41337313813.440033
  m_CPU_enc_ECDSA: 21462714714.120689
  ME_ALLOC_S: 15226.360146299628
  ME_READ_S: 26639.7060546875
  ME_READ_L: 8946.7666015625
  ME_WRITE: 12490.0302734375
  ME_LARGE: 116211.16666666667
  ME_LATENCY: 82.942877948600696
  ME_THREADED: 157831.68603515625
  SUMM_CPU: 41866.447467706101
  SUMM_ME: 2170.2949953431321
SystemInformation:
  OSName: Ubuntu 24.04.1 LTS
  Kernel: 6.8.0-1016-aws
  Device: ""
  Processor: Intel Xeon Platinum 8488C
  NumSockets: 1
  Manufacturer: GenuineIntel
  NumCores: 16
  NumLogicals: 32
  CPUFrequency: 0
  Memory: 126756
  MemModuleInfo:
    iNumMemSticks: 1
    DIMM 1:
      manufacturer: Not Specified
      modulePartNo: Not Specified
      memType: DDR5
      size: 128
      clkspeed: 2400
      moduleVoltage: 0
Checksum: D934C7DF34C2594ACB172D840F4284E3CE9DA0C3