---
system-info:
      stress-ng-version: 0.17.08
      run-by: root
      date-yyyy-mm-dd: 2024:06:08
      time-hh-mm-ss: 21:18:56
      epoch-secs: 1717881536
      hostname: fd4c2998d1b4
      sysname: Linux
      nodename: fd4c2998d1b4
      release: 6.8.0-1008-aws
      version: '#8-Ubuntu SMP Sat Apr 20 02:43:14 UTC 2024'
      machine: aarch64
      compiler: 'musl-gcc 13.2.1'
      uptime: 106
      totalram: 16435384320
      freeram: 12044300288
      sharedram: 35012608
      bufferram: 104947712
      totalswap: 0
      freeswap: 0
      pagesize: 4096
      cpus: 4
      cpus-online: 4
      ticks-per-second: 100

metrics:
    - stressor: cpu
      bogo-ops: 16994
      bogo-ops-per-second-usr-sys-time: 424.541263
      bogo-ops-per-second-real-time: 1690.725061
      wall-clock-time: 10.051309
      user-time: 40.022096
      system-time: 0.006993
      cpu-usage-per-instance: 99.561881
      max-rss: 4136

...
