---
system-info:
      stress-ng-version: 0.17.08
      run-by: root
      date-yyyy-mm-dd: 2024:06:15
      time-hh-mm-ss: 05:55:11
      epoch-secs: 1718430911
      hostname: 73d13050825c
      sysname: Linux
      nodename: 73d13050825c
      release: 6.8.0-1008-aws
      version: '#8-Ubuntu SMP Sat Apr 20 02:43:14 UTC 2024'
      machine: aarch64
      compiler: 'musl-gcc 13.2.1'
      uptime: 112
      totalram: 16435384320
      freeram: 12170739712
      sharedram: 35012608
      bufferram: 107515904
      totalswap: 0
      freeswap: 0
      pagesize: 4096
      cpus: 4
      cpus-online: 4
      ticks-per-second: 100

metrics:
    - stressor: cpu
      bogo-ops: 122072
      bogo-ops-per-second-usr-sys-time: 1531.445709
      bogo-ops-per-second-real-time: 6103.581792
      wall-clock-time: 20.000060
      user-time: 79.640351
      system-time: 0.069951
      cpu-usage-per-instance: 99.637580
      max-rss: 1192

...
