size_kb,operation,bandwidth_mb_s,latency_ns,latency_stddev_ns,latency_samples,threads,iterations,elapsed_s
32,read,2394929.44,0,0,0,32,421585,0.176032
32,write,2662004.05,0,0,0,32,623441,0.234200
32,copy,1965802.76,0,0,0,32,379362,0.192981
32,latency,0,2.15,0.00,7,1,7,0.308837
128,read,1983852.32,0,0,0,32,109697,0.221180
128,write,2368207.75,0,0,0,32,166444,0.281131
128,copy,1491073.33,0,0,0,32,113275,0.303875
128,latency,0,2.87,0.00,7,1,7,0.655030
1024,read,1765630.26,0,0,0,32,16413,0.297467
1024,write,2347141.12,0,0,0,32,21118,0.287915
1024,copy,885487.88,0,0,0,32,13895,0.502141
1024,latency,0,5.63,0.00,7,1,7,0.687589
2048,read,1306456.15,0,0,0,32,8367,0.409878
2048,write,2162773.28,0,0,0,32,10437,0.308848
2048,copy,365231.48,0,0,0,32,4864,0.852325
2048,latency,0,8.80,0.04,7,1,7,0.670267
4096,read,614033.22,0,0,0,32,2648,0.551996
4096,write,802450.23,0,0,0,32,4945,0.788784
4096,copy,263723.16,0,0,0,32,1883,0.913928
4096,latency,0,16.89,0.06,7,1,7,0.672915
8192,read,480482.17,0,0,0,32,1087,0.579152
8192,write,551478.85,0,0,0,32,2169,1.006864
8192,copy,220353.51,0,0,0,32,900,1.045593
8192,latency,0,22.26,0.20,7,1,7,0.707451
16384,read,431367.19,0,0,0,32,478,0.567350
16384,write,474200.67,0,0,0,32,1040,1.122900
16384,copy,200565.76,0,0,0,32,445,1.135986
16384,latency,0,26.80,17.63,21,1,21,3.049386
32768,read,401716.79,0,0,0,32,244,0.621971
32768,write,437776.25,0,0,0,32,492,1.150834
32768,copy,186858.84,0,0,0,32,208,1.139855
32768,latency,0,89.16,11.27,21,1,21,4.569851
65536,read,395706.52,0,0,0,32,119,0.615891
65536,write,420050.14,0,0,0,32,249,1.214027
65536,copy,190232.87,0,0,0,32,109,1.173467
65536,latency,0,110.26,0.90,7,1,7,4.967688
131072,read,392596.44,0,0,0,32,61,0.636419
131072,write,411568.77,0,0,0,32,123,1.224116
131072,copy,189765.10,0,0,0,32,54,1.165567
131072,latency,0,111.75,1.08,7,1,7,10.243908
