---
system-info:
      stress-ng-version: 0.17.08
      run-by: root
      date-yyyy-mm-dd: 2024:09:16
      time-hh-mm-ss: 22:26:35
      epoch-secs: 1726525595
      hostname: sc-runner
      sysname: Linux
      nodename: sc-runner
      release: 6.8.0-1014-azure
      version: '#16-Ubuntu SMP Thu Aug 15 20:04:41 UTC 2024'
      machine: x86_64
      compiler: 'musl-gcc 13.2.1'
      uptime: 306
      totalram: 135066304512
      freeram: 124680097792
      sharedram: 42160128
      bufferram: 254656512
      totalswap: 0
      freeswap: 0
      pagesize: 4096
      cpus: 16
      cpus-online: 16
      ticks-per-second: 100

metrics:
    - stressor: cpu
      bogo-ops: 297806
      bogo-ops-per-second-usr-sys-time: 932.325528
      bogo-ops-per-second-real-time: 14890.222907
      wall-clock-time: 20.000104
      user-time: 319.384787
      system-time: 0.037980
      cpu-usage-per-instance: 99.819098
      max-rss: 3152

...
