BaselineInfo:
  WebDBID: -1
  TimeStamp: 20241107101920
Version:
  Major: 11
  Minor: 0
  Build: 1002
  SpecialBuildName: ""
  ptArchitecture: x86_64_linux
Results:
  Results Complete: true
  NumTestProcesses: 16
  CPU_INTEGER_MATH: 40608.165999999997
  CPU_FLOATINGPOINT_MATH: 25834.25155450591
  CPU_PRIME: 95.202868498869975
  CPU_SORTING: 24477.31374887687
  CPU_ENCRYPTION: 10430.208572707772
  CPU_COMPRESSION: 165038.6691636027
  CPU_SINGLETHREAD: 1572.3057999886764
  CPU_PHYSICS: 1845.7782154401575
  CPU_MATRIX_MULT_SSE: 10951.662955336502
  CPU_mm: 1125.8102398278616
  CPU_sse: 5306.5012034553065
  CPU_fma: 15010.236861199743
  CPU_avx: 12538.250801354454
  CPU_avx512: 0
  m_CPU_enc_SHA: 14778799564.776354
  m_CPU_enc_AES: 9758742658.7079735
  m_CPU_enc_ECDSA: 8273056929.5225506
  ME_ALLOC_S: 5107.4436956583977
  ME_READ_S: 14898.701953125001
  ME_READ_L: 14707.859375
  ME_WRITE: 14704.2880859375
  ME_LARGE: 52583.083333333336
  ME_LATENCY: 84.232038383515473
  ME_THREADED: 55944.603271484375
  SUMM_CPU: 14695.298051475995
  SUMM_ME: 1999.3085876229318
SystemInformation:
  OSName: Ubuntu 24.04.1 LTS
  Kernel: 6.8.0-45-generic
  Device: ""
  Processor: AMD EPYC Processor
  NumSockets: 1
  Manufacturer: AuthenticAMD
  NumCores: 8
  NumLogicals: 16
  CPUFrequency: 0
  Memory: 62785
  MemModuleInfo:
    iNumMemSticks: 4
    DIMM 1:
      manufacturer: QEMU
      modulePartNo: Not Specified
      memType: RAM
      size: 16
      clkspeed: 0
      moduleVoltage: 0
    DIMM 2:
      manufacturer: QEMU
      modulePartNo: Not Specified
      memType: RAM
      size: 16
      clkspeed: 0
      moduleVoltage: 0
    DIMM 3:
      manufacturer: QEMU
      modulePartNo: Not Specified
      memType: RAM
      size: 16
      clkspeed: 0
      moduleVoltage: 0
    DIMM 4:
      manufacturer: QEMU
      modulePartNo: Not Specified
      memType: RAM
      size: 14848
      clkspeed: 0
      moduleVoltage: 0
Checksum: 29F654B3D33677A33B28F595D388D9A715830F64