BaselineInfo:
  WebDBID: -1
  TimeStamp: 20260407091635
Version:
  Major: 11
  Minor: 0
  Build: 1004
  SpecialBuildName: ""
  ptArchitecture: aarch64_linux
Results:
  Results Complete: true
  NumTestProcesses: 16
  CPU_INTEGER_MATH: 88355.334666666662
  CPU_FLOATINGPOINT_MATH: 74131.070775756292
  CPU_PRIME: 175.54833619121732
  CPU_SORTING: 69492.688926970848
  CPU_ENCRYPTION: 2615.367441560461
  CPU_COMPRESSION: 95427.461220520927
  CPU_SINGLETHREAD: 1636.4026683118066
  CPU_PHYSICS: 3640.3879442569423
  CPU_MATRIX_MULT_SSE: 12541.64842947539
  CPU_mm: 2008.7422713710973
  CPU_sse: 10579.813108341204
  CPU_fma: 14503.483750609568
  CPU_avx: 0
  CPU_avx512: 0
  m_CPU_enc_SHA: 3822590107.4474144
  m_CPU_enc_AES: 1696517742.8864634
  m_CPU_enc_ECDSA: 2708126740.8712287
  ME_ALLOC_S: 14714.332673022578
  ME_READ_S: 22526.66015625
  ME_READ_L: 16889.3828125
  ME_WRITE: 20782.603515625
  ME_LARGE: 111687.16666666667
  ME_LATENCY: 64.080356694473821
  ME_THREADED: 74004.4443359375
  SUMM_CPU: 12775.056644000893
  SUMM_ME: 2731.0336889251316
SystemInformation:
  OSName: Ubuntu 24.04.4 LTS
  Kernel: 6.8.0-106-generic
  Device: ""
  Processor: ARM Neoverse-N2 16 Core 3000 MHz
  NumSockets: 1
  Manufacturer: ARM
  NumCores: 16
  NumLogicals: 16
  CPUFrequency: 3000
  CPUMaxFrequency: 3000
  Memory: 125293
Checksum: 8037C4118AE07B2BAB4B6E867C12350B2AFA833E