---
system-info:
      stress-ng-version: 0.17.08
      run-by: root
      date-yyyy-mm-dd: 2024:06:10
      time-hh-mm-ss: 05:42:05
      epoch-secs: 1717998125
      hostname: a536bd8cd474
      sysname: Linux
      nodename: a536bd8cd474
      release: 6.8.0-1008-aws
      version: '#8-Ubuntu SMP Sat Apr 20 00:46:25 UTC 2024'
      machine: x86_64
      compiler: 'musl-gcc 13.2.1'
      uptime: 157
      totalram: 16555896832
      freeram: 12067188736
      sharedram: 29196288
      bufferram: 114880512
      totalswap: 0
      freeswap: 0
      pagesize: 4096
      cpus: 2
      cpus-online: 2
      ticks-per-second: 100

metrics:
    - stressor: cpu
      bogo-ops: 26319
      bogo-ops-per-second-usr-sys-time: 1329.560444
      bogo-ops-per-second-real-time: 2631.799668
      wall-clock-time: 10.000381
      user-time: 19.788288
      system-time: 0.006976
      cpu-usage-per-instance: 98.972547
      max-rss: 4104

...
