---
system-info:
      stress-ng-version: 0.17.08
      run-by: root
      date-yyyy-mm-dd: 2024:06:16
      time-hh-mm-ss: 08:22:49
      epoch-secs: 1718526169
      hostname: 7d86bf3c9f60
      sysname: Linux
      nodename: 7d86bf3c9f60
      release: 6.8.0-1008-aws
      version: '#8-Ubuntu SMP Sat Apr 20 00:46:25 UTC 2024'
      machine: x86_64
      compiler: 'musl-gcc 13.2.1'
      uptime: 123
      totalram: 16555905024
      freeram: 12256808960
      sharedram: 29196288
      bufferram: 109166592
      totalswap: 0
      freeswap: 0
      pagesize: 4096
      cpus: 2
      cpus-online: 2
      ticks-per-second: 100

metrics:
    - stressor: cpu
      bogo-ops: 43382
      bogo-ops-per-second-usr-sys-time: 1093.834384
      bogo-ops-per-second-real-time: 2169.091920
      wall-clock-time: 20.000075
      user-time: 39.648511
      system-time: 0.011972
      cpu-usage-per-instance: 99.150838
      max-rss: 1104

...
