BaselineInfo:
  WebDBID: -1
  TimeStamp: 20251008050332
Version:
  Major: 11
  Minor: 0
  Build: 1002
  SpecialBuildName: ""
  ptArchitecture: x86_64_linux
Results:
  Results Complete: true
  NumTestProcesses: 8
  CPU_INTEGER_MATH: 60941.998000000007
  CPU_FLOATINGPOINT_MATH: 61024.011816489961
  CPU_PRIME: 216.83884355925298
  CPU_SORTING: 37064.212664985818
  CPU_ENCRYPTION: 12686.506065083708
  CPU_COMPRESSION: 263756.87583116425
  CPU_SINGLETHREAD: 3831.1630576076559
  CPU_PHYSICS: 3030.266525356632
  CPU_MATRIX_MULT_SSE: 24305.286744354289
  CPU_mm: 2909.9112126266382
  CPU_sse: 8739.859561035466
  CPU_fma: 34650.11366262399
  CPU_avx: 17121.288953958992
  CPU_avx512: 36709.88479979871
  m_CPU_enc_SHA: 17608456473.983051
  m_CPU_enc_AES: 11020403450.830765
  m_CPU_enc_ECDSA: 11279437426.289816
  ME_ALLOC_S: 10525.876828359444
  ME_READ_S: 33916.096484374997
  ME_READ_L: 32410.455078125
  ME_WRITE: 32971.9765625
  ME_LARGE: 21661.25
  ME_LATENCY: 88.249310263284954
  ME_THREADED: 54645.36962890625
  SUMM_CPU: 25641.669874488056
  SUMM_ME: 2522.7484468294374
SystemInformation:
  OSName: Ubuntu 24.04.2 LTS
  Kernel: 6.14.0-1014-aws
  Device: ""
  Processor: AMD EPYC 9R45
  NumSockets: 1
  Manufacturer: AuthenticAMD
  NumCores: 8
  NumLogicals: 8
  CPUFrequency: 0
  Memory: 31470
  MemModuleInfo:
    iNumMemSticks: 1
    DIMM 1:
      manufacturer: Not Specified
      modulePartNo: Not Specified
      memType: DDR5
      size: 32
      clkspeed: 3200
      moduleVoltage: 0
Checksum: 606A85E694911A17025D7E373D34B7012B0050CB