---
system-info:
      stress-ng-version: 0.17.08
      run-by: root
      date-yyyy-mm-dd: 2024:06:08
      time-hh-mm-ss: 02:44:21
      epoch-secs: 1717814661
      hostname: dbf19378d20e
      sysname: Linux
      nodename: dbf19378d20e
      release: 6.8.0-1008-aws
      version: '#8-Ubuntu SMP Sat Apr 20 00:46:25 UTC 2024'
      machine: x86_64
      compiler: 'musl-gcc 13.2.1'
      uptime: 123
      totalram: 33265283072
      freeram: 28977266688
      sharedram: 40734720
      bufferram: 95514624
      totalswap: 0
      freeswap: 0
      pagesize: 4096
      cpus: 4
      cpus-online: 4
      ticks-per-second: 100

metrics:
    - stressor: cpu
      bogo-ops: 40793
      bogo-ops-per-second-usr-sys-time: 1026.063285
      bogo-ops-per-second-real-time: 4078.878770
      wall-clock-time: 10.001033
      user-time: 39.748811
      system-time: 0.007996
      cpu-usage-per-instance: 99.381754
      max-rss: 4048

...
