---
system-info:
      stress-ng-version: 0.17.08
      run-by: root
      date-yyyy-mm-dd: 2024:06:13
      time-hh-mm-ss: 15:55:37
      epoch-secs: 1718294137
      hostname: 15406725b026
      sysname: Linux
      nodename: 15406725b026
      release: 6.8.0-1008-aws
      version: '#8-Ubuntu SMP Sat Apr 20 00:46:25 UTC 2024'
      machine: x86_64
      compiler: 'musl-gcc 13.2.1'
      uptime: 131
      totalram: 33265270784
      freeram: 28938399744
      sharedram: 37851136
      bufferram: 105721856
      totalswap: 0
      freeswap: 0
      pagesize: 4096
      cpus: 4
      cpus-online: 4
      ticks-per-second: 100

metrics:
    - stressor: cpu
      bogo-ops: 67119
      bogo-ops-per-second-usr-sys-time: 843.783375
      bogo-ops-per-second-real-time: 3355.930877
      wall-clock-time: 20.000114
      user-time: 79.524309
      system-time: 0.020989
      cpu-usage-per-instance: 99.431056
      max-rss: 976

...
