BaselineInfo:
  WebDBID: -1
  TimeStamp: 20260404203458
Version:
  Major: 11
  Minor: 0
  Build: 1004
  SpecialBuildName: ""
  ptArchitecture: x86_64_linux
Results:
  Results Complete: true
  NumTestProcesses: 32
  CPU_INTEGER_MATH: 134365.36999999997
  CPU_FLOATINGPOINT_MATH: 68729.139197816185
  CPU_PRIME: 147.47229165257764
  CPU_SORTING: 63100.812415818698
  CPU_ENCRYPTION: 27294.657154078744
  CPU_COMPRESSION: 465347.63294227014
  CPU_SINGLETHREAD: 2397.749430292376
  CPU_PHYSICS: 2749.8016226164077
  CPU_MATRIX_MULT_SSE: 26759.163878705273
  CPU_mm: 2731.2297976830423
  CPU_sse: 11639.683538644938
  CPU_fma: 31582.995702116837
  CPU_avx: 24259.060274675528
  CPU_avx512: 39554.915999383789
  m_CPU_enc_SHA: 27609125166.209145
  m_CPU_enc_AES: 41324557848.602959
  m_CPU_enc_ECDSA: 16927884245.173714
  ME_ALLOC_S: 13795.220256133587
  ME_READ_S: 24114.442187500001
  ME_READ_L: 10457.6123046875
  ME_WRITE: 9688.609375
  ME_LARGE: 47816.333333333336
  ME_LATENCY: 57.958567910341024
  ME_THREADED: 116485.89697265625
  SUMM_CPU: 34961.899361011448
  SUMM_ME: 2503.0951207453077
SystemInformation:
  OSName: Ubuntu 24.04.4 LTS
  Kernel: 6.8.0-106-generic
  Device: ""
  Processor: Intel(R) Xeon(R) Platinum 8369B CPU @ 2.70GHz
  NumSockets: 1
  Manufacturer: GenuineIntel
  NumCores: 16
  NumLogicals: 32
  CPUFrequency: 0
  CPUMaxFrequency: 0
  Memory: 61861
  CPUInfo:
    number: 1
    Family: 6
    Model: 10
    stepping: 6
    features: 529267711
    manufacture: GenuineIntel
    typestring: Intel(R) Xeon(R) Platinum 8369B CPU @ 2.70GHz
    iCoresPerPackage: 16
    iThreadsPerPackage: 2
    featuresEx:
      - 529267711
      - 4277809667
      - 739248128
    bHybrid: false
    nPCore: 0
    nLogicalsPerPCore: 0
    nECore: 0
    nLogicalsPerECore: 0
  MemModuleInfo:
    iNumMemSticks: 4
    DIMM 1:
      manufacturer: Alibaba Cloud
      modulePartNo: Not Specified
      memType: RAM
      size: 16
      clkspeed: 0
      moduleVoltage: 0
    DIMM 2:
      manufacturer: Alibaba Cloud
      modulePartNo: Not Specified
      memType: RAM
      size: 16
      clkspeed: 0
      moduleVoltage: 0
    DIMM 3:
      manufacturer: Alibaba Cloud
      modulePartNo: Not Specified
      memType: RAM
      size: 16
      clkspeed: 0
      moduleVoltage: 0
    DIMM 4:
      manufacturer: Alibaba Cloud
      modulePartNo: Not Specified
      memType: RAM
      size: 16
      clkspeed: 0
      moduleVoltage: 0
Checksum: 25C27C0AE495F45A815C56EFB8AEC8BF0BF7654E