BaselineInfo:
  WebDBID: -1
  TimeStamp: 20260404155103
Version:
  Major: 11
  Minor: 0
  Build: 1004
  SpecialBuildName: ""
  ptArchitecture: x86_64_linux
Results:
  Results Complete: true
  NumTestProcesses: 8
  CPU_INTEGER_MATH: 23498.467666666664
  CPU_FLOATINGPOINT_MATH: 12602.529224056212
  CPU_PRIME: 58.008171874643686
  CPU_SORTING: 14594.456129272623
  CPU_ENCRYPTION: 3255.1819458177674
  CPU_COMPRESSION: 109396.38866237446
  CPU_SINGLETHREAD: 1980.9320383932452
  CPU_PHYSICS: 971.60141394619598
  CPU_MATRIX_MULT_SSE: 6448.3044683632143
  CPU_mm: 715.00548636185124
  CPU_sse: 2554.5458531011914
  CPU_fma: 7904.621811285856
  CPU_avx: 5588.5868456763974
  CPU_avx512: 9745.4633633894118
  m_CPU_enc_SHA: 1062241751.6547936
  m_CPU_enc_AES: 8215132773.4802017
  m_CPU_enc_ECDSA: 962542466.91843891
  ME_ALLOC_S: 2867.7510302277456
  ME_READ_S: 22465.505664062501
  ME_READ_L: 9905.603515625
  ME_WRITE: 9683.2119140625
  ME_LARGE: 49964.833333333336
  ME_LATENCY: 53.710989883486945
  ME_THREADED: 47950.81298828125
  SUMM_CPU: 8306.2862255435684
  SUMM_ME: 2345.0778399552382
SystemInformation:
  OSName: Ubuntu 24.04.4 LTS
  Kernel: 6.8.0-106-generic
  Device: ""
  Processor: Intel(R) Xeon(R) Platinum 8269CY CPU @ 2.50GHz
  NumSockets: 1
  Manufacturer: GenuineIntel
  NumCores: 4
  NumLogicals: 8
  CPUFrequency: 0
  CPUMaxFrequency: 0
  Memory: 62894
  CPUInfo:
    number: 1
    Family: 6
    Model: 5
    stepping: 7
    features: 529267711
    manufacture: GenuineIntel
    typestring: Intel(R) Xeon(R) Platinum 8269CY CPU @ 2.50GHz
    iCoresPerPackage: 4
    iThreadsPerPackage: 2
    featuresEx:
      - 529267711
      - 4277809667
      - 739248128
    bHybrid: false
    nPCore: 0
    nLogicalsPerPCore: 0
    nECore: 0
    nLogicalsPerECore: 0
  MemModuleInfo:
    iNumMemSticks: 4
    DIMM 1:
      manufacturer: Alibaba Cloud
      modulePartNo: Not Specified
      memType: RAM
      size: 16
      clkspeed: 0
      moduleVoltage: 0
    DIMM 2:
      manufacturer: Alibaba Cloud
      modulePartNo: Not Specified
      memType: RAM
      size: 16
      clkspeed: 0
      moduleVoltage: 0
    DIMM 3:
      manufacturer: Alibaba Cloud
      modulePartNo: Not Specified
      memType: RAM
      size: 16
      clkspeed: 0
      moduleVoltage: 0
    DIMM 4:
      manufacturer: Alibaba Cloud
      modulePartNo: Not Specified
      memType: RAM
      size: 16
      clkspeed: 0
      moduleVoltage: 0
Checksum: 6E2B7950D73543E14871E0E61A0EA5323F7085E5