---
system-info:
      stress-ng-version: 0.17.08
      run-by: root
      date-yyyy-mm-dd: 2024:06:15
      time-hh-mm-ss: 19:29:28
      epoch-secs: 1718479768
      hostname: e9df56db161e
      sysname: Linux
      nodename: e9df56db161e
      release: 6.8.0-1008-aws
      version: '#8-Ubuntu SMP Sat Apr 20 02:43:14 UTC 2024'
      machine: aarch64
      compiler: 'musl-gcc 13.2.1'
      uptime: 138
      totalram: 539748093952
      freeram: 534468747264
      sharedram: 36618240
      bufferram: 108199936
      totalswap: 0
      freeswap: 0
      pagesize: 4096
      cpus: 64
      cpus-online: 64
      ticks-per-second: 100

metrics:
    - stressor: cpu
      bogo-ops: 1944166
      bogo-ops-per-second-usr-sys-time: 1519.421714
      bogo-ops-per-second-real-time: 97207.979607
      wall-clock-time: 20.000066
      user-time: 1279.523395
      system-time: 0.019988
      cpu-usage-per-instance: 99.963997
      max-rss: 1024

...
