---
system-info:
      stress-ng-version: 0.17.08
      run-by: root
      date-yyyy-mm-dd: 2024:06:09
      time-hh-mm-ss: 16:43:09
      epoch-secs: 1717951389
      hostname: dc8a19eb8f7a
      sysname: Linux
      nodename: dc8a19eb8f7a
      release: 6.8.0-1008-aws
      version: '#8-Ubuntu SMP Sat Apr 20 02:43:14 UTC 2024'
      machine: aarch64
      compiler: 'musl-gcc 13.2.1'
      uptime: 122
      totalram: 539748093952
      freeram: 534292889600
      sharedram: 36618240
      bufferram: 110047232
      totalswap: 0
      freeswap: 0
      pagesize: 4096
      cpus: 64
      cpus-online: 64
      ticks-per-second: 100

metrics:
    - stressor: cpu
      bogo-ops: 188150
      bogo-ops-per-second-usr-sys-time: 293.028963
      bogo-ops-per-second-real-time: 18742.904245
      wall-clock-time: 10.038466
      user-time: 642.039726
      system-time: 0.046974
      cpu-usage-per-instance: 99.941615
      max-rss: 3584

...
