BaselineInfo:
  WebDBID: -1
  TimeStamp: 20241108044022
Version:
  Major: 11
  Minor: 0
  Build: 1002
  SpecialBuildName: ""
  ptArchitecture: x86_64_linux
Results:
  Results Complete: true
  NumTestProcesses: 8
  CPU_INTEGER_MATH: 48312.943999999996
  CPU_FLOATINGPOINT_MATH: 42643.562516759324
  CPU_PRIME: 151.56330574007958
  CPU_SORTING: 29800.644751262349
  CPU_ENCRYPTION: 10458.612651172047
  CPU_COMPRESSION: 210197.95160302197
  CPU_SINGLETHREAD: 2890.4300002367668
  CPU_PHYSICS: 2198.4336387191684
  CPU_MATRIX_MULT_SSE: 19733.302481385545
  CPU_mm: 2085.6933242794948
  CPU_sse: 9363.8621307400626
  CPU_fma: 27300.311119930317
  CPU_avx: 23455.328462535941
  CPU_avx512: 18813.708212335874
  m_CPU_enc_SHA: 14449053915.366436
  m_CPU_enc_AES: 9159566335.8132114
  m_CPU_enc_ECDSA: 9291330406.766489
  ME_ALLOC_S: 7474.9177593778695
  ME_READ_S: 27850.234570312499
  ME_READ_L: 27114.546875
  ME_WRITE: 25951.98828125
  ME_LARGE: 52844
  ME_LATENCY: 83.395036376211252
  ME_THREADED: 38715.18115234375
  SUMM_CPU: 20038.213593556979
  SUMM_ME: 2469.0955675756404
SystemInformation:
  OSName: Ubuntu 24.04.1 LTS
  Kernel: 6.8.0-1016-aws
  Device: ""
  Processor: AMD EPYC 9R14
  NumSockets: 1
  Manufacturer: AuthenticAMD
  NumCores: 8
  NumLogicals: 8
  CPUFrequency: 0
  Memory: 62922
  MemModuleInfo:
    iNumMemSticks: 1
    DIMM 1:
      manufacturer: Not Specified
      modulePartNo: Not Specified
      memType: DDR5
      size: 64
      clkspeed: 2400
      moduleVoltage: 0
Checksum: B541F33008720C8F3CB19A1A8E7559C5CE601379