---
system-info:
      stress-ng-version: 0.17.08
      run-by: root
      date-yyyy-mm-dd: 2024:06:13
      time-hh-mm-ss: 08:42:49
      epoch-secs: 1718268169
      hostname: 0a2985a131b8
      sysname: Linux
      nodename: 0a2985a131b8
      release: 6.8.0-1008-aws
      version: '#8-Ubuntu SMP Sat Apr 20 00:46:25 UTC 2024'
      machine: x86_64
      compiler: 'musl-gcc 13.2.1'
      uptime: 155
      totalram: 200461893632
      freeram: 195834736640
      sharedram: 40943616
      bufferram: 106188800
      totalswap: 0
      freeswap: 0
      pagesize: 4096
      cpus: 24
      cpus-online: 24
      ticks-per-second: 100

metrics:
    - stressor: cpu
      bogo-ops: 405285
      bogo-ops-per-second-usr-sys-time: 845.158069
      bogo-ops-per-second-real-time: 20264.144163
      wall-clock-time: 20.000104
      user-time: 479.517526
      system-time: 0.019989
      cpu-usage-per-instance: 99.903127
      max-rss: 1020

...
