---
system-info:
      stress-ng-version: 0.17.08
      run-by: root
      date-yyyy-mm-dd: 2024:06:07
      time-hh-mm-ss: 11:57:19
      epoch-secs: 1717761439
      hostname: 456f0c3f6425
      sysname: Linux
      nodename: 456f0c3f6425
      release: 6.8.0-1008-aws
      version: '#8-Ubuntu SMP Sat Apr 20 00:46:25 UTC 2024'
      machine: x86_64
      compiler: 'musl-gcc 13.2.1'
      uptime: 125
      totalram: 200461897728
      freeram: 195940982784
      sharedram: 40943616
      bufferram: 90349568
      totalswap: 0
      freeswap: 0
      pagesize: 4096
      cpus: 24
      cpus-online: 24
      ticks-per-second: 100

metrics:
    - stressor: cpu
      bogo-ops: 236849
      bogo-ops-per-second-usr-sys-time: 987.900349
      bogo-ops-per-second-real-time: 23680.862905
      wall-clock-time: 10.001705
      user-time: 239.705911
      system-time: 0.043979
      cpu-usage-per-instance: 99.878760
      max-rss: 3900

...
