---
system-info:
      stress-ng-version: 0.17.08
      run-by: root
      date-yyyy-mm-dd: 2024:09:16
      time-hh-mm-ss: 18:36:07
      epoch-secs: 1726511767
      hostname: sc-runner
      sysname: Linux
      nodename: sc-runner
      release: 6.8.0-1014-azure
      version: '#16-Ubuntu SMP Thu Aug 15 20:04:41 UTC 2024'
      machine: x86_64
      compiler: 'musl-gcc 13.2.1'
      uptime: 325
      totalram: 67420590080
      freeram: 57095237632
      sharedram: 42070016
      bufferram: 231350272
      totalswap: 0
      freeswap: 0
      pagesize: 4096
      cpus: 16
      cpus-online: 16
      ticks-per-second: 100

metrics:
    - stressor: cpu
      bogo-ops: 28257
      bogo-ops-per-second-usr-sys-time: 1412.878328
      bogo-ops-per-second-real-time: 1412.845217
      wall-clock-time: 20.000068
      user-time: 19.998600
      system-time: 0.000999
      cpu-usage-per-instance: 99.997656
      max-rss: 3152

...
