---
system-info:
      stress-ng-version: 0.17.08
      run-by: root
      date-yyyy-mm-dd: 2024:09:23
      time-hh-mm-ss: 01:38:39
      epoch-secs: 1727055519
      hostname: sc-runner
      sysname: Linux
      nodename: sc-runner
      release: 6.8.0-1014-azure
      version: '#16-Ubuntu SMP Thu Aug 15 20:04:41 UTC 2024'
      machine: x86_64
      compiler: 'musl-gcc 13.2.1'
      uptime: 410
      totalram: 270259843072
      freeram: 259872677888
      sharedram: 38100992
      bufferram: 251232256
      totalswap: 0
      freeswap: 0
      pagesize: 4096
      cpus: 8
      cpus-online: 8
      ticks-per-second: 100

metrics:
    - stressor: cpu
      bogo-ops: 54042
      bogo-ops-per-second-usr-sys-time: 2702.370102
      bogo-ops-per-second-real-time: 2702.097391
      wall-clock-time: 20.000019
      user-time: 19.996002
      system-time: 0.001999
      cpu-usage-per-instance: 99.989908
      max-rss: 3024

...
