BaselineInfo:
  WebDBID: -1
  TimeStamp: 20260404162834
Version:
  Major: 11
  Minor: 0
  Build: 1004
  SpecialBuildName: ""
  ptArchitecture: x86_64_linux
Results:
  Results Complete: true
  NumTestProcesses: 8
  CPU_INTEGER_MATH: 19669.295666666665
  CPU_FLOATINGPOINT_MATH: 10547.603402450337
  CPU_PRIME: 45.478821111106129
  CPU_SORTING: 12091.795759576173
  CPU_ENCRYPTION: 2721.3552535182866
  CPU_COMPRESSION: 91963.704594598225
  CPU_SINGLETHREAD: 1684.531360734285
  CPU_PHYSICS: 780.27255669154511
  CPU_MATRIX_MULT_SSE: 6064.9809314544837
  CPU_mm: 598.29846748252442
  CPU_sse: 2140.2325904267041
  CPU_fma: 7306.9394667152637
  CPU_avx: 5166.2629772318769
  CPU_avx512: 9646.4886914440885
  m_CPU_enc_SHA: 889102138.09443641
  m_CPU_enc_AES: 6865009448.5552912
  m_CPU_enc_ECDSA: 806531832.28984499
  ME_ALLOC_S: 2146.9476686664639
  ME_READ_S: 19526.978906249999
  ME_READ_L: 6561.4716796875
  ME_WRITE: 6891.66259765625
  ME_LARGE: 50868.666666666664
  ME_LATENCY: 77.168640803914442
  ME_THREADED: 36639.05126953125
  SUMM_CPU: 7017.8378253221845
  SUMM_ME: 1707.1395100742559
SystemInformation:
  OSName: Ubuntu 24.04.4 LTS
  Kernel: 6.8.0-106-generic
  Device: ""
  Processor: Intel(R) Xeon(R) Platinum 8269CY CPU @ 2.50GHz
  NumSockets: 1
  Manufacturer: GenuineIntel
  NumCores: 4
  NumLogicals: 8
  CPUFrequency: 2500
  CPUMaxFrequency: 3800
  Memory: 63790
  CPUInfo:
    number: 1
    Family: 6
    Model: 5
    stepping: 7
    features: 529267711
    manufacture: GenuineIntel
    typestring: Intel(R) Xeon(R) Platinum 8269CY CPU @ 2.50GHz
    iCoresPerPackage: 4
    iThreadsPerPackage: 2
    featuresEx:
      - 529267711
      - 4294586883
      - 739248128
    bHybrid: false
    nPCore: 0
    nLogicalsPerPCore: 0
    nECore: 0
    nLogicalsPerECore: 0
  MemModuleInfo:
    iNumMemSticks: 4
    DIMM 1:
      manufacturer: Alibaba Cloud
      modulePartNo: Not Specified
      memType: RAM
      size: 16
      clkspeed: 0
      moduleVoltage: 0
    DIMM 2:
      manufacturer: Alibaba Cloud
      modulePartNo: Not Specified
      memType: RAM
      size: 16
      clkspeed: 0
      moduleVoltage: 0
    DIMM 3:
      manufacturer: Alibaba Cloud
      modulePartNo: Not Specified
      memType: RAM
      size: 16
      clkspeed: 0
      moduleVoltage: 0
    DIMM 4:
      manufacturer: Alibaba Cloud
      modulePartNo: Not Specified
      memType: RAM
      size: 16
      clkspeed: 0
      moduleVoltage: 0
Checksum: 1F143BA2E44914E58A37ADFC738975356CA16544