BaselineInfo:
  WebDBID: -1
  TimeStamp: 20241107134408
Version:
  Major: 11
  Minor: 0
  Build: 1002
  SpecialBuildName: ""
  ptArchitecture: x86_64_linux
Results:
  Results Complete: true
  NumTestProcesses: 2
  CPU_INTEGER_MATH: 8319.4959999999992
  CPU_FLOATINGPOINT_MATH: 4257.000755584716
  CPU_PRIME: 18.331875384213845
  CPU_SORTING: 4357.8766340270058
  CPU_ENCRYPTION: 1805.7709166270129
  CPU_COMPRESSION: 32025.917830474136
  CPU_SINGLETHREAD: 2296.9317910982022
  CPU_PHYSICS: 366.29335159144284
  CPU_MATRIX_MULT_SSE: 1647.252711309447
  CPU_mm: 179.75022197492279
  CPU_sse: 780.82321683663122
  CPU_fma: 2170.5950950530996
  CPU_avx: 1603.834158234351
  CPU_avx512: 2033.7583751137067
  m_CPU_enc_SHA: 1822104959.79478
  m_CPU_enc_AES: 2735094915.3193369
  m_CPU_enc_ECDSA: 1123264258.905143
  ME_ALLOC_S: 976.59384034513425
  ME_READ_S: 24093.826953125001
  ME_READ_L: 10928.0078125
  ME_WRITE: 10633.8251953125
  ME_LARGE: 5783.833333333333
  ME_LATENCY: 61.681248560647305
  ME_THREADED: 15820.60888671875
  SUMM_CPU: 2964.9819036039835
  SUMM_ME: 1761.5488960844782
SystemInformation:
  OSName: Ubuntu 24.04.1 LTS
  Kernel: 6.8.0-1016-aws
  Device: ""
  Processor: Intel Xeon Platinum 8375C CPU @ 2.90GHz
  NumSockets: 1
  Manufacturer: GenuineIntel
  NumCores: 1
  NumLogicals: 2
  CPUFrequency: 0
  Memory: 15706
  MemModuleInfo:
    iNumMemSticks: 1
    DIMM 1:
      manufacturer: Not Specified
      modulePartNo: Not Specified
      memType: DDR4
      size: 16
      clkspeed: 1600
      moduleVoltage: 0
Checksum: B7ECB44F8CBE8298087812E782B34A2985F87332