---
system-info:
      stress-ng-version: 0.17.08
      run-by: root
      date-yyyy-mm-dd: 2024:09:16
      time-hh-mm-ss: 16:15:08
      epoch-secs: 1726503308
      hostname: sc-runner
      sysname: Linux
      nodename: sc-runner
      release: 6.8.0-1014-azure
      version: '#16-Ubuntu SMP Thu Aug 15 20:04:41 UTC 2024'
      machine: x86_64
      compiler: 'musl-gcc 13.2.1'
      uptime: 296
      totalram: 33647063040
      freeram: 23303483392
      sharedram: 54931456
      bufferram: 230473728
      totalswap: 0
      freeswap: 0
      pagesize: 4096
      cpus: 16
      cpus-online: 16
      ticks-per-second: 100

metrics:
    - stressor: cpu
      bogo-ops: 37987
      bogo-ops-per-second-usr-sys-time: 1899.325784
      bogo-ops-per-second-real-time: 1899.344702
      wall-clock-time: 20.000056
      user-time: 20.000255
      system-time: 0.000000
      cpu-usage-per-instance: 100.000996
      max-rss: 3152

...
