BaselineInfo:
  WebDBID: -1
  TimeStamp: 20250821043311
Version:
  Major: 11
  Minor: 0
  Build: 1002
  SpecialBuildName: ""
  ptArchitecture: x86_64_linux
Results:
  Results Complete: true
  NumTestProcesses: 64
  CPU_INTEGER_MATH: 330262.98466666666
  CPU_FLOATINGPOINT_MATH: 239069.7263271054
  CPU_PRIME: 531.43102446058481
  CPU_SORTING: 163902.93919764663
  CPU_ENCRYPTION: 72309.191637400319
  CPU_COMPRESSION: 1269034.622201137
  CPU_SINGLETHREAD: 3266.5613518872406
  CPU_PHYSICS: 8991.723707121595
  CPU_MATRIX_MULT_SSE: 88554.969204205379
  CPU_mm: 9600.8866215713533
  CPU_sse: 39816.467072416417
  CPU_fma: 104403.45715752766
  CPU_avx: 82980.591972026246
  CPU_avx512: 127019.36061485122
  m_CPU_enc_SHA: 76620040617.165451
  m_CPU_enc_AES: 100107737880.04201
  m_CPU_enc_ECDSA: 50737270293.928596
  ME_ALLOC_S: 28496.567641024674
  ME_READ_S: 27294.126562500001
  ME_READ_L: 15699.68359375
  ME_WRITE: 10824.6611328125
  ME_LARGE: 496118.33333333331
  ME_LATENCY: 67.993239138828315
  ME_THREADED: 211663.76953125
  SUMM_CPU: 82754.833591219591
  SUMM_ME: 2662.7457921182786
SystemInformation:
  OSName: Ubuntu 24.04.2 LTS
  Kernel: 6.14.0-1010-aws
  Device: ""
  Processor: Intel Xeon 6975P-C
  NumSockets: 1
  Manufacturer: GenuineIntel
  NumCores: 32
  NumLogicals: 64
  CPUFrequency: 0
  Memory: 507670
  MemModuleInfo:
    iNumMemSticks: 1
    DIMM 1:
      manufacturer: Not Specified
      modulePartNo: Not Specified
      memType: DDR5
      size: 512
      clkspeed: 3600
      moduleVoltage: 0
Checksum: C2C0226E8A32A1EFDBFEFAC371E77C9194F1430B