---
system-info:
      stress-ng-version: 0.17.08
      run-by: root
      date-yyyy-mm-dd: 2024:09:12
      time-hh-mm-ss: 02:14:25
      epoch-secs: 1726107265
      hostname: ip-172-31-9-149
      sysname: Linux
      nodename: ip-172-31-9-149
      release: 6.8.0-1014-aws
      version: '#15-Ubuntu SMP Thu Aug  8 19:13:06 UTC 2024'
      machine: x86_64
      compiler: 'musl-gcc 13.2.1'
      uptime: 257
      totalram: 1073262604288
      freeram: 1064177315840
      sharedram: 60416000
      bufferram: 221835264
      totalswap: 0
      freeswap: 0
      pagesize: 4096
      cpus: 64
      cpus-online: 64
      ticks-per-second: 100

metrics:
    - stressor: cpu
      bogo-ops: 1238560
      bogo-ops-per-second-usr-sys-time: 967.883755
      bogo-ops-per-second-real-time: 61927.660008
      wall-clock-time: 20.000110
      user-time: 1279.619038
      system-time: 0.038765
      cpu-usage-per-instance: 99.972717
      max-rss: 512

...
