BaselineInfo:
  WebDBID: -1
  TimeStamp: 20241107210226
Version:
  Major: 11
  Minor: 0
  Build: 1002
  SpecialBuildName: ""
  ptArchitecture: aarch64_linux
Results:
  Results Complete: true
  NumTestProcesses: 16
  CPU_INTEGER_MATH: 63138.027999999991
  CPU_FLOATINGPOINT_MATH: 47976.134617960059
  CPU_PRIME: 114.35522125575969
  CPU_SORTING: 45791.802595630528
  CPU_ENCRYPTION: 2172.2473707171912
  CPU_COMPRESSION: 75909.067755372787
  CPU_SINGLETHREAD: 1110.7930227277773
  CPU_PHYSICS: 1984.379827557251
  CPU_MATRIX_MULT_SSE: 9973.7701720782625
  CPU_mm: 1670.5557350913527
  CPU_sse: 8349.1232103781222
  CPU_fma: 11598.417133778401
  CPU_avx: 0
  CPU_avx512: 0
  m_CPU_enc_SHA: 3221414766.5059223
  m_CPU_enc_AES: 1508217535.0042927
  m_CPU_enc_ECDSA: 2103667075.4812334
  ME_ALLOC_S: 10377.607812280699
  ME_READ_S: 9486.01953125
  ME_READ_L: 9205.72265625
  ME_WRITE: 12549.572265625
  ME_LARGE: 21186.833333333332
  ME_LATENCY: 71.865816919634298
  ME_THREADED: 142656.72265625
  SUMM_CPU: 9808.4602029932812
  SUMM_ME: 1770.3265185801911
SystemInformation:
  OSName: Ubuntu 24.04.1 LTS
  Kernel: 6.8.0-1016-aws
  Device: ""
  Processor: ARM Neoverse-N1 16 Core 0 MHz
  NumSockets: 1
  Manufacturer: ARM
  NumCores: 16
  NumLogicals: 16
  CPUFrequency: 0
  Memory: 31491
Checksum: 17804569A2DB1A3D6AC53065F38E2E6D8BDD593D