---
system-info:
      stress-ng-version: 0.17.08
      run-by: root
      date-yyyy-mm-dd: 2024:06:08
      time-hh-mm-ss: 03:21:58
      epoch-secs: 1717816918
      hostname: 68d6ef460d9e
      sysname: Linux
      nodename: 68d6ef460d9e
      release: 6.8.0-1008-aws
      version: '#8-Ubuntu SMP Sat Apr 20 00:46:25 UTC 2024'
      machine: x86_64
      compiler: 'musl-gcc 13.2.1'
      uptime: 131
      totalram: 133622255616
      freeram: 129192030208
      sharedram: 40865792
      bufferram: 95662080
      totalswap: 0
      freeswap: 0
      pagesize: 4096
      cpus: 16
      cpus-online: 16
      ticks-per-second: 100

metrics:
    - stressor: cpu
      bogo-ops: 160440
      bogo-ops-per-second-usr-sys-time: 1004.391584
      bogo-ops-per-second-real-time: 16042.252821
      wall-clock-time: 10.001089
      user-time: 159.705520
      system-time: 0.032975
      cpu-usage-per-instance: 99.825687
      max-rss: 3920

...
