---
system-info:
      stress-ng-version: 0.17.08
      run-by: root
      date-yyyy-mm-dd: 2024:06:13
      time-hh-mm-ss: 16:46:03
      epoch-secs: 1718297163
      hostname: 217d39e2d957
      sysname: Linux
      nodename: 217d39e2d957
      release: 6.8.0-1008-aws
      version: '#8-Ubuntu SMP Sat Apr 20 00:46:25 UTC 2024'
      machine: x86_64
      compiler: 'musl-gcc 13.2.1'
      uptime: 123
      totalram: 133622259712
      freeram: 129135415296
      sharedram: 40865792
      bufferram: 106242048
      totalswap: 0
      freeswap: 0
      pagesize: 4096
      cpus: 16
      cpus-online: 16
      ticks-per-second: 100

metrics:
    - stressor: cpu
      bogo-ops: 270355
      bogo-ops-per-second-usr-sys-time: 845.829290
      bogo-ops-per-second-real-time: 13517.681152
      wall-clock-time: 20.000102
      user-time: 319.612067
      system-time: 0.020988
      cpu-usage-per-instance: 99.884821
      max-rss: 1104

...
