BaselineInfo:
  WebDBID: -1
  TimeStamp: 20241108093733
Version:
  Major: 11
  Minor: 0
  Build: 1002
  SpecialBuildName: ""
  ptArchitecture: x86_64_linux
Results:
  Results Complete: true
  NumTestProcesses: 32
  CPU_INTEGER_MATH: 82852.527000000016
  CPU_FLOATINGPOINT_MATH: 43671.730561031669
  CPU_PRIME: 74.249906096898343
  CPU_SORTING: 48397.875282341556
  CPU_ENCRYPTION: 25914.066997268321
  CPU_COMPRESSION: 352745.58409195463
  CPU_SINGLETHREAD: 1444.2367269839785
  CPU_PHYSICS: 1846.7247469727279
  CPU_MATRIX_MULT_SSE: 13158.398889112921
  CPU_mm: 2512.3729485504673
  CPU_sse: 10197.74790636764
  CPU_fma: 15028.35197099614
  CPU_avx: 14249.096789974979
  CPU_avx512: 0
  m_CPU_enc_SHA: 36673896222.447845
  m_CPU_enc_AES: 25433799925.204071
  m_CPU_enc_ECDSA: 19410909999.530994
  ME_ALLOC_S: 7414.5348812969742
  ME_READ_S: 14823.113476562499
  ME_READ_L: 11320.2958984375
  ME_WRITE: 8111.16064453125
  ME_LARGE: 115942.33333333333
  ME_LATENCY: 62.261212617418572
  ME_THREADED: 59564.722045898438
  SUMM_CPU: 22490.98547683681
  SUMM_ME: 2114.5986522224712
SystemInformation:
  OSName: Ubuntu 24.04.1 LTS
  Kernel: 6.8.0-1016-aws
  Device: ""
  Processor: AMD EPYC 7571
  NumSockets: 1
  Manufacturer: AuthenticAMD
  NumCores: 16
  NumLogicals: 32
  CPUFrequency: 0
  Memory: 126820
  MemModuleInfo:
    iNumMemSticks: 2
    DIMM 1:
      manufacturer: Not Specified
      modulePartNo: Not Specified
      memType: DDR4
      size: 64
      clkspeed: 1333
      moduleVoltage: 0
    DIMM 2:
      manufacturer: Not Specified
      modulePartNo: Not Specified
      memType: DDR4
      size: 64
      clkspeed: 1333
      moduleVoltage: 0
Checksum: 863D2C3C3AACC478BDEA918C40C4A5F8A036EADC