BaselineInfo:
  WebDBID: -1
  TimeStamp: 20241107095007
Version:
  Major: 11
  Minor: 0
  Build: 1002
  SpecialBuildName: ""
  ptArchitecture: x86_64_linux
Results:
  Results Complete: true
  NumTestProcesses: 2
  CPU_INTEGER_MATH: 5612.7393333333339
  CPU_FLOATINGPOINT_MATH: 3015.081807762112
  CPU_PRIME: 12.456981631856777
  CPU_SORTING: 2995.1599157118435
  CPU_ENCRYPTION: 769.44200611448116
  CPU_COMPRESSION: 24949.550092847247
  CPU_SINGLETHREAD: 1747.8376932504002
  CPU_PHYSICS: 267.54608959226505
  CPU_MATRIX_MULT_SSE: 1421.4742905824569
  CPU_mm: 170.39034068632623
  CPU_sse: 609.98746809763577
  CPU_fma: 1813.9574931674033
  CPU_avx: 1281.6560731959717
  CPU_avx512: 1980.2961278688167
  m_CPU_enc_SHA: 254080654.83583206
  m_CPU_enc_AES: 1942755353.2291155
  m_CPU_enc_ECDSA: 223619254.94554669
  ME_ALLOC_S: 675.14939874524305
  ME_READ_S: 21918.729296875001
  ME_READ_L: 9800.3759765625
  ME_WRITE: 9251.3388671875
  ME_LARGE: 5856.75
  ME_LATENCY: 56.302387290575474
  ME_THREADED: 11955.576171875
  SUMM_CPU: 2000.6253839028873
  SUMM_ME: 1602.9727865028492
SystemInformation:
  OSName: Ubuntu 24.04.1 LTS
  Kernel: 6.8.0-1016-aws
  Device: ""
  Processor: Intel Xeon Platinum 8259CL CPU @ 2.50GHz
  NumSockets: 1
  Manufacturer: GenuineIntel
  NumCores: 1
  NumLogicals: 2
  CPUFrequency: 0
  Memory: 15788
  MemModuleInfo:
    iNumMemSticks: 1
    DIMM 1:
      manufacturer: Not Specified
      modulePartNo: Not Specified
      memType: DDR4
      size: 16
      clkspeed: 1600
      moduleVoltage: 0
Checksum: 184B32470053C09A7A20AE05894B91346E1A6EEB