BaselineInfo:
  WebDBID: -1
  TimeStamp: 20241106221900
Version:
  Major: 11
  Minor: 0
  Build: 1002
  SpecialBuildName: ""
  ptArchitecture: aarch64_linux
Results:
  Results Complete: true
  NumTestProcesses: 2
  CPU_INTEGER_MATH: 9293.4503333333341
  CPU_FLOATINGPOINT_MATH: 7152.3106098329608
  CPU_PRIME: 18.526016143106343
  CPU_SORTING: 6834.8537428554682
  CPU_ENCRYPTION: 321.27300995028605
  CPU_COMPRESSION: 10565.014592645766
  CPU_SINGLETHREAD: 1333.7285202597761
  CPU_PHYSICS: 392.15719792351507
  CPU_MATRIX_MULT_SSE: 1487.0416946720652
  CPU_mm: 244.87153419145898
  CPU_sse: 1244.5606390167477
  CPU_fma: 1729.5227503273823
  CPU_avx: 0
  CPU_avx512: 0
  m_CPU_enc_SHA: 482656290.73318255
  m_CPU_enc_AES: 223999626.51862901
  m_CPU_enc_ECDSA: 303981585.79308188
  ME_ALLOC_S: 1425.5255865781153
  ME_READ_S: 11378.334375
  ME_READ_L: 9162.3515625
  ME_WRITE: 14982.892578125
  ME_LARGE: 544.08333333333337
  ME_LATENCY: 68.680436053257722
  ME_THREADED: 18060.8916015625
  SUMM_CPU: 1608.4944594170345
  SUMM_ME: 844.85385288308407
SystemInformation:
  OSName: Ubuntu 24.04.1 LTS
  Kernel: 6.8.0-1017-azure
  Device: ""
  Processor: ARM Neoverse-N1 2 Core 0 MHz
  NumSockets: 1
  Manufacturer: ARM
  NumCores: 2
  NumLogicals: 2
  CPUFrequency: 0
  Memory: 3905
Checksum: A03752A839F85E26CA9E6CFA2DFEBFE7585A2791