BaselineInfo:
  WebDBID: -1
  TimeStamp: 20241114171831
Version:
  Major: 11
  Minor: 0
  Build: 1002
  SpecialBuildName: ""
  ptArchitecture: aarch64_linux
Results:
  Results Complete: true
  NumTestProcesses: 2
  CPU_INTEGER_MATH: 9403.9026666666668
  CPU_FLOATINGPOINT_MATH: 7162.4731908423855
  CPU_PRIME: 18.277792025091191
  CPU_SORTING: 6700.9332963527377
  CPU_ENCRYPTION: 320.60557082057989
  CPU_COMPRESSION: 10437.165413954013
  CPU_SINGLETHREAD: 1330.8283020606655
  CPU_PHYSICS: 388.44262252692778
  CPU_MATRIX_MULT_SSE: 1482.6991175430853
  CPU_mm: 247.95666927395558
  CPU_sse: 1235.1584814356102
  CPU_fma: 1730.2397536505605
  CPU_avx: 0
  CPU_avx512: 0
  m_CPU_enc_SHA: 480033095.16414225
  m_CPU_enc_AES: 224581835.06614566
  m_CPU_enc_ECDSA: 303922990.85599315
  ME_ALLOC_S: 1429.5562945305064
  ME_READ_S: 11369.843554687501
  ME_READ_L: 8737.5869140625
  ME_WRITE: 15040.6015625
  ME_LARGE: 549.16666666666663
  ME_LATENCY: 70.175280381604821
  ME_THREADED: 17190.037109375
  SUMM_CPU: 1600.5958069752537
  SUMM_ME: 840.31294788903335
SystemInformation:
  OSName: Ubuntu 24.04.1 LTS
  Kernel: 6.8.0-1017-azure
  Device: ""
  Processor: ARM Neoverse-N1 2 Core 0 MHz
  NumSockets: 1
  Manufacturer: ARM
  NumCores: 2
  NumLogicals: 2
  CPUFrequency: 0
  Memory: 3905
Checksum: 28A71A8D35AA648E6C7F6FDCC18D904BDFF8B4C9