BaselineInfo:
  WebDBID: -1
  TimeStamp: 20241115233019
Version:
  Major: 11
  Minor: 0
  Build: 1002
  SpecialBuildName: ""
  ptArchitecture: aarch64_linux
Results:
  Results Complete: true
  NumTestProcesses: 2
  CPU_INTEGER_MATH: 9365.0893333333333
  CPU_FLOATINGPOINT_MATH: 7131.3911149881842
  CPU_PRIME: 17.686831171786281
  CPU_SORTING: 6750.6903951444474
  CPU_ENCRYPTION: 321.75970951076135
  CPU_COMPRESSION: 10376.080275937082
  CPU_SINGLETHREAD: 1331.7891703561913
  CPU_PHYSICS: 370.75108010364045
  CPU_MATRIX_MULT_SSE: 1483.3179855532715
  CPU_mm: 246.86047626396646
  CPU_sse: 1243.1158646048175
  CPU_fma: 1723.5201065017254
  CPU_avx: 0
  CPU_avx512: 0
  m_CPU_enc_SHA: 487162400.62494373
  m_CPU_enc_AES: 225107915.96960801
  m_CPU_enc_ECDSA: 299898210.88531637
  ME_ALLOC_S: 1397.420737458966
  ME_READ_S: 11374.58984375
  ME_READ_L: 8747.7236328125
  ME_WRITE: 15004.08203125
  ME_LARGE: 579.5
  ME_LATENCY: 71.920217018711057
  ME_THREADED: 17161.119140625
  SUMM_CPU: 1597.4364559423655
  SUMM_ME: 858.07940735439024
SystemInformation:
  OSName: Ubuntu 24.04.1 LTS
  Kernel: 6.8.0-1017-azure
  Device: ""
  Processor: ARM Neoverse-N1 2 Core 0 MHz
  NumSockets: 1
  Manufacturer: ARM
  NumCores: 2
  NumLogicals: 2
  CPUFrequency: 0
  Memory: 3905
Checksum: 5A45B3E33D06645C3A3F400286719D6E420689A7