---
system-info:
      stress-ng-version: 0.17.08
      run-by: root
      date-yyyy-mm-dd: 2024:06:28
      time-hh-mm-ss: 19:58:01
      epoch-secs: 1719604681
      hostname: c3-highmem-192-metal-b670f76
      sysname: Linux
      nodename: c3-highmem-192-metal-b670f76
      release: 6.8.0-1009-gcp
      version: '#10-Ubuntu SMP Wed Jun 12 18:52:23 UTC 2024'
      machine: x86_64
      compiler: 'musl-gcc 13.2.1'
      uptime: 328
      totalram: 1623141421056
      freeram: 1613187809280
      sharedram: 444563456
      bufferram: 133222400
      totalswap: 0
      freeswap: 0
      pagesize: 4096
      cpus: 192
      cpus-online: 192
      ticks-per-second: 100

metrics:
    - stressor: cpu
      bogo-ops: 41362
      bogo-ops-per-second-usr-sys-time: 2068.094106
      bogo-ops-per-second-real-time: 2068.096006
      wall-clock-time: 20.000039
      user-time: 20.000057
      system-time: 0.000000
      cpu-usage-per-instance: 100.000092
      max-rss: 0

...
