---
system-info:
      stress-ng-version: 0.17.08
      run-by: root
      date-yyyy-mm-dd: 2024:06:08
      time-hh-mm-ss: 11:42:08
      epoch-secs: 1717846928
      hostname: 3f723bb3cfda
      sysname: Linux
      nodename: 3f723bb3cfda
      release: 6.8.0-1008-aws
      version: '#8-Ubuntu SMP Sat Apr 20 00:46:25 UTC 2024'
      machine: x86_64
      compiler: 'musl-gcc 13.2.1'
      uptime: 159
      totalram: 266077188096
      freeram: 260594262016
      sharedram: 37396480
      bufferram: 100954112
      totalswap: 0
      freeswap: 0
      pagesize: 4096
      cpus: 64
      cpus-online: 64
      ticks-per-second: 100

metrics:
    - stressor: cpu
      bogo-ops: 505505
      bogo-ops-per-second-usr-sys-time: 790.783171
      bogo-ops-per-second-real-time: 50536.905071
      wall-clock-time: 10.002690
      user-time: 639.091100
      system-time: 0.154927
      cpu-usage-per-instance: 99.855330
      max-rss: 3584

...
