---
system-info:
      stress-ng-version: 0.17.08
      run-by: root
      date-yyyy-mm-dd: 2024:06:14
      time-hh-mm-ss: 18:28:36
      epoch-secs: 1718389716
      hostname: a83e91e291fd
      sysname: Linux
      nodename: a83e91e291fd
      release: 6.8.0-1008-aws
      version: '#8-Ubuntu SMP Sat Apr 20 00:46:25 UTC 2024'
      machine: x86_64
      compiler: 'musl-gcc 13.2.1'
      uptime: 190
      totalram: 266077192192
      freeram: 260809216000
      sharedram: 37396480
      bufferram: 108539904
      totalswap: 0
      freeswap: 0
      pagesize: 4096
      cpus: 64
      cpus-online: 64
      ticks-per-second: 100

metrics:
    - stressor: cpu
      bogo-ops: 377785
      bogo-ops-per-second-usr-sys-time: 295.407049
      bogo-ops-per-second-real-time: 18889.013736
      wall-clock-time: 20.000250
      user-time: 1278.777561
      system-time: 0.084947
      cpu-usage-per-instance: 99.909884
      max-rss: 512

...
