---
system-info:
      stress-ng-version: 0.17.08
      run-by: root
      date-yyyy-mm-dd: 2024:06:04
      time-hh-mm-ss: 17:59:38
      epoch-secs: 1717523978
      hostname: fc5d6a64fe43
      sysname: Linux
      nodename: fc5d6a64fe43
      release: 6.8.0-1008-aws
      version: '#8-Ubuntu SMP Sat Apr 20 02:43:14 UTC 2024'
      machine: aarch64
      compiler: 'musl-gcc 13.2.1'
      uptime: 1972
      totalram: 8009060352
      freeram: 2703462400
      sharedram: 3547136
      bufferram: 85184512
      totalswap: 0
      freeswap: 0
      pagesize: 4096
      cpus: 4
      cpus-online: 4
      ticks-per-second: 100

metrics:
    - stressor: cpu
      bogo-ops: 2056
      bogo-ops-per-second-usr-sys-time: 202.379196
      bogo-ops-per-second-real-time: 202.376270
      wall-clock-time: 10.159294
      user-time: 10.155148
      system-time: 0.003999
      cpu-usage-per-instance: 99.998554
      max-rss: 4008

...
