---
system-info:
      stress-ng-version: 0.17.08
      run-by: root
      date-yyyy-mm-dd: 2024:06:04
      time-hh-mm-ss: 22:00:37
      epoch-secs: 1717538437
      hostname: 5d88c5933825
      sysname: Linux
      nodename: 5d88c5933825
      release: 6.8.0-1008-aws
      version: '#8-Ubuntu SMP Sat Apr 20 02:43:14 UTC 2024'
      machine: aarch64
      compiler: 'musl-gcc 13.2.1'
      uptime: 180
      totalram: 8009060352
      freeram: 4072271872
      sharedram: 3543040
      bufferram: 78364672
      totalswap: 0
      freeswap: 0
      pagesize: 4096
      cpus: 4
      cpus-online: 4
      ticks-per-second: 100

metrics:
    - stressor: cpu
      bogo-ops: 2047
      bogo-ops-per-second-usr-sys-time: 204.702395
      bogo-ops-per-second-real-time: 204.689908
      wall-clock-time: 10.000493
      user-time: 9.998884
      system-time: 0.000999
      cpu-usage-per-instance: 99.993900
      max-rss: 4008

...
