---
system-info:
      stress-ng-version: 0.17.08
      run-by: root
      date-yyyy-mm-dd: 2024:06:13
      time-hh-mm-ss: 23:56:45
      epoch-secs: 1718323005
      hostname: 76eb1029402d
      sysname: Linux
      nodename: 76eb1029402d
      release: 6.8.0-1008-aws
      version: '#8-Ubuntu SMP Sat Apr 20 02:43:14 UTC 2024'
      machine: aarch64
      compiler: 'musl-gcc 13.2.1'
      uptime: 231
      totalram: 8009060352
      freeram: 3812425728
      sharedram: 3543040
      bufferram: 109391872
      totalswap: 0
      freeswap: 0
      pagesize: 4096
      cpus: 4
      cpus-online: 4
      ticks-per-second: 100

metrics:
    - stressor: cpu
      bogo-ops: 29836
      bogo-ops-per-second-usr-sys-time: 1491.967548
      bogo-ops-per-second-real-time: 1491.789081
      wall-clock-time: 20.000146
      user-time: 19.994755
      system-time: 0.002999
      cpu-usage-per-instance: 99.988038
      max-rss: 1320

...
