---
system-info:
      stress-ng-version: 0.17.08
      run-by: root
      date-yyyy-mm-dd: 2024:06:13
      time-hh-mm-ss: 17:19:35
      epoch-secs: 1718299175
      hostname: d891f652e4b6
      sysname: Linux
      nodename: d891f652e4b6
      release: 6.8.0-1008-aws
      version: '#8-Ubuntu SMP Sat Apr 20 00:46:25 UTC 2024'
      machine: x86_64
      compiler: 'musl-gcc 13.2.1'
      uptime: 174
      totalram: 535313920000
      freeram: 529766264832
      sharedram: 78815232
      bufferram: 105738240
      totalswap: 0
      freeswap: 0
      pagesize: 4096
      cpus: 64
      cpus-online: 64
      ticks-per-second: 100

metrics:
    - stressor: cpu
      bogo-ops: 1116450
      bogo-ops-per-second-usr-sys-time: 872.675266
      bogo-ops-per-second-real-time: 55822.253502
      wall-clock-time: 20.000088
      user-time: 1279.300896
      system-time: 0.040967
      cpu-usage-per-instance: 99.948142
      max-rss: 512

...
