---
system-info:
      stress-ng-version: 0.17.08
      run-by: root
      date-yyyy-mm-dd: 2024:06:08
      time-hh-mm-ss: 03:55:23
      epoch-secs: 1717818923
      hostname: a626ab12f3e5
      sysname: Linux
      nodename: a626ab12f3e5
      release: 6.8.0-1008-aws
      version: '#8-Ubuntu SMP Sat Apr 20 00:46:25 UTC 2024'
      machine: x86_64
      compiler: 'musl-gcc 13.2.1'
      uptime: 126
      totalram: 535313932288
      freeram: 529817190400
      sharedram: 78815232
      bufferram: 98295808
      totalswap: 0
      freeswap: 0
      pagesize: 4096
      cpus: 64
      cpus-online: 64
      ticks-per-second: 100

metrics:
    - stressor: cpu
      bogo-ops: 669681
      bogo-ops-per-second-usr-sys-time: 1047.192094
      bogo-ops-per-second-real-time: 66951.720644
      wall-clock-time: 10.002446
      user-time: 639.405637
      system-time: 0.095944
      cpu-usage-per-instance: 99.897683
      max-rss: 3584

...
