---
system-info:
      stress-ng-version: 0.17.08
      run-by: root
      date-yyyy-mm-dd: 2024:07:03
      time-hh-mm-ss: 13:40:17
      epoch-secs: 1720014017
      hostname: n1-highmem-96-7fb93bc
      sysname: Linux
      nodename: n1-highmem-96-7fb93bc
      release: 6.8.0-1009-gcp
      version: '#10-Ubuntu SMP Wed Jun 12 18:52:23 UTC 2024'
      machine: x86_64
      compiler: 'musl-gcc 13.2.1'
      uptime: 193
      totalram: 659388919808
      freeram: 652772028416
      sharedram: 82526208
      bufferram: 133029888
      totalswap: 0
      freeswap: 0
      pagesize: 4096
      cpus: 96
      cpus-online: 96
      ticks-per-second: 100

metrics:
    - stressor: cpu
      bogo-ops: 25709
      bogo-ops-per-second-usr-sys-time: 1285.488179
      bogo-ops-per-second-real-time: 1285.442737
      wall-clock-time: 20.000113
      user-time: 19.999406
      system-time: 0.000000
      cpu-usage-per-instance: 99.996465
      max-rss: 0

...
