BaselineInfo:
  WebDBID: -1
  TimeStamp: 20250617104117
Version:
  Major: 11
  Minor: 0
  Build: 1002
  SpecialBuildName: ""
  ptArchitecture: x86_64_linux
Results:
  Results Complete: true
  NumTestProcesses: 24
  CPU_INTEGER_MATH: 105286.72833333333
  CPU_FLOATINGPOINT_MATH: 74602.732103611561
  CPU_PRIME: 227.50580303494777
  CPU_SORTING: 52107.56207626142
  CPU_ENCRYPTION: 23335.183291167898
  CPU_COMPRESSION: 381007.8111556262
  CPU_SINGLETHREAD: 3016.2904167111442
  CPU_PHYSICS: 5036.8999284423016
  CPU_MATRIX_MULT_SSE: 29201.386125756399
  CPU_mm: 2984.3201883897327
  CPU_sse: 12810.379773930385
  CPU_fma: 32809.20906151519
  CPU_avx: 23567.511906818116
  CPU_avx512: 47618.443760761926
  m_CPU_enc_SHA: 24551224945.362629
  m_CPU_enc_AES: 31954657176.402802
  m_CPU_enc_ECDSA: 16900257342.393593
  ME_ALLOC_S: 12160.664500696339
  ME_READ_S: 27917.674414062501
  ME_READ_L: 7452.125
  ME_WRITE: 7044.30126953125
  ME_LARGE: 81892.833333333328
  ME_LATENCY: 65.093109476735066
  ME_THREADED: 127479.2509765625
  SUMM_CPU: 34968.148783754645
  SUMM_ME: 2179.518009668313
SystemInformation:
  OSName: Ubuntu 24.04.2 LTS
  Kernel: 6.11.0-1015-gcp
  Device: ""
  Processor: INTEL XEON PLATINUM 8581C CPU @ 2.30GHz
  NumSockets: 1
  Manufacturer: GenuineIntel
  NumCores: 12
  NumLogicals: 24
  CPUFrequency: 0
  Memory: 90502
  MemModuleInfo:
    iNumMemSticks: 6
    DIMM 1:
      manufacturer: ""
      modulePartNo: ""
      memType: RAM
      size: 16
      clkspeed: 0
      moduleVoltage: 0
    DIMM 2:
      manufacturer: ""
      modulePartNo: ""
      memType: RAM
      size: 16
      clkspeed: 0
      moduleVoltage: 0
    DIMM 3:
      manufacturer: ""
      modulePartNo: ""
      memType: RAM
      size: 16
      clkspeed: 0
      moduleVoltage: 0
    DIMM 4:
      manufacturer: ""
      modulePartNo: ""
      memType: RAM
      size: 16
      clkspeed: 0
      moduleVoltage: 0
    DIMM 5:
      manufacturer: ""
      modulePartNo: ""
      memType: RAM
      size: 16
      clkspeed: 0
      moduleVoltage: 0
    DIMM 6:
      manufacturer: ""
      modulePartNo: ""
      memType: RAM
      size: 10
      clkspeed: 0
      moduleVoltage: 0
Checksum: 7A53F1128E791AAD05E3D78647C614657FD66DBE