BaselineInfo:
  WebDBID: -1
  TimeStamp: 20241107233705
Version:
  Major: 11
  Minor: 0
  Build: 1002
  SpecialBuildName: ""
  ptArchitecture: x86_64_linux
Results:
  Results Complete: true
  NumTestProcesses: 16
  CPU_INTEGER_MATH: 66581.480666666655
  CPU_FLOATINGPOINT_MATH: 36731.795815080048
  CPU_PRIME: 133.06892121658055
  CPU_SORTING: 35955.938210095606
  CPU_ENCRYPTION: 17257.398321580669
  CPU_COMPRESSION: 255136.1248200124
  CPU_SINGLETHREAD: 2392.8087167341059
  CPU_PHYSICS: 2575.9730445629853
  CPU_MATRIX_MULT_SSE: 14960.449898224088
  CPU_mm: 1800.4245469367388
  CPU_sse: 7652.3665597288245
  CPU_fma: 20851.890682920075
  CPU_avx: 16377.092452023369
  CPU_avx512: 0
  m_CPU_enc_SHA: 25003957213.374363
  m_CPU_enc_AES: 16001553559.504351
  m_CPU_enc_ECDSA: 13281570334.470602
  ME_ALLOC_S: 7085.3543909239597
  ME_READ_S: 24497.612695312499
  ME_READ_L: 19236.81640625
  ME_WRITE: 19269.5546875
  ME_LARGE: 54063.666666666664
  ME_LATENCY: 63.344663927860665
  ME_THREADED: 81315.1259765625
  SUMM_CPU: 22143.195494959458
  SUMM_ME: 2783.8467152840653
SystemInformation:
  OSName: Ubuntu 24.04.1 LTS
  Kernel: 6.8.0-1017-azure
  Device: ""
  Processor: AMD EPYC 7763 64-Core Processor
  NumSockets: 1
  Manufacturer: AuthenticAMD
  NumCores: 8
  NumLogicals: 16
  CPUFrequency: 0
  Memory: 64297
  MemModuleInfo:
    iNumMemSticks: 3
    DIMM 1:
      manufacturer: Microsoft Corporation
      modulePartNo: None
      memType: Unknown
      size: 1
      clkspeed: 0
      moduleVoltage: 0
    DIMM 2:
      manufacturer: Microsoft Corporation
      modulePartNo: None
      memType: Unknown
      size: 60928
      clkspeed: 0
      moduleVoltage: 0
    DIMM 3:
      manufacturer: Microsoft Corporation
      modulePartNo: None
      memType: Unknown
      size: 3584
      clkspeed: 0
      moduleVoltage: 0
Checksum: 746B2FB7E0E18EABA6B16512E99DC2CDFFA82B82