BaselineInfo:
  WebDBID: -1
  TimeStamp: 20241108111533
Version:
  Major: 11
  Minor: 0
  Build: 1002
  SpecialBuildName: ""
  ptArchitecture: aarch64_linux
Results:
  Results Complete: true
  NumTestProcesses: 16
  CPU_INTEGER_MATH: 76371.717999999993
  CPU_FLOATINGPOINT_MATH: 75939.600861343381
  CPU_PRIME: 155.84362691229134
  CPU_SORTING: 63294.812797955157
  CPU_ENCRYPTION: 2229.1448771999412
  CPU_COMPRESSION: 84637.751781402607
  CPU_SINGLETHREAD: 1562.183527095277
  CPU_PHYSICS: 3901.1298300704848
  CPU_MATRIX_MULT_SSE: 15651.722423712294
  CPU_mm: 1736.1828648498811
  CPU_sse: 12439.520883147839
  CPU_fma: 18863.923964276757
  CPU_avx: 0
  CPU_avx512: 0
  m_CPU_enc_SHA: 3390208174.6754575
  m_CPU_enc_AES: 1296667330.1279278
  m_CPU_enc_ECDSA: 2325407951.4610305
  ME_ALLOC_S: 16153.436160381929
  ME_READ_S: 19682.540429687499
  ME_READ_L: 18920.8359375
  ME_WRITE: 19681.7578125
  ME_LARGE: 21196.083333333332
  ME_LATENCY: 51.293723979241456
  ME_THREADED: 203589.974609375
  SUMM_CPU: 11629.345154382025
  SUMM_ME: 2953.8394318254359
SystemInformation:
  OSName: Ubuntu 24.04.1 LTS
  Kernel: 6.8.0-1016-aws
  Device: ""
  Processor: ARM Neoverse-V1 16 Core 0 MHz
  NumSockets: 1
  Manufacturer: ARM
  NumCores: 16
  NumLogicals: 16
  CPUFrequency: 0
  Memory: 31491
Checksum: 50247F8561FE0B44625770C21C3D67D592A036D2