---
system-info:
      stress-ng-version: 0.17.08
      run-by: root
      date-yyyy-mm-dd: 2024:06:21
      time-hh-mm-ss: 05:12:28
      epoch-secs: 1718946748
      hostname: 40008e4cfabc
      sysname: Linux
      nodename: 40008e4cfabc
      release: 6.8.0-1008-gcp
      version: '#9-Ubuntu SMP Wed May 22 18:09:04 UTC 2024'
      machine: x86_64
      compiler: 'musl-gcc 13.2.1'
      uptime: 140
      totalram: 8322797568
      freeram: 3241005056
      sharedram: 18251776
      bufferram: 133083136
      totalswap: 0
      freeswap: 0
      pagesize: 4096
      cpus: 8
      cpus-online: 8
      ticks-per-second: 100

metrics:
    - stressor: cpu
      bogo-ops: 215817
      bogo-ops-per-second-usr-sys-time: 1353.093488
      bogo-ops-per-second-real-time: 10790.807132
      wall-clock-time: 20.000079
      user-time: 159.463984
      system-time: 0.034973
      cpu-usage-per-instance: 99.686452
      max-rss: 1104

...
