---
system-info:
      stress-ng-version: 0.17.08
      run-by: root
      date-yyyy-mm-dd: 2024:09:20
      time-hh-mm-ss: 05:28:33
      epoch-secs: 1726810113
      hostname: sc-runner
      sysname: Linux
      nodename: sc-runner
      release: 6.8.0-1014-azure
      version: '#16-Ubuntu SMP Thu Aug 15 20:04:41 UTC 2024'
      machine: x86_64
      compiler: 'musl-gcc 13.2.1'
      uptime: 310
      totalram: 16766767104
      freeram: 6591479808
      sharedram: 38100992
      bufferram: 248213504
      totalswap: 0
      freeswap: 0
      pagesize: 4096
      cpus: 2
      cpus-online: 2
      ticks-per-second: 100

metrics:
    - stressor: cpu
      bogo-ops: 58463
      bogo-ops-per-second-usr-sys-time: 1474.320166
      bogo-ops-per-second-real-time: 2923.137612
      wall-clock-time: 20.000085
      user-time: 39.645233
      system-time: 0.008976
      cpu-usage-per-instance: 99.135102
      max-rss: 3252

...
