size_kb,operation,bandwidth_mb_s,latency_ns,latency_stddev_ns,latency_samples,threads,iterations,elapsed_s
32,read,500048.98,0,0,0,8,623441,0.311690
32,write,495581.61,0,0,0,8,833332,0.420381
32,copy,332959.50,0,0,0,8,490196,0.368060
32,latency,0,0.98,0.00,7,1,7,0.143138
128,read,501188.80,0,0,0,8,235404,0.469691
128,write,497826.76,0,0,0,8,199680,0.401103
128,copy,343284.13,0,0,0,8,129332,0.376749
128,latency,0,2.66,0.00,7,1,7,0.671710
512,read,464680.07,0,0,0,8,59851,0.515202
512,write,494045.25,0,0,0,8,51461,0.416650
512,copy,221122.31,0,0,0,8,25627,0.463581
512,latency,0,3.71,0.01,7,1,7,0.702940
1024,read,431361.00,0,0,0,8,25214,0.467618
1024,write,443890.98,0,0,0,8,24838,0.447641
1024,copy,198489.09,0,0,0,8,11730,0.472772
1024,latency,0,5.72,0.03,7,1,7,0.657275
2048,read,393865.31,0,0,0,8,11594,0.470983
2048,write,391672.82,0,0,0,8,11949,0.488122
2048,copy,146976.60,0,0,0,8,4324,0.470714
2048,latency,0,9.44,0.00,7,1,7,0.698827
8192,read,137217.35,0,0,0,8,747,0.348411
8192,write,130375.87,0,0,0,8,937,0.459962
8192,copy,29270.85,0,0,0,8,752,1.644230
8192,latency,0,11.42,0.04,7,1,7,0.696382
16384,read,64056.15,0,0,0,8,568,1.135004
16384,write,41438.77,0,0,0,8,616,1.902759
16384,copy,18994.64,0,0,0,8,314,2.115965
16384,latency,0,11.29,0.03,7,1,7,0.716712
32768,read,53502.87,0,0,0,8,302,1.445007
32768,write,29009.53,0,0,0,8,206,1.817885
32768,copy,17503.60,0,0,0,8,141,2.062204
32768,latency,0,18.41,1.02,21,1,21,1.765100
65536,read,50052.40,0,0,0,8,149,1.524163
65536,write,27497.77,0,0,0,8,103,1.917829
65536,copy,17557.26,0,0,0,8,66,1.924674
65536,latency,0,78.40,0.36,7,1,7,3.375797
131072,read,49485.47,0,0,0,8,77,1.593357
131072,write,27599.31,0,0,0,8,50,1.855119
131072,copy,17571.07,0,0,0,8,33,1.923162
131072,latency,0,100.60,0.26,7,1,7,8.674765
