---
system-info:
      stress-ng-version: 0.17.08
      run-by: root
      date-yyyy-mm-dd: 2024:06:06
      time-hh-mm-ss: 13:27:35
      epoch-secs: 1717680455
      hostname: 22227d746e46
      sysname: Linux
      nodename: 22227d746e46
      release: 6.8.0-1008-aws
      version: '#8-Ubuntu SMP Sat Apr 20 00:46:25 UTC 2024'
      machine: x86_64
      compiler: 'musl-gcc 13.2.1'
      uptime: 118
      totalram: 132193497088
      freeram: 127701606400
      sharedram: 37335040
      bufferram: 83898368
      totalswap: 0
      freeswap: 0
      pagesize: 4096
      cpus: 64
      cpus-online: 64
      ticks-per-second: 100

metrics:
    - stressor: cpu
      bogo-ops: 17844
      bogo-ops-per-second-usr-sys-time: 1784.097417
      bogo-ops-per-second-real-time: 1784.084426
      wall-clock-time: 10.001769
      user-time: 9.999697
      system-time: 0.001999
      cpu-usage-per-instance: 99.999272
      max-rss: 3584

...
