---
system-info:
      stress-ng-version: 0.17.08
      run-by: root
      date-yyyy-mm-dd: 2024:06:14
      time-hh-mm-ss: 06:45:12
      epoch-secs: 1718347512
      hostname: 3949f286b8bf
      sysname: Linux
      nodename: 3949f286b8bf
      release: 6.8.0-1008-aws
      version: '#8-Ubuntu SMP Sat Apr 20 00:46:25 UTC 2024'
      machine: x86_64
      compiler: 'musl-gcc 13.2.1'
      uptime: 134
      totalram: 132193505280
      freeram: 127484588032
      sharedram: 37335040
      bufferram: 108490752
      totalswap: 0
      freeswap: 0
      pagesize: 4096
      cpus: 64
      cpus-online: 64
      ticks-per-second: 100

metrics:
    - stressor: cpu
      bogo-ops: 61544
      bogo-ops-per-second-usr-sys-time: 3077.262315
      bogo-ops-per-second-real-time: 3077.191269
      wall-clock-time: 20.000057
      user-time: 19.999595
      system-time: 0.000000
      cpu-usage-per-instance: 99.997691
      max-rss: 512

...
