BaselineInfo:
  WebDBID: -1
  TimeStamp: 20241112115304
Version:
  Major: 11
  Minor: 0
  Build: 1002
  SpecialBuildName: ""
  ptArchitecture: x86_64_linux
Results:
  Results Complete: true
  NumTestProcesses: 208
  CPU_INTEGER_MATH: 627939.14666666673
  CPU_FLOATINGPOINT_MATH: 336895.21235448302
  CPU_PRIME: 634.03110248367102
  CPU_SORTING: 292411.21713209071
  CPU_ENCRYPTION: 82874.945065674998
  CPU_COMPRESSION: 2624623.3829567921
  CPU_SINGLETHREAD: 1962.9566247109092
  CPU_PHYSICS: 9305.4182736729636
  CPU_MATRIX_MULT_SSE: 169322.56738508982
  CPU_mm: 17940.649850051577
  CPU_sse: 65273.486623661724
  CPU_fma: 204990.64439716309
  CPU_avx: 144832.18387015353
  CPU_avx512: 262193.95464938099
  m_CPU_enc_SHA: 27538205947.637909
  m_CPU_enc_AES: 208857801502.89792
  m_CPU_enc_ECDSA: 24306027741.020115
  ME_ALLOC_S: 18754.232791358922
  ME_READ_S: 22348.461523437501
  ME_READ_L: 5380.38232421875
  ME_WRITE: 3976.855712890625
  ME_LARGE: 5722801.5
  ME_LATENCY: 70.323824281131067
  ME_THREADED: 363190.00817871094
  SUMM_CPU: 83460.869193084858
  SUMM_ME: 1730.6757551853548
SystemInformation:
  OSName: Ubuntu 24.04.1 LTS
  Kernel: 6.8.0-1017-azure
  Device: ""
  Processor: Intel Xeon Platinum 8280L CPU @ 2.70GHz
  NumSockets: 4
  Manufacturer: GenuineIntel
  NumCores: 104
  NumLogicals: 208
  CPUFrequency: 0
  Memory: 5745403
  MemModuleInfo:
    iNumMemSticks: 6
    DIMM 1:
      manufacturer: Microsoft Corporation
      modulePartNo: None
      memType: Unknown
      size: 1
      clkspeed: 0
      moduleVoltage: 0
    DIMM 2:
      manufacturer: Microsoft Corporation
      modulePartNo: None
      memType: Unknown
      size: 59
      clkspeed: 0
      moduleVoltage: 0
    DIMM 3:
      manufacturer: Microsoft Corporation
      modulePartNo: None
      memType: Unknown
      size: 1365
      clkspeed: 0
      moduleVoltage: 0
    DIMM 4:
      manufacturer: Microsoft Corporation
      modulePartNo: None
      memType: Unknown
      size: 1425
      clkspeed: 0
      moduleVoltage: 0
    DIMM 5:
      manufacturer: Microsoft Corporation
      modulePartNo: None
      memType: Unknown
      size: 1425
      clkspeed: 0
      moduleVoltage: 0
    DIMM 6:
      manufacturer: Microsoft Corporation
      modulePartNo: None
      memType: Unknown
      size: 1425
      clkspeed: 0
      moduleVoltage: 0
Checksum: 5E70061225FA69B77B54DE1709FA902B889A5AE8