---
system-info:
      stress-ng-version: 0.17.08
      run-by: root
      date-yyyy-mm-dd: 2024:07:09
      time-hh-mm-ss: 18:22:15
      epoch-secs: 1720549335
      hostname: ip-172-31-12-244
      sysname: Linux
      nodename: ip-172-31-12-244
      release: 6.8.0-1009-aws
      version: '#9-Ubuntu SMP Fri May 17 20:15:49 UTC 2024'
      machine: aarch64
      compiler: 'musl-gcc 13.2.1'
      uptime: 143
      totalram: 398370955264
      freeram: 392723460096
      sharedram: 39440384
      bufferram: 134774784
      totalswap: 0
      freeswap: 0
      pagesize: 4096
      cpus: 48
      cpus-online: 48
      ticks-per-second: 100

metrics:
    - stressor: cpu
      bogo-ops: 34138
      bogo-ops-per-second-usr-sys-time: 1706.848795
      bogo-ops-per-second-real-time: 1706.894160
      wall-clock-time: 20.000068
      user-time: 20.000600
      system-time: 0.000000
      cpu-usage-per-instance: 100.002658
      max-rss: 1152

...
