---
system-info:
      stress-ng-version: 0.17.08
      run-by: root
      date-yyyy-mm-dd: 2024:06:09
      time-hh-mm-ss: 13:25:10
      epoch-secs: 1717939510
      hostname: 5fc5010e8c2a
      sysname: Linux
      nodename: 5fc5010e8c2a
      release: 6.8.0-1008-aws
      version: '#8-Ubuntu SMP Sat Apr 20 00:46:25 UTC 2024'
      machine: x86_64
      compiler: 'musl-gcc 13.2.1'
      uptime: 177
      totalram: 402464960512
      freeram: 397096525824
      sharedram: 28614656
      bufferram: 109273088
      totalswap: 0
      freeswap: 0
      pagesize: 4096
      cpus: 48
      cpus-online: 48
      ticks-per-second: 100

metrics:
    - stressor: cpu
      bogo-ops: 9899
      bogo-ops-per-second-usr-sys-time: 989.901782
      bogo-ops-per-second-real-time: 989.891055
      wall-clock-time: 10.000090
      user-time: 9.999982
      system-time: 0.000000
      cpu-usage-per-instance: 99.998916
      max-rss: 3840

...
