---
system-info:
      stress-ng-version: 0.17.08
      run-by: root
      date-yyyy-mm-dd: 2024:06:15
      time-hh-mm-ss: 15:42:12
      epoch-secs: 1718466132
      hostname: 474f7b2a4102
      sysname: Linux
      nodename: 474f7b2a4102
      release: 6.8.0-1008-aws
      version: '#8-Ubuntu SMP Sat Apr 20 00:46:25 UTC 2024'
      machine: x86_64
      compiler: 'musl-gcc 13.2.1'
      uptime: 216
      totalram: 402464964608
      freeram: 397210816512
      sharedram: 28614656
      bufferram: 110084096
      totalswap: 0
      freeswap: 0
      pagesize: 4096
      cpus: 48
      cpus-online: 48
      ticks-per-second: 100

metrics:
    - stressor: cpu
      bogo-ops: 11819
      bogo-ops-per-second-usr-sys-time: 591.005436
      bogo-ops-per-second-real-time: 590.947774
      wall-clock-time: 20.000075
      user-time: 19.997125
      system-time: 0.000999
      cpu-usage-per-instance: 99.990243
      max-rss: 1152

...
