BaselineInfo:
  WebDBID: -1
  TimeStamp: 20241108103133
Version:
  Major: 11
  Minor: 0
  Build: 1002
  SpecialBuildName: ""
  ptArchitecture: x86_64_linux
Results:
  Results Complete: true
  NumTestProcesses: 22
  CPU_INTEGER_MATH: 87548.159333333344
  CPU_FLOATINGPOINT_MATH: 62393.763427545273
  CPU_PRIME: 168.90701413113834
  CPU_SORTING: 44234.261465407733
  CPU_ENCRYPTION: 19327.84327874293
  CPU_COMPRESSION: 325573.61122282362
  CPU_SINGLETHREAD: 2483.5283155221682
  CPU_PHYSICS: 3033.1632966090419
  CPU_MATRIX_MULT_SSE: 22858.116472986301
  CPU_mm: 2481.0902900801648
  CPU_sse: 10826.400809574818
  CPU_fma: 26518.351400101543
  CPU_avx: 19740.279180118501
  CPU_avx512: 34347.434502150354
  m_CPU_enc_SHA: 20471115516.963886
  m_CPU_enc_AES: 26467858268.397324
  m_CPU_enc_ECDSA: 13861163996.192223
  ME_ALLOC_S: 10563.860361839281
  ME_READ_S: 22454.476171875001
  ME_READ_L: 10062.1591796875
  ME_WRITE: 8579.2744140625
  ME_LARGE: 33572.25
  ME_LATENCY: 69.974535685634649
  ME_THREADED: 106807.40576171875
  SUMM_CPU: 28645.690528476662
  SUMM_ME: 2195.6014766629905
SystemInformation:
  OSName: Ubuntu 24.04.1 LTS
  Kernel: 6.8.0-1015-gcp
  Device: ""
  Processor: Intel Xeon Platinum 8481C CPU @ 2.70GHz
  NumSockets: 1
  Manufacturer: GenuineIntel
  NumCores: 11
  NumLogicals: 22
  CPUFrequency: 0
  Memory: 44135
  MemModuleInfo:
    iNumMemSticks: 3
    DIMM 1:
      manufacturer: ""
      modulePartNo: ""
      memType: RAM
      size: 16
      clkspeed: 0
      moduleVoltage: 0
    DIMM 2:
      manufacturer: ""
      modulePartNo: ""
      memType: RAM
      size: 16
      clkspeed: 0
      moduleVoltage: 0
    DIMM 3:
      manufacturer: ""
      modulePartNo: ""
      memType: RAM
      size: 12
      clkspeed: 0
      moduleVoltage: 0
Checksum: 318BEADF9693668C695A823ED441EBD0F7D729CE