BaselineInfo:
  WebDBID: -1
  TimeStamp: 20260611141227
Version:
  Major: 11
  Minor: 0
  Build: 1004
  SpecialBuildName: ""
  ptArchitecture: aarch64_linux
Results:
  Results Complete: true
  NumTestProcesses: 96
  CPU_INTEGER_MATH: 585512.7416666667
  CPU_FLOATINGPOINT_MATH: 731878.89026832592
  CPU_PRIME: 1109.8769711709811
  CPU_SORTING: 491288.01572008146
  CPU_ENCRYPTION: 28479.095796309921
  CPU_COMPRESSION: 889569.94690641807
  CPU_SINGLETHREAD: 2460.5895128353868
  CPU_PHYSICS: 20963.613798221428
  CPU_MATRIX_MULT_SSE: 128857.11479102724
  CPU_mm: 12813.588342043964
  CPU_sse: 102271.41123942872
  CPU_fma: 155442.81834262572
  CPU_avx: 0
  CPU_avx512: 0
  m_CPU_enc_SHA: 48321458396.097656
  m_CPU_enc_AES: 13210552609.017138
  m_CPU_enc_ECDSA: 28055478056.0196
  ME_ALLOC_S: 57407.221851959264
  ME_READ_S: 24854.454687500001
  ME_READ_L: 24494.939453125
  ME_WRITE: 24968.23828125
  ME_LARGE: 368189.66666666669
  ME_LATENCY: 28.778558716289012
  ME_THREADED: 411091.23828125
  SUMM_CPU: 77091.663302965637
  SUMM_ME: 4595.3522922730808
SystemInformation:
  OSName: Ubuntu 24.04.4 LTS
  Kernel: 6.17.0-1017-aws
  Device: ""
  Processor: ARM Neoverse-V3 96 Core 0 MHz
  NumSockets: 1
  Manufacturer: ARM
  NumCores: 96
  NumLogicals: 96
  CPUFrequency: 0
  CPUMaxFrequency: 0
  Memory: 379802
Checksum: 1ED341AC8B2D2454C10710CD503039E2F6EFE630