---
system-info:
      stress-ng-version: 0.17.08
      run-by: root
      date-yyyy-mm-dd: 2024:06:14
      time-hh-mm-ss: 23:42:53
      epoch-secs: 1718408573
      hostname: f49ed7ff58a9
      sysname: Linux
      nodename: f49ed7ff58a9
      release: 6.8.0-1008-aws
      version: '#8-Ubuntu SMP Sat Apr 20 00:46:25 UTC 2024'
      machine: x86_64
      compiler: 'musl-gcc 13.2.1'
      uptime: 135
      totalram: 16469204992
      freeram: 12086546432
      sharedram: 59871232
      bufferram: 109805568
      totalswap: 0
      freeswap: 0
      pagesize: 4096
      cpus: 4
      cpus-online: 4
      ticks-per-second: 100

metrics:
    - stressor: cpu
      bogo-ops: 37683
      bogo-ops-per-second-usr-sys-time: 1884.154145
      bogo-ops-per-second-real-time: 1884.143149
      wall-clock-time: 20.000073
      user-time: 19.998956
      system-time: 0.001000
      cpu-usage-per-instance: 99.999416
      max-rss: 976

...
