---
system-info:
      stress-ng-version: 0.17.08
      run-by: root
      date-yyyy-mm-dd: 2024:06:05
      time-hh-mm-ss: 15:15:13
      epoch-secs: 1717600513
      hostname: 75080442a890
      sysname: Linux
      nodename: 75080442a890
      release: 6.8.0-1008-aws
      version: '#8-Ubuntu SMP Sat Apr 20 00:46:25 UTC 2024'
      machine: x86_64
      compiler: 'musl-gcc 13.2.1'
      uptime: 142
      totalram: 32908689408
      freeram: 28781228032
      sharedram: 40771584
      bufferram: 78151680
      totalswap: 0
      freeswap: 0
      pagesize: 4096
      cpus: 16
      cpus-online: 16
      ticks-per-second: 100

metrics:
    - stressor: cpu
      bogo-ops: 16165
      bogo-ops-per-second-usr-sys-time: 1615.903247
      bogo-ops-per-second-real-time: 1615.896722
      wall-clock-time: 10.003733
      user-time: 10.003693
      system-time: 0.000000
      cpu-usage-per-instance: 99.999596
      max-rss: 3920

...
