---
system-info:
      stress-ng-version: 0.17.08
      run-by: root
      date-yyyy-mm-dd: 2024:06:12
      time-hh-mm-ss: 18:36:26
      epoch-secs: 1718217386
      hostname: c1bd803eeb45
      sysname: Linux
      nodename: c1bd803eeb45
      release: 6.8.0-1008-aws
      version: '#8-Ubuntu SMP Sat Apr 20 00:46:25 UTC 2024'
      machine: x86_64
      compiler: 'musl-gcc 13.2.1'
      uptime: 158
      totalram: 32908677120
      freeram: 28467773440
      sharedram: 40771584
      bufferram: 113115136
      totalswap: 0
      freeswap: 0
      pagesize: 4096
      cpus: 16
      cpus-online: 16
      ticks-per-second: 100

metrics:
    - stressor: cpu
      bogo-ops: 29857
      bogo-ops-per-second-usr-sys-time: 1492.856718
      bogo-ops-per-second-real-time: 1492.846779
      wall-clock-time: 20.000043
      user-time: 19.999910
      system-time: 0.000000
      cpu-usage-per-instance: 99.999334
      max-rss: 1104

...
