---
system-info:
      stress-ng-version: 0.17.08
      run-by: root
      date-yyyy-mm-dd: 2024:06:12
      time-hh-mm-ss: 15:21:36
      epoch-secs: 1718205696
      hostname: 57bae20953a8
      sysname: Linux
      nodename: 57bae20953a8
      release: 6.8.0-1008-aws
      version: '#8-Ubuntu SMP Sat Apr 20 00:46:25 UTC 2024'
      machine: x86_64
      compiler: 'musl-gcc 13.2.1'
      uptime: 167
      totalram: 32908668928
      freeram: 28450181120
      sharedram: 40771584
      bufferram: 112455680
      totalswap: 0
      freeswap: 0
      pagesize: 4096
      cpus: 16
      cpus-online: 16
      ticks-per-second: 100

metrics:
    - stressor: cpu
      bogo-ops: 31017
      bogo-ops-per-second-usr-sys-time: 1550.859693
      bogo-ops-per-second-real-time: 1550.847763
      wall-clock-time: 20.000029
      user-time: 19.999875
      system-time: 0.000000
      cpu-usage-per-instance: 99.999231
      max-rss: 1104

...
