---
system-info:
      stress-ng-version: 0.17.08
      run-by: root
      date-yyyy-mm-dd: 2024:06:12
      time-hh-mm-ss: 21:41:44
      epoch-secs: 1718228504
      hostname: 4949f299ac76
      sysname: Linux
      nodename: 4949f299ac76
      release: 6.8.0-1008-aws
      version: '#8-Ubuntu SMP Sat Apr 20 00:46:25 UTC 2024'
      machine: x86_64
      compiler: 'musl-gcc 13.2.1'
      uptime: 135
      totalram: 21528203264
      freeram: 17151647744
      sharedram: 29237248
      bufferram: 110796800
      totalswap: 0
      freeswap: 0
      pagesize: 4096
      cpus: 8
      cpus-online: 8
      ticks-per-second: 100

metrics:
    - stressor: cpu
      bogo-ops: 147714
      bogo-ops-per-second-usr-sys-time: 925.771547
      bogo-ops-per-second-real-time: 7385.667160
      wall-clock-time: 20.000089
      user-time: 159.534738
      system-time: 0.022985
      cpu-usage-per-instance: 99.723133
      max-rss: 1104

...
