---
system-info:
      stress-ng-version: 0.17.08
      run-by: root
      date-yyyy-mm-dd: 2024:06:05
      time-hh-mm-ss: 22:39:37
      epoch-secs: 1717627177
      hostname: c90d1c3b3512
      sysname: Linux
      nodename: c90d1c3b3512
      release: 6.8.0-1008-aws
      version: '#8-Ubuntu SMP Sat Apr 20 00:46:25 UTC 2024'
      machine: x86_64
      compiler: 'musl-gcc 13.2.1'
      uptime: 118
      totalram: 21528207360
      freeram: 17410105344
      sharedram: 29237248
      bufferram: 79319040
      totalswap: 0
      freeswap: 0
      pagesize: 4096
      cpus: 8
      cpus-online: 8
      ticks-per-second: 100

metrics:
    - stressor: cpu
      bogo-ops: 87884
      bogo-ops-per-second-usr-sys-time: 1101.650402
      bogo-ops-per-second-real-time: 8786.962533
      wall-clock-time: 10.001636
      user-time: 79.758866
      system-time: 0.015988
      cpu-usage-per-instance: 99.702257
      max-rss: 3920

...
