BaselineInfo:
  WebDBID: -1
  TimeStamp: 20241108043857
Version:
  Major: 11
  Minor: 0
  Build: 1002
  SpecialBuildName: ""
  ptArchitecture: aarch64_linux
Results:
  Results Complete: true
  NumTestProcesses: 16
  CPU_INTEGER_MATH: 76381.657999999996
  CPU_FLOATINGPOINT_MATH: 75955.503275073555
  CPU_PRIME: 153.05208075512053
  CPU_SORTING: 63227.942546869919
  CPU_ENCRYPTION: 2230.1891867595782
  CPU_COMPRESSION: 84668.513725498357
  CPU_SINGLETHREAD: 1560.7745530742407
  CPU_PHYSICS: 3875.5856925167859
  CPU_MATRIX_MULT_SSE: 13264.367827772614
  CPU_mm: 1735.7566807033263
  CPU_sse: 11124.740665746276
  CPU_fma: 15403.994989798955
  CPU_avx: 0
  CPU_avx512: 0
  m_CPU_enc_SHA: 3386324064.8976903
  m_CPU_enc_AES: 1297093998.5061083
  m_CPU_enc_ECDSA: 2332150506.6830363
  ME_ALLOC_S: 16120.909037659705
  ME_READ_S: 19679.121484374999
  ME_READ_L: 18926.609375
  ME_WRITE: 19656.216796875
  ME_LARGE: 116100.25
  ME_LATENCY: 51.78634007965676
  ME_THREADED: 213116.654296875
  SUMM_CPU: 11490.524979103244
  SUMM_ME: 3054.7355080062734
SystemInformation:
  OSName: Ubuntu 24.04.1 LTS
  Kernel: 6.8.0-1016-aws
  Device: ""
  Processor: ARM Neoverse-V1 16 Core 0 MHz
  NumSockets: 1
  Manufacturer: ARM
  NumCores: 16
  NumLogicals: 16
  CPUFrequency: 0
  Memory: 126510
Checksum: 6A6334257FABDD1556D2F940C76C84E82EF3D4E3