BaselineInfo:
  WebDBID: -1
  TimeStamp: 20241108055044
Version:
  Major: 11
  Minor: 0
  Build: 1002
  SpecialBuildName: ""
  ptArchitecture: x86_64_linux
Results:
  Results Complete: true
  NumTestProcesses: 16
  CPU_INTEGER_MATH: 49834.426666666666
  CPU_FLOATINGPOINT_MATH: 26759.924112697114
  CPU_PRIME: 84.498085457957174
  CPU_SORTING: 25664.41848991008
  CPU_ENCRYPTION: 6874.3694884590805
  CPU_COMPRESSION: 219598.70281048655
  CPU_SINGLETHREAD: 2089.4949026989566
  CPU_PHYSICS: 1483.6990996490124
  CPU_MATRIX_MULT_SSE: 15019.923542088518
  CPU_mm: 1518.5681985082836
  CPU_sse: 5422.1727246521878
  CPU_fma: 17876.453292932209
  CPU_avx: 12627.403205907643
  CPU_avx512: 24153.66494486203
  m_CPU_enc_SHA: 2257165084.1287737
  m_CPU_enc_AES: 17347713356.036968
  m_CPU_enc_ECDSA: 2020018142.0256686
  ME_ALLOC_S: 5444.0590913753413
  ME_READ_S: 24229.791015625
  ME_READ_L: 11453.53125
  ME_WRITE: 9796.8134765625
  ME_LARGE: 21915.583333333332
  ME_LATENCY: 57.536441637870702
  ME_THREADED: 65928.45703125
  SUMM_CPU: 15951.735094035002
  SUMM_ME: 2426.1661195886663
SystemInformation:
  OSName: Ubuntu 24.04.1 LTS
  Kernel: 6.8.0-1017-azure
  Device: ""
  Processor: Intel Xeon Platinum 8272CL CPU @ 2.60GHz
  NumSockets: 1
  Manufacturer: GenuineIntel
  NumCores: 8
  NumLogicals: 16
  CPUFrequency: 0
  Memory: 32089
  MemModuleInfo:
    iNumMemSticks: 2
    DIMM 1:
      manufacturer: Microsoft Corporation
      modulePartNo: None
      memType: Unknown
      size: 1
      clkspeed: 0
      moduleVoltage: 0
    DIMM 2:
      manufacturer: Microsoft Corporation
      modulePartNo: None
      memType: Unknown
      size: 31
      clkspeed: 0
      moduleVoltage: 0
Checksum: 74CDA59A62E44F553761D613898DEB64FB6BCB29