BaselineInfo:
  WebDBID: -1
  TimeStamp: 20241107230321
Version:
  Major: 11
  Minor: 0
  Build: 1002
  SpecialBuildName: ""
  ptArchitecture: x86_64_linux
Results:
  Results Complete: true
  NumTestProcesses: 8
  CPU_INTEGER_MATH: 27767.886999999999
  CPU_FLOATINGPOINT_MATH: 14930.485804695236
  CPU_PRIME: 52.082068468916745
  CPU_SORTING: 14514.404938929265
  CPU_ENCRYPTION: 3823.2684776409978
  CPU_COMPRESSION: 123879.89480302304
  CPU_SINGLETHREAD: 2259.5728582000156
  CPU_PHYSICS: 967.75109121054732
  CPU_MATRIX_MULT_SSE: 7333.1622918943149
  CPU_mm: 847.11109238586596
  CPU_sse: 3001.2081467150797
  CPU_fma: 8963.5398067381193
  CPU_avx: 6336.1619115966141
  CPU_avx512: 11031.739302527443
  m_CPU_enc_SHA: 1257846340.3433838
  m_CPU_enc_AES: 9645612556.7122822
  m_CPU_enc_ECDSA: 1123503804.5769958
  ME_ALLOC_S: 3150.3213413646768
  ME_READ_S: 26658.129101562499
  ME_READ_L: 11460.9716796875
  ME_WRITE: 10591.658203125
  ME_LARGE: 21891.833333333332
  ME_LATENCY: 49.224511584483459
  ME_THREADED: 49530.54833984375
  SUMM_CPU: 9362.4523571539503
  SUMM_ME: 2562.8973122914927
SystemInformation:
  OSName: Ubuntu 24.04.1 LTS
  Kernel: 6.8.0-1015-gcp
  Device: ""
  Processor: Intel Xeon CPU @ 3.10GHz
  NumSockets: 1
  Manufacturer: GenuineIntel
  NumCores: 4
  NumLogicals: 8
  CPUFrequency: 0
  Memory: 32093
  MemModuleInfo:
    iNumMemSticks: 2
    DIMM 1:
      manufacturer: ""
      modulePartNo: ""
      memType: RAM
      size: 16
      clkspeed: 0
      moduleVoltage: 0
    DIMM 2:
      manufacturer: ""
      modulePartNo: ""
      memType: RAM
      size: 16
      clkspeed: 0
      moduleVoltage: 0
Checksum: 12A9E0BADD52635530C39E47A9B45A06D79847D6