BaselineInfo:
  WebDBID: -1
  TimeStamp: 20241108113315
Version:
  Major: 11
  Minor: 0
  Build: 1002
  SpecialBuildName: ""
  ptArchitecture: x86_64_linux
Results:
  Results Complete: true
  NumTestProcesses: 8
  CPU_INTEGER_MATH: 24775.047666666665
  CPU_FLOATINGPOINT_MATH: 13308.298976600321
  CPU_PRIME: 38.152976058210903
  CPU_SORTING: 12979.821134022697
  CPU_ENCRYPTION: 3417.260144670819
  CPU_COMPRESSION: 110950.39539522582
  CPU_SINGLETHREAD: 2012.9430734985606
  CPU_PHYSICS: 797.12665007084695
  CPU_MATRIX_MULT_SSE: 6633.6559884994349
  CPU_mm: 752.34228757299968
  CPU_sse: 2690.5043133366821
  CPU_fma: 8298.2457493664442
  CPU_avx: 5785.583054435564
  CPU_avx512: 9760.2908368590506
  m_CPU_enc_SHA: 1121869609.9169202
  m_CPU_enc_AES: 8625848219.8167114
  m_CPU_enc_ECDSA: 1002053090.6414142
  ME_ALLOC_S: 2724.9604244853972
  ME_READ_S: 24299.8798828125
  ME_READ_L: 11156.71875
  ME_WRITE: 9351.509765625
  ME_LARGE: 118766
  ME_LATENCY: 58.553526148766259
  ME_THREADED: 38071.923828125
  SUMM_CPU: 8274.7988281773105
  SUMM_ME: 2323.4277179701444
SystemInformation:
  OSName: Ubuntu 24.04.1 LTS
  Kernel: 6.8.0-1017-azure
  Device: ""
  Processor: Intel Xeon Platinum 8272CL CPU @ 2.60GHz
  NumSockets: 1
  Manufacturer: GenuineIntel
  NumCores: 4
  NumLogicals: 8
  CPUFrequency: 0
  Memory: 128811
  MemModuleInfo:
    iNumMemSticks: 3
    DIMM 1:
      manufacturer: Microsoft Corporation
      modulePartNo: None
      memType: Unknown
      size: 1
      clkspeed: 0
      moduleVoltage: 0
    DIMM 2:
      manufacturer: Microsoft Corporation
      modulePartNo: None
      memType: Unknown
      size: 60928
      clkspeed: 0
      moduleVoltage: 0
    DIMM 3:
      manufacturer: Microsoft Corporation
      modulePartNo: None
      memType: Unknown
      size: 69120
      clkspeed: 0
      moduleVoltage: 0
Checksum: A3C8A4BF264D7D99A4ED81625DC0DD031226F0E3