---
system-info:
      stress-ng-version: 0.17.08
      run-by: root
      date-yyyy-mm-dd: 2024:09:16
      time-hh-mm-ss: 08:40:43
      epoch-secs: 1726476043
      hostname: sc-runner
      sysname: Linux
      nodename: sc-runner
      release: 6.8.0-1014-azure
      version: '#16-Ubuntu SMP Thu Aug 15 21:06:50 UTC 2024'
      machine: aarch64
      compiler: 'musl-gcc 13.2.1'
      uptime: 299
      totalram: 67294597120
      freeram: 57276121088
      sharedram: 38158336
      bufferram: 223125504
      totalswap: 0
      freeswap: 0
      pagesize: 4096
      cpus: 8
      cpus-online: 8
      ticks-per-second: 100

metrics:
    - stressor: cpu
      bogo-ops: 290024
      bogo-ops-per-second-usr-sys-time: 1816.646042
      bogo-ops-per-second-real-time: 14501.162077
      wall-clock-time: 20.000052
      user-time: 159.633057
      system-time: 0.014994
      cpu-usage-per-instance: 99.779771
      max-rss: 1192

...
