---
system-info:
      stress-ng-version: 0.17.08
      run-by: root
      date-yyyy-mm-dd: 2024:06:09
      time-hh-mm-ss: 13:55:59
      epoch-secs: 1717941359
      hostname: 8dba954eeb07
      sysname: Linux
      nodename: 8dba954eeb07
      release: 6.8.0-1008-aws
      version: '#8-Ubuntu SMP Sat Apr 20 00:46:25 UTC 2024'
      machine: x86_64
      compiler: 'musl-gcc 13.2.1'
      uptime: 179
      totalram: 268272320512
      freeram: 263218393088
      sharedram: 20160512
      bufferram: 108711936
      totalswap: 0
      freeswap: 0
      pagesize: 4096
      cpus: 32
      cpus-online: 32
      ticks-per-second: 100

metrics:
    - stressor: cpu
      bogo-ops: 9841
      bogo-ops-per-second-usr-sys-time: 983.940208
      bogo-ops-per-second-real-time: 983.914867
      wall-clock-time: 10.001882
      user-time: 9.999625
      system-time: 0.001999
      cpu-usage-per-instance: 99.997424
      max-rss: 3848

...
