---
system-info:
      stress-ng-version: 0.17.08
      run-by: root
      date-yyyy-mm-dd: 2024:06:15
      time-hh-mm-ss: 16:26:17
      epoch-secs: 1718468777
      hostname: d83080a65bb5
      sysname: Linux
      nodename: d83080a65bb5
      release: 6.8.0-1008-aws
      version: '#8-Ubuntu SMP Sat Apr 20 00:46:25 UTC 2024'
      machine: x86_64
      compiler: 'musl-gcc 13.2.1'
      uptime: 217
      totalram: 268272332800
      freeram: 263292248064
      sharedram: 20160512
      bufferram: 110354432
      totalswap: 0
      freeswap: 0
      pagesize: 4096
      cpus: 32
      cpus-online: 32
      ticks-per-second: 100

metrics:
    - stressor: cpu
      bogo-ops: 11824
      bogo-ops-per-second-usr-sys-time: 591.157732
      bogo-ops-per-second-real-time: 591.194757
      wall-clock-time: 20.000177
      user-time: 20.001430
      system-time: 0.000000
      cpu-usage-per-instance: 100.006263
      max-rss: 1032

...
