---
system-info:
      stress-ng-version: 0.17.08
      run-by: root
      date-yyyy-mm-dd: 2024:06:14
      time-hh-mm-ss: 04:24:37
      epoch-secs: 1718339077
      hostname: 21341705ac00
      sysname: Linux
      nodename: 21341705ac00
      release: 6.8.0-1008-aws
      version: '#8-Ubuntu SMP Sat Apr 20 00:46:25 UTC 2024'
      machine: x86_64
      compiler: 'musl-gcc 13.2.1'
      uptime: 148
      totalram: 403844255744
      freeram: 395543777280
      sharedram: 203264000
      bufferram: 110817280
      totalswap: 0
      freeswap: 0
      pagesize: 4096
      cpus: 192
      cpus-online: 192
      ticks-per-second: 100

metrics:
    - stressor: cpu
      bogo-ops: 62318
      bogo-ops-per-second-usr-sys-time: 3116.044273
      bogo-ops-per-second-real-time: 3115.885625
      wall-clock-time: 20.000092
      user-time: 19.999074
      system-time: 0.000000
      cpu-usage-per-instance: 99.994909
      max-rss: 0

...
