---
system-info:
      stress-ng-version: 0.17.08
      run-by: root
      date-yyyy-mm-dd: 2024:06:06
      time-hh-mm-ss: 04:42:32
      epoch-secs: 1717648952
      hostname: 61f89554cc7c
      sysname: Linux
      nodename: 61f89554cc7c
      release: 6.8.0-1008-aws
      version: '#8-Ubuntu SMP Sat Apr 20 00:46:25 UTC 2024'
      machine: x86_64
      compiler: 'musl-gcc 13.2.1'
      uptime: 124
      totalram: 403844231168
      freeram: 395686289408
      sharedram: 203264000
      bufferram: 83079168
      totalswap: 0
      freeswap: 0
      pagesize: 4096
      cpus: 192
      cpus-online: 192
      ticks-per-second: 100

metrics:
    - stressor: cpu
      bogo-ops: 17797
      bogo-ops-per-second-usr-sys-time: 1779.293787
      bogo-ops-per-second-real-time: 1779.205176
      wall-clock-time: 10.002781
      user-time: 10.001284
      system-time: 0.000999
      cpu-usage-per-instance: 99.995020
      max-rss: 3072

...
