BaselineInfo:
  WebDBID: -1
  TimeStamp: 20250923052122
Version:
  Major: 11
  Minor: 0
  Build: 1002
  SpecialBuildName: ""
  ptArchitecture: aarch64_linux
Results:
  Results Complete: true
  NumTestProcesses: 2
  CPU_INTEGER_MATH: 10407.251
  CPU_FLOATINGPOINT_MATH: 12087.357016629845
  CPU_PRIME: 34.681863895258608
  CPU_SORTING: 9179.5247097521096
  CPU_ENCRYPTION: 376.6641328663253
  CPU_COMPRESSION: 13140.612336783583
  CPU_SINGLETHREAD: 1942.2990746946225
  CPU_PHYSICS: 683.17894361462891
  CPU_MATRIX_MULT_SSE: 1828.0198969728403
  CPU_mm: 226.1593409257662
  CPU_sse: 1425.5314831053099
  CPU_fma: 2230.5083108403705
  CPU_avx: 0
  CPU_avx512: 0
  m_CPU_enc_SHA: 605896144.29223871
  m_CPU_enc_AES: 213371870.39773417
  m_CPU_enc_ECDSA: 365614894.66334695
  ME_ALLOC_S: 3039.2618646710589
  ME_READ_S: 20554.542187499999
  ME_READ_L: 20047.966796875
  ME_WRITE: 21298.025390625
  ME_LARGE: 6081.166666666667
  ME_LATENCY: 44.888975796056457
  ME_THREADED: 38940.8046875
  SUMM_CPU: 1996.6202101508009
  SUMM_ME: 2578.3130269985895
SystemInformation:
  OSName: Ubuntu 24.04.2 LTS
  Kernel: 6.14.0-1012-aws
  Device: ""
  Processor: ARM Neoverse-V2 2 Core 0 MHz
  NumSockets: 1
  Manufacturer: ARM
  NumCores: 2
  NumLogicals: 2
  CPUFrequency: 0
  Memory: 15671
Checksum: AB75AD9B42E0988F32149B31A83A68B7A578D05D