---
system-info:
      stress-ng-version: 0.17.08
      run-by: root
      date-yyyy-mm-dd: 2024:09:16
      time-hh-mm-ss: 22:41:42
      epoch-secs: 1726526502
      hostname: sc-runner
      sysname: Linux
      nodename: sc-runner
      release: 6.8.0-1014-azure
      version: '#16-Ubuntu SMP Thu Aug 15 20:04:41 UTC 2024'
      machine: x86_64
      compiler: 'musl-gcc 13.2.1'
      uptime: 351
      totalram: 118155591680
      freeram: 107762008064
      sharedram: 57221120
      bufferram: 261451776
      totalswap: 0
      freeswap: 0
      pagesize: 4096
      cpus: 16
      cpus-online: 16
      ticks-per-second: 100

metrics:
    - stressor: cpu
      bogo-ops: 257611
      bogo-ops-per-second-usr-sys-time: 806.537171
      bogo-ops-per-second-real-time: 12880.487506
      wall-clock-time: 20.000097
      user-time: 319.351288
      system-time: 0.052466
      cpu-usage-per-instance: 99.813189
      max-rss: 3124

...
