---
system-info:
      stress-ng-version: 0.17.08
      run-by: root
      date-yyyy-mm-dd: 2024:06:15
      time-hh-mm-ss: 17:19:58
      epoch-secs: 1718471998
      hostname: bbc03e2f8c20
      sysname: Linux
      nodename: bbc03e2f8c20
      release: 6.8.0-1008-aws
      version: '#8-Ubuntu SMP Sat Apr 20 00:46:25 UTC 2024'
      machine: x86_64
      compiler: 'musl-gcc 13.2.1'
      uptime: 145
      totalram: 811214819328
      freeram: 804957339648
      sharedram: 78147584
      bufferram: 110235648
      totalswap: 0
      freeswap: 0
      pagesize: 4096
      cpus: 96
      cpus-online: 96
      ticks-per-second: 100

metrics:
    - stressor: cpu
      bogo-ops: 29182
      bogo-ops-per-second-usr-sys-time: 1459.085555
      bogo-ops-per-second-real-time: 1459.095565
      wall-clock-time: 20.000061
      user-time: 20.000198
      system-time: 0.000000
      cpu-usage-per-instance: 100.000686
      max-rss: 768

...
