BaselineInfo:
  WebDBID: -1
  TimeStamp: 20241109082104
Version:
  Major: 11
  Minor: 0
  Build: 1002
  SpecialBuildName: ""
  ptArchitecture: x86_64_linux
Results:
  Results Complete: true
  NumTestProcesses: 32
  CPU_INTEGER_MATH: 107966.67066666666
  CPU_FLOATINGPOINT_MATH: 64394.378731579876
  CPU_PRIME: 161.70664112757777
  CPU_SORTING: 66285.143140066051
  CPU_ENCRYPTION: 34138.393268222855
  CPU_COMPRESSION: 479821.92483486165
  CPU_SINGLETHREAD: 2135.6909777625597
  CPU_PHYSICS: 3311.3375003096176
  CPU_MATRIX_MULT_SSE: 29724.987048349667
  CPU_mm: 3236.0202402539862
  CPU_sse: 13342.385679419127
  CPU_fma: 43310.527535080597
  CPU_avx: 32522.047930549288
  CPU_avx512: 0
  m_CPU_enc_SHA: 48235812787.623161
  m_CPU_enc_AES: 33054710786.681614
  m_CPU_enc_ECDSA: 26099576004.555367
  ME_ALLOC_S: 11051.557906061091
  ME_READ_S: 24686.719531250001
  ME_READ_L: 12943.6796875
  ME_WRITE: 13345.9248046875
  ME_LARGE: 114182.91666666667
  ME_LATENCY: 50.162054853215501
  ME_THREADED: 70170.024169921875
  SUMM_CPU: 34661.308038020768
  SUMM_ME: 2868.0907434675014
SystemInformation:
  OSName: Ubuntu 24.04.1 LTS
  Kernel: 6.8.0-1016-aws
  Device: ""
  Processor: AMD EPYC 7R32
  NumSockets: 1
  Manufacturer: AuthenticAMD
  NumCores: 16
  NumLogicals: 32
  CPUFrequency: 0
  Memory: 127426
  MemModuleInfo:
    iNumMemSticks: 1
    DIMM 1:
      manufacturer: Not Specified
      modulePartNo: Not Specified
      memType: DDR4
      size: 128
      clkspeed: 1600
      moduleVoltage: 0
Checksum: BE800AC404B04BE2FA3ABBC2BC7E120D958C0221