---
system-info:
      stress-ng-version: 0.17.08
      run-by: root
      date-yyyy-mm-dd: 2024:06:14
      time-hh-mm-ss: 09:22:30
      epoch-secs: 1718356950
      hostname: 2e3702d36572
      sysname: Linux
      nodename: 2e3702d36572
      release: 6.8.0-1008-aws
      version: '#8-Ubuntu SMP Sat Apr 20 02:43:14 UTC 2024'
      machine: aarch64
      compiler: 'musl-gcc 13.2.1'
      uptime: 139
      totalram: 33021652992
      freeram: 28629884928
      sharedram: 34963456
      bufferram: 108089344
      totalswap: 0
      freeswap: 0
      pagesize: 4096
      cpus: 16
      cpus-online: 16
      ticks-per-second: 100

metrics:
    - stressor: cpu
      bogo-ops: 30674
      bogo-ops-per-second-usr-sys-time: 1533.682823
      bogo-ops-per-second-real-time: 1533.691535
      wall-clock-time: 20.000110
      user-time: 19.999225
      system-time: 0.000999
      cpu-usage-per-instance: 100.000568
      max-rss: 1192

...
