---
system-info:
      stress-ng-version: 0.17.08
      run-by: root
      date-yyyy-mm-dd: 2024:06:15
      time-hh-mm-ss: 18:43:25
      epoch-secs: 1718477005
      hostname: eeeb2ba75d57
      sysname: Linux
      nodename: eeeb2ba75d57
      release: 6.8.0-1008-aws
      version: '#8-Ubuntu SMP Sat Apr 20 02:43:14 UTC 2024'
      machine: aarch64
      compiler: 'musl-gcc 13.2.1'
      uptime: 171
      totalram: 400744587264
      freeram: 396003446784
      sharedram: 34979840
      bufferram: 110133248
      totalswap: 0
      freeswap: 0
      pagesize: 4096
      cpus: 48
      cpus-online: 48
      ticks-per-second: 100

metrics:
    - stressor: cpu
      bogo-ops: 30393
      bogo-ops-per-second-usr-sys-time: 1519.662613
      bogo-ops-per-second-real-time: 1519.647790
      wall-clock-time: 20.000029
      user-time: 19.998835
      system-time: 0.000999
      cpu-usage-per-instance: 99.999025
      max-rss: 1152

...
