---
system-info:
      stress-ng-version: 0.17.08
      run-by: root
      date-yyyy-mm-dd: 2024:06:09
      time-hh-mm-ss: 15:56:16
      epoch-secs: 1717948576
      hostname: 44e32a4a12e5
      sysname: Linux
      nodename: 44e32a4a12e5
      release: 6.8.0-1008-aws
      version: '#8-Ubuntu SMP Sat Apr 20 02:43:14 UTC 2024'
      machine: aarch64
      compiler: 'musl-gcc 13.2.1'
      uptime: 139
      totalram: 400744583168
      freeram: 395823742976
      sharedram: 34979840
      bufferram: 108933120
      totalswap: 0
      freeswap: 0
      pagesize: 4096
      cpus: 48
      cpus-online: 48
      ticks-per-second: 100

metrics:
    - stressor: cpu
      bogo-ops: 2940
      bogo-ops-per-second-usr-sys-time: 293.127594
      bogo-ops-per-second-real-time: 293.127502
      wall-clock-time: 10.029765
      user-time: 10.028763
      system-time: 0.000999
      cpu-usage-per-instance: 99.999969
      max-rss: 3840

...
