---
system-info:
      stress-ng-version: 0.17.08
      run-by: root
      date-yyyy-mm-dd: 2024:07:26
      time-hh-mm-ss: 16:46:36
      epoch-secs: 1722012396
      hostname: ip-172-31-19-139
      sysname: Linux
      nodename: ip-172-31-19-139
      release: 6.8.0-1012-aws
      version: '#13-Ubuntu SMP Mon Jul 15 13:40:27 UTC 2024'
      machine: x86_64
      compiler: 'musl-gcc 13.2.1'
      uptime: 166
      totalram: 267406532608
      freeram: 261986758656
      sharedram: 29188096
      bufferram: 140357632
      totalswap: 0
      freeswap: 0
      pagesize: 4096
      cpus: 8
      cpus-online: 8
      ticks-per-second: 100

metrics:
    - stressor: cpu
      bogo-ops: 37440
      bogo-ops-per-second-usr-sys-time: 1872.007394
      bogo-ops-per-second-real-time: 1871.988240
      wall-clock-time: 20.000126
      user-time: 19.999921
      system-time: 0.000000
      cpu-usage-per-instance: 99.998977
      max-rss: 1104

...
