---
system-info:
      stress-ng-version: 0.17.08
      run-by: root
      date-yyyy-mm-dd: 2024:09:17
      time-hh-mm-ss: 01:25:41
      epoch-secs: 1726536341
      hostname: sc-runner
      sysname: Linux
      nodename: sc-runner
      release: 6.8.0-1014-azure
      version: '#16-Ubuntu SMP Thu Aug 15 21:06:50 UTC 2024'
      machine: aarch64
      compiler: 'musl-gcc 13.2.1'
      uptime: 322
      totalram: 219079413760
      freeram: 207610413056
      sharedram: 38658048
      bufferram: 238182400
      totalswap: 0
      freeswap: 0
      pagesize: 4096
      cpus: 64
      cpus-online: 64
      ticks-per-second: 100

metrics:
    - stressor: cpu
      bogo-ops: 2247863
      bogo-ops-per-second-usr-sys-time: 1756.945813
      bogo-ops-per-second-real-time: 112392.748806
      wall-clock-time: 20.000071
      user-time: 1279.382114
      system-time: 0.032984
      cpu-usage-per-instance: 99.953948
      max-rss: 512

...
