---
system-info:
      stress-ng-version: 0.17.08
      run-by: root
      date-yyyy-mm-dd: 2024:09:20
      time-hh-mm-ss: 20:12:20
      epoch-secs: 1726863140
      hostname: sc-runner
      sysname: Linux
      nodename: sc-runner
      release: 6.8.0-1014-azure
      version: '#16-Ubuntu SMP Thu Aug 15 20:04:41 UTC 2024'
      machine: x86_64
      compiler: 'musl-gcc 13.2.1'
      uptime: 505
      totalram: 67423420416
      freeram: 57285742592
      sharedram: 38121472
      bufferram: 250576896
      totalswap: 0
      freeswap: 0
      pagesize: 4096
      cpus: 8
      cpus-online: 8
      ticks-per-second: 100

metrics:
    - stressor: cpu
      bogo-ops: 54153
      bogo-ops-per-second-usr-sys-time: 2707.668277
      bogo-ops-per-second-real-time: 2707.640510
      wall-clock-time: 20.000070
      user-time: 19.998866
      system-time: 0.000999
      cpu-usage-per-instance: 99.998975
      max-rss: 3152

...
