---
system-info:
      stress-ng-version: 0.17.08
      run-by: root
      date-yyyy-mm-dd: 2024:09:17
      time-hh-mm-ss: 08:05:04
      epoch-secs: 1726560304
      hostname: sc-runner
      sysname: Linux
      nodename: sc-runner
      release: 6.8.0-1014-azure
      version: '#16-Ubuntu SMP Thu Aug 15 20:04:41 UTC 2024'
      machine: x86_64
      compiler: 'musl-gcc 13.2.1'
      uptime: 271
      totalram: 405734879232
      freeram: 394150768640
      sharedram: 105631744
      bufferram: 245592064
      totalswap: 0
      freeswap: 0
      pagesize: 4096
      cpus: 48
      cpus-online: 48
      ticks-per-second: 100

metrics:
    - stressor: cpu
      bogo-ops: 932153
      bogo-ops-per-second-usr-sys-time: 971.347499
      bogo-ops-per-second-real-time: 46607.447031
      wall-clock-time: 20.000087
      user-time: 959.601374
      system-time: 0.047980
      cpu-usage-per-instance: 99.963039
      max-rss: 3200

...
