BaselineInfo:
  WebDBID: -1
  TimeStamp: 20241219004922
Version:
  Major: 11
  Minor: 0
  Build: 1002
  SpecialBuildName: ""
  ptArchitecture: x86_64_linux
Results:
  Results Complete: true
  NumTestProcesses: 12
  CPU_INTEGER_MATH: 57755.778333333321
  CPU_FLOATINGPOINT_MATH: 42116.585352540911
  CPU_PRIME: 199.89227151858395
  CPU_SORTING: 34607.771301850313
  CPU_ENCRYPTION: 14018.716519056321
  CPU_COMPRESSION: 255865.85621747881
  CPU_SINGLETHREAD: 2197.4603714961263
  CPU_PHYSICS: 3088.0587853349598
  CPU_MATRIX_MULT_SSE: 21925.754788382077
  CPU_mm: 2448.2420816435497
  CPU_sse: 9719.5693233673755
  CPU_fma: 32090.829212566878
  CPU_avx: 23966.865829211984
  CPU_avx512: 0
  m_CPU_enc_SHA: 19745921273.849987
  m_CPU_enc_AES: 12760987433.871872
  m_CPU_enc_ECDSA: 11592160370.33614
  ME_ALLOC_S: 7921.6900804096531
  ME_READ_S: 25360.015039062499
  ME_READ_L: 11060.58984375
  ME_WRITE: 11582.9814453125
  ME_LARGE: 37041.083333333336
  ME_LATENCY: 51.904607428025805
  ME_THREADED: 71554.009765625
  SUMM_CPU: 22554.720311075893
  SUMM_ME: 2658.4154095807266
SystemInformation:
  OSName: Ubuntu 24.04.1 LTS
  Kernel: 6.8.0-31-generic
  Device: ""
  Processor: AMD EPYC 7542 32-Core Processor
  NumSockets: 1
  Manufacturer: AuthenticAMD
  NumCores: 12
  NumLogicals: 12
  CPUFrequency: 0
  Memory: 48130
  MemModuleInfo:
    iNumMemSticks: 3
    DIMM 1:
      manufacturer: QEMU
      modulePartNo: Not Specified
      memType: RAM
      size: 16
      clkspeed: 0
      moduleVoltage: 0
    DIMM 2:
      manufacturer: QEMU
      modulePartNo: Not Specified
      memType: RAM
      size: 16
      clkspeed: 0
      moduleVoltage: 0
    DIMM 3:
      manufacturer: QEMU
      modulePartNo: Not Specified
      memType: RAM
      size: 16
      clkspeed: 0
      moduleVoltage: 0
Checksum: 499AA23F67616547E5E3391140F06A64A8F6122B