BaselineInfo:
  WebDBID: -1
  TimeStamp: 20260708015026
Version:
  Major: 11
  Minor: 0
  Build: 1004
  SpecialBuildName: ""
  ptArchitecture: x86_64_linux
Results:
  Results Complete: true
  NumTestProcesses: 1
  CPU_INTEGER_MATH: 7597.1893333333328
  CPU_FLOATINGPOINT_MATH: 7517.6669487795716
  CPU_PRIME: 28.703683815880861
  CPU_SORTING: 4488.7505402772367
  CPU_ENCRYPTION: 1584.1790009901445
  CPU_COMPRESSION: 32456.025429005596
  CPU_SINGLETHREAD: 3685.5395315085916
  CPU_PHYSICS: 492.22241816932797
  CPU_MATRIX_MULT_SSE: 2720.9795388307007
  CPU_mm: 364.0753604718293
  CPU_sse: 1100.4825646879003
  CPU_fma: 4322.582225541888
  CPU_avx: 2189.3198558803006
  CPU_avx512: 3271.5335092127148
  m_CPU_enc_SHA: 2200232551.3766246
  m_CPU_enc_AES: 1371139207.9872832
  m_CPU_enc_ECDSA: 1412024481.0628181
  ME_ALLOC_S: 1484.421196886771
  ME_READ_S: 33291.192187499997
  ME_READ_L: 30098.611328125
  ME_WRITE: 29964.18359375
  ME_LARGE: 3096
  ME_LATENCY: 81.1604787039428
  ME_THREADED: 29934.421875
  SUMM_CPU: 3442.2043908107494
  SUMM_ME: 1925.2385386716433
SystemInformation:
  OSName: Ubuntu 24.04.4 LTS
  Kernel: 6.17.0-1018-azure
  Device: ""
  Processor: "AMD EPYC 9V45 96-Core Processor                "
  NumSockets: 1
  Manufacturer: AuthenticAMD
  NumCores: 1
  NumLogicals: 1
  CPUFrequency: 0
  CPUMaxFrequency: 0
  Memory: 7938
  CPUInfo:
    number: 1
    Family: 15
    Model: 2
    stepping: 1
    features: 395049983
    manufacture: AuthenticAMD
    typestring: "AMD EPYC 9V45 96-Core Processor                "
    iCoresPerPackage: 8
    iThreadsPerPackage: 1
    featuresEx:
      - 395049983
      - 4277809667
      - 802421759
    bHybrid: false
    nPCore: 0
    nLogicalsPerPCore: 0
    nECore: 0
    nLogicalsPerECore: 0
  MemModuleInfo:
    iNumMemSticks: 2
    DIMM 1:
      manufacturer: Microsoft Corporation
      modulePartNo: None
      memType: Unknown
      size: 1
      clkspeed: 0
      moduleVoltage: 0
    DIMM 2:
      manufacturer: Microsoft Corporation
      modulePartNo: None
      memType: Unknown
      size: 7
      clkspeed: 0
      moduleVoltage: 0
Checksum: A1CE91BE38403EED4575AC5A8EEF54DD30615556