BaselineInfo:
  WebDBID: -1
  TimeStamp: 20241109113450
Version:
  Major: 11
  Minor: 0
  Build: 1002
  SpecialBuildName: ""
  ptArchitecture: x86_64_linux
Results:
  Results Complete: true
  NumTestProcesses: 48
  CPU_INTEGER_MATH: 202023.11600000004
  CPU_FLOATINGPOINT_MATH: 103294.44672459192
  CPU_PRIME: 241.71087117373091
  CPU_SORTING: 98678.577716210857
  CPU_ENCRYPTION: 42905.015105865124
  CPU_COMPRESSION: 741612.72410549549
  CPU_SINGLETHREAD: 2436.6702701348649
  CPU_PHYSICS: 3844.6149217189836
  CPU_MATRIX_MULT_SSE: 40603.047836519734
  CPU_mm: 4304.3378826243634
  CPU_sse: 18004.58438656482
  CPU_fma: 47692.639055827574
  CPU_avx: 36847.244187932702
  CPU_avx512: 59867.723715753818
  m_CPU_enc_SHA: 43696184755.996536
  m_CPU_enc_AES: 64783888255.020729
  m_CPU_enc_ECDSA: 26487434347.925617
  ME_ALLOC_S: 21815.187529238628
  ME_READ_S: 24264.540429687499
  ME_READ_L: 12508.4677734375
  ME_WRITE: 11618.2607421875
  ME_LARGE: 375292.08333333331
  ME_LATENCY: 51.508780009182772
  ME_THREADED: 156126.87548828125
  SUMM_CPU: 48765.21720653287
  SUMM_ME: 2870.1838520174751
SystemInformation:
  OSName: Ubuntu 24.04.1 LTS
  Kernel: 6.8.0-1017-azure
  Device: ""
  Processor: Intel Xeon Platinum 8370C CPU @ 2.80GHz
  NumSockets: 2
  Manufacturer: GenuineIntel
  NumCores: 24
  NumLogicals: 48
  CPUFrequency: 2800
  Memory: 386938
  MemModuleInfo:
    iNumMemSticks: 4
    DIMM 1:
      manufacturer: Microsoft Corporation
      modulePartNo: None
      memType: Unknown
      size: 1
      clkspeed: 0
      moduleVoltage: 0
    DIMM 2:
      manufacturer: Microsoft Corporation
      modulePartNo: None
      memType: Unknown
      size: 59
      clkspeed: 0
      moduleVoltage: 0
    DIMM 3:
      manufacturer: Microsoft Corporation
      modulePartNo: None
      memType: Unknown
      size: 132
      clkspeed: 0
      moduleVoltage: 0
    DIMM 4:
      manufacturer: Microsoft Corporation
      modulePartNo: None
      memType: Unknown
      size: 192
      clkspeed: 0
      moduleVoltage: 0
Checksum: 6BB9B86C2F57210655AAD549A9957E6AE342D1DB