BaselineInfo:
  WebDBID: -1
  TimeStamp: 20241109165504
Version:
  Major: 11
  Minor: 0
  Build: 1002
  SpecialBuildName: ""
  ptArchitecture: x86_64_linux
Results:
  Results Complete: true
  NumTestProcesses: 64
  CPU_INTEGER_MATH: 176188.44066666675
  CPU_FLOATINGPOINT_MATH: 94365.031826826191
  CPU_PRIME: 233.40300772534616
  CPU_SORTING: 88978.620252000313
  CPU_ENCRYPTION: 24070.084056910579
  CPU_COMPRESSION: 766090.94275959919
  CPU_SINGLETHREAD: 1784.5788971335637
  CPU_PHYSICS: 4176.2012763327066
  CPU_MATRIX_MULT_SSE: 55134.209156362107
  CPU_mm: 5344.0554618412252
  CPU_sse: 19067.900481511493
  CPU_fma: 65362.357788725909
  CPU_avx: 46182.785333091633
  CPU_avx512: 89923.793022119396
  m_CPU_enc_SHA: 7949880125.4318457
  m_CPU_enc_AES: 60666861236.020706
  m_CPU_enc_ECDSA: 7101196018.7246256
  ME_ALLOC_S: 19683.111705025192
  ME_READ_S: 21727.617773437501
  ME_READ_L: 11545.3232421875
  ME_WRITE: 9926.568359375
  ME_LARGE: 423155.33333333331
  ME_LATENCY: 56.202978652692671
  ME_THREADED: 159482.92114257812
  SUMM_CPU: 41656.722575491884
  SUMM_ME: 2603.4911532036754
SystemInformation:
  OSName: Ubuntu 24.04.1 LTS
  Kernel: 6.8.0-1017-azure
  Device: ""
  Processor: Intel Xeon Platinum 8272CL CPU @ 2.60GHz
  NumSockets: 2
  Manufacturer: GenuineIntel
  NumCores: 32
  NumLogicals: 64
  CPUFrequency: 0
  Memory: 435316
  MemModuleInfo:
    iNumMemSticks: 4
    DIMM 1:
      manufacturer: Microsoft Corporation
      modulePartNo: None
      memType: Unknown
      size: 1
      clkspeed: 0
      moduleVoltage: 0
    DIMM 2:
      manufacturer: Microsoft Corporation
      modulePartNo: None
      memType: Unknown
      size: 60928
      clkspeed: 0
      moduleVoltage: 0
    DIMM 3:
      manufacturer: Microsoft Corporation
      modulePartNo: None
      memType: Unknown
      size: 159232
      clkspeed: 0
      moduleVoltage: 0
    DIMM 4:
      manufacturer: Microsoft Corporation
      modulePartNo: None
      memType: Unknown
      size: 216
      clkspeed: 0
      moduleVoltage: 0
Checksum: 2FFA60C9C996948133BB19D6FADFE70BBC753743