BaselineInfo:
  WebDBID: -1
  TimeStamp: 20241109062350
Version:
  Major: 11
  Minor: 0
  Build: 1002
  SpecialBuildName: ""
  ptArchitecture: x86_64_linux
Results:
  Results Complete: true
  NumTestProcesses: 96
  CPU_INTEGER_MATH: 441413.36633333343
  CPU_FLOATINGPOINT_MATH: 242317.5805049325
  CPU_PRIME: 521.34811468257124
  CPU_SORTING: 184900.63341872071
  CPU_ENCRYPTION: 109006.42820063214
  CPU_COMPRESSION: 1479521.7520798147
  CPU_SINGLETHREAD: 2637.8082218924546
  CPU_PHYSICS: 7147.8733246037291
  CPU_MATRIX_MULT_SSE: 76611.194336409098
  CPU_mm: 9569.6547538776285
  CPU_sse: 39304.982777616664
  CPU_fma: 103711.42125120373
  CPU_avx: 86817.178980406839
  CPU_avx512: 0
  m_CPU_enc_SHA: 159496400618.91193
  m_CPU_enc_AES: 103067873625.32631
  m_CPU_enc_ECDSA: 80340299126.479889
  ME_ALLOC_S: 26582.968011070632
  ME_READ_S: 26461.169335937499
  ME_READ_L: 17565.455078125
  ME_WRITE: 17187.306640625
  ME_LARGE: 176263.08333333334
  ME_LATENCY: 62.045497830982946
  ME_THREADED: 129621.4482421875
  SUMM_CPU: 81254.605007097052
  SUMM_ME: 2924.9288305279174
SystemInformation:
  OSName: Ubuntu 24.04.1 LTS
  Kernel: 6.8.0-1016-aws
  Device: ""
  Processor: AMD EPYC 7R13 Processor
  NumSockets: 1
  Manufacturer: AuthenticAMD
  NumCores: 48
  NumLogicals: 96
  CPUFrequency: 0
  Memory: 189290
  MemModuleInfo:
    iNumMemSticks: 2
    DIMM 1:
      manufacturer: Not Specified
      modulePartNo: Not Specified
      memType: DDR4
      size: 96
      clkspeed: 1466
      moduleVoltage: 0
    DIMM 2:
      manufacturer: Not Specified
      modulePartNo: Not Specified
      memType: DDR4
      size: 96
      clkspeed: 1466
      moduleVoltage: 0
Checksum: CB3AE696FBE608DCDE1492151D3CADF0978090DD