size_kb,operation,bandwidth_mb_s,latency_ns,latency_stddev_ns,latency_samples,threads,iterations,elapsed_s
32,read,5204126.83,0,0,0,48,489237,0.141014
32,write,4341700.05,0,0,0,48,586854,0.202750
32,copy,4327398.75,0,0,0,48,618811,0.214498
32,latency,0,2.01,0.00,7,1,7,0.288536
128,read,4210488.04,0,0,0,48,155375,0.221411
128,write,4345638.74,0,0,0,48,167335,0.231039
128,copy,3697005.75,0,0,0,48,137211,0.222685
128,latency,0,2.67,0.00,7,1,7,0.590784
1024,read,3187542.11,0,0,0,48,15842,0.238559
1024,write,4321864.23,0,0,0,48,22381,0.248571
1024,copy,1563287.06,0,0,0,48,12966,0.398115
1024,latency,0,5.80,0.03,7,1,7,0.656170
2048,read,1857041.14,0,0,0,48,6735,0.348167
2048,write,3937180.28,0,0,0,48,11065,0.269797
2048,copy,418724.36,0,0,0,48,2791,0.639886
2048,latency,0,14.00,0.54,7,1,7,0.558112
4096,read,667634.01,0,0,0,48,2623,0.754329
4096,write,757482.00,0,0,0,48,5317,1.347707
4096,copy,184511.80,0,0,0,48,1239,1.289283
4096,latency,0,37.00,1.30,7,1,7,0.656452
16384,read,295679.75,0,0,0,48,369,0.958442
16384,write,256267.12,0,0,0,48,1155,3.461388
16384,copy,133144.11,0,0,0,48,302,1.741992
16384,latency,0,112.57,0.63,7,1,7,1.254767
32768,read,282057.47,0,0,0,48,170,0.925769
32768,write,237390.42,0,0,0,48,569,3.681631
32768,copy,133368.39,0,0,0,48,159,1.831199
32768,latency,0,119.51,0.45,7,1,7,2.695761
65536,read,283146.23,0,0,0,48,88,0.954758
65536,write,235092.65,0,0,0,48,278,3.632678
65536,copy,132438.76,0,0,0,48,78,1.809259
65536,latency,0,124.43,0.38,7,1,7,5.684899
131072,read,276817.32,0,0,0,48,45,0.998781
131072,write,235459.93,0,0,0,48,137,3.574825
131072,copy,133842.97,0,0,0,48,40,1.836182
131072,latency,0,125.82,0.25,7,1,7,11.614195
262144,read,279756.14,0,0,0,48,23,1.010251
262144,write,236835.09,0,0,0,48,61,3.164936
262144,copy,130822.60,0,0,0,48,20,1.878575
262144,latency,0,127.73,0.33,7,1,7,23.702369
