size_kb,operation,bandwidth_mb_s,latency_ns,latency_stddev_ns,latency_samples,threads,iterations,elapsed_s
32,read,5197016.09,0,0,0,48,690606,0.199328
32,write,4345955.71,0,0,0,48,657895,0.227071
32,copy,4327367.19,0,0,0,48,591015,0.204864
32,latency,0,2.01,0.00,7,1,7,0.288627
128,read,4221059.78,0,0,0,48,143595,0.204112
128,write,4349067.70,0,0,0,48,178189,0.245831
128,copy,3712189.87,0,0,0,48,142045,0.229587
128,latency,0,2.65,0.00,7,1,7,0.660373
1024,read,3447829.06,0,0,0,48,13180,0.183489
1024,write,4318934.00,0,0,0,48,22355,0.248450
1024,copy,2151190.38,0,0,0,48,13506,0.301362
1024,latency,0,6.57,0.04,7,1,7,0.634736
2048,read,2553379.07,0,0,0,48,7295,0.274272
2048,write,4300720.18,0,0,0,48,11109,0.247973
2048,copy,527532.17,0,0,0,48,4166,0.758126
2048,latency,0,13.12,0.56,7,1,7,0.537567
4096,read,816009.64,0,0,0,48,2401,0.564935
4096,write,1212740.82,0,0,0,48,5289,0.837350
4096,copy,221764.70,0,0,0,48,1664,1.440662
4096,latency,0,28.33,0.70,7,1,7,0.660331
16384,read,345782.90,0,0,0,48,374,0.830672
16384,write,273377.37,0,0,0,48,1093,3.070569
16384,copy,150128.46,0,0,0,48,332,1.698385
16384,latency,0,89.51,3.50,7,1,7,1.011521
32768,read,328220.12,0,0,0,48,160,0.748766
32768,write,249358.70,0,0,0,48,588,3.621963
32768,copy,149069.34,0,0,0,48,157,1.617717
32768,latency,0,103.35,3.68,7,1,7,2.408852
65536,read,325797.36,0,0,0,48,92,0.867484
65536,write,251319.03,0,0,0,48,240,2.933642
65536,copy,148859.30,0,0,0,48,81,1.671592
65536,latency,0,118.46,1.36,7,1,7,5.310004
131072,read,318967.75,0,0,0,48,47,0.905320
131072,write,250367.68,0,0,0,48,139,3.411047
131072,copy,148126.28,0,0,0,48,42,1.742081
131072,latency,0,121.29,0.75,7,1,7,11.160319
262144,read,317189.77,0,0,0,48,23,0.891025
262144,write,250059.28,0,0,0,48,68,3.341544
262144,copy,148410.67,0,0,0,48,21,1.738743
262144,latency,0,123.33,0.23,7,1,7,22.845090
