---
system-info:
      stress-ng-version: 0.17.08
      run-by: root
      date-yyyy-mm-dd: 2024:06:15
      time-hh-mm-ss: 04:56:05
      epoch-secs: 1718427365
      hostname: 3b348425a55e
      sysname: Linux
      nodename: 3b348425a55e
      release: 6.8.0-1008-aws
      version: '#8-Ubuntu SMP Sat Apr 20 00:46:25 UTC 2024'
      machine: x86_64
      compiler: 'musl-gcc 13.2.1'
      uptime: 142
      totalram: 808053727232
      freeram: 800083570688
      sharedram: 120688640
      bufferram: 112660480
      totalswap: 0
      freeswap: 0
      pagesize: 4096
      cpus: 192
      cpus-online: 192
      ticks-per-second: 100

metrics:
    - stressor: cpu
      bogo-ops: 61922
      bogo-ops-per-second-usr-sys-time: 3096.234996
      bogo-ops-per-second-real-time: 3096.093172
      wall-clock-time: 20.000044
      user-time: 19.999128
      system-time: 0.000000
      cpu-usage-per-instance: 99.995419
      max-rss: 0

...
