---
system-info:
      stress-ng-version: 0.17.08
      run-by: root
      date-yyyy-mm-dd: 2024:06:08
      time-hh-mm-ss: 20:19:47
      epoch-secs: 1717877987
      hostname: 5378011f1146
      sysname: Linux
      nodename: 5378011f1146
      release: 6.8.0-1008-aws
      version: '#8-Ubuntu SMP Sat Apr 20 00:46:25 UTC 2024'
      machine: x86_64
      compiler: 'musl-gcc 13.2.1'
      uptime: 124
      totalram: 808053723136
      freeram: 799543705600
      sharedram: 120696832
      bufferram: 108167168
      totalswap: 0
      freeswap: 0
      pagesize: 4096
      cpus: 192
      cpus-online: 192
      ticks-per-second: 100

metrics:
    - stressor: cpu
      bogo-ops: 17549
      bogo-ops-per-second-usr-sys-time: 1754.844196
      bogo-ops-per-second-real-time: 1754.779467
      wall-clock-time: 10.000687
      user-time: 10.000318
      system-time: 0.000000
      cpu-usage-per-instance: 99.996311
      max-rss: 3072

...
