BaselineInfo:
  WebDBID: -1
  TimeStamp: 20241108093619
Version:
  Major: 11
  Minor: 0
  Build: 1002
  SpecialBuildName: ""
  ptArchitecture: x86_64_linux
Results:
  Results Complete: true
  NumTestProcesses: 16
  CPU_INTEGER_MATH: 84277.89933333332
  CPU_FLOATINGPOINT_MATH: 69435.903459603418
  CPU_PRIME: 252.81083616425315
  CPU_SORTING: 49631.796940834167
  CPU_ENCRYPTION: 18777.902334923681
  CPU_COMPRESSION: 362222.12973702187
  CPU_SINGLETHREAD: 2439.1607586492078
  CPU_PHYSICS: 3269.4417879825546
  CPU_MATRIX_MULT_SSE: 29822.485600842057
  CPU_mm: 3886.0537574669238
  CPU_sse: 12631.056478155444
  CPU_fma: 35356.898210326042
  CPU_avx: 26852.388659993965
  CPU_avx512: 44449.599054892809
  m_CPU_enc_SHA: 22015113538.237957
  m_CPU_enc_AES: 22732027378.380974
  m_CPU_enc_ECDSA: 14323032239.61586
  ME_ALLOC_S: 14827.629751866365
  ME_READ_S: 24479.879687500001
  ME_READ_L: 11456.794921875
  ME_WRITE: 10617.6552734375
  ME_LARGE: 118029.41666666667
  ME_LATENCY: 59.489231016154918
  ME_THREADED: 122355.267578125
  SUMM_CPU: 30808.327368677681
  SUMM_ME: 2586.6557074807165
SystemInformation:
  OSName: Ubuntu 24.04.1 LTS
  Kernel: 6.8.0-1017-azure
  Device: ""
  Processor: Intel Xeon Platinum 8370C CPU @ 2.80GHz
  NumSockets: 1
  Manufacturer: GenuineIntel
  NumCores: 16
  NumLogicals: 16
  CPUFrequency: 2800
  Memory: 128808
  MemModuleInfo:
    iNumMemSticks: 4
    DIMM 1:
      manufacturer: Microsoft Corporation
      modulePartNo: None
      memType: Unknown
      size: 1
      clkspeed: 0
      moduleVoltage: 0
    DIMM 2:
      manufacturer: Microsoft Corporation
      modulePartNo: None
      memType: Unknown
      size: 60928
      clkspeed: 0
      moduleVoltage: 0
    DIMM 3:
      manufacturer: Microsoft Corporation
      modulePartNo: None
      memType: Unknown
      size: 69120
      clkspeed: 0
      moduleVoltage: 0
    DIMM 4:
      manufacturer: Microsoft Corporation
      modulePartNo: None
      memType: Unknown
      size: 64
      clkspeed: 0
      moduleVoltage: 0
Checksum: 268D59F03AC474321AE7D25F16BD83E7CF8CA566