---
system-info:
      stress-ng-version: 0.17.08
      run-by: root
      date-yyyy-mm-dd: 2024:06:26
      time-hh-mm-ss: 15:30:14
      epoch-secs: 1719415814
      hostname: c3d-standard-4-0c57a00
      sysname: Linux
      nodename: c3d-standard-4-0c57a00
      release: 6.8.0-1008-gcp
      version: '#9-Ubuntu SMP Wed May 22 18:09:04 UTC 2024'
      machine: x86_64
      compiler: 'musl-gcc 13.2.1'
      uptime: 144
      totalram: 16767356928
      freeram: 11835494400
      sharedram: 34955264
      bufferram: 124121088
      totalswap: 0
      freeswap: 0
      pagesize: 4096
      cpus: 4
      cpus-online: 4
      ticks-per-second: 100

metrics:
    - stressor: cpu
      bogo-ops: 57219
      bogo-ops-per-second-usr-sys-time: 2861.024673
      bogo-ops-per-second-real-time: 2860.940485
      wall-clock-time: 20.000067
      user-time: 19.999478
      system-time: 0.000000
      cpu-usage-per-instance: 99.997057
      max-rss: 1232

...
