BaselineInfo:
  WebDBID: -1
  TimeStamp: 20241114163251
Version:
  Major: 11
  Minor: 0
  Build: 1002
  SpecialBuildName: ""
  ptArchitecture: x86_64_linux
Results:
  Results Complete: true
  NumTestProcesses: 3
  CPU_INTEGER_MATH: 15353.560666666668
  CPU_FLOATINGPOINT_MATH: 12242.949465441765
  CPU_PRIME: 46.085746694603102
  CPU_SORTING: 8959.9005200952452
  CPU_ENCRYPTION: 3319.1855244045728
  CPU_COMPRESSION: 63698.64696586506
  CPU_SINGLETHREAD: 2317.5727530265626
  CPU_PHYSICS: 830.01473193039919
  CPU_MATRIX_MULT_SSE: 5355.5841778570521
  CPU_mm: 527.43378379216244
  CPU_sse: 2565.236879462228
  CPU_fma: 8242.4405835752004
  CPU_avx: 5259.0750705337286
  CPU_avx512: 0
  m_CPU_enc_SHA: 4684216480.199482
  m_CPU_enc_AES: 2962828607.4649467
  m_CPU_enc_ECDSA: 2794209753.6497211
  ME_ALLOC_S: 2458.015782688773
  ME_READ_S: 22264.981250000001
  ME_READ_L: 14615.2919921875
  ME_WRITE: 14590.2255859375
  ME_LARGE: 799.75
  ME_LATENCY: 76.775711758480256
  ME_THREADED: 34065.6982421875
  SUMM_CPU: 6484.1596035651992
  SUMM_ME: 1162.8423419324727
SystemInformation:
  OSName: Ubuntu 24.04.1 LTS
  Kernel: 6.8.0-45-generic
  Device: ""
  Processor: AMD EPYC Processor
  NumSockets: 1
  Manufacturer: AuthenticAMD
  NumCores: 3
  NumLogicals: 3
  CPUFrequency: 0
  Memory: 3819
  MemModuleInfo:
    iNumMemSticks: 1
    DIMM 1:
      manufacturer: QEMU
      modulePartNo: Not Specified
      memType: RAM
      size: 4000
      clkspeed: 0
      moduleVoltage: 0
Checksum: 418022C68DED0806E567FBD6774ED4479269CAE6