BaselineInfo:
  WebDBID: -1
  TimeStamp: 20241115091731
Version:
  Major: 11
  Minor: 0
  Build: 1002
  SpecialBuildName: ""
  ptArchitecture: x86_64_linux
Results:
  Results Complete: true
  NumTestProcesses: 3
  CPU_INTEGER_MATH: 15439.66
  CPU_FLOATINGPOINT_MATH: 12275.896542031012
  CPU_PRIME: 47.390793559428715
  CPU_SORTING: 9031.5619045717976
  CPU_ENCRYPTION: 3332.1345512850448
  CPU_COMPRESSION: 64261.549937075266
  CPU_SINGLETHREAD: 2340.6064627815713
  CPU_PHYSICS: 832.05020196529222
  CPU_MATRIX_MULT_SSE: 5340.1084398488883
  CPU_mm: 583.42836306965478
  CPU_sse: 2586.0613950362913
  CPU_fma: 8178.2860287547883
  CPU_avx: 5255.9778957555845
  CPU_avx512: 0
  m_CPU_enc_SHA: 4703315530.8515835
  m_CPU_enc_AES: 2967156838.3849273
  m_CPU_enc_ECDSA: 2811516588.5082912
  ME_ALLOC_S: 2502.1710098081858
  ME_READ_S: 23054.998242187499
  ME_READ_L: 14938.349609375
  ME_WRITE: 15530.974609375
  ME_LARGE: 717.75
  ME_LATENCY: 69.392919106533199
  ME_THREADED: 42658.9833984375
  SUMM_CPU: 6521.4774260215463
  SUMM_ME: 1148.1488929296488
SystemInformation:
  OSName: Ubuntu 24.04.1 LTS
  Kernel: 6.8.0-45-generic
  Device: ""
  Processor: AMD EPYC Processor
  NumSockets: 1
  Manufacturer: AuthenticAMD
  NumCores: 3
  NumLogicals: 3
  CPUFrequency: 0
  Memory: 3819
  MemModuleInfo:
    iNumMemSticks: 1
    DIMM 1:
      manufacturer: QEMU
      modulePartNo: Not Specified
      memType: RAM
      size: 4000
      clkspeed: 0
      moduleVoltage: 0
Checksum: 795FBB0596ACF52352B19054FE1B072B97374A7B