BaselineInfo:
  WebDBID: -1
  TimeStamp: 20241106214149
Version:
  Major: 11
  Minor: 0
  Build: 1002
  SpecialBuildName: ""
  ptArchitecture: x86_64_linux
Results:
  Results Complete: true
  NumTestProcesses: 3
  CPU_INTEGER_MATH: 14029.457999999999
  CPU_FLOATINGPOINT_MATH: 10140.784356227998
  CPU_PRIME: 46.518246562895158
  CPU_SORTING: 8315.9082033020713
  CPU_ENCRYPTION: 3403.4401285891618
  CPU_COMPRESSION: 60513.586103937974
  CPU_SINGLETHREAD: 2070.445423099226
  CPU_PHYSICS: 758.00200872599453
  CPU_MATRIX_MULT_SSE: 4804.7051823643242
  CPU_mm: 566.91425763879874
  CPU_sse: 2229.0108463477327
  CPU_fma: 7303.8889230604518
  CPU_avx: 4881.2157776847889
  CPU_avx512: 0
  m_CPU_enc_SHA: 4815104781.5416899
  m_CPU_enc_AES: 3098859944.7099385
  m_CPU_enc_ECDSA: 2792332182.5748978
  ME_ALLOC_S: 1891.9058866323594
  ME_READ_S: 24135.9755859375
  ME_READ_L: 10472.37890625
  ME_WRITE: 10685.669921875
  ME_LARGE: 746.91666666666663
  ME_LATENCY: 84.329538140848456
  ME_THREADED: 30470.583984375
  SUMM_CPU: 5998.8572462730517
  SUMM_ME: 1052.1375512064105
SystemInformation:
  OSName: Ubuntu 24.04.1 LTS
  Kernel: 6.8.0-45-generic
  Device: ""
  Processor: AMD EPYC Processor
  NumSockets: 1
  Manufacturer: AuthenticAMD
  NumCores: 3
  NumLogicals: 3
  CPUFrequency: 0
  Memory: 3819
  MemModuleInfo:
    iNumMemSticks: 1
    DIMM 1:
      manufacturer: QEMU
      modulePartNo: Not Specified
      memType: RAM
      size: 4000
      clkspeed: 0
      moduleVoltage: 0
Checksum: 807C622D95F1B31CFB1924AB1197290ED53880D3