---
system-info:
      stress-ng-version: 0.17.08
      run-by: root
      date-yyyy-mm-dd: 2024:09:17
      time-hh-mm-ss: 12:08:06
      epoch-secs: 1726574886
      hostname: sc-runner
      sysname: Linux
      nodename: sc-runner
      release: 6.8.0-1014-azure
      version: '#16-Ubuntu SMP Thu Aug 15 20:04:41 UTC 2024'
      machine: x86_64
      compiler: 'musl-gcc 13.2.1'
      uptime: 353
      totalram: 456481734656
      freeram: 445276524544
      sharedram: 79654912
      bufferram: 278016000
      totalswap: 0
      freeswap: 0
      pagesize: 4096
      cpus: 16
      cpus-online: 16
      ticks-per-second: 100

metrics:
    - stressor: cpu
      bogo-ops: 262746
      bogo-ops-per-second-usr-sys-time: 822.317762
      bogo-ops-per-second-real-time: 13137.237621
      wall-clock-time: 20.000095
      user-time: 319.485839
      system-time: 0.032980
      cpu-usage-per-instance: 99.849157
      max-rss: 3152

...
