BaselineInfo:
  WebDBID: -1
  TimeStamp: 20241108194035
Version:
  Major: 11
  Minor: 0
  Build: 1002
  SpecialBuildName: ""
  ptArchitecture: aarch64_linux
Results:
  Results Complete: true
  NumTestProcesses: 48
  CPU_INTEGER_MATH: 189669.99166666667
  CPU_FLOATINGPOINT_MATH: 143863.86075962969
  CPU_PRIME: 228.05740896981587
  CPU_SORTING: 134396.86308312128
  CPU_ENCRYPTION: 6562.2278168449839
  CPU_COMPRESSION: 228730.15512222494
  CPU_SINGLETHREAD: 1110.9996114613034
  CPU_PHYSICS: 3822.0584282146265
  CPU_MATRIX_MULT_SSE: 29929.358179242572
  CPU_mm: 4987.9953307420519
  CPU_sse: 25080.715914379762
  CPU_fma: 34778.000444105368
  CPU_avx: 0
  CPU_avx512: 0
  m_CPU_enc_SHA: 9851387051.1043262
  m_CPU_enc_AES: 4555275584.4451733
  m_CPU_enc_ECDSA: 6236321150.2786417
  ME_ALLOC_S: 20476.80371839508
  ME_READ_S: 9486.3521484374996
  ME_READ_L: 9211.318359375
  ME_WRITE: 12577.953125
  ME_LARGE: 176378.25
  ME_LATENCY: 71.089914155762983
  ME_THREADED: 183153.61669921875
  SUMM_CPU: 23359.485769165869
  SUMM_ME: 1836.3046134347942
SystemInformation:
  OSName: Ubuntu 24.04.1 LTS
  Kernel: 6.8.0-1016-aws
  Device: ""
  Processor: ARM Neoverse-N1 48 Core 0 MHz
  NumSockets: 1
  Manufacturer: ARM
  NumCores: 48
  NumLogicals: 48
  CPUFrequency: 0
  Memory: 189028
Checksum: B575D0AC59F68D130406B3319188C3A1B4B99E3B