---
system-info:
      stress-ng-version: 0.17.08
      run-by: root
      date-yyyy-mm-dd: 2024:06:09
      time-hh-mm-ss: 13:24:56
      epoch-secs: 1717939496
      hostname: 7f9db5da3013
      sysname: Linux
      nodename: 7f9db5da3013
      release: 6.8.0-1008-aws
      version: '#8-Ubuntu SMP Sat Apr 20 00:46:25 UTC 2024'
      machine: x86_64
      compiler: 'musl-gcc 13.2.1'
      uptime: 164
      totalram: 402464960512
      freeram: 397031178240
      sharedram: 28831744
      bufferram: 108896256
      totalswap: 0
      freeswap: 0
      pagesize: 4096
      cpus: 48
      cpus-online: 48
      ticks-per-second: 100

metrics:
    - stressor: cpu
      bogo-ops: 376871
      bogo-ops-per-second-usr-sys-time: 785.737757
      bogo-ops-per-second-real-time: 37672.663171
      wall-clock-time: 10.003832
      user-time: 479.516724
      system-time: 0.122948
      cpu-usage-per-instance: 99.886653
      max-rss: 3840

...
