---
system-info:
      stress-ng-version: 0.17.08
      run-by: root
      date-yyyy-mm-dd: 2024:09:16
      time-hh-mm-ss: 17:39:03
      epoch-secs: 1726508343
      hostname: sc-runner
      sysname: Linux
      nodename: sc-runner
      release: 6.8.0-1014-azure
      version: '#16-Ubuntu SMP Thu Aug 15 20:04:41 UTC 2024'
      machine: x86_64
      compiler: 'musl-gcc 13.2.1'
      uptime: 322
      totalram: 58967719936
      freeram: 48811958272
      sharedram: 42086400
      bufferram: 233447424
      totalswap: 0
      freeswap: 0
      pagesize: 4096
      cpus: 8
      cpus-online: 8
      ticks-per-second: 100

metrics:
    - stressor: cpu
      bogo-ops: 198546
      bogo-ops-per-second-usr-sys-time: 1244.962152
      bogo-ops-per-second-real-time: 9927.252619
      wall-clock-time: 20.000095
      user-time: 159.454556
      system-time: 0.024991
      cpu-usage-per-instance: 99.674241
      max-rss: 3252

...
