---
system-info:
      stress-ng-version: 0.17.08
      run-by: root
      date-yyyy-mm-dd: 2024:09:03
      time-hh-mm-ss: 18:37:12
      epoch-secs: 1725388632
      hostname: sc-runner
      sysname: Linux
      nodename: sc-runner
      release: 6.8.0-1013-azure
      version: '#15-Ubuntu SMP Thu Aug  8 18:40:40 UTC 2024'
      machine: x86_64
      compiler: 'musl-gcc 13.2.1'
      uptime: 357
      totalram: 58967715840
      freeram: 50347896832
      sharedram: 42086400
      bufferram: 218808320
      totalswap: 0
      freeswap: 0
      pagesize: 4096
      cpus: 8
      cpus-online: 8
      ticks-per-second: 100

metrics:
    - stressor: cpu
      bogo-ops: 198891
      bogo-ops-per-second-usr-sys-time: 1246.033117
      bogo-ops-per-second-real-time: 9944.504789
      wall-clock-time: 20.000091
      user-time: 159.594365
      system-time: 0.024988
      cpu-usage-per-instance: 99.761642
      max-rss: 3124

...
