---
system-info:
      stress-ng-version: 0.17.08
      run-by: root
      date-yyyy-mm-dd: 2024:07:09
      time-hh-mm-ss: 15:23:48
      epoch-secs: 1720538628
      hostname: m3-ultramem-32-a736b7c
      sysname: Linux
      nodename: m3-ultramem-32-a736b7c
      release: 6.8.0-1009-gcp
      version: '#10-Ubuntu SMP Wed Jun 12 18:52:23 UTC 2024'
      machine: x86_64
      compiler: 'musl-gcc 13.2.1'
      uptime: 145
      totalram: 1031065272320
      freeram: 1025255206912
      sharedram: 58306560
      bufferram: 132182016
      totalswap: 0
      freeswap: 0
      pagesize: 4096
      cpus: 32
      cpus-online: 32
      ticks-per-second: 100

metrics:
    - stressor: cpu
      bogo-ops: 604109
      bogo-ops-per-second-usr-sys-time: 944.395169
      bogo-ops-per-second-real-time: 30205.309323
      wall-clock-time: 20.000093
      user-time: 639.653211
      system-time: 0.024987
      cpu-usage-per-instance: 99.949253
      max-rss: 1032

...
