BaselineInfo:
  WebDBID: -1
  TimeStamp: 20260404203648
Version:
  Major: 11
  Minor: 0
  Build: 1004
  SpecialBuildName: ""
  ptArchitecture: x86_64_linux
Results:
  Results Complete: true
  NumTestProcesses: 12
  CPU_INTEGER_MATH: 29552.448333333334
  CPU_FLOATINGPOINT_MATH: 15850.581378740535
  CPU_PRIME: 57.655829520441628
  CPU_SORTING: 18079.07294206474
  CPU_ENCRYPTION: 4090.4043464539523
  CPU_COMPRESSION: 136223.10605526451
  CPU_SINGLETHREAD: 1689.9881558354448
  CPU_PHYSICS: 1002.6278847139271
  CPU_MATRIX_MULT_SSE: 8899.4162251038269
  CPU_mm: 899.60517423383635
  CPU_sse: 3238.4817274027037
  CPU_fma: 10967.982610802315
  CPU_avx: 7753.8338093155571
  CPU_avx512: 13637.366752894728
  m_CPU_enc_SHA: 1335251921.5632753
  m_CPU_enc_AES: 10320303795.0116
  m_CPU_enc_ECDSA: 1211743767.3870239
  ME_ALLOC_S: 3240.4710326942359
  ME_READ_S: 19489.267578125
  ME_READ_L: 6941.48876953125
  ME_WRITE: 7447.57470703125
  ME_LARGE: 83000.833333333328
  ME_LATENCY: 79.217856368052992
  ME_THREADED: 53699.49658203125
  SUMM_CPU: 10083.994927135296
  SUMM_ME: 1791.1129205575783
SystemInformation:
  OSName: Ubuntu 24.04.4 LTS
  Kernel: 6.8.0-106-generic
  Device: ""
  Processor: Intel(R) Xeon(R) Platinum 8163 CPU @ 2.50GHz
  NumSockets: 1
  Manufacturer: GenuineIntel
  NumCores: 6
  NumLogicals: 12
  CPUFrequency: 2500
  CPUMaxFrequency: 3100
  Memory: 96044
  CPUInfo:
    number: 1
    Family: 6
    Model: 5
    stepping: 4
    features: 529267711
    manufacture: GenuineIntel
    typestring: Intel(R) Xeon(R) Platinum 8163 CPU @ 2.50GHz
    iCoresPerPackage: 6
    iThreadsPerPackage: 2
    featuresEx:
      - 529267711
      - 4294586883
      - 739248128
    bHybrid: false
    nPCore: 0
    nLogicalsPerPCore: 0
    nECore: 0
    nLogicalsPerECore: 0
  MemModuleInfo:
    iNumMemSticks: 6
    DIMM 1:
      manufacturer: Alibaba Cloud
      modulePartNo: Not Specified
      memType: RAM
      size: 16
      clkspeed: 0
      moduleVoltage: 0
    DIMM 2:
      manufacturer: Alibaba Cloud
      modulePartNo: Not Specified
      memType: RAM
      size: 16
      clkspeed: 0
      moduleVoltage: 0
    DIMM 3:
      manufacturer: Alibaba Cloud
      modulePartNo: Not Specified
      memType: RAM
      size: 16
      clkspeed: 0
      moduleVoltage: 0
    DIMM 4:
      manufacturer: Alibaba Cloud
      modulePartNo: Not Specified
      memType: RAM
      size: 16
      clkspeed: 0
      moduleVoltage: 0
    DIMM 5:
      manufacturer: Alibaba Cloud
      modulePartNo: Not Specified
      memType: RAM
      size: 16
      clkspeed: 0
      moduleVoltage: 0
    DIMM 6:
      manufacturer: Alibaba Cloud
      modulePartNo: Not Specified
      memType: RAM
      size: 16
      clkspeed: 0
      moduleVoltage: 0
Checksum: 8F70BD7333DFBD0ECAB47D8868F8479147731966