BaselineInfo:
  WebDBID: -1
  TimeStamp: 20260404065410
Version:
  Major: 11
  Minor: 0
  Build: 1004
  SpecialBuildName: ""
  ptArchitecture: x86_64_linux
Results:
  Results Complete: true
  NumTestProcesses: 4
  CPU_INTEGER_MATH: 9804.2479999999996
  CPU_FLOATINGPOINT_MATH: 5265.6880518603793
  CPU_PRIME: 26.156193701909835
  CPU_SORTING: 6166.9785323206615
  CPU_ENCRYPTION: 1356.9749574890341
  CPU_COMPRESSION: 45876.841430918787
  CPU_SINGLETHREAD: 1682.0072382638552
  CPU_PHYSICS: 471.82991018699124
  CPU_MATRIX_MULT_SSE: 2956.6140283997456
  CPU_mm: 299.0774154524446
  CPU_sse: 1067.1323764019826
  CPU_fma: 3647.0342393775727
  CPU_avx: 2577.5758485851511
  CPU_avx512: 4534.7136492342761
  m_CPU_enc_SHA: 443468132.86638862
  m_CPU_enc_AES: 3425929570.6407804
  m_CPU_enc_ECDSA: 399276415.56489503
  ME_ALLOC_S: 1110.2054728748976
  ME_READ_S: 19216.379296874999
  ME_READ_L: 7337.10302734375
  ME_WRITE: 7515.44921875
  ME_LARGE: 2849.6666666666665
  ME_LATENCY: 75.078784266899632
  ME_THREADED: 20086.505859375
  SUMM_CPU: 3642.5615713793791
  SUMM_ME: 1391.3950604299387
SystemInformation:
  OSName: Ubuntu 24.04.4 LTS
  Kernel: 6.8.0-106-generic
  Device: ""
  Processor: Intel(R) Xeon(R) Platinum 8269CY CPU @ 2.50GHz
  NumSockets: 1
  Manufacturer: GenuineIntel
  NumCores: 2
  NumLogicals: 4
  CPUFrequency: 2500
  CPUMaxFrequency: 3800
  Memory: 15607
  CPUInfo:
    number: 1
    Family: 6
    Model: 5
    stepping: 7
    features: 529267711
    manufacture: GenuineIntel
    typestring: Intel(R) Xeon(R) Platinum 8269CY CPU @ 2.50GHz
    iCoresPerPackage: 2
    iThreadsPerPackage: 2
    featuresEx:
      - 529267711
      - 4294586883
      - 739248128
    bHybrid: false
    nPCore: 0
    nLogicalsPerPCore: 0
    nECore: 0
    nLogicalsPerECore: 0
  MemModuleInfo:
    iNumMemSticks: 1
    DIMM 1:
      manufacturer: Alibaba Cloud
      modulePartNo: Not Specified
      memType: RAM
      size: 16
      clkspeed: 0
      moduleVoltage: 0
Checksum: 85AA4717106D2120175CE12E5B4D4AAEA1582D84