BaselineInfo:
  WebDBID: -1
  TimeStamp: 20260613000013
Version:
  Major: 11
  Minor: 0
  Build: 1004
  SpecialBuildName: ""
  ptArchitecture: x86_64_linux
Results:
  Results Complete: true
  NumTestProcesses: 16
  CPU_INTEGER_MATH: 96618.977333333329
  CPU_FLOATINGPOINT_MATH: 77577.846173205166
  CPU_PRIME: 285.42595210560734
  CPU_SORTING: 55606.861423214534
  CPU_ENCRYPTION: 20717.099384000616
  CPU_COMPRESSION: 407216.06548364199
  CPU_SINGLETHREAD: 2792.65173325041
  CPU_PHYSICS: 4854.6603016448817
  CPU_MATRIX_MULT_SSE: 32863.822458320901
  CPU_mm: 3564.3608566882426
  CPU_sse: 15720.550558936513
  CPU_fma: 47611.519521232251
  CPU_avx: 35259.39729479394
  CPU_avx512: 0
  m_CPU_enc_SHA: 29131579351.33247
  m_CPU_enc_AES: 18461042245.099037
  m_CPU_enc_ECDSA: 17577738014.60199
  ME_ALLOC_S: 7721.8302581969265
  ME_READ_S: 27754.537304687499
  ME_READ_L: 17117.849609375
  ME_WRITE: 17657.67578125
  ME_LARGE: 120058.16666666667
  ME_LATENCY: 60.82729504641236
  ME_THREADED: 145474.37939453125
  SUMM_CPU: 34978.343993307943
  SUMM_ME: 2935.3660742126117
SystemInformation:
  OSName: Ubuntu 24.04.4 LTS
  Kernel: 6.8.0-124-generic
  Device: ""
  Processor: AMD EPYC-Rome Processor
  NumSockets: 1
  Manufacturer: AuthenticAMD
  NumCores: 8
  NumLogicals: 16
  CPUFrequency: 0
  CPUMaxFrequency: 0
  Memory: 128806
  CPUInfo:
    number: 1
    Family: 15
    Model: 1
    stepping: 0
    features: 395049983
    manufacture: AuthenticAMD
    typestring: AMD EPYC-Rome Processor
    iCoresPerPackage: 8
    iThreadsPerPackage: 2
    featuresEx:
      - 395049983
      - 4277678595
      - 802421759
    bHybrid: false
    nPCore: 0
    nLogicalsPerPCore: 0
    nECore: 0
    nLogicalsPerECore: 0
  MemModuleInfo:
    iNumMemSticks: 8
    DIMM 1:
      manufacturer: QEMU
      modulePartNo: Not Specified
      memType: RAM
      size: 16
      clkspeed: 0
      moduleVoltage: 0
    DIMM 2:
      manufacturer: QEMU
      modulePartNo: Not Specified
      memType: RAM
      size: 16
      clkspeed: 0
      moduleVoltage: 0
    DIMM 3:
      manufacturer: QEMU
      modulePartNo: Not Specified
      memType: RAM
      size: 16
      clkspeed: 0
      moduleVoltage: 0
    DIMM 4:
      manufacturer: QEMU
      modulePartNo: Not Specified
      memType: RAM
      size: 16
      clkspeed: 0
      moduleVoltage: 0
    DIMM 5:
      manufacturer: QEMU
      modulePartNo: Not Specified
      memType: RAM
      size: 16
      clkspeed: 0
      moduleVoltage: 0
    DIMM 6:
      manufacturer: QEMU
      modulePartNo: Not Specified
      memType: RAM
      size: 16
      clkspeed: 0
      moduleVoltage: 0
    DIMM 7:
      manufacturer: QEMU
      modulePartNo: Not Specified
      memType: RAM
      size: 16
      clkspeed: 0
      moduleVoltage: 0
    DIMM 8:
      manufacturer: QEMU
      modulePartNo: Not Specified
      memType: RAM
      size: 16
      clkspeed: 0
      moduleVoltage: 0
Checksum: 2F99B95A893963FAC0AB6BD184810BB8BF5F5678