---
system-info:
      stress-ng-version: 0.17.08
      run-by: root
      date-yyyy-mm-dd: 2024:06:13
      time-hh-mm-ss: 19:55:40
      epoch-secs: 1718308540
      hostname: 378cb317cacc
      sysname: Linux
      nodename: 378cb317cacc
      release: 6.8.0-1008-aws
      version: '#8-Ubuntu SMP Sat Apr 20 00:46:25 UTC 2024'
      machine: x86_64
      compiler: 'musl-gcc 13.2.1'
      uptime: 146
      totalram: 798840692736
      freeram: 792908521472
      sharedram: 116879360
      bufferram: 107061248
      totalswap: 0
      freeswap: 0
      pagesize: 4096
      cpus: 96
      cpus-online: 96
      ticks-per-second: 100

metrics:
    - stressor: cpu
      bogo-ops: 37820
      bogo-ops-per-second-usr-sys-time: 1890.983643
      bogo-ops-per-second-real-time: 1890.992313
      wall-clock-time: 20.000081
      user-time: 20.000173
      system-time: 0.000000
      cpu-usage-per-instance: 100.000458
      max-rss: 768

...
