---
system-info:
      stress-ng-version: 0.17.08
      run-by: root
      date-yyyy-mm-dd: 2024:06:08
      time-hh-mm-ss: 06:56:01
      epoch-secs: 1717829761
      hostname: ccd7e6c12036
      sysname: Linux
      nodename: ccd7e6c12036
      release: 6.8.0-1008-aws
      version: '#8-Ubuntu SMP Sat Apr 20 00:46:25 UTC 2024'
      machine: x86_64
      compiler: 'musl-gcc 13.2.1'
      uptime: 134
      totalram: 798840700928
      freeram: 793039777792
      sharedram: 116879360
      bufferram: 97918976
      totalswap: 0
      freeswap: 0
      pagesize: 4096
      cpus: 96
      cpus-online: 96
      ticks-per-second: 100

metrics:
    - stressor: cpu
      bogo-ops: 16755
      bogo-ops-per-second-usr-sys-time: 1675.012236
      bogo-ops-per-second-real-time: 1674.987916
      wall-clock-time: 10.003057
      user-time: 10.002912
      system-time: 0.000000
      cpu-usage-per-instance: 99.998548
      max-rss: 3072

...
