---
system-info:
      stress-ng-version: 0.17.08
      run-by: root
      date-yyyy-mm-dd: 2024:06:14
      time-hh-mm-ss: 10:22:56
      epoch-secs: 1718360576
      hostname: 701eea74fa60
      sysname: Linux
      nodename: 701eea74fa60
      release: 6.8.0-1008-aws
      version: '#8-Ubuntu SMP Sat Apr 20 02:43:14 UTC 2024'
      machine: aarch64
      compiler: 'musl-gcc 13.2.1'
      uptime: 235
      totalram: 16434499584
      freeram: 12146900992
      sharedram: 34979840
      bufferram: 107393024
      totalswap: 0
      freeswap: 0
      pagesize: 4096
      cpus: 8
      cpus-online: 8
      ticks-per-second: 100

metrics:
    - stressor: cpu
      bogo-ops: 30684
      bogo-ops-per-second-usr-sys-time: 1534.238049
      bogo-ops-per-second-real-time: 1534.191788
      wall-clock-time: 20.000107
      user-time: 19.999504
      system-time: 0.000000
      cpu-usage-per-instance: 99.996985
      max-rss: 1192

...
