---
system-info:
      stress-ng-version: 0.17.08
      run-by: root
      date-yyyy-mm-dd: 2024:06:06
      time-hh-mm-ss: 16:44:10
      epoch-secs: 1717692250
      hostname: 4c2c28a9b48f
      sysname: Linux
      nodename: 4c2c28a9b48f
      release: 6.8.0-1008-aws
      version: '#8-Ubuntu SMP Sat Apr 20 02:43:14 UTC 2024'
      machine: aarch64
      compiler: 'musl-gcc 13.2.1'
      uptime: 123
      totalram: 16434499584
      freeram: 12261490688
      sharedram: 34983936
      bufferram: 84471808
      totalswap: 0
      freeswap: 0
      pagesize: 4096
      cpus: 8
      cpus-online: 8
      ticks-per-second: 100

metrics:
    - stressor: cpu
      bogo-ops: 4267
      bogo-ops-per-second-usr-sys-time: 424.992804
      bogo-ops-per-second-real-time: 424.991716
      wall-clock-time: 10.040196
      user-time: 10.040170
      system-time: 0.000000
      cpu-usage-per-instance: 99.999744
      max-rss: 4008

...
