BaselineInfo:
  WebDBID: -1
  TimeStamp: 20241121105935
Version:
  Major: 11
  Minor: 0
  Build: 1002
  SpecialBuildName: ""
  ptArchitecture: x86_64_linux
Results:
  Results Complete: true
  NumTestProcesses: 4
  CPU_INTEGER_MATH: 24137.420333333332
  CPU_FLOATINGPOINT_MATH: 21307.289166160885
  CPU_PRIME: 78.654873031259257
  CPU_SORTING: 15422.31629724266
  CPU_ENCRYPTION: 5216.1631278994864
  CPU_COMPRESSION: 104742.13409757505
  CPU_SINGLETHREAD: 2906.0649968314879
  CPU_PHYSICS: 1337.3268421533594
  CPU_MATRIX_MULT_SSE: 9744.1337299213264
  CPU_mm: 1042.5567639202241
  CPU_sse: 4616.1863551187398
  CPU_fma: 13659.144591962749
  CPU_avx: 11720.148557467774
  CPU_avx512: 8981.0554151360411
  m_CPU_enc_SHA: 7236044505.8996487
  m_CPU_enc_AES: 4583279940.5179405
  m_CPU_enc_ECDSA: 4589305957.5834055
  ME_ALLOC_S: 3853.7429258069824
  ME_READ_S: 27900.829492187499
  ME_READ_L: 27570.048828125
  ME_WRITE: 26814.109375
  ME_LARGE: 1910.6666666666667
  ME_LATENCY: 77.778305881326432
  ME_THREADED: 36568.439453125
  SUMM_CPU: 10620.081406179712
  SUMM_ME: 1789.9658803570817
SystemInformation:
  OSName: Ubuntu 24.04.1 LTS
  Kernel: 6.8.0-1017-azure
  Device: ""
  Processor: AMD EPYC 9V74 80-Core Processor
  NumSockets: 1
  Manufacturer: AuthenticAMD
  NumCores: 4
  NumLogicals: 4
  CPUFrequency: 0
  Memory: 7937
  MemModuleInfo:
    iNumMemSticks: 2
    DIMM 1:
      manufacturer: Microsoft Corporation
      modulePartNo: None
      memType: Unknown
      size: 1
      clkspeed: 0
      moduleVoltage: 0
    DIMM 2:
      manufacturer: Microsoft Corporation
      modulePartNo: None
      memType: Unknown
      size: 7
      clkspeed: 0
      moduleVoltage: 0
Checksum: E1EB24951154072A7FBD16274616E6EEF2857C7C