BaselineInfo:
  WebDBID: -1
  TimeStamp: 20251006221254
Version:
  Major: 11
  Minor: 0
  Build: 1002
  SpecialBuildName: ""
  ptArchitecture: x86_64_linux
Results:
  Results Complete: true
  NumTestProcesses: 8
  CPU_INTEGER_MATH: 41239.308666666671
  CPU_FLOATINGPOINT_MATH: 29876.579843680251
  CPU_PRIME: 88.730207734108433
  CPU_SORTING: 21462.446863738391
  CPU_ENCRYPTION: 9122.5902054358776
  CPU_COMPRESSION: 160408.98754674208
  CPU_SINGLETHREAD: 3263.5475143073627
  CPU_PHYSICS: 1831.1651249513643
  CPU_MATRIX_MULT_SSE: 11362.00658546892
  CPU_mm: 1232.9664102720974
  CPU_sse: 5044.1945983501591
  CPU_fma: 13153.960244827793
  CPU_avx: 10668.139241109873
  CPU_avx512: 16581.73225758785
  m_CPU_enc_SHA: 9607452164.3821297
  m_CPU_enc_AES: 12554743138.801409
  m_CPU_enc_ECDSA: 6534992138.5818491
  ME_ALLOC_S: 5058.8615703235218
  ME_READ_S: 28312.226757812499
  ME_READ_L: 16016.513671875
  ME_WRITE: 12134.7265625
  ME_LARGE: 6040.833333333333
  ME_LATENCY: 66.101095306740945
  ME_THREADED: 56447.2392578125
  SUMM_CPU: 15544.245554422798
  SUMM_ME: 2282.2834165631016
SystemInformation:
  OSName: Ubuntu 24.04.2 LTS
  Kernel: 6.14.0-1014-aws
  Device: ""
  Processor: Intel Xeon 6975P-C
  NumSockets: 1
  Manufacturer: GenuineIntel
  NumCores: 4
  NumLogicals: 8
  CPUFrequency: 0
  Memory: 15704
  MemModuleInfo:
    iNumMemSticks: 1
    DIMM 1:
      manufacturer: Not Specified
      modulePartNo: Not Specified
      memType: DDR5
      size: 16
      clkspeed: 3600
      moduleVoltage: 0
Checksum: 0E41A3B160431BCB52430DD2AC8CAB9D9467F6DD