---
system-info:
      stress-ng-version: 0.17.08
      run-by: root
      date-yyyy-mm-dd: 2024:09:12
      time-hh-mm-ss: 12:52:27
      epoch-secs: 1726145547
      hostname: ip-172-31-24-2
      sysname: Linux
      nodename: ip-172-31-24-2
      release: 6.8.0-1014-aws
      version: '#15-Ubuntu SMP Thu Aug  8 19:13:06 UTC 2024'
      machine: x86_64
      compiler: 'musl-gcc 13.2.1'
      uptime: 289
      totalram: 803105914880
      freeram: 789358440448
      sharedram: 77197312
      bufferram: 265654272
      totalswap: 0
      freeswap: 0
      pagesize: 4096
      cpus: 96
      cpus-online: 96
      ticks-per-second: 100

metrics:
    - stressor: cpu
      bogo-ops: 1890547
      bogo-ops-per-second-usr-sys-time: 985.070319
      bogo-ops-per-second-real-time: 94526.900505
      wall-clock-time: 20.000095
      user-time: 1919.147069
      system-time: 0.052976
      cpu-usage-per-instance: 99.957860
      max-rss: 768

...
