---
system-info:
      stress-ng-version: 0.17.08
      run-by: root
      date-yyyy-mm-dd: 2024:09:08
      time-hh-mm-ss: 20:13:27
      epoch-secs: 1725826407
      hostname: ip-172-31-29-20
      sysname: Linux
      nodename: ip-172-31-29-20
      release: 6.8.0-1014-aws
      version: '#15-Ubuntu SMP Thu Aug  8 19:13:06 UTC 2024'
      machine: x86_64
      compiler: 'musl-gcc 13.2.1'
      uptime: 322
      totalram: 803105882112
      freeram: 790838439936
      sharedram: 77238272
      bufferram: 267165696
      totalswap: 0
      freeswap: 0
      pagesize: 4096
      cpus: 96
      cpus-online: 96
      ticks-per-second: 100

metrics:
    - stressor: cpu
      bogo-ops: 1890677
      bogo-ops-per-second-usr-sys-time: 985.206055
      bogo-ops-per-second-real-time: 94533.476612
      wall-clock-time: 20.000079
      user-time: 1919.023610
      system-time: 0.043970
      cpu-usage-per-instance: 99.951042
      max-rss: 768

...
