BaselineInfo:
  WebDBID: -1
  TimeStamp: 20241107184706
Version:
  Major: 11
  Minor: 0
  Build: 1002
  SpecialBuildName: ""
  ptArchitecture: aarch64_linux
Results:
  Results Complete: true
  NumTestProcesses: 16
  CPU_INTEGER_MATH: 100821.65666666666
  CPU_FLOATINGPOINT_MATH: 84781.604340084057
  CPU_PRIME: 222.54511319805715
  CPU_SORTING: 82093.344990928119
  CPU_ENCRYPTION: 2990.764576723866
  CPU_COMPRESSION: 109820.99088029118
  CPU_SINGLETHREAD: 1880.7375277400613
  CPU_PHYSICS: 5161.909450054447
  CPU_MATRIX_MULT_SSE: 14314.578364930469
  CPU_mm: 2293.5601696560557
  CPU_sse: 12068.769745299443
  CPU_fma: 16560.38698456149
  CPU_avx: 0
  CPU_avx512: 0
  m_CPU_enc_SHA: 4367110385.7569942
  m_CPU_enc_AES: 1940644416.8384786
  m_CPU_enc_ECDSA: 3100377067.8129411
  ME_ALLOC_S: 19538.24949998565
  ME_READ_S: 25536.787499999999
  ME_READ_L: 19362.322265625
  ME_WRITE: 25747.021484375
  ME_LARGE: 21545.416666666668
  ME_LATENCY: 51.813620109743177
  ME_THREADED: 277833.23046875
  SUMM_CPU: 14712.639316239072
  SUMM_ME: 3233.2954846145531
SystemInformation:
  OSName: Ubuntu 24.04.1 LTS
  Kernel: 6.8.0-1017-azure
  Device: ""
  Processor: ARM Neoverse-N2 16 Core 0 MHz
  NumSockets: 1
  Manufacturer: ARM
  NumCores: 16
  NumLogicals: 16
  CPUFrequency: 0
  Memory: 32028
Checksum: 145442CF8A03D13DDCDE87CCA67ED413770B5FF0