---
system-info:
      stress-ng-version: 0.17.08
      run-by: root
      date-yyyy-mm-dd: 2024:09:22
      time-hh-mm-ss: 12:05:06
      epoch-secs: 1727006706
      hostname: sc-runner
      sysname: Linux
      nodename: sc-runner
      release: 6.8.0-1014-azure
      version: '#16-Ubuntu SMP Thu Aug 15 20:04:41 UTC 2024'
      machine: x86_64
      compiler: 'musl-gcc 13.2.1'
      uptime: 364
      totalram: 168987693056
      freeram: 157703344128
      sharedram: 172392448
      bufferram: 262098944
      totalswap: 0
      freeswap: 0
      pagesize: 4096
      cpus: 20
      cpus-online: 20
      ticks-per-second: 100

metrics:
    - stressor: cpu
      bogo-ops: 54148
      bogo-ops-per-second-usr-sys-time: 2707.490024
      bogo-ops-per-second-real-time: 2707.392738
      wall-clock-time: 20.000054
      user-time: 19.998336
      system-time: 0.000999
      cpu-usage-per-instance: 99.996407
      max-rss: 3028

...
