BaselineInfo:
  WebDBID: -1
  TimeStamp: 20250414200804
Version:
  Major: 11
  Minor: 0
  Build: 1002
  SpecialBuildName: ""
  ptArchitecture: x86_64_linux
Results:
  Results Complete: true
  NumTestProcesses: 48
  CPU_INTEGER_MATH: 224590.60799999995
  CPU_FLOATINGPOINT_MATH: 159105.64365571024
  CPU_PRIME: 459.87855972202289
  CPU_SORTING: 110712.96261367701
  CPU_ENCRYPTION: 49457.004070851646
  CPU_COMPRESSION: 801958.43555171404
  CPU_SINGLETHREAD: 2916.6271394717787
  CPU_PHYSICS: 9432.3240304426599
  CPU_MATRIX_MULT_SSE: 64836.103785993939
  CPU_mm: 6364.1481428753141
  CPU_sse: 27550.004821208389
  CPU_fma: 73029.172825535134
  CPU_avx: 56289.741771608504
  CPU_avx512: 102475.49572562372
  m_CPU_enc_SHA: 52266233028.054451
  m_CPU_enc_AES: 68075171794.641304
  m_CPU_enc_ECDSA: 35236877679.096275
  ME_ALLOC_S: 25408.606607751251
  ME_READ_S: 26418.165429687499
  ME_READ_L: 9329.3037109375
  ME_WRITE: 8598.13671875
  ME_LARGE: 84652.083333333328
  ME_LATENCY: 70.279231141916441
  ME_THREADED: 259729.916015625
  SUMM_CPU: 62325.347693914257
  SUMM_ME: 2297.4608294151285
SystemInformation:
  OSName: Ubuntu 24.04.1 LTS
  Kernel: 6.8.0-1021-azure
  Device: ""
  Processor: INTEL XEON PLATINUM 8573C
  NumSockets: 1
  Manufacturer: GenuineIntel
  NumCores: 24
  NumLogicals: 48
  CPUFrequency: 2300
  Memory: 96539
  MemModuleInfo:
    iNumMemSticks: 3
    DIMM 1:
      manufacturer: Microsoft Corporation
      modulePartNo: None
      memType: Unknown
      size: 1
      clkspeed: 0
      moduleVoltage: 0
    DIMM 2:
      manufacturer: Microsoft Corporation
      modulePartNo: None
      memType: Unknown
      size: 59
      clkspeed: 0
      moduleVoltage: 0
    DIMM 3:
      manufacturer: Microsoft Corporation
      modulePartNo: None
      memType: Unknown
      size: 36
      clkspeed: 0
      moduleVoltage: 0
Checksum: 10AE1F4E4121C23501F5BD63F2B16C54D628198D