"size","threads","connections","rps","latency","failed","server_usr","server_sys","client_usr","client_sys"
"1k",8,8,166213,0.000049230,0,17.44,26.87,5.68,30.47
"1k",8,16,161589,0.000133230,0,16.09,26.13,4.88,27.06
"1k",8,32,180070,0.000181810,0,16.06,26.85,4.92,27.82
"1k",8,64,209347,0.000373840,0,15.73,27.77,4.90,28.55
"1k",8,128,240394,0.000718420,0,16.21,28.89,4.82,28.74
"1k",8,256,242813,0.001290000,0,16.16,28.86,4.86,29.81
"1k",16,16,170376,0.000096740,0,16.46,27.06,5.46,30.39
"1k",16,32,176784,0.000192610,0,14.76,27.76,5.24,31.86
"1k",16,64,190402,0.000509230,0,14.32,27.55,5.34,32.56
"1k",16,128,203638,0.000880000,0,14.50,28.16,5.21,32.14
"1k",16,256,205968,0.001410000,0,14.98,28.12,5.17,31.95
"1k",32,32,174709,0.000201170,0,15.38,26.96,5.77,31.70
"1k",32,64,170143,0.000522940,0,13.49,27.38,5.51,33.94
"1k",32,128,170146,0.000890000,0,13.91,27.35,5.38,33.91
"1k",32,256,174382,0.001550000,0,13.83,27.90,5.50,33.30
"16k",8,8,129431,0.000062680,0,15.68,25.86,5.08,29.72
"16k",8,16,123802,0.000158260,0,15.61,26.07,4.71,27.79
"16k",8,32,135600,0.000233200,0,15.37,27.00,4.47,29.10
"16k",8,64,160078,0.000442640,0,15.31,27.79,4.48,29.53
"16k",8,128,180262,0.000870000,0,15.26,28.95,4.41,29.94
"16k",8,256,179143,0.001540000,0,15.88,28.72,4.72,30.70
"16k",16,16,134623,0.000122810,0,16.97,26.39,5.43,30.90
"16k",16,32,132880,0.000246520,0,15.61,26.95,5.13,32.21
"16k",16,64,142338,0.000602890,0,14.54,27.21,4.89,33.63
"16k",16,128,150230,0.001070000,0,14.34,27.82,4.72,33.05
"16k",16,256,156009,0.001760000,0,14.70,28.53,4.86,32.21
"16k",32,32,139273,0.000242460,0,16.10,26.41,5.72,31.98
"16k",32,64,129979,0.000626780,0,13.78,27.31,5.12,34.20
"16k",32,128,131904,0.001080000,0,13.62,27.70,5.26,34.06
"16k",32,256,130720,0.002000000,0,14.08,27.82,5.06,33.67
"64k",8,8,69859,0.000115700,0,14.28,27.40,4.31,28.72
"64k",8,16,69704,0.000233190,0,14.96,27.79,3.97,28.35
"64k",8,32,78326,0.000396070,0,14.50,28.89,3.98,29.35
"64k",8,64,89618,0.000715070,0,14.64,29.82,3.65,29.80
"64k",8,128,94043,0.001380000,0,14.70,30.93,3.54,30.35
"64k",8,256,93182,0.002490000,0,14.87,30.61,3.33,31.19
"64k",16,16,74726,0.000216540,0,14.81,29.73,4.77,30.71
"64k",16,32,76009,0.000430910,0,14.02,29.13,4.48,32.62
"64k",16,64,79195,0.000960000,0,13.33,29.73,4.06,32.83
"64k",16,128,80981,0.001680000,0,13.66,30.07,4.13,32.20
"64k",16,256,80491,0.003130000,0,13.80,30.69,3.86,31.94
"64k",32,32,73305,0.000448840,0,14.41,29.28,5.23,31.65
"64k",32,64,73996,0.000950000,0,12.89,29.97,4.54,33.19
"64k",32,128,72529,0.001810000,0,12.79,30.37,4.53,32.99
"64k",32,256,71879,0.003560000,0,13.14,30.66,4.50,32.28
"256k",8,8,31298,0.000264770,0,12.76,32.40,4.28,30.76
"256k",8,16,30900,0.000520760,0,14.01,30.70,3.49,29.41
"256k",8,32,33856,0.000920000,0,14.32,32.33,3.14,28.43
"256k",8,64,32433,0.001920000,0,13.45,34.36,3.01,29.34
"256k",8,128,32077,0.003680000,0,14.37,34.75,2.62,28.54
"256k",16,16,30358,0.000560160,0,13.90,32.02,4.06,30.37
"256k",16,32,31580,0.001110000,0,12.94,32.68,3.50,30.75
"256k",16,64,30748,0.002120000,0,12.95,33.77,3.41,29.94
"256k",16,128,29750,0.004230000,0,13.43,34.56,3.11,29.18
"256k",32,32,29116,0.001140000,0,12.59,32.72,3.92,30.82
"256k",32,64,28716,0.002260000,0,12.52,33.58,3.67,30.27
"256k",32,128,28392,0.004480000,0,12.68,34.53,3.51,29.90
"512k",8,8,17246,0.000482350,0,10.80,34.81,3.67,30.28
"512k",8,16,18432,0.000832900,0,12.65,32.89,3.06,28.78
"512k",8,32,17798,0.001700000,0,12.90,35.63,2.60,27.98
"512k",8,64,17283,0.003420000,0,12.76,37.22,2.33,27.99
"512k",8,128,17852,0.006710000,0,13.13,36.97,2.28,27.63
"512k",16,16,17281,0.000930000,0,12.13,34.52,3.71,30.10
"512k",16,32,17444,0.001850000,0,11.75,35.60,3.09,29.58
"512k",16,64,16684,0.003770000,0,11.80,37.25,2.96,28.24
"512k",16,128,16638,0.007560000,0,11.96,37.39,2.83,28.26
"512k",32,32,15879,0.002020000,0,10.71,36.36,3.61,29.50
"512k",32,64,16062,0.003970000,0,10.82,37.13,3.21,29.05
"512k",32,128,16233,0.007840000,0,10.99,37.21,3.24,28.83
