---
system-info:
      stress-ng-version: 0.17.08
      run-by: root
      date-yyyy-mm-dd: 2024:06:07
      time-hh-mm-ss: 11:42:00
      epoch-secs: 1717760520
      hostname: c013823df299
      sysname: Linux
      nodename: c013823df299
      release: 6.8.0-1008-aws
      version: '#8-Ubuntu SMP Sat Apr 20 00:46:25 UTC 2024'
      machine: x86_64
      compiler: 'musl-gcc 13.2.1'
      uptime: 131
      totalram: 401274134528
      freeram: 396598018048
      sharedram: 40964096
      bufferram: 90603520
      totalswap: 0
      freeswap: 0
      pagesize: 4096
      cpus: 48
      cpus-online: 48
      ticks-per-second: 100

metrics:
    - stressor: cpu
      bogo-ops: 14989
      bogo-ops-per-second-usr-sys-time: 1498.873020
      bogo-ops-per-second-real-time: 1498.886027
      wall-clock-time: 10.000093
      user-time: 9.999181
      system-time: 0.000999
      cpu-usage-per-instance: 100.000868
      max-rss: 3840

...
