---
system-info:
      stress-ng-version: 0.17.08
      run-by: root
      date-yyyy-mm-dd: 2024:06:13
      time-hh-mm-ss: 07:56:35
      epoch-secs: 1718265395
      hostname: ca29f031a7f5
      sysname: Linux
      nodename: ca29f031a7f5
      release: 6.8.0-1008-aws
      version: '#8-Ubuntu SMP Sat Apr 20 00:46:25 UTC 2024'
      machine: x86_64
      compiler: 'musl-gcc 13.2.1'
      uptime: 142
      totalram: 401274122240
      freeram: 396417548288
      sharedram: 40964096
      bufferram: 107573248
      totalswap: 0
      freeswap: 0
      pagesize: 4096
      cpus: 48
      cpus-online: 48
      ticks-per-second: 100

metrics:
    - stressor: cpu
      bogo-ops: 27674
      bogo-ops-per-second-usr-sys-time: 1383.701384
      bogo-ops-per-second-real-time: 1383.700363
      wall-clock-time: 19.999995
      user-time: 19.999980
      system-time: 0.000000
      cpu-usage-per-instance: 99.999926
      max-rss: 1152

...
