BaselineInfo:
  WebDBID: -1
  TimeStamp: 20251104230110
Version:
  Major: 11
  Minor: 0
  Build: 1002
  SpecialBuildName: ""
  ptArchitecture: x86_64_linux
Results:
  Results Complete: true
  NumTestProcesses: 16
  CPU_INTEGER_MATH: 121932.34700000001
  CPU_FLOATINGPOINT_MATH: 122197.50297525762
  CPU_PRIME: 438.20576287604359
  CPU_SORTING: 73148.41792819048
  CPU_ENCRYPTION: 25402.767344296342
  CPU_COMPRESSION: 528919.99401580007
  CPU_SINGLETHREAD: 3818.177282092217
  CPU_PHYSICS: 6182.4863979501497
  CPU_MATRIX_MULT_SSE: 49527.919011303566
  CPU_mm: 5821.7062940491087
  CPU_sse: 17495.432800774324
  CPU_fma: 68947.272412138816
  CPU_avx: 35273.941029458481
  CPU_avx512: 76395.029802842706
  m_CPU_enc_SHA: 35243599340.567062
  m_CPU_enc_AES: 22048731793.151581
  m_CPU_enc_ECDSA: 22617865378.720005
  ME_ALLOC_S: 20756.867902245715
  ME_READ_S: 33949.734570312503
  ME_READ_L: 32480.9375
  ME_WRITE: 33009.81640625
  ME_LARGE: 116475.08333333333
  ME_LATENCY: 81.966210464486039
  ME_THREADED: 115714.91552734375
  SUMM_CPU: 47027.145162003195
  SUMM_ME: 2840.7676752118118
SystemInformation:
  OSName: Ubuntu 24.04.2 LTS
  Kernel: 6.14.0-1015-aws
  Device: ""
  Processor: AMD EPYC 9R45
  NumSockets: 1
  Manufacturer: AuthenticAMD
  NumCores: 16
  NumLogicals: 16
  CPUFrequency: 0
  Memory: 126424
  MemModuleInfo:
    iNumMemSticks: 1
    DIMM 1:
      manufacturer: Not Specified
      modulePartNo: Not Specified
      memType: DDR5
      size: 128
      clkspeed: 3200
      moduleVoltage: 0
Checksum: E7454FE976751EE93DB3103097DA3FEBA095FF13