---
system-info:
      stress-ng-version: 0.17.08
      run-by: root
      date-yyyy-mm-dd: 2024:06:07
      time-hh-mm-ss: 15:43:40
      epoch-secs: 1717775020
      hostname: 5a937110048c
      sysname: Linux
      nodename: 5a937110048c
      release: 6.8.0-1008-aws
      version: '#8-Ubuntu SMP Sat Apr 20 02:43:14 UTC 2024'
      machine: aarch64
      compiler: 'musl-gcc 13.2.1'
      uptime: 115
      totalram: 49587175424
      freeram: 45296775168
      sharedram: 35028992
      bufferram: 91553792
      totalswap: 0
      freeswap: 0
      pagesize: 4096
      cpus: 8
      cpus-online: 8
      ticks-per-second: 100

metrics:
    - stressor: cpu
      bogo-ops: 23502
      bogo-ops-per-second-usr-sys-time: 293.065419
      bogo-ops-per-second-real-time: 2338.532432
      wall-clock-time: 10.049893
      user-time: 80.185706
      system-time: 0.007993
      cpu-usage-per-instance: 99.744472
      max-rss: 4008

...
