---
system-info:
      stress-ng-version: 0.17.08
      run-by: root
      date-yyyy-mm-dd: 2024:06:14
      time-hh-mm-ss: 14:43:25
      epoch-secs: 1718376205
      hostname: bfa0a4163d9e
      sysname: Linux
      nodename: bfa0a4163d9e
      release: 6.8.0-1008-aws
      version: '#8-Ubuntu SMP Sat Apr 20 02:43:14 UTC 2024'
      machine: aarch64
      compiler: 'musl-gcc 13.2.1'
      uptime: 141
      totalram: 49587179520
      freeram: 45242220544
      sharedram: 35028992
      bufferram: 107642880
      totalswap: 0
      freeswap: 0
      pagesize: 4096
      cpus: 8
      cpus-online: 8
      ticks-per-second: 100

metrics:
    - stressor: cpu
      bogo-ops: 242603
      bogo-ops-per-second-usr-sys-time: 1519.396133
      bogo-ops-per-second-real-time: 12130.088309
      wall-clock-time: 20.000102
      user-time: 159.657677
      system-time: 0.012994
      cpu-usage-per-instance: 99.793662
      max-rss: 1192

...
