---
system-info:
      stress-ng-version: 0.17.08
      run-by: root
      date-yyyy-mm-dd: 2024:06:09
      time-hh-mm-ss: 11:56:27
      epoch-secs: 1717934187
      hostname: 4a2d88fd35f9
      sysname: Linux
      nodename: 4a2d88fd35f9
      release: 6.8.0-1008-aws
      version: '#8-Ubuntu SMP Sat Apr 20 00:46:25 UTC 2024'
      machine: x86_64
      compiler: 'musl-gcc 13.2.1'
      uptime: 213
      totalram: 15974264832
      freeram: 11514638336
      sharedram: 48492544
      bufferram: 109871104
      totalswap: 0
      freeswap: 0
      pagesize: 4096
      cpus: 2
      cpus-online: 2
      ticks-per-second: 100

metrics:
    - stressor: cpu
      bogo-ops: 11517
      bogo-ops-per-second-usr-sys-time: 1151.936032
      bogo-ops-per-second-real-time: 1151.477024
      wall-clock-time: 10.001936
      user-time: 9.997951
      system-time: 0.000000
      cpu-usage-per-instance: 99.960153
      max-rss: 3920

...
