---
system-info:
      stress-ng-version: 0.17.08
      run-by: root
      date-yyyy-mm-dd: 2024:06:15
      time-hh-mm-ss: 14:41:58
      epoch-secs: 1718462518
      hostname: 65e35fe62227
      sysname: Linux
      nodename: 65e35fe62227
      release: 6.8.0-1008-aws
      version: '#8-Ubuntu SMP Sat Apr 20 00:46:25 UTC 2024'
      machine: x86_64
      compiler: 'musl-gcc 13.2.1'
      uptime: 225
      totalram: 15974268928
      freeram: 11642454016
      sharedram: 48492544
      bufferram: 112521216
      totalswap: 0
      freeswap: 0
      pagesize: 4096
      cpus: 2
      cpus-online: 2
      ticks-per-second: 100

metrics:
    - stressor: cpu
      bogo-ops: 17463
      bogo-ops-per-second-usr-sys-time: 873.428100
      bogo-ops-per-second-real-time: 873.143973
      wall-clock-time: 20.000138
      user-time: 19.993632
      system-time: 0.000000
      cpu-usage-per-instance: 99.967470
      max-rss: 976

...
