BaselineInfo:
  WebDBID: -1
  TimeStamp: 20260611123839
Version:
  Major: 11
  Minor: 0
  Build: 1004
  SpecialBuildName: ""
  ptArchitecture: aarch64_linux
Results:
  Results Complete: true
  NumTestProcesses: 8
  CPU_INTEGER_MATH: 49032.079333333335
  CPU_FLOATINGPOINT_MATH: 61273.943889231246
  CPU_PRIME: 167.93977536814037
  CPU_SORTING: 43268.642648010624
  CPU_ENCRYPTION: 2358.8251481819848
  CPU_COMPRESSION: 74784.034202582276
  CPU_SINGLETHREAD: 2467.1313090495605
  CPU_PHYSICS: 3364.1666006316932
  CPU_MATRIX_MULT_SSE: 10799.043283470128
  CPU_mm: 1073.5508968507036
  CPU_sse: 8586.1879688153876
  CPU_fma: 13011.898598124866
  CPU_avx: 0
  CPU_avx512: 0
  m_CPU_enc_SHA: 3951555665.8426161
  m_CPU_enc_AES: 1107977897.5702262
  m_CPU_enc_ECDSA: 2360688752.3273764
  ME_ALLOC_S: 15780.121690277159
  ME_READ_S: 24887.233593749999
  ME_READ_L: 24694.572265625
  ME_WRITE: 25037.8359375
  ME_LARGE: 23299.916666666668
  ME_LATENCY: 26.781873942670689
  ME_THREADED: 172338.76171875
  SUMM_CPU: 10892.389929318517
  SUMM_ME: 4334.734365170003
SystemInformation:
  OSName: Ubuntu 24.04.4 LTS
  Kernel: 6.17.0-1017-aws
  Device: ""
  Processor: ARM Neoverse-V3 8 Core 0 MHz
  NumSockets: 1
  Manufacturer: ARM
  NumCores: 8
  NumLogicals: 8
  CPUFrequency: 0
  CPUMaxFrequency: 0
  Memory: 31455
Checksum: 533CB73DE60B5495674C6CD8C60299B52EDD705A