---
system-info:
      stress-ng-version: 0.17.08
      run-by: root
      date-yyyy-mm-dd: 2024:06:07
      time-hh-mm-ss: 20:32:39
      epoch-secs: 1717792359
      hostname: 1a685480c8f9
      sysname: Linux
      nodename: 1a685480c8f9
      release: 6.8.0-31-generic
      version: '#31-Ubuntu SMP PREEMPT_DYNAMIC Sat Apr 20 02:32:42 UTC 2024'
      machine: aarch64
      compiler: 'musl-gcc 13.2.1'
      uptime: 84
      totalram: 3990425600
      freeram: 575479808
      sharedram: 6737920
      bufferram: 82829312
      totalswap: 0
      freeswap: 0
      pagesize: 4096
      cpus: 2
      cpus-online: 2
      ticks-per-second: 100

metrics:
    - stressor: cpu
      bogo-ops: 3522
      bogo-ops-per-second-usr-sys-time: 352.531627
      bogo-ops-per-second-real-time: 352.066394
      wall-clock-time: 10.003795
      user-time: 9.989594
      system-time: 0.000999
      cpu-usage-per-instance: 99.868031
      max-rss: 4008

...
