---
system-info:
      stress-ng-version: 0.17.08
      run-by: root
      date-yyyy-mm-dd: 2024:06:14
      time-hh-mm-ss: 22:02:18
      epoch-secs: 1718402538
      hostname: 636533b854d8
      sysname: Linux
      nodename: 636533b854d8
      release: 6.8.0-31-generic
      version: '#31-Ubuntu SMP PREEMPT_DYNAMIC Sat Apr 20 02:32:42 UTC 2024'
      machine: aarch64
      compiler: 'musl-gcc 13.2.1'
      uptime: 98
      totalram: 3990425600
      freeram: 544817152
      sharedram: 6729728
      bufferram: 99254272
      totalswap: 0
      freeswap: 0
      pagesize: 4096
      cpus: 2
      cpus-online: 2
      ticks-per-second: 100

metrics:
    - stressor: cpu
      bogo-ops: 35889
      bogo-ops-per-second-usr-sys-time: 1794.971260
      bogo-ops-per-second-real-time: 1794.441871
      wall-clock-time: 20.000091
      user-time: 19.992193
      system-time: 0.001999
      cpu-usage-per-instance: 99.970507
      max-rss: 1320

...
