---
system-info:
      stress-ng-version: 0.17.08
      run-by: root
      date-yyyy-mm-dd: 2024:06:19
      time-hh-mm-ss: 13:45:13
      epoch-secs: 1718804713
      hostname: c5e9f873355c
      sysname: Linux
      nodename: c5e9f873355c
      release: 6.8.0-1008-gcp
      version: '#9-Ubuntu SMP Wed May 22 18:09:04 UTC 2024'
      machine: x86_64
      compiler: 'musl-gcc 13.2.1'
      uptime: 159
      totalram: 16767369216
      freeram: 11782455296
      sharedram: 34975744
      bufferram: 127492096
      totalswap: 0
      freeswap: 0
      pagesize: 4096
      cpus: 4
      cpus-online: 4
      ticks-per-second: 100

metrics:
    - stressor: cpu
      bogo-ops: 57889
      bogo-ops-per-second-usr-sys-time: 2894.485602
      bogo-ops-per-second-real-time: 2894.445445
      wall-clock-time: 20.000031
      user-time: 19.999754
      system-time: 0.000000
      cpu-usage-per-instance: 99.998613
      max-rss: 976

...
