---
system-info:
      stress-ng-version: 0.17.08
      run-by: root
      date-yyyy-mm-dd: 2024:07:09
      time-hh-mm-ss: 17:33:00
      epoch-secs: 1720546380
      hostname: ip-172-31-0-138
      sysname: Linux
      nodename: ip-172-31-0-138
      release: 6.8.0-1009-aws
      version: '#9-Ubuntu SMP Fri May 17 20:15:49 UTC 2024'
      machine: aarch64
      compiler: 'musl-gcc 13.2.1'
      uptime: 175
      totalram: 66201067520
      freeram: 61010677760
      sharedram: 39260160
      bufferram: 134676480
      totalswap: 0
      freeswap: 0
      pagesize: 4096
      cpus: 8
      cpus-online: 8
      ticks-per-second: 100

metrics:
    - stressor: cpu
      bogo-ops: 34147
      bogo-ops-per-second-usr-sys-time: 1707.304159
      bogo-ops-per-second-real-time: 1707.348636
      wall-clock-time: 20.000016
      user-time: 20.000537
      system-time: 0.000000
      cpu-usage-per-instance: 100.002605
      max-rss: 1192

...
