size_kb,operation,bandwidth_mb_s,latency_ns,latency_stddev_ns,latency_samples,threads,iterations,elapsed_s
32,read,4114651.91,0,0,0,96,495049,0.360941
32,write,2361314.94,0,0,0,96,426621,0.542013
32,copy,2001973.30,0,0,0,96,162654,0.243741
32,latency,0,1.32,0.04,7,1,7,0.191475
128,read,3939261.93,0,0,0,96,132555,0.403796
128,write,2358455.27,0,0,0,96,98619,0.501781
128,copy,2013679.77,0,0,0,96,78369,0.467020
128,latency,0,3.62,0.01,7,1,7,0.580566
1024,read,1703369.71,0,0,0,96,17535,0.988253
1024,write,1411125.00,0,0,0,96,12343,0.839704
1024,copy,297754.00,0,0,0,96,5565,1.794233
1024,latency,0,6.56,0.01,7,1,7,0.659182
2048,read,562872.18,0,0,0,96,3837,1.308830
2048,write,373840.16,0,0,0,96,4215,2.164775
2048,copy,134777.22,0,0,0,96,1519,2.163927
2048,latency,0,10.58,0.06,7,1,7,0.591718
4096,read,389386.46,0,0,0,96,902,0.889522
4096,write,228920.22,0,0,0,96,1108,1.858604
4096,copy,78307.95,0,0,0,96,466,2.285132
4096,latency,0,23.92,0.01,7,1,7,0.685136
32768,read,230072.76,0,0,0,96,79,1.054832
32768,write,175909.21,0,0,0,96,93,1.624111
32768,copy,68659.88,0,0,0,96,48,2.147630
32768,latency,0,34.81,0.00,7,1,7,0.789411
65536,read,227367.70,0,0,0,96,44,1.188982
65536,write,173160.37,0,0,0,96,46,1.632152
65536,copy,68024.22,0,0,0,96,26,2.348340
65536,latency,0,36.10,0.12,7,1,7,1.635932
131072,read,226373.04,0,0,0,96,22,1.194206
131072,write,171871.05,0,0,0,96,23,1.644396
131072,copy,67697.45,0,0,0,96,13,2.359675
131072,latency,0,66.87,0.31,7,1,7,5.872423
262144,read,225547.11,0,0,0,96,11,1.198579
262144,write,168115.24,0,0,0,96,11,1.608040
262144,copy,67653.85,0,0,0,96,6,2.179565
262144,latency,0,103.62,0.03,7,1,7,17.938124
524288,read,219504.85,0,0,0,96,5,1.119611
524288,write,164389.02,0,0,0,96,5,1.494990
524288,copy,60184.22,0,0,0,48,3,1.225039
524288,latency,0,117.72,0.03,7,1,7,40.792481
