---
system-info:
      stress-ng-version: 0.17.08
      run-by: root
      date-yyyy-mm-dd: 2024:07:12
      time-hh-mm-ss: 03:54:14
      epoch-secs: 1720756454
      hostname: ip-172-31-12-43
      sysname: Linux
      nodename: ip-172-31-12-43
      release: 6.8.0-1010-aws
      version: '#10-Ubuntu SMP Thu Jun 13 17:36:15 UTC 2024'
      machine: x86_64
      compiler: 'musl-gcc 13.2.1'
      uptime: 197
      totalram: 269170245632
      freeram: 263820050432
      sharedram: 59871232
      bufferram: 137629696
      totalswap: 0
      freeswap: 0
      pagesize: 4096
      cpus: 8
      cpus-online: 8
      ticks-per-second: 100

metrics:
    - stressor: cpu
      bogo-ops: 37813
      bogo-ops-per-second-usr-sys-time: 1890.622302
      bogo-ops-per-second-real-time: 1890.644275
      wall-clock-time: 20.000061
      user-time: 20.000293
      system-time: 0.000000
      cpu-usage-per-instance: 100.001162
      max-rss: 1104

...
