---
system-info:
      stress-ng-version: 0.17.08
      run-by: root
      date-yyyy-mm-dd: 2024:09:16
      time-hh-mm-ss: 16:17:38
      epoch-secs: 1726503458
      hostname: sc-runner
      sysname: Linux
      nodename: sc-runner
      release: 6.8.0-1014-azure
      version: '#16-Ubuntu SMP Thu Aug 15 20:04:41 UTC 2024'
      machine: x86_64
      compiler: 'musl-gcc 13.2.1'
      uptime: 380
      totalram: 58968420352
      freeram: 48771481600
      sharedram: 42184704
      bufferram: 243879936
      totalswap: 0
      freeswap: 0
      pagesize: 4096
      cpus: 8
      cpus-online: 8
      ticks-per-second: 100

metrics:
    - stressor: cpu
      bogo-ops: 20710
      bogo-ops-per-second-usr-sys-time: 1035.584141
      bogo-ops-per-second-real-time: 1035.490828
      wall-clock-time: 20.000177
      user-time: 19.997375
      system-time: 0.001000
      cpu-usage-per-instance: 99.990989
      max-rss: 3152

...
