---
system-info:
      stress-ng-version: 0.17.08
      run-by: root
      date-yyyy-mm-dd: 2024:09:03
      time-hh-mm-ss: 17:57:16
      epoch-secs: 1725386236
      hostname: sc-runner
      sysname: Linux
      nodename: sc-runner
      release: 6.8.0-1013-azure
      version: '#15-Ubuntu SMP Thu Aug  8 18:40:40 UTC 2024'
      machine: x86_64
      compiler: 'musl-gcc 13.2.1'
      uptime: 411
      totalram: 58968432640
      freeram: 50305257472
      sharedram: 57126912
      bufferram: 228900864
      totalswap: 0
      freeswap: 0
      pagesize: 4096
      cpus: 8
      cpus-online: 8
      ticks-per-second: 100

metrics:
    - stressor: cpu
      bogo-ops: 16449
      bogo-ops-per-second-usr-sys-time: 822.459499
      bogo-ops-per-second-real-time: 822.447843
      wall-clock-time: 20.000052
      user-time: 19.997766
      system-time: 0.002003
      cpu-usage-per-instance: 99.998583
      max-rss: 3024

...
