---
system-info:
      stress-ng-version: 0.17.08
      run-by: root
      date-yyyy-mm-dd: 2024:06:07
      time-hh-mm-ss: 17:22:26
      epoch-secs: 1717780946
      hostname: 9928be7a1e0b
      sysname: Linux
      nodename: 9928be7a1e0b
      release: 6.8.0-1008-aws
      version: '#8-Ubuntu SMP Sat Apr 20 00:46:25 UTC 2024'
      machine: x86_64
      compiler: 'musl-gcc 13.2.1'
      uptime: 151
      totalram: 168949768192
      freeram: 164063080448
      sharedram: 64581632
      bufferram: 93007872
      totalswap: 0
      freeswap: 0
      pagesize: 4096
      cpus: 40
      cpus-online: 40
      ticks-per-second: 100

metrics:
    - stressor: cpu
      bogo-ops: 383188
      bogo-ops-per-second-usr-sys-time: 958.735819
      bogo-ops-per-second-real-time: 38311.750496
      wall-clock-time: 10.001840
      user-time: 399.634717
      system-time: 0.045771
      cpu-usage-per-instance: 99.901740
      max-rss: 3860

...
