---
system-info:
      stress-ng-version: 0.17.08
      run-by: root
      date-yyyy-mm-dd: 2024:06:14
      time-hh-mm-ss: 16:43:36
      epoch-secs: 1718383416
      hostname: 8670161ca5ed
      sysname: Linux
      nodename: 8670161ca5ed
      release: 6.8.0-1008-aws
      version: '#8-Ubuntu SMP Sat Apr 20 00:46:25 UTC 2024'
      machine: x86_64
      compiler: 'musl-gcc 13.2.1'
      uptime: 135
      totalram: 168949780480
      freeram: 164011401216
      sharedram: 64581632
      bufferram: 108347392
      totalswap: 0
      freeswap: 0
      pagesize: 4096
      cpus: 40
      cpus-online: 40
      ticks-per-second: 100

metrics:
    - stressor: cpu
      bogo-ops: 642067
      bogo-ops-per-second-usr-sys-time: 803.061156
      bogo-ops-per-second-real-time: 32103.143849
      wall-clock-time: 20.000128
      user-time: 799.510396
      system-time: 0.014018
      cpu-usage-per-instance: 99.939910
      max-rss: 980

...
