BaselineInfo:
  WebDBID: -1
  TimeStamp: 20251007033433
Version:
  Major: 11
  Minor: 0
  Build: 1002
  SpecialBuildName: ""
  ptArchitecture: x86_64_linux
Results:
  Results Complete: true
  NumTestProcesses: 192
  CPU_INTEGER_MATH: 989681.56700000016
  CPU_FLOATINGPOINT_MATH: 716724.95171073254
  CPU_PRIME: 1610.9206388042448
  CPU_SORTING: 449985.87910281477
  CPU_ENCRYPTION: 206277.71872200741
  CPU_COMPRESSION: 3508900.6603555996
  CPU_SINGLETHREAD: 3259.1711517781837
  CPU_PHYSICS: 27573.801953828603
  CPU_MATRIX_MULT_SSE: 236988.71958073394
  CPU_mm: 26749.49770392137
  CPU_sse: 109452.08175954083
  CPU_fma: 276478.31830507208
  CPU_avx: 222614.70411133356
  CPU_avx512: 339409.77414698974
  m_CPU_enc_SHA: 225842599312.21811
  m_CPU_enc_AES: 281355684623.18066
  m_CPU_enc_ECDSA: 141695311624.54434
  ME_ALLOC_S: 36429.955435695578
  ME_READ_S: 28525.682421875001
  ME_READ_L: 17858.98046875
  ME_WRITE: 11897.552734375
  ME_LARGE: 366085.33333333331
  ME_LATENCY: 65.200502764079943
  ME_THREADED: 740060.875
  SUMM_CPU: 143522.81544931547
  SUMM_ME: 2859.1281409805624
SystemInformation:
  OSName: Ubuntu 24.04.2 LTS
  Kernel: 6.14.0-1014-aws
  Device: ""
  Processor: Intel Xeon 6975P-C
  NumSockets: 1
  Manufacturer: GenuineIntel
  NumCores: 96
  NumLogicals: 192
  CPUFrequency: 0
  Memory: 380743
  MemModuleInfo:
    iNumMemSticks: 3
    DIMM 1:
      manufacturer: Not Specified
      modulePartNo: Not Specified
      memType: DDR5
      size: 128
      clkspeed: 3600
      moduleVoltage: 0
    DIMM 2:
      manufacturer: Not Specified
      modulePartNo: Not Specified
      memType: DDR5
      size: 128
      clkspeed: 3600
      moduleVoltage: 0
    DIMM 3:
      manufacturer: Not Specified
      modulePartNo: Not Specified
      memType: DDR5
      size: 128
      clkspeed: 3600
      moduleVoltage: 0
Checksum: CA9BEC6B79005D70E87B0BBEC80F783C819DE31A