BaselineInfo:
  WebDBID: -1
  TimeStamp: 20260619200324
Version:
  Major: 11
  Minor: 0
  Build: 1004
  SpecialBuildName: ""
  ptArchitecture: x86_64_linux
Results:
  Results Complete: true
  NumTestProcesses: 8
  CPU_INTEGER_MATH: 44028.283333333333
  CPU_FLOATINGPOINT_MATH: 31162.696581204349
  CPU_PRIME: 95.275709790714203
  CPU_SORTING: 22807.41526682063
  CPU_ENCRYPTION: 9810.4685960931838
  CPU_COMPRESSION: 176725.15082170902
  CPU_SINGLETHREAD: 3509.1585651138789
  CPU_PHYSICS: 2053.4311987344922
  CPU_MATRIX_MULT_SSE: 11516.097739649824
  CPU_mm: 1186.6310305290176
  CPU_sse: 5299.6717344799163
  CPU_fma: 13629.873404095506
  CPU_avx: 10590.207678089273
  CPU_avx512: 16544.638141934596
  m_CPU_enc_SHA: 10364702878.033072
  m_CPU_enc_AES: 13549197574.245527
  m_CPU_enc_ECDSA: 6947165303.5724173
  ME_ALLOC_S: 4477.4053385145671
  ME_READ_S: 30759.974023437499
  ME_READ_L: 21652.189453125
  ME_WRITE: 8351.33984375
  ME_LARGE: 7770.833333333333
  ME_LATENCY: 77.008831746781667
  ME_THREADED: 101519.978515625
  SUMM_CPU: 16576.353035504424
  SUMM_ME: 2216.2257628629695
SystemInformation:
  OSName: Ubuntu 24.04.4 LTS
  Kernel: 6.17.0-1018-azure
  Device: ""
  Processor: Intel(R) Xeon(R) 6973P-C
  NumSockets: 1
  Manufacturer: GenuineIntel
  NumCores: 4
  NumLogicals: 8
  CPUFrequency: 2600
  CPUMaxFrequency: 2600
  Memory: 15987
  CPUInfo:
    number: 1
    Family: 6
    Model: 13
    stepping: 1
    features: 529267711
    manufacture: GenuineIntel
    typestring: Intel(R) Xeon(R) 6973P-C
    iCoresPerPackage: 4
    iThreadsPerPackage: 2
    featuresEx:
      - 529267711
      - 4294586915
      - 739248128
    bHybrid: false
    nPCore: 0
    nLogicalsPerPCore: 0
    nECore: 0
    nLogicalsPerECore: 0
  MemModuleInfo:
    iNumMemSticks: 2
    DIMM 1:
      manufacturer: Microsoft Corporation
      modulePartNo: None
      memType: Unknown
      size: 1
      clkspeed: 0
      moduleVoltage: 0
    DIMM 2:
      manufacturer: Microsoft Corporation
      modulePartNo: None
      memType: Unknown
      size: 15
      clkspeed: 0
      moduleVoltage: 0
Checksum: 47F4C17512985B0B1B17D2DE98CC1AF11F1AE7AC