---
system-info:
      stress-ng-version: 0.17.08
      run-by: root
      date-yyyy-mm-dd: 2024:09:23
      time-hh-mm-ss: 22:57:48
      epoch-secs: 1727132268
      hostname: c4-highcpu-48-c63fa19
      sysname: Linux
      nodename: c4-highcpu-48-c63fa19
      release: 6.8.0-1014-gcp
      version: '#16-Ubuntu SMP Mon Aug 26 15:55:46 UTC 2024'
      machine: x86_64
      compiler: 'musl-gcc 13.2.1'
      uptime: 230
      totalram: 101229846528
      freeram: 90485653504
      sharedram: 274767872
      bufferram: 253005824
      totalswap: 0
      freeswap: 0
      pagesize: 4096
      cpus: 48
      cpus-online: 48
      ticks-per-second: 100

metrics:
    - stressor: cpu
      bogo-ops: 39783
      bogo-ops-per-second-usr-sys-time: 1989.150398
      bogo-ops-per-second-real-time: 1989.148198
      wall-clock-time: 20.000018
      user-time: 19.999996
      system-time: 0.000000
      cpu-usage-per-instance: 99.999889
      max-rss: 768

...
