---
system-info:
      stress-ng-version: 0.17.08
      run-by: root
      date-yyyy-mm-dd: 2024:09:20
      time-hh-mm-ss: 12:35:41
      epoch-secs: 1726835741
      hostname: sc-runner
      sysname: Linux
      nodename: sc-runner
      release: 6.8.0-1014-azure
      version: '#16-Ubuntu SMP Thu Aug 15 20:04:41 UTC 2024'
      machine: x86_64
      compiler: 'musl-gcc 13.2.1'
      uptime: 346
      totalram: 33652326400
      freeram: 23457894400
      sharedram: 38105088
      bufferram: 254279680
      totalswap: 0
      freeswap: 0
      pagesize: 4096
      cpus: 4
      cpus-online: 4
      ticks-per-second: 100

metrics:
    - stressor: cpu
      bogo-ops: 54047
      bogo-ops-per-second-usr-sys-time: 2702.375132
      bogo-ops-per-second-real-time: 2702.345297
      wall-clock-time: 20.000035
      user-time: 19.999814
      system-time: 0.000000
      cpu-usage-per-instance: 99.998896
      max-rss: 1104

...
