---
system-info:
      stress-ng-version: 0.17.08
      run-by: root
      date-yyyy-mm-dd: 2024:09:20
      time-hh-mm-ss: 20:39:11
      epoch-secs: 1726864751
      hostname: sc-runner
      sysname: Linux
      nodename: sc-runner
      release: 6.8.0-1014-azure
      version: '#16-Ubuntu SMP Thu Aug 15 20:04:41 UTC 2024'
      machine: x86_64
      compiler: 'musl-gcc 13.2.1'
      uptime: 534
      totalram: 67425538048
      freeram: 57373335552
      sharedram: 38100992
      bufferram: 251899904
      totalswap: 0
      freeswap: 0
      pagesize: 4096
      cpus: 2
      cpus-online: 2
      ticks-per-second: 100

metrics:
    - stressor: cpu
      bogo-ops: 53832
      bogo-ops-per-second-usr-sys-time: 1359.425556
      bogo-ops-per-second-real-time: 2691.596358
      wall-clock-time: 20.000027
      user-time: 39.580118
      system-time: 0.018961
      cpu-usage-per-instance: 98.997564
      max-rss: 3252

...
