---
system-info:
      stress-ng-version: 0.17.08
      run-by: root
      date-yyyy-mm-dd: 2024:09:03
      time-hh-mm-ss: 07:38:45
      epoch-secs: 1725349125
      hostname: sc-runner
      sysname: Linux
      nodename: sc-runner
      release: 6.8.0-1013-azure
      version: '#15-Ubuntu SMP Thu Aug  8 18:40:40 UTC 2024'
      machine: x86_64
      compiler: 'musl-gcc 13.2.1'
      uptime: 360
      totalram: 16764653568
      freeram: 8201293824
      sharedram: 42057728
      bufferram: 212553728
      totalswap: 0
      freeswap: 0
      pagesize: 4096
      cpus: 8
      cpus-online: 8
      ticks-per-second: 100

metrics:
    - stressor: cpu
      bogo-ops: 28248
      bogo-ops-per-second-usr-sys-time: 1412.452402
      bogo-ops-per-second-real-time: 1412.394309
      wall-clock-time: 20.000081
      user-time: 19.997259
      system-time: 0.001999
      cpu-usage-per-instance: 99.995887
      max-rss: 3152

...
