---
system-info:
      stress-ng-version: 0.17.08
      run-by: root
      date-yyyy-mm-dd: 2024:09:12
      time-hh-mm-ss: 22:10:43
      epoch-secs: 1726179043
      hostname: ip-172-31-10-151
      sysname: Linux
      nodename: ip-172-31-10-151
      release: 6.8.0-1014-aws
      version: '#15-Ubuntu SMP Thu Aug  8 19:13:06 UTC 2024'
      machine: x86_64
      compiler: 'musl-gcc 13.2.1'
      uptime: 400
      totalram: 4311980388352
      freeram: 4298686914560
      sharedram: 117039104
      bufferram: 225103872
      totalswap: 0
      freeswap: 0
      pagesize: 4096
      cpus: 128
      cpus-online: 128
      ticks-per-second: 100

metrics:
    - stressor: cpu
      bogo-ops: 37723
      bogo-ops-per-second-usr-sys-time: 1886.130384
      bogo-ops-per-second-real-time: 1886.144626
      wall-clock-time: 20.000057
      user-time: 20.000208
      system-time: 0.000000
      cpu-usage-per-instance: 100.000755
      max-rss: 0

...
