---
system-info:
      stress-ng-version: 0.17.08
      run-by: root
      date-yyyy-mm-dd: 2024:07:09
      time-hh-mm-ss: 20:24:32
      epoch-secs: 1720556672
      hostname: c3-standard-192-metal-938010c
      sysname: Linux
      nodename: c3-standard-192-metal-938010c
      release: 6.8.0-1009-gcp
      version: '#10-Ubuntu SMP Wed Jun 12 18:52:23 UTC 2024'
      machine: x86_64
      compiler: 'musl-gcc 13.2.1'
      uptime: 299
      totalram: 811393134592
      freeram: 801855229952
      sharedram: 445456384
      bufferram: 132993024
      totalswap: 0
      freeswap: 0
      pagesize: 4096
      cpus: 192
      cpus-online: 192
      ticks-per-second: 100

metrics:
    - stressor: cpu
      bogo-ops: 3160505
      bogo-ops-per-second-usr-sys-time: 823.278921
      bogo-ops-per-second-real-time: 158024.712292
      wall-clock-time: 20.000068
      user-time: 3838.872790
      system-time: 0.050958
      cpu-usage-per-instance: 99.971632
      max-rss: 0

...
