---
system-info:
      stress-ng-version: 0.17.08
      run-by: root
      date-yyyy-mm-dd: 2024:06:13
      time-hh-mm-ss: 13:41:15
      epoch-secs: 1718286075
      hostname: dde6a08f2624
      sysname: Linux
      nodename: dde6a08f2624
      release: 6.8.0-1008-aws
      version: '#8-Ubuntu SMP Sat Apr 20 02:43:14 UTC 2024'
      machine: aarch64
      compiler: 'musl-gcc 13.2.1'
      uptime: 124
      totalram: 269703237632
      freeram: 264618893312
      sharedram: 36618240
      bufferram: 105070592
      totalswap: 0
      freeswap: 0
      pagesize: 4096
      cpus: 64
      cpus-online: 64
      ticks-per-second: 100

metrics:
    - stressor: cpu
      bogo-ops: 1944036
      bogo-ops-per-second-usr-sys-time: 1519.344104
      bogo-ops-per-second-real-time: 97201.479230
      wall-clock-time: 20.000066
      user-time: 1279.504205
      system-time: 0.018975
      cpu-usage-per-instance: 99.962419
      max-rss: 512

...
