---
system-info:
      stress-ng-version: 0.17.08
      run-by: root
      date-yyyy-mm-dd: 2024:06:07
      time-hh-mm-ss: 22:54:56
      epoch-secs: 1717800896
      hostname: 877660ddf0b0
      sysname: Linux
      nodename: 877660ddf0b0
      release: 6.8.0-1008-aws
      version: '#8-Ubuntu SMP Sat Apr 20 02:43:14 UTC 2024'
      machine: aarch64
      compiler: 'musl-gcc 13.2.1'
      uptime: 117
      totalram: 269703237632
      freeram: 264511696896
      sharedram: 36618240
      bufferram: 93425664
      totalswap: 0
      freeswap: 0
      pagesize: 4096
      cpus: 64
      cpus-online: 64
      ticks-per-second: 100

metrics:
    - stressor: cpu
      bogo-ops: 188150
      bogo-ops-per-second-usr-sys-time: 293.174680
      bogo-ops-per-second-real-time: 18751.816966
      wall-clock-time: 10.033694
      user-time: 641.704605
      system-time: 0.062959
      cpu-usage-per-instance: 99.939442
      max-rss: 3584

...
