BaselineInfo:
  WebDBID: -1
  TimeStamp: 20260612130110
Version:
  Major: 11
  Minor: 0
  Build: 1004
  SpecialBuildName: ""
  ptArchitecture: x86_64_linux
Results:
  Results Complete: true
  NumTestProcesses: 4
  CPU_INTEGER_MATH: 25510.654999999999
  CPU_FLOATINGPOINT_MATH: 15540.969692123486
  CPU_PRIME: 67.313965226924552
  CPU_SORTING: 12565.634408352431
  CPU_ENCRYPTION: 5147.7440057759577
  CPU_COMPRESSION: 96809.065550585947
  CPU_SINGLETHREAD: 3636.3794328290364
  CPU_PHYSICS: 1285.0742950963343
  CPU_MATRIX_MULT_SSE: 7683.78809007578
  CPU_mm: 738.95809958875998
  CPU_sse: 2756.4937533576863
  CPU_fma: 8372.6115000846912
  CPU_avx: 8259.0409701506433
  CPU_avx512: 11347.006136710097
  m_CPU_enc_SHA: 6432329060.0784531
  m_CPU_enc_AES: 5265889526.4958076
  m_CPU_enc_ECDSA: 4495183869.2273312
  ME_ALLOC_S: 2785.5534848345324
  ME_READ_S: 32546.071484374999
  ME_READ_L: 30703.857421875
  ME_WRITE: 31559.91796875
  ME_LARGE: 7815.333333333333
  ME_LATENCY: 84.582182040493834
  ME_THREADED: 67956.13671875
  SUMM_CPU: 9633.4476679661384
  SUMM_ME: 2339.9475980340007
SystemInformation:
  OSName: Ubuntu 24.04.4 LTS
  Kernel: 6.8.0-124-generic
  Device: ""
  Processor: AMD EPYC-Turin Processor
  NumSockets: 1
  Manufacturer: AuthenticAMD
  NumCores: 2
  NumLogicals: 4
  CPUFrequency: 0
  CPUMaxFrequency: 0
  Memory: 15986
  CPUInfo:
    number: 1
    Family: 15
    Model: 0
    stepping: 0
    features: 395049983
    manufacture: AuthenticAMD
    typestring: AMD EPYC-Turin Processor
    iCoresPerPackage: 2
    iThreadsPerPackage: 2
    featuresEx:
      - 395049983
      - 4277809667
      - 802421759
    bHybrid: false
    nPCore: 0
    nLogicalsPerPCore: 0
    nECore: 0
    nLogicalsPerECore: 0
  MemModuleInfo:
    iNumMemSticks: 1
    DIMM 1:
      manufacturer: QEMU
      modulePartNo: Not Specified
      memType: RAM
      size: 16
      clkspeed: 0
      moduleVoltage: 0
Checksum: 9E8B6C4BE7F105C5BB3512126F23D8B21BFDAF79