BaselineInfo:
  WebDBID: -1
  TimeStamp: 20241107085926
Version:
  Major: 11
  Minor: 0
  Build: 1002
  SpecialBuildName: ""
  ptArchitecture: aarch64_linux
Results:
  Results Complete: true
  NumTestProcesses: 4
  CPU_INTEGER_MATH: 18862.404333333332
  CPU_FLOATINGPOINT_MATH: 14364.83091051683
  CPU_PRIME: 36.689173187234992
  CPU_SORTING: 13686.639480180218
  CPU_ENCRYPTION: 652.89210049361054
  CPU_COMPRESSION: 21940.489639719533
  CPU_SINGLETHREAD: 1333.3407183235327
  CPU_PHYSICS: 757.3872519429533
  CPU_MATRIX_MULT_SSE: 2974.5550117759285
  CPU_mm: 498.5149621448835
  CPU_sse: 2479.6385922777545
  CPU_fma: 3469.4714312741025
  CPU_avx: 0
  CPU_avx512: 0
  m_CPU_enc_SHA: 982631618.64099658
  m_CPU_enc_AES: 452909459.34934229
  m_CPU_enc_ECDSA: 618279883.51122546
  ME_ALLOC_S: 2932.9813290836601
  ME_READ_S: 11380.063671874999
  ME_READ_L: 8756.45703125
  ME_WRITE: 15042.5107421875
  ME_LARGE: 22048.666666666668
  ME_LATENCY: 70.163529040497522
  ME_THREADED: 33973.9814453125
  SUMM_CPU: 3220.4182832881379
  SUMM_ME: 1771.8954784579741
SystemInformation:
  OSName: Ubuntu 24.04.1 LTS
  Kernel: 6.8.0-1017-azure
  Device: ""
  Processor: ARM Neoverse-N1 4 Core 0 MHz
  NumSockets: 1
  Manufacturer: ARM
  NumCores: 4
  NumLogicals: 4
  CPUFrequency: 0
  Memory: 32030
Checksum: E961A9AD842E9CBB924E65BFFEB272D2423B8413