---
system-info:
      stress-ng-version: 0.17.08
      run-by: root
      date-yyyy-mm-dd: 2024:06:19
      time-hh-mm-ss: 16:13:59
      epoch-secs: 1718813639
      hostname: 5e96abf35be0
      sysname: Linux
      nodename: 5e96abf35be0
      release: 6.8.0-1008-gcp
      version: '#9-Ubuntu SMP Wed May 22 18:09:04 UTC 2024'
      machine: x86_64
      compiler: 'musl-gcc 13.2.1'
      uptime: 158
      totalram: 4103733248
      freeram: 173875200
      sharedram: 34963456
      bufferram: 119701504
      totalswap: 0
      freeswap: 0
      pagesize: 4096
      cpus: 1
      cpus-online: 1
      ticks-per-second: 100

metrics:
    - stressor: cpu
      bogo-ops: 53268
      bogo-ops-per-second-usr-sys-time: 2691.409091
      bogo-ops-per-second-real-time: 2663.388030
      wall-clock-time: 20.000090
      user-time: 19.788883
      system-time: 0.002980
      cpu-usage-per-instance: 98.958870
      max-rss: 1104

...
