BaselineInfo:
  WebDBID: -1
  TimeStamp: 20260123052033
Version:
  Major: 11
  Minor: 0
  Build: 1004
  SpecialBuildName: ""
  ptArchitecture: aarch64_linux
Results:
  Results Complete: true
  NumTestProcesses: 192
  CPU_INTEGER_MATH: 962729.68300000008
  CPU_FLOATINGPOINT_MATH: 1118555.6012939385
  CPU_PRIME: 1736.4823099239147
  CPU_SORTING: 833870.13757217699
  CPU_ENCRYPTION: 34716.302093149141
  CPU_COMPRESSION: 1225503.6712699342
  CPU_SINGLETHREAD: 1865.1358277476877
  CPU_PHYSICS: 40879.628275640403
  CPU_MATRIX_MULT_SSE: 140140.32538934474
  CPU_mm: 20941.681910901425
  CPU_sse: 110901.221242397
  CPU_fma: 169379.42953629265
  CPU_avx: 0
  CPU_avx512: 0
  m_CPU_enc_SHA: 54491402108.043129
  m_CPU_enc_AES: 19800495685.868454
  m_CPU_enc_ECDSA: 34916145756.966194
  ME_ALLOC_S: 47131.961569198589
  ME_READ_S: 20228.595117187499
  ME_READ_L: 18673.984375
  ME_WRITE: 20500.0078125
  ME_LARGE: 1502701.4166666667
  ME_LATENCY: 45.980687274626582
  ME_THREADED: 1036322.8204345703
  SUMM_CPU: 77560.893241645885
  SUMM_ME: 3354.2437760178814
SystemInformation:
  OSName: Ubuntu 24.04.3 LTS
  Kernel: 6.14.0-1018-aws
  Device: ""
  Processor: ARM Neoverse-V2 192 Core 0 MHz
  NumSockets: 2
  Manufacturer: ARM
  NumCores: 192
  NumLogicals: 192
  CPUFrequency: 0
  CPUMaxFrequency: 0
  Memory: 1520774
Checksum: B39FF32DBDFEF914BEBE05031451FD141332DC57