---
system-info:
      stress-ng-version: 0.17.08
      run-by: root
      date-yyyy-mm-dd: 2024:09:17
      time-hh-mm-ss: 11:12:14
      epoch-secs: 1726571534
      hostname: sc-runner
      sysname: Linux
      nodename: sc-runner
      release: 6.8.0-1014-azure
      version: '#16-Ubuntu SMP Thu Aug 15 20:04:41 UTC 2024'
      machine: x86_64
      compiler: 'musl-gcc 13.2.1'
      uptime: 295
      totalram: 405734891520
      freeram: 394107285504
      sharedram: 105631744
      bufferram: 248111104
      totalswap: 0
      freeswap: 0
      pagesize: 4096
      cpus: 48
      cpus-online: 48
      ticks-per-second: 100

metrics:
    - stressor: cpu
      bogo-ops: 932197
      bogo-ops-per-second-usr-sys-time: 971.476764
      bogo-ops-per-second-real-time: 46609.690372
      wall-clock-time: 20.000068
      user-time: 959.530982
      system-time: 0.035973
      cpu-usage-per-instance: 99.954549
      max-rss: 3200

...
