BaselineInfo:
  WebDBID: -1
  TimeStamp: 20260622032402
Version:
  Major: 11
  Minor: 0
  Build: 1004
  SpecialBuildName: ""
  ptArchitecture: x86_64_linux
Results:
  Results Complete: true
  NumTestProcesses: 128
  CPU_INTEGER_MATH: 688171.902
  CPU_FLOATINGPOINT_MATH: 498877.58395276719
  CPU_PRIME: 1464.4342271696389
  CPU_SORTING: 348465.85241615103
  CPU_ENCRYPTION: 151489.43576887177
  CPU_COMPRESSION: 2659401.5393516053
  CPU_SINGLETHREAD: 3533.1000428055731
  CPU_PHYSICS: 24616.569736002009
  CPU_MATRIX_MULT_SSE: 183565.34294600092
  CPU_mm: 19139.320785891108
  CPU_sse: 83391.812922288518
  CPU_fma: 218233.78438152853
  CPU_avx: 164899.73388027414
  CPU_avx512: 267736.04059991287
  m_CPU_enc_SHA: 160773753718.09576
  m_CPU_enc_AES: 210421401218.79089
  m_CPU_enc_ECDSA: 105349404865.45505
  ME_ALLOC_S: 33918.486672707157
  ME_READ_S: 30641.482031250001
  ME_READ_L: 23439.169921875
  ME_WRITE: 8637.95703125
  ME_LARGE: 1018746.5833333334
  ME_LATENCY: 69.618257838366233
  ME_THREADED: 700934.28955078125
  SUMM_CPU: 132394.1982776958
  SUMM_ME: 2755.2711838838973
SystemInformation:
  OSName: Ubuntu 24.04.4 LTS
  Kernel: 6.17.0-1018-azure
  Device: ""
  Processor: Intel(R) Xeon(R) 6973P-C
  NumSockets: 1
  Manufacturer: GenuineIntel
  NumCores: 64
  NumLogicals: 128
  CPUFrequency: 2600
  CPUMaxFrequency: 2600
  Memory: 1032030
  CPUInfo:
    number: 1
    Family: 6
    Model: 13
    stepping: 1
    features: 529267711
    manufacture: GenuineIntel
    typestring: Intel(R) Xeon(R) 6973P-C
    iCoresPerPackage: 64
    iThreadsPerPackage: 2
    featuresEx:
      - 529267711
      - 4294586915
      - 739248128
    bHybrid: false
    nPCore: 0
    nLogicalsPerPCore: 0
    nECore: 0
    nLogicalsPerECore: 0
  MemModuleInfo:
    iNumMemSticks: 6
    DIMM 1:
      manufacturer: Microsoft Corporation
      modulePartNo: None
      memType: Unknown
      size: 1
      clkspeed: 0
      moduleVoltage: 0
    DIMM 2:
      manufacturer: Microsoft Corporation
      modulePartNo: None
      memType: Unknown
      size: 59
      clkspeed: 0
      moduleVoltage: 0
    DIMM 3:
      manufacturer: Microsoft Corporation
      modulePartNo: None
      memType: Unknown
      size: 196
      clkspeed: 0
      moduleVoltage: 0
    DIMM 4:
      manufacturer: Microsoft Corporation
      modulePartNo: None
      memType: Unknown
      size: 256
      clkspeed: 0
      moduleVoltage: 0
    DIMM 5:
      manufacturer: Microsoft Corporation
      modulePartNo: None
      memType: Unknown
      size: 256
      clkspeed: 0
      moduleVoltage: 0
    DIMM 6:
      manufacturer: Microsoft Corporation
      modulePartNo: None
      memType: Unknown
      size: 256
      clkspeed: 0
      moduleVoltage: 0
Checksum: F93E01CFAF55E9D58E731C6AAB218FAC57B5F55A