BaselineInfo:
  WebDBID: -1
  TimeStamp: 20260404190621
Version:
  Major: 11
  Minor: 0
  Build: 1004
  SpecialBuildName: ""
  ptArchitecture: x86_64_linux
Results:
  Results Complete: true
  NumTestProcesses: 32
  CPU_INTEGER_MATH: 93656.739000000001
  CPU_FLOATINGPOINT_MATH: 50264.897030691907
  CPU_PRIME: 137.72800371038909
  CPU_SORTING: 56859.768337950307
  CPU_ENCRYPTION: 12949.270681211305
  CPU_COMPRESSION: 431674.35311363795
  CPU_SINGLETHREAD: 1966.460260512795
  CPU_PHYSICS: 2347.4702013475626
  CPU_MATRIX_MULT_SSE: 26091.48919293725
  CPU_mm: 2852.6369034359805
  CPU_sse: 10115.741234984438
  CPU_fma: 31521.02967652979
  CPU_avx: 22275.57759201802
  CPU_avx512: 40453.608268216754
  m_CPU_enc_SHA: 4230447867.6120167
  m_CPU_enc_AES: 32674290371.44381
  m_CPU_enc_ECDSA: 3830145122.4096498
  ME_ALLOC_S: 10860.369769226409
  ME_READ_S: 22645.932421875001
  ME_READ_L: 10004.7705078125
  ME_WRITE: 9834.2763671875
  ME_LARGE: 47932.916666666664
  ME_LATENCY: 53.000584948919141
  ME_THREADED: 109476.90771484375
  SUMM_CPU: 27163.242258633822
  SUMM_ME: 2535.6301212200119
SystemInformation:
  OSName: Ubuntu 24.04.4 LTS
  Kernel: 6.8.0-106-generic
  Device: ""
  Processor: Intel(R) Xeon(R) Platinum
  NumSockets: 1
  Manufacturer: GenuineIntel
  NumCores: 16
  NumLogicals: 32
  CPUFrequency: 0
  CPUMaxFrequency: 0
  Memory: 61860
  CPUInfo:
    number: 1
    Family: 6
    Model: 5
    stepping: 4
    features: 529267711
    manufacture: GenuineIntel
    typestring: Intel(R) Xeon(R) Platinum
    iCoresPerPackage: 16
    iThreadsPerPackage: 2
    featuresEx:
      - 529267711
      - 4294586883
      - 739248128
    bHybrid: false
    nPCore: 0
    nLogicalsPerPCore: 0
    nECore: 0
    nLogicalsPerECore: 0
  MemModuleInfo:
    iNumMemSticks: 4
    DIMM 1:
      manufacturer: Alibaba Cloud
      modulePartNo: Not Specified
      memType: RAM
      size: 16
      clkspeed: 0
      moduleVoltage: 0
    DIMM 2:
      manufacturer: Alibaba Cloud
      modulePartNo: Not Specified
      memType: RAM
      size: 16
      clkspeed: 0
      moduleVoltage: 0
    DIMM 3:
      manufacturer: Alibaba Cloud
      modulePartNo: Not Specified
      memType: RAM
      size: 16
      clkspeed: 0
      moduleVoltage: 0
    DIMM 4:
      manufacturer: Alibaba Cloud
      modulePartNo: Not Specified
      memType: RAM
      size: 16
      clkspeed: 0
      moduleVoltage: 0
Checksum: 02B5975B92E26CDB3211E6D26E5AA75B85887D7D