BaselineInfo:
  WebDBID: -1
  TimeStamp: 20241126045016
Version:
  Major: 11
  Minor: 0
  Build: 1002
  SpecialBuildName: ""
  ptArchitecture: x86_64_linux
Results:
  Results Complete: true
  NumTestProcesses: 64
  CPU_INTEGER_MATH: 304035.58466666675
  CPU_FLOATINGPOINT_MATH: 169934.55858140773
  CPU_PRIME: 480.20028536504367
  CPU_SORTING: 178710.08195823705
  CPU_ENCRYPTION: 77161.642182544238
  CPU_COMPRESSION: 1231672.0685278354
  CPU_SINGLETHREAD: 2904.2568774131719
  CPU_PHYSICS: 8369.7087117818864
  CPU_MATRIX_MULT_SSE: 81695.532045163491
  CPU_mm: 8133.6302204119065
  CPU_sse: 35564.468081404382
  CPU_fma: 101638.07519916017
  CPU_avx: 85640.579434296713
  CPU_avx512: 103939.00546579272
  m_CPU_enc_SHA: 107945934369.13516
  m_CPU_enc_AES: 73267217110.810577
  m_CPU_enc_ECDSA: 61516386859.664833
  ME_ALLOC_S: 29445.646508677361
  ME_READ_S: 27901.3037109375
  ME_READ_L: 27590.400390625
  ME_WRITE: 26805.32421875
  ME_LARGE: 116254
  ME_LATENCY: 75.958797450327097
  ME_THREADED: 182692.4853515625
  SUMM_CPU: 75747.710363432911
  SUMM_ME: 2859.3619655243806
SystemInformation:
  OSName: Ubuntu 24.04.1 LTS
  Kernel: 6.8.0-1017-azure
  Device: ""
  Processor: AMD EPYC 9V74 80-Core Processor
  NumSockets: 1
  Manufacturer: AuthenticAMD
  NumCores: 32
  NumLogicals: 64
  CPUFrequency: 0
  Memory: 128790
  MemModuleInfo:
    iNumMemSticks: 3
    DIMM 1:
      manufacturer: Microsoft Corporation
      modulePartNo: None
      memType: Unknown
      size: 1
      clkspeed: 0
      moduleVoltage: 0
    DIMM 2:
      manufacturer: Microsoft Corporation
      modulePartNo: None
      memType: Unknown
      size: 59
      clkspeed: 0
      moduleVoltage: 0
    DIMM 3:
      manufacturer: Microsoft Corporation
      modulePartNo: None
      memType: Unknown
      size: 68
      clkspeed: 0
      moduleVoltage: 0
Checksum: C985095E266D5B1E48ADC0AA8AD7E8634629D169