BaselineInfo:
  WebDBID: -1
  TimeStamp: 20260620181400
Version:
  Major: 11
  Minor: 0
  Build: 1004
  SpecialBuildName: ""
  ptArchitecture: x86_64_linux
Results:
  Results Complete: true
  NumTestProcesses: 48
  CPU_INTEGER_MATH: 348326.63899999997
  CPU_FLOATINGPOINT_MATH: 340748.77668308996
  CPU_PRIME: 1173.6523088081481
  CPU_SORTING: 185473.78272038911
  CPU_ENCRYPTION: 71838.92589601106
  CPU_COMPRESSION: 1377578.7974232475
  CPU_SINGLETHREAD: 3616.3343482048408
  CPU_PHYSICS: 15552.292030222221
  CPU_MATRIX_MULT_SSE: 119656.78339623283
  CPU_mm: 14032.844091365705
  CPU_sse: 43841.190454440293
  CPU_fma: 160949.94610316446
  CPU_avx: 89033.666466045557
  CPU_avx512: 184802.33056128101
  m_CPU_enc_SHA: 100647429425.49425
  m_CPU_enc_AES: 63246351734.637428
  m_CPU_enc_ECDSA: 62091939520.875412
  ME_ALLOC_S: 37405.337755177163
  ME_READ_S: 31980.101171875001
  ME_READ_L: 28490.537109375
  ME_WRITE: 30049.5703125
  ME_LARGE: 86861.5
  ME_LATENCY: 80.689567225867108
  ME_THREADED: 404301.201171875
  SUMM_CPU: 96241.448585537917
  SUMM_ME: 2861.8988619858833
SystemInformation:
  OSName: Ubuntu 24.04.4 LTS
  Kernel: 6.17.0-1018-azure
  Device: ""
  Processor: "AMD EPYC 9V45 96-Core Processor                "
  NumSockets: 1
  Manufacturer: AuthenticAMD
  NumCores: 48
  NumLogicals: 48
  CPUFrequency: 0
  CPUMaxFrequency: 0
  Memory: 96540
  CPUInfo:
    number: 1
    Family: 15
    Model: 2
    stepping: 1
    features: 395049983
    manufacture: AuthenticAMD
    typestring: "AMD EPYC 9V45 96-Core Processor                "
    iCoresPerPackage: 64
    iThreadsPerPackage: 1
    featuresEx:
      - 395049983
      - 4277809667
      - 802421759
    bHybrid: false
    nPCore: 0
    nLogicalsPerPCore: 0
    nECore: 0
    nLogicalsPerECore: 0
  MemModuleInfo:
    iNumMemSticks: 3
    DIMM 1:
      manufacturer: Microsoft Corporation
      modulePartNo: None
      memType: Unknown
      size: 1
      clkspeed: 0
      moduleVoltage: 0
    DIMM 2:
      manufacturer: Microsoft Corporation
      modulePartNo: None
      memType: Unknown
      size: 59
      clkspeed: 0
      moduleVoltage: 0
    DIMM 3:
      manufacturer: Microsoft Corporation
      modulePartNo: None
      memType: Unknown
      size: 36
      clkspeed: 0
      moduleVoltage: 0
Checksum: 1AA6572B2AA9CAB39CA4D48EF3F42A96779AEF7F