---
system-info:
      stress-ng-version: 0.17.08
      run-by: root
      date-yyyy-mm-dd: 2024:07:12
      time-hh-mm-ss: 09:40:28
      epoch-secs: 1720777228
      hostname: ip-172-31-5-233
      sysname: Linux
      nodename: ip-172-31-5-233
      release: 6.8.0-1010-aws
      version: '#10-Ubuntu SMP Thu Jun 13 17:36:15 UTC 2024'
      machine: x86_64
      compiler: 'musl-gcc 13.2.1'
      uptime: 230
      totalram: 515633995776
      freeram: 506843197440
      sharedram: 96309248
      bufferram: 131231744
      totalswap: 0
      freeswap: 0
      pagesize: 4096
      cpus: 64
      cpus-online: 64
      ticks-per-second: 100

metrics:
    - stressor: cpu
      bogo-ops: 654268
      bogo-ops-per-second-usr-sys-time: 511.461267
      bogo-ops-per-second-real-time: 32713.055547
      wall-clock-time: 20.000211
      user-time: 1279.193223
      system-time: 0.019969
      cpu-usage-per-instance: 99.937478
      max-rss: 512

...
