---
system-info:
      stress-ng-version: 0.17.08
      run-by: root
      date-yyyy-mm-dd: 2024:06:08
      time-hh-mm-ss: 17:55:27
      epoch-secs: 1717869327
      hostname: 8097a268980f
      sysname: Linux
      nodename: 8097a268980f
      release: 6.8.0-1008-aws
      version: '#8-Ubuntu SMP Sat Apr 20 00:46:25 UTC 2024'
      machine: x86_64
      compiler: 'musl-gcc 13.2.1'
      uptime: 108
      totalram: 8158904320
      freeram: 3765030912
      sharedram: 59867136
      bufferram: 104001536
      totalswap: 0
      freeswap: 0
      pagesize: 4096
      cpus: 2
      cpus-online: 2
      ticks-per-second: 100

metrics:
    - stressor: cpu
      bogo-ops: 24575
      bogo-ops-per-second-usr-sys-time: 1239.315599
      bogo-ops-per-second-real-time: 2456.749615
      wall-clock-time: 10.003054
      user-time: 19.824517
      system-time: 0.004976
      cpu-usage-per-instance: 99.117191
      max-rss: 4176

...
