---
system-info:
      stress-ng-version: 0.17.08
      run-by: root
      date-yyyy-mm-dd: 2024:06:15
      time-hh-mm-ss: 02:20:40
      epoch-secs: 1718418040
      hostname: 6de1507359b9
      sysname: Linux
      nodename: 6de1507359b9
      release: 6.8.0-1008-aws
      version: '#8-Ubuntu SMP Sat Apr 20 00:46:25 UTC 2024'
      machine: x86_64
      compiler: 'musl-gcc 13.2.1'
      uptime: 113
      totalram: 8158904320
      freeram: 3817111552
      sharedram: 59867136
      bufferram: 108314624
      totalswap: 0
      freeswap: 0
      pagesize: 4096
      cpus: 2
      cpus-online: 2
      ticks-per-second: 100

metrics:
    - stressor: cpu
      bogo-ops: 38382
      bogo-ops-per-second-usr-sys-time: 968.552086
      bogo-ops-per-second-real-time: 1919.095161
      wall-clock-time: 20.000050
      user-time: 39.624244
      system-time: 0.003981
      cpu-usage-per-instance: 99.070313
      max-rss: 1104

...
