---
system-info:
      stress-ng-version: 0.17.08
      run-by: root
      date-yyyy-mm-dd: 2024:09:24
      time-hh-mm-ss: 03:48:57
      epoch-secs: 1727149737
      hostname: sc-runner
      sysname: Linux
      nodename: sc-runner
      release: 6.8.0-1014-azure
      version: '#16-Ubuntu SMP Thu Aug 15 20:04:41 UTC 2024'
      machine: x86_64
      compiler: 'musl-gcc 13.2.1'
      uptime: 281
      totalram: 135059619840
      freeram: 124141830144
      sharedram: 55177216
      bufferram: 293236736
      totalswap: 0
      freeswap: 0
      pagesize: 4096
      cpus: 32
      cpus-online: 32
      ticks-per-second: 100

metrics:
    - stressor: cpu
      bogo-ops: 621152
      bogo-ops-per-second-usr-sys-time: 971.058896
      bogo-ops-per-second-real-time: 31057.468150
      wall-clock-time: 20.000085
      user-time: 639.647605
      system-time: 0.016995
      cpu-usage-per-instance: 99.947169
      max-rss: 1032

...
