---
system-info:
      stress-ng-version: 0.17.08
      run-by: root
      date-yyyy-mm-dd: 2024:09:16
      time-hh-mm-ss: 14:01:39
      epoch-secs: 1726495299
      hostname: sc-runner
      sysname: Linux
      nodename: sc-runner
      release: 6.8.0-1014-azure
      version: '#16-Ubuntu SMP Thu Aug 15 20:04:41 UTC 2024'
      machine: x86_64
      compiler: 'musl-gcc 13.2.1'
      uptime: 301
      totalram: 50510589952
      freeram: 40323514368
      sharedram: 42119168
      bufferram: 229543936
      totalswap: 0
      freeswap: 0
      pagesize: 4096
      cpus: 12
      cpus-online: 12
      ticks-per-second: 100

metrics:
    - stressor: cpu
      bogo-ops: 298780
      bogo-ops-per-second-usr-sys-time: 1246.760766
      bogo-ops-per-second-real-time: 14938.934672
      wall-clock-time: 20.000087
      user-time: 239.609030
      system-time: 0.035983
      cpu-usage-per-instance: 99.851652
      max-rss: 3152

...
