---
system-info:
      stress-ng-version: 0.17.08
      run-by: root
      date-yyyy-mm-dd: 2024:09:03
      time-hh-mm-ss: 14:02:41
      epoch-secs: 1725372161
      hostname: sc-runner
      sysname: Linux
      nodename: sc-runner
      release: 6.8.0-1013-azure
      version: '#15-Ubuntu SMP Thu Aug  8 18:40:40 UTC 2024'
      machine: x86_64
      compiler: 'musl-gcc 13.2.1'
      uptime: 333
      totalram: 50510589952
      freeram: 41872789504
      sharedram: 42123264
      bufferram: 215027712
      totalswap: 0
      freeswap: 0
      pagesize: 4096
      cpus: 12
      cpus-online: 12
      ticks-per-second: 100

metrics:
    - stressor: cpu
      bogo-ops: 297588
      bogo-ops-per-second-usr-sys-time: 1243.965297
      bogo-ops-per-second-real-time: 14879.339899
      wall-clock-time: 20.000081
      user-time: 239.193329
      system-time: 0.031994
      cpu-usage-per-instance: 99.676815
      max-rss: 3256

...
