BaselineInfo:
  WebDBID: -1
  TimeStamp: 20241126133251
Version:
  Major: 11
  Minor: 0
  Build: 1002
  SpecialBuildName: ""
  ptArchitecture: x86_64_linux
Results:
  Results Complete: true
  NumTestProcesses: 64
  CPU_INTEGER_MATH: 304034.09366666665
  CPU_FLOATINGPOINT_MATH: 170076.17594771218
  CPU_PRIME: 479.20109524819651
  CPU_SORTING: 177433.59228996417
  CPU_ENCRYPTION: 77211.654679150175
  CPU_COMPRESSION: 1234117.3766677629
  CPU_SINGLETHREAD: 2906.4184505618923
  CPU_PHYSICS: 8773.5202306936753
  CPU_MATRIX_MULT_SSE: 83002.320036326841
  CPU_mm: 8141.7075410238403
  CPU_sse: 35911.720983429652
  CPU_fma: 103786.59240784947
  CPU_avx: 86847.728165302513
  CPU_avx512: 105463.23858872577
  m_CPU_enc_SHA: 107961086493.20688
  m_CPU_enc_AES: 73275198633.370117
  m_CPU_enc_ECDSA: 61650578923.956833
  ME_ALLOC_S: 29534.578167471474
  ME_READ_S: 27892.749609375001
  ME_READ_L: 27556.865234375
  ME_WRITE: 26852.6015625
  ME_LARGE: 245045.83333333334
  ME_LATENCY: 77.461157529454781
  ME_THREADED: 184378.953125
  SUMM_CPU: 75969.026950910862
  SUMM_ME: 2835.5777752248487
SystemInformation:
  OSName: Ubuntu 24.04.1 LTS
  Kernel: 6.8.0-1017-azure
  Device: ""
  Processor: AMD EPYC 9V74 80-Core Processor
  NumSockets: 1
  Manufacturer: AuthenticAMD
  NumCores: 32
  NumLogicals: 64
  CPUFrequency: 0
  Memory: 257718
  MemModuleInfo:
    iNumMemSticks: 3
    DIMM 1:
      manufacturer: Microsoft Corporation
      modulePartNo: None
      memType: Unknown
      size: 1
      clkspeed: 0
      moduleVoltage: 0
    DIMM 2:
      manufacturer: Microsoft Corporation
      modulePartNo: None
      memType: Unknown
      size: 59
      clkspeed: 0
      moduleVoltage: 0
    DIMM 3:
      manufacturer: Microsoft Corporation
      modulePartNo: None
      memType: Unknown
      size: 196
      clkspeed: 0
      moduleVoltage: 0
Checksum: 6476855DC2C37793BA7DE8A2E2AA6811EA436B3B