BaselineInfo:
  WebDBID: -1
  TimeStamp: 20241106231857
Version:
  Major: 11
  Minor: 0
  Build: 1002
  SpecialBuildName: ""
  ptArchitecture: x86_64_linux
Results:
  Results Complete: true
  NumTestProcesses: 8
  CPU_INTEGER_MATH: 33637.930333333337
  CPU_FLOATINGPOINT_MATH: 17196.69161132861
  CPU_PRIME: 74.88401968354124
  CPU_SORTING: 17639.011546403031
  CPU_ENCRYPTION: 7312.5810254280195
  CPU_COMPRESSION: 124467.46418277611
  CPU_SINGLETHREAD: 2393.5638137025126
  CPU_PHYSICS: 1389.3356210731968
  CPU_MATRIX_MULT_SSE: 7021.4502194448178
  CPU_mm: 724.49850353096372
  CPU_sse: 3191.445142635695
  CPU_fma: 8759.2158429772699
  CPU_avx: 6472.565103697104
  CPU_avx512: 9662.5747884692009
  m_CPU_enc_SHA: 7379967593.74543
  m_CPU_enc_AES: 11107751110.880856
  m_CPU_enc_ECDSA: 4515672179.3313494
  ME_ALLOC_S: 4102.8685700236401
  ME_READ_S: 24434.392578125
  ME_READ_L: 12285.0263671875
  ME_WRITE: 10837.552734375
  ME_LARGE: 5977.583333333333
  ME_LATENCY: 52.853243448140155
  ME_THREADED: 55546.5673828125
  SUMM_CPU: 11401.585083754106
  SUMM_ME: 2305.75551000715
SystemInformation:
  OSName: Ubuntu 24.04.1 LTS
  Kernel: 6.8.0-1017-azure
  Device: ""
  Processor: Intel Xeon Platinum 8370C CPU @ 2.80GHz
  NumSockets: 1
  Manufacturer: GenuineIntel
  NumCores: 4
  NumLogicals: 8
  CPUFrequency: 2800
  Memory: 15987
  MemModuleInfo:
    iNumMemSticks: 2
    DIMM 1:
      manufacturer: Microsoft Corporation
      modulePartNo: None
      memType: Unknown
      size: 1
      clkspeed: 0
      moduleVoltage: 0
    DIMM 2:
      manufacturer: Microsoft Corporation
      modulePartNo: None
      memType: Unknown
      size: 15
      clkspeed: 0
      moduleVoltage: 0
Checksum: 73906D19BCB93E21AB44DDD29484BA1B8E7FA964