BaselineInfo:
  WebDBID: -1
  TimeStamp: 20241115110350
Version:
  Major: 11
  Minor: 0
  Build: 1002
  SpecialBuildName: ""
  ptArchitecture: x86_64_linux
Results:
  Results Complete: true
  NumTestProcesses: 8
  CPU_INTEGER_MATH: 33634.995666666662
  CPU_FLOATINGPOINT_MATH: 17193.306132859281
  CPU_PRIME: 73.889742279803812
  CPU_SORTING: 17502.337474764819
  CPU_ENCRYPTION: 7311.0080062600136
  CPU_COMPRESSION: 123978.8902243035
  CPU_SINGLETHREAD: 2430.2182279782141
  CPU_PHYSICS: 1371.3099999879589
  CPU_MATRIX_MULT_SSE: 7036.9364393577425
  CPU_mm: 723.38218340545052
  CPU_sse: 3161.3456419801723
  CPU_fma: 8745.8300947714561
  CPU_avx: 6464.3101713184942
  CPU_avx512: 9776.2598493608493
  m_CPU_enc_SHA: 7379749857.0668602
  m_CPU_enc_AES: 11106169362.813374
  m_CPU_enc_ECDSA: 4512523373.6360626
  ME_ALLOC_S: 4096.6312331906092
  ME_READ_S: 23323.6083984375
  ME_READ_L: 11836.28515625
  ME_WRITE: 10678.869140625
  ME_LARGE: 6904.333333333333
  ME_LATENCY: 51.11865919965954
  ME_THREADED: 54175.69384765625
  SUMM_CPU: 11387.877516045948
  SUMM_ME: 2332.4945030096101
SystemInformation:
  OSName: Ubuntu 24.04.1 LTS
  Kernel: 6.8.0-1017-azure
  Device: ""
  Processor: Intel Xeon Platinum 8370C CPU @ 2.80GHz
  NumSockets: 1
  Manufacturer: GenuineIntel
  NumCores: 4
  NumLogicals: 8
  CPUFrequency: 2800
  Memory: 15987
  MemModuleInfo:
    iNumMemSticks: 2
    DIMM 1:
      manufacturer: Microsoft Corporation
      modulePartNo: None
      memType: Unknown
      size: 1
      clkspeed: 0
      moduleVoltage: 0
    DIMM 2:
      manufacturer: Microsoft Corporation
      modulePartNo: None
      memType: Unknown
      size: 15
      clkspeed: 0
      moduleVoltage: 0
Checksum: 03332B984ADBFA0577FD2752DCD981B4755A9435