BaselineInfo:
  WebDBID: -1
  TimeStamp: 20241114180123
Version:
  Major: 11
  Minor: 0
  Build: 1002
  SpecialBuildName: ""
  ptArchitecture: x86_64_linux
Results:
  Results Complete: true
  NumTestProcesses: 8
  CPU_INTEGER_MATH: 33610.453333333331
  CPU_FLOATINGPOINT_MATH: 17185.844828392532
  CPU_PRIME: 73.980032245746514
  CPU_SORTING: 17570.291786009337
  CPU_ENCRYPTION: 7316.2635513843425
  CPU_COMPRESSION: 125338.30210947896
  CPU_SINGLETHREAD: 2431.1687256030145
  CPU_PHYSICS: 1335.1376694330472
  CPU_MATRIX_MULT_SSE: 6959.9804426051851
  CPU_mm: 724.3518723782621
  CPU_sse: 3161.3563524272622
  CPU_fma: 8762.5337636987661
  CPU_avx: 6468.2778237460807
  CPU_avx512: 9447.7538305486305
  m_CPU_enc_SHA: 7381216531.2076015
  m_CPU_enc_AES: 11102612236.719646
  m_CPU_enc_ECDSA: 4531146341.0419149
  ME_ALLOC_S: 4032.4619001893161
  ME_READ_S: 23548.3798828125
  ME_READ_L: 11135.5615234375
  ME_WRITE: 10555.296875
  ME_LARGE: 6914.333333333333
  ME_LATENCY: 52.127276741550759
  ME_THREADED: 54952.54296875
  SUMM_CPU: 11386.535714402466
  SUMM_ME: 2294.6900816380735
SystemInformation:
  OSName: Ubuntu 24.04.1 LTS
  Kernel: 6.8.0-1017-azure
  Device: ""
  Processor: Intel Xeon Platinum 8370C CPU @ 2.80GHz
  NumSockets: 1
  Manufacturer: GenuineIntel
  NumCores: 4
  NumLogicals: 8
  CPUFrequency: 2800
  Memory: 15987
  MemModuleInfo:
    iNumMemSticks: 2
    DIMM 1:
      manufacturer: Microsoft Corporation
      modulePartNo: None
      memType: Unknown
      size: 1
      clkspeed: 0
      moduleVoltage: 0
    DIMM 2:
      manufacturer: Microsoft Corporation
      modulePartNo: None
      memType: Unknown
      size: 15
      clkspeed: 0
      moduleVoltage: 0
Checksum: 23EA8FAB830BEC3AF244D774CE4E184F9DD4D1D7