---
system-info:
      stress-ng-version: 0.17.08
      run-by: root
      date-yyyy-mm-dd: 2024:09:17
      time-hh-mm-ss: 12:02:57
      epoch-secs: 1726574577
      hostname: sc-runner
      sysname: Linux
      nodename: sc-runner
      release: 6.8.0-1014-azure
      version: '#16-Ubuntu SMP Thu Aug 15 20:04:41 UTC 2024'
      machine: x86_64
      compiler: 'musl-gcc 13.2.1'
      uptime: 329
      totalram: 270437851136
      freeram: 258252218368
      sharedram: 105508864
      bufferram: 331476992
      totalswap: 0
      freeswap: 0
      pagesize: 4096
      cpus: 64
      cpus-online: 64
      ticks-per-second: 100

metrics:
    - stressor: cpu
      bogo-ops: 37995
      bogo-ops-per-second-usr-sys-time: 1899.704312
      bogo-ops-per-second-real-time: 1899.743727
      wall-clock-time: 20.000066
      user-time: 19.998482
      system-time: 0.001999
      cpu-usage-per-instance: 100.002075
      max-rss: 2560

...
