BaselineInfo:
  WebDBID: -1
  TimeStamp: 20241108204554
Version:
  Major: 11
  Minor: 0
  Build: 1002
  SpecialBuildName: ""
  ptArchitecture: x86_64_linux
Results:
  Results Complete: true
  NumTestProcesses: 32
  CPU_INTEGER_MATH: 99601.876666666649
  CPU_FLOATINGPOINT_MATH: 53497.402685041794
  CPU_PRIME: 131.49275886465833
  CPU_SORTING: 50641.607704378061
  CPU_ENCRYPTION: 13603.793705325896
  CPU_COMPRESSION: 434928.82528581598
  CPU_SINGLETHREAD: 2018.7177156926814
  CPU_PHYSICS: 2251.9439615246979
  CPU_MATRIX_MULT_SSE: 27145.885257738504
  CPU_mm: 3026.71136324894
  CPU_sse: 10685.438559532437
  CPU_fma: 33121.25697708589
  CPU_avx: 23370.517177971436
  CPU_avx512: 41406.328316364299
  m_CPU_enc_SHA: 4506455942.7451725
  m_CPU_enc_AES: 34248248667.931366
  m_CPU_enc_ECDSA: 4039130154.3908873
  ME_ALLOC_S: 11185.661765461422
  ME_READ_S: 24212.9580078125
  ME_READ_L: 11698.7919921875
  ME_WRITE: 9717.8408203125
  ME_LARGE: 118165.91666666667
  ME_LATENCY: 49.268345671348904
  ME_THREADED: 97856.120849609375
  SUMM_CPU: 27690.266581023876
  SUMM_ME: 2748.9547296871774
SystemInformation:
  OSName: Ubuntu 24.04.1 LTS
  Kernel: 6.8.0-1017-azure
  Device: ""
  Processor: Intel Xeon Platinum 8272CL CPU @ 2.60GHz
  NumSockets: 1
  Manufacturer: GenuineIntel
  NumCores: 16
  NumLogicals: 32
  CPUFrequency: 0
  Memory: 128803
  MemModuleInfo:
    iNumMemSticks: 3
    DIMM 1:
      manufacturer: Microsoft Corporation
      modulePartNo: None
      memType: Unknown
      size: 1
      clkspeed: 0
      moduleVoltage: 0
    DIMM 2:
      manufacturer: Microsoft Corporation
      modulePartNo: None
      memType: Unknown
      size: 60928
      clkspeed: 0
      moduleVoltage: 0
    DIMM 3:
      manufacturer: Microsoft Corporation
      modulePartNo: None
      memType: Unknown
      size: 69120
      clkspeed: 0
      moduleVoltage: 0
Checksum: 92E3477161B1555AD0FE931FCB663E9E1DCAC99C