BaselineInfo:
  WebDBID: -1
  TimeStamp: 20241107164316
Version:
  Major: 11
  Minor: 0
  Build: 1002
  SpecialBuildName: ""
  ptArchitecture: x86_64_linux
Results:
  Results Complete: true
  NumTestProcesses: 4
  CPU_INTEGER_MATH: 9506.0243333333328
  CPU_FLOATINGPOINT_MATH: 5445.1874585384721
  CPU_PRIME: 26.605623678831673
  CPU_SORTING: 6336.1245239984573
  CPU_ENCRYPTION: 935.00637390348174
  CPU_COMPRESSION: 43710.340859445379
  CPU_SINGLETHREAD: 1639.0000325316082
  CPU_PHYSICS: 464.94125459334816
  CPU_MATRIX_MULT_SSE: 2085.3531003759549
  CPU_mm: 291.3476587831471
  CPU_sse: 1197.1165769108593
  CPU_fma: 2995.5998076882324
  CPU_avx: 2063.3429165287735
  CPU_avx512: 0
  m_CPU_enc_SHA: 414562731.71185988
  m_CPU_enc_AES: 2145119781.9688287
  m_CPU_enc_ECDSA: 381593216.88596338
  ME_ALLOC_S: 1222.2774511678178
  ME_READ_S: 19496.515039062499
  ME_READ_L: 10170.4580078125
  ME_WRITE: 7197.58251953125
  ME_LARGE: 20645.416666666668
  ME_LATENCY: 54.011978044171094
  ME_THREADED: 23304.02197265625
  SUMM_CPU: 3184.3099413375189
  SUMM_ME: 1935.7567972845145
SystemInformation:
  OSName: Ubuntu 24.04.1 LTS
  Kernel: 6.8.0-1016-aws
  Device: ""
  Processor: Intel Xeon CPU E5-2686 v4 @ 2.30GHz
  NumSockets: 1
  Manufacturer: GenuineIntel
  NumCores: 2
  NumLogicals: 4
  CPUFrequency: 3000
  Memory: 30582
  MemModuleInfo:
    iNumMemSticks: 2
    DIMM 1:
      manufacturer: Not Specified
      modulePartNo: Not Specified
      memType: RAM
      size: 16
      clkspeed: 0
      moduleVoltage: 0
    DIMM 2:
      manufacturer: Not Specified
      modulePartNo: Not Specified
      memType: RAM
      size: 14848
      clkspeed: 0
      moduleVoltage: 0
Checksum: 2B8B2C18BDF28A446FE25BE953772CB1B9E0FE3B