---
system-info:
      stress-ng-version: 0.17.08
      run-by: root
      date-yyyy-mm-dd: 2024:06:07
      time-hh-mm-ss: 21:54:52
      epoch-secs: 1717797292
      hostname: 8a5b1f91ab5c
      sysname: Linux
      nodename: 8a5b1f91ab5c
      release: 6.8.0-1008-aws
      version: '#8-Ubuntu SMP Sat Apr 20 02:43:14 UTC 2024'
      machine: aarch64
      compiler: 'musl-gcc 13.2.1'
      uptime: 132
      totalram: 269703233536
      freeram: 264615088128
      sharedram: 36237312
      bufferram: 94302208
      totalswap: 0
      freeswap: 0
      pagesize: 4096
      cpus: 64
      cpus-online: 64
      ticks-per-second: 100

metrics:
    - stressor: cpu
      bogo-ops: 2940
      bogo-ops-per-second-usr-sys-time: 293.865087
      bogo-ops-per-second-real-time: 293.861277
      wall-clock-time: 10.004721
      user-time: 10.003592
      system-time: 0.000999
      cpu-usage-per-instance: 99.998704
      max-rss: 3584

...
