---
system-info:
      stress-ng-version: 0.17.08
      run-by: root
      date-yyyy-mm-dd: 2024:06:13
      time-hh-mm-ss: 13:04:32
      epoch-secs: 1718283872
      hostname: 80f53f236681
      sysname: Linux
      nodename: 80f53f236681
      release: 6.8.0-1008-aws
      version: '#8-Ubuntu SMP Sat Apr 20 02:43:14 UTC 2024'
      machine: aarch64
      compiler: 'musl-gcc 13.2.1'
      uptime: 151
      totalram: 269703237632
      freeram: 264564162560
      sharedram: 36237312
      bufferram: 106274816
      totalswap: 0
      freeswap: 0
      pagesize: 4096
      cpus: 64
      cpus-online: 64
      ticks-per-second: 100

metrics:
    - stressor: cpu
      bogo-ops: 30459
      bogo-ops-per-second-usr-sys-time: 1522.962641
      bogo-ops-per-second-real-time: 1522.941177
      wall-clock-time: 20.000116
      user-time: 19.999834
      system-time: 0.000000
      cpu-usage-per-instance: 99.998591
      max-rss: 512

...
