---
system-info:
      stress-ng-version: 0.17.08
      run-by: root
      date-yyyy-mm-dd: 2024:06:13
      time-hh-mm-ss: 07:56:05
      epoch-secs: 1718265365
      hostname: 5cc16704b010
      sysname: Linux
      nodename: 5cc16704b010
      release: 6.8.0-1008-aws
      version: '#8-Ubuntu SMP Sat Apr 20 00:46:25 UTC 2024'
      machine: x86_64
      compiler: 'musl-gcc 13.2.1'
      uptime: 159
      totalram: 32067792896
      freeram: 27668766720
      sharedram: 48525312
      bufferram: 106061824
      totalswap: 0
      freeswap: 0
      pagesize: 4096
      cpus: 4
      cpus-online: 4
      ticks-per-second: 100

metrics:
    - stressor: cpu
      bogo-ops: 41579
      bogo-ops-per-second-usr-sys-time: 523.674973
      bogo-ops-per-second-real-time: 2078.921029
      wall-clock-time: 20.000279
      user-time: 79.392495
      system-time: 0.005991
      cpu-usage-per-instance: 99.246724
      max-rss: 1104

...
