---
system-info:
      stress-ng-version: 0.17.08
      run-by: root
      date-yyyy-mm-dd: 2024:06:07
      time-hh-mm-ss: 13:07:17
      epoch-secs: 1717765637
      hostname: 26fd19b45ea0
      sysname: Linux
      nodename: 26fd19b45ea0
      release: 6.8.0-1008-aws
      version: '#8-Ubuntu SMP Sat Apr 20 00:46:25 UTC 2024'
      machine: x86_64
      compiler: 'musl-gcc 13.2.1'
      uptime: 291
      totalram: 32067788800
      freeram: 27794100224
      sharedram: 48525312
      bufferram: 92876800
      totalswap: 0
      freeswap: 0
      pagesize: 4096
      cpus: 4
      cpus-online: 4
      ticks-per-second: 100

metrics:
    - stressor: cpu
      bogo-ops: 32056
      bogo-ops-per-second-usr-sys-time: 806.927209
      bogo-ops-per-second-real-time: 3204.850193
      wall-clock-time: 10.002340
      user-time: 39.713040
      system-time: 0.012972
      cpu-usage-per-instance: 99.291800
      max-rss: 3920

...
