---
system-info:
      stress-ng-version: 0.17.08
      run-by: root
      date-yyyy-mm-dd: 2024:09:19
      time-hh-mm-ss: 01:41:26
      epoch-secs: 1726710086
      hostname: ip-172-31-16-15
      sysname: Linux
      nodename: ip-172-31-16-15
      release: 6.8.0-1014-aws
      version: '#15-Ubuntu SMP Thu Aug  8 20:05:03 UTC 2024'
      machine: aarch64
      compiler: 'musl-gcc 13.2.1'
      uptime: 290
      totalram: 132657352704
      freeram: 122530029568
      sharedram: 39264256
      bufferram: 246243328
      totalswap: 0
      freeswap: 0
      pagesize: 4096
      cpus: 8
      cpus-online: 8
      ticks-per-second: 100

metrics:
    - stressor: cpu
      bogo-ops: 34149
      bogo-ops-per-second-usr-sys-time: 1707.392461
      bogo-ops-per-second-real-time: 1707.442937
      wall-clock-time: 20.000083
      user-time: 20.000674
      system-time: 0.000000
      cpu-usage-per-instance: 100.002956
      max-rss: 1192

...
