---
system-info:
      stress-ng-version: 0.17.08
      run-by: root
      date-yyyy-mm-dd: 2024:06:21
      time-hh-mm-ss: 10:50:42
      epoch-secs: 1718967042
      hostname: 7830d5df7d25
      sysname: Linux
      nodename: 7830d5df7d25
      release: 6.8.0-1008-gcp
      version: '#9-Ubuntu SMP Wed May 22 18:09:04 UTC 2024'
      machine: x86_64
      compiler: 'musl-gcc 13.2.1'
      uptime: 180
      totalram: 67424702464
      freeram: 62313807872
      sharedram: 36040704
      bufferram: 135860224
      totalswap: 0
      freeswap: 0
      pagesize: 4096
      cpus: 8
      cpus-online: 8
      ticks-per-second: 100

metrics:
    - stressor: cpu
      bogo-ops: 28130
      bogo-ops-per-second-usr-sys-time: 1406.630676
      bogo-ops-per-second-real-time: 1406.494501
      wall-clock-time: 20.000078
      user-time: 19.998142
      system-time: 0.000000
      cpu-usage-per-instance: 99.990319
      max-rss: 976

...
