---
system-info:
      stress-ng-version: 0.17.08
      run-by: root
      date-yyyy-mm-dd: 2024:07:02
      time-hh-mm-ss: 08:43:56
      epoch-secs: 1719909836
      hostname: n2d-highcpu-48-5bfe577
      sysname: Linux
      nodename: n2d-highcpu-48-5bfe577
      release: 6.8.0-1009-gcp
      version: '#10-Ubuntu SMP Wed Jun 12 18:52:23 UTC 2024'
      machine: x86_64
      compiler: 'musl-gcc 13.2.1'
      uptime: 163
      totalram: 50496663552
      freeram: 44934488064
      sharedram: 35348480
      bufferram: 126390272
      totalswap: 0
      freeswap: 0
      pagesize: 4096
      cpus: 48
      cpus-online: 48
      ticks-per-second: 100

metrics:
    - stressor: cpu
      bogo-ops: 1296097
      bogo-ops-per-second-usr-sys-time: 1350.805381
      bogo-ops-per-second-real-time: 64804.646245
      wall-clock-time: 20.000063
      user-time: 959.471448
      system-time: 0.027987
      cpu-usage-per-instance: 99.947544
      max-rss: 1152

...
