BaselineInfo:
  WebDBID: -1
  TimeStamp: 20241110143653
Version:
  Major: 11
  Minor: 0
  Build: 1002
  SpecialBuildName: ""
  ptArchitecture: aarch64_linux
Results:
  Results Complete: true
  NumTestProcesses: 192
  CPU_INTEGER_MATH: 962755.26666666672
  CPU_FLOATINGPOINT_MATH: 1119870.7087697664
  CPU_PRIME: 1657.2359315113222
  CPU_SORTING: 832528.38547785708
  CPU_ENCRYPTION: 34598.74481891677
  CPU_COMPRESSION: 1224881.4315326132
  CPU_SINGLETHREAD: 1867.9000982882244
  CPU_PHYSICS: 37258.595443677499
  CPU_MATRIX_MULT_SSE: 140056.77707030208
  CPU_mm: 20982.03180420112
  CPU_sse: 110661.92587278337
  CPU_fma: 169451.62826782066
  CPU_avx: 0
  CPU_avx512: 0
  m_CPU_enc_SHA: 54052452629.378571
  m_CPU_enc_AES: 19808297454.684299
  m_CPU_enc_ECDSA: 34977490257.658516
  ME_ALLOC_S: 46563.286598528692
  ME_READ_S: 20241.034570312499
  ME_READ_L: 18651.25
  ME_WRITE: 20510.041015625
  ME_LARGE: 744052.58333333337
  ME_LATENCY: 48.038908243583414
  ME_THREADED: 1029196.4145507812
  SUMM_CPU: 77482.086343221061
  SUMM_ME: 3284.8753853993662
SystemInformation:
  OSName: Ubuntu 24.04.1 LTS
  Kernel: 6.8.0-1016-aws
  Device: ""
  Processor: ARM Neoverse-V2 192 Core 0 MHz
  NumSockets: 2
  Manufacturer: ARM
  NumCores: 192
  NumLogicals: 192
  CPUFrequency: 0
  Memory: 760309
Checksum: 6BF27F2647F3E6DFF7257B64D1AD0AD3E8FA272C