---
system-info:
      stress-ng-version: 0.17.08
      run-by: root
      date-yyyy-mm-dd: 2024:06:09
      time-hh-mm-ss: 14:18:05
      epoch-secs: 1717942685
      hostname: 71747361d051
      sysname: Linux
      nodename: 71747361d051
      release: 6.8.0-1008-aws
      version: '#8-Ubuntu SMP Sat Apr 20 00:46:25 UTC 2024'
      machine: x86_64
      compiler: 'musl-gcc 13.2.1'
      uptime: 131
      totalram: 401274114048
      freeram: 396501143552
      sharedram: 40910848
      bufferram: 108867584
      totalswap: 0
      freeswap: 0
      pagesize: 4096
      cpus: 48
      cpus-online: 48
      ticks-per-second: 100

metrics:
    - stressor: cpu
      bogo-ops: 14915
      bogo-ops-per-second-usr-sys-time: 1491.132287
      bogo-ops-per-second-real-time: 1491.148642
      wall-clock-time: 10.002356
      user-time: 10.001467
      system-time: 0.000999
      cpu-usage-per-instance: 100.001097
      max-rss: 3840

...
