---
system-info:
      stress-ng-version: 0.17.08
      run-by: root
      date-yyyy-mm-dd: 2024:06:15
      time-hh-mm-ss: 16:42:59
      epoch-secs: 1718469779
      hostname: babe2963ad14
      sysname: Linux
      nodename: babe2963ad14
      release: 6.8.0-1008-aws
      version: '#8-Ubuntu SMP Sat Apr 20 00:46:25 UTC 2024'
      machine: x86_64
      compiler: 'musl-gcc 13.2.1'
      uptime: 152
      totalram: 401274118144
      freeram: 396582780928
      sharedram: 40910848
      bufferram: 110239744
      totalswap: 0
      freeswap: 0
      pagesize: 4096
      cpus: 48
      cpus-online: 48
      ticks-per-second: 100

metrics:
    - stressor: cpu
      bogo-ops: 27556
      bogo-ops-per-second-usr-sys-time: 1377.802756
      bogo-ops-per-second-real-time: 1377.798735
      wall-clock-time: 20.000018
      user-time: 19.999960
      system-time: 0.000000
      cpu-usage-per-instance: 99.999708
      max-rss: 1152

...
