---
system-info:
      stress-ng-version: 0.17.08
      run-by: root
      date-yyyy-mm-dd: 2024:06:13
      time-hh-mm-ss: 11:19:20
      epoch-secs: 1718277560
      hostname: ce83d34108a5
      sysname: Linux
      nodename: ce83d34108a5
      release: 6.8.0-1008-aws
      version: '#8-Ubuntu SMP Sat Apr 20 00:46:25 UTC 2024'
      machine: x86_64
      compiler: 'musl-gcc 13.2.1'
      uptime: 129
      totalram: 32911536128
      freeram: 28522479616
      sharedram: 37900288
      bufferram: 105959424
      totalswap: 0
      freeswap: 0
      pagesize: 4096
      cpus: 8
      cpus-online: 8
      ticks-per-second: 100

metrics:
    - stressor: cpu
      bogo-ops: 134529
      bogo-ops-per-second-usr-sys-time: 843.607380
      bogo-ops-per-second-real-time: 6726.412183
      wall-clock-time: 20.000112
      user-time: 159.446748
      system-time: 0.021985
      cpu-usage-per-instance: 99.667398
      max-rss: 1104

...
