---
system-info:
      stress-ng-version: 0.17.08
      run-by: root
      date-yyyy-mm-dd: 2024:06:07
      time-hh-mm-ss: 20:30:37
      epoch-secs: 1717792237
      hostname: 0153779434a9
      sysname: Linux
      nodename: 0153779434a9
      release: 6.8.0-1008-aws
      version: '#8-Ubuntu SMP Sat Apr 20 00:46:25 UTC 2024'
      machine: x86_64
      compiler: 'musl-gcc 13.2.1'
      uptime: 120
      totalram: 33263853568
      freeram: 28921962496
      sharedram: 40783872
      bufferram: 92745728
      totalswap: 0
      freeswap: 0
      pagesize: 4096
      cpus: 8
      cpus-online: 8
      ticks-per-second: 100

metrics:
    - stressor: cpu
      bogo-ops: 81596
      bogo-ops-per-second-usr-sys-time: 1023.507867
      bogo-ops-per-second-real-time: 8158.660577
      wall-clock-time: 10.001151
      user-time: 79.694934
      system-time: 0.026974
      cpu-usage-per-instance: 99.640912
      max-rss: 4048

...
