BaselineInfo:
  WebDBID: -1
  TimeStamp: 20241109025750
Version:
  Major: 11
  Minor: 0
  Build: 1002
  SpecialBuildName: ""
  ptArchitecture: aarch64_linux
Results:
  Results Complete: true
  NumTestProcesses: 48
  CPU_INTEGER_MATH: 250410.63366666666
  CPU_FLOATINGPOINT_MATH: 291035.04947468796
  CPU_PRIME: 532.9191295720301
  CPU_SORTING: 219481.54079372258
  CPU_ENCRYPTION: 9125.3910102641221
  CPU_COMPRESSION: 319536.7733232539
  CPU_SINGLETHREAD: 1943.0618071907861
  CPU_PHYSICS: 12217.653219656744
  CPU_MATRIX_MULT_SSE: 44143.145289676366
  CPU_mm: 5422.2453132094042
  CPU_sse: 34665.279374731828
  CPU_fma: 53621.011204620896
  CPU_avx: 0
  CPU_avx512: 0
  m_CPU_enc_SHA: 14445509014.806427
  m_CPU_enc_AES: 5154439976.3599501
  m_CPU_enc_ECDSA: 9106049020.7697544
  ME_ALLOC_S: 46463.556035395275
  ME_READ_S: 20457.501171874999
  ME_READ_L: 19437.31640625
  ME_WRITE: 21272.123046875
  ME_LARGE: 82317.583333333328
  ME_LATENCY: 48.587467882877355
  ME_THREADED: 394759.50537109375
  SUMM_CPU: 36113.017227507167
  SUMM_ME: 3250.4879324275153
SystemInformation:
  OSName: Ubuntu 24.04.1 LTS
  Kernel: 6.8.0-1016-aws
  Device: ""
  Processor: ARM Neoverse-V2 48 Core 0 MHz
  NumSockets: 1
  Manufacturer: ARM
  NumCores: 48
  NumLogicals: 48
  CPUFrequency: 0
  Memory: 94812
Checksum: EF2F79756A89FBF76E9DBD7A3D436B7CCC139993