---
system-info:
      stress-ng-version: 0.17.08
      run-by: root
      date-yyyy-mm-dd: 2024:06:08
      time-hh-mm-ss: 20:19:34
      epoch-secs: 1717877974
      hostname: 37cb4777adce
      sysname: Linux
      nodename: 37cb4777adce
      release: 6.8.0-1008-aws
      version: '#8-Ubuntu SMP Sat Apr 20 00:46:25 UTC 2024'
      machine: x86_64
      compiler: 'musl-gcc 13.2.1'
      uptime: 112
      totalram: 808053723136
      freeram: 799764176896
      sharedram: 121589760
      bufferram: 107687936
      totalswap: 0
      freeswap: 0
      pagesize: 4096
      cpus: 192
      cpus-online: 192
      ticks-per-second: 100

metrics:
    - stressor: cpu
      bogo-ops: 3042833
      bogo-ops-per-second-usr-sys-time: 1588.399905
      bogo-ops-per-second-real-time: 304237.381411
      wall-clock-time: 10.001509
      user-time: 1915.466393
      system-time: 0.192875
      cpu-usage-per-instance: 99.758864
      max-rss: 3072

...
