---
system-info:
      stress-ng-version: 0.17.08
      run-by: root
      date-yyyy-mm-dd: 2024:06:15
      time-hh-mm-ss: 04:55:41
      epoch-secs: 1718427341
      hostname: 6ca926d7d5ac
      sysname: Linux
      nodename: 6ca926d7d5ac
      release: 6.8.0-1008-aws
      version: '#8-Ubuntu SMP Sat Apr 20 00:46:25 UTC 2024'
      machine: x86_64
      compiler: 'musl-gcc 13.2.1'
      uptime: 118
      totalram: 808053727232
      freeram: 800114331648
      sharedram: 121581568
      bufferram: 111063040
      totalswap: 0
      freeswap: 0
      pagesize: 4096
      cpus: 192
      cpus-online: 192
      ticks-per-second: 100

metrics:
    - stressor: cpu
      bogo-ops: 11853005
      bogo-ops-per-second-usr-sys-time: 3089.987596
      bogo-ops-per-second-real-time: 592648.597728
      wall-clock-time: 20.000056
      user-time: 3835.875393
      system-time: 0.063954
      cpu-usage-per-instance: 99.893975
      max-rss: 0

...
