---
system-info:
      stress-ng-version: 0.17.08
      run-by: root
      date-yyyy-mm-dd: 2024:06:16
      time-hh-mm-ss: 07:55:29
      epoch-secs: 1718524529
      hostname: 5bdaf5246091
      sysname: Linux
      nodename: 5bdaf5246091
      release: 6.8.0-1008-aws
      version: '#8-Ubuntu SMP Sat Apr 20 00:46:25 UTC 2024'
      machine: x86_64
      compiler: 'musl-gcc 13.2.1'
      uptime: 142
      totalram: 66684051456
      freeram: 62252687360
      sharedram: 29216768
      bufferram: 111456256
      totalswap: 0
      freeswap: 0
      pagesize: 4096
      cpus: 8
      cpus-online: 8
      ticks-per-second: 100

metrics:
    - stressor: cpu
      bogo-ops: 33153
      bogo-ops-per-second-usr-sys-time: 1657.665914
      bogo-ops-per-second-real-time: 1657.643894
      wall-clock-time: 20.000074
      user-time: 19.998808
      system-time: 0.001000
      cpu-usage-per-instance: 99.998672
      max-rss: 1104

...
