---
system-info:
      stress-ng-version: 0.17.08
      run-by: root
      date-yyyy-mm-dd: 2024:06:10
      time-hh-mm-ss: 05:26:04
      epoch-secs: 1717997164
      hostname: c1bc4ff2abcf
      sysname: Linux
      nodename: c1bc4ff2abcf
      release: 6.8.0-1008-aws
      version: '#8-Ubuntu SMP Sat Apr 20 00:46:25 UTC 2024'
      machine: x86_64
      compiler: 'musl-gcc 13.2.1'
      uptime: 116
      totalram: 66684055552
      freeram: 62088540160
      sharedram: 29216768
      bufferram: 114991104
      totalswap: 0
      freeswap: 0
      pagesize: 4096
      cpus: 8
      cpus-online: 8
      ticks-per-second: 100

metrics:
    - stressor: cpu
      bogo-ops: 18006
      bogo-ops-per-second-usr-sys-time: 1800.497372
      bogo-ops-per-second-real-time: 1800.497876
      wall-clock-time: 10.000567
      user-time: 9.997569
      system-time: 0.003001
      cpu-usage-per-instance: 100.000028
      max-rss: 3920

...
