BaselineInfo:
  WebDBID: -1
  TimeStamp: 20250821020609
Version:
  Major: 11
  Minor: 0
  Build: 1002
  SpecialBuildName: ""
  ptArchitecture: x86_64_linux
Results:
  Results Complete: true
  NumTestProcesses: 48
  CPU_INTEGER_MATH: 247705.77033333332
  CPU_FLOATINGPOINT_MATH: 179321.7534256916
  CPU_PRIME: 477.74972658614433
  CPU_SORTING: 124520.94523154967
  CPU_ENCRYPTION: 54372.561215374815
  CPU_COMPRESSION: 951912.24511301727
  CPU_SINGLETHREAD: 3257.2182157317252
  CPU_PHYSICS: 8108.8202160616029
  CPU_MATRIX_MULT_SSE: 67749.549478477988
  CPU_mm: 7196.8507427836366
  CPU_sse: 29954.793936291338
  CPU_fma: 78291.516099849207
  CPU_avx: 62230.377481233663
  CPU_avx512: 100521.51039653776
  m_CPU_enc_SHA: 57356557580.703712
  m_CPU_enc_AES: 75011734199.044617
  m_CPU_enc_ECDSA: 38672996467.170242
  ME_ALLOC_S: 23079.704504422785
  ME_READ_S: 28916.060546875
  ME_READ_L: 15620.224609375
  ME_WRITE: 11199.37890625
  ME_LARGE: 370050.25
  ME_LATENCY: 69.910632310325653
  ME_THREADED: 201670.705078125
  SUMM_CPU: 69028.351204650069
  SUMM_ME: 2651.8599090652569
SystemInformation:
  OSName: Ubuntu 24.04.2 LTS
  Kernel: 6.14.0-1010-aws
  Device: ""
  Processor: Intel Xeon 6975P-C
  NumSockets: 1
  Manufacturer: GenuineIntel
  NumCores: 24
  NumLogicals: 48
  CPUFrequency: 0
  Memory: 380668
  MemModuleInfo:
    iNumMemSticks: 1
    DIMM 1:
      manufacturer: Not Specified
      modulePartNo: Not Specified
      memType: DDR5
      size: 384
      clkspeed: 3600
      moduleVoltage: 0
Checksum: A753DFC9A6BC3FA74524C5C82F183C86335EE611