BaselineInfo:
  WebDBID: -1
  TimeStamp: 20260612225116
Version:
  Major: 11
  Minor: 0
  Build: 1004
  SpecialBuildName: ""
  ptArchitecture: x86_64_linux
Results:
  Results Complete: true
  NumTestProcesses: 16
  CPU_INTEGER_MATH: 77007.972666666668
  CPU_FLOATINGPOINT_MATH: 43080.227544745787
  CPU_PRIME: 126.5580481977309
  CPU_SORTING: 46223.782755920678
  CPU_ENCRYPTION: 19516.230145737274
  CPU_COMPRESSION: 313328.582010652
  CPU_SINGLETHREAD: 2928.8940321539794
  CPU_PHYSICS: 2628.3058848946935
  CPU_MATRIX_MULT_SSE: 22202.89904587781
  CPU_mm: 2062.8113163184239
  CPU_sse: 9100.956899195713
  CPU_fma: 28469.59479654819
  CPU_avx: 23471.078964288565
  CPU_avx512: 27769.965523478782
  m_CPU_enc_SHA: 27270173876.532722
  m_CPU_enc_AES: 18507020653.671295
  m_CPU_enc_ECDSA: 15615557093.685799
  ME_ALLOC_S: 8087.7448018962732
  ME_READ_S: 27820.984960937501
  ME_READ_L: 26498.130859375
  ME_WRITE: 25989.66015625
  ME_LARGE: 22104.166666666668
  ME_LATENCY: 70.539517540626903
  ME_THREADED: 48906.67431640625
  SUMM_CPU: 26779.490918029514
  SUMM_ME: 2705.1376290125022
SystemInformation:
  OSName: Ubuntu 24.04.4 LTS
  Kernel: 6.8.0-117-generic
  Device: ""
  Processor: "AMD EPYC 9T34 64-Core Processor                "
  NumSockets: 1
  Manufacturer: AuthenticAMD
  NumCores: 8
  NumLogicals: 16
  CPUFrequency: 0
  CPUMaxFrequency: 0
  Memory: 30666
  CPUInfo:
    number: 1
    Family: 15
    Model: 1
    stepping: 1
    features: 395049983
    manufacture: AuthenticAMD
    typestring: "AMD EPYC 9T34 64-Core Processor                "
    iCoresPerPackage: 8
    iThreadsPerPackage: 2
    featuresEx:
      - 395049983
      - 4277809667
      - 802421759
    bHybrid: false
    nPCore: 0
    nLogicalsPerPCore: 0
    nECore: 0
    nLogicalsPerECore: 0
  MemModuleInfo:
    iNumMemSticks: 2
    DIMM 1:
      manufacturer: Alibaba Cloud
      modulePartNo: Not Specified
      memType: RAM
      size: 16
      clkspeed: 0
      moduleVoltage: 0
    DIMM 2:
      manufacturer: Alibaba Cloud
      modulePartNo: Not Specified
      memType: RAM
      size: 16
      clkspeed: 0
      moduleVoltage: 0
Checksum: 815241CD640CDD70C75AD4035897222C9736D88F