---
system-info:
      stress-ng-version: 0.17.08
      run-by: root
      date-yyyy-mm-dd: 2024:06:09
      time-hh-mm-ss: 19:28:58
      epoch-secs: 1717961338
      hostname: 12532a3acd0f
      sysname: Linux
      nodename: 12532a3acd0f
      release: 6.8.0-1008-aws
      version: '#8-Ubuntu SMP Sat Apr 20 00:46:25 UTC 2024'
      machine: x86_64
      compiler: 'musl-gcc 13.2.1'
      uptime: 119
      totalram: 66333831168
      freeram: 61729128448
      sharedram: 59875328
      bufferram: 111517696
      totalswap: 0
      freeswap: 0
      pagesize: 4096
      cpus: 8
      cpus-online: 8
      ticks-per-second: 100

metrics:
    - stressor: cpu
      bogo-ops: 16718
      bogo-ops-per-second-usr-sys-time: 1671.745000
      bogo-ops-per-second-real-time: 1671.767237
      wall-clock-time: 10.000196
      user-time: 10.000329
      system-time: 0.000000
      cpu-usage-per-instance: 100.001330
      max-rss: 4048

...
