size_kb,operation,bandwidth_mb_s,latency_ns,latency_stddev_ns,latency_samples,threads,iterations,elapsed_s
32,read,125315.64,0,0,0,2,755286,0.376692
32,write,125864.16,0,0,0,2,480769,0.238734
32,copy,85340.99,0,0,0,2,372578,0.272860
32,latency,0,0.97,0.00,7,1,7,0.140044
128,read,125708.16,0,0,0,2,231053,0.459503
128,write,125945.12,0,0,0,2,174459,0.346300
128,copy,86298.93,0,0,0,2,143430,0.415503
128,latency,0,2.67,0.00,7,1,7,0.673867
512,read,118449.47,0,0,0,2,50322,0.424839
512,write,124370.23,0,0,0,2,51261,0.412165
512,copy,57360.67,0,0,0,2,26528,0.462477
512,latency,0,3.69,0.00,7,1,7,0.692636
1024,read,110559.84,0,0,0,2,24570,0.444465
1024,write,113461.01,0,0,0,2,25062,0.441773
1024,copy,50661.52,0,0,0,2,12176,0.480680
1024,latency,0,5.92,0.02,7,1,7,0.706735
2048,read,102038.52,0,0,0,2,11949,0.468411
2048,write,100277.38,0,0,0,2,12303,0.490759
2048,copy,53641.61,0,0,0,2,5913,0.440926
2048,latency,0,9.71,0.02,7,1,7,0.693034
8192,read,112687.32,0,0,0,2,2943,0.417864
8192,write,115774.83,0,0,0,2,2733,0.377699
8192,copy,52913.91,0,0,0,2,1140,0.344711
8192,latency,0,11.29,0.02,7,1,7,0.689304
16384,read,89050.57,0,0,0,2,1316,0.472900
16384,write,81069.86,0,0,0,2,1255,0.495375
16384,copy,31059.47,0,0,0,2,424,0.436839
16384,latency,0,11.78,0.72,21,1,21,1.906179
32768,read,65068.68,0,0,0,2,329,0.323597
32768,write,47602.19,0,0,0,2,299,0.401998
32768,copy,25125.14,0,0,0,2,187,0.476336
32768,latency,0,27.24,2.79,21,1,21,1.444953
65536,read,53319.65,0,0,0,2,152,0.364894
65536,write,37322.32,0,0,0,2,132,0.452705
65536,copy,22669.62,0,0,0,2,83,0.468645
65536,latency,0,84.02,4.09,7,1,7,3.642190
131072,read,48077.95,0,0,0,2,76,0.404676
131072,write,32625.95,0,0,0,2,57,0.447251
131072,copy,21556.44,0,0,0,2,42,0.498784
131072,latency,0,104.48,0.98,7,1,7,9.044741
