BaselineInfo:
  WebDBID: -1
  TimeStamp: 20260620210737
Version:
  Major: 11
  Minor: 0
  Build: 1004
  SpecialBuildName: ""
  ptArchitecture: x86_64_linux
Results:
  Results Complete: true
  NumTestProcesses: 48
  CPU_INTEGER_MATH: 358161.10933333327
  CPU_FLOATINGPOINT_MATH: 353149.37454864115
  CPU_PRIME: 1169.1846444965242
  CPU_SORTING: 193148.29342122178
  CPU_ENCRYPTION: 73478.861021663601
  CPU_COMPRESSION: 1399228.5267133457
  CPU_SINGLETHREAD: 3779.2907331903266
  CPU_PHYSICS: 16102.026677455247
  CPU_MATRIX_MULT_SSE: 121946.28706922221
  CPU_mm: 14348.411604198949
  CPU_sse: 45123.164362343494
  CPU_fma: 163801.51788305843
  CPU_avx: 91980.053197884714
  CPU_avx512: 186880.41283360211
  m_CPU_enc_SHA: 103333686094.48444
  m_CPU_enc_AES: 64667024811.909691
  m_CPU_enc_ECDSA: 63143799617.561668
  ME_ALLOC_S: 39473.46220444316
  ME_READ_S: 33941.960156250003
  ME_READ_L: 30619.345703125
  ME_WRITE: 30511.9296875
  ME_LARGE: 183539.25
  ME_LATENCY: 79.374599583063755
  ME_THREADED: 410218.185546875
  SUMM_CPU: 99383.687539766979
  SUMM_ME: 2959.7933174480213
SystemInformation:
  OSName: Ubuntu 24.04.4 LTS
  Kernel: 6.17.0-1018-azure
  Device: ""
  Processor: "AMD EPYC 9V45 96-Core Processor                "
  NumSockets: 1
  Manufacturer: AuthenticAMD
  NumCores: 48
  NumLogicals: 48
  CPUFrequency: 0
  CPUMaxFrequency: 0
  Memory: 193212
  CPUInfo:
    number: 1
    Family: 15
    Model: 2
    stepping: 1
    features: 395049983
    manufacture: AuthenticAMD
    typestring: "AMD EPYC 9V45 96-Core Processor                "
    iCoresPerPackage: 64
    iThreadsPerPackage: 1
    featuresEx:
      - 395049983
      - 4277809667
      - 802421759
    bHybrid: false
    nPCore: 0
    nLogicalsPerPCore: 0
    nECore: 0
    nLogicalsPerECore: 0
  MemModuleInfo:
    iNumMemSticks: 3
    DIMM 1:
      manufacturer: Microsoft Corporation
      modulePartNo: None
      memType: Unknown
      size: 1
      clkspeed: 0
      moduleVoltage: 0
    DIMM 2:
      manufacturer: Microsoft Corporation
      modulePartNo: None
      memType: Unknown
      size: 59
      clkspeed: 0
      moduleVoltage: 0
    DIMM 3:
      manufacturer: Microsoft Corporation
      modulePartNo: None
      memType: Unknown
      size: 132
      clkspeed: 0
      moduleVoltage: 0
Checksum: 6E4BF7FA72EFCACF962C0F236C1977BBC871FC16