---
system-info:
      stress-ng-version: 0.17.08
      run-by: root
      date-yyyy-mm-dd: 2024:06:13
      time-hh-mm-ss: 07:21:13
      epoch-secs: 1718263273
      hostname: fcfde7aca18c
      sysname: Linux
      nodename: fcfde7aca18c
      release: 6.8.0-1008-aws
      version: '#8-Ubuntu SMP Sat Apr 20 00:46:25 UTC 2024'
      machine: x86_64
      compiler: 'musl-gcc 13.2.1'
      uptime: 216
      totalram: 16555192320
      freeram: 9821130752
      sharedram: 40747008
      bufferram: 96731136
      totalswap: 0
      freeswap: 0
      pagesize: 4096
      cpus: 4
      cpus-online: 4
      ticks-per-second: 100

metrics:
    - stressor: cpu
      bogo-ops: 25632
      bogo-ops-per-second-usr-sys-time: 1281.680361
      bogo-ops-per-second-real-time: 1281.591613
      wall-clock-time: 20.000131
      user-time: 19.998746
      system-time: 0.000000
      cpu-usage-per-instance: 99.993076
      max-rss: 1104

...
