---
system-info:
      stress-ng-version: 0.17.08
      run-by: root
      date-yyyy-mm-dd: 2024:06:07
      time-hh-mm-ss: 04:27:14
      epoch-secs: 1717734434
      hostname: 194e0803b40f
      sysname: Linux
      nodename: 194e0803b40f
      release: 6.8.0-1008-aws
      version: '#8-Ubuntu SMP Sat Apr 20 00:46:25 UTC 2024'
      machine: x86_64
      compiler: 'musl-gcc 13.2.1'
      uptime: 226
      totalram: 16555180032
      freeram: 9975717888
      sharedram: 40755200
      bufferram: 79020032
      totalswap: 0
      freeswap: 0
      pagesize: 4096
      cpus: 4
      cpus-online: 4
      ticks-per-second: 100

metrics:
    - stressor: cpu
      bogo-ops: 13858
      bogo-ops-per-second-usr-sys-time: 1385.605045
      bogo-ops-per-second-real-time: 1385.583093
      wall-clock-time: 10.001565
      user-time: 10.000407
      system-time: 0.001000
      cpu-usage-per-instance: 99.998416
      max-rss: 3920

...
