---
system-info:
      stress-ng-version: 0.17.08
      run-by: root
      date-yyyy-mm-dd: 2024:08:30
      time-hh-mm-ss: 16:20:55
      epoch-secs: 1725034855
      hostname: sc-runner
      sysname: Linux
      nodename: sc-runner
      release: 6.8.0-1013-azure
      version: '#15-Ubuntu SMP Thu Aug  8 18:40:40 UTC 2024'
      machine: x86_64
      compiler: 'musl-gcc 13.2.1'
      uptime: 381
      totalram: 14653202432
      freeram: 6300073984
      sharedram: 42024960
      bufferram: 202006528
      totalswap: 0
      freeswap: 0
      pagesize: 4096
      cpus: 1
      cpus-online: 1
      ticks-per-second: 100

metrics:
    - stressor: cpu
      bogo-ops: 24494
      bogo-ops-per-second-usr-sys-time: 1246.842489
      bogo-ops-per-second-real-time: 1224.690277
      wall-clock-time: 20.000159
      user-time: 19.639873
      system-time: 0.004950
      cpu-usage-per-instance: 98.223335
      max-rss: 3252

...
