---
system-info:
      stress-ng-version: 0.17.08
      run-by: root
      date-yyyy-mm-dd: 2024:06:13
      time-hh-mm-ss: 15:41:44
      epoch-secs: 1718293304
      hostname: f1da3e0ddd75
      sysname: Linux
      nodename: f1da3e0ddd75
      release: 6.8.0-1008-aws
      version: '#8-Ubuntu SMP Sat Apr 20 00:46:25 UTC 2024'
      machine: x86_64
      compiler: 'musl-gcc 13.2.1'
      uptime: 139
      totalram: 16555896832
      freeram: 12278964224
      sharedram: 40718336
      bufferram: 106106880
      totalswap: 0
      freeswap: 0
      pagesize: 4096
      cpus: 2
      cpus-online: 2
      ticks-per-second: 100

metrics:
    - stressor: cpu
      bogo-ops: 33431
      bogo-ops-per-second-usr-sys-time: 845.747505
      bogo-ops-per-second-real-time: 1671.540515
      wall-clock-time: 20.000113
      user-time: 39.515404
      system-time: 0.012942
      cpu-usage-per-instance: 98.820304
      max-rss: 1104

...
