---
system-info:
      stress-ng-version: 0.17.08
      run-by: root
      date-yyyy-mm-dd: 2024:06:08
      time-hh-mm-ss: 02:43:32
      epoch-secs: 1717814612
      hostname: cfcc8ff52429
      sysname: Linux
      nodename: cfcc8ff52429
      release: 6.8.0-1008-aws
      version: '#8-Ubuntu SMP Sat Apr 20 00:46:25 UTC 2024'
      machine: x86_64
      compiler: 'musl-gcc 13.2.1'
      uptime: 130
      totalram: 16555900928
      freeram: 12334800896
      sharedram: 40718336
      bufferram: 95318016
      totalswap: 0
      freeswap: 0
      pagesize: 4096
      cpus: 2
      cpus-online: 2
      ticks-per-second: 100

metrics:
    - stressor: cpu
      bogo-ops: 20254
      bogo-ops-per-second-usr-sys-time: 1025.639312
      bogo-ops-per-second-real-time: 2024.992810
      wall-clock-time: 10.002011
      user-time: 19.740701
      system-time: 0.006982
      cpu-usage-per-instance: 98.718564
      max-rss: 4176

...
