---
system-info:
      stress-ng-version: 0.17.08
      run-by: root
      date-yyyy-mm-dd: 2024:06:16
      time-hh-mm-ss: 06:56:16
      epoch-secs: 1718520976
      hostname: 5bd75a8533a2
      sysname: Linux
      nodename: 5bd75a8533a2
      release: 6.8.0-1008-aws
      version: '#8-Ubuntu SMP Sat Apr 20 00:46:25 UTC 2024'
      machine: x86_64
      compiler: 'musl-gcc 13.2.1'
      uptime: 183
      totalram: 16766988288
      freeram: 12439097344
      sharedram: 48508928
      bufferram: 108548096
      totalswap: 0
      freeswap: 0
      pagesize: 4096
      cpus: 4
      cpus-online: 4
      ticks-per-second: 100

metrics:
    - stressor: cpu
      bogo-ops: 28187
      bogo-ops-per-second-usr-sys-time: 353.942585
      bogo-ops-per-second-real-time: 1408.774582
      wall-clock-time: 20.008169
      user-time: 79.611945
      system-time: 0.025265
      cpu-usage-per-instance: 99.505869
      max-rss: 1104

...
