---
system-info:
      stress-ng-version: 0.17.08
      run-by: root
      date-yyyy-mm-dd: 2024:06:10
      time-hh-mm-ss: 04:27:52
      epoch-secs: 1717993672
      hostname: 796b11bbd32d
      sysname: Linux
      nodename: 796b11bbd32d
      release: 6.8.0-1008-aws
      version: '#8-Ubuntu SMP Sat Apr 20 00:46:25 UTC 2024'
      machine: x86_64
      compiler: 'musl-gcc 13.2.1'
      uptime: 141
      totalram: 16766992384
      freeram: 12200300544
      sharedram: 48508928
      bufferram: 114216960
      totalswap: 0
      freeswap: 0
      pagesize: 4096
      cpus: 4
      cpus-online: 4
      ticks-per-second: 100

metrics:
    - stressor: cpu
      bogo-ops: 46664
      bogo-ops-per-second-usr-sys-time: 1173.220690
      bogo-ops-per-second-real-time: 4665.777552
      wall-clock-time: 10.001334
      user-time: 39.771280
      system-time: 0.002993
      cpu-usage-per-instance: 99.422419
      max-rss: 3920

...
