BaselineInfo:
  WebDBID: -1
  TimeStamp: 20250618091421
Version:
  Major: 11
  Minor: 0
  Build: 1002
  SpecialBuildName: ""
  ptArchitecture: x86_64_linux
Results:
  Results Complete: true
  NumTestProcesses: 8
  CPU_INTEGER_MATH: 31566.671000000002
  CPU_FLOATINGPOINT_MATH: 22637.394904268909
  CPU_PRIME: 71.439317236177416
  CPU_SORTING: 15955.092701103125
  CPU_ENCRYPTION: 7077.2285104041148
  CPU_COMPRESSION: 116172.08166007187
  CPU_SINGLETHREAD: 2419.1005599695673
  CPU_PHYSICS: 1524.9033760390698
  CPU_MATRIX_MULT_SSE: 7995.4848527027088
  CPU_mm: 899.82905633690405
  CPU_sse: 3848.1095274106874
  CPU_fma: 9850.4297714437653
  CPU_avx: 7073.8163697316431
  CPU_avx512: 11209.583742224742
  m_CPU_enc_SHA: 7432503597.5939207
  m_CPU_enc_AES: 9603016884.1193218
  m_CPU_enc_ECDSA: 5227515405.8632698
  ME_ALLOC_S: 3908.4396811953625
  ME_READ_S: 22421.687304687501
  ME_READ_L: 9297.5595703125
  ME_WRITE: 8152.5166015625
  ME_LARGE: 54649.166666666664
  ME_LATENCY: 73.088350228686281
  ME_THREADED: 47437.36572265625
  SUMM_CPU: 11640.8248813747
  SUMM_ME: 2026.6312543889824
SystemInformation:
  OSName: Ubuntu 24.04.2 LTS
  Kernel: 6.11.0-1015-gcp
  Device: ""
  Processor: Intel Xeon Platinum 8481C CPU @ 2.70GHz
  NumSockets: 1
  Manufacturer: GenuineIntel
  NumCores: 4
  NumLogicals: 8
  CPUFrequency: 0
  Memory: 64299
  MemModuleInfo:
    iNumMemSticks: 4
    DIMM 1:
      manufacturer: ""
      modulePartNo: ""
      memType: RAM
      size: 16
      clkspeed: 0
      moduleVoltage: 0
    DIMM 2:
      manufacturer: ""
      modulePartNo: ""
      memType: RAM
      size: 16
      clkspeed: 0
      moduleVoltage: 0
    DIMM 3:
      manufacturer: ""
      modulePartNo: ""
      memType: RAM
      size: 16
      clkspeed: 0
      moduleVoltage: 0
    DIMM 4:
      manufacturer: ""
      modulePartNo: ""
      memType: RAM
      size: 16
      clkspeed: 0
      moduleVoltage: 0
Checksum: 72E6634C81118CF7EE4B53A7867DA6E704BD81C7