---
system-info:
      stress-ng-version: 0.17.08
      run-by: root
      date-yyyy-mm-dd: 2024:06:15
      time-hh-mm-ss: 05:55:16
      epoch-secs: 1718430916
      hostname: 92e48e1ce5c7
      sysname: Linux
      nodename: 92e48e1ce5c7
      release: 6.8.0-1008-aws
      version: '#8-Ubuntu SMP Sat Apr 20 02:43:14 UTC 2024'
      machine: aarch64
      compiler: 'musl-gcc 13.2.1'
      uptime: 134
      totalram: 269699964928
      freeram: 264681582592
      sharedram: 35405824
      bufferram: 108953600
      totalswap: 0
      freeswap: 0
      pagesize: 4096
      cpus: 64
      cpus-online: 64
      ticks-per-second: 100

metrics:
    - stressor: cpu
      bogo-ops: 30722
      bogo-ops-per-second-usr-sys-time: 1536.139786
      bogo-ops-per-second-real-time: 1536.096704
      wall-clock-time: 20.000043
      user-time: 19.998483
      system-time: 0.000999
      cpu-usage-per-instance: 99.997195
      max-rss: 512

...
