---
system-info:
      stress-ng-version: 0.17.08
      run-by: root
      date-yyyy-mm-dd: 2024:06:08
      time-hh-mm-ss: 21:18:46
      epoch-secs: 1717881526
      hostname: d4fe3123c59e
      sysname: Linux
      nodename: d4fe3123c59e
      release: 6.8.0-1008-aws
      version: '#8-Ubuntu SMP Sat Apr 20 02:43:14 UTC 2024'
      machine: aarch64
      compiler: 'musl-gcc 13.2.1'
      uptime: 120
      totalram: 269699964928
      freeram: 264495083520
      sharedram: 35405824
      bufferram: 105283584
      totalswap: 0
      freeswap: 0
      pagesize: 4096
      cpus: 64
      cpus-online: 64
      ticks-per-second: 100

metrics:
    - stressor: cpu
      bogo-ops: 4267
      bogo-ops-per-second-usr-sys-time: 425.716637
      bogo-ops-per-second-real-time: 425.705177
      wall-clock-time: 10.023369
      user-time: 10.023099
      system-time: 0.000000
      cpu-usage-per-instance: 99.997308
      max-rss: 3584

...
