---
system-info:
      stress-ng-version: 0.17.08
      run-by: root
      date-yyyy-mm-dd: 2024:06:16
      time-hh-mm-ss: 08:42:08
      epoch-secs: 1718527328
      hostname: f2a13484aaf8
      sysname: Linux
      nodename: f2a13484aaf8
      release: 6.8.0-1008-aws
      version: '#8-Ubuntu SMP Sat Apr 20 00:46:25 UTC 2024'
      machine: x86_64
      compiler: 'musl-gcc 13.2.1'
      uptime: 109
      totalram: 16467779584
      freeram: 12043239424
      sharedram: 113565696
      bufferram: 109461504
      totalswap: 0
      freeswap: 0
      pagesize: 4096
      cpus: 8
      cpus-online: 8
      ticks-per-second: 100

metrics:
    - stressor: cpu
      bogo-ops: 168127
      bogo-ops-per-second-usr-sys-time: 1052.645498
      bogo-ops-per-second-real-time: 8406.314400
      wall-clock-time: 20.000085
      user-time: 159.699550
      system-time: 0.018988
      cpu-usage-per-instance: 99.823664
      max-rss: 1104

...
