---
system-info:
      stress-ng-version: 0.17.08
      run-by: root
      date-yyyy-mm-dd: 2024:06:10
      time-hh-mm-ss: 05:56:05
      epoch-secs: 1717998965
      hostname: 9af2e93f2887
      sysname: Linux
      nodename: 9af2e93f2887
      release: 6.8.0-1008-aws
      version: '#8-Ubuntu SMP Sat Apr 20 00:46:25 UTC 2024'
      machine: x86_64
      compiler: 'musl-gcc 13.2.1'
      uptime: 116
      totalram: 16467775488
      freeram: 11860672512
      sharedram: 113565696
      bufferram: 114384896
      totalswap: 0
      freeswap: 0
      pagesize: 4096
      cpus: 8
      cpus-online: 8
      ticks-per-second: 100

metrics:
    - stressor: cpu
      bogo-ops: 130144
      bogo-ops-per-second-usr-sys-time: 1631.018773
      bogo-ops-per-second-real-time: 13012.387476
      wall-clock-time: 10.001547
      user-time: 79.774083
      system-time: 0.018990
      cpu-usage-per-instance: 99.725917
      max-rss: 4048

...
