---
system-info:
      stress-ng-version: 0.17.08
      run-by: root
      date-yyyy-mm-dd: 2024:09:16
      time-hh-mm-ss: 21:10:41
      epoch-secs: 1726521041
      hostname: sc-runner
      sysname: Linux
      nodename: sc-runner
      release: 6.8.0-1014-azure
      version: '#16-Ubuntu SMP Thu Aug 15 20:04:41 UTC 2024'
      machine: x86_64
      compiler: 'musl-gcc 13.2.1'
      uptime: 291
      totalram: 135065268224
      freeram: 124677054464
      sharedram: 54935552
      bufferram: 234217472
      totalswap: 0
      freeswap: 0
      pagesize: 4096
      cpus: 16
      cpus-online: 16
      ticks-per-second: 100

metrics:
    - stressor: cpu
      bogo-ops: 37993
      bogo-ops-per-second-usr-sys-time: 1899.649715
      bogo-ops-per-second-real-time: 1899.636345
      wall-clock-time: 20.000144
      user-time: 20.000003
      system-time: 0.000000
      cpu-usage-per-instance: 99.999296
      max-rss: 3024

...
