---
system-info:
      stress-ng-version: 0.17.08
      run-by: root
      date-yyyy-mm-dd: 2024:08:30
      time-hh-mm-ss: 21:53:58
      epoch-secs: 1725054838
      hostname: sc-runner
      sysname: Linux
      nodename: sc-runner
      release: 6.8.0-1013-azure
      version: '#15-Ubuntu SMP Thu Aug  8 18:40:40 UTC 2024'
      machine: x86_64
      compiler: 'musl-gcc 13.2.1'
      uptime: 377
      totalram: 33652322304
      freeram: 25170759680
      sharedram: 42049536
      bufferram: 212975616
      totalswap: 0
      freeswap: 0
      pagesize: 4096
      cpus: 4
      cpus-online: 4
      ticks-per-second: 100

metrics:
    - stressor: cpu
      bogo-ops: 28252
      bogo-ops-per-second-usr-sys-time: 1412.623167
      bogo-ops-per-second-real-time: 1412.594089
      wall-clock-time: 20.000084
      user-time: 19.999672
      system-time: 0.000000
      cpu-usage-per-instance: 99.997942
      max-rss: 3152

...
