BaselineInfo:
  WebDBID: -1
  TimeStamp: 20241109145202
Version:
  Major: 11
  Minor: 0
  Build: 1002
  SpecialBuildName: ""
  ptArchitecture: x86_64_linux
Results:
  Results Complete: true
  NumTestProcesses: 96
  CPU_INTEGER_MATH: 441329.6810000001
  CPU_FLOATINGPOINT_MATH: 242475.60661132867
  CPU_PRIME: 518.89006340906951
  CPU_SORTING: 188971.38470281145
  CPU_ENCRYPTION: 111452.51940038215
  CPU_COMPRESSION: 1512084.5965771279
  CPU_SINGLETHREAD: 2642.6487172011261
  CPU_PHYSICS: 7430.3475936735767
  CPU_MATRIX_MULT_SSE: 77532.987920820888
  CPU_mm: 9752.2484160906879
  CPU_sse: 39749.025471441491
  CPU_fma: 104949.90523244243
  CPU_avx: 87900.033058578774
  CPU_avx512: 0
  m_CPU_enc_SHA: 163130433882.60181
  m_CPU_enc_AES: 105157429445.97188
  m_CPU_enc_ECDSA: 82311447619.75177
  ME_ALLOC_S: 27269.016763372023
  ME_READ_S: 26607.19921875
  ME_READ_L: 17340.37890625
  ME_WRITE: 17304.73828125
  ME_LARGE: 744549.83333333337
  ME_LATENCY: 62.043817120242984
  ME_THREADED: 129151.3876953125
  SUMM_CPU: 81955.851449299531
  SUMM_ME: 2936.8543688790583
SystemInformation:
  OSName: Ubuntu 24.04.1 LTS
  Kernel: 6.8.0-1016-aws
  Device: ""
  Processor: AMD EPYC 7R13 Processor
  NumSockets: 1
  Manufacturer: AuthenticAMD
  NumCores: 48
  NumLogicals: 96
  CPUFrequency: 0
  Memory: 757797
  MemModuleInfo:
    iNumMemSticks: 2
    DIMM 1:
      manufacturer: Not Specified
      modulePartNo: Not Specified
      memType: DDR4
      size: 384
      clkspeed: 1600
      moduleVoltage: 0
    DIMM 2:
      manufacturer: Not Specified
      modulePartNo: Not Specified
      memType: DDR4
      size: 384
      clkspeed: 1600
      moduleVoltage: 0
Checksum: F7181786C2FDC4CDAB5A23AF23F8804F30336CB5