BaselineInfo:
  WebDBID: -1
  TimeStamp: 20260403234957
Version:
  Major: 11
  Minor: 0
  Build: 1004
  SpecialBuildName: ""
  ptArchitecture: x86_64_linux
Results:
  Results Complete: true
  NumTestProcesses: 2
  CPU_INTEGER_MATH: 4837.9636666666665
  CPU_FLOATINGPOINT_MATH: 2607.3475627466814
  CPU_PRIME: 13.011111652958334
  CPU_SORTING: 3019.7146537220488
  CPU_ENCRYPTION: 667.38687616998709
  CPU_COMPRESSION: 22478.314330208315
  CPU_SINGLETHREAD: 1575.2548107736022
  CPU_PHYSICS: 242.82066221476344
  CPU_MATRIX_MULT_SSE: 1444.6746439081271
  CPU_mm: 147.01439979873948
  CPU_sse: 528.10935402819428
  CPU_fma: 1820.9761315674427
  CPU_avx: 1288.3957345647259
  CPU_avx512: 2141.2173554721458
  m_CPU_enc_SHA: 217175497.45385778
  m_CPU_enc_AES: 1686272431.599411
  m_CPU_enc_ECDSA: 195969654.14719224
  ME_ALLOC_S: 570.25730589339935
  ME_READ_S: 19085.339062499999
  ME_READ_L: 6784.87744140625
  ME_WRITE: 7141.04296875
  ME_LARGE: 3069
  ME_LATENCY: 75.167826601192942
  ME_THREADED: 10146.4599609375
  SUMM_CPU: 1820.1193350540834
  SUMM_ME: 1207.3286350475325
SystemInformation:
  OSName: Ubuntu 24.04.4 LTS
  Kernel: 6.8.0-106-generic
  Device: ""
  Processor: Intel(R) Xeon(R) Platinum 8269CY CPU @ 2.50GHz
  NumSockets: 1
  Manufacturer: GenuineIntel
  NumCores: 1
  NumLogicals: 2
  CPUFrequency: 0
  CPUMaxFrequency: 0
  Memory: 15608
  CPUInfo:
    number: 1
    Family: 6
    Model: 5
    stepping: 7
    features: 529267711
    manufacture: GenuineIntel
    typestring: Intel(R) Xeon(R) Platinum 8269CY CPU @ 2.50GHz
    iCoresPerPackage: 1
    iThreadsPerPackage: 2
    featuresEx:
      - 529267711
      - 4277809667
      - 739248128
    bHybrid: false
    nPCore: 0
    nLogicalsPerPCore: 0
    nECore: 0
    nLogicalsPerECore: 0
  MemModuleInfo:
    iNumMemSticks: 1
    DIMM 1:
      manufacturer: Alibaba Cloud
      modulePartNo: Not Specified
      memType: RAM
      size: 16
      clkspeed: 0
      moduleVoltage: 0
Checksum: C12F8B7BFD59CD89705E9B82D26C659D24C516EE