BaselineInfo:
  WebDBID: -1
  TimeStamp: 20241107150519
Version:
  Major: 11
  Minor: 0
  Build: 1002
  SpecialBuildName: ""
  ptArchitecture: x86_64_linux
Results:
  Results Complete: true
  NumTestProcesses: 4
  CPU_INTEGER_MATH: 16771.998666666666
  CPU_FLOATINGPOINT_MATH: 8577.6492658249699
  CPU_PRIME: 36.933969145412874
  CPU_SORTING: 8737.5568950791785
  CPU_ENCRYPTION: 3624.5266876314472
  CPU_COMPRESSION: 64568.709741424827
  CPU_SINGLETHREAD: 2422.3984261332189
  CPU_PHYSICS: 723.14369084997384
  CPU_MATRIX_MULT_SSE: 3475.4751964971629
  CPU_mm: 360.83130715039101
  CPU_sse: 1588.6731406115273
  CPU_fma: 4368.9786134220994
  CPU_avx: 3228.6006622736177
  CPU_avx512: 4715.6483696814066
  m_CPU_enc_SHA: 3626204678.9677925
  m_CPU_enc_AES: 5534415524.3229208
  m_CPU_enc_ECDSA: 2241154884.7387834
  ME_ALLOC_S: 1670.0270118140231
  ME_READ_S: 24255.112890625001
  ME_READ_L: 7765.3994140625
  ME_WRITE: 7385.68701171875
  ME_LARGE: 6041
  ME_LATENCY: 90.773026405499806
  ME_THREADED: 21502.23486328125
  SUMM_CPU: 5912.5055382219243
  SUMM_ME: 1516.6636662317981
SystemInformation:
  OSName: Ubuntu 24.04.1 LTS
  Kernel: 6.8.0-1017-azure
  Device: ""
  Processor: Intel Xeon Platinum 8370C CPU @ 2.80GHz
  NumSockets: 1
  Manufacturer: GenuineIntel
  NumCores: 2
  NumLogicals: 4
  CPUFrequency: 2800
  Memory: 15988
  MemModuleInfo:
    iNumMemSticks: 2
    DIMM 1:
      manufacturer: Microsoft Corporation
      modulePartNo: None
      memType: Unknown
      size: 1
      clkspeed: 0
      moduleVoltage: 0
    DIMM 2:
      manufacturer: Microsoft Corporation
      modulePartNo: None
      memType: Unknown
      size: 15
      clkspeed: 0
      moduleVoltage: 0
Checksum: 03586A64D5446AB18E5A9AE0E236DC6609144BFF