BaselineInfo:
  WebDBID: -1
  TimeStamp: 20241112115618
Version:
  Major: 11
  Minor: 0
  Build: 1002
  SpecialBuildName: ""
  ptArchitecture: aarch64_linux
Results:
  Results Complete: true
  NumTestProcesses: 96
  CPU_INTEGER_MATH: 603546.85999999987
  CPU_FLOATINGPOINT_MATH: 506939.49353149609
  CPU_PRIME: 641.24325499849704
  CPU_SORTING: 477794.62290454318
  CPU_ENCRYPTION: 18044.991391929143
  CPU_COMPRESSION: 657210.42208130192
  CPU_SINGLETHREAD: 1880.9294679263319
  CPU_PHYSICS: 18541.5750117184
  CPU_MATRIX_MULT_SSE: 85597.975612291164
  CPU_mm: 13743.978882156158
  CPU_sse: 72202.271996601296
  CPU_fma: 98993.679227980931
  CPU_avx: 0
  CPU_avx512: 0
  m_CPU_enc_SHA: 26412153546.199028
  m_CPU_enc_AES: 11598431994.405977
  m_CPU_enc_ECDSA: 18754049140.745476
  ME_ALLOC_S: 37879.993158457182
  ME_READ_S: 25488.3095703125
  ME_READ_L: 19478.779296875
  ME_WRITE: 25740.5234375
  ME_LARGE: 176257.08333333334
  ME_LATENCY: 52.578293500222173
  ME_THREADED: 499356.515625
  SUMM_CPU: 56582.293972950545
  SUMM_ME: 3389.0619268838054
SystemInformation:
  OSName: Ubuntu 24.04.1 LTS
  Kernel: 6.8.0-1017-azure
  Device: ""
  Processor: ARM Neoverse-N2 96 Core 0 MHz
  NumSockets: 1
  Manufacturer: ARM
  NumCores: 96
  NumLogicals: 96
  CPUFrequency: 0
  Memory: 193014
Checksum: D19DE3FB9935062B097042B20E0466BE349C179B