---
system-info:
      stress-ng-version: 0.17.08
      run-by: root
      date-yyyy-mm-dd: 2024:09:22
      time-hh-mm-ss: 19:10:50
      epoch-secs: 1727032250
      hostname: sc-runner
      sysname: Linux
      nodename: sc-runner
      release: 6.8.0-1014-azure
      version: '#16-Ubuntu SMP Thu Aug 15 20:04:41 UTC 2024'
      machine: x86_64
      compiler: 'musl-gcc 13.2.1'
      uptime: 361
      totalram: 135160803328
      freeram: 124087554048
      sharedram: 71794688
      bufferram: 277835776
      totalswap: 0
      freeswap: 0
      pagesize: 4096
      cpus: 32
      cpus-online: 32
      ticks-per-second: 100

metrics:
    - stressor: cpu
      bogo-ops: 15498
      bogo-ops-per-second-usr-sys-time: 774.907710
      bogo-ops-per-second-real-time: 774.892555
      wall-clock-time: 20.000192
      user-time: 19.999801
      system-time: 0.000000
      cpu-usage-per-instance: 99.998044
      max-rss: 3080

...
