---
system-info:
      stress-ng-version: 0.17.08
      run-by: root
      date-yyyy-mm-dd: 2024:09:16
      time-hh-mm-ss: 18:36:22
      epoch-secs: 1726511782
      hostname: sc-runner
      sysname: Linux
      nodename: sc-runner
      release: 6.8.0-1014-azure
      version: '#16-Ubuntu SMP Thu Aug 15 21:06:50 UTC 2024'
      machine: aarch64
      compiler: 'musl-gcc 13.2.1'
      uptime: 361
      totalram: 67289292800
      freeram: 56575385600
      sharedram: 38244352
      bufferram: 271454208
      totalswap: 0
      freeswap: 0
      pagesize: 4096
      cpus: 32
      cpus-online: 32
      ticks-per-second: 100

metrics:
    - stressor: cpu
      bogo-ops: 36459
      bogo-ops-per-second-usr-sys-time: 1822.937604
      bogo-ops-per-second-real-time: 1822.946719
      wall-clock-time: 20.000036
      user-time: 20.000136
      system-time: 0.000000
      cpu-usage-per-instance: 100.000500
      max-rss: 1280

...
