BaselineInfo:
  WebDBID: -1
  TimeStamp: 20260621134551
Version:
  Major: 11
  Minor: 0
  Build: 1004
  SpecialBuildName: ""
  ptArchitecture: x86_64_linux
Results:
  Results Complete: true
  NumTestProcesses: 24
  CPU_INTEGER_MATH: 160128.73766666665
  CPU_FLOATINGPOINT_MATH: 97204.139713743323
  CPU_PRIME: 274.29947492628293
  CPU_SORTING: 70090.663086115324
  CPU_ENCRYPTION: 31296.804473946693
  CPU_COMPRESSION: 551589.2380354458
  CPU_SINGLETHREAD: 3846.8115570878049
  CPU_PHYSICS: 5021.8752611956197
  CPU_MATRIX_MULT_SSE: 42323.343886857503
  CPU_mm: 4116.0021072341224
  CPU_sse: 15481.192925025673
  CPU_fma: 45497.718832733175
  CPU_avx: 44223.585016606681
  CPU_avx512: 64090.878773064454
  m_CPU_enc_SHA: 39879301616.535172
  m_CPU_enc_AES: 32856658221.429081
  m_CPU_enc_ECDSA: 25715274306.255138
  ME_ALLOC_S: 15091.812278021938
  ME_READ_S: 34260.69140625
  ME_READ_L: 30941.458984375
  ME_WRITE: 30646.708984375
  ME_LARGE: 763662.33333333337
  ME_LATENCY: 79.263093322877168
  ME_THREADED: 111710.029296875
  SUMM_CPU: 47584.091847992822
  SUMM_ME: 2898.088800625721
SystemInformation:
  OSName: Ubuntu 24.04.4 LTS
  Kernel: 6.17.0-1018-azure
  Device: ""
  Processor: "AMD EPYC 9V45 96-Core Processor                "
  NumSockets: 1
  Manufacturer: AuthenticAMD
  NumCores: 12
  NumLogicals: 24
  CPUFrequency: 0
  CPUMaxFrequency: 0
  Memory: 774022
  CPUInfo:
    number: 1
    Family: 15
    Model: 2
    stepping: 1
    features: 395049983
    manufacture: AuthenticAMD
    typestring: "AMD EPYC 9V45 96-Core Processor                "
    iCoresPerPackage: 16
    iThreadsPerPackage: 2
    featuresEx:
      - 395049983
      - 4277809667
      - 802421759
    bHybrid: false
    nPCore: 0
    nLogicalsPerPCore: 0
    nECore: 0
    nLogicalsPerECore: 0
  MemModuleInfo:
    iNumMemSticks: 4
    DIMM 1:
      manufacturer: Microsoft Corporation
      modulePartNo: None
      memType: Unknown
      size: 1
      clkspeed: 0
      moduleVoltage: 0
    DIMM 2:
      manufacturer: Microsoft Corporation
      modulePartNo: None
      memType: Unknown
      size: 59
      clkspeed: 0
      moduleVoltage: 0
    DIMM 3:
      manufacturer: Microsoft Corporation
      modulePartNo: None
      memType: Unknown
      size: 324
      clkspeed: 0
      moduleVoltage: 0
    DIMM 4:
      manufacturer: Microsoft Corporation
      modulePartNo: None
      memType: Unknown
      size: 384
      clkspeed: 0
      moduleVoltage: 0
Checksum: 570B9BFF59B3900EBE0D290EE44D994657D90AC3