---
system-info:
      stress-ng-version: 0.17.08
      run-by: root
      date-yyyy-mm-dd: 2024:06:09
      time-hh-mm-ss: 09:55:38
      epoch-secs: 1717926938
      hostname: a5c844da1521
      sysname: Linux
      nodename: a5c844da1521
      release: 6.8.0-1008-aws
      version: '#8-Ubuntu SMP Sat Apr 20 00:46:25 UTC 2024'
      machine: x86_64
      compiler: 'musl-gcc 13.2.1'
      uptime: 144
      totalram: 199393988608
      freeram: 194523127808
      sharedram: 113938432
      bufferram: 105914368
      totalswap: 0
      freeswap: 0
      pagesize: 4096
      cpus: 48
      cpus-online: 48
      ticks-per-second: 100

metrics:
    - stressor: cpu
      bogo-ops: 675528
      bogo-ops-per-second-usr-sys-time: 1408.260696
      bogo-ops-per-second-real-time: 67545.276490
      wall-clock-time: 10.001114
      user-time: 479.635616
      system-time: 0.053977
      cpu-usage-per-instance: 99.924202
      max-rss: 3840

...
