---
system-info:
      stress-ng-version: 0.17.08
      run-by: root
      date-yyyy-mm-dd: 2024:06:15
      time-hh-mm-ss: 11:42:38
      epoch-secs: 1718451758
      hostname: 06a07175ea10
      sysname: Linux
      nodename: 06a07175ea10
      release: 6.8.0-1008-aws
      version: '#8-Ubuntu SMP Sat Apr 20 00:46:25 UTC 2024'
      machine: x86_64
      compiler: 'musl-gcc 13.2.1'
      uptime: 145
      totalram: 199394000896
      freeram: 194649149440
      sharedram: 113938432
      bufferram: 108306432
      totalswap: 0
      freeswap: 0
      pagesize: 4096
      cpus: 48
      cpus-online: 48
      ticks-per-second: 100

metrics:
    - stressor: cpu
      bogo-ops: 849816
      bogo-ops-per-second-usr-sys-time: 885.528715
      bogo-ops-per-second-real-time: 42490.610327
      wall-clock-time: 20.000089
      user-time: 959.645757
      system-time: 0.024986
      cpu-usage-per-instance: 99.965256
      max-rss: 1152

...
