---
system-info:
      stress-ng-version: 0.17.08
      run-by: root
      date-yyyy-mm-dd: 2024:06:05
      time-hh-mm-ss: 21:38:04
      epoch-secs: 1717623484
      hostname: d4e9d4c6db33
      sysname: Linux
      nodename: d4e9d4c6db33
      release: 6.8.0-1008-aws
      version: '#8-Ubuntu SMP Sat Apr 20 00:46:25 UTC 2024'
      machine: x86_64
      compiler: 'musl-gcc 13.2.1'
      uptime: 137
      totalram: 3952013312
      freeram: 221884416
      sharedram: 29196288
      bufferram: 76632064
      totalswap: 0
      freeswap: 0
      pagesize: 4096
      cpus: 2
      cpus-online: 2
      ticks-per-second: 100

metrics:
    - stressor: cpu
      bogo-ops: 22223
      bogo-ops-per-second-usr-sys-time: 1125.017016
      bogo-ops-per-second-real-time: 2221.894483
      wall-clock-time: 10.001825
      user-time: 19.743495
      system-time: 0.009984
      cpu-usage-per-instance: 98.749372
      max-rss: 4048

...
