---
system-info:
      stress-ng-version: 0.17.08
      run-by: root
      date-yyyy-mm-dd: 2024:06:12
      time-hh-mm-ss: 20:55:35
      epoch-secs: 1718225735
      hostname: aae07e5c0183
      sysname: Linux
      nodename: aae07e5c0183
      release: 6.8.0-1008-aws
      version: '#8-Ubuntu SMP Sat Apr 20 00:46:25 UTC 2024'
      machine: x86_64
      compiler: 'musl-gcc 13.2.1'
      uptime: 122
      totalram: 3979276288
      freeram: 202878976
      sharedram: 40730624
      bufferram: 106577920
      totalswap: 0
      freeswap: 0
      pagesize: 4096
      cpus: 2
      cpus-online: 2
      ticks-per-second: 100

metrics:
    - stressor: cpu
      bogo-ops: 38958
      bogo-ops-per-second-usr-sys-time: 984.361841
      bogo-ops-per-second-real-time: 1947.889609
      wall-clock-time: 20.000107
      user-time: 39.566932
      system-time: 0.009978
      cpu-usage-per-instance: 98.941747
      max-rss: 1104

...
