BaselineInfo:
  WebDBID: -1
  TimeStamp: 20260617143020
Version:
  Major: 11
  Minor: 0
  Build: 1004
  SpecialBuildName: ""
  ptArchitecture: x86_64_linux
Results:
  Results Complete: true
  NumTestProcesses: 8
  CPU_INTEGER_MATH: 23276.545333333332
  CPU_FLOATINGPOINT_MATH: 12523.496511175626
  CPU_PRIME: 53.20791922054535
  CPU_SORTING: 14573.989716127411
  CPU_ENCRYPTION: 3229.9304616184936
  CPU_COMPRESSION: 109985.34018961989
  CPU_SINGLETHREAD: 1958.7168051601054
  CPU_PHYSICS: 895.77481992574292
  CPU_MATRIX_MULT_SSE: 6440.6865688748758
  CPU_mm: 704.04276115830771
  CPU_sse: 2559.4451547912713
  CPU_fma: 7847.2104896823757
  CPU_avx: 5547.2963102335943
  CPU_avx512: 9808.7943207922599
  m_CPU_enc_SHA: 1054887205.9506993
  m_CPU_enc_AES: 8149291750.5652599
  m_CPU_enc_ECDSA: 956303734.65026081
  ME_ALLOC_S: 2796.9235530966635
  ME_READ_S: 22319.5
  ME_READ_L: 9598.5234375
  ME_WRITE: 9420.072265625
  ME_LARGE: 6863.583333333333
  ME_LATENCY: 55.385767783167786
  ME_THREADED: 46168.890625
  SUMM_CPU: 8224.8455253294014
  SUMM_ME: 2092.1859550882818
SystemInformation:
  OSName: Ubuntu 24.04.4 LTS
  Kernel: 6.8.0-117-generic
  Device: ""
  Processor: Intel(R) Xeon(R) Platinum 8269CY CPU @ 2.50GHz
  NumSockets: 1
  Manufacturer: GenuineIntel
  NumCores: 4
  NumLogicals: 8
  CPUFrequency: 0
  CPUMaxFrequency: 0
  Memory: 15069
  CPUInfo:
    number: 1
    Family: 6
    Model: 5
    stepping: 7
    features: 529267711
    manufacture: GenuineIntel
    typestring: Intel(R) Xeon(R) Platinum 8269CY CPU @ 2.50GHz
    iCoresPerPackage: 4
    iThreadsPerPackage: 2
    featuresEx:
      - 529267711
      - 4277809667
      - 739248128
    bHybrid: false
    nPCore: 0
    nLogicalsPerPCore: 0
    nECore: 0
    nLogicalsPerECore: 0
  MemModuleInfo:
    iNumMemSticks: 1
    DIMM 1:
      manufacturer: Alibaba Cloud
      modulePartNo: Not Specified
      memType: RAM
      size: 16
      clkspeed: 0
      moduleVoltage: 0
Checksum: 7FA9AC6111B1BE870C2204E3B3D86776333AAB5F