---
system-info:
      stress-ng-version: 0.17.08
      run-by: root
      date-yyyy-mm-dd: 2024:06:17
      time-hh-mm-ss: 08:34:07
      epoch-secs: 1718613247
      hostname: d7e3c89db196
      sysname: Linux
      nodename: d7e3c89db196
      release: 6.8.0-1008-aws
      version: '#8-Ubuntu SMP Sat Apr 20 00:46:25 UTC 2024'
      machine: x86_64
      compiler: 'musl-gcc 13.2.1'
      uptime: 249
      totalram: 16555188224
      freeram: 9325514752
      sharedram: 11702272
      bufferram: 114077696
      totalswap: 0
      freeswap: 0
      pagesize: 4096
      cpus: 4
      cpus-online: 4
      ticks-per-second: 100

metrics:
    - stressor: cpu
      bogo-ops: 30622
      bogo-ops-per-second-usr-sys-time: 384.586706
      bogo-ops-per-second-real-time: 1531.088725
      wall-clock-time: 20.000147
      user-time: 79.606152
      system-time: 0.016985
      cpu-usage-per-instance: 99.528188
      max-rss: 976

...
