---
system-info:
      stress-ng-version: 0.17.08
      run-by: root
      date-yyyy-mm-dd: 2024:06:10
      time-hh-mm-ss: 10:58:58
      epoch-secs: 1718017138
      hostname: db058f70d751
      sysname: Linux
      nodename: db058f70d751
      release: 6.8.0-1008-aws
      version: '#8-Ubuntu SMP Sat Apr 20 00:46:25 UTC 2024'
      machine: x86_64
      compiler: 'musl-gcc 13.2.1'
      uptime: 198
      totalram: 16555192320
      freeram: 9846226944
      sharedram: 11661312
      bufferram: 95567872
      totalswap: 0
      freeswap: 0
      pagesize: 4096
      cpus: 4
      cpus-online: 4
      ticks-per-second: 100

metrics:
    - stressor: cpu
      bogo-ops: 44160
      bogo-ops-per-second-usr-sys-time: 1108.362431
      bogo-ops-per-second-real-time: 4414.903801
      wall-clock-time: 10.002483
      user-time: 39.825577
      system-time: 0.016986
      cpu-usage-per-instance: 99.581682
      max-rss: 3920

...
