---
system-info:
      stress-ng-version: 0.17.08
      run-by: root
      date-yyyy-mm-dd: 2024:06:17
      time-hh-mm-ss: 07:47:06
      epoch-secs: 1718610426
      hostname: 04893c75443d
      sysname: Linux
      nodename: 04893c75443d
      release: 6.8.0-1008-aws
      version: '#8-Ubuntu SMP Sat Apr 20 00:46:25 UTC 2024'
      machine: x86_64
      compiler: 'musl-gcc 13.2.1'
      uptime: 248
      totalram: 16555192320
      freeram: 9795059712
      sharedram: 11706368
      bufferram: 99885056
      totalswap: 0
      freeswap: 0
      pagesize: 4096
      cpus: 4
      cpus-online: 4
      ticks-per-second: 100

metrics:
    - stressor: cpu
      bogo-ops: 30681
      bogo-ops-per-second-usr-sys-time: 386.065964
      bogo-ops-per-second-real-time: 1534.039069
      wall-clock-time: 20.000143
      user-time: 79.437931
      system-time: 0.032944
      cpu-usage-per-instance: 99.337886
      max-rss: 976

...
