---
system-info:
      stress-ng-version: 0.17.08
      run-by: root
      date-yyyy-mm-dd: 2024:06:14
      time-hh-mm-ss: 13:43:46
      epoch-secs: 1718372626
      hostname: 6bebd34ec44e
      sysname: Linux
      nodename: 6bebd34ec44e
      release: 6.8.0-1008-aws
      version: '#8-Ubuntu SMP Sat Apr 20 00:46:25 UTC 2024'
      machine: x86_64
      compiler: 'musl-gcc 13.2.1'
      uptime: 227
      totalram: 16555192320
      freeram: 9849896960
      sharedram: 11661312
      bufferram: 95371264
      totalswap: 0
      freeswap: 0
      pagesize: 4096
      cpus: 4
      cpus-online: 4
      ticks-per-second: 100

metrics:
    - stressor: cpu
      bogo-ops: 30707
      bogo-ops-per-second-usr-sys-time: 385.228546
      bogo-ops-per-second-real-time: 1535.337142
      wall-clock-time: 20.000167
      user-time: 79.705128
      system-time: 0.005995
      cpu-usage-per-instance: 99.638069
      max-rss: 976

...
