---
system-info:
      stress-ng-version: 0.17.08
      run-by: root
      date-yyyy-mm-dd: 2024:06:19
      time-hh-mm-ss: 17:12:34
      epoch-secs: 1718817154
      hostname: 625fb78bfd23
      sysname: Linux
      nodename: 625fb78bfd23
      release: 6.8.0-1008-gcp
      version: '#9-Ubuntu SMP Wed May 22 18:40:57 UTC 2024'
      machine: aarch64
      compiler: 'musl-gcc 13.2.1'
      uptime: 153
      totalram: 16730468352
      freeram: 11869261824
      sharedram: 3518464
      bufferram: 127905792
      totalswap: 0
      freeswap: 0
      pagesize: 4096
      cpus: 4
      cpus-online: 4
      ticks-per-second: 100

metrics:
    - stressor: cpu
      bogo-ops: 144441
      bogo-ops-per-second-usr-sys-time: 1814.121436
      bogo-ops-per-second-real-time: 7222.014831
      wall-clock-time: 20.000097
      user-time: 79.615365
      system-time: 0.004994
      cpu-usage-per-instance: 99.524964
      max-rss: 1192

...
