---
system-info:
      stress-ng-version: 0.17.08
      run-by: root
      date-yyyy-mm-dd: 2024:07:03
      time-hh-mm-ss: 18:39:20
      epoch-secs: 1720031960
      hostname: c3-highcpu-192-metal-1819975
      sysname: Linux
      nodename: c3-highcpu-192-metal-1819975
      release: 6.8.0-1009-gcp
      version: '#10-Ubuntu SMP Wed Jun 12 18:52:23 UTC 2024'
      machine: x86_64
      compiler: 'musl-gcc 13.2.1'
      uptime: 318
      totalram: 540810395648
      freeram: 531628675072
      sharedram: 444563456
      bufferram: 133255168
      totalswap: 0
      freeswap: 0
      pagesize: 4096
      cpus: 192
      cpus-online: 192
      ticks-per-second: 100

metrics:
    - stressor: cpu
      bogo-ops: 41365
      bogo-ops-per-second-usr-sys-time: 2068.236143
      bogo-ops-per-second-real-time: 2068.241420
      wall-clock-time: 20.000083
      user-time: 20.000134
      system-time: 0.000000
      cpu-usage-per-instance: 100.000255
      max-rss: 0

...
