---
system-info:
      stress-ng-version: 0.17.08
      run-by: root
      date-yyyy-mm-dd: 2024:09:16
      time-hh-mm-ss: 17:35:06
      epoch-secs: 1726508106
      hostname: sc-runner
      sysname: Linux
      nodename: sc-runner
      release: 6.8.0-1014-azure
      version: '#16-Ubuntu SMP Thu Aug 15 20:04:41 UTC 2024'
      machine: x86_64
      compiler: 'musl-gcc 13.2.1'
      uptime: 299
      totalram: 33647054848
      freeram: 23327608832
      sharedram: 54935552
      bufferram: 231342080
      totalswap: 0
      freeswap: 0
      pagesize: 4096
      cpus: 16
      cpus-online: 16
      ticks-per-second: 100

metrics:
    - stressor: cpu
      bogo-ops: 37982
      bogo-ops-per-second-usr-sys-time: 1899.079015
      bogo-ops-per-second-real-time: 1899.096649
      wall-clock-time: 20.000035
      user-time: 19.999221
      system-time: 0.001000
      cpu-usage-per-instance: 100.000929
      max-rss: 3152

...
