---
system-info:
      stress-ng-version: 0.17.08
      run-by: root
      date-yyyy-mm-dd: 2024:09:05
      time-hh-mm-ss: 09:26:30
      epoch-secs: 1725528390
      hostname: sc-runner
      sysname: Linux
      nodename: sc-runner
      release: 6.8.0-1013-azure
      version: '#15-Ubuntu SMP Thu Aug  8 18:40:40 UTC 2024'
      machine: x86_64
      compiler: 'musl-gcc 13.2.1'
      uptime: 346
      totalram: 33647063040
      freeram: 24867811328
      sharedram: 54943744
      bufferram: 218615808
      totalswap: 0
      freeswap: 0
      pagesize: 4096
      cpus: 16
      cpus-online: 16
      ticks-per-second: 100

metrics:
    - stressor: cpu
      bogo-ops: 37983
      bogo-ops-per-second-usr-sys-time: 1899.139745
      bogo-ops-per-second-real-time: 1899.142914
      wall-clock-time: 20.000075
      user-time: 19.999108
      system-time: 0.001000
      cpu-usage-per-instance: 100.000167
      max-rss: 3152

...
