BaselineInfo:
  WebDBID: -1
  TimeStamp: 20260714184745
Version:
  Major: 11
  Minor: 0
  Build: 1004
  SpecialBuildName: ""
  ptArchitecture: x86_64_linux
Results:
  Results Complete: true
  NumTestProcesses: 16
  CPU_INTEGER_MATH: 127867.73400000003
  CPU_FLOATINGPOINT_MATH: 76951.074447080216
  CPU_PRIME: 167.64081663703314
  CPU_SORTING: 50195.333270603085
  CPU_ENCRYPTION: 24913.712686522711
  CPU_COMPRESSION: 440311.7112352387
  CPU_SINGLETHREAD: 4676.973113226094
  CPU_PHYSICS: 2598.9629294517454
  CPU_MATRIX_MULT_SSE: 32986.32463092843
  CPU_mm: 3244.5802160041112
  CPU_sse: 12207.777500511045
  CPU_fma: 36679.360793014726
  CPU_avx: 35052.467501879109
  CPU_avx512: 48005.692728308823
  m_CPU_enc_SHA: 31660684187.692226
  m_CPU_enc_AES: 25727193761.51281
  m_CPU_enc_ECDSA: 20983885632.74469
  ME_ALLOC_S: 10578.726606969807
  ME_READ_S: 41793.22265625
  ME_READ_L: 39926.4765625
  ME_WRITE: 21552.517578125
  ME_LARGE: 111641.5
  ME_LATENCY: 61.284774338586431
  ME_THREADED: 47924.400390625
  SUMM_CPU: 38356.743978634309
  SUMM_ME: 3323.554335234785
SystemInformation:
  OSName: Ubuntu 24.04.4 LTS
  Kernel: 6.8.0-134-generic
  Device: ""
  Processor: "AMD EPYC 4345P 8-Core Processor                "
  NumSockets: 1
  Manufacturer: AuthenticAMD
  NumCores: 8
  NumLogicals: 16
  CPUFrequency: 5581
  CPUMaxFrequency: 5581
  Memory: 126386
  CPUInfo:
    number: 1
    Family: 15
    Model: 4
    stepping: 0
    features: 395049983
    manufacture: AuthenticAMD
    typestring: "AMD EPYC 4345P 8-Core Processor                "
    iCoresPerPackage: 8
    iThreadsPerPackage: 2
    featuresEx:
      - 395049983
      - 2128097795
      - 802421759
    bHybrid: false
    nPCore: 0
    nLogicalsPerPCore: 0
    nECore: 0
    nLogicalsPerECore: 0
  MemModuleInfo:
    iNumMemSticks: 4
    DIMM 1:
      manufacturer: Micron Technology
      modulePartNo: "MTC20C2085S1EC56BD1 KC        "
      memType: DDR5
      size: 32
      clkspeed: 2800
      moduleVoltage: 1.10000002
    DIMM 2:
      manufacturer: Micron Technology
      modulePartNo: "MTC20C2085S1EC56BD1 KC        "
      memType: DDR5
      size: 32
      clkspeed: 2800
      moduleVoltage: 1.10000002
    DIMM 3:
      manufacturer: Micron Technology
      modulePartNo: "MTC20C2085S1EC56BD1 KC        "
      memType: DDR5
      size: 32
      clkspeed: 2800
      moduleVoltage: 1.10000002
    DIMM 4:
      manufacturer: Micron Technology
      modulePartNo: "MTC20C2085S1EC56BD1 KC        "
      memType: DDR5
      size: 32
      clkspeed: 2800
      moduleVoltage: 1.10000002
Checksum: D7DD79B700BEB91094D3EE216752FCF721C4F2C9