BaselineInfo:
  WebDBID: -1
  TimeStamp: 20260612210821
Version:
  Major: 11
  Minor: 0
  Build: 1004
  SpecialBuildName: ""
  ptArchitecture: x86_64_linux
Results:
  Results Complete: true
  NumTestProcesses: 16
  CPU_INTEGER_MATH: 125919.068
  CPU_FLOATINGPOINT_MATH: 75629.87613874572
  CPU_PRIME: 168.07193539508435
  CPU_SORTING: 49913.313085382892
  CPU_ENCRYPTION: 24362.685409314861
  CPU_COMPRESSION: 428714.79170069739
  CPU_SINGLETHREAD: 4616.4597939750111
  CPU_PHYSICS: 2603.3637853594028
  CPU_MATRIX_MULT_SSE: 31906.72696347618
  CPU_mm: 3141.6556807999636
  CPU_sse: 11883.265989459578
  CPU_fma: 35470.94201915447
  CPU_avx: 33643.628614142726
  CPU_avx512: 46629.071231147936
  m_CPU_enc_SHA: 31014727348.515594
  m_CPU_enc_AES: 25188466352.559483
  m_CPU_enc_ECDSA: 20435187946.198135
  ME_ALLOC_S: 10506.916512662227
  ME_READ_S: 41660.557812500003
  ME_READ_L: 40730.859375
  ME_WRITE: 21692.03125
  ME_LARGE: 111788.5
  ME_LATENCY: 62.790613718117847
  ME_THREADED: 47686.419921875
  SUMM_CPU: 37717.324679303245
  SUMM_ME: 3278.1480016069286
SystemInformation:
  OSName: Ubuntu 24.04.4 LTS
  Kernel: 6.8.0-124-generic
  Device: ""
  Processor: "AMD EPYC 4345P 8-Core Processor                "
  NumSockets: 1
  Manufacturer: AuthenticAMD
  NumCores: 8
  NumLogicals: 16
  CPUFrequency: 5581
  CPUMaxFrequency: 5581
  Memory: 126386
  CPUInfo:
    number: 1
    Family: 15
    Model: 4
    stepping: 0
    features: 395049983
    manufacture: AuthenticAMD
    typestring: "AMD EPYC 4345P 8-Core Processor                "
    iCoresPerPackage: 8
    iThreadsPerPackage: 2
    featuresEx:
      - 395049983
      - 2128097795
      - 802421759
    bHybrid: false
    nPCore: 0
    nLogicalsPerPCore: 0
    nECore: 0
    nLogicalsPerECore: 0
  MemModuleInfo:
    iNumMemSticks: 4
    DIMM 1:
      manufacturer: Micron Technology
      modulePartNo: "MTC20C2085S1EC56BD1 NC        "
      memType: DDR5
      size: 32
      clkspeed: 2800
      moduleVoltage: 1.10000002
    DIMM 2:
      manufacturer: Micron Technology
      modulePartNo: "MTC20C2085S1EC56BD1 NC        "
      memType: DDR5
      size: 32
      clkspeed: 2800
      moduleVoltage: 1.10000002
    DIMM 3:
      manufacturer: Micron Technology
      modulePartNo: "MTC20C2085S1EC56BD1 NC        "
      memType: DDR5
      size: 32
      clkspeed: 2800
      moduleVoltage: 1.10000002
    DIMM 4:
      manufacturer: Micron Technology
      modulePartNo: "MTC20C2085S1EC56BD1 NC        "
      memType: DDR5
      size: 32
      clkspeed: 2800
      moduleVoltage: 1.10000002
Checksum: E6F1A1B52D220FC58FFA8C23D99AB79D45DCF82E