BaselineInfo:
  WebDBID: -1
  TimeStamp: 20260714234505
Version:
  Major: 11
  Minor: 0
  Build: 1004
  SpecialBuildName: ""
  ptArchitecture: x86_64_linux
Results:
  Results Complete: true
  NumTestProcesses: 16
  CPU_INTEGER_MATH: 127570.17300000001
  CPU_FLOATINGPOINT_MATH: 76838.932239118774
  CPU_PRIME: 165.26171721973972
  CPU_SORTING: 49801.400163986575
  CPU_ENCRYPTION: 24846.622970930664
  CPU_COMPRESSION: 439650.02209626476
  CPU_SINGLETHREAD: 4630.2727638231754
  CPU_PHYSICS: 2577.7734999311797
  CPU_MATRIX_MULT_SSE: 32733.753522595802
  CPU_mm: 3230.6719855206552
  CPU_sse: 12154.831486220184
  CPU_fma: 36266.656758812853
  CPU_avx: 34878.497292581647
  CPU_avx512: 47635.028552768519
  m_CPU_enc_SHA: 31564018582.608391
  m_CPU_enc_AES: 25629809329.782433
  m_CPU_enc_ECDSA: 20966889672.70895
  ME_ALLOC_S: 10570.080753941606
  ME_READ_S: 42005.804296875001
  ME_READ_L: 40272.43359375
  ME_WRITE: 21668.943359375
  ME_LARGE: 111738
  ME_LATENCY: 62.139038724106761
  ME_THREADED: 47871.41796875
  SUMM_CPU: 38156.62187956088
  SUMM_ME: 3301.4012191731154
SystemInformation:
  OSName: Ubuntu 24.04.4 LTS
  Kernel: 6.8.0-134-generic
  Device: ""
  Processor: "AMD EPYC 4345P 8-Core Processor                "
  NumSockets: 1
  Manufacturer: AuthenticAMD
  NumCores: 8
  NumLogicals: 16
  CPUFrequency: 5581
  CPUMaxFrequency: 5581
  Memory: 126386
  CPUInfo:
    number: 1
    Family: 15
    Model: 4
    stepping: 0
    features: 395049983
    manufacture: AuthenticAMD
    typestring: "AMD EPYC 4345P 8-Core Processor                "
    iCoresPerPackage: 8
    iThreadsPerPackage: 2
    featuresEx:
      - 395049983
      - 2128097795
      - 802421759
    bHybrid: false
    nPCore: 0
    nLogicalsPerPCore: 0
    nECore: 0
    nLogicalsPerECore: 0
  MemModuleInfo:
    iNumMemSticks: 4
    DIMM 1:
      manufacturer: Micron Technology
      modulePartNo: "MTC20C2085S1EC56BD1 KC        "
      memType: DDR5
      size: 32
      clkspeed: 2800
      moduleVoltage: 1.10000002
    DIMM 2:
      manufacturer: Micron Technology
      modulePartNo: "MTC20C2085S1EC56BD1 KC        "
      memType: DDR5
      size: 32
      clkspeed: 2800
      moduleVoltage: 1.10000002
    DIMM 3:
      manufacturer: Micron Technology
      modulePartNo: "MTC20C2085S1EC56BD1 KC        "
      memType: DDR5
      size: 32
      clkspeed: 2800
      moduleVoltage: 1.10000002
    DIMM 4:
      manufacturer: Micron Technology
      modulePartNo: "MTC20C2085S1EC56BD1 KC        "
      memType: DDR5
      size: 32
      clkspeed: 2800
      moduleVoltage: 1.10000002
Checksum: F9FE7E9C4880AD652823AAD8108762C90BFB4F83