BaselineInfo:
  WebDBID: -1
  TimeStamp: 20260619200007
Version:
  Major: 11
  Minor: 0
  Build: 1004
  SpecialBuildName: ""
  ptArchitecture: x86_64_linux
Results:
  Results Complete: true
  NumTestProcesses: 8
  CPU_INTEGER_MATH: 44433.172666666673
  CPU_FLOATINGPOINT_MATH: 32207.841299255575
  CPU_PRIME: 96.72825025524773
  CPU_SORTING: 23095.129199874198
  CPU_ENCRYPTION: 9873.8234572234433
  CPU_COMPRESSION: 177184.62804522895
  CPU_SINGLETHREAD: 3533.8391434504661
  CPU_PHYSICS: 2052.4431813190067
  CPU_MATRIX_MULT_SSE: 11632.705055295086
  CPU_mm: 1230.5413758267907
  CPU_sse: 5326.0361987908091
  CPU_fma: 14033.11303090511
  CPU_avx: 10608.487740409257
  CPU_avx512: 16563.183251075174
  m_CPU_enc_SHA: 10377732234.86587
  m_CPU_enc_AES: 13556634335.259018
  m_CPU_enc_ECDSA: 7125996346.3197031
  ME_ALLOC_S: 4829.6331852728008
  ME_READ_S: 30245.293554687501
  ME_READ_L: 19194.771484375
  ME_WRITE: 8554.7744140625
  ME_LARGE: 23761.083333333332
  ME_LATENCY: 70.539718083181796
  ME_THREADED: 110193.4052734375
  SUMM_CPU: 16760.771116163785
  SUMM_ME: 2457.4702142585807
SystemInformation:
  OSName: Ubuntu 24.04.4 LTS
  Kernel: 6.17.0-1018-azure
  Device: ""
  Processor: Intel(R) Xeon(R) 6973P-C
  NumSockets: 1
  Manufacturer: GenuineIntel
  NumCores: 4
  NumLogicals: 8
  CPUFrequency: 2600
  CPUMaxFrequency: 2600
  Memory: 32091
  CPUInfo:
    number: 1
    Family: 6
    Model: 13
    stepping: 1
    features: 529267711
    manufacture: GenuineIntel
    typestring: Intel(R) Xeon(R) 6973P-C
    iCoresPerPackage: 4
    iThreadsPerPackage: 2
    featuresEx:
      - 529267711
      - 4294586915
      - 739248128
    bHybrid: false
    nPCore: 0
    nLogicalsPerPCore: 0
    nECore: 0
    nLogicalsPerECore: 0
  MemModuleInfo:
    iNumMemSticks: 2
    DIMM 1:
      manufacturer: Microsoft Corporation
      modulePartNo: None
      memType: Unknown
      size: 1
      clkspeed: 0
      moduleVoltage: 0
    DIMM 2:
      manufacturer: Microsoft Corporation
      modulePartNo: None
      memType: Unknown
      size: 31
      clkspeed: 0
      moduleVoltage: 0
Checksum: 5ABF6892C51B50D3E6B18F44F09A62A73A90FD92