---
system-info:
      stress-ng-version: 0.17.08
      run-by: root
      date-yyyy-mm-dd: 2024:06:08
      time-hh-mm-ss: 05:19:51
      epoch-secs: 1717823991
      hostname: a88a0ffeb42a
      sysname: Linux
      nodename: a88a0ffeb42a
      release: 6.8.0-1008-aws
      version: '#8-Ubuntu SMP Sat Apr 20 00:46:25 UTC 2024'
      machine: x86_64
      compiler: 'musl-gcc 13.2.1'
      uptime: 122
      totalram: 267397984256
      freeram: 262722236416
      sharedram: 40996864
      bufferram: 96665600
      totalswap: 0
      freeswap: 0
      pagesize: 4096
      cpus: 32
      cpus-online: 32
      ticks-per-second: 100

metrics:
    - stressor: cpu
      bogo-ops: 316807
      bogo-ops-per-second-usr-sys-time: 990.960190
      bogo-ops-per-second-real-time: 31675.843592
      wall-clock-time: 10.001533
      user-time: 319.633028
      system-time: 0.063972
      cpu-usage-per-instance: 99.889998
      max-rss: 3848

...
