---
system-info:
      stress-ng-version: 0.17.08
      run-by: root
      date-yyyy-mm-dd: 2024:06:13
      time-hh-mm-ss: 18:43:42
      epoch-secs: 1718304222
      hostname: 5ae5f5a20f72
      sysname: Linux
      nodename: 5ae5f5a20f72
      release: 6.8.0-1008-aws
      version: '#8-Ubuntu SMP Sat Apr 20 00:46:25 UTC 2024'
      machine: x86_64
      compiler: 'musl-gcc 13.2.1'
      uptime: 129
      totalram: 267397996544
      freeram: 262745534464
      sharedram: 40988672
      bufferram: 105668608
      totalswap: 0
      freeswap: 0
      pagesize: 4096
      cpus: 32
      cpus-online: 32
      ticks-per-second: 100

metrics:
    - stressor: cpu
      bogo-ops: 540724
      bogo-ops-per-second-usr-sys-time: 845.504588
      bogo-ops-per-second-real-time: 27036.051150
      wall-clock-time: 20.000110
      user-time: 639.486196
      system-time: 0.041972
      cpu-usage-per-instance: 99.925726
      max-rss: 1032

...
