---
system-info:
      stress-ng-version: 0.17.08
      run-by: root
      date-yyyy-mm-dd: 2024:08:30
      time-hh-mm-ss: 19:26:15
      epoch-secs: 1725045975
      hostname: sc-runner
      sysname: Linux
      nodename: sc-runner
      release: 6.8.0-1013-azure
      version: '#15-Ubuntu SMP Thu Aug  8 18:40:40 UTC 2024'
      machine: x86_64
      compiler: 'musl-gcc 13.2.1'
      uptime: 382
      totalram: 16766070784
      freeram: 8327204864
      sharedram: 42041344
      bufferram: 210280448
      totalswap: 0
      freeswap: 0
      pagesize: 4096
      cpus: 4
      cpus-online: 4
      ticks-per-second: 100

metrics:
    - stressor: cpu
      bogo-ops: 28208
      bogo-ops-per-second-usr-sys-time: 1410.459380
      bogo-ops-per-second-real-time: 1410.393359
      wall-clock-time: 20.000094
      user-time: 19.997159
      system-time: 0.001999
      cpu-usage-per-instance: 99.995319
      max-rss: 3252

...
