---
system-info:
      stress-ng-version: 0.17.08
      run-by: root
      date-yyyy-mm-dd: 2024:09:16
      time-hh-mm-ss: 21:18:59
      epoch-secs: 1726521539
      hostname: sc-runner
      sysname: Linux
      nodename: sc-runner
      release: 6.8.0-1014-azure
      version: '#16-Ubuntu SMP Thu Aug 15 20:04:41 UTC 2024'
      machine: x86_64
      compiler: 'musl-gcc 13.2.1'
      uptime: 343
      totalram: 135067009024
      freeram: 124737957888
      sharedram: 42217472
      bufferram: 247721984
      totalswap: 0
      freeswap: 0
      pagesize: 4096
      cpus: 16
      cpus-online: 16
      ticks-per-second: 100

metrics:
    - stressor: cpu
      bogo-ops: 20773
      bogo-ops-per-second-usr-sys-time: 1038.638990
      bogo-ops-per-second-real-time: 1038.643883
      wall-clock-time: 20.000118
      user-time: 19.999212
      system-time: 0.001000
      cpu-usage-per-instance: 100.000471
      max-rss: 3152

...
