---
system-info:
      stress-ng-version: 0.17.08
      run-by: root
      date-yyyy-mm-dd: 2024:06:12
      time-hh-mm-ss: 19:56:23
      epoch-secs: 1718222183
      hostname: 4bcde9e2d3ad
      sysname: Linux
      nodename: 4bcde9e2d3ad
      release: 6.8.0-1008-aws
      version: '#8-Ubuntu SMP Sat Apr 20 00:46:25 UTC 2024'
      machine: x86_64
      compiler: 'musl-gcc 13.2.1'
      uptime: 129
      totalram: 4023316480
      freeram: 186941440
      sharedram: 7438336
      bufferram: 110186496
      totalswap: 0
      freeswap: 0
      pagesize: 4096
      cpus: 2
      cpus-online: 2
      ticks-per-second: 100

metrics:
    - stressor: cpu
      bogo-ops: 15102
      bogo-ops-per-second-usr-sys-time: 380.652796
      bogo-ops-per-second-real-time: 755.092025
      wall-clock-time: 20.000211
      user-time: 39.665985
      system-time: 0.007965
      cpu-usage-per-instance: 99.183827
      max-rss: 976

...
