---
system-info:
      stress-ng-version: 0.17.08
      run-by: root
      date-yyyy-mm-dd: 2024:06:05
      time-hh-mm-ss: 19:12:53
      epoch-secs: 1717614773
      hostname: 2d72f010e882
      sysname: Linux
      nodename: 2d72f010e882
      release: 6.8.0-1008-aws
      version: '#8-Ubuntu SMP Sat Apr 20 00:46:25 UTC 2024'
      machine: x86_64
      compiler: 'musl-gcc 13.2.1'
      uptime: 115
      totalram: 4023316480
      freeram: 200122368
      sharedram: 7438336
      bufferram: 74858496
      totalswap: 0
      freeswap: 0
      pagesize: 4096
      cpus: 2
      cpus-online: 2
      ticks-per-second: 100

metrics:
    - stressor: cpu
      bogo-ops: 22014
      bogo-ops-per-second-usr-sys-time: 1109.995883
      bogo-ops-per-second-real-time: 2200.585622
      wall-clock-time: 10.003701
      user-time: 19.818534
      system-time: 0.013972
      cpu-usage-per-instance: 99.125846
      max-rss: 4048

...
