---
system-info:
      stress-ng-version: 0.17.08
      run-by: root
      date-yyyy-mm-dd: 2024:06:12
      time-hh-mm-ss: 17:20:04
      epoch-secs: 1718212804
      hostname: 9793f1cd00c1
      sysname: Linux
      nodename: 9793f1cd00c1
      release: 6.8.0-1008-aws
      version: '#8-Ubuntu SMP Sat Apr 20 00:46:25 UTC 2024'
      machine: x86_64
      compiler: 'musl-gcc 13.2.1'
      uptime: 175
      totalram: 4023324672
      freeram: 143790080
      sharedram: 7438336
      bufferram: 103063552
      totalswap: 0
      freeswap: 0
      pagesize: 4096
      cpus: 2
      cpus-online: 2
      ticks-per-second: 100

metrics:
    - stressor: cpu
      bogo-ops: 31235
      bogo-ops-per-second-usr-sys-time: 787.730421
      bogo-ops-per-second-real-time: 1561.747608
      wall-clock-time: 20.000031
      user-time: 39.645903
      system-time: 0.005987
      cpu-usage-per-instance: 99.129573
      max-rss: 1104

...
