BaselineInfo:
  WebDBID: -1
  TimeStamp: 20260403210148
Version:
  Major: 11
  Minor: 0
  Build: 1004
  SpecialBuildName: ""
  ptArchitecture: x86_64_linux
Results:
  Results Complete: true
  NumTestProcesses: 4
  CPU_INTEGER_MATH: 16607.207666666665
  CPU_FLOATINGPOINT_MATH: 8505.6190439933016
  CPU_PRIME: 29.818962821101977
  CPU_SORTING: 8656.3473165096566
  CPU_ENCRYPTION: 2101.3650466964596
  CPU_COMPRESSION: 62290.58245299659
  CPU_SINGLETHREAD: 2335.4002221322817
  CPU_PHYSICS: 645.34155094142818
  CPU_MATRIX_MULT_SSE: 3386.8185293350243
  CPU_mm: 356.09142204265561
  CPU_sse: 1573.4968715705991
  CPU_fma: 4323.8677066264745
  CPU_avx: 3202.634384461584
  CPU_avx512: 4447.2751546814407
  m_CPU_enc_SHA: 594919503.76265407
  m_CPU_enc_AES: 5474436960.2633133
  m_CPU_enc_ECDSA: 540966401.5883925
  ME_ALLOC_S: 1857.1472463804193
  ME_READ_S: 23909.37890625
  ME_READ_L: 9464.822265625
  ME_WRITE: 8937.2568359375
  ME_LARGE: 1587
  ME_LATENCY: 61.253990195950735
  ME_THREADED: 25736.54345703125
  SUMM_CPU: 5283.7294718916182
  SUMM_ME: 1470.8827474168099
SystemInformation:
  OSName: Ubuntu 24.04.4 LTS
  Kernel: 6.8.0-106-generic
  Device: ""
  Processor: Intel(R) Xeon(R) Platinum
  NumSockets: 1
  Manufacturer: GenuineIntel
  NumCores: 2
  NumLogicals: 4
  CPUFrequency: 0
  CPUMaxFrequency: 0
  Memory: 3498
  CPUInfo:
    number: 1
    Family: 6
    Model: 5
    stepping: 4
    features: 529267711
    manufacture: GenuineIntel
    typestring: Intel(R) Xeon(R) Platinum
    iCoresPerPackage: 2
    iThreadsPerPackage: 2
    featuresEx:
      - 529267711
      - 4294586883
      - 739248128
    bHybrid: false
    nPCore: 0
    nLogicalsPerPCore: 0
    nECore: 0
    nLogicalsPerECore: 0
  MemModuleInfo:
    iNumMemSticks: 1
    DIMM 1:
      manufacturer: Alibaba Cloud
      modulePartNo: Not Specified
      memType: RAM
      size: 4
      clkspeed: 0
      moduleVoltage: 0
Checksum: 950343DCDABDBFA085A6F57A5CC44EE26390E8E0