BaselineInfo:
  WebDBID: -1
  TimeStamp: 20260218143848
Version:
  Major: 11
  Minor: 0
  Build: 1004
  SpecialBuildName: ""
  ptArchitecture: x86_64_linux
Results:
  Results Complete: true
  NumTestProcesses: 96
  CPU_INTEGER_MATH: 811352.59466666693
  CPU_FLOATINGPOINT_MATH: 810308.32814335148
  CPU_PRIME: 2902.8288907231095
  CPU_SORTING: 457599.234452262
  CPU_ENCRYPTION: 168493.8836121042
  CPU_COMPRESSION: 3333101.3537501157
  CPU_SINGLETHREAD: 4259.6936749106035
  CPU_PHYSICS: 42314.778503631744
  CPU_MATRIX_MULT_SSE: 290936.0504438192
  CPU_mm: 34356.344140340858
  CPU_sse: 107308.93438045227
  CPU_fma: 391121.6560653362
  CPU_avx: 218705.93021982512
  CPU_avx512: 446607.68110966287
  m_CPU_enc_SHA: 234008517892.67932
  m_CPU_enc_AES: 146589460435.42255
  m_CPU_enc_ECDSA: 149437949179.23553
  ME_ALLOC_S: 46586.76275184445
  ME_READ_S: 37857.204296875003
  ME_READ_L: 35915.94921875
  ME_WRITE: 35663.53125
  ME_LARGE: 364163.91666666669
  ME_LATENCY: 89.163588058412884
  ME_THREADED: 1265027.712890625
  SUMM_CPU: 167635.17531860014
  SUMM_ME: 2842.8219465014313
SystemInformation:
  OSName: Ubuntu 24.04.3 LTS
  Kernel: 6.14.0-1018-aws
  Device: ""
  Processor: AMD EPYC 9R05
  NumSockets: 2
  Manufacturer: AuthenticAMD
  NumCores: 96
  NumLogicals: 96
  CPUFrequency: 0
  CPUMaxFrequency: 0
  Memory: 379801
  CPUInfo:
    number: 2
    Family: 15
    Model: 2
    stepping: 1
    features: 395049983
    manufacture: AuthenticAMD
    typestring: AMD EPYC 9R05
    iCoresPerPackage: 48
    iThreadsPerPackage: 1
    featuresEx:
      - 395049983
      - 4277809667
      - 802421759
    bHybrid: false
    nPCore: 0
    nLogicalsPerPCore: 0
    nECore: 0
    nLogicalsPerECore: 0
  MemModuleInfo:
    iNumMemSticks: 2
    DIMM 1:
      manufacturer: Not Specified
      modulePartNo: Not Specified
      memType: DDR5
      size: 192
      clkspeed: 3200
      moduleVoltage: 0
    DIMM 2:
      manufacturer: Not Specified
      modulePartNo: Not Specified
      memType: DDR5
      size: 192
      clkspeed: 3200
      moduleVoltage: 0
Checksum: 0C4604F7F1B1F6A80CF8B48834BB6C420491416F