---
system-info:
      stress-ng-version: 0.17.08
      run-by: root
      date-yyyy-mm-dd: 2024:06:15
      time-hh-mm-ss: 14:56:12
      epoch-secs: 1718463372
      hostname: a394478a65f5
      sysname: Linux
      nodename: a394478a65f5
      release: 6.8.0-1008-aws
      version: '#8-Ubuntu SMP Sat Apr 20 00:46:25 UTC 2024'
      machine: x86_64
      compiler: 'musl-gcc 13.2.1'
      uptime: 157
      totalram: 66862313472
      freeram: 62494404608
      sharedram: 11673600
      bufferram: 108523520
      totalswap: 0
      freeswap: 0
      pagesize: 4096
      cpus: 8
      cpus-online: 8
      ticks-per-second: 100

metrics:
    - stressor: cpu
      bogo-ops: 47245
      bogo-ops-per-second-usr-sys-time: 296.463495
      bogo-ops-per-second-real-time: 2362.231196
      wall-clock-time: 20.000159
      user-time: 159.319981
      system-time: 0.041967
      cpu-usage-per-instance: 99.600425
      max-rss: 1232

...
