---
system-info:
      stress-ng-version: 0.17.08
      run-by: root
      date-yyyy-mm-dd: 2024:06:09
      time-hh-mm-ss: 12:35:45
      epoch-secs: 1717936545
      hostname: 36e04096e7a7
      sysname: Linux
      nodename: 36e04096e7a7
      release: 6.8.0-1008-aws
      version: '#8-Ubuntu SMP Sat Apr 20 00:46:25 UTC 2024'
      machine: x86_64
      compiler: 'musl-gcc 13.2.1'
      uptime: 153
      totalram: 66862313472
      freeram: 62372220928
      sharedram: 11673600
      bufferram: 107626496
      totalswap: 0
      freeswap: 0
      pagesize: 4096
      cpus: 8
      cpus-online: 8
      ticks-per-second: 100

metrics:
    - stressor: cpu
      bogo-ops: 61675
      bogo-ops-per-second-usr-sys-time: 773.884481
      bogo-ops-per-second-real-time: 6166.259211
      wall-clock-time: 10.002012
      user-time: 79.673378
      system-time: 0.021979
      cpu-usage-per-instance: 99.599155
      max-rss: 4048

...
