BaselineInfo:
  WebDBID: -1
  TimeStamp: 20241107073910
Version:
  Major: 11
  Minor: 0
  Build: 1002
  SpecialBuildName: ""
  ptArchitecture: x86_64_linux
Results:
  Results Complete: true
  NumTestProcesses: 2
  CPU_INTEGER_MATH: 10389.240666666667
  CPU_FLOATINGPOINT_MATH: 8629.0495605099604
  CPU_PRIME: 33.462888694106823
  CPU_SORTING: 6248.9176068583774
  CPU_ENCRYPTION: 2330.146400564804
  CPU_COMPRESSION: 44537.405843362634
  CPU_SINGLETHREAD: 2434.1886542996322
  CPU_PHYSICS: 571.24808506055774
  CPU_MATRIX_MULT_SSE: 3500.47904222343
  CPU_mm: 483.23499672292979
  CPU_sse: 1569.4800237928225
  CPU_fma: 4391.1881166776857
  CPU_avx: 3331.9041148825213
  CPU_avx512: 4709.3439135406898
  m_CPU_enc_SHA: 2735539578.7158165
  m_CPU_enc_AES: 2821032816.3776321
  m_CPU_enc_ECDSA: 1773434381.2624717
  ME_ALLOC_S: 2022.4358419518157
  ME_READ_S: 24527.057031249999
  ME_READ_L: 11893.7529296875
  ME_WRITE: 10821.416015625
  ME_LARGE: 6004
  ME_LATENCY: 58.450101552453226
  ME_THREADED: 22838.3955078125
  SUMM_CPU: 4538.3803876626562
  SUMM_ME: 2018.1576935067153
SystemInformation:
  OSName: Ubuntu 24.04.1 LTS
  Kernel: 6.8.0-1017-azure
  Device: ""
  Processor: Intel Xeon Platinum 8370C CPU @ 2.80GHz
  NumSockets: 1
  Manufacturer: GenuineIntel
  NumCores: 2
  NumLogicals: 2
  CPUFrequency: 2800
  Memory: 15989
  MemModuleInfo:
    iNumMemSticks: 3
    DIMM 1:
      manufacturer: Microsoft Corporation
      modulePartNo: None
      memType: Unknown
      size: 1
      clkspeed: 0
      moduleVoltage: 0
    DIMM 2:
      manufacturer: Microsoft Corporation
      modulePartNo: None
      memType: Unknown
      size: 15
      clkspeed: 0
      moduleVoltage: 0
    DIMM 3:
      manufacturer: Microsoft Corporation
      modulePartNo: None
      memType: Unknown
      size: 8
      clkspeed: 0
      moduleVoltage: 0
Checksum: 396826292FA33623A4526323091B74CFEA8FD86C