BaselineInfo:
  WebDBID: -1
  TimeStamp: 20241107110756
Version:
  Major: 11
  Minor: 0
  Build: 1002
  SpecialBuildName: ""
  ptArchitecture: x86_64_linux
Results:
  Results Complete: true
  NumTestProcesses: 4
  CPU_INTEGER_MATH: 15035.883
  CPU_FLOATINGPOINT_MATH: 10827.514427897617
  CPU_PRIME: 32.791180453634084
  CPU_SORTING: 7759.4062164251118
  CPU_ENCRYPTION: 3380.2616628983087
  CPU_COMPRESSION: 58829.028516244245
  CPU_SINGLETHREAD: 2323.0129539347481
  CPU_PHYSICS: 767.41518182098969
  CPU_MATRIX_MULT_SSE: 4202.8164588624741
  CPU_mm: 432.79692883299833
  CPU_sse: 1870.9123423072733
  CPU_fma: 4841.8396646485753
  CPU_avx: 3593.0168287451879
  CPU_avx512: 6505.4969997488606
  m_CPU_enc_SHA: 3564723790.9048004
  m_CPU_enc_AES: 4603020646.3147736
  m_CPU_enc_ECDSA: 2465639323.0861969
  ME_ALLOC_S: 1830.2315043318154
  ME_READ_S: 21294.009570312501
  ME_READ_L: 6966.3388671875
  ME_WRITE: 6683.78564453125
  ME_LARGE: 620.83333333333337
  ME_LATENCY: 76.478573653597735
  ME_THREADED: 21063.22802734375
  SUMM_CPU: 5901.5532771786593
  SUMM_ME: 900.01722751622992
SystemInformation:
  OSName: Ubuntu 24.04.1 LTS
  Kernel: 6.8.0-1015-gcp
  Device: ""
  Processor: INTEL XEON PLATINUM 8581C CPU @ 2.10GHz
  NumSockets: 1
  Manufacturer: GenuineIntel
  NumCores: 2
  NumLogicals: 4
  CPUFrequency: 0
  Memory: 7937
  MemModuleInfo:
    iNumMemSticks: 1
    DIMM 1:
      manufacturer: ""
      modulePartNo: ""
      memType: RAM
      size: 8
      clkspeed: 0
      moduleVoltage: 0
Checksum: 73AF224DB7BD5975FBDD1FB8C152D67C708E4154