BaselineInfo:
  WebDBID: -1
  TimeStamp: 20260404203549
Version:
  Major: 11
  Minor: 0
  Build: 1004
  SpecialBuildName: ""
  ptArchitecture: x86_64_linux
Results:
  Results Complete: true
  NumTestProcesses: 16
  CPU_INTEGER_MATH: 39311.516666666677
  CPU_FLOATINGPOINT_MATH: 21104.715874311303
  CPU_PRIME: 63.551338477705144
  CPU_SORTING: 23851.503486982361
  CPU_ENCRYPTION: 5450.4007583362863
  CPU_COMPRESSION: 181166.09323167789
  CPU_SINGLETHREAD: 1686.8048098459431
  CPU_PHYSICS: 1232.4907354403858
  CPU_MATRIX_MULT_SSE: 11913.396173095047
  CPU_mm: 1197.5011159711141
  CPU_sse: 4320.9441353027705
  CPU_fma: 14602.835817822281
  CPU_avx: 10334.472006945478
  CPU_avx512: 18395.332732309664
  m_CPU_enc_SHA: 1776409845.1592121
  m_CPU_enc_AES: 13759226174.68914
  m_CPU_enc_ECDSA: 1609842256.8713379
  ME_ALLOC_S: 4302.6349506343067
  ME_READ_S: 19558.014062499999
  ME_READ_L: 6220.05712890625
  ME_WRITE: 6712.73876953125
  ME_LARGE: 50541.666666666664
  ME_LATENCY: 78.859825494324227
  ME_THREADED: 67985.83154296875
  SUMM_CPU: 12919.131475464183
  SUMM_ME: 1748.2787998711251
SystemInformation:
  OSName: Ubuntu 24.04.4 LTS
  Kernel: 6.8.0-106-generic
  Device: ""
  Processor: Intel(R) Xeon(R) Platinum 8163 CPU @ 2.50GHz
  NumSockets: 1
  Manufacturer: GenuineIntel
  NumCores: 8
  NumLogicals: 16
  CPUFrequency: 2500
  CPUMaxFrequency: 3100
  Memory: 63789
  CPUInfo:
    number: 1
    Family: 6
    Model: 5
    stepping: 4
    features: 529267711
    manufacture: GenuineIntel
    typestring: Intel(R) Xeon(R) Platinum 8163 CPU @ 2.50GHz
    iCoresPerPackage: 8
    iThreadsPerPackage: 2
    featuresEx:
      - 529267711
      - 4294586883
      - 739248128
    bHybrid: false
    nPCore: 0
    nLogicalsPerPCore: 0
    nECore: 0
    nLogicalsPerECore: 0
  MemModuleInfo:
    iNumMemSticks: 4
    DIMM 1:
      manufacturer: Alibaba Cloud
      modulePartNo: Not Specified
      memType: RAM
      size: 16
      clkspeed: 0
      moduleVoltage: 0
    DIMM 2:
      manufacturer: Alibaba Cloud
      modulePartNo: Not Specified
      memType: RAM
      size: 16
      clkspeed: 0
      moduleVoltage: 0
    DIMM 3:
      manufacturer: Alibaba Cloud
      modulePartNo: Not Specified
      memType: RAM
      size: 16
      clkspeed: 0
      moduleVoltage: 0
    DIMM 4:
      manufacturer: Alibaba Cloud
      modulePartNo: Not Specified
      memType: RAM
      size: 16
      clkspeed: 0
      moduleVoltage: 0
Checksum: A513CC714A61BED091DCA5B35966244CE0A21531