---
system-info:
      stress-ng-version: 0.17.08
      run-by: root
      date-yyyy-mm-dd: 2024:06:09
      time-hh-mm-ss: 09:41:56
      epoch-secs: 1717926116
      hostname: e8b167633343
      sysname: Linux
      nodename: e8b167633343
      release: 6.8.0-1008-aws
      version: '#8-Ubuntu SMP Sat Apr 20 00:46:25 UTC 2024'
      machine: x86_64
      compiler: 'musl-gcc 13.2.1'
      uptime: 112
      totalram: 132914020352
      freeram: 128165117952
      sharedram: 113799168
      bufferram: 105910272
      totalswap: 0
      freeswap: 0
      pagesize: 4096
      cpus: 32
      cpus-online: 32
      ticks-per-second: 100

metrics:
    - stressor: cpu
      bogo-ops: 458810
      bogo-ops-per-second-usr-sys-time: 1434.881629
      bogo-ops-per-second-real-time: 45874.837417
      wall-clock-time: 10.001343
      user-time: 319.723923
      system-time: 0.030676
      cpu-usage-per-instance: 99.909891
      max-rss: 3848

...
