---
system-info:
      stress-ng-version: 0.17.08
      run-by: root
      date-yyyy-mm-dd: 2024:06:15
      time-hh-mm-ss: 11:29:35
      epoch-secs: 1718450975
      hostname: c20aba7fa564
      sysname: Linux
      nodename: c20aba7fa564
      release: 6.8.0-1008-aws
      version: '#8-Ubuntu SMP Sat Apr 20 00:46:25 UTC 2024'
      machine: x86_64
      compiler: 'musl-gcc 13.2.1'
      uptime: 122
      totalram: 132913991680
      freeram: 128291717120
      sharedram: 113799168
      bufferram: 108281856
      totalswap: 0
      freeswap: 0
      pagesize: 4096
      cpus: 32
      cpus-online: 32
      ticks-per-second: 100

metrics:
    - stressor: cpu
      bogo-ops: 587850
      bogo-ops-per-second-usr-sys-time: 919.101271
      bogo-ops-per-second-real-time: 29392.371989
      wall-clock-time: 20.000087
      user-time: 639.566686
      system-time: 0.025510
      cpu-usage-per-instance: 99.935845
      max-rss: 1032

...
