BaselineInfo:
  WebDBID: -1
  TimeStamp: 20241115153002
Version:
  Major: 11
  Minor: 0
  Build: 1002
  SpecialBuildName: ""
  ptArchitecture: aarch64_linux
Results:
  Results Complete: true
  NumTestProcesses: 4
  CPU_INTEGER_MATH: 25189.640333333333
  CPU_FLOATINGPOINT_MATH: 21163.028956803653
  CPU_PRIME: 56.716831351625309
  CPU_SORTING: 20607.049710330888
  CPU_ENCRYPTION: 745.7469564478979
  CPU_COMPRESSION: 27262.93097908557
  CPU_SINGLETHREAD: 1881.4719416775349
  CPU_PHYSICS: 1306.5857114250387
  CPU_MATRIX_MULT_SSE: 3570.3321794753083
  CPU_mm: 572.16258123544753
  CPU_sse: 3014.4950432702244
  CPU_fma: 4126.1693156803922
  CPU_avx: 0
  CPU_avx512: 0
  m_CPU_enc_SHA: 1088860208.6990623
  m_CPU_enc_AES: 483887737.45672482
  m_CPU_enc_ECDSA: 773169135.65714633
  ME_ALLOC_S: 4981.84698231332
  ME_READ_S: 25601.844531250001
  ME_READ_L: 19516.267578125
  ME_WRITE: 25734.724609375
  ME_LARGE: 891.58333333333337
  ME_LATENCY: 52.025949619251641
  ME_THREADED: 77092.572265625
  SUMM_CPU: 3988.9673828724667
  SUMM_ME: 1481.3304652277702
SystemInformation:
  OSName: Ubuntu 24.04.1 LTS
  Kernel: 6.8.0-1017-azure
  Device: ""
  Processor: ARM Neoverse-N2 4 Core 0 MHz
  NumSockets: 1
  Manufacturer: ARM
  NumCores: 4
  NumLogicals: 4
  CPUFrequency: 0
  Memory: 7922
Checksum: 1A2F0862A7DA2D575F422A17D5C691333BC24849