BaselineInfo:
  WebDBID: -1
  TimeStamp: 20241114230327
Version:
  Major: 11
  Minor: 0
  Build: 1002
  SpecialBuildName: ""
  ptArchitecture: aarch64_linux
Results:
  Results Complete: true
  NumTestProcesses: 4
  CPU_INTEGER_MATH: 25188.788333333334
  CPU_FLOATINGPOINT_MATH: 21158.740815875179
  CPU_PRIME: 55.248069827173019
  CPU_SORTING: 20601.105514150611
  CPU_ENCRYPTION: 749.28242484601958
  CPU_COMPRESSION: 27287.446524890373
  CPU_SINGLETHREAD: 1881.6350959212646
  CPU_PHYSICS: 1304.7813962264099
  CPU_MATRIX_MULT_SSE: 3572.7768855977142
  CPU_mm: 574.32516110198594
  CPU_sse: 3013.3184812727104
  CPU_fma: 4132.235289922718
  CPU_avx: 0
  CPU_avx512: 0
  m_CPU_enc_SHA: 1099241155.4289575
  m_CPU_enc_AES: 483089202.67587936
  m_CPU_enc_ECDSA: 774708345.64118278
  ME_ALLOC_S: 5020.6623109576003
  ME_READ_S: 25414.909960937501
  ME_READ_L: 19340.306640625
  ME_WRITE: 25717.654296875
  ME_LARGE: 860.91666666666663
  ME_LATENCY: 54.655553689373704
  ME_THREADED: 73839.123046875
  SUMM_CPU: 3996.1590699598287
  SUMM_ME: 1434.3398925934416
SystemInformation:
  OSName: Ubuntu 24.04.1 LTS
  Kernel: 6.8.0-1017-azure
  Device: ""
  Processor: ARM Neoverse-N2 4 Core 0 MHz
  NumSockets: 1
  Manufacturer: ARM
  NumCores: 4
  NumLogicals: 4
  CPUFrequency: 0
  Memory: 7922
Checksum: 0D9E154285568EC650610155D595C05276FD6B12