BaselineInfo:
  WebDBID: -1
  TimeStamp: 20241107044255
Version:
  Major: 11
  Minor: 0
  Build: 1002
  SpecialBuildName: ""
  ptArchitecture: aarch64_linux
Results:
  Results Complete: true
  NumTestProcesses: 4
  CPU_INTEGER_MATH: 25163.559666666668
  CPU_FLOATINGPOINT_MATH: 21132.334615485415
  CPU_PRIME: 55.302754812475001
  CPU_SORTING: 20449.027417285433
  CPU_ENCRYPTION: 747.65190104234762
  CPU_COMPRESSION: 27377.00751085053
  CPU_SINGLETHREAD: 1877.446517400854
  CPU_PHYSICS: 1307.3586290368748
  CPU_MATRIX_MULT_SSE: 3568.9964201826506
  CPU_mm: 572.28664123442672
  CPU_sse: 3010.807198902583
  CPU_fma: 4127.1856414627182
  CPU_avx: 0
  CPU_avx512: 0
  m_CPU_enc_SHA: 1098183421.5540662
  m_CPU_enc_AES: 482390724.18194389
  m_CPU_enc_ECDSA: 771335373.62613213
  ME_ALLOC_S: 4994.3597596065474
  ME_READ_S: 25584.674999999999
  ME_READ_L: 18860.00390625
  ME_WRITE: 25660.4140625
  ME_LARGE: 921.83333333333337
  ME_LATENCY: 53.044813896462784
  ME_THREADED: 72897.62890625
  SUMM_CPU: 3994.2415431204704
  SUMM_ME: 1495.6241545200353
SystemInformation:
  OSName: Ubuntu 24.04.1 LTS
  Kernel: 6.8.0-1017-azure
  Device: ""
  Processor: ARM Neoverse-N2 4 Core 0 MHz
  NumSockets: 1
  Manufacturer: ARM
  NumCores: 4
  NumLogicals: 4
  CPUFrequency: 0
  Memory: 7922
Checksum: 920AC6487A1AD2313A628128DE817DC7DFD15F08