---
system-info:
      stress-ng-version: 0.17.08
      run-by: root
      date-yyyy-mm-dd: 2024:06:08
      time-hh-mm-ss: 02:54:49
      epoch-secs: 1717815289
      hostname: 324c40bf0ae5
      sysname: Linux
      nodename: 324c40bf0ae5
      release: 6.8.0-1008-aws
      version: '#8-Ubuntu SMP Sat Apr 20 00:46:25 UTC 2024'
      machine: x86_64
      compiler: 'musl-gcc 13.2.1'
      uptime: 132
      totalram: 401274114048
      freeram: 396580327424
      sharedram: 40943616
      bufferram: 95961088
      totalswap: 0
      freeswap: 0
      pagesize: 4096
      cpus: 48
      cpus-online: 48
      ticks-per-second: 100

metrics:
    - stressor: cpu
      bogo-ops: 14995
      bogo-ops-per-second-usr-sys-time: 1499.022711
      bogo-ops-per-second-real-time: 1499.037919
      wall-clock-time: 10.003083
      user-time: 10.002184
      system-time: 0.001000
      cpu-usage-per-instance: 100.001015
      max-rss: 3840

...
