---
system-info:
      stress-ng-version: 0.17.08
      run-by: root
      date-yyyy-mm-dd: 2024:06:13
      time-hh-mm-ss: 15:56:28
      epoch-secs: 1718294188
      hostname: 0e08528d1c97
      sysname: Linux
      nodename: 0e08528d1c97
      release: 6.8.0-1008-aws
      version: '#8-Ubuntu SMP Sat Apr 20 00:46:25 UTC 2024'
      machine: x86_64
      compiler: 'musl-gcc 13.2.1'
      uptime: 155
      totalram: 401274105856
      freeram: 396575617024
      sharedram: 40935424
      bufferram: 107302912
      totalswap: 0
      freeswap: 0
      pagesize: 4096
      cpus: 48
      cpus-online: 48
      ticks-per-second: 100

metrics:
    - stressor: cpu
      bogo-ops: 27639
      bogo-ops-per-second-usr-sys-time: 1381.949171
      bogo-ops-per-second-real-time: 1381.946343
      wall-clock-time: 20.000053
      user-time: 20.000012
      system-time: 0.000000
      cpu-usage-per-instance: 99.999795
      max-rss: 768

...
