BaselineInfo:
  WebDBID: -1
  TimeStamp: 20241109101833
Version:
  Major: 11
  Minor: 0
  Build: 1002
  SpecialBuildName: ""
  ptArchitecture: x86_64_linux
Results:
  Results Complete: true
  NumTestProcesses: 64
  CPU_INTEGER_MATH: 216050.42033333337
  CPU_FLOATINGPOINT_MATH: 128936.7441282912
  CPU_PRIME: 302.48549774978949
  CPU_SORTING: 127465.50340339621
  CPU_ENCRYPTION: 68385.191761055787
  CPU_COMPRESSION: 951201.9816825958
  CPU_SINGLETHREAD: 2134.0151018941679
  CPU_PHYSICS: 5289.057355946532
  CPU_MATRIX_MULT_SSE: 57190.978597085072
  CPU_mm: 6276.2148958931457
  CPU_sse: 26044.866029507011
  CPU_fma: 81791.056691419319
  CPU_avx: 63737.013070328874
  CPU_avx512: 0
  m_CPU_enc_SHA: 96608888791.778336
  m_CPU_enc_AES: 66143129081.083221
  m_CPU_enc_ECDSA: 52369194635.260979
  ME_ALLOC_S: 21377.089104179642
  ME_READ_S: 24592.437695312499
  ME_READ_L: 12693.1767578125
  ME_WRITE: 13371.2119140625
  ME_LARGE: 115761
  ME_LATENCY: 51.470028393852544
  ME_THREADED: 115149.47229003906
  SUMM_CPU: 55685.243522261422
  SUMM_ME: 2897.1809110596619
SystemInformation:
  OSName: Ubuntu 24.04.1 LTS
  Kernel: 6.8.0-1016-aws
  Device: ""
  Processor: AMD EPYC 7R32
  NumSockets: 1
  Manufacturer: AuthenticAMD
  NumCores: 32
  NumLogicals: 64
  CPUFrequency: 0
  Memory: 127413
  MemModuleInfo:
    iNumMemSticks: 1
    DIMM 1:
      manufacturer: Not Specified
      modulePartNo: Not Specified
      memType: DDR4
      size: 128
      clkspeed: 1466
      moduleVoltage: 0
Checksum: B287C3F4C6577ECBCB84169E24BD622823219B0B