BaselineInfo:
  WebDBID: -1
  TimeStamp: 20260402230334
Version:
  Major: 11
  Minor: 0
  Build: 1004
  SpecialBuildName: ""
  ptArchitecture: x86_64_linux
Results:
  Results Complete: true
  NumTestProcesses: 2
  CPU_INTEGER_MATH: 6567.1213333333326
  CPU_FLOATINGPOINT_MATH: 4840.0320398658187
  CPU_PRIME: 16.942936618751965
  CPU_SORTING: 4127.3364046195229
  CPU_ENCRYPTION: 755.59912727653614
  CPU_COMPRESSION: 29080.395748116607
  CPU_SINGLETHREAD: 1966.7387387603571
  CPU_PHYSICS: 312.52487171686516
  CPU_MATRIX_MULT_SSE: 2029.2860773107764
  CPU_mm: 240.03723920588794
  CPU_sse: 818.81233692960177
  CPU_fma: 3099.7220777730163
  CPU_avx: 1615.8080690886509
  CPU_avx512: 2582.8018254518365
  m_CPU_enc_SHA: 413968345.00417876
  m_CPU_enc_AES: 1604413996.5303698
  m_CPU_enc_ECDSA: 358526989.91481471
  ME_ALLOC_S: 677.83447465781387
  ME_READ_S: 21815.932812499999
  ME_READ_L: 8775.810546875
  ME_WRITE: 8337.9482421875
  ME_LARGE: 1019.9166666666666
  ME_LATENCY: 58.735741059528813
  ME_THREADED: 10767.77783203125
  SUMM_CPU: 2464.2599614189912
  SUMM_ME: 1088.8487537235699
SystemInformation:
  OSName: Ubuntu 24.04.4 LTS
  Kernel: 6.8.0-106-generic
  Device: ""
  Processor: Intel(R) Xeon(R) Platinum 8269CY CPU @ 2.50GHz
  NumSockets: 1
  Manufacturer: GenuineIntel
  NumCores: 1
  NumLogicals: 2
  CPUFrequency: 0
  CPUMaxFrequency: 0
  Memory: 3455
  CPUInfo:
    number: 1
    Family: 6
    Model: 5
    stepping: 7
    features: 529267711
    manufacture: GenuineIntel
    typestring: Intel(R) Xeon(R) Platinum 8269CY CPU @ 2.50GHz
    iCoresPerPackage: 1
    iThreadsPerPackage: 2
    featuresEx:
      - 529267711
      - 4277809667
      - 739248128
    bHybrid: false
    nPCore: 0
    nLogicalsPerPCore: 0
    nECore: 0
    nLogicalsPerECore: 0
  MemModuleInfo:
    iNumMemSticks: 1
    DIMM 1:
      manufacturer: Alibaba Cloud
      modulePartNo: Not Specified
      memType: RAM
      size: 4
      clkspeed: 0
      moduleVoltage: 0
Checksum: 5496D48EC5AF741010D8B24253211917A2A008BB