BaselineInfo:
  WebDBID: -1
  TimeStamp: 20241108184333
Version:
  Major: 11
  Minor: 0
  Build: 1002
  SpecialBuildName: ""
  ptArchitecture: x86_64_linux
Results:
  Results Complete: true
  NumTestProcesses: 32
  CPU_INTEGER_MATH: 134124.538
  CPU_FLOATINGPOINT_MATH: 68577.329150487931
  CPU_PRIME: 174.46484769656141
  CPU_SORTING: 68013.488047012986
  CPU_ENCRYPTION: 29101.673923992603
  CPU_COMPRESSION: 490154.96166350954
  CPU_SINGLETHREAD: 2358.1475363309546
  CPU_PHYSICS: 3195.876572042162
  CPU_MATRIX_MULT_SSE: 28239.369462240214
  CPU_mm: 2890.4346716744494
  CPU_sse: 12713.557816960189
  CPU_fma: 34984.21205841536
  CPU_avx: 25823.488799907333
  CPU_avx512: 39436.219173677971
  m_CPU_enc_SHA: 29411668160.073708
  m_CPU_enc_AES: 44251818676.398346
  m_CPU_enc_ECDSA: 17882463673.101337
  ME_ALLOC_S: 14689.732044509019
  ME_READ_S: 24302.613671874999
  ME_READ_L: 11862.099609375
  ME_WRITE: 10774.630859375
  ME_LARGE: 52766
  ME_LATENCY: 61.037351282709949
  ME_THREADED: 128006.54150390625
  SUMM_CPU: 36326.976226428313
  SUMM_ME: 2554.0332900854883
SystemInformation:
  OSName: Ubuntu 24.04.1 LTS
  Kernel: 6.8.0-1016-aws
  Device: ""
  Processor: Intel Xeon Platinum 8375C CPU @ 2.90GHz
  NumSockets: 1
  Manufacturer: GenuineIntel
  NumCores: 16
  NumLogicals: 32
  CPUFrequency: 0
  Memory: 63252
  MemModuleInfo:
    iNumMemSticks: 1
    DIMM 1:
      manufacturer: Not Specified
      modulePartNo: Not Specified
      memType: DDR4
      size: 64
      clkspeed: 1600
      moduleVoltage: 0
Checksum: E4A3684F4721675D5BDEE5F3072A409B3199385B