BaselineInfo:
  WebDBID: -1
  TimeStamp: 20241114202913
Version:
  Major: 11
  Minor: 0
  Build: 1002
  SpecialBuildName: ""
  ptArchitecture: x86_64_linux
Results:
  Results Complete: true
  NumTestProcesses: 2
  CPU_INTEGER_MATH: 10310.785666666667
  CPU_FLOATINGPOINT_MATH: 8332.9975281354091
  CPU_PRIME: 32.030641358645809
  CPU_SORTING: 6138.158525839317
  CPU_ENCRYPTION: 2234.9494795193764
  CPU_COMPRESSION: 42767.354154847468
  CPU_SINGLETHREAD: 2376.1224053209007
  CPU_PHYSICS: 562.17615713308965
  CPU_MATRIX_MULT_SSE: 3690.8147847346081
  CPU_mm: 395.30510915633806
  CPU_sse: 1801.3819203408693
  CPU_fma: 5854.0601652795758
  CPU_avx: 3417.0022685833801
  CPU_avx512: 0
  m_CPU_enc_SHA: 3139639143.8828492
  m_CPU_enc_AES: 1988626021.5532181
  m_CPU_enc_ECDSA: 1902277990.8734612
  ME_ALLOC_S: 1783.2398561696373
  ME_READ_S: 24254.488476562499
  ME_READ_L: 16556.62109375
  ME_WRITE: 16718.08984375
  ME_LARGE: 568.25
  ME_LATENCY: 67.711852005843539
  ME_THREADED: 29014.5654296875
  SUMM_CPU: 4451.8566306376269
  SUMM_ME: 1005.9026800139861
SystemInformation:
  OSName: Ubuntu 24.04.1 LTS
  Kernel: 6.8.0-1015-gcp
  Device: ""
  Processor: AMD EPYC 7B13
  NumSockets: 1
  Manufacturer: AuthenticAMD
  NumCores: 2
  NumLogicals: 2
  CPUFrequency: 0
  Memory: 7939
  MemModuleInfo:
    iNumMemSticks: 1
    DIMM 1:
      manufacturer: ""
      modulePartNo: ""
      memType: RAM
      size: 8
      clkspeed: 0
      moduleVoltage: 0
Checksum: DF227C6791D481C4F4BCE9BA04C30CBDF73C8046