BaselineInfo:
  WebDBID: -1
  TimeStamp: 20241115132024
Version:
  Major: 11
  Minor: 0
  Build: 1002
  SpecialBuildName: ""
  ptArchitecture: x86_64_linux
Results:
  Results Complete: true
  NumTestProcesses: 2
  CPU_INTEGER_MATH: 10279.711333333333
  CPU_FLOATINGPOINT_MATH: 8315.5503880070282
  CPU_PRIME: 30.483971766409482
  CPU_SORTING: 6075.315864117556
  CPU_ENCRYPTION: 2210.7680737255937
  CPU_COMPRESSION: 43122.153578878046
  CPU_SINGLETHREAD: 2354.2915611320973
  CPU_PHYSICS: 550.76464636063065
  CPU_MATRIX_MULT_SSE: 3638.9201223103701
  CPU_mm: 389.96755570172661
  CPU_sse: 1783.2439028558224
  CPU_fma: 5771.3477076446807
  CPU_avx: 3362.1687564306067
  CPU_avx512: 0
  m_CPU_enc_SHA: 3128894531.2334414
  m_CPU_enc_AES: 1979049115.3344646
  m_CPU_enc_ECDSA: 1846531384.4567585
  ME_ALLOC_S: 1656.3336176555254
  ME_READ_S: 23930.684375000001
  ME_READ_L: 14012.50390625
  ME_WRITE: 14000.9541015625
  ME_LARGE: 606.33333333333337
  ME_LATENCY: 80.655927853575804
  ME_THREADED: 26424.669921875
  SUMM_CPU: 4424.5612371253774
  SUMM_ME: 981.36664555595962
SystemInformation:
  OSName: Ubuntu 24.04.1 LTS
  Kernel: 6.8.0-1017-gcp
  Device: ""
  Processor: AMD EPYC 7B13
  NumSockets: 1
  Manufacturer: AuthenticAMD
  NumCores: 2
  NumLogicals: 2
  CPUFrequency: 0
  Memory: 7939
  MemModuleInfo:
    iNumMemSticks: 1
    DIMM 1:
      manufacturer: ""
      modulePartNo: ""
      memType: RAM
      size: 8
      clkspeed: 0
      moduleVoltage: 0
Checksum: D820F09F234FD52D04E9BC0D42ACF6023A02DCE3