BaselineInfo:
  WebDBID: -1
  TimeStamp: 20241107021421
Version:
  Major: 11
  Minor: 0
  Build: 1002
  SpecialBuildName: ""
  ptArchitecture: x86_64_linux
Results:
  Results Complete: true
  NumTestProcesses: 2
  CPU_INTEGER_MATH: 10312.040000000001
  CPU_FLOATINGPOINT_MATH: 8325.9227381097808
  CPU_PRIME: 32.196379031858406
  CPU_SORTING: 6222.4762252243754
  CPU_ENCRYPTION: 2230.2601322666733
  CPU_COMPRESSION: 43053.670753786137
  CPU_SINGLETHREAD: 2373.265163032012
  CPU_PHYSICS: 571.42246764081801
  CPU_MATRIX_MULT_SSE: 3670.5152827162287
  CPU_mm: 396.09399328093787
  CPU_sse: 1774.3331105165705
  CPU_fma: 5861.7418306385016
  CPU_avx: 3375.4709069936152
  CPU_avx512: 0
  m_CPU_enc_SHA: 3143591967.3279538
  m_CPU_enc_AES: 1987691694.6894712
  m_CPU_enc_ECDSA: 1884508083.3375521
  ME_ALLOC_S: 1708.4419855976907
  ME_READ_S: 24287.735156250001
  ME_READ_L: 15610.5947265625
  ME_WRITE: 15812.5322265625
  ME_LARGE: 626.66666666666663
  ME_LATENCY: 68.410157053276535
  ME_THREADED: 28207.7626953125
  SUMM_CPU: 4463.6096456504683
  SUMM_ME: 1052.0552918454421
SystemInformation:
  OSName: Ubuntu 24.04.1 LTS
  Kernel: 6.8.0-1015-gcp
  Device: ""
  Processor: AMD EPYC 7B13
  NumSockets: 1
  Manufacturer: AuthenticAMD
  NumCores: 2
  NumLogicals: 2
  CPUFrequency: 0
  Memory: 7939
  MemModuleInfo:
    iNumMemSticks: 1
    DIMM 1:
      manufacturer: ""
      modulePartNo: ""
      memType: RAM
      size: 8
      clkspeed: 0
      moduleVoltage: 0
Checksum: 083EBB9BD0A28BDA67F458C2CDCEE1447AA6D4F6