---
system-info:
      stress-ng-version: 0.17.08
      run-by: root
      date-yyyy-mm-dd: 2024:06:13
      time-hh-mm-ss: 22:57:08
      epoch-secs: 1718319428
      hostname: 59df1cb45ad9
      sysname: Linux
      nodename: 59df1cb45ad9
      release: 6.8.0-1008-aws
      version: '#8-Ubuntu SMP Sat Apr 20 02:43:14 UTC 2024'
      machine: aarch64
      compiler: 'musl-gcc 13.2.1'
      uptime: 160
      totalram: 1920212992
      freeram: 85315584
      sharedram: 35008512
      bufferram: 93704192
      totalswap: 0
      freeswap: 0
      pagesize: 4096
      cpus: 1
      cpus-online: 1
      ticks-per-second: 100

metrics:
    - stressor: cpu
      bogo-ops: 29854
      bogo-ops-per-second-usr-sys-time: 1519.174734
      bogo-ops-per-second-real-time: 1492.693630
      wall-clock-time: 20.000085
      user-time: 19.646486
      system-time: 0.004973
      cpu-usage-per-instance: 98.256876
      max-rss: 1192

...
