BaselineInfo:
  WebDBID: -1
  TimeStamp: 20260615203152
Version:
  Major: 11
  Minor: 0
  Build: 1004
  SpecialBuildName: ""
  ptArchitecture: x86_64_linux
Results:
  Results Complete: true
  NumTestProcesses: 2
  CPU_INTEGER_MATH: 9757.2933333333312
  CPU_FLOATINGPOINT_MATH: 8013.9699857464457
  CPU_PRIME: 30.804492824098151
  CPU_SORTING: 5771.5277290374452
  CPU_ENCRYPTION: 1191.4770723189188
  CPU_COMPRESSION: 40789.877750198342
  CPU_SINGLETHREAD: 2238.7187399775289
  CPU_PHYSICS: 530.5095188235025
  CPU_MATRIX_MULT_SSE: 2751.2082101266815
  CPU_mm: 453.13822891460552
  CPU_sse: 1464.3497837361742
  CPU_fma: 4163.2522470334225
  CPU_avx: 2626.0225996104473
  CPU_avx512: 0
  m_CPU_enc_SHA: 593884830.70698261
  m_CPU_enc_AES: 2631191574.0294504
  m_CPU_enc_ECDSA: 522986383.01521397
  ME_ALLOC_S: 1005.9860686372656
  ME_READ_S: 22739.227148437501
  ME_READ_L: 11827.3564453125
  ME_WRITE: 10849.91015625
  ME_LARGE: 7810
  ME_LATENCY: 51.068945933624683
  ME_THREADED: 22617.0556640625
  SUMM_CPU: 3681.7507870367363
  SUMM_ME: 2014.0357742937235
SystemInformation:
  OSName: Ubuntu 24.04.4 LTS
  Kernel: 6.8.0-124-generic
  Device: ""
  Processor: Intel Core Processor (Broadwell, no TSX, IBRS)
  NumSockets: 1
  Manufacturer: GenuineIntel
  NumCores: 1
  NumLogicals: 2
  CPUFrequency: 7
  CPUMaxFrequency: 832
  Memory: 15988
  CPUInfo:
    number: 1
    Family: 6
    Model: 13
    stepping: 2
    features: 395049983
    manufacture: GenuineIntel
    typestring: Intel Core Processor (Broadwell, no TSX, IBRS)
    iCoresPerPackage: 1
    iThreadsPerPackage: 2
    featuresEx:
      - 395049983
      - 4294586883
      - 672139264
    bHybrid: false
    nPCore: 0
    nLogicalsPerPCore: 0
    nECore: 0
    nLogicalsPerECore: 0
  MemModuleInfo:
    iNumMemSticks: 1
    DIMM 1:
      manufacturer: QEMU
      modulePartNo: Not Specified
      memType: RAM
      size: 16
      clkspeed: 0
      moduleVoltage: 0
Checksum: 516526921419E0893A3E9E698A08B3ED96E4EB90