BaselineInfo:
  WebDBID: -1
  TimeStamp: 20250526212558
Version:
  Major: 11
  Minor: 0
  Build: 1002
  SpecialBuildName: ""
  ptArchitecture: x86_64_linux
Results:
  Results Complete: true
  NumTestProcesses: 8
  CPU_INTEGER_MATH: 42514.989333333338
  CPU_FLOATINGPOINT_MATH: 30121.487265357333
  CPU_PRIME: 81.067461014695738
  CPU_SORTING: 21325.265470796814
  CPU_ENCRYPTION: 9435.3673648048098
  CPU_COMPRESSION: 154497.3473401239
  CPU_SINGLETHREAD: 3245.5455956954092
  CPU_PHYSICS: 1986.2044201167123
  CPU_MATRIX_MULT_SSE: 12495.129567056649
  CPU_mm: 1202.8578441972261
  CPU_sse: 5211.8879310330758
  CPU_fma: 14378.742595860425
  CPU_avx: 10665.270695742391
  CPU_avx512: 19724.617045590694
  m_CPU_enc_SHA: 9905171642.8677273
  m_CPU_enc_AES: 12892635466.304619
  m_CPU_enc_ECDSA: 6883292200.5803604
  ME_ALLOC_S: 5070.9552514600027
  ME_READ_S: 29471.576757812501
  ME_READ_L: 10338.265625
  ME_WRITE: 9572.138671875
  ME_LARGE: 328651
  ME_LATENCY: 70.37915323352442
  ME_THREADED: 61376.83203125
  SUMM_CPU: 15732.27919419225
  SUMM_ME: 2304.4770819031883
SystemInformation:
  OSName: Ubuntu 24.04.2 LTS
  Kernel: 6.11.0-1015-azure
  Device: ""
  Processor: INTEL XEON PLATINUM 8573C
  NumSockets: 1
  Manufacturer: GenuineIntel
  NumCores: 4
  NumLogicals: 8
  CPUFrequency: 2300
  Memory: 338384
  MemModuleInfo:
    iNumMemSticks: 3
    DIMM 1:
      manufacturer: Microsoft Corporation
      modulePartNo: None
      memType: Unknown
      size: 1
      clkspeed: 0
      moduleVoltage: 0
    DIMM 2:
      manufacturer: Microsoft Corporation
      modulePartNo: None
      memType: Unknown
      size: 59
      clkspeed: 0
      moduleVoltage: 0
    DIMM 3:
      manufacturer: Microsoft Corporation
      modulePartNo: None
      memType: Unknown
      size: 276
      clkspeed: 0
      moduleVoltage: 0
Checksum: 9DD422C054DCB2C29E8BDBC6F82D64747D4F922A