---
system-info:
      stress-ng-version: 0.17.08
      run-by: root
      date-yyyy-mm-dd: 2024:09:03
      time-hh-mm-ss: 14:26:00
      epoch-secs: 1725373560
      hostname: sc-runner
      sysname: Linux
      nodename: sc-runner
      release: 6.8.0-1013-azure
      version: '#15-Ubuntu SMP Thu Aug  8 18:40:40 UTC 2024'
      machine: x86_64
      compiler: 'musl-gcc 13.2.1'
      uptime: 446
      totalram: 67424833536
      freeram: 58849112064
      sharedram: 57004032
      bufferram: 216989696
      totalswap: 0
      freeswap: 0
      pagesize: 4096
      cpus: 4
      cpus-online: 4
      ticks-per-second: 100

metrics:
    - stressor: cpu
      bogo-ops: 42110
      bogo-ops-per-second-usr-sys-time: 531.203326
      bogo-ops-per-second-real-time: 2105.483322
      wall-clock-time: 20.000158
      user-time: 79.243645
      system-time: 0.029202
      cpu-usage-per-instance: 99.090274
      max-rss: 3152

...
