BaselineInfo:
  WebDBID: -1
  TimeStamp: 20241210042329
Version:
  Major: 11
  Minor: 0
  Build: 1002
  SpecialBuildName: ""
  ptArchitecture: x86_64_linux
Results:
  Results Complete: true
  NumTestProcesses: 48
  CPU_INTEGER_MATH: 242567.23999999996
  CPU_FLOATINGPOINT_MATH: 172725.79601788532
  CPU_PRIME: 488.37289367600511
  CPU_SORTING: 121842.56653563378
  CPU_ENCRYPTION: 53325.555118192337
  CPU_COMPRESSION: 889619.05092951143
  CPU_SINGLETHREAD: 3166.2452468743613
  CPU_PHYSICS: 9673.0974643859699
  CPU_MATRIX_MULT_SSE: 69362.326626876558
  CPU_mm: 6853.5460392520299
  CPU_sse: 29924.636478539818
  CPU_fma: 79235.721997746979
  CPU_avx: 60886.798443810607
  CPU_avx512: 107402.14958740884
  m_CPU_enc_SHA: 56532300614.686157
  m_CPU_enc_AES: 73438520997.018326
  m_CPU_enc_ECDSA: 37776870239.136436
  ME_ALLOC_S: 26776.791431255719
  ME_READ_S: 28400.493945312501
  ME_READ_L: 10308.9453125
  ME_WRITE: 9025.64453125
  ME_LARGE: 1947437.9166666667
  ME_LATENCY: 69.287129672936217
  ME_THREADED: 271157.80615234375
  SUMM_CPU: 67646.119244611706
  SUMM_ME: 2425.5577983319877
SystemInformation:
  OSName: Ubuntu 24.04.1 LTS
  Kernel: 6.8.0-1017-azure
  Device: ""
  Processor: Intel Xeon Platinum 8473C
  NumSockets: 2
  Manufacturer: GenuineIntel
  NumCores: 24
  NumLogicals: 48
  CPUFrequency: 2100
  Memory: 1961434
  MemModuleInfo:
    iNumMemSticks: 4
    DIMM 1:
      manufacturer: Microsoft Corporation
      modulePartNo: None
      memType: Unknown
      size: 1
      clkspeed: 0
      moduleVoltage: 0
    DIMM 2:
      manufacturer: Microsoft Corporation
      modulePartNo: None
      memType: Unknown
      size: 59
      clkspeed: 0
      moduleVoltage: 0
    DIMM 3:
      manufacturer: Microsoft Corporation
      modulePartNo: None
      memType: Unknown
      size: 913
      clkspeed: 0
      moduleVoltage: 0
    DIMM 4:
      manufacturer: Microsoft Corporation
      modulePartNo: None
      memType: Unknown
      size: 973
      clkspeed: 0
      moduleVoltage: 0
Checksum: 998538C6E09D708A9B5AD7EA22123EAE670931B3