BaselineInfo:
  WebDBID: -1
  TimeStamp: 20241108204526
Version:
  Major: 11
  Minor: 0
  Build: 1002
  SpecialBuildName: ""
  ptArchitecture: x86_64_linux
Results:
  Results Complete: true
  NumTestProcesses: 32
  CPU_INTEGER_MATH: 134682.38500000001
  CPU_FLOATINGPOINT_MATH: 68848.583938009149
  CPU_PRIME: 183.90816199715962
  CPU_SORTING: 68697.921166673521
  CPU_ENCRYPTION: 29252.661255503845
  CPU_COMPRESSION: 491063.03019076411
  CPU_SINGLETHREAD: 2432.1761434186446
  CPU_PHYSICS: 3296.6438280462003
  CPU_MATRIX_MULT_SSE: 28338.58418375457
  CPU_mm: 2901.5528462913467
  CPU_sse: 12661.202256690334
  CPU_fma: 35105.359421563313
  CPU_avx: 25910.62072921588
  CPU_avx512: 39677.154327548778
  m_CPU_enc_SHA: 29544097421.467407
  m_CPU_enc_AES: 44469722224.472015
  m_CPU_enc_ECDSA: 18007095940.014175
  ME_ALLOC_S: 15066.680653027159
  ME_READ_S: 24486.507617187501
  ME_READ_L: 12367.3349609375
  ME_WRITE: 10964.08203125
  ME_LARGE: 118054.5
  ME_LATENCY: 52.31601232121475
  ME_THREADED: 131211.44287109375
  SUMM_CPU: 36815.639335070198
  SUMM_ME: 2794.1833471573623
SystemInformation:
  OSName: Ubuntu 24.04.1 LTS
  Kernel: 6.8.0-1017-azure
  Device: ""
  Processor: Intel Xeon Platinum 8370C CPU @ 2.80GHz
  NumSockets: 1
  Manufacturer: GenuineIntel
  NumCores: 16
  NumLogicals: 32
  CPUFrequency: 2800
  Memory: 128802
  MemModuleInfo:
    iNumMemSticks: 3
    DIMM 1:
      manufacturer: Microsoft Corporation
      modulePartNo: None
      memType: Unknown
      size: 1
      clkspeed: 0
      moduleVoltage: 0
    DIMM 2:
      manufacturer: Microsoft Corporation
      modulePartNo: None
      memType: Unknown
      size: 59
      clkspeed: 0
      moduleVoltage: 0
    DIMM 3:
      manufacturer: Microsoft Corporation
      modulePartNo: None
      memType: Unknown
      size: 68
      clkspeed: 0
      moduleVoltage: 0
Checksum: D361965D64C90C195E1D9760CD69B3978AD436C1