---
system-info:
      stress-ng-version: 0.17.08
      run-by: root
      date-yyyy-mm-dd: 2024:06:08
      time-hh-mm-ss: 13:56:04
      epoch-secs: 1717854964
      hostname: 8c77ee078ca9
      sysname: Linux
      nodename: 8c77ee078ca9
      release: 6.8.0-31-generic
      version: '#31-Ubuntu SMP PREEMPT_DYNAMIC Sat Apr 20 00:40:06 UTC 2024'
      machine: x86_64
      compiler: 'musl-gcc 13.2.1'
      uptime: 90
      totalram: 32858046464
      freeram: 29238886400
      sharedram: 38023168
      bufferram: 111292416
      totalswap: 0
      freeswap: 0
      pagesize: 4096
      cpus: 8
      cpus-online: 8
      ticks-per-second: 100

metrics:
    - stressor: cpu
      bogo-ops: 17579
      bogo-ops-per-second-usr-sys-time: 1757.502804
      bogo-ops-per-second-real-time: 1757.419573
      wall-clock-time: 10.002734
      user-time: 10.001261
      system-time: 0.000999
      cpu-usage-per-instance: 99.995264
      max-rss: 3920

...
