---
system-info:
      stress-ng-version: 0.17.08
      run-by: root
      date-yyyy-mm-dd: 2024:06:14
      time-hh-mm-ss: 22:19:07
      epoch-secs: 1718403547
      hostname: ff1fe16d99f0
      sysname: Linux
      nodename: ff1fe16d99f0
      release: 6.8.0-31-generic
      version: '#31-Ubuntu SMP PREEMPT_DYNAMIC Sat Apr 20 00:40:06 UTC 2024'
      machine: x86_64
      compiler: 'musl-gcc 13.2.1'
      uptime: 106
      totalram: 32858050560
      freeram: 29262082048
      sharedram: 38023168
      bufferram: 118067200
      totalswap: 0
      freeswap: 0
      pagesize: 4096
      cpus: 8
      cpus-online: 8
      ticks-per-second: 100

metrics:
    - stressor: cpu
      bogo-ops: 61256
      bogo-ops-per-second-usr-sys-time: 3063.871436
      bogo-ops-per-second-real-time: 3062.784045
      wall-clock-time: 20.000104
      user-time: 19.993006
      system-time: 0.000000
      cpu-usage-per-instance: 99.964509
      max-rss: 976

...
