---
system-info:
      stress-ng-version: 0.17.08
      run-by: root
      date-yyyy-mm-dd: 2024:09:14
      time-hh-mm-ss: 00:27:45
      epoch-secs: 1726273665
      hostname: ip-172-31-19-84
      sysname: Linux
      nodename: ip-172-31-19-84
      release: 6.8.0-1014-aws
      version: '#15-Ubuntu SMP Thu Aug  8 19:13:06 UTC 2024'
      machine: x86_64
      compiler: 'musl-gcc 13.2.1'
      uptime: 218
      totalram: 1610521853952
      freeram: 1598873804800
      sharedram: 116891648
      bufferram: 225185792
      totalswap: 0
      freeswap: 0
      pagesize: 4096
      cpus: 96
      cpus-online: 96
      ticks-per-second: 100

metrics:
    - stressor: cpu
      bogo-ops: 37865
      bogo-ops-per-second-usr-sys-time: 1893.265241
      bogo-ops-per-second-real-time: 1893.241807
      wall-clock-time: 20.000087
      user-time: 19.999839
      system-time: 0.000000
      cpu-usage-per-instance: 99.998762
      max-rss: 768

...
