BaselineInfo:
  WebDBID: -1
  TimeStamp: 20260620164556
Version:
  Major: 11
  Minor: 0
  Build: 1004
  SpecialBuildName: ""
  ptArchitecture: x86_64_linux
Results:
  Results Complete: true
  NumTestProcesses: 64
  CPU_INTEGER_MATH: 415311.37600000005
  CPU_FLOATINGPOINT_MATH: 242292.8133868064
  CPU_PRIME: 556.06011077958351
  CPU_SORTING: 177514.38432746913
  CPU_ENCRYPTION: 79043.186698998834
  CPU_COMPRESSION: 1364583.4791614236
  CPU_SINGLETHREAD: 3614.2165983876198
  CPU_PHYSICS: 11615.446606807782
  CPU_MATRIX_MULT_SSE: 106184.23604823454
  CPU_mm: 10282.47962681124
  CPU_sse: 39099.405460571041
  CPU_fma: 113861.18642814833
  CPU_avx: 111210.229735696
  CPU_avx512: 160566.12256852278
  m_CPU_enc_SHA: 100376273600.76378
  m_CPU_enc_AES: 82529831799.446869
  m_CPU_enc_ECDSA: 65742260208.05764
  ME_ALLOC_S: 36851.091702324724
  ME_READ_S: 33761.992773437501
  ME_READ_L: 29249.337890625
  ME_WRITE: 30563.810546875
  ME_LARGE: 119052.16666666667
  ME_LATENCY: 80.50715210984184
  ME_THREADED: 232830.7373046875
  SUMM_CPU: 92348.991705564404
  SUMM_ME: 2891.0784988138685
SystemInformation:
  OSName: Ubuntu 24.04.4 LTS
  Kernel: 6.17.0-1018-azure
  Device: ""
  Processor: "AMD EPYC 9V45 96-Core Processor                "
  NumSockets: 1
  Manufacturer: AuthenticAMD
  NumCores: 32
  NumLogicals: 64
  CPUFrequency: 0
  CPUMaxFrequency: 0
  Memory: 128791
  CPUInfo:
    number: 1
    Family: 15
    Model: 2
    stepping: 1
    features: 395049983
    manufacture: AuthenticAMD
    typestring: "AMD EPYC 9V45 96-Core Processor                "
    iCoresPerPackage: 32
    iThreadsPerPackage: 2
    featuresEx:
      - 395049983
      - 4277809667
      - 802421759
    bHybrid: false
    nPCore: 0
    nLogicalsPerPCore: 0
    nECore: 0
    nLogicalsPerECore: 0
  MemModuleInfo:
    iNumMemSticks: 3
    DIMM 1:
      manufacturer: Microsoft Corporation
      modulePartNo: None
      memType: Unknown
      size: 1
      clkspeed: 0
      moduleVoltage: 0
    DIMM 2:
      manufacturer: Microsoft Corporation
      modulePartNo: None
      memType: Unknown
      size: 59
      clkspeed: 0
      moduleVoltage: 0
    DIMM 3:
      manufacturer: Microsoft Corporation
      modulePartNo: None
      memType: Unknown
      size: 68
      clkspeed: 0
      moduleVoltage: 0
Checksum: 17B5867959FCC7D76C1B5FA6FAA42E75061052C9