BaselineInfo:
  WebDBID: -1
  TimeStamp: 20260714213732
Version:
  Major: 11
  Minor: 0
  Build: 1004
  SpecialBuildName: ""
  ptArchitecture: x86_64_linux
Results:
  Results Complete: true
  NumTestProcesses: 64
  CPU_INTEGER_MATH: 398314.59133333334
  CPU_FLOATINGPOINT_MATH: 241268.91206653346
  CPU_PRIME: 552.86883141367059
  CPU_SORTING: 175665.07872115343
  CPU_ENCRYPTION: 78389.62054683482
  CPU_COMPRESSION: 1371452.4067416752
  CPU_SINGLETHREAD: 3640.2595927892085
  CPU_PHYSICS: 11460.972817243619
  CPU_MATRIX_MULT_SSE: 104608.4623532089
  CPU_mm: 10112.717262186696
  CPU_sse: 38351.004371400879
  CPU_fma: 111727.63007414018
  CPU_avx: 109423.59644447343
  CPU_avx512: 158931.61852282126
  m_CPU_enc_SHA: 100622172250.58801
  m_CPU_enc_AES: 80106811843.394684
  m_CPU_enc_ECDSA: 65863440169.570839
  ME_ALLOC_S: 36162.173102910136
  ME_READ_S: 32511.6845703125
  ME_READ_L: 28344.921875
  ME_WRITE: 30182.345703125
  ME_LARGE: 118899.25
  ME_LATENCY: 81.217014022214315
  ME_THREADED: 232877.02490234375
  SUMM_CPU: 91889.207564698037
  SUMM_ME: 2847.1742568531486
SystemInformation:
  OSName: Ubuntu 24.04.4 LTS
  Kernel: 6.17.0-1020-azure
  Device: ""
  Processor: "AMD EPYC 9V45 96-Core Processor                "
  NumSockets: 1
  Manufacturer: AuthenticAMD
  NumCores: 32
  NumLogicals: 64
  CPUFrequency: 0
  CPUMaxFrequency: 0
  Memory: 128791
  CPUInfo:
    number: 1
    Family: 15
    Model: 2
    stepping: 1
    features: 395049983
    manufacture: AuthenticAMD
    typestring: "AMD EPYC 9V45 96-Core Processor                "
    iCoresPerPackage: 32
    iThreadsPerPackage: 2
    featuresEx:
      - 395049983
      - 4277809667
      - 802421759
    bHybrid: false
    nPCore: 0
    nLogicalsPerPCore: 0
    nECore: 0
    nLogicalsPerECore: 0
  MemModuleInfo:
    iNumMemSticks: 3
    DIMM 1:
      manufacturer: Microsoft Corporation
      modulePartNo: None
      memType: Unknown
      size: 1
      clkspeed: 0
      moduleVoltage: 0
    DIMM 2:
      manufacturer: Microsoft Corporation
      modulePartNo: None
      memType: Unknown
      size: 59
      clkspeed: 0
      moduleVoltage: 0
    DIMM 3:
      manufacturer: Microsoft Corporation
      modulePartNo: None
      memType: Unknown
      size: 68
      clkspeed: 0
      moduleVoltage: 0
Checksum: 2456064DC898076D0BEE5E090A73D143DDE7F0A3