BaselineInfo:
  WebDBID: -1
  TimeStamp: 20260714185402
Version:
  Major: 11
  Minor: 0
  Build: 1004
  SpecialBuildName: ""
  ptArchitecture: x86_64_linux
Results:
  Results Complete: true
  NumTestProcesses: 64
  CPU_INTEGER_MATH: 422460.67366666661
  CPU_FLOATINGPOINT_MATH: 246267.49747112286
  CPU_PRIME: 570.81857047045696
  CPU_SORTING: 178353.60941753414
  CPU_ENCRYPTION: 79988.208115973481
  CPU_COMPRESSION: 1401422.8263478267
  CPU_SINGLETHREAD: 3790.3763466009636
  CPU_PHYSICS: 11798.023015729626
  CPU_MATRIX_MULT_SSE: 107329.92802923282
  CPU_mm: 10430.904356016883
  CPU_sse: 39369.579476101782
  CPU_fma: 114840.92232454082
  CPU_avx: 111801.40253314789
  CPU_avx512: 163307.80778314089
  m_CPU_enc_SHA: 102314208203.68304
  m_CPU_enc_AES: 82822408109.090546
  m_CPU_enc_ECDSA: 66484529627.471428
  ME_ALLOC_S: 36722.391001912089
  ME_READ_S: 34103.651171874997
  ME_READ_L: 30606.56640625
  ME_WRITE: 30689.298828125
  ME_LARGE: 118437.25
  ME_LATENCY: 78.407159865082235
  ME_THREADED: 234346.84765625
  SUMM_CPU: 94881.368280052557
  SUMM_ME: 2960.2130778892438
SystemInformation:
  OSName: Ubuntu 24.04.4 LTS
  Kernel: 6.17.0-1020-azure
  Device: ""
  Processor: "AMD EPYC 9V45 96-Core Processor                "
  NumSockets: 1
  Manufacturer: AuthenticAMD
  NumCores: 32
  NumLogicals: 64
  CPUFrequency: 0
  CPUMaxFrequency: 0
  Memory: 128791
  CPUInfo:
    number: 1
    Family: 15
    Model: 2
    stepping: 1
    features: 395049983
    manufacture: AuthenticAMD
    typestring: "AMD EPYC 9V45 96-Core Processor                "
    iCoresPerPackage: 32
    iThreadsPerPackage: 2
    featuresEx:
      - 395049983
      - 4277809667
      - 802421759
    bHybrid: false
    nPCore: 0
    nLogicalsPerPCore: 0
    nECore: 0
    nLogicalsPerECore: 0
  MemModuleInfo:
    iNumMemSticks: 3
    DIMM 1:
      manufacturer: Microsoft Corporation
      modulePartNo: None
      memType: Unknown
      size: 1
      clkspeed: 0
      moduleVoltage: 0
    DIMM 2:
      manufacturer: Microsoft Corporation
      modulePartNo: None
      memType: Unknown
      size: 59
      clkspeed: 0
      moduleVoltage: 0
    DIMM 3:
      manufacturer: Microsoft Corporation
      modulePartNo: None
      memType: Unknown
      size: 68
      clkspeed: 0
      moduleVoltage: 0
Checksum: B87267F8E91C2ACF3F9099C690739A3C66FFA0D6