---
system-info:
      stress-ng-version: 0.17.08
      run-by: root
      date-yyyy-mm-dd: 2024:09:23
      time-hh-mm-ss: 23:57:33
      epoch-secs: 1727135853
      hostname: c4-highmem-48-e3944ec
      sysname: Linux
      nodename: c4-highmem-48-e3944ec
      release: 6.8.0-1014-gcp
      version: '#16-Ubuntu SMP Mon Aug 26 15:55:46 UTC 2024'
      machine: x86_64
      compiler: 'musl-gcc 13.2.1'
      uptime: 200
      totalram: 392851251200
      freeram: 382052311040
      sharedram: 274989056
      bufferram: 251949056
      totalswap: 0
      freeswap: 0
      pagesize: 4096
      cpus: 48
      cpus-online: 48
      ticks-per-second: 100

metrics:
    - stressor: cpu
      bogo-ops: 875272
      bogo-ops-per-second-usr-sys-time: 912.052617
      bogo-ops-per-second-real-time: 43763.428730
      wall-clock-time: 20.000078
      user-time: 959.648718
      system-time: 0.023985
      cpu-usage-per-instance: 99.965515
      max-rss: 1152

...
