BaselineInfo:
  WebDBID: -1
  TimeStamp: 20241107052003
Version:
  Major: 11
  Minor: 0
  Build: 1002
  SpecialBuildName: ""
  ptArchitecture: aarch64_linux
Results:
  Results Complete: true
  NumTestProcesses: 4
  CPU_INTEGER_MATH: 15756.107
  CPU_FLOATINGPOINT_MATH: 11955.380718698707
  CPU_PRIME: 35.04649670573005
  CPU_SORTING: 11408.534437436665
  CPU_ENCRYPTION: 542.3784777695447
  CPU_COMPRESSION: 18576.016780625199
  CPU_SINGLETHREAD: 1110.7303388258213
  CPU_PHYSICS: 711.86349442218216
  CPU_MATRIX_MULT_SSE: 2491.2370757065455
  CPU_mm: 414.33602544113171
  CPU_sse: 2089.6766564765167
  CPU_fma: 2892.7974949365748
  CPU_avx: 0
  CPU_avx512: 0
  m_CPU_enc_SHA: 818215766.97017515
  m_CPU_enc_AES: 378053947.51851672
  m_CPU_enc_ECDSA: 509905449.62834239
  ME_ALLOC_S: 2635.5787513585346
  ME_READ_S: 9487.0912109375004
  ME_READ_L: 9219.07421875
  ME_WRITE: 12562.9443359375
  ME_LARGE: 845
  ME_LATENCY: 70.594936655405093
  ME_THREADED: 36570.634765625
  SUMM_CPU: 2705.9257785423474
  SUMM_ME: 1034.8581641184953
SystemInformation:
  OSName: Ubuntu 24.04.1 LTS
  Kernel: 6.8.0-1016-aws
  Device: ""
  Processor: ARM Neoverse-N1 4 Core 0 MHz
  NumSockets: 1
  Manufacturer: ARM
  NumCores: 4
  NumLogicals: 4
  CPUFrequency: 0
  Memory: 7763
Checksum: E0A2A8CE22825E5F74E73F09CB30319E828D9557