BaselineInfo:
  WebDBID: -1
  TimeStamp: 20241115160252
Version:
  Major: 11
  Minor: 0
  Build: 1002
  SpecialBuildName: ""
  ptArchitecture: aarch64_linux
Results:
  Results Complete: true
  NumTestProcesses: 4
  CPU_INTEGER_MATH: 15733.978666666668
  CPU_FLOATINGPOINT_MATH: 11978.167917106448
  CPU_PRIME: 33.786617425549494
  CPU_SORTING: 11376.441879048371
  CPU_ENCRYPTION: 543.56670560520524
  CPU_COMPRESSION: 18551.966019274954
  CPU_SINGLETHREAD: 1109.7082284311589
  CPU_PHYSICS: 684.74177069200118
  CPU_MATRIX_MULT_SSE: 2481.2639949167142
  CPU_mm: 416.18421004880884
  CPU_sse: 2068.1870397145594
  CPU_fma: 2894.3409501188689
  CPU_avx: 0
  CPU_avx512: 0
  m_CPU_enc_SHA: 818914409.92696261
  m_CPU_enc_AES: 377532686.31279898
  m_CPU_enc_ECDSA: 513465909.45028973
  ME_ALLOC_S: 2589.2116234303553
  ME_READ_S: 9479.2848632812493
  ME_READ_L: 9181.453125
  ME_WRITE: 12576.8955078125
  ME_LARGE: 834.5
  ME_LATENCY: 72.478344119245563
  ME_THREADED: 36365.306640625
  SUMM_CPU: 2702.4530103182915
  SUMM_ME: 1022.7923711662746
SystemInformation:
  OSName: Ubuntu 24.04.1 LTS
  Kernel: 6.8.0-1018-aws
  Device: ""
  Processor: ARM Neoverse-N1 4 Core 0 MHz
  NumSockets: 1
  Manufacturer: ARM
  NumCores: 4
  NumLogicals: 4
  CPUFrequency: 0
  Memory: 7763
Checksum: 6A922333D666FE44C59B0305A100B1233E4EE527