BaselineInfo:
  WebDBID: -1
  TimeStamp: 20251218101530
Version:
  Major: 11
  Minor: 0
  Build: 1002
  SpecialBuildName: ""
  ptArchitecture: x86_64_linux
Results:
  Results Complete: true
  NumTestProcesses: 8
  CPU_INTEGER_MATH: 38194.497333333333
  CPU_FLOATINGPOINT_MATH: 27283.754015505569
  CPU_PRIME: 85.734525581232887
  CPU_SORTING: 23187.483223861753
  CPU_ENCRYPTION: 4926.1600618641405
  CPU_COMPRESSION: 194109.21655160881
  CPU_SINGLETHREAD: 2488.2529598091842
  CPU_PHYSICS: 1158.4488827862738
  CPU_MATRIX_MULT_SSE: 14489.393883157427
  CPU_mm: 1697.546933726856
  CPU_sse: 6014.0311977088086
  CPU_fma: 19076.630885208651
  CPU_avx: 12770.676938306306
  CPU_avx512: 20096.23651140595
  m_CPU_enc_SHA: 2695278085.9470711
  m_CPU_enc_AES: 10435879977.688501
  m_CPU_enc_ECDSA: 2365201575.4521871
  ME_ALLOC_S: 6571.321511546178
  ME_READ_S: 29490.528906250001
  ME_READ_L: 12096.1044921875
  ME_WRITE: 14059.0244140625
  ME_LARGE: 38633.583333333336
  ME_LATENCY: 50.597685067673318
  ME_THREADED: 59812.54736328125
  SUMM_CPU: 14005.519605809426
  SUMM_ME: 2838.8379043614682
SystemInformation:
  OSName: Ubuntu 24.04.2 LTS
  Kernel: 6.8.0-86-generic
  Device: ""
  Processor: Intel Xeon W-3235 CPU @ 3.30GHz
  NumSockets: 8
  Manufacturer: GenuineIntel
  NumCores: 8
  NumLogicals: 8
  CPUFrequency: 0
  Memory: 54915
  MemModuleInfo:
    iNumMemSticks: 1
    DIMM 1:
      manufacturer: QEMU
      modulePartNo: Not Specified
      memType: RAM
      size: 56000
      clkspeed: 0
      moduleVoltage: 0
Checksum: 4A2FCC602ED27DFF73378CBAE480E9E44923B983