BaselineInfo:
  WebDBID: -1
  TimeStamp: 20260404000934
Version:
  Major: 11
  Minor: 0
  Build: 1004
  SpecialBuildName: ""
  ptArchitecture: x86_64_linux
Results:
  Results Complete: true
  NumTestProcesses: 4
  CPU_INTEGER_MATH: 12096.033333333333
  CPU_FLOATINGPOINT_MATH: 8511.0653698169081
  CPU_PRIME: 28.049175304182395
  CPU_SORTING: 7872.3549618816151
  CPU_ENCRYPTION: 1523.571990183262
  CPU_COMPRESSION: 61547.309705054824
  CPU_SINGLETHREAD: 1574.9916673457792
  CPU_PHYSICS: 470.96850629265748
  CPU_MATRIX_MULT_SSE: 4579.3224666687365
  CPU_mm: 496.14755902613808
  CPU_sse: 1779.1578565314912
  CPU_fma: 6179.443885491708
  CPU_avx: 4492.9624010994812
  CPU_avx512: 5865.7257235522684
  m_CPU_enc_SHA: 738520245.10916221
  m_CPU_enc_AES: 3399828689.3480587
  m_CPU_enc_ECDSA: 654394135.07799125
  ME_ALLOC_S: 957.18305844655492
  ME_READ_S: 17136.776464843751
  ME_READ_L: 6010.19189453125
  ME_WRITE: 6628.54052734375
  ME_LARGE: 2891.25
  ME_LATENCY: 86.512775141360521
  ME_THREADED: 22503.87060546875
  SUMM_CPU: 4667.2207812782581
  SUMM_ME: 1252.1540910228098
SystemInformation:
  OSName: Ubuntu 24.04.4 LTS
  Kernel: 6.8.0-106-generic
  Device: ""
  Processor: Intel(R) Xeon(R) Platinum 8163 CPU @ 2.50GHz
  NumSockets: 1
  Manufacturer: GenuineIntel
  NumCores: 2
  NumLogicals: 4
  CPUFrequency: 2500
  CPUMaxFrequency: 3100
  Memory: 15607
  CPUInfo:
    number: 1
    Family: 6
    Model: 5
    stepping: 4
    features: 529267711
    manufacture: GenuineIntel
    typestring: Intel(R) Xeon(R) Platinum 8163 CPU @ 2.50GHz
    iCoresPerPackage: 2
    iThreadsPerPackage: 2
    featuresEx:
      - 529267711
      - 4294586883
      - 739248128
    bHybrid: false
    nPCore: 0
    nLogicalsPerPCore: 0
    nECore: 0
    nLogicalsPerECore: 0
  MemModuleInfo:
    iNumMemSticks: 1
    DIMM 1:
      manufacturer: Alibaba Cloud
      modulePartNo: Not Specified
      memType: RAM
      size: 16
      clkspeed: 0
      moduleVoltage: 0
Checksum: B35962E3BE651AED0ADA1E1722573A085A730D5F