BaselineInfo:
  WebDBID: -1
  TimeStamp: 20250212102646
Version:
  Major: 11
  Minor: 0
  Build: 1002
  SpecialBuildName: ""
  ptArchitecture: x86_64_linux
Results:
  Results Complete: true
  NumTestProcesses: 4
  CPU_INTEGER_MATH: 19098.976333333332
  CPU_FLOATINGPOINT_MATH: 13547.196262240066
  CPU_PRIME: 38.892780934301143
  CPU_SORTING: 9697.839765087976
  CPU_ENCRYPTION: 4204.2773993777646
  CPU_COMPRESSION: 70475.359876007366
  CPU_SINGLETHREAD: 2918.8149798980139
  CPU_PHYSICS: 934.58136151360577
  CPU_MATRIX_MULT_SSE: 5687.7271811253304
  CPU_mm: 539.97819450506893
  CPU_sse: 2344.8076755171128
  CPU_fma: 6673.2760162720724
  CPU_avx: 4939.6520600794202
  CPU_avx512: 8793.1729726327176
  m_CPU_enc_SHA: 4449462906.492136
  m_CPU_enc_AES: 5781326860.3931866
  m_CPU_enc_ECDSA: 2994723368.1044931
  ME_ALLOC_S: 2829.1839282820465
  ME_READ_S: 26276.453515624999
  ME_READ_L: 10001.5625
  ME_WRITE: 9347.7900390625
  ME_LARGE: 53291
  ME_LATENCY: 64.415571758783855
  ME_THREADED: 30166.81396484375
  SUMM_CPU: 7381.3387699174482
  SUMM_ME: 2169.2173385013252
SystemInformation:
  OSName: Ubuntu 24.04.1 LTS
  Kernel: 6.8.0-1021-azure
  Device: ""
  Processor: INTEL XEON PLATINUM 8573C
  NumSockets: 1
  Manufacturer: GenuineIntel
  NumCores: 2
  NumLogicals: 4
  CPUFrequency: 2300
  Memory: 64300
  MemModuleInfo:
    iNumMemSticks: 3
    DIMM 1:
      manufacturer: Microsoft Corporation
      modulePartNo: None
      memType: Unknown
      size: 1
      clkspeed: 0
      moduleVoltage: 0
    DIMM 2:
      manufacturer: Microsoft Corporation
      modulePartNo: None
      memType: Unknown
      size: 59
      clkspeed: 0
      moduleVoltage: 0
    DIMM 3:
      manufacturer: Microsoft Corporation
      modulePartNo: None
      memType: Unknown
      size: 4
      clkspeed: 0
      moduleVoltage: 0
Checksum: 6DC8289626E566FFDEEE90279759F42A5AA46CB0