BaselineInfo:
  WebDBID: -1
  TimeStamp: 20241108115706
Version:
  Major: 11
  Minor: 0
  Build: 1002
  SpecialBuildName: ""
  ptArchitecture: x86_64_linux
Results:
  Results Complete: true
  NumTestProcesses: 16
  CPU_INTEGER_MATH: 84281.780666666673
  CPU_FLOATINGPOINT_MATH: 69437.212302720582
  CPU_PRIME: 250.50022998574994
  CPU_SORTING: 49686.982012627021
  CPU_ENCRYPTION: 18760.154801549364
  CPU_COMPRESSION: 361696.59143767896
  CPU_SINGLETHREAD: 2437.7842561713196
  CPU_PHYSICS: 3244.7505860835054
  CPU_MATRIX_MULT_SSE: 29927.121069674402
  CPU_mm: 3861.8303127547779
  CPU_sse: 12631.191830903606
  CPU_fma: 35354.697631340758
  CPU_avx: 26852.206845239994
  CPU_avx512: 44870.387971213255
  m_CPU_enc_SHA: 22025614566.93018
  m_CPU_enc_AES: 22732806227.392014
  m_CPU_enc_ECDSA: 14255923449.246071
  ME_ALLOC_S: 14720.115382691785
  ME_READ_S: 24453.921679687501
  ME_READ_L: 11888.6005859375
  ME_WRITE: 10876.3505859375
  ME_LARGE: 117878.75
  ME_LATENCY: 59.121072766332652
  ME_THREADED: 121075.361328125
  SUMM_CPU: 30791.918511759748
  SUMM_ME: 2618.1504983799855
SystemInformation:
  OSName: Ubuntu 24.04.1 LTS
  Kernel: 6.8.0-1017-azure
  Device: ""
  Processor: Intel Xeon Platinum 8370C CPU @ 2.80GHz
  NumSockets: 1
  Manufacturer: GenuineIntel
  NumCores: 16
  NumLogicals: 16
  CPUFrequency: 2800
  Memory: 128808
  MemModuleInfo:
    iNumMemSticks: 4
    DIMM 1:
      manufacturer: Microsoft Corporation
      modulePartNo: None
      memType: Unknown
      size: 1
      clkspeed: 0
      moduleVoltage: 0
    DIMM 2:
      manufacturer: Microsoft Corporation
      modulePartNo: None
      memType: Unknown
      size: 60928
      clkspeed: 0
      moduleVoltage: 0
    DIMM 3:
      manufacturer: Microsoft Corporation
      modulePartNo: None
      memType: Unknown
      size: 69120
      clkspeed: 0
      moduleVoltage: 0
    DIMM 4:
      manufacturer: Microsoft Corporation
      modulePartNo: None
      memType: Unknown
      size: 64
      clkspeed: 0
      moduleVoltage: 0
Checksum: 5EE32E5A2B8CCDCBBEDC7854DDA94F3407FDDA31