BaselineInfo:
  WebDBID: -1
  TimeStamp: 20260405032349
Version:
  Major: 11
  Minor: 0
  Build: 1004
  SpecialBuildName: ""
  ptArchitecture: x86_64_linux
Results:
  Results Complete: true
  NumTestProcesses: 32
  CPU_INTEGER_MATH: 134943.19166666668
  CPU_FLOATINGPOINT_MATH: 68993.734087649093
  CPU_PRIME: 187.88628209008024
  CPU_SORTING: 68177.531243878271
  CPU_ENCRYPTION: 29281.503791049818
  CPU_COMPRESSION: 490443.51738882094
  CPU_SINGLETHREAD: 2372.2388238777889
  CPU_PHYSICS: 3071.858415871744
  CPU_MATRIX_MULT_SSE: 28410.689647187672
  CPU_mm: 2906.2339283770943
  CPU_sse: 12791.225236039552
  CPU_fma: 35099.362140169404
  CPU_avx: 25966.245038727673
  CPU_avx512: 39785.926173814041
  m_CPU_enc_SHA: 29592561723.668022
  m_CPU_enc_AES: 44508888730.302361
  m_CPU_enc_ECDSA: 18010195903.641171
  ME_ALLOC_S: 14784.230399449089
  ME_READ_S: 24255.933398437501
  ME_READ_L: 11902.2041015625
  ME_WRITE: 11377.3564453125
  ME_LARGE: 168023.66666666666
  ME_LATENCY: 54.969531260183238
  ME_THREADED: 121232.23071289062
  SUMM_CPU: 36547.021869462958
  SUMM_ME: 2722.2269276044735
SystemInformation:
  OSName: Ubuntu 24.04.4 LTS
  Kernel: 6.8.0-106-generic
  Device: ""
  Processor: Intel(R) Xeon(R) Platinum 8369B CPU @ 2.90GHz
  NumSockets: 1
  Manufacturer: GenuineIntel
  NumCores: 16
  NumLogicals: 32
  CPUFrequency: 0
  CPUMaxFrequency: 0
  Memory: 188679
  CPUInfo:
    number: 1
    Family: 6
    Model: 10
    stepping: 6
    features: 529267711
    manufacture: GenuineIntel
    typestring: Intel(R) Xeon(R) Platinum 8369B CPU @ 2.90GHz
    iCoresPerPackage: 16
    iThreadsPerPackage: 2
    featuresEx:
      - 529267711
      - 4277809667
      - 739248128
    bHybrid: false
    nPCore: 0
    nLogicalsPerPCore: 0
    nECore: 0
    nLogicalsPerECore: 0
  MemModuleInfo:
    iNumMemSticks: 12
    DIMM 1:
      manufacturer: Alibaba Cloud
      modulePartNo: Not Specified
      memType: RAM
      size: 16
      clkspeed: 0
      moduleVoltage: 0
    DIMM 2:
      manufacturer: Alibaba Cloud
      modulePartNo: Not Specified
      memType: RAM
      size: 16
      clkspeed: 0
      moduleVoltage: 0
    DIMM 3:
      manufacturer: Alibaba Cloud
      modulePartNo: Not Specified
      memType: RAM
      size: 16
      clkspeed: 0
      moduleVoltage: 0
    DIMM 4:
      manufacturer: Alibaba Cloud
      modulePartNo: Not Specified
      memType: RAM
      size: 16
      clkspeed: 0
      moduleVoltage: 0
    DIMM 5:
      manufacturer: Alibaba Cloud
      modulePartNo: Not Specified
      memType: RAM
      size: 16
      clkspeed: 0
      moduleVoltage: 0
    DIMM 6:
      manufacturer: Alibaba Cloud
      modulePartNo: Not Specified
      memType: RAM
      size: 16
      clkspeed: 0
      moduleVoltage: 0
    DIMM 7:
      manufacturer: Alibaba Cloud
      modulePartNo: Not Specified
      memType: RAM
      size: 16
      clkspeed: 0
      moduleVoltage: 0
    DIMM 8:
      manufacturer: Alibaba Cloud
      modulePartNo: Not Specified
      memType: RAM
      size: 16
      clkspeed: 0
      moduleVoltage: 0
    DIMM 9:
      manufacturer: Alibaba Cloud
      modulePartNo: Not Specified
      memType: RAM
      size: 16
      clkspeed: 0
      moduleVoltage: 0
    DIMM 10:
      manufacturer: Alibaba Cloud
      modulePartNo: Not Specified
      memType: RAM
      size: 16
      clkspeed: 0
      moduleVoltage: 0
    DIMM 11:
      manufacturer: Alibaba Cloud
      modulePartNo: Not Specified
      memType: RAM
      size: 16
      clkspeed: 0
      moduleVoltage: 0
    DIMM 12:
      manufacturer: Alibaba Cloud
      modulePartNo: Not Specified
      memType: RAM
      size: 15296
      clkspeed: 0
      moduleVoltage: 0
Checksum: FFFA58CD32551CC488C1747CFDBB5F4903378D3F