---
system-info:
      stress-ng-version: 0.17.08
      run-by: root
      date-yyyy-mm-dd: 2024:06:08
      time-hh-mm-ss: 21:54:56
      epoch-secs: 1717883696
      hostname: 1e456f77e763
      sysname: Linux
      nodename: 1e456f77e763
      release: 6.8.0-1008-aws
      version: '#8-Ubuntu SMP Sat Apr 20 02:43:14 UTC 2024'
      machine: aarch64
      compiler: 'musl-gcc 13.2.1'
      uptime: 106
      totalram: 8141361152
      freeram: 3788767232
      sharedram: 35024896
      bufferram: 105398272
      totalswap: 0
      freeswap: 0
      pagesize: 4096
      cpus: 2
      cpus-online: 2
      ticks-per-second: 100

metrics:
    - stressor: cpu
      bogo-ops: 8453
      bogo-ops-per-second-usr-sys-time: 425.801635
      bogo-ops-per-second-real-time: 843.967547
      wall-clock-time: 10.015788
      user-time: 19.846977
      system-time: 0.004990
      cpu-usage-per-instance: 99.103371
      max-rss: 4136

...
