---
system-info:
      stress-ng-version: 0.17.08
      run-by: root
      date-yyyy-mm-dd: 2024:06:15
      time-hh-mm-ss: 06:42:05
      epoch-secs: 1718433725
      hostname: f4803381a5b2
      sysname: Linux
      nodename: f4803381a5b2
      release: 6.8.0-1008-aws
      version: '#8-Ubuntu SMP Sat Apr 20 02:43:14 UTC 2024'
      machine: aarch64
      compiler: 'musl-gcc 13.2.1'
      uptime: 113
      totalram: 8141361152
      freeram: 3914641408
      sharedram: 35033088
      bufferram: 107515904
      totalswap: 0
      freeswap: 0
      pagesize: 4096
      cpus: 2
      cpus-online: 2
      ticks-per-second: 100

metrics:
    - stressor: cpu
      bogo-ops: 60808
      bogo-ops-per-second-usr-sys-time: 1532.413836
      bogo-ops-per-second-real-time: 3040.383110
      wall-clock-time: 20.000111
      user-time: 39.679192
      system-time: 0.001995
      cpu-usage-per-instance: 99.202416
      max-rss: 1192

...
