BaselineInfo:
  WebDBID: -1
  TimeStamp: 20241108184234
Version:
  Major: 11
  Minor: 0
  Build: 1002
  SpecialBuildName: ""
  ptArchitecture: x86_64_linux
Results:
  Results Complete: true
  NumTestProcesses: 32
  CPU_INTEGER_MATH: 161771.53566666663
  CPU_FLOATINGPOINT_MATH: 115118.34197218798
  CPU_PRIME: 295.83846472333892
  CPU_SORTING: 79190.219875344948
  CPU_ENCRYPTION: 35678.599138685197
  CPU_COMPRESSION: 577608.9992626051
  CPU_SINGLETHREAD: 3090.7858636647829
  CPU_PHYSICS: 5850.0361923241599
  CPU_MATRIX_MULT_SSE: 44589.318437688889
  CPU_mm: 4571.9192379624928
  CPU_sse: 19798.759647740786
  CPU_fma: 47479.77922118891
  CPU_avx: 41481.721720155809
  CPU_avx512: 69597.01316166998
  m_CPU_enc_SHA: 37670160978.049507
  m_CPU_enc_AES: 48915764763.984154
  m_CPU_enc_ECDSA: 25649242569.304253
  ME_ALLOC_S: 16739.996886924579
  ME_READ_S: 27840.421093749999
  ME_READ_L: 9259.6064453125
  ME_WRITE: 13095.9130859375
  ME_LARGE: 52074.75
  ME_LATENCY: 82.591953399924932
  ME_THREADED: 176700.6669921875
  SUMM_CPU: 48904.203819733179
  SUMM_ME: 2202.4008567186747
SystemInformation:
  OSName: Ubuntu 24.04.1 LTS
  Kernel: 6.8.0-1016-aws
  Device: ""
  Processor: Intel Xeon Platinum 8488C
  NumSockets: 1
  Manufacturer: GenuineIntel
  NumCores: 16
  NumLogicals: 32
  CPUFrequency: 0
  Memory: 63252
  MemModuleInfo:
    iNumMemSticks: 1
    DIMM 1:
      manufacturer: Not Specified
      modulePartNo: Not Specified
      memType: DDR5
      size: 64
      clkspeed: 2400
      moduleVoltage: 0
Checksum: DAF5695A1C5AB95C8F6FBCBC2C546AFB59437CF4