BaselineInfo:
  WebDBID: -1
  TimeStamp: 20251216201915
Version:
  Major: 11
  Minor: 0
  Build: 1002
  SpecialBuildName: ""
  ptArchitecture: x86_64_linux
Results:
  Results Complete: true
  NumTestProcesses: 30
  CPU_INTEGER_MATH: 183632.41199999995
  CPU_FLOATINGPOINT_MATH: 161881.30663502868
  CPU_PRIME: 599.20139143014637
  CPU_SORTING: 116493.6338014044
  CPU_ENCRYPTION: 39849.599967346177
  CPU_COMPRESSION: 800427.35402875242
  CPU_SINGLETHREAD: 2931.943898792566
  CPU_PHYSICS: 10280.821512038605
  CPU_MATRIX_MULT_SSE: 75798.006392739655
  CPU_mm: 7923.6276366621796
  CPU_sse: 34654.880582972604
  CPU_fma: 103750.2508044491
  CPU_avx: 89128.19591507109
  CPU_avx512: 75658.698268465843
  m_CPU_enc_SHA: 55038496047.747574
  m_CPU_enc_AES: 34884048740.454361
  m_CPU_enc_ECDSA: 35433457617.877998
  ME_ALLOC_S: 28597.690763281593
  ME_READ_S: 27913.388476562501
  ME_READ_L: 26772.880859375
  ME_WRITE: 25379.697265625
  ME_LARGE: 24759.666666666668
  ME_LATENCY: 70.87738032921682
  ME_THREADED: 259506.80078125
  SUMM_CPU: 60981.570803531547
  SUMM_ME: 2897.1379407329728
SystemInformation:
  OSName: Ubuntu 24.04.2 LTS
  Kernel: 6.8.0-86-generic
  Device: ""
  Processor: AMD EPYC 9554 64-Core Processor
  NumSockets: 30
  Manufacturer: AuthenticAMD
  NumCores: 30
  NumLogicals: 30
  CPUFrequency: 0
  Memory: 44079
  MemModuleInfo:
    iNumMemSticks: 1
    DIMM 1:
      manufacturer: QEMU
      modulePartNo: Not Specified
      memType: RAM
      size: 45000
      clkspeed: 0
      moduleVoltage: 0
Checksum: D648F4F3C566D8242644070762810BC5A13D6A80