---
system-info:
      stress-ng-version: 0.17.08
      run-by: root
      date-yyyy-mm-dd: 2024:09:03
      time-hh-mm-ss: 04:44:39
      epoch-secs: 1725338679
      hostname: sc-runner
      sysname: Linux
      nodename: sc-runner
      release: 6.8.0-1013-azure
      version: '#15-Ubuntu SMP Thu Aug  8 18:40:40 UTC 2024'
      machine: x86_64
      compiler: 'musl-gcc 13.2.1'
      uptime: 421
      totalram: 33653043200
      freeram: 25110126592
      sharedram: 57114624
      bufferram: 212758528
      totalswap: 0
      freeswap: 0
      pagesize: 4096
      cpus: 4
      cpus-online: 4
      ticks-per-second: 100

metrics:
    - stressor: cpu
      bogo-ops: 16979
      bogo-ops-per-second-usr-sys-time: 849.027728
      bogo-ops-per-second-real-time: 848.945527
      wall-clock-time: 20.000105
      user-time: 19.995154
      system-time: 0.003015
      cpu-usage-per-instance: 99.990318
      max-rss: 3152

...
