BaselineInfo:
  WebDBID: -1
  TimeStamp: 20251218211651
Version:
  Major: 11
  Minor: 0
  Build: 1002
  SpecialBuildName: ""
  ptArchitecture: aarch64_linux
Results:
  Results Complete: true
  NumTestProcesses: 8
  CPU_INTEGER_MATH: 41739.574666666667
  CPU_FLOATINGPOINT_MATH: 48486.98331805582
  CPU_PRIME: 140.06080079789177
  CPU_SORTING: 37009.168325176746
  CPU_ENCRYPTION: 1504.1243873877402
  CPU_COMPRESSION: 53091.742222821988
  CPU_SINGLETHREAD: 1943.2661531702915
  CPU_PHYSICS: 2602.0228207552686
  CPU_MATRIX_MULT_SSE: 7373.9938050221817
  CPU_mm: 909.81733396033189
  CPU_sse: 5801.5575435309156
  CPU_fma: 8946.4300665134488
  CPU_avx: 0
  CPU_avx512: 0
  m_CPU_enc_SHA: 2349390477.3580718
  m_CPU_enc_AES: 859977356.41592658
  m_CPU_enc_ECDSA: 1522198367.1144638
  ME_ALLOC_S: 12149.484157682245
  ME_READ_S: 21156.193359375
  ME_READ_L: 20359.537109375
  ME_WRITE: 21220.65625
  ME_LARGE: 19333.916666666668
  ME_LATENCY: 44.791775621345401
  ME_THREADED: 148875.044921875
  SUMM_CPU: 7686.5312368425466
  SUMM_ME: 3199.2342167222128
SystemInformation:
  OSName: Ubuntu 24.04.2 LTS
  Kernel: 6.14.0-1018-aws
  Device: ""
  Processor: ARM Neoverse-V2 8 Core 0 MHz
  NumSockets: 1
  Manufacturer: ARM
  NumCores: 8
  NumLogicals: 8
  CPUFrequency: 0
  Memory: 31490
Checksum: BF6CB3ABA6821FE9216597E0E2CEE8C569FB5DF6