BaselineInfo:
  WebDBID: -1
  TimeStamp: 20251218091306
Version:
  Major: 11
  Minor: 0
  Build: 1002
  SpecialBuildName: ""
  ptArchitecture: aarch64_linux
Results:
  Results Complete: true
  NumTestProcesses: 8
  CPU_INTEGER_MATH: 41727.433666666664
  CPU_FLOATINGPOINT_MATH: 48458.933171409197
  CPU_PRIME: 139.62036911853644
  CPU_SORTING: 37139.085411793902
  CPU_ENCRYPTION: 1508.0004197678381
  CPU_COMPRESSION: 53093.110446263927
  CPU_SINGLETHREAD: 1944.434796362835
  CPU_PHYSICS: 2592.4332410572702
  CPU_MATRIX_MULT_SSE: 7365.456602075973
  CPU_mm: 901.18788983067714
  CPU_sse: 5789.6479972840343
  CPU_fma: 8941.2652068679126
  CPU_avx: 0
  CPU_avx512: 0
  m_CPU_enc_SHA: 2354806301.2371106
  m_CPU_enc_AES: 859816131.96361971
  m_CPU_enc_ECDSA: 1529136711.2747121
  ME_ALLOC_S: 12132.180778505812
  ME_READ_S: 20536.575390624999
  ME_READ_L: 20118.63671875
  ME_WRITE: 21296.900390625
  ME_LARGE: 19489.416666666668
  ME_LATENCY: 44.760973142781317
  ME_THREADED: 148688.982421875
  SUMM_CPU: 7693.7520707426074
  SUMM_ME: 3170.6823287314296
SystemInformation:
  OSName: Ubuntu 24.04.2 LTS
  Kernel: 6.14.0-1018-aws
  Device: ""
  Processor: ARM Neoverse-V2 8 Core 0 MHz
  NumSockets: 1
  Manufacturer: ARM
  NumCores: 8
  NumLogicals: 8
  CPUFrequency: 0
  Memory: 31490
Checksum: 46D10F2382A3F3EFC316B3EA37F251FB40BD7C28