BaselineInfo:
  WebDBID: -1
  TimeStamp: 20241108202003
Version:
  Major: 11
  Minor: 0
  Build: 1002
  SpecialBuildName: ""
  ptArchitecture: x86_64_linux
Results:
  Results Complete: true
  NumTestProcesses: 36
  CPU_INTEGER_MATH: 112298.45166666665
  CPU_FLOATINGPOINT_MATH: 60109.311074177233
  CPU_PRIME: 132.96478125507772
  CPU_SORTING: 56725.571393855294
  CPU_ENCRYPTION: 15278.362027972285
  CPU_COMPRESSION: 489094.56428320287
  CPU_SINGLETHREAD: 2011.5652517572696
  CPU_PHYSICS: 2278.0414808291739
  CPU_MATRIX_MULT_SSE: 33816.967023195233
  CPU_mm: 3409.1532718825292
  CPU_sse: 12145.918495111286
  CPU_fma: 40402.875073039468
  CPU_avx: 28538.871916873934
  CPU_avx512: 54180.20260775624
  m_CPU_enc_SHA: 5039569636.3954544
  m_CPU_enc_AES: 38513570271.231865
  m_CPU_enc_ECDSA: 4508431317.9018879
  ME_ALLOC_S: 12610.803436909469
  ME_READ_S: 23938.920117187499
  ME_READ_L: 11237.1494140625
  ME_WRITE: 10653.0771484375
  ME_LARGE: 59885.833333333336
  ME_LATENCY: 52.467145723531736
  ME_THREADED: 108357.62255859375
  SUMM_CPU: 30341.368033583931
  SUMM_ME: 2678.257000668093
SystemInformation:
  OSName: Ubuntu 24.04.1 LTS
  Kernel: 6.8.0-1016-aws
  Device: ""
  Processor: Intel Xeon Platinum 8223CL CPU @ 3.00GHz
  NumSockets: 1
  Manufacturer: GenuineIntel
  NumCores: 18
  NumLogicals: 36
  CPUFrequency: 0
  Memory: 70809
  MemModuleInfo:
    iNumMemSticks: 1
    DIMM 1:
      manufacturer: Not Specified
      modulePartNo: Not Specified
      memType: DDR4
      size: 72
      clkspeed: 1600
      moduleVoltage: 0
Checksum: FAF32C6AFBC542A0302FF768BA7971AD47007BC8