---
system-info:
      stress-ng-version: 0.17.08
      run-by: root
      date-yyyy-mm-dd: 2024:06:20
      time-hh-mm-ss: 22:51:46
      epoch-secs: 1718923906
      hostname: b8fd3c864564
      sysname: Linux
      nodename: b8fd3c864564
      release: 6.8.0-1008-gcp
      version: '#9-Ubuntu SMP Wed May 22 18:09:04 UTC 2024'
      machine: x86_64
      compiler: 'musl-gcc 13.2.1'
      uptime: 165
      totalram: 4102660096
      freeram: 214253568
      sharedram: 34975744
      bufferram: 130756608
      totalswap: 0
      freeswap: 0
      pagesize: 4096
      cpus: 4
      cpus-online: 4
      ticks-per-second: 100

metrics:
    - stressor: cpu
      bogo-ops: 53841
      bogo-ops-per-second-usr-sys-time: 2692.150013
      bogo-ops-per-second-real-time: 2692.041977
      wall-clock-time: 20.000060
      user-time: 19.998258
      system-time: 0.000999
      cpu-usage-per-instance: 99.995987
      max-rss: 1104

...
