BaselineInfo:
  WebDBID: -1
  TimeStamp: 20241111130709
Version:
  Major: 11
  Minor: 0
  Build: 1002
  SpecialBuildName: ""
  ptArchitecture: x86_64_linux
Results:
  Results Complete: true
  NumTestProcesses: 64
  CPU_INTEGER_MATH: 199416.72966666668
  CPU_FLOATINGPOINT_MATH: 106905.99043023045
  CPU_PRIME: 258.89678820888753
  CPU_SORTING: 99667.240913053742
  CPU_ENCRYPTION: 27082.065999360078
  CPU_COMPRESSION: 873975.41849159193
  CPU_SINGLETHREAD: 2016.441995261335
  CPU_PHYSICS: 4481.055309522163
  CPU_MATRIX_MULT_SSE: 53854.893683437971
  CPU_mm: 5999.0776643443414
  CPU_sse: 21543.130882216807
  CPU_fma: 66219.07815218113
  CPU_avx: 46951.744663533027
  CPU_avx512: 80705.621035820906
  m_CPU_enc_SHA: 8966666806.2774315
  m_CPU_enc_AES: 68198761968.946289
  m_CPU_enc_ECDSA: 8027384536.8112726
  ME_ALLOC_S: 22475.921458411325
  ME_READ_S: 24163.585742187501
  ME_READ_L: 10917.609375
  ME_WRITE: 9885.181640625
  ME_LARGE: 245477.66666666666
  ME_LATENCY: 49.548134841476703
  ME_THREADED: 148943.67724609375
  SUMM_CPU: 46461.565009196049
  SUMM_ME: 2769.9713280733054
SystemInformation:
  OSName: Ubuntu 24.04.1 LTS
  Kernel: 6.8.0-1017-azure
  Device: ""
  Processor: Intel Xeon Platinum 8272CL CPU @ 2.60GHz
  NumSockets: 2
  Manufacturer: GenuineIntel
  NumCores: 32
  NumLogicals: 64
  CPUFrequency: 0
  Memory: 257910
  MemModuleInfo:
    iNumMemSticks: 4
    DIMM 1:
      manufacturer: Microsoft Corporation
      modulePartNo: None
      memType: Unknown
      size: 1
      clkspeed: 0
      moduleVoltage: 0
    DIMM 2:
      manufacturer: Microsoft Corporation
      modulePartNo: None
      memType: Unknown
      size: 60928
      clkspeed: 0
      moduleVoltage: 0
    DIMM 3:
      manufacturer: Microsoft Corporation
      modulePartNo: None
      memType: Unknown
      size: 69120
      clkspeed: 0
      moduleVoltage: 0
    DIMM 4:
      manufacturer: Microsoft Corporation
      modulePartNo: None
      memType: Unknown
      size: 128
      clkspeed: 0
      moduleVoltage: 0
Checksum: F8B14A55E3188EC1635CB01AC529CEADEC529071