BaselineInfo:
  WebDBID: -1
  TimeStamp: 20251208213703
Version:
  Major: 11
  Minor: 0
  Build: 1002
  SpecialBuildName: ""
  ptArchitecture: x86_64_linux
Results:
  Results Complete: true
  NumTestProcesses: 2
  CPU_INTEGER_MATH: 12014.075666666668
  CPU_FLOATINGPOINT_MATH: 11006.282692165012
  CPU_PRIME: 38.779573198530386
  CPU_SORTING: 7645.3745178481568
  CPU_ENCRYPTION: 2591.877924231369
  CPU_COMPRESSION: 51338.356222666494
  CPU_SINGLETHREAD: 2936.207272308558
  CPU_PHYSICS: 705.559233742473
  CPU_MATRIX_MULT_SSE: 4729.1778811780023
  CPU_mm: 519.24841100511242
  CPU_sse: 2346.8963590548206
  CPU_fma: 6793.4115333296595
  CPU_avx: 5047.2257511495282
  CPU_avx512: 0
  m_CPU_enc_SHA: 3579319174.6439323
  m_CPU_enc_AES: 2275912702.9361711
  m_CPU_enc_ECDSA: 2298111081.2563925
  ME_ALLOC_S: 2240.0618704312019
  ME_READ_S: 27779.297460937501
  ME_READ_L: 25063.302734375
  ME_WRITE: 23193.740234375
  ME_LARGE: 3821.6666666666665
  ME_LATENCY: 65.805256484032398
  ME_THREADED: 50082.384765625
  SUMM_CPU: 5422.1324800197926
  SUMM_ME: 2234.1030668716276
SystemInformation:
  OSName: Ubuntu 24.04.2 LTS
  Kernel: 6.8.0-86-generic
  Device: ""
  Processor: AMD EPYC-Milan Processor
  NumSockets: 2
  Manufacturer: AuthenticAMD
  NumCores: 2
  NumLogicals: 2
  CPUFrequency: 0
  Memory: 15615
  MemModuleInfo:
    iNumMemSticks: 1
    DIMM 1:
      manufacturer: QEMU
      modulePartNo: Not Specified
      memType: RAM
      size: 16000
      clkspeed: 0
      moduleVoltage: 0
Checksum: 7517B99BC7675214EE0D238D8C382FDB67E4F685