---
system-info:
      stress-ng-version: 0.17.08
      run-by: root
      date-yyyy-mm-dd: 2024:09:23
      time-hh-mm-ss: 07:53:27
      epoch-secs: 1727078007
      hostname: sc-runner
      sysname: Linux
      nodename: sc-runner
      release: 6.8.0-1014-azure
      version: '#16-Ubuntu SMP Thu Aug 15 20:04:41 UTC 2024'
      machine: x86_64
      compiler: 'musl-gcc 13.2.1'
      uptime: 310
      totalram: 270257029120
      freeram: 259666460672
      sharedram: 38232064
      bufferram: 289918976
      totalswap: 0
      freeswap: 0
      pagesize: 4096
      cpus: 16
      cpus-online: 16
      ticks-per-second: 100

metrics:
    - stressor: cpu
      bogo-ops: 431497
      bogo-ops-per-second-usr-sys-time: 1350.002726
      bogo-ops-per-second-real-time: 21574.760465
      wall-clock-time: 20.000083
      user-time: 319.606774
      system-time: 0.019988
      cpu-usage-per-instance: 99.882949
      max-rss: 3152

...
