"size","threads","connections","rps","latency","failed","server_usr","server_sys","client_usr","client_sys"
"1k",32,32,858431,0.000035280,0,50.79,109.15,36.31,126.24
"1k",32,64,858807,0.000091730,0,44.97,109.55,32.05,123.11
"1k",32,128,857382,0.000134470,0,42.83,114.26,29.38,125.35
"1k",32,256,925713,0.000287670,0,42.93,116.48,29.85,128.14
"1k",32,512,995744,0.000737900,0,43.25,117.52,30.05,129.73
"1k",32,1024,1014930,0.001050000,0,43.94,117.74,29.73,129.64
"1k",64,64,869043,0.000072390,0,44.04,107.94,35.64,133.46
"1k",64,128,899672,0.000138990,0,40.60,109.81,34.68,132.16
"1k",64,256,855692,0.000352210,0,36.59,114.91,31.43,134.86
"1k",64,512,898537,0.000950000,0,35.76,117.79,31.91,138.39
"1k",64,1024,907483,0.001350000,0,36.72,117.81,32.56,137.41
"1k",128,128,890586,0.000145470,0,39.33,107.48,38.71,138.18
"1k",128,256,769553,0.000523960,0,30.43,116.16,32.15,144.07
"1k",128,512,803266,0.000762230,0,31.49,115.26,35.58,142.14
"1k",128,1024,810189,0.001360000,0,31.34,117.36,34.79,142.63
"16k",32,32,641883,0.000049640,0,42.89,99.94,38.55,125.27
"16k",32,64,676922,0.000178280,0,42.11,100.64,37.47,127.77
"16k",32,128,611490,0.000188160,0,38.50,118.32,32.71,124.26
"16k",32,256,644903,0.000391600,0,36.80,126.01,33.04,123.37
"16k",32,512,678026,0.000900000,0,35.89,129.85,32.13,123.86
"16k",32,1024,674993,0.001410000,0,37.42,127.49,31.82,124.37
"16k",64,64,710945,0.000088840,0,42.21,100.67,43.24,135.82
"16k",64,128,705031,0.000175780,0,38.71,106.65,39.52,134.25
"16k",64,256,621757,0.000471900,0,31.06,123.23,35.10,131.59
"16k",64,512,629218,0.001110000,0,29.17,126.63,34.91,133.44
"16k",64,1024,642282,0.001750000,0,32.23,124.41,34.91,134.51
"16k",128,128,699652,0.000187220,0,37.65,102.19,43.24,140.54
"16k",128,256,575918,0.000595440,0,27.26,122.12,36.35,138.24
"16k",128,512,601881,0.000970000,0,28.56,118.58,39.04,138.69
"16k",128,1024,589964,0.001800000,0,29.56,120.73,37.92,138.25
"64k",32,32,348587,0.000090760,0,34.96,108.45,41.42,129.07
"64k",32,64,392633,0.000149010,0,34.72,102.19,44.01,138.16
"64k",32,128,305505,0.000389110,0,26.75,138.80,33.64,117.00
"64k",32,256,303027,0.000827920,0,25.34,150.37,31.80,113.05
"64k",32,512,302933,0.001660000,0,27.24,149.86,30.86,113.15
"64k",32,1024,291400,0.003240000,0,32.11,147.06,29.59,115.16
"64k",64,64,397296,0.000160080,0,36.90,95.23,46.28,145.15
"64k",64,128,370709,0.000339000,0,29.02,114.51,42.29,135.95
"64k",64,256,294311,0.001040000,0,19.97,146.83,34.71,122.23
"64k",64,512,300820,0.001760000,0,24.23,142.79,34.62,121.72
"64k",64,1024,293163,0.003470000,0,29.03,143.04,32.76,121.47
"64k",128,128,393816,0.000338670,0,29.30,103.44,45.51,145.88
"64k",128,256,311313,0.000940000,0,20.87,134.60,39.01,128.94
"64k",128,512,303841,0.001740000,0,23.14,135.51,38.00,128.46
"64k",128,1024,288283,0.003560000,0,27.13,136.24,36.33,126.35
"256k",32,32,148233,0.000230820,0,26.96,103.08,51.72,136.07
"256k",32,64,135260,0.000449200,0,22.58,132.97,45.11,118.01
"256k",32,128,101912,0.001230000,0,25.73,159.38,33.50,99.53
"256k",32,256,95905,0.002530000,0,26.35,165.47,30.02,98.78
"256k",32,512,91883,0.005110000,0,29.65,164.87,28.88,98.21
"256k",64,64,136706,0.000487930,0,20.68,131.77,47.59,123.46
"256k",64,128,111023,0.001210000,0,18.63,154.29,38.11,111.10
"256k",64,256,102660,0.002480000,0,22.27,157.26,35.19,108.18
"256k",64,512,98545,0.005120000,0,27.98,156.21,33.09,106.41
"256k",128,128,133086,0.000990000,0,21.10,129.00,48.08,126.32
"256k",128,256,110299,0.002360000,0,23.22,144.92,39.78,116.97
"256k",128,512,102905,0.004980000,0,26.60,149.82,36.87,112.41
"512k",32,32,74350,0.000455410,0,19.49,129.38,48.45,123.50
"512k",32,64,63762,0.000960000,0,22.47,150.92,39.87,103.57
"512k",32,128,51237,0.002350000,0,26.37,165.95,30.96,94.90
"512k",32,256,50702,0.004650000,0,26.10,169.75,30.26,95.65
"512k",32,512,50701,0.009040000,0,28.18,164.16,30.10,100.95
"512k",64,64,67436,0.000980000,0,17.29,149.54,44.21,112.31
"512k",64,128,55951,0.002280000,0,19.25,162.22,36.03,105.03
"512k",64,256,54525,0.004580000,0,24.64,158.81,34.18,105.54
"512k",64,512,54872,0.009150000,0,28.24,154.07,34.19,108.51
"512k",128,128,65376,0.001970000,0,21.70,143.15,44.11,115.11
"512k",128,256,58284,0.004390000,0,24.40,149.80,38.69,112.14
"512k",128,512,56998,0.008980000,0,27.26,148.75,37.28,112.44
