---
system-info:
      stress-ng-version: 0.17.08
      run-by: root
      date-yyyy-mm-dd: 2024:06:15
      time-hh-mm-ss: 15:56:14
      epoch-secs: 1718466974
      hostname: 40fdc0f742cb
      sysname: Linux
      nodename: 40fdc0f742cb
      release: 6.8.0-1008-aws
      version: '#8-Ubuntu SMP Sat Apr 20 00:46:25 UTC 2024'
      machine: x86_64
      compiler: 'musl-gcc 13.2.1'
      uptime: 164
      totalram: 66862301184
      freeram: 62466314240
      sharedram: 11685888
      bufferram: 108843008
      totalswap: 0
      freeswap: 0
      pagesize: 4096
      cpus: 8
      cpus-online: 8
      ticks-per-second: 100

metrics:
    - stressor: cpu
      bogo-ops: 47243
      bogo-ops-per-second-usr-sys-time: 296.298285
      bogo-ops-per-second-real-time: 2362.117234
      wall-clock-time: 20.000277
      user-time: 159.418068
      system-time: 0.025987
      cpu-usage-per-instance: 99.651152
      max-rss: 1104

...
