---
system-info:
      stress-ng-version: 0.17.08
      run-by: root
      date-yyyy-mm-dd: 2024:06:09
      time-hh-mm-ss: 13:41:22
      epoch-secs: 1717940482
      hostname: b1df44ede606
      sysname: Linux
      nodename: b1df44ede606
      release: 6.8.0-1008-aws
      version: '#8-Ubuntu SMP Sat Apr 20 00:46:25 UTC 2024'
      machine: x86_64
      compiler: 'musl-gcc 13.2.1'
      uptime: 149
      totalram: 66862317568
      freeram: 62308163584
      sharedram: 11685888
      bufferram: 108187648
      totalswap: 0
      freeswap: 0
      pagesize: 4096
      cpus: 8
      cpus-online: 8
      ticks-per-second: 100

metrics:
    - stressor: cpu
      bogo-ops: 61952
      bogo-ops-per-second-usr-sys-time: 777.189781
      bogo-ops-per-second-real-time: 6192.620870
      wall-clock-time: 10.004165
      user-time: 79.684855
      system-time: 0.027979
      cpu-usage-per-instance: 99.599561
      max-rss: 3920

...
