BaselineInfo:
  WebDBID: -1
  TimeStamp: 20241107113122
Version:
  Major: 11
  Minor: 0
  Build: 1002
  SpecialBuildName: ""
  ptArchitecture: x86_64_linux
Results:
  Results Complete: true
  NumTestProcesses: 4
  CPU_INTEGER_MATH: 16713.021333333334
  CPU_FLOATINGPOINT_MATH: 8542.0709232021909
  CPU_PRIME: 37.525107765760197
  CPU_SORTING: 8795.00624335674
  CPU_ENCRYPTION: 3631.0242057573778
  CPU_COMPRESSION: 63561.356232139246
  CPU_SINGLETHREAD: 2364.4111882262127
  CPU_PHYSICS: 734.31531516164512
  CPU_MATRIX_MULT_SSE: 3377.4888939844741
  CPU_mm: 360.58289753528163
  CPU_sse: 1571.5850555524983
  CPU_fma: 4343.5539772106813
  CPU_avx: 3215.0481198776802
  CPU_avx512: 4379.7684232970369
  m_CPU_enc_SHA: 3663567793.0761652
  m_CPU_enc_AES: 5513485249.6635218
  m_CPU_enc_ECDSA: 2245161469.9890566
  ME_ALLOC_S: 2013.3742706914143
  ME_READ_S: 24165.455468749999
  ME_READ_L: 11457.2529296875
  ME_WRITE: 10376.794921875
  ME_LARGE: 616.33333333333337
  ME_LATENCY: 60.14805779136973
  ME_THREADED: 30457.48291015625
  SUMM_CPU: 5869.9719336255348
  SUMM_ME: 1038.1533379053346
SystemInformation:
  OSName: Ubuntu 24.04.1 LTS
  Kernel: 6.8.0-1016-aws
  Device: ""
  Processor: Intel Xeon Platinum 8375C CPU @ 2.90GHz
  NumSockets: 1
  Manufacturer: GenuineIntel
  NumCores: 2
  NumLogicals: 4
  CPUFrequency: 0
  Memory: 7780
  MemModuleInfo:
    iNumMemSticks: 1
    DIMM 1:
      manufacturer: Not Specified
      modulePartNo: Not Specified
      memType: DDR4
      size: 8
      clkspeed: 1600
      moduleVoltage: 0
Checksum: FEFF145B8B1F7897E61339D9874FD55A4C07BAF4