size_kb,operation,bandwidth_mb_s,latency_ns,latency_stddev_ns,latency_samples,threads,iterations,elapsed_s
32,read,1202463.67,0,0,0,16,453720,0.188663
32,write,1330840.02,0,0,0,16,614250,0.230775
32,copy,985729.70,0,0,0,16,376506,0.190978
32,latency,0,2.15,0.00,7,1,7,0.308616
128,read,992808.91,0,0,0,16,104427,0.210367
128,write,1199908.46,0,0,0,16,163185,0.271996
128,copy,749680.02,0,0,0,16,104210,0.278012
128,latency,0,2.87,0.00,7,1,7,0.660574
1024,read,885340.82,0,0,0,16,17706,0.319985
1024,write,1180510.44,0,0,0,16,21057,0.285395
1024,copy,507650.45,0,0,0,16,13648,0.430154
1024,latency,0,5.87,0.01,7,1,7,0.668743
2048,read,712873.71,0,0,0,16,7031,0.315613
2048,write,1086619.05,0,0,0,16,8799,0.259123
2048,copy,235189.91,0,0,0,16,4411,0.600162
2048,latency,0,10.14,0.10,7,1,7,0.678416
4096,read,340256.27,0,0,0,16,3041,0.571992
4096,write,451073.86,0,0,0,16,4808,0.682177
4096,copy,180634.54,0,0,0,16,1939,0.687000
4096,latency,0,17.76,0.04,7,1,7,0.671979
8192,read,316819.06,0,0,0,16,1224,0.494516
8192,write,310955.35,0,0,0,16,2223,0.915064
8192,copy,181727.38,0,0,0,16,881,0.620534
8192,latency,0,22.63,0.08,7,1,7,0.715849
16384,read,282389.51,0,0,0,16,487,0.441489
16384,write,268638.40,0,0,0,16,1036,0.987260
16384,copy,172663.41,0,0,0,16,428,0.634576
16384,latency,0,24.60,0.10,7,1,7,0.656480
32768,read,268634.42,0,0,0,16,229,0.436459
32768,write,251126.19,0,0,0,16,510,1.039796
32768,copy,168467.32,0,0,0,16,196,0.595676
32768,latency,0,34.25,10.48,21,1,21,1.926706
65536,read,260848.36,0,0,0,16,123,0.482855
65536,write,242858.19,0,0,0,16,252,1.062546
65536,copy,166950.41,0,0,0,16,108,0.662424
65536,latency,0,87.70,2.49,7,1,7,3.927397
131072,read,258472.97,0,0,0,16,62,0.491254
131072,write,239622.55,0,0,0,16,124,1.059800
131072,copy,166683.52,0,0,0,16,54,0.663485
131072,latency,0,104.53,1.05,7,1,7,9.410518
