BaselineInfo:
  WebDBID: -1
  TimeStamp: 20250418091255
Version:
  Major: 11
  Minor: 0
  Build: 1002
  SpecialBuildName: ""
  ptArchitecture: x86_64_linux
Results:
  Results Complete: true
  NumTestProcesses: 16
  CPU_INTEGER_MATH: 72404.190666666662
  CPU_FLOATINGPOINT_MATH: 51291.345548430472
  CPU_PRIME: 149.73407365879925
  CPU_SORTING: 36071.002081478699
  CPU_ENCRYPTION: 16008.405627388212
  CPU_COMPRESSION: 260319.03973045899
  CPU_SINGLETHREAD: 2921.0125146730243
  CPU_PHYSICS: 3459.4989081726153
  CPU_MATRIX_MULT_SSE: 21242.508770575394
  CPU_mm: 2018.3593410377764
  CPU_sse: 8757.907312382762
  CPU_fma: 23928.081375900008
  CPU_avx: 17995.050493030471
  CPU_avx512: 34288.995900988331
  m_CPU_enc_SHA: 16848580054.051119
  m_CPU_enc_AES: 21951432392.175804
  m_CPU_enc_ECDSA: 11558077371.205744
  ME_ALLOC_S: 8547.6190611357906
  ME_READ_S: 26732.488085937501
  ME_READ_L: 10484.2470703125
  ME_WRITE: 9763.4794921875
  ME_LARGE: 505790.5
  ME_LATENCY: 60.240350496029805
  ME_THREADED: 154262.9794921875
  SUMM_CPU: 25302.458546877668
  SUMM_ME: 2549.5023348479722
SystemInformation:
  OSName: Ubuntu 24.04.2 LTS
  Kernel: 6.8.0-1021-azure
  Device: ""
  Processor: INTEL XEON PLATINUM 8573C
  NumSockets: 2
  Manufacturer: GenuineIntel
  NumCores: 8
  NumLogicals: 16
  CPUFrequency: 2300
  Memory: 515975
  MemModuleInfo:
    iNumMemSticks: 4
    DIMM 1:
      manufacturer: Microsoft Corporation
      modulePartNo: None
      memType: Unknown
      size: 1
      clkspeed: 0
      moduleVoltage: 0
    DIMM 2:
      manufacturer: Microsoft Corporation
      modulePartNo: None
      memType: Unknown
      size: 59
      clkspeed: 0
      moduleVoltage: 0
    DIMM 3:
      manufacturer: Microsoft Corporation
      modulePartNo: None
      memType: Unknown
      size: 196
      clkspeed: 0
      moduleVoltage: 0
    DIMM 4:
      manufacturer: Microsoft Corporation
      modulePartNo: None
      memType: Unknown
      size: 256
      clkspeed: 0
      moduleVoltage: 0
Checksum: E80277B22C39757C922086EF75870405C388E682