BaselineInfo:
  WebDBID: -1
  TimeStamp: 20241112111603
Version:
  Major: 11
  Minor: 0
  Build: 1002
  SpecialBuildName: ""
  ptArchitecture: x86_64_linux
Results:
  Results Complete: true
  NumTestProcesses: 4
  CPU_INTEGER_MATH: 11169.104666666668
  CPU_FLOATINGPOINT_MATH: 6003.662979621924
  CPU_PRIME: 18.435838245865568
  CPU_SORTING: 5969.9606694336035
  CPU_ENCRYPTION: 1542.3534494155319
  CPU_COMPRESSION: 49857.162268535641
  CPU_SINGLETHREAD: 1805.0840830406676
  CPU_PHYSICS: 468.82386496938039
  CPU_MATRIX_MULT_SSE: 2909.9922944702203
  CPU_mm: 339.78166908251148
  CPU_sse: 1206.9540960652212
  CPU_fma: 3606.1416160396129
  CPU_avx: 2549.0924938903886
  CPU_avx512: 4277.7809718856579
  m_CPU_enc_SHA: 499151873.23183739
  m_CPU_enc_AES: 3908796607.1194186
  m_CPU_enc_ECDSA: 443875951.3717671
  ME_ALLOC_S: 1340.0976025930677
  ME_READ_S: 21985.096874999999
  ME_READ_L: 9907.4990234375
  ME_WRITE: 9474.404296875
  ME_LARGE: 21664.166666666668
  ME_LATENCY: 55.745764899670142
  ME_THREADED: 23661.7451171875
  SUMM_CPU: 3883.7124881720215
  SUMM_ME: 2037.779125430756
SystemInformation:
  OSName: Ubuntu 24.04.1 LTS
  Kernel: 6.8.0-1016-aws
  Device: ""
  Processor: Intel Xeon Platinum 8259CL CPU @ 2.50GHz
  NumSockets: 1
  Manufacturer: GenuineIntel
  NumCores: 2
  NumLogicals: 4
  CPUFrequency: 0
  Memory: 31724
  MemModuleInfo:
    iNumMemSticks: 1
    DIMM 1:
      manufacturer: Not Specified
      modulePartNo: Not Specified
      memType: DDR4
      size: 32
      clkspeed: 1466
      moduleVoltage: 0
Checksum: A48E03A2F594BA7720232ED3FB028DBF8E3743F5