---
system-info:
      stress-ng-version: 0.17.08
      run-by: root
      date-yyyy-mm-dd: 2024:09:16
      time-hh-mm-ss: 15:53:08
      epoch-secs: 1726501988
      hostname: sc-runner
      sysname: Linux
      nodename: sc-runner
      release: 6.8.0-1014-azure
      version: '#16-Ubuntu SMP Thu Aug 15 20:04:41 UTC 2024'
      machine: x86_64
      compiler: 'musl-gcc 13.2.1'
      uptime: 303
      totalram: 67424501760
      freeram: 57212235776
      sharedram: 54906880
      bufferram: 241082368
      totalswap: 0
      freeswap: 0
      pagesize: 4096
      cpus: 2
      cpus-online: 2
      ticks-per-second: 100

metrics:
    - stressor: cpu
      bogo-ops: 37718
      bogo-ops-per-second-usr-sys-time: 1885.937813
      bogo-ops-per-second-real-time: 1885.894897
      wall-clock-time: 20.000054
      user-time: 19.998600
      system-time: 0.000999
      cpu-usage-per-instance: 99.997724
      max-rss: 3252

...
