---
system-info:
      stress-ng-version: 0.17.08
      run-by: root
      date-yyyy-mm-dd: 2024:06:16
      time-hh-mm-ss: 06:56:32
      epoch-secs: 1718520992
      hostname: c2529d4bbe99
      sysname: Linux
      nodename: c2529d4bbe99
      release: 6.8.0-1008-aws
      version: '#8-Ubuntu SMP Sat Apr 20 00:46:25 UTC 2024'
      machine: x86_64
      compiler: 'musl-gcc 13.2.1'
      uptime: 166
      totalram: 33354031104
      freeram: 29003407360
      sharedram: 11673600
      bufferram: 108929024
      totalswap: 0
      freeswap: 0
      pagesize: 4096
      cpus: 8
      cpus-online: 8
      ticks-per-second: 100

metrics:
    - stressor: cpu
      bogo-ops: 47256
      bogo-ops-per-second-usr-sys-time: 296.803351
      bogo-ops-per-second-real-time: 2362.780016
      wall-clock-time: 20.000169
      user-time: 159.179886
      system-time: 0.036645
      cpu-usage-per-instance: 99.509490
      max-rss: 1104

...
