---
system-info:
      stress-ng-version: 0.17.08
      run-by: root
      date-yyyy-mm-dd: 2024:06:10
      time-hh-mm-ss: 04:44:24
      epoch-secs: 1717994664
      hostname: 7e3545732dc9
      sysname: Linux
      nodename: 7e3545732dc9
      release: 6.8.0-1008-aws
      version: '#8-Ubuntu SMP Sat Apr 20 00:46:25 UTC 2024'
      machine: x86_64
      compiler: 'musl-gcc 13.2.1'
      uptime: 194
      totalram: 33354027008
      freeram: 28785561600
      sharedram: 11673600
      bufferram: 114384896
      totalswap: 0
      freeswap: 0
      pagesize: 4096
      cpus: 8
      cpus-online: 8
      ticks-per-second: 100

metrics:
    - stressor: cpu
      bogo-ops: 58789
      bogo-ops-per-second-usr-sys-time: 737.952603
      bogo-ops-per-second-real-time: 5876.819863
      wall-clock-time: 10.003540
      user-time: 79.630036
      system-time: 0.034972
      cpu-usage-per-instance: 99.546025
      max-rss: 4048

...
