BaselineInfo:
  WebDBID: -1
  TimeStamp: 20241108054930
Version:
  Major: 11
  Minor: 0
  Build: 1002
  SpecialBuildName: ""
  ptArchitecture: x86_64_linux
Results:
  Results Complete: true
  NumTestProcesses: 8
  CPU_INTEGER_MATH: 22999.953000000001
  CPU_FLOATINGPOINT_MATH: 12384.249387022241
  CPU_PRIME: 29.743309653889241
  CPU_SORTING: 12010.712657306052
  CPU_ENCRYPTION: 3195.7997139503395
  CPU_COMPRESSION: 103808.14474697754
  CPU_SINGLETHREAD: 1851.1534210136358
  CPU_PHYSICS: 730.70901905873905
  CPU_MATRIX_MULT_SSE: 6193.7656599802249
  CPU_mm: 702.72833167533065
  CPU_sse: 2510.2450385538737
  CPU_fma: 7488.87729935487
  CPU_avx: 5291.4346239506003
  CPU_avx512: 9484.5056780615596
  m_CPU_enc_SHA: 1038629103.0977416
  m_CPU_enc_AES: 8086274585.5943165
  m_CPU_enc_ECDSA: 928212953.87351501
  ME_ALLOC_S: 2587.3065330751479
  ME_READ_S: 22819.131640625001
  ME_READ_L: 8691.0166015625
  ME_WRITE: 9255.40625
  ME_LARGE: 53514.333333333336
  ME_LATENCY: 61.447380508301215
  ME_THREADED: 41639.50830078125
  SUMM_CPU: 7626.0725104789981
  SUMM_ME: 2139.2939720754225
SystemInformation:
  OSName: Ubuntu 24.04.1 LTS
  Kernel: 6.8.0-1016-aws
  Device: ""
  Processor: Intel Xeon Platinum 8259CL CPU @ 2.50GHz
  NumSockets: 1
  Manufacturer: GenuineIntel
  NumCores: 4
  NumLogicals: 8
  CPUFrequency: 0
  Memory: 63594
  MemModuleInfo:
    iNumMemSticks: 1
    DIMM 1:
      manufacturer: Not Specified
      modulePartNo: Not Specified
      memType: DDR4
      size: 64
      clkspeed: 1600
      moduleVoltage: 0
Checksum: 74B46DA20DF9FC7E05AB0A0DB4FB46DDE74BF217