BaselineInfo:
  WebDBID: -1
  TimeStamp: 20241112111800
Version:
  Major: 11
  Minor: 0
  Build: 1002
  SpecialBuildName: ""
  ptArchitecture: x86_64_linux
Results:
  Results Complete: true
  NumTestProcesses: 16
  CPU_INTEGER_MATH: 67290.817999999985
  CPU_FLOATINGPOINT_MATH: 34412.039710312296
  CPU_PRIME: 128.65285566048283
  CPU_SORTING: 34950.299480432383
  CPU_ENCRYPTION: 14613.92776780997
  CPU_COMPRESSION: 246137.73537833884
  CPU_SINGLETHREAD: 2431.4518966302012
  CPU_PHYSICS: 2222.5599692904875
  CPU_MATRIX_MULT_SSE: 14117.608311748631
  CPU_mm: 1449.9631544336316
  CPU_sse: 6379.6855971490068
  CPU_fma: 17538.516675104111
  CPU_avx: 12952.369332018481
  CPU_avx512: 19599.861642722924
  m_CPU_enc_SHA: 14770634770.192129
  m_CPU_enc_AES: 22233214573.730854
  m_CPU_enc_ECDSA: 8967592425.2543468
  ME_ALLOC_S: 8008.4839982984886
  ME_READ_S: 24249.227343750001
  ME_READ_L: 11669.5791015625
  ME_WRITE: 10664.89453125
  ME_LARGE: 53965.416666666664
  ME_LATENCY: 52.115077862489272
  ME_THREADED: 90447.34033203125
  SUMM_CPU: 21133.568541932073
  SUMM_ME: 2675.0598252443924
SystemInformation:
  OSName: Ubuntu 24.04.1 LTS
  Kernel: 6.8.0-1017-azure
  Device: ""
  Processor: Intel Xeon Platinum 8370C CPU @ 2.80GHz
  NumSockets: 1
  Manufacturer: GenuineIntel
  NumCores: 8
  NumLogicals: 16
  CPUFrequency: 2800
  Memory: 64296
  MemModuleInfo:
    iNumMemSticks: 3
    DIMM 1:
      manufacturer: Microsoft Corporation
      modulePartNo: None
      memType: Unknown
      size: 1
      clkspeed: 0
      moduleVoltage: 0
    DIMM 2:
      manufacturer: Microsoft Corporation
      modulePartNo: None
      memType: Unknown
      size: 59
      clkspeed: 0
      moduleVoltage: 0
    DIMM 3:
      manufacturer: Microsoft Corporation
      modulePartNo: None
      memType: Unknown
      size: 4
      clkspeed: 0
      moduleVoltage: 0
Checksum: E3834E5A9436FA3153ABB44FC67AE46A332DBBBE