BaselineInfo:
  WebDBID: -1
  TimeStamp: 20260404155047
Version:
  Major: 11
  Minor: 0
  Build: 1004
  SpecialBuildName: ""
  ptArchitecture: x86_64_linux
Results:
  Results Complete: true
  NumTestProcesses: 16
  CPU_INTEGER_MATH: 67141.315666666662
  CPU_FLOATINGPOINT_MATH: 34380.47247897787
  CPU_PRIME: 122.32829765955813
  CPU_SORTING: 35031.143435736783
  CPU_ENCRYPTION: 14585.174609064035
  CPU_COMPRESSION: 246934.22705696494
  CPU_SINGLETHREAD: 2358.6050865671691
  CPU_PHYSICS: 2291.8640857464411
  CPU_MATRIX_MULT_SSE: 14033.13018838744
  CPU_mm: 1448.0155715073602
  CPU_sse: 6261.761058494867
  CPU_fma: 17497.482006995706
  CPU_avx: 12937.198376434961
  CPU_avx512: 19436.079311624231
  m_CPU_enc_SHA: 14730655000.118683
  m_CPU_enc_AES: 22144308551.832123
  m_CPU_enc_ECDSA: 9006028600.6709843
  ME_ALLOC_S: 7892.1240988870795
  ME_READ_S: 24164.487499999999
  ME_READ_L: 12109.9033203125
  ME_WRITE: 10778.75390625
  ME_LARGE: 49474.333333333336
  ME_LATENCY: 55.883663994055325
  ME_THREADED: 89948.48779296875
  SUMM_CPU: 21023.632750466517
  SUMM_ME: 2612.1899534568961
SystemInformation:
  OSName: Ubuntu 24.04.4 LTS
  Kernel: 6.8.0-106-generic
  Device: ""
  Processor: Intel(R) Xeon(R) Platinum 8369B CPU @ 2.70GHz
  NumSockets: 1
  Manufacturer: GenuineIntel
  NumCores: 8
  NumLogicals: 16
  CPUFrequency: 0
  CPUMaxFrequency: 0
  Memory: 62874
  CPUInfo:
    number: 1
    Family: 6
    Model: 10
    stepping: 6
    features: 529267711
    manufacture: GenuineIntel
    typestring: Intel(R) Xeon(R) Platinum 8369B CPU @ 2.70GHz
    iCoresPerPackage: 8
    iThreadsPerPackage: 2
    featuresEx:
      - 529267711
      - 4277809667
      - 739248128
    bHybrid: false
    nPCore: 0
    nLogicalsPerPCore: 0
    nECore: 0
    nLogicalsPerECore: 0
  MemModuleInfo:
    iNumMemSticks: 4
    DIMM 1:
      manufacturer: Alibaba Cloud
      modulePartNo: Not Specified
      memType: RAM
      size: 16
      clkspeed: 0
      moduleVoltage: 0
    DIMM 2:
      manufacturer: Alibaba Cloud
      modulePartNo: Not Specified
      memType: RAM
      size: 16
      clkspeed: 0
      moduleVoltage: 0
    DIMM 3:
      manufacturer: Alibaba Cloud
      modulePartNo: Not Specified
      memType: RAM
      size: 16
      clkspeed: 0
      moduleVoltage: 0
    DIMM 4:
      manufacturer: Alibaba Cloud
      modulePartNo: Not Specified
      memType: RAM
      size: 16
      clkspeed: 0
      moduleVoltage: 0
Checksum: A6DBE108E22301D0CEE4CA87B34D890D8B758670