BaselineInfo:
  WebDBID: -1
  TimeStamp: 20260206235538
Version:
  Major: 11
  Minor: 0
  Build: 1004
  SpecialBuildName: ""
  ptArchitecture: x86_64_linux
Results:
  Results Complete: true
  NumTestProcesses: 192
  CPU_INTEGER_MATH: 989586.68733333412
  CPU_FLOATINGPOINT_MATH: 716595.85157829523
  CPU_PRIME: 1606.9156878024889
  CPU_SORTING: 446562.94194133981
  CPU_ENCRYPTION: 206976.39603363242
  CPU_COMPRESSION: 3532392.0780809135
  CPU_SINGLETHREAD: 3272.9219890001418
  CPU_PHYSICS: 27557.209212127149
  CPU_MATRIX_MULT_SSE: 238178.80882279112
  CPU_mm: 26921.515074747167
  CPU_sse: 109991.9153649252
  CPU_fma: 277609.03572791046
  CPU_avx: 222591.16373792331
  CPU_avx512: 342523.12046040583
  m_CPU_enc_SHA: 226207608447.64529
  m_CPU_enc_AES: 283266216260.89545
  m_CPU_enc_ECDSA: 141617619633.54568
  ME_ALLOC_S: 36371.719147416305
  ME_READ_S: 28353.844531250001
  ME_READ_L: 16275.5439453125
  ME_WRITE: 12043.146484375
  ME_LARGE: 744945
  ME_LATENCY: 65.096797584104735
  ME_THREADED: 681231.73852539062
  SUMM_CPU: 143956.66437383002
  SUMM_ME: 2828.45976373761
SystemInformation:
  OSName: Ubuntu 24.04.3 LTS
  Kernel: 6.14.0-1018-aws
  Device: ""
  Processor: Intel(R) Xeon(R) 6975P-C
  NumSockets: 1
  Manufacturer: GenuineIntel
  NumCores: 96
  NumLogicals: 192
  CPUFrequency: 0
  CPUMaxFrequency: 0
  Memory: 761766
  CPUInfo:
    number: 1
    Family: 6
    Model: 13
    stepping: 1
    features: 529267711
    manufacture: GenuineIntel
    typestring: Intel(R) Xeon(R) 6975P-C
    iCoresPerPackage: 96
    iThreadsPerPackage: 2
    featuresEx:
      - 529267711
      - 4294619651
      - 739248128
    bHybrid: false
    nPCore: 0
    nLogicalsPerPCore: 0
    nECore: 0
    nLogicalsPerECore: 0
  MemModuleInfo:
    iNumMemSticks: 3
    DIMM 1:
      manufacturer: Not Specified
      modulePartNo: Not Specified
      memType: DDR5
      size: 256
      clkspeed: 3600
      moduleVoltage: 0
    DIMM 2:
      manufacturer: Not Specified
      modulePartNo: Not Specified
      memType: DDR5
      size: 256
      clkspeed: 3600
      moduleVoltage: 0
    DIMM 3:
      manufacturer: Not Specified
      modulePartNo: Not Specified
      memType: DDR5
      size: 256
      clkspeed: 3600
      moduleVoltage: 0
Checksum: 9B8C9A69B839F3210A6BE1EF0E3F4D90B5EC3CE9