BaselineInfo:
  WebDBID: -1
  TimeStamp: 20260522135338
Version:
  Major: 11
  Minor: 0
  Build: 1004
  SpecialBuildName: ""
  ptArchitecture: x86_64_linux
Results:
  Results Complete: true
  NumTestProcesses: 2
  CPU_INTEGER_MATH: 14895.279333333334
  CPU_FLOATINGPOINT_MATH: 15148.027198505417
  CPU_PRIME: 53.592270729541866
  CPU_SORTING: 8651.4273353790195
  CPU_ENCRYPTION: 3130.769605681553
  CPU_COMPRESSION: 61922.507567573455
  CPU_SINGLETHREAD: 3655.975745870564
  CPU_PHYSICS: 868.09720001453934
  CPU_MATRIX_MULT_SSE: 5449.2449927172092
  CPU_mm: 740.64439144419316
  CPU_sse: 2247.2575653444164
  CPU_fma: 7771.7607415987259
  CPU_avx: 4094.7802649658183
  CPU_avx512: 7683.181398959875
  m_CPU_enc_SHA: 4363229331.7948246
  m_CPU_enc_AES: 2753041579.878448
  m_CPU_enc_ECDSA: 2732278698.4681473
  ME_ALLOC_S: 2547.5458254586174
  ME_READ_S: 34125.428124999999
  ME_READ_L: 28316.044921875
  ME_WRITE: 27875.80078125
  ME_LARGE: 1017.3333333333334
  ME_LATENCY: 106.69834997848966
  ME_THREADED: 54556.4140625
  SUMM_CPU: 6629.5427830189228
  SUMM_ME: 1288.7824469697512
SystemInformation:
  OSName: Ubuntu 24.04.4 LTS
  Kernel: 6.8.0-111-generic
  Device: ""
  Processor: "AMD EPYC 9575F 64-Core Processor               "
  NumSockets: 1
  Manufacturer: AuthenticAMD
  NumCores: 2
  NumLogicals: 2
  CPUFrequency: 0
  CPUMaxFrequency: 0
  Memory: 7845
  CPUInfo:
    number: 1
    Family: 15
    Model: 2
    stepping: 1
    features: 395049983
    manufacture: AuthenticAMD
    typestring: "AMD EPYC 9575F 64-Core Processor               "
    iCoresPerPackage: 255
    iThreadsPerPackage: 1
    featuresEx:
      - 395049983
      - 4294586883
      - 802421759
    bHybrid: false
    nPCore: 0
    nLogicalsPerPCore: 0
    nECore: 0
    nLogicalsPerECore: 0
  MemModuleInfo:
    iNumMemSticks: 1
    DIMM 1:
      manufacturer: QEMU
      modulePartNo: Not Specified
      memType: RAM
      size: 8
      clkspeed: 0
      moduleVoltage: 0
Checksum: 4B7E1AB777D68DC39299AD53A39B4AF06631993E