---
system-info:
      stress-ng-version: 0.17.08
      run-by: root
      date-yyyy-mm-dd: 2024:09:17
      time-hh-mm-ss: 05:29:17
      epoch-secs: 1726550957
      hostname: sc-runner
      sysname: Linux
      nodename: sc-runner
      release: 6.8.0-1014-azure
      version: '#16-Ubuntu SMP Thu Aug 15 20:04:41 UTC 2024'
      machine: x86_64
      compiler: 'musl-gcc 13.2.1'
      uptime: 305
      totalram: 270250336256
      freeram: 259309682688
      sharedram: 55033856
      bufferram: 285245440
      totalswap: 0
      freeswap: 0
      pagesize: 4096
      cpus: 32
      cpus-online: 32
      ticks-per-second: 100

metrics:
    - stressor: cpu
      bogo-ops: 37983
      bogo-ops-per-second-usr-sys-time: 1899.139270
      bogo-ops-per-second-real-time: 1899.137277
      wall-clock-time: 20.000134
      user-time: 20.000113
      system-time: 0.000000
      cpu-usage-per-instance: 99.999895
      max-rss: 1032

...
