---
system-info:
      stress-ng-version: 0.17.08
      run-by: root
      date-yyyy-mm-dd: 2024:06:12
      time-hh-mm-ss: 18:28:34
      epoch-secs: 1718216914
      hostname: 7cfca1c1220d
      sysname: Linux
      nodename: 7cfca1c1220d
      release: 6.8.0-1008-aws
      version: '#8-Ubuntu SMP Sat Apr 20 00:46:25 UTC 2024'
      machine: x86_64
      compiler: 'musl-gcc 13.2.1'
      uptime: 144
      totalram: 198485155840
      freeram: 193189609472
      sharedram: 78606336
      bufferram: 112476160
      totalswap: 0
      freeswap: 0
      pagesize: 4096
      cpus: 96
      cpus-online: 96
      ticks-per-second: 100

metrics:
    - stressor: cpu
      bogo-ops: 31325
      bogo-ops-per-second-usr-sys-time: 1566.261590
      bogo-ops-per-second-real-time: 1566.243409
      wall-clock-time: 20.000084
      user-time: 19.999852
      system-time: 0.000000
      cpu-usage-per-instance: 99.998839
      max-rss: 0

...
