---
system-info:
      stress-ng-version: 0.17.08
      run-by: root
      date-yyyy-mm-dd: 2024:06:12
      time-hh-mm-ss: 15:09:15
      epoch-secs: 1718204955
      hostname: fa0a05f2d7d3
      sysname: Linux
      nodename: fa0a05f2d7d3
      release: 6.8.0-1008-aws
      version: '#8-Ubuntu SMP Sat Apr 20 00:46:25 UTC 2024'
      machine: x86_64
      compiler: 'musl-gcc 13.2.1'
      uptime: 167
      totalram: 198485172224
      freeram: 193241690112
      sharedram: 78606336
      bufferram: 112570368
      totalswap: 0
      freeswap: 0
      pagesize: 4096
      cpus: 96
      cpus-online: 96
      ticks-per-second: 100

metrics:
    - stressor: cpu
      bogo-ops: 32626
      bogo-ops-per-second-usr-sys-time: 1631.300408
      bogo-ops-per-second-real-time: 1631.300739
      wall-clock-time: 19.999991
      user-time: 19.999995
      system-time: 0.000000
      cpu-usage-per-instance: 100.000020
      max-rss: 768

...
