---
system-info:
      stress-ng-version: 0.17.08
      run-by: root
      date-yyyy-mm-dd: 2024:06:14
      time-hh-mm-ss: 04:44:07
      epoch-secs: 1718340247
      hostname: b2307985a3c6
      sysname: Linux
      nodename: b2307985a3c6
      release: 6.8.0-1008-aws
      version: '#8-Ubuntu SMP Sat Apr 20 02:43:14 UTC 2024'
      machine: aarch64
      compiler: 'musl-gcc 13.2.1'
      uptime: 196
      totalram: 16434495488
      freeram: 12139921408
      sharedram: 34996224
      bufferram: 107614208
      totalswap: 0
      freeswap: 0
      pagesize: 4096
      cpus: 8
      cpus-online: 8
      ticks-per-second: 100

metrics:
    - stressor: cpu
      bogo-ops: 30375
      bogo-ops-per-second-usr-sys-time: 1518.730484
      bogo-ops-per-second-real-time: 1518.745999
      wall-clock-time: 20.000053
      user-time: 20.000257
      system-time: 0.000000
      cpu-usage-per-instance: 100.001022
      max-rss: 1320

...
