---
system-info:
      stress-ng-version: 0.17.08
      run-by: root
      date-yyyy-mm-dd: 2024:06:06
      time-hh-mm-ss: 07:15:38
      epoch-secs: 1717658138
      hostname: 26722892b416
      sysname: Linux
      nodename: 26722892b416
      release: 6.8.0-1008-aws
      version: '#8-Ubuntu SMP Sat Apr 20 02:43:14 UTC 2024'
      machine: aarch64
      compiler: 'musl-gcc 13.2.1'
      uptime: 157
      totalram: 16434503680
      freeram: 12330467328
      sharedram: 34996224
      bufferram: 80617472
      totalswap: 0
      freeswap: 0
      pagesize: 4096
      cpus: 8
      cpus-online: 8
      ticks-per-second: 100

metrics:
    - stressor: cpu
      bogo-ops: 2940
      bogo-ops-per-second-usr-sys-time: 292.772726
      bogo-ops-per-second-real-time: 292.758825
      wall-clock-time: 10.042396
      user-time: 10.041919
      system-time: 0.000000
      cpu-usage-per-instance: 99.995252
      max-rss: 4008

...
