BaselineInfo:
  WebDBID: -1
  TimeStamp: 20260619033630
Version:
  Major: 11
  Minor: 0
  Build: 1004
  SpecialBuildName: ""
  ptArchitecture: x86_64_linux
Results:
  Results Complete: true
  NumTestProcesses: 24
  CPU_INTEGER_MATH: 59044.593999999997
  CPU_FLOATINGPOINT_MATH: 31679.13909118759
  CPU_PRIME: 88.857740845084834
  CPU_SORTING: 35522.316047476728
  CPU_ENCRYPTION: 8161.0003520538394
  CPU_COMPRESSION: 272652.74169484363
  CPU_SINGLETHREAD: 1692.5904117936927
  CPU_PHYSICS: 1740.6039698833147
  CPU_MATRIX_MULT_SSE: 17919.107108860717
  CPU_mm: 1792.7475276193593
  CPU_sse: 6416.3900052884073
  CPU_fma: 21922.598953421682
  CPU_avx: 15490.000106461686
  CPU_avx512: 27847.439370271095
  m_CPU_enc_SHA: 2666380841.8282623
  m_CPU_enc_AES: 20588140998.911591
  m_CPU_enc_ECDSA: 2417765474.725771
  ME_ALLOC_S: 6461.540503381013
  ME_READ_S: 19511.306250000001
  ME_READ_L: 6309.337890625
  ME_WRITE: 6947.57763671875
  ME_LARGE: 183828.91666666666
  ME_LATENCY: 78.052263756040887
  ME_THREADED: 94177.649169921875
  SUMM_CPU: 18319.892966229603
  SUMM_ME: 1812.588931177736
SystemInformation:
  OSName: Ubuntu 24.04.4 LTS
  Kernel: 6.8.0-117-generic
  Device: ""
  Processor: Intel(R) Xeon(R) Platinum 8163 CPU @ 2.50GHz
  NumSockets: 1
  Manufacturer: GenuineIntel
  NumCores: 12
  NumLogicals: 24
  CPUFrequency: 2500
  CPUMaxFrequency: 3100
  Memory: 192712
  CPUInfo:
    number: 1
    Family: 6
    Model: 5
    stepping: 4
    features: 529267711
    manufacture: GenuineIntel
    typestring: Intel(R) Xeon(R) Platinum 8163 CPU @ 2.50GHz
    iCoresPerPackage: 12
    iThreadsPerPackage: 2
    featuresEx:
      - 529267711
      - 4294586883
      - 739248128
    bHybrid: false
    nPCore: 0
    nLogicalsPerPCore: 0
    nECore: 0
    nLogicalsPerECore: 0
  MemModuleInfo:
    iNumMemSticks: 12
    DIMM 1:
      manufacturer: Alibaba Cloud
      modulePartNo: Not Specified
      memType: RAM
      size: 16
      clkspeed: 0
      moduleVoltage: 0
    DIMM 2:
      manufacturer: Alibaba Cloud
      modulePartNo: Not Specified
      memType: RAM
      size: 16
      clkspeed: 0
      moduleVoltage: 0
    DIMM 3:
      manufacturer: Alibaba Cloud
      modulePartNo: Not Specified
      memType: RAM
      size: 16
      clkspeed: 0
      moduleVoltage: 0
    DIMM 4:
      manufacturer: Alibaba Cloud
      modulePartNo: Not Specified
      memType: RAM
      size: 16
      clkspeed: 0
      moduleVoltage: 0
    DIMM 5:
      manufacturer: Alibaba Cloud
      modulePartNo: Not Specified
      memType: RAM
      size: 16
      clkspeed: 0
      moduleVoltage: 0
    DIMM 6:
      manufacturer: Alibaba Cloud
      modulePartNo: Not Specified
      memType: RAM
      size: 16
      clkspeed: 0
      moduleVoltage: 0
    DIMM 7:
      manufacturer: Alibaba Cloud
      modulePartNo: Not Specified
      memType: RAM
      size: 16
      clkspeed: 0
      moduleVoltage: 0
    DIMM 8:
      manufacturer: Alibaba Cloud
      modulePartNo: Not Specified
      memType: RAM
      size: 16
      clkspeed: 0
      moduleVoltage: 0
    DIMM 9:
      manufacturer: Alibaba Cloud
      modulePartNo: Not Specified
      memType: RAM
      size: 16
      clkspeed: 0
      moduleVoltage: 0
    DIMM 10:
      manufacturer: Alibaba Cloud
      modulePartNo: Not Specified
      memType: RAM
      size: 16
      clkspeed: 0
      moduleVoltage: 0
    DIMM 11:
      manufacturer: Alibaba Cloud
      modulePartNo: Not Specified
      memType: RAM
      size: 16
      clkspeed: 0
      moduleVoltage: 0
    DIMM 12:
      manufacturer: Alibaba Cloud
      modulePartNo: Not Specified
      memType: RAM
      size: 16
      clkspeed: 0
      moduleVoltage: 0
Checksum: EDB0054154AF66431FAD660DE7E7C05BC453FDFF