---
system-info:
      stress-ng-version: 0.17.08
      run-by: root
      date-yyyy-mm-dd: 2024:06:14
      time-hh-mm-ss: 13:46:03
      epoch-secs: 1718372763
      hostname: 29cfa1bab4cf
      sysname: Linux
      nodename: 29cfa1bab4cf
      release: 6.8.0-1008-aws
      version: '#8-Ubuntu SMP Sat Apr 20 00:46:25 UTC 2024'
      machine: x86_64
      compiler: 'musl-gcc 13.2.1'
      uptime: 195
      totalram: 64290295808
      freeram: 59878948864
      sharedram: 27561984
      bufferram: 109551616
      totalswap: 0
      freeswap: 0
      pagesize: 4096
      cpus: 8
      cpus-online: 8
      ticks-per-second: 100

metrics:
    - stressor: cpu
      bogo-ops: 15857
      bogo-ops-per-second-usr-sys-time: 792.894838
      bogo-ops-per-second-real-time: 792.847410
      wall-clock-time: 20.000065
      user-time: 19.997872
      system-time: 0.000997
      cpu-usage-per-instance: 99.994018
      max-rss: 976

...
