BaselineInfo:
  WebDBID: -1
  TimeStamp: 20241107203705
Version:
  Major: 11
  Minor: 0
  Build: 1002
  SpecialBuildName: ""
  ptArchitecture: x86_64_linux
Results:
  Results Complete: true
  NumTestProcesses: 8
  CPU_INTEGER_MATH: 22515.330666666665
  CPU_FLOATINGPOINT_MATH: 12081.464472028683
  CPU_PRIME: 42.598075438043821
  CPU_SORTING: 12016.323171949356
  CPU_ENCRYPTION: 3099.2868882352591
  CPU_COMPRESSION: 100032.47942486905
  CPU_SINGLETHREAD: 1804.3604067694066
  CPU_PHYSICS: 826.38083806397231
  CPU_MATRIX_MULT_SSE: 6012.5077691631332
  CPU_mm: 684.89529400788956
  CPU_sse: 2459.2870119813579
  CPU_fma: 7270.3784632306588
  CPU_avx: 5134.2863728580041
  CPU_avx512: 9186.0792285825119
  m_CPU_enc_SHA: 1017515652.4463613
  m_CPU_enc_AES: 7824146906.8360643
  m_CPU_enc_ECDSA: 907850985.07210147
  ME_ALLOC_S: 2714.854414606029
  ME_READ_S: 22140.668750000001
  ME_READ_L: 10999.060546875
  ME_WRITE: 10221.0302734375
  ME_LARGE: 21345.416666666668
  ME_LATENCY: 55.375355137176399
  ME_THREADED: 47310.83642578125
  SUMM_CPU: 7621.0739361215929
  SUMM_ME: 2317.4301745016564
SystemInformation:
  OSName: Ubuntu 24.04.1 LTS
  Kernel: 6.8.0-1016-aws
  Device: ""
  Processor: Intel Xeon Platinum 8175M CPU @ 2.50GHz
  NumSockets: 1
  Manufacturer: GenuineIntel
  NumCores: 4
  NumLogicals: 8
  CPUFrequency: 0
  Memory: 31386
  MemModuleInfo:
    iNumMemSticks: 1
    DIMM 1:
      manufacturer: Not Specified
      modulePartNo: Not Specified
      memType: DDR4
      size: 32
      clkspeed: 1333
      moduleVoltage: 0
Checksum: 70534372C143189F5C2B73605C39C989C5CBCD3F