BaselineInfo:
  WebDBID: -1
  TimeStamp: 20260206172350
Version:
  Major: 11
  Minor: 0
  Build: 1004
  SpecialBuildName: ""
  ptArchitecture: x86_64_linux
Results:
  Results Complete: true
  NumTestProcesses: 64
  CPU_INTEGER_MATH: 330244.19333333324
  CPU_FLOATINGPOINT_MATH: 239088.12259144313
  CPU_PRIME: 545.76941808402296
  CPU_SORTING: 164260.77036454593
  CPU_ENCRYPTION: 72589.736672711719
  CPU_COMPRESSION: 1278915.8835174716
  CPU_SINGLETHREAD: 3261.9332777546965
  CPU_PHYSICS: 9268.4314555756082
  CPU_MATRIX_MULT_SSE: 88339.224276780456
  CPU_mm: 9598.9529223584359
  CPU_sse: 39419.991378449122
  CPU_fma: 104451.03093634374
  CPU_avx: 82870.950892838329
  CPU_avx512: 126614.92389949062
  m_CPU_enc_SHA: 76657324467.184265
  m_CPU_enc_AES: 100207048724.2289
  m_CPU_enc_ECDSA: 51483193972.562912
  ME_ALLOC_S: 29890.989792139462
  ME_READ_S: 28635.944531249999
  ME_READ_L: 16574.2578125
  ME_WRITE: 11992.8037109375
  ME_LARGE: 112932.41666666667
  ME_LATENCY: 65.887734441323971
  ME_THREADED: 216807.89038085938
  SUMM_CPU: 82984.847862208611
  SUMM_ME: 2771.4602673093177
SystemInformation:
  OSName: Ubuntu 24.04.3 LTS
  Kernel: 6.14.0-1018-aws
  Device: ""
  Processor: Intel(R) Xeon(R) 6975P-C
  NumSockets: 1
  Manufacturer: GenuineIntel
  NumCores: 32
  NumLogicals: 64
  CPUFrequency: 0
  CPUMaxFrequency: 0
  Memory: 126742
  CPUInfo:
    number: 1
    Family: 6
    Model: 13
    stepping: 1
    features: 529267711
    manufacture: GenuineIntel
    typestring: Intel(R) Xeon(R) 6975P-C
    iCoresPerPackage: 32
    iThreadsPerPackage: 2
    featuresEx:
      - 529267711
      - 4294619651
      - 739248128
    bHybrid: false
    nPCore: 0
    nLogicalsPerPCore: 0
    nECore: 0
    nLogicalsPerECore: 0
  MemModuleInfo:
    iNumMemSticks: 1
    DIMM 1:
      manufacturer: Not Specified
      modulePartNo: Not Specified
      memType: DDR5
      size: 128
      clkspeed: 3600
      moduleVoltage: 0
Checksum: 6DBFB69FF8B4B016FEF4633C18B3B4EE1993CA9A