size_kb,operation,bandwidth_mb_s,latency_ns,latency_stddev_ns,latency_samples,threads,iterations,elapsed_s
32,read,4986874.25,0,0,0,64,469924,0.188464
32,write,5019146.44,0,0,0,64,542299,0.216092
32,copy,4885490.25,0,0,0,64,509165,0.208440
32,latency,0,2.05,0.00,7,1,7,0.294638
128,read,3553257.84,0,0,0,64,118539,0.266885
128,write,5005270.35,0,0,0,64,149075,0.238269
128,copy,3437870.71,0,0,0,64,96525,0.224616
128,latency,0,3.33,0.00,7,1,7,0.701392
512,read,2940057.17,0,0,0,64,27855,0.303178
512,write,4990587.03,0,0,0,64,37543,0.240728
512,copy,896825.09,0,0,0,64,21922,0.782208
512,latency,0,5.33,0.00,7,1,7,0.709568
1024,read,1548380.52,0,0,0,64,11508,0.475666
1024,write,1424867.25,0,0,0,64,18687,0.839354
1024,copy,290401.99,0,0,0,64,7798,1.718556
1024,latency,0,9.73,0.02,7,1,7,0.651813
2048,read,587289.78,0,0,0,64,4645,1.012379
2048,write,514544.44,0,0,0,64,8932,2.221958
2048,copy,149117.50,0,0,0,64,2617,2.246390
2048,latency,0,22.39,0.02,7,1,7,0.691502
8192,read,277848.35,0,0,0,64,871,1.605019
8192,write,267670.48,0,0,0,64,2037,3.896373
8192,copy,116515.94,0,0,0,64,804,3.532976
8192,latency,0,29.12,0.01,7,1,7,0.708189
16384,read,260555.01,0,0,0,64,425,1.670281
16384,write,246136.64,0,0,0,64,995,4.139489
16384,copy,115700.36,0,0,0,64,343,3.035704
16384,latency,0,30.36,0.03,7,1,7,0.810972
32768,read,253624.29,0,0,0,64,187,1.510013
32768,write,242259.44,0,0,0,64,407,3.440675
32768,copy,115301.09,0,0,0,64,194,3.445865
32768,latency,0,34.76,1.45,7,1,7,0.858000
65536,read,249326.65,0,0,0,64,105,1.724966
65536,write,241381.73,0,0,0,64,237,4.021647
65536,copy,115303.29,0,0,0,64,97,3.445799
65536,latency,0,84.23,0.96,7,1,7,3.828519
131072,read,247139.80,0,0,0,64,53,1.756803
131072,write,241006.13,0,0,0,64,116,3.942937
131072,copy,115401.56,0,0,0,64,48,3.407372
131072,latency,0,102.85,0.10,7,1,7,9.290525
