BaselineInfo:
  WebDBID: -1
  TimeStamp: 20260404085421
Version:
  Major: 11
  Minor: 0
  Build: 1004
  SpecialBuildName: ""
  ptArchitecture: x86_64_linux
Results:
  Results Complete: true
  NumTestProcesses: 4
  CPU_INTEGER_MATH: 9773.1026666666658
  CPU_FLOATINGPOINT_MATH: 5254.0363191315764
  CPU_PRIME: 25.589696546233846
  CPU_SORTING: 6078.5710569038329
  CPU_ENCRYPTION: 1352.2943204221597
  CPU_COMPRESSION: 46255.10141880851
  CPU_SINGLETHREAD: 1680.2329414300432
  CPU_PHYSICS: 457.21928564106867
  CPU_MATRIX_MULT_SSE: 2857.7604475788435
  CPU_mm: 297.98473579584078
  CPU_sse: 1065.2727343917099
  CPU_fma: 3635.4149341240413
  CPU_avx: 2570.8928323545206
  CPU_avx512: 4159.461289445102
  m_CPU_enc_SHA: 442390766.58646458
  m_CPU_enc_AES: 3412017621.3106184
  m_CPU_enc_ECDSA: 399541720.09587693
  ME_ALLOC_S: 1081.6955725573414
  ME_READ_S: 19313.608007812501
  ME_READ_L: 6408.6728515625
  ME_WRITE: 6782.0087890625
  ME_LARGE: 18974.25
  ME_LATENCY: 80.076618435203457
  ME_THREADED: 18950.9775390625
  SUMM_CPU: 3616.1562429525807
  SUMM_ME: 1503.0577234767845
SystemInformation:
  OSName: Ubuntu 24.04.4 LTS
  Kernel: 6.8.0-106-generic
  Device: ""
  Processor: Intel(R) Xeon(R) Platinum 8163 CPU @ 2.50GHz
  NumSockets: 1
  Manufacturer: GenuineIntel
  NumCores: 2
  NumLogicals: 4
  CPUFrequency: 2500
  CPUMaxFrequency: 3100
  Memory: 31713
  CPUInfo:
    number: 1
    Family: 6
    Model: 5
    stepping: 4
    features: 529267711
    manufacture: GenuineIntel
    typestring: Intel(R) Xeon(R) Platinum 8163 CPU @ 2.50GHz
    iCoresPerPackage: 2
    iThreadsPerPackage: 2
    featuresEx:
      - 529267711
      - 4294586883
      - 739248128
    bHybrid: false
    nPCore: 0
    nLogicalsPerPCore: 0
    nECore: 0
    nLogicalsPerECore: 0
  MemModuleInfo:
    iNumMemSticks: 2
    DIMM 1:
      manufacturer: Alibaba Cloud
      modulePartNo: Not Specified
      memType: RAM
      size: 16
      clkspeed: 0
      moduleVoltage: 0
    DIMM 2:
      manufacturer: Alibaba Cloud
      modulePartNo: Not Specified
      memType: RAM
      size: 16
      clkspeed: 0
      moduleVoltage: 0
Checksum: B34BD83FC29F8DEC79BBE4785BB5BD6F5E10BD7A