BaselineInfo:
  WebDBID: -1
  TimeStamp: 20241109045650
Version:
  Major: 11
  Minor: 0
  Build: 1002
  SpecialBuildName: ""
  ptArchitecture: x86_64_linux
Results:
  Results Complete: true
  NumTestProcesses: 32
  CPU_INTEGER_MATH: 134639.69033333336
  CPU_FLOATINGPOINT_MATH: 68887.060949459381
  CPU_PRIME: 190.18471008039566
  CPU_SORTING: 68671.275846951845
  CPU_ENCRYPTION: 29256.238580705874
  CPU_COMPRESSION: 498290.31914962176
  CPU_SINGLETHREAD: 2434.2962734861921
  CPU_PHYSICS: 3327.0593916869975
  CPU_MATRIX_MULT_SSE: 28158.801608662397
  CPU_mm: 2901.1233054877735
  CPU_sse: 12727.37364291335
  CPU_fma: 34627.903847796755
  CPU_avx: 25666.509147003311
  CPU_avx512: 39613.419796936178
  m_CPU_enc_SHA: 29537507103.36235
  m_CPU_enc_AES: 44467928524.022087
  m_CPU_enc_ECDSA: 18026733250.62228
  ME_ALLOC_S: 15218.082929346432
  ME_READ_S: 24283.910937500001
  ME_READ_L: 11833.40625
  ME_WRITE: 10711.89453125
  ME_LARGE: 246869.33333333334
  ME_LATENCY: 51.727021167291589
  ME_THREADED: 139587.56396484375
  SUMM_CPU: 36942.624216226672
  SUMM_ME: 2786.1328955967015
SystemInformation:
  OSName: Ubuntu 24.04.1 LTS
  Kernel: 6.8.0-1017-azure
  Device: ""
  Processor: Intel Xeon Platinum 8370C CPU @ 2.80GHz
  NumSockets: 1
  Manufacturer: GenuineIntel
  NumCores: 16
  NumLogicals: 32
  CPUFrequency: 2800
  Memory: 257730
  MemModuleInfo:
    iNumMemSticks: 3
    DIMM 1:
      manufacturer: Microsoft Corporation
      modulePartNo: None
      memType: Unknown
      size: 1
      clkspeed: 0
      moduleVoltage: 0
    DIMM 2:
      manufacturer: Microsoft Corporation
      modulePartNo: None
      memType: Unknown
      size: 59
      clkspeed: 0
      moduleVoltage: 0
    DIMM 3:
      manufacturer: Microsoft Corporation
      modulePartNo: None
      memType: Unknown
      size: 196
      clkspeed: 0
      moduleVoltage: 0
Checksum: DB93F01145D6B9B8C82095F4B9261225D739FC01