---
system-info:
      stress-ng-version: 0.17.08
      run-by: root
      date-yyyy-mm-dd: 2024:06:14
      time-hh-mm-ss: 11:31:15
      epoch-secs: 1718364675
      hostname: 2846b2a7f2e7
      sysname: Linux
      nodename: 2846b2a7f2e7
      release: 6.8.0-1008-aws
      version: '#8-Ubuntu SMP Sat Apr 20 00:46:25 UTC 2024'
      machine: x86_64
      compiler: 'musl-gcc 13.2.1'
      uptime: 187
      totalram: 66325278720
      freeram: 61715501056
      sharedram: 113655808
      bufferram: 108871680
      totalswap: 0
      freeswap: 0
      pagesize: 4096
      cpus: 32
      cpus-online: 32
      ticks-per-second: 100

metrics:
    - stressor: cpu
      bogo-ops: 38240
      bogo-ops-per-second-usr-sys-time: 1911.978395
      bogo-ops-per-second-real-time: 1911.994370
      wall-clock-time: 20.000059
      user-time: 20.000226
      system-time: 0.000000
      cpu-usage-per-instance: 100.000836
      max-rss: 1032

...
