---
system-info:
      stress-ng-version: 0.17.08
      run-by: root
      date-yyyy-mm-dd: 2024:06:06
      time-hh-mm-ss: 17:56:03
      epoch-secs: 1717696563
      hostname: 5eb03dc1e833
      sysname: Linux
      nodename: 5eb03dc1e833
      release: 6.8.0-1008-aws
      version: '#8-Ubuntu SMP Sat Apr 20 00:46:25 UTC 2024'
      machine: x86_64
      compiler: 'musl-gcc 13.2.1'
      uptime: 157
      totalram: 66325278720
      freeram: 61907619840
      sharedram: 113655808
      bufferram: 85839872
      totalswap: 0
      freeswap: 0
      pagesize: 4096
      cpus: 32
      cpus-online: 32
      ticks-per-second: 100

metrics:
    - stressor: cpu
      bogo-ops: 20580
      bogo-ops-per-second-usr-sys-time: 2057.833727
      bogo-ops-per-second-real-time: 2057.858502
      wall-clock-time: 10.000688
      user-time: 10.000808
      system-time: 0.000000
      cpu-usage-per-instance: 100.001204
      max-rss: 3848

...
