BaselineInfo:
  WebDBID: -1
  TimeStamp: 20251208194948
Version:
  Major: 11
  Minor: 0
  Build: 1002
  SpecialBuildName: ""
  ptArchitecture: x86_64_linux
Results:
  Results Complete: true
  NumTestProcesses: 2
  CPU_INTEGER_MATH: 7404.6373333333331
  CPU_FLOATINGPOINT_MATH: 5893.1529854768269
  CPU_PRIME: 22.740016145902167
  CPU_SORTING: 4540.0366875358632
  CPU_ENCRYPTION: 944.92657005038291
  CPU_COMPRESSION: 36696.915888853684
  CPU_SINGLETHREAD: 1879.8680356365405
  CPU_PHYSICS: 402.3410953983016
  CPU_MATRIX_MULT_SSE: 2562.065543417476
  CPU_mm: 340.12261699727185
  CPU_sse: 1286.76271793161
  CPU_fma: 4056.4769157000524
  CPU_avx: 2342.9569966207664
  CPU_avx512: 0
  m_CPU_enc_SHA: 520697910.73213595
  m_CPU_enc_AES: 2019377966.7751708
  m_CPU_enc_ECDSA: 432406091.84414387
  ME_ALLOC_S: 1381.5318933592337
  ME_READ_S: 22562.3203125
  ME_READ_L: 10973.2646484375
  ME_WRITE: 10701.1142578125
  ME_LARGE: 615.16666666666663
  ME_LATENCY: 51.287776110606536
  ME_THREADED: 21392.6259765625
  SUMM_CPU: 2975.6152606381038
  SUMM_ME: 1026.7182758899978
SystemInformation:
  OSName: Ubuntu 24.04.2 LTS
  Kernel: 6.8.0-86-generic
  Device: ""
  Processor: Intel Core Processor (Haswell, no TSX)
  NumSockets: 2
  Manufacturer: GenuineIntel
  NumCores: 2
  NumLogicals: 2
  CPUFrequency: 0
  Memory: 6767
  MemModuleInfo:
    iNumMemSticks: 1
    DIMM 1:
      manufacturer: QEMU
      modulePartNo: Not Specified
      memType: RAM
      size: 7000
      clkspeed: 0
      moduleVoltage: 0
Checksum: 1790478FC4D1E5D998D5D3B4369B178233675229