---
system-info:
      stress-ng-version: 0.17.08
      run-by: root
      date-yyyy-mm-dd: 2024:06:26
      time-hh-mm-ss: 15:29:50
      epoch-secs: 1719415790
      hostname: c3d-standard-4-0c57a00
      sysname: Linux
      nodename: c3d-standard-4-0c57a00
      release: 6.8.0-1008-gcp
      version: '#9-Ubuntu SMP Wed May 22 18:09:04 UTC 2024'
      machine: x86_64
      compiler: 'musl-gcc 13.2.1'
      uptime: 120
      totalram: 16767356928
      freeram: 11844276224
      sharedram: 34967552
      bufferram: 123047936
      totalswap: 0
      freeswap: 0
      pagesize: 4096
      cpus: 4
      cpus-online: 4
      ticks-per-second: 100

metrics:
    - stressor: cpu
      bogo-ops: 114721
      bogo-ops-per-second-usr-sys-time: 1440.206956
      bogo-ops-per-second-real-time: 5736.037333
      wall-clock-time: 20.000044
      user-time: 79.647923
      system-time: 0.007990
      cpu-usage-per-instance: 99.569671
      max-rss: 1104

...
