---
system-info:
      stress-ng-version: 0.17.08
      run-by: root
      date-yyyy-mm-dd: 2024:09:02
      time-hh-mm-ss: 22:22:11
      epoch-secs: 1725315731
      hostname: sc-runner
      sysname: Linux
      nodename: sc-runner
      release: 6.8.0-1013-azure
      version: '#15-Ubuntu SMP Thu Aug  8 18:40:40 UTC 2024'
      machine: x86_64
      compiler: 'musl-gcc 13.2.1'
      uptime: 319
      totalram: 8322613248
      freeram: 247255040
      sharedram: 54898688
      bufferram: 202051584
      totalswap: 0
      freeswap: 0
      pagesize: 4096
      cpus: 2
      cpus-online: 2
      ticks-per-second: 100

metrics:
    - stressor: cpu
      bogo-ops: 37708
      bogo-ops-per-second-usr-sys-time: 1885.557821
      bogo-ops-per-second-real-time: 1885.390470
      wall-clock-time: 20.000101
      user-time: 19.997326
      system-time: 0.001000
      cpu-usage-per-instance: 99.991125
      max-rss: 3152

...
