---
system-info:
      stress-ng-version: 0.17.08
      run-by: root
      date-yyyy-mm-dd: 2024:06:04
      time-hh-mm-ss: 21:59:39
      epoch-secs: 1717538379
      hostname: 295844935e05
      sysname: Linux
      nodename: 295844935e05
      release: 6.8.0-1008-aws
      version: '#8-Ubuntu SMP Sat Apr 20 02:43:14 UTC 2024'
      machine: aarch64
      compiler: 'musl-gcc 13.2.1'
      uptime: 161
      totalram: 33574653952
      freeram: 29455630336
      sharedram: 3821568
      bufferram: 75911168
      totalswap: 0
      freeswap: 0
      pagesize: 4096
      cpus: 16
      cpus-online: 16
      ticks-per-second: 100

metrics:
    - stressor: cpu
      bogo-ops: 32876
      bogo-ops-per-second-usr-sys-time: 204.449916
      bogo-ops-per-second-real-time: 3263.598538
      wall-clock-time: 10.073543
      user-time: 160.755241
      system-time: 0.046977
      cpu-usage-per-instance: 99.767666
      max-rss: 4136

...
