---
system-info:
      stress-ng-version: 0.17.08
      run-by: root
      date-yyyy-mm-dd: 2024:06:15
      time-hh-mm-ss: 09:41:37
      epoch-secs: 1718444497
      hostname: 11cd91fad191
      sysname: Linux
      nodename: 11cd91fad191
      release: 6.8.0-1008-aws
      version: '#8-Ubuntu SMP Sat Apr 20 02:43:14 UTC 2024'
      machine: aarch64
      compiler: 'musl-gcc 13.2.1'
      uptime: 174
      totalram: 33574649856
      freeram: 29244887040
      sharedram: 3821568
      bufferram: 106172416
      totalswap: 0
      freeswap: 0
      pagesize: 4096
      cpus: 16
      cpus-online: 16
      ticks-per-second: 100

metrics:
    - stressor: cpu
      bogo-ops: 482005
      bogo-ops-per-second-usr-sys-time: 1508.702193
      bogo-ops-per-second-real-time: 24100.140702
      wall-clock-time: 20.000091
      user-time: 319.465205
      system-time: 0.017992
      cpu-usage-per-instance: 99.838046
      max-rss: 1192

...
