BaselineInfo:
  WebDBID: -1
  TimeStamp: 20260620112611
Version:
  Major: 11
  Minor: 0
  Build: 1004
  SpecialBuildName: ""
  ptArchitecture: x86_64_linux
Results:
  Results Complete: true
  NumTestProcesses: 16
  CPU_INTEGER_MATH: 68884.767999999996
  CPU_FLOATINGPOINT_MATH: 48802.545245906535
  CPU_PRIME: 145.43768486474673
  CPU_SORTING: 34396.656869385974
  CPU_ENCRYPTION: 15192.764732950633
  CPU_COMPRESSION: 252576.12102705153
  CPU_SINGLETHREAD: 2800.3140865852711
  CPU_PHYSICS: 3335.2581381610885
  CPU_MATRIX_MULT_SSE: 19728.147728627875
  CPU_mm: 1888.2399302855313
  CPU_sse: 8218.0652362758228
  CPU_fma: 20987.334253117802
  CPU_avx: 16912.295129529681
  CPU_avx512: 32794.896295588187
  m_CPU_enc_SHA: 16080789208.714153
  m_CPU_enc_AES: 20921873509.727879
  m_CPU_enc_ECDSA: 10789642699.413292
  ME_ALLOC_S: 8573.7964096112664
  ME_READ_S: 25487.318749999999
  ME_READ_L: 9222.7109375
  ME_WRITE: 8717.662109375
  ME_LARGE: 120171.41666666667
  ME_LATENCY: 73.571946138698181
  ME_THREADED: 113613.04736328125
  SUMM_CPU: 24147.390481731782
  SUMM_ME: 2189.9531047144342
SystemInformation:
  OSName: Ubuntu 24.04.4 LTS
  Kernel: 6.17.0-1018-azure
  Device: ""
  Processor: INTEL(R) XEON(R) PLATINUM 8573C
  NumSockets: 1
  Manufacturer: GenuineIntel
  NumCores: 8
  NumLogicals: 16
  CPUFrequency: 2300
  CPUMaxFrequency: 2300
  Memory: 128808
  CPUInfo:
    number: 1
    Family: 6
    Model: 15
    stepping: 2
    features: 529267711
    manufacture: GenuineIntel
    typestring: INTEL(R) XEON(R) PLATINUM 8573C
    iCoresPerPackage: 8
    iThreadsPerPackage: 2
    featuresEx:
      - 529267711
      - 4294586915
      - 739248128
    bHybrid: false
    nPCore: 0
    nLogicalsPerPCore: 0
    nECore: 0
    nLogicalsPerECore: 0
  MemModuleInfo:
    iNumMemSticks: 3
    DIMM 1:
      manufacturer: Microsoft Corporation
      modulePartNo: None
      memType: Unknown
      size: 1
      clkspeed: 0
      moduleVoltage: 0
    DIMM 2:
      manufacturer: Microsoft Corporation
      modulePartNo: None
      memType: Unknown
      size: 59
      clkspeed: 0
      moduleVoltage: 0
    DIMM 3:
      manufacturer: Microsoft Corporation
      modulePartNo: None
      memType: Unknown
      size: 68
      clkspeed: 0
      moduleVoltage: 0
Checksum: 728B046894D438105F4BB0E2267B2D106E31D5C8