---
system-info:
      stress-ng-version: 0.17.08
      run-by: root
      date-yyyy-mm-dd: 2024:09:12
      time-hh-mm-ss: 02:54:55
      epoch-secs: 1726109695
      hostname: ip-172-31-5-111
      sysname: Linux
      nodename: ip-172-31-5-111
      release: 6.8.0-1014-aws
      version: '#15-Ubuntu SMP Thu Aug  8 19:13:06 UTC 2024'
      machine: x86_64
      compiler: 'musl-gcc 13.2.1'
      uptime: 162
      totalram: 1077504221184
      freeram: 1068322074624
      sharedram: 60112896
      bufferram: 222142464
      totalswap: 0
      freeswap: 0
      pagesize: 4096
      cpus: 32
      cpus-online: 32
      ticks-per-second: 100

metrics:
    - stressor: cpu
      bogo-ops: 619037
      bogo-ops-per-second-usr-sys-time: 967.790402
      bogo-ops-per-second-real-time: 30951.700762
      wall-clock-time: 20.000096
      user-time: 639.612544
      system-time: 0.026988
      cpu-usage-per-instance: 99.943195
      max-rss: 776

...
