BaselineInfo:
  WebDBID: -1
  TimeStamp: 20241109070136
Version:
  Major: 11
  Minor: 0
  Build: 1002
  SpecialBuildName: ""
  ptArchitecture: x86_64_linux
Results:
  Results Complete: true
  NumTestProcesses: 64
  CPU_INTEGER_MATH: 294337.64733333327
  CPU_FLOATINGPOINT_MATH: 161607.47198038539
  CPU_PRIME: 369.60864922753382
  CPU_SORTING: 144092.29414251196
  CPU_ENCRYPTION: 75936.730442976695
  CPU_COMPRESSION: 1100275.2553204817
  CPU_SINGLETHREAD: 2643.0966267255508
  CPU_PHYSICS: 6640.9273060074756
  CPU_MATRIX_MULT_SSE: 58366.093987869121
  CPU_mm: 7204.408895504057
  CPU_sse: 29965.42989040793
  CPU_fma: 79671.149177674437
  CPU_avx: 65461.702895524984
  CPU_avx512: 0
  m_CPU_enc_SHA: 110154199412.62187
  m_CPU_enc_AES: 70433632560.882858
  m_CPU_enc_ECDSA: 58288467209.419434
  ME_ALLOC_S: 26850.980629809525
  ME_READ_S: 26498.8876953125
  ME_READ_L: 17359.353515625
  ME_WRITE: 16975.638671875
  ME_LARGE: 492936.5
  ME_LATENCY: 63.209233849459487
  ME_THREADED: 123595.26806640625
  SUMM_CPU: 67025.053253647915
  SUMM_ME: 2895.3528586194375
SystemInformation:
  OSName: Ubuntu 24.04.1 LTS
  Kernel: 6.8.0-1016-aws
  Device: ""
  Processor: AMD EPYC 7R13 Processor
  NumSockets: 1
  Manufacturer: AuthenticAMD
  NumCores: 32
  NumLogicals: 64
  CPUFrequency: 0
  Memory: 505139
  MemModuleInfo:
    iNumMemSticks: 2
    DIMM 1:
      manufacturer: Not Specified
      modulePartNo: Not Specified
      memType: DDR4
      size: 256
      clkspeed: 1600
      moduleVoltage: 0
    DIMM 2:
      manufacturer: Not Specified
      modulePartNo: Not Specified
      memType: DDR4
      size: 256
      clkspeed: 1600
      moduleVoltage: 0
Checksum: E787728AC10254EEF8376EFF7EFF12B3468B87DD