---
system-info:
      stress-ng-version: 0.17.08
      run-by: root
      date-yyyy-mm-dd: 2024:06:07
      time-hh-mm-ss: 19:23:50
      epoch-secs: 1717788230
      hostname: 36d060ad91ee
      sysname: Linux
      nodename: 36d060ad91ee
      release: 6.8.0-1008-aws
      version: '#8-Ubuntu SMP Sat Apr 20 00:46:25 UTC 2024'
      machine: x86_64
      compiler: 'musl-gcc 13.2.1'
      uptime: 120
      totalram: 401422229504
      freeram: 396081831936
      sharedram: 79097856
      bufferram: 94887936
      totalswap: 0
      freeswap: 0
      pagesize: 4096
      cpus: 96
      cpus-online: 96
      ticks-per-second: 100

metrics:
    - stressor: cpu
      bogo-ops: 973688
      bogo-ops-per-second-usr-sys-time: 1015.046939
      bogo-ops-per-second-real-time: 97351.360330
      wall-clock-time: 10.001791
      user-time: 959.085234
      system-time: 0.168927
      cpu-usage-per-instance: 99.904411
      max-rss: 3072

...
