---
system-info:
      stress-ng-version: 0.17.08
      run-by: root
      date-yyyy-mm-dd: 2024:06:13
      time-hh-mm-ss: 11:18:45
      epoch-secs: 1718277525
      hostname: dd885739a7e9
      sysname: Linux
      nodename: dd885739a7e9
      release: 6.8.0-1008-aws
      version: '#8-Ubuntu SMP Sat Apr 20 00:46:25 UTC 2024'
      machine: x86_64
      compiler: 'musl-gcc 13.2.1'
      uptime: 131
      totalram: 397194407936
      freeram: 391873789952
      sharedram: 73330688
      bufferram: 107241472
      totalswap: 0
      freeswap: 0
      pagesize: 4096
      cpus: 96
      cpus-online: 96
      ticks-per-second: 100

metrics:
    - stressor: cpu
      bogo-ops: 1620429
      bogo-ops-per-second-usr-sys-time: 844.416363
      bogo-ops-per-second-real-time: 81021.051236
      wall-clock-time: 20.000098
      user-time: 1918.934925
      system-time: 0.057968
      cpu-usage-per-instance: 99.947055
      max-rss: 768

...
