BaselineInfo:
  WebDBID: -1
  TimeStamp: 20251211215839
Version:
  Major: 11
  Minor: 0
  Build: 1002
  SpecialBuildName: ""
  ptArchitecture: aarch64_linux
Results:
  Results Complete: true
  NumTestProcesses: 48
  CPU_INTEGER_MATH: 250262.52766666663
  CPU_FLOATINGPOINT_MATH: 290933.25464957941
  CPU_PRIME: 573.61829008950315
  CPU_SORTING: 220030.80038797582
  CPU_ENCRYPTION: 9101.4559862370643
  CPU_COMPRESSION: 318966.13810278109
  CPU_SINGLETHREAD: 1942.3485598909365
  CPU_PHYSICS: 13170.479145827185
  CPU_MATRIX_MULT_SSE: 44092.169758531083
  CPU_mm: 5411.0174753180554
  CPU_sse: 34568.305056769808
  CPU_fma: 53616.034460292409
  CPU_avx: 0
  CPU_avx512: 0
  m_CPU_enc_SHA: 14369263182.294535
  m_CPU_enc_AES: 5153996444.2577877
  m_CPU_enc_ECDSA: 9107445310.1212215
  ME_ALLOC_S: 47511.476576222893
  ME_READ_S: 21155.108007812501
  ME_READ_L: 19991.044921875
  ME_WRITE: 21290.53515625
  ME_LARGE: 80415.416666666672
  ME_LATENCY: 44.898341969418759
  ME_THREADED: 430493.517578125
  SUMM_CPU: 36133.110917995749
  SUMM_ME: 3419.614247063952
SystemInformation:
  OSName: Ubuntu 24.04.2 LTS
  Kernel: 6.14.0-1017-aws
  Device: ""
  Processor: ARM Neoverse-V2 48 Core 0 MHz
  NumSockets: 1
  Manufacturer: ARM
  NumCores: 48
  NumLogicals: 48
  CPUFrequency: 0
  Memory: 94809
Checksum: EB7B7B6E0BABC1563DB002302C5D96FE75FBD508