---
system-info:
      stress-ng-version: 0.17.08
      run-by: root
      date-yyyy-mm-dd: 2024:06:07
      time-hh-mm-ss: 22:55:35
      epoch-secs: 1717800935
      hostname: 0569514e2288
      sysname: Linux
      nodename: 0569514e2288
      release: 6.8.0-1008-aws
      version: '#8-Ubuntu SMP Sat Apr 20 00:46:25 UTC 2024'
      machine: x86_64
      compiler: 'musl-gcc 13.2.1'
      uptime: 109
      totalram: 199394025472
      freeram: 194772787200
      sharedram: 60264448
      bufferram: 94531584
      totalswap: 0
      freeswap: 0
      pagesize: 4096
      cpus: 48
      cpus-online: 48
      ticks-per-second: 100

metrics:
    - stressor: cpu
      bogo-ops: 561696
      bogo-ops-per-second-usr-sys-time: 1170.718458
      bogo-ops-per-second-real-time: 56156.961276
      wall-clock-time: 10.002251
      user-time: 479.729461
      system-time: 0.057969
      cpu-usage-per-instance: 99.933224
      max-rss: 3840

...
