---
system-info:
      stress-ng-version: 0.17.08
      run-by: root
      date-yyyy-mm-dd: 2024:06:13
      time-hh-mm-ss: 13:55:09
      epoch-secs: 1718286909
      hostname: 05df2c1cbe6c
      sysname: Linux
      nodename: 05df2c1cbe6c
      release: 6.8.0-1008-aws
      version: '#8-Ubuntu SMP Sat Apr 20 00:46:25 UTC 2024'
      machine: x86_64
      compiler: 'musl-gcc 13.2.1'
      uptime: 112
      totalram: 199394021376
      freeram: 194774867968
      sharedram: 60264448
      bufferram: 105762816
      totalswap: 0
      freeswap: 0
      pagesize: 4096
      cpus: 48
      cpus-online: 48
      ticks-per-second: 100

metrics:
    - stressor: cpu
      bogo-ops: 926856
      bogo-ops-per-second-usr-sys-time: 965.820678
      bogo-ops-per-second-real-time: 46342.600797
      wall-clock-time: 20.000086
      user-time: 959.631421
      system-time: 0.024984
      cpu-usage-per-instance: 99.963779
      max-rss: 1152

...
