BaselineInfo:
  WebDBID: -1
  TimeStamp: 20251208100302
Version:
  Major: 11
  Minor: 0
  Build: 1002
  SpecialBuildName: ""
  ptArchitecture: x86_64_linux
Results:
  Results Complete: true
  NumTestProcesses: 2
  CPU_INTEGER_MATH: 11982.812
  CPU_FLOATINGPOINT_MATH: 10980.349906452555
  CPU_PRIME: 38.651113062052374
  CPU_SORTING: 7666.0475450297872
  CPU_ENCRYPTION: 2583.7455827068684
  CPU_COMPRESSION: 51921.390777803077
  CPU_SINGLETHREAD: 2932.2132559843544
  CPU_PHYSICS: 701.7949418040854
  CPU_MATRIX_MULT_SSE: 4711.5192446850042
  CPU_mm: 518.7834630559604
  CPU_sse: 2369.2490623894396
  CPU_fma: 6793.1546116982227
  CPU_avx: 4972.1540599673499
  CPU_avx512: 0
  m_CPU_enc_SHA: 3574459965.7174768
  m_CPU_enc_AES: 2276167711.9522543
  m_CPU_enc_ECDSA: 2277133146.727581
  ME_ALLOC_S: 2176.6210834146814
  ME_READ_S: 27817.166601562501
  ME_READ_L: 25376.013671875
  ME_WRITE: 23273.81640625
  ME_LARGE: 1026.5
  ME_LATENCY: 66.364986319630034
  ME_THREADED: 49483.669921875
  SUMM_CPU: 5425.4304569863798
  SUMM_ME: 1472.0336953964988
SystemInformation:
  OSName: Ubuntu 24.04.2 LTS
  Kernel: 6.8.0-86-generic
  Device: ""
  Processor: AMD EPYC-Milan Processor
  NumSockets: 2
  Manufacturer: AuthenticAMD
  NumCores: 2
  NumLogicals: 2
  CPUFrequency: 0
  Memory: 7751
  MemModuleInfo:
    iNumMemSticks: 1
    DIMM 1:
      manufacturer: QEMU
      modulePartNo: Not Specified
      memType: RAM
      size: 8000
      clkspeed: 0
      moduleVoltage: 0
Checksum: 3A3F3BF371ED7E4D5489DB3054711E18F19F9B7C