---
system-info:
      stress-ng-version: 0.17.08
      run-by: root
      date-yyyy-mm-dd: 2024:07:02
      time-hh-mm-ss: 12:53:46
      epoch-secs: 1719924826
      hostname: t2d-standard-48-554b8f7
      sysname: Linux
      nodename: t2d-standard-48-554b8f7
      release: 6.8.0-1009-gcp
      version: '#10-Ubuntu SMP Wed Jun 12 18:52:23 UTC 2024'
      machine: x86_64
      compiler: 'musl-gcc 13.2.1'
      uptime: 145
      totalram: 202598797312
      freeram: 196929429504
      sharedram: 35348480
      bufferram: 126951424
      totalswap: 0
      freeswap: 0
      pagesize: 4096
      cpus: 48
      cpus-online: 48
      ticks-per-second: 100

metrics:
    - stressor: cpu
      bogo-ops: 2588671
      bogo-ops-per-second-usr-sys-time: 2697.369960
      bogo-ops-per-second-real-time: 129433.239093
      wall-clock-time: 20.000048
      user-time: 959.674888
      system-time: 0.026984
      cpu-usage-per-instance: 99.968705
      max-rss: 1152

...
