BaselineInfo:
  WebDBID: -1
  TimeStamp: 20260620234419
Version:
  Major: 11
  Minor: 0
  Build: 1004
  SpecialBuildName: ""
  ptArchitecture: x86_64_linux
Results:
  Results Complete: true
  NumTestProcesses: 96
  CPU_INTEGER_MATH: 612572.68766666669
  CPU_FLOATINGPOINT_MATH: 362045.54866409907
  CPU_PRIME: 818.5339701171871
  CPU_SORTING: 246010.7309642614
  CPU_ENCRYPTION: 115877.11406302251
  CPU_COMPRESSION: 1903188.3361127332
  CPU_SINGLETHREAD: 3828.1509486481227
  CPU_PHYSICS: 16001.484060577632
  CPU_MATRIX_MULT_SSE: 134354.24502938968
  CPU_mm: 13820.480262329515
  CPU_sse: 52775.556943671938
  CPU_fma: 146280.21961015079
  CPU_avx: 142551.00073877251
  CPU_avx512: 195810.20282496352
  m_CPU_enc_SHA: 150141613105.729
  m_CPU_enc_AES: 120551411671.26274
  m_CPU_enc_ECDSA: 93824857490.251892
  ME_ALLOC_S: 38180.791902373719
  ME_READ_S: 33615.27734375
  ME_READ_L: 29234.830078125
  ME_WRITE: 29783.08203125
  ME_LARGE: 182532.08333333334
  ME_LATENCY: 80.746210415965507
  ME_THREADED: 366443.07788085938
  SUMM_CPU: 116904.04583652607
  SUMM_ME: 2902.6443065300882
SystemInformation:
  OSName: Ubuntu 24.04.4 LTS
  Kernel: 6.17.0-1018-azure
  Device: ""
  Processor: "AMD EPYC 9V45 96-Core Processor                "
  NumSockets: 1
  Manufacturer: AuthenticAMD
  NumCores: 48
  NumLogicals: 96
  CPUFrequency: 0
  CPUMaxFrequency: 0
  Memory: 193386
  CPUInfo:
    number: 1
    Family: 15
    Model: 2
    stepping: 1
    features: 395049983
    manufacture: AuthenticAMD
    typestring: "AMD EPYC 9V45 96-Core Processor                "
    iCoresPerPackage: 64
    iThreadsPerPackage: 2
    featuresEx:
      - 395049983
      - 4277809667
      - 802421759
    bHybrid: false
    nPCore: 0
    nLogicalsPerPCore: 0
    nECore: 0
    nLogicalsPerECore: 0
  MemModuleInfo:
    iNumMemSticks: 4
    DIMM 1:
      manufacturer: Microsoft Corporation
      modulePartNo: None
      memType: Unknown
      size: 1
      clkspeed: 0
      moduleVoltage: 0
    DIMM 2:
      manufacturer: Microsoft Corporation
      modulePartNo: None
      memType: Unknown
      size: 59
      clkspeed: 0
      moduleVoltage: 0
    DIMM 3:
      manufacturer: Microsoft Corporation
      modulePartNo: None
      memType: Unknown
      size: 36
      clkspeed: 0
      moduleVoltage: 0
    DIMM 4:
      manufacturer: Microsoft Corporation
      modulePartNo: None
      memType: Unknown
      size: 96
      clkspeed: 0
      moduleVoltage: 0
Checksum: BF7A89B9B04EEA24D601C58348866048DB800C3A