BaselineInfo:
  WebDBID: -1
  TimeStamp: 20260611230330
Version:
  Major: 11
  Minor: 0
  Build: 1004
  SpecialBuildName: ""
  ptArchitecture: x86_64_linux
Results:
  Results Complete: true
  NumTestProcesses: 2
  CPU_INTEGER_MATH: 8605.5550000000003
  CPU_FLOATINGPOINT_MATH: 6552.469200827958
  CPU_PRIME: 18.251127601987662
  CPU_SORTING: 4407.7425230559829
  CPU_ENCRYPTION: 1076.0003491338923
  CPU_COMPRESSION: 37085.424319419893
  CPU_SINGLETHREAD: 1871.7327887816191
  CPU_PHYSICS: 313.57522070126413
  CPU_MATRIX_MULT_SSE: 2591.1748726639639
  CPU_mm: 331.54774323721693
  CPU_sse: 1335.4632408406719
  CPU_fma: 4195.6572199615239
  CPU_avx: 2242.404157189696
  CPU_avx512: 0
  m_CPU_enc_SHA: 541918790.6283164
  m_CPU_enc_AES: 2365726232.9041872
  m_CPU_enc_ECDSA: 477159402.74775743
  ME_ALLOC_S: 687.45093902552719
  ME_READ_S: 19360.531054687501
  ME_READ_L: 11166.69140625
  ME_WRITE: 11189.3671875
  ME_LARGE: 897.75
  ME_LATENCY: 46.627314169322055
  ME_THREADED: 19104.01171875
  SUMM_CPU: 3137.2276122721114
  SUMM_ME: 1171.632704329425
SystemInformation:
  OSName: Ubuntu 24.04.4 LTS
  Kernel: 6.8.0-124-generic
  Device: ""
  Processor: Intel Core Processor (Skylake, IBRS)
  NumSockets: 1
  Manufacturer: GenuineIntel
  NumCores: 1
  NumLogicals: 2
  CPUFrequency: 7
  CPUMaxFrequency: 832
  Memory: 1961
  CPUInfo:
    number: 1
    Family: 6
    Model: 14
    stepping: 3
    features: 395049983
    manufacture: GenuineIntel
    typestring: Intel Core Processor (Skylake, IBRS)
    iCoresPerPackage: 1
    iThreadsPerPackage: 2
    featuresEx:
      - 395049983
      - 4294586883
      - 672139264
    bHybrid: false
    nPCore: 0
    nLogicalsPerPCore: 0
    nECore: 0
    nLogicalsPerECore: 0
  MemModuleInfo:
    iNumMemSticks: 1
    DIMM 1:
      manufacturer: QEMU
      modulePartNo: Not Specified
      memType: RAM
      size: 2
      clkspeed: 0
      moduleVoltage: 0
Checksum: 22D28171B6D7C02DF0921210A574D73F9B3FDB49