BaselineInfo:
  WebDBID: -1
  TimeStamp: 20250211141143
Version:
  Major: 11
  Minor: 0
  Build: 1002
  SpecialBuildName: ""
  ptArchitecture: x86_64_linux
Results:
  Results Complete: true
  NumTestProcesses: 4
  CPU_INTEGER_MATH: 19100.420000000002
  CPU_FLOATINGPOINT_MATH: 13540.551994735737
  CPU_PRIME: 38.800091023166672
  CPU_SORTING: 9677.1407088250871
  CPU_ENCRYPTION: 4223.6690812496709
  CPU_COMPRESSION: 72136.133299751295
  CPU_SINGLETHREAD: 2915.6641015095447
  CPU_PHYSICS: 954.70179793625357
  CPU_MATRIX_MULT_SSE: 5646.8028938906164
  CPU_mm: 540.22910615472802
  CPU_sse: 2335.734957945011
  CPU_fma: 6423.5060682976082
  CPU_avx: 4961.6149186683924
  CPU_avx512: 8866.3556306514529
  m_CPU_enc_SHA: 4451612828.6407108
  m_CPU_enc_AES: 5788851991.7788439
  m_CPU_enc_ECDSA: 3046049271.2018118
  ME_ALLOC_S: 2863.5259341422261
  ME_READ_S: 26660.82421875
  ME_READ_L: 10478.4013671875
  ME_WRITE: 9626.34375
  ME_LARGE: 4996.833333333333
  ME_LATENCY: 56.12913581591156
  ME_THREADED: 31857.751953125
  SUMM_CPU: 7415.3257685058661
  SUMM_ME: 2055.8508026279965
SystemInformation:
  OSName: Ubuntu 24.04.1 LTS
  Kernel: 6.8.0-1021-azure
  Device: ""
  Processor: INTEL XEON PLATINUM 8573C
  NumSockets: 1
  Manufacturer: GenuineIntel
  NumCores: 2
  NumLogicals: 4
  CPUFrequency: 2300
  Memory: 15988
  MemModuleInfo:
    iNumMemSticks: 2
    DIMM 1:
      manufacturer: Microsoft Corporation
      modulePartNo: None
      memType: Unknown
      size: 1
      clkspeed: 0
      moduleVoltage: 0
    DIMM 2:
      manufacturer: Microsoft Corporation
      modulePartNo: None
      memType: Unknown
      size: 15
      clkspeed: 0
      moduleVoltage: 0
Checksum: B1716EDEE4313061618D1D772005A1B525578A78