---
system-info:
      stress-ng-version: 0.17.08
      run-by: root
      date-yyyy-mm-dd: 2024:07:09
      time-hh-mm-ss: 17:53:38
      epoch-secs: 1720547618
      hostname: ip-172-31-6-74
      sysname: Linux
      nodename: ip-172-31-6-74
      release: 6.8.0-1009-aws
      version: '#9-Ubuntu SMP Fri May 17 20:15:49 UTC 2024'
      machine: aarch64
      compiler: 'musl-gcc 13.2.1'
      uptime: 140
      totalram: 265464152064
      freeram: 260007739392
      sharedram: 39374848
      bufferram: 134696960
      totalswap: 0
      freeswap: 0
      pagesize: 4096
      cpus: 32
      cpus-online: 32
      ticks-per-second: 100

metrics:
    - stressor: cpu
      bogo-ops: 34136
      bogo-ops-per-second-usr-sys-time: 1706.751528
      bogo-ops-per-second-real-time: 1706.796684
      wall-clock-time: 20.000039
      user-time: 20.000568
      system-time: 0.000000
      cpu-usage-per-instance: 100.002646
      max-rss: 1280

...
