---
system-info:
      stress-ng-version: 0.17.08
      run-by: root
      date-yyyy-mm-dd: 2024:07:12
      time-hh-mm-ss: 11:17:46
      epoch-secs: 1720783066
      hostname: ip-172-31-63-179
      sysname: Linux
      nodename: ip-172-31-63-179
      release: 6.8.0-1010-aws
      version: '#10-Ubuntu SMP Thu Jun 13 17:36:15 UTC 2024'
      machine: x86_64
      compiler: 'musl-gcc 13.2.1'
      uptime: 182
      totalram: 390684995584
      freeram: 382071468032
      sharedram: 38150144
      bufferram: 131477504
      totalswap: 0
      freeswap: 0
      pagesize: 4096
      cpus: 96
      cpus-online: 96
      ticks-per-second: 100

metrics:
    - stressor: cpu
      bogo-ops: 2865927
      bogo-ops-per-second-usr-sys-time: 1493.478802
      bogo-ops-per-second-real-time: 143295.928763
      wall-clock-time: 20.000059
      user-time: 1918.919643
      system-time: 0.040972
      cpu-usage-per-instance: 99.945572
      max-rss: 768

...
