BaselineInfo:
  WebDBID: -1
  TimeStamp: 20260630120403
Version:
  Major: 11
  Minor: 0
  Build: 1004
  SpecialBuildName: ""
  ptArchitecture: x86_64_linux
Results:
  Results Complete: true
  NumTestProcesses: 8
  CPU_INTEGER_MATH: 45240.915999999997
  CPU_FLOATINGPOINT_MATH: 36128.877290438861
  CPU_PRIME: 137.08726680788618
  CPU_SORTING: 26229.930603124165
  CPU_ENCRYPTION: 9723.8391120863398
  CPU_COMPRESSION: 188403.67970881538
  CPU_SINGLETHREAD: 2547.5167268003975
  CPU_PHYSICS: 2464.3555432170101
  CPU_MATRIX_MULT_SSE: 16480.636554069697
  CPU_mm: 1682.8359517940385
  CPU_sse: 7753.5013251681357
  CPU_fma: 25099.320158812421
  CPU_avx: 16589.088178228532
  CPU_avx512: 0
  m_CPU_enc_SHA: 13709704506.670881
  m_CPU_enc_AES: 8663502760.0076942
  m_CPU_enc_ECDSA: 8215345695.7065592
  ME_ALLOC_S: 3656.1294377777695
  ME_READ_S: 25025.848437500001
  ME_READ_L: 16216.357421875
  ME_WRITE: 16339.1279296875
  ME_LARGE: 55795.25
  ME_LATENCY: 62.322664666869024
  ME_THREADED: 109132.7568359375
  SUMM_CPU: 18021.94362249058
  SUMM_ME: 2693.7789595388613
SystemInformation:
  OSName: Ubuntu 24.04.4 LTS
  Kernel: 6.8.0-124-generic
  Device: ""
  Processor: AMD EPYC-Rome Processor
  NumSockets: 1
  Manufacturer: AuthenticAMD
  NumCores: 4
  NumLogicals: 8
  CPUFrequency: 0
  CPUMaxFrequency: 0
  Memory: 64297
  CPUInfo:
    number: 1
    Family: 15
    Model: 1
    stepping: 0
    features: 395049983
    manufacture: AuthenticAMD
    typestring: AMD EPYC-Rome Processor
    iCoresPerPackage: 4
    iThreadsPerPackage: 2
    featuresEx:
      - 395049983
      - 4277678595
      - 802421759
    bHybrid: false
    nPCore: 0
    nLogicalsPerPCore: 0
    nECore: 0
    nLogicalsPerECore: 0
  MemModuleInfo:
    iNumMemSticks: 4
    DIMM 1:
      manufacturer: QEMU
      modulePartNo: Not Specified
      memType: RAM
      size: 16
      clkspeed: 0
      moduleVoltage: 0
    DIMM 2:
      manufacturer: QEMU
      modulePartNo: Not Specified
      memType: RAM
      size: 16
      clkspeed: 0
      moduleVoltage: 0
    DIMM 3:
      manufacturer: QEMU
      modulePartNo: Not Specified
      memType: RAM
      size: 16
      clkspeed: 0
      moduleVoltage: 0
    DIMM 4:
      manufacturer: QEMU
      modulePartNo: Not Specified
      memType: RAM
      size: 16
      clkspeed: 0
      moduleVoltage: 0
Checksum: E40AC187DA88B33C6500EADBA413AE034085B6C0