---
system-info:
      stress-ng-version: 0.17.08
      run-by: root
      date-yyyy-mm-dd: 2024:06:07
      time-hh-mm-ss: 13:04:34
      epoch-secs: 1717765474
      hostname: 8ce09a0a66fb
      sysname: Linux
      nodename: 8ce09a0a66fb
      release: 6.8.0-1008-aws
      version: '#8-Ubuntu SMP Sat Apr 20 00:46:25 UTC 2024'
      machine: x86_64
      compiler: 'musl-gcc 13.2.1'
      uptime: 197
      totalram: 15974273024
      freeram: 11742199808
      sharedram: 48504832
      bufferram: 93044736
      totalswap: 0
      freeswap: 0
      pagesize: 4096
      cpus: 2
      cpus-online: 2
      ticks-per-second: 100

metrics:
    - stressor: cpu
      bogo-ops: 11358
      bogo-ops-per-second-usr-sys-time: 1136.044136
      bogo-ops-per-second-real-time: 1135.677234
      wall-clock-time: 10.001081
      user-time: 9.994853
      system-time: 0.002998
      cpu-usage-per-instance: 99.967704
      max-rss: 3920

...
