---
system-info:
      stress-ng-version: 0.17.08
      run-by: root
      date-yyyy-mm-dd: 2024:06:13
      time-hh-mm-ss: 07:43:51
      epoch-secs: 1718264631
      hostname: 6166a63c9912
      sysname: Linux
      nodename: 6166a63c9912
      release: 6.8.0-1008-aws
      version: '#8-Ubuntu SMP Sat Apr 20 00:46:25 UTC 2024'
      machine: x86_64
      compiler: 'musl-gcc 13.2.1'
      uptime: 222
      totalram: 15974268928
      freeram: 11634331648
      sharedram: 48504832
      bufferram: 109654016
      totalswap: 0
      freeswap: 0
      pagesize: 4096
      cpus: 2
      cpus-online: 2
      ticks-per-second: 100

metrics:
    - stressor: cpu
      bogo-ops: 17505
      bogo-ops-per-second-usr-sys-time: 875.345019
      bogo-ops-per-second-real-time: 875.244721
      wall-clock-time: 20.000121
      user-time: 19.997829
      system-time: 0.000000
      cpu-usage-per-instance: 99.988542
      max-rss: 1104

...
