size_kb,operation,bandwidth_mb_s,latency_ns,latency_stddev_ns,latency_samples,threads,iterations,elapsed_s
32,read,433035.45,0,0,0,4,712249,0.205598
32,write,362200.53,0,0,0,4,657895,0.227048
32,copy,360970.80,0,0,0,4,620347,0.214819
32,latency,0,2.01,0.00,7,1,7,0.288430
128,read,350549.27,0,0,0,4,149880,0.213779
128,write,361425.00,0,0,0,4,176928,0.244764
128,copy,316114.99,0,0,0,4,132205,0.209109
128,latency,0,2.65,0.00,7,1,7,0.663316
1024,read,290403.25,0,0,0,4,17998,0.247904
1024,write,360338.92,0,0,0,4,22620,0.251097
1024,copy,204542.17,0,0,0,4,14485,0.283267
1024,latency,0,4.92,0.01,7,1,7,0.657811
2048,read,249695.47,0,0,0,4,7367,0.236032
2048,write,360839.48,0,0,0,4,11164,0.247512
2048,copy,194181.99,0,0,0,4,5122,0.211019
2048,latency,0,11.91,0.05,7,1,7,0.686398
4096,read,216728.52,0,0,0,4,3644,0.269019
4096,write,351432.33,0,0,0,4,5385,0.245168
4096,copy,141605.45,0,0,0,4,2091,0.236262
4096,latency,0,37.25,3.98,21,1,21,2.079560
16384,read,102022.67,0,0,0,4,378,0.237124
16384,write,286613.25,0,0,0,4,1181,0.263714
16384,copy,69347.40,0,0,0,4,291,0.268561
16384,latency,0,110.63,2.14,7,1,7,1.208607
32768,read,88805.86,0,0,0,4,174,0.250794
32768,write,250962.96,0,0,0,4,593,0.302451
32768,copy,62225.04,0,0,0,4,138,0.283873
32768,latency,0,116.47,1.29,7,1,7,2.636776
65536,read,86486.20,0,0,0,4,90,0.266401
65536,write,238458.26,0,0,0,4,279,0.299524
65536,copy,60982.40,0,0,0,4,79,0.331637
65536,latency,0,124.50,2.04,7,1,7,5.698328
131072,read,87643.00,0,0,0,4,46,0.268727
131072,write,238240.06,0,0,0,4,141,0.303022
131072,copy,60401.06,0,0,0,4,38,0.322114
131072,latency,0,126.11,1.41,7,1,7,11.644690
262144,read,86186.08,0,0,0,4,23,0.273269
262144,write,219315.21,0,0,0,4,60,0.280145
262144,copy,59223.13,0,0,0,4,19,0.328520
262144,latency,0,126.78,0.44,7,1,7,23.584369
