BaselineInfo:
  WebDBID: -1
  TimeStamp: 20250101181710
Version:
  Major: 11
  Minor: 0
  Build: 1002
  SpecialBuildName: ""
  ptArchitecture: x86_64_linux
Results:
  Results Complete: true
  NumTestProcesses: 16
  CPU_INTEGER_MATH: 53922.488333333342
  CPU_FLOATINGPOINT_MATH: 32191.799052277365
  CPU_PRIME: 83.879071042212772
  CPU_SORTING: 33350.861281928635
  CPU_ENCRYPTION: 17036.893227796027
  CPU_COMPRESSION: 237422.71374973046
  CPU_SINGLETHREAD: 2132.6682907427503
  CPU_PHYSICS: 1749.9209230218744
  CPU_MATRIX_MULT_SSE: 14785.455671055535
  CPU_mm: 1617.3031634232868
  CPU_sse: 6679.7997733096454
  CPU_fma: 21659.045057427858
  CPU_avx: 16017.5221824291
  CPU_avx512: 0
  m_CPU_enc_SHA: 24094543753.46648
  m_CPU_enc_AES: 16508522406.67811
  m_CPU_enc_ECDSA: 12990365899.54376
  ME_ALLOC_S: 5611.6144892912898
  ME_READ_S: 24688.361523437499
  ME_READ_L: 12821.767578125
  ME_WRITE: 13220.787109375
  ME_LARGE: 51844
  ME_LATENCY: 50.762385281463729
  ME_THREADED: 36348.472900390625
  SUMM_CPU: 19544.702580023604
  SUMM_ME: 2667.9277756548399
SystemInformation:
  OSName: Ubuntu 24.04.1 LTS
  Kernel: 6.8.0-1021-aws
  Device: ""
  Processor: AMD EPYC 7R32
  NumSockets: 1
  Manufacturer: AuthenticAMD
  NumCores: 8
  NumLogicals: 16
  CPUFrequency: 0
  Memory: 63592
  MemModuleInfo:
    iNumMemSticks: 1
    DIMM 1:
      manufacturer: Not Specified
      modulePartNo: Not Specified
      memType: DDR4
      size: 64
      clkspeed: 1600
      moduleVoltage: 0
Checksum: BB491CFA788DA4C7F3841571AC08F27B2961C61E