BaselineInfo:
  WebDBID: -1
  TimeStamp: 20250107110935
Version:
  Major: 11
  Minor: 0
  Build: 1002
  SpecialBuildName: ""
  ptArchitecture: x86_64_linux
Results:
  Results Complete: true
  NumTestProcesses: 2
  CPU_INTEGER_MATH: 9604.3356666666677
  CPU_FLOATINGPOINT_MATH: 6936.7760560062234
  CPU_PRIME: 32.403691051720017
  CPU_SORTING: 5721.7588907119643
  CPU_ENCRYPTION: 2313.8842061456112
  CPU_COMPRESSION: 41778.220522346732
  CPU_SINGLETHREAD: 2186.1311133164349
  CPU_PHYSICS: 542.91805708236416
  CPU_MATRIX_MULT_SSE: 3389.7544899816985
  CPU_mm: 404.77931118274972
  CPU_sse: 1594.6033988588501
  CPU_fma: 5261.3422660184378
  CPU_avx: 3313.3178050678075
  CPU_avx512: 0
  m_CPU_enc_SHA: 3271495845.1094737
  m_CPU_enc_AES: 2101200848.8378673
  m_CPU_enc_ECDSA: 1906153642.0826802
  ME_ALLOC_S: 1356.3983620355193
  ME_READ_S: 25275.2626953125
  ME_READ_L: 11742.400390625
  ME_WRITE: 11662.7822265625
  ME_LARGE: 631.58333333333337
  ME_LATENCY: 56.031178518268838
  ME_THREADED: 23506.65234375
  SUMM_CPU: 4191.6733700560108
  SUMM_ME: 1049.599915756766
SystemInformation:
  OSName: Ubuntu 24.04.1 LTS
  Kernel: 6.8.0-31-generic
  Device: ""
  Processor: AMD EPYC 7542 32-Core Processor
  NumSockets: 1
  Manufacturer: AuthenticAMD
  NumCores: 2
  NumLogicals: 2
  CPUFrequency: 0
  Memory: 3868
  MemModuleInfo:
    iNumMemSticks: 1
    DIMM 1:
      manufacturer: QEMU
      modulePartNo: Not Specified
      memType: RAM
      size: 4
      clkspeed: 0
      moduleVoltage: 0
Checksum: DA1ED95E3F13283B9ACF81282A92E57F043CB29C