BaselineInfo:
  WebDBID: -1
  TimeStamp: 20241114202928
Version:
  Major: 11
  Minor: 0
  Build: 1002
  SpecialBuildName: ""
  ptArchitecture: x86_64_linux
Results:
  Results Complete: true
  NumTestProcesses: 2
  CPU_INTEGER_MATH: 8204.0026666666672
  CPU_FLOATINGPOINT_MATH: 4554.8887429402048
  CPU_PRIME: 18.701923782491228
  CPU_SORTING: 4503.4912339895418
  CPU_ENCRYPTION: 2124.4705117404901
  CPU_COMPRESSION: 32458.233948552617
  CPU_SINGLETHREAD: 2298.0001296923811
  CPU_PHYSICS: 362.98414950065143
  CPU_MATRIX_MULT_SSE: 1729.2449537987811
  CPU_mm: 217.68242387929934
  CPU_sse: 924.7682102592762
  CPU_fma: 2554.9808000069484
  CPU_avx: 1707.985851130119
  CPU_avx512: 0
  m_CPU_enc_SHA: 3086974516.2589731
  m_CPU_enc_AES: 1974609158.8750589
  m_CPU_enc_ECDSA: 1621422698.8223577
  ME_ALLOC_S: 875.82492128239915
  ME_READ_S: 23846.966601562501
  ME_READ_L: 15974.265625
  ME_WRITE: 16323.908203125
  ME_LARGE: 609.08333333333337
  ME_LATENCY: 69.300283826337377
  ME_THREADED: 22101.9248046875
  SUMM_CPU: 3095.4329401860778
  SUMM_ME: 990.04145496358944
SystemInformation:
  OSName: Ubuntu 24.04.1 LTS
  Kernel: 6.8.0-1015-gcp
  Device: ""
  Processor: AMD EPYC 7B13
  NumSockets: 1
  Manufacturer: AuthenticAMD
  NumCores: 1
  NumLogicals: 2
  CPUFrequency: 0
  Memory: 7939
  MemModuleInfo:
    iNumMemSticks: 1
    DIMM 1:
      manufacturer: ""
      modulePartNo: ""
      memType: RAM
      size: 8
      clkspeed: 0
      moduleVoltage: 0
Checksum: 6133ECEF52F95D50B16BCA44B7B1B68DD7C7F037