BaselineInfo:
  WebDBID: -1
  TimeStamp: 20241107021444
Version:
  Major: 11
  Minor: 0
  Build: 1002
  SpecialBuildName: ""
  ptArchitecture: x86_64_linux
Results:
  Results Complete: true
  NumTestProcesses: 2
  CPU_INTEGER_MATH: 8215.362666666666
  CPU_FLOATINGPOINT_MATH: 4554.3769157180523
  CPU_PRIME: 18.454519448933482
  CPU_SORTING: 4528.5434466713841
  CPU_ENCRYPTION: 2131.83183876167
  CPU_COMPRESSION: 32167.146221554081
  CPU_SINGLETHREAD: 2294.1027337412506
  CPU_PHYSICS: 372.11643528154946
  CPU_MATRIX_MULT_SSE: 1737.8172866489106
  CPU_mm: 221.98343882096961
  CPU_sse: 938.2534204822266
  CPU_fma: 2560.6754357633126
  CPU_avx: 1714.5230037011916
  CPU_avx512: 0
  m_CPU_enc_SHA: 3089162409.8695226
  m_CPU_enc_AES: 1975912880.9777603
  m_CPU_enc_ECDSA: 1641087815.6367888
  ME_ALLOC_S: 857.83244383706744
  ME_READ_S: 23778.1259765625
  ME_READ_L: 15149.1796875
  ME_WRITE: 15755.9716796875
  ME_LARGE: 554.66666666666663
  ME_LATENCY: 68.225459595865388
  ME_THREADED: 21579.4716796875
  SUMM_CPU: 3097.394158045116
  SUMM_ME: 938.44725775358177
SystemInformation:
  OSName: Ubuntu 24.04.1 LTS
  Kernel: 6.8.0-1015-gcp
  Device: ""
  Processor: AMD EPYC 7B13
  NumSockets: 1
  Manufacturer: AuthenticAMD
  NumCores: 1
  NumLogicals: 2
  CPUFrequency: 0
  Memory: 7939
  MemModuleInfo:
    iNumMemSticks: 1
    DIMM 1:
      manufacturer: ""
      modulePartNo: ""
      memType: RAM
      size: 8
      clkspeed: 0
      moduleVoltage: 0
Checksum: 0074A1BFEC16037322DFFBC4EF309BA6419D5B5A