BaselineInfo:
  WebDBID: -1
  TimeStamp: 20241115132034
Version:
  Major: 11
  Minor: 0
  Build: 1002
  SpecialBuildName: ""
  ptArchitecture: x86_64_linux
Results:
  Results Complete: true
  NumTestProcesses: 2
  CPU_INTEGER_MATH: 8199.3639999999996
  CPU_FLOATINGPOINT_MATH: 4556.9627004602225
  CPU_PRIME: 19.20262676808521
  CPU_SORTING: 4536.4170633909434
  CPU_ENCRYPTION: 2131.5412465875902
  CPU_COMPRESSION: 32505.465763073051
  CPU_SINGLETHREAD: 2301.5111041193932
  CPU_PHYSICS: 384.71567257075031
  CPU_MATRIX_MULT_SSE: 1736.6785104672911
  CPU_mm: 222.56609974943945
  CPU_sse: 942.51232719060658
  CPU_fma: 2553.1073803705999
  CPU_avx: 1714.4158238406671
  CPU_avx512: 0
  m_CPU_enc_SHA: 3089617789.8752661
  m_CPU_enc_AES: 1978087114.0688467
  m_CPU_enc_ECDSA: 1637544078.6013732
  ME_ALLOC_S: 905.74839614971052
  ME_READ_S: 23789.600781249999
  ME_READ_L: 16544.443359375
  ME_WRITE: 17172.5859375
  ME_LARGE: 721
  ME_LATENCY: 64.320006957447887
  ME_THREADED: 22142.2734375
  SUMM_CPU: 3110.9406179324883
  SUMM_ME: 1101.5047224755028
SystemInformation:
  OSName: Ubuntu 24.04.1 LTS
  Kernel: 6.8.0-1017-gcp
  Device: ""
  Processor: AMD EPYC 7B13
  NumSockets: 1
  Manufacturer: AuthenticAMD
  NumCores: 1
  NumLogicals: 2
  CPUFrequency: 0
  Memory: 7939
  MemModuleInfo:
    iNumMemSticks: 1
    DIMM 1:
      manufacturer: ""
      modulePartNo: ""
      memType: RAM
      size: 8
      clkspeed: 0
      moduleVoltage: 0
Checksum: 15EB6176973F19BC798A519C9809517D65684215