BaselineInfo:
  WebDBID: -1
  TimeStamp: 20260404130944
Version:
  Major: 11
  Minor: 0
  Build: 1004
  SpecialBuildName: ""
  ptArchitecture: x86_64_linux
Results:
  Results Complete: true
  NumTestProcesses: 12
  CPU_INTEGER_MATH: 50565.111333333334
  CPU_FLOATINGPOINT_MATH: 25856.044356270999
  CPU_PRIME: 105.47646627438445
  CPU_SORTING: 26445.945525658673
  CPU_ENCRYPTION: 10971.774817314479
  CPU_COMPRESSION: 186020.19650331681
  CPU_SINGLETHREAD: 2368.802882267576
  CPU_PHYSICS: 1863.2696940871335
  CPU_MATRIX_MULT_SSE: 10522.225297202822
  CPU_mm: 1089.7109527336843
  CPU_sse: 4751.7458242542598
  CPU_fma: 13121.061613638665
  CPU_avx: 9731.8199184456062
  CPU_avx512: 14484.273832472762
  m_CPU_enc_SHA: 11067354109.994497
  m_CPU_enc_AES: 16680219286.465839
  m_CPU_enc_ECDSA: 6766645856.0607033
  ME_ALLOC_S: 6078.6815292106967
  ME_READ_S: 24211.525390625
  ME_READ_L: 12331.126953125
  ME_WRITE: 11366.3037109375
  ME_LARGE: 9812.75
  ME_LATENCY: 52.795203606440531
  ME_THREADED: 75437.9365234375
  SUMM_CPU: 16449.229459980499
  SUMM_ME: 2494.9122848617399
SystemInformation:
  OSName: Ubuntu 24.04.4 LTS
  Kernel: 6.8.0-106-generic
  Device: ""
  Processor: Intel(R) Xeon(R) Platinum 8369B CPU @ 2.90GHz
  NumSockets: 1
  Manufacturer: GenuineIntel
  NumCores: 6
  NumLogicals: 12
  CPUFrequency: 0
  CPUMaxFrequency: 0
  Memory: 22855
  CPUInfo:
    number: 1
    Family: 6
    Model: 10
    stepping: 6
    features: 529267711
    manufacture: GenuineIntel
    typestring: Intel(R) Xeon(R) Platinum 8369B CPU @ 2.90GHz
    iCoresPerPackage: 6
    iThreadsPerPackage: 2
    featuresEx:
      - 529267711
      - 4277809667
      - 739248128
    bHybrid: false
    nPCore: 0
    nLogicalsPerPCore: 0
    nECore: 0
    nLogicalsPerECore: 0
  MemModuleInfo:
    iNumMemSticks: 2
    DIMM 1:
      manufacturer: Alibaba Cloud
      modulePartNo: Not Specified
      memType: RAM
      size: 16
      clkspeed: 0
      moduleVoltage: 0
    DIMM 2:
      manufacturer: Alibaba Cloud
      modulePartNo: Not Specified
      memType: RAM
      size: 8
      clkspeed: 0
      moduleVoltage: 0
Checksum: EA9EF70938FA5859356A25798D669DDAE31D6E93