BaselineInfo:
  WebDBID: -1
  TimeStamp: 20260404005725
Version:
  Major: 11
  Minor: 0
  Build: 1004
  SpecialBuildName: ""
  ptArchitecture: x86_64_linux
Results:
  Results Complete: true
  NumTestProcesses: 8
  CPU_INTEGER_MATH: 33248.377
  CPU_FLOATINGPOINT_MATH: 18337.534288951563
  CPU_PRIME: 69.210445143031862
  CPU_SORTING: 18311.387958724852
  CPU_ENCRYPTION: 8603.245054278279
  CPU_COMPRESSION: 127314.88254149849
  CPU_SINGLETHREAD: 2385.6132743318608
  CPU_PHYSICS: 1279.8791534813465
  CPU_MATRIX_MULT_SSE: 7359.788300372863
  CPU_mm: 895.76110657231902
  CPU_sse: 3778.6374151535633
  CPU_fma: 10392.880358866951
  CPU_avx: 7907.8471270980772
  CPU_avx512: 0
  m_CPU_enc_SHA: 12469965223.525681
  m_CPU_enc_AES: 7981033651.4869699
  m_CPU_enc_ECDSA: 6612469983.0920534
  ME_ALLOC_S: 3587.6267348988931
  ME_READ_S: 23662.509179687499
  ME_READ_L: 17623.6640625
  ME_WRITE: 15690.0478515625
  ME_LARGE: 3679
  ME_LATENCY: 56.908450967056176
  ME_THREADED: 40192.32275390625
  SUMM_CPU: 11819.388034851483
  SUMM_ME: 2190.1307233621069
SystemInformation:
  OSName: Ubuntu 24.04.4 LTS
  Kernel: 6.8.0-106-generic
  Device: ""
  Processor: "AMD EPYC 7T83 64-Core Processor                "
  NumSockets: 1
  Manufacturer: AuthenticAMD
  NumCores: 4
  NumLogicals: 8
  CPUFrequency: 0
  CPUMaxFrequency: 0
  Memory: 15086
  CPUInfo:
    number: 1
    Family: 15
    Model: 1
    stepping: 1
    features: 395049983
    manufacture: AuthenticAMD
    typestring: "AMD EPYC 7T83 64-Core Processor                "
    iCoresPerPackage: 4
    iThreadsPerPackage: 2
    featuresEx:
      - 395049983
      - 4277809667
      - 802421759
    bHybrid: false
    nPCore: 0
    nLogicalsPerPCore: 0
    nECore: 0
    nLogicalsPerECore: 0
  MemModuleInfo:
    iNumMemSticks: 1
    DIMM 1:
      manufacturer: Alibaba Cloud
      modulePartNo: Not Specified
      memType: RAM
      size: 16
      clkspeed: 0
      moduleVoltage: 0
Checksum: A1ABBA5269FB5B52006965A97E39C3F7392EA3C4