BaselineInfo:
  WebDBID: -1
  TimeStamp: 20241109143121
Version:
  Major: 11
  Minor: 0
  Build: 1002
  SpecialBuildName: ""
  ptArchitecture: x86_64_linux
Results:
  Results Complete: true
  NumTestProcesses: 16
  CPU_INTEGER_MATH: 66009.220666666675
  CPU_FLOATINGPOINT_MATH: 35419.374205056425
  CPU_PRIME: 85.881503658869107
  CPU_SORTING: 33310.192110256321
  CPU_ENCRYPTION: 8922.388256145874
  CPU_COMPRESSION: 288342.03494904237
  CPU_SINGLETHREAD: 2626.1102365883366
  CPU_PHYSICS: 1680.0657529704895
  CPU_MATRIX_MULT_SSE: 17192.324992251928
  CPU_mm: 1962.4401862308321
  CPU_sse: 7146.8014693234927
  CPU_fma: 20699.557687592933
  CPU_avx: 14620.92464254476
  CPU_avx512: 26302.016169546543
  m_CPU_enc_SHA: 2908558897.494122
  m_CPU_enc_AES: 22548923464.700367
  m_CPU_enc_ECDSA: 2609924202.0347528
  ME_ALLOC_S: 6679.3671445241043
  ME_READ_S: 31064.093359375001
  ME_READ_L: 11031.1240234375
  ME_WRITE: 10505.361328125
  ME_LARGE: 499775.41666666669
  ME_LATENCY: 52.20831093196216
  ME_THREADED: 83878.201171875
  SUMM_CPU: 20169.746511570556
  SUMM_ME: 2782.3070429326726
SystemInformation:
  OSName: Ubuntu 24.04.1 LTS
  Kernel: 6.8.0-1016-aws
  Device: ""
  Processor: Intel Xeon Platinum 8252C CPU @ 3.80GHz
  NumSockets: 1
  Manufacturer: GenuineIntel
  NumCores: 8
  NumLogicals: 16
  CPUFrequency: 0
  Memory: 510375
  MemModuleInfo:
    iNumMemSticks: 1
    DIMM 1:
      manufacturer: Not Specified
      modulePartNo: Not Specified
      memType: DDR4
      size: 512
      clkspeed: 1600
      moduleVoltage: 0
Checksum: BF9AE493775DECDBF635BEDBE5C717D738B37DBB