BaselineInfo:
  WebDBID: -1
  TimeStamp: 20260619100810
Version:
  Major: 11
  Minor: 0
  Build: 1004
  SpecialBuildName: ""
  ptArchitecture: x86_64_linux
Results:
  Results Complete: true
  NumTestProcesses: 2
  CPU_INTEGER_MATH: 10530.270333333334
  CPU_FLOATINGPOINT_MATH: 7857.2528804163794
  CPU_PRIME: 23.391939930486011
  CPU_SORTING: 5502.09351475726
  CPU_ENCRYPTION: 2419.752104371134
  CPU_COMPRESSION: 42962.00411772493
  CPU_SINGLETHREAD: 3391.6612978640023
  CPU_PHYSICS: 502.4453682694749
  CPU_MATRIX_MULT_SSE: 2665.8502882629464
  CPU_mm: 289.7091708052501
  CPU_sse: 1263.7844074618547
  CPU_fma: 3392.3196786153458
  CPU_avx: 2551.270973523835
  CPU_avx512: 3456.0260934507505
  m_CPU_enc_SHA: 2546857828.8452411
  m_CPU_enc_AES: 3280755892.6306343
  m_CPU_enc_ECDSA: 1784268226.3033228
  ME_ALLOC_S: 1117.6081465530078
  ME_READ_S: 30138.979101562501
  ME_READ_L: 19313.859375
  ME_WRITE: 8329.556640625
  ME_LARGE: 3350
  ME_LATENCY: 76.932225426260501
  ME_THREADED: 24797.466796875
  SUMM_CPU: 4221.9089383566707
  SUMM_ME: 1710.4366080769034
SystemInformation:
  OSName: Ubuntu 24.04.4 LTS
  Kernel: 6.17.0-1018-azure
  Device: ""
  Processor: Intel(R) Xeon(R) 6973P-C
  NumSockets: 1
  Manufacturer: GenuineIntel
  NumCores: 1
  NumLogicals: 2
  CPUFrequency: 2600
  CPUMaxFrequency: 2600
  Memory: 7937
  CPUInfo:
    number: 1
    Family: 6
    Model: 13
    stepping: 1
    features: 529267711
    manufacture: GenuineIntel
    typestring: Intel(R) Xeon(R) 6973P-C
    iCoresPerPackage: 1
    iThreadsPerPackage: 2
    featuresEx:
      - 529267711
      - 4294586915
      - 739248128
    bHybrid: false
    nPCore: 0
    nLogicalsPerPCore: 0
    nECore: 0
    nLogicalsPerECore: 0
  MemModuleInfo:
    iNumMemSticks: 2
    DIMM 1:
      manufacturer: Microsoft Corporation
      modulePartNo: None
      memType: Unknown
      size: 1
      clkspeed: 0
      moduleVoltage: 0
    DIMM 2:
      manufacturer: Microsoft Corporation
      modulePartNo: None
      memType: Unknown
      size: 7
      clkspeed: 0
      moduleVoltage: 0
Checksum: 417D8B91A5096C432702832FC6534EFCF9DE942A