---
system-info:
      stress-ng-version: 0.17.08
      run-by: root
      date-yyyy-mm-dd: 2024:07:12
      time-hh-mm-ss: 12:04:27
      epoch-secs: 1720785867
      hostname: ip-172-31-3-121
      sysname: Linux
      nodename: ip-172-31-3-121
      release: 6.8.0-1010-aws
      version: '#10-Ubuntu SMP Thu Jun 13 17:36:15 UTC 2024'
      machine: x86_64
      compiler: 'musl-gcc 13.2.1'
      uptime: 454
      totalram: 515432792064
      freeram: 507804209152
      sharedram: 48738304
      bufferram: 133234688
      totalswap: 0
      freeswap: 0
      pagesize: 4096
      cpus: 32
      cpus-online: 32
      ticks-per-second: 100

metrics:
    - stressor: cpu
      bogo-ops: 17652
      bogo-ops-per-second-usr-sys-time: 882.607679
      bogo-ops-per-second-real-time: 882.590121
      wall-clock-time: 20.000224
      user-time: 19.999826
      system-time: 0.000000
      cpu-usage-per-instance: 99.998011
      max-rss: 1032

...
