BaselineInfo:
  WebDBID: -1
  TimeStamp: 20260714184205
Version:
  Major: 11
  Minor: 0
  Build: 1004
  SpecialBuildName: ""
  ptArchitecture: x86_64_linux
Results:
  Results Complete: true
  NumTestProcesses: 3
  CPU_INTEGER_MATH: 14514.151333333333
  CPU_FLOATINGPOINT_MATH: 11222.19008938859
  CPU_PRIME: 45.564558192173891
  CPU_SORTING: 8591.305516055334
  CPU_ENCRYPTION: 1786.9758958495204
  CPU_COMPRESSION: 62019.350438871232
  CPU_SINGLETHREAD: 2193.9037508999527
  CPU_PHYSICS: 766.16213108954491
  CPU_MATRIX_MULT_SSE: 5245.9714975639254
  CPU_mm: 661.95156192108368
  CPU_sse: 2126.725151259714
  CPU_fma: 6199.381294331858
  CPU_avx: 4760.1774204446601
  CPU_avx512: 7897.6021242194693
  m_CPU_enc_SHA: 887667962.82578492
  m_CPU_enc_AES: 3946577384.3009377
  m_CPU_enc_ECDSA: 787094763.77219796
  ME_ALLOC_S: 2593.1763264695119
  ME_READ_S: 22563.489062500001
  ME_READ_L: 9402.98046875
  ME_WRITE: 8859.1787109375
  ME_LARGE: 21871.333333333332
  ME_LATENCY: 62.449252450769883
  ME_THREADED: 25075.51025390625
  SUMM_CPU: 5544.2352042831153
  SUMM_ME: 2027.8589129677255
SystemInformation:
  OSName: Ubuntu 24.04.4 LTS
  Kernel: 6.8.0-134-generic
  Device: ""
  Processor: Intel Xeon Processor (Cascadelake)
  NumSockets: 1
  Manufacturer: GenuineIntel
  NumCores: 3
  NumLogicals: 3
  CPUFrequency: 743
  CPUMaxFrequency: 2696
  Memory: 32091
  CPUInfo:
    number: 1
    Family: 6
    Model: 5
    stepping: 6
    features: 395049983
    manufacture: GenuineIntel
    typestring: Intel Xeon Processor (Cascadelake)
    iCoresPerPackage: 3
    iThreadsPerPackage: 1
    featuresEx:
      - 395049983
      - 4294586883
      - 739248128
    bHybrid: false
    nPCore: 0
    nLogicalsPerPCore: 0
    nECore: 0
    nLogicalsPerECore: 0
  MemModuleInfo:
    iNumMemSticks: 2
    DIMM 1:
      manufacturer: QEMU
      modulePartNo: Not Specified
      memType: RAM
      size: 16
      clkspeed: 0
      moduleVoltage: 0
    DIMM 2:
      manufacturer: QEMU
      modulePartNo: Not Specified
      memType: RAM
      size: 16
      clkspeed: 0
      moduleVoltage: 0
Checksum: 0218B5C61D4BF0BE609672062E6F71E5E085475D