BaselineInfo:
  WebDBID: -1
  TimeStamp: 20260612135553
Version:
  Major: 11
  Minor: 0
  Build: 1004
  SpecialBuildName: ""
  ptArchitecture: x86_64_linux
Results:
  Results Complete: true
  NumTestProcesses: 3
  CPU_INTEGER_MATH: 14686.184333333333
  CPU_FLOATINGPOINT_MATH: 11884.363717431259
  CPU_PRIME: 45.461829584660052
  CPU_SORTING: 8694.1045948330939
  CPU_ENCRYPTION: 1796.2062050045138
  CPU_COMPRESSION: 62316.07968198647
  CPU_SINGLETHREAD: 2240.7985271252023
  CPU_PHYSICS: 789.3725571342427
  CPU_MATRIX_MULT_SSE: 4193.8399323928943
  CPU_mm: 677.5188240924374
  CPU_sse: 2198.2697175341718
  CPU_fma: 6227.3362658957512
  CPU_avx: 4155.9138137487607
  CPU_avx512: 0
  m_CPU_enc_SHA: 893738194.03228652
  m_CPU_enc_AES: 3967922915.5620031
  m_CPU_enc_ECDSA: 788715043.26214933
  ME_ALLOC_S: 2886.7354876020217
  ME_READ_S: 22974.408984375001
  ME_READ_L: 10990.2421875
  ME_WRITE: 10437.970703125
  ME_LARGE: 23866.583333333332
  ME_LATENCY: 54.879713418483071
  ME_THREADED: 31836.658203125
  SUMM_CPU: 5490.0814529190893
  SUMM_ME: 2299.5958554867866
SystemInformation:
  OSName: Ubuntu 24.04.4 LTS
  Kernel: 6.8.0-124-generic
  Device: ""
  Processor: Intel Core Processor (Broadwell, no TSX, IBRS)
  NumSockets: 1
  Manufacturer: GenuineIntel
  NumCores: 3
  NumLogicals: 3
  CPUFrequency: 7
  CPUMaxFrequency: 832
  Memory: 32091
  CPUInfo:
    number: 1
    Family: 6
    Model: 13
    stepping: 2
    features: 395049983
    manufacture: GenuineIntel
    typestring: Intel Core Processor (Broadwell, no TSX, IBRS)
    iCoresPerPackage: 3
    iThreadsPerPackage: 1
    featuresEx:
      - 395049983
      - 4294586883
      - 672139264
    bHybrid: false
    nPCore: 0
    nLogicalsPerPCore: 0
    nECore: 0
    nLogicalsPerECore: 0
  MemModuleInfo:
    iNumMemSticks: 2
    DIMM 1:
      manufacturer: QEMU
      modulePartNo: Not Specified
      memType: RAM
      size: 16
      clkspeed: 0
      moduleVoltage: 0
    DIMM 2:
      manufacturer: QEMU
      modulePartNo: Not Specified
      memType: RAM
      size: 16
      clkspeed: 0
      moduleVoltage: 0
Checksum: F9A07C97F133FB393CF7CE8DCEE5F52450408D46