BaselineInfo:
  WebDBID: -1
  TimeStamp: 20260714212931
Version:
  Major: 11
  Minor: 0
  Build: 1004
  SpecialBuildName: ""
  ptArchitecture: x86_64_linux
Results:
  Results Complete: true
  NumTestProcesses: 3
  CPU_INTEGER_MATH: 14667.819
  CPU_FLOATINGPOINT_MATH: 11261.259055777529
  CPU_PRIME: 45.332245265810677
  CPU_SORTING: 8595.933343429062
  CPU_ENCRYPTION: 1794.9676793806561
  CPU_COMPRESSION: 62528.169140413796
  CPU_SINGLETHREAD: 2170.5247360042777
  CPU_PHYSICS: 775.15052036409054
  CPU_MATRIX_MULT_SSE: 5297.6600689721881
  CPU_mm: 667.82800745936515
  CPU_sse: 2185.793115033659
  CPU_fma: 6249.2348429378653
  CPU_avx: 4827.6569808821932
  CPU_avx512: 7927.9553370350368
  m_CPU_enc_SHA: 891052724.9098537
  m_CPU_enc_AES: 3965963752.6128159
  m_CPU_enc_ECDSA: 789463610.60008264
  ME_ALLOC_S: 2422.2005355386964
  ME_READ_S: 22143.764453125001
  ME_READ_L: 8509.5361328125
  ME_WRITE: 8123.9931640625
  ME_LARGE: 22074.333333333332
  ME_LATENCY: 80.424286598367573
  ME_THREADED: 24070.7529296875
  SUMM_CPU: 5574.7456365201888
  SUMM_ME: 1768.5206474686743
SystemInformation:
  OSName: Ubuntu 24.04.4 LTS
  Kernel: 6.8.0-134-generic
  Device: ""
  Processor: Intel Xeon Processor (Cascadelake)
  NumSockets: 1
  Manufacturer: GenuineIntel
  NumCores: 3
  NumLogicals: 3
  CPUFrequency: 743
  CPUMaxFrequency: 2696
  Memory: 32091
  CPUInfo:
    number: 1
    Family: 6
    Model: 5
    stepping: 6
    features: 395049983
    manufacture: GenuineIntel
    typestring: Intel Xeon Processor (Cascadelake)
    iCoresPerPackage: 3
    iThreadsPerPackage: 1
    featuresEx:
      - 395049983
      - 4294586883
      - 739248128
    bHybrid: false
    nPCore: 0
    nLogicalsPerPCore: 0
    nECore: 0
    nLogicalsPerECore: 0
  MemModuleInfo:
    iNumMemSticks: 2
    DIMM 1:
      manufacturer: QEMU
      modulePartNo: Not Specified
      memType: RAM
      size: 16
      clkspeed: 0
      moduleVoltage: 0
    DIMM 2:
      manufacturer: QEMU
      modulePartNo: Not Specified
      memType: RAM
      size: 16
      clkspeed: 0
      moduleVoltage: 0
Checksum: 1C5C46644D5EFD43A3EAAF0E82759B58474C5D44