BaselineInfo:
  WebDBID: -1
  TimeStamp: 20241110153319
Version:
  Major: 11
  Minor: 0
  Build: 1002
  SpecialBuildName: ""
  ptArchitecture: x86_64_linux
Results:
  Results Complete: true
  NumTestProcesses: 192
  CPU_INTEGER_MATH: 1156873.8816666668
  CPU_FLOATINGPOINT_MATH: 997924.20558911213
  CPU_PRIME: 2981.8279401632499
  CPU_SORTING: 558751.83194889291
  CPU_ENCRYPTION: 240137.36183979228
  CPU_COMPRESSION: 3893262.5909964228
  CPU_SINGLETHREAD: 2886.7916110977148
  CPU_PHYSICS: 38291.819760695507
  CPU_MATRIX_MULT_SSE: 304118.73902694252
  CPU_mm: 34863.313052893529
  CPU_sse: 147961.73569623858
  CPU_fma: 396660.07201162173
  CPU_avx: 336223.43088091561
  CPU_avx512: 335629.71751899441
  m_CPU_enc_SHA: 338806549049.63226
  m_CPU_enc_AES: 218497029461.67685
  m_CPU_enc_ECDSA: 198103244474.25696
  ME_ALLOC_S: 31309.616967537288
  ME_READ_S: 27832.197070312501
  ME_READ_L: 27029.1953125
  ME_WRITE: 25681.40234375
  ME_LARGE: 364175.58333333331
  ME_LATENCY: 75.836634854980488
  ME_THREADED: 727103.67651367188
  SUMM_CPU: 143265.89759681612
  SUMM_ME: 2904.0970265703882
SystemInformation:
  OSName: Ubuntu 24.04.1 LTS
  Kernel: 6.8.0-1016-aws
  Device: ""
  Processor: AMD EPYC 9R14
  NumSockets: 2
  Manufacturer: AuthenticAMD
  NumCores: 192
  NumLogicals: 192
  CPUFrequency: 0
  Memory: 378761
  MemModuleInfo:
    iNumMemSticks: 2
    DIMM 1:
      manufacturer: Not Specified
      modulePartNo: Not Specified
      memType: DDR5
      size: 192
      clkspeed: 2400
      moduleVoltage: 0
    DIMM 2:
      manufacturer: Not Specified
      modulePartNo: Not Specified
      memType: DDR5
      size: 192
      clkspeed: 2400
      moduleVoltage: 0
Checksum: AC05F794270079EC79E80DD9A36D6D058FEE30E8