BaselineInfo:
  WebDBID: -1
  TimeStamp: 20250916032153
Version:
  Major: 11
  Minor: 0
  Build: 1002
  SpecialBuildName: ""
  ptArchitecture: aarch64_linux
Results:
  Results Complete: true
  NumTestProcesses: 32
  CPU_INTEGER_MATH: 166998.106
  CPU_FLOATINGPOINT_MATH: 193990.10894709607
  CPU_PRIME: 401.03999504534755
  CPU_SORTING: 147816.7415238726
  CPU_ENCRYPTION: 6027.2556725928416
  CPU_COMPRESSION: 212531.31421792298
  CPU_SINGLETHREAD: 1943.5575336077945
  CPU_PHYSICS: 9127.8323862615998
  CPU_MATRIX_MULT_SSE: 29484.845592093148
  CPU_mm: 3638.049808475736
  CPU_sse: 23191.344356894118
  CPU_fma: 35778.346827292189
  CPU_avx: 0
  CPU_avx512: 0
  m_CPU_enc_SHA: 9398316650.1859989
  m_CPU_enc_AES: 3440546710.9486399
  m_CPU_enc_ECDSA: 6121243571.2994986
  ME_ALLOC_S: 47350.515800830603
  ME_READ_S: 21054.704882812501
  ME_READ_L: 19837.734375
  ME_WRITE: 21163.123046875
  ME_LARGE: 241495.33333333334
  ME_LATENCY: 46.107547393538596
  ME_THREADED: 396343.5048828125
  SUMM_CPU: 26314.341908342321
  SUMM_ME: 3396.3677543474837
SystemInformation:
  OSName: Ubuntu 24.04.2 LTS
  Kernel: 6.14.0-1012-aws
  Device: ""
  Processor: ARM Neoverse-V2 32 Core 0 MHz
  NumSockets: 1
  Manufacturer: ARM
  NumCores: 32
  NumLogicals: 32
  CPUFrequency: 0
  Memory: 253163
Checksum: 00CB3B57E1064779DA5732F99CF5D904AD1CCBD4