---
system-info:
      stress-ng-version: 0.17.08
      run-by: root
      date-yyyy-mm-dd: 2024:09:22
      time-hh-mm-ss: 12:58:18
      epoch-secs: 1727009898
      hostname: sc-runner
      sysname: Linux
      nodename: sc-runner
      release: 6.8.0-1014-azure
      version: '#16-Ubuntu SMP Thu Aug 15 20:04:41 UTC 2024'
      machine: x86_64
      compiler: 'musl-gcc 13.2.1'
      uptime: 348
      totalram: 168987693056
      freeram: 157579886592
      sharedram: 172392448
      bufferram: 267403264
      totalswap: 0
      freeswap: 0
      pagesize: 4096
      cpus: 20
      cpus-online: 20
      ticks-per-second: 100

metrics:
    - stressor: cpu
      bogo-ops: 54060
      bogo-ops-per-second-usr-sys-time: 2703.042438
      bogo-ops-per-second-real-time: 2702.988980
      wall-clock-time: 20.000082
      user-time: 19.998687
      system-time: 0.000999
      cpu-usage-per-instance: 99.998022
      max-rss: 3028

...
