---
system-info:
      stress-ng-version: 0.17.08
      run-by: root
      date-yyyy-mm-dd: 2024:06:12
      time-hh-mm-ss: 20:57:21
      epoch-secs: 1718225841
      hostname: 1f1153360ad2
      sysname: Linux
      nodename: 1f1153360ad2
      release: 6.8.0-1008-aws
      version: '#8-Ubuntu SMP Sat Apr 20 00:46:25 UTC 2024'
      machine: x86_64
      compiler: 'musl-gcc 13.2.1'
      uptime: 162
      totalram: 202403540992
      freeram: 196436488192
      sharedram: 78192640
      bufferram: 112521216
      totalswap: 0
      freeswap: 0
      pagesize: 4096
      cpus: 96
      cpus-online: 96
      ticks-per-second: 100

metrics:
    - stressor: cpu
      bogo-ops: 32538
      bogo-ops-per-second-usr-sys-time: 1626.897153
      bogo-ops-per-second-real-time: 1626.899088
      wall-clock-time: 20.000011
      user-time: 20.000035
      system-time: 0.000000
      cpu-usage-per-instance: 100.000119
      max-rss: 768

...
