---
system-info:
      stress-ng-version: 0.17.08
      run-by: root
      date-yyyy-mm-dd: 2024:06:05
      time-hh-mm-ss: 21:59:11
      epoch-secs: 1717624751
      hostname: fc53f3f6777e
      sysname: Linux
      nodename: fc53f3f6777e
      release: 6.8.0-1008-aws
      version: '#8-Ubuntu SMP Sat Apr 20 00:46:25 UTC 2024'
      machine: x86_64
      compiler: 'musl-gcc 13.2.1'
      uptime: 121
      totalram: 202403540992
      freeram: 196746440704
      sharedram: 78192640
      bufferram: 79843328
      totalswap: 0
      freeswap: 0
      pagesize: 4096
      cpus: 96
      cpus-online: 96
      ticks-per-second: 100

metrics:
    - stressor: cpu
      bogo-ops: 17594
      bogo-ops-per-second-usr-sys-time: 1759.229531
      bogo-ops-per-second-real-time: 1759.218345
      wall-clock-time: 10.001033
      user-time: 10.000969
      system-time: 0.000000
      cpu-usage-per-instance: 99.999364
      max-rss: 3072

...
