---
system-info:
      stress-ng-version: 0.17.08
      run-by: root
      date-yyyy-mm-dd: 2024:06:10
      time-hh-mm-ss: 16:56:48
      epoch-secs: 1718038608
      hostname: 611b7846e548
      sysname: Linux
      nodename: 611b7846e548
      release: 6.8.0-1008-aws
      version: '#8-Ubuntu SMP Sat Apr 20 02:43:14 UTC 2024'
      machine: aarch64
      compiler: 'musl-gcc 13.2.1'
      uptime: 169
      totalram: 16434503680
      freeram: 11768442880
      sharedram: 35020800
      bufferram: 122294272
      totalswap: 0
      freeswap: 0
      pagesize: 4096
      cpus: 8
      cpus-online: 8
      ticks-per-second: 100

metrics:
    - stressor: cpu
      bogo-ops: 23493
      bogo-ops-per-second-usr-sys-time: 293.050172
      bogo-ops-per-second-real-time: 2338.455266
      wall-clock-time: 10.046376
      user-time: 80.153171
      system-time: 0.013989
      cpu-usage-per-instance: 99.746370
      max-rss: 4136

...
