---
system-info:
      stress-ng-version: 0.17.08
      run-by: root
      date-yyyy-mm-dd: 2024:06:17
      time-hh-mm-ss: 20:07:46
      epoch-secs: 1718654866
      hostname: b23c27da8b02
      sysname: Linux
      nodename: b23c27da8b02
      release: 6.8.0-1009-aws
      version: '#9-Ubuntu SMP Fri May 17 20:15:49 UTC 2024'
      machine: aarch64
      compiler: 'musl-gcc 13.2.1'
      uptime: 188
      totalram: 16434302976
      freeram: 11961131008
      sharedram: 35024896
      bufferram: 121126912
      totalswap: 0
      freeswap: 0
      pagesize: 4096
      cpus: 8
      cpus-online: 8
      ticks-per-second: 100

metrics:
    - stressor: cpu
      bogo-ops: 242604
      bogo-ops-per-second-usr-sys-time: 1519.526778
      bogo-ops-per-second-real-time: 12130.141237
      wall-clock-time: 20.000097
      user-time: 159.651605
      system-time: 0.005996
      cpu-usage-per-instance: 99.785517
      max-rss: 1192

...
