---
system-info:
      stress-ng-version: 0.17.08
      run-by: root
      date-yyyy-mm-dd: 2024:09:22
      time-hh-mm-ss: 06:23:21
      epoch-secs: 1726986201
      hostname: sc-runner
      sysname: Linux
      nodename: sc-runner
      release: 6.8.0-1014-azure
      version: '#16-Ubuntu SMP Thu Aug 15 20:04:41 UTC 2024'
      machine: x86_64
      compiler: 'musl-gcc 13.2.1'
      uptime: 328
      totalram: 135069114368
      freeram: 124658466816
      sharedram: 38129664
      bufferram: 269877248
      totalswap: 0
      freeswap: 0
      pagesize: 4096
      cpus: 8
      cpus-online: 8
      ticks-per-second: 100

metrics:
    - stressor: cpu
      bogo-ops: 54044
      bogo-ops-per-second-usr-sys-time: 2702.204999
      bogo-ops-per-second-real-time: 2702.185826
      wall-clock-time: 20.000105
      user-time: 19.998964
      system-time: 0.000999
      cpu-usage-per-instance: 99.999290
      max-rss: 3152

...
