---
system-info:
      stress-ng-version: 0.17.08
      run-by: root
      date-yyyy-mm-dd: 2024:07:09
      time-hh-mm-ss: 17:17:11
      epoch-secs: 1720545431
      hostname: ip-172-31-13-154
      sysname: Linux
      nodename: ip-172-31-13-154
      release: 6.8.0-1009-aws
      version: '#9-Ubuntu SMP Fri May 17 20:15:49 UTC 2024'
      machine: aarch64
      compiler: 'musl-gcc 13.2.1'
      uptime: 164
      totalram: 33024110592
      freeram: 27926589440
      sharedram: 39256064
      bufferram: 133320704
      totalswap: 0
      freeswap: 0
      pagesize: 4096
      cpus: 4
      cpus-online: 4
      ticks-per-second: 100

metrics:
    - stressor: cpu
      bogo-ops: 136299
      bogo-ops-per-second-usr-sys-time: 1706.439669
      bogo-ops-per-second-real-time: 6814.930705
      wall-clock-time: 20.000057
      user-time: 79.871321
      system-time: 0.001998
      cpu-usage-per-instance: 99.841366
      max-rss: 1192

...
