BaselineInfo:
  WebDBID: -1
  TimeStamp: 20241109221822
Version:
  Major: 11
  Minor: 0
  Build: 1002
  SpecialBuildName: ""
  ptArchitecture: x86_64_linux
Results:
  Results Complete: true
  NumTestProcesses: 64
  CPU_INTEGER_MATH: 269249.06366666674
  CPU_FLOATINGPOINT_MATH: 137673.56073575572
  CPU_PRIME: 370.30123939544353
  CPU_SORTING: 137005.61806048171
  CPU_ENCRYPTION: 58515.204700863374
  CPU_COMPRESSION: 979337.25711202447
  CPU_SINGLETHREAD: 2387.7241540749055
  CPU_PHYSICS: 6402.1451323643314
  CPU_MATRIX_MULT_SSE: 57082.299294415614
  CPU_mm: 5798.2136934599703
  CPU_sse: 25549.311160968737
  CPU_fma: 70156.038542258219
  CPU_avx: 51809.664866553845
  CPU_avx512: 80814.182607881667
  m_CPU_enc_SHA: 59082030397.181679
  m_CPU_enc_AES: 88934467156.207428
  m_CPU_enc_ECDSA: 36056420299.848495
  ME_ALLOC_S: 30058.749939710939
  ME_READ_S: 23503.315820312499
  ME_READ_L: 10839.46484375
  ME_WRITE: 10029.3662109375
  ME_LARGE: 503583.66666666669
  ME_LATENCY: 55.660512786734422
  ME_THREADED: 212109.7421875
  SUMM_CPU: 60539.427433361692
  SUMM_ME: 2649.6761068025926
SystemInformation:
  OSName: Ubuntu 24.04.1 LTS
  Kernel: 6.8.0-1017-azure
  Device: ""
  Processor: Intel Xeon Platinum 8370C CPU @ 2.80GHz
  NumSockets: 2
  Manufacturer: GenuineIntel
  NumCores: 32
  NumLogicals: 64
  CPUFrequency: 2800
  Memory: 515957
  MemModuleInfo:
    iNumMemSticks: 4
    DIMM 1:
      manufacturer: Microsoft Corporation
      modulePartNo: None
      memType: Unknown
      size: 1
      clkspeed: 0
      moduleVoltage: 0
    DIMM 2:
      manufacturer: Microsoft Corporation
      modulePartNo: None
      memType: Unknown
      size: 59
      clkspeed: 0
      moduleVoltage: 0
    DIMM 3:
      manufacturer: Microsoft Corporation
      modulePartNo: None
      memType: Unknown
      size: 196
      clkspeed: 0
      moduleVoltage: 0
    DIMM 4:
      manufacturer: Microsoft Corporation
      modulePartNo: None
      memType: Unknown
      size: 256
      clkspeed: 0
      moduleVoltage: 0
Checksum: C37A285B2320AE63DD3D8345B8973E769CABB92E