BaselineInfo:
  WebDBID: -1
  TimeStamp: 20260407101825
Version:
  Major: 11
  Minor: 0
  Build: 1004
  SpecialBuildName: ""
  ptArchitecture: x86_64_linux
Results:
  Results Complete: true
  NumTestProcesses: 16
  CPU_INTEGER_MATH: 55910.251666666671
  CPU_FLOATINGPOINT_MATH: 29973.42895791537
  CPU_PRIME: 97.042868946098068
  CPU_SORTING: 33993.799883400439
  CPU_ENCRYPTION: 7732.2133598971841
  CPU_COMPRESSION: 258795.71470863823
  CPU_SINGLETHREAD: 2339.424696388201
  CPU_PHYSICS: 1681.5610136022815
  CPU_MATRIX_MULT_SSE: 14814.699592866878
  CPU_mm: 1700.4084863089051
  CPU_sse: 6084.9977365837176
  CPU_fma: 18034.377650978538
  CPU_avx: 12744.95391727268
  CPU_avx512: 22394.469066632584
  m_CPU_enc_SHA: 2527848228.9157834
  m_CPU_enc_AES: 19506635029.60474
  m_CPU_enc_ECDSA: 2288956809.682126
  ME_ALLOC_S: 6071.770584854431
  ME_READ_S: 26206.842187499999
  ME_READ_L: 9131.70703125
  ME_WRITE: 9941.9619140625
  ME_LARGE: 113014.91666666667
  ME_LATENCY: 48.186083292598397
  ME_THREADED: 83393.849609375
  SUMM_CPU: 18104.290235434139
  SUMM_ME: 2631.0131204368195
SystemInformation:
  OSName: Ubuntu 24.04.4 LTS
  Kernel: 6.8.0-106-generic
  Device: ""
  Processor: Intel(R) Xeon(R) Platinum 8369HB CPU @ 3.30GHz
  NumSockets: 1
  Manufacturer: GenuineIntel
  NumCores: 8
  NumLogicals: 16
  CPUFrequency: 3300
  CPUMaxFrequency: 4200
  Memory: 126267
  CPUInfo:
    number: 1
    Family: 6
    Model: 5
    stepping: 11
    features: 529267711
    manufacture: GenuineIntel
    typestring: Intel(R) Xeon(R) Platinum 8369HB CPU @ 3.30GHz
    iCoresPerPackage: 8
    iThreadsPerPackage: 2
    featuresEx:
      - 529267711
      - 4277809667
      - 739248128
    bHybrid: false
    nPCore: 0
    nLogicalsPerPCore: 0
    nECore: 0
    nLogicalsPerECore: 0
  MemModuleInfo:
    iNumMemSticks: 8
    DIMM 1:
      manufacturer: Alibaba Cloud
      modulePartNo: Not Specified
      memType: RAM
      size: 16
      clkspeed: 0
      moduleVoltage: 0
    DIMM 2:
      manufacturer: Alibaba Cloud
      modulePartNo: Not Specified
      memType: RAM
      size: 16
      clkspeed: 0
      moduleVoltage: 0
    DIMM 3:
      manufacturer: Alibaba Cloud
      modulePartNo: Not Specified
      memType: RAM
      size: 16
      clkspeed: 0
      moduleVoltage: 0
    DIMM 4:
      manufacturer: Alibaba Cloud
      modulePartNo: Not Specified
      memType: RAM
      size: 16
      clkspeed: 0
      moduleVoltage: 0
    DIMM 5:
      manufacturer: Alibaba Cloud
      modulePartNo: Not Specified
      memType: RAM
      size: 16
      clkspeed: 0
      moduleVoltage: 0
    DIMM 6:
      manufacturer: Alibaba Cloud
      modulePartNo: Not Specified
      memType: RAM
      size: 16
      clkspeed: 0
      moduleVoltage: 0
    DIMM 7:
      manufacturer: Alibaba Cloud
      modulePartNo: Not Specified
      memType: RAM
      size: 16
      clkspeed: 0
      moduleVoltage: 0
    DIMM 8:
      manufacturer: Alibaba Cloud
      modulePartNo: Not Specified
      memType: RAM
      size: 16
      clkspeed: 0
      moduleVoltage: 0
Checksum: C3C2F6FA8C9A25A4226E210E2136F16D501AE5B4