---
system-info:
      stress-ng-version: 0.17.08
      run-by: root
      date-yyyy-mm-dd: 2024:06:08
      time-hh-mm-ss: 01:19:45
      epoch-secs: 1717809585
      hostname: 9ddec9c2bf15
      sysname: Linux
      nodename: 9ddec9c2bf15
      release: 6.8.0-1008-aws
      version: '#8-Ubuntu SMP Sat Apr 20 00:46:25 UTC 2024'
      machine: x86_64
      compiler: 'musl-gcc 13.2.1'
      uptime: 137
      totalram: 803068559360
      freeram: 797128175616
      sharedram: 78606336
      bufferram: 97583104
      totalswap: 0
      freeswap: 0
      pagesize: 4096
      cpus: 96
      cpus-online: 96
      ticks-per-second: 100

metrics:
    - stressor: cpu
      bogo-ops: 14943
      bogo-ops-per-second-usr-sys-time: 1494.359924
      bogo-ops-per-second-real-time: 1494.298219
      wall-clock-time: 10.000012
      user-time: 9.998600
      system-time: 0.000999
      cpu-usage-per-instance: 99.995871
      max-rss: 3072

...
