---
system-info:
      stress-ng-version: 0.17.08
      run-by: root
      date-yyyy-mm-dd: 2024:06:13
      time-hh-mm-ss: 15:23:01
      epoch-secs: 1718292181
      hostname: 13f0bd2d1605
      sysname: Linux
      nodename: 13f0bd2d1605
      release: 6.8.0-1008-aws
      version: '#8-Ubuntu SMP Sat Apr 20 00:46:25 UTC 2024'
      machine: x86_64
      compiler: 'musl-gcc 13.2.1'
      uptime: 157
      totalram: 803068600320
      freeram: 797274284032
      sharedram: 78606336
      bufferram: 108257280
      totalswap: 0
      freeswap: 0
      pagesize: 4096
      cpus: 96
      cpus-online: 96
      ticks-per-second: 100

metrics:
    - stressor: cpu
      bogo-ops: 27609
      bogo-ops-per-second-usr-sys-time: 1380.476298
      bogo-ops-per-second-real-time: 1380.450099
      wall-clock-time: 19.999999
      user-time: 19.999619
      system-time: 0.000000
      cpu-usage-per-instance: 99.998102
      max-rss: 768

...
