BaselineInfo:
  WebDBID: -1
  TimeStamp: 20250526180052
Version:
  Major: 11
  Minor: 0
  Build: 1002
  SpecialBuildName: ""
  ptArchitecture: x86_64_linux
Results:
  Results Complete: true
  NumTestProcesses: 4
  CPU_INTEGER_MATH: 21258.678
  CPU_FLOATINGPOINT_MATH: 15076.650750229834
  CPU_PRIME: 41.966304181884361
  CPU_SORTING: 10763.802565451158
  CPU_ENCRYPTION: 4725.8980028915721
  CPU_COMPRESSION: 78855.546733068681
  CPU_SINGLETHREAD: 3244.7095591610364
  CPU_PHYSICS: 1011.5105816128469
  CPU_MATRIX_MULT_SSE: 6109.4084354475435
  CPU_mm: 601.65853464740428
  CPU_sse: 2599.9102314558941
  CPU_fma: 7038.5613690748851
  CPU_avx: 5326.3258739142238
  CPU_avx512: 9472.8362673451702
  m_CPU_enc_SHA: 4953780608.118454
  m_CPU_enc_AES: 6440064382.2711458
  m_CPU_enc_ECDSA: 3472544682.4504991
  ME_ALLOC_S: 3100.8004687028897
  ME_READ_S: 29008.625585937501
  ME_READ_L: 10344.919921875
  ME_WRITE: 9475.07421875
  ME_LARGE: 159486
  ME_LATENCY: 58.309972888593258
  ME_THREADED: 32269.5927734375
  SUMM_CPU: 8179.5628392048156
  SUMM_ME: 2354.7067655248129
SystemInformation:
  OSName: Ubuntu 24.04.2 LTS
  Kernel: 6.11.0-1015-azure
  Device: ""
  Processor: INTEL XEON PLATINUM 8573C
  NumSockets: 1
  Manufacturer: GenuineIntel
  NumCores: 2
  NumLogicals: 4
  CPUFrequency: 2300
  Memory: 169041
  MemModuleInfo:
    iNumMemSticks: 3
    DIMM 1:
      manufacturer: Microsoft Corporation
      modulePartNo: None
      memType: Unknown
      size: 1
      clkspeed: 0
      moduleVoltage: 0
    DIMM 2:
      manufacturer: Microsoft Corporation
      modulePartNo: None
      memType: Unknown
      size: 59
      clkspeed: 0
      moduleVoltage: 0
    DIMM 3:
      manufacturer: Microsoft Corporation
      modulePartNo: None
      memType: Unknown
      size: 108
      clkspeed: 0
      moduleVoltage: 0
Checksum: A8E4FFF75CFB98A0CE822E1EA006FF1852F611C0