BaselineInfo:
  WebDBID: -1
  TimeStamp: 20241108193051
Version:
  Major: 11
  Minor: 0
  Build: 1002
  SpecialBuildName: ""
  ptArchitecture: x86_64_linux
Results:
  Results Complete: true
  NumTestProcesses: 16
  CPU_INTEGER_MATH: 80504.746333333329
  CPU_FLOATINGPOINT_MATH: 57182.012688251816
  CPU_PRIME: 163.81309523697743
  CPU_SORTING: 40756.385296866327
  CPU_ENCRYPTION: 17609.883632730249
  CPU_COMPRESSION: 296568.97568903473
  CPU_SINGLETHREAD: 3144.3175993326627
  CPU_PHYSICS: 3648.3904531601634
  CPU_MATRIX_MULT_SSE: 22139.796357110459
  CPU_mm: 2273.8936274657935
  CPU_sse: 9907.1932489385235
  CPU_fma: 24423.604994375281
  CPU_avx: 19849.391535342242
  CPU_avx512: 34378.9956497858
  m_CPU_enc_SHA: 18651794233.509823
  m_CPU_enc_AES: 24350069935.833733
  m_CPU_enc_ECDSA: 12394039850.877693
  ME_ALLOC_S: 9189.912544085244
  ME_READ_S: 28292.364453124999
  ME_READ_L: 10724.62109375
  ME_WRITE: 9523.8408203125
  ME_LARGE: 118504.83333333333
  ME_LATENCY: 70.578521982241057
  ME_THREADED: 106817.2138671875
  SUMM_CPU: 27919.154745836622
  SUMM_ME: 2362.2331082547689
SystemInformation:
  OSName: Ubuntu 24.04.1 LTS
  Kernel: 6.8.0-1017-azure
  Device: ""
  Processor: Intel Xeon Platinum 8473C
  NumSockets: 1
  Manufacturer: GenuineIntel
  NumCores: 8
  NumLogicals: 16
  CPUFrequency: 2100
  Memory: 128808
  MemModuleInfo:
    iNumMemSticks: 3
    DIMM 1:
      manufacturer: Microsoft Corporation
      modulePartNo: None
      memType: Unknown
      size: 1
      clkspeed: 0
      moduleVoltage: 0
    DIMM 2:
      manufacturer: Microsoft Corporation
      modulePartNo: None
      memType: Unknown
      size: 59
      clkspeed: 0
      moduleVoltage: 0
    DIMM 3:
      manufacturer: Microsoft Corporation
      modulePartNo: None
      memType: Unknown
      size: 68
      clkspeed: 0
      moduleVoltage: 0
Checksum: 91EC8F2932C718B8B5C9627ACDDF75BEAC76CF20