BaselineInfo:
  WebDBID: -1
  TimeStamp: 20241107211721
Version:
  Major: 11
  Minor: 0
  Build: 1002
  SpecialBuildName: ""
  ptArchitecture: x86_64_linux
Results:
  Results Complete: true
  NumTestProcesses: 16
  CPU_INTEGER_MATH: 39133.353999999999
  CPU_FLOATINGPOINT_MATH: 24124.330627216015
  CPU_PRIME: 61.745605199210843
  CPU_SORTING: 20318.727005458772
  CPU_ENCRYPTION: 5388.422316426957
  CPU_COMPRESSION: 177424.17714392388
  CPU_SINGLETHREAD: 1630.6183810651512
  CPU_PHYSICS: 1312.3099600135747
  CPU_MATRIX_MULT_SSE: 8812.0214462231888
  CPU_mm: 1215.4296291831408
  CPU_sse: 4542.5061683408348
  CPU_fma: 12909.607140666054
  CPU_avx: 8983.9510296626831
  CPU_avx512: 0
  m_CPU_enc_SHA: 1762892658.0910258
  m_CPU_enc_AES: 13605853076.837112
  m_CPU_enc_ECDSA: 1581765221.6810007
  ME_ALLOC_S: 4820.3280647148067
  ME_READ_S: 19404.045507812501
  ME_READ_L: 10105.6318359375
  ME_WRITE: 9434.0234375
  ME_LARGE: 5747.416666666667
  ME_LATENCY: 58.791787460647818
  ME_THREADED: 73276.41259765625
  SUMM_CPU: 12431.07248664996
  SUMM_ME: 2051.6791692714933
SystemInformation:
  OSName: Ubuntu 24.04.1 LTS
  Kernel: 6.8.0-1015-gcp
  Device: ""
  Processor: Intel Xeon CPU @ 2.20GHz
  NumSockets: 1
  Manufacturer: GenuineIntel
  NumCores: 8
  NumLogicals: 16
  CPUFrequency: 0
  Memory: 15986
  MemModuleInfo:
    iNumMemSticks: 1
    DIMM 1:
      manufacturer: ""
      modulePartNo: ""
      memType: RAM
      size: 16
      clkspeed: 0
      moduleVoltage: 0
Checksum: C6E88A6A08DFBACD41B193953736D5175CEB3F4D