---
system-info:
      stress-ng-version: 0.17.08
      run-by: root
      date-yyyy-mm-dd: 2024:06:09
      time-hh-mm-ss: 21:19:10
      epoch-secs: 1717967950
      hostname: c16fff907dbd
      sysname: Linux
      nodename: c16fff907dbd
      release: 6.8.0-1008-aws
      version: '#8-Ubuntu SMP Sat Apr 20 00:46:25 UTC 2024'
      machine: x86_64
      compiler: 'musl-gcc 13.2.1'
      uptime: 103
      totalram: 32912957440
      freeram: 28394512384
      sharedram: 20201472
      bufferram: 111980544
      totalswap: 0
      freeswap: 0
      pagesize: 4096
      cpus: 4
      cpus-online: 4
      ticks-per-second: 100

metrics:
    - stressor: cpu
      bogo-ops: 71364
      bogo-ops-per-second-usr-sys-time: 1791.322838
      bogo-ops-per-second-real-time: 7135.909931
      wall-clock-time: 10.000687
      user-time: 39.826726
      system-time: 0.011989
      cpu-usage-per-instance: 99.589948
      max-rss: 4048

...
