---
system-info:
      stress-ng-version: 0.17.08
      run-by: root
      date-yyyy-mm-dd: 2024:06:15
      time-hh-mm-ss: 23:41:14
      epoch-secs: 1718494874
      hostname: b55734a69c73
      sysname: Linux
      nodename: b55734a69c73
      release: 6.8.0-1008-aws
      version: '#8-Ubuntu SMP Sat Apr 20 00:46:25 UTC 2024'
      machine: x86_64
      compiler: 'musl-gcc 13.2.1'
      uptime: 104
      totalram: 32912957440
      freeram: 28574154752
      sharedram: 20201472
      bufferram: 109121536
      totalswap: 0
      freeswap: 0
      pagesize: 4096
      cpus: 4
      cpus-online: 4
      ticks-per-second: 100

metrics:
    - stressor: cpu
      bogo-ops: 245323
      bogo-ops-per-second-usr-sys-time: 3078.485564
      bogo-ops-per-second-real-time: 12266.103428
      wall-clock-time: 20.000076
      user-time: 79.679516
      system-time: 0.009992
      cpu-usage-per-instance: 99.611507
      max-rss: 972

...
