---
system-info:
      stress-ng-version: 0.17.08
      run-by: root
      date-yyyy-mm-dd: 2024:09:16
      time-hh-mm-ss: 15:52:35
      epoch-secs: 1726501955
      hostname: sc-runner
      sysname: Linux
      nodename: sc-runner
      release: 6.8.0-1014-azure
      version: '#16-Ubuntu SMP Thu Aug 15 20:04:41 UTC 2024'
      machine: x86_64
      compiler: 'musl-gcc 13.2.1'
      uptime: 363
      totalram: 67425533952
      freeram: 57330253824
      sharedram: 42033152
      bufferram: 240222208
      totalswap: 0
      freeswap: 0
      pagesize: 4096
      cpus: 2
      cpus-online: 2
      ticks-per-second: 100

metrics:
    - stressor: cpu
      bogo-ops: 28110
      bogo-ops-per-second-usr-sys-time: 1405.566975
      bogo-ops-per-second-real-time: 1405.489461
      wall-clock-time: 20.000150
      user-time: 19.999047
      system-time: 0.000000
      cpu-usage-per-instance: 99.994485
      max-rss: 1104

...
