BaselineInfo:
  WebDBID: -1
  TimeStamp: 20241107101714
Version:
  Major: 11
  Minor: 0
  Build: 1002
  SpecialBuildName: ""
  ptArchitecture: x86_64_linux
Results:
  Results Complete: true
  NumTestProcesses: 4
  CPU_INTEGER_MATH: 17631.548333333332
  CPU_FLOATINGPOINT_MATH: 10025.306028554747
  CPU_PRIME: 43.580174082206824
  CPU_SORTING: 10681.430285276461
  CPU_ENCRYPTION: 4436.4450203590586
  CPU_COMPRESSION: 72988.311717338976
  CPU_SINGLETHREAD: 2688.1396102249223
  CPU_PHYSICS: 843.64834885786672
  CPU_MATRIX_MULT_SSE: 4996.2879456230967
  CPU_mm: 477.55523920826897
  CPU_sse: 2096.7309012393866
  CPU_fma: 6516.8071284794341
  CPU_avx: 5373.4027256651716
  CPU_avx512: 5998.2110271083966
  m_CPU_enc_SHA: 6172014817.1971626
  m_CPU_enc_AES: 4240238824.2275639
  m_CPU_enc_ECDSA: 3543595679.5793324
  ME_ALLOC_S: 1930.1290347619533
  ME_READ_S: 25731.724804687499
  ME_READ_L: 24815.662109375
  ME_WRITE: 18414.587890625
  ME_LARGE: 666.5
  ME_LATENCY: 69.313342527759701
  ME_THREADED: 36367.4111328125
  SUMM_CPU: 7006.4140908456766
  SUMM_ME: 1135.0147499137358
SystemInformation:
  OSName: Ubuntu 24.04.1 LTS
  Kernel: 6.8.0-1015-gcp
  Device: ""
  Processor: AMD EPYC 9B14
  NumSockets: 1
  Manufacturer: AuthenticAMD
  NumCores: 2
  NumLogicals: 4
  CPUFrequency: 0
  Memory: 7938
  MemModuleInfo:
    iNumMemSticks: 1
    DIMM 1:
      manufacturer: ""
      modulePartNo: ""
      memType: RAM
      size: 8
      clkspeed: 0
      moduleVoltage: 0
Checksum: D5C7F973F5CB76B72A47C3147E136BCB21056344