BaselineInfo:
  WebDBID: -1
  TimeStamp: 20241108100232
Version:
  Major: 11
  Minor: 0
  Build: 1002
  SpecialBuildName: ""
  ptArchitecture: x86_64_linux
Results:
  Results Complete: true
  NumTestProcesses: 16
  CPU_INTEGER_MATH: 96616.728999999992
  CPU_FLOATINGPOINT_MATH: 85203.775715081661
  CPU_PRIME: 302.35179791489395
  CPU_SORTING: 59767.875297037172
  CPU_ENCRYPTION: 20845.224853346688
  CPU_COMPRESSION: 420866.44846427743
  CPU_SINGLETHREAD: 2886.9301528240194
  CPU_PHYSICS: 4151.2495167392535
  CPU_MATRIX_MULT_SSE: 39424.673324562544
  CPU_mm: 4173.7249986750749
  CPU_sse: 17973.60624705263
  CPU_fma: 53974.321705094757
  CPU_avx: 46880.053591245261
  CPU_avx512: 38870.711754857482
  m_CPU_enc_SHA: 28907916989.811436
  m_CPU_enc_AES: 18339063019.282471
  m_CPU_enc_ECDSA: 18326427478.374672
  ME_ALLOC_S: 14910.338364418471
  ME_READ_S: 27837.391406250001
  ME_READ_L: 27064.126953125
  ME_WRITE: 25794.54296875
  ME_LARGE: 52811.333333333336
  ME_LATENCY: 79.086648974487645
  ME_THREADED: 77027.68896484375
  SUMM_CPU: 36510.831417658643
  SUMM_ME: 2672.6982722357639
SystemInformation:
  OSName: Ubuntu 24.04.1 LTS
  Kernel: 6.8.0-1016-aws
  Device: ""
  Processor: AMD EPYC 9R14
  NumSockets: 1
  Manufacturer: AuthenticAMD
  NumCores: 16
  NumLogicals: 16
  CPUFrequency: 0
  Memory: 62920
  MemModuleInfo:
    iNumMemSticks: 1
    DIMM 1:
      manufacturer: Not Specified
      modulePartNo: Not Specified
      memType: DDR5
      size: 64
      clkspeed: 2400
      moduleVoltage: 0
Checksum: 7577CA0A67197C9204044F616C13C3E84822DEF6