BaselineInfo:
  WebDBID: -1
  TimeStamp: 20241107091914
Version:
  Major: 11
  Minor: 0
  Build: 1002
  SpecialBuildName: ""
  ptArchitecture: x86_64_linux
Results:
  Results Complete: true
  NumTestProcesses: 4
  CPU_INTEGER_MATH: 9672.6849999999995
  CPU_FLOATINGPOINT_MATH: 5947.167513635799
  CPU_PRIME: 15.159145500269259
  CPU_SORTING: 5133.3233230649967
  CPU_ENCRYPTION: 1345.3734095377561
  CPU_COMPRESSION: 43972.366880924179
  CPU_SINGLETHREAD: 1626.1125726876814
  CPU_PHYSICS: 407.51506863187325
  CPU_MATRIX_MULT_SSE: 2371.965856465969
  CPU_mm: 301.62562444935202
  CPU_sse: 1134.1640860624104
  CPU_fma: 3602.3586921270053
  CPU_avx: 2379.3747912084918
  CPU_avx512: 0
  m_CPU_enc_SHA: 437251129.77596867
  m_CPU_enc_AES: 3404268179.5108871
  m_CPU_enc_ECDSA: 390659495.55153012
  ME_ALLOC_S: 1214.2799450841128
  ME_READ_S: 19223.212695312501
  ME_READ_L: 9173.7314453125
  ME_WRITE: 8873.8056640625
  ME_LARGE: 5961.75
  ME_LATENCY: 55.088117119767993
  ME_THREADED: 23005.23876953125
  SUMM_CPU: 3413.8990949491176
  SUMM_ME: 1798.2548512231187
SystemInformation:
  OSName: Ubuntu 24.04.1 LTS
  Kernel: 6.8.0-1015-gcp
  Device: ""
  Processor: Intel Xeon CPU @ 2.20GHz
  NumSockets: 1
  Manufacturer: GenuineIntel
  NumCores: 2
  NumLogicals: 4
  CPUFrequency: 0
  Memory: 15990
  MemModuleInfo:
    iNumMemSticks: 1
    DIMM 1:
      manufacturer: ""
      modulePartNo: ""
      memType: RAM
      size: 16
      clkspeed: 0
      moduleVoltage: 0
Checksum: 61AC25696C7A1D116023E59DDF1E0DE1BE52A57F