BaselineInfo:
  WebDBID: -1
  TimeStamp: 20241108132650
Version:
  Major: 11
  Minor: 0
  Build: 1002
  SpecialBuildName: ""
  ptArchitecture: aarch64_linux
Results:
  Results Complete: true
  NumTestProcesses: 32
  CPU_INTEGER_MATH: 152788.99433333334
  CPU_FLOATINGPOINT_MATH: 151824.75834340468
  CPU_PRIME: 247.31827816343986
  CPU_SORTING: 125754.65972615841
  CPU_ENCRYPTION: 4462.1685869970424
  CPU_COMPRESSION: 169428.61877400175
  CPU_SINGLETHREAD: 1559.486885849381
  CPU_PHYSICS: 6944.1972813206357
  CPU_MATRIX_MULT_SSE: 26504.685147613658
  CPU_mm: 3473.5810629789271
  CPU_sse: 22228.286046464073
  CPU_fma: 30781.084248763222
  CPU_avx: 0
  CPU_avx512: 0
  m_CPU_enc_SHA: 6781089017.3008966
  m_CPU_enc_AES: 2594555821.6319847
  m_CPU_enc_ECDSA: 4661123825.9041462
  ME_ALLOC_S: 31384.060257825236
  ME_READ_S: 19679.119531249999
  ME_READ_L: 18997.638671875
  ME_WRITE: 19700.2109375
  ME_LARGE: 114976.16666666667
  ME_LATENCY: 50.856702268482174
  ME_THREADED: 240458.84765625
  SUMM_CPU: 20769.610109743262
  SUMM_ME: 3104.656960197332
SystemInformation:
  OSName: Ubuntu 24.04.1 LTS
  Kernel: 6.8.0-1016-aws
  Device: ""
  Processor: ARM Neoverse-V1 32 Core 0 MHz
  NumSockets: 1
  Manufacturer: ARM
  NumCores: 32
  NumLogicals: 32
  CPUFrequency: 0
  Memory: 126506
Checksum: 70563165A27AA3C3E6F090E723E4DF1B00D93381