---
system-info:
      stress-ng-version: 0.17.08
      run-by: root
      date-yyyy-mm-dd: 2024:06:08
      time-hh-mm-ss: 19:41:15
      epoch-secs: 1717875675
      hostname: c78697ed4781
      sysname: Linux
      nodename: c78697ed4781
      release: 6.8.0-1008-aws
      version: '#8-Ubuntu SMP Sat Apr 20 00:46:25 UTC 2024'
      machine: x86_64
      compiler: 'musl-gcc 13.2.1'
      uptime: 109
      totalram: 529651609600
      freeram: 523826909184
      sharedram: 71925760
      bufferram: 106196992
      totalswap: 0
      freeswap: 0
      pagesize: 4096
      cpus: 128
      cpus-online: 128
      ticks-per-second: 100

metrics:
    - stressor: cpu
      bogo-ops: 2105134
      bogo-ops-per-second-usr-sys-time: 1647.805622
      bogo-ops-per-second-real-time: 210487.947221
      wall-clock-time: 10.001209
      user-time: 1277.386907
      system-time: 0.150912
      cpu-usage-per-instance: 99.795575
      max-rss: 3072

...
