---
system-info:
      stress-ng-version: 0.17.08
      run-by: root
      date-yyyy-mm-dd: 2024:06:15
      time-hh-mm-ss: 04:24:28
      epoch-secs: 1718425468
      hostname: ccb9d12e9bec
      sysname: Linux
      nodename: ccb9d12e9bec
      release: 6.8.0-1008-aws
      version: '#8-Ubuntu SMP Sat Apr 20 00:46:25 UTC 2024'
      machine: x86_64
      compiler: 'musl-gcc 13.2.1'
      uptime: 116
      totalram: 529651593216
      freeram: 524177698816
      sharedram: 71925760
      bufferram: 109867008
      totalswap: 0
      freeswap: 0
      pagesize: 4096
      cpus: 128
      cpus-online: 128
      ticks-per-second: 100

metrics:
    - stressor: cpu
      bogo-ops: 7856139
      bogo-ops-per-second-usr-sys-time: 3071.277952
      bogo-ops-per-second-real-time: 392805.974224
      wall-clock-time: 20.000050
      user-time: 2557.856190
      system-time: 0.081946
      cpu-usage-per-instance: 99.919210
      max-rss: 0

...
