---
system-info:
      stress-ng-version: 0.17.08
      run-by: root
      date-yyyy-mm-dd: 2024:09:23
      time-hh-mm-ss: 21:31:25
      epoch-secs: 1727127085
      hostname: c4-highmem-16-c7871e3
      sysname: Linux
      nodename: c4-highmem-16-c7871e3
      release: 6.8.0-1014-gcp
      version: '#16-Ubuntu SMP Mon Aug 26 15:55:46 UTC 2024'
      machine: x86_64
      compiler: 'musl-gcc 13.2.1'
      uptime: 196
      totalram: 130838630400
      freeram: 120214167552
      sharedram: 274706432
      bufferram: 251338752
      totalswap: 0
      freeswap: 0
      pagesize: 4096
      cpus: 16
      cpus-online: 16
      ticks-per-second: 100

metrics:
    - stressor: cpu
      bogo-ops: 336469
      bogo-ops-per-second-usr-sys-time: 1052.306273
      bogo-ops-per-second-real-time: 16823.400176
      wall-clock-time: 20.000059
      user-time: 319.737367
      system-time: 0.006997
      cpu-usage-per-instance: 99.919818
      max-rss: 1104

...
