---
system-info:
      stress-ng-version: 0.17.08
      run-by: root
      date-yyyy-mm-dd: 2024:09:19
      time-hh-mm-ss: 12:50:47
      epoch-secs: 1726750247
      hostname: sc-runner
      sysname: Linux
      nodename: sc-runner
      release: 6.8.0-1014-azure
      version: '#16-Ubuntu SMP Thu Aug 15 20:04:41 UTC 2024'
      machine: x86_64
      compiler: 'musl-gcc 13.2.1'
      uptime: 318
      totalram: 135060660224
      freeram: 124448743424
      sharedram: 42299392
      bufferram: 249610240
      totalswap: 0
      freeswap: 0
      pagesize: 4096
      cpus: 32
      cpus-online: 32
      ticks-per-second: 100

metrics:
    - stressor: cpu
      bogo-ops: 595963
      bogo-ops-per-second-usr-sys-time: 932.228337
      bogo-ops-per-second-real-time: 29798.020322
      wall-clock-time: 20.000087
      user-time: 639.243677
      system-time: 0.044978
      cpu-usage-per-instance: 99.888418
      max-rss: 3260

...
