---
system-info:
      stress-ng-version: 0.17.08
      run-by: root
      date-yyyy-mm-dd: 2024:06:08
      time-hh-mm-ss: 09:47:19
      epoch-secs: 1717840039
      hostname: 9a1cd9534318
      sysname: Linux
      nodename: 9a1cd9534318
      release: 6.8.0-1008-aws
      version: '#8-Ubuntu SMP Sat Apr 20 00:46:25 UTC 2024'
      machine: x86_64
      compiler: 'musl-gcc 13.2.1'
      uptime: 122
      totalram: 397160267776
      freeram: 391195049984
      sharedram: 71770112
      bufferram: 100048896
      totalswap: 0
      freeswap: 0
      pagesize: 4096
      cpus: 192
      cpus-online: 192
      ticks-per-second: 100

metrics:
    - stressor: cpu
      bogo-ops: 17620
      bogo-ops-per-second-usr-sys-time: 1761.777664
      bogo-ops-per-second-real-time: 1761.747896
      wall-clock-time: 10.001431
      user-time: 10.000263
      system-time: 0.000999
      cpu-usage-per-instance: 99.998310
      max-rss: 3072

...
