---
system-info:
      stress-ng-version: 0.17.08
      run-by: root
      date-yyyy-mm-dd: 2024:06:14
      time-hh-mm-ss: 07:20:13
      epoch-secs: 1718349613
      hostname: 633c4dc0135f
      sysname: Linux
      nodename: 633c4dc0135f
      release: 6.8.0-1008-aws
      version: '#8-Ubuntu SMP Sat Apr 20 00:46:25 UTC 2024'
      machine: x86_64
      compiler: 'musl-gcc 13.2.1'
      uptime: 141
      totalram: 397160259584
      freeram: 391070044160
      sharedram: 71770112
      bufferram: 108937216
      totalswap: 0
      freeswap: 0
      pagesize: 4096
      cpus: 192
      cpus-online: 192
      ticks-per-second: 100

metrics:
    - stressor: cpu
      bogo-ops: 61510
      bogo-ops-per-second-usr-sys-time: 3075.612106
      bogo-ops-per-second-real-time: 3075.487865
      wall-clock-time: 20.000079
      user-time: 19.999271
      system-time: 0.000000
      cpu-usage-per-instance: 99.995960
      max-rss: 0

...
