---
system-info:
      stress-ng-version: 0.17.08
      run-by: root
      date-yyyy-mm-dd: 2024:09:19
      time-hh-mm-ss: 12:36:51
      epoch-secs: 1726749411
      hostname: sc-runner
      sysname: Linux
      nodename: sc-runner
      release: 6.8.0-1014-azure
      version: '#16-Ubuntu SMP Thu Aug 15 20:04:41 UTC 2024'
      machine: x86_64
      compiler: 'musl-gcc 13.2.1'
      uptime: 330
      totalram: 135060647936
      freeram: 124377022464
      sharedram: 42311680
      bufferram: 257937408
      totalswap: 0
      freeswap: 0
      pagesize: 4096
      cpus: 32
      cpus-online: 32
      ticks-per-second: 100

metrics:
    - stressor: cpu
      bogo-ops: 526124
      bogo-ops-per-second-usr-sys-time: 822.656487
      bogo-ops-per-second-real-time: 26306.088429
      wall-clock-time: 20.000085
      user-time: 639.492785
      system-time: 0.049975
      cpu-usage-per-instance: 99.928132
      max-rss: 3000

...
