BaselineInfo:
  WebDBID: -1
  TimeStamp: 20241107173709
Version:
  Major: 11
  Minor: 0
  Build: 1002
  SpecialBuildName: ""
  ptArchitecture: x86_64_linux
Results:
  Results Complete: true
  NumTestProcesses: 4
  CPU_INTEGER_MATH: 16745.586666666666
  CPU_FLOATINGPOINT_MATH: 8566.7421659179308
  CPU_PRIME: 37.116273494594928
  CPU_SORTING: 8783.0992689987306
  CPU_ENCRYPTION: 3650.2861320776237
  CPU_COMPRESSION: 63547.664837311699
  CPU_SINGLETHREAD: 2422.6105930498461
  CPU_PHYSICS: 709.38823925785437
  CPU_MATRIX_MULT_SSE: 3491.6796604519059
  CPU_mm: 357.5953140053133
  CPU_sse: 1590.5813286695604
  CPU_fma: 4367.6681089111498
  CPU_avx: 3223.0005950741902
  CPU_avx512: 4785.4686091527255
  m_CPU_enc_SHA: 3682175166.2688007
  m_CPU_enc_AES: 5538824039.5610809
  m_CPU_enc_ECDSA: 2261808087.858398
  ME_ALLOC_S: 2032.6872897409742
  ME_READ_S: 24228.255859375
  ME_READ_L: 11316.27734375
  ME_WRITE: 10543.6904296875
  ME_LARGE: 22107
  ME_LATENCY: 51.775847411811377
  ME_THREADED: 31310.3154296875
  SUMM_CPU: 5903.4598096841082
  SUMM_ME: 2331.5828344400447
SystemInformation:
  OSName: Ubuntu 24.04.1 LTS
  Kernel: 6.8.0-1017-azure
  Device: ""
  Processor: Intel Xeon Platinum 8370C CPU @ 2.80GHz
  NumSockets: 1
  Manufacturer: GenuineIntel
  NumCores: 2
  NumLogicals: 4
  CPUFrequency: 2800
  Memory: 32092
  MemModuleInfo:
    iNumMemSticks: 2
    DIMM 1:
      manufacturer: Microsoft Corporation
      modulePartNo: None
      memType: Unknown
      size: 1
      clkspeed: 0
      moduleVoltage: 0
    DIMM 2:
      manufacturer: Microsoft Corporation
      modulePartNo: None
      memType: Unknown
      size: 31
      clkspeed: 0
      moduleVoltage: 0
Checksum: 8466DCB26D2E394E54386D52E089E101CB0ADD88