BaselineInfo:
  WebDBID: -1
  TimeStamp: 20241107154457
Version:
  Major: 11
  Minor: 0
  Build: 1002
  SpecialBuildName: ""
  ptArchitecture: x86_64_linux
Results:
  Results Complete: true
  NumTestProcesses: 4
  CPU_INTEGER_MATH: 15362.506666666666
  CPU_FLOATINGPOINT_MATH: 10954.906989040004
  CPU_PRIME: 32.047173623170686
  CPU_SORTING: 7879.7623357930752
  CPU_ENCRYPTION: 3426.3270470762559
  CPU_COMPRESSION: 58109.2463382844
  CPU_SINGLETHREAD: 2389.1622265188867
  CPU_PHYSICS: 776.57476142173789
  CPU_MATRIX_MULT_SSE: 4275.4021876866564
  CPU_mm: 434.50186755934737
  CPU_sse: 1884.8505114415452
  CPU_fma: 4985.7917577196358
  CPU_avx: 3668.3988429097435
  CPU_avx512: 6562.5676386757004
  m_CPU_enc_SHA: 3602099284.2685728
  m_CPU_enc_AES: 4665697465.263526
  m_CPU_enc_ECDSA: 2510496179.6129971
  ME_ALLOC_S: 1873.8546249630297
  ME_READ_S: 21449.694921875001
  ME_READ_L: 7061.3681640625
  ME_WRITE: 6772.6181640625
  ME_LARGE: 22060.25
  ME_LATENCY: 74.062591754210459
  ME_THREADED: 22528.2236328125
  SUMM_CPU: 5956.4909766217634
  SUMM_ME: 1689.156940827484
SystemInformation:
  OSName: Ubuntu 24.04.1 LTS
  Kernel: 6.8.0-1015-gcp
  Device: ""
  Processor: INTEL XEON PLATINUM 8581C CPU @ 2.10GHz
  NumSockets: 1
  Manufacturer: GenuineIntel
  NumCores: 2
  NumLogicals: 4
  CPUFrequency: 0
  Memory: 32093
  MemModuleInfo:
    iNumMemSticks: 2
    DIMM 1:
      manufacturer: ""
      modulePartNo: ""
      memType: RAM
      size: 16
      clkspeed: 0
      moduleVoltage: 0
    DIMM 2:
      manufacturer: ""
      modulePartNo: ""
      memType: RAM
      size: 16
      clkspeed: 0
      moduleVoltage: 0
Checksum: 96ADB629DB1CB6D36292F47CE09DBB03A2583A6C