---
system-info:
      stress-ng-version: 0.17.08
      run-by: root
      date-yyyy-mm-dd: 2024:09:11
      time-hh-mm-ss: 07:31:35
      epoch-secs: 1726039895
      hostname: a3-highgpu-1g-a37bd5a
      sysname: Linux
      nodename: a3-highgpu-1g-a37bd5a
      release: 6.8.0-1013-gcp
      version: '#14-Ubuntu SMP Thu Aug  8 23:18:23 UTC 2024'
      machine: x86_64
      compiler: 'musl-gcc 13.2.1'
      uptime: 246
      totalram: 247000449024
      freeram: 235415007232
      sharedram: 111767552
      bufferram: 267698176
      totalswap: 0
      freeswap: 0
      pagesize: 4096
      cpus: 26
      cpus-online: 26
      ticks-per-second: 100

metrics:
    - stressor: cpu
      bogo-ops: 468678
      bogo-ops-per-second-usr-sys-time: 901.762762
      bogo-ops-per-second-real-time: 23433.780136
      wall-clock-time: 20.000102
      user-time: 519.721377
      system-time: 0.013990
      cpu-usage-per-instance: 99.948598
      max-rss: 876

...
