---
system-info:
      stress-ng-version: 0.17.08
      run-by: root
      date-yyyy-mm-dd: 2024:07:03
      time-hh-mm-ss: 17:13:40
      epoch-secs: 1720026820
      hostname: n2-highmem-128-2a5ea74
      sysname: Linux
      nodename: n2-highmem-128-2a5ea74
      release: 6.8.0-1009-gcp
      version: '#10-Ubuntu SMP Wed Jun 12 18:52:23 UTC 2024'
      machine: x86_64
      compiler: 'musl-gcc 13.2.1'
      uptime: 166
      totalram: 913048883200
      freeram: 906141347840
      sharedram: 115167232
      bufferram: 133976064
      totalswap: 0
      freeswap: 0
      pagesize: 4096
      cpus: 128
      cpus-online: 128
      ticks-per-second: 100

metrics:
    - stressor: cpu
      bogo-ops: 36902
      bogo-ops-per-second-usr-sys-time: 1845.192075
      bogo-ops-per-second-real-time: 1845.091576
      wall-clock-time: 20.000091
      user-time: 19.999002
      system-time: 0.000000
      cpu-usage-per-instance: 99.994553
      max-rss: 0

...
