---
system-info:
      stress-ng-version: 0.17.08
      run-by: root
      date-yyyy-mm-dd: 2024:09:16
      time-hh-mm-ss: 23:13:10
      epoch-secs: 1726528390
      hostname: sc-runner
      sysname: Linux
      nodename: sc-runner
      release: 6.8.0-1014-azure
      version: '#16-Ubuntu SMP Thu Aug 15 20:04:41 UTC 2024'
      machine: x86_64
      compiler: 'musl-gcc 13.2.1'
      uptime: 488
      totalram: 168787783680
      freeram: 158338797568
      sharedram: 57176064
      bufferram: 253644800
      totalswap: 0
      freeswap: 0
      pagesize: 4096
      cpus: 20
      cpus-online: 20
      ticks-per-second: 100

metrics:
    - stressor: cpu
      bogo-ops: 18409
      bogo-ops-per-second-usr-sys-time: 920.478995
      bogo-ops-per-second-real-time: 920.449012
      wall-clock-time: 20.000021
      user-time: 19.997352
      system-time: 0.002018
      cpu-usage-per-instance: 99.996743
      max-rss: 3028

...
