BaselineInfo:
  WebDBID: -1
  TimeStamp: 20260620105811
Version:
  Major: 11
  Minor: 0
  Build: 1004
  SpecialBuildName: ""
  ptArchitecture: x86_64_linux
Results:
  Results Complete: true
  NumTestProcesses: 48
  CPU_INTEGER_MATH: 282523.86266666662
  CPU_FLOATINGPOINT_MATH: 169938.97025150713
  CPU_PRIME: 404.33972429109093
  CPU_SORTING: 124369.69315619807
  CPU_ENCRYPTION: 54299.600042154336
  CPU_COMPRESSION: 957861.07479430432
  CPU_SINGLETHREAD: 3386.4932172452482
  CPU_PHYSICS: 8538.1741516514812
  CPU_MATRIX_MULT_SSE: 72917.554599804018
  CPU_mm: 7156.0828596821484
  CPU_sse: 27102.403888258104
  CPU_fma: 78539.956624022496
  CPU_avx: 76187.086582025091
  CPU_avx512: 109840.77130491033
  m_CPU_enc_SHA: 69212864625.043381
  m_CPU_enc_AES: 56269080851.142586
  m_CPU_enc_ECDSA: 45329826765.220085
  ME_ALLOC_S: 27021.235889273692
  ME_READ_S: 30253.336328124999
  ME_READ_L: 27964.8359375
  ME_WRITE: 29060.216796875
  ME_LARGE: 183910.58333333334
  ME_LATENCY: 83.7638283802345
  ME_THREADED: 184239.580078125
  SUMM_CPU: 70727.896852330319
  SUMM_ME: 2740.8031213501581
SystemInformation:
  OSName: Ubuntu 24.04.4 LTS
  Kernel: 6.17.0-1018-azure
  Device: ""
  Processor: "AMD EPYC 9V45 96-Core Processor                "
  NumSockets: 1
  Manufacturer: AuthenticAMD
  NumCores: 24
  NumLogicals: 48
  CPUFrequency: 0
  CPUMaxFrequency: 0
  Memory: 193212
  CPUInfo:
    number: 1
    Family: 15
    Model: 2
    stepping: 1
    features: 395049983
    manufacture: AuthenticAMD
    typestring: "AMD EPYC 9V45 96-Core Processor                "
    iCoresPerPackage: 32
    iThreadsPerPackage: 2
    featuresEx:
      - 395049983
      - 4277809667
      - 802421759
    bHybrid: false
    nPCore: 0
    nLogicalsPerPCore: 0
    nECore: 0
    nLogicalsPerECore: 0
  MemModuleInfo:
    iNumMemSticks: 3
    DIMM 1:
      manufacturer: Microsoft Corporation
      modulePartNo: None
      memType: Unknown
      size: 1
      clkspeed: 0
      moduleVoltage: 0
    DIMM 2:
      manufacturer: Microsoft Corporation
      modulePartNo: None
      memType: Unknown
      size: 59
      clkspeed: 0
      moduleVoltage: 0
    DIMM 3:
      manufacturer: Microsoft Corporation
      modulePartNo: None
      memType: Unknown
      size: 132
      clkspeed: 0
      moduleVoltage: 0
Checksum: B8F1F3ADC6F0D84300E8C0CB2718CC2915A15701