---
system-info:
      stress-ng-version: 0.17.08
      run-by: root
      date-yyyy-mm-dd: 2024:09:20
      time-hh-mm-ss: 13:06:07
      epoch-secs: 1726837567
      hostname: ip-172-31-21-225
      sysname: Linux
      nodename: ip-172-31-21-225
      release: 6.8.0-1014-aws
      version: '#15-Ubuntu SMP Thu Aug  8 20:05:03 UTC 2024'
      machine: aarch64
      compiler: 'musl-gcc 13.2.1'
      uptime: 180
      totalram: 531289485312
      freeram: 520759873536
      sharedram: 39522304
      bufferram: 245235712
      totalswap: 0
      freeswap: 0
      pagesize: 4096
      cpus: 32
      cpus-online: 32
      ticks-per-second: 100

metrics:
    - stressor: cpu
      bogo-ops: 1091560
      bogo-ops-per-second-usr-sys-time: 1706.049521
      bogo-ops-per-second-real-time: 54577.842754
      wall-clock-time: 20.000058
      user-time: 639.810306
      system-time: 0.006995
      cpu-usage-per-instance: 99.971165
      max-rss: 1280

...
