---
system-info:
      stress-ng-version: 0.17.08
      run-by: root
      date-yyyy-mm-dd: 2024:09:15
      time-hh-mm-ss: 20:59:02
      epoch-secs: 1726433942
      hostname: sc-runner
      sysname: Linux
      nodename: sc-runner
      release: 6.8.0-1014-azure
      version: '#16-Ubuntu SMP Thu Aug 15 21:06:50 UTC 2024'
      machine: aarch64
      compiler: 'musl-gcc 13.2.1'
      uptime: 293
      totalram: 8311255040
      freeram: 172224512
      sharedram: 38129664
      bufferram: 204230656
      totalswap: 0
      freeswap: 0
      pagesize: 4096
      cpus: 4
      cpus-online: 4
      ticks-per-second: 100

metrics:
    - stressor: cpu
      bogo-ops: 144746
      bogo-ops-per-second-usr-sys-time: 1819.086582
      bogo-ops-per-second-real-time: 7237.280351
      wall-clock-time: 20.000054
      user-time: 79.559717
      system-time: 0.010987
      cpu-usage-per-instance: 99.463110
      max-rss: 1192

...
