---
system-info:
      stress-ng-version: 0.17.08
      run-by: root
      date-yyyy-mm-dd: 2024:09:23
      time-hh-mm-ss: 23:23:35
      epoch-secs: 1727133815
      hostname: c4-highmem-32-0dc6cf6
      sysname: Linux
      nodename: c4-highmem-32-0dc6cf6
      release: 6.8.0-1014-gcp
      version: '#16-Ubuntu SMP Mon Aug 26 15:55:46 UTC 2024'
      machine: x86_64
      compiler: 'musl-gcc 13.2.1'
      uptime: 235
      totalram: 261795766272
      freeram: 251055468544
      sharedram: 274706432
      bufferram: 253124608
      totalswap: 0
      freeswap: 0
      pagesize: 4096
      cpus: 32
      cpus-online: 32
      ticks-per-second: 100

metrics:
    - stressor: cpu
      bogo-ops: 36938
      bogo-ops-per-second-usr-sys-time: 1846.878669
      bogo-ops-per-second-real-time: 1846.894033
      wall-clock-time: 20.000065
      user-time: 20.000231
      system-time: 0.000000
      cpu-usage-per-instance: 100.000832
      max-rss: 776

...
