---
system-info:
      stress-ng-version: 0.17.08
      run-by: root
      date-yyyy-mm-dd: 2024:06:14
      time-hh-mm-ss: 19:30:06
      epoch-secs: 1718393406
      hostname: 49c82c1ff5af
      sysname: Linux
      nodename: 49c82c1ff5af
      release: 6.8.0-1008-aws
      version: '#8-Ubuntu SMP Sat Apr 20 00:46:25 UTC 2024'
      machine: x86_64
      compiler: 'musl-gcc 13.2.1'
      uptime: 154
      totalram: 8200847360
      freeram: 3867561984
      sharedram: 40730624
      bufferram: 108310528
      totalswap: 0
      freeswap: 0
      pagesize: 4096
      cpus: 2
      cpus-online: 2
      ticks-per-second: 100

metrics:
    - stressor: cpu
      bogo-ops: 34575
      bogo-ops-per-second-usr-sys-time: 873.314509
      bogo-ops-per-second-real-time: 1728.739675
      wall-clock-time: 20.000119
      user-time: 39.581605
      system-time: 0.008943
      cpu-usage-per-instance: 98.975779
      max-rss: 1104

...
