---
system-info:
      stress-ng-version: 0.17.08
      run-by: root
      date-yyyy-mm-dd: 2024:06:08
      time-hh-mm-ss: 13:24:46
      epoch-secs: 1717853086
      hostname: 84647a8e528a
      sysname: Linux
      nodename: 84647a8e528a
      release: 6.8.0-1008-aws
      version: '#8-Ubuntu SMP Sat Apr 20 00:46:25 UTC 2024'
      machine: x86_64
      compiler: 'musl-gcc 13.2.1'
      uptime: 129
      totalram: 8200847360
      freeram: 3863715840
      sharedram: 40730624
      bufferram: 101519360
      totalswap: 0
      freeswap: 0
      pagesize: 4096
      cpus: 2
      cpus-online: 2
      ticks-per-second: 100

metrics:
    - stressor: cpu
      bogo-ops: 21036
      bogo-ops-per-second-usr-sys-time: 1063.986745
      bogo-ops-per-second-real-time: 2103.420415
      wall-clock-time: 10.000854
      user-time: 19.762938
      system-time: 0.007985
      cpu-usage-per-instance: 98.846176
      max-rss: 4048

...
