---
system-info:
      stress-ng-version: 0.17.08
      run-by: root
      date-yyyy-mm-dd: 2024:09:16
      time-hh-mm-ss: 14:45:15
      epoch-secs: 1726497915
      hostname: sc-runner
      sysname: Linux
      nodename: sc-runner
      release: 6.8.0-1014-azure
      version: '#16-Ubuntu SMP Thu Aug 15 20:04:41 UTC 2024'
      machine: x86_64
      compiler: 'musl-gcc 13.2.1'
      uptime: 342
      totalram: 67423420416
      freeram: 57260269568
      sharedram: 42037248
      bufferram: 229625856
      totalswap: 0
      freeswap: 0
      pagesize: 4096
      cpus: 8
      cpus-online: 8
      ticks-per-second: 100

metrics:
    - stressor: cpu
      bogo-ops: 28234
      bogo-ops-per-second-usr-sys-time: 1411.739388
      bogo-ops-per-second-real-time: 1411.695944
      wall-clock-time: 20.000057
      user-time: 19.998443
      system-time: 0.000999
      cpu-usage-per-instance: 99.996923
      max-rss: 3152

...
