---
system-info:
      stress-ng-version: 0.17.08
      run-by: root
      date-yyyy-mm-dd: 2024:09:03
      time-hh-mm-ss: 14:42:02
      epoch-secs: 1725374522
      hostname: sc-runner
      sysname: Linux
      nodename: sc-runner
      release: 6.8.0-1013-azure
      version: '#15-Ubuntu SMP Thu Aug  8 18:40:40 UTC 2024'
      machine: x86_64
      compiler: 'musl-gcc 13.2.1'
      uptime: 370
      totalram: 67423420416
      freeram: 58897014784
      sharedram: 42037248
      bufferram: 214183936
      totalswap: 0
      freeswap: 0
      pagesize: 4096
      cpus: 8
      cpus-online: 8
      ticks-per-second: 100

metrics:
    - stressor: cpu
      bogo-ops: 28236
      bogo-ops-per-second-usr-sys-time: 1411.820189
      bogo-ops-per-second-real-time: 1411.789565
      wall-clock-time: 20.000148
      user-time: 19.996715
      system-time: 0.002999
      cpu-usage-per-instance: 99.997831
      max-rss: 3152

...
