---
system-info:
      stress-ng-version: 0.17.08
      run-by: root
      date-yyyy-mm-dd: 2024:06:12
      time-hh-mm-ss: 15:21:39
      epoch-secs: 1718205699
      hostname: 699bd7769368
      sysname: Linux
      nodename: 699bd7769368
      release: 6.8.0-1008-aws
      version: '#8-Ubuntu SMP Sat Apr 20 00:46:25 UTC 2024'
      machine: x86_64
      compiler: 'musl-gcc 13.2.1'
      uptime: 198
      totalram: 16377602048
      freeram: 12013826048
      sharedram: 40738816
      bufferram: 112992256
      totalswap: 0
      freeswap: 0
      pagesize: 4096
      cpus: 8
      cpus-online: 8
      ticks-per-second: 100

metrics:
    - stressor: cpu
      bogo-ops: 30945
      bogo-ops-per-second-usr-sys-time: 1547.283034
      bogo-ops-per-second-real-time: 1547.247621
      wall-clock-time: 20.000031
      user-time: 19.999573
      system-time: 0.000000
      cpu-usage-per-instance: 99.997711
      max-rss: 1104

...
