---
system-info:
      stress-ng-version: 0.17.08
      run-by: root
      date-yyyy-mm-dd: 2024:06:12
      time-hh-mm-ss: 18:35:40
      epoch-secs: 1718217340
      hostname: 10b32747be9e
      sysname: Linux
      nodename: 10b32747be9e
      release: 6.8.0-1008-aws
      version: '#8-Ubuntu SMP Sat Apr 20 00:46:25 UTC 2024'
      machine: x86_64
      compiler: 'musl-gcc 13.2.1'
      uptime: 146
      totalram: 16377602048
      freeram: 12004364288
      sharedram: 40738816
      bufferram: 112807936
      totalswap: 0
      freeswap: 0
      pagesize: 4096
      cpus: 8
      cpus-online: 8
      ticks-per-second: 100

metrics:
    - stressor: cpu
      bogo-ops: 29834
      bogo-ops-per-second-usr-sys-time: 1491.726553
      bogo-ops-per-second-real-time: 1491.693990
      wall-clock-time: 20.000081
      user-time: 19.998645
      system-time: 0.000999
      cpu-usage-per-instance: 99.997817
      max-rss: 1104

...
