BaselineInfo:
  WebDBID: -1
  TimeStamp: 20241107130236
Version:
  Major: 11
  Minor: 0
  Build: 1002
  SpecialBuildName: ""
  ptArchitecture: x86_64_linux
Results:
  Results Complete: true
  NumTestProcesses: 4
  CPU_INTEGER_MATH: 16680.929333333333
  CPU_FLOATINGPOINT_MATH: 8530.5138246026236
  CPU_PRIME: 36.495934598007153
  CPU_SORTING: 8706.1462409609012
  CPU_ENCRYPTION: 3636.7640887320226
  CPU_COMPRESSION: 62552.175880197159
  CPU_SINGLETHREAD: 2352.0017473415778
  CPU_PHYSICS: 724.12822494732814
  CPU_MATRIX_MULT_SSE: 3403.1843286620642
  CPU_mm: 359.92538748742226
  CPU_sse: 1578.9986661318435
  CPU_fma: 4352.4026164305997
  CPU_avx: 3209.8070155229498
  CPU_avx512: 4471.5290165628658
  m_CPU_enc_SHA: 3661277167.0034485
  m_CPU_enc_AES: 5494849257.9145441
  m_CPU_enc_ECDSA: 2284144198.4008145
  ME_ALLOC_S: 2000.2423956729581
  ME_READ_S: 24232.243945312501
  ME_READ_L: 11061.3369140625
  ME_WRITE: 10014.5439453125
  ME_LARGE: 5747.25
  ME_LATENCY: 62.482838785963281
  ME_THREADED: 29200.2705078125
  SUMM_CPU: 5841.8061052470848
  SUMM_ME: 1963.6751215888282
SystemInformation:
  OSName: Ubuntu 24.04.1 LTS
  Kernel: 6.8.0-1016-aws
  Device: ""
  Processor: Intel Xeon Platinum 8375C CPU @ 2.90GHz
  NumSockets: 1
  Manufacturer: GenuineIntel
  NumCores: 2
  NumLogicals: 4
  CPUFrequency: 0
  Memory: 15706
  MemModuleInfo:
    iNumMemSticks: 1
    DIMM 1:
      manufacturer: Not Specified
      modulePartNo: Not Specified
      memType: DDR4
      size: 16
      clkspeed: 1600
      moduleVoltage: 0
Checksum: FDB41E9993D71009A15D86EB46FCF69C7116EBE9