---
system-info:
      stress-ng-version: 0.17.08
      run-by: root
      date-yyyy-mm-dd: 2024:06:26
      time-hh-mm-ss: 15:38:02
      epoch-secs: 1719416282
      hostname: n4-standard-4-76ad933
      sysname: Linux
      nodename: n4-standard-4-76ad933
      release: 6.8.0-1008-gcp
      version: '#9-Ubuntu SMP Wed May 22 18:09:04 UTC 2024'
      machine: x86_64
      compiler: 'musl-gcc 13.2.1'
      uptime: 113
      totalram: 16766324736
      freeram: 11586936832
      sharedram: 274042880
      bufferram: 123060224
      totalswap: 0
      freeswap: 0
      pagesize: 4096
      cpus: 4
      cpus-online: 4
      ticks-per-second: 100

metrics:
    - stressor: cpu
      bogo-ops: 70817
      bogo-ops-per-second-usr-sys-time: 888.366958
      bogo-ops-per-second-real-time: 3540.837485
      wall-clock-time: 20.000071
      user-time: 79.708937
      system-time: 0.006995
      cpu-usage-per-instance: 99.644563
      max-rss: 1104

...
