BaselineInfo:
  WebDBID: -1
  TimeStamp: 20250527004205
Version:
  Major: 11
  Minor: 0
  Build: 1002
  SpecialBuildName: ""
  ptArchitecture: x86_64_linux
Results:
  Results Complete: true
  NumTestProcesses: 24
  CPU_INTEGER_MATH: 127710.611
  CPU_FLOATINGPOINT_MATH: 90490.498342180013
  CPU_PRIME: 259.13242120497188
  CPU_SORTING: 63225.841210603729
  CPU_ENCRYPTION: 28224.553556224502
  CPU_COMPRESSION: 462793.04937581078
  CPU_SINGLETHREAD: 3248.5495451046072
  CPU_PHYSICS: 5920.6147399356596
  CPU_MATRIX_MULT_SSE: 37597.838015671565
  CPU_mm: 3612.592943527995
  CPU_sse: 15593.58386667159
  CPU_fma: 40513.949417453325
  CPU_avx: 31998.229425480484
  CPU_avx512: 62285.589353080883
  m_CPU_enc_SHA: 29722208441.314278
  m_CPU_enc_AES: 38710263090.194847
  m_CPU_enc_ECDSA: 20354296877.805878
  ME_ALLOC_S: 14400.984233375328
  ME_READ_S: 29422.887500000001
  ME_READ_L: 10538.0703125
  ME_WRITE: 9685.3330078125
  ME_LARGE: 497614.91666666669
  ME_LATENCY: 56.953423359912883
  ME_THREADED: 174370.27783203125
  SUMM_CPU: 41703.394178982991
  SUMM_ME: 2682.9583954180298
SystemInformation:
  OSName: Ubuntu 24.04.2 LTS
  Kernel: 6.11.0-1015-azure
  Device: ""
  Processor: INTEL XEON PLATINUM 8573C
  NumSockets: 1
  Manufacturer: GenuineIntel
  NumCores: 12
  NumLogicals: 24
  CPUFrequency: 2300
  Memory: 507722
  MemModuleInfo:
    iNumMemSticks: 3
    DIMM 1:
      manufacturer: Microsoft Corporation
      modulePartNo: None
      memType: Unknown
      size: 1
      clkspeed: 0
      moduleVoltage: 0
    DIMM 2:
      manufacturer: Microsoft Corporation
      modulePartNo: None
      memType: Unknown
      size: 59
      clkspeed: 0
      moduleVoltage: 0
    DIMM 3:
      manufacturer: Microsoft Corporation
      modulePartNo: None
      memType: Unknown
      size: 444
      clkspeed: 0
      moduleVoltage: 0
Checksum: 0A44E0B0007076E14DC4AF1B7DFE4576008E5A8C