BaselineInfo:
  WebDBID: -1
  TimeStamp: 20241109070237
Version:
  Major: 11
  Minor: 0
  Build: 1002
  SpecialBuildName: ""
  ptArchitecture: x86_64_linux
Results:
  Results Complete: true
  NumTestProcesses: 64
  CPU_INTEGER_MATH: 198584.53866666672
  CPU_FLOATINGPOINT_MATH: 106708.001439281
  CPU_PRIME: 246.54860298472548
  CPU_SORTING: 98437.777884648676
  CPU_ENCRYPTION: 26614.873522841994
  CPU_COMPRESSION: 853854.80001189385
  CPU_SINGLETHREAD: 1985.4716521095042
  CPU_PHYSICS: 4269.6942679548602
  CPU_MATRIX_MULT_SSE: 52333.767868596187
  CPU_mm: 5684.7392543770065
  CPU_sse: 20488.952655265719
  CPU_fma: 62823.171878667083
  CPU_avx: 44337.685898700518
  CPU_avx512: 81685.261041751452
  m_CPU_enc_SHA: 8882832386.8174953
  m_CPU_enc_AES: 66908695406.527504
  m_CPU_enc_ECDSA: 7931625063.917655
  ME_ALLOC_S: 22021.787277450494
  ME_READ_S: 24332.786718750001
  ME_READ_L: 10693.1474609375
  ME_WRITE: 10178.2880859375
  ME_LARGE: 52609.833333333336
  ME_LATENCY: 51.199813047638393
  ME_THREADED: 166589.56018066406
  SUMM_CPU: 45662.187165894684
  SUMM_ME: 2706.0570186374139
SystemInformation:
  OSName: Ubuntu 24.04.1 LTS
  Kernel: 6.8.0-1015-gcp
  Device: ""
  Processor: Intel Xeon CPU @ 2.80GHz
  NumSockets: 2
  Manufacturer: GenuineIntel
  NumCores: 32
  NumLogicals: 64
  CPUFrequency: 0
  Memory: 64375
  MemModuleInfo:
    iNumMemSticks: 4
    DIMM 1:
      manufacturer: ""
      modulePartNo: ""
      memType: RAM
      size: 16
      clkspeed: 0
      moduleVoltage: 0
    DIMM 2:
      manufacturer: ""
      modulePartNo: ""
      memType: RAM
      size: 16
      clkspeed: 0
      moduleVoltage: 0
    DIMM 3:
      manufacturer: ""
      modulePartNo: ""
      memType: RAM
      size: 16
      clkspeed: 0
      moduleVoltage: 0
    DIMM 4:
      manufacturer: ""
      modulePartNo: ""
      memType: RAM
      size: 16
      clkspeed: 0
      moduleVoltage: 0
Checksum: 2F10F602283FD7AC23B8F260C66BD7572DEDF916