---
system-info:
      stress-ng-version: 0.17.08
      run-by: root
      date-yyyy-mm-dd: 2024:07:09
      time-hh-mm-ss: 17:32:37
      epoch-secs: 1720546357
      hostname: ip-172-31-0-138
      sysname: Linux
      nodename: ip-172-31-0-138
      release: 6.8.0-1009-aws
      version: '#9-Ubuntu SMP Fri May 17 20:15:49 UTC 2024'
      machine: aarch64
      compiler: 'musl-gcc 13.2.1'
      uptime: 152
      totalram: 66201067520
      freeram: 61029359616
      sharedram: 39292928
      bufferram: 133386240
      totalswap: 0
      freeswap: 0
      pagesize: 4096
      cpus: 8
      cpus-online: 8
      ticks-per-second: 100

metrics:
    - stressor: cpu
      bogo-ops: 272941
      bogo-ops-per-second-usr-sys-time: 1707.279555
      bogo-ops-per-second-real-time: 13647.017239
      wall-clock-time: 20.000048
      user-time: 159.862959
      system-time: 0.005997
      cpu-usage-per-instance: 99.917858
      max-rss: 1192

...
