BaselineInfo:
  WebDBID: -1
  TimeStamp: 20241108034104
Version:
  Major: 11
  Minor: 0
  Build: 1002
  SpecialBuildName: ""
  ptArchitecture: x86_64_linux
Results:
  Results Complete: true
  NumTestProcesses: 16
  CPU_INTEGER_MATH: 49519.944000000003
  CPU_FLOATINGPOINT_MATH: 26643.50171387332
  CPU_PRIME: 65.335216131025618
  CPU_SORTING: 25839.709346034098
  CPU_ENCRYPTION: 6814.318395698665
  CPU_COMPRESSION: 221520.74997164516
  CPU_SINGLETHREAD: 1994.4000649553407
  CPU_PHYSICS: 1441.3364374306557
  CPU_MATRIX_MULT_SSE: 13002.54544975546
  CPU_mm: 1498.0731451865192
  CPU_sse: 5429.0264125349468
  CPU_fma: 15685.048350045379
  CPU_avx: 11080.58143654509
  CPU_avx512: 19815.525599896428
  m_CPU_enc_SHA: 2232693538.251904
  m_CPU_enc_AES: 17205050723.15139
  m_CPU_enc_ECDSA: 1998247916.8610773
  ME_ALLOC_S: 5671.0379362125559
  ME_READ_S: 24162.230078125001
  ME_READ_L: 10583.42578125
  ME_WRITE: 9864.62109375
  ME_LARGE: 5745.416666666667
  ME_LATENCY: 54.9477586406123
  ME_THREADED: 73611.3466796875
  SUMM_CPU: 15418.19687246498
  SUMM_ME: 2224.4507162788072
SystemInformation:
  OSName: Ubuntu 24.04.1 LTS
  Kernel: 6.8.0-1015-gcp
  Device: ""
  Processor: Intel Xeon CPU @ 2.80GHz
  NumSockets: 1
  Manufacturer: GenuineIntel
  NumCores: 8
  NumLogicals: 16
  CPUFrequency: 0
  Memory: 15986
  MemModuleInfo:
    iNumMemSticks: 1
    DIMM 1:
      manufacturer: ""
      modulePartNo: ""
      memType: RAM
      size: 16
      clkspeed: 0
      moduleVoltage: 0
Checksum: 7CFCAB462E9E8CBAB93AA6421B69B12D16DD07B5