---
system-info:
      stress-ng-version: 0.17.08
      run-by: root
      date-yyyy-mm-dd: 2024:09:23
      time-hh-mm-ss: 21:28:06
      epoch-secs: 1727126886
      hostname: c4-standard-16-ef7c2bb
      sysname: Linux
      nodename: c4-standard-16-ef7c2bb
      release: 6.8.0-1014-gcp
      version: '#16-Ubuntu SMP Mon Aug 26 15:55:46 UTC 2024'
      machine: x86_64
      compiler: 'musl-gcc 13.2.1'
      uptime: 185
      totalram: 63192940544
      freeram: 52617089024
      sharedram: 274706432
      bufferram: 251351040
      totalswap: 0
      freeswap: 0
      pagesize: 4096
      cpus: 16
      cpus-online: 16
      ticks-per-second: 100

metrics:
    - stressor: cpu
      bogo-ops: 355569
      bogo-ops-per-second-usr-sys-time: 1111.752909
      bogo-ops-per-second-real-time: 17778.382631
      wall-clock-time: 20.000076
      user-time: 319.818366
      system-time: 0.008996
      cpu-usage-per-instance: 99.945672
      max-rss: 1104

...
