---
system-info:
      stress-ng-version: 0.17.08
      run-by: root
      date-yyyy-mm-dd: 2024:09:21
      time-hh-mm-ss: 23:31:04
      epoch-secs: 1726961464
      hostname: sc-runner
      sysname: Linux
      nodename: sc-runner
      release: 6.8.0-1014-azure
      version: '#16-Ubuntu SMP Thu Aug 15 20:04:41 UTC 2024'
      machine: x86_64
      compiler: 'musl-gcc 13.2.1'
      uptime: 1488
      totalram: 135069118464
      freeram: 124731228160
      sharedram: 38133760
      bufferram: 248094720
      totalswap: 0
      freeswap: 0
      pagesize: 4096
      cpus: 8
      cpus-online: 8
      ticks-per-second: 100

metrics:
    - stressor: cpu
      bogo-ops: 215686
      bogo-ops-per-second-usr-sys-time: 1351.476086
      bogo-ops-per-second-real-time: 10784.281520
      wall-clock-time: 20.000034
      user-time: 159.567923
      system-time: 0.024986
      cpu-usage-per-instance: 99.745397
      max-rss: 3152

...
