---
system-info:
      stress-ng-version: 0.17.08
      run-by: root
      date-yyyy-mm-dd: 2024:06:07
      time-hh-mm-ss: 17:00:33
      epoch-secs: 1717779633
      hostname: 7e48239003f3
      sysname: Linux
      nodename: 7e48239003f3
      release: 6.8.0-1008-aws
      version: '#8-Ubuntu SMP Sat Apr 20 00:46:25 UTC 2024'
      machine: x86_64
      compiler: 'musl-gcc 13.2.1'
      uptime: 170
      totalram: 7795359744
      freeram: 3598540800
      sharedram: 27533312
      bufferram: 95801344
      totalswap: 0
      freeswap: 0
      pagesize: 4096
      cpus: 2
      cpus-online: 2
      ticks-per-second: 100

metrics:
    - stressor: cpu
      bogo-ops: 20051
      bogo-ops-per-second-usr-sys-time: 1011.558230
      bogo-ops-per-second-real-time: 2004.981498
      wall-clock-time: 10.000591
      user-time: 19.815891
      system-time: 0.006003
      cpu-usage-per-instance: 99.103613
      max-rss: 4048

...
