---
system-info:
      stress-ng-version: 0.17.08
      run-by: root
      date-yyyy-mm-dd: 2024:06:14
      time-hh-mm-ss: 16:25:45
      epoch-secs: 1718382345
      hostname: 28e3af8771d3
      sysname: Linux
      nodename: 28e3af8771d3
      release: 6.8.0-1008-aws
      version: '#8-Ubuntu SMP Sat Apr 20 00:46:25 UTC 2024'
      machine: x86_64
      compiler: 'musl-gcc 13.2.1'
      uptime: 179
      totalram: 7795363840
      freeram: 3482894336
      sharedram: 27533312
      bufferram: 111755264
      totalswap: 0
      freeswap: 0
      pagesize: 4096
      cpus: 2
      cpus-online: 2
      ticks-per-second: 100

metrics:
    - stressor: cpu
      bogo-ops: 32972
      bogo-ops-per-second-usr-sys-time: 836.598797
      bogo-ops-per-second-real-time: 1648.595755
      wall-clock-time: 20.000051
      user-time: 39.410973
      system-time: 0.000989
      cpu-usage-per-instance: 98.529651
      max-rss: 976

...
