---
system-info:
      stress-ng-version: 0.17.08
      run-by: root
      date-yyyy-mm-dd: 2024:06:07
      time-hh-mm-ss: 11:55:47
      epoch-secs: 1717761347
      hostname: 4dab860cd808
      sysname: Linux
      nodename: 4dab860cd808
      release: 6.8.0-1008-aws
      version: '#8-Ubuntu SMP Sat Apr 20 00:46:25 UTC 2024'
      machine: x86_64
      compiler: 'musl-gcc 13.2.1'
      uptime: 127
      totalram: 66684055552
      freeram: 62393679872
      sharedram: 40763392
      bufferram: 90763264
      totalswap: 0
      freeswap: 0
      pagesize: 4096
      cpus: 8
      cpus-online: 8
      ticks-per-second: 100

metrics:
    - stressor: cpu
      bogo-ops: 14346
      bogo-ops-per-second-usr-sys-time: 1434.182223
      bogo-ops-per-second-real-time: 1434.184411
      wall-clock-time: 10.002898
      user-time: 10.002913
      system-time: 0.000000
      cpu-usage-per-instance: 100.000153
      max-rss: 4048

...
