---
system-info:
      stress-ng-version: 0.17.08
      run-by: root
      date-yyyy-mm-dd: 2024:06:13
      time-hh-mm-ss: 08:27:20
      epoch-secs: 1718267240
      hostname: eb87f76de4fe
      sysname: Linux
      nodename: eb87f76de4fe
      release: 6.8.0-1008-aws
      version: '#8-Ubuntu SMP Sat Apr 20 00:46:25 UTC 2024'
      machine: x86_64
      compiler: 'musl-gcc 13.2.1'
      uptime: 175
      totalram: 66684051456
      freeram: 62245310464
      sharedram: 40763392
      bufferram: 107089920
      totalswap: 0
      freeswap: 0
      pagesize: 4096
      cpus: 8
      cpus-online: 8
      ticks-per-second: 100

metrics:
    - stressor: cpu
      bogo-ops: 25658
      bogo-ops-per-second-usr-sys-time: 1282.910199
      bogo-ops-per-second-real-time: 1282.890763
      wall-clock-time: 20.000144
      user-time: 19.999841
      system-time: 0.000000
      cpu-usage-per-instance: 99.998485
      max-rss: 1104

...
