BaselineInfo:
  WebDBID: -1
  TimeStamp: 20241108054018
Version:
  Major: 11
  Minor: 0
  Build: 1002
  SpecialBuildName: ""
  ptArchitecture: aarch64_linux
Results:
  Results Complete: true
  NumTestProcesses: 32
  CPU_INTEGER_MATH: 201761.43366666665
  CPU_FLOATINGPOINT_MATH: 169530.74954411486
  CPU_PRIME: 420.16183156229147
  CPU_SORTING: 163545.02093370861
  CPU_ENCRYPTION: 5985.5262184512976
  CPU_COMPRESSION: 219392.56352723669
  CPU_SINGLETHREAD: 1881.4827478909549
  CPU_PHYSICS: 9367.9270209780261
  CPU_MATRIX_MULT_SSE: 28618.712008011513
  CPU_mm: 4585.2803974192884
  CPU_sse: 24138.695463742119
  CPU_fma: 33098.728552280903
  CPU_avx: 0
  CPU_avx512: 0
  m_CPU_enc_SHA: 8735322809.6873875
  m_CPU_enc_AES: 3879608787.1555963
  m_CPU_enc_ECDSA: 6213905823.2733803
  ME_ALLOC_S: 38223.197263765258
  ME_READ_S: 25478.1484375
  ME_READ_L: 18902.603515625
  ME_WRITE: 25745.2578125
  ME_LARGE: 52392.833333333336
  ME_LATENCY: 53.103169393580913
  ME_THREADED: 439861.1630859375
  SUMM_CPU: 26523.928159453029
  SUMM_ME: 3305.1470504875542
SystemInformation:
  OSName: Ubuntu 24.04.1 LTS
  Kernel: 6.8.0-1017-azure
  Device: ""
  Processor: ARM Neoverse-N2 32 Core 0 MHz
  NumSockets: 1
  Manufacturer: ARM
  NumCores: 32
  NumLogicals: 32
  CPUFrequency: 0
  Memory: 64168
Checksum: 883D01C6CA8B594CBD222E5A59F7FD65375B92B9