BaselineInfo:
  WebDBID: -1
  TimeStamp: 20241108225735
Version:
  Major: 11
  Minor: 0
  Build: 1002
  SpecialBuildName: ""
  ptArchitecture: aarch64_linux
Results:
  Results Complete: true
  NumTestProcesses: 16
  CPU_INTEGER_MATH: 76421.418000000005
  CPU_FLOATINGPOINT_MATH: 75962.492304576881
  CPU_PRIME: 161.48545196488433
  CPU_SORTING: 63334.520304976948
  CPU_ENCRYPTION: 2231.5254641147026
  CPU_COMPRESSION: 84716.709761136633
  CPU_SINGLETHREAD: 1562.0732134763239
  CPU_PHYSICS: 3928.6870753036292
  CPU_MATRIX_MULT_SSE: 15660.634778867627
  CPU_mm: 1736.987535920711
  CPU_sse: 12447.142428448858
  CPU_fma: 18874.1271292864
  CPU_avx: 0
  CPU_avx512: 0
  m_CPU_enc_SHA: 3391839146.8459024
  m_CPU_enc_AES: 1297969779.943289
  m_CPU_enc_ECDSA: 2329963208.3894234
  ME_ALLOC_S: 16175.107216989993
  ME_READ_S: 19697.039843750001
  ME_READ_L: 19059.564453125
  ME_WRITE: 19713.830078125
  ME_LARGE: 116103.58333333333
  ME_LATENCY: 48.61894963722046
  ME_THREADED: 205261.9609375
  SUMM_CPU: 11646.257449867908
  SUMM_ME: 3147.1623679164409
SystemInformation:
  OSName: Ubuntu 24.04.1 LTS
  Kernel: 6.8.0-1016-aws
  Device: ""
  Processor: ARM Neoverse-V1 16 Core 0 MHz
  NumSockets: 1
  Manufacturer: ARM
  NumCores: 16
  NumLogicals: 16
  CPUFrequency: 0
  Memory: 126510
Checksum: 3DA0C2F95B970A032C59646C1CF0D49343AE7C74