BaselineInfo:
  WebDBID: -1
  TimeStamp: 20260612045753
Version:
  Major: 11
  Minor: 0
  Build: 1004
  SpecialBuildName: ""
  ptArchitecture: x86_64_linux
Results:
  Results Complete: true
  NumTestProcesses: 2
  CPU_INTEGER_MATH: 9433.2020000000011
  CPU_FLOATINGPOINT_MATH: 5285.7698616616981
  CPU_PRIME: 22.940321870302451
  CPU_SORTING: 5811.2699720487781
  CPU_ENCRYPTION: 2381.5867113536451
  CPU_COMPRESSION: 39267.315198898126
  CPU_SINGLETHREAD: 2818.211756205229
  CPU_PHYSICS: 486.60278678065868
  CPU_MATRIX_MULT_SSE: 2615.5088963427856
  CPU_mm: 252.83455278228047
  CPU_sse: 1112.8836955899831
  CPU_fma: 3483.7677489530788
  CPU_avx: 2869.4754299893239
  CPU_avx512: 2995.9087108387566
  m_CPU_enc_SHA: 3339217235.4275575
  m_CPU_enc_AES: 2262120400.6630154
  m_CPU_enc_ECDSA: 1890486366.242506
  ME_ALLOC_S: 1085.3362744719252
  ME_READ_S: 27076.488476562499
  ME_READ_L: 25954.787109375
  ME_WRITE: 25675.345703125
  ME_LARGE: 3041
  ME_LATENCY: 69.560157725998806
  ME_THREADED: 27143.01953125
  SUMM_CPU: 3814.0975475699388
  SUMM_ME: 1904.6166569754378
SystemInformation:
  OSName: Ubuntu 24.04.4 LTS
  Kernel: 6.8.0-117-generic
  Device: ""
  Processor: "AMD EPYC 9T24 96-Core Processor                "
  NumSockets: 1
  Manufacturer: AuthenticAMD
  NumCores: 1
  NumLogicals: 2
  CPUFrequency: 0
  CPUMaxFrequency: 0
  Memory: 7397
  CPUInfo:
    number: 1
    Family: 15
    Model: 1
    stepping: 1
    features: 395049983
    manufacture: AuthenticAMD
    typestring: "AMD EPYC 9T24 96-Core Processor                "
    iCoresPerPackage: 1
    iThreadsPerPackage: 2
    featuresEx:
      - 395049983
      - 4277809667
      - 802421759
    bHybrid: false
    nPCore: 0
    nLogicalsPerPCore: 0
    nECore: 0
    nLogicalsPerECore: 0
  MemModuleInfo:
    iNumMemSticks: 1
    DIMM 1:
      manufacturer: Alibaba Cloud
      modulePartNo: Not Specified
      memType: RAM
      size: 8
      clkspeed: 0
      moduleVoltage: 0
Checksum: 761A0D125E922A696BF09AC34DECBA0DAD2DE5E2