---
system-info:
      stress-ng-version: 0.17.08
      run-by: root
      date-yyyy-mm-dd: 2024:07:02
      time-hh-mm-ss: 10:42:46
      epoch-secs: 1719916966
      hostname: c3-standard-22-lssd-4ab9d61
      sysname: Linux
      nodename: c3-standard-22-lssd-4ab9d61
      release: 6.8.0-1009-gcp
      version: '#10-Ubuntu SMP Wed Jun 12 18:52:23 UTC 2024'
      machine: x86_64
      compiler: 'musl-gcc 13.2.1'
      uptime: 138
      totalram: 92785803264
      freeram: 87485693952
      sharedram: 111607808
      bufferram: 127627264
      totalswap: 0
      freeswap: 0
      pagesize: 4096
      cpus: 22
      cpus-online: 22
      ticks-per-second: 100

metrics:
    - stressor: cpu
      bogo-ops: 32483
      bogo-ops-per-second-usr-sys-time: 1624.148619
      bogo-ops-per-second-real-time: 1624.141462
      wall-clock-time: 20.000105
      user-time: 20.000017
      system-time: 0.000000
      cpu-usage-per-instance: 99.999559
      max-rss: 1060

...
