BaselineInfo:
  WebDBID: -1
  TimeStamp: 20250923062036
Version:
  Major: 11
  Minor: 0
  Build: 1002
  SpecialBuildName: ""
  ptArchitecture: aarch64_linux
Results:
  Results Complete: true
  NumTestProcesses: 16
  CPU_INTEGER_MATH: 83504.543666666665
  CPU_FLOATINGPOINT_MATH: 97015.80389539653
  CPU_PRIME: 266.37187746809366
  CPU_SORTING: 74300.48953605906
  CPU_ENCRYPTION: 3028.4226531474797
  CPU_COMPRESSION: 106371.21017479988
  CPU_SINGLETHREAD: 1944.819154457874
  CPU_PHYSICS: 4931.2600966891914
  CPU_MATRIX_MULT_SSE: 14710.696678203161
  CPU_mm: 1805.1249945924419
  CPU_sse: 11528.615849561413
  CPU_fma: 17892.777506844912
  CPU_avx: 0
  CPU_avx512: 0
  m_CPU_enc_SHA: 4780027750.6859798
  m_CPU_enc_AES: 1719828103.4719024
  m_CPU_enc_ECDSA: 3026738081.6824331
  ME_ALLOC_S: 24322.527561317911
  ME_READ_S: 21167.9658203125
  ME_READ_L: 20143.611328125
  ME_WRITE: 21299.00390625
  ME_LARGE: 116183.5
  ME_LATENCY: 44.757821216803386
  ME_THREADED: 285467.6953125
  SUMM_CPU: 14607.798024463869
  SUMM_ME: 3414.274552135907
SystemInformation:
  OSName: Ubuntu 24.04.2 LTS
  Kernel: 6.14.0-1012-aws
  Device: ""
  Processor: ARM Neoverse-V2 16 Core 0 MHz
  NumSockets: 1
  Manufacturer: ARM
  NumCores: 16
  NumLogicals: 16
  CPUFrequency: 0
  Memory: 126507
Checksum: 2F12B8FB0EAC4A504B2AFB27B9BDC1CF83DD8843