---
system-info:
      stress-ng-version: 0.17.08
      run-by: root
      date-yyyy-mm-dd: 2024:06:08
      time-hh-mm-ss: 17:18:15
      epoch-secs: 1717867095
      hostname: 8213324a3e2b
      sysname: Linux
      nodename: 8213324a3e2b
      release: 6.8.0-1008-aws
      version: '#8-Ubuntu SMP Sat Apr 20 00:46:25 UTC 2024'
      machine: x86_64
      compiler: 'musl-gcc 13.2.1'
      uptime: 107
      totalram: 8158908416
      freeram: 3783917568
      sharedram: 59867136
      bufferram: 103354368
      totalswap: 0
      freeswap: 0
      pagesize: 4096
      cpus: 2
      cpus-online: 2
      ticks-per-second: 100

metrics:
    - stressor: cpu
      bogo-ops: 24539
      bogo-ops-per-second-usr-sys-time: 1240.287243
      bogo-ops-per-second-real-time: 2453.589580
      wall-clock-time: 10.001265
      user-time: 19.777946
      system-time: 0.006987
      cpu-usage-per-instance: 98.912151
      max-rss: 4048

...
