---
system-info:
      stress-ng-version: 0.17.08
      run-by: root
      date-yyyy-mm-dd: 2024:06:14
      time-hh-mm-ss: 23:41:23
      epoch-secs: 1718408483
      hostname: 632d3b186c24
      sysname: Linux
      nodename: 632d3b186c24
      release: 6.8.0-1008-aws
      version: '#8-Ubuntu SMP Sat Apr 20 00:46:25 UTC 2024'
      machine: x86_64
      compiler: 'musl-gcc 13.2.1'
      uptime: 113
      totalram: 8158912512
      freeram: 3839049728
      sharedram: 59867136
      bufferram: 108277760
      totalswap: 0
      freeswap: 0
      pagesize: 4096
      cpus: 2
      cpus-online: 2
      ticks-per-second: 100

metrics:
    - stressor: cpu
      bogo-ops: 38417
      bogo-ops-per-second-usr-sys-time: 968.439344
      bogo-ops-per-second-real-time: 1920.840818
      wall-clock-time: 20.000096
      user-time: 39.664986
      system-time: 0.003993
      cpu-usage-per-instance: 99.171973
      max-rss: 1104

...
