BaselineInfo:
  WebDBID: -1
  TimeStamp: 20260618232026
Version:
  Major: 11
  Minor: 0
  Build: 1004
  SpecialBuildName: ""
  ptArchitecture: x86_64_linux
Results:
  Results Complete: true
  NumTestProcesses: 8
  CPU_INTEGER_MATH: 20842.192000000003
  CPU_FLOATINGPOINT_MATH: 13180.521040635776
  CPU_PRIME: 55.352561011934995
  CPU_SORTING: 13282.645070671646
  CPU_ENCRYPTION: 2024.5439071850892
  CPU_COMPRESSION: 92002.83733865789
  CPU_SINGLETHREAD: 1843.2357116381017
  CPU_PHYSICS: 818.96803360295803
  CPU_MATRIX_MULT_SSE: 4265.6775138546327
  CPU_mm: 629.86517454504803
  CPU_sse: 2599.1868202012924
  CPU_fma: 5890.5800885809085
  CPU_avx: 4307.2656327816967
  CPU_avx512: 0
  m_CPU_enc_SHA: 913703921.47582281
  m_CPU_enc_AES: 4625443729.9045277
  m_CPU_enc_ECDSA: 829516804.68118501
  ME_ALLOC_S: 2252.2028338464065
  ME_READ_S: 21056.9208984375
  ME_READ_L: 7148.91650390625
  ME_WRITE: 6320.42724609375
  ME_LARGE: 20527.75
  ME_LATENCY: 69.524073529132934
  ME_THREADED: 35549.021484375
  SUMM_CPU: 6698.5286554104723
  SUMM_ME: 1780.343992473435
SystemInformation:
  OSName: Ubuntu 24.04.4 LTS
  Kernel: 6.8.0-117-generic
  Device: ""
  Processor: Intel(R) Xeon(R) CPU E5-2682 v4 @ 2.50GHz
  NumSockets: 1
  Manufacturer: GenuineIntel
  NumCores: 4
  NumLogicals: 8
  CPUFrequency: 0
  CPUMaxFrequency: 0
  Memory: 31711
  CPUInfo:
    number: 1
    Family: 6
    Model: 15
    stepping: 1
    features: 529267711
    manufacture: GenuineIntel
    typestring: Intel(R) Xeon(R) CPU E5-2682 v4 @ 2.50GHz
    iCoresPerPackage: 4
    iThreadsPerPackage: 2
    featuresEx:
      - 529267711
      - 4294586883
      - 739248128
    bHybrid: false
    nPCore: 0
    nLogicalsPerPCore: 0
    nECore: 0
    nLogicalsPerECore: 0
  MemModuleInfo:
    iNumMemSticks: 2
    DIMM 1:
      manufacturer: Alibaba Cloud
      modulePartNo: Not Specified
      memType: RAM
      size: 16
      clkspeed: 0
      moduleVoltage: 0
    DIMM 2:
      manufacturer: Alibaba Cloud
      modulePartNo: Not Specified
      memType: RAM
      size: 16
      clkspeed: 0
      moduleVoltage: 0
Checksum: 4254AD193C07F2749F6200FCF6989F227005E0AD