---
system-info:
      stress-ng-version: 0.17.08
      run-by: root
      date-yyyy-mm-dd: 2024:09:17
      time-hh-mm-ss: 00:17:48
      epoch-secs: 1726532268
      hostname: sc-runner
      sysname: Linux
      nodename: sc-runner
      release: 6.8.0-1014-azure
      version: '#16-Ubuntu SMP Thu Aug 15 20:04:41 UTC 2024'
      machine: x86_64
      compiler: 'musl-gcc 13.2.1'
      uptime: 346
      totalram: 147648507904
      freeram: 137159938048
      sharedram: 57171968
      bufferram: 271966208
      totalswap: 0
      freeswap: 0
      pagesize: 4096
      cpus: 20
      cpus-online: 20
      ticks-per-second: 100

metrics:
    - stressor: cpu
      bogo-ops: 22264
      bogo-ops-per-second-usr-sys-time: 1113.311498
      bogo-ops-per-second-real-time: 1113.191905
      wall-clock-time: 20.000145
      user-time: 19.996996
      system-time: 0.001001
      cpu-usage-per-instance: 99.989258
      max-rss: 1140

...
