BaselineInfo:
  WebDBID: -1
  TimeStamp: 20260617230827
Version:
  Major: 11
  Minor: 0
  Build: 1004
  SpecialBuildName: ""
  ptArchitecture: x86_64_linux
Results:
  Results Complete: true
  NumTestProcesses: 12
  CPU_INTEGER_MATH: 37918.283666666655
  CPU_FLOATINGPOINT_MATH: 23922.595998208446
  CPU_PRIME: 57.331314598931137
  CPU_SORTING: 23875.508153941177
  CPU_ENCRYPTION: 3680.0892290897868
  CPU_COMPRESSION: 167533.11469698459
  CPU_SINGLETHREAD: 2265.5882303967869
  CPU_PHYSICS: 910.62161389631387
  CPU_MATRIX_MULT_SSE: 8781.045510314314
  CPU_mm: 1143.5604448368354
  CPU_sse: 4604.3710637608874
  CPU_fma: 12405.807441665091
  CPU_avx: 9332.9580255169585
  CPU_avx512: 0
  m_CPU_enc_SHA: 1658062606.0148358
  m_CPU_enc_AES: 8407745447.3544378
  m_CPU_enc_ECDSA: 1510751677.0768845
  ME_ALLOC_S: 3836.6347296264935
  ME_READ_S: 25162.6484375
  ME_READ_L: 8139.95703125
  ME_WRITE: 7300.701171875
  ME_LARGE: 15340.083333333334
  ME_LATENCY: 63.437002819356188
  ME_THREADED: 49772.14990234375
  SUMM_CPU: 11610.139970455577
  SUMM_ME: 2039.5435169493039
SystemInformation:
  OSName: Ubuntu 24.04.4 LTS
  Kernel: 6.8.0-117-generic
  Device: ""
  Processor: Intel(R) Xeon(R) CPU E5-2667 v4 @ 3.20GHz
  NumSockets: 1
  Manufacturer: GenuineIntel
  NumCores: 6
  NumLogicals: 12
  CPUFrequency: 0
  CPUMaxFrequency: 0
  Memory: 23646
  CPUInfo:
    number: 1
    Family: 6
    Model: 15
    stepping: 1
    features: 529267711
    manufacture: GenuineIntel
    typestring: Intel(R) Xeon(R) CPU E5-2667 v4 @ 3.20GHz
    iCoresPerPackage: 6
    iThreadsPerPackage: 2
    featuresEx:
      - 529267711
      - 4294586883
      - 739248128
    bHybrid: false
    nPCore: 0
    nLogicalsPerPCore: 0
    nECore: 0
    nLogicalsPerECore: 0
  MemModuleInfo:
    iNumMemSticks: 2
    DIMM 1:
      manufacturer: Alibaba Cloud
      modulePartNo: Not Specified
      memType: RAM
      size: 16
      clkspeed: 0
      moduleVoltage: 0
    DIMM 2:
      manufacturer: Alibaba Cloud
      modulePartNo: Not Specified
      memType: RAM
      size: 8
      clkspeed: 0
      moduleVoltage: 0
Checksum: D95AC456CA799E668308A2C5836B19E6E280F00F