BaselineInfo:
  WebDBID: -1
  TimeStamp: 20241108182028
Version:
  Major: 11
  Minor: 0
  Build: 1002
  SpecialBuildName: ""
  ptArchitecture: x86_64_linux
Results:
  Results Complete: true
  NumTestProcesses: 48
  CPU_INTEGER_MATH: 220823.4663333334
  CPU_FLOATINGPOINT_MATH: 121179.39128785752
  CPU_PRIME: 257.99241177907805
  CPU_SORTING: 99472.578416244913
  CPU_ENCRYPTION: 56919.893483189189
  CPU_COMPRESSION: 836579.22415856004
  CPU_SINGLETHREAD: 2645.3429793055388
  CPU_PHYSICS: 3767.1900311147265
  CPU_MATRIX_MULT_SSE: 49283.184691732058
  CPU_mm: 5972.9361846535539
  CPU_sse: 25362.380042378194
  CPU_fma: 67558.043172537669
  CPU_avx: 54929.130860280304
  CPU_avx512: 0
  m_CPU_enc_SHA: 82573844649.29039
  m_CPU_enc_AES: 52793093526.920441
  m_CPU_enc_ECDSA: 43687564510.874924
  ME_ALLOC_S: 17931.706399196126
  ME_READ_S: 26385.328906250001
  ME_READ_L: 17585.8671875
  ME_WRITE: 17010.79296875
  ME_LARGE: 177674.83333333334
  ME_LATENCY: 62.364181155632423
  ME_THREADED: 80662.2138671875
  SUMM_CPU: 54515.255671847714
  SUMM_ME: 2860.3811568936962
SystemInformation:
  OSName: Ubuntu 24.04.1 LTS
  Kernel: 6.8.0-1016-aws
  Device: ""
  Processor: AMD EPYC 7R13 Processor
  NumSockets: 1
  Manufacturer: AuthenticAMD
  NumCores: 24
  NumLogicals: 48
  CPUFrequency: 0
  Memory: 189148
  MemModuleInfo:
    iNumMemSticks: 1
    DIMM 1:
      manufacturer: Not Specified
      modulePartNo: Not Specified
      memType: DDR4
      size: 192
      clkspeed: 1600
      moduleVoltage: 0
Checksum: 72DD88803ACDFC5A244A08F91183580B8351F169