BaselineInfo:
  WebDBID: -1
  TimeStamp: 20251105000718
Version:
  Major: 11
  Minor: 0
  Build: 1002
  SpecialBuildName: ""
  ptArchitecture: x86_64_linux
Results:
  Results Complete: true
  NumTestProcesses: 64
  CPU_INTEGER_MATH: 484272.09033333336
  CPU_FLOATINGPOINT_MATH: 475352.77249315247
  CPU_PRIME: 1603.9212472571248
  CPU_SORTING: 252721.09740417087
  CPU_ENCRYPTION: 98982.539248741334
  CPU_COMPRESSION: 1843494.0547185519
  CPU_SINGLETHREAD: 3840.4282431299794
  CPU_PHYSICS: 21942.18313652798
  CPU_MATRIX_MULT_SSE: 158564.27159053768
  CPU_mm: 18640.640051650196
  CPU_sse: 58931.905773295643
  CPU_fma: 214452.74568261599
  CPU_avx: 120645.39344381948
  CPU_avx512: 240227.04146242005
  m_CPU_enc_SHA: 139005114124.37512
  m_CPU_enc_AES: 87485189472.950684
  m_CPU_enc_ECDSA: 84881841628.538788
  ME_ALLOC_S: 43219.87833421136
  ME_READ_S: 33808.876953125
  ME_READ_L: 32668.828125
  ME_WRITE: 32958
  ME_LARGE: 494203.5
  ME_LATENCY: 88.293863008925996
  ME_THREADED: 531783.33642578125
  SUMM_CPU: 119031.35389500958
  SUMM_ME: 2781.0796554637009
SystemInformation:
  OSName: Ubuntu 24.04.2 LTS
  Kernel: 6.14.0-1015-aws
  Device: ""
  Processor: AMD EPYC 9R45
  NumSockets: 1
  Manufacturer: AuthenticAMD
  NumCores: 64
  NumLogicals: 64
  CPUFrequency: 0
  Memory: 506324
  MemModuleInfo:
    iNumMemSticks: 1
    DIMM 1:
      manufacturer: Not Specified
      modulePartNo: Not Specified
      memType: DDR5
      size: 512
      clkspeed: 3200
      moduleVoltage: 0
Checksum: 5AA28E241897CD8800066A3A9B9C3CB0A4CD4F68