---
system-info:
      stress-ng-version: 0.17.08
      run-by: root
      date-yyyy-mm-dd: 2024:08:30
      time-hh-mm-ss: 16:12:14
      epoch-secs: 1725034334
      hostname: sc-runner
      sysname: Linux
      nodename: sc-runner
      release: 6.8.0-1013-azure
      version: '#15-Ubuntu SMP Thu Aug  8 18:40:40 UTC 2024'
      machine: x86_64
      compiler: 'musl-gcc 13.2.1'
      uptime: 317
      totalram: 16765739008
      freeram: 8339406848
      sharedram: 54890496
      bufferram: 201199616
      totalswap: 0
      freeswap: 0
      pagesize: 4096
      cpus: 2
      cpus-online: 2
      ticks-per-second: 100

metrics:
    - stressor: cpu
      bogo-ops: 38502
      bogo-ops-per-second-usr-sys-time: 976.364929
      bogo-ops-per-second-real-time: 1925.091807
      wall-clock-time: 20.000085
      user-time: 39.423042
      system-time: 0.010984
      cpu-usage-per-instance: 98.584645
      max-rss: 3256

...
