---
system-info:
      stress-ng-version: 0.17.08
      run-by: root
      date-yyyy-mm-dd: 2024:06:07
      time-hh-mm-ss: 23:55:34
      epoch-secs: 1717804534
      hostname: 4708241b0a4a
      sysname: Linux
      nodename: 4708241b0a4a
      release: 6.8.0-1008-aws
      version: '#8-Ubuntu SMP Sat Apr 20 00:46:25 UTC 2024'
      machine: x86_64
      compiler: 'musl-gcc 13.2.1'
      uptime: 117
      totalram: 540826849280
      freeram: 534008836096
      sharedram: 116629504
      bufferram: 95444992
      totalswap: 0
      freeswap: 0
      pagesize: 4096
      cpus: 128
      cpus-online: 128
      ticks-per-second: 100

metrics:
    - stressor: cpu
      bogo-ops: 16950
      bogo-ops-per-second-usr-sys-time: 1694.850853
      bogo-ops-per-second-real-time: 1694.856550
      wall-clock-time: 10.000846
      user-time: 9.997881
      system-time: 0.002999
      cpu-usage-per-instance: 100.000336
      max-rss: 3072

...
