---
system-info:
      stress-ng-version: 0.17.08
      run-by: root
      date-yyyy-mm-dd: 2024:06:13
      time-hh-mm-ss: 14:56:12
      epoch-secs: 1718290572
      hostname: 0920ed072bb3
      sysname: Linux
      nodename: 0920ed072bb3
      release: 6.8.0-1008-aws
      version: '#8-Ubuntu SMP Sat Apr 20 00:46:25 UTC 2024'
      machine: x86_64
      compiler: 'musl-gcc 13.2.1'
      uptime: 180
      totalram: 540826816512
      freeram: 533877874688
      sharedram: 116629504
      bufferram: 107880448
      totalswap: 0
      freeswap: 0
      pagesize: 4096
      cpus: 128
      cpus-online: 128
      ticks-per-second: 100

metrics:
    - stressor: cpu
      bogo-ops: 38189
      bogo-ops-per-second-usr-sys-time: 1909.434725
      bogo-ops-per-second-real-time: 1909.449158
      wall-clock-time: 20.000009
      user-time: 20.000160
      system-time: 0.000000
      cpu-usage-per-instance: 100.000756
      max-rss: 0

...
