---
system-info:
      stress-ng-version: 0.17.08
      run-by: root
      date-yyyy-mm-dd: 2024:08:30
      time-hh-mm-ss: 19:34:37
      epoch-secs: 1725046477
      hostname: sc-runner
      sysname: Linux
      nodename: sc-runner
      release: 6.8.0-1013-azure
      version: '#15-Ubuntu SMP Thu Aug  8 18:40:40 UTC 2024'
      machine: x86_64
      compiler: 'musl-gcc 13.2.1'
      uptime: 334
      totalram: 16765030400
      freeram: 8278556672
      sharedram: 54919168
      bufferram: 209412096
      totalswap: 0
      freeswap: 0
      pagesize: 4096
      cpus: 4
      cpus-online: 4
      ticks-per-second: 100

metrics:
    - stressor: cpu
      bogo-ops: 77299
      bogo-ops-per-second-usr-sys-time: 970.540890
      bogo-ops-per-second-real-time: 3864.934047
      wall-clock-time: 20.000083
      user-time: 79.638287
      system-time: 0.006992
      cpu-usage-per-instance: 99.556188
      max-rss: 3128

...
