BaselineInfo:
  WebDBID: -1
  TimeStamp: 20260617183836
Version:
  Major: 11
  Minor: 0
  Build: 1004
  SpecialBuildName: ""
  ptArchitecture: x86_64_linux
Results:
  Results Complete: true
  NumTestProcesses: 8
  CPU_INTEGER_MATH: 25663.186666666665
  CPU_FLOATINGPOINT_MATH: 19400.258789907497
  CPU_PRIME: 79.902647343072573
  CPU_SORTING: 17851.376712867874
  CPU_ENCRYPTION: 3317.145164272647
  CPU_COMPRESSION: 136963.0523549529
  CPU_SINGLETHREAD: 1685.397393047848
  CPU_PHYSICS: 1222.8676583934152
  CPU_MATRIX_MULT_SSE: 10760.604709488867
  CPU_mm: 1157.9041993276746
  CPU_sse: 4334.2550750762421
  CPU_fma: 14544.416847288414
  CPU_avx: 9857.8059276832028
  CPU_avx512: 14305.94098790761
  m_CPU_enc_SHA: 1817969412.1758566
  m_CPU_enc_AES: 7008792481.8186378
  m_CPU_enc_ECDSA: 1608074529.3225713
  ME_ALLOC_S: 2204.0178018979973
  ME_READ_S: 19564.567968750001
  ME_READ_L: 6100.82373046875
  ME_WRITE: 6605.4541015625
  ME_LARGE: 7423.583333333333
  ME_LATENCY: 78.930286448969824
  ME_THREADED: 46291.20166015625
  SUMM_CPU: 10044.030228242653
  SUMM_ME: 1578.5367808661811
SystemInformation:
  OSName: Ubuntu 24.04.4 LTS
  Kernel: 6.8.0-117-generic
  Device: ""
  Processor: Intel(R) Xeon(R) Platinum 8163 CPU @ 2.50GHz
  NumSockets: 1
  Manufacturer: GenuineIntel
  NumCores: 4
  NumLogicals: 8
  CPUFrequency: 2500
  CPUMaxFrequency: 3100
  Memory: 15606
  CPUInfo:
    number: 1
    Family: 6
    Model: 5
    stepping: 4
    features: 529267711
    manufacture: GenuineIntel
    typestring: Intel(R) Xeon(R) Platinum 8163 CPU @ 2.50GHz
    iCoresPerPackage: 4
    iThreadsPerPackage: 2
    featuresEx:
      - 529267711
      - 4294586883
      - 739248128
    bHybrid: false
    nPCore: 0
    nLogicalsPerPCore: 0
    nECore: 0
    nLogicalsPerECore: 0
  MemModuleInfo:
    iNumMemSticks: 1
    DIMM 1:
      manufacturer: Alibaba Cloud
      modulePartNo: Not Specified
      memType: RAM
      size: 16
      clkspeed: 0
      moduleVoltage: 0
Checksum: 6A4F9561AC393A21F5F80784EAD524FBE9FB64BF