---
system-info:
      stress-ng-version: 0.17.08
      run-by: root
      date-yyyy-mm-dd: 2024:09:16
      time-hh-mm-ss: 14:43:41
      epoch-secs: 1726497821
      hostname: sc-runner
      sysname: Linux
      nodename: sc-runner
      release: 6.8.0-1014-azure
      version: '#16-Ubuntu SMP Thu Aug 15 20:04:41 UTC 2024'
      machine: x86_64
      compiler: 'musl-gcc 13.2.1'
      uptime: 265
      totalram: 67422388224
      freeram: 57214619648
      sharedram: 54935552
      bufferram: 228048896
      totalswap: 0
      freeswap: 0
      pagesize: 4096
      cpus: 8
      cpus-online: 8
      ticks-per-second: 100

metrics:
    - stressor: cpu
      bogo-ops: 155193
      bogo-ops-per-second-usr-sys-time: 972.059617
      bogo-ops-per-second-real-time: 7759.620954
      wall-clock-time: 20.000075
      user-time: 159.628801
      system-time: 0.024987
      cpu-usage-per-instance: 99.783244
      max-rss: 3252

...
