BaselineInfo:
  WebDBID: -1
  TimeStamp: 20241109181849
Version:
  Major: 11
  Minor: 0
  Build: 1002
  SpecialBuildName: ""
  ptArchitecture: x86_64_linux
Results:
  Results Complete: true
  NumTestProcesses: 48
  CPU_INTEGER_MATH: 201382.90900000001
  CPU_FLOATINGPOINT_MATH: 102938.33647993523
  CPU_PRIME: 233.38344312751164
  CPU_SORTING: 100319.22404716419
  CPU_ENCRYPTION: 43656.326913806311
  CPU_COMPRESSION: 728992.01941374119
  CPU_SINGLETHREAD: 2370.4658468562325
  CPU_PHYSICS: 4057.3305474406484
  CPU_MATRIX_MULT_SSE: 43351.890821037756
  CPU_mm: 4338.8025868838322
  CPU_sse: 19094.773721544214
  CPU_fma: 51634.611821131046
  CPU_avx: 38737.873503203984
  CPU_avx512: 63940.304238271798
  m_CPU_enc_SHA: 44109704562.634087
  m_CPU_enc_AES: 66370820550.061012
  m_CPU_enc_ECDSA: 26850404837.218914
  ME_ALLOC_S: 21097.674721320716
  ME_READ_S: 24395.597265625001
  ME_READ_L: 11810.6123046875
  ME_WRITE: 10596.990234375
  ME_LARGE: 178699.66666666666
  ME_LATENCY: 59.055528951129041
  ME_THREADED: 157169.44116210938
  SUMM_CPU: 48761.090495458935
  SUMM_ME: 2635.9256701876898
SystemInformation:
  OSName: Ubuntu 24.04.1 LTS
  Kernel: 6.8.0-1016-aws
  Device: ""
  Processor: Intel Xeon Platinum 8375C CPU @ 2.90GHz
  NumSockets: 1
  Manufacturer: GenuineIntel
  NumCores: 24
  NumLogicals: 48
  CPUFrequency: 0
  Memory: 190156
  MemModuleInfo:
    iNumMemSticks: 1
    DIMM 1:
      manufacturer: Not Specified
      modulePartNo: Not Specified
      memType: DDR4
      size: 192
      clkspeed: 1600
      moduleVoltage: 0
Checksum: 5BAA5B05E1B34E991BFE48C705A4751589A40D54