---
system-info:
      stress-ng-version: 0.17.08
      run-by: root
      date-yyyy-mm-dd: 2024:06:15
      time-hh-mm-ss: 19:41:15
      epoch-secs: 1718480475
      hostname: 65699ed2eba8
      sysname: Linux
      nodename: 65699ed2eba8
      release: 6.8.0-1008-aws
      version: '#8-Ubuntu SMP Sat Apr 20 00:46:25 UTC 2024'
      machine: x86_64
      compiler: 'musl-gcc 13.2.1'
      uptime: 142
      totalram: 532331950080
      freeram: 527483203584
      sharedram: 60436480
      bufferram: 109064192
      totalswap: 0
      freeswap: 0
      pagesize: 4096
      cpus: 64
      cpus-online: 64
      ticks-per-second: 100

metrics:
    - stressor: cpu
      bogo-ops: 1235603
      bogo-ops-per-second-usr-sys-time: 965.629356
      bogo-ops-per-second-real-time: 61779.877079
      wall-clock-time: 20.000088
      user-time: 1279.562110
      system-time: 0.020985
      cpu-usage-per-instance: 99.966988
      max-rss: 512

...
