---
system-info:
      stress-ng-version: 0.17.08
      run-by: root
      date-yyyy-mm-dd: 2024:06:09
      time-hh-mm-ss: 16:56:08
      epoch-secs: 1717952168
      hostname: 492d5dcab9f6
      sysname: Linux
      nodename: 492d5dcab9f6
      release: 6.8.0-1008-aws
      version: '#8-Ubuntu SMP Sat Apr 20 00:46:25 UTC 2024'
      machine: x86_64
      compiler: 'musl-gcc 13.2.1'
      uptime: 149
      totalram: 532331966464
      freeram: 527412322304
      sharedram: 60436480
      bufferram: 109760512
      totalswap: 0
      freeswap: 0
      pagesize: 4096
      cpus: 64
      cpus-online: 64
      ticks-per-second: 100

metrics:
    - stressor: cpu
      bogo-ops: 758988
      bogo-ops-per-second-usr-sys-time: 1186.385671
      bogo-ops-per-second-real-time: 75884.862154
      wall-clock-time: 10.001837
      user-time: 639.686137
      system-time: 0.061981
      cpu-usage-per-instance: 99.942287
      max-rss: 3584

...
