BaselineInfo:
  WebDBID: -1
  TimeStamp: 20241230212302
Version:
  Major: 11
  Minor: 0
  Build: 1002
  SpecialBuildName: ""
  ptArchitecture: x86_64_linux
Results:
  Results Complete: true
  NumTestProcesses: 192
  CPU_INTEGER_MATH: 812536.5196666671
  CPU_FLOATINGPOINT_MATH: 575472.50972415146
  CPU_PRIME: 1577.783517804959
  CPU_SORTING: 373319.41418617486
  CPU_ENCRYPTION: 178497.90514460267
  CPU_COMPRESSION: 2873872.9336623889
  CPU_SINGLETHREAD: 3155.6217462905488
  CPU_PHYSICS: 26457.947609075061
  CPU_MATRIX_MULT_SSE: 214444.7360088171
  CPU_mm: 22007.395700090736
  CPU_sse: 93257.9558268213
  CPU_fma: 242247.33141655152
  CPU_avx: 191283.3012905551
  CPU_avx512: 330990.35550134041
  m_CPU_enc_SHA: 189137602484.82266
  m_CPU_enc_AES: 244242655641.67087
  m_CPU_enc_ECDSA: 128125600028.22705
  ME_ALLOC_S: 35725.419056194602
  ME_READ_S: 26520.553906249999
  ME_READ_L: 7510.15576171875
  ME_WRITE: 7246.84716796875
  ME_LARGE: 1507033.5
  ME_LATENCY: 47.826409304642887
  ME_THREADED: 706300.83032226562
  SUMM_CPU: 131650.09371021044
  SUMM_ME: 2535.4965511742284
SystemInformation:
  OSName: Ubuntu 24.04.1 LTS
  Kernel: 6.8.0-1021-aws
  Device: ""
  Processor: Intel Xeon Platinum 8559C
  NumSockets: 2
  Manufacturer: GenuineIntel
  NumCores: 96
  NumLogicals: 192
  CPUFrequency: 0
  Memory: 1523784
  MemModuleInfo:
    iNumMemSticks: 2
    DIMM 1:
      manufacturer: Not Specified
      modulePartNo: Not Specified
      memType: DDR5
      size: 768
      clkspeed: 2800
      moduleVoltage: 0
    DIMM 2:
      manufacturer: Not Specified
      modulePartNo: Not Specified
      memType: DDR5
      size: 768
      clkspeed: 2800
      moduleVoltage: 0
Checksum: 00F9049EB2A664132CC6C02F842B2510447FFFDD