BaselineInfo:
  WebDBID: -1
  TimeStamp: 20241108123037
Version:
  Major: 11
  Minor: 0
  Build: 1002
  SpecialBuildName: ""
  ptArchitecture: x86_64_linux
Results:
  Results Complete: true
  NumTestProcesses: 32
  CPU_INTEGER_MATH: 132868.193
  CPU_FLOATINGPOINT_MATH: 73048.980034433276
  CPU_PRIME: 196.20374533468615
  CPU_SORTING: 70142.780368199514
  CPU_ENCRYPTION: 34238.916578039381
  CPU_COMPRESSION: 505759.16281083797
  CPU_SINGLETHREAD: 2387.1243220692349
  CPU_PHYSICS: 3801.5878143572245
  CPU_MATRIX_MULT_SSE: 29931.441768186829
  CPU_mm: 3590.4803167625291
  CPU_sse: 15254.868838346909
  CPU_fma: 41645.702298271724
  CPU_avx: 32893.754167941835
  CPU_avx512: 0
  m_CPU_enc_SHA: 49698140097.296158
  m_CPU_enc_AES: 31760301345.484978
  m_CPU_enc_ECDSA: 26247877126.421551
  ME_ALLOC_S: 13129.756681084238
  ME_READ_S: 24421.716796875
  ME_READ_L: 19869.052734375
  ME_WRITE: 19586.15234375
  ME_LARGE: 118128.33333333333
  ME_LATENCY: 63.858021228128223
  ME_THREADED: 94175.4873046875
  SUMM_CPU: 38221.831823044624
  SUMM_ME: 2854.5982271796074
SystemInformation:
  OSName: Ubuntu 24.04.1 LTS
  Kernel: 6.8.0-1017-azure
  Device: ""
  Processor: AMD EPYC 7763 64-Core Processor
  NumSockets: 1
  Manufacturer: AuthenticAMD
  NumCores: 16
  NumLogicals: 32
  CPUFrequency: 0
  Memory: 128803
  MemModuleInfo:
    iNumMemSticks: 3
    DIMM 1:
      manufacturer: Microsoft Corporation
      modulePartNo: None
      memType: Unknown
      size: 1
      clkspeed: 0
      moduleVoltage: 0
    DIMM 2:
      manufacturer: Microsoft Corporation
      modulePartNo: None
      memType: Unknown
      size: 60928
      clkspeed: 0
      moduleVoltage: 0
    DIMM 3:
      manufacturer: Microsoft Corporation
      modulePartNo: None
      memType: Unknown
      size: 69120
      clkspeed: 0
      moduleVoltage: 0
Checksum: 2415E6718E29CA5F430BC4104405DA4D87A4A090