---
system-info:
      stress-ng-version: 0.17.08
      run-by: root
      date-yyyy-mm-dd: 2024:06:13
      time-hh-mm-ss: 21:56:25
      epoch-secs: 1718315785
      hostname: 9f6ea983652e
      sysname: Linux
      nodename: 9f6ea983652e
      release: 6.8.0-1008-aws
      version: '#8-Ubuntu SMP Sat Apr 20 02:43:14 UTC 2024'
      machine: aarch64
      compiler: 'musl-gcc 13.2.1'
      uptime: 164
      totalram: 956567552
      freeram: 106639360
      sharedram: 35008512
      bufferram: 57683968
      totalswap: 0
      freeswap: 0
      pagesize: 4096
      cpus: 2
      cpus-online: 2
      ticks-per-second: 100

metrics:
    - stressor: cpu
      bogo-ops: 29232
      bogo-ops-per-second-usr-sys-time: 1461.713721
      bogo-ops-per-second-real-time: 1461.597561
      wall-clock-time: 20.000033
      user-time: 19.998444
      system-time: 0.000000
      cpu-usage-per-instance: 99.992053
      max-rss: 1192

...
