---
system-info:
      stress-ng-version: 0.17.08
      run-by: root
      date-yyyy-mm-dd: 2024:06:08
      time-hh-mm-ss: 08:56:44
      epoch-secs: 1717837004
      hostname: 7563518a87f4
      sysname: Linux
      nodename: 7563518a87f4
      release: 6.8.0-1008-aws
      version: '#8-Ubuntu SMP Sat Apr 20 02:43:14 UTC 2024'
      machine: aarch64
      compiler: 'musl-gcc 13.2.1'
      uptime: 144
      totalram: 956563456
      freeram: 44900352
      sharedram: 35008512
      bufferram: 44040192
      totalswap: 0
      freeswap: 0
      pagesize: 4096
      cpus: 2
      cpus-online: 2
      ticks-per-second: 100

metrics:
    - stressor: cpu
      bogo-ops: 2669
      bogo-ops-per-second-usr-sys-time: 266.974833
      bogo-ops-per-second-real-time: 266.895418
      wall-clock-time: 10.000172
      user-time: 9.995197
      system-time: 0.002000
      cpu-usage-per-instance: 99.970254
      max-rss: 4008

...
