---
system-info:
      stress-ng-version: 0.17.08
      run-by: root
      date-yyyy-mm-dd: 2024:06:15
      time-hh-mm-ss: 06:55:42
      epoch-secs: 1718434542
      hostname: 2e7a2336dccb
      sysname: Linux
      nodename: 2e7a2336dccb
      release: 6.8.0-1008-aws
      version: '#8-Ubuntu SMP Sat Apr 20 02:43:14 UTC 2024'
      machine: aarch64
      compiler: 'musl-gcc 13.2.1'
      uptime: 134
      totalram: 16435384320
      freeram: 12177539072
      sharedram: 35012608
      bufferram: 108867584
      totalswap: 0
      freeswap: 0
      pagesize: 4096
      cpus: 4
      cpus-online: 4
      ticks-per-second: 100

metrics:
    - stressor: cpu
      bogo-ops: 30685
      bogo-ops-per-second-usr-sys-time: 1534.281913
      bogo-ops-per-second-real-time: 1534.242026
      wall-clock-time: 20.000104
      user-time: 19.999584
      system-time: 0.000000
      cpu-usage-per-instance: 99.997400
      max-rss: 1192

...
