---
system-info:
      stress-ng-version: 0.17.08
      run-by: root
      date-yyyy-mm-dd: 2024:06:08
      time-hh-mm-ss: 22:19:34
      epoch-secs: 1717885174
      hostname: ca3d819956f3
      sysname: Linux
      nodename: ca3d819956f3
      release: 6.8.0-1008-aws
      version: '#8-Ubuntu SMP Sat Apr 20 02:43:14 UTC 2024'
      machine: aarch64
      compiler: 'musl-gcc 13.2.1'
      uptime: 117
      totalram: 16435388416
      freeram: 12044283904
      sharedram: 35012608
      bufferram: 105857024
      totalswap: 0
      freeswap: 0
      pagesize: 4096
      cpus: 4
      cpus-online: 4
      ticks-per-second: 100

metrics:
    - stressor: cpu
      bogo-ops: 4267
      bogo-ops-per-second-usr-sys-time: 424.968254
      bogo-ops-per-second-real-time: 424.951180
      wall-clock-time: 10.041153
      user-time: 10.040750
      system-time: 0.000000
      cpu-usage-per-instance: 99.995982
      max-rss: 4136

...
