BaselineInfo:
  WebDBID: -1
  TimeStamp: 20241211234848
Version:
  Major: 11
  Minor: 0
  Build: 1002
  SpecialBuildName: ""
  ptArchitecture: x86_64_linux
Results:
  Results Complete: true
  NumTestProcesses: 48
  CPU_INTEGER_MATH: 220953.89333333337
  CPU_FLOATINGPOINT_MATH: 121217.63205434089
  CPU_PRIME: 294.38737100917774
  CPU_SORTING: 111662.9297236853
  CPU_ENCRYPTION: 56862.73104135412
  CPU_COMPRESSION: 837960.81565999426
  CPU_SINGLETHREAD: 2645.8493914985529
  CPU_PHYSICS: 5710.7378863950908
  CPU_MATRIX_MULT_SSE: 48691.911036371705
  CPU_mm: 5973.392667137914
  CPU_sse: 24986.188843296601
  CPU_fma: 66580.072497451794
  CPU_avx: 54509.471768366704
  CPU_avx512: 0
  m_CPU_enc_SHA: 82515523445.776855
  m_CPU_enc_AES: 52785175674.217697
  m_CPU_enc_ECDSA: 43573986073.26226
  ME_ALLOC_S: 20625.237688362926
  ME_READ_S: 26357.827343749999
  ME_READ_L: 17214.57421875
  ME_WRITE: 17986.248046875
  ME_LARGE: 499585.16666666669
  ME_LATENCY: 69.248434962663694
  ME_THREADED: 115752.31591796875
  SUMM_CPU: 56429.20521823212
  SUMM_ME: 2750.7399665690036
SystemInformation:
  OSName: Ubuntu 24.04.1 LTS
  Kernel: 6.8.0-1019-aws
  Device: ""
  Processor: AMD EPYC 7R13 Processor
  NumSockets: 1
  Manufacturer: AuthenticAMD
  NumCores: 24
  NumLogicals: 48
  CPUFrequency: 0
  Memory: 511708
  MemModuleInfo:
    iNumMemSticks: 1
    DIMM 1:
      manufacturer: Not Specified
      modulePartNo: Not Specified
      memType: DDR4
      size: 512
      clkspeed: 1600
      moduleVoltage: 0
Checksum: 8819229E8249A6D92571A952B91D3E2F4A60D2AE