---
system-info:
      stress-ng-version: 0.17.08
      run-by: root
      date-yyyy-mm-dd: 2024:08:30
      time-hh-mm-ss: 14:11:00
      epoch-secs: 1725027060
      hostname: sc-runner
      sysname: Linux
      nodename: sc-runner
      release: 6.8.0-1013-azure
      version: '#15-Ubuntu SMP Thu Aug  8 18:40:40 UTC 2024'
      machine: x86_64
      compiler: 'musl-gcc 13.2.1'
      uptime: 424
      totalram: 16766775296
      freeram: 8353468416
      sharedram: 42033152
      bufferram: 201822208
      totalswap: 0
      freeswap: 0
      pagesize: 4096
      cpus: 2
      cpus-online: 2
      ticks-per-second: 100

metrics:
    - stressor: cpu
      bogo-ops: 24787
      bogo-ops-per-second-usr-sys-time: 1239.448288
      bogo-ops-per-second-real-time: 1239.347415
      wall-clock-time: 20.000042
      user-time: 19.997415
      system-time: 0.000999
      cpu-usage-per-instance: 99.991861
      max-rss: 1104

...
