---
system-info:
      stress-ng-version: 0.17.08
      run-by: root
      date-yyyy-mm-dd: 2024:06:15
      time-hh-mm-ss: 23:56:37
      epoch-secs: 1718495797
      hostname: b90ec96444e8
      sysname: Linux
      nodename: b90ec96444e8
      release: 6.8.0-1008-aws
      version: '#8-Ubuntu SMP Sat Apr 20 02:43:14 UTC 2024'
      machine: aarch64
      compiler: 'musl-gcc 13.2.1'
      uptime: 141
      totalram: 132655841280
      freeram: 128171278336
      sharedram: 34951168
      bufferram: 109506560
      totalswap: 0
      freeswap: 0
      pagesize: 4096
      cpus: 16
      cpus-online: 16
      ticks-per-second: 100

metrics:
    - stressor: cpu
      bogo-ops: 30674
      bogo-ops-per-second-usr-sys-time: 1533.672854
      bogo-ops-per-second-real-time: 1533.691206
      wall-clock-time: 20.000115
      user-time: 20.000354
      system-time: 0.000000
      cpu-usage-per-instance: 100.001197
      max-rss: 1192

...
