---
system-info:
      stress-ng-version: 0.17.08
      run-by: root
      date-yyyy-mm-dd: 2024:06:09
      time-hh-mm-ss: 21:40:35
      epoch-secs: 1717969235
      hostname: c821d9418a40
      sysname: Linux
      nodename: c821d9418a40
      release: 6.8.0-1008-aws
      version: '#8-Ubuntu SMP Sat Apr 20 02:43:14 UTC 2024'
      machine: aarch64
      compiler: 'musl-gcc 13.2.1'
      uptime: 129
      totalram: 132655849472
      freeram: 127934971904
      sharedram: 34951168
      bufferram: 111988736
      totalswap: 0
      freeswap: 0
      pagesize: 4096
      cpus: 16
      cpus-online: 16
      ticks-per-second: 100

metrics:
    - stressor: cpu
      bogo-ops: 4267
      bogo-ops-per-second-usr-sys-time: 424.647720
      bogo-ops-per-second-real-time: 424.635836
      wall-clock-time: 10.048610
      user-time: 10.047330
      system-time: 0.000999
      cpu-usage-per-instance: 99.997201
      max-rss: 4008

...
