---
system-info:
      stress-ng-version: 0.17.08
      run-by: root
      date-yyyy-mm-dd: 2024:09:15
      time-hh-mm-ss: 22:50:17
      epoch-secs: 1726440617
      hostname: sc-runner
      sysname: Linux
      nodename: sc-runner
      release: 6.8.0-1014-azure
      version: '#16-Ubuntu SMP Thu Aug 15 20:04:41 UTC 2024'
      machine: x86_64
      compiler: 'musl-gcc 13.2.1'
      uptime: 321
      totalram: 16766767104
      freeram: 6806437888
      sharedram: 42045440
      bufferram: 223948800
      totalswap: 0
      freeswap: 0
      pagesize: 4096
      cpus: 2
      cpus-online: 2
      ticks-per-second: 100

metrics:
    - stressor: cpu
      bogo-ops: 36802
      bogo-ops-per-second-usr-sys-time: 934.279521
      bogo-ops-per-second-real-time: 1840.094779
      wall-clock-time: 20.000057
      user-time: 39.385792
      system-time: 0.004989
      cpu-usage-per-instance: 98.476673
      max-rss: 1104

...
