---
system-info:
      stress-ng-version: 0.17.08
      run-by: root
      date-yyyy-mm-dd: 2024:06:26
      time-hh-mm-ss: 17:28:39
      epoch-secs: 1719422919
      hostname: c3d-highcpu-8-d5f7f1d
      sysname: Linux
      nodename: c3d-highcpu-8-d5f7f1d
      release: 6.8.0-1009-gcp
      version: '#10-Ubuntu SMP Wed Jun 12 18:52:23 UTC 2024'
      machine: x86_64
      compiler: 'musl-gcc 13.2.1'
      uptime: 111
      totalram: 16765935616
      freeram: 11798056960
      sharedram: 35000320
      bufferram: 123248640
      totalswap: 0
      freeswap: 0
      pagesize: 4096
      cpus: 8
      cpus-online: 8
      ticks-per-second: 100

metrics:
    - stressor: cpu
      bogo-ops: 229748
      bogo-ops-per-second-usr-sys-time: 1438.821861
      bogo-ops-per-second-real-time: 11487.362273
      wall-clock-time: 20.000066
      user-time: 159.665872
      system-time: 0.011991
      cpu-usage-per-instance: 99.798337
      max-rss: 1104

...
