---
system-info:
      stress-ng-version: 0.17.08
      run-by: root
      date-yyyy-mm-dd: 2024:06:08
      time-hh-mm-ss: 17:32:37
      epoch-secs: 1717867957
      hostname: 32906367b828
      sysname: Linux
      nodename: 32906367b828
      release: 6.8.0-1008-aws
      version: '#8-Ubuntu SMP Sat Apr 20 00:46:25 UTC 2024'
      machine: x86_64
      compiler: 'musl-gcc 13.2.1'
      uptime: 148
      totalram: 265977020416
      freeram: 261103210496
      sharedram: 60141568
      bufferram: 104165376
      totalswap: 0
      freeswap: 0
      pagesize: 4096
      cpus: 64
      cpus-online: 64
      ticks-per-second: 100

metrics:
    - stressor: cpu
      bogo-ops: 16755
      bogo-ops-per-second-usr-sys-time: 1675.275178
      bogo-ops-per-second-real-time: 1675.323932
      wall-clock-time: 10.001051
      user-time: 10.000342
      system-time: 0.001000
      cpu-usage-per-instance: 100.002910
      max-rss: 3584

...
