---
system-info:
      stress-ng-version: 0.17.08
      run-by: root
      date-yyyy-mm-dd: 2024:06:21
      time-hh-mm-ss: 07:12:39
      epoch-secs: 1718953959
      hostname: 1e537844a78d
      sysname: Linux
      nodename: 1e537844a78d
      release: 6.8.0-1008-gcp
      version: '#9-Ubuntu SMP Wed May 22 18:09:04 UTC 2024'
      machine: x86_64
      compiler: 'musl-gcc 13.2.1'
      uptime: 164
      totalram: 7476600832
      freeram: 2361815040
      sharedram: 48656384
      bufferram: 133308416
      totalswap: 0
      freeswap: 0
      pagesize: 4096
      cpus: 8
      cpus-online: 8
      ticks-per-second: 100

metrics:
    - stressor: cpu
      bogo-ops: 116489
      bogo-ops-per-second-usr-sys-time: 730.875800
      bogo-ops-per-second-real-time: 5824.412576
      wall-clock-time: 20.000129
      user-time: 159.364772
      system-time: 0.017985
      cpu-usage-per-instance: 99.613583
      max-rss: 1104

...
