BaselineInfo:
  WebDBID: -1
  TimeStamp: 20250829040643
Version:
  Major: 11
  Minor: 0
  Build: 1002
  SpecialBuildName: ""
  ptArchitecture: aarch64_linux
Results:
  Results Complete: true
  NumTestProcesses: 12
  CPU_INTEGER_MATH: 62628.058666666664
  CPU_FLOATINGPOINT_MATH: 72750.586126826645
  CPU_PRIME: 207.06153128040262
  CPU_SORTING: 55725.807459023519
  CPU_ENCRYPTION: 2271.3646059412754
  CPU_COMPRESSION: 79784.282396508264
  CPU_SINGLETHREAD: 1944.5364995053526
  CPU_PHYSICS: 3743.3028434856701
  CPU_MATRIX_MULT_SSE: 11043.063089860687
  CPU_mm: 1367.2820667296992
  CPU_sse: 8668.3704289120142
  CPU_fma: 13417.75575080936
  CPU_avx: 0
  CPU_avx512: 0
  m_CPU_enc_SHA: 3593564223.9746547
  m_CPU_enc_AES: 1287182622.7601135
  m_CPU_enc_ECDSA: 2264348392.3836699
  ME_ALLOC_S: 18185.137974848105
  ME_READ_S: 20217.401757812499
  ME_READ_L: 20045.68359375
  ME_WRITE: 21296.205078125
  ME_LARGE: 84808
  ME_LATENCY: 47.093389802599773
  ME_THREADED: 213928.67578125
  SUMM_CPU: 11253.190511403231
  SUMM_ME: 3255.1845691367198
SystemInformation:
  OSName: Ubuntu 24.04.2 LTS
  Kernel: 6.14.0-1011-aws
  Device: ""
  Processor: ARM Neoverse-V2 12 Core 0 MHz
  NumSockets: 1
  Manufacturer: ARM
  NumCores: 12
  NumLogicals: 12
  CPUFrequency: 0
  Memory: 94819
Checksum: 6E068C58263C92612861E484A480168D04EF1508