---
system-info:
      stress-ng-version: 0.17.08
      run-by: root
      date-yyyy-mm-dd: 2024:06:20
      time-hh-mm-ss: 09:15:34
      epoch-secs: 1718874934
      hostname: 8242470dedf8
      sysname: Linux
      nodename: 8242470dedf8
      release: 6.8.0-1008-gcp
      version: '#9-Ubuntu SMP Wed May 22 18:09:04 UTC 2024'
      machine: x86_64
      compiler: 'musl-gcc 13.2.1'
      uptime: 234
      totalram: 67421855744
      freeram: 59544539136
      sharedram: 41869312
      bufferram: 123232256
      totalswap: 0
      freeswap: 0
      pagesize: 4096
      cpus: 16
      cpus-online: 16
      ticks-per-second: 100

metrics:
    - stressor: cpu
      bogo-ops: 24025
      bogo-ops-per-second-usr-sys-time: 1201.357401
      bogo-ops-per-second-real-time: 1201.227489
      wall-clock-time: 20.000375
      user-time: 19.997213
      system-time: 0.000999
      cpu-usage-per-instance: 99.989186
      max-rss: 976

...
