---
system-info:
      stress-ng-version: 0.17.08
      run-by: root
      date-yyyy-mm-dd: 2024:06:14
      time-hh-mm-ss: 07:55:52
      epoch-secs: 1718351752
      hostname: 0cafca10cb80
      sysname: Linux
      nodename: 0cafca10cb80
      release: 6.8.0-1008-aws
      version: '#8-Ubuntu SMP Sat Apr 20 02:43:14 UTC 2024'
      machine: aarch64
      compiler: 'musl-gcc 13.2.1'
      uptime: 118
      totalram: 132642869248
      freeram: 127992815616
      sharedram: 35246080
      bufferram: 106131456
      totalswap: 0
      freeswap: 0
      pagesize: 4096
      cpus: 64
      cpus-online: 64
      ticks-per-second: 100

metrics:
    - stressor: cpu
      bogo-ops: 1957603
      bogo-ops-per-second-usr-sys-time: 1529.827754
      bogo-ops-per-second-real-time: 97879.799645
      wall-clock-time: 20.000072
      user-time: 1279.605158
      system-time: 0.017986
      cpu-usage-per-instance: 99.970200
      max-rss: 512

...
