BaselineInfo:
  WebDBID: -1
  TimeStamp: 20260619200359
Version:
  Major: 11
  Minor: 0
  Build: 1004
  SpecialBuildName: ""
  ptArchitecture: x86_64_linux
Results:
  Results Complete: true
  NumTestProcesses: 4
  CPU_INTEGER_MATH: 28185.864000000001
  CPU_FLOATINGPOINT_MATH: 28195.884870710903
  CPU_PRIME: 106.92200084022517
  CPU_SORTING: 16808.532631711274
  CPU_ENCRYPTION: 5847.2552699742682
  CPU_COMPRESSION: 122032.04771302023
  CPU_SINGLETHREAD: 3503.1312010985748
  CPU_PHYSICS: 1718.913498917309
  CPU_MATRIX_MULT_SSE: 11032.443017805172
  CPU_mm: 1354.8937509914551
  CPU_sse: 4079.892856725482
  CPU_fma: 15977.607340322495
  CPU_avx: 8240.4473111560383
  CPU_avx512: 15831.824563016675
  m_CPU_enc_SHA: 8128030906.8380327
  m_CPU_enc_AES: 5090674043.4601955
  m_CPU_enc_ECDSA: 5175169675.6073856
  ME_ALLOC_S: 4739.3665882153273
  ME_READ_S: 31795.381445312501
  ME_READ_L: 28257.36328125
  ME_WRITE: 29665.853515625
  ME_LARGE: 56084
  ME_LATENCY: 84.942816130379185
  ME_THREADED: 47957.681640625
  SUMM_CPU: 12460.460439065797
  SUMM_ME: 2524.4318282647182
SystemInformation:
  OSName: Ubuntu 24.04.4 LTS
  Kernel: 6.17.0-1018-azure
  Device: ""
  Processor: "AMD EPYC 9V45 96-Core Processor                "
  NumSockets: 1
  Manufacturer: AuthenticAMD
  NumCores: 4
  NumLogicals: 4
  CPUFrequency: 0
  CPUMaxFrequency: 0
  Memory: 64301
  CPUInfo:
    number: 1
    Family: 15
    Model: 2
    stepping: 1
    features: 395049983
    manufacture: AuthenticAMD
    typestring: "AMD EPYC 9V45 96-Core Processor                "
    iCoresPerPackage: 8
    iThreadsPerPackage: 1
    featuresEx:
      - 395049983
      - 4277809667
      - 802421759
    bHybrid: false
    nPCore: 0
    nLogicalsPerPCore: 0
    nECore: 0
    nLogicalsPerECore: 0
  MemModuleInfo:
    iNumMemSticks: 3
    DIMM 1:
      manufacturer: Microsoft Corporation
      modulePartNo: None
      memType: Unknown
      size: 1
      clkspeed: 0
      moduleVoltage: 0
    DIMM 2:
      manufacturer: Microsoft Corporation
      modulePartNo: None
      memType: Unknown
      size: 59
      clkspeed: 0
      moduleVoltage: 0
    DIMM 3:
      manufacturer: Microsoft Corporation
      modulePartNo: None
      memType: Unknown
      size: 4
      clkspeed: 0
      moduleVoltage: 0
Checksum: AC75B197FA898D041E27A3D4BAA827AEB745907B