BaselineInfo:
  WebDBID: -1
  TimeStamp: 20250228165307
Version:
  Major: 11
  Minor: 0
  Build: 1002
  SpecialBuildName: ""
  ptArchitecture: x86_64_linux
Results:
  Results Complete: true
  NumTestProcesses: 16
  CPU_INTEGER_MATH: 76562.731666666674
  CPU_FLOATINGPOINT_MATH: 55823.282815564155
  CPU_PRIME: 256.54385536577837
  CPU_SORTING: 45681.590855395654
  CPU_ENCRYPTION: 18637.52482462069
  CPU_COMPRESSION: 338441.18785885454
  CPU_SINGLETHREAD: 2162.9067463446163
  CPU_PHYSICS: 4239.9182344282899
  CPU_MATRIX_MULT_SSE: 29145.126663054227
  CPU_mm: 3262.6704595756291
  CPU_sse: 12894.699050638121
  CPU_fma: 42483.539318838702
  CPU_avx: 32057.141619685863
  CPU_avx512: 0
  m_CPU_enc_SHA: 26279809468.016396
  m_CPU_enc_AES: 16942075327.708696
  m_CPU_enc_ECDSA: 15406698895.779303
  ME_ALLOC_S: 9983.0980896348374
  ME_READ_S: 25016.964257812499
  ME_READ_L: 9727.4990234375
  ME_WRITE: 9896.4423828125
  ME_LARGE: 36645.916666666664
  ME_LATENCY: 71.330352695887143
  ME_THREADED: 86562.7001953125
  SUMM_CPU: 28502.963676984502
  SUMM_ME: 2231.8556541314365
SystemInformation:
  OSName: Ubuntu 24.04.1 LTS
  Kernel: 6.8.0-31-generic
  Device: ""
  Processor: AMD EPYC 7542 32-Core Processor
  NumSockets: 1
  Manufacturer: AuthenticAMD
  NumCores: 16
  NumLogicals: 16
  CPUFrequency: 0
  Memory: 48130
  MemModuleInfo:
    iNumMemSticks: 3
    DIMM 1:
      manufacturer: QEMU
      modulePartNo: Not Specified
      memType: RAM
      size: 16
      clkspeed: 0
      moduleVoltage: 0
    DIMM 2:
      manufacturer: QEMU
      modulePartNo: Not Specified
      memType: RAM
      size: 16
      clkspeed: 0
      moduleVoltage: 0
    DIMM 3:
      manufacturer: QEMU
      modulePartNo: Not Specified
      memType: RAM
      size: 16
      clkspeed: 0
      moduleVoltage: 0
Checksum: B9698900C213C8C1569BA263FF56A11699C83323