BaselineInfo:
  WebDBID: -1
  TimeStamp: 20250415112534
Version:
  Major: 11
  Minor: 0
  Build: 1002
  SpecialBuildName: ""
  ptArchitecture: x86_64_linux
Results:
  Results Complete: true
  NumTestProcesses: 176
  CPU_INTEGER_MATH: 677341.13600000017
  CPU_FLOATINGPOINT_MATH: 482436.75664166757
  CPU_PRIME: 962.43456639994986
  CPU_SORTING: 323652.75255317736
  CPU_ENCRYPTION: 148966.80957271229
  CPU_COMPRESSION: 2466564.3452464971
  CPU_SINGLETHREAD: 3157.2993502716031
  CPU_PHYSICS: 13795.44842786664
  CPU_MATRIX_MULT_SSE: 173928.68294244361
  CPU_mm: 18437.86708231892
  CPU_sse: 79410.60917970688
  CPU_fma: 196995.10387087459
  CPU_avx: 155988.5049499773
  CPU_avx512: 263320.51376921468
  m_CPU_enc_SHA: 157993519381.99863
  m_CPU_enc_AES: 204751075173.96823
  m_CPU_enc_ECDSA: 105864469387.58208
  ME_ALLOC_S: 34532.091505594362
  ME_READ_S: 28230.88671875
  ME_READ_L: 11504.01953125
  ME_WRITE: 10010.5029296875
  ME_LARGE: 1531884.9166666667
  ME_LATENCY: 69.405001688428115
  ME_THREADED: 469371.63330078125
  SUMM_CPU: 119417.6316276358
  SUMM_ME: 2519.5072394984422
SystemInformation:
  OSName: Ubuntu 24.04.2 LTS
  Kernel: 6.8.0-1021-azure
  Device: ""
  Processor: Intel Xeon Platinum 8473C
  NumSockets: 2
  Manufacturer: GenuineIntel
  NumCores: 88
  NumLogicals: 176
  CPUFrequency: 2100
  Memory: 1548108
  MemModuleInfo:
    iNumMemSticks: 6
    DIMM 1:
      manufacturer: Microsoft Corporation
      modulePartNo: None
      memType: Unknown
      size: 1
      clkspeed: 0
      moduleVoltage: 0
    DIMM 2:
      manufacturer: Microsoft Corporation
      modulePartNo: None
      memType: Unknown
      size: 59
      clkspeed: 0
      moduleVoltage: 0
    DIMM 3:
      manufacturer: Microsoft Corporation
      modulePartNo: None
      memType: Unknown
      size: 324
      clkspeed: 0
      moduleVoltage: 0
    DIMM 4:
      manufacturer: Microsoft Corporation
      modulePartNo: None
      memType: Unknown
      size: 384
      clkspeed: 0
      moduleVoltage: 0
    DIMM 5:
      manufacturer: Microsoft Corporation
      modulePartNo: None
      memType: Unknown
      size: 384
      clkspeed: 0
      moduleVoltage: 0
    DIMM 6:
      manufacturer: Microsoft Corporation
      modulePartNo: None
      memType: Unknown
      size: 384
      clkspeed: 0
      moduleVoltage: 0
Checksum: E1868D578ABAD39573EC8E9BECB98CE943722A23