---
system-info:
      stress-ng-version: 0.17.08
      run-by: root
      date-yyyy-mm-dd: 2024:07:02
      time-hh-mm-ss: 21:51:16
      epoch-secs: 1719957076
      hostname: c3-standard-44-lssd-fed4c33
      sysname: Linux
      nodename: c3-standard-44-lssd-fed4c33
      release: 6.8.0-1009-gcp
      version: '#10-Ubuntu SMP Wed Jun 12 18:52:23 UTC 2024'
      machine: x86_64
      compiler: 'musl-gcc 13.2.1'
      uptime: 114
      totalram: 185687777280
      freeram: 180219060224
      sharedram: 111935488
      bufferram: 128729088
      totalswap: 0
      freeswap: 0
      pagesize: 4096
      cpus: 44
      cpus-online: 44
      ticks-per-second: 100

metrics:
    - stressor: cpu
      bogo-ops: 732655
      bogo-ops-per-second-usr-sys-time: 832.883674
      bogo-ops-per-second-real-time: 36632.599777
      wall-clock-time: 20.000082
      user-time: 879.629667
      system-time: 0.030990
      cpu-usage-per-instance: 99.961028
      max-rss: 1056

...
