---
system-info:
      stress-ng-version: 0.17.08
      run-by: root
      date-yyyy-mm-dd: 2024:06:21
      time-hh-mm-ss: 13:35:55
      epoch-secs: 1718976955
      hostname: a0ea2dd6b3af
      sysname: Linux
      nodename: a0ea2dd6b3af
      release: 6.8.0-1008-gcp
      version: '#9-Ubuntu SMP Wed May 22 18:09:04 UTC 2024'
      machine: x86_64
      compiler: 'musl-gcc 13.2.1'
      uptime: 174
      totalram: 63194001408
      freeram: 57901649920
      sharedram: 48726016
      bufferram: 135294976
      totalswap: 0
      freeswap: 0
      pagesize: 4096
      cpus: 16
      cpus-online: 16
      ticks-per-second: 100

metrics:
    - stressor: cpu
      bogo-ops: 233416
      bogo-ops-per-second-usr-sys-time: 730.878342
      bogo-ops-per-second-real-time: 11670.721498
      wall-clock-time: 20.000135
      user-time: 319.333707
      system-time: 0.029977
      cpu-usage-per-instance: 99.800480
      max-rss: 1104

...
