BaselineInfo:
  WebDBID: -1
  TimeStamp: 20241107171640
Version:
  Major: 11
  Minor: 0
  Build: 1002
  SpecialBuildName: ""
  ptArchitecture: x86_64_linux
Results:
  Results Complete: true
  NumTestProcesses: 8
  CPU_INTEGER_MATH: 24789.744666666666
  CPU_FLOATINGPOINT_MATH: 13324.573330792497
  CPU_PRIME: 41.781405797617523
  CPU_SORTING: 13074.780805164748
  CPU_ENCRYPTION: 3419.0619724916651
  CPU_COMPRESSION: 110876.04705207875
  CPU_SINGLETHREAD: 1983.3436656842193
  CPU_PHYSICS: 854.74285681974561
  CPU_MATRIX_MULT_SSE: 6431.4469878291548
  CPU_mm: 754.87606081914907
  CPU_sse: 2694.9507355904962
  CPU_fma: 7854.8557215800156
  CPU_avx: 5552.0023959351274
  CPU_avx512: 9623.9790982109771
  m_CPU_enc_SHA: 1121125661.8947215
  m_CPU_enc_AES: 8631493471.8291092
  m_CPU_enc_ECDSA: 1002819846.8784292
  ME_ALLOC_S: 2837.1405074174868
  ME_READ_S: 23799.517773437499
  ME_READ_L: 9543.619140625
  ME_WRITE: 9366.46484375
  ME_LARGE: 985.83333333333337
  ME_LATENCY: 54.881428600607002
  ME_THREADED: 44780.7021484375
  SUMM_CPU: 8305.3432553298699
  SUMM_ME: 1328.7210057084287
SystemInformation:
  OSName: Ubuntu 24.04.1 LTS
  Kernel: 6.8.0-1015-gcp
  Device: ""
  Processor: Intel Xeon CPU @ 2.80GHz
  NumSockets: 1
  Manufacturer: GenuineIntel
  NumCores: 4
  NumLogicals: 8
  CPUFrequency: 0
  Memory: 7937
  MemModuleInfo:
    iNumMemSticks: 1
    DIMM 1:
      manufacturer: ""
      modulePartNo: ""
      memType: RAM
      size: 8
      clkspeed: 0
      moduleVoltage: 0
Checksum: 8835D2DF7834F6980C43C37215E44C55E055D16F