---
system-info:
      stress-ng-version: 0.17.08
      run-by: root
      date-yyyy-mm-dd: 2024:06:08
      time-hh-mm-ss: 11:17:56
      epoch-secs: 1717845476
      hostname: d8a96aee644b
      sysname: Linux
      nodename: d8a96aee644b
      release: 6.8.0-1008-aws
      version: '#8-Ubuntu SMP Sat Apr 20 00:46:25 UTC 2024'
      machine: x86_64
      compiler: 'musl-gcc 13.2.1'
      uptime: 175
      totalram: 399173427200
      freeram: 393419386880
      sharedram: 54407168
      bufferram: 100466688
      totalswap: 0
      freeswap: 0
      pagesize: 4096
      cpus: 96
      cpus-online: 96
      ticks-per-second: 100

metrics:
    - stressor: cpu
      bogo-ops: 757152
      bogo-ops-per-second-usr-sys-time: 789.550883
      bogo-ops-per-second-real-time: 75692.373004
      wall-clock-time: 10.003016
      user-time: 958.770528
      system-time: 0.194900
      cpu-usage-per-instance: 99.862116
      max-rss: 3072

...
