---
system-info:
      stress-ng-version: 0.17.08
      run-by: root
      date-yyyy-mm-dd: 2024:06:14
      time-hh-mm-ss: 17:42:18
      epoch-secs: 1718386938
      hostname: a043a15e59ab
      sysname: Linux
      nodename: a043a15e59ab
      release: 6.8.0-1008-aws
      version: '#8-Ubuntu SMP Sat Apr 20 00:46:25 UTC 2024'
      machine: x86_64
      compiler: 'musl-gcc 13.2.1'
      uptime: 201
      totalram: 399173427200
      freeram: 393607368704
      sharedram: 54407168
      bufferram: 108179456
      totalswap: 0
      freeswap: 0
      pagesize: 4096
      cpus: 96
      cpus-online: 96
      ticks-per-second: 100

metrics:
    - stressor: cpu
      bogo-ops: 566040
      bogo-ops-per-second-usr-sys-time: 295.058554
      bogo-ops-per-second-real-time: 28301.650982
      wall-clock-time: 20.000247
      user-time: 1918.296966
      system-time: 0.101917
      cpu-usage-per-instance: 99.915376
      max-rss: 0

...
