BaselineInfo:
  WebDBID: -1
  TimeStamp: 20241108113304
Version:
  Major: 11
  Minor: 0
  Build: 1002
  SpecialBuildName: ""
  ptArchitecture: x86_64_linux
Results:
  Results Complete: true
  NumTestProcesses: 16
  CPU_INTEGER_MATH: 49891.108333333337
  CPU_FLOATINGPOINT_MATH: 26750.133372418597
  CPU_PRIME: 72.028354111402948
  CPU_SORTING: 25721.393251551894
  CPU_ENCRYPTION: 6818.3850566746296
  CPU_COMPRESSION: 219589.40624582407
  CPU_SINGLETHREAD: 2012.6046208507062
  CPU_PHYSICS: 1315.630146876767
  CPU_MATRIX_MULT_SSE: 13798.06182309494
  CPU_mm: 1441.0339952500824
  CPU_sse: 5365.9019124771276
  CPU_fma: 17038.980996961138
  CPU_avx: 11996.11748460689
  CPU_avx512: 20791.246898334597
  m_CPU_enc_SHA: 2247706371.3749309
  m_CPU_enc_AES: 17189325290.898422
  m_CPU_enc_ECDSA: 2011753125.2896192
  ME_ALLOC_S: 5319.9272437743421
  ME_READ_S: 24257.665625000001
  ME_READ_L: 9094.9482421875
  ME_WRITE: 8274.1162109375
  ME_LARGE: 118575.41666666667
  ME_LATENCY: 59.446822658399505
  ME_THREADED: 62965.9921875
  SUMM_CPU: 15546.060955166718
  SUMM_ME: 2298.0592876153937
SystemInformation:
  OSName: Ubuntu 24.04.1 LTS
  Kernel: 6.8.0-1017-azure
  Device: ""
  Processor: Intel Xeon Platinum 8272CL CPU @ 2.60GHz
  NumSockets: 1
  Manufacturer: GenuineIntel
  NumCores: 8
  NumLogicals: 16
  CPUFrequency: 0
  Memory: 128809
  MemModuleInfo:
    iNumMemSticks: 3
    DIMM 1:
      manufacturer: Microsoft Corporation
      modulePartNo: None
      memType: Unknown
      size: 1
      clkspeed: 0
      moduleVoltage: 0
    DIMM 2:
      manufacturer: Microsoft Corporation
      modulePartNo: None
      memType: Unknown
      size: 60928
      clkspeed: 0
      moduleVoltage: 0
    DIMM 3:
      manufacturer: Microsoft Corporation
      modulePartNo: None
      memType: Unknown
      size: 69120
      clkspeed: 0
      moduleVoltage: 0
Checksum: 8912AF2EE95395F49BDB4E48DD53DB7E0FEBC532