---
system-info:
      stress-ng-version: 0.17.08
      run-by: root
      date-yyyy-mm-dd: 2024:06:14
      time-hh-mm-ss: 04:23:51
      epoch-secs: 1718339031
      hostname: ec342dd761b6
      sysname: Linux
      nodename: ec342dd761b6
      release: 6.8.0-1008-aws
      version: '#8-Ubuntu SMP Sat Apr 20 00:46:25 UTC 2024'
      machine: x86_64
      compiler: 'musl-gcc 13.2.1'
      uptime: 145
      totalram: 3979276288
      freeram: 165396480
      sharedram: 7421952
      bufferram: 100798464
      totalswap: 0
      freeswap: 0
      pagesize: 4096
      cpus: 2
      cpus-online: 2
      ticks-per-second: 100

metrics:
    - stressor: cpu
      bogo-ops: 59807
      bogo-ops-per-second-usr-sys-time: 2990.592537
      bogo-ops-per-second-real-time: 2990.342443
      wall-clock-time: 20.000051
      user-time: 19.998378
      system-time: 0.000000
      cpu-usage-per-instance: 99.991637
      max-rss: 1104

...
