---
system-info:
      stress-ng-version: 0.17.08
      run-by: root
      date-yyyy-mm-dd: 2024:06:06
      time-hh-mm-ss: 04:32:48
      epoch-secs: 1717648368
      hostname: b5364526a9a6
      sysname: Linux
      nodename: b5364526a9a6
      release: 6.8.0-1008-aws
      version: '#8-Ubuntu SMP Sat Apr 20 00:46:25 UTC 2024'
      machine: x86_64
      compiler: 'musl-gcc 13.2.1'
      uptime: 119
      totalram: 3979276288
      freeram: 171053056
      sharedram: 7421952
      bufferram: 77484032
      totalswap: 0
      freeswap: 0
      pagesize: 4096
      cpus: 2
      cpus-online: 2
      ticks-per-second: 100

metrics:
    - stressor: cpu
      bogo-ops: 17005
      bogo-ops-per-second-usr-sys-time: 1700.977294
      bogo-ops-per-second-real-time: 1700.340843
      wall-clock-time: 10.000936
      user-time: 9.994195
      system-time: 0.002999
      cpu-usage-per-instance: 99.962583
      max-rss: 3920

...
