---
system-info:
      stress-ng-version: 0.17.08
      run-by: root
      date-yyyy-mm-dd: 2024:09:23
      time-hh-mm-ss: 06:55:22
      epoch-secs: 1727074522
      hostname: sc-runner
      sysname: Linux
      nodename: sc-runner
      release: 6.8.0-1014-azure
      version: '#16-Ubuntu SMP Thu Aug 15 20:04:41 UTC 2024'
      machine: x86_64
      compiler: 'musl-gcc 13.2.1'
      uptime: 350
      totalram: 270452543488
      freeram: 259287646208
      sharedram: 71786496
      bufferram: 278675456
      totalswap: 0
      freeswap: 0
      pagesize: 4096
      cpus: 32
      cpus-online: 32
      ticks-per-second: 100

metrics:
    - stressor: cpu
      bogo-ops: 54157
      bogo-ops-per-second-usr-sys-time: 2707.821839
      bogo-ops-per-second-real-time: 2707.838282
      wall-clock-time: 20.000087
      user-time: 19.999209
      system-time: 0.000999
      cpu-usage-per-instance: 100.000607
      max-rss: 1032

...
