BaselineInfo:
  WebDBID: -1
  TimeStamp: 20241109193746
Version:
  Major: 11
  Minor: 0
  Build: 1002
  SpecialBuildName: ""
  ptArchitecture: x86_64_linux
Results:
  Results Complete: true
  NumTestProcesses: 32
  CPU_INTEGER_MATH: 99846.258666666676
  CPU_FLOATINGPOINT_MATH: 53512.583708056882
  CPU_PRIME: 175.82335181518835
  CPU_SORTING: 51089.494821919958
  CPU_ENCRYPTION: 13733.701311081095
  CPU_COMPRESSION: 435069.67974319647
  CPU_SINGLETHREAD: 2127.7693447708693
  CPU_PHYSICS: 2952.4523713565327
  CPU_MATRIX_MULT_SSE: 30898.032410325424
  CPU_mm: 3027.0929133584405
  CPU_sse: 10955.841836904905
  CPU_fma: 35984.313335557701
  CPU_avx: 25421.88398205761
  CPU_avx512: 51230.09048678149
  m_CPU_enc_SHA: 4511358011.3940802
  m_CPU_enc_AES: 34652530335.208366
  m_CPU_enc_ECDSA: 4038600411.3020597
  ME_ALLOC_S: 10989.829111824743
  ME_READ_S: 24769.84375
  ME_READ_L: 11551.3759765625
  ME_WRITE: 10205.4755859375
  ME_LARGE: 496764.83333333331
  ME_LATENCY: 56.376136425814479
  ME_THREADED: 121955.83837890625
  SUMM_CPU: 29038.353020249458
  SUMM_ME: 2651.3291216225457
SystemInformation:
  OSName: Ubuntu 24.04.1 LTS
  Kernel: 6.8.0-1017-azure
  Device: ""
  Processor: Intel Xeon Platinum 8272CL CPU @ 2.60GHz
  NumSockets: 2
  Manufacturer: GenuineIntel
  NumCores: 16
  NumLogicals: 32
  CPUFrequency: 0
  Memory: 507907
  MemModuleInfo:
    iNumMemSticks: 4
    DIMM 1:
      manufacturer: Microsoft Corporation
      modulePartNo: None
      memType: Unknown
      size: 1
      clkspeed: 0
      moduleVoltage: 0
    DIMM 2:
      manufacturer: Microsoft Corporation
      modulePartNo: None
      memType: Unknown
      size: 60928
      clkspeed: 0
      moduleVoltage: 0
    DIMM 3:
      manufacturer: Microsoft Corporation
      modulePartNo: None
      memType: Unknown
      size: 196096
      clkspeed: 0
      moduleVoltage: 0
    DIMM 4:
      manufacturer: Microsoft Corporation
      modulePartNo: None
      memType: Unknown
      size: 252
      clkspeed: 0
      moduleVoltage: 0
Checksum: E42CFBC49895B1B07FF9C6E5DC05BE2E8C6B94F4