BaselineInfo:
  WebDBID: -1
  TimeStamp: 20260620233912
Version:
  Major: 11
  Minor: 0
  Build: 1004
  SpecialBuildName: ""
  ptArchitecture: x86_64_linux
Results:
  Results Complete: true
  NumTestProcesses: 48
  CPU_INTEGER_MATH: 241708.18733333334
  CPU_FLOATINGPOINT_MATH: 177033.50705961848
  CPU_PRIME: 461.13008183158382
  CPU_SORTING: 121727.72000475807
  CPU_ENCRYPTION: 54038.400771202148
  CPU_COMPRESSION: 942500.01283359539
  CPU_SINGLETHREAD: 3455.9688935103241
  CPU_PHYSICS: 7201.7855440409066
  CPU_MATRIX_MULT_SSE: 61872.744275988211
  CPU_mm: 6832.9721635515161
  CPU_sse: 28232.546741832884
  CPU_fma: 72547.823175056736
  CPU_avx: 57194.036699076059
  CPU_avx512: 89516.570487987221
  m_CPU_enc_SHA: 56764429062.305298
  m_CPU_enc_AES: 74554179091.420914
  m_CPU_enc_ECDSA: 38671502227.465965
  ME_ALLOC_S: 22850.954059932246
  ME_READ_S: 30572.530078125001
  ME_READ_L: 20893.10546875
  ME_WRITE: 8589.703125
  ME_LARGE: 183773.75
  ME_LATENCY: 70.130101115525932
  ME_THREADED: 189389.69775390625
  SUMM_CPU: 68640.573446621551
  SUMM_ME: 2660.5637949053262
SystemInformation:
  OSName: Ubuntu 24.04.4 LTS
  Kernel: 6.17.0-1018-azure
  Device: ""
  Processor: Intel(R) Xeon(R) 6973P-C
  NumSockets: 1
  Manufacturer: GenuineIntel
  NumCores: 24
  NumLogicals: 48
  CPUFrequency: 2600
  CPUMaxFrequency: 2600
  Memory: 193211
  CPUInfo:
    number: 1
    Family: 6
    Model: 13
    stepping: 1
    features: 529267711
    manufacture: GenuineIntel
    typestring: Intel(R) Xeon(R) 6973P-C
    iCoresPerPackage: 32
    iThreadsPerPackage: 2
    featuresEx:
      - 529267711
      - 4294586915
      - 739248128
    bHybrid: false
    nPCore: 0
    nLogicalsPerPCore: 0
    nECore: 0
    nLogicalsPerECore: 0
  MemModuleInfo:
    iNumMemSticks: 3
    DIMM 1:
      manufacturer: Microsoft Corporation
      modulePartNo: None
      memType: Unknown
      size: 1
      clkspeed: 0
      moduleVoltage: 0
    DIMM 2:
      manufacturer: Microsoft Corporation
      modulePartNo: None
      memType: Unknown
      size: 59
      clkspeed: 0
      moduleVoltage: 0
    DIMM 3:
      manufacturer: Microsoft Corporation
      modulePartNo: None
      memType: Unknown
      size: 132
      clkspeed: 0
      moduleVoltage: 0
Checksum: 3A69FD4F3EDA4C6EF292415AF842CAD3F36BC561