---
system-info:
      stress-ng-version: 0.17.08
      run-by: root
      date-yyyy-mm-dd: 2024:07:12
      time-hh-mm-ss: 13:39:11
      epoch-secs: 1720791551
      hostname: ip-172-31-58-181
      sysname: Linux
      nodename: ip-172-31-58-181
      release: 6.8.0-1010-aws
      version: '#10-Ubuntu SMP Thu Jun 13 17:36:15 UTC 2024'
      machine: x86_64
      compiler: 'musl-gcc 13.2.1'
      uptime: 160
      totalram: 1065117085696
      freeram: 1058089037824
      sharedram: 130039808
      bufferram: 134103040
      totalswap: 0
      freeswap: 0
      pagesize: 4096
      cpus: 128
      cpus-online: 128
      ticks-per-second: 100

metrics:
    - stressor: cpu
      bogo-ops: 42180
      bogo-ops-per-second-usr-sys-time: 2108.984183
      bogo-ops-per-second-real-time: 2108.993287
      wall-clock-time: 20.000064
      user-time: 20.000150
      system-time: 0.000000
      cpu-usage-per-instance: 100.000432
      max-rss: 0

...
