---
system-info:
      stress-ng-version: 0.17.08
      run-by: root
      date-yyyy-mm-dd: 2024:06:10
      time-hh-mm-ss: 02:50:56
      epoch-secs: 1717987856
      hostname: 366769f5307d
      sysname: Linux
      nodename: 366769f5307d
      release: 6.8.0-1008-aws
      version: '#8-Ubuntu SMP Sat Apr 20 00:46:25 UTC 2024'
      machine: x86_64
      compiler: 'musl-gcc 13.2.1'
      uptime: 138
      totalram: 1065117093888
      freeram: 1058617536512
      sharedram: 130056192
      bufferram: 116420608
      totalswap: 0
      freeswap: 0
      pagesize: 4096
      cpus: 128
      cpus-online: 128
      ticks-per-second: 100

metrics:
    - stressor: cpu
      bogo-ops: 22007
      bogo-ops-per-second-usr-sys-time: 2200.690977
      bogo-ops-per-second-real-time: 2200.646273
      wall-clock-time: 10.000244
      user-time: 9.999042
      system-time: 0.000999
      cpu-usage-per-instance: 99.997969
      max-rss: 2048

...
