---
system-info:
      stress-ng-version: 0.17.08
      run-by: root
      date-yyyy-mm-dd: 2024:07:12
      time-hh-mm-ss: 06:23:54
      epoch-secs: 1720765434
      hostname: ip-172-31-9-159
      sysname: Linux
      nodename: ip-172-31-9-159
      release: 6.8.0-1010-aws
      version: '#10-Ubuntu SMP Thu Jun 13 17:36:15 UTC 2024'
      machine: x86_64
      compiler: 'musl-gcc 13.2.1'
      uptime: 221
      totalram: 133616545792
      freeram: 125473861632
      sharedram: 20303872
      bufferram: 129978368
      totalswap: 0
      freeswap: 0
      pagesize: 4096
      cpus: 32
      cpus-online: 32
      ticks-per-second: 100

metrics:
    - stressor: cpu
      bogo-ops: 245038
      bogo-ops-per-second-usr-sys-time: 383.129286
      bogo-ops-per-second-real-time: 12251.803806
      wall-clock-time: 20.000157
      user-time: 639.544025
      system-time: 0.025982
      cpu-usage-per-instance: 99.932029
      max-rss: 1032

...
