---
system-info:
      stress-ng-version: 0.17.08
      run-by: root
      date-yyyy-mm-dd: 2024:09:23
      time-hh-mm-ss: 02:31:40
      epoch-secs: 1727058700
      hostname: sc-runner
      sysname: Linux
      nodename: sc-runner
      release: 6.8.0-1014-azure
      version: '#16-Ubuntu SMP Thu Aug 15 20:04:41 UTC 2024'
      machine: x86_64
      compiler: 'musl-gcc 13.2.1'
      uptime: 310
      totalram: 270251397120
      freeram: 259532193792
      sharedram: 38354944
      bufferram: 249798656
      totalswap: 0
      freeswap: 0
      pagesize: 4096
      cpus: 32
      cpus-online: 32
      ticks-per-second: 100

metrics:
    - stressor: cpu
      bogo-ops: 862688
      bogo-ops-per-second-usr-sys-time: 1349.298242
      bogo-ops-per-second-real-time: 43134.269088
      wall-clock-time: 20.000061
      user-time: 639.340512
      system-time: 0.019989
      cpu-usage-per-instance: 99.899775
      max-rss: 1032

...
