BaselineInfo:
  WebDBID: -1
  TimeStamp: 20260611231418
Version:
  Major: 11
  Minor: 0
  Build: 1004
  SpecialBuildName: ""
  ptArchitecture: x86_64_linux
Results:
  Results Complete: true
  NumTestProcesses: 2
  CPU_INTEGER_MATH: 7500.0613333333331
  CPU_FLOATINGPOINT_MATH: 5025.1035214599724
  CPU_PRIME: 16.561791596315523
  CPU_SORTING: 2443.5076557988114
  CPU_ENCRYPTION: 927.35527872635566
  CPU_COMPRESSION: 28869.449668069094
  CPU_SINGLETHREAD: 1426.7911638277592
  CPU_PHYSICS: 274.15613684754049
  CPU_MATRIX_MULT_SSE: 2327.1122412944064
  CPU_mm: 167.65188865516706
  CPU_sse: 1108.0792260661883
  CPU_fma: 3421.8493217836167
  CPU_avx: 2366.9410472483778
  CPU_avx512: 2411.5793700794438
  m_CPU_enc_SHA: 498225589.97627789
  m_CPU_enc_AES: 2032633328.7673755
  m_CPU_enc_ECDSA: 386348547.49364781
  ME_ALLOC_S: 374.95917052997032
  ME_READ_S: 21286.369726562501
  ME_READ_L: 7938.849609375
  ME_WRITE: 7922.12890625
  ME_LARGE: 2132.1666666666665
  ME_LATENCY: 61.020321188320395
  ME_THREADED: 14918.49560546875
  SUMM_CPU: 2470.9151474860078
  SUMM_ME: 1227.8694426853133
SystemInformation:
  OSName: Ubuntu 24.04.4 LTS
  Kernel: 6.8.0-124-generic
  Device: ""
  Processor: Intel Xeon Processor (Skylake, IBRS)
  NumSockets: 1
  Manufacturer: GenuineIntel
  NumCores: 1
  NumLogicals: 2
  CPUFrequency: 743
  CPUMaxFrequency: 2696
  Memory: 3910
  CPUInfo:
    number: 1
    Family: 6
    Model: 5
    stepping: 4
    features: 395049983
    manufacture: GenuineIntel
    typestring: Intel Xeon Processor (Skylake, IBRS)
    iCoresPerPackage: 1
    iThreadsPerPackage: 2
    featuresEx:
      - 395049983
      - 4294586883
      - 739248128
    bHybrid: false
    nPCore: 0
    nLogicalsPerPCore: 0
    nECore: 0
    nLogicalsPerECore: 0
  MemModuleInfo:
    iNumMemSticks: 1
    DIMM 1:
      manufacturer: QEMU
      modulePartNo: Not Specified
      memType: RAM
      size: 4
      clkspeed: 0
      moduleVoltage: 0
Checksum: 8E072F91BCF4BE29F2998B1B3A96FB38C9763DAC