---
system-info:
      stress-ng-version: 0.17.08
      run-by: root
      date-yyyy-mm-dd: 2024:06:06
      time-hh-mm-ss: 03:16:03
      epoch-secs: 1717643763
      hostname: 1128d9c3b0ac
      sysname: Linux
      nodename: 1128d9c3b0ac
      release: 6.8.0-1008-aws
      version: '#8-Ubuntu SMP Sat Apr 20 00:46:25 UTC 2024'
      machine: x86_64
      compiler: 'musl-gcc 13.2.1'
      uptime: 113
      totalram: 16377602048
      freeram: 12270047232
      sharedram: 20029440
      bufferram: 80449536
      totalswap: 0
      freeswap: 0
      pagesize: 4096
      cpus: 8
      cpus-online: 8
      ticks-per-second: 100

metrics:
    - stressor: cpu
      bogo-ops: 16978
      bogo-ops-per-second-usr-sys-time: 1697.316095
      bogo-ops-per-second-real-time: 1697.224022
      wall-clock-time: 10.003394
      user-time: 9.999852
      system-time: 0.002999
      cpu-usage-per-instance: 99.994575
      max-rss: 3920

...
