---
system-info:
      stress-ng-version: 0.17.08
      run-by: root
      date-yyyy-mm-dd: 2024:06:14
      time-hh-mm-ss: 03:41:22
      epoch-secs: 1718336482
      hostname: c44c4dad5dc3
      sysname: Linux
      nodename: c44c4dad5dc3
      release: 6.8.0-1008-aws
      version: '#8-Ubuntu SMP Sat Apr 20 00:46:25 UTC 2024'
      machine: x86_64
      compiler: 'musl-gcc 13.2.1'
      uptime: 142
      totalram: 16377602048
      freeram: 12028145664
      sharedram: 20029440
      bufferram: 108982272
      totalswap: 0
      freeswap: 0
      pagesize: 4096
      cpus: 8
      cpus-online: 8
      ticks-per-second: 100

metrics:
    - stressor: cpu
      bogo-ops: 59858
      bogo-ops-per-second-usr-sys-time: 2993.113559
      bogo-ops-per-second-real-time: 2992.892508
      wall-clock-time: 20.000050
      user-time: 19.997574
      system-time: 0.000999
      cpu-usage-per-instance: 99.992615
      max-rss: 1104

...
