---
system-info:
      stress-ng-version: 0.17.08
      run-by: root
      date-yyyy-mm-dd: 2024:06:14
      time-hh-mm-ss: 21:40:46
      epoch-secs: 1718401246
      hostname: b84f1788e853
      sysname: Linux
      nodename: b84f1788e853
      release: 6.8.0-31-generic
      version: '#31-Ubuntu SMP PREEMPT_DYNAMIC Sat Apr 20 00:40:06 UTC 2024'
      machine: x86_64
      compiler: 'musl-gcc 13.2.1'
      uptime: 153
      totalram: 8128630784
      freeram: 4630753280
      sharedram: 17969152
      bufferram: 106971136
      totalswap: 0
      freeswap: 0
      pagesize: 4096
      cpus: 2
      cpus-online: 2
      ticks-per-second: 100

metrics:
    - stressor: cpu
      bogo-ops: 19115
      bogo-ops-per-second-usr-sys-time: 956.051156
      bogo-ops-per-second-real-time: 955.727874
      wall-clock-time: 20.000463
      user-time: 19.993700
      system-time: 0.000000
      cpu-usage-per-instance: 99.966186
      max-rss: 1104

...
