---
system-info:
      stress-ng-version: 0.17.08
      run-by: root
      date-yyyy-mm-dd: 2024:06:07
      time-hh-mm-ss: 21:05:13
      epoch-secs: 1717794313
      hostname: 513a9798cfa3
      sysname: Linux
      nodename: 513a9798cfa3
      release: 6.8.0-31-generic
      version: '#31-Ubuntu SMP PREEMPT_DYNAMIC Sat Apr 20 00:40:06 UTC 2024'
      machine: x86_64
      compiler: 'musl-gcc 13.2.1'
      uptime: 161
      totalram: 8128638976
      freeram: 4724400128
      sharedram: 17969152
      bufferram: 90951680
      totalswap: 0
      freeswap: 0
      pagesize: 4096
      cpus: 2
      cpus-online: 2
      ticks-per-second: 100

metrics:
    - stressor: cpu
      bogo-ops: 11106
      bogo-ops-per-second-usr-sys-time: 1111.009629
      bogo-ops-per-second-real-time: 1110.490045
      wall-clock-time: 10.000990
      user-time: 9.995314
      system-time: 0.000999
      cpu-usage-per-instance: 99.953233
      max-rss: 3792

...
