BaselineInfo:
  WebDBID: -1
  TimeStamp: 20241107162146
Version:
  Major: 11
  Minor: 0
  Build: 1002
  SpecialBuildName: ""
  ptArchitecture: x86_64_linux
Results:
  Results Complete: true
  NumTestProcesses: 4
  CPU_INTEGER_MATH: 20949.520333333334
  CPU_FLOATINGPOINT_MATH: 17313.051664672796
  CPU_PRIME: 67.245177416464657
  CPU_SORTING: 12566.828421492561
  CPU_ENCRYPTION: 4684.0260599499561
  CPU_COMPRESSION: 90093.985056968086
  CPU_SINGLETHREAD: 2436.0896722855446
  CPU_PHYSICS: 1134.5689931402931
  CPU_MATRIX_MULT_SSE: 7492.8163004255712
  CPU_mm: 963.31488531212005
  CPU_sse: 3149.8700107842069
  CPU_fma: 8806.8906093227924
  CPU_avx: 6692.9484145964616
  CPU_avx512: 11321.556166998824
  m_CPU_enc_SHA: 5492395045.6846104
  m_CPU_enc_AES: 5667034441.4474411
  m_CPU_enc_ECDSA: 3575242442.3822017
  ME_ALLOC_S: 4002.2927232501843
  ME_READ_S: 24524.80859375
  ME_READ_L: 11884.9853515625
  ME_WRITE: 11038.697265625
  ME_LARGE: 21959.833333333332
  ME_LATENCY: 58.424615010938055
  ME_THREADED: 42718.5693359375
  SUMM_CPU: 8965.978406802602
  SUMM_ME: 2389.4356751599094
SystemInformation:
  OSName: Ubuntu 24.04.1 LTS
  Kernel: 6.8.0-1017-azure
  Device: ""
  Processor: Intel Xeon Platinum 8370C CPU @ 2.80GHz
  NumSockets: 1
  Manufacturer: GenuineIntel
  NumCores: 4
  NumLogicals: 4
  CPUFrequency: 2800
  Memory: 32092
  MemModuleInfo:
    iNumMemSticks: 3
    DIMM 1:
      manufacturer: Microsoft Corporation
      modulePartNo: None
      memType: Unknown
      size: 1
      clkspeed: 0
      moduleVoltage: 0
    DIMM 2:
      manufacturer: Microsoft Corporation
      modulePartNo: None
      memType: Unknown
      size: 31
      clkspeed: 0
      moduleVoltage: 0
    DIMM 3:
      manufacturer: Microsoft Corporation
      modulePartNo: None
      memType: Unknown
      size: 16
      clkspeed: 0
      moduleVoltage: 0
Checksum: 2C3F28CD334B4C41083E13B77E01BC0D29C6F447