BaselineInfo:
  WebDBID: -1
  TimeStamp: 20260714181957
Version:
  Major: 11
  Minor: 0
  Build: 1004
  SpecialBuildName: ""
  ptArchitecture: x86_64_linux
Results:
  Results Complete: true
  NumTestProcesses: 2
  CPU_INTEGER_MATH: 10757.754333333332
  CPU_FLOATINGPOINT_MATH: 6595.4615530585852
  CPU_PRIME: 28.209395738843895
  CPU_SORTING: 5401.563981385957
  CPU_ENCRYPTION: 2171.8472542539989
  CPU_COMPRESSION: 40447.257574921015
  CPU_SINGLETHREAD: 2986.6274589129939
  CPU_PHYSICS: 570.46218137608662
  CPU_MATRIX_MULT_SSE: 3154.067522352987
  CPU_mm: 312.90620385925831
  CPU_sse: 1167.7102299146577
  CPU_fma: 3538.5331344663264
  CPU_avx: 3504.0435226426293
  CPU_avx512: 4405.9832023883355
  m_CPU_enc_SHA: 2722322175.6294699
  m_CPU_enc_AES: 2226121096.0734215
  m_CPU_enc_ECDSA: 1883597447.7270319
  ME_ALLOC_S: 1345.9776489173614
  ME_READ_S: 27495.662890625001
  ME_READ_L: 26764.8828125
  ME_WRITE: 27087.53515625
  ME_LARGE: 7685.666666666667
  ME_LATENCY: 85.745631979376768
  ME_THREADED: 35050.666015625
  SUMM_CPU: 4135.2555094074451
  SUMM_ME: 2057.3077403823195
SystemInformation:
  OSName: Ubuntu 24.04.4 LTS
  Kernel: 6.8.0-134-generic
  Device: ""
  Processor: AMD EPYC-Turin Processor
  NumSockets: 1
  Manufacturer: AuthenticAMD
  NumCores: 1
  NumLogicals: 2
  CPUFrequency: 0
  CPUMaxFrequency: 0
  Memory: 15987
  CPUInfo:
    number: 1
    Family: 15
    Model: 0
    stepping: 0
    features: 395049983
    manufacture: AuthenticAMD
    typestring: AMD EPYC-Turin Processor
    iCoresPerPackage: 1
    iThreadsPerPackage: 2
    featuresEx:
      - 395049983
      - 4277809667
      - 802421759
    bHybrid: false
    nPCore: 0
    nLogicalsPerPCore: 0
    nECore: 0
    nLogicalsPerECore: 0
  MemModuleInfo:
    iNumMemSticks: 1
    DIMM 1:
      manufacturer: QEMU
      modulePartNo: Not Specified
      memType: RAM
      size: 16
      clkspeed: 0
      moduleVoltage: 0
Checksum: F1DC706808409C9DCB4BB93165A15EB58A7F0AF5