BaselineInfo:
  WebDBID: -1
  TimeStamp: 20260615163613
Version:
  Major: 11
  Minor: 0
  Build: 1004
  SpecialBuildName: ""
  ptArchitecture: x86_64_linux
Results:
  Results Complete: true
  NumTestProcesses: 2
  CPU_INTEGER_MATH: 10731.721000000001
  CPU_FLOATINGPOINT_MATH: 6562.5910234508729
  CPU_PRIME: 28.502459762326104
  CPU_SORTING: 5335.4932763191282
  CPU_ENCRYPTION: 2166.4359139555654
  CPU_COMPRESSION: 40717.76444541532
  CPU_SINGLETHREAD: 3024.6867628222694
  CPU_PHYSICS: 566.31597228153009
  CPU_MATRIX_MULT_SSE: 3135.6263604929227
  CPU_mm: 311.10496188286686
  CPU_sse: 1160.8808289380584
  CPU_fma: 3534.8430079882723
  CPU_avx: 3474.9965911859335
  CPU_avx512: 4371.7850138594258
  m_CPU_enc_SHA: 2708769158.3223915
  m_CPU_enc_AES: 2214947986.3440194
  m_CPU_enc_ECDSA: 1891300970.069201
  ME_ALLOC_S: 1405.142381695526
  ME_READ_S: 27415.866601562499
  ME_READ_L: 26397.427734375
  ME_WRITE: 27124.498046875
  ME_LARGE: 7883.5
  ME_LATENCY: 78.458546599283466
  ME_THREADED: 40197.248046875
  SUMM_CPU: 4126.223141260477
  SUMM_ME: 2182.3903808387854
SystemInformation:
  OSName: Ubuntu 24.04.4 LTS
  Kernel: 6.8.0-124-generic
  Device: ""
  Processor: AMD EPYC-Turin Processor
  NumSockets: 1
  Manufacturer: AuthenticAMD
  NumCores: 1
  NumLogicals: 2
  CPUFrequency: 0
  CPUMaxFrequency: 0
  Memory: 15987
  CPUInfo:
    number: 1
    Family: 15
    Model: 0
    stepping: 0
    features: 395049983
    manufacture: AuthenticAMD
    typestring: AMD EPYC-Turin Processor
    iCoresPerPackage: 1
    iThreadsPerPackage: 2
    featuresEx:
      - 395049983
      - 4277809667
      - 802421759
    bHybrid: false
    nPCore: 0
    nLogicalsPerPCore: 0
    nECore: 0
    nLogicalsPerECore: 0
  MemModuleInfo:
    iNumMemSticks: 1
    DIMM 1:
      manufacturer: QEMU
      modulePartNo: Not Specified
      memType: RAM
      size: 16
      clkspeed: 0
      moduleVoltage: 0
Checksum: 3B9E37C21E48BA95F1201FD27CCFE9E18ECB804D