---
system-info:
      stress-ng-version: 0.17.08
      run-by: root
      date-yyyy-mm-dd: 2024:06:15
      time-hh-mm-ss: 05:39:54
      epoch-secs: 1718429994
      hostname: 6170c2e55835
      sysname: Linux
      nodename: 6170c2e55835
      release: 6.8.0-1008-aws
      version: '#8-Ubuntu SMP Sat Apr 20 02:43:14 UTC 2024'
      machine: aarch64
      compiler: 'musl-gcc 13.2.1'
      uptime: 118
      totalram: 132652302336
      freeram: 128097595392
      sharedram: 35094528
      bufferram: 107634688
      totalswap: 0
      freeswap: 0
      pagesize: 4096
      cpus: 32
      cpus-online: 32
      ticks-per-second: 100

metrics:
    - stressor: cpu
      bogo-ops: 979975
      bogo-ops-per-second-usr-sys-time: 1531.848842
      bogo-ops-per-second-real-time: 48998.551768
      wall-clock-time: 20.000081
      user-time: 639.724491
      system-time: 0.008995
      cpu-usage-per-instance: 99.957953
      max-rss: 1024

...
