---
system-info:
      stress-ng-version: 0.17.08
      run-by: root
      date-yyyy-mm-dd: 2024:06:08
      time-hh-mm-ss: 20:54:36
      epoch-secs: 1717880076
      hostname: c52853b9a186
      sysname: Linux
      nodename: c52853b9a186
      release: 6.8.0-1008-aws
      version: '#8-Ubuntu SMP Sat Apr 20 02:43:14 UTC 2024'
      machine: aarch64
      compiler: 'musl-gcc 13.2.1'
      uptime: 102
      totalram: 132652302336
      freeram: 127920095232
      sharedram: 35094528
      bufferram: 104841216
      totalswap: 0
      freeswap: 0
      pagesize: 4096
      cpus: 32
      cpus-online: 32
      ticks-per-second: 100

metrics:
    - stressor: cpu
      bogo-ops: 136502
      bogo-ops-per-second-usr-sys-time: 424.830186
      bogo-ops-per-second-real-time: 13585.155579
      wall-clock-time: 10.047879
      user-time: 321.285574
      system-time: 0.023986
      cpu-usage-per-instance: 99.930779
      max-rss: 3840

...
