---
system-info:
      stress-ng-version: 0.17.08
      run-by: root
      date-yyyy-mm-dd: 2024:06:20
      time-hh-mm-ss: 08:42:41
      epoch-secs: 1718872961
      hostname: 52adb04a6ecf
      sysname: Linux
      nodename: 52adb04a6ecf
      release: 6.8.0-1008-gcp
      version: '#9-Ubuntu SMP Wed May 22 18:09:04 UTC 2024'
      machine: x86_64
      compiler: 'musl-gcc 13.2.1'
      uptime: 215
      totalram: 33652178944
      freeram: 25918402560
      sharedram: 41869312
      bufferram: 121704448
      totalswap: 0
      freeswap: 0
      pagesize: 4096
      cpus: 8
      cpus-online: 8
      ticks-per-second: 100

metrics:
    - stressor: cpu
      bogo-ops: 126247
      bogo-ops-per-second-usr-sys-time: 791.663369
      bogo-ops-per-second-real-time: 6312.314182
      wall-clock-time: 20.000113
      user-time: 159.449576
      system-time: 0.020983
      cpu-usage-per-instance: 99.668534
      max-rss: 1104

...
