---
system-info:
      stress-ng-version: 0.17.08
      run-by: root
      date-yyyy-mm-dd: 2024:09:12
      time-hh-mm-ss: 21:31:02
      epoch-secs: 1726176662
      hostname: ip-172-31-51-199
      sysname: Linux
      nodename: ip-172-31-51-199
      release: 6.8.0-1014-aws
      version: '#15-Ubuntu SMP Thu Aug  8 19:13:06 UTC 2024'
      machine: x86_64
      compiler: 'musl-gcc 13.2.1'
      uptime: 261
      totalram: 532511707136
      freeram: 521298743296
      sharedram: 115204096
      bufferram: 225193984
      totalswap: 0
      freeswap: 0
      pagesize: 4096
      cpus: 128
      cpus-online: 128
      ticks-per-second: 100

metrics:
    - stressor: cpu
      bogo-ops: 37835
      bogo-ops-per-second-usr-sys-time: 1891.734866
      bogo-ops-per-second-real-time: 1891.750045
      wall-clock-time: 20.000000
      user-time: 20.000160
      system-time: 0.000000
      cpu-usage-per-instance: 100.000802
      max-rss: 0

...
