---
system-info:
      stress-ng-version: 0.17.08
      run-by: root
      date-yyyy-mm-dd: 2024:06:06
      time-hh-mm-ss: 13:27:57
      epoch-secs: 1717680477
      hostname: d023c126ca24
      sysname: Linux
      nodename: d023c126ca24
      release: 6.8.0-1008-aws
      version: '#8-Ubuntu SMP Sat Apr 20 00:46:25 UTC 2024'
      machine: x86_64
      compiler: 'musl-gcc 13.2.1'
      uptime: 115
      totalram: 198317600768
      freeram: 193655480320
      sharedram: 37539840
      bufferram: 83968000
      totalswap: 0
      freeswap: 0
      pagesize: 4096
      cpus: 96
      cpus-online: 96
      ticks-per-second: 100

metrics:
    - stressor: cpu
      bogo-ops: 17743
      bogo-ops-per-second-usr-sys-time: 1773.963302
      bogo-ops-per-second-real-time: 1773.961686
      wall-clock-time: 10.001907
      user-time: 10.000899
      system-time: 0.000999
      cpu-usage-per-instance: 99.999909
      max-rss: 3072

...
