---
system-info:
      stress-ng-version: 0.17.08
      run-by: root
      date-yyyy-mm-dd: 2024:06:14
      time-hh-mm-ss: 06:55:32
      epoch-secs: 1718348132
      hostname: f133f14d9392
      sysname: Linux
      nodename: f133f14d9392
      release: 6.8.0-1008-aws
      version: '#8-Ubuntu SMP Sat Apr 20 00:46:25 UTC 2024'
      machine: x86_64
      compiler: 'musl-gcc 13.2.1'
      uptime: 133
      totalram: 198317588480
      freeram: 193378127872
      sharedram: 37539840
      bufferram: 109015040
      totalswap: 0
      freeswap: 0
      pagesize: 4096
      cpus: 96
      cpus-online: 96
      ticks-per-second: 100

metrics:
    - stressor: cpu
      bogo-ops: 61514
      bogo-ops-per-second-usr-sys-time: 3075.709688
      bogo-ops-per-second-real-time: 3075.687644
      wall-clock-time: 20.000080
      user-time: 19.999937
      system-time: 0.000000
      cpu-usage-per-instance: 99.999283
      max-rss: 768

...
