BaselineInfo:
  WebDBID: -1
  TimeStamp: 20241108115628
Version:
  Major: 11
  Minor: 0
  Build: 1002
  SpecialBuildName: ""
  ptArchitecture: x86_64_linux
Results:
  Results Complete: true
  NumTestProcesses: 8
  CPU_INTEGER_MATH: 22647.48533333333
  CPU_FLOATINGPOINT_MATH: 12154.96449199157
  CPU_PRIME: 49.387692232703557
  CPU_SORTING: 11947.174261866061
  CPU_ENCRYPTION: 3118.1884528121072
  CPU_COMPRESSION: 100617.20323931948
  CPU_SINGLETHREAD: 1818.3445624901869
  CPU_PHYSICS: 923.4084888534004
  CPU_MATRIX_MULT_SSE: 6038.4627256323893
  CPU_mm: 689.45181582307703
  CPU_sse: 2442.1647936107347
  CPU_fma: 7318.5694084920669
  CPU_avx: 5170.1222847802437
  CPU_avx512: 9222.9944156465172
  m_CPU_enc_SHA: 1023892298.7591758
  m_CPU_enc_AES: 7869149369.2716131
  m_CPU_enc_ECDSA: 915931057.25693345
  ME_ALLOC_S: 2715.9914362441878
  ME_READ_S: 22210.900781249999
  ME_READ_L: 11191.2900390625
  ME_WRITE: 10253.8076171875
  ME_LARGE: 21699
  ME_LATENCY: 54.008267113578917
  ME_THREADED: 48754.775390625
  SUMM_CPU: 7724.5072559164983
  SUMM_ME: 2354.0638442840905
SystemInformation:
  OSName: Ubuntu 24.04.1 LTS
  Kernel: 6.8.0-1016-aws
  Device: ""
  Processor: Intel Xeon Platinum 8259CL CPU @ 2.50GHz
  NumSockets: 1
  Manufacturer: GenuineIntel
  NumCores: 4
  NumLogicals: 8
  CPUFrequency: 0
  Memory: 31722
  MemModuleInfo:
    iNumMemSticks: 1
    DIMM 1:
      manufacturer: Not Specified
      modulePartNo: Not Specified
      memType: DDR4
      size: 32
      clkspeed: 1466
      moduleVoltage: 0
Checksum: 61BDDDD936B21A9E8D6B18693BA254A0F3E9D78B