BaselineInfo:
  WebDBID: -1
  TimeStamp: 20241107223849
Version:
  Major: 11
  Minor: 0
  Build: 1002
  SpecialBuildName: ""
  ptArchitecture: x86_64_linux
Results:
  Results Complete: true
  NumTestProcesses: 8
  CPU_INTEGER_MATH: 33635.374333333333
  CPU_FLOATINGPOINT_MATH: 17199.848430968854
  CPU_PRIME: 74.017118344087919
  CPU_SORTING: 17549.393377444329
  CPU_ENCRYPTION: 7326.889823818814
  CPU_COMPRESSION: 126084.44266187071
  CPU_SINGLETHREAD: 2431.6731846477282
  CPU_PHYSICS: 1356.1705979642502
  CPU_MATRIX_MULT_SSE: 7229.4938357521332
  CPU_mm: 724.69790701221905
  CPU_sse: 3186.9451215667659
  CPU_fma: 8763.5414672846218
  CPU_avx: 6474.048197537275
  CPU_avx512: 10493.440556619867
  m_CPU_enc_SHA: 7372064688.7968836
  m_CPU_enc_AES: 11103706455.979729
  m_CPU_enc_ECDSA: 4572631326.9253006
  ME_ALLOC_S: 4094.0250161388549
  ME_READ_S: 24170.490624999999
  ME_READ_L: 12178.6533203125
  ME_WRITE: 10691.0703125
  ME_LARGE: 21989.333333333332
  ME_LATENCY: 52.812892573680038
  ME_THREADED: 54900.91064453125
  SUMM_CPU: 11469.910736463731
  SUMM_ME: 2521.1659004560233
SystemInformation:
  OSName: Ubuntu 24.04.1 LTS
  Kernel: 6.8.0-1017-azure
  Device: ""
  Processor: Intel Xeon Platinum 8370C CPU @ 2.80GHz
  NumSockets: 1
  Manufacturer: GenuineIntel
  NumCores: 4
  NumLogicals: 8
  CPUFrequency: 2800
  Memory: 32091
  MemModuleInfo:
    iNumMemSticks: 2
    DIMM 1:
      manufacturer: Microsoft Corporation
      modulePartNo: None
      memType: Unknown
      size: 1
      clkspeed: 0
      moduleVoltage: 0
    DIMM 2:
      manufacturer: Microsoft Corporation
      modulePartNo: None
      memType: Unknown
      size: 31
      clkspeed: 0
      moduleVoltage: 0
Checksum: D04679CCB45156C1A714484B3E583C3161203C7C