BaselineInfo:
  WebDBID: -1
  TimeStamp: 20260404151517
Version:
  Major: 11
  Minor: 0
  Build: 1004
  SpecialBuildName: ""
  ptArchitecture: x86_64_linux
Results:
  Results Complete: true
  NumTestProcesses: 12
  CPU_INTEGER_MATH: 29587.167333333331
  CPU_FLOATINGPOINT_MATH: 15890.572741908591
  CPU_PRIME: 64.257544955219245
  CPU_SORTING: 18399.057175475118
  CPU_ENCRYPTION: 4101.7927204794942
  CPU_COMPRESSION: 136210.46301699703
  CPU_SINGLETHREAD: 1670.7672306144802
  CPU_PHYSICS: 1072.9454770068969
  CPU_MATRIX_MULT_SSE: 9185.3215567620682
  CPU_mm: 900.91209370289891
  CPU_sse: 3224.7710435883373
  CPU_fma: 11004.081360431619
  CPU_avx: 7779.1000379722045
  CPU_avx512: 14733.333785056115
  m_CPU_enc_SHA: 1339178956.2687387
  m_CPU_enc_AES: 10350325664.096216
  m_CPU_enc_ECDSA: 1213619590.6435611
  ME_ALLOC_S: 3352.5661448200472
  ME_READ_S: 19346.435937499999
  ME_READ_L: 6837.5126953125
  ME_WRITE: 7210.92919921875
  ME_LARGE: 10779.333333333334
  ME_LATENCY: 75.580991665609886
  ME_THREADED: 56412.60986328125
  SUMM_CPU: 10201.537157780236
  SUMM_ME: 1733.8464378474241
SystemInformation:
  OSName: Ubuntu 24.04.4 LTS
  Kernel: 6.8.0-106-generic
  Device: ""
  Processor: Intel(R) Xeon(R) Platinum 8269CY CPU @ 2.50GHz
  NumSockets: 1
  Manufacturer: GenuineIntel
  NumCores: 6
  NumLogicals: 12
  CPUFrequency: 0
  CPUMaxFrequency: 0
  Memory: 23644
  CPUInfo:
    number: 1
    Family: 6
    Model: 5
    stepping: 7
    features: 529267711
    manufacture: GenuineIntel
    typestring: Intel(R) Xeon(R) Platinum 8269CY CPU @ 2.50GHz
    iCoresPerPackage: 6
    iThreadsPerPackage: 2
    featuresEx:
      - 529267711
      - 4277809667
      - 739248128
    bHybrid: false
    nPCore: 0
    nLogicalsPerPCore: 0
    nECore: 0
    nLogicalsPerECore: 0
  MemModuleInfo:
    iNumMemSticks: 2
    DIMM 1:
      manufacturer: Alibaba Cloud
      modulePartNo: Not Specified
      memType: RAM
      size: 16
      clkspeed: 0
      moduleVoltage: 0
    DIMM 2:
      manufacturer: Alibaba Cloud
      modulePartNo: Not Specified
      memType: RAM
      size: 8
      clkspeed: 0
      moduleVoltage: 0
Checksum: F7E80E91E6DA64029E8DFC96721EF9E32652A082