BaselineInfo:
  WebDBID: -1
  TimeStamp: 20241109223752
Version:
  Major: 11
  Minor: 0
  Build: 1002
  SpecialBuildName: ""
  ptArchitecture: aarch64_linux
Results:
  Results Complete: true
  NumTestProcesses: 32
  CPU_INTEGER_MATH: 126428.70600000002
  CPU_FLOATINGPOINT_MATH: 95929.937071167369
  CPU_PRIME: 181.40858800944514
  CPU_SORTING: 90823.330147354791
  CPU_ENCRYPTION: 4375.287929060567
  CPU_COMPRESSION: 152361.00705876647
  CPU_SINGLETHREAD: 1110.9248162358474
  CPU_PHYSICS: 3215.3037275703437
  CPU_MATRIX_MULT_SSE: 19957.500015565074
  CPU_mm: 3324.2647627578981
  CPU_sse: 16718.535654476738
  CPU_fma: 23196.464376653406
  CPU_avx: 0
  CPU_avx512: 0
  m_CPU_enc_SHA: 6566299711.8448954
  m_CPU_enc_AES: 3036619670.0861864
  m_CPU_enc_ECDSA: 4160546364.5767555
  ME_ALLOC_S: 20432.685176491825
  ME_READ_S: 9484.0266601562507
  ME_READ_L: 9217.7392578125
  ME_WRITE: 12573.0771484375
  ME_LARGE: 178142.33333333334
  ME_LATENCY: 69.99765005806394
  ME_THREADED: 170074.97583007812
  SUMM_CPU: 17399.651337349107
  SUMM_ME: 1845.6478843646012
SystemInformation:
  OSName: Ubuntu 24.04.1 LTS
  Kernel: 6.8.0-1016-aws
  Device: ""
  Processor: ARM Neoverse-N1 32 Core 0 MHz
  NumSockets: 1
  Manufacturer: ARM
  NumCores: 32
  NumLogicals: 32
  CPUFrequency: 0
  Memory: 189788
Checksum: E694799D059F335CD8A97970E55AA6AC3736CB13