BaselineInfo:
  WebDBID: -1
  TimeStamp: 20250414125602
Version:
  Major: 11
  Minor: 0
  Build: 1002
  SpecialBuildName: ""
  ptArchitecture: x86_64_linux
Results:
  Results Complete: true
  NumTestProcesses: 32
  CPU_INTEGER_MATH: 151468.15766666667
  CPU_FLOATINGPOINT_MATH: 107375.45969707442
  CPU_PRIME: 312.80531863013965
  CPU_SORTING: 75189.220026771407
  CPU_ENCRYPTION: 33344.711109992691
  CPU_COMPRESSION: 545054.02065374877
  CPU_SINGLETHREAD: 2924.5270527662269
  CPU_PHYSICS: 7259.0523948460259
  CPU_MATRIX_MULT_SSE: 46150.545074855385
  CPU_mm: 4289.9745441947234
  CPU_sse: 18735.959834615645
  CPU_fma: 51104.122479418693
  CPU_avx: 39017.24018102316
  CPU_avx512: 75744.857804364074
  m_CPU_enc_SHA: 35283052950.139038
  m_CPU_enc_AES: 45850336001.990204
  m_CPU_enc_ECDSA: 23760002438.485878
  ME_ALLOC_S: 17260.64668678114
  ME_READ_S: 25712.899609374999
  ME_READ_L: 9132.955078125
  ME_WRITE: 8465.8955078125
  ME_LARGE: 53101.75
  ME_LATENCY: 80.156626370697452
  ME_THREADED: 198844.78857421875
  SUMM_CPU: 46999.7984013963
  SUMM_ME: 2110.6484338519949
SystemInformation:
  OSName: Ubuntu 24.04.1 LTS
  Kernel: 6.8.0-1021-azure
  Device: ""
  Processor: INTEL XEON PLATINUM 8573C
  NumSockets: 1
  Manufacturer: GenuineIntel
  NumCores: 16
  NumLogicals: 32
  CPUFrequency: 2300
  Memory: 64290
  MemModuleInfo:
    iNumMemSticks: 3
    DIMM 1:
      manufacturer: Microsoft Corporation
      modulePartNo: None
      memType: Unknown
      size: 1
      clkspeed: 0
      moduleVoltage: 0
    DIMM 2:
      manufacturer: Microsoft Corporation
      modulePartNo: None
      memType: Unknown
      size: 59
      clkspeed: 0
      moduleVoltage: 0
    DIMM 3:
      manufacturer: Microsoft Corporation
      modulePartNo: None
      memType: Unknown
      size: 4
      clkspeed: 0
      moduleVoltage: 0
Checksum: B235433712215DBAD8F7EF4D9CBB30E3655066DE