BaselineInfo:
  WebDBID: -1
  TimeStamp: 20260404031016
Version:
  Major: 11
  Minor: 0
  Build: 1004
  SpecialBuildName: ""
  ptArchitecture: x86_64_linux
Results:
  Results Complete: true
  NumTestProcesses: 4
  CPU_INTEGER_MATH: 12786.153333333332
  CPU_FLOATINGPOINT_MATH: 9603.3057894306203
  CPU_PRIME: 40.545985604836773
  CPU_SORTING: 8707.7546569655515
  CPU_ENCRYPTION: 1641.8929336493989
  CPU_COMPRESSION: 67195.106739662588
  CPU_SINGLETHREAD: 1657.3505913238735
  CPU_PHYSICS: 620.96802698883653
  CPU_MATRIX_MULT_SSE: 5079.4538443370238
  CPU_mm: 552.25015365698459
  CPU_sse: 2091.9130655904873
  CPU_fma: 6944.4372238888709
  CPU_avx: 4698.3136506687897
  CPU_avx512: 6583.1514371999492
  m_CPU_enc_SHA: 891475848.23960888
  m_CPU_enc_AES: 3488403492.1334639
  m_CPU_enc_ECDSA: 785069234.00998354
  ME_ALLOC_S: 1066.3161826798264
  ME_READ_S: 15940.800097656251
  ME_READ_L: 5965.7109375
  ME_WRITE: 6311.89990234375
  ME_LARGE: 3025.0833333333335
  ME_LATENCY: 78.356202119023081
  ME_THREADED: 24354.56494140625
  SUMM_CPU: 5160.1255931338465
  SUMM_ME: 1294.3077369806792
SystemInformation:
  OSName: Ubuntu 24.04.4 LTS
  Kernel: 6.8.0-106-generic
  Device: ""
  Processor: Intel(R) Xeon(R) Platinum 8269CY CPU @ 2.50GHz
  NumSockets: 1
  Manufacturer: GenuineIntel
  NumCores: 2
  NumLogicals: 4
  CPUFrequency: 0
  CPUMaxFrequency: 0
  Memory: 15607
  CPUInfo:
    number: 1
    Family: 6
    Model: 5
    stepping: 7
    features: 529267711
    manufacture: GenuineIntel
    typestring: Intel(R) Xeon(R) Platinum 8269CY CPU @ 2.50GHz
    iCoresPerPackage: 2
    iThreadsPerPackage: 2
    featuresEx:
      - 529267711
      - 4277809667
      - 739248128
    bHybrid: false
    nPCore: 0
    nLogicalsPerPCore: 0
    nECore: 0
    nLogicalsPerECore: 0
  MemModuleInfo:
    iNumMemSticks: 1
    DIMM 1:
      manufacturer: Alibaba Cloud
      modulePartNo: Not Specified
      memType: RAM
      size: 16
      clkspeed: 0
      moduleVoltage: 0
Checksum: E43E9A5455052E012FC23139CB07E4DE4E189C3D