---
system-info:
      stress-ng-version: 0.17.08
      run-by: root
      date-yyyy-mm-dd: 2024:06:14
      time-hh-mm-ss: 09:22:07
      epoch-secs: 1718356927
      hostname: b69b79aca61a
      sysname: Linux
      nodename: b69b79aca61a
      release: 6.8.0-1008-aws
      version: '#8-Ubuntu SMP Sat Apr 20 02:43:14 UTC 2024'
      machine: aarch64
      compiler: 'musl-gcc 13.2.1'
      uptime: 116
      totalram: 33021652992
      freeram: 28662775808
      sharedram: 35033088
      bufferram: 106520576
      totalswap: 0
      freeswap: 0
      pagesize: 4096
      cpus: 16
      cpus-online: 16
      ticks-per-second: 100

metrics:
    - stressor: cpu
      bogo-ops: 490039
      bogo-ops-per-second-usr-sys-time: 1532.943127
      bogo-ops-per-second-real-time: 24501.875865
      wall-clock-time: 20.000061
      user-time: 319.665009
      system-time: 0.006994
      cpu-usage-per-instance: 99.897199
      max-rss: 1320

...
