---
system-info:
      stress-ng-version: 0.17.08
      run-by: root
      date-yyyy-mm-dd: 2024:06:06
      time-hh-mm-ss: 15:23:35
      epoch-secs: 1717687415
      hostname: e68bfd576afc
      sysname: Linux
      nodename: e68bfd576afc
      release: 6.8.0-1008-aws
      version: '#8-Ubuntu SMP Sat Apr 20 02:43:14 UTC 2024'
      machine: aarch64
      compiler: 'musl-gcc 13.2.1'
      uptime: 102
      totalram: 33021652992
      freeram: 28756643840
      sharedram: 35033088
      bufferram: 83574784
      totalswap: 0
      freeswap: 0
      pagesize: 4096
      cpus: 16
      cpus-online: 16
      ticks-per-second: 100

metrics:
    - stressor: cpu
      bogo-ops: 68243
      bogo-ops-per-second-usr-sys-time: 424.916060
      bogo-ops-per-second-real-time: 6791.803156
      wall-clock-time: 10.047847
      user-time: 160.586492
      system-time: 0.016993
      cpu-usage-per-instance: 99.899189
      max-rss: 4136

...
