BaselineInfo:
  WebDBID: -1
  TimeStamp: 20260621032005
Version:
  Major: 11
  Minor: 0
  Build: 1004
  SpecialBuildName: ""
  ptArchitecture: x86_64_linux
Results:
  Results Complete: true
  NumTestProcesses: 64
  CPU_INTEGER_MATH: 472040.58899999998
  CPU_FLOATINGPOINT_MATH: 442995.10516470409
  CPU_PRIME: 1501.352291203317
  CPU_SORTING: 233228.5829151439
  CPU_ENCRYPTION: 96412.239052228717
  CPU_COMPRESSION: 1757942.4231154127
  CPU_SINGLETHREAD: 3816.3489968641825
  CPU_PHYSICS: 19837.75085812229
  CPU_MATRIX_MULT_SSE: 138801.48650225336
  CPU_mm: 16545.107926446995
  CPU_sse: 53801.299426836384
  CPU_fma: 178684.08457108226
  CPU_avx: 113191.03495878719
  CPU_avx512: 209529.52705230765
  m_CPU_enc_SHA: 135424157671.52298
  m_CPU_enc_AES: 85253244228.955307
  m_CPU_enc_ECDSA: 82609278028.811096
  ME_ALLOC_S: 40154.855641540045
  ME_READ_S: 33839.056835937503
  ME_READ_L: 30403.099609375
  ME_WRITE: 30618.603515625
  ME_LARGE: 247793.58333333334
  ME_LATENCY: 77.334015449571453
  ME_THREADED: 512125.18408203125
  SUMM_CPU: 114652.96870309857
  SUMM_ME: 3020.0892377425248
SystemInformation:
  OSName: Ubuntu 24.04.4 LTS
  Kernel: 6.17.0-1018-azure
  Device: ""
  Processor: "AMD EPYC 9V45 96-Core Processor                "
  NumSockets: 1
  Manufacturer: AuthenticAMD
  NumCores: 64
  NumLogicals: 64
  CPUFrequency: 0
  CPUMaxFrequency: 0
  Memory: 257719
  CPUInfo:
    number: 1
    Family: 15
    Model: 2
    stepping: 1
    features: 395049983
    manufacture: AuthenticAMD
    typestring: "AMD EPYC 9V45 96-Core Processor                "
    iCoresPerPackage: 64
    iThreadsPerPackage: 1
    featuresEx:
      - 395049983
      - 4277809667
      - 802421759
    bHybrid: false
    nPCore: 0
    nLogicalsPerPCore: 0
    nECore: 0
    nLogicalsPerECore: 0
  MemModuleInfo:
    iNumMemSticks: 3
    DIMM 1:
      manufacturer: Microsoft Corporation
      modulePartNo: None
      memType: Unknown
      size: 1
      clkspeed: 0
      moduleVoltage: 0
    DIMM 2:
      manufacturer: Microsoft Corporation
      modulePartNo: None
      memType: Unknown
      size: 59
      clkspeed: 0
      moduleVoltage: 0
    DIMM 3:
      manufacturer: Microsoft Corporation
      modulePartNo: None
      memType: Unknown
      size: 196
      clkspeed: 0
      moduleVoltage: 0
Checksum: 7F282B771E5F3E6177E99AF84B7EC01DE803CF50