BaselineInfo:
  WebDBID: -1
  TimeStamp: 20241121110044
Version:
  Major: 11
  Minor: 0
  Build: 1002
  SpecialBuildName: ""
  ptArchitecture: x86_64_linux
Results:
  Results Complete: true
  NumTestProcesses: 4
  CPU_INTEGER_MATH: 24037.973000000002
  CPU_FLOATINGPOINT_MATH: 21218.443198983707
  CPU_PRIME: 79.648331468689179
  CPU_SORTING: 15358.498807420567
  CPU_ENCRYPTION: 5213.4950526000039
  CPU_COMPRESSION: 104687.63717094879
  CPU_SINGLETHREAD: 2906.0058035172165
  CPU_PHYSICS: 1337.7844394398985
  CPU_MATRIX_MULT_SSE: 9593.327082314383
  CPU_mm: 1040.91516946301
  CPU_sse: 4612.5023084050908
  CPU_fma: 13435.918906916238
  CPU_avx: 11669.967787990079
  CPU_avx512: 8654.9193259461226
  m_CPU_enc_SHA: 7207656206.9038048
  m_CPU_enc_AES: 4565082555.5248222
  m_CPU_enc_ECDSA: 4627498602.396677
  ME_ALLOC_S: 3885.4389030910052
  ME_READ_S: 27901.687890624999
  ME_READ_L: 27572.2109375
  ME_WRITE: 26827.001953125
  ME_LARGE: 5187.833333333333
  ME_LATENCY: 76.987100335758925
  ME_THREADED: 37458.3095703125
  SUMM_CPU: 10586.812965021849
  SUMM_ME: 2227.5970122432986
SystemInformation:
  OSName: Ubuntu 24.04.1 LTS
  Kernel: 6.8.0-1017-azure
  Device: ""
  Processor: AMD EPYC 9V74 80-Core Processor
  NumSockets: 1
  Manufacturer: AuthenticAMD
  NumCores: 4
  NumLogicals: 4
  CPUFrequency: 0
  Memory: 15989
  MemModuleInfo:
    iNumMemSticks: 2
    DIMM 1:
      manufacturer: Microsoft Corporation
      modulePartNo: None
      memType: Unknown
      size: 1
      clkspeed: 0
      moduleVoltage: 0
    DIMM 2:
      manufacturer: Microsoft Corporation
      modulePartNo: None
      memType: Unknown
      size: 15
      clkspeed: 0
      moduleVoltage: 0
Checksum: ECD81839C69DADD4402E6256DFF700FA1F0EF915