BaselineInfo:
  WebDBID: -1
  TimeStamp: 20260618214611
Version:
  Major: 11
  Minor: 0
  Build: 1004
  SpecialBuildName: ""
  ptArchitecture: x86_64_linux
Results:
  Results Complete: true
  NumTestProcesses: 32
  CPU_INTEGER_MATH: 132944.63633333333
  CPU_FLOATINGPOINT_MATH: 72763.06274706556
  CPU_PRIME: 162.50371651792202
  CPU_SORTING: 58112.216853936348
  CPU_ENCRYPTION: 34039.824781195712
  CPU_COMPRESSION: 502301.60444135458
  CPU_SINGLETHREAD: 2385.9570275861088
  CPU_PHYSICS: 2146.7946531545717
  CPU_MATRIX_MULT_SSE: 29890.128689107998
  CPU_mm: 3594.6514416279933
  CPU_sse: 15254.145725392204
  CPU_fma: 41557.348769623939
  CPU_avx: 32858.891572307846
  CPU_avx512: 0
  m_CPU_enc_SHA: 49272306389.937241
  m_CPU_enc_AES: 31511000163.724678
  m_CPU_enc_ECDSA: 26296723375.639294
  ME_ALLOC_S: 10996.73511499197
  ME_READ_S: 23616.093945312499
  ME_READ_L: 18052.240234375
  ME_WRITE: 16060.0703125
  ME_LARGE: 117043.58333333333
  ME_LATENCY: 54.850262428549478
  ME_THREADED: 47805.6181640625
  SUMM_CPU: 36056.933995466155
  SUMM_ME: 2867.4078659416045
SystemInformation:
  OSName: Ubuntu 24.04.4 LTS
  Kernel: 6.8.0-117-generic
  Device: ""
  Processor: "AMD EPYC 7T83 64-Core Processor                "
  NumSockets: 1
  Manufacturer: AuthenticAMD
  NumCores: 16
  NumLogicals: 32
  CPUFrequency: 0
  CPUMaxFrequency: 0
  Memory: 126262
  CPUInfo:
    number: 1
    Family: 15
    Model: 1
    stepping: 1
    features: 395049983
    manufacture: AuthenticAMD
    typestring: "AMD EPYC 7T83 64-Core Processor                "
    iCoresPerPackage: 16
    iThreadsPerPackage: 2
    featuresEx:
      - 395049983
      - 4277809667
      - 802421759
    bHybrid: false
    nPCore: 0
    nLogicalsPerPCore: 0
    nECore: 0
    nLogicalsPerECore: 0
  MemModuleInfo:
    iNumMemSticks: 8
    DIMM 1:
      manufacturer: Alibaba Cloud
      modulePartNo: Not Specified
      memType: RAM
      size: 16
      clkspeed: 0
      moduleVoltage: 0
    DIMM 2:
      manufacturer: Alibaba Cloud
      modulePartNo: Not Specified
      memType: RAM
      size: 16
      clkspeed: 0
      moduleVoltage: 0
    DIMM 3:
      manufacturer: Alibaba Cloud
      modulePartNo: Not Specified
      memType: RAM
      size: 16
      clkspeed: 0
      moduleVoltage: 0
    DIMM 4:
      manufacturer: Alibaba Cloud
      modulePartNo: Not Specified
      memType: RAM
      size: 16
      clkspeed: 0
      moduleVoltage: 0
    DIMM 5:
      manufacturer: Alibaba Cloud
      modulePartNo: Not Specified
      memType: RAM
      size: 16
      clkspeed: 0
      moduleVoltage: 0
    DIMM 6:
      manufacturer: Alibaba Cloud
      modulePartNo: Not Specified
      memType: RAM
      size: 16
      clkspeed: 0
      moduleVoltage: 0
    DIMM 7:
      manufacturer: Alibaba Cloud
      modulePartNo: Not Specified
      memType: RAM
      size: 16
      clkspeed: 0
      moduleVoltage: 0
    DIMM 8:
      manufacturer: Alibaba Cloud
      modulePartNo: Not Specified
      memType: RAM
      size: 16
      clkspeed: 0
      moduleVoltage: 0
Checksum: 72D4AE087235819B4677C78C0A95362F0B5A64C4