BaselineInfo:
  WebDBID: -1
  TimeStamp: 20260522151541
Version:
  Major: 11
  Minor: 0
  Build: 1004
  SpecialBuildName: ""
  ptArchitecture: x86_64_linux
Results:
  Results Complete: true
  NumTestProcesses: 8
  CPU_INTEGER_MATH: 62344.934333333338
  CPU_FLOATINGPOINT_MATH: 66174.309028515156
  CPU_PRIME: 237.50940668333129
  CPU_SORTING: 37549.837609105329
  CPU_ENCRYPTION: 13816.865146250189
  CPU_COMPRESSION: 279090.2984378913
  CPU_SINGLETHREAD: 4070.3223001184665
  CPU_PHYSICS: 3977.5677786227948
  CPU_MATRIX_MULT_SSE: 23844.81132085199
  CPU_mm: 3026.8247533968051
  CPU_sse: 9445.3799689349544
  CPU_fma: 31231.707521440003
  CPU_avx: 17235.538360379633
  CPU_avx512: 37466.619432653359
  m_CPU_enc_SHA: 19215527303.691784
  m_CPU_enc_AES: 12034645759.275295
  m_CPU_enc_ECDSA: 12213926499.816236
  ME_ALLOC_S: 10494.919108127799
  ME_READ_S: 36992.151562500003
  ME_READ_L: 33880.671875
  ME_WRITE: 33229.78125
  ME_LARGE: 43691.833333333336
  ME_LATENCY: 87.176807797752716
  ME_THREADED: 149428.6171875
  SUMM_CPU: 27004.316762804854
  SUMM_ME: 2725.7976090300135
SystemInformation:
  OSName: Ubuntu 24.04.4 LTS
  Kernel: 6.8.0-111-generic
  Device: ""
  Processor: "AMD EPYC 9575F 64-Core Processor               "
  NumSockets: 1
  Manufacturer: AuthenticAMD
  NumCores: 8
  NumLogicals: 8
  CPUFrequency: 0
  CPUMaxFrequency: 0
  Memory: 64209
  CPUInfo:
    number: 1
    Family: 15
    Model: 2
    stepping: 1
    features: 395049983
    manufacture: AuthenticAMD
    typestring: "AMD EPYC 9575F 64-Core Processor               "
    iCoresPerPackage: 255
    iThreadsPerPackage: 1
    featuresEx:
      - 395049983
      - 4294586883
      - 802421759
    bHybrid: false
    nPCore: 0
    nLogicalsPerPCore: 0
    nECore: 0
    nLogicalsPerECore: 0
  MemModuleInfo:
    iNumMemSticks: 4
    DIMM 1:
      manufacturer: QEMU
      modulePartNo: Not Specified
      memType: RAM
      size: 16
      clkspeed: 0
      moduleVoltage: 0
    DIMM 2:
      manufacturer: QEMU
      modulePartNo: Not Specified
      memType: RAM
      size: 16
      clkspeed: 0
      moduleVoltage: 0
    DIMM 3:
      manufacturer: QEMU
      modulePartNo: Not Specified
      memType: RAM
      size: 16
      clkspeed: 0
      moduleVoltage: 0
    DIMM 4:
      manufacturer: QEMU
      modulePartNo: Not Specified
      memType: RAM
      size: 16
      clkspeed: 0
      moduleVoltage: 0
Checksum: D4740C64DCA375601CFF4C07ACC66B21D5510EA8