BaselineInfo:
  WebDBID: -1
  TimeStamp: 20241107135658
Version:
  Major: 11
  Minor: 0
  Build: 1002
  SpecialBuildName: ""
  ptArchitecture: x86_64_linux
Results:
  Results Complete: true
  NumTestProcesses: 4
  CPU_INTEGER_MATH: 12542.102666666668
  CPU_FLOATINGPOINT_MATH: 6879.903394929056
  CPU_PRIME: 27.995241196627351
  CPU_SORTING: 6767.6079878287619
  CPU_ENCRYPTION: 1749.6164426649668
  CPU_COMPRESSION: 57003.999417696527
  CPU_SINGLETHREAD: 2041.4538494336064
  CPU_PHYSICS: 581.66034351846167
  CPU_MATRIX_MULT_SSE: 2678.820260370996
  CPU_mm: 395.23394812666618
  CPU_sse: 1466.978910924566
  CPU_fma: 4000.2382229373825
  CPU_avx: 2569.2436472510403
  CPU_avx512: 0
  m_CPU_enc_SHA: 577893623.5143398
  m_CPU_enc_AES: 4412024611.8447742
  m_CPU_enc_ECDSA: 513899197.59246743
  ME_ALLOC_S: 1442.6257604449693
  ME_READ_S: 24424.292578125001
  ME_READ_L: 9991.0166015625
  ME_WRITE: 9744.9892578125
  ME_LARGE: 698
  ME_LATENCY: 54.576685773760367
  ME_THREADED: 24753.50732421875
  SUMM_CPU: 4354.6826290644494
  SUMM_ME: 1088.7750684460166
SystemInformation:
  OSName: Ubuntu 24.04.1 LTS
  Kernel: 6.8.0-1016-aws
  Device: ""
  Processor: Intel Xeon CPU E5-2666 v3 @ 2.90GHz
  NumSockets: 1
  Manufacturer: GenuineIntel
  NumCores: 2
  NumLogicals: 4
  CPUFrequency: 0
  Memory: 7434
  MemModuleInfo:
    iNumMemSticks: 1
    DIMM 1:
      manufacturer: Not Specified
      modulePartNo: Not Specified
      memType: RAM
      size: 7680
      clkspeed: 0
      moduleVoltage: 0
Checksum: 2345D1FC269CE27FA8AC1A1FDB67D6C71C13C603