size_kb,operation,bandwidth_mb_s,latency_ns,latency_stddev_ns,latency_samples,threads,iterations,elapsed_s
32,read,6928499.02,0,0,0,64,706214,0.203858
32,write,5802896.45,0,0,0,64,647667,0.223222
32,copy,5774083.56,0,0,0,64,629723,0.218121
32,latency,0,2.01,0.00,7,1,7,0.288466
128,read,5632129.95,0,0,0,64,160978,0.228657
128,write,5806098.11,0,0,0,64,173973,0.239711
128,copy,4926639.01,0,0,0,64,132555,0.215246
128,latency,0,2.66,0.00,7,1,7,0.652579
1024,read,4505981.84,0,0,0,64,15260,0.216743
1024,write,5778160.86,0,0,0,64,22459,0.248760
1024,copy,2926703.88,0,0,0,64,13516,0.295563
1024,latency,0,6.03,0.04,7,1,7,0.620749
2048,read,3080806.60,0,0,0,64,7140,0.296650
2048,write,5737746.14,0,0,0,64,11081,0.247200
2048,copy,464882.35,0,0,0,64,4465,1.229386
2048,latency,0,13.20,0.56,7,1,7,0.540167
4096,read,773061.08,0,0,0,64,3293,1.090480
4096,write,1207531.60,0,0,0,64,5199,1.102202
4096,copy,223776.40,0,0,0,64,1620,1.853279
4096,latency,0,28.03,0.44,7,1,7,0.651435
16384,read,351302.14,0,0,0,64,414,1.206756
16384,write,307385.45,0,0,0,64,1104,3.677780
16384,copy,158694.68,0,0,0,64,340,2.193898
16384,latency,0,38.81,0.08,7,1,7,0.736661
32768,read,332185.54,0,0,0,64,170,1.048089
32768,write,285386.60,0,0,0,64,588,4.219623
32768,copy,155509.45,0,0,0,64,172,2.265174
32768,latency,0,41.31,0.32,7,1,7,0.980199
65536,read,330985.69,0,0,0,64,93,1.150890
65536,write,284466.59,0,0,0,64,284,4.089282
65536,copy,155693.02,0,0,0,64,86,2.262504
65536,latency,0,62.21,1.26,7,1,7,2.816256
131072,read,329294.52,0,0,0,64,47,1.169239
131072,write,289173.88,0,0,0,64,141,3.994386
131072,copy,157004.26,0,0,0,64,43,2.243608
131072,latency,0,92.50,0.55,7,1,7,8.363823
262144,read,330224.72,0,0,0,64,24,1.190753
262144,write,291998.25,0,0,0,64,70,3.927695
262144,copy,156205.46,0,0,0,32,22,1.153763
262144,latency,0,108.08,0.69,7,1,7,19.600506
