---
system-info:
      stress-ng-version: 0.17.08
      run-by: root
      date-yyyy-mm-dd: 2024:06:21
      time-hh-mm-ss: 11:25:25
      epoch-secs: 1718969125
      hostname: e9c2515e7a6e
      sysname: Linux
      nodename: e9c2515e7a6e
      release: 6.8.0-1008-gcp
      version: '#9-Ubuntu SMP Wed May 22 18:09:04 UTC 2024'
      machine: x86_64
      compiler: 'musl-gcc 13.2.1'
      uptime: 183
      totalram: 15070674944
      freeram: 9796964352
      sharedram: 59142144
      bufferram: 135950336
      totalswap: 0
      freeswap: 0
      pagesize: 4096
      cpus: 16
      cpus-online: 16
      ticks-per-second: 100

metrics:
    - stressor: cpu
      bogo-ops: 22315
      bogo-ops-per-second-usr-sys-time: 1115.838653
      bogo-ops-per-second-real-time: 1115.739293
      wall-clock-time: 20.000192
      user-time: 19.998411
      system-time: 0.000000
      cpu-usage-per-instance: 99.991095
      max-rss: 1104

...
