---
system-info:
      stress-ng-version: 0.17.08
      run-by: root
      date-yyyy-mm-dd: 2024:06:10
      time-hh-mm-ss: 03:23:17
      epoch-secs: 1717989797
      hostname: 83c02a0488f7
      sysname: Linux
      nodename: 83c02a0488f7
      release: 6.8.0-1008-aws
      version: '#8-Ubuntu SMP Sat Apr 20 00:46:25 UTC 2024'
      machine: x86_64
      compiler: 'musl-gcc 13.2.1'
      uptime: 112
      totalram: 540622983168
      freeram: 535160897536
      sharedram: 65413120
      bufferram: 114507776
      totalswap: 0
      freeswap: 0
      pagesize: 4096
      cpus: 64
      cpus-online: 64
      ticks-per-second: 100

metrics:
    - stressor: cpu
      bogo-ops: 22194
      bogo-ops-per-second-usr-sys-time: 2218.298836
      bogo-ops-per-second-real-time: 2218.280944
      wall-clock-time: 10.005045
      user-time: 10.003965
      system-time: 0.000999
      cpu-usage-per-instance: 99.999193
      max-rss: 3584

...
