---
system-info:
      stress-ng-version: 0.17.08
      run-by: root
      date-yyyy-mm-dd: 2024:06:16
      time-hh-mm-ss: 05:41:47
      epoch-secs: 1718516507
      hostname: a2c628ddd110
      sysname: Linux
      nodename: a2c628ddd110
      release: 6.8.0-1008-aws
      version: '#8-Ubuntu SMP Sat Apr 20 00:46:25 UTC 2024'
      machine: x86_64
      compiler: 'musl-gcc 13.2.1'
      uptime: 128
      totalram: 540622991360
      freeram: 535288221696
      sharedram: 65413120
      bufferram: 110743552
      totalswap: 0
      freeswap: 0
      pagesize: 4096
      cpus: 64
      cpus-online: 64
      ticks-per-second: 100

metrics:
    - stressor: cpu
      bogo-ops: 42540
      bogo-ops-per-second-usr-sys-time: 2126.974051
      bogo-ops-per-second-real-time: 2126.995030
      wall-clock-time: 20.000047
      user-time: 19.999245
      system-time: 0.000999
      cpu-usage-per-instance: 100.000986
      max-rss: 512

...
