BaselineInfo:
  WebDBID: -1
  TimeStamp: 20260620182208
Version:
  Major: 11
  Minor: 0
  Build: 1004
  SpecialBuildName: ""
  ptArchitecture: x86_64_linux
Results:
  Results Complete: true
  NumTestProcesses: 32
  CPU_INTEGER_MATH: 173510.98333333337
  CPU_FLOATINGPOINT_MATH: 125647.5327797604
  CPU_PRIME: 359.44678948308893
  CPU_SORTING: 87382.596589639041
  CPU_ENCRYPTION: 38157.05633413668
  CPU_COMPRESSION: 656241.01353450434
  CPU_SINGLETHREAD: 3511.9156907408196
  CPU_PHYSICS: 6326.5567597854906
  CPU_MATRIX_MULT_SSE: 45917.351429007256
  CPU_mm: 4794.6677919451095
  CPU_sse: 20761.539805609173
  CPU_fma: 54784.864953350931
  CPU_avx: 41314.644244742296
  CPU_avx512: 66808.356712326611
  m_CPU_enc_SHA: 40422183564.885178
  m_CPU_enc_AES: 52838162999.187317
  m_CPU_enc_ECDSA: 26771373943.798611
  ME_ALLOC_S: 16666.982038664552
  ME_READ_S: 30165.759570312501
  ME_READ_L: 18936.255859375
  ME_WRITE: 8370.78515625
  ME_LARGE: 119907.5
  ME_LATENCY: 76.054369440148093
  ME_THREADED: 160108.884765625
  SUMM_CPU: 53875.104555533595
  SUMM_ME: 2482.9175940969135
SystemInformation:
  OSName: Ubuntu 24.04.4 LTS
  Kernel: 6.17.0-1018-azure
  Device: ""
  Processor: Intel(R) Xeon(R) 6973P-C
  NumSockets: 1
  Manufacturer: GenuineIntel
  NumCores: 16
  NumLogicals: 32
  CPUFrequency: 2600
  CPUMaxFrequency: 2600
  Memory: 128803
  CPUInfo:
    number: 1
    Family: 6
    Model: 13
    stepping: 1
    features: 529267711
    manufacture: GenuineIntel
    typestring: Intel(R) Xeon(R) 6973P-C
    iCoresPerPackage: 16
    iThreadsPerPackage: 2
    featuresEx:
      - 529267711
      - 4294586915
      - 739248128
    bHybrid: false
    nPCore: 0
    nLogicalsPerPCore: 0
    nECore: 0
    nLogicalsPerECore: 0
  MemModuleInfo:
    iNumMemSticks: 3
    DIMM 1:
      manufacturer: Microsoft Corporation
      modulePartNo: None
      memType: Unknown
      size: 1
      clkspeed: 0
      moduleVoltage: 0
    DIMM 2:
      manufacturer: Microsoft Corporation
      modulePartNo: None
      memType: Unknown
      size: 59
      clkspeed: 0
      moduleVoltage: 0
    DIMM 3:
      manufacturer: Microsoft Corporation
      modulePartNo: None
      memType: Unknown
      size: 68
      clkspeed: 0
      moduleVoltage: 0
Checksum: 47F667EED4DBC56CEE86797DE8ED1DCF04ACEEAE