BaselineInfo:
  WebDBID: -1
  TimeStamp: 20250714174113
Version:
  Major: 11
  Minor: 0
  Build: 1002
  SpecialBuildName: ""
  ptArchitecture: x86_64_linux
Results:
  Results Complete: true
  NumTestProcesses: 64
  CPU_INTEGER_MATH: 298134.20666666655
  CPU_FLOATINGPOINT_MATH: 211223.44131832873
  CPU_PRIME: 600.20479584034081
  CPU_SORTING: 137237.99393906802
  CPU_ENCRYPTION: 64483.026231657488
  CPU_COMPRESSION: 1020566.1013156541
  CPU_SINGLETHREAD: 2921.263431375718
  CPU_PHYSICS: 10094.92558446476
  CPU_MATRIX_MULT_SSE: 76969.173466517444
  CPU_mm: 8031.6190569146493
  CPU_sse: 32656.642342681382
  CPU_fma: 85868.221108506405
  CPU_avx: 67506.108808285644
  CPU_avx512: 121845.72160659655
  m_CPU_enc_SHA: 69284730463.235794
  m_CPU_enc_AES: 87453888016.174667
  m_CPU_enc_ECDSA: 46107442662.248917
  ME_ALLOC_S: 32504.036431262561
  ME_READ_S: 26408.594140624999
  ME_READ_L: 10490.169921875
  ME_WRITE: 9852.767578125
  ME_LARGE: 505822.5
  ME_LATENCY: 58.568123334848885
  ME_THREADED: 269560.20043945312
  SUMM_CPU: 73408.389621184615
  SUMM_ME: 2634.6063555601322
SystemInformation:
  OSName: Ubuntu 24.04.2 LTS
  Kernel: 6.11.0-1018-azure
  Device: ""
  Processor: INTEL XEON PLATINUM 8573C
  NumSockets: 1
  Manufacturer: GenuineIntel
  NumCores: 32
  NumLogicals: 64
  CPUFrequency: 2300
  Memory: 515766
  MemModuleInfo:
    iNumMemSticks: 3
    DIMM 1:
      manufacturer: Microsoft Corporation
      modulePartNo: None
      memType: Unknown
      size: 1
      clkspeed: 0
      moduleVoltage: 0
    DIMM 2:
      manufacturer: Microsoft Corporation
      modulePartNo: None
      memType: Unknown
      size: 59
      clkspeed: 0
      moduleVoltage: 0
    DIMM 3:
      manufacturer: Microsoft Corporation
      modulePartNo: None
      memType: Unknown
      size: 452
      clkspeed: 0
      moduleVoltage: 0
Checksum: BDCEEE8AD6911BA9720DE19BB265ED162A921091