BaselineInfo:
  WebDBID: -1
  TimeStamp: 20260621161015
Version:
  Major: 11
  Minor: 0
  Build: 1004
  SpecialBuildName: ""
  ptArchitecture: x86_64_linux
Results:
  Results Complete: true
  NumTestProcesses: 48
  CPU_INTEGER_MATH: 228187.84666666668
  CPU_FLOATINGPOINT_MATH: 165335.00189493844
  CPU_PRIME: 308.62520642486589
  CPU_SORTING: 113187.02061668274
  CPU_ENCRYPTION: 50151.676960844125
  CPU_COMPRESSION: 880793.06611214078
  CPU_SINGLETHREAD: 3432.9837476886287
  CPU_PHYSICS: 5792.4448070090448
  CPU_MATRIX_MULT_SSE: 59667.627158221178
  CPU_mm: 6417.8508476439429
  CPU_sse: 27256.770206143636
  CPU_fma: 72054.654251657616
  CPU_avx: 55402.824653095835
  CPU_avx512: 83956.259521987624
  m_CPU_enc_SHA: 53163325202.844429
  m_CPU_enc_AES: 69411995723.461731
  m_CPU_enc_ECDSA: 35188213536.376076
  ME_ALLOC_S: 20508.510518227886
  ME_READ_S: 27918.551171874999
  ME_READ_L: 15567.1064453125
  ME_WRITE: 7591.81787109375
  ME_LARGE: 376633
  ME_LATENCY: 91.546278032606494
  ME_THREADED: 164065.88232421875
  SUMM_CPU: 64146.764809141881
  SUMM_ME: 2144.0608670031033
SystemInformation:
  OSName: Ubuntu 24.04.4 LTS
  Kernel: 6.17.0-1018-azure
  Device: ""
  Processor: Intel(R) Xeon(R) 6973P-C
  NumSockets: 1
  Manufacturer: GenuineIntel
  NumCores: 24
  NumLogicals: 48
  CPUFrequency: 2600
  CPUMaxFrequency: 2600
  Memory: 386747
  CPUInfo:
    number: 1
    Family: 6
    Model: 13
    stepping: 1
    features: 529267711
    manufacture: GenuineIntel
    typestring: Intel(R) Xeon(R) 6973P-C
    iCoresPerPackage: 32
    iThreadsPerPackage: 2
    featuresEx:
      - 529267711
      - 4294586915
      - 739248128
    bHybrid: false
    nPCore: 0
    nLogicalsPerPCore: 0
    nECore: 0
    nLogicalsPerECore: 0
  MemModuleInfo:
    iNumMemSticks: 3
    DIMM 1:
      manufacturer: Microsoft Corporation
      modulePartNo: None
      memType: Unknown
      size: 1
      clkspeed: 0
      moduleVoltage: 0
    DIMM 2:
      manufacturer: Microsoft Corporation
      modulePartNo: None
      memType: Unknown
      size: 59
      clkspeed: 0
      moduleVoltage: 0
    DIMM 3:
      manufacturer: Microsoft Corporation
      modulePartNo: None
      memType: Unknown
      size: 324
      clkspeed: 0
      moduleVoltage: 0
Checksum: 95A38B6FC26862D9E7B269294A45752ED6426956