---
system-info:
      stress-ng-version: 0.17.08
      run-by: root
      date-yyyy-mm-dd: 2024:06:15
      time-hh-mm-ss: 02:48:07
      epoch-secs: 1718419687
      hostname: cdcb0b819017
      sysname: Linux
      nodename: cdcb0b819017
      release: 6.8.0-1008-aws
      version: '#8-Ubuntu SMP Sat Apr 20 00:46:25 UTC 2024'
      machine: x86_64
      compiler: 'musl-gcc 13.2.1'
      uptime: 112
      totalram: 199393996800
      freeram: 194713972736
      sharedram: 60264448
      bufferram: 108216320
      totalswap: 0
      freeswap: 0
      pagesize: 4096
      cpus: 48
      cpus-online: 48
      ticks-per-second: 100

metrics:
    - stressor: cpu
      bogo-ops: 926638
      bogo-ops-per-second-usr-sys-time: 965.631700
      bogo-ops-per-second-real-time: 46331.672331
      wall-clock-time: 20.000098
      user-time: 959.593466
      system-time: 0.024989
      cpu-usage-per-instance: 99.959765
      max-rss: 1152

...
