---
system-info:
      stress-ng-version: 0.17.08
      run-by: root
      date-yyyy-mm-dd: 2024:06:08
      time-hh-mm-ss: 18:24:42
      epoch-secs: 1717871082
      hostname: 735015f5a53a
      sysname: Linux
      nodename: 735015f5a53a
      release: 6.8.0-1008-aws
      version: '#8-Ubuntu SMP Sat Apr 20 00:46:25 UTC 2024'
      machine: x86_64
      compiler: 'musl-gcc 13.2.1'
      uptime: 96
      totalram: 199394000896
      freeram: 194625736704
      sharedram: 60264448
      bufferram: 104185856
      totalswap: 0
      freeswap: 0
      pagesize: 4096
      cpus: 48
      cpus-online: 48
      ticks-per-second: 100

metrics:
    - stressor: cpu
      bogo-ops: 564628
      bogo-ops-per-second-usr-sys-time: 1176.854369
      bogo-ops-per-second-real-time: 56449.442063
      wall-clock-time: 10.002366
      user-time: 479.727319
      system-time: 0.049971
      cpu-usage-per-instance: 99.929955
      max-rss: 3840

...
