BaselineInfo:
  WebDBID: -1
  TimeStamp: 20241109000100
Version:
  Major: 11
  Minor: 0
  Build: 1002
  SpecialBuildName: ""
  ptArchitecture: x86_64_linux
Results:
  Results Complete: true
  NumTestProcesses: 32
  CPU_INTEGER_MATH: 134218.96799999999
  CPU_FLOATINGPOINT_MATH: 68596.478591641659
  CPU_PRIME: 196.21700848909896
  CPU_SORTING: 68081.30858394166
  CPU_ENCRYPTION: 29120.614409166086
  CPU_COMPRESSION: 488655.65446708375
  CPU_SINGLETHREAD: 2371.5168677370466
  CPU_PHYSICS: 3488.0748775442776
  CPU_MATRIX_MULT_SSE: 28236.145910933385
  CPU_mm: 2891.4064433337589
  CPU_sse: 12728.908927652492
  CPU_fma: 34972.178871552402
  CPU_avx: 25817.862795981084
  CPU_avx512: 39425.633048547556
  m_CPU_enc_SHA: 29415632017.561745
  m_CPU_enc_AES: 44284269537.495331
  m_CPU_enc_ECDSA: 17905630569.06012
  ME_ALLOC_S: 14914.734460697116
  ME_READ_S: 24153.1923828125
  ME_READ_L: 12465.0478515625
  ME_WRITE: 11146.9365234375
  ME_LARGE: 52391.833333333336
  ME_LATENCY: 58.600190191359296
  ME_THREADED: 142308.2568359375
  SUMM_CPU: 36688.861416089123
  SUMM_ME: 2638.8703361778839
SystemInformation:
  OSName: Ubuntu 24.04.1 LTS
  Kernel: 6.8.0-1016-aws
  Device: ""
  Processor: Intel Xeon Platinum 8375C CPU @ 2.90GHz
  NumSockets: 1
  Manufacturer: GenuineIntel
  NumCores: 16
  NumLogicals: 32
  CPUFrequency: 0
  Memory: 63252
  MemModuleInfo:
    iNumMemSticks: 1
    DIMM 1:
      manufacturer: Not Specified
      modulePartNo: Not Specified
      memType: DDR4
      size: 64
      clkspeed: 1600
      moduleVoltage: 0
Checksum: E689FBB03BD8864F1C79F7C42922DCC08508A85E