---
system-info:
      stress-ng-version: 0.17.08
      run-by: root
      date-yyyy-mm-dd: 2024:09:11
      time-hh-mm-ss: 11:54:04
      epoch-secs: 1726055644
      hostname: ip-172-31-35-35
      sysname: Linux
      nodename: ip-172-31-35-35
      release: 6.8.0-1014-aws
      version: '#15-Ubuntu SMP Thu Aug  8 19:13:06 UTC 2024'
      machine: x86_64
      compiler: 'musl-gcc 13.2.1'
      uptime: 226
      totalram: 515432796160
      freeram: 506663333888
      sharedram: 48615424
      bufferram: 220069888
      totalswap: 0
      freeswap: 0
      pagesize: 4096
      cpus: 16
      cpus-online: 16
      ticks-per-second: 100

metrics:
    - stressor: cpu
      bogo-ops: 165841
      bogo-ops-per-second-usr-sys-time: 519.488918
      bogo-ops-per-second-real-time: 8291.965368
      wall-clock-time: 20.000204
      user-time: 319.221780
      system-time: 0.016984
      cpu-usage-per-instance: 99.761096
      max-rss: 1104

...
