---
system-info:
      stress-ng-version: 0.17.08
      run-by: root
      date-yyyy-mm-dd: 2024:09:08
      time-hh-mm-ss: 19:54:37
      epoch-secs: 1725825277
      hostname: ip-172-31-40-48
      sysname: Linux
      nodename: ip-172-31-40-48
      release: 6.8.0-1014-aws
      version: '#15-Ubuntu SMP Thu Aug  8 19:13:06 UTC 2024'
      machine: x86_64
      compiler: 'musl-gcc 13.2.1'
      uptime: 215
      totalram: 515432796160
      freeram: 506764234752
      sharedram: 48615424
      bufferram: 223744000
      totalswap: 0
      freeswap: 0
      pagesize: 4096
      cpus: 16
      cpus-online: 16
      ticks-per-second: 100

metrics:
    - stressor: cpu
      bogo-ops: 164648
      bogo-ops-per-second-usr-sys-time: 515.341370
      bogo-ops-per-second-real-time: 8232.310548
      wall-clock-time: 20.000217
      user-time: 319.483086
      system-time: 0.009991
      cpu-usage-per-instance: 99.840502
      max-rss: 1104

...
