BaselineInfo:
  WebDBID: -1
  TimeStamp: 20260611123755
Version:
  Major: 11
  Minor: 0
  Build: 1004
  SpecialBuildName: ""
  ptArchitecture: aarch64_linux
Results:
  Results Complete: true
  NumTestProcesses: 2
  CPU_INTEGER_MATH: 12235.879666666668
  CPU_FLOATINGPOINT_MATH: 15291.189978307677
  CPU_PRIME: 41.864038697780728
  CPU_SORTING: 10690.106602694008
  CPU_ENCRYPTION: 585.12919889106956
  CPU_COMPRESSION: 9281.030109300551
  CPU_SINGLETHREAD: 2468.2968339489266
  CPU_PHYSICS: 851.5839355767398
  CPU_MATRIX_MULT_SSE: 2696.8404835055012
  CPU_mm: 267.53738120202217
  CPU_sse: 2138.9947820563521
  CPU_fma: 3254.6861849546503
  CPU_avx: 0
  CPU_avx512: 0
  m_CPU_enc_SHA: 994076381.55550778
  m_CPU_enc_AES: 276525412.97171748
  m_CPU_enc_ECDSA: 570055510.04198122
  ME_ALLOC_S: 4032.3123176797781
  ME_READ_S: 24926.314257812501
  ME_READ_L: 24644.4765625
  ME_WRITE: 25058.603515625
  ME_LARGE: 3064.5833333333335
  ME_LATENCY: 26.234313506420222
  ME_THREADED: 48667.4765625
  SUMM_CPU: 2191.4095862214358
  SUMM_ME: 2876.9014014010477
SystemInformation:
  OSName: Ubuntu 24.04.4 LTS
  Kernel: 6.17.0-1017-aws
  Device: ""
  Processor: ARM Neoverse-V3 2 Core 0 MHz
  NumSockets: 1
  Manufacturer: ARM
  NumCores: 2
  NumLogicals: 2
  CPUFrequency: 0
  CPUMaxFrequency: 0
  Memory: 7726
Checksum: B403DBBE6C135514885E03507A96B984BC3D59DD