size_kb,operation,bandwidth_mb_s,latency_ns,latency_stddev_ns,latency_samples,threads,iterations,elapsed_s
32,read,7508166.59,0,0,0,192,360230,0.287871
32,write,12928566.78,0,0,0,192,518672,0.240710
32,copy,9236777.07,0,0,0,192,262881,0.170762
32,latency,0,2.24,0.00,7,1,7,0.322202
128,read,9367054.46,0,0,0,192,92524,0.237062
128,write,12507098.75,0,0,0,192,127746,0.245133
128,copy,7066325.78,0,0,0,192,64666,0.219631
128,latency,0,2.95,0.00,7,1,7,0.648201
1024,read,8103653.65,0,0,0,192,10817,0.256287
1024,write,12429776.71,0,0,0,192,16028,0.247581
1024,copy,2469003.33,0,0,0,192,7128,0.554303
1024,latency,0,5.55,0.02,7,1,7,0.694883
2048,read,3354538.78,0,0,0,192,4125,0.472196
2048,write,4271108.83,0,0,0,192,7899,0.710171
2048,copy,742835.83,0,0,0,192,3118,1.611812
2048,latency,0,10.06,0.12,7,1,7,0.668786
4096,read,1580486.85,0,0,0,192,1769,0.859603
4096,write,1490076.91,0,0,0,192,4070,2.097717
4096,copy,476536.06,0,0,0,192,1369,2.206322
4096,latency,0,19.35,0.03,7,1,7,0.699161
8192,read,1088620.28,0,0,0,192,785,1.107604
8192,write,959685.57,0,0,0,192,2051,3.282675
8192,copy,383828.86,0,0,0,192,674,2.697202
8192,latency,0,24.48,0.03,7,1,7,0.684560
16384,read,885853.65,0,0,0,192,379,1.314312
16384,write,812767.32,0,0,0,192,1008,3.809917
16384,copy,380334.62,0,0,0,192,332,2.681597
16384,latency,0,26.56,0.03,7,1,7,0.711525
32768,read,913350.19,0,0,0,192,187,1.257927
32768,write,736643.37,0,0,0,192,488,4.070181
32768,copy,380368.84,0,0,0,192,165,2.665203
32768,latency,0,34.56,0.46,7,1,7,0.830499
65536,read,886431.07,0,0,0,192,93,1.289197
65536,write,708278.17,0,0,0,192,248,4.302581
65536,copy,366293.16,0,0,0,192,83,2.784393
65536,latency,0,77.73,1.68,7,1,7,3.524523
131072,read,876689.93,0,0,0,192,47,1.317538
131072,write,727394.19,0,0,0,192,127,4.290867
131072,copy,364922.51,0,0,0,192,41,2.761178
131072,latency,0,98.42,0.63,7,1,7,8.877872
