---
system-info:
      stress-ng-version: 0.17.08
      run-by: root
      date-yyyy-mm-dd: 2024:09:24
      time-hh-mm-ss: 04:31:13
      epoch-secs: 1727152273
      hostname: c4-highmem-192-b839090
      sysname: Linux
      nodename: c4-highmem-192-b839090
      release: 6.8.0-1014-gcp
      version: '#16-Ubuntu SMP Mon Aug 26 15:55:46 UTC 2024'
      machine: x86_64
      compiler: 'musl-gcc 13.2.1'
      uptime: 229
      totalram: 1572570124288
      freeram: 1558780223488
      sharedram: 1093263360
      bufferram: 253833216
      totalswap: 0
      freeswap: 0
      pagesize: 4096
      cpus: 192
      cpus-online: 192
      ticks-per-second: 100

metrics:
    - stressor: cpu
      bogo-ops: 41830
      bogo-ops-per-second-usr-sys-time: 2091.547792
      bogo-ops-per-second-real-time: 2091.490925
      wall-clock-time: 20.000087
      user-time: 19.999543
      system-time: 0.000000
      cpu-usage-per-instance: 99.997281
      max-rss: 0

...
