---
system-info:
      stress-ng-version: 0.17.08
      run-by: root
      date-yyyy-mm-dd: 2024:09:23
      time-hh-mm-ss: 21:18:15
      epoch-secs: 1727126295
      hostname: c4-standard-8-38f4111
      sysname: Linux
      nodename: c4-standard-8-38f4111
      release: 6.8.0-1014-gcp
      version: '#16-Ubuntu SMP Mon Aug 26 15:55:46 UTC 2024'
      machine: x86_64
      compiler: 'musl-gcc 13.2.1'
      uptime: 179
      totalram: 31537205248
      freeram: 21043032064
      sharedram: 274636800
      bufferram: 251191296
      totalswap: 0
      freeswap: 0
      pagesize: 4096
      cpus: 8
      cpus-online: 8
      ticks-per-second: 100

metrics:
    - stressor: cpu
      bogo-ops: 169155
      bogo-ops-per-second-usr-sys-time: 1058.459403
      bogo-ops-per-second-real-time: 8457.731499
      wall-clock-time: 20.000044
      user-time: 159.807463
      system-time: 0.004996
      cpu-usage-per-instance: 99.882568
      max-rss: 1104

...
