---
system-info:
      stress-ng-version: 0.17.08
      run-by: root
      date-yyyy-mm-dd: 2024:06:06
      time-hh-mm-ss: 09:23:58
      epoch-secs: 1717665838
      hostname: ee0784c5f3b7
      sysname: Linux
      nodename: ee0784c5f3b7
      release: 6.8.0-1008-aws
      version: '#8-Ubuntu SMP Sat Apr 20 02:43:14 UTC 2024'
      machine: aarch64
      compiler: 'musl-gcc 13.2.1'
      uptime: 153
      totalram: 1920217088
      freeram: 112676864
      sharedram: 35008512
      bufferram: 68452352
      totalswap: 0
      freeswap: 0
      pagesize: 4096
      cpus: 1
      cpus-online: 1
      ticks-per-second: 100

metrics:
    - stressor: cpu
      bogo-ops: 2875
      bogo-ops-per-second-usr-sys-time: 292.828095
      bogo-ops-per-second-real-time: 287.361797
      wall-clock-time: 10.004809
      user-time: 9.815072
      system-time: 0.002975
      cpu-usage-per-instance: 98.133274
      max-rss: 4136

...
