---
system-info:
      stress-ng-version: 0.17.08
      run-by: root
      date-yyyy-mm-dd: 2024:06:13
      time-hh-mm-ss: 22:57:32
      epoch-secs: 1718319452
      hostname: 7dec6f24f9ef
      sysname: Linux
      nodename: 7dec6f24f9ef
      release: 6.8.0-1008-aws
      version: '#8-Ubuntu SMP Sat Apr 20 02:43:14 UTC 2024'
      machine: aarch64
      compiler: 'musl-gcc 13.2.1'
      uptime: 184
      totalram: 1920212992
      freeram: 144556032
      sharedram: 35008512
      bufferram: 94973952
      totalswap: 0
      freeswap: 0
      pagesize: 4096
      cpus: 1
      cpus-online: 1
      ticks-per-second: 100

metrics:
    - stressor: cpu
      bogo-ops: 29868
      bogo-ops-per-second-usr-sys-time: 1519.047909
      bogo-ops-per-second-real-time: 1493.397614
      wall-clock-time: 20.000032
      user-time: 19.660328
      system-time: 0.001988
      cpu-usage-per-instance: 98.311423
      max-rss: 1192

...
