---
system-info:
      stress-ng-version: 0.17.08
      run-by: root
      date-yyyy-mm-dd: 2024:06:26
      time-hh-mm-ss: 21:27:51
      epoch-secs: 1719437271
      hostname: n4-highmem-8-6b587ec
      sysname: Linux
      nodename: n4-highmem-8-6b587ec
      release: 6.8.0-1009-gcp
      version: '#10-Ubuntu SMP Wed Jun 12 18:52:23 UTC 2024'
      machine: x86_64
      compiler: 'musl-gcc 13.2.1'
      uptime: 142
      totalram: 67423666176
      freeram: 62108200960
      sharedram: 274042880
      bufferram: 125661184
      totalswap: 0
      freeswap: 0
      pagesize: 4096
      cpus: 8
      cpus-online: 8
      ticks-per-second: 100

metrics:
    - stressor: cpu
      bogo-ops: 33360
      bogo-ops-per-second-usr-sys-time: 1668.021934
      bogo-ops-per-second-real-time: 1667.992066
      wall-clock-time: 20.000095
      user-time: 19.999737
      system-time: 0.000000
      cpu-usage-per-instance: 99.998209
      max-rss: 1104

...
