BaselineInfo:
  WebDBID: -1
  TimeStamp: 20260206180310
Version:
  Major: 11
  Minor: 0
  Build: 1004
  SpecialBuildName: ""
  ptArchitecture: x86_64_linux
Results:
  Results Complete: true
  NumTestProcesses: 48
  CPU_INTEGER_MATH: 247587.4843333333
  CPU_FLOATINGPOINT_MATH: 179282.41419456134
  CPU_PRIME: 479.86924173153318
  CPU_SORTING: 124851.49446612131
  CPU_ENCRYPTION: 54500.958085215047
  CPU_COMPRESSION: 954845.12513543537
  CPU_SINGLETHREAD: 3266.8911205794384
  CPU_PHYSICS: 8032.1999645725919
  CPU_MATRIX_MULT_SSE: 67650.190971640506
  CPU_mm: 7200.513221902771
  CPU_sse: 29968.188912985504
  CPU_fma: 78272.281865219978
  CPU_avx: 62074.564057448639
  CPU_avx512: 100285.7290509078
  m_CPU_enc_SHA: 57602844770.132401
  m_CPU_enc_AES: 75148281743.462433
  m_CPU_enc_ECDSA: 38694063361.892464
  ME_ALLOC_S: 23044.958106195663
  ME_READ_S: 28441.714062499999
  ME_READ_L: 15004.3896484375
  ME_WRITE: 11529.7607421875
  ME_LARGE: 367022.75
  ME_LATENCY: 68.45008213125368
  ME_THREADED: 199320.72216796875
  SUMM_CPU: 69124.82057796685
  SUMM_ME: 2667.9790766500291
SystemInformation:
  OSName: Ubuntu 24.04.3 LTS
  Kernel: 6.14.0-1018-aws
  Device: ""
  Processor: Intel(R) Xeon(R) 6975P-C
  NumSockets: 1
  Manufacturer: GenuineIntel
  NumCores: 24
  NumLogicals: 48
  CPUFrequency: 0
  CPUMaxFrequency: 0
  Memory: 380668
  CPUInfo:
    number: 1
    Family: 6
    Model: 13
    stepping: 1
    features: 529267711
    manufacture: GenuineIntel
    typestring: Intel(R) Xeon(R) 6975P-C
    iCoresPerPackage: 24
    iThreadsPerPackage: 2
    featuresEx:
      - 529267711
      - 4294619651
      - 739248128
    bHybrid: false
    nPCore: 0
    nLogicalsPerPCore: 0
    nECore: 0
    nLogicalsPerECore: 0
  MemModuleInfo:
    iNumMemSticks: 1
    DIMM 1:
      manufacturer: Not Specified
      modulePartNo: Not Specified
      memType: DDR5
      size: 384
      clkspeed: 3600
      moduleVoltage: 0
Checksum: 7CF8BB800EA19C6743E8488F7E1D4EB2C15E6BD2