---
system-info:
      stress-ng-version: 0.17.08
      run-by: root
      date-yyyy-mm-dd: 2024:09:16
      time-hh-mm-ss: 11:44:20
      epoch-secs: 1726487060
      hostname: sc-runner
      sysname: Linux
      nodename: sc-runner
      release: 6.8.0-1014-azure
      version: '#16-Ubuntu SMP Thu Aug 15 21:06:50 UTC 2024'
      machine: aarch64
      compiler: 'musl-gcc 13.2.1'
      uptime: 330
      totalram: 33587560448
      freeram: 23394078720
      sharedram: 38158336
      bufferram: 226463744
      totalswap: 0
      freeswap: 0
      pagesize: 4096
      cpus: 16
      cpus-online: 16
      ticks-per-second: 100

metrics:
    - stressor: cpu
      bogo-ops: 36451
      bogo-ops-per-second-usr-sys-time: 1822.520657
      bogo-ops-per-second-real-time: 1822.538920
      wall-clock-time: 20.000122
      user-time: 19.999322
      system-time: 0.001000
      cpu-usage-per-instance: 100.001002
      max-rss: 1192

...
