BaselineInfo:
  WebDBID: -1
  TimeStamp: 20241108092118
Version:
  Major: 11
  Minor: 0
  Build: 1002
  SpecialBuildName: ""
  ptArchitecture: x86_64_linux
Results:
  Results Complete: true
  NumTestProcesses: 32
  CPU_INTEGER_MATH: 132762.42666666667
  CPU_FLOATINGPOINT_MATH: 73310.902542349606
  CPU_PRIME: 291.68797456864161
  CPU_SORTING: 71790.722930576623
  CPU_ENCRYPTION: 34532.674209189157
  CPU_COMPRESSION: 507893.72937295528
  CPU_SINGLETHREAD: 2395.8875308227343
  CPU_PHYSICS: 5591.3200526297696
  CPU_MATRIX_MULT_SSE: 29919.082591753395
  CPU_mm: 3593.7646192330153
  CPU_sse: 15134.384305953674
  CPU_fma: 41656.62572006238
  CPU_avx: 32966.237749244108
  CPU_avx512: 0
  m_CPU_enc_SHA: 50082238835.819374
  m_CPU_enc_AES: 32019560675.84473
  m_CPU_enc_ECDSA: 26528600663.060055
  ME_ALLOC_S: 13778.54969106446
  ME_READ_S: 24423.541015625
  ME_READ_L: 19468.376953125
  ME_WRITE: 19055.08203125
  ME_LARGE: 53674.333333333336
  ME_LATENCY: 61.405982764961344
  ME_THREADED: 180370.3876953125
  SUMM_CPU: 39455.460605640867
  SUMM_ME: 2924.1041994120396
SystemInformation:
  OSName: Ubuntu 24.04.1 LTS
  Kernel: 6.8.0-1017-azure
  Device: ""
  Processor: AMD EPYC 7763 64-Core Processor
  NumSockets: 1
  Manufacturer: AuthenticAMD
  NumCores: 16
  NumLogicals: 32
  CPUFrequency: 0
  Memory: 64291
  MemModuleInfo:
    iNumMemSticks: 3
    DIMM 1:
      manufacturer: Microsoft Corporation
      modulePartNo: None
      memType: Unknown
      size: 1
      clkspeed: 0
      moduleVoltage: 0
    DIMM 2:
      manufacturer: Microsoft Corporation
      modulePartNo: None
      memType: Unknown
      size: 60928
      clkspeed: 0
      moduleVoltage: 0
    DIMM 3:
      manufacturer: Microsoft Corporation
      modulePartNo: None
      memType: Unknown
      size: 3584
      clkspeed: 0
      moduleVoltage: 0
Checksum: 40C6AC80B02E4085F571B21C0D7FF8B2D086B6F7