BaselineInfo:
  WebDBID: -1
  TimeStamp: 20260618100946
Version:
  Major: 11
  Minor: 0
  Build: 1004
  SpecialBuildName: ""
  ptArchitecture: x86_64_linux
Results:
  Results Complete: true
  NumTestProcesses: 32
  CPU_INTEGER_MATH: 93450.839000000022
  CPU_FLOATINGPOINT_MATH: 50192.264141374544
  CPU_PRIME: 137.67753662605605
  CPU_SORTING: 57115.555985434468
  CPU_ENCRYPTION: 12926.959943365529
  CPU_COMPRESSION: 437452.9661319711
  CPU_SINGLETHREAD: 1968.6284669815939
  CPU_PHYSICS: 2350.3843131220538
  CPU_MATRIX_MULT_SSE: 26483.595474274756
  CPU_mm: 2851.2932883635458
  CPU_sse: 10182.274812729864
  CPU_fma: 31469.297809791999
  CPU_avx: 22240.627700286084
  CPU_avx512: 42042.181574291077
  m_CPU_enc_SHA: 4224950972.7089314
  m_CPU_enc_AES: 32618422665.753685
  m_CPU_enc_ECDSA: 3821326210.2607489
  ME_ALLOC_S: 10878.764332856397
  ME_READ_S: 22373.330664062501
  ME_READ_L: 9669.1689453125
  ME_WRITE: 9492.416015625
  ME_LARGE: 52637.083333333336
  ME_LATENCY: 53.816440868866557
  ME_THREADED: 109427.43139648438
  SUMM_CPU: 27240.109536850585
  SUMM_ME: 2488.1156957493413
SystemInformation:
  OSName: Ubuntu 24.04.4 LTS
  Kernel: 6.8.0-117-generic
  Device: ""
  Processor: Intel(R) Xeon(R) Platinum 8269CY CPU @ 2.50GHz
  NumSockets: 1
  Manufacturer: GenuineIntel
  NumCores: 16
  NumLogicals: 32
  CPUFrequency: 0
  CPUMaxFrequency: 0
  Memory: 61860
  CPUInfo:
    number: 1
    Family: 6
    Model: 5
    stepping: 7
    features: 529267711
    manufacture: GenuineIntel
    typestring: Intel(R) Xeon(R) Platinum 8269CY CPU @ 2.50GHz
    iCoresPerPackage: 16
    iThreadsPerPackage: 2
    featuresEx:
      - 529267711
      - 4277809667
      - 739248128
    bHybrid: false
    nPCore: 0
    nLogicalsPerPCore: 0
    nECore: 0
    nLogicalsPerECore: 0
  MemModuleInfo:
    iNumMemSticks: 4
    DIMM 1:
      manufacturer: Alibaba Cloud
      modulePartNo: Not Specified
      memType: RAM
      size: 16
      clkspeed: 0
      moduleVoltage: 0
    DIMM 2:
      manufacturer: Alibaba Cloud
      modulePartNo: Not Specified
      memType: RAM
      size: 16
      clkspeed: 0
      moduleVoltage: 0
    DIMM 3:
      manufacturer: Alibaba Cloud
      modulePartNo: Not Specified
      memType: RAM
      size: 16
      clkspeed: 0
      moduleVoltage: 0
    DIMM 4:
      manufacturer: Alibaba Cloud
      modulePartNo: Not Specified
      memType: RAM
      size: 16
      clkspeed: 0
      moduleVoltage: 0
Checksum: 70FBFE4EE1031F692CD8730FE2EE86464253E5E8