---
system-info:
      stress-ng-version: 0.17.08
      run-by: root
      date-yyyy-mm-dd: 2024:06:14
      time-hh-mm-ss: 13:04:10
      epoch-secs: 1718370250
      hostname: bb949f6de4a6
      sysname: Linux
      nodename: bb949f6de4a6
      release: 6.8.0-1008-aws
      version: '#8-Ubuntu SMP Sat Apr 20 00:46:25 UTC 2024'
      machine: x86_64
      compiler: 'musl-gcc 13.2.1'
      uptime: 146
      totalram: 133616558080
      freeram: 128957730816
      sharedram: 41193472
      bufferram: 107278336
      totalswap: 0
      freeswap: 0
      pagesize: 4096
      cpus: 32
      cpus-online: 32
      ticks-per-second: 100

metrics:
    - stressor: cpu
      bogo-ops: 558518
      bogo-ops-per-second-usr-sys-time: 873.200512
      bogo-ops-per-second-real-time: 27925.774007
      wall-clock-time: 20.000090
      user-time: 639.593718
      system-time: 0.027987
      cpu-usage-per-instance: 99.940441
      max-rss: 1032

...
