---
system-info:
      stress-ng-version: 0.17.08
      run-by: root
      date-yyyy-mm-dd: 2024:06:06
      time-hh-mm-ss: 21:20:51
      epoch-secs: 1717708851
      hostname: ece89cc6ba12
      sysname: Linux
      nodename: ece89cc6ba12
      release: 6.8.0-1008-aws
      version: '#8-Ubuntu SMP Sat Apr 20 00:46:25 UTC 2024'
      machine: x86_64
      compiler: 'musl-gcc 13.2.1'
      uptime: 113
      totalram: 133616553984
      freeram: 129060687872
      sharedram: 41193472
      bufferram: 86700032
      totalswap: 0
      freeswap: 0
      pagesize: 4096
      cpus: 32
      cpus-online: 32
      ticks-per-second: 100

metrics:
    - stressor: cpu
      bogo-ops: 327151
      bogo-ops-per-second-usr-sys-time: 1023.182908
      bogo-ops-per-second-real-time: 32710.186711
      wall-clock-time: 10.001502
      user-time: 319.689556
      system-time: 0.048975
      cpu-usage-per-instance: 99.903285
      max-rss: 4104

...
