---
system-info:
      stress-ng-version: 0.17.08
      run-by: root
      date-yyyy-mm-dd: 2024:06:13
      time-hh-mm-ss: 12:37:54
      epoch-secs: 1718282274
      hostname: edf944978bff
      sysname: Linux
      nodename: edf944978bff
      release: 6.8.0-1008-aws
      version: '#8-Ubuntu SMP Sat Apr 20 02:43:14 UTC 2024'
      machine: aarch64
      compiler: 'musl-gcc 13.2.1'
      uptime: 127
      totalram: 132124872704
      freeram: 127599890432
      sharedram: 35094528
      bufferram: 104890368
      totalswap: 0
      freeswap: 0
      pagesize: 4096
      cpus: 32
      cpus-online: 32
      ticks-per-second: 100

metrics:
    - stressor: cpu
      bogo-ops: 971428
      bogo-ops-per-second-usr-sys-time: 1518.757856
      bogo-ops-per-second-real-time: 48571.235578
      wall-clock-time: 20.000068
      user-time: 639.596078
      system-time: 0.023988
      cpu-usage-per-instance: 99.940297
      max-rss: 1280

...
