---
system-info:
      stress-ng-version: 0.17.08
      run-by: root
      date-yyyy-mm-dd: 2024:06:07
      time-hh-mm-ss: 21:40:14
      epoch-secs: 1717796414
      hostname: 775117ec5b8e
      sysname: Linux
      nodename: 775117ec5b8e
      release: 6.8.0-1008-aws
      version: '#8-Ubuntu SMP Sat Apr 20 02:43:14 UTC 2024'
      machine: aarch64
      compiler: 'musl-gcc 13.2.1'
      uptime: 128
      totalram: 132124872704
      freeram: 127590899712
      sharedram: 35094528
      bufferram: 92729344
      totalswap: 0
      freeswap: 0
      pagesize: 4096
      cpus: 32
      cpus-online: 32
      ticks-per-second: 100

metrics:
    - stressor: cpu
      bogo-ops: 94059
      bogo-ops-per-second-usr-sys-time: 292.904796
      bogo-ops-per-second-real-time: 9365.486252
      wall-clock-time: 10.043152
      user-time: 321.102831
      system-time: 0.021989
      cpu-usage-per-instance: 99.920332
      max-rss: 3840

...
