BaselineInfo:
  WebDBID: -1
  TimeStamp: 20241111104032
Version:
  Major: 11
  Minor: 0
  Build: 1002
  SpecialBuildName: ""
  ptArchitecture: x86_64_linux
Results:
  Results Complete: true
  NumTestProcesses: 8
  CPU_INTEGER_MATH: 22594.850666666665
  CPU_FLOATINGPOINT_MATH: 12135.412143152544
  CPU_PRIME: 46.639147365939685
  CPU_SORTING: 11939.884732451725
  CPU_ENCRYPTION: 3149.8860703854657
  CPU_COMPRESSION: 100327.81950082953
  CPU_SINGLETHREAD: 1810.5121684211074
  CPU_PHYSICS: 884.1419263571546
  CPU_MATRIX_MULT_SSE: 6113.5446500715007
  CPU_mm: 698.13849270398055
  CPU_sse: 2517.5131666762773
  CPU_fma: 7444.2803835495088
  CPU_avx: 5228.5722406110008
  CPU_avx512: 9263.8128094492131
  m_CPU_enc_SHA: 1035930724.527505
  m_CPU_enc_AES: 7955181455.6906586
  m_CPU_enc_ECDSA: 917572628.20336819
  ME_ALLOC_S: 2735.1224566098804
  ME_READ_S: 22139.1552734375
  ME_READ_L: 10964.6044921875
  ME_WRITE: 10363.3740234375
  ME_LARGE: 53427.333333333336
  ME_LATENCY: 54.928350728544274
  ME_THREADED: 48787.6259765625
  SUMM_CPU: 7712.5564574660211
  SUMM_ME: 2382.026118480579
SystemInformation:
  OSName: Ubuntu 24.04.1 LTS
  Kernel: 6.8.0-1016-aws
  Device: ""
  Processor: Intel Xeon Platinum 8259CL CPU @ 2.50GHz
  NumSockets: 1
  Manufacturer: GenuineIntel
  NumCores: 4
  NumLogicals: 8
  CPUFrequency: 0
  Memory: 63594
  MemModuleInfo:
    iNumMemSticks: 1
    DIMM 1:
      manufacturer: Not Specified
      modulePartNo: Not Specified
      memType: DDR4
      size: 64
      clkspeed: 1333
      moduleVoltage: 0
Checksum: 140767918AEAB022ED5E99F49CDE398D414AD716