---
system-info:
      stress-ng-version: 0.17.08
      run-by: root
      date-yyyy-mm-dd: 2024:06:12
      time-hh-mm-ss: 18:55:51
      epoch-secs: 1718218551
      hostname: 86d0249370b4
      sysname: Linux
      nodename: 86d0249370b4
      release: 6.8.0-1008-aws
      version: '#8-Ubuntu SMP Sat Apr 20 00:46:25 UTC 2024'
      machine: x86_64
      compiler: 'musl-gcc 13.2.1'
      uptime: 145
      totalram: 133602783232
      freeram: 128962723840
      sharedram: 20566016
      bufferram: 111034368
      totalswap: 0
      freeswap: 0
      pagesize: 4096
      cpus: 64
      cpus-online: 64
      ticks-per-second: 100

metrics:
    - stressor: cpu
      bogo-ops: 488823
      bogo-ops-per-second-usr-sys-time: 382.094432
      bogo-ops-per-second-real-time: 24440.893587
      wall-clock-time: 20.000210
      user-time: 1279.293127
      system-time: 0.031980
      cpu-usage-per-instance: 99.946225
      max-rss: 512

...
