---
system-info:
      stress-ng-version: 0.17.08
      run-by: root
      date-yyyy-mm-dd: 2024:06:05
      time-hh-mm-ss: 15:51:41
      epoch-secs: 1717602701
      hostname: 416c4a4d2a00
      sysname: Linux
      nodename: 416c4a4d2a00
      release: 6.8.0-1008-aws
      version: '#8-Ubuntu SMP Sat Apr 20 00:46:25 UTC 2024'
      machine: x86_64
      compiler: 'musl-gcc 13.2.1'
      uptime: 124
      totalram: 133602816000
      freeram: 129203245056
      sharedram: 20566016
      bufferram: 77733888
      totalswap: 0
      freeswap: 0
      pagesize: 4096
      cpus: 64
      cpus-online: 64
      ticks-per-second: 100

metrics:
    - stressor: cpu
      bogo-ops: 699324
      bogo-ops-per-second-usr-sys-time: 1093.445781
      bogo-ops-per-second-real-time: 69920.653371
      wall-clock-time: 10.001680
      user-time: 639.453884
      system-time: 0.105948
      cpu-usage-per-instance: 99.914438
      max-rss: 3584

...
