---
system-info:
      stress-ng-version: 0.17.08
      run-by: root
      date-yyyy-mm-dd: 2024:06:12
      time-hh-mm-ss: 15:56:29
      epoch-secs: 1718207789
      hostname: 0b67ed50ca41
      sysname: Linux
      nodename: 0b67ed50ca41
      release: 6.8.0-1008-aws
      version: '#8-Ubuntu SMP Sat Apr 20 00:46:25 UTC 2024'
      machine: x86_64
      compiler: 'musl-gcc 13.2.1'
      uptime: 201
      totalram: 133602807808
      freeram: 128953483264
      sharedram: 20566016
      bufferram: 110874624
      totalswap: 0
      freeswap: 0
      pagesize: 4096
      cpus: 64
      cpus-online: 64
      ticks-per-second: 100

metrics:
    - stressor: cpu
      bogo-ops: 1007642
      bogo-ops-per-second-usr-sys-time: 787.719464
      bogo-ops-per-second-real-time: 50382.042258
      wall-clock-time: 20.000023
      user-time: 1279.136934
      system-time: 0.051973
      cpu-usage-per-instance: 99.936519
      max-rss: 512

...
