---
system-info:
      stress-ng-version: 0.17.08
      run-by: root
      date-yyyy-mm-dd: 2024:09:16
      time-hh-mm-ss: 20:57:32
      epoch-secs: 1726520252
      hostname: sc-runner
      sysname: Linux
      nodename: sc-runner
      release: 6.8.0-1014-azure
      version: '#16-Ubuntu SMP Thu Aug 15 20:04:41 UTC 2024'
      machine: x86_64
      compiler: 'musl-gcc 13.2.1'
      uptime: 346
      totalram: 135070523392
      freeram: 124894875648
      sharedram: 42020864
      bufferram: 233463808
      totalswap: 0
      freeswap: 0
      pagesize: 4096
      cpus: 4
      cpus-online: 4
      ticks-per-second: 100

metrics:
    - stressor: cpu
      bogo-ops: 28231
      bogo-ops-per-second-usr-sys-time: 1411.557622
      bogo-ops-per-second-real-time: 1411.539079
      wall-clock-time: 20.000155
      user-time: 19.995893
      system-time: 0.003999
      cpu-usage-per-instance: 99.998686
      max-rss: 1104

...
