BaselineInfo:
  WebDBID: -1
  TimeStamp: 20241109000331
Version:
  Major: 11
  Minor: 0
  Build: 1002
  SpecialBuildName: ""
  ptArchitecture: x86_64_linux
Results:
  Results Complete: true
  NumTestProcesses: 32
  CPU_INTEGER_MATH: 99799.777333333317
  CPU_FLOATINGPOINT_MATH: 53515.039792087387
  CPU_PRIME: 120.12666270584985
  CPU_SORTING: 50341.173651270663
  CPU_ENCRYPTION: 13623.965699127573
  CPU_COMPRESSION: 435504.62841572607
  CPU_SINGLETHREAD: 2013.2114740868592
  CPU_PHYSICS: 2114.5513524490252
  CPU_MATRIX_MULT_SSE: 27651.473804293957
  CPU_mm: 3026.8290983909078
  CPU_sse: 10947.271751045984
  CPU_fma: 33717.149766898074
  CPU_avx: 23932.860563774662
  CPU_avx512: 42008.613135457155
  m_CPU_enc_SHA: 4504924309.8949556
  m_CPU_enc_AES: 34308952838.439514
  m_CPU_enc_ECDSA: 4043413222.4507084
  ME_ALLOC_S: 10619.719926005566
  ME_READ_S: 23776.675976562499
  ME_READ_L: 11481.9931640625
  ME_WRITE: 9875.3681640625
  ME_LARGE: 118076.75
  ME_LATENCY: 57.381643568390416
  ME_THREADED: 86464.086181640625
  SUMM_CPU: 27517.366033688199
  SUMM_ME: 2554.946481114971
SystemInformation:
  OSName: Ubuntu 24.04.1 LTS
  Kernel: 6.8.0-1017-azure
  Device: ""
  Processor: Intel Xeon Platinum 8272CL CPU @ 2.60GHz
  NumSockets: 1
  Manufacturer: GenuineIntel
  NumCores: 16
  NumLogicals: 32
  CPUFrequency: 0
  Memory: 128803
  MemModuleInfo:
    iNumMemSticks: 3
    DIMM 1:
      manufacturer: Microsoft Corporation
      modulePartNo: None
      memType: Unknown
      size: 1
      clkspeed: 0
      moduleVoltage: 0
    DIMM 2:
      manufacturer: Microsoft Corporation
      modulePartNo: None
      memType: Unknown
      size: 60928
      clkspeed: 0
      moduleVoltage: 0
    DIMM 3:
      manufacturer: Microsoft Corporation
      modulePartNo: None
      memType: Unknown
      size: 69120
      clkspeed: 0
      moduleVoltage: 0
Checksum: 62B001EEA0CD5176BB2F38B686915FBB3468E197