BaselineInfo:
  WebDBID: -1
  TimeStamp: 20241202191612
Version:
  Major: 11
  Minor: 0
  Build: 1002
  SpecialBuildName: ""
  ptArchitecture: x86_64_linux
Results:
  Results Complete: true
  NumTestProcesses: 12
  CPU_INTEGER_MATH: 63120.183333333334
  CPU_FLOATINGPOINT_MATH: 44707.703873600891
  CPU_PRIME: 121.80375269170707
  CPU_SORTING: 31841.044006630935
  CPU_ENCRYPTION: 13913.572851876719
  CPU_COMPRESSION: 229170.36415241196
  CPU_SINGLETHREAD: 3219.1661486697149
  CPU_PHYSICS: 2936.1940580987311
  CPU_MATRIX_MULT_SSE: 18508.048045183175
  CPU_mm: 1802.5417808236396
  CPU_sse: 7795.9864112484447
  CPU_fma: 19897.042687498062
  CPU_avx: 16255.289135392712
  CPU_avx512: 30083.873946593485
  m_CPU_enc_SHA: 14683225291.78631
  m_CPU_enc_AES: 19127632615.316162
  m_CPU_enc_ECDSA: 9957457793.0859776
  ME_ALLOC_S: 7997.9243833284618
  ME_READ_S: 27053.637792968751
  ME_READ_L: 8211.5869140625
  ME_WRITE: 17072.626953125
  ME_LARGE: 83912.416666666672
  ME_LATENCY: 45.638164787226991
  ME_THREADED: 96429.01953125
  SUMM_CPU: 22605.020989201028
  SUMM_ME: 2807.389252207784
SystemInformation:
  OSName: Ubuntu 24.04.1 LTS
  Kernel: 6.8.0-1018-aws
  Device: ""
  Processor: Intel Xeon Platinum 8559C
  NumSockets: 1
  Manufacturer: GenuineIntel
  NumCores: 6
  NumLogicals: 12
  CPUFrequency: 0
  Memory: 95011
  MemModuleInfo:
    iNumMemSticks: 1
    DIMM 1:
      manufacturer: Not Specified
      modulePartNo: Not Specified
      memType: DDR5
      size: 96
      clkspeed: 2800
      moduleVoltage: 0
Checksum: BFDF12E2CD717714C7DC28B4183940C3C41E585D