---
system-info:
      stress-ng-version: 0.17.08
      run-by: root
      date-yyyy-mm-dd: 2024:09:10
      time-hh-mm-ss: 14:45:38
      epoch-secs: 1725979538
      hostname: ip-172-31-28-83
      sysname: Linux
      nodename: ip-172-31-28-83
      release: 6.8.0-1014-aws
      version: '#15-Ubuntu SMP Thu Aug  8 20:05:03 UTC 2024'
      machine: aarch64
      compiler: 'musl-gcc 13.2.1'
      uptime: 181
      totalram: 267049979904
      freeram: 258290712576
      sharedram: 35012608
      bufferram: 219136000
      totalswap: 0
      freeswap: 0
      pagesize: 4096
      cpus: 16
      cpus-online: 16
      ticks-per-second: 100

metrics:
    - stressor: cpu
      bogo-ops: 485674
      bogo-ops-per-second-usr-sys-time: 1519.156765
      bogo-ops-per-second-real-time: 24283.611219
      wall-clock-time: 20.000073
      user-time: 319.676737
      system-time: 0.022988
      cpu-usage-per-instance: 99.905799
      max-rss: 1320

...
