---
system-info:
      stress-ng-version: 0.17.08
      run-by: root
      date-yyyy-mm-dd: 2024:09:06
      time-hh-mm-ss: 21:43:54
      epoch-secs: 1725659034
      hostname: ip-172-31-9-179
      sysname: Linux
      nodename: ip-172-31-9-179
      release: 6.8.0-1014-aws
      version: '#15-Ubuntu SMP Thu Aug  8 20:05:03 UTC 2024'
      machine: aarch64
      compiler: 'musl-gcc 13.2.1'
      uptime: 181
      totalram: 267049984000
      freeram: 258296713216
      sharedram: 35008512
      bufferram: 220225536
      totalswap: 0
      freeswap: 0
      pagesize: 4096
      cpus: 16
      cpus-online: 16
      ticks-per-second: 100

metrics:
    - stressor: cpu
      bogo-ops: 485753
      bogo-ops-per-second-usr-sys-time: 1519.550081
      bogo-ops-per-second-real-time: 24287.565294
      wall-clock-time: 20.000070
      user-time: 319.648971
      system-time: 0.019993
      cpu-usage-per-instance: 99.896203
      max-rss: 1320

...
