BaselineInfo:
  WebDBID: -1
  TimeStamp: 20260612125436
Version:
  Major: 11
  Minor: 0
  Build: 1004
  SpecialBuildName: ""
  ptArchitecture: x86_64_linux
Results:
  Results Complete: true
  NumTestProcesses: 2
  CPU_INTEGER_MATH: 12710.349
  CPU_FLOATINGPOINT_MATH: 7777.0339625723491
  CPU_PRIME: 33.734872518539902
  CPU_SORTING: 6365.6373759121443
  CPU_ENCRYPTION: 2574.2036282389458
  CPU_COMPRESSION: 49269.471830296286
  CPU_SINGLETHREAD: 3570.5046249353632
  CPU_PHYSICS: 675.39526989591809
  CPU_MATRIX_MULT_SSE: 3749.7813807330913
  CPU_mm: 368.88092865566637
  CPU_sse: 1376.6739390634366
  CPU_fma: 4185.443014976554
  CPU_avx: 4126.9777641201827
  CPU_avx512: 5310.0308047721928
  m_CPU_enc_SHA: 3214383763.642869
  m_CPU_enc_AES: 2627287285.6429224
  m_CPU_enc_ECDSA: 2256073381.7670507
  ME_ALLOC_S: 1481.168747173879
  ME_READ_S: 32541.327734375001
  ME_READ_L: 30182.48046875
  ME_WRITE: 31372.171875
  ME_LARGE: 7886.916666666667
  ME_LATENCY: 85.015723707412675
  ME_THREADED: 42295.85546875
  SUMM_CPU: 4920.9257667438505
  SUMM_ME: 2188.1254033230543
SystemInformation:
  OSName: Ubuntu 24.04.4 LTS
  Kernel: 6.8.0-124-generic
  Device: ""
  Processor: AMD EPYC-Turin Processor
  NumSockets: 1
  Manufacturer: AuthenticAMD
  NumCores: 1
  NumLogicals: 2
  CPUFrequency: 0
  CPUMaxFrequency: 0
  Memory: 15987
  CPUInfo:
    number: 1
    Family: 15
    Model: 0
    stepping: 0
    features: 395049983
    manufacture: AuthenticAMD
    typestring: AMD EPYC-Turin Processor
    iCoresPerPackage: 1
    iThreadsPerPackage: 2
    featuresEx:
      - 395049983
      - 4277809667
      - 802421759
    bHybrid: false
    nPCore: 0
    nLogicalsPerPCore: 0
    nECore: 0
    nLogicalsPerECore: 0
  MemModuleInfo:
    iNumMemSticks: 1
    DIMM 1:
      manufacturer: QEMU
      modulePartNo: Not Specified
      memType: RAM
      size: 16
      clkspeed: 0
      moduleVoltage: 0
Checksum: 1651856BAF4ED958B63B33A684BD0A589722B624