---
system-info:
      stress-ng-version: 0.17.08
      run-by: root
      date-yyyy-mm-dd: 2024:06:16
      time-hh-mm-ss: 08:43:47
      epoch-secs: 1718527427
      hostname: 0b0ca35c233d
      sysname: Linux
      nodename: 0b0ca35c233d
      release: 6.8.0-1008-aws
      version: '#8-Ubuntu SMP Sat Apr 20 00:46:25 UTC 2024'
      machine: x86_64
      compiler: 'musl-gcc 13.2.1'
      uptime: 132
      totalram: 8158191616
      freeram: 3750707200
      sharedram: 113516544
      bufferram: 111423488
      totalswap: 0
      freeswap: 0
      pagesize: 4096
      cpus: 4
      cpus-online: 4
      ticks-per-second: 100

metrics:
    - stressor: cpu
      bogo-ops: 41101
      bogo-ops-per-second-usr-sys-time: 2055.116175
      bogo-ops-per-second-real-time: 2055.038780
      wall-clock-time: 20.000109
      user-time: 19.999356
      system-time: 0.000000
      cpu-usage-per-instance: 99.996234
      max-rss: 1104

...
