---
system-info:
      stress-ng-version: 0.17.08
      run-by: root
      date-yyyy-mm-dd: 2024:06:10
      time-hh-mm-ss: 06:44:38
      epoch-secs: 1718001878
      hostname: abbbcff06639
      sysname: Linux
      nodename: abbbcff06639
      release: 6.8.0-1008-aws
      version: '#8-Ubuntu SMP Sat Apr 20 00:46:25 UTC 2024'
      machine: x86_64
      compiler: 'musl-gcc 13.2.1'
      uptime: 119
      totalram: 8158195712
      freeram: 3581407232
      sharedram: 113516544
      bufferram: 116920320
      totalswap: 0
      freeswap: 0
      pagesize: 4096
      cpus: 4
      cpus-online: 4
      ticks-per-second: 100

metrics:
    - stressor: cpu
      bogo-ops: 19978
      bogo-ops-per-second-usr-sys-time: 1997.801398
      bogo-ops-per-second-real-time: 1997.757133
      wall-clock-time: 10.000215
      user-time: 9.998993
      system-time: 0.001000
      cpu-usage-per-instance: 99.997784
      max-rss: 3920

...
