---
system-info:
      stress-ng-version: 0.17.08
      run-by: root
      date-yyyy-mm-dd: 2024:06:09
      time-hh-mm-ss: 08:42:32
      epoch-secs: 1717922552
      hostname: 92e1d8d45ef1
      sysname: Linux
      nodename: 92e1d8d45ef1
      release: 6.8.0-1008-aws
      version: '#8-Ubuntu SMP Sat Apr 20 02:43:14 UTC 2024'
      machine: aarch64
      compiler: 'musl-gcc 13.2.1'
      uptime: 226
      totalram: 434626560
      freeram: 15343616
      sharedram: 35008512
      bufferram: 1642496
      totalswap: 0
      freeswap: 0
      pagesize: 4096
      cpus: 2
      cpus-online: 2
      ticks-per-second: 100

metrics:
    - stressor: cpu
      bogo-ops: 2940
      bogo-ops-per-second-usr-sys-time: 292.179982
      bogo-ops-per-second-real-time: 291.939491
      wall-clock-time: 10.070580
      user-time: 10.059292
      system-time: 0.002999
      cpu-usage-per-instance: 99.917691
      max-rss: 3880

...
