---
system-info:
      stress-ng-version: 0.17.08
      run-by: root
      date-yyyy-mm-dd: 2024:08:15
      time-hh-mm-ss: 10:17:04
      epoch-secs: 1723717024
      hostname: ip-172-31-50-67
      sysname: Linux
      nodename: ip-172-31-50-67
      release: 6.8.0-1013-aws
      version: '#14-Ubuntu SMP Thu Jul 25 21:46:27 UTC 2024'
      machine: aarch64
      compiler: 'musl-gcc 13.2.1'
      uptime: 698
      totalram: 434434048
      freeram: 10461184
      sharedram: 35012608
      bufferram: 532480
      totalswap: 0
      freeswap: 0
      pagesize: 4096
      cpus: 2
      cpus-online: 2
      ticks-per-second: 100

metrics:
    - stressor: cpu
      bogo-ops: 30374
      bogo-ops-per-second-usr-sys-time: 1518.759839
      bogo-ops-per-second-real-time: 1518.695112
      wall-clock-time: 20.000064
      user-time: 19.999212
      system-time: 0.000000
      cpu-usage-per-instance: 99.995738
      max-rss: 1192

...
