---
system-info:
      stress-ng-version: 0.17.08
      run-by: root
      date-yyyy-mm-dd: 2024:06:13
      time-hh-mm-ss: 21:58:35
      epoch-secs: 1718315915
      hostname: 4d0cf95d6b32
      sysname: Linux
      nodename: 4d0cf95d6b32
      release: 6.8.0-1008-aws
      version: '#8-Ubuntu SMP Sat Apr 20 02:43:14 UTC 2024'
      machine: aarch64
      compiler: 'musl-gcc 13.2.1'
      uptime: 260
      totalram: 434634752
      freeram: 6320128
      sharedram: 35008512
      bufferram: 1122304
      totalswap: 0
      freeswap: 0
      pagesize: 4096
      cpus: 2
      cpus-online: 2
      ticks-per-second: 100

metrics:
    - stressor: cpu
      bogo-ops: 30390
      bogo-ops-per-second-usr-sys-time: 1519.478423
      bogo-ops-per-second-real-time: 1519.496359
      wall-clock-time: 20.000048
      user-time: 20.000284
      system-time: 0.000000
      cpu-usage-per-instance: 100.001180
      max-rss: 1192

...
