BaselineInfo:
  WebDBID: -1
  TimeStamp: 20241109020959
Version:
  Major: 11
  Minor: 0
  Build: 1002
  SpecialBuildName: ""
  ptArchitecture: aarch64_linux
Results:
  Results Complete: true
  NumTestProcesses: 32
  CPU_INTEGER_MATH: 166995.26599999997
  CPU_FLOATINGPOINT_MATH: 194032.78393146087
  CPU_PRIME: 432.85762323330795
  CPU_SORTING: 147936.23309770293
  CPU_ENCRYPTION: 6061.3429198103577
  CPU_COMPRESSION: 213065.49803798567
  CPU_SINGLETHREAD: 1945.4350940100244
  CPU_PHYSICS: 9275.1386939868808
  CPU_MATRIX_MULT_SSE: 29480.761926708677
  CPU_mm: 3634.4551460297498
  CPU_sse: 23194.327274647148
  CPU_fma: 35767.196578770214
  CPU_avx: 0
  CPU_avx512: 0
  m_CPU_enc_SHA: 9582084510.5023041
  m_CPU_enc_AES: 3434474947.4886751
  m_CPU_enc_ECDSA: 6050776682.4582157
  ME_ALLOC_S: 47337.283226418833
  ME_READ_S: 20491.119921875001
  ME_READ_L: 20214.3203125
  ME_WRITE: 21299.703125
  ME_LARGE: 241308.58333333334
  ME_LATENCY: 46.454430906817812
  ME_THREADED: 421548.4306640625
  SUMM_CPU: 26418.760914294766
  SUMM_ME: 3369.8607206709598
SystemInformation:
  OSName: Ubuntu 24.04.1 LTS
  Kernel: 6.8.0-1016-aws
  Device: ""
  Processor: ARM Neoverse-V2 32 Core 0 MHz
  NumSockets: 1
  Manufacturer: ARM
  NumCores: 32
  NumLogicals: 32
  CPUFrequency: 0
  Memory: 253166
Checksum: 4D1BC52D9ADEB0EAAF7C30DE6F375601767B9DD1