---
system-info:
      stress-ng-version: 0.17.08
      run-by: root
      date-yyyy-mm-dd: 2024:06:09
      time-hh-mm-ss: 22:55:25
      epoch-secs: 1717973725
      hostname: 58fa7ae109a7
      sysname: Linux
      nodename: 58fa7ae109a7
      release: 6.8.0-1008-aws
      version: '#8-Ubuntu SMP Sat Apr 20 02:43:14 UTC 2024'
      machine: aarch64
      compiler: 'musl-gcc 13.2.1'
      uptime: 118
      totalram: 8141586432
      freeram: 3716804608
      sharedram: 35020800
      bufferram: 114102272
      totalswap: 0
      freeswap: 0
      pagesize: 4096
      cpus: 1
      cpus-online: 1
      ticks-per-second: 100

metrics:
    - stressor: cpu
      bogo-ops: 4202
      bogo-ops-per-second-usr-sys-time: 424.779462
      bogo-ops-per-second-real-time: 420.184813
      wall-clock-time: 10.000361
      user-time: 9.889215
      system-time: 0.002977
      cpu-usage-per-instance: 98.918345
      max-rss: 4136

...
