---
system-info:
      stress-ng-version: 0.17.08
      run-by: root
      date-yyyy-mm-dd: 2024:06:16
      time-hh-mm-ss: 03:23:07
      epoch-secs: 1718508187
      hostname: 023a7ea0a3ee
      sysname: Linux
      nodename: 023a7ea0a3ee
      release: 6.8.0-1008-aws
      version: '#8-Ubuntu SMP Sat Apr 20 02:43:14 UTC 2024'
      machine: aarch64
      compiler: 'musl-gcc 13.2.1'
      uptime: 118
      totalram: 8141578240
      freeram: 3952558080
      sharedram: 35020800
      bufferram: 109875200
      totalswap: 0
      freeswap: 0
      pagesize: 4096
      cpus: 1
      cpus-online: 1
      ticks-per-second: 100

metrics:
    - stressor: cpu
      bogo-ops: 30336
      bogo-ops-per-second-usr-sys-time: 1532.700774
      bogo-ops-per-second-real-time: 1516.791104
      wall-clock-time: 20.000117
      user-time: 19.789534
      system-time: 0.002979
      cpu-usage-per-instance: 98.961985
      max-rss: 1320

...
