---
system-info:
      stress-ng-version: 0.17.08
      run-by: root
      date-yyyy-mm-dd: 2024:06:09
      time-hh-mm-ss: 15:57:14
      epoch-secs: 1717948634
      hostname: 4e55279d5bba
      sysname: Linux
      nodename: 4e55279d5bba
      release: 6.8.0-1008-aws
      version: '#8-Ubuntu SMP Sat Apr 20 02:43:14 UTC 2024'
      machine: aarch64
      compiler: 'musl-gcc 13.2.1'
      uptime: 159
      totalram: 534444896256
      freeram: 529426620416
      sharedram: 34979840
      bufferram: 109027328
      totalswap: 0
      freeswap: 0
      pagesize: 4096
      cpus: 64
      cpus-online: 64
      ticks-per-second: 100

metrics:
    - stressor: cpu
      bogo-ops: 2940
      bogo-ops-per-second-usr-sys-time: 293.089079
      bogo-ops-per-second-real-time: 293.091420
      wall-clock-time: 10.031000
      user-time: 10.031080
      system-time: 0.000000
      cpu-usage-per-instance: 100.000799
      max-rss: 3584

...
