---
system-info:
      stress-ng-version: 0.17.08
      run-by: root
      date-yyyy-mm-dd: 2024:06:15
      time-hh-mm-ss: 18:55:40
      epoch-secs: 1718477740
      hostname: 54d7fb06bbc3
      sysname: Linux
      nodename: 54d7fb06bbc3
      release: 6.8.0-1008-aws
      version: '#8-Ubuntu SMP Sat Apr 20 02:43:14 UTC 2024'
      machine: aarch64
      compiler: 'musl-gcc 13.2.1'
      uptime: 153
      totalram: 534444892160
      freeram: 529635172352
      sharedram: 34979840
      bufferram: 109211648
      totalswap: 0
      freeswap: 0
      pagesize: 4096
      cpus: 64
      cpus-online: 64
      ticks-per-second: 100

metrics:
    - stressor: cpu
      bogo-ops: 30387
      bogo-ops-per-second-usr-sys-time: 1519.370284
      bogo-ops-per-second-real-time: 1519.343769
      wall-clock-time: 20.000082
      user-time: 19.999733
      system-time: 0.000000
      cpu-usage-per-instance: 99.998255
      max-rss: 512

...
