---
system-info:
      stress-ng-version: 0.17.08
      run-by: root
      date-yyyy-mm-dd: 2024:07:09
      time-hh-mm-ss: 15:57:27
      epoch-secs: 1720540647
      hostname: m3-megamem-64-862a4c4
      sysname: Linux
      nodename: m3-megamem-64-862a4c4
      release: 6.8.0-1009-gcp
      version: '#10-Ubuntu SMP Wed Jun 12 18:52:23 UTC 2024'
      machine: x86_64
      compiler: 'musl-gcc 13.2.1'
      uptime: 147
      totalram: 1031051509760
      freeram: 1025207431168
      sharedram: 58580992
      bufferram: 132333568
      totalswap: 0
      freeswap: 0
      pagesize: 4096
      cpus: 64
      cpus-online: 64
      ticks-per-second: 100

metrics:
    - stressor: cpu
      bogo-ops: 1208027
      bogo-ops-per-second-usr-sys-time: 944.074219
      bogo-ops-per-second-real-time: 60401.078659
      wall-clock-time: 20.000090
      user-time: 1279.558032
      system-time: 0.030983
      cpu-usage-per-instance: 99.967443
      max-rss: 512

...
