---
system-info:
      stress-ng-version: 0.17.08
      run-by: root
      date-yyyy-mm-dd: 2024:07:01
      time-hh-mm-ss: 23:52:15
      epoch-secs: 1719877935
      hostname: c2d-standard-16-d08b0a6
      sysname: Linux
      nodename: c2d-standard-16-d08b0a6
      release: 6.8.0-1009-gcp
      version: '#10-Ubuntu SMP Wed Jun 12 18:52:23 UTC 2024'
      machine: x86_64
      compiler: 'musl-gcc 13.2.1'
      uptime: 185
      totalram: 67421843456
      freeram: 62170759168
      sharedram: 35000320
      bufferram: 125800448
      totalswap: 0
      freeswap: 0
      pagesize: 4096
      cpus: 16
      cpus-online: 16
      ticks-per-second: 100

metrics:
    - stressor: cpu
      bogo-ops: 58536
      bogo-ops-per-second-usr-sys-time: 2926.809073
      bogo-ops-per-second-real-time: 2926.793301
      wall-clock-time: 20.000046
      user-time: 19.999938
      system-time: 0.000000
      cpu-usage-per-instance: 99.999461
      max-rss: 1104

...
