BaselineInfo:
  WebDBID: -1
  TimeStamp: 20241107144338
Version:
  Major: 11
  Minor: 0
  Build: 1002
  SpecialBuildName: ""
  ptArchitecture: x86_64_linux
Results:
  Results Complete: true
  NumTestProcesses: 8
  CPU_INTEGER_MATH: 20746.507666666665
  CPU_FLOATINGPOINT_MATH: 10922.34794640359
  CPU_PRIME: 22.247892954902518
  CPU_SORTING: 12235.630210593768
  CPU_ENCRYPTION: 6484.0959367905834
  CPU_COMPRESSION: 88313.930419475757
  CPU_SINGLETHREAD: 1433.0971552388221
  CPU_PHYSICS: 604.36666972008277
  CPU_MATRIX_MULT_SSE: 3252.8226671128896
  CPU_mm: 627.90412659127344
  CPU_sse: 2548.965141554555
  CPU_fma: 3756.193455576682
  CPU_avx: 3453.3094042074304
  CPU_avx512: 0
  m_CPU_enc_SHA: 9167539162.3286724
  m_CPU_enc_AES: 6357673116.473361
  m_CPU_enc_ECDSA: 4871989864.246336
  ME_ALLOC_S: 1986.2522930966418
  ME_READ_S: 14929.301074218751
  ME_READ_L: 11610.5458984375
  ME_WRITE: 8190.1064453125
  ME_LARGE: 21516.25
  ME_LATENCY: 60.719870413578811
  ME_THREADED: 28492.1357421875
  SUMM_CPU: 6871.5975054262735
  SUMM_ME: 1926.6625115093618
SystemInformation:
  OSName: Ubuntu 24.04.1 LTS
  Kernel: 6.8.0-1016-aws
  Device: ""
  Processor: AMD EPYC 7571
  NumSockets: 1
  Manufacturer: AuthenticAMD
  NumCores: 4
  NumLogicals: 8
  CPUFrequency: 0
  Memory: 31556
  MemModuleInfo:
    iNumMemSticks: 1
    DIMM 1:
      manufacturer: Not Specified
      modulePartNo: Not Specified
      memType: DDR4
      size: 32
      clkspeed: 1333
      moduleVoltage: 0
Checksum: 3D429EC497C28CC387F5E7F8665A489C179468D2