BaselineInfo:
  WebDBID: -1
  TimeStamp: 20241109103635
Version:
  Major: 11
  Minor: 0
  Build: 1002
  SpecialBuildName: ""
  ptArchitecture: aarch64_linux
Results:
  Results Complete: true
  NumTestProcesses: 48
  CPU_INTEGER_MATH: 250406.25533333331
  CPU_FLOATINGPOINT_MATH: 290877.53081874974
  CPU_PRIME: 573.09858591747388
  CPU_SORTING: 220848.32996444503
  CPU_ENCRYPTION: 9060.689298894531
  CPU_COMPRESSION: 319310.08232105605
  CPU_SINGLETHREAD: 1944.2888543355318
  CPU_PHYSICS: 13016.067424095503
  CPU_MATRIX_MULT_SSE: 44238.682125584564
  CPU_mm: 5424.0370878424092
  CPU_sse: 34841.321477669757
  CPU_fma: 53636.042773499415
  CPU_avx: 0
  CPU_avx512: 0
  m_CPU_enc_SHA: 14124878002.945627
  m_CPU_enc_AES: 5161043336.1700878
  m_CPU_enc_ECDSA: 9216542687.7171822
  ME_ALLOC_S: 47285.96898068265
  ME_READ_S: 21181.451953125001
  ME_READ_L: 20246.068359375
  ME_WRITE: 21290.513671875
  ME_LARGE: 367229.5
  ME_LATENCY: 46.969416800913812
  ME_THREADED: 440257.791015625
  SUMM_CPU: 36109.944527536856
  SUMM_ME: 3393.0336607079257
SystemInformation:
  OSName: Ubuntu 24.04.1 LTS
  Kernel: 6.8.0-1016-aws
  Device: ""
  Processor: ARM Neoverse-V2 48 Core 0 MHz
  NumSockets: 1
  Manufacturer: ARM
  NumCores: 48
  NumLogicals: 48
  CPUFrequency: 0
  Memory: 379916
Checksum: 0A651E8FD8540D1BAC8D83421C809101F4240B92