---
system-info:
      stress-ng-version: 0.17.08
      run-by: root
      date-yyyy-mm-dd: 2024:09:24
      time-hh-mm-ss: 03:11:35
      epoch-secs: 1727147495
      hostname: c4-highmem-96-35f3572
      sysname: Linux
      nodename: c4-highmem-96-35f3572
      release: 6.8.0-1014-gcp
      version: '#16-Ubuntu SMP Mon Aug 26 15:55:46 UTC 2024'
      machine: x86_64
      compiler: 'musl-gcc 13.2.1'
      uptime: 198
      totalram: 786223542272
      freeram: 774221717504
      sharedram: 548048896
      bufferram: 252215296
      totalswap: 0
      freeswap: 0
      pagesize: 4096
      cpus: 96
      cpus-online: 96
      ticks-per-second: 100

metrics:
    - stressor: cpu
      bogo-ops: 1653690
      bogo-ops-per-second-usr-sys-time: 861.451928
      bogo-ops-per-second-real-time: 82684.110988
      wall-clock-time: 20.000094
      user-time: 1919.627441
      system-time: 0.026978
      cpu-usage-per-instance: 99.981531
      max-rss: 768

...
