BaselineInfo:
  WebDBID: -1
  TimeStamp: 20241110022457
Version:
  Major: 11
  Minor: 0
  Build: 1002
  SpecialBuildName: ""
  ptArchitecture: x86_64_linux
Results:
  Results Complete: true
  NumTestProcesses: 64
  CPU_INTEGER_MATH: 253790.7306666667
  CPU_FLOATINGPOINT_MATH: 180659.08752323521
  CPU_PRIME: 408.74556459992709
  CPU_SORTING: 125077.24397292416
  CPU_ENCRYPTION: 55661.790569452474
  CPU_COMPRESSION: 928489.93507318955
  CPU_SINGLETHREAD: 3066.5683987942089
  CPU_PHYSICS: 6841.6156983544233
  CPU_MATRIX_MULT_SSE: 65376.446718324703
  CPU_mm: 6893.5003117945507
  CPU_sse: 30190.7174422889
  CPU_fma: 74645.208822971414
  CPU_avx: 58147.731336530145
  CPU_avx512: 98522.129271508427
  m_CPU_enc_SHA: 59070048367.839165
  m_CPU_enc_AES: 76552173453.300858
  m_CPU_enc_ECDSA: 39474631303.322578
  ME_ALLOC_S: 29486.700115474971
  ME_READ_S: 27637.925976562499
  ME_READ_L: 10553.7041015625
  ME_WRITE: 9415.7431640625
  ME_LARGE: 503989.25
  ME_LATENCY: 71.572470330355557
  ME_THREADED: 232081.96533203125
  SUMM_CPU: 67019.353261800905
  SUMM_ME: 2394.7472325348663
SystemInformation:
  OSName: Ubuntu 24.04.1 LTS
  Kernel: 6.8.0-1017-azure
  Device: ""
  Processor: Intel Xeon Platinum 8473C
  NumSockets: 1
  Manufacturer: GenuineIntel
  NumCores: 32
  NumLogicals: 64
  CPUFrequency: 2100
  Memory: 515765
  MemModuleInfo:
    iNumMemSticks: 3
    DIMM 1:
      manufacturer: Microsoft Corporation
      modulePartNo: None
      memType: Unknown
      size: 1
      clkspeed: 0
      moduleVoltage: 0
    DIMM 2:
      manufacturer: Microsoft Corporation
      modulePartNo: None
      memType: Unknown
      size: 59
      clkspeed: 0
      moduleVoltage: 0
    DIMM 3:
      manufacturer: Microsoft Corporation
      modulePartNo: None
      memType: Unknown
      size: 452
      clkspeed: 0
      moduleVoltage: 0
Checksum: 823C6954A8E0954B86832E437580D2A7355EDC88