BaselineInfo:
  WebDBID: -1
  TimeStamp: 20241109070514
Version:
  Major: 11
  Minor: 0
  Build: 1002
  SpecialBuildName: ""
  ptArchitecture: x86_64_linux
Results:
  Results Complete: true
  NumTestProcesses: 64
  CPU_INTEGER_MATH: 265914.16999999998
  CPU_FLOATINGPOINT_MATH: 146206.63679477823
  CPU_PRIME: 367.01057946540772
  CPU_SORTING: 135173.64747008146
  CPU_ENCRYPTION: 68514.926495119347
  CPU_COMPRESSION: 1008529.7990394663
  CPU_SINGLETHREAD: 2429.1771810644364
  CPU_PHYSICS: 6815.6863370190922
  CPU_MATRIX_MULT_SSE: 59087.825457390129
  CPU_mm: 7183.3402773547259
  CPU_sse: 30449.603901082148
  CPU_fma: 80628.290966870496
  CPU_avx: 66185.581504217756
  CPU_avx512: 0
  m_CPU_enc_SHA: 99503205976.677505
  m_CPU_enc_AES: 63636520069.058731
  m_CPU_enc_ECDSA: 52389596647.902527
  ME_ALLOC_S: 25630.443059988469
  ME_READ_S: 24442.303515625001
  ME_READ_L: 20446.755859375
  ME_WRITE: 20423.984375
  ME_LARGE: 503886.91666666669
  ME_LATENCY: 62.454663626045914
  ME_THREADED: 146993.49609375
  SUMM_CPU: 62416.809316322862
  SUMM_ME: 2982.098921962337
SystemInformation:
  OSName: Ubuntu 24.04.1 LTS
  Kernel: 6.8.0-1017-azure
  Device: ""
  Processor: AMD EPYC 7763 64-Core Processor
  NumSockets: 1
  Manufacturer: AuthenticAMD
  NumCores: 32
  NumLogicals: 64
  CPUFrequency: 0
  Memory: 515766
  MemModuleInfo:
    iNumMemSticks: 3
    DIMM 1:
      manufacturer: Microsoft Corporation
      modulePartNo: None
      memType: Unknown
      size: 1
      clkspeed: 0
      moduleVoltage: 0
    DIMM 2:
      manufacturer: Microsoft Corporation
      modulePartNo: None
      memType: Unknown
      size: 59
      clkspeed: 0
      moduleVoltage: 0
    DIMM 3:
      manufacturer: Microsoft Corporation
      modulePartNo: None
      memType: Unknown
      size: 452
      clkspeed: 0
      moduleVoltage: 0
Checksum: 4CE64DBFAD38D8FAE254A45D11247DE06CFFDE2B