---
system-info:
      stress-ng-version: 0.17.08
      run-by: root
      date-yyyy-mm-dd: 2024:07:02
      time-hh-mm-ss: 07:52:12
      epoch-secs: 1719906732
      hostname: c2d-standard-32-4f78697
      sysname: Linux
      nodename: c2d-standard-32-4f78697
      release: 6.8.0-1009-gcp
      version: '#10-Ubuntu SMP Wed Jun 12 18:52:23 UTC 2024'
      machine: x86_64
      compiler: 'musl-gcc 13.2.1'
      uptime: 135
      totalram: 135061839872
      freeram: 129532887040
      sharedram: 35209216
      bufferram: 126177280
      totalswap: 0
      freeswap: 0
      pagesize: 4096
      cpus: 32
      cpus-online: 32
      ticks-per-second: 100

metrics:
    - stressor: cpu
      bogo-ops: 933165
      bogo-ops-per-second-usr-sys-time: 1458.868998
      bogo-ops-per-second-real-time: 46658.123567
      wall-clock-time: 20.000054
      user-time: 639.624627
      system-time: 0.024993
      cpu-usage-per-instance: 99.944982
      max-rss: 776

...
