---
system-info:
      stress-ng-version: 0.17.08
      run-by: root
      date-yyyy-mm-dd: 2024:07:11
      time-hh-mm-ss: 22:55:18
      epoch-secs: 1720738518
      hostname: ip-172-31-3-246
      sysname: Linux
      nodename: ip-172-31-3-246
      release: 6.8.0-1010-aws
      version: '#10-Ubuntu SMP Thu Jun 13 17:36:15 UTC 2024'
      machine: x86_64
      compiler: 'musl-gcc 13.2.1'
      uptime: 256
      totalram: 128684646400
      freeram: 120723496960
      sharedram: 48562176
      bufferram: 129609728
      totalswap: 0
      freeswap: 0
      pagesize: 4096
      cpus: 16
      cpus-online: 16
      ticks-per-second: 100

metrics:
    - stressor: cpu
      bogo-ops: 17646
      bogo-ops-per-second-usr-sys-time: 882.345000
      bogo-ops-per-second-real-time: 882.296950
      wall-clock-time: 20.000069
      user-time: 19.998980
      system-time: 0.000000
      cpu-usage-per-instance: 99.994554
      max-rss: 1104

...
