BaselineInfo:
  WebDBID: -1
  TimeStamp: 20241107115809
Version:
  Major: 11
  Minor: 0
  Build: 1002
  SpecialBuildName: ""
  ptArchitecture: x86_64_linux
Results:
  Results Complete: true
  NumTestProcesses: 8
  CPU_INTEGER_MATH: 33194.275000000001
  CPU_FLOATINGPOINT_MATH: 18344.257023869584
  CPU_PRIME: 77.972786737191612
  CPU_SORTING: 18481.078075522608
  CPU_ENCRYPTION: 8632.1294899550448
  CPU_COMPRESSION: 127748.38716014873
  CPU_SINGLETHREAD: 2380.0222334814985
  CPU_PHYSICS: 1468.6801572426555
  CPU_MATRIX_MULT_SSE: 7354.1962795780473
  CPU_mm: 890.36228819142104
  CPU_sse: 3763.3386469687234
  CPU_fma: 10401.218676615967
  CPU_avx: 7898.0315151494524
  CPU_avx512: 0
  m_CPU_enc_SHA: 12506795351.47958
  m_CPU_enc_AES: 7995048319.0997267
  m_CPU_enc_ECDSA: 6652487765.5979939
  ME_ALLOC_S: 3691.0196651200295
  ME_READ_S: 24400.451171875
  ME_READ_L: 20705.986328125
  ME_WRITE: 20348.994140625
  ME_LARGE: 6000.166666666667
  ME_LATENCY: 60.823500132476916
  ME_THREADED: 65048.0546875
  SUMM_CPU: 11943.064715370434
  SUMM_ME: 2461.4433557831953
SystemInformation:
  OSName: Ubuntu 24.04.1 LTS
  Kernel: 6.8.0-1017-azure
  Device: ""
  Processor: AMD EPYC 7763 64-Core Processor
  NumSockets: 1
  Manufacturer: AuthenticAMD
  NumCores: 4
  NumLogicals: 8
  CPUFrequency: 0
  Memory: 15988
  MemModuleInfo:
    iNumMemSticks: 2
    DIMM 1:
      manufacturer: Microsoft Corporation
      modulePartNo: None
      memType: Unknown
      size: 1
      clkspeed: 0
      moduleVoltage: 0
    DIMM 2:
      manufacturer: Microsoft Corporation
      modulePartNo: None
      memType: Unknown
      size: 15
      clkspeed: 0
      moduleVoltage: 0
Checksum: 7D84BDB3F0CFB27DF5E9C19E996E026967C47F55