---
system-info:
      stress-ng-version: 0.17.08
      run-by: root
      date-yyyy-mm-dd: 2024:06:21
      time-hh-mm-ss: 08:41:28
      epoch-secs: 1718959288
      hostname: 46c97357b76e
      sysname: Linux
      nodename: 46c97357b76e
      release: 6.8.0-1008-gcp
      version: '#9-Ubuntu SMP Wed May 22 18:09:04 UTC 2024'
      machine: x86_64
      compiler: 'musl-gcc 13.2.1'
      uptime: 207
      totalram: 31538270208
      freeram: 26402349056
      sharedram: 48623616
      bufferram: 135667712
      totalswap: 0
      freeswap: 0
      pagesize: 4096
      cpus: 8
      cpus-online: 8
      ticks-per-second: 100

metrics:
    - stressor: cpu
      bogo-ops: 22176
      bogo-ops-per-second-usr-sys-time: 1108.891539
      bogo-ops-per-second-real-time: 1108.793100
      wall-clock-time: 20.000124
      user-time: 19.998349
      system-time: 0.000000
      cpu-usage-per-instance: 99.991123
      max-rss: 976

...
