---
system-info:
      stress-ng-version: 0.17.08
      run-by: root
      date-yyyy-mm-dd: 2024:07:02
      time-hh-mm-ss: 08:44:21
      epoch-secs: 1719909861
      hostname: n2d-highcpu-48-5bfe577
      sysname: Linux
      nodename: n2d-highcpu-48-5bfe577
      release: 6.8.0-1009-gcp
      version: '#10-Ubuntu SMP Wed Jun 12 18:52:23 UTC 2024'
      machine: x86_64
      compiler: 'musl-gcc 13.2.1'
      uptime: 188
      totalram: 50496663552
      freeram: 44953784320
      sharedram: 35131392
      bufferram: 128008192
      totalswap: 0
      freeswap: 0
      pagesize: 4096
      cpus: 48
      cpus-online: 48
      ticks-per-second: 100

metrics:
    - stressor: cpu
      bogo-ops: 53753
      bogo-ops-per-second-usr-sys-time: 2687.731707
      bogo-ops-per-second-real-time: 2687.638818
      wall-clock-time: 20.000083
      user-time: 19.999392
      system-time: 0.000000
      cpu-usage-per-instance: 99.996544
      max-rss: 1152

...
