BaselineInfo:
  WebDBID: -1
  TimeStamp: 20241107030701
Version:
  Major: 11
  Minor: 0
  Build: 1002
  SpecialBuildName: ""
  ptArchitecture: aarch64_linux
Results:
  Results Complete: true
  NumTestProcesses: 2
  CPU_INTEGER_MATH: 12557.107333333333
  CPU_FLOATINGPOINT_MATH: 10547.670988130474
  CPU_PRIME: 26.750734842968832
  CPU_SORTING: 10286.034583319037
  CPU_ENCRYPTION: 373.49120488046287
  CPU_COMPRESSION: 13635.223702848307
  CPU_SINGLETHREAD: 1885.6128941341742
  CPU_PHYSICS: 646.59002919471709
  CPU_MATRIX_MULT_SSE: 1781.8947708289709
  CPU_mm: 287.27278288412299
  CPU_sse: 1501.3690696452263
  CPU_fma: 2062.4204720127154
  CPU_avx: 0
  CPU_avx512: 0
  m_CPU_enc_SHA: 557338782.04656148
  m_CPU_enc_AES: 244326804.92031527
  m_CPU_enc_ECDSA: 373236153.97933209
  ME_ALLOC_S: 2546.6430520938343
  ME_READ_S: 25398.118359374999
  ME_READ_L: 18679.96875
  ME_WRITE: 25711.08203125
  ME_LARGE: 487.83333333333331
  ME_LATENCY: 54.476812965974233
  ME_THREADED: 37237.810546875
  SUMM_CPU: 2022.0794059584866
  SUMM_ME: 989.45549234374027
SystemInformation:
  OSName: Ubuntu 24.04.1 LTS
  Kernel: 6.8.0-1017-azure
  Device: ""
  Processor: ARM Neoverse-N2 2 Core 0 MHz
  NumSockets: 1
  Manufacturer: ARM
  NumCores: 2
  NumLogicals: 2
  CPUFrequency: 0
  Memory: 7923
Checksum: EAD903D9D27BC2E0140FABF4C6232945B1367452