BaselineInfo:
  WebDBID: -1
  TimeStamp: 20241114212725
Version:
  Major: 11
  Minor: 0
  Build: 1002
  SpecialBuildName: ""
  ptArchitecture: aarch64_linux
Results:
  Results Complete: true
  NumTestProcesses: 2
  CPU_INTEGER_MATH: 12552.539666666666
  CPU_FLOATINGPOINT_MATH: 10549.633289478683
  CPU_PRIME: 27.613181643314284
  CPU_SORTING: 10214.811233620414
  CPU_ENCRYPTION: 369.60866382977656
  CPU_COMPRESSION: 13630.62717161189
  CPU_SINGLETHREAD: 1879.9522365546261
  CPU_PHYSICS: 647.14310092626704
  CPU_MATRIX_MULT_SSE: 1782.5824042021659
  CPU_mm: 286.53808010765465
  CPU_sse: 1503.080755002185
  CPU_fma: 2062.0840534021472
  CPU_avx: 0
  CPU_avx512: 0
  m_CPU_enc_SHA: 542820681.35922861
  m_CPU_enc_AES: 241305537.97051603
  m_CPU_enc_ECDSA: 378562103.52217054
  ME_ALLOC_S: 2526.9097462762329
  ME_READ_S: 25535.478906249999
  ME_READ_L: 18617.5234375
  ME_WRITE: 25728.279296875
  ME_LARGE: 478.41666666666669
  ME_LATENCY: 54.555168088546196
  ME_THREADED: 36173.904296875
  SUMM_CPU: 2013.6699094808278
  SUMM_ME: 975.88733018748974
SystemInformation:
  OSName: Ubuntu 24.04.1 LTS
  Kernel: 6.8.0-1017-azure
  Device: ""
  Processor: ARM Neoverse-N2 2 Core 0 MHz
  NumSockets: 1
  Manufacturer: ARM
  NumCores: 2
  NumLogicals: 2
  CPUFrequency: 0
  Memory: 7923
Checksum: 16E4DF7B10EBAA51CE9ED8DA510FB83752BF6CE3