BaselineInfo:
  WebDBID: -1
  TimeStamp: 20241115140108
Version:
  Major: 11
  Minor: 0
  Build: 1002
  SpecialBuildName: ""
  ptArchitecture: aarch64_linux
Results:
  Results Complete: true
  NumTestProcesses: 2
  CPU_INTEGER_MATH: 12564.420333333335
  CPU_FLOATINGPOINT_MATH: 10555.888791232957
  CPU_PRIME: 28.958737991018943
  CPU_SORTING: 10243.06979426555
  CPU_ENCRYPTION: 374.52239156502708
  CPU_COMPRESSION: 13545.117126506775
  CPU_SINGLETHREAD: 1885.1467271939289
  CPU_PHYSICS: 653.45384845254273
  CPU_MATRIX_MULT_SSE: 1779.9429433270207
  CPU_mm: 286.94939979846822
  CPU_sse: 1498.5408099150782
  CPU_fma: 2061.3450767389636
  CPU_avx: 0
  CPU_avx512: 0
  m_CPU_enc_SHA: 557615624.24357581
  m_CPU_enc_AES: 244466218.72362447
  m_CPU_enc_ECDSA: 376063730.80586922
  ME_ALLOC_S: 2560.014345739376
  ME_READ_S: 25466.046679687501
  ME_READ_L: 19276.822265625
  ME_WRITE: 25689.34375
  ME_LARGE: 630.66666666666663
  ME_LATENCY: 53.463813041095818
  ME_THREADED: 37826.966796875
  SUMM_CPU: 2023.0981787197643
  SUMM_ME: 1168.3592053772118
SystemInformation:
  OSName: Ubuntu 24.04.1 LTS
  Kernel: 6.8.0-1017-azure
  Device: ""
  Processor: ARM Neoverse-N2 2 Core 0 MHz
  NumSockets: 1
  Manufacturer: ARM
  NumCores: 2
  NumLogicals: 2
  CPUFrequency: 0
  Memory: 7923
Checksum: 9AEFCB2D9375A20A024637819C591D226CEB5226