BaselineInfo:
  WebDBID: -1
  TimeStamp: 20260630123519
Version:
  Major: 11
  Minor: 0
  Build: 1004
  SpecialBuildName: ""
  ptArchitecture: x86_64_linux
Results:
  Results Complete: true
  NumTestProcesses: 24
  CPU_INTEGER_MATH: 137206.83733333333
  CPU_FLOATINGPOINT_MATH: 104190.45324869519
  CPU_PRIME: 368.48097872023124
  CPU_SORTING: 76487.643035036628
  CPU_ENCRYPTION: 30291.68403443243
  CPU_COMPRESSION: 552398.76341696817
  CPU_SINGLETHREAD: 2804.035684020052
  CPU_PHYSICS: 5881.8268236732811
  CPU_MATRIX_MULT_SSE: 40804.600414284047
  CPU_mm: 4535.8786273932383
  CPU_sse: 19874.116308545803
  CPU_fma: 57733.104034759497
  CPU_avx: 44806.580899546847
  CPU_avx512: 0
  m_CPU_enc_SHA: 42938581576.46096
  m_CPU_enc_AES: 27314976230.616451
  m_CPU_enc_ECDSA: 25035840827.189659
  ME_ALLOC_S: 11563.007125109483
  ME_READ_S: 27849.2177734375
  ME_READ_L: 16805.099609375
  ME_WRITE: 16798.669921875
  ME_LARGE: 87755.5
  ME_LATENCY: 62.48736426800042
  ME_THREADED: 154004.3720703125
  SUMM_CPU: 44904.236926916594
  SUMM_ME: 2891.7353535415591
SystemInformation:
  OSName: Ubuntu 24.04.4 LTS
  Kernel: 6.8.0-124-generic
  Device: ""
  Processor: AMD EPYC-Rome Processor
  NumSockets: 2
  Manufacturer: AuthenticAMD
  NumCores: 12
  NumLogicals: 24
  CPUFrequency: 0
  CPUMaxFrequency: 0
  Memory: 96547
  CPUInfo:
    number: 2
    Family: 15
    Model: 1
    stepping: 0
    features: 395049983
    manufacture: AuthenticAMD
    typestring: AMD EPYC-Rome Processor
    iCoresPerPackage: 6
    iThreadsPerPackage: 2
    featuresEx:
      - 395049983
      - 4277678595
      - 802421759
    bHybrid: false
    nPCore: 0
    nLogicalsPerPCore: 0
    nECore: 0
    nLogicalsPerECore: 0
  MemModuleInfo:
    iNumMemSticks: 6
    DIMM 1:
      manufacturer: QEMU
      modulePartNo: Not Specified
      memType: RAM
      size: 16
      clkspeed: 0
      moduleVoltage: 0
    DIMM 2:
      manufacturer: QEMU
      modulePartNo: Not Specified
      memType: RAM
      size: 16
      clkspeed: 0
      moduleVoltage: 0
    DIMM 3:
      manufacturer: QEMU
      modulePartNo: Not Specified
      memType: RAM
      size: 16
      clkspeed: 0
      moduleVoltage: 0
    DIMM 4:
      manufacturer: QEMU
      modulePartNo: Not Specified
      memType: RAM
      size: 16
      clkspeed: 0
      moduleVoltage: 0
    DIMM 5:
      manufacturer: QEMU
      modulePartNo: Not Specified
      memType: RAM
      size: 16
      clkspeed: 0
      moduleVoltage: 0
    DIMM 6:
      manufacturer: QEMU
      modulePartNo: Not Specified
      memType: RAM
      size: 16
      clkspeed: 0
      moduleVoltage: 0
Checksum: 34298FB1804645825F3A075E9E3DF63DB178AA66