---
system-info:
      stress-ng-version: 0.17.08
      run-by: root
      date-yyyy-mm-dd: 2024:06:09
      time-hh-mm-ss: 16:23:23
      epoch-secs: 1717950203
      hostname: d09c2f2a112d
      sysname: Linux
      nodename: d09c2f2a112d
      release: 6.8.0-1008-aws
      version: '#8-Ubuntu SMP Sat Apr 20 02:43:14 UTC 2024'
      machine: aarch64
      compiler: 'musl-gcc 13.2.1'
      uptime: 139
      totalram: 66596831232
      freeram: 62032236544
      sharedram: 34996224
      bufferram: 109142016
      totalswap: 0
      freeswap: 0
      pagesize: 4096
      cpus: 8
      cpus-online: 8
      ticks-per-second: 100

metrics:
    - stressor: cpu
      bogo-ops: 2940
      bogo-ops-per-second-usr-sys-time: 292.712358
      bogo-ops-per-second-real-time: 292.717941
      wall-clock-time: 10.043798
      user-time: 10.042991
      system-time: 0.000999
      cpu-usage-per-instance: 100.001907
      max-rss: 4136

...
