---
system-info:
      stress-ng-version: 0.17.08
      run-by: root
      date-yyyy-mm-dd: 2024:06:15
      time-hh-mm-ss: 18:56:19
      epoch-secs: 1718477779
      hostname: ff8203db2ad2
      sysname: Linux
      nodename: ff8203db2ad2
      release: 6.8.0-1008-aws
      version: '#8-Ubuntu SMP Sat Apr 20 02:43:14 UTC 2024'
      machine: aarch64
      compiler: 'musl-gcc 13.2.1'
      uptime: 173
      totalram: 66596831232
      freeram: 62194421760
      sharedram: 34996224
      bufferram: 109801472
      totalswap: 0
      freeswap: 0
      pagesize: 4096
      cpus: 8
      cpus-online: 8
      ticks-per-second: 100

metrics:
    - stressor: cpu
      bogo-ops: 30394
      bogo-ops-per-second-usr-sys-time: 1519.713601
      bogo-ops-per-second-real-time: 1519.696558
      wall-clock-time: 20.000045
      user-time: 19.998822
      system-time: 0.000999
      cpu-usage-per-instance: 99.998879
      max-rss: 1192

...
