---
system-info:
      stress-ng-version: 0.17.08
      run-by: root
      date-yyyy-mm-dd: 2024:06:15
      time-hh-mm-ss: 09:42:01
      epoch-secs: 1718444521
      hostname: 2d5b330a3d3e
      sysname: Linux
      nodename: 2d5b330a3d3e
      release: 6.8.0-1008-aws
      version: '#8-Ubuntu SMP Sat Apr 20 02:43:14 UTC 2024'
      machine: aarch64
      compiler: 'musl-gcc 13.2.1'
      uptime: 132
      totalram: 134778200064
      freeram: 129810182144
      sharedram: 35504128
      bufferram: 107573248
      totalswap: 0
      freeswap: 0
      pagesize: 4096
      cpus: 64
      cpus-online: 64
      ticks-per-second: 100

metrics:
    - stressor: cpu
      bogo-ops: 30719
      bogo-ops-per-second-usr-sys-time: 1535.943472
      bogo-ops-per-second-real-time: 1535.945020
      wall-clock-time: 20.000065
      user-time: 20.000085
      system-time: 0.000000
      cpu-usage-per-instance: 100.000101
      max-rss: 512

...
