---
system-info:
      stress-ng-version: 0.17.08
      run-by: root
      date-yyyy-mm-dd: 2024:06:06
      time-hh-mm-ss: 15:55:48
      epoch-secs: 1717689348
      hostname: fa2cacc1afd1
      sysname: Linux
      nodename: fa2cacc1afd1
      release: 6.8.0-1008-aws
      version: '#8-Ubuntu SMP Sat Apr 20 02:43:14 UTC 2024'
      machine: aarch64
      compiler: 'musl-gcc 13.2.1'
      uptime: 115
      totalram: 134778200064
      freeram: 130041061376
      sharedram: 35504128
      bufferram: 84283392
      totalswap: 0
      freeswap: 0
      pagesize: 4096
      cpus: 64
      cpus-online: 64
      ticks-per-second: 100

metrics:
    - stressor: cpu
      bogo-ops: 4267
      bogo-ops-per-second-usr-sys-time: 425.756651
      bogo-ops-per-second-real-time: 425.757787
      wall-clock-time: 10.022130
      user-time: 10.022157
      system-time: 0.000000
      cpu-usage-per-instance: 100.000267
      max-rss: 3584

...
