---
system-info:
      stress-ng-version: 0.17.08
      run-by: root
      date-yyyy-mm-dd: 2024:07:26
      time-hh-mm-ss: 15:28:08
      epoch-secs: 1722007688
      hostname: c3d-highmem-180-lssd-504cf4c
      sysname: Linux
      nodename: c3d-highmem-180-lssd-504cf4c
      release: 6.8.0-1011-gcp
      version: '#12-Ubuntu SMP Wed Jul 10 21:47:53 UTC 2024'
      machine: x86_64
      compiler: 'musl-gcc 13.2.1'
      uptime: 155
      totalram: 1521439182848
      freeram: 1515161034752
      sharedram: 35840000
      bufferram: 139751424
      totalswap: 0
      freeswap: 0
      pagesize: 4096
      cpus: 180
      cpus-online: 180
      ticks-per-second: 100

metrics:
    - stressor: cpu
      bogo-ops: 61452
      bogo-ops-per-second-usr-sys-time: 3072.718607
      bogo-ops-per-second-real-time: 3072.588902
      wall-clock-time: 20.000072
      user-time: 19.999228
      system-time: 0.000000
      cpu-usage-per-instance: 99.995779
      max-rss: 0

...
