---
system-info:
      stress-ng-version: 0.17.08
      run-by: root
      date-yyyy-mm-dd: 2024:09:17
      time-hh-mm-ss: 23:18:13
      epoch-secs: 1726615093
      hostname: sc-runner
      sysname: Linux
      nodename: sc-runner
      release: 6.8.0-1014-azure
      version: '#16-Ubuntu SMP Thu Aug 15 20:04:41 UTC 2024'
      machine: x86_64
      compiler: 'musl-gcc 13.2.1'
      uptime: 510
      totalram: 464925908992
      freeram: 450554273792
      sharedram: 72159232
      bufferram: 308834304
      totalswap: 0
      freeswap: 0
      pagesize: 4096
      cpus: 48
      cpus-online: 48
      ticks-per-second: 100

metrics:
    - stressor: cpu
      bogo-ops: 2470828
      bogo-ops-per-second-usr-sys-time: 2575.704570
      bogo-ops-per-second-real-time: 123541.108155
      wall-clock-time: 20.000047
      user-time: 959.235402
      system-time: 0.046974
      cpu-usage-per-instance: 99.925011
      max-rss: 2876

...
