BaselineInfo:
  WebDBID: -1
  TimeStamp: 20241110031105
Version:
  Major: 11
  Minor: 0
  Build: 1002
  SpecialBuildName: ""
  ptArchitecture: x86_64_linux
Results:
  Results Complete: true
  NumTestProcesses: 24
  CPU_INTEGER_MATH: 101025.92366666668
  CPU_FLOATINGPOINT_MATH: 51649.297194615072
  CPU_PRIME: 222.98761081067596
  CPU_SORTING: 52460.176926200031
  CPU_ENCRYPTION: 21947.338795589374
  CPU_COMPRESSION: 368344.82675753132
  CPU_SINGLETHREAD: 2429.3394955403887
  CPU_PHYSICS: 3747.4144767387147
  CPU_MATRIX_MULT_SSE: 22848.845987629793
  CPU_mm: 2175.7414443062862
  CPU_sse: 9588.5655864532837
  CPU_fma: 26322.822981858779
  CPU_avx: 19437.195108565673
  CPU_avx512: 36046.800273641435
  m_CPU_enc_SHA: 22172760720.247429
  m_CPU_enc_AES: 33375214180.960037
  m_CPU_enc_ECDSA: 13492383273.564316
  ME_ALLOC_S: 12292.134484278389
  ME_READ_S: 24250.556054687499
  ME_READ_L: 13022.310546875
  ME_WRITE: 11702.6455078125
  ME_LARGE: 665997.08333333337
  ME_LATENCY: 50.903669320179233
  ME_THREADED: 154713.6982421875
  SUMM_CPU: 30451.252879685286
  SUMM_ME: 2894.7817131201796
SystemInformation:
  OSName: Ubuntu 24.04.1 LTS
  Kernel: 6.8.0-1017-azure
  Device: ""
  Processor: Intel Xeon Platinum 8370C CPU @ 2.80GHz
  NumSockets: 2
  Manufacturer: GenuineIntel
  NumCores: 12
  NumLogicals: 24
  CPUFrequency: 2800
  Memory: 677253
  MemModuleInfo:
    iNumMemSticks: 4
    DIMM 1:
      manufacturer: Microsoft Corporation
      modulePartNo: None
      memType: Unknown
      size: 1
      clkspeed: 0
      moduleVoltage: 0
    DIMM 2:
      manufacturer: Microsoft Corporation
      modulePartNo: None
      memType: Unknown
      size: 59
      clkspeed: 0
      moduleVoltage: 0
    DIMM 3:
      manufacturer: Microsoft Corporation
      modulePartNo: None
      memType: Unknown
      size: 276
      clkspeed: 0
      moduleVoltage: 0
    DIMM 4:
      manufacturer: Microsoft Corporation
      modulePartNo: None
      memType: Unknown
      size: 336
      clkspeed: 0
      moduleVoltage: 0
Checksum: EEA3335D0CFC6F0E85DCE1D76A817FCC909120E8