---
system-info:
      stress-ng-version: 0.17.08
      run-by: root
      date-yyyy-mm-dd: 2024:09:20
      time-hh-mm-ss: 13:17:48
      epoch-secs: 1726838268
      hostname: sc-runner
      sysname: Linux
      nodename: sc-runner
      release: 6.8.0-1014-azure
      version: '#16-Ubuntu SMP Thu Aug 15 20:04:41 UTC 2024'
      machine: x86_64
      compiler: 'musl-gcc 13.2.1'
      uptime: 407
      totalram: 33652326400
      freeram: 23441920000
      sharedram: 38105088
      bufferram: 253116416
      totalswap: 0
      freeswap: 0
      pagesize: 4096
      cpus: 4
      cpus-online: 4
      ticks-per-second: 100

metrics:
    - stressor: cpu
      bogo-ops: 54016
      bogo-ops-per-second-usr-sys-time: 2700.794868
      bogo-ops-per-second-real-time: 2700.794494
      wall-clock-time: 20.000041
      user-time: 19.999038
      system-time: 0.001000
      cpu-usage-per-instance: 99.999986
      max-rss: 3152

...
