BaselineInfo:
  WebDBID: -1
  TimeStamp: 20260619111737
Version:
  Major: 11
  Minor: 0
  Build: 1004
  SpecialBuildName: ""
  ptArchitecture: x86_64_linux
Results:
  Results Complete: true
  NumTestProcesses: 48
  CPU_INTEGER_MATH: 167314.07966666666
  CPU_FLOATINGPOINT_MATH: 89754.535229338886
  CPU_PRIME: 183.44197407537251
  CPU_SORTING: 87713.411223741772
  CPU_ENCRYPTION: 20613.187448253455
  CPU_COMPRESSION: 717625.50534710125
  CPU_SINGLETHREAD: 2350.8324232651207
  CPU_PHYSICS: 2728.8719787848877
  CPU_MATRIX_MULT_SSE: 42467.349887693497
  CPU_mm: 4388.3623320800707
  CPU_sse: 15851.438199280206
  CPU_fma: 49919.607329573802
  CPU_avx: 36099.155109569969
  CPU_avx512: 67999.198912349995
  m_CPU_enc_SHA: 6897098774.0161133
  m_CPU_enc_AES: 51718590508.660423
  m_CPU_enc_ECDSA: 6227791642.5429134
  ME_ALLOC_S: 17366.066642081256
  ME_READ_S: 26262.047265624999
  ME_READ_L: 10681.640625
  ME_WRITE: 10231.76171875
  ME_LARGE: 179534.41666666666
  ME_LATENCY: 50.120550628997499
  ME_THREADED: 130112.68798828125
  SUMM_CPU: 41011.17910847834
  SUMM_ME: 2786.2025261880854
SystemInformation:
  OSName: Ubuntu 24.04.4 LTS
  Kernel: 6.8.0-117-generic
  Device: ""
  Processor: Intel(R) Xeon(R) Platinum 8369HC CPU @ 3.30GHz
  NumSockets: 1
  Manufacturer: GenuineIntel
  NumCores: 24
  NumLogicals: 48
  CPUFrequency: 3400
  CPUMaxFrequency: 4200
  Memory: 189645
  CPUInfo:
    number: 1
    Family: 6
    Model: 5
    stepping: 11
    features: 529267711
    manufacture: GenuineIntel
    typestring: Intel(R) Xeon(R) Platinum 8369HC CPU @ 3.30GHz
    iCoresPerPackage: 24
    iThreadsPerPackage: 2
    featuresEx:
      - 529267711
      - 4277809667
      - 739248128
    bHybrid: false
    nPCore: 0
    nLogicalsPerPCore: 0
    nECore: 0
    nLogicalsPerECore: 0
  MemModuleInfo:
    iNumMemSticks: 12
    DIMM 1:
      manufacturer: Alibaba Cloud
      modulePartNo: Not Specified
      memType: RAM
      size: 16
      clkspeed: 0
      moduleVoltage: 0
    DIMM 2:
      manufacturer: Alibaba Cloud
      modulePartNo: Not Specified
      memType: RAM
      size: 16
      clkspeed: 0
      moduleVoltage: 0
    DIMM 3:
      manufacturer: Alibaba Cloud
      modulePartNo: Not Specified
      memType: RAM
      size: 16
      clkspeed: 0
      moduleVoltage: 0
    DIMM 4:
      manufacturer: Alibaba Cloud
      modulePartNo: Not Specified
      memType: RAM
      size: 16
      clkspeed: 0
      moduleVoltage: 0
    DIMM 5:
      manufacturer: Alibaba Cloud
      modulePartNo: Not Specified
      memType: RAM
      size: 16
      clkspeed: 0
      moduleVoltage: 0
    DIMM 6:
      manufacturer: Alibaba Cloud
      modulePartNo: Not Specified
      memType: RAM
      size: 16
      clkspeed: 0
      moduleVoltage: 0
    DIMM 7:
      manufacturer: Alibaba Cloud
      modulePartNo: Not Specified
      memType: RAM
      size: 16
      clkspeed: 0
      moduleVoltage: 0
    DIMM 8:
      manufacturer: Alibaba Cloud
      modulePartNo: Not Specified
      memType: RAM
      size: 16
      clkspeed: 0
      moduleVoltage: 0
    DIMM 9:
      manufacturer: Alibaba Cloud
      modulePartNo: Not Specified
      memType: RAM
      size: 16
      clkspeed: 0
      moduleVoltage: 0
    DIMM 10:
      manufacturer: Alibaba Cloud
      modulePartNo: Not Specified
      memType: RAM
      size: 16
      clkspeed: 0
      moduleVoltage: 0
    DIMM 11:
      manufacturer: Alibaba Cloud
      modulePartNo: Not Specified
      memType: RAM
      size: 16
      clkspeed: 0
      moduleVoltage: 0
    DIMM 12:
      manufacturer: Alibaba Cloud
      modulePartNo: Not Specified
      memType: RAM
      size: 16
      clkspeed: 0
      moduleVoltage: 0
Checksum: 416EEB37610CFFCC7AFE9CA3E8F730B4013FA17B