---
system-info:
      stress-ng-version: 0.17.08
      run-by: root
      date-yyyy-mm-dd: 2024:07:03
      time-hh-mm-ss: 10:16:31
      epoch-secs: 1720001791
      hostname: c2d-highmem-112-6d2063a
      sysname: Linux
      nodename: c2d-highmem-112-6d2063a
      release: 6.8.0-1009-gcp
      version: '#10-Ubuntu SMP Wed Jun 12 18:52:23 UTC 2024'
      machine: x86_64
      compiler: 'musl-gcc 13.2.1'
      uptime: 174
      totalram: 946877472768
      freeram: 940239859712
      sharedram: 68968448
      bufferram: 132648960
      totalswap: 0
      freeswap: 0
      pagesize: 4096
      cpus: 112
      cpus-online: 112
      ticks-per-second: 100

metrics:
    - stressor: cpu
      bogo-ops: 58069
      bogo-ops-per-second-usr-sys-time: 2903.533622
      bogo-ops-per-second-real-time: 2903.443285
      wall-clock-time: 20.000046
      user-time: 19.999424
      system-time: 0.000000
      cpu-usage-per-instance: 99.996889
      max-rss: 0

...
