BaselineInfo:
  WebDBID: -1
  TimeStamp: 20260405085209
Version:
  Major: 11
  Minor: 0
  Build: 1004
  SpecialBuildName: ""
  ptArchitecture: x86_64_linux
Results:
  Results Complete: true
  NumTestProcesses: 64
  CPU_INTEGER_MATH: 269784.42733333335
  CPU_FLOATINGPOINT_MATH: 137925.51144046866
  CPU_PRIME: 253.28849402729242
  CPU_SORTING: 118173.0617969678
  CPU_ENCRYPTION: 52875.766460726118
  CPU_COMPRESSION: 903724.60962808144
  CPU_SINGLETHREAD: 2369.204055227251
  CPU_PHYSICS: 4122.8867670177151
  CPU_MATRIX_MULT_SSE: 51329.927728652867
  CPU_mm: 5222.1277254572497
  CPU_sse: 22240.787461023087
  CPU_fma: 59016.671516106726
  CPU_avx: 45656.741230602907
  CPU_avx512: 78405.510706878777
  m_CPU_enc_SHA: 54476318603.896896
  m_CPU_enc_AES: 78973102074.422348
  m_CPU_enc_ECDSA: 32883358398.647839
  ME_ALLOC_S: 25410.402270668445
  ME_READ_S: 23332.698437499999
  ME_READ_L: 11182.3095703125
  ME_WRITE: 10617.1884765625
  ME_LARGE: 44848.5
  ME_LATENCY: 59.408113631035889
  ME_THREADED: 166340.95922851562
  SUMM_CPU: 56038.368123365624
  SUMM_ME: 2549.4818128318288
SystemInformation:
  OSName: Ubuntu 24.04.4 LTS
  Kernel: 6.8.0-106-generic
  Device: ""
  Processor: Intel(R) Xeon(R) Platinum 8369B CPU @ 2.70GHz
  NumSockets: 1
  Manufacturer: GenuineIntel
  NumCores: 32
  NumLogicals: 64
  CPUFrequency: 0
  CPUMaxFrequency: 0
  Memory: 59831
  CPUInfo:
    number: 1
    Family: 6
    Model: 10
    stepping: 6
    features: 529267711
    manufacture: GenuineIntel
    typestring: Intel(R) Xeon(R) Platinum 8369B CPU @ 2.70GHz
    iCoresPerPackage: 32
    iThreadsPerPackage: 2
    featuresEx:
      - 529267711
      - 4277809667
      - 739248128
    bHybrid: false
    nPCore: 0
    nLogicalsPerPCore: 0
    nECore: 0
    nLogicalsPerECore: 0
  MemModuleInfo:
    iNumMemSticks: 4
    DIMM 1:
      manufacturer: Alibaba Cloud
      modulePartNo: Not Specified
      memType: RAM
      size: 16
      clkspeed: 0
      moduleVoltage: 0
    DIMM 2:
      manufacturer: Alibaba Cloud
      modulePartNo: Not Specified
      memType: RAM
      size: 16
      clkspeed: 0
      moduleVoltage: 0
    DIMM 3:
      manufacturer: Alibaba Cloud
      modulePartNo: Not Specified
      memType: RAM
      size: 16
      clkspeed: 0
      moduleVoltage: 0
    DIMM 4:
      manufacturer: Alibaba Cloud
      modulePartNo: Not Specified
      memType: RAM
      size: 16
      clkspeed: 0
      moduleVoltage: 0
Checksum: 983DB352CF4A196C8F2461EB9F43C60AC3C18D87