---
system-info:
      stress-ng-version: 0.17.08
      run-by: root
      date-yyyy-mm-dd: 2024:07:03
      time-hh-mm-ss: 09:14:25
      epoch-secs: 1719998065
      hostname: c3d-standard-90-f360092
      sysname: Linux
      nodename: c3d-standard-90-f360092
      release: 6.8.0-1009-gcp
      version: '#10-Ubuntu SMP Wed Jun 12 18:52:23 UTC 2024'
      machine: x86_64
      compiler: 'musl-gcc 13.2.1'
      uptime: 119
      totalram: 380151451648
      freeram: 374571278336
      sharedram: 35725312
      bufferram: 130412544
      totalswap: 0
      freeswap: 0
      pagesize: 4096
      cpus: 90
      cpus-online: 90
      ticks-per-second: 100

metrics:
    - stressor: cpu
      bogo-ops: 2584405
      bogo-ops-per-second-usr-sys-time: 1436.514917
      bogo-ops-per-second-real-time: 129219.864210
      wall-clock-time: 20.000060
      user-time: 1799.033846
      system-time: 0.045975
      cpu-usage-per-instance: 99.948581
      max-rss: 720

...
