BaselineInfo:
  WebDBID: -1
  TimeStamp: 20241115110154
Version:
  Major: 11
  Minor: 0
  Build: 1002
  SpecialBuildName: ""
  ptArchitecture: aarch64_linux
Results:
  Results Complete: true
  NumTestProcesses: 1
  CPU_INTEGER_MATH: 4629.791666666667
  CPU_FLOATINGPOINT_MATH: 3516.7798229887489
  CPU_PRIME: 8.9357612391911392
  CPU_SORTING: 3290.6990777640112
  CPU_ENCRYPTION: 154.93125107933585
  CPU_COMPRESSION: 4692.5573667191657
  CPU_SINGLETHREAD: 1200.2459477414736
  CPU_PHYSICS: 190.17171065532818
  CPU_MATRIX_MULT_SSE: 732.12914907085963
  CPU_mm: 122.0115179332784
  CPU_sse: 613.62911361046201
  CPU_fma: 850.62918453125724
  CPU_avx: 0
  CPU_avx512: 0
  m_CPU_enc_SHA: 238034266.22638881
  m_CPU_enc_AES: 111266930.4382039
  m_CPU_enc_ECDSA: 138070377.9307043
  ME_ALLOC_S: 702.90823929883345
  ME_READ_S: 11018.61220703125
  ME_READ_L: 8649.279296875
  ME_WRITE: 14509.0810546875
  ME_LARGE: 520.08333333333337
  ME_LATENCY: 72.38933345876994
  ME_THREADED: 8727.8818359375
  SUMM_CPU: 766.57029821257277
  SUMM_ME: 745.19762920274729
SystemInformation:
  OSName: Ubuntu 24.04.1 LTS
  Kernel: 6.8.0-1015-gcp
  Device: ""
  Processor: ARM Neoverse-N1 1 Core 0 MHz
  NumSockets: 1
  Manufacturer: ARM
  NumCores: 1
  NumLogicals: 1
  CPUFrequency: 0
  Memory: 3902
Checksum: 313C4617E015B31ADBBD7AAC435ED7F6D2B252D3