BaselineInfo:
  WebDBID: -1
  TimeStamp: 20241106225536
Version:
  Major: 11
  Minor: 0
  Build: 1002
  SpecialBuildName: ""
  ptArchitecture: aarch64_linux
Results:
  Results Complete: true
  NumTestProcesses: 1
  CPU_INTEGER_MATH: 4635.2823333333326
  CPU_FLOATINGPOINT_MATH: 3512.2090629132963
  CPU_PRIME: 9.2678218292286587
  CPU_SORTING: 3310.9984152025281
  CPU_ENCRYPTION: 155.83916350681409
  CPU_COMPRESSION: 4709.4895817248662
  CPU_SINGLETHREAD: 1202.6485221159639
  CPU_PHYSICS: 193.44189904233593
  CPU_MATRIX_MULT_SSE: 730.1544319045737
  CPU_mm: 122.59471567737545
  CPU_sse: 608.99863787304662
  CPU_fma: 851.31022593610078
  CPU_avx: 0
  CPU_avx512: 0
  m_CPU_enc_SHA: 241327066.40654317
  m_CPU_enc_AES: 111220891.74894692
  m_CPU_enc_ECDSA: 137679661.98447314
  ME_ALLOC_S: 715.37368285292246
  ME_READ_S: 11091.666015625
  ME_READ_L: 9137.3857421875
  ME_WRITE: 14315.6484375
  ME_LARGE: 542.58333333333337
  ME_LATENCY: 71.260660568489882
  ME_THREADED: 9140.68359375
  SUMM_CPU: 769.90475661546668
  SUMM_ME: 769.31527310944114
SystemInformation:
  OSName: Ubuntu 24.04.1 LTS
  Kernel: 6.8.0-1015-gcp
  Device: ""
  Processor: ARM Neoverse-N1 1 Core 0 MHz
  NumSockets: 1
  Manufacturer: ARM
  NumCores: 1
  NumLogicals: 1
  CPUFrequency: 0
  Memory: 3902
Checksum: 7FCB9B770CEDC13EDB897A02CD95386AB14A99CE