BaselineInfo:
  WebDBID: -1
  TimeStamp: 20241114175947
Version:
  Major: 11
  Minor: 0
  Build: 1002
  SpecialBuildName: ""
  ptArchitecture: aarch64_linux
Results:
  Results Complete: true
  NumTestProcesses: 1
  CPU_INTEGER_MATH: 4636.0159999999996
  CPU_FLOATINGPOINT_MATH: 3521.3232339299493
  CPU_PRIME: 9.2546028334919495
  CPU_SORTING: 3329.4644662133242
  CPU_ENCRYPTION: 156.40243731775342
  CPU_COMPRESSION: 4715.251200615945
  CPU_SINGLETHREAD: 1206.9968238914112
  CPU_PHYSICS: 194.64254631145513
  CPU_MATRIX_MULT_SSE: 731.525188517272
  CPU_mm: 122.84049116326004
  CPU_sse: 610.27765041188673
  CPU_fma: 852.77272662265716
  CPU_avx: 0
  CPU_avx512: 0
  m_CPU_enc_SHA: 237925611.60539693
  m_CPU_enc_AES: 110159440.37188613
  m_CPU_enc_ECDSA: 143914474.36141875
  ME_ALLOC_S: 709.52598137994141
  ME_READ_S: 11080.72421875
  ME_READ_L: 8788.6728515625
  ME_WRITE: 14666.09765625
  ME_LARGE: 552
  ME_LATENCY: 71.30067963845319
  ME_THREADED: 8804.4169921875
  SUMM_CPU: 771.7556487004407
  SUMM_ME: 770.31751758537348
SystemInformation:
  OSName: Ubuntu 24.04.1 LTS
  Kernel: 6.8.0-1015-gcp
  Device: ""
  Processor: ARM Neoverse-N1 1 Core 0 MHz
  NumSockets: 1
  Manufacturer: ARM
  NumCores: 1
  NumLogicals: 1
  CPUFrequency: 0
  Memory: 3902
Checksum: 912F0B20BE239ABA9338E802F29F258789B2E8AC