BaselineInfo:
  WebDBID: -1
  TimeStamp: 20241109235552
Version:
  Major: 11
  Minor: 0
  Build: 1002
  SpecialBuildName: ""
  ptArchitecture: x86_64_linux
Results:
  Results Complete: true
  NumTestProcesses: 64
  CPU_INTEGER_MATH: 268459.63833333342
  CPU_FLOATINGPOINT_MATH: 137256.19515932354
  CPU_PRIME: 267.77632858106995
  CPU_SORTING: 122717.78110826018
  CPU_ENCRYPTION: 55427.95451530219
  CPU_COMPRESSION: 948555.80465507403
  CPU_SINGLETHREAD: 2423.7997994217603
  CPU_PHYSICS: 4263.8277957509044
  CPU_MATRIX_MULT_SSE: 53507.48389640556
  CPU_mm: 5417.3601395607257
  CPU_sse: 23579.347999795416
  CPU_fma: 62523.423876820918
  CPU_avx: 48357.240421553957
  CPU_avx512: 79569.923287451893
  m_CPU_enc_SHA: 57535778830.578674
  m_CPU_enc_AES: 82111781669.467346
  m_CPU_enc_ECDSA: 34713708001.466454
  ME_ALLOC_S: 26317.044686020923
  ME_READ_S: 23694.837304687499
  ME_READ_L: 11348.1103515625
  ME_WRITE: 10336.44140625
  ME_LARGE: 495608.08333333331
  ME_LATENCY: 59.307718090728088
  ME_THREADED: 166774.578125
  SUMM_CPU: 57600.734657108376
  SUMM_ME: 2602.0322791923973
SystemInformation:
  OSName: Ubuntu 24.04.1 LTS
  Kernel: 6.8.0-1016-aws
  Device: ""
  Processor: Intel Xeon Platinum 8375C CPU @ 2.90GHz
  NumSockets: 1
  Manufacturer: GenuineIntel
  NumCores: 32
  NumLogicals: 64
  CPUFrequency: 0
  Memory: 507671
  MemModuleInfo:
    iNumMemSticks: 1
    DIMM 1:
      manufacturer: Not Specified
      modulePartNo: Not Specified
      memType: DDR4
      size: 512
      clkspeed: 1600
      moduleVoltage: 0
Checksum: B207D4FBC1540718756A47CBC9453E34955F9F3E