---
system-info:
      stress-ng-version: 0.17.08
      run-by: root
      date-yyyy-mm-dd: 2024:06:21
      time-hh-mm-ss: 07:13:04
      epoch-secs: 1718953984
      hostname: de308e4bf720
      sysname: Linux
      nodename: de308e4bf720
      release: 6.8.0-1008-gcp
      version: '#9-Ubuntu SMP Wed May 22 18:09:04 UTC 2024'
      machine: x86_64
      compiler: 'musl-gcc 13.2.1'
      uptime: 189
      totalram: 7476600832
      freeram: 2352984064
      sharedram: 48623616
      bufferram: 134791168
      totalswap: 0
      freeswap: 0
      pagesize: 4096
      cpus: 8
      cpus-online: 8
      ticks-per-second: 100

metrics:
    - stressor: cpu
      bogo-ops: 22119
      bogo-ops-per-second-usr-sys-time: 1106.063703
      bogo-ops-per-second-real-time: 1105.938477
      wall-clock-time: 20.000208
      user-time: 19.997944
      system-time: 0.000000
      cpu-usage-per-instance: 99.988678
      max-rss: 1104

...
