BaselineInfo:
  WebDBID: -1
  TimeStamp: 20250116110018
Version:
  Major: 11
  Minor: 0
  Build: 1002
  SpecialBuildName: ""
  ptArchitecture: x86_64_linux
Results:
  Results Complete: true
  NumTestProcesses: 4
  CPU_INTEGER_MATH: 21408.251333333334
  CPU_FLOATINGPOINT_MATH: 17195.695361227627
  CPU_PRIME: 56.345528128812411
  CPU_SORTING: 11425.365622033292
  CPU_ENCRYPTION: 2549.6350935259607
  CPU_COMPRESSION: 97676.350894530406
  CPU_SINGLETHREAD: 2764.8782351565419
  CPU_PHYSICS: 929.42442973461414
  CPU_MATRIX_MULT_SSE: 7350.305619637581
  CPU_mm: 997.98615729140499
  CPU_sse: 3669.131381751075
  CPU_fma: 11325.868954866932
  CPU_avx: 7055.9165222947358
  CPU_avx512: 0
  m_CPU_enc_SHA: 1402219364.5903687
  m_CPU_enc_AES: 5384401555.2403507
  m_CPU_enc_ECDSA: 1233837583.6565132
  ME_ALLOC_S: 4031.3706616279692
  ME_READ_S: 31292.637500000001
  ME_READ_L: 15398.9521484375
  ME_WRITE: 13145.3359375
  ME_LARGE: 6696
  ME_LATENCY: 34.332962879617206
  ME_THREADED: 28375.52099609375
  SUMM_CPU: 7964.8793603099448
  SUMM_ME: 2819.2638152985369
SystemInformation:
  OSName: Ubuntu 24.04.1 LTS
  Kernel: 6.8.0-1020-azure
  Device: ""
  Processor: Intel Xeon E-2288G CPU @ 3.70GHz
  NumSockets: 1
  Manufacturer: GenuineIntel
  NumCores: 4
  NumLogicals: 4
  CPUFrequency: 0
  Memory: 15989
  MemModuleInfo:
    iNumMemSticks: 4
    DIMM 1:
      manufacturer: Microsoft Corporation
      modulePartNo: None
      memType: Unknown
      size: 1
      clkspeed: 0
      moduleVoltage: 0
    DIMM 2:
      manufacturer: Microsoft Corporation
      modulePartNo: None
      memType: Unknown
      size: 15
      clkspeed: 0
      moduleVoltage: 0
    DIMM 3:
      manufacturer: Microsoft Corporation
      modulePartNo: None
      memType: Unknown
      size: 110
      clkspeed: 0
      moduleVoltage: 0
    DIMM 4:
      manufacturer: Microsoft Corporation
      modulePartNo: None
      memType: Unknown
      size: 2
      clkspeed: 0
      moduleVoltage: 0
Checksum: 01CF914695FBE4C5EE71F004A998928086D0D391