---
system-info:
      stress-ng-version: 0.17.08
      run-by: root
      date-yyyy-mm-dd: 2024:06:15
      time-hh-mm-ss: 16:26:44
      epoch-secs: 1718468804
      hostname: 293ac3470f57
      sysname: Linux
      nodename: 293ac3470f57
      release: 6.8.0-1008-aws
      version: '#8-Ubuntu SMP Sat Apr 20 00:46:25 UTC 2024'
      machine: x86_64
      compiler: 'musl-gcc 13.2.1'
      uptime: 190
      totalram: 33355460608
      freeram: 28990283776
      sharedram: 11636736
      bufferram: 110723072
      totalswap: 0
      freeswap: 0
      pagesize: 4096
      cpus: 4
      cpus-online: 4
      ticks-per-second: 100

metrics:
    - stressor: cpu
      bogo-ops: 11810
      bogo-ops-per-second-usr-sys-time: 590.490523
      bogo-ops-per-second-real-time: 590.492208
      wall-clock-time: 20.000264
      user-time: 19.999321
      system-time: 0.001000
      cpu-usage-per-instance: 100.000285
      max-rss: 1104

...
