---
system-info:
      stress-ng-version: 0.17.08
      run-by: root
      date-yyyy-mm-dd: 2024:06:09
      time-hh-mm-ss: 13:56:43
      epoch-secs: 1717941403
      hostname: 999b8966ea90
      sysname: Linux
      nodename: 999b8966ea90
      release: 6.8.0-1008-aws
      version: '#8-Ubuntu SMP Sat Apr 20 00:46:25 UTC 2024'
      machine: x86_64
      compiler: 'musl-gcc 13.2.1'
      uptime: 170
      totalram: 33355460608
      freeram: 28916310016
      sharedram: 11636736
      bufferram: 108777472
      totalswap: 0
      freeswap: 0
      pagesize: 4096
      cpus: 4
      cpus-online: 4
      ticks-per-second: 100

metrics:
    - stressor: cpu
      bogo-ops: 9890
      bogo-ops-per-second-usr-sys-time: 988.476700
      bogo-ops-per-second-real-time: 988.481474
      wall-clock-time: 10.005246
      user-time: 10.003294
      system-time: 0.002000
      cpu-usage-per-instance: 100.000483
      max-rss: 3792

...
