---
system-info:
      stress-ng-version: 0.17.08
      run-by: root
      date-yyyy-mm-dd: 2024:07:02
      time-hh-mm-ss: 10:15:42
      epoch-secs: 1719915342
      hostname: n1-highcpu-32-ffa6d2d
      sysname: Linux
      nodename: n1-highcpu-32-ffa6d2d
      release: 6.8.0-1009-gcp
      version: '#10-Ubuntu SMP Wed Jun 12 18:52:23 UTC 2024'
      machine: x86_64
      compiler: 'musl-gcc 13.2.1'
      uptime: 192
      totalram: 30259875840
      freeram: 24734519296
      sharedram: 48697344
      bufferram: 128040960
      totalswap: 0
      freeswap: 0
      pagesize: 4096
      cpus: 32
      cpus-online: 32
      ticks-per-second: 100

metrics:
    - stressor: cpu
      bogo-ops: 22309
      bogo-ops-per-second-usr-sys-time: 1115.479616
      bogo-ops-per-second-real-time: 1115.443870
      wall-clock-time: 20.000110
      user-time: 19.999469
      system-time: 0.000000
      cpu-usage-per-instance: 99.996795
      max-rss: 1032

...
