BaselineInfo:
  WebDBID: -1
  TimeStamp: 20250614191954
Version:
  Major: 11
  Minor: 0
  Build: 1002
  SpecialBuildName: ""
  ptArchitecture: x86_64_linux
Results:
  Results Complete: true
  NumTestProcesses: 48
  CPU_INTEGER_MATH: 228189.10099999997
  CPU_FLOATINGPOINT_MATH: 161702.87496340123
  CPU_PRIME: 469.14501638630571
  CPU_SORTING: 111992.31893097484
  CPU_ENCRYPTION: 50245.667491058906
  CPU_COMPRESSION: 818219.81326911028
  CPU_SINGLETHREAD: 2922.057619420872
  CPU_PHYSICS: 9653.3947331859836
  CPU_MATRIX_MULT_SSE: 65939.099002194649
  CPU_mm: 6501.4926107842175
  CPU_sse: 28088.112486300062
  CPU_fma: 72530.947009003823
  CPU_avx: 58095.275412422547
  CPU_avx512: 105042.06110105215
  m_CPU_enc_SHA: 53104554927.862343
  m_CPU_enc_AES: 69207197647.575607
  m_CPU_enc_ECDSA: 35747450529.875801
  ME_ALLOC_S: 25789.771196461093
  ME_READ_S: 25914.281445312499
  ME_READ_L: 9928.1767578125
  ME_WRITE: 9349.75390625
  ME_LARGE: 375818.58333333331
  ME_LATENCY: 58.847722687434924
  ME_THREADED: 246761.302734375
  SUMM_CPU: 63100.841123789942
  SUMM_ME: 2563.8501903891843
SystemInformation:
  OSName: Ubuntu 24.04.2 LTS
  Kernel: 6.11.0-1015-azure
  Device: ""
  Processor: INTEL XEON PLATINUM 8573C
  NumSockets: 1
  Manufacturer: GenuineIntel
  NumCores: 24
  NumLogicals: 48
  CPUFrequency: 2300
  Memory: 386752
  MemModuleInfo:
    iNumMemSticks: 3
    DIMM 1:
      manufacturer: Microsoft Corporation
      modulePartNo: None
      memType: Unknown
      size: 1
      clkspeed: 0
      moduleVoltage: 0
    DIMM 2:
      manufacturer: Microsoft Corporation
      modulePartNo: None
      memType: Unknown
      size: 59
      clkspeed: 0
      moduleVoltage: 0
    DIMM 3:
      manufacturer: Microsoft Corporation
      modulePartNo: None
      memType: Unknown
      size: 324
      clkspeed: 0
      moduleVoltage: 0
Checksum: 2E481432B17E78699D43C04A27914AD3F0F5B5C9