---
system-info:
      stress-ng-version: 0.17.08
      run-by: root
      date-yyyy-mm-dd: 2024:06:15
      time-hh-mm-ss: 18:42:36
      epoch-secs: 1718476956
      hostname: 75573c8c8ea8
      sysname: Linux
      nodename: 75573c8c8ea8
      release: 6.8.0-1008-aws
      version: '#8-Ubuntu SMP Sat Apr 20 00:46:25 UTC 2024'
      machine: x86_64
      compiler: 'musl-gcc 13.2.1'
      uptime: 157
      totalram: 32912957440
      freeram: 28597305344
      sharedram: 11624448
      bufferram: 109969408
      totalswap: 0
      freeswap: 0
      pagesize: 4096
      cpus: 4
      cpus-online: 4
      ticks-per-second: 100

metrics:
    - stressor: cpu
      bogo-ops: 59810
      bogo-ops-per-second-usr-sys-time: 2990.607662
      bogo-ops-per-second-real-time: 2990.488450
      wall-clock-time: 20.000077
      user-time: 19.998281
      system-time: 0.000999
      cpu-usage-per-instance: 99.996014
      max-rss: 976

...
