---
system-info:
      stress-ng-version: 0.17.08
      run-by: root
      date-yyyy-mm-dd: 2024:06:09
      time-hh-mm-ss: 15:55:15
      epoch-secs: 1717948515
      hostname: 98420b9c6ae1
      sysname: Linux
      nodename: 98420b9c6ae1
      release: 6.8.0-1008-aws
      version: '#8-Ubuntu SMP Sat Apr 20 00:46:25 UTC 2024'
      machine: x86_64
      compiler: 'musl-gcc 13.2.1'
      uptime: 121
      totalram: 32912961536
      freeram: 28450820096
      sharedram: 11624448
      bufferram: 109748224
      totalswap: 0
      freeswap: 0
      pagesize: 4096
      cpus: 4
      cpus-online: 4
      ticks-per-second: 100

metrics:
    - stressor: cpu
      bogo-ops: 17035
      bogo-ops-per-second-usr-sys-time: 1703.120885
      bogo-ops-per-second-real-time: 1703.079418
      wall-clock-time: 10.002470
      user-time: 10.002226
      system-time: 0.000000
      cpu-usage-per-instance: 99.997565
      max-rss: 3920

...
