BaselineInfo:
  WebDBID: -1
  TimeStamp: 20250828182708
Version:
  Major: 11
  Minor: 0
  Build: 1002
  SpecialBuildName: ""
  ptArchitecture: x86_64_linux
Results:
  Results Complete: true
  NumTestProcesses: 2
  CPU_INTEGER_MATH: 10271.309666666668
  CPU_FLOATINGPOINT_MATH: 7449.8278910604158
  CPU_PRIME: 21.573661699302498
  CPU_SORTING: 5383.6552829306129
  CPU_ENCRYPTION: 2281.2752957689686
  CPU_COMPRESSION: 40766.728785953674
  CPU_SINGLETHREAD: 3237.3541912601072
  CPU_PHYSICS: 493.15151015647029
  CPU_MATRIX_MULT_SSE: 2757.4336636087469
  CPU_mm: 307.36646882728405
  CPU_sse: 1255.788187988207
  CPU_fma: 3265.3215477533049
  CPU_avx: 2660.8945944176221
  CPU_avx512: 3847.7303242758526
  m_CPU_enc_SHA: 2385287406.2414036
  m_CPU_enc_AES: 3110647292.3473501
  m_CPU_enc_ECDSA: 1680336875.0199718
  ME_ALLOC_S: 1642.8370765820275
  ME_READ_S: 27994.990624999999
  ME_READ_L: 16739.59765625
  ME_WRITE: 12725.421875
  ME_LARGE: 1165.5
  ME_LATENCY: 66.844266638136773
  ME_THREADED: 21985.98828125
  SUMM_CPU: 4085.9056352107573
  SUMM_ME: 1398.5977815644469
SystemInformation:
  OSName: Ubuntu 24.04.2 LTS
  Kernel: 6.14.0-1011-aws
  Device: ""
  Processor: Intel Xeon 6975P-C
  NumSockets: 1
  Manufacturer: GenuineIntel
  NumCores: 1
  NumLogicals: 2
  CPUFrequency: 0
  Memory: 7781
  MemModuleInfo:
    iNumMemSticks: 1
    DIMM 1:
      manufacturer: Not Specified
      modulePartNo: Not Specified
      memType: DDR5
      size: 8
      clkspeed: 3600
      moduleVoltage: 0
Checksum: 72A68525AD0398FFBD3778CCD9CE69C86C325CFD