BaselineInfo:
  WebDBID: -1
  TimeStamp: 20241109094255
Version:
  Major: 11
  Minor: 0
  Build: 1002
  SpecialBuildName: ""
  ptArchitecture: x86_64_linux
Results:
  Results Complete: true
  NumTestProcesses: 48
  CPU_INTEGER_MATH: 135804.23233333335
  CPU_FLOATINGPOINT_MATH: 72616.403934901406
  CPU_PRIME: 160.92730041050876
  CPU_SORTING: 68574.012883792428
  CPU_ENCRYPTION: 18522.503748863441
  CPU_COMPRESSION: 589138.45452035498
  CPU_SINGLETHREAD: 1950.908678099441
  CPU_PHYSICS: 2418.6064185056066
  CPU_MATRIX_MULT_SSE: 36933.13533122142
  CPU_mm: 4032.2758796961512
  CPU_sse: 14806.590469876441
  CPU_fma: 43705.489389062961
  CPU_avx: 30839.01285913934
  CPU_avx512: 58381.448606806887
  m_CPU_enc_SHA: 6087039146.7554846
  m_CPU_enc_AES: 46735765985.245277
  m_CPU_enc_ECDSA: 5443953540.9039326
  ME_ALLOC_S: 15429.847756143206
  ME_READ_S: 23693.051367187501
  ME_READ_L: 10443.79296875
  ME_WRITE: 10075.62890625
  ME_LARGE: 177716.16666666666
  ME_LATENCY: 52.107579201832642
  ME_THREADED: 111046.33740234375
  SUMM_CPU: 34393.147923461955
  SUMM_ME: 2653.8069464676473
SystemInformation:
  OSName: Ubuntu 24.04.1 LTS
  Kernel: 6.8.0-1016-aws
  Device: ""
  Processor: Intel Xeon Platinum 8175M CPU @ 2.50GHz
  NumSockets: 1
  Manufacturer: GenuineIntel
  NumCores: 24
  NumLogicals: 48
  CPUFrequency: 0
  Memory: 189148
  MemModuleInfo:
    iNumMemSticks: 1
    DIMM 1:
      manufacturer: Not Specified
      modulePartNo: Not Specified
      memType: DDR4
      size: 192
      clkspeed: 1333
      moduleVoltage: 0
Checksum: 5247FFE670167FC72E329836ADD32650F6CBC598