BaselineInfo:
  WebDBID: -1
  TimeStamp: 20241109125855
Version:
  Major: 11
  Minor: 0
  Build: 1002
  SpecialBuildName: ""
  ptArchitecture: x86_64_linux
Results:
  Results Complete: true
  NumTestProcesses: 32
  CPU_INTEGER_MATH: 130743.25766666663
  CPU_FLOATINGPOINT_MATH: 111469.81259539507
  CPU_PRIME: 302.08322889571423
  CPU_SORTING: 78380.224970686293
  CPU_ENCRYPTION: 16804.6165199389
  CPU_COMPRESSION: 662267.45922480163
  CPU_SINGLETHREAD: 2103.5299401462125
  CPU_PHYSICS: 4230.9646294009863
  CPU_MATRIX_MULT_SSE: 50101.331845539287
  CPU_mm: 6035.4442996938214
  CPU_sse: 23193.354395556958
  CPU_fma: 65467.565089586235
  CPU_avx: 44529.759385321115
  CPU_avx512: 67214.648511692867
  m_CPU_enc_SHA: 9240818348.6223793
  m_CPU_enc_AES: 35507770686.376999
  m_CPU_enc_ECDSA: 8114163681.0349903
  ME_ALLOC_S: 21553.802593685588
  ME_READ_S: 24245.648242187501
  ME_READ_L: 7382.0791015625
  ME_WRITE: 8100.82177734375
  ME_LARGE: 343320.41666666669
  ME_LATENCY: 55.817369188390693
  ME_THREADED: 213132.05810546875
  SUMM_CPU: 39539.190288807738
  SUMM_ME: 2355.7302975967273
SystemInformation:
  OSName: Ubuntu 24.04.1 LTS
  Kernel: 6.8.0-1017-azure
  Device: ""
  Processor: Intel Xeon Platinum 8168 CPU @ 2.70GHz
  NumSockets: 2
  Manufacturer: GenuineIntel
  NumCores: 32
  NumLogicals: 32
  CPUFrequency: 0
  Memory: 354691
  MemModuleInfo:
    iNumMemSticks: 4
    DIMM 1:
      manufacturer: Microsoft Corporation
      modulePartNo: None
      memType: Unknown
      size: 1
      clkspeed: 0
      moduleVoltage: 0
    DIMM 2:
      manufacturer: Microsoft Corporation
      modulePartNo: None
      memType: Unknown
      size: 60928
      clkspeed: 0
      moduleVoltage: 0
    DIMM 3:
      manufacturer: Microsoft Corporation
      modulePartNo: None
      memType: Unknown
      size: 118272
      clkspeed: 0
      moduleVoltage: 0
    DIMM 4:
      manufacturer: Microsoft Corporation
      modulePartNo: None
      memType: Unknown
      size: 176
      clkspeed: 0
      moduleVoltage: 0
Checksum: 9434A0FAB162A2093EA6B6658D5E79C8EABF41DE