BaselineInfo:
  WebDBID: -1
  TimeStamp: 20241114185621
Version:
  Major: 11
  Minor: 0
  Build: 1002
  SpecialBuildName: ""
  ptArchitecture: x86_64_linux
Results:
  Results Complete: true
  NumTestProcesses: 2
  CPU_INTEGER_MATH: 4983.0640000000003
  CPU_FLOATINGPOINT_MATH: 3016.3796861635074
  CPU_PRIME: 9.3642765851797911
  CPU_SORTING: 2512.2083317116858
  CPU_ENCRYPTION: 659.03277343446553
  CPU_COMPRESSION: 21169.146231257306
  CPU_SINGLETHREAD: 1507.8492211317139
  CPU_PHYSICS: 200.25201034467537
  CPU_MATRIX_MULT_SSE: 1246.7864906011914
  CPU_mm: 135.29798410273685
  CPU_sse: 516.18477605089186
  CPU_fma: 1625.8223810488025
  CPU_avx: 1068.2126137918672
  CPU_avx512: 1776.9261915132042
  m_CPU_enc_SHA: 223892190.95128942
  m_CPU_enc_AES: 1660414559.5981903
  m_CPU_enc_ECDSA: 188831097.76097432
  ME_ALLOC_S: 0
  ME_READ_S: 0
  ME_READ_L: 0
  ME_WRITE: 0
  ME_LARGE: 0
  ME_LATENCY: 0
  ME_THREADED: 0
  SUMM_CPU: 1747.3874890995091
  SUMM_ME: 0
SystemInformation:
  OSName: Ubuntu 24.04.1 LTS
  Kernel: 6.8.0-1018-aws
  Device: ""
  Processor: Intel Xeon Platinum 8259CL CPU @ 2.50GHz
  NumSockets: 1
  Manufacturer: GenuineIntel
  NumCores: 1
  NumLogicals: 2
  CPUFrequency: 0
  Memory: 416
  MemModuleInfo:
    iNumMemSticks: 1
    DIMM 1:
      manufacturer: Not Specified
      modulePartNo: Not Specified
      memType: DDR4
      size: 512
      clkspeed: 1466
      moduleVoltage: 0
Checksum: 360C1A8DB750AEEE2D76AB6ABD32912D862B62DC