BaselineInfo:
  WebDBID: -1
  TimeStamp: 20241114163744
Version:
  Major: 11
  Minor: 0
  Build: 1002
  SpecialBuildName: ""
  ptArchitecture: x86_64_linux
Results:
  Results Complete: true
  NumTestProcesses: 2
  CPU_INTEGER_MATH: 5407.9279999999999
  CPU_FLOATINGPOINT_MATH: 3005.620899467126
  CPU_PRIME: 8.0271141691459924
  CPU_SORTING: 2578.8442490279299
  CPU_ENCRYPTION: 669.81301368221852
  CPU_COMPRESSION: 24953.077878537806
  CPU_SINGLETHREAD: 1386.2162309735575
  CPU_PHYSICS: 0
  CPU_MATRIX_MULT_SSE: 1435.5902774183326
  CPU_mm: 168.71788392441155
  CPU_sse: 596.97234036807413
  CPU_fma: 1797.8023999980853
  CPU_avx: 1273.404439623946
  CPU_avx512: 2074.1819296832246
  m_CPU_enc_SHA: 235348469.90359163
  m_CPU_enc_AES: 1648724438.1411076
  m_CPU_enc_ECDSA: 222976643.8598386
  ME_ALLOC_S: 0
  ME_READ_S: 0
  ME_READ_L: 0
  ME_WRITE: 0
  ME_LARGE: 0
  ME_LATENCY: 0
  ME_THREADED: 0
  SUMM_CPU: 0
  SUMM_ME: 0
SystemInformation:
  OSName: Ubuntu 24.04.1 LTS
  Kernel: 6.8.0-1018-aws
  Device: ""
  Processor: Intel Xeon Platinum 8259CL CPU @ 2.50GHz
  NumSockets: 1
  Manufacturer: GenuineIntel
  NumCores: 1
  NumLogicals: 2
  CPUFrequency: 0
  Memory: 416
  MemModuleInfo:
    iNumMemSticks: 1
    DIMM 1:
      manufacturer: Not Specified
      modulePartNo: Not Specified
      memType: DDR4
      size: 512
      clkspeed: 1466
      moduleVoltage: 0
Checksum: DF88DD61EED048044AB6B92DD4C3619F3F905AE2