BaselineInfo:
  WebDBID: -1
  TimeStamp: 20241115085929
Version:
  Major: 11
  Minor: 0
  Build: 1002
  SpecialBuildName: ""
  ptArchitecture: x86_64_linux
Results:
  Results Complete: true
  NumTestProcesses: 2
  CPU_INTEGER_MATH: 5609
  CPU_FLOATINGPOINT_MATH: 3021.369644190906
  CPU_PRIME: 8.6991622539285682
  CPU_SORTING: 2660.6784756022685
  CPU_ENCRYPTION: 762.80417818811202
  CPU_COMPRESSION: 24586.918002232767
  CPU_SINGLETHREAD: 1505.3942673743504
  CPU_PHYSICS: 195.17242211354989
  CPU_MATRIX_MULT_SSE: 1412.5244325110489
  CPU_mm: 165.80744876289836
  CPU_sse: 594.92410832025462
  CPU_fma: 1819.7418698849765
  CPU_avx: 1285.0710927283289
  CPU_avx512: 1950.3606591106354
  m_CPU_enc_SHA: 254119652.6339376
  m_CPU_enc_AES: 1923732040.2416525
  m_CPU_enc_ECDSA: 221722768.96774295
  ME_ALLOC_S: 0
  ME_READ_S: 0
  ME_READ_L: 0
  ME_WRITE: 0
  ME_LARGE: 0
  ME_LATENCY: 0
  ME_THREADED: 0
  SUMM_CPU: 1909.4187539568206
  SUMM_ME: 0
SystemInformation:
  OSName: Ubuntu 24.04.1 LTS
  Kernel: 6.8.0-1018-aws
  Device: ""
  Processor: Intel Xeon Platinum 8259CL CPU @ 2.50GHz
  NumSockets: 1
  Manufacturer: GenuineIntel
  NumCores: 1
  NumLogicals: 2
  CPUFrequency: 0
  Memory: 416
  MemModuleInfo:
    iNumMemSticks: 1
    DIMM 1:
      manufacturer: Not Specified
      modulePartNo: Not Specified
      memType: DDR4
      size: 512
      clkspeed: 1466
      moduleVoltage: 0
Checksum: B3EF8F7F7C6EAEB1DEC7CDAFD1EC5BBEBCA344E4