BaselineInfo:
  WebDBID: -1
  TimeStamp: 20241114212825
Version:
  Major: 11
  Minor: 0
  Build: 1002
  SpecialBuildName: ""
  ptArchitecture: x86_64_linux
Results:
  Results Complete: true
  NumTestProcesses: 2
  CPU_INTEGER_MATH: 5324.4793333333328
  CPU_FLOATINGPOINT_MATH: 2976.4376473945331
  CPU_PRIME: 9.574310051359058
  CPU_SORTING: 2686.9458533975012
  CPU_ENCRYPTION: 724.02977041474855
  CPU_COMPRESSION: 24613.299239384065
  CPU_SINGLETHREAD: 1393.3054331782121
  CPU_PHYSICS: 179.52205474770099
  CPU_MATRIX_MULT_SSE: 1378.6803219297315
  CPU_mm: 168.01702110289213
  CPU_sse: 602.54762477879399
  CPU_fma: 1788.2383114210741
  CPU_avx: 1270.5791027378875
  CPU_avx512: 1853.3562487811701
  m_CPU_enc_SHA: 226163048.34624165
  m_CPU_enc_AES: 1841596076.2674136
  m_CPU_enc_ECDSA: 209841597.01359063
  ME_ALLOC_S: 0
  ME_READ_S: 0
  ME_READ_L: 0
  ME_WRITE: 0
  ME_LARGE: 0
  ME_LATENCY: 0
  ME_THREADED: 0
  SUMM_CPU: 1867.3487189466625
  SUMM_ME: 0
SystemInformation:
  OSName: Ubuntu 24.04.1 LTS
  Kernel: 6.8.0-1018-aws
  Device: ""
  Processor: Intel Xeon Platinum 8175M CPU @ 2.50GHz
  NumSockets: 1
  Manufacturer: GenuineIntel
  NumCores: 1
  NumLogicals: 2
  CPUFrequency: 0
  Memory: 416
  MemModuleInfo:
    iNumMemSticks: 1
    DIMM 1:
      manufacturer: Not Specified
      modulePartNo: Not Specified
      memType: DDR4
      size: 512
      clkspeed: 1333
      moduleVoltage: 0
Checksum: F26E9BC652BCA87CCD6056FAE04C091336444603