---
system-info:
      stress-ng-version: 0.17.08
      run-by: root
      date-yyyy-mm-dd: 2024:09:17
      time-hh-mm-ss: 04:04:32
      epoch-secs: 1726545872
      hostname: sc-runner
      sysname: Linux
      nodename: sc-runner
      release: 6.8.0-1014-azure
      version: '#16-Ubuntu SMP Thu Aug 15 20:04:41 UTC 2024'
      machine: x86_64
      compiler: 'musl-gcc 13.2.1'
      uptime: 322
      totalram: 101229801472
      freeram: 90327691264
      sharedram: 42237952
      bufferram: 255848448
      totalswap: 0
      freeswap: 0
      pagesize: 4096
      cpus: 48
      cpus-online: 48
      ticks-per-second: 100

metrics:
    - stressor: cpu
      bogo-ops: 28304
      bogo-ops-per-second-usr-sys-time: 1415.205236
      bogo-ops-per-second-real-time: 1415.191143
      wall-clock-time: 20.000125
      user-time: 19.999926
      system-time: 0.000000
      cpu-usage-per-instance: 99.999004
      max-rss: 1152

...
