---
system-info:
      stress-ng-version: 0.17.08
      run-by: root
      date-yyyy-mm-dd: 2024:09:24
      time-hh-mm-ss: 05:35:13
      epoch-secs: 1727156113
      hostname: sc-runner
      sysname: Linux
      nodename: sc-runner
      release: 6.8.0-1014-azure
      version: '#16-Ubuntu SMP Thu Aug 15 20:04:41 UTC 2024'
      machine: x86_64
      compiler: 'musl-gcc 13.2.1'
      uptime: 306
      totalram: 135059623936
      freeram: 124066086912
      sharedram: 55033856
      bufferram: 294961152
      totalswap: 0
      freeswap: 0
      pagesize: 4096
      cpus: 32
      cpus-online: 32
      ticks-per-second: 100

metrics:
    - stressor: cpu
      bogo-ops: 37985
      bogo-ops-per-second-usr-sys-time: 1899.207743
      bogo-ops-per-second-real-time: 1899.235850
      wall-clock-time: 20.000149
      user-time: 19.998446
      system-time: 0.001999
      cpu-usage-per-instance: 100.001480
      max-rss: 3080

...
