---
system-info:
      stress-ng-version: 0.17.08
      run-by: root
      date-yyyy-mm-dd: 2024:07:02
      time-hh-mm-ss: 15:38:21
      epoch-secs: 1719934701
      hostname: t2d-standard-60-93f2a76
      sysname: Linux
      nodename: t2d-standard-60-93f2a76
      release: 6.8.0-1009-gcp
      version: '#10-Ubuntu SMP Wed Jun 12 18:52:23 UTC 2024'
      machine: x86_64
      compiler: 'musl-gcc 13.2.1'
      uptime: 165
      totalram: 253328809984
      freeram: 247573581824
      sharedram: 35184640
      bufferram: 129183744
      totalswap: 0
      freeswap: 0
      pagesize: 4096
      cpus: 60
      cpus-online: 60
      ticks-per-second: 100

metrics:
    - stressor: cpu
      bogo-ops: 56757
      bogo-ops-per-second-usr-sys-time: 2837.929320
      bogo-ops-per-second-real-time: 2837.840866
      wall-clock-time: 20.000064
      user-time: 19.998442
      system-time: 0.000999
      cpu-usage-per-instance: 99.996883
      max-rss: 480

...
