---
system-info:
      stress-ng-version: 0.17.08
      run-by: root
      date-yyyy-mm-dd: 2024:09:14
      time-hh-mm-ss: 02:24:15
      epoch-secs: 1726280655
      hostname: ip-172-31-25-172
      sysname: Linux
      nodename: ip-172-31-25-172
      release: 6.8.0-1014-aws
      version: '#15-Ubuntu SMP Thu Aug  8 19:13:06 UTC 2024'
      machine: x86_64
      compiler: 'musl-gcc 13.2.1'
      uptime: 191
      totalram: 2164323401728
      freeram: 2151173890048
      sharedram: 117252096
      bufferram: 224133120
      totalswap: 0
      freeswap: 0
      pagesize: 4096
      cpus: 128
      cpus-online: 128
      ticks-per-second: 100

metrics:
    - stressor: cpu
      bogo-ops: 2499521
      bogo-ops-per-second-usr-sys-time: 976.689503
      bogo-ops-per-second-real-time: 124975.552503
      wall-clock-time: 20.000080
      user-time: 2559.151699
      system-time: 0.024981
      cpu-usage-per-instance: 99.967441
      max-rss: 0

...
