---
system-info:
      stress-ng-version: 0.17.08
      run-by: root
      date-yyyy-mm-dd: 2024:06:14
      time-hh-mm-ss: 18:44:19
      epoch-secs: 1718390659
      hostname: 58de3f1eeba9
      sysname: Linux
      nodename: 58de3f1eeba9
      release: 6.8.0-1008-aws
      version: '#8-Ubuntu SMP Sat Apr 20 00:46:25 UTC 2024'
      machine: x86_64
      compiler: 'musl-gcc 13.2.1'
      uptime: 161
      totalram: 66330988544
      freeram: 61896294400
      sharedram: 11767808
      bufferram: 108228608
      totalswap: 0
      freeswap: 0
      pagesize: 4096
      cpus: 16
      cpus-online: 16
      ticks-per-second: 100

metrics:
    - stressor: cpu
      bogo-ops: 94410
      bogo-ops-per-second-usr-sys-time: 295.653398
      bogo-ops-per-second-real-time: 4720.449643
      wall-clock-time: 20.000213
      user-time: 319.265672
      system-time: 0.060947
      cpu-usage-per-instance: 99.788504
      max-rss: 1104

...
