---
system-info:
      stress-ng-version: 0.17.08
      run-by: root
      date-yyyy-mm-dd: 2024:06:08
      time-hh-mm-ss: 11:55:51
      epoch-secs: 1717847751
      hostname: ceb6c94e8698
      sysname: Linux
      nodename: ceb6c94e8698
      release: 6.8.0-1008-aws
      version: '#8-Ubuntu SMP Sat Apr 20 00:46:25 UTC 2024'
      machine: x86_64
      compiler: 'musl-gcc 13.2.1'
      uptime: 145
      totalram: 66330992640
      freeram: 61879099392
      sharedram: 11767808
      bufferram: 100962304
      totalswap: 0
      freeswap: 0
      pagesize: 4096
      cpus: 16
      cpus-online: 16
      ticks-per-second: 100

metrics:
    - stressor: cpu
      bogo-ops: 123131
      bogo-ops-per-second-usr-sys-time: 771.061047
      bogo-ops-per-second-real-time: 12309.098274
      wall-clock-time: 10.003251
      user-time: 159.650363
      system-time: 0.039976
      cpu-usage-per-instance: 99.774025
      max-rss: 4048

...
