---
system-info:
      stress-ng-version: 0.17.08
      run-by: root
      date-yyyy-mm-dd: 2024:07:01
      time-hh-mm-ss: 23:28:07
      epoch-secs: 1719876487
      hostname: t2d-standard-16-70fb539
      sysname: Linux
      nodename: t2d-standard-16-70fb539
      release: 6.8.0-1009-gcp
      version: '#10-Ubuntu SMP Wed Jun 12 18:52:23 UTC 2024'
      machine: x86_64
      compiler: 'musl-gcc 13.2.1'
      uptime: 191
      totalram: 67421847552
      freeram: 62128197632
      sharedram: 35000320
      bufferram: 125837312
      totalswap: 0
      freeswap: 0
      pagesize: 4096
      cpus: 16
      cpus-online: 16
      ticks-per-second: 100

metrics:
    - stressor: cpu
      bogo-ops: 53919
      bogo-ops-per-second-usr-sys-time: 2695.942317
      bogo-ops-per-second-real-time: 2695.940808
      wall-clock-time: 20.000068
      user-time: 20.000057
      system-time: 0.000000
      cpu-usage-per-instance: 99.999944
      max-rss: 1232

...
