---
system-info:
      stress-ng-version: 0.17.08
      run-by: root
      date-yyyy-mm-dd: 2024:06:13
      time-hh-mm-ss: 10:21:32
      epoch-secs: 1718274092
      hostname: a4c052362606
      sysname: Linux
      nodename: a4c052362606
      release: 6.8.0-1008-aws
      version: '#8-Ubuntu SMP Sat Apr 20 00:46:25 UTC 2024'
      machine: x86_64
      compiler: 'musl-gcc 13.2.1'
      uptime: 167
      totalram: 397194379264
      freeram: 391793479680
      sharedram: 72839168
      bufferram: 106983424
      totalswap: 0
      freeswap: 0
      pagesize: 4096
      cpus: 96
      cpus-online: 96
      ticks-per-second: 100

metrics:
    - stressor: cpu
      bogo-ops: 27635
      bogo-ops-per-second-usr-sys-time: 1381.770036
      bogo-ops-per-second-real-time: 1381.749127
      wall-clock-time: 20.000013
      user-time: 19.999710
      system-time: 0.000000
      cpu-usage-per-instance: 99.998487
      max-rss: 768

...
