---
system-info:
      stress-ng-version: 0.17.08
      run-by: root
      date-yyyy-mm-dd: 2024:06:07
      time-hh-mm-ss: 17:57:11
      epoch-secs: 1717783031
      hostname: f0ecec28e08d
      sysname: Linux
      nodename: f0ecec28e08d
      release: 6.8.0-1008-aws
      version: '#8-Ubuntu SMP Sat Apr 20 00:46:25 UTC 2024'
      machine: x86_64
      compiler: 'musl-gcc 13.2.1'
      uptime: 139
      totalram: 401422245888
      freeram: 396070346752
      sharedram: 78606336
      bufferram: 95084544
      totalswap: 0
      freeswap: 0
      pagesize: 4096
      cpus: 96
      cpus-online: 96
      ticks-per-second: 100

metrics:
    - stressor: cpu
      bogo-ops: 15019
      bogo-ops-per-second-usr-sys-time: 1501.828513
      bogo-ops-per-second-real-time: 1501.814495
      wall-clock-time: 10.000569
      user-time: 9.998477
      system-time: 0.001999
      cpu-usage-per-instance: 99.999067
      max-rss: 3072

...
