BaselineInfo:
  WebDBID: -1
  TimeStamp: 20260404203716
Version:
  Major: 11
  Minor: 0
  Build: 1004
  SpecialBuildName: ""
  ptArchitecture: x86_64_linux
Results:
  Results Complete: true
  NumTestProcesses: 16
  CPU_INTEGER_MATH: 39256.349666666669
  CPU_FLOATINGPOINT_MATH: 21061.222970038307
  CPU_PRIME: 66.645190992467732
  CPU_SORTING: 23893.814092096112
  CPU_ENCRYPTION: 5433.8747422540055
  CPU_COMPRESSION: 181791.26017571369
  CPU_SINGLETHREAD: 1688.6780150916777
  CPU_PHYSICS: 1254.3948053923186
  CPU_MATRIX_MULT_SSE: 11903.822967418426
  CPU_mm: 1196.1060584960162
  CPU_sse: 4305.2440082665389
  CPU_fma: 14583.512103318482
  CPU_avx: 10309.917759025031
  CPU_avx512: 18416.617999063648
  m_CPU_enc_SHA: 1772782617.834955
  m_CPU_enc_AES: 13713102648.065281
  m_CPU_enc_ECDSA: 1607606659.3009717
  ME_ALLOC_S: 4307.4720389731365
  ME_READ_S: 19482.130664062501
  ME_READ_L: 6435.3720703125
  ME_WRITE: 6875.45654296875
  ME_LARGE: 50423.416666666664
  ME_LATENCY: 79.778151361723104
  ME_THREADED: 67192.1904296875
  SUMM_CPU: 12950.693916016584
  SUMM_ME: 1757.4795418081294
SystemInformation:
  OSName: Ubuntu 24.04.4 LTS
  Kernel: 6.8.0-106-generic
  Device: ""
  Processor: Intel(R) Xeon(R) Platinum 8163 CPU @ 2.50GHz
  NumSockets: 1
  Manufacturer: GenuineIntel
  NumCores: 8
  NumLogicals: 16
  CPUFrequency: 2500
  CPUMaxFrequency: 3100
  Memory: 63787
  CPUInfo:
    number: 1
    Family: 6
    Model: 5
    stepping: 4
    features: 529267711
    manufacture: GenuineIntel
    typestring: Intel(R) Xeon(R) Platinum 8163 CPU @ 2.50GHz
    iCoresPerPackage: 8
    iThreadsPerPackage: 2
    featuresEx:
      - 529267711
      - 4294586883
      - 739248128
    bHybrid: false
    nPCore: 0
    nLogicalsPerPCore: 0
    nECore: 0
    nLogicalsPerECore: 0
  MemModuleInfo:
    iNumMemSticks: 4
    DIMM 1:
      manufacturer: Alibaba Cloud
      modulePartNo: Not Specified
      memType: RAM
      size: 16
      clkspeed: 0
      moduleVoltage: 0
    DIMM 2:
      manufacturer: Alibaba Cloud
      modulePartNo: Not Specified
      memType: RAM
      size: 16
      clkspeed: 0
      moduleVoltage: 0
    DIMM 3:
      manufacturer: Alibaba Cloud
      modulePartNo: Not Specified
      memType: RAM
      size: 16
      clkspeed: 0
      moduleVoltage: 0
    DIMM 4:
      manufacturer: Alibaba Cloud
      modulePartNo: Not Specified
      memType: RAM
      size: 16
      clkspeed: 0
      moduleVoltage: 0
Checksum: AF380E893FEBF5B4B290C28447E1E05A3FD04ADE