BaselineInfo:
  WebDBID: -1
  TimeStamp: 20241108201951
Version:
  Major: 11
  Minor: 0
  Build: 1002
  SpecialBuildName: ""
  ptArchitecture: x86_64_linux
Results:
  Results Complete: true
  NumTestProcesses: 16
  CPU_INTEGER_MATH: 82838.421666666662
  CPU_FLOATINGPOINT_MATH: 58941.583868702961
  CPU_PRIME: 170.25961137144586
  CPU_SORTING: 41161.202487143593
  CPU_ENCRYPTION: 18301.352945405968
  CPU_COMPRESSION: 296453.86955201917
  CPU_SINGLETHREAD: 3165.0833643046371
  CPU_PHYSICS: 3560.316336860928
  CPU_MATRIX_MULT_SSE: 23457.117184412818
  CPU_mm: 2342.2498937115856
  CPU_sse: 10141.233884739862
  CPU_fma: 25207.227384680158
  CPU_avx: 21225.060654229292
  CPU_avx512: 37254.946814001967
  m_CPU_enc_SHA: 19314552970.729816
  m_CPU_enc_AES: 25064285973.724331
  m_CPU_enc_ECDSA: 13192239453.79187
  ME_ALLOC_S: 9189.8604723215067
  ME_READ_S: 27855.293554687501
  ME_READ_L: 9121.5869140625
  ME_WRITE: 14370.1494140625
  ME_LARGE: 116441.33333333333
  ME_LATENCY: 75.067487989146045
  ME_THREADED: 104892.240234375
  SUMM_CPU: 28534.315595761873
  SUMM_ME: 2306.6323982744675
SystemInformation:
  OSName: Ubuntu 24.04.1 LTS
  Kernel: 6.8.0-1016-aws
  Device: ""
  Processor: Intel Xeon Gold 6455B
  NumSockets: 1
  Manufacturer: GenuineIntel
  NumCores: 8
  NumLogicals: 16
  CPUFrequency: 0
  Memory: 126762
  MemModuleInfo:
    iNumMemSticks: 1
    DIMM 1:
      manufacturer: Not Specified
      modulePartNo: Not Specified
      memType: DDR5
      size: 128
      clkspeed: 2400
      moduleVoltage: 0
Checksum: 7B45F8A67CAA9433E0D206C3E08A1CC574B0B633