---
system-info:
      stress-ng-version: 0.17.08
      run-by: root
      date-yyyy-mm-dd: 2024:06:09
      time-hh-mm-ss: 15:40:47
      epoch-secs: 1717947647
      hostname: 31b92fb8ad39
      sysname: Linux
      nodename: 31b92fb8ad39
      release: 6.8.0-1008-aws
      version: '#8-Ubuntu SMP Sat Apr 20 00:46:25 UTC 2024'
      machine: x86_64
      compiler: 'musl-gcc 13.2.1'
      uptime: 130
      totalram: 264744914944
      freeram: 259606671360
      sharedram: 70610944
      bufferram: 109277184
      totalswap: 0
      freeswap: 0
      pagesize: 4096
      cpus: 32
      cpus-online: 32
      ticks-per-second: 100

metrics:
    - stressor: cpu
      bogo-ops: 424520
      bogo-ops-per-second-usr-sys-time: 1327.536495
      bogo-ops-per-second-real-time: 42446.172487
      wall-clock-time: 10.001373
      user-time: 319.732309
      system-time: 0.047977
      cpu-usage-per-instance: 99.917622
      max-rss: 3848

...
