---
system-info:
      stress-ng-version: 0.17.08
      run-by: root
      date-yyyy-mm-dd: 2024:06:15
      time-hh-mm-ss: 18:26:11
      epoch-secs: 1718475971
      hostname: 736bbe51831e
      sysname: Linux
      nodename: 736bbe51831e
      release: 6.8.0-1008-aws
      version: '#8-Ubuntu SMP Sat Apr 20 00:46:25 UTC 2024'
      machine: x86_64
      compiler: 'musl-gcc 13.2.1'
      uptime: 117
      totalram: 264744919040
      freeram: 259715805184
      sharedram: 70610944
      bufferram: 108797952
      totalswap: 0
      freeswap: 0
      pagesize: 4096
      cpus: 32
      cpus-online: 32
      ticks-per-second: 100

metrics:
    - stressor: cpu
      bogo-ops: 955924
      bogo-ops-per-second-usr-sys-time: 1494.428946
      bogo-ops-per-second-real-time: 47796.056862
      wall-clock-time: 20.000060
      user-time: 639.623396
      system-time: 0.034985
      cpu-usage-per-instance: 99.946323
      max-rss: 776

...
