BaselineInfo:
  WebDBID: -1
  TimeStamp: 20241110044719
Version:
  Major: 11
  Minor: 0
  Build: 1002
  SpecialBuildName: ""
  ptArchitecture: x86_64_linux
Results:
  Results Complete: true
  NumTestProcesses: 96
  CPU_INTEGER_MATH: 406788.41766666668
  CPU_FLOATINGPOINT_MATH: 289735.50569139345
  CPU_PRIME: 486.97063587910583
  CPU_SORTING: 184568.21643693748
  CPU_ENCRYPTION: 89289.070685317929
  CPU_COMPRESSION: 1453535.1119368484
  CPU_SINGLETHREAD: 3026.649140515854
  CPU_PHYSICS: 7904.2759998137008
  CPU_MATRIX_MULT_SSE: 97319.571432244615
  CPU_mm: 11126.412238663792
  CPU_sse: 47663.948145146715
  CPU_fma: 110850.6066461358
  CPU_avx: 87973.999333259344
  CPU_avx512: 142789.7316044365
  m_CPU_enc_SHA: 94788919363.314972
  m_CPU_enc_AES: 122786455348.98622
  m_CPU_enc_ECDSA: 63303755036.482635
  ME_ALLOC_S: 30332.135335956958
  ME_READ_S: 26158.667578125001
  ME_READ_L: 9301.83984375
  ME_WRITE: 13195.56640625
  ME_LARGE: 748933.33333333337
  ME_LATENCY: 73.813528825846802
  ME_THREADED: 243757.92578125
  SUMM_CPU: 87164.849899239518
  SUMM_ME: 2365.9880960466348
SystemInformation:
  OSName: Ubuntu 24.04.1 LTS
  Kernel: 6.8.0-1016-aws
  Device: ""
  Processor: Intel Xeon Platinum 8488C
  NumSockets: 1
  Manufacturer: GenuineIntel
  NumCores: 48
  NumLogicals: 96
  CPUFrequency: 0
  Memory: 761481
  MemModuleInfo:
    iNumMemSticks: 1
    DIMM 1:
      manufacturer: Not Specified
      modulePartNo: Not Specified
      memType: DDR5
      size: 768
      clkspeed: 2400
      moduleVoltage: 0
Checksum: E90A34149D75B64B483C91BF5938D2097ADD1512