---
system-info:
      stress-ng-version: 0.17.08
      run-by: root
      date-yyyy-mm-dd: 2024:09:17
      time-hh-mm-ss: 06:03:28
      epoch-secs: 1726553008
      hostname: sc-runner
      sysname: Linux
      nodename: sc-runner
      release: 6.8.0-1014-azure
      version: '#16-Ubuntu SMP Thu Aug 15 20:04:41 UTC 2024'
      machine: x86_64
      compiler: 'musl-gcc 13.2.1'
      uptime: 301
      totalram: 270250344448
      freeram: 259344494592
      sharedram: 55042048
      bufferram: 286507008
      totalswap: 0
      freeswap: 0
      pagesize: 4096
      cpus: 32
      cpus-online: 32
      ticks-per-second: 100

metrics:
    - stressor: cpu
      bogo-ops: 38008
      bogo-ops-per-second-usr-sys-time: 1900.375390
      bogo-ops-per-second-real-time: 1900.390780
      wall-clock-time: 20.000097
      user-time: 19.997259
      system-time: 0.003000
      cpu-usage-per-instance: 100.000810
      max-rss: 3080

...
