---
system-info:
      stress-ng-version: 0.17.08
      run-by: root
      date-yyyy-mm-dd: 2024:09:23
      time-hh-mm-ss: 00:40:18
      epoch-secs: 1727052018
      hostname: sc-runner
      sysname: Linux
      nodename: sc-runner
      release: 6.8.0-1014-azure
      version: '#16-Ubuntu SMP Thu Aug 15 20:04:41 UTC 2024'
      machine: x86_64
      compiler: 'musl-gcc 13.2.1'
      uptime: 363
      totalram: 270257029120
      freeram: 259743293440
      sharedram: 38133760
      bufferram: 251457536
      totalswap: 0
      freeswap: 0
      pagesize: 4096
      cpus: 16
      cpus-online: 16
      ticks-per-second: 100

metrics:
    - stressor: cpu
      bogo-ops: 54053
      bogo-ops-per-second-usr-sys-time: 2702.678378
      bogo-ops-per-second-real-time: 2702.632635
      wall-clock-time: 20.000129
      user-time: 19.998791
      system-time: 0.000999
      cpu-usage-per-instance: 99.998307
      max-rss: 976

...
