BaselineInfo:
  WebDBID: -1
  TimeStamp: 20241111135857
Version:
  Major: 11
  Minor: 0
  Build: 1002
  SpecialBuildName: ""
  ptArchitecture: x86_64_linux
Results:
  Results Complete: true
  NumTestProcesses: 96
  CPU_INTEGER_MATH: 323582.21600000001
  CPU_FLOATINGPOINT_MATH: 193152.68206240473
  CPU_PRIME: 433.73975572666473
  CPU_SORTING: 177391.19703911664
  CPU_ENCRYPTION: 101561.54166683486
  CPU_COMPRESSION: 1368947.2294124952
  CPU_SINGLETHREAD: 2093.4684490711606
  CPU_PHYSICS: 6710.3117732902156
  CPU_MATRIX_MULT_SSE: 78156.707163143787
  CPU_mm: 9088.0047464388263
  CPU_sse: 36515.411897509846
  CPU_fma: 110246.66156519162
  CPU_avx: 87708.048026730001
  CPU_avx512: 0
  m_CPU_enc_SHA: 144730677604.81357
  m_CPU_enc_AES: 99079599803.085205
  m_CPU_enc_ECDSA: 75674707936.630295
  ME_ALLOC_S: 21620.956168963865
  ME_READ_S: 24182.180468750001
  ME_READ_L: 12673.6220703125
  ME_WRITE: 13425.0751953125
  ME_LARGE: 367211.41666666669
  ME_LATENCY: 51.865475947246381
  ME_THREADED: 126143.19909667969
  SUMM_CPU: 68546.979396555165
  SUMM_ME: 2900.64394302349
SystemInformation:
  OSName: Ubuntu 24.04.1 LTS
  Kernel: 6.8.0-1016-aws
  Device: ""
  Processor: AMD EPYC 7R32
  NumSockets: 1
  Manufacturer: AuthenticAMD
  NumCores: 48
  NumLogicals: 96
  CPUFrequency: 0
  Memory: 382666
  MemModuleInfo:
    iNumMemSticks: 1
    DIMM 1:
      manufacturer: Not Specified
      modulePartNo: Not Specified
      memType: DDR4
      size: 384
      clkspeed: 1600
      moduleVoltage: 0
Checksum: 56891E184B279B025E4A72BA081FA861D49E7E65