BaselineInfo:
  WebDBID: -1
  TimeStamp: 20250106043452
Version:
  Major: 11
  Minor: 0
  Build: 1002
  SpecialBuildName: ""
  ptArchitecture: x86_64_linux
Results:
  Results Complete: true
  NumTestProcesses: 64
  CPU_INTEGER_MATH: 323355.44200000004
  CPU_FLOATINGPOINT_MATH: 230299.23765849779
  CPU_PRIME: 640.89319056833187
  CPU_SORTING: 160662.81130221431
  CPU_ENCRYPTION: 71147.64147902996
  CPU_COMPRESSION: 1185503.2738110439
  CPU_SINGLETHREAD: 3162.644547005385
  CPU_PHYSICS: 11732.837480737693
  CPU_MATRIX_MULT_SSE: 90448.892150709755
  CPU_mm: 9142.5681589250817
  CPU_sse: 39886.688239496725
  CPU_fma: 98742.589884549117
  CPU_avx: 80310.449500796938
  CPU_avx512: 142855.84097799618
  m_CPU_enc_SHA: 75375309815.738937
  m_CPU_enc_AES: 97962406539.228928
  m_CPU_enc_ECDSA: 50473411579.578033
  ME_ALLOC_S: 35053.548880894632
  ME_READ_S: 28053.025781249999
  ME_READ_L: 10525.1103515625
  ME_WRITE: 9287.4365234375
  ME_LARGE: 1018471.4166666666
  ME_LATENCY: 71.031024270332466
  ME_THREADED: 358109.62158203125
  SUMM_CPU: 81674.205928550233
  SUMM_ME: 2417.7314219287227
SystemInformation:
  OSName: Ubuntu 24.04.1 LTS
  Kernel: 6.8.0-1017-azure
  Device: ""
  Processor: Intel Xeon Platinum 8473C
  NumSockets: 2
  Manufacturer: GenuineIntel
  NumCores: 32
  NumLogicals: 64
  CPUFrequency: 2100
  Memory: 1032053
  MemModuleInfo:
    iNumMemSticks: 4
    DIMM 1:
      manufacturer: Microsoft Corporation
      modulePartNo: None
      memType: Unknown
      size: 1
      clkspeed: 0
      moduleVoltage: 0
    DIMM 2:
      manufacturer: Microsoft Corporation
      modulePartNo: None
      memType: Unknown
      size: 59
      clkspeed: 0
      moduleVoltage: 0
    DIMM 3:
      manufacturer: Microsoft Corporation
      modulePartNo: None
      memType: Unknown
      size: 452
      clkspeed: 0
      moduleVoltage: 0
    DIMM 4:
      manufacturer: Microsoft Corporation
      modulePartNo: None
      memType: Unknown
      size: 512
      clkspeed: 0
      moduleVoltage: 0
Checksum: 75720C0942911A3EDDDA6A74663F86C5B073994E