---
system-info:
      stress-ng-version: 0.17.08
      run-by: root
      date-yyyy-mm-dd: 2024:09:24
      time-hh-mm-ss: 02:44:14
      epoch-secs: 1727145854
      hostname: c4-standard-96-ea8aeb6
      sysname: Linux
      nodename: c4-standard-96-ea8aeb6
      release: 6.8.0-1014-gcp
      version: '#16-Ubuntu SMP Mon Aug 26 15:55:46 UTC 2024'
      machine: x86_64
      compiler: 'musl-gcc 13.2.1'
      uptime: 193
      totalram: 380349366272
      freeram: 368696246272
      sharedram: 548040704
      bufferram: 252268544
      totalswap: 0
      freeswap: 0
      pagesize: 4096
      cpus: 96
      cpus-online: 96
      ticks-per-second: 100

metrics:
    - stressor: cpu
      bogo-ops: 1654175
      bogo-ops-per-second-usr-sys-time: 861.697928
      bogo-ops-per-second-real-time: 82708.397971
      wall-clock-time: 20.000085
      user-time: 1919.641245
      system-time: 0.027988
      cpu-usage-per-instance: 99.982347
      max-rss: 768

...
