---
system-info:
      stress-ng-version: 0.17.08
      run-by: root
      date-yyyy-mm-dd: 2024:06:15
      time-hh-mm-ss: 21:55:17
      epoch-secs: 1718488517
      hostname: 019ea4caaf1a
      sysname: Linux
      nodename: 019ea4caaf1a
      release: 6.8.0-1008-aws
      version: '#8-Ubuntu SMP Sat Apr 20 00:46:25 UTC 2024'
      machine: x86_64
      compiler: 'musl-gcc 13.2.1'
      uptime: 108
      totalram: 66333831168
      freeram: 61896646656
      sharedram: 59908096
      bufferram: 109125632
      totalswap: 0
      freeswap: 0
      pagesize: 4096
      cpus: 8
      cpus-online: 8
      ticks-per-second: 100

metrics:
    - stressor: cpu
      bogo-ops: 154284
      bogo-ops-per-second-usr-sys-time: 966.201019
      bogo-ops-per-second-real-time: 7714.158089
      wall-clock-time: 20.000109
      user-time: 159.659060
      system-time: 0.021997
      cpu-usage-per-instance: 99.800118
      max-rss: 976

...
