---
system-info:
      stress-ng-version: 0.17.08
      run-by: root
      date-yyyy-mm-dd: 2024:06:09
      time-hh-mm-ss: 19:28:45
      epoch-secs: 1717961325
      hostname: 4711c5d6aa10
      sysname: Linux
      nodename: 4711c5d6aa10
      release: 6.8.0-1008-aws
      version: '#8-Ubuntu SMP Sat Apr 20 00:46:25 UTC 2024'
      machine: x86_64
      compiler: 'musl-gcc 13.2.1'
      uptime: 106
      totalram: 66333831168
      freeram: 61741465600
      sharedram: 59908096
      bufferram: 111120384
      totalswap: 0
      freeswap: 0
      pagesize: 4096
      cpus: 8
      cpus-online: 8
      ticks-per-second: 100

metrics:
    - stressor: cpu
      bogo-ops: 94204
      bogo-ops-per-second-usr-sys-time: 1180.703926
      bogo-ops-per-second-real-time: 9419.278201
      wall-clock-time: 10.001191
      user-time: 79.768334
      system-time: 0.017968
      cpu-usage-per-instance: 99.721001
      max-rss: 3920

...
