---
system-info:
      stress-ng-version: 0.17.08
      run-by: root
      date-yyyy-mm-dd: 2024:06:13
      time-hh-mm-ss: 07:20:48
      epoch-secs: 1718263248
      hostname: 76ccd6b119af
      sysname: Linux
      nodename: 76ccd6b119af
      release: 6.8.0-1008-aws
      version: '#8-Ubuntu SMP Sat Apr 20 00:46:25 UTC 2024'
      machine: x86_64
      compiler: 'musl-gcc 13.2.1'
      uptime: 191
      totalram: 16555192320
      freeram: 9831833600
      sharedram: 40759296
      bufferram: 95100928
      totalswap: 0
      freeswap: 0
      pagesize: 4096
      cpus: 4
      cpus-online: 4
      ticks-per-second: 100

metrics:
    - stressor: cpu
      bogo-ops: 67231
      bogo-ops-per-second-usr-sys-time: 844.853023
      bogo-ops-per-second-real-time: 3361.527660
      wall-clock-time: 20.000133
      user-time: 79.568159
      system-time: 0.008996
      cpu-usage-per-instance: 99.470783
      max-rss: 1164

...
