---
system-info:
      stress-ng-version: 0.17.08
      run-by: root
      date-yyyy-mm-dd: 2024:06:07
      time-hh-mm-ss: 04:27:02
      epoch-secs: 1717734422
      hostname: f8e1018c39d1
      sysname: Linux
      nodename: f8e1018c39d1
      release: 6.8.0-1008-aws
      version: '#8-Ubuntu SMP Sat Apr 20 00:46:25 UTC 2024'
      machine: x86_64
      compiler: 'musl-gcc 13.2.1'
      uptime: 214
      totalram: 16555180032
      freeram: 9975013376
      sharedram: 40767488
      bufferram: 78565376
      totalswap: 0
      freeswap: 0
      pagesize: 4096
      cpus: 4
      cpus-online: 4
      ticks-per-second: 100

metrics:
    - stressor: cpu
      bogo-ops: 40138
      bogo-ops-per-second-usr-sys-time: 1009.436717
      bogo-ops-per-second-real-time: 4013.022928
      wall-clock-time: 10.001936
      user-time: 39.746785
      system-time: 0.015985
      cpu-usage-per-instance: 99.387680
      max-rss: 3920

...
