---
system-info:
      stress-ng-version: 0.17.08
      run-by: root
      date-yyyy-mm-dd: 2024:06:13
      time-hh-mm-ss: 12:38:18
      epoch-secs: 1718282298
      hostname: 20a283a97b08
      sysname: Linux
      nodename: 20a283a97b08
      release: 6.8.0-1008-aws
      version: '#8-Ubuntu SMP Sat Apr 20 02:43:14 UTC 2024'
      machine: aarch64
      compiler: 'musl-gcc 13.2.1'
      uptime: 151
      totalram: 132124872704
      freeram: 127574786048
      sharedram: 34951168
      bufferram: 106442752
      totalswap: 0
      freeswap: 0
      pagesize: 4096
      cpus: 32
      cpus-online: 32
      ticks-per-second: 100

metrics:
    - stressor: cpu
      bogo-ops: 30394
      bogo-ops-per-second-usr-sys-time: 1519.661401
      bogo-ops-per-second-real-time: 1519.697192
      wall-clock-time: 20.000037
      user-time: 20.000508
      system-time: 0.000000
      cpu-usage-per-instance: 100.002355
      max-rss: 1280

...
