---
system-info:
      stress-ng-version: 0.17.08
      run-by: root
      date-yyyy-mm-dd: 2024:06:07
      time-hh-mm-ss: 21:40:26
      epoch-secs: 1717796426
      hostname: c6e2f7bb0dec
      sysname: Linux
      nodename: c6e2f7bb0dec
      release: 6.8.0-1008-aws
      version: '#8-Ubuntu SMP Sat Apr 20 02:43:14 UTC 2024'
      machine: aarch64
      compiler: 'musl-gcc 13.2.1'
      uptime: 140
      totalram: 132124872704
      freeram: 127621664768
      sharedram: 34951168
      bufferram: 93138944
      totalswap: 0
      freeswap: 0
      pagesize: 4096
      cpus: 32
      cpus-online: 32
      ticks-per-second: 100

metrics:
    - stressor: cpu
      bogo-ops: 2940
      bogo-ops-per-second-usr-sys-time: 292.922193
      bogo-ops-per-second-real-time: 292.928430
      wall-clock-time: 10.036581
      user-time: 10.034796
      system-time: 0.001999
      cpu-usage-per-instance: 100.002129
      max-rss: 3840

...
