---
system-info:
      stress-ng-version: 0.17.08
      run-by: root
      date-yyyy-mm-dd: 2024:06:10
      time-hh-mm-ss: 02:25:22
      epoch-secs: 1717986322
      hostname: e1a90b37ef52
      sysname: Linux
      nodename: e1a90b37ef52
      release: 6.8.0-1008-aws
      version: '#8-Ubuntu SMP Sat Apr 20 00:46:25 UTC 2024'
      machine: x86_64
      compiler: 'musl-gcc 13.2.1'
      uptime: 142
      totalram: 399160205312
      freeram: 394276974592
      sharedram: 66535424
      bufferram: 114065408
      totalswap: 0
      freeswap: 0
      pagesize: 4096
      cpus: 48
      cpus-online: 48
      ticks-per-second: 100

metrics:
    - stressor: cpu
      bogo-ops: 22025
      bogo-ops-per-second-usr-sys-time: 2202.220979
      bogo-ops-per-second-real-time: 2202.218888
      wall-clock-time: 10.001276
      user-time: 10.001267
      system-time: 0.000000
      cpu-usage-per-instance: 99.999905
      max-rss: 3840

...
