---
system-info:
      stress-ng-version: 0.17.08
      run-by: root
      date-yyyy-mm-dd: 2024:06:16
      time-hh-mm-ss: 04:56:06
      epoch-secs: 1718513766
      hostname: 4b81dd672e90
      sysname: Linux
      nodename: 4b81dd672e90
      release: 6.8.0-1008-aws
      version: '#8-Ubuntu SMP Sat Apr 20 00:46:25 UTC 2024'
      machine: x86_64
      compiler: 'musl-gcc 13.2.1'
      uptime: 149
      totalram: 399160193024
      freeram: 394373844992
      sharedram: 66535424
      bufferram: 110841856
      totalswap: 0
      freeswap: 0
      pagesize: 4096
      cpus: 48
      cpus-online: 48
      ticks-per-second: 100

metrics:
    - stressor: cpu
      bogo-ops: 42229
      bogo-ops-per-second-usr-sys-time: 2111.417379
      bogo-ops-per-second-real-time: 2111.441190
      wall-clock-time: 20.000083
      user-time: 20.000309
      system-time: 0.000000
      cpu-usage-per-instance: 100.001128
      max-rss: 1152

...
