size_kb,operation,bandwidth_mb_s,latency_ns,latency_stddev_ns,latency_samples,threads,iterations,elapsed_s
32,read,18284471.58,0,0,0,192,746268,0.244886
32,write,19069897.69,0,0,0,192,686813,0.216093
32,copy,17055649.21,0,0,0,192,581395,0.204529
32,latency,0,1.83,0.00,7,1,7,0.262318
128,read,16584596.65,0,0,0,192,156250,0.226113
128,write,19097755.28,0,0,0,192,195312,0.245447
128,copy,13402578.86,0,0,0,192,125250,0.224285
128,latency,0,2.08,0.08,7,1,7,0.539000
1024,read,14349804.98,0,0,0,192,19139,0.256079
1024,write,19009455.18,0,0,0,192,24858,0.251072
1024,copy,2438408.01,0,0,0,192,15338,1.207713
1024,latency,0,5.28,0.02,7,1,7,0.667409
2048,read,4283751.81,0,0,0,192,6418,0.575316
2048,write,4368543.87,0,0,0,192,12322,1.083118
2048,copy,909437.02,0,0,0,192,5335,2.252646
2048,latency,0,11.08,0.22,7,1,7,0.633352
4096,read,1667585.89,0,0,0,192,4256,1.960084
4096,write,1508091.60,0,0,0,192,5326,2.712281
4096,copy,454579.64,0,0,0,192,1966,3.321504
4096,latency,0,22.58,0.14,7,1,7,0.689292
32768,read,738177.81,0,0,0,192,292,2.430374
32768,write,704300.02,0,0,0,192,532,4.640931
32768,copy,331993.77,0,0,0,192,225,4.163934
32768,latency,0,33.75,0.03,7,1,7,0.795098
65536,read,704592.71,0,0,0,192,141,2.459021
65536,write,673260.93,0,0,0,192,266,4.854890
65536,copy,330739.05,0,0,0,192,113,4.198307
65536,latency,0,34.83,0.03,7,1,7,1.664795
131072,read,688554.39,0,0,0,192,70,2.498452
131072,write,674584.13,0,0,0,192,131,4.772505
131072,copy,330774.97,0,0,0,192,56,4.160702
131072,latency,0,59.37,0.60,7,1,7,5.386136
262144,read,708634.94,0,0,0,192,35,2.427653
262144,write,674828.11,0,0,0,192,65,4.734361
262144,copy,322569.86,0,0,0,96,28,2.133268
262144,latency,0,79.24,0.56,7,1,7,14.268215
524288,read,662416.93,0,0,0,96,17,1.261417
524288,write,685383.19,0,0,0,96,32,2.294868
524288,copy,322028.64,0,0,0,48,14,1.068427
524288,latency,0,89.19,0.00,7,1,7,32.366015
