---
system-info:
      stress-ng-version: 0.17.08
      run-by: root
      date-yyyy-mm-dd: 2024:09:14
      time-hh-mm-ss: 02:24:40
      epoch-secs: 1726280680
      hostname: ip-172-31-25-172
      sysname: Linux
      nodename: ip-172-31-25-172
      release: 6.8.0-1014-aws
      version: '#15-Ubuntu SMP Thu Aug  8 19:13:06 UTC 2024'
      machine: x86_64
      compiler: 'musl-gcc 13.2.1'
      uptime: 215
      totalram: 2164323401728
      freeram: 2151217852416
      sharedram: 116658176
      bufferram: 225259520
      totalswap: 0
      freeswap: 0
      pagesize: 4096
      cpus: 128
      cpus-online: 128
      ticks-per-second: 100

metrics:
    - stressor: cpu
      bogo-ops: 38190
      bogo-ops-per-second-usr-sys-time: 1909.486634
      bogo-ops-per-second-real-time: 1909.500159
      wall-clock-time: 19.999998
      user-time: 20.000140
      system-time: 0.000000
      cpu-usage-per-instance: 100.000708
      max-rss: 0

...
