---
system-info:
      stress-ng-version: 0.17.08
      run-by: root
      date-yyyy-mm-dd: 2024:06:06
      time-hh-mm-ss: 11:40:57
      epoch-secs: 1717674057
      hostname: e286d5ac3917
      sysname: Linux
      nodename: e286d5ac3917
      release: 6.8.0-1008-aws
      version: '#8-Ubuntu SMP Sat Apr 20 00:46:25 UTC 2024'
      machine: x86_64
      compiler: 'musl-gcc 13.2.1'
      uptime: 99
      totalram: 99611574272
      freeram: 95153508352
      sharedram: 60264448
      bufferram: 83046400
      totalswap: 0
      freeswap: 0
      pagesize: 4096
      cpus: 48
      cpus-online: 48
      ticks-per-second: 100

metrics:
    - stressor: cpu
      bogo-ops: 564195
      bogo-ops-per-second-usr-sys-time: 1176.058119
      bogo-ops-per-second-real-time: 56411.500544
      wall-clock-time: 10.001418
      user-time: 479.691966
      system-time: 0.041978
      cpu-usage-per-instance: 99.930401
      max-rss: 3840

...
