---
system-info:
      stress-ng-version: 0.17.08
      run-by: root
      date-yyyy-mm-dd: 2024:06:13
      time-hh-mm-ss: 02:21:59
      epoch-secs: 1718245319
      hostname: dad98a3fb5b6
      sysname: Linux
      nodename: dad98a3fb5b6
      release: 6.8.0-1008-aws
      version: '#8-Ubuntu SMP Sat Apr 20 00:46:25 UTC 2024'
      machine: x86_64
      compiler: 'musl-gcc 13.2.1'
      uptime: 117
      totalram: 99611578368
      freeram: 94931787776
      sharedram: 60264448
      bufferram: 111448064
      totalswap: 0
      freeswap: 0
      pagesize: 4096
      cpus: 48
      cpus-online: 48
      ticks-per-second: 100

metrics:
    - stressor: cpu
      bogo-ops: 927320
      bogo-ops-per-second-usr-sys-time: 966.302154
      bogo-ops-per-second-real-time: 46365.846838
      wall-clock-time: 20.000066
      user-time: 959.634440
      system-time: 0.023982
      cpu-usage-per-instance: 99.964089
      max-rss: 1152

...
