BaselineInfo:
  WebDBID: -1
  TimeStamp: 20250915235333
Version:
  Major: 11
  Minor: 0
  Build: 1002
  SpecialBuildName: ""
  ptArchitecture: aarch64_linux
Results:
  Results Complete: true
  NumTestProcesses: 2
  CPU_INTEGER_MATH: 10396.600999999999
  CPU_FLOATINGPOINT_MATH: 12079.419649771633
  CPU_PRIME: 34.260563630385107
  CPU_SORTING: 9164.9252516697416
  CPU_ENCRYPTION: 373.62161043058603
  CPU_COMPRESSION: 13115.267070788923
  CPU_SINGLETHREAD: 1941.8317929366926
  CPU_PHYSICS: 681.68359890654267
  CPU_MATRIX_MULT_SSE: 1830.4207789569346
  CPU_mm: 227.40265319701285
  CPU_sse: 1434.6119315207122
  CPU_fma: 2226.2296263931567
  CPU_avx: 0
  CPU_avx512: 0
  m_CPU_enc_SHA: 588969726.67360258
  m_CPU_enc_AES: 213880461.95739144
  m_CPU_enc_ECDSA: 372461772.70559251
  ME_ALLOC_S: 3039.8077134330383
  ME_READ_S: 19373.591015624999
  ME_READ_L: 20076.53515625
  ME_WRITE: 21244.294921875
  ME_LARGE: 6103.833333333333
  ME_LATENCY: 45.630750287474704
  ME_THREADED: 38952.591796875
  SUMM_CPU: 1988.4323499343775
  SUMM_ME: 2529.8920610126188
SystemInformation:
  OSName: Ubuntu 24.04.2 LTS
  Kernel: 6.14.0-1012-aws
  Device: ""
  Processor: ARM Neoverse-V2 2 Core 0 MHz
  NumSockets: 1
  Manufacturer: ARM
  NumCores: 2
  NumLogicals: 2
  CPUFrequency: 0
  Memory: 15671
Checksum: 4EAEF57D995BECECC4B38ACCC96093EAC44DCD9B