BaselineInfo:
  WebDBID: -1
  TimeStamp: 20241107091812
Version:
  Major: 11
  Minor: 0
  Build: 1002
  SpecialBuildName: ""
  ptArchitecture: x86_64_linux
Results:
  Results Complete: true
  NumTestProcesses: 2
  CPU_INTEGER_MATH: 8335.8260000000009
  CPU_FLOATINGPOINT_MATH: 4259.0656861063972
  CPU_PRIME: 18.711785329277177
  CPU_SORTING: 4412.0627366193776
  CPU_ENCRYPTION: 1804.1988198160902
  CPU_COMPRESSION: 31516.707113944467
  CPU_SINGLETHREAD: 2309.3568098481906
  CPU_PHYSICS: 373.08060641829547
  CPU_MATRIX_MULT_SSE: 1740.5520281795336
  CPU_mm: 179.7653726623065
  CPU_sse: 788.64740883940067
  CPU_fma: 2174.0643475876368
  CPU_avx: 1605.9559501495764
  CPU_avx512: 2393.5404061415202
  m_CPU_enc_SHA: 1825488426.2222748
  m_CPU_enc_AES: 2742345677.8771381
  m_CPU_enc_ECDSA: 1107684640.9630156
  ME_ALLOC_S: 1029.6191601675423
  ME_READ_S: 24141.377539062501
  ME_READ_L: 11654.5048828125
  ME_WRITE: 10592.2998046875
  ME_LARGE: 667
  ME_LATENCY: 61.734041881469956
  ME_THREADED: 15917.6953125
  SUMM_CPU: 2991.3289329424902
  SUMM_ME: 1013.0309652741453
SystemInformation:
  OSName: Ubuntu 24.04.1 LTS
  Kernel: 6.8.0-1016-aws
  Device: ""
  Processor: Intel Xeon Platinum 8375C CPU @ 2.90GHz
  NumSockets: 1
  Manufacturer: GenuineIntel
  NumCores: 1
  NumLogicals: 2
  CPUFrequency: 0
  Memory: 7780
  MemModuleInfo:
    iNumMemSticks: 1
    DIMM 1:
      manufacturer: Not Specified
      modulePartNo: Not Specified
      memType: DDR4
      size: 8
      clkspeed: 1600
      moduleVoltage: 0
Checksum: 3F3F76609A7D5E4647A46858A9142DC17DC8F101