---
system-info:
      stress-ng-version: 0.17.08
      run-by: root
      date-yyyy-mm-dd: 2024:06:15
      time-hh-mm-ss: 22:41:31
      epoch-secs: 1718491291
      hostname: 0afd7490e7cc
      sysname: Linux
      nodename: 0afd7490e7cc
      release: 6.8.0-1008-aws
      version: '#8-Ubuntu SMP Sat Apr 20 00:46:25 UTC 2024'
      machine: x86_64
      compiler: 'musl-gcc 13.2.1'
      uptime: 135
      totalram: 33091219456
      freeram: 28700487680
      sharedram: 59867136
      bufferram: 110280704
      totalswap: 0
      freeswap: 0
      pagesize: 4096
      cpus: 4
      cpus-online: 4
      ticks-per-second: 100

metrics:
    - stressor: cpu
      bogo-ops: 37708
      bogo-ops-per-second-usr-sys-time: 1885.425925
      bogo-ops-per-second-real-time: 1885.395280
      wall-clock-time: 20.000050
      user-time: 19.999725
      system-time: 0.000000
      cpu-usage-per-instance: 99.998375
      max-rss: 1104

...
