---
system-info:
      stress-ng-version: 0.17.08
      run-by: root
      date-yyyy-mm-dd: 2024:06:09
      time-hh-mm-ss: 19:54:42
      epoch-secs: 1717962882
      hostname: cca677336b75
      sysname: Linux
      nodename: cca677336b75
      release: 6.8.0-1008-aws
      version: '#8-Ubuntu SMP Sat Apr 20 00:46:25 UTC 2024'
      machine: x86_64
      compiler: 'musl-gcc 13.2.1'
      uptime: 120
      totalram: 33091219456
      freeram: 28586168320
      sharedram: 59858944
      bufferram: 111665152
      totalswap: 0
      freeswap: 0
      pagesize: 4096
      cpus: 4
      cpus-online: 4
      ticks-per-second: 100

metrics:
    - stressor: cpu
      bogo-ops: 16626
      bogo-ops-per-second-usr-sys-time: 1662.098046
      bogo-ops-per-second-real-time: 1662.079261
      wall-clock-time: 10.003133
      user-time: 10.001021
      system-time: 0.001999
      cpu-usage-per-instance: 99.998870
      max-rss: 3792

...
