---
system-info:
      stress-ng-version: 0.17.08
      run-by: root
      date-yyyy-mm-dd: 2024:09:20
      time-hh-mm-ss: 05:29:01
      epoch-secs: 1726810141
      hostname: sc-runner
      sysname: Linux
      nodename: sc-runner
      release: 6.8.0-1014-azure
      version: '#16-Ubuntu SMP Thu Aug 15 20:04:41 UTC 2024'
      machine: x86_64
      compiler: 'musl-gcc 13.2.1'
      uptime: 339
      totalram: 16766767104
      freeram: 6589734912
      sharedram: 38096896
      bufferram: 250204160
      totalswap: 0
      freeswap: 0
      pagesize: 4096
      cpus: 2
      cpus-online: 2
      ticks-per-second: 100

metrics:
    - stressor: cpu
      bogo-ops: 58632
      bogo-ops-per-second-usr-sys-time: 2931.798776
      bogo-ops-per-second-real-time: 2931.588712
      wall-clock-time: 20.000077
      user-time: 19.997645
      system-time: 0.000999
      cpu-usage-per-instance: 99.992835
      max-rss: 3152

...
