---
system-info:
      stress-ng-version: 0.17.08
      run-by: root
      date-yyyy-mm-dd: 2024:07:02
      time-hh-mm-ss: 11:24:32
      epoch-secs: 1719919472
      hostname: t2a-standard-32-6f5854a
      sysname: Linux
      nodename: t2a-standard-32-6f5854a
      release: 6.8.0-1009-gcp
      version: '#10-Ubuntu SMP Thu Jun 13 02:33:24 UTC 2024'
      machine: aarch64
      compiler: 'musl-gcc 13.2.1'
      uptime: 150
      totalram: 134793412608
      freeram: 129395355648
      sharedram: 3743744
      bufferram: 126935040
      totalswap: 0
      freeswap: 0
      pagesize: 4096
      cpus: 32
      cpus-online: 32
      ticks-per-second: 100

metrics:
    - stressor: cpu
      bogo-ops: 1157114
      bogo-ops-per-second-usr-sys-time: 1809.139966
      bogo-ops-per-second-real-time: 57855.510917
      wall-clock-time: 20.000065
      user-time: 639.559241
      system-time: 0.034169
      cpu-usage-per-instance: 99.936144
      max-rss: 1024

...
