---
system-info:
      stress-ng-version: 0.17.08
      run-by: root
      date-yyyy-mm-dd: 2024:09:24
      time-hh-mm-ss: 04:41:23
      epoch-secs: 1727152883
      hostname: sc-runner
      sysname: Linux
      nodename: sc-runner
      release: 6.8.0-1014-azure
      version: '#16-Ubuntu SMP Thu Aug 15 20:04:41 UTC 2024'
      machine: x86_64
      compiler: 'musl-gcc 13.2.1'
      uptime: 337
      totalram: 135060652032
      freeram: 124269883392
      sharedram: 42168320
      bufferram: 294830080
      totalswap: 0
      freeswap: 0
      pagesize: 4096
      cpus: 32
      cpus-online: 32
      ticks-per-second: 100

metrics:
    - stressor: cpu
      bogo-ops: 28277
      bogo-ops-per-second-usr-sys-time: 1413.851697
      bogo-ops-per-second-real-time: 1413.843494
      wall-clock-time: 20.000092
      user-time: 19.998977
      system-time: 0.000999
      cpu-usage-per-instance: 99.999420
      max-rss: 3080

...
