BaselineInfo:
  WebDBID: -1
  TimeStamp: 20260212154018
Version:
  Major: 11
  Minor: 0
  Build: 1004
  SpecialBuildName: ""
  ptArchitecture: x86_64_linux
Results:
  Results Complete: true
  NumTestProcesses: 16
  CPU_INTEGER_MATH: 84933.134666666665
  CPU_FLOATINGPOINT_MATH: 60150.968168265346
  CPU_PRIME: 164.9223028846348
  CPU_SORTING: 42419.872985203037
  CPU_ENCRYPTION: 18653.563991360268
  CPU_COMPRESSION: 308307.40358112176
  CPU_SINGLETHREAD: 3237.2203127807206
  CPU_PHYSICS: 3949.4734707058342
  CPU_MATRIX_MULT_SSE: 24705.978998456605
  CPU_mm: 2403.499300681317
  CPU_sse: 10311.220167222358
  CPU_fma: 25495.864151280202
  CPU_avx: 20815.331713828651
  CPU_avx512: 42201.499961495232
  m_CPU_enc_SHA: 19755300486.873573
  m_CPU_enc_AES: 25740814513.569275
  m_CPU_enc_ECDSA: 13182923546.970905
  ME_ALLOC_S: 10384.145231956634
  ME_READ_S: 27961.203125
  ME_READ_L: 9786.7373046875
  ME_WRITE: 9650.3525390625
  ME_LARGE: 106961.75
  ME_LATENCY: 50.848482662010817
  ME_THREADED: 139101.0537109375
  SUMM_CPU: 29390.759892409034
  SUMM_ME: 2704.2547914284601
SystemInformation:
  OSName: Ubuntu 24.04.3 LTS
  Kernel: 6.14.0-1018-aws
  Device: ""
  Processor: Intel(R) Xeon(R) Platinum 8559C
  NumSockets: 1
  Manufacturer: GenuineIntel
  NumCores: 8
  NumLogicals: 16
  CPUFrequency: 0
  CPUMaxFrequency: 0
  Memory: 127769
  CPUInfo:
    number: 1
    Family: 6
    Model: 15
    stepping: 2
    features: 529267711
    manufacture: GenuineIntel
    typestring: Intel(R) Xeon(R) Platinum 8559C
    iCoresPerPackage: 8
    iThreadsPerPackage: 2
    featuresEx:
      - 529267711
      - 4294619651
      - 739248128
    bHybrid: false
    nPCore: 0
    nLogicalsPerPCore: 0
    nECore: 0
    nLogicalsPerECore: 0
  MemModuleInfo:
    iNumMemSticks: 1
    DIMM 1:
      manufacturer: Not Specified
      modulePartNo: Not Specified
      memType: DDR5
      size: 128
      clkspeed: 2800
      moduleVoltage: 0
Checksum: 5F9995D690B3EC86F8539A9057CF8974C402F223