BaselineInfo:
  WebDBID: -1
  TimeStamp: 20260404151843
Version:
  Major: 11
  Minor: 0
  Build: 1004
  SpecialBuildName: ""
  ptArchitecture: x86_64_linux
Results:
  Results Complete: true
  NumTestProcesses: 4
  CPU_INTEGER_MATH: 13967.072666666667
  CPU_FLOATINGPOINT_MATH: 11974.036993291225
  CPU_PRIME: 45.727831213218622
  CPU_SORTING: 9642.4516529120883
  CPU_ENCRYPTION: 1299.1843824464797
  CPU_COMPRESSION: 69652.016617586138
  CPU_SINGLETHREAD: 1853.0926289136064
  CPU_PHYSICS: 721.77611539723989
  CPU_MATRIX_MULT_SSE: 4006.2497837499254
  CPU_mm: 616.3751139147646
  CPU_sse: 2467.8550642816026
  CPU_fma: 5540.5021521380677
  CPU_avx: 4010.3921348301055
  CPU_avx512: 0
  m_CPU_enc_SHA: 935815241.49946904
  m_CPU_enc_AES: 2330093213.975112
  m_CPU_enc_ECDSA: 820972233.55001903
  ME_ALLOC_S: 1128.2949086104372
  ME_READ_S: 18977.94091796875
  ME_READ_L: 6635.482421875
  ME_WRITE: 5683.41455078125
  ME_LARGE: 18905.416666666668
  ME_LATENCY: 70.76990415382933
  ME_THREADED: 24486.037109375
  SUMM_CPU: 5065.0951430221257
  SUMM_ME: 1577.4865718214576
SystemInformation:
  OSName: Ubuntu 24.04.4 LTS
  Kernel: 6.8.0-106-generic
  Device: ""
  Processor: Intel(R) Xeon(R) CPU E5-2682 v4 @ 2.50GHz
  NumSockets: 1
  Manufacturer: GenuineIntel
  NumCores: 2
  NumLogicals: 4
  CPUFrequency: 0
  CPUMaxFrequency: 0
  Memory: 31713
  CPUInfo:
    number: 1
    Family: 6
    Model: 15
    stepping: 1
    features: 529267711
    manufacture: GenuineIntel
    typestring: Intel(R) Xeon(R) CPU E5-2682 v4 @ 2.50GHz
    iCoresPerPackage: 2
    iThreadsPerPackage: 2
    featuresEx:
      - 529267711
      - 4294586883
      - 739248128
    bHybrid: false
    nPCore: 0
    nLogicalsPerPCore: 0
    nECore: 0
    nLogicalsPerECore: 0
  MemModuleInfo:
    iNumMemSticks: 2
    DIMM 1:
      manufacturer: Alibaba Cloud
      modulePartNo: Not Specified
      memType: RAM
      size: 16
      clkspeed: 0
      moduleVoltage: 0
    DIMM 2:
      manufacturer: Alibaba Cloud
      modulePartNo: Not Specified
      memType: RAM
      size: 16
      clkspeed: 0
      moduleVoltage: 0
Checksum: 55BC3B69CEB712FCD884478493CFEE512CCE3F54