---
system-info:
      stress-ng-version: 0.17.08
      run-by: root
      date-yyyy-mm-dd: 2024:07:12
      time-hh-mm-ss: 05:19:22
      epoch-secs: 1720761562
      hostname: ip-172-31-22-139
      sysname: Linux
      nodename: ip-172-31-22-139
      release: 6.8.0-1010-aws
      version: '#10-Ubuntu SMP Thu Jun 13 17:36:15 UTC 2024'
      machine: x86_64
      compiler: 'musl-gcc 13.2.1'
      uptime: 301
      totalram: 130093330432
      freeram: 122024574976
      sharedram: 37314560
      bufferram: 129744896
      totalswap: 0
      freeswap: 0
      pagesize: 4096
      cpus: 32
      cpus-online: 32
      ticks-per-second: 100

metrics:
    - stressor: cpu
      bogo-ops: 955864
      bogo-ops-per-second-usr-sys-time: 1494.348899
      bogo-ops-per-second-real-time: 47793.069014
      wall-clock-time: 20.000055
      user-time: 639.626507
      system-time: 0.025987
      cpu-usage-per-instance: 99.945428
      max-rss: 1032

...
