BaselineInfo:
  WebDBID: -1
  TimeStamp: 20250702120328
Version:
  Major: 11
  Minor: 0
  Build: 1002
  SpecialBuildName: ""
  ptArchitecture: x86_64_linux
Results:
  Results Complete: true
  NumTestProcesses: 4
  CPU_INTEGER_MATH: 21675.826666666668
  CPU_FLOATINGPOINT_MATH: 15721.549592745181
  CPU_PRIME: 28.896825358173942
  CPU_SORTING: 10411.037134488426
  CPU_ENCRYPTION: 4728.6163077119336
  CPU_COMPRESSION: 87386.563173745584
  CPU_SINGLETHREAD: 3407.3514529676836
  CPU_PHYSICS: 644.88874490107582
  CPU_MATRIX_MULT_SSE: 5630.6088607515458
  CPU_mm: 616.08902062729123
  CPU_sse: 2630.8253032937782
  CPU_fma: 6862.1045491726745
  CPU_avx: 5311.3248038211195
  CPU_avx512: 7718.1807867186071
  m_CPU_enc_SHA: 4961727876.8431816
  m_CPU_enc_AES: 6485245358.9605598
  m_CPU_enc_ECDSA: 3427967484.622303
  ME_ALLOC_S: 2088.0676205616828
  ME_READ_S: 26571.187109375001
  ME_READ_L: 9988.4033203125
  ME_WRITE: 5626.61572265625
  ME_LARGE: 21572.75
  ME_LATENCY: 100.00389198766474
  ME_THREADED: 23626.77587890625
  SUMM_CPU: 8004.6852562026261
  SUMM_ME: 1593.5228979778271
SystemInformation:
  OSName: Ubuntu 24.04.2 LTS
  Kernel: 6.11.0-1016-gcp
  Device: ""
  Processor: Intel Xeon 6985P-C CPU @ 2.30GHz
  NumSockets: 1
  Manufacturer: GenuineIntel
  NumCores: 2
  NumLogicals: 4
  CPUFrequency: 0
  Memory: 31085
  MemModuleInfo:
    iNumMemSticks: 2
    DIMM 1:
      manufacturer: ""
      modulePartNo: ""
      memType: RAM
      size: 16
      clkspeed: 0
      moduleVoltage: 0
    DIMM 2:
      manufacturer: ""
      modulePartNo: ""
      memType: RAM
      size: 15
      clkspeed: 0
      moduleVoltage: 0
Checksum: C7621AB146E0127C3C1795E7AC73A1E0A9895962