BaselineInfo:
  WebDBID: -1
  TimeStamp: 20241115091937
Version:
  Major: 11
  Minor: 0
  Build: 1002
  SpecialBuildName: ""
  ptArchitecture: x86_64_linux
Results:
  Results Complete: true
  NumTestProcesses: 2
  CPU_INTEGER_MATH: 4671.7289999999994
  CPU_FLOATINGPOINT_MATH: 2523.9680622840324
  CPU_PRIME: 7.2451548453091856
  CPU_SORTING: 2646.2138130327548
  CPU_ENCRYPTION: 589.01616411816804
  CPU_COMPRESSION: 21044.619133937958
  CPU_SINGLETHREAD: 1436.6546257284917
  CPU_PHYSICS: 171.40821635137593
  CPU_MATRIX_MULT_SSE: 1315.0669671438286
  CPU_mm: 149.00736919816308
  CPU_sse: 522.40801195722452
  CPU_fma: 1639.1077870858358
  CPU_avx: 1257.4836072316984
  CPU_avx512: 1841.2684623005557
  m_CPU_enc_SHA: 217362095.07447726
  m_CPU_enc_AES: 1446866367.9307642
  m_CPU_enc_ECDSA: 188656176.91387522
  ME_ALLOC_S: 0
  ME_READ_S: 0
  ME_READ_L: 0
  ME_WRITE: 0
  ME_LARGE: 0
  ME_LATENCY: 0
  ME_THREADED: 0
  SUMM_CPU: 1633.0688987311373
  SUMM_ME: 0
SystemInformation:
  OSName: Ubuntu 24.04.1 LTS
  Kernel: 6.8.0-1018-aws
  Device: ""
  Processor: Intel Xeon Platinum 8259CL CPU @ 2.50GHz
  NumSockets: 1
  Manufacturer: GenuineIntel
  NumCores: 1
  NumLogicals: 2
  CPUFrequency: 0
  Memory: 914
  MemModuleInfo:
    iNumMemSticks: 1
    DIMM 1:
      manufacturer: Not Specified
      modulePartNo: Not Specified
      memType: DDR4
      size: 1
      clkspeed: 1333
      moduleVoltage: 0
Checksum: 2318B489EF796E76244145EA224FE58D467E1236