BaselineInfo:
  WebDBID: -1
  TimeStamp: 20241106213844
Version:
  Major: 11
  Minor: 0
  Build: 1002
  SpecialBuildName: ""
  ptArchitecture: x86_64_linux
Results:
  Results Complete: true
  NumTestProcesses: 2
  CPU_INTEGER_MATH: 4766.3719999999994
  CPU_FLOATINGPOINT_MATH: 2728.8266668545257
  CPU_PRIME: 7.354899292183144
  CPU_SORTING: 2449.1452978921716
  CPU_ENCRYPTION: 632.33533786862733
  CPU_COMPRESSION: 19769.380178773019
  CPU_SINGLETHREAD: 1199.8195286454099
  CPU_PHYSICS: 165.10655426747201
  CPU_MATRIX_MULT_SSE: 1189.6126847197556
  CPU_mm: 140.66459153164112
  CPU_sse: 550.76270488643809
  CPU_fma: 1441.8447068137093
  CPU_avx: 988.88933158485111
  CPU_avx512: 1776.9539955940245
  m_CPU_enc_SHA: 238923681.26786703
  m_CPU_enc_AES: 1553446556.7105861
  m_CPU_enc_ECDSA: 196784739.74434817
  ME_ALLOC_S: 540.01666313129567
  ME_READ_S: 15704.7564453125
  ME_READ_L: 6888.3125
  ME_WRITE: 6894.244140625
  ME_LARGE: 563
  ME_LATENCY: 75.040833917468959
  ME_THREADED: 9396.42822265625
  SUMM_CPU: 1627.0573115073278
  SUMM_ME: 751.17438790231506
SystemInformation:
  OSName: Ubuntu 24.04.1 LTS
  Kernel: 6.8.0-1016-aws
  Device: ""
  Processor: Intel Xeon Platinum 8259CL CPU @ 2.50GHz
  NumSockets: 1
  Manufacturer: GenuineIntel
  NumCores: 1
  NumLogicals: 2
  CPUFrequency: 0
  Memory: 914
  MemModuleInfo:
    iNumMemSticks: 1
    DIMM 1:
      manufacturer: Not Specified
      modulePartNo: Not Specified
      memType: DDR4
      size: 1
      clkspeed: 1600
      moduleVoltage: 0
Checksum: 4F298D47866C68759E0BE3BE9DFA3023A45EEF0B