BaselineInfo:
  WebDBID: -1
  TimeStamp: 20241114163553
Version:
  Major: 11
  Minor: 0
  Build: 1002
  SpecialBuildName: ""
  ptArchitecture: x86_64_linux
Results:
  Results Complete: true
  NumTestProcesses: 2
  CPU_INTEGER_MATH: 4969.266333333333
  CPU_FLOATINGPOINT_MATH: 2699.3035345495846
  CPU_PRIME: 8.141685430444852
  CPU_SORTING: 2578.3231719066662
  CPU_ENCRYPTION: 679.12560162405646
  CPU_COMPRESSION: 21855.955006077755
  CPU_SINGLETHREAD: 1335.7448378793526
  CPU_PHYSICS: 193.81202055449546
  CPU_MATRIX_MULT_SSE: 1189.8317015925677
  CPU_mm: 148.76805958866836
  CPU_sse: 540.01218926490128
  CPU_fma: 1517.3776226320076
  CPU_avx: 1099.0890500951848
  CPU_avx512: 1602.8479443781773
  m_CPU_enc_SHA: 217280722.66108191
  m_CPU_enc_AES: 1716959396.0965557
  m_CPU_enc_ECDSA: 202104301.78800219
  ME_ALLOC_S: 0
  ME_READ_S: 0
  ME_READ_L: 0
  ME_WRITE: 0
  ME_LARGE: 0
  ME_LATENCY: 0
  ME_THREADED: 0
  SUMM_CPU: 1715.2798816515169
  SUMM_ME: 0
SystemInformation:
  OSName: Ubuntu 24.04.1 LTS
  Kernel: 6.8.0-1018-aws
  Device: ""
  Processor: Intel Xeon Platinum 8259CL CPU @ 2.50GHz
  NumSockets: 1
  Manufacturer: GenuineIntel
  NumCores: 1
  NumLogicals: 2
  CPUFrequency: 0
  Memory: 914
  MemModuleInfo:
    iNumMemSticks: 1
    DIMM 1:
      manufacturer: Not Specified
      modulePartNo: Not Specified
      memType: DDR4
      size: 1
      clkspeed: 1466
      moduleVoltage: 0
Checksum: 74C6AE823DFA647A2D316E5C10B808ED0B7D710A