BaselineInfo:
  WebDBID: -1
  TimeStamp: 20241114172609
Version:
  Major: 11
  Minor: 0
  Build: 1002
  SpecialBuildName: ""
  ptArchitecture: aarch64_linux
Results:
  Results Complete: true
  NumTestProcesses: 1
  CPU_INTEGER_MATH: 3886.54
  CPU_FLOATINGPOINT_MATH: 2953.9449252563709
  CPU_PRIME: 8.3364009059628348
  CPU_SORTING: 2768.8621055901885
  CPU_ENCRYPTION: 132.08049826425341
  CPU_COMPRESSION: 4116.402997250857
  CPU_SINGLETHREAD: 998.2700959107251
  CPU_PHYSICS: 177.93515824113922
  CPU_MATRIX_MULT_SSE: 615.02773145627043
  CPU_mm: 102.8961563140809
  CPU_sse: 514.31083497729423
  CPU_fma: 715.74462793524651
  CPU_avx: 0
  CPU_avx512: 0
  m_CPU_enc_SHA: 198018105.42781126
  m_CPU_enc_AES: 92107442.719625592
  m_CPU_enc_ECDSA: 125363773.49637653
  ME_ALLOC_S: 621.96435143481006
  ME_READ_S: 9286.6455078125
  ME_READ_L: 9000.646484375
  ME_WRITE: 12354.7822265625
  ME_LARGE: 468.83333333333331
  ME_LATENCY: 72.095482427935693
  ME_THREADED: 9010.185546875
  SUMM_CPU: 658.64630299475027
  SUMM_ME: 690.26691505556414
SystemInformation:
  OSName: Ubuntu 24.04.1 LTS
  Kernel: 6.8.0-1018-aws
  Device: ""
  Processor: ARM Neoverse-N1 1 Core 0 MHz
  NumSockets: 1
  Manufacturer: ARM
  NumCores: 1
  NumLogicals: 1
  CPUFrequency: 0
  Memory: 3792
Checksum: DCD5B6671D9034DACB4728B1D5C6B48063367A97