BaselineInfo:
  WebDBID: -1
  TimeStamp: 20241115095947
Version:
  Major: 11
  Minor: 0
  Build: 1002
  SpecialBuildName: ""
  ptArchitecture: aarch64_linux
Results:
  Results Complete: true
  NumTestProcesses: 1
  CPU_INTEGER_MATH: 3882.6823333333336
  CPU_FLOATINGPOINT_MATH: 2950.6237359191755
  CPU_PRIME: 8.4111379089097831
  CPU_SORTING: 2768.6086016428721
  CPU_ENCRYPTION: 132.66602507533966
  CPU_COMPRESSION: 4102.1521062207303
  CPU_SINGLETHREAD: 995.34416711078677
  CPU_PHYSICS: 178.60553532044261
  CPU_MATRIX_MULT_SSE: 611.91422045594868
  CPU_mm: 102.82889395819952
  CPU_sse: 509.5922154693165
  CPU_fma: 714.2362254425808
  CPU_avx: 0
  CPU_avx512: 0
  m_CPU_enc_SHA: 202157190.68371978
  m_CPU_enc_AES: 93427364.92336303
  m_CPU_enc_ECDSA: 121746674.12111521
  ME_ALLOC_S: 628.46730607112806
  ME_READ_S: 9300.0934570312493
  ME_READ_L: 9008.892578125
  ME_WRITE: 12361.8369140625
  ME_LARGE: 547.5
  ME_LATENCY: 73.241144916980588
  ME_THREADED: 9002.0478515625
  SUMM_CPU: 658.76474978376882
  SUMM_ME: 739.59484878553576
SystemInformation:
  OSName: Ubuntu 24.04.1 LTS
  Kernel: 6.8.0-1018-aws
  Device: ""
  Processor: ARM Neoverse-N1 1 Core 0 MHz
  NumSockets: 1
  Manufacturer: ARM
  NumCores: 1
  NumLogicals: 1
  CPUFrequency: 0
  Memory: 3792
Checksum: AC335E7B3F22352F2481F9F639A145C926231694