BaselineInfo:
  WebDBID: -1
  TimeStamp: 20241106223909
Version:
  Major: 11
  Minor: 0
  Build: 1002
  SpecialBuildName: ""
  ptArchitecture: aarch64_linux
Results:
  Results Complete: true
  NumTestProcesses: 1
  CPU_INTEGER_MATH: 3883.5343333333335
  CPU_FLOATINGPOINT_MATH: 2953.8509426210726
  CPU_PRIME: 8.3604374987038259
  CPU_SORTING: 2778.4647827051399
  CPU_ENCRYPTION: 132.17872413926344
  CPU_COMPRESSION: 4108.3064659121683
  CPU_SINGLETHREAD: 1055.4383231989198
  CPU_PHYSICS: 178.3878347064869
  CPU_MATRIX_MULT_SSE: 611.67206891529418
  CPU_mm: 102.67748098022636
  CPU_sse: 508.69211628958175
  CPU_fma: 714.65202154100655
  CPU_avx: 0
  CPU_avx512: 0
  m_CPU_enc_SHA: 201513586.1912832
  m_CPU_enc_AES: 93056283.866219923
  m_CPU_enc_ECDSA: 121228443.47165385
  ME_ALLOC_S: 638.6355958784668
  ME_READ_S: 9296.0753906249993
  ME_READ_L: 8993.2236328125
  ME_WRITE: 12358.0595703125
  ME_LARGE: 476.08333333333331
  ME_LATENCY: 72.3776001418411
  ME_THREADED: 9012.537109375
  SUMM_CPU: 658.52336309750456
  SUMM_ME: 696.13048933397408
SystemInformation:
  OSName: Ubuntu 24.04.1 LTS
  Kernel: 6.8.0-1016-aws
  Device: ""
  Processor: ARM Neoverse-N1 1 Core 0 MHz
  NumSockets: 1
  Manufacturer: ARM
  NumCores: 1
  NumLogicals: 1
  CPUFrequency: 0
  Memory: 3792
Checksum: 961080BEF740188D2CC54DD778EEF55A482456C0