BaselineInfo:
  WebDBID: -1
  TimeStamp: 20241108173512
Version:
  Major: 11
  Minor: 0
  Build: 1002
  SpecialBuildName: ""
  ptArchitecture: aarch64_linux
Results:
  Results Complete: true
  NumTestProcesses: 32
  CPU_INTEGER_MATH: 166973.32700000002
  CPU_FLOATINGPOINT_MATH: 194015.37979862149
  CPU_PRIME: 433.78818555739571
  CPU_SORTING: 147730.24401729958
  CPU_ENCRYPTION: 6033.2264386079023
  CPU_COMPRESSION: 212985.21964785029
  CPU_SINGLETHREAD: 1944.2932105348866
  CPU_PHYSICS: 9129.7776216138918
  CPU_MATRIX_MULT_SSE: 29503.216115638385
  CPU_mm: 3653.7839838657274
  CPU_sse: 23239.611489010858
  CPU_fma: 35766.820742265903
  CPU_avx: 0
  CPU_avx512: 0
  m_CPU_enc_SHA: 9404278967.2492104
  m_CPU_enc_AES: 3442821223.6773229
  m_CPU_enc_ECDSA: 6131789147.3426256
  ME_ALLOC_S: 46834.40032511406
  ME_READ_S: 18909.373828125001
  ME_READ_L: 19874.041015625
  ME_WRITE: 21290.099609375
  ME_LARGE: 51390.916666666664
  ME_LATENCY: 46.865833895309855
  ME_THREADED: 382890.203125
  SUMM_CPU: 26368.769021343873
  SUMM_ME: 3211.396909313843
SystemInformation:
  OSName: Ubuntu 24.04.1 LTS
  Kernel: 6.8.0-1016-aws
  Device: ""
  Processor: ARM Neoverse-V2 32 Core 0 MHz
  NumSockets: 1
  Manufacturer: ARM
  NumCores: 32
  NumLogicals: 32
  CPUFrequency: 0
  Memory: 63129
Checksum: 83F509ABA1DFA2D48E84B5222ED246E6967B2E4E