---
system-info:
      stress-ng-version: 0.17.08
      run-by: root
      date-yyyy-mm-dd: 2024:06:28
      time-hh-mm-ss: 17:51:53
      epoch-secs: 1719597113
      hostname: c3d-highmem-180-f37e5e8
      sysname: Linux
      nodename: c3d-highmem-180-f37e5e8
      release: 6.8.0-1009-gcp
      version: '#10-Ubuntu SMP Wed Jun 12 18:52:23 UTC 2024'
      machine: x86_64
      compiler: 'musl-gcc 13.2.1'
      uptime: 153
      totalram: 1521439174656
      freeram: 1515455950848
      sharedram: 35692544
      bufferram: 132915200
      totalswap: 0
      freeswap: 0
      pagesize: 4096
      cpus: 180
      cpus-online: 180
      ticks-per-second: 100

metrics:
    - stressor: cpu
      bogo-ops: 61433
      bogo-ops-per-second-usr-sys-time: 3071.720189
      bogo-ops-per-second-real-time: 3071.633413
      wall-clock-time: 20.000108
      user-time: 19.999543
      system-time: 0.000000
      cpu-usage-per-instance: 99.997175
      max-rss: 0

...
