---
system-info:
      stress-ng-version: 0.17.08
      run-by: root
      date-yyyy-mm-dd: 2024:08:17
      time-hh-mm-ss: 15:58:44
      epoch-secs: 1723910324
      hostname: ip-172-31-0-192
      sysname: Linux
      nodename: ip-172-31-0-192
      release: 6.8.0-1013-aws
      version: '#14-Ubuntu SMP Thu Jul 25 21:19:24 UTC 2024'
      machine: x86_64
      compiler: 'musl-gcc 13.2.1'
      uptime: 381
      totalram: 533739126784
      freeram: 525430165504
      sharedram: 37400576
      bufferram: 191705088
      totalswap: 0
      freeswap: 0
      pagesize: 4096
      cpus: 64
      cpus-online: 64
      ticks-per-second: 100

metrics:
    - stressor: cpu
      bogo-ops: 59855
      bogo-ops-per-second-usr-sys-time: 2992.792348
      bogo-ops-per-second-real-time: 2992.741509
      wall-clock-time: 20.000057
      user-time: 19.999717
      system-time: 0.000000
      cpu-usage-per-instance: 99.998301
      max-rss: 512

...
