BaselineInfo:
  WebDBID: -1
  TimeStamp: 20260618150934
Version:
  Major: 11
  Minor: 0
  Build: 1004
  SpecialBuildName: ""
  ptArchitecture: x86_64_linux
Results:
  Results Complete: true
  NumTestProcesses: 8
  CPU_INTEGER_MATH: 33584.349000000002
  CPU_FLOATINGPOINT_MATH: 23827.989980289585
  CPU_PRIME: 52.625617328498862
  CPU_SORTING: 16804.427611321709
  CPU_ENCRYPTION: 4196.4498810768409
  CPU_COMPRESSION: 125687.77769553536
  CPU_SINGLETHREAD: 2563.9257022517077
  CPU_PHYSICS: 1349.8240058960446
  CPU_MATRIX_MULT_SSE: 9270.4498424169142
  CPU_mm: 959.46554136173404
  CPU_sse: 4122.9357343962392
  CPU_fma: 10147.082055633531
  CPU_avx: 7775.1036083208746
  CPU_avx512: 15036.677971317013
  m_CPU_enc_SHA: 1592086054.9182804
  m_CPU_enc_AES: 10184704799.47175
  m_CPU_enc_ECDSA: 1424099037.1100574
  ME_ALLOC_S: 4207.4614212491888
  ME_READ_S: 23041.7080078125
  ME_READ_L: 10182.4560546875
  ME_WRITE: 10137.5078125
  ME_LARGE: 6762.416666666667
  ME_LATENCY: 66.637849801399781
  ME_THREADED: 58161.0986328125
  SUMM_CPU: 11140.773804036106
  SUMM_ME: 2046.7419307246573
SystemInformation:
  OSName: Ubuntu 24.04.4 LTS
  Kernel: 6.8.0-117-generic
  Device: ""
  Processor: Intel(R) Xeon(R) Platinum
  NumSockets: 1
  Manufacturer: GenuineIntel
  NumCores: 4
  NumLogicals: 8
  CPUFrequency: 0
  CPUMaxFrequency: 0
  Memory: 15069
  CPUInfo:
    number: 1
    Family: 6
    Model: 5
    stepping: 4
    features: 529267711
    manufacture: GenuineIntel
    typestring: Intel(R) Xeon(R) Platinum
    iCoresPerPackage: 4
    iThreadsPerPackage: 2
    featuresEx:
      - 529267711
      - 4294586883
      - 739248128
    bHybrid: false
    nPCore: 0
    nLogicalsPerPCore: 0
    nECore: 0
    nLogicalsPerECore: 0
  MemModuleInfo:
    iNumMemSticks: 1
    DIMM 1:
      manufacturer: Alibaba Cloud
      modulePartNo: Not Specified
      memType: RAM
      size: 16
      clkspeed: 0
      moduleVoltage: 0
Checksum: DBED590965E51D4DF26873FC0BFB8DE1FEC1C5AE