size_kb,operation,bandwidth_mb_s,latency_ns,latency_stddev_ns,latency_samples,threads,iterations,elapsed_s
32,read,111450.98,0,0,0,1,572082,0.160407
32,write,99741.31,0,0,0,1,755287,0.236639
32,copy,91658.06,0,0,0,1,561797,0.191540
32,latency,0,1.83,0.03,7,1,7,0.264910
128,read,89811.31,0,0,0,1,151883,0.211392
128,write,99814.18,0,0,0,1,187265,0.234517
128,copy,74913.91,0,0,0,1,123701,0.206405
128,latency,0,2.13,0.04,7,1,7,0.596330
1024,read,85727.00,0,0,0,1,22982,0.268084
1024,write,99543.65,0,0,0,1,24950,0.250644
1024,copy,57685.95,0,0,0,1,17009,0.294855
1024,latency,0,4.59,0.01,7,1,7,0.678206
2048,read,76200.81,0,0,0,1,9532,0.250181
2048,write,98392.30,0,0,0,1,12475,0.253577
2048,copy,46222.94,0,0,0,1,5495,0.237761
2048,latency,0,8.87,0.02,7,1,7,0.690042
4096,read,66627.98,0,0,0,1,3326,0.199676
4096,write,88555.01,0,0,0,1,5653,0.255344
4096,copy,39482.03,0,0,0,1,2131,0.215896
4096,latency,0,16.26,0.07,7,1,7,0.705767
16384,read,59938.35,0,0,0,1,628,0.167639
16384,write,69630.49,0,0,0,1,1068,0.245410
16384,copy,34934.61,0,0,0,1,467,0.213885
16384,latency,0,24.68,1.98,21,1,21,1.808374
32768,read,58130.94,0,0,0,1,312,0.171750
32768,write,66767.34,0,0,0,1,520,0.249224
32768,copy,34490.92,0,0,0,1,230,0.213389
32768,latency,0,69.23,6.21,21,1,21,3.546214
65536,read,44008.06,0,0,0,1,149,0.216688
65536,write,65223.80,0,0,0,1,255,0.250215
65536,copy,33114.74,0,0,0,1,88,0.170075
65536,latency,0,84.13,0.40,7,1,7,3.750337
131072,read,39036.11,0,0,0,1,60,0.196741
131072,write,64963.46,0,0,0,1,128,0.252203
131072,copy,30177.95,0,0,0,1,56,0.237524
131072,latency,0,87.89,1.17,7,1,7,7.996092
262144,read,36250.63,0,0,0,1,35,0.247168
262144,write,64740.58,0,0,0,1,54,0.213529
262144,copy,28020.56,0,0,0,1,27,0.246676
262144,latency,0,89.22,0.57,7,1,7,16.576177
