BaselineInfo:
  WebDBID: -1
  TimeStamp: 20241108195815
Version:
  Major: 11
  Minor: 0
  Build: 1002
  SpecialBuildName: ""
  ptArchitecture: x86_64_linux
Results:
  Results Complete: true
  NumTestProcesses: 48
  CPU_INTEGER_MATH: 199886.29999999999
  CPU_FLOATINGPOINT_MATH: 110080.21365477852
  CPU_PRIME: 379.83235833234812
  CPU_SORTING: 106101.03582666413
  CPU_ENCRYPTION: 51712.747161804662
  CPU_COMPRESSION: 760175.36500523414
  CPU_SINGLETHREAD: 2396.4115211379808
  CPU_PHYSICS: 7152.8741959371791
  CPU_MATRIX_MULT_SSE: 44983.926641167876
  CPU_mm: 5376.388355512805
  CPU_sse: 22680.15523832311
  CPU_fma: 62540.891981475725
  CPU_avx: 49730.732703704831
  CPU_avx512: 0
  m_CPU_enc_SHA: 74972632216.409546
  m_CPU_enc_AES: 47945875127.845337
  m_CPU_enc_ECDSA: 39755729359.554558
  ME_ALLOC_S: 20102.737836200537
  ME_READ_S: 24471.669921875
  ME_READ_L: 20738.05859375
  ME_WRITE: 20346.453125
  ME_LARGE: 181814
  ME_LATENCY: 61.741709293594106
  ME_THREADED: 185133.65283203125
  SUMM_CPU: 52694.986838668854
  SUMM_ME: 3004.59491635616
SystemInformation:
  OSName: Ubuntu 24.04.1 LTS
  Kernel: 6.8.0-1017-azure
  Device: ""
  Processor: AMD EPYC 7763 64-Core Processor
  NumSockets: 1
  Manufacturer: AuthenticAMD
  NumCores: 24
  NumLogicals: 48
  CPUFrequency: 0
  Memory: 193403
  MemModuleInfo:
    iNumMemSticks: 5
    DIMM 1:
      manufacturer: Microsoft Corporation
      modulePartNo: None
      memType: Unknown
      size: 1
      clkspeed: 0
      moduleVoltage: 0
    DIMM 2:
      manufacturer: Microsoft Corporation
      modulePartNo: None
      memType: Unknown
      size: 60928
      clkspeed: 0
      moduleVoltage: 0
    DIMM 3:
      manufacturer: Microsoft Corporation
      modulePartNo: None
      memType: Unknown
      size: 3584
      clkspeed: 0
      moduleVoltage: 0
    DIMM 4:
      manufacturer: Microsoft Corporation
      modulePartNo: None
      memType: Unknown
      size: 64
      clkspeed: 0
      moduleVoltage: 0
    DIMM 5:
      manufacturer: Microsoft Corporation
      modulePartNo: None
      memType: Unknown
      size: 64
      clkspeed: 0
      moduleVoltage: 0
Checksum: C8E1284A6B04C1325C55E3D298AF405A0BCECD0C