BaselineInfo:
  WebDBID: -1
  TimeStamp: 20241111105733
Version:
  Major: 11
  Minor: 0
  Build: 1002
  SpecialBuildName: ""
  ptArchitecture: x86_64_linux
Results:
  Results Complete: true
  NumTestProcesses: 16
  CPU_INTEGER_MATH: 49794.572
  CPU_FLOATINGPOINT_MATH: 26745.44233571678
  CPU_PRIME: 83.80202221489813
  CPU_SORTING: 26043.908430965053
  CPU_ENCRYPTION: 6845.3774764350692
  CPU_COMPRESSION: 218970.67781238467
  CPU_SINGLETHREAD: 2019.1539127650965
  CPU_PHYSICS: 1558.7978861417089
  CPU_MATRIX_MULT_SSE: 14414.549221894944
  CPU_mm: 1514.2006621426642
  CPU_sse: 5419.6617504105625
  CPU_fma: 17713.19891396433
  CPU_avx: 12510.511082467845
  CPU_avx512: 22014.825140737034
  m_CPU_enc_SHA: 2253704059.1691904
  m_CPU_enc_AES: 17258139663.819122
  m_CPU_enc_ECDSA: 2021851875.2028337
  ME_ALLOC_S: 5724.2544718033423
  ME_READ_S: 23739.510351562501
  ME_READ_L: 11548.2587890625
  ME_WRITE: 9512.8974609375
  ME_LARGE: 53993.166666666664
  ME_LATENCY: 49.598207862345198
  ME_THREADED: 72518.6611328125
  SUMM_CPU: 15859.674058751663
  SUMM_ME: 2628.336694399015
SystemInformation:
  OSName: Ubuntu 24.04.1 LTS
  Kernel: 6.8.0-1017-azure
  Device: ""
  Processor: Intel Xeon Platinum 8272CL CPU @ 2.60GHz
  NumSockets: 1
  Manufacturer: GenuineIntel
  NumCores: 8
  NumLogicals: 16
  CPUFrequency: 0
  Memory: 64297
  MemModuleInfo:
    iNumMemSticks: 3
    DIMM 1:
      manufacturer: Microsoft Corporation
      modulePartNo: None
      memType: Unknown
      size: 1
      clkspeed: 0
      moduleVoltage: 0
    DIMM 2:
      manufacturer: Microsoft Corporation
      modulePartNo: None
      memType: Unknown
      size: 60928
      clkspeed: 0
      moduleVoltage: 0
    DIMM 3:
      manufacturer: Microsoft Corporation
      modulePartNo: None
      memType: Unknown
      size: 3584
      clkspeed: 0
      moduleVoltage: 0
Checksum: DA2F2052210C88D3E6801EEA9876C763C3B27894