---
system-info:
      stress-ng-version: 0.17.08
      run-by: root
      date-yyyy-mm-dd: 2024:06:12
      time-hh-mm-ss: 16:26:24
      epoch-secs: 1718209584
      hostname: ce17ea9282c3
      sysname: Linux
      nodename: ce17ea9282c3
      release: 6.8.0-1008-aws
      version: '#8-Ubuntu SMP Sat Apr 20 00:46:25 UTC 2024'
      machine: x86_64
      compiler: 'musl-gcc 13.2.1'
      uptime: 186
      totalram: 16553762816
      freeram: 12208377856
      sharedram: 20062208
      bufferram: 111329280
      totalswap: 0
      freeswap: 0
      pagesize: 4096
      cpus: 8
      cpus-online: 8
      ticks-per-second: 100

metrics:
    - stressor: cpu
      bogo-ops: 125938
      bogo-ops-per-second-usr-sys-time: 788.546427
      bogo-ops-per-second-real-time: 6296.893826
      wall-clock-time: 20.000020
      user-time: 159.695057
      system-time: 0.013992
      cpu-usage-per-instance: 99.818058
      max-rss: 1104

...
