---
system-info:
      stress-ng-version: 0.17.08
      run-by: root
      date-yyyy-mm-dd: 2024:06:12
      time-hh-mm-ss: 19:17:32
      epoch-secs: 1718219852
      hostname: 972dd58e9d07
      sysname: Linux
      nodename: 972dd58e9d07
      release: 6.8.0-1008-aws
      version: '#8-Ubuntu SMP Sat Apr 20 00:46:25 UTC 2024'
      machine: x86_64
      compiler: 'musl-gcc 13.2.1'
      uptime: 131
      totalram: 16553754624
      freeram: 12203798528
      sharedram: 20062208
      bufferram: 111288320
      totalswap: 0
      freeswap: 0
      pagesize: 4096
      cpus: 8
      cpus-online: 8
      ticks-per-second: 100

metrics:
    - stressor: cpu
      bogo-ops: 61350
      bogo-ops-per-second-usr-sys-time: 384.172672
      bogo-ops-per-second-real-time: 3067.466317
      wall-clock-time: 20.000220
      user-time: 159.677828
      system-time: 0.015988
      cpu-usage-per-instance: 99.807539
      max-rss: 976

...
