---
system-info:
      stress-ng-version: 0.17.08
      run-by: root
      date-yyyy-mm-dd: 2024:06:05
      time-hh-mm-ss: 16:35:26
      epoch-secs: 1717605326
      hostname: b2ee825017a1
      sysname: Linux
      nodename: b2ee825017a1
      release: 6.8.0-1008-aws
      version: '#8-Ubuntu SMP Sat Apr 20 00:46:25 UTC 2024'
      machine: x86_64
      compiler: 'musl-gcc 13.2.1'
      uptime: 108
      totalram: 16553762816
      freeram: 12479434752
      sharedram: 20062208
      bufferram: 77869056
      totalswap: 0
      freeswap: 0
      pagesize: 4096
      cpus: 8
      cpus-online: 8
      ticks-per-second: 100

metrics:
    - stressor: cpu
      bogo-ops: 86156
      bogo-ops-per-second-usr-sys-time: 1079.659338
      bogo-ops-per-second-real-time: 8613.300155
      wall-clock-time: 10.002670
      user-time: 79.785256
      system-time: 0.013989
      cpu-usage-per-instance: 99.722429
      max-rss: 3920

...
