BaselineInfo:
  WebDBID: -1
  TimeStamp: 20241108052158
Version:
  Major: 11
  Minor: 0
  Build: 1002
  SpecialBuildName: ""
  ptArchitecture: x86_64_linux
Results:
  Results Complete: true
  NumTestProcesses: 16
  CPU_INTEGER_MATH: 53513.03133333334
  CPU_FLOATINGPOINT_MATH: 31892.883551414932
  CPU_PRIME: 76.72857146019517
  CPU_SORTING: 29276.730947864995
  CPU_ENCRYPTION: 16611.536604860183
  CPU_COMPRESSION: 233112.71835906597
  CPU_SINGLETHREAD: 2115.9737533547363
  CPU_PHYSICS: 1190.3419928869462
  CPU_MATRIX_MULT_SSE: 13177.146061815036
  CPU_mm: 1530.0808269464169
  CPU_sse: 6009.8822725989976
  CPU_fma: 18914.856709304277
  CPU_avx: 14606.69920354183
  CPU_avx512: 0
  m_CPU_enc_SHA: 23660409121.865032
  m_CPU_enc_AES: 16347448819.442844
  m_CPU_enc_ECDSA: 12247517879.625736
  ME_ALLOC_S: 5090.2984547208735
  ME_READ_S: 24631.474023437499
  ME_READ_L: 12398.572265625
  ME_WRITE: 10572.2197265625
  ME_LARGE: 118574.91666666667
  ME_LATENCY: 52.314888808809748
  ME_THREADED: 26315.8681640625
  SUMM_CPU: 18404.583470804773
  SUMM_ME: 2494.9624514895504
SystemInformation:
  OSName: Ubuntu 24.04.1 LTS
  Kernel: 6.8.0-1017-azure
  Device: ""
  Processor: AMD EPYC 7452 32-Core Processor
  NumSockets: 1
  Manufacturer: AuthenticAMD
  NumCores: 8
  NumLogicals: 16
  CPUFrequency: 0
  Memory: 128905
  MemModuleInfo:
    iNumMemSticks: 4
    DIMM 1:
      manufacturer: Microsoft Corporation
      modulePartNo: None
      memType: Unknown
      size: 1
      clkspeed: 0
      moduleVoltage: 0
    DIMM 2:
      manufacturer: Microsoft Corporation
      modulePartNo: None
      memType: Unknown
      size: 60928
      clkspeed: 0
      moduleVoltage: 0
    DIMM 3:
      manufacturer: Microsoft Corporation
      modulePartNo: None
      memType: Unknown
      size: 3584
      clkspeed: 0
      moduleVoltage: 0
    DIMM 4:
      manufacturer: Microsoft Corporation
      modulePartNo: None
      memType: Unknown
      size: 64
      clkspeed: 0
      moduleVoltage: 0
Checksum: A2E55736D3F92CB91E88F286ADA55CA3F18FAD8A