BaselineInfo:
  WebDBID: -1
  TimeStamp: 20241108194209
Version:
  Major: 11
  Minor: 0
  Build: 1002
  SpecialBuildName: ""
  ptArchitecture: x86_64_linux
Results:
  Results Complete: true
  NumTestProcesses: 20
  CPU_INTEGER_MATH: 84203.112666666668
  CPU_FLOATINGPOINT_MATH: 43047.738401649702
  CPU_PRIME: 160.07886080688544
  CPU_SORTING: 43576.351758394463
  CPU_ENCRYPTION: 18314.380173664023
  CPU_COMPRESSION: 311424.41058877466
  CPU_SINGLETHREAD: 2435.6400957849214
  CPU_PHYSICS: 2615.80358614842
  CPU_MATRIX_MULT_SSE: 18397.845966186229
  CPU_mm: 1813.6727428715967
  CPU_sse: 7909.8168967813026
  CPU_fma: 21935.698579696407
  CPU_avx: 16201.069273947114
  CPU_avx512: 27544.7991143201
  m_CPU_enc_SHA: 18475671647.275192
  m_CPU_enc_AES: 27817604956.470913
  m_CPU_enc_ECDSA: 11318781911.193676
  ME_ALLOC_S: 9990.9580373069402
  ME_READ_S: 24166.730859374999
  ME_READ_L: 12451.0791015625
  ME_WRITE: 11187.6162109375
  ME_LARGE: 150586.5
  ME_LATENCY: 52.171221744218428
  ME_THREADED: 109151.80322265625
  SUMM_CPU: 25791.423701447726
  SUMM_ME: 2776.56726675757
SystemInformation:
  OSName: Ubuntu 24.04.1 LTS
  Kernel: 6.8.0-1017-azure
  Device: ""
  Processor: Intel Xeon Platinum 8370C CPU @ 2.80GHz
  NumSockets: 1
  Manufacturer: GenuineIntel
  NumCores: 10
  NumLogicals: 20
  CPUFrequency: 2800
  Memory: 160966
  MemModuleInfo:
    iNumMemSticks: 3
    DIMM 1:
      manufacturer: Microsoft Corporation
      modulePartNo: None
      memType: Unknown
      size: 1
      clkspeed: 0
      moduleVoltage: 0
    DIMM 2:
      manufacturer: Microsoft Corporation
      modulePartNo: None
      memType: Unknown
      size: 59
      clkspeed: 0
      moduleVoltage: 0
    DIMM 3:
      manufacturer: Microsoft Corporation
      modulePartNo: None
      memType: Unknown
      size: 100
      clkspeed: 0
      moduleVoltage: 0
Checksum: 04F805227F60AF19B66FBD002C89EB76A2DBFD79