---
system-info:
      stress-ng-version: 0.17.08
      run-by: root
      date-yyyy-mm-dd: 2024:09:17
      time-hh-mm-ss: 03:54:28
      epoch-secs: 1726545268
      hostname: sc-runner
      sysname: Linux
      nodename: sc-runner
      release: 6.8.0-1014-azure
      version: '#16-Ubuntu SMP Thu Aug 15 20:04:41 UTC 2024'
      machine: x86_64
      compiler: 'musl-gcc 13.2.1'
      uptime: 374
      totalram: 270451126272
      freeram: 259351093248
      sharedram: 109662208
      bufferram: 268857344
      totalswap: 0
      freeswap: 0
      pagesize: 4096
      cpus: 32
      cpus-online: 32
      ticks-per-second: 100

metrics:
    - stressor: cpu
      bogo-ops: 17778
      bogo-ops-per-second-usr-sys-time: 888.904267
      bogo-ops-per-second-real-time: 888.893282
      wall-clock-time: 20.000151
      user-time: 19.998897
      system-time: 0.001007
      cpu-usage-per-instance: 99.998764
      max-rss: 3080

...
