---
system-info:
      stress-ng-version: 0.17.08
      run-by: root
      date-yyyy-mm-dd: 2024:09:20
      time-hh-mm-ss: 06:51:30
      epoch-secs: 1726815090
      hostname: sc-runner
      sysname: Linux
      nodename: sc-runner
      release: 6.8.0-1014-azure
      version: '#16-Ubuntu SMP Thu Aug 15 20:04:41 UTC 2024'
      machine: x86_64
      compiler: 'musl-gcc 13.2.1'
      uptime: 324
      totalram: 16766066688
      freeram: 6553321472
      sharedram: 38117376
      bufferram: 251842560
      totalswap: 0
      freeswap: 0
      pagesize: 4096
      cpus: 4
      cpus-online: 4
      ticks-per-second: 100

metrics:
    - stressor: cpu
      bogo-ops: 112521
      bogo-ops-per-second-usr-sys-time: 1411.124761
      bogo-ops-per-second-real-time: 5626.035295
      wall-clock-time: 20.000052
      user-time: 79.729530
      system-time: 0.008990
      cpu-usage-per-instance: 99.672889
      max-rss: 3152

...
