"size","threads","connections","rps","latency","failed","server_usr","server_sys","client_usr","client_sys"
"1k",8,8,284677,0.000026110,0,14.63,23.82,7.29,34.92
"1k",8,16,275559,0.000097770,0,11.04,24.07,5.55,27.28
"1k",8,32,346293,0.000086330,0,12.42,25.63,5.67,31.21
"1k",8,64,434696,0.000145230,0,12.77,26.91,5.60,32.28
"1k",8,128,528343,0.000268570,0,13.11,28.04,5.67,32.13
"1k",8,256,580269,0.000450970,0,13.15,28.66,5.72,31.77
"1k",16,16,279663,0.000056460,0,12.25,24.71,7.35,35.50
"1k",16,32,316472,0.000101190,0,11.99,26.62,6.56,34.92
"1k",16,64,403096,0.000191880,0,11.40,27.88,6.56,34.58
"1k",16,128,447220,0.000501810,0,11.24,27.49,6.70,34.80
"1k",16,256,469067,0.000787250,0,11.49,27.59,6.75,34.48
"1k",32,32,307910,0.000108690,0,11.77,26.28,6.97,34.58
"1k",32,64,339060,0.000233190,0,10.77,26.98,7.11,35.76
"1k",32,128,367526,0.000512420,0,10.65,27.27,6.96,35.82
"1k",32,256,395296,0.000824850,0,10.68,27.72,6.78,35.46
"16k",8,8,228450,0.000033880,0,12.10,22.63,5.76,35.35
"16k",8,16,231440,0.000065380,0,10.89,22.90,5.57,28.50
"16k",8,32,285988,0.000102220,0,12.21,24.73,5.71,32.12
"16k",8,64,363366,0.000169510,0,12.31,25.87,5.61,33.48
"16k",8,128,425445,0.000311820,0,12.39,26.72,5.92,33.69
"16k",8,256,457914,0.000557870,0,12.08,27.52,5.77,33.99
"16k",16,16,251027,0.000063690,0,12.31,24.22,7.56,36.00
"16k",16,32,272228,0.000116240,0,11.71,26.10,6.56,35.75
"16k",16,64,330800,0.000207760,0,11.14,26.47,6.62,36.30
"16k",16,128,377027,0.000466590,0,10.69,26.67,6.55,36.34
"16k",16,256,382465,0.000880000,0,10.94,26.79,6.58,36.28
"16k",32,32,277141,0.000120180,0,11.61,25.10,6.68,35.92
"16k",32,64,305748,0.000252520,0,10.86,25.98,6.76,36.86
"16k",32,128,314060,0.000585090,0,10.13,26.38,6.82,37.40
"16k",32,256,321485,0.000960000,0,10.39,26.50,6.92,36.92
"64k",8,8,138276,0.000056930,0,9.10,24.55,4.61,32.28
"64k",8,16,149986,0.000097990,0,9.46,24.03,4.69,32.22
"64k",8,32,175645,0.000164310,0,9.83,25.73,4.75,34.48
"64k",8,64,211397,0.000272490,0,10.34,26.54,5.10,35.69
"64k",8,128,236286,0.000477700,0,10.12,27.70,5.08,36.41
"64k",8,256,246727,0.000890000,0,9.83,27.94,5.08,36.75
"64k",16,16,158431,0.000100850,0,9.93,26.74,5.75,37.96
"64k",16,32,173594,0.000180550,0,9.79,26.73,5.36,38.09
"64k",16,64,196756,0.000338350,0,9.46,27.19,5.53,38.42
"64k",16,128,212140,0.000689500,0,9.38,27.39,5.65,37.76
"64k",16,256,219987,0.001300000,0,9.37,27.90,5.44,37.63
"64k",32,32,174603,0.000192320,0,9.59,26.43,5.61,38.41
"64k",32,64,187154,0.000387270,0,8.97,27.30,5.85,38.53
"64k",32,128,186367,0.000838370,0,8.88,27.48,5.71,38.55
"64k",32,256,184895,0.001500000,0,8.86,26.87,5.66,39.36
"256k",8,8,67498,0.000117890,0,7.96,26.46,4.81,34.21
"256k",8,16,69105,0.000213230,0,8.23,25.52,4.29,33.10
"256k",8,32,78731,0.000369170,0,9.05,27.75,4.54,34.56
"256k",8,64,89065,0.000612190,0,9.57,28.64,4.83,35.95
"256k",8,128,88544,0.001210000,0,9.18,27.97,4.58,38.09
"256k",16,16,73821,0.000217300,0,8.85,27.38,5.43,38.63
"256k",16,32,77425,0.000411270,0,8.94,28.82,5.16,37.57
"256k",16,64,82496,0.000860000,0,8.77,29.23,5.08,37.20
"256k",16,128,84363,0.001620000,0,8.60,29.24,5.05,37.31
"256k",32,32,76202,0.000432560,0,8.74,28.40,5.48,38.02
"256k",32,64,75792,0.001080000,0,8.19,29.00,5.21,38.11
"256k",32,128,75906,0.001780000,0,8.15,29.18,5.20,37.66
"512k",8,8,38205,0.003540000,0,7.00,24.51,4.41,35.94
"512k",8,16,39610,0.000519360,0,7.62,25.65,4.07,32.95
"512k",8,32,46892,0.000592850,0,9.15,29.20,4.58,35.26
"512k",8,64,48966,0.001100000,0,8.88,29.43,4.54,36.77
"512k",8,128,45069,0.002270000,0,8.22,28.19,4.30,39.50
"512k",16,16,42938,0.000377000,0,8.41,25.21,5.36,41.66
"512k",16,32,44817,0.000770240,0,8.48,29.85,4.97,37.20
"512k",16,64,45430,0.001530000,0,8.09,30.19,4.82,37.03
"512k",16,128,45719,0.002790000,0,7.89,30.26,4.58,37.70
"512k",32,32,42934,0.000900000,0,8.09,29.46,5.07,38.03
"512k",32,64,42106,0.001620000,0,7.85,30.00,4.91,37.40
"512k",32,128,42294,0.003040000,0,7.87,30.16,4.76,37.57
