BaselineInfo:
  WebDBID: -1
  TimeStamp: 20260403230859
Version:
  Major: 11
  Minor: 0
  Build: 1004
  SpecialBuildName: ""
  ptArchitecture: x86_64_linux
Results:
  Results Complete: true
  NumTestProcesses: 2
  CPU_INTEGER_MATH: 4875.8776666666672
  CPU_FLOATINGPOINT_MATH: 2619.9837008669688
  CPU_PRIME: 12.476877412910031
  CPU_SORTING: 3040.610516691087
  CPU_ENCRYPTION: 670.32614753954135
  CPU_COMPRESSION: 22792.978339928573
  CPU_SINGLETHREAD: 1599.8121971578182
  CPU_PHYSICS: 226.89758830112396
  CPU_MATRIX_MULT_SSE: 1378.6806505971895
  CPU_mm: 148.31014349970707
  CPU_sse: 536.27566684184501
  CPU_fma: 1812.1666914345874
  CPU_avx: 1282.7214515135754
  CPU_avx512: 1883.5587925987502
  m_CPU_enc_SHA: 220631156.32181701
  m_CPU_enc_AES: 1688426027.1763539
  m_CPU_enc_ECDSA: 199606547.94909525
  ME_ALLOC_S: 548.38632952460216
  ME_READ_S: 19185.274218750001
  ME_READ_L: 6275.83740234375
  ME_WRITE: 6752.5322265625
  ME_LARGE: 3036.6666666666665
  ME_LATENCY: 79.019362329420446
  ME_THREADED: 9215.52880859375
  SUMM_CPU: 1815.5425799132854
  SUMM_ME: 1150.0163812064591
SystemInformation:
  OSName: Ubuntu 24.04.4 LTS
  Kernel: 6.8.0-106-generic
  Device: ""
  Processor: Intel(R) Xeon(R) Platinum 8163 CPU @ 2.50GHz
  NumSockets: 1
  Manufacturer: GenuineIntel
  NumCores: 1
  NumLogicals: 2
  CPUFrequency: 2500
  CPUMaxFrequency: 3100
  Memory: 15609
  CPUInfo:
    number: 1
    Family: 6
    Model: 5
    stepping: 4
    features: 529267711
    manufacture: GenuineIntel
    typestring: Intel(R) Xeon(R) Platinum 8163 CPU @ 2.50GHz
    iCoresPerPackage: 1
    iThreadsPerPackage: 2
    featuresEx:
      - 529267711
      - 4294586883
      - 739248128
    bHybrid: false
    nPCore: 0
    nLogicalsPerPCore: 0
    nECore: 0
    nLogicalsPerECore: 0
  MemModuleInfo:
    iNumMemSticks: 1
    DIMM 1:
      manufacturer: Alibaba Cloud
      modulePartNo: Not Specified
      memType: RAM
      size: 16
      clkspeed: 0
      moduleVoltage: 0
Checksum: AB2657A767509FA48BF82468BF5576E94780F396