"size","threads","connections","rps","latency","failed","server_usr","server_sys","client_usr","client_sys"
"1k",4,4,249439,0.000017310,0,8.50,13.06,4.36,14.26
"1k",4,8,269569,0.000055020,0,8.30,12.47,4.47,14.72
"1k",4,16,241984,0.000076000,0,7.07,13.54,3.43,15.00
"1k",4,32,257396,0.000144310,0,7.17,14.09,3.43,15.30
"1k",4,64,267349,0.000337730,0,7.28,13.78,3.41,15.35
"1k",4,128,270778,0.000498790,0,7.13,13.91,3.26,15.48
"1k",8,8,212363,0.000042270,0,6.48,14.56,3.45,15.36
"1k",8,16,224582,0.000167450,0,6.47,14.15,3.42,15.71
"1k",8,32,236419,0.000217220,0,6.56,14.34,3.41,15.76
"1k",8,64,243006,0.000405860,0,6.57,14.18,3.43,15.62
"1k",8,128,250058,0.000630020,0,6.70,14.02,3.56,15.58
"1k",16,16,214718,0.000091810,0,6.19,14.40,3.57,15.83
"1k",16,32,220526,0.000224310,0,6.19,14.32,3.48,16.05
"1k",16,64,223942,0.000421070,0,5.95,14.40,3.46,15.95
"1k",16,128,233245,0.000638360,0,6.48,14.21,3.59,15.89
"16k",4,4,183189,0.000023950,0,7.00,12.73,4.07,15.79
"16k",4,8,213932,0.000042550,0,7.83,12.48,4.28,15.34
"16k",4,16,183655,0.000086600,0,6.27,13.54,3.36,15.74
"16k",4,32,192625,0.000217250,0,6.45,13.71,3.45,16.06
"16k",4,64,194342,0.000669460,0,6.44,13.74,3.40,16.22
"16k",4,128,197726,0.000682640,0,7.07,13.28,3.28,16.18
"16k",8,8,180298,0.000049780,0,6.58,13.63,3.95,15.42
"16k",8,16,178567,0.000102320,0,6.07,14.10,3.75,16.12
"16k",8,32,179282,0.000240240,0,6.03,14.17,3.53,16.18
"16k",8,64,185536,0.000476060,0,6.28,13.80,3.62,16.10
"16k",8,128,185731,0.000819210,0,6.55,13.58,3.34,16.37
"16k",16,16,190706,0.000094950,0,6.47,13.59,4.14,15.96
"16k",16,32,174473,0.000234500,0,5.92,14.13,3.62,16.44
"16k",16,64,169297,0.000475830,0,5.89,14.02,3.48,16.54
"16k",16,128,173657,0.000815260,0,6.35,13.80,3.48,16.53
"64k",4,4,107849,0.000038590,0,6.21,13.75,3.81,16.20
"64k",4,8,114276,0.000063830,0,6.23,13.19,3.82,16.70
"64k",4,16,94284,0.000157780,0,5.28,14.33,3.21,16.40
"64k",4,32,93160,0.000331240,0,5.51,14.65,3.03,16.55
"64k",4,64,93754,0.000678960,0,5.61,14.69,2.99,16.43
"64k",4,128,93779,0.001230000,0,5.86,14.51,2.96,16.49
"64k",8,8,98155,0.000087570,0,5.19,14.41,3.55,16.90
"64k",8,16,93379,0.000178240,0,5.01,14.83,3.24,17.07
"64k",8,32,91374,0.000389560,0,5.36,14.71,3.10,16.97
"64k",8,64,90952,0.000780900,0,5.29,14.79,3.05,16.67
"64k",8,128,91216,0.001430000,0,5.45,14.76,3.10,16.59
"64k",16,16,95824,0.000178760,0,5.06,14.41,3.43,17.23
"64k",16,32,92887,0.000405820,0,5.24,14.30,3.34,16.88
"64k",16,64,87482,0.000807520,0,5.20,14.62,3.21,16.79
"64k",16,128,89121,0.001460000,0,5.53,14.40,3.17,16.75
"256k",4,4,40294,0.000100840,0,6.02,15.48,3.68,14.93
"256k",4,8,39284,0.000204870,0,6.14,14.52,3.82,15.56
"256k",4,16,32465,0.000453690,0,6.12,15.54,3.07,15.34
"256k",4,32,32346,0.000950000,0,6.06,15.69,2.95,15.12
"256k",4,64,32197,0.001810000,0,6.02,15.77,2.94,15.22
"256k",8,8,34890,0.000236290,0,6.29,14.99,3.38,15.33
"256k",8,16,32176,0.000509270,0,6.12,15.34,3.17,15.46
"256k",8,32,31699,0.001060000,0,5.74,15.60,3.00,15.45
"256k",8,64,31949,0.001980000,0,5.92,15.50,3.02,15.43
"256k",16,16,32422,0.000513400,0,6.14,15.06,3.21,15.47
"256k",16,32,31739,0.001050000,0,5.66,15.50,3.08,15.57
"256k",16,64,31609,0.002030000,0,5.58,15.66,3.09,15.54
"512k",4,4,17267,0.000233510,0,8.72,16.04,2.96,12.33
"512k",4,8,16138,0.000480530,0,7.52,15.85,2.92,13.76
"512k",4,16,16470,0.000930000,0,6.90,15.69,2.94,14.24
"512k",4,32,16374,0.001830000,0,6.88,15.78,2.99,14.24
"512k",4,64,15820,0.003770000,0,7.16,15.64,2.76,14.43
"512k",8,8,16845,0.000483320,0,7.30,15.44,3.13,14.23
"512k",8,16,16598,0.000970000,0,7.04,15.32,3.00,14.43
"512k",8,32,16164,0.001950000,0,6.76,15.71,2.91,14.50
"512k",8,64,15765,0.003970000,0,6.89,15.76,2.95,14.37
"512k",16,16,16419,0.000990000,0,6.99,15.39,2.95,14.48
"512k",16,32,16479,0.001940000,0,6.80,15.54,3.10,14.43
"512k",16,64,15801,0.004020000,0,6.83,15.62,2.97,14.46
