---
system-info:
      stress-ng-version: 0.17.08
      run-by: root
      date-yyyy-mm-dd: 2024:09:03
      time-hh-mm-ss: 14:46:45
      epoch-secs: 1725374805
      hostname: sc-runner
      sysname: Linux
      nodename: sc-runner
      release: 6.8.0-1013-azure
      version: '#15-Ubuntu SMP Thu Aug  8 18:40:40 UTC 2024'
      machine: x86_64
      compiler: 'musl-gcc 13.2.1'
      uptime: 407
      totalram: 67424141312
      freeram: 58768371712
      sharedram: 57122816
      bufferram: 221196288
      totalswap: 0
      freeswap: 0
      pagesize: 4096
      cpus: 8
      cpus-online: 8
      ticks-per-second: 100

metrics:
    - stressor: cpu
      bogo-ops: 19334
      bogo-ops-per-second-usr-sys-time: 966.708700
      bogo-ops-per-second-real-time: 966.696128
      wall-clock-time: 20.000080
      user-time: 19.998819
      system-time: 0.001001
      cpu-usage-per-instance: 99.998699
      max-rss: 3152

...
