---
system-info:
      stress-ng-version: 0.17.08
      run-by: root
      date-yyyy-mm-dd: 2024:09:16
      time-hh-mm-ss: 22:35:55
      epoch-secs: 1726526155
      hostname: sc-runner
      sysname: Linux
      nodename: sc-runner
      release: 6.8.0-1014-azure
      version: '#16-Ubuntu SMP Thu Aug 15 20:04:41 UTC 2024'
      machine: x86_64
      compiler: 'musl-gcc 13.2.1'
      uptime: 335
      totalram: 118154870784
      freeram: 107757436928
      sharedram: 42094592
      bufferram: 244305920
      totalswap: 0
      freeswap: 0
      pagesize: 4096
      cpus: 16
      cpus-online: 16
      ticks-per-second: 100

metrics:
    - stressor: cpu
      bogo-ops: 24948
      bogo-ops-per-second-usr-sys-time: 1247.398254
      bogo-ops-per-second-real-time: 1247.395152
      wall-clock-time: 20.000078
      user-time: 19.999028
      system-time: 0.001000
      cpu-usage-per-instance: 99.999751
      max-rss: 3024

...
