---
system-info:
      stress-ng-version: 0.17.08
      run-by: root
      date-yyyy-mm-dd: 2024:06:06
      time-hh-mm-ss: 05:51:42
      epoch-secs: 1717653102
      hostname: 99b6050b1344
      sysname: Linux
      nodename: 99b6050b1344
      release: 6.8.0-1008-aws
      version: '#8-Ubuntu SMP Sat Apr 20 02:43:14 UTC 2024'
      machine: aarch64
      compiler: 'musl-gcc 13.2.1'
      uptime: 115
      totalram: 33021652992
      freeram: 28820135936
      sharedram: 35020800
      bufferram: 79810560
      totalswap: 0
      freeswap: 0
      pagesize: 4096
      cpus: 16
      cpus-online: 16
      ticks-per-second: 100

metrics:
    - stressor: cpu
      bogo-ops: 47031
      bogo-ops-per-second-usr-sys-time: 293.145995
      bogo-ops-per-second-real-time: 4684.179545
      wall-clock-time: 10.040392
      user-time: 160.415426
      system-time: 0.019991
      cpu-usage-per-instance: 99.868743
      max-rss: 4136

...
