---
system-info:
      stress-ng-version: 0.17.08
      run-by: root
      date-yyyy-mm-dd: 2024:06:12
      time-hh-mm-ss: 22:41:00
      epoch-secs: 1718232060
      hostname: 851d3682bcd4
      sysname: Linux
      nodename: 851d3682bcd4
      release: 6.8.0-1008-aws
      version: '#8-Ubuntu SMP Sat Apr 20 02:43:14 UTC 2024'
      machine: aarch64
      compiler: 'musl-gcc 13.2.1'
      uptime: 126
      totalram: 33021657088
      freeram: 28639539200
      sharedram: 35020800
      bufferram: 110014464
      totalswap: 0
      freeswap: 0
      pagesize: 4096
      cpus: 16
      cpus-online: 16
      ticks-per-second: 100

metrics:
    - stressor: cpu
      bogo-ops: 485693
      bogo-ops-per-second-usr-sys-time: 1519.244780
      bogo-ops-per-second-real-time: 24284.569086
      wall-clock-time: 20.000067
      user-time: 319.674718
      system-time: 0.018992
      cpu-usage-per-instance: 99.903952
      max-rss: 1192

...
