"size","threads","connections","rps","latency","failed","server_usr","server_sys","client_usr","client_sys"
"1k",16,16,1563037,0.000009590,0,31.07,49.91,17.58,62.94
"1k",16,32,1199249,0.000025080,0,25.35,47.50,11.91,56.10
"1k",16,64,1388190,0.000046450,0,26.97,52.51,12.83,60.35
"1k",16,128,1516531,0.000115350,0,27.58,53.61,13.63,62.52
"1k",16,256,1637215,0.000324520,0,28.15,54.27,13.70,63.08
"1k",16,512,1686766,0.000468990,0,28.93,54.43,13.68,62.60
"1k",32,32,1434151,0.000023630,0,27.65,51.07,15.47,64.73
"1k",32,64,1288630,0.000086760,0,23.51,52.29,13.19,67.45
"1k",32,128,1426433,0.000247350,0,24.45,52.89,13.82,67.93
"1k",32,256,1492252,0.000409890,0,24.97,53.49,14.42,68.20
"1k",32,512,1507530,0.000541440,0,25.30,53.19,14.39,68.18
"1k",64,64,1543291,0.000057150,0,28.61,48.14,15.89,66.97
"1k",64,128,1348633,0.000172370,0,22.98,52.89,14.52,69.98
"1k",64,256,1340429,0.000313620,0,22.25,52.40,14.67,71.69
"1k",64,512,1353061,0.000517600,0,22.47,52.31,14.57,71.70
"16k",16,16,1188068,0.000012920,0,29.35,49.93,14.86,64.84
"16k",16,32,961960,0.000032080,0,23.65,45.44,11.41,58.09
"16k",16,64,1104924,0.000057890,0,25.29,50.17,12.18,63.55
"16k",16,128,1186457,0.000120960,0,25.96,51.92,12.81,66.05
"16k",16,256,1248183,0.000300510,0,26.47,52.45,13.04,66.64
"16k",16,512,1263893,0.000585140,0,26.68,52.49,12.58,66.64
"16k",32,32,1188183,0.000028540,0,26.48,50.22,14.98,68.01
"16k",32,64,1051208,0.000087770,0,22.48,51.09,12.85,70.79
"16k",32,128,1140568,0.000209350,0,23.39,51.49,13.00,71.18
"16k",32,256,1185112,0.000440430,0,23.72,52.24,13.21,72.13
"16k",32,512,1181834,0.000666600,0,24.25,51.97,13.70,71.41
"16k",64,64,1210251,0.000063470,0,25.42,49.26,15.17,70.09
"16k",64,128,1094043,0.000189650,0,22.19,50.89,14.00,73.28
"16k",64,256,1077853,0.000383690,0,21.21,51.04,14.17,74.27
"16k",64,512,1066390,0.000613950,0,21.54,51.07,14.18,74.01
"64k",16,16,660519,0.000023560,0,24.18,50.63,11.74,68.68
"64k",16,32,557145,0.000054870,0,19.79,46.69,9.85,62.72
"64k",16,64,608349,0.000096760,0,20.68,50.65,10.36,68.64
"64k",16,128,640697,0.000192810,0,21.37,52.89,10.84,71.59
"64k",16,256,648785,0.000388000,0,21.73,54.25,10.74,72.08
"64k",16,512,620997,0.000728290,0,23.10,55.35,10.29,71.96
"64k",32,32,707026,0.000045200,0,22.49,50.48,12.82,74.77
"64k",32,64,606351,0.000119440,0,18.82,53.06,10.90,75.67
"64k",32,128,633520,0.000267930,0,19.36,54.18,11.22,75.06
"64k",32,256,639331,0.000614450,0,19.70,54.72,11.44,75.30
"64k",32,512,611377,0.001000000,0,20.87,54.85,11.39,74.51
"64k",64,64,682061,0.000100430,0,20.64,50.39,12.86,76.20
"64k",64,128,615936,0.000266840,0,18.23,53.32,12.36,76.68
"64k",64,256,601942,0.000580710,0,17.97,54.08,12.25,76.85
"64k",64,512,578754,0.001010000,0,19.13,53.84,12.07,76.30
"256k",16,16,264842,0.000195970,0,19.08,49.23,12.32,75.63
"256k",16,32,213944,0.000282890,0,17.25,49.24,9.29,65.79
"256k",16,64,223069,0.000367560,0,19.71,53.38,9.27,69.58
"256k",16,128,222965,0.000520350,0,21.96,57.51,9.02,70.92
"256k",16,256,187104,0.001150000,0,21.46,56.74,7.88,74.21
"256k",32,32,267850,0.000121380,0,19.16,50.10,12.69,79.43
"256k",32,64,227306,0.000412530,0,18.85,56.77,10.07,74.35
"256k",32,128,221052,0.000635260,0,20.29,57.11,9.76,74.23
"256k",32,256,206708,0.001340000,0,20.47,57.24,9.41,73.27
"256k",64,64,244421,0.000411980,0,19.51,54.18,11.80,75.94
"256k",64,128,219555,0.000680250,0,19.14,56.58,10.71,75.18
"256k",64,256,202683,0.001350000,0,19.65,57.35,10.48,74.22
"512k",16,16,135293,0.000154080,0,18.06,44.22,10.93,83.51
"512k",16,32,105292,0.000369120,0,17.80,56.02,7.85,64.11
"512k",16,64,102865,0.000599320,0,20.16,67.45,7.70,61.28
"512k",16,128,91755,0.001330000,0,17.97,75.38,6.68,59.62
"512k",16,256,80021,0.002910000,0,16.19,79.34,6.23,59.21
"512k",32,32,122707,0.000417910,0,20.18,54.98,9.64,76.14
"512k",32,64,106638,0.000612310,0,18.81,68.10,8.88,65.60
"512k",32,128,93695,0.001400000,0,17.20,74.35,7.84,61.15
"512k",32,256,83241,0.003030000,0,16.00,79.27,7.38,58.49
"512k",64,64,107726,0.000722510,0,18.82,66.67,9.45,66.56
"512k",64,128,93890,0.001390000,0,16.70,74.54,8.46,61.96
"512k",64,256,85335,0.002990000,0,15.55,78.85,8.25,58.94
