---
system-info:
      stress-ng-version: 0.17.08
      run-by: root
      date-yyyy-mm-dd: 2024:06:15
      time-hh-mm-ss: 21:55:00
      epoch-secs: 1718488500
      hostname: 39799179c820
      sysname: Linux
      nodename: 39799179c820
      release: 6.8.0-1008-aws
      version: '#8-Ubuntu SMP Sat Apr 20 00:46:25 UTC 2024'
      machine: x86_64
      compiler: 'musl-gcc 13.2.1'
      uptime: 116
      totalram: 798840700928
      freeram: 792900390912
      sharedram: 117321728
      bufferram: 108634112
      totalswap: 0
      freeswap: 0
      pagesize: 4096
      cpus: 96
      cpus-online: 96
      ticks-per-second: 100

metrics:
    - stressor: cpu
      bogo-ops: 1853724
      bogo-ops-per-second-usr-sys-time: 965.801835
      bogo-ops-per-second-real-time: 92685.818556
      wall-clock-time: 20.000082
      user-time: 1919.330699
      system-time: 0.031983
      cpu-usage-per-instance: 99.966395
      max-rss: 0

...
