---
system-info:
      stress-ng-version: 0.17.08
      run-by: root
      date-yyyy-mm-dd: 2024:06:09
      time-hh-mm-ss: 19:17:55
      epoch-secs: 1717960675
      hostname: 01a81490dadf
      sysname: Linux
      nodename: 01a81490dadf
      release: 6.8.0-1008-aws
      version: '#8-Ubuntu SMP Sat Apr 20 00:46:25 UTC 2024'
      machine: x86_64
      compiler: 'musl-gcc 13.2.1'
      uptime: 109
      totalram: 798840676352
      freeram: 792510017536
      sharedram: 117321728
      bufferram: 110895104
      totalswap: 0
      freeswap: 0
      pagesize: 4096
      cpus: 96
      cpus-online: 96
      ticks-per-second: 100

metrics:
    - stressor: cpu
      bogo-ops: 1175351
      bogo-ops-per-second-usr-sys-time: 1224.990486
      bogo-ops-per-second-real-time: 117516.659647
      wall-clock-time: 10.001569
      user-time: 959.372714
      system-time: 0.104942
      cpu-usage-per-instance: 99.929908
      max-rss: 3072

...
