---
system-info:
      stress-ng-version: 0.17.08
      run-by: root
      date-yyyy-mm-dd: 2024:06:09
      time-hh-mm-ss: 13:42:05
      epoch-secs: 1717940525
      hostname: 4d7deb9d39c9
      sysname: Linux
      nodename: 4d7deb9d39c9
      release: 6.8.0-1008-aws
      version: '#8-Ubuntu SMP Sat Apr 20 00:46:25 UTC 2024'
      machine: x86_64
      compiler: 'musl-gcc 13.2.1'
      uptime: 166
      totalram: 133976682496
      freeram: 129399726080
      sharedram: 11698176
      bufferram: 108507136
      totalswap: 0
      freeswap: 0
      pagesize: 4096
      cpus: 16
      cpus-online: 16
      ticks-per-second: 100

metrics:
    - stressor: cpu
      bogo-ops: 9907
      bogo-ops-per-second-usr-sys-time: 990.308531
      bogo-ops-per-second-real-time: 990.313631
      wall-clock-time: 10.003901
      user-time: 10.002953
      system-time: 0.001000
      cpu-usage-per-instance: 100.000515
      max-rss: 4048

...
