---
system-info:
      stress-ng-version: 0.17.08
      run-by: root
      date-yyyy-mm-dd: 2024:06:15
      time-hh-mm-ss: 15:57:03
      epoch-secs: 1718467023
      hostname: 30ce215fdadf
      sysname: Linux
      nodename: 30ce215fdadf
      release: 6.8.0-1008-aws
      version: '#8-Ubuntu SMP Sat Apr 20 00:46:25 UTC 2024'
      machine: x86_64
      compiler: 'musl-gcc 13.2.1'
      uptime: 186
      totalram: 133976682496
      freeram: 129482596352
      sharedram: 11698176
      bufferram: 110047232
      totalswap: 0
      freeswap: 0
      pagesize: 4096
      cpus: 16
      cpus-online: 16
      ticks-per-second: 100

metrics:
    - stressor: cpu
      bogo-ops: 11821
      bogo-ops-per-second-usr-sys-time: 591.090874
      bogo-ops-per-second-real-time: 591.038790
      wall-clock-time: 20.000379
      user-time: 19.998617
      system-time: 0.000000
      cpu-usage-per-instance: 99.991189
      max-rss: 1104

...
