BaselineInfo:
  WebDBID: -1
  TimeStamp: 20250211050507
Version:
  Major: 11
  Minor: 0
  Build: 1002
  SpecialBuildName: ""
  ptArchitecture: x86_64_linux
Results:
  Results Complete: true
  NumTestProcesses: 4
  CPU_INTEGER_MATH: 19089.580666666669
  CPU_FLOATINGPOINT_MATH: 13545.861242056413
  CPU_PRIME: 39.45039130032324
  CPU_SORTING: 9670.2757009300058
  CPU_ENCRYPTION: 4232.4824060574538
  CPU_COMPRESSION: 70608.827975913533
  CPU_SINGLETHREAD: 2918.0601539931026
  CPU_PHYSICS: 937.61564224519884
  CPU_MATRIX_MULT_SSE: 5612.9685581500116
  CPU_mm: 540.26410438221342
  CPU_sse: 2337.5364972747784
  CPU_fma: 6511.8326181064531
  CPU_avx: 4916.7252160092594
  CPU_avx512: 8685.7799012095602
  m_CPU_enc_SHA: 4451776136.7316685
  m_CPU_enc_AES: 5788173751.092659
  m_CPU_enc_ECDSA: 3074288526.4179759
  ME_ALLOC_S: 2871.7234911494675
  ME_READ_S: 26249.4501953125
  ME_READ_L: 10551.7314453125
  ME_WRITE: 9683.0205078125
  ME_LARGE: 21093
  ME_LATENCY: 57.534782130617884
  ME_THREADED: 31844.23388671875
  SUMM_CPU: 7381.1258306890995
  SUMM_ME: 2264.9049963990528
SystemInformation:
  OSName: Ubuntu 24.04.1 LTS
  Kernel: 6.8.0-1021-azure
  Device: ""
  Processor: INTEL XEON PLATINUM 8573C
  NumSockets: 1
  Manufacturer: GenuineIntel
  NumCores: 2
  NumLogicals: 4
  CPUFrequency: 2300
  Memory: 32092
  MemModuleInfo:
    iNumMemSticks: 2
    DIMM 1:
      manufacturer: Microsoft Corporation
      modulePartNo: None
      memType: Unknown
      size: 1
      clkspeed: 0
      moduleVoltage: 0
    DIMM 2:
      manufacturer: Microsoft Corporation
      modulePartNo: None
      memType: Unknown
      size: 31
      clkspeed: 0
      moduleVoltage: 0
Checksum: 3A4A8BF1D547A2073A81C3A096C7985CBBA7ECBC