BaselineInfo:
  WebDBID: -1
  TimeStamp: 20260619010406
Version:
  Major: 11
  Minor: 0
  Build: 1004
  SpecialBuildName: ""
  ptArchitecture: x86_64_linux
Results:
  Results Complete: true
  NumTestProcesses: 20
  CPU_INTEGER_MATH: 49197.012333333332
  CPU_FLOATINGPOINT_MATH: 26422.548771977505
  CPU_PRIME: 79.773838772412589
  CPU_SORTING: 29741.229746064535
  CPU_ENCRYPTION: 6814.95153693461
  CPU_COMPRESSION: 227848.18076431318
  CPU_SINGLETHREAD: 1664.2776739654275
  CPU_PHYSICS: 1501.812304423557
  CPU_MATRIX_MULT_SSE: 14909.168565092834
  CPU_mm: 1500.1081616428912
  CPU_sse: 5334.0014596229303
  CPU_fma: 18297.867878674162
  CPU_avx: 12929.384737098359
  CPU_avx512: 23075.420184975883
  m_CPU_enc_SHA: 2227458271.0762262
  m_CPU_enc_AES: 17195236416.655266
  m_CPU_enc_ECDSA: 2015289180.6467474
  ME_ALLOC_S: 5394.6503627872953
  ME_READ_S: 19459.4091796875
  ME_READ_L: 6421.2734375
  ME_WRITE: 6928.07568359375
  ME_LARGE: 82090.666666666672
  ME_LATENCY: 77.502628667946965
  ME_THREADED: 80122.05419921875
  SUMM_CPU: 15713.848822379914
  SUMM_ME: 1804.1960705832853
SystemInformation:
  OSName: Ubuntu 24.04.4 LTS
  Kernel: 6.8.0-117-generic
  Device: ""
  Processor: Intel(R) Xeon(R) Platinum 8163 CPU @ 2.50GHz
  NumSockets: 1
  Manufacturer: GenuineIntel
  NumCores: 10
  NumLogicals: 20
  CPUFrequency: 0
  CPUMaxFrequency: 0
  Memory: 91976
  CPUInfo:
    number: 1
    Family: 6
    Model: 5
    stepping: 4
    features: 529267711
    manufacture: GenuineIntel
    typestring: Intel(R) Xeon(R) Platinum 8163 CPU @ 2.50GHz
    iCoresPerPackage: 10
    iThreadsPerPackage: 2
    featuresEx:
      - 529267711
      - 4277809667
      - 739248128
    bHybrid: false
    nPCore: 0
    nLogicalsPerPCore: 0
    nECore: 0
    nLogicalsPerECore: 0
  MemModuleInfo:
    iNumMemSticks: 6
    DIMM 1:
      manufacturer: Alibaba Cloud
      modulePartNo: Not Specified
      memType: RAM
      size: 16
      clkspeed: 0
      moduleVoltage: 0
    DIMM 2:
      manufacturer: Alibaba Cloud
      modulePartNo: Not Specified
      memType: RAM
      size: 16
      clkspeed: 0
      moduleVoltage: 0
    DIMM 3:
      manufacturer: Alibaba Cloud
      modulePartNo: Not Specified
      memType: RAM
      size: 16
      clkspeed: 0
      moduleVoltage: 0
    DIMM 4:
      manufacturer: Alibaba Cloud
      modulePartNo: Not Specified
      memType: RAM
      size: 16
      clkspeed: 0
      moduleVoltage: 0
    DIMM 5:
      manufacturer: Alibaba Cloud
      modulePartNo: Not Specified
      memType: RAM
      size: 16
      clkspeed: 0
      moduleVoltage: 0
    DIMM 6:
      manufacturer: Alibaba Cloud
      modulePartNo: Not Specified
      memType: RAM
      size: 12
      clkspeed: 0
      moduleVoltage: 0
Checksum: FE3A28D89A66FBB022900FEC06CD4926C5DBB0D3