BaselineInfo:
  WebDBID: -1
  TimeStamp: 20260708202852
Version:
  Major: 11
  Minor: 0
  Build: 1004
  SpecialBuildName: ""
  ptArchitecture: x86_64_linux
Results:
  Results Complete: true
  NumTestProcesses: 4
  CPU_INTEGER_MATH: 26471.261333333332
  CPU_FLOATINGPOINT_MATH: 16073.597030877547
  CPU_PRIME: 70.267603725671535
  CPU_SORTING: 13116.530776635505
  CPU_ENCRYPTION: 5311.6511461443224
  CPU_COMPRESSION: 101177.57508973216
  CPU_SINGLETHREAD: 3726.5954132894117
  CPU_PHYSICS: 1251.771543589238
  CPU_MATRIX_MULT_SSE: 7875.5205715731327
  CPU_mm: 764.07114946520016
  CPU_sse: 2835.0428471720102
  CPU_fma: 8676.5981524751005
  CPU_avx: 8480.0047094860802
  CPU_avx512: 11510.436577159338
  m_CPU_enc_SHA: 6645074496.9447403
  m_CPU_enc_AES: 5433050832.2480621
  m_CPU_enc_ECDSA: 4630884407.4654846
  ME_ALLOC_S: 2719.1833192949189
  ME_READ_S: 33694.182421874997
  ME_READ_L: 29615.755859375
  ME_WRITE: 30479.435546875
  ME_LARGE: 23744
  ME_LATENCY: 82.186092313427693
  ME_THREADED: 47778.5087890625
  SUMM_CPU: 9969.7396318179544
  SUMM_ME: 2501.1682901232884
SystemInformation:
  OSName: Ubuntu 24.04.4 LTS
  Kernel: 6.17.0-1018-azure
  Device: ""
  Processor: "AMD EPYC 9V45 96-Core Processor                "
  NumSockets: 1
  Manufacturer: AuthenticAMD
  NumCores: 2
  NumLogicals: 4
  CPUFrequency: 0
  CPUMaxFrequency: 0
  Memory: 32093
  CPUInfo:
    number: 1
    Family: 15
    Model: 2
    stepping: 1
    features: 395049983
    manufacture: AuthenticAMD
    typestring: "AMD EPYC 9V45 96-Core Processor                "
    iCoresPerPackage: 8
    iThreadsPerPackage: 2
    featuresEx:
      - 395049983
      - 4277809667
      - 802421759
    bHybrid: false
    nPCore: 0
    nLogicalsPerPCore: 0
    nECore: 0
    nLogicalsPerECore: 0
  MemModuleInfo:
    iNumMemSticks: 2
    DIMM 1:
      manufacturer: Microsoft Corporation
      modulePartNo: None
      memType: Unknown
      size: 1
      clkspeed: 0
      moduleVoltage: 0
    DIMM 2:
      manufacturer: Microsoft Corporation
      modulePartNo: None
      memType: Unknown
      size: 31
      clkspeed: 0
      moduleVoltage: 0
Checksum: AF331CD98D7C1CE3A1D265A48F681BFC6F31D9AB