BaselineInfo:
  WebDBID: -1
  TimeStamp: 20260522171123
Version:
  Major: 11
  Minor: 0
  Build: 1004
  SpecialBuildName: ""
  ptArchitecture: x86_64_linux
Results:
  Results Complete: true
  NumTestProcesses: 12
  CPU_INTEGER_MATH: 78647.599333333332
  CPU_FLOATINGPOINT_MATH: 88756.459696728911
  CPU_PRIME: 299.65257015404848
  CPU_SORTING: 51534.511786425282
  CPU_ENCRYPTION: 19704.407993566529
  CPU_COMPRESSION: 383295.35459234542
  CPU_SINGLETHREAD: 3923.4885190236282
  CPU_PHYSICS: 5548.3929566313836
  CPU_MATRIX_MULT_SSE: 33231.947968104112
  CPU_mm: 4015.9745296001593
  CPU_sse: 12939.855996241831
  CPU_fma: 43542.142766903315
  CPU_avx: 24031.06591805979
  CPU_avx512: 52414.727191211488
  m_CPU_enc_SHA: 27362860971.987717
  m_CPU_enc_AES: 17422291670.48336
  m_CPU_enc_ECDSA: 17199555306.31496
  ME_ALLOC_S: 14407.703690632676
  ME_READ_S: 33230.949023437497
  ME_READ_L: 31574.4375
  ME_WRITE: 31125.255859375
  ME_LARGE: 107274.41666666667
  ME_LATENCY: 101.90377282250087
  ME_THREADED: 233369.1591796875
  SUMM_CPU: 35206.68776439158
  SUMM_ME: 2438.1306883906586
SystemInformation:
  OSName: Ubuntu 24.04.4 LTS
  Kernel: 6.8.0-111-generic
  Device: ""
  Processor: "AMD EPYC 9575F 64-Core Processor               "
  NumSockets: 1
  Manufacturer: AuthenticAMD
  NumCores: 12
  NumLogicals: 12
  CPUFrequency: 0
  CPUMaxFrequency: 0
  Memory: 128720
  CPUInfo:
    number: 1
    Family: 15
    Model: 2
    stepping: 1
    features: 395049983
    manufacture: AuthenticAMD
    typestring: "AMD EPYC 9575F 64-Core Processor               "
    iCoresPerPackage: 255
    iThreadsPerPackage: 1
    featuresEx:
      - 395049983
      - 4294586883
      - 802421759
    bHybrid: false
    nPCore: 0
    nLogicalsPerPCore: 0
    nECore: 0
    nLogicalsPerECore: 0
  MemModuleInfo:
    iNumMemSticks: 8
    DIMM 1:
      manufacturer: QEMU
      modulePartNo: Not Specified
      memType: RAM
      size: 16
      clkspeed: 0
      moduleVoltage: 0
    DIMM 2:
      manufacturer: QEMU
      modulePartNo: Not Specified
      memType: RAM
      size: 16
      clkspeed: 0
      moduleVoltage: 0
    DIMM 3:
      manufacturer: QEMU
      modulePartNo: Not Specified
      memType: RAM
      size: 16
      clkspeed: 0
      moduleVoltage: 0
    DIMM 4:
      manufacturer: QEMU
      modulePartNo: Not Specified
      memType: RAM
      size: 16
      clkspeed: 0
      moduleVoltage: 0
    DIMM 5:
      manufacturer: QEMU
      modulePartNo: Not Specified
      memType: RAM
      size: 16
      clkspeed: 0
      moduleVoltage: 0
    DIMM 6:
      manufacturer: QEMU
      modulePartNo: Not Specified
      memType: RAM
      size: 16
      clkspeed: 0
      moduleVoltage: 0
    DIMM 7:
      manufacturer: QEMU
      modulePartNo: Not Specified
      memType: RAM
      size: 16
      clkspeed: 0
      moduleVoltage: 0
    DIMM 8:
      manufacturer: QEMU
      modulePartNo: Not Specified
      memType: RAM
      size: 16
      clkspeed: 0
      moduleVoltage: 0
Checksum: 4398EF10E9533A237F4A1928B1BBF993BD618BDC