BaselineInfo:
  WebDBID: -1
  TimeStamp: 20241114172006
Version:
  Major: 11
  Minor: 0
  Build: 1002
  SpecialBuildName: ""
  ptArchitecture: x86_64_linux
Results:
  Results Complete: true
  NumTestProcesses: 1
  CPU_INTEGER_MATH: 3968.2373333333335
  CPU_FLOATINGPOINT_MATH: 2882.4198049562597
  CPU_PRIME: 12.027171530331835
  CPU_SORTING: 2312.1259728726682
  CPU_ENCRYPTION: 489.93611097799322
  CPU_COMPRESSION: 16743.618750597103
  CPU_SINGLETHREAD: 1714.7330775870882
  CPU_PHYSICS: 212.35856101055745
  CPU_MATRIX_MULT_SSE: 901.83356718488938
  CPU_mm: 184.94390263051022
  CPU_sse: 598.93781490962454
  CPU_fma: 1385.692696706642
  CPU_avx: 720.87018993840115
  CPU_avx512: 0
  m_CPU_enc_SHA: 244005008.61744195
  m_CPU_enc_AES: 1082858951.8946395
  m_CPU_enc_ECDSA: 214341782.00249928
  ME_ALLOC_S: 715.54721617071414
  ME_READ_S: 18356.460546875001
  ME_READ_L: 8250.1083984375
  ME_WRITE: 7802.6171875
  ME_LARGE: 542.5
  ME_LATENCY: 81.591771316928401
  ME_THREADED: 8094.7353515625
  SUMM_CPU: 1451.0152890956324
  SUMM_ME: 757.44617506295094
SystemInformation:
  OSName: Ubuntu 24.04.1 LTS
  Kernel: 6.8.0-1018-aws
  Device: ""
  Processor: Intel Xeon CPU E5-2686 v4 @ 2.30GHz
  NumSockets: 1
  Manufacturer: GenuineIntel
  NumCores: 1
  NumLogicals: 1
  CPUFrequency: 0
  Memory: 1963
  MemModuleInfo:
    iNumMemSticks: 1
    DIMM 1:
      manufacturer: Not Specified
      modulePartNo: Not Specified
      memType: RAM
      size: 2
      clkspeed: 0
      moduleVoltage: 0
Checksum: A902FBB7828FB65EE9D1AF4D8A1BE3CE64865E3C