BaselineInfo:
  WebDBID: -1
  TimeStamp: 20241115095251
Version:
  Major: 11
  Minor: 0
  Build: 1002
  SpecialBuildName: ""
  ptArchitecture: x86_64_linux
Results:
  Results Complete: true
  NumTestProcesses: 1
  CPU_INTEGER_MATH: 3937.4233333333336
  CPU_FLOATINGPOINT_MATH: 2872.4691799551792
  CPU_PRIME: 11.90465400242388
  CPU_SORTING: 2327.5890360064964
  CPU_ENCRYPTION: 482.12957045944836
  CPU_COMPRESSION: 16641.813011115097
  CPU_SINGLETHREAD: 1716.8224848927975
  CPU_PHYSICS: 214.14148300259689
  CPU_MATRIX_MULT_SSE: 900.18770974465815
  CPU_mm: 164.64168888754492
  CPU_sse: 596.6637827208848
  CPU_fma: 1385.008800244568
  CPU_avx: 718.89054626852158
  CPU_avx512: 0
  m_CPU_enc_SHA: 244112931.13998467
  m_CPU_enc_AES: 1062350763.4135791
  m_CPU_enc_ECDSA: 210184794.86869565
  ME_ALLOC_S: 705.11936940619421
  ME_READ_S: 18321.715234374999
  ME_READ_L: 7855.3115234375
  ME_WRITE: 7454.79638671875
  ME_LARGE: 540
  ME_LATENCY: 83.548361412818451
  ME_THREADED: 7827.1240234375
  SUMM_CPU: 1442.3193021855877
  SUMM_ME: 744.60196921749207
SystemInformation:
  OSName: Ubuntu 24.04.1 LTS
  Kernel: 6.8.0-1018-aws
  Device: ""
  Processor: Intel Xeon CPU E5-2686 v4 @ 2.30GHz
  NumSockets: 1
  Manufacturer: GenuineIntel
  NumCores: 1
  NumLogicals: 1
  CPUFrequency: 0
  Memory: 1963
  MemModuleInfo:
    iNumMemSticks: 1
    DIMM 1:
      manufacturer: Not Specified
      modulePartNo: Not Specified
      memType: RAM
      size: 2
      clkspeed: 0
      moduleVoltage: 0
Checksum: 58D7ABA3033E77E1037E041BE17AB9DC0FDA8576