BaselineInfo:
  WebDBID: -1
  TimeStamp: 20241106221842
Version:
  Major: 11
  Minor: 0
  Build: 1002
  SpecialBuildName: ""
  ptArchitecture: x86_64_linux
Results:
  Results Complete: true
  NumTestProcesses: 1
  CPU_INTEGER_MATH: 3867.0859999999998
  CPU_FLOATINGPOINT_MATH: 2851.7723692328809
  CPU_PRIME: 11.983129279838948
  CPU_SORTING: 2261.184746491017
  CPU_ENCRYPTION: 485.6627907422469
  CPU_COMPRESSION: 16561.14668257473
  CPU_SINGLETHREAD: 1708.2247921925634
  CPU_PHYSICS: 213.1062730945861
  CPU_MATRIX_MULT_SSE: 886.04646926249006
  CPU_mm: 185.46405354260645
  CPU_sse: 596.83491290865413
  CPU_fma: 1353.7115028194612
  CPU_avx: 707.59299205935486
  CPU_avx512: 0
  m_CPU_enc_SHA: 242872844.25969592
  m_CPU_enc_AES: 1075389955.871588
  m_CPU_enc_ECDSA: 209500239.26474288
  ME_ALLOC_S: 718.45415715573279
  ME_READ_S: 18357.515234375001
  ME_READ_L: 8089.04443359375
  ME_WRITE: 7712.265625
  ME_LARGE: 529.16666666666663
  ME_LATENCY: 82.55289874669252
  ME_THREADED: 8422.111328125
  SUMM_CPU: 1430.2309840095281
  SUMM_ME: 749.04611853644121
SystemInformation:
  OSName: Ubuntu 24.04.1 LTS
  Kernel: 6.8.0-1016-aws
  Device: ""
  Processor: Intel Xeon CPU E5-2686 v4 @ 2.30GHz
  NumSockets: 1
  Manufacturer: GenuineIntel
  NumCores: 1
  NumLogicals: 1
  CPUFrequency: 0
  Memory: 1963
  MemModuleInfo:
    iNumMemSticks: 1
    DIMM 1:
      manufacturer: Not Specified
      modulePartNo: Not Specified
      memType: RAM
      size: 2
      clkspeed: 0
      moduleVoltage: 0
Checksum: 89F02A3368C59807D7F2221509EBCA04A27867C2