---
system-info:
      stress-ng-version: 0.17.08
      run-by: root
      date-yyyy-mm-dd: 2024:06:07
      time-hh-mm-ss: 11:20:06
      epoch-secs: 1717759206
      hostname: 11fb0b91a84b
      sysname: Linux
      nodename: 11fb0b91a84b
      release: 6.8.0-1008-aws
      version: '#8-Ubuntu SMP Sat Apr 20 00:46:25 UTC 2024'
      machine: x86_64
      compiler: 'musl-gcc 13.2.1'
      uptime: 154
      totalram: 33653235712
      freeram: 29368938496
      sharedram: 48529408
      bufferram: 90075136
      totalswap: 0
      freeswap: 0
      pagesize: 4096
      cpus: 8
      cpus-online: 8
      ticks-per-second: 100

metrics:
    - stressor: cpu
      bogo-ops: 12072
      bogo-ops-per-second-usr-sys-time: 1206.876798
      bogo-ops-per-second-real-time: 1206.911444
      wall-clock-time: 10.002391
      user-time: 10.002678
      system-time: 0.000000
      cpu-usage-per-instance: 100.002871
      max-rss: 3920

...
