size_kb,operation,bandwidth_mb_s,latency_ns,latency_stddev_ns,latency_samples,threads,iterations,elapsed_s
32,read,194061.14,0,0,0,2,675675,0.217610
32,write,204290.54,0,0,0,2,625000,0.191211
32,copy,189707.04,0,0,0,2,543478,0.179052
32,latency,0,1.78,0.00,7,1,7,0.255153
128,read,129644.99,0,0,0,2,130890,0.252401
128,write,205066.31,0,0,0,2,183823,0.224102
128,copy,73412.37,0,0,0,2,75987,0.258768
128,latency,0,2.54,0.01,7,1,7,0.706694
1024,read,134013.65,0,0,0,2,16025,0.239155
1024,write,198680.54,0,0,0,2,24342,0.245037
1024,copy,82462.50,0,0,0,2,10183,0.246973
1024,latency,0,5.40,0.03,7,1,7,0.707445
2048,read,124297.52,0,0,0,2,7389,0.237784
2048,write,162773.06,0,0,0,2,9633,0.236722
2048,copy,69715.19,0,0,0,2,4325,0.248153
2048,latency,0,9.29,0.80,21,1,21,1.435596
4096,read,90721.59,0,0,0,2,3003,0.264810
4096,write,131702.53,0,0,0,2,4563,0.277170
4096,copy,58692.38,0,0,0,2,1744,0.237714
4096,latency,0,20.08,3.86,21,1,21,1.218187
32768,read,56822.89,0,0,0,2,189,0.212872
32768,write,116325.15,0,0,0,2,479,0.263537
32768,copy,42123.06,0,0,0,2,142,0.215749
32768,latency,0,119.59,0.64,7,1,7,2.603802
65536,read,40620.96,0,0,0,2,82,0.258389
65536,write,116659.71,0,0,0,2,234,0.256747
65536,copy,31516.30,0,0,0,2,63,0.255868
65536,latency,0,122.77,0.20,7,1,7,5.360526
131072,read,40920.79,0,0,0,2,41,0.256496
131072,write,112925.63,0,0,0,2,116,0.262970
131072,copy,32565.14,0,0,0,2,33,0.259418
131072,latency,0,124.52,0.17,7,1,7,10.891072
262144,read,40432.42,0,0,0,2,20,0.253262
262144,write,109864.32,0,0,0,2,58,0.270297
262144,copy,17799.20,0,0,0,1,17,0.244505
262144,latency,0,125.40,0.29,7,1,7,21.999295
524288,read,21082.85,0,0,0,1,10,0.242851
524288,write,60357.28,0,0,0,1,29,0.246002
524288,copy,17927.38,0,0,0,1,8,0.228477
524288,latency,0,127.10,1.59,7,1,7,44.536567
