---
system-info:
      stress-ng-version: 0.17.08
      run-by: root
      date-yyyy-mm-dd: 2024:06:19
      time-hh-mm-ss: 16:14:25
      epoch-secs: 1718813665
      hostname: 131feed15780
      sysname: Linux
      nodename: 131feed15780
      release: 6.8.0-1008-gcp
      version: '#9-Ubuntu SMP Wed May 22 18:09:04 UTC 2024'
      machine: x86_64
      compiler: 'musl-gcc 13.2.1'
      uptime: 183
      totalram: 4103733248
      freeram: 240259072
      sharedram: 34963456
      bufferram: 120958976
      totalswap: 0
      freeswap: 0
      pagesize: 4096
      cpus: 1
      cpus-online: 1
      ticks-per-second: 100

metrics:
    - stressor: cpu
      bogo-ops: 53290
      bogo-ops-per-second-usr-sys-time: 2691.754825
      bogo-ops-per-second-real-time: 2664.491392
      wall-clock-time: 20.000065
      user-time: 19.793521
      system-time: 0.003973
      cpu-usage-per-instance: 98.987150
      max-rss: 976

...
