---
system-info:
      stress-ng-version: 0.17.08
      run-by: root
      date-yyyy-mm-dd: 2024:06:16
      time-hh-mm-ss: 05:40:32
      epoch-secs: 1718516432
      hostname: df7abcd3e9d3
      sysname: Linux
      nodename: df7abcd3e9d3
      release: 6.8.0-1008-aws
      version: '#8-Ubuntu SMP Sat Apr 20 00:46:25 UTC 2024'
      machine: x86_64
      compiler: 'musl-gcc 13.2.1'
      uptime: 121
      totalram: 265990778880
      freeram: 261361860608
      sharedram: 66613248
      bufferram: 109121536
      totalswap: 0
      freeswap: 0
      pagesize: 4096
      cpus: 32
      cpus-online: 32
      ticks-per-second: 100

metrics:
    - stressor: cpu
      bogo-ops: 691846
      bogo-ops-per-second-usr-sys-time: 1081.434480
      bogo-ops-per-second-real-time: 34592.150245
      wall-clock-time: 20.000087
      user-time: 639.725426
      system-time: 0.022994
      cpu-usage-per-instance: 99.960258
      max-rss: 1032

...
