---
system-info:
      stress-ng-version: 0.17.08
      run-by: root
      date-yyyy-mm-dd: 2024:06:10
      time-hh-mm-ss: 02:51:37
      epoch-secs: 1717987897
      hostname: bb4e7819b644
      sysname: Linux
      nodename: bb4e7819b644
      release: 6.8.0-1008-aws
      version: '#8-Ubuntu SMP Sat Apr 20 00:46:25 UTC 2024'
      machine: x86_64
      compiler: 'musl-gcc 13.2.1'
      uptime: 119
      totalram: 265990803456
      freeram: 261143191552
      sharedram: 66613248
      bufferram: 113696768
      totalswap: 0
      freeswap: 0
      pagesize: 4096
      cpus: 32
      cpus-online: 32
      ticks-per-second: 100

metrics:
    - stressor: cpu
      bogo-ops: 534081
      bogo-ops-per-second-usr-sys-time: 1670.219499
      bogo-ops-per-second-real-time: 53401.607827
      wall-clock-time: 10.001216
      user-time: 319.734984
      system-time: 0.031969
      cpu-usage-per-instance: 99.915026
      max-rss: 4104

...
