---
system-info:
      stress-ng-version: 0.17.08
      run-by: root
      date-yyyy-mm-dd: 2024:06:15
      time-hh-mm-ss: 21:57:05
      epoch-secs: 1718488625
      hostname: 47c35ca080bd
      sysname: Linux
      nodename: 47c35ca080bd
      release: 6.8.0-1008-aws
      version: '#8-Ubuntu SMP Sat Apr 20 00:46:25 UTC 2024'
      machine: x86_64
      compiler: 'musl-gcc 13.2.1'
      uptime: 188
      totalram: 1065117126656
      freeram: 1058818560000
      sharedram: 117018624
      bufferram: 111448064
      totalswap: 0
      freeswap: 0
      pagesize: 4096
      cpus: 128
      cpus-online: 128
      ticks-per-second: 100

metrics:
    - stressor: cpu
      bogo-ops: 37833
      bogo-ops-per-second-usr-sys-time: 1891.634205
      bogo-ops-per-second-real-time: 1891.648286
      wall-clock-time: 20.000018
      user-time: 19.999168
      system-time: 0.000999
      cpu-usage-per-instance: 100.000744
      max-rss: 0

...
