---
system-info:
      stress-ng-version: 0.17.08
      run-by: root
      date-yyyy-mm-dd: 2024:06:09
      time-hh-mm-ss: 19:30:02
      epoch-secs: 1717961402
      hostname: 4642750cc401
      sysname: Linux
      nodename: 4642750cc401
      release: 6.8.0-1008-aws
      version: '#8-Ubuntu SMP Sat Apr 20 00:46:25 UTC 2024'
      machine: x86_64
      compiler: 'musl-gcc 13.2.1'
      uptime: 151
      totalram: 1065117106176
      freeram: 1058492305408
      sharedram: 117018624
      bufferram: 113504256
      totalswap: 0
      freeswap: 0
      pagesize: 4096
      cpus: 128
      cpus-online: 128
      ticks-per-second: 100

metrics:
    - stressor: cpu
      bogo-ops: 16761
      bogo-ops-per-second-usr-sys-time: 1676.137713
      bogo-ops-per-second-real-time: 1676.090090
      wall-clock-time: 10.000059
      user-time: 9.999775
      system-time: 0.000000
      cpu-usage-per-instance: 99.997159
      max-rss: 2048

...
