size_kb,operation,bandwidth_mb_s,latency_ns,latency_stddev_ns,latency_samples,threads,iterations,elapsed_s
32,read,18665290.93,0,0,0,192,409835,0.131742
32,write,20438263.13,0,0,0,192,290697,0.085339
32,copy,7761948.53,0,0,0,192,170068,0.131463
32,latency,0,0.90,0.00,7,1,7,0.129515
128,read,15897285.12,0,0,0,192,198412,0.299541
128,write,11953684.77,0,0,0,192,150602,0.302371
128,copy,9224109.16,0,0,0,192,113122,0.294330
128,latency,0,2.46,0.00,7,1,7,0.703815
512,read,13969301.33,0,0,0,192,58962,0.405199
512,write,14653161.06,0,0,0,192,60975,0.399477
512,copy,6057513.56,0,0,0,192,22482,0.356297
512,latency,0,3.39,0.00,7,1,7,0.707793
1024,read,13171279.24,0,0,0,192,24224,0.353117
1024,write,10931194.35,0,0,0,192,26968,0.473677
1024,copy,5555993.06,0,0,0,192,9850,0.340389
1024,latency,0,5.38,0.02,7,1,7,0.660504
2048,read,9777981.12,0,0,0,192,9716,0.381566
2048,write,10165842.52,0,0,0,192,9838,0.371616
2048,copy,3857950.08,0,0,0,192,4362,0.434170
2048,latency,0,8.98,0.02,7,1,7,0.592705
8192,read,2954196.59,0,0,0,192,1498,0.778868
8192,write,2149712.77,0,0,0,192,1495,1.068199
8192,copy,575317.83,0,0,0,192,827,2.207948
8192,latency,0,10.44,0.03,7,1,7,0.714101
16384,read,1418325.54,0,0,0,192,755,1.635280
16384,write,652469.60,0,0,0,192,726,3.418201
16384,copy,295408.91,0,0,0,192,345,3.587705
16384,latency,0,10.88,0.02,7,1,7,0.694080
32768,read,1024190.82,0,0,0,192,359,2.153599
32768,write,404885.48,0,0,0,192,322,4.886241
32768,copy,269560.16,0,0,0,192,176,4.011513
32768,latency,0,13.75,0.08,7,1,7,0.738324
65536,read,1013832.97,0,0,0,192,178,2.157420
65536,write,376455.54,0,0,0,192,147,4.798272
65536,copy,261954.08,0,0,0,192,77,3.611992
65536,latency,0,77.80,1.56,7,1,7,3.355134
131072,read,968529.63,0,0,0,192,85,2.156836
131072,write,362845.28,0,0,0,192,65,4.402538
131072,copy,257725.99,0,0,0,192,41,3.909641
131072,latency,0,103.35,2.40,7,1,7,8.933909
