BaselineInfo:
  WebDBID: -1
  TimeStamp: 20260404195120
Version:
  Major: 11
  Minor: 0
  Build: 1004
  SpecialBuildName: ""
  ptArchitecture: x86_64_linux
Results:
  Results Complete: true
  NumTestProcesses: 16
  CPU_INTEGER_MATH: 83721.282999999996
  CPU_FLOATINGPOINT_MATH: 64423.62080757544
  CPU_PRIME: 196.53376632555631
  CPU_SORTING: 46932.265832078978
  CPU_ENCRYPTION: 18019.698884276462
  CPU_COMPRESSION: 328049.50359816098
  CPU_SINGLETHREAD: 2380.9336397860743
  CPU_PHYSICS: 3043.7232173022721
  CPU_MATRIX_MULT_SSE: 29354.181239934071
  CPU_mm: 3851.9277553306229
  CPU_sse: 12431.048199055242
  CPU_fma: 34580.70295397492
  CPU_avx: 26634.824694235256
  CPU_avx512: 43770.14911247087
  m_CPU_enc_SHA: 21594296847.365524
  m_CPU_enc_AES: 22609699588.394756
  m_CPU_enc_ECDSA: 12481074896.076948
  ME_ALLOC_S: 7791.4552156062418
  ME_READ_S: 23546.656835937501
  ME_READ_L: 11530.91015625
  ME_WRITE: 11085.19140625
  ME_LARGE: 43497.416666666664
  ME_LATENCY: 75.153096115354074
  ME_THREADED: 100546.5224609375
  SUMM_CPU: 29217.87764863226
  SUMM_ME: 2255.0931215589899
SystemInformation:
  OSName: Ubuntu 24.04.4 LTS
  Kernel: 6.8.0-106-generic
  Device: ""
  Processor: Intel(R) Xeon(R) Platinum 8369B CPU @ 2.90GHz
  NumSockets: 1
  Manufacturer: GenuineIntel
  NumCores: 8
  NumLogicals: 16
  CPUFrequency: 0
  CPUMaxFrequency: 0
  Memory: 61901
  CPUInfo:
    number: 1
    Family: 6
    Model: 10
    stepping: 6
    features: 529267711
    manufacture: GenuineIntel
    typestring: Intel(R) Xeon(R) Platinum 8369B CPU @ 2.90GHz
    iCoresPerPackage: 8
    iThreadsPerPackage: 2
    featuresEx:
      - 529267711
      - 4294619651
      - 739248128
    bHybrid: false
    nPCore: 0
    nLogicalsPerPCore: 0
    nECore: 0
    nLogicalsPerECore: 0
  MemModuleInfo:
    iNumMemSticks: 4
    DIMM 1:
      manufacturer: Alibaba Cloud
      modulePartNo: Not Specified
      memType: RAM
      size: 16
      clkspeed: 0
      moduleVoltage: 0
    DIMM 2:
      manufacturer: Alibaba Cloud
      modulePartNo: Not Specified
      memType: RAM
      size: 16
      clkspeed: 0
      moduleVoltage: 0
    DIMM 3:
      manufacturer: Alibaba Cloud
      modulePartNo: Not Specified
      memType: RAM
      size: 16
      clkspeed: 0
      moduleVoltage: 0
    DIMM 4:
      manufacturer: Alibaba Cloud
      modulePartNo: Not Specified
      memType: RAM
      size: 14
      clkspeed: 0
      moduleVoltage: 0
Checksum: 7CD134E4CC5CEB93F2F9D9EF778E6BD29DFB473C