---
system-info:
      stress-ng-version: 0.17.08
      run-by: root
      date-yyyy-mm-dd: 2024:06:06
      time-hh-mm-ss: 09:55:27
      epoch-secs: 1717667727
      hostname: 77ff64ffb8e9
      sysname: Linux
      nodename: 77ff64ffb8e9
      release: 6.8.0-1008-aws
      version: '#8-Ubuntu SMP Sat Apr 20 00:46:25 UTC 2024'
      machine: x86_64
      compiler: 'musl-gcc 13.2.1'
      uptime: 112
      totalram: 16467779584
      freeram: 12306923520
      sharedram: 59875328
      bufferram: 82485248
      totalswap: 0
      freeswap: 0
      pagesize: 4096
      cpus: 8
      cpus-online: 8
      ticks-per-second: 100

metrics:
    - stressor: cpu
      bogo-ops: 16653
      bogo-ops-per-second-usr-sys-time: 1665.055070
      bogo-ops-per-second-real-time: 1665.031963
      wall-clock-time: 10.001610
      user-time: 9.999472
      system-time: 0.001999
      cpu-usage-per-instance: 99.998612
      max-rss: 3920

...
