---
system-info:
      stress-ng-version: 0.17.08
      run-by: root
      date-yyyy-mm-dd: 2024:06:12
      time-hh-mm-ss: 23:41:46
      epoch-secs: 1718235706
      hostname: 17f05c3150d2
      sysname: Linux
      nodename: 17f05c3150d2
      release: 6.8.0-1008-aws
      version: '#8-Ubuntu SMP Sat Apr 20 00:46:25 UTC 2024'
      machine: x86_64
      compiler: 'musl-gcc 13.2.1'
      uptime: 143
      totalram: 16467779584
      freeram: 12061958144
      sharedram: 59875328
      bufferram: 112390144
      totalswap: 0
      freeswap: 0
      pagesize: 4096
      cpus: 8
      cpus-online: 8
      ticks-per-second: 100

metrics:
    - stressor: cpu
      bogo-ops: 37792
      bogo-ops-per-second-usr-sys-time: 1889.611338
      bogo-ops-per-second-real-time: 1889.595540
      wall-clock-time: 20.000047
      user-time: 19.999880
      system-time: 0.000000
      cpu-usage-per-instance: 99.999164
      max-rss: 1104

...
