---
system-info:
      stress-ng-version: 0.17.08
      run-by: root
      date-yyyy-mm-dd: 2024:06:07
      time-hh-mm-ss: 23:55:41
      epoch-secs: 1717804541
      hostname: 53b27b29273a
      sysname: Linux
      nodename: 53b27b29273a
      release: 6.8.0-1008-aws
      version: '#8-Ubuntu SMP Sat Apr 20 00:46:25 UTC 2024'
      machine: x86_64
      compiler: 'musl-gcc 13.2.1'
      uptime: 116
      totalram: 16469192704
      freeram: 12192325632
      sharedram: 59858944
      bufferram: 95506432
      totalswap: 0
      freeswap: 0
      pagesize: 4096
      cpus: 4
      cpus-online: 4
      ticks-per-second: 100

metrics:
    - stressor: cpu
      bogo-ops: 16612
      bogo-ops-per-second-usr-sys-time: 1660.804230
      bogo-ops-per-second-real-time: 1660.807834
      wall-clock-time: 10.002361
      user-time: 10.001383
      system-time: 0.001000
      cpu-usage-per-instance: 100.000217
      max-rss: 3792

...
