---
system-info:
      stress-ng-version: 0.17.08
      run-by: root
      date-yyyy-mm-dd: 2024:06:13
      time-hh-mm-ss: 14:55:52
      epoch-secs: 1718290552
      hostname: 0f25beb2e905
      sysname: Linux
      nodename: 0f25beb2e905
      release: 6.8.0-1008-aws
      version: '#8-Ubuntu SMP Sat Apr 20 00:46:25 UTC 2024'
      machine: x86_64
      compiler: 'musl-gcc 13.2.1'
      uptime: 139
      totalram: 16469188608
      freeram: 12154347520
      sharedram: 59858944
      bufferram: 107143168
      totalswap: 0
      freeswap: 0
      pagesize: 4096
      cpus: 4
      cpus-online: 4
      ticks-per-second: 100

metrics:
    - stressor: cpu
      bogo-ops: 37656
      bogo-ops-per-second-usr-sys-time: 1882.796893
      bogo-ops-per-second-real-time: 1882.790887
      wall-clock-time: 20.000097
      user-time: 20.000033
      system-time: 0.000000
      cpu-usage-per-instance: 99.999681
      max-rss: 1104

...
