BaselineInfo:
  WebDBID: -1
  TimeStamp: 20250617195529
Version:
  Major: 11
  Minor: 0
  Build: 1002
  SpecialBuildName: ""
  ptArchitecture: x86_64_linux
Results:
  Results Complete: true
  NumTestProcesses: 96
  CPU_INTEGER_MATH: 382343.56733333331
  CPU_FLOATINGPOINT_MATH: 270854.16522866004
  CPU_PRIME: 731.15730756268886
  CPU_SORTING: 182510.14717934729
  CPU_ENCRYPTION: 84140.492647647377
  CPU_COMPRESSION: 1361959.4552889767
  CPU_SINGLETHREAD: 2853.5096969992665
  CPU_PHYSICS: 10648.982375252264
  CPU_MATRIX_MULT_SSE: 102417.51735614725
  CPU_mm: 10447.626326787415
  CPU_sse: 43987.625639596772
  CPU_fma: 114271.65206592566
  CPU_avx: 90385.047495713428
  CPU_avx512: 161025.74422335293
  m_CPU_enc_SHA: 88935446702.972015
  m_CPU_enc_AES: 115892089444.25941
  m_CPU_enc_ECDSA: 59855567508.267143
  ME_ALLOC_S: 31419.748335773773
  ME_READ_S: 26263.103320312501
  ME_READ_L: 10516.0869140625
  ME_WRITE: 9735.8525390625
  ME_LARGE: 762959.41666666663
  ME_LATENCY: 58.768477502834834
  ME_THREADED: 257317.9189453125
  SUMM_CPU: 85426.927999367093
  SUMM_ME: 2624.6260838142221
SystemInformation:
  OSName: Ubuntu 24.04.2 LTS
  Kernel: 6.11.0-1015-azure
  Device: ""
  Processor: INTEL XEON PLATINUM 8573C
  NumSockets: 1
  Manufacturer: GenuineIntel
  NumCores: 48
  NumLogicals: 96
  CPUFrequency: 2300
  Memory: 773997
  MemModuleInfo:
    iNumMemSticks: 4
    DIMM 1:
      manufacturer: Microsoft Corporation
      modulePartNo: None
      memType: Unknown
      size: 1
      clkspeed: 0
      moduleVoltage: 0
    DIMM 2:
      manufacturer: Microsoft Corporation
      modulePartNo: None
      memType: Unknown
      size: 59
      clkspeed: 0
      moduleVoltage: 0
    DIMM 3:
      manufacturer: Microsoft Corporation
      modulePartNo: None
      memType: Unknown
      size: 324
      clkspeed: 0
      moduleVoltage: 0
    DIMM 4:
      manufacturer: Microsoft Corporation
      modulePartNo: None
      memType: Unknown
      size: 384
      clkspeed: 0
      moduleVoltage: 0
Checksum: 704A6F61E8DDE8230212D9EB16A93DE4D0C3648C