---
system-info:
      stress-ng-version: 0.17.08
      run-by: root
      date-yyyy-mm-dd: 2024:06:13
      time-hh-mm-ss: 22:26:32
      epoch-secs: 1718317592
      hostname: 35a6f734c893
      sysname: Linux
      nodename: 35a6f734c893
      release: 6.8.0-1008-aws
      version: '#8-Ubuntu SMP Sat Apr 20 02:43:14 UTC 2024'
      machine: aarch64
      compiler: 'musl-gcc 13.2.1'
      uptime: 185
      totalram: 99418234880
      freeram: 94695997440
      sharedram: 34951168
      bufferram: 107057152
      totalswap: 0
      freeswap: 0
      pagesize: 4096
      cpus: 48
      cpus-online: 48
      ticks-per-second: 100

metrics:
    - stressor: cpu
      bogo-ops: 30391
      bogo-ops-per-second-usr-sys-time: 1519.509505
      bogo-ops-per-second-real-time: 1519.544385
      wall-clock-time: 20.000074
      user-time: 20.000533
      system-time: 0.000000
      cpu-usage-per-instance: 100.002295
      max-rss: 1152

...
