---
system-info:
      stress-ng-version: 0.17.08
      run-by: root
      date-yyyy-mm-dd: 2024:06:06
      time-hh-mm-ss: 08:42:55
      epoch-secs: 1717663375
      hostname: a81b400b26bf
      sysname: Linux
      nodename: a81b400b26bf
      release: 6.8.0-1008-aws
      version: '#8-Ubuntu SMP Sat Apr 20 02:43:14 UTC 2024'
      machine: aarch64
      compiler: 'musl-gcc 13.2.1'
      uptime: 143
      totalram: 99418230784
      freeram: 94913028096
      sharedram: 34951168
      bufferram: 81113088
      totalswap: 0
      freeswap: 0
      pagesize: 4096
      cpus: 48
      cpus-online: 48
      ticks-per-second: 100

metrics:
    - stressor: cpu
      bogo-ops: 2940
      bogo-ops-per-second-usr-sys-time: 293.175824
      bogo-ops-per-second-real-time: 293.174439
      wall-clock-time: 10.028159
      user-time: 10.028112
      system-time: 0.000000
      cpu-usage-per-instance: 99.999528
      max-rss: 3840

...
