BaselineInfo:
  WebDBID: -1
  TimeStamp: 20241107173728
Version:
  Major: 11
  Minor: 0
  Build: 1002
  SpecialBuildName: ""
  ptArchitecture: x86_64_linux
Results:
  Results Complete: true
  NumTestProcesses: 4
  CPU_INTEGER_MATH: 16732.002
  CPU_FLOATINGPOINT_MATH: 8590.645526827715
  CPU_PRIME: 37.201060710974154
  CPU_SORTING: 8867.09368225652
  CPU_ENCRYPTION: 3654.4946341303157
  CPU_COMPRESSION: 63688.361168652846
  CPU_SINGLETHREAD: 2428.6929872734304
  CPU_PHYSICS: 727.12902328333416
  CPU_MATRIX_MULT_SSE: 3637.5667356202835
  CPU_mm: 361.83928925319458
  CPU_sse: 1593.5303690035453
  CPU_fma: 4375.0665937248414
  CPU_avx: 3231.4594389623808
  CPU_avx512: 5350.2105407903637
  m_CPU_enc_SHA: 3684910004.6882501
  m_CPU_enc_AES: 5540618321.6204166
  m_CPU_enc_ECDSA: 2270517770.1248226
  ME_ALLOC_S: 2078.1960619976917
  ME_READ_S: 24120.739062500001
  ME_READ_L: 11742.23046875
  ME_WRITE: 10628.3203125
  ME_LARGE: 22106
  ME_LATENCY: 53.030457634528005
  ME_THREADED: 30756.041015625
  SUMM_CPU: 5956.6604385819992
  SUMM_ME: 2326.039942623825
SystemInformation:
  OSName: Ubuntu 24.04.1 LTS
  Kernel: 6.8.0-1017-azure
  Device: ""
  Processor: Intel Xeon Platinum 8370C CPU @ 2.80GHz
  NumSockets: 1
  Manufacturer: GenuineIntel
  NumCores: 2
  NumLogicals: 4
  CPUFrequency: 2800
  Memory: 32092
  MemModuleInfo:
    iNumMemSticks: 2
    DIMM 1:
      manufacturer: Microsoft Corporation
      modulePartNo: None
      memType: Unknown
      size: 1
      clkspeed: 0
      moduleVoltage: 0
    DIMM 2:
      manufacturer: Microsoft Corporation
      modulePartNo: None
      memType: Unknown
      size: 31
      clkspeed: 0
      moduleVoltage: 0
Checksum: 72A506C82E504DE9709D7F90750B857E871BB328