BaselineInfo:
  WebDBID: -1
  TimeStamp: 20241219021424
Version:
  Major: 11
  Minor: 0
  Build: 1002
  SpecialBuildName: ""
  ptArchitecture: x86_64_linux
Results:
  Results Complete: true
  NumTestProcesses: 32
  CPU_INTEGER_MATH: 153344.54566666664
  CPU_FLOATINGPOINT_MATH: 111459.48569877664
  CPU_PRIME: 429.03910188003442
  CPU_SORTING: 87761.600983426848
  CPU_ENCRYPTION: 37258.638610897571
  CPU_COMPRESSION: 674233.28143276775
  CPU_SINGLETHREAD: 2168.945655909878
  CPU_PHYSICS: 5757.5682663777716
  CPU_MATRIX_MULT_SSE: 53348.579576162294
  CPU_mm: 6324.5299721864039
  CPU_sse: 24229.694176777855
  CPU_fma: 76360.782801488735
  CPU_avx: 59455.261750220292
  CPU_avx512: 0
  m_CPU_enc_SHA: 52557555287.731514
  m_CPU_enc_AES: 33875645945.351002
  m_CPU_enc_ECDSA: 30772341487.099091
  ME_ALLOC_S: 18326.972957792037
  ME_READ_S: 25172.90234375
  ME_READ_L: 9320.15234375
  ME_WRITE: 9645.58984375
  ME_LARGE: 36077.666666666664
  ME_LATENCY: 89.871029276237365
  ME_THREADED: 107290.44921875
  SUMM_CPU: 47118.779800182427
  SUMM_ME: 1990.6703606368587
SystemInformation:
  OSName: Ubuntu 24.04.1 LTS
  Kernel: 6.8.0-31-generic
  Device: ""
  Processor: AMD EPYC 7542 32-Core Processor
  NumSockets: 1
  Manufacturer: AuthenticAMD
  NumCores: 32
  NumLogicals: 32
  CPUFrequency: 0
  Memory: 48130
  MemModuleInfo:
    iNumMemSticks: 3
    DIMM 1:
      manufacturer: QEMU
      modulePartNo: Not Specified
      memType: RAM
      size: 16
      clkspeed: 0
      moduleVoltage: 0
    DIMM 2:
      manufacturer: QEMU
      modulePartNo: Not Specified
      memType: RAM
      size: 16
      clkspeed: 0
      moduleVoltage: 0
    DIMM 3:
      manufacturer: QEMU
      modulePartNo: Not Specified
      memType: RAM
      size: 16
      clkspeed: 0
      moduleVoltage: 0
Checksum: F1021C48E9403854DEC3F24999316348C8E9EC7C