BaselineInfo:
  WebDBID: -1
  TimeStamp: 20241109093949
Version:
  Major: 11
  Minor: 0
  Build: 1002
  SpecialBuildName: ""
  ptArchitecture: x86_64_linux
Results:
  Results Complete: true
  NumTestProcesses: 32
  CPU_INTEGER_MATH: 73248.238666666672
  CPU_FLOATINGPOINT_MATH: 39318.459239427488
  CPU_PRIME: 118.03952159090632
  CPU_SORTING: 37978.310918445328
  CPU_ENCRYPTION: 10031.235460458271
  CPU_COMPRESSION: 319409.40233271429
  CPU_SINGLETHREAD: 1487.6474636297976
  CPU_PHYSICS: 2098.0271120306666
  CPU_MATRIX_MULT_SSE: 23486.717645000819
  CPU_mm: 2122.8965737778799
  CPU_sse: 7891.9355410203771
  CPU_fma: 27237.869785746538
  CPU_avx: 19235.974311172733
  CPU_avx512: 39581.090942063653
  m_CPU_enc_SHA: 3311340039.4486198
  m_CPU_enc_AES: 25284592647.121006
  m_CPU_enc_ECDSA: 2959605575.9868469
  ME_ALLOC_S: 8947.7517130851138
  ME_READ_S: 18188.816796874999
  ME_READ_L: 9962.3486328125
  ME_WRITE: 8686.4765625
  ME_LARGE: 182552.41666666666
  ME_LATENCY: 58.978701362108772
  ME_THREADED: 104863.07080078125
  SUMM_CPU: 21089.301123905887
  SUMM_ME: 2295.4177058942696
SystemInformation:
  OSName: Ubuntu 24.04.1 LTS
  Kernel: 6.8.0-1017-azure
  Device: ""
  Processor: Intel Xeon Platinum 8280M CPU @ 2.70GHz
  NumSockets: 1
  Manufacturer: GenuineIntel
  NumCores: 16
  NumLogicals: 32
  CPUFrequency: 0
  Memory: 193219
  MemModuleInfo:
    iNumMemSticks: 3
    DIMM 1:
      manufacturer: Microsoft Corporation
      modulePartNo: None
      memType: Unknown
      size: 1
      clkspeed: 0
      moduleVoltage: 0
    DIMM 2:
      manufacturer: Microsoft Corporation
      modulePartNo: None
      memType: Unknown
      size: 60928
      clkspeed: 0
      moduleVoltage: 0
    DIMM 3:
      manufacturer: Microsoft Corporation
      modulePartNo: None
      memType: Unknown
      size: 134656
      clkspeed: 0
      moduleVoltage: 0
Checksum: D7C5B50973E775405CEFAE3A83B8A9E5547F46B7