---
system-info:
      stress-ng-version: 0.17.08
      run-by: root
      date-yyyy-mm-dd: 2024:09:21
      time-hh-mm-ss: 15:06:06
      epoch-secs: 1726931166
      hostname: sc-runner
      sysname: Linux
      nodename: sc-runner
      release: 6.8.0-1014-azure
      version: '#16-Ubuntu SMP Thu Aug 15 20:04:41 UTC 2024'
      machine: x86_64
      compiler: 'musl-gcc 13.2.1'
      uptime: 347
      totalram: 67420606464
      freeram: 57056481280
      sharedram: 38133760
      bufferram: 249360384
      totalswap: 0
      freeswap: 0
      pagesize: 4096
      cpus: 16
      cpus-online: 16
      ticks-per-second: 100

metrics:
    - stressor: cpu
      bogo-ops: 54119
      bogo-ops-per-second-usr-sys-time: 2706.044306
      bogo-ops-per-second-real-time: 2705.937710
      wall-clock-time: 20.000091
      user-time: 19.998304
      system-time: 0.000999
      cpu-usage-per-instance: 99.996061
      max-rss: 3152

...
