---
system-info:
      stress-ng-version: 0.17.08
      run-by: root
      date-yyyy-mm-dd: 2024:09:16
      time-hh-mm-ss: 17:07:54
      epoch-secs: 1726506474
      hostname: sc-runner
      sysname: Linux
      nodename: sc-runner
      release: 6.8.0-1014-azure
      version: '#16-Ubuntu SMP Thu Aug 15 21:06:50 UTC 2024'
      machine: aarch64
      compiler: 'musl-gcc 13.2.1'
      uptime: 296
      totalram: 168458100736
      freeram: 158052147200
      sharedram: 38273024
      bufferram: 229134336
      totalswap: 0
      freeswap: 0
      pagesize: 4096
      cpus: 20
      cpus-online: 20
      ticks-per-second: 100

metrics:
    - stressor: cpu
      bogo-ops: 720808
      bogo-ops-per-second-usr-sys-time: 1803.541887
      bogo-ops-per-second-real-time: 36040.292592
      wall-clock-time: 20.000060
      user-time: 399.649473
      system-time: 0.012994
      cpu-usage-per-instance: 99.915319
      max-rss: 1324

...
