BaselineInfo:
  WebDBID: -1
  TimeStamp: 20241109201915
Version:
  Major: 11
  Minor: 0
  Build: 1002
  SpecialBuildName: ""
  ptArchitecture: x86_64_linux
Results:
  Results Complete: true
  NumTestProcesses: 48
  CPU_INTEGER_MATH: 213501.78066666669
  CPU_FLOATINGPOINT_MATH: 151108.6594294284
  CPU_PRIME: 378.29511907661345
  CPU_SORTING: 104764.23669084841
  CPU_ENCRYPTION: 46379.661836916326
  CPU_COMPRESSION: 771060.91316330642
  CPU_SINGLETHREAD: 3150.8216719797706
  CPU_PHYSICS: 6617.0086004136401
  CPU_MATRIX_MULT_SSE: 59809.122228581982
  CPU_mm: 5781.1028601083963
  CPU_sse: 25834.514109539727
  CPU_fma: 68547.642207463447
  CPU_avx: 52386.434790224688
  CPU_avx512: 92467.897807100075
  m_CPU_enc_SHA: 48943745634.808578
  m_CPU_enc_AES: 63695432766.615997
  m_CPU_enc_ECDSA: 33258622469.494556
  ME_ALLOC_S: 24056.120606973873
  ME_READ_S: 27539.620703125001
  ME_READ_L: 10599.9775390625
  ME_WRITE: 9358.2568359375
  ME_LARGE: 375467.5
  ME_LATENCY: 71.255915967295223
  ME_THREADED: 219105.44140625
  SUMM_CPU: 60379.921203513375
  SUMM_ME: 2393.3991858940872
SystemInformation:
  OSName: Ubuntu 24.04.1 LTS
  Kernel: 6.8.0-1017-azure
  Device: ""
  Processor: Intel Xeon Platinum 8473C
  NumSockets: 1
  Manufacturer: GenuineIntel
  NumCores: 24
  NumLogicals: 48
  CPUFrequency: 2100
  Memory: 386747
  MemModuleInfo:
    iNumMemSticks: 3
    DIMM 1:
      manufacturer: Microsoft Corporation
      modulePartNo: None
      memType: Unknown
      size: 1
      clkspeed: 0
      moduleVoltage: 0
    DIMM 2:
      manufacturer: Microsoft Corporation
      modulePartNo: None
      memType: Unknown
      size: 59
      clkspeed: 0
      moduleVoltage: 0
    DIMM 3:
      manufacturer: Microsoft Corporation
      modulePartNo: None
      memType: Unknown
      size: 324
      clkspeed: 0
      moduleVoltage: 0
Checksum: D0236597881D49E5EFDB5DF0E6AC8807BD2D6E68