---
system-info:
      stress-ng-version: 0.17.08
      run-by: root
      date-yyyy-mm-dd: 2024:06:06
      time-hh-mm-ss: 19:41:12
      epoch-secs: 1717702872
      hostname: 26d498ebe718
      sysname: Linux
      nodename: 26d498ebe718
      release: 6.8.0-1008-aws
      version: '#8-Ubuntu SMP Sat Apr 20 00:46:25 UTC 2024'
      machine: x86_64
      compiler: 'musl-gcc 13.2.1'
      uptime: 111
      totalram: 4002344960
      freeram: 135016448
      sharedram: 113508352
      bufferram: 83357696
      totalswap: 0
      freeswap: 0
      pagesize: 4096
      cpus: 2
      cpus-online: 2
      ticks-per-second: 100

metrics:
    - stressor: cpu
      bogo-ops: 27788
      bogo-ops-per-second-usr-sys-time: 1407.277704
      bogo-ops-per-second-real-time: 2778.650544
      wall-clock-time: 10.000538
      user-time: 19.735954
      system-time: 0.009971
      cpu-usage-per-instance: 98.724315
      max-rss: 3920

...
