---
system-info:
      stress-ng-version: 0.17.08
      run-by: root
      date-yyyy-mm-dd: 2024:06:14
      time-hh-mm-ss: 11:30:47
      epoch-secs: 1718364647
      hostname: c30cf065c80f
      sysname: Linux
      nodename: c30cf065c80f
      release: 6.8.0-1008-aws
      version: '#8-Ubuntu SMP Sat Apr 20 00:46:25 UTC 2024'
      machine: x86_64
      compiler: 'musl-gcc 13.2.1'
      uptime: 122
      totalram: 4002353152
      freeram: 214708224
      sharedram: 113508352
      bufferram: 99921920
      totalswap: 0
      freeswap: 0
      pagesize: 4096
      cpus: 2
      cpus-online: 2
      ticks-per-second: 100

metrics:
    - stressor: cpu
      bogo-ops: 41914
      bogo-ops-per-second-usr-sys-time: 1055.955169
      bogo-ops-per-second-real-time: 2095.690856
      wall-clock-time: 20.000087
      user-time: 39.687988
      system-time: 0.004985
      cpu-usage-per-instance: 99.232000
      max-rss: 1104

...
