BaselineInfo:
  WebDBID: -1
  TimeStamp: 20241109103850
Version:
  Major: 11
  Minor: 0
  Build: 1002
  SpecialBuildName: ""
  ptArchitecture: x86_64_linux
Results:
  Results Complete: true
  NumTestProcesses: 32
  CPU_INTEGER_MATH: 156225.86766666669
  CPU_FLOATINGPOINT_MATH: 111034.49077173688
  CPU_PRIME: 309.26679409724693
  CPU_SORTING: 77721.817259761403
  CPU_ENCRYPTION: 34427.581692216823
  CPU_COMPRESSION: 571700.19925113604
  CPU_SINGLETHREAD: 3148.9851189705287
  CPU_PHYSICS: 5718.0863573991246
  CPU_MATRIX_MULT_SSE: 43884.672578651662
  CPU_mm: 4375.1193079084414
  CPU_sse: 19487.893334893375
  CPU_fma: 48672.959543450343
  CPU_avx: 38592.230807028929
  CPU_avx512: 68785.606629234026
  m_CPU_enc_SHA: 36354566842.093864
  m_CPU_enc_AES: 47570966245.632294
  m_CPU_enc_ECDSA: 24374274613.767677
  ME_ALLOC_S: 17240.941755062551
  ME_READ_S: 27841.362499999999
  ME_READ_L: 10602.978515625
  ME_WRITE: 9284.943359375
  ME_LARGE: 247108.83333333334
  ME_LATENCY: 70.354782337154234
  ME_THREADED: 179871.67578125
  SUMM_CPU: 48281.823218294769
  SUMM_ME: 2396.0483301427616
SystemInformation:
  OSName: Ubuntu 24.04.1 LTS
  Kernel: 6.8.0-1017-azure
  Device: ""
  Processor: Intel Xeon Platinum 8473C
  NumSockets: 1
  Manufacturer: GenuineIntel
  NumCores: 16
  NumLogicals: 32
  CPUFrequency: 2100
  Memory: 257730
  MemModuleInfo:
    iNumMemSticks: 3
    DIMM 1:
      manufacturer: Microsoft Corporation
      modulePartNo: None
      memType: Unknown
      size: 1
      clkspeed: 0
      moduleVoltage: 0
    DIMM 2:
      manufacturer: Microsoft Corporation
      modulePartNo: None
      memType: Unknown
      size: 59
      clkspeed: 0
      moduleVoltage: 0
    DIMM 3:
      manufacturer: Microsoft Corporation
      modulePartNo: None
      memType: Unknown
      size: 196
      clkspeed: 0
      moduleVoltage: 0
Checksum: 6E75E3F895A6DFBE53983C69C9039CCF63BCC165