BaselineInfo:
  WebDBID: -1
  TimeStamp: 20241107173828
Version:
  Major: 11
  Minor: 0
  Build: 1002
  SpecialBuildName: ""
  ptArchitecture: x86_64_linux
Results:
  Results Complete: true
  NumTestProcesses: 2
  CPU_INTEGER_MATH: 6192.9513333333334
  CPU_FLOATINGPOINT_MATH: 3320.512089836091
  CPU_PRIME: 14.22856157128497
  CPU_SORTING: 3296.0583917891245
  CPU_ENCRYPTION: 847.42577853040564
  CPU_COMPRESSION: 27574.573363296582
  CPU_SINGLETHREAD: 1992.8504834365806
  CPU_PHYSICS: 291.30967973111802
  CPU_MATRIX_MULT_SSE: 1718.4314200557687
  CPU_mm: 188.12541347325552
  CPU_sse: 673.93266020994486
  CPU_fma: 2226.1045130364937
  CPU_avx: 1568.2295354888329
  CPU_avx512: 2405.458971487803
  m_CPU_enc_SHA: 279379987.22827387
  m_CPU_enc_AES: 2138094952.116137
  m_CPU_enc_ECDSA: 248296060.10048491
  ME_ALLOC_S: 729.32758487605781
  ME_READ_S: 24014.426171874999
  ME_READ_L: 11721.330078125
  ME_WRITE: 10465.3125
  ME_LARGE: 22127
  ME_LATENCY: 49.950821395944274
  ME_THREADED: 12923.33251953125
  SUMM_CPU: 2233.2447226201903
  SUMM_ME: 1909.5313438135333
SystemInformation:
  OSName: Ubuntu 24.04.1 LTS
  Kernel: 6.8.0-1017-azure
  Device: ""
  Processor: Intel Xeon Platinum 8272CL CPU @ 2.60GHz
  NumSockets: 1
  Manufacturer: GenuineIntel
  NumCores: 1
  NumLogicals: 2
  CPUFrequency: 0
  Memory: 32094
  MemModuleInfo:
    iNumMemSticks: 2
    DIMM 1:
      manufacturer: Microsoft Corporation
      modulePartNo: None
      memType: Unknown
      size: 1
      clkspeed: 0
      moduleVoltage: 0
    DIMM 2:
      manufacturer: Microsoft Corporation
      modulePartNo: None
      memType: Unknown
      size: 31
      clkspeed: 0
      moduleVoltage: 0
Checksum: 9F651BDA046D1FBC4C50CE985A1F71FEC1D078D8