---
system-info:
      stress-ng-version: 0.17.08
      run-by: root
      date-yyyy-mm-dd: 2024:06:08
      time-hh-mm-ss: 11:30:41
      epoch-secs: 1717846241
      hostname: b4f6bcbb83a9
      sysname: Linux
      nodename: b4f6bcbb83a9
      release: 6.8.0-1008-aws
      version: '#8-Ubuntu SMP Sat Apr 20 00:46:25 UTC 2024'
      machine: x86_64
      compiler: 'musl-gcc 13.2.1'
      uptime: 168
      totalram: 16469204992
      freeram: 12183441408
      sharedram: 11624448
      bufferram: 101113856
      totalswap: 0
      freeswap: 0
      pagesize: 4096
      cpus: 4
      cpus-online: 4
      ticks-per-second: 100

metrics:
    - stressor: cpu
      bogo-ops: 9816
      bogo-ops-per-second-usr-sys-time: 981.538163
      bogo-ops-per-second-real-time: 981.485548
      wall-clock-time: 10.001166
      user-time: 9.999631
      system-time: 0.000999
      cpu-usage-per-instance: 99.994640
      max-rss: 3920

...
