---
system-info:
      stress-ng-version: 0.17.08
      run-by: root
      date-yyyy-mm-dd: 2024:06:14
      time-hh-mm-ss: 17:57:21
      epoch-secs: 1718387841
      hostname: 6c295fa5435f
      sysname: Linux
      nodename: 6c295fa5435f
      release: 6.8.0-1008-aws
      version: '#8-Ubuntu SMP Sat Apr 20 00:46:25 UTC 2024'
      machine: x86_64
      compiler: 'musl-gcc 13.2.1'
      uptime: 208
      totalram: 16469200896
      freeram: 12165709824
      sharedram: 11624448
      bufferram: 110157824
      totalswap: 0
      freeswap: 0
      pagesize: 4096
      cpus: 4
      cpus-online: 4
      ticks-per-second: 100

metrics:
    - stressor: cpu
      bogo-ops: 11818
      bogo-ops-per-second-usr-sys-time: 590.836219
      bogo-ops-per-second-real-time: 590.897196
      wall-clock-time: 20.000095
      user-time: 20.002159
      system-time: 0.000000
      cpu-usage-per-instance: 100.010320
      max-rss: 1104

...
