---
system-info:
      stress-ng-version: 0.17.08
      run-by: root
      date-yyyy-mm-dd: 2024:09:19
      time-hh-mm-ss: 04:06:36
      epoch-secs: 1726718796
      hostname: sc-runner
      sysname: Linux
      nodename: sc-runner
      release: 6.8.0-1014-azure
      version: '#16-Ubuntu SMP Thu Aug 15 20:04:41 UTC 2024'
      machine: x86_64
      compiler: 'musl-gcc 13.2.1'
      uptime: 343
      totalram: 135065260032
      freeram: 123986964480
      sharedram: 54943744
      bufferram: 288677888
      totalswap: 0
      freeswap: 0
      pagesize: 4096
      cpus: 16
      cpus-online: 16
      ticks-per-second: 100

metrics:
    - stressor: cpu
      bogo-ops: 37963
      bogo-ops-per-second-usr-sys-time: 1898.119061
      bogo-ops-per-second-real-time: 1898.146312
      wall-clock-time: 20.000039
      user-time: 20.000326
      system-time: 0.000000
      cpu-usage-per-instance: 100.001436
      max-rss: 3152

...
