BaselineInfo:
  WebDBID: -1
  TimeStamp: 20241107130205
Version:
  Major: 11
  Minor: 0
  Build: 1002
  SpecialBuildName: ""
  ptArchitecture: x86_64_linux
Results:
  Results Complete: true
  NumTestProcesses: 4
  CPU_INTEGER_MATH: 15511.535666666667
  CPU_FLOATINGPOINT_MATH: 10997.369091376186
  CPU_PRIME: 32.822362233001563
  CPU_SORTING: 7894.0862376284376
  CPU_ENCRYPTION: 3440.6702142025542
  CPU_COMPRESSION: 58987.642907112022
  CPU_SINGLETHREAD: 2415.6174420971856
  CPU_PHYSICS: 787.05741300823433
  CPU_MATRIX_MULT_SSE: 4323.2727071867721
  CPU_mm: 442.09221808265727
  CPU_sse: 1920.8936957674232
  CPU_fma: 4924.3248827959769
  CPU_avx: 3708.5372588388054
  CPU_avx512: 6739.3349913448819
  m_CPU_enc_SHA: 3626278508.3738079
  m_CPU_enc_AES: 4693380516.0445719
  m_CPU_enc_ECDSA: 2503753607.1645927
  ME_ALLOC_S: 1864.7445026920618
  ME_READ_S: 21672.320117187501
  ME_READ_L: 6875.2314453125
  ME_WRITE: 6706.71533203125
  ME_LARGE: 6000
  ME_LATENCY: 75.646246506385665
  ME_THREADED: 21237.52587890625
  SUMM_CPU: 6010.9766070595779
  SUMM_ME: 1557.5428203168981
SystemInformation:
  OSName: Ubuntu 24.04.1 LTS
  Kernel: 6.8.0-1015-gcp
  Device: ""
  Processor: INTEL XEON PLATINUM 8581C CPU @ 2.10GHz
  NumSockets: 1
  Manufacturer: GenuineIntel
  NumCores: 2
  NumLogicals: 4
  CPUFrequency: 0
  Memory: 15989
  MemModuleInfo:
    iNumMemSticks: 1
    DIMM 1:
      manufacturer: ""
      modulePartNo: ""
      memType: RAM
      size: 16
      clkspeed: 0
      moduleVoltage: 0
Checksum: A87FD0D28DEF1862C169F4A6796AEE2114440D46