BaselineInfo:
  WebDBID: -1
  TimeStamp: 20241109103842
Version:
  Major: 11
  Minor: 0
  Build: 1002
  SpecialBuildName: ""
  ptArchitecture: x86_64_linux
Results:
  Results Complete: true
  NumTestProcesses: 64
  CPU_INTEGER_MATH: 305693.62399999995
  CPU_FLOATINGPOINT_MATH: 217458.92768890396
  CPU_PRIME: 393.26255087675094
  CPU_SORTING: 141758.60788607484
  CPU_ENCRYPTION: 59632.421331077778
  CPU_COMPRESSION: 966581.39610749169
  CPU_SINGLETHREAD: 3019.7384810437247
  CPU_PHYSICS: 7380.9286489436854
  CPU_MATRIX_MULT_SSE: 64626.839389787048
  CPU_mm: 7430.9628752561957
  CPU_sse: 32056.566823183581
  CPU_fma: 73633.841768956219
  CPU_avx: 57829.309260992115
  CPU_avx512: 94987.639706016314
  m_CPU_enc_SHA: 63208474824.26815
  m_CPU_enc_AES: 82078114302.793335
  m_CPU_enc_ECDSA: 42300788361.907181
  ME_ALLOC_S: 27418.49101937965
  ME_READ_S: 27198.058789062499
  ME_READ_L: 8332.0087890625
  ME_WRITE: 11723.1826171875
  ME_LARGE: 114581.41666666667
  ME_LATENCY: 82.932244115676127
  ME_THREADED: 219249.296875
  SUMM_CPU: 70832.705581931514
  SUMM_ME: 2149.6104108834711
SystemInformation:
  OSName: Ubuntu 24.04.1 LTS
  Kernel: 6.8.0-1016-aws
  Device: ""
  Processor: Intel Xeon Platinum 8488C
  NumSockets: 1
  Manufacturer: GenuineIntel
  NumCores: 32
  NumLogicals: 64
  CPUFrequency: 0
  Memory: 126743
  MemModuleInfo:
    iNumMemSticks: 1
    DIMM 1:
      manufacturer: Not Specified
      modulePartNo: Not Specified
      memType: DDR5
      size: 128
      clkspeed: 2400
      moduleVoltage: 0
Checksum: 5B533BCC55967D7E27A1C0F6D871AC357CC648E8