---
system-info:
      stress-ng-version: 0.17.08
      run-by: root
      date-yyyy-mm-dd: 2024:07:02
      time-hh-mm-ss: 17:20:21
      epoch-secs: 1719940821
      hostname: n2d-standard-64-8a21d03
      sysname: Linux
      nodename: n2d-standard-64-8a21d03
      release: 6.8.0-1009-gcp
      version: '#10-Ubuntu SMP Wed Jun 12 18:52:23 UTC 2024'
      machine: x86_64
      compiler: 'musl-gcc 13.2.1'
      uptime: 168
      totalram: 270238838784
      freeram: 264459071488
      sharedram: 35500032
      bufferram: 127684608
      totalswap: 0
      freeswap: 0
      pagesize: 4096
      cpus: 64
      cpus-online: 64
      ticks-per-second: 100

metrics:
    - stressor: cpu
      bogo-ops: 1728608
      bogo-ops-per-second-usr-sys-time: 1351.046107
      bogo-ops-per-second-real-time: 86430.137959
      wall-clock-time: 20.000061
      user-time: 1279.424945
      system-time: 0.033980
      cpu-usage-per-instance: 99.957425
      max-rss: 512

...
