"size","threads","connections","rps","latency","failed","server_usr","server_sys","client_usr","client_sys"
"1k",16,16,512779,0.000029630,0,22.51,56.32,16.66,65.86
"1k",16,32,421802,0.000094740,0,19.05,56.01,13.18,62.09
"1k",16,64,463975,0.000129660,0,20.43,56.50,13.66,62.44
"1k",16,128,518301,0.000269580,0,20.23,58.40,14.09,64.26
"1k",16,256,557510,0.000667630,0,19.91,58.85,13.78,65.57
"1k",16,512,580368,0.001070000,0,20.18,59.36,13.44,66.32
"1k",32,32,497821,0.000064420,0,18.76,55.80,16.19,67.89
"1k",32,64,442092,0.000166290,0,16.66,55.45,14.73,66.87
"1k",32,128,481187,0.000385050,0,15.92,58.88,14.73,70.95
"1k",32,256,510662,0.000870000,0,16.25,59.11,14.77,71.12
"1k",32,512,515882,0.001280000,0,16.43,59.01,14.77,70.86
"1k",64,64,508352,0.000133010,0,18.22,53.87,17.70,70.95
"1k",64,128,443465,0.000440640,0,14.12,57.36,15.18,73.76
"1k",64,256,449258,0.000715480,0,14.19,57.79,16.27,72.62
"1k",64,512,460322,0.001230000,0,14.47,58.13,16.87,72.15
"16k",16,16,364227,0.000044150,0,18.56,50.43,17.14,62.54
"16k",16,32,336141,0.000097270,0,17.73,54.55,14.91,60.62
"16k",16,64,335351,0.000177160,0,18.48,59.32,14.87,60.83
"16k",16,128,363164,0.000367880,0,16.69,63.77,14.75,61.88
"16k",16,256,379368,0.000797230,0,16.39,65.64,14.52,62.51
"16k",16,512,392844,0.001260000,0,17.25,64.36,14.56,63.40
"16k",32,32,412261,0.000078400,0,17.90,53.38,19.26,69.04
"16k",32,64,353554,0.000196540,0,15.24,57.53,16.42,65.46
"16k",32,128,347417,0.000520830,0,13.35,63.77,15.73,68.24
"16k",32,256,350586,0.001000000,0,13.02,65.04,15.64,67.24
"16k",32,512,373437,0.001570000,0,13.72,63.88,16.01,67.73
"16k",64,64,419359,0.000160810,0,16.62,52.46,20.52,71.36
"16k",64,128,318026,0.000546630,0,11.82,63.23,16.35,69.55
"16k",64,256,346649,0.000845560,0,12.30,60.99,17.81,70.55
"16k",64,512,366773,0.001460000,0,12.52,60.83,18.11,70.45
"64k",16,16,220216,0.000072430,0,14.13,55.10,19.46,66.56
"64k",16,32,173652,0.000231280,0,12.67,62.76,15.46,59.07
"64k",16,64,164536,0.000368110,0,12.45,71.48,14.21,57.00
"64k",16,128,169275,0.000732260,0,11.92,76.17,13.77,57.41
"64k",16,256,174276,0.001420000,0,11.59,77.27,13.64,57.53
"64k",16,512,172414,0.002710000,0,12.26,77.91,13.16,57.52
"64k",32,32,229959,0.000142160,0,14.45,53.98,20.32,71.85
"64k",32,64,168761,0.000401800,0,10.08,70.69,15.38,62.51
"64k",32,128,163743,0.000950000,0,8.25,75.83,14.65,62.66
"64k",32,256,163034,0.001650000,0,8.91,75.63,15.09,61.03
"64k",32,512,168330,0.002990000,0,10.77,75.03,14.55,60.93
"64k",64,64,233762,0.000289980,0,13.26,53.47,20.96,73.91
"64k",64,128,171045,0.000837510,0,8.90,71.17,16.56,65.15
"64k",64,256,170906,0.001560000,0,9.33,70.10,17.20,65.23
"64k",64,512,165219,0.003100000,0,10.93,70.58,16.44,64.10
"256k",16,16,88911,0.000187130,0,12.25,52.82,22.67,69.94
"256k",16,32,57630,0.000574260,0,12.45,72.32,15.48,52.07
"256k",16,64,55330,0.001130000,0,11.82,81.45,13.71,50.71
"256k",16,128,56699,0.002140000,0,11.08,84.91,13.66,50.49
"256k",16,256,53856,0.004380000,0,11.73,87.03,12.76,49.68
"256k",32,32,76767,0.000436280,0,10.33,69.20,19.73,62.11
"256k",32,64,55065,0.001260000,0,7.07,83.01,14.93,55.77
"256k",32,128,57542,0.002240000,0,8.14,82.45,14.99,55.13
"256k",32,256,57172,0.004390000,0,10.62,82.16,14.59,53.94
"256k",64,64,72972,0.000920000,0,9.05,69.32,19.96,63.24
"256k",64,128,61733,0.002110000,0,8.38,76.79,16.96,59.57
"256k",64,256,60598,0.004220000,0,10.27,77.52,16.31,57.99
"512k",16,16,43283,0.000390650,0,9.72,66.73,20.75,63.31
"512k",16,32,30152,0.001030000,0,13.24,77.16,14.36,48.53
"512k",16,64,29783,0.002020000,0,12.80,84.51,13.39,48.61
"512k",16,128,29341,0.004020000,0,10.85,88.62,13.13,48.46
"512k",16,256,28583,0.008240000,0,12.20,88.79,12.44,48.07
"512k",32,32,38514,0.000845610,0,8.29,77.78,18.66,56.69
"512k",32,64,30576,0.002100000,0,6.83,85.18,14.70,53.97
"512k",32,128,30508,0.004100000,0,9.05,84.92,14.57,52.64
"512k",32,256,30294,0.008280000,0,11.74,84.05,14.25,51.73
"512k",64,64,36359,0.001800000,0,8.02,77.33,18.30,58.18
"512k",64,128,33234,0.003830000,0,9.55,79.83,16.08,56.18
"512k",64,256,32680,0.007760000,0,12.98,78.05,15.90,54.84
