---
system-info:
      stress-ng-version: 0.17.08
      run-by: root
      date-yyyy-mm-dd: 2024:09:02
      time-hh-mm-ss: 16:23:38
      epoch-secs: 1725294218
      hostname: sc-runner
      sysname: Linux
      nodename: sc-runner
      release: 6.8.0-1013-azure
      version: '#15-Ubuntu SMP Thu Aug  8 18:40:40 UTC 2024'
      machine: x86_64
      compiler: 'musl-gcc 13.2.1'
      uptime: 442
      totalram: 3574661120
      freeram: 243974144
      sharedram: 42147840
      bufferram: 190255104
      totalswap: 0
      freeswap: 0
      pagesize: 4096
      cpus: 1
      cpus-online: 1
      ticks-per-second: 100

metrics:
    - stressor: cpu
      bogo-ops: 24465
      bogo-ops-per-second-usr-sys-time: 1246.947552
      bogo-ops-per-second-real-time: 1223.246267
      wall-clock-time: 20.000061
      user-time: 19.615948
      system-time: 0.003963
      cpu-usage-per-instance: 98.099256
      max-rss: 1232

...
