size_kb,operation,bandwidth_mb_s,latency_ns,latency_stddev_ns,latency_samples,threads,iterations,elapsed_s
32,read,248291.35,0,0,0,4,428816,0.215883
32,write,149660.90,0,0,0,4,274725,0.229456
32,copy,141724.74,0,0,0,4,258264,0.227787
32,latency,0,2.72,0.00,7,1,7,0.390435
128,read,171133.58,0,0,0,4,81913,0.239325
128,write,149888.35,0,0,0,4,74872,0.249759
128,copy,121931.25,0,0,0,4,58823,0.241214
128,latency,0,4.45,0.00,7,1,7,0.702732
512,read,158226.22,0,0,0,4,19849,0.250894
512,write,147952.47,0,0,0,4,18936,0.255974
512,copy,98248.84,0,0,0,4,14145,0.287942
512,latency,0,7.17,0.03,7,1,7,0.711884
1024,read,148800.86,0,0,0,4,9740,0.261826
1024,write,147840.98,0,0,0,4,9480,0.256492
1024,copy,65888.75,0,0,0,4,5443,0.330436
1024,latency,0,11.36,0.29,7,1,7,0.657574
2048,read,137276.71,0,0,0,4,4441,0.258806
2048,write,140748.65,0,0,0,4,4751,0.270042
2048,copy,55872.88,0,0,0,4,2760,0.395183
2048,latency,0,23.72,0.10,7,1,7,0.690851
8192,read,90897.90,0,0,0,4,704,0.247839
8192,write,136797.41,0,0,0,4,1184,0.276964
8192,copy,50122.10,0,0,0,4,599,0.382426
8192,latency,0,87.49,1.31,7,1,7,0.803736
16384,read,75223.38,0,0,0,4,339,0.288421
16384,write,93272.35,0,0,0,4,578,0.396602
16384,copy,49870.01,0,0,0,4,279,0.358051
16384,latency,0,94.28,0.90,7,1,7,1.063584
32768,read,70322.90,0,0,0,4,148,0.269386
32768,write,136690.23,0,0,0,4,292,0.273436
32768,copy,47860.19,0,0,0,4,120,0.320935
32768,latency,0,99.05,0.47,7,1,7,2.286307
65536,read,69273.19,0,0,0,4,72,0.266077
65536,write,142261.86,0,0,0,4,146,0.262727
65536,copy,48084.88,0,0,0,4,55,0.292816
65536,latency,0,101.61,0.40,7,1,7,4.717156
131072,read,66180.66,0,0,0,4,34,0.263038
131072,write,134370.15,0,0,0,4,70,0.266726
131072,copy,47241.93,0,0,0,4,28,0.303459
131072,latency,0,104.06,0.48,7,1,7,9.723993
