BaselineInfo:
  WebDBID: -1
  TimeStamp: 20260404130029
Version:
  Major: 11
  Minor: 0
  Build: 1004
  SpecialBuildName: ""
  ptArchitecture: x86_64_linux
Results:
  Results Complete: true
  NumTestProcesses: 12
  CPU_INTEGER_MATH: 29512.45166666666
  CPU_FLOATINGPOINT_MATH: 15862.679729449175
  CPU_PRIME: 57.162410131599685
  CPU_SORTING: 18034.382248448837
  CPU_ENCRYPTION: 4095.9260397696494
  CPU_COMPRESSION: 135690.82448791043
  CPU_SINGLETHREAD: 1652.9022549432411
  CPU_PHYSICS: 1013.4175071427546
  CPU_MATRIX_MULT_SSE: 9202.4337089010787
  CPU_mm: 899.3756466078936
  CPU_sse: 3242.9375707632444
  CPU_fma: 10983.174540510227
  CPU_avx: 7764.1727373731628
  CPU_avx512: 14819.449986957683
  m_CPU_enc_SHA: 1335605132.3311133
  m_CPU_enc_AES: 10340172232.436338
  m_CPU_enc_ECDSA: 1208891864.4650488
  ME_ALLOC_S: 3308.542630971474
  ME_READ_S: 19504.443359375
  ME_READ_L: 6744.1220703125
  ME_WRITE: 6976.04736328125
  ME_LARGE: 5662.5
  ME_LATENCY: 74.43231452162324
  ME_THREADED: 53604.115234375
  SUMM_CPU: 10093.156485651607
  SUMM_ME: 1653.0460457706863
SystemInformation:
  OSName: Ubuntu 24.04.4 LTS
  Kernel: 6.8.0-106-generic
  Device: ""
  Processor: Intel(R) Xeon(R) Platinum 8269CY CPU @ 2.50GHz
  NumSockets: 1
  Manufacturer: GenuineIntel
  NumCores: 6
  NumLogicals: 12
  CPUFrequency: 0
  CPUMaxFrequency: 0
  Memory: 11574
  CPUInfo:
    number: 1
    Family: 6
    Model: 5
    stepping: 7
    features: 529267711
    manufacture: GenuineIntel
    typestring: Intel(R) Xeon(R) Platinum 8269CY CPU @ 2.50GHz
    iCoresPerPackage: 6
    iThreadsPerPackage: 2
    featuresEx:
      - 529267711
      - 4277809667
      - 739248128
    bHybrid: false
    nPCore: 0
    nLogicalsPerPCore: 0
    nECore: 0
    nLogicalsPerECore: 0
  MemModuleInfo:
    iNumMemSticks: 1
    DIMM 1:
      manufacturer: Alibaba Cloud
      modulePartNo: Not Specified
      memType: RAM
      size: 12
      clkspeed: 0
      moduleVoltage: 0
Checksum: 3682C48F4E3DA96F450DA0D3B151D548968BD8DC