size_kb,operation,bandwidth_mb_s,latency_ns,latency_stddev_ns,latency_samples,threads,iterations,elapsed_s
16,read,471635.04,0,0,0,4,1250001,0.165647
16,write,247726.85,0,0,0,4,438596,0.110655
16,copy,243466.25,0,0,0,4,446428,0.114602
16,latency,0,1.08,0.09,21,1,21,0.241121
64,read,469789.96,0,0,0,4,416666,0.221730
64,write,196504.71,0,0,0,4,172413,0.219350
64,copy,225466.88,0,0,0,4,213675,0.236925
64,latency,0,2.49,0.02,7,1,7,0.714529
512,read,441146.28,0,0,0,4,55420,0.251255
512,write,237413.75,0,0,0,4,30637,0.258090
512,copy,189661.96,0,0,0,4,23105,0.243644
512,latency,0,4.59,0.03,7,1,7,0.688916
1024,read,347534.99,0,0,0,4,21551,0.248044
1024,write,233211.34,0,0,0,4,15537,0.266488
1024,copy,181476.97,0,0,0,4,11927,0.262887
1024,latency,0,7.17,0.24,7,1,7,0.731964
2048,read,398108.48,0,0,0,4,12506,0.251308
2048,write,241317.68,0,0,0,4,7749,0.256890
2048,copy,196112.77,0,0,0,4,5213,0.212653
2048,latency,0,10.74,0.07,7,1,7,0.696349
8192,read,390317.10,0,0,0,4,3044,0.249561
8192,write,241291.64,0,0,0,4,1913,0.253701
8192,copy,107241.57,0,0,0,4,609,0.181721
8192,latency,0,14.46,0.27,7,1,7,0.621880
16384,read,216609.62,0,0,0,4,882,0.260598
16384,write,194475.41,0,0,0,4,720,0.236945
16384,copy,78984.07,0,0,0,4,287,0.232553
16384,latency,0,20.67,1.02,14,1,14,0.720053
32768,read,180527.73,0,0,0,4,276,0.195693
32768,write,171054.41,0,0,0,4,259,0.193810
32768,copy,72124.80,0,0,0,4,136,0.241359
32768,latency,0,63.66,5.86,21,1,21,3.326931
65536,read,147600.42,0,0,0,4,141,0.244552
65536,write,122892.27,0,0,0,4,125,0.260391
65536,copy,66472.85,0,0,0,4,70,0.269584
65536,latency,0,96.41,4.78,14,1,14,6.984191
131072,read,115563.49,0,0,0,4,63,0.279119
131072,write,95473.17,0,0,0,4,57,0.305677
131072,copy,58693.87,0,0,0,4,35,0.305313
131072,latency,0,118.65,3.41,7,1,7,10.198718
