---
system-info:
      stress-ng-version: 0.17.08
      run-by: root
      date-yyyy-mm-dd: 2024:06:24
      time-hh-mm-ss: 08:43:40
      epoch-secs: 1719218620
      hostname: e39f3dc13b26
      sysname: Linux
      nodename: e39f3dc13b26
      release: 6.8.0-1008-gcp
      version: '#9-Ubuntu SMP Wed May 22 18:09:04 UTC 2024'
      machine: x86_64
      compiler: 'musl-gcc 13.2.1'
      uptime: 230
      totalram: 2060492800
      freeram: 92491776
      sharedram: 59088896
      bufferram: 122994688
      totalswap: 0
      freeswap: 0
      pagesize: 4096
      cpus: 2
      cpus-online: 2
      ticks-per-second: 100

metrics:
    - stressor: cpu
      bogo-ops: 21871
      bogo-ops-per-second-usr-sys-time: 1093.793697
      bogo-ops-per-second-real-time: 1093.538059
      wall-clock-time: 20.000218
      user-time: 19.994544
      system-time: 0.001000
      cpu-usage-per-instance: 99.976628
      max-rss: 1104

...
