BaselineInfo:
  WebDBID: -1
  TimeStamp: 20260522152535
Version:
  Major: 11
  Minor: 0
  Build: 1004
  SpecialBuildName: ""
  ptArchitecture: x86_64_linux
Results:
  Results Complete: true
  NumTestProcesses: 8
  CPU_INTEGER_MATH: 53168.208000000006
  CPU_FLOATINGPOINT_MATH: 45163.211639255416
  CPU_PRIME: 67.161612405887197
  CPU_SORTING: 20375.608887669525
  CPU_ENCRYPTION: 9906.8133376370315
  CPU_COMPRESSION: 162148.97506541226
  CPU_SINGLETHREAD: 2647.1905045179792
  CPU_PHYSICS: 1297.2360792485485
  CPU_MATRIX_MULT_SSE: 16261.751227116634
  CPU_mm: 1504.0415920033595
  CPU_sse: 6469.7563066071079
  CPU_fma: 18302.905999520364
  CPU_avx: 13554.609302089964
  CPU_avx512: 26719.733300249107
  m_CPU_enc_SHA: 13825123717.926222
  m_CPU_enc_AES: 9300468792.8874702
  m_CPU_enc_ECDSA: 8038547596.1645775
  ME_ALLOC_S: 6117.6585907075032
  ME_READ_S: 28457.899023437501
  ME_READ_L: 27307.923828125
  ME_WRITE: 23582.935546875
  ME_LARGE: 50937.833333333336
  ME_LATENCY: 167.73838195460519
  ME_THREADED: 78138.9755859375
  SUMM_CPU: 16952.100966045236
  SUMM_ME: 1559.6326099305936
SystemInformation:
  OSName: Ubuntu 24.04.4 LTS
  Kernel: 6.8.0-111-generic
  Device: ""
  Processor: "AMD EPYC 9575F 64-Core Processor               "
  NumSockets: 1
  Manufacturer: AuthenticAMD
  NumCores: 8
  NumLogicals: 8
  CPUFrequency: 0
  CPUMaxFrequency: 0
  Memory: 64209
  CPUInfo:
    number: 1
    Family: 15
    Model: 2
    stepping: 1
    features: 395049983
    manufacture: AuthenticAMD
    typestring: "AMD EPYC 9575F 64-Core Processor               "
    iCoresPerPackage: 255
    iThreadsPerPackage: 1
    featuresEx:
      - 395049983
      - 4294586883
      - 802421759
    bHybrid: false
    nPCore: 0
    nLogicalsPerPCore: 0
    nECore: 0
    nLogicalsPerECore: 0
  MemModuleInfo:
    iNumMemSticks: 4
    DIMM 1:
      manufacturer: QEMU
      modulePartNo: Not Specified
      memType: RAM
      size: 16
      clkspeed: 0
      moduleVoltage: 0
    DIMM 2:
      manufacturer: QEMU
      modulePartNo: Not Specified
      memType: RAM
      size: 16
      clkspeed: 0
      moduleVoltage: 0
    DIMM 3:
      manufacturer: QEMU
      modulePartNo: Not Specified
      memType: RAM
      size: 16
      clkspeed: 0
      moduleVoltage: 0
    DIMM 4:
      manufacturer: QEMU
      modulePartNo: Not Specified
      memType: RAM
      size: 16
      clkspeed: 0
      moduleVoltage: 0
Checksum: 47982206434ACB7FC982A11156B31431C405E626