---
system-info:
      stress-ng-version: 0.17.08
      run-by: root
      date-yyyy-mm-dd: 2024:07:01
      time-hh-mm-ss: 23:27:41
      epoch-secs: 1719876461
      hostname: t2d-standard-16-70fb539
      sysname: Linux
      nodename: t2d-standard-16-70fb539
      release: 6.8.0-1009-gcp
      version: '#10-Ubuntu SMP Wed Jun 12 18:52:23 UTC 2024'
      machine: x86_64
      compiler: 'musl-gcc 13.2.1'
      uptime: 165
      totalram: 67421847552
      freeram: 62146838528
      sharedram: 35069952
      bufferram: 124588032
      totalswap: 0
      freeswap: 0
      pagesize: 4096
      cpus: 16
      cpus-online: 16
      ticks-per-second: 100

metrics:
    - stressor: cpu
      bogo-ops: 862608
      bogo-ops-per-second-usr-sys-time: 2697.666902
      bogo-ops-per-second-real-time: 43130.331039
      wall-clock-time: 20.000032
      user-time: 319.740762
      system-time: 0.019991
      cpu-usage-per-instance: 99.925076
      max-rss: 976

...
