---
system-info:
      stress-ng-version: 0.17.08
      run-by: root
      date-yyyy-mm-dd: 2024:06:08
      time-hh-mm-ss: 11:29:33
      epoch-secs: 1717846173
      hostname: 8e791a148dd3
      sysname: Linux
      nodename: 8e791a148dd3
      release: 6.8.0-1008-aws
      version: '#8-Ubuntu SMP Sat Apr 20 00:46:25 UTC 2024'
      machine: x86_64
      compiler: 'musl-gcc 13.2.1'
      uptime: 152
      totalram: 132980948992
      freeram: 128210014208
      sharedram: 20279296
      bufferram: 100659200
      totalswap: 0
      freeswap: 0
      pagesize: 4096
      cpus: 32
      cpus-online: 32
      ticks-per-second: 100

metrics:
    - stressor: cpu
      bogo-ops: 254030
      bogo-ops-per-second-usr-sys-time: 794.802232
      bogo-ops-per-second-real-time: 25396.230112
      wall-clock-time: 10.002666
      user-time: 319.521130
      system-time: 0.092970
      cpu-usage-per-instance: 99.852788
      max-rss: 3848

...
