---
system-info:
      stress-ng-version: 0.17.08
      run-by: root
      date-yyyy-mm-dd: 2024:06:14
      time-hh-mm-ss: 17:55:40
      epoch-secs: 1718387740
      hostname: 8c225e090269
      sysname: Linux
      nodename: 8c225e090269
      release: 6.8.0-1008-aws
      version: '#8-Ubuntu SMP Sat Apr 20 00:46:25 UTC 2024'
      machine: x86_64
      compiler: 'musl-gcc 13.2.1'
      uptime: 163
      totalram: 132980944896
      freeram: 128284950528
      sharedram: 20287488
      bufferram: 108691456
      totalswap: 0
      freeswap: 0
      pagesize: 4096
      cpus: 32
      cpus-online: 32
      ticks-per-second: 100

metrics:
    - stressor: cpu
      bogo-ops: 188773
      bogo-ops-per-second-usr-sys-time: 296.154945
      bogo-ops-per-second-real-time: 9438.543968
      wall-clock-time: 20.000225
      user-time: 637.351987
      system-time: 0.060972
      cpu-usage-per-instance: 99.594656
      max-rss: 1032

...
