---
system-info:
      stress-ng-version: 0.17.08
      run-by: root
      date-yyyy-mm-dd: 2024:09:23
      time-hh-mm-ss: 07:53:56
      epoch-secs: 1727078036
      hostname: sc-runner
      sysname: Linux
      nodename: sc-runner
      release: 6.8.0-1014-azure
      version: '#16-Ubuntu SMP Thu Aug 15 20:04:41 UTC 2024'
      machine: x86_64
      compiler: 'musl-gcc 13.2.1'
      uptime: 339
      totalram: 270257029120
      freeram: 259676975104
      sharedram: 38162432
      bufferram: 291610624
      totalswap: 0
      freeswap: 0
      pagesize: 4096
      cpus: 16
      cpus-online: 16
      ticks-per-second: 100

metrics:
    - stressor: cpu
      bogo-ops: 54054
      bogo-ops-per-second-usr-sys-time: 2702.725676
      bogo-ops-per-second-real-time: 2702.690302
      wall-clock-time: 20.000072
      user-time: 19.999810
      system-time: 0.000000
      cpu-usage-per-instance: 99.998691
      max-rss: 3152

...
