---
system-info:
      stress-ng-version: 0.17.08
      run-by: root
      date-yyyy-mm-dd: 2024:06:16
      time-hh-mm-ss: 03:23:29
      epoch-secs: 1718508209
      hostname: 4180a6b12879
      sysname: Linux
      nodename: 4180a6b12879
      release: 6.8.0-1008-aws
      version: '#8-Ubuntu SMP Sat Apr 20 02:43:14 UTC 2024'
      machine: aarch64
      compiler: 'musl-gcc 13.2.1'
      uptime: 165
      totalram: 16435830784
      freeram: 12189032448
      sharedram: 35020800
      bufferram: 109195264
      totalswap: 0
      freeswap: 0
      pagesize: 4096
      cpus: 2
      cpus-online: 2
      ticks-per-second: 100

metrics:
    - stressor: cpu
      bogo-ops: 30651
      bogo-ops-per-second-usr-sys-time: 1532.668322
      bogo-ops-per-second-real-time: 1532.540336
      wall-clock-time: 20.000126
      user-time: 19.998456
      system-time: 0.000000
      cpu-usage-per-instance: 99.991649
      max-rss: 1192

...
