---
system-info:
      stress-ng-version: 0.17.08
      run-by: root
      date-yyyy-mm-dd: 2024:06:09
      time-hh-mm-ss: 22:55:07
      epoch-secs: 1717973707
      hostname: 0480dbe65030
      sysname: Linux
      nodename: 0480dbe65030
      release: 6.8.0-1008-aws
      version: '#8-Ubuntu SMP Sat Apr 20 02:43:14 UTC 2024'
      machine: aarch64
      compiler: 'musl-gcc 13.2.1'
      uptime: 126
      totalram: 16435826688
      freeram: 11976818688
      sharedram: 35020800
      bufferram: 112508928
      totalswap: 0
      freeswap: 0
      pagesize: 4096
      cpus: 2
      cpus-online: 2
      ticks-per-second: 100

metrics:
    - stressor: cpu
      bogo-ops: 4267
      bogo-ops-per-second-usr-sys-time: 425.149437
      bogo-ops-per-second-real-time: 425.102384
      wall-clock-time: 10.037582
      user-time: 10.035471
      system-time: 0.001000
      cpu-usage-per-instance: 99.988932
      max-rss: 4008

...
