---
system-info:
      stress-ng-version: 0.17.08
      run-by: root
      date-yyyy-mm-dd: 2024:06:15
      time-hh-mm-ss: 05:19:50
      epoch-secs: 1718428790
      hostname: 4ba5a534481d
      sysname: Linux
      nodename: 4ba5a534481d
      release: 6.8.0-1008-aws
      version: '#8-Ubuntu SMP Sat Apr 20 02:43:14 UTC 2024'
      machine: aarch64
      compiler: 'musl-gcc 13.2.1'
      uptime: 138
      totalram: 265454907392
      freeram: 260590612480
      sharedram: 34951168
      bufferram: 109256704
      totalswap: 0
      freeswap: 0
      pagesize: 4096
      cpus: 64
      cpus-online: 64
      ticks-per-second: 100

metrics:
    - stressor: cpu
      bogo-ops: 30646
      bogo-ops-per-second-usr-sys-time: 1532.270044
      bogo-ops-per-second-real-time: 1532.291031
      wall-clock-time: 20.000117
      user-time: 20.000391
      system-time: 0.000000
      cpu-usage-per-instance: 100.001370
      max-rss: 512

...
