---
system-info:
      stress-ng-version: 0.17.08
      run-by: root
      date-yyyy-mm-dd: 2024:06:08
      time-hh-mm-ss: 20:40:10
      epoch-secs: 1717879210
      hostname: 06fb941a0357
      sysname: Linux
      nodename: 06fb941a0357
      release: 6.8.0-1008-aws
      version: '#8-Ubuntu SMP Sat Apr 20 02:43:14 UTC 2024'
      machine: aarch64
      compiler: 'musl-gcc 13.2.1'
      uptime: 121
      totalram: 265454903296
      freeram: 260541054976
      sharedram: 34951168
      bufferram: 105037824
      totalswap: 0
      freeswap: 0
      pagesize: 4096
      cpus: 64
      cpus-online: 64
      ticks-per-second: 100

metrics:
    - stressor: cpu
      bogo-ops: 4267
      bogo-ops-per-second-usr-sys-time: 424.925046
      bogo-ops-per-second-real-time: 424.913991
      wall-clock-time: 10.042032
      user-time: 10.040772
      system-time: 0.000999
      cpu-usage-per-instance: 99.997399
      max-rss: 3584

...
