BaselineInfo:
  WebDBID: -1
  TimeStamp: 20260611124653
Version:
  Major: 11
  Minor: 0
  Build: 1004
  SpecialBuildName: ""
  ptArchitecture: aarch64_linux
Results:
  Results Complete: true
  NumTestProcesses: 32
  CPU_INTEGER_MATH: 195899.08199999997
  CPU_FLOATINGPOINT_MATH: 244850.32000817591
  CPU_PRIME: 557.83953023089236
  CPU_SORTING: 170219.5706449181
  CPU_ENCRYPTION: 9558.6906843727538
  CPU_COMPRESSION: 298977.68257810449
  CPU_SINGLETHREAD: 2462.8949215297234
  CPU_PHYSICS: 9391.0624167566129
  CPU_MATRIX_MULT_SSE: 43113.92498845252
  CPU_mm: 4301.2056279980252
  CPU_sse: 34241.504680211416
  CPU_fma: 51986.345296693602
  CPU_avx: 0
  CPU_avx512: 0
  m_CPU_enc_SHA: 16256114076.671295
  m_CPU_enc_AES: 4427110997.6598091
  m_CPU_enc_ECDSA: 9385815854.8394337
  ME_ALLOC_S: 45926.324407155706
  ME_READ_S: 24144.387890624999
  ME_READ_L: 24477.8984375
  ME_WRITE: 24998.7890625
  ME_LARGE: 116564
  ME_LATENCY: 27.14374400742145
  ME_THREADED: 178014.509765625
  SUMM_CPU: 36704.005244638094
  SUMM_ME: 4530.8829054012731
SystemInformation:
  OSName: Ubuntu 24.04.4 LTS
  Kernel: 6.17.0-1017-aws
  Device: ""
  Processor: ARM Neoverse-V3 32 Core 0 MHz
  NumSockets: 1
  Manufacturer: ARM
  NumCores: 32
  NumLogicals: 32
  CPUFrequency: 0
  CPUMaxFrequency: 0
  Memory: 126468
Checksum: 79BDE603CEE04123F08CB6E75F715DF5E823A3C8