BaselineInfo:
  WebDBID: -1
  TimeStamp: 20251006212527
Version:
  Major: 11
  Minor: 0
  Build: 1002
  SpecialBuildName: ""
  ptArchitecture: x86_64_linux
Results:
  Results Complete: true
  NumTestProcesses: 4
  CPU_INTEGER_MATH: 20599.774333333335
  CPU_FLOATINGPOINT_MATH: 14946.232221425586
  CPU_PRIME: 45.757425186971304
  CPU_SORTING: 10692.604203697894
  CPU_ENCRYPTION: 4590.2484689747052
  CPU_COMPRESSION: 80743.469987379562
  CPU_SINGLETHREAD: 3271.3169272276787
  CPU_PHYSICS: 1015.8239997973296
  CPU_MATRIX_MULT_SSE: 5629.5997254798367
  CPU_mm: 616.0285196088048
  CPU_sse: 2528.8838110271895
  CPU_fma: 6555.7061246008843
  CPU_avx: 5336.9132752139531
  CPU_avx512: 8096.8956910773231
  m_CPU_enc_SHA: 4793490614.9197273
  m_CPU_enc_AES: 6256249837.8612719
  m_CPU_enc_ECDSA: 3389932683.0298605
  ME_ALLOC_S: 2710.907280037397
  ME_READ_S: 29115.762109374999
  ME_READ_L: 12912.79296875
  ME_WRITE: 11387.87890625
  ME_LARGE: 2007
  ME_LATENCY: 74.0553712430807
  ME_THREADED: 37638.63671875
  SUMM_CPU: 8075.2911827057151
  SUMM_ME: 1660.8830990902679
SystemInformation:
  OSName: Ubuntu 24.04.2 LTS
  Kernel: 6.14.0-1014-aws
  Device: ""
  Processor: Intel Xeon 6975P-C
  NumSockets: 1
  Manufacturer: GenuineIntel
  NumCores: 2
  NumLogicals: 4
  CPUFrequency: 0
  Memory: 7780
  MemModuleInfo:
    iNumMemSticks: 1
    DIMM 1:
      manufacturer: Not Specified
      modulePartNo: Not Specified
      memType: DDR5
      size: 8
      clkspeed: 3600
      moduleVoltage: 0
Checksum: 25FC89B5D15C140E31CEBBAD823CD10503CA25B0