---
system-info:
      stress-ng-version: 0.17.08
      run-by: root
      date-yyyy-mm-dd: 2024:08:30
      time-hh-mm-ss: 20:03:46
      epoch-secs: 1725048226
      hostname: sc-runner
      sysname: Linux
      nodename: sc-runner
      release: 6.8.0-1013-azure
      version: '#15-Ubuntu SMP Thu Aug  8 18:40:40 UTC 2024'
      machine: x86_64
      compiler: 'musl-gcc 13.2.1'
      uptime: 332
      totalram: 33650921472
      freeram: 25122279424
      sharedram: 38154240
      bufferram: 207036416
      totalswap: 0
      freeswap: 0
      pagesize: 4096
      cpus: 8
      cpus-online: 8
      ticks-per-second: 100

metrics:
    - stressor: cpu
      bogo-ops: 216200
      bogo-ops-per-second-usr-sys-time: 1354.284554
      bogo-ops-per-second-real-time: 10809.973534
      wall-clock-time: 20.000049
      user-time: 159.623501
      system-time: 0.017986
      cpu-usage-per-instance: 99.775685
      max-rss: 3196

...
