---
system-info:
      stress-ng-version: 0.17.08
      run-by: root
      date-yyyy-mm-dd: 2024:06:14
      time-hh-mm-ss: 21:41:32
      epoch-secs: 1718401292
      hostname: 0fc5f5b4dbd3
      sysname: Linux
      nodename: 0fc5f5b4dbd3
      release: 6.8.0-1008-aws
      version: '#8-Ubuntu SMP Sat Apr 20 00:46:25 UTC 2024'
      machine: x86_64
      compiler: 'musl-gcc 13.2.1'
      uptime: 128
      totalram: 264731189248
      freeram: 259624452096
      sharedram: 70897664
      bufferram: 108195840
      totalswap: 0
      freeswap: 0
      pagesize: 4096
      cpus: 64
      cpus-online: 64
      ticks-per-second: 100

metrics:
    - stressor: cpu
      bogo-ops: 1911095
      bogo-ops-per-second-usr-sys-time: 1493.771622
      bogo-ops-per-second-real-time: 95554.494059
      wall-clock-time: 20.000054
      user-time: 1279.339645
      system-time: 0.035978
      cpu-usage-per-instance: 99.950953
      max-rss: 512

...
