---
system-info:
      stress-ng-version: 0.17.08
      run-by: root
      date-yyyy-mm-dd: 2024:06:08
      time-hh-mm-ss: 15:40:43
      epoch-secs: 1717861243
      hostname: 07cb9b636bd8
      sysname: Linux
      nodename: 07cb9b636bd8
      release: 6.8.0-1008-aws
      version: '#8-Ubuntu SMP Sat Apr 20 00:46:25 UTC 2024'
      machine: x86_64
      compiler: 'musl-gcc 13.2.1'
      uptime: 117
      totalram: 264731160576
      freeram: 259513458688
      sharedram: 70897664
      bufferram: 102674432
      totalswap: 0
      freeswap: 0
      pagesize: 4096
      cpus: 64
      cpus-online: 64
      ticks-per-second: 100

metrics:
    - stressor: cpu
      bogo-ops: 844771
      bogo-ops-per-second-usr-sys-time: 1320.604227
      bogo-ops-per-second-real-time: 84466.052582
      wall-clock-time: 10.001308
      user-time: 639.609252
      system-time: 0.075964
      cpu-usage-per-instance: 99.937744
      max-rss: 3584

...
