---
system-info:
      stress-ng-version: 0.17.08
      run-by: root
      date-yyyy-mm-dd: 2024:06:14
      time-hh-mm-ss: 21:39:43
      epoch-secs: 1718401183
      hostname: e5b5157d6df1
      sysname: Linux
      nodename: e5b5157d6df1
      release: 6.8.0-31-generic
      version: '#31-Ubuntu SMP PREEMPT_DYNAMIC Sat Apr 20 00:40:06 UTC 2024'
      machine: x86_64
      compiler: 'musl-gcc 13.2.1'
      uptime: 133
      totalram: 4005638144
      freeram: 492593152
      sharedram: 17969152
      bufferram: 104050688
      totalswap: 0
      freeswap: 0
      pagesize: 4096
      cpus: 2
      cpus-online: 2
      ticks-per-second: 100

metrics:
    - stressor: cpu
      bogo-ops: 20467
      bogo-ops-per-second-usr-sys-time: 1023.727704
      bogo-ops-per-second-real-time: 1023.331689
      wall-clock-time: 20.000358
      user-time: 19.991622
      system-time: 0.000999
      cpu-usage-per-instance: 99.961316
      max-rss: 1104

...
