---
system-info:
      stress-ng-version: 0.17.08
      run-by: root
      date-yyyy-mm-dd: 2024:06:07
      time-hh-mm-ss: 19:48:42
      epoch-secs: 1717789722
      hostname: 137e183c3430
      sysname: Linux
      nodename: 137e183c3430
      release: 6.8.0-31-generic
      version: '#31-Ubuntu SMP PREEMPT_DYNAMIC Sat Apr 20 00:40:06 UTC 2024'
      machine: x86_64
      compiler: 'musl-gcc 13.2.1'
      uptime: 368
      totalram: 4005634048
      freeram: 642936832
      sharedram: 17993728
      bufferram: 84996096
      totalswap: 0
      freeswap: 0
      pagesize: 4096
      cpus: 2
      cpus-online: 2
      ticks-per-second: 100

metrics:
    - stressor: cpu
      bogo-ops: 11864
      bogo-ops-per-second-usr-sys-time: 1187.463136
      bogo-ops-per-second-real-time: 1186.322360
      wall-clock-time: 10.000654
      user-time: 9.989047
      system-time: 0.002000
      cpu-usage-per-instance: 99.903932
      max-rss: 3664

...
