---
system-info:
      stress-ng-version: 0.17.08
      run-by: root
      date-yyyy-mm-dd: 2024:09:22
      time-hh-mm-ss: 13:53:59
      epoch-secs: 1727013239
      hostname: sc-runner
      sysname: Linux
      nodename: sc-runner
      release: 6.8.0-1014-azure
      version: '#16-Ubuntu SMP Thu Aug 15 20:04:41 UTC 2024'
      machine: x86_64
      compiler: 'musl-gcc 13.2.1'
      uptime: 398
      totalram: 168988221440
      freeram: 158078484480
      sharedram: 71827456
      bufferram: 274067456
      totalswap: 0
      freeswap: 0
      pagesize: 4096
      cpus: 20
      cpus-online: 20
      ticks-per-second: 100

metrics:
    - stressor: cpu
      bogo-ops: 539162
      bogo-ops-per-second-usr-sys-time: 1349.279393
      bogo-ops-per-second-real-time: 26958.029075
      wall-clock-time: 20.000053
      user-time: 399.554571
      system-time: 0.037984
      cpu-usage-per-instance: 99.897876
      max-rss: 3188

...
