BaselineInfo:
  WebDBID: -1
  TimeStamp: 20260405072402
Version:
  Major: 11
  Minor: 0
  Build: 1004
  SpecialBuildName: ""
  ptArchitecture: x86_64_linux
Results:
  Results Complete: true
  NumTestProcesses: 64
  CPU_INTEGER_MATH: 204854.21733333333
  CPU_FLOATINGPOINT_MATH: 109869.02632352612
  CPU_PRIME: 259.97475365330951
  CPU_SORTING: 120746.06537259893
  CPU_ENCRYPTION: 28311.303833441863
  CPU_COMPRESSION: 937579.85176297836
  CPU_SINGLETHREAD: 2143.2781029273247
  CPU_PHYSICS: 4152.3488139046285
  CPU_MATRIX_MULT_SSE: 57136.795025817722
  CPU_mm: 6232.4012790448633
  CPU_sse: 22184.718786289832
  CPU_fma: 69356.909892299882
  CPU_avx: 48976.912539531862
  CPU_avx512: 88028.638885149267
  m_CPU_enc_SHA: 9253778501.2412148
  m_CPU_enc_AES: 71404404158.754639
  m_CPU_enc_ECDSA: 8401478525.3695374
  ME_ALLOC_S: 22550.062159926318
  ME_READ_S: 24712.041796875001
  ME_READ_L: 10264.7490234375
  ME_WRITE: 9860.3525390625
  ME_LARGE: 108824.91666666667
  ME_LATENCY: 52.249308750507623
  ME_THREADED: 214188.00170898438
  SUMM_CPU: 49036.543467586009
  SUMM_ME: 2691.0945624911437
SystemInformation:
  OSName: Ubuntu 24.04.4 LTS
  Kernel: 6.8.0-106-generic
  Device: ""
  Processor: Intel(R) Xeon(R) Platinum 8269CY CPU T 3.10GHz
  NumSockets: 2
  Manufacturer: GenuineIntel
  NumCores: 32
  NumLogicals: 64
  CPUFrequency: 3100
  CPUMaxFrequency: 3800
  Memory: 124311
  CPUInfo:
    number: 2
    Family: 6
    Model: 5
    stepping: 7
    features: 529267711
    manufacture: GenuineIntel
    typestring: Intel(R) Xeon(R) Platinum 8269CY CPU T 3.10GHz
    iCoresPerPackage: 16
    iThreadsPerPackage: 2
    featuresEx:
      - 529267711
      - 4277809667
      - 739248128
    bHybrid: false
    nPCore: 0
    nLogicalsPerPCore: 0
    nECore: 0
    nLogicalsPerECore: 0
  MemModuleInfo:
    iNumMemSticks: 8
    DIMM 1:
      manufacturer: Alibaba Cloud
      modulePartNo: Not Specified
      memType: RAM
      size: 16
      clkspeed: 0
      moduleVoltage: 0
    DIMM 2:
      manufacturer: Alibaba Cloud
      modulePartNo: Not Specified
      memType: RAM
      size: 16
      clkspeed: 0
      moduleVoltage: 0
    DIMM 3:
      manufacturer: Alibaba Cloud
      modulePartNo: Not Specified
      memType: RAM
      size: 16
      clkspeed: 0
      moduleVoltage: 0
    DIMM 4:
      manufacturer: Alibaba Cloud
      modulePartNo: Not Specified
      memType: RAM
      size: 16
      clkspeed: 0
      moduleVoltage: 0
    DIMM 5:
      manufacturer: Alibaba Cloud
      modulePartNo: Not Specified
      memType: RAM
      size: 16
      clkspeed: 0
      moduleVoltage: 0
    DIMM 6:
      manufacturer: Alibaba Cloud
      modulePartNo: Not Specified
      memType: RAM
      size: 16
      clkspeed: 0
      moduleVoltage: 0
    DIMM 7:
      manufacturer: Alibaba Cloud
      modulePartNo: Not Specified
      memType: RAM
      size: 16
      clkspeed: 0
      moduleVoltage: 0
    DIMM 8:
      manufacturer: Alibaba Cloud
      modulePartNo: Not Specified
      memType: RAM
      size: 16
      clkspeed: 0
      moduleVoltage: 0
Checksum: E14893A5076BE3C168D2E8BD086B0E3070C575BE