BaselineInfo:
  WebDBID: -1
  TimeStamp: 20241111095804
Version:
  Major: 11
  Minor: 0
  Build: 1002
  SpecialBuildName: ""
  ptArchitecture: x86_64_linux
Results:
  Results Complete: true
  NumTestProcesses: 2
  CPU_INTEGER_MATH: 6036.1360000000004
  CPU_FLOATINGPOINT_MATH: 5024.6819062516406
  CPU_PRIME: 19.380400565869031
  CPU_SORTING: 3596.3342154415109
  CPU_ENCRYPTION: 773.29610646484866
  CPU_COMPRESSION: 30097.884020862301
  CPU_SINGLETHREAD: 1509.0399750799068
  CPU_PHYSICS: 345.42288525812125
  CPU_MATRIX_MULT_SSE: 2375.3003003780682
  CPU_mm: 269.07480568328367
  CPU_sse: 1019.2583408481463
  CPU_fma: 3379.6217610554095
  CPU_avx: 2283.9943972367337
  CPU_avx512: 2818.3267023719836
  m_CPU_enc_SHA: 425536111.88402504
  m_CPU_enc_AES: 1641445693.237494
  m_CPU_enc_ECDSA: 365597409.27593696
  ME_ALLOC_S: 1133.1011374631498
  ME_READ_S: 18590.9189453125
  ME_READ_L: 7826.8818359375
  ME_WRITE: 7815.78564453125
  ME_LARGE: 18040
  ME_LATENCY: 59.650343998204882
  ME_THREADED: 15463.03369140625
  SUMM_CPU: 2472.4983293113946
  SUMM_ME: 1702.6319559305209
SystemInformation:
  OSName: Ubuntu 24.04.1 LTS
  Kernel: 6.8.0-1017-azure
  Device: ""
  Processor: Intel Xeon Platinum 8171M CPU @ 2.60GHz
  NumSockets: 1
  Manufacturer: GenuineIntel
  NumCores: 2
  NumLogicals: 2
  CPUFrequency: 0
  Memory: 28062
  MemModuleInfo:
    iNumMemSticks: 2
    DIMM 1:
      manufacturer: Microsoft Corporation
      modulePartNo: None
      memType: Unknown
      size: 1
      clkspeed: 0
      moduleVoltage: 0
    DIMM 2:
      manufacturer: Microsoft Corporation
      modulePartNo: None
      memType: Unknown
      size: 27
      clkspeed: 0
      moduleVoltage: 0
Checksum: 8DCD5BC73B10EDA49B782EA8568501B75AFE31F4