BaselineInfo:
  WebDBID: -1
  TimeStamp: 20260616011948
Version:
  Major: 11
  Minor: 0
  Build: 1004
  SpecialBuildName: ""
  ptArchitecture: x86_64_linux
Results:
  Results Complete: true
  NumTestProcesses: 6
  CPU_INTEGER_MATH: 26553.905333333332
  CPU_FLOATINGPOINT_MATH: 18237.460223566759
  CPU_PRIME: 27.835143541590046
  CPU_SORTING: 12700.235955545482
  CPU_ENCRYPTION: 3184.6729842365939
  CPU_COMPRESSION: 105983.66739446817
  CPU_SINGLETHREAD: 2408.2763127909111
  CPU_PHYSICS: 576.06376730812747
  CPU_MATRIX_MULT_SSE: 6369.1688374797113
  CPU_mm: 854.7351004861539
  CPU_sse: 3089.8359610763532
  CPU_fma: 9141.0603173271629
  CPU_avx: 6876.6102340356219
  CPU_avx512: 0
  m_CPU_enc_SHA: 1205116068.2123036
  m_CPU_enc_AES: 7670992505.8834276
  m_CPU_enc_ECDSA: 1142006403.2608807
  ME_ALLOC_S: 2392.4416961898019
  ME_READ_S: 25927.911035156249
  ME_READ_L: 10926.8251953125
  ME_WRITE: 10675.02734375
  ME_LARGE: 15809.166666666666
  ME_LATENCY: 44.859641999416645
  ME_THREADED: 21494.316162109375
  SUMM_CPU: 8278.3122153301756
  SUMM_ME: 2360.3596463135691
SystemInformation:
  OSName: Ubuntu 24.04.4 LTS
  Kernel: 6.8.0-124-generic
  Device: ""
  Processor: Intel Core Processor (Skylake, IBRS)
  NumSockets: 1
  Manufacturer: GenuineIntel
  NumCores: 3
  NumLogicals: 6
  CPUFrequency: 7
  CPUMaxFrequency: 832
  Memory: 24026
  CPUInfo:
    number: 1
    Family: 6
    Model: 14
    stepping: 3
    features: 395049983
    manufacture: GenuineIntel
    typestring: Intel Core Processor (Skylake, IBRS)
    iCoresPerPackage: 3
    iThreadsPerPackage: 2
    featuresEx:
      - 395049983
      - 4294586883
      - 672139264
    bHybrid: false
    nPCore: 0
    nLogicalsPerPCore: 0
    nECore: 0
    nLogicalsPerECore: 0
  MemModuleInfo:
    iNumMemSticks: 2
    DIMM 1:
      manufacturer: QEMU
      modulePartNo: Not Specified
      memType: RAM
      size: 16
      clkspeed: 0
      moduleVoltage: 0
    DIMM 2:
      manufacturer: QEMU
      modulePartNo: Not Specified
      memType: RAM
      size: 8
      clkspeed: 0
      moduleVoltage: 0
Checksum: 27275DE2A52F0978D1CA87C3A6189DF44D4D5531