---
system-info:
      stress-ng-version: 0.17.08
      run-by: root
      date-yyyy-mm-dd: 2024:09:03
      time-hh-mm-ss: 14:03:59
      epoch-secs: 1725372239
      hostname: sc-runner
      sysname: Linux
      nodename: sc-runner
      release: 6.8.0-1013-azure
      version: '#15-Ubuntu SMP Thu Aug  8 18:40:40 UTC 2024'
      machine: x86_64
      compiler: 'musl-gcc 13.2.1'
      uptime: 351
      totalram: 67420610560
      freeram: 58677854208
      sharedram: 38154240
      bufferram: 226480128
      totalswap: 0
      freeswap: 0
      pagesize: 4096
      cpus: 16
      cpus-online: 16
      ticks-per-second: 100

metrics:
    - stressor: cpu
      bogo-ops: 54150
      bogo-ops-per-second-usr-sys-time: 2707.489712
      bogo-ops-per-second-real-time: 2707.491673
      wall-clock-time: 20.000062
      user-time: 20.000076
      system-time: 0.000000
      cpu-usage-per-instance: 100.000072
      max-rss: 3280

...
