---
system-info:
      stress-ng-version: 0.17.08
      run-by: root
      date-yyyy-mm-dd: 2024:09:21
      time-hh-mm-ss: 17:39:06
      epoch-secs: 1726940346
      hostname: sc-runner
      sysname: Linux
      nodename: sc-runner
      release: 6.8.0-1014-azure
      version: '#16-Ubuntu SMP Thu Aug 15 20:04:41 UTC 2024'
      machine: x86_64
      compiler: 'musl-gcc 13.2.1'
      uptime: 347
      totalram: 67521097728
      freeram: 56937275392
      sharedram: 38154240
      bufferram: 263143424
      totalswap: 0
      freeswap: 0
      pagesize: 4096
      cpus: 16
      cpus-online: 16
      ticks-per-second: 100

metrics:
    - stressor: cpu
      bogo-ops: 15482
      bogo-ops-per-second-usr-sys-time: 774.126320
      bogo-ops-per-second-real-time: 774.090237
      wall-clock-time: 20.000252
      user-time: 19.998321
      system-time: 0.000999
      cpu-usage-per-instance: 99.995339
      max-rss: 3152

...
