---
system-info:
      stress-ng-version: 0.17.08
      run-by: root
      date-yyyy-mm-dd: 2024:06:13
      time-hh-mm-ss: 14:41:55
      epoch-secs: 1718289715
      hostname: 5fb661c4eb61
      sysname: Linux
      nodename: 5fb661c4eb61
      release: 6.8.0-1008-aws
      version: '#8-Ubuntu SMP Sat Apr 20 00:46:25 UTC 2024'
      machine: x86_64
      compiler: 'musl-gcc 13.2.1'
      uptime: 139
      totalram: 8158912512
      freeram: 3867009024
      sharedram: 59850752
      bufferram: 107020288
      totalswap: 0
      freeswap: 0
      pagesize: 4096
      cpus: 2
      cpus-online: 2
      ticks-per-second: 100

metrics:
    - stressor: cpu
      bogo-ops: 37590
      bogo-ops-per-second-usr-sys-time: 1879.577815
      bogo-ops-per-second-real-time: 1879.495071
      wall-clock-time: 20.000052
      user-time: 19.999172
      system-time: 0.000000
      cpu-usage-per-instance: 99.995598
      max-rss: 976

...
