---
system-info:
      stress-ng-version: 0.17.08
      run-by: root
      date-yyyy-mm-dd: 2024:06:07
      time-hh-mm-ss: 23:54:46
      epoch-secs: 1717804486
      hostname: 9c64461649a6
      sysname: Linux
      nodename: 9c64461649a6
      release: 6.8.0-1008-aws
      version: '#8-Ubuntu SMP Sat Apr 20 00:46:25 UTC 2024'
      machine: x86_64
      compiler: 'musl-gcc 13.2.1'
      uptime: 111
      totalram: 8158912512
      freeram: 3926929408
      sharedram: 59850752
      bufferram: 95293440
      totalswap: 0
      freeswap: 0
      pagesize: 4096
      cpus: 2
      cpus-online: 2
      ticks-per-second: 100

metrics:
    - stressor: cpu
      bogo-ops: 16592
      bogo-ops-per-second-usr-sys-time: 1659.225054
      bogo-ops-per-second-real-time: 1659.092131
      wall-clock-time: 10.000650
      user-time: 9.999849
      system-time: 0.000000
      cpu-usage-per-instance: 99.991989
      max-rss: 3920

...
