BaselineInfo:
  WebDBID: -1
  TimeStamp: 20260616003551
Version:
  Major: 11
  Minor: 0
  Build: 1004
  SpecialBuildName: ""
  ptArchitecture: x86_64_linux
Results:
  Results Complete: true
  NumTestProcesses: 8
  CPU_INTEGER_MATH: 23915.237666666668
  CPU_FLOATINGPOINT_MATH: 19291.521227481924
  CPU_PRIME: 46.939997251574731
  CPU_SORTING: 15452.083563313479
  CPU_ENCRYPTION: 2192.6528726837196
  CPU_COMPRESSION: 112870.69405814719
  CPU_SINGLETHREAD: 1525.0909744218216
  CPU_PHYSICS: 854.15215962137665
  CPU_MATRIX_MULT_SSE: 7409.0738883094964
  CPU_mm: 979.9763183532034
  CPU_sse: 3996.9488648154552
  CPU_fma: 10343.309721081308
  CPU_avx: 7886.9630790317242
  CPU_avx512: 0
  m_CPU_enc_SHA: 1492507814.1180735
  m_CPU_enc_AES: 4105318612.5445271
  m_CPU_enc_ECDSA: 1299663109.2190108
  ME_ALLOC_S: 1984.9235590076319
  ME_READ_S: 18027.603222656249
  ME_READ_L: 7324.71240234375
  ME_WRITE: 5815.32275390625
  ME_LARGE: 23877.583333333332
  ME_LATENCY: 80.879630633439263
  ME_THREADED: 36283.37841796875
  SUMM_CPU: 7986.5467481557152
  SUMM_ME: 1627.1995293163359
SystemInformation:
  OSName: Ubuntu 24.04.4 LTS
  Kernel: 6.8.0-124-generic
  Device: ""
  Processor: Intel Core Processor (Broadwell, no TSX, IBRS)
  NumSockets: 1
  Manufacturer: GenuineIntel
  NumCores: 4
  NumLogicals: 8
  CPUFrequency: 7
  CPUMaxFrequency: 832
  Memory: 32089
  CPUInfo:
    number: 1
    Family: 6
    Model: 13
    stepping: 2
    features: 395049983
    manufacture: GenuineIntel
    typestring: Intel Core Processor (Broadwell, no TSX, IBRS)
    iCoresPerPackage: 4
    iThreadsPerPackage: 2
    featuresEx:
      - 395049983
      - 4294586883
      - 672139264
    bHybrid: false
    nPCore: 0
    nLogicalsPerPCore: 0
    nECore: 0
    nLogicalsPerECore: 0
  MemModuleInfo:
    iNumMemSticks: 2
    DIMM 1:
      manufacturer: QEMU
      modulePartNo: Not Specified
      memType: RAM
      size: 16
      clkspeed: 0
      moduleVoltage: 0
    DIMM 2:
      manufacturer: QEMU
      modulePartNo: Not Specified
      memType: RAM
      size: 16
      clkspeed: 0
      moduleVoltage: 0
Checksum: B576FE16FB9E14BC28D1E76FF1907CC14967397B