BaselineInfo:
  WebDBID: -1
  TimeStamp: 20251220062606
Version:
  Major: 11
  Minor: 0
  Build: 1002
  SpecialBuildName: ""
  ptArchitecture: aarch64_linux
Results:
  Results Complete: true
  NumTestProcesses: 192
  CPU_INTEGER_MATH: 963959.4266666664
  CPU_FLOATINGPOINT_MATH: 1120065.0457904339
  CPU_PRIME: 1737.1913521697804
  CPU_SORTING: 834550.05762057169
  CPU_ENCRYPTION: 34649.507143008814
  CPU_COMPRESSION: 1225446.8829552503
  CPU_SINGLETHREAD: 1867.6569986871104
  CPU_PHYSICS: 39969.144709383436
  CPU_MATRIX_MULT_SSE: 140194.10243085946
  CPU_mm: 20908.63454227315
  CPU_sse: 110788.85460093236
  CPU_fma: 169599.35026078645
  CPU_avx: 0
  CPU_avx512: 0
  m_CPU_enc_SHA: 54118352935.092567
  m_CPU_enc_AES: 19845763277.755791
  m_CPU_enc_ECDSA: 35033808593.114502
  ME_ALLOC_S: 46979.231160644376
  ME_READ_S: 18831.600390625001
  ME_READ_L: 18570.11328125
  ME_WRITE: 20509.95703125
  ME_LARGE: 742496.66666666663
  ME_LATENCY: 44.751246024043475
  ME_THREADED: 1108399.4111328125
  SUMM_CPU: 77590.060974419423
  SUMM_ME: 3315.35018184826
SystemInformation:
  OSName: Ubuntu 24.04.2 LTS
  Kernel: 6.14.0-1018-aws
  Device: ""
  Processor: ARM Neoverse-V2 192 Core 0 MHz
  NumSockets: 2
  Manufacturer: ARM
  NumCores: 192
  NumLogicals: 192
  CPUFrequency: 0
  Memory: 760305
Checksum: 990496728F406ACB18A940494DAFB6DA76278AEC