BaselineInfo:
  WebDBID: -1
  TimeStamp: 20251218095241
Version:
  Major: 11
  Minor: 0
  Build: 1002
  SpecialBuildName: ""
  ptArchitecture: x86_64_linux
Results:
  Results Complete: true
  NumTestProcesses: 8
  CPU_INTEGER_MATH: 27458.587333333333
  CPU_FLOATINGPOINT_MATH: 19692.594945716479
  CPU_PRIME: 79.979065153686804
  CPU_SORTING: 16971.075013930058
  CPU_ENCRYPTION: 3546.2095909581958
  CPU_COMPRESSION: 138590.24996439865
  CPU_SINGLETHREAD: 1733.2778238883691
  CPU_PHYSICS: 1221.6950666713915
  CPU_MATRIX_MULT_SSE: 9511.0085755951368
  CPU_mm: 1225.464810353149
  CPU_sse: 4525.4656237804547
  CPU_fma: 15082.200719145212
  CPU_avx: 10143.098825898502
  CPU_avx512: 8293.2691335563723
  m_CPU_enc_SHA: 1952304695.8249767
  m_CPU_enc_AES: 7509172186.4516115
  m_CPU_enc_ECDSA: 1693933921.8691545
  ME_ALLOC_S: 4577.5577745709907
  ME_READ_S: 22154.121289062499
  ME_READ_L: 7408.87060546875
  ME_WRITE: 7625.46240234375
  ME_LARGE: 27973.583333333332
  ME_LATENCY: 67.265421507639587
  ME_THREADED: 61396.33544921875
  SUMM_CPU: 10212.671887351369
  SUMM_ME: 1990.3162965901852
SystemInformation:
  OSName: Ubuntu 24.04.2 LTS
  Kernel: 6.8.0-86-generic
  Device: ""
  Processor: Intel Xeon Silver 4214 CPU @ 2.20GHz
  NumSockets: 8
  Manufacturer: GenuineIntel
  NumCores: 8
  NumLogicals: 8
  CPUFrequency: 0
  Memory: 44087
  MemModuleInfo:
    iNumMemSticks: 1
    DIMM 1:
      manufacturer: QEMU
      modulePartNo: Not Specified
      memType: RAM
      size: 45000
      clkspeed: 0
      moduleVoltage: 0
Checksum: 8DDB2C52F8B692F8438BD617C731BD0C7CDE95E7