BaselineInfo:
  WebDBID: -1
  TimeStamp: 20260624182358
Version:
  Major: 11
  Minor: 0
  Build: 1004
  SpecialBuildName: ""
  ptArchitecture: x86_64_linux
Results:
  Results Complete: true
  NumTestProcesses: 32
  CPU_INTEGER_MATH: 226649.6553333333
  CPU_FLOATINGPOINT_MATH: 220036.07238569355
  CPU_PRIME: 775.22003155502432
  CPU_SORTING: 123838.49299810786
  CPU_ENCRYPTION: 46144.065118922765
  CPU_COMPRESSION: 917422.45052630582
  CPU_SINGLETHREAD: 3563.0621353188208
  CPU_PHYSICS: 11046.858276484874
  CPU_MATRIX_MULT_SSE: 80885.857071053979
  CPU_mm: 9583.0722769958811
  CPU_sse: 29560.339843284095
  CPU_fma: 110300.70930456334
  CPU_avx: 59397.123285584006
  CPU_avx512: 124285.25585078454
  m_CPU_enc_SHA: 64360102535.270767
  m_CPU_enc_AES: 40384276879.806007
  m_CPU_enc_ECDSA: 40412298263.341911
  ME_ALLOC_S: 37385.953528053913
  ME_READ_S: 31729.445507812499
  ME_READ_L: 29072.84765625
  ME_WRITE: 29614.806640625
  ME_LARGE: 119778.16666666667
  ME_LATENCY: 79.183120917926558
  ME_THREADED: 336754.26513671875
  SUMM_CPU: 72176.913842184338
  SUMM_ME: 2901.6164768116068
SystemInformation:
  OSName: Ubuntu 24.04.4 LTS
  Kernel: 6.17.0-1018-azure
  Device: ""
  Processor: "AMD EPYC 9V45 96-Core Processor                "
  NumSockets: 1
  Manufacturer: AuthenticAMD
  NumCores: 32
  NumLogicals: 32
  CPUFrequency: 0
  CPUMaxFrequency: 0
  Memory: 128804
  CPUInfo:
    number: 1
    Family: 15
    Model: 2
    stepping: 1
    features: 395049983
    manufacture: AuthenticAMD
    typestring: "AMD EPYC 9V45 96-Core Processor                "
    iCoresPerPackage: 32
    iThreadsPerPackage: 1
    featuresEx:
      - 395049983
      - 4277809667
      - 802421759
    bHybrid: false
    nPCore: 0
    nLogicalsPerPCore: 0
    nECore: 0
    nLogicalsPerECore: 0
  MemModuleInfo:
    iNumMemSticks: 3
    DIMM 1:
      manufacturer: Microsoft Corporation
      modulePartNo: None
      memType: Unknown
      size: 1
      clkspeed: 0
      moduleVoltage: 0
    DIMM 2:
      manufacturer: Microsoft Corporation
      modulePartNo: None
      memType: Unknown
      size: 59
      clkspeed: 0
      moduleVoltage: 0
    DIMM 3:
      manufacturer: Microsoft Corporation
      modulePartNo: None
      memType: Unknown
      size: 68
      clkspeed: 0
      moduleVoltage: 0
Checksum: 305AAE450F62FF4B28E086CD44F95019C699A2A5