BaselineInfo:
  WebDBID: -1
  TimeStamp: 20241108134928
Version:
  Major: 11
  Minor: 0
  Build: 1002
  SpecialBuildName: ""
  ptArchitecture: x86_64_linux
Results:
  Results Complete: true
  NumTestProcesses: 32
  CPU_INTEGER_MATH: 132885.94300000003
  CPU_FLOATINGPOINT_MATH: 73034.278643940677
  CPU_PRIME: 198.56900085856628
  CPU_SORTING: 70265.769771764055
  CPU_ENCRYPTION: 34301.087517709573
  CPU_COMPRESSION: 503245.62537690485
  CPU_SINGLETHREAD: 2405.2976166224094
  CPU_PHYSICS: 3795.9309851235935
  CPU_MATRIX_MULT_SSE: 29926.579254684151
  CPU_mm: 3592.1397708936879
  CPU_sse: 15259.377480264158
  CPU_fma: 41645.839025343121
  CPU_avx: 32874.521258445115
  CPU_avx512: 0
  m_CPU_enc_SHA: 49703316009.674797
  m_CPU_enc_AES: 31768170317.627056
  m_CPU_enc_ECDSA: 26430405107.607685
  ME_ALLOC_S: 13805.071926069912
  ME_READ_S: 24490.595507812501
  ME_READ_L: 20783.98046875
  ME_WRITE: 20166.26171875
  ME_LARGE: 182552.41666666666
  ME_LATENCY: 62.233730716784656
  ME_THREADED: 76636.299560546875
  SUMM_CPU: 38286.751726624098
  SUMM_ME: 2904.448448366159
SystemInformation:
  OSName: Ubuntu 24.04.1 LTS
  Kernel: 6.8.0-1017-azure
  Device: ""
  Processor: AMD EPYC 7763 64-Core Processor
  NumSockets: 1
  Manufacturer: AuthenticAMD
  NumCores: 16
  NumLogicals: 32
  CPUFrequency: 0
  Memory: 193219
  MemModuleInfo:
    iNumMemSticks: 3
    DIMM 1:
      manufacturer: Microsoft Corporation
      modulePartNo: None
      memType: Unknown
      size: 1
      clkspeed: 0
      moduleVoltage: 0
    DIMM 2:
      manufacturer: Microsoft Corporation
      modulePartNo: None
      memType: Unknown
      size: 60928
      clkspeed: 0
      moduleVoltage: 0
    DIMM 3:
      manufacturer: Microsoft Corporation
      modulePartNo: None
      memType: Unknown
      size: 134656
      clkspeed: 0
      moduleVoltage: 0
Checksum: 02CECF34F4D2EC539FE3FCDFBED06583965EFDB4