BaselineInfo:
  WebDBID: -1
  TimeStamp: 20241109115724
Version:
  Major: 11
  Minor: 0
  Build: 1002
  SpecialBuildName: ""
  ptArchitecture: x86_64_linux
Results:
  Results Complete: true
  NumTestProcesses: 64
  CPU_INTEGER_MATH: 269361.12533333333
  CPU_FLOATINGPOINT_MATH: 137702.98485142709
  CPU_PRIME: 388.09677472933691
  CPU_SORTING: 137033.82764686798
  CPU_ENCRYPTION: 58501.404003296098
  CPU_COMPRESSION: 975914.86406377191
  CPU_SINGLETHREAD: 2434.3860039832066
  CPU_PHYSICS: 6632.5365834714021
  CPU_MATRIX_MULT_SSE: 56766.09536608692
  CPU_mm: 5800.9321585365551
  CPU_sse: 25153.083858697995
  CPU_fma: 70162.420543907545
  CPU_avx: 51826.521554865569
  CPU_avx512: 79922.355506876571
  m_CPU_enc_SHA: 59086442754.951439
  m_CPU_enc_AES: 88950160808.714722
  m_CPU_enc_ECDSA: 35992901048.81443
  ME_ALLOC_S: 30537.478865725596
  ME_READ_S: 24247.488476562499
  ME_READ_L: 11917.2509765625
  ME_WRITE: 10795.564453125
  ME_LARGE: 116660.58333333333
  ME_LATENCY: 53.015506237075975
  ME_THREADED: 278370.87573242188
  SUMM_CPU: 61072.790254858744
  SUMM_ME: 2797.2025631662827
SystemInformation:
  OSName: Ubuntu 24.04.1 LTS
  Kernel: 6.8.0-1017-azure
  Device: ""
  Processor: Intel Xeon Platinum 8370C CPU @ 2.80GHz
  NumSockets: 2
  Manufacturer: GenuineIntel
  NumCores: 32
  NumLogicals: 64
  CPUFrequency: 2800
  Memory: 128885
  MemModuleInfo:
    iNumMemSticks: 4
    DIMM 1:
      manufacturer: Microsoft Corporation
      modulePartNo: None
      memType: Unknown
      size: 1
      clkspeed: 0
      moduleVoltage: 0
    DIMM 2:
      manufacturer: Microsoft Corporation
      modulePartNo: None
      memType: Unknown
      size: 59
      clkspeed: 0
      moduleVoltage: 0
    DIMM 3:
      manufacturer: Microsoft Corporation
      modulePartNo: None
      memType: Unknown
      size: 4
      clkspeed: 0
      moduleVoltage: 0
    DIMM 4:
      manufacturer: Microsoft Corporation
      modulePartNo: None
      memType: Unknown
      size: 64
      clkspeed: 0
      moduleVoltage: 0
Checksum: 1F29814836609F0A5D05F98151107E5669C1CDE8