BaselineInfo:
  WebDBID: -1
  TimeStamp: 20250418103009
Version:
  Major: 11
  Minor: 0
  Build: 1002
  SpecialBuildName: ""
  ptArchitecture: x86_64_linux
Results:
  Results Complete: true
  NumTestProcesses: 24
  CPU_INTEGER_MATH: 114775.47599999998
  CPU_FLOATINGPOINT_MATH: 81359.708871105977
  CPU_PRIME: 235.24809173124783
  CPU_SORTING: 57345.639967845156
  CPU_ENCRYPTION: 25287.755547924513
  CPU_COMPRESSION: 413099.94127224956
  CPU_SINGLETHREAD: 2917.3695195074765
  CPU_PHYSICS: 5475.6976522598952
  CPU_MATRIX_MULT_SSE: 35053.532537892468
  CPU_mm: 3247.5714257249138
  CPU_sse: 14015.385684324066
  CPU_fma: 39504.190428954877
  CPU_avx: 29629.340812712275
  CPU_avx512: 57065.213225578664
  m_CPU_enc_SHA: 26722038925.796284
  m_CPU_enc_AES: 34805032815.701775
  m_CPU_enc_ECDSA: 18021328942.76342
  ME_ALLOC_S: 14595.522875853438
  ME_READ_S: 26787.465234374999
  ME_READ_L: 10855.5361328125
  ME_WRITE: 9975.724609375
  ME_LARGE: 763431.41666666663
  ME_LATENCY: 64.4916658562572
  ME_THREADED: 248073.22802734375
  SUMM_CPU: 37633.315402038977
  SUMM_ME: 2531.3546875837851
SystemInformation:
  OSName: Ubuntu 24.04.2 LTS
  Kernel: 6.8.0-1021-azure
  Device: ""
  Processor: INTEL XEON PLATINUM 8573C
  NumSockets: 2
  Manufacturer: GenuineIntel
  NumCores: 12
  NumLogicals: 24
  CPUFrequency: 2300
  Memory: 774021
  MemModuleInfo:
    iNumMemSticks: 4
    DIMM 1:
      manufacturer: Microsoft Corporation
      modulePartNo: None
      memType: Unknown
      size: 1
      clkspeed: 0
      moduleVoltage: 0
    DIMM 2:
      manufacturer: Microsoft Corporation
      modulePartNo: None
      memType: Unknown
      size: 59
      clkspeed: 0
      moduleVoltage: 0
    DIMM 3:
      manufacturer: Microsoft Corporation
      modulePartNo: None
      memType: Unknown
      size: 324
      clkspeed: 0
      moduleVoltage: 0
    DIMM 4:
      manufacturer: Microsoft Corporation
      modulePartNo: None
      memType: Unknown
      size: 384
      clkspeed: 0
      moduleVoltage: 0
Checksum: BE9940F68E873A47F1443C0496A1D8481FDF9E5A