BaselineInfo:
  WebDBID: -1
  TimeStamp: 20241109040139
Version:
  Major: 11
  Minor: 0
  Build: 1002
  SpecialBuildName: ""
  ptArchitecture: x86_64_linux
Results:
  Results Complete: true
  NumTestProcesses: 24
  CPU_INTEGER_MATH: 97069.425000000003
  CPU_FLOATINGPOINT_MATH: 51986.745610764905
  CPU_PRIME: 113.9439846763602
  CPU_SORTING: 46922.564081927827
  CPU_ENCRYPTION: 12901.786241319143
  CPU_COMPRESSION: 415011.98659221223
  CPU_SINGLETHREAD: 2634.6047626716531
  CPU_PHYSICS: 2196.1189525889558
  CPU_MATRIX_MULT_SSE: 25773.865898134711
  CPU_mm: 2780.673800621571
  CPU_sse: 9886.4677535358824
  CPU_fma: 31071.50322281347
  CPU_avx: 21945.191227877793
  CPU_avx512: 40192.301388311695
  m_CPU_enc_SHA: 4262739422.4214616
  m_CPU_enc_AES: 32518902977.797863
  m_CPU_enc_ECDSA: 3803867829.113061
  ME_ALLOC_S: 9888.3713155048827
  ME_READ_S: 30584.745898437501
  ME_READ_L: 11661.244140625
  ME_WRITE: 11196.078125
  ME_LARGE: 83623.5
  ME_LATENCY: 50.028388651273865
  ME_THREADED: 115448.2841796875
  SUMM_CPU: 27739.406656293268
  SUMM_ME: 2910.3515000202383
SystemInformation:
  OSName: Ubuntu 24.04.1 LTS
  Kernel: 6.8.0-1016-aws
  Device: ""
  Processor: Intel Xeon Platinum 8252C CPU @ 3.80GHz
  NumSockets: 1
  Manufacturer: GenuineIntel
  NumCores: 12
  NumLogicals: 24
  CPUFrequency: 0
  Memory: 94503
  MemModuleInfo:
    iNumMemSticks: 1
    DIMM 1:
      manufacturer: Not Specified
      modulePartNo: Not Specified
      memType: DDR4
      size: 96
      clkspeed: 1466
      moduleVoltage: 0
Checksum: 2933CD0BAAA9D47137243B9777A6B7D99F99EA3F