BaselineInfo:
  WebDBID: -1
  TimeStamp: 20260612172329
Version:
  Major: 11
  Minor: 0
  Build: 1004
  SpecialBuildName: ""
  ptArchitecture: x86_64_linux
Results:
  Results Complete: true
  NumTestProcesses: 4
  CPU_INTEGER_MATH: 13845.567999999999
  CPU_FLOATINGPOINT_MATH: 7443.3952130246435
  CPU_PRIME: 33.963611210038849
  CPU_SORTING: 8721.4716673887888
  CPU_ENCRYPTION: 1918.811531832212
  CPU_COMPRESSION: 65780.660536894837
  CPU_SINGLETHREAD: 2337.4746196846258
  CPU_PHYSICS: 606.21911046244668
  CPU_MATRIX_MULT_SSE: 3549.3885968342584
  CPU_mm: 421.27207879557352
  CPU_sse: 1518.8998398741467
  CPU_fma: 4468.2488571646636
  CPU_avx: 3152.8200536513514
  CPU_avx512: 5057.5856366468715
  m_CPU_enc_SHA: 627409054.34867859
  m_CPU_enc_AES: 4843741738.8720274
  m_CPU_enc_ECDSA: 564908369.18677449
  ME_ALLOC_S: 1606.14437476135
  ME_READ_S: 24601.62890625
  ME_READ_L: 9803.361328125
  ME_WRITE: 10114.4345703125
  ME_LARGE: 7023.666666666667
  ME_LATENCY: 49.154275935511862
  ME_THREADED: 26739.47802734375
  SUMM_CPU: 5030.5948117395274
  SUMM_ME: 2090.4632636412707
SystemInformation:
  OSName: Ubuntu 24.04.4 LTS
  Kernel: 6.8.0-117-generic
  Device: ""
  Processor: Intel(R) Xeon(R) Platinum 8369HB CPU @ 3.30GHz
  NumSockets: 1
  Manufacturer: GenuineIntel
  NumCores: 2
  NumLogicals: 4
  CPUFrequency: 0
  CPUMaxFrequency: 0
  Memory: 15322
  CPUInfo:
    number: 1
    Family: 6
    Model: 5
    stepping: 11
    features: 529267711
    manufacture: GenuineIntel
    typestring: Intel(R) Xeon(R) Platinum 8369HB CPU @ 3.30GHz
    iCoresPerPackage: 2
    iThreadsPerPackage: 2
    featuresEx:
      - 529267711
      - 4277809667
      - 739248128
    bHybrid: false
    nPCore: 0
    nLogicalsPerPCore: 0
    nECore: 0
    nLogicalsPerECore: 0
  MemModuleInfo:
    iNumMemSticks: 1
    DIMM 1:
      manufacturer: Alibaba Cloud
      modulePartNo: Not Specified
      memType: RAM
      size: 16
      clkspeed: 0
      moduleVoltage: 0
Checksum: F4838AE20131EA92AE60105FEE2CE51709965A9D