---
system-info:
      stress-ng-version: 0.17.08
      run-by: root
      date-yyyy-mm-dd: 2024:09:23
      time-hh-mm-ss: 00:39:49
      epoch-secs: 1727051989
      hostname: sc-runner
      sysname: Linux
      nodename: sc-runner
      release: 6.8.0-1014-azure
      version: '#16-Ubuntu SMP Thu Aug 15 20:04:41 UTC 2024'
      machine: x86_64
      compiler: 'musl-gcc 13.2.1'
      uptime: 334
      totalram: 270257029120
      freeram: 259777445888
      sharedram: 38203392
      bufferram: 249745408
      totalswap: 0
      freeswap: 0
      pagesize: 4096
      cpus: 16
      cpus-online: 16
      ticks-per-second: 100

metrics:
    - stressor: cpu
      bogo-ops: 431545
      bogo-ops-per-second-usr-sys-time: 1349.913295
      bogo-ops-per-second-real-time: 21577.198315
      wall-clock-time: 20.000048
      user-time: 319.658509
      system-time: 0.024986
      cpu-usage-per-instance: 99.900853
      max-rss: 3256

...
