---
system-info:
      stress-ng-version: 0.17.08
      run-by: root
      date-yyyy-mm-dd: 2024:09:23
      time-hh-mm-ss: 22:46:34
      epoch-secs: 1727131594
      hostname: c4-standard-32-f48b871
      sysname: Linux
      nodename: c4-standard-32-f48b871
      release: 6.8.0-1014-gcp
      version: '#16-Ubuntu SMP Mon Aug 26 15:55:46 UTC 2024'
      machine: x86_64
      compiler: 'musl-gcc 13.2.1'
      uptime: 193
      totalram: 126605070336
      freeram: 115923857408
      sharedram: 274845696
      bufferram: 251850752
      totalswap: 0
      freeswap: 0
      pagesize: 4096
      cpus: 32
      cpus-online: 32
      ticks-per-second: 100

metrics:
    - stressor: cpu
      bogo-ops: 595145
      bogo-ops-per-second-usr-sys-time: 930.258341
      bogo-ops-per-second-real-time: 29757.137406
      wall-clock-time: 20.000076
      user-time: 639.748153
      system-time: 0.014990
      cpu-usage-per-instance: 99.962613
      max-rss: 1032

...
