---
system-info:
      stress-ng-version: 0.17.08
      run-by: root
      date-yyyy-mm-dd: 2024:07:09
      time-hh-mm-ss: 20:24:55
      epoch-secs: 1720556695
      hostname: c3-standard-192-metal-938010c
      sysname: Linux
      nodename: c3-standard-192-metal-938010c
      release: 6.8.0-1009-gcp
      version: '#10-Ubuntu SMP Wed Jun 12 18:52:23 UTC 2024'
      machine: x86_64
      compiler: 'musl-gcc 13.2.1'
      uptime: 322
      totalram: 811393134592
      freeram: 801791868928
      sharedram: 444563456
      bufferram: 134127616
      totalswap: 0
      freeswap: 0
      pagesize: 4096
      cpus: 192
      cpus-online: 192
      ticks-per-second: 100

metrics:
    - stressor: cpu
      bogo-ops: 41367
      bogo-ops-per-second-usr-sys-time: 2068.386093
      bogo-ops-per-second-real-time: 2068.347584
      wall-clock-time: 20.000023
      user-time: 19.999651
      system-time: 0.000000
      cpu-usage-per-instance: 99.998138
      max-rss: 0

...
