---
system-info:
      stress-ng-version: 0.17.08
      run-by: root
      date-yyyy-mm-dd: 2024:06:05
      time-hh-mm-ss: 22:30:55
      epoch-secs: 1717626655
      hostname: 13d8a7eedcca
      sysname: Linux
      nodename: 13d8a7eedcca
      release: 6.8.0-1008-aws
      version: '#8-Ubuntu SMP Sat Apr 20 00:46:25 UTC 2024'
      machine: x86_64
      compiler: 'musl-gcc 13.2.1'
      uptime: 126
      totalram: 198493712384
      freeram: 193470828544
      sharedram: 55435264
      bufferram: 79843328
      totalswap: 0
      freeswap: 0
      pagesize: 4096
      cpus: 72
      cpus-online: 72
      ticks-per-second: 100

metrics:
    - stressor: cpu
      bogo-ops: 15499
      bogo-ops-per-second-usr-sys-time: 1549.810731
      bogo-ops-per-second-real-time: 1549.795986
      wall-clock-time: 10.000671
      user-time: 10.000576
      system-time: 0.000000
      cpu-usage-per-instance: 99.999049
      max-rss: 2880

...
