---
system-info:
      stress-ng-version: 0.17.08
      run-by: root
      date-yyyy-mm-dd: 2024:06:12
      time-hh-mm-ss: 21:41:33
      epoch-secs: 1718228493
      hostname: 577dd0588d4d
      sysname: Linux
      nodename: 577dd0588d4d
      release: 6.8.0-1008-aws
      version: '#8-Ubuntu SMP Sat Apr 20 00:46:25 UTC 2024'
      machine: x86_64
      compiler: 'musl-gcc 13.2.1'
      uptime: 160
      totalram: 198493691904
      freeram: 193273372672
      sharedram: 55435264
      bufferram: 113123328
      totalswap: 0
      freeswap: 0
      pagesize: 4096
      cpus: 72
      cpus-online: 72
      ticks-per-second: 100

metrics:
    - stressor: cpu
      bogo-ops: 28524
      bogo-ops-per-second-usr-sys-time: 1426.212836
      bogo-ops-per-second-real-time: 1426.194202
      wall-clock-time: 20.000081
      user-time: 19.999820
      system-time: 0.000000
      cpu-usage-per-instance: 99.998694
      max-rss: 576

...
