BaselineInfo:
  WebDBID: -1
  TimeStamp: 20241108030445
Version:
  Major: 11
  Minor: 0
  Build: 1002
  SpecialBuildName: ""
  ptArchitecture: x86_64_linux
Results:
  Results Complete: true
  NumTestProcesses: 8
  CPU_INTEGER_MATH: 28732.705999999998
  CPU_FLOATINGPOINT_MATH: 23804.4447389177
  CPU_PRIME: 84.957340261917921
  CPU_SORTING: 17414.729255914619
  CPU_ENCRYPTION: 3701.8094136975092
  CPU_COMPRESSION: 145552.79117618667
  CPU_SINGLETHREAD: 1838.5383800534105
  CPU_PHYSICS: 1240.4909978139301
  CPU_MATRIX_MULT_SSE: 12215.083972432194
  CPU_mm: 1320.0480704303352
  CPU_sse: 5033.1042576829568
  CPU_fma: 16330.11479240924
  CPU_avx: 10912.993018221725
  CPU_avx512: 16584.123821414854
  m_CPU_enc_SHA: 2034317240.8045971
  m_CPU_enc_AES: 7825672969.5068703
  m_CPU_enc_ECDSA: 1784895313.0203698
  ME_ALLOC_S: 5025.9806461242351
  ME_READ_S: 21617.777734374999
  ME_READ_L: 11423.8505859375
  ME_WRITE: 8994.4306640625
  ME_LARGE: 18026
  ME_LATENCY: 59.679289275455972
  ME_THREADED: 57975.72021484375
  SUMM_CPU: 11056.4670478508
  SUMM_ME: 2278.6901401235746
SystemInformation:
  OSName: Ubuntu 24.04.1 LTS
  Kernel: 6.8.0-1017-azure
  Device: ""
  Processor: Intel Xeon Platinum 8272CL CPU @ 2.60GHz
  NumSockets: 1
  Manufacturer: GenuineIntel
  NumCores: 8
  NumLogicals: 8
  CPUFrequency: 0
  Memory: 28060
  MemModuleInfo:
    iNumMemSticks: 2
    DIMM 1:
      manufacturer: Microsoft Corporation
      modulePartNo: None
      memType: Unknown
      size: 1
      clkspeed: 0
      moduleVoltage: 0
    DIMM 2:
      manufacturer: Microsoft Corporation
      modulePartNo: None
      memType: Unknown
      size: 27
      clkspeed: 0
      moduleVoltage: 0
Checksum: 779334E25FD1AF0D92B634E7EF67C1EFB7137ED7