BaselineInfo:
  WebDBID: -1
  TimeStamp: 20260620210931
Version:
  Major: 11
  Minor: 0
  Build: 1004
  SpecialBuildName: ""
  ptArchitecture: x86_64_linux
Results:
  Results Complete: true
  NumTestProcesses: 64
  CPU_INTEGER_MATH: 473793.12933333335
  CPU_FLOATINGPOINT_MATH: 453203.53396321507
  CPU_PRIME: 1533.6927579246669
  CPU_SORTING: 239921.118891911
  CPU_ENCRYPTION: 96972.559095176679
  CPU_COMPRESSION: 1799613.2529436937
  CPU_SINGLETHREAD: 3837.2066649054586
  CPU_PHYSICS: 20455.443582033113
  CPU_MATRIX_MULT_SSE: 152797.84322939132
  CPU_mm: 17931.53738446155
  CPU_sse: 56586.555153604677
  CPU_fma: 202738.56450939763
  CPU_avx: 117324.22168322282
  CPU_avx512: 234542.03157134017
  m_CPU_enc_SHA: 136430484244.16661
  m_CPU_enc_AES: 85587010305.973785
  m_CPU_enc_ECDSA: 83031799827.211563
  ME_ALLOC_S: 37740.12007990072
  ME_READ_S: 34162.159765625001
  ME_READ_L: 31084.34765625
  ME_WRITE: 30799.279296875
  ME_LARGE: 118900
  ME_LATENCY: 77.727508769006633
  ME_THREADED: 514588.07763671875
  SUMM_CPU: 116710.12648884018
  SUMM_ME: 3007.0101692526309
SystemInformation:
  OSName: Ubuntu 24.04.4 LTS
  Kernel: 6.17.0-1018-azure
  Device: ""
  Processor: "AMD EPYC 9V45 96-Core Processor                "
  NumSockets: 1
  Manufacturer: AuthenticAMD
  NumCores: 64
  NumLogicals: 64
  CPUFrequency: 0
  CPUMaxFrequency: 0
  Memory: 128791
  CPUInfo:
    number: 1
    Family: 15
    Model: 2
    stepping: 1
    features: 395049983
    manufacture: AuthenticAMD
    typestring: "AMD EPYC 9V45 96-Core Processor                "
    iCoresPerPackage: 64
    iThreadsPerPackage: 1
    featuresEx:
      - 395049983
      - 4277809667
      - 802421759
    bHybrid: false
    nPCore: 0
    nLogicalsPerPCore: 0
    nECore: 0
    nLogicalsPerECore: 0
  MemModuleInfo:
    iNumMemSticks: 3
    DIMM 1:
      manufacturer: Microsoft Corporation
      modulePartNo: None
      memType: Unknown
      size: 1
      clkspeed: 0
      moduleVoltage: 0
    DIMM 2:
      manufacturer: Microsoft Corporation
      modulePartNo: None
      memType: Unknown
      size: 59
      clkspeed: 0
      moduleVoltage: 0
    DIMM 3:
      manufacturer: Microsoft Corporation
      modulePartNo: None
      memType: Unknown
      size: 68
      clkspeed: 0
      moduleVoltage: 0
Checksum: 3CD9E8628381C7E7EC369B82A1DEBF2B7544CC0B