BaselineInfo:
  WebDBID: -1
  TimeStamp: 20241107234157
Version:
  Major: 11
  Minor: 0
  Build: 1002
  SpecialBuildName: ""
  ptArchitecture: x86_64_linux
Results:
  Results Complete: true
  NumTestProcesses: 8
  CPU_INTEGER_MATH: 32412.919999999998
  CPU_FLOATINGPOINT_MATH: 16498.662027767245
  CPU_PRIME: 34.954062491698267
  CPU_SORTING: 16183.591775116858
  CPU_ENCRYPTION: 6904.9059915969274
  CPU_COMPRESSION: 120257.14775835282
  CPU_SINGLETHREAD: 2293.2520408873411
  CPU_PHYSICS: 950.96838185748277
  CPU_MATRIX_MULT_SSE: 6671.9704907694859
  CPU_mm: 682.324144019301
  CPU_sse: 2965.9774074253228
  CPU_fma: 8163.5581570752074
  CPU_avx: 6193.5225318572984
  CPU_avx512: 9364.8238667201149
  m_CPU_enc_SHA: 6967677359.9422131
  m_CPU_enc_AES: 10487876011.556515
  m_CPU_enc_ECDSA: 4265402743.6354904
  ME_ALLOC_S: 3154.5266280240589
  ME_READ_S: 23420.096289062501
  ME_READ_L: 7964.48291015625
  ME_WRITE: 6933.591796875
  ME_LARGE: 53173.583333333336
  ME_LATENCY: 81.296538910409282
  ME_THREADED: 38068.92333984375
  SUMM_CPU: 10362.932263300838
  SUMM_ME: 1819.5619728231834
SystemInformation:
  OSName: Ubuntu 24.04.1 LTS
  Kernel: 6.8.0-1016-aws
  Device: ""
  Processor: Intel Xeon Platinum 8375C CPU @ 2.90GHz
  NumSockets: 1
  Manufacturer: GenuineIntel
  NumCores: 4
  NumLogicals: 8
  CPUFrequency: 0
  Memory: 63260
  MemModuleInfo:
    iNumMemSticks: 1
    DIMM 1:
      manufacturer: Not Specified
      modulePartNo: Not Specified
      memType: DDR4
      size: 64
      clkspeed: 1600
      moduleVoltage: 0
Checksum: 6DAF80E3CDDE5A91FE4D999675A420E94A9AB680