---
system-info:
      stress-ng-version: 0.17.08
      run-by: root
      date-yyyy-mm-dd: 2024:09:14
      time-hh-mm-ss: 20:43:01
      epoch-secs: 1726346581
      hostname: ip-172-31-4-134
      sysname: Linux
      nodename: ip-172-31-4-134
      release: 6.8.0-1014-aws
      version: '#15-Ubuntu SMP Thu Aug  8 19:13:06 UTC 2024'
      machine: x86_64
      compiler: 'musl-gcc 13.2.1'
      uptime: 272
      totalram: 2155593695232
      freeram: 2145026240512
      sharedram: 60112896
      bufferram: 225316864
      totalswap: 0
      freeswap: 0
      pagesize: 4096
      cpus: 64
      cpus-online: 64
      ticks-per-second: 100

metrics:
    - stressor: cpu
      bogo-ops: 37883
      bogo-ops-per-second-usr-sys-time: 1894.137783
      bogo-ops-per-second-real-time: 1894.144513
      wall-clock-time: 20.000058
      user-time: 20.000129
      system-time: 0.000000
      cpu-usage-per-instance: 100.000355
      max-rss: 512

...
