---
system-info:
      stress-ng-version: 0.17.08
      run-by: root
      date-yyyy-mm-dd: 2024:09:07
      time-hh-mm-ss: 06:49:24
      epoch-secs: 1725691764
      hostname: ip-172-31-12-234
      sysname: Linux
      nodename: ip-172-31-12-234
      release: 6.8.0-1014-aws
      version: '#15-Ubuntu SMP Thu Aug  8 19:13:06 UTC 2024'
      machine: x86_64
      compiler: 'musl-gcc 13.2.1'
      uptime: 258
      totalram: 2155593666560
      freeram: 2146375618560
      sharedram: 60149760
      bufferram: 223477760
      totalswap: 0
      freeswap: 0
      pagesize: 4096
      cpus: 64
      cpus-online: 64
      ticks-per-second: 100

metrics:
    - stressor: cpu
      bogo-ops: 37884
      bogo-ops-per-second-usr-sys-time: 1894.184184
      bogo-ops-per-second-real-time: 1894.199345
      wall-clock-time: 20.000007
      user-time: 20.000167
      system-time: 0.000000
      cpu-usage-per-instance: 100.000800
      max-rss: 512

...
