BaselineInfo:
  WebDBID: -1
  TimeStamp: 20260404030906
Version:
  Major: 11
  Minor: 0
  Build: 1004
  SpecialBuildName: ""
  ptArchitecture: x86_64_linux
Results:
  Results Complete: true
  NumTestProcesses: 4
  CPU_INTEGER_MATH: 9819.2053333333333
  CPU_FLOATINGPOINT_MATH: 5257.8561966661218
  CPU_PRIME: 24.79959331417367
  CPU_SORTING: 6097.0124450722251
  CPU_ENCRYPTION: 1359.3109399712853
  CPU_COMPRESSION: 45894.293545468267
  CPU_SINGLETHREAD: 1653.8413133760803
  CPU_PHYSICS: 451.72547194421827
  CPU_MATRIX_MULT_SSE: 2968.8880245890628
  CPU_mm: 299.08544786432572
  CPU_sse: 1069.5505415002174
  CPU_fma: 3647.8116005562897
  CPU_avx: 2580.5892997705323
  CPU_avx512: 4577.6006565292118
  m_CPU_enc_SHA: 443690749.92715269
  m_CPU_enc_AES: 3432352413.8196268
  m_CPU_enc_ECDSA: 399979320.8272112
  ME_ALLOC_S: 1094.4837787089127
  ME_READ_S: 19433.728906249999
  ME_READ_L: 6781.9970703125
  ME_WRITE: 7095.86767578125
  ME_LARGE: 1818.6666666666667
  ME_LATENCY: 76.821262554723162
  ME_THREADED: 19549.26953125
  SUMM_CPU: 3628.6449240518564
  SUMM_ME: 1246.187586244924
SystemInformation:
  OSName: Ubuntu 24.04.4 LTS
  Kernel: 6.8.0-106-generic
  Device: ""
  Processor: Intel(R) Xeon(R) Platinum 8269CY CPU @ 2.50GHz
  NumSockets: 1
  Manufacturer: GenuineIntel
  NumCores: 2
  NumLogicals: 4
  CPUFrequency: 0
  CPUMaxFrequency: 0
  Memory: 7555
  CPUInfo:
    number: 1
    Family: 6
    Model: 5
    stepping: 7
    features: 529267711
    manufacture: GenuineIntel
    typestring: Intel(R) Xeon(R) Platinum 8269CY CPU @ 2.50GHz
    iCoresPerPackage: 2
    iThreadsPerPackage: 2
    featuresEx:
      - 529267711
      - 4277809667
      - 739248128
    bHybrid: false
    nPCore: 0
    nLogicalsPerPCore: 0
    nECore: 0
    nLogicalsPerECore: 0
  MemModuleInfo:
    iNumMemSticks: 1
    DIMM 1:
      manufacturer: Alibaba Cloud
      modulePartNo: Not Specified
      memType: RAM
      size: 8
      clkspeed: 0
      moduleVoltage: 0
Checksum: 7B84BBC7086FC1CB4BE405C1BBF33B988FA389B1