---
system-info:
      stress-ng-version: 0.17.08
      run-by: root
      date-yyyy-mm-dd: 2024:09:05
      time-hh-mm-ss: 19:06:22
      epoch-secs: 1725563182
      hostname: sc-runner
      sysname: Linux
      nodename: sc-runner
      release: 6.8.0-1013-azure
      version: '#15-Ubuntu SMP Thu Aug  8 18:40:40 UTC 2024'
      machine: x86_64
      compiler: 'musl-gcc 13.2.1'
      uptime: 354
      totalram: 135060664320
      freeram: 126145232896
      sharedram: 38207488
      bufferram: 219738112
      totalswap: 0
      freeswap: 0
      pagesize: 4096
      cpus: 32
      cpus-online: 32
      ticks-per-second: 100

metrics:
    - stressor: cpu
      bogo-ops: 54058
      bogo-ops-per-second-usr-sys-time: 2702.901081
      bogo-ops-per-second-real-time: 2702.889109
      wall-clock-time: 20.000081
      user-time: 19.999992
      system-time: 0.000000
      cpu-usage-per-instance: 99.999557
      max-rss: 1032

...
