---
system-info:
      stress-ng-version: 0.17.08
      run-by: root
      date-yyyy-mm-dd: 2024:09:22
      time-hh-mm-ss: 11:04:10
      epoch-secs: 1727003050
      hostname: sc-runner
      sysname: Linux
      nodename: sc-runner
      release: 6.8.0-1014-azure
      version: '#16-Ubuntu SMP Thu Aug 15 20:04:41 UTC 2024'
      machine: x86_64
      compiler: 'musl-gcc 13.2.1'
      uptime: 365
      totalram: 135060664320
      freeram: 124412907520
      sharedram: 38207488
      bufferram: 250519552
      totalswap: 0
      freeswap: 0
      pagesize: 4096
      cpus: 32
      cpus-online: 32
      ticks-per-second: 100

metrics:
    - stressor: cpu
      bogo-ops: 54058
      bogo-ops-per-second-usr-sys-time: 2702.867430
      bogo-ops-per-second-real-time: 2702.892267
      wall-clock-time: 20.000057
      user-time: 19.999242
      system-time: 0.000999
      cpu-usage-per-instance: 100.000919
      max-rss: 1032

...
