---
system-info:
      stress-ng-version: 0.17.08
      run-by: root
      date-yyyy-mm-dd: 2024:06:06
      time-hh-mm-ss: 10:56:20
      epoch-secs: 1717671380
      hostname: 9721ae96683b
      sysname: Linux
      nodename: 9721ae96683b
      release: 6.8.0-1008-aws
      version: '#8-Ubuntu SMP Sat Apr 20 00:46:25 UTC 2024'
      machine: x86_64
      compiler: 'musl-gcc 13.2.1'
      uptime: 117
      totalram: 4002344960
      freeram: 213147648
      sharedram: 59863040
      bufferram: 79613952
      totalswap: 0
      freeswap: 0
      pagesize: 4096
      cpus: 2
      cpus-online: 2
      ticks-per-second: 100

metrics:
    - stressor: cpu
      bogo-ops: 16612
      bogo-ops-per-second-usr-sys-time: 1661.010479
      bogo-ops-per-second-real-time: 1660.746515
      wall-clock-time: 10.002731
      user-time: 10.000141
      system-time: 0.001000
      cpu-usage-per-instance: 99.984108
      max-rss: 3920

...
