---
system-info:
      stress-ng-version: 0.17.08
      run-by: root
      date-yyyy-mm-dd: 2024:06:10
      time-hh-mm-ss: 03:52:51
      epoch-secs: 1717991571
      hostname: 444136b9ca9e
      sysname: Linux
      nodename: 444136b9ca9e
      release: 6.8.0-1008-aws
      version: '#8-Ubuntu SMP Sat Apr 20 00:46:25 UTC 2024'
      machine: x86_64
      compiler: 'musl-gcc 13.2.1'
      uptime: 797
      totalram: 581398528
      freeram: 70696960
      sharedram: 27512832
      bufferram: 1564672
      totalswap: 0
      freeswap: 0
      pagesize: 4096
      cpus: 1
      cpus-online: 1
      ticks-per-second: 100

metrics:
    - stressor: cpu
      bogo-ops: 13852
      bogo-ops-per-second-usr-sys-time: 1423.958294
      bogo-ops-per-second-real-time: 1384.153281
      wall-clock-time: 10.007562
      user-time: 9.722377
      system-time: 0.005436
      cpu-usage-per-instance: 97.204622
      max-rss: 3920

...
