---
system-info:
      stress-ng-version: 0.17.08
      run-by: root
      date-yyyy-mm-dd: 2024:06:16
      time-hh-mm-ss: 06:06:33
      epoch-secs: 1718517993
      hostname: eaea07e495bf
      sysname: Linux
      nodename: eaea07e495bf
      release: 6.8.0-1008-aws
      version: '#8-Ubuntu SMP Sat Apr 20 00:46:25 UTC 2024'
      machine: x86_64
      compiler: 'musl-gcc 13.2.1'
      uptime: 773
      totalram: 581386240
      freeram: 44150784
      sharedram: 27512832
      bufferram: 2686976
      totalswap: 0
      freeswap: 0
      pagesize: 4096
      cpus: 1
      cpus-online: 1
      ticks-per-second: 100

metrics:
    - stressor: cpu
      bogo-ops: 31835
      bogo-ops-per-second-usr-sys-time: 1623.317768
      bogo-ops-per-second-real-time: 1591.743435
      wall-clock-time: 20.000082
      user-time: 19.610006
      system-time: 0.001065
      cpu-usage-per-instance: 98.054951
      max-rss: 972

...
