---
system-info:
      stress-ng-version: 0.17.08
      run-by: root
      date-yyyy-mm-dd: 2024:09:03
      time-hh-mm-ss: 09:24:46
      epoch-secs: 1725355486
      hostname: sc-runner
      sysname: Linux
      nodename: sc-runner
      release: 6.8.0-1013-azure
      version: '#15-Ubuntu SMP Thu Aug  8 19:55:58 UTC 2024'
      machine: aarch64
      compiler: 'musl-gcc 13.2.1'
      uptime: 379
      totalram: 33587560448
      freeram: 25036681216
      sharedram: 38129664
      bufferram: 211660800
      totalswap: 0
      freeswap: 0
      pagesize: 4096
      cpus: 16
      cpus-online: 16
      ticks-per-second: 100

metrics:
    - stressor: cpu
      bogo-ops: 36448
      bogo-ops-per-second-usr-sys-time: 1822.389612
      bogo-ops-per-second-real-time: 1822.397111
      wall-clock-time: 20.000032
      user-time: 19.999115
      system-time: 0.000999
      cpu-usage-per-instance: 100.000411
      max-rss: 1320

...
