BaselineInfo:
  WebDBID: -1
  TimeStamp: 20241108192830
Version:
  Major: 11
  Minor: 0
  Build: 1002
  SpecialBuildName: ""
  ptArchitecture: x86_64_linux
Results:
  Results Complete: true
  NumTestProcesses: 16
  CPU_INTEGER_MATH: 67068.635333333325
  CPU_FLOATINGPOINT_MATH: 34288.825853343842
  CPU_PRIME: 136.05742485699298
  CPU_SORTING: 34731.305515065746
  CPU_ENCRYPTION: 14579.801612251218
  CPU_COMPRESSION: 245001.64963964734
  CPU_SINGLETHREAD: 2370.045315183123
  CPU_PHYSICS: 2346.9960413336757
  CPU_MATRIX_MULT_SSE: 14057.990341990149
  CPU_mm: 1445.5719170891853
  CPU_sse: 6355.0645786506884
  CPU_fma: 17480.756926557788
  CPU_avx: 12904.430458458275
  CPU_avx512: 19491.709404293844
  m_CPU_enc_SHA: 14703858439.24477
  m_CPU_enc_AES: 22139172181.538212
  m_CPU_enc_ECDSA: 9021059545.3208218
  ME_ALLOC_S: 7776.0143465106685
  ME_READ_S: 24351.906054687501
  ME_READ_L: 12143.0673828125
  ME_WRITE: 10749.6435546875
  ME_LARGE: 116516.91666666667
  ME_LATENCY: 57.942548020280185
  ME_THREADED: 90712.79833984375
  SUMM_CPU: 21082.670658609739
  SUMM_ME: 2600.7844576349817
SystemInformation:
  OSName: Ubuntu 24.04.1 LTS
  Kernel: 6.8.0-1016-aws
  Device: ""
  Processor: Intel Xeon Platinum 8375C CPU @ 2.90GHz
  NumSockets: 1
  Manufacturer: GenuineIntel
  NumCores: 8
  NumLogicals: 16
  CPUFrequency: 0
  Memory: 126762
  MemModuleInfo:
    iNumMemSticks: 1
    DIMM 1:
      manufacturer: Not Specified
      modulePartNo: Not Specified
      memType: DDR4
      size: 128
      clkspeed: 1600
      moduleVoltage: 0
Checksum: 6ECC089909AE09B8F9C6E05F364CB961E0DA27EF