---
system-info:
      stress-ng-version: 0.17.08
      run-by: root
      date-yyyy-mm-dd: 2024:06:10
      time-hh-mm-ss: 11:34:11
      epoch-secs: 1718019251
      hostname: 60d10582736b
      sysname: Linux
      nodename: 60d10582736b
      release: 6.8.0-31-generic
      version: '#31-Ubuntu SMP PREEMPT_DYNAMIC Sat Apr 20 00:40:06 UTC 2024'
      machine: x86_64
      compiler: 'musl-gcc 13.2.1'
      uptime: 80
      totalram: 197840908288
      freeram: 193683169280
      sharedram: 38416384
      bufferram: 175857664
      totalswap: 0
      freeswap: 0
      pagesize: 4096
      cpus: 48
      cpus-online: 48
      ticks-per-second: 100

metrics:
    - stressor: cpu
      bogo-ops: 642158
      bogo-ops-per-second-usr-sys-time: 1338.666932
      bogo-ops-per-second-real-time: 64207.567719
      wall-clock-time: 10.001282
      user-time: 479.590662
      system-time: 0.108944
      cpu-usage-per-instance: 99.924606
      max-rss: 3840

...
