---
system-info:
      stress-ng-version: 0.17.08
      run-by: root
      date-yyyy-mm-dd: 2024:06:14
      time-hh-mm-ss: 22:05:29
      epoch-secs: 1718402729
      hostname: 03d3a954e8a1
      sysname: Linux
      nodename: 03d3a954e8a1
      release: 6.8.0-31-generic
      version: '#31-Ubuntu SMP PREEMPT_DYNAMIC Sat Apr 20 00:40:06 UTC 2024'
      machine: x86_64
      compiler: 'musl-gcc 13.2.1'
      uptime: 87
      totalram: 197840891904
      freeram: 193884733440
      sharedram: 38416384
      bufferram: 168775680
      totalswap: 0
      freeswap: 0
      pagesize: 4096
      cpus: 48
      cpus-online: 48
      ticks-per-second: 100

metrics:
    - stressor: cpu
      bogo-ops: 1470561
      bogo-ops-per-second-usr-sys-time: 1532.716004
      bogo-ops-per-second-real-time: 73527.888483
      wall-clock-time: 20.000044
      user-time: 959.406824
      system-time: 0.040977
      cpu-usage-per-instance: 99.942260
      max-rss: 1152

...
