BaselineInfo:
  WebDBID: -1
  TimeStamp: 20241108203717
Version:
  Major: 11
  Minor: 0
  Build: 1002
  SpecialBuildName: ""
  ptArchitecture: x86_64_linux
Results:
  Results Complete: true
  NumTestProcesses: 32
  CPU_INTEGER_MATH: 134624.25966666668
  CPU_FLOATINGPOINT_MATH: 68852.476989198243
  CPU_PRIME: 191.7878234854571
  CPU_SORTING: 68537.522476079437
  CPU_ENCRYPTION: 29272.493638644373
  CPU_COMPRESSION: 487734.55489544838
  CPU_SINGLETHREAD: 2429.7233898681097
  CPU_PHYSICS: 3254.2746868897889
  CPU_MATRIX_MULT_SSE: 28387.261630458397
  CPU_mm: 2899.5980713275594
  CPU_sse: 12782.012894898584
  CPU_fma: 35072.262475103526
  CPU_avx: 25913.873602860851
  CPU_avx512: 39780.897548970621
  m_CPU_enc_SHA: 29551100414.320103
  m_CPU_enc_AES: 44482643652.611565
  m_CPU_enc_ECDSA: 18049558801.973835
  ME_ALLOC_S: 15122.352447349082
  ME_READ_S: 24497.460742187501
  ME_READ_L: 12250.69140625
  ME_WRITE: 10797.9580078125
  ME_LARGE: 53498.75
  ME_LATENCY: 53.53806969537326
  ME_THREADED: 134870.34887695312
  SUMM_CPU: 36820.343456059694
  SUMM_ME: 2733.3340930461836
SystemInformation:
  OSName: Ubuntu 24.04.1 LTS
  Kernel: 6.8.0-1017-azure
  Device: ""
  Processor: Intel Xeon Platinum 8370C CPU @ 2.80GHz
  NumSockets: 1
  Manufacturer: GenuineIntel
  NumCores: 16
  NumLogicals: 32
  CPUFrequency: 2800
  Memory: 64290
  MemModuleInfo:
    iNumMemSticks: 3
    DIMM 1:
      manufacturer: Microsoft Corporation
      modulePartNo: None
      memType: Unknown
      size: 1
      clkspeed: 0
      moduleVoltage: 0
    DIMM 2:
      manufacturer: Microsoft Corporation
      modulePartNo: None
      memType: Unknown
      size: 59
      clkspeed: 0
      moduleVoltage: 0
    DIMM 3:
      manufacturer: Microsoft Corporation
      modulePartNo: None
      memType: Unknown
      size: 4
      clkspeed: 0
      moduleVoltage: 0
Checksum: 6F173E1728113AC4F13E59D4AF3FA56049A62069