BaselineInfo:
  WebDBID: -1
  TimeStamp: 20241122083814
Version:
  Major: 11
  Minor: 0
  Build: 1002
  SpecialBuildName: ""
  ptArchitecture: x86_64_linux
Results:
  Results Complete: true
  NumTestProcesses: 8
  CPU_INTEGER_MATH: 37971.344333333327
  CPU_FLOATINGPOINT_MATH: 21249.961724165307
  CPU_PRIME: 95.045540807465812
  CPU_SORTING: 23161.566602668579
  CPU_ENCRYPTION: 9628.3101139268529
  CPU_COMPRESSION: 156080.72219956235
  CPU_SINGLETHREAD: 2905.7905779619896
  CPU_PHYSICS: 1524.7402868504159
  CPU_MATRIX_MULT_SSE: 10874.848778975653
  CPU_mm: 1015.4139346928359
  CPU_sse: 4482.0124341797091
  CPU_fma: 14040.890842242594
  CPU_avx: 11563.238049365327
  CPU_avx512: 13413.253790114977
  m_CPU_enc_SHA: 13469844394.104063
  m_CPU_enc_AES: 9147712292.9118061
  m_CPU_enc_ECDSA: 7670488031.04702
  ME_ALLOC_S: 3876.7335571710887
  ME_READ_S: 27880.468945312499
  ME_READ_L: 27555.654296875
  ME_WRITE: 26806.83984375
  ME_LARGE: 53348.5
  ME_LATENCY: 77.326467542787213
  ME_THREADED: 37850.3212890625
  SUMM_CPU: 14479.278510391357
  SUMM_ME: 2540.4222275797779
SystemInformation:
  OSName: Ubuntu 24.04.1 LTS
  Kernel: 6.8.0-1017-azure
  Device: ""
  Processor: AMD EPYC 9V74 80-Core Processor
  NumSockets: 1
  Manufacturer: AuthenticAMD
  NumCores: 4
  NumLogicals: 8
  CPUFrequency: 0
  Memory: 64300
  MemModuleInfo:
    iNumMemSticks: 3
    DIMM 1:
      manufacturer: Microsoft Corporation
      modulePartNo: None
      memType: Unknown
      size: 1
      clkspeed: 0
      moduleVoltage: 0
    DIMM 2:
      manufacturer: Microsoft Corporation
      modulePartNo: None
      memType: Unknown
      size: 59
      clkspeed: 0
      moduleVoltage: 0
    DIMM 3:
      manufacturer: Microsoft Corporation
      modulePartNo: None
      memType: Unknown
      size: 4
      clkspeed: 0
      moduleVoltage: 0
Checksum: 3D4A0F4F55FA59D55E62C2624ED94D4BE0AED54C