---
system-info:
      stress-ng-version: 0.17.08
      run-by: root
      date-yyyy-mm-dd: 2024:06:08
      time-hh-mm-ss: 13:00:52
      epoch-secs: 1717851652
      hostname: 9aa604226fee
      sysname: Linux
      nodename: 9aa604226fee
      release: 6.8.0-1008-aws
      version: '#8-Ubuntu SMP Sat Apr 20 00:46:25 UTC 2024'
      machine: x86_64
      compiler: 'musl-gcc 13.2.1'
      uptime: 134
      totalram: 401422258176
      freeram: 395796385792
      sharedram: 78655488
      bufferram: 102780928
      totalswap: 0
      freeswap: 0
      pagesize: 4096
      cpus: 96
      cpus-online: 96
      ticks-per-second: 100

metrics:
    - stressor: cpu
      bogo-ops: 15005
      bogo-ops-per-second-usr-sys-time: 1500.412226
      bogo-ops-per-second-real-time: 1500.404345
      wall-clock-time: 10.000638
      user-time: 9.999586
      system-time: 0.000999
      cpu-usage-per-instance: 99.999475
      max-rss: 3072

...
