---
system-info:
      stress-ng-version: 0.17.08
      run-by: root
      date-yyyy-mm-dd: 2024:06:14
      time-hh-mm-ss: 19:17:53
      epoch-secs: 1718392673
      hostname: 7149afa5f0e7
      sysname: Linux
      nodename: 7149afa5f0e7
      release: 6.8.0-1008-aws
      version: '#8-Ubuntu SMP Sat Apr 20 00:46:25 UTC 2024'
      machine: x86_64
      compiler: 'musl-gcc 13.2.1'
      uptime: 162
      totalram: 401422241792
      freeram: 396025724928
      sharedram: 78655488
      bufferram: 109711360
      totalswap: 0
      freeswap: 0
      pagesize: 4096
      cpus: 96
      cpus-online: 96
      ticks-per-second: 100

metrics:
    - stressor: cpu
      bogo-ops: 27719
      bogo-ops-per-second-usr-sys-time: 1385.950901
      bogo-ops-per-second-real-time: 1385.949190
      wall-clock-time: 20.000012
      user-time: 19.998988
      system-time: 0.000999
      cpu-usage-per-instance: 99.999877
      max-rss: 768

...
