---
system-info:
      stress-ng-version: 0.17.08
      run-by: root
      date-yyyy-mm-dd: 2024:09:24
      time-hh-mm-ss: 01:25:52
      epoch-secs: 1727141152
      hostname: c4-highcpu-96-8d285be
      sysname: Linux
      nodename: c4-highcpu-96-8d285be
      release: 6.8.0-1014-gcp
      version: '#16-Ubuntu SMP Mon Aug 26 15:55:46 UTC 2024'
      machine: x86_64
      compiler: 'musl-gcc 13.2.1'
      uptime: 192
      totalram: 202779426816
      freeram: 191277748224
      sharedram: 548036608
      bufferram: 251949056
      totalswap: 0
      freeswap: 0
      pagesize: 4096
      cpus: 96
      cpus-online: 96
      ticks-per-second: 100

metrics:
    - stressor: cpu
      bogo-ops: 1653905
      bogo-ops-per-second-usr-sys-time: 861.559759
      bogo-ops-per-second-real-time: 82694.890440
      wall-clock-time: 20.000087
      user-time: 1919.638725
      system-time: 0.024981
      cpu-usage-per-instance: 99.982050
      max-rss: 768

...
