BaselineInfo:
  WebDBID: -1
  TimeStamp: 20241115142633
Version:
  Major: 11
  Minor: 0
  Build: 1002
  SpecialBuildName: ""
  ptArchitecture: x86_64_linux
Results:
  Results Complete: true
  NumTestProcesses: 2
  CPU_INTEGER_MATH: 5107.2430000000004
  CPU_FLOATINGPOINT_MATH: 2711.1366029033711
  CPU_PRIME: 8.8019975774257091
  CPU_SORTING: 3235.5820238810406
  CPU_ENCRYPTION: 1606.3540915873491
  CPU_COMPRESSION: 21429.108127196665
  CPU_SINGLETHREAD: 1401.7177664343633
  CPU_PHYSICS: 207.81666642189185
  CPU_MATRIX_MULT_SSE: 773.49639573142872
  CPU_mm: 155.53625087207504
  CPU_sse: 631.81153231275732
  CPU_fma: 928.70508215715404
  CPU_avx: 759.97257272437491
  CPU_avx512: 0
  m_CPU_enc_SHA: 2277263577.6108065
  m_CPU_enc_AES: 1575671807.0257716
  m_CPU_enc_ECDSA: 1200217659.1843109
  ME_ALLOC_S: 499.80945397232017
  ME_READ_S: 14573.299511718749
  ME_READ_L: 11289.8525390625
  ME_WRITE: 7522.52587890625
  ME_LARGE: 631.16666666666663
  ME_LATENCY: 65.399815046531856
  ME_THREADED: 16509.724609375
  SUMM_CPU: 1854.0778737890594
  SUMM_ME: 867.00045672528734
SystemInformation:
  OSName: Ubuntu 24.04.1 LTS
  Kernel: 6.8.0-1018-aws
  Device: ""
  Processor: AMD EPYC 7571
  NumSockets: 1
  Manufacturer: AuthenticAMD
  NumCores: 1
  NumLogicals: 2
  CPUFrequency: 0
  Memory: 7780
  MemModuleInfo:
    iNumMemSticks: 1
    DIMM 1:
      manufacturer: Not Specified
      modulePartNo: Not Specified
      memType: DDR4
      size: 8
      clkspeed: 1333
      moduleVoltage: 0
Checksum: 0537D616312CFBE8DE9B6D38712A55D36F3AAFAB