BaselineInfo:
  WebDBID: -1
  TimeStamp: 20241107032534
Version:
  Major: 11
  Minor: 0
  Build: 1002
  SpecialBuildName: ""
  ptArchitecture: x86_64_linux
Results:
  Results Complete: true
  NumTestProcesses: 2
  CPU_INTEGER_MATH: 5116.0470000000005
  CPU_FLOATINGPOINT_MATH: 2714.8181851498362
  CPU_PRIME: 10.96698691217718
  CPU_SORTING: 3272.9549132701268
  CPU_ENCRYPTION: 1614.8887408873027
  CPU_COMPRESSION: 21266.859762709566
  CPU_SINGLETHREAD: 1403.4085102888871
  CPU_PHYSICS: 220.18811003769349
  CPU_MATRIX_MULT_SSE: 772.2751725838973
  CPU_mm: 155.8386211053938
  CPU_sse: 629.87441407595338
  CPU_fma: 932.31924444567017
  CPU_avx: 754.63185923006859
  CPU_avx512: 0
  m_CPU_enc_SHA: 2284264530.0448327
  m_CPU_enc_AES: 1579650561.5746062
  m_CPU_enc_ECDSA: 1216085637.4744942
  ME_ALLOC_S: 494.44878441726951
  ME_READ_S: 14762.787890625001
  ME_READ_L: 11672.017578125
  ME_WRITE: 7836.33056640625
  ME_LARGE: 617.16666666666663
  ME_LATENCY: 62.286362028430624
  ME_THREADED: 16927.298828125
  SUMM_CPU: 1876.3446035742256
  SUMM_ME: 870.60601622540491
SystemInformation:
  OSName: Ubuntu 24.04.1 LTS
  Kernel: 6.8.0-1016-aws
  Device: ""
  Processor: AMD EPYC 7571
  NumSockets: 1
  Manufacturer: AuthenticAMD
  NumCores: 1
  NumLogicals: 2
  CPUFrequency: 0
  Memory: 7780
  MemModuleInfo:
    iNumMemSticks: 1
    DIMM 1:
      manufacturer: Not Specified
      modulePartNo: Not Specified
      memType: DDR4
      size: 8
      clkspeed: 1333
      moduleVoltage: 0
Checksum: 9732D49A688453C199CF25B5D3FA28308812520C