BaselineInfo:
  WebDBID: -1
  TimeStamp: 20241114214626
Version:
  Major: 11
  Minor: 0
  Build: 1002
  SpecialBuildName: ""
  ptArchitecture: x86_64_linux
Results:
  Results Complete: true
  NumTestProcesses: 2
  CPU_INTEGER_MATH: 5108.6393333333335
  CPU_FLOATINGPOINT_MATH: 2711.9309273602112
  CPU_PRIME: 8.6137681033725944
  CPU_SORTING: 3238.7552866818223
  CPU_ENCRYPTION: 1604.2179063774936
  CPU_COMPRESSION: 21314.778871136121
  CPU_SINGLETHREAD: 1400.7451090359275
  CPU_PHYSICS: 204.59793122916545
  CPU_MATRIX_MULT_SSE: 775.94818228954659
  CPU_mm: 155.54417260158402
  CPU_sse: 631.08285214792591
  CPU_fma: 931.49518770331542
  CPU_avx: 765.26650701739868
  CPU_avx512: 0
  m_CPU_enc_SHA: 2272976671.1956739
  m_CPU_enc_AES: 1576261251.6833971
  m_CPU_enc_ECDSA: 1197195263.3139892
  ME_ALLOC_S: 494.23931030255062
  ME_READ_S: 14604.2904296875
  ME_READ_L: 11107.548828125
  ME_WRITE: 7618.4951171875
  ME_LARGE: 625
  ME_LATENCY: 65.895590568361698
  ME_THREADED: 16536.765625
  SUMM_CPU: 1850.861205646597
  SUMM_ME: 861.19812886320403
SystemInformation:
  OSName: Ubuntu 24.04.1 LTS
  Kernel: 6.8.0-1018-aws
  Device: ""
  Processor: AMD EPYC 7571
  NumSockets: 1
  Manufacturer: AuthenticAMD
  NumCores: 1
  NumLogicals: 2
  CPUFrequency: 0
  Memory: 7780
  MemModuleInfo:
    iNumMemSticks: 1
    DIMM 1:
      manufacturer: Not Specified
      modulePartNo: Not Specified
      memType: DDR4
      size: 8
      clkspeed: 1333
      moduleVoltage: 0
Checksum: 59EBD606A826EC000550A5BA1A82F49083CCD376