BaselineInfo:
  WebDBID: -1
  TimeStamp: 20241110022313
Version:
  Major: 11
  Minor: 0
  Build: 1002
  SpecialBuildName: ""
  ptArchitecture: aarch64_linux
Results:
  Results Complete: true
  NumTestProcesses: 64
  CPU_INTEGER_MATH: 252348.55499999991
  CPU_FLOATINGPOINT_MATH: 191935.80090122277
  CPU_PRIME: 251.27502564494051
  CPU_SORTING: 175957.1388564595
  CPU_ENCRYPTION: 8682.7867109915569
  CPU_COMPRESSION: 304889.58129925589
  CPU_SINGLETHREAD: 1110.8303623256347
  CPU_PHYSICS: 4114.4304542468772
  CPU_MATRIX_MULT_SSE: 39758.45880223281
  CPU_mm: 6673.6110671166434
  CPU_sse: 33116.976977108832
  CPU_fma: 46399.940627356795
  CPU_avx: 0
  CPU_avx512: 0
  m_CPU_enc_SHA: 12871360484.329876
  m_CPU_enc_AES: 6026130248.5359869
  m_CPU_enc_ECDSA: 8416194541.9281797
  ME_ALLOC_S: 20438.008724187188
  ME_READ_S: 9483.96435546875
  ME_READ_L: 9203.9140625
  ME_WRITE: 12565.9365234375
  ME_LARGE: 240385.25
  ME_LATENCY: 69.522049242891697
  ME_THREADED: 171746.14086914062
  SUMM_CPU: 28067.804258413351
  SUMM_ME: 1851.7186712525925
SystemInformation:
  OSName: Ubuntu 24.04.1 LTS
  Kernel: 6.8.0-1016-aws
  Device: ""
  Processor: ARM Neoverse-N1 64 Core 0 MHz
  NumSockets: 1
  Manufacturer: ARM
  NumCores: 64
  NumLogicals: 64
  CPUFrequency: 0
  Memory: 253157
Checksum: 58785692F57527BA060220A2E9B2F085E428E093