---
system-info:
      stress-ng-version: 0.17.08
      run-by: root
      date-yyyy-mm-dd: 2024:09:15
      time-hh-mm-ss: 22:26:13
      epoch-secs: 1726439173
      hostname: sc-runner
      sysname: Linux
      nodename: sc-runner
      release: 6.8.0-1014-azure
      version: '#16-Ubuntu SMP Thu Aug 15 20:04:41 UTC 2024'
      machine: x86_64
      compiler: 'musl-gcc 13.2.1'
      uptime: 311
      totalram: 16766771200
      freeram: 6805884928
      sharedram: 42016768
      bufferram: 220708864
      totalswap: 0
      freeswap: 0
      pagesize: 4096
      cpus: 2
      cpus-online: 2
      ticks-per-second: 100

metrics:
    - stressor: cpu
      bogo-ops: 36811
      bogo-ops-per-second-usr-sys-time: 934.299608
      bogo-ops-per-second-real-time: 1840.545184
      wall-clock-time: 20.000052
      user-time: 39.385609
      system-time: 0.013958
      cpu-usage-per-instance: 98.498660
      max-rss: 3248

...
