BaselineInfo:
  WebDBID: -1
  TimeStamp: 20241110182713
Version:
  Major: 11
  Minor: 0
  Build: 1002
  SpecialBuildName: ""
  ptArchitecture: x86_64_linux
Results:
  Results Complete: true
  NumTestProcesses: 128
  CPU_INTEGER_MATH: 292626.9259999998
  CPU_FLOATINGPOINT_MATH: 156953.96164301079
  CPU_PRIME: 469.14973028498974
  CPU_SORTING: 149867.24635981451
  CPU_ENCRYPTION: 40265.406942228597
  CPU_COMPRESSION: 1273966.5813986633
  CPU_SINGLETHREAD: 1488.35328142088
  CPU_PHYSICS: 7794.2952540090491
  CPU_MATRIX_MULT_SSE: 93906.945089667788
  CPU_mm: 8886.9774066576174
  CPU_sse: 31816.319133953846
  CPU_fma: 108708.90243288198
  CPU_avx: 76803.680721423967
  CPU_avx512: 158298.87807041136
  m_CPU_enc_SHA: 13227398432.43515
  m_CPU_enc_AES: 101617306174.26518
  m_CPU_enc_ECDSA: 11819313442.86253
  ME_ALLOC_S: 17745.120665007624
  ME_READ_S: 18343.586523437501
  ME_READ_L: 9391.4638671875
  ME_WRITE: 8347.85546875
  ME_LARGE: 2047329.1666666667
  ME_LATENCY: 58.680918821051414
  ME_THREADED: 434216.26977539062
  SUMM_CPU: 53128.312494369326
  SUMM_ME: 2334.2600776787149
SystemInformation:
  OSName: Ubuntu 24.04.1 LTS
  Kernel: 6.8.0-1017-azure
  Device: ""
  Processor: Intel Xeon Platinum 8280M CPU @ 2.70GHz
  NumSockets: 4
  Manufacturer: GenuineIntel
  NumCores: 64
  NumLogicals: 128
  CPUFrequency: 0
  Memory: 2064219
  MemModuleInfo:
    iNumMemSticks: 6
    DIMM 1:
      manufacturer: Microsoft Corporation
      modulePartNo: None
      memType: Unknown
      size: 1
      clkspeed: 0
      moduleVoltage: 0
    DIMM 2:
      manufacturer: Microsoft Corporation
      modulePartNo: None
      memType: Unknown
      size: 60928
      clkspeed: 0
      moduleVoltage: 0
    DIMM 3:
      manufacturer: Microsoft Corporation
      modulePartNo: None
      memType: Unknown
      size: 462336
      clkspeed: 0
      moduleVoltage: 0
    DIMM 4:
      manufacturer: Microsoft Corporation
      modulePartNo: None
      memType: Unknown
      size: 512
      clkspeed: 0
      moduleVoltage: 0
    DIMM 5:
      manufacturer: Microsoft Corporation
      modulePartNo: None
      memType: Unknown
      size: 512
      clkspeed: 0
      moduleVoltage: 0
    DIMM 6:
      manufacturer: Microsoft Corporation
      modulePartNo: None
      memType: Unknown
      size: 512
      clkspeed: 0
      moduleVoltage: 0
Checksum: A281A511446E2C1EADF895DDAF28B29558521D7A