---
system-info:
      stress-ng-version: 0.17.08
      run-by: root
      date-yyyy-mm-dd: 2024:07:02
      time-hh-mm-ss: 11:13:23
      epoch-secs: 1719918803
      hostname: n2d-highmem-32-d5e2417
      sysname: Linux
      nodename: n2d-highmem-32-d5e2417
      release: 6.8.0-1009-gcp
      version: '#10-Ubuntu SMP Wed Jun 12 18:52:23 UTC 2024'
      machine: x86_64
      compiler: 'musl-gcc 13.2.1'
      uptime: 192
      totalram: 270453714944
      freeram: 264475795456
      sharedram: 68624384
      bufferram: 128204800
      totalswap: 0
      freeswap: 0
      pagesize: 4096
      cpus: 32
      cpus-online: 32
      ticks-per-second: 100

metrics:
    - stressor: cpu
      bogo-ops: 53623
      bogo-ops-per-second-usr-sys-time: 2681.274947
      bogo-ops-per-second-real-time: 2681.140092
      wall-clock-time: 20.000074
      user-time: 19.998069
      system-time: 0.000999
      cpu-usage-per-instance: 99.994970
      max-rss: 1032

...
