BaselineInfo:
  WebDBID: -1
  TimeStamp: 20241111095500
Version:
  Major: 11
  Minor: 0
  Build: 1002
  SpecialBuildName: ""
  ptArchitecture: x86_64_linux
Results:
  Results Complete: true
  NumTestProcesses: 8
  CPU_INTEGER_MATH: 32882.561333333339
  CPU_FLOATINGPOINT_MATH: 18229.353095327213
  CPU_PRIME: 68.526431935102337
  CPU_SORTING: 17620.772134837713
  CPU_ENCRYPTION: 8545.5212625972417
  CPU_COMPRESSION: 128759.49216066008
  CPU_SINGLETHREAD: 1916.1829031887755
  CPU_PHYSICS: 1325.9369085477686
  CPU_MATRIX_MULT_SSE: 7246.005306277274
  CPU_mm: 889.25852263186528
  CPU_sse: 3774.929975151083
  CPU_fma: 10181.184591060657
  CPU_avx: 7781.9013526200843
  CPU_avx512: 0
  m_CPU_enc_SHA: 12394559289.631346
  m_CPU_enc_AES: 7921636169.6688938
  m_CPU_enc_ECDSA: 6565690051.0472555
  ME_ALLOC_S: 3310.0584187734676
  ME_READ_S: 23463.222070312499
  ME_READ_L: 13283.8134765625
  ME_WRITE: 13328.39453125
  ME_LARGE: 1013.9166666666666
  ME_LATENCY: 85.57137905637255
  ME_THREADED: 63906.41552734375
  SUMM_CPU: 11544.051118272124
  SUMM_ME: 1275.4242102627047
SystemInformation:
  OSName: Ubuntu 24.04.1 LTS
  Kernel: 6.8.0-1015-gcp
  Device: ""
  Processor: AMD EPYC 7B12
  NumSockets: 1
  Manufacturer: AuthenticAMD
  NumCores: 4
  NumLogicals: 8
  CPUFrequency: 0
  Memory: 7937
  MemModuleInfo:
    iNumMemSticks: 1
    DIMM 1:
      manufacturer: ""
      modulePartNo: ""
      memType: RAM
      size: 8
      clkspeed: 0
      moduleVoltage: 0
Checksum: CBFF4D88CBD706DC7DF4AFE2A1B492D9260578B5