---
system-info:
      stress-ng-version: 0.17.08
      run-by: root
      date-yyyy-mm-dd: 2024:09:22
      time-hh-mm-ss: 03:40:19
      epoch-secs: 1726976419
      hostname: sc-runner
      sysname: Linux
      nodename: sc-runner
      release: 6.8.0-1014-azure
      version: '#16-Ubuntu SMP Thu Aug 15 20:04:41 UTC 2024'
      machine: x86_64
      compiler: 'musl-gcc 13.2.1'
      uptime: 308
      totalram: 135066296320
      freeram: 124618903552
      sharedram: 38223872
      bufferram: 256847872
      totalswap: 0
      freeswap: 0
      pagesize: 4096
      cpus: 16
      cpus-online: 16
      ticks-per-second: 100

metrics:
    - stressor: cpu
      bogo-ops: 432501
      bogo-ops-per-second-usr-sys-time: 1354.064772
      bogo-ops-per-second-real-time: 21624.974097
      wall-clock-time: 20.000070
      user-time: 319.385406
      system-time: 0.023982
      cpu-usage-per-instance: 99.815083
      max-rss: 3252

...
