---
system-info:
      stress-ng-version: 0.17.08
      run-by: root
      date-yyyy-mm-dd: 2024:06:16
      time-hh-mm-ss: 09:22:41
      epoch-secs: 1718529761
      hostname: 4d5aaca1b435
      sysname: Linux
      nodename: 4d5aaca1b435
      release: 6.8.0-1008-aws
      version: '#8-Ubuntu SMP Sat Apr 20 02:43:14 UTC 2024'
      machine: aarch64
      compiler: 'musl-gcc 13.2.1'
      uptime: 132
      totalram: 16534200320
      freeram: 12296151040
      sharedram: 35024896
      bufferram: 108736512
      totalswap: 0
      freeswap: 0
      pagesize: 4096
      cpus: 2
      cpus-online: 2
      ticks-per-second: 100

metrics:
    - stressor: cpu
      bogo-ops: 60411
      bogo-ops-per-second-usr-sys-time: 1519.786011
      bogo-ops-per-second-real-time: 3020.539018
      wall-clock-time: 20.000073
      user-time: 39.741681
      system-time: 0.007994
      cpu-usage-per-instance: 99.373826
      max-rss: 1192

...
