---
system-info:
      stress-ng-version: 0.17.08
      run-by: root
      date-yyyy-mm-dd: 2024:06:07
      time-hh-mm-ss: 13:44:41
      epoch-secs: 1717767881
      hostname: 6c0a34517198
      sysname: Linux
      nodename: 6c0a34517198
      release: 6.8.0-1008-aws
      version: '#8-Ubuntu SMP Sat Apr 20 02:43:14 UTC 2024'
      machine: aarch64
      compiler: 'musl-gcc 13.2.1'
      uptime: 128
      totalram: 16534200320
      freeram: 12391038976
      sharedram: 35024896
      bufferram: 90017792
      totalswap: 0
      freeswap: 0
      pagesize: 4096
      cpus: 2
      cpus-online: 2
      ticks-per-second: 100

metrics:
    - stressor: cpu
      bogo-ops: 5739
      bogo-ops-per-second-usr-sys-time: 288.699272
      bogo-ops-per-second-real-time: 572.906890
      wall-clock-time: 10.017335
      user-time: 19.874823
      system-time: 0.003994
      cpu-usage-per-instance: 99.222088
      max-rss: 4136

...
