---
system-info:
      stress-ng-version: 0.17.08
      run-by: root
      date-yyyy-mm-dd: 2024:06:06
      time-hh-mm-ss: 08:25:07
      epoch-secs: 1717662307
      hostname: ff2b6bd4570c
      sysname: Linux
      nodename: ff2b6bd4570c
      release: 6.8.0-1008-aws
      version: '#8-Ubuntu SMP Sat Apr 20 02:43:14 UTC 2024'
      machine: aarch64
      compiler: 'musl-gcc 13.2.1'
      uptime: 145
      totalram: 1920217088
      freeram: 209825792
      sharedram: 35020800
      bufferram: 68599808
      totalswap: 0
      freeswap: 0
      pagesize: 4096
      cpus: 1
      cpus-online: 1
      ticks-per-second: 100

metrics:
    - stressor: cpu
      bogo-ops: 2867
      bogo-ops-per-second-usr-sys-time: 292.364325
      bogo-ops-per-second-real-time: 286.694901
      wall-clock-time: 10.000178
      user-time: 9.805267
      system-time: 0.000991
      cpu-usage-per-instance: 98.060836
      max-rss: 4136

...
