---
system-info:
      stress-ng-version: 0.17.08
      run-by: root
      date-yyyy-mm-dd: 2024:06:14
      time-hh-mm-ss: 05:20:38
      epoch-secs: 1718342438
      hostname: 3f76e295536f
      sysname: Linux
      nodename: 3f76e295536f
      release: 6.8.0-1008-aws
      version: '#8-Ubuntu SMP Sat Apr 20 02:43:14 UTC 2024'
      machine: aarch64
      compiler: 'musl-gcc 13.2.1'
      uptime: 176
      totalram: 1920217088
      freeram: 123985920
      sharedram: 35016704
      bufferram: 94441472
      totalswap: 0
      freeswap: 0
      pagesize: 4096
      cpus: 1
      cpus-online: 1
      ticks-per-second: 100

metrics:
    - stressor: cpu
      bogo-ops: 29865
      bogo-ops-per-second-usr-sys-time: 1519.033080
      bogo-ops-per-second-real-time: 1493.239818
      wall-clock-time: 20.000136
      user-time: 19.656562
      system-time: 0.003971
      cpu-usage-per-instance: 98.301995
      max-rss: 1320

...
