---
system-info:
      stress-ng-version: 0.17.08
      run-by: root
      date-yyyy-mm-dd: 2024:09:22
      time-hh-mm-ss: 00:24:36
      epoch-secs: 1726964676
      hostname: sc-runner
      sysname: Linux
      nodename: sc-runner
      release: 6.8.0-1014-azure
      version: '#16-Ubuntu SMP Thu Aug 15 20:04:41 UTC 2024'
      machine: x86_64
      compiler: 'musl-gcc 13.2.1'
      uptime: 319
      totalram: 135066304512
      freeram: 124673515520
      sharedram: 38133760
      bufferram: 249692160
      totalswap: 0
      freeswap: 0
      pagesize: 4096
      cpus: 16
      cpus-online: 16
      ticks-per-second: 100

metrics:
    - stressor: cpu
      bogo-ops: 53982
      bogo-ops-per-second-usr-sys-time: 2699.074629
      bogo-ops-per-second-real-time: 2699.088578
      wall-clock-time: 20.000085
      user-time: 19.996189
      system-time: 0.003999
      cpu-usage-per-instance: 100.000517
      max-rss: 1104

...
