---
system-info:
      stress-ng-version: 0.17.08
      run-by: root
      date-yyyy-mm-dd: 2024:09:20
      time-hh-mm-ss: 12:35:12
      epoch-secs: 1726835712
      hostname: sc-runner
      sysname: Linux
      nodename: sc-runner
      release: 6.8.0-1014-azure
      version: '#16-Ubuntu SMP Thu Aug 15 20:04:41 UTC 2024'
      machine: x86_64
      compiler: 'musl-gcc 13.2.1'
      uptime: 316
      totalram: 33652326400
      freeram: 23427469312
      sharedram: 38117376
      bufferram: 252334080
      totalswap: 0
      freeswap: 0
      pagesize: 4096
      cpus: 4
      cpus-online: 4
      ticks-per-second: 100

metrics:
    - stressor: cpu
      bogo-ops: 107787
      bogo-ops-per-second-usr-sys-time: 1354.421037
      bogo-ops-per-second-real-time: 5389.331256
      wall-clock-time: 20.000070
      user-time: 79.569615
      system-time: 0.011990
      cpu-usage-per-instance: 99.476660
      max-rss: 3152

...
