size_kb,operation,bandwidth_mb_s,latency_ns,latency_stddev_ns,latency_samples,threads,iterations,elapsed_s
32,read,248795.25,0,0,0,4,755285,0.379471
32,write,249277.27,0,0,0,4,409165,0.205176
32,copy,165442.94,0,0,0,4,361794,0.273353
32,latency,0,0.98,0.05,10,1,10,0.206327
128,read,249073.12,0,0,0,4,213310,0.428208
128,write,247729.31,0,0,0,4,193498,0.390543
128,copy,170650.74,0,0,0,4,136462,0.399828
128,latency,0,2.68,0.00,7,1,7,0.671747
512,read,231749.35,0,0,0,4,59865,0.516636
512,write,245426.58,0,0,0,4,55102,0.449030
512,copy,110430.96,0,0,0,4,25393,0.459889
512,latency,0,3.73,0.00,7,1,7,0.698246
1024,read,215529.25,0,0,0,4,24594,0.456439
1024,write,220228.71,0,0,0,4,24888,0.452039
1024,copy,98754.07,0,0,0,4,10081,0.408327
1024,latency,0,5.11,0.02,7,1,7,0.706464
2048,read,196137.34,0,0,0,4,11989,0.489004
2048,write,195609.82,0,0,0,4,12351,0.505128
2048,copy,97188.25,0,0,0,4,5801,0.477506
2048,latency,0,9.73,0.01,7,1,7,0.693764
8192,read,159225.63,0,0,0,4,1286,0.258451
8192,write,144255.48,0,0,0,4,1276,0.283053
8192,copy,38742.42,0,0,0,4,919,0.759065
8192,latency,0,10.92,0.03,7,1,7,0.708357
16384,read,85916.65,0,0,0,4,785,0.584753
16384,write,44565.04,0,0,0,4,713,1.023942
16384,copy,20619.06,0,0,0,4,389,1.207426
16384,latency,0,11.97,0.45,7,1,7,0.679806
32768,read,53199.78,0,0,0,4,319,0.767522
32768,write,31347.80,0,0,0,4,234,0.955474
32768,copy,18286.20,0,0,0,4,138,0.965974
32768,latency,0,67.17,8.54,21,1,21,3.313509
65536,read,46359.88,0,0,0,4,145,0.800692
65536,write,26716.46,0,0,0,4,99,0.948629
65536,copy,17723.31,0,0,0,4,62,0.895544
65536,latency,0,93.07,2.10,7,1,7,4.070278
131072,read,43942.58,0,0,0,4,76,0.885519
131072,write,25622.10,0,0,0,4,48,0.959172
131072,copy,17569.21,0,0,0,4,32,0.932541
131072,latency,0,110.94,1.76,7,1,7,9.642444
