BaselineInfo:
  WebDBID: -1
  TimeStamp: 20241107185817
Version:
  Major: 11
  Minor: 0
  Build: 1002
  SpecialBuildName: ""
  ptArchitecture: x86_64_linux
Results:
  Results Complete: true
  NumTestProcesses: 2
  CPU_INTEGER_MATH: 8262.1990000000005
  CPU_FLOATINGPOINT_MATH: 4578.1425569634921
  CPU_PRIME: 19.833289168213156
  CPU_SORTING: 4609.2078956504847
  CPU_ENCRYPTION: 2142.944847101171
  CPU_COMPRESSION: 32695.921282129821
  CPU_SINGLETHREAD: 2314.1067696383857
  CPU_PHYSICS: 396.96711267498182
  CPU_MATRIX_MULT_SSE: 1741.6854749735814
  CPU_mm: 222.21719961185536
  CPU_sse: 947.36389171978931
  CPU_fma: 2575.7961404877169
  CPU_avx: 1701.8963927132386
  CPU_avx512: 0
  m_CPU_enc_SHA: 3101437959.2434783
  m_CPU_enc_AES: 1988097186.9712439
  m_CPU_enc_ECDSA: 1651586461.7671504
  ME_ALLOC_S: 882.47716831214507
  ME_READ_S: 24062.077539062499
  ME_READ_L: 18091.126953125
  ME_WRITE: 17405.14453125
  ME_LARGE: 54307
  ME_LATENCY: 67.625003790679699
  ME_THREADED: 22170.3955078125
  SUMM_CPU: 3136.9444613422093
  SUMM_ME: 2116.1269383838799
SystemInformation:
  OSName: Ubuntu 24.04.1 LTS
  Kernel: 6.8.0-1017-azure
  Device: ""
  Processor: AMD EPYC 7763 64-Core Processor
  NumSockets: 1
  Manufacturer: AuthenticAMD
  NumCores: 1
  NumLogicals: 2
  CPUFrequency: 0
  Memory: 64302
  MemModuleInfo:
    iNumMemSticks: 3
    DIMM 1:
      manufacturer: Microsoft Corporation
      modulePartNo: None
      memType: Unknown
      size: 1
      clkspeed: 0
      moduleVoltage: 0
    DIMM 2:
      manufacturer: Microsoft Corporation
      modulePartNo: None
      memType: Unknown
      size: 59
      clkspeed: 0
      moduleVoltage: 0
    DIMM 3:
      manufacturer: Microsoft Corporation
      modulePartNo: None
      memType: Unknown
      size: 4
      clkspeed: 0
      moduleVoltage: 0
Checksum: 025E5B0B8B16615F45A7B72B32B9436B8C8B74C7