BaselineInfo:
  WebDBID: -1
  TimeStamp: 20260403211240
Version:
  Major: 11
  Minor: 0
  Build: 1004
  SpecialBuildName: ""
  ptArchitecture: x86_64_linux
Results:
  Results Complete: true
  NumTestProcesses: 4
  CPU_INTEGER_MATH: 16556.987000000001
  CPU_FLOATINGPOINT_MATH: 9109.9764506883585
  CPU_PRIME: 36.958641547836102
  CPU_SORTING: 9130.7542674263277
  CPU_ENCRYPTION: 4292.0254508854632
  CPU_COMPRESSION: 64965.898144655301
  CPU_SINGLETHREAD: 2372.3877770710064
  CPU_PHYSICS: 707.50459942161001
  CPU_MATRIX_MULT_SSE: 3606.4811636796289
  CPU_mm: 446.52401559855508
  CPU_sse: 1897.7269832282434
  CPU_fma: 5165.6782569194493
  CPU_avx: 3756.0382508911935
  CPU_avx512: 0
  m_CPU_enc_SHA: 6211623119.5575056
  m_CPU_enc_AES: 3970809528.3830009
  m_CPU_enc_ECDSA: 3319111989.6225185
  ME_ALLOC_S: 1791.0819740908828
  ME_READ_S: 23554.447851562501
  ME_READ_L: 15086.0302734375
  ME_WRITE: 13059.4169921875
  ME_LARGE: 1790.9166666666667
  ME_LATENCY: 62.534006086614262
  ME_THREADED: 29760.60400390625
  SUMM_CPU: 6143.6075217137741
  SUMM_ME: 1649.6453823180009
SystemInformation:
  OSName: Ubuntu 24.04.4 LTS
  Kernel: 6.8.0-106-generic
  Device: ""
  Processor: "AMD EPYC 7T83 64-Core Processor                "
  NumSockets: 1
  Manufacturer: AuthenticAMD
  NumCores: 2
  NumLogicals: 4
  CPUFrequency: 0
  CPUMaxFrequency: 0
  Memory: 7288
  CPUInfo:
    number: 1
    Family: 15
    Model: 1
    stepping: 1
    features: 395049983
    manufacture: AuthenticAMD
    typestring: "AMD EPYC 7T83 64-Core Processor                "
    iCoresPerPackage: 2
    iThreadsPerPackage: 2
    featuresEx:
      - 395049983
      - 4277809667
      - 802421759
    bHybrid: false
    nPCore: 0
    nLogicalsPerPCore: 0
    nECore: 0
    nLogicalsPerECore: 0
  MemModuleInfo:
    iNumMemSticks: 1
    DIMM 1:
      manufacturer: Alibaba Cloud
      modulePartNo: Not Specified
      memType: RAM
      size: 8
      clkspeed: 0
      moduleVoltage: 0
Checksum: 61982B74B35FAEED2F635775817F5F7A174A341C