---
system-info:
      stress-ng-version: 0.17.08
      run-by: root
      date-yyyy-mm-dd: 2024:06:26
      time-hh-mm-ss: 17:12:27
      epoch-secs: 1719421947
      hostname: c3-highmem-4-ca1c797.us-east4-a.c.algebraic-pier-412621.internal
      sysname: Linux
      nodename: c3-highmem-4-ca1c797.us-east4-a.c.algebraic-pier-412621.internal
      release: 6.8.0-1009-gcp
      version: '#10-Ubuntu SMP Wed Jun 12 18:52:23 UTC 2024'
      machine: x86_64
      compiler: 'musl-gcc 13.2.1'
      uptime: 140
      totalram: 33652576256
      freeram: 28632211456
      sharedram: 111501312
      bufferram: 124399616
      totalswap: 0
      freeswap: 0
      pagesize: 4096
      cpus: 4
      cpus-online: 4
      ticks-per-second: 100

metrics:
    - stressor: cpu
      bogo-ops: 32409
      bogo-ops-per-second-usr-sys-time: 1620.458913
      bogo-ops-per-second-real-time: 1620.443954
      wall-clock-time: 20.000075
      user-time: 19.999890
      system-time: 0.000000
      cpu-usage-per-instance: 99.999077
      max-rss: 1104

...
