---
system-info:
      stress-ng-version: 0.17.08
      run-by: root
      date-yyyy-mm-dd: 2024:06:09
      time-hh-mm-ss: 23:42:09
      epoch-secs: 1717976529
      hostname: f3283393f3e5
      sysname: Linux
      nodename: f3283393f3e5
      release: 6.8.0-1008-aws
      version: '#8-Ubuntu SMP Sat Apr 20 00:46:25 UTC 2024'
      machine: x86_64
      compiler: 'musl-gcc 13.2.1'
      uptime: 157
      totalram: 1597804167168
      freeram: 1590424412160
      sharedram: 225759232
      bufferram: 115322880
      totalswap: 0
      freeswap: 0
      pagesize: 4096
      cpus: 192
      cpus-online: 192
      ticks-per-second: 100

metrics:
    - stressor: cpu
      bogo-ops: 2654470
      bogo-ops-per-second-usr-sys-time: 1387.231641
      bogo-ops-per-second-real-time: 265407.664872
      wall-clock-time: 10.001482
      user-time: 1913.289764
      system-time: 0.211861
      cpu-usage-per-instance: 99.646775
      max-rss: 3072

...
