---
system-info:
      stress-ng-version: 0.17.08
      run-by: root
      date-yyyy-mm-dd: 2024:06:16
      time-hh-mm-ss: 04:23:35
      epoch-secs: 1718511815
      hostname: 3011f1831e0f
      sysname: Linux
      nodename: 3011f1831e0f
      release: 6.8.0-1008-aws
      version: '#8-Ubuntu SMP Sat Apr 20 00:46:25 UTC 2024'
      machine: x86_64
      compiler: 'musl-gcc 13.2.1'
      uptime: 159
      totalram: 1597804134400
      freeram: 1591102861312
      sharedram: 225759232
      bufferram: 110645248
      totalswap: 0
      freeswap: 0
      pagesize: 4096
      cpus: 192
      cpus-online: 192
      ticks-per-second: 100

metrics:
    - stressor: cpu
      bogo-ops: 3389128
      bogo-ops-per-second-usr-sys-time: 883.600610
      bogo-ops-per-second-real-time: 169455.666399
      wall-clock-time: 20.000087
      user-time: 3835.533158
      system-time: 0.054958
      cpu-usage-per-instance: 99.884675
      max-rss: 0

...
