BaselineInfo:
  WebDBID: -1
  TimeStamp: 20260405010949
Version:
  Major: 11
  Minor: 0
  Build: 1004
  SpecialBuildName: ""
  ptArchitecture: x86_64_linux
Results:
  Results Complete: true
  NumTestProcesses: 4
  CPU_INTEGER_MATH: 10445.425333333333
  CPU_FLOATINGPOINT_MATH: 6590.33677139061
  CPU_PRIME: 29.043616480630664
  CPU_SORTING: 6658.2382933409572
  CPU_ENCRYPTION: 1014.1030010580859
  CPU_COMPRESSION: 45605.292677339188
  CPU_SINGLETHREAD: 1857.7430169196728
  CPU_PHYSICS: 500.86823053720366
  CPU_MATRIX_MULT_SSE: 2100.6399090154441
  CPU_mm: 315.3335929932822
  CPU_sse: 1276.7759562020103
  CPU_fma: 2947.4197343162787
  CPU_avx: 2077.7240365280431
  CPU_avx512: 0
  m_CPU_enc_SHA: 457329752.12034404
  m_CPU_enc_AES: 2313522246.5046549
  m_CPU_enc_ECDSA: 419240206.68745118
  ME_ALLOC_S: 1137.2229420050912
  ME_READ_S: 20687.151757812499
  ME_READ_L: 6566.19775390625
  ME_WRITE: 6155.015625
  ME_LARGE: 9881.4166666666661
  ME_LATENCY: 71.914027586438422
  ME_THREADED: 18600.3515625
  SUMM_CPU: 3451.8555287429999
  SUMM_ME: 1529.9847439149455
SystemInformation:
  OSName: Ubuntu 24.04.4 LTS
  Kernel: 6.8.0-106-generic
  Device: ""
  Processor: Intel(R) Xeon(R) CPU E5-2682 v4 @ 2.50GHz
  NumSockets: 1
  Manufacturer: GenuineIntel
  NumCores: 2
  NumLogicals: 4
  CPUFrequency: 0
  CPUMaxFrequency: 0
  Memory: 29697
  CPUInfo:
    number: 1
    Family: 6
    Model: 15
    stepping: 1
    features: 529267711
    manufacture: GenuineIntel
    typestring: Intel(R) Xeon(R) CPU E5-2682 v4 @ 2.50GHz
    iCoresPerPackage: 2
    iThreadsPerPackage: 2
    featuresEx:
      - 529267711
      - 4294586883
      - 739248128
    bHybrid: false
    nPCore: 0
    nLogicalsPerPCore: 0
    nECore: 0
    nLogicalsPerECore: 0
  MemModuleInfo:
    iNumMemSticks: 2
    DIMM 1:
      manufacturer: Alibaba Cloud
      modulePartNo: Not Specified
      memType: RAM
      size: 16
      clkspeed: 0
      moduleVoltage: 0
    DIMM 2:
      manufacturer: Alibaba Cloud
      modulePartNo: Not Specified
      memType: RAM
      size: 14
      clkspeed: 0
      moduleVoltage: 0
Checksum: 79CB94332543CFC9D43D7F202F3B6BC94CD40A6E