---
system-info:
      stress-ng-version: 0.17.08
      run-by: root
      date-yyyy-mm-dd: 2024:09:16
      time-hh-mm-ss: 22:25:48
      epoch-secs: 1726525548
      hostname: sc-runner
      sysname: Linux
      nodename: sc-runner
      release: 6.8.0-1014-azure
      version: '#16-Ubuntu SMP Thu Aug 15 20:04:41 UTC 2024'
      machine: x86_64
      compiler: 'musl-gcc 13.2.1'
      uptime: 342
      totalram: 135069106176
      freeram: 124755030016
      sharedram: 42057728
      bufferram: 255401984
      totalswap: 0
      freeswap: 0
      pagesize: 4096
      cpus: 8
      cpus-online: 8
      ticks-per-second: 100

metrics:
    - stressor: cpu
      bogo-ops: 28240
      bogo-ops-per-second-usr-sys-time: 1412.101389
      bogo-ops-per-second-real-time: 1411.993469
      wall-clock-time: 20.000093
      user-time: 19.997565
      system-time: 0.000999
      cpu-usage-per-instance: 99.992358
      max-rss: 3280

...
