BaselineInfo:
  WebDBID: -1
  TimeStamp: 20260206211606
Version:
  Major: 11
  Minor: 0
  Build: 1004
  SpecialBuildName: ""
  ptArchitecture: x86_64_linux
Results:
  Results Complete: true
  NumTestProcesses: 128
  CPU_INTEGER_MATH: 659927.88899999997
  CPU_FLOATINGPOINT_MATH: 477860.48476881959
  CPU_PRIME: 1082.7461029428957
  CPU_SORTING: 328424.06121534441
  CPU_ENCRYPTION: 144361.96354450731
  CPU_COMPRESSION: 2542520.1125816824
  CPU_SINGLETHREAD: 3269.5691611383963
  CPU_PHYSICS: 19047.118867432739
  CPU_MATRIX_MULT_SSE: 176334.95388934249
  CPU_mm: 19187.955855856017
  CPU_sse: 78848.456716156797
  CPU_fma: 206903.93641637397
  CPU_avx: 165739.00693641516
  CPU_avx512: 253848.41548842404
  m_CPU_enc_SHA: 153149710591.9494
  m_CPU_enc_AES: 200059153856.5947
  m_CPU_enc_ECDSA: 100914606408.39163
  ME_ALLOC_S: 34632.337256932704
  ME_READ_S: 28729.0859375
  ME_READ_L: 16339.6142578125
  ME_WRITE: 11692.7470703125
  ME_LARGE: 238338.66666666666
  ME_LATENCY: 66.281949561140223
  ME_THREADED: 411361.9208984375
  SUMM_CPU: 123092.36345687129
  SUMM_ME: 2782.8288679154425
SystemInformation:
  OSName: Ubuntu 24.04.3 LTS
  Kernel: 6.14.0-1018-aws
  Device: ""
  Processor: Intel(R) Xeon(R) 6975P-C
  NumSockets: 1
  Manufacturer: GenuineIntel
  NumCores: 64
  NumLogicals: 128
  CPUFrequency: 0
  CPUMaxFrequency: 0
  Memory: 253789
  CPUInfo:
    number: 1
    Family: 6
    Model: 13
    stepping: 1
    features: 529267711
    manufacture: GenuineIntel
    typestring: Intel(R) Xeon(R) 6975P-C
    iCoresPerPackage: 64
    iThreadsPerPackage: 2
    featuresEx:
      - 529267711
      - 4294619651
      - 739248128
    bHybrid: false
    nPCore: 0
    nLogicalsPerPCore: 0
    nECore: 0
    nLogicalsPerECore: 0
  MemModuleInfo:
    iNumMemSticks: 2
    DIMM 1:
      manufacturer: Not Specified
      modulePartNo: Not Specified
      memType: DDR5
      size: 128
      clkspeed: 3600
      moduleVoltage: 0
    DIMM 2:
      manufacturer: Not Specified
      modulePartNo: Not Specified
      memType: DDR5
      size: 128
      clkspeed: 3600
      moduleVoltage: 0
Checksum: BE1C8E1CF6E7E2B9B0E0C3657C0601E06CE92A3E