BaselineInfo:
  WebDBID: -1
  TimeStamp: 20241110153340
Version:
  Major: 11
  Minor: 0
  Build: 1002
  SpecialBuildName: ""
  ptArchitecture: x86_64_linux
Results:
  Results Complete: true
  NumTestProcesses: 96
  CPU_INTEGER_MATH: 402601.0033333333
  CPU_FLOATINGPOINT_MATH: 205812.63305066002
  CPU_PRIME: 475.46705003738458
  CPU_SORTING: 200927.95659642207
  CPU_ENCRYPTION: 87174.8757007315
  CPU_COMPRESSION: 1454643.291297714
  CPU_SINGLETHREAD: 2372.9307828335232
  CPU_PHYSICS: 8136.4048556726984
  CPU_MATRIX_MULT_SSE: 85416.084542322962
  CPU_mm: 8676.1982348765941
  CPU_sse: 37803.207703160217
  CPU_fma: 102909.49553607084
  CPU_avx: 77381.277815604044
  CPU_avx512: 123570.35711445662
  m_CPU_enc_SHA: 88125492691.824554
  m_CPU_enc_AES: 132620754853.14432
  m_CPU_enc_ECDSA: 53482199843.34166
  ME_ALLOC_S: 30422.466692948168
  ME_READ_S: 24279.494140625
  ME_READ_L: 11957.544921875
  ME_WRITE: 11204.35546875
  ME_LARGE: 1521718.0833333333
  ME_LATENCY: 60.447312330396919
  ME_THREADED: 320388.65551757812
  SUMM_CPU: 76040.070981044992
  SUMM_ME: 2671.7472106055034
SystemInformation:
  OSName: Ubuntu 24.04.1 LTS
  Kernel: 6.8.0-1016-aws
  Device: ""
  Processor: Intel Xeon Platinum 8375C CPU @ 2.90GHz
  NumSockets: 2
  Manufacturer: GenuineIntel
  NumCores: 48
  NumLogicals: 96
  CPUFrequency: 0
  Memory: 1535913
  MemModuleInfo:
    iNumMemSticks: 2
    DIMM 1:
      manufacturer: Not Specified
      modulePartNo: Not Specified
      memType: DDR4
      size: 768
      clkspeed: 1600
      moduleVoltage: 0
    DIMM 2:
      manufacturer: Not Specified
      modulePartNo: Not Specified
      memType: DDR4
      size: 768
      clkspeed: 1600
      moduleVoltage: 0
Checksum: 78EF1DFF834B498BB21DD1BBDF569FB237486906