BaselineInfo:
  WebDBID: -1
  TimeStamp: 20241107201934
Version:
  Major: 11
  Minor: 0
  Build: 1002
  SpecialBuildName: ""
  ptArchitecture: x86_64_linux
Results:
  Results Complete: true
  NumTestProcesses: 8
  CPU_INTEGER_MATH: 19562.156666666666
  CPU_FLOATINGPOINT_MATH: 12048.336658534105
  CPU_PRIME: 35.800482731333858
  CPU_SORTING: 10417.101091941724
  CPU_ENCRYPTION: 2705.3329554725092
  CPU_COMPRESSION: 88350.762848235609
  CPU_SINGLETHREAD: 1637.0384147086638
  CPU_PHYSICS: 774.08820256422632
  CPU_MATRIX_MULT_SSE: 4383.5794700009055
  CPU_mm: 607.80186224764373
  CPU_sse: 2287.8793138439319
  CPU_fma: 6455.9030505608225
  CPU_avx: 4406.9560455979627
  CPU_avx512: 0
  m_CPU_enc_SHA: 884058362.49483025
  m_CPU_enc_AES: 6833960225.3800039
  m_CPU_enc_ECDSA: 792223039.47779262
  ME_ALLOC_S: 2417.6147582358954
  ME_READ_S: 19441.877343749999
  ME_READ_L: 10068.48046875
  ME_WRITE: 9290.740234375
  ME_LARGE: 19922.25
  ME_LATENCY: 57.385851398711452
  ME_THREADED: 44637.7021484375
  SUMM_CPU: 6656.2087450077224
  SUMM_ME: 2145.8867972162207
SystemInformation:
  OSName: Ubuntu 24.04.1 LTS
  Kernel: 6.8.0-1015-gcp
  Device: ""
  Processor: Intel Xeon CPU @ 2.30GHz
  NumSockets: 1
  Manufacturer: GenuineIntel
  NumCores: 4
  NumLogicals: 8
  CPUFrequency: 0
  Memory: 30077
  MemModuleInfo:
    iNumMemSticks: 2
    DIMM 1:
      manufacturer: ""
      modulePartNo: ""
      memType: RAM
      size: 16
      clkspeed: 0
      moduleVoltage: 0
    DIMM 2:
      manufacturer: ""
      modulePartNo: ""
      memType: RAM
      size: 14
      clkspeed: 0
      moduleVoltage: 0
Checksum: 462D5D1D4A64CB6257E94FE1EAF8B5E41A3CA9C3