BaselineInfo:
  WebDBID: -1
  TimeStamp: 20250212045903
Version:
  Major: 11
  Minor: 0
  Build: 1002
  SpecialBuildName: ""
  ptArchitecture: x86_64_linux
Results:
  Results Complete: true
  NumTestProcesses: 8
  CPU_INTEGER_MATH: 38249.167333333331
  CPU_FLOATINGPOINT_MATH: 27118.728533246805
  CPU_PRIME: 79.112900370635359
  CPU_SORTING: 19403.53208057172
  CPU_ENCRYPTION: 8440.7153187252734
  CPU_COMPRESSION: 140103.00123757718
  CPU_SINGLETHREAD: 2922.5406181517951
  CPU_PHYSICS: 1864.401408263423
  CPU_MATRIX_MULT_SSE: 11435.182468452727
  CPU_mm: 1082.1349758095159
  CPU_sse: 4683.4323993273065
  CPU_fma: 13016.584095694028
  CPU_avx: 9862.4688730945636
  CPU_avx512: 18178.244505695013
  m_CPU_enc_SHA: 8908609387.6643562
  m_CPU_enc_AES: 11596539745.94364
  m_CPU_enc_ECDSA: 6047045384.5350218
  ME_ALLOC_S: 5259.922554402845
  ME_READ_S: 26333.590039062499
  ME_READ_L: 10425.1962890625
  ME_WRITE: 9647.2509765625
  ME_LARGE: 21002.75
  ME_LATENCY: 58.632397171154906
  ME_THREADED: 63089.251953125
  SUMM_CPU: 14282.052154746068
  SUMM_ME: 2386.0491772996411
SystemInformation:
  OSName: Ubuntu 24.04.1 LTS
  Kernel: 6.8.0-1021-azure
  Device: ""
  Processor: INTEL XEON PLATINUM 8573C
  NumSockets: 1
  Manufacturer: GenuineIntel
  NumCores: 4
  NumLogicals: 8
  CPUFrequency: 2300
  Memory: 32091
  MemModuleInfo:
    iNumMemSticks: 2
    DIMM 1:
      manufacturer: Microsoft Corporation
      modulePartNo: None
      memType: Unknown
      size: 1
      clkspeed: 0
      moduleVoltage: 0
    DIMM 2:
      manufacturer: Microsoft Corporation
      modulePartNo: None
      memType: Unknown
      size: 31
      clkspeed: 0
      moduleVoltage: 0
Checksum: 9DAF0C1A153B7B6FE64E902D4F94153BCC722D5C