---
system-info:
      stress-ng-version: 0.17.08
      run-by: root
      date-yyyy-mm-dd: 2024:06:10
      time-hh-mm-ss: 04:27:44
      epoch-secs: 1717993664
      hostname: e03c876d93b7
      sysname: Linux
      nodename: e03c876d93b7
      release: 6.8.0-1008-aws
      version: '#8-Ubuntu SMP Sat Apr 20 00:46:25 UTC 2024'
      machine: x86_64
      compiler: 'musl-gcc 13.2.1'
      uptime: 170
      totalram: 2059354112
      freeram: 103182336
      sharedram: 48488448
      bufferram: 102989824
      totalswap: 0
      freeswap: 0
      pagesize: 4096
      cpus: 1
      cpus-online: 1
      ticks-per-second: 100

metrics:
    - stressor: cpu
      bogo-ops: 11528
      bogo-ops-per-second-usr-sys-time: 1178.711497
      bogo-ops-per-second-real-time: 1152.622228
      wall-clock-time: 10.001542
      user-time: 9.779181
      system-time: 0.000990
      cpu-usage-per-instance: 97.786628
      max-rss: 4104

...
