---
system-info:
      stress-ng-version: 0.17.08
      run-by: root
      date-yyyy-mm-dd: 2024:06:16
      time-hh-mm-ss: 06:45:08
      epoch-secs: 1718520308
      hostname: 7c93c66b2364
      sysname: Linux
      nodename: 7c93c66b2364
      release: 6.8.0-1008-aws
      version: '#8-Ubuntu SMP Sat Apr 20 00:46:25 UTC 2024'
      machine: x86_64
      compiler: 'musl-gcc 13.2.1'
      uptime: 175
      totalram: 2059354112
      freeram: 97488896
      sharedram: 32751616
      bufferram: 97206272
      totalswap: 0
      freeswap: 0
      pagesize: 4096
      cpus: 1
      cpus-online: 1
      ticks-per-second: 100

metrics:
    - stressor: cpu
      bogo-ops: 13837
      bogo-ops-per-second-usr-sys-time: 707.721323
      bogo-ops-per-second-real-time: 691.848416
      wall-clock-time: 20.000046
      user-time: 19.551481
      system-time: 0.000000
      cpu-usage-per-instance: 97.757181
      max-rss: 1104

...
