---
system-info:
      stress-ng-version: 0.17.08
      run-by: root
      date-yyyy-mm-dd: 2024:09:17
      time-hh-mm-ss: 09:25:54
      epoch-secs: 1726565154
      hostname: sc-runner
      sysname: Linux
      nodename: sc-runner
      release: 6.8.0-1014-azure
      version: '#16-Ubuntu SMP Thu Aug 15 20:04:41 UTC 2024'
      machine: x86_64
      compiler: 'musl-gcc 13.2.1'
      uptime: 318
      totalram: 405734858752
      freeram: 391966892032
      sharedram: 105431040
      bufferram: 328638464
      totalswap: 0
      freeswap: 0
      pagesize: 4096
      cpus: 48
      cpus-online: 48
      ticks-per-second: 100

metrics:
    - stressor: cpu
      bogo-ops: 37958
      bogo-ops-per-second-usr-sys-time: 1897.837941
      bogo-ops-per-second-real-time: 1897.894480
      wall-clock-time: 20.000058
      user-time: 19.999655
      system-time: 0.000999
      cpu-usage-per-instance: 100.002979
      max-rss: 1152

...
