---
system-info:
      stress-ng-version: 0.17.08
      run-by: root
      date-yyyy-mm-dd: 2024:06:14
      time-hh-mm-ss: 16:44:43
      epoch-secs: 1718383483
      hostname: 08d71433cfbe
      sysname: Linux
      nodename: 08d71433cfbe
      release: 6.8.0-1008-aws
      version: '#8-Ubuntu SMP Sat Apr 20 00:46:25 UTC 2024'
      machine: x86_64
      compiler: 'musl-gcc 13.2.1'
      uptime: 165
      totalram: 270418333696
      freeram: 265189715968
      sharedram: 95952896
      bufferram: 110141440
      totalswap: 0
      freeswap: 0
      pagesize: 4096
      cpus: 64
      cpus-online: 64
      ticks-per-second: 100

metrics:
    - stressor: cpu
      bogo-ops: 17217
      bogo-ops-per-second-usr-sys-time: 860.863645
      bogo-ops-per-second-real-time: 860.844941
      wall-clock-time: 20.000118
      user-time: 19.999683
      system-time: 0.000000
      cpu-usage-per-instance: 99.997827
      max-rss: 512

...
