---
system-info:
      stress-ng-version: 0.17.08
      run-by: root
      date-yyyy-mm-dd: 2024:06:08
      time-hh-mm-ss: 10:22:47
      epoch-secs: 1717842167
      hostname: a95256fa6263
      sysname: Linux
      nodename: a95256fa6263
      release: 6.8.0-1008-aws
      version: '#8-Ubuntu SMP Sat Apr 20 00:46:25 UTC 2024'
      machine: x86_64
      compiler: 'musl-gcc 13.2.1'
      uptime: 152
      totalram: 270418350080
      freeram: 265245110272
      sharedram: 95952896
      bufferram: 101257216
      totalswap: 0
      freeswap: 0
      pagesize: 4096
      cpus: 64
      cpus-online: 64
      ticks-per-second: 100

metrics:
    - stressor: cpu
      bogo-ops: 11519
      bogo-ops-per-second-usr-sys-time: 1151.856921
      bogo-ops-per-second-real-time: 1151.864463
      wall-clock-time: 10.000309
      user-time: 10.000374
      system-time: 0.000000
      cpu-usage-per-instance: 100.000655
      max-rss: 3072

...
