---
system-info:
      stress-ng-version: 0.17.08
      run-by: root
      date-yyyy-mm-dd: 2024:07:02
      time-hh-mm-ss: 16:53:59
      epoch-secs: 1719939239
      hostname: g2-standard-48-d44780c
      sysname: Linux
      nodename: g2-standard-48-d44780c
      release: 6.8.0-1009-gcp
      version: '#10-Ubuntu SMP Wed Jun 12 18:52:23 UTC 2024'
      machine: x86_64
      compiler: 'musl-gcc 13.2.1'
      uptime: 226
      totalram: 202598797312
      freeram: 194149765120
      sharedram: 42020864
      bufferram: 121438208
      totalswap: 0
      freeswap: 0
      pagesize: 4096
      cpus: 48
      cpus-online: 48
      ticks-per-second: 100

metrics:
    - stressor: cpu
      bogo-ops: 24009
      bogo-ops-per-second-usr-sys-time: 1200.590169
      bogo-ops-per-second-real-time: 1200.436033
      wall-clock-time: 20.000233
      user-time: 19.997665
      system-time: 0.000000
      cpu-usage-per-instance: 99.987162
      max-rss: 1152

...
