BaselineInfo:
  WebDBID: -1
  TimeStamp: 20260404121704
Version:
  Major: 11
  Minor: 0
  Build: 1004
  SpecialBuildName: ""
  ptArchitecture: x86_64_linux
Results:
  Results Complete: true
  NumTestProcesses: 8
  CPU_INTEGER_MATH: 19603.265666666666
  CPU_FLOATINGPOINT_MATH: 10542.971360335752
  CPU_PRIME: 46.562425313328916
  CPU_SORTING: 12210.783723183005
  CPU_ENCRYPTION: 2712.6761967590187
  CPU_COMPRESSION: 92983.507086118683
  CPU_SINGLETHREAD: 1675.8909143690128
  CPU_PHYSICS: 779.50376578319776
  CPU_MATRIX_MULT_SSE: 5880.8311681956429
  CPU_mm: 596.84021927381195
  CPU_sse: 2101.78242271915
  CPU_fma: 7286.5564704442486
  CPU_avx: 5152.8158181061353
  CPU_avx512: 8982.1699615130383
  m_CPU_enc_SHA: 887285611.29012203
  m_CPU_enc_AES: 6840695799.2130022
  m_CPU_enc_ECDSA: 805360056.57523
  ME_ALLOC_S: 2162.293689660708
  ME_READ_S: 19417.969335937501
  ME_READ_L: 6896.5732421875
  ME_WRITE: 7506.28466796875
  ME_LARGE: 18911.083333333332
  ME_LATENCY: 80.023558338619679
  ME_THREADED: 36782.21533203125
  SUMM_CPU: 7008.057254135625
  SUMM_ME: 1686.5286147682955
SystemInformation:
  OSName: Ubuntu 24.04.4 LTS
  Kernel: 6.8.0-106-generic
  Device: ""
  Processor: Intel(R) Xeon(R) Platinum 8163 CPU @ 2.50GHz
  NumSockets: 1
  Manufacturer: GenuineIntel
  NumCores: 4
  NumLogicals: 8
  CPUFrequency: 2500
  CPUMaxFrequency: 3100
  Memory: 31711
  CPUInfo:
    number: 1
    Family: 6
    Model: 5
    stepping: 4
    features: 529267711
    manufacture: GenuineIntel
    typestring: Intel(R) Xeon(R) Platinum 8163 CPU @ 2.50GHz
    iCoresPerPackage: 4
    iThreadsPerPackage: 2
    featuresEx:
      - 529267711
      - 4294586883
      - 739248128
    bHybrid: false
    nPCore: 0
    nLogicalsPerPCore: 0
    nECore: 0
    nLogicalsPerECore: 0
  MemModuleInfo:
    iNumMemSticks: 2
    DIMM 1:
      manufacturer: Alibaba Cloud
      modulePartNo: Not Specified
      memType: RAM
      size: 16
      clkspeed: 0
      moduleVoltage: 0
    DIMM 2:
      manufacturer: Alibaba Cloud
      modulePartNo: Not Specified
      memType: RAM
      size: 16
      clkspeed: 0
      moduleVoltage: 0
Checksum: 8D0A7800FB3A2560B8268B9145BC2E692FCD3521