BaselineInfo:
  WebDBID: -1
  TimeStamp: 20241108160556
Version:
  Major: 11
  Minor: 0
  Build: 1002
  SpecialBuildName: ""
  ptArchitecture: x86_64_linux
Results:
  Results Complete: true
  NumTestProcesses: 16
  CPU_INTEGER_MATH: 67350.126666666663
  CPU_FLOATINGPOINT_MATH: 34437.018913709231
  CPU_PRIME: 145.78950435131998
  CPU_SORTING: 34970.306635541659
  CPU_ENCRYPTION: 14632.164101406561
  CPU_COMPRESSION: 246085.06361460287
  CPU_SINGLETHREAD: 2435.4388679658837
  CPU_PHYSICS: 2323.7285749460061
  CPU_MATRIX_MULT_SSE: 14725.03193662517
  CPU_mm: 1450.262956739266
  CPU_sse: 6388.5482112668305
  CPU_fma: 17550.917651627002
  CPU_avx: 12959.166659985389
  CPU_avx512: 22001.495223621452
  m_CPU_enc_SHA: 14740620087.033693
  m_CPU_enc_AES: 22228291744.150318
  m_CPU_enc_ECDSA: 9059896483.2054501
  ME_ALLOC_S: 8058.6051743669259
  ME_READ_S: 24341.8271484375
  ME_READ_L: 12308.3798828125
  ME_WRITE: 10952.9814453125
  ME_LARGE: 118444
  ME_LATENCY: 51.90140175581795
  ME_THREADED: 93446.02685546875
  SUMM_CPU: 21390.904087995732
  SUMM_ME: 2745.321121857226
SystemInformation:
  OSName: Ubuntu 24.04.1 LTS
  Kernel: 6.8.0-1017-azure
  Device: ""
  Processor: Intel Xeon Platinum 8370C CPU @ 2.80GHz
  NumSockets: 1
  Manufacturer: GenuineIntel
  NumCores: 8
  NumLogicals: 16
  CPUFrequency: 2800
  Memory: 128808
  MemModuleInfo:
    iNumMemSticks: 3
    DIMM 1:
      manufacturer: Microsoft Corporation
      modulePartNo: None
      memType: Unknown
      size: 1
      clkspeed: 0
      moduleVoltage: 0
    DIMM 2:
      manufacturer: Microsoft Corporation
      modulePartNo: None
      memType: Unknown
      size: 59
      clkspeed: 0
      moduleVoltage: 0
    DIMM 3:
      manufacturer: Microsoft Corporation
      modulePartNo: None
      memType: Unknown
      size: 68
      clkspeed: 0
      moduleVoltage: 0
Checksum: 04F6C67220B7D700943C626CB34AF91150E5EEBD