---
system-info:
      stress-ng-version: 0.17.08
      run-by: root
      date-yyyy-mm-dd: 2024:06:14
      time-hh-mm-ss: 06:56:13
      epoch-secs: 1718348173
      hostname: c240957a99da
      sysname: Linux
      nodename: c240957a99da
      release: 6.8.0-1008-aws
      version: '#8-Ubuntu SMP Sat Apr 20 00:46:25 UTC 2024'
      machine: x86_64
      compiler: 'musl-gcc 13.2.1'
      uptime: 119
      totalram: 264705994752
      freeram: 259302977536
      sharedram: 71925760
      bufferram: 106745856
      totalswap: 0
      freeswap: 0
      pagesize: 4096
      cpus: 128
      cpus-online: 128
      ticks-per-second: 100

metrics:
    - stressor: cpu
      bogo-ops: 7857745
      bogo-ops-per-second-usr-sys-time: 3071.767731
      bogo-ops-per-second-real-time: 392886.323202
      wall-clock-time: 20.000047
      user-time: 2557.976156
      system-time: 0.076955
      cpu-usage-per-instance: 99.923714
      max-rss: 0

...
