---
system-info:
      stress-ng-version: 0.17.08
      run-by: root
      date-yyyy-mm-dd: 2024:06:06
      time-hh-mm-ss: 13:42:10
      epoch-secs: 1717681330
      hostname: df49a6fff4f6
      sysname: Linux
      nodename: df49a6fff4f6
      release: 6.8.0-1008-aws
      version: '#8-Ubuntu SMP Sat Apr 20 00:46:25 UTC 2024'
      machine: x86_64
      compiler: 'musl-gcc 13.2.1'
      uptime: 109
      totalram: 264705994752
      freeram: 259363713024
      sharedram: 71925760
      bufferram: 83685376
      totalswap: 0
      freeswap: 0
      pagesize: 4096
      cpus: 128
      cpus-online: 128
      ticks-per-second: 100

metrics:
    - stressor: cpu
      bogo-ops: 2168130
      bogo-ops-per-second-usr-sys-time: 1698.068555
      bogo-ops-per-second-real-time: 216774.412427
      wall-clock-time: 10.001780
      user-time: 1276.685318
      system-time: 0.135923
      cpu-usage-per-instance: 99.733906
      max-rss: 3072

...
