BaselineInfo:
  WebDBID: -1
  TimeStamp: 20260621120445
Version:
  Major: 11
  Minor: 0
  Build: 1004
  SpecialBuildName: ""
  ptArchitecture: x86_64_linux
Results:
  Results Complete: true
  NumTestProcesses: 48
  CPU_INTEGER_MATH: 240953.64666666667
  CPU_FLOATINGPOINT_MATH: 174551.93186367
  CPU_PRIME: 466.03821524102295
  CPU_SORTING: 120791.86019442858
  CPU_ENCRYPTION: 53217.477933642425
  CPU_COMPRESSION: 929399.64000209898
  CPU_SINGLETHREAD: 3539.305739166603
  CPU_PHYSICS: 7248.7149383631649
  CPU_MATRIX_MULT_SSE: 63330.943408008716
  CPU_mm: 6810.469679027955
  CPU_sse: 28908.677486237997
  CPU_fma: 76076.076337603066
  CPU_avx: 58694.811597569169
  CPU_avx512: 89644.208210624638
  m_CPU_enc_SHA: 56194690450.117722
  m_CPU_enc_AES: 73385602080.546707
  m_CPU_enc_ECDSA: 37827417894.576691
  ME_ALLOC_S: 22699.833823759316
  ME_READ_S: 30968.347460937501
  ME_READ_L: 23571.599609375
  ME_WRITE: 8615.4267578125
  ME_LARGE: 377091.16666666669
  ME_LATENCY: 69.827401178482617
  ME_THREADED: 188960.099609375
  SUMM_CPU: 68865.843740909098
  SUMM_ME: 2712.7690783750832
SystemInformation:
  OSName: Ubuntu 24.04.4 LTS
  Kernel: 6.17.0-1018-azure
  Device: ""
  Processor: Intel(R) Xeon(R) 6973P-C
  NumSockets: 1
  Manufacturer: GenuineIntel
  NumCores: 24
  NumLogicals: 48
  CPUFrequency: 2600
  CPUMaxFrequency: 2600
  Memory: 386747
  CPUInfo:
    number: 1
    Family: 6
    Model: 13
    stepping: 1
    features: 529267711
    manufacture: GenuineIntel
    typestring: Intel(R) Xeon(R) 6973P-C
    iCoresPerPackage: 32
    iThreadsPerPackage: 2
    featuresEx:
      - 529267711
      - 4294586915
      - 739248128
    bHybrid: false
    nPCore: 0
    nLogicalsPerPCore: 0
    nECore: 0
    nLogicalsPerECore: 0
  MemModuleInfo:
    iNumMemSticks: 3
    DIMM 1:
      manufacturer: Microsoft Corporation
      modulePartNo: None
      memType: Unknown
      size: 1
      clkspeed: 0
      moduleVoltage: 0
    DIMM 2:
      manufacturer: Microsoft Corporation
      modulePartNo: None
      memType: Unknown
      size: 59
      clkspeed: 0
      moduleVoltage: 0
    DIMM 3:
      manufacturer: Microsoft Corporation
      modulePartNo: None
      memType: Unknown
      size: 324
      clkspeed: 0
      moduleVoltage: 0
Checksum: 79597E68E5488710D27D71ED73B3021E786C7578