BaselineInfo:
  WebDBID: -1
  TimeStamp: 20241111102012
Version:
  Major: 11
  Minor: 0
  Build: 1002
  SpecialBuildName: ""
  ptArchitecture: x86_64_linux
Results:
  Results Complete: true
  NumTestProcesses: 8
  CPU_INTEGER_MATH: 22382.962999999996
  CPU_FLOATINGPOINT_MATH: 11904.545876351456
  CPU_PRIME: 34.026430157523599
  CPU_SORTING: 11196.297255403482
  CPU_ENCRYPTION: 3042.655073719679
  CPU_COMPRESSION: 100413.66505049415
  CPU_SINGLETHREAD: 1765.6265590487803
  CPU_PHYSICS: 766.46263843175461
  CPU_MATRIX_MULT_SSE: 5860.5323569020375
  CPU_mm: 675.0194893048573
  CPU_sse: 2426.0090677167495
  CPU_fma: 7228.8506367190112
  CPU_avx: 4984.5570478619247
  CPU_avx512: 8802.712675310464
  m_CPU_enc_SHA: 991879398.30446863
  m_CPU_enc_AES: 7713586701.8791933
  m_CPU_enc_ECDSA: 865899159.55839586
  ME_ALLOC_S: 2330.5389547014879
  ME_READ_S: 20590.6064453125
  ME_READ_L: 8761.9111328125
  ME_WRITE: 8276.7294921875
  ME_LARGE: 21647.083333333332
  ME_LATENCY: 60.261799990489202
  ME_THREADED: 42215.92333984375
  SUMM_CPU: 7389.600917206777
  SUMM_ME: 2043.8242577600122
SystemInformation:
  OSName: Ubuntu 24.04.1 LTS
  Kernel: 6.8.0-1016-aws
  Device: ""
  Processor: Intel Xeon Platinum 8259CL CPU @ 2.50GHz
  NumSockets: 1
  Manufacturer: GenuineIntel
  NumCores: 4
  NumLogicals: 8
  CPUFrequency: 0
  Memory: 31722
  MemModuleInfo:
    iNumMemSticks: 1
    DIMM 1:
      manufacturer: Not Specified
      modulePartNo: Not Specified
      memType: DDR4
      size: 32
      clkspeed: 1600
      moduleVoltage: 0
Checksum: 081D86F32D4DA0F9BF522716E5871F5578D18824