---
system-info:
      stress-ng-version: 0.17.08
      run-by: root
      date-yyyy-mm-dd: 2024:09:23
      time-hh-mm-ss: 05:53:58
      epoch-secs: 1727070838
      hostname: sc-runner
      sysname: Linux
      nodename: sc-runner
      release: 6.8.0-1014-azure
      version: '#16-Ubuntu SMP Thu Aug 15 20:04:41 UTC 2024'
      machine: x86_64
      compiler: 'musl-gcc 13.2.1'
      uptime: 312
      totalram: 270452543488
      freeram: 259292286976
      sharedram: 71929856
      bufferram: 267603968
      totalswap: 0
      freeswap: 0
      pagesize: 4096
      cpus: 32
      cpus-online: 32
      ticks-per-second: 100

metrics:
    - stressor: cpu
      bogo-ops: 864975
      bogo-ops-per-second-usr-sys-time: 1352.524350
      bogo-ops-per-second-real-time: 43248.625862
      wall-clock-time: 20.000057
      user-time: 639.496398
      system-time: 0.029981
      cpu-usage-per-instance: 99.925710
      max-rss: 3260

...
