BaselineInfo:
  WebDBID: -1
  TimeStamp: 20241107150403
Version:
  Major: 11
  Minor: 0
  Build: 1002
  SpecialBuildName: ""
  ptArchitecture: x86_64_linux
Results:
  Results Complete: true
  NumTestProcesses: 4
  CPU_INTEGER_MATH: 16685.757333333335
  CPU_FLOATINGPOINT_MATH: 8534.012823653431
  CPU_PRIME: 36.198256076546748
  CPU_SORTING: 8726.3723247196485
  CPU_ENCRYPTION: 3638.9583220906825
  CPU_COMPRESSION: 62903.581729395155
  CPU_SINGLETHREAD: 2355.4177533231309
  CPU_PHYSICS: 721.55376801163334
  CPU_MATRIX_MULT_SSE: 3394.4751018785978
  CPU_mm: 359.86650535446938
  CPU_sse: 1582.4090773492276
  CPU_fma: 4345.7941731507935
  CPU_avx: 3212.4648058925268
  CPU_avx512: 4437.2323511218428
  m_CPU_enc_SHA: 3661081427.2720041
  m_CPU_enc_AES: 5511270875.4830723
  m_CPU_enc_ECDSA: 2274820781.8786016
  ME_ALLOC_S: 2007.2789141414096
  ME_READ_S: 24221.749804687501
  ME_READ_L: 11363.17578125
  ME_WRITE: 10383.296875
  ME_LARGE: 613.83333333333337
  ME_LATENCY: 61.713947454066819
  ME_THREADED: 30269.99267578125
  SUMM_CPU: 5845.9674312393554
  SUMM_ME: 1030.1778134384283
SystemInformation:
  OSName: Ubuntu 24.04.1 LTS
  Kernel: 6.8.0-1016-aws
  Device: ""
  Processor: Intel Xeon Platinum 8375C CPU @ 2.90GHz
  NumSockets: 1
  Manufacturer: GenuineIntel
  NumCores: 2
  NumLogicals: 4
  CPUFrequency: 0
  Memory: 7780
  MemModuleInfo:
    iNumMemSticks: 1
    DIMM 1:
      manufacturer: Not Specified
      modulePartNo: Not Specified
      memType: DDR4
      size: 8
      clkspeed: 1600
      moduleVoltage: 0
Checksum: 5D0E6B8FB857DEF4173988092974D9B3818B04E9