BaselineInfo:
  WebDBID: -1
  TimeStamp: 20260621005508
Version:
  Major: 11
  Minor: 0
  Build: 1004
  SpecialBuildName: ""
  ptArchitecture: x86_64_linux
Results:
  Results Complete: true
  NumTestProcesses: 80
  CPU_INTEGER_MATH: 589133.29200000013
  CPU_FLOATINGPOINT_MATH: 546265.92422962876
  CPU_PRIME: 1833.4086983898253
  CPU_SORTING: 283061.26227819081
  CPU_ENCRYPTION: 117785.25021361664
  CPU_COMPRESSION: 2131274.2676011967
  CPU_SINGLETHREAD: 3780.8667750198815
  CPU_PHYSICS: 24676.833796227693
  CPU_MATRIX_MULT_SSE: 174797.90705262669
  CPU_mm: 20797.692488246656
  CPU_sse: 66751.974323290429
  CPU_fma: 227104.3860267963
  CPU_avx: 139596.73154214793
  CPU_avx512: 265738.53631827154
  m_CPU_enc_SHA: 165749659001.34567
  m_CPU_enc_AES: 104689638185.33388
  m_CPU_enc_ECDSA: 100081062397.30026
  ME_ALLOC_S: 41056.881070528972
  ME_READ_S: 34054.601757812503
  ME_READ_L: 31181.16015625
  ME_WRITE: 30790.291015625
  ME_LARGE: 150549.41666666666
  ME_LATENCY: 76.887401196108328
  ME_THREADED: 534224.9375
  SUMM_CPU: 128254.88704191965
  SUMM_ME: 3035.8439885629623
SystemInformation:
  OSName: Ubuntu 24.04.4 LTS
  Kernel: 6.17.0-1018-azure
  Device: ""
  Processor: "AMD EPYC 9V45 96-Core Processor                "
  NumSockets: 1
  Manufacturer: AuthenticAMD
  NumCores: 80
  NumLogicals: 80
  CPUFrequency: 0
  CPUMaxFrequency: 0
  Memory: 161135
  CPUInfo:
    number: 1
    Family: 15
    Model: 2
    stepping: 1
    features: 395049983
    manufacture: AuthenticAMD
    typestring: "AMD EPYC 9V45 96-Core Processor                "
    iCoresPerPackage: 128
    iThreadsPerPackage: 1
    featuresEx:
      - 395049983
      - 4277809667
      - 802421759
    bHybrid: false
    nPCore: 0
    nLogicalsPerPCore: 0
    nECore: 0
    nLogicalsPerECore: 0
  MemModuleInfo:
    iNumMemSticks: 4
    DIMM 1:
      manufacturer: Microsoft Corporation
      modulePartNo: None
      memType: Unknown
      size: 1
      clkspeed: 0
      moduleVoltage: 0
    DIMM 2:
      manufacturer: Microsoft Corporation
      modulePartNo: None
      memType: Unknown
      size: 59
      clkspeed: 0
      moduleVoltage: 0
    DIMM 3:
      manufacturer: Microsoft Corporation
      modulePartNo: None
      memType: Unknown
      size: 20
      clkspeed: 0
      moduleVoltage: 0
    DIMM 4:
      manufacturer: Microsoft Corporation
      modulePartNo: None
      memType: Unknown
      size: 80
      clkspeed: 0
      moduleVoltage: 0
Checksum: 4B56B0DC6BB3A42B87B7512109D84AC4A8452BE4