size_kb,operation,bandwidth_mb_s,latency_ns,latency_stddev_ns,latency_samples,threads,iterations,elapsed_s
32,read,1435903.57,0,0,0,16,446428,0.155452
32,write,926331.12,0,0,0,16,351617,0.189790
32,copy,635648.16,0,0,0,16,304506,0.239524
32,latency,0,1.05,0.02,7,1,7,0.150806
128,read,1102634.26,0,0,0,16,209731,0.380418
128,write,1161775.61,0,0,0,16,134192,0.231012
128,copy,510167.79,0,0,0,16,44738,0.175385
128,latency,0,3.03,0.06,7,1,7,0.705091
256,read,953564.77,0,0,0,16,86088,0.361121
256,write,1139110.09,0,0,0,16,87290,0.306520
256,copy,643435.89,0,0,0,16,11590,0.072051
256,latency,0,3.36,0.12,7,1,7,0.701504
512,read,1281722.50,0,0,0,16,19736,0.123184
512,write,1252661.43,0,0,0,16,53798,0.343576
512,copy,591659.79,0,0,0,16,12066,0.163148
512,latency,0,4.28,0.12,7,1,7,0.728330
1024,read,1177197.13,0,0,0,16,7923,0.107686
1024,write,849305.41,0,0,0,16,12737,0.239951
1024,copy,379990.38,0,0,0,16,5667,0.238617
1024,latency,0,7.31,0.36,7,1,7,0.952177
4096,read,723047.39,0,0,0,16,2766,0.244830
4096,write,686840.72,0,0,0,16,1879,0.175086
4096,copy,345848.38,0,0,0,16,1633,0.302190
4096,latency,0,12.02,5.71,21,1,21,2.075737
8192,read,601219.73,0,0,0,16,1731,0.368531
8192,write,571761.48,0,0,0,16,1069,0.239317
8192,copy,109586.87,0,0,0,16,504,0.588684
8192,latency,0,115.28,10.79,21,1,21,1.397491
16384,read,229925.36,0,0,0,16,566,0.630187
16384,write,151739.61,0,0,0,16,524,0.884041
16384,copy,61347.16,0,0,0,16,145,0.605081
16384,latency,0,145.13,1.37,7,1,7,1.558029
32768,read,157038.98,0,0,0,16,254,0.828126
32768,write,87915.01,0,0,0,16,129,0.751271
32768,copy,53661.36,0,0,0,16,80,0.763305
32768,latency,0,159.87,2.73,7,1,7,3.479925
65536,read,152091.38,0,0,0,16,111,0.747340
65536,write,82336.92,0,0,0,16,96,1.193924
65536,copy,49940.50,0,0,0,16,47,0.963707
65536,latency,0,160.30,1.59,7,1,7,7.044648
