---
system-info:
      stress-ng-version: 0.17.08
      run-by: root
      date-yyyy-mm-dd: 2024:06:08
      time-hh-mm-ss: 17:31:35
      epoch-secs: 1717867895
      hostname: 6a8e8ca1912d
      sysname: Linux
      nodename: 6a8e8ca1912d
      release: 6.8.0-1008-aws
      version: '#8-Ubuntu SMP Sat Apr 20 00:46:25 UTC 2024'
      machine: x86_64
      compiler: 'musl-gcc 13.2.1'
      uptime: 113
      totalram: 199394000896
      freeram: 194634330112
      sharedram: 60071936
      bufferram: 104194048
      totalswap: 0
      freeswap: 0
      pagesize: 4096
      cpus: 48
      cpus-online: 48
      ticks-per-second: 100

metrics:
    - stressor: cpu
      bogo-ops: 16755
      bogo-ops-per-second-usr-sys-time: 1675.441360
      bogo-ops-per-second-real-time: 1675.474235
      wall-clock-time: 10.000154
      user-time: 10.000350
      system-time: 0.000000
      cpu-usage-per-instance: 100.001962
      max-rss: 3840

...
