---
system-info:
      stress-ng-version: 0.17.08
      run-by: root
      date-yyyy-mm-dd: 2024:06:14
      time-hh-mm-ss: 23:55:09
      epoch-secs: 1718409309
      hostname: cabfa9240956
      sysname: Linux
      nodename: cabfa9240956
      release: 6.8.0-1008-aws
      version: '#8-Ubuntu SMP Sat Apr 20 00:46:25 UTC 2024'
      machine: x86_64
      compiler: 'musl-gcc 13.2.1'
      uptime: 136
      totalram: 199394000896
      freeram: 194715533312
      sharedram: 60071936
      bufferram: 110407680
      totalswap: 0
      freeswap: 0
      pagesize: 4096
      cpus: 48
      cpus-online: 48
      ticks-per-second: 100

metrics:
    - stressor: cpu
      bogo-ops: 37840
      bogo-ops-per-second-usr-sys-time: 1891.974080
      bogo-ops-per-second-real-time: 1891.994677
      wall-clock-time: 20.000056
      user-time: 20.000274
      system-time: 0.000000
      cpu-usage-per-instance: 100.001089
      max-rss: 1152

...
