BaselineInfo:
  WebDBID: -1
  TimeStamp: 20241110075626
Version:
  Major: 11
  Minor: 0
  Build: 1002
  SpecialBuildName: ""
  ptArchitecture: x86_64_linux
Results:
  Results Complete: true
  NumTestProcesses: 128
  CPU_INTEGER_MATH: 536653.35800000024
  CPU_FLOATINGPOINT_MATH: 274245.10822060541
  CPU_PRIME: 535.6153613154471
  CPU_SORTING: 240200.1430303223
  CPU_ENCRYPTION: 110966.12713286032
  CPU_COMPRESSION: 1816072.8176483898
  CPU_SINGLETHREAD: 2423.9484686594014
  CPU_PHYSICS: 8552.9795719441045
  CPU_MATRIX_MULT_SSE: 105925.53376603173
  CPU_mm: 10952.833784930333
  CPU_sse: 46197.006088535541
  CPU_fma: 123298.4711046413
  CPU_avx: 95538.657172512525
  CPU_avx512: 158668.00069843762
  m_CPU_enc_SHA: 114277704789.81839
  m_CPU_enc_AES: 165719280703.02374
  m_CPU_enc_ECDSA: 69072267680.556015
  ME_ALLOC_S: 29711.877499555318
  ME_READ_S: 23627.128124999999
  ME_READ_L: 11167.7734375
  ME_WRITE: 10255.6572265625
  ME_LARGE: 493589
  ME_LATENCY: 59.415841813635119
  ME_THREADED: 332723.30688476562
  SUMM_CPU: 86368.207233460271
  SUMM_ME: 2612.3683196055808
SystemInformation:
  OSName: Ubuntu 24.04.1 LTS
  Kernel: 6.8.0-1016-aws
  Device: ""
  Processor: Intel Xeon Platinum 8375C CPU @ 2.90GHz
  NumSockets: 2
  Manufacturer: GenuineIntel
  NumCores: 64
  NumLogicals: 128
  CPUFrequency: 0
  Memory: 507807
  MemModuleInfo:
    iNumMemSticks: 2
    DIMM 1:
      manufacturer: Not Specified
      modulePartNo: Not Specified
      memType: DDR4
      size: 256
      clkspeed: 1600
      moduleVoltage: 0
    DIMM 2:
      manufacturer: Not Specified
      modulePartNo: Not Specified
      memType: DDR4
      size: 256
      clkspeed: 1600
      moduleVoltage: 0
Checksum: 95DA2FCB464C6F4234F0A9E773603AB90C175603