---
system-info:
      stress-ng-version: 0.17.08
      run-by: root
      date-yyyy-mm-dd: 2024:06:14
      time-hh-mm-ss: 15:24:08
      epoch-secs: 1718378648
      hostname: 53907ede5502
      sysname: Linux
      nodename: 53907ede5502
      release: 6.8.0-1008-aws
      version: '#8-Ubuntu SMP Sat Apr 20 02:43:14 UTC 2024'
      machine: aarch64
      compiler: 'musl-gcc 13.2.1'
      uptime: 164
      totalram: 24717262848
      freeram: 20448555008
      sharedram: 35012608
      bufferram: 108740608
      totalswap: 0
      freeswap: 0
      pagesize: 4096
      cpus: 4
      cpus-online: 4
      ticks-per-second: 100

metrics:
    - stressor: cpu
      bogo-ops: 30398
      bogo-ops-per-second-usr-sys-time: 1519.881153
      bogo-ops-per-second-real-time: 1519.890433
      wall-clock-time: 20.000126
      user-time: 20.000248
      system-time: 0.000000
      cpu-usage-per-instance: 100.000611
      max-rss: 1192

...
