---
system-info:
      stress-ng-version: 0.17.08
      run-by: root
      date-yyyy-mm-dd: 2024:06:07
      time-hh-mm-ss: 15:56:33
      epoch-secs: 1717775793
      hostname: 8ab8b518a8a7
      sysname: Linux
      nodename: 8ab8b518a8a7
      release: 6.8.0-1008-aws
      version: '#8-Ubuntu SMP Sat Apr 20 02:43:14 UTC 2024'
      machine: aarch64
      compiler: 'musl-gcc 13.2.1'
      uptime: 137
      totalram: 24717262848
      freeram: 20502020096
      sharedram: 35012608
      bufferram: 92082176
      totalswap: 0
      freeswap: 0
      pagesize: 4096
      cpus: 4
      cpus-online: 4
      ticks-per-second: 100

metrics:
    - stressor: cpu
      bogo-ops: 2940
      bogo-ops-per-second-usr-sys-time: 292.962036
      bogo-ops-per-second-real-time: 292.962684
      wall-clock-time: 10.035408
      user-time: 10.035430
      system-time: 0.000000
      cpu-usage-per-instance: 100.000221
      max-rss: 4136

...
