---
system-info:
      stress-ng-version: 0.17.08
      run-by: root
      date-yyyy-mm-dd: 2024:06:09
      time-hh-mm-ss: 18:41:18
      epoch-secs: 1717958478
      hostname: 1ba81583fb62
      sysname: Linux
      nodename: 1ba81583fb62
      release: 6.8.0-1008-aws
      version: '#8-Ubuntu SMP Sat Apr 20 00:46:25 UTC 2024'
      machine: x86_64
      compiler: 'musl-gcc 13.2.1'
      uptime: 100
      totalram: 265990795264
      freeram: 261143101440
      sharedram: 60137472
      bufferram: 110555136
      totalswap: 0
      freeswap: 0
      pagesize: 4096
      cpus: 32
      cpus-online: 32
      ticks-per-second: 100

metrics:
    - stressor: cpu
      bogo-ops: 374700
      bogo-ops-per-second-usr-sys-time: 1171.570895
      bogo-ops-per-second-real-time: 37461.688009
      wall-clock-time: 10.002219
      user-time: 319.788011
      system-time: 0.038985
      cpu-usage-per-instance: 99.923765
      max-rss: 4104

...
