---
system-info:
      stress-ng-version: 0.17.08
      run-by: root
      date-yyyy-mm-dd: 2024:06:15
      time-hh-mm-ss: 21:18:50
      epoch-secs: 1718486330
      hostname: 35aa7adc5fbc
      sysname: Linux
      nodename: 35aa7adc5fbc
      release: 6.8.0-1008-aws
      version: '#8-Ubuntu SMP Sat Apr 20 00:46:25 UTC 2024'
      machine: x86_64
      compiler: 'musl-gcc 13.2.1'
      uptime: 111
      totalram: 265990807552
      freeram: 261328543744
      sharedram: 60137472
      bufferram: 107507712
      totalswap: 0
      freeswap: 0
      pagesize: 4096
      cpus: 32
      cpus-online: 32
      ticks-per-second: 100

metrics:
    - stressor: cpu
      bogo-ops: 618124
      bogo-ops-per-second-usr-sys-time: 966.277715
      bogo-ops-per-second-real-time: 30906.066986
      wall-clock-time: 20.000086
      user-time: 639.671024
      system-time: 0.024987
      cpu-usage-per-instance: 99.952072
      max-rss: 776

...
