---
system-info:
      stress-ng-version: 0.17.08
      run-by: root
      date-yyyy-mm-dd: 2024:06:15
      time-hh-mm-ss: 13:42:46
      epoch-secs: 1718458966
      hostname: cdd2de366382
      sysname: Linux
      nodename: cdd2de366382
      release: 6.8.0-1008-aws
      version: '#8-Ubuntu SMP Sat Apr 20 00:46:25 UTC 2024'
      machine: x86_64
      compiler: 'musl-gcc 13.2.1'
      uptime: 165
      totalram: 128757596160
      freeram: 124266725376
      sharedram: 27590656
      bufferram: 110223360
      totalswap: 0
      freeswap: 0
      pagesize: 4096
      cpus: 16
      cpus-online: 16
      ticks-per-second: 100

metrics:
    - stressor: cpu
      bogo-ops: 26392
      bogo-ops-per-second-usr-sys-time: 1319.663542
      bogo-ops-per-second-real-time: 1319.588658
      wall-clock-time: 20.000172
      user-time: 19.999037
      system-time: 0.000000
      cpu-usage-per-instance: 99.994326
      max-rss: 1104

...
