---
system-info:
      stress-ng-version: 0.17.08
      run-by: root
      date-yyyy-mm-dd: 2024:06:09
      time-hh-mm-ss: 11:19:30
      epoch-secs: 1717931970
      hostname: 8b09eb034f1e
      sysname: Linux
      nodename: 8b09eb034f1e
      release: 6.8.0-1008-aws
      version: '#8-Ubuntu SMP Sat Apr 20 00:46:25 UTC 2024'
      machine: x86_64
      compiler: 'musl-gcc 13.2.1'
      uptime: 141
      totalram: 128757571584
      freeram: 124160671744
      sharedram: 27590656
      bufferram: 107409408
      totalswap: 0
      freeswap: 0
      pagesize: 4096
      cpus: 16
      cpus-online: 16
      ticks-per-second: 100

metrics:
    - stressor: cpu
      bogo-ops: 14313
      bogo-ops-per-second-usr-sys-time: 1431.217848
      bogo-ops-per-second-real-time: 1431.154165
      wall-clock-time: 10.001019
      user-time: 9.999575
      system-time: 0.000999
      cpu-usage-per-instance: 99.995550
      max-rss: 3920

...
