BaselineInfo:
  WebDBID: -1
  TimeStamp: 20260206102652
Version:
  Major: 11
  Minor: 0
  Build: 1004
  SpecialBuildName: ""
  ptArchitecture: x86_64_linux
Results:
  Results Complete: true
  NumTestProcesses: 8
  CPU_INTEGER_MATH: 41227.948666666671
  CPU_FLOATINGPOINT_MATH: 29877.53372362845
  CPU_PRIME: 88.599262584232761
  CPU_SORTING: 21428.461944694176
  CPU_ENCRYPTION: 9034.9665813790634
  CPU_COMPRESSION: 162041.03489947281
  CPU_SINGLETHREAD: 3274.8683576162375
  CPU_PHYSICS: 1917.4451902787387
  CPU_MATRIX_MULT_SSE: 11380.336074270434
  CPU_mm: 1232.6947528762755
  CPU_sse: 5038.2956639544118
  CPU_fma: 13163.557405266482
  CPU_avx: 10665.20360280483
  CPU_avx512: 16654.287625056004
  m_CPU_enc_SHA: 9563024756.1540279
  m_CPU_enc_AES: 12492047588.317291
  m_CPU_enc_ECDSA: 6366475009.6370783
  ME_ALLOC_S: 4837.9127009030844
  ME_READ_S: 28839.132421875001
  ME_READ_L: 15025.712890625
  ME_WRITE: 11829.779296875
  ME_LARGE: 51123
  ME_LATENCY: 67.870694943939625
  ME_THREADED: 67338.86962890625
  SUMM_CPU: 15578.148336157781
  SUMM_ME: 2519.4094866666533
SystemInformation:
  OSName: Ubuntu 24.04.3 LTS
  Kernel: 6.14.0-1018-aws
  Device: ""
  Processor: Intel(R) Xeon(R) 6975P-C
  NumSockets: 1
  Manufacturer: GenuineIntel
  NumCores: 4
  NumLogicals: 8
  CPUFrequency: 0
  CPUMaxFrequency: 0
  Memory: 63260
  CPUInfo:
    number: 1
    Family: 6
    Model: 13
    stepping: 1
    features: 529267711
    manufacture: GenuineIntel
    typestring: Intel(R) Xeon(R) 6975P-C
    iCoresPerPackage: 4
    iThreadsPerPackage: 2
    featuresEx:
      - 529267711
      - 4294619651
      - 739248128
    bHybrid: false
    nPCore: 0
    nLogicalsPerPCore: 0
    nECore: 0
    nLogicalsPerECore: 0
  MemModuleInfo:
    iNumMemSticks: 1
    DIMM 1:
      manufacturer: Not Specified
      modulePartNo: Not Specified
      memType: DDR5
      size: 64
      clkspeed: 3600
      moduleVoltage: 0
Checksum: 5F2F614A90921F1A2DDD6923CBF851A0A9CAC080