"size","threads","connections","rps","latency","failed","server_usr","server_sys","client_usr","client_sys"
"1k",48,48,3123914,0.000015010,0,95.73,147.30,54.50,186.61
"1k",48,96,2910740,0.000349080,0,98.78,142.63,45.56,172.35
"1k",48,192,2940862,0.000062810,0,86.00,157.19,40.13,179.30
"1k",48,384,3055578,0.000141750,0,85.80,164.29,40.40,186.84
"1k",48,768,3095474,0.000535310,0,86.95,165.42,40.49,190.76
"1k",48,1536,3108421,0.000613780,0,88.13,166.22,39.19,190.87
"1k",96,96,2853686,0.000034400,0,90.00,149.68,53.14,192.12
"1k",96,192,2656262,0.000077440,0,82.22,158.41,45.94,193.69
"1k",96,384,2686901,0.000195580,0,76.56,165.93,43.06,199.29
"1k",96,768,2749927,0.000424560,0,72.29,167.26,45.69,203.07
"1k",96,1536,2859498,0.000729720,0,74.66,167.71,44.75,202.87
"1k",192,192,2868672,0.000080080,0,79.64,156.91,47.82,199.86
"1k",192,384,2653326,0.000198020,0,69.73,166.77,45.96,204.36
"1k",192,768,2571724,0.000447400,0,67.32,168.01,44.06,209.16
"1k",192,1536,2563371,0.000728200,0,66.17,169.43,43.74,211.81
"16k",48,48,2544592,0.000018180,0,92.79,146.51,50.30,189.15
"16k",48,96,2352322,0.000061890,0,86.72,152.04,45.90,188.77
"16k",48,192,2280356,0.000079570,0,76.28,157.97,39.01,188.83
"16k",48,384,2241996,0.000178240,0,75.43,168.04,37.76,195.62
"16k",48,768,2229956,0.000494940,0,74.00,174.84,36.65,197.67
"16k",48,1536,2166916,0.000708580,0,77.20,176.21,35.06,196.47
"16k",96,96,2596016,0.000036430,0,84.38,148.51,51.68,200.34
"16k",96,192,2266695,0.000086430,0,72.48,158.52,44.04,201.87
"16k",96,384,2117123,0.000244460,0,67.47,167.75,40.28,209.39
"16k",96,768,2095315,0.000506960,0,65.75,169.98,42.18,210.90
"16k",96,1536,2066954,0.000950000,0,69.00,175.84,40.50,210.88
"16k",192,192,2351853,0.000085620,0,73.65,154.42,48.28,207.84
"16k",192,384,2098079,0.000230040,0,64.70,165.08,45.03,213.24
"16k",192,768,1990601,0.000516620,0,62.73,167.17,42.81,215.46
"16k",192,1536,1913692,0.000910000,0,63.78,170.19,41.55,216.99
"64k",48,48,1357784,0.000035050,0,71.33,160.32,41.46,202.23
"64k",48,96,1346476,0.000063340,0,69.89,161.07,40.10,198.07
"64k",48,192,1137664,0.000156430,0,61.73,169.91,32.55,197.74
"64k",48,384,1062939,0.000343460,0,64.89,181.17,31.97,202.45
"64k",48,768,1024895,0.000798240,0,66.65,187.69,30.80,199.13
"64k",48,1536,864061,0.001870000,0,76.65,189.24,27.48,192.52
"64k",96,96,1284759,0.000074090,0,67.44,162.42,42.75,213.16
"64k",96,192,1122903,0.000171220,0,60.28,170.42,38.82,210.22
"64k",96,384,1014201,0.000414590,0,58.14,179.57,35.61,212.75
"64k",96,768,961062,0.000890000,0,59.55,182.69,35.59,211.52
"64k",96,1536,819929,0.002090000,0,68.23,188.76,31.99,202.87
"64k",192,192,1034919,0.000191670,0,58.58,169.16,40.80,217.12
"64k",192,384,931539,0.000461580,0,56.56,176.13,38.84,216.13
"64k",192,768,874180,0.000980000,0,57.43,179.20,36.48,216.15
"64k",192,1536,829873,0.001920000,0,62.25,184.14,35.18,212.25
"256k",48,48,415441,0.000127130,0,62.52,167.30,37.41,209.75
"256k",48,96,372301,0.000237760,0,72.38,175.74,34.35,190.79
"256k",48,192,320283,0.000552990,0,69.06,188.70,29.81,186.79
"256k",48,384,270889,0.001340000,0,72.81,199.41,25.48,183.81
"256k",48,768,173885,0.003990000,0,98.95,189.29,18.76,179.07
"256k",96,96,362496,0.000266870,0,72.59,169.84,35.71,207.67
"256k",96,192,328832,0.000585730,0,67.05,187.32,33.37,197.61
"256k",96,384,287767,0.001370000,0,67.13,198.57,29.72,190.87
"256k",96,768,206062,0.003660000,0,98.24,194.81,23.26,172.19
"256k",192,192,346483,0.000560770,0,69.25,181.06,36.90,200.31
"256k",192,384,302550,0.001310000,0,65.56,195.51,33.07,195.61
"256k",192,768,231661,0.003350000,0,94.69,194.00,27.40,175.29
"512k",48,48,169707,0.000285370,0,94.66,157.18,29.45,199.97
"512k",48,96,165864,0.000541390,0,84.72,178.71,29.56,183.27
"512k",48,192,131282,0.001380000,0,76.51,205.68,23.15,171.12
"512k",48,384,81118,0.004340000,0,93.01,207.58,16.66,166.56
"512k",48,768,67193,0.010450000,0,103.93,197.83,15.16,172.76
"512k",96,96,158784,0.000607750,0,84.98,153.69,29.05,218.19
"512k",96,192,137580,0.001380000,0,74.18,209.45,27.58,175.25
"512k",96,384,89189,0.004210000,0,95.58,219.56,20.45,150.59
"512k",96,768,74359,0.010190000,0,113.09,213.42,18.66,142.07
"512k",192,192,143007,0.001380000,0,75.97,202.36,30.39,173.38
"512k",192,384,98209,0.003950000,0,96.70,210.23,23.54,148.61
"512k",192,768,78097,0.009890000,0,111.25,211.49,20.66,136.02
