BaselineInfo:
  WebDBID: -1
  TimeStamp: 20241108182301
Version:
  Major: 11
  Minor: 0
  Build: 1002
  SpecialBuildName: ""
  ptArchitecture: x86_64_linux
Results:
  Results Complete: true
  NumTestProcesses: 16
  CPU_INTEGER_MATH: 46819.790333333331
  CPU_FLOATINGPOINT_MATH: 25125.48556367305
  CPU_PRIME: 84.456809778196813
  CPU_SORTING: 24328.090538904165
  CPU_ENCRYPTION: 6447.6225380542901
  CPU_COMPRESSION: 204948.96723190611
  CPU_SINGLETHREAD: 1868.9622253888326
  CPU_PHYSICS: 1628.4874159578083
  CPU_MATRIX_MULT_SSE: 14995.092400719719
  CPU_mm: 1424.8471285867265
  CPU_sse: 5143.8782127421409
  CPU_fma: 17403.12922519237
  CPU_avx: 12294.032951433095
  CPU_avx512: 25139.329213511275
  m_CPU_enc_SHA: 2116571458.402389
  m_CPU_enc_AES: 16273848888.302382
  m_CPU_enc_ECDSA: 1892046404.6836751
  ME_ALLOC_S: 5549.6467840694995
  ME_READ_S: 22568.125
  ME_READ_L: 10900.3798828125
  ME_WRITE: 10399.638671875
  ME_LARGE: 116973
  ME_LATENCY: 52.089483313074346
  ME_THREADED: 87352.59716796875
  SUMM_CPU: 15112.713875513262
  SUMM_ME: 2590.5290805477066
SystemInformation:
  OSName: Ubuntu 24.04.1 LTS
  Kernel: 6.8.0-1016-aws
  Device: ""
  Processor: Intel Xeon Platinum 8259CL CPU @ 2.50GHz
  NumSockets: 1
  Manufacturer: GenuineIntel
  NumCores: 8
  NumLogicals: 16
  CPUFrequency: 0
  Memory: 127432
  MemModuleInfo:
    iNumMemSticks: 1
    DIMM 1:
      manufacturer: Not Specified
      modulePartNo: Not Specified
      memType: DDR4
      size: 128
      clkspeed: 1600
      moduleVoltage: 0
Checksum: CCE3AF8763678727C05CB79568FE24646E49EEA4