---
system-info:
      stress-ng-version: 0.17.08
      run-by: root
      date-yyyy-mm-dd: 2024:09:03
      time-hh-mm-ss: 14:31:02
      epoch-secs: 1725373862
      hostname: sc-runner
      sysname: Linux
      nodename: sc-runner
      release: 6.8.0-1013-azure
      version: '#15-Ubuntu SMP Thu Aug  8 18:40:40 UTC 2024'
      machine: x86_64
      compiler: 'musl-gcc 13.2.1'
      uptime: 375
      totalram: 67423420416
      freeram: 58809274368
      sharedram: 42090496
      bufferram: 216887296
      totalswap: 0
      freeswap: 0
      pagesize: 4096
      cpus: 8
      cpus-online: 8
      ticks-per-second: 100

metrics:
    - stressor: cpu
      bogo-ops: 111130
      bogo-ops-per-second-usr-sys-time: 697.074539
      bogo-ops-per-second-real-time: 5556.446645
      wall-clock-time: 20.000192
      user-time: 159.395431
      system-time: 0.027979
      cpu-usage-per-instance: 99.638674
      max-rss: 3152

...
