BaselineInfo:
  WebDBID: -1
  TimeStamp: 20260404214920
Version:
  Major: 11
  Minor: 0
  Build: 1004
  SpecialBuildName: ""
  ptArchitecture: x86_64_linux
Results:
  Results Complete: true
  NumTestProcesses: 16
  CPU_INTEGER_MATH: 39116.053666666667
  CPU_FLOATINGPOINT_MATH: 21015.884142952644
  CPU_PRIME: 67.059495873184503
  CPU_SORTING: 24198.710224987357
  CPU_ENCRYPTION: 5428.6519910377128
  CPU_COMPRESSION: 181780.74785470305
  CPU_SINGLETHREAD: 1677.9562363114494
  CPU_PHYSICS: 1345.9404578407289
  CPU_MATRIX_MULT_SSE: 11855.946504462816
  CPU_mm: 1191.5543715265594
  CPU_sse: 4298.2230416492803
  CPU_fma: 14563.483795712542
  CPU_avx: 10286.916153754777
  CPU_avx512: 18275.163026734666
  m_CPU_enc_SHA: 1769278890.628722
  m_CPU_enc_AES: 13703460149.054401
  m_CPU_enc_ECDSA: 1604323530.7799582
  ME_ALLOC_S: 4299.0722030797951
  ME_READ_S: 19237.334765625001
  ME_READ_L: 6254.521484375
  ME_WRITE: 6728.8935546875
  ME_LARGE: 115126.33333333333
  ME_LATENCY: 79.837053996579144
  ME_THREADED: 69435.51904296875
  SUMM_CPU: 12976.500039852892
  SUMM_ME: 1749.4621031043851
SystemInformation:
  OSName: Ubuntu 24.04.4 LTS
  Kernel: 6.8.0-106-generic
  Device: ""
  Processor: Intel(R) Xeon(R) Platinum 8163 CPU @ 2.50GHz
  NumSockets: 1
  Manufacturer: GenuineIntel
  NumCores: 8
  NumLogicals: 16
  CPUFrequency: 2500
  CPUMaxFrequency: 3100
  Memory: 128301
  CPUInfo:
    number: 1
    Family: 6
    Model: 5
    stepping: 4
    features: 529267711
    manufacture: GenuineIntel
    typestring: Intel(R) Xeon(R) Platinum 8163 CPU @ 2.50GHz
    iCoresPerPackage: 8
    iThreadsPerPackage: 2
    featuresEx:
      - 529267711
      - 4294586883
      - 739248128
    bHybrid: false
    nPCore: 0
    nLogicalsPerPCore: 0
    nECore: 0
    nLogicalsPerECore: 0
  MemModuleInfo:
    iNumMemSticks: 8
    DIMM 1:
      manufacturer: Alibaba Cloud
      modulePartNo: Not Specified
      memType: RAM
      size: 16
      clkspeed: 0
      moduleVoltage: 0
    DIMM 2:
      manufacturer: Alibaba Cloud
      modulePartNo: Not Specified
      memType: RAM
      size: 16
      clkspeed: 0
      moduleVoltage: 0
    DIMM 3:
      manufacturer: Alibaba Cloud
      modulePartNo: Not Specified
      memType: RAM
      size: 16
      clkspeed: 0
      moduleVoltage: 0
    DIMM 4:
      manufacturer: Alibaba Cloud
      modulePartNo: Not Specified
      memType: RAM
      size: 16
      clkspeed: 0
      moduleVoltage: 0
    DIMM 5:
      manufacturer: Alibaba Cloud
      modulePartNo: Not Specified
      memType: RAM
      size: 16
      clkspeed: 0
      moduleVoltage: 0
    DIMM 6:
      manufacturer: Alibaba Cloud
      modulePartNo: Not Specified
      memType: RAM
      size: 16
      clkspeed: 0
      moduleVoltage: 0
    DIMM 7:
      manufacturer: Alibaba Cloud
      modulePartNo: Not Specified
      memType: RAM
      size: 16
      clkspeed: 0
      moduleVoltage: 0
    DIMM 8:
      manufacturer: Alibaba Cloud
      modulePartNo: Not Specified
      memType: RAM
      size: 16
      clkspeed: 0
      moduleVoltage: 0
Checksum: F6F6E2C8E39A7EFFD6280F45D1BDF33BADBF4BFD