size_kb,operation,bandwidth_mb_s,latency_ns,latency_stddev_ns,latency_samples,threads,iterations,elapsed_s
32,read,19266457.32,0,0,0,192,833333,0.259518
32,write,21288170.04,0,0,0,192,781250,0.220193
32,copy,7937427.47,0,0,0,192,181159,0.136940
32,latency,0,0.89,0.00,7,1,7,0.130257
128,read,13336512.17,0,0,0,192,255102,0.459074
128,write,14045436.04,0,0,0,192,120192,0.205377
128,copy,9027929.91,0,0,0,192,52966,0.140806
128,latency,0,2.45,0.00,7,1,7,0.701556
512,read,16854333.59,0,0,0,192,63775,0.363254
512,write,16325762.52,0,0,0,192,60096,0.353381
512,copy,6528496.19,0,0,0,192,24950,0.366884
512,latency,0,3.37,0.00,7,1,7,0.705202
1024,read,12134805.28,0,0,0,192,28409,0.449494
1024,write,13722581.43,0,0,0,192,26205,0.366648
1024,copy,5019780.39,0,0,0,192,8529,0.326223
1024,latency,0,4.72,0.01,7,1,7,0.691921
2048,read,12548698.12,0,0,0,192,12840,0.392914
2048,write,10359540.87,0,0,0,192,11415,0.423123
2048,copy,4164916.70,0,0,0,192,4267,0.393412
2048,latency,0,9.02,0.01,7,1,7,0.702229
8192,read,3013536.75,0,0,0,192,1707,0.870058
8192,write,1918205.24,0,0,0,192,1419,1.136262
8192,copy,565520.40,0,0,0,192,704,1.912122
8192,latency,0,10.35,0.01,7,1,7,0.709618
16384,read,1507670.94,0,0,0,192,658,1.340728
16384,write,623916.15,0,0,0,192,603,2.969014
16384,copy,294879.98,0,0,0,192,331,3.448291
16384,latency,0,10.77,0.02,7,1,7,0.683628
32768,read,1085980.39,0,0,0,192,350,1.980146
32768,write,407920.82,0,0,0,192,339,5.105932
32768,copy,267070.79,0,0,0,192,169,3.887868
32768,latency,0,11.59,0.22,7,1,7,0.812879
65536,read,931740.29,0,0,0,192,179,2.360692
65536,write,372993.33,0,0,0,192,134,4.414535
65536,copy,271051.24,0,0,0,192,83,3.762772
65536,latency,0,77.70,1.38,7,1,7,3.341584
131072,read,1007186.90,0,0,0,192,87,2.122855
131072,write,369964.13,0,0,0,192,67,4.450680
131072,copy,269822.69,0,0,0,192,41,3.734363
131072,latency,0,106.22,2.64,7,1,7,9.122760
