BaselineInfo:
  WebDBID: -1
  TimeStamp: 20260619225210
Version:
  Major: 11
  Minor: 0
  Build: 1004
  SpecialBuildName: ""
  ptArchitecture: x86_64_linux
Results:
  Results Complete: true
  NumTestProcesses: 8
  CPU_INTEGER_MATH: 44417.789333333341
  CPU_FLOATINGPOINT_MATH: 32186.135974137964
  CPU_PRIME: 96.514156100087533
  CPU_SORTING: 22912.163967143231
  CPU_ENCRYPTION: 9811.7992697452555
  CPU_COMPRESSION: 176135.45852135666
  CPU_SINGLETHREAD: 3532.9253207930396
  CPU_PHYSICS: 2038.2988720648907
  CPU_MATRIX_MULT_SSE: 11561.938622924714
  CPU_mm: 1229.0773378934996
  CPU_sse: 5228.4167301313037
  CPU_fma: 14001.454590441059
  CPU_avx: 10587.800326325329
  CPU_avx512: 16430.082844801167
  m_CPU_enc_SHA: 10338316227.919638
  m_CPU_enc_AES: 13510855634.379105
  m_CPU_enc_ECDSA: 7016079830.918457
  ME_ALLOC_S: 4754.3758469058976
  ME_READ_S: 30977.747656250001
  ME_READ_L: 23020.97265625
  ME_WRITE: 8530.3349609375
  ME_LARGE: 23740.5
  ME_LATENCY: 71.289749397542224
  ME_THREADED: 97883.6435546875
  SUMM_CPU: 16691.476196173673
  SUMM_ME: 2486.6326833422545
SystemInformation:
  OSName: Ubuntu 24.04.4 LTS
  Kernel: 6.17.0-1018-azure
  Device: ""
  Processor: Intel(R) Xeon(R) 6973P-C
  NumSockets: 1
  Manufacturer: GenuineIntel
  NumCores: 4
  NumLogicals: 8
  CPUFrequency: 2600
  CPUMaxFrequency: 2600
  Memory: 32091
  CPUInfo:
    number: 1
    Family: 6
    Model: 13
    stepping: 1
    features: 529267711
    manufacture: GenuineIntel
    typestring: Intel(R) Xeon(R) 6973P-C
    iCoresPerPackage: 4
    iThreadsPerPackage: 2
    featuresEx:
      - 529267711
      - 4294586915
      - 739248128
    bHybrid: false
    nPCore: 0
    nLogicalsPerPCore: 0
    nECore: 0
    nLogicalsPerECore: 0
  MemModuleInfo:
    iNumMemSticks: 2
    DIMM 1:
      manufacturer: Microsoft Corporation
      modulePartNo: None
      memType: Unknown
      size: 1
      clkspeed: 0
      moduleVoltage: 0
    DIMM 2:
      manufacturer: Microsoft Corporation
      modulePartNo: None
      memType: Unknown
      size: 31
      clkspeed: 0
      moduleVoltage: 0
Checksum: 5A27B710EB69C8A63C3B508E01C618A49B880410