BaselineInfo:
  WebDBID: -1
  TimeStamp: 20241111013110
Version:
  Major: 11
  Minor: 0
  Build: 1002
  SpecialBuildName: ""
  ptArchitecture: x86_64_linux
Results:
  Results Complete: true
  NumTestProcesses: 96
  CPU_INTEGER_MATH: 477336.71566666692
  CPU_FLOATINGPOINT_MATH: 386384.79014417267
  CPU_PRIME: 1401.0647450320166
  CPU_SORTING: 252002.33657895995
  CPU_ENCRYPTION: 102481.56465631265
  CPU_COMPRESSION: 1845778.1843615649
  CPU_SINGLETHREAD: 2511.147361268163
  CPU_PHYSICS: 18409.573091523922
  CPU_MATRIX_MULT_SSE: 130957.11321885862
  CPU_mm: 15142.11924792733
  CPU_sse: 63210.065020573871
  CPU_fma: 185353.86754921934
  CPU_avx: 144307.40708678265
  CPU_avx512: 0
  m_CPU_enc_SHA: 144663069346.72418
  m_CPU_enc_AES: 91579859010.683563
  m_CPU_enc_ECDSA: 86136199065.765335
  ME_ALLOC_S: 29092.022909652464
  ME_READ_S: 25788.75390625
  ME_READ_L: 23045.173828125
  ME_WRITE: 20496.03515625
  ME_LARGE: 870114.16666666663
  ME_LATENCY: 54.736898310546309
  ME_THREADED: 305494.93310546875
  SUMM_CPU: 94593.235452904453
  SUMM_ME: 3339.4725384316907
SystemInformation:
  OSName: Ubuntu 24.04.1 LTS
  Kernel: 6.8.0-1017-azure
  Device: ""
  Processor: AMD EPYC 7V13 64-Core Processor
  NumSockets: 2
  Manufacturer: AuthenticAMD
  NumCores: 96
  NumLogicals: 96
  CPUFrequency: 0
  Memory: 886888
  MemModuleInfo:
    iNumMemSticks: 6
    DIMM 1:
      manufacturer: Microsoft Corporation
      modulePartNo: None
      memType: Unknown
      size: 1
      clkspeed: 0
      moduleVoltage: 0
    DIMM 2:
      manufacturer: Microsoft Corporation
      modulePartNo: None
      memType: Unknown
      size: 60928
      clkspeed: 0
      moduleVoltage: 0
    DIMM 3:
      manufacturer: Microsoft Corporation
      modulePartNo: None
      memType: Unknown
      size: 163328
      clkspeed: 0
      moduleVoltage: 0
    DIMM 4:
      manufacturer: Microsoft Corporation
      modulePartNo: None
      memType: Unknown
      size: 220
      clkspeed: 0
      moduleVoltage: 0
    DIMM 5:
      manufacturer: Microsoft Corporation
      modulePartNo: None
      memType: Unknown
      size: 220
      clkspeed: 0
      moduleVoltage: 0
    DIMM 6:
      manufacturer: Microsoft Corporation
      modulePartNo: None
      memType: Unknown
      size: 220
      clkspeed: 0
      moduleVoltage: 0
Checksum: 652461F22213FD1F0966844672F6E1F777684FC0