---
system-info:
      stress-ng-version: 0.17.08
      run-by: root
      date-yyyy-mm-dd: 2024:09:03
      time-hh-mm-ss: 19:35:03
      epoch-secs: 1725392103
      hostname: sc-runner
      sysname: Linux
      nodename: sc-runner
      release: 6.8.0-1013-azure
      version: '#15-Ubuntu SMP Thu Aug  8 18:40:40 UTC 2024'
      machine: x86_64
      compiler: 'musl-gcc 13.2.1'
      uptime: 367
      totalram: 33650921472
      freeram: 25039183872
      sharedram: 21393408
      bufferram: 228999168
      totalswap: 0
      freeswap: 0
      pagesize: 4096
      cpus: 8
      cpus-online: 8
      ticks-per-second: 100

metrics:
    - stressor: cpu
      bogo-ops: 246240
      bogo-ops-per-second-usr-sys-time: 1541.983314
      bogo-ops-per-second-real-time: 12311.958959
      wall-clock-time: 20.000067
      user-time: 159.637187
      system-time: 0.053257
      cpu-usage-per-instance: 99.806195
      max-rss: 3124

...
