BaselineInfo:
  WebDBID: -1
  TimeStamp: 20241111113501
Version:
  Major: 11
  Minor: 0
  Build: 1002
  SpecialBuildName: ""
  ptArchitecture: x86_64_linux
Results:
  Results Complete: true
  NumTestProcesses: 4
  CPU_INTEGER_MATH: 9083.8819999999996
  CPU_FLOATINGPOINT_MATH: 4870.9941801465075
  CPU_PRIME: 21.313871283156566
  CPU_SORTING: 4901.7529163654654
  CPU_ENCRYPTION: 1250.2814045687173
  CPU_COMPRESSION: 40773.557292827842
  CPU_SINGLETHREAD: 1468.7675480347689
  CPU_PHYSICS: 426.26426944238091
  CPU_MATRIX_MULT_SSE: 2787.4242421855411
  CPU_mm: 274.98721283515164
  CPU_sse: 996.57301539336481
  CPU_fma: 3367.3543733528732
  CPU_avx: 2384.0424707061111
  CPU_avx512: 4401.7271092898163
  m_CPU_enc_SHA: 411000912.06216973
  m_CPU_enc_AES: 3155509327.3268991
  m_CPU_enc_ECDSA: 366534982.84207284
  ME_ALLOC_S: 1023.3571490030017
  ME_READ_S: 18078.725390625001
  ME_READ_L: 5664.06103515625
  ME_WRITE: 5971.36376953125
  ME_LARGE: 208425
  ME_LATENCY: 74.377988866639768
  ME_THREADED: 15311.364013671875
  SUMM_CPU: 3277.4729340993686
  SUMM_ME: 1461.9950344599961
SystemInformation:
  OSName: Ubuntu 24.04.1 LTS
  Kernel: 6.8.0-1017-azure
  Device: ""
  Processor: Intel Xeon Platinum 8280M CPU @ 2.70GHz
  NumSockets: 1
  Manufacturer: GenuineIntel
  NumCores: 2
  NumLogicals: 4
  CPUFrequency: 0
  Memory: 220193
  MemModuleInfo:
    iNumMemSticks: 3
    DIMM 1:
      manufacturer: Microsoft Corporation
      modulePartNo: None
      memType: Unknown
      size: 1
      clkspeed: 0
      moduleVoltage: 0
    DIMM 2:
      manufacturer: Microsoft Corporation
      modulePartNo: None
      memType: Unknown
      size: 60928
      clkspeed: 0
      moduleVoltage: 0
    DIMM 3:
      manufacturer: Microsoft Corporation
      modulePartNo: None
      memType: Unknown
      size: 162048
      clkspeed: 0
      moduleVoltage: 0
Checksum: 3CD5B0095F154385B9E5FC60097B1B9152E72FAF