---
system-info:
      stress-ng-version: 0.17.08
      run-by: root
      date-yyyy-mm-dd: 2024:07:12
      time-hh-mm-ss: 11:54:02
      epoch-secs: 1720785242
      hostname: ip-172-31-59-93
      sysname: Linux
      nodename: ip-172-31-59-93
      release: 6.8.0-1010-aws
      version: '#10-Ubuntu SMP Thu Jun 13 17:36:15 UTC 2024'
      machine: x86_64
      compiler: 'musl-gcc 13.2.1'
      uptime: 142
      totalram: 794243944448
      freeram: 788511776768
      sharedram: 37523456
      bufferram: 133795840
      totalswap: 0
      freeswap: 0
      pagesize: 4096
      cpus: 96
      cpus-online: 96
      ticks-per-second: 100

metrics:
    - stressor: cpu
      bogo-ops: 61509
      bogo-ops-per-second-usr-sys-time: 3075.487982
      bogo-ops-per-second-real-time: 3075.438708
      wall-clock-time: 20.000073
      user-time: 19.999753
      system-time: 0.000000
      cpu-usage-per-instance: 99.998398
      max-rss: 768

...
