---
system-info:
      stress-ng-version: 0.17.08
      run-by: root
      date-yyyy-mm-dd: 2024:06:09
      time-hh-mm-ss: 20:22:50
      epoch-secs: 1717964570
      hostname: 0c19aae45e39
      sysname: Linux
      nodename: 0c19aae45e39
      release: 6.8.0-1008-aws
      version: '#8-Ubuntu SMP Sat Apr 20 00:46:25 UTC 2024'
      machine: x86_64
      compiler: 'musl-gcc 13.2.1'
      uptime: 125
      totalram: 794243948544
      freeram: 789108023296
      sharedram: 37539840
      bufferram: 114151424
      totalswap: 0
      freeswap: 0
      pagesize: 4096
      cpus: 96
      cpus-online: 96
      ticks-per-second: 100

metrics:
    - stressor: cpu
      bogo-ops: 17541
      bogo-ops-per-second-usr-sys-time: 1754.059481
      bogo-ops-per-second-real-time: 1754.043627
      wall-clock-time: 10.000321
      user-time: 10.000231
      system-time: 0.000000
      cpu-usage-per-instance: 99.999096
      max-rss: 3072

...
