BaselineInfo:
  WebDBID: -1
  TimeStamp: 20241219021813
Version:
  Major: 11
  Minor: 0
  Build: 1002
  SpecialBuildName: ""
  ptArchitecture: x86_64_linux
Results:
  Results Complete: true
  NumTestProcesses: 32
  CPU_INTEGER_MATH: 149839.44133333332
  CPU_FLOATINGPOINT_MATH: 110091.60577198492
  CPU_PRIME: 463.03247846313087
  CPU_SORTING: 86820.060713667204
  CPU_ENCRYPTION: 37140.885098003324
  CPU_COMPRESSION: 671633.61191495019
  CPU_SINGLETHREAD: 2187.4795438832198
  CPU_PHYSICS: 6030.4197758278087
  CPU_MATRIX_MULT_SSE: 54722.117699372015
  CPU_mm: 6439.7109157796713
  CPU_sse: 25006.762247332405
  CPU_fma: 78129.109023990284
  CPU_avx: 61030.481826793352
  CPU_avx512: 0
  m_CPU_enc_SHA: 52415145167.280327
  m_CPU_enc_AES: 33906817198.411453
  m_CPU_enc_ECDSA: 30513159831.880035
  ME_ALLOC_S: 16583.332698511731
  ME_READ_S: 25350.635937499999
  ME_READ_L: 9966.30078125
  ME_WRITE: 9794.8515625
  ME_LARGE: 51834.583333333336
  ME_LATENCY: 70.178261328789418
  ME_THREADED: 67552.1796875
  SUMM_CPU: 47182.254168081032
  SUMM_ME: 2267.5660681385284
SystemInformation:
  OSName: Ubuntu 24.04.1 LTS
  Kernel: 6.8.0-31-generic
  Device: ""
  Processor: AMD EPYC 7542 32-Core Processor
  NumSockets: 1
  Manufacturer: AuthenticAMD
  NumCores: 32
  NumLogicals: 32
  CPUFrequency: 0
  Memory: 64258
  MemModuleInfo:
    iNumMemSticks: 4
    DIMM 1:
      manufacturer: QEMU
      modulePartNo: Not Specified
      memType: RAM
      size: 16
      clkspeed: 0
      moduleVoltage: 0
    DIMM 2:
      manufacturer: QEMU
      modulePartNo: Not Specified
      memType: RAM
      size: 16
      clkspeed: 0
      moduleVoltage: 0
    DIMM 3:
      manufacturer: QEMU
      modulePartNo: Not Specified
      memType: RAM
      size: 16
      clkspeed: 0
      moduleVoltage: 0
    DIMM 4:
      manufacturer: QEMU
      modulePartNo: Not Specified
      memType: RAM
      size: 16
      clkspeed: 0
      moduleVoltage: 0
Checksum: CA7DBD9D01266912C15B0AF3F180950B25161D4B