BaselineInfo:
  WebDBID: -1
  TimeStamp: 20260404080519
Version:
  Major: 11
  Minor: 0
  Build: 1004
  SpecialBuildName: ""
  ptArchitecture: x86_64_linux
Results:
  Results Complete: true
  NumTestProcesses: 16
  CPU_INTEGER_MATH: 46722.709666666677
  CPU_FLOATINGPOINT_MATH: 33064.902224483027
  CPU_PRIME: 92.116989517218002
  CPU_SORTING: 31145.927880613042
  CPU_ENCRYPTION: 6172.3236135755651
  CPU_COMPRESSION: 239094.13941303504
  CPU_SINGLETHREAD: 1612.5935771604027
  CPU_PHYSICS: 1664.4129807701388
  CPU_MATRIX_MULT_SSE: 18005.117378064322
  CPU_mm: 2022.8975184022677
  CPU_sse: 7702.4277183022614
  CPU_fma: 23810.006143026152
  CPU_avx: 16314.015744600798
  CPU_avx512: 24194.019906328082
  m_CPU_enc_SHA: 2986381663.1726961
  m_CPU_enc_AES: 13673138014.25626
  m_CPU_enc_ECDSA: 2756931538.8568802
  ME_ALLOC_S: 3665.0964245185
  ME_READ_S: 18879.839746093749
  ME_READ_L: 6245.30078125
  ME_WRITE: 7089.87744140625
  ME_LARGE: 7639.75
  ME_LATENCY: 84.353603978483832
  ME_THREADED: 82012.6865234375
  SUMM_CPU: 16295.729842261486
  SUMM_ME: 1607.0062690715208
SystemInformation:
  OSName: Ubuntu 24.04.4 LTS
  Kernel: 6.8.0-106-generic
  Device: ""
  Processor: Intel(R) Xeon(R) Platinum 8163 CPU @ 2.50GHz
  NumSockets: 1
  Manufacturer: GenuineIntel
  NumCores: 8
  NumLogicals: 16
  CPUFrequency: 2500
  CPUMaxFrequency: 3100
  Memory: 15603
  CPUInfo:
    number: 1
    Family: 6
    Model: 5
    stepping: 4
    features: 529267711
    manufacture: GenuineIntel
    typestring: Intel(R) Xeon(R) Platinum 8163 CPU @ 2.50GHz
    iCoresPerPackage: 8
    iThreadsPerPackage: 2
    featuresEx:
      - 529267711
      - 4294586883
      - 739248128
    bHybrid: false
    nPCore: 0
    nLogicalsPerPCore: 0
    nECore: 0
    nLogicalsPerECore: 0
  MemModuleInfo:
    iNumMemSticks: 1
    DIMM 1:
      manufacturer: Alibaba Cloud
      modulePartNo: Not Specified
      memType: RAM
      size: 16
      clkspeed: 0
      moduleVoltage: 0
Checksum: 572163BF94F3D25B2BAC36462D4A39361A5F6393