BaselineInfo:
  WebDBID: -1
  TimeStamp: 20241109051731
Version:
  Major: 11
  Minor: 0
  Build: 1002
  SpecialBuildName: ""
  ptArchitecture: aarch64_linux
Results:
  Results Complete: true
  NumTestProcesses: 64
  CPU_INTEGER_MATH: 252848.98666666661
  CPU_FLOATINGPOINT_MATH: 192358.31793976272
  CPU_PRIME: 253.3969195364127
  CPU_SORTING: 176349.75058675467
  CPU_ENCRYPTION: 8762.4718743685335
  CPU_COMPRESSION: 305567.27438988432
  CPU_SINGLETHREAD: 1114.5314363833322
  CPU_PHYSICS: 4138.5314920777091
  CPU_MATRIX_MULT_SSE: 39955.108147093553
  CPU_mm: 6655.7956683166067
  CPU_sse: 33443.347338036227
  CPU_fma: 46466.86895615088
  CPU_avx: 0
  CPU_avx512: 0
  m_CPU_enc_SHA: 13147356982.040894
  m_CPU_enc_AES: 6082852468.5527668
  m_CPU_enc_ECDSA: 8334143673.8199186
  ME_ALLOC_S: 20555.964441958586
  ME_READ_S: 9505.8778320312504
  ME_READ_L: 9227.6904296875
  ME_WRITE: 12430.37890625
  ME_LARGE: 501255.08333333331
  ME_LATENCY: 69.105046039470707
  ME_THREADED: 169877.6513671875
  SUMM_CPU: 28200.73453053823
  SUMM_ME: 1858.9835514075935
SystemInformation:
  OSName: Ubuntu 24.04.1 LTS
  Kernel: 6.8.0-1016-aws
  Device: ""
  Processor: ARM Neoverse-N1 64 Core 0 MHz
  NumSockets: 1
  Manufacturer: ARM
  NumCores: 64
  NumLogicals: 64
  CPUFrequency: 0
  Memory: 514743
Checksum: B2D998A16FC086209037916A2372E3FB4237911F