---
system-info:
      stress-ng-version: 0.17.08
      run-by: root
      date-yyyy-mm-dd: 2024:06:10
      time-hh-mm-ss: 10:59:12
      epoch-secs: 1718017152
      hostname: 76de6af29514
      sysname: Linux
      nodename: 76de6af29514
      release: 6.8.0-1008-aws
      version: '#8-Ubuntu SMP Sat Apr 20 00:46:25 UTC 2024'
      machine: x86_64
      compiler: 'musl-gcc 13.2.1'
      uptime: 212
      totalram: 16555192320
      freeram: 9863933952
      sharedram: 11649024
      bufferram: 97361920
      totalswap: 0
      freeswap: 0
      pagesize: 4096
      cpus: 4
      cpus-online: 4
      ticks-per-second: 100

metrics:
    - stressor: cpu
      bogo-ops: 13918
      bogo-ops-per-second-usr-sys-time: 1391.820181
      bogo-ops-per-second-real-time: 1391.789216
      wall-clock-time: 10.000077
      user-time: 9.998856
      system-time: 0.000999
      cpu-usage-per-instance: 99.997775
      max-rss: 3920

...
