---
system-info:
      stress-ng-version: 0.17.08
      run-by: root
      date-yyyy-mm-dd: 2024:06:14
      time-hh-mm-ss: 13:44:10
      epoch-secs: 1718372650
      hostname: bd9dc1b171c2
      sysname: Linux
      nodename: bd9dc1b171c2
      release: 6.8.0-1008-aws
      version: '#8-Ubuntu SMP Sat Apr 20 00:46:25 UTC 2024'
      machine: x86_64
      compiler: 'musl-gcc 13.2.1'
      uptime: 251
      totalram: 16555192320
      freeram: 9861955584
      sharedram: 11649024
      bufferram: 96903168
      totalswap: 0
      freeswap: 0
      pagesize: 4096
      cpus: 4
      cpus-online: 4
      ticks-per-second: 100

metrics:
    - stressor: cpu
      bogo-ops: 15376
      bogo-ops-per-second-usr-sys-time: 768.818144
      bogo-ops-per-second-real-time: 768.797370
      wall-clock-time: 20.000068
      user-time: 19.998529
      system-time: 0.000999
      cpu-usage-per-instance: 99.997298
      max-rss: 976

...
