---
system-info:
      stress-ng-version: 0.17.08
      run-by: root
      date-yyyy-mm-dd: 2024:06:17
      time-hh-mm-ss: 08:34:31
      epoch-secs: 1718613271
      hostname: 00d6922a5aac
      sysname: Linux
      nodename: 00d6922a5aac
      release: 6.8.0-1008-aws
      version: '#8-Ubuntu SMP Sat Apr 20 00:46:25 UTC 2024'
      machine: x86_64
      compiler: 'musl-gcc 13.2.1'
      uptime: 273
      totalram: 16555188224
      freeram: 9301233664
      sharedram: 11689984
      bufferram: 114962432
      totalswap: 0
      freeswap: 0
      pagesize: 4096
      cpus: 4
      cpus-online: 4
      ticks-per-second: 100

metrics:
    - stressor: cpu
      bogo-ops: 15333
      bogo-ops-per-second-usr-sys-time: 766.681626
      bogo-ops-per-second-real-time: 766.640824
      wall-clock-time: 20.000239
      user-time: 19.999175
      system-time: 0.000000
      cpu-usage-per-instance: 99.994678
      max-rss: 1104

...
