---
system-info:
      stress-ng-version: 0.17.08
      run-by: root
      date-yyyy-mm-dd: 2024:06:17
      time-hh-mm-ss: 07:47:30
      epoch-secs: 1718610450
      hostname: 7bc77e0e38ac
      sysname: Linux
      nodename: 7bc77e0e38ac
      release: 6.8.0-1008-aws
      version: '#8-Ubuntu SMP Sat Apr 20 00:46:25 UTC 2024'
      machine: x86_64
      compiler: 'musl-gcc 13.2.1'
      uptime: 273
      totalram: 16555192320
      freeram: 9794899968
      sharedram: 11689984
      bufferram: 101953536
      totalswap: 0
      freeswap: 0
      pagesize: 4096
      cpus: 4
      cpus-online: 4
      ticks-per-second: 100

metrics:
    - stressor: cpu
      bogo-ops: 15333
      bogo-ops-per-second-usr-sys-time: 766.713714
      bogo-ops-per-second-real-time: 766.644133
      wall-clock-time: 20.000153
      user-time: 19.992338
      system-time: 0.006000
      cpu-usage-per-instance: 99.990925
      max-rss: 1104

...
