---
system-info:
      stress-ng-version: 0.17.08
      run-by: root
      date-yyyy-mm-dd: 2024:09:24
      time-hh-mm-ss: 02:44:39
      epoch-secs: 1727145879
      hostname: c4-standard-96-ea8aeb6
      sysname: Linux
      nodename: c4-standard-96-ea8aeb6
      release: 6.8.0-1014-gcp
      version: '#16-Ubuntu SMP Mon Aug 26 15:55:46 UTC 2024'
      machine: x86_64
      compiler: 'musl-gcc 13.2.1'
      uptime: 217
      totalram: 380349366272
      freeram: 368698433536
      sharedram: 547598336
      bufferram: 253624320
      totalswap: 0
      freeswap: 0
      pagesize: 4096
      cpus: 96
      cpus-online: 96
      ticks-per-second: 100

metrics:
    - stressor: cpu
      bogo-ops: 41872
      bogo-ops-per-second-usr-sys-time: 2093.591730
      bogo-ops-per-second-real-time: 2093.596481
      wall-clock-time: 20.000034
      user-time: 20.000079
      system-time: 0.000000
      cpu-usage-per-instance: 100.000227
      max-rss: 768

...
