BaselineInfo:
  WebDBID: -1
  TimeStamp: 20241109000334
Version:
  Major: 11
  Minor: 0
  Build: 1002
  SpecialBuildName: ""
  ptArchitecture: x86_64_linux
Results:
  Results Complete: true
  NumTestProcesses: 32
  CPU_INTEGER_MATH: 99681.585999999981
  CPU_FLOATINGPOINT_MATH: 53480.582497782336
  CPU_PRIME: 114.17365839730006
  CPU_SORTING: 48765.701945694265
  CPU_ENCRYPTION: 13281.143548420041
  CPU_COMPRESSION: 431570.41428569646
  CPU_SINGLETHREAD: 2020.4774250184014
  CPU_PHYSICS: 1997.1542264270438
  CPU_MATRIX_MULT_SSE: 26705.279090248841
  CPU_mm: 2902.2271207421395
  CPU_sse: 10410.311329524575
  CPU_fma: 32664.552205353844
  CPU_avx: 23074.390232732228
  CPU_avx512: 40671.862593384736
  m_CPU_enc_SHA: 4474779773.3743505
  m_CPU_enc_AES: 33322520006.721828
  m_CPU_enc_ECDSA: 3981565352.1880984
  ME_ALLOC_S: 10521.568186260496
  ME_READ_S: 24112.322851562501
  ME_READ_L: 11439.486328125
  ME_WRITE: 9931.0634765625
  ME_LARGE: 118106.25
  ME_LATENCY: 57.53572367842748
  ME_THREADED: 83622.626708984375
  SUMM_CPU: 27072.360476600516
  SUMM_ME: 2555.8876686986086
SystemInformation:
  OSName: Ubuntu 24.04.1 LTS
  Kernel: 6.8.0-1017-azure
  Device: ""
  Processor: Intel Xeon Platinum 8272CL CPU @ 2.60GHz
  NumSockets: 1
  Manufacturer: GenuineIntel
  NumCores: 16
  NumLogicals: 32
  CPUFrequency: 0
  Memory: 128803
  MemModuleInfo:
    iNumMemSticks: 3
    DIMM 1:
      manufacturer: Microsoft Corporation
      modulePartNo: None
      memType: Unknown
      size: 1
      clkspeed: 0
      moduleVoltage: 0
    DIMM 2:
      manufacturer: Microsoft Corporation
      modulePartNo: None
      memType: Unknown
      size: 60928
      clkspeed: 0
      moduleVoltage: 0
    DIMM 3:
      manufacturer: Microsoft Corporation
      modulePartNo: None
      memType: Unknown
      size: 69120
      clkspeed: 0
      moduleVoltage: 0
Checksum: F64B698C625961DDB393EB3E09A7228EAF6F7C1D