---
system-info:
      stress-ng-version: 0.17.08
      run-by: root
      date-yyyy-mm-dd: 2024:06:15
      time-hh-mm-ss: 13:27:10
      epoch-secs: 1718458030
      hostname: e3e6ee80c0c0
      sysname: Linux
      nodename: e3e6ee80c0c0
      release: 6.8.0-1008-aws
      version: '#8-Ubuntu SMP Sat Apr 20 00:46:25 UTC 2024'
      machine: x86_64
      compiler: 'musl-gcc 13.2.1'
      uptime: 269
      totalram: 64254877696
      freeram: 57614626816
      sharedram: 48513024
      bufferram: 104361984
      totalswap: 0
      freeswap: 0
      pagesize: 4096
      cpus: 4
      cpus-online: 4
      ticks-per-second: 100

metrics:
    - stressor: cpu
      bogo-ops: 17601
      bogo-ops-per-second-usr-sys-time: 880.068349
      bogo-ops-per-second-real-time: 880.043758
      wall-clock-time: 20.000142
      user-time: 19.999583
      system-time: 0.000000
      cpu-usage-per-instance: 99.997206
      max-rss: 976

...
