---
system-info:
      stress-ng-version: 0.17.08
      run-by: root
      date-yyyy-mm-dd: 2024:06:09
      time-hh-mm-ss: 11:19:17
      epoch-secs: 1717931957
      hostname: 1446d2aea445
      sysname: Linux
      nodename: 1446d2aea445
      release: 6.8.0-1008-aws
      version: '#8-Ubuntu SMP Sat Apr 20 00:46:25 UTC 2024'
      machine: x86_64
      compiler: 'musl-gcc 13.2.1'
      uptime: 256
      totalram: 64254857216
      freeram: 57523671040
      sharedram: 48513024
      bufferram: 101928960
      totalswap: 0
      freeswap: 0
      pagesize: 4096
      cpus: 4
      cpus-online: 4
      ticks-per-second: 100

metrics:
    - stressor: cpu
      bogo-ops: 11528
      bogo-ops-per-second-usr-sys-time: 1152.599563
      bogo-ops-per-second-real-time: 1152.574586
      wall-clock-time: 10.001956
      user-time: 10.001739
      system-time: 0.000000
      cpu-usage-per-instance: 99.997833
      max-rss: 3792

...
