---
system-info:
      stress-ng-version: 0.17.08
      run-by: root
      date-yyyy-mm-dd: 2024:06:09
      time-hh-mm-ss: 22:40:00
      epoch-secs: 1717972800
      hostname: 070a398dc1d1
      sysname: Linux
      nodename: 070a398dc1d1
      release: 6.8.0-1008-aws
      version: '#8-Ubuntu SMP Sat Apr 20 02:43:14 UTC 2024'
      machine: aarch64
      compiler: 'musl-gcc 13.2.1'
      uptime: 121
      totalram: 66201268224
      freeram: 61595803648
      sharedram: 34996224
      bufferram: 112369664
      totalswap: 0
      freeswap: 0
      pagesize: 4096
      cpus: 8
      cpus-online: 8
      ticks-per-second: 100

metrics:
    - stressor: cpu
      bogo-ops: 4267
      bogo-ops-per-second-usr-sys-time: 424.906004
      bogo-ops-per-second-real-time: 424.903681
      wall-clock-time: 10.042276
      user-time: 10.041222
      system-time: 0.000999
      cpu-usage-per-instance: 99.999453
      max-rss: 4008

...
