---
system-info:
      stress-ng-version: 0.17.08
      run-by: root
      date-yyyy-mm-dd: 2024:06:16
      time-hh-mm-ss: 02:52:03
      epoch-secs: 1718506323
      hostname: e3647208a3d5
      sysname: Linux
      nodename: e3647208a3d5
      release: 6.8.0-1008-aws
      version: '#8-Ubuntu SMP Sat Apr 20 02:43:14 UTC 2024'
      machine: aarch64
      compiler: 'musl-gcc 13.2.1'
      uptime: 133
      totalram: 66201268224
      freeram: 61835272192
      sharedram: 34996224
      bufferram: 109260800
      totalswap: 0
      freeswap: 0
      pagesize: 4096
      cpus: 8
      cpus-online: 8
      ticks-per-second: 100

metrics:
    - stressor: cpu
      bogo-ops: 30660
      bogo-ops-per-second-usr-sys-time: 1532.969111
      bogo-ops-per-second-real-time: 1532.992178
      wall-clock-time: 20.000102
      user-time: 19.999404
      system-time: 0.000999
      cpu-usage-per-instance: 100.001505
      max-rss: 1320

...
