---
system-info:
      stress-ng-version: 0.17.08
      run-by: root
      date-yyyy-mm-dd: 2024:09:16
      time-hh-mm-ss: 21:18:31
      epoch-secs: 1726521511
      hostname: sc-runner
      sysname: Linux
      nodename: sc-runner
      release: 6.8.0-1014-azure
      version: '#16-Ubuntu SMP Thu Aug 15 20:04:41 UTC 2024'
      machine: x86_64
      compiler: 'musl-gcc 13.2.1'
      uptime: 315
      totalram: 135067009024
      freeram: 124707540992
      sharedram: 42287104
      bufferram: 246276096
      totalswap: 0
      freeswap: 0
      pagesize: 4096
      cpus: 16
      cpus-online: 16
      ticks-per-second: 100

metrics:
    - stressor: cpu
      bogo-ops: 215302
      bogo-ops-per-second-usr-sys-time: 674.620057
      bogo-ops-per-second-real-time: 10765.013442
      wall-clock-time: 20.000161
      user-time: 319.095485
      system-time: 0.050081
      cpu-usage-per-instance: 99.732187
      max-rss: 3152

...
