---
system-info:
      stress-ng-version: 0.17.08
      run-by: root
      date-yyyy-mm-dd: 2024:06:15
      time-hh-mm-ss: 15:41:09
      epoch-secs: 1718466069
      hostname: deac410113c4
      sysname: Linux
      nodename: deac410113c4
      release: 6.8.0-1008-aws
      version: '#8-Ubuntu SMP Sat Apr 20 00:46:25 UTC 2024'
      machine: x86_64
      compiler: 'musl-gcc 13.2.1'
      uptime: 186
      totalram: 33355460608
      freeram: 29043462144
      sharedram: 11624448
      bufferram: 110104576
      totalswap: 0
      freeswap: 0
      pagesize: 4096
      cpus: 4
      cpus-online: 4
      ticks-per-second: 100

metrics:
    - stressor: cpu
      bogo-ops: 11814
      bogo-ops-per-second-usr-sys-time: 590.726967
      bogo-ops-per-second-real-time: 590.698373
      wall-clock-time: 20.000055
      user-time: 19.999087
      system-time: 0.000000
      cpu-usage-per-instance: 99.995160
      max-rss: 1104

...
