---
system-info:
      stress-ng-version: 0.17.08
      run-by: root
      date-yyyy-mm-dd: 2024:06:09
      time-hh-mm-ss: 13:24:34
      epoch-secs: 1717939474
      hostname: 46cafe6b9ef6
      sysname: Linux
      nodename: 46cafe6b9ef6
      release: 6.8.0-1008-aws
      version: '#8-Ubuntu SMP Sat Apr 20 00:46:25 UTC 2024'
      machine: x86_64
      compiler: 'musl-gcc 13.2.1'
      uptime: 171
      totalram: 33355460608
      freeram: 28927365120
      sharedram: 11624448
      bufferram: 108417024
      totalswap: 0
      freeswap: 0
      pagesize: 4096
      cpus: 4
      cpus-online: 4
      ticks-per-second: 100

metrics:
    - stressor: cpu
      bogo-ops: 9863
      bogo-ops-per-second-usr-sys-time: 986.252167
      bogo-ops-per-second-real-time: 986.290547
      wall-clock-time: 10.000096
      user-time: 9.998485
      system-time: 0.002000
      cpu-usage-per-instance: 100.003892
      max-rss: 3920

...
