BaselineInfo:
  WebDBID: -1
  TimeStamp: 20241107065557
Version:
  Major: 11
  Minor: 0
  Build: 1002
  SpecialBuildName: ""
  ptArchitecture: x86_64_linux
Results:
  Results Complete: true
  NumTestProcesses: 2
  CPU_INTEGER_MATH: 8636.0139999999992
  CPU_FLOATINGPOINT_MATH: 6172.00727978344
  CPU_PRIME: 17.847232085688727
  CPU_SORTING: 4338.2901322194211
  CPU_ENCRYPTION: 1908.460115368611
  CPU_COMPRESSION: 32889.307543735806
  CPU_SINGLETHREAD: 2611.6339566236275
  CPU_PHYSICS: 413.40833239515302
  CPU_MATRIX_MULT_SSE: 2019.24238132904
  CPU_mm: 236.23210455372322
  CPU_sse: 1024.3007780254281
  CPU_fma: 2407.5545339132896
  CPU_avx: 1885.3924098353114
  CPU_avx512: 2759.7218035421301
  m_CPU_enc_SHA: 2009164154.3076615
  m_CPU_enc_AES: 2596091617.6888065
  m_CPU_enc_ECDSA: 1398240649.8018019
  ME_ALLOC_S: 1007.0403003109725
  ME_READ_S: 24183.030468749999
  ME_READ_L: 8768.708984375
  ME_WRITE: 12325.2841796875
  ME_LARGE: 595.33333333333337
  ME_LATENCY: 84.912286418092663
  ME_THREADED: 11725.1796875
  SUMM_CPU: 3311.130304080968
  SUMM_ME: 864.32008824310776
SystemInformation:
  OSName: Ubuntu 24.04.1 LTS
  Kernel: 6.8.0-1016-aws
  Device: ""
  Processor: Intel Xeon Platinum 8488C
  NumSockets: 1
  Manufacturer: GenuineIntel
  NumCores: 1
  NumLogicals: 2
  CPUFrequency: 0
  Memory: 7780
  MemModuleInfo:
    iNumMemSticks: 1
    DIMM 1:
      manufacturer: Not Specified
      modulePartNo: Not Specified
      memType: DDR5
      size: 8
      clkspeed: 2400
      moduleVoltage: 0
Checksum: CD72E1478981450821C348946BEC047A838AC283