BaselineInfo:
  WebDBID: -1
  TimeStamp: 20241109051714
Version:
  Major: 11
  Minor: 0
  Build: 1002
  SpecialBuildName: ""
  ptArchitecture: aarch64_linux
Results:
  Results Complete: true
  NumTestProcesses: 48
  CPU_INTEGER_MATH: 189616.05533333335
  CPU_FLOATINGPOINT_MATH: 143840.02369565793
  CPU_PRIME: 207.58754829851537
  CPU_SORTING: 133649.66397194625
  CPU_ENCRYPTION: 6564.3274649371042
  CPU_COMPRESSION: 228738.0810104043
  CPU_SINGLETHREAD: 1109.5594502375902
  CPU_PHYSICS: 3555.1727300781663
  CPU_MATRIX_MULT_SSE: 29823.1286753881
  CPU_mm: 5012.7545657117907
  CPU_sse: 24860.855912737774
  CPU_fma: 34785.40143803844
  CPU_avx: 0
  CPU_avx512: 0
  m_CPU_enc_SHA: 9857945849.9190311
  m_CPU_enc_AES: 4546028843.8280888
  m_CPU_enc_ECDSA: 6245614013.8745508
  ME_ALLOC_S: 20192.554472711305
  ME_READ_S: 9484.6155273437507
  ME_READ_L: 9187.8759765625
  ME_WRITE: 12588.107421875
  ME_LARGE: 82350.166666666672
  ME_LATENCY: 70.070987229211923
  ME_THREADED: 165164.5029296875
  SUMM_CPU: 23249.132312924077
  SUMM_ME: 1836.2083531046012
SystemInformation:
  OSName: Ubuntu 24.04.1 LTS
  Kernel: 6.8.0-1016-aws
  Device: ""
  Processor: ARM Neoverse-N1 48 Core 0 MHz
  NumSockets: 1
  Manufacturer: ARM
  NumCores: 48
  NumLogicals: 48
  CPUFrequency: 0
  Memory: 94812
Checksum: D2C4FD928D96C92BDFE0C9350282EC8BF68B2890