---
system-info:
      stress-ng-version: 0.17.08
      run-by: root
      date-yyyy-mm-dd: 2024:06:09
      time-hh-mm-ss: 20:23:58
      epoch-secs: 1717964638
      hostname: 5422d8884dc7
      sysname: Linux
      nodename: 5422d8884dc7
      release: 6.8.0-1008-aws
      version: '#8-Ubuntu SMP Sat Apr 20 00:46:25 UTC 2024'
      machine: x86_64
      compiler: 'musl-gcc 13.2.1'
      uptime: 122
      totalram: 1059475767296
      freeram: 1053067796480
      sharedram: 71925760
      bufferram: 113717248
      totalswap: 0
      freeswap: 0
      pagesize: 4096
      cpus: 128
      cpus-online: 128
      ticks-per-second: 100

metrics:
    - stressor: cpu
      bogo-ops: 2269946
      bogo-ops-per-second-usr-sys-time: 1776.445615
      bogo-ops-per-second-real-time: 226970.707766
      wall-clock-time: 10.001053
      user-time: 1277.661222
      system-time: 0.140913
      cpu-usage-per-instance: 99.817784
      max-rss: 3072

...
