---
system-info:
      stress-ng-version: 0.17.08
      run-by: root
      date-yyyy-mm-dd: 2024:06:15
      time-hh-mm-ss: 22:56:28
      epoch-secs: 1718492188
      hostname: 2a8d581ae1b1
      sysname: Linux
      nodename: 2a8d581ae1b1
      release: 6.8.0-1008-aws
      version: '#8-Ubuntu SMP Sat Apr 20 00:46:25 UTC 2024'
      machine: x86_64
      compiler: 'musl-gcc 13.2.1'
      uptime: 118
      totalram: 1059475759104
      freeram: 1053407461376
      sharedram: 71925760
      bufferram: 109645824
      totalswap: 0
      freeswap: 0
      pagesize: 4096
      cpus: 128
      cpus-online: 128
      ticks-per-second: 100

metrics:
    - stressor: cpu
      bogo-ops: 7858335
      bogo-ops-per-second-usr-sys-time: 3072.353701
      bogo-ops-per-second-real-time: 392915.765572
      wall-clock-time: 20.000050
      user-time: 2557.688304
      system-time: 0.068961
      cpu-usage-per-instance: 99.912143
      max-rss: 0

...
