---
system-info:
      stress-ng-version: 0.17.08
      run-by: root
      date-yyyy-mm-dd: 2024:07:11
      time-hh-mm-ss: 16:20:18
      epoch-secs: 1720714818
      hostname: ip-172-31-62-90
      sysname: Linux
      nodename: ip-172-31-62-90
      release: 6.8.0-1010-aws
      version: '#10-Ubuntu SMP Thu Jun 13 17:48:42 UTC 2024'
      machine: aarch64
      compiler: 'musl-gcc 13.2.1'
      uptime: 143
      totalram: 133448560640
      freeram: 128154046464
      sharedram: 35016704
      bufferram: 135712768
      totalswap: 0
      freeswap: 0
      pagesize: 4096
      cpus: 8
      cpus-online: 8
      ticks-per-second: 100

metrics:
    - stressor: cpu
      bogo-ops: 242758
      bogo-ops-per-second-usr-sys-time: 1519.803260
      bogo-ops-per-second-real-time: 12137.856338
      wall-clock-time: 20.000072
      user-time: 159.716897
      system-time: 0.012988
      cpu-usage-per-instance: 99.830819
      max-rss: 1320

...
