BaselineInfo:
  WebDBID: -1
  TimeStamp: 20260407093749
Version:
  Major: 11
  Minor: 0
  Build: 1004
  SpecialBuildName: ""
  ptArchitecture: x86_64_linux
Results:
  Results Complete: true
  NumTestProcesses: 32
  CPU_INTEGER_MATH: 134893.34966666668
  CPU_FLOATINGPOINT_MATH: 68975.880713058868
  CPU_PRIME: 191.08985530706579
  CPU_SORTING: 69512.402437743382
  CPU_ENCRYPTION: 29233.704079430368
  CPU_COMPRESSION: 497957.36508747336
  CPU_SINGLETHREAD: 2372.0771177468182
  CPU_PHYSICS: 3405.0430973828802
  CPU_MATRIX_MULT_SSE: 28183.154352506168
  CPU_mm: 2907.1123549580684
  CPU_sse: 12760.738769656931
  CPU_fma: 34460.624480515384
  CPU_avx: 25950.550166087723
  CPU_avx512: 39560.703993764677
  m_CPU_enc_SHA: 29425091643.357708
  m_CPU_enc_AES: 44482897570.606308
  m_CPU_enc_ECDSA: 18053292252.414288
  ME_ALLOC_S: 15148.350728669049
  ME_READ_S: 23638.494335937499
  ME_READ_L: 12698.0927734375
  ME_WRITE: 11616.4970703125
  ME_LARGE: 48050.25
  ME_LATENCY: 52.016662793208404
  ME_THREADED: 145133.0859375
  SUMM_CPU: 36838.074486810081
  SUMM_ME: 2789.6014684440479
SystemInformation:
  OSName: Ubuntu 24.04.4 LTS
  Kernel: 6.8.0-106-generic
  Device: ""
  Processor: Intel(R) Xeon(R) Platinum 8369B CPU @ 2.90GHz
  NumSockets: 1
  Manufacturer: GenuineIntel
  NumCores: 16
  NumLogicals: 32
  CPUFrequency: 0
  CPUMaxFrequency: 0
  Memory: 61860
  CPUInfo:
    number: 1
    Family: 6
    Model: 10
    stepping: 6
    features: 529267711
    manufacture: GenuineIntel
    typestring: Intel(R) Xeon(R) Platinum 8369B CPU @ 2.90GHz
    iCoresPerPackage: 16
    iThreadsPerPackage: 2
    featuresEx:
      - 529267711
      - 4277809667
      - 739248128
    bHybrid: false
    nPCore: 0
    nLogicalsPerPCore: 0
    nECore: 0
    nLogicalsPerECore: 0
  MemModuleInfo:
    iNumMemSticks: 4
    DIMM 1:
      manufacturer: Alibaba Cloud
      modulePartNo: Not Specified
      memType: RAM
      size: 16
      clkspeed: 0
      moduleVoltage: 0
    DIMM 2:
      manufacturer: Alibaba Cloud
      modulePartNo: Not Specified
      memType: RAM
      size: 16
      clkspeed: 0
      moduleVoltage: 0
    DIMM 3:
      manufacturer: Alibaba Cloud
      modulePartNo: Not Specified
      memType: RAM
      size: 16
      clkspeed: 0
      moduleVoltage: 0
    DIMM 4:
      manufacturer: Alibaba Cloud
      modulePartNo: Not Specified
      memType: RAM
      size: 16
      clkspeed: 0
      moduleVoltage: 0
Checksum: B803FBB597F6EAB1EE77F828142BD3B8BB97B52E