---
system-info:
      stress-ng-version: 0.17.08
      run-by: root
      date-yyyy-mm-dd: 2024:06:28
      time-hh-mm-ss: 20:39:42
      epoch-secs: 1719607182
      hostname: c3d-standard-360-lssd-4329cba
      sysname: Linux
      nodename: c3d-standard-360-lssd-4329cba
      release: 6.8.0-1009-gcp
      version: '#10-Ubuntu SMP Wed Jun 12 18:52:23 UTC 2024'
      machine: x86_64
      compiler: 'musl-gcc 13.2.1'
      uptime: 135
      totalram: 1521705140224
      freeram: 1514056232960
      sharedram: 71221248
      bufferram: 132190208
      totalswap: 0
      freeswap: 0
      pagesize: 4096
      cpus: 360
      cpus-online: 360
      ticks-per-second: 100

metrics:
    - stressor: cpu
      bogo-ops: 11067768
      bogo-ops-per-second-usr-sys-time: 1538.166146
      bogo-ops-per-second-real-time: 553386.774711
      wall-clock-time: 20.000059
      user-time: 7195.305853
      system-time: 0.124905
      cpu-usage-per-instance: 99.936245
      max-rss: 0

...
