BaselineInfo:
  WebDBID: -1
  TimeStamp: 20260611141305
Version:
  Major: 11
  Minor: 0
  Build: 1004
  SpecialBuildName: ""
  ptArchitecture: aarch64_linux
Results:
  Results Complete: true
  NumTestProcesses: 48
  CPU_INTEGER_MATH: 294073.50366666663
  CPU_FLOATINGPOINT_MATH: 367528.14882194885
  CPU_PRIME: 592.4259833309635
  CPU_SORTING: 231933.03069338039
  CPU_ENCRYPTION: 14330.439812489969
  CPU_COMPRESSION: 448100.95200791833
  CPU_SINGLETHREAD: 2467.1128987478887
  CPU_PHYSICS: 10575.285068533713
  CPU_MATRIX_MULT_SSE: 64627.280161482813
  CPU_mm: 6437.0213459808201
  CPU_sse: 51365.935072138207
  CPU_fma: 77888.625250827405
  CPU_avx: 0
  CPU_avx512: 0
  m_CPU_enc_SHA: 24319009346.352814
  m_CPU_enc_AES: 6647359290.5203285
  m_CPU_enc_ECDSA: 14113297133.591297
  ME_ALLOC_S: 46882.253572053523
  ME_READ_S: 24162.616992187501
  ME_READ_L: 24708.220703125
  ME_WRITE: 25058.53125
  ME_LARGE: 179161.5
  ME_LATENCY: 24.895861993916032
  ME_THREADED: 203139.94873046875
  SUMM_CPU: 49297.390956724645
  SUMM_ME: 4719.6708523021962
SystemInformation:
  OSName: Ubuntu 24.04.4 LTS
  Kernel: 6.17.0-1017-aws
  Device: ""
  Processor: ARM Neoverse-V3 48 Core 0 MHz
  NumSockets: 1
  Manufacturer: ARM
  NumCores: 48
  NumLogicals: 48
  CPUFrequency: 0
  CPUMaxFrequency: 0
  Memory: 189744
Checksum: 2D2234C30FBB10630282A069A14C050EEBF1C98F