---
system-info:
      stress-ng-version: 0.17.08
      run-by: root
      date-yyyy-mm-dd: 2024:07:03
      time-hh-mm-ss: 17:30:12
      epoch-secs: 1720027812
      hostname: c3d-standard-180-d9d0e64
      sysname: Linux
      nodename: c3d-standard-180-d9d0e64
      release: 6.8.0-1009-gcp
      version: '#10-Ubuntu SMP Wed Jun 12 18:52:23 UTC 2024'
      machine: x86_64
      compiler: 'musl-gcc 13.2.1'
      uptime: 154
      totalram: 760425164800
      freeram: 754372104192
      sharedram: 35688448
      bufferram: 133111808
      totalswap: 0
      freeswap: 0
      pagesize: 4096
      cpus: 180
      cpus-online: 180
      ticks-per-second: 100

metrics:
    - stressor: cpu
      bogo-ops: 61483
      bogo-ops-per-second-usr-sys-time: 3074.232697
      bogo-ops-per-second-real-time: 3074.138017
      wall-clock-time: 20.000078
      user-time: 19.998463
      system-time: 0.000999
      cpu-usage-per-instance: 99.996920
      max-rss: 0

...
