---
system-info:
      stress-ng-version: 0.17.08
      run-by: root
      date-yyyy-mm-dd: 2024:09:20
      time-hh-mm-ss: 11:00:33
      epoch-secs: 1726830033
      hostname: sc-runner
      sysname: Linux
      nodename: sc-runner
      release: 6.8.0-1014-azure
      version: '#16-Ubuntu SMP Thu Aug 15 20:04:41 UTC 2024'
      machine: x86_64
      compiler: 'musl-gcc 13.2.1'
      uptime: 323
      totalram: 33652326400
      freeram: 23456415744
      sharedram: 21348352
      bufferram: 249491456
      totalswap: 0
      freeswap: 0
      pagesize: 4096
      cpus: 4
      cpus-online: 4
      ticks-per-second: 100

metrics:
    - stressor: cpu
      bogo-ops: 30477
      bogo-ops-per-second-usr-sys-time: 383.231340
      bogo-ops-per-second-real-time: 1523.832316
      wall-clock-time: 20.000232
      user-time: 79.506397
      system-time: 0.019980
      cpu-usage-per-instance: 99.406818
      max-rss: 3152

...
