---
system-info:
      stress-ng-version: 0.17.08
      run-by: root
      date-yyyy-mm-dd: 2024:07:02
      time-hh-mm-ss: 10:32:31
      epoch-secs: 1719916351
      hostname: c3-standard-22-d0ce04c
      sysname: Linux
      nodename: c3-standard-22-d0ce04c
      release: 6.8.0-1009-gcp
      version: '#10-Ubuntu SMP Wed Jun 12 18:52:23 UTC 2024'
      machine: x86_64
      compiler: 'musl-gcc 13.2.1'
      uptime: 110
      totalram: 92785795072
      freeram: 87487545344
      sharedram: 111669248
      bufferram: 126451712
      totalswap: 0
      freeswap: 0
      pagesize: 4096
      cpus: 22
      cpus-online: 22
      ticks-per-second: 100

metrics:
    - stressor: cpu
      bogo-ops: 366173
      bogo-ops-per-second-usr-sys-time: 832.759050
      bogo-ops-per-second-real-time: 18308.559990
      wall-clock-time: 20.000098
      user-time: 439.696632
      system-time: 0.013990
      cpu-usage-per-instance: 99.933741
      max-rss: 1060

...
