BaselineInfo:
  WebDBID: -1
  TimeStamp: 20241121110407
Version:
  Major: 11
  Minor: 0
  Build: 1002
  SpecialBuildName: ""
  ptArchitecture: x86_64_linux
Results:
  Results Complete: true
  NumTestProcesses: 4
  CPU_INTEGER_MATH: 18947.840999999997
  CPU_FLOATINGPOINT_MATH: 10607.114680173967
  CPU_PRIME: 47.846780275651547
  CPU_SORTING: 11540.532787976546
  CPU_ENCRYPTION: 4807.3675683995434
  CPU_COMPRESSION: 78485.849964297056
  CPU_SINGLETHREAD: 2901.8937085860452
  CPU_PHYSICS: 942.901495957512
  CPU_MATRIX_MULT_SSE: 5351.7353258393787
  CPU_mm: 509.78992118618305
  CPU_sse: 2235.1899290477982
  CPU_fma: 7003.8257496024798
  CPU_avx: 5774.2985977302778
  CPU_avx512: 6393.627026976962
  m_CPU_enc_SHA: 6728664346.9715252
  m_CPU_enc_AES: 4562748835.4439754
  m_CPU_enc_ECDSA: 3831257583.7908573
  ME_ALLOC_S: 1929.1896891249012
  ME_READ_S: 27808.120898437501
  ME_READ_L: 27212.994140625
  ME_WRITE: 26660.15234375
  ME_LARGE: 5214
  ME_LATENCY: 79.711028543115461
  ME_THREADED: 37193.0380859375
  SUMM_CPU: 7534.9613285309606
  SUMM_ME: 2116.4004675439346
SystemInformation:
  OSName: Ubuntu 24.04.1 LTS
  Kernel: 6.8.0-1017-azure
  Device: ""
  Processor: AMD EPYC 9V74 80-Core Processor
  NumSockets: 1
  Manufacturer: AuthenticAMD
  NumCores: 2
  NumLogicals: 4
  CPUFrequency: 0
  Memory: 15989
  MemModuleInfo:
    iNumMemSticks: 2
    DIMM 1:
      manufacturer: Microsoft Corporation
      modulePartNo: None
      memType: Unknown
      size: 1
      clkspeed: 0
      moduleVoltage: 0
    DIMM 2:
      manufacturer: Microsoft Corporation
      modulePartNo: None
      memType: Unknown
      size: 15
      clkspeed: 0
      moduleVoltage: 0
Checksum: A61C491B32BB7AE6D0F04E0C165568AFB74623F5