"size","threads","connections","rps","latency","failed","server_usr","server_sys","client_usr","client_sys"
"1k",64,64,2107125,0.000027970,0,99.74,218.75,54.73,272.91
"1k",64,128,2058197,0.000059820,0,92.26,201.69,44.25,235.62
"1k",64,256,2644711,0.000091230,0,103.99,211.57,43.91,243.75
"1k",64,512,3200477,0.000162590,0,112.40,221.90,44.54,252.81
"1k",64,1024,4009501,0.000517690,0,117.71,225.40,48.89,252.80
"1k",64,2048,3957436,0.000563550,0,126.13,227.62,54.32,235.62
"1k",128,128,2139551,0.000057530,0,92.50,201.00,62.45,291.45
"1k",128,256,2367276,0.000104260,0,96.94,217.89,51.84,266.04
"1k",128,512,2645496,0.000194220,0,96.89,218.05,55.14,278.51
"1k",128,1024,2807872,0.000461450,0,94.63,217.98,54.72,282.61
"1k",128,2048,3018800,0.000816790,0,99.47,222.48,53.30,280.22
"1k",256,256,2385741,0.000106560,0,97.58,208.18,58.13,281.95
"1k",256,512,2498201,0.000208240,0,94.06,216.10,56.26,282.04
"1k",256,1024,2420385,0.000497440,0,87.56,217.98,57.17,289.10
"1k",256,2048,2394865,0.000900000,0,87.18,221.31,56.90,290.51
"16k",64,64,1743936,0.000034380,0,98.07,197.47,51.47,299.04
"16k",64,128,1796842,0.000066190,0,90.34,195.33,42.88,240.30
"16k",64,256,2361038,0.000102030,0,102.07,206.15,44.00,253.83
"16k",64,512,2775084,0.000178990,0,107.55,213.51,45.27,263.37
"16k",64,1024,3153793,0.000350260,0,109.35,220.00,46.42,264.11
"16k",64,2048,3151821,0.000588970,0,112.04,223.33,45.25,267.14
"16k",128,128,1823146,0.000068460,0,89.86,198.61,58.19,300.69
"16k",128,256,2083701,0.000118880,0,96.93,207.56,50.16,269.44
"16k",128,512,2363468,0.000214000,0,96.90,214.44,51.56,286.48
"16k",128,1024,2460889,0.000506750,0,92.04,214.88,52.88,291.02
"16k",128,2048,2586643,0.000980000,0,94.06,222.12,51.62,287.51
"16k",256,256,2107823,0.000120920,0,98.44,205.16,55.40,286.08
"16k",256,512,2193469,0.000233090,0,92.19,206.82,52.97,294.82
"16k",256,1024,2118892,0.000539910,0,85.52,212.25,54.73,299.80
"16k",256,2048,1992528,0.001070000,0,81.14,211.06,55.20,307.07
"64k",64,64,1069588,0.000058040,0,80.88,206.65,40.59,317.71
"64k",64,128,1115592,0.000104490,0,76.10,199.53,35.92,264.50
"64k",64,256,1376793,0.000167950,0,80.35,212.34,37.67,273.81
"64k",64,512,1628928,0.000287490,0,85.51,223.55,39.58,283.61
"64k",64,1024,1653604,0.000573680,0,85.91,225.79,37.91,294.64
"64k",64,2048,1499730,0.001270000,0,84.62,222.73,34.87,308.10
"64k",128,128,1155398,0.000109380,0,74.69,215.83,45.35,311.91
"64k",128,256,1210620,0.000204100,0,73.92,206.01,41.82,304.52
"64k",128,512,1461752,0.000343810,0,78.50,223.74,44.90,301.27
"64k",128,1024,1449256,0.000780340,0,74.58,226.11,44.04,305.66
"64k",128,2048,1384596,0.001590000,0,77.07,232.72,41.64,305.41
"64k",256,256,1304180,0.000195690,0,77.77,213.15,45.04,310.08
"64k",256,512,1370781,0.000372050,0,73.25,222.95,48.08,305.45
"64k",256,1024,1270316,0.000860000,0,66.67,229.09,49.66,306.42
"64k",256,2048,1183424,0.001770000,0,69.58,236.26,46.24,303.72
"256k",64,64,548651,0.000120570,0,66.30,225.48,42.11,312.17
"256k",64,128,527923,0.000440920,0,65.65,209.18,34.47,267.69
"256k",64,256,566184,0.000419980,0,71.18,219.34,34.29,283.17
"256k",64,512,499687,0.000860000,0,71.14,211.35,29.85,330.87
"256k",64,1024,471094,0.001830000,0,69.90,207.77,27.97,343.42
"256k",128,128,561641,0.000247520,0,67.54,217.57,43.01,319.26
"256k",128,256,562441,0.000506010,0,70.77,230.12,40.64,305.65
"256k",128,512,501232,0.000990000,0,67.65,218.48,34.27,329.15
"256k",128,1024,464120,0.002140000,0,65.17,213.61,30.05,341.56
"256k",256,256,579336,0.000443590,0,69.18,217.01,43.74,319.67
"256k",256,512,490954,0.001050000,0,64.43,227.37,40.59,317.74
"256k",256,1024,477890,0.002150000,0,62.80,235.65,41.21,314.77
"512k",64,64,329483,0.000192830,0,62.70,181.11,39.97,362.61
"512k",64,128,276206,0.000701810,0,62.06,203.55,30.26,278.29
"512k",64,256,246613,0.000880000,0,67.61,212.22,26.12,320.36
"512k",64,512,219848,0.001880000,0,70.52,204.98,22.78,346.70
"512k",64,1024,202176,0.003810000,0,70.90,205.30,21.04,360.34
"512k",128,128,312833,0.000425970,0,65.21,198.08,38.81,346.01
"512k",128,256,242905,0.001040000,0,64.95,220.69,29.77,331.02
"512k",128,512,224551,0.002180000,0,66.01,214.16,25.21,342.28
"512k",128,1024,212165,0.004580000,0,68.41,214.31,23.04,349.61
"512k",256,256,229264,0.001120000,0,65.25,208.12,32.04,345.65
"512k",256,512,233253,0.002180000,0,59.59,234.05,32.87,324.47
"512k",256,1024,229898,0.004430000,0,61.65,237.35,31.72,325.88
