BaselineInfo:
  WebDBID: -1
  TimeStamp: 20241109110017
Version:
  Major: 11
  Minor: 0
  Build: 1002
  SpecialBuildName: ""
  ptArchitecture: aarch64_linux
Results:
  Results Complete: true
  NumTestProcesses: 48
  CPU_INTEGER_MATH: 229033.45666666669
  CPU_FLOATINGPOINT_MATH: 227728.77591676748
  CPU_PRIME: 282.62301926063401
  CPU_SORTING: 186484.43292893143
  CPU_ENCRYPTION: 6671.5735137388237
  CPU_COMPRESSION: 253831.03793277568
  CPU_SINGLETHREAD: 1561.3430401263868
  CPU_PHYSICS: 7926.0154348428387
  CPU_MATRIX_MULT_SSE: 46944.19017200941
  CPU_mm: 5207.2304875907312
  CPU_sse: 37313.345914173282
  CPU_fma: 56575.034429845495
  CPU_avx: 0
  CPU_avx512: 0
  m_CPU_enc_SHA: 10085190549.683718
  m_CPU_enc_AES: 3887332911.8152986
  m_CPU_enc_ECDSA: 7014432144.7275829
  ME_ALLOC_S: 31262.011831044976
  ME_READ_S: 19688.9609375
  ME_READ_L: 19038.0234375
  ME_WRITE: 19710.8515625
  ME_LARGE: 82251.333333333328
  ME_LATENCY: 48.716147042356447
  ME_THREADED: 282380.60546875
  SUMM_CPU: 28537.13484339332
  SUMM_ME: 3164.0012083718384
SystemInformation:
  OSName: Ubuntu 24.04.1 LTS
  Kernel: 6.8.0-1016-aws
  Device: ""
  Processor: ARM Neoverse-V1 48 Core 0 MHz
  NumSockets: 1
  Manufacturer: ARM
  NumCores: 48
  NumLogicals: 48
  CPUFrequency: 0
  Memory: 94812
Checksum: ACC936967E5DF8997C538D629C4FE0E11F223169