BaselineInfo:
  WebDBID: -1
  TimeStamp: 20260621032728
Version:
  Major: 11
  Minor: 0
  Build: 1004
  SpecialBuildName: ""
  ptArchitecture: x86_64_linux
Results:
  Results Complete: true
  NumTestProcesses: 96
  CPU_INTEGER_MATH: 621480.67900000024
  CPU_FLOATINGPOINT_MATH: 362656.43259505887
  CPU_PRIME: 827.23320197703708
  CPU_SORTING: 247675.39328169473
  CPU_ENCRYPTION: 116247.50011053226
  CPU_COMPRESSION: 1902699.8865344233
  CPU_SINGLETHREAD: 3826.4019640844322
  CPU_PHYSICS: 15779.881342003322
  CPU_MATRIX_MULT_SSE: 133234.44315438814
  CPU_mm: 13840.602041403326
  CPU_sse: 52717.970491730244
  CPU_fma: 146412.16220966759
  CPU_avx: 142100.00432540281
  CPU_avx512: 191707.63559075168
  m_CPU_enc_SHA: 150975028202.61597
  m_CPU_enc_AES: 120623181561.33167
  m_CPU_enc_ECDSA: 94084806263.756775
  ME_ALLOC_S: 39508.940433455835
  ME_READ_S: 34280.132031250003
  ME_READ_L: 30997.1640625
  ME_WRITE: 30593.73828125
  ME_LARGE: 375959.75
  ME_LATENCY: 80.138627010426845
  ME_THREADED: 346619.2421875
  SUMM_CPU: 117050.23928815719
  SUMM_ME: 2951.4969471013528
SystemInformation:
  OSName: Ubuntu 24.04.4 LTS
  Kernel: 6.17.0-1018-azure
  Device: ""
  Processor: "AMD EPYC 9V45 96-Core Processor                "
  NumSockets: 1
  Manufacturer: AuthenticAMD
  NumCores: 48
  NumLogicals: 96
  CPUFrequency: 0
  CPUMaxFrequency: 0
  Memory: 386922
  CPUInfo:
    number: 1
    Family: 15
    Model: 2
    stepping: 1
    features: 395049983
    manufacture: AuthenticAMD
    typestring: "AMD EPYC 9V45 96-Core Processor                "
    iCoresPerPackage: 64
    iThreadsPerPackage: 2
    featuresEx:
      - 395049983
      - 4277809667
      - 802421759
    bHybrid: false
    nPCore: 0
    nLogicalsPerPCore: 0
    nECore: 0
    nLogicalsPerECore: 0
  MemModuleInfo:
    iNumMemSticks: 4
    DIMM 1:
      manufacturer: Microsoft Corporation
      modulePartNo: None
      memType: Unknown
      size: 1
      clkspeed: 0
      moduleVoltage: 0
    DIMM 2:
      manufacturer: Microsoft Corporation
      modulePartNo: None
      memType: Unknown
      size: 59
      clkspeed: 0
      moduleVoltage: 0
    DIMM 3:
      manufacturer: Microsoft Corporation
      modulePartNo: None
      memType: Unknown
      size: 132
      clkspeed: 0
      moduleVoltage: 0
    DIMM 4:
      manufacturer: Microsoft Corporation
      modulePartNo: None
      memType: Unknown
      size: 192
      clkspeed: 0
      moduleVoltage: 0
Checksum: 8A8D009FE74455DEFFFFBEFF1EA247C91855345D