---
system-info:
      stress-ng-version: 0.17.08
      run-by: root
      date-yyyy-mm-dd: 2024:06:06
      time-hh-mm-ss: 10:42:45
      epoch-secs: 1717670565
      hostname: 91062458126f
      sysname: Linux
      nodename: 91062458126f
      release: 6.8.0-1008-aws
      version: '#8-Ubuntu SMP Sat Apr 20 00:46:25 UTC 2024'
      machine: x86_64
      compiler: 'musl-gcc 13.2.1'
      uptime: 141
      totalram: 266119458816
      freeram: 260749291520
      sharedram: 117067776
      bufferram: 82849792
      totalswap: 0
      freeswap: 0
      pagesize: 4096
      cpus: 128
      cpus-online: 128
      ticks-per-second: 100

metrics:
    - stressor: cpu
      bogo-ops: 16763
      bogo-ops-per-second-usr-sys-time: 1676.280220
      bogo-ops-per-second-real-time: 1676.304196
      wall-clock-time: 9.999975
      user-time: 10.000118
      system-time: 0.000000
      cpu-usage-per-instance: 100.001430
      max-rss: 2048

...
