---
system-info:
      stress-ng-version: 0.17.08
      run-by: root
      date-yyyy-mm-dd: 2024:06:14
      time-hh-mm-ss: 05:56:13
      epoch-secs: 1718344573
      hostname: 724eab647179
      sysname: Linux
      nodename: 724eab647179
      release: 6.8.0-1008-aws
      version: '#8-Ubuntu SMP Sat Apr 20 00:46:25 UTC 2024'
      machine: x86_64
      compiler: 'musl-gcc 13.2.1'
      uptime: 164
      totalram: 266119442432
      freeram: 260632928256
      sharedram: 117067776
      bufferram: 109838336
      totalswap: 0
      freeswap: 0
      pagesize: 4096
      cpus: 128
      cpus-online: 128
      ticks-per-second: 100

metrics:
    - stressor: cpu
      bogo-ops: 37805
      bogo-ops-per-second-usr-sys-time: 1890.206714
      bogo-ops-per-second-real-time: 1890.243961
      wall-clock-time: 20.000064
      user-time: 19.999459
      system-time: 0.000999
      cpu-usage-per-instance: 100.001971
      max-rss: 0

...
