BaselineInfo:
  WebDBID: -1
  TimeStamp: 20241111074651
Version:
  Major: 11
  Minor: 0
  Build: 1002
  SpecialBuildName: ""
  ptArchitecture: x86_64_linux
Results:
  Results Complete: true
  NumTestProcesses: 208
  CPU_INTEGER_MATH: 627735.11633333319
  CPU_FLOATINGPOINT_MATH: 336729.6909924525
  CPU_PRIME: 835.67415817567451
  CPU_SORTING: 306466.12607798463
  CPU_ENCRYPTION: 86486.253597924107
  CPU_COMPRESSION: 2714496.0954211978
  CPU_SINGLETHREAD: 1963.9721086666118
  CPU_PHYSICS: 15236.424990645284
  CPU_MATRIX_MULT_SSE: 168400.61275167644
  CPU_mm: 19033.42893853183
  CPU_sse: 68407.047815924496
  CPU_fma: 204991.99582655838
  CPU_avx: 144826.00222744534
  CPU_avx512: 255377.405136777
  m_CPU_enc_SHA: 28402912561.216537
  m_CPU_enc_AES: 218273547298.85669
  m_CPU_enc_ECDSA: 25385769698.017239
  ME_ALLOC_S: 19059.994356234911
  ME_READ_S: 22782.056445312501
  ME_READ_L: 5974.54443359375
  ME_WRITE: 4507.08642578125
  ME_LARGE: 11460692.5
  ME_LATENCY: 68.616742904691151
  ME_THREADED: 651537.4599609375
  SUMM_CPU: 85859.15555575442
  SUMM_ME: 1853.9704990353707
SystemInformation:
  OSName: Ubuntu 24.04.1 LTS
  Kernel: 6.8.0-1017-azure
  Device: ""
  Processor: Intel Xeon Platinum 8280L CPU @ 2.70GHz
  NumSockets: 8
  Manufacturer: GenuineIntel
  NumCores: 104
  NumLogicals: 208
  CPUFrequency: 0
  Memory: 11490999
  MemModuleInfo:
    iNumMemSticks: 10
    DIMM 1:
      manufacturer: Microsoft Corporation
      modulePartNo: None
      memType: Unknown
      size: 1
      clkspeed: 0
      moduleVoltage: 0
    DIMM 2:
      manufacturer: Microsoft Corporation
      modulePartNo: None
      memType: Unknown
      size: 59
      clkspeed: 0
      moduleVoltage: 0
    DIMM 3:
      manufacturer: Microsoft Corporation
      modulePartNo: None
      memType: Unknown
      size: 1365
      clkspeed: 0
      moduleVoltage: 0
    DIMM 4:
      manufacturer: Microsoft Corporation
      modulePartNo: None
      memType: Unknown
      size: 1425
      clkspeed: 0
      moduleVoltage: 0
    DIMM 5:
      manufacturer: Microsoft Corporation
      modulePartNo: None
      memType: Unknown
      size: 1425
      clkspeed: 0
      moduleVoltage: 0
    DIMM 6:
      manufacturer: Microsoft Corporation
      modulePartNo: None
      memType: Unknown
      size: 1425
      clkspeed: 0
      moduleVoltage: 0
    DIMM 7:
      manufacturer: Microsoft Corporation
      modulePartNo: None
      memType: Unknown
      size: 1425
      clkspeed: 0
      moduleVoltage: 0
    DIMM 8:
      manufacturer: Microsoft Corporation
      modulePartNo: None
      memType: Unknown
      size: 1425
      clkspeed: 0
      moduleVoltage: 0
    DIMM 9:
      manufacturer: Microsoft Corporation
      modulePartNo: None
      memType: Unknown
      size: 1425
      clkspeed: 0
      moduleVoltage: 0
    DIMM 10:
      manufacturer: Microsoft Corporation
      modulePartNo: None
      memType: Unknown
      size: 1425
      clkspeed: 0
      moduleVoltage: 0
Checksum: 1CBCBDADA3F76C4384541DBABBB2393E66CDDF4B