---
system-info:
      stress-ng-version: 0.17.08
      run-by: root
      date-yyyy-mm-dd: 2024:06:13
      time-hh-mm-ss: 09:42:05
      epoch-secs: 1718271725
      hostname: 16a815b35a85
      sysname: Linux
      nodename: 16a815b35a85
      release: 6.8.0-1008-aws
      version: '#8-Ubuntu SMP Sat Apr 20 00:46:25 UTC 2024'
      machine: x86_64
      compiler: 'musl-gcc 13.2.1'
      uptime: 113
      totalram: 1081992171520
      freeram: 1074579787776
      sharedram: 117338112
      bufferram: 105627648
      totalswap: 0
      freeswap: 0
      pagesize: 4096
      cpus: 128
      cpus-online: 128
      ticks-per-second: 100

metrics:
    - stressor: cpu
      bogo-ops: 2499489
      bogo-ops-per-second-usr-sys-time: 976.753810
      bogo-ops-per-second-real-time: 124974.010379
      wall-clock-time: 20.000070
      user-time: 2558.941453
      system-time: 0.033976
      cpu-usage-per-instance: 99.959626
      max-rss: 0

...
