---
system-info:
      stress-ng-version: 0.17.08
      run-by: root
      date-yyyy-mm-dd: 2024:06:09
      time-hh-mm-ss: 07:44:30
      epoch-secs: 1717919070
      hostname: 365ba159559c
      sysname: Linux
      nodename: 365ba159559c
      release: 6.8.0-1008-aws
      version: '#8-Ubuntu SMP Sat Apr 20 00:46:25 UTC 2024'
      machine: x86_64
      compiler: 'musl-gcc 13.2.1'
      uptime: 107
      totalram: 1081992196096
      freeram: 1074651164672
      sharedram: 117338112
      bufferram: 102936576
      totalswap: 0
      freeswap: 0
      pagesize: 4096
      cpus: 128
      cpus-online: 128
      ticks-per-second: 100

metrics:
    - stressor: cpu
      bogo-ops: 1537156
      bogo-ops-per-second-usr-sys-time: 1201.584454
      bogo-ops-per-second-real-time: 153694.110515
      wall-clock-time: 10.001398
      user-time: 1279.125282
      system-time: 0.148925
      cpu-usage-per-instance: 99.929325
      max-rss: 3072

...
