"size","threads","connections","rps","latency","failed","server_usr","server_sys","client_usr","client_sys"
"1k",8,8,714467,0.000011320,0,15.27,25.29,8.46,31.54
"1k",8,16,690601,0.000021640,0,13.76,25.61,7.31,30.29
"1k",8,32,744958,0.000042370,0,14.66,25.20,7.07,29.38
"1k",8,64,806579,0.000097030,0,15.07,25.86,7.35,30.24
"1k",8,128,846645,0.000254420,0,15.26,26.09,7.28,30.52
"1k",8,256,869190,0.000389140,0,15.56,25.96,7.01,30.53
"1k",16,16,661740,0.000025050,0,12.83,26.05,8.11,32.06
"1k",16,32,679920,0.000049790,0,11.92,26.97,7.58,33.74
"1k",16,64,716173,0.000139320,0,12.18,27.00,7.79,33.58
"1k",16,128,778552,0.000456910,0,13.48,26.45,7.41,33.09
"1k",16,256,776863,0.000602430,0,13.18,26.34,7.52,33.38
"1k",32,32,670102,0.000055420,0,11.89,26.22,8.29,33.57
"1k",32,64,665305,0.000183850,0,10.99,26.97,7.97,34.62
"1k",32,128,686889,0.000393400,0,11.23,26.83,7.87,34.69
"1k",32,256,685957,0.000546820,0,11.07,26.67,7.95,34.86
"16k",8,8,496771,0.000016380,0,12.56,25.27,6.59,31.65
"16k",8,16,558025,0.000025930,0,12.87,24.62,7.30,31.44
"16k",8,32,594987,0.000054180,0,13.71,24.51,6.89,30.83
"16k",8,64,630634,0.000110080,0,14.03,25.38,7.21,31.81
"16k",8,128,646991,0.000347730,0,14.21,25.75,6.95,32.30
"16k",8,256,653270,0.000538740,0,14.54,25.59,6.71,32.45
"16k",16,16,540015,0.000030960,0,11.85,25.53,7.98,33.52
"16k",16,32,557934,0.000059740,0,11.52,25.91,7.66,34.83
"16k",16,64,584235,0.000155620,0,11.78,26.02,7.67,34.75
"16k",16,128,596859,0.000425280,0,12.15,25.78,7.56,34.84
"16k",16,256,593775,0.000694460,0,12.41,25.85,7.37,34.59
"16k",32,32,554750,0.000062940,0,11.71,25.50,8.19,34.69
"16k",32,64,543741,0.000182180,0,10.76,25.98,7.90,35.75
"16k",32,128,547273,0.000423430,0,10.69,25.91,8.09,35.77
"16k",32,256,546662,0.000654440,0,11.02,26.07,7.64,35.97
"64k",8,8,283701,0.000028050,0,10.39,25.84,5.65,32.33
"64k",8,16,316457,0.000044370,0,12.14,27.19,6.24,34.35
"64k",8,32,313885,0.000093810,0,11.48,25.60,5.92,33.59
"64k",8,64,332251,0.000183990,0,11.72,26.45,5.78,34.84
"64k",8,128,333924,0.000408150,0,12.09,26.60,5.91,34.68
"64k",8,256,301535,0.000820500,0,13.31,26.53,5.15,34.50
"64k",16,16,310509,0.000052390,0,12.19,26.13,6.92,35.36
"64k",16,32,308741,0.000103900,0,10.28,26.90,6.62,36.41
"64k",16,64,318597,0.000224250,0,10.80,26.77,6.30,36.58
"64k",16,128,318009,0.000592180,0,10.63,27.03,6.23,36.53
"64k",16,256,296972,0.001050000,0,11.36,27.13,5.88,35.88
"64k",32,32,299396,0.000112990,0,10.18,26.32,6.91,36.87
"64k",32,64,301184,0.000278170,0,9.51,26.93,7.11,36.96
"64k",32,128,300796,0.000589250,0,9.34,27.20,6.75,37.37
"64k",32,256,282522,0.001060000,0,10.49,27.13,6.51,36.56
"256k",8,8,114147,0.000080580,0,13.13,27.93,5.14,32.32
"256k",8,16,116062,0.000125000,0,11.36,26.70,5.30,32.68
"256k",8,32,119477,0.000252750,0,11.73,28.35,5.22,32.88
"256k",8,64,108510,0.000552590,0,11.73,30.20,4.50,32.67
"256k",8,128,88138,0.001400000,0,14.38,29.93,4.10,31.58
"256k",16,16,117135,0.000138790,0,11.35,28.23,5.68,35.18
"256k",16,32,116676,0.000294000,0,10.71,29.05,5.61,35.14
"256k",16,64,111436,0.000690330,0,10.89,29.52,5.20,34.31
"256k",16,128,97932,0.001450000,0,11.91,30.09,4.81,33.25
"256k",32,32,113872,0.000308860,0,10.21,28.87,6.02,35.44
"256k",32,64,109227,0.000716550,0,10.23,29.56,5.71,35.03
"256k",32,128,97366,0.001420000,0,11.44,30.36,5.29,33.58
"512k",8,8,55030,0.002690000,0,10.15,21.58,4.32,34.60
"512k",8,16,64917,0.000217770,0,11.80,27.00,5.13,36.11
"512k",8,32,57693,0.000523270,0,11.40,29.24,4.36,33.22
"512k",8,64,41816,0.001460000,0,12.37,26.80,3.20,27.46
"512k",8,128,34382,0.003500000,0,15.08,26.67,2.79,25.94
"512k",16,16,57271,0.000850000,0,9.61,22.50,4.89,36.16
"512k",16,32,59320,0.000559510,0,10.65,30.17,5.11,34.46
"512k",16,64,51350,0.001360000,0,12.71,30.76,4.40,32.21
"512k",16,128,36471,0.003450000,0,18.51,31.76,3.39,26.63
"512k",32,32,58189,0.000713440,0,9.90,30.45,5.50,34.69
"512k",32,64,51929,0.001390000,0,11.54,31.74,5.02,32.31
"512k",32,128,37479,0.003430000,0,18.09,31.13,3.59,27.35
