---
system-info:
      stress-ng-version: 0.17.08
      run-by: root
      date-yyyy-mm-dd: 2024:09:17
      time-hh-mm-ss: 12:29:29
      epoch-secs: 1726576169
      hostname: sc-runner
      sysname: Linux
      nodename: sc-runner
      release: 6.8.0-1014-azure
      version: '#16-Ubuntu SMP Thu Aug 15 20:04:41 UTC 2024'
      machine: x86_64
      compiler: 'musl-gcc 13.2.1'
      uptime: 363
      totalram: 456463159296
      freeram: 444381155328
      sharedram: 79929344
      bufferram: 304713728
      totalswap: 0
      freeswap: 0
      pagesize: 4096
      cpus: 64
      cpus-online: 64
      ticks-per-second: 100

metrics:
    - stressor: cpu
      bogo-ops: 24918
      bogo-ops-per-second-usr-sys-time: 1245.903364
      bogo-ops-per-second-real-time: 1245.890391
      wall-clock-time: 20.000154
      user-time: 19.999946
      system-time: 0.000000
      cpu-usage-per-instance: 99.998959
      max-rss: 2560

...
