BaselineInfo:
  WebDBID: -1
  TimeStamp: 20260522152505
Version:
  Major: 11
  Minor: 0
  Build: 1004
  SpecialBuildName: ""
  ptArchitecture: x86_64_linux
Results:
  Results Complete: true
  NumTestProcesses: 12
  CPU_INTEGER_MATH: 89603.183333333334
  CPU_FLOATINGPOINT_MATH: 94469.819526518448
  CPU_PRIME: 327.44114565953737
  CPU_SORTING: 52147.068326211891
  CPU_ENCRYPTION: 19999.602242498713
  CPU_COMPRESSION: 394893.58466211124
  CPU_SINGLETHREAD: 3937.9515642862839
  CPU_PHYSICS: 5506.617112525043
  CPU_MATRIX_MULT_SSE: 33687.768962074093
  CPU_mm: 4105.8185084137576
  CPU_sse: 13119.806529400763
  CPU_fma: 44278.918844780957
  CPU_avx: 24197.966275943247
  CPU_avx512: 53154.384198171429
  m_CPU_enc_SHA: 27701458159.370449
  m_CPU_enc_AES: 17672995177.793762
  m_CPU_enc_ECDSA: 17538855425.926788
  ME_ALLOC_S: 15323.659156381258
  ME_READ_S: 35279.958203125003
  ME_READ_L: 32494.234375
  ME_WRITE: 31953.302734375
  ME_LARGE: 107436.25
  ME_LATENCY: 97.173561748751027
  ME_THREADED: 232893.357421875
  SUMM_CPU: 36792.381654724086
  SUMM_ME: 2553.6522226486704
SystemInformation:
  OSName: Ubuntu 24.04.4 LTS
  Kernel: 6.8.0-111-generic
  Device: ""
  Processor: "AMD EPYC 9575F 64-Core Processor               "
  NumSockets: 1
  Manufacturer: AuthenticAMD
  NumCores: 12
  NumLogicals: 12
  CPUFrequency: 0
  CPUMaxFrequency: 0
  Memory: 128721
  CPUInfo:
    number: 1
    Family: 15
    Model: 2
    stepping: 1
    features: 395049983
    manufacture: AuthenticAMD
    typestring: "AMD EPYC 9575F 64-Core Processor               "
    iCoresPerPackage: 255
    iThreadsPerPackage: 1
    featuresEx:
      - 395049983
      - 4294586883
      - 802421759
    bHybrid: false
    nPCore: 0
    nLogicalsPerPCore: 0
    nECore: 0
    nLogicalsPerECore: 0
  MemModuleInfo:
    iNumMemSticks: 8
    DIMM 1:
      manufacturer: QEMU
      modulePartNo: Not Specified
      memType: RAM
      size: 16
      clkspeed: 0
      moduleVoltage: 0
    DIMM 2:
      manufacturer: QEMU
      modulePartNo: Not Specified
      memType: RAM
      size: 16
      clkspeed: 0
      moduleVoltage: 0
    DIMM 3:
      manufacturer: QEMU
      modulePartNo: Not Specified
      memType: RAM
      size: 16
      clkspeed: 0
      moduleVoltage: 0
    DIMM 4:
      manufacturer: QEMU
      modulePartNo: Not Specified
      memType: RAM
      size: 16
      clkspeed: 0
      moduleVoltage: 0
    DIMM 5:
      manufacturer: QEMU
      modulePartNo: Not Specified
      memType: RAM
      size: 16
      clkspeed: 0
      moduleVoltage: 0
    DIMM 6:
      manufacturer: QEMU
      modulePartNo: Not Specified
      memType: RAM
      size: 16
      clkspeed: 0
      moduleVoltage: 0
    DIMM 7:
      manufacturer: QEMU
      modulePartNo: Not Specified
      memType: RAM
      size: 16
      clkspeed: 0
      moduleVoltage: 0
    DIMM 8:
      manufacturer: QEMU
      modulePartNo: Not Specified
      memType: RAM
      size: 16
      clkspeed: 0
      moduleVoltage: 0
Checksum: E5D5CFB6B865DEC76242CFC3D95C4687C9E508F6