---
system-info:
      stress-ng-version: 0.17.08
      run-by: root
      date-yyyy-mm-dd: 2024:06:08
      time-hh-mm-ss: 18:40:55
      epoch-secs: 1717872055
      hostname: d5a280d27a1a
      sysname: Linux
      nodename: d5a280d27a1a
      release: 6.8.0-1008-aws
      version: '#8-Ubuntu SMP Sat Apr 20 00:46:25 UTC 2024'
      machine: x86_64
      compiler: 'musl-gcc 13.2.1'
      uptime: 125
      totalram: 265977028608
      freeram: 261080748032
      sharedram: 60411904
      bufferram: 104263680
      totalswap: 0
      freeswap: 0
      pagesize: 4096
      cpus: 64
      cpus-online: 64
      ticks-per-second: 100

metrics:
    - stressor: cpu
      bogo-ops: 750324
      bogo-ops-per-second-usr-sys-time: 1172.799852
      bogo-ops-per-second-real-time: 75020.438476
      wall-clock-time: 10.001594
      user-time: 639.694594
      system-time: 0.076974
      cpu-usage-per-instance: 99.948371
      max-rss: 3584

...
