---
system-info:
      stress-ng-version: 0.17.08
      run-by: root
      date-yyyy-mm-dd: 2024:06:15
      time-hh-mm-ss: 02:49:38
      epoch-secs: 1718419778
      hostname: c48d621ff363
      sysname: Linux
      nodename: c48d621ff363
      release: 6.8.0-1008-aws
      version: '#8-Ubuntu SMP Sat Apr 20 00:46:25 UTC 2024'
      machine: x86_64
      compiler: 'musl-gcc 13.2.1'
      uptime: 168
      totalram: 265977028608
      freeram: 261200691200
      sharedram: 60411904
      bufferram: 108212224
      totalswap: 0
      freeswap: 0
      pagesize: 4096
      cpus: 64
      cpus-online: 64
      ticks-per-second: 100

metrics:
    - stressor: cpu
      bogo-ops: 1235925
      bogo-ops-per-second-usr-sys-time: 965.896784
      bogo-ops-per-second-real-time: 61795.993318
      wall-clock-time: 20.000083
      user-time: 1279.539195
      system-time: 0.022991
      cpu-usage-per-instance: 99.965381
      max-rss: 512

...
