---
system-info:
      stress-ng-version: 0.17.08
      run-by: root
      date-yyyy-mm-dd: 2024:06:26
      time-hh-mm-ss: 16:34:49
      epoch-secs: 1719419689
      hostname: c3d-highmem-4-daf90cb
      sysname: Linux
      nodename: c3d-highmem-4-daf90cb
      release: 6.8.0-1009-gcp
      version: '#10-Ubuntu SMP Wed Jun 12 18:52:23 UTC 2024'
      machine: x86_64
      compiler: 'musl-gcc 13.2.1'
      uptime: 119
      totalram: 33653616640
      freeram: 28719493120
      sharedram: 34963456
      bufferram: 123518976
      totalswap: 0
      freeswap: 0
      pagesize: 4096
      cpus: 4
      cpus-online: 4
      ticks-per-second: 100

metrics:
    - stressor: cpu
      bogo-ops: 114679
      bogo-ops-per-second-usr-sys-time: 1440.288597
      bogo-ops-per-second-real-time: 5733.904357
      wall-clock-time: 20.000159
      user-time: 79.610254
      system-time: 0.011983
      cpu-usage-per-instance: 99.527004
      max-rss: 1104

...
