size_kb,operation,bandwidth_mb_s,latency_ns,latency_stddev_ns,latency_samples,threads,iterations,elapsed_s
32,read,1965954.84,0,0,0,32,781249,0.397389
32,write,1638735.60,0,0,0,32,367107,0.224018
32,copy,1215153.19,0,0,0,32,319693,0.263089
32,latency,0,0.98,0.00,7,1,7,0.140272
128,read,1971133.60,0,0,0,32,178316,0.361855
128,write,1822194.05,0,0,0,32,199680,0.438329
128,copy,1284145.00,0,0,0,32,128008,0.398734
128,latency,0,2.68,0.00,7,1,7,0.667041
512,read,1808848.78,0,0,0,32,50833,0.449638
512,write,1911171.78,0,0,0,32,49920,0.417922
512,copy,858233.53,0,0,0,32,26612,0.496126
512,latency,0,3.69,0.01,7,1,7,0.695777
1024,read,1671395.23,0,0,0,32,23221,0.444582
1024,write,1653857.62,0,0,0,32,23955,0.463498
1024,copy,682834.60,0,0,0,32,9619,0.450780
1024,latency,0,5.63,0.01,7,1,7,0.673924
2048,read,1401302.59,0,0,0,32,11119,0.507825
2048,write,1262477.95,0,0,0,32,6792,0.344313
2048,copy,295943.44,0,0,0,32,3916,0.846865
2048,latency,0,10.11,0.04,7,1,7,0.692120
8192,read,256351.03,0,0,0,32,2684,2.680325
8192,write,209641.30,0,0,0,32,1320,1.611896
8192,copy,56880.24,0,0,0,32,709,3.190985
8192,latency,0,11.54,0.07,7,1,7,0.702957
16384,read,115883.05,0,0,0,32,567,2.505146
16384,write,74004.14,0,0,0,32,575,3.978156
16384,copy,45390.98,0,0,0,32,333,3.756165
16384,latency,0,12.30,0.08,7,1,7,0.692557
32768,read,101618.75,0,0,0,32,289,2.912219
32768,write,66345.08,0,0,0,32,293,4.522294
32768,copy,45220.09,0,0,0,32,172,3.894906
32768,latency,0,13.45,0.21,7,1,7,0.727359
65536,read,101159.98,0,0,0,32,174,3.522658
65536,write,66418.45,0,0,0,32,130,4.008525
65536,copy,45442.06,0,0,0,32,86,3.875880
65536,latency,0,72.70,0.89,7,1,7,3.114794
131072,read,101260.65,0,0,0,32,83,3.357355
131072,write,66396.11,0,0,0,32,62,3.824802
131072,copy,45110.06,0,0,0,32,43,3.904406
131072,latency,0,97.07,2.03,7,1,7,8.406886
