---
system-info:
      stress-ng-version: 0.17.08
      run-by: root
      date-yyyy-mm-dd: 2024:09:11
      time-hh-mm-ss: 20:32:30
      epoch-secs: 1726086750
      hostname: ip-172-31-31-115
      sysname: Linux
      nodename: ip-172-31-31-115
      release: 6.8.0-1014-aws
      version: '#15-Ubuntu SMP Thu Aug  8 19:13:06 UTC 2024'
      machine: x86_64
      compiler: 'musl-gcc 13.2.1'
      uptime: 186
      totalram: 802730000384
      freeram: 793854369792
      sharedram: 29245440
      bufferram: 221712384
      totalswap: 0
      freeswap: 0
      pagesize: 4096
      cpus: 24
      cpus-online: 24
      ticks-per-second: 100

metrics:
    - stressor: cpu
      bogo-ops: 37439
      bogo-ops-per-second-usr-sys-time: 1871.940453
      bogo-ops-per-second-real-time: 1871.948795
      wall-clock-time: 20.000013
      user-time: 20.000102
      system-time: 0.000000
      cpu-usage-per-instance: 100.000446
      max-rss: 1180

...
