BaselineInfo:
  WebDBID: -1
  TimeStamp: 20241108170040
Version:
  Major: 11
  Minor: 0
  Build: 1002
  SpecialBuildName: ""
  ptArchitecture: x86_64_linux
Results:
  Results Complete: true
  NumTestProcesses: 8
  CPU_INTEGER_MATH: 27005.749333333333
  CPU_FLOATINGPOINT_MATH: 16095.171817793362
  CPU_PRIME: 43.501206062599096
  CPU_SORTING: 17211.975219130178
  CPU_ENCRYPTION: 8508.6238474511665
  CPU_COMPRESSION: 121963.14309247539
  CPU_SINGLETHREAD: 2138.6597586923649
  CPU_PHYSICS: 991.41529665940982
  CPU_MATRIX_MULT_SSE: 7315.1003128905359
  CPU_mm: 808.28868773590125
  CPU_sse: 3332.4232930436401
  CPU_fma: 10802.154528621511
  CPU_avx: 7810.7231170064551
  CPU_avx512: 0
  m_CPU_enc_SHA: 12017639481.389217
  m_CPU_enc_AES: 8245695031.5214634
  m_CPU_enc_ECDSA: 6502481765.4841843
  ME_ALLOC_S: 2859.4263831977873
  ME_READ_S: 24723.310156250001
  ME_READ_L: 12760.1259765625
  ME_WRITE: 13514.705078125
  ME_LARGE: 19307.333333333332
  ME_LATENCY: 50.261923042182865
  ME_THREADED: 36329.04931640625
  SUMM_CPU: 10578.136423258016
  SUMM_ME: 2544.4241197988608
SystemInformation:
  OSName: Ubuntu 24.04.1 LTS
  Kernel: 6.8.0-1016-aws
  Device: ""
  Processor: AMD EPYC 7R32
  NumSockets: 1
  Manufacturer: AuthenticAMD
  NumCores: 4
  NumLogicals: 8
  CPUFrequency: 0
  Memory: 31722
  MemModuleInfo:
    iNumMemSticks: 1
    DIMM 1:
      manufacturer: Not Specified
      modulePartNo: Not Specified
      memType: DDR4
      size: 32
      clkspeed: 1600
      moduleVoltage: 0
Checksum: F127DAB959E67B542A53964AEC9BC6409B0175D1