BaselineInfo:
  WebDBID: -1
  TimeStamp: 20260615202820
Version:
  Major: 11
  Minor: 0
  Build: 1004
  SpecialBuildName: ""
  ptArchitecture: x86_64_linux
Results:
  Results Complete: true
  NumTestProcesses: 2
  CPU_INTEGER_MATH: 12203.669333333333
  CPU_FLOATINGPOINT_MATH: 11186.934928191324
  CPU_PRIME: 38.590930995435912
  CPU_SORTING: 7705.9000980674627
  CPU_ENCRYPTION: 2607.5886074181053
  CPU_COMPRESSION: 52436.372662301263
  CPU_SINGLETHREAD: 2971.7217356608458
  CPU_PHYSICS: 701.81474266537646
  CPU_MATRIX_MULT_SSE: 4713.4902218711377
  CPU_mm: 523.88809824721034
  CPU_sse: 2381.0716990476967
  CPU_fma: 6755.1555567047326
  CPU_avx: 5004.2434098609847
  CPU_avx512: 0
  m_CPU_enc_SHA: 3635261877.1657381
  m_CPU_enc_AES: 2312428074.9527941
  m_CPU_enc_ECDSA: 2255074542.7176094
  ME_ALLOC_S: 1065.3620634614467
  ME_READ_S: 27997.212890625
  ME_READ_L: 26182.44921875
  ME_WRITE: 24120.1484375
  ME_LARGE: 7915.25
  ME_LATENCY: 68.420938940755121
  ME_THREADED: 51840.103515625
  SUMM_CPU: 5482.3283125274274
  SUMM_ME: 2292.0392412354267
SystemInformation:
  OSName: Ubuntu 24.04.4 LTS
  Kernel: 6.8.0-124-generic
  Device: ""
  Processor: AMD EPYC-Milan Processor
  NumSockets: 1
  Manufacturer: AuthenticAMD
  NumCores: 1
  NumLogicals: 2
  CPUFrequency: 0
  CPUMaxFrequency: 0
  Memory: 15988
  CPUInfo:
    number: 1
    Family: 15
    Model: 1
    stepping: 1
    features: 395049983
    manufacture: AuthenticAMD
    typestring: AMD EPYC-Milan Processor
    iCoresPerPackage: 1
    iThreadsPerPackage: 2
    featuresEx:
      - 395049983
      - 4277809667
      - 802421759
    bHybrid: false
    nPCore: 0
    nLogicalsPerPCore: 0
    nECore: 0
    nLogicalsPerECore: 0
  MemModuleInfo:
    iNumMemSticks: 1
    DIMM 1:
      manufacturer: QEMU
      modulePartNo: Not Specified
      memType: RAM
      size: 16
      clkspeed: 0
      moduleVoltage: 0
Checksum: 20BE6DB90C70BC44600FFCC474F82248D08A4654