---
system-info:
      stress-ng-version: 0.17.08
      run-by: root
      date-yyyy-mm-dd: 2024:06:13
      time-hh-mm-ss: 22:40:44
      epoch-secs: 1718318444
      hostname: ee32ce4baa07
      sysname: Linux
      nodename: ee32ce4baa07
      release: 6.8.0-1008-aws
      version: '#8-Ubuntu SMP Sat Apr 20 02:43:14 UTC 2024'
      machine: aarch64
      compiler: 'musl-gcc 13.2.1'
      uptime: 153
      totalram: 16434499584
      freeram: 12122755072
      sharedram: 34983936
      bufferram: 107298816
      totalswap: 0
      freeswap: 0
      pagesize: 4096
      cpus: 8
      cpus-online: 8
      ticks-per-second: 100

metrics:
    - stressor: cpu
      bogo-ops: 30390
      bogo-ops-per-second-usr-sys-time: 1519.539204
      bogo-ops-per-second-real-time: 1519.490545
      wall-clock-time: 20.000124
      user-time: 19.999484
      system-time: 0.000000
      cpu-usage-per-instance: 99.996798
      max-rss: 1320

...
