---
system-info:
      stress-ng-version: 0.17.08
      run-by: root
      date-yyyy-mm-dd: 2024:06:06
      time-hh-mm-ss: 08:43:38
      epoch-secs: 1717663418
      hostname: 23b6e45451f0
      sysname: Linux
      nodename: 23b6e45451f0
      release: 6.8.0-1008-aws
      version: '#8-Ubuntu SMP Sat Apr 20 02:43:14 UTC 2024'
      machine: aarch64
      compiler: 'musl-gcc 13.2.1'
      uptime: 133
      totalram: 16434499584
      freeram: 12321492992
      sharedram: 34983936
      bufferram: 81100800
      totalswap: 0
      freeswap: 0
      pagesize: 4096
      cpus: 8
      cpus-online: 8
      ticks-per-second: 100

metrics:
    - stressor: cpu
      bogo-ops: 2940
      bogo-ops-per-second-usr-sys-time: 292.826089
      bogo-ops-per-second-real-time: 292.823902
      wall-clock-time: 10.040164
      user-time: 10.039090
      system-time: 0.000999
      cpu-usage-per-instance: 99.999253
      max-rss: 4008

...
