BaselineInfo:
  WebDBID: -1
  TimeStamp: 20251216104627
Version:
  Major: 11
  Minor: 0
  Build: 1002
  SpecialBuildName: ""
  ptArchitecture: x86_64_linux
Results:
  Results Complete: true
  NumTestProcesses: 2
  CPU_INTEGER_MATH: 7482.5953333333337
  CPU_FLOATINGPOINT_MATH: 5357.4740803551504
  CPU_PRIME: 27.583283163960971
  CPU_SORTING: 4995.5653959886931
  CPU_ENCRYPTION: 690.68212172733149
  CPU_COMPRESSION: 37540.827340813499
  CPU_SINGLETHREAD: 1860.588327086421
  CPU_PHYSICS: 358.7781356112547
  CPU_MATRIX_MULT_SSE: 2313.5113229212384
  CPU_mm: 324.11728894179203
  CPU_sse: 1302.0858959691
  CPU_fma: 3432.119103451118
  CPU_avx: 2206.3289693434967
  CPU_avx512: 0
  m_CPU_enc_SHA: 488090432.01555443
  m_CPU_enc_AES: 1251715148.5681272
  m_CPU_enc_ECDSA: 432892508.83339339
  ME_ALLOC_S: 1209.8423389060117
  ME_READ_S: 22887.354882812499
  ME_READ_L: 7424.76904296875
  ME_WRITE: 7357.44287109375
  ME_LARGE: 17594.166666666668
  ME_LATENCY: 61.259141862442476
  ME_THREADED: 14741.39794921875
  SUMM_CPU: 2716.5068151493078
  SUMM_ME: 1711.8316568509908
SystemInformation:
  OSName: Ubuntu 24.04.2 LTS
  Kernel: 6.8.0-86-generic
  Device: ""
  Processor: Intel Core Processor (Haswell, no TSX)
  NumSockets: 2
  Manufacturer: GenuineIntel
  NumCores: 2
  NumLogicals: 2
  CPUFrequency: 0
  Memory: 29371
  MemModuleInfo:
    iNumMemSticks: 1
    DIMM 1:
      manufacturer: QEMU
      modulePartNo: Not Specified
      memType: RAM
      size: 30000
      clkspeed: 0
      moduleVoltage: 0
Checksum: F93C069A90B135377D92124779EAF3B631BC3C7B