---
system-info:
      stress-ng-version: 0.17.08
      run-by: root
      date-yyyy-mm-dd: 2024:06:28
      time-hh-mm-ss: 19:57:37
      epoch-secs: 1719604657
      hostname: c3-highmem-192-metal-b670f76
      sysname: Linux
      nodename: c3-highmem-192-metal-b670f76
      release: 6.8.0-1009-gcp
      version: '#10-Ubuntu SMP Wed Jun 12 18:52:23 UTC 2024'
      machine: x86_64
      compiler: 'musl-gcc 13.2.1'
      uptime: 305
      totalram: 1623141421056
      freeram: 1613251059712
      sharedram: 445456384
      bufferram: 132108288
      totalswap: 0
      freeswap: 0
      pagesize: 4096
      cpus: 192
      cpus-online: 192
      ticks-per-second: 100

metrics:
    - stressor: cpu
      bogo-ops: 3153094
      bogo-ops-per-second-usr-sys-time: 821.290933
      bogo-ops-per-second-real-time: 157654.196452
      wall-clock-time: 20.000064
      user-time: 3839.133556
      system-time: 0.058955
      cpu-usage-per-instance: 99.978652
      max-rss: 0

...
