---
system-info:
      stress-ng-version: 0.17.08
      run-by: root
      date-yyyy-mm-dd: 2024:06:14
      time-hh-mm-ss: 14:20:59
      epoch-secs: 1718374859
      hostname: 8f63913f3741
      sysname: Linux
      nodename: 8f63913f3741
      release: 6.8.0-1008-aws
      version: '#8-Ubuntu SMP Sat Apr 20 02:43:14 UTC 2024'
      machine: aarch64
      compiler: 'musl-gcc 13.2.1'
      uptime: 133
      totalram: 33023414272
      freeram: 28697620480
      sharedram: 35028992
      bufferram: 107175936
      totalswap: 0
      freeswap: 0
      pagesize: 4096
      cpus: 8
      cpus-online: 8
      ticks-per-second: 100

metrics:
    - stressor: cpu
      bogo-ops: 242642
      bogo-ops-per-second-usr-sys-time: 1519.648266
      bogo-ops-per-second-real-time: 12132.057408
      wall-clock-time: 20.000070
      user-time: 159.663848
      system-time: 0.005995
      cpu-usage-per-instance: 99.793302
      max-rss: 1192

...
