---
system-info:
      stress-ng-version: 0.17.08
      run-by: root
      date-yyyy-mm-dd: 2024:06:07
      time-hh-mm-ss: 14:57:05
      epoch-secs: 1717772225
      hostname: 958ff915e9a6
      sysname: Linux
      nodename: 958ff915e9a6
      release: 6.8.0-1008-aws
      version: '#8-Ubuntu SMP Sat Apr 20 02:43:14 UTC 2024'
      machine: aarch64
      compiler: 'musl-gcc 13.2.1'
      uptime: 120
      totalram: 33023422464
      freeram: 28765962240
      sharedram: 35028992
      bufferram: 90759168
      totalswap: 0
      freeswap: 0
      pagesize: 4096
      cpus: 8
      cpus-online: 8
      ticks-per-second: 100

metrics:
    - stressor: cpu
      bogo-ops: 23170
      bogo-ops-per-second-usr-sys-time: 290.049749
      bogo-ops-per-second-real-time: 2314.148883
      wall-clock-time: 10.012320
      user-time: 79.873854
      system-time: 0.008994
      cpu-usage-per-instance: 99.730688
      max-rss: 4136

...
