BaselineInfo:
  WebDBID: -1
  TimeStamp: 20241115112538
Version:
  Major: 11
  Minor: 0
  Build: 1002
  SpecialBuildName: ""
  ptArchitecture: aarch64_linux
Results:
  Results Complete: true
  NumTestProcesses: 1
  CPU_INTEGER_MATH: 3882.7060000000001
  CPU_FLOATINGPOINT_MATH: 2958.1251939108843
  CPU_PRIME: 7.9221580235097724
  CPU_SORTING: 2798.0957813293094
  CPU_ENCRYPTION: 132.71498129374336
  CPU_COMPRESSION: 4129.2628682380682
  CPU_SINGLETHREAD: 999.50444195587875
  CPU_PHYSICS: 172.40459352189359
  CPU_MATRIX_MULT_SSE: 616.56028393102793
  CPU_mm: 101.88817506217865
  CPU_sse: 515.99694151412871
  CPU_fma: 717.12362634792714
  CPU_avx: 0
  CPU_avx512: 0
  m_CPU_enc_SHA: 199799511.91214734
  m_CPU_enc_AES: 92373128.803513244
  m_CPU_enc_ECDSA: 125312591.9595442
  ME_ALLOC_S: 628.10224849200733
  ME_READ_S: 9340.9815429687496
  ME_READ_L: 8997.5751953125
  ME_WRITE: 12377.9326171875
  ME_LARGE: 549.83333333333337
  ME_LATENCY: 73.360743086489094
  ME_THREADED: 9009.4384765625
  SUMM_CPU: 660.01877800983004
  SUMM_ME: 741.23777412524225
SystemInformation:
  OSName: Ubuntu 24.04.1 LTS
  Kernel: 6.8.0-1018-aws
  Device: ""
  Processor: ARM Neoverse-N1 1 Core 0 MHz
  NumSockets: 1
  Manufacturer: ARM
  NumCores: 1
  NumLogicals: 1
  CPUFrequency: 0
  Memory: 1831
Checksum: 528F35AA0E97CCBE993C1CA642CCD14A5BAD4021