BaselineInfo:
  WebDBID: -1
  TimeStamp: 20241106233242
Version:
  Major: 11
  Minor: 0
  Build: 1002
  SpecialBuildName: ""
  ptArchitecture: aarch64_linux
Results:
  Results Complete: true
  NumTestProcesses: 1
  CPU_INTEGER_MATH: 3887.2263333333335
  CPU_FLOATINGPOINT_MATH: 2952.9713685562892
  CPU_PRIME: 8.2406633804888099
  CPU_SORTING: 2780.8559745054163
  CPU_ENCRYPTION: 132.25653973255262
  CPU_COMPRESSION: 4096.1668681098108
  CPU_SINGLETHREAD: 996.13317476670682
  CPU_PHYSICS: 174.11341608585849
  CPU_MATRIX_MULT_SSE: 611.60983066474114
  CPU_mm: 102.84113416866445
  CPU_sse: 511.46535356461561
  CPU_fma: 711.75430776486667
  CPU_avx: 0
  CPU_avx512: 0
  m_CPU_enc_SHA: 201507309.90614697
  m_CPU_enc_AES: 92979161.073249176
  m_CPU_enc_ECDSA: 121556629.24040715
  ME_ALLOC_S: 636.41351537250398
  ME_READ_S: 9322.9315429687504
  ME_READ_L: 8955.091796875
  ME_WRITE: 12365.810546875
  ME_LARGE: 581.16666666666663
  ME_LATENCY: 73.58745845300804
  ME_THREADED: 9021.802734375
  SUMM_CPU: 657.39237805324262
  SUMM_ME: 758.92077717007055
SystemInformation:
  OSName: Ubuntu 24.04.1 LTS
  Kernel: 6.8.0-1016-aws
  Device: ""
  Processor: ARM Neoverse-N1 1 Core 0 MHz
  NumSockets: 1
  Manufacturer: ARM
  NumCores: 1
  NumLogicals: 1
  CPUFrequency: 0
  Memory: 1831
Checksum: B04D648759067E97D451D107A19B1DD482BD1B0E