BaselineInfo:
  WebDBID: -1
  TimeStamp: 20241114192244
Version:
  Major: 11
  Minor: 0
  Build: 1002
  SpecialBuildName: ""
  ptArchitecture: aarch64_linux
Results:
  Results Complete: true
  NumTestProcesses: 1
  CPU_INTEGER_MATH: 3876.0320000000002
  CPU_FLOATINGPOINT_MATH: 2958.2261708301512
  CPU_PRIME: 8.3626862712586032
  CPU_SORTING: 2750.4356813888921
  CPU_ENCRYPTION: 131.55230060908229
  CPU_COMPRESSION: 4128.3036468040254
  CPU_SINGLETHREAD: 997.72977383601017
  CPU_PHYSICS: 177.73799097466363
  CPU_MATRIX_MULT_SSE: 613.63071645113178
  CPU_mm: 102.39657524414439
  CPU_sse: 511.79866932345976
  CPU_fma: 715.46276357880379
  CPU_avx: 0
  CPU_avx512: 0
  m_CPU_enc_SHA: 197683902.86734688
  m_CPU_enc_AES: 92674074.630986392
  m_CPU_enc_ECDSA: 123469777.99207397
  ME_ALLOC_S: 643.67370525295041
  ME_READ_S: 9291.2899414062504
  ME_READ_L: 8987.3408203125
  ME_WRITE: 12267.376953125
  ME_LARGE: 545.41666666666663
  ME_LATENCY: 73.685656205686442
  ME_THREADED: 8910.935546875
  SUMM_CPU: 657.83632306327684
  SUMM_ME: 737.72807669759914
SystemInformation:
  OSName: Ubuntu 24.04.1 LTS
  Kernel: 6.8.0-1018-aws
  Device: ""
  Processor: ARM Neoverse-N1 1 Core 0 MHz
  NumSockets: 1
  Manufacturer: ARM
  NumCores: 1
  NumLogicals: 1
  CPUFrequency: 0
  Memory: 1831
Checksum: 8947BE20A40BF14C5CFAC60726316ADADE5CBEB4