---
system-info:
      stress-ng-version: 0.17.08
      run-by: root
      date-yyyy-mm-dd: 2024:09:23
      time-hh-mm-ss: 23:57:57
      epoch-secs: 1727135877
      hostname: c4-highmem-48-e3944ec
      sysname: Linux
      nodename: c4-highmem-48-e3944ec
      release: 6.8.0-1014-gcp
      version: '#16-Ubuntu SMP Mon Aug 26 15:55:46 UTC 2024'
      machine: x86_64
      compiler: 'musl-gcc 13.2.1'
      uptime: 225
      totalram: 392851251200
      freeram: 382077579264
      sharedram: 274771968
      bufferram: 253673472
      totalswap: 0
      freeswap: 0
      pagesize: 4096
      cpus: 48
      cpus-online: 48
      ticks-per-second: 100

metrics:
    - stressor: cpu
      bogo-ops: 42189
      bogo-ops-per-second-usr-sys-time: 2109.444094
      bogo-ops-per-second-real-time: 2109.439665
      wall-clock-time: 20.000098
      user-time: 20.000056
      system-time: 0.000000
      cpu-usage-per-instance: 99.999790
      max-rss: 1152

...
