---
system-info:
      stress-ng-version: 0.17.08
      run-by: root
      date-yyyy-mm-dd: 2024:06:15
      time-hh-mm-ss: 14:19:40
      epoch-secs: 1718461180
      hostname: d24e5f0e77c9
      sysname: Linux
      nodename: d24e5f0e77c9
      release: 6.8.0-1008-aws
      version: '#8-Ubuntu SMP Sat Apr 20 00:46:25 UTC 2024'
      machine: x86_64
      compiler: 'musl-gcc 13.2.1'
      uptime: 190
      totalram: 64254869504
      freeram: 59819409408
      sharedram: 48517120
      bufferram: 110305280
      totalswap: 0
      freeswap: 0
      pagesize: 4096
      cpus: 8
      cpus-online: 8
      ticks-per-second: 100

metrics:
    - stressor: cpu
      bogo-ops: 17695
      bogo-ops-per-second-usr-sys-time: 884.717929
      bogo-ops-per-second-real-time: 884.745254
      wall-clock-time: 20.000107
      user-time: 20.000725
      system-time: 0.000000
      cpu-usage-per-instance: 100.003089
      max-rss: 1104

...
