---
system-info:
      stress-ng-version: 0.17.08
      run-by: root
      date-yyyy-mm-dd: 2024:09:20
      time-hh-mm-ss: 03:12:29
      epoch-secs: 1726801949
      hostname: sc-runner
      sysname: Linux
      nodename: sc-runner
      release: 6.8.0-1014-azure
      version: '#16-Ubuntu SMP Thu Aug 15 20:04:41 UTC 2024'
      machine: x86_64
      compiler: 'musl-gcc 13.2.1'
      uptime: 318
      totalram: 16766771200
      freeram: 6606041088
      sharedram: 38080512
      bufferram: 245415936
      totalswap: 0
      freeswap: 0
      pagesize: 4096
      cpus: 2
      cpus-online: 2
      ticks-per-second: 100

metrics:
    - stressor: cpu
      bogo-ops: 53819
      bogo-ops-per-second-usr-sys-time: 1362.906299
      bogo-ops-per-second-real-time: 2690.943215
      wall-clock-time: 20.000050
      user-time: 39.477437
      system-time: 0.010971
      cpu-usage-per-instance: 98.720771
      max-rss: 3124

...
