"size","threads","connections","rps","latency","failed","server_usr","server_sys","client_usr","client_sys"
"1k",32,32,2522248,0.000012240,0,63.48,100.53,33.67,125.33
"1k",32,64,2299992,0.000027710,0,58.23,98.97,28.42,118.35
"1k",32,128,2659401,0.000049920,0,63.50,98.55,28.58,114.10
"1k",32,256,2027650,0.000131510,0,47.63,113.65,20.88,124.67
"1k",32,512,2139756,0.000338140,0,49.36,115.60,20.67,128.16
"1k",32,1024,2200224,0.000600520,0,50.04,117.17,20.55,130.34
"1k",64,64,2304864,0.000028100,0,54.91,106.23,30.88,126.83
"1k",64,128,1692385,0.000079440,0,37.20,119.46,21.87,137.38
"1k",64,256,1868138,0.000226250,0,39.03,120.81,22.33,140.18
"1k",64,512,1949438,0.000491220,0,40.38,118.90,25.70,139.05
"1k",64,1024,1969854,0.000749090,0,40.33,119.80,24.59,140.36
"1k",128,128,2150913,0.000064540,0,48.24,111.22,30.39,131.71
"1k",128,256,1885364,0.000201430,0,39.03,116.97,27.93,139.30
"1k",128,512,1748273,0.000456680,0,35.01,121.36,25.50,142.80
"1k",128,1024,1804277,0.000757370,0,36.33,120.80,25.34,142.97
"16k",32,32,1976809,0.000016140,0,57.30,97.34,29.61,123.84
"16k",32,64,1945784,0.000030420,0,53.04,101.85,27.74,126.56
"16k",32,128,1954757,0.000066930,0,52.67,99.36,25.74,120.43
"16k",32,256,1571206,0.000161790,0,43.35,110.82,19.95,130.39
"16k",32,512,1586722,0.000369540,0,43.79,114.20,19.32,134.88
"16k",32,1024,1553282,0.000648970,0,45.29,116.14,18.67,139.40
"16k",64,64,2038700,0.000031500,0,53.26,99.84,32.27,130.79
"16k",64,128,1480112,0.000088620,0,37.37,114.46,22.83,142.72
"16k",64,256,1564141,0.000215060,0,37.96,117.33,23.11,144.20
"16k",64,512,1513798,0.000583940,0,36.93,118.97,23.09,145.16
"16k",64,1024,1508164,0.000940000,0,38.52,119.70,22.67,145.90
"16k",128,128,1811321,0.000074250,0,45.79,107.80,30.14,138.16
"16k",128,256,1538981,0.000223360,0,37.30,114.82,27.39,144.14
"16k",128,512,1447699,0.000503690,0,34.67,117.52,26.14,146.68
"16k",128,1024,1397276,0.000890000,0,35.09,118.89,24.97,146.76
"64k",32,32,1104484,0.000029150,0,46.22,103.71,23.61,129.52
"64k",32,64,1139045,0.000052570,0,47.62,104.40,24.09,134.01
"64k",32,128,1038498,0.000114520,0,42.73,104.59,20.88,129.90
"64k",32,256,837618,0.000291610,0,36.75,118.14,16.24,134.49
"64k",32,512,692757,0.000749810,0,43.05,125.03,14.25,137.32
"64k",32,1024,541871,0.001850000,0,53.43,121.92,12.65,133.68
"64k",64,64,1135592,0.000056560,0,47.51,105.28,26.58,140.25
"64k",64,128,863130,0.000153230,0,32.59,122.07,20.12,145.52
"64k",64,256,845433,0.000382480,0,31.96,125.62,19.13,146.54
"64k",64,512,750146,0.000860000,0,33.80,128.00,18.70,143.84
"64k",64,1024,589020,0.001900000,0,49.41,125.03,15.44,136.45
"64k",128,128,1024238,0.000135300,0,39.67,109.64,26.21,145.11
"64k",128,256,857970,0.000376830,0,31.13,122.03,23.60,147.17
"64k",128,512,768961,0.000827660,0,32.88,125.21,20.74,145.99
"64k",128,1024,609646,0.001790000,0,46.58,123.73,17.70,139.16
"256k",32,32,403545,0.000090080,0,46.20,112.41,19.71,129.00
"256k",32,64,422561,0.000185510,0,44.67,108.71,20.49,132.85
"256k",32,128,241135,0.000506630,0,46.02,125.69,12.15,122.45
"256k",32,256,151901,0.001630000,0,61.30,132.00,9.15,116.62
"256k",32,512,123006,0.003850000,0,73.22,131.72,7.98,111.37
"256k",64,64,434017,0.000216060,0,46.55,112.88,22.08,141.28
"256k",64,128,262523,0.000571560,0,39.73,132.60,15.36,134.62
"256k",64,256,180369,0.001490000,0,58.65,131.32,12.45,121.56
"256k",64,512,136832,0.003720000,0,73.47,128.67,10.44,109.20
"256k",128,128,292377,0.000560310,0,43.05,119.21,18.05,129.54
"256k",128,256,188872,0.001530000,0,54.49,127.28,13.16,117.97
"256k",128,512,145966,0.003660000,0,70.44,123.93,11.72,108.44
"512k",32,32,206436,0.000930000,0,41.49,96.62,17.52,148.46
"512k",32,64,158202,0.000486630,0,55.71,119.11,14.10,117.92
"512k",32,128,78731,0.001560000,0,67.39,131.50,8.49,108.39
"512k",32,256,62111,0.003880000,0,81.23,132.36,7.21,101.87
"512k",32,512,58816,0.008230000,0,85.31,128.40,6.92,103.90
"512k",64,64,151959,0.000527310,0,60.49,116.71,15.66,130.64
"512k",64,128,88817,0.001470000,0,68.34,131.35,11.05,112.48
"512k",64,256,67317,0.003770000,0,86.55,127.77,9.11,100.68
"512k",64,512,64372,0.007880000,0,86.96,127.86,8.61,101.27
"512k",128,128,96684,0.001380000,0,81.65,123.92,12.74,105.88
"512k",128,256,72287,0.003550000,0,91.24,122.66,10.45,100.60
"512k",128,512,69888,0.007320000,0,92.78,122.51,10.26,99.51
