---
system-info:
      stress-ng-version: 0.17.08
      run-by: root
      date-yyyy-mm-dd: 2024:06:12
      time-hh-mm-ss: 22:55:40
      epoch-secs: 1718232940
      hostname: 62fd23b169e6
      sysname: Linux
      nodename: 62fd23b169e6
      release: 6.8.0-1008-aws
      version: '#8-Ubuntu SMP Sat Apr 20 02:43:14 UTC 2024'
      machine: aarch64
      compiler: 'musl-gcc 13.2.1'
      uptime: 147
      totalram: 3993083904
      freeram: 222363648
      sharedram: 35008512
      bufferram: 107753472
      totalswap: 0
      freeswap: 0
      pagesize: 4096
      cpus: 2
      cpus-online: 2
      ticks-per-second: 100

metrics:
    - stressor: cpu
      bogo-ops: 30389
      bogo-ops-per-second-usr-sys-time: 1519.558117
      bogo-ops-per-second-real-time: 1519.439965
      wall-clock-time: 20.000132
      user-time: 19.998577
      system-time: 0.000000
      cpu-usage-per-instance: 99.992225
      max-rss: 1320

...
