---
system-info:
      stress-ng-version: 0.17.08
      run-by: root
      date-yyyy-mm-dd: 2024:09:17
      time-hh-mm-ss: 03:52:37
      epoch-secs: 1726545157
      hostname: sc-runner
      sysname: Linux
      nodename: sc-runner
      release: 6.8.0-1014-azure
      version: '#16-Ubuntu SMP Thu Aug 15 20:04:41 UTC 2024'
      machine: x86_64
      compiler: 'musl-gcc 13.2.1'
      uptime: 337
      totalram: 270259834880
      freeram: 259931361280
      sharedram: 42037248
      bufferram: 242462720
      totalswap: 0
      freeswap: 0
      pagesize: 4096
      cpus: 8
      cpus-online: 8
      ticks-per-second: 100

metrics:
    - stressor: cpu
      bogo-ops: 28258
      bogo-ops-per-second-usr-sys-time: 1412.910738
      bogo-ops-per-second-real-time: 1412.891326
      wall-clock-time: 20.000123
      user-time: 19.998849
      system-time: 0.000999
      cpu-usage-per-instance: 99.998626
      max-rss: 3152

...
