"size","threads","connections","rps","latency","failed","server_usr","server_sys","client_usr","client_sys"
"1k",4,4,397883,0.000009700,0,7.90,12.30,4.20,15.91
"1k",4,8,309929,0.000024750,0,5.75,12.12,2.86,13.70
"1k",4,16,393832,0.000036610,0,6.94,13.94,3.38,16.05
"1k",4,32,411622,0.000123060,0,6.85,13.91,3.47,16.04
"1k",4,64,442963,0.000164220,0,6.97,14.00,3.47,15.86
"1k",4,128,452906,0.000264230,0,7.24,13.66,3.10,15.91
"1k",8,8,333147,0.000024120,0,6.23,13.23,3.58,16.83
"1k",8,16,358392,0.000046210,0,6.09,13.56,3.51,17.11
"1k",8,32,372750,0.000114910,0,5.96,13.64,3.49,17.21
"1k",8,64,387386,0.000316520,0,6.16,13.36,3.43,17.21
"1k",8,128,404742,0.000491340,0,6.28,13.28,3.55,16.87
"1k",16,16,332430,0.000051720,0,5.73,13.18,3.57,17.52
"1k",16,32,345420,0.000131810,0,5.62,13.24,3.45,17.87
"1k",16,64,354901,0.000334030,0,5.53,13.24,3.51,17.87
"1k",16,128,373242,0.000487330,0,5.85,13.18,3.60,17.63
"16k",4,4,316268,0.000012480,0,7.54,12.49,3.80,16.32
"16k",4,8,250534,0.000029930,0,5.78,11.46,2.80,14.64
"16k",4,16,283406,0.000055050,0,6.07,12.24,2.97,15.19
"16k",4,32,314777,0.000398370,0,6.47,12.95,3.18,16.26
"16k",4,64,337535,0.000677780,0,6.65,13.22,3.16,16.76
"16k",4,128,345306,0.000910000,0,6.64,13.25,3.17,16.77
"16k",8,8,265450,0.000031340,0,5.77,13.02,3.33,17.51
"16k",8,16,289100,0.000056310,0,5.82,13.14,3.29,18.02
"16k",8,32,302880,0.000116370,0,5.93,12.99,3.38,17.95
"16k",8,64,308224,0.000375150,0,5.69,13.03,3.33,17.87
"16k",8,128,316208,0.000621790,0,6.05,12.81,3.33,17.81
"16k",16,16,275930,0.000062230,0,5.49,12.88,3.56,18.15
"16k",16,32,284539,0.000141430,0,5.48,12.74,3.50,18.33
"16k",16,64,286742,0.000356100,0,5.36,12.84,3.54,18.42
"16k",16,128,293265,0.000563030,0,5.64,12.71,3.49,18.30
"64k",4,4,169594,0.000023750,0,5.83,13.01,2.96,17.30
"64k",4,8,138251,0.000053220,0,4.64,11.61,2.34,15.34
"64k",4,16,154877,0.000095000,0,5.03,12.52,2.63,16.80
"64k",4,32,164982,0.000195320,0,5.22,12.97,2.77,17.30
"64k",4,64,170285,0.000362460,0,5.33,13.41,2.71,17.69
"64k",4,128,174652,0.000681900,0,5.64,13.45,2.77,17.67
"64k",8,8,160067,0.000053430,0,4.97,13.54,3.02,18.62
"64k",8,16,164935,0.000095430,0,4.87,13.43,2.94,18.96
"64k",8,32,166204,0.000197880,0,4.97,13.35,2.92,19.06
"64k",8,64,167342,0.000414690,0,5.00,13.47,2.99,18.63
"64k",8,128,169421,0.000833040,0,5.18,13.48,2.94,18.39
"64k",16,16,158480,0.000103460,0,4.71,13.23,3.08,19.12
"64k",16,32,158401,0.000241590,0,4.55,13.42,3.02,19.29
"64k",16,64,156899,0.000517380,0,4.53,13.32,2.92,19.16
"64k",16,128,159446,0.000890000,0,4.81,13.41,2.97,18.93
"256k",4,4,70708,0.000056300,0,5.07,12.23,3.18,19.34
"256k",4,8,52774,0.000470950,0,4.12,11.94,2.19,15.88
"256k",4,16,58499,0.000246610,0,4.87,13.00,2.37,16.91
"256k",4,32,60939,0.000484910,0,5.10,14.07,2.41,17.16
"256k",4,64,63097,0.000980000,0,5.46,14.33,2.41,17.42
"256k",8,8,63428,0.000129800,0,4.64,13.14,3.00,19.44
"256k",8,16,60020,0.000405550,0,4.80,13.68,2.62,19.14
"256k",8,32,60068,0.000637680,0,4.98,14.07,2.58,18.28
"256k",8,64,60376,0.001100000,0,5.04,14.27,2.51,18.14
"256k",16,16,59347,0.000293370,0,4.58,13.90,2.77,18.98
"256k",16,32,58009,0.000640290,0,4.64,14.04,2.58,18.66
"256k",16,64,57893,0.001160000,0,4.75,14.14,2.65,18.42
"512k",4,4,34370,0.000657840,0,4.43,12.38,2.62,19.78
"512k",4,8,29807,0.000251290,0,4.71,15.25,2.27,16.62
"512k",4,16,29291,0.000490900,0,5.26,16.17,2.15,16.67
"512k",4,32,29695,0.001000000,0,5.35,16.55,2.15,15.87
"512k",4,64,28306,0.002020000,0,5.15,17.25,2.04,15.64
"512k",8,8,31576,0.001050000,0,4.96,13.97,2.52,18.72
"512k",8,16,29005,0.000588930,0,4.84,16.13,2.23,16.66
"512k",8,32,28862,0.001140000,0,4.99,16.42,2.14,16.41
"512k",8,64,28140,0.002230000,0,4.68,17.20,2.11,16.06
"512k",16,16,28963,0.000577370,0,4.62,16.09,2.38,16.82
"512k",16,32,28413,0.001170000,0,4.68,16.42,2.30,16.56
"512k",16,64,27875,0.002290000,0,4.68,16.80,2.26,16.33
