---
system-info:
      stress-ng-version: 0.17.08
      run-by: root
      date-yyyy-mm-dd: 2024:06:14
      time-hh-mm-ss: 21:38:41
      epoch-secs: 1718401121
      hostname: cd4d975d5a8a
      sysname: Linux
      nodename: cd4d975d5a8a
      release: 6.8.0-31-generic
      version: '#31-Ubuntu SMP PREEMPT_DYNAMIC Sat Apr 20 00:40:06 UTC 2024'
      machine: x86_64
      compiler: 'musl-gcc 13.2.1'
      uptime: 107
      totalram: 2013437952
      freeram: 157167616
      sharedram: 17965056
      bufferram: 93024256
      totalswap: 0
      freeswap: 0
      pagesize: 4096
      cpus: 1
      cpus-online: 1
      ticks-per-second: 100

metrics:
    - stressor: cpu
      bogo-ops: 20053
      bogo-ops-per-second-usr-sys-time: 1032.127882
      bogo-ops-per-second-real-time: 1002.634414
      wall-clock-time: 20.000311
      user-time: 19.422845
      system-time: 0.005949
      cpu-usage-per-instance: 97.142460
      max-rss: 976

...
