BaselineInfo:
  WebDBID: -1
  TimeStamp: 20241108042135
Version:
  Major: 11
  Minor: 0
  Build: 1002
  SpecialBuildName: ""
  ptArchitecture: aarch64_linux
Results:
  Results Complete: true
  NumTestProcesses: 16
  CPU_INTEGER_MATH: 63212.625333333344
  CPU_FLOATINGPOINT_MATH: 47940.964535851534
  CPU_PRIME: 108.3562069255789
  CPU_SORTING: 45781.469884854181
  CPU_ENCRYPTION: 2168.1292683228776
  CPU_COMPRESSION: 76090.865619130462
  CPU_SINGLETHREAD: 1110.7652664196607
  CPU_PHYSICS: 1962.5152460295917
  CPU_MATRIX_MULT_SSE: 9970.1043373687025
  CPU_mm: 1669.9030839523602
  CPU_sse: 8346.0684952466236
  CPU_fma: 11594.14017949078
  CPU_avx: 0
  CPU_avx512: 0
  m_CPU_enc_SHA: 3209322596.5468707
  m_CPU_enc_AES: 1507925401.0152407
  m_CPU_enc_ECDSA: 2103096949.4206777
  ME_ALLOC_S: 10374.701300743807
  ME_READ_S: 9479.2619140624993
  ME_READ_L: 9198.7275390625
  ME_WRITE: 12556.6943359375
  ME_LARGE: 117065.41666666667
  ME_LATENCY: 70.976983416519715
  ME_THREADED: 141997.767578125
  SUMM_CPU: 9795.2380622299715
  SUMM_ME: 1818.1461660048947
SystemInformation:
  OSName: Ubuntu 24.04.1 LTS
  Kernel: 6.8.0-1016-aws
  Device: ""
  Processor: ARM Neoverse-N1 16 Core 0 MHz
  NumSockets: 1
  Manufacturer: ARM
  NumCores: 16
  NumLogicals: 16
  CPUFrequency: 0
  Memory: 127264
Checksum: 9F678098EB0CDC1102B3AE9D14E6C84B9937543D