---
system-info:
      stress-ng-version: 0.17.08
      run-by: root
      date-yyyy-mm-dd: 2024:06:12
      time-hh-mm-ss: 15:56:22
      epoch-secs: 1718207782
      hostname: 8ee819ae38c6
      sysname: Linux
      nodename: 8ee819ae38c6
      release: 6.8.0-1008-aws
      version: '#8-Ubuntu SMP Sat Apr 20 00:46:25 UTC 2024'
      machine: x86_64
      compiler: 'musl-gcc 13.2.1'
      uptime: 223
      totalram: 100140064768
      freeram: 95544455168
      sharedram: 20205568
      bufferram: 112906240
      totalswap: 0
      freeswap: 0
      pagesize: 4096
      cpus: 48
      cpus-online: 48
      ticks-per-second: 100

metrics:
    - stressor: cpu
      bogo-ops: 30800
      bogo-ops-per-second-usr-sys-time: 1540.052747
      bogo-ops-per-second-real-time: 1539.996016
      wall-clock-time: 20.000052
      user-time: 19.999315
      system-time: 0.000000
      cpu-usage-per-instance: 99.996316
      max-rss: 1152

...
