---
system-info:
      stress-ng-version: 0.17.08
      run-by: root
      date-yyyy-mm-dd: 2024:06:12
      time-hh-mm-ss: 18:55:45
      epoch-secs: 1718218545
      hostname: 5ac461ab3071
      sysname: Linux
      nodename: 5ac461ab3071
      release: 6.8.0-1008-aws
      version: '#8-Ubuntu SMP Sat Apr 20 00:46:25 UTC 2024'
      machine: x86_64
      compiler: 'musl-gcc 13.2.1'
      uptime: 169
      totalram: 100140072960
      freeram: 95496585216
      sharedram: 20201472
      bufferram: 112566272
      totalswap: 0
      freeswap: 0
      pagesize: 4096
      cpus: 48
      cpus-online: 48
      ticks-per-second: 100

metrics:
    - stressor: cpu
      bogo-ops: 15339
      bogo-ops-per-second-usr-sys-time: 766.981446
      bogo-ops-per-second-real-time: 766.939623
      wall-clock-time: 20.000271
      user-time: 19.999180
      system-time: 0.000000
      cpu-usage-per-instance: 99.994547
      max-rss: 1152

...
