BaselineInfo:
  WebDBID: -1
  TimeStamp: 20241108192843
Version:
  Major: 11
  Minor: 0
  Build: 1002
  SpecialBuildName: ""
  ptArchitecture: aarch64_linux
Results:
  Results Complete: true
  NumTestProcesses: 48
  CPU_INTEGER_MATH: 229095.27400000009
  CPU_FLOATINGPOINT_MATH: 227774.67442791027
  CPU_PRIME: 295.46913734398669
  CPU_SORTING: 186351.07654229016
  CPU_ENCRYPTION: 6654.3338897314216
  CPU_COMPRESSION: 258051.61789796082
  CPU_SINGLETHREAD: 1559.005468160263
  CPU_PHYSICS: 8125.0544228545868
  CPU_MATRIX_MULT_SSE: 39701.860253641695
  CPU_mm: 5209.7363068627164
  CPU_sse: 33288.614770740242
  CPU_fma: 46115.105736543133
  CPU_avx: 0
  CPU_avx512: 0
  m_CPU_enc_SHA: 10127138133.731209
  m_CPU_enc_AES: 3894626494.3435273
  m_CPU_enc_ECDSA: 6910959810.2023067
  ME_ALLOC_S: 31016.291188342835
  ME_READ_S: 19681.273828124999
  ME_READ_L: 19037.822265625
  ME_WRITE: 19704.58203125
  ME_LARGE: 177349.33333333334
  ME_LATENCY: 49.917411140646131
  ME_THREADED: 259779.92724609375
  SUMM_CPU: 28361.367971044863
  SUMM_ME: 3145.5981853653871
SystemInformation:
  OSName: Ubuntu 24.04.1 LTS
  Kernel: 6.8.0-1016-aws
  Device: ""
  Processor: ARM Neoverse-V1 48 Core 0 MHz
  NumSockets: 1
  Manufacturer: ARM
  NumCores: 48
  NumLogicals: 48
  CPUFrequency: 0
  Memory: 189782
Checksum: 9CB46B0FAF1B9E30CE8C4715F60D04DEEC68813F