BaselineInfo:
  WebDBID: -1
  TimeStamp: 20250526183100
Version:
  Major: 11
  Minor: 0
  Build: 1002
  SpecialBuildName: ""
  ptArchitecture: x86_64_linux
Results:
  Results Complete: true
  NumTestProcesses: 2
  CPU_INTEGER_MATH: 10601.341333333334
  CPU_FLOATINGPOINT_MATH: 7518.5945704107326
  CPU_PRIME: 21.160387387282825
  CPU_SORTING: 5326.6669916512055
  CPU_ENCRYPTION: 2339.4538982222525
  CPU_COMPRESSION: 40083.372681072244
  CPU_SINGLETHREAD: 3206.5780405541391
  CPU_PHYSICS: 508.84367430673274
  CPU_MATRIX_MULT_SSE: 2978.4737080635273
  CPU_mm: 299.97124986777578
  CPU_sse: 1294.6138618495602
  CPU_fma: 3607.6494309900172
  CPU_avx: 2670.9748123129548
  CPU_avx512: 4340.6567271015774
  m_CPU_enc_SHA: 2472232329.0243487
  m_CPU_enc_AES: 3207742680.0695338
  m_CPU_enc_ECDSA: 1679310623.2530074
  ME_ALLOC_S: 1731.2938264546563
  ME_READ_S: 28803.934960937499
  ME_READ_L: 10613.193359375
  ME_WRITE: 9533.5966796875
  ME_LARGE: 159228
  ME_LATENCY: 58.82056445777939
  ME_THREADED: 16087.099609375
  SUMM_CPU: 4149.3940589892254
  SUMM_ME: 2109.0111621479969
SystemInformation:
  OSName: Ubuntu 24.04.2 LTS
  Kernel: 6.11.0-1015-azure
  Device: ""
  Processor: INTEL XEON PLATINUM 8573C
  NumSockets: 1
  Manufacturer: GenuineIntel
  NumCores: 1
  NumLogicals: 2
  CPUFrequency: 2300
  Memory: 169042
  MemModuleInfo:
    iNumMemSticks: 3
    DIMM 1:
      manufacturer: Microsoft Corporation
      modulePartNo: None
      memType: Unknown
      size: 1
      clkspeed: 0
      moduleVoltage: 0
    DIMM 2:
      manufacturer: Microsoft Corporation
      modulePartNo: None
      memType: Unknown
      size: 59
      clkspeed: 0
      moduleVoltage: 0
    DIMM 3:
      manufacturer: Microsoft Corporation
      modulePartNo: None
      memType: Unknown
      size: 108
      clkspeed: 0
      moduleVoltage: 0
Checksum: 6ECA62680A9BF79BC4EFDDC5FF7008CADD6AEAB9