---
system-info:
      stress-ng-version: 0.17.08
      run-by: root
      date-yyyy-mm-dd: 2024:07:03
      time-hh-mm-ss: 10:35:33
      epoch-secs: 1720002933
      hostname: n1-standard-96-d8cb74c
      sysname: Linux
      nodename: n1-standard-96-d8cb74c
      release: 6.8.0-1009-gcp
      version: '#10-Ubuntu SMP Wed Jun 12 18:52:23 UTC 2024'
      machine: x86_64
      compiler: 'musl-gcc 13.2.1'
      uptime: 193
      totalram: 380350394368
      freeram: 374019182592
      sharedram: 82522112
      bufferram: 132636672
      totalswap: 0
      freeswap: 0
      pagesize: 4096
      cpus: 96
      cpus-online: 96
      ticks-per-second: 100

metrics:
    - stressor: cpu
      bogo-ops: 25128
      bogo-ops-per-second-usr-sys-time: 1256.452583
      bogo-ops-per-second-real-time: 1256.393260
      wall-clock-time: 20.000107
      user-time: 19.999163
      system-time: 0.000000
      cpu-usage-per-instance: 99.995279
      max-rss: 768

...
