---
system-info:
      stress-ng-version: 0.17.08
      run-by: root
      date-yyyy-mm-dd: 2024:07:12
      time-hh-mm-ss: 06:43:50
      epoch-secs: 1720766630
      hostname: ip-172-31-47-185
      sysname: Linux
      nodename: ip-172-31-47-185
      release: 6.8.0-1010-aws
      version: '#10-Ubuntu SMP Thu Jun 13 17:48:42 UTC 2024'
      machine: aarch64
      compiler: 'musl-gcc 13.2.1'
      uptime: 168
      totalram: 132642672640
      freeram: 126942707712
      sharedram: 34947072
      bufferram: 144392192
      totalswap: 0
      freeswap: 0
      pagesize: 4096
      cpus: 64
      cpus-online: 64
      ticks-per-second: 100

metrics:
    - stressor: cpu
      bogo-ops: 30387
      bogo-ops-per-second-usr-sys-time: 1519.350380
      bogo-ops-per-second-real-time: 1519.340890
      wall-clock-time: 20.000120
      user-time: 19.999995
      system-time: 0.000000
      cpu-usage-per-instance: 99.999375
      max-rss: 512

...
