---
system-info:
      stress-ng-version: 0.17.08
      run-by: root
      date-yyyy-mm-dd: 2024:06:07
      time-hh-mm-ss: 12:40:27
      epoch-secs: 1717764027
      hostname: 7b0cd887bbf7
      sysname: Linux
      nodename: 7b0cd887bbf7
      release: 6.8.0-1008-aws
      version: '#8-Ubuntu SMP Sat Apr 20 00:46:25 UTC 2024'
      machine: x86_64
      compiler: 'musl-gcc 13.2.1'
      uptime: 133
      totalram: 811214770176
      freeram: 804607295488
      sharedram: 78831616
      bufferram: 90591232
      totalswap: 0
      freeswap: 0
      pagesize: 4096
      cpus: 96
      cpus-online: 96
      ticks-per-second: 100

metrics:
    - stressor: cpu
      bogo-ops: 989358
      bogo-ops-per-second-usr-sys-time: 1031.195765
      bogo-ops-per-second-real-time: 98923.314657
      wall-clock-time: 10.001262
      user-time: 959.296977
      system-time: 0.130935
      cpu-usage-per-instance: 99.927795
      max-rss: 3072

...
