---
system-info:
      stress-ng-version: 0.17.08
      run-by: root
      date-yyyy-mm-dd: 2024:06:13
      time-hh-mm-ss: 08:43:41
      epoch-secs: 1718268221
      hostname: 7ba100c6edb1
      sysname: Linux
      nodename: 7ba100c6edb1
      release: 6.8.0-1008-aws
      version: '#8-Ubuntu SMP Sat Apr 20 00:46:25 UTC 2024'
      machine: x86_64
      compiler: 'musl-gcc 13.2.1'
      uptime: 126
      totalram: 811214798848
      freeram: 804606595072
      sharedram: 78831616
      bufferram: 105783296
      totalswap: 0
      freeswap: 0
      pagesize: 4096
      cpus: 96
      cpus-online: 96
      ticks-per-second: 100

metrics:
    - stressor: cpu
      bogo-ops: 1639270
      bogo-ops-per-second-usr-sys-time: 854.134614
      bogo-ops-per-second-real-time: 81963.160445
      wall-clock-time: 20.000083
      user-time: 1919.188407
      system-time: 0.028977
      cpu-usage-per-instance: 99.958825
      max-rss: 768

...
