---
system-info:
      stress-ng-version: 0.17.08
      run-by: root
      date-yyyy-mm-dd: 2024:09:03
      time-hh-mm-ss: 00:01:52
      epoch-secs: 1725321712
      hostname: sc-runner
      sysname: Linux
      nodename: sc-runner
      release: 6.8.0-1013-azure
      version: '#15-Ubuntu SMP Thu Aug  8 18:40:40 UTC 2024'
      machine: x86_64
      compiler: 'musl-gcc 13.2.1'
      uptime: 410
      totalram: 14652846080
      freeram: 6200811520
      sharedram: 42041344
      bufferram: 208744448
      totalswap: 0
      freeswap: 0
      pagesize: 4096
      cpus: 2
      cpus-online: 2
      ticks-per-second: 100

metrics:
    - stressor: cpu
      bogo-ops: 41042
      bogo-ops-per-second-usr-sys-time: 1036.639375
      bogo-ops-per-second-real-time: 2052.091585
      wall-clock-time: 20.000082
      user-time: 39.586411
      system-time: 0.004985
      cpu-usage-per-instance: 98.978084
      max-rss: 3256

...
