---
system-info:
      stress-ng-version: 0.17.08
      run-by: root
      date-yyyy-mm-dd: 2024:09:11
      time-hh-mm-ss: 19:42:48
      epoch-secs: 1726083768
      hostname: a3-highgpu-4g-1f7aa5c
      sysname: Linux
      nodename: a3-highgpu-4g-1f7aa5c
      release: 6.8.0-1014-gcp
      version: '#16-Ubuntu SMP Mon Aug 26 15:55:46 UTC 2024'
      machine: x86_64
      compiler: 'musl-gcc 13.2.1'
      uptime: 278
      totalram: 988755283968
      freeram: 976730198016
      sharedram: 112103424
      bufferram: 269516800
      totalswap: 0
      freeswap: 0
      pagesize: 4096
      cpus: 104
      cpus-online: 104
      ticks-per-second: 100

metrics:
    - stressor: cpu
      bogo-ops: 40956
      bogo-ops-per-second-usr-sys-time: 2047.810137
      bogo-ops-per-second-real-time: 2047.794605
      wall-clock-time: 20.000053
      user-time: 19.999901
      system-time: 0.000000
      cpu-usage-per-instance: 99.999242
      max-rss: 0

...
