BaselineInfo:
  WebDBID: -1
  TimeStamp: 20241106235616
Version:
  Major: 11
  Minor: 0
  Build: 1002
  SpecialBuildName: ""
  ptArchitecture: x86_64_linux
Results:
  Results Complete: true
  NumTestProcesses: 2
  CPU_INTEGER_MATH: 4870.6946666666663
  CPU_FLOATINGPOINT_MATH: 2995.8448713808793
  CPU_PRIME: 10.873553153762773
  CPU_SORTING: 2524.9500455947718
  CPU_ENCRYPTION: 671.5278343605919
  CPU_COMPRESSION: 21788.668913363275
  CPU_SINGLETHREAD: 1583.4003179390545
  CPU_PHYSICS: 231.68825475232148
  CPU_MATRIX_MULT_SSE: 1164.7640388558671
  CPU_mm: 151.73070274954409
  CPU_sse: 566.64463659779972
  CPU_fma: 1811.5677124240328
  CPU_avx: 1116.0797675457684
  CPU_avx512: 0
  m_CPU_enc_SHA: 220685289.45383763
  m_CPU_enc_AES: 1698074976.2653661
  m_CPU_enc_ECDSA: 193683645.60827246
  ME_ALLOC_S: 598.68705043132502
  ME_READ_S: 18816.214062499999
  ME_READ_L: 8785.5859375
  ME_WRITE: 8658.3173828125
  ME_LARGE: 595.75
  ME_LATENCY: 54.703944503221635
  ME_THREADED: 11760.15087890625
  SUMM_CPU: 1759.0486564113321
  SUMM_ME: 873.49426465339025
SystemInformation:
  OSName: Ubuntu 24.04.1 LTS
  Kernel: 6.8.0-1015-gcp
  Device: ""
  Processor: Intel Xeon CPU @ 2.20GHz
  NumSockets: 1
  Manufacturer: GenuineIntel
  NumCores: 1
  NumLogicals: 2
  CPUFrequency: 0
  Memory: 1965
  MemModuleInfo:
    iNumMemSticks: 1
    DIMM 1:
      manufacturer: ""
      modulePartNo: ""
      memType: RAM
      size: 2
      clkspeed: 0
      moduleVoltage: 0
Checksum: 08B403E66B87FD3F70848A4F598A7BB9D79074EB