BaselineInfo:
  WebDBID: -1
  TimeStamp: 20241115120126
Version:
  Major: 11
  Minor: 0
  Build: 1002
  SpecialBuildName: ""
  ptArchitecture: x86_64_linux
Results:
  Results Complete: true
  NumTestProcesses: 2
  CPU_INTEGER_MATH: 4833.7510000000002
  CPU_FLOATINGPOINT_MATH: 2977.4533201372205
  CPU_PRIME: 6.6720130482672566
  CPU_SORTING: 2438.9123529959279
  CPU_ENCRYPTION: 653.65318578416532
  CPU_COMPRESSION: 22003.80265902204
  CPU_SINGLETHREAD: 1560.6963241951985
  CPU_PHYSICS: 177.01622644794816
  CPU_MATRIX_MULT_SSE: 1052.0186262641091
  CPU_mm: 149.41946934783084
  CPU_sse: 552.58616071453616
  CPU_fma: 1596.4185904282715
  CPU_avx: 1007.0511276495195
  CPU_avx512: 0
  m_CPU_enc_SHA: 209754821.48682842
  m_CPU_enc_AES: 1654899761.4478507
  m_CPU_enc_ECDSA: 191560545.87577152
  ME_ALLOC_S: 570.03166465247568
  ME_READ_S: 18842.106738281251
  ME_READ_L: 8257.7744140625
  ME_WRITE: 8222.443359375
  ME_LARGE: 589
  ME_LATENCY: 62.426634591919225
  ME_THREADED: 10978.64208984375
  SUMM_CPU: 1664.2478269944922
  SUMM_ME: 837.18956740885926
SystemInformation:
  OSName: Ubuntu 24.04.1 LTS
  Kernel: 6.8.0-1015-gcp
  Device: ""
  Processor: Intel Xeon CPU @ 2.20GHz
  NumSockets: 1
  Manufacturer: GenuineIntel
  NumCores: 1
  NumLogicals: 2
  CPUFrequency: 0
  Memory: 1965
  MemModuleInfo:
    iNumMemSticks: 1
    DIMM 1:
      manufacturer: ""
      modulePartNo: ""
      memType: RAM
      size: 2
      clkspeed: 0
      moduleVoltage: 0
Checksum: C575DFCCE21404F6551F0B0DAF0D27E0DBC019F9