BaselineInfo:
  WebDBID: -1
  TimeStamp: 20241114200030
Version:
  Major: 11
  Minor: 0
  Build: 1002
  SpecialBuildName: ""
  ptArchitecture: x86_64_linux
Results:
  Results Complete: true
  NumTestProcesses: 2
  CPU_INTEGER_MATH: 4856.2579999999998
  CPU_FLOATINGPOINT_MATH: 2986.4168198156731
  CPU_PRIME: 9.2690457983179577
  CPU_SORTING: 2495.0578533910025
  CPU_ENCRYPTION: 665.8404293982536
  CPU_COMPRESSION: 21422.757741690439
  CPU_SINGLETHREAD: 1572.7917014600719
  CPU_PHYSICS: 210.3155230058793
  CPU_MATRIX_MULT_SSE: 1168.2007307145125
  CPU_mm: 150.93518989377566
  CPU_sse: 563.49203617601188
  CPU_fma: 1803.8064794333645
  CPU_avx: 1137.3036765341612
  CPU_avx512: 0
  m_CPU_enc_SHA: 219645940.65407124
  m_CPU_enc_AES: 1681395733.1668229
  m_CPU_enc_ECDSA: 193511208.46921521
  ME_ALLOC_S: 592.25359026984427
  ME_READ_S: 18775.01318359375
  ME_READ_L: 8815.189453125
  ME_WRITE: 8623.1630859375
  ME_LARGE: 565.66666666666663
  ME_LATENCY: 55.608628209698281
  ME_THREADED: 11625.947265625
  SUMM_CPU: 1731.7851401472085
  SUMM_ME: 848.50236440751678
SystemInformation:
  OSName: Ubuntu 24.04.1 LTS
  Kernel: 6.8.0-1015-gcp
  Device: ""
  Processor: Intel Xeon CPU @ 2.20GHz
  NumSockets: 1
  Manufacturer: GenuineIntel
  NumCores: 1
  NumLogicals: 2
  CPUFrequency: 0
  Memory: 1965
  MemModuleInfo:
    iNumMemSticks: 1
    DIMM 1:
      manufacturer: ""
      modulePartNo: ""
      memType: RAM
      size: 2
      clkspeed: 0
      moduleVoltage: 0
Checksum: 6FC2A16A55452ACFC9EBB6B19B3D74045DEF9EE7