---
system-info:
      stress-ng-version: 0.17.08
      run-by: root
      date-yyyy-mm-dd: 2024:06:21
      time-hh-mm-ss: 14:50:34
      epoch-secs: 1718981434
      hostname: 9818ac43440f
      sysname: Linux
      nodename: 9818ac43440f
      release: 6.8.0-1008-gcp
      version: '#9-Ubuntu SMP Wed May 22 18:09:04 UTC 2024'
      machine: x86_64
      compiler: 'musl-gcc 13.2.1'
      uptime: 172
      totalram: 109700419584
      freeram: 104404881408
      sharedram: 48726016
      bufferram: 135331840
      totalswap: 0
      freeswap: 0
      pagesize: 4096
      cpus: 16
      cpus-online: 16
      ticks-per-second: 100

metrics:
    - stressor: cpu
      bogo-ops: 234049
      bogo-ops-per-second-usr-sys-time: 732.844917
      bogo-ops-per-second-real-time: 11702.375357
      wall-clock-time: 20.000128
      user-time: 319.339456
      system-time: 0.030979
      cpu-usage-per-instance: 99.802624
      max-rss: 1104

...
