BaselineInfo:
  WebDBID: -1
  TimeStamp: 20241107170006
Version:
  Major: 11
  Minor: 0
  Build: 1002
  SpecialBuildName: ""
  ptArchitecture: x86_64_linux
Results:
  Results Complete: true
  NumTestProcesses: 4
  CPU_INTEGER_MATH: 14263.616
  CPU_FLOATINGPOINT_MATH: 11703.54593041979
  CPU_PRIME: 45.122616584321847
  CPU_SORTING: 8701.2492390474763
  CPU_ENCRYPTION: 1843.6444481208871
  CPU_COMPRESSION: 72098.022358716538
  CPU_SINGLETHREAD: 1840.7100924616834
  CPU_PHYSICS: 749.35229392550548
  CPU_MATRIX_MULT_SSE: 6075.8298993315257
  CPU_mm: 662.62787884998284
  CPU_sse: 2477.9740142551873
  CPU_fma: 8156.9417419887277
  CPU_avx: 5457.4862234666689
  CPU_avx512: 8210.9176176155179
  m_CPU_enc_SHA: 1014642809.0656476
  m_CPU_enc_AES: 3897065388.4484453
  m_CPU_enc_ECDSA: 887895764.9843291
  ME_ALLOC_S: 2526.3155847278058
  ME_READ_S: 21666.194140625001
  ME_READ_L: 8167.669921875
  ME_WRITE: 7634.99853515625
  ME_LARGE: 4050.3333333333335
  ME_LATENCY: 55.814424149678452
  ME_THREADED: 29600.39208984375
  SUMM_CPU: 5775.7211237222427
  SUMM_ME: 1792.076740385774
SystemInformation:
  OSName: Ubuntu 24.04.1 LTS
  Kernel: 6.8.0-1017-azure
  Device: ""
  Processor: Intel Xeon Platinum 8272CL CPU @ 2.60GHz
  NumSockets: 1
  Manufacturer: GenuineIntel
  NumCores: 4
  NumLogicals: 4
  CPUFrequency: 0
  Memory: 13973
  MemModuleInfo:
    iNumMemSticks: 2
    DIMM 1:
      manufacturer: Microsoft Corporation
      modulePartNo: None
      memType: Unknown
      size: 1
      clkspeed: 0
      moduleVoltage: 0
    DIMM 2:
      manufacturer: Microsoft Corporation
      modulePartNo: None
      memType: Unknown
      size: 13
      clkspeed: 0
      moduleVoltage: 0
Checksum: BEC40858686DCCD2CBD5D41D4494285CD1D1BD8B