---
system-info:
      stress-ng-version: 0.17.08
      run-by: root
      date-yyyy-mm-dd: 2024:09:16
      time-hh-mm-ss: 13:12:47
      epoch-secs: 1726492367
      hostname: sc-runner
      sysname: Linux
      nodename: sc-runner
      release: 6.8.0-1014-azure
      version: '#16-Ubuntu SMP Thu Aug 15 20:04:41 UTC 2024'
      machine: x86_64
      compiler: 'musl-gcc 13.2.1'
      uptime: 320
      totalram: 33649876992
      freeram: 23405416448
      sharedram: 54923264
      bufferram: 237805568
      totalswap: 0
      freeswap: 0
      pagesize: 4096
      cpus: 8
      cpus-online: 8
      ticks-per-second: 100

metrics:
    - stressor: cpu
      bogo-ops: 37966
      bogo-ops-per-second-usr-sys-time: 1898.293356
      bogo-ops-per-second-real-time: 1898.290066
      wall-clock-time: 20.000105
      user-time: 20.000070
      system-time: 0.000000
      cpu-usage-per-instance: 99.999827
      max-rss: 1104

...
