---
system-info:
      stress-ng-version: 0.17.08
      run-by: root
      date-yyyy-mm-dd: 2024:08:17
      time-hh-mm-ss: 19:23:26
      epoch-secs: 1723922606
      hostname: ip-172-31-3-44
      sysname: Linux
      nodename: ip-172-31-3-44
      release: 6.8.0-1013-aws
      version: '#14-Ubuntu SMP Thu Jul 25 21:19:24 UTC 2024'
      machine: x86_64
      compiler: 'musl-gcc 13.2.1'
      uptime: 304
      totalram: 1602032025600
      freeram: 1591696281600
      sharedram: 73105408
      bufferram: 192536576
      totalswap: 0
      freeswap: 0
      pagesize: 4096
      cpus: 192
      cpus-online: 192
      ticks-per-second: 100

metrics:
    - stressor: cpu
      bogo-ops: 5729469
      bogo-ops-per-second-usr-sys-time: 1493.697663
      bogo-ops-per-second-real-time: 286471.919737
      wall-clock-time: 20.000107
      user-time: 3835.449283
      system-time: 0.312893
      cpu-usage-per-instance: 99.889106
      max-rss: 0

...
