---
system-info:
      stress-ng-version: 0.17.08
      run-by: root
      date-yyyy-mm-dd: 2024:06:05
      time-hh-mm-ss: 18:18:17
      epoch-secs: 1717611497
      hostname: c8679f6f51b0
      sysname: Linux
      nodename: c8679f6f51b0
      release: 6.8.0-1008-aws
      version: '#8-Ubuntu SMP Sat Apr 20 00:46:25 UTC 2024'
      machine: x86_64
      compiler: 'musl-gcc 13.2.1'
      uptime: 136
      totalram: 16553766912
      freeram: 12466475008
      sharedram: 20041728
      bufferram: 78843904
      totalswap: 0
      freeswap: 0
      pagesize: 4096
      cpus: 8
      cpus-online: 8
      ticks-per-second: 100

metrics:
    - stressor: cpu
      bogo-ops: 13978
      bogo-ops-per-second-usr-sys-time: 1397.784345
      bogo-ops-per-second-real-time: 1397.760043
      wall-clock-time: 10.000286
      user-time: 10.000112
      system-time: 0.000000
      cpu-usage-per-instance: 99.998261
      max-rss: 3792

...
