---
system-info:
      stress-ng-version: 0.17.08
      run-by: root
      date-yyyy-mm-dd: 2024:06:12
      time-hh-mm-ss: 16:57:48
      epoch-secs: 1718211468
      hostname: 5d07d13b7719
      sysname: Linux
      nodename: 5d07d13b7719
      release: 6.8.0-1008-aws
      version: '#8-Ubuntu SMP Sat Apr 20 00:46:25 UTC 2024'
      machine: x86_64
      compiler: 'musl-gcc 13.2.1'
      uptime: 186
      totalram: 16553758720
      freeram: 12159295488
      sharedram: 20041728
      bufferram: 112644096
      totalswap: 0
      freeswap: 0
      pagesize: 4096
      cpus: 8
      cpus-online: 8
      ticks-per-second: 100

metrics:
    - stressor: cpu
      bogo-ops: 31541
      bogo-ops-per-second-usr-sys-time: 1577.110719
      bogo-ops-per-second-real-time: 1577.043702
      wall-clock-time: 20.000080
      user-time: 19.999230
      system-time: 0.000000
      cpu-usage-per-instance: 99.995751
      max-rss: 976

...
