---
system-info:
      stress-ng-version: 0.17.08
      run-by: root
      date-yyyy-mm-dd: 2024:06:12
      time-hh-mm-ss: 19:42:32
      epoch-secs: 1718221352
      hostname: ee2d93875236
      sysname: Linux
      nodename: ee2d93875236
      release: 6.8.0-1008-aws
      version: '#8-Ubuntu SMP Sat Apr 20 00:46:25 UTC 2024'
      machine: x86_64
      compiler: 'musl-gcc 13.2.1'
      uptime: 144
      totalram: 16553766912
      freeram: 12167680000
      sharedram: 20041728
      bufferram: 112365568
      totalswap: 0
      freeswap: 0
      pagesize: 4096
      cpus: 8
      cpus-online: 8
      ticks-per-second: 100

metrics:
    - stressor: cpu
      bogo-ops: 15351
      bogo-ops-per-second-usr-sys-time: 767.520335
      bogo-ops-per-second-real-time: 767.544098
      wall-clock-time: 20.000154
      user-time: 20.000773
      system-time: 0.000000
      cpu-usage-per-instance: 100.003096
      max-rss: 976

...
