---
system-info:
      stress-ng-version: 0.17.08
      run-by: root
      date-yyyy-mm-dd: 2024:06:06
      time-hh-mm-ss: 16:43:28
      epoch-secs: 1717692208
      hostname: 5ed8a29c786f
      sysname: Linux
      nodename: 5ed8a29c786f
      release: 6.8.0-1008-aws
      version: '#8-Ubuntu SMP Sat Apr 20 02:43:14 UTC 2024'
      machine: aarch64
      compiler: 'musl-gcc 13.2.1'
      uptime: 116
      totalram: 132642865152
      freeram: 127935741952
      sharedram: 35246080
      bufferram: 84267008
      totalswap: 0
      freeswap: 0
      pagesize: 4096
      cpus: 64
      cpus-online: 64
      ticks-per-second: 100

metrics:
    - stressor: cpu
      bogo-ops: 273021
      bogo-ops-per-second-usr-sys-time: 424.197614
      bogo-ops-per-second-real-time: 27135.089542
      wall-clock-time: 10.061548
      user-time: 643.572504
      system-time: 0.044977
      cpu-usage-per-instance: 99.950061
      max-rss: 3584

...
