---
system-info:
      stress-ng-version: 0.17.08
      run-by: root
      date-yyyy-mm-dd: 2024:06:14
      time-hh-mm-ss: 09:56:11
      epoch-secs: 1718358971
      hostname: 26f9e50405fc
      sysname: Linux
      nodename: 26f9e50405fc
      release: 6.8.0-1008-aws
      version: '#8-Ubuntu SMP Sat Apr 20 02:43:14 UTC 2024'
      machine: aarch64
      compiler: 'musl-gcc 13.2.1'
      uptime: 111
      totalram: 132642865152
      freeram: 127857725440
      sharedram: 35246080
      bufferram: 106196992
      totalswap: 0
      freeswap: 0
      pagesize: 4096
      cpus: 64
      cpus-online: 64
      ticks-per-second: 100

metrics:
    - stressor: cpu
      bogo-ops: 1958593
      bogo-ops-per-second-usr-sys-time: 1530.571735
      bogo-ops-per-second-real-time: 97929.292937
      wall-clock-time: 20.000073
      user-time: 1279.622973
      system-time: 0.024988
      cpu-usage-per-instance: 99.972132
      max-rss: 512

...
