---
system-info:
      stress-ng-version: 0.17.08
      run-by: root
      date-yyyy-mm-dd: 2024:09:13
      time-hh-mm-ss: 20:30:34
      epoch-secs: 1726259434
      hostname: ip-172-31-25-150
      sysname: Linux
      nodename: ip-172-31-25-150
      release: 6.8.0-1014-aws
      version: '#15-Ubuntu SMP Thu Aug  8 20:05:03 UTC 2024'
      machine: aarch64
      compiler: 'musl-gcc 13.2.1'
      uptime: 185
      totalram: 1069025275904
      freeram: 1058266882048
      sharedram: 35250176
      bufferram: 223494144
      totalswap: 0
      freeswap: 0
      pagesize: 4096
      cpus: 64
      cpus-online: 64
      ticks-per-second: 100

metrics:
    - stressor: cpu
      bogo-ops: 1940515
      bogo-ops-per-second-usr-sys-time: 1516.549361
      bogo-ops-per-second-real-time: 97025.439101
      wall-clock-time: 20.000064
      user-time: 1279.541424
      system-time: 0.017982
      cpu-usage-per-instance: 99.965258
      max-rss: 512

...
