BaselineInfo:
  WebDBID: -1
  TimeStamp: 20260522140529
Version:
  Major: 11
  Minor: 0
  Build: 1004
  SpecialBuildName: ""
  ptArchitecture: x86_64_linux
Results:
  Results Complete: true
  NumTestProcesses: 4
  CPU_INTEGER_MATH: 27603.356333333333
  CPU_FLOATINGPOINT_MATH: 28765.058100243619
  CPU_PRIME: 88.218877573542784
  CPU_SORTING: 16182.619355773204
  CPU_ENCRYPTION: 6131.2387846338861
  CPU_COMPRESSION: 125957.15440788737
  CPU_SINGLETHREAD: 3595.4834865351449
  CPU_PHYSICS: 1452.8409817922286
  CPU_MATRIX_MULT_SSE: 10383.246049567224
  CPU_mm: 1283.9218817730743
  CPU_sse: 4197.9767937105162
  CPU_fma: 14135.290474403557
  CPU_avx: 7740.602363434733
  CPU_avx512: 15459.114566720085
  m_CPU_enc_SHA: 8545144449.541153
  m_CPU_enc_AES: 5376737676.8918667
  m_CPU_enc_ECDSA: 5365327393.0757666
  ME_ALLOC_S: 4715.7353737707799
  ME_READ_S: 32775.362695312499
  ME_READ_L: 25843.548828125
  ME_WRITE: 21563.60546875
  ME_LARGE: 18856.916666666668
  ME_LATENCY: 119.84552578324588
  ME_THREADED: 85723.892578125
  SUMM_CPU: 12350.424195435264
  SUMM_ME: 1970.5422846549352
SystemInformation:
  OSName: Ubuntu 24.04.4 LTS
  Kernel: 6.8.0-111-generic
  Device: ""
  Processor: "AMD EPYC 9575F 64-Core Processor               "
  NumSockets: 1
  Manufacturer: AuthenticAMD
  NumCores: 4
  NumLogicals: 4
  CPUFrequency: 0
  CPUMaxFrequency: 0
  Memory: 32001
  CPUInfo:
    number: 1
    Family: 15
    Model: 2
    stepping: 1
    features: 395049983
    manufacture: AuthenticAMD
    typestring: "AMD EPYC 9575F 64-Core Processor               "
    iCoresPerPackage: 255
    iThreadsPerPackage: 1
    featuresEx:
      - 395049983
      - 4294586883
      - 802421759
    bHybrid: false
    nPCore: 0
    nLogicalsPerPCore: 0
    nECore: 0
    nLogicalsPerECore: 0
  MemModuleInfo:
    iNumMemSticks: 2
    DIMM 1:
      manufacturer: QEMU
      modulePartNo: Not Specified
      memType: RAM
      size: 16
      clkspeed: 0
      moduleVoltage: 0
    DIMM 2:
      manufacturer: QEMU
      modulePartNo: Not Specified
      memType: RAM
      size: 16
      clkspeed: 0
      moduleVoltage: 0
Checksum: CBEC3599FDC038FE53A994BBA1A2A815D4CAA20C