---
system-info:
      stress-ng-version: 0.17.08
      run-by: root
      date-yyyy-mm-dd: 2024:09:15
      time-hh-mm-ss: 21:30:59
      epoch-secs: 1726435859
      hostname: sc-runner
      sysname: Linux
      nodename: sc-runner
      release: 6.8.0-1014-azure
      version: '#16-Ubuntu SMP Thu Aug 15 21:06:50 UTC 2024'
      machine: aarch64
      compiler: 'musl-gcc 13.2.1'
      uptime: 274
      totalram: 8311255040
      freeram: 241303552
      sharedram: 38141952
      bufferram: 208867328
      totalswap: 0
      freeswap: 0
      pagesize: 4096
      cpus: 4
      cpus-online: 4
      ticks-per-second: 100

metrics:
    - stressor: cpu
      bogo-ops: 145070
      bogo-ops-per-second-usr-sys-time: 1820.627904
      bogo-ops-per-second-real-time: 7253.468871
      wall-clock-time: 20.000086
      user-time: 79.672309
      system-time: 0.008992
      cpu-usage-per-instance: 99.601199
      max-rss: 1320

...
