---
system-info:
      stress-ng-version: 0.17.08
      run-by: root
      date-yyyy-mm-dd: 2024:06:15
      time-hh-mm-ss: 19:56:11
      epoch-secs: 1718481371
      hostname: 2b5aa86ae3a5
      sysname: Linux
      nodename: 2b5aa86ae3a5
      release: 6.8.0-1008-aws
      version: '#8-Ubuntu SMP Sat Apr 20 00:46:25 UTC 2024'
      machine: x86_64
      compiler: 'musl-gcc 13.2.1'
      uptime: 149
      totalram: 265990795264
      freeram: 261398626304
      sharedram: 59994112
      bufferram: 110800896
      totalswap: 0
      freeswap: 0
      pagesize: 4096
      cpus: 32
      cpus-online: 32
      ticks-per-second: 100

metrics:
    - stressor: cpu
      bogo-ops: 37751
      bogo-ops-per-second-usr-sys-time: 1887.527255
      bogo-ops-per-second-real-time: 1887.545050
      wall-clock-time: 20.000052
      user-time: 19.999242
      system-time: 0.000999
      cpu-usage-per-instance: 100.000943
      max-rss: 1032

...
