---
system-info:
      stress-ng-version: 0.17.08
      run-by: root
      date-yyyy-mm-dd: 2024:06:09
      time-hh-mm-ss: 17:40:23
      epoch-secs: 1717954823
      hostname: f4c3e6b657a2
      sysname: Linux
      nodename: f4c3e6b657a2
      release: 6.8.0-1008-aws
      version: '#8-Ubuntu SMP Sat Apr 20 00:46:25 UTC 2024'
      machine: x86_64
      compiler: 'musl-gcc 13.2.1'
      uptime: 129
      totalram: 265990819840
      freeram: 261200674816
      sharedram: 59994112
      bufferram: 110583808
      totalswap: 0
      freeswap: 0
      pagesize: 4096
      cpus: 32
      cpus-online: 32
      ticks-per-second: 100

metrics:
    - stressor: cpu
      bogo-ops: 16701
      bogo-ops-per-second-usr-sys-time: 1669.650029
      bogo-ops-per-second-real-time: 1669.652881
      wall-clock-time: 10.002678
      user-time: 10.002695
      system-time: 0.000000
      cpu-usage-per-instance: 100.000171
      max-rss: 3848

...
