---
system-info:
      stress-ng-version: 0.17.08
      run-by: root
      date-yyyy-mm-dd: 2024:09:17
      time-hh-mm-ss: 12:08:35
      epoch-secs: 1726574915
      hostname: sc-runner
      sysname: Linux
      nodename: sc-runner
      release: 6.8.0-1014-azure
      version: '#16-Ubuntu SMP Thu Aug 15 20:04:41 UTC 2024'
      machine: x86_64
      compiler: 'musl-gcc 13.2.1'
      uptime: 381
      totalram: 456481734656
      freeram: 445517627392
      sharedram: 79585280
      bufferram: 279539712
      totalswap: 0
      freeswap: 0
      pagesize: 4096
      cpus: 16
      cpus-online: 16
      ticks-per-second: 100

metrics:
    - stressor: cpu
      bogo-ops: 24942
      bogo-ops-per-second-usr-sys-time: 1247.100998
      bogo-ops-per-second-real-time: 1247.089519
      wall-clock-time: 20.000168
      user-time: 19.999984
      system-time: 0.000000
      cpu-usage-per-instance: 99.999080
      max-rss: 3152

...
