BaselineInfo:
  WebDBID: -1
  TimeStamp: 20251218072130
Version:
  Major: 11
  Minor: 0
  Build: 1002
  SpecialBuildName: ""
  ptArchitecture: x86_64_linux
Results:
  Results Complete: true
  NumTestProcesses: 8
  CPU_INTEGER_MATH: 25291.856666666667
  CPU_FLOATINGPOINT_MATH: 17929.479792896553
  CPU_PRIME: 70.132882201615729
  CPU_SORTING: 16381.201587666108
  CPU_ENCRYPTION: 2322.8054972152859
  CPU_COMPRESSION: 127504.95483207582
  CPU_SINGLETHREAD: 1796.5574003287404
  CPU_PHYSICS: 882.1259287771353
  CPU_MATRIX_MULT_SSE: 8236.6828830412487
  CPU_mm: 1131.0695653258035
  CPU_sse: 4386.493333097379
  CPU_fma: 11580.752020331278
  CPU_avx: 8742.8032956950865
  CPU_avx512: 0
  m_CPU_enc_SHA: 1624859066.3082848
  m_CPU_enc_AES: 4235964975.4321613
  m_CPU_enc_ECDSA: 1446090249.4036012
  ME_ALLOC_S: 4066.0429953009625
  ME_READ_S: 20618.1142578125
  ME_READ_L: 7534.94580078125
  ME_WRITE: 7014.41796875
  ME_LARGE: 107880.41666666667
  ME_LATENCY: 58.116326843246007
  ME_THREADED: 27613.39794921875
  SUMM_CPU: 8598.2324764257519
  SUMM_ME: 1995.4494484730394
SystemInformation:
  OSName: Ubuntu 24.04.2 LTS
  Kernel: 6.8.0-86-generic
  Device: ""
  Processor: Intel Core Processor (Haswell, no TSX)
  NumSockets: 8
  Manufacturer: GenuineIntel
  NumCores: 8
  NumLogicals: 8
  CPUFrequency: 0
  Memory: 117915
  MemModuleInfo:
    iNumMemSticks: 1
    DIMM 1:
      manufacturer: QEMU
      modulePartNo: Not Specified
      memType: RAM
      size: 120000
      clkspeed: 0
      moduleVoltage: 0
Checksum: 0DC63BE12BCA3540789EFB1EA4FF3EF74DF82456