---
system-info:
      stress-ng-version: 0.17.08
      run-by: root
      date-yyyy-mm-dd: 2024:06:16
      time-hh-mm-ss: 05:20:56
      epoch-secs: 1718515256
      hostname: 8c6de637f8e8
      sysname: Linux
      nodename: 8c6de637f8e8
      release: 6.8.0-1008-aws
      version: '#8-Ubuntu SMP Sat Apr 20 00:46:25 UTC 2024'
      machine: x86_64
      compiler: 'musl-gcc 13.2.1'
      uptime: 141
      totalram: 66333831168
      freeram: 61893185536
      sharedram: 66347008
      bufferram: 110706688
      totalswap: 0
      freeswap: 0
      pagesize: 4096
      cpus: 8
      cpus-online: 8
      ticks-per-second: 100

metrics:
    - stressor: cpu
      bogo-ops: 42168
      bogo-ops-per-second-usr-sys-time: 2108.389880
      bogo-ops-per-second-real-time: 2108.390851
      wall-clock-time: 20.000087
      user-time: 20.000096
      system-time: 0.000000
      cpu-usage-per-instance: 100.000046
      max-rss: 1104

...
