---
system-info:
      stress-ng-version: 0.17.08
      run-by: root
      date-yyyy-mm-dd: 2024:06:10
      time-hh-mm-ss: 02:25:49
      epoch-secs: 1717986349
      hostname: 03cb81b5ed6d
      sysname: Linux
      nodename: 03cb81b5ed6d
      release: 6.8.0-1008-aws
      version: '#8-Ubuntu SMP Sat Apr 20 00:46:25 UTC 2024'
      machine: x86_64
      compiler: 'musl-gcc 13.2.1'
      uptime: 117
      totalram: 66333839360
      freeram: 61697363968
      sharedram: 66347008
      bufferram: 114147328
      totalswap: 0
      freeswap: 0
      pagesize: 4096
      cpus: 8
      cpus-online: 8
      ticks-per-second: 100

metrics:
    - stressor: cpu
      bogo-ops: 22001
      bogo-ops-per-second-usr-sys-time: 2199.838659
      bogo-ops-per-second-real-time: 2199.829211
      wall-clock-time: 10.001231
      user-time: 10.000188
      system-time: 0.001000
      cpu-usage-per-instance: 99.999571
      max-rss: 3920

...
