---
system-info:
      stress-ng-version: 0.17.08
      run-by: root
      date-yyyy-mm-dd: 2024:09:17
      time-hh-mm-ss: 07:06:07
      epoch-secs: 1726556767
      hostname: sc-runner
      sysname: Linux
      nodename: sc-runner
      release: 6.8.0-1014-azure
      version: '#16-Ubuntu SMP Thu Aug 15 20:04:41 UTC 2024'
      machine: x86_64
      compiler: 'musl-gcc 13.2.1'
      uptime: 309
      totalram: 135146467328
      freeram: 123423858688
      sharedram: 105496576
      bufferram: 246444032
      totalswap: 0
      freeswap: 0
      pagesize: 4096
      cpus: 64
      cpus-online: 64
      ticks-per-second: 100

metrics:
    - stressor: cpu
      bogo-ops: 38002
      bogo-ops-per-second-usr-sys-time: 1900.060194
      bogo-ops-per-second-real-time: 1900.083827
      wall-clock-time: 20.000170
      user-time: 20.000419
      system-time: 0.000000
      cpu-usage-per-instance: 100.001244
      max-rss: 2560

...
