BaselineInfo:
  WebDBID: -1
  TimeStamp: 20260620030840
Version:
  Major: 11
  Minor: 0
  Build: 1004
  SpecialBuildName: ""
  ptArchitecture: x86_64_linux
Results:
  Results Complete: true
  NumTestProcesses: 16
  CPU_INTEGER_MATH: 75832.946333333341
  CPU_FLOATINGPOINT_MATH: 55125.890361986829
  CPU_PRIME: 170.59756081099488
  CPU_SORTING: 39329.468540018832
  CPU_ENCRYPTION: 16769.826355913046
  CPU_COMPRESSION: 300814.54079187335
  CPU_SINGLETHREAD: 3226.7567999680336
  CPU_PHYSICS: 3602.0489049243392
  CPU_MATRIX_MULT_SSE: 19909.3273910102
  CPU_mm: 2170.7252368380991
  CPU_sse: 9135.3687138113182
  CPU_fma: 24052.215876169081
  CPU_avx: 18588.528655709681
  CPU_avx512: 27861.196318350732
  m_CPU_enc_SHA: 17631419192.778606
  m_CPU_enc_AES: 23108968288.287949
  m_CPU_enc_ECDSA: 12012924841.867083
  ME_ALLOC_S: 8319.8445096904306
  ME_READ_S: 29636.772070312501
  ME_READ_L: 21732.70703125
  ME_WRITE: 8411.69921875
  ME_LARGE: 55683.333333333336
  ME_LATENCY: 77.69393476958254
  ME_THREADED: 127183.6357421875
  SUMM_CPU: 27099.511387013627
  SUMM_ME: 2432.5520023158069
SystemInformation:
  OSName: Ubuntu 24.04.4 LTS
  Kernel: 6.17.0-1018-azure
  Device: ""
  Processor: Intel(R) Xeon(R) 6973P-C
  NumSockets: 1
  Manufacturer: GenuineIntel
  NumCores: 8
  NumLogicals: 16
  CPUFrequency: 2600
  CPUMaxFrequency: 2600
  Memory: 64296
  CPUInfo:
    number: 1
    Family: 6
    Model: 13
    stepping: 1
    features: 529267711
    manufacture: GenuineIntel
    typestring: Intel(R) Xeon(R) 6973P-C
    iCoresPerPackage: 8
    iThreadsPerPackage: 2
    featuresEx:
      - 529267711
      - 4294586915
      - 739248128
    bHybrid: false
    nPCore: 0
    nLogicalsPerPCore: 0
    nECore: 0
    nLogicalsPerECore: 0
  MemModuleInfo:
    iNumMemSticks: 3
    DIMM 1:
      manufacturer: Microsoft Corporation
      modulePartNo: None
      memType: Unknown
      size: 1
      clkspeed: 0
      moduleVoltage: 0
    DIMM 2:
      manufacturer: Microsoft Corporation
      modulePartNo: None
      memType: Unknown
      size: 59
      clkspeed: 0
      moduleVoltage: 0
    DIMM 3:
      manufacturer: Microsoft Corporation
      modulePartNo: None
      memType: Unknown
      size: 4
      clkspeed: 0
      moduleVoltage: 0
Checksum: 12C695C8BE984DC59623FAAD9F05BD9081FB19AC