---
system-info:
      stress-ng-version: 0.17.08
      run-by: root
      date-yyyy-mm-dd: 2024:08:30
      time-hh-mm-ss: 16:33:39
      epoch-secs: 1725035619
      hostname: sc-runner
      sysname: Linux
      nodename: sc-runner
      release: 6.8.0-1013-azure
      version: '#15-Ubuntu SMP Thu Aug  8 18:40:40 UTC 2024'
      machine: x86_64
      compiler: 'musl-gcc 13.2.1'
      uptime: 376
      totalram: 33652330496
      freeram: 25204232192
      sharedram: 21327872
      bufferram: 204742656
      totalswap: 0
      freeswap: 0
      pagesize: 4096
      cpus: 4
      cpus-online: 4
      ticks-per-second: 100

metrics:
    - stressor: cpu
      bogo-ops: 15358
      bogo-ops-per-second-usr-sys-time: 767.946653
      bogo-ops-per-second-real-time: 767.891166
      wall-clock-time: 20.000230
      user-time: 19.998785
      system-time: 0.000000
      cpu-usage-per-instance: 99.992775
      max-rss: 3024

...
