BaselineInfo:
  WebDBID: -1
  TimeStamp: 20241108005345
Version:
  Major: 11
  Minor: 0
  Build: 1002
  SpecialBuildName: ""
  ptArchitecture: x86_64_linux
Results:
  Results Complete: true
  NumTestProcesses: 8
  CPU_INTEGER_MATH: 33632.699999999997
  CPU_FLOATINGPOINT_MATH: 17199.565901956252
  CPU_PRIME: 75.52180425062943
  CPU_SORTING: 17594.890390581626
  CPU_ENCRYPTION: 7320.138500419861
  CPU_COMPRESSION: 124692.28803106619
  CPU_SINGLETHREAD: 2421.7042988511002
  CPU_PHYSICS: 1407.646195157771
  CPU_MATRIX_MULT_SSE: 7300.8951211407884
  CPU_mm: 724.7785346214614
  CPU_sse: 3161.3580607229073
  CPU_fma: 8765.8556700741246
  CPU_avx: 6473.8445553093998
  CPU_avx512: 10802.522198456725
  m_CPU_enc_SHA: 7383733851.9826689
  m_CPU_enc_AES: 11111311267.11898
  m_CPU_enc_ECDSA: 4532119525.547123
  ME_ALLOC_S: 4096.6387809687803
  ME_READ_S: 24365.741796875001
  ME_READ_L: 12752.3076171875
  ME_WRITE: 11152.318359375
  ME_LARGE: 54227.083333333336
  ME_LATENCY: 51.885996015583551
  ME_THREADED: 55608.74609375
  SUMM_CPU: 11483.581256343028
  SUMM_ME: 2636.5668377619136
SystemInformation:
  OSName: Ubuntu 24.04.1 LTS
  Kernel: 6.8.0-1017-azure
  Device: ""
  Processor: Intel Xeon Platinum 8370C CPU @ 2.80GHz
  NumSockets: 1
  Manufacturer: GenuineIntel
  NumCores: 4
  NumLogicals: 8
  CPUFrequency: 2800
  Memory: 64298
  MemModuleInfo:
    iNumMemSticks: 3
    DIMM 1:
      manufacturer: Microsoft Corporation
      modulePartNo: None
      memType: Unknown
      size: 1
      clkspeed: 0
      moduleVoltage: 0
    DIMM 2:
      manufacturer: Microsoft Corporation
      modulePartNo: None
      memType: Unknown
      size: 59
      clkspeed: 0
      moduleVoltage: 0
    DIMM 3:
      manufacturer: Microsoft Corporation
      modulePartNo: None
      memType: Unknown
      size: 4
      clkspeed: 0
      moduleVoltage: 0
Checksum: C3BBD02C490CF54C60FADD63A7746A019B5025F2