"size","threads","connections","rps","latency","failed","server_usr","server_sys","client_usr","client_sys"
"1k",1,1,100433,0.000010330,0,1.74,3.29,1.05,3.95
"1k",1,2,107208,0.000017730,0,1.86,3.19,0.96,4.03
"1k",1,4,121159,0.000030640,0,1.89,3.14,0.99,3.92
"1k",1,8,132611,0.000053480,0,1.93,3.24,1.07,3.78
"1k",1,16,142177,0.000095400,0,2.07,3.20,0.87,3.89
"1k",1,32,146716,0.000179620,0,2.05,3.26,0.95,3.76
"1k",2,2,103114,0.000020830,0,1.79,3.20,0.98,4.08
"1k",2,4,124163,0.000032690,0,1.94,3.24,0.96,3.88
"1k",2,8,133384,0.000061320,0,1.99,3.22,0.97,3.86
"1k",2,16,132474,0.000118070,0,1.94,3.16,1.02,3.92
"1k",2,32,135769,0.000224250,0,1.91,3.21,1.03,3.88
"1k",4,4,110741,0.000039280,0,1.76,3.03,1.07,4.16
"1k",4,8,118452,0.000072270,0,1.73,3.13,1.07,4.05
"1k",4,16,123650,0.000130130,0,1.76,3.18,1.11,3.99
"1k",4,32,124487,0.000253500,0,1.80,3.13,1.06,4.03
"16k",1,1,81689,0.000012520,0,1.89,3.11,0.92,4.11
"16k",1,2,86206,0.000020440,0,1.84,3.19,0.92,4.09
"16k",1,4,97977,0.000035100,0,1.76,3.26,0.91,4.09
"16k",1,8,103574,0.000064130,0,1.88,3.15,1.00,4.00
"16k",1,16,105636,0.000121880,0,1.93,3.10,0.79,4.20
"16k",1,32,104700,0.000238850,0,1.92,3.06,0.84,4.10
"16k",2,2,81813,0.000026290,0,1.66,3.14,0.94,4.27
"16k",2,4,94327,0.000041690,0,1.79,3.19,0.90,4.16
"16k",2,8,100854,0.000077290,0,1.81,3.18,0.98,4.06
"16k",2,16,103013,0.000146630,0,1.85,3.12,0.94,4.11
"16k",2,32,100262,0.000293790,0,1.79,3.13,1.00,4.12
"16k",4,4,85946,0.000049700,0,1.62,3.03,1.01,4.37
"16k",4,8,91939,0.000089630,0,1.66,3.06,0.98,4.34
"16k",4,16,94296,0.000169000,0,1.68,3.02,0.93,4.30
"16k",4,32,93178,0.000334750,0,1.65,3.10,0.98,4.29
"64k",1,1,45514,0.000022490,0,1.55,3.29,0.79,4.41
"64k",1,2,46720,0.000033270,0,1.55,3.32,0.67,4.49
"64k",1,4,49566,0.000058360,0,1.48,3.31,0.64,4.61
"64k",1,8,49809,0.000110210,0,1.47,3.23,0.76,4.57
"64k",1,16,48203,0.000222740,0,1.57,3.13,0.68,4.65
"64k",1,32,47632,0.000448180,0,1.41,3.32,0.70,4.60
"64k",2,2,45927,0.000045140,0,1.37,3.21,0.80,4.66
"64k",2,4,50054,0.000076480,0,1.44,3.11,0.80,4.67
"64k",2,8,51076,0.000143120,0,1.52,3.02,0.84,4.64
"64k",2,16,50086,0.000286250,0,1.51,3.03,0.79,4.68
"64k",2,32,48717,0.000585190,0,1.43,3.17,0.73,4.61
"64k",4,4,46869,0.000088710,0,1.24,3.20,0.81,4.78
"64k",4,8,48031,0.000165410,0,1.30,3.18,0.84,4.71
"64k",4,16,47264,0.000328360,0,1.33,3.15,0.87,4.69
"64k",4,32,46366,0.000661130,0,1.40,3.15,0.77,4.69
"256k",1,1,17949,0.000056380,0,1.19,2.68,0.75,5.41
"256k",1,2,17118,0.000093120,0,1.27,2.69,0.79,5.29
"256k",1,4,17015,0.000166570,0,1.36,3.11,0.68,4.87
"256k",1,8,16935,0.000327570,0,1.41,3.25,0.68,4.57
"256k",1,16,17033,0.000672400,0,1.55,3.32,0.65,4.51
"256k",2,2,17689,0.000113160,0,1.13,3.44,0.80,4.65
"256k",2,4,16732,0.000224490,0,1.36,2.97,0.69,5.01
"256k",2,8,16742,0.000435200,0,1.33,3.31,0.71,4.68
"256k",2,16,16725,0.000870000,0,1.25,3.47,0.71,4.50
"256k",4,4,16185,0.000250160,0,1.21,3.20,0.75,4.86
"256k",4,8,16103,0.000485920,0,1.21,3.44,0.77,4.61
"256k",4,16,16224,0.000960000,0,1.22,3.42,0.77,4.50
"512k",1,1,8683,0.000115550,0,1.17,2.96,0.65,5.26
"512k",1,2,8492,0.000197560,0,1.15,3.91,0.60,4.36
"512k",1,4,7947,0.000396600,0,1.24,3.80,0.61,4.37
"512k",1,8,8114,0.000793460,0,1.38,3.81,0.62,4.20
"512k",1,16,8267,0.001730000,0,1.00,4.33,0.69,3.92
"512k",2,2,8226,0.000284860,0,1.27,3.43,0.63,4.68
"512k",2,4,8040,0.000533710,0,1.16,3.91,0.64,4.32
"512k",2,8,8017,0.000950000,0,1.10,4.03,0.63,4.17
"512k",2,16,7992,0.001890000,0,0.93,4.25,0.66,4.10
"512k",4,4,7750,0.000513640,0,1.12,3.73,0.66,4.51
"512k",4,8,7788,0.001010000,0,1.06,3.97,0.66,4.26
"512k",4,16,7868,0.001980000,0,1.14,3.97,0.63,4.20
