---
system-info:
      stress-ng-version: 0.17.08
      run-by: root
      date-yyyy-mm-dd: 2024:06:28
      time-hh-mm-ss: 20:40:06
      epoch-secs: 1719607206
      hostname: c3d-standard-360-lssd-4329cba
      sysname: Linux
      nodename: c3d-standard-360-lssd-4329cba
      release: 6.8.0-1009-gcp
      version: '#10-Ubuntu SMP Wed Jun 12 18:52:23 UTC 2024'
      machine: x86_64
      compiler: 'musl-gcc 13.2.1'
      uptime: 158
      totalram: 1521705140224
      freeram: 1514190405632
      sharedram: 69533696
      bufferram: 133435392
      totalswap: 0
      freeswap: 0
      pagesize: 4096
      cpus: 360
      cpus-online: 360
      ticks-per-second: 100

metrics:
    - stressor: cpu
      bogo-ops: 61428
      bogo-ops-per-second-usr-sys-time: 3071.730518
      bogo-ops-per-second-real-time: 3071.388393
      wall-clock-time: 20.000076
      user-time: 19.997848
      system-time: 0.000000
      cpu-usage-per-instance: 99.988862
      max-rss: 0

...
