BaselineInfo:
  WebDBID: -1
  TimeStamp: 20241108164131
Version:
  Major: 11
  Minor: 0
  Build: 1002
  SpecialBuildName: ""
  ptArchitecture: aarch64_linux
Results:
  Results Complete: true
  NumTestProcesses: 32
  CPU_INTEGER_MATH: 152779.55133333331
  CPU_FLOATINGPOINT_MATH: 151932.66360470469
  CPU_PRIME: 246.75275682606593
  CPU_SORTING: 125605.04696542099
  CPU_ENCRYPTION: 4448.7950389956422
  CPU_COMPRESSION: 169485.28334621611
  CPU_SINGLETHREAD: 1559.0419787629346
  CPU_PHYSICS: 6815.0281007442027
  CPU_MATRIX_MULT_SSE: 26585.782473442461
  CPU_mm: 3474.3438928522637
  CPU_sse: 22385.441255999995
  CPU_fma: 30786.123690884921
  CPU_avx: 0
  CPU_avx512: 0
  m_CPU_enc_SHA: 6726605309.3599586
  m_CPU_enc_AES: 2592255352.6139107
  m_CPU_enc_ECDSA: 4675838458.4558134
  ME_ALLOC_S: 31222.37821388575
  ME_READ_S: 19683.459374999999
  ME_READ_L: 19016.095703125
  ME_WRITE: 19693.740234375
  ME_LARGE: 241414.75
  ME_LATENCY: 51.528553229622254
  ME_THREADED: 222979.2177734375
  SUMM_CPU: 20746.638806581552
  SUMM_ME: 3096.6130268456182
SystemInformation:
  OSName: Ubuntu 24.04.1 LTS
  Kernel: 6.8.0-1016-aws
  Device: ""
  Processor: ARM Neoverse-V1 32 Core 0 MHz
  NumSockets: 1
  Manufacturer: ARM
  NumCores: 32
  NumLogicals: 32
  CPUFrequency: 0
  Memory: 253166
Checksum: 46D85D6F7F26FA975072DE2EF4F5555AFFFF2183