---
system-info:
      stress-ng-version: 0.17.08
      run-by: root
      date-yyyy-mm-dd: 2024:09:20
      time-hh-mm-ss: 11:01:03
      epoch-secs: 1726830063
      hostname: sc-runner
      sysname: Linux
      nodename: sc-runner
      release: 6.8.0-1014-azure
      version: '#16-Ubuntu SMP Thu Aug 15 20:04:41 UTC 2024'
      machine: x86_64
      compiler: 'musl-gcc 13.2.1'
      uptime: 354
      totalram: 33652326400
      freeram: 23452741632
      sharedram: 21336064
      bufferram: 251133952
      totalswap: 0
      freeswap: 0
      pagesize: 4096
      cpus: 4
      cpus-online: 4
      ticks-per-second: 100

metrics:
    - stressor: cpu
      bogo-ops: 15258
      bogo-ops-per-second-usr-sys-time: 762.951385
      bogo-ops-per-second-real-time: 762.897981
      wall-clock-time: 20.000053
      user-time: 19.998653
      system-time: 0.000000
      cpu-usage-per-instance: 99.993000
      max-rss: 3152

...
