BaselineInfo:
  WebDBID: -1
  TimeStamp: 20250103164821
Version:
  Major: 11
  Minor: 0
  Build: 1002
  SpecialBuildName: ""
  ptArchitecture: x86_64_linux
Results:
  Results Complete: true
  NumTestProcesses: 32
  CPU_INTEGER_MATH: 193655.55300000007
  CPU_FLOATINGPOINT_MATH: 170892.77685614757
  CPU_PRIME: 627.71708243221542
  CPU_SORTING: 122248.06600776342
  CPU_ENCRYPTION: 41803.759653401336
  CPU_COMPRESSION: 844531.61323669041
  CPU_SINGLETHREAD: 2905.9053377376667
  CPU_PHYSICS: 8606.9614568981342
  CPU_MATRIX_MULT_SSE: 77524.294280587608
  CPU_mm: 8364.6583849680483
  CPU_sse: 36425.459098551066
  CPU_fma: 104416.7748774662
  CPU_avx: 89847.593748836051
  CPU_avx512: 79407.349397497106
  m_CPU_enc_SHA: 58047497715.061455
  m_CPU_enc_AES: 36778623703.372086
  m_CPU_enc_ECDSA: 36677135828.541328
  ME_ALLOC_S: 29189.620267509836
  ME_READ_S: 27902.810546875
  ME_READ_L: 27589.005859375
  ME_WRITE: 26879.365234375
  ME_LARGE: 52516.75
  ME_LATENCY: 75.493117947284333
  ME_THREADED: 215479.40625
  SUMM_CPU: 62597.175328838275
  SUMM_ME: 2851.1170368669286
SystemInformation:
  OSName: Ubuntu 24.04.1 LTS
  Kernel: 6.8.0-1017-azure
  Device: ""
  Processor: AMD EPYC 9V74 80-Core Processor
  NumSockets: 1
  Manufacturer: AuthenticAMD
  NumCores: 32
  NumLogicals: 32
  CPUFrequency: 0
  Memory: 64291
  MemModuleInfo:
    iNumMemSticks: 3
    DIMM 1:
      manufacturer: Microsoft Corporation
      modulePartNo: None
      memType: Unknown
      size: 1
      clkspeed: 0
      moduleVoltage: 0
    DIMM 2:
      manufacturer: Microsoft Corporation
      modulePartNo: None
      memType: Unknown
      size: 59
      clkspeed: 0
      moduleVoltage: 0
    DIMM 3:
      manufacturer: Microsoft Corporation
      modulePartNo: None
      memType: Unknown
      size: 4
      clkspeed: 0
      moduleVoltage: 0
Checksum: 121A3A0DCE54B2D9CE2D36384B9449F096598569