---
system-info:
      stress-ng-version: 0.17.08
      run-by: root
      date-yyyy-mm-dd: 2024:09:17
      time-hh-mm-ss: 06:39:09
      epoch-secs: 1726555149
      hostname: sc-runner
      sysname: Linux
      nodename: sc-runner
      release: 6.8.0-1014-azure
      version: '#16-Ubuntu SMP Thu Aug 15 20:04:41 UTC 2024'
      machine: x86_64
      compiler: 'musl-gcc 13.2.1'
      uptime: 288
      totalram: 202596655104
      freeram: 191339024384
      sharedram: 55320576
      bufferram: 305168384
      totalswap: 0
      freeswap: 0
      pagesize: 4096
      cpus: 48
      cpus-online: 48
      ticks-per-second: 100

metrics:
    - stressor: cpu
      bogo-ops: 930019
      bogo-ops-per-second-usr-sys-time: 969.203166
      bogo-ops-per-second-real-time: 46500.791288
      wall-clock-time: 20.000068
      user-time: 959.520764
      system-time: 0.049977
      cpu-usage-per-instance: 99.954944
      max-rss: 3260

...
