BaselineInfo:
  WebDBID: -1
  TimeStamp: 20260522152715
Version:
  Major: 11
  Minor: 0
  Build: 1004
  SpecialBuildName: ""
  ptArchitecture: x86_64_linux
Results:
  Results Complete: true
  NumTestProcesses: 16
  CPU_INTEGER_MATH: 109894.60466666668
  CPU_FLOATINGPOINT_MATH: 96020.677688567928
  CPU_PRIME: 107.22783225263144
  CPU_SORTING: 43081.578782543271
  CPU_ENCRYPTION: 18863.699711373443
  CPU_COMPRESSION: 337605.26655107015
  CPU_SINGLETHREAD: 2886.9602141331525
  CPU_PHYSICS: 2984.4550391550433
  CPU_MATRIX_MULT_SSE: 33836.058550050358
  CPU_mm: 3126.7337235697551
  CPU_sse: 13071.183571645739
  CPU_fma: 38494.072471951273
  CPU_avx: 27909.867376340779
  CPU_avx512: 55869.110780263611
  m_CPU_enc_SHA: 26181489814.347858
  m_CPU_enc_AES: 18097513223.05732
  m_CPU_enc_ECDSA: 15061065328.254192
  ME_ALLOC_S: 14389.141432316743
  ME_READ_S: 32696.167773437501
  ME_READ_L: 23274.701171875
  ME_WRITE: 20346.626953125
  ME_LARGE: 18528
  ME_LATENCY: 123.32375186777965
  ME_THREADED: 115151.1240234375
  SUMM_CPU: 32030.940464223404
  SUMM_ME: 1954.6255008406015
SystemInformation:
  OSName: Ubuntu 24.04.4 LTS
  Kernel: 6.8.0-111-generic
  Device: ""
  Processor: "AMD EPYC 9575F 64-Core Processor               "
  NumSockets: 1
  Manufacturer: AuthenticAMD
  NumCores: 16
  NumLogicals: 16
  CPUFrequency: 0
  CPUMaxFrequency: 0
  Memory: 32001
  CPUInfo:
    number: 1
    Family: 15
    Model: 2
    stepping: 1
    features: 395049983
    manufacture: AuthenticAMD
    typestring: "AMD EPYC 9575F 64-Core Processor               "
    iCoresPerPackage: 255
    iThreadsPerPackage: 1
    featuresEx:
      - 395049983
      - 4294586883
      - 802421759
    bHybrid: false
    nPCore: 0
    nLogicalsPerPCore: 0
    nECore: 0
    nLogicalsPerECore: 0
  MemModuleInfo:
    iNumMemSticks: 2
    DIMM 1:
      manufacturer: QEMU
      modulePartNo: Not Specified
      memType: RAM
      size: 16
      clkspeed: 0
      moduleVoltage: 0
    DIMM 2:
      manufacturer: QEMU
      modulePartNo: Not Specified
      memType: RAM
      size: 16
      clkspeed: 0
      moduleVoltage: 0
Checksum: 0A92C0EAF64288C57E90D64F4220C4178F750066