---
system-info:
      stress-ng-version: 0.17.08
      run-by: root
      date-yyyy-mm-dd: 2024:06:07
      time-hh-mm-ss: 21:41:29
      epoch-secs: 1717796489
      hostname: aa228d453bef
      sysname: Linux
      nodename: aa228d453bef
      release: 6.8.0-1008-aws
      version: '#8-Ubuntu SMP Sat Apr 20 02:43:14 UTC 2024'
      machine: aarch64
      compiler: 'musl-gcc 13.2.1'
      uptime: 139
      totalram: 3976564736
      freeram: 146132992
      sharedram: 35008512
      bufferram: 79446016
      totalswap: 0
      freeswap: 0
      pagesize: 4096
      cpus: 1
      cpus-online: 1
      ticks-per-second: 100

metrics:
    - stressor: cpu
      bogo-ops: 2873
      bogo-ops-per-second-usr-sys-time: 292.798283
      bogo-ops-per-second-real-time: 287.288835
      wall-clock-time: 10.000389
      user-time: 9.811225
      system-time: 0.000991
      cpu-usage-per-instance: 98.118347
      max-rss: 4264

...
