---
system-info:
      stress-ng-version: 0.17.08
      run-by: root
      date-yyyy-mm-dd: 2024:06:13
      time-hh-mm-ss: 13:03:54
      epoch-secs: 1718283834
      hostname: 53909a2b5373
      sysname: Linux
      nodename: 53909a2b5373
      release: 6.8.0-1008-aws
      version: '#8-Ubuntu SMP Sat Apr 20 02:43:14 UTC 2024'
      machine: aarch64
      compiler: 'musl-gcc 13.2.1'
      uptime: 155
      totalram: 3976568832
      freeram: 78925824
      sharedram: 35008512
      bufferram: 99893248
      totalswap: 0
      freeswap: 0
      pagesize: 4096
      cpus: 1
      cpus-online: 1
      ticks-per-second: 100

metrics:
    - stressor: cpu
      bogo-ops: 29863
      bogo-ops-per-second-usr-sys-time: 1519.123827
      bogo-ops-per-second-real-time: 1493.146725
      wall-clock-time: 20.000044
      user-time: 19.656058
      system-time: 0.001984
      cpu-usage-per-instance: 98.289994
      max-rss: 1320

...
