BaselineInfo:
  WebDBID: -1
  TimeStamp: 20260621160042
Version:
  Major: 11
  Minor: 0
  Build: 1004
  SpecialBuildName: ""
  ptArchitecture: x86_64_linux
Results:
  Results Complete: true
  NumTestProcesses: 32
  CPU_INTEGER_MATH: 242314.97700000004
  CPU_FLOATINGPOINT_MATH: 242802.13042592746
  CPU_PRIME: 818.39409245782406
  CPU_SORTING: 131455.59463361217
  CPU_ENCRYPTION: 49802.209694548088
  CPU_COMPRESSION: 971248.8887053004
  CPU_SINGLETHREAD: 3811.1814548998473
  CPU_PHYSICS: 10980.147638746357
  CPU_MATRIX_MULT_SSE: 86547.803113257716
  CPU_mm: 10192.986920079866
  CPU_sse: 31729.235838829529
  CPU_fma: 117520.09891618915
  CPU_avx: 64040.133196038922
  CPU_avx512: 132901.74450197327
  m_CPU_enc_SHA: 70061699003.046906
  m_CPU_enc_AES: 43819746915.372513
  m_CPU_enc_ECDSA: 42782759579.591934
  ME_ALLOC_S: 37989.458833967183
  ME_READ_S: 34102.237109374997
  ME_READ_L: 31231.912109375
  ME_WRITE: 30721.93359375
  ME_LARGE: 506233
  ME_LATENCY: 76.713113637517452
  ME_THREADED: 235408.2802734375
  SUMM_CPU: 77128.345818763526
  SUMM_ME: 3029.3775894305631
SystemInformation:
  OSName: Ubuntu 24.04.4 LTS
  Kernel: 6.17.0-1018-azure
  Device: ""
  Processor: "AMD EPYC 9V45 96-Core Processor                "
  NumSockets: 1
  Manufacturer: AuthenticAMD
  NumCores: 32
  NumLogicals: 32
  CPUFrequency: 0
  CPUMaxFrequency: 0
  Memory: 515780
  CPUInfo:
    number: 1
    Family: 15
    Model: 2
    stepping: 1
    features: 395049983
    manufacture: AuthenticAMD
    typestring: "AMD EPYC 9V45 96-Core Processor                "
    iCoresPerPackage: 32
    iThreadsPerPackage: 1
    featuresEx:
      - 395049983
      - 4277809667
      - 802421759
    bHybrid: false
    nPCore: 0
    nLogicalsPerPCore: 0
    nECore: 0
    nLogicalsPerECore: 0
  MemModuleInfo:
    iNumMemSticks: 3
    DIMM 1:
      manufacturer: Microsoft Corporation
      modulePartNo: None
      memType: Unknown
      size: 1
      clkspeed: 0
      moduleVoltage: 0
    DIMM 2:
      manufacturer: Microsoft Corporation
      modulePartNo: None
      memType: Unknown
      size: 59
      clkspeed: 0
      moduleVoltage: 0
    DIMM 3:
      manufacturer: Microsoft Corporation
      modulePartNo: None
      memType: Unknown
      size: 452
      clkspeed: 0
      moduleVoltage: 0
Checksum: B7E7D47008E7FE68F748E0DAD19090114974A8F5