BaselineInfo:
  WebDBID: -1
  TimeStamp: 20241107220507
Version:
  Major: 11
  Minor: 0
  Build: 1002
  SpecialBuildName: ""
  ptArchitecture: aarch64_linux
Results:
  Results Complete: true
  NumTestProcesses: 4
  CPU_INTEGER_MATH: 15751.870666666666
  CPU_FLOATINGPOINT_MATH: 11958.710959380773
  CPU_PRIME: 34.981379493708303
  CPU_SORTING: 11417.521072285461
  CPU_ENCRYPTION: 541.03796613244208
  CPU_COMPRESSION: 18481.144571369685
  CPU_SINGLETHREAD: 1110.3666588252484
  CPU_PHYSICS: 686.5416608018345
  CPU_MATRIX_MULT_SSE: 2483.5325866850972
  CPU_mm: 416.47529997346408
  CPU_sse: 2073.1269507397783
  CPU_fma: 2893.938222630416
  CPU_avx: 0
  CPU_avx512: 0
  m_CPU_enc_SHA: 807206763.06819987
  m_CPU_enc_AES: 374960130.70512605
  m_CPU_enc_ECDSA: 519791385.35254866
  ME_ALLOC_S: 2623.9699432061793
  ME_READ_S: 9484.9431640625007
  ME_READ_L: 9176.2158203125
  ME_WRITE: 12566.625
  ME_LARGE: 867.41666666666663
  ME_LATENCY: 70.676870532153188
  ME_THREADED: 36384.642578125
  SUMM_CPU: 2697.1996350233876
  SUMM_ME: 1044.4855972604419
SystemInformation:
  OSName: Ubuntu 24.04.1 LTS
  Kernel: 6.8.0-1016-aws
  Device: ""
  Processor: ARM Neoverse-N1 4 Core 0 MHz
  NumSockets: 1
  Manufacturer: ARM
  NumCores: 4
  NumLogicals: 4
  CPUFrequency: 0
  Memory: 7763
Checksum: E6E716A16109785E366A72D931E390981DC540EB