---
system-info:
      stress-ng-version: 0.17.08
      run-by: root
      date-yyyy-mm-dd: 2024:06:12
      time-hh-mm-ss: 17:42:08
      epoch-secs: 1718214128
      hostname: 755ce9a09cfc
      sysname: Linux
      nodename: 755ce9a09cfc
      release: 6.8.0-1008-aws
      version: '#8-Ubuntu SMP Sat Apr 20 00:46:25 UTC 2024'
      machine: x86_64
      compiler: 'musl-gcc 13.2.1'
      uptime: 170
      totalram: 147759419392
      freeram: 142577852416
      sharedram: 55459840
      bufferram: 113041408
      totalswap: 0
      freeswap: 0
      pagesize: 4096
      cpus: 72
      cpus-online: 72
      ticks-per-second: 100

metrics:
    - stressor: cpu
      bogo-ops: 29531
      bogo-ops-per-second-usr-sys-time: 1476.551403
      bogo-ops-per-second-real-time: 1476.549806
      wall-clock-time: 20.000003
      user-time: 19.999981
      system-time: 0.000000
      cpu-usage-per-instance: 99.999892
      max-rss: 576

...
