---
system-info:
      stress-ng-version: 0.17.08
      run-by: root
      date-yyyy-mm-dd: 2024:06:12
      time-hh-mm-ss: 20:23:30
      epoch-secs: 1718223810
      hostname: 9a91424d175b
      sysname: Linux
      nodename: 9a91424d175b
      release: 6.8.0-1008-aws
      version: '#8-Ubuntu SMP Sat Apr 20 00:46:25 UTC 2024'
      machine: x86_64
      compiler: 'musl-gcc 13.2.1'
      uptime: 162
      totalram: 147759439872
      freeram: 142604218368
      sharedram: 55459840
      bufferram: 112943104
      totalswap: 0
      freeswap: 0
      pagesize: 4096
      cpus: 72
      cpus-online: 72
      ticks-per-second: 100

metrics:
    - stressor: cpu
      bogo-ops: 28505
      bogo-ops-per-second-usr-sys-time: 1425.246722
      bogo-ops-per-second-real-time: 1425.243374
      wall-clock-time: 20.000093
      user-time: 19.999047
      system-time: 0.000999
      cpu-usage-per-instance: 99.999765
      max-rss: 576

...
