---
system-info:
      stress-ng-version: 0.17.08
      run-by: root
      date-yyyy-mm-dd: 2024:06:05
      time-hh-mm-ss: 20:29:08
      epoch-secs: 1717619348
      hostname: 275f39a98b06
      sysname: Linux
      nodename: 275f39a98b06
      release: 6.8.0-1008-aws
      version: '#8-Ubuntu SMP Sat Apr 20 00:46:25 UTC 2024'
      machine: x86_64
      compiler: 'musl-gcc 13.2.1'
      uptime: 123
      totalram: 147759439872
      freeram: 142830174208
      sharedram: 55459840
      bufferram: 79253504
      totalswap: 0
      freeswap: 0
      pagesize: 4096
      cpus: 72
      cpus-online: 72
      ticks-per-second: 100

metrics:
    - stressor: cpu
      bogo-ops: 15504
      bogo-ops-per-second-usr-sys-time: 1550.237535
      bogo-ops-per-second-real-time: 1550.235748
      wall-clock-time: 10.001060
      user-time: 10.001048
      system-time: 0.000000
      cpu-usage-per-instance: 99.999885
      max-rss: 2880

...
