---
system-info:
      stress-ng-version: 0.17.08
      run-by: root
      date-yyyy-mm-dd: 2024:06:15
      time-hh-mm-ss: 16:43:35
      epoch-secs: 1718469815
      hostname: 4cae5fb48455
      sysname: Linux
      nodename: 4cae5fb48455
      release: 6.8.0-1008-aws
      version: '#8-Ubuntu SMP Sat Apr 20 00:46:25 UTC 2024'
      machine: x86_64
      compiler: 'musl-gcc 13.2.1'
      uptime: 162
      totalram: 535313928192
      freeram: 529957576704
      sharedram: 78761984
      bufferram: 109596672
      totalswap: 0
      freeswap: 0
      pagesize: 4096
      cpus: 64
      cpus-online: 64
      ticks-per-second: 100

metrics:
    - stressor: cpu
      bogo-ops: 1080933
      bogo-ops-per-second-usr-sys-time: 844.962863
      bogo-ops-per-second-real-time: 54046.383045
      wall-clock-time: 20.000099
      user-time: 1279.239890
      system-time: 0.026984
      cpu-usage-per-instance: 99.942231
      max-rss: 512

...
