---
system-info:
      stress-ng-version: 0.17.08
      run-by: root
      date-yyyy-mm-dd: 2024:06:09
      time-hh-mm-ss: 14:18:24
      epoch-secs: 1717942704
      hostname: ddb30c571582
      sysname: Linux
      nodename: ddb30c571582
      release: 6.8.0-1008-aws
      version: '#8-Ubuntu SMP Sat Apr 20 00:46:25 UTC 2024'
      machine: x86_64
      compiler: 'musl-gcc 13.2.1'
      uptime: 124
      totalram: 535313915904
      freeram: 529801539584
      sharedram: 78761984
      bufferram: 109510656
      totalswap: 0
      freeswap: 0
      pagesize: 4096
      cpus: 64
      cpus-online: 64
      ticks-per-second: 100

metrics:
    - stressor: cpu
      bogo-ops: 665752
      bogo-ops-per-second-usr-sys-time: 1040.937825
      bogo-ops-per-second-real-time: 66561.807049
      wall-clock-time: 10.002012
      user-time: 639.473468
      system-time: 0.095951
      cpu-usage-per-instance: 99.912618
      max-rss: 3584

...
