BaselineInfo:
  WebDBID: -1
  TimeStamp: 20260618043237
Version:
  Major: 11
  Minor: 0
  Build: 1004
  SpecialBuildName: ""
  ptArchitecture: x86_64_linux
Results:
  Results Complete: true
  NumTestProcesses: 16
  CPU_INTEGER_MATH: 75966.92333333334
  CPU_FLOATINGPOINT_MATH: 42492.65901397408
  CPU_PRIME: 125.11242331148827
  CPU_SORTING: 45233.574060705127
  CPU_ENCRYPTION: 19272.56045604821
  CPU_COMPRESSION: 313088.34796214319
  CPU_SINGLETHREAD: 2879.1096427365437
  CPU_PHYSICS: 2470.1184110943532
  CPU_MATRIX_MULT_SSE: 21881.17004276604
  CPU_mm: 2034.0897780571645
  CPU_sse: 8908.5969848047189
  CPU_fma: 28079.150524580182
  CPU_avx: 23147.361717144639
  CPU_avx512: 27389.570944534626
  m_CPU_enc_SHA: 26935913465.542709
  m_CPU_enc_AES: 18284320655.304424
  m_CPU_enc_ECDSA: 15405998937.436489
  ME_ALLOC_S: 7853.6393366180428
  ME_READ_S: 27475.676953124999
  ME_READ_L: 24725.59375
  ME_WRITE: 26025.966796875
  ME_LARGE: 117638.25
  ME_LATENCY: 86.334325768448124
  ME_THREADED: 37146.134765625
  SUMM_CPU: 26391.842208861548
  SUMM_ME: 2409.6952884177713
SystemInformation:
  OSName: Ubuntu 24.04.4 LTS
  Kernel: 6.8.0-117-generic
  Device: ""
  Processor: "AMD EPYC 9T24 96-Core Processor                "
  NumSockets: 1
  Manufacturer: AuthenticAMD
  NumCores: 8
  NumLogicals: 16
  CPUFrequency: 0
  CPUMaxFrequency: 0
  Memory: 126250
  CPUInfo:
    number: 1
    Family: 15
    Model: 1
    stepping: 1
    features: 395049983
    manufacture: AuthenticAMD
    typestring: "AMD EPYC 9T24 96-Core Processor                "
    iCoresPerPackage: 8
    iThreadsPerPackage: 2
    featuresEx:
      - 395049983
      - 4277809667
      - 802421759
    bHybrid: false
    nPCore: 0
    nLogicalsPerPCore: 0
    nECore: 0
    nLogicalsPerECore: 0
  MemModuleInfo:
    iNumMemSticks: 8
    DIMM 1:
      manufacturer: Alibaba Cloud
      modulePartNo: Not Specified
      memType: RAM
      size: 16
      clkspeed: 0
      moduleVoltage: 0
    DIMM 2:
      manufacturer: Alibaba Cloud
      modulePartNo: Not Specified
      memType: RAM
      size: 16
      clkspeed: 0
      moduleVoltage: 0
    DIMM 3:
      manufacturer: Alibaba Cloud
      modulePartNo: Not Specified
      memType: RAM
      size: 16
      clkspeed: 0
      moduleVoltage: 0
    DIMM 4:
      manufacturer: Alibaba Cloud
      modulePartNo: Not Specified
      memType: RAM
      size: 16
      clkspeed: 0
      moduleVoltage: 0
    DIMM 5:
      manufacturer: Alibaba Cloud
      modulePartNo: Not Specified
      memType: RAM
      size: 16
      clkspeed: 0
      moduleVoltage: 0
    DIMM 6:
      manufacturer: Alibaba Cloud
      modulePartNo: Not Specified
      memType: RAM
      size: 16
      clkspeed: 0
      moduleVoltage: 0
    DIMM 7:
      manufacturer: Alibaba Cloud
      modulePartNo: Not Specified
      memType: RAM
      size: 16
      clkspeed: 0
      moduleVoltage: 0
    DIMM 8:
      manufacturer: Alibaba Cloud
      modulePartNo: Not Specified
      memType: RAM
      size: 16
      clkspeed: 0
      moduleVoltage: 0
Checksum: 6BD0584156065BBB5C57DB99D253F703D376891F