BaselineInfo:
  WebDBID: -1
  TimeStamp: 20260403211512
Version:
  Major: 11
  Minor: 0
  Build: 1004
  SpecialBuildName: ""
  ptArchitecture: x86_64_linux
Results:
  Results Complete: true
  NumTestProcesses: 2
  CPU_INTEGER_MATH: 4875.5226666666667
  CPU_FLOATINGPOINT_MATH: 2620.1531706149854
  CPU_PRIME: 12.626725417252079
  CPU_SORTING: 2964.204646458868
  CPU_ENCRYPTION: 673.32912762824446
  CPU_COMPRESSION: 22754.796275508379
  CPU_SINGLETHREAD: 1593.1767220855741
  CPU_PHYSICS: 230.70690785345579
  CPU_MATRIX_MULT_SSE: 1386.6660239030684
  CPU_mm: 148.78199245228313
  CPU_sse: 536.65110137354202
  CPU_fma: 1814.4607066276581
  CPU_avx: 1281.398101698848
  CPU_avx512: 1914.1541859122249
  m_CPU_enc_SHA: 220955624.03891832
  m_CPU_enc_AES: 1698462619.2892148
  m_CPU_enc_ECDSA: 198692046.66760898
  ME_ALLOC_S: 540.38719710021485
  ME_READ_S: 19088.186132812501
  ME_READ_L: 6169.796875
  ME_WRITE: 6657.9873046875
  ME_LARGE: 984.75
  ME_LATENCY: 80.328519154409051
  ME_THREADED: 9034.44287109375
  SUMM_CPU: 1814.685808004434
  SUMM_ME: 907.11705206893191
SystemInformation:
  OSName: Ubuntu 24.04.4 LTS
  Kernel: 6.8.0-106-generic
  Device: ""
  Processor: Intel(R) Xeon(R) Platinum 8163 CPU @ 2.50GHz
  NumSockets: 1
  Manufacturer: GenuineIntel
  NumCores: 1
  NumLogicals: 2
  CPUFrequency: 2500
  CPUMaxFrequency: 3100
  Memory: 3531
  CPUInfo:
    number: 1
    Family: 6
    Model: 5
    stepping: 4
    features: 529267711
    manufacture: GenuineIntel
    typestring: Intel(R) Xeon(R) Platinum 8163 CPU @ 2.50GHz
    iCoresPerPackage: 1
    iThreadsPerPackage: 2
    featuresEx:
      - 529267711
      - 4294586883
      - 739248128
    bHybrid: false
    nPCore: 0
    nLogicalsPerPCore: 0
    nECore: 0
    nLogicalsPerECore: 0
  MemModuleInfo:
    iNumMemSticks: 1
    DIMM 1:
      manufacturer: Alibaba Cloud
      modulePartNo: Not Specified
      memType: RAM
      size: 4
      clkspeed: 0
      moduleVoltage: 0
Checksum: EF5F07EAA0F3143919EEE01FCD002BBA468963AB