BaselineInfo:
  WebDBID: -1
  TimeStamp: 20250526210558
Version:
  Major: 11
  Minor: 0
  Build: 1002
  SpecialBuildName: ""
  ptArchitecture: x86_64_linux
Results:
  Results Complete: true
  NumTestProcesses: 4
  CPU_INTEGER_MATH: 21244.762000000002
  CPU_FLOATINGPOINT_MATH: 15061.355280846365
  CPU_PRIME: 42.325053068078908
  CPU_SORTING: 10721.161881909245
  CPU_ENCRYPTION: 4651.5574228433752
  CPU_COMPRESSION: 79385.937153555613
  CPU_SINGLETHREAD: 3240.8462744322978
  CPU_PHYSICS: 1027.3695295017296
  CPU_MATRIX_MULT_SSE: 6062.1836761440754
  CPU_mm: 601.06070605131606
  CPU_sse: 2582.3781391097014
  CPU_fma: 7022.0995612672687
  CPU_avx: 5299.0688562484083
  CPU_avx512: 9345.1881479509193
  m_CPU_enc_SHA: 4949546735.6719093
  m_CPU_enc_AES: 6428239030.907032
  m_CPU_enc_ECDSA: 3254748662.0673046
  ME_ALLOC_S: 3017.7572229271263
  ME_READ_S: 29127.871289062499
  ME_READ_L: 10823.5439453125
  ME_WRITE: 9705.064453125
  ME_LARGE: 328699
  ME_LATENCY: 71.688387382012522
  ME_THREADED: 30092.75732421875
  SUMM_CPU: 8165.8482246025633
  SUMM_ME: 2168.9850444814065
SystemInformation:
  OSName: Ubuntu 24.04.2 LTS
  Kernel: 6.11.0-1015-azure
  Device: ""
  Processor: INTEL XEON PLATINUM 8573C
  NumSockets: 1
  Manufacturer: GenuineIntel
  NumCores: 2
  NumLogicals: 4
  CPUFrequency: 2300
  Memory: 338385
  MemModuleInfo:
    iNumMemSticks: 3
    DIMM 1:
      manufacturer: Microsoft Corporation
      modulePartNo: None
      memType: Unknown
      size: 1
      clkspeed: 0
      moduleVoltage: 0
    DIMM 2:
      manufacturer: Microsoft Corporation
      modulePartNo: None
      memType: Unknown
      size: 59
      clkspeed: 0
      moduleVoltage: 0
    DIMM 3:
      manufacturer: Microsoft Corporation
      modulePartNo: None
      memType: Unknown
      size: 276
      clkspeed: 0
      moduleVoltage: 0
Checksum: 2FA3A4FFB0A485950C87817725B4096FF4C8FD51