---
system-info:
      stress-ng-version: 0.17.08
      run-by: root
      date-yyyy-mm-dd: 2024:07:12
      time-hh-mm-ss: 15:58:21
      epoch-secs: 1720799901
      hostname: ip-172-31-35-245
      sysname: Linux
      nodename: ip-172-31-35-245
      release: 6.8.0-1010-aws
      version: '#10-Ubuntu SMP Thu Jun 13 17:36:15 UTC 2024'
      machine: x86_64
      compiler: 'musl-gcc 13.2.1'
      uptime: 365
      totalram: 515633979392
      freeram: 506884136960
      sharedram: 96067584
      bufferram: 134000640
      totalswap: 0
      freeswap: 0
      pagesize: 4096
      cpus: 64
      cpus-online: 64
      ticks-per-second: 100

metrics:
    - stressor: cpu
      bogo-ops: 17213
      bogo-ops-per-second-usr-sys-time: 860.669494
      bogo-ops-per-second-real-time: 860.642172
      wall-clock-time: 20.000182
      user-time: 19.999547
      system-time: 0.000000
      cpu-usage-per-instance: 99.996825
      max-rss: 512

...
