---
system-info:
      stress-ng-version: 0.17.08
      run-by: root
      date-yyyy-mm-dd: 2024:09:12
      time-hh-mm-ss: 12:51:13
      epoch-secs: 1726145473
      hostname: ip-172-31-2-140
      sysname: Linux
      nodename: ip-172-31-2-140
      release: 6.8.0-1014-aws
      version: '#15-Ubuntu SMP Thu Aug  8 19:13:06 UTC 2024'
      machine: x86_64
      compiler: 'musl-gcc 13.2.1'
      uptime: 185
      totalram: 794511216640
      freeram: 782522855424
      sharedram: 139231232
      bufferram: 223203328
      totalswap: 0
      freeswap: 0
      pagesize: 4096
      cpus: 192
      cpus-online: 192
      ticks-per-second: 100

metrics:
    - stressor: cpu
      bogo-ops: 5729950
      bogo-ops-per-second-usr-sys-time: 1493.327282
      bogo-ops-per-second-real-time: 286496.683884
      wall-clock-time: 20.000057
      user-time: 3836.954695
      system-time: 0.080944
      cpu-usage-per-instance: 99.922518
      max-rss: 0

...
