BaselineInfo:
  WebDBID: -1
  TimeStamp: 20241109044157
Version:
  Major: 11
  Minor: 0
  Build: 1002
  SpecialBuildName: ""
  ptArchitecture: x86_64_linux
Results:
  Results Complete: true
  NumTestProcesses: 32
  CPU_INTEGER_MATH: 99686.058999999994
  CPU_FLOATINGPOINT_MATH: 53540.46324178794
  CPU_PRIME: 120.03358190123363
  CPU_SORTING: 50293.81452493339
  CPU_ENCRYPTION: 13615.456019849817
  CPU_COMPRESSION: 435248.16427252762
  CPU_SINGLETHREAD: 2025.0205678044633
  CPU_PHYSICS: 1981.7644775020415
  CPU_MATRIX_MULT_SSE: 28366.100068619435
  CPU_mm: 3032.4693095864009
  CPU_sse: 10825.706621144926
  CPU_fma: 34447.384996131776
  CPU_avx: 24513.415716180425
  CPU_avx512: 43677.892941020626
  m_CPU_enc_SHA: 4510030731.5601778
  m_CPU_enc_AES: 34283000589.79425
  m_CPU_enc_ECDSA: 4037489913.0556788
  ME_ALLOC_S: 10604.209528223188
  ME_READ_S: 24355.738085937501
  ME_READ_L: 9515.623046875
  ME_WRITE: 8496.30078125
  ME_LARGE: 247083.75
  ME_LATENCY: 55.050227745316533
  ME_THREADED: 89549.968994140625
  SUMM_CPU: 27507.601098895346
  SUMM_ME: 2474.4549105415254
SystemInformation:
  OSName: Ubuntu 24.04.1 LTS
  Kernel: 6.8.0-1017-azure
  Device: ""
  Processor: Intel Xeon Platinum 8272CL CPU @ 2.60GHz
  NumSockets: 1
  Manufacturer: GenuineIntel
  NumCores: 16
  NumLogicals: 32
  CPUFrequency: 0
  Memory: 257731
  MemModuleInfo:
    iNumMemSticks: 3
    DIMM 1:
      manufacturer: Microsoft Corporation
      modulePartNo: None
      memType: Unknown
      size: 1
      clkspeed: 0
      moduleVoltage: 0
    DIMM 2:
      manufacturer: Microsoft Corporation
      modulePartNo: None
      memType: Unknown
      size: 60928
      clkspeed: 0
      moduleVoltage: 0
    DIMM 3:
      manufacturer: Microsoft Corporation
      modulePartNo: None
      memType: Unknown
      size: 200192
      clkspeed: 0
      moduleVoltage: 0
Checksum: 33547515E9C82537D14E8820A19BA265F456DE85