BaselineInfo:
  WebDBID: -1
  TimeStamp: 20241108060105
Version:
  Major: 11
  Minor: 0
  Build: 1002
  SpecialBuildName: ""
  ptArchitecture: x86_64_linux
Results:
  Results Complete: true
  NumTestProcesses: 16
  CPU_INTEGER_MATH: 73931.021999999997
  CPU_FLOATINGPOINT_MATH: 52273.391591033207
  CPU_PRIME: 137.59005665171659
  CPU_SORTING: 35206.146144850652
  CPU_ENCRYPTION: 15928.360860314719
  CPU_COMPRESSION: 266687.37710394146
  CPU_SINGLETHREAD: 2868.0663458995837
  CPU_PHYSICS: 3175.0490510566433
  CPU_MATRIX_MULT_SSE: 18095.59424384193
  CPU_mm: 2002.1816547727783
  CPU_sse: 8748.3500069450965
  CPU_fma: 21014.33880185815
  CPU_avx: 16470.126611208168
  CPU_avx512: 26149.561555356315
  m_CPU_enc_SHA: 16511611709.024994
  m_CPU_enc_AES: 22184718835.298027
  m_CPU_enc_ECDSA: 11409960208.073072
  ME_ALLOC_S: 7989.3667419977355
  ME_READ_S: 26694.6376953125
  ME_READ_L: 8886.755859375
  ME_WRITE: 12553.283203125
  ME_LARGE: 21318.333333333332
  ME_LATENCY: 82.738616585874993
  ME_THREADED: 91547.25537109375
  SUMM_CPU: 24806.619736417852
  SUMM_ME: 2077.3357091738771
SystemInformation:
  OSName: Ubuntu 24.04.1 LTS
  Kernel: 6.8.0-1016-aws
  Device: ""
  Processor: Intel Xeon Platinum 8488C
  NumSockets: 1
  Manufacturer: GenuineIntel
  NumCores: 8
  NumLogicals: 16
  CPUFrequency: 0
  Memory: 31554
  MemModuleInfo:
    iNumMemSticks: 1
    DIMM 1:
      manufacturer: Not Specified
      modulePartNo: Not Specified
      memType: DDR5
      size: 32
      clkspeed: 2400
      moduleVoltage: 0
Checksum: A4E4AD5E8982908C09623D617E18141D64DEDB9B