---
system-info:
      stress-ng-version: 0.17.08
      run-by: root
      date-yyyy-mm-dd: 2024:06:09
      time-hh-mm-ss: 14:44:20
      epoch-secs: 1717944260
      hostname: 19eae3f4b820
      sysname: Linux
      nodename: 19eae3f4b820
      release: 6.8.0-1008-aws
      version: '#8-Ubuntu SMP Sat Apr 20 00:46:25 UTC 2024'
      machine: x86_64
      compiler: 'musl-gcc 13.2.1'
      uptime: 130
      totalram: 33265283072
      freeram: 28809949184
      sharedram: 40734720
      bufferram: 108756992
      totalswap: 0
      freeswap: 0
      pagesize: 4096
      cpus: 4
      cpus-online: 4
      ticks-per-second: 100

metrics:
    - stressor: cpu
      bogo-ops: 40879
      bogo-ops-per-second-usr-sys-time: 1027.263326
      bogo-ops-per-second-real-time: 4086.925918
      wall-clock-time: 10.002383
      user-time: 39.781082
      system-time: 0.012999
      cpu-usage-per-instance: 99.461497
      max-rss: 3920

...
