---
system-info:
      stress-ng-version: 0.17.08
      run-by: root
      date-yyyy-mm-dd: 2024:06:15
      time-hh-mm-ss: 17:20:20
      epoch-secs: 1718472020
      hostname: 19d4e6bc0a67
      sysname: Linux
      nodename: 19d4e6bc0a67
      release: 6.8.0-1008-aws
      version: '#8-Ubuntu SMP Sat Apr 20 00:46:25 UTC 2024'
      machine: x86_64
      compiler: 'musl-gcc 13.2.1'
      uptime: 164
      totalram: 33265283072
      freeram: 28919373824
      sharedram: 40734720
      bufferram: 108990464
      totalswap: 0
      freeswap: 0
      pagesize: 4096
      cpus: 4
      cpus-online: 4
      ticks-per-second: 100

metrics:
    - stressor: cpu
      bogo-ops: 67301
      bogo-ops-per-second-usr-sys-time: 845.443429
      bogo-ops-per-second-real-time: 3365.034185
      wall-clock-time: 20.000094
      user-time: 79.582398
      system-time: 0.021982
      cpu-usage-per-instance: 99.505007
      max-rss: 1104

...
