BaselineInfo:
  WebDBID: -1
  TimeStamp: 20251219153023
Version:
  Major: 11
  Minor: 0
  Build: 1002
  SpecialBuildName: ""
  ptArchitecture: x86_64_linux
Results:
  Results Complete: true
  NumTestProcesses: 160
  CPU_INTEGER_MATH: 764616.06366666663
  CPU_FLOATINGPOINT_MATH: 453501.23046275269
  CPU_PRIME: 1397.2212496137204
  CPU_SORTING: 340317.50210428209
  CPU_ENCRYPTION: 160620.42129835382
  CPU_COMPRESSION: 2436969.0592020657
  CPU_SINGLETHREAD: 2941.2616527373812
  CPU_PHYSICS: 18558.094530138551
  CPU_MATRIX_MULT_SSE: 150405.42436675125
  CPU_mm: 16373.159122235633
  CPU_sse: 74450.182585927905
  CPU_fma: 212009.65672580575
  CPU_avx: 164756.43378852017
  CPU_avx512: 0
  m_CPU_enc_SHA: 228605488937.47006
  m_CPU_enc_AES: 152070156017.92978
  m_CPU_enc_ECDSA: 124592511694.62802
  ME_ALLOC_S: 30805.852542021781
  ME_READ_S: 27855.731250000001
  ME_READ_L: 26727.6875
  ME_WRITE: 25963.826171875
  ME_LARGE: 613393.66666666663
  ME_LATENCY: 71.829635616761678
  ME_THREADED: 500100.228515625
  SUMM_CPU: 117207.22163280993
  SUMM_ME: 3003.1668715712949
SystemInformation:
  OSName: Ubuntu 24.04.2 LTS
  Kernel: 6.8.0-86-generic
  Device: ""
  Processor: AMD EPYC-Milan Processor
  NumSockets: 160
  Manufacturer: AuthenticAMD
  NumCores: 160
  NumLogicals: 160
  CPUFrequency: 0
  Memory: 629446
  MemModuleInfo:
    iNumMemSticks: 1
    DIMM 1:
      manufacturer: QEMU
      modulePartNo: Not Specified
      memType: RAM
      size: 625
      clkspeed: 0
      moduleVoltage: 0
Checksum: CC69B8F6A0707CC54D883D3BB5DC7B95173D93AD