BaselineInfo:
  WebDBID: -1
  TimeStamp: 20260404105700
Version:
  Major: 11
  Minor: 0
  Build: 1004
  SpecialBuildName: ""
  ptArchitecture: aarch64_linux
Results:
  Results Complete: true
  NumTestProcesses: 8
  CPU_INTEGER_MATH: 44180.104999999996
  CPU_FLOATINGPOINT_MATH: 37067.280712686217
  CPU_PRIME: 101.5857997295322
  CPU_SORTING: 35078.781390542215
  CPU_ENCRYPTION: 1327.3275146267702
  CPU_COMPRESSION: 47364.580067341514
  CPU_SINGLETHREAD: 1640.9111039285544
  CPU_PHYSICS: 2115.5156752705761
  CPU_MATRIX_MULT_SSE: 6267.2790085518109
  CPU_mm: 1003.2009876457153
  CPU_sse: 5286.9955779825741
  CPU_fma: 7247.5624391210467
  CPU_avx: 0
  CPU_avx512: 0
  m_CPU_enc_SHA: 1955672602.1877789
  m_CPU_enc_AES: 878778265.43868566
  m_CPU_enc_ECDSA: 1340960460.3053756
  ME_ALLOC_S: 8099.2869705856292
  ME_READ_S: 22502.388867187499
  ME_READ_L: 17088.658203125
  ME_WRITE: 20911.57421875
  ME_LARGE: 49415.666666666664
  ME_LATENCY: 63.210371115498752
  ME_THREADED: 75964.9736328125
  SUMM_CPU: 6807.5692368320715
  SUMM_ME: 2707.2930244921622
SystemInformation:
  OSName: Ubuntu 24.04.4 LTS
  Kernel: 6.8.0-106-generic
  Device: ""
  Processor: ARM Neoverse-N2 8 Core 3000 MHz
  NumSockets: 1
  Manufacturer: ARM
  NumCores: 8
  NumLogicals: 8
  CPUFrequency: 3000
  CPUMaxFrequency: 3000
  Memory: 62274
Checksum: BF6EE0667DA8E675887C549A3D5B579564D06FBE