---
system-info:
      stress-ng-version: 0.17.08
      run-by: root
      date-yyyy-mm-dd: 2024:06:10
      time-hh-mm-ss: 16:57:02
      epoch-secs: 1718038622
      hostname: be4a15d9705e
      sysname: Linux
      nodename: be4a15d9705e
      release: 6.8.0-1008-aws
      version: '#8-Ubuntu SMP Sat Apr 20 02:43:14 UTC 2024'
      machine: aarch64
      compiler: 'musl-gcc 13.2.1'
      uptime: 183
      totalram: 16434503680
      freeram: 11740504064
      sharedram: 34988032
      bufferram: 123326464
      totalswap: 0
      freeswap: 0
      pagesize: 4096
      cpus: 8
      cpus-online: 8
      ticks-per-second: 100

metrics:
    - stressor: cpu
      bogo-ops: 2940
      bogo-ops-per-second-usr-sys-time: 292.464183
      bogo-ops-per-second-real-time: 292.472316
      wall-clock-time: 10.052233
      user-time: 10.049513
      system-time: 0.003000
      cpu-usage-per-instance: 100.002781
      max-rss: 4136

...
