---
system-info:
      stress-ng-version: 0.17.08
      run-by: root
      date-yyyy-mm-dd: 2024:06:17
      time-hh-mm-ss: 20:08:11
      epoch-secs: 1718654891
      hostname: 36bc4e740779
      sysname: Linux
      nodename: 36bc4e740779
      release: 6.8.0-1009-aws
      version: '#9-Ubuntu SMP Fri May 17 20:15:49 UTC 2024'
      machine: aarch64
      compiler: 'musl-gcc 13.2.1'
      uptime: 212
      totalram: 16434302976
      freeram: 11956236288
      sharedram: 34992128
      bufferram: 122359808
      totalswap: 0
      freeswap: 0
      pagesize: 4096
      cpus: 8
      cpus-online: 8
      ticks-per-second: 100

metrics:
    - stressor: cpu
      bogo-ops: 30391
      bogo-ops-per-second-usr-sys-time: 1519.542250
      bogo-ops-per-second-real-time: 1519.543823
      wall-clock-time: 20.000081
      user-time: 20.000102
      system-time: 0.000000
      cpu-usage-per-instance: 100.000103
      max-rss: 1320

...
