BaselineInfo:
  WebDBID: -1
  TimeStamp: 20241108082049
Version:
  Major: 11
  Minor: 0
  Build: 1002
  SpecialBuildName: ""
  ptArchitecture: x86_64_linux
Results:
  Results Complete: true
  NumTestProcesses: 16
  CPU_INTEGER_MATH: 66198.695999999996
  CPU_FLOATINGPOINT_MATH: 46660.752031766933
  CPU_PRIME: 144.48851791551186
  CPU_SORTING: 33979.651886186846
  CPU_ENCRYPTION: 14687.904969055098
  CPU_COMPRESSION: 245821.15551377047
  CPU_SINGLETHREAD: 2576.4770170688735
  CPU_PHYSICS: 3263.2332158011186
  CPU_MATRIX_MULT_SSE: 18399.100206928866
  CPU_mm: 1875.0383372975912
  CPU_sse: 8164.6975818950023
  CPU_fma: 20712.951798534566
  CPU_avx: 15689.349376263119
  CPU_avx512: 29029.402071022796
  m_CPU_enc_SHA: 15490243763.412882
  m_CPU_enc_AES: 20064524790.959282
  m_CPU_enc_ECDSA: 10649385368.123596
  ME_ALLOC_S: 8045.1460687737708
  ME_READ_S: 23019.853515625
  ME_READ_L: 7373.7919921875
  ME_WRITE: 7122.66357421875
  ME_LARGE: 49959.75
  ME_LATENCY: 69.834092753984223
  ME_THREADED: 88293.71337890625
  SUMM_CPU: 23179.011001910167
  SUMM_ME: 2015.9530870438703
SystemInformation:
  OSName: Ubuntu 24.04.1 LTS
  Kernel: 6.8.0-1015-gcp
  Device: ""
  Processor: INTEL XEON PLATINUM 8581C CPU @ 2.30GHz
  NumSockets: 1
  Manufacturer: GenuineIntel
  NumCores: 8
  NumLogicals: 16
  CPUFrequency: 0
  Memory: 60265
  MemModuleInfo:
    iNumMemSticks: 4
    DIMM 1:
      manufacturer: ""
      modulePartNo: ""
      memType: RAM
      size: 16
      clkspeed: 0
      moduleVoltage: 0
    DIMM 2:
      manufacturer: ""
      modulePartNo: ""
      memType: RAM
      size: 16
      clkspeed: 0
      moduleVoltage: 0
    DIMM 3:
      manufacturer: ""
      modulePartNo: ""
      memType: RAM
      size: 16
      clkspeed: 0
      moduleVoltage: 0
    DIMM 4:
      manufacturer: ""
      modulePartNo: ""
      memType: RAM
      size: 12
      clkspeed: 0
      moduleVoltage: 0
Checksum: 34991E99503716B96BB29D75C06A48FFC3DF7880