---
system-info:
      stress-ng-version: 0.17.08
      run-by: root
      date-yyyy-mm-dd: 2024:09:19
      time-hh-mm-ss: 11:51:03
      epoch-secs: 1726746663
      hostname: sc-runner
      sysname: Linux
      nodename: sc-runner
      release: 6.8.0-1014-azure
      version: '#16-Ubuntu SMP Thu Aug 15 20:04:41 UTC 2024'
      machine: x86_64
      compiler: 'musl-gcc 13.2.1'
      uptime: 326
      totalram: 168787070976
      freeram: 158249218048
      sharedram: 42209280
      bufferram: 274157568
      totalswap: 0
      freeswap: 0
      pagesize: 4096
      cpus: 20
      cpus-online: 20
      ticks-per-second: 100

metrics:
    - stressor: cpu
      bogo-ops: 371626
      bogo-ops-per-second-usr-sys-time: 930.332634
      bogo-ops-per-second-real-time: 18581.221853
      wall-clock-time: 20.000084
      user-time: 399.424993
      system-time: 0.029983
      cpu-usage-per-instance: 99.863324
      max-rss: 3124

...
