BaselineInfo:
  WebDBID: -1
  TimeStamp: 20260405072950
Version:
  Major: 11
  Minor: 0
  Build: 1004
  SpecialBuildName: ""
  ptArchitecture: x86_64_linux
Results:
  Results Complete: true
  NumTestProcesses: 32
  CPU_INTEGER_MATH: 78715.522666666657
  CPU_FLOATINGPOINT_MATH: 42180.71455566799
  CPU_PRIME: 106.05468615431658
  CPU_SORTING: 46841.770261461636
  CPU_ENCRYPTION: 10863.080481927967
  CPU_COMPRESSION: 362537.52086783963
  CPU_SINGLETHREAD: 1694.5817368000614
  CPU_PHYSICS: 2159.3367638378954
  CPU_MATRIX_MULT_SSE: 23936.206896681007
  CPU_mm: 2394.6751098543718
  CPU_sse: 8553.4853029761398
  CPU_fma: 29200.587127387578
  CPU_avx: 20638.32040918144
  CPU_avx512: 37352.434747178886
  m_CPU_enc_SHA: 3551941588.6101112
  m_CPU_enc_AES: 27401556256.12809
  m_CPU_enc_ECDSA: 3218798593.516098
  ME_ALLOC_S: 8441.0655859703384
  ME_READ_S: 19414.560156250001
  ME_READ_L: 6466.80029296875
  ME_WRITE: 6933.22998046875
  ME_LARGE: 114545.75
  ME_LATENCY: 77.734494507045312
  ME_THREADED: 87500.424072265625
  SUMM_CPU: 23056.783732025513
  SUMM_ME: 1824.5819704786202
SystemInformation:
  OSName: Ubuntu 24.04.4 LTS
  Kernel: 6.8.0-106-generic
  Device: ""
  Processor: Intel(R) Xeon(R) Platinum 8163 CPU @ 2.50GHz
  NumSockets: 1
  Manufacturer: GenuineIntel
  NumCores: 16
  NumLogicals: 32
  CPUFrequency: 2500
  CPUMaxFrequency: 3100
  Memory: 128295
  CPUInfo:
    number: 1
    Family: 6
    Model: 5
    stepping: 4
    features: 529267711
    manufacture: GenuineIntel
    typestring: Intel(R) Xeon(R) Platinum 8163 CPU @ 2.50GHz
    iCoresPerPackage: 16
    iThreadsPerPackage: 2
    featuresEx:
      - 529267711
      - 4294586883
      - 739248128
    bHybrid: false
    nPCore: 0
    nLogicalsPerPCore: 0
    nECore: 0
    nLogicalsPerECore: 0
  MemModuleInfo:
    iNumMemSticks: 8
    DIMM 1:
      manufacturer: Alibaba Cloud
      modulePartNo: Not Specified
      memType: RAM
      size: 16
      clkspeed: 0
      moduleVoltage: 0
    DIMM 2:
      manufacturer: Alibaba Cloud
      modulePartNo: Not Specified
      memType: RAM
      size: 16
      clkspeed: 0
      moduleVoltage: 0
    DIMM 3:
      manufacturer: Alibaba Cloud
      modulePartNo: Not Specified
      memType: RAM
      size: 16
      clkspeed: 0
      moduleVoltage: 0
    DIMM 4:
      manufacturer: Alibaba Cloud
      modulePartNo: Not Specified
      memType: RAM
      size: 16
      clkspeed: 0
      moduleVoltage: 0
    DIMM 5:
      manufacturer: Alibaba Cloud
      modulePartNo: Not Specified
      memType: RAM
      size: 16
      clkspeed: 0
      moduleVoltage: 0
    DIMM 6:
      manufacturer: Alibaba Cloud
      modulePartNo: Not Specified
      memType: RAM
      size: 16
      clkspeed: 0
      moduleVoltage: 0
    DIMM 7:
      manufacturer: Alibaba Cloud
      modulePartNo: Not Specified
      memType: RAM
      size: 16
      clkspeed: 0
      moduleVoltage: 0
    DIMM 8:
      manufacturer: Alibaba Cloud
      modulePartNo: Not Specified
      memType: RAM
      size: 16
      clkspeed: 0
      moduleVoltage: 0
Checksum: 0EF6FBC1AE0ADE48D833A53534CEDF72AB786DC6