BaselineInfo:
  WebDBID: -1
  TimeStamp: 20241109114547
Version:
  Major: 11
  Minor: 0
  Build: 1002
  SpecialBuildName: ""
  ptArchitecture: x86_64_linux
Results:
  Results Complete: true
  NumTestProcesses: 8
  CPU_INTEGER_MATH: 19375.166333333334
  CPU_FLOATINGPOINT_MATH: 12238.229566746668
  CPU_PRIME: 53.850148482017936
  CPU_SORTING: 12809.411985537157
  CPU_ENCRYPTION: 1880.143772410205
  CPU_COMPRESSION: 87007.179285648643
  CPU_SINGLETHREAD: 1713.0808442683976
  CPU_PHYSICS: 858.72944486319386
  CPU_MATRIX_MULT_SSE: 4345.1915747986159
  CPU_mm: 584.67113443766868
  CPU_sse: 2403.5507629982008
  CPU_fma: 6109.8647924125971
  CPU_avx: 4522.1591689850511
  CPU_avx512: 0
  m_CPU_enc_SHA: 847978062.67997003
  m_CPU_enc_AES: 4298714261.8647175
  m_CPU_enc_ECDSA: 767728584.3517226
  ME_ALLOC_S: 2420.5859404285725
  ME_READ_S: 19567.922070312499
  ME_READ_L: 9908.125
  ME_WRITE: 6923.4384765625
  ME_LARGE: 48857.166666666664
  ME_LATENCY: 55.095778216510574
  ME_THREADED: 42154.494140625
  SUMM_CPU: 6367.119523134008
  SUMM_ME: 2125.3479515694985
SystemInformation:
  OSName: Ubuntu 24.04.1 LTS
  Kernel: 6.8.0-1016-aws
  Device: ""
  Processor: Intel Xeon CPU E5-2686 v4 @ 2.30GHz
  NumSockets: 1
  Manufacturer: GenuineIntel
  NumCores: 4
  NumLogicals: 8
  CPUFrequency: 3000
  Memory: 61278
  MemModuleInfo:
    iNumMemSticks: 4
    DIMM 1:
      manufacturer: Not Specified
      modulePartNo: Not Specified
      memType: RAM
      size: 16
      clkspeed: 0
      moduleVoltage: 0
    DIMM 2:
      manufacturer: Not Specified
      modulePartNo: Not Specified
      memType: RAM
      size: 16
      clkspeed: 0
      moduleVoltage: 0
    DIMM 3:
      manufacturer: Not Specified
      modulePartNo: Not Specified
      memType: RAM
      size: 16
      clkspeed: 0
      moduleVoltage: 0
    DIMM 4:
      manufacturer: Not Specified
      modulePartNo: Not Specified
      memType: RAM
      size: 13
      clkspeed: 0
      moduleVoltage: 0
Checksum: 2A14E030EB8F9D9F6DF642DED5A9511FABAB43C0