---
system-info:
      stress-ng-version: 0.17.08
      run-by: root
      date-yyyy-mm-dd: 2024:06:08
      time-hh-mm-ss: 16:56:48
      epoch-secs: 1717865808
      hostname: 4249801682f7
      sysname: Linux
      nodename: 4249801682f7
      release: 6.8.0-1008-aws
      version: '#8-Ubuntu SMP Sat Apr 20 00:46:25 UTC 2024'
      machine: x86_64
      compiler: 'musl-gcc 13.2.1'
      uptime: 115
      totalram: 66330976256
      freeram: 61795512320
      sharedram: 59920384
      bufferram: 103837696
      totalswap: 0
      freeswap: 0
      pagesize: 4096
      cpus: 16
      cpus-online: 16
      ticks-per-second: 100

metrics:
    - stressor: cpu
      bogo-ops: 16728
      bogo-ops-per-second-usr-sys-time: 1672.750654
      bogo-ops-per-second-real-time: 1672.764186
      wall-clock-time: 10.000214
      user-time: 9.998296
      system-time: 0.001999
      cpu-usage-per-instance: 100.000809
      max-rss: 3920

...
