---
system-info:
      stress-ng-version: 0.17.08
      run-by: root
      date-yyyy-mm-dd: 2024:06:14
      time-hh-mm-ss: 23:20:37
      epoch-secs: 1718407237
      hostname: 218aecc86d67
      sysname: Linux
      nodename: 218aecc86d67
      release: 6.8.0-1008-aws
      version: '#8-Ubuntu SMP Sat Apr 20 00:46:25 UTC 2024'
      machine: x86_64
      compiler: 'musl-gcc 13.2.1'
      uptime: 135
      totalram: 66330980352
      freeram: 61851807744
      sharedram: 59920384
      bufferram: 110440448
      totalswap: 0
      freeswap: 0
      pagesize: 4096
      cpus: 16
      cpus-online: 16
      ticks-per-second: 100

metrics:
    - stressor: cpu
      bogo-ops: 37796
      bogo-ops-per-second-usr-sys-time: 1889.768441
      bogo-ops-per-second-real-time: 1889.797161
      wall-clock-time: 20.000030
      user-time: 20.000334
      system-time: 0.000000
      cpu-usage-per-instance: 100.001520
      max-rss: 1104

...
