---
system-info:
      stress-ng-version: 0.17.08
      run-by: root
      date-yyyy-mm-dd: 2024:06:16
      time-hh-mm-ss: 08:56:00
      epoch-secs: 1718528160
      hostname: 6ff10fb375b4
      sysname: Linux
      nodename: 6ff10fb375b4
      release: 6.8.0-1008-aws
      version: '#8-Ubuntu SMP Sat Apr 20 02:43:14 UTC 2024'
      machine: aarch64
      compiler: 'musl-gcc 13.2.1'
      uptime: 139
      totalram: 534444896256
      freeram: 529504018432
      sharedram: 35303424
      bufferram: 109248512
      totalswap: 0
      freeswap: 0
      pagesize: 4096
      cpus: 64
      cpus-online: 64
      ticks-per-second: 100

metrics:
    - stressor: cpu
      bogo-ops: 1940792
      bogo-ops-per-second-usr-sys-time: 1516.720612
      bogo-ops-per-second-real-time: 97039.281049
      wall-clock-time: 20.000066
      user-time: 1279.573580
      system-time: 0.023984
      cpu-usage-per-instance: 99.968231
      max-rss: 512

...
