---
system-info:
      stress-ng-version: 0.17.08
      run-by: root
      date-yyyy-mm-dd: 2024:06:07
      time-hh-mm-ss: 13:32:02
      epoch-secs: 1717767122
      hostname: 96c18ace82e0
      sysname: Linux
      nodename: 96c18ace82e0
      release: 6.8.0-1008-aws
      version: '#8-Ubuntu SMP Sat Apr 20 02:43:14 UTC 2024'
      machine: aarch64
      compiler: 'musl-gcc 13.2.1'
      uptime: 128
      totalram: 534444892160
      freeram: 529594458112
      sharedram: 35303424
      bufferram: 89956352
      totalswap: 0
      freeswap: 0
      pagesize: 4096
      cpus: 64
      cpus-online: 64
      ticks-per-second: 100

metrics:
    - stressor: cpu
      bogo-ops: 188139
      bogo-ops-per-second-usr-sys-time: 292.514895
      bogo-ops-per-second-real-time: 18710.568793
      wall-clock-time: 10.055226
      user-time: 643.118519
      system-time: 0.058984
      cpu-usage-per-instance: 99.944530
      max-rss: 3584

...
