"size","threads","connections","rps","latency","failed","server_usr","server_sys","client_usr","client_sys"
"1k",96,96,4035710,0.000046960,0,599.04,144.56,50.70,170.28
"1k",96,192,3793069,0.000087230,0,507.40,162.88,49.38,195.72
"1k",96,384,3774352,0.000154150,0,504.94,179.87,47.34,214.04
"1k",96,768,3945733,0.000382490,0,487.57,183.25,45.63,217.64
"1k",96,1536,3857626,0.000551820,0,513.14,173.93,47.65,216.48
"1k",96,3072,3866803,0.000930000,0,507.82,173.41,48.94,218.28
"1k",192,192,3979837,0.000075080,0,616.06,136.81,49.83,168.12
"1k",192,384,3780928,0.000144430,0,545.69,167.89,50.36,206.69
"1k",192,768,3756824,0.000293170,0,509.36,176.44,51.21,223.83
"1k",192,1536,3766950,0.000492010,0,501.81,176.29,51.96,230.83
"1k",192,3072,3788511,0.000930000,0,473.20,186.27,48.10,236.84
"1k",384,384,3946833,0.000133370,0,595.96,143.26,50.30,179.69
"1k",384,768,3783275,0.000262090,0,536.91,167.58,52.99,214.01
"1k",384,1536,3760591,0.000467530,0,503.41,175.56,54.78,232.02
"1k",384,3072,3772292,0.000860000,0,491.98,180.76,53.47,244.36
"16k",96,96,3245466,0.000064110,0,611.14,130.41,48.09,178.19
"16k",96,192,4876917,0.000047720,0,191.48,254.48,70.02,331.25
"16k",96,384,5031270,0.000084590,0,216.41,269.58,68.88,348.01
"16k",96,768,5068809,0.000196230,0,237.55,264.83,67.25,348.40
"16k",96,1536,5110161,0.000501670,0,247.82,262.64,66.68,344.54
"16k",96,3072,4884355,0.000756240,0,247.05,265.81,74.27,345.85
"16k",192,192,5741284,0.000033980,0,337.95,227.47,83.80,316.44
"16k",192,384,4786742,0.000134080,0,177.23,262.52,69.63,359.58
"16k",192,768,4998780,0.000198330,0,192.55,271.24,73.77,376.54
"16k",192,1536,4943754,0.000380710,0,190.04,274.55,72.88,378.37
"16k",192,3072,4731692,0.000753540,0,177.73,282.54,69.33,371.56
"16k",384,384,5708028,0.000077880,0,312.41,234.73,86.13,326.25
"16k",384,768,5106316,0.000188510,0,202.90,265.56,80.55,380.15
"16k",384,1536,4990532,0.000354630,0,172.24,276.86,79.98,398.18
"16k",384,3072,4678717,0.000694610,0,154.04,285.62,78.63,398.89
"64k",96,96,4079929,0.000022810,0,189.74,294.40,76.03,408.18
"64k",96,192,3012637,0.000059810,0,133.67,284.69,58.96,381.77
"64k",96,384,3140302,0.000130780,0,135.65,297.40,58.71,407.39
"64k",96,768,3027269,0.000261330,0,144.57,306.83,57.78,426.00
"64k",96,1536,2755556,0.000593680,0,154.97,315.54,52.40,434.22
"64k",96,3072,2114954,0.001380000,0,144.60,326.72,44.10,442.01
"64k",192,192,4027122,0.000047230,0,167.88,290.95,78.61,430.11
"64k",192,384,2981851,0.000175730,0,114.54,288.50,59.81,406.38
"64k",192,768,3020365,0.000294340,0,118.60,304.33,64.23,428.71
"64k",192,1536,2762082,0.000609840,0,127.17,316.14,60.45,438.05
"64k",192,3072,2195853,0.001420000,0,133.89,333.02,52.75,430.99
"64k",384,384,3986099,0.000096310,0,160.29,287.86,81.00,435.03
"64k",384,768,3203833,0.000268330,0,116.01,315.53,73.50,446.47
"64k",384,1536,2894264,0.000561910,0,111.21,322.80,71.62,449.79
"64k",384,3072,2279683,0.001370000,0,123.18,335.37,62.20,423.06
"256k",96,96,1649917,0.000095570,0,129.30,293.51,77.95,467.34
"256k",96,192,1063038,0.000292500,0,116.82,301.91,49.90,410.99
"256k",96,384,860754,0.000421940,0,133.08,320.81,40.05,425.06
"256k",96,768,626208,0.001050000,0,125.80,329.22,30.03,466.54
"256k",96,1536,517683,0.002380000,0,122.53,301.04,25.10,526.78
"256k",192,192,1517221,0.000135560,0,121.30,301.94,73.88,470.78
"256k",192,384,969581,0.000428790,0,141.61,328.36,52.14,445.61
"256k",192,768,744836,0.001030000,0,129.01,342.17,42.53,456.67
"256k",192,1536,555884,0.002700000,0,120.17,326.36,31.81,491.33
"256k",384,384,1186532,0.000334140,0,145.43,308.66,63.85,454.24
"256k",384,768,813283,0.000990000,0,127.94,345.05,55.31,443.89
"256k",384,1536,667452,0.002310000,0,141.80,354.77,50.75,433.52
"512k",96,96,776274,0.000122910,0,108.44,291.63,65.19,503.66
"512k",96,192,396514,0.000498240,0,135.79,402.21,35.36,335.37
"512k",96,384,287858,0.001260000,0,86.49,542.34,27.71,299.68
"512k",96,768,220991,0.002960000,0,85.58,460.33,18.81,403.04
"512k",96,1536,199091,0.005720000,0,96.11,417.70,16.11,460.89
"512k",192,192,515538,0.000374010,0,155.62,375.33,47.19,394.38
"512k",192,384,325453,0.001170000,0,82.58,564.01,37.00,289.03
"512k",192,768,268498,0.002800000,0,82.00,565.44,32.24,295.38
"512k",192,1536,235751,0.006370000,0,80.56,515.33,25.70,359.27
"512k",384,384,353738,0.001080000,0,82.90,563.40,42.87,287.92
"512k",384,768,297190,0.002580000,0,80.37,584.62,38.86,277.44
"512k",384,1536,286845,0.005340000,0,84.00,581.09,37.81,283.99
