---
system-info:
      stress-ng-version: 0.17.08
      run-by: root
      date-yyyy-mm-dd: 2024:07:02
      time-hh-mm-ss: 13:16:33
      epoch-secs: 1719926193
      hostname: n2d-standard-48-a8034d4
      sysname: Linux
      nodename: n2d-standard-48-a8034d4
      release: 6.8.0-1009-gcp
      version: '#10-Ubuntu SMP Wed Jun 12 18:52:23 UTC 2024'
      machine: x86_64
      compiler: 'musl-gcc 13.2.1'
      uptime: 167
      totalram: 202598809600
      freeram: 196920389632
      sharedram: 35348480
      bufferram: 127217664
      totalswap: 0
      freeswap: 0
      pagesize: 4096
      cpus: 48
      cpus-online: 48
      ticks-per-second: 100

metrics:
    - stressor: cpu
      bogo-ops: 1295144
      bogo-ops-per-second-usr-sys-time: 1349.776235
      bogo-ops-per-second-real-time: 64756.997424
      wall-clock-time: 20.000063
      user-time: 959.498986
      system-time: 0.025983
      cpu-usage-per-instance: 99.950205
      max-rss: 1152

...
