---
system-info:
      stress-ng-version: 0.17.08
      run-by: root
      date-yyyy-mm-dd: 2024:07:29
      time-hh-mm-ss: 14:18:27
      epoch-secs: 1722262707
      hostname: c3d-highmem-60-lssd-6b65f6c
      sysname: Linux
      nodename: c3d-highmem-60-lssd-6b65f6c
      release: 6.8.0-1011-gcp
      version: '#12-Ubuntu SMP Wed Jul 10 21:47:53 UTC 2024'
      machine: x86_64
      compiler: 'musl-gcc 13.2.1'
      uptime: 128
      totalram: 507000164352
      freeram: 501166596096
      sharedram: 35512320
      bufferram: 141021184
      totalswap: 0
      freeswap: 0
      pagesize: 4096
      cpus: 60
      cpus-online: 60
      ticks-per-second: 100

metrics:
    - stressor: cpu
      bogo-ops: 1722002
      bogo-ops-per-second-usr-sys-time: 1435.684979
      bogo-ops-per-second-real-time: 86099.863605
      wall-clock-time: 20.000055
      user-time: 1199.380883
      system-time: 0.047979
      cpu-usage-per-instance: 99.952131
      max-rss: 480

...
