BaselineInfo:
  WebDBID: -1
  TimeStamp: 20241107155800
Version:
  Major: 11
  Minor: 0
  Build: 1002
  SpecialBuildName: ""
  ptArchitecture: x86_64_linux
Results:
  Results Complete: true
  NumTestProcesses: 2
  CPU_INTEGER_MATH: 6185.2833333333338
  CPU_FLOATINGPOINT_MATH: 3318.5314376012302
  CPU_PRIME: 14.08725681430472
  CPU_SORTING: 3296.0032257179569
  CPU_ENCRYPTION: 848.92565603180662
  CPU_COMPRESSION: 27629.778285974691
  CPU_SINGLETHREAD: 1986.3648054757487
  CPU_PHYSICS: 287.15860052995629
  CPU_MATRIX_MULT_SSE: 1771.0506884157207
  CPU_mm: 188.20209632794479
  CPU_sse: 672.66126392188085
  CPU_fma: 2227.1052159077817
  CPU_avx: 1571.895528766503
  CPU_avx512: 2612.540745066718
  m_CPU_enc_SHA: 280015714.84481061
  m_CPU_enc_AES: 2144750894.0968487
  m_CPU_enc_ECDSA: 245722597.1559636
  ME_ALLOC_S: 694.96787286776146
  ME_READ_S: 24054.654882812501
  ME_READ_L: 11564.2265625
  ME_WRITE: 9974.2099609375
  ME_LARGE: 22172
  ME_LATENCY: 56.838105887800488
  ME_THREADED: 11557.7001953125
  SUMM_CPU: 2239.8898009407485
  SUMM_ME: 1781.2214276262307
SystemInformation:
  OSName: Ubuntu 24.04.1 LTS
  Kernel: 6.8.0-1017-azure
  Device: ""
  Processor: Intel Xeon Platinum 8272CL CPU @ 2.60GHz
  NumSockets: 1
  Manufacturer: GenuineIntel
  NumCores: 1
  NumLogicals: 2
  CPUFrequency: 0
  Memory: 32094
  MemModuleInfo:
    iNumMemSticks: 2
    DIMM 1:
      manufacturer: Microsoft Corporation
      modulePartNo: None
      memType: Unknown
      size: 1
      clkspeed: 0
      moduleVoltage: 0
    DIMM 2:
      manufacturer: Microsoft Corporation
      modulePartNo: None
      memType: Unknown
      size: 31
      clkspeed: 0
      moduleVoltage: 0
Checksum: 37E985D4A9A6EB43962DBA2C8A5E469747F15822