BaselineInfo:
  WebDBID: -1
  TimeStamp: 20260621161139
Version:
  Major: 11
  Minor: 0
  Build: 1004
  SpecialBuildName: ""
  ptArchitecture: x86_64_linux
Results:
  Results Complete: true
  NumTestProcesses: 160
  CPU_INTEGER_MATH: 963569.82599999977
  CPU_FLOATINGPOINT_MATH: 562749.42751125991
  CPU_PRIME: 1288.4056945131269
  CPU_SORTING: 371951.79917467589
  CPU_ENCRYPTION: 179309.49710031776
  CPU_COMPRESSION: 2965163.3460546266
  CPU_SINGLETHREAD: 3801.2779209843566
  CPU_PHYSICS: 22597.740842985135
  CPU_MATRIX_MULT_SSE: 196310.8846385077
  CPU_mm: 20566.243849267961
  CPU_sse: 79019.636551909876
  CPU_fma: 214843.50290198953
  CPU_avx: 209121.61877521491
  CPU_avx512: 282258.78032491682
  m_CPU_enc_SHA: 231385657054.58713
  m_CPU_enc_AES: 184688332221.81116
  m_CPU_enc_ECDSA: 147984916417.99017
  ME_ALLOC_S: 41877.007425436772
  ME_READ_S: 34201.853710937503
  ME_READ_L: 31307.552734375
  ME_WRITE: 30689.548828125
  ME_LARGE: 631692.25
  ME_LATENCY: 78.460089081950287
  ME_THREADED: 552644.53466796875
  SUMM_CPU: 145896.13114613303
  SUMM_ME: 3011.8658932268772
SystemInformation:
  OSName: Ubuntu 24.04.4 LTS
  Kernel: 6.17.0-1018-azure
  Device: ""
  Processor: "AMD EPYC 9V45 96-Core Processor                "
  NumSockets: 1
  Manufacturer: AuthenticAMD
  NumCores: 80
  NumLogicals: 160
  CPUFrequency: 0
  CPUMaxFrequency: 0
  Memory: 644948
  CPUInfo:
    number: 1
    Family: 15
    Model: 2
    stepping: 1
    features: 395049983
    manufacture: AuthenticAMD
    typestring: "AMD EPYC 9V45 96-Core Processor                "
    iCoresPerPackage: 128
    iThreadsPerPackage: 2
    featuresEx:
      - 395049983
      - 4277809667
      - 802421759
    bHybrid: false
    nPCore: 0
    nLogicalsPerPCore: 0
    nECore: 0
    nLogicalsPerECore: 0
  MemModuleInfo:
    iNumMemSticks: 7
    DIMM 1:
      manufacturer: Microsoft Corporation
      modulePartNo: None
      memType: Unknown
      size: 1
      clkspeed: 0
      moduleVoltage: 0
    DIMM 2:
      manufacturer: Microsoft Corporation
      modulePartNo: None
      memType: Unknown
      size: 59
      clkspeed: 0
      moduleVoltage: 0
    DIMM 3:
      manufacturer: Microsoft Corporation
      modulePartNo: None
      memType: Unknown
      size: 68
      clkspeed: 0
      moduleVoltage: 0
    DIMM 4:
      manufacturer: Microsoft Corporation
      modulePartNo: None
      memType: Unknown
      size: 128
      clkspeed: 0
      moduleVoltage: 0
    DIMM 5:
      manufacturer: Microsoft Corporation
      modulePartNo: None
      memType: Unknown
      size: 128
      clkspeed: 0
      moduleVoltage: 0
    DIMM 6:
      manufacturer: Microsoft Corporation
      modulePartNo: None
      memType: Unknown
      size: 128
      clkspeed: 0
      moduleVoltage: 0
    DIMM 7:
      manufacturer: Microsoft Corporation
      modulePartNo: None
      memType: Unknown
      size: 128
      clkspeed: 0
      moduleVoltage: 0
Checksum: 56EA3B2434AF918DA82EE477E1F0B0156A94D9BC