BaselineInfo:
  WebDBID: -1
  TimeStamp: 20251216160921
Version:
  Major: 11
  Minor: 0
  Build: 1002
  SpecialBuildName: ""
  ptArchitecture: x86_64_linux
Results:
  Results Complete: true
  NumTestProcesses: 16
  CPU_INTEGER_MATH: 96665.174666666673
  CPU_FLOATINGPOINT_MATH: 88855.081030726898
  CPU_PRIME: 312.24276287068079
  CPU_SORTING: 62018.763394960777
  CPU_ENCRYPTION: 20846.908711648353
  CPU_COMPRESSION: 420835.43299441773
  CPU_SINGLETHREAD: 2935.9334864250645
  CPU_PHYSICS: 5687.5340376914282
  CPU_MATRIX_MULT_SSE: 40162.514147062728
  CPU_mm: 4172.0624293216852
  CPU_sse: 18868.857735199974
  CPU_fma: 54519.320237608365
  CPU_avx: 47099.364468379834
  CPU_avx512: 0
  m_CPU_enc_SHA: 28802256482.386272
  m_CPU_enc_AES: 18342077607.757324
  m_CPU_enc_ECDSA: 18434370357.532555
  ME_ALLOC_S: 16774.86711193285
  ME_READ_S: 27399.080664062501
  ME_READ_L: 26054.30078125
  ME_WRITE: 25403.0625
  ME_LARGE: 113438.5
  ME_LATENCY: 70.134926135051231
  ME_THREADED: 417705.740234375
  SUMM_CPU: 37351.796689183713
  SUMM_ME: 2988.3456697243696
SystemInformation:
  OSName: Ubuntu 24.04.2 LTS
  Kernel: 6.8.0-86-generic
  Device: ""
  Processor: AMD EPYC-Milan Processor
  NumSockets: 16
  Manufacturer: AuthenticAMD
  NumCores: 16
  NumLogicals: 16
  CPUFrequency: 0
  Memory: 125789
  MemModuleInfo:
    iNumMemSticks: 1
    DIMM 1:
      manufacturer: QEMU
      modulePartNo: Not Specified
      memType: RAM
      size: 125
      clkspeed: 0
      moduleVoltage: 0
Checksum: 4E5571F45D2D1CA36D414523A317B00CDD309AD7