size_kb,operation,bandwidth_mb_s,latency_ns,latency_stddev_ns,latency_samples,threads,iterations,elapsed_s
16,read,68944.80,0,0,0,2,441696,0.200204
16,write,46467.17,0,0,0,2,296912,0.199679
16,copy,29502.96,0,0,0,2,305997,0.324117
16,latency,0,1.44,0.03,7,1,7,0.104506
64,read,62001.79,0,0,0,2,136537,0.275268
64,write,37176.66,0,0,0,2,110472,0.371443
64,copy,29473.91,0,0,0,2,98736,0.418743
64,latency,0,3.96,0.01,7,1,7,0.645677
512,read,50622.98,0,0,0,2,22642,0.447267
512,write,34596.46,0,0,0,2,16946,0.489819
512,copy,12408.29,0,0,0,2,9465,0.762796
512,latency,0,7.17,0.01,7,1,7,0.691924
1024,read,24770.88,0,0,0,2,7843,0.633244
1024,write,24224.22,0,0,0,2,7567,0.624747
1024,copy,12003.71,0,0,0,2,2441,0.406707
1024,latency,0,9.98,0.15,7,1,7,0.580949
2048,read,23674.63,0,0,0,2,1940,0.327777
2048,write,23494.13,0,0,0,2,2176,0.370476
2048,copy,11761.82,0,0,0,2,954,0.324440
2048,latency,0,18.78,0.18,7,1,7,0.654517
8192,read,22810.89,0,0,0,2,404,0.283373
8192,write,20351.95,0,0,0,2,363,0.285378
8192,copy,7539.80,0,0,0,2,167,0.354386
8192,latency,0,79.80,3.31,7,1,7,0.746227
16384,read,15406.79,0,0,0,2,170,0.353091
16384,write,12991.54,0,0,0,2,154,0.379324
16384,copy,6096.96,0,0,0,2,86,0.451373
16384,latency,0,89.65,1.16,7,1,7,1.026171
32768,read,12962.38,0,0,0,2,89,0.439425
32768,write,11461.76,0,0,0,2,74,0.413200
32768,copy,6151.83,0,0,0,2,44,0.457750
32768,latency,0,93.61,0.38,7,1,7,2.125957
65536,read,12865.59,0,0,0,2,44,0.437757
65536,write,11434.66,0,0,0,2,38,0.425373
65536,copy,6173.92,0,0,0,2,22,0.456112
65536,latency,0,92.70,0.51,7,1,7,4.256648
131072,read,13175.15,0,0,0,2,22,0.427471
131072,write,11485.69,0,0,0,2,19,0.423483
131072,copy,5643.81,0,0,0,1,11,0.249477
131072,latency,0,96.10,0.53,7,1,7,8.784916
