---
system-info:
      stress-ng-version: 0.17.08
      run-by: root
      date-yyyy-mm-dd: 2024:06:15
      time-hh-mm-ss: 21:39:39
      epoch-secs: 1718487579
      hostname: 66d62cf9f8b6
      sysname: Linux
      nodename: 66d62cf9f8b6
      release: 6.8.0-1008-aws
      version: '#8-Ubuntu SMP Sat Apr 20 00:46:25 UTC 2024'
      machine: x86_64
      compiler: 'musl-gcc 13.2.1'
      uptime: 111
      totalram: 33091215360
      freeram: 28687192064
      sharedram: 59883520
      bufferram: 108507136
      totalswap: 0
      freeswap: 0
      pagesize: 4096
      cpus: 4
      cpus-online: 4
      ticks-per-second: 100

metrics:
    - stressor: cpu
      bogo-ops: 76879
      bogo-ops-per-second-usr-sys-time: 965.163679
      bogo-ops-per-second-real-time: 3843.923411
      wall-clock-time: 20.000138
      user-time: 79.637864
      system-time: 0.015983
      cpu-usage-per-instance: 99.566620
      max-rss: 1104

...
