---
system-info:
      stress-ng-version: 0.17.08
      run-by: root
      date-yyyy-mm-dd: 2024:06:09
      time-hh-mm-ss: 18:55:46
      epoch-secs: 1717959346
      hostname: fa20631be06f
      sysname: Linux
      nodename: fa20631be06f
      release: 6.8.0-1008-aws
      version: '#8-Ubuntu SMP Sat Apr 20 00:46:25 UTC 2024'
      machine: x86_64
      compiler: 'musl-gcc 13.2.1'
      uptime: 107
      totalram: 33091211264
      freeram: 28550336512
      sharedram: 59883520
      bufferram: 110800896
      totalswap: 0
      freeswap: 0
      pagesize: 4096
      cpus: 4
      cpus-online: 4
      ticks-per-second: 100

metrics:
    - stressor: cpu
      bogo-ops: 49263
      bogo-ops-per-second-usr-sys-time: 1237.000981
      bogo-ops-per-second-real-time: 4925.590133
      wall-clock-time: 10.001441
      user-time: 39.815551
      system-time: 0.008993
      cpu-usage-per-instance: 99.547013
      max-rss: 4048

...
