---
system-info:
      stress-ng-version: 0.17.08
      run-by: root
      date-yyyy-mm-dd: 2024:06:13
      time-hh-mm-ss: 11:19:51
      epoch-secs: 1718277591
      hostname: 43ad252f0d8b
      sysname: Linux
      nodename: 43ad252f0d8b
      release: 6.8.0-1008-aws
      version: '#8-Ubuntu SMP Sat Apr 20 00:46:25 UTC 2024'
      machine: x86_64
      compiler: 'musl-gcc 13.2.1'
      uptime: 124
      totalram: 66681200640
      freeram: 62236467200
      sharedram: 40865792
      bufferram: 105762816
      totalswap: 0
      freeswap: 0
      pagesize: 4096
      cpus: 16
      cpus-online: 16
      ticks-per-second: 100

metrics:
    - stressor: cpu
      bogo-ops: 270345
      bogo-ops-per-second-usr-sys-time: 845.775277
      bogo-ops-per-second-real-time: 13517.179361
      wall-clock-time: 20.000105
      user-time: 319.611651
      system-time: 0.029993
      cpu-usage-per-instance: 99.887492
      max-rss: 1104

...
