---
system-info:
      stress-ng-version: 0.17.08
      run-by: root
      date-yyyy-mm-dd: 2024:06:07
      time-hh-mm-ss: 20:41:11
      epoch-secs: 1717792871
      hostname: 0f975132d2e6
      sysname: Linux
      nodename: 0f975132d2e6
      release: 6.8.0-1008-aws
      version: '#8-Ubuntu SMP Sat Apr 20 00:46:25 UTC 2024'
      machine: x86_64
      compiler: 'musl-gcc 13.2.1'
      uptime: 137
      totalram: 66681200640
      freeram: 62298542080
      sharedram: 40865792
      bufferram: 92794880
      totalswap: 0
      freeswap: 0
      pagesize: 4096
      cpus: 16
      cpus-online: 16
      ticks-per-second: 100

metrics:
    - stressor: cpu
      bogo-ops: 163239
      bogo-ops-per-second-usr-sys-time: 1021.757919
      bogo-ops-per-second-real-time: 16321.010663
      wall-clock-time: 10.001770
      user-time: 159.723907
      system-time: 0.038985
      cpu-usage-per-instance: 99.834134
      max-rss: 4048

...
