---
system-info:
      stress-ng-version: 0.17.08
      run-by: root
      date-yyyy-mm-dd: 2024:06:21
      time-hh-mm-ss: 02:53:53
      epoch-secs: 1718938433
      hostname: 26405e8affc1
      sysname: Linux
      nodename: 26405e8affc1
      release: 6.8.0-1008-gcp
      version: '#9-Ubuntu SMP Wed May 22 18:09:04 UTC 2024'
      machine: x86_64
      compiler: 'musl-gcc 13.2.1'
      uptime: 206
      totalram: 16767361024
      freeram: 11738112000
      sharedram: 59097088
      bufferram: 135626752
      totalswap: 0
      freeswap: 0
      pagesize: 4096
      cpus: 4
      cpus-online: 4
      ticks-per-second: 100

metrics:
    - stressor: cpu
      bogo-ops: 22052
      bogo-ops-per-second-usr-sys-time: 1102.687609
      bogo-ops-per-second-real-time: 1102.589708
      wall-clock-time: 20.000187
      user-time: 19.998411
      system-time: 0.000000
      cpu-usage-per-instance: 99.991122
      max-rss: 1104

...
