BaselineInfo:
  WebDBID: -1
  TimeStamp: 20241108175805
Version:
  Major: 11
  Minor: 0
  Build: 1002
  SpecialBuildName: ""
  ptArchitecture: x86_64_linux
Results:
  Results Complete: true
  NumTestProcesses: 32
  CPU_INTEGER_MATH: 132946.38766666665
  CPU_FLOATINGPOINT_MATH: 73059.89206774249
  CPU_PRIME: 194.55125867676875
  CPU_SORTING: 67241.954853419622
  CPU_ENCRYPTION: 34345.176774720203
  CPU_COMPRESSION: 504129.72419680975
  CPU_SINGLETHREAD: 2391.7458595251846
  CPU_PHYSICS: 3858.0339885934281
  CPU_MATRIX_MULT_SSE: 29941.212884721717
  CPU_mm: 3595.7583797320485
  CPU_sse: 15272.819743600387
  CPU_fma: 41668.554555928822
  CPU_avx: 32882.264354635947
  CPU_avx512: 0
  m_CPU_enc_SHA: 49713911916.01889
  m_CPU_enc_AES: 31785968321.305794
  m_CPU_enc_ECDSA: 26540704007.862324
  ME_ALLOC_S: 13704.102281914797
  ME_READ_S: 24454.786914062501
  ME_READ_L: 14728.8544921875
  ME_WRITE: 17955.794921875
  ME_LARGE: 246968.5
  ME_LATENCY: 61.224980101591797
  ME_THREADED: 74649.1337890625
  SUMM_CPU: 38088.403279925129
  SUMM_ME: 2770.3940654323796
SystemInformation:
  OSName: Ubuntu 24.04.1 LTS
  Kernel: 6.8.0-1017-azure
  Device: ""
  Processor: AMD EPYC 7763 64-Core Processor
  NumSockets: 1
  Manufacturer: AuthenticAMD
  NumCores: 16
  NumLogicals: 32
  CPUFrequency: 0
  Memory: 257731
  MemModuleInfo:
    iNumMemSticks: 3
    DIMM 1:
      manufacturer: Microsoft Corporation
      modulePartNo: None
      memType: Unknown
      size: 1
      clkspeed: 0
      moduleVoltage: 0
    DIMM 2:
      manufacturer: Microsoft Corporation
      modulePartNo: None
      memType: Unknown
      size: 59
      clkspeed: 0
      moduleVoltage: 0
    DIMM 3:
      manufacturer: Microsoft Corporation
      modulePartNo: None
      memType: Unknown
      size: 196
      clkspeed: 0
      moduleVoltage: 0
Checksum: 4D891B025A8C2869C8BD16BD65DD35CBD09D77E6