---
system-info:
      stress-ng-version: 0.17.08
      run-by: root
      date-yyyy-mm-dd: 2024:06:07
      time-hh-mm-ss: 13:05:00
      epoch-secs: 1717765500
      hostname: a7670d25e2c2
      sysname: Linux
      nodename: a7670d25e2c2
      release: 6.8.0-1008-aws
      version: '#8-Ubuntu SMP Sat Apr 20 00:46:25 UTC 2024'
      machine: x86_64
      compiler: 'musl-gcc 13.2.1'
      uptime: 164
      totalram: 540881776640
      freeram: 535324315648
      sharedram: 97558528
      bufferram: 90804224
      totalswap: 0
      freeswap: 0
      pagesize: 4096
      cpus: 72
      cpus-online: 72
      ticks-per-second: 100

metrics:
    - stressor: cpu
      bogo-ops: 598829
      bogo-ops-per-second-usr-sys-time: 832.198870
      bogo-ops-per-second-real-time: 59868.999182
      wall-clock-time: 10.002322
      user-time: 719.454439
      system-time: 0.119958
      cpu-usage-per-instance: 99.917689
      max-rss: 3456

...
