---
system-info:
      stress-ng-version: 0.17.08
      run-by: root
      date-yyyy-mm-dd: 2024:06:13
      time-hh-mm-ss: 07:55:37
      epoch-secs: 1718265337
      hostname: e9fbd2d4cb40
      sysname: Linux
      nodename: e9fbd2d4cb40
      release: 6.8.0-1008-aws
      version: '#8-Ubuntu SMP Sat Apr 20 00:46:25 UTC 2024'
      machine: x86_64
      compiler: 'musl-gcc 13.2.1'
      uptime: 136
      totalram: 540881768448
      freeram: 535184478208
      sharedram: 97558528
      bufferram: 105754624
      totalswap: 0
      freeswap: 0
      pagesize: 4096
      cpus: 72
      cpus-online: 72
      ticks-per-second: 100

metrics:
    - stressor: cpu
      bogo-ops: 760158
      bogo-ops-per-second-usr-sys-time: 528.139556
      bogo-ops-per-second-real-time: 38007.656384
      wall-clock-time: 20.000128
      user-time: 1439.271780
      system-time: 0.040976
      cpu-usage-per-instance: 99.951634
      max-rss: 576

...
