BaselineInfo:
  WebDBID: -1
  TimeStamp: 20241109215830
Version:
  Major: 11
  Minor: 0
  Build: 1002
  SpecialBuildName: ""
  ptArchitecture: x86_64_linux
Results:
  Results Complete: true
  NumTestProcesses: 96
  CPU_INTEGER_MATH: 404081.96866666659
  CPU_FLOATINGPOINT_MATH: 206532.90193880827
  CPU_PRIME: 466.58725787400772
  CPU_SORTING: 196712.16751915379
  CPU_ENCRYPTION: 86381.576799296876
  CPU_COMPRESSION: 1459746.0344783782
  CPU_SINGLETHREAD: 2403.3079308130564
  CPU_PHYSICS: 7630.5098518096484
  CPU_MATRIX_MULT_SSE: 83546.559561708156
  CPU_mm: 8650.6470286276399
  CPU_sse: 37042.406868298582
  CPU_fma: 100749.29036141782
  CPU_avx: 76654.176331109542
  CPU_avx512: 119740.36468600668
  m_CPU_enc_SHA: 87698928914.930496
  m_CPU_enc_AES: 130648271205.76761
  m_CPU_enc_ECDSA: 53385744701.000435
  ME_ALLOC_S: 30475.993861071405
  ME_READ_S: 24400.311718749999
  ME_READ_L: 12279.1953125
  ME_WRITE: 11035.8076171875
  ME_LARGE: 179795.25
  ME_LATENCY: 52.478215300163377
  ME_THREADED: 292045.3017578125
  SUMM_CPU: 76019.635044463226
  SUMM_ME: 2847.3460104272103
SystemInformation:
  OSName: Ubuntu 24.04.1 LTS
  Kernel: 6.8.0-1017-azure
  Device: ""
  Processor: Intel Xeon Platinum 8370C CPU @ 2.80GHz
  NumSockets: 2
  Manufacturer: GenuineIntel
  NumCores: 48
  NumLogicals: 96
  CPUFrequency: 2800
  Memory: 193384
  MemModuleInfo:
    iNumMemSticks: 4
    DIMM 1:
      manufacturer: Microsoft Corporation
      modulePartNo: None
      memType: Unknown
      size: 1
      clkspeed: 0
      moduleVoltage: 0
    DIMM 2:
      manufacturer: Microsoft Corporation
      modulePartNo: None
      memType: Unknown
      size: 59
      clkspeed: 0
      moduleVoltage: 0
    DIMM 3:
      manufacturer: Microsoft Corporation
      modulePartNo: None
      memType: Unknown
      size: 36
      clkspeed: 0
      moduleVoltage: 0
    DIMM 4:
      manufacturer: Microsoft Corporation
      modulePartNo: None
      memType: Unknown
      size: 96
      clkspeed: 0
      moduleVoltage: 0
Checksum: 7DF639A5D217BE631B9E4BE2124DFB56637883A0