size_kb,operation,bandwidth_mb_s,latency_ns,latency_stddev_ns,latency_samples,threads,iterations,elapsed_s
32,read,15231236.45,0,0,0,384,508130,0.400333
32,write,10444650.18,0,0,0,384,486381,0.558810
32,copy,7877230.37,0,0,0,384,324675,0.494603
32,latency,0,1.31,0.00,7,1,7,0.188925
128,read,17801344.84,0,0,0,384,154894,0.417660
128,write,11325631.69,0,0,0,384,109841,0.465525
128,copy,8765583.55,0,0,0,384,87811,0.480850
128,latency,0,3.56,0.01,7,1,7,0.692944
1024,read,6574351.94,0,0,0,384,17820,1.040845
1024,write,6359932.98,0,0,0,384,14204,0.857609
1024,copy,1169005.94,0,0,0,384,5731,1.882543
1024,latency,0,6.48,0.24,7,1,7,0.706163
2048,read,2122920.66,0,0,0,384,4444,1.607687
2048,write,3581297.30,0,0,0,384,3972,0.851785
2048,copy,867926.42,0,0,0,384,1148,1.015828
2048,latency,0,13.47,0.08,7,1,7,0.678659
4096,read,2070586.11,0,0,0,384,1268,0.940626
4096,write,1927331.50,0,0,0,384,901,0.718058
4096,copy,444853.70,0,0,0,384,523,1.805825
4096,latency,0,24.00,0.04,7,1,7,0.688611
131072,read,1039999.55,0,0,0,384,33,1.559631
131072,write,868433.10,0,0,0,384,17,0.962174
131072,copy,311251.18,0,0,0,384,13,2.052927
131072,latency,0,39.92,0.14,7,1,7,3.612107
262144,read,1037292.10,0,0,0,384,16,1.516317
262144,write,872340.07,0,0,0,384,8,0.901520
262144,copy,266673.10,0,0,0,192,6,1.105893
262144,latency,0,89.44,0.12,7,1,7,15.584023
524288,read,900545.80,0,0,0,192,8,0.873284
524288,write,669952.41,0,0,0,192,4,0.586931
524288,copy,227153.91,0,0,0,96,3,0.649146
524288,latency,0,114.33,0.10,7,1,7,39.757870
