size_kb,operation,bandwidth_mb_s,latency_ns,latency_stddev_ns,latency_samples,threads,iterations,elapsed_s
16,read,386013.85,0,0,0,8,781250,0.252986
16,write,216736.26,0,0,0,8,543478,0.313444
16,copy,212216.77,0,0,0,8,581395,0.342453
16,latency,0,1.19,0.02,7,1,7,0.085851
64,read,380928.87,0,0,0,8,274725,0.360599
64,write,216415.98,0,0,0,8,189393,0.437567
64,copy,214066.09,0,0,0,8,161290,0.376729
64,latency,0,2.49,0.00,7,1,7,0.697175
256,read,363293.74,0,0,0,8,70204,0.386486
256,write,213897.61,0,0,0,8,51759,0.483961
256,copy,160951.10,0,0,0,8,40257,0.500239
256,latency,0,3.25,0.01,7,1,7,0.690090
512,read,321583.62,0,0,0,8,35410,0.440445
512,write,214061.91,0,0,0,8,25746,0.481094
512,copy,158266.16,0,0,0,8,19379,0.489783
512,latency,0,7.02,0.03,7,1,7,0.627383
1024,read,315986.91,0,0,0,8,17361,0.439537
1024,write,214327.78,0,0,0,8,13206,0.492927
1024,copy,158095.62,0,0,0,8,9960,0.503999
1024,latency,0,10.82,0.01,7,1,7,0.679331
4096,read,177485.59,0,0,0,8,4365,0.786993
4096,write,130065.16,0,0,0,8,1954,0.480744
4096,copy,27015.05,0,0,0,8,802,0.949989
4096,latency,0,12.23,0.01,7,1,7,0.709216
8192,read,61800.31,0,0,0,8,1645,1.703551
8192,write,37032.77,0,0,0,8,613,1.059386
8192,copy,17543.45,0,0,0,8,367,1.338848
8192,latency,0,12.78,0.02,7,1,7,0.685194
16384,read,44645.52,0,0,0,8,285,0.817103
16384,write,25963.95,0,0,0,8,670,3.303041
16384,copy,15043.42,0,0,0,8,175,1.489023
16384,latency,0,13.04,0.04,7,1,7,0.734888
32768,read,39357.01,0,0,0,8,150,0.975684
32768,write,22675.77,0,0,0,8,134,1.512804
32768,copy,14067.63,0,0,0,8,79,1.437627
32768,latency,0,23.28,3.98,21,1,21,1.241528
65536,read,37409.14,0,0,0,8,81,1.108606
65536,write,21640.14,0,0,0,8,69,1.632522
65536,copy,14027.77,0,0,0,8,41,1.496461
65536,latency,0,71.70,2.37,7,1,7,3.145801
