---
system-info:
      stress-ng-version: 0.17.08
      run-by: root
      date-yyyy-mm-dd: 2024:06:06
      time-hh-mm-ss: 15:55:43
      epoch-secs: 1717689343
      hostname: f0ae8d306119
      sysname: Linux
      nodename: f0ae8d306119
      release: 6.8.0-1008-aws
      version: '#8-Ubuntu SMP Sat Apr 20 02:43:14 UTC 2024'
      machine: aarch64
      compiler: 'musl-gcc 13.2.1'
      uptime: 101
      totalram: 8140914688
      freeram: 4029722624
      sharedram: 35024896
      bufferram: 83775488
      totalswap: 0
      freeswap: 0
      pagesize: 4096
      cpus: 4
      cpus-online: 4
      ticks-per-second: 100

metrics:
    - stressor: cpu
      bogo-ops: 17020
      bogo-ops-per-second-usr-sys-time: 425.759841
      bogo-ops-per-second-real-time: 1696.431939
      wall-clock-time: 10.032822
      user-time: 39.965600
      system-time: 0.009988
      cpu-usage-per-instance: 99.612022
      max-rss: 4136

...
