---
system-info:
      stress-ng-version: 0.17.08
      run-by: root
      date-yyyy-mm-dd: 2024:06:14
      time-hh-mm-ss: 09:54:51
      epoch-secs: 1718358891
      hostname: 292861de7c2c
      sysname: Linux
      nodename: 292861de7c2c
      release: 6.8.0-1008-aws
      version: '#8-Ubuntu SMP Sat Apr 20 02:43:14 UTC 2024'
      machine: aarch64
      compiler: 'musl-gcc 13.2.1'
      uptime: 104
      totalram: 8140918784
      freeram: 3889999872
      sharedram: 35024896
      bufferram: 105938944
      totalswap: 0
      freeswap: 0
      pagesize: 4096
      cpus: 4
      cpus-online: 4
      ticks-per-second: 100

metrics:
    - stressor: cpu
      bogo-ops: 122302
      bogo-ops-per-second-usr-sys-time: 1532.902186
      bogo-ops-per-second-real-time: 6115.079880
      wall-clock-time: 20.000066
      user-time: 79.778614
      system-time: 0.005994
      cpu-usage-per-instance: 99.730432
      max-rss: 1320

...
