---
system-info:
      stress-ng-version: 0.17.08
      run-by: root
      date-yyyy-mm-dd: 2024:06:15
      time-hh-mm-ss: 15:56:40
      epoch-secs: 1718467000
      hostname: c7a2f89feffd
      sysname: Linux
      nodename: c7a2f89feffd
      release: 6.8.0-1008-aws
      version: '#8-Ubuntu SMP Sat Apr 20 00:46:25 UTC 2024'
      machine: x86_64
      compiler: 'musl-gcc 13.2.1'
      uptime: 191
      totalram: 66862301184
      freeram: 62446120960
      sharedram: 11653120
      bufferram: 110432256
      totalswap: 0
      freeswap: 0
      pagesize: 4096
      cpus: 8
      cpus-online: 8
      ticks-per-second: 100

metrics:
    - stressor: cpu
      bogo-ops: 11831
      bogo-ops-per-second-usr-sys-time: 591.485972
      bogo-ops-per-second-real-time: 591.543125
      wall-clock-time: 20.000232
      user-time: 20.002165
      system-time: 0.000000
      cpu-usage-per-instance: 100.009663
      max-rss: 1104

...
