---
system-info:
      stress-ng-version: 0.17.08
      run-by: root
      date-yyyy-mm-dd: 2024:06:09
      time-hh-mm-ss: 13:41:36
      epoch-secs: 1717940496
      hostname: 2b6adc24511b
      sysname: Linux
      nodename: 2b6adc24511b
      release: 6.8.0-1008-aws
      version: '#8-Ubuntu SMP Sat Apr 20 00:46:25 UTC 2024'
      machine: x86_64
      compiler: 'musl-gcc 13.2.1'
      uptime: 163
      totalram: 66862317568
      freeram: 62300024832
      sharedram: 11653120
      bufferram: 108634112
      totalswap: 0
      freeswap: 0
      pagesize: 4096
      cpus: 8
      cpus-online: 8
      ticks-per-second: 100

metrics:
    - stressor: cpu
      bogo-ops: 9890
      bogo-ops-per-second-usr-sys-time: 988.713273
      bogo-ops-per-second-real-time: 988.691746
      wall-clock-time: 10.003118
      user-time: 10.001901
      system-time: 0.000999
      cpu-usage-per-instance: 99.997823
      max-rss: 3920

...
