BaselineInfo:
  WebDBID: -1
  TimeStamp: 20241108160725
Version:
  Major: 11
  Minor: 0
  Build: 1002
  SpecialBuildName: ""
  ptArchitecture: x86_64_linux
Results:
  Results Complete: true
  NumTestProcesses: 8
  CPU_INTEGER_MATH: 24931.578999999998
  CPU_FLOATINGPOINT_MATH: 13359.369527610659
  CPU_PRIME: 53.051476999185645
  CPU_SORTING: 13153.570795092648
  CPU_ENCRYPTION: 3427.4387264036836
  CPU_COMPRESSION: 111327.96508237967
  CPU_SINGLETHREAD: 2015.0739904670725
  CPU_PHYSICS: 959.46571422936063
  CPU_MATRIX_MULT_SSE: 7414.1274086718531
  CPU_mm: 755.46592544488522
  CPU_sse: 2734.1721441332506
  CPU_fma: 8956.0379390677263
  CPU_avx: 6313.3238555114522
  CPU_avx512: 11652.975695974979
  m_CPU_enc_SHA: 1126513820.0964642
  m_CPU_enc_AES: 8649398032.2199688
  m_CPU_enc_ECDSA: 1005878117.6159731
  ME_ALLOC_S: 2904.2156108843928
  ME_READ_S: 24318.479882812499
  ME_READ_L: 10563.7939453125
  ME_WRITE: 9377.11328125
  ME_LARGE: 118635.58333333333
  ME_LATENCY: 48.576870876871283
  ME_THREADED: 42331.38427734375
  SUMM_CPU: 8585.8301070105827
  SUMM_ME: 2495.7363427873975
SystemInformation:
  OSName: Ubuntu 24.04.1 LTS
  Kernel: 6.8.0-1017-azure
  Device: ""
  Processor: Intel Xeon Platinum 8272CL CPU @ 2.60GHz
  NumSockets: 1
  Manufacturer: GenuineIntel
  NumCores: 4
  NumLogicals: 8
  CPUFrequency: 0
  Memory: 128811
  MemModuleInfo:
    iNumMemSticks: 3
    DIMM 1:
      manufacturer: Microsoft Corporation
      modulePartNo: None
      memType: Unknown
      size: 1
      clkspeed: 0
      moduleVoltage: 0
    DIMM 2:
      manufacturer: Microsoft Corporation
      modulePartNo: None
      memType: Unknown
      size: 60928
      clkspeed: 0
      moduleVoltage: 0
    DIMM 3:
      manufacturer: Microsoft Corporation
      modulePartNo: None
      memType: Unknown
      size: 69120
      clkspeed: 0
      moduleVoltage: 0
Checksum: AF31D5300AFF6B1A72AA9A97F01B202B223B0931