BaselineInfo:
  WebDBID: -1
  TimeStamp: 20241109005438
Version:
  Major: 11
  Minor: 0
  Build: 1002
  SpecialBuildName: ""
  ptArchitecture: aarch64_linux
Results:
  Results Complete: true
  NumTestProcesses: 48
  CPU_INTEGER_MATH: 302462.5560000001
  CPU_FLOATINGPOINT_MATH: 254303.46928291934
  CPU_PRIME: 529.2858283028238
  CPU_SORTING: 243894.47612192799
  CPU_ENCRYPTION: 8972.8245002770418
  CPU_COMPRESSION: 329108.63262957789
  CPU_SINGLETHREAD: 1880.005738837943
  CPU_PHYSICS: 13037.815373460693
  CPU_MATRIX_MULT_SSE: 42897.633915664483
  CPU_mm: 6868.8196486854131
  CPU_sse: 36184.462029050293
  CPU_fma: 49610.805802278664
  CPU_avx: 0
  CPU_avx512: 0
  m_CPU_enc_SHA: 13095086040.698902
  m_CPU_enc_AES: 5816302166.2174168
  m_CPU_enc_ECDSA: 9314677062.6911755
  ME_ALLOC_S: 37978.528791031757
  ME_READ_S: 25498.659570312499
  ME_READ_L: 19281.53515625
  ME_WRITE: 25732.11328125
  ME_LARGE: 372702.33333333331
  ME_LATENCY: 52.702382267186444
  ME_THREADED: 501013.419921875
  SUMM_CPU: 36138.044355519138
  SUMM_ME: 3391.3015968537361
SystemInformation:
  OSName: Ubuntu 24.04.1 LTS
  Kernel: 6.8.0-1017-azure
  Device: ""
  Processor: ARM Neoverse-N2 48 Core 0 MHz
  NumSockets: 1
  Manufacturer: ARM
  NumCores: 48
  NumLogicals: 48
  CPUFrequency: 0
  Memory: 385985
Checksum: 631C8EC86C7CE8DE8C2D5B3D997849365FE9F4A1