---
system-info:
      stress-ng-version: 0.17.08
      run-by: root
      date-yyyy-mm-dd: 2024:09:16
      time-hh-mm-ss: 18:35:40
      epoch-secs: 1726511740
      hostname: sc-runner
      sysname: Linux
      nodename: sc-runner
      release: 6.8.0-1014-azure
      version: '#16-Ubuntu SMP Thu Aug 15 20:04:41 UTC 2024'
      machine: x86_64
      compiler: 'musl-gcc 13.2.1'
      uptime: 298
      totalram: 67420590080
      freeram: 57182707712
      sharedram: 42139648
      bufferram: 230121472
      totalswap: 0
      freeswap: 0
      pagesize: 4096
      cpus: 16
      cpus-online: 16
      ticks-per-second: 100

metrics:
    - stressor: cpu
      bogo-ops: 297693
      bogo-ops-per-second-usr-sys-time: 931.564886
      bogo-ops-per-second-real-time: 14884.587963
      wall-clock-time: 20.000083
      user-time: 319.504302
      system-time: 0.057979
      cpu-usage-per-instance: 99.862797
      max-rss: 3128

...
