---
system-info:
      stress-ng-version: 0.17.08
      run-by: root
      date-yyyy-mm-dd: 2024:09:05
      time-hh-mm-ss: 17:03:25
      epoch-secs: 1725555805
      hostname: sc-runner
      sysname: Linux
      nodename: sc-runner
      release: 6.8.0-1013-azure
      version: '#15-Ubuntu SMP Thu Aug  8 18:40:40 UTC 2024'
      machine: x86_64
      compiler: 'musl-gcc 13.2.1'
      uptime: 349
      totalram: 67420606464
      freeram: 58725179392
      sharedram: 42139648
      bufferram: 218501120
      totalswap: 0
      freeswap: 0
      pagesize: 4096
      cpus: 16
      cpus-online: 16
      ticks-per-second: 100

metrics:
    - stressor: cpu
      bogo-ops: 297388
      bogo-ops-per-second-usr-sys-time: 930.801995
      bogo-ops-per-second-real-time: 14869.337285
      wall-clock-time: 20.000084
      user-time: 319.458542
      system-time: 0.037980
      cpu-usage-per-instance: 99.842242
      max-rss: 3256

...
