BaselineInfo:
  WebDBID: -1
  TimeStamp: 20260611191048
Version:
  Major: 11
  Minor: 0
  Build: 1004
  SpecialBuildName: ""
  ptArchitecture: aarch64_linux
Results:
  Results Complete: true
  NumTestProcesses: 192
  CPU_INTEGER_MATH: 1168147.2143333333
  CPU_FLOATINGPOINT_MATH: 1456383.9859847028
  CPU_PRIME: 2200.9075300958802
  CPU_SORTING: 897787.84023456287
  CPU_ENCRYPTION: 55789.091571534169
  CPU_COMPRESSION: 1759110.3925289647
  CPU_SINGLETHREAD: 2464.791411145246
  CPU_PHYSICS: 41772.723465229115
  CPU_MATRIX_MULT_SSE: 243528.19551168874
  CPU_mm: 25621.517557028514
  CPU_sse: 193640.06407758588
  CPU_fma: 293416.32694579166
  CPU_avx: 0
  CPU_avx512: 0
  m_CPU_enc_SHA: 93025643067.790405
  m_CPU_enc_AES: 26250426901.093193
  m_CPU_enc_ECDSA: 56221237482.255585
  ME_ALLOC_S: 61965.106024075394
  ME_READ_S: 24755.076953125001
  ME_READ_L: 24494.97265625
  ME_WRITE: 25022.94921875
  ME_LARGE: 744916
  ME_LATENCY: 28.721485183022821
  ME_THREADED: 885375.455078125
  SUMM_CPU: 107019.88150205927
  SUMM_ME: 4635.9943348212364
SystemInformation:
  OSName: Ubuntu 24.04.4 LTS
  Kernel: 6.17.0-1017-aws
  Device: ""
  Processor: ARM Neoverse-V3 192 Core 0 MHz
  NumSockets: 1
  Manufacturer: ARM
  NumCores: 192
  NumLogicals: 192
  CPUFrequency: 0
  CPUMaxFrequency: 0
  Memory: 760113
Checksum: C86C5FB89B7DAC37B425096CF91EBEB3882D0171