BaselineInfo:
  WebDBID: -1
  TimeStamp: 20241107135422
Version:
  Major: 11
  Minor: 0
  Build: 1002
  SpecialBuildName: ""
  ptArchitecture: x86_64_linux
Results:
  Results Complete: true
  NumTestProcesses: 4
  CPU_INTEGER_MATH: 17472.792333333335
  CPU_FLOATINGPOINT_MATH: 12402.392351289935
  CPU_PRIME: 38.857716725634489
  CPU_SORTING: 9013.5604850776599
  CPU_ENCRYPTION: 3872.4429687056117
  CPU_COMPRESSION: 66066.057486872887
  CPU_SINGLETHREAD: 2713.1331022193358
  CPU_PHYSICS: 895.21120145676991
  CPU_MATRIX_MULT_SSE: 4684.8439769753122
  CPU_mm: 495.31460181857295
  CPU_sse: 2148.6611032892602
  CPU_fma: 5469.0776006543883
  CPU_avx: 4058.5178665895864
  CPU_avx512: 7063.1193373680144
  m_CPU_enc_SHA: 4079003580.735518
  m_CPU_enc_AES: 5288695741.6325235
  m_CPU_enc_ECDSA: 2813952952.6923246
  ME_ALLOC_S: 2321.0367573598596
  ME_READ_S: 24443.553515625001
  ME_READ_L: 7044.78271484375
  ME_WRITE: 6604.39892578125
  ME_LARGE: 5018.416666666667
  ME_LATENCY: 70.242072139227488
  ME_THREADED: 23087.177734375
  SUMM_CPU: 6757.4844292841117
  SUMM_ME: 1626.1070293493176
SystemInformation:
  OSName: Ubuntu 24.04.1 LTS
  Kernel: 6.8.0-1015-gcp
  Device: ""
  Processor: INTEL XEON PLATINUM 8581C CPU @ 2.30GHz
  NumSockets: 1
  Manufacturer: GenuineIntel
  NumCores: 2
  NumLogicals: 4
  CPUFrequency: 0
  Memory: 14981
  MemModuleInfo:
    iNumMemSticks: 1
    DIMM 1:
      manufacturer: ""
      modulePartNo: ""
      memType: RAM
      size: 15
      clkspeed: 0
      moduleVoltage: 0
Checksum: 415D00B9B5C0BC45DA7AE89199387F0FB4F94B34