BaselineInfo:
  WebDBID: -1
  TimeStamp: 20241107203513
Version:
  Major: 11
  Minor: 0
  Build: 1002
  SpecialBuildName: ""
  ptArchitecture: x86_64_linux
Results:
  Results Complete: true
  NumTestProcesses: 8
  CPU_INTEGER_MATH: 33505.278666666665
  CPU_FLOATINGPOINT_MATH: 17134.568722674248
  CPU_PRIME: 72.634936237477888
  CPU_SORTING: 17499.71524316644
  CPU_ENCRYPTION: 7279.4280699723731
  CPU_COMPRESSION: 123863.97510206875
  CPU_SINGLETHREAD: 2363.4290628079971
  CPU_PHYSICS: 1392.8325568907449
  CPU_MATRIX_MULT_SSE: 7445.0849562683952
  CPU_mm: 722.03760410740631
  CPU_sse: 3179.5085294975611
  CPU_fma: 8736.0688126965288
  CPU_avx: 6447.4490786613396
  CPU_avx512: 11417.313404218154
  m_CPU_enc_SHA: 7343162160.5615501
  m_CPU_enc_AES: 11047638034.688757
  m_CPU_enc_ECDSA: 4508300508.4477482
  ME_ALLOC_S: 3974.1036316316167
  ME_READ_S: 24337.844921874999
  ME_READ_L: 11913.5673828125
  ME_WRITE: 10620.7158203125
  ME_LARGE: 21500
  ME_LATENCY: 60.906524520315564
  ME_THREADED: 52897.9775390625
  SUMM_CPU: 11434.572953686447
  SUMM_ME: 2362.0963152511731
SystemInformation:
  OSName: Ubuntu 24.04.1 LTS
  Kernel: 6.8.0-1016-aws
  Device: ""
  Processor: Intel Xeon Platinum 8375C CPU @ 2.90GHz
  NumSockets: 1
  Manufacturer: GenuineIntel
  NumCores: 4
  NumLogicals: 8
  CPUFrequency: 0
  Memory: 31556
  MemModuleInfo:
    iNumMemSticks: 1
    DIMM 1:
      manufacturer: Not Specified
      modulePartNo: Not Specified
      memType: DDR4
      size: 32
      clkspeed: 1600
      moduleVoltage: 0
Checksum: E1FBE71E9AD35FD4AF7CB5A1876916B480887CB3