BaselineInfo:
  WebDBID: -1
  TimeStamp: 20260220233243
Version:
  Major: 11
  Minor: 0
  Build: 1004
  SpecialBuildName: ""
  ptArchitecture: x86_64_linux
Results:
  Results Complete: true
  NumTestProcesses: 192
  CPU_INTEGER_MATH: 812648.41566666588
  CPU_FLOATINGPOINT_MATH: 575482.65612849034
  CPU_PRIME: 1601.9960271125308
  CPU_SORTING: 373771.05593390181
  CPU_ENCRYPTION: 178714.29624319845
  CPU_COMPRESSION: 2884126.4133354593
  CPU_SINGLETHREAD: 3146.8202717054901
  CPU_PHYSICS: 24986.481355612199
  CPU_MATRIX_MULT_SSE: 210731.32490044631
  CPU_mm: 22157.096700190064
  CPU_sse: 93547.322616633144
  CPU_fma: 233373.53085349966
  CPU_avx: 184128.01361661468
  CPU_avx512: 331876.43251503736
  m_CPU_enc_SHA: 189142387360.69617
  m_CPU_enc_AES: 245144911758.48517
  m_CPU_enc_ECDSA: 127899266573.34286
  ME_ALLOC_S: 37389.29990444854
  ME_READ_S: 27623.240429687499
  ME_READ_L: 9238.478515625
  ME_WRITE: 8894.205078125
  ME_LARGE: 2009108.6666666667
  ME_LATENCY: 46.350543175478599
  ME_THREADED: 661372.51904296875
  SUMM_CPU: 131267.38592557836
  SUMM_ME: 2828.1792887417027
SystemInformation:
  OSName: Ubuntu 24.04.3 LTS
  Kernel: 6.17.0-1007-aws
  Device: ""
  Processor: Intel(R) Xeon(R) Platinum 8559C
  NumSockets: 2
  Manufacturer: GenuineIntel
  NumCores: 96
  NumLogicals: 192
  CPUFrequency: 0
  CPUMaxFrequency: 0
  Memory: 2047941
  CPUInfo:
    number: 2
    Family: 6
    Model: 15
    stepping: 2
    features: 529267711
    manufacture: GenuineIntel
    typestring: Intel(R) Xeon(R) Platinum 8559C
    iCoresPerPackage: 48
    iThreadsPerPackage: 2
    featuresEx:
      - 529267711
      - 4294619651
      - 739248128
    bHybrid: false
    nPCore: 0
    nLogicalsPerPCore: 0
    nECore: 0
    nLogicalsPerECore: 0
  MemModuleInfo:
    iNumMemSticks: 2
    DIMM 1:
      manufacturer: Not Specified
      modulePartNo: Not Specified
      memType: DDR5
      size: 1
      clkspeed: 2800
      moduleVoltage: 0
    DIMM 2:
      manufacturer: Not Specified
      modulePartNo: Not Specified
      memType: DDR5
      size: 1
      clkspeed: 2800
      moduleVoltage: 0
Checksum: 977D252A09D2542113D920BEE11BA2FD68155E8D