---
system-info:
      stress-ng-version: 0.17.08
      run-by: root
      date-yyyy-mm-dd: 2024:07:03
      time-hh-mm-ss: 12:22:48
      epoch-secs: 1720009368
      hostname: n4-highmem-80-b335160
      sysname: Linux
      nodename: n4-highmem-80-b335160
      release: 6.8.0-1009-gcp
      version: '#10-Ubuntu SMP Wed Jun 12 18:52:23 UTC 2024'
      machine: x86_64
      compiler: 'musl-gcc 13.2.1'
      uptime: 144
      totalram: 675902500864
      freeram: 669996249088
      sharedram: 274350080
      bufferram: 132354048
      totalswap: 0
      freeswap: 0
      pagesize: 4096
      cpus: 80
      cpus-online: 80
      ticks-per-second: 100

metrics:
    - stressor: cpu
      bogo-ops: 34550
      bogo-ops-per-second-usr-sys-time: 1727.501728
      bogo-ops-per-second-real-time: 1727.493204
      wall-clock-time: 20.000079
      user-time: 19.999980
      system-time: 0.000000
      cpu-usage-per-instance: 99.999507
      max-rss: 640

...
