---
system-info:
      stress-ng-version: 0.17.08
      run-by: root
      date-yyyy-mm-dd: 2024:06:24
      time-hh-mm-ss: 08:43:15
      epoch-secs: 1719218595
      hostname: 14f07c3fc704
      sysname: Linux
      nodename: 14f07c3fc704
      release: 6.8.0-1008-gcp
      version: '#9-Ubuntu SMP Wed May 22 18:09:04 UTC 2024'
      machine: x86_64
      compiler: 'musl-gcc 13.2.1'
      uptime: 205
      totalram: 2060492800
      freeram: 106229760
      sharedram: 59092992
      bufferram: 121753600
      totalswap: 0
      freeswap: 0
      pagesize: 4096
      cpus: 2
      cpus-online: 2
      ticks-per-second: 100

metrics:
    - stressor: cpu
      bogo-ops: 28788
      bogo-ops-per-second-usr-sys-time: 731.404167
      bogo-ops-per-second-real-time: 1439.389259
      wall-clock-time: 20.000149
      user-time: 39.346951
      system-time: 0.012956
      cpu-usage-per-instance: 98.399033
      max-rss: 1160

...
