---
system-info:
      stress-ng-version: 0.17.08
      run-by: root
      date-yyyy-mm-dd: 2024:06:09
      time-hh-mm-ss: 13:56:20
      epoch-secs: 1717941380
      hostname: 9737b4c0c494
      sysname: Linux
      nodename: 9737b4c0c494
      release: 6.8.0-1008-aws
      version: '#8-Ubuntu SMP Sat Apr 20 00:46:25 UTC 2024'
      machine: x86_64
      compiler: 'musl-gcc 13.2.1'
      uptime: 174
      totalram: 16602042368
      freeram: 12174680064
      sharedram: 11628544
      bufferram: 110645248
      totalswap: 0
      freeswap: 0
      pagesize: 4096
      cpus: 2
      cpus-online: 2
      ticks-per-second: 100

metrics:
    - stressor: cpu
      bogo-ops: 9690
      bogo-ops-per-second-usr-sys-time: 968.904660
      bogo-ops-per-second-real-time: 968.782028
      wall-clock-time: 10.002250
      user-time: 9.998981
      system-time: 0.002003
      cpu-usage-per-instance: 99.987343
      max-rss: 3920

...
