---
system-info:
      stress-ng-version: 0.17.08
      run-by: root
      date-yyyy-mm-dd: 2024:06:15
      time-hh-mm-ss: 16:26:18
      epoch-secs: 1718468778
      hostname: 31b067fc0614
      sysname: Linux
      nodename: 31b067fc0614
      release: 6.8.0-1008-aws
      version: '#8-Ubuntu SMP Sat Apr 20 00:46:25 UTC 2024'
      machine: x86_64
      compiler: 'musl-gcc 13.2.1'
      uptime: 192
      totalram: 16602042368
      freeram: 12308152320
      sharedram: 11628544
      bufferram: 112484352
      totalswap: 0
      freeswap: 0
      pagesize: 4096
      cpus: 2
      cpus-online: 2
      ticks-per-second: 100

metrics:
    - stressor: cpu
      bogo-ops: 11789
      bogo-ops-per-second-usr-sys-time: 589.592799
      bogo-ops-per-second-real-time: 589.441589
      wall-clock-time: 20.000285
      user-time: 19.992157
      system-time: 0.002999
      cpu-usage-per-instance: 99.974353
      max-rss: 1104

...
