---
system-info:
      stress-ng-version: 0.17.08
      run-by: root
      date-yyyy-mm-dd: 2024:06:21
      time-hh-mm-ss: 03:31:21
      epoch-secs: 1718940681
      hostname: 07864abf236d
      sysname: Linux
      nodename: 07864abf236d
      release: 6.8.0-1008-gcp
      version: '#9-Ubuntu SMP Wed May 22 18:09:04 UTC 2024'
      machine: x86_64
      compiler: 'musl-gcc 13.2.1'
      uptime: 173
      totalram: 4102660096
      freeram: 216391680
      sharedram: 36024320
      bufferram: 129585152
      totalswap: 0
      freeswap: 0
      pagesize: 4096
      cpus: 4
      cpus-online: 4
      ticks-per-second: 100

metrics:
    - stressor: cpu
      bogo-ops: 28076
      bogo-ops-per-second-usr-sys-time: 1403.848714
      bogo-ops-per-second-real-time: 1403.788905
      wall-clock-time: 20.000158
      user-time: 19.999306
      system-time: 0.000000
      cpu-usage-per-instance: 99.995740
      max-rss: 1104

...
