BaselineInfo:
  WebDBID: -1
  TimeStamp: 20260616230726
Version:
  Major: 11
  Minor: 0
  Build: 1004
  SpecialBuildName: ""
  ptArchitecture: x86_64_linux
Results:
  Results Complete: true
  NumTestProcesses: 2
  CPU_INTEGER_MATH: 9556.0793333333331
  CPU_FLOATINGPOINT_MATH: 5356.6449372700026
  CPU_PRIME: 23.351026846810178
  CPU_SORTING: 5824.1401480751474
  CPU_ENCRYPTION: 2419.1863182666657
  CPU_COMPRESSION: 39916.780748164128
  CPU_SINGLETHREAD: 2855.5166473765807
  CPU_PHYSICS: 496.08154574879069
  CPU_MATRIX_MULT_SSE: 2634.2904554683232
  CPU_mm: 256.2977530694651
  CPU_sse: 1135.7606106975895
  CPU_fma: 3528.5384462257607
  CPU_avx: 2913.3809257144535
  CPU_avx512: 2959.4818392354882
  m_CPU_enc_SHA: 3380732328.6696572
  m_CPU_enc_AES: 2294645088.2389956
  m_CPU_enc_ECDSA: 1934724721.6797097
  ME_ALLOC_S: 1082.6818434131451
  ME_READ_S: 27583.909960937501
  ME_READ_L: 26167.2734375
  ME_WRITE: 25718.580078125
  ME_LARGE: 3005.4166666666665
  ME_LATENCY: 70.22904651777479
  ME_THREADED: 27497.5966796875
  SUMM_CPU: 3861.6730954864456
  SUMM_ME: 1899.9953076572867
SystemInformation:
  OSName: Ubuntu 24.04.4 LTS
  Kernel: 6.8.0-117-generic
  Device: ""
  Processor: "AMD EPYC 9T34 64-Core Processor                "
  NumSockets: 1
  Manufacturer: AuthenticAMD
  NumCores: 1
  NumLogicals: 2
  CPUFrequency: 0
  CPUMaxFrequency: 0
  Memory: 7397
  CPUInfo:
    number: 1
    Family: 15
    Model: 1
    stepping: 1
    features: 395049983
    manufacture: AuthenticAMD
    typestring: "AMD EPYC 9T34 64-Core Processor                "
    iCoresPerPackage: 1
    iThreadsPerPackage: 2
    featuresEx:
      - 395049983
      - 4277809667
      - 802421759
    bHybrid: false
    nPCore: 0
    nLogicalsPerPCore: 0
    nECore: 0
    nLogicalsPerECore: 0
  MemModuleInfo:
    iNumMemSticks: 1
    DIMM 1:
      manufacturer: Alibaba Cloud
      modulePartNo: Not Specified
      memType: RAM
      size: 8
      clkspeed: 0
      moduleVoltage: 0
Checksum: 12BA47F0F3FD03F84A6437B3E2C0D7B16EFAEBA2