---
system-info:
      stress-ng-version: 0.17.08
      run-by: root
      date-yyyy-mm-dd: 2024:09:16
      time-hh-mm-ss: 21:11:26
      epoch-secs: 1726521086
      hostname: sc-runner
      sysname: Linux
      nodename: sc-runner
      release: 6.8.0-1014-azure
      version: '#16-Ubuntu SMP Thu Aug 15 20:04:41 UTC 2024'
      machine: x86_64
      compiler: 'musl-gcc 13.2.1'
      uptime: 318
      totalram: 135066304512
      freeram: 124711743488
      sharedram: 54915072
      bufferram: 233861120
      totalswap: 0
      freeswap: 0
      pagesize: 4096
      cpus: 16
      cpus-online: 16
      ticks-per-second: 100

metrics:
    - stressor: cpu
      bogo-ops: 31460
      bogo-ops-per-second-usr-sys-time: 1572.991113
      bogo-ops-per-second-real-time: 1572.989462
      wall-clock-time: 20.000134
      user-time: 19.999113
      system-time: 0.001000
      cpu-usage-per-instance: 99.999895
      max-rss: 3152

...
