BaselineInfo:
  WebDBID: -1
  TimeStamp: 20250104071917
Version:
  Major: 11
  Minor: 0
  Build: 1002
  SpecialBuildName: ""
  ptArchitecture: x86_64_linux
Results:
  Results Complete: true
  NumTestProcesses: 64
  CPU_INTEGER_MATH: 304060.07966666663
  CPU_FLOATINGPOINT_MATH: 170040.48942701606
  CPU_PRIME: 479.61366526334399
  CPU_SORTING: 179480.37040834769
  CPU_ENCRYPTION: 77181.710326305241
  CPU_COMPRESSION: 1233891.8448725725
  CPU_SINGLETHREAD: 2905.0633199866506
  CPU_PHYSICS: 8864.4149375635516
  CPU_MATRIX_MULT_SSE: 82212.232009549145
  CPU_mm: 8140.2536840944531
  CPU_sse: 35458.062019678182
  CPU_fma: 102560.53933308914
  CPU_avx: 86059.134204722126
  CPU_avx512: 104771.19248070721
  m_CPU_enc_SHA: 107951940910.67653
  m_CPU_enc_AES: 73262821369.709122
  m_CPU_enc_ECDSA: 61577904980.96183
  ME_ALLOC_S: 29635.103926692613
  ME_READ_S: 27809.9130859375
  ME_READ_L: 27595.736328125
  ME_WRITE: 26895.451171875
  ME_LARGE: 503389.41666666669
  ME_LATENCY: 75.283646552954494
  ME_THREADED: 184961.958984375
  SUMM_CPU: 75983.605401952489
  SUMM_ME: 2892.9791431401959
SystemInformation:
  OSName: Ubuntu 24.04.1 LTS
  Kernel: 6.8.0-1017-azure
  Device: ""
  Processor: AMD EPYC 9V74 80-Core Processor
  NumSockets: 1
  Manufacturer: AuthenticAMD
  NumCores: 32
  NumLogicals: 64
  CPUFrequency: 0
  Memory: 515766
  MemModuleInfo:
    iNumMemSticks: 3
    DIMM 1:
      manufacturer: Microsoft Corporation
      modulePartNo: None
      memType: Unknown
      size: 1
      clkspeed: 0
      moduleVoltage: 0
    DIMM 2:
      manufacturer: Microsoft Corporation
      modulePartNo: None
      memType: Unknown
      size: 59
      clkspeed: 0
      moduleVoltage: 0
    DIMM 3:
      manufacturer: Microsoft Corporation
      modulePartNo: None
      memType: Unknown
      size: 452
      clkspeed: 0
      moduleVoltage: 0
Checksum: 67E09745251154F49373D09F9ADE1CD45377491B