BaselineInfo:
  WebDBID: -1
  TimeStamp: 20241109073420
Version:
  Major: 11
  Minor: 0
  Build: 1002
  SpecialBuildName: ""
  ptArchitecture: x86_64_linux
Results:
  Results Complete: true
  NumTestProcesses: 16
  CPU_INTEGER_MATH: 67347.026333333328
  CPU_FLOATINGPOINT_MATH: 34438.223549906026
  CPU_PRIME: 136.55298073734895
  CPU_SORTING: 35002.63614938398
  CPU_ENCRYPTION: 14644.021206703699
  CPU_COMPRESSION: 245729.82574528467
  CPU_SINGLETHREAD: 2432.6814697776153
  CPU_PHYSICS: 2317.4130748862381
  CPU_MATRIX_MULT_SSE: 14859.527128361149
  CPU_mm: 1450.8847414832442
  CPU_sse: 6332.4342721474568
  CPU_fma: 17554.131975376822
  CPU_avx: 12960.847754901666
  CPU_avx512: 22590.694511018653
  m_CPU_enc_SHA: 14775056196.904367
  m_CPU_enc_AES: 22229591815.421295
  m_CPU_enc_ECDSA: 9061459530.1959534
  ME_ALLOC_S: 8047.5529086119359
  ME_READ_S: 23526.473242187501
  ME_READ_L: 11247.1357421875
  ME_WRITE: 10550.115234375
  ME_LARGE: 247282.33333333334
  ME_LATENCY: 52.779629506775528
  ME_THREADED: 94350.85302734375
  SUMM_CPU: 21361.516276566221
  SUMM_ME: 2658.9831106274664
SystemInformation:
  OSName: Ubuntu 24.04.1 LTS
  Kernel: 6.8.0-1017-azure
  Device: ""
  Processor: Intel Xeon Platinum 8370C CPU @ 2.80GHz
  NumSockets: 1
  Manufacturer: GenuineIntel
  NumCores: 8
  NumLogicals: 16
  CPUFrequency: 2800
  Memory: 257736
  MemModuleInfo:
    iNumMemSticks: 3
    DIMM 1:
      manufacturer: Microsoft Corporation
      modulePartNo: None
      memType: Unknown
      size: 1
      clkspeed: 0
      moduleVoltage: 0
    DIMM 2:
      manufacturer: Microsoft Corporation
      modulePartNo: None
      memType: Unknown
      size: 59
      clkspeed: 0
      moduleVoltage: 0
    DIMM 3:
      manufacturer: Microsoft Corporation
      modulePartNo: None
      memType: Unknown
      size: 196
      clkspeed: 0
      moduleVoltage: 0
Checksum: C90D2FBE2F7522E758113B41F25B55C522D36275