size_kb,operation,bandwidth_mb_s,latency_ns,latency_stddev_ns,latency_samples,threads,iterations,elapsed_s
32,read,4186118.84,0,0,0,32,625000,0.149303
32,write,4303732.36,0,0,0,32,531914,0.123594
32,copy,2043017.55,0,0,0,32,263157,0.128808
32,latency,0,0.89,0.00,7,1,7,0.131132
128,read,3769556.84,0,0,0,32,225225,0.238994
128,write,3778604.95,0,0,0,32,183823,0.194594
128,copy,2584603.84,0,0,0,32,132275,0.204712
128,latency,0,2.44,0.00,7,1,7,0.702235
512,read,3888639.94,0,0,0,32,64599,0.265796
512,write,4115300.01,0,0,0,32,64935,0.252463
512,copy,2094027.92,0,0,0,32,30826,0.235535
512,latency,0,3.38,0.00,7,1,7,0.700729
1024,read,3546938.81,0,0,0,32,27716,0.250050
1024,write,3270718.98,0,0,0,32,29411,0.287751
1024,copy,1658618.48,0,0,0,32,10780,0.207980
1024,latency,0,5.37,0.01,7,1,7,0.657746
2048,read,3178548.56,0,0,0,32,10187,0.205115
2048,write,3355594.68,0,0,0,32,9231,0.176059
2048,copy,1197974.02,0,0,0,32,5224,0.279085
2048,latency,0,8.92,0.01,7,1,7,0.693424
8192,read,681149.56,0,0,0,32,1695,0.637041
8192,write,529054.42,0,0,0,32,3499,1.693104
8192,copy,162706.88,0,0,0,32,1133,1.782641
8192,latency,0,10.34,0.00,7,1,7,0.707487
16384,read,327569.90,0,0,0,32,1275,1.992857
16384,write,176223.32,0,0,0,32,676,1.964053
16384,copy,87910.53,0,0,0,32,342,1.991843
16384,latency,0,10.80,0.00,7,1,7,0.686730
32768,read,231022.57,0,0,0,32,357,1.582391
32768,write,135620.45,0,0,0,32,334,2.521862
32768,copy,81264.72,0,0,0,32,153,1.927921
32768,latency,0,14.69,0.85,21,1,21,1.413992
65536,read,216896.30,0,0,0,32,177,1.671287
65536,write,126934.15,0,0,0,32,139,2.242675
65536,copy,80733.58,0,0,0,32,84,2.130860
65536,latency,0,80.15,1.97,7,1,7,3.415888
131072,read,212693.95,0,0,0,32,88,1.694679
131072,write,125553.56,0,0,0,32,67,2.185776
131072,copy,80778.13,0,0,0,32,41,2.078979
131072,latency,0,103.84,1.31,7,1,7,9.002909
