---
system-info:
      stress-ng-version: 0.17.08
      run-by: root
      date-yyyy-mm-dd: 2024:06:14
      time-hh-mm-ss: 13:45:37
      epoch-secs: 1718372737
      hostname: 3e677acf9ae1
      sysname: Linux
      nodename: 3e677acf9ae1
      release: 6.8.0-1008-aws
      version: '#8-Ubuntu SMP Sat Apr 20 00:46:25 UTC 2024'
      machine: x86_64
      compiler: 'musl-gcc 13.2.1'
      uptime: 170
      totalram: 64290295808
      freeram: 59901833216
      sharedram: 27594752
      bufferram: 107954176
      totalswap: 0
      freeswap: 0
      pagesize: 4096
      cpus: 8
      cpus-online: 8
      ticks-per-second: 100

metrics:
    - stressor: cpu
      bogo-ops: 89104
      bogo-ops-per-second-usr-sys-time: 559.058620
      bogo-ops-per-second-real-time: 4455.163334
      wall-clock-time: 20.000165
      user-time: 159.367238
      system-time: 0.014975
      cpu-usage-per-instance: 99.613063
      max-rss: 1104

...
