---
system-info:
      stress-ng-version: 0.17.08
      run-by: root
      date-yyyy-mm-dd: 2024:06:07
      time-hh-mm-ss: 11:23:40
      epoch-secs: 1717759420
      hostname: 38b7bd2c3f11
      sysname: Linux
      nodename: 38b7bd2c3f11
      release: 6.8.0-1008-aws
      version: '#8-Ubuntu SMP Sat Apr 20 00:46:25 UTC 2024'
      machine: x86_64
      compiler: 'musl-gcc 13.2.1'
      uptime: 177
      totalram: 64290287616
      freeram: 60018888704
      sharedram: 27594752
      bufferram: 89772032
      totalswap: 0
      freeswap: 0
      pagesize: 4096
      cpus: 8
      cpus-online: 8
      ticks-per-second: 100

metrics:
    - stressor: cpu
      bogo-ops: 65733
      bogo-ops-per-second-usr-sys-time: 825.541617
      bogo-ops-per-second-real-time: 6571.872868
      wall-clock-time: 10.002172
      user-time: 79.605111
      system-time: 0.018979
      cpu-usage-per-instance: 99.508503
      max-rss: 3920

...
