BaselineInfo:
  WebDBID: -1
  TimeStamp: 20260218111422
Version:
  Major: 11
  Minor: 0
  Build: 1004
  SpecialBuildName: ""
  ptArchitecture: x86_64_linux
Results:
  Results Complete: true
  NumTestProcesses: 192
  CPU_INTEGER_MATH: 1457953.3576666662
  CPU_FLOATINGPOINT_MATH: 1431109.0259920792
  CPU_PRIME: 4617.2096438302015
  CPU_SORTING: 756921.82694464317
  CPU_ENCRYPTION: 297616.68832209142
  CPU_COMPRESSION: 5580930.3212585598
  CPU_SINGLETHREAD: 3833.2481657571807
  CPU_PHYSICS: 64485.556996284984
  CPU_MATRIX_MULT_SSE: 485305.74224644952
  CPU_mm: 57007.520834157687
  CPU_sse: 179528.98615774815
  CPU_fma: 656406.53119490307
  CPU_avx: 365062.4771090236
  CPU_avx512: 740224.97452412429
  m_CPU_enc_SHA: 417281458835.87823
  m_CPU_enc_AES: 262769104395.24924
  m_CPU_enc_ECDSA: 256170586490.94901
  ME_ALLOC_S: 46617.700972643011
  ME_READ_S: 33900.480859374999
  ME_READ_L: 32322.5
  ME_WRITE: 28918.005859375
  ME_LARGE: 742403.75
  ME_LATENCY: 78.568258311437219
  ME_THREADED: 1654033.2856445312
  SUMM_CPU: 192942.94190805621
  SUMM_ME: 3017.385085762251
SystemInformation:
  OSName: Ubuntu 24.04.3 LTS
  Kernel: 6.14.0-1018-aws
  Device: ""
  Processor: AMD EPYC 9R45
  NumSockets: 2
  Manufacturer: AuthenticAMD
  NumCores: 192
  NumLogicals: 192
  CPUFrequency: 0
  CPUMaxFrequency: 0
  Memory: 761606
  CPUInfo:
    number: 2
    Family: 15
    Model: 2
    stepping: 1
    features: 395049983
    manufacture: AuthenticAMD
    typestring: AMD EPYC 9R45
    iCoresPerPackage: 96
    iThreadsPerPackage: 1
    featuresEx:
      - 395049983
      - 4277809667
      - 802421759
    bHybrid: false
    nPCore: 0
    nLogicalsPerPCore: 0
    nECore: 0
    nLogicalsPerECore: 0
  MemModuleInfo:
    iNumMemSticks: 8
    DIMM 1:
      manufacturer: Not Specified
      modulePartNo: Not Specified
      memType: DDR5
      size: 96
      clkspeed: 3200
      moduleVoltage: 0
    DIMM 2:
      manufacturer: Not Specified
      modulePartNo: Not Specified
      memType: DDR5
      size: 96
      clkspeed: 3200
      moduleVoltage: 0
    DIMM 3:
      manufacturer: Not Specified
      modulePartNo: Not Specified
      memType: DDR5
      size: 96
      clkspeed: 3200
      moduleVoltage: 0
    DIMM 4:
      manufacturer: Not Specified
      modulePartNo: Not Specified
      memType: DDR5
      size: 96
      clkspeed: 3200
      moduleVoltage: 0
    DIMM 5:
      manufacturer: Not Specified
      modulePartNo: Not Specified
      memType: DDR5
      size: 96
      clkspeed: 3200
      moduleVoltage: 0
    DIMM 6:
      manufacturer: Not Specified
      modulePartNo: Not Specified
      memType: DDR5
      size: 96
      clkspeed: 3200
      moduleVoltage: 0
    DIMM 7:
      manufacturer: Not Specified
      modulePartNo: Not Specified
      memType: DDR5
      size: 96
      clkspeed: 3200
      moduleVoltage: 0
    DIMM 8:
      manufacturer: Not Specified
      modulePartNo: Not Specified
      memType: DDR5
      size: 96
      clkspeed: 3200
      moduleVoltage: 0
Checksum: F3F93CB89E3CF32EEDFEE35DAA6D4511947E3BFA