BaselineInfo:
  WebDBID: -1
  TimeStamp: 20241110040329
Version:
  Major: 11
  Minor: 0
  Build: 1002
  SpecialBuildName: ""
  ptArchitecture: x86_64_linux
Results:
  Results Complete: true
  NumTestProcesses: 32
  CPU_INTEGER_MATH: 73176.765333333329
  CPU_FLOATINGPOINT_MATH: 39321.837816873878
  CPU_PRIME: 103.39811750220996
  CPU_SORTING: 37835.368336413478
  CPU_ENCRYPTION: 10035.469057289971
  CPU_COMPRESSION: 321548.35335040424
  CPU_SINGLETHREAD: 1488.6156937522589
  CPU_PHYSICS: 1850.4687009914865
  CPU_MATRIX_MULT_SSE: 23489.615694808948
  CPU_mm: 2226.1980159050026
  CPU_sse: 7977.568389406084
  CPU_fma: 27238.232114093909
  CPU_avx: 19243.173128410719
  CPU_avx512: 39499.489147325119
  m_CPU_enc_SHA: 3310181467.6113181
  m_CPU_enc_AES: 25299939640.115234
  m_CPU_enc_ECDSA: 2958734898.924109
  ME_ALLOC_S: 8081.7504584918634
  ME_READ_S: 18170.969140624999
  ME_READ_L: 6045.62744140625
  ME_WRITE: 6002.11474609375
  ME_LARGE: 870414.16666666663
  ME_LATENCY: 73.173823487318842
  ME_THREADED: 92022.164306640625
  SUMM_CPU: 20875.127868782445
  SUMM_ME: 1790.1257725485075
SystemInformation:
  OSName: Ubuntu 24.04.1 LTS
  Kernel: 6.8.0-1017-azure
  Device: ""
  Processor: Intel Xeon Platinum 8280M CPU @ 2.70GHz
  NumSockets: 1
  Manufacturer: GenuineIntel
  NumCores: 16
  NumLogicals: 32
  CPUFrequency: 0
  Memory: 881491
  MemModuleInfo:
    iNumMemSticks: 3
    DIMM 1:
      manufacturer: Microsoft Corporation
      modulePartNo: None
      memType: Unknown
      size: 1
      clkspeed: 0
      moduleVoltage: 0
    DIMM 2:
      manufacturer: Microsoft Corporation
      modulePartNo: None
      memType: Unknown
      size: 60928
      clkspeed: 0
      moduleVoltage: 0
    DIMM 3:
      manufacturer: Microsoft Corporation
      modulePartNo: None
      memType: Unknown
      size: 834048
      clkspeed: 0
      moduleVoltage: 0
Checksum: 52B10BC7AF621FBE318BB89E43C184BC4240B21D