---
system-info:
      stress-ng-version: 0.17.08
      run-by: root
      date-yyyy-mm-dd: 2024:09:17
      time-hh-mm-ss: 08:19:24
      epoch-secs: 1726561164
      hostname: sc-runner
      sysname: Linux
      nodename: sc-runner
      release: 6.8.0-1014-azure
      version: '#16-Ubuntu SMP Thu Aug 15 20:04:41 UTC 2024'
      machine: x86_64
      compiler: 'musl-gcc 13.2.1'
      uptime: 348
      totalram: 270436806656
      freeram: 258647392256
      sharedram: 80093184
      bufferram: 263135232
      totalswap: 0
      freeswap: 0
      pagesize: 4096
      cpus: 64
      cpus-online: 64
      ticks-per-second: 100

metrics:
    - stressor: cpu
      bogo-ops: 1050995
      bogo-ops-per-second-usr-sys-time: 821.525030
      bogo-ops-per-second-real-time: 52549.466683
      wall-clock-time: 20.000108
      user-time: 1279.244987
      system-time: 0.076959
      cpu-usage-per-instance: 99.946488
      max-rss: 2560

...
