---
system-info:
      stress-ng-version: 0.17.08
      run-by: root
      date-yyyy-mm-dd: 2024:06:04
      time-hh-mm-ss: 18:32:04
      epoch-secs: 1717525924
      hostname: 727b862c88f6
      sysname: Linux
      nodename: 727b862c88f6
      release: 6.8.0-1008-aws
      version: '#8-Ubuntu SMP Sat Apr 20 00:46:25 UTC 2024'
      machine: x86_64
      compiler: 'musl-gcc 13.2.1'
      uptime: 2601
      totalram: 7266881536
      freeram: 4255227904
      sharedram: 32800768
      bufferram: 67981312
      totalswap: 0
      freeswap: 0
      pagesize: 4096
      cpus: 8
      cpus-online: 8
      ticks-per-second: 100

metrics:
    - stressor: cpu
      bogo-ops: 10244
      bogo-ops-per-second-usr-sys-time: 1024.785934
      bogo-ops-per-second-real-time: 1024.362707
      wall-clock-time: 10.000364
      user-time: 9.996234
      system-time: 0.000000
      cpu-usage-per-instance: 99.958701
      max-rss: 3920

...
