---
system-info:
      stress-ng-version: 0.17.08
      run-by: root
      date-yyyy-mm-dd: 2024:06:13
      time-hh-mm-ss: 23:57:02
      epoch-secs: 1718323022
      hostname: 79f7744769bc
      sysname: Linux
      nodename: 79f7744769bc
      release: 6.8.0-1008-aws
      version: '#8-Ubuntu SMP Sat Apr 20 00:46:25 UTC 2024'
      machine: x86_64
      compiler: 'musl-gcc 13.2.1'
      uptime: 194
      totalram: 7266889728
      freeram: 2913464320
      sharedram: 32800768
      bufferram: 108982272
      totalswap: 0
      freeswap: 0
      pagesize: 4096
      cpus: 8
      cpus-online: 8
      ticks-per-second: 100

metrics:
    - stressor: cpu
      bogo-ops: 19038
      bogo-ops-per-second-usr-sys-time: 951.940933
      bogo-ops-per-second-real-time: 951.894179
      wall-clock-time: 20.000122
      user-time: 19.999140
      system-time: 0.000000
      cpu-usage-per-instance: 99.995088
      max-rss: 976

...
