---
system-info:
      stress-ng-version: 0.17.08
      run-by: root
      date-yyyy-mm-dd: 2024:06:04
      time-hh-mm-ss: 22:28:49
      epoch-secs: 1717540129
      hostname: ab85fa586bcf
      sysname: Linux
      nodename: ab85fa586bcf
      release: 6.8.0-1008-aws
      version: '#8-Ubuntu SMP Sat Apr 20 00:46:25 UTC 2024'
      machine: x86_64
      compiler: 'musl-gcc 13.2.1'
      uptime: 188
      totalram: 7266873344
      freeram: 3171094528
      sharedram: 32800768
      bufferram: 77053952
      totalswap: 0
      freeswap: 0
      pagesize: 4096
      cpus: 8
      cpus-online: 8
      ticks-per-second: 100

metrics:
    - stressor: cpu
      bogo-ops: 10280
      bogo-ops-per-second-usr-sys-time: 1028.028374
      bogo-ops-per-second-real-time: 1027.878374
      wall-clock-time: 10.001183
      user-time: 9.999724
      system-time: 0.000000
      cpu-usage-per-instance: 99.985409
      max-rss: 3920

...
