size_kb,operation,bandwidth_mb_s,latency_ns,latency_stddev_ns,latency_samples,threads,iterations,elapsed_s
32,read,1663456.92,0,0,0,48,462107,0.416699
32,write,1485026.47,0,0,0,48,359712,0.363339
32,copy,1064771.97,0,0,0,48,280269,0.394830
32,latency,0,1.54,0.03,7,1,7,0.222847
128,read,1666023.40,0,0,0,48,116931,0.421114
128,write,1475252.27,0,0,0,48,111012,0.451497
128,copy,1058626.79,0,0,0,48,53798,0.304912
128,latency,0,4.35,0.00,7,1,7,0.683364
512,read,1117217.90,0,0,0,48,30156,0.647809
512,write,1168472.16,0,0,0,48,29765,0.611362
512,copy,185659.20,0,0,0,48,15490,2.002379
512,latency,0,6.26,0.00,7,1,7,0.690866
1024,read,325799.34,0,0,0,48,12405,1.827628
1024,write,355506.69,0,0,0,48,11759,1.587683
1024,copy,109066.41,0,0,0,48,3258,1.433842
1024,latency,0,8.21,0.01,7,1,7,0.697446
2048,read,319123.76,0,0,0,48,2403,0.722879
2048,write,123992.40,0,0,0,48,2169,1.679329
2048,copy,58738.83,0,0,0,48,925,1.511777
2048,latency,0,16.70,0.02,7,1,7,0.685484
16384,read,145766.99,0,0,0,48,187,0.985244
16384,write,72653.92,0,0,0,48,162,1.712447
16384,copy,48768.73,0,0,0,48,92,1.448797
16384,latency,0,98.66,0.64,7,1,7,1.078718
32768,read,144627.16,0,0,0,48,96,1.019560
32768,write,72475.44,0,0,0,48,79,1.674278
32768,copy,48416.12,0,0,0,48,49,1.554523
32768,latency,0,105.60,0.41,7,1,7,2.314291
65536,read,146081.97,0,0,0,48,47,0.988377
65536,write,72494.72,0,0,0,48,41,1.737395
65536,copy,48812.51,0,0,0,48,25,1.573367
65536,latency,0,103.45,0.35,7,1,7,4.542060
131072,read,144546.64,0,0,0,48,23,0.977622
131072,write,72388.99,0,0,0,48,19,1.612621
131072,copy,49461.39,0,0,0,48,12,1.490617
131072,latency,0,105.91,0.23,7,1,7,9.328085
262144,read,146360.08,0,0,0,48,12,1.007488
262144,write,72167.28,0,0,0,48,9,1.532440
262144,copy,48409.58,0,0,0,48,6,1.523004
262144,latency,0,107.31,0.68,7,1,7,19.106198
