---
system-info:
      stress-ng-version: 0.17.08
      run-by: root
      date-yyyy-mm-dd: 2024:06:24
      time-hh-mm-ss: 08:40:06
      epoch-secs: 1719218406
      hostname: 924d5541f26c
      sysname: Linux
      nodename: 924d5541f26c
      release: 6.8.0-1008-gcp
      version: '#9-Ubuntu SMP Wed May 22 18:09:04 UTC 2024'
      machine: x86_64
      compiler: 'musl-gcc 13.2.1'
      uptime: 266
      totalram: 2060488704
      freeram: 227250176
      sharedram: 18194432
      bufferram: 123514880
      totalswap: 0
      freeswap: 0
      pagesize: 4096
      cpus: 2
      cpus-online: 2
      ticks-per-second: 100

metrics:
    - stressor: cpu
      bogo-ops: 13191
      bogo-ops-per-second-usr-sys-time: 659.974132
      bogo-ops-per-second-real-time: 659.547445
      wall-clock-time: 20.000077
      user-time: 19.971298
      system-time: 0.015849
      cpu-usage-per-instance: 99.935348
      max-rss: 1104

...
