BaselineInfo:
  WebDBID: -1
  TimeStamp: 20250426043235
Version:
  Major: 11
  Minor: 0
  Build: 1002
  SpecialBuildName: ""
  ptArchitecture: x86_64_linux
Results:
  Results Complete: true
  NumTestProcesses: 32
  CPU_INTEGER_MATH: 168376.87866666669
  CPU_FLOATINGPOINT_MATH: 119242.57505028079
  CPU_PRIME: 329.74253985418613
  CPU_SORTING: 83306.803923318075
  CPU_ENCRYPTION: 37015.682269931116
  CPU_COMPRESSION: 606174.75040046149
  CPU_SINGLETHREAD: 3215.887409586363
  CPU_PHYSICS: 7705.0919250942279
  CPU_MATRIX_MULT_SSE: 47717.113001671809
  CPU_mm: 4805.0572380735775
  CPU_sse: 20677.273575057192
  CPU_fma: 46145.152353189187
  CPU_avx: 41947.910921515562
  CPU_avx512: 82098.115156925371
  m_CPU_enc_SHA: 39187525464.24807
  m_CPU_enc_AES: 50993103424.826988
  m_CPU_enc_ECDSA: 26260639266.550816
  ME_ALLOC_S: 18580.075790112012
  ME_READ_S: 25295.620410156251
  ME_READ_L: 8186.74658203125
  ME_WRITE: 15773.685546875
  ME_LARGE: 242972.58333333334
  ME_LATENCY: 46.352649459575467
  ME_THREADED: 184415.4921875
  SUMM_CPU: 51588.242902333732
  SUMM_ME: 2828.1388514649384
SystemInformation:
  OSName: Ubuntu 24.04.2 LTS
  Kernel: 6.8.0-1027-aws
  Device: ""
  Processor: Intel Xeon Platinum 8559C
  NumSockets: 1
  Manufacturer: GenuineIntel
  NumCores: 16
  NumLogicals: 32
  CPUFrequency: 0
  Memory: 253668
  MemModuleInfo:
    iNumMemSticks: 1
    DIMM 1:
      manufacturer: Not Specified
      modulePartNo: Not Specified
      memType: DDR5
      size: 256
      clkspeed: 2800
      moduleVoltage: 0
Checksum: E056BA6ADDF6D39E733924739DDEF6E4942364AA