---
system-info:
      stress-ng-version: 0.17.08
      run-by: root
      date-yyyy-mm-dd: 2024:06:14
      time-hh-mm-ss: 15:45:28
      epoch-secs: 1718379928
      hostname: c599ccec0ef7
      sysname: Linux
      nodename: c599ccec0ef7
      release: 6.8.0-1008-aws
      version: '#8-Ubuntu SMP Sat Apr 20 00:46:25 UTC 2024'
      machine: x86_64
      compiler: 'musl-gcc 13.2.1'
      uptime: 415
      totalram: 1740587008
      freeram: 106389504
      sharedram: 32731136
      bufferram: 95621120
      totalswap: 939520000
      freeswap: 939257856
      pagesize: 4096
      cpus: 1
      cpus-online: 1
      ticks-per-second: 100

metrics:
    - stressor: cpu
      bogo-ops: 18515
      bogo-ops-per-second-usr-sys-time: 946.490397
      bogo-ops-per-second-real-time: 925.655620
      wall-clock-time: 20.002039
      user-time: 19.556191
      system-time: 0.005550
      cpu-usage-per-instance: 97.798733
      max-rss: 1104

...
