---
system-info:
      stress-ng-version: 0.17.08
      run-by: root
      date-yyyy-mm-dd: 2024:06:07
      time-hh-mm-ss: 16:31:06
      epoch-secs: 1717777866
      hostname: 354ae82aeff1
      sysname: Linux
      nodename: 354ae82aeff1
      release: 6.8.0-1008-aws
      version: '#8-Ubuntu SMP Sat Apr 20 00:46:25 UTC 2024'
      machine: x86_64
      compiler: 'musl-gcc 13.2.1'
      uptime: 402
      totalram: 1740582912
      freeram: 94941184
      sharedram: 32710656
      bufferram: 84783104
      totalswap: 939520000
      freeswap: 939257856
      pagesize: 4096
      cpus: 1
      cpus-online: 1
      ticks-per-second: 100

metrics:
    - stressor: cpu
      bogo-ops: 9934
      bogo-ops-per-second-usr-sys-time: 1020.811966
      bogo-ops-per-second-real-time: 993.295089
      wall-clock-time: 10.001056
      user-time: 9.730383
      system-time: 0.001086
      cpu-usage-per-instance: 97.304413
      max-rss: 4048

...
