BaselineInfo:
  WebDBID: -1
  TimeStamp: 20241108075016
Version:
  Major: 11
  Minor: 0
  Build: 1002
  SpecialBuildName: ""
  ptArchitecture: x86_64_linux
Results:
  Results Complete: true
  NumTestProcesses: 16
  CPU_INTEGER_MATH: 67341.298999999985
  CPU_FLOATINGPOINT_MATH: 34428.539516215031
  CPU_PRIME: 139.16970852991849
  CPU_SORTING: 34959.356048317211
  CPU_ENCRYPTION: 14594.351390074238
  CPU_COMPRESSION: 246325.45115339541
  CPU_SINGLETHREAD: 2412.7606294329053
  CPU_PHYSICS: 2295.3020991550047
  CPU_MATRIX_MULT_SSE: 14382.653773492206
  CPU_mm: 1449.14086285295
  CPU_sse: 6383.1240816392165
  CPU_fma: 17546.844345426758
  CPU_avx: 12957.115365291835
  CPU_avx512: 20643.531301611016
  m_CPU_enc_SHA: 14775379645.16667
  m_CPU_enc_AES: 22245239977.875393
  m_CPU_enc_ECDSA: 8889240186.5534
  ME_ALLOC_S: 8060.7373355002983
  ME_READ_S: 24320.661718750001
  ME_READ_L: 12066.630859375
  ME_WRITE: 10933.083984375
  ME_LARGE: 53984.166666666664
  ME_LATENCY: 51.492354788667036
  ME_THREADED: 92502.58447265625
  SUMM_CPU: 21254.078624478214
  SUMM_ME: 2717.9387475832459
SystemInformation:
  OSName: Ubuntu 24.04.1 LTS
  Kernel: 6.8.0-1017-azure
  Device: ""
  Processor: Intel Xeon Platinum 8370C CPU @ 2.80GHz
  NumSockets: 1
  Manufacturer: GenuineIntel
  NumCores: 8
  NumLogicals: 16
  CPUFrequency: 2800
  Memory: 64296
  MemModuleInfo:
    iNumMemSticks: 3
    DIMM 1:
      manufacturer: Microsoft Corporation
      modulePartNo: None
      memType: Unknown
      size: 1
      clkspeed: 0
      moduleVoltage: 0
    DIMM 2:
      manufacturer: Microsoft Corporation
      modulePartNo: None
      memType: Unknown
      size: 59
      clkspeed: 0
      moduleVoltage: 0
    DIMM 3:
      manufacturer: Microsoft Corporation
      modulePartNo: None
      memType: Unknown
      size: 4
      clkspeed: 0
      moduleVoltage: 0
Checksum: 4E208F0E514BD5B159A225ABE41A2046B623E7CD