---
system-info:
      stress-ng-version: 0.17.08
      run-by: root
      date-yyyy-mm-dd: 2024:06:14
      time-hh-mm-ss: 14:21:23
      epoch-secs: 1718374883
      hostname: 60cba2a73ce9
      sysname: Linux
      nodename: 60cba2a73ce9
      release: 6.8.0-1008-aws
      version: '#8-Ubuntu SMP Sat Apr 20 02:43:14 UTC 2024'
      machine: aarch64
      compiler: 'musl-gcc 13.2.1'
      uptime: 157
      totalram: 33023414272
      freeram: 28692168704
      sharedram: 34996224
      bufferram: 108789760
      totalswap: 0
      freeswap: 0
      pagesize: 4096
      cpus: 8
      cpus-online: 8
      ticks-per-second: 100

metrics:
    - stressor: cpu
      bogo-ops: 30394
      bogo-ops-per-second-usr-sys-time: 1519.681688
      bogo-ops-per-second-real-time: 1519.696793
      wall-clock-time: 20.000042
      user-time: 20.000241
      system-time: 0.000000
      cpu-usage-per-instance: 100.000994
      max-rss: 1192

...
