---
system-info:
      stress-ng-version: 0.17.08
      run-by: root
      date-yyyy-mm-dd: 2024:06:07
      time-hh-mm-ss: 14:57:17
      epoch-secs: 1717772237
      hostname: 2fc19cd28a70
      sysname: Linux
      nodename: 2fc19cd28a70
      release: 6.8.0-1008-aws
      version: '#8-Ubuntu SMP Sat Apr 20 02:43:14 UTC 2024'
      machine: aarch64
      compiler: 'musl-gcc 13.2.1'
      uptime: 132
      totalram: 33023422464
      freeram: 28773789696
      sharedram: 34996224
      bufferram: 91213824
      totalswap: 0
      freeswap: 0
      pagesize: 4096
      cpus: 8
      cpus-online: 8
      ticks-per-second: 100

metrics:
    - stressor: cpu
      bogo-ops: 2940
      bogo-ops-per-second-usr-sys-time: 292.747043
      bogo-ops-per-second-real-time: 292.742826
      wall-clock-time: 10.042945
      user-time: 10.042800
      system-time: 0.000000
      cpu-usage-per-instance: 99.998559
      max-rss: 4008

...
