---
system-info:
      stress-ng-version: 0.17.08
      run-by: root
      date-yyyy-mm-dd: 2024:06:05
      time-hh-mm-ss: 05:06:04
      epoch-secs: 1717563964
      hostname: 369ee9f6845c
      sysname: Linux
      nodename: 369ee9f6845c
      release: 6.8.0-1008-aws
      version: '#8-Ubuntu SMP Sat Apr 20 00:46:25 UTC 2024'
      machine: x86_64
      compiler: 'musl-gcc 13.2.1'
      uptime: 161
      totalram: 63253164032
      freeram: 58789879808
      sharedram: 53891072
      bufferram: 80031744
      totalswap: 0
      freeswap: 0
      pagesize: 4096
      cpus: 32
      cpus-online: 32
      ticks-per-second: 100

metrics:
    - stressor: cpu
      bogo-ops: 13858
      bogo-ops-per-second-usr-sys-time: 1385.614882
      bogo-ops-per-second-real-time: 1385.563606
      wall-clock-time: 10.001706
      user-time: 9.999337
      system-time: 0.001999
      cpu-usage-per-instance: 99.996299
      max-rss: 3848

...
