---
system-info:
      stress-ng-version: 0.17.08
      run-by: root
      date-yyyy-mm-dd: 2024:06:14
      time-hh-mm-ss: 01:21:01
      epoch-secs: 1718328061
      hostname: fdfe42cd0bc4
      sysname: Linux
      nodename: fdfe42cd0bc4
      release: 6.8.0-1008-aws
      version: '#8-Ubuntu SMP Sat Apr 20 00:46:25 UTC 2024'
      machine: x86_64
      compiler: 'musl-gcc 13.2.1'
      uptime: 182
      totalram: 63253159936
      freeram: 58500452352
      sharedram: 53891072
      bufferram: 112070656
      totalswap: 0
      freeswap: 0
      pagesize: 4096
      cpus: 32
      cpus-online: 32
      ticks-per-second: 100

metrics:
    - stressor: cpu
      bogo-ops: 25579
      bogo-ops-per-second-usr-sys-time: 1279.012544
      bogo-ops-per-second-real-time: 1278.944588
      wall-clock-time: 20.000085
      user-time: 19.999022
      system-time: 0.000000
      cpu-usage-per-instance: 99.994687
      max-rss: 1032

...
