---
system-info:
      stress-ng-version: 0.17.08
      run-by: root
      date-yyyy-mm-dd: 2024:06:05
      time-hh-mm-ss: 14:32:01
      epoch-secs: 1717597921
      hostname: 93f5a6df3ee0
      sysname: Linux
      nodename: 93f5a6df3ee0
      release: 6.8.0-1008-aws
      version: '#8-Ubuntu SMP Sat Apr 20 00:46:25 UTC 2024'
      machine: x86_64
      compiler: 'musl-gcc 13.2.1'
      uptime: 113
      totalram: 148816408576
      freeram: 143969878016
      sharedram: 55767040
      bufferram: 77471744
      totalswap: 0
      freeswap: 0
      pagesize: 4096
      cpus: 72
      cpus-online: 72
      ticks-per-second: 100

metrics:
    - stressor: cpu
      bogo-ops: 805066
      bogo-ops-per-second-usr-sys-time: 1118.973152
      bogo-ops-per-second-real-time: 80493.462681
      wall-clock-time: 10.001632
      user-time: 719.357621
      system-time: 0.110937
      cpu-usage-per-instance: 99.909882
      max-rss: 3456

...
