---
system-info:
      stress-ng-version: 0.17.08
      run-by: root
      date-yyyy-mm-dd: 2024:06:12
      time-hh-mm-ss: 15:08:44
      epoch-secs: 1718204924
      hostname: 0a2af36420ce
      sysname: Linux
      nodename: 0a2af36420ce
      release: 6.8.0-1008-aws
      version: '#8-Ubuntu SMP Sat Apr 20 00:46:25 UTC 2024'
      machine: x86_64
      compiler: 'musl-gcc 13.2.1'
      uptime: 163
      totalram: 147759443968
      freeram: 142699257856
      sharedram: 55767040
      bufferram: 110759936
      totalswap: 0
      freeswap: 0
      pagesize: 4096
      cpus: 72
      cpus-online: 72
      ticks-per-second: 100

metrics:
    - stressor: cpu
      bogo-ops: 1181480
      bogo-ops-per-second-usr-sys-time: 820.850801
      bogo-ops-per-second-real-time: 59073.953355
      wall-clock-time: 20.000016
      user-time: 1439.296893
      system-time: 0.038974
      cpu-usage-per-instance: 99.953801
      max-rss: 576

...
