---
system-info:
      stress-ng-version: 0.17.08
      run-by: root
      date-yyyy-mm-dd: 2024:06:12
      time-hh-mm-ss: 18:27:30
      epoch-secs: 1718216850
      hostname: dd8fbfa103d5
      sysname: Linux
      nodename: dd8fbfa103d5
      release: 6.8.0-1008-aws
      version: '#8-Ubuntu SMP Sat Apr 20 00:46:25 UTC 2024'
      machine: x86_64
      compiler: 'musl-gcc 13.2.1'
      uptime: 124
      totalram: 147759415296
      freeram: 142709456896
      sharedram: 55767040
      bufferram: 110813184
      totalswap: 0
      freeswap: 0
      pagesize: 4096
      cpus: 72
      cpus-online: 72
      ticks-per-second: 100

metrics:
    - stressor: cpu
      bogo-ops: 1334702
      bogo-ops-per-second-usr-sys-time: 927.325237
      bogo-ops-per-second-real-time: 66734.791419
      wall-clock-time: 20.000092
      user-time: 1439.254027
      system-time: 0.048977
      cpu-usage-per-instance: 99.951135
      max-rss: 576

...
