---
system-info:
      stress-ng-version: 0.17.08
      run-by: root
      date-yyyy-mm-dd: 2024:06:08
      time-hh-mm-ss: 21:18:33
      epoch-secs: 1717881513
      hostname: ac60527fe89c
      sysname: Linux
      nodename: ac60527fe89c
      release: 6.8.0-1008-aws
      version: '#8-Ubuntu SMP Sat Apr 20 02:43:14 UTC 2024'
      machine: aarch64
      compiler: 'musl-gcc 13.2.1'
      uptime: 108
      totalram: 269699964928
      freeram: 264405704704
      sharedram: 35700736
      bufferram: 104828928
      totalswap: 0
      freeswap: 0
      pagesize: 4096
      cpus: 64
      cpus-online: 64
      ticks-per-second: 100

metrics:
    - stressor: cpu
      bogo-ops: 273038
      bogo-ops-per-second-usr-sys-time: 425.090843
      bogo-ops-per-second-real-time: 27191.333913
      wall-clock-time: 10.041361
      user-time: 642.262082
      system-time: 0.042979
      cpu-usage-per-instance: 99.946776
      max-rss: 3584

...
