---
system-info:
      stress-ng-version: 0.17.08
      run-by: root
      date-yyyy-mm-dd: 2024:06:15
      time-hh-mm-ss: 05:54:53
      epoch-secs: 1718430893
      hostname: fd33cb5004a1
      sysname: Linux
      nodename: fd33cb5004a1
      release: 6.8.0-1008-aws
      version: '#8-Ubuntu SMP Sat Apr 20 02:43:14 UTC 2024'
      machine: aarch64
      compiler: 'musl-gcc 13.2.1'
      uptime: 110
      totalram: 269699964928
      freeram: 264680128512
      sharedram: 35700736
      bufferram: 107393024
      totalswap: 0
      freeswap: 0
      pagesize: 4096
      cpus: 64
      cpus-online: 64
      ticks-per-second: 100

metrics:
    - stressor: cpu
      bogo-ops: 1961357
      bogo-ops-per-second-usr-sys-time: 1532.728184
      bogo-ops-per-second-real-time: 98067.530373
      wall-clock-time: 20.000065
      user-time: 1279.627920
      system-time: 0.022980
      cpu-usage-per-instance: 99.972401
      max-rss: 1024

...
