BaselineInfo:
  WebDBID: -1
  TimeStamp: 20251104233837
Version:
  Major: 11
  Minor: 0
  Build: 1002
  SpecialBuildName: ""
  ptArchitecture: x86_64_linux
Results:
  Results Complete: true
  NumTestProcesses: 48
  CPU_INTEGER_MATH: 362781.31599999999
  CPU_FLOATINGPOINT_MATH: 363478.03318694548
  CPU_PRIME: 1260.9342262987277
  CPU_SORTING: 203587.26793801479
  CPU_ENCRYPTION: 75609.872654937426
  CPU_COMPRESSION: 1473341.5352143249
  CPU_SINGLETHREAD: 3833.4473367914693
  CPU_PHYSICS: 17161.621224148839
  CPU_MATRIX_MULT_SSE: 125933.33510029655
  CPU_mm: 14895.886915015217
  CPU_sse: 47068.885828513914
  CPU_fma: 170153.02264982439
  CPU_avx: 96191.319464483153
  CPU_avx512: 190320.11245836472
  m_CPU_enc_SHA: 105103425487.05283
  m_CPU_enc_AES: 65702061264.043915
  m_CPU_enc_ECDSA: 67042606735.974251
  ME_ALLOC_S: 41572.760954277051
  ME_READ_S: 33981.2841796875
  ME_READ_L: 32623.578125
  ME_WRITE: 33033.23828125
  ME_LARGE: 367639.58333333331
  ME_LATENCY: 84.961066568914433
  ME_THREADED: 384018.9736328125
  SUMM_CPU: 102262.63833902229
  SUMM_ME: 2852.5160788350977
SystemInformation:
  OSName: Ubuntu 24.04.2 LTS
  Kernel: 6.14.0-1015-aws
  Device: ""
  Processor: AMD EPYC 9R45
  NumSockets: 1
  Manufacturer: AuthenticAMD
  NumCores: 48
  NumLogicals: 48
  CPUFrequency: 0
  Memory: 379660
  MemModuleInfo:
    iNumMemSticks: 1
    DIMM 1:
      manufacturer: Not Specified
      modulePartNo: Not Specified
      memType: DDR5
      size: 384
      clkspeed: 3200
      moduleVoltage: 0
Checksum: 1B1934937F9D87036BF90A4F76F8B1FACBC5E9EB