---
system-info:
      stress-ng-version: 0.17.08
      run-by: root
      date-yyyy-mm-dd: 2024:07:03
      time-hh-mm-ss: 13:16:18
      epoch-secs: 1720012578
      hostname: c3d-highmem-90-63f6aee
      sysname: Linux
      nodename: c3d-highmem-90-63f6aee
      release: 6.8.0-1009-gcp
      version: '#10-Ubuntu SMP Wed Jun 12 18:52:23 UTC 2024'
      machine: x86_64
      compiler: 'musl-gcc 13.2.1'
      uptime: 128
      totalram: 760457162752
      freeram: 754758656000
      sharedram: 35733504
      bufferram: 131088384
      totalswap: 0
      freeswap: 0
      pagesize: 4096
      cpus: 90
      cpus-online: 90
      ticks-per-second: 100

metrics:
    - stressor: cpu
      bogo-ops: 2585092
      bogo-ops-per-second-usr-sys-time: 1436.728466
      bogo-ops-per-second-real-time: 129254.201473
      wall-clock-time: 20.000062
      user-time: 1799.249608
      system-time: 0.040975
      cpu-usage-per-instance: 99.960280
      max-rss: 720

...
