---
system-info:
      stress-ng-version: 0.17.08
      run-by: root
      date-yyyy-mm-dd: 2024:07:02
      time-hh-mm-ss: 23:51:16
      epoch-secs: 1719964276
      hostname: c3d-standard-60-lssd-da1d658
      sysname: Linux
      nodename: c3d-standard-60-lssd-da1d658
      release: 6.8.0-1009-gcp
      version: '#10-Ubuntu SMP Wed Jun 12 18:52:23 UTC 2024'
      machine: x86_64
      compiler: 'musl-gcc 13.2.1'
      uptime: 123
      totalram: 253328830464
      freeram: 247877808128
      sharedram: 35500032
      bufferram: 129196032
      totalswap: 0
      freeswap: 0
      pagesize: 4096
      cpus: 60
      cpus-online: 60
      ticks-per-second: 100

metrics:
    - stressor: cpu
      bogo-ops: 1721798
      bogo-ops-per-second-usr-sys-time: 1435.808331
      bogo-ops-per-second-real-time: 86089.755467
      wall-clock-time: 20.000034
      user-time: 1199.146753
      system-time: 0.036984
      cpu-usage-per-instance: 99.931810
      max-rss: 480

...
