---
system-info:
      stress-ng-version: 0.17.08
      run-by: root
      date-yyyy-mm-dd: 2024:06:08
      time-hh-mm-ss: 03:55:36
      epoch-secs: 1717818936
      hostname: 059f8062a9b8
      sysname: Linux
      nodename: 059f8062a9b8
      release: 6.8.0-1008-aws
      version: '#8-Ubuntu SMP Sat Apr 20 00:46:25 UTC 2024'
      machine: x86_64
      compiler: 'musl-gcc 13.2.1'
      uptime: 139
      totalram: 535313932288
      freeram: 529925787648
      sharedram: 78520320
      bufferram: 98762752
      totalswap: 0
      freeswap: 0
      pagesize: 4096
      cpus: 64
      cpus-online: 64
      ticks-per-second: 100

metrics:
    - stressor: cpu
      bogo-ops: 14379
      bogo-ops-per-second-usr-sys-time: 1437.219333
      bogo-ops-per-second-real-time: 1437.200709
      wall-clock-time: 10.004866
      user-time: 10.003737
      system-time: 0.000999
      cpu-usage-per-instance: 99.998704
      max-rss: 3584

...
