size_kb,operation,bandwidth_mb_s,latency_ns,latency_stddev_ns,latency_samples,threads,iterations,elapsed_s
32,read,6180391.66,0,0,0,128,720460,0.466288
32,write,3774776.97,0,0,0,128,511247,0.541751
32,copy,2996570.81,0,0,0,128,300480,0.401098
32,latency,0,1.30,0.00,7,1,7,0.187542
128,read,6179058.04,0,0,0,128,157828,0.408678
128,write,3800336.40,0,0,0,128,108648,0.457425
128,copy,3078765.22,0,0,0,128,88339,0.459088
128,latency,0,3.58,0.00,7,1,7,0.689130
1024,read,2300871.02,0,0,0,128,18389,1.023000
1024,write,2291796.62,0,0,0,128,13499,0.753938
1024,copy,421160.28,0,0,0,128,5612,1.705612
1024,latency,0,6.63,0.01,7,1,7,0.657875
2048,read,771901.87,0,0,0,128,3381,1.121303
2048,write,1264370.18,0,0,0,128,4713,0.954252
2048,copy,352300.77,0,0,0,128,1433,1.041292
2048,latency,0,12.00,0.01,7,1,7,0.625455
4096,read,828920.68,0,0,0,128,1593,0.983949
4096,write,668249.86,0,0,0,128,1757,1.346179
4096,copy,154660.88,0,0,0,128,640,2.118700
4096,latency,0,23.99,0.03,7,1,7,0.686854
131072,read,380508.26,0,0,0,128,34,1.463979
131072,write,322297.44,0,0,0,128,23,1.169206
131072,copy,104128.42,0,0,0,128,17,2.674851
131072,latency,0,38.56,0.05,7,1,7,3.460731
262144,read,359574.31,0,0,0,128,17,1.549210
262144,write,312188.43,0,0,0,128,11,1.154585
262144,copy,98121.27,0,0,0,64,8,1.335816
262144,latency,0,87.98,0.04,7,1,7,15.253968
524288,read,322470.27,0,0,0,64,8,0.812925
524288,write,263994.49,0,0,0,64,5,0.620619
524288,copy,104627.50,0,0,0,32,4,0.626375
524288,latency,0,114.17,0.02,7,1,7,39.411740
