BaselineInfo:
  WebDBID: -1
  TimeStamp: 20260613000218
Version:
  Major: 11
  Minor: 0
  Build: 1004
  SpecialBuildName: ""
  ptArchitecture: x86_64_linux
Results:
  Results Complete: true
  NumTestProcesses: 32
  CPU_INTEGER_MATH: 196430.91933333341
  CPU_FLOATINGPOINT_MATH: 179300.22492020472
  CPU_PRIME: 613.09008679827502
  CPU_SORTING: 122137.51653737164
  CPU_ENCRYPTION: 41909.510855546949
  CPU_COMPRESSION: 847441.97562332149
  CPU_SINGLETHREAD: 2958.0744019448007
  CPU_PHYSICS: 11135.472560840381
  CPU_MATRIX_MULT_SSE: 81111.792699594633
  CPU_mm: 8425.8413198302333
  CPU_sse: 38215.336201729588
  CPU_fma: 109942.46111174233
  CPU_avx: 95177.580785311962
  CPU_avx512: 0
  m_CPU_enc_SHA: 58314169538.680305
  m_CPU_enc_AES: 37300103288.791481
  m_CPU_enc_ECDSA: 36221648937.12619
  ME_ALLOC_S: 14805.098742121703
  ME_READ_S: 27988.3515625
  ME_READ_L: 22723.87109375
  ME_WRITE: 19343.662109375
  ME_LARGE: 119217.5
  ME_LATENCY: 90.950060962940242
  ME_THREADED: 612350.3271484375
  SUMM_CPU: 63947.138078840144
  SUMM_ME: 2469.2910399431075
SystemInformation:
  OSName: Ubuntu 24.04.4 LTS
  Kernel: 6.8.0-124-generic
  Device: ""
  Processor: AMD EPYC-Milan Processor
  NumSockets: 2
  Manufacturer: AuthenticAMD
  NumCores: 16
  NumLogicals: 32
  CPUFrequency: 0
  CPUMaxFrequency: 0
  Memory: 128800
  CPUInfo:
    number: 2
    Family: 15
    Model: 1
    stepping: 1
    features: 395049983
    manufacture: AuthenticAMD
    typestring: AMD EPYC-Milan Processor
    iCoresPerPackage: 8
    iThreadsPerPackage: 2
    featuresEx:
      - 395049983
      - 4277809667
      - 802421759
    bHybrid: false
    nPCore: 0
    nLogicalsPerPCore: 0
    nECore: 0
    nLogicalsPerECore: 0
  MemModuleInfo:
    iNumMemSticks: 8
    DIMM 1:
      manufacturer: QEMU
      modulePartNo: Not Specified
      memType: RAM
      size: 16
      clkspeed: 0
      moduleVoltage: 0
    DIMM 2:
      manufacturer: QEMU
      modulePartNo: Not Specified
      memType: RAM
      size: 16
      clkspeed: 0
      moduleVoltage: 0
    DIMM 3:
      manufacturer: QEMU
      modulePartNo: Not Specified
      memType: RAM
      size: 16
      clkspeed: 0
      moduleVoltage: 0
    DIMM 4:
      manufacturer: QEMU
      modulePartNo: Not Specified
      memType: RAM
      size: 16
      clkspeed: 0
      moduleVoltage: 0
    DIMM 5:
      manufacturer: QEMU
      modulePartNo: Not Specified
      memType: RAM
      size: 16
      clkspeed: 0
      moduleVoltage: 0
    DIMM 6:
      manufacturer: QEMU
      modulePartNo: Not Specified
      memType: RAM
      size: 16
      clkspeed: 0
      moduleVoltage: 0
    DIMM 7:
      manufacturer: QEMU
      modulePartNo: Not Specified
      memType: RAM
      size: 16
      clkspeed: 0
      moduleVoltage: 0
    DIMM 8:
      manufacturer: QEMU
      modulePartNo: Not Specified
      memType: RAM
      size: 16
      clkspeed: 0
      moduleVoltage: 0
Checksum: 17E86F659E05C5805268583BD2B43350EC9995C6