size_kb,operation,bandwidth_mb_s,latency_ns,latency_stddev_ns,latency_samples,threads,iterations,elapsed_s
32,read,299544.10,0,0,0,4,465549,0.194274
32,write,338263.37,0,0,0,4,584112,0.215850
32,copy,251269.32,0,0,0,4,325097,0.161727
32,latency,0,2.15,0.00,7,1,7,0.308750
128,read,248038.14,0,0,0,4,123031,0.248008
128,write,306607.02,0,0,0,4,149521,0.243832
128,copy,175769.07,0,0,0,4,83752,0.238244
128,latency,0,2.85,0.02,7,1,7,0.660218
1024,read,224116.60,0,0,0,4,16189,0.288939
1024,write,292671.93,0,0,0,4,21161,0.289211
1024,copy,133397.88,0,0,0,4,14330,0.429692
1024,latency,0,5.78,0.01,7,1,7,0.703078
2048,read,176199.58,0,0,0,4,8652,0.392827
2048,write,291244.93,0,0,0,4,5704,0.156679
2048,copy,86263.48,0,0,0,4,5134,0.476123
2048,latency,0,10.19,0.09,7,1,7,0.646200
4096,read,133308.78,0,0,0,4,3019,0.362347
4096,write,164588.96,0,0,0,4,4866,0.473033
4096,copy,67057.07,0,0,0,4,2229,0.531846
4096,latency,0,19.06,0.16,7,1,7,0.720852
8192,read,107091.78,0,0,0,4,1264,0.377695
8192,write,116165.58,0,0,0,4,2231,0.614571
8192,copy,62589.79,0,0,0,4,825,0.421794
8192,latency,0,63.79,17.21,21,1,21,2.070328
16384,read,95929.09,0,0,0,4,518,0.345589
16384,write,100426.48,0,0,0,4,1069,0.681255
16384,copy,60802.20,0,0,0,4,405,0.426300
16384,latency,0,98.13,4.71,7,1,7,1.088605
32768,read,90320.72,0,0,0,4,219,0.310361
32768,write,94080.20,0,0,0,4,484,0.658502
32768,copy,60465.62,0,0,0,4,202,0.427615
32768,latency,0,106.63,1.81,7,1,7,2.400106
65536,read,89568.39,0,0,0,4,114,0.325829
65536,write,91180.31,0,0,0,4,254,0.713136
65536,copy,58120.78,0,0,0,4,99,0.436057
65536,latency,0,113.53,0.68,7,1,7,5.178014
131072,read,88109.98,0,0,0,4,54,0.313790
131072,write,89987.56,0,0,0,4,123,0.699830
131072,copy,59552.55,0,0,0,4,50,0.429872
131072,latency,0,115.83,0.45,7,1,7,10.635783
