BaselineInfo:
  WebDBID: -1
  TimeStamp: 20241108043849
Version:
  Major: 11
  Minor: 0
  Build: 1002
  SpecialBuildName: ""
  ptArchitecture: x86_64_linux
Results:
  Results Complete: true
  NumTestProcesses: 8
  CPU_INTEGER_MATH: 33435.462000000007
  CPU_FLOATINGPOINT_MATH: 17093.020273927126
  CPU_PRIME: 66.55187894119706
  CPU_SORTING: 17417.398439018736
  CPU_ENCRYPTION: 7289.7986974978676
  CPU_COMPRESSION: 124916.4124019552
  CPU_SINGLETHREAD: 2360.1129640591816
  CPU_PHYSICS: 1285.7735590454695
  CPU_MATRIX_MULT_SSE: 6914.1594641063348
  CPU_mm: 720.71287030944188
  CPU_sse: 3161.7061897422363
  CPU_fma: 8719.8307509795304
  CPU_avx: 6432.9619762075963
  CPU_avx512: 9342.1389394959806
  m_CPU_enc_SHA: 7339327859.0648022
  m_CPU_enc_AES: 11038283438.328724
  m_CPU_enc_ECDSA: 4554112579.6890478
  ME_ALLOC_S: 3864.4131942713775
  ME_READ_S: 24349.6865234375
  ME_READ_L: 10092.2783203125
  ME_WRITE: 9499.1298828125
  ME_LARGE: 53178.25
  ME_LATENCY: 67.168217627484566
  ME_THREADED: 46647.59228515625
  SUMM_CPU: 11254.455455457752
  SUMM_ME: 2200.8619116255786
SystemInformation:
  OSName: Ubuntu 24.04.1 LTS
  Kernel: 6.8.0-1016-aws
  Device: ""
  Processor: Intel Xeon Platinum 8375C CPU @ 2.90GHz
  NumSockets: 1
  Manufacturer: GenuineIntel
  NumCores: 4
  NumLogicals: 8
  CPUFrequency: 0
  Memory: 63260
  MemModuleInfo:
    iNumMemSticks: 1
    DIMM 1:
      manufacturer: Not Specified
      modulePartNo: Not Specified
      memType: DDR4
      size: 64
      clkspeed: 1600
      moduleVoltage: 0
Checksum: 215B456E145BC900C9918990BACB09DA9774D4E7