BaselineInfo:
  WebDBID: -1
  TimeStamp: 20241107202140
Version:
  Major: 11
  Minor: 0
  Build: 1002
  SpecialBuildName: ""
  ptArchitecture: x86_64_linux
Results:
  Results Complete: true
  NumTestProcesses: 4
  CPU_INTEGER_MATH: 13348.710000000001
  CPU_FLOATINGPOINT_MATH: 8000.5109869690641
  CPU_PRIME: 31.620511176859797
  CPU_SORTING: 8735.464127378269
  CPU_ENCRYPTION: 4238.6248150086867
  CPU_COMPRESSION: 60933.74110724339
  CPU_SINGLETHREAD: 2127.7042498894107
  CPU_PHYSICS: 563.97031842347815
  CPU_MATRIX_MULT_SSE: 3578.5942718135616
  CPU_mm: 400.49626091939433
  CPU_sse: 1651.975123275663
  CPU_fma: 5358.3766063688363
  CPU_avx: 3725.4310857961846
  CPU_avx512: 0
  m_CPU_enc_SHA: 5996858482.2954369
  m_CPU_enc_AES: 4117745743.0521798
  m_CPU_enc_ECDSA: 3218956536.7200284
  ME_ALLOC_S: 1432.0307130247029
  ME_READ_S: 24346.6025390625
  ME_READ_L: 12670.6201171875
  ME_WRITE: 13007.8359375
  ME_LARGE: 3135.75
  ME_LATENCY: 53.28588612919291
  ME_THREADED: 30869.318359375
  SUMM_CPU: 5574.0791474381958
  SUMM_ME: 1936.0362521263062
SystemInformation:
  OSName: Ubuntu 24.04.1 LTS
  Kernel: 6.8.0-1016-aws
  Device: ""
  Processor: AMD EPYC 7R32
  NumSockets: 1
  Manufacturer: AuthenticAMD
  NumCores: 2
  NumLogicals: 4
  CPUFrequency: 0
  Memory: 15363
  MemModuleInfo:
    iNumMemSticks: 1
    DIMM 1:
      manufacturer: Not Specified
      modulePartNo: Not Specified
      memType: DDR4
      size: 16
      clkspeed: 1466
      moduleVoltage: 0
Checksum: 57CD685ACD83819AD791D86B3E9A77541B93B1FC