BaselineInfo:
  WebDBID: -1
  TimeStamp: 20250116235002
Version:
  Major: 11
  Minor: 0
  Build: 1002
  SpecialBuildName: ""
  ptArchitecture: x86_64_linux
Results:
  Results Complete: true
  NumTestProcesses: 48
  CPU_INTEGER_MATH: 240474.37299999996
  CPU_FLOATINGPOINT_MATH: 171131.05835441378
  CPU_PRIME: 380.01548216700354
  CPU_SORTING: 115882.48771073592
  CPU_ENCRYPTION: 52712.566943136044
  CPU_COMPRESSION: 862699.06120351213
  CPU_SINGLETHREAD: 3091.1690407333795
  CPU_PHYSICS: 7611.9390907634324
  CPU_MATRIX_MULT_SSE: 66337.721606832391
  CPU_mm: 6796.135945571923
  CPU_sse: 29520.03996762064
  CPU_fma: 70456.14360505584
  CPU_avx: 59049.172248873256
  CPU_avx512: 106325.53060577983
  m_CPU_enc_SHA: 55995761924.276497
  m_CPU_enc_AES: 72708260264.364349
  m_CPU_enc_ECDSA: 37115375596.256638
  ME_ALLOC_S: 24332.464459780738
  ME_READ_S: 26840.3349609375
  ME_READ_L: 9242.6787109375
  ME_WRITE: 13460.322265625
  ME_LARGE: 82027.75
  ME_LATENCY: 72.25381285792615
  ME_THREADED: 225339.544921875
  SUMM_CPU: 65056.317959291249
  SUMM_ME: 2378.4810066689329
SystemInformation:
  OSName: Ubuntu 24.04.1 LTS
  Kernel: 6.8.0-1021-aws
  Device: ""
  Processor: Intel Xeon Platinum 8488C
  NumSockets: 1
  Manufacturer: GenuineIntel
  NumCores: 24
  NumLogicals: 48
  CPUFrequency: 0
  Memory: 94996
  MemModuleInfo:
    iNumMemSticks: 1
    DIMM 1:
      manufacturer: Not Specified
      modulePartNo: Not Specified
      memType: DDR5
      size: 96
      clkspeed: 2400
      moduleVoltage: 0
Checksum: B5D2887B9A04FD9C579A7F317D03A825858C3321