---
system-info:
      stress-ng-version: 0.17.08
      run-by: root
      date-yyyy-mm-dd: 2024:08:30
      time-hh-mm-ss: 14:05:56
      epoch-secs: 1725026756
      hostname: sc-runner
      sysname: Linux
      nodename: sc-runner
      release: 6.8.0-1013-azure
      version: '#15-Ubuntu SMP Thu Aug  8 18:40:40 UTC 2024'
      machine: x86_64
      compiler: 'musl-gcc 13.2.1'
      uptime: 333
      totalram: 16766066688
      freeram: 8345006080
      sharedram: 38117376
      bufferram: 200650752
      totalswap: 0
      freeswap: 0
      pagesize: 4096
      cpus: 4
      cpus-online: 4
      ticks-per-second: 100

metrics:
    - stressor: cpu
      bogo-ops: 107891
      bogo-ops-per-second-usr-sys-time: 1356.784328
      bogo-ops-per-second-real-time: 5394.530997
      wall-clock-time: 20.000070
      user-time: 79.499657
      system-time: 0.019982
      cpu-usage-per-instance: 99.399199
      max-rss: 3252

...
