BaselineInfo:
  WebDBID: -1
  TimeStamp: 20241108032405
Version:
  Major: 11
  Minor: 0
  Build: 1002
  SpecialBuildName: ""
  ptArchitecture: x86_64_linux
Results:
  Results Complete: true
  NumTestProcesses: 8
  CPU_INTEGER_MATH: 26910.183333333334
  CPU_FLOATINGPOINT_MATH: 16062.944158187278
  CPU_PRIME: 42.8968299397594
  CPU_SORTING: 17242.631052767523
  CPU_ENCRYPTION: 8509.6970989250167
  CPU_COMPRESSION: 120722.08439464954
  CPU_SINGLETHREAD: 2142.4039441992613
  CPU_PHYSICS: 1015.8309287272243
  CPU_MATRIX_MULT_SSE: 7338.3540864355109
  CPU_mm: 807.19757535566589
  CPU_sse: 3333.6526372210233
  CPU_fma: 10804.402980209195
  CPU_avx: 7877.0066418763154
  CPU_avx512: 0
  m_CPU_enc_SHA: 12033259373.554705
  m_CPU_enc_AES: 8238710508.6526318
  m_CPU_enc_ECDSA: 6497222553.3998508
  ME_ALLOC_S: 2851.4210388042957
  ME_READ_S: 24648.259570312501
  ME_READ_L: 12805.75
  ME_WRITE: 13406.666015625
  ME_LARGE: 19214.166666666668
  ME_LATENCY: 50.216552608866174
  ME_THREADED: 36671.380859375
  SUMM_CPU: 10559.576569159852
  SUMM_ME: 2544.3728926508529
SystemInformation:
  OSName: Ubuntu 24.04.1 LTS
  Kernel: 6.8.0-1016-aws
  Device: ""
  Processor: AMD EPYC 7R32
  NumSockets: 1
  Manufacturer: AuthenticAMD
  NumCores: 4
  NumLogicals: 8
  CPUFrequency: 0
  Memory: 31340
  MemModuleInfo:
    iNumMemSticks: 1
    DIMM 1:
      manufacturer: Not Specified
      modulePartNo: Not Specified
      memType: DDR4
      size: 32
      clkspeed: 1466
      moduleVoltage: 0
Checksum: 5C8CBE4B2A828480C39EC75D9F2DB41D6352C53C