---
system-info:
      stress-ng-version: 0.17.08
      run-by: root
      date-yyyy-mm-dd: 2024:07:02
      time-hh-mm-ss: 04:34:07
      epoch-secs: 1719894847
      hostname: c3d-standard-16-c1ec6be
      sysname: Linux
      nodename: c3d-standard-16-c1ec6be
      release: 6.8.0-1009-gcp
      version: '#10-Ubuntu SMP Wed Jun 12 18:52:23 UTC 2024'
      machine: x86_64
      compiler: 'musl-gcc 13.2.1'
      uptime: 123
      totalram: 67421847552
      freeram: 62293405696
      sharedram: 35069952
      bufferram: 125198336
      totalswap: 0
      freeswap: 0
      pagesize: 4096
      cpus: 16
      cpus-online: 16
      ticks-per-second: 100

metrics:
    - stressor: cpu
      bogo-ops: 459321
      bogo-ops-per-second-usr-sys-time: 1436.898031
      bogo-ops-per-second-real-time: 22965.984328
      wall-clock-time: 20.000057
      user-time: 319.637524
      system-time: 0.023990
      cpu-usage-per-instance: 99.893937
      max-rss: 1104

...
