---
system-info:
      stress-ng-version: 0.17.08
      run-by: root
      date-yyyy-mm-dd: 2024:06:08
      time-hh-mm-ss: 08:41:09
      epoch-secs: 1717836069
      hostname: 5752bd892554
      sysname: Linux
      nodename: 5752bd892554
      release: 6.8.0-1008-aws
      version: '#8-Ubuntu SMP Sat Apr 20 02:43:14 UTC 2024'
      machine: aarch64
      compiler: 'musl-gcc 13.2.1'
      uptime: 144
      totalram: 33220161536
      freeram: 28868317184
      sharedram: 34983936
      bufferram: 97824768
      totalswap: 0
      freeswap: 0
      pagesize: 4096
      cpus: 8
      cpus-online: 8
      ticks-per-second: 100

metrics:
    - stressor: cpu
      bogo-ops: 2940
      bogo-ops-per-second-usr-sys-time: 290.816116
      bogo-ops-per-second-real-time: 290.818589
      wall-clock-time: 10.109395
      user-time: 10.108481
      system-time: 0.001000
      cpu-usage-per-instance: 100.000850
      max-rss: 4008

...
