---
system-info:
      stress-ng-version: 0.17.08
      run-by: root
      date-yyyy-mm-dd: 2024:06:13
      time-hh-mm-ss: 21:41:09
      epoch-secs: 1718314869
      hostname: 298120fdbf50
      sysname: Linux
      nodename: 298120fdbf50
      release: 6.8.0-1008-aws
      version: '#8-Ubuntu SMP Sat Apr 20 02:43:14 UTC 2024'
      machine: aarch64
      compiler: 'musl-gcc 13.2.1'
      uptime: 163
      totalram: 33220165632
      freeram: 28891529216
      sharedram: 34983936
      bufferram: 106139648
      totalswap: 0
      freeswap: 0
      pagesize: 4096
      cpus: 8
      cpus-online: 8
      ticks-per-second: 100

metrics:
    - stressor: cpu
      bogo-ops: 30249
      bogo-ops-per-second-usr-sys-time: 1512.601487
      bogo-ops-per-second-real-time: 1512.446737
      wall-clock-time: 20.000043
      user-time: 19.996998
      system-time: 0.000999
      cpu-usage-per-instance: 99.989769
      max-rss: 1320

...
