---
system-info:
      stress-ng-version: 0.17.08
      run-by: root
      date-yyyy-mm-dd: 2024:09:07
      time-hh-mm-ss: 06:49:00
      epoch-secs: 1725691740
      hostname: ip-172-31-12-234
      sysname: Linux
      nodename: ip-172-31-12-234
      release: 6.8.0-1014-aws
      version: '#15-Ubuntu SMP Thu Aug  8 19:13:06 UTC 2024'
      machine: x86_64
      compiler: 'musl-gcc 13.2.1'
      uptime: 233
      totalram: 2155593666560
      freeram: 2146217062400
      sharedram: 60444672
      bufferram: 222531584
      totalswap: 0
      freeswap: 0
      pagesize: 4096
      cpus: 64
      cpus-online: 64
      ticks-per-second: 100

metrics:
    - stressor: cpu
      bogo-ops: 1238622
      bogo-ops-per-second-usr-sys-time: 967.969644
      bogo-ops-per-second-real-time: 61930.842204
      wall-clock-time: 20.000083
      user-time: 1279.572326
      system-time: 0.035984
      cpu-usage-per-instance: 99.968983
      max-rss: 512

...
