---
system-info:
      stress-ng-version: 0.17.08
      run-by: root
      date-yyyy-mm-dd: 2024:09:14
      time-hh-mm-ss: 20:42:37
      epoch-secs: 1726346557
      hostname: ip-172-31-4-134
      sysname: Linux
      nodename: ip-172-31-4-134
      release: 6.8.0-1014-aws
      version: '#15-Ubuntu SMP Thu Aug  8 19:13:06 UTC 2024'
      machine: x86_64
      compiler: 'musl-gcc 13.2.1'
      uptime: 247
      totalram: 2155593695232
      freeram: 2144832942080
      sharedram: 60407808
      bufferram: 224034816
      totalswap: 0
      freeswap: 0
      pagesize: 4096
      cpus: 64
      cpus-online: 64
      ticks-per-second: 100

metrics:
    - stressor: cpu
      bogo-ops: 1238938
      bogo-ops-per-second-usr-sys-time: 968.205963
      bogo-ops-per-second-real-time: 61946.593458
      wall-clock-time: 20.000099
      user-time: 1279.583391
      system-time: 0.038970
      cpu-usage-per-instance: 99.970002
      max-rss: 512

...
