---
system-info:
      stress-ng-version: 0.17.08
      run-by: root
      date-yyyy-mm-dd: 2024:06:12
      time-hh-mm-ss: 15:42:05
      epoch-secs: 1718206925
      hostname: c93a510880ae
      sysname: Linux
      nodename: c93a510880ae
      release: 6.8.0-1008-aws
      version: '#8-Ubuntu SMP Sat Apr 20 00:46:25 UTC 2024'
      machine: x86_64
      compiler: 'musl-gcc 13.2.1'
      uptime: 151
      totalram: 3979276288
      freeram: 259059712
      sharedram: 40718336
      bufferram: 105107456
      totalswap: 0
      freeswap: 0
      pagesize: 4096
      cpus: 2
      cpus-online: 2
      ticks-per-second: 100

metrics:
    - stressor: cpu
      bogo-ops: 34444
      bogo-ops-per-second-usr-sys-time: 870.592989
      bogo-ops-per-second-real-time: 1722.197998
      wall-clock-time: 20.000023
      user-time: 39.557861
      system-time: 0.005977
      cpu-usage-per-instance: 98.909480
      max-rss: 976

...
