---
system-info:
      stress-ng-version: 0.17.08
      run-by: root
      date-yyyy-mm-dd: 2024:06:12
      time-hh-mm-ss: 18:42:43
      epoch-secs: 1718217763
      hostname: c93c6d7f91a0
      sysname: Linux
      nodename: c93c6d7f91a0
      release: 6.8.0-1008-aws
      version: '#8-Ubuntu SMP Sat Apr 20 00:46:25 UTC 2024'
      machine: x86_64
      compiler: 'musl-gcc 13.2.1'
      uptime: 121
      totalram: 3979276288
      freeram: 148590592
      sharedram: 40718336
      bufferram: 106209280
      totalswap: 0
      freeswap: 0
      pagesize: 4096
      cpus: 2
      cpus-online: 2
      ticks-per-second: 100

metrics:
    - stressor: cpu
      bogo-ops: 38996
      bogo-ops-per-second-usr-sys-time: 984.413619
      bogo-ops-per-second-real-time: 1949.787495
      wall-clock-time: 20.000128
      user-time: 39.603450
      system-time: 0.009980
      cpu-usage-per-instance: 99.032940
      max-rss: 1232

...
