---
system-info:
      stress-ng-version: 0.17.08
      run-by: root
      date-yyyy-mm-dd: 2024:06:05
      time-hh-mm-ss: 22:00:46
      epoch-secs: 1717624846
      hostname: 79e2997f0458
      sysname: Linux
      nodename: 79e2997f0458
      release: 6.8.0-1008-aws
      version: '#8-Ubuntu SMP Sat Apr 20 00:46:25 UTC 2024'
      machine: x86_64
      compiler: 'musl-gcc 13.2.1'
      uptime: 110
      totalram: 3979276288
      freeram: 166027264
      sharedram: 40718336
      bufferram: 75595776
      totalswap: 0
      freeswap: 0
      pagesize: 4096
      cpus: 2
      cpus-online: 2
      ticks-per-second: 100

metrics:
    - stressor: cpu
      bogo-ops: 23787
      bogo-ops-per-second-usr-sys-time: 1199.766130
      bogo-ops-per-second-real-time: 2378.433792
      wall-clock-time: 10.001119
      user-time: 19.820398
      system-time: 0.005966
      cpu-usage-per-instance: 99.120726
      max-rss: 4176

...
