BaselineInfo:
  WebDBID: -1
  TimeStamp: 20260630191527
Version:
  Major: 11
  Minor: 0
  Build: 1004
  SpecialBuildName: ""
  ptArchitecture: x86_64_linux
Results:
  Results Complete: true
  NumTestProcesses: 24
  CPU_INTEGER_MATH: 147339.17633333334
  CPU_FLOATINGPOINT_MATH: 134577.24445030419
  CPU_PRIME: 457.6046186816414
  CPU_SORTING: 92944.270419499138
  CPU_ENCRYPTION: 31480.939228779414
  CPU_COMPRESSION: 636786.25492820342
  CPU_SINGLETHREAD: 2964.0302724066855
  CPU_PHYSICS: 8367.7467123020051
  CPU_MATRIX_MULT_SSE: 60747.674213348495
  CPU_mm: 6332.2076889133514
  CPU_sse: 28726.7488485945
  CPU_fma: 82475.276295741234
  CPU_avx: 71040.997495709773
  CPU_avx512: 0
  m_CPU_enc_SHA: 43890251985.310181
  m_CPU_enc_AES: 27945915162.986225
  m_CPU_enc_ECDSA: 27194304849.973408
  ME_ALLOC_S: 11227.849781678698
  ME_READ_S: 27913.541796875001
  ME_READ_L: 23449.39453125
  ME_WRITE: 21283.46484375
  ME_LARGE: 183709.08333333334
  ME_LATENCY: 86.457588346256856
  ME_THREADED: 606667.384765625
  SUMM_CPU: 51919.267922399034
  SUMM_ME: 2572.7893734500808
SystemInformation:
  OSName: Ubuntu 24.04.4 LTS
  Kernel: 6.8.0-124-generic
  Device: ""
  Processor: AMD EPYC-Milan Processor
  NumSockets: 2
  Manufacturer: AuthenticAMD
  NumCores: 12
  NumLogicals: 24
  CPUFrequency: 0
  CPUMaxFrequency: 0
  Memory: 193219
  CPUInfo:
    number: 2
    Family: 15
    Model: 1
    stepping: 1
    features: 395049983
    manufacture: AuthenticAMD
    typestring: AMD EPYC-Milan Processor
    iCoresPerPackage: 6
    iThreadsPerPackage: 2
    featuresEx:
      - 395049983
      - 4277809667
      - 802421759
    bHybrid: false
    nPCore: 0
    nLogicalsPerPCore: 0
    nECore: 0
    nLogicalsPerECore: 0
  MemModuleInfo:
    iNumMemSticks: 12
    DIMM 1:
      manufacturer: QEMU
      modulePartNo: Not Specified
      memType: RAM
      size: 16
      clkspeed: 0
      moduleVoltage: 0
    DIMM 2:
      manufacturer: QEMU
      modulePartNo: Not Specified
      memType: RAM
      size: 16
      clkspeed: 0
      moduleVoltage: 0
    DIMM 3:
      manufacturer: QEMU
      modulePartNo: Not Specified
      memType: RAM
      size: 16
      clkspeed: 0
      moduleVoltage: 0
    DIMM 4:
      manufacturer: QEMU
      modulePartNo: Not Specified
      memType: RAM
      size: 16
      clkspeed: 0
      moduleVoltage: 0
    DIMM 5:
      manufacturer: QEMU
      modulePartNo: Not Specified
      memType: RAM
      size: 16
      clkspeed: 0
      moduleVoltage: 0
    DIMM 6:
      manufacturer: QEMU
      modulePartNo: Not Specified
      memType: RAM
      size: 16
      clkspeed: 0
      moduleVoltage: 0
    DIMM 7:
      manufacturer: QEMU
      modulePartNo: Not Specified
      memType: RAM
      size: 16
      clkspeed: 0
      moduleVoltage: 0
    DIMM 8:
      manufacturer: QEMU
      modulePartNo: Not Specified
      memType: RAM
      size: 16
      clkspeed: 0
      moduleVoltage: 0
    DIMM 9:
      manufacturer: QEMU
      modulePartNo: Not Specified
      memType: RAM
      size: 16
      clkspeed: 0
      moduleVoltage: 0
    DIMM 10:
      manufacturer: QEMU
      modulePartNo: Not Specified
      memType: RAM
      size: 16
      clkspeed: 0
      moduleVoltage: 0
    DIMM 11:
      manufacturer: QEMU
      modulePartNo: Not Specified
      memType: RAM
      size: 16
      clkspeed: 0
      moduleVoltage: 0
    DIMM 12:
      manufacturer: QEMU
      modulePartNo: Not Specified
      memType: RAM
      size: 16
      clkspeed: 0
      moduleVoltage: 0
Checksum: 786D1B92676B12D31A5B9F23B99AEFA38B8F3CC0