BaselineInfo:
  WebDBID: -1
  TimeStamp: 20241114175936
Version:
  Major: 11
  Minor: 0
  Build: 1002
  SpecialBuildName: ""
  ptArchitecture: x86_64_linux
Results:
  Results Complete: true
  NumTestProcesses: 8
  CPU_INTEGER_MATH: 37456.239333333331
  CPU_FLOATINGPOINT_MATH: 26899.924457998095
  CPU_PRIME: 119.76977569008777
  CPU_SORTING: 22172.184004866773
  CPU_ENCRYPTION: 9095.6472693207925
  CPU_COMPRESSION: 162696.17872637222
  CPU_SINGLETHREAD: 2098.5683040666149
  CPU_PHYSICS: 1916.1271342974171
  CPU_MATRIX_MULT_SSE: 13563.033660670279
  CPU_mm: 1558.8083256373316
  CPU_sse: 6005.6606934753381
  CPU_fma: 19967.871314578595
  CPU_avx: 14715.568973956899
  CPU_avx512: 0
  m_CPU_enc_SHA: 12829954931.693058
  m_CPU_enc_AES: 8307520193.3247681
  m_CPU_enc_ECDSA: 7474957168.2081318
  ME_ALLOC_S: 5277.7814108950743
  ME_READ_S: 23514.095703125
  ME_READ_L: 11701.193359375
  ME_WRITE: 11491.4580078125
  ME_LARGE: 6666.25
  ME_LATENCY: 59.755234257025563
  ME_THREADED: 72189.01025390625
  SUMM_CPU: 15090.088728271574
  SUMM_ME: 2250.5350533006927
SystemInformation:
  OSName: Ubuntu 24.04.1 LTS
  Kernel: 6.8.0-48-generic
  Device: ""
  Processor: AMD EPYC Processor
  NumSockets: 1
  Manufacturer: AuthenticAMD
  NumCores: 8
  NumLogicals: 8
  CPUFrequency: 0
  Memory: 15613
  MemModuleInfo:
    iNumMemSticks: 1
    DIMM 1:
      manufacturer: QEMU
      modulePartNo: Not Specified
      memType: RAM
      size: 16000
      clkspeed: 0
      moduleVoltage: 0
Checksum: 2FD5A2041E6CB391542BBA8B68F41655AC6DC2BC