BaselineInfo:
  WebDBID: -1
  TimeStamp: 20241115110124
Version:
  Major: 11
  Minor: 0
  Build: 1002
  SpecialBuildName: ""
  ptArchitecture: x86_64_linux
Results:
  Results Complete: true
  NumTestProcesses: 8
  CPU_INTEGER_MATH: 41475.170666666665
  CPU_FLOATINGPOINT_MATH: 33380.472557650355
  CPU_PRIME: 132.6865647945616
  CPU_SORTING: 24693.720894353053
  CPU_ENCRYPTION: 8975.1393079213631
  CPU_COMPRESSION: 175160.71025559699
  CPU_SINGLETHREAD: 2335.7679302932875
  CPU_PHYSICS: 2324.5684848308383
  CPU_MATRIX_MULT_SSE: 15344.590589795604
  CPU_mm: 1579.4298725677279
  CPU_sse: 7069.7415082844309
  CPU_fma: 23288.557875519851
  CPU_avx: 15675.472385582529
  CPU_avx512: 0
  m_CPU_enc_SHA: 12640204590.503752
  m_CPU_enc_AES: 7995510870.3118668
  m_CPU_enc_ECDSA: 7597631564.013236
  ME_ALLOC_S: 7086.0316706543335
  ME_READ_S: 24275.972460937501
  ME_READ_L: 16926.208984375
  ME_WRITE: 17699.052734375
  ME_LARGE: 6655.75
  ME_LATENCY: 65.829841273504101
  ME_THREADED: 107380.4892578125
  SUMM_CPU: 16713.01491973973
  SUMM_ME: 2412.274893341832
SystemInformation:
  OSName: Ubuntu 24.04.1 LTS
  Kernel: 6.8.0-45-generic
  Device: ""
  Processor: AMD EPYC Processor
  NumSockets: 1
  Manufacturer: AuthenticAMD
  NumCores: 8
  NumLogicals: 8
  CPUFrequency: 0
  Memory: 15613
  MemModuleInfo:
    iNumMemSticks: 1
    DIMM 1:
      manufacturer: QEMU
      modulePartNo: Not Specified
      memType: RAM
      size: 16000
      clkspeed: 0
      moduleVoltage: 0
Checksum: 0A854F9FF68796328EAEE6CD6232F871AEFC531D