BaselineInfo:
  WebDBID: -1
  TimeStamp: 20241106231722
Version:
  Major: 11
  Minor: 0
  Build: 1002
  SpecialBuildName: ""
  ptArchitecture: x86_64_linux
Results:
  Results Complete: true
  NumTestProcesses: 8
  CPU_INTEGER_MATH: 37817.46366666667
  CPU_FLOATINGPOINT_MATH: 27225.373973538626
  CPU_PRIME: 121.19060648846298
  CPU_SORTING: 22554.099993683496
  CPU_ENCRYPTION: 9207.8213915092547
  CPU_COMPRESSION: 165213.83499346123
  CPU_SINGLETHREAD: 2128.5593018359796
  CPU_PHYSICS: 1961.0987080682767
  CPU_MATRIX_MULT_SSE: 13583.077120498887
  CPU_mm: 1581.0720311336809
  CPU_sse: 6159.3452913577576
  CPU_fma: 19800.881027582254
  CPU_avx: 14789.005042556648
  CPU_avx512: 0
  m_CPU_enc_SHA: 12996530226.985714
  m_CPU_enc_AES: 8389033225.1417313
  m_CPU_enc_ECDSA: 7579738118.1421776
  ME_ALLOC_S: 5425.9746261278069
  ME_READ_S: 23502.422460937501
  ME_READ_L: 11614.025390625
  ME_WRITE: 11870.6787109375
  ME_LARGE: 5734.833333333333
  ME_LATENCY: 69.097812756936207
  ME_THREADED: 71932.3857421875
  SUMM_CPU: 15276.614360641792
  SUMM_ME: 2089.163826662837
SystemInformation:
  OSName: Ubuntu 24.04.1 LTS
  Kernel: 6.8.0-45-generic
  Device: ""
  Processor: AMD EPYC Processor
  NumSockets: 1
  Manufacturer: AuthenticAMD
  NumCores: 8
  NumLogicals: 8
  CPUFrequency: 0
  Memory: 15613
  MemModuleInfo:
    iNumMemSticks: 1
    DIMM 1:
      manufacturer: QEMU
      modulePartNo: Not Specified
      memType: RAM
      size: 16000
      clkspeed: 0
      moduleVoltage: 0
Checksum: E994E78617FCF429009B2DA2F03C29E2357A32CF