BaselineInfo:
  WebDBID: -1
  TimeStamp: 20260618094644
Version:
  Major: 11
  Minor: 0
  Build: 1004
  SpecialBuildName: ""
  ptArchitecture: x86_64_linux
Results:
  Results Complete: true
  NumTestProcesses: 2
  CPU_INTEGER_MATH: 6088.6049999999996
  CPU_FLOATINGPOINT_MATH: 4347.0487889618807
  CPU_PRIME: 19.517088393447665
  CPU_SORTING: 4296.9821969399936
  CPU_ENCRYPTION: 795.78358735200209
  CPU_COMPRESSION: 31826.018543108039
  CPU_SINGLETHREAD: 1471.3371359478215
  CPU_PHYSICS: 318.79783835474427
  CPU_MATRIX_MULT_SSE: 2375.514884532523
  CPU_mm: 275.1375896185458
  CPU_sse: 1053.3449312194441
  CPU_fma: 3471.2409715031099
  CPU_avx: 2276.5562297152574
  CPU_avx512: 2700.9174056922802
  m_CPU_enc_SHA: 437858056.73970115
  m_CPU_enc_AES: 1699898771.2657738
  m_CPU_enc_ECDSA: 365561884.66816401
  ME_ALLOC_S: 495.91004398075847
  ME_READ_S: 15631.8072265625
  ME_READ_L: 6024.96923828125
  ME_WRITE: 6577.61328125
  ME_LARGE: 754.66666666666663
  ME_LATENCY: 86.948272391108063
  ME_THREADED: 11692.93701171875
  SUMM_CPU: 2509.3990383814003
  SUMM_ME: 814.2567222513419
SystemInformation:
  OSName: Ubuntu 24.04.4 LTS
  Kernel: 6.8.0-117-generic
  Device: ""
  Processor: Intel(R) Xeon(R) Platinum 8163 CPU @ 2.50GHz
  NumSockets: 1
  Manufacturer: GenuineIntel
  NumCores: 1
  NumLogicals: 2
  CPUFrequency: 2500
  CPUMaxFrequency: 3100
  Memory: 1710
  CPUInfo:
    number: 1
    Family: 6
    Model: 5
    stepping: 4
    features: 529267711
    manufacture: GenuineIntel
    typestring: Intel(R) Xeon(R) Platinum 8163 CPU @ 2.50GHz
    iCoresPerPackage: 1
    iThreadsPerPackage: 2
    featuresEx:
      - 529267711
      - 4294586883
      - 739248128
    bHybrid: false
    nPCore: 0
    nLogicalsPerPCore: 0
    nECore: 0
    nLogicalsPerECore: 0
  MemModuleInfo:
    iNumMemSticks: 1
    DIMM 1:
      manufacturer: Alibaba Cloud
      modulePartNo: Not Specified
      memType: RAM
      size: 2
      clkspeed: 0
      moduleVoltage: 0
Checksum: 34CA122FCAEA557088EAA484BAD7CA8F471505B3