BaselineInfo:
  WebDBID: -1
  TimeStamp: 20251219054511
Version:
  Major: 11
  Minor: 0
  Build: 1002
  SpecialBuildName: ""
  ptArchitecture: x86_64_linux
Results:
  Results Complete: true
  NumTestProcesses: 60
  CPU_INTEGER_MATH: 367170.41766666673
  CPU_FLOATINGPOINT_MATH: 323407.68591267604
  CPU_PRIME: 1182.3521368006111
  CPU_SORTING: 225536.98567951142
  CPU_ENCRYPTION: 79726.088820204473
  CPU_COMPRESSION: 1561967.7255443204
  CPU_SINGLETHREAD: 2934.6086467142854
  CPU_PHYSICS: 12990.076686452923
  CPU_MATRIX_MULT_SSE: 126528.91448068772
  CPU_mm: 13263.489195665408
  CPU_sse: 58656.885975296413
  CPU_fma: 175150.58526936758
  CPU_avx: 134561.52024139409
  CPU_avx512: 137746.66643669287
  m_CPU_enc_SHA: 110075372027.46465
  m_CPU_enc_AES: 69777738399.493652
  m_CPU_enc_ECDSA: 70943479505.245789
  ME_ALLOC_S: 29380.798040989361
  ME_READ_S: 27944.836523437501
  ME_READ_L: 26836.783203125
  ME_WRITE: 25288.4765625
  ME_LARGE: 70534.333333333328
  ME_LATENCY: 69.073026322327578
  ME_THREADED: 377286.2734375
  SUMM_CPU: 92461.965028221748
  SUMM_ME: 3031.1334921520961
SystemInformation:
  OSName: Ubuntu 24.04.2 LTS
  Kernel: 6.8.0-86-generic
  Device: ""
  Processor: AMD EPYC 9554 64-Core Processor
  NumSockets: 60
  Manufacturer: AuthenticAMD
  NumCores: 60
  NumLogicals: 60
  CPUFrequency: 0
  Memory: 88362
  MemModuleInfo:
    iNumMemSticks: 1
    DIMM 1:
      manufacturer: QEMU
      modulePartNo: Not Specified
      memType: RAM
      size: 90000
      clkspeed: 0
      moduleVoltage: 0
Checksum: F729B1CB2B937F37F067ED52D08BF822C1E832DE