BaselineInfo:
  WebDBID: -1
  TimeStamp: 20241108105912
Version:
  Major: 11
  Minor: 0
  Build: 1002
  SpecialBuildName: ""
  ptArchitecture: x86_64_linux
Results:
  Results Complete: true
  NumTestProcesses: 8
  CPU_INTEGER_MATH: 22026.80333333333
  CPU_FLOATINGPOINT_MATH: 11637.714777992156
  CPU_PRIME: 47.539654557554272
  CPU_SORTING: 12060.182433191356
  CPU_ENCRYPTION: 1106.4343998641339
  CPU_COMPRESSION: 101626.01404407575
  CPU_SINGLETHREAD: 1758.9857812766452
  CPU_PHYSICS: 908.79626497771915
  CPU_MATRIX_MULT_SSE: 2601.156274932453
  CPU_mm: 705.36028545338354
  CPU_sse: 2601.156274932453
  CPU_fma: 0
  CPU_avx: 0
  CPU_avx512: 0
  m_CPU_enc_SHA: 1034703481.8366023
  m_CPU_enc_AES: 1523971413.6736093
  m_CPU_enc_ECDSA: 921866776.30559075
  ME_ALLOC_S: 3429.8941724591891
  ME_READ_S: 21625.425585937501
  ME_READ_L: 9585.28125
  ME_WRITE: 9502.1953125
  ME_LARGE: 58612.916666666664
  ME_LATENCY: 57.473224859102515
  ME_THREADED: 46129.689453125
  SUMM_CPU: 5119.757872708984
  SUMM_ME: 2266.4847105834751
SystemInformation:
  OSName: Ubuntu 24.04.1 LTS
  Kernel: 6.8.0-1016-aws
  Device: ""
  Processor: Intel Xeon CPU E5-2665 0 @ 2.40GHz
  NumSockets: 1
  Manufacturer: GenuineIntel
  NumCores: 8
  NumLogicals: 8
  CPUFrequency: 0
  Memory: 68695
  MemModuleInfo:
    iNumMemSticks: 5
    DIMM 1:
      manufacturer: Not Specified
      modulePartNo: Not Specified
      memType: RAM
      size: 16
      clkspeed: 0
      moduleVoltage: 0
    DIMM 2:
      manufacturer: Not Specified
      modulePartNo: Not Specified
      memType: RAM
      size: 16
      clkspeed: 0
      moduleVoltage: 0
    DIMM 3:
      manufacturer: Not Specified
      modulePartNo: Not Specified
      memType: RAM
      size: 16
      clkspeed: 0
      moduleVoltage: 0
    DIMM 4:
      manufacturer: Not Specified
      modulePartNo: Not Specified
      memType: RAM
      size: 16
      clkspeed: 0
      moduleVoltage: 0
    DIMM 5:
      manufacturer: Not Specified
      modulePartNo: Not Specified
      memType: RAM
      size: 4464
      clkspeed: 0
      moduleVoltage: 0
Checksum: 9F626E8DD34EFB1ABA3C5A704990C8206F1FA9FB