BaselineInfo:
  WebDBID: -1
  TimeStamp: 20251008064002
Version:
  Major: 11
  Minor: 0
  Build: 1002
  SpecialBuildName: ""
  ptArchitecture: x86_64_linux
Results:
  Results Complete: true
  NumTestProcesses: 96
  CPU_INTEGER_MATH: 724179.69400000025
  CPU_FLOATINGPOINT_MATH: 664439.88342113839
  CPU_PRIME: 2182.8146939794351
  CPU_SORTING: 338150.14339625498
  CPU_ENCRYPTION: 140533.67579092359
  CPU_COMPRESSION: 2471912.809674338
  CPU_SINGLETHREAD: 3831.471216002486
  CPU_PHYSICS: 29753.998451199663
  CPU_MATRIX_MULT_SSE: 207267.30384312081
  CPU_mm: 24286.093199762501
  CPU_sse: 78906.418936910617
  CPU_fma: 276825.0362135818
  CPU_avx: 161670.0158237702
  CPU_avx512: 311667.74439822056
  m_CPU_enc_SHA: 197392273934.30353
  m_CPU_enc_AES: 126970146630.72821
  m_CPU_enc_ECDSA: 117718298313.39874
  ME_ALLOC_S: 43579.857980591041
  ME_READ_S: 33936.404101562497
  ME_READ_L: 32719.8515625
  ME_WRITE: 33166.23046875
  ME_LARGE: 366828.16666666669
  ME_LATENCY: 79.197545403386187
  ME_THREADED: 741935.65234375
  SUMM_CPU: 141427.23498942892
  SUMM_ME: 3011.8113009180752
SystemInformation:
  OSName: Ubuntu 24.04.2 LTS
  Kernel: 6.14.0-1014-aws
  Device: ""
  Processor: AMD EPYC 9R45
  NumSockets: 1
  Manufacturer: AuthenticAMD
  NumCores: 96
  NumLogicals: 96
  CPUFrequency: 0
  Memory: 379641
  MemModuleInfo:
    iNumMemSticks: 1
    DIMM 1:
      manufacturer: Not Specified
      modulePartNo: Not Specified
      memType: DDR5
      size: 384
      clkspeed: 3200
      moduleVoltage: 0
Checksum: 5EB0A9B404ECED248097F62D65E4B284BE2DB26D