BaselineInfo:
  WebDBID: -1
  TimeStamp: 20260206155654
Version:
  Major: 11
  Minor: 0
  Build: 1004
  SpecialBuildName: ""
  ptArchitecture: x86_64_linux
Results:
  Results Complete: true
  NumTestProcesses: 32
  CPU_INTEGER_MATH: 164568.10733333332
  CPU_FLOATINGPOINT_MATH: 119144.81029702132
  CPU_PRIME: 352.7075110416269
  CPU_SORTING: 83732.393632335166
  CPU_ENCRYPTION: 36519.20979707381
  CPU_COMPRESSION: 634909.8616962895
  CPU_SINGLETHREAD: 3281.6391526143289
  CPU_PHYSICS: 6697.6812932497878
  CPU_MATRIX_MULT_SSE: 45862.899565087951
  CPU_mm: 4911.5504618247687
  CPU_sse: 20093.908854826983
  CPU_fma: 52444.929975613049
  CPU_avx: 42517.783501079313
  CPU_avx512: 68394.975928832398
  m_CPU_enc_SHA: 38310881071.061172
  m_CPU_enc_AES: 50003554388.066177
  m_CPU_enc_ECDSA: 26565065337.402046
  ME_ALLOC_S: 16712.778248426122
  ME_READ_S: 28719.800390625001
  ME_READ_L: 16201.111328125
  ME_WRITE: 11294.9287109375
  ME_LARGE: 240646.41666666666
  ME_LATENCY: 66.872684542882254
  ME_THREADED: 174674.1611328125
  SUMM_CPU: 51704.460440811978
  SUMM_ME: 2713.287603182675
SystemInformation:
  OSName: Ubuntu 24.04.3 LTS
  Kernel: 6.14.0-1018-aws
  Device: ""
  Processor: Intel(R) Xeon(R) 6975P-C
  NumSockets: 1
  Manufacturer: GenuineIntel
  NumCores: 16
  NumLogicals: 32
  CPUFrequency: 0
  CPUMaxFrequency: 0
  Memory: 253668
  CPUInfo:
    number: 1
    Family: 6
    Model: 13
    stepping: 1
    features: 529267711
    manufacture: GenuineIntel
    typestring: Intel(R) Xeon(R) 6975P-C
    iCoresPerPackage: 16
    iThreadsPerPackage: 2
    featuresEx:
      - 529267711
      - 4294619651
      - 739248128
    bHybrid: false
    nPCore: 0
    nLogicalsPerPCore: 0
    nECore: 0
    nLogicalsPerECore: 0
  MemModuleInfo:
    iNumMemSticks: 1
    DIMM 1:
      manufacturer: Not Specified
      modulePartNo: Not Specified
      memType: DDR5
      size: 256
      clkspeed: 3600
      moduleVoltage: 0
Checksum: 71C78D90DF7F0DBF4DE09B8ED9827E0282420A7D