BaselineInfo:
  WebDBID: -1
  TimeStamp: 20241108103225
Version:
  Major: 11
  Minor: 0
  Build: 1002
  SpecialBuildName: ""
  ptArchitecture: x86_64_linux
Results:
  Results Complete: true
  NumTestProcesses: 16
  CPU_INTEGER_MATH: 53793.19733333333
  CPU_FLOATINGPOINT_MATH: 29587.925428399147
  CPU_PRIME: 118.95995457075381
  CPU_SORTING: 29745.371017495861
  CPU_ENCRYPTION: 6910.8203677093798
  CPU_COMPRESSION: 217912.10900401033
  CPU_SINGLETHREAD: 1824.5254307556611
  CPU_PHYSICS: 1997.1523175127861
  CPU_MATRIX_MULT_SSE: 10990.684697546811
  CPU_mm: 1456.8201434447581
  CPU_sse: 5841.3137640241921
  CPU_fma: 15530.479921254788
  CPU_avx: 11600.260407361449
  CPU_avx512: 0
  m_CPU_enc_SHA: 2281967449.8067231
  m_CPU_enc_AES: 17407706189.435463
  m_CPU_enc_ECDSA: 2049887494.4315062
  ME_ALLOC_S: 6011.4828022798511
  ME_READ_S: 18628.356250000001
  ME_READ_L: 9040.13671875
  ME_WRITE: 8098.42041015625
  ME_LARGE: 54045.916666666664
  ME_LATENCY: 76.199848568479339
  ME_THREADED: 79173.13427734375
  SUMM_CPU: 16151.788620075797
  SUMM_ME: 1969.9663224185056
SystemInformation:
  OSName: Ubuntu 24.04.1 LTS
  Kernel: 6.8.0-1016-aws
  Device: ""
  Processor: Intel Xeon CPU E5-2686 v4 @ 2.30GHz
  NumSockets: 1
  Manufacturer: GenuineIntel
  NumCores: 8
  NumLogicals: 16
  CPUFrequency: 0
  Memory: 64259
  MemModuleInfo:
    iNumMemSticks: 4
    DIMM 1:
      manufacturer: Not Specified
      modulePartNo: Not Specified
      memType: RAM
      size: 16
      clkspeed: 0
      moduleVoltage: 0
    DIMM 2:
      manufacturer: Not Specified
      modulePartNo: Not Specified
      memType: RAM
      size: 16
      clkspeed: 0
      moduleVoltage: 0
    DIMM 3:
      manufacturer: Not Specified
      modulePartNo: Not Specified
      memType: RAM
      size: 16
      clkspeed: 0
      moduleVoltage: 0
    DIMM 4:
      manufacturer: Not Specified
      modulePartNo: Not Specified
      memType: RAM
      size: 16
      clkspeed: 0
      moduleVoltage: 0
Checksum: C93B9A0B44915552F84E729FC3BAF78E116F0399