BaselineInfo:
  WebDBID: -1
  TimeStamp: 20260404080037
Version:
  Major: 11
  Minor: 0
  Build: 1004
  SpecialBuildName: ""
  ptArchitecture: x86_64_linux
Results:
  Results Complete: true
  NumTestProcesses: 4
  CPU_INTEGER_MATH: 9734.1000000000004
  CPU_FLOATINGPOINT_MATH: 5222.984186093192
  CPU_PRIME: 19.57604910912595
  CPU_SORTING: 6124.4402625142884
  CPU_ENCRYPTION: 1351.8097125181478
  CPU_COMPRESSION: 45515.526539880542
  CPU_SINGLETHREAD: 1672.6990072230035
  CPU_PHYSICS: 409.32210642680832
  CPU_MATRIX_MULT_SSE: 2823.2204383291473
  CPU_mm: 295.46232649707497
  CPU_sse: 1067.0028995009457
  CPU_fma: 3602.7938250763286
  CPU_avx: 2550.8090060323307
  CPU_avx512: 4072.2760227069839
  m_CPU_enc_SHA: 439271560.22247875
  m_CPU_enc_AES: 3414432290.300065
  m_CPU_enc_ECDSA: 398721812.81774455
  ME_ALLOC_S: 1067.9101723384338
  ME_READ_S: 19352.078125
  ME_READ_L: 6680.3232421875
  ME_WRITE: 7255.54541015625
  ME_LARGE: 18941.333333333332
  ME_LATENCY: 81.411335361031419
  ME_THREADED: 18448.04248046875
  SUMM_CPU: 3551.1161650314898
  SUMM_ME: 1512.3102887666605
SystemInformation:
  OSName: Ubuntu 24.04.4 LTS
  Kernel: 6.8.0-106-generic
  Device: ""
  Processor: Intel(R) Xeon(R) Platinum 8163 CPU @ 2.50GHz
  NumSockets: 1
  Manufacturer: GenuineIntel
  NumCores: 2
  NumLogicals: 4
  CPUFrequency: 2500
  CPUMaxFrequency: 3100
  Memory: 31713
  CPUInfo:
    number: 1
    Family: 6
    Model: 5
    stepping: 4
    features: 529267711
    manufacture: GenuineIntel
    typestring: Intel(R) Xeon(R) Platinum 8163 CPU @ 2.50GHz
    iCoresPerPackage: 2
    iThreadsPerPackage: 2
    featuresEx:
      - 529267711
      - 4294586883
      - 739248128
    bHybrid: false
    nPCore: 0
    nLogicalsPerPCore: 0
    nECore: 0
    nLogicalsPerECore: 0
  MemModuleInfo:
    iNumMemSticks: 2
    DIMM 1:
      manufacturer: Alibaba Cloud
      modulePartNo: Not Specified
      memType: RAM
      size: 16
      clkspeed: 0
      moduleVoltage: 0
    DIMM 2:
      manufacturer: Alibaba Cloud
      modulePartNo: Not Specified
      memType: RAM
      size: 16
      clkspeed: 0
      moduleVoltage: 0
Checksum: 64DA139895F2545A0B468BE49F5F2A0DE7052DD9