"size","threads","connections","rps","latency","failed","server_usr","server_sys","client_usr","client_sys"
"1k",32,32,1736788,0.000019330,0,121.95,85.60,21.07,94.18
"1k",32,64,1340129,0.000085680,0,65.95,102.32,19.39,108.24
"1k",32,128,1291375,0.000098310,0,59.45,111.76,18.11,117.23
"1k",32,256,1358316,0.000242420,0,59.29,114.83,17.38,121.42
"1k",32,512,1420321,0.000544000,0,66.82,113.80,15.70,122.88
"1k",32,1024,1414136,0.000811780,0,72.61,112.61,15.82,119.72
"1k",64,64,1669698,0.000042700,0,115.75,84.72,21.60,97.23
"1k",64,128,1327138,0.000131630,0,53.34,108.41,19.06,121.09
"1k",64,256,1326972,0.000422210,0,47.22,120.41,16.27,136.71
"1k",64,512,1367416,0.000622050,0,49.66,118.61,17.50,136.83
"1k",64,1024,1347842,0.000900000,0,51.74,116.13,20.14,134.72
"1k",128,128,1621682,0.000089040,0,102.81,91.89,22.85,103.97
"1k",128,256,1267416,0.000343810,0,41.86,119.61,19.12,140.17
"1k",128,512,1297907,0.000529120,0,43.30,115.54,26.65,137.71
"1k",128,1024,1255106,0.000920000,0,40.59,118.83,21.91,142.11
"16k",32,32,1543947,0.000022390,0,94.37,91.09,20.75,105.50
"16k",32,64,1211715,0.000058610,0,53.98,108.04,18.99,117.24
"16k",32,128,1157167,0.000106970,0,50.76,116.11,17.23,123.63
"16k",32,256,1212189,0.000231000,0,48.06,122.07,15.74,129.02
"16k",32,512,1237801,0.000527120,0,49.27,122.10,13.81,135.48
"16k",32,1024,1204926,0.000920000,0,50.71,117.91,12.91,140.88
"16k",64,64,1756538,0.000038700,0,113.27,83.94,26.10,99.85
"16k",64,128,1187159,0.000150260,0,43.10,110.10,19.22,126.20
"16k",64,256,1158435,0.000343330,0,36.55,125.02,16.57,141.45
"16k",64,512,1162486,0.000717720,0,37.26,124.62,15.65,145.07
"16k",64,1024,1154460,0.001080000,0,38.37,123.02,17.01,144.96
"16k",128,128,1548724,0.000092410,0,87.56,96.72,23.70,114.33
"16k",128,256,1109045,0.000370620,0,32.03,124.93,18.79,146.26
"16k",128,512,1150241,0.000569040,0,34.59,119.74,26.50,142.81
"16k",128,1024,1126319,0.001000000,0,32.29,122.71,23.22,145.90
"64k",32,32,1147213,0.000029440,0,58.14,107.78,21.45,125.78
"64k",32,64,818511,0.000189400,0,36.46,120.16,16.16,123.03
"64k",32,128,731270,0.000167730,0,33.09,135.26,14.82,126.47
"64k",32,256,722156,0.000351210,0,30.21,144.01,12.67,131.19
"64k",32,512,665774,0.000768880,0,28.42,142.40,10.35,140.77
"64k",32,1024,542939,0.001740000,0,26.39,137.96,8.70,148.65
"64k",64,64,1230776,0.000052920,0,66.06,107.22,23.87,126.14
"64k",64,128,724559,0.000210230,0,25.74,132.44,15.94,128.58
"64k",64,256,677640,0.000597850,0,20.44,146.88,13.24,141.87
"64k",64,512,709032,0.000890000,0,21.20,145.88,15.38,140.60
"64k",64,1024,652217,0.001670000,0,20.81,144.71,13.96,143.96
"64k",128,128,1067550,0.000135320,0,49.03,116.30,23.18,134.44
"64k",128,256,730405,0.000447660,0,21.18,140.24,18.40,143.27
"64k",128,512,731625,0.000805370,0,20.23,138.92,21.30,143.53
"64k",128,1024,681841,0.001570000,0,19.02,142.53,17.99,144.52
"256k",32,32,504768,0.000071440,0,32.75,129.06,19.80,134.39
"256k",32,64,218527,0.000348240,0,18.08,142.87,9.06,134.09
"256k",32,128,157776,0.000781110,0,14.91,148.54,5.99,146.10
"256k",32,256,127185,0.001890000,0,13.57,152.49,4.39,148.95
"256k",32,512,109384,0.004240000,0,13.95,154.10,3.94,146.78
"256k",64,64,246510,0.000288700,0,13.36,140.53,9.33,160.23
"256k",64,128,167430,0.000795970,0,11.59,131.96,7.20,169.26
"256k",64,256,145420,0.001770000,0,10.55,137.10,6.35,167.12
"256k",64,512,129406,0.003860000,0,7.83,152.73,5.44,155.77
"256k",128,128,138388,0.000960000,0,7.96,112.42,5.34,198.77
"256k",128,256,212037,0.001300000,0,11.07,150.01,10.50,152.14
"256k",128,512,185528,0.002820000,0,8.88,162.01,9.17,144.42
"512k",32,32,56954,0.000561830,0,0.00,138.68,5.19,178.29
"512k",32,64,57794,0.001050000,0,5.98,151.92,4.24,146.20
"512k",32,128,53191,0.002250000,0,12.62,161.36,3.41,139.57
"512k",32,256,50539,0.004690000,0,11.89,172.47,3.02,130.38
"512k",32,512,48671,0.009530000,0,11.87,175.72,2.64,122.21
"512k",64,64,52418,0.001220000,0,5.02,103.17,3.21,210.96
"512k",64,128,53056,0.002360000,0,7.71,134.78,3.71,173.74
"512k",64,256,51469,0.004800000,0,5.63,159.09,3.79,153.56
"512k",64,512,51500,0.009590000,0,5.14,166.10,3.68,145.76
"512k",128,128,49084,0.002610000,0,4.25,95.75,3.12,221.60
"512k",128,256,52441,0.004840000,0,3.56,138.57,4.27,177.82
"512k",128,512,53312,0.009540000,0,3.38,161.93,4.91,155.45
