---
system-info:
      stress-ng-version: 0.17.08
      run-by: root
      date-yyyy-mm-dd: 2024:09:03
      time-hh-mm-ss: 17:53:27
      epoch-secs: 1725386007
      hostname: sc-runner
      sysname: Linux
      nodename: sc-runner
      release: 6.8.0-1013-azure
      version: '#15-Ubuntu SMP Thu Aug  8 18:40:40 UTC 2024'
      machine: x86_64
      compiler: 'musl-gcc 13.2.1'
      uptime: 392
      totalram: 58969837568
      freeram: 50427719680
      sharedram: 42029056
      bufferram: 219217920
      totalswap: 0
      freeswap: 0
      pagesize: 4096
      cpus: 2
      cpus-online: 2
      ticks-per-second: 100

metrics:
    - stressor: cpu
      bogo-ops: 24922
      bogo-ops-per-second-usr-sys-time: 1246.220198
      bogo-ops-per-second-real-time: 1246.095974
      wall-clock-time: 20.000065
      user-time: 19.997071
      system-time: 0.001000
      cpu-usage-per-instance: 99.990032
      max-rss: 3024

...
