---
system-info:
      stress-ng-version: 0.17.08
      run-by: root
      date-yyyy-mm-dd: 2024:09:16
      time-hh-mm-ss: 16:15:31
      epoch-secs: 1726503331
      hostname: sc-runner
      sysname: Linux
      nodename: sc-runner
      release: 6.8.0-1014-azure
      version: '#16-Ubuntu SMP Thu Aug 15 20:04:41 UTC 2024'
      machine: x86_64
      compiler: 'musl-gcc 13.2.1'
      uptime: 356
      totalram: 58969833472
      freeram: 48861843456
      sharedram: 42037248
      bufferram: 234319872
      totalswap: 0
      freeswap: 0
      pagesize: 4096
      cpus: 2
      cpus-online: 2
      ticks-per-second: 100

metrics:
    - stressor: cpu
      bogo-ops: 24911
      bogo-ops-per-second-usr-sys-time: 1246.112869
      bogo-ops-per-second-real-time: 1245.546214
      wall-clock-time: 20.000061
      user-time: 19.988967
      system-time: 0.001999
      cpu-usage-per-instance: 99.954526
      max-rss: 3152

...
