---
system-info:
      stress-ng-version: 0.17.08
      run-by: root
      date-yyyy-mm-dd: 2024:06:14
      time-hh-mm-ss: 16:27:20
      epoch-secs: 1718382440
      hostname: aa46accf8422
      sysname: Linux
      nodename: aa46accf8422
      release: 6.8.0-1008-aws
      version: '#8-Ubuntu SMP Sat Apr 20 00:46:25 UTC 2024'
      machine: x86_64
      compiler: 'musl-gcc 13.2.1'
      uptime: 240
      totalram: 3905884160
      freeram: 142626816
      sharedram: 27529216
      bufferram: 102576128
      totalswap: 0
      freeswap: 0
      pagesize: 4096
      cpus: 1
      cpus-online: 1
      ticks-per-second: 100

metrics:
    - stressor: cpu
      bogo-ops: 25186
      bogo-ops-per-second-usr-sys-time: 1274.772358
      bogo-ops-per-second-real-time: 1259.294941
      wall-clock-time: 20.000080
      user-time: 19.756259
      system-time: 0.000994
      cpu-usage-per-instance: 98.785868
      max-rss: 1104

...
