---
system-info:
      stress-ng-version: 0.17.08
      run-by: root
      date-yyyy-mm-dd: 2024:06:07
      time-hh-mm-ss: 17:22:48
      epoch-secs: 1717780968
      hostname: 7684e7ae508a
      sysname: Linux
      nodename: 7684e7ae508a
      release: 6.8.0-1008-aws
      version: '#8-Ubuntu SMP Sat Apr 20 00:46:25 UTC 2024'
      machine: x86_64
      compiler: 'musl-gcc 13.2.1'
      uptime: 226
      totalram: 3905884160
      freeram: 107122688
      sharedram: 27529216
      bufferram: 90275840
      totalswap: 0
      freeswap: 0
      pagesize: 4096
      cpus: 1
      cpus-online: 1
      ticks-per-second: 100

metrics:
    - stressor: cpu
      bogo-ops: 13554
      bogo-ops-per-second-usr-sys-time: 1379.942133
      bogo-ops-per-second-real-time: 1354.736247
      wall-clock-time: 10.004900
      user-time: 9.821160
      system-time: 0.000991
      cpu-usage-per-instance: 98.173410
      max-rss: 4048

...
