---
system-info:
      stress-ng-version: 0.17.08
      run-by: root
      date-yyyy-mm-dd: 2024:06:10
      time-hh-mm-ss: 03:58:01
      epoch-secs: 1717991881
      hostname: d606aca60dda
      sysname: Linux
      nodename: d606aca60dda
      release: 6.8.0-1008-aws
      version: '#8-Ubuntu SMP Sat Apr 20 00:46:25 UTC 2024'
      machine: x86_64
      compiler: 'musl-gcc 13.2.1'
      uptime: 184
      totalram: 1003958272
      freeram: 129884160
      sharedram: 32751616
      bufferram: 61624320
      totalswap: 0
      freeswap: 0
      pagesize: 4096
      cpus: 1
      cpus-online: 1
      ticks-per-second: 100

metrics:
    - stressor: cpu
      bogo-ops: 11268
      bogo-ops-per-second-usr-sys-time: 1153.115951
      bogo-ops-per-second-real-time: 1126.656156
      wall-clock-time: 10.001277
      user-time: 9.768809
      system-time: 0.002975
      cpu-usage-per-instance: 97.705366
      max-rss: 4048

...
