---
system-info:
      stress-ng-version: 0.17.08
      run-by: root
      date-yyyy-mm-dd: 2024:06:16
      time-hh-mm-ss: 06:43:53
      epoch-secs: 1718520233
      hostname: eede427a9ece
      sysname: Linux
      nodename: eede427a9ece
      release: 6.8.0-1008-aws
      version: '#8-Ubuntu SMP Sat Apr 20 00:46:25 UTC 2024'
      machine: x86_64
      compiler: 'musl-gcc 13.2.1'
      uptime: 185
      totalram: 1003962368
      freeram: 82472960
      sharedram: 32751616
      bufferram: 53559296
      totalswap: 0
      freeswap: 0
      pagesize: 4096
      cpus: 1
      cpus-online: 1
      ticks-per-second: 100

metrics:
    - stressor: cpu
      bogo-ops: 14301
      bogo-ops-per-second-usr-sys-time: 729.557804
      bogo-ops-per-second-real-time: 715.044852
      wall-clock-time: 20.000144
      user-time: 19.602285
      system-time: 0.000000
      cpu-usage-per-instance: 98.010719
      max-rss: 976

...
