BaselineInfo:
  WebDBID: -1
  TimeStamp: 20241106234111
Version:
  Major: 11
  Minor: 0
  Build: 1002
  SpecialBuildName: ""
  ptArchitecture: x86_64_linux
Results:
  Results Complete: true
  NumTestProcesses: 1
  CPU_INTEGER_MATH: 3173.8183333333336
  CPU_FLOATINGPOINT_MATH: 2653.6517799011917
  CPU_PRIME: 9.703785617994809
  CPU_SORTING: 1871.6293438199175
  CPU_ENCRYPTION: 407.02693321722069
  CPU_COMPRESSION: 15984.786123375487
  CPU_SINGLETHREAD: 1526.1267607976476
  CPU_PHYSICS: 162.70891751023339
  CPU_MATRIX_MULT_SSE: 990.05464858875621
  CPU_mm: 147.76783005678968
  CPU_sse: 559.3911498726178
  CPU_fma: 1611.8536356859859
  CPU_avx: 798.91916020766485
  CPU_avx512: 0
  m_CPU_enc_SHA: 225857058.05614567
  m_CPU_enc_AES: 861984623.52212358
  m_CPU_enc_ECDSA: 192554338.99727207
  ME_ALLOC_S: 577.12465959569772
  ME_READ_S: 19214.2607421875
  ME_READ_L: 8493.97265625
  ME_WRITE: 8350.3955078125
  ME_LARGE: 517.91666666666663
  ME_LATENCY: 60.570205413203631
  ME_THREADED: 8620.1103515625
  SUMM_CPU: 1278.5375717727386
  SUMM_ME: 777.93562863862257
SystemInformation:
  OSName: Ubuntu 24.04.1 LTS
  Kernel: 6.8.0-1015-gcp
  Device: ""
  Processor: Intel Xeon CPU @ 2.30GHz
  NumSockets: 1
  Manufacturer: GenuineIntel
  NumCores: 1
  NumLogicals: 1
  CPUFrequency: 0
  Memory: 3661
  MemModuleInfo:
    iNumMemSticks: 1
    DIMM 1:
      manufacturer: ""
      modulePartNo: ""
      memType: RAM
      size: 3840
      clkspeed: 0
      moduleVoltage: 0
Checksum: 652BAC9D025A5FFCC5DB79A643025BCB136FA877