BaselineInfo:
  WebDBID: -1
  TimeStamp: 20241114194622
Version:
  Major: 11
  Minor: 0
  Build: 1002
  SpecialBuildName: ""
  ptArchitecture: x86_64_linux
Results:
  Results Complete: true
  NumTestProcesses: 1
  CPU_INTEGER_MATH: 3155.6660000000002
  CPU_FLOATINGPOINT_MATH: 2642.1808946876595
  CPU_PRIME: 9.2848589710024108
  CPU_SORTING: 1839.9036723584068
  CPU_ENCRYPTION: 403.81604668760974
  CPU_COMPRESSION: 15469.059650130072
  CPU_SINGLETHREAD: 1506.4294954197617
  CPU_PHYSICS: 175.10318906719286
  CPU_MATRIX_MULT_SSE: 1079.7572153902213
  CPU_mm: 145.7558795495045
  CPU_sse: 547.72313582430718
  CPU_fma: 1798.226242733994
  CPU_avx: 893.32226761236291
  CPU_avx512: 0
  m_CPU_enc_SHA: 223005776.38579047
  m_CPU_enc_AES: 855668381.38350773
  m_CPU_enc_ECDSA: 191621287.1452232
  ME_ALLOC_S: 571.768933545442
  ME_READ_S: 18357.274609374999
  ME_READ_L: 9104.9404296875
  ME_WRITE: 8881.6650390625
  ME_LARGE: 571
  ME_LATENCY: 56.256167414799229
  ME_THREADED: 8951.6259765625
  SUMM_CPU: 1277.8772984619372
  SUMM_ME: 829.73671952717825
SystemInformation:
  OSName: Ubuntu 24.04.1 LTS
  Kernel: 6.8.0-1015-gcp
  Device: ""
  Processor: Intel Xeon CPU @ 2.30GHz
  NumSockets: 1
  Manufacturer: GenuineIntel
  NumCores: 1
  NumLogicals: 1
  CPUFrequency: 0
  Memory: 3661
  MemModuleInfo:
    iNumMemSticks: 1
    DIMM 1:
      manufacturer: ""
      modulePartNo: ""
      memType: RAM
      size: 3840
      clkspeed: 0
      moduleVoltage: 0
Checksum: 7BC7235044734B8FFD34E5EAFAA99C8DB2CAD526