BaselineInfo:
  WebDBID: -1
  TimeStamp: 20241115114611
Version:
  Major: 11
  Minor: 0
  Build: 1002
  SpecialBuildName: ""
  ptArchitecture: x86_64_linux
Results:
  Results Complete: true
  NumTestProcesses: 1
  CPU_INTEGER_MATH: 3133.9873333333335
  CPU_FLOATINGPOINT_MATH: 2546.5199351967526
  CPU_PRIME: 9.4971755846933306
  CPU_SORTING: 1831.0257718130804
  CPU_ENCRYPTION: 398.83648075354336
  CPU_COMPRESSION: 15189.52279043152
  CPU_SINGLETHREAD: 1463.3582557881534
  CPU_PHYSICS: 177.20305587023793
  CPU_MATRIX_MULT_SSE: 1072.4692566868441
  CPU_mm: 144.15439430673638
  CPU_sse: 557.66673259068932
  CPU_fma: 1769.7240744343089
  CPU_avx: 890.0169630355341
  CPU_avx512: 0
  m_CPU_enc_SHA: 220910804.30828562
  m_CPU_enc_AES: 846504653.83677518
  m_CPU_enc_ECDSA: 187215626.78282157
  ME_ALLOC_S: 437.86544474333857
  ME_READ_S: 18630.878515625001
  ME_READ_L: 6198.70361328125
  ME_WRITE: 6574.59130859375
  ME_LARGE: 567.58333333333337
  ME_LATENCY: 91.328264203510159
  ME_THREADED: 6195.4609375
  SUMM_CPU: 1262.2931990182569
  SUMM_ME: 684.80951509430679
SystemInformation:
  OSName: Ubuntu 24.04.1 LTS
  Kernel: 6.8.0-1015-gcp
  Device: ""
  Processor: Intel Xeon CPU @ 2.30GHz
  NumSockets: 1
  Manufacturer: GenuineIntel
  NumCores: 1
  NumLogicals: 1
  CPUFrequency: 0
  Memory: 3661
  MemModuleInfo:
    iNumMemSticks: 1
    DIMM 1:
      manufacturer: ""
      modulePartNo: ""
      memType: RAM
      size: 3840
      clkspeed: 0
      moduleVoltage: 0
Checksum: 2BAF32BD040F445AB9681532FA4434B10F443685