---
system-info:
      stress-ng-version: 0.17.08
      run-by: root
      date-yyyy-mm-dd: 2024:06:12
      time-hh-mm-ss: 21:56:05
      epoch-secs: 1718229365
      hostname: 1f92e6b80b91
      sysname: Linux
      nodename: 1f92e6b80b91
      release: 6.8.0-1008-aws
      version: '#8-Ubuntu SMP Sat Apr 20 00:46:25 UTC 2024'
      machine: x86_64
      compiler: 'musl-gcc 13.2.1'
      uptime: 126
      totalram: 5269032960
      freeram: 962363392
      sharedram: 29184000
      bufferram: 111292416
      totalswap: 0
      freeswap: 0
      pagesize: 4096
      cpus: 2
      cpus-online: 2
      ticks-per-second: 100

metrics:
    - stressor: cpu
      bogo-ops: 36788
      bogo-ops-per-second-usr-sys-time: 927.265700
      bogo-ops-per-second-real-time: 1839.393564
      wall-clock-time: 20.000070
      user-time: 39.665655
      system-time: 0.007979
      cpu-usage-per-instance: 99.183738
      max-rss: 1104

...
