---
system-info:
      stress-ng-version: 0.17.08
      run-by: root
      date-yyyy-mm-dd: 2024:06:05
      time-hh-mm-ss: 23:28:27
      epoch-secs: 1717630107
      hostname: a34ae7498ddf
      sysname: Linux
      nodename: a34ae7498ddf
      release: 6.8.0-1008-aws
      version: '#8-Ubuntu SMP Sat Apr 20 00:46:25 UTC 2024'
      machine: x86_64
      compiler: 'musl-gcc 13.2.1'
      uptime: 118
      totalram: 5269032960
      freeram: 1245192192
      sharedram: 29184000
      bufferram: 79544320
      totalswap: 0
      freeswap: 0
      pagesize: 4096
      cpus: 2
      cpus-online: 2
      ticks-per-second: 100

metrics:
    - stressor: cpu
      bogo-ops: 22395
      bogo-ops-per-second-usr-sys-time: 1132.829193
      bogo-ops-per-second-real-time: 2239.286765
      wall-clock-time: 10.000952
      user-time: 19.767101
      system-time: 0.001987
      cpu-usage-per-instance: 98.836028
      max-rss: 4048

...
