BaselineInfo:
  WebDBID: -1
  TimeStamp: 20241209180956
Version:
  Major: 11
  Minor: 0
  Build: 1002
  SpecialBuildName: ""
  ptArchitecture: x86_64_linux
Results:
  Results Complete: true
  NumTestProcesses: 448
  CPU_INTEGER_MATH: 1704056.4213333339
  CPU_FLOATINGPOINT_MATH: 1219782.3327653972
  CPU_PRIME: 1917.3885122738845
  CPU_SORTING: 713731.76486326603
  CPU_ENCRYPTION: 372650.89892859542
  CPU_COMPRESSION: 6092684.6367515391
  CPU_SINGLETHREAD: 2985.6660344889106
  CPU_PHYSICS: 29650.989435824609
  CPU_MATRIX_MULT_SSE: 405537.52123113041
  CPU_mm: 45157.649178757732
  CPU_sse: 191665.02385536034
  CPU_fma: 446391.9862013688
  CPU_avx: 374666.2293488899
  CPU_avx512: 609426.8455189009
  m_CPU_enc_SHA: 399007300755.95367
  m_CPU_enc_AES: 509607014828.94012
  m_CPU_enc_ECDSA: 263644051399.95728
  ME_ALLOC_S: 31104.898052123714
  ME_READ_S: 26411.063281250001
  ME_READ_L: 7635.7060546875
  ME_WRITE: 6772.66943359375
  ME_LARGE: 6157195.666666667
  ME_LATENCY: 78.679799410499115
  ME_THREADED: 1018330.0164794922
  SUMM_CPU: 158955.77557164352
  SUMM_ME: 2047.8928515562955
SystemInformation:
  OSName: Ubuntu 24.04.1 LTS
  Kernel: 6.8.0-1019-aws
  Device: ""
  Processor: Intel Xeon Platinum 8477C
  NumSockets: 4
  Manufacturer: GenuineIntel
  NumCores: 224
  NumLogicals: 448
  CPUFrequency: 0
  Memory: 6180209
  MemModuleInfo:
    iNumMemSticks: 4
    DIMM 1:
      manufacturer: Not Specified
      modulePartNo: Not Specified
      memType: DDR5
      size: 1536
      clkspeed: 2400
      moduleVoltage: 0
    DIMM 2:
      manufacturer: Not Specified
      modulePartNo: Not Specified
      memType: DDR5
      size: 1536
      clkspeed: 2400
      moduleVoltage: 0
    DIMM 3:
      manufacturer: Not Specified
      modulePartNo: Not Specified
      memType: DDR5
      size: 1536
      clkspeed: 2400
      moduleVoltage: 0
    DIMM 4:
      manufacturer: Not Specified
      modulePartNo: Not Specified
      memType: DDR5
      size: 1536
      clkspeed: 2400
      moduleVoltage: 0
Checksum: D6DA3B49177B67F41222D4713574A26BA669E3A7