---
system-info:
      stress-ng-version: 0.17.08
      run-by: root
      date-yyyy-mm-dd: 2024:09:03
      time-hh-mm-ss: 09:06:14
      epoch-secs: 1725354374
      hostname: sc-runner
      sysname: Linux
      nodename: sc-runner
      release: 6.8.0-1013-azure
      version: '#15-Ubuntu SMP Thu Aug  8 18:40:40 UTC 2024'
      machine: x86_64
      compiler: 'musl-gcc 13.2.1'
      uptime: 338
      totalram: 33649872896
      freeram: 25011048448
      sharedram: 54902784
      bufferram: 210825216
      totalswap: 0
      freeswap: 0
      pagesize: 4096
      cpus: 8
      cpus-online: 8
      ticks-per-second: 100

metrics:
    - stressor: cpu
      bogo-ops: 37949
      bogo-ops-per-second-usr-sys-time: 1897.452087
      bogo-ops-per-second-real-time: 1897.442083
      wall-clock-time: 20.000083
      user-time: 19.998979
      system-time: 0.000999
      cpu-usage-per-instance: 99.999473
      max-rss: 3152

...
