BaselineInfo:
  WebDBID: -1
  TimeStamp: 20241109073452
Version:
  Major: 11
  Minor: 0
  Build: 1002
  SpecialBuildName: ""
  ptArchitecture: x86_64_linux
Results:
  Results Complete: true
  NumTestProcesses: 48
  CPU_INTEGER_MATH: 149565.78366666668
  CPU_FLOATINGPOINT_MATH: 80211.649489569929
  CPU_PRIME: 204.27528561043511
  CPU_SORTING: 75509.674708469436
  CPU_ENCRYPTION: 20492.563424336728
  CPU_COMPRESSION: 652753.74290819431
  CPU_SINGLETHREAD: 2029.4386991275874
  CPU_PHYSICS: 3389.0656990662064
  CPU_MATRIX_MULT_SSE: 44509.630982781717
  CPU_mm: 4543.3749845563552
  CPU_sse: 16407.353007701451
  CPU_fma: 53126.586635152285
  CPU_avx: 37409.891534150935
  CPU_avx512: 71094.69275412221
  m_CPU_enc_SHA: 6761863340.7640915
  m_CPU_enc_AES: 51648322589.894585
  m_CPU_enc_ECDSA: 6053844625.0532522
  ME_ALLOC_S: 15903.979095080458
  ME_READ_S: 24283.509375000001
  ME_READ_L: 8764.923828125
  ME_WRITE: 8032.50048828125
  ME_LARGE: 182005.5
  ME_LATENCY: 56.169176556823025
  ME_THREADED: 132290.69287109375
  SUMM_CPU: 38358.199912788492
  SUMM_ME: 2420.2887445159549
SystemInformation:
  OSName: Ubuntu 24.04.1 LTS
  Kernel: 6.8.0-1017-azure
  Device: ""
  Processor: Intel Xeon Platinum 8272CL CPU @ 2.60GHz
  NumSockets: 2
  Manufacturer: GenuineIntel
  NumCores: 24
  NumLogicals: 48
  CPUFrequency: 0
  Memory: 193404
  MemModuleInfo:
    iNumMemSticks: 4
    DIMM 1:
      manufacturer: Microsoft Corporation
      modulePartNo: None
      memType: Unknown
      size: 1
      clkspeed: 0
      moduleVoltage: 0
    DIMM 2:
      manufacturer: Microsoft Corporation
      modulePartNo: None
      memType: Unknown
      size: 60928
      clkspeed: 0
      moduleVoltage: 0
    DIMM 3:
      manufacturer: Microsoft Corporation
      modulePartNo: None
      memType: Unknown
      size: 36352
      clkspeed: 0
      moduleVoltage: 0
    DIMM 4:
      manufacturer: Microsoft Corporation
      modulePartNo: None
      memType: Unknown
      size: 96
      clkspeed: 0
      moduleVoltage: 0
Checksum: E849DBD68F03C6E2AF6AEBB8FE1A7105BC5BB7FB