BaselineInfo:
  WebDBID: -1
  TimeStamp: 20260404001520
Version:
  Major: 11
  Minor: 0
  Build: 1004
  SpecialBuildName: ""
  ptArchitecture: x86_64_linux
Results:
  Results Complete: true
  NumTestProcesses: 2
  CPU_INTEGER_MATH: 4883.8296666666665
  CPU_FLOATINGPOINT_MATH: 2622.6259355124025
  CPU_PRIME: 12.841899688618819
  CPU_SORTING: 3046.0305750808138
  CPU_ENCRYPTION: 675.08317837592017
  CPU_COMPRESSION: 22777.006052169403
  CPU_SINGLETHREAD: 1607.3354504677523
  CPU_PHYSICS: 246.81580209134722
  CPU_MATRIX_MULT_SSE: 1412.1491164818481
  CPU_mm: 148.60880826586236
  CPU_sse: 532.45727395153096
  CPU_fma: 1811.9591006810954
  CPU_avx: 1284.4224470767472
  CPU_avx512: 2019.7576442180184
  m_CPU_enc_SHA: 220814964.86950728
  m_CPU_enc_AES: 1702990329.3919148
  m_CPU_enc_ECDSA: 199822762.28470454
  ME_ALLOC_S: 552.22555855353278
  ME_READ_S: 19115.861718749999
  ME_READ_L: 7353.78564453125
  ME_WRITE: 7531.369140625
  ME_LARGE: 3056
  ME_LATENCY: 75.153906143634813
  ME_THREADED: 10064.015625
  SUMM_CPU: 1830.576493257953
  SUMM_ME: 1220.1911049262173
SystemInformation:
  OSName: Ubuntu 24.04.4 LTS
  Kernel: 6.8.0-106-generic
  Device: ""
  Processor: Intel(R) Xeon(R) Platinum 8269CY CPU @ 2.50GHz
  NumSockets: 1
  Manufacturer: GenuineIntel
  NumCores: 1
  NumLogicals: 2
  CPUFrequency: 2500
  CPUMaxFrequency: 3800
  Memory: 15609
  CPUInfo:
    number: 1
    Family: 6
    Model: 5
    stepping: 7
    features: 529267711
    manufacture: GenuineIntel
    typestring: Intel(R) Xeon(R) Platinum 8269CY CPU @ 2.50GHz
    iCoresPerPackage: 1
    iThreadsPerPackage: 2
    featuresEx:
      - 529267711
      - 4294586883
      - 739248128
    bHybrid: false
    nPCore: 0
    nLogicalsPerPCore: 0
    nECore: 0
    nLogicalsPerECore: 0
  MemModuleInfo:
    iNumMemSticks: 1
    DIMM 1:
      manufacturer: Alibaba Cloud
      modulePartNo: Not Specified
      memType: RAM
      size: 16
      clkspeed: 0
      moduleVoltage: 0
Checksum: 70C9F768123E62771D8223D551636FA42CD9657B