---
system-info:
      stress-ng-version: 0.17.08
      run-by: root
      date-yyyy-mm-dd: 2024:06:07
      time-hh-mm-ss: 20:29:20
      epoch-secs: 1717792160
      hostname: bf305b622d3b
      sysname: Linux
      nodename: bf305b622d3b
      release: 6.8.0-1008-aws
      version: '#8-Ubuntu SMP Sat Apr 20 00:46:25 UTC 2024'
      machine: x86_64
      compiler: 'musl-gcc 13.2.1'
      uptime: 155
      totalram: 266119442432
      freeram: 260580491264
      sharedram: 117612544
      bufferram: 92536832
      totalswap: 0
      freeswap: 0
      pagesize: 4096
      cpus: 128
      cpus-online: 128
      ticks-per-second: 100

metrics:
    - stressor: cpu
      bogo-ops: 1542421
      bogo-ops-per-second-usr-sys-time: 1205.861636
      bogo-ops-per-second-real-time: 154221.647935
      wall-clock-time: 10.001326
      user-time: 1278.959873
      system-time: 0.142931
      cpu-usage-per-instance: 99.916656
      max-rss: 3072

...
