---
system-info:
      stress-ng-version: 0.17.08
      run-by: root
      date-yyyy-mm-dd: 2024:06:13
      time-hh-mm-ss: 02:49:53
      epoch-secs: 1718246993
      hostname: 87731f7a1c8f
      sysname: Linux
      nodename: 87731f7a1c8f
      release: 6.8.0-1008-aws
      version: '#8-Ubuntu SMP Sat Apr 20 00:46:25 UTC 2024'
      machine: x86_64
      compiler: 'musl-gcc 13.2.1'
      uptime: 152
      totalram: 266119499776
      freeram: 260581154816
      sharedram: 117612544
      bufferram: 112115712
      totalswap: 0
      freeswap: 0
      pagesize: 4096
      cpus: 128
      cpus-online: 128
      ticks-per-second: 100

metrics:
    - stressor: cpu
      bogo-ops: 2469830
      bogo-ops-per-second-usr-sys-time: 965.133280
      bogo-ops-per-second-real-time: 123491.033197
      wall-clock-time: 20.000076
      user-time: 2559.008917
      system-time: 0.046969
      cpu-usage-per-instance: 99.962743
      max-rss: 0

...
