---
system-info:
      stress-ng-version: 0.17.08
      run-by: root
      date-yyyy-mm-dd: 2024:06:07
      time-hh-mm-ss: 11:28:04
      epoch-secs: 1717759684
      hostname: 461216a2d444
      sysname: Linux
      nodename: 461216a2d444
      release: 6.8.0-1008-aws
      version: '#8-Ubuntu SMP Sat Apr 20 00:46:25 UTC 2024'
      machine: x86_64
      compiler: 'musl-gcc 13.2.1'
      uptime: 167
      totalram: 64254877696
      freeram: 59910422528
      sharedram: 48562176
      bufferram: 89972736
      totalswap: 0
      freeswap: 0
      pagesize: 4096
      cpus: 8
      cpus-online: 8
      ticks-per-second: 100

metrics:
    - stressor: cpu
      bogo-ops: 65309
      bogo-ops-per-second-usr-sys-time: 819.404467
      bogo-ops-per-second-real-time: 6529.594429
      wall-clock-time: 10.001999
      user-time: 79.691026
      system-time: 0.011981
      cpu-usage-per-instance: 99.608842
      max-rss: 4048

...
