---
system-info:
      stress-ng-version: 0.17.08
      run-by: root
      date-yyyy-mm-dd: 2024:06:13
      time-hh-mm-ss: 07:21:30
      epoch-secs: 1718263290
      hostname: 58d614a5ab08
      sysname: Linux
      nodename: 58d614a5ab08
      release: 6.8.0-1008-aws
      version: '#8-Ubuntu SMP Sat Apr 20 00:46:25 UTC 2024'
      machine: x86_64
      compiler: 'musl-gcc 13.2.1'
      uptime: 142
      totalram: 64254881792
      freeram: 59829399552
      sharedram: 48562176
      bufferram: 105660416
      totalswap: 0
      freeswap: 0
      pagesize: 4096
      cpus: 8
      cpus-online: 8
      ticks-per-second: 100

metrics:
    - stressor: cpu
      bogo-ops: 83119
      bogo-ops-per-second-usr-sys-time: 521.455344
      bogo-ops-per-second-real-time: 4155.911134
      wall-clock-time: 20.000187
      user-time: 159.384146
      system-time: 0.013971
      cpu-usage-per-instance: 99.622891
      max-rss: 1104

...
