"size","threads","connections","rps","latency","failed","server_usr","server_sys","client_usr","client_sys"
"1k",4,4,289828,0.000013910,0,7.82,12.40,4.48,15.57
"1k",4,8,287091,0.000094060,0,7.98,12.72,4.17,15.15
"1k",4,16,263358,0.000067970,0,6.65,13.34,3.19,15.16
"1k",4,32,293744,0.000152540,0,7.01,13.74,3.41,15.82
"1k",4,64,311384,0.000217800,0,7.00,13.70,3.48,15.68
"1k",4,128,321065,0.000351140,0,7.15,13.91,3.51,15.70
"1k",8,8,245197,0.000038520,0,6.31,13.36,3.74,16.46
"1k",8,16,257175,0.000071810,0,6.34,13.62,3.68,16.55
"1k",8,32,261394,0.000170780,0,6.20,13.78,3.55,16.46
"1k",8,64,274195,0.000364900,0,6.31,13.56,3.53,16.51
"1k",8,128,286951,0.000581410,0,6.39,13.54,3.63,16.36
"1k",16,16,236438,0.000078360,0,5.98,13.37,3.67,16.77
"1k",16,32,240032,0.000197970,0,5.69,13.68,3.47,17.20
"1k",16,64,250018,0.000422440,0,5.70,13.88,3.65,17.00
"1k",16,128,263387,0.000624590,0,5.89,13.74,3.49,16.98
"16k",4,4,239116,0.000016830,0,7.78,12.31,4.26,15.91
"16k",4,8,221870,0.000080630,0,7.03,12.40,3.82,15.64
"16k",4,16,208279,0.000072820,0,6.16,13.03,3.36,15.76
"16k",4,32,221766,0.000270350,0,6.38,13.26,3.46,16.10
"16k",4,64,228754,0.000531400,0,6.36,13.49,3.31,16.52
"16k",4,128,230441,0.000733180,0,6.58,13.40,3.20,16.63
"16k",8,8,205638,0.000041640,0,6.16,13.12,3.87,16.99
"16k",8,16,217529,0.000077370,0,6.24,13.10,3.93,16.93
"16k",8,32,204307,0.000529270,0,5.77,13.25,3.61,17.01
"16k",8,64,209613,0.000423960,0,5.79,13.32,3.46,17.35
"16k",8,128,213095,0.000797350,0,5.99,13.32,3.47,17.01
"16k",16,16,194077,0.000235080,0,5.51,12.99,3.67,17.35
"16k",16,32,189712,0.000229780,0,5.39,13.48,3.55,17.82
"16k",16,64,195455,0.000466060,0,5.42,13.40,3.48,17.70
"16k",16,128,197050,0.000748190,0,5.61,13.52,3.66,17.54
"64k",4,4,123516,0.000032590,0,5.79,13.61,3.56,16.66
"64k",4,8,125877,0.000055910,0,6.08,13.64,3.52,16.79
"64k",4,16,107489,0.000140950,0,5.16,14.02,2.85,16.52
"64k",4,32,108012,0.000275790,0,5.64,14.43,2.91,16.69
"64k",4,64,108572,0.000561060,0,5.82,14.41,2.92,16.57
"64k",4,128,108646,0.001100000,0,5.89,14.43,2.86,16.57
"64k",8,8,110969,0.000074820,0,4.88,14.37,3.39,17.58
"64k",8,16,103443,0.000252530,0,4.56,14.56,3.17,17.58
"64k",8,32,102425,0.000345550,0,4.94,14.51,3.06,17.57
"64k",8,64,103752,0.000693430,0,5.19,14.42,3.14,17.17
"64k",8,128,104440,0.001280000,0,5.43,14.41,2.95,17.16
"64k",16,16,106788,0.000158420,0,4.60,14.33,3.43,17.85
"64k",16,32,98483,0.000381260,0,4.76,14.28,3.21,17.79
"64k",16,64,97181,0.000725910,0,4.80,14.52,3.20,17.73
"64k",16,128,100438,0.001310000,0,5.10,14.46,3.04,17.65
"256k",4,4,46226,0.000086840,0,5.66,14.64,3.35,16.63
"256k",4,8,40732,0.000179810,0,6.33,14.69,3.01,15.92
"256k",4,16,36324,0.000393850,0,6.01,15.35,2.73,16.12
"256k",4,32,36560,0.000788730,0,5.86,15.44,2.57,16.02
"256k",4,64,37298,0.001570000,0,6.08,15.46,2.70,15.72
"256k",8,8,37765,0.000217230,0,5.78,14.75,2.97,16.73
"256k",8,16,35186,0.000588260,0,5.58,15.14,2.86,16.59
"256k",8,32,35123,0.001030000,0,5.39,15.38,2.79,16.37
"256k",8,64,35945,0.001790000,0,5.49,15.47,2.73,16.34
"256k",16,16,34934,0.000627540,0,5.41,15.09,3.00,16.72
"256k",16,32,35357,0.000960000,0,5.33,15.03,2.98,16.57
"256k",16,64,34869,0.001860000,0,5.50,15.01,2.89,16.57
"512k",4,4,19293,0.000736590,0,7.06,13.38,2.65,16.72
"512k",4,8,18920,0.000410280,0,7.18,14.23,2.63,15.84
"512k",4,16,18211,0.000814920,0,6.73,15.40,2.53,15.22
"512k",4,32,18574,0.001600000,0,6.88,15.40,2.54,15.20
"512k",4,64,18722,0.003040000,0,6.84,15.50,2.56,15.24
"512k",8,8,18162,0.000443610,0,6.66,13.65,2.72,17.18
"512k",8,16,18678,0.000870000,0,6.64,14.86,2.79,15.59
"512k",8,32,18023,0.001780000,0,6.56,15.18,2.65,15.57
"512k",8,64,18213,0.003420000,0,6.60,15.31,2.59,15.54
"512k",16,16,18345,0.000870000,0,6.45,14.97,2.94,15.65
"512k",16,32,17900,0.001810000,0,6.17,15.31,2.73,15.74
"512k",16,64,17842,0.003570000,0,6.35,15.33,2.74,15.60
