---
system-info:
      stress-ng-version: 0.17.08
      run-by: root
      date-yyyy-mm-dd: 2024:07:03
      time-hh-mm-ss: 15:51:20
      epoch-secs: 1720021880
      hostname: c3d-highcpu-180-8e1da31
      sysname: Linux
      nodename: c3d-highcpu-180-8e1da31
      release: 6.8.0-1009-gcp
      version: '#10-Ubuntu SMP Wed Jun 12 18:52:23 UTC 2024'
      machine: x86_64
      compiler: 'musl-gcc 13.2.1'
      uptime: 125
      totalram: 373777670144
      freeram: 367770025984
      sharedram: 36519936
      bufferram: 131903488
      totalswap: 0
      freeswap: 0
      pagesize: 4096
      cpus: 180
      cpus-online: 180
      ticks-per-second: 100

metrics:
    - stressor: cpu
      bogo-ops: 5542041
      bogo-ops-per-second-usr-sys-time: 1540.245827
      bogo-ops-per-second-real-time: 277101.339000
      wall-clock-time: 20.000051
      user-time: 3598.105595
      system-time: 0.047962
      cpu-usage-per-instance: 99.948453
      max-rss: 0

...
