---
system-info:
      stress-ng-version: 0.17.08
      run-by: root
      date-yyyy-mm-dd: 2024:06:10
      time-hh-mm-ss: 05:56:19
      epoch-secs: 1717998979
      hostname: fd0e757ee973
      sysname: Linux
      nodename: fd0e757ee973
      release: 6.8.0-1008-aws
      version: '#8-Ubuntu SMP Sat Apr 20 00:46:25 UTC 2024'
      machine: x86_64
      compiler: 'musl-gcc 13.2.1'
      uptime: 130
      totalram: 16467775488
      freeram: 11839692800
      sharedram: 113532928
      bufferram: 115589120
      totalswap: 0
      freeswap: 0
      pagesize: 4096
      cpus: 8
      cpus-online: 8
      ticks-per-second: 100

metrics:
    - stressor: cpu
      bogo-ops: 21080
      bogo-ops-per-second-usr-sys-time: 2108.130493
      bogo-ops-per-second-real-time: 2107.960900
      wall-clock-time: 10.000185
      user-time: 9.999381
      system-time: 0.000000
      cpu-usage-per-instance: 99.991955
      max-rss: 3792

...
