---
system-info:
      stress-ng-version: 0.17.08
      run-by: root
      date-yyyy-mm-dd: 2024:06:16
      time-hh-mm-ss: 08:42:30
      epoch-secs: 1718527350
      hostname: 1b6abb4a1bac
      sysname: Linux
      nodename: 1b6abb4a1bac
      release: 6.8.0-1008-aws
      version: '#8-Ubuntu SMP Sat Apr 20 00:46:25 UTC 2024'
      machine: x86_64
      compiler: 'musl-gcc 13.2.1'
      uptime: 132
      totalram: 16467779584
      freeram: 12017426432
      sharedram: 113532928
      bufferram: 111104000
      totalswap: 0
      freeswap: 0
      pagesize: 4096
      cpus: 8
      cpus-online: 8
      ticks-per-second: 100

metrics:
    - stressor: cpu
      bogo-ops: 41173
      bogo-ops-per-second-usr-sys-time: 2058.638060
      bogo-ops-per-second-real-time: 2058.645067
      wall-clock-time: 20.000048
      user-time: 20.000116
      system-time: 0.000000
      cpu-usage-per-instance: 100.000340
      max-rss: 1232

...
