---
system-info:
      stress-ng-version: 0.17.08
      run-by: root
      date-yyyy-mm-dd: 2024:06:14
      time-hh-mm-ss: 19:42:10
      epoch-secs: 1718394130
      hostname: 799736a18211
      sysname: Linux
      nodename: 799736a18211
      release: 6.8.0-1008-aws
      version: '#8-Ubuntu SMP Sat Apr 20 00:46:25 UTC 2024'
      machine: x86_64
      compiler: 'musl-gcc 13.2.1'
      uptime: 178
      totalram: 405340614656
      freeram: 399228952576
      sharedram: 78331904
      bufferram: 109735936
      totalswap: 0
      freeswap: 0
      pagesize: 4096
      cpus: 96
      cpus-online: 96
      ticks-per-second: 100

metrics:
    - stressor: cpu
      bogo-ops: 29207
      bogo-ops-per-second-usr-sys-time: 1460.347444
      bogo-ops-per-second-real-time: 1460.345108
      wall-clock-time: 20.000067
      user-time: 20.000035
      system-time: 0.000000
      cpu-usage-per-instance: 99.999840
      max-rss: 768

...
