---
system-info:
      stress-ng-version: 0.17.08
      run-by: root
      date-yyyy-mm-dd: 2024:06:08
      time-hh-mm-ss: 13:41:14
      epoch-secs: 1717854074
      hostname: 98d0a5200796
      sysname: Linux
      nodename: 98d0a5200796
      release: 6.8.0-1008-aws
      version: '#8-Ubuntu SMP Sat Apr 20 00:46:25 UTC 2024'
      machine: x86_64
      compiler: 'musl-gcc 13.2.1'
      uptime: 151
      totalram: 405340655616
      freeram: 399227187200
      sharedram: 78331904
      bufferram: 102260736
      totalswap: 0
      freeswap: 0
      pagesize: 4096
      cpus: 96
      cpus-online: 96
      ticks-per-second: 100

metrics:
    - stressor: cpu
      bogo-ops: 15820
      bogo-ops-per-second-usr-sys-time: 1581.970734
      bogo-ops-per-second-real-time: 1581.949686
      wall-clock-time: 10.000318
      user-time: 9.998186
      system-time: 0.001999
      cpu-usage-per-instance: 99.998670
      max-rss: 3072

...
