BaselineInfo:
  WebDBID: -1
  TimeStamp: 20260403230802
Version:
  Major: 11
  Minor: 0
  Build: 1004
  SpecialBuildName: ""
  ptArchitecture: x86_64_linux
Results:
  Results Complete: true
  NumTestProcesses: 4
  CPU_INTEGER_MATH: 12739.837666666666
  CPU_FLOATINGPOINT_MATH: 6843.2996266999608
  CPU_PRIME: 31.956344431885949
  CPU_SORTING: 7964.4745675571467
  CPU_ENCRYPTION: 1760.5712155744138
  CPU_COMPRESSION: 59802.755820961225
  CPU_SINGLETHREAD: 2148.6376164271501
  CPU_PHYSICS: 566.04222068615104
  CPU_MATRIX_MULT_SSE: 3450.5075878087778
  CPU_mm: 387.22212318069211
  CPU_sse: 1384.5657620501117
  CPU_fma: 4326.9448593612178
  CPU_avx: 3060.7246714604939
  CPU_avx512: 5029.7950583632883
  m_CPU_enc_SHA: 576546075.35588992
  m_CPU_enc_AES: 4438455600.0669403
  m_CPU_enc_ECDSA: 523276493.40363932
  ME_ALLOC_S: 1484.7890720994958
  ME_READ_S: 24313.892968749999
  ME_READ_L: 9740.265625
  ME_WRITE: 9532.1708984375
  ME_LARGE: 1870.75
  ME_LATENCY: 55.075254731623033
  ME_THREADED: 23904.62890625
  SUMM_CPU: 4650.4873186024797
  SUMM_ME: 1575.717839024396
SystemInformation:
  OSName: Ubuntu 24.04.4 LTS
  Kernel: 6.8.0-106-generic
  Device: ""
  Processor: Intel(R) Xeon(R) Platinum 8269CY CPU T 3.10GHz
  NumSockets: 1
  Manufacturer: GenuineIntel
  NumCores: 2
  NumLogicals: 4
  CPUFrequency: 3100
  CPUMaxFrequency: 3800
  Memory: 7270
  CPUInfo:
    number: 1
    Family: 6
    Model: 5
    stepping: 7
    features: 529267711
    manufacture: GenuineIntel
    typestring: Intel(R) Xeon(R) Platinum 8269CY CPU T 3.10GHz
    iCoresPerPackage: 2
    iThreadsPerPackage: 2
    featuresEx:
      - 529267711
      - 4277809667
      - 739248128
    bHybrid: false
    nPCore: 0
    nLogicalsPerPCore: 0
    nECore: 0
    nLogicalsPerECore: 0
  MemModuleInfo:
    iNumMemSticks: 1
    DIMM 1:
      manufacturer: Alibaba Cloud
      modulePartNo: Not Specified
      memType: RAM
      size: 8
      clkspeed: 0
      moduleVoltage: 0
Checksum: D33F8ADF10E76E1342CA8D53125A0B2DF623C72E