---
system-info:
      stress-ng-version: 0.17.08
      run-by: root
      date-yyyy-mm-dd: 2024:06:13
      time-hh-mm-ss: 17:57:17
      epoch-secs: 1718301437
      hostname: ff69010fd408
      sysname: Linux
      nodename: ff69010fd408
      release: 6.8.0-1008-aws
      version: '#8-Ubuntu SMP Sat Apr 20 00:46:25 UTC 2024'
      machine: x86_64
      compiler: 'musl-gcc 13.2.1'
      uptime: 181
      totalram: 401274101760
      freeram: 396502876160
      sharedram: 40910848
      bufferram: 107675648
      totalswap: 0
      freeswap: 0
      pagesize: 4096
      cpus: 48
      cpus-online: 48
      ticks-per-second: 100

metrics:
    - stressor: cpu
      bogo-ops: 27709
      bogo-ops-per-second-usr-sys-time: 1385.461984
      bogo-ops-per-second-real-time: 1385.443559
      wall-clock-time: 20.000093
      user-time: 19.999827
      system-time: 0.000000
      cpu-usage-per-instance: 99.998670
      max-rss: 1152

...
