---
system-info:
      stress-ng-version: 0.17.08
      run-by: root
      date-yyyy-mm-dd: 2024:06:08
      time-hh-mm-ss: 04:55:07
      epoch-secs: 1717822507
      hostname: 6524150c6e24
      sysname: Linux
      nodename: 6524150c6e24
      release: 6.8.0-1008-aws
      version: '#8-Ubuntu SMP Sat Apr 20 00:46:25 UTC 2024'
      machine: x86_64
      compiler: 'musl-gcc 13.2.1'
      uptime: 126
      totalram: 401274114048
      freeram: 396540911616
      sharedram: 40910848
      bufferram: 96944128
      totalswap: 0
      freeswap: 0
      pagesize: 4096
      cpus: 48
      cpus-online: 48
      ticks-per-second: 100

metrics:
    - stressor: cpu
      bogo-ops: 14945
      bogo-ops-per-second-usr-sys-time: 1494.451729
      bogo-ops-per-second-real-time: 1494.498361
      wall-clock-time: 10.000011
      user-time: 10.000323
      system-time: 0.000000
      cpu-usage-per-instance: 100.003120
      max-rss: 3840

...
