BaselineInfo:
  WebDBID: -1
  TimeStamp: 20241112111944
Version:
  Major: 11
  Minor: 0
  Build: 1002
  SpecialBuildName: ""
  ptArchitecture: x86_64_linux
Results:
  Results Complete: true
  NumTestProcesses: 2
  CPU_INTEGER_MATH: 5309.9006666666664
  CPU_FLOATINGPOINT_MATH: 2897.5207523069612
  CPU_PRIME: 12.426707115129087
  CPU_SORTING: 2895.282476003481
  CPU_ENCRYPTION: 265.81840429310625
  CPU_COMPRESSION: 24600.18464545182
  CPU_SINGLETHREAD: 1595.7557236521488
  CPU_PHYSICS: 269.45093975596592
  CPU_MATRIX_MULT_SSE: 596.74670421856229
  CPU_mm: 170.23290533666039
  CPU_sse: 596.74670421856229
  CPU_fma: 0
  CPU_avx: 0
  CPU_avx512: 0
  m_CPU_enc_SHA: 249203684.44644895
  m_CPU_enc_AES: 367727728.7046957
  m_CPU_enc_ECDSA: 219260984.1489999
  ME_ALLOC_S: 854.12130267897101
  ME_READ_S: 20952.901953125001
  ME_READ_L: 10792.5341796875
  ME_WRITE: 9789.4150390625
  ME_LARGE: 7034.666666666667
  ME_LATENCY: 56.815240333125722
  ME_THREADED: 12703.4140625
  SUMM_CPU: 1270.64969384707
  SUMM_ME: 1706.865529272302
SystemInformation:
  OSName: Ubuntu 24.04.1 LTS
  Kernel: 6.8.0-1016-aws
  Device: ""
  Processor: Intel Xeon CPU E5-2665 0 @ 2.40GHz
  NumSockets: 1
  Manufacturer: GenuineIntel
  NumCores: 2
  NumLogicals: 2
  CPUFrequency: 0
  Memory: 17064
  MemModuleInfo:
    iNumMemSticks: 2
    DIMM 1:
      manufacturer: Not Specified
      modulePartNo: Not Specified
      memType: RAM
      size: 16
      clkspeed: 0
      moduleVoltage: 0
    DIMM 2:
      manufacturer: Not Specified
      modulePartNo: Not Specified
      memType: RAM
      size: 1116
      clkspeed: 0
      moduleVoltage: 0
Checksum: 16B5467440DB6987DB045510F3C468A854D12410