BaselineInfo:
  WebDBID: -1
  TimeStamp: 20241114183451
Version:
  Major: 11
  Minor: 0
  Build: 1002
  SpecialBuildName: ""
  ptArchitecture: aarch64_linux
Results:
  Results Complete: true
  NumTestProcesses: 2
  CPU_INTEGER_MATH: 7792.0606666666663
  CPU_FLOATINGPOINT_MATH: 5911.5121480683638
  CPU_PRIME: 15.774151987582785
  CPU_SORTING: 5571.8945121203478
  CPU_ENCRYPTION: 265.23611151848877
  CPU_COMPRESSION: 8844.9436052444871
  CPU_SINGLETHREAD: 1094.0061924316278
  CPU_PHYSICS: 0
  CPU_MATRIX_MULT_SSE: 1227.4687199915033
  CPU_mm: 205.85165189920201
  CPU_sse: 1027.5164959500614
  CPU_fma: 1427.4209440329455
  CPU_avx: 0
  CPU_avx512: 0
  m_CPU_enc_SHA: 396195050.12764716
  m_CPU_enc_AES: 185015655.19642681
  m_CPU_enc_ECDSA: 253149957.29075867
  ME_ALLOC_S: 0
  ME_READ_S: 0
  ME_READ_L: 0
  ME_WRITE: 0
  ME_LARGE: 0
  ME_LATENCY: 0
  ME_THREADED: 0
  SUMM_CPU: 0
  SUMM_ME: 0
SystemInformation:
  OSName: Ubuntu 24.04.1 LTS
  Kernel: 6.8.0-1018-aws
  Device: ""
  Processor: ARM Neoverse-N1 2 Core 0 MHz
  NumSockets: 1
  Manufacturer: ARM
  NumCores: 2
  NumLogicals: 2
  CPUFrequency: 0
  Memory: 414
Checksum: D0151DEE0A9F762A80B053AA3DB342EC0024EE8E