BaselineInfo:
  WebDBID: -1
  TimeStamp: 20241115204931
Version:
  Major: 11
  Minor: 0
  Build: 1002
  SpecialBuildName: ""
  ptArchitecture: aarch64_linux
Results:
  Results Complete: true
  NumTestProcesses: 2
  CPU_INTEGER_MATH: 7812.0590000000002
  CPU_FLOATINGPOINT_MATH: 5817.6368052832295
  CPU_PRIME: 16.233822913542454
  CPU_SORTING: 5540.3231757962094
  CPU_ENCRYPTION: 264.5169664019844
  CPU_COMPRESSION: 8966.5025911799967
  CPU_SINGLETHREAD: 1107.825922717861
  CPU_PHYSICS: 0
  CPU_MATRIX_MULT_SSE: 1219.3432103971263
  CPU_mm: 204.79848342273328
  CPU_sse: 1017.3368709855014
  CPU_fma: 1421.3495498087514
  CPU_avx: 0
  CPU_avx512: 0
  m_CPU_enc_SHA: 403339581.29227257
  m_CPU_enc_AES: 186590485.631181
  m_CPU_enc_ECDSA: 242168360.76232791
  ME_ALLOC_S: 0
  ME_READ_S: 0
  ME_READ_L: 0
  ME_WRITE: 0
  ME_LARGE: 0
  ME_LATENCY: 0
  ME_THREADED: 0
  SUMM_CPU: 0
  SUMM_ME: 0
SystemInformation:
  OSName: Ubuntu 24.04.1 LTS
  Kernel: 6.8.0-1018-aws
  Device: ""
  Processor: ARM Neoverse-N1 2 Core 0 MHz
  NumSockets: 1
  Manufacturer: ARM
  NumCores: 2
  NumLogicals: 2
  CPUFrequency: 0
  Memory: 414
Checksum: DA7AA2A09EE50054EC89D0D92C205E3BF4B9D9D6