BaselineInfo:
  WebDBID: -1
  TimeStamp: 20241109040452
Version:
  Major: 11
  Minor: 0
  Build: 1002
  SpecialBuildName: ""
  ptArchitecture: x86_64_linux
Results:
  Results Complete: true
  NumTestProcesses: 48
  CPU_INTEGER_MATH: 199314.53700000004
  CPU_FLOATINGPOINT_MATH: 109535.62627850211
  CPU_PRIME: 283.63214678804883
  CPU_SORTING: 103563.99281563424
  CPU_ENCRYPTION: 51411.027440445563
  CPU_COMPRESSION: 750048.29085195996
  CPU_SINGLETHREAD: 2393.9349164566615
  CPU_PHYSICS: 5157.5871401439963
  CPU_MATRIX_MULT_SSE: 44968.490994122287
  CPU_mm: 5378.1538292091745
  CPU_sse: 22868.688651985183
  CPU_fma: 62468.490246035959
  CPU_avx: 49568.294084345711
  CPU_avx512: 0
  m_CPU_enc_SHA: 74529060211.533127
  m_CPU_enc_AES: 47649627338.675346
  m_CPU_enc_ECDSA: 39546420977.969467
  ME_ALLOC_S: 19658.427039233018
  ME_READ_S: 24456.9521484375
  ME_READ_L: 20408.5234375
  ME_WRITE: 19967.564453125
  ME_LARGE: 375058.5
  ME_LATENCY: 63.931239238141615
  ME_THREADED: 113474.91015625
  SUMM_CPU: 51304.660851760294
  SUMM_ME: 2911.5605175733035
SystemInformation:
  OSName: Ubuntu 24.04.1 LTS
  Kernel: 6.8.0-1017-azure
  Device: ""
  Processor: AMD EPYC 7763 64-Core Processor
  NumSockets: 1
  Manufacturer: AuthenticAMD
  NumCores: 24
  NumLogicals: 48
  CPUFrequency: 0
  Memory: 386748
  MemModuleInfo:
    iNumMemSticks: 3
    DIMM 1:
      manufacturer: Microsoft Corporation
      modulePartNo: None
      memType: Unknown
      size: 1
      clkspeed: 0
      moduleVoltage: 0
    DIMM 2:
      manufacturer: Microsoft Corporation
      modulePartNo: None
      memType: Unknown
      size: 60928
      clkspeed: 0
      moduleVoltage: 0
    DIMM 3:
      manufacturer: Microsoft Corporation
      modulePartNo: None
      memType: Unknown
      size: 331264
      clkspeed: 0
      moduleVoltage: 0
Checksum: 43F06649BBF8B5BBF60C7D0F4080B80882610D09