---
system-info:
      stress-ng-version: 0.17.08
      run-by: root
      date-yyyy-mm-dd: 2024:09:23
      time-hh-mm-ss: 22:41:56
      epoch-secs: 1727131316
      hostname: sc-runner
      sysname: Linux
      nodename: sc-runner
      release: 6.8.0-1014-azure
      version: '#16-Ubuntu SMP Thu Aug 15 20:04:41 UTC 2024'
      machine: x86_64
      compiler: 'musl-gcc 13.2.1'
      uptime: 316
      totalram: 405534785536
      freeram: 394473197568
      sharedram: 38498304
      bufferram: 251953152
      totalswap: 0
      freeswap: 0
      pagesize: 4096
      cpus: 48
      cpus-online: 48
      ticks-per-second: 100

metrics:
    - stressor: cpu
      bogo-ops: 1293432
      bogo-ops-per-second-usr-sys-time: 1348.309947
      bogo-ops-per-second-real-time: 64671.413865
      wall-clock-time: 20.000058
      user-time: 959.255743
      system-time: 0.042972
      cpu-usage-per-instance: 99.926662
      max-rss: 3200

...
