---
system-info:
      stress-ng-version: 0.17.08
      run-by: root
      date-yyyy-mm-dd: 2024:09:17
      time-hh-mm-ss: 12:29:47
      epoch-secs: 1726576187
      hostname: sc-runner
      sysname: Linux
      nodename: sc-runner
      release: 6.8.0-1014-azure
      version: '#16-Ubuntu SMP Thu Aug 15 20:04:41 UTC 2024'
      machine: x86_64
      compiler: 'musl-gcc 13.2.1'
      uptime: 352
      totalram: 456463183872
      freeram: 444335247360
      sharedram: 110100480
      bufferram: 303087616
      totalswap: 0
      freeswap: 0
      pagesize: 4096
      cpus: 64
      cpus-online: 64
      ticks-per-second: 100

metrics:
    - stressor: cpu
      bogo-ops: 636010
      bogo-ops-per-second-usr-sys-time: 497.152984
      bogo-ops-per-second-real-time: 31800.263828
      wall-clock-time: 20.000149
      user-time: 1279.208272
      system-time: 0.096127
      cpu-usage-per-instance: 99.944914
      max-rss: 3004

...
