---
system-info:
      stress-ng-version: 0.17.08
      run-by: root
      date-yyyy-mm-dd: 2024:09:17
      time-hh-mm-ss: 22:38:03
      epoch-secs: 1726612683
      hostname: sc-runner
      sysname: Linux
      nodename: sc-runner
      release: 6.8.0-1014-azure
      version: '#16-Ubuntu SMP Thu Aug 15 20:04:41 UTC 2024'
      machine: x86_64
      compiler: 'musl-gcc 13.2.1'
      uptime: 365
      totalram: 473387515904
      freeram: 461958045696
      sharedram: 88707072
      bufferram: 285634560
      totalswap: 0
      freeswap: 0
      pagesize: 4096
      cpus: 32
      cpus-online: 32
      ticks-per-second: 100

metrics:
    - stressor: cpu
      bogo-ops: 411882
      bogo-ops-per-second-usr-sys-time: 644.104059
      bogo-ops-per-second-real-time: 20593.894633
      wall-clock-time: 20.000199
      user-time: 639.394214
      system-time: 0.070783
      cpu-usage-per-instance: 99.915409
      max-rss: 2824

...
