---
system-info:
      stress-ng-version: 0.17.08
      run-by: root
      date-yyyy-mm-dd: 2024:06:09
      time-hh-mm-ss: 10:40:44
      epoch-secs: 1717929644
      hostname: 7d471de80b96
      sysname: Linux
      nodename: 7d471de80b96
      release: 6.8.0-1008-aws
      version: '#8-Ubuntu SMP Sat Apr 20 00:46:25 UTC 2024'
      machine: x86_64
      compiler: 'musl-gcc 13.2.1'
      uptime: 115
      totalram: 8158912512
      freeram: 3705212928
      sharedram: 113504256
      bufferram: 106729472
      totalswap: 0
      freeswap: 0
      pagesize: 4096
      cpus: 2
      cpus-online: 2
      ticks-per-second: 100

metrics:
    - stressor: cpu
      bogo-ops: 18047
      bogo-ops-per-second-usr-sys-time: 1804.553109
      bogo-ops-per-second-real-time: 1804.402170
      wall-clock-time: 10.001651
      user-time: 9.997813
      system-time: 0.003001
      cpu-usage-per-instance: 99.991636
      max-rss: 3920

...
