---
system-info:
      stress-ng-version: 0.17.08
      run-by: root
      date-yyyy-mm-dd: 2024:06:15
      time-hh-mm-ss: 13:01:02
      epoch-secs: 1718456462
      hostname: 264b65b02724
      sysname: Linux
      nodename: 264b65b02724
      release: 6.8.0-1008-aws
      version: '#8-Ubuntu SMP Sat Apr 20 00:46:25 UTC 2024'
      machine: x86_64
      compiler: 'musl-gcc 13.2.1'
      uptime: 129
      totalram: 8158904320
      freeram: 3789996032
      sharedram: 113504256
      bufferram: 109895680
      totalswap: 0
      freeswap: 0
      pagesize: 4096
      cpus: 2
      cpus-online: 2
      ticks-per-second: 100

metrics:
    - stressor: cpu
      bogo-ops: 40177
      bogo-ops-per-second-usr-sys-time: 2009.069390
      bogo-ops-per-second-real-time: 2008.837859
      wall-clock-time: 20.000121
      user-time: 19.994815
      system-time: 0.003001
      cpu-usage-per-instance: 99.988476
      max-rss: 1104

...
