---
system-info:
      stress-ng-version: 0.17.08
      run-by: root
      date-yyyy-mm-dd: 2024:06:14
      time-hh-mm-ss: 17:43:05
      epoch-secs: 1718386985
      hostname: 889fe52eb901
      sysname: Linux
      nodename: 889fe52eb901
      release: 6.8.0-1008-aws
      version: '#8-Ubuntu SMP Sat Apr 20 00:46:25 UTC 2024'
      machine: x86_64
      compiler: 'musl-gcc 13.2.1'
      uptime: 197
      totalram: 66330992640
      freeram: 61867909120
      sharedram: 11673600
      bufferram: 109895680
      totalswap: 0
      freeswap: 0
      pagesize: 4096
      cpus: 16
      cpus-online: 16
      ticks-per-second: 100

metrics:
    - stressor: cpu
      bogo-ops: 11691
      bogo-ops-per-second-usr-sys-time: 584.562539
      bogo-ops-per-second-real-time: 584.548126
      wall-clock-time: 20.000064
      user-time: 19.999571
      system-time: 0.000000
      cpu-usage-per-instance: 99.997534
      max-rss: 1104

...
