---
system-info:
      stress-ng-version: 0.17.08
      run-by: root
      date-yyyy-mm-dd: 2024:06:08
      time-hh-mm-ss: 11:18:40
      epoch-secs: 1717845520
      hostname: 4fd9dbe35e66
      sysname: Linux
      nodename: 4fd9dbe35e66
      release: 6.8.0-1008-aws
      version: '#8-Ubuntu SMP Sat Apr 20 00:46:25 UTC 2024'
      machine: x86_64
      compiler: 'musl-gcc 13.2.1'
      uptime: 160
      totalram: 66330988544
      freeram: 61916536832
      sharedram: 11673600
      bufferram: 101060608
      totalswap: 0
      freeswap: 0
      pagesize: 4096
      cpus: 16
      cpus-online: 16
      ticks-per-second: 100

metrics:
    - stressor: cpu
      bogo-ops: 9890
      bogo-ops-per-second-usr-sys-time: 988.785631
      bogo-ops-per-second-real-time: 988.836597
      wall-clock-time: 10.001652
      user-time: 10.000168
      system-time: 0.002000
      cpu-usage-per-instance: 100.005154
      max-rss: 3920

...
