BaselineInfo:
  WebDBID: -1
  TimeStamp: 20250714183133
Version:
  Major: 11
  Minor: 0
  Build: 1002
  SpecialBuildName: ""
  ptArchitecture: aarch64_linux
Results:
  Results Complete: true
  NumTestProcesses: 96
  CPU_INTEGER_MATH: 500540.5569999998
  CPU_FLOATINGPOINT_MATH: 581328.78255341551
  CPU_PRIME: 833.20411360658511
  CPU_SORTING: 431077.91013062384
  CPU_ENCRYPTION: 18136.802492895105
  CPU_COMPRESSION: 637031.30765412317
  CPU_SINGLETHREAD: 1942.1424290360651
  CPU_PHYSICS: 19062.874372977734
  CPU_MATRIX_MULT_SSE: 80490.592960165246
  CPU_mm: 10804.361982911229
  CPU_sse: 63399.918843007443
  CPU_fma: 97581.267077323093
  CPU_avx: 0
  CPU_avx512: 0
  m_CPU_enc_SHA: 28557861842.350571
  m_CPU_enc_AES: 10304327332.839237
  m_CPU_enc_ECDSA: 18191258257.180149
  ME_ALLOC_S: 47377.985655648365
  ME_READ_S: 21201.576953125001
  ME_READ_L: 19924.38671875
  ME_WRITE: 21292.205078125
  ME_LARGE: 176354.58333333334
  ME_LATENCY: 44.962068339318627
  ME_THREADED: 505561.60205078125
  SUMM_CPU: 56741.785868044695
  SUMM_ME: 3448.2955886645759
SystemInformation:
  OSName: Ubuntu 24.04.2 LTS
  Kernel: 6.8.0-1030-aws
  Device: ""
  Processor: ARM Neoverse-V2 96 Core 0 MHz
  NumSockets: 1
  Manufacturer: ARM
  NumCores: 96
  NumLogicals: 96
  CPUFrequency: 0
  Memory: 189770
Checksum: F6C08AF81B3844B8D59FADC225E6EEFCD58E7789