---
system-info:
      stress-ng-version: 0.17.08
      run-by: root
      date-yyyy-mm-dd: 2024:09:03
      time-hh-mm-ss: 08:49:50
      epoch-secs: 1725353390
      hostname: sc-runner
      sysname: Linux
      nodename: sc-runner
      release: 6.8.0-1013-azure
      version: '#15-Ubuntu SMP Thu Aug  8 18:40:40 UTC 2024'
      machine: x86_64
      compiler: 'musl-gcc 13.2.1'
      uptime: 346
      totalram: 33650921472
      freeram: 25088716800
      sharedram: 42070016
      bufferram: 209612800
      totalswap: 0
      freeswap: 0
      pagesize: 4096
      cpus: 8
      cpus-online: 8
      ticks-per-second: 100

metrics:
    - stressor: cpu
      bogo-ops: 148166
      bogo-ops-per-second-usr-sys-time: 928.926153
      bogo-ops-per-second-real-time: 7408.272656
      wall-clock-time: 20.000074
      user-time: 159.468472
      system-time: 0.033981
      cpu-usage-per-instance: 99.688665
      max-rss: 3256

...
