---
system-info:
      stress-ng-version: 0.17.08
      run-by: root
      date-yyyy-mm-dd: 2024:06:06
      time-hh-mm-ss: 04:16:32
      epoch-secs: 1717647392
      hostname: 145f7e7ce6d3
      sysname: Linux
      nodename: 145f7e7ce6d3
      release: 6.8.0-1008-aws
      version: '#8-Ubuntu SMP Sat Apr 20 00:46:25 UTC 2024'
      machine: x86_64
      compiler: 'musl-gcc 13.2.1'
      uptime: 111
      totalram: 66035679232
      freeram: 61534453760
      sharedram: 70610944
      bufferram: 80183296
      totalswap: 0
      freeswap: 0
      pagesize: 4096
      cpus: 32
      cpus-online: 32
      ticks-per-second: 100

metrics:
    - stressor: cpu
      bogo-ops: 418156
      bogo-ops-per-second-usr-sys-time: 1307.494826
      bogo-ops-per-second-real-time: 41809.008475
      wall-clock-time: 10.001577
      user-time: 319.759679
      system-time: 0.054971
      cpu-usage-per-instance: 99.926324
      max-rss: 4104

...
