---
system-info:
      stress-ng-version: 0.17.08
      run-by: root
      date-yyyy-mm-dd: 2024:06:14
      time-hh-mm-ss: 03:56:27
      epoch-secs: 1718337387
      hostname: b3c742c85bdc
      sysname: Linux
      nodename: b3c742c85bdc
      release: 6.8.0-1008-aws
      version: '#8-Ubuntu SMP Sat Apr 20 00:46:25 UTC 2024'
      machine: x86_64
      compiler: 'musl-gcc 13.2.1'
      uptime: 116
      totalram: 66035683328
      freeram: 61302235136
      sharedram: 70619136
      bufferram: 107429888
      totalswap: 0
      freeswap: 0
      pagesize: 4096
      cpus: 32
      cpus-online: 32
      ticks-per-second: 100

metrics:
    - stressor: cpu
      bogo-ops: 952005
      bogo-ops-per-second-usr-sys-time: 1488.659335
      bogo-ops-per-second-real-time: 47600.097200
      wall-clock-time: 20.000064
      user-time: 639.486957
      system-time: 0.017984
      cpu-usage-per-instance: 99.922326
      max-rss: 776

...
