BaselineInfo:
  WebDBID: -1
  TimeStamp: 20260611191039
Version:
  Major: 11
  Minor: 0
  Build: 1004
  SpecialBuildName: ""
  ptArchitecture: aarch64_linux
Results:
  Results Complete: true
  NumTestProcesses: 192
  CPU_INTEGER_MATH: 1172072.9463333325
  CPU_FLOATINGPOINT_MATH: 1463908.1666467313
  CPU_PRIME: 2291.2232589957189
  CPU_SORTING: 909593.67865217105
  CPU_ENCRYPTION: 56703.125013729332
  CPU_COMPRESSION: 1788855.5764908725
  CPU_SINGLETHREAD: 2474.4146537323727
  CPU_PHYSICS: 42560.806863521801
  CPU_MATRIX_MULT_SSE: 244429.25800369776
  CPU_mm: 25600.470400467118
  CPU_sse: 194540.84571830698
  CPU_fma: 294317.67028908822
  CPU_avx: 0
  CPU_avx512: 0
  m_CPU_enc_SHA: 94885919001.475769
  m_CPU_enc_AES: 26486460799.023479
  m_CPU_enc_ECDSA: 57000228242.689384
  ME_ALLOC_S: 62631.80160032821
  ME_READ_S: 22334.672070312499
  ME_READ_L: 24683.3125
  ME_WRITE: 25137.294921875
  ME_LARGE: 756489.91666666663
  ME_LATENCY: 30.869534226496583
  ME_THREADED: 900421.58544921875
  SUMM_CPU: 107871.70175040048
  SUMM_ME: 4353.8117219918213
SystemInformation:
  OSName: Ubuntu 24.04.4 LTS
  Kernel: 6.17.0-1017-aws
  Device: ""
  Processor: ARM Neoverse-V3 192 Core 0 MHz
  NumSockets: 1
  Manufacturer: ARM
  NumCores: 192
  NumLogicals: 192
  CPUFrequency: 0
  CPUMaxFrequency: 0
  Memory: 772422
Checksum: 9F3BA451582EA39AFF440B756ACC5BDF7096A184