---
system-info:
      stress-ng-version: 0.17.08
      run-by: root
      date-yyyy-mm-dd: 2024:09:12
      time-hh-mm-ss: 21:06:29
      epoch-secs: 1726175189
      hostname: ip-172-31-41-237
      sysname: Linux
      nodename: ip-172-31-41-237
      release: 6.8.0-1014-aws
      version: '#15-Ubuntu SMP Thu Aug  8 19:13:06 UTC 2024'
      machine: x86_64
      compiler: 'musl-gcc 13.2.1'
      uptime: 229
      totalram: 2063029157888
      freeram: 2051015675904
      sharedram: 96251904
      bufferram: 223985664
      totalswap: 0
      freeswap: 0
      pagesize: 4096
      cpus: 64
      cpus-online: 64
      ticks-per-second: 100

metrics:
    - stressor: cpu
      bogo-ops: 569800
      bogo-ops-per-second-usr-sys-time: 445.512793
      bogo-ops-per-second-real-time: 28489.739354
      wall-clock-time: 20.000183
      user-time: 1278.945718
      system-time: 0.029901
      cpu-usage-per-instance: 99.919056
      max-rss: 512

...
