---
system-info:
      stress-ng-version: 0.17.08
      run-by: root
      date-yyyy-mm-dd: 2024:07:12
      time-hh-mm-ss: 15:57:55
      epoch-secs: 1720799875
      hostname: ip-172-31-35-245
      sysname: Linux
      nodename: ip-172-31-35-245
      release: 6.8.0-1010-aws
      version: '#10-Ubuntu SMP Thu Jun 13 17:36:15 UTC 2024'
      machine: x86_64
      compiler: 'musl-gcc 13.2.1'
      uptime: 339
      totalram: 515633979392
      freeram: 506860908544
      sharedram: 96362496
      bufferram: 132935680
      totalswap: 0
      freeswap: 0
      pagesize: 4096
      cpus: 64
      cpus-online: 64
      ticks-per-second: 100

metrics:
    - stressor: cpu
      bogo-ops: 586212
      bogo-ops-per-second-usr-sys-time: 458.309445
      bogo-ops-per-second-real-time: 29310.349164
      wall-clock-time: 20.000171
      user-time: 1279.044769
      system-time: 0.029895
      cpu-usage-per-instance: 99.926853
      max-rss: 512

...
