BaselineInfo:
  WebDBID: -1
  TimeStamp: 20241115000052
Version:
  Major: 11
  Minor: 0
  Build: 1002
  SpecialBuildName: ""
  ptArchitecture: x86_64_linux
Results:
  Results Complete: true
  NumTestProcesses: 2
  CPU_INTEGER_MATH: 8369.006666666668
  CPU_FLOATINGPOINT_MATH: 4281.3285142432251
  CPU_PRIME: 18.420788704530182
  CPU_SORTING: 4373.7883793686742
  CPU_ENCRYPTION: 1820.1333670741408
  CPU_COMPRESSION: 32466.6070538022
  CPU_SINGLETHREAD: 2372.2866020300462
  CPU_PHYSICS: 357.65126014234551
  CPU_MATRIX_MULT_SSE: 1657.3118378175104
  CPU_mm: 180.39116927381122
  CPU_sse: 793.67561936756374
  CPU_fma: 2182.3367545559058
  CPU_avx: 1611.6434961301711
  CPU_avx512: 2041.5914812164008
  m_CPU_enc_SHA: 1831656621.6913211
  m_CPU_enc_AES: 2752144551.8588347
  m_CPU_enc_ECDSA: 1141843322.9892464
  ME_ALLOC_S: 1014.8142513831854
  ME_READ_S: 23907.0185546875
  ME_READ_L: 10274.4296875
  ME_WRITE: 10155.3671875
  ME_LARGE: 667.91666666666663
  ME_LATENCY: 53.156798550391521
  ME_THREADED: 15031.1025390625
  SUMM_CPU: 2985.1190290386562
  SUMM_ME: 1021.8781843762533
SystemInformation:
  OSName: Ubuntu 24.04.1 LTS
  Kernel: 6.8.0-1017-azure
  Device: ""
  Processor: Intel Xeon Platinum 8370C CPU @ 2.80GHz
  NumSockets: 1
  Manufacturer: GenuineIntel
  NumCores: 1
  NumLogicals: 2
  CPUFrequency: 2800
  Memory: 3911
  MemModuleInfo:
    iNumMemSticks: 2
    DIMM 1:
      manufacturer: Microsoft Corporation
      modulePartNo: None
      memType: Unknown
      size: 1
      clkspeed: 0
      moduleVoltage: 0
    DIMM 2:
      manufacturer: Microsoft Corporation
      modulePartNo: None
      memType: Unknown
      size: 3
      clkspeed: 0
      moduleVoltage: 0
Checksum: F600F319EA67928E2E537FDC2EF98A40FF614050