BaselineInfo:
  WebDBID: -1
  TimeStamp: 20241107045723
Version:
  Major: 11
  Minor: 0
  Build: 1002
  SpecialBuildName: ""
  ptArchitecture: x86_64_linux
Results:
  Results Complete: true
  NumTestProcesses: 2
  CPU_INTEGER_MATH: 8360.3919999999998
  CPU_FLOATINGPOINT_MATH: 4275.0209690280972
  CPU_PRIME: 18.982107235766684
  CPU_SORTING: 4355.6438059045195
  CPU_ENCRYPTION: 1814.509926945816
  CPU_COMPRESSION: 32441.787911140535
  CPU_SINGLETHREAD: 2358.1787860259228
  CPU_PHYSICS: 358.3365859968734
  CPU_MATRIX_MULT_SSE: 1653.3842370658549
  CPU_mm: 180.39319343596617
  CPU_sse: 786.0803103013385
  CPU_fma: 2180.2623429654977
  CPU_avx: 1610.9942154502367
  CPU_avx512: 2036.2000795463468
  m_CPU_enc_SHA: 1829810160.1098742
  m_CPU_enc_AES: 2751415142.2939472
  m_CPU_enc_ECDSA: 1126729381.0675859
  ME_ALLOC_S: 1006.6255082959317
  ME_READ_S: 24063.250585937501
  ME_READ_L: 10999.01953125
  ME_WRITE: 10382.8134765625
  ME_LARGE: 637.91666666666663
  ME_LATENCY: 54.264728206287828
  ME_THREADED: 15022.59033203125
  SUMM_CPU: 2982.8262633247036
  SUMM_ME: 1001.8837547336054
SystemInformation:
  OSName: Ubuntu 24.04.1 LTS
  Kernel: 6.8.0-1017-azure
  Device: ""
  Processor: Intel Xeon Platinum 8370C CPU @ 2.80GHz
  NumSockets: 1
  Manufacturer: GenuineIntel
  NumCores: 1
  NumLogicals: 2
  CPUFrequency: 2800
  Memory: 3911
  MemModuleInfo:
    iNumMemSticks: 2
    DIMM 1:
      manufacturer: Microsoft Corporation
      modulePartNo: None
      memType: Unknown
      size: 1
      clkspeed: 0
      moduleVoltage: 0
    DIMM 2:
      manufacturer: Microsoft Corporation
      modulePartNo: None
      memType: Unknown
      size: 3
      clkspeed: 0
      moduleVoltage: 0
Checksum: 8AC2D7D742138679A43BAAAD4F4C801E9CF2E5F7