BaselineInfo:
  WebDBID: -1
  TimeStamp: 20241115160403
Version:
  Major: 11
  Minor: 0
  Build: 1002
  SpecialBuildName: ""
  ptArchitecture: x86_64_linux
Results:
  Results Complete: true
  NumTestProcesses: 2
  CPU_INTEGER_MATH: 8364.4389999999985
  CPU_FLOATINGPOINT_MATH: 4278.6448894313417
  CPU_PRIME: 18.997967542558094
  CPU_SORTING: 4347.8185895689594
  CPU_ENCRYPTION: 1818.1573018582455
  CPU_COMPRESSION: 32364.379639871368
  CPU_SINGLETHREAD: 2369.0711391636114
  CPU_PHYSICS: 356.38164129894176
  CPU_MATRIX_MULT_SSE: 1672.4717153952415
  CPU_mm: 180.56305137317761
  CPU_sse: 794.37864417407081
  CPU_fma: 2179.7665631019518
  CPU_avx: 1610.4265284676023
  CPU_avx512: 2105.31512583734
  m_CPU_enc_SHA: 1830095719.8840601
  m_CPU_enc_AES: 2756358197.792088
  m_CPU_enc_ECDSA: 1132974415.1837866
  ME_ALLOC_S: 1018.7984452008312
  ME_READ_S: 24253.742382812499
  ME_READ_L: 11264.95703125
  ME_WRITE: 10255.3046875
  ME_LARGE: 669
  ME_LATENCY: 54.442302692876723
  ME_THREADED: 15402.88427734375
  SUMM_CPU: 2987.6303313131134
  SUMM_ME: 1030.0243882494035
SystemInformation:
  OSName: Ubuntu 24.04.1 LTS
  Kernel: 6.8.0-1017-azure
  Device: ""
  Processor: Intel Xeon Platinum 8370C CPU @ 2.80GHz
  NumSockets: 1
  Manufacturer: GenuineIntel
  NumCores: 1
  NumLogicals: 2
  CPUFrequency: 2800
  Memory: 3911
  MemModuleInfo:
    iNumMemSticks: 2
    DIMM 1:
      manufacturer: Microsoft Corporation
      modulePartNo: None
      memType: Unknown
      size: 1
      clkspeed: 0
      moduleVoltage: 0
    DIMM 2:
      manufacturer: Microsoft Corporation
      modulePartNo: None
      memType: Unknown
      size: 3
      clkspeed: 0
      moduleVoltage: 0
Checksum: 7E05AEE11B813D3AF41297DE1A05ACDB385E8384