---
system-info:
      stress-ng-version: 0.17.08
      run-by: root
      date-yyyy-mm-dd: 2024:09:16
      time-hh-mm-ss: 22:25:15
      epoch-secs: 1726525515
      hostname: sc-runner
      sysname: Linux
      nodename: sc-runner
      release: 6.8.0-1014-azure
      version: '#16-Ubuntu SMP Thu Aug 15 20:04:41 UTC 2024'
      machine: x86_64
      compiler: 'musl-gcc 13.2.1'
      uptime: 298
      totalram: 135065247744
      freeram: 124577062912
      sharedram: 54960128
      bufferram: 255496192
      totalswap: 0
      freeswap: 0
      pagesize: 4096
      cpus: 16
      cpus-online: 16
      ticks-per-second: 100

metrics:
    - stressor: cpu
      bogo-ops: 38000
      bogo-ops-per-second-usr-sys-time: 1899.999430
      bogo-ops-per-second-real-time: 1899.995447
      wall-clock-time: 20.000048
      user-time: 20.000006
      system-time: 0.000000
      cpu-usage-per-instance: 99.999790
      max-rss: 3024

...
