BaselineInfo:
  WebDBID: -1
  TimeStamp: 20260615163326
Version:
  Major: 11
  Minor: 0
  Build: 1004
  SpecialBuildName: ""
  ptArchitecture: x86_64_linux
Results:
  Results Complete: true
  NumTestProcesses: 1
  CPU_INTEGER_MATH: 6553.5366666666669
  CPU_FLOATINGPOINT_MATH: 5777.9972481329823
  CPU_PRIME: 20.542683192737886
  CPU_SORTING: 4099.8144702436603
  CPU_ENCRYPTION: 1416.2420289488689
  CPU_COMPRESSION: 28620.297285082965
  CPU_SINGLETHREAD: 3067.3217567777001
  CPU_PHYSICS: 378.23657446709984
  CPU_MATRIX_MULT_SSE: 2470.7594028227122
  CPU_mm: 284.68366997532291
  CPU_sse: 1241.7938713333137
  CPU_fma: 3672.3930689701483
  CPU_avx: 3144.2927974732984
  CPU_avx512: 1824.5578735140884
  m_CPU_enc_SHA: 1981226870.5605016
  m_CPU_enc_AES: 1257827080.0459557
  m_CPU_enc_ECDSA: 1216058254.6348102
  ME_ALLOC_S: 1111.6321114213961
  ME_READ_S: 30041.391992187499
  ME_READ_L: 27562.06640625
  ME_WRITE: 27328.708984375
  ME_LARGE: 2916.3333333333335
  ME_LATENCY: 70.171355136644607
  ME_THREADED: 27186.205078125
  SUMM_CPU: 2969.3893659056671
  SUMM_ME: 1921.9494530317149
SystemInformation:
  OSName: Ubuntu 24.04.4 LTS
  Kernel: 6.8.0-124-generic
  Device: ""
  Processor: AMD EPYC-Genoa Processor
  NumSockets: 1
  Manufacturer: AuthenticAMD
  NumCores: 1
  NumLogicals: 1
  CPUFrequency: 0
  CPUMaxFrequency: 0
  Memory: 7935
  CPUInfo:
    number: 1
    Family: 15
    Model: 1
    stepping: 0
    features: 126614527
    manufacture: AuthenticAMD
    typestring: AMD EPYC-Genoa Processor
    iCoresPerPackage: 1
    iThreadsPerPackage: 1
    featuresEx:
      - 126614527
      - 4277809667
      - 802421759
    bHybrid: false
    nPCore: 0
    nLogicalsPerPCore: 0
    nECore: 0
    nLogicalsPerECore: 0
  MemModuleInfo:
    iNumMemSticks: 1
    DIMM 1:
      manufacturer: QEMU
      modulePartNo: Not Specified
      memType: RAM
      size: 8
      clkspeed: 0
      moduleVoltage: 0
Checksum: 1FE63D5ADA551E18CB8A8542D29A493840D6A9D1