---
system-info:
      stress-ng-version: 0.17.08
      run-by: root
      date-yyyy-mm-dd: 2024:06:21
      time-hh-mm-ss: 04:15:09
      epoch-secs: 1718943309
      hostname: dde8d221cdb0
      sysname: Linux
      nodename: dde8d221cdb0
      release: 6.8.0-1008-gcp
      version: '#9-Ubuntu SMP Wed May 22 18:09:04 UTC 2024'
      machine: x86_64
      compiler: 'musl-gcc 13.2.1'
      uptime: 163
      totalram: 8322801664
      freeram: 3240505344
      sharedram: 34992128
      bufferram: 134414336
      totalswap: 0
      freeswap: 0
      pagesize: 4096
      cpus: 8
      cpus-online: 8
      ticks-per-second: 100

metrics:
    - stressor: cpu
      bogo-ops: 53858
      bogo-ops-per-second-usr-sys-time: 2692.955071
      bogo-ops-per-second-real-time: 2692.890979
      wall-clock-time: 20.000067
      user-time: 19.998592
      system-time: 0.000999
      cpu-usage-per-instance: 99.997620
      max-rss: 1104

...
