size_kb,operation,bandwidth_mb_s,latency_ns,latency_stddev_ns,latency_samples,threads,iterations,elapsed_s
32,read,106688.12,0,0,0,2,430292,0.252074
32,write,109554.53,0,0,0,2,274423,0.156556
32,copy,74400.94,0,0,0,2,437827,0.367794
32,latency,0,1.13,0.01,7,1,7,0.162335
128,read,106866.19,0,0,0,2,190548,0.445763
128,write,109290.00,0,0,0,2,136388,0.311986
128,copy,74898.39,0,0,0,2,97885,0.326726
128,latency,0,3.05,0.01,7,1,7,0.670316
512,read,101637.54,0,0,0,2,46572,0.458216
512,write,107147.67,0,0,0,2,33413,0.311841
512,copy,48934.27,0,0,0,2,21631,0.442042
512,latency,0,4.26,0.01,7,1,7,0.696291
1024,read,94366.40,0,0,0,2,21371,0.452937
1024,write,96927.70,0,0,0,2,16742,0.345453
1024,copy,43652.00,0,0,0,2,8607,0.394346
1024,latency,0,6.50,0.04,7,1,7,0.706250
2048,read,86124.85,0,0,0,2,10409,0.483438
2048,write,86098.98,0,0,0,2,7678,0.356706
2048,copy,42604.96,0,0,0,2,3429,0.321934
2048,latency,0,11.58,0.04,7,1,7,0.688314
8192,read,85592.71,0,0,0,2,2540,0.474807
8192,write,66960.41,0,0,0,2,894,0.213619
8192,copy,27364.81,0,0,0,2,472,0.275975
8192,latency,0,13.42,0.06,7,1,7,0.725482
16384,read,65799.07,0,0,0,2,989,0.480979
16384,write,37632.56,0,0,0,2,300,0.255098
16384,copy,19326.22,0,0,0,2,204,0.337780
16384,latency,0,14.21,2.78,21,1,21,2.129692
32768,read,40404.76,0,0,0,2,245,0.388073
32768,write,32232.16,0,0,0,2,148,0.293868
32768,copy,14777.47,0,0,0,2,98,0.424430
32768,latency,0,112.38,20.25,21,1,21,5.678085
65536,read,30780.40,0,0,0,2,108,0.449117
65536,write,27358.13,0,0,0,2,70,0.327508
65536,copy,13199.72,0,0,0,2,48,0.465465
65536,latency,0,183.79,5.17,7,1,7,8.168061
131072,read,27703.09,0,0,0,2,52,0.480524
131072,write,25203.37,0,0,0,2,29,0.294564
131072,copy,12676.86,0,0,0,2,22,0.444274
131072,latency,0,214.25,2.88,7,1,7,18.847903
