BaselineInfo:
  WebDBID: -1
  TimeStamp: 20260621192028
Version:
  Major: 11
  Minor: 0
  Build: 1004
  SpecialBuildName: ""
  ptArchitecture: x86_64_linux
Results:
  Results Complete: true
  NumTestProcesses: 80
  CPU_INTEGER_MATH: 586505.44000000006
  CPU_FLOATINGPOINT_MATH: 542641.24636357883
  CPU_PRIME: 1808.519717932038
  CPU_SORTING: 283496.62527251872
  CPU_ENCRYPTION: 117191.96487013959
  CPU_COMPRESSION: 2132401.0099240206
  CPU_SINGLETHREAD: 3840.4584438783818
  CPU_PHYSICS: 24492.027281256986
  CPU_MATRIX_MULT_SSE: 174751.47781619741
  CPU_mm: 20719.784215025084
  CPU_sse: 66151.115173603874
  CPU_fma: 226056.05519639238
  CPU_avx: 138420.45772929426
  CPU_avx512: 268378.28316549904
  m_CPU_enc_SHA: 164636350083.47195
  m_CPU_enc_AES: 104204788180.49658
  m_CPU_enc_ECDSA: 99812907003.045853
  ME_ALLOC_S: 39850.543528156028
  ME_READ_S: 33961.372656250001
  ME_READ_L: 30999.705078125
  ME_WRITE: 30520.318359375
  ME_LARGE: 633956.91666666663
  ME_LATENCY: 80.038258543429592
  ME_THREADED: 522253.24169921875
  SUMM_CPU: 128998.37704901565
  SUMM_ME: 2962.1249052852895
SystemInformation:
  OSName: Ubuntu 24.04.4 LTS
  Kernel: 6.17.0-1018-azure
  Device: ""
  Processor: "AMD EPYC 9V45 96-Core Processor                "
  NumSockets: 1
  Manufacturer: AuthenticAMD
  NumCores: 80
  NumLogicals: 80
  CPUFrequency: 0
  CPUMaxFrequency: 0
  Memory: 644975
  CPUInfo:
    number: 1
    Family: 15
    Model: 2
    stepping: 1
    features: 395049983
    manufacture: AuthenticAMD
    typestring: "AMD EPYC 9V45 96-Core Processor                "
    iCoresPerPackage: 128
    iThreadsPerPackage: 1
    featuresEx:
      - 395049983
      - 4277809667
      - 802421759
    bHybrid: false
    nPCore: 0
    nLogicalsPerPCore: 0
    nECore: 0
    nLogicalsPerECore: 0
  MemModuleInfo:
    iNumMemSticks: 4
    DIMM 1:
      manufacturer: Microsoft Corporation
      modulePartNo: None
      memType: Unknown
      size: 1
      clkspeed: 0
      moduleVoltage: 0
    DIMM 2:
      manufacturer: Microsoft Corporation
      modulePartNo: None
      memType: Unknown
      size: 59
      clkspeed: 0
      moduleVoltage: 0
    DIMM 3:
      manufacturer: Microsoft Corporation
      modulePartNo: None
      memType: Unknown
      size: 260
      clkspeed: 0
      moduleVoltage: 0
    DIMM 4:
      manufacturer: Microsoft Corporation
      modulePartNo: None
      memType: Unknown
      size: 320
      clkspeed: 0
      moduleVoltage: 0
Checksum: D8CDFDAD39B745D06702832046A99E4A3C8B6632