---
system-info:
      stress-ng-version: 0.17.08
      run-by: root
      date-yyyy-mm-dd: 2024:07:02
      time-hh-mm-ss: 07:52:36
      epoch-secs: 1719906756
      hostname: c2d-standard-32-4f78697
      sysname: Linux
      nodename: c2d-standard-32-4f78697
      release: 6.8.0-1009-gcp
      version: '#10-Ubuntu SMP Wed Jun 12 18:52:23 UTC 2024'
      machine: x86_64
      compiler: 'musl-gcc 13.2.1'
      uptime: 159
      totalram: 135061839872
      freeram: 129546731520
      sharedram: 35065856
      bufferram: 127811584
      totalswap: 0
      freeswap: 0
      pagesize: 4096
      cpus: 32
      cpus-online: 32
      ticks-per-second: 100

metrics:
    - stressor: cpu
      bogo-ops: 58124
      bogo-ops-per-second-usr-sys-time: 2906.208864
      bogo-ops-per-second-real-time: 2906.195254
      wall-clock-time: 20.000033
      user-time: 19.999939
      system-time: 0.000000
      cpu-usage-per-instance: 99.999532
      max-rss: 1032

...
