BaselineInfo:
  WebDBID: -1
  TimeStamp: 20260404092929
Version:
  Major: 11
  Minor: 0
  Build: 1004
  SpecialBuildName: ""
  ptArchitecture: x86_64_linux
Results:
  Results Complete: true
  NumTestProcesses: 8
  CPU_INTEGER_MATH: 33696.292333333331
  CPU_FLOATINGPOINT_MATH: 17229.076458967978
  CPU_PRIME: 74.383502448620689
  CPU_SORTING: 17572.452097233356
  CPU_ENCRYPTION: 7298.8389449517254
  CPU_COMPRESSION: 124443.44357677763
  CPU_SINGLETHREAD: 2367.0166743445743
  CPU_PHYSICS: 1378.1970767365374
  CPU_MATRIX_MULT_SSE: 6993.4486675345042
  CPU_mm: 726.06974398377997
  CPU_sse: 3193.0007848518876
  CPU_fma: 8767.2320334681681
  CPU_avx: 6483.855113834994
  CPU_avx512: 9529.7067379829678
  m_CPU_enc_SHA: 7384298396.8689995
  m_CPU_enc_AES: 11090938307.978718
  m_CPU_enc_ECDSA: 4484925331.7773838
  ME_ALLOC_S: 3923.8725067336654
  ME_READ_S: 24176.9111328125
  ME_READ_L: 9062.8115234375
  ME_WRITE: 9581.7119140625
  ME_LARGE: 3679.5833333333335
  ME_LATENCY: 62.290841059949464
  ME_THREADED: 36892.8486328125
  SUMM_CPU: 11379.975942290479
  SUMM_ME: 1861.6447830577931
SystemInformation:
  OSName: Ubuntu 24.04.4 LTS
  Kernel: 6.8.0-106-generic
  Device: ""
  Processor: Intel(R) Xeon(R) Platinum 8369B CPU @ 2.70GHz
  NumSockets: 1
  Manufacturer: GenuineIntel
  NumCores: 4
  NumLogicals: 8
  CPUFrequency: 0
  CPUMaxFrequency: 0
  Memory: 7017
  CPUInfo:
    number: 1
    Family: 6
    Model: 10
    stepping: 6
    features: 529267711
    manufacture: GenuineIntel
    typestring: Intel(R) Xeon(R) Platinum 8369B CPU @ 2.70GHz
    iCoresPerPackage: 4
    iThreadsPerPackage: 2
    featuresEx:
      - 529267711
      - 4277809667
      - 739248128
    bHybrid: false
    nPCore: 0
    nLogicalsPerPCore: 0
    nECore: 0
    nLogicalsPerECore: 0
  MemModuleInfo:
    iNumMemSticks: 1
    DIMM 1:
      manufacturer: Alibaba Cloud
      modulePartNo: Not Specified
      memType: RAM
      size: 8
      clkspeed: 0
      moduleVoltage: 0
Checksum: 7183A8A8EFB05CE17BC6BB7FF0E559B935071E19