---
system-info:
      stress-ng-version: 0.17.08
      run-by: root
      date-yyyy-mm-dd: 2024:08:30
      time-hh-mm-ss: 19:25:50
      epoch-secs: 1725045950
      hostname: sc-runner
      sysname: Linux
      nodename: sc-runner
      release: 6.8.0-1013-azure
      version: '#15-Ubuntu SMP Thu Aug  8 18:40:40 UTC 2024'
      machine: x86_64
      compiler: 'musl-gcc 13.2.1'
      uptime: 356
      totalram: 16766070784
      freeram: 8301629440
      sharedram: 42053632
      bufferram: 209154048
      totalswap: 0
      freeswap: 0
      pagesize: 4096
      cpus: 4
      cpus-online: 4
      ticks-per-second: 100

metrics:
    - stressor: cpu
      bogo-ops: 74228
      bogo-ops-per-second-usr-sys-time: 932.796081
      bogo-ops-per-second-real-time: 3711.381407
      wall-clock-time: 20.000100
      user-time: 79.559825
      system-time: 0.015981
      cpu-usage-per-instance: 99.469259
      max-rss: 3152

...
