BaselineInfo:
  WebDBID: -1
  TimeStamp: 20260404194721
Version:
  Major: 11
  Minor: 0
  Build: 1004
  SpecialBuildName: ""
  ptArchitecture: x86_64_linux
Results:
  Results Complete: true
  NumTestProcesses: 16
  CPU_INTEGER_MATH: 51281.548666666662
  CPU_FLOATINGPOINT_MATH: 27500.491356842751
  CPU_PRIME: 96.226603925003687
  CPU_SORTING: 31062.269516092023
  CPU_ENCRYPTION: 7091.7252344833105
  CPU_COMPRESSION: 235494.90952380333
  CPU_SINGLETHREAD: 2158.1856793887318
  CPU_PHYSICS: 1649.6185642058956
  CPU_MATRIX_MULT_SSE: 14294.414301004261
  CPU_mm: 1559.1121800494795
  CPU_sse: 5628.8062533143984
  CPU_fma: 17401.987822034411
  CPU_avx: 12297.970626442153
  CPU_avx512: 21848.892502226077
  m_CPU_enc_SHA: 2317742857.3085155
  m_CPU_enc_AES: 17891147412.038349
  m_CPU_enc_ECDSA: 2099748369.0738492
  ME_ALLOC_S: 5955.8777322617188
  ME_READ_S: 24616.437304687501
  ME_READ_L: 10038.58984375
  ME_WRITE: 9863.4599609375
  ME_LARGE: 113132.75
  ME_LATENCY: 51.859184789370175
  ME_THREADED: 87102.30615234375
  SUMM_CPU: 16780.301060351012
  SUMM_ME: 2582.596135594531
SystemInformation:
  OSName: Ubuntu 24.04.4 LTS
  Kernel: 6.8.0-106-generic
  Device: ""
  Processor: Intel(R) Xeon(R) Platinum 8269CY CPU T 3.10GHz
  NumSockets: 1
  Manufacturer: GenuineIntel
  NumCores: 8
  NumLogicals: 16
  CPUFrequency: 3100
  CPUMaxFrequency: 3800
  Memory: 126267
  CPUInfo:
    number: 1
    Family: 6
    Model: 5
    stepping: 7
    features: 529267711
    manufacture: GenuineIntel
    typestring: Intel(R) Xeon(R) Platinum 8269CY CPU T 3.10GHz
    iCoresPerPackage: 8
    iThreadsPerPackage: 2
    featuresEx:
      - 529267711
      - 4277809667
      - 739248128
    bHybrid: false
    nPCore: 0
    nLogicalsPerPCore: 0
    nECore: 0
    nLogicalsPerECore: 0
  MemModuleInfo:
    iNumMemSticks: 8
    DIMM 1:
      manufacturer: Alibaba Cloud
      modulePartNo: Not Specified
      memType: RAM
      size: 16
      clkspeed: 0
      moduleVoltage: 0
    DIMM 2:
      manufacturer: Alibaba Cloud
      modulePartNo: Not Specified
      memType: RAM
      size: 16
      clkspeed: 0
      moduleVoltage: 0
    DIMM 3:
      manufacturer: Alibaba Cloud
      modulePartNo: Not Specified
      memType: RAM
      size: 16
      clkspeed: 0
      moduleVoltage: 0
    DIMM 4:
      manufacturer: Alibaba Cloud
      modulePartNo: Not Specified
      memType: RAM
      size: 16
      clkspeed: 0
      moduleVoltage: 0
    DIMM 5:
      manufacturer: Alibaba Cloud
      modulePartNo: Not Specified
      memType: RAM
      size: 16
      clkspeed: 0
      moduleVoltage: 0
    DIMM 6:
      manufacturer: Alibaba Cloud
      modulePartNo: Not Specified
      memType: RAM
      size: 16
      clkspeed: 0
      moduleVoltage: 0
    DIMM 7:
      manufacturer: Alibaba Cloud
      modulePartNo: Not Specified
      memType: RAM
      size: 16
      clkspeed: 0
      moduleVoltage: 0
    DIMM 8:
      manufacturer: Alibaba Cloud
      modulePartNo: Not Specified
      memType: RAM
      size: 16
      clkspeed: 0
      moduleVoltage: 0
Checksum: 30D4E3A42FD78891313184E7CEC6FC6694C8A522