---
system-info:
      stress-ng-version: 0.17.08
      run-by: root
      date-yyyy-mm-dd: 2024:09:16
      time-hh-mm-ss: 00:34:16
      epoch-secs: 1726446856
      hostname: sc-runner
      sysname: Linux
      nodename: sc-runner
      release: 6.8.0-1014-azure
      version: '#16-Ubuntu SMP Thu Aug 15 20:04:41 UTC 2024'
      machine: x86_64
      compiler: 'musl-gcc 13.2.1'
      uptime: 267
      totalram: 16765026304
      freeram: 6706556928
      sharedram: 54898688
      bufferram: 222474240
      totalswap: 0
      freeswap: 0
      pagesize: 4096
      cpus: 4
      cpus-online: 4
      ticks-per-second: 100

metrics:
    - stressor: cpu
      bogo-ops: 77480
      bogo-ops-per-second-usr-sys-time: 972.659505
      bogo-ops-per-second-real-time: 3873.983987
      wall-clock-time: 20.000083
      user-time: 79.636904
      system-time: 0.020982
      cpu-usage-per-instance: 99.571946
      max-rss: 3128

...
