---
system-info:
      stress-ng-version: 0.17.08
      run-by: root
      date-yyyy-mm-dd: 2024:09:16
      time-hh-mm-ss: 13:13:11
      epoch-secs: 1726492391
      hostname: sc-runner
      sysname: Linux
      nodename: sc-runner
      release: 6.8.0-1014-azure
      version: '#16-Ubuntu SMP Thu Aug 15 20:04:41 UTC 2024'
      machine: x86_64
      compiler: 'musl-gcc 13.2.1'
      uptime: 235
      totalram: 67422384128
      freeram: 57026334720
      sharedram: 54931456
      bufferram: 225988608
      totalswap: 0
      freeswap: 0
      pagesize: 4096
      cpus: 8
      cpus-online: 8
      ticks-per-second: 100

metrics:
    - stressor: cpu
      bogo-ops: 303304
      bogo-ops-per-second-usr-sys-time: 1897.815597
      bogo-ops-per-second-real-time: 15165.176634
      wall-clock-time: 20.000031
      user-time: 159.809429
      system-time: 0.007995
      cpu-usage-per-instance: 99.885736
      max-rss: 3252

...
