---
system-info:
      stress-ng-version: 0.17.08
      run-by: root
      date-yyyy-mm-dd: 2024:07:09
      time-hh-mm-ss: 16:54:13
      epoch-secs: 1720544053
      hostname: ip-172-31-15-187
      sysname: Linux
      nodename: ip-172-31-15-187
      release: 6.8.0-1009-aws
      version: '#9-Ubuntu SMP Fri May 17 20:15:49 UTC 2024'
      machine: aarch64
      compiler: 'musl-gcc 13.2.1'
      uptime: 162
      totalram: 16435630080
      freeram: 11405004800
      sharedram: 39235584
      bufferram: 133230592
      totalswap: 0
      freeswap: 0
      pagesize: 4096
      cpus: 2
      cpus-online: 2
      ticks-per-second: 100

metrics:
    - stressor: cpu
      bogo-ops: 68063
      bogo-ops-per-second-usr-sys-time: 1707.046340
      bogo-ops-per-second-real-time: 3403.140000
      wall-clock-time: 20.000059
      user-time: 39.870796
      system-time: 0.000998
      cpu-usage-per-instance: 99.679192
      max-rss: 1192

...
