---
system-info:
      stress-ng-version: 0.17.08
      run-by: root
      date-yyyy-mm-dd: 2024:09:17
      time-hh-mm-ss: 16:04:44
      epoch-secs: 1726589084
      hostname: sc-runner
      sysname: Linux
      nodename: sc-runner
      release: 6.8.0-1014-azure
      version: '#16-Ubuntu SMP Thu Aug 15 20:04:41 UTC 2024'
      machine: x86_64
      compiler: 'musl-gcc 13.2.1'
      uptime: 311
      totalram: 541034262528
      freeram: 529417035776
      sharedram: 105365504
      bufferram: 334991360
      totalswap: 0
      freeswap: 0
      pagesize: 4096
      cpus: 32
      cpus-online: 32
      ticks-per-second: 100

metrics:
    - stressor: cpu
      bogo-ops: 38007
      bogo-ops-per-second-usr-sys-time: 1900.365203
      bogo-ops-per-second-real-time: 1900.344404
      wall-clock-time: 20.000059
      user-time: 19.998841
      system-time: 0.000999
      cpu-usage-per-instance: 99.998906
      max-rss: 3080

...
