---
system-info:
      stress-ng-version: 0.17.08
      run-by: root
      date-yyyy-mm-dd: 2024:06:15
      time-hh-mm-ss: 03:25:36
      epoch-secs: 1718421936
      hostname: c863c3bb7f85
      sysname: Linux
      nodename: c863c3bb7f85
      release: 6.8.0-1008-aws
      version: '#8-Ubuntu SMP Sat Apr 20 00:46:25 UTC 2024'
      machine: x86_64
      compiler: 'musl-gcc 13.2.1'
      uptime: 120
      totalram: 8158912512
      freeram: 3837685760
      sharedram: 59854848
      bufferram: 108404736
      totalswap: 0
      freeswap: 0
      pagesize: 4096
      cpus: 2
      cpus-online: 2
      ticks-per-second: 100

metrics:
    - stressor: cpu
      bogo-ops: 38423
      bogo-ops-per-second-usr-sys-time: 966.729612
      bogo-ops-per-second-real-time: 1921.142053
      wall-clock-time: 20.000083
      user-time: 39.739351
      system-time: 0.005992
      cpu-usage-per-instance: 99.362946
      max-rss: 1104

...
