---
system-info:
      stress-ng-version: 0.17.08
      run-by: root
      date-yyyy-mm-dd: 2024:06:08
      time-hh-mm-ss: 19:16:45
      epoch-secs: 1717874205
      hostname: 4dcc4705b8a7
      sysname: Linux
      nodename: 4dcc4705b8a7
      release: 6.8.0-1008-aws
      version: '#8-Ubuntu SMP Sat Apr 20 00:46:25 UTC 2024'
      machine: x86_64
      compiler: 'musl-gcc 13.2.1'
      uptime: 111
      totalram: 8158912512
      freeram: 3814846464
      sharedram: 59854848
      bufferram: 104611840
      totalswap: 0
      freeswap: 0
      pagesize: 4096
      cpus: 2
      cpus-online: 2
      ticks-per-second: 100

metrics:
    - stressor: cpu
      bogo-ops: 24450
      bogo-ops-per-second-usr-sys-time: 1230.889621
      bogo-ops-per-second-real-time: 2443.982360
      wall-clock-time: 10.004164
      user-time: 19.857684
      system-time: 0.005998
      cpu-usage-per-instance: 99.277072
      max-rss: 3920

...
