---
system-info:
      stress-ng-version: 0.17.08
      run-by: root
      date-yyyy-mm-dd: 2024:09:16
      time-hh-mm-ss: 18:58:39
      epoch-secs: 1726513119
      hostname: sc-runner
      sysname: Linux
      nodename: sc-runner
      release: 6.8.0-1014-azure
      version: '#16-Ubuntu SMP Thu Aug 15 20:04:41 UTC 2024'
      machine: x86_64
      compiler: 'musl-gcc 13.2.1'
      uptime: 300
      totalram: 33648082944
      freeram: 23442202624
      sharedram: 42156032
      bufferram: 233713664
      totalswap: 0
      freeswap: 0
      pagesize: 4096
      cpus: 16
      cpus-online: 16
      ticks-per-second: 100

metrics:
    - stressor: cpu
      bogo-ops: 398160
      bogo-ops-per-second-usr-sys-time: 1245.582041
      bogo-ops-per-second-real-time: 19907.917828
      wall-clock-time: 20.000083
      user-time: 319.625799
      system-time: 0.031989
      cpu-usage-per-instance: 99.892646
      max-rss: 3248

...
