---
system-info:
      stress-ng-version: 0.17.08
      run-by: root
      date-yyyy-mm-dd: 2024:09:05
      time-hh-mm-ss: 19:23:26
      epoch-secs: 1725564206
      hostname: sc-runner
      sysname: Linux
      nodename: sc-runner
      release: 6.8.0-1013-azure
      version: '#15-Ubuntu SMP Thu Aug  8 18:40:40 UTC 2024'
      machine: x86_64
      compiler: 'musl-gcc 13.2.1'
      uptime: 335
      totalram: 33648103424
      freeram: 24965488640
      sharedram: 42156032
      bufferram: 220934144
      totalswap: 0
      freeswap: 0
      pagesize: 4096
      cpus: 16
      cpus-online: 16
      ticks-per-second: 100

metrics:
    - stressor: cpu
      bogo-ops: 398423
      bogo-ops-per-second-usr-sys-time: 1246.469132
      bogo-ops-per-second-real-time: 19921.062623
      wall-clock-time: 20.000088
      user-time: 319.611304
      system-time: 0.029985
      cpu-usage-per-instance: 99.887465
      max-rss: 3252

...
