BaselineInfo:
  WebDBID: -1
  TimeStamp: 20260616195943
Version:
  Major: 11
  Minor: 0
  Build: 1004
  SpecialBuildName: ""
  ptArchitecture: x86_64_linux
Results:
  Results Complete: true
  NumTestProcesses: 2
  CPU_INTEGER_MATH: 5802.6406666666662
  CPU_FLOATINGPOINT_MATH: 3118.5045640451144
  CPU_PRIME: 15.149130492385876
  CPU_SORTING: 3674.7618208136591
  CPU_ENCRYPTION: 803.27486613352312
  CPU_COMPRESSION: 27027.944614316999
  CPU_SINGLETHREAD: 1930.2269833046787
  CPU_PHYSICS: 277.43757285050748
  CPU_MATRIX_MULT_SSE: 1507.3256173639788
  CPU_mm: 176.30781076361035
  CPU_sse: 629.63543213132039
  CPU_fma: 1950.7255028610766
  CPU_avx: 1380.4725882608645
  CPU_avx512: 2068.4689462026536
  m_CPU_enc_SHA: 262588125.96202064
  m_CPU_enc_AES: 2027901915.0960393
  m_CPU_enc_ECDSA: 236394197.03441542
  ME_ALLOC_S: 722.45713086077774
  ME_READ_S: 22364.830078125
  ME_READ_L: 9796.84375
  ME_WRITE: 9599.42578125
  ME_LARGE: 3109
  ME_LATENCY: 54.050504478631545
  ME_THREADED: 12310.34521484375
  SUMM_CPU: 2147.3326087953692
  SUMM_ME: 1529.1963281276803
SystemInformation:
  OSName: Ubuntu 24.04.4 LTS
  Kernel: 6.8.0-117-generic
  Device: ""
  Processor: Intel(R) Xeon(R) Platinum 8269CY CPU @ 2.50GHz
  NumSockets: 1
  Manufacturer: GenuineIntel
  NumCores: 1
  NumLogicals: 2
  CPUFrequency: 0
  CPUMaxFrequency: 0
  Memory: 7397
  CPUInfo:
    number: 1
    Family: 6
    Model: 5
    stepping: 7
    features: 529267711
    manufacture: GenuineIntel
    typestring: Intel(R) Xeon(R) Platinum 8269CY CPU @ 2.50GHz
    iCoresPerPackage: 1
    iThreadsPerPackage: 2
    featuresEx:
      - 529267711
      - 4277809667
      - 739248128
    bHybrid: false
    nPCore: 0
    nLogicalsPerPCore: 0
    nECore: 0
    nLogicalsPerECore: 0
  MemModuleInfo:
    iNumMemSticks: 1
    DIMM 1:
      manufacturer: Alibaba Cloud
      modulePartNo: Not Specified
      memType: RAM
      size: 8
      clkspeed: 0
      moduleVoltage: 0
Checksum: DDBAE04696936973D78DD947BDE2F41564AA3214