---
system-info:
      stress-ng-version: 0.17.08
      run-by: root
      date-yyyy-mm-dd: 2024:09:16
      time-hh-mm-ss: 09:06:12
      epoch-secs: 1726477572
      hostname: sc-runner
      sysname: Linux
      nodename: sc-runner
      release: 6.8.0-1014-azure
      version: '#16-Ubuntu SMP Thu Aug 15 20:04:41 UTC 2024'
      machine: x86_64
      compiler: 'musl-gcc 13.2.1'
      uptime: 340
      totalram: 67425538048
      freeram: 57378213888
      sharedram: 38076416
      bufferram: 225009664
      totalswap: 0
      freeswap: 0
      pagesize: 4096
      cpus: 2
      cpus-online: 2
      ticks-per-second: 100

metrics:
    - stressor: cpu
      bogo-ops: 53801
      bogo-ops-per-second-usr-sys-time: 2690.249213
      bogo-ops-per-second-real-time: 2690.039065
      wall-clock-time: 20.000081
      user-time: 19.998519
      system-time: 0.000000
      cpu-usage-per-instance: 99.992189
      max-rss: 3148

...
