---
system-info:
      stress-ng-version: 0.17.08
      run-by: root
      date-yyyy-mm-dd: 2024:07:09
      time-hh-mm-ss: 20:46:47
      epoch-secs: 1720558007
      hostname: m1-megamem-96-3472360
      sysname: Linux
      nodename: m1-megamem-96-3472360
      release: 6.8.0-1009-gcp
      version: '#10-Ubuntu SMP Wed Jun 12 18:52:23 UTC 2024'
      machine: x86_64
      compiler: 'musl-gcc 13.2.1'
      uptime: 181
      totalram: 1515106123776
      freeram: 1507820326912
      sharedram: 82976768
      bufferram: 135278592
      totalswap: 0
      freeswap: 0
      pagesize: 4096
      cpus: 96
      cpus-online: 96
      ticks-per-second: 100

metrics:
    - stressor: cpu
      bogo-ops: 1410329
      bogo-ops-per-second-usr-sys-time: 734.865048
      bogo-ops-per-second-real-time: 70516.005086
      wall-clock-time: 20.000126
      user-time: 1919.097379
      system-time: 0.069962
      cpu-usage-per-instance: 99.956002
      max-rss: 0

...
