BaselineInfo:
  WebDBID: -1
  TimeStamp: 20250821044932
Version:
  Major: 11
  Minor: 0
  Build: 1002
  SpecialBuildName: ""
  ptArchitecture: x86_64_linux
Results:
  Results Complete: true
  NumTestProcesses: 96
  CPU_INTEGER_MATH: 495238.70300000021
  CPU_FLOATINGPOINT_MATH: 358515.43099723448
  CPU_PRIME: 956.75344039675883
  CPU_SORTING: 250002.66251747031
  CPU_ENCRYPTION: 108634.49343355015
  CPU_COMPRESSION: 1900073.3819166562
  CPU_SINGLETHREAD: 3254.0858804354461
  CPU_PHYSICS: 16423.204328112563
  CPU_MATRIX_MULT_SSE: 135541.1062974316
  CPU_mm: 14396.813110577463
  CPU_sse: 59776.623577187391
  CPU_fma: 156482.94998894213
  CPU_avx: 124390.19535090245
  CPU_avx512: 201514.6562726945
  m_CPU_enc_SHA: 114966782147.84102
  m_CPU_enc_AES: 150313313603.31357
  m_CPU_enc_ECDSA: 76454472008.580215
  ME_ALLOC_S: 33046.135284277319
  ME_READ_S: 29008.319921875001
  ME_READ_L: 16336.283203125
  ME_WRITE: 11188.6494140625
  ME_LARGE: 748676.58333333337
  ME_LATENCY: 67.471463755647832
  ME_THREADED: 340759.89892578125
  SUMM_CPU: 106946.28506410641
  SUMM_ME: 2747.7938987707184
SystemInformation:
  OSName: Ubuntu 24.04.2 LTS
  Kernel: 6.14.0-1010-aws
  Device: ""
  Processor: Intel Xeon 6975P-C
  NumSockets: 1
  Manufacturer: GenuineIntel
  NumCores: 48
  NumLogicals: 96
  CPUFrequency: 0
  Memory: 761832
  MemModuleInfo:
    iNumMemSticks: 2
    DIMM 1:
      manufacturer: Not Specified
      modulePartNo: Not Specified
      memType: DDR5
      size: 384
      clkspeed: 3600
      moduleVoltage: 0
    DIMM 2:
      manufacturer: Not Specified
      modulePartNo: Not Specified
      memType: DDR5
      size: 384
      clkspeed: 3600
      moduleVoltage: 0
Checksum: C4486F41308D033CAA1CC2CD87B3B7E99C024AE3