---
system-info:
      stress-ng-version: 0.17.08
      run-by: root
      date-yyyy-mm-dd: 2024:09:10
      time-hh-mm-ss: 20:17:55
      epoch-secs: 1725999475
      hostname: ip-172-31-41-161
      sysname: Linux
      nodename: ip-172-31-41-161
      release: 6.8.0-1014-aws
      version: '#15-Ubuntu SMP Thu Aug  8 20:05:03 UTC 2024'
      machine: aarch64
      compiler: 'musl-gcc 13.2.1'
      uptime: 182
      totalram: 132655648768
      freeram: 123868631040
      sharedram: 34930688
      bufferram: 219762688
      totalswap: 0
      freeswap: 0
      pagesize: 4096
      cpus: 16
      cpus-online: 16
      ticks-per-second: 100

metrics:
    - stressor: cpu
      bogo-ops: 30685
      bogo-ops-per-second-usr-sys-time: 1534.229134
      bogo-ops-per-second-real-time: 1534.239429
      wall-clock-time: 20.000138
      user-time: 20.000272
      system-time: 0.000000
      cpu-usage-per-instance: 100.000671
      max-rss: 1320

...
