---
system-info:
      stress-ng-version: 0.17.08
      run-by: root
      date-yyyy-mm-dd: 2024:09:07
      time-hh-mm-ss: 11:21:42
      epoch-secs: 1725708102
      hostname: ip-172-31-36-1
      sysname: Linux
      nodename: ip-172-31-36-1
      release: 6.8.0-1014-aws
      version: '#15-Ubuntu SMP Thu Aug  8 20:05:03 UTC 2024'
      machine: aarch64
      compiler: 'musl-gcc 13.2.1'
      uptime: 201
      totalram: 132655648768
      freeram: 123966414848
      sharedram: 34930688
      bufferram: 222732288
      totalswap: 0
      freeswap: 0
      pagesize: 4096
      cpus: 16
      cpus-online: 16
      ticks-per-second: 100

metrics:
    - stressor: cpu
      bogo-ops: 30672
      bogo-ops-per-second-usr-sys-time: 1533.597086
      bogo-ops-per-second-real-time: 1533.598190
      wall-clock-time: 20.000024
      user-time: 20.000038
      system-time: 0.000000
      cpu-usage-per-instance: 100.000072
      max-rss: 1192

...
