---
system-info:
      stress-ng-version: 0.17.08
      run-by: root
      date-yyyy-mm-dd: 2024:06:19
      time-hh-mm-ss: 13:44:48
      epoch-secs: 1718804688
      hostname: ea5f2f61e25a
      sysname: Linux
      nodename: ea5f2f61e25a
      release: 6.8.0-1008-gcp
      version: '#9-Ubuntu SMP Wed May 22 18:09:04 UTC 2024'
      machine: x86_64
      compiler: 'musl-gcc 13.2.1'
      uptime: 134
      totalram: 16767369216
      freeram: 11816476672
      sharedram: 34988032
      bufferram: 125939712
      totalswap: 0
      freeswap: 0
      pagesize: 4096
      cpus: 4
      cpus-online: 4
      ticks-per-second: 100

metrics:
    - stressor: cpu
      bogo-ops: 116127
      bogo-ops-per-second-usr-sys-time: 1455.877169
      bogo-ops-per-second-real-time: 5806.328733
      wall-clock-time: 20.000073
      user-time: 79.750291
      system-time: 0.013993
      cpu-usage-per-instance: 99.704990
      max-rss: 976

...
