---
system-info:
      stress-ng-version: 0.17.08
      run-by: root
      date-yyyy-mm-dd: 2024:07:02
      time-hh-mm-ss: 06:43:42
      epoch-secs: 1719902622
      hostname: g2-standard-24-f54ef09
      sysname: Linux
      nodename: g2-standard-24-f54ef09
      release: 6.8.0-1009-gcp
      version: '#10-Ubuntu SMP Wed Jun 12 18:52:23 UTC 2024'
      machine: x86_64
      compiler: 'musl-gcc 13.2.1'
      uptime: 196
      totalram: 101241843712
      freeram: 93123796992
      sharedram: 42000384
      bufferram: 117813248
      totalswap: 0
      freeswap: 0
      pagesize: 4096
      cpus: 24
      cpus-online: 24
      ticks-per-second: 100

metrics:
    - stressor: cpu
      bogo-ops: 379504
      bogo-ops-per-second-usr-sys-time: 791.452398
      bogo-ops-per-second-real-time: 18975.079586
      wall-clock-time: 20.000127
      user-time: 479.476273
      system-time: 0.026981
      cpu-usage-per-instance: 99.895877
      max-rss: 1212

...
