BaselineInfo:
  WebDBID: -1
  TimeStamp: 20260621033552
Version:
  Major: 11
  Minor: 0
  Build: 1004
  SpecialBuildName: ""
  ptArchitecture: x86_64_linux
Results:
  Results Complete: true
  NumTestProcesses: 64
  CPU_INTEGER_MATH: 254406.13499999998
  CPU_FLOATINGPOINT_MATH: 180259.49493215806
  CPU_PRIME: 519.50208494641402
  CPU_SORTING: 124150.58380519917
  CPU_ENCRYPTION: 56085.147443207134
  CPU_COMPRESSION: 915525.15037440474
  CPU_SINGLETHREAD: 2901.7340010837806
  CPU_PHYSICS: 9840.2618796499464
  CPU_MATRIX_MULT_SSE: 70676.274069089312
  CPU_mm: 6952.2872085511463
  CPU_sse: 29792.865707828943
  CPU_fma: 77320.324958361758
  CPU_avx: 57864.21753688249
  CPU_avx512: 117727.68807328414
  m_CPU_enc_SHA: 59237901538.174301
  m_CPU_enc_AES: 77116481168.976562
  m_CPU_enc_ECDSA: 40074235989.074287
  ME_ALLOC_S: 29948.684079176059
  ME_READ_S: 25703.9638671875
  ME_READ_L: 10306.2568359375
  ME_WRITE: 9632.201171875
  ME_LARGE: 118999.66666666667
  ME_LATENCY: 71.384371761190579
  ME_THREADED: 276457.3896484375
  SUMM_CPU: 67502.063208762818
  SUMM_ME: 2358.686776909231
SystemInformation:
  OSName: Ubuntu 24.04.4 LTS
  Kernel: 6.17.0-1018-azure
  Device: ""
  Processor: INTEL(R) XEON(R) PLATINUM 8573C
  NumSockets: 1
  Manufacturer: GenuineIntel
  NumCores: 32
  NumLogicals: 64
  CPUFrequency: 2300
  CPUMaxFrequency: 2300
  Memory: 128790
  CPUInfo:
    number: 1
    Family: 6
    Model: 15
    stepping: 2
    features: 529267711
    manufacture: GenuineIntel
    typestring: INTEL(R) XEON(R) PLATINUM 8573C
    iCoresPerPackage: 32
    iThreadsPerPackage: 2
    featuresEx:
      - 529267711
      - 4294586915
      - 739248128
    bHybrid: false
    nPCore: 0
    nLogicalsPerPCore: 0
    nECore: 0
    nLogicalsPerECore: 0
  MemModuleInfo:
    iNumMemSticks: 3
    DIMM 1:
      manufacturer: Microsoft Corporation
      modulePartNo: None
      memType: Unknown
      size: 1
      clkspeed: 0
      moduleVoltage: 0
    DIMM 2:
      manufacturer: Microsoft Corporation
      modulePartNo: None
      memType: Unknown
      size: 59
      clkspeed: 0
      moduleVoltage: 0
    DIMM 3:
      manufacturer: Microsoft Corporation
      modulePartNo: None
      memType: Unknown
      size: 68
      clkspeed: 0
      moduleVoltage: 0
Checksum: A08AAE87C3012F7343E681C4ACFA4A9BE9E11AAA