BaselineInfo:
  WebDBID: -1
  TimeStamp: 20260702092506
Version:
  Major: 11
  Minor: 0
  Build: 1004
  SpecialBuildName: ""
  ptArchitecture: x86_64_linux
Results:
  Results Complete: true
  NumTestProcesses: 8
  CPU_INTEGER_MATH: 19587.550999999999
  CPU_FLOATINGPOINT_MATH: 10553.364151768845
  CPU_PRIME: 48.297098685398183
  CPU_SORTING: 12170.013844842722
  CPU_ENCRYPTION: 2713.5123134036899
  CPU_COMPRESSION: 92555.930477723334
  CPU_SINGLETHREAD: 1688.8196572408071
  CPU_PHYSICS: 781.65222829417098
  CPU_MATRIX_MULT_SSE: 5848.1944494488289
  CPU_mm: 597.62025278554108
  CPU_sse: 2155.2041944092762
  CPU_fma: 7293.6671566469222
  CPU_avx: 5156.6289590047954
  CPU_avx512: 8787.2774877343218
  m_CPU_enc_SHA: 888130054.89897835
  m_CPU_enc_AES: 6845314050.1411581
  m_CPU_enc_ECDSA: 802527557.57862639
  ME_ALLOC_S: 2165.1967918248065
  ME_READ_S: 19528.1240234375
  ME_READ_L: 5943.9765625
  ME_WRITE: 6577.330078125
  ME_LARGE: 23301.166666666668
  ME_LATENCY: 78.056647110881698
  ME_THREADED: 35992.0419921875
  SUMM_CPU: 7009.9125754463839
  SUMM_ME: 1631.5623249260721
SystemInformation:
  OSName: Ubuntu 24.04.4 LTS
  Kernel: 6.8.0-124-generic
  Device: ""
  Processor: Intel(R) Xeon(R) Platinum 8163 CPU @ 2.50GHz
  NumSockets: 1
  Manufacturer: GenuineIntel
  NumCores: 4
  NumLogicals: 8
  CPUFrequency: 2500
  CPUMaxFrequency: 3100
  Memory: 31711
  CPUInfo:
    number: 1
    Family: 6
    Model: 5
    stepping: 4
    features: 529267711
    manufacture: GenuineIntel
    typestring: Intel(R) Xeon(R) Platinum 8163 CPU @ 2.50GHz
    iCoresPerPackage: 4
    iThreadsPerPackage: 2
    featuresEx:
      - 529267711
      - 4294586883
      - 739248128
    bHybrid: false
    nPCore: 0
    nLogicalsPerPCore: 0
    nECore: 0
    nLogicalsPerECore: 0
  MemModuleInfo:
    iNumMemSticks: 2
    DIMM 1:
      manufacturer: Alibaba Cloud
      modulePartNo: Not Specified
      memType: RAM
      size: 16
      clkspeed: 0
      moduleVoltage: 0
    DIMM 2:
      manufacturer: Alibaba Cloud
      modulePartNo: Not Specified
      memType: RAM
      size: 16
      clkspeed: 0
      moduleVoltage: 0
Checksum: D2272E604CE0656967804E87BE43FA84DBDB7B8A