---
system-info:
      stress-ng-version: 0.17.08
      run-by: root
      date-yyyy-mm-dd: 2024:09:03
      time-hh-mm-ss: 06:53:29
      epoch-secs: 1725346409
      hostname: sc-runner
      sysname: Linux
      nodename: sc-runner
      release: 6.8.0-1013-azure
      version: '#15-Ubuntu SMP Thu Aug  8 18:40:40 UTC 2024'
      machine: x86_64
      compiler: 'musl-gcc 13.2.1'
      uptime: 425
      totalram: 29424472064
      freeram: 20891078656
      sharedram: 56979456
      bufferram: 212226048
      totalswap: 0
      freeswap: 0
      pagesize: 4096
      cpus: 4
      cpus-online: 4
      ticks-per-second: 100

metrics:
    - stressor: cpu
      bogo-ops: 15965
      bogo-ops-per-second-usr-sys-time: 798.288677
      bogo-ops-per-second-real-time: 798.248382
      wall-clock-time: 20.000041
      user-time: 19.998026
      system-time: 0.001005
      cpu-usage-per-instance: 99.994952
      max-rss: 3152

...
