---
system-info:
      stress-ng-version: 0.17.08
      run-by: root
      date-yyyy-mm-dd: 2024:07:02
      time-hh-mm-ss: 22:13:54
      epoch-secs: 1719958434
      hostname: n2-highcpu-64-44184b5
      sysname: Linux
      nodename: n2-highcpu-64-44184b5
      release: 6.8.0-1009-gcp
      version: '#10-Ubuntu SMP Wed Jun 12 18:52:23 UTC 2024'
      machine: x86_64
      compiler: 'musl-gcc 13.2.1'
      uptime: 159
      totalram: 67502850048
      freeram: 61611868160
      sharedram: 71147520
      bufferram: 128991232
      totalswap: 0
      freeswap: 0
      pagesize: 4096
      cpus: 64
      cpus-online: 64
      ticks-per-second: 100

metrics:
    - stressor: cpu
      bogo-ops: 1189057
      bogo-ops-per-second-usr-sys-time: 929.603300
      bogo-ops-per-second-real-time: 59452.589209
      wall-clock-time: 20.000088
      user-time: 1279.065550
      system-time: 0.035977
      cpu-usage-per-instance: 99.929368
      max-rss: 512

...
