BaselineInfo:
  WebDBID: -1
  TimeStamp: 20241107195551
Version:
  Major: 11
  Minor: 0
  Build: 1002
  SpecialBuildName: ""
  ptArchitecture: x86_64_linux
Results:
  Results Complete: true
  NumTestProcesses: 8
  CPU_INTEGER_MATH: 32785.409666666666
  CPU_FLOATINGPOINT_MATH: 18209.755469980068
  CPU_PRIME: 60.699582916588071
  CPU_SORTING: 16244.926891829531
  CPU_ENCRYPTION: 8375.724716230834
  CPU_COMPRESSION: 109718.2337261041
  CPU_SINGLETHREAD: 2284.7146148727038
  CPU_PHYSICS: 1183.9561908849003
  CPU_MATRIX_MULT_SSE: 5143.2747115219272
  CPU_mm: 830.81253930310163
  CPU_sse: 3406.5053198617534
  CPU_fma: 6272.6179130077635
  CPU_avx: 5750.7009016962647
  CPU_avx512: 0
  m_CPU_enc_SHA: 12195998114.156538
  m_CPU_enc_AES: 7842585066.2477751
  m_CPU_enc_ECDSA: 6309168579.7350721
  ME_ALLOC_S: 3001.2203717030743
  ME_READ_S: 18615.3681640625
  ME_READ_L: 12592.404296875
  ME_WRITE: 12415.0341796875
  ME_LARGE: 54088
  ME_LATENCY: 91.622000017200662
  ME_THREADED: 54607.35546875
  SUMM_CPU: 10536.648616347109
  SUMM_ME: 1917.9211539540595
SystemInformation:
  OSName: Ubuntu 24.04.1 LTS
  Kernel: 6.8.0-1015-gcp
  Device: ""
  Processor: AMD EPYC 7B12
  NumSockets: 1
  Manufacturer: AuthenticAMD
  NumCores: 4
  NumLogicals: 8
  CPUFrequency: 0
  Memory: 64301
  MemModuleInfo:
    iNumMemSticks: 4
    DIMM 1:
      manufacturer: ""
      modulePartNo: ""
      memType: RAM
      size: 16
      clkspeed: 0
      moduleVoltage: 0
    DIMM 2:
      manufacturer: ""
      modulePartNo: ""
      memType: RAM
      size: 16
      clkspeed: 0
      moduleVoltage: 0
    DIMM 3:
      manufacturer: ""
      modulePartNo: ""
      memType: RAM
      size: 16
      clkspeed: 0
      moduleVoltage: 0
    DIMM 4:
      manufacturer: ""
      modulePartNo: ""
      memType: RAM
      size: 16
      clkspeed: 0
      moduleVoltage: 0
Checksum: F5F515A2C217F63A83855B13DEB848A1F6DD9CB2