BaselineInfo:
  WebDBID: -1
  TimeStamp: 20241107113345
Version:
  Major: 11
  Minor: 0
  Build: 1002
  SpecialBuildName: ""
  ptArchitecture: x86_64_linux
Results:
  Results Complete: true
  NumTestProcesses: 4
  CPU_INTEGER_MATH: 12452.311333333331
  CPU_FLOATINGPOINT_MATH: 6670.7925935270396
  CPU_PRIME: 28.335360638735768
  CPU_SORTING: 6663.9302179367551
  CPU_ENCRYPTION: 1710.4061879606711
  CPU_COMPRESSION: 55540.945193016807
  CPU_SINGLETHREAD: 2013.8656717833176
  CPU_PHYSICS: 548.06971489368232
  CPU_MATRIX_MULT_SSE: 3516.5844783958564
  CPU_mm: 378.26124545930116
  CPU_sse: 1346.4651146937483
  CPU_fma: 4417.1290448746277
  CPU_avx: 3119.37558465352
  CPU_avx512: 5183.3681693615308
  m_CPU_enc_SHA: 561525474.0797236
  m_CPU_enc_AES: 4317329890.3866959
  m_CPU_enc_ECDSA: 501617272.37472683
  ME_ALLOC_S: 1361.392879152309
  ME_READ_S: 23971.38671875
  ME_READ_L: 10417.693359375
  ME_WRITE: 9489.8857421875
  ME_LARGE: 643
  ME_LATENCY: 59.237769143065442
  ME_THREADED: 21767.052734375
  SUMM_CPU: 4428.3703768326877
  SUMM_ME: 1020.6746794678236
SystemInformation:
  OSName: Ubuntu 24.04.1 LTS
  Kernel: 6.8.0-1017-azure
  Device: ""
  Processor: Intel Xeon Platinum 8272CL CPU @ 2.60GHz
  NumSockets: 1
  Manufacturer: GenuineIntel
  NumCores: 2
  NumLogicals: 4
  CPUFrequency: 0
  Memory: 7937
  MemModuleInfo:
    iNumMemSticks: 2
    DIMM 1:
      manufacturer: Microsoft Corporation
      modulePartNo: None
      memType: Unknown
      size: 1
      clkspeed: 0
      moduleVoltage: 0
    DIMM 2:
      manufacturer: Microsoft Corporation
      modulePartNo: None
      memType: Unknown
      size: 7
      clkspeed: 0
      moduleVoltage: 0
Checksum: 96E3276877323D04E6AF3DB330F4DBBFE3029D88