---
system-info:
      stress-ng-version: 0.17.08
      run-by: root
      date-yyyy-mm-dd: 2024:08:30
      time-hh-mm-ss: 14:25:55
      epoch-secs: 1725027955
      hostname: sc-runner
      sysname: Linux
      nodename: sc-runner
      release: 6.8.0-1013-azure
      version: '#15-Ubuntu SMP Thu Aug  8 18:40:40 UTC 2024'
      machine: x86_64
      compiler: 'musl-gcc 13.2.1'
      uptime: 395
      totalram: 16766771200
      freeram: 8376647680
      sharedram: 42012672
      bufferram: 200826880
      totalswap: 0
      freeswap: 0
      pagesize: 4096
      cpus: 2
      cpus-online: 2
      ticks-per-second: 100

metrics:
    - stressor: cpu
      bogo-ops: 28088
      bogo-ops-per-second-usr-sys-time: 1404.515521
      bogo-ops-per-second-real-time: 1404.391026
      wall-clock-time: 20.000128
      user-time: 19.996356
      system-time: 0.001999
      cpu-usage-per-instance: 99.991136
      max-rss: 1104

...
