BaselineInfo:
  WebDBID: -1
  TimeStamp: 20241108191522
Version:
  Major: 11
  Minor: 0
  Build: 1002
  SpecialBuildName: ""
  ptArchitecture: aarch64_linux
Results:
  Results Complete: true
  NumTestProcesses: 48
  CPU_INTEGER_MATH: 229098.2086666667
  CPU_FLOATINGPOINT_MATH: 227760.89831207626
  CPU_PRIME: 282.49545936651651
  CPU_SORTING: 186498.33009210759
  CPU_ENCRYPTION: 6680.023958429575
  CPU_COMPRESSION: 253833.54071525513
  CPU_SINGLETHREAD: 1562.2384005820425
  CPU_PHYSICS: 7903.5057448097414
  CPU_MATRIX_MULT_SSE: 39700.5129658531
  CPU_mm: 5209.707048684405
  CPU_sse: 33294.013897635567
  CPU_fma: 46107.012034070613
  CPU_avx: 0
  CPU_avx512: 0
  m_CPU_enc_SHA: 10137869505.696497
  m_CPU_enc_AES: 3887652055.83003
  m_CPU_enc_ECDSA: 6988016845.1762257
  ME_ALLOC_S: 31361.162929998532
  ME_READ_S: 19691.115820312501
  ME_READ_L: 19024.814453125
  ME_WRITE: 19696.150390625
  ME_LARGE: 82487.666666666672
  ME_LATENCY: 49.324487302827066
  ME_THREADED: 281844.87451171875
  SUMM_CPU: 28273.828955473091
  SUMM_ME: 3145.8508610097529
SystemInformation:
  OSName: Ubuntu 24.04.1 LTS
  Kernel: 6.8.0-1016-aws
  Device: ""
  Processor: ARM Neoverse-V1 48 Core 0 MHz
  NumSockets: 1
  Manufacturer: ARM
  NumCores: 48
  NumLogicals: 48
  CPUFrequency: 0
  Memory: 94812
Checksum: E83AA35B3D2C70255CB60630E584A7CC011C5BFF