BaselineInfo:
  WebDBID: -1
  TimeStamp: 20241108084100
Version:
  Major: 11
  Minor: 0
  Build: 1002
  SpecialBuildName: ""
  ptArchitecture: x86_64_linux
Results:
  Results Complete: true
  NumTestProcesses: 16
  CPU_INTEGER_MATH: 68455.738666666672
  CPU_FLOATINGPOINT_MATH: 48676.480608434933
  CPU_PRIME: 133.25177234885263
  CPU_SORTING: 33951.09077645879
  CPU_ENCRYPTION: 15072.68286826672
  CPU_COMPRESSION: 245464.48713980382
  CPU_SINGLETHREAD: 2737.014899607419
  CPU_PHYSICS: 3010.7461259263273
  CPU_MATRIX_MULT_SSE: 16111.120568588496
  CPU_mm: 1873.1922090287371
  CPU_sse: 8121.3192767538094
  CPU_fma: 18243.574918949533
  CPU_avx: 14455.976892991264
  CPU_avx512: 23623.611185659382
  m_CPU_enc_SHA: 15959362908.858049
  m_CPU_enc_AES: 20705454832.222103
  m_CPU_enc_ECDSA: 10749742792.746788
  ME_ALLOC_S: 7752.3066988603987
  ME_READ_S: 25143.571093750001
  ME_READ_L: 8807.140625
  ME_WRITE: 12327.5712890625
  ME_LARGE: 53022.25
  ME_LATENCY: 84.425540924292463
  ME_THREADED: 89089.86181640625
  SUMM_CPU: 23157.789640274659
  SUMM_ME: 2067.3632773657846
SystemInformation:
  OSName: Ubuntu 24.04.1 LTS
  Kernel: 6.8.0-1016-aws
  Device: ""
  Processor: Intel Xeon Platinum 8488C
  NumSockets: 1
  Manufacturer: GenuineIntel
  NumCores: 8
  NumLogicals: 16
  CPUFrequency: 0
  Memory: 63258
  MemModuleInfo:
    iNumMemSticks: 1
    DIMM 1:
      manufacturer: Not Specified
      modulePartNo: Not Specified
      memType: DDR5
      size: 64
      clkspeed: 2400
      moduleVoltage: 0
Checksum: 6156605E1F97D67CA4152B5EDB89F353E28F4BB0