BaselineInfo:
  WebDBID: -1
  TimeStamp: 20250418041734
Version:
  Major: 11
  Minor: 0
  Build: 1002
  SpecialBuildName: ""
  ptArchitecture: x86_64_linux
Results:
  Results Complete: true
  NumTestProcesses: 32
  CPU_INTEGER_MATH: 147830.16500000001
  CPU_FLOATINGPOINT_MATH: 105399.54464208054
  CPU_PRIME: 311.55498275645118
  CPU_SORTING: 73355.40868799563
  CPU_ENCRYPTION: 32611.374386791609
  CPU_COMPRESSION: 535918.1507624177
  CPU_SINGLETHREAD: 2920.4243311284281
  CPU_PHYSICS: 7051.9068344181369
  CPU_MATRIX_MULT_SSE: 44805.97295536934
  CPU_mm: 4216.3535679637662
  CPU_sse: 18129.055937447141
  CPU_fma: 50606.434359788749
  CPU_avx: 37662.90887990452
  CPU_avx512: 72825.492644336977
  m_CPU_enc_SHA: 34581714780.191063
  m_CPU_enc_AES: 44936047884.40023
  m_CPU_enc_ECDSA: 23068750862.421883
  ME_ALLOC_S: 17631.854308699061
  ME_READ_S: 26716.558007812499
  ME_READ_L: 9899.71875
  ME_WRITE: 9206.6669921875
  ME_LARGE: 247579.25
  ME_LATENCY: 69.866412785807029
  ME_THREADED: 197485.54736328125
  SUMM_CPU: 46199.884162821632
  SUMM_ME: 2357.9636156783104
SystemInformation:
  OSName: Ubuntu 24.04.2 LTS
  Kernel: 6.8.0-1021-azure
  Device: ""
  Processor: INTEL XEON PLATINUM 8573C
  NumSockets: 1
  Manufacturer: GenuineIntel
  NumCores: 16
  NumLogicals: 32
  CPUFrequency: 2300
  Memory: 257730
  MemModuleInfo:
    iNumMemSticks: 3
    DIMM 1:
      manufacturer: Microsoft Corporation
      modulePartNo: None
      memType: Unknown
      size: 1
      clkspeed: 0
      moduleVoltage: 0
    DIMM 2:
      manufacturer: Microsoft Corporation
      modulePartNo: None
      memType: Unknown
      size: 59
      clkspeed: 0
      moduleVoltage: 0
    DIMM 3:
      manufacturer: Microsoft Corporation
      modulePartNo: None
      memType: Unknown
      size: 196
      clkspeed: 0
      moduleVoltage: 0
Checksum: 665257600DA378DB523C87815604176C97C5B2A2