---
system-info:
      stress-ng-version: 0.17.08
      run-by: root
      date-yyyy-mm-dd: 2024:06:07
      time-hh-mm-ss: 16:28:26
      epoch-secs: 1717777706
      hostname: c9ae34d5c617
      sysname: Linux
      nodename: c9ae34d5c617
      release: 6.8.0-1008-aws
      version: '#8-Ubuntu SMP Sat Apr 20 00:46:25 UTC 2024'
      machine: x86_64
      compiler: 'musl-gcc 13.2.1'
      uptime: 273
      totalram: 3905875968
      freeram: 159662080
      sharedram: 32772096
      bufferram: 90415104
      totalswap: 0
      freeswap: 0
      pagesize: 4096
      cpus: 1
      cpus-online: 1
      ticks-per-second: 100

metrics:
    - stressor: cpu
      bogo-ops: 9949
      bogo-ops-per-second-usr-sys-time: 1020.641707
      bogo-ops-per-second-real-time: 994.859084
      wall-clock-time: 10.000411
      user-time: 9.746744
      system-time: 0.001045
      cpu-usage-per-instance: 97.473881
      max-rss: 4048

...
