---
system-info:
      stress-ng-version: 0.17.08
      run-by: root
      date-yyyy-mm-dd: 2024:06:14
      time-hh-mm-ss: 15:42:35
      epoch-secs: 1718379755
      hostname: 9e5b17b49f80
      sysname: Linux
      nodename: 9e5b17b49f80
      release: 6.8.0-1008-aws
      version: '#8-Ubuntu SMP Sat Apr 20 00:46:25 UTC 2024'
      machine: x86_64
      compiler: 'musl-gcc 13.2.1'
      uptime: 270
      totalram: 3905884160
      freeram: 141422592
      sharedram: 32772096
      bufferram: 102899712
      totalswap: 0
      freeswap: 0
      pagesize: 4096
      cpus: 1
      cpus-online: 1
      ticks-per-second: 100

metrics:
    - stressor: cpu
      bogo-ops: 18574
      bogo-ops-per-second-usr-sys-time: 946.702157
      bogo-ops-per-second-real-time: 928.640730
      wall-clock-time: 20.001276
      user-time: 19.619687
      system-time: 0.000000
      cpu-usage-per-instance: 98.092174
      max-rss: 1104

...
