---
system-info:
      stress-ng-version: 0.17.08
      run-by: root
      date-yyyy-mm-dd: 2024:09:16
      time-hh-mm-ss: 01:08:15
      epoch-secs: 1726448895
      hostname: sc-runner
      sysname: Linux
      nodename: sc-runner
      release: 6.8.0-1014-azure
      version: '#16-Ubuntu SMP Thu Aug 15 21:06:50 UTC 2024'
      machine: aarch64
      compiler: 'musl-gcc 13.2.1'
      uptime: 336
      totalram: 33589325824
      freeram: 23621705728
      sharedram: 38125568
      bufferram: 223920128
      totalswap: 0
      freeswap: 0
      pagesize: 4096
      cpus: 8
      cpus-online: 8
      ticks-per-second: 100

metrics:
    - stressor: cpu
      bogo-ops: 36447
      bogo-ops-per-second-usr-sys-time: 1822.340706
      bogo-ops-per-second-real-time: 1822.347046
      wall-clock-time: 20.000032
      user-time: 19.999102
      system-time: 0.001000
      cpu-usage-per-instance: 100.000348
      max-rss: 1320

...
