BaselineInfo:
  WebDBID: -1
  TimeStamp: 20250103081958
Version:
  Major: 11
  Minor: 0
  Build: 1002
  SpecialBuildName: ""
  ptArchitecture: x86_64_linux
Results:
  Results Complete: true
  NumTestProcesses: 32
  CPU_INTEGER_MATH: 152056.93700000001
  CPU_FLOATINGPOINT_MATH: 85134.054055828237
  CPU_PRIME: 242.4000832336626
  CPU_SORTING: 89592.408064554445
  CPU_ENCRYPTION: 38609.282736018991
  CPU_COMPRESSION: 617955.20100793033
  CPU_SINGLETHREAD: 2906.8899737122156
  CPU_PHYSICS: 4467.4757925689391
  CPU_MATRIX_MULT_SSE: 43807.867113199456
  CPU_mm: 4071.2775769357131
  CPU_sse: 17937.687972830812
  CPU_fma: 56227.599403930231
  CPU_avx: 45798.985117280463
  CPU_avx512: 55267.195958756267
  m_CPU_enc_SHA: 53998807576.442825
  m_CPU_enc_AES: 36644469049.226616
  m_CPU_enc_ECDSA: 30811025136.942108
  ME_ALLOC_S: 15272.406522456244
  ME_READ_S: 27896.963671875001
  ME_READ_L: 27550.1953125
  ME_WRITE: 26834.072265625
  ME_LARGE: 52744.166666666664
  ME_LATENCY: 77.69563301311814
  ME_THREADED: 82592.54248046875
  SUMM_CPU: 46644.197234723542
  SUMM_ME: 2720.831579963105
SystemInformation:
  OSName: Ubuntu 24.04.1 LTS
  Kernel: 6.8.0-1017-azure
  Device: ""
  Processor: AMD EPYC 9V74 80-Core Processor
  NumSockets: 1
  Manufacturer: AuthenticAMD
  NumCores: 16
  NumLogicals: 32
  CPUFrequency: 0
  Memory: 64291
  MemModuleInfo:
    iNumMemSticks: 3
    DIMM 1:
      manufacturer: Microsoft Corporation
      modulePartNo: None
      memType: Unknown
      size: 1
      clkspeed: 0
      moduleVoltage: 0
    DIMM 2:
      manufacturer: Microsoft Corporation
      modulePartNo: None
      memType: Unknown
      size: 59
      clkspeed: 0
      moduleVoltage: 0
    DIMM 3:
      manufacturer: Microsoft Corporation
      modulePartNo: None
      memType: Unknown
      size: 4
      clkspeed: 0
      moduleVoltage: 0
Checksum: E88E39A1BC8C0687D863DCC8F0C611956A6E70B0