---
system-info:
      stress-ng-version: 0.17.08
      run-by: root
      date-yyyy-mm-dd: 2024:06:13
      time-hh-mm-ss: 22:41:10
      epoch-secs: 1718318470
      hostname: 03dd9df0ff17
      sysname: Linux
      nodename: 03dd9df0ff17
      release: 6.8.0-1008-aws
      version: '#8-Ubuntu SMP Sat Apr 20 02:43:14 UTC 2024'
      machine: aarch64
      compiler: 'musl-gcc 13.2.1'
      uptime: 152
      totalram: 33021652992
      freeram: 28639240192
      sharedram: 35020800
      bufferram: 105832448
      totalswap: 0
      freeswap: 0
      pagesize: 4096
      cpus: 16
      cpus-online: 16
      ticks-per-second: 100

metrics:
    - stressor: cpu
      bogo-ops: 485674
      bogo-ops-per-second-usr-sys-time: 1519.087905
      bogo-ops-per-second-real-time: 24283.602752
      wall-clock-time: 20.000080
      user-time: 319.701220
      system-time: 0.012997
      cpu-usage-per-instance: 99.910293
      max-rss: 1192

...
