---
system-info:
      stress-ng-version: 0.17.08
      run-by: root
      date-yyyy-mm-dd: 2024:06:06
      time-hh-mm-ss: 08:55:48
      epoch-secs: 1717664148
      hostname: 12df5a43a6cc
      sysname: Linux
      nodename: 12df5a43a6cc
      release: 6.8.0-1008-aws
      version: '#8-Ubuntu SMP Sat Apr 20 02:43:14 UTC 2024'
      machine: aarch64
      compiler: 'musl-gcc 13.2.1'
      uptime: 121
      totalram: 33021652992
      freeram: 28817661952
      sharedram: 35020800
      bufferram: 80715776
      totalswap: 0
      freeswap: 0
      pagesize: 4096
      cpus: 16
      cpus-online: 16
      ticks-per-second: 100

metrics:
    - stressor: cpu
      bogo-ops: 47035
      bogo-ops-per-second-usr-sys-time: 293.156675
      bogo-ops-per-second-real-time: 4683.866381
      wall-clock-time: 10.041918
      user-time: 160.427228
      system-time: 0.015989
      cpu-usage-per-instance: 99.858429
      max-rss: 4008

...
