BaselineInfo:
  WebDBID: -1
  TimeStamp: 20260403234651
Version:
  Major: 11
  Minor: 0
  Build: 1004
  SpecialBuildName: ""
  ptArchitecture: x86_64_linux
Results:
  Results Complete: true
  NumTestProcesses: 4
  CPU_INTEGER_MATH: 13958.174000000001
  CPU_FLOATINGPOINT_MATH: 7476.3471321582128
  CPU_PRIME: 34.001409890122957
  CPU_SORTING: 8759.8517598754315
  CPU_ENCRYPTION: 1930.6520787933555
  CPU_COMPRESSION: 66015.22551739066
  CPU_SINGLETHREAD: 2351.3309260661049
  CPU_PHYSICS: 604.49884230733483
  CPU_MATRIX_MULT_SSE: 3601.9474533183211
  CPU_mm: 424.17839712889543
  CPU_sse: 1515.4452890744219
  CPU_fma: 4490.7977339754125
  CPU_avx: 3176.8929449432262
  CPU_avx512: 5224.6538452802242
  m_CPU_enc_SHA: 629970411.01641488
  m_CPU_enc_AES: 4872878446.7462339
  m_CPU_enc_ECDSA: 570457444.75581598
  ME_ALLOC_S: 1609.0197006014273
  ME_READ_S: 24868.394921874999
  ME_READ_L: 10068.4609375
  ME_WRITE: 10373.966796875
  ME_LARGE: 1804
  ME_LATENCY: 47.85056477530636
  ME_THREADED: 27057.26220703125
  SUMM_CPU: 5062.0527158978257
  SUMM_ME: 1659.9369416435466
SystemInformation:
  OSName: Ubuntu 24.04.4 LTS
  Kernel: 6.8.0-106-generic
  Device: ""
  Processor: Intel(R) Xeon(R) Platinum 8369HB CPU @ 3.30GHz
  NumSockets: 1
  Manufacturer: GenuineIntel
  NumCores: 2
  NumLogicals: 4
  CPUFrequency: 0
  CPUMaxFrequency: 0
  Memory: 7270
  CPUInfo:
    number: 1
    Family: 6
    Model: 5
    stepping: 11
    features: 529267711
    manufacture: GenuineIntel
    typestring: Intel(R) Xeon(R) Platinum 8369HB CPU @ 3.30GHz
    iCoresPerPackage: 2
    iThreadsPerPackage: 2
    featuresEx:
      - 529267711
      - 4277809667
      - 739248128
    bHybrid: false
    nPCore: 0
    nLogicalsPerPCore: 0
    nECore: 0
    nLogicalsPerECore: 0
  MemModuleInfo:
    iNumMemSticks: 1
    DIMM 1:
      manufacturer: Alibaba Cloud
      modulePartNo: Not Specified
      memType: RAM
      size: 8
      clkspeed: 0
      moduleVoltage: 0
Checksum: 417DBCCB25669DE1406EC7A4E9FF2C3C2B1CB470