---
system-info:
      stress-ng-version: 0.17.08
      run-by: root
      date-yyyy-mm-dd: 2024:09:16
      time-hh-mm-ss: 08:37:31
      epoch-secs: 1726475851
      hostname: sc-runner
      sysname: Linux
      nodename: sc-runner
      release: 6.8.0-1014-azure
      version: '#16-Ubuntu SMP Thu Aug 15 20:04:41 UTC 2024'
      machine: x86_64
      compiler: 'musl-gcc 13.2.1'
      uptime: 290
      totalram: 33651994624
      freeram: 23562043392
      sharedram: 54882304
      bufferram: 223576064
      totalswap: 0
      freeswap: 0
      pagesize: 4096
      cpus: 2
      cpus-online: 2
      ticks-per-second: 100

metrics:
    - stressor: cpu
      bogo-ops: 38652
      bogo-ops-per-second-usr-sys-time: 974.756869
      bogo-ops-per-second-real-time: 1932.589022
      wall-clock-time: 20.000114
      user-time: 39.647976
      system-time: 0.004989
      cpu-usage-per-instance: 99.131849
      max-rss: 3256

...
