BaselineInfo:
  WebDBID: -1
  TimeStamp: 20241109203303
Version:
  Major: 11
  Minor: 0
  Build: 1002
  SpecialBuildName: ""
  ptArchitecture: aarch64_linux
Results:
  Results Complete: true
  NumTestProcesses: 96
  CPU_INTEGER_MATH: 500272.1770000002
  CPU_FLOATINGPOINT_MATH: 581212.04891619878
  CPU_PRIME: 845.37673356989353
  CPU_SORTING: 434627.4586382389
  CPU_ENCRYPTION: 18067.21995135579
  CPU_COMPRESSION: 637486.80851830717
  CPU_SINGLETHREAD: 1944.1431584639329
  CPU_PHYSICS: 19396.752539924964
  CPU_MATRIX_MULT_SSE: 80664.443339925361
  CPU_mm: 10968.786948172663
  CPU_sse: 63705.856193197054
  CPU_fma: 97623.030486653661
  CPU_avx: 0
  CPU_avx512: 0
  m_CPU_enc_SHA: 28168032266.525604
  m_CPU_enc_AES: 10313833521.096146
  m_CPU_enc_ECDSA: 18352693895.516823
  ME_ALLOC_S: 47321.857401785361
  ME_READ_S: 21176.630468750001
  ME_READ_L: 20223.2578125
  ME_WRITE: 21290.369140625
  ME_LARGE: 366379.5
  ME_LATENCY: 47.571889900217677
  ME_THREADED: 505476.30029296875
  SUMM_CPU: 56759.559380547929
  SUMM_ME: 3375.7178094166679
SystemInformation:
  OSName: Ubuntu 24.04.1 LTS
  Kernel: 6.8.0-1016-aws
  Device: ""
  Processor: ARM Neoverse-V2 96 Core 0 MHz
  NumSockets: 1
  Manufacturer: ARM
  NumCores: 96
  NumLogicals: 96
  CPUFrequency: 0
  Memory: 379903
Checksum: EA329B4A1B07D6663666D22BFF99C7C0BEA4D75B