BaselineInfo:
  WebDBID: -1
  TimeStamp: 20260621121032
Version:
  Major: 11
  Minor: 0
  Build: 1004
  SpecialBuildName: ""
  ptArchitecture: x86_64_linux
Results:
  Results Complete: true
  NumTestProcesses: 48
  CPU_INTEGER_MATH: 194106.59233333336
  CPU_FLOATINGPOINT_MATH: 137513.94588010487
  CPU_PRIME: 399.89903115699491
  CPU_SORTING: 95467.835849518218
  CPU_ENCRYPTION: 42802.511285010864
  CPU_COMPRESSION: 694156.24240760854
  CPU_SINGLETHREAD: 2899.5951842148183
  CPU_PHYSICS: 8405.9660439011113
  CPU_MATRIX_MULT_SSE: 54111.257235661767
  CPU_mm: 5260.6339599129542
  CPU_sse: 22818.863170446988
  CPU_fma: 57180.952024904298
  CPU_avx: 46199.166347215752
  CPU_avx512: 90246.047400080046
  m_CPU_enc_SHA: 45211567372.799301
  m_CPU_enc_AES: 58967792852.038559
  m_CPU_enc_ECDSA: 30465697994.736797
  ME_ALLOC_S: 22537.897556885498
  ME_READ_S: 25910.386523437501
  ME_READ_L: 8865.7373046875
  ME_WRITE: 8261.1494140625
  ME_LARGE: 377115.5
  ME_LATENCY: 84.236947341078562
  ME_THREADED: 246763.11767578125
  SUMM_CPU: 55897.620431176249
  SUMM_ME: 2072.9310372244877
SystemInformation:
  OSName: Ubuntu 24.04.4 LTS
  Kernel: 6.17.0-1018-azure
  Device: ""
  Processor: INTEL(R) XEON(R) PLATINUM 8573C
  NumSockets: 1
  Manufacturer: GenuineIntel
  NumCores: 24
  NumLogicals: 48
  CPUFrequency: 2300
  CPUMaxFrequency: 2300
  Memory: 386747
  CPUInfo:
    number: 1
    Family: 6
    Model: 15
    stepping: 2
    features: 529267711
    manufacture: GenuineIntel
    typestring: INTEL(R) XEON(R) PLATINUM 8573C
    iCoresPerPackage: 32
    iThreadsPerPackage: 2
    featuresEx:
      - 529267711
      - 4294586915
      - 739248128
    bHybrid: false
    nPCore: 0
    nLogicalsPerPCore: 0
    nECore: 0
    nLogicalsPerECore: 0
  MemModuleInfo:
    iNumMemSticks: 3
    DIMM 1:
      manufacturer: Microsoft Corporation
      modulePartNo: None
      memType: Unknown
      size: 1
      clkspeed: 0
      moduleVoltage: 0
    DIMM 2:
      manufacturer: Microsoft Corporation
      modulePartNo: None
      memType: Unknown
      size: 59
      clkspeed: 0
      moduleVoltage: 0
    DIMM 3:
      manufacturer: Microsoft Corporation
      modulePartNo: None
      memType: Unknown
      size: 324
      clkspeed: 0
      moduleVoltage: 0
Checksum: 9714E454E0DD924B0B563CDCD67A56C1386E7DC3