---
system-info:
      stress-ng-version: 0.17.08
      run-by: root
      date-yyyy-mm-dd: 2024:06:12
      time-hh-mm-ss: 23:20:44
      epoch-secs: 1718234444
      hostname: 93ffa490297f
      sysname: Linux
      nodename: 93ffa490297f
      release: 6.8.0-1008-aws
      version: '#8-Ubuntu SMP Sat Apr 20 00:46:25 UTC 2024'
      machine: x86_64
      compiler: 'musl-gcc 13.2.1'
      uptime: 110
      totalram: 99611561984
      freeram: 94959661056
      sharedram: 60264448
      bufferram: 111173632
      totalswap: 0
      freeswap: 0
      pagesize: 4096
      cpus: 48
      cpus-online: 48
      ticks-per-second: 100

metrics:
    - stressor: cpu
      bogo-ops: 927023
      bogo-ops-per-second-usr-sys-time: 966.043113
      bogo-ops-per-second-real-time: 46350.964195
      wall-clock-time: 20.000080
      user-time: 959.581323
      system-time: 0.026988
      cpu-usage-per-instance: 99.958798
      max-rss: 1152

...
