---
system-info:
      stress-ng-version: 0.17.08
      run-by: root
      date-yyyy-mm-dd: 2024:06:06
      time-hh-mm-ss: 09:41:00
      epoch-secs: 1717666860
      hostname: e2b5ffeea6d0
      sysname: Linux
      nodename: e2b5ffeea6d0
      release: 6.8.0-1008-aws
      version: '#8-Ubuntu SMP Sat Apr 20 00:46:25 UTC 2024'
      machine: x86_64
      compiler: 'musl-gcc 13.2.1'
      uptime: 111
      totalram: 99611582464
      freeram: 95155736576
      sharedram: 60264448
      bufferram: 81993728
      totalswap: 0
      freeswap: 0
      pagesize: 4096
      cpus: 48
      cpus-online: 48
      ticks-per-second: 100

metrics:
    - stressor: cpu
      bogo-ops: 562263
      bogo-ops-per-second-usr-sys-time: 1171.980303
      bogo-ops-per-second-real-time: 56217.870109
      wall-clock-time: 10.001500
      user-time: 479.700667
      system-time: 0.053983
      cpu-usage-per-instance: 99.933900
      max-rss: 3840

...
