BaselineInfo:
  WebDBID: -1
  TimeStamp: 20260404025808
Version:
  Major: 11
  Minor: 0
  Build: 1004
  SpecialBuildName: ""
  ptArchitecture: x86_64_linux
Results:
  Results Complete: true
  NumTestProcesses: 4
  CPU_INTEGER_MATH: 16726.771666666667
  CPU_FLOATINGPOINT_MATH: 8580.4940027426783
  CPU_PRIME: 37.293281956953038
  CPU_SORTING: 8901.3563297039182
  CPU_ENCRYPTION: 3618.0452931139703
  CPU_COMPRESSION: 63493.49439916441
  CPU_SINGLETHREAD: 2358.5561920512296
  CPU_PHYSICS: 738.03281043639663
  CPU_MATRIX_MULT_SSE: 3411.3957366198247
  CPU_mm: 361.45533771077487
  CPU_sse: 1588.9503464140198
  CPU_fma: 4366.4823621218156
  CPU_avx: 3228.4425510175615
  CPU_avx512: 4461.7076869259008
  m_CPU_enc_SHA: 3625808634.8265758
  m_CPU_enc_AES: 5522473085.9014034
  m_CPU_enc_ECDSA: 2233104663.0888453
  ME_ALLOC_S: 2082.3848511789938
  ME_READ_S: 24086.148242187501
  ME_READ_L: 12980.1162109375
  ME_WRITE: 11922.546875
  ME_LARGE: 18407.5
  ME_LATENCY: 52.710076685831304
  ME_THREADED: 31807.57373046875
  SUMM_CPU: 5887.6800796337166
  SUMM_ME: 2387.7671213804497
SystemInformation:
  OSName: Ubuntu 24.04.4 LTS
  Kernel: 6.8.0-106-generic
  Device: ""
  Processor: Intel(R) Xeon(R) Platinum 8369B CPU @ 2.70GHz
  NumSockets: 1
  Manufacturer: GenuineIntel
  NumCores: 2
  NumLogicals: 4
  CPUFrequency: 0
  CPUMaxFrequency: 0
  Memory: 31174
  CPUInfo:
    number: 1
    Family: 6
    Model: 10
    stepping: 6
    features: 529267711
    manufacture: GenuineIntel
    typestring: Intel(R) Xeon(R) Platinum 8369B CPU @ 2.70GHz
    iCoresPerPackage: 2
    iThreadsPerPackage: 2
    featuresEx:
      - 529267711
      - 4277809667
      - 739248128
    bHybrid: false
    nPCore: 0
    nLogicalsPerPCore: 0
    nECore: 0
    nLogicalsPerECore: 0
  MemModuleInfo:
    iNumMemSticks: 2
    DIMM 1:
      manufacturer: Alibaba Cloud
      modulePartNo: Not Specified
      memType: RAM
      size: 16
      clkspeed: 0
      moduleVoltage: 0
    DIMM 2:
      manufacturer: Alibaba Cloud
      modulePartNo: Not Specified
      memType: RAM
      size: 16
      clkspeed: 0
      moduleVoltage: 0
Checksum: 907DB195C0AFD575B932857D8946DD5BB378C96B