---
system-info:
      stress-ng-version: 0.17.08
      run-by: root
      date-yyyy-mm-dd: 2024:07:09
      time-hh-mm-ss: 21:31:27
      epoch-secs: 1720560687
      hostname: ip-172-31-30-151
      sysname: Linux
      nodename: ip-172-31-30-151
      release: 6.8.0-1009-aws
      version: '#9-Ubuntu SMP Fri May 17 20:15:49 UTC 2024'
      machine: aarch64
      compiler: 'musl-gcc 13.2.1'
      uptime: 133
      totalram: 1594651881472
      freeram: 1586866028544
      sharedram: 79093760
      bufferram: 134115328
      totalswap: 0
      freeswap: 0
      pagesize: 4096
      cpus: 192
      cpus-online: 192
      ticks-per-second: 100

metrics:
    - stressor: cpu
      bogo-ops: 6290877
      bogo-ops-per-second-usr-sys-time: 1639.438629
      bogo-ops-per-second-real-time: 314542.829902
      wall-clock-time: 20.000065
      user-time: 3837.183114
      system-time: 0.030971
      cpu-usage-per-instance: 99.927126
      max-rss: 0

...
