---
system-info:
      stress-ng-version: 0.17.08
      run-by: root
      date-yyyy-mm-dd: 2024:09:03
      time-hh-mm-ss: 02:17:34
      epoch-secs: 1725329854
      hostname: sc-runner
      sysname: Linux
      nodename: sc-runner
      release: 6.8.0-1013-azure
      version: '#15-Ubuntu SMP Thu Aug  8 18:40:40 UTC 2024'
      machine: x86_64
      compiler: 'musl-gcc 13.2.1'
      uptime: 411
      totalram: 16766070784
      freeram: 8275173376
      sharedram: 56995840
      bufferram: 209014784
      totalswap: 0
      freeswap: 0
      pagesize: 4096
      cpus: 4
      cpus-online: 4
      ticks-per-second: 100

metrics:
    - stressor: cpu
      bogo-ops: 39369
      bogo-ops-per-second-usr-sys-time: 496.208559
      bogo-ops-per-second-real-time: 1968.433756
      wall-clock-time: 20.000165
      user-time: 79.308592
      system-time: 0.031031
      cpu-usage-per-instance: 99.173710
      max-rss: 3152

...
