---
system-info:
      stress-ng-version: 0.17.08
      run-by: root
      date-yyyy-mm-dd: 2024:09:20
      time-hh-mm-ss: 13:36:06
      epoch-secs: 1726839366
      hostname: ip-172-31-31-198
      sysname: Linux
      nodename: ip-172-31-31-198
      release: 6.8.0-1014-aws
      version: '#15-Ubuntu SMP Thu Aug  8 20:05:03 UTC 2024'
      machine: aarch64
      compiler: 'musl-gcc 13.2.1'
      uptime: 171
      totalram: 796907659264
      freeram: 786140930048
      sharedram: 39661568
      bufferram: 245604352
      totalswap: 0
      freeswap: 0
      pagesize: 4096
      cpus: 48
      cpus-online: 48
      ticks-per-second: 100

metrics:
    - stressor: cpu
      bogo-ops: 1637018
      bogo-ops-per-second-usr-sys-time: 1705.641728
      bogo-ops-per-second-real-time: 81850.652183
      wall-clock-time: 20.000061
      user-time: 959.747630
      system-time: 0.018992
      cpu-usage-per-instance: 99.975387
      max-rss: 1152

...
