BaselineInfo:
  WebDBID: -1
  TimeStamp: 20241108175817
Version:
  Major: 11
  Minor: 0
  Build: 1002
  SpecialBuildName: ""
  ptArchitecture: x86_64_linux
Results:
  Results Complete: true
  NumTestProcesses: 32
  CPU_INTEGER_MATH: 132878.84299999999
  CPU_FLOATINGPOINT_MATH: 73015.750117756485
  CPU_PRIME: 196.07203160123939
  CPU_SORTING: 70820.160023560427
  CPU_ENCRYPTION: 34269.776239346509
  CPU_COMPRESSION: 504815.46517700271
  CPU_SINGLETHREAD: 2516.5468342402764
  CPU_PHYSICS: 3873.6875069552912
  CPU_MATRIX_MULT_SSE: 29923.051859548061
  CPU_mm: 3593.2182926631917
  CPU_sse: 15266.832828553181
  CPU_fma: 41644.035772385818
  CPU_avx: 32858.286977705196
  CPU_avx512: 0
  m_CPU_enc_SHA: 49674770032.272095
  m_CPU_enc_AES: 31762083245.887581
  m_CPU_enc_ECDSA: 26366541391.687347
  ME_ALLOC_S: 13583.426410911527
  ME_READ_S: 25447.939648437499
  ME_READ_L: 19920.12890625
  ME_WRITE: 19941.986328125
  ME_LARGE: 182401.58333333334
  ME_LATENCY: 67.258992111654948
  ME_THREADED: 76359.2998046875
  SUMM_CPU: 38709.308604330232
  SUMM_ME: 2789.8849276207961
SystemInformation:
  OSName: Ubuntu 24.04.1 LTS
  Kernel: 6.8.0-1017-azure
  Device: ""
  Processor: AMD EPYC 7763 64-Core Processor
  NumSockets: 1
  Manufacturer: AuthenticAMD
  NumCores: 16
  NumLogicals: 32
  CPUFrequency: 0
  Memory: 193219
  MemModuleInfo:
    iNumMemSticks: 3
    DIMM 1:
      manufacturer: Microsoft Corporation
      modulePartNo: None
      memType: Unknown
      size: 1
      clkspeed: 0
      moduleVoltage: 0
    DIMM 2:
      manufacturer: Microsoft Corporation
      modulePartNo: None
      memType: Unknown
      size: 60928
      clkspeed: 0
      moduleVoltage: 0
    DIMM 3:
      manufacturer: Microsoft Corporation
      modulePartNo: None
      memType: Unknown
      size: 134656
      clkspeed: 0
      moduleVoltage: 0
Checksum: A5237C7FD6FAEDADD4AC8F89D9631BE4F2A7CC68