BaselineInfo:
  WebDBID: -1
  TimeStamp: 20260220131352
Version:
  Major: 11
  Minor: 0
  Build: 1004
  SpecialBuildName: ""
  ptArchitecture: x86_64_linux
Results:
  Results Complete: true
  NumTestProcesses: 384
  CPU_INTEGER_MATH: 1975332.4166666672
  CPU_FLOATINGPOINT_MATH: 1430559.1371830325
  CPU_PRIME: 3170.3211152918611
  CPU_SORTING: 864288.98686299345
  CPU_ENCRYPTION: 407661.02451176627
  CPU_COMPRESSION: 6926584.5777992802
  CPU_SINGLETHREAD: 3258.6311208915718
  CPU_PHYSICS: 51572.919735900869
  CPU_MATRIX_MULT_SSE: 465839.51840050612
  CPU_mm: 53059.90397925274
  CPU_sse: 216512.36755913729
  CPU_fma: 543839.09856048436
  CPU_avx: 434293.15791501169
  CPU_avx512: 668713.44956739142
  m_CPU_enc_SHA: 450303999765.09485
  m_CPU_enc_AES: 552313725084.56787
  m_CPU_enc_ECDSA: 279772974465.68762
  ME_ALLOC_S: 34903.550674408165
  ME_READ_S: 27151.521484375
  ME_READ_L: 15827.7529296875
  ME_WRITE: 8683.1689453125
  ME_LARGE: 1503472.9166666667
  ME_LATENCY: 65.90039883436728
  ME_THREADED: 2006291.685546875
  SUMM_CPU: 178166.00429182407
  SUMM_ME: 2664.8431721688858
SystemInformation:
  OSName: Ubuntu 24.04.3 LTS
  Kernel: 6.17.0-1007-aws
  Device: ""
  Processor: Intel(R) Xeon(R) 6975P-C
  NumSockets: 2
  Manufacturer: GenuineIntel
  NumCores: 192
  NumLogicals: 384
  CPUFrequency: 0
  CPUMaxFrequency: 0
  Memory: 1523392
  CPUInfo:
    number: 2
    Family: 6
    Model: 13
    stepping: 1
    features: 529267711
    manufacture: GenuineIntel
    typestring: Intel(R) Xeon(R) 6975P-C
    iCoresPerPackage: 96
    iThreadsPerPackage: 2
    featuresEx:
      - 529267711
      - 4294619651
      - 739248128
    bHybrid: false
    nPCore: 0
    nLogicalsPerPCore: 0
    nECore: 0
    nLogicalsPerECore: 0
  MemModuleInfo:
    iNumMemSticks: 6
    DIMM 1:
      manufacturer: Not Specified
      modulePartNo: Not Specified
      memType: DDR5
      size: 256
      clkspeed: 3600
      moduleVoltage: 0
    DIMM 2:
      manufacturer: Not Specified
      modulePartNo: Not Specified
      memType: DDR5
      size: 256
      clkspeed: 3600
      moduleVoltage: 0
    DIMM 3:
      manufacturer: Not Specified
      modulePartNo: Not Specified
      memType: DDR5
      size: 256
      clkspeed: 3600
      moduleVoltage: 0
    DIMM 4:
      manufacturer: Not Specified
      modulePartNo: Not Specified
      memType: DDR5
      size: 256
      clkspeed: 3600
      moduleVoltage: 0
    DIMM 5:
      manufacturer: Not Specified
      modulePartNo: Not Specified
      memType: DDR5
      size: 256
      clkspeed: 3600
      moduleVoltage: 0
    DIMM 6:
      manufacturer: Not Specified
      modulePartNo: Not Specified
      memType: DDR5
      size: 256
      clkspeed: 3600
      moduleVoltage: 0
Checksum: 2E6CCC7C6344D31B342142794606314DA0C06E65