BaselineInfo:
  WebDBID: -1
  TimeStamp: 20260404110313
Version:
  Major: 11
  Minor: 0
  Build: 1004
  SpecialBuildName: ""
  ptArchitecture: x86_64_linux
Results:
  Results Complete: true
  NumTestProcesses: 12
  CPU_INTEGER_MATH: 50488.147333333334
  CPU_FLOATINGPOINT_MATH: 25820.310664468248
  CPU_PRIME: 86.791102868821412
  CPU_SORTING: 26005.426114159003
  CPU_ENCRYPTION: 10958.456492523415
  CPU_COMPRESSION: 184952.87084357138
  CPU_SINGLETHREAD: 2361.099117788197
  CPU_PHYSICS: 1691.4707820732074
  CPU_MATRIX_MULT_SSE: 10513.633604649389
  CPU_mm: 1087.9375174782635
  CPU_sse: 4740.5096683845213
  CPU_fma: 13122.249788770348
  CPU_avx: 9715.5072456204907
  CPU_avx512: 14476.2677158222
  m_CPU_enc_SHA: 11062951061.817038
  m_CPU_enc_AES: 16643904952.419695
  m_CPU_enc_ECDSA: 6765467411.075963
  ME_ALLOC_S: 5802.9524839600881
  ME_READ_S: 24212.728710937499
  ME_READ_L: 10741.5322265625
  ME_WRITE: 9828.45703125
  ME_LARGE: 10109.416666666666
  ME_LATENCY: 56.882718549697792
  ME_THREADED: 57147.05859375
  SUMM_CPU: 16209.007808017439
  SUMM_ME: 2303.5360751785211
SystemInformation:
  OSName: Ubuntu 24.04.4 LTS
  Kernel: 6.8.0-106-generic
  Device: ""
  Processor: Intel(R) Xeon(R) Platinum 8369B CPU @ 2.70GHz
  NumSockets: 1
  Manufacturer: GenuineIntel
  NumCores: 6
  NumLogicals: 12
  CPUFrequency: 0
  CPUMaxFrequency: 0
  Memory: 22855
  CPUInfo:
    number: 1
    Family: 6
    Model: 10
    stepping: 6
    features: 529267711
    manufacture: GenuineIntel
    typestring: Intel(R) Xeon(R) Platinum 8369B CPU @ 2.70GHz
    iCoresPerPackage: 6
    iThreadsPerPackage: 2
    featuresEx:
      - 529267711
      - 4277809667
      - 739248128
    bHybrid: false
    nPCore: 0
    nLogicalsPerPCore: 0
    nECore: 0
    nLogicalsPerECore: 0
  MemModuleInfo:
    iNumMemSticks: 2
    DIMM 1:
      manufacturer: Alibaba Cloud
      modulePartNo: Not Specified
      memType: RAM
      size: 16
      clkspeed: 0
      moduleVoltage: 0
    DIMM 2:
      manufacturer: Alibaba Cloud
      modulePartNo: Not Specified
      memType: RAM
      size: 8
      clkspeed: 0
      moduleVoltage: 0
Checksum: A84EE9AE6C89DF46E2AF6E7BF42C3A1685F77BA5