---
system-info:
      stress-ng-version: 0.17.08
      run-by: root
      date-yyyy-mm-dd: 2024:06:07
      time-hh-mm-ss: 15:45:20
      epoch-secs: 1717775120
      hostname: 18fafb6bb557
      sysname: Linux
      nodename: 18fafb6bb557
      release: 6.8.0-1008-aws
      version: '#8-Ubuntu SMP Sat Apr 20 02:43:14 UTC 2024'
      machine: aarch64
      compiler: 'musl-gcc 13.2.1'
      uptime: 160
      totalram: 99427672064
      freeram: 94988251136
      sharedram: 34979840
      bufferram: 91848704
      totalswap: 0
      freeswap: 0
      pagesize: 4096
      cpus: 16
      cpus-online: 16
      ticks-per-second: 100

metrics:
    - stressor: cpu
      bogo-ops: 2940
      bogo-ops-per-second-usr-sys-time: 292.823902
      bogo-ops-per-second-real-time: 292.816101
      wall-clock-time: 10.040431
      user-time: 10.040164
      system-time: 0.000000
      cpu-usage-per-instance: 99.997336
      max-rss: 4008

...
