---
system-info:
      stress-ng-version: 0.17.08
      run-by: root
      date-yyyy-mm-dd: 2024:06:14
      time-hh-mm-ss: 14:56:07
      epoch-secs: 1718376967
      hostname: 88fa9a093162
      sysname: Linux
      nodename: 88fa9a093162
      release: 6.8.0-1008-aws
      version: '#8-Ubuntu SMP Sat Apr 20 02:43:14 UTC 2024'
      machine: aarch64
      compiler: 'musl-gcc 13.2.1'
      uptime: 171
      totalram: 99427667968
      freeram: 94924038144
      sharedram: 34979840
      bufferram: 109563904
      totalswap: 0
      freeswap: 0
      pagesize: 4096
      cpus: 16
      cpus-online: 16
      ticks-per-second: 100

metrics:
    - stressor: cpu
      bogo-ops: 30401
      bogo-ops-per-second-usr-sys-time: 1520.029176
      bogo-ops-per-second-real-time: 1520.046086
      wall-clock-time: 20.000051
      user-time: 19.999275
      system-time: 0.000999
      cpu-usage-per-instance: 100.001113
      max-rss: 1192

...
