---
system-info:
      stress-ng-version: 0.17.08
      run-by: root
      date-yyyy-mm-dd: 2024:06:13
      time-hh-mm-ss: 14:20:56
      epoch-secs: 1718288456
      hostname: e4c19eb83b28
      sysname: Linux
      nodename: e4c19eb83b28
      release: 6.8.0-1008-aws
      version: '#8-Ubuntu SMP Sat Apr 20 00:46:25 UTC 2024'
      machine: x86_64
      compiler: 'musl-gcc 13.2.1'
      uptime: 138
      totalram: 532474396672
      freeram: 526866280448
      sharedram: 117612544
      bufferram: 105537536
      totalswap: 0
      freeswap: 0
      pagesize: 4096
      cpus: 128
      cpus-online: 128
      ticks-per-second: 100

metrics:
    - stressor: cpu
      bogo-ops: 2470282
      bogo-ops-per-second-usr-sys-time: 965.349830
      bogo-ops-per-second-real-time: 123513.633032
      wall-clock-time: 20.000076
      user-time: 2558.908088
      system-time: 0.041967
      cpu-usage-per-instance: 99.958609
      max-rss: 0

...
