---
system-info:
      stress-ng-version: 0.17.08
      run-by: root
      date-yyyy-mm-dd: 2024:06:07
      time-hh-mm-ss: 23:40:32
      epoch-secs: 1717803632
      hostname: 0e48ebc14c90
      sysname: Linux
      nodename: 0e48ebc14c90
      release: 6.8.0-1008-aws
      version: '#8-Ubuntu SMP Sat Apr 20 00:46:25 UTC 2024'
      machine: x86_64
      compiler: 'musl-gcc 13.2.1'
      uptime: 139
      totalram: 532474421248
      freeram: 526793768960
      sharedram: 117612544
      bufferram: 94912512
      totalswap: 0
      freeswap: 0
      pagesize: 4096
      cpus: 128
      cpus-online: 128
      ticks-per-second: 100

metrics:
    - stressor: cpu
      bogo-ops: 1535098
      bogo-ops-per-second-usr-sys-time: 1200.076508
      bogo-ops-per-second-real-time: 153487.770724
      wall-clock-time: 10.001435
      user-time: 1279.036865
      system-time: 0.129913
      cpu-usage-per-instance: 99.920563
      max-rss: 3072

...
