---
system-info:
      stress-ng-version: 0.17.08
      run-by: root
      date-yyyy-mm-dd: 2024:06:09
      time-hh-mm-ss: 18:24:55
      epoch-secs: 1717957495
      hostname: 98e79b58b01f
      sysname: Linux
      nodename: 98e79b58b01f
      release: 6.8.0-1008-aws
      version: '#8-Ubuntu SMP Sat Apr 20 00:46:25 UTC 2024'
      machine: x86_64
      compiler: 'musl-gcc 13.2.1'
      uptime: 99
      totalram: 66333835264
      freeram: 61721907200
      sharedram: 59920384
      bufferram: 110407680
      totalswap: 0
      freeswap: 0
      pagesize: 4096
      cpus: 8
      cpus-online: 8
      ticks-per-second: 100

metrics:
    - stressor: cpu
      bogo-ops: 96744
      bogo-ops-per-second-usr-sys-time: 1211.719729
      bogo-ops-per-second-real-time: 9672.909012
      wall-clock-time: 10.001541
      user-time: 79.830253
      system-time: 0.009992
      cpu-usage-per-instance: 99.784925
      max-rss: 4048

...
