---
system-info:
      stress-ng-version: 0.17.08
      run-by: root
      date-yyyy-mm-dd: 2024:06:15
      time-hh-mm-ss: 20:54:50
      epoch-secs: 1718484890
      hostname: 10553736f318
      sysname: Linux
      nodename: 10553736f318
      release: 6.8.0-1008-aws
      version: '#8-Ubuntu SMP Sat Apr 20 00:46:25 UTC 2024'
      machine: x86_64
      compiler: 'musl-gcc 13.2.1'
      uptime: 109
      totalram: 66333835264
      freeram: 61891338240
      sharedram: 59920384
      bufferram: 108761088
      totalswap: 0
      freeswap: 0
      pagesize: 4096
      cpus: 8
      cpus-online: 8
      ticks-per-second: 100

metrics:
    - stressor: cpu
      bogo-ops: 154318
      bogo-ops-per-second-usr-sys-time: 966.219890
      bogo-ops-per-second-real-time: 7715.861437
      wall-clock-time: 20.000100
      user-time: 159.703133
      system-time: 0.009994
      cpu-usage-per-instance: 99.820205
      max-rss: 1104

...
