---
system-info:
      stress-ng-version: 0.17.08
      run-by: root
      date-yyyy-mm-dd: 2024:09:19
      time-hh-mm-ss: 04:02:36
      epoch-secs: 1726718556
      hostname: sc-runner
      sysname: Linux
      nodename: sc-runner
      release: 6.8.0-1014-azure
      version: '#16-Ubuntu SMP Thu Aug 15 21:06:50 UTC 2024'
      machine: aarch64
      compiler: 'musl-gcc 13.2.1'
      uptime: 373
      totalram: 219088855040
      freeram: 208352247808
      sharedram: 38227968
      bufferram: 248635392
      totalswap: 0
      freeswap: 0
      pagesize: 4096
      cpus: 32
      cpus-online: 32
      ticks-per-second: 100

metrics:
    - stressor: cpu
      bogo-ops: 36459
      bogo-ops-per-second-usr-sys-time: 1822.944349
      bogo-ops-per-second-real-time: 1822.939917
      wall-clock-time: 20.000111
      user-time: 20.000062
      system-time: 0.000000
      cpu-usage-per-instance: 99.999757
      max-rss: 1280

...
