---
system-info:
      stress-ng-version: 0.17.08
      run-by: root
      date-yyyy-mm-dd: 2024:06:14
      time-hh-mm-ss: 16:57:10
      epoch-secs: 1718384230
      hostname: c9f8de9161a3
      sysname: Linux
      nodename: c9f8de9161a3
      release: 6.8.0-1008-aws
      version: '#8-Ubuntu SMP Sat Apr 20 00:46:25 UTC 2024'
      machine: x86_64
      compiler: 'musl-gcc 13.2.1'
      uptime: 203
      totalram: 8323858432
      freeram: 3987386368
      sharedram: 48492544
      bufferram: 111779840
      totalswap: 0
      freeswap: 0
      pagesize: 4096
      cpus: 2
      cpus-online: 2
      ticks-per-second: 100

metrics:
    - stressor: cpu
      bogo-ops: 24065
      bogo-ops-per-second-usr-sys-time: 1203.341875
      bogo-ops-per-second-real-time: 1203.240289
      wall-clock-time: 20.000161
      user-time: 19.998473
      system-time: 0.000000
      cpu-usage-per-instance: 99.991558
      max-rss: 1104

...
