---
system-info:
      stress-ng-version: 0.17.08
      run-by: root
      date-yyyy-mm-dd: 2024:06:08
      time-hh-mm-ss: 10:42:27
      epoch-secs: 1717843347
      hostname: 0c0fc521360a
      sysname: Linux
      nodename: 0c0fc521360a
      release: 6.8.0-1008-aws
      version: '#8-Ubuntu SMP Sat Apr 20 00:46:25 UTC 2024'
      machine: x86_64
      compiler: 'musl-gcc 13.2.1'
      uptime: 185
      totalram: 8323850240
      freeram: 3989491712
      sharedram: 48492544
      bufferram: 102395904
      totalswap: 0
      freeswap: 0
      pagesize: 4096
      cpus: 2
      cpus-online: 2
      ticks-per-second: 100

metrics:
    - stressor: cpu
      bogo-ops: 12587
      bogo-ops-per-second-usr-sys-time: 1258.228919
      bogo-ops-per-second-real-time: 1258.071340
      wall-clock-time: 10.004997
      user-time: 10.002703
      system-time: 0.001041
      cpu-usage-per-instance: 99.987476
      max-rss: 3920

...
