BaselineInfo:
  WebDBID: -1
  TimeStamp: 20251202200201
Version:
  Major: 11
  Minor: 0
  Build: 1002
  SpecialBuildName: ""
  ptArchitecture: x86_64_linux
Results:
  Results Complete: true
  NumTestProcesses: 12
  CPU_INTEGER_MATH: 102201.61266666665
  CPU_FLOATINGPOINT_MATH: 102573.81110848924
  CPU_PRIME: 395.21538727602092
  CPU_SORTING: 60361.297491634868
  CPU_ENCRYPTION: 21326.015939506771
  CPU_COMPRESSION: 446271.57948702085
  CPU_SINGLETHREAD: 4247.356535388024
  CPU_PHYSICS: 5278.3615490833536
  CPU_MATRIX_MULT_SSE: 41325.820459533148
  CPU_mm: 4911.2079597539077
  CPU_sse: 14784.440190587893
  CPU_fma: 58229.78319571288
  CPU_avx: 29383.29345801329
  CPU_avx512: 62905.76499381852
  m_CPU_enc_SHA: 29571939987.690952
  m_CPU_enc_AES: 18499588875.909634
  m_CPU_enc_ECDSA: 19014316605.752174
  ME_ALLOC_S: 16411.183711935049
  ME_READ_S: 37880.599999999999
  ME_READ_L: 34318.8984375
  ME_WRITE: 33628.109375
  ME_LARGE: 373411.58333333331
  ME_LATENCY: 88.097393324604198
  ME_THREADED: 209517.484375
  SUMM_CPU: 41200.187838889542
  SUMM_ME: 2798.9924986200249
SystemInformation:
  OSName: Ubuntu 24.04.2 LTS
  Kernel: 6.14.0-1017-aws
  Device: ""
  Processor: AMD EPYC 9R05
  NumSockets: 1
  Manufacturer: AuthenticAMD
  NumCores: 12
  NumLogicals: 12
  CPUFrequency: 0
  Memory: 385219
  MemModuleInfo:
    iNumMemSticks: 1
    DIMM 1:
      manufacturer: Not Specified
      modulePartNo: Not Specified
      memType: DDR5
      size: 384
      clkspeed: 3200
      moduleVoltage: 0
Checksum: A70BDA7387808D5BC1C3B1C02B2F70589D506405