---
system-info:
      stress-ng-version: 0.17.08
      run-by: root
      date-yyyy-mm-dd: 2024:06:08
      time-hh-mm-ss: 16:43:45
      epoch-secs: 1717865025
      hostname: bfef02d91a89
      sysname: Linux
      nodename: bfef02d91a89
      release: 6.8.0-1008-aws
      version: '#8-Ubuntu SMP Sat Apr 20 00:46:25 UTC 2024'
      machine: x86_64
      compiler: 'musl-gcc 13.2.1'
      uptime: 112
      totalram: 199393959936
      freeram: 194668175360
      sharedram: 60071936
      bufferram: 103653376
      totalswap: 0
      freeswap: 0
      pagesize: 4096
      cpus: 48
      cpus-online: 48
      ticks-per-second: 100

metrics:
    - stressor: cpu
      bogo-ops: 16718
      bogo-ops-per-second-usr-sys-time: 1671.738982
      bogo-ops-per-second-real-time: 1671.760581
      wall-clock-time: 10.000236
      user-time: 10.000365
      system-time: 0.000000
      cpu-usage-per-instance: 100.001292
      max-rss: 3840

...
