---
system-info:
      stress-ng-version: 0.17.08
      run-by: root
      date-yyyy-mm-dd: 2024:06:14
      time-hh-mm-ss: 22:41:36
      epoch-secs: 1718404896
      hostname: e4f811a1a012
      sysname: Linux
      nodename: e4f811a1a012
      release: 6.8.0-1008-aws
      version: '#8-Ubuntu SMP Sat Apr 20 00:46:25 UTC 2024'
      machine: x86_64
      compiler: 'musl-gcc 13.2.1'
      uptime: 142
      totalram: 199394009088
      freeram: 194732056576
      sharedram: 60071936
      bufferram: 109944832
      totalswap: 0
      freeswap: 0
      pagesize: 4096
      cpus: 48
      cpus-online: 48
      ticks-per-second: 100

metrics:
    - stressor: cpu
      bogo-ops: 37838
      bogo-ops-per-second-usr-sys-time: 1891.870014
      bogo-ops-per-second-real-time: 1891.893663
      wall-clock-time: 20.000067
      user-time: 20.000317
      system-time: 0.000000
      cpu-usage-per-instance: 100.001250
      max-rss: 768

...
