---
system-info:
      stress-ng-version: 0.17.08
      run-by: root
      date-yyyy-mm-dd: 2024:07:03
      time-hh-mm-ss: 02:48:31
      epoch-secs: 1719974911
      hostname: n4-highmem-48-0fd8970
      sysname: Linux
      nodename: n4-highmem-48-0fd8970
      release: 6.8.0-1009-gcp
      version: '#10-Ubuntu SMP Wed Jun 12 18:52:23 UTC 2024'
      machine: x86_64
      compiler: 'musl-gcc 13.2.1'
      uptime: 119
      totalram: 405534846976
      freeram: 399766532096
      sharedram: 274432000
      bufferram: 129363968
      totalswap: 0
      freeswap: 0
      pagesize: 4096
      cpus: 48
      cpus-online: 48
      ticks-per-second: 100

metrics:
    - stressor: cpu
      bogo-ops: 801699
      bogo-ops-per-second-usr-sys-time: 835.422053
      bogo-ops-per-second-real-time: 40084.768816
      wall-clock-time: 20.000090
      user-time: 959.608523
      system-time: 0.024991
      cpu-usage-per-instance: 99.961373
      max-rss: 1152

...
