---
system-info:
      stress-ng-version: 0.17.08
      run-by: root
      date-yyyy-mm-dd: 2024:06:07
      time-hh-mm-ss: 13:44:54
      epoch-secs: 1717767894
      hostname: a8928c48f32c
      sysname: Linux
      nodename: a8928c48f32c
      release: 6.8.0-1008-aws
      version: '#8-Ubuntu SMP Sat Apr 20 02:43:14 UTC 2024'
      machine: aarch64
      compiler: 'musl-gcc 13.2.1'
      uptime: 140
      totalram: 16534200320
      freeram: 12379590656
      sharedram: 35020800
      bufferram: 90402816
      totalswap: 0
      freeswap: 0
      pagesize: 4096
      cpus: 2
      cpus-online: 2
      ticks-per-second: 100

metrics:
    - stressor: cpu
      bogo-ops: 2940
      bogo-ops-per-second-usr-sys-time: 293.125752
      bogo-ops-per-second-real-time: 293.082280
      wall-clock-time: 10.031313
      user-time: 10.027826
      system-time: 0.001999
      cpu-usage-per-instance: 99.985169
      max-rss: 4008

...
