---
system-info:
      stress-ng-version: 0.17.08
      run-by: root
      date-yyyy-mm-dd: 2024:06:16
      time-hh-mm-ss: 09:23:04
      epoch-secs: 1718529784
      hostname: 6e8f0e16bbb4
      sysname: Linux
      nodename: 6e8f0e16bbb4
      release: 6.8.0-1008-aws
      version: '#8-Ubuntu SMP Sat Apr 20 02:43:14 UTC 2024'
      machine: aarch64
      compiler: 'musl-gcc 13.2.1'
      uptime: 155
      totalram: 16534200320
      freeram: 12285882368
      sharedram: 35020800
      bufferram: 110317568
      totalswap: 0
      freeswap: 0
      pagesize: 4096
      cpus: 2
      cpus-online: 2
      ticks-per-second: 100

metrics:
    - stressor: cpu
      bogo-ops: 30404
      bogo-ops-per-second-usr-sys-time: 1520.298363
      bogo-ops-per-second-real-time: 1520.190721
      wall-clock-time: 20.000122
      user-time: 19.998706
      system-time: 0.000000
      cpu-usage-per-instance: 99.992920
      max-rss: 1320

...
