BaselineInfo:
  WebDBID: -1
  TimeStamp: 20241108030627
Version:
  Major: 11
  Minor: 0
  Build: 1002
  SpecialBuildName: ""
  ptArchitecture: x86_64_linux
Results:
  Results Complete: true
  NumTestProcesses: 16
  CPU_INTEGER_MATH: 66449.278666666665
  CPU_FLOATINGPOINT_MATH: 36592.79066378827
  CPU_PRIME: 102.37259139676914
  CPU_SORTING: 35111.443000340711
  CPU_ENCRYPTION: 17179.83413564798
  CPU_COMPRESSION: 256409.59070469422
  CPU_SINGLETHREAD: 2546.088514081835
  CPU_PHYSICS: 2027.1048962678151
  CPU_MATRIX_MULT_SSE: 14954.729441125466
  CPU_mm: 1795.9342153233872
  CPU_sse: 7666.6850162626206
  CPU_fma: 20867.206943074085
  CPU_avx: 16330.29636403969
  CPU_avx512: 0
  m_CPU_enc_SHA: 24874550942.12397
  m_CPU_enc_AES: 15893091814.445627
  m_CPU_enc_ECDSA: 13275442519.294044
  ME_ALLOC_S: 7001.2967149266678
  ME_READ_S: 25747.376367187499
  ME_READ_L: 21052.443359375
  ME_WRITE: 20129.228515625
  ME_LARGE: 54060.5
  ME_LATENCY: 62.255249554414114
  ME_THREADED: 38268.658447265625
  SUMM_CPU: 21803.647592027875
  SUMM_ME: 2752.7506650791202
SystemInformation:
  OSName: Ubuntu 24.04.1 LTS
  Kernel: 6.8.0-1017-azure
  Device: ""
  Processor: AMD EPYC 7763 64-Core Processor
  NumSockets: 1
  Manufacturer: AuthenticAMD
  NumCores: 8
  NumLogicals: 16
  CPUFrequency: 0
  Memory: 64297
  MemModuleInfo:
    iNumMemSticks: 3
    DIMM 1:
      manufacturer: Microsoft Corporation
      modulePartNo: None
      memType: Unknown
      size: 1
      clkspeed: 0
      moduleVoltage: 0
    DIMM 2:
      manufacturer: Microsoft Corporation
      modulePartNo: None
      memType: Unknown
      size: 60928
      clkspeed: 0
      moduleVoltage: 0
    DIMM 3:
      manufacturer: Microsoft Corporation
      modulePartNo: None
      memType: Unknown
      size: 3584
      clkspeed: 0
      moduleVoltage: 0
Checksum: 628C06F7890732F8AF36C4614F4F18944AE79A68