---
system-info:
      stress-ng-version: 0.17.08
      run-by: root
      date-yyyy-mm-dd: 2024:06:14
      time-hh-mm-ss: 11:41:40
      epoch-secs: 1718365300
      hostname: 9f17d2f173fc
      sysname: Linux
      nodename: 9f17d2f173fc
      release: 6.8.0-1008-aws
      version: '#8-Ubuntu SMP Sat Apr 20 00:46:25 UTC 2024'
      machine: x86_64
      compiler: 'musl-gcc 13.2.1'
      uptime: 129
      totalram: 202380767232
      freeram: 196734226432
      sharedram: 113086464
      bufferram: 108498944
      totalswap: 0
      freeswap: 0
      pagesize: 4096
      cpus: 96
      cpus-online: 96
      ticks-per-second: 100

metrics:
    - stressor: cpu
      bogo-ops: 41409
      bogo-ops-per-second-usr-sys-time: 2070.419565
      bogo-ops-per-second-real-time: 2070.445014
      wall-clock-time: 20.000048
      user-time: 20.000294
      system-time: 0.000000
      cpu-usage-per-instance: 100.001229
      max-rss: 768

...
