BaselineInfo:
  WebDBID: -1
  TimeStamp: 20260616125523
Version:
  Major: 11
  Minor: 0
  Build: 1004
  SpecialBuildName: ""
  ptArchitecture: x86_64_linux
Results:
  Results Complete: true
  NumTestProcesses: 2
  CPU_INTEGER_MATH: 5760.7033333333329
  CPU_FLOATINGPOINT_MATH: 3080.6662895037502
  CPU_PRIME: 6.3403639739434645
  CPU_SORTING: 2319.7648015751474
  CPU_ENCRYPTION: 740.66430254484487
  CPU_COMPRESSION: 26673.466393401603
  CPU_SINGLETHREAD: 1861.7121259039186
  CPU_PHYSICS: 62.290269636029322
  CPU_MATRIX_MULT_SSE: 1493.1468125238009
  CPU_mm: 175.05622511646118
  CPU_sse: 625.70259112065037
  CPU_fma: 1935.6230295573841
  CPU_avx: 1369.1307215342658
  CPU_avx512: 2042.1309078829033
  m_CPU_enc_SHA: 260306417.81065333
  m_CPU_enc_AES: 1837581766.4561048
  m_CPU_enc_ECDSA: 232040250.84903193
  ME_ALLOC_S: 536.80303129776155
  ME_READ_S: 14916.352868652344
  ME_READ_L: 2032.419677734375
  ME_WRITE: 2024.2401123046875
  ME_LARGE: 1710
  ME_LATENCY: 58.468058423598528
  ME_THREADED: 2045.4840087890625
  SUMM_CPU: 1747.4129828418515
  SUMM_ME: 554.35994602593917
SystemInformation:
  OSName: Ubuntu 24.04.4 LTS
  Kernel: 6.8.0-117-generic
  Device: ""
  Processor: Intel(R) Xeon(R) Platinum
  NumSockets: 1
  Manufacturer: GenuineIntel
  NumCores: 1
  NumLogicals: 2
  CPUFrequency: 0
  CPUMaxFrequency: 0
  Memory: 3499
  CPUInfo:
    number: 1
    Family: 6
    Model: 5
    stepping: 4
    features: 529267711
    manufacture: GenuineIntel
    typestring: Intel(R) Xeon(R) Platinum
    iCoresPerPackage: 1
    iThreadsPerPackage: 2
    featuresEx:
      - 529267711
      - 4294586883
      - 739248128
    bHybrid: false
    nPCore: 0
    nLogicalsPerPCore: 0
    nECore: 0
    nLogicalsPerECore: 0
  MemModuleInfo:
    iNumMemSticks: 1
    DIMM 1:
      manufacturer: Alibaba Cloud
      modulePartNo: Not Specified
      memType: RAM
      size: 4
      clkspeed: 0
      moduleVoltage: 0
Checksum: 9081103A4516F7BA91FFFA9585CDDCBF68836C55