BaselineInfo:
  WebDBID: -1
  TimeStamp: 20250103030112
Version:
  Major: 11
  Minor: 0
  Build: 1002
  SpecialBuildName: ""
  ptArchitecture: x86_64_linux
Results:
  Results Complete: true
  NumTestProcesses: 16
  CPU_INTEGER_MATH: 76027.131333333338
  CPU_FLOATINGPOINT_MATH: 42534.103744011751
  CPU_PRIME: 122.38979533177299
  CPU_SORTING: 44796.725418676229
  CPU_ENCRYPTION: 19290.386634572318
  CPU_COMPRESSION: 309794.1181295524
  CPU_SINGLETHREAD: 2906.5297736244397
  CPU_PHYSICS: 2287.1761170282343
  CPU_MATRIX_MULT_SSE: 21926.458035584787
  CPU_mm: 2036.0277233426486
  CPU_sse: 8987.8460682812783
  CPU_fma: 28122.061878004311
  CPU_avx: 23164.955142805866
  CPU_avx512: 27430.969053247689
  m_CPU_enc_SHA: 26989395141.94709
  m_CPU_enc_AES: 18318558221.320454
  m_CPU_enc_ECDSA: 15374356003.932358
  ME_ALLOC_S: 7629.0701386296723
  ME_READ_S: 27890.608203125001
  ME_READ_L: 27542.947265625
  ME_WRITE: 26834.248046875
  ME_LARGE: 53212.583333333336
  ME_LATENCY: 76.515687780925987
  ME_THREADED: 37913.584716796875
  SUMM_CPU: 26254.788379651858
  SUMM_ME: 2604.6322945749994
SystemInformation:
  OSName: Ubuntu 24.04.1 LTS
  Kernel: 6.8.0-1017-azure
  Device: ""
  Processor: AMD EPYC 9V74 80-Core Processor
  NumSockets: 1
  Manufacturer: AuthenticAMD
  NumCores: 8
  NumLogicals: 16
  CPUFrequency: 0
  Memory: 64297
  MemModuleInfo:
    iNumMemSticks: 3
    DIMM 1:
      manufacturer: Microsoft Corporation
      modulePartNo: None
      memType: Unknown
      size: 1
      clkspeed: 0
      moduleVoltage: 0
    DIMM 2:
      manufacturer: Microsoft Corporation
      modulePartNo: None
      memType: Unknown
      size: 59
      clkspeed: 0
      moduleVoltage: 0
    DIMM 3:
      manufacturer: Microsoft Corporation
      modulePartNo: None
      memType: Unknown
      size: 4
      clkspeed: 0
      moduleVoltage: 0
Checksum: EC6E22B0398B72F25C152B522A067B5014DF7E5B