---
system-info:
      stress-ng-version: 0.17.08
      run-by: root
      date-yyyy-mm-dd: 2024:07:02
      time-hh-mm-ss: 05:16:17
      epoch-secs: 1719897377
      hostname: a2-highgpu-1g-c964d5a
      sysname: Linux
      nodename: a2-highgpu-1g-c964d5a
      release: 6.8.0-1009-gcp
      version: '#10-Ubuntu SMP Wed Jun 12 18:52:23 UTC 2024'
      machine: x86_64
      compiler: 'musl-gcc 13.2.1'
      uptime: 236
      totalram: 89619521536
      freeram: 81772679168
      sharedram: 41881600
      bufferram: 117792768
      totalswap: 0
      freeswap: 0
      pagesize: 4096
      cpus: 12
      cpus-online: 12
      ticks-per-second: 100

metrics:
    - stressor: cpu
      bogo-ops: 189426
      bogo-ops-per-second-usr-sys-time: 790.956590
      bogo-ops-per-second-real-time: 9471.236312
      wall-clock-time: 20.000134
      user-time: 239.468749
      system-time: 0.021006
      cpu-usage-per-instance: 99.786727
      max-rss: 1104

...
