BaselineInfo:
  WebDBID: -1
  TimeStamp: 20241107182010
Version:
  Major: 11
  Minor: 0
  Build: 1002
  SpecialBuildName: ""
  ptArchitecture: aarch64_linux
Results:
  Results Complete: true
  NumTestProcesses: 8
  CPU_INTEGER_MATH: 41723.48133333333
  CPU_FLOATINGPOINT_MATH: 48487.068825600552
  CPU_PRIME: 103.59358127418659
  CPU_SORTING: 36864.747824947
  CPU_ENCRYPTION: 1509.8657021352174
  CPU_COMPRESSION: 53173.666977056288
  CPU_SINGLETHREAD: 1941.3889072650504
  CPU_PHYSICS: 2306.001259697061
  CPU_MATRIX_MULT_SSE: 7356.836415731108
  CPU_mm: 902.89012992767198
  CPU_sse: 5769.9084781983347
  CPU_fma: 8943.7643532638831
  CPU_avx: 0
  CPU_avx512: 0
  m_CPU_enc_SHA: 2382830585.8695388
  m_CPU_enc_AES: 858204063.5609827
  m_CPU_enc_ECDSA: 1508592166.0158916
  ME_ALLOC_S: 11873.739918467922
  ME_READ_S: 21091.473437500001
  ME_READ_L: 17880.1640625
  ME_WRITE: 21163.2421875
  ME_LARGE: 5752.416666666667
  ME_LATENCY: 52.633987617410618
  ME_THREADED: 128072.4814453125
  SUMM_CPU: 7653.2908821899655
  SUMM_ME: 2615.0706748720513
SystemInformation:
  OSName: Ubuntu 24.04.1 LTS
  Kernel: 6.8.0-1016-aws
  Device: ""
  Processor: ARM Neoverse-V2 8 Core 0 MHz
  NumSockets: 1
  Manufacturer: ARM
  NumCores: 8
  NumLogicals: 8
  CPUFrequency: 0
  Memory: 15672
Checksum: E8F7438A1DF64C7852321F252A8D061153BF650B