BaselineInfo:
  WebDBID: -1
  TimeStamp: 20241115100048
Version:
  Major: 11
  Minor: 0
  Build: 1002
  SpecialBuildName: ""
  ptArchitecture: aarch64_linux
Results:
  Results Complete: true
  NumTestProcesses: 1
  CPU_INTEGER_MATH: 4694.8986666666669
  CPU_FLOATINGPOINT_MATH: 4672.8846437843586
  CPU_PRIME: 11.94210857239913
  CPU_SORTING: 3817.0697641507586
  CPU_ENCRYPTION: 133.64029106363606
  CPU_COMPRESSION: 4934.6983586460465
  CPU_SINGLETHREAD: 1418.0816839737784
  CPU_PHYSICS: 269.13310879753021
  CPU_MATRIX_MULT_SSE: 818.75176062642208
  CPU_mm: 106.98479457210186
  CPU_sse: 689.32028450034773
  CPU_fma: 948.18323675249633
  CPU_avx: 0
  CPU_avx512: 0
  m_CPU_enc_SHA: 206569623.66651624
  m_CPU_enc_AES: 78989494.423739046
  m_CPU_enc_ECDSA: 134836887.43677446
  ME_ALLOC_S: 955.85089336765463
  ME_READ_S: 19259.770703124999
  ME_READ_L: 18306.658203125
  ME_WRITE: 19084.748046875
  ME_LARGE: 590.33333333333337
  ME_LATENCY: 58.548947460912906
  ME_THREADED: 17566.40234375
  SUMM_CPU: 763.04827448824142
  SUMM_ME: 989.96230427639284
SystemInformation:
  OSName: Ubuntu 24.04.1 LTS
  Kernel: 6.8.0-1018-aws
  Device: ""
  Processor: ARM Neoverse-V1 1 Core 0 MHz
  NumSockets: 1
  Manufacturer: ARM
  NumCores: 1
  NumLogicals: 1
  CPUFrequency: 0
  Memory: 1831
Checksum: 2EC38CFB3DB9C23226218D37D2451E914B3AECF7