BaselineInfo:
  WebDBID: -1
  TimeStamp: 20241106221832
Version:
  Major: 11
  Minor: 0
  Build: 1002
  SpecialBuildName: ""
  ptArchitecture: aarch64_linux
Results:
  Results Complete: true
  NumTestProcesses: 1
  CPU_INTEGER_MATH: 4705.5723333333326
  CPU_FLOATINGPOINT_MATH: 4683.2890321202667
  CPU_PRIME: 12.663364971855886
  CPU_SORTING: 3743.6547038534354
  CPU_ENCRYPTION: 133.85331335790571
  CPU_COMPRESSION: 5154.6738868445564
  CPU_SINGLETHREAD: 1447.4933303331327
  CPU_PHYSICS: 281.90399302112542
  CPU_MATRIX_MULT_SSE: 820.19058030460519
  CPU_mm: 107.15387507870298
  CPU_sse: 688.5492785022202
  CPU_fma: 951.83188210699029
  CPU_avx: 0
  CPU_avx512: 0
  m_CPU_enc_SHA: 207641405.75407568
  m_CPU_enc_AES: 80000413.057552606
  m_CPU_enc_ECDSA: 133424296.91110967
  ME_ALLOC_S: 999.69313178262462
  ME_READ_S: 19291.940820312499
  ME_READ_L: 18598.921875
  ME_WRITE: 19378.71875
  ME_LARGE: 577
  ME_LATENCY: 50.570772491761737
  ME_THREADED: 18649.904296875
  SUMM_CPU: 774.351131816053
  SUMM_ME: 1008.4816561031441
SystemInformation:
  OSName: Ubuntu 24.04.1 LTS
  Kernel: 6.8.0-1016-aws
  Device: ""
  Processor: ARM Neoverse-V1 1 Core 0 MHz
  NumSockets: 1
  Manufacturer: ARM
  NumCores: 1
  NumLogicals: 1
  CPUFrequency: 0
  Memory: 1831
Checksum: 58AD25BEB9070725451A6BEAA8DF17D1D94BE600