BaselineInfo:
  WebDBID: -1
  TimeStamp: 20241114172452
Version:
  Major: 11
  Minor: 0
  Build: 1002
  SpecialBuildName: ""
  ptArchitecture: aarch64_linux
Results:
  Results Complete: true
  NumTestProcesses: 1
  CPU_INTEGER_MATH: 4703.6316666666671
  CPU_FLOATINGPOINT_MATH: 4681.515747978402
  CPU_PRIME: 12.476583391273872
  CPU_SORTING: 3770.9681643936569
  CPU_ENCRYPTION: 133.39106308971279
  CPU_COMPRESSION: 4980.481061087793
  CPU_SINGLETHREAD: 1448.5815201437576
  CPU_PHYSICS: 281.52403420112284
  CPU_MATRIX_MULT_SSE: 818.27419873939289
  CPU_mm: 107.14465723166714
  CPU_sse: 685.88193615607474
  CPU_fma: 950.66646132271114
  CPU_avx: 0
  CPU_avx512: 0
  m_CPU_enc_SHA: 207985246.00694135
  m_CPU_enc_AES: 79490303.874162838
  m_CPU_enc_ECDSA: 132136452.22997183
  ME_ALLOC_S: 988.74035005449059
  ME_READ_S: 19270.095703125
  ME_READ_L: 18534.08203125
  ME_WRITE: 19304.462890625
  ME_LARGE: 537.16666666666663
  ME_LATENCY: 51.853168483335629
  ME_THREADED: 18585.44921875
  SUMM_CPU: 765.27548929432328
  SUMM_ME: 963.39271072467022
SystemInformation:
  OSName: Ubuntu 24.04.1 LTS
  Kernel: 6.8.0-1018-aws
  Device: ""
  Processor: ARM Neoverse-V1 1 Core 0 MHz
  NumSockets: 1
  Manufacturer: ARM
  NumCores: 1
  NumLogicals: 1
  CPUFrequency: 0
  Memory: 1831
Checksum: BC01A9F0887624E9D376BF1A5D0469F23480921B