BaselineInfo:
  WebDBID: -1
  TimeStamp: 20241109021006
Version:
  Major: 11
  Minor: 0
  Build: 1002
  SpecialBuildName: ""
  ptArchitecture: aarch64_linux
Results:
  Results Complete: true
  NumTestProcesses: 64
  CPU_INTEGER_MATH: 305817.18766666669
  CPU_FLOATINGPOINT_MATH: 304066.89692296693
  CPU_PRIME: 342.74362464224271
  CPU_SORTING: 241259.17375081495
  CPU_ENCRYPTION: 8910.3547941599754
  CPU_COMPRESSION: 339223.58887575945
  CPU_SINGLETHREAD: 1564.5419560247808
  CPU_PHYSICS: 8802.166685287646
  CPU_MATRIX_MULT_SSE: 53061.414145760406
  CPU_mm: 6953.5271205218451
  CPU_sse: 44645.478001005424
  CPU_fma: 61477.350290515351
  CPU_avx: 0
  CPU_avx512: 0
  m_CPU_enc_SHA: 13472590461.476097
  m_CPU_enc_AES: 5189927026.5859394
  m_CPU_enc_ECDSA: 9367035077.8612309
  ME_ALLOC_S: 31676.113791076965
  ME_READ_S: 19723.869921875001
  ME_READ_L: 19076.857421875
  ME_WRITE: 19760.349609375
  ME_LARGE: 244152.83333333334
  ME_LATENCY: 49.336209247436521
  ME_THREADED: 262818.24072265625
  SUMM_CPU: 34677.746664317878
  SUMM_ME: 3172.1706954259253
SystemInformation:
  OSName: Ubuntu 24.04.1 LTS
  Kernel: 6.8.0-1016-aws
  Device: ""
  Processor: ARM Neoverse-V1 64 Core 0 MHz
  NumSockets: 1
  Manufacturer: ARM
  NumCores: 64
  NumLogicals: 64
  CPUFrequency: 0
  Memory: 257205
Checksum: 0498D5B36B4B5D1655397C871AEBA74AF90F42C1