BaselineInfo:
  WebDBID: -1
  TimeStamp: 20241109193531
Version:
  Major: 11
  Minor: 0
  Build: 1002
  SpecialBuildName: ""
  ptArchitecture: x86_64_linux
Results:
  Results Complete: true
  NumTestProcesses: 64
  CPU_INTEGER_MATH: 180774.35433333335
  CPU_FLOATINGPOINT_MATH: 96844.885091405769
  CPU_PRIME: 257.75509471748165
  CPU_SORTING: 91898.2864390943
  CPU_ENCRYPTION: 24817.25726794605
  CPU_COMPRESSION: 785449.7181797371
  CPU_SINGLETHREAD: 1815.66843231649
  CPU_PHYSICS: 4652.1799501002533
  CPU_MATRIX_MULT_SSE: 48997.879912901401
  CPU_mm: 5483.9203897222214
  CPU_sse: 19664.024755022063
  CPU_fma: 58302.74851580547
  CPU_avx: 41109.171979601779
  CPU_avx512: 76915.574401176302
  m_CPU_enc_SHA: 8148200404.6417675
  m_CPU_enc_AES: 62636002486.960747
  m_CPU_enc_ECDSA: 7284138179.3788986
  ME_ALLOC_S: 21283.689690977139
  ME_READ_S: 22275.852929687499
  ME_READ_L: 9976.4716796875
  ME_WRITE: 9728.55859375
  ME_LARGE: 498222
  ME_LATENCY: 52.684402738869551
  ME_THREADED: 225784.16381835938
  SUMM_CPU: 42481.947711341323
  SUMM_ME: 2620.4933871507242
SystemInformation:
  OSName: Ubuntu 24.04.1 LTS
  Kernel: 6.8.0-1016-aws
  Device: ""
  Processor: Intel Xeon Platinum 8175M CPU @ 2.50GHz
  NumSockets: 2
  Manufacturer: GenuineIntel
  NumCores: 32
  NumLogicals: 64
  CPUFrequency: 0
  Memory: 510515
  MemModuleInfo:
    iNumMemSticks: 2
    DIMM 1:
      manufacturer: Not Specified
      modulePartNo: Not Specified
      memType: DDR4
      size: 256
      clkspeed: 1333
      moduleVoltage: 0
    DIMM 2:
      manufacturer: Not Specified
      modulePartNo: Not Specified
      memType: DDR4
      size: 256
      clkspeed: 1333
      moduleVoltage: 0
Checksum: FC481EB46667A8BE2025A0E73637DA765FB1579E