BaselineInfo:
  WebDBID: -1
  TimeStamp: 20260522133404
Version:
  Major: 11
  Minor: 0
  Build: 1004
  SpecialBuildName: ""
  ptArchitecture: x86_64_linux
Results:
  Results Complete: true
  NumTestProcesses: 1
  CPU_INTEGER_MATH: 7584.8590000000004
  CPU_FLOATINGPOINT_MATH: 7597.0443792971992
  CPU_PRIME: 27.014015687335515
  CPU_SORTING: 4344.377569223705
  CPU_ENCRYPTION: 1624.6466316261385
  CPU_COMPRESSION: 31961.216431991274
  CPU_SINGLETHREAD: 3594.8367690074774
  CPU_PHYSICS: 459.41704979249232
  CPU_MATRIX_MULT_SSE: 2555.7893542002844
  CPU_mm: 362.07795452166096
  CPU_sse: 1105.26997423588
  CPU_fma: 3836.7433674031104
  CPU_avx: 2002.8581625309087
  CPU_avx512: 3278.2859126312378
  m_CPU_enc_SHA: 2278823255.8643222
  m_CPU_enc_AES: 1388463767.0563388
  m_CPU_enc_ECDSA: 1443409376.2913687
  ME_ALLOC_S: 1185.7643473249179
  ME_READ_S: 33134.420507812501
  ME_READ_L: 27820.70703125
  ME_WRITE: 25843.96484375
  ME_LARGE: 533.91666666666663
  ME_LATENCY: 105.37998632601706
  ME_THREADED: 23256.328125
  SUMM_CPU: 3395.6854150310264
  SUMM_ME: 895.95654858092269
SystemInformation:
  OSName: Ubuntu 24.04.4 LTS
  Kernel: 6.8.0-111-generic
  Device: ""
  Processor: "AMD EPYC 9575F 64-Core Processor               "
  NumSockets: 1
  Manufacturer: AuthenticAMD
  NumCores: 1
  NumLogicals: 1
  CPUFrequency: 0
  CPUMaxFrequency: 0
  Memory: 1806
  CPUInfo:
    number: 1
    Family: 15
    Model: 2
    stepping: 1
    features: 395049983
    manufacture: AuthenticAMD
    typestring: "AMD EPYC 9575F 64-Core Processor               "
    iCoresPerPackage: 255
    iThreadsPerPackage: 1
    featuresEx:
      - 395049983
      - 4294586883
      - 802421759
    bHybrid: false
    nPCore: 0
    nLogicalsPerPCore: 0
    nECore: 0
    nLogicalsPerECore: 0
  MemModuleInfo:
    iNumMemSticks: 1
    DIMM 1:
      manufacturer: QEMU
      modulePartNo: Not Specified
      memType: RAM
      size: 2
      clkspeed: 0
      moduleVoltage: 0
Checksum: C1829798B33CA7C6DF6F3A21E8342B9B7A87276C