---
system-info:
      stress-ng-version: 0.17.08
      run-by: root
      date-yyyy-mm-dd: 2024:06:10
      time-hh-mm-ss: 03:56:58
      epoch-secs: 1717991818
      hostname: 2ce0cb5ec463
      sysname: Linux
      nodename: 2ce0cb5ec463
      release: 6.8.0-1008-aws
      version: '#8-Ubuntu SMP Sat Apr 20 00:46:25 UTC 2024'
      machine: x86_64
      compiler: 'musl-gcc 13.2.1'
      uptime: 169
      totalram: 4102275072
      freeram: 119820288
      sharedram: 48492544
      bufferram: 107626496
      totalswap: 0
      freeswap: 0
      pagesize: 4096
      cpus: 2
      cpus-online: 2
      ticks-per-second: 100

metrics:
    - stressor: cpu
      bogo-ops: 22760
      bogo-ops-per-second-usr-sys-time: 1151.091420
      bogo-ops-per-second-real-time: 2275.204252
      wall-clock-time: 10.003497
      user-time: 19.767551
      system-time: 0.004988
      cpu-usage-per-instance: 98.828130
      max-rss: 4048

...
