---
system-info:
      stress-ng-version: 0.17.08
      run-by: root
      date-yyyy-mm-dd: 2024:06:16
      time-hh-mm-ss: 06:28:26
      epoch-secs: 1718519306
      hostname: 6544f43e10b1
      sysname: Linux
      nodename: 6544f43e10b1
      release: 6.8.0-1008-aws
      version: '#8-Ubuntu SMP Sat Apr 20 00:46:25 UTC 2024'
      machine: x86_64
      compiler: 'musl-gcc 13.2.1'
      uptime: 164
      totalram: 4102279168
      freeram: 175337472
      sharedram: 48496640
      bufferram: 104857600
      totalswap: 0
      freeswap: 0
      pagesize: 4096
      cpus: 2
      cpus-online: 2
      ticks-per-second: 100

metrics:
    - stressor: cpu
      bogo-ops: 34702
      bogo-ops-per-second-usr-sys-time: 878.326762
      bogo-ops-per-second-real-time: 1735.087507
      wall-clock-time: 20.000144
      user-time: 39.502226
      system-time: 0.006988
      cpu-usage-per-instance: 98.772324
      max-rss: 1104

...
