BaselineInfo:
  WebDBID: -1
  TimeStamp: 20250422013839
Version:
  Major: 11
  Minor: 0
  Build: 1002
  SpecialBuildName: ""
  ptArchitecture: aarch64_linux
Results:
  Results Complete: true
  NumTestProcesses: 48
  CPU_INTEGER_MATH: 250439.10466666665
  CPU_FLOATINGPOINT_MATH: 290936.45298830635
  CPU_PRIME: 567.82344337873803
  CPU_SORTING: 220720.84672885441
  CPU_ENCRYPTION: 9068.9190395747246
  CPU_COMPRESSION: 319211.11235010735
  CPU_SINGLETHREAD: 1942.3989678480596
  CPU_PHYSICS: 13071.127214290034
  CPU_MATRIX_MULT_SSE: 44183.84190736086
  CPU_mm: 5451.1427717740862
  CPU_sse: 34752.758537578142
  CPU_fma: 53614.925277143586
  CPU_avx: 0
  CPU_avx512: 0
  m_CPU_enc_SHA: 14151047700.988417
  m_CPU_enc_AES: 5162189134.041131
  m_CPU_enc_ECDSA: 9215115717.4937763
  ME_ALLOC_S: 47345.680203064425
  ME_READ_S: 20910.504687500001
  ME_READ_L: 20004.537109375
  ME_WRITE: 21275.626953125
  ME_LARGE: 177624.5
  ME_LATENCY: 48.653271285780562
  ME_THREADED: 432790.1376953125
  SUMM_CPU: 36102.077923696015
  SUMM_ME: 3307.9519611889955
SystemInformation:
  OSName: Ubuntu 24.04.2 LTS
  Kernel: 6.8.0-1027-aws
  Device: ""
  Processor: ARM Neoverse-V2 48 Core 0 MHz
  NumSockets: 1
  Manufacturer: ARM
  NumCores: 48
  NumLogicals: 48
  CPUFrequency: 0
  Memory: 189782
Checksum: 9DA22CF3DC99D6186F8B117F28FC850486E5A585