---
system-info:
      stress-ng-version: 0.17.08
      run-by: root
      date-yyyy-mm-dd: 2024:09:22
      time-hh-mm-ss: 22:11:45
      epoch-secs: 1727043105
      hostname: sc-runner
      sysname: Linux
      nodename: sc-runner
      release: 6.8.0-1014-azure
      version: '#16-Ubuntu SMP Thu Aug 15 20:04:41 UTC 2024'
      machine: x86_64
      compiler: 'musl-gcc 13.2.1'
      uptime: 317
      totalram: 135060672512
      freeram: 124279013376
      sharedram: 38375424
      bufferram: 289423360
      totalswap: 0
      freeswap: 0
      pagesize: 4096
      cpus: 32
      cpus-online: 32
      ticks-per-second: 100

metrics:
    - stressor: cpu
      bogo-ops: 862851
      bogo-ops-per-second-usr-sys-time: 1349.457123
      bogo-ops-per-second-real-time: 43142.434444
      wall-clock-time: 20.000054
      user-time: 639.386025
      system-time: 0.019989
      cpu-usage-per-instance: 99.906922
      max-rss: 1032

...
