---
system-info:
      stress-ng-version: 0.17.08
      run-by: root
      date-yyyy-mm-dd: 2024:09:23
      time-hh-mm-ss: 16:08:10
      epoch-secs: 1727107690
      hostname: sc-runner
      sysname: Linux
      nodename: sc-runner
      release: 6.8.0-1014-azure
      version: '#16-Ubuntu SMP Thu Aug 15 20:04:41 UTC 2024'
      machine: x86_64
      compiler: 'musl-gcc 13.2.1'
      uptime: 305
      totalram: 202798665728
      freeram: 191262171136
      sharedram: 105627648
      bufferram: 290713600
      totalswap: 0
      freeswap: 0
      pagesize: 4096
      cpus: 48
      cpus-online: 48
      ticks-per-second: 100

metrics:
    - stressor: cpu
      bogo-ops: 1297450
      bogo-ops-per-second-usr-sys-time: 1352.066685
      bogo-ops-per-second-real-time: 64872.336697
      wall-clock-time: 20.000050
      user-time: 959.561059
      system-time: 0.043977
      cpu-usage-per-instance: 99.958606
      max-rss: 3200

...
