---
system-info:
      stress-ng-version: 0.17.08
      run-by: root
      date-yyyy-mm-dd: 2024:07:02
      time-hh-mm-ss: 22:51:12
      epoch-secs: 1719960672
      hostname: n4-highcpu-64-d2ffbac
      sysname: Linux
      nodename: n4-highcpu-64-d2ffbac
      release: 6.8.0-1009-gcp
      version: '#10-Ubuntu SMP Wed Jun 12 18:52:23 UTC 2024'
      machine: x86_64
      compiler: 'musl-gcc 13.2.1'
      uptime: 139
      totalram: 135047036928
      freeram: 129281064960
      sharedram: 274276352
      bufferram: 129998848
      totalswap: 0
      freeswap: 0
      pagesize: 4096
      cpus: 64
      cpus-online: 64
      ticks-per-second: 100

metrics:
    - stressor: cpu
      bogo-ops: 34559
      bogo-ops-per-second-usr-sys-time: 1727.961318
      bogo-ops-per-second-real-time: 1727.943985
      wall-clock-time: 20.000070
      user-time: 19.998870
      system-time: 0.000999
      cpu-usage-per-instance: 99.998997
      max-rss: 512

...
