---
system-info:
      stress-ng-version: 0.17.08
      run-by: root
      date-yyyy-mm-dd: 2024:09:23
      time-hh-mm-ss: 21:21:50
      epoch-secs: 1727126510
      hostname: c4-highmem-8-8090936.us-east4-a.c.algebraic-pier-412621.internal
      sysname: Linux
      nodename: c4-highmem-8-8090936.us-east4-a.c.algebraic-pier-412621.internal
      release: 6.8.0-1014-gcp
      version: '#16-Ubuntu SMP Mon Aug 26 15:55:46 UTC 2024'
      machine: x86_64
      compiler: 'musl-gcc 13.2.1'
      uptime: 205
      totalram: 65309716480
      freeram: 54723756032
      sharedram: 274608128
      bufferram: 252497920
      totalswap: 0
      freeswap: 0
      pagesize: 4096
      cpus: 8
      cpus-online: 8
      ticks-per-second: 100

metrics:
    - stressor: cpu
      bogo-ops: 43309
      bogo-ops-per-second-usr-sys-time: 2165.473279
      bogo-ops-per-second-real-time: 2165.445483
      wall-clock-time: 20.000042
      user-time: 19.998786
      system-time: 0.000999
      cpu-usage-per-instance: 99.998716
      max-rss: 1104

...
