BaselineInfo:
  WebDBID: -1
  TimeStamp: 20241109221827
Version:
  Major: 11
  Minor: 0
  Build: 1002
  SpecialBuildName: ""
  ptArchitecture: x86_64_linux
Results:
  Results Complete: true
  NumTestProcesses: 16
  CPU_INTEGER_MATH: 55759.140000000007
  CPU_FLOATINGPOINT_MATH: 28472.83843855936
  CPU_PRIME: 116.22774087694796
  CPU_SORTING: 29209.195194304684
  CPU_ENCRYPTION: 12148.993950754588
  CPU_COMPRESSION: 204375.24347412129
  CPU_SINGLETHREAD: 2016.0474358304307
  CPU_PHYSICS: 2033.484594166727
  CPU_MATRIX_MULT_SSE: 12738.191187998946
  CPU_mm: 1201.1765044209492
  CPU_sse: 5229.5729838576517
  CPU_fma: 14541.798489802683
  CPU_avx: 11048.633367142078
  CPU_avx512: 20132.759911193374
  m_CPU_enc_SHA: 12245255517.380909
  m_CPU_enc_AES: 18420085138.679615
  m_CPU_enc_ECDSA: 7552089786.6587982
  ME_ALLOC_S: 7126.2041801289761
  ME_READ_S: 20286.686914062499
  ME_READ_L: 11696.2861328125
  ME_WRITE: 10533.82421875
  ME_LARGE: 496877.16666666669
  ME_LATENCY: 51.897914300396231
  ME_THREADED: 92041.78271484375
  SUMM_CPU: 17846.770990592515
  SUMM_ME: 2605.9205334838457
SystemInformation:
  OSName: Ubuntu 24.04.1 LTS
  Kernel: 6.8.0-1017-azure
  Device: ""
  Processor: Intel Xeon Platinum 8370C CPU @ 2.80GHz
  NumSockets: 2
  Manufacturer: GenuineIntel
  NumCores: 8
  NumLogicals: 16
  CPUFrequency: 0
  Memory: 507912
  MemModuleInfo:
    iNumMemSticks: 4
    DIMM 1:
      manufacturer: Microsoft Corporation
      modulePartNo: None
      memType: Unknown
      size: 1
      clkspeed: 0
      moduleVoltage: 0
    DIMM 2:
      manufacturer: Microsoft Corporation
      modulePartNo: None
      memType: Unknown
      size: 60928
      clkspeed: 0
      moduleVoltage: 0
    DIMM 3:
      manufacturer: Microsoft Corporation
      modulePartNo: None
      memType: Unknown
      size: 196096
      clkspeed: 0
      moduleVoltage: 0
    DIMM 4:
      manufacturer: Microsoft Corporation
      modulePartNo: None
      memType: Unknown
      size: 252
      clkspeed: 0
      moduleVoltage: 0
Checksum: 581CA6354B49B13ABB5EBB90CA9C78A29A6AAA90