---
system-info:
      stress-ng-version: 0.17.08
      run-by: root
      date-yyyy-mm-dd: 2024:09:07
      time-hh-mm-ss: 21:44:03
      epoch-secs: 1725745443
      hostname: ip-172-31-11-123
      sysname: Linux
      nodename: ip-172-31-11-123
      release: 6.8.0-1014-aws
      version: '#15-Ubuntu SMP Thu Aug  8 19:13:06 UTC 2024'
      machine: x86_64
      compiler: 'musl-gcc 13.2.1'
      uptime: 272
      totalram: 3233837522944
      freeram: 3220933214208
      sharedram: 163778560
      bufferram: 224481280
      totalswap: 0
      freeswap: 0
      pagesize: 4096
      cpus: 224
      cpus-online: 224
      ticks-per-second: 100

metrics:
    - stressor: cpu
      bogo-ops: 28831
      bogo-ops-per-second-usr-sys-time: 1441.705776
      bogo-ops-per-second-real-time: 1441.544759
      wall-clock-time: 20.000073
      user-time: 19.996840
      system-time: 0.000999
      cpu-usage-per-instance: 99.988831
      max-rss: 0

...
