---
system-info:
      stress-ng-version: 0.17.08
      run-by: root
      date-yyyy-mm-dd: 2024:09:12
      time-hh-mm-ss: 14:38:50
      epoch-secs: 1726151930
      hostname: ip-172-31-7-63
      sysname: Linux
      nodename: ip-172-31-7-63
      release: 6.8.0-1014-aws
      version: '#15-Ubuntu SMP Thu Aug  8 19:13:06 UTC 2024'
      machine: x86_64
      compiler: 'musl-gcc 13.2.1'
      uptime: 328
      totalram: 3233837473792
      freeram: 3219466915840
      sharedram: 163737600
      bufferram: 224997376
      totalswap: 0
      freeswap: 0
      pagesize: 4096
      cpus: 224
      cpus-online: 224
      ticks-per-second: 100

metrics:
    - stressor: cpu
      bogo-ops: 28799
      bogo-ops-per-second-usr-sys-time: 1440.020849
      bogo-ops-per-second-real-time: 1439.944421
      wall-clock-time: 20.000077
      user-time: 19.998017
      system-time: 0.000999
      cpu-usage-per-instance: 99.994693
      max-rss: 0

...
