BaselineInfo:
  WebDBID: -1
  TimeStamp: 20260404142317
Version:
  Major: 11
  Minor: 0
  Build: 1004
  SpecialBuildName: ""
  ptArchitecture: x86_64_linux
Results:
  Results Complete: true
  NumTestProcesses: 16
  CPU_INTEGER_MATH: 51202.099666666662
  CPU_FLOATINGPOINT_MATH: 27471.884878373683
  CPU_PRIME: 96.818584662657528
  CPU_SORTING: 31060.074342734883
  CPU_ENCRYPTION: 7090.6857788406305
  CPU_COMPRESSION: 235602.628506693
  CPU_SINGLETHREAD: 2153.8117490350814
  CPU_PHYSICS: 1579.1256583180061
  CPU_MATRIX_MULT_SSE: 14241.105730837149
  CPU_mm: 1559.386234890924
  CPU_sse: 5623.3477317615316
  CPU_fma: 17372.477499008051
  CPU_avx: 12280.474310717686
  CPU_avx512: 21688.123381861329
  m_CPU_enc_SHA: 2315125820.3322902
  m_CPU_enc_AES: 17889173903.890488
  m_CPU_enc_ECDSA: 2101069069.4780016
  ME_ALLOC_S: 5849.270107815455
  ME_READ_S: 24531.149218750001
  ME_READ_L: 10284.6259765625
  ME_WRITE: 9900.78515625
  ME_LARGE: 17781.75
  ME_LATENCY: 52.250649085395246
  ME_THREADED: 87321.5625
  SUMM_CPU: 16739.488354441797
  SUMM_ME: 2488.4238264114288
SystemInformation:
  OSName: Ubuntu 24.04.4 LTS
  Kernel: 6.8.0-106-generic
  Device: ""
  Processor: Intel(R) Xeon(R) Platinum 8269CY CPU T 3.10GHz
  NumSockets: 1
  Manufacturer: GenuineIntel
  NumCores: 8
  NumLogicals: 16
  CPUFrequency: 3100
  CPUMaxFrequency: 3800
  Memory: 30666
  CPUInfo:
    number: 1
    Family: 6
    Model: 5
    stepping: 7
    features: 529267711
    manufacture: GenuineIntel
    typestring: Intel(R) Xeon(R) Platinum 8269CY CPU T 3.10GHz
    iCoresPerPackage: 8
    iThreadsPerPackage: 2
    featuresEx:
      - 529267711
      - 4277809667
      - 739248128
    bHybrid: false
    nPCore: 0
    nLogicalsPerPCore: 0
    nECore: 0
    nLogicalsPerECore: 0
  MemModuleInfo:
    iNumMemSticks: 2
    DIMM 1:
      manufacturer: Alibaba Cloud
      modulePartNo: Not Specified
      memType: RAM
      size: 16
      clkspeed: 0
      moduleVoltage: 0
    DIMM 2:
      manufacturer: Alibaba Cloud
      modulePartNo: Not Specified
      memType: RAM
      size: 16
      clkspeed: 0
      moduleVoltage: 0
Checksum: 9B4FEB61A0C5EF12D5F529DB936318335DBAE172