---
system-info:
      stress-ng-version: 0.17.08
      run-by: root
      date-yyyy-mm-dd: 2024:09:11
      time-hh-mm-ss: 11:54:33
      epoch-secs: 1726055673
      hostname: ip-172-31-35-35
      sysname: Linux
      nodename: ip-172-31-35-35
      release: 6.8.0-1014-aws
      version: '#15-Ubuntu SMP Thu Aug  8 19:13:06 UTC 2024'
      machine: x86_64
      compiler: 'musl-gcc 13.2.1'
      uptime: 255
      totalram: 515432796160
      freeram: 506742325248
      sharedram: 48545792
      bufferram: 220835840
      totalswap: 0
      freeswap: 0
      pagesize: 4096
      cpus: 16
      cpus-online: 16
      ticks-per-second: 100

metrics:
    - stressor: cpu
      bogo-ops: 14744
      bogo-ops-per-second-usr-sys-time: 737.237230
      bogo-ops-per-second-real-time: 737.196502
      wall-clock-time: 20.000095
      user-time: 19.997991
      system-time: 0.000999
      cpu-usage-per-instance: 99.994476
      max-rss: 1104

...
