---
system-info:
      stress-ng-version: 0.17.08
      run-by: root
      date-yyyy-mm-dd: 2024:09:08
      time-hh-mm-ss: 19:55:05
      epoch-secs: 1725825305
      hostname: ip-172-31-40-48
      sysname: Linux
      nodename: ip-172-31-40-48
      release: 6.8.0-1014-aws
      version: '#15-Ubuntu SMP Thu Aug  8 19:13:06 UTC 2024'
      machine: x86_64
      compiler: 'musl-gcc 13.2.1'
      uptime: 243
      totalram: 515432796160
      freeram: 506748674048
      sharedram: 48545792
      bufferram: 224714752
      totalswap: 0
      freeswap: 0
      pagesize: 4096
      cpus: 16
      cpus-online: 16
      ticks-per-second: 100

metrics:
    - stressor: cpu
      bogo-ops: 14818
      bogo-ops-per-second-usr-sys-time: 740.893517
      bogo-ops-per-second-real-time: 740.888297
      wall-clock-time: 20.000316
      user-time: 20.000175
      system-time: 0.000000
      cpu-usage-per-instance: 99.999295
      max-rss: 1104

...
