BaselineInfo:
  WebDBID: -1
  TimeStamp: 20241107184733
Version:
  Major: 11
  Minor: 0
  Build: 1002
  SpecialBuildName: ""
  ptArchitecture: x86_64_linux
Results:
  Results Complete: true
  NumTestProcesses: 8
  CPU_INTEGER_MATH: 20721.918000000001
  CPU_FLOATINGPOINT_MATH: 10920.388491441634
  CPU_PRIME: 22.683168290964581
  CPU_SORTING: 12807.590069656377
  CPU_ENCRYPTION: 6460.9146481692533
  CPU_COMPRESSION: 87882.426707057559
  CPU_SINGLETHREAD: 1440.5192020212437
  CPU_PHYSICS: 594.86761799574003
  CPU_MATRIX_MULT_SSE: 3255.0513378734049
  CPU_mm: 627.56368404049908
  CPU_sse: 2551.374048076646
  CPU_fma: 3756.9344597723066
  CPU_avx: 3456.8455057712613
  CPU_avx512: 0
  m_CPU_enc_SHA: 9132376013.5413456
  m_CPU_enc_AES: 6346925589.6161098
  m_CPU_enc_ECDSA: 4844978511.1987104
  ME_ALLOC_S: 1950.7338557878518
  ME_READ_S: 14880.400390625
  ME_READ_L: 10841.3310546875
  ME_WRITE: 8289.869140625
  ME_LARGE: 53696.416666666664
  ME_LATENCY: 65.195912619086286
  ME_THREADED: 25492.4814453125
  SUMM_CPU: 6900.5819804624743
  SUMM_ME: 1875.4657156190765
SystemInformation:
  OSName: Ubuntu 24.04.1 LTS
  Kernel: 6.8.0-1016-aws
  Device: ""
  Processor: AMD EPYC 7571
  NumSockets: 1
  Manufacturer: AuthenticAMD
  NumCores: 4
  NumLogicals: 8
  CPUFrequency: 0
  Memory: 63764
  MemModuleInfo:
    iNumMemSticks: 1
    DIMM 1:
      manufacturer: Not Specified
      modulePartNo: Not Specified
      memType: DDR4
      size: 64
      clkspeed: 1333
      moduleVoltage: 0
Checksum: C616B96FAE6E8B9ACA639F1D017ABBD20051FD85