BaselineInfo:
  WebDBID: -1
  TimeStamp: 20241114203218
Version:
  Major: 11
  Minor: 0
  Build: 1002
  SpecialBuildName: ""
  ptArchitecture: x86_64_linux
Results:
  Results Complete: true
  NumTestProcesses: 2
  CPU_INTEGER_MATH: 8235.7870000000003
  CPU_FLOATINGPOINT_MATH: 4574.5150895846909
  CPU_PRIME: 19.478333542706434
  CPU_SORTING: 4612.8090286718489
  CPU_ENCRYPTION: 2143.1788638995272
  CPU_COMPRESSION: 32770.604553715268
  CPU_SINGLETHREAD: 2327.7018146841374
  CPU_PHYSICS: 390.8333891545426
  CPU_MATRIX_MULT_SSE: 1753.4316449094995
  CPU_mm: 222.99913763633907
  CPU_sse: 946.40611255845965
  CPU_fma: 2581.1178346259462
  CPU_avx: 1732.770987544093
  CPU_avx512: 0
  m_CPU_enc_SHA: 3110854874.6479135
  m_CPU_enc_AES: 1983165019.3390746
  m_CPU_enc_ECDSA: 1647837867.189944
  ME_ALLOC_S: 924.59031078868782
  ME_READ_S: 24095.004296874999
  ME_READ_L: 18705.064453125
  ME_WRITE: 18709.8984375
  ME_LARGE: 705
  ME_LATENCY: 63.030783063897637
  ME_THREADED: 22323.1630859375
  SUMM_CPU: 3136.6157009746271
  SUMM_ME: 1107.0790709052005
SystemInformation:
  OSName: Ubuntu 24.04.1 LTS
  Kernel: 6.8.0-1017-azure
  Device: ""
  Processor: AMD EPYC 7763 64-Core Processor
  NumSockets: 1
  Manufacturer: AuthenticAMD
  NumCores: 1
  NumLogicals: 2
  CPUFrequency: 0
  Memory: 7938
  MemModuleInfo:
    iNumMemSticks: 2
    DIMM 1:
      manufacturer: Microsoft Corporation
      modulePartNo: None
      memType: Unknown
      size: 1
      clkspeed: 0
      moduleVoltage: 0
    DIMM 2:
      manufacturer: Microsoft Corporation
      modulePartNo: None
      memType: Unknown
      size: 7
      clkspeed: 0
      moduleVoltage: 0
Checksum: 9EE69099353761F2971B5FA924AA3AD68FB4EFCB