BaselineInfo:
  WebDBID: -1
  TimeStamp: 20241115132346
Version:
  Major: 11
  Minor: 0
  Build: 1002
  SpecialBuildName: ""
  ptArchitecture: x86_64_linux
Results:
  Results Complete: true
  NumTestProcesses: 2
  CPU_INTEGER_MATH: 8252.6613333333335
  CPU_FLOATINGPOINT_MATH: 4580.8901626669012
  CPU_PRIME: 19.53261371259719
  CPU_SORTING: 4606.1413113271901
  CPU_ENCRYPTION: 2149.8641068585625
  CPU_COMPRESSION: 32720.174323390202
  CPU_SINGLETHREAD: 2317.9216212883416
  CPU_PHYSICS: 393.71176564700392
  CPU_MATRIX_MULT_SSE: 1761.5720923137401
  CPU_mm: 223.36392400622958
  CPU_sse: 940.83224850219199
  CPU_fma: 2582.1742124760094
  CPU_avx: 1761.7098159630186
  CPU_avx512: 0
  m_CPU_enc_SHA: 3112235543.631166
  m_CPU_enc_AES: 1986409495.3353004
  m_CPU_enc_ECDSA: 1664242678.173506
  ME_ALLOC_S: 934.11640040689917
  ME_READ_S: 24115.123632812501
  ME_READ_L: 19265.38671875
  ME_WRITE: 19541.927734375
  ME_LARGE: 718
  ME_LATENCY: 61.072797840025963
  ME_THREADED: 22550.7294921875
  SUMM_CPU: 3141.2167456184329
  SUMM_ME: 1129.2094583964956
SystemInformation:
  OSName: Ubuntu 24.04.1 LTS
  Kernel: 6.8.0-1017-azure
  Device: ""
  Processor: AMD EPYC 7763 64-Core Processor
  NumSockets: 1
  Manufacturer: AuthenticAMD
  NumCores: 1
  NumLogicals: 2
  CPUFrequency: 0
  Memory: 7938
  MemModuleInfo:
    iNumMemSticks: 2
    DIMM 1:
      manufacturer: Microsoft Corporation
      modulePartNo: None
      memType: Unknown
      size: 1
      clkspeed: 0
      moduleVoltage: 0
    DIMM 2:
      manufacturer: Microsoft Corporation
      modulePartNo: None
      memType: Unknown
      size: 7
      clkspeed: 0
      moduleVoltage: 0
Checksum: 2E33591DA69FF81AAA9A59E62BBC137827434D9C