BaselineInfo:
  WebDBID: -1
  TimeStamp: 20241107021632
Version:
  Major: 11
  Minor: 0
  Build: 1002
  SpecialBuildName: ""
  ptArchitecture: x86_64_linux
Results:
  Results Complete: true
  NumTestProcesses: 2
  CPU_INTEGER_MATH: 8247.9516666666659
  CPU_FLOATINGPOINT_MATH: 4570.6269818711316
  CPU_PRIME: 19.338266243710052
  CPU_SORTING: 4613.3316144862765
  CPU_ENCRYPTION: 2139.1188547014244
  CPU_COMPRESSION: 32877.65875931755
  CPU_SINGLETHREAD: 2320.7746045073477
  CPU_PHYSICS: 385.34574290827368
  CPU_MATRIX_MULT_SSE: 1741.9287984998332
  CPU_mm: 219.54967323985329
  CPU_sse: 929.4165548392873
  CPU_fma: 2573.2516192404455
  CPU_avx: 1723.1182214197665
  CPU_avx512: 0
  m_CPU_enc_SHA: 3100386087.042912
  m_CPU_enc_AES: 1984577886.8863029
  m_CPU_enc_ECDSA: 1644122102.6329882
  ME_ALLOC_S: 901.87211340823262
  ME_READ_S: 24064.351171875001
  ME_READ_L: 18677.435546875
  ME_WRITE: 18173.373046875
  ME_LARGE: 652.66666666666663
  ME_LATENCY: 68.042840130797131
  ME_THREADED: 22343.859375
  SUMM_CPU: 3132.5685497434251
  SUMM_ME: 1044.73348105115
SystemInformation:
  OSName: Ubuntu 24.04.1 LTS
  Kernel: 6.8.0-1017-azure
  Device: ""
  Processor: AMD EPYC 7763 64-Core Processor
  NumSockets: 1
  Manufacturer: AuthenticAMD
  NumCores: 1
  NumLogicals: 2
  CPUFrequency: 0
  Memory: 7938
  MemModuleInfo:
    iNumMemSticks: 2
    DIMM 1:
      manufacturer: Microsoft Corporation
      modulePartNo: None
      memType: Unknown
      size: 1
      clkspeed: 0
      moduleVoltage: 0
    DIMM 2:
      manufacturer: Microsoft Corporation
      modulePartNo: None
      memType: Unknown
      size: 7
      clkspeed: 0
      moduleVoltage: 0
Checksum: EABFFC88D234DDF5EB8EE139862FB4AC9424B916