---
system-info:
      stress-ng-version: 0.17.08
      run-by: root
      date-yyyy-mm-dd: 2024:07:09
      time-hh-mm-ss: 15:47:04
      epoch-secs: 1720540024
      hostname: m1-ultramem-40-4a29ff2
      sysname: Linux
      nodename: m1-ultramem-40-4a29ff2
      release: 6.8.0-1009-gcp
      version: '#10-Ubuntu SMP Wed Jun 12 18:52:23 UTC 2024'
      machine: x86_64
      compiler: 'musl-gcc 13.2.1'
      uptime: 215
      totalram: 1015205609472
      freeram: 1009376620544
      sharedram: 59236352
      bufferram: 133992448
      totalswap: 0
      freeswap: 0
      pagesize: 4096
      cpus: 40
      cpus-online: 40
      ticks-per-second: 100

metrics:
    - stressor: cpu
      bogo-ops: 16934
      bogo-ops-per-second-usr-sys-time: 846.710838
      bogo-ops-per-second-real-time: 846.681681
      wall-clock-time: 20.000433
      user-time: 19.999744
      system-time: 0.000000
      cpu-usage-per-instance: 99.996556
      max-rss: 980

...
