---
system-info:
      stress-ng-version: 0.17.08
      run-by: root
      date-yyyy-mm-dd: 2024:06:14
      time-hh-mm-ss: 20:54:49
      epoch-secs: 1718398489
      hostname: 70f28347f788
      sysname: Linux
      nodename: 70f28347f788
      release: 6.8.0-1008-aws
      version: '#8-Ubuntu SMP Sat Apr 20 00:46:25 UTC 2024'
      machine: x86_64
      compiler: 'musl-gcc 13.2.1'
      uptime: 117
      totalram: 32911540224
      freeram: 28534681600
      sharedram: 29237248
      bufferram: 108298240
      totalswap: 0
      freeswap: 0
      pagesize: 4096
      cpus: 8
      cpus-online: 8
      ticks-per-second: 100

metrics:
    - stressor: cpu
      bogo-ops: 196875
      bogo-ops-per-second-usr-sys-time: 1232.529794
      bogo-ops-per-second-real-time: 9843.707726
      wall-clock-time: 20.000086
      user-time: 159.723460
      system-time: 0.008987
      cpu-usage-per-instance: 99.832351
      max-rss: 1104

...
