---
system-info:
      stress-ng-version: 0.17.08
      run-by: root
      date-yyyy-mm-dd: 2024:06:08
      time-hh-mm-ss: 14:54:51
      epoch-secs: 1717858491
      hostname: bc496cf9dafa
      sysname: Linux
      nodename: bc496cf9dafa
      release: 6.8.0-1008-aws
      version: '#8-Ubuntu SMP Sat Apr 20 00:46:25 UTC 2024'
      machine: x86_64
      compiler: 'musl-gcc 13.2.1'
      uptime: 104
      totalram: 32911532032
      freeram: 28480745472
      sharedram: 29237248
      bufferram: 102420480
      totalswap: 0
      freeswap: 0
      pagesize: 4096
      cpus: 8
      cpus-online: 8
      ticks-per-second: 100

metrics:
    - stressor: cpu
      bogo-ops: 117290
      bogo-ops-per-second-usr-sys-time: 1469.025297
      bogo-ops-per-second-real-time: 11727.946791
      wall-clock-time: 10.000898
      user-time: 79.832064
      system-time: 0.009992
      cpu-usage-per-instance: 99.793608
      max-rss: 3920

...
