BaselineInfo:
  WebDBID: -1
  TimeStamp: 20241108095219
Version:
  Major: 11
  Minor: 0
  Build: 1002
  SpecialBuildName: ""
  ptArchitecture: x86_64_linux
Results:
  Results Complete: true
  NumTestProcesses: 16
  CPU_INTEGER_MATH: 49819.942666666662
  CPU_FLOATINGPOINT_MATH: 26742.77690212231
  CPU_PRIME: 72.310872956021868
  CPU_SORTING: 25500.941920542336
  CPU_ENCRYPTION: 6823.0105888677035
  CPU_COMPRESSION: 221107.47901466678
  CPU_SINGLETHREAD: 2014.0380641903798
  CPU_PHYSICS: 1270.6761950286336
  CPU_MATRIX_MULT_SSE: 13356.847468687331
  CPU_mm: 1510.1241630230884
  CPU_sse: 5454.4967228793994
  CPU_fma: 16268.6509414383
  CPU_avx: 11515.254327512495
  CPU_avx512: 20188.987882919137
  m_CPU_enc_SHA: 2247996395.6273007
  m_CPU_enc_AES: 17196833987.397591
  m_CPU_enc_ECDSA: 2018505070.6727321
  ME_ALLOC_S: 5328.7583731174618
  ME_READ_S: 24254.422265624999
  ME_READ_L: 8572.2216796875
  ME_WRITE: 7851.9921875
  ME_LARGE: 54049.416666666664
  ME_LATENCY: 55.351061232373162
  ME_THREADED: 64047.872802734375
  SUMM_CPU: 15473.336153303382
  SUMM_ME: 2299.4800483193803
SystemInformation:
  OSName: Ubuntu 24.04.1 LTS
  Kernel: 6.8.0-1017-azure
  Device: ""
  Processor: Intel Xeon Platinum 8272CL CPU @ 2.60GHz
  NumSockets: 1
  Manufacturer: GenuineIntel
  NumCores: 8
  NumLogicals: 16
  CPUFrequency: 0
  Memory: 64297
  MemModuleInfo:
    iNumMemSticks: 3
    DIMM 1:
      manufacturer: Microsoft Corporation
      modulePartNo: None
      memType: Unknown
      size: 1
      clkspeed: 0
      moduleVoltage: 0
    DIMM 2:
      manufacturer: Microsoft Corporation
      modulePartNo: None
      memType: Unknown
      size: 60928
      clkspeed: 0
      moduleVoltage: 0
    DIMM 3:
      manufacturer: Microsoft Corporation
      modulePartNo: None
      memType: Unknown
      size: 3584
      clkspeed: 0
      moduleVoltage: 0
Checksum: AD4C2F9BEA6E7DF1202EF881BFF3BEDD81269FFC