---
system-info:
      stress-ng-version: 0.17.08
      run-by: root
      date-yyyy-mm-dd: 2024:06:06
      time-hh-mm-ss: 13:56:01
      epoch-secs: 1717682161
      hostname: 66fea425c6d3
      sysname: Linux
      nodename: 66fea425c6d3
      release: 6.8.0-1008-aws
      version: '#8-Ubuntu SMP Sat Apr 20 00:46:25 UTC 2024'
      machine: x86_64
      compiler: 'musl-gcc 13.2.1'
      uptime: 109
      totalram: 65970855936
      freeram: 61607112704
      sharedram: 37249024
      bufferram: 83615744
      totalswap: 0
      freeswap: 0
      pagesize: 4096
      cpus: 32
      cpus-online: 32
      ticks-per-second: 100

metrics:
    - stressor: cpu
      bogo-ops: 570881
      bogo-ops-per-second-usr-sys-time: 1786.075078
      bogo-ops-per-second-real-time: 57081.499197
      wall-clock-time: 10.001156
      user-time: 319.598789
      system-time: 0.029992
      cpu-usage-per-instance: 99.872445
      max-rss: 4104

...
