---
system-info:
      stress-ng-version: 0.17.08
      run-by: root
      date-yyyy-mm-dd: 2024:06:14
      time-hh-mm-ss: 07:20:59
      epoch-secs: 1718349659
      hostname: 407b65f4ebef
      sysname: Linux
      nodename: 407b65f4ebef
      release: 6.8.0-1008-aws
      version: '#8-Ubuntu SMP Sat Apr 20 00:46:25 UTC 2024'
      machine: x86_64
      compiler: 'musl-gcc 13.2.1'
      uptime: 129
      totalram: 65970860032
      freeram: 61455966208
      sharedram: 37249024
      bufferram: 107302912
      totalswap: 0
      freeswap: 0
      pagesize: 4096
      cpus: 32
      cpus-online: 32
      ticks-per-second: 100

metrics:
    - stressor: cpu
      bogo-ops: 1966831
      bogo-ops-per-second-usr-sys-time: 3076.374655
      bogo-ops-per-second-real-time: 98341.316452
      wall-clock-time: 20.000047
      user-time: 639.316038
      system-time: 0.017990
      cpu-usage-per-instance: 99.895705
      max-rss: 1032

...
