---
system-info:
      stress-ng-version: 0.17.08
      run-by: root
      date-yyyy-mm-dd: 2024:07:03
      time-hh-mm-ss: 07:13:24
      epoch-secs: 1719990804
      hostname: c3d-highmem-60-bcc0c0d
      sysname: Linux
      nodename: c3d-highmem-60-bcc0c0d
      release: 6.8.0-1009-gcp
      version: '#10-Ubuntu SMP Wed Jun 12 18:52:23 UTC 2024'
      machine: x86_64
      compiler: 'musl-gcc 13.2.1'
      uptime: 126
      totalram: 507000164352
      freeram: 501434372096
      sharedram: 35467264
      bufferram: 130252800
      totalswap: 0
      freeswap: 0
      pagesize: 4096
      cpus: 60
      cpus-online: 60
      ticks-per-second: 100

metrics:
    - stressor: cpu
      bogo-ops: 1723386
      bogo-ops-per-second-usr-sys-time: 1436.931036
      bogo-ops-per-second-real-time: 86169.035989
      wall-clock-time: 20.000061
      user-time: 1199.320940
      system-time: 0.030982
      cpu-usage-per-instance: 99.945687
      max-rss: 480

...
