BaselineInfo:
  WebDBID: -1
  TimeStamp: 20241108224127
Version:
  Major: 11
  Minor: 0
  Build: 1002
  SpecialBuildName: ""
  ptArchitecture: x86_64_linux
Results:
  Results Complete: true
  NumTestProcesses: 8
  CPU_INTEGER_MATH: 33468.050999999999
  CPU_FLOATINGPOINT_MATH: 17112.390635260206
  CPU_PRIME: 70.605708576324687
  CPU_SORTING: 17429.680749782478
  CPU_ENCRYPTION: 7251.6256411856884
  CPU_COMPRESSION: 125200.5897982668
  CPU_SINGLETHREAD: 2362.0654167060752
  CPU_PHYSICS: 1362.3843634665548
  CPU_MATRIX_MULT_SSE: 6924.750825197003
  CPU_mm: 721.47139784099625
  CPU_sse: 3143.6977129101479
  CPU_fma: 8727.1399773833364
  CPU_avx: 6441.2747941896023
  CPU_avx512: 9386.8908163049273
  m_CPU_enc_SHA: 7340950056.0115585
  m_CPU_enc_AES: 11048050915.30171
  m_CPU_enc_ECDSA: 4422640853.6825047
  ME_ALLOC_S: 3929.1015860151001
  ME_READ_S: 24367.938867187499
  ME_READ_L: 10869.4189453125
  ME_WRITE: 10194.6640625
  ME_LARGE: 246646
  ME_LATENCY: 64.473762480021364
  ME_THREADED: 54148.5888671875
  SUMM_CPU: 11305.597404250762
  SUMM_ME: 2333.8831108808804
SystemInformation:
  OSName: Ubuntu 24.04.1 LTS
  Kernel: 6.8.0-1016-aws
  Device: ""
  Processor: Intel Xeon Platinum 8375C CPU @ 2.90GHz
  NumSockets: 1
  Manufacturer: GenuineIntel
  NumCores: 4
  NumLogicals: 8
  CPUFrequency: 0
  Memory: 256700
  MemModuleInfo:
    iNumMemSticks: 1
    DIMM 1:
      manufacturer: Not Specified
      modulePartNo: Not Specified
      memType: DDR4
      size: 256
      clkspeed: 1600
      moduleVoltage: 0
Checksum: EB1712FC534FF05F55C34378D8B224F72E7A01FA