BaselineInfo:
  WebDBID: -1
  TimeStamp: 20241107155831
Version:
  Major: 11
  Minor: 0
  Build: 1002
  SpecialBuildName: ""
  ptArchitecture: x86_64_linux
Results:
  Results Complete: true
  NumTestProcesses: 4
  CPU_INTEGER_MATH: 9729.2010000000009
  CPU_FLOATINGPOINT_MATH: 5149.6370670410151
  CPU_PRIME: 22.248342610990154
  CPU_SORTING: 5066.9618326648733
  CPU_ENCRYPTION: 1285.1223780495793
  CPU_COMPRESSION: 44552.378272438233
  CPU_SINGLETHREAD: 1658.0728737611778
  CPU_PHYSICS: 444.71358943758105
  CPU_MATRIX_MULT_SSE: 3004.0954466420908
  CPU_mm: 292.69154827740039
  CPU_sse: 1056.5378653718506
  CPU_fma: 3655.6921521357431
  CPU_avx: 2520.1516109925906
  CPU_avx512: 4784.0001580681783
  m_CPU_enc_SHA: 428365862.37335849
  m_CPU_enc_AES: 3234520475.7843003
  m_CPU_enc_ECDSA: 379759109.89948803
  ME_ALLOC_S: 1179.7532172567899
  ME_READ_S: 19439.173437500001
  ME_READ_L: 7261.73828125
  ME_WRITE: 7466.06689453125
  ME_LARGE: 22164
  ME_LATENCY: 59.735344815558221
  ME_THREADED: 19197.21484375
  SUMM_CPU: 3471.4572998612821
  SUMM_ME: 1739.0754849851203
SystemInformation:
  OSName: Ubuntu 24.04.1 LTS
  Kernel: 6.8.0-1017-azure
  Device: ""
  Processor: Intel Xeon Platinum 8171M CPU @ 2.60GHz
  NumSockets: 1
  Manufacturer: GenuineIntel
  NumCores: 2
  NumLogicals: 4
  CPUFrequency: 0
  Memory: 32093
  MemModuleInfo:
    iNumMemSticks: 2
    DIMM 1:
      manufacturer: Microsoft Corporation
      modulePartNo: None
      memType: Unknown
      size: 1
      clkspeed: 0
      moduleVoltage: 0
    DIMM 2:
      manufacturer: Microsoft Corporation
      modulePartNo: None
      memType: Unknown
      size: 31
      clkspeed: 0
      moduleVoltage: 0
Checksum: BB4C81B4BAC6C8E3A7002365F0ABDB647DEAE639