BaselineInfo:
  WebDBID: -1
  TimeStamp: 20241107221951
Version:
  Major: 11
  Minor: 0
  Build: 1002
  SpecialBuildName: ""
  ptArchitecture: x86_64_linux
Results:
  Results Complete: true
  NumTestProcesses: 4
  CPU_INTEGER_MATH: 11247.630666666668
  CPU_FLOATINGPOINT_MATH: 6031.2659130957527
  CPU_PRIME: 23.463497053569448
  CPU_SORTING: 5955.9781269660407
  CPU_ENCRYPTION: 1549.9409465392469
  CPU_COMPRESSION: 50341.790196423055
  CPU_SINGLETHREAD: 1809.1892838190627
  CPU_PHYSICS: 498.32273028561701
  CPU_MATRIX_MULT_SSE: 2989.0508489769445
  CPU_mm: 341.38968834085341
  CPU_sse: 1218.6906521734627
  CPU_fma: 3625.0552373430937
  CPU_avx: 2565.5011417451219
  CPU_avx512: 4546.9563646461011
  m_CPU_enc_SHA: 508712720.83865267
  m_CPU_enc_AES: 3914772083.5385685
  m_CPU_enc_ECDSA: 452207829.49779034
  ME_ALLOC_S: 1356.8490557035034
  ME_READ_S: 22174.852734374999
  ME_READ_L: 10406.2509765625
  ME_WRITE: 9727.4736328125
  ME_LARGE: 21733.25
  ME_LATENCY: 54.699817289462203
  ME_THREADED: 24469.1806640625
  SUMM_CPU: 3960.0531951486523
  SUMM_ME: 2086.1129704414307
SystemInformation:
  OSName: Ubuntu 24.04.1 LTS
  Kernel: 6.8.0-1016-aws
  Device: ""
  Processor: Intel Xeon Platinum 8259CL CPU @ 2.50GHz
  NumSockets: 1
  Manufacturer: GenuineIntel
  NumCores: 2
  NumLogicals: 4
  CPUFrequency: 0
  Memory: 31724
  MemModuleInfo:
    iNumMemSticks: 1
    DIMM 1:
      manufacturer: Not Specified
      modulePartNo: Not Specified
      memType: DDR4
      size: 32
      clkspeed: 1600
      moduleVoltage: 0
Checksum: BE0A512FAB8CEDA80CFDFCDDA06D7CD425F593C1