BaselineInfo:
  WebDBID: -1
  TimeStamp: 20241107223852
Version:
  Major: 11
  Minor: 0
  Build: 1002
  SpecialBuildName: ""
  ptArchitecture: x86_64_linux
Results:
  Results Complete: true
  NumTestProcesses: 8
  CPU_INTEGER_MATH: 33606.572
  CPU_FLOATINGPOINT_MATH: 17184.281737542697
  CPU_PRIME: 68.640953065623677
  CPU_SORTING: 17463.479152728498
  CPU_ENCRYPTION: 7315.1789321031829
  CPU_COMPRESSION: 125471.74061796004
  CPU_SINGLETHREAD: 2428.7887217272787
  CPU_PHYSICS: 1303.1204279233377
  CPU_MATRIX_MULT_SSE: 6995.5014427436035
  CPU_mm: 724.04286013505896
  CPU_sse: 3186.1241095515561
  CPU_fma: 8759.6751950379439
  CPU_avx: 6468.1479074549079
  CPU_avx512: 9568.0585589300026
  m_CPU_enc_SHA: 7377959951.3809748
  m_CPU_enc_AES: 11105920035.067493
  m_CPU_enc_ECDSA: 4527683205.2786179
  ME_ALLOC_S: 4027.2308660119133
  ME_READ_S: 24480.343554687501
  ME_READ_L: 12050.19921875
  ME_WRITE: 10444.6826171875
  ME_LARGE: 22013.916666666668
  ME_LATENCY: 54.76968598392299
  ME_THREADED: 53609.37255859375
  SUMM_CPU: 11348.134637276455
  SUMM_ME: 2475.1976204474322
SystemInformation:
  OSName: Ubuntu 24.04.1 LTS
  Kernel: 6.8.0-1017-azure
  Device: ""
  Processor: Intel Xeon Platinum 8370C CPU @ 2.80GHz
  NumSockets: 1
  Manufacturer: GenuineIntel
  NumCores: 4
  NumLogicals: 8
  CPUFrequency: 2800
  Memory: 32091
  MemModuleInfo:
    iNumMemSticks: 2
    DIMM 1:
      manufacturer: Microsoft Corporation
      modulePartNo: None
      memType: Unknown
      size: 1
      clkspeed: 0
      moduleVoltage: 0
    DIMM 2:
      manufacturer: Microsoft Corporation
      modulePartNo: None
      memType: Unknown
      size: 31
      clkspeed: 0
      moduleVoltage: 0
Checksum: 14B8191353AC110735DB2831F5CA7F51EC77154D