---
system-info:
      stress-ng-version: 0.17.08
      run-by: root
      date-yyyy-mm-dd: 2024:07:02
      time-hh-mm-ss: 17:38:41
      epoch-secs: 1719941921
      hostname: c3d-highmem-30-909593a
      sysname: Linux
      nodename: c3d-highmem-30-909593a
      release: 6.8.0-1009-gcp
      version: '#10-Ubuntu SMP Wed Jun 12 18:52:23 UTC 2024'
      machine: x86_64
      compiler: 'musl-gcc 13.2.1'
      uptime: 139
      totalram: 253341859840
      freeram: 248064155648
      sharedram: 35065856
      bufferram: 128905216
      totalswap: 0
      freeswap: 0
      pagesize: 4096
      cpus: 30
      cpus-online: 30
      ticks-per-second: 100

metrics:
    - stressor: cpu
      bogo-ops: 57281
      bogo-ops-per-second-usr-sys-time: 2864.119885
      bogo-ops-per-second-real-time: 2864.038801
      wall-clock-time: 20.000078
      user-time: 19.998513
      system-time: 0.000999
      cpu-usage-per-instance: 99.997169
      max-rss: 972

...
