---
system-info:
      stress-ng-version: 0.17.08
      run-by: root
      date-yyyy-mm-dd: 2024:09:12
      time-hh-mm-ss: 12:51:40
      epoch-secs: 1726145500
      hostname: ip-172-31-2-140
      sysname: Linux
      nodename: ip-172-31-2-140
      release: 6.8.0-1014-aws
      version: '#15-Ubuntu SMP Thu Aug  8 19:13:06 UTC 2024'
      machine: x86_64
      compiler: 'musl-gcc 13.2.1'
      uptime: 212
      totalram: 794511216640
      freeram: 782465830912
      sharedram: 138338304
      bufferram: 224354304
      totalswap: 0
      freeswap: 0
      pagesize: 4096
      cpus: 192
      cpus-online: 192
      ticks-per-second: 100

metrics:
    - stressor: cpu
      bogo-ops: 59846
      bogo-ops-per-second-usr-sys-time: 2992.419098
      bogo-ops-per-second-real-time: 2992.289548
      wall-clock-time: 20.000070
      user-time: 19.998205
      system-time: 0.000999
      cpu-usage-per-instance: 99.995671
      max-rss: 0

...
