---
system-info:
      stress-ng-version: 0.17.08
      run-by: root
      date-yyyy-mm-dd: 2024:07:10
      time-hh-mm-ss: 01:13:40
      epoch-secs: 1720574020
      hostname: m1-ultramem-160-9146096
      sysname: Linux
      nodename: m1-ultramem-160-9146096
      release: 6.8.0-1009-gcp
      version: '#10-Ubuntu SMP Wed Jun 12 18:52:23 UTC 2024'
      machine: x86_64
      compiler: 'musl-gcc 13.2.1'
      uptime: 231
      totalram: 4062789689344
      freeram: 4054220161024
      sharedram: 233488384
      bufferram: 135958528
      totalswap: 0
      freeswap: 0
      pagesize: 4096
      cpus: 160
      cpus-online: 160
      ticks-per-second: 100

metrics:
    - stressor: cpu
      bogo-ops: 1607586
      bogo-ops-per-second-usr-sys-time: 502.551057
      bogo-ops-per-second-real-time: 80378.704054
      wall-clock-time: 20.000148
      user-time: 3198.766152
      system-time: 0.084942
      cpu-usage-per-instance: 99.963356
      max-rss: 0

...
