---
system-info:
      stress-ng-version: 0.17.08
      run-by: root
      date-yyyy-mm-dd: 2024:06:14
      time-hh-mm-ss: 21:40:45
      epoch-secs: 1718401245
      hostname: e2fe430b4814
      sysname: Linux
      nodename: e2fe430b4814
      release: 6.8.0-31-generic
      version: '#31-Ubuntu SMP PREEMPT_DYNAMIC Sat Apr 20 00:40:06 UTC 2024'
      machine: x86_64
      compiler: 'musl-gcc 13.2.1'
      uptime: 117
      totalram: 16373915648
      freeram: 12858470400
      sharedram: 17989632
      bufferram: 111370240
      totalswap: 0
      freeswap: 0
      pagesize: 4096
      cpus: 4
      cpus-online: 4
      ticks-per-second: 100

metrics:
    - stressor: cpu
      bogo-ops: 83919
      bogo-ops-per-second-usr-sys-time: 1060.342080
      bogo-ops-per-second-real-time: 4195.847075
      wall-clock-time: 20.000491
      user-time: 79.113370
      system-time: 0.029957
      cpu-usage-per-instance: 98.926732
      max-rss: 1232

...
