---
system-info:
      stress-ng-version: 0.17.08
      run-by: root
      date-yyyy-mm-dd: 2024:06:07
      time-hh-mm-ss: 21:12:14
      epoch-secs: 1717794734
      hostname: c7ae92307610
      sysname: Linux
      nodename: c7ae92307610
      release: 6.8.0-31-generic
      version: '#31-Ubuntu SMP PREEMPT_DYNAMIC Sat Apr 20 00:40:06 UTC 2024'
      machine: x86_64
      compiler: 'musl-gcc 13.2.1'
      uptime: 99
      totalram: 16373907456
      freeram: 12936364032
      sharedram: 17989632
      bufferram: 95985664
      totalswap: 0
      freeswap: 0
      pagesize: 4096
      cpus: 4
      cpus-online: 4
      ticks-per-second: 100

metrics:
    - stressor: cpu
      bogo-ops: 47883
      bogo-ops-per-second-usr-sys-time: 1205.167276
      bogo-ops-per-second-real-time: 4787.280979
      wall-clock-time: 10.002129
      user-time: 39.719435
      system-time: 0.011979
      cpu-usage-per-instance: 99.307396
      max-rss: 4048

...
