---
system-info:
      stress-ng-version: 0.17.08
      run-by: root
      date-yyyy-mm-dd: 2024:09:03
      time-hh-mm-ss: 19:35:30
      epoch-secs: 1725392130
      hostname: sc-runner
      sysname: Linux
      nodename: sc-runner
      release: 6.8.0-1013-azure
      version: '#15-Ubuntu SMP Thu Aug  8 18:40:40 UTC 2024'
      machine: x86_64
      compiler: 'musl-gcc 13.2.1'
      uptime: 395
      totalram: 33650921472
      freeram: 25046941696
      sharedram: 21360640
      bufferram: 230105088
      totalswap: 0
      freeswap: 0
      pagesize: 4096
      cpus: 8
      cpus-online: 8
      ticks-per-second: 100

metrics:
    - stressor: cpu
      bogo-ops: 33309
      bogo-ops-per-second-usr-sys-time: 1665.442506
      bogo-ops-per-second-real-time: 1665.445950
      wall-clock-time: 20.000049
      user-time: 19.997046
      system-time: 0.003044
      cpu-usage-per-instance: 100.000207
      max-rss: 3152

...
