BaselineInfo:
  WebDBID: -1
  TimeStamp: 20250421202117
Version:
  Major: 11
  Minor: 0
  Build: 1002
  SpecialBuildName: ""
  ptArchitecture: x86_64_linux
Results:
  Results Complete: true
  NumTestProcesses: 48
  CPU_INTEGER_MATH: 199390.03366666668
  CPU_FLOATINGPOINT_MATH: 109623.55954467985
  CPU_PRIME: 290.29535286458531
  CPU_SORTING: 106473.83559469334
  CPU_ENCRYPTION: 51363.990656065864
  CPU_COMPRESSION: 760126.0606112103
  CPU_SINGLETHREAD: 2566.6178603479902
  CPU_PHYSICS: 5428.7972644418169
  CPU_MATRIX_MULT_SSE: 44859.317184909072
  CPU_mm: 5394.8789980528909
  CPU_sse: 22692.756147831224
  CPU_fma: 62284.115337378957
  CPU_avx: 49601.080069517011
  CPU_avx512: 0
  m_CPU_enc_SHA: 74565605627.358398
  m_CPU_enc_AES: 47683641108.193245
  m_CPU_enc_ECDSA: 39327896862.973114
  ME_ALLOC_S: 20411.536055485725
  ME_READ_S: 25853.226367187501
  ME_READ_L: 20875.494140625
  ME_WRITE: 20805.759765625
  ME_LARGE: 666379.16666666663
  ME_LATENCY: 62.085429355318716
  ME_THREADED: 116252.3115234375
  SUMM_CPU: 52700.875449365958
  SUMM_ME: 3018.351462374193
SystemInformation:
  OSName: Ubuntu 24.04.2 LTS
  Kernel: 6.11.0-1012-azure
  Device: ""
  Processor: AMD EPYC 7763 64-Core Processor
  NumSockets: 1
  Manufacturer: AuthenticAMD
  NumCores: 24
  NumLogicals: 48
  CPUFrequency: 0
  Memory: 676859
  MemModuleInfo:
    iNumMemSticks: 3
    DIMM 1:
      manufacturer: Microsoft Corporation
      modulePartNo: None
      memType: Unknown
      size: 1
      clkspeed: 0
      moduleVoltage: 0
    DIMM 2:
      manufacturer: Microsoft Corporation
      modulePartNo: None
      memType: Unknown
      size: 59
      clkspeed: 0
      moduleVoltage: 0
    DIMM 3:
      manufacturer: Microsoft Corporation
      modulePartNo: None
      memType: Unknown
      size: 612
      clkspeed: 0
      moduleVoltage: 0
Checksum: B320E44965C0134652CB11B428D9EE216DADFB1C