BaselineInfo:
  WebDBID: -1
  TimeStamp: 20241107102322
Version:
  Major: 11
  Minor: 0
  Build: 1002
  SpecialBuildName: ""
  ptArchitecture: aarch64_linux
Results:
  Results Complete: true
  NumTestProcesses: 4
  CPU_INTEGER_MATH: 25188.125666666667
  CPU_FLOATINGPOINT_MATH: 21154.449362517807
  CPU_PRIME: 57.485628664373664
  CPU_SORTING: 20606.375567202656
  CPU_ENCRYPTION: 752.98354463407964
  CPU_COMPRESSION: 27411.213703529054
  CPU_SINGLETHREAD: 1884.6313889341523
  CPU_PHYSICS: 1313.3943755935252
  CPU_MATRIX_MULT_SSE: 3572.6765681971106
  CPU_mm: 574.91770414498615
  CPU_sse: 3011.51552749742
  CPU_fma: 4133.8376088968007
  CPU_avx: 0
  CPU_avx512: 0
  m_CPU_enc_SHA: 1117923716.7314465
  m_CPU_enc_AES: 489817869.06029743
  m_CPU_enc_ECDSA: 760939834.10293031
  ME_ALLOC_S: 5053.5532441187606
  ME_READ_S: 25638.756640625001
  ME_READ_L: 18756.02734375
  ME_WRITE: 25719.037109375
  ME_LARGE: 22035.833333333332
  ME_LATENCY: 52.41360177295698
  ME_THREADED: 74204.880859375
  SUMM_CPU: 4012.3834697256261
  SUMM_ME: 3017.3979171813926
SystemInformation:
  OSName: Ubuntu 24.04.1 LTS
  Kernel: 6.8.0-1017-azure
  Device: ""
  Processor: ARM Neoverse-N2 4 Core 0 MHz
  NumSockets: 1
  Manufacturer: ARM
  NumCores: 4
  NumLogicals: 4
  CPUFrequency: 0
  Memory: 32030
Checksum: 46F71236773EF83752379FB8765654FB05D13A47