---
system-info:
      stress-ng-version: 0.17.08
      run-by: root
      date-yyyy-mm-dd: 2024:09:03
      time-hh-mm-ss: 08:07:05
      epoch-secs: 1725350825
      hostname: sc-runner
      sysname: Linux
      nodename: sc-runner
      release: 6.8.0-1013-azure
      version: '#15-Ubuntu SMP Thu Aug  8 18:40:40 UTC 2024'
      machine: x86_64
      compiler: 'musl-gcc 13.2.1'
      uptime: 509
      totalram: 29424472064
      freeram: 20782575616
      sharedram: 42053632
      bufferram: 211599360
      totalswap: 0
      freeswap: 0
      pagesize: 4096
      cpus: 4
      cpus-online: 4
      ticks-per-second: 100

metrics:
    - stressor: cpu
      bogo-ops: 84888
      bogo-ops-per-second-usr-sys-time: 1066.779668
      bogo-ops-per-second-real-time: 4244.384694
      wall-clock-time: 20.000072
      user-time: 79.555092
      system-time: 0.018978
      cpu-usage-per-instance: 99.467229
      max-rss: 3280

...
