BaselineInfo:
  WebDBID: -1
  TimeStamp: 20260404000741
Version:
  Major: 11
  Minor: 0
  Build: 1004
  SpecialBuildName: ""
  ptArchitecture: aarch64_linux
Results:
  Results Complete: true
  NumTestProcesses: 8
  CPU_INTEGER_MATH: 44214.587333333329
  CPU_FLOATINGPOINT_MATH: 37090.984081169132
  CPU_PRIME: 103.05478046040786
  CPU_SORTING: 35203.004148602908
  CPU_ENCRYPTION: 1320.864391570834
  CPU_COMPRESSION: 47429.41379827448
  CPU_SINGLETHREAD: 1641.2703829742566
  CPU_PHYSICS: 2205.3663473043293
  CPU_MATRIX_MULT_SSE: 6270.3476303129582
  CPU_mm: 1006.7587736437843
  CPU_sse: 5290.0328036232149
  CPU_fma: 7250.6624570027016
  CPU_avx: 0
  CPU_avx512: 0
  m_CPU_enc_SHA: 1955971557.4215543
  m_CPU_enc_AES: 860374537.78114915
  m_CPU_enc_ECDSA: 1338734005.5646322
  ME_ALLOC_S: 8351.8668118699497
  ME_READ_S: 22516.653710937499
  ME_READ_L: 17585.70703125
  ME_WRITE: 21251.98828125
  ME_LARGE: 3570.1666666666665
  ME_LATENCY: 61.068876088340858
  ME_THREADED: 95838.734375
  SUMM_CPU: 6803.6500484479329
  SUMM_ME: 2264.0481729978296
SystemInformation:
  OSName: Ubuntu 24.04.4 LTS
  Kernel: 6.8.0-106-generic
  Device: ""
  Processor: ARM Neoverse-N2 8 Core 3000 MHz
  NumSockets: 1
  Manufacturer: ARM
  NumCores: 8
  NumLogicals: 8
  CPUFrequency: 3000
  CPUMaxFrequency: 3000
  Memory: 15208
Checksum: 98A811CA4727328A9BA6F64166835769A805909B