BaselineInfo:
  WebDBID: -1
  TimeStamp: 20260404154950
Version:
  Major: 11
  Minor: 0
  Build: 1004
  SpecialBuildName: ""
  ptArchitecture: x86_64_linux
Results:
  Results Complete: true
  NumTestProcesses: 12
  CPU_INTEGER_MATH: 50515.032666666666
  CPU_FLOATINGPOINT_MATH: 25831.464550840308
  CPU_PRIME: 107.60325191167836
  CPU_SORTING: 26384.669316660118
  CPU_ENCRYPTION: 10975.442895993745
  CPU_COMPRESSION: 186566.15377953451
  CPU_SINGLETHREAD: 2369.4761036820641
  CPU_PHYSICS: 1848.0403527351598
  CPU_MATRIX_MULT_SSE: 10542.755194989559
  CPU_mm: 1088.3281198204286
  CPU_sse: 4794.1319468083329
  CPU_fma: 13030.9663758689
  CPU_avx: 9721.8757495045702
  CPU_avx512: 14624.046707776439
  m_CPU_enc_SHA: 11081098361.82395
  m_CPU_enc_AES: 16660864072.090279
  m_CPU_enc_ECDSA: 6783795596.4143744
  ME_ALLOC_S: 5838.3124214844302
  ME_READ_S: 24225.848046874999
  ME_READ_L: 11704.4833984375
  ME_WRITE: 10964.2412109375
  ME_LARGE: 9742
  ME_LATENCY: 60.749955900528619
  ME_THREADED: 72035.19775390625
  SUMM_CPU: 16461.015830597673
  SUMM_ME: 2321.2226140462622
SystemInformation:
  OSName: Ubuntu 24.04.4 LTS
  Kernel: 6.8.0-106-generic
  Device: ""
  Processor: Intel(R) Xeon(R) Platinum 8369B CPU @ 2.70GHz
  NumSockets: 1
  Manufacturer: GenuineIntel
  NumCores: 6
  NumLogicals: 12
  CPUFrequency: 0
  CPUMaxFrequency: 0
  Memory: 22855
  CPUInfo:
    number: 1
    Family: 6
    Model: 10
    stepping: 6
    features: 529267711
    manufacture: GenuineIntel
    typestring: Intel(R) Xeon(R) Platinum 8369B CPU @ 2.70GHz
    iCoresPerPackage: 6
    iThreadsPerPackage: 2
    featuresEx:
      - 529267711
      - 4277809667
      - 739248128
    bHybrid: false
    nPCore: 0
    nLogicalsPerPCore: 0
    nECore: 0
    nLogicalsPerECore: 0
  MemModuleInfo:
    iNumMemSticks: 2
    DIMM 1:
      manufacturer: Alibaba Cloud
      modulePartNo: Not Specified
      memType: RAM
      size: 16
      clkspeed: 0
      moduleVoltage: 0
    DIMM 2:
      manufacturer: Alibaba Cloud
      modulePartNo: Not Specified
      memType: RAM
      size: 8
      clkspeed: 0
      moduleVoltage: 0
Checksum: 909A11AB6A79DA5B1B31BEE12EF11094E3897B3C