---
system-info:
      stress-ng-version: 0.17.08
      run-by: root
      date-yyyy-mm-dd: 2024:06:15
      time-hh-mm-ss: 06:41:55
      epoch-secs: 1718433715
      hostname: 079241c3867a
      sysname: Linux
      nodename: 079241c3867a
      release: 6.8.0-1008-aws
      version: '#8-Ubuntu SMP Sat Apr 20 02:43:14 UTC 2024'
      machine: aarch64
      compiler: 'musl-gcc 13.2.1'
      uptime: 125
      totalram: 132652306432
      freeram: 128089042944
      sharedram: 35106816
      bufferram: 107929600
      totalswap: 0
      freeswap: 0
      pagesize: 4096
      cpus: 32
      cpus-online: 32
      ticks-per-second: 100

metrics:
    - stressor: cpu
      bogo-ops: 979794
      bogo-ops-per-second-usr-sys-time: 1531.680855
      bogo-ops-per-second-real-time: 48989.524690
      wall-clock-time: 20.000072
      user-time: 639.670488
      system-time: 0.014990
      cpu-usage-per-instance: 99.950498
      max-rss: 1280

...
