---
system-info:
      stress-ng-version: 0.17.08
      run-by: root
      date-yyyy-mm-dd: 2024:06:08
      time-hh-mm-ss: 21:54:35
      epoch-secs: 1717883675
      hostname: f1ca3266f665
      sysname: Linux
      nodename: f1ca3266f665
      release: 6.8.0-1008-aws
      version: '#8-Ubuntu SMP Sat Apr 20 02:43:14 UTC 2024'
      machine: aarch64
      compiler: 'musl-gcc 13.2.1'
      uptime: 108
      totalram: 132652302336
      freeram: 127911985152
      sharedram: 35115008
      bufferram: 105283584
      totalswap: 0
      freeswap: 0
      pagesize: 4096
      cpus: 32
      cpus-online: 32
      ticks-per-second: 100

metrics:
    - stressor: cpu
      bogo-ops: 136476
      bogo-ops-per-second-usr-sys-time: 424.759150
      bogo-ops-per-second-real-time: 13582.383197
      wall-clock-time: 10.048016
      user-time: 321.284098
      system-time: 0.017986
      cpu-usage-per-instance: 99.927094
      max-rss: 3840

...
