---
system-info:
      stress-ng-version: 0.17.08
      run-by: root
      date-yyyy-mm-dd: 2024:07:02
      time-hh-mm-ss: 11:24:56
      epoch-secs: 1719919496
      hostname: t2a-standard-32-6f5854a
      sysname: Linux
      nodename: t2a-standard-32-6f5854a
      release: 6.8.0-1009-gcp
      version: '#10-Ubuntu SMP Thu Jun 13 02:33:24 UTC 2024'
      machine: aarch64
      compiler: 'musl-gcc 13.2.1'
      uptime: 173
      totalram: 134793412608
      freeram: 129391988736
      sharedram: 3600384
      bufferram: 128045056
      totalswap: 0
      freeswap: 0
      pagesize: 4096
      cpus: 32
      cpus-online: 32
      ticks-per-second: 100

metrics:
    - stressor: cpu
      bogo-ops: 36265
      bogo-ops-per-second-usr-sys-time: 1813.284090
      bogo-ops-per-second-real-time: 1813.244402
      wall-clock-time: 20.000062
      user-time: 19.999624
      system-time: 0.000000
      cpu-usage-per-instance: 99.997811
      max-rss: 1024

...
