---
system-info:
      stress-ng-version: 0.17.08
      run-by: root
      date-yyyy-mm-dd: 2024:06:12
      time-hh-mm-ss: 23:41:22
      epoch-secs: 1718235682
      hostname: 2150faf1c86d
      sysname: Linux
      nodename: 2150faf1c86d
      release: 6.8.0-1008-aws
      version: '#8-Ubuntu SMP Sat Apr 20 00:46:25 UTC 2024'
      machine: x86_64
      compiler: 'musl-gcc 13.2.1'
      uptime: 120
      totalram: 16467779584
      freeram: 12068958208
      sharedram: 59908096
      bufferram: 110907392
      totalswap: 0
      freeswap: 0
      pagesize: 4096
      cpus: 8
      cpus-online: 8
      ticks-per-second: 100

metrics:
    - stressor: cpu
      bogo-ops: 153970
      bogo-ops-per-second-usr-sys-time: 964.509568
      bogo-ops-per-second-real-time: 7698.466629
      wall-clock-time: 20.000087
      user-time: 159.603542
      system-time: 0.031992
      cpu-usage-per-instance: 99.771776
      max-rss: 1104

...
