---
system-info:
      stress-ng-version: 0.17.08
      run-by: root
      date-yyyy-mm-dd: 2024:06:06
      time-hh-mm-ss: 09:55:15
      epoch-secs: 1717667715
      hostname: 1a4f9ed3e3c6
      sysname: Linux
      nodename: 1a4f9ed3e3c6
      release: 6.8.0-1008-aws
      version: '#8-Ubuntu SMP Sat Apr 20 00:46:25 UTC 2024'
      machine: x86_64
      compiler: 'musl-gcc 13.2.1'
      uptime: 100
      totalram: 16467779584
      freeram: 12311461888
      sharedram: 59908096
      bufferram: 82030592
      totalswap: 0
      freeswap: 0
      pagesize: 4096
      cpus: 8
      cpus-online: 8
      ticks-per-second: 100

metrics:
    - stressor: cpu
      bogo-ops: 95699
      bogo-ops-per-second-usr-sys-time: 1199.956841
      bogo-ops-per-second-real-time: 9568.958716
      wall-clock-time: 10.000984
      user-time: 79.735044
      system-time: 0.016991
      cpu-usage-per-instance: 99.680238
      max-rss: 3920

...
