"size","threads","connections","rps","latency","failed","server_usr","server_sys","client_usr","client_sys"
"1k",16,16,1422556,0.000010830,0,30.74,50.41,17.42,62.91
"1k",16,32,1342682,0.000022770,0,27.50,52.84,14.46,64.52
"1k",16,64,1491392,0.000042500,0,28.88,51.09,14.34,59.07
"1k",16,128,1592839,0.000095880,0,29.92,52.29,14.44,61.25
"1k",16,256,1683429,0.000269380,0,30.95,52.58,14.65,61.68
"1k",16,512,1722918,0.000439310,0,31.05,53.15,14.24,61.76
"1k",32,32,1337629,0.000024030,0,26.30,52.03,16.33,64.34
"1k",32,64,1334291,0.000052930,0,23.51,53.77,15.00,67.41
"1k",32,128,1424093,0.000174800,0,24.61,53.77,15.43,67.25
"1k",32,256,1467750,0.000413220,0,24.55,53.78,15.77,67.66
"1k",32,512,1519123,0.000588660,0,25.92,53.06,15.75,67.02
"1k",64,64,1356067,0.000052010,0,24.48,52.40,16.51,67.19
"1k",64,128,1327941,0.000172420,0,22.36,53.77,16.37,68.88
"1k",64,256,1342549,0.000372620,0,21.87,53.88,16.43,69.55
"1k",64,512,1334629,0.000568270,0,21.51,53.74,15.84,70.02
"16k",16,16,983928,0.000016640,0,25.08,45.32,13.53,57.47
"16k",16,32,1024038,0.000029030,0,24.06,46.97,13.52,59.40
"16k",16,64,1154360,0.000055420,0,26.59,48.75,13.79,60.82
"16k",16,128,1238176,0.000109880,0,27.67,51.56,13.98,64.44
"16k",16,256,1257649,0.000279800,0,28.75,52.03,13.93,64.58
"16k",16,512,1224593,0.000485350,0,28.73,53.68,13.11,64.46
"16k",32,32,1188683,0.000027390,0,26.25,49.60,17.36,68.12
"16k",32,64,1093772,0.000060940,0,23.02,51.96,15.48,69.71
"16k",32,128,1147143,0.000151740,0,23.23,52.41,15.48,70.07
"16k",32,256,1151191,0.000453380,0,23.86,52.47,15.27,70.17
"16k",32,512,1115470,0.000701530,0,25.20,52.44,14.81,69.27
"16k",64,64,1119642,0.000063100,0,23.89,50.57,16.51,68.97
"16k",64,128,1071361,0.000200290,0,21.44,51.77,16.12,71.23
"16k",64,256,1052505,0.000421030,0,20.89,52.50,15.91,72.34
"16k",64,512,1044631,0.000703930,0,22.30,52.68,15.36,71.22
"64k",16,16,603353,0.000026170,0,22.89,52.27,12.17,66.10
"64k",16,32,614659,0.000046230,0,23.05,51.77,11.97,66.90
"64k",16,64,622589,0.000093780,0,22.43,51.66,11.63,67.56
"64k",16,128,645423,0.000189740,0,23.99,53.36,11.71,69.30
"64k",16,256,555746,0.000452760,0,26.45,55.77,10.06,68.13
"64k",16,512,355166,0.001430000,0,33.65,54.12,8.08,64.34
"64k",32,32,616027,0.000052020,0,25.30,52.44,13.24,70.24
"64k",32,64,598442,0.000110000,0,20.51,53.57,12.99,72.63
"64k",32,128,617414,0.000269200,0,20.98,54.74,12.47,72.98
"64k",32,256,578940,0.000646910,0,21.61,55.27,12.54,72.01
"64k",32,512,405260,0.001410000,0,30.66,54.27,10.03,66.87
"64k",64,64,598961,0.000112280,0,20.74,52.32,14.48,73.41
"64k",64,128,588537,0.000299560,0,19.01,54.56,14.09,73.76
"64k",64,256,561313,0.000620850,0,19.55,55.23,13.63,73.45
"64k",64,512,430927,0.001290000,0,27.19,54.72,11.47,68.67
"256k",16,16,218342,0.000078410,0,24.64,54.54,9.93,63.47
"256k",16,32,233917,0.000121850,0,24.65,56.04,10.76,69.23
"256k",16,64,171300,0.000360260,0,29.88,58.27,7.96,61.33
"256k",16,128,96748,0.001300000,0,40.94,56.30,5.70,56.44
"256k",16,256,69862,0.003450000,0,44.22,60.87,4.82,51.24
"256k",32,32,231295,0.000141130,0,23.78,55.52,11.78,70.23
"256k",32,64,185449,0.000365860,0,26.45,58.95,9.76,66.16
"256k",32,128,117877,0.001180000,0,37.70,57.74,7.85,58.20
"256k",32,256,76690,0.003320000,0,44.14,62.61,5.74,48.85
"256k",64,64,186953,0.000442790,0,24.69,59.01,10.62,67.16
"256k",64,128,121054,0.001140000,0,36.52,58.45,8.33,58.46
"256k",64,256,80550,0.003280000,0,44.72,62.17,6.18,48.70
"512k",16,16,117027,0.000701750,0,22.11,45.15,9.41,76.03
"512k",16,32,78226,0.000544090,0,31.21,60.18,6.80,61.48
"512k",16,64,46665,0.001340000,0,41.26,61.90,4.94,50.12
"512k",16,128,35312,0.003500000,0,49.91,63.21,4.35,43.39
"512k",16,256,32991,0.007450000,0,49.74,62.77,3.94,44.65
"512k",32,32,74651,0.000432710,0,30.41,58.36,7.35,65.20
"512k",32,64,52842,0.001310000,0,41.14,61.15,6.32,52.43
"512k",32,128,36971,0.003430000,0,49.97,62.57,4.91,43.24
"512k",32,256,35784,0.007170000,0,49.71,62.63,4.87,43.99
"512k",64,64,53350,0.001260000,0,43.01,60.15,7.17,51.22
"512k",64,128,38514,0.003310000,0,49.53,61.63,5.46,44.93
"512k",64,256,37473,0.006810000,0,49.53,61.69,5.84,44.97
