BaselineInfo:
  WebDBID: -1
  TimeStamp: 20241108122737
Version:
  Major: 11
  Minor: 0
  Build: 1002
  SpecialBuildName: ""
  ptArchitecture: x86_64_linux
Results:
  Results Complete: true
  NumTestProcesses: 16
  CPU_INTEGER_MATH: 45363.793333333342
  CPU_FLOATINGPOINT_MATH: 24320.13086795768
  CPU_PRIME: 77.646313958615778
  CPU_SORTING: 23644.32670460927
  CPU_ENCRYPTION: 6240.047988147192
  CPU_COMPRESSION: 200292.36120380444
  CPU_SINGLETHREAD: 1809.1341941319408
  CPU_PHYSICS: 1518.8058531156767
  CPU_MATRIX_MULT_SSE: 12387.824402473037
  CPU_mm: 1380.0077776202629
  CPU_sse: 4888.7576864605298
  CPU_fma: 14643.775454921422
  CPU_avx: 10344.164555486032
  CPU_avx512: 19674.599913024173
  m_CPU_enc_SHA: 2047758718.4813349
  m_CPU_enc_AES: 15751826185.247231
  m_CPU_enc_ECDSA: 1829908773.9297194
  ME_ALLOC_S: 5389.730989378344
  ME_READ_S: 22244.666210937499
  ME_READ_L: 9957.96484375
  ME_WRITE: 9502.8740234375
  ME_LARGE: 53190.5
  ME_LATENCY: 58.259155849134146
  ME_THREADED: 73723.12744140625
  SUMM_CPU: 14384.813388736135
  SUMM_ME: 2362.8080514334551
SystemInformation:
  OSName: Ubuntu 24.04.1 LTS
  Kernel: 6.8.0-1016-aws
  Device: ""
  Processor: Intel Xeon Platinum 8259CL CPU @ 2.50GHz
  NumSockets: 1
  Manufacturer: GenuineIntel
  NumCores: 8
  NumLogicals: 16
  CPUFrequency: 0
  Memory: 63592
  MemModuleInfo:
    iNumMemSticks: 1
    DIMM 1:
      manufacturer: Not Specified
      modulePartNo: Not Specified
      memType: DDR4
      size: 64
      clkspeed: 1333
      moduleVoltage: 0
Checksum: 507A648467C6C6577E299ABEE0701E2465FF9DB3