size_kb,operation,bandwidth_mb_s,latency_ns,latency_stddev_ns,latency_samples,threads,iterations,elapsed_s
32,read,4375365.56,0,0,0,128,101296,0.092606
32,write,3955352.68,0,0,0,128,303766,0.307195
32,copy,2651416.98,0,0,0,128,175808,0.265229
32,latency,0,1.54,0.02,7,1,7,0.222130
128,read,4332720.29,0,0,0,128,108837,0.401917
128,write,3979972.83,0,0,0,128,111160,0.446877
128,copy,2210352.27,0,0,0,128,70501,0.510333
128,latency,0,4.31,0.00,7,1,7,0.679135
512,read,2986198.90,0,0,0,128,29687,0.636250
512,write,3228235.34,0,0,0,128,27642,0.548005
512,copy,421630.68,0,0,0,128,9981,1.515032
512,latency,0,6.27,0.00,7,1,7,0.665246
1024,read,746823.27,0,0,0,128,9800,1.679648
1024,write,690396.00,0,0,0,128,7508,1.391990
1024,copy,202758.65,0,0,0,128,2263,1.428615
1024,latency,0,7.43,0.01,7,1,7,0.645373
2048,read,692522.27,0,0,0,128,2405,0.889040
2048,write,241796.92,0,0,0,128,2246,2.377929
2048,copy,119737.11,0,0,0,128,1008,2.155121
2048,latency,0,16.57,0.05,7,1,7,0.680687
16384,read,335177.39,0,0,0,128,238,1.454227
16384,write,167710.49,0,0,0,128,210,2.564419
16384,copy,101752.07,0,0,0,128,113,2.274391
16384,latency,0,23.71,0.03,7,1,7,0.803501
32768,read,327977.90,0,0,0,128,113,1.411217
32768,write,161611.07,0,0,0,128,101,2.559825
32768,copy,105799.80,0,0,0,128,53,2.051875
32768,latency,0,25.11,0.13,7,1,7,0.595421
65536,read,325150.81,0,0,0,128,56,1.410890
65536,write,168649.67,0,0,0,128,45,2.185833
65536,copy,105788.74,0,0,0,128,26,2.013371
65536,latency,0,50.28,0.20,7,1,7,2.289406
131072,read,324311.64,0,0,0,128,26,1.313502
131072,write,168592.33,0,0,0,128,21,2.040805
131072,copy,105662.28,0,0,0,128,13,2.015781
131072,latency,0,81.54,0.21,7,1,7,7.216041
262144,read,322647.55,0,0,0,128,12,1.218717
262144,write,169563.25,0,0,0,128,10,1.932494
262144,copy,102831.60,0,0,0,128,6,1.911942
262144,latency,0,92.55,0.13,7,1,7,16.387437
