---
system-info:
      stress-ng-version: 0.17.08
      run-by: root
      date-yyyy-mm-dd: 2024:06:15
      time-hh-mm-ss: 08:55:40
      epoch-secs: 1718441740
      hostname: 35b61aab39e8
      sysname: Linux
      nodename: 35b61aab39e8
      release: 6.8.0-1008-aws
      version: '#8-Ubuntu SMP Sat Apr 20 00:46:25 UTC 2024'
      machine: x86_64
      compiler: 'musl-gcc 13.2.1'
      uptime: 133
      totalram: 265990807552
      freeram: 261394939904
      sharedram: 59981824
      bufferram: 107548672
      totalswap: 0
      freeswap: 0
      pagesize: 4096
      cpus: 32
      cpus-online: 32
      ticks-per-second: 100

metrics:
    - stressor: cpu
      bogo-ops: 37822
      bogo-ops-per-second-usr-sys-time: 1891.094705
      bogo-ops-per-second-real-time: 1891.089224
      wall-clock-time: 20.000114
      user-time: 20.000056
      system-time: 0.000000
      cpu-usage-per-instance: 99.999710
      max-rss: 1032

...
