---
system-info:
      stress-ng-version: 0.17.08
      run-by: root
      date-yyyy-mm-dd: 2024:06:08
      time-hh-mm-ss: 07:40:11
      epoch-secs: 1717832411
      hostname: b1d8f17d52e7
      sysname: Linux
      nodename: b1d8f17d52e7
      release: 6.8.0-1008-aws
      version: '#8-Ubuntu SMP Sat Apr 20 00:46:25 UTC 2024'
      machine: x86_64
      compiler: 'musl-gcc 13.2.1'
      uptime: 118
      totalram: 265990791168
      freeram: 261419921408
      sharedram: 59981824
      bufferram: 98078720
      totalswap: 0
      freeswap: 0
      pagesize: 4096
      cpus: 32
      cpus-online: 32
      ticks-per-second: 100

metrics:
    - stressor: cpu
      bogo-ops: 16727
      bogo-ops-per-second-usr-sys-time: 1672.415355
      bogo-ops-per-second-real-time: 1672.421722
      wall-clock-time: 10.001664
      user-time: 10.000703
      system-time: 0.000999
      cpu-usage-per-instance: 100.000381
      max-rss: 3592

...
