BaselineInfo:
  WebDBID: -1
  TimeStamp: 20250106161712
Version:
  Major: 11
  Minor: 0
  Build: 1002
  SpecialBuildName: ""
  ptArchitecture: x86_64_linux
Results:
  Results Complete: true
  NumTestProcesses: 64
  CPU_INTEGER_MATH: 323427.0336666666
  CPU_FLOATINGPOINT_MATH: 230326.60396815941
  CPU_PRIME: 625.4868547550027
  CPU_SORTING: 161226.38609275094
  CPU_ENCRYPTION: 71029.65227862465
  CPU_COMPRESSION: 1194798.6783654899
  CPU_SINGLETHREAD: 3164.5516027724029
  CPU_PHYSICS: 11382.655040307642
  CPU_MATRIX_MULT_SSE: 91498.850578164827
  CPU_mm: 9145.0566920379861
  CPU_sse: 39888.891673420163
  CPU_fma: 102613.92383350946
  CPU_avx: 81259.816664698374
  CPU_avx512: 142232.77014103133
  m_CPU_enc_SHA: 75366730577.042542
  m_CPU_enc_AES: 97947624631.317047
  m_CPU_enc_ECDSA: 50125610794.77372
  ME_ALLOC_S: 35100.577782756525
  ME_READ_S: 27843.105273437501
  ME_READ_L: 10706.078125
  ME_WRITE: 9492.0244140625
  ME_LARGE: 2800526.0833333335
  ME_LATENCY: 71.475189513070134
  ME_THREADED: 344214.01635742188
  SUMM_CPU: 81742.609819595236
  SUMM_ME: 2422.3321904482877
SystemInformation:
  OSName: Ubuntu 24.04.1 LTS
  Kernel: 6.8.0-1017-azure
  Device: ""
  Processor: Intel Xeon Platinum 8473C
  NumSockets: 2
  Manufacturer: GenuineIntel
  NumCores: 32
  NumLogicals: 64
  CPUFrequency: 2100
  Memory: 2816212
  MemModuleInfo:
    iNumMemSticks: 4
    DIMM 1:
      manufacturer: Microsoft Corporation
      modulePartNo: None
      memType: Unknown
      size: 1
      clkspeed: 0
      moduleVoltage: 0
    DIMM 2:
      manufacturer: Microsoft Corporation
      modulePartNo: None
      memType: Unknown
      size: 59
      clkspeed: 0
      moduleVoltage: 0
    DIMM 3:
      manufacturer: Microsoft Corporation
      modulePartNo: None
      memType: Unknown
      size: 1337
      clkspeed: 0
      moduleVoltage: 0
    DIMM 4:
      manufacturer: Microsoft Corporation
      modulePartNo: None
      memType: Unknown
      size: 1397
      clkspeed: 0
      moduleVoltage: 0
Checksum: F912D274C795C348D982DD70984E665F88542288