BaselineInfo:
  WebDBID: -1
  TimeStamp: 20241109032108
Version:
  Major: 11
  Minor: 0
  Build: 1002
  SpecialBuildName: ""
  ptArchitecture: x86_64_linux
Results:
  Results Complete: true
  NumTestProcesses: 32
  CPU_INTEGER_MATH: 147258.16533333328
  CPU_FLOATINGPOINT_MATH: 80773.245217981967
  CPU_PRIME: 203.9769982724282
  CPU_SORTING: 74749.429837022093
  CPU_ENCRYPTION: 37952.62777177064
  CPU_COMPRESSION: 557525.08110221534
  CPU_SINGLETHREAD: 2645.2503625759045
  CPU_PHYSICS: 4058.2450908995729
  CPU_MATRIX_MULT_SSE: 33147.135224837482
  CPU_mm: 3952.3571814663323
  CPU_sse: 16897.046803019082
  CPU_fma: 46048.688521462042
  CPU_avx: 36495.670350031331
  CPU_avx512: 0
  m_CPU_enc_SHA: 55050291089.650002
  m_CPU_enc_AES: 35198910299.130562
  m_CPU_enc_ECDSA: 29139442466.455971
  ME_ALLOC_S: 14151.135029851568
  ME_READ_S: 26588.065820312499
  ME_READ_L: 17494.232421875
  ME_WRITE: 17577.357421875
  ME_LARGE: 115145.16666666667
  ME_LATENCY: 61.408157407269698
  ME_THREADED: 79991.04248046875
  SUMM_CPU: 41970.372834373869
  SUMM_ME: 2877.7221342401103
SystemInformation:
  OSName: Ubuntu 24.04.1 LTS
  Kernel: 6.8.0-1016-aws
  Device: ""
  Processor: AMD EPYC 7R13 Processor
  NumSockets: 1
  Manufacturer: AuthenticAMD
  NumCores: 16
  NumLogicals: 32
  CPUFrequency: 0
  Memory: 126144
  MemModuleInfo:
    iNumMemSticks: 2
    DIMM 1:
      manufacturer: Not Specified
      modulePartNo: Not Specified
      memType: DDR4
      size: 64
      clkspeed: 1600
      moduleVoltage: 0
    DIMM 2:
      manufacturer: Not Specified
      modulePartNo: Not Specified
      memType: DDR4
      size: 64
      clkspeed: 1600
      moduleVoltage: 0
Checksum: 27E29856DEA7C5B75C433765B1EE02254D31FF9A