BaselineInfo:
  WebDBID: -1
  TimeStamp: 20260630123219
Version:
  Major: 11
  Minor: 0
  Build: 1004
  SpecialBuildName: ""
  ptArchitecture: x86_64_linux
Results:
  Results Complete: true
  NumTestProcesses: 16
  CPU_INTEGER_MATH: 96821.445666666667
  CPU_FLOATINGPOINT_MATH: 77279.772708031218
  CPU_PRIME: 282.76800174477796
  CPU_SORTING: 55655.083129198654
  CPU_ENCRYPTION: 20808.631944866964
  CPU_COMPRESSION: 405787.77951635077
  CPU_SINGLETHREAD: 2786.9294794635744
  CPU_PHYSICS: 4895.0926833459762
  CPU_MATRIX_MULT_SSE: 32487.05541803244
  CPU_mm: 3601.3159978110293
  CPU_sse: 15640.843902424691
  CPU_fma: 46995.795475026505
  CPU_avx: 34824.526876646138
  CPU_avx512: 0
  m_CPU_enc_SHA: 29322294005.952007
  m_CPU_enc_AES: 18534480068.321659
  m_CPU_enc_ECDSA: 17601522076.38879
  ME_ALLOC_S: 7721.2803750024159
  ME_READ_S: 26949.635546875001
  ME_READ_L: 17005.84375
  ME_WRITE: 17682.3828125
  ME_LARGE: 120244.25
  ME_LATENCY: 61.121317675283585
  ME_THREADED: 143675.24853515625
  SUMM_CPU: 34926.187248513386
  SUMM_ME: 2907.9106617366092
SystemInformation:
  OSName: Ubuntu 24.04.4 LTS
  Kernel: 6.8.0-124-generic
  Device: ""
  Processor: AMD EPYC-Rome Processor
  NumSockets: 1
  Manufacturer: AuthenticAMD
  NumCores: 8
  NumLogicals: 16
  CPUFrequency: 0
  CPUMaxFrequency: 0
  Memory: 128806
  CPUInfo:
    number: 1
    Family: 15
    Model: 1
    stepping: 0
    features: 395049983
    manufacture: AuthenticAMD
    typestring: AMD EPYC-Rome Processor
    iCoresPerPackage: 8
    iThreadsPerPackage: 2
    featuresEx:
      - 395049983
      - 4277678595
      - 802421759
    bHybrid: false
    nPCore: 0
    nLogicalsPerPCore: 0
    nECore: 0
    nLogicalsPerECore: 0
  MemModuleInfo:
    iNumMemSticks: 8
    DIMM 1:
      manufacturer: QEMU
      modulePartNo: Not Specified
      memType: RAM
      size: 16
      clkspeed: 0
      moduleVoltage: 0
    DIMM 2:
      manufacturer: QEMU
      modulePartNo: Not Specified
      memType: RAM
      size: 16
      clkspeed: 0
      moduleVoltage: 0
    DIMM 3:
      manufacturer: QEMU
      modulePartNo: Not Specified
      memType: RAM
      size: 16
      clkspeed: 0
      moduleVoltage: 0
    DIMM 4:
      manufacturer: QEMU
      modulePartNo: Not Specified
      memType: RAM
      size: 16
      clkspeed: 0
      moduleVoltage: 0
    DIMM 5:
      manufacturer: QEMU
      modulePartNo: Not Specified
      memType: RAM
      size: 16
      clkspeed: 0
      moduleVoltage: 0
    DIMM 6:
      manufacturer: QEMU
      modulePartNo: Not Specified
      memType: RAM
      size: 16
      clkspeed: 0
      moduleVoltage: 0
    DIMM 7:
      manufacturer: QEMU
      modulePartNo: Not Specified
      memType: RAM
      size: 16
      clkspeed: 0
      moduleVoltage: 0
    DIMM 8:
      manufacturer: QEMU
      modulePartNo: Not Specified
      memType: RAM
      size: 16
      clkspeed: 0
      moduleVoltage: 0
Checksum: A16215B6AC414DD0DB2A026ECAABFB37DC003BEA