---
system-info:
      stress-ng-version: 0.17.08
      run-by: root
      date-yyyy-mm-dd: 2024:09:16
      time-hh-mm-ss: 21:11:42
      epoch-secs: 1726521102
      hostname: sc-runner
      sysname: Linux
      nodename: sc-runner
      release: 6.8.0-1014-azure
      version: '#16-Ubuntu SMP Thu Aug 15 20:04:41 UTC 2024'
      machine: x86_64
      compiler: 'musl-gcc 13.2.1'
      uptime: 313
      totalram: 135066300416
      freeram: 124703973376
      sharedram: 55005184
      bufferram: 241074176
      totalswap: 0
      freeswap: 0
      pagesize: 4096
      cpus: 16
      cpus-online: 16
      ticks-per-second: 100

metrics:
    - stressor: cpu
      bogo-ops: 221675
      bogo-ops-per-second-usr-sys-time: 693.969491
      bogo-ops-per-second-real-time: 11083.694903
      wall-clock-time: 20.000099
      user-time: 319.404482
      system-time: 0.025987
      cpu-usage-per-instance: 99.821525
      max-rss: 1104

...
