"size","threads","connections","rps","latency","failed","server_usr","server_sys","client_usr","client_sys"
"1k",16,16,1273881,0.000012910,0,42.09,50.68,14.06,54.55
"1k",16,32,756238,0.000079450,0,21.99,58.00,9.06,61.81
"1k",16,64,724972,0.000091560,0,21.68,59.65,8.35,63.06
"1k",16,128,770985,0.000194540,0,20.42,62.00,7.85,66.31
"1k",16,256,825042,0.000473490,0,20.48,63.00,7.13,68.06
"1k",16,512,850281,0.000743290,0,21.77,63.27,6.84,67.43
"1k",32,32,1058882,0.000033530,0,33.02,53.08,11.41,61.22
"1k",32,64,737146,0.000097450,0,16.08,60.63,8.35,70.44
"1k",32,128,742911,0.000303110,0,15.54,64.05,7.80,73.16
"1k",32,256,783487,0.000669750,0,16.32,63.38,7.23,74.29
"1k",32,512,803171,0.000920000,0,17.20,63.22,6.99,73.68
"1k",64,64,1051485,0.000075970,0,30.19,54.55,11.96,63.70
"1k",64,128,685434,0.000351490,0,13.23,63.40,8.47,75.73
"1k",64,256,711173,0.000516530,0,14.04,61.46,11.89,73.94
"1k",64,512,710087,0.000850000,0,13.82,62.15,10.74,74.72
"16k",16,16,974186,0.000017830,0,27.97,53.63,11.76,61.65
"16k",16,32,652452,0.000051120,0,19.07,59.12,8.87,63.74
"16k",16,64,630093,0.000100290,0,19.26,60.58,8.19,65.36
"16k",16,128,659102,0.000208460,0,17.96,63.88,7.42,67.75
"16k",16,256,709579,0.000455450,0,17.75,65.10,6.86,69.45
"16k",16,512,719441,0.000760780,0,19.09,64.46,6.64,69.16
"16k",32,32,1003669,0.000035050,0,27.40,54.78,13.20,64.13
"16k",32,64,661734,0.000108160,0,15.22,60.95,8.72,70.23
"16k",32,128,642062,0.000287740,0,12.81,64.92,7.73,75.46
"16k",32,256,653340,0.000718600,0,13.38,65.32,7.57,75.29
"16k",32,512,661100,0.001050000,0,14.28,65.30,7.09,74.72
"16k",64,64,958981,0.000079470,0,26.20,54.30,13.48,66.60
"16k",64,128,570129,0.000392900,0,11.17,64.41,8.44,77.11
"16k",64,256,606590,0.000574090,0,12.11,62.93,10.75,75.77
"16k",64,512,606293,0.000970000,0,12.27,63.11,10.82,75.35
"64k",16,16,623763,0.000027110,0,19.59,58.29,11.97,64.62
"64k",16,32,448298,0.000196980,0,15.85,62.45,8.46,63.12
"64k",16,64,398909,0.000154190,0,14.72,68.06,7.18,64.18
"64k",16,128,403075,0.000322450,0,13.69,72.16,6.37,65.83
"64k",16,256,417575,0.000643870,0,13.63,73.79,5.83,66.78
"64k",16,512,410966,0.001180000,0,14.10,73.11,5.61,66.92
"64k",32,32,680454,0.000050780,0,21.13,57.47,12.52,68.88
"64k",32,64,414980,0.000171280,0,11.26,68.51,7.79,70.08
"64k",32,128,391442,0.000521040,0,9.60,72.08,6.66,72.91
"64k",32,256,395466,0.000890000,0,9.60,72.81,6.37,71.97
"64k",32,512,401185,0.001420000,0,9.93,73.19,6.52,71.63
"64k",64,64,646879,0.000113580,0,18.77,58.96,12.58,70.94
"64k",64,128,388372,0.000453380,0,8.87,70.20,8.30,74.20
"64k",64,256,410285,0.000734740,0,9.57,68.35,11.19,72.51
"64k",64,512,395536,0.001370000,0,9.24,70.15,9.67,72.80
"256k",16,16,292783,0.000077590,0,16.15,62.43,10.59,67.04
"256k",16,32,171907,0.000271980,0,11.50,74.48,6.63,58.98
"256k",16,64,159780,0.000413100,0,10.80,80.88,5.58,59.87
"256k",16,128,156550,0.000850000,0,10.01,84.19,4.98,60.28
"256k",16,256,149368,0.001670000,0,10.07,85.19,4.54,60.60
"256k",32,32,240720,0.000153540,0,13.48,76.57,9.32,61.49
"256k",32,64,162727,0.000496920,0,8.50,80.06,5.96,66.84
"256k",32,128,154493,0.000990000,0,7.59,81.62,5.72,66.46
"256k",32,256,156582,0.001700000,0,8.14,82.23,6.11,64.50
"256k",64,64,232496,0.000345200,0,12.23,74.66,9.71,64.91
"256k",64,128,177779,0.000807800,0,8.84,77.43,8.23,67.07
"256k",64,256,159049,0.001690000,0,7.75,80.41,7.01,66.82
"512k",16,16,111064,0.000152680,0,10.63,87.42,7.68,53.79
"512k",16,32,84706,0.000421300,0,12.31,79.65,5.64,52.28
"512k",16,64,83606,0.000745740,0,12.60,84.99,4.91,56.26
"512k",16,128,81862,0.001550000,0,8.33,88.11,4.68,59.87
"512k",16,256,77546,0.003040000,0,10.48,88.63,3.84,58.02
"512k",32,32,105571,0.000308000,0,9.96,89.78,7.40,54.21
"512k",32,64,83661,0.000880000,0,8.23,86.50,5.14,61.49
"512k",32,128,84102,0.001550000,0,8.76,87.30,5.73,59.69
"512k",32,256,81169,0.003100000,0,9.63,87.50,5.30,58.68
"512k",64,64,101446,0.000659410,0,9.38,88.58,7.38,56.42
"512k",64,128,92687,0.001410000,0,8.99,86.29,7.62,58.77
"512k",64,256,86412,0.002960000,0,9.81,86.40,6.97,58.67
