---
system-info:
      stress-ng-version: 0.17.08
      run-by: root
      date-yyyy-mm-dd: 2024:09:07
      time-hh-mm-ss: 11:20:38
      epoch-secs: 1725708038
      hostname: ip-172-31-34-96
      sysname: Linux
      nodename: ip-172-31-34-96
      release: 6.8.0-1014-aws
      version: '#15-Ubuntu SMP Thu Aug  8 20:05:03 UTC 2024'
      machine: aarch64
      compiler: 'musl-gcc 13.2.1'
      uptime: 182
      totalram: 132652105728
      freeram: 123853389824
      sharedram: 34930688
      bufferram: 222261248
      totalswap: 0
      freeswap: 0
      pagesize: 4096
      cpus: 32
      cpus-online: 32
      ticks-per-second: 100

metrics:
    - stressor: cpu
      bogo-ops: 30671
      bogo-ops-per-second-usr-sys-time: 1533.529451
      bogo-ops-per-second-real-time: 1533.546910
      wall-clock-time: 20.000040
      user-time: 20.000268
      system-time: 0.000000
      cpu-usage-per-instance: 100.001139
      max-rss: 1024

...
