---
system-info:
      stress-ng-version: 0.17.08
      run-by: root
      date-yyyy-mm-dd: 2024:09:10
      time-hh-mm-ss: 20:18:00
      epoch-secs: 1725999480
      hostname: ip-172-31-44-117
      sysname: Linux
      nodename: ip-172-31-44-117
      release: 6.8.0-1014-aws
      version: '#15-Ubuntu SMP Thu Aug  8 20:05:03 UTC 2024'
      machine: aarch64
      compiler: 'musl-gcc 13.2.1'
      uptime: 188
      totalram: 132652109824
      freeram: 123807191040
      sharedram: 34930688
      bufferram: 220127232
      totalswap: 0
      freeswap: 0
      pagesize: 4096
      cpus: 32
      cpus-online: 32
      ticks-per-second: 100

metrics:
    - stressor: cpu
      bogo-ops: 30669
      bogo-ops-per-second-usr-sys-time: 1533.436199
      bogo-ops-per-second-real-time: 1533.446417
      wall-clock-time: 20.000047
      user-time: 20.000180
      system-time: 0.000000
      cpu-usage-per-instance: 100.000666
      max-rss: 1024

...
