BaselineInfo:
  WebDBID: -1
  TimeStamp: 20260618210758
Version:
  Major: 11
  Minor: 0
  Build: 1004
  SpecialBuildName: ""
  ptArchitecture: x86_64_linux
Results:
  Results Complete: true
  NumTestProcesses: 32
  CPU_INTEGER_MATH: 107721.76800000003
  CPU_FLOATINGPOINT_MATH: 64287.987833918371
  CPU_PRIME: 133.99831439520486
  CPU_SORTING: 48110.217599244708
  CPU_ENCRYPTION: 33891.693639514218
  CPU_COMPRESSION: 473974.20731134107
  CPU_SINGLETHREAD: 2127.37701211477
  CPU_PHYSICS: 1696.3227397926266
  CPU_MATRIX_MULT_SSE: 28068.236828280234
  CPU_mm: 3034.3047453015015
  CPU_sse: 12556.772350243171
  CPU_fma: 40528.986234579279
  CPU_avx: 31118.95190001823
  CPU_avx512: 0
  m_CPU_enc_SHA: 48065751977.235657
  m_CPU_enc_AES: 32900688066.235252
  m_CPU_enc_ECDSA: 25647609605.770866
  ME_ALLOC_S: 8982.0963587325459
  ME_READ_S: 24338.871679687501
  ME_READ_L: 11619.4287109375
  ME_WRITE: 11005.7392578125
  ME_LARGE: 116952.5
  ME_LATENCY: 49.240000738420271
  ME_THREADED: 37626.16015625
  SUMM_CPU: 31756.694973995855
  SUMM_ME: 2649.0614920949006
SystemInformation:
  OSName: Ubuntu 24.04.4 LTS
  Kernel: 6.8.0-117-generic
  Device: ""
  Processor: "AMD EPYC 7H12 64-Core Processor                "
  NumSockets: 1
  Manufacturer: AuthenticAMD
  NumCores: 16
  NumLogicals: 32
  CPUFrequency: 7
  CPUMaxFrequency: 832
  Memory: 126262
  CPUInfo:
    number: 1
    Family: 15
    Model: 1
    stepping: 0
    features: 395049983
    manufacture: AuthenticAMD
    typestring: "AMD EPYC 7H12 64-Core Processor                "
    iCoresPerPackage: 16
    iThreadsPerPackage: 2
    featuresEx:
      - 395049983
      - 4277678595
      - 776996864
    bHybrid: false
    nPCore: 0
    nLogicalsPerPCore: 0
    nECore: 0
    nLogicalsPerECore: 0
  MemModuleInfo:
    iNumMemSticks: 8
    DIMM 1:
      manufacturer: Alibaba Cloud
      modulePartNo: Not Specified
      memType: RAM
      size: 16
      clkspeed: 0
      moduleVoltage: 0
    DIMM 2:
      manufacturer: Alibaba Cloud
      modulePartNo: Not Specified
      memType: RAM
      size: 16
      clkspeed: 0
      moduleVoltage: 0
    DIMM 3:
      manufacturer: Alibaba Cloud
      modulePartNo: Not Specified
      memType: RAM
      size: 16
      clkspeed: 0
      moduleVoltage: 0
    DIMM 4:
      manufacturer: Alibaba Cloud
      modulePartNo: Not Specified
      memType: RAM
      size: 16
      clkspeed: 0
      moduleVoltage: 0
    DIMM 5:
      manufacturer: Alibaba Cloud
      modulePartNo: Not Specified
      memType: RAM
      size: 16
      clkspeed: 0
      moduleVoltage: 0
    DIMM 6:
      manufacturer: Alibaba Cloud
      modulePartNo: Not Specified
      memType: RAM
      size: 16
      clkspeed: 0
      moduleVoltage: 0
    DIMM 7:
      manufacturer: Alibaba Cloud
      modulePartNo: Not Specified
      memType: RAM
      size: 16
      clkspeed: 0
      moduleVoltage: 0
    DIMM 8:
      manufacturer: Alibaba Cloud
      modulePartNo: Not Specified
      memType: RAM
      size: 16
      clkspeed: 0
      moduleVoltage: 0
Checksum: AD9BF2BEF496BE34BC58FFB369AA800E55863422