BaselineInfo:
  WebDBID: -1
  TimeStamp: 20241107164237
Version:
  Major: 11
  Minor: 0
  Build: 1002
  SpecialBuildName: ""
  ptArchitecture: x86_64_linux
Results:
  Results Complete: true
  NumTestProcesses: 8
  CPU_INTEGER_MATH: 20739.525999999998
  CPU_FLOATINGPOINT_MATH: 10923.972529815252
  CPU_PRIME: 22.44834082570441
  CPU_SORTING: 12849.63281894013
  CPU_ENCRYPTION: 6495.8234374405729
  CPU_COMPRESSION: 87894.559556665568
  CPU_SINGLETHREAD: 1445.7109023168787
  CPU_PHYSICS: 614.3298436154563
  CPU_MATRIX_MULT_SSE: 3245.1952786354859
  CPU_mm: 628.01191243187873
  CPU_sse: 2547.7079970224945
  CPU_fma: 3757.5604858530824
  CPU_avx: 3430.3173530308813
  CPU_avx512: 0
  m_CPU_enc_SHA: 9172415060.3558655
  m_CPU_enc_AES: 6358849807.6913271
  m_CPU_enc_ECDSA: 4902828802.165863
  ME_ALLOC_S: 1977.0187502060653
  ME_READ_S: 14940.451171875
  ME_READ_L: 11682.12109375
  ME_WRITE: 8053.19189453125
  ME_LARGE: 21517.5
  ME_LATENCY: 60.231868474757356
  ME_THREADED: 28432.83837890625
  SUMM_CPU: 6909.3797154161975
  SUMM_ME: 1929.272409962738
SystemInformation:
  OSName: Ubuntu 24.04.1 LTS
  Kernel: 6.8.0-1016-aws
  Device: ""
  Processor: AMD EPYC 7571
  NumSockets: 1
  Manufacturer: AuthenticAMD
  NumCores: 4
  NumLogicals: 8
  CPUFrequency: 0
  Memory: 31556
  MemModuleInfo:
    iNumMemSticks: 1
    DIMM 1:
      manufacturer: Not Specified
      modulePartNo: Not Specified
      memType: DDR4
      size: 32
      clkspeed: 1333
      moduleVoltage: 0
Checksum: C75AFD4D61AEECA83E3FB042FE44DD64286BEEEF