BaselineInfo:
  WebDBID: -1
  TimeStamp: 20241109090023
Version:
  Major: 11
  Minor: 0
  Build: 1002
  SpecialBuildName: ""
  ptArchitecture: x86_64_linux
Results:
  Results Complete: true
  NumTestProcesses: 64
  CPU_INTEGER_MATH: 265783.05666666658
  CPU_FLOATINGPOINT_MATH: 146084.52754529211
  CPU_PRIME: 367.96507242729422
  CPU_SORTING: 136455.48913711304
  CPU_ENCRYPTION: 68522.247375286883
  CPU_COMPRESSION: 1010419.4791808284
  CPU_SINGLETHREAD: 2483.1784769026276
  CPU_PHYSICS: 6371.8139129399206
  CPU_MATRIX_MULT_SSE: 59270.029089366515
  CPU_mm: 7159.2119445154285
  CPU_sse: 30530.380383479085
  CPU_fma: 81067.613010560119
  CPU_avx: 66212.093874060301
  CPU_avx512: 0
  m_CPU_enc_SHA: 99368387012.802887
  m_CPU_enc_AES: 63526914493.558296
  m_CPU_enc_ECDSA: 52657050685.005318
  ME_ALLOC_S: 25708.859261437756
  ME_READ_S: 25865.670312499999
  ME_READ_L: 21359.369140625
  ME_WRITE: 20749.26171875
  ME_LARGE: 503688.91666666669
  ME_LATENCY: 61.728446590284022
  ME_THREADED: 146656.41015625
  SUMM_CPU: 62823.724480887206
  SUMM_ME: 3058.6406684099275
SystemInformation:
  OSName: Ubuntu 24.04.1 LTS
  Kernel: 6.8.0-1017-azure
  Device: ""
  Processor: AMD EPYC 7763 64-Core Processor
  NumSockets: 1
  Manufacturer: AuthenticAMD
  NumCores: 32
  NumLogicals: 64
  CPUFrequency: 0
  Memory: 515766
  MemModuleInfo:
    iNumMemSticks: 3
    DIMM 1:
      manufacturer: Microsoft Corporation
      modulePartNo: None
      memType: Unknown
      size: 1
      clkspeed: 0
      moduleVoltage: 0
    DIMM 2:
      manufacturer: Microsoft Corporation
      modulePartNo: None
      memType: Unknown
      size: 60928
      clkspeed: 0
      moduleVoltage: 0
    DIMM 3:
      manufacturer: Microsoft Corporation
      modulePartNo: None
      memType: Unknown
      size: 462336
      clkspeed: 0
      moduleVoltage: 0
Checksum: 110414D86807015521046922829E3394B81FBF2C