BaselineInfo:
  WebDBID: -1
  TimeStamp: 20260404163034
Version:
  Major: 11
  Minor: 0
  Build: 1004
  SpecialBuildName: ""
  ptArchitecture: x86_64_linux
Results:
  Results Complete: true
  NumTestProcesses: 8
  CPU_INTEGER_MATH: 19663.899666666664
  CPU_FLOATINGPOINT_MATH: 10518.41778716826
  CPU_PRIME: 48.604337315266399
  CPU_SORTING: 12190.554836722125
  CPU_ENCRYPTION: 2705.3183814491704
  CPU_COMPRESSION: 92417.682558786284
  CPU_SINGLETHREAD: 1685.6910298275791
  CPU_PHYSICS: 889.89996354488869
  CPU_MATRIX_MULT_SSE: 5864.8563696618321
  CPU_mm: 596.29461749881739
  CPU_sse: 2125.5122181520596
  CPU_fma: 7288.9493627647225
  CPU_avx: 5148.808010120677
  CPU_avx512: 8896.1558876098679
  m_CPU_enc_SHA: 884159793.39551818
  m_CPU_enc_AES: 6823359219.8505468
  m_CPU_enc_ECDSA: 802676768.19326973
  ME_ALLOC_S: 2182.2857806166048
  ME_READ_S: 19514.662890625001
  ME_READ_L: 6785.447265625
  ME_WRITE: 7320.67822265625
  ME_LARGE: 50921.666666666664
  ME_LATENCY: 79.232028433711818
  ME_THREADED: 37139.76220703125
  SUMM_CPU: 7037.7513686756092
  SUMM_ME: 1716.5371475601778
SystemInformation:
  OSName: Ubuntu 24.04.4 LTS
  Kernel: 6.8.0-106-generic
  Device: ""
  Processor: Intel(R) Xeon(R) Platinum 8163 CPU @ 2.50GHz
  NumSockets: 1
  Manufacturer: GenuineIntel
  NumCores: 4
  NumLogicals: 8
  CPUFrequency: 2500
  CPUMaxFrequency: 3100
  Memory: 63791
  CPUInfo:
    number: 1
    Family: 6
    Model: 5
    stepping: 4
    features: 529267711
    manufacture: GenuineIntel
    typestring: Intel(R) Xeon(R) Platinum 8163 CPU @ 2.50GHz
    iCoresPerPackage: 4
    iThreadsPerPackage: 2
    featuresEx:
      - 529267711
      - 4294586883
      - 739248128
    bHybrid: false
    nPCore: 0
    nLogicalsPerPCore: 0
    nECore: 0
    nLogicalsPerECore: 0
  MemModuleInfo:
    iNumMemSticks: 4
    DIMM 1:
      manufacturer: Alibaba Cloud
      modulePartNo: Not Specified
      memType: RAM
      size: 16
      clkspeed: 0
      moduleVoltage: 0
    DIMM 2:
      manufacturer: Alibaba Cloud
      modulePartNo: Not Specified
      memType: RAM
      size: 16
      clkspeed: 0
      moduleVoltage: 0
    DIMM 3:
      manufacturer: Alibaba Cloud
      modulePartNo: Not Specified
      memType: RAM
      size: 16
      clkspeed: 0
      moduleVoltage: 0
    DIMM 4:
      manufacturer: Alibaba Cloud
      modulePartNo: Not Specified
      memType: RAM
      size: 16
      clkspeed: 0
      moduleVoltage: 0
Checksum: FED7029FC6FD965951EF387C0A4E467E17FDDD9F