---
system-info:
      stress-ng-version: 0.17.08
      run-by: root
      date-yyyy-mm-dd: 2024:06:13
      time-hh-mm-ss: 19:18:11
      epoch-secs: 1718306291
      hostname: e11f10c10df6
      sysname: Linux
      nodename: e11f10c10df6
      release: 6.8.0-1008-aws
      version: '#8-Ubuntu SMP Sat Apr 20 02:43:14 UTC 2024'
      machine: aarch64
      compiler: 'musl-gcc 13.2.1'
      uptime: 206
      totalram: 534444892160
      freeram: 529621008384
      sharedram: 34951168
      bufferram: 106360832
      totalswap: 0
      freeswap: 0
      pagesize: 4096
      cpus: 64
      cpus-online: 64
      ticks-per-second: 100

metrics:
    - stressor: cpu
      bogo-ops: 30387
      bogo-ops-per-second-usr-sys-time: 1519.338985
      bogo-ops-per-second-real-time: 1519.340256
      wall-clock-time: 20.000128
      user-time: 20.000145
      system-time: 0.000000
      cpu-usage-per-instance: 100.000084
      max-rss: 512

...
