---
system-info:
      stress-ng-version: 0.17.08
      run-by: root
      date-yyyy-mm-dd: 2024:06:08
      time-hh-mm-ss: 05:55:59
      epoch-secs: 1717826159
      hostname: d7b9af8bc9b4
      sysname: Linux
      nodename: d7b9af8bc9b4
      release: 6.8.0-1008-aws
      version: '#8-Ubuntu SMP Sat Apr 20 02:43:14 UTC 2024'
      machine: aarch64
      compiler: 'musl-gcc 13.2.1'
      uptime: 159
      totalram: 534444896256
      freeram: 529630371840
      sharedram: 34951168
      bufferram: 96530432
      totalswap: 0
      freeswap: 0
      pagesize: 4096
      cpus: 64
      cpus-online: 64
      ticks-per-second: 100

metrics:
    - stressor: cpu
      bogo-ops: 2940
      bogo-ops-per-second-usr-sys-time: 293.207080
      bogo-ops-per-second-real-time: 293.205871
      wall-clock-time: 10.027084
      user-time: 10.025043
      system-time: 0.002000
      cpu-usage-per-instance: 99.999588
      max-rss: 3584

...
