---
system-info:
      stress-ng-version: 0.17.08
      run-by: root
      date-yyyy-mm-dd: 2024:07:02
      time-hh-mm-ss: 18:35:18
      epoch-secs: 1719945318
      hostname: c3-highcpu-44-8307c37
      sysname: Linux
      nodename: c3-highcpu-44-8307c37
      release: 6.8.0-1009-gcp
      version: '#10-Ubuntu SMP Wed Jun 12 18:52:23 UTC 2024'
      machine: x86_64
      compiler: 'musl-gcc 13.2.1'
      uptime: 133
      totalram: 92775604224
      freeram: 87333040128
      sharedram: 111665152
      bufferram: 129060864
      totalswap: 0
      freeswap: 0
      pagesize: 4096
      cpus: 44
      cpus-online: 44
      ticks-per-second: 100

metrics:
    - stressor: cpu
      bogo-ops: 32484
      bogo-ops-per-second-usr-sys-time: 1624.203005
      bogo-ops-per-second-real-time: 1624.191849
      wall-clock-time: 20.000100
      user-time: 19.999963
      system-time: 0.000000
      cpu-usage-per-instance: 99.999313
      max-rss: 1056

...
