---
system-info:
      stress-ng-version: 0.17.08
      run-by: root
      date-yyyy-mm-dd: 2024:07:02
      time-hh-mm-ss: 03:40:03
      epoch-secs: 1719891603
      hostname: n4-highcpu-16-707ea87
      sysname: Linux
      nodename: n4-highcpu-16-707ea87
      release: 6.8.0-1009-gcp
      version: '#10-Ubuntu SMP Wed Jun 12 18:52:23 UTC 2024'
      machine: x86_64
      compiler: 'musl-gcc 13.2.1'
      uptime: 135
      totalram: 33648312320
      freeram: 28207599616
      sharedram: 274075648
      bufferram: 126177280
      totalswap: 0
      freeswap: 0
      pagesize: 4096
      cpus: 16
      cpus-online: 16
      ticks-per-second: 100

metrics:
    - stressor: cpu
      bogo-ops: 34562
      bogo-ops-per-second-usr-sys-time: 1728.104061
      bogo-ops-per-second-real-time: 1728.088587
      wall-clock-time: 20.000132
      user-time: 19.999953
      system-time: 0.000000
      cpu-usage-per-instance: 99.999105
      max-rss: 1104

...
