BaselineInfo:
  WebDBID: -1
  TimeStamp: 20241107201930
Version:
  Major: 11
  Minor: 0
  Build: 1002
  SpecialBuildName: ""
  ptArchitecture: x86_64_linux
Results:
  Results Complete: true
  NumTestProcesses: 16
  CPU_INTEGER_MATH: 73640.939666666658
  CPU_FLOATINGPOINT_MATH: 40958.530419723749
  CPU_PRIME: 100.01263661582476
  CPU_SORTING: 37422.554405234529
  CPU_ENCRYPTION: 18953.574993464204
  CPU_COMPRESSION: 280934.48022467492
  CPU_SINGLETHREAD: 2645.4004694072073
  CPU_PHYSICS: 2010.0035789169081
  CPU_MATRIX_MULT_SSE: 16526.056779870949
  CPU_mm: 1997.1301045428565
  CPU_sse: 8499.4915764935267
  CPU_fma: 23027.427133411846
  CPU_avx: 18051.251629707484
  CPU_avx512: 0
  m_CPU_enc_SHA: 27504376745.543564
  m_CPU_enc_AES: 17586486028.830448
  m_CPU_enc_ECDSA: 14531928782.666153
  ME_ALLOC_S: 7169.4557979266101
  ME_READ_S: 26354.4619140625
  ME_READ_L: 17476.865234375
  ME_WRITE: 16813.294921875
  ME_LARGE: 21313.25
  ME_LATENCY: 63.575228571948934
  ME_THREADED: 38433.531005859375
  SUMM_CPU: 23583.632611626927
  SUMM_ME: 2581.1950947850978
SystemInformation:
  OSName: Ubuntu 24.04.1 LTS
  Kernel: 6.8.0-1016-aws
  Device: ""
  Processor: AMD EPYC 7R13 Processor
  NumSockets: 1
  Manufacturer: AuthenticAMD
  NumCores: 8
  NumLogicals: 16
  CPUFrequency: 0
  Memory: 31384
  MemModuleInfo:
    iNumMemSticks: 1
    DIMM 1:
      manufacturer: Not Specified
      modulePartNo: Not Specified
      memType: DDR4
      size: 32
      clkspeed: 1466
      moduleVoltage: 0
Checksum: 84B33AA8ABFB5B6344F2B989858835C7BFAC58EF