---
system-info:
      stress-ng-version: 0.17.08
      run-by: root
      date-yyyy-mm-dd: 2024:07:03
      time-hh-mm-ss: 05:13:57
      epoch-secs: 1719983637
      hostname: c3d-highcpu-90-2e1e3be
      sysname: Linux
      nodename: c3d-highcpu-90-2e1e3be
      release: 6.8.0-1009-gcp
      version: '#10-Ubuntu SMP Wed Jun 12 18:52:23 UTC 2024'
      machine: x86_64
      compiler: 'musl-gcc 13.2.1'
      uptime: 119
      totalram: 186727055360
      freeram: 181183541248
      sharedram: 35721216
      bufferram: 129851392
      totalswap: 0
      freeswap: 0
      pagesize: 4096
      cpus: 90
      cpus-online: 90
      ticks-per-second: 100

metrics:
    - stressor: cpu
      bogo-ops: 2581929
      bogo-ops-per-second-usr-sys-time: 1435.356851
      bogo-ops-per-second-real-time: 129096.053380
      wall-clock-time: 20.000061
      user-time: 1798.766361
      system-time: 0.039977
      cpu-usage-per-instance: 99.933378
      max-rss: 720

...
