BaselineInfo:
  WebDBID: -1
  TimeStamp: 20241107115517
Version:
  Major: 11
  Minor: 0
  Build: 1002
  SpecialBuildName: ""
  ptArchitecture: aarch64_linux
Results:
  Results Complete: true
  NumTestProcesses: 8
  CPU_INTEGER_MATH: 31533.513999999999
  CPU_FLOATINGPOINT_MATH: 24006.158190446578
  CPU_PRIME: 60.26918470581019
  CPU_SORTING: 22805.552454653855
  CPU_ENCRYPTION: 1091.1308800182339
  CPU_COMPRESSION: 37704.272211353156
  CPU_SINGLETHREAD: 1109.0893769654169
  CPU_PHYSICS: 1072.4380086388189
  CPU_MATRIX_MULT_SSE: 4971.5317047003855
  CPU_mm: 834.8252198323321
  CPU_sse: 4145.0915751948514
  CPU_fma: 5797.9718342059186
  CPU_avx: 0
  CPU_avx512: 0
  m_CPU_enc_SHA: 1640993359.5416794
  m_CPU_enc_AES: 756042594.33478475
  m_CPU_enc_ECDSA: 1035365007.0615345
  ME_ALLOC_S: 5170.5357313639406
  ME_READ_S: 9471.3427734375
  ME_READ_L: 9049.333984375
  ME_WRITE: 12365.74609375
  ME_LARGE: 21762
  ME_LATENCY: 85.27576077495651
  ME_THREADED: 72170.1669921875
  SUMM_CPU: 5230.3777565989576
  SUMM_ME: 1613.5198029347644
SystemInformation:
  OSName: Ubuntu 24.04.1 LTS
  Kernel: 6.8.0-1016-aws
  Device: ""
  Processor: ARM Neoverse-N1 8 Core 0 MHz
  NumSockets: 1
  Manufacturer: ARM
  NumCores: 8
  NumLogicals: 8
  CPUFrequency: 0
  Memory: 31681
Checksum: 530411D6370625B883E4E047185D9FA8B1CD7FD5