BaselineInfo:
  WebDBID: -1
  TimeStamp: 20241108064501
Version:
  Major: 11
  Minor: 0
  Build: 1002
  SpecialBuildName: ""
  ptArchitecture: aarch64_linux
Results:
  Results Complete: true
  NumTestProcesses: 16
  CPU_INTEGER_MATH: 83462.34599999999
  CPU_FLOATINGPOINT_MATH: 96968.780414984867
  CPU_PRIME: 259.95265438026485
  CPU_SORTING: 74096.182762929267
  CPU_ENCRYPTION: 3028.8799601886794
  CPU_COMPRESSION: 106418.9618208355
  CPU_SINGLETHREAD: 1943.6829584076816
  CPU_PHYSICS: 4874.6928458755683
  CPU_MATRIX_MULT_SSE: 14735.407974624988
  CPU_mm: 1828.7341190111215
  CPU_sse: 11590.045289844929
  CPU_fma: 17880.77065940504
  CPU_avx: 0
  CPU_avx512: 0
  m_CPU_enc_SHA: 4786942236.9881582
  m_CPU_enc_AES: 1715905173.4137025
  m_CPU_enc_ECDSA: 3025185089.0025525
  ME_ALLOC_S: 24099.503444907306
  ME_READ_S: 20515.173828125
  ME_READ_L: 19929.92578125
  ME_WRITE: 21212.478515625
  ME_LARGE: 52623.916666666664
  ME_LATENCY: 48.725123328155
  ME_THREADED: 291806.791015625
  SUMM_CPU: 14603.026731100645
  SUMM_ME: 3213.6732281429349
SystemInformation:
  OSName: Ubuntu 24.04.1 LTS
  Kernel: 6.8.0-1016-aws
  Device: ""
  Processor: ARM Neoverse-V2 16 Core 0 MHz
  NumSockets: 1
  Manufacturer: ARM
  NumCores: 16
  NumLogicals: 16
  CPUFrequency: 0
  Memory: 63132
Checksum: 74C2C07E68E17A68CBF1536ECD80C6921F641E74