BaselineInfo:
  WebDBID: -1
  TimeStamp: 20241111092111
Version:
  Major: 11
  Minor: 0
  Build: 1002
  SpecialBuildName: ""
  ptArchitecture: aarch64_linux
Results:
  Results Complete: true
  NumTestProcesses: 2
  CPU_INTEGER_MATH: 9393.1579999999994
  CPU_FLOATINGPOINT_MATH: 7144.6086834117996
  CPU_PRIME: 17.776458654851695
  CPU_SORTING: 6793.754128798405
  CPU_ENCRYPTION: 320.82963188152746
  CPU_COMPRESSION: 10455.781303318927
  CPU_SINGLETHREAD: 1332.2074767589772
  CPU_PHYSICS: 385.31476630871975
  CPU_MATRIX_MULT_SSE: 1481.5027488936048
  CPU_mm: 248.60820667376495
  CPU_sse: 1234.4890987709241
  CPU_fma: 1728.5163990162855
  CPU_avx: 0
  CPU_avx512: 0
  m_CPU_enc_SHA: 479041211.58414811
  m_CPU_enc_AES: 224204448.19193041
  m_CPU_enc_ECDSA: 305997096.46333504
  ME_ALLOC_S: 1433.0854768618437
  ME_READ_S: 11373.244140625
  ME_READ_L: 8902.2197265625
  ME_WRITE: 15025.2431640625
  ME_LARGE: 5972.916666666667
  ME_LATENCY: 69.873360345872854
  ME_THREADED: 17535.8310546875
  SUMM_CPU: 1601.2024467150823
  SUMM_ME: 1531.2336437836507
SystemInformation:
  OSName: Ubuntu 24.04.1 LTS
  Kernel: 6.8.0-1017-azure
  Device: ""
  Processor: ARM Neoverse-N1 2 Core 0 MHz
  NumSockets: 1
  Manufacturer: ARM
  NumCores: 2
  NumLogicals: 2
  CPUFrequency: 0
  Memory: 15959
Checksum: 2E2C12949DFAD14301BCA6CAC7E9B9D2EBF03D64