BaselineInfo:
  WebDBID: -1
  TimeStamp: 20241114232904
Version:
  Major: 11
  Minor: 0
  Build: 1002
  SpecialBuildName: ""
  ptArchitecture: aarch64_linux
Results:
  Results Complete: true
  NumTestProcesses: 2
  CPU_INTEGER_MATH: 9395.3353333333325
  CPU_FLOATINGPOINT_MATH: 7057.8616405067187
  CPU_PRIME: 17.586672017472047
  CPU_SORTING: 6759.6684935480052
  CPU_ENCRYPTION: 321.29907440362001
  CPU_COMPRESSION: 10401.162675963678
  CPU_SINGLETHREAD: 1331.6858638114063
  CPU_PHYSICS: 369.01455026833548
  CPU_MATRIX_MULT_SSE: 1482.2995128223529
  CPU_mm: 248.08353274557527
  CPU_sse: 1235.9424081332877
  CPU_fma: 1728.6566175114185
  CPU_avx: 0
  CPU_avx512: 0
  m_CPU_enc_SHA: 489253095.06472182
  m_CPU_enc_AES: 225223813.38733435
  m_CPU_enc_ECDSA: 296242586.27349442
  ME_ALLOC_S: 1417.472738101128
  ME_READ_S: 11370.8119140625
  ME_READ_L: 8709.509765625
  ME_WRITE: 14971.8876953125
  ME_LARGE: 7112
  ME_LATENCY: 71.939558407456929
  ME_THREADED: 16229.736328125
  SUMM_CPU: 1596.8464743962468
  SUMM_ME: 1518.8837256688644
SystemInformation:
  OSName: Ubuntu 24.04.1 LTS
  Kernel: 6.8.0-1017-azure
  Device: ""
  Processor: ARM Neoverse-N1 2 Core 0 MHz
  NumSockets: 1
  Manufacturer: ARM
  NumCores: 2
  NumLogicals: 2
  CPUFrequency: 0
  Memory: 15959
Checksum: DBE81866F9C5042C2FAA17209145185F60701CD3