BaselineInfo:
  WebDBID: -1
  TimeStamp: 20241115153043
Version:
  Major: 11
  Minor: 0
  Build: 1002
  SpecialBuildName: ""
  ptArchitecture: aarch64_linux
Results:
  Results Complete: true
  NumTestProcesses: 2
  CPU_INTEGER_MATH: 9385.0166666666664
  CPU_FLOATINGPOINT_MATH: 7146.5871465269938
  CPU_PRIME: 14.246287064100182
  CPU_SORTING: 6687.5862648299753
  CPU_ENCRYPTION: 323.07215058079629
  CPU_COMPRESSION: 10533.168837350557
  CPU_SINGLETHREAD: 1329.3740595684137
  CPU_PHYSICS: 283.8330635010434
  CPU_MATRIX_MULT_SSE: 1479.7717893554166
  CPU_mm: 248.27185134765716
  CPU_sse: 1234.2268278088609
  CPU_fma: 1725.316750901972
  CPU_avx: 0
  CPU_avx512: 0
  m_CPU_enc_SHA: 488146078.89766574
  m_CPU_enc_AES: 225351266.68104619
  m_CPU_enc_ECDSA: 302799764.52351516
  ME_ALLOC_S: 1363.1342405090622
  ME_READ_S: 11341.5185546875
  ME_READ_L: 8786.8759765625
  ME_WRITE: 14807.4931640625
  ME_LARGE: 6975.166666666667
  ME_LATENCY: 73.369978282516726
  ME_THREADED: 17771.3544921875
  SUMM_CPU: 1590.540553718005
  SUMM_ME: 1517.4749244553693
SystemInformation:
  OSName: Ubuntu 24.04.1 LTS
  Kernel: 6.8.0-1017-azure
  Device: ""
  Processor: ARM Neoverse-N1 2 Core 0 MHz
  NumSockets: 1
  Manufacturer: ARM
  NumCores: 2
  NumLogicals: 2
  CPUFrequency: 0
  Memory: 15959
Checksum: 03CDC63D9268FBE55C7D0F7E7E05C8D0C3D97215