---
system-info:
      stress-ng-version: 0.17.08
      run-by: root
      date-yyyy-mm-dd: 2024:07:12
      time-hh-mm-ss: 02:54:54
      epoch-secs: 1720752894
      hostname: ip-172-31-36-12
      sysname: Linux
      nodename: ip-172-31-36-12
      release: 6.8.0-1010-aws
      version: '#10-Ubuntu SMP Thu Jun 13 17:36:15 UTC 2024'
      machine: x86_64
      compiler: 'musl-gcc 13.2.1'
      uptime: 123
      totalram: 132919701504
      freeram: 127827484672
      sharedram: 66449408
      bufferram: 126889984
      totalswap: 0
      freeswap: 0
      pagesize: 4096
      cpus: 16
      cpus-online: 16
      ticks-per-second: 100

metrics:
    - stressor: cpu
      bogo-ops: 345805
      bogo-ops-per-second-usr-sys-time: 1081.417140
      bogo-ops-per-second-real-time: 17290.184649
      wall-clock-time: 20.000076
      user-time: 319.726228
      system-time: 0.043995
      cpu-usage-per-instance: 99.927817
      max-rss: 1104

...
