BaselineInfo:
  WebDBID: -1
  TimeStamp: 20241108064442
Version:
  Major: 11
  Minor: 0
  Build: 1002
  SpecialBuildName: ""
  ptArchitecture: x86_64_linux
Results:
  Results Complete: true
  NumTestProcesses: 16
  CPU_INTEGER_MATH: 67607.856666666674
  CPU_FLOATINGPOINT_MATH: 48135.332567829828
  CPU_PRIME: 107.56640536491902
  CPU_SORTING: 33051.448446595925
  CPU_ENCRYPTION: 14969.998585618801
  CPU_COMPRESSION: 243608.85669399571
  CPU_SINGLETHREAD: 2641.5834038089624
  CPU_PHYSICS: 2684.4809927116121
  CPU_MATRIX_MULT_SSE: 16140.086902075662
  CPU_mm: 1851.7757910283149
  CPU_sse: 8007.3821208800728
  CPU_fma: 18699.53808658287
  CPU_avx: 14380.910943959965
  CPU_avx512: 23472.516456879726
  m_CPU_enc_SHA: 15786936783.531069
  m_CPU_enc_AES: 20459189454.906597
  m_CPU_enc_ECDSA: 10845417472.303795
  ME_ALLOC_S: 6868.5368598396653
  ME_READ_S: 24363.160546874999
  ME_READ_L: 7028.1005859375
  ME_WRITE: 10262.439453125
  ME_LARGE: 21341.166666666668
  ME_LATENCY: 97.250449438475698
  ME_THREADED: 71974.76708984375
  SUMM_CPU: 22580.689108552149
  SUMM_ME: 1757.3117080013421
SystemInformation:
  OSName: Ubuntu 24.04.1 LTS
  Kernel: 6.8.0-1016-aws
  Device: ""
  Processor: Intel Xeon Platinum 8488C
  NumSockets: 1
  Manufacturer: GenuineIntel
  NumCores: 8
  NumLogicals: 16
  CPUFrequency: 0
  Memory: 31554
  MemModuleInfo:
    iNumMemSticks: 1
    DIMM 1:
      manufacturer: Not Specified
      modulePartNo: Not Specified
      memType: DDR5
      size: 32
      clkspeed: 2400
      moduleVoltage: 0
Checksum: 99BCFB10A3F8F014899BCCAB246EEE09ABB89C24