---
system-info:
      stress-ng-version: 0.17.08
      run-by: root
      date-yyyy-mm-dd: 2024:06:13
      time-hh-mm-ss: 07:41:01
      epoch-secs: 1718264461
      hostname: 7e8ca1e5d7ee
      sysname: Linux
      nodename: 7e8ca1e5d7ee
      release: 6.8.0-1008-aws
      version: '#8-Ubuntu SMP Sat Apr 20 00:46:25 UTC 2024'
      machine: x86_64
      compiler: 'musl-gcc 13.2.1'
      uptime: 146
      totalram: 128684679168
      freeram: 124153069568
      sharedram: 48644096
      bufferram: 105652224
      totalswap: 0
      freeswap: 0
      pagesize: 4096
      cpus: 16
      cpus-online: 16
      ticks-per-second: 100

metrics:
    - stressor: cpu
      bogo-ops: 165242
      bogo-ops-per-second-usr-sys-time: 517.292640
      bogo-ops-per-second-real-time: 8262.037175
      wall-clock-time: 20.000152
      user-time: 319.417226
      system-time: 0.018983
      cpu-usage-per-instance: 99.823056
      max-rss: 976

...
