---
system-info:
      stress-ng-version: 0.17.08
      run-by: root
      date-yyyy-mm-dd: 2024:06:07
      time-hh-mm-ss: 11:28:16
      epoch-secs: 1717759696
      hostname: 5e0378071cf5
      sysname: Linux
      nodename: 5e0378071cf5
      release: 6.8.0-1008-aws
      version: '#8-Ubuntu SMP Sat Apr 20 00:46:25 UTC 2024'
      machine: x86_64
      compiler: 'musl-gcc 13.2.1'
      uptime: 135
      totalram: 128684683264
      freeram: 124252606464
      sharedram: 48644096
      bufferram: 89989120
      totalswap: 0
      freeswap: 0
      pagesize: 4096
      cpus: 16
      cpus-online: 16
      ticks-per-second: 100

metrics:
    - stressor: cpu
      bogo-ops: 130957
      bogo-ops-per-second-usr-sys-time: 820.205979
      bogo-ops-per-second-real-time: 13092.846507
      wall-clock-time: 10.002179
      user-time: 159.641571
      system-time: 0.021981
      cpu-usage-per-instance: 99.767976
      max-rss: 4048

...
