BaselineInfo:
  WebDBID: -1
  TimeStamp: 20241108155453
Version:
  Major: 11
  Minor: 0
  Build: 1002
  SpecialBuildName: ""
  ptArchitecture: x86_64_linux
Results:
  Results Complete: true
  NumTestProcesses: 16
  CPU_INTEGER_MATH: 67342.884666666665
  CPU_FLOATINGPOINT_MATH: 34429.901604123261
  CPU_PRIME: 140.79022890397059
  CPU_SORTING: 34933.408590111663
  CPU_ENCRYPTION: 14627.782053780529
  CPU_COMPRESSION: 246950.47267238342
  CPU_SINGLETHREAD: 2435.5752316920803
  CPU_PHYSICS: 2314.7207449914572
  CPU_MATRIX_MULT_SSE: 14550.42984055263
  CPU_mm: 1450.6578872826997
  CPU_sse: 6392.9599933242835
  CPU_fma: 17551.648804024077
  CPU_avx: 12959.034443771137
  CPU_avx512: 21298.07612109102
  m_CPU_enc_SHA: 14770989152.900755
  m_CPU_enc_AES: 22230281176.016441
  m_CPU_enc_ECDSA: 9013753255.5577183
  ME_ALLOC_S: 8091.0986395182072
  ME_READ_S: 24464.612695312499
  ME_READ_L: 12358.166015625
  ME_WRITE: 11131.9140625
  ME_LARGE: 118476.16666666667
  ME_LATENCY: 50.777396562477009
  ME_THREADED: 95466.47509765625
  SUMM_CPU: 21338.282102736954
  SUMM_ME: 2783.482274618485
SystemInformation:
  OSName: Ubuntu 24.04.1 LTS
  Kernel: 6.8.0-1017-azure
  Device: ""
  Processor: Intel Xeon Platinum 8370C CPU @ 2.80GHz
  NumSockets: 1
  Manufacturer: GenuineIntel
  NumCores: 8
  NumLogicals: 16
  CPUFrequency: 2800
  Memory: 128808
  MemModuleInfo:
    iNumMemSticks: 3
    DIMM 1:
      manufacturer: Microsoft Corporation
      modulePartNo: None
      memType: Unknown
      size: 1
      clkspeed: 0
      moduleVoltage: 0
    DIMM 2:
      manufacturer: Microsoft Corporation
      modulePartNo: None
      memType: Unknown
      size: 59
      clkspeed: 0
      moduleVoltage: 0
    DIMM 3:
      manufacturer: Microsoft Corporation
      modulePartNo: None
      memType: Unknown
      size: 68
      clkspeed: 0
      moduleVoltage: 0
Checksum: 3CCCFBE7B73D78EE4FA3351F31B20B3EBED00D92