BaselineInfo:
  WebDBID: -1
  TimeStamp: 20241111105644
Version:
  Major: 11
  Minor: 0
  Build: 1002
  SpecialBuildName: ""
  ptArchitecture: x86_64_linux
Results:
  Results Complete: true
  NumTestProcesses: 16
  CPU_INTEGER_MATH: 67315.833666666673
  CPU_FLOATINGPOINT_MATH: 34419.409139085059
  CPU_PRIME: 137.37589348025878
  CPU_SORTING: 34851.762643212453
  CPU_ENCRYPTION: 14607.153859403783
  CPU_COMPRESSION: 245261.45566541009
  CPU_SINGLETHREAD: 2433.0332699315331
  CPU_PHYSICS: 2294.5657547015148
  CPU_MATRIX_MULT_SSE: 14334.940185947367
  CPU_mm: 1450.2695901076952
  CPU_sse: 6381.086389027857
  CPU_fma: 17542.019264580835
  CPU_avx: 12953.611860706398
  CPU_avx512: 20463.043229474388
  m_CPU_enc_SHA: 14775045496.703709
  m_CPU_enc_AES: 22238137258.906841
  m_CPU_enc_ECDSA: 8936950140.2239971
  ME_ALLOC_S: 7992.2430341348991
  ME_READ_S: 24503.029687499999
  ME_READ_L: 12191.8095703125
  ME_WRITE: 10791.29296875
  ME_LARGE: 118447
  ME_LATENCY: 51.878784144160193
  ME_THREADED: 92255.64306640625
  SUMM_CPU: 21234.247161432577
  SUMM_ME: 2737.8651011614597
SystemInformation:
  OSName: Ubuntu 24.04.1 LTS
  Kernel: 6.8.0-1017-azure
  Device: ""
  Processor: Intel Xeon Platinum 8370C CPU @ 2.80GHz
  NumSockets: 1
  Manufacturer: GenuineIntel
  NumCores: 8
  NumLogicals: 16
  CPUFrequency: 2800
  Memory: 128808
  MemModuleInfo:
    iNumMemSticks: 3
    DIMM 1:
      manufacturer: Microsoft Corporation
      modulePartNo: None
      memType: Unknown
      size: 1
      clkspeed: 0
      moduleVoltage: 0
    DIMM 2:
      manufacturer: Microsoft Corporation
      modulePartNo: None
      memType: Unknown
      size: 59
      clkspeed: 0
      moduleVoltage: 0
    DIMM 3:
      manufacturer: Microsoft Corporation
      modulePartNo: None
      memType: Unknown
      size: 68
      clkspeed: 0
      moduleVoltage: 0
Checksum: 4BC808CA8AC164073EFE451CD9E6EB70394F82FF