BaselineInfo:
  WebDBID: -1
  TimeStamp: 20241111104056
Version:
  Major: 11
  Minor: 0
  Build: 1002
  SpecialBuildName: ""
  ptArchitecture: aarch64_linux
Results:
  Results Complete: true
  NumTestProcesses: 16
  CPU_INTEGER_MATH: 63208.128666666671
  CPU_FLOATINGPOINT_MATH: 47977.279825293313
  CPU_PRIME: 99.07927556050582
  CPU_SORTING: 45545.602217753956
  CPU_ENCRYPTION: 2186.6904278943948
  CPU_COMPRESSION: 76086.392164637029
  CPU_SINGLETHREAD: 1108.9643095959061
  CPU_PHYSICS: 1831.727858978036
  CPU_MATRIX_MULT_SSE: 9942.6987886359984
  CPU_mm: 1671.3533507588688
  CPU_sse: 8290.3776604877403
  CPU_fma: 11595.019916784258
  CPU_avx: 0
  CPU_avx512: 0
  m_CPU_enc_SHA: 3283582789.2005916
  m_CPU_enc_AES: 1514535338.6760805
  m_CPU_enc_ECDSA: 2080615178.4827058
  ME_ALLOC_S: 10185.993863834896
  ME_READ_S: 9481.31494140625
  ME_READ_L: 9135.9130859375
  ME_WRITE: 12557.833984375
  ME_LARGE: 116830.66666666667
  ME_LATENCY: 74.949886340706811
  ME_THREADED: 126545.1923828125
  SUMM_CPU: 9786.0996274931931
  SUMM_ME: 1774.9939877561806
SystemInformation:
  OSName: Ubuntu 24.04.1 LTS
  Kernel: 6.8.0-1016-aws
  Device: ""
  Processor: ARM Neoverse-N1 16 Core 0 MHz
  NumSockets: 1
  Manufacturer: ARM
  NumCores: 16
  NumLogicals: 16
  CPUFrequency: 0
  Memory: 127264
Checksum: 4E19BE3BF68234755F54FCC3EBDAE21539B7CFFE