BaselineInfo:
  WebDBID: -1
  TimeStamp: 20241107135653
Version:
  Major: 11
  Minor: 0
  Build: 1002
  SpecialBuildName: ""
  ptArchitecture: x86_64_linux
Results:
  Results Complete: true
  NumTestProcesses: 4
  CPU_INTEGER_MATH: 14979.437999999998
  CPU_FLOATINGPOINT_MATH: 12328.607979925324
  CPU_PRIME: 48.187532293998693
  CPU_SORTING: 8921.3197886827384
  CPU_ENCRYPTION: 1828.7828511759062
  CPU_COMPRESSION: 64223.835969180174
  CPU_SINGLETHREAD: 1737.6874116429499
  CPU_PHYSICS: 806.5242634651147
  CPU_MATRIX_MULT_SSE: 5569.3256764333819
  CPU_mm: 694.65164457461162
  CPU_sse: 2244.1522624571217
  CPU_fma: 6346.1968006892384
  CPU_avx: 4912.1705731382772
  CPU_avx512: 8774.7830694488912
  m_CPU_enc_SHA: 909432045.16074467
  m_CPU_enc_AES: 4038929538.6907129
  m_CPU_enc_ECDSA: 804491837.01242304
  ME_ALLOC_S: 3183.8742062684319
  ME_READ_S: 17460.586328124999
  ME_READ_L: 10380.640625
  ME_WRITE: 9745.6748046875
  ME_LARGE: 1017
  ME_LATENCY: 55.208751870956924
  ME_THREADED: 39925.11328125
  SUMM_CPU: 5721.8526235766003
  SUMM_ME: 1310.1061906657194
SystemInformation:
  OSName: Ubuntu 24.04.1 LTS
  Kernel: 6.8.0-1017-azure
  Device: ""
  Processor: Intel Xeon Platinum 8370C CPU @ 2.80GHz
  NumSockets: 1
  Manufacturer: GenuineIntel
  NumCores: 4
  NumLogicals: 4
  CPUFrequency: 0
  Memory: 7937
  MemModuleInfo:
    iNumMemSticks: 2
    DIMM 1:
      manufacturer: Microsoft Corporation
      modulePartNo: None
      memType: Unknown
      size: 1
      clkspeed: 0
      moduleVoltage: 0
    DIMM 2:
      manufacturer: Microsoft Corporation
      modulePartNo: None
      memType: Unknown
      size: 7
      clkspeed: 0
      moduleVoltage: 0
Checksum: 790D05C21310A424BEB3F135A175B97FC0FABADA