BaselineInfo:
  WebDBID: -1
  TimeStamp: 20260404203201
Version:
  Major: 11
  Minor: 0
  Build: 1004
  SpecialBuildName: ""
  ptArchitecture: x86_64_linux
Results:
  Results Complete: true
  NumTestProcesses: 24
  CPU_INTEGER_MATH: 76928.784
  CPU_FLOATINGPOINT_MATH: 41301.392861940629
  CPU_PRIME: 121.37414679948225
  CPU_SORTING: 46705.562889784873
  CPU_ENCRYPTION: 10664.231374500787
  CPU_COMPRESSION: 353588.85190558492
  CPU_SINGLETHREAD: 2156.1345156097027
  CPU_PHYSICS: 2138.4297317834576
  CPU_MATRIX_MULT_SSE: 21684.662866927018
  CPU_mm: 2345.2610031980676
  CPU_sse: 8346.579247953925
  CPU_fma: 26142.873920812119
  CPU_avx: 18475.788756069815
  CPU_avx512: 33773.409542872214
  m_CPU_enc_SHA: 3482051305.5962849
  m_CPU_enc_AES: 26915908966.849949
  m_CPU_enc_ECDSA: 3148810960.7993741
  ME_ALLOC_S: 8647.4514323371204
  ME_READ_S: 24549.900976562501
  ME_READ_L: 10191.32421875
  ME_WRITE: 9945.6015625
  ME_LARGE: 80900.666666666672
  ME_LATENCY: 51.870904576952022
  ME_THREADED: 110320.8515625
  SUMM_CPU: 23637.596521319734
  SUMM_ME: 2623.3692950404275
SystemInformation:
  OSName: Ubuntu 24.04.4 LTS
  Kernel: 6.8.0-106-generic
  Device: ""
  Processor: Intel(R) Xeon(R) Platinum 8269CY CPU T 3.10GHz
  NumSockets: 1
  Manufacturer: GenuineIntel
  NumCores: 12
  NumLogicals: 24
  CPUFrequency: 3100
  CPUMaxFrequency: 3800
  Memory: 94495
  CPUInfo:
    number: 1
    Family: 6
    Model: 5
    stepping: 7
    features: 529267711
    manufacture: GenuineIntel
    typestring: Intel(R) Xeon(R) Platinum 8269CY CPU T 3.10GHz
    iCoresPerPackage: 12
    iThreadsPerPackage: 2
    featuresEx:
      - 529267711
      - 4277809667
      - 739248128
    bHybrid: false
    nPCore: 0
    nLogicalsPerPCore: 0
    nECore: 0
    nLogicalsPerECore: 0
  MemModuleInfo:
    iNumMemSticks: 6
    DIMM 1:
      manufacturer: Alibaba Cloud
      modulePartNo: Not Specified
      memType: RAM
      size: 16
      clkspeed: 0
      moduleVoltage: 0
    DIMM 2:
      manufacturer: Alibaba Cloud
      modulePartNo: Not Specified
      memType: RAM
      size: 16
      clkspeed: 0
      moduleVoltage: 0
    DIMM 3:
      manufacturer: Alibaba Cloud
      modulePartNo: Not Specified
      memType: RAM
      size: 16
      clkspeed: 0
      moduleVoltage: 0
    DIMM 4:
      manufacturer: Alibaba Cloud
      modulePartNo: Not Specified
      memType: RAM
      size: 16
      clkspeed: 0
      moduleVoltage: 0
    DIMM 5:
      manufacturer: Alibaba Cloud
      modulePartNo: Not Specified
      memType: RAM
      size: 16
      clkspeed: 0
      moduleVoltage: 0
    DIMM 6:
      manufacturer: Alibaba Cloud
      modulePartNo: Not Specified
      memType: RAM
      size: 16
      clkspeed: 0
      moduleVoltage: 0
Checksum: DA595FCEEB0C9B007ED91196713B28DE0BA8B40F