BaselineInfo:
  WebDBID: -1
  TimeStamp: 20241109093805
Version:
  Major: 11
  Minor: 0
  Build: 1002
  SpecialBuildName: ""
  ptArchitecture: x86_64_linux
Results:
  Results Complete: true
  NumTestProcesses: 32
  CPU_INTEGER_MATH: 93677.258000000016
  CPU_FLOATINGPOINT_MATH: 50244.755821597522
  CPU_PRIME: 132.89826270062488
  CPU_SORTING: 48008.88727330511
  CPU_ENCRYPTION: 12851.656499835401
  CPU_COMPRESSION: 408563.51996983
  CPU_SINGLETHREAD: 1877.208297831156
  CPU_PHYSICS: 2340.7152018661122
  CPU_MATRIX_MULT_SSE: 25903.773864600611
  CPU_mm: 2780.1990643237323
  CPU_sse: 10245.05310532162
  CPU_fma: 30416.554250121404
  CPU_avx: 21471.106032796764
  CPU_avx512: 41482.382070162676
  m_CPU_enc_SHA: 4231337288.241756
  m_CPU_enc_AES: 32414877931.91634
  m_CPU_enc_ECDSA: 3781600477.7561164
  ME_ALLOC_S: 10774.789122838185
  ME_READ_S: 22718.675195312499
  ME_READ_L: 10217.416015625
  ME_WRITE: 9952.6484375
  ME_LARGE: 244200
  ME_LATENCY: 52.966566663218885
  ME_THREADED: 110490.65576171875
  SUMM_CPU: 26253.408377270433
  SUMM_ME: 2589.2120905608872
SystemInformation:
  OSName: Ubuntu 24.04.1 LTS
  Kernel: 6.8.0-1016-aws
  Device: ""
  Processor: Intel Xeon Platinum 8259CL CPU @ 2.50GHz
  NumSockets: 1
  Manufacturer: GenuineIntel
  NumCores: 16
  NumLogicals: 32
  CPUFrequency: 0
  Memory: 255010
  MemModuleInfo:
    iNumMemSticks: 1
    DIMM 1:
      manufacturer: Not Specified
      modulePartNo: Not Specified
      memType: DDR4
      size: 256
      clkspeed: 1600
      moduleVoltage: 0
Checksum: 2622AF3F7B101C8E4BC58234FAC9A22EE40BAC17