BaselineInfo:
  WebDBID: -1
  TimeStamp: 20241107075554
Version:
  Major: 11
  Minor: 0
  Build: 1002
  SpecialBuildName: ""
  ptArchitecture: x86_64_linux
Results:
  Results Complete: true
  NumTestProcesses: 2
  CPU_INTEGER_MATH: 5612.2186666666666
  CPU_FLOATINGPOINT_MATH: 3015.3697003407715
  CPU_PRIME: 12.224134275050154
  CPU_SORTING: 2995.7887688896872
  CPU_ENCRYPTION: 770.85582097503152
  CPU_COMPRESSION: 24606.387920990328
  CPU_SINGLETHREAD: 1747.5048454330256
  CPU_PHYSICS: 266.50377614771651
  CPU_MATRIX_MULT_SSE: 1408.8508413229133
  CPU_mm: 170.47865626642266
  CPU_sse: 614.98381810827368
  CPU_fma: 1814.2605094581018
  CPU_avx: 1281.174580501749
  CPU_avx512: 1924.9844572235288
  m_CPU_enc_SHA: 254032880.3825714
  m_CPU_enc_AES: 1947520031.9953437
  m_CPU_enc_ECDSA: 223349827.62622899
  ME_ALLOC_S: 678.77898544204595
  ME_READ_S: 21657.132617187501
  ME_READ_L: 9964.857421875
  ME_WRITE: 9528.861328125
  ME_LARGE: 621
  ME_LATENCY: 55.391413440691544
  ME_THREADED: 12225.7587890625
  SUMM_CPU: 1993.2683866001219
  SUMM_ME: 925.43688976927081
SystemInformation:
  OSName: Ubuntu 24.04.1 LTS
  Kernel: 6.8.0-1016-aws
  Device: ""
  Processor: Intel Xeon Platinum 8259CL CPU @ 2.50GHz
  NumSockets: 1
  Manufacturer: GenuineIntel
  NumCores: 1
  NumLogicals: 2
  CPUFrequency: 0
  Memory: 7820
  MemModuleInfo:
    iNumMemSticks: 1
    DIMM 1:
      manufacturer: Not Specified
      modulePartNo: Not Specified
      memType: DDR4
      size: 8
      clkspeed: 1600
      moduleVoltage: 0
Checksum: 19870ECCCFBAF3D1F70EE491999DAD1F2E7D1535