BaselineInfo:
  WebDBID: -1
  TimeStamp: 20260616225645
Version:
  Major: 11
  Minor: 0
  Build: 1004
  SpecialBuildName: ""
  ptArchitecture: x86_64_linux
Results:
  Results Complete: true
  NumTestProcesses: 2
  CPU_INTEGER_MATH: 6402.3776666666672
  CPU_FLOATINGPOINT_MATH: 4849.894163469975
  CPU_PRIME: 22.774592278562608
  CPU_SORTING: 4495.9852906386004
  CPU_ENCRYPTION: 825.69664834542118
  CPU_COMPRESSION: 33585.137759683173
  CPU_SINGLETHREAD: 1693.3088428818087
  CPU_PHYSICS: 370.15297796648292
  CPU_MATRIX_MULT_SSE: 2534.3756192276614
  CPU_mm: 292.15367662143831
  CPU_sse: 1097.553810875721
  CPU_fma: 3651.7128882666402
  CPU_avx: 2467.2832841150021
  CPU_avx512: 2920.9524936532825
  m_CPU_enc_SHA: 453838297.61692476
  m_CPU_enc_AES: 1746255173.3724709
  m_CPU_enc_ECDSA: 397323595.21694958
  ME_ALLOC_S: 570.40833976221597
  ME_READ_S: 19406.555859374999
  ME_READ_L: 6261.10107421875
  ME_WRITE: 6784.421875
  ME_LARGE: 2148.4166666666665
  ME_LATENCY: 82.273992111017307
  ME_THREADED: 12311.15234375
  SUMM_CPU: 2676.4148588202775
  SUMM_ME: 1127.4287797061663
SystemInformation:
  OSName: Ubuntu 24.04.4 LTS
  Kernel: 6.8.0-117-generic
  Device: ""
  Processor: Intel(R) Xeon(R) Platinum 8163 CPU @ 2.50GHz
  NumSockets: 1
  Manufacturer: GenuineIntel
  NumCores: 1
  NumLogicals: 2
  CPUFrequency: 2500
  CPUMaxFrequency: 3100
  Memory: 3530
  CPUInfo:
    number: 1
    Family: 6
    Model: 5
    stepping: 4
    features: 529267711
    manufacture: GenuineIntel
    typestring: Intel(R) Xeon(R) Platinum 8163 CPU @ 2.50GHz
    iCoresPerPackage: 1
    iThreadsPerPackage: 2
    featuresEx:
      - 529267711
      - 4294586883
      - 739248128
    bHybrid: false
    nPCore: 0
    nLogicalsPerPCore: 0
    nECore: 0
    nLogicalsPerECore: 0
  MemModuleInfo:
    iNumMemSticks: 1
    DIMM 1:
      manufacturer: Alibaba Cloud
      modulePartNo: Not Specified
      memType: RAM
      size: 4
      clkspeed: 0
      moduleVoltage: 0
Checksum: A3B0B035037D8BF734AF542CD80D00A297AB35E7