---
system-info:
      stress-ng-version: 0.17.08
      run-by: root
      date-yyyy-mm-dd: 2024:09:06
      time-hh-mm-ss: 04:00:22
      epoch-secs: 1725595222
      hostname: sc-runner
      sysname: Linux
      nodename: sc-runner
      release: 6.8.0-1013-azure
      version: '#15-Ubuntu SMP Thu Aug  8 18:40:40 UTC 2024'
      machine: x86_64
      compiler: 'musl-gcc 13.2.1'
      uptime: 341
      totalram: 67420602368
      freeram: 58633457664
      sharedram: 42164224
      bufferram: 240017408
      totalswap: 0
      freeswap: 0
      pagesize: 4096
      cpus: 16
      cpus-online: 16
      ticks-per-second: 100

metrics:
    - stressor: cpu
      bogo-ops: 298099
      bogo-ops-per-second-usr-sys-time: 932.812702
      bogo-ops-per-second-real-time: 14904.904303
      wall-clock-time: 20.000061
      user-time: 319.540065
      system-time: 0.029983
      cpu-usage-per-instance: 99.865334
      max-rss: 3256

...
