---
system-info:
      stress-ng-version: 0.17.08
      run-by: root
      date-yyyy-mm-dd: 2024:09:16
      time-hh-mm-ss: 19:49:50
      epoch-secs: 1726516190
      hostname: sc-runner
      sysname: Linux
      nodename: sc-runner
      release: 6.8.0-1014-azure
      version: '#16-Ubuntu SMP Thu Aug 15 20:04:41 UTC 2024'
      machine: x86_64
      compiler: 'musl-gcc 13.2.1'
      uptime: 299
      totalram: 67420598272
      freeram: 57126850560
      sharedram: 42168320
      bufferram: 250847232
      totalswap: 0
      freeswap: 0
      pagesize: 4096
      cpus: 16
      cpus-online: 16
      ticks-per-second: 100

metrics:
    - stressor: cpu
      bogo-ops: 297872
      bogo-ops-per-second-usr-sys-time: 932.076604
      bogo-ops-per-second-real-time: 14893.524166
      wall-clock-time: 20.000102
      user-time: 319.556891
      system-time: 0.021992
      cpu-usage-per-instance: 99.867892
      max-rss: 3152

...
