---
system-info:
      stress-ng-version: 0.17.08
      run-by: root
      date-yyyy-mm-dd: 2024:09:23
      time-hh-mm-ss: 20:03:01
      epoch-secs: 1727121781
      hostname: sc-runner
      sysname: Linux
      nodename: sc-runner
      release: 6.8.0-1014-azure
      version: '#16-Ubuntu SMP Thu Aug 15 20:04:41 UTC 2024'
      machine: x86_64
      compiler: 'musl-gcc 13.2.1'
      uptime: 350
      totalram: 202597707776
      freeram: 191429992448
      sharedram: 38518784
      bufferram: 311664640
      totalswap: 0
      freeswap: 0
      pagesize: 4096
      cpus: 48
      cpus-online: 48
      ticks-per-second: 100

metrics:
    - stressor: cpu
      bogo-ops: 1293591
      bogo-ops-per-second-usr-sys-time: 1348.142491
      bogo-ops-per-second-real-time: 64679.364630
      wall-clock-time: 20.000057
      user-time: 959.468871
      system-time: 0.066941
      cpu-usage-per-instance: 99.951361
      max-rss: 3256

...
