---
system-info:
      stress-ng-version: 0.17.08
      run-by: root
      date-yyyy-mm-dd: 2024:06:20
      time-hh-mm-ss: 09:41:35
      epoch-secs: 1718876495
      hostname: 641082b0094f
      sysname: Linux
      nodename: 641082b0094f
      release: 6.8.0-1008-gcp
      version: '#9-Ubuntu SMP Wed May 22 18:09:04 UTC 2024'
      machine: x86_64
      compiler: 'musl-gcc 13.2.1'
      uptime: 197
      totalram: 135061819392
      freeram: 126898995200
      sharedram: 42078208
      bufferram: 122482688
      totalswap: 0
      freeswap: 0
      pagesize: 4096
      cpus: 32
      cpus-online: 32
      ticks-per-second: 100

metrics:
    - stressor: cpu
      bogo-ops: 505797
      bogo-ops-per-second-usr-sys-time: 791.178568
      bogo-ops-per-second-real-time: 25289.697396
      wall-clock-time: 20.000121
      user-time: 639.270646
      system-time: 0.024983
      cpu-usage-per-instance: 99.889339
      max-rss: 1032

...
