---
system-info:
      stress-ng-version: 0.17.08
      run-by: root
      date-yyyy-mm-dd: 2024:06:05
      time-hh-mm-ss: 19:37:59
      epoch-secs: 1717616279
      hostname: 337bb7f9772d
      sysname: Linux
      nodename: 337bb7f9772d
      release: 6.8.0-1008-aws
      version: '#8-Ubuntu SMP Sat Apr 20 00:46:25 UTC 2024'
      machine: x86_64
      compiler: 'musl-gcc 13.2.1'
      uptime: 133
      totalram: 4023316480
      freeram: 245891072
      sharedram: 7426048
      bufferram: 73551872
      totalswap: 0
      freeswap: 0
      pagesize: 4096
      cpus: 2
      cpus-online: 2
      ticks-per-second: 100

metrics:
    - stressor: cpu
      bogo-ops: 21487
      bogo-ops-per-second-usr-sys-time: 1085.107813
      bogo-ops-per-second-real-time: 2148.092877
      wall-clock-time: 10.002826
      user-time: 19.795735
      system-time: 0.005984
      cpu-usage-per-instance: 98.980620
      max-rss: 3920

...
