---
system-info:
      stress-ng-version: 0.17.08
      run-by: root
      date-yyyy-mm-dd: 2024:06:12
      time-hh-mm-ss: 16:45:19
      epoch-secs: 1718210719
      hostname: e165ce7afe1b
      sysname: Linux
      nodename: e165ce7afe1b
      release: 6.8.0-1008-aws
      version: '#8-Ubuntu SMP Sat Apr 20 00:46:25 UTC 2024'
      machine: x86_64
      compiler: 'musl-gcc 13.2.1'
      uptime: 198
      totalram: 4023320576
      freeram: 215011328
      sharedram: 7426048
      bufferram: 105725952
      totalswap: 0
      freeswap: 0
      pagesize: 4096
      cpus: 2
      cpus-online: 2
      ticks-per-second: 100

metrics:
    - stressor: cpu
      bogo-ops: 31300
      bogo-ops-per-second-usr-sys-time: 788.430416
      bogo-ops-per-second-real-time: 1564.997827
      wall-clock-time: 20.000028
      user-time: 39.689148
      system-time: 0.009980
      cpu-usage-per-instance: 99.247682
      max-rss: 976

...
