---
system-info:
      stress-ng-version: 0.17.08
      run-by: root
      date-yyyy-mm-dd: 2024:06:13
      time-hh-mm-ss: 07:09:54
      epoch-secs: 1718262594
      hostname: 7a31cef58889
      sysname: Linux
      nodename: 7a31cef58889
      release: 6.8.0-1008-aws
      version: '#8-Ubuntu SMP Sat Apr 20 00:46:25 UTC 2024'
      machine: x86_64
      compiler: 'musl-gcc 13.2.1'
      uptime: 149
      totalram: 4023320576
      freeram: 224149504
      sharedram: 7426048
      bufferram: 99205120
      totalswap: 0
      freeswap: 0
      pagesize: 4096
      cpus: 2
      cpus-online: 2
      ticks-per-second: 100

metrics:
    - stressor: cpu
      bogo-ops: 15175
      bogo-ops-per-second-usr-sys-time: 383.660168
      bogo-ops-per-second-real-time: 758.743424
      wall-clock-time: 20.000173
      user-time: 39.546255
      system-time: 0.006978
      cpu-usage-per-instance: 98.882226
      max-rss: 1104

...
