size_kb,operation,bandwidth_mb_s,latency_ns,latency_stddev_ns,latency_samples,threads,iterations,elapsed_s
16,read,165782.52,0,0,0,2,781249,0.147265
16,write,88198.64,0,0,0,2,694444,0.246051
16,copy,86142.10,0,0,0,2,446428,0.161952
16,latency,0,2.30,0.08,7,1,7,0.168468
64,read,144516.21,0,0,0,2,117924,0.101999
64,write,88608.17,0,0,0,2,102458,0.144538
64,copy,81709.15,0,0,0,2,55803,0.085368
64,latency,0,2.31,0.00,7,1,7,0.661909
128,read,100876.02,0,0,0,2,100765,0.249725
128,write,87456.88,0,0,0,2,33602,0.096053
128,copy,71329.36,0,0,0,2,45955,0.161066
128,latency,0,3.70,0.14,7,1,7,0.406606
256,read,99951.68,0,0,0,2,39556,0.197876
256,write,87638.58,0,0,0,2,44642,0.254694
256,copy,71604.42,0,0,0,2,30048,0.209819
256,latency,0,4.67,0.03,7,1,7,0.716702
512,read,92451.86,0,0,0,2,20557,0.222354
512,write,86844.97,0,0,0,2,20356,0.234395
512,copy,60076.40,0,0,0,2,7110,0.118349
512,latency,0,8.85,0.25,7,1,7,0.727392
2048,read,68581.71,0,0,0,2,2325,0.135605
2048,write,83233.88,0,0,0,2,2140,0.102843
2048,copy,20643.76,0,0,0,2,2077,0.402446
2048,latency,0,26.96,1.12,7,1,7,0.396718
4096,read,57015.12,0,0,0,2,1367,0.191809
4096,write,67782.40,0,0,0,2,2852,0.336607
4096,copy,19265.24,0,0,0,2,853,0.354213
4096,latency,0,80.55,1.20,7,1,7,0.813696
8192,read,51944.02,0,0,0,2,412,0.126906
8192,write,86432.76,0,0,0,2,1423,0.263419
8192,copy,18623.91,0,0,0,2,325,0.279211
8192,latency,0,101.56,1.58,7,1,7,0.562308
16384,read,22730.37,0,0,0,2,175,0.246366
16384,write,84881.43,0,0,0,2,705,0.265783
16384,copy,18568.60,0,0,0,2,172,0.296414
16384,latency,0,101.60,0.71,7,1,7,1.157017
32768,read,22413.28,0,0,0,2,87,0.248424
32768,write,84056.95,0,0,0,2,306,0.232985
32768,copy,18232.54,0,0,0,2,75,0.263266
32768,latency,0,106.89,2.10,7,1,7,2.449651
