---
system-info:
      stress-ng-version: 0.17.08
      run-by: root
      date-yyyy-mm-dd: 2024:09:13
      time-hh-mm-ss: 02:56:36
      epoch-secs: 1726196196
      hostname: ip-172-31-8-198
      sysname: Linux
      nodename: ip-172-31-8-198
      release: 6.8.0-1014-aws
      version: '#15-Ubuntu SMP Thu Aug  8 19:13:06 UTC 2024'
      machine: x86_64
      compiler: 'musl-gcc 13.2.1'
      uptime: 459
      totalram: 12960140083200
      freeram: 12938092408832
      sharedram: 326238208
      bufferram: 225611776
      totalswap: 0
      freeswap: 0
      pagesize: 4096
      cpus: 448
      cpus-online: 448
      ticks-per-second: 100

metrics:
    - stressor: cpu
      bogo-ops: 28767
      bogo-ops-per-second-usr-sys-time: 1438.508596
      bogo-ops-per-second-real-time: 1438.349914
      wall-clock-time: 20.000001
      user-time: 19.996796
      system-time: 0.000999
      cpu-usage-per-instance: 99.988969
      max-rss: 0

...
