BaselineInfo:
  WebDBID: -1
  TimeStamp: 20241108105046
Version:
  Major: 11
  Minor: 0
  Build: 1002
  SpecialBuildName: ""
  ptArchitecture: x86_64_linux
Results:
  Results Complete: true
  NumTestProcesses: 16
  CPU_INTEGER_MATH: 45358.231666666667
  CPU_FLOATINGPOINT_MATH: 24326.257030149729
  CPU_PRIME: 82.236817935737619
  CPU_SORTING: 23506.650338693562
  CPU_ENCRYPTION: 6218.1194921383394
  CPU_COMPRESSION: 198580.75619932229
  CPU_SINGLETHREAD: 1818.8605995544631
  CPU_PHYSICS: 1565.3170917097846
  CPU_MATRIX_MULT_SSE: 12263.691242903658
  CPU_mm: 1378.8950530872344
  CPU_sse: 4978.0528709415812
  CPU_fma: 14645.718211179139
  CPU_avx: 10348.481018658056
  CPU_avx512: 19082.512870835857
  m_CPU_enc_SHA: 2049784932.6757364
  m_CPU_enc_AES: 15680306993.907579
  m_CPU_enc_ECDSA: 1830420667.1820388
  ME_ALLOC_S: 5431.9492882715876
  ME_READ_S: 22173.930468750001
  ME_READ_L: 11315.818359375
  ME_WRITE: 10710.734375
  ME_LARGE: 53220.166666666664
  ME_LATENCY: 53.962991947866556
  ME_THREADED: 88086.82373046875
  SUMM_CPU: 14392.669228834091
  SUMM_ME: 2549.7981598974065
SystemInformation:
  OSName: Ubuntu 24.04.1 LTS
  Kernel: 6.8.0-1016-aws
  Device: ""
  Processor: Intel Xeon Platinum 8259CL CPU @ 2.50GHz
  NumSockets: 1
  Manufacturer: GenuineIntel
  NumCores: 8
  NumLogicals: 16
  CPUFrequency: 0
  Memory: 63592
  MemModuleInfo:
    iNumMemSticks: 1
    DIMM 1:
      manufacturer: Not Specified
      modulePartNo: Not Specified
      memType: DDR4
      size: 64
      clkspeed: 1600
      moduleVoltage: 0
Checksum: A46FF189507FBD36F96C31A21C41F8DFE4BC1ADB