BaselineInfo:
  WebDBID: -1
  TimeStamp: 20241108060337
Version:
  Major: 11
  Minor: 0
  Build: 1002
  SpecialBuildName: ""
  ptArchitecture: aarch64_linux
Results:
  Results Complete: true
  NumTestProcesses: 32
  CPU_INTEGER_MATH: 126444.53899999998
  CPU_FLOATINGPOINT_MATH: 95911.055699195858
  CPU_PRIME: 172.72131531615889
  CPU_SORTING: 90464.797181474773
  CPU_ENCRYPTION: 4345.897628459762
  CPU_COMPRESSION: 152487.13383558986
  CPU_SINGLETHREAD: 1109.8501921569361
  CPU_PHYSICS: 3044.670394613051
  CPU_MATRIX_MULT_SSE: 19944.912139616914
  CPU_mm: 3340.9515761856533
  CPU_sse: 16693.883821099716
  CPU_fma: 23195.940458134108
  CPU_avx: 0
  CPU_avx512: 0
  m_CPU_enc_SHA: 6442829209.1751881
  m_CPU_enc_AES: 3015943256.2162428
  m_CPU_enc_ECDSA: 4212239389.5880394
  ME_ALLOC_S: 20293.240422859431
  ME_READ_S: 9485.7950195312496
  ME_READ_L: 9187.96875
  ME_WRITE: 12582.6171875
  ME_LARGE: 51696.833333333336
  ME_LATENCY: 71.20926934154663
  ME_THREADED: 161353.89453125
  SUMM_CPU: 17321.441587833651
  SUMM_ME: 1816.8027914556026
SystemInformation:
  OSName: Ubuntu 24.04.1 LTS
  Kernel: 6.8.0-1016-aws
  Device: ""
  Processor: ARM Neoverse-N1 32 Core 0 MHz
  NumSockets: 1
  Manufacturer: ARM
  NumCores: 32
  NumLogicals: 32
  CPUFrequency: 0
  Memory: 63129
Checksum: 6B6D7C758612F613105548AE0BE1A61F316C2F1B