BaselineInfo:
  WebDBID: -1
  TimeStamp: 20241109132237
Version:
  Major: 11
  Minor: 0
  Build: 1002
  SpecialBuildName: ""
  ptArchitecture: x86_64_linux
Results:
  Results Complete: true
  NumTestProcesses: 48
  CPU_INTEGER_MATH: 221260.0216666667
  CPU_FLOATINGPOINT_MATH: 154972.62399625228
  CPU_PRIME: 297.97745762865242
  CPU_SORTING: 103141.45642187387
  CPU_ENCRYPTION: 47719.847982261745
  CPU_COMPRESSION: 762174.17587044672
  CPU_SINGLETHREAD: 3017.3865954845201
  CPU_PHYSICS: 6749.4979559086914
  CPU_MATRIX_MULT_SSE: 53277.145494347664
  CPU_mm: 5924.8964502654571
  CPU_sse: 26587.177068143144
  CPU_fma: 60225.961656167798
  CPU_avx: 49055.250160953277
  CPU_avx512: 77240.193092126399
  m_CPU_enc_SHA: 51351604197.961548
  m_CPU_enc_AES: 65109296049.436981
  m_CPU_enc_ECDSA: 33652761706.145756
  ME_ALLOC_S: 22288.252106188414
  ME_READ_S: 27529.395312500001
  ME_READ_L: 9095.8505859375
  ME_WRITE: 12521.3212890625
  ME_LARGE: 369216.16666666669
  ME_LATENCY: 82.636974623895597
  ME_THREADED: 195239.71923828125
  SUMM_CPU: 58891.693507959746
  SUMM_ME: 2214.6087689824385
SystemInformation:
  OSName: Ubuntu 24.04.1 LTS
  Kernel: 6.8.0-1016-aws
  Device: ""
  Processor: Intel Xeon Platinum 8488C
  NumSockets: 1
  Manufacturer: GenuineIntel
  NumCores: 24
  NumLogicals: 48
  CPUFrequency: 0
  Memory: 380668
  MemModuleInfo:
    iNumMemSticks: 1
    DIMM 1:
      manufacturer: Not Specified
      modulePartNo: Not Specified
      memType: DDR5
      size: 384
      clkspeed: 2400
      moduleVoltage: 0
Checksum: A79877C6AC63387993EB24EFFBD3F56AFA6C5F97