---
system-info:
      stress-ng-version: 0.17.08
      run-by: root
      date-yyyy-mm-dd: 2024:06:16
      time-hh-mm-ss: 03:42:04
      epoch-secs: 1718509324
      hostname: 4b91629a4c2d
      sysname: Linux
      nodename: 4b91629a4c2d
      release: 6.8.0-1008-aws
      version: '#8-Ubuntu SMP Sat Apr 20 00:46:25 UTC 2024'
      machine: x86_64
      compiler: 'musl-gcc 13.2.1'
      uptime: 145
      totalram: 399160184832
      freeram: 394344185856
      sharedram: 113938432
      bufferram: 108761088
      totalswap: 0
      freeswap: 0
      pagesize: 4096
      cpus: 48
      cpus-online: 48
      ticks-per-second: 100

metrics:
    - stressor: cpu
      bogo-ops: 930831
      bogo-ops-per-second-usr-sys-time: 969.967947
      bogo-ops-per-second-real-time: 46541.348382
      wall-clock-time: 20.000087
      user-time: 959.611311
      system-time: 0.039988
      cpu-usage-per-instance: 99.963244
      max-rss: 1152

...
