---
system-info:
      stress-ng-version: 0.17.08
      run-by: root
      date-yyyy-mm-dd: 2024:06:09
      time-hh-mm-ss: 23:20:32
      epoch-secs: 1717975232
      hostname: 21a302b6fdac
      sysname: Linux
      nodename: 21a302b6fdac
      release: 6.8.0-1008-aws
      version: '#8-Ubuntu SMP Sat Apr 20 00:46:25 UTC 2024'
      machine: x86_64
      compiler: 'musl-gcc 13.2.1'
      uptime: 139
      totalram: 399160197120
      freeram: 394187816960
      sharedram: 113938432
      bufferram: 112926720
      totalswap: 0
      freeswap: 0
      pagesize: 4096
      cpus: 48
      cpus-online: 48
      ticks-per-second: 100

metrics:
    - stressor: cpu
      bogo-ops: 741355
      bogo-ops-per-second-usr-sys-time: 1545.351729
      bogo-ops-per-second-real-time: 74125.617816
      wall-clock-time: 10.001333
      user-time: 479.685232
      system-time: 0.046978
      cpu-usage-per-instance: 99.930888
      max-rss: 3840

...
