BaselineInfo:
  WebDBID: -1
  TimeStamp: 20251210071102
Version:
  Major: 11
  Minor: 0
  Build: 1002
  SpecialBuildName: ""
  ptArchitecture: x86_64_linux
Results:
  Results Complete: true
  NumTestProcesses: 4
  CPU_INTEGER_MATH: 17528.148666666664
  CPU_FLOATINGPOINT_MATH: 14068.895761918906
  CPU_PRIME: 49.49281098822744
  CPU_SORTING: 10327.74405559369
  CPU_ENCRYPTION: 2252.2652824961979
  CPU_COMPRESSION: 85906.886384507176
  CPU_SINGLETHREAD: 2155.2323626454827
  CPU_PHYSICS: 822.97151064203013
  CPU_MATRIX_MULT_SSE: 5646.0875190355537
  CPU_mm: 732.1212394913349
  CPU_sse: 2920.3986012129062
  CPU_fma: 8666.0422740698323
  CPU_avx: 5351.8216818239225
  CPU_avx512: 0
  m_CPU_enc_SHA: 1235569688.1816232
  m_CPU_enc_AES: 4771836976.6693554
  m_CPU_enc_ECDSA: 1077607297.7252214
  ME_ALLOC_S: 2629.7762425057836
  ME_READ_S: 26140.917382812499
  ME_READ_L: 10215.2744140625
  ME_WRITE: 9504.8466796875
  ME_LARGE: 4966.333333333333
  ME_LATENCY: 63.833598742566444
  ME_THREADED: 35459.2509765625
  SUMM_CPU: 6763.99771034075
  SUMM_ME: 1953.9653367637793
SystemInformation:
  OSName: Ubuntu 24.04.2 LTS
  Kernel: 6.8.0-86-generic
  Device: ""
  Processor: Intel Core Processor (Haswell, no TSX)
  NumSockets: 4
  Manufacturer: GenuineIntel
  NumCores: 4
  NumLogicals: 4
  CPUFrequency: 0
  Memory: 14629
  MemModuleInfo:
    iNumMemSticks: 1
    DIMM 1:
      manufacturer: QEMU
      modulePartNo: Not Specified
      memType: RAM
      size: 15000
      clkspeed: 0
      moduleVoltage: 0
Checksum: E00CE8CC8676EC869E5E8FA71B470EC91DDB0F8B