size_kb,operation,bandwidth_mb_s,latency_ns,latency_stddev_ns,latency_samples,threads,iterations,elapsed_s
32,read,97103.41,0,0,0,1,543478,0.174903
32,write,102309.73,0,0,0,1,735294,0.224592
32,copy,94889.47,0,0,0,1,694444,0.228702
32,latency,0,1.79,0.03,7,1,7,0.258439
128,read,64318.80,0,0,0,1,129533,0.251740
128,write,102300.36,0,0,0,1,178571,0.218195
128,copy,36782.90,0,0,0,1,74626,0.253603
128,latency,0,2.57,0.01,7,1,7,0.710954
1024,read,66999.42,0,0,0,1,16914,0.252450
1024,write,99190.00,0,0,0,1,24777,0.249793
1024,copy,40368.29,0,0,0,1,10526,0.260749
1024,latency,0,4.50,0.03,7,1,7,0.721780
2048,read,67598.80,0,0,0,1,8474,0.250715
2048,write,88681.09,0,0,0,1,11130,0.251012
2048,copy,35564.95,0,0,0,1,4366,0.245523
2048,latency,0,7.76,0.21,7,1,7,0.618816
4096,read,52782.65,0,0,0,1,2617,0.198323
4096,write,83503.22,0,0,0,1,5267,0.252302
4096,copy,36794.03,0,0,0,1,1528,0.166114
4096,latency,0,20.03,0.36,7,1,7,0.682153
32768,read,49299.38,0,0,0,1,200,0.129819
32768,write,64268.37,0,0,0,1,514,0.255927
32768,copy,30937.75,0,0,0,1,166,0.171700
32768,latency,0,51.11,8.34,21,1,21,2.924823
65536,read,38884.04,0,0,0,1,90,0.148133
65536,write,63014.99,0,0,0,1,248,0.251877
65536,copy,28926.87,0,0,0,1,75,0.165936
65536,latency,0,80.79,9.59,21,1,21,8.406556
131072,read,31242.10,0,0,0,1,45,0.184367
131072,write,63520.63,0,0,0,1,125,0.251887
131072,copy,23698.06,0,0,0,1,38,0.205249
131072,latency,0,106.00,5.20,10,1,10,11.886543
262144,read,23891.98,0,0,0,1,22,0.235728
262144,write,63248.85,0,0,0,1,47,0.190233
262144,copy,19812.86,0,0,0,1,17,0.219655
262144,latency,0,113.16,1.03,7,1,7,19.629629
524288,read,21977.09,0,0,0,1,10,0.232970
524288,write,62888.88,0,0,0,1,30,0.244240
524288,copy,18813.79,0,0,0,1,9,0.244927
524288,latency,0,119.87,0.88,7,1,7,41.930315
