BaselineInfo:
  WebDBID: -1
  TimeStamp: 20241111095353
Version:
  Major: 11
  Minor: 0
  Build: 1002
  SpecialBuildName: ""
  ptArchitecture: x86_64_linux
Results:
  Results Complete: true
  NumTestProcesses: 4
  CPU_INTEGER_MATH: 16727.339666666667
  CPU_FLOATINGPOINT_MATH: 8551.9419351640772
  CPU_PRIME: 37.302894662942343
  CPU_SORTING: 8858.6798215441704
  CPU_ENCRYPTION: 3643.1121593837183
  CPU_COMPRESSION: 62702.327694505191
  CPU_SINGLETHREAD: 2355.1719306432187
  CPU_PHYSICS: 740.97947198380211
  CPU_MATRIX_MULT_SSE: 3673.0970765312932
  CPU_mm: 360.87642401354907
  CPU_sse: 1587.4263363772232
  CPU_fma: 4363.6940694799114
  CPU_avx: 3220.9433358836832
  CPU_avx512: 5520.3245643843547
  m_CPU_enc_SHA: 3667997081.1114597
  m_CPU_enc_AES: 5524784016.237606
  m_CPU_enc_ECDSA: 2267458829.5647602
  ME_ALLOC_S: 2011.0292849860009
  ME_READ_S: 24117.018164062501
  ME_READ_L: 10702.26953125
  ME_WRITE: 9906.6748046875
  ME_LARGE: 657
  ME_LATENCY: 61.454523763651082
  ME_THREADED: 30204.46728515625
  SUMM_CPU: 5938.1185232430807
  SUMM_ME: 1060.81192756679
SystemInformation:
  OSName: Ubuntu 24.04.1 LTS
  Kernel: 6.8.0-1016-aws
  Device: ""
  Processor: Intel Xeon Platinum 8375C CPU @ 2.90GHz
  NumSockets: 1
  Manufacturer: GenuineIntel
  NumCores: 2
  NumLogicals: 4
  CPUFrequency: 0
  Memory: 7780
  MemModuleInfo:
    iNumMemSticks: 1
    DIMM 1:
      manufacturer: Not Specified
      modulePartNo: Not Specified
      memType: DDR4
      size: 8
      clkspeed: 1600
      moduleVoltage: 0
Checksum: 1844BA9DBE4F31A94EDC3BD33E8B33EB1178598A