---
system-info:
      stress-ng-version: 0.17.08
      run-by: root
      date-yyyy-mm-dd: 2024:06:15
      time-hh-mm-ss: 08:43:23
      epoch-secs: 1718441003
      hostname: ac97c42a5435
      sysname: Linux
      nodename: ac97c42a5435
      release: 6.8.0-1008-aws
      version: '#8-Ubuntu SMP Sat Apr 20 00:46:25 UTC 2024'
      machine: x86_64
      compiler: 'musl-gcc 13.2.1'
      uptime: 148
      totalram: 66684055552
      freeram: 62266789888
      sharedram: 40751104
      bufferram: 106942464
      totalswap: 0
      freeswap: 0
      pagesize: 4096
      cpus: 8
      cpus-online: 8
      ticks-per-second: 100

metrics:
    - stressor: cpu
      bogo-ops: 27342
      bogo-ops-per-second-usr-sys-time: 1367.100410
      bogo-ops-per-second-real-time: 1367.094378
      wall-clock-time: 20.000082
      user-time: 19.998994
      system-time: 0.001000
      cpu-usage-per-instance: 99.999559
      max-rss: 1104

...
