---
system-info:
      stress-ng-version: 0.17.08
      run-by: root
      date-yyyy-mm-dd: 2024:06:08
      time-hh-mm-ss: 03:21:54
      epoch-secs: 1717816914
      hostname: ae81ea646e0d
      sysname: Linux
      nodename: ae81ea646e0d
      release: 6.8.0-1008-aws
      version: '#8-Ubuntu SMP Sat Apr 20 00:46:25 UTC 2024'
      machine: x86_64
      compiler: 'musl-gcc 13.2.1'
      uptime: 153
      totalram: 66684051456
      freeram: 62319562752
      sharedram: 40751104
      bufferram: 96063488
      totalswap: 0
      freeswap: 0
      pagesize: 4096
      cpus: 8
      cpus-online: 8
      ticks-per-second: 100

metrics:
    - stressor: cpu
      bogo-ops: 14347
      bogo-ops-per-second-usr-sys-time: 1434.617653
      bogo-ops-per-second-real-time: 1434.604914
      wall-clock-time: 10.000663
      user-time: 9.999574
      system-time: 0.001000
      cpu-usage-per-instance: 99.999112
      max-rss: 3920

...
