---
system-info:
      stress-ng-version: 0.17.08
      run-by: root
      date-yyyy-mm-dd: 2024:09:19
      time-hh-mm-ss: 07:41:51
      epoch-secs: 1726731711
      hostname: sc-runner
      sysname: Linux
      nodename: sc-runner
      release: 6.8.0-1014-azure
      version: '#16-Ubuntu SMP Thu Aug 15 20:04:41 UTC 2024'
      machine: x86_64
      compiler: 'musl-gcc 13.2.1'
      uptime: 313
      totalram: 168786038784
      freeram: 158256230400
      sharedram: 54956032
      bufferram: 249536512
      totalswap: 0
      freeswap: 0
      pagesize: 4096
      cpus: 20
      cpus-online: 20
      ticks-per-second: 100

metrics:
    - stressor: cpu
      bogo-ops: 37996
      bogo-ops-per-second-usr-sys-time: 1899.838757
      bogo-ops-per-second-real-time: 1899.789763
      wall-clock-time: 20.000108
      user-time: 19.998593
      system-time: 0.000999
      cpu-usage-per-instance: 99.997421
      max-rss: 3028

...
