BaselineInfo:
  WebDBID: -1
  TimeStamp: 20260522152521
Version:
  Major: 11
  Minor: 0
  Build: 1004
  SpecialBuildName: ""
  ptArchitecture: x86_64_linux
Results:
  Results Complete: true
  NumTestProcesses: 8
  CPU_INTEGER_MATH: 51197.224333333332
  CPU_FLOATINGPOINT_MATH: 50586.257824791435
  CPU_PRIME: 102.73336390443758
  CPU_SORTING: 21694.201283158847
  CPU_ENCRYPTION: 10282.590780676355
  CPU_COMPRESSION: 158470.00779965866
  CPU_SINGLETHREAD: 2805.8456129260135
  CPU_PHYSICS: 1492.900786603951
  CPU_MATRIX_MULT_SSE: 15077.365507286308
  CPU_mm: 1380.3802299382712
  CPU_sse: 6039.6656025076045
  CPU_fma: 17628.469716031239
  CPU_avx: 13105.018232595936
  CPU_avx512: 23536.308478010455
  m_CPU_enc_SHA: 15330019378.725159
  m_CPU_enc_AES: 8932333185.8475971
  m_CPU_enc_ECDSA: 8083881166.7427139
  ME_ALLOC_S: 4356.9949654127322
  ME_READ_S: 24679.561328125001
  ME_READ_L: 21373.853515625
  ME_WRITE: 24561.537109375
  ME_LARGE: 3623.5
  ME_LATENCY: 127.14618207504596
  ME_THREADED: 84713.2041015625
  SUMM_CPU: 17608.731814480911
  SUMM_ME: 1601.9224488829213
SystemInformation:
  OSName: Ubuntu 24.04.4 LTS
  Kernel: 6.8.0-111-generic
  Device: ""
  Processor: "AMD EPYC 9575F 64-Core Processor               "
  NumSockets: 1
  Manufacturer: AuthenticAMD
  NumCores: 8
  NumLogicals: 8
  CPUFrequency: 0
  CPUMaxFrequency: 0
  Memory: 15897
  CPUInfo:
    number: 1
    Family: 15
    Model: 2
    stepping: 1
    features: 395049983
    manufacture: AuthenticAMD
    typestring: "AMD EPYC 9575F 64-Core Processor               "
    iCoresPerPackage: 255
    iThreadsPerPackage: 1
    featuresEx:
      - 395049983
      - 4294586883
      - 802421759
    bHybrid: false
    nPCore: 0
    nLogicalsPerPCore: 0
    nECore: 0
    nLogicalsPerECore: 0
  MemModuleInfo:
    iNumMemSticks: 1
    DIMM 1:
      manufacturer: QEMU
      modulePartNo: Not Specified
      memType: RAM
      size: 16
      clkspeed: 0
      moduleVoltage: 0
Checksum: 931731A5AB8EC0BE6556A7A44DFEE115DA7832A6