---
system-info:
      stress-ng-version: 0.17.08
      run-by: root
      date-yyyy-mm-dd: 2024:09:16
      time-hh-mm-ss: 17:08:05
      epoch-secs: 1726506485
      hostname: sc-runner
      sysname: Linux
      nodename: sc-runner
      release: 6.8.0-1014-azure
      version: '#16-Ubuntu SMP Thu Aug 15 21:06:50 UTC 2024'
      machine: aarch64
      compiler: 'musl-gcc 13.2.1'
      uptime: 323
      totalram: 134804041728
      freeram: 124464394240
      sharedram: 38248448
      bufferram: 248963072
      totalswap: 0
      freeswap: 0
      pagesize: 4096
      cpus: 16
      cpus-online: 16
      ticks-per-second: 100

metrics:
    - stressor: cpu
      bogo-ops: 578024
      bogo-ops-per-second-usr-sys-time: 1808.416417
      bogo-ops-per-second-real-time: 28901.106934
      wall-clock-time: 20.000064
      user-time: 319.613934
      system-time: 0.015989
      cpu-usage-per-instance: 99.884029
      max-rss: 1192

...
