---
system-info:
      stress-ng-version: 0.17.08
      run-by: root
      date-yyyy-mm-dd: 2024:06:15
      time-hh-mm-ss: 20:55:13
      epoch-secs: 1718484913
      hostname: cb455b8785f5
      sysname: Linux
      nodename: cb455b8785f5
      release: 6.8.0-1008-aws
      version: '#8-Ubuntu SMP Sat Apr 20 00:46:25 UTC 2024'
      machine: x86_64
      compiler: 'musl-gcc 13.2.1'
      uptime: 132
      totalram: 66333835264
      freeram: 61878976512
      sharedram: 59887616
      bufferram: 110424064
      totalswap: 0
      freeswap: 0
      pagesize: 4096
      cpus: 8
      cpus-online: 8
      ticks-per-second: 100

metrics:
    - stressor: cpu
      bogo-ops: 37817
      bogo-ops-per-second-usr-sys-time: 1890.840073
      bogo-ops-per-second-real-time: 1890.841412
      wall-clock-time: 20.000091
      user-time: 20.000105
      system-time: 0.000000
      cpu-usage-per-instance: 100.000071
      max-rss: 1104

...
