---
system-info:
      stress-ng-version: 0.17.08
      run-by: root
      date-yyyy-mm-dd: 2024:06:09
      time-hh-mm-ss: 18:25:07
      epoch-secs: 1717957507
      hostname: d1538d1f4043
      sysname: Linux
      nodename: d1538d1f4043
      release: 6.8.0-1008-aws
      version: '#8-Ubuntu SMP Sat Apr 20 00:46:25 UTC 2024'
      machine: x86_64
      compiler: 'musl-gcc 13.2.1'
      uptime: 111
      totalram: 66333835264
      freeram: 61747793920
      sharedram: 59887616
      bufferram: 110804992
      totalswap: 0
      freeswap: 0
      pagesize: 4096
      cpus: 8
      cpus-online: 8
      ticks-per-second: 100

metrics:
    - stressor: cpu
      bogo-ops: 16717
      bogo-ops-per-second-usr-sys-time: 1671.611906
      bogo-ops-per-second-real-time: 1671.623718
      wall-clock-time: 10.000456
      user-time: 10.000527
      system-time: 0.000000
      cpu-usage-per-instance: 100.000707
      max-rss: 3920

...
