---
system-info:
      stress-ng-version: 0.17.08
      run-by: root
      date-yyyy-mm-dd: 2024:07:03
      time-hh-mm-ss: 17:37:55
      epoch-secs: 1720028275
      hostname: c3d-standard-180-lssd-356aab4
      sysname: Linux
      nodename: c3d-standard-180-lssd-356aab4
      release: 6.8.0-1009-gcp
      version: '#10-Ubuntu SMP Wed Jun 12 18:52:23 UTC 2024'
      machine: x86_64
      compiler: 'musl-gcc 13.2.1'
      uptime: 129
      totalram: 760425148416
      freeram: 754217418752
      sharedram: 36671488
      bufferram: 132395008
      totalswap: 0
      freeswap: 0
      pagesize: 4096
      cpus: 180
      cpus-online: 180
      ticks-per-second: 100

metrics:
    - stressor: cpu
      bogo-ops: 5542181
      bogo-ops-per-second-usr-sys-time: 1540.467767
      bogo-ops-per-second-real-time: 277108.316996
      wall-clock-time: 20.000053
      user-time: 3597.655087
      system-time: 0.070954
      cpu-usage-per-instance: 99.936570
      max-rss: 0

...
