BaselineInfo:
  WebDBID: -1
  TimeStamp: 20241114172600
Version:
  Major: 11
  Minor: 0
  Build: 1002
  SpecialBuildName: ""
  ptArchitecture: x86_64_linux
Results:
  Results Complete: true
  NumTestProcesses: 1
  CPU_INTEGER_MATH: 5109.5150000000003
  CPU_FLOATINGPOINT_MATH: 4129.508294337048
  CPU_PRIME: 15.840804774357807
  CPU_SORTING: 3082.0974744017308
  CPU_ENCRYPTION: 1105.8846052444117
  CPU_COMPRESSION: 21350.989312233967
  CPU_SINGLETHREAD: 2123.8990871017049
  CPU_PHYSICS: 284.40636538550729
  CPU_MATRIX_MULT_SSE: 1772.2703077516107
  CPU_mm: 196.06266221873238
  CPU_sse: 881.69031242769222
  CPU_fma: 2903.9829028006598
  CPU_avx: 1531.1377080264797
  CPU_avx512: 0
  m_CPU_enc_SHA: 1559558946.5346224
  m_CPU_enc_AES: 985439467.29639292
  m_CPU_enc_ECDSA: 933813753.65527725
  ME_ALLOC_S: 862.40736557172602
  ME_READ_S: 23721.5517578125
  ME_READ_L: 15604.10546875
  ME_WRITE: 15811.73828125
  ME_LARGE: 563
  ME_LATENCY: 70.399445285021102
  ME_THREADED: 15788.80859375
  SUMM_CPU: 2231.69128133
  SUMM_ME: 925.27408676048685
SystemInformation:
  OSName: Ubuntu 24.04.1 LTS
  Kernel: 6.8.0-1015-gcp
  Device: ""
  Processor: AMD EPYC 7B13
  NumSockets: 1
  Manufacturer: AuthenticAMD
  NumCores: 1
  NumLogicals: 1
  CPUFrequency: 0
  Memory: 3913
  MemModuleInfo:
    iNumMemSticks: 1
    DIMM 1:
      manufacturer: ""
      modulePartNo: ""
      memType: RAM
      size: 4
      clkspeed: 0
      moduleVoltage: 0
Checksum: F60718A49C485805C0F39E6D7515EA0E91554558