BaselineInfo:
  WebDBID: -1
  TimeStamp: 20241106223842
Version:
  Major: 11
  Minor: 0
  Build: 1002
  SpecialBuildName: ""
  ptArchitecture: x86_64_linux
Results:
  Results Complete: true
  NumTestProcesses: 1
  CPU_INTEGER_MATH: 5112.0236666666669
  CPU_FLOATINGPOINT_MATH: 4136.1738072724747
  CPU_PRIME: 15.663900440652917
  CPU_SORTING: 3025.7753609121401
  CPU_ENCRYPTION: 1108.9857057737752
  CPU_COMPRESSION: 21842.444466189867
  CPU_SINGLETHREAD: 2117.5262269441382
  CPU_PHYSICS: 280.05200506750128
  CPU_MATRIX_MULT_SSE: 1779.207304390806
  CPU_mm: 194.70898494174
  CPU_sse: 892.65796183748239
  CPU_fma: 2911.9026293080506
  CPU_avx: 1533.0613220268851
  CPU_avx512: 0
  m_CPU_enc_SHA: 1554952364.7076156
  m_CPU_enc_AES: 985099944.85263324
  m_CPU_enc_ECDSA: 948515076.69207716
  ME_ALLOC_S: 876.37754956942365
  ME_READ_S: 23801.03515625
  ME_READ_L: 16019.1689453125
  ME_WRITE: 16411.728515625
  ME_LARGE: 522
  ME_LATENCY: 67.737593117810363
  ME_THREADED: 16375.84765625
  SUMM_CPU: 2237.354749932329
  SUMM_ME: 899.73760159075289
SystemInformation:
  OSName: Ubuntu 24.04.1 LTS
  Kernel: 6.8.0-1015-gcp
  Device: ""
  Processor: AMD EPYC 7B13
  NumSockets: 1
  Manufacturer: AuthenticAMD
  NumCores: 1
  NumLogicals: 1
  CPUFrequency: 0
  Memory: 3913
  MemModuleInfo:
    iNumMemSticks: 1
    DIMM 1:
      manufacturer: ""
      modulePartNo: ""
      memType: RAM
      size: 4
      clkspeed: 0
      moduleVoltage: 0
Checksum: D1C15D615CDA2F9BC5CBF55B055D2005FB899657