BaselineInfo:
  WebDBID: -1
  TimeStamp: 20241115095951
Version:
  Major: 11
  Minor: 0
  Build: 1002
  SpecialBuildName: ""
  ptArchitecture: x86_64_linux
Results:
  Results Complete: true
  NumTestProcesses: 1
  CPU_INTEGER_MATH: 5109.9883333333328
  CPU_FLOATINGPOINT_MATH: 4137.1415716159809
  CPU_PRIME: 15.535092616184468
  CPU_SORTING: 3052.8823980502657
  CPU_ENCRYPTION: 1102.3170427179664
  CPU_COMPRESSION: 21353.975725353925
  CPU_SINGLETHREAD: 2115.3458071237837
  CPU_PHYSICS: 279.91817639289064
  CPU_MATRIX_MULT_SSE: 1775.0266309981823
  CPU_mm: 195.99668432409129
  CPU_sse: 895.74072370906526
  CPU_fma: 2901.0233710753769
  CPU_avx: 1528.3157982101052
  CPU_avx512: 0
  m_CPU_enc_SHA: 1556110110.6291714
  m_CPU_enc_AES: 982676985.62930119
  m_CPU_enc_ECDSA: 928802489.89663041
  ME_ALLOC_S: 845.76939901100548
  ME_READ_S: 23687.377734375001
  ME_READ_L: 15120.95703125
  ME_WRITE: 15356.2529296875
  ME_LARGE: 659
  ME_LATENCY: 71.881916715747437
  ME_THREADED: 14856.265625
  SUMM_CPU: 2226.3754646521675
  SUMM_ME: 989.79148389528063
SystemInformation:
  OSName: Ubuntu 24.04.1 LTS
  Kernel: 6.8.0-1015-gcp
  Device: ""
  Processor: AMD EPYC 7B13
  NumSockets: 1
  Manufacturer: AuthenticAMD
  NumCores: 1
  NumLogicals: 1
  CPUFrequency: 0
  Memory: 3913
  MemModuleInfo:
    iNumMemSticks: 1
    DIMM 1:
      manufacturer: ""
      modulePartNo: ""
      memType: RAM
      size: 4
      clkspeed: 0
      moduleVoltage: 0
Checksum: A03685FB34D0C18609124B8661B45E4E91BFB5CE