BaselineInfo:
  WebDBID: -1
  TimeStamp: 20260403172407
Version:
  Major: 11
  Minor: 0
  Build: 1004
  SpecialBuildName: ""
  ptArchitecture: x86_64_linux
Results:
  Results Complete: true
  NumTestProcesses: 4
  CPU_INTEGER_MATH: 12006.194666666666
  CPU_FLOATINGPOINT_MATH: 8531.2796557533293
  CPU_PRIME: 23.759990167214802
  CPU_SORTING: 7792.3288453230907
  CPU_ENCRYPTION: 1520.1468649538726
  CPU_COMPRESSION: 61420.921302643546
  CPU_SINGLETHREAD: 1615.3089914272352
  CPU_PHYSICS: 505.38516115464125
  CPU_MATRIX_MULT_SSE: 4529.3880598044816
  CPU_mm: 506.60873486921923
  CPU_sse: 1849.4174367629764
  CPU_fma: 6152.3905361495208
  CPU_avx: 4313.4473626744593
  CPU_avx512: 5802.2969036309714
  m_CPU_enc_SHA: 736882598.22571194
  m_CPU_enc_AES: 3341640212.7216902
  m_CPU_enc_ECDSA: 703445746.25021338
  ME_ALLOC_S: 959.69532393579243
  ME_READ_S: 14464.71142578125
  ME_READ_L: 5974.88037109375
  ME_WRITE: 6588.900390625
  ME_LARGE: 1541.25
  ME_LATENCY: 88.766017559657442
  ME_THREADED: 22360.62646484375
  SUMM_CPU: 4634.2259980903546
  SUMM_ME: 1082.0901706392233
SystemInformation:
  OSName: Ubuntu 24.04.4 LTS
  Kernel: 6.8.0-106-generic
  Device: ""
  Processor: Intel(R) Xeon(R) Platinum 8163 CPU @ 2.50GHz
  NumSockets: 1
  Manufacturer: GenuineIntel
  NumCores: 2
  NumLogicals: 4
  CPUFrequency: 2500
  CPUMaxFrequency: 3100
  Memory: 3529
  CPUInfo:
    number: 1
    Family: 6
    Model: 5
    stepping: 4
    features: 529267711
    manufacture: GenuineIntel
    typestring: Intel(R) Xeon(R) Platinum 8163 CPU @ 2.50GHz
    iCoresPerPackage: 2
    iThreadsPerPackage: 2
    featuresEx:
      - 529267711
      - 4294586883
      - 739248128
    bHybrid: false
    nPCore: 0
    nLogicalsPerPCore: 0
    nECore: 0
    nLogicalsPerECore: 0
  MemModuleInfo:
    iNumMemSticks: 1
    DIMM 1:
      manufacturer: Alibaba Cloud
      modulePartNo: Not Specified
      memType: RAM
      size: 4
      clkspeed: 0
      moduleVoltage: 0
Checksum: 1FE6A938BE737FFA302BAF3776E0095BEEE3F805