BaselineInfo:
  WebDBID: -1
  TimeStamp: 20250211073553
Version:
  Major: 11
  Minor: 0
  Build: 1002
  SpecialBuildName: ""
  ptArchitecture: x86_64_linux
Results:
  Results Complete: true
  NumTestProcesses: 2
  CPU_INTEGER_MATH: 9521.0526666666665
  CPU_FLOATINGPOINT_MATH: 6760.9231932540861
  CPU_PRIME: 20.002363326554818
  CPU_SORTING: 4849.6498140277345
  CPU_ENCRYPTION: 2109.7363415407935
  CPU_COMPRESSION: 35541.2711851532
  CPU_SINGLETHREAD: 2888.7269038085001
  CPU_PHYSICS: 469.89816435790249
  CPU_MATRIX_MULT_SSE: 2698.5078592607133
  CPU_mm: 269.59342605915015
  CPU_sse: 1166.2105872947568
  CPU_fma: 3279.1775991419718
  CPU_avx: 2456.2235509065549
  CPU_avx512: 3892.4196996995715
  m_CPU_enc_SHA: 2221130865.2941971
  m_CPU_enc_AES: 2884760717.2306757
  m_CPU_enc_ECDSA: 1530765099.6775653
  ME_ALLOC_S: 1616.0837880775434
  ME_READ_S: 26441.658007812501
  ME_READ_L: 10295.5390625
  ME_WRITE: 9508.7412109375
  ME_LARGE: 5036
  ME_LATENCY: 57.002069171423841
  ME_THREADED: 15624.9638671875
  SUMM_CPU: 3742.2257794807924
  SUMM_ME: 1840.0802747863174
SystemInformation:
  OSName: Ubuntu 24.04.1 LTS
  Kernel: 6.8.0-1021-azure
  Device: ""
  Processor: INTEL XEON PLATINUM 8573C
  NumSockets: 1
  Manufacturer: GenuineIntel
  NumCores: 1
  NumLogicals: 2
  CPUFrequency: 2300
  Memory: 15989
  MemModuleInfo:
    iNumMemSticks: 2
    DIMM 1:
      manufacturer: Microsoft Corporation
      modulePartNo: None
      memType: Unknown
      size: 1
      clkspeed: 0
      moduleVoltage: 0
    DIMM 2:
      manufacturer: Microsoft Corporation
      modulePartNo: None
      memType: Unknown
      size: 15
      clkspeed: 0
      moduleVoltage: 0
Checksum: 4CAF741B6C363D5E461453B589322EBF6205BAAC