---
system-info:
      stress-ng-version: 0.17.08
      run-by: root
      date-yyyy-mm-dd: 2024:09:11
      time-hh-mm-ss: 20:54:04
      epoch-secs: 1726088044
      hostname: ip-172-31-18-28
      sysname: Linux
      nodename: ip-172-31-18-28
      release: 6.8.0-1014-aws
      version: '#15-Ubuntu SMP Thu Aug  8 20:05:03 UTC 2024'
      machine: aarch64
      compiler: 'musl-gcc 13.2.1'
      uptime: 209
      totalram: 1079636283392
      freeram: 1069990989824
      sharedram: 36593664
      bufferram: 221491200
      totalswap: 0
      freeswap: 0
      pagesize: 4096
      cpus: 64
      cpus-online: 64
      ticks-per-second: 100

metrics:
    - stressor: cpu
      bogo-ops: 1944248
      bogo-ops-per-second-usr-sys-time: 1519.569867
      bogo-ops-per-second-real-time: 97212.100598
      wall-clock-time: 20.000062
      user-time: 1279.447607
      system-time: 0.024987
      cpu-usage-per-instance: 99.958489
      max-rss: 1024

...
