---
system-info:
      stress-ng-version: 0.17.08
      run-by: root
      date-yyyy-mm-dd: 2024:06:07
      time-hh-mm-ss: 22:55:46
      epoch-secs: 1717800946
      hostname: ca0da4ff5da0
      sysname: Linux
      nodename: ca0da4ff5da0
      release: 6.8.0-1008-aws
      version: '#8-Ubuntu SMP Sat Apr 20 02:43:14 UTC 2024'
      machine: aarch64
      compiler: 'musl-gcc 13.2.1'
      uptime: 147
      totalram: 16368402432
      freeram: 12145700864
      sharedram: 35024896
      bufferram: 93351936
      totalswap: 0
      freeswap: 0
      pagesize: 4096
      cpus: 4
      cpus-online: 4
      ticks-per-second: 100

metrics:
    - stressor: cpu
      bogo-ops: 11718
      bogo-ops-per-second-usr-sys-time: 292.897930
      bogo-ops-per-second-real-time: 1165.045600
      wall-clock-time: 10.057975
      user-time: 40.005114
      system-time: 0.001997
      cpu-usage-per-instance: 99.441263
      max-rss: 4136

...
