---
system-info:
      stress-ng-version: 0.17.08
      run-by: root
      date-yyyy-mm-dd: 2024:06:13
      time-hh-mm-ss: 13:55:34
      epoch-secs: 1718286934
      hostname: e9e6855750e0
      sysname: Linux
      nodename: e9e6855750e0
      release: 6.8.0-1008-aws
      version: '#8-Ubuntu SMP Sat Apr 20 02:43:14 UTC 2024'
      machine: aarch64
      compiler: 'musl-gcc 13.2.1'
      uptime: 164
      totalram: 16368410624
      freeram: 12125949952
      sharedram: 35024896
      bufferram: 104759296
      totalswap: 0
      freeswap: 0
      pagesize: 4096
      cpus: 4
      cpus-online: 4
      ticks-per-second: 100

metrics:
    - stressor: cpu
      bogo-ops: 121078
      bogo-ops-per-second-usr-sys-time: 1519.870558
      bogo-ops-per-second-real-time: 6053.874110
      wall-clock-time: 20.000086
      user-time: 79.659365
      system-time: 0.003998
      cpu-usage-per-instance: 99.578778
      max-rss: 1192

...
