---
system-info:
      stress-ng-version: 0.17.08
      run-by: root
      date-yyyy-mm-dd: 2024:09:16
      time-hh-mm-ss: 21:14:44
      epoch-secs: 1726521284
      hostname: sc-runner
      sysname: Linux
      nodename: sc-runner
      release: 6.8.0-1014-azure
      version: '#16-Ubuntu SMP Thu Aug 15 20:04:41 UTC 2024'
      machine: x86_64
      compiler: 'musl-gcc 13.2.1'
      uptime: 325
      totalram: 135066296320
      freeram: 124749815808
      sharedram: 42070016
      bufferram: 234123264
      totalswap: 0
      freeswap: 0
      pagesize: 4096
      cpus: 16
      cpus-online: 16
      ticks-per-second: 100

metrics:
    - stressor: cpu
      bogo-ops: 28248
      bogo-ops-per-second-usr-sys-time: 1412.406991
      bogo-ops-per-second-real-time: 1412.391733
      wall-clock-time: 20.000117
      user-time: 19.998902
      system-time: 0.000999
      cpu-usage-per-instance: 99.998920
      max-rss: 3152

...
