---
system-info:
      stress-ng-version: 0.17.08
      run-by: root
      date-yyyy-mm-dd: 2024:07:12
      time-hh-mm-ss: 05:43:49
      epoch-secs: 1720763029
      hostname: ip-172-31-45-149
      sysname: Linux
      nodename: ip-172-31-45-149
      release: 6.8.0-1010-aws
      version: '#10-Ubuntu SMP Thu Jun 13 17:36:15 UTC 2024'
      machine: x86_64
      compiler: 'musl-gcc 13.2.1'
      uptime: 244
      totalram: 257533599744
      freeram: 249378557952
      sharedram: 48652288
      bufferram: 130785280
      totalswap: 0
      freeswap: 0
      pagesize: 4096
      cpus: 32
      cpus-online: 32
      ticks-per-second: 100

metrics:
    - stressor: cpu
      bogo-ops: 17666
      bogo-ops-per-second-usr-sys-time: 883.322701
      bogo-ops-per-second-real-time: 883.290839
      wall-clock-time: 20.000207
      user-time: 19.999486
      system-time: 0.000000
      cpu-usage-per-instance: 99.996393
      max-rss: 1032

...
