---
system-info:
      stress-ng-version: 0.17.08
      run-by: root
      date-yyyy-mm-dd: 2024:06:12
      time-hh-mm-ss: 22:56:26
      epoch-secs: 1718232986
      hostname: c0cc3b71797d
      sysname: Linux
      nodename: c0cc3b71797d
      release: 6.8.0-1008-aws
      version: '#8-Ubuntu SMP Sat Apr 20 02:43:14 UTC 2024'
      machine: aarch64
      compiler: 'musl-gcc 13.2.1'
      uptime: 166
      totalram: 1920217088
      freeram: 133820416
      sharedram: 35008512
      bufferram: 101609472
      totalswap: 0
      freeswap: 0
      pagesize: 4096
      cpus: 1
      cpus-online: 1
      ticks-per-second: 100

metrics:
    - stressor: cpu
      bogo-ops: 29897
      bogo-ops-per-second-usr-sys-time: 1518.809987
      bogo-ops-per-second-real-time: 1494.843549
      wall-clock-time: 20.000086
      user-time: 19.679534
      system-time: 0.004956
      cpu-usage-per-instance: 98.422025
      max-rss: 1192

...
