---
system-info:
      stress-ng-version: 0.17.08
      run-by: root
      date-yyyy-mm-dd: 2024:06:06
      time-hh-mm-ss: 08:29:19
      epoch-secs: 1717662559
      hostname: 7f9167bad650
      sysname: Linux
      nodename: 7f9167bad650
      release: 6.8.0-1008-aws
      version: '#8-Ubuntu SMP Sat Apr 20 02:43:14 UTC 2024'
      machine: aarch64
      compiler: 'musl-gcc 13.2.1'
      uptime: 147
      totalram: 1920217088
      freeram: 118648832
      sharedram: 35008512
      bufferram: 67166208
      totalswap: 0
      freeswap: 0
      pagesize: 4096
      cpus: 1
      cpus-online: 1
      ticks-per-second: 100

metrics:
    - stressor: cpu
      bogo-ops: 2892
      bogo-ops-per-second-usr-sys-time: 293.934431
      bogo-ops-per-second-real-time: 289.172774
      wall-clock-time: 10.000942
      user-time: 9.836949
      system-time: 0.001980
      cpu-usage-per-instance: 98.380027
      max-rss: 4136

...
