BaselineInfo:
  WebDBID: -1
  TimeStamp: 20241108034007
Version:
  Major: 11
  Minor: 0
  Build: 1002
  SpecialBuildName: ""
  ptArchitecture: x86_64_linux
Results:
  Results Complete: true
  NumTestProcesses: 16
  CPU_INTEGER_MATH: 73616.113333333327
  CPU_FLOATINGPOINT_MATH: 40376.09107940692
  CPU_PRIME: 101.19112057823999
  CPU_SORTING: 37291.625750824758
  CPU_ENCRYPTION: 18945.004853434755
  CPU_COMPRESSION: 285475.48546583537
  CPU_SINGLETHREAD: 2644.3031773335015
  CPU_PHYSICS: 1995.3493015818358
  CPU_MATRIX_MULT_SSE: 16512.197248627905
  CPU_mm: 1990.2570281301005
  CPU_sse: 8454.6638560918072
  CPU_fma: 23020.256712343067
  CPU_avx: 18061.671177448836
  CPU_avx512: 0
  m_CPU_enc_SHA: 27491430621.185257
  m_CPU_enc_AES: 17588283154.591625
  m_CPU_enc_ECDSA: 14516118451.808702
  ME_ALLOC_S: 7267.4816480510353
  ME_READ_S: 26362.703906250001
  ME_READ_L: 17661.177734375
  ME_WRITE: 17158.80078125
  ME_LARGE: 115770.25
  ME_LATENCY: 63.276220604796869
  ME_THREADED: 38409.860595703125
  SUMM_CPU: 23587.868328568176
  SUMM_ME: 2681.0832968388609
SystemInformation:
  OSName: Ubuntu 24.04.1 LTS
  Kernel: 6.8.0-1016-aws
  Device: ""
  Processor: AMD EPYC 7R13 Processor
  NumSockets: 1
  Manufacturer: AuthenticAMD
  NumCores: 8
  NumLogicals: 16
  CPUFrequency: 0
  Memory: 126088
  MemModuleInfo:
    iNumMemSticks: 1
    DIMM 1:
      manufacturer: Not Specified
      modulePartNo: Not Specified
      memType: DDR4
      size: 128
      clkspeed: 1600
      moduleVoltage: 0
Checksum: BEDC0515626450DAE213D70D8B199621D07CD1D4