BaselineInfo:
  WebDBID: -1
  TimeStamp: 20241111012548
Version:
  Major: 11
  Minor: 0
  Build: 1002
  SpecialBuildName: ""
  ptArchitecture: x86_64_linux
Results:
  Results Complete: true
  NumTestProcesses: 96
  CPU_INTEGER_MATH: 441521.02599999995
  CPU_FLOATINGPOINT_MATH: 242295.90457689139
  CPU_PRIME: 526.42726863364851
  CPU_SORTING: 186497.88986161081
  CPU_ENCRYPTION: 110627.40271589966
  CPU_COMPRESSION: 1506621.2781585655
  CPU_SINGLETHREAD: 2637.5807709969022
  CPU_PHYSICS: 7664.1378080901486
  CPU_MATRIX_MULT_SSE: 77435.67727487607
  CPU_mm: 9637.6593114591487
  CPU_sse: 39850.753946972189
  CPU_fma: 105210.93784295721
  CPU_avx: 87245.340034698718
  CPU_avx512: 0
  m_CPU_enc_SHA: 161976384905.08102
  m_CPU_enc_AES: 104557752545.58292
  m_CPU_enc_ECDSA: 81469580840.017685
  ME_ALLOC_S: 25958.549622767758
  ME_READ_S: 26408.348046874999
  ME_READ_L: 17141.4921875
  ME_WRITE: 17652.146484375
  ME_LARGE: 748277
  ME_LATENCY: 66.123570266161039
  ME_THREADED: 174693.1923828125
  SUMM_CPU: 81877.035971664023
  SUMM_ME: 2850.2451386144558
SystemInformation:
  OSName: Ubuntu 24.04.1 LTS
  Kernel: 6.8.0-1016-aws
  Device: ""
  Processor: AMD EPYC 7R13 Processor
  NumSockets: 1
  Manufacturer: AuthenticAMD
  NumCores: 48
  NumLogicals: 96
  CPUFrequency: 0
  Memory: 763497
  MemModuleInfo:
    iNumMemSticks: 1
    DIMM 1:
      manufacturer: Not Specified
      modulePartNo: Not Specified
      memType: DDR4
      size: 768
      clkspeed: 1600
      moduleVoltage: 0
Checksum: F658BDD8E330882866FFE6019FB004240DC98265