BaselineInfo:
  WebDBID: -1
  TimeStamp: 20241109045726
Version:
  Major: 11
  Minor: 0
  Build: 1002
  SpecialBuildName: ""
  ptArchitecture: x86_64_linux
Results:
  Results Complete: true
  NumTestProcesses: 48
  CPU_INTEGER_MATH: 148486.63099999999
  CPU_FLOATINGPOINT_MATH: 79733.852643031147
  CPU_PRIME: 170.31435962656474
  CPU_SORTING: 68151.241177532007
  CPU_ENCRYPTION: 18415.089179076051
  CPU_COMPRESSION: 601957.90789600823
  CPU_SINGLETHREAD: 2101.1492200792945
  CPU_PHYSICS: 2492.1553272242327
  CPU_MATRIX_MULT_SSE: 38834.681137391475
  CPU_mm: 4002.8534399702098
  CPU_sse: 14476.712423530975
  CPU_fma: 46152.487561197806
  CPU_avx: 33274.501107547148
  CPU_avx512: 61435.023457290052
  m_CPU_enc_SHA: 6287778023.1201859
  m_CPU_enc_AES: 46040432249.096436
  m_CPU_enc_ECDSA: 5600651380.8999586
  ME_ALLOC_S: 16026.200224289756
  ME_READ_S: 24943.858007812501
  ME_READ_L: 11651.3056640625
  ME_WRITE: 9854.0986328125
  ME_LARGE: 85339.25
  ME_LATENCY: 48.432196832318489
  ME_THREADED: 100545.333984375
  SUMM_CPU: 36085.663215369677
  SUMM_ME: 2794.4373520736099
SystemInformation:
  OSName: Ubuntu 24.04.1 LTS
  Kernel: 6.8.0-1017-azure
  Device: ""
  Processor: Intel Xeon Platinum 8272CL CPU @ 2.60GHz
  NumSockets: 1
  Manufacturer: GenuineIntel
  NumCores: 24
  NumLogicals: 48
  CPUFrequency: 0
  Memory: 96540
  MemModuleInfo:
    iNumMemSticks: 3
    DIMM 1:
      manufacturer: Microsoft Corporation
      modulePartNo: None
      memType: Unknown
      size: 1
      clkspeed: 0
      moduleVoltage: 0
    DIMM 2:
      manufacturer: Microsoft Corporation
      modulePartNo: None
      memType: Unknown
      size: 60928
      clkspeed: 0
      moduleVoltage: 0
    DIMM 3:
      manufacturer: Microsoft Corporation
      modulePartNo: None
      memType: Unknown
      size: 36352
      clkspeed: 0
      moduleVoltage: 0
Checksum: F9D4751AB866F13A05988D5A8B343A1C6D35D45A