BaselineInfo:
  WebDBID: -1
  TimeStamp: 20250417222252
Version:
  Major: 11
  Minor: 0
  Build: 1002
  SpecialBuildName: ""
  ptArchitecture: x86_64_linux
Results:
  Results Complete: true
  NumTestProcesses: 32
  CPU_INTEGER_MATH: 151935.50333333333
  CPU_FLOATINGPOINT_MATH: 107751.75142670718
  CPU_PRIME: 314.85258590206564
  CPU_SORTING: 75163.857564210688
  CPU_ENCRYPTION: 33615.583455561085
  CPU_COMPRESSION: 545455.4319890528
  CPU_SINGLETHREAD: 2921.2227284285873
  CPU_PHYSICS: 7184.1298446863584
  CPU_MATRIX_MULT_SSE: 46428.801226895826
  CPU_mm: 4326.9213375256468
  CPU_sse: 18607.585073444105
  CPU_fma: 51838.275563369694
  CPU_avx: 39145.199830726269
  CPU_avx512: 76124.144440043208
  m_CPU_enc_SHA: 35349067157.32132
  m_CPU_enc_AES: 46110254187.922058
  m_CPU_enc_ECDSA: 24286160767.251877
  ME_ALLOC_S: 17970.538316784612
  ME_READ_S: 26713.035742187501
  ME_READ_L: 10611.4091796875
  ME_WRITE: 9635.7119140625
  ME_LARGE: 54391.833333333336
  ME_LATENCY: 62.535559732310901
  ME_THREADED: 204548.48828125
  SUMM_CPU: 47095.336169612332
  SUMM_ME: 2507.7461859842897
SystemInformation:
  OSName: Ubuntu 24.04.2 LTS
  Kernel: 6.8.0-1021-azure
  Device: ""
  Processor: INTEL XEON PLATINUM 8573C
  NumSockets: 1
  Manufacturer: GenuineIntel
  NumCores: 16
  NumLogicals: 32
  CPUFrequency: 2300
  Memory: 64290
  MemModuleInfo:
    iNumMemSticks: 3
    DIMM 1:
      manufacturer: Microsoft Corporation
      modulePartNo: None
      memType: Unknown
      size: 1
      clkspeed: 0
      moduleVoltage: 0
    DIMM 2:
      manufacturer: Microsoft Corporation
      modulePartNo: None
      memType: Unknown
      size: 59
      clkspeed: 0
      moduleVoltage: 0
    DIMM 3:
      manufacturer: Microsoft Corporation
      modulePartNo: None
      memType: Unknown
      size: 4
      clkspeed: 0
      moduleVoltage: 0
Checksum: B2511E4A49A230FBD81882DC8E235E9D27CEF7C9