---
system-info:
      stress-ng-version: 0.17.08
      run-by: root
      date-yyyy-mm-dd: 2024:06:05
      time-hh-mm-ss: 21:28:15
      epoch-secs: 1717622895
      hostname: ef056de8c21c
      sysname: Linux
      nodename: ef056de8c21c
      release: 6.8.0-1008-aws
      version: '#8-Ubuntu SMP Sat Apr 20 00:46:25 UTC 2024'
      machine: x86_64
      compiler: 'musl-gcc 13.2.1'
      uptime: 126
      totalram: 73720217600
      freeram: 69439655936
      sharedram: 29339648
      bufferram: 79511552
      totalswap: 0
      freeswap: 0
      pagesize: 4096
      cpus: 36
      cpus-online: 36
      ticks-per-second: 100

metrics:
    - stressor: cpu
      bogo-ops: 15472
      bogo-ops-per-second-usr-sys-time: 1546.868970
      bogo-ops-per-second-real-time: 1546.873756
      wall-clock-time: 10.002109
      user-time: 10.002140
      system-time: 0.000000
      cpu-usage-per-instance: 100.000309
      max-rss: 3796

...
