---
system-info:
      stress-ng-version: 0.17.08
      run-by: root
      date-yyyy-mm-dd: 2024:06:12
      time-hh-mm-ss: 20:55:26
      epoch-secs: 1718225726
      hostname: 5f29c1153126
      sysname: Linux
      nodename: 5f29c1153126
      release: 6.8.0-1008-aws
      version: '#8-Ubuntu SMP Sat Apr 20 00:46:25 UTC 2024'
      machine: x86_64
      compiler: 'musl-gcc 13.2.1'
      uptime: 149
      totalram: 73720225792
      freeram: 69191323648
      sharedram: 29339648
      bufferram: 112910336
      totalswap: 0
      freeswap: 0
      pagesize: 4096
      cpus: 36
      cpus-online: 36
      ticks-per-second: 100

metrics:
    - stressor: cpu
      bogo-ops: 28529
      bogo-ops-per-second-usr-sys-time: 1426.441798
      bogo-ops-per-second-real-time: 1426.448844
      wall-clock-time: 20.000016
      user-time: 20.000115
      system-time: 0.000000
      cpu-usage-per-instance: 100.000494
      max-rss: 916

...
