---
system-info:
      stress-ng-version: 0.17.08
      run-by: root
      date-yyyy-mm-dd: 2024:06:08
      time-hh-mm-ss: 11:55:32
      epoch-secs: 1717847732
      hostname: b66aa0f02bac
      sysname: Linux
      nodename: b66aa0f02bac
      release: 6.8.0-1008-aws
      version: '#8-Ubuntu SMP Sat Apr 20 00:46:25 UTC 2024'
      machine: x86_64
      compiler: 'musl-gcc 13.2.1'
      uptime: 162
      totalram: 33089794048
      freeram: 28691767296
      sharedram: 11653120
      bufferram: 101388288
      totalswap: 0
      freeswap: 0
      pagesize: 4096
      cpus: 8
      cpus-online: 8
      ticks-per-second: 100

metrics:
    - stressor: cpu
      bogo-ops: 9894
      bogo-ops-per-second-usr-sys-time: 989.383972
      bogo-ops-per-second-real-time: 989.368698
      wall-clock-time: 10.000316
      user-time: 9.998163
      system-time: 0.001999
      cpu-usage-per-instance: 99.998456
      max-rss: 3920

...
