---
system-info:
      stress-ng-version: 0.17.08
      run-by: root
      date-yyyy-mm-dd: 2024:06:14
      time-hh-mm-ss: 18:44:15
      epoch-secs: 1718390655
      hostname: aafd02c93f99
      sysname: Linux
      nodename: aafd02c93f99
      release: 6.8.0-1008-aws
      version: '#8-Ubuntu SMP Sat Apr 20 00:46:25 UTC 2024'
      machine: x86_64
      compiler: 'musl-gcc 13.2.1'
      uptime: 186
      totalram: 33089794048
      freeram: 28720308224
      sharedram: 11653120
      bufferram: 109944832
      totalswap: 0
      freeswap: 0
      pagesize: 4096
      cpus: 8
      cpus-online: 8
      ticks-per-second: 100

metrics:
    - stressor: cpu
      bogo-ops: 11825
      bogo-ops-per-second-usr-sys-time: 591.187925
      bogo-ops-per-second-real-time: 591.248435
      wall-clock-time: 20.000053
      user-time: 20.001100
      system-time: 0.001000
      cpu-usage-per-instance: 100.010235
      max-rss: 1104

...
