---
system-info:
      stress-ng-version: 0.17.08
      run-by: root
      date-yyyy-mm-dd: 2024:09:03
      time-hh-mm-ss: 14:09:37
      epoch-secs: 1725372577
      hostname: sc-runner
      sysname: Linux
      nodename: sc-runner
      release: 6.8.0-1013-azure
      version: '#15-Ubuntu SMP Thu Aug  8 18:40:40 UTC 2024'
      machine: x86_64
      compiler: 'musl-gcc 13.2.1'
      uptime: 372
      totalram: 67425538048
      freeram: 58895114240
      sharedram: 38096896
      bufferram: 217198592
      totalswap: 0
      freeswap: 0
      pagesize: 4096
      cpus: 2
      cpus-online: 2
      ticks-per-second: 100

metrics:
    - stressor: cpu
      bogo-ops: 54111
      bogo-ops-per-second-usr-sys-time: 2705.923688
      bogo-ops-per-second-real-time: 2705.541711
      wall-clock-time: 20.000061
      user-time: 19.995239
      system-time: 0.001999
      cpu-usage-per-instance: 99.985884
      max-rss: 3152

...
