---
system-info:
      stress-ng-version: 0.17.08
      run-by: root
      date-yyyy-mm-dd: 2024:09:21
      time-hh-mm-ss: 18:41:22
      epoch-secs: 1726944082
      hostname: sc-runner
      sysname: Linux
      nodename: sc-runner
      release: 6.8.0-1014-azure
      version: '#16-Ubuntu SMP Thu Aug 15 20:04:41 UTC 2024'
      machine: x86_64
      compiler: 'musl-gcc 13.2.1'
      uptime: 366
      totalram: 67425533952
      freeram: 57156870144
      sharedram: 38096896
      bufferram: 253640704
      totalswap: 0
      freeswap: 0
      pagesize: 4096
      cpus: 2
      cpus-online: 2
      ticks-per-second: 100

metrics:
    - stressor: cpu
      bogo-ops: 54124
      bogo-ops-per-second-usr-sys-time: 2706.386064
      bogo-ops-per-second-real-time: 2706.193419
      wall-clock-time: 20.000049
      user-time: 19.997626
      system-time: 0.000999
      cpu-usage-per-instance: 99.992882
      max-rss: 3256

...
