---
system-info:
      stress-ng-version: 0.17.08
      run-by: root
      date-yyyy-mm-dd: 2024:06:08
      time-hh-mm-ss: 16:24:25
      epoch-secs: 1717863865
      hostname: bbbe302e011a
      sysname: Linux
      nodename: bbbe302e011a
      release: 6.8.0-1008-aws
      version: '#8-Ubuntu SMP Sat Apr 20 00:46:25 UTC 2024'
      machine: x86_64
      compiler: 'musl-gcc 13.2.1'
      uptime: 127
      totalram: 132272103424
      freeram: 127472644096
      sharedram: 70467584
      bufferram: 103530496
      totalswap: 0
      freeswap: 0
      pagesize: 4096
      cpus: 32
      cpus-online: 32
      ticks-per-second: 100

metrics:
    - stressor: cpu
      bogo-ops: 16998
      bogo-ops-per-second-usr-sys-time: 1699.777733
      bogo-ops-per-second-real-time: 1699.721950
      wall-clock-time: 10.000459
      user-time: 10.000131
      system-time: 0.000000
      cpu-usage-per-instance: 99.996718
      max-rss: 3592

...
