---
system-info:
      stress-ng-version: 0.17.08
      run-by: root
      date-yyyy-mm-dd: 2024:06:14
      time-hh-mm-ss: 22:20:31
      epoch-secs: 1718403631
      hostname: 6594946a1c8b
      sysname: Linux
      nodename: 6594946a1c8b
      release: 6.8.0-1008-aws
      version: '#8-Ubuntu SMP Sat Apr 20 00:46:25 UTC 2024'
      machine: x86_64
      compiler: 'musl-gcc 13.2.1'
      uptime: 150
      totalram: 132272095232
      freeram: 127511945216
      sharedram: 70467584
      bufferram: 110182400
      totalswap: 0
      freeswap: 0
      pagesize: 4096
      cpus: 32
      cpus-online: 32
      ticks-per-second: 100

metrics:
    - stressor: cpu
      bogo-ops: 60786
      bogo-ops-per-second-usr-sys-time: 3039.372489
      bogo-ops-per-second-real-time: 3039.289892
      wall-clock-time: 20.000067
      user-time: 19.999523
      system-time: 0.000000
      cpu-usage-per-instance: 99.997282
      max-rss: 1032

...
