BaselineInfo:
  WebDBID: -1
  TimeStamp: 20241107195445
Version:
  Major: 11
  Minor: 0
  Build: 1002
  SpecialBuildName: ""
  ptArchitecture: x86_64_linux
Results:
  Results Complete: true
  NumTestProcesses: 8
  CPU_INTEGER_MATH: 35331.516999999993
  CPU_FLOATINGPOINT_MATH: 20387.983638028225
  CPU_PRIME: 85.257455564420297
  CPU_SORTING: 21439.344392615116
  CPU_ENCRYPTION: 8898.5339282847344
  CPU_COMPRESSION: 144736.42734666856
  CPU_SINGLETHREAD: 2689.3081529256019
  CPU_PHYSICS: 1480.3156763564029
  CPU_MATRIX_MULT_SSE: 10126.220634337593
  CPU_mm: 952.35006532304635
  CPU_sse: 4212.7128962082479
  CPU_fma: 13071.680870452868
  CPU_avx: 10765.940536074346
  CPU_avx512: 12454.548234614904
  m_CPU_enc_SHA: 12382203902.241007
  m_CPU_enc_AES: 8520084242.9903746
  m_CPU_enc_ECDSA: 7090079191.9238968
  ME_ALLOC_S: 3971.9256815618292
  ME_READ_S: 25787.741406249999
  ME_READ_L: 24889.900390625
  ME_WRITE: 18599.91796875
  ME_LARGE: 22106.333333333332
  ME_LATENCY: 68.029884519796141
  ME_THREADED: 37506.66796875
  SUMM_CPU: 13514.152126888155
  SUMM_ME: 2553.6181255686552
SystemInformation:
  OSName: Ubuntu 24.04.1 LTS
  Kernel: 6.8.0-1015-gcp
  Device: ""
  Processor: AMD EPYC 9B14
  NumSockets: 1
  Manufacturer: AuthenticAMD
  NumCores: 4
  NumLogicals: 8
  CPUFrequency: 0
  Memory: 32093
  MemModuleInfo:
    iNumMemSticks: 2
    DIMM 1:
      manufacturer: ""
      modulePartNo: ""
      memType: RAM
      size: 16
      clkspeed: 0
      moduleVoltage: 0
    DIMM 2:
      manufacturer: ""
      modulePartNo: ""
      memType: RAM
      size: 16
      clkspeed: 0
      moduleVoltage: 0
Checksum: 0D522EB22D171FE903526913546897D0D2CAA50A