---
system-info:
      stress-ng-version: 0.17.08
      run-by: root
      date-yyyy-mm-dd: 2024:06:13
      time-hh-mm-ss: 23:56:37
      epoch-secs: 1718322997
      hostname: 1d69110d2786
      sysname: Linux
      nodename: 1d69110d2786
      release: 6.8.0-1008-aws
      version: '#8-Ubuntu SMP Sat Apr 20 00:46:25 UTC 2024'
      machine: x86_64
      compiler: 'musl-gcc 13.2.1'
      uptime: 169
      totalram: 7266889728
      freeram: 2918731776
      sharedram: 32833536
      bufferram: 107347968
      totalswap: 0
      freeswap: 0
      pagesize: 4096
      cpus: 8
      cpus-online: 8
      ticks-per-second: 100

metrics:
    - stressor: cpu
      bogo-ops: 109207
      bogo-ops-per-second-usr-sys-time: 685.025078
      bogo-ops-per-second-real-time: 5460.170131
      wall-clock-time: 20.000659
      user-time: 159.407328
      system-time: 0.013113
      cpu-usage-per-instance: 99.634493
      max-rss: 1104

...
