---
system-info:
      stress-ng-version: 0.17.08
      run-by: root
      date-yyyy-mm-dd: 2024:06:04
      time-hh-mm-ss: 22:28:37
      epoch-secs: 1717540117
      hostname: a11eba076954
      sysname: Linux
      nodename: a11eba076954
      release: 6.8.0-1008-aws
      version: '#8-Ubuntu SMP Sat Apr 20 00:46:25 UTC 2024'
      machine: x86_64
      compiler: 'musl-gcc 13.2.1'
      uptime: 175
      totalram: 7266873344
      freeram: 3189841920
      sharedram: 32833536
      bufferram: 76570624
      totalswap: 0
      freeswap: 0
      pagesize: 4096
      cpus: 8
      cpus-online: 8
      ticks-per-second: 100

metrics:
    - stressor: cpu
      bogo-ops: 64355
      bogo-ops-per-second-usr-sys-time: 807.384838
      bogo-ops-per-second-real-time: 6434.524824
      wall-clock-time: 10.001516
      user-time: 79.686872
      system-time: 0.021090
      cpu-usage-per-instance: 99.619855
      max-rss: 4048

...
