---
system-info:
      stress-ng-version: 0.17.08
      run-by: root
      date-yyyy-mm-dd: 2024:06:04
      time-hh-mm-ss: 18:31:52
      epoch-secs: 1717525912
      hostname: c527ab94e634
      sysname: Linux
      nodename: c527ab94e634
      release: 6.8.0-1008-aws
      version: '#8-Ubuntu SMP Sat Apr 20 00:46:25 UTC 2024'
      machine: x86_64
      compiler: 'musl-gcc 13.2.1'
      uptime: 2588
      totalram: 7266881536
      freeram: 4250857472
      sharedram: 32833536
      bufferram: 67481600
      totalswap: 0
      freeswap: 0
      pagesize: 4096
      cpus: 8
      cpus-online: 8
      ticks-per-second: 100

metrics:
    - stressor: cpu
      bogo-ops: 64282
      bogo-ops-per-second-usr-sys-time: 807.389236
      bogo-ops-per-second-real-time: 6426.794624
      wall-clock-time: 10.002187
      user-time: 79.600602
      system-time: 0.016511
      cpu-usage-per-instance: 99.499633
      max-rss: 3920

...
