---
system-info:
      stress-ng-version: 0.17.08
      run-by: root
      date-yyyy-mm-dd: 2024:09:19
      time-hh-mm-ss: 07:34:20
      epoch-secs: 1726731260
      hostname: sc-runner
      sysname: Linux
      nodename: sc-runner
      release: 6.8.0-1014-azure
      version: '#16-Ubuntu SMP Thu Aug 15 20:04:41 UTC 2024'
      machine: x86_64
      compiler: 'musl-gcc 13.2.1'
      uptime: 402
      totalram: 168787070976
      freeram: 158304120832
      sharedram: 42119168
      bufferram: 260231168
      totalswap: 0
      freeswap: 0
      pagesize: 4096
      cpus: 20
      cpus-online: 20
      ticks-per-second: 100

metrics:
    - stressor: cpu
      bogo-ops: 24920
      bogo-ops-per-second-usr-sys-time: 1245.995452
      bogo-ops-per-second-real-time: 1245.993524
      wall-clock-time: 20.000104
      user-time: 20.000073
      system-time: 0.000000
      cpu-usage-per-instance: 99.999845
      max-rss: 3188

...
