---
system-info:
      stress-ng-version: 0.17.08
      run-by: root
      date-yyyy-mm-dd: 2024:06:26
      time-hh-mm-ss: 14:37:55
      epoch-secs: 1719412675
      hostname: c3d-highcpu-4-cfa2b2d
      sysname: Linux
      nodename: c3d-highcpu-4-cfa2b2d
      release: 6.8.0-1008-gcp
      version: '#9-Ubuntu SMP Wed May 22 18:09:04 UTC 2024'
      machine: x86_64
      compiler: 'musl-gcc 13.2.1'
      uptime: 118
      totalram: 8324222976
      freeram: 3423625216
      sharedram: 34967552
      bufferram: 123334656
      totalswap: 0
      freeswap: 0
      pagesize: 4096
      cpus: 4
      cpus-online: 4
      ticks-per-second: 100

metrics:
    - stressor: cpu
      bogo-ops: 114858
      bogo-ops-per-second-usr-sys-time: 1441.622642
      bogo-ops-per-second-real-time: 5742.881310
      wall-clock-time: 20.000065
      user-time: 79.663729
      system-time: 0.008993
      cpu-usage-per-instance: 99.590578
      max-rss: 1104

...
