BaselineInfo:
  WebDBID: -1
  TimeStamp: 20260621192617
Version:
  Major: 11
  Minor: 0
  Build: 1004
  SpecialBuildName: ""
  ptArchitecture: x86_64_linux
Results:
  Results Complete: true
  NumTestProcesses: 64
  CPU_INTEGER_MATH: 271174.82033333328
  CPU_FLOATINGPOINT_MATH: 192345.80540954764
  CPU_PRIME: 565.64259832438654
  CPU_SORTING: 133535.29583370953
  CPU_ENCRYPTION: 59656.924356849573
  CPU_COMPRESSION: 963510.68970537779
  CPU_SINGLETHREAD: 2895.2035092839715
  CPU_PHYSICS: 12129.925932518301
  CPU_MATRIX_MULT_SSE: 75015.46379402258
  CPU_mm: 7241.0994088557291
  CPU_sse: 31489.952592568741
  CPU_fma: 82764.457647524163
  CPU_avx: 63187.836311444968
  CPU_avx512: 122619.60862455245
  m_CPU_enc_SHA: 63224935886.167168
  m_CPU_enc_AES: 82399145160.737839
  m_CPU_enc_ECDSA: 42040376296.318672
  ME_ALLOC_S: 30184.353881694195
  ME_READ_S: 26081.036914062501
  ME_READ_L: 9242.146484375
  ME_WRITE: 8777.1298828125
  ME_LARGE: 505558.58333333331
  ME_LATENCY: 74.244884865059149
  ME_THREADED: 394452.64575195312
  SUMM_CPU: 70602.127387595217
  SUMM_ME: 2259.9945715581498
SystemInformation:
  OSName: Ubuntu 24.04.4 LTS
  Kernel: 6.17.0-1018-azure
  Device: ""
  Processor: INTEL(R) XEON(R) PLATINUM 8573C
  NumSockets: 2
  Manufacturer: GenuineIntel
  NumCores: 32
  NumLogicals: 64
  CPUFrequency: 2300
  CPUMaxFrequency: 2300
  Memory: 515958
  CPUInfo:
    number: 2
    Family: 6
    Model: 15
    stepping: 2
    features: 529267711
    manufacture: GenuineIntel
    typestring: INTEL(R) XEON(R) PLATINUM 8573C
    iCoresPerPackage: 16
    iThreadsPerPackage: 2
    featuresEx:
      - 529267711
      - 4294586915
      - 739248128
    bHybrid: false
    nPCore: 0
    nLogicalsPerPCore: 0
    nECore: 0
    nLogicalsPerECore: 0
  MemModuleInfo:
    iNumMemSticks: 4
    DIMM 1:
      manufacturer: Microsoft Corporation
      modulePartNo: None
      memType: Unknown
      size: 1
      clkspeed: 0
      moduleVoltage: 0
    DIMM 2:
      manufacturer: Microsoft Corporation
      modulePartNo: None
      memType: Unknown
      size: 59
      clkspeed: 0
      moduleVoltage: 0
    DIMM 3:
      manufacturer: Microsoft Corporation
      modulePartNo: None
      memType: Unknown
      size: 196
      clkspeed: 0
      moduleVoltage: 0
    DIMM 4:
      manufacturer: Microsoft Corporation
      modulePartNo: None
      memType: Unknown
      size: 256
      clkspeed: 0
      moduleVoltage: 0
Checksum: DC3BFA0103D2E8E84F5F9B79349CB35E4C8193E3