---
system-info:
      stress-ng-version: 0.17.08
      run-by: root
      date-yyyy-mm-dd: 2024:06:10
      time-hh-mm-ss: 10:25:18
      epoch-secs: 1718015118
      hostname: 142810c1718d
      sysname: Linux
      nodename: 142810c1718d
      release: 6.8.0-1008-aws
      version: '#8-Ubuntu SMP Sat Apr 20 00:46:25 UTC 2024'
      machine: x86_64
      compiler: 'musl-gcc 13.2.1'
      uptime: 227
      totalram: 33263845376
      freeram: 26428096512
      sharedram: 40771584
      bufferram: 97308672
      totalswap: 0
      freeswap: 0
      pagesize: 4096
      cpus: 8
      cpus-online: 8
      ticks-per-second: 100

metrics:
    - stressor: cpu
      bogo-ops: 13841
      bogo-ops-per-second-usr-sys-time: 1384.041317
      bogo-ops-per-second-real-time: 1384.042121
      wall-clock-time: 10.000418
      user-time: 10.000424
      system-time: 0.000000
      cpu-usage-per-instance: 100.000058
      max-rss: 4048

...
