---
system-info:
      stress-ng-version: 0.17.08
      run-by: root
      date-yyyy-mm-dd: 2024:06:13
      time-hh-mm-ss: 07:13:03
      epoch-secs: 1718262783
      hostname: c6ec31818f72
      sysname: Linux
      nodename: c6ec31818f72
      release: 6.8.0-1008-aws
      version: '#8-Ubuntu SMP Sat Apr 20 00:46:25 UTC 2024'
      machine: x86_64
      compiler: 'musl-gcc 13.2.1'
      uptime: 259
      totalram: 33263845376
      freeram: 26466697216
      sharedram: 40763392
      bufferram: 94945280
      totalswap: 0
      freeswap: 0
      pagesize: 4096
      cpus: 8
      cpus-online: 8
      ticks-per-second: 100

metrics:
    - stressor: cpu
      bogo-ops: 25676
      bogo-ops-per-second-usr-sys-time: 1283.815919
      bogo-ops-per-second-real-time: 1283.794904
      wall-clock-time: 20.000079
      user-time: 19.999752
      system-time: 0.000000
      cpu-usage-per-instance: 99.998363
      max-rss: 976

...
