BaselineInfo:
  WebDBID: -1
  TimeStamp: 20241107144418
Version:
  Major: 11
  Minor: 0
  Build: 1002
  SpecialBuildName: ""
  ptArchitecture: aarch64_linux
Results:
  Results Complete: true
  NumTestProcesses: 8
  CPU_INTEGER_MATH: 31569.629333333334
  CPU_FLOATINGPOINT_MATH: 23964.714160883785
  CPU_PRIME: 60.272957633270714
  CPU_SORTING: 22866.823012088145
  CPU_ENCRYPTION: 1083.154295394515
  CPU_COMPRESSION: 37726.61382112198
  CPU_SINGLETHREAD: 1108.9438110393148
  CPU_PHYSICS: 1077.1168516974651
  CPU_MATRIX_MULT_SSE: 4981.3231416697745
  CPU_mm: 833.22077319862444
  CPU_sse: 4168.743909922383
  CPU_fma: 5793.9023734171669
  CPU_avx: 0
  CPU_avx512: 0
  m_CPU_enc_SHA: 1607961727.2385006
  m_CPU_enc_AES: 752367218.86097038
  m_CPU_enc_ECDSA: 1046979849.2433258
  ME_ALLOC_S: 5174.4954026860942
  ME_READ_S: 9481.5150390625004
  ME_READ_L: 9171.2978515625
  ME_WRITE: 12526.3828125
  ME_LARGE: 21439.166666666668
  ME_LATENCY: 71.560526974595788
  ME_THREADED: 72944.9609375
  SUMM_CPU: 5218.9002265721238
  SUMM_ME: 1731.8483000047297
SystemInformation:
  OSName: Ubuntu 24.04.1 LTS
  Kernel: 6.8.0-1016-aws
  Device: ""
  Processor: ARM Neoverse-N1 8 Core 0 MHz
  NumSockets: 1
  Manufacturer: ARM
  NumCores: 8
  NumLogicals: 8
  CPUFrequency: 0
  Memory: 31367
Checksum: C1E39F5D13C1CE68A4A18C4DCDAE9BF054FCC35D