BaselineInfo:
  WebDBID: -1
  TimeStamp: 20260522131648
Version:
  Major: 11
  Minor: 0
  Build: 1004
  SpecialBuildName: ""
  ptArchitecture: x86_64_linux
Results:
  Results Complete: true
  NumTestProcesses: 1
  CPU_INTEGER_MATH: 7681.324333333333
  CPU_FLOATINGPOINT_MATH: 7742.5429318500928
  CPU_PRIME: 26.086598409283241
  CPU_SORTING: 4277.7664431046896
  CPU_ENCRYPTION: 1594.3585700651304
  CPU_COMPRESSION: 31180.636873601863
  CPU_SINGLETHREAD: 3674.7035024781271
  CPU_PHYSICS: 466.99504470346056
  CPU_MATRIX_MULT_SSE: 2548.2990501861759
  CPU_mm: 356.54344971307142
  CPU_sse: 1110.4279721870837
  CPU_fma: 3837.3746298371966
  CPU_avx: 2025.1961426764137
  CPU_avx512: 3220.1974560440103
  m_CPU_enc_SHA: 2226591415.3025846
  m_CPU_enc_AES: 1392431731.710427
  m_CPU_enc_ECDSA: 1396395248.8808308
  ME_ALLOC_S: 0
  ME_READ_S: 0
  ME_READ_L: 0
  ME_WRITE: 0
  ME_LARGE: 0
  ME_LATENCY: 0
  ME_THREADED: 0
  SUMM_CPU: 3374.5512540592176
  SUMM_ME: 0
SystemInformation:
  OSName: Ubuntu 24.04.4 LTS
  Kernel: 6.8.0-111-generic
  Device: ""
  Processor: "AMD EPYC 9575F 64-Core Processor               "
  NumSockets: 1
  Manufacturer: AuthenticAMD
  NumCores: 1
  NumLogicals: 1
  CPUFrequency: 0
  CPUMaxFrequency: 0
  Memory: 799
  CPUInfo:
    number: 1
    Family: 15
    Model: 2
    stepping: 1
    features: 395049983
    manufacture: AuthenticAMD
    typestring: "AMD EPYC 9575F 64-Core Processor               "
    iCoresPerPackage: 255
    iThreadsPerPackage: 1
    featuresEx:
      - 395049983
      - 4294586883
      - 802421759
    bHybrid: false
    nPCore: 0
    nLogicalsPerPCore: 0
    nECore: 0
    nLogicalsPerECore: 0
  MemModuleInfo:
    iNumMemSticks: 1
    DIMM 1:
      manufacturer: QEMU
      modulePartNo: Not Specified
      memType: RAM
      size: 1
      clkspeed: 0
      moduleVoltage: 0
Checksum: D8C136487364C95699B38190DED4A4DD8D185838