---
system-info:
      stress-ng-version: 0.17.08
      run-by: root
      date-yyyy-mm-dd: 2024:09:03
      time-hh-mm-ss: 04:44:12
      epoch-secs: 1725338652
      hostname: sc-runner
      sysname: Linux
      nodename: sc-runner
      release: 6.8.0-1013-azure
      version: '#15-Ubuntu SMP Thu Aug  8 18:40:40 UTC 2024'
      machine: x86_64
      compiler: 'musl-gcc 13.2.1'
      uptime: 393
      totalram: 33653043200
      freeram: 25114935296
      sharedram: 57126912
      bufferram: 211431424
      totalswap: 0
      freeswap: 0
      pagesize: 4096
      cpus: 4
      cpus-online: 4
      ticks-per-second: 100

metrics:
    - stressor: cpu
      bogo-ops: 41333
      bogo-ops-per-second-usr-sys-time: 521.197183
      bogo-ops-per-second-real-time: 2066.640453
      wall-clock-time: 20.000092
      user-time: 79.267925
      system-time: 0.036034
      cpu-usage-per-instance: 99.129491
      max-rss: 3120

...
