---
system-info:
      stress-ng-version: 0.17.08
      run-by: root
      date-yyyy-mm-dd: 2024:06:15
      time-hh-mm-ss: 15:22:11
      epoch-secs: 1718464931
      hostname: e3754a3fe8b2
      sysname: Linux
      nodename: e3754a3fe8b2
      release: 6.8.0-1008-aws
      version: '#8-Ubuntu SMP Sat Apr 20 00:46:25 UTC 2024'
      machine: x86_64
      compiler: 'musl-gcc 13.2.1'
      uptime: 182
      totalram: 268272340992
      freeram: 263326728192
      sharedram: 20279296
      bufferram: 108400640
      totalswap: 0
      freeswap: 0
      pagesize: 4096
      cpus: 32
      cpus-online: 32
      ticks-per-second: 100

metrics:
    - stressor: cpu
      bogo-ops: 188851
      bogo-ops-per-second-usr-sys-time: 295.408079
      bogo-ops-per-second-real-time: 9442.429808
      wall-clock-time: 20.000255
      user-time: 639.228857
      system-time: 0.059684
      cpu-usage-per-instance: 99.887563
      max-rss: 776

...
