---
system-info:
      stress-ng-version: 0.17.08
      run-by: root
      date-yyyy-mm-dd: 2024:06:09
      time-hh-mm-ss: 13:02:03
      epoch-secs: 1717938123
      hostname: c3bbd1173273
      sysname: Linux
      nodename: c3bbd1173273
      release: 6.8.0-1008-aws
      version: '#8-Ubuntu SMP Sat Apr 20 00:46:25 UTC 2024'
      machine: x86_64
      compiler: 'musl-gcc 13.2.1'
      uptime: 184
      totalram: 268272328704
      freeram: 263186202624
      sharedram: 20279296
      bufferram: 107806720
      totalswap: 0
      freeswap: 0
      pagesize: 4096
      cpus: 32
      cpus-online: 32
      ticks-per-second: 100

metrics:
    - stressor: cpu
      bogo-ops: 251230
      bogo-ops-per-second-usr-sys-time: 785.982539
      bogo-ops-per-second-real-time: 25111.260857
      wall-clock-time: 10.004675
      user-time: 319.548186
      system-time: 0.089958
      cpu-usage-per-instance: 99.840246
      max-rss: 4104

...
