---
system-info:
      stress-ng-version: 0.17.08
      run-by: root
      date-yyyy-mm-dd: 2024:09:16
      time-hh-mm-ss: 00:10:31
      epoch-secs: 1726445431
      hostname: sc-runner
      sysname: Linux
      nodename: sc-runner
      release: 6.8.0-1014-azure
      version: '#16-Ubuntu SMP Thu Aug 15 20:04:41 UTC 2024'
      machine: x86_64
      compiler: 'musl-gcc 13.2.1'
      uptime: 269
      totalram: 8321904640
      freeram: 210083840
      sharedram: 54919168
      bufferram: 218869760
      totalswap: 0
      freeswap: 0
      pagesize: 4096
      cpus: 4
      cpus-online: 4
      ticks-per-second: 100

metrics:
    - stressor: cpu
      bogo-ops: 77496
      bogo-ops-per-second-usr-sys-time: 972.644645
      bogo-ops-per-second-real-time: 3874.781408
      wall-clock-time: 20.000096
      user-time: 79.662566
      system-time: 0.012987
      cpu-usage-per-instance: 99.593963
      max-rss: 976

...
