BaselineInfo:
  WebDBID: -1
  TimeStamp: 20251218233811
Version:
  Major: 11
  Minor: 0
  Build: 1002
  SpecialBuildName: ""
  ptArchitecture: x86_64_linux
Results:
  Results Complete: true
  NumTestProcesses: 16
  CPU_INTEGER_MATH: 67888.756333333324
  CPU_FLOATINGPOINT_MATH: 43034.669324320035
  CPU_PRIME: 67.361067839772204
  CPU_SORTING: 36763.961364395262
  CPU_ENCRYPTION: 8898.0382632673518
  CPU_COMPRESSION: 323367.67621604755
  CPU_SINGLETHREAD: 2529.1219462300901
  CPU_PHYSICS: 1007.1550013206914
  CPU_MATRIX_MULT_SSE: 22325.933472046658
  CPU_mm: 2478.2637585479906
  CPU_sse: 8709.3427146863178
  CPU_fma: 28604.855131580207
  CPU_avx: 19552.253846281099
  CPU_avx512: 32437.282195638993
  m_CPU_enc_SHA: 4012434266.1164279
  m_CPU_enc_AES: 20431750642.634228
  m_CPU_enc_ECDSA: 3546623201.0808244
  ME_ALLOC_S: 9385.5146837410612
  ME_READ_S: 29677.749218749999
  ME_READ_L: 12978.3056640625
  ME_WRITE: 11871.8759765625
  ME_LARGE: 65993.25
  ME_LATENCY: 48.431848792594288
  ME_THREADED: 54331.23583984375
  SUMM_CPU: 20742.826540185182
  SUMM_ME: 2913.0658673800613
SystemInformation:
  OSName: Ubuntu 24.04.2 LTS
  Kernel: 6.8.0-86-generic
  Device: ""
  Processor: Intel Xeon W-3235 CPU @ 3.30GHz
  NumSockets: 16
  Manufacturer: GenuineIntel
  NumCores: 16
  NumLogicals: 16
  CPUFrequency: 0
  Memory: 82475
  MemModuleInfo:
    iNumMemSticks: 1
    DIMM 1:
      manufacturer: QEMU
      modulePartNo: Not Specified
      memType: RAM
      size: 84000
      clkspeed: 0
      moduleVoltage: 0
Checksum: F520FDB432CE0905CEE58FBECB5CF1429BD0031D