---
system-info:
      stress-ng-version: 0.17.08
      run-by: root
      date-yyyy-mm-dd: 2024:09:02
      time-hh-mm-ss: 21:35:11
      epoch-secs: 1725312911
      hostname: sc-runner
      sysname: Linux
      nodename: sc-runner
      release: 6.8.0-1013-azure
      version: '#15-Ubuntu SMP Thu Aug  8 18:40:40 UTC 2024'
      machine: x86_64
      compiler: 'musl-gcc 13.2.1'
      uptime: 325
      totalram: 8322613248
      freeram: 262488064
      sharedram: 54878208
      bufferram: 199401472
      totalswap: 0
      freeswap: 0
      pagesize: 4096
      cpus: 2
      cpus-online: 2
      ticks-per-second: 100

metrics:
    - stressor: cpu
      bogo-ops: 37767
      bogo-ops-per-second-usr-sys-time: 1888.617617
      bogo-ops-per-second-real-time: 1888.346196
      wall-clock-time: 20.000040
      user-time: 19.995167
      system-time: 0.001999
      cpu-usage-per-instance: 99.985629
      max-rss: 3024

...
