BaselineInfo:
  WebDBID: -1
  TimeStamp: 20260404151654
Version:
  Major: 11
  Minor: 0
  Build: 1004
  SpecialBuildName: ""
  ptArchitecture: x86_64_linux
Results:
  Results Complete: true
  NumTestProcesses: 8
  CPU_INTEGER_MATH: 19624.068666666666
  CPU_FLOATINGPOINT_MATH: 10554.158995631158
  CPU_PRIME: 47.281200704420456
  CPU_SORTING: 12136.582693190554
  CPU_ENCRYPTION: 2717.2880387893019
  CPU_COMPRESSION: 92824.125584576774
  CPU_SINGLETHREAD: 1686.0542638752281
  CPU_PHYSICS: 767.79908988299985
  CPU_MATRIX_MULT_SSE: 5849.3641725488887
  CPU_mm: 598.02177558415406
  CPU_sse: 2135.9370816503174
  CPU_fma: 7297.4640448591099
  CPU_avx: 5159.7639006955978
  CPU_avx512: 8804.2916629905285
  m_CPU_enc_SHA: 887706523.92293525
  m_CPU_enc_AES: 6853826849.1426849
  m_CPU_enc_ECDSA: 806315694.61897314
  ME_ALLOC_S: 2129.553099677928
  ME_READ_S: 19426.116796875001
  ME_READ_L: 6203.45849609375
  ME_WRITE: 6673.89990234375
  ME_LARGE: 50841.333333333336
  ME_LATENCY: 80.379235218797916
  ME_THREADED: 37542.90673828125
  SUMM_CPU: 7005.3275521517808
  SUMM_ME: 1653.0918041314339
SystemInformation:
  OSName: Ubuntu 24.04.4 LTS
  Kernel: 6.8.0-106-generic
  Device: ""
  Processor: Intel(R) Xeon(R) Platinum 8163 CPU @ 2.50GHz
  NumSockets: 1
  Manufacturer: GenuineIntel
  NumCores: 4
  NumLogicals: 8
  CPUFrequency: 2500
  CPUMaxFrequency: 3100
  Memory: 63791
  CPUInfo:
    number: 1
    Family: 6
    Model: 5
    stepping: 4
    features: 529267711
    manufacture: GenuineIntel
    typestring: Intel(R) Xeon(R) Platinum 8163 CPU @ 2.50GHz
    iCoresPerPackage: 4
    iThreadsPerPackage: 2
    featuresEx:
      - 529267711
      - 4294586883
      - 739248128
    bHybrid: false
    nPCore: 0
    nLogicalsPerPCore: 0
    nECore: 0
    nLogicalsPerECore: 0
  MemModuleInfo:
    iNumMemSticks: 4
    DIMM 1:
      manufacturer: Alibaba Cloud
      modulePartNo: Not Specified
      memType: RAM
      size: 16
      clkspeed: 0
      moduleVoltage: 0
    DIMM 2:
      manufacturer: Alibaba Cloud
      modulePartNo: Not Specified
      memType: RAM
      size: 16
      clkspeed: 0
      moduleVoltage: 0
    DIMM 3:
      manufacturer: Alibaba Cloud
      modulePartNo: Not Specified
      memType: RAM
      size: 16
      clkspeed: 0
      moduleVoltage: 0
    DIMM 4:
      manufacturer: Alibaba Cloud
      modulePartNo: Not Specified
      memType: RAM
      size: 16
      clkspeed: 0
      moduleVoltage: 0
Checksum: BCC79ED0851FAA01A320C9DCBA4AD78A38813EF1