BaselineInfo:
  WebDBID: -1
  TimeStamp: 20260624193951
Version:
  Major: 11
  Minor: 0
  Build: 1004
  SpecialBuildName: ""
  ptArchitecture: x86_64_linux
Results:
  Results Complete: true
  NumTestProcesses: 20
  CPU_INTEGER_MATH: 95932.857000000018
  CPU_FLOATINGPOINT_MATH: 69580.743896945743
  CPU_PRIME: 210.40741467694147
  CPU_SORTING: 49152.381431276684
  CPU_ENCRYPTION: 21280.539451598273
  CPU_COMPRESSION: 374294.0128782501
  CPU_SINGLETHREAD: 3444.1007996717472
  CPU_PHYSICS: 4174.9070888440838
  CPU_MATRIX_MULT_SSE: 25035.824575549363
  CPU_mm: 2695.5631341483104
  CPU_sse: 11531.043590457415
  CPU_fma: 30256.315951534274
  CPU_avx: 23284.848526051795
  CPU_avx512: 35071.090234153984
  m_CPU_enc_SHA: 22325238701.119453
  m_CPU_enc_AES: 29321059682.25745
  m_CPU_enc_ECDSA: 15296490424.620424
  ME_ALLOC_S: 10046.191125901873
  ME_READ_S: 30093.7412109375
  ME_READ_L: 19023.890625
  ME_WRITE: 8303.5361328125
  ME_LARGE: 152329.75
  ME_LATENCY: 78.732432624395372
  ME_THREADED: 136040.80810546875
  SUMM_CPU: 33289.290291687328
  SUMM_ME: 2415.3447299352847
SystemInformation:
  OSName: Ubuntu 24.04.4 LTS
  Kernel: 6.17.0-1018-azure
  Device: ""
  Processor: Intel(R) Xeon(R) 6973P-C
  NumSockets: 1
  Manufacturer: GenuineIntel
  NumCores: 10
  NumLogicals: 20
  CPUFrequency: 2600
  CPUMaxFrequency: 2600
  Memory: 160967
  CPUInfo:
    number: 1
    Family: 6
    Model: 13
    stepping: 1
    features: 529267711
    manufacture: GenuineIntel
    typestring: Intel(R) Xeon(R) 6973P-C
    iCoresPerPackage: 16
    iThreadsPerPackage: 2
    featuresEx:
      - 529267711
      - 4294586915
      - 739248128
    bHybrid: false
    nPCore: 0
    nLogicalsPerPCore: 0
    nECore: 0
    nLogicalsPerECore: 0
  MemModuleInfo:
    iNumMemSticks: 3
    DIMM 1:
      manufacturer: Microsoft Corporation
      modulePartNo: None
      memType: Unknown
      size: 1
      clkspeed: 0
      moduleVoltage: 0
    DIMM 2:
      manufacturer: Microsoft Corporation
      modulePartNo: None
      memType: Unknown
      size: 59
      clkspeed: 0
      moduleVoltage: 0
    DIMM 3:
      manufacturer: Microsoft Corporation
      modulePartNo: None
      memType: Unknown
      size: 100
      clkspeed: 0
      moduleVoltage: 0
Checksum: C1FF814E02947DB8D73DF6EEBAAE6201B006CA12