---
system-info:
      stress-ng-version: 0.17.08
      run-by: root
      date-yyyy-mm-dd: 2024:09:05
      time-hh-mm-ss: 22:37:53
      epoch-secs: 1725575873
      hostname: sc-runner
      sysname: Linux
      nodename: sc-runner
      release: 6.8.0-1013-azure
      version: '#15-Ubuntu SMP Thu Aug  8 18:40:40 UTC 2024'
      machine: x86_64
      compiler: 'musl-gcc 13.2.1'
      uptime: 343
      totalram: 84330627072
      freeram: 75520155648
      sharedram: 42196992
      bufferram: 224854016
      totalswap: 0
      freeswap: 0
      pagesize: 4096
      cpus: 20
      cpus-online: 20
      ticks-per-second: 100

metrics:
    - stressor: cpu
      bogo-ops: 494216
      bogo-ops-per-second-usr-sys-time: 1236.852783
      bogo-ops-per-second-real-time: 24710.704926
      wall-clock-time: 20.000077
      user-time: 399.545310
      system-time: 0.030134
      cpu-usage-per-instance: 99.893477
      max-rss: 3128

...
