---
system-info:
      stress-ng-version: 0.17.08
      run-by: root
      date-yyyy-mm-dd: 2024:09:16
      time-hh-mm-ss: 19:26:29
      epoch-secs: 1726514789
      hostname: sc-runner
      sysname: Linux
      nodename: sc-runner
      release: 6.8.0-1014-azure
      version: '#16-Ubuntu SMP Thu Aug 15 20:04:41 UTC 2024'
      machine: x86_64
      compiler: 'musl-gcc 13.2.1'
      uptime: 297
      totalram: 84330627072
      freeram: 74004705280
      sharedram: 42196992
      bufferram: 237043712
      totalswap: 0
      freeswap: 0
      pagesize: 4096
      cpus: 20
      cpus-online: 20
      ticks-per-second: 100

metrics:
    - stressor: cpu
      bogo-ops: 493681
      bogo-ops-per-second-usr-sys-time: 1235.323825
      bogo-ops-per-second-real-time: 24683.936550
      wall-clock-time: 20.000092
      user-time: 399.601734
      system-time: 0.035179
      cpu-usage-per-instance: 99.908769
      max-rss: 3124

...
