BaselineInfo:
  WebDBID: -1
  TimeStamp: 20260710221801
Version:
  Major: 11
  Minor: 0
  Build: 1004
  SpecialBuildName: ""
  ptArchitecture: x86_64_linux
Results:
  Results Complete: true
  NumTestProcesses: 192
  CPU_INTEGER_MATH: 760270.88733333361
  CPU_FLOATINGPOINT_MATH: 538170.5754713983
  CPU_PRIME: 1466.4754867574538
  CPU_SORTING: 363310.84456600045
  CPU_ENCRYPTION: 167562.88033993778
  CPU_COMPRESSION: 2706324.6681898846
  CPU_SINGLETHREAD: 2914.9849640516945
  CPU_PHYSICS: 20496.138189791054
  CPU_MATRIX_MULT_SSE: 204959.99075255007
  CPU_mm: 20788.514344445386
  CPU_sse: 89013.435895999035
  CPU_fma: 221944.3321237604
  CPU_avx: 173907.25828742745
  CPU_avx512: 334974.93670301349
  m_CPU_enc_SHA: 176939386920.00504
  m_CPU_enc_AES: 230267424949.30219
  m_CPU_enc_ECDSA: 119900432576.68517
  ME_ALLOC_S: 35481.692451631134
  ME_READ_S: 26619.279101562501
  ME_READ_L: 10810.5771484375
  ME_WRITE: 10163.2607421875
  ME_LARGE: 1831192.0833333333
  ME_LATENCY: 58.972818597638273
  ME_THREADED: 547072.17822265625
  SUMM_CPU: 122297.60203296761
  SUMM_ME: 2677.0632356508563
SystemInformation:
  OSName: Ubuntu 24.04.4 LTS
  Kernel: 6.17.0-1018-azure
  Device: ""
  Processor: INTEL(R) XEON(R) PLATINUM 8573C
  NumSockets: 2
  Manufacturer: GenuineIntel
  NumCores: 96
  NumLogicals: 192
  CPUFrequency: 2300
  CPUMaxFrequency: 2300
  Memory: 1846472
  CPUInfo:
    number: 2
    Family: 6
    Model: 15
    stepping: 2
    features: 529267711
    manufacture: GenuineIntel
    typestring: INTEL(R) XEON(R) PLATINUM 8573C
    iCoresPerPackage: 64
    iThreadsPerPackage: 2
    featuresEx:
      - 529267711
      - 4294586915
      - 739248128
    bHybrid: false
    nPCore: 0
    nLogicalsPerPCore: 0
    nECore: 0
    nLogicalsPerECore: 0
  MemModuleInfo:
    iNumMemSticks: 6
    DIMM 1:
      manufacturer: Microsoft Corporation
      modulePartNo: None
      memType: Unknown
      size: 1
      clkspeed: 0
      moduleVoltage: 0
    DIMM 2:
      manufacturer: Microsoft Corporation
      modulePartNo: None
      memType: Unknown
      size: 59
      clkspeed: 0
      moduleVoltage: 0
    DIMM 3:
      manufacturer: Microsoft Corporation
      modulePartNo: None
      memType: Unknown
      size: 398
      clkspeed: 0
      moduleVoltage: 0
    DIMM 4:
      manufacturer: Microsoft Corporation
      modulePartNo: None
      memType: Unknown
      size: 458
      clkspeed: 0
      moduleVoltage: 0
    DIMM 5:
      manufacturer: Microsoft Corporation
      modulePartNo: None
      memType: Unknown
      size: 458
      clkspeed: 0
      moduleVoltage: 0
    DIMM 6:
      manufacturer: Microsoft Corporation
      modulePartNo: None
      memType: Unknown
      size: 458
      clkspeed: 0
      moduleVoltage: 0
Checksum: 86C5847C29558CD3986CF7CDA11996C4DD72D759