---
system-info:
      stress-ng-version: 0.17.08
      run-by: root
      date-yyyy-mm-dd: 2024:06:13
      time-hh-mm-ss: 20:42:50
      epoch-secs: 1718311370
      hostname: 880009f2e773
      sysname: Linux
      nodename: 880009f2e773
      release: 6.8.0-1008-aws
      version: '#8-Ubuntu SMP Sat Apr 20 00:46:25 UTC 2024'
      machine: x86_64
      compiler: 'musl-gcc 13.2.1'
      uptime: 161
      totalram: 33091211264
      freeram: 28746870784
      sharedram: 59858944
      bufferram: 107634688
      totalswap: 0
      freeswap: 0
      pagesize: 4096
      cpus: 4
      cpus-online: 4
      ticks-per-second: 100

metrics:
    - stressor: cpu
      bogo-ops: 37672
      bogo-ops-per-second-usr-sys-time: 1883.628160
      bogo-ops-per-second-real-time: 1883.592927
      wall-clock-time: 20.000075
      user-time: 19.999701
      system-time: 0.000000
      cpu-usage-per-instance: 99.998129
      max-rss: 1104

...
