---
system-info:
      stress-ng-version: 0.17.08
      run-by: root
      date-yyyy-mm-dd: 2024:06:08
      time-hh-mm-ss: 07:54:40
      epoch-secs: 1717833280
      hostname: 04a71d7a1e95
      sysname: Linux
      nodename: 04a71d7a1e95
      release: 6.8.0-1008-aws
      version: '#8-Ubuntu SMP Sat Apr 20 00:46:25 UTC 2024'
      machine: x86_64
      compiler: 'musl-gcc 13.2.1'
      uptime: 115
      totalram: 33091219456
      freeram: 28748115968
      sharedram: 59858944
      bufferram: 98381824
      totalswap: 0
      freeswap: 0
      pagesize: 4096
      cpus: 4
      cpus-online: 4
      ticks-per-second: 100

metrics:
    - stressor: cpu
      bogo-ops: 16592
      bogo-ops-per-second-usr-sys-time: 1659.152880
      bogo-ops-per-second-real-time: 1659.075835
      wall-clock-time: 10.000748
      user-time: 10.000284
      system-time: 0.000000
      cpu-usage-per-instance: 99.995356
      max-rss: 4048

...
