---
system-info:
      stress-ng-version: 0.17.08
      run-by: root
      date-yyyy-mm-dd: 2024:09:07
      time-hh-mm-ss: 11:21:18
      epoch-secs: 1725708078
      hostname: ip-172-31-36-1
      sysname: Linux
      nodename: ip-172-31-36-1
      release: 6.8.0-1014-aws
      version: '#15-Ubuntu SMP Thu Aug  8 20:05:03 UTC 2024'
      machine: aarch64
      compiler: 'musl-gcc 13.2.1'
      uptime: 177
      totalram: 132655648768
      freeram: 123990241280
      sharedram: 35000320
      bufferram: 221335552
      totalswap: 0
      freeswap: 0
      pagesize: 4096
      cpus: 16
      cpus-online: 16
      ticks-per-second: 100

metrics:
    - stressor: cpu
      bogo-ops: 490170
      bogo-ops-per-second-usr-sys-time: 1533.010504
      bogo-ops-per-second-real-time: 24508.421226
      wall-clock-time: 20.000064
      user-time: 319.731412
      system-time: 0.011994
      cpu-usage-per-instance: 99.919493
      max-rss: 1192

...
