---
system-info:
      stress-ng-version: 0.17.08
      run-by: root
      date-yyyy-mm-dd: 2024:07:02
      time-hh-mm-ss: 18:17:54
      epoch-secs: 1719944274
      hostname: t2a-standard-48-7684df6
      sysname: Linux
      nodename: t2a-standard-48-7684df6
      release: 6.8.0-1009-gcp
      version: '#10-Ubuntu SMP Thu Jun 13 02:33:24 UTC 2024'
      machine: aarch64
      compiler: 'musl-gcc 13.2.1'
      uptime: 181
      totalram: 202198065152
      freeram: 196675084288
      sharedram: 3674112
      bufferram: 129306624
      totalswap: 0
      freeswap: 0
      pagesize: 4096
      cpus: 48
      cpus-online: 48
      ticks-per-second: 100

metrics:
    - stressor: cpu
      bogo-ops: 36280
      bogo-ops-per-second-usr-sys-time: 1814.070023
      bogo-ops-per-second-real-time: 1813.991912
      wall-clock-time: 20.000089
      user-time: 19.998229
      system-time: 0.000999
      cpu-usage-per-instance: 99.995694
      max-rss: 1176

...
