BaselineInfo:
  WebDBID: -1
  TimeStamp: 20241108111934
Version:
  Major: 11
  Minor: 0
  Build: 1002
  SpecialBuildName: ""
  ptArchitecture: x86_64_linux
Results:
  Results Complete: true
  NumTestProcesses: 4
  CPU_INTEGER_MATH: 12433.094000000001
  CPU_FLOATINGPOINT_MATH: 6663.7299629025893
  CPU_PRIME: 28.080714626595167
  CPU_SORTING: 6592.8721324804774
  CPU_ENCRYPTION: 1713.8665261554756
  CPU_COMPRESSION: 55595.405549190946
  CPU_SINGLETHREAD: 2011.2966020527556
  CPU_PHYSICS: 552.65302931494716
  CPU_MATRIX_MULT_SSE: 3638.7495746364666
  CPU_mm: 376.9955288971903
  CPU_sse: 1309.230326730376
  CPU_fma: 4476.0258388329812
  CPU_avx: 3162.8575828140774
  CPU_avx512: 5606.8845501684318
  m_CPU_enc_SHA: 561762723.7954433
  m_CPU_enc_AES: 4327701188.2018003
  m_CPU_enc_ECDSA: 501894007.59276813
  ME_ALLOC_S: 1472.7962735836568
  ME_READ_S: 24100.918359374999
  ME_READ_L: 11749.28515625
  ME_WRITE: 10621.7060546875
  ME_LARGE: 118782
  ME_LATENCY: 47.785543297825619
  ME_THREADED: 24713.07470703125
  SUMM_CPU: 4439.6717357009147
  SUMM_ME: 2364.3923599614131
SystemInformation:
  OSName: Ubuntu 24.04.1 LTS
  Kernel: 6.8.0-1017-azure
  Device: ""
  Processor: Intel Xeon Platinum 8272CL CPU @ 2.60GHz
  NumSockets: 1
  Manufacturer: GenuineIntel
  NumCores: 2
  NumLogicals: 4
  CPUFrequency: 0
  Memory: 128813
  MemModuleInfo:
    iNumMemSticks: 3
    DIMM 1:
      manufacturer: Microsoft Corporation
      modulePartNo: None
      memType: Unknown
      size: 1
      clkspeed: 0
      moduleVoltage: 0
    DIMM 2:
      manufacturer: Microsoft Corporation
      modulePartNo: None
      memType: Unknown
      size: 60928
      clkspeed: 0
      moduleVoltage: 0
    DIMM 3:
      manufacturer: Microsoft Corporation
      modulePartNo: None
      memType: Unknown
      size: 69120
      clkspeed: 0
      moduleVoltage: 0
Checksum: 9D769FE71A4B680E791002AC97E31FD5C786F2C8