---
system-info:
      stress-ng-version: 0.17.08
      run-by: root
      date-yyyy-mm-dd: 2024:07:11
      time-hh-mm-ss: 23:20:47
      epoch-secs: 1720740047
      hostname: ip-172-31-15-171
      sysname: Linux
      nodename: ip-172-31-15-171
      release: 6.8.0-1010-aws
      version: '#10-Ubuntu SMP Thu Jun 13 17:36:15 UTC 2024'
      machine: x86_64
      compiler: 'musl-gcc 13.2.1'
      uptime: 226
      totalram: 66681184256
      freeram: 58693775360
      sharedram: 40800256
      bufferram: 129708032
      totalswap: 0
      freeswap: 0
      pagesize: 4096
      cpus: 16
      cpus-online: 16
      ticks-per-second: 100

metrics:
    - stressor: cpu
      bogo-ops: 25677
      bogo-ops-per-second-usr-sys-time: 1283.849615
      bogo-ops-per-second-real-time: 1283.844245
      wall-clock-time: 20.000090
      user-time: 19.999006
      system-time: 0.001000
      cpu-usage-per-instance: 99.999582
      max-rss: 1104

...
