---
system-info:
      stress-ng-version: 0.17.08
      run-by: root
      date-yyyy-mm-dd: 2024:06:13
      time-hh-mm-ss: 13:27:05
      epoch-secs: 1718285225
      hostname: 9199ee715685
      sysname: Linux
      nodename: 9199ee715685
      release: 6.8.0-1008-aws
      version: '#8-Ubuntu SMP Sat Apr 20 02:43:14 UTC 2024'
      machine: aarch64
      compiler: 'musl-gcc 13.2.1'
      uptime: 130
      totalram: 16368406528
      freeram: 12145500160
      sharedram: 35012608
      bufferram: 104796160
      totalswap: 0
      freeswap: 0
      pagesize: 4096
      cpus: 4
      cpus-online: 4
      ticks-per-second: 100

metrics:
    - stressor: cpu
      bogo-ops: 121012
      bogo-ops-per-second-usr-sys-time: 1519.053113
      bogo-ops-per-second-real-time: 6050.587305
      wall-clock-time: 20.000042
      user-time: 79.646797
      system-time: 0.015987
      cpu-usage-per-instance: 99.578271
      max-rss: 1192

...
