---
system-info:
      stress-ng-version: 0.17.08
      run-by: root
      date-yyyy-mm-dd: 2024:06:07
      time-hh-mm-ss: 21:55:07
      epoch-secs: 1717797307
      hostname: 2b89481928ee
      sysname: Linux
      nodename: 2b89481928ee
      release: 6.8.0-1008-aws
      version: '#8-Ubuntu SMP Sat Apr 20 02:43:14 UTC 2024'
      machine: aarch64
      compiler: 'musl-gcc 13.2.1'
      uptime: 123
      totalram: 16368410624
      freeram: 12141400064
      sharedram: 35012608
      bufferram: 92798976
      totalswap: 0
      freeswap: 0
      pagesize: 4096
      cpus: 4
      cpus-online: 4
      ticks-per-second: 100

metrics:
    - stressor: cpu
      bogo-ops: 11724
      bogo-ops-per-second-usr-sys-time: 293.182751
      bogo-ops-per-second-real-time: 1166.436615
      wall-clock-time: 10.051125
      user-time: 39.980717
      system-time: 0.007993
      cpu-usage-per-instance: 99.463271
      max-rss: 4136

...
