BaselineInfo:
  WebDBID: -1
  TimeStamp: 20241202182258
Version:
  Major: 11
  Minor: 0
  Build: 1002
  SpecialBuildName: ""
  ptArchitecture: x86_64_linux
Results:
  Results Complete: true
  NumTestProcesses: 8
  CPU_INTEGER_MATH: 42052.211333333333
  CPU_FLOATINGPOINT_MATH: 29801.088132399516
  CPU_PRIME: 80.09093847907674
  CPU_SORTING: 21356.350033296512
  CPU_ENCRYPTION: 9289.8262575795598
  CPU_COMPRESSION: 154275.39652134338
  CPU_SINGLETHREAD: 3219.7003099336494
  CPU_PHYSICS: 1953.3185295871262
  CPU_MATRIX_MULT_SSE: 12359.041147182601
  CPU_mm: 1201.1108449327112
  CPU_sse: 5165.8496065823301
  CPU_fma: 13556.874378845168
  CPU_avx: 10929.342173852236
  CPU_avx512: 19784.098429450671
  m_CPU_enc_SHA: 9788270869.5144463
  m_CPU_enc_AES: 12738319995.757776
  m_CPU_enc_ECDSA: 6696675708.3310108
  ME_ALLOC_S: 5723.8257904067414
  ME_READ_S: 27413.929394531249
  ME_READ_L: 8688.642578125
  ME_WRITE: 17811.580078125
  ME_LARGE: 52543.75
  ME_LATENCY: 45.98058628403561
  ME_THREADED: 61226.35009765625
  SUMM_CPU: 15605.174085422372
  SUMM_ME: 2766.9685579757288
SystemInformation:
  OSName: Ubuntu 24.04.1 LTS
  Kernel: 6.8.0-1018-aws
  Device: ""
  Processor: Intel Xeon Platinum 8559C
  NumSockets: 1
  Manufacturer: GenuineIntel
  NumCores: 4
  NumLogicals: 8
  CPUFrequency: 0
  Memory: 63260
  MemModuleInfo:
    iNumMemSticks: 1
    DIMM 1:
      manufacturer: Not Specified
      modulePartNo: Not Specified
      memType: DDR5
      size: 64
      clkspeed: 2800
      moduleVoltage: 0
Checksum: 7DC6C2F5470B5BB4AFD97F76C4E2743E01118DCA