BaselineInfo:
  WebDBID: -1
  TimeStamp: 20241108083952
Version:
  Major: 11
  Minor: 0
  Build: 1002
  SpecialBuildName: ""
  ptArchitecture: x86_64_linux
Results:
  Results Complete: true
  NumTestProcesses: 16
  CPU_INTEGER_MATH: 96625.225333333321
  CPU_FLOATINGPOINT_MATH: 85278.035749945047
  CPU_PRIME: 303.92488960553294
  CPU_SORTING: 59692.421169431029
  CPU_ENCRYPTION: 20928.847918848332
  CPU_COMPRESSION: 420389.50898845331
  CPU_SINGLETHREAD: 2889.1597610558279
  CPU_PHYSICS: 4235.1659717325156
  CPU_MATRIX_MULT_SSE: 39734.799905742104
  CPU_mm: 4174.4189561978192
  CPU_sse: 18608.246869881063
  CPU_fma: 54619.356123134785
  CPU_avx: 46773.756532471416
  CPU_avx512: 38937.840097481152
  m_CPU_enc_SHA: 28900994412.358387
  m_CPU_enc_AES: 18336870060.876869
  m_CPU_enc_ECDSA: 18598598432.827682
  ME_ALLOC_S: 14974.533715930869
  ME_READ_S: 27833.520117187501
  ME_READ_L: 27091.513671875
  ME_WRITE: 26455.828125
  ME_LARGE: 21176.833333333332
  ME_LATENCY: 75.977999658658234
  ME_THREADED: 82303.3740234375
  SUMM_CPU: 36580.314135803135
  SUMM_ME: 2683.6048021803686
SystemInformation:
  OSName: Ubuntu 24.04.1 LTS
  Kernel: 6.8.0-1016-aws
  Device: ""
  Processor: AMD EPYC 9R14
  NumSockets: 1
  Manufacturer: AuthenticAMD
  NumCores: 16
  NumLogicals: 16
  CPUFrequency: 0
  Memory: 31384
  MemModuleInfo:
    iNumMemSticks: 1
    DIMM 1:
      manufacturer: Not Specified
      modulePartNo: Not Specified
      memType: DDR5
      size: 32
      clkspeed: 2400
      moduleVoltage: 0
Checksum: 5EA8618FAD86C3F2DDCFF59F2B0055A117365BB1