BaselineInfo:
  WebDBID: -1
  TimeStamp: 20251219160538
Version:
  Major: 11
  Minor: 0
  Build: 1002
  SpecialBuildName: ""
  ptArchitecture: aarch64_linux
Results:
  Results Complete: true
  NumTestProcesses: 64
  CPU_INTEGER_MATH: 333789.31800000003
  CPU_FLOATINGPOINT_MATH: 387720.2157255793
  CPU_PRIME: 710.6035342456795
  CPU_SORTING: 293005.11985944817
  CPU_ENCRYPTION: 12118.454322095551
  CPU_COMPRESSION: 424857.27041414042
  CPU_SINGLETHREAD: 1943.7597275315154
  CPU_PHYSICS: 16946.079094867124
  CPU_MATRIX_MULT_SSE: 56250.739070904805
  CPU_mm: 7199.8281923837358
  CPU_sse: 44235.789720837092
  CPU_fma: 68265.68842097251
  CPU_avx: 0
  CPU_avx512: 0
  m_CPU_enc_SHA: 19152296254.096485
  m_CPU_enc_AES: 6851863262.6032238
  m_CPU_enc_ECDSA: 12117201561.037281
  ME_ALLOC_S: 47975.027791696921
  ME_READ_S: 19699.530859375001
  ME_READ_L: 20248.025390625
  ME_WRITE: 21293.787109375
  ME_LARGE: 238290.66666666666
  ME_LATENCY: 44.381026663323098
  ME_THREADED: 524596.46630859375
  SUMM_CPU: 44189.536679094359
  SUMM_ME: 3405.4564029030448
SystemInformation:
  OSName: Ubuntu 24.04.2 LTS
  Kernel: 6.14.0-1018-aws
  Device: ""
  Processor: ARM Neoverse-V2 64 Core 0 MHz
  NumSockets: 1
  Manufacturer: ARM
  NumCores: 64
  NumLogicals: 64
  CPUFrequency: 0
  Memory: 253153
Checksum: E53ECB70A0236950A49396A93CE662466B8D434E