size_kb,operation,bandwidth_mb_s,latency_ns,latency_stddev_ns,latency_samples,threads,iterations,elapsed_s
32,read,2496957.98,0,0,0,32,527426,0.211227
32,write,2504932.57,0,0,0,32,558035,0.222774
32,copy,2444782.08,0,0,0,32,483559,0.197792
32,latency,0,2.06,0.01,7,1,7,0.295390
128,read,1776467.92,0,0,0,32,99681,0.224448
128,write,2498676.12,0,0,0,32,150511,0.240945
128,copy,1728225.59,0,0,0,32,89445,0.207022
128,latency,0,3.39,0.00,7,1,7,0.706017
512,read,1692140.95,0,0,0,32,29599,0.279873
512,write,2492821.86,0,0,0,32,38971,0.250133
512,copy,670529.54,0,0,0,32,21457,0.512001
512,latency,0,5.32,0.00,7,1,7,0.709990
1024,read,1031823.15,0,0,0,32,11811,0.366295
1024,write,1297156.22,0,0,0,32,18906,0.466399
1024,copy,251251.05,0,0,0,32,8594,1.094555
1024,latency,0,11.07,0.01,7,1,7,0.670015
2048,read,407350.37,0,0,0,32,4949,0.777552
2048,write,455443.75,0,0,0,32,9169,1.288449
2048,copy,176716.77,0,0,0,32,3407,1.233884
2048,latency,0,20.96,0.02,7,1,7,0.686523
8192,read,262406.18,0,0,0,32,872,0.850712
8192,write,269676.52,0,0,0,32,1737,1.648909
8192,copy,121462.60,0,0,0,32,741,1.561765
8192,latency,0,27.13,0.41,7,1,7,0.665554
16384,read,244250.38,0,0,0,32,412,0.863638
16384,write,241744.53,0,0,0,32,924,1.956975
16384,copy,116225.77,0,0,0,32,401,1.766493
16384,latency,0,73.02,11.81,21,1,21,1.890696
32768,read,230160.36,0,0,0,32,208,0.925407
32768,write,228459.88,0,0,0,32,446,1.999056
32768,copy,116230.33,0,0,0,32,198,1.744398
32768,latency,0,93.64,4.01,7,1,7,2.051427
65536,read,228701.10,0,0,0,32,105,0.940267
65536,write,228360.53,0,0,0,32,230,2.062703
65536,copy,115822.86,0,0,0,32,99,1.750535
65536,latency,0,107.03,1.92,7,1,7,4.829289
131072,read,227117.99,0,0,0,32,53,0.955838
131072,write,226869.00,0,0,0,32,113,2.040155
131072,copy,116023.26,0,0,0,32,49,1.729860
131072,latency,0,116.13,1.28,7,1,7,10.615955
