BaselineInfo:
  WebDBID: -1
  TimeStamp: 20250527064307
Version:
  Major: 11
  Minor: 0
  Build: 1002
  SpecialBuildName: ""
  ptArchitecture: x86_64_linux
Results:
  Results Complete: true
  NumTestProcesses: 24
  CPU_INTEGER_MATH: 127734.84566666665
  CPU_FLOATINGPOINT_MATH: 90504.316319074249
  CPU_PRIME: 253.98564966713892
  CPU_SORTING: 63819.729524701048
  CPU_ENCRYPTION: 28150.074308426134
  CPU_COMPRESSION: 460222.58511967002
  CPU_SINGLETHREAD: 3249.5132387700942
  CPU_PHYSICS: 5993.8846053664065
  CPU_MATRIX_MULT_SSE: 37857.255596951683
  CPU_mm: 3611.3737116314419
  CPU_sse: 15565.549447558622
  CPU_fma: 42168.640142666496
  CPU_avx: 31946.291386603931
  CPU_avx512: 61748.541410977661
  m_CPU_enc_SHA: 29727141674.948025
  m_CPU_enc_AES: 38739221744.246651
  m_CPU_enc_ECDSA: 20086113534.902054
  ME_ALLOC_S: 15717.544063110576
  ME_READ_S: 29328.782421874999
  ME_READ_L: 10357.3837890625
  ME_WRITE: 9782.6298828125
  ME_LARGE: 1004906.5
  ME_LATENCY: 56.511614075877354
  ME_THREADED: 278376.33349609375
  SUMM_CPU: 41709.258239094204
  SUMM_ME: 2707.1440670256902
SystemInformation:
  OSName: Ubuntu 24.04.2 LTS
  Kernel: 6.11.0-1015-azure
  Device: ""
  Processor: INTEL XEON PLATINUM 8573C
  NumSockets: 2
  Manufacturer: GenuineIntel
  NumCores: 12
  NumLogicals: 24
  CPUFrequency: 2300
  Memory: 1015946
  MemModuleInfo:
    iNumMemSticks: 4
    DIMM 1:
      manufacturer: Microsoft Corporation
      modulePartNo: None
      memType: Unknown
      size: 1
      clkspeed: 0
      moduleVoltage: 0
    DIMM 2:
      manufacturer: Microsoft Corporation
      modulePartNo: None
      memType: Unknown
      size: 59
      clkspeed: 0
      moduleVoltage: 0
    DIMM 3:
      manufacturer: Microsoft Corporation
      modulePartNo: None
      memType: Unknown
      size: 444
      clkspeed: 0
      moduleVoltage: 0
    DIMM 4:
      manufacturer: Microsoft Corporation
      modulePartNo: None
      memType: Unknown
      size: 504
      clkspeed: 0
      moduleVoltage: 0
Checksum: 701E1DF0575C7BE672EEE9203431171BAE25B95F