size_kb,operation,bandwidth_mb_s,latency_ns,latency_stddev_ns,latency_samples,threads,iterations,elapsed_s
32,read,312402.39,0,0,0,4,549450,0.219849
32,write,313283.69,0,0,0,4,542299,0.216377
32,copy,306197.63,0,0,0,4,483559,0.197405
32,latency,0,2.06,0.00,7,1,7,0.295044
128,read,222628.26,0,0,0,4,95675,0.214876
128,write,311646.82,0,0,0,4,151240,0.242646
128,copy,216521.69,0,0,0,4,99009,0.228635
128,latency,0,3.35,0.00,7,1,7,0.700990
512,read,211105.44,0,0,0,4,27654,0.261992
512,write,311382.53,0,0,0,4,38971,0.250309
512,copy,140969.14,0,0,0,4,22188,0.314792
512,latency,0,5.31,0.02,7,1,7,0.708536
1024,read,184669.01,0,0,0,4,12787,0.276971
1024,write,304443.65,0,0,0,4,18809,0.247126
1024,copy,83604.58,0,0,0,4,9040,0.432512
1024,latency,0,10.59,0.06,7,1,7,0.647270
2048,read,136082.07,0,0,0,4,5897,0.346673
2048,write,167644.71,0,0,0,4,8900,0.424708
2048,copy,66551.67,0,0,0,4,3859,0.463880
2048,latency,0,22.54,0.03,7,1,7,0.696318
8192,read,100584.48,0,0,0,4,959,0.305097
8192,write,104115.68,0,0,0,4,2024,0.622077
8192,copy,59807.35,0,0,0,4,874,0.467635
8192,latency,0,30.44,1.02,7,1,7,0.745773
16384,read,95276.69,0,0,0,4,454,0.304964
16384,write,97704.97,0,0,0,4,968,0.634072
16384,copy,62172.17,0,0,0,4,390,0.401466
16384,latency,0,31.14,2.73,21,1,21,2.272832
32768,read,91562.62,0,0,0,4,210,0.293570
32768,write,94877.76,0,0,0,4,479,0.646221
32768,copy,62064.87,0,0,0,4,187,0.385661
32768,latency,0,86.49,4.07,8,1,8,2.115747
65536,read,90887.03,0,0,0,4,108,0.304202
65536,write,93500.01,0,0,0,4,236,0.646160
65536,copy,61988.68,0,0,0,4,97,0.400589
65536,latency,0,106.62,2.45,7,1,7,4.726158
131072,read,89983.60,0,0,0,4,52,0.295876
131072,write,92847.21,0,0,0,4,115,0.634160
131072,copy,61826.90,0,0,0,4,48,0.397497
131072,latency,0,112.62,0.91,7,1,7,10.511006
