BaselineInfo:
  WebDBID: -1
  TimeStamp: 20250526200040
Version:
  Major: 11
  Minor: 0
  Build: 1002
  SpecialBuildName: ""
  ptArchitecture: x86_64_linux
Results:
  Results Complete: true
  NumTestProcesses: 6
  CPU_INTEGER_MATH: 31906.003666666664
  CPU_FLOATINGPOINT_MATH: 22624.131708233701
  CPU_PRIME: 63.503688237001043
  CPU_SORTING: 16050.019591558441
  CPU_ENCRYPTION: 7028.5194758040061
  CPU_COMPRESSION: 116327.14805068445
  CPU_SINGLETHREAD: 3251.529905562249
  CPU_PHYSICS: 1508.6691428099903
  CPU_MATRIX_MULT_SSE: 9245.2440208977023
  CPU_mm: 902.68797325843093
  CPU_sse: 3908.0517969055531
  CPU_fma: 10478.712397393678
  CPU_avx: 7993.8992995499048
  CPU_avx512: 14600.312589741672
  m_CPU_enc_SHA: 7430891024.6585007
  m_CPU_enc_AES: 9663755136.8800812
  m_CPU_enc_ECDSA: 5015164352.0434036
  ME_ALLOC_S: 4361.0782595672508
  ME_READ_S: 28843.524804687499
  ME_READ_L: 10514.443359375
  ME_WRITE: 9486.1279296875
  ME_LARGE: 244106.66666666666
  ME_LATENCY: 59.865514639087735
  ME_THREADED: 47205.95361328125
  SUMM_CPU: 12016.377825835829
  SUMM_ME: 2432.2614640231009
SystemInformation:
  OSName: Ubuntu 24.04.2 LTS
  Kernel: 6.11.0-1015-azure
  Device: ""
  Processor: INTEL XEON PLATINUM 8573C
  NumSockets: 1
  Manufacturer: GenuineIntel
  NumCores: 3
  NumLogicals: 6
  CPUFrequency: 2300
  Memory: 253713
  MemModuleInfo:
    iNumMemSticks: 3
    DIMM 1:
      manufacturer: Microsoft Corporation
      modulePartNo: None
      memType: Unknown
      size: 1
      clkspeed: 0
      moduleVoltage: 0
    DIMM 2:
      manufacturer: Microsoft Corporation
      modulePartNo: None
      memType: Unknown
      size: 59
      clkspeed: 0
      moduleVoltage: 0
    DIMM 3:
      manufacturer: Microsoft Corporation
      modulePartNo: None
      memType: Unknown
      size: 192
      clkspeed: 0
      moduleVoltage: 0
Checksum: D97C7978F0373064295D2DCD28F8BB67507580D3