BaselineInfo:
  WebDBID: -1
  TimeStamp: 20241107221659
Version:
  Major: 11
  Minor: 0
  Build: 1002
  SpecialBuildName: ""
  ptArchitecture: x86_64_linux
Results:
  Results Complete: true
  NumTestProcesses: 16
  CPU_INTEGER_MATH: 73628.917000000001
  CPU_FLOATINGPOINT_MATH: 40385.538664898697
  CPU_PRIME: 102.38057413899188
  CPU_SORTING: 37768.654413282158
  CPU_ENCRYPTION: 18990.859180685744
  CPU_COMPRESSION: 280750.61810248561
  CPU_SINGLETHREAD: 2641.8837605949325
  CPU_PHYSICS: 1868.1749494287442
  CPU_MATRIX_MULT_SSE: 16493.929474291177
  CPU_mm: 1991.2825463133306
  CPU_sse: 8378.7552824827526
  CPU_fma: 23015.90359293763
  CPU_avx: 18087.129547453147
  CPU_avx512: 0
  m_CPU_enc_SHA: 27494849596.308559
  m_CPU_enc_AES: 17587934391.691067
  m_CPU_enc_ECDSA: 14657293480.740572
  ME_ALLOC_S: 7173.7816370344381
  ME_READ_S: 26472.2919921875
  ME_READ_L: 17630.322265625
  ME_WRITE: 17124.515625
  ME_LARGE: 52669.833333333336
  ME_LATENCY: 62.574185344027676
  ME_THREADED: 37848.85546875
  SUMM_CPU: 23501.0435448676
  SUMM_ME: 2669.2154832662154
SystemInformation:
  OSName: Ubuntu 24.04.1 LTS
  Kernel: 6.8.0-1016-aws
  Device: ""
  Processor: AMD EPYC 7R13 Processor
  NumSockets: 1
  Manufacturer: AuthenticAMD
  NumCores: 8
  NumLogicals: 16
  CPUFrequency: 0
  Memory: 62920
  MemModuleInfo:
    iNumMemSticks: 1
    DIMM 1:
      manufacturer: Not Specified
      modulePartNo: Not Specified
      memType: DDR4
      size: 64
      clkspeed: 1600
      moduleVoltage: 0
Checksum: 4428E9F9613512050262EC3F6FA54B9EFBA910F6