size_kb,operation,bandwidth_mb_s,latency_ns,latency_stddev_ns,latency_samples,threads,iterations,elapsed_s
16,read,275355.53,0,0,0,4,649350,0.147389
16,write,164777.32,0,0,0,4,405186,0.153687
16,copy,151520.25,0,0,0,4,260416,0.107418
16,latency,0,2.45,0.03,7,1,7,0.177992
64,read,182395.47,0,0,0,4,137061,0.187862
64,write,106368.99,0,0,0,4,105263,0.247401
64,copy,78734.45,0,0,0,4,71551,0.227191
64,latency,0,4.35,0.07,7,1,7,0.628296
2048,read,114246.25,0,0,0,4,3154,0.220856
2048,write,73162.12,0,0,0,4,2102,0.229846
2048,copy,44745.10,0,0,0,4,1087,0.194345
2048,latency,0,19.04,0.57,7,1,7,0.692717
4096,read,77490.47,0,0,0,4,1512,0.312193
4096,write,54321.98,0,0,0,4,1121,0.330179
4096,copy,15220.91,0,0,0,4,284,0.298537
4096,latency,0,16.04,0.79,9,1,9,0.683818
8192,read,31868.27,0,0,0,4,402,0.403662
8192,write,22944.75,0,0,0,4,386,0.538337
8192,copy,9608.84,0,0,0,4,157,0.522852
8192,latency,0,20.10,6.31,21,1,21,2.405900
16384,read,18999.94,0,0,0,4,81,0.272843
16384,write,11696.26,0,0,0,4,125,0.683979
16384,copy,11770.72,0,0,0,4,76,0.413229
16384,latency,0,78.51,9.18,21,1,21,1.867522
32768,read,16822.01,0,0,0,4,59,0.448936
32768,write,17234.92,0,0,0,4,55,0.408473
32768,copy,7615.38,0,0,0,4,39,0.655516
32768,latency,0,75.92,2.53,7,1,7,1.729010
65536,read,26869.10,0,0,0,4,34,0.323941
65536,write,13648.86,0,0,0,4,28,0.525172
65536,copy,7558.64,0,0,0,4,20,0.677371
65536,latency,0,80.61,1.38,7,1,7,3.797707
