BaselineInfo:
  WebDBID: -1
  TimeStamp: 20260403234646
Version:
  Major: 11
  Minor: 0
  Build: 1004
  SpecialBuildName: ""
  ptArchitecture: x86_64_linux
Results:
  Results Complete: true
  NumTestProcesses: 8
  CPU_INTEGER_MATH: 33463.459666666669
  CPU_FLOATINGPOINT_MATH: 17137.204394047149
  CPU_PRIME: 72.594778105512432
  CPU_SORTING: 17520.771637195223
  CPU_ENCRYPTION: 4234.0998183025049
  CPU_COMPRESSION: 124710.52597818736
  CPU_SINGLETHREAD: 2374.9900032320625
  CPU_PHYSICS: 1371.6378509306708
  CPU_MATRIX_MULT_SSE: 6901.4267353888554
  CPU_mm: 722.42741224921156
  CPU_sse: 3178.8558099261982
  CPU_fma: 8609.6959447804402
  CPU_avx: 6445.9690859503226
  CPU_avx512: 9371.1861008984561
  m_CPU_enc_SHA: 1202675536.3793468
  m_CPU_enc_AES: 11023500763.400852
  m_CPU_enc_ECDSA: 1093150053.4489057
  ME_ALLOC_S: 4028.0760354344061
  ME_READ_S: 23493.008007812499
  ME_READ_L: 11279.1435546875
  ME_WRITE: 10605.2666015625
  ME_LARGE: 3608.1666666666665
  ME_LATENCY: 53.886762536411275
  ME_THREADED: 53873.7119140625
  SUMM_CPU: 10428.006329292486
  SUMM_ME: 2069.8805468601167
SystemInformation:
  OSName: Ubuntu 24.04.4 LTS
  Kernel: 6.8.0-106-generic
  Device: ""
  Processor: Intel(R) Xeon(R) Platinum
  NumSockets: 1
  Manufacturer: GenuineIntel
  NumCores: 4
  NumLogicals: 8
  CPUFrequency: 0
  CPUMaxFrequency: 0
  Memory: 7269
  CPUInfo:
    number: 1
    Family: 6
    Model: 5
    stepping: 4
    features: 529267711
    manufacture: GenuineIntel
    typestring: Intel(R) Xeon(R) Platinum
    iCoresPerPackage: 4
    iThreadsPerPackage: 2
    featuresEx:
      - 529267711
      - 4294586883
      - 739248128
    bHybrid: false
    nPCore: 0
    nLogicalsPerPCore: 0
    nECore: 0
    nLogicalsPerECore: 0
  MemModuleInfo:
    iNumMemSticks: 1
    DIMM 1:
      manufacturer: Alibaba Cloud
      modulePartNo: Not Specified
      memType: RAM
      size: 8
      clkspeed: 0
      moduleVoltage: 0
Checksum: 5E77EE7D27D19CD907F7EE60B5EBAC11B2196161