BaselineInfo:
  WebDBID: -1
  TimeStamp: 20241108161956
Version:
  Major: 11
  Minor: 0
  Build: 1002
  SpecialBuildName: ""
  ptArchitecture: aarch64_linux
Results:
  Results Complete: true
  NumTestProcesses: 48
  CPU_INTEGER_MATH: 189625.21433333334
  CPU_FLOATINGPOINT_MATH: 143838.17142971474
  CPU_PRIME: 221.18032159211779
  CPU_SORTING: 134317.55535539868
  CPU_ENCRYPTION: 6561.5622549913251
  CPU_COMPRESSION: 228698.85943390461
  CPU_SINGLETHREAD: 1111.0421061502814
  CPU_PHYSICS: 3667.8197596305304
  CPU_MATRIX_MULT_SSE: 29930.530677776122
  CPU_mm: 4987.6494836779948
  CPU_sse: 25073.324411261299
  CPU_fma: 34787.736944290933
  CPU_avx: 0
  CPU_avx512: 0
  m_CPU_enc_SHA: 9850439100.9972801
  m_CPU_enc_AES: 4554889312.3364954
  m_CPU_enc_ECDSA: 6235561695.9355755
  ME_ALLOC_S: 20461.194910875984
  ME_READ_S: 9484.7420898437504
  ME_READ_L: 9200.109375
  ME_WRITE: 12576.7373046875
  ME_LARGE: 82735.75
  ME_LATENCY: 69.284859745219748
  ME_THREADED: 181390.73388671875
  SUMM_CPU: 23318.113580650883
  SUMM_ME: 1846.6288395370043
SystemInformation:
  OSName: Ubuntu 24.04.1 LTS
  Kernel: 6.8.0-1016-aws
  Device: ""
  Processor: ARM Neoverse-N1 48 Core 0 MHz
  NumSockets: 1
  Manufacturer: ARM
  NumCores: 48
  NumLogicals: 48
  CPUFrequency: 0
  Memory: 94812
Checksum: BB1AE4BE8740AF19A9A9CF39729D9E400935AE56