---
system-info:
      stress-ng-version: 0.17.08
      run-by: root
      date-yyyy-mm-dd: 2024:09:16
      time-hh-mm-ss: 23:59:28
      epoch-secs: 1726531168
      hostname: sc-runner
      sysname: Linux
      nodename: sc-runner
      release: 6.8.0-1014-azure
      version: '#16-Ubuntu SMP Thu Aug 15 20:04:41 UTC 2024'
      machine: x86_64
      compiler: 'musl-gcc 13.2.1'
      uptime: 268
      totalram: 168786051072
      freeram: 158203871232
      sharedram: 55074816
      bufferram: 262500352
      totalswap: 0
      freeswap: 0
      pagesize: 4096
      cpus: 20
      cpus-online: 20
      ticks-per-second: 100

metrics:
    - stressor: cpu
      bogo-ops: 388177
      bogo-ops-per-second-usr-sys-time: 971.268061
      bogo-ops-per-second-real-time: 19408.790862
      wall-clock-time: 20.000061
      user-time: 399.647015
      system-time: 0.012992
      cpu-usage-per-instance: 99.914697
      max-rss: 1140

...
