size_kb,operation,bandwidth_mb_s,latency_ns,latency_stddev_ns,latency_samples,threads,iterations,elapsed_s
32,read,488123.89,0,0,0,8,385802,0.197594
32,write,293510.81,0,0,0,8,274725,0.233999
32,copy,278688.38,0,0,0,8,245579,0.220299
32,latency,0,2.72,0.00,7,1,7,0.390336
128,read,341273.83,0,0,0,8,80827,0.236839
128,write,298356.76,0,0,0,8,74693,0.250348
128,copy,243150.86,0,0,0,8,15952,0.065605
128,latency,0,4.42,0.00,7,1,7,0.703134
512,read,321529.26,0,0,0,8,19369,0.240961
512,write,290707.36,0,0,0,8,18972,0.261046
512,copy,194713.27,0,0,0,8,13166,0.270470
512,latency,0,6.54,0.01,7,1,7,0.635078
1024,read,293482.07,0,0,0,8,9746,0.265665
1024,write,285780.14,0,0,0,8,9232,0.258436
1024,copy,98364.03,0,0,0,8,4689,0.381359
1024,latency,0,12.69,0.05,7,1,7,0.656952
2048,read,193539.49,0,0,0,8,3298,0.272647
2048,write,196865.08,0,0,0,8,4731,0.384507
2048,copy,78841.45,0,0,0,8,2928,0.594205
2048,latency,0,24.11,0.04,7,1,7,0.679073
8192,read,125314.91,0,0,0,8,690,0.352392
8192,write,150999.56,0,0,0,8,1076,0.456054
8192,copy,72221.34,0,0,0,8,630,0.558284
8192,latency,0,34.03,7.39,21,1,21,1.300361
16384,read,115304.80,0,0,0,8,324,0.359673
16384,write,146397.91,0,0,0,8,533,0.466018
16384,copy,71883.03,0,0,0,8,266,0.473658
16384,latency,0,86.96,6.14,21,1,21,2.153149
32768,read,106482.61,0,0,0,8,156,0.375047
32768,write,132347.23,0,0,0,8,281,0.543540
32768,copy,71225.16,0,0,0,8,135,0.485222
32768,latency,0,92.84,0.81,7,1,7,2.116686
65536,read,104256.82,0,0,0,8,74,0.363410
65536,write,131024.72,0,0,0,8,143,0.558795
65536,copy,71854.60,0,0,0,8,62,0.441781
65536,latency,0,99.03,0.61,7,1,7,4.543310
131072,read,117427.13,0,0,0,8,36,0.313931
131072,write,145185.09,0,0,0,8,71,0.500768
131072,copy,69898.89,0,0,0,8,29,0.424842
131072,latency,0,102.06,0.50,7,1,7,9.473071
