BaselineInfo:
  WebDBID: -1
  TimeStamp: 20241126110313
Version:
  Major: 11
  Minor: 0
  Build: 1002
  SpecialBuildName: ""
  ptArchitecture: x86_64_linux
Results:
  Results Complete: true
  NumTestProcesses: 48
  CPU_INTEGER_MATH: 290424.78999999998
  CPU_FLOATINGPOINT_MATH: 256287.18174354953
  CPU_PRIME: 935.25749326167374
  CPU_SORTING: 180710.88555889335
  CPU_ENCRYPTION: 63013.155268326183
  CPU_COMPRESSION: 1231032.1730952126
  CPU_SINGLETHREAD: 2904.5289667564684
  CPU_PHYSICS: 12314.031002223319
  CPU_MATRIX_MULT_SSE: 98590.689147667654
  CPU_mm: 11014.783303794871
  CPU_sse: 47147.855826532155
  CPU_fma: 128601.50139554702
  CPU_avx: 110465.78276915081
  CPU_avx512: 108147.61659944057
  m_CPU_enc_SHA: 87047277011.470917
  m_CPU_enc_AES: 55153754376.33239
  m_CPU_enc_ECDSA: 56021215508.11795
  ME_ALLOC_S: 29416.836500990015
  ME_READ_S: 27882.524218750001
  ME_READ_L: 27462.23828125
  ME_WRITE: 26656.3671875
  ME_LARGE: 180995.5
  ME_LATENCY: 77.474824976941576
  ME_THREADED: 318061.83984375
  SUMM_CPU: 80442.227495702333
  SUMM_ME: 2850.1324480890689
SystemInformation:
  OSName: Ubuntu 24.04.1 LTS
  Kernel: 6.8.0-1017-azure
  Device: ""
  Processor: AMD EPYC 9V74 80-Core Processor
  NumSockets: 1
  Manufacturer: AuthenticAMD
  NumCores: 48
  NumLogicals: 48
  CPUFrequency: 0
  Memory: 193212
  MemModuleInfo:
    iNumMemSticks: 3
    DIMM 1:
      manufacturer: Microsoft Corporation
      modulePartNo: None
      memType: Unknown
      size: 1
      clkspeed: 0
      moduleVoltage: 0
    DIMM 2:
      manufacturer: Microsoft Corporation
      modulePartNo: None
      memType: Unknown
      size: 59
      clkspeed: 0
      moduleVoltage: 0
    DIMM 3:
      manufacturer: Microsoft Corporation
      modulePartNo: None
      memType: Unknown
      size: 132
      clkspeed: 0
      moduleVoltage: 0
Checksum: A5456AE8616D9DB3740D74AEF7F6688C12481605