BaselineInfo:
  WebDBID: -1
  TimeStamp: 20260630122826
Version:
  Major: 11
  Minor: 0
  Build: 1004
  SpecialBuildName: ""
  ptArchitecture: x86_64_linux
Results:
  Results Complete: true
  NumTestProcesses: 32
  CPU_INTEGER_MATH: 209099.2126666666
  CPU_FLOATINGPOINT_MATH: 127467.57404705805
  CPU_PRIME: 506.3734405580642
  CPU_SORTING: 100635.85925059357
  CPU_ENCRYPTION: 42112.486851632922
  CPU_COMPRESSION: 789551.04329537496
  CPU_SINGLETHREAD: 3705.8773539425088
  CPU_PHYSICS: 8463.397075765286
  CPU_MATRIX_MULT_SSE: 64017.190773830764
  CPU_mm: 6039.2383255555424
  CPU_sse: 22501.861744386231
  CPU_fma: 68286.328155602969
  CPU_avx: 67341.807393030467
  CPU_avx512: 97938.765802303387
  m_CPU_enc_SHA: 52698601838.319687
  m_CPU_enc_AES: 43158618496.159935
  m_CPU_enc_ECDSA: 36617208704.333908
  ME_ALLOC_S: 21471.646400669943
  ME_READ_S: 33357.861328125
  ME_READ_L: 32249.716796875
  ME_WRITE: 32999.8828125
  ME_LARGE: 119448.41666666667
  ME_LATENCY: 77.78258154832632
  ME_THREADED: 351260.443359375
  SUMM_CPU: 62261.677661807451
  SUMM_ME: 2993.0462496890341
SystemInformation:
  OSName: Ubuntu 24.04.4 LTS
  Kernel: 6.8.0-124-generic
  Device: ""
  Processor: AMD EPYC-Turin Processor
  NumSockets: 1
  Manufacturer: AuthenticAMD
  NumCores: 16
  NumLogicals: 32
  CPUFrequency: 0
  CPUMaxFrequency: 0
  Memory: 128799
  CPUInfo:
    number: 1
    Family: 15
    Model: 0
    stepping: 0
    features: 395049983
    manufacture: AuthenticAMD
    typestring: AMD EPYC-Turin Processor
    iCoresPerPackage: 16
    iThreadsPerPackage: 2
    featuresEx:
      - 395049983
      - 4277809667
      - 802421759
    bHybrid: false
    nPCore: 0
    nLogicalsPerPCore: 0
    nECore: 0
    nLogicalsPerECore: 0
  MemModuleInfo:
    iNumMemSticks: 1
    DIMM 1:
      manufacturer: QEMU
      modulePartNo: Not Specified
      memType: RAM
      size: 128
      clkspeed: 0
      moduleVoltage: 0
Checksum: 49731368CCE3BD5C014580413CF71062C0EE1F54