BaselineInfo:
  WebDBID: -1
  TimeStamp: 20260708203133
Version:
  Major: 11
  Minor: 0
  Build: 1004
  SpecialBuildName: ""
  ptArchitecture: x86_64_linux
Results:
  Results Complete: true
  NumTestProcesses: 4
  CPU_INTEGER_MATH: 29279.57166666667
  CPU_FLOATINGPOINT_MATH: 29475.618399385858
  CPU_PRIME: 112.10607102338641
  CPU_SORTING: 17286.08601117033
  CPU_ENCRYPTION: 6063.7586015991237
  CPU_COMPRESSION: 127057.30095896637
  CPU_SINGLETHREAD: 3607.1387133965873
  CPU_PHYSICS: 1764.8461774538196
  CPU_MATRIX_MULT_SSE: 11338.774808072703
  CPU_mm: 1395.094255880686
  CPU_sse: 4205.7436911138757
  CPU_fma: 16406.510376437953
  CPU_avx: 8366.0314707126236
  CPU_avx512: 16376.813694026356
  m_CPU_enc_SHA: 8428303220.6710215
  m_CPU_enc_AES: 5268988835.4538002
  m_CPU_enc_ECDSA: 5377643162.1663876
  ME_ALLOC_S: 5327.7456921081357
  ME_READ_S: 32098.280468749999
  ME_READ_L: 28594.634765625
  ME_WRITE: 29942.638671875
  ME_LARGE: 3883.75
  ME_LATENCY: 82.836380463486606
  ME_THREADED: 49696.6806640625
  SUMM_CPU: 12917.963001667953
  SUMM_ME: 2155.4217814231802
SystemInformation:
  OSName: Ubuntu 24.04.4 LTS
  Kernel: 6.17.0-1018-azure
  Device: ""
  Processor: "AMD EPYC 9V45 96-Core Processor                "
  NumSockets: 1
  Manufacturer: AuthenticAMD
  NumCores: 4
  NumLogicals: 4
  CPUFrequency: 0
  CPUMaxFrequency: 0
  Memory: 7937
  CPUInfo:
    number: 1
    Family: 15
    Model: 2
    stepping: 1
    features: 395049983
    manufacture: AuthenticAMD
    typestring: "AMD EPYC 9V45 96-Core Processor                "
    iCoresPerPackage: 8
    iThreadsPerPackage: 1
    featuresEx:
      - 395049983
      - 4277809667
      - 802421759
    bHybrid: false
    nPCore: 0
    nLogicalsPerPCore: 0
    nECore: 0
    nLogicalsPerECore: 0
  MemModuleInfo:
    iNumMemSticks: 2
    DIMM 1:
      manufacturer: Microsoft Corporation
      modulePartNo: None
      memType: Unknown
      size: 1
      clkspeed: 0
      moduleVoltage: 0
    DIMM 2:
      manufacturer: Microsoft Corporation
      modulePartNo: None
      memType: Unknown
      size: 7
      clkspeed: 0
      moduleVoltage: 0
Checksum: 1B7564BC1F2FC78D9C3344E00770F0510814D0E6