BaselineInfo:
  WebDBID: -1
  TimeStamp: 20241107232620
Version:
  Major: 11
  Minor: 0
  Build: 1002
  SpecialBuildName: ""
  ptArchitecture: x86_64_linux
Results:
  Results Complete: true
  NumTestProcesses: 8
  CPU_INTEGER_MATH: 22608.222333333335
  CPU_FLOATINGPOINT_MATH: 12121.626303763493
  CPU_PRIME: 42.313000209121512
  CPU_SORTING: 11791.773614824308
  CPU_ENCRYPTION: 3113.3952824223843
  CPU_COMPRESSION: 100183.61278059223
  CPU_SINGLETHREAD: 1813.2412475590195
  CPU_PHYSICS: 850.05551249684129
  CPU_MATRIX_MULT_SSE: 6099.7769373666333
  CPU_mm: 687.42716294632294
  CPU_sse: 2435.6312685054581
  CPU_fma: 7292.1039727979687
  CPU_avx: 5152.9004300061342
  CPU_avx512: 9518.4720781569704
  m_CPU_enc_SHA: 1020677382.1498706
  m_CPU_enc_AES: 7861001416.4107609
  m_CPU_enc_ECDSA: 912215916.42337036
  ME_ALLOC_S: 2707.9946708324496
  ME_READ_S: 22103.941601562499
  ME_READ_L: 9553.830078125
  ME_WRITE: 9501.0947265625
  ME_LARGE: 21657.583333333332
  ME_LATENCY: 55.598410190509547
  ME_THREADED: 45609.22265625
  SUMM_CPU: 7642.0274385982293
  SUMM_ME: 2230.9349410263535
SystemInformation:
  OSName: Ubuntu 24.04.1 LTS
  Kernel: 6.8.0-1016-aws
  Device: ""
  Processor: Intel Xeon Platinum 8259CL CPU @ 2.50GHz
  NumSockets: 1
  Manufacturer: GenuineIntel
  NumCores: 4
  NumLogicals: 8
  CPUFrequency: 0
  Memory: 31722
  MemModuleInfo:
    iNumMemSticks: 1
    DIMM 1:
      manufacturer: Not Specified
      modulePartNo: Not Specified
      memType: DDR4
      size: 32
      clkspeed: 1600
      moduleVoltage: 0
Checksum: 07C9B32C08A97760984455B83816698A2A55F37A