BaselineInfo:
  WebDBID: -1
  TimeStamp: 20241115085921
Version:
  Major: 11
  Minor: 0
  Build: 1002
  SpecialBuildName: ""
  ptArchitecture: x86_64_linux
Results:
  Results Complete: true
  NumTestProcesses: 1
  CPU_INTEGER_MATH: 3537.1253333333334
  CPU_FLOATINGPOINT_MATH: 2953.8073698544276
  CPU_PRIME: 10.736030273475112
  CPU_SORTING: 2045.3539745056705
  CPU_ENCRYPTION: 453.00893984041289
  CPU_COMPRESSION: 16831.542367927181
  CPU_SINGLETHREAD: 1600.2993999649832
  CPU_PHYSICS: 197.35306655808981
  CPU_MATRIX_MULT_SSE: 1399.258330448383
  CPU_mm: 164.13037033596856
  CPU_sse: 610.62008450581982
  CPU_fma: 2010.8886786967389
  CPU_avx: 1360.9934264017506
  CPU_avx512: 1614.5311321892229
  m_CPU_enc_SHA: 250028802.41964555
  m_CPU_enc_AES: 959435002.44874179
  m_CPU_enc_ECDSA: 215579101.43791518
  ME_ALLOC_S: 0
  ME_READ_S: 0
  ME_READ_L: 0
  ME_WRITE: 0
  ME_LARGE: 0
  ME_LATENCY: 0
  ME_THREADED: 0
  SUMM_CPU: 1445.0104944475465
  SUMM_ME: 0
SystemInformation:
  OSName: Ubuntu 24.04.1 LTS
  Kernel: 6.8.0-1017-azure
  Device: ""
  Processor: Intel Xeon Platinum 8272CL CPU @ 2.60GHz
  NumSockets: 1
  Manufacturer: GenuineIntel
  NumCores: 1
  NumLogicals: 1
  CPUFrequency: 0
  Memory: 389
  MemModuleInfo:
    iNumMemSticks: 1
    DIMM 1:
      manufacturer: Microsoft Corporation
      modulePartNo: None
      memType: Unknown
      size: 512
      clkspeed: 0
      moduleVoltage: 0
Checksum: 7B6529E15A34A1371B17D305CF692FD09D55DFFB