BaselineInfo:
  WebDBID: -1
  TimeStamp: 20260404231206
Version:
  Major: 11
  Minor: 0
  Build: 1004
  SpecialBuildName: ""
  ptArchitecture: x86_64_linux
Results:
  Results Complete: true
  NumTestProcesses: 8
  CPU_INTEGER_MATH: 33641.811666666668
  CPU_FLOATINGPOINT_MATH: 17216.701865445248
  CPU_PRIME: 72.562716839168544
  CPU_SORTING: 17635.975221224387
  CPU_ENCRYPTION: 7311.5610602346978
  CPU_COMPRESSION: 124962.61671367621
  CPU_SINGLETHREAD: 2359.2370623080492
  CPU_PHYSICS: 1347.039526218816
  CPU_MATRIX_MULT_SSE: 6970.1733195695251
  CPU_mm: 726.0652194700026
  CPU_sse: 3195.0390496083601
  CPU_fma: 8756.5487283715047
  CPU_avx: 6482.8103466824905
  CPU_avx512: 9446.2951536157434
  m_CPU_enc_SHA: 7330208209.9618301
  m_CPU_enc_AES: 11109206206.463984
  m_CPU_enc_ECDSA: 4560767934.464159
  ME_ALLOC_S: 3991.9669805787858
  ME_READ_S: 24252.281054687501
  ME_READ_L: 11758.798828125
  ME_WRITE: 11385.6318359375
  ME_LARGE: 10090.583333333334
  ME_LATENCY: 57.175333602979343
  ME_THREADED: 53387.68701171875
  SUMM_CPU: 11364.983820940881
  SUMM_ME: 2341.7961580438155
SystemInformation:
  OSName: Ubuntu 24.04.4 LTS
  Kernel: 6.8.0-106-generic
  Device: ""
  Processor: Intel(R) Xeon(R) Platinum 8369B CPU @ 2.90GHz
  NumSockets: 1
  Manufacturer: GenuineIntel
  NumCores: 4
  NumLogicals: 8
  CPUFrequency: 0
  CPUMaxFrequency: 0
  Memory: 29695
  CPUInfo:
    number: 1
    Family: 6
    Model: 10
    stepping: 6
    features: 529267711
    manufacture: GenuineIntel
    typestring: Intel(R) Xeon(R) Platinum 8369B CPU @ 2.90GHz
    iCoresPerPackage: 4
    iThreadsPerPackage: 2
    featuresEx:
      - 529267711
      - 4277809667
      - 739248128
    bHybrid: false
    nPCore: 0
    nLogicalsPerPCore: 0
    nECore: 0
    nLogicalsPerECore: 0
  MemModuleInfo:
    iNumMemSticks: 2
    DIMM 1:
      manufacturer: Alibaba Cloud
      modulePartNo: Not Specified
      memType: RAM
      size: 16
      clkspeed: 0
      moduleVoltage: 0
    DIMM 2:
      manufacturer: Alibaba Cloud
      modulePartNo: Not Specified
      memType: RAM
      size: 14816
      clkspeed: 0
      moduleVoltage: 0
Checksum: 030EE3623C8DD9132C0FD4B64E4E4A04FB0764B9