BaselineInfo:
  WebDBID: -1
  TimeStamp: 20260615204458
Version:
  Major: 11
  Minor: 0
  Build: 1004
  SpecialBuildName: ""
  ptArchitecture: x86_64_linux
Results:
  Results Complete: true
  NumTestProcesses: 8
  CPU_INTEGER_MATH: 34062.084333333332
  CPU_FLOATINGPOINT_MATH: 24416.575999877368
  CPU_PRIME: 89.149148136782202
  CPU_SORTING: 20559.949776380156
  CPU_ENCRYPTION: 4369.2425842977354
  CPU_COMPRESSION: 170360.346986227
  CPU_SINGLETHREAD: 2064.0540402814618
  CPU_PHYSICS: 1392.5691858526734
  CPU_MATRIX_MULT_SSE: 12203.235673162104
  CPU_mm: 1501.1820196933124
  CPU_sse: 5480.2312847406611
  CPU_fma: 16314.531815213359
  CPU_avx: 11054.932257724726
  CPU_avx512: 15963.24733496967
  m_CPU_enc_SHA: 2404596298.628119
  m_CPU_enc_AES: 9253965204.3935928
  m_CPU_enc_ECDSA: 2085887233.1960354
  ME_ALLOC_S: 2589.135624835716
  ME_READ_S: 25219.292578125001
  ME_READ_L: 7231.45947265625
  ME_WRITE: 7295.5595703125
  ME_LARGE: 7848.333333333333
  ME_LATENCY: 61.660810339983954
  ME_THREADED: 49919.1875
  SUMM_CPU: 12523.226230692126
  SUMM_ME: 1904.8762796120143
SystemInformation:
  OSName: Ubuntu 24.04.4 LTS
  Kernel: 6.8.0-124-generic
  Device: ""
  Processor: Intel Xeon Processor (Cascadelake)
  NumSockets: 1
  Manufacturer: GenuineIntel
  NumCores: 4
  NumLogicals: 8
  CPUFrequency: 743
  CPUMaxFrequency: 2696
  Memory: 15985
  CPUInfo:
    number: 1
    Family: 6
    Model: 5
    stepping: 6
    features: 395049983
    manufacture: GenuineIntel
    typestring: Intel Xeon Processor (Cascadelake)
    iCoresPerPackage: 4
    iThreadsPerPackage: 2
    featuresEx:
      - 395049983
      - 4294586883
      - 739248128
    bHybrid: false
    nPCore: 0
    nLogicalsPerPCore: 0
    nECore: 0
    nLogicalsPerECore: 0
  MemModuleInfo:
    iNumMemSticks: 1
    DIMM 1:
      manufacturer: QEMU
      modulePartNo: Not Specified
      memType: RAM
      size: 16
      clkspeed: 0
      moduleVoltage: 0
Checksum: DAA1AC28A6595EC1CA80B3CD50E6D9839EA3CF8F