BaselineInfo:
  WebDBID: -1
  TimeStamp: 20241107171816
Version:
  Major: 11
  Minor: 0
  Build: 1002
  SpecialBuildName: ""
  ptArchitecture: x86_64_linux
Results:
  Results Complete: true
  NumTestProcesses: 4
  CPU_INTEGER_MATH: 16559.258999999998
  CPU_FLOATINGPOINT_MATH: 9135.5631672357868
  CPU_PRIME: 35.756237171147347
  CPU_SORTING: 9232.7422424793585
  CPU_ENCRYPTION: 4290.5085737312556
  CPU_COMPRESSION: 64070.771083250707
  CPU_SINGLETHREAD: 2379.475776045469
  CPU_PHYSICS: 623.63343112666053
  CPU_MATRIX_MULT_SSE: 3609.2769169782805
  CPU_mm: 444.48491950937409
  CPU_sse: 1877.4301281387829
  CPU_fma: 5183.1231483006304
  CPU_avx: 3767.2774744954272
  CPU_avx512: 0
  m_CPU_enc_SHA: 6219554830.3890371
  m_CPU_enc_AES: 3985085339.9416466
  m_CPU_enc_ECDSA: 3292132784.2957931
  ME_ALLOC_S: 1721.858280495512
  ME_READ_S: 24219.939648437499
  ME_READ_L: 16036.4580078125
  ME_WRITE: 13759.890625
  ME_LARGE: 54334
  ME_LATENCY: 79.128595598151904
  ME_THREADED: 29439.87255859375
  SUMM_CPU: 6105.285466846015
  SUMM_ME: 2103.473616288451
SystemInformation:
  OSName: Ubuntu 24.04.1 LTS
  Kernel: 6.8.0-1017-azure
  Device: ""
  Processor: AMD EPYC 7763 64-Core Processor
  NumSockets: 1
  Manufacturer: AuthenticAMD
  NumCores: 2
  NumLogicals: 4
  CPUFrequency: 0
  Memory: 64301
  MemModuleInfo:
    iNumMemSticks: 3
    DIMM 1:
      manufacturer: Microsoft Corporation
      modulePartNo: None
      memType: Unknown
      size: 1
      clkspeed: 0
      moduleVoltage: 0
    DIMM 2:
      manufacturer: Microsoft Corporation
      modulePartNo: None
      memType: Unknown
      size: 59
      clkspeed: 0
      moduleVoltage: 0
    DIMM 3:
      manufacturer: Microsoft Corporation
      modulePartNo: None
      memType: Unknown
      size: 4
      clkspeed: 0
      moduleVoltage: 0
Checksum: 244CEB6230116EE75037A6F80D252AA4AFBDBFD4