---
system-info:
      stress-ng-version: 0.17.08
      run-by: root
      date-yyyy-mm-dd: 2024:07:02
      time-hh-mm-ss: 16:37:48
      epoch-secs: 1719938268
      hostname: c2-standard-30-7d49b04
      sysname: Linux
      nodename: c2-standard-30-7d49b04
      release: 6.8.0-1009-gcp
      version: '#10-Ubuntu SMP Wed Jun 12 18:52:23 UTC 2024'
      machine: x86_64
      compiler: 'musl-gcc 13.2.1'
      uptime: 181
      totalram: 126606848000
      freeram: 121121243136
      sharedram: 27459584
      bufferram: 129380352
      totalswap: 0
      freeswap: 0
      pagesize: 4096
      cpus: 30
      cpus-online: 30
      ticks-per-second: 100

metrics:
    - stressor: cpu
      bogo-ops: 31220
      bogo-ops-per-second-usr-sys-time: 1561.022713
      bogo-ops-per-second-real-time: 1560.995850
      wall-clock-time: 20.000053
      user-time: 19.999709
      system-time: 0.000000
      cpu-usage-per-instance: 99.998279
      max-rss: 972

...
