BaselineInfo:
  WebDBID: -1
  TimeStamp: 20241109211535
Version:
  Major: 11
  Minor: 0
  Build: 1002
  SpecialBuildName: ""
  ptArchitecture: x86_64_linux
Results:
  Results Complete: true
  NumTestProcesses: 48
  CPU_INTEGER_MATH: 248637.33766666669
  CPU_FLOATINGPOINT_MATH: 176895.3330456687
  CPU_PRIME: 324.02385035887011
  CPU_SORTING: 120670.11984408306
  CPU_ENCRYPTION: 55015.833441011702
  CPU_COMPRESSION: 884940.58656679641
  CPU_SINGLETHREAD: 3166.2675550920126
  CPU_PHYSICS: 7541.9568700109739
  CPU_MATRIX_MULT_SSE: 67129.646249186757
  CPU_mm: 6793.1638742225878
  CPU_sse: 29607.356448754563
  CPU_fma: 75995.303537217842
  CPU_avx: 61804.204571937342
  CPU_avx512: 101111.72043883736
  m_CPU_enc_SHA: 57923870431.940117
  m_CPU_enc_AES: 75249715562.817001
  m_CPU_enc_ECDSA: 39891261703.969711
  ME_ALLOC_S: 26029.383549869955
  ME_READ_S: 28852.145703124999
  ME_READ_L: 10456.884765625
  ME_WRITE: 15045.3291015625
  ME_LARGE: 368811.5
  ME_LATENCY: 69.443871056357708
  ME_THREADED: 242259.9814453125
  SUMM_CPU: 66342.023433568625
  SUMM_ME: 2568.0580524500119
SystemInformation:
  OSName: Ubuntu 24.04.1 LTS
  Kernel: 6.8.0-1016-aws
  Device: ""
  Processor: Intel Xeon Gold 6455B
  NumSockets: 1
  Manufacturer: GenuineIntel
  NumCores: 24
  NumLogicals: 48
  CPUFrequency: 0
  Memory: 380668
  MemModuleInfo:
    iNumMemSticks: 1
    DIMM 1:
      manufacturer: Not Specified
      modulePartNo: Not Specified
      memType: DDR5
      size: 384
      clkspeed: 2400
      moduleVoltage: 0
Checksum: E2A8125A0F2AB6A47E2BDE7BDB701429F3A60822