BaselineInfo:
  WebDBID: -1
  TimeStamp: 20241108032512
Version:
  Major: 11
  Minor: 0
  Build: 1002
  SpecialBuildName: ""
  ptArchitecture: x86_64_linux
Results:
  Results Complete: true
  NumTestProcesses: 16
  CPU_INTEGER_MATH: 41423.435333333327
  CPU_FLOATINGPOINT_MATH: 21848.430020390955
  CPU_PRIME: 36.553554657454114
  CPU_SORTING: 24122.432145300772
  CPU_ENCRYPTION: 12970.719970834805
  CPU_COMPRESSION: 176390.54729326977
  CPU_SINGLETHREAD: 1445.3861242310772
  CPU_PHYSICS: 871.1827441719098
  CPU_MATRIX_MULT_SSE: 6556.3078358994899
  CPU_mm: 1255.6162117155254
  CPU_sse: 5104.4892446822132
  CPU_fma: 7519.9256672188876
  CPU_avx: 7044.5085957973688
  CPU_avx512: 0
  m_CPU_enc_SHA: 18341849915.716255
  m_CPU_enc_AES: 12709197039.390402
  m_CPU_enc_ECDSA: 9751310037.307579
  ME_ALLOC_S: 3728.7813180701182
  ME_READ_S: 14788.64853515625
  ME_READ_L: 11105.2548828125
  ME_WRITE: 8075.44091796875
  ME_LARGE: 117486.83333333333
  ME_LATENCY: 63.229937789962946
  ME_THREADED: 28105.40380859375
  SUMM_CPU: 12528.871308129079
  SUMM_ME: 1973.9039763373617
SystemInformation:
  OSName: Ubuntu 24.04.1 LTS
  Kernel: 6.8.0-1016-aws
  Device: ""
  Processor: AMD EPYC 7571
  NumSockets: 1
  Manufacturer: AuthenticAMD
  NumCores: 8
  NumLogicals: 16
  CPUFrequency: 0
  Memory: 127770
  MemModuleInfo:
    iNumMemSticks: 1
    DIMM 1:
      manufacturer: Not Specified
      modulePartNo: Not Specified
      memType: DDR4
      size: 128
      clkspeed: 1600
      moduleVoltage: 0
Checksum: 566794B113FC0CACDAA57A2B4B9DDFBBE006AB12