---
system-info:
      stress-ng-version: 0.17.08
      run-by: root
      date-yyyy-mm-dd: 2024:06:13
      time-hh-mm-ss: 20:56:26
      epoch-secs: 1718312186
      hostname: ac77cef67aa1
      sysname: Linux
      nodename: ac77cef67aa1
      release: 6.8.0-1008-aws
      version: '#8-Ubuntu SMP Sat Apr 20 00:46:25 UTC 2024'
      machine: x86_64
      compiler: 'musl-gcc 13.2.1'
      uptime: 211
      totalram: 33263853568
      freeram: 28878135296
      sharedram: 40738816
      bufferram: 106971136
      totalswap: 0
      freeswap: 0
      pagesize: 4096
      cpus: 8
      cpus-online: 8
      ticks-per-second: 100

metrics:
    - stressor: cpu
      bogo-ops: 23297
      bogo-ops-per-second-usr-sys-time: 1164.933234
      bogo-ops-per-second-real-time: 1164.842085
      wall-clock-time: 20.000136
      user-time: 19.998571
      system-time: 0.000000
      cpu-usage-per-instance: 99.992176
      max-rss: 1104

...
