---
system-info:
      stress-ng-version: 0.17.08
      run-by: root
      date-yyyy-mm-dd: 2024:06:08
      time-hh-mm-ss: 07:56:03
      epoch-secs: 1717833363
      hostname: c2ba7c87259f
      sysname: Linux
      nodename: c2ba7c87259f
      release: 6.8.0-1008-aws
      version: '#8-Ubuntu SMP Sat Apr 20 00:46:25 UTC 2024'
      machine: x86_64
      compiler: 'musl-gcc 13.2.1'
      uptime: 164
      totalram: 33263845376
      freeram: 28899905536
      sharedram: 40738816
      bufferram: 98074624
      totalswap: 0
      freeswap: 0
      pagesize: 4096
      cpus: 8
      cpus-online: 8
      ticks-per-second: 100

metrics:
    - stressor: cpu
      bogo-ops: 13507
      bogo-ops-per-second-usr-sys-time: 1350.548063
      bogo-ops-per-second-real-time: 1350.488780
      wall-clock-time: 10.001564
      user-time: 10.001125
      system-time: 0.000000
      cpu-usage-per-instance: 99.995610
      max-rss: 3920

...
