---
system-info:
      stress-ng-version: 0.17.08
      run-by: root
      date-yyyy-mm-dd: 2024:06:13
      time-hh-mm-ss: 09:23:35
      epoch-secs: 1718270615
      hostname: 71f92d56723f
      sysname: Linux
      nodename: 71f92d56723f
      release: 6.8.0-1008-aws
      version: '#8-Ubuntu SMP Sat Apr 20 00:46:25 UTC 2024'
      machine: x86_64
      compiler: 'musl-gcc 13.2.1'
      uptime: 135
      totalram: 1065117138944
      freeram: 1059074592768
      sharedram: 117710848
      bufferram: 106975232
      totalswap: 0
      freeswap: 0
      pagesize: 4096
      cpus: 128
      cpus-online: 128
      ticks-per-second: 100

metrics:
    - stressor: cpu
      bogo-ops: 2470352
      bogo-ops-per-second-usr-sys-time: 965.298827
      bogo-ops-per-second-real-time: 123517.127060
      wall-clock-time: 20.000077
      user-time: 2559.107810
      system-time: 0.049966
      cpu-usage-per-instance: 99.966718
      max-rss: 0

...
