---
system-info:
      stress-ng-version: 0.17.08
      run-by: root
      date-yyyy-mm-dd: 2024:06:07
      time-hh-mm-ss: 14:22:02
      epoch-secs: 1717770122
      hostname: 0b65cdbaf8c6
      sysname: Linux
      nodename: 0b65cdbaf8c6
      release: 6.8.0-1008-aws
      version: '#8-Ubuntu SMP Sat Apr 20 00:46:25 UTC 2024'
      machine: x86_64
      compiler: 'musl-gcc 13.2.1'
      uptime: 136
      totalram: 1065117110272
      freeram: 1059001827328
      sharedram: 117710848
      bufferram: 91090944
      totalswap: 0
      freeswap: 0
      pagesize: 4096
      cpus: 128
      cpus-online: 128
      ticks-per-second: 100

metrics:
    - stressor: cpu
      bogo-ops: 1542333
      bogo-ops-per-second-usr-sys-time: 1205.506143
      bogo-ops-per-second-real-time: 154206.981109
      wall-clock-time: 10.001707
      user-time: 1279.250071
      system-time: 0.156931
      cpu-usage-per-instance: 99.936616
      max-rss: 3072

...
