BaselineInfo:
  WebDBID: -1
  TimeStamp: 20260404102337
Version:
  Major: 11
  Minor: 0
  Build: 1004
  SpecialBuildName: ""
  ptArchitecture: x86_64_linux
Results:
  Results Complete: true
  NumTestProcesses: 4
  CPU_INTEGER_MATH: 9798.3786666666674
  CPU_FLOATINGPOINT_MATH: 5263.3061769331416
  CPU_PRIME: 20.54737899285481
  CPU_SORTING: 6061.7873231584399
  CPU_ENCRYPTION: 1356.498891554849
  CPU_COMPRESSION: 45975.027069245654
  CPU_SINGLETHREAD: 1676.737461882881
  CPU_PHYSICS: 458.24240153792897
  CPU_MATRIX_MULT_SSE: 2951.4240594807447
  CPU_mm: 298.53530026997902
  CPU_sse: 1067.580362961515
  CPU_fma: 3638.3424637475905
  CPU_avx: 2575.4975501925182
  CPU_avx512: 4524.2758610213541
  m_CPU_enc_SHA: 443413374.27552402
  m_CPU_enc_AES: 3422637601.1014643
  m_CPU_enc_ECDSA: 401125569.7560637
  ME_ALLOC_S: 1079.2963750112808
  ME_READ_S: 19294.149804687499
  ME_READ_L: 6411.3564453125
  ME_WRITE: 6717.78125
  ME_LARGE: 19085.166666666668
  ME_LATENCY: 77.979137583602423
  ME_THREADED: 18690.2080078125
  SUMM_CPU: 3601.2298375940945
  SUMM_ME: 1513.4673973213678
SystemInformation:
  OSName: Ubuntu 24.04.4 LTS
  Kernel: 6.8.0-106-generic
  Device: ""
  Processor: Intel(R) Xeon(R) Platinum 8269CY CPU @ 2.50GHz
  NumSockets: 1
  Manufacturer: GenuineIntel
  NumCores: 2
  NumLogicals: 4
  CPUFrequency: 2500
  CPUMaxFrequency: 3800
  Memory: 31711
  CPUInfo:
    number: 1
    Family: 6
    Model: 5
    stepping: 7
    features: 529267711
    manufacture: GenuineIntel
    typestring: Intel(R) Xeon(R) Platinum 8269CY CPU @ 2.50GHz
    iCoresPerPackage: 2
    iThreadsPerPackage: 2
    featuresEx:
      - 529267711
      - 4294586883
      - 739248128
    bHybrid: false
    nPCore: 0
    nLogicalsPerPCore: 0
    nECore: 0
    nLogicalsPerECore: 0
  MemModuleInfo:
    iNumMemSticks: 2
    DIMM 1:
      manufacturer: Alibaba Cloud
      modulePartNo: Not Specified
      memType: RAM
      size: 16
      clkspeed: 0
      moduleVoltage: 0
    DIMM 2:
      manufacturer: Alibaba Cloud
      modulePartNo: Not Specified
      memType: RAM
      size: 16
      clkspeed: 0
      moduleVoltage: 0
Checksum: 4EFB7A20FF0256C3D4C6AC575B2D04CA693225F7