---
system-info:
      stress-ng-version: 0.17.08
      run-by: root
      date-yyyy-mm-dd: 2024:09:12
      time-hh-mm-ss: 12:52:53
      epoch-secs: 1726145573
      hostname: ip-172-31-24-2
      sysname: Linux
      nodename: ip-172-31-24-2
      release: 6.8.0-1014-aws
      version: '#15-Ubuntu SMP Thu Aug  8 19:13:06 UTC 2024'
      machine: x86_64
      compiler: 'musl-gcc 13.2.1'
      uptime: 314
      totalram: 803105914880
      freeram: 789398728704
      sharedram: 76754944
      bufferram: 266579968
      totalswap: 0
      freeswap: 0
      pagesize: 4096
      cpus: 96
      cpus-online: 96
      ticks-per-second: 100

metrics:
    - stressor: cpu
      bogo-ops: 31387
      bogo-ops-per-second-usr-sys-time: 1569.357611
      bogo-ops-per-second-real-time: 1569.349046
      wall-clock-time: 20.000012
      user-time: 19.999903
      system-time: 0.000000
      cpu-usage-per-instance: 99.999454
      max-rss: 768

...
