---
system-info:
      stress-ng-version: 0.17.08
      run-by: root
      date-yyyy-mm-dd: 2024:09:08
      time-hh-mm-ss: 20:13:53
      epoch-secs: 1725826433
      hostname: ip-172-31-29-20
      sysname: Linux
      nodename: ip-172-31-29-20
      release: 6.8.0-1014-aws
      version: '#15-Ubuntu SMP Thu Aug  8 19:13:06 UTC 2024'
      machine: x86_64
      compiler: 'musl-gcc 13.2.1'
      uptime: 348
      totalram: 803105882112
      freeram: 790924300288
      sharedram: 76795904
      bufferram: 267853824
      totalswap: 0
      freeswap: 0
      pagesize: 4096
      cpus: 96
      cpus-online: 96
      ticks-per-second: 100

metrics:
    - stressor: cpu
      bogo-ops: 31406
      bogo-ops-per-second-usr-sys-time: 1570.308872
      bogo-ops-per-second-real-time: 1570.296724
      wall-clock-time: 20.000042
      user-time: 19.999887
      system-time: 0.000000
      cpu-usage-per-instance: 99.999226
      max-rss: 0

...
