BaselineInfo:
  WebDBID: -1
  TimeStamp: 20241109074241
Version:
  Major: 11
  Minor: 0
  Build: 1002
  SpecialBuildName: ""
  ptArchitecture: x86_64_linux
Results:
  Results Complete: true
  NumTestProcesses: 32
  CPU_INTEGER_MATH: 99712.234333333327
  CPU_FLOATINGPOINT_MATH: 53512.253461386972
  CPU_PRIME: 134.18805923783955
  CPU_SORTING: 50177.975848406262
  CPU_ENCRYPTION: 13491.232457728252
  CPU_COMPRESSION: 436606.31999503064
  CPU_SINGLETHREAD: 2049.8877361036621
  CPU_PHYSICS: 2312.4838162891806
  CPU_MATRIX_MULT_SSE: 27784.339867884057
  CPU_mm: 3011.0590994553113
  CPU_sse: 10588.925488593382
  CPU_fma: 34217.21117063312
  CPU_avx: 24261.300275742225
  CPU_avx512: 42069.922536567494
  m_CPU_enc_SHA: 4477996781.6869745
  m_CPU_enc_AES: 33930423954.004566
  m_CPU_enc_ECDSA: 4031326961.093049
  ME_ALLOC_S: 11238.960239465534
  ME_READ_S: 24488.330859375001
  ME_READ_L: 11666.6240234375
  ME_WRITE: 10687.916015625
  ME_LARGE: 246929.58333333334
  ME_LATENCY: 48.900627124044455
  ME_THREADED: 100433.0654296875
  SUMM_CPU: 27846.054716182392
  SUMM_ME: 2812.4630916834662
SystemInformation:
  OSName: Ubuntu 24.04.1 LTS
  Kernel: 6.8.0-1017-azure
  Device: ""
  Processor: Intel Xeon Platinum 8272CL CPU @ 2.60GHz
  NumSockets: 1
  Manufacturer: GenuineIntel
  NumCores: 16
  NumLogicals: 32
  CPUFrequency: 0
  Memory: 257731
  MemModuleInfo:
    iNumMemSticks: 3
    DIMM 1:
      manufacturer: Microsoft Corporation
      modulePartNo: None
      memType: Unknown
      size: 1
      clkspeed: 0
      moduleVoltage: 0
    DIMM 2:
      manufacturer: Microsoft Corporation
      modulePartNo: None
      memType: Unknown
      size: 60928
      clkspeed: 0
      moduleVoltage: 0
    DIMM 3:
      manufacturer: Microsoft Corporation
      modulePartNo: None
      memType: Unknown
      size: 200192
      clkspeed: 0
      moduleVoltage: 0
Checksum: B824C4E569918DCDF4F109C722457BDB3BF0B453