---
system-info:
      stress-ng-version: 0.17.08
      run-by: root
      date-yyyy-mm-dd: 2024:06:14
      time-hh-mm-ss: 09:39:56
      epoch-secs: 1718357996
      hostname: c51dd2d45d16
      sysname: Linux
      nodename: c51dd2d45d16
      release: 6.8.0-1008-aws
      version: '#8-Ubuntu SMP Sat Apr 20 02:43:14 UTC 2024'
      machine: aarch64
      compiler: 'musl-gcc 13.2.1'
      uptime: 109
      totalram: 3993083904
      freeram: 176668672
      sharedram: 35024896
      bufferram: 100511744
      totalswap: 0
      freeswap: 0
      pagesize: 4096
      cpus: 2
      cpus-online: 2
      ticks-per-second: 100

metrics:
    - stressor: cpu
      bogo-ops: 60971
      bogo-ops-per-second-usr-sys-time: 1532.614800
      bogo-ops-per-second-real-time: 3048.540006
      wall-clock-time: 20.000066
      user-time: 39.773357
      system-time: 0.008981
      cpu-usage-per-instance: 99.455519
      max-rss: 1320

...
