---
system-info:
      stress-ng-version: 0.17.08
      run-by: root
      date-yyyy-mm-dd: 2024:06:06
      time-hh-mm-ss: 15:40:38
      epoch-secs: 1717688438
      hostname: b6c3d09e179c
      sysname: Linux
      nodename: b6c3d09e179c
      release: 6.8.0-1008-aws
      version: '#8-Ubuntu SMP Sat Apr 20 02:43:14 UTC 2024'
      machine: aarch64
      compiler: 'musl-gcc 13.2.1'
      uptime: 98
      totalram: 3993088000
      freeram: 91185152
      sharedram: 35024896
      bufferram: 78372864
      totalswap: 0
      freeswap: 0
      pagesize: 4096
      cpus: 2
      cpus-online: 2
      ticks-per-second: 100

metrics:
    - stressor: cpu
      bogo-ops: 8484
      bogo-ops-per-second-usr-sys-time: 425.239562
      bogo-ops-per-second-real-time: 845.712758
      wall-clock-time: 10.031775
      user-time: 19.947114
      system-time: 0.003993
      cpu-usage-per-instance: 99.439567
      max-rss: 4136

...
