---
system-info:
      stress-ng-version: 0.17.08
      run-by: root
      date-yyyy-mm-dd: 2024:07:11
      time-hh-mm-ss: 18:22:23
      epoch-secs: 1720722143
      hostname: ip-172-31-5-37
      sysname: Linux
      nodename: ip-172-31-5-37
      release: 6.8.0-1010-aws
      version: '#10-Ubuntu SMP Thu Jun 13 17:36:15 UTC 2024'
      machine: x86_64
      compiler: 'musl-gcc 13.2.1'
      uptime: 183
      totalram: 133980950528
      freeram: 128737714176
      sharedram: 59867136
      bufferram: 135499776
      totalswap: 0
      freeswap: 0
      pagesize: 4096
      cpus: 4
      cpus-online: 4
      ticks-per-second: 100

metrics:
    - stressor: cpu
      bogo-ops: 77015
      bogo-ops-per-second-usr-sys-time: 966.007935
      bogo-ops-per-second-real-time: 3850.729699
      wall-clock-time: 20.000105
      user-time: 79.716028
      system-time: 0.008990
      cpu-usage-per-instance: 99.655747
      max-rss: 1104

...
