---
system-info:
      stress-ng-version: 0.17.08
      run-by: root
      date-yyyy-mm-dd: 2024:09:18
      time-hh-mm-ss: 14:16:53
      epoch-secs: 1726669013
      hostname: sc-runner
      sysname: Linux
      nodename: sc-runner
      release: 6.8.0-1014-azure
      version: '#16-Ubuntu SMP Thu Aug 15 21:06:50 UTC 2024'
      machine: aarch64
      compiler: 'musl-gcc 13.2.1'
      uptime: 325
      totalram: 16737570816
      freeram: 6642556928
      sharedram: 38141952
      bufferram: 247898112
      totalswap: 0
      freeswap: 0
      pagesize: 4096
      cpus: 4
      cpus-online: 4
      ticks-per-second: 100

metrics:
    - stressor: cpu
      bogo-ops: 145067
      bogo-ops-per-second-usr-sys-time: 1820.252092
      bogo-ops-per-second-real-time: 7253.335452
      wall-clock-time: 20.000040
      user-time: 79.685113
      system-time: 0.010991
      cpu-usage-per-instance: 99.619930
      max-rss: 1320

...
