BaselineInfo:
  WebDBID: -1
  TimeStamp: 20260212153741
Version:
  Major: 11
  Minor: 0
  Build: 1004
  SpecialBuildName: ""
  ptArchitecture: x86_64_linux
Results:
  Results Complete: true
  NumTestProcesses: 4
  CPU_INTEGER_MATH: 20982.701000000001
  CPU_FLOATINGPOINT_MATH: 16621.325600832028
  CPU_PRIME: 65.301989250608898
  CPU_SORTING: 12371.877653474121
  CPU_ENCRYPTION: 4663.0040060621213
  CPU_COMPRESSION: 89821.510198477525
  CPU_SINGLETHREAD: 2389.4828637804303
  CPU_PHYSICS: 1115.6326973808739
  CPU_MATRIX_MULT_SSE: 7085.2008141794868
  CPU_mm: 959.54555539540195
  CPU_sse: 3144.2353922318507
  CPU_fma: 8753.5252328396436
  CPU_avx: 6679.3682518944461
  CPU_avx512: 9763.6743797520066
  m_CPU_enc_SHA: 5472986403.0374947
  m_CPU_enc_AES: 5658601666.2699757
  m_CPU_enc_ECDSA: 3536954196.674315
  ME_ALLOC_S: 2072.0440609577563
  ME_READ_S: 23710.821875000001
  ME_READ_L: 11402.5810546875
  ME_WRITE: 10816.181640625
  ME_LARGE: 654.75
  ME_LATENCY: 56.922526523972174
  ME_THREADED: 42288.4033203125
  SUMM_CPU: 8818.5055992416728
  SUMM_ME: 1096.8822739082732
SystemInformation:
  OSName: Ubuntu 24.04.3 LTS
  Kernel: 6.8.0-90-generic
  Device: ""
  Processor: Intel(R) Xeon(R) Platinum 8369B CPU @ 2.90GHz
  NumSockets: 1
  Manufacturer: GenuineIntel
  NumCores: 2
  NumLogicals: 4
  CPUFrequency: 0
  CPUMaxFrequency: 0
  Memory: 7557
  CPUInfo:
    number: 1
    Family: 6
    Model: 10
    stepping: 6
    features: 529267711
    manufacture: GenuineIntel
    typestring: Intel(R) Xeon(R) Platinum 8369B CPU @ 2.90GHz
    iCoresPerPackage: 2
    iThreadsPerPackage: 2
    featuresEx:
      - 529267711
      - 4294619651
      - 739248128
    bHybrid: false
    nPCore: 0
    nLogicalsPerPCore: 0
    nECore: 0
    nLogicalsPerECore: 0
  MemModuleInfo:
    iNumMemSticks: 1
    DIMM 1:
      manufacturer: Alibaba Cloud
      modulePartNo: Not Specified
      memType: RAM
      size: 8
      clkspeed: 0
      moduleVoltage: 0
Checksum: 0610E710128E503BB2A0EAB3669936EDD521F849