---
system-info:
      stress-ng-version: 0.17.08
      run-by: root
      date-yyyy-mm-dd: 2024:09:13
      time-hh-mm-ss: 06:56:43
      epoch-secs: 1726210603
      hostname: ip-172-31-42-184
      sysname: Linux
      nodename: ip-172-31-42-184
      release: 6.8.0-1014-aws
      version: '#15-Ubuntu SMP Thu Aug  8 19:13:06 UTC 2024'
      machine: x86_64
      compiler: 'musl-gcc 13.2.1'
      uptime: 570
      totalram: 19454126702592
      freeram: 19433575477248
      sharedram: 328339456
      bufferram: 224821248
      totalswap: 0
      freeswap: 0
      pagesize: 4096
      cpus: 448
      cpus-online: 448
      ticks-per-second: 100

metrics:
    - stressor: cpu
      bogo-ops: 8054380
      bogo-ops-per-second-usr-sys-time: 899.932395
      bogo-ops-per-second-real-time: 402714.578419
      wall-clock-time: 20.000220
      user-time: 8949.768583
      system-time: 0.214826
      cpu-usage-per-instance: 99.887111
      max-rss: 0

...
