"size","threads","connections","rps","latency","failed","server_usr","server_sys","client_usr","client_sys"
"1k",2,2,137026,0.000019920,0,3.98,6.58,1.81,7.58
"1k",2,4,117952,0.000075320,0,2.79,6.52,1.34,7.38
"1k",2,8,133129,0.000136380,0,2.86,7.06,1.43,7.88
"1k",2,16,140475,0.000324220,0,2.74,7.04,1.36,8.12
"1k",2,32,138500,0.000705900,0,2.92,6.86,1.47,7.86
"1k",2,64,146882,0.000707200,0,3.20,6.62,1.53,7.52
"1k",4,4,105365,0.000187150,0,2.67,7.21,1.46,8.38
"1k",4,8,120800,0.000276610,0,2.61,7.11,1.61,8.43
"1k",4,16,141116,0.000174950,0,2.69,7.16,1.61,8.44
"1k",4,32,144450,0.000469150,0,2.82,6.92,1.62,8.41
"1k",4,64,152729,0.001000000,0,3.16,6.72,1.71,8.19
"1k",8,8,109178,0.000115890,0,2.31,7.23,1.67,8.66
"1k",8,16,116300,0.000203140,0,2.22,7.09,1.58,9.00
"1k",8,32,129067,0.000350100,0,2.34,7.13,1.63,8.79
"1k",8,64,124997,0.000621830,0,2.40,7.29,1.45,8.79
"16k",2,2,122496,0.000066030,0,3.46,6.49,1.79,8.06
"16k",2,4,84768,0.000607010,0,2.57,6.13,1.32,7.20
"16k",2,8,105521,0.000396950,0,2.79,6.50,1.39,7.90
"16k",2,16,114835,0.000347080,0,2.76,6.67,1.33,8.07
"16k",2,32,116393,0.000569230,0,2.87,6.68,1.34,8.14
"16k",2,64,105793,0.000720100,0,2.68,7.15,1.20,8.61
"16k",4,4,96689,0.000077620,0,2.50,7.15,1.50,8.69
"16k",4,8,102542,0.000112620,0,2.55,6.91,1.47,8.98
"16k",4,16,98010,0.000234010,0,2.32,6.32,1.33,8.19
"16k",4,32,97134,0.000485450,0,2.33,6.60,1.31,8.38
"16k",4,64,101873,0.000792820,0,2.50,7.20,1.28,8.80
"16k",8,8,119461,0.000082630,0,2.71,6.63,1.87,8.75
"16k",8,16,99148,0.000181350,0,2.30,6.95,1.66,9.04
"16k",8,32,98512,0.000384570,0,2.02,7.18,1.47,9.26
"16k",8,64,102140,0.000715310,0,2.31,7.07,1.46,8.93
"64k",2,2,67575,0.000040550,0,2.76,6.97,1.69,8.50
"64k",2,4,53799,0.000155200,0,2.39,6.71,1.29,8.10
"64k",2,8,58822,0.000223510,0,2.47,6.67,1.32,8.45
"64k",2,16,55333,0.000468510,0,2.30,7.05,1.21,8.46
"64k",2,32,57407,0.000803150,0,2.62,6.68,1.26,8.37
"64k",2,64,52988,0.001340000,0,2.65,7.17,1.19,8.76
"64k",4,4,66655,0.000169120,0,2.72,6.60,1.65,8.85
"64k",4,8,51021,0.000196960,0,2.13,7.16,1.29,9.17
"64k",4,16,51134,0.000345470,0,2.04,7.42,1.25,9.17
"64k",4,32,50604,0.000860000,0,2.10,7.55,1.17,8.99
"64k",4,64,51299,0.001470000,0,2.70,7.17,1.21,8.74
"64k",8,8,49346,0.000273180,0,1.93,7.41,1.43,9.15
"64k",8,16,53754,0.000401700,0,2.03,7.14,1.41,9.15
"64k",8,32,50689,0.000842730,0,2.03,7.45,1.30,8.97
"64k",8,64,54239,0.001360000,0,2.39,7.37,1.31,8.79
"256k",2,2,26645,0.000177070,0,2.81,7.02,1.52,8.49
"256k",2,4,22544,0.000582420,0,2.44,6.94,1.28,8.05
"256k",2,8,20239,0.000710540,0,2.13,7.34,1.15,8.12
"256k",2,16,21184,0.000980000,0,2.51,7.28,1.04,8.03
"256k",2,32,19225,0.001700000,0,3.01,7.43,0.99,8.13
"256k",4,4,23452,0.000226090,0,2.18,7.72,1.27,8.67
"256k",4,8,19837,0.000970000,0,2.04,8.08,1.06,8.67
"256k",4,16,18932,0.001170000,0,2.14,8.08,1.04,8.57
"256k",4,32,18829,0.001800000,0,2.71,7.97,1.03,8.07
"256k",8,8,22794,0.000494120,0,2.03,7.78,1.29,8.64
"256k",8,16,20177,0.000980000,0,2.01,8.05,1.19,8.50
"256k",8,32,19467,0.001910000,0,2.71,7.91,1.15,8.07
"512k",2,2,13917,0.000270210,0,2.21,8.31,1.31,7.88
"512k",2,4,12236,0.000577420,0,2.41,7.10,1.15,7.73
"512k",2,8,10724,0.000910000,0,2.20,7.89,0.95,7.90
"512k",2,16,10434,0.001600000,0,2.53,8.54,1.01,7.69
"512k",2,32,8803,0.003290000,0,2.84,8.42,0.79,7.73
"512k",4,4,14047,0.000334190,0,2.29,8.31,1.29,8.02
"512k",4,8,10507,0.000880000,0,1.87,8.52,0.97,8.39
"512k",4,16,9619,0.001730000,0,2.54,8.65,0.92,7.68
"512k",4,32,9436,0.003340000,0,3.20,8.02,0.88,7.67
"512k",8,8,10425,0.000860000,0,1.80,8.63,0.99,8.33
"512k",8,16,8702,0.001910000,0,2.39,8.96,0.91,7.49
"512k",8,32,8739,0.003690000,0,2.98,8.54,0.87,7.42
