---
system-info:
      stress-ng-version: 0.17.08
      run-by: root
      date-yyyy-mm-dd: 2024:07:29
      time-hh-mm-ss: 14:18:51
      epoch-secs: 1722262731
      hostname: c3d-highmem-60-lssd-6b65f6c
      sysname: Linux
      nodename: c3d-highmem-60-lssd-6b65f6c
      release: 6.8.0-1011-gcp
      version: '#12-Ubuntu SMP Wed Jul 10 21:47:53 UTC 2024'
      machine: x86_64
      compiler: 'musl-gcc 13.2.1'
      uptime: 152
      totalram: 507000164352
      freeram: 501291737088
      sharedram: 35237888
      bufferram: 142065664
      totalswap: 0
      freeswap: 0
      pagesize: 4096
      cpus: 60
      cpus-online: 60
      ticks-per-second: 100

metrics:
    - stressor: cpu
      bogo-ops: 57275
      bogo-ops-per-second-usr-sys-time: 2863.788375
      bogo-ops-per-second-real-time: 2863.734638
      wall-clock-time: 20.000107
      user-time: 19.999732
      system-time: 0.000000
      cpu-usage-per-instance: 99.998124
      max-rss: 480

...
