BaselineInfo:
  WebDBID: -1
  TimeStamp: 20260116104103
Version:
  Major: 11
  Minor: 0
  Build: 1004
  SpecialBuildName: ""
  ptArchitecture: x86_64_linux
Results:
  Results Complete: true
  NumTestProcesses: 96
  CPU_INTEGER_MATH: 495060.20900000009
  CPU_FLOATINGPOINT_MATH: 358297.26261068956
  CPU_PRIME: 946.65134175616333
  CPU_SORTING: 247207.62413947994
  CPU_ENCRYPTION: 108514.09155317712
  CPU_COMPRESSION: 1913412.6432994753
  CPU_SINGLETHREAD: 3274.2265208569197
  CPU_PHYSICS: 16052.545203356376
  CPU_MATRIX_MULT_SSE: 135315.1806991653
  CPU_mm: 14391.742725300668
  CPU_sse: 59289.906061583126
  CPU_fma: 156578.1853480055
  CPU_avx: 124240.23015865499
  CPU_avx512: 201152.40122841756
  m_CPU_enc_SHA: 114841341619.96625
  m_CPU_enc_AES: 150104469717.39774
  m_CPU_enc_ECDSA: 76410004856.028671
  ME_ALLOC_S: 32607.904527942286
  ME_READ_S: 28896.4892578125
  ME_READ_L: 16108.3037109375
  ME_WRITE: 10707.1064453125
  ME_LARGE: 1507537.5
  ME_LATENCY: 69.324503377853333
  ME_THREADED: 365827.31298828125
  SUMM_CPU: 107115.32569162197
  SUMM_ME: 2688.3702571529102
SystemInformation:
  OSName: Ubuntu 24.04.3 LTS
  Kernel: 6.14.0-1018-aws
  Device: ""
  Processor: Intel(R) Xeon(R) 6975P-C
  NumSockets: 1
  Manufacturer: GenuineIntel
  NumCores: 48
  NumLogicals: 96
  CPUFrequency: 0
  CPUMaxFrequency: 0
  Memory: 1523816
  CPUInfo:
    number: 1
    Family: 6
    Model: 13
    stepping: 1
    features: 529267711
    manufacture: GenuineIntel
    typestring: Intel(R) Xeon(R) 6975P-C
    iCoresPerPackage: 48
    iThreadsPerPackage: 2
    featuresEx:
      - 529267711
      - 4294619651
      - 739248128
    bHybrid: false
    nPCore: 0
    nLogicalsPerPCore: 0
    nECore: 0
    nLogicalsPerECore: 0
  MemModuleInfo:
    iNumMemSticks: 2
    DIMM 1:
      manufacturer: Not Specified
      modulePartNo: Not Specified
      memType: DDR5
      size: 768
      clkspeed: 3600
      moduleVoltage: 0
    DIMM 2:
      manufacturer: Not Specified
      modulePartNo: Not Specified
      memType: DDR5
      size: 768
      clkspeed: 3600
      moduleVoltage: 0
Checksum: EA132E95C27FE80DD8B7E2F2162FC89E0BA020EA