BaselineInfo:
  WebDBID: -1
  TimeStamp: 20241122085154
Version:
  Major: 11
  Minor: 0
  Build: 1002
  SpecialBuildName: ""
  ptArchitecture: x86_64_linux
Results:
  Results Complete: true
  NumTestProcesses: 8
  CPU_INTEGER_MATH: 37972.693333333329
  CPU_FLOATINGPOINT_MATH: 21254.846310603869
  CPU_PRIME: 94.455206446456785
  CPU_SORTING: 22778.629162105484
  CPU_ENCRYPTION: 9636.7441372671783
  CPU_COMPRESSION: 155969.27752847711
  CPU_SINGLETHREAD: 2906.8014836625657
  CPU_PHYSICS: 1553.0639103254377
  CPU_MATRIX_MULT_SSE: 10853.741522217033
  CPU_mm: 1016.232260540536
  CPU_sse: 4420.9955486693307
  CPU_fma: 14036.214047905609
  CPU_avx: 11556.43845914827
  CPU_avx512: 13401.318033144929
  m_CPU_enc_SHA: 13480650300.13727
  m_CPU_enc_AES: 9149532437.4011517
  m_CPU_enc_ECDSA: 7684393123.8987799
  ME_ALLOC_S: 3722.1452610886818
  ME_READ_S: 27880.296875
  ME_READ_L: 27529.150390625
  ME_WRITE: 26846.486328125
  ME_LARGE: 5114.25
  ME_LATENCY: 78.326546505281712
  ME_THREADED: 38506.1005859375
  SUMM_CPU: 14456.818978192337
  SUMM_ME: 2204.2760446108723
SystemInformation:
  OSName: Ubuntu 24.04.1 LTS
  Kernel: 6.8.0-1017-azure
  Device: ""
  Processor: AMD EPYC 9V74 80-Core Processor
  NumSockets: 1
  Manufacturer: AuthenticAMD
  NumCores: 4
  NumLogicals: 8
  CPUFrequency: 0
  Memory: 15988
  MemModuleInfo:
    iNumMemSticks: 2
    DIMM 1:
      manufacturer: Microsoft Corporation
      modulePartNo: None
      memType: Unknown
      size: 1
      clkspeed: 0
      moduleVoltage: 0
    DIMM 2:
      manufacturer: Microsoft Corporation
      modulePartNo: None
      memType: Unknown
      size: 15
      clkspeed: 0
      moduleVoltage: 0
Checksum: 7371C4DD330DF740990AEC361238210A6BFD6055