---
system-info:
      stress-ng-version: 0.17.08
      run-by: root
      date-yyyy-mm-dd: 2024:09:03
      time-hh-mm-ss: 04:45:45
      epoch-secs: 1725338745
      hostname: sc-runner
      sysname: Linux
      nodename: sc-runner
      release: 6.8.0-1013-azure
      version: '#15-Ubuntu SMP Thu Aug  8 18:40:40 UTC 2024'
      machine: x86_64
      compiler: 'musl-gcc 13.2.1'
      uptime: 366
      totalram: 33652326400
      freeram: 25150058496
      sharedram: 42033152
      bufferram: 208236544
      totalswap: 0
      freeswap: 0
      pagesize: 4096
      cpus: 4
      cpus-online: 4
      ticks-per-second: 100

metrics:
    - stressor: cpu
      bogo-ops: 74185
      bogo-ops-per-second-usr-sys-time: 932.371923
      bogo-ops-per-second-real-time: 3709.234435
      wall-clock-time: 20.000084
      user-time: 79.555899
      system-time: 0.009989
      cpu-usage-per-instance: 99.456943
      max-rss: 3256

...
