---
system-info:
      stress-ng-version: 0.17.08
      run-by: root
      date-yyyy-mm-dd: 2024:07:12
      time-hh-mm-ss: 10:55:36
      epoch-secs: 1720781736
      hostname: ip-172-31-6-166
      sysname: Linux
      nodename: ip-172-31-6-166
      release: 6.8.0-1010-aws
      version: '#10-Ubuntu SMP Thu Jun 13 17:36:15 UTC 2024'
      machine: x86_64
      compiler: 'musl-gcc 13.2.1'
      uptime: 208
      totalram: 200450965504
      freeram: 192031289344
      sharedram: 20488192
      bufferram: 131088384
      totalswap: 0
      freeswap: 0
      pagesize: 4096
      cpus: 48
      cpus-online: 48
      ticks-per-second: 100

metrics:
    - stressor: cpu
      bogo-ops: 368302
      bogo-ops-per-second-usr-sys-time: 383.902605
      bogo-ops-per-second-real-time: 18414.938193
      wall-clock-time: 20.000176
      user-time: 959.328142
      system-time: 0.034976
      cpu-usage-per-instance: 99.932780
      max-rss: 1152

...
