BaselineInfo:
  WebDBID: -1
  TimeStamp: 20241107184348
Version:
  Major: 11
  Minor: 0
  Build: 1002
  SpecialBuildName: ""
  ptArchitecture: x86_64_linux
Results:
  Results Complete: true
  NumTestProcesses: 4
  CPU_INTEGER_MATH: 16410.442999999999
  CPU_FLOATINGPOINT_MATH: 8808.7387886192482
  CPU_PRIME: 29.47727956911033
  CPU_SORTING: 8572.507514977442
  CPU_ENCRYPTION: 2266.0338118926652
  CPU_COMPRESSION: 73090.991123142507
  CPU_SINGLETHREAD: 2630.107970339548
  CPU_PHYSICS: 603.80878202364022
  CPU_MATRIX_MULT_SSE: 4202.8677313131411
  CPU_mm: 498.55884931289734
  CPU_sse: 1796.6570030131747
  CPU_fma: 5141.5522485694983
  CPU_avx: 3631.8075768118101
  CPU_avx512: 6241.4540968580823
  m_CPU_enc_SHA: 741852972.8833251
  m_CPU_enc_AES: 5728790555.2583427
  m_CPU_enc_ECDSA: 657682482.87582183
  ME_ALLOC_S: 1687.0468365668603
  ME_READ_S: 30504.987109375001
  ME_READ_L: 11165.8798828125
  ME_WRITE: 10551.2919921875
  ME_LARGE: 5647.083333333333
  ME_LATENCY: 53.02690346201981
  ME_THREADED: 25326.75732421875
  SUMM_CPU: 5672.3052900372868
  SUMM_ME: 2106.3970978423899
SystemInformation:
  OSName: Ubuntu 24.04.1 LTS
  Kernel: 6.8.0-1016-aws
  Device: ""
  Processor: Intel Xeon Platinum 8252C CPU @ 3.80GHz
  NumSockets: 1
  Manufacturer: GenuineIntel
  NumCores: 2
  NumLogicals: 4
  CPUFrequency: 0
  Memory: 15620
  MemModuleInfo:
    iNumMemSticks: 1
    DIMM 1:
      manufacturer: Not Specified
      modulePartNo: Not Specified
      memType: DDR4
      size: 16
      clkspeed: 1466
      moduleVoltage: 0
Checksum: 3F1ECAB09A4325179323B36350FA4992B4338054