BaselineInfo:
  WebDBID: -1
  TimeStamp: 20260404113736
Version:
  Major: 11
  Minor: 0
  Build: 1004
  SpecialBuildName: ""
  ptArchitecture: x86_64_linux
Results:
  Results Complete: true
  NumTestProcesses: 8
  CPU_INTEGER_MATH: 33659.798333333332
  CPU_FLOATINGPOINT_MATH: 17208.076407842731
  CPU_PRIME: 73.687253385128045
  CPU_SORTING: 16981.30205972763
  CPU_ENCRYPTION: 7306.0326495228255
  CPU_COMPRESSION: 123428.89951643765
  CPU_SINGLETHREAD: 2360.24424065925
  CPU_PHYSICS: 1311.7117248112204
  CPU_MATRIX_MULT_SSE: 6960.7064804550218
  CPU_mm: 725.43236866268523
  CPU_sse: 3163.2529092606333
  CPU_fma: 8753.3371658636479
  CPU_avx: 6476.7118398393523
  CPU_avx512: 9449.5240068564599
  m_CPU_enc_SHA: 7378782196.0166645
  m_CPU_enc_AES: 11090311327.855133
  m_CPU_enc_ECDSA: 4513697950.6463432
  ME_ALLOC_S: 3648.498295738344
  ME_READ_S: 24186.269726562499
  ME_READ_L: 6491.1591796875
  ME_WRITE: 6694.9873046875
  ME_LARGE: 3746.5
  ME_LATENCY: 64.541004722071975
  ME_THREADED: 25864.115234375
  SUMM_CPU: 11285.807682518383
  SUMM_ME: 1624.4916631719873
SystemInformation:
  OSName: Ubuntu 24.04.4 LTS
  Kernel: 6.8.0-106-generic
  Device: ""
  Processor: Intel(R) Xeon(R) Platinum 8369B CPU @ 2.70GHz
  NumSockets: 1
  Manufacturer: GenuineIntel
  NumCores: 4
  NumLogicals: 8
  CPUFrequency: 0
  CPUMaxFrequency: 0
  Memory: 15069
  CPUInfo:
    number: 1
    Family: 6
    Model: 10
    stepping: 6
    features: 529267711
    manufacture: GenuineIntel
    typestring: Intel(R) Xeon(R) Platinum 8369B CPU @ 2.70GHz
    iCoresPerPackage: 4
    iThreadsPerPackage: 2
    featuresEx:
      - 529267711
      - 4277809667
      - 739248128
    bHybrid: false
    nPCore: 0
    nLogicalsPerPCore: 0
    nECore: 0
    nLogicalsPerECore: 0
  MemModuleInfo:
    iNumMemSticks: 1
    DIMM 1:
      manufacturer: Alibaba Cloud
      modulePartNo: Not Specified
      memType: RAM
      size: 16
      clkspeed: 0
      moduleVoltage: 0
Checksum: 395CB2ABBA8E8BA2A70D020DE28D1F733C0E8C8D