---
system-info:
      stress-ng-version: 0.17.08
      run-by: root
      date-yyyy-mm-dd: 2024:06:05
      time-hh-mm-ss: 13:37:43
      epoch-secs: 1717594663
      hostname: 6e23550cd722
      sysname: Linux
      nodename: 6e23550cd722
      release: 6.8.0-1008-aws
      version: '#8-Ubuntu SMP Sat Apr 20 00:46:25 UTC 2024'
      machine: x86_64
      compiler: 'musl-gcc 13.2.1'
      uptime: 284
      totalram: 1740636160
      freeram: 162443264
      sharedram: 32800768
      bufferram: 70115328
      totalswap: 939520000
      freeswap: 938995712
      pagesize: 4096
      cpus: 2
      cpus-online: 2
      ticks-per-second: 100

metrics:
    - stressor: cpu
      bogo-ops: 10119
      bogo-ops-per-second-usr-sys-time: 1013.334781
      bogo-ops-per-second-real-time: 1011.705248
      wall-clock-time: 10.001925
      user-time: 9.984739
      system-time: 0.001102
      cpu-usage-per-instance: 99.839191
      max-rss: 3792

...
