---
system-info:
      stress-ng-version: 0.17.08
      run-by: root
      date-yyyy-mm-dd: 2024:06:13
      time-hh-mm-ss: 23:58:12
      epoch-secs: 1718323092
      hostname: 8b88db33b8f1
      sysname: Linux
      nodename: 8b88db33b8f1
      release: 6.8.0-1008-aws
      version: '#8-Ubuntu SMP Sat Apr 20 00:46:25 UTC 2024'
      machine: x86_64
      compiler: 'musl-gcc 13.2.1'
      uptime: 290
      totalram: 1740627968
      freeram: 133111808
      sharedram: 32768000
      bufferram: 97091584
      totalswap: 939520000
      freeswap: 939257856
      pagesize: 4096
      cpus: 2
      cpus-online: 2
      ticks-per-second: 100

metrics:
    - stressor: cpu
      bogo-ops: 18690
      bogo-ops-per-second-usr-sys-time: 935.404396
      bogo-ops-per-second-real-time: 934.496424
      wall-clock-time: 20.000077
      user-time: 19.980663
      system-time: 0.000000
      cpu-usage-per-instance: 99.902933
      max-rss: 1088

...
