---
system-info:
      stress-ng-version: 0.17.08
      run-by: root
      date-yyyy-mm-dd: 2024:06:05
      time-hh-mm-ss: 13:30:20
      epoch-secs: 1717594220
      hostname: 2707843c6201
      sysname: Linux
      nodename: 2707843c6201
      release: 6.8.0-1008-aws
      version: '#8-Ubuntu SMP Sat Apr 20 00:46:25 UTC 2024'
      machine: x86_64
      compiler: 'musl-gcc 13.2.1'
      uptime: 272
      totalram: 1740636160
      freeram: 168652800
      sharedram: 32768000
      bufferram: 70537216
      totalswap: 939520000
      freeswap: 938995712
      pagesize: 4096
      cpus: 2
      cpus-online: 2
      ticks-per-second: 100

metrics:
    - stressor: cpu
      bogo-ops: 10170
      bogo-ops-per-second-usr-sys-time: 1017.882504
      bogo-ops-per-second-real-time: 1016.957424
      wall-clock-time: 10.000419
      user-time: 9.989125
      system-time: 0.002205
      cpu-usage-per-instance: 99.909117
      max-rss: 3920

...
