size_kb,operation,bandwidth_mb_s,latency_ns,latency_stddev_ns,latency_samples,threads,iterations,elapsed_s
32,read,868365.32,0,0,0,8,664892,0.191421
32,write,724800.53,0,0,0,8,644330,0.222244
32,copy,722377.02,0,0,0,8,581395,0.201209
32,latency,0,2.01,0.01,7,1,7,0.288967
128,read,703075.56,0,0,0,8,161917,0.230298
128,write,723772.77,0,0,0,8,173973,0.240370
128,copy,634767.77,0,0,0,8,139977,0.220517
128,latency,0,2.66,0.00,7,1,7,0.659609
1024,read,580333.83,0,0,0,8,15698,0.216400
1024,write,724285.56,0,0,0,8,22375,0.247140
1024,copy,392065.67,0,0,0,8,15193,0.310009
1024,latency,0,5.20,0.01,7,1,7,0.680244
2048,read,485215.58,0,0,0,8,7636,0.251797
2048,write,722430.97,0,0,0,8,11158,0.247121
2048,copy,282847.74,0,0,0,8,5972,0.337821
2048,latency,0,12.50,0.11,7,1,7,0.642122
4096,read,346828.74,0,0,0,8,3719,0.343132
4096,write,677729.26,0,0,0,8,5283,0.249445
4096,copy,203447.62,0,0,0,8,2539,0.399356
4096,latency,0,25.07,0.22,7,1,7,0.673850
16384,read,187949.09,0,0,0,8,518,0.352776
16384,write,426444.27,0,0,0,8,1087,0.326270
16384,copy,112422.09,0,0,0,8,342,0.389390
16384,latency,0,85.14,4.15,8,1,8,1.027406
32768,read,171709.69,0,0,0,8,197,0.293705
32768,write,313455.90,0,0,0,8,591,0.482671
32768,copy,107264.27,0,0,0,8,169,0.403340
32768,latency,0,103.65,0.84,7,1,7,2.303490
65536,read,171157.64,0,0,0,8,93,0.278200
65536,write,269884.72,0,0,0,8,286,0.542572
65536,copy,106033.00,0,0,0,8,85,0.410438
65536,latency,0,112.54,0.28,7,1,7,5.089628
131072,read,174063.87,0,0,0,8,48,0.282379
131072,write,259039.61,0,0,0,8,141,0.557382
131072,copy,107111.83,0,0,0,8,44,0.420644
131072,latency,0,117.09,0.29,7,1,7,10.745152
262144,read,173089.82,0,0,0,8,24,0.283968
262144,write,249555.49,0,0,0,8,70,0.574461
262144,copy,106888.45,0,0,0,8,22,0.421524
262144,latency,0,119.62,0.21,7,1,7,22.101844
