BaselineInfo:
  WebDBID: -1
  TimeStamp: 20260404111736
Version:
  Major: 11
  Minor: 0
  Build: 1004
  SpecialBuildName: ""
  ptArchitecture: x86_64_linux
Results:
  Results Complete: true
  NumTestProcesses: 8
  CPU_INTEGER_MATH: 23760.315666666665
  CPU_FLOATINGPOINT_MATH: 16429.677347135552
  CPU_PRIME: 47.675533537566018
  CPU_SORTING: 15341.569957877609
  CPU_ENCRYPTION: 3058.7743033261031
  CPU_COMPRESSION: 117902.30577634809
  CPU_SINGLETHREAD: 1641.8591438658118
  CPU_PHYSICS: 929.44008751087517
  CPU_MATRIX_MULT_SSE: 9527.3082299596917
  CPU_mm: 987.18697923773993
  CPU_sse: 3621.6744597306197
  CPU_fma: 12287.284267142155
  CPU_avx: 8339.1738162388774
  CPU_avx512: 13861.100376727112
  m_CPU_enc_SHA: 1469620800.9624722
  m_CPU_enc_AES: 6929032947.8021631
  m_CPU_enc_ECDSA: 1223418222.8887789
  ME_ALLOC_S: 2040.0514551803935
  ME_READ_S: 17754.857714843751
  ME_READ_L: 6799.6328125
  ME_WRITE: 6937.77685546875
  ME_LARGE: 3609
  ME_LATENCY: 81.65228110672733
  ME_THREADED: 46580.05517578125
  SUMM_CPU: 8828.4543063879592
  SUMM_ME: 1467.9820650337579
SystemInformation:
  OSName: Ubuntu 24.04.4 LTS
  Kernel: 6.8.0-106-generic
  Device: ""
  Processor: Intel(R) Xeon(R) Platinum 8269CY CPU @ 2.50GHz
  NumSockets: 1
  Manufacturer: GenuineIntel
  NumCores: 4
  NumLogicals: 8
  CPUFrequency: 0
  CPUMaxFrequency: 0
  Memory: 15606
  CPUInfo:
    number: 1
    Family: 6
    Model: 5
    stepping: 7
    features: 529267711
    manufacture: GenuineIntel
    typestring: Intel(R) Xeon(R) Platinum 8269CY CPU @ 2.50GHz
    iCoresPerPackage: 4
    iThreadsPerPackage: 2
    featuresEx:
      - 529267711
      - 4277809667
      - 739248128
    bHybrid: false
    nPCore: 0
    nLogicalsPerPCore: 0
    nECore: 0
    nLogicalsPerECore: 0
  MemModuleInfo:
    iNumMemSticks: 1
    DIMM 1:
      manufacturer: Alibaba Cloud
      modulePartNo: Not Specified
      memType: RAM
      size: 16
      clkspeed: 0
      moduleVoltage: 0
Checksum: A1AC6DE1E307C5CCDED6A139498236EFD1F9B510