BaselineInfo:
  WebDBID: -1
  TimeStamp: 20241107173717
Version:
  Major: 11
  Minor: 0
  Build: 1002
  SpecialBuildName: ""
  ptArchitecture: x86_64_linux
Results:
  Results Complete: true
  NumTestProcesses: 2
  CPU_INTEGER_MATH: 8356.7946666666667
  CPU_FLOATINGPOINT_MATH: 4278.0412331480602
  CPU_PRIME: 18.693470248604555
  CPU_SORTING: 4380.427955403522
  CPU_ENCRYPTION: 1816.6957332100856
  CPU_COMPRESSION: 32245.599629576413
  CPU_SINGLETHREAD: 2369.125526157035
  CPU_PHYSICS: 357.7536037557403
  CPU_MATRIX_MULT_SSE: 1672.4694085995461
  CPU_mm: 180.44702111392905
  CPU_sse: 793.64756881018241
  CPU_fma: 2180.8490264758075
  CPU_avx: 1611.4073284313686
  CPU_avx512: 2103.9737106808261
  m_CPU_enc_SHA: 1831404483.448173
  m_CPU_enc_AES: 2750441066.2165813
  m_CPU_enc_ECDSA: 1132985085.7747416
  ME_ALLOC_S: 1026.5144678425841
  ME_READ_S: 24194.792382812499
  ME_READ_L: 11676.9697265625
  ME_WRITE: 10365.197265625
  ME_LARGE: 22113.666666666668
  ME_LATENCY: 55.028814876719501
  ME_THREADED: 15668.85107421875
  SUMM_CPU: 2986.104074321207
  SUMM_ME: 1996.80975894888
SystemInformation:
  OSName: Ubuntu 24.04.1 LTS
  Kernel: 6.8.0-1017-azure
  Device: ""
  Processor: Intel Xeon Platinum 8370C CPU @ 2.80GHz
  NumSockets: 1
  Manufacturer: GenuineIntel
  NumCores: 1
  NumLogicals: 2
  CPUFrequency: 2800
  Memory: 32093
  MemModuleInfo:
    iNumMemSticks: 2
    DIMM 1:
      manufacturer: Microsoft Corporation
      modulePartNo: None
      memType: Unknown
      size: 1
      clkspeed: 0
      moduleVoltage: 0
    DIMM 2:
      manufacturer: Microsoft Corporation
      modulePartNo: None
      memType: Unknown
      size: 31
      clkspeed: 0
      moduleVoltage: 0
Checksum: 0E112C49D043B8D079A7A178E11F0CE1E0D5F9D3