---
system-info:
      stress-ng-version: 0.17.08
      run-by: root
      date-yyyy-mm-dd: 2024:09:03
      time-hh-mm-ss: 07:35:12
      epoch-secs: 1725348912
      hostname: sc-runner
      sysname: Linux
      nodename: sc-runner
      release: 6.8.0-1013-azure
      version: '#15-Ubuntu SMP Thu Aug  8 18:40:40 UTC 2024'
      machine: x86_64
      compiler: 'musl-gcc 13.2.1'
      uptime: 357
      totalram: 33651290112
      freeram: 25069920256
      sharedram: 54906880
      bufferram: 215134208
      totalswap: 0
      freeswap: 0
      pagesize: 4096
      cpus: 4
      cpus-online: 4
      ticks-per-second: 100

metrics:
    - stressor: cpu
      bogo-ops: 37941
      bogo-ops-per-second-usr-sys-time: 1897.059580
      bogo-ops-per-second-real-time: 1897.045115
      wall-clock-time: 20.000051
      user-time: 19.998900
      system-time: 0.000999
      cpu-usage-per-instance: 99.999238
      max-rss: 3152

...
