---
system-info:
      stress-ng-version: 0.17.08
      run-by: root
      date-yyyy-mm-dd: 2024:09:16
      time-hh-mm-ss: 19:50:08
      epoch-secs: 1726516208
      hostname: sc-runner
      sysname: Linux
      nodename: sc-runner
      release: 6.8.0-1014-azure
      version: '#16-Ubuntu SMP Thu Aug 15 20:04:41 UTC 2024'
      machine: x86_64
      compiler: 'musl-gcc 13.2.1'
      uptime: 336
      totalram: 67420602368
      freeram: 57089454080
      sharedram: 42090496
      bufferram: 252538880
      totalswap: 0
      freeswap: 0
      pagesize: 4096
      cpus: 16
      cpus-online: 16
      ticks-per-second: 100

metrics:
    - stressor: cpu
      bogo-ops: 28232
      bogo-ops-per-second-usr-sys-time: 1411.620257
      bogo-ops-per-second-real-time: 1411.590980
      wall-clock-time: 20.000128
      user-time: 19.998714
      system-time: 0.000999
      cpu-usage-per-instance: 99.997926
      max-rss: 1104

...
