BaselineInfo:
  WebDBID: -1
  TimeStamp: 20251006215848
Version:
  Major: 11
  Minor: 0
  Build: 1002
  SpecialBuildName: ""
  ptArchitecture: x86_64_linux
Results:
  Results Complete: true
  NumTestProcesses: 8
  CPU_INTEGER_MATH: 41338.685000000005
  CPU_FLOATINGPOINT_MATH: 29945.054295474227
  CPU_PRIME: 89.436862657487197
  CPU_SORTING: 21447.642379534969
  CPU_ENCRYPTION: 9092.6046470151705
  CPU_COMPRESSION: 164407.0915159313
  CPU_SINGLETHREAD: 3276.3032969507576
  CPU_PHYSICS: 2006.2486526938967
  CPU_MATRIX_MULT_SSE: 11362.4869411646
  CPU_mm: 1234.7331579769441
  CPU_sse: 5052.6464343409498
  CPU_fma: 13119.197844156155
  CPU_avx: 10670.910633580928
  CPU_avx512: 16607.192852580363
  m_CPU_enc_SHA: 9601705069.4711266
  m_CPU_enc_AES: 12513554095.753355
  m_CPU_enc_ECDSA: 6487601865.8212547
  ME_ALLOC_S: 4612.7800341555676
  ME_READ_S: 29135.865429687499
  ME_READ_L: 11888.1748046875
  ME_WRITE: 11219.9912109375
  ME_LARGE: 6081.083333333333
  ME_LATENCY: 73.996851108128979
  ME_THREADED: 68227.25439453125
  SUMM_CPU: 15671.168334174323
  SUMM_ME: 2090.5882361081763
SystemInformation:
  OSName: Ubuntu 24.04.2 LTS
  Kernel: 6.14.0-1014-aws
  Device: ""
  Processor: Intel Xeon 6975P-C
  NumSockets: 1
  Manufacturer: GenuineIntel
  NumCores: 4
  NumLogicals: 8
  CPUFrequency: 0
  Memory: 15704
  MemModuleInfo:
    iNumMemSticks: 1
    DIMM 1:
      manufacturer: Not Specified
      modulePartNo: Not Specified
      memType: DDR5
      size: 16
      clkspeed: 3600
      moduleVoltage: 0
Checksum: C38CB728C8CD9B515F4850744D3180E4BADD49E6