---
system-info:
      stress-ng-version: 0.17.08
      run-by: root
      date-yyyy-mm-dd: 2024:09:22
      time-hh-mm-ss: 09:13:48
      epoch-secs: 1726996428
      hostname: sc-runner
      sysname: Linux
      nodename: sc-runner
      release: 6.8.0-1014-azure
      version: '#16-Ubuntu SMP Thu Aug 15 20:04:41 UTC 2024'
      machine: x86_64
      compiler: 'musl-gcc 13.2.1'
      uptime: 308
      totalram: 168988221440
      freeram: 158146928640
      sharedram: 71794688
      bufferram: 248725504
      totalswap: 0
      freeswap: 0
      pagesize: 4096
      cpus: 20
      cpus-online: 20
      ticks-per-second: 100

metrics:
    - stressor: cpu
      bogo-ops: 539333
      bogo-ops-per-second-usr-sys-time: 1350.093498
      bogo-ops-per-second-real-time: 26966.574729
      wall-clock-time: 20.000056
      user-time: 399.449271
      system-time: 0.028988
      cpu-usage-per-instance: 99.869286
      max-rss: 1140

...
