BaselineInfo:
  WebDBID: -1
  TimeStamp: 20241108070323
Version:
  Major: 11
  Minor: 0
  Build: 1002
  SpecialBuildName: ""
  ptArchitecture: x86_64_linux
Results:
  Results Complete: true
  NumTestProcesses: 12
  CPU_INTEGER_MATH: 31697.311000000002
  CPU_FLOATINGPOINT_MATH: 17047.736901158511
  CPU_PRIME: 63.613568541569251
  CPU_SORTING: 16898.34079877859
  CPU_ENCRYPTION: 4354.0887620330104
  CPU_COMPRESSION: 141009.23541692339
  CPU_SINGLETHREAD: 1697.8051045025511
  CPU_PHYSICS: 1217.2599182316926
  CPU_MATRIX_MULT_SSE: 8926.1490159646564
  CPU_mm: 963.43601127144575
  CPU_sse: 3399.8436797820486
  CPU_fma: 10971.29228257202
  CPU_avx: 7755.8446195797615
  CPU_avx512: 13577.615481924791
  m_CPU_enc_SHA: 1435628410.1946306
  m_CPU_enc_AES: 10976384635.475458
  m_CPU_enc_ECDSA: 1284765887.5424895
  ME_ALLOC_S: 3886.3045805526949
  ME_READ_S: 20649.962695312501
  ME_READ_L: 9598.5009765625
  ME_WRITE: 9200.2138671875
  ME_LARGE: 72777.333333333328
  ME_LATENCY: 54.822673768209903
  ME_THREADED: 65761.06201171875
  SUMM_CPU: 10528.780632430849
  SUMM_ME: 2332.7315081377383
SystemInformation:
  OSName: Ubuntu 24.04.1 LTS
  Kernel: 6.8.0-1015-gcp
  Device: ""
  Processor: Intel Xeon CPU @ 2.20GHz
  NumSockets: 1
  Manufacturer: GenuineIntel
  NumCores: 6
  NumLogicals: 12
  CPUFrequency: 0
  Memory: 85467
  MemModuleInfo:
    iNumMemSticks: 6
    DIMM 1:
      manufacturer: ""
      modulePartNo: ""
      memType: RAM
      size: 16
      clkspeed: 0
      moduleVoltage: 0
    DIMM 2:
      manufacturer: ""
      modulePartNo: ""
      memType: RAM
      size: 16
      clkspeed: 0
      moduleVoltage: 0
    DIMM 3:
      manufacturer: ""
      modulePartNo: ""
      memType: RAM
      size: 16
      clkspeed: 0
      moduleVoltage: 0
    DIMM 4:
      manufacturer: ""
      modulePartNo: ""
      memType: RAM
      size: 16
      clkspeed: 0
      moduleVoltage: 0
    DIMM 5:
      manufacturer: ""
      modulePartNo: ""
      memType: RAM
      size: 16
      clkspeed: 0
      moduleVoltage: 0
    DIMM 6:
      manufacturer: ""
      modulePartNo: ""
      memType: RAM
      size: 5
      clkspeed: 0
      moduleVoltage: 0
Checksum: 1EB16C8560822F3DDBE21F587C7EA3FD40EB3BB0