---
system-info:
      stress-ng-version: 0.17.08
      run-by: root
      date-yyyy-mm-dd: 2024:06:21
      time-hh-mm-ss: 05:32:13
      epoch-secs: 1718947933
      hostname: ced326f0596c
      sysname: Linux
      nodename: ced326f0596c
      release: 6.8.0-1008-gcp
      version: '#9-Ubuntu SMP Wed May 22 18:09:04 UTC 2024'
      machine: x86_64
      compiler: 'musl-gcc 13.2.1'
      uptime: 175
      totalram: 33652191232
      freeram: 28519301120
      sharedram: 34992128
      bufferram: 134492160
      totalswap: 0
      freeswap: 0
      pagesize: 4096
      cpus: 8
      cpus-online: 8
      ticks-per-second: 100

metrics:
    - stressor: cpu
      bogo-ops: 53782
      bogo-ops-per-second-usr-sys-time: 2689.199500
      bogo-ops-per-second-real-time: 2689.087049
      wall-clock-time: 20.000096
      user-time: 19.999260
      system-time: 0.000000
      cpu-usage-per-instance: 99.995818
      max-rss: 1104

...
