---
system-info:
      stress-ng-version: 0.17.08
      run-by: root
      date-yyyy-mm-dd: 2024:06:13
      time-hh-mm-ss: 01:20:01
      epoch-secs: 1718241601
      hostname: 94dd71971f3e
      sysname: Linux
      nodename: 94dd71971f3e
      release: 6.8.0-1008-aws
      version: '#8-Ubuntu SMP Sat Apr 20 00:46:25 UTC 2024'
      machine: x86_64
      compiler: 'musl-gcc 13.2.1'
      uptime: 121
      totalram: 8158199808
      freeram: 3818729472
      sharedram: 59871232
      bufferram: 110764032
      totalswap: 0
      freeswap: 0
      pagesize: 4096
      cpus: 4
      cpus-online: 4
      ticks-per-second: 100

metrics:
    - stressor: cpu
      bogo-ops: 76738
      bogo-ops-per-second-usr-sys-time: 963.812567
      bogo-ops-per-second-real-time: 3836.885409
      wall-clock-time: 20.000076
      user-time: 79.602255
      system-time: 0.016960
      cpu-usage-per-instance: 99.523640
      max-rss: 976

...
