---
system-info:
      stress-ng-version: 0.17.08
      run-by: root
      date-yyyy-mm-dd: 2024:06:06
      time-hh-mm-ss: 13:03:58
      epoch-secs: 1717679038
      hostname: b889d154b4fa
      sysname: Linux
      nodename: b889d154b4fa
      release: 6.8.0-1008-aws
      version: '#8-Ubuntu SMP Sat Apr 20 00:46:25 UTC 2024'
      machine: x86_64
      compiler: 'musl-gcc 13.2.1'
      uptime: 102
      totalram: 8158199808
      freeram: 4036960256
      sharedram: 59871232
      bufferram: 84058112
      totalswap: 0
      freeswap: 0
      pagesize: 4096
      cpus: 4
      cpus-online: 4
      ticks-per-second: 100

metrics:
    - stressor: cpu
      bogo-ops: 48180
      bogo-ops-per-second-usr-sys-time: 1210.744840
      bogo-ops-per-second-real-time: 4816.958583
      wall-clock-time: 10.002162
      user-time: 39.779702
      system-time: 0.013984
      cpu-usage-per-instance: 99.462711
      max-rss: 3920

...
