BaselineInfo:
  WebDBID: -1
  TimeStamp: 20241108091740
Version:
  Major: 11
  Minor: 0
  Build: 1002
  SpecialBuildName: ""
  ptArchitecture: x86_64_linux
Results:
  Results Complete: true
  NumTestProcesses: 16
  CPU_INTEGER_MATH: 49649.589999999997
  CPU_FLOATINGPOINT_MATH: 26589.616155681349
  CPU_PRIME: 76.37633019285866
  CPU_SORTING: 25492.580179739936
  CPU_ENCRYPTION: 6824.9992463742901
  CPU_COMPRESSION: 217819.15746026006
  CPU_SINGLETHREAD: 1984.4053589863558
  CPU_PHYSICS: 1530.5370317997051
  CPU_MATRIX_MULT_SSE: 14956.869856059429
  CPU_mm: 1509.4158496460564
  CPU_sse: 5347.2765184787613
  CPU_fma: 17866.906843353529
  CPU_avx: 12621.788996368174
  CPU_avx512: 23991.507066037258
  m_CPU_enc_SHA: 2238965417.5340099
  m_CPU_enc_AES: 17227114203.184761
  m_CPU_enc_ECDSA: 2003511608.5797312
  ME_ALLOC_S: 5537.4235195687224
  ME_READ_S: 24182.511328125001
  ME_READ_L: 10360.3515625
  ME_WRITE: 10088.068359375
  ME_LARGE: 30966.333333333332
  ME_LATENCY: 53.051065267568141
  ME_THREADED: 86176.45947265625
  SUMM_CPU: 15733.015883955415
  SUMM_ME: 2520.3914340098777
SystemInformation:
  OSName: Ubuntu 24.04.1 LTS
  Kernel: 6.8.0-1016-aws
  Device: ""
  Processor: Intel Xeon Platinum 8124M CPU @ 3.00GHz
  NumSockets: 1
  Manufacturer: GenuineIntel
  NumCores: 8
  NumLogicals: 16
  CPUFrequency: 0
  Memory: 41208
  MemModuleInfo:
    iNumMemSticks: 1
    DIMM 1:
      manufacturer: Not Specified
      modulePartNo: Not Specified
      memType: DDR4
      size: 42
      clkspeed: 1333
      moduleVoltage: 0
Checksum: 6D9606501C4D4DEC14187632AC12161E02001C43