BaselineInfo:
  WebDBID: -1
  TimeStamp: 20251202162929
Version:
  Major: 11
  Minor: 0
  Build: 1002
  SpecialBuildName: ""
  ptArchitecture: x86_64_linux
Results:
  Results Complete: true
  NumTestProcesses: 8
  CPU_INTEGER_MATH: 60903.066333333336
  CPU_FLOATINGPOINT_MATH: 61040.959860196468
  CPU_PRIME: 219.77390917764831
  CPU_SORTING: 36385.044556598536
  CPU_ENCRYPTION: 12686.345818828444
  CPU_COMPRESSION: 263956.39417654707
  CPU_SINGLETHREAD: 3823.5677002378643
  CPU_PHYSICS: 3076.4275476636358
  CPU_MATRIX_MULT_SSE: 24372.124555475144
  CPU_mm: 2911.39999891971
  CPU_sse: 8734.6799644873572
  CPU_fma: 34656.41781757366
  CPU_avx: 17424.478807610216
  CPU_avx512: 36672.921632229336
  m_CPU_enc_SHA: 17603333633.63707
  m_CPU_enc_AES: 11007316725.916534
  m_CPU_enc_ECDSA: 11297142900.417961
  ME_ALLOC_S: 10387.958900047423
  ME_READ_S: 33844.478125000001
  ME_READ_L: 32462.8671875
  ME_WRITE: 32808.359375
  ME_LARGE: 4170.5
  ME_LATENCY: 86.962778604703956
  ME_THREADED: 53880.884765625
  SUMM_CPU: 25609.49691775889
  SUMM_ME: 2195.320796549935
SystemInformation:
  OSName: Ubuntu 24.04.2 LTS
  Kernel: 6.14.0-1017-aws
  Device: ""
  Processor: AMD EPYC 9R45
  NumSockets: 1
  Manufacturer: AuthenticAMD
  NumCores: 8
  NumLogicals: 8
  CPUFrequency: 0
  Memory: 15660
  MemModuleInfo:
    iNumMemSticks: 1
    DIMM 1:
      manufacturer: Not Specified
      modulePartNo: Not Specified
      memType: DDR5
      size: 16
      clkspeed: 3200
      moduleVoltage: 0
Checksum: F32614652CB7BDF73E3FB20FC4319A33A446E679