BaselineInfo:
  WebDBID: -1
  TimeStamp: 20251209090125
Version:
  Major: 11
  Minor: 0
  Build: 1002
  SpecialBuildName: ""
  ptArchitecture: x86_64_linux
Results:
  Results Complete: true
  NumTestProcesses: 8
  CPU_INTEGER_MATH: 48300.708333333328
  CPU_FLOATINGPOINT_MATH: 44285.402478031989
  CPU_PRIME: 156.00443503500361
  CPU_SORTING: 31046.261999716666
  CPU_ENCRYPTION: 10433.882568722007
  CPU_COMPRESSION: 210289.76128470426
  CPU_SINGLETHREAD: 2939.9361216185903
  CPU_PHYSICS: 2843.7657124791276
  CPU_MATRIX_MULT_SSE: 19895.071503152671
  CPU_mm: 2084.4482921588424
  CPU_sse: 9548.1705624659407
  CPU_fma: 27283.810053260404
  CPU_avx: 22853.233893731664
  CPU_avx512: 0
  m_CPU_enc_SHA: 14392403162.830355
  m_CPU_enc_AES: 9163480763.2619705
  m_CPU_enc_ECDSA: 9266272619.048418
  ME_ALLOC_S: 8724.6236580297755
  ME_READ_S: 27813.281054687501
  ME_READ_L: 26680.10546875
  ME_WRITE: 22657.763671875
  ME_LARGE: 3744.0833333333335
  ME_LATENCY: 65.596699886572651
  ME_THREADED: 199880.9453125
  SUMM_CPU: 20439.770770355586
  SUMM_ME: 2431.5739372288481
SystemInformation:
  OSName: Ubuntu 24.04.2 LTS
  Kernel: 6.8.0-86-generic
  Device: ""
  Processor: AMD EPYC-Milan Processor
  NumSockets: 8
  Manufacturer: AuthenticAMD
  NumCores: 8
  NumLogicals: 8
  CPUFrequency: 0
  Memory: 15613
  MemModuleInfo:
    iNumMemSticks: 1
    DIMM 1:
      manufacturer: QEMU
      modulePartNo: Not Specified
      memType: RAM
      size: 16000
      clkspeed: 0
      moduleVoltage: 0
Checksum: 23E13DECEA883609E01E0B8EF0B48BCF753DB1FB