---
system-info:
      stress-ng-version: 0.17.08
      run-by: root
      date-yyyy-mm-dd: 2024:09:19
      time-hh-mm-ss: 19:08:54
      epoch-secs: 1726772934
      hostname: sc-runner
      sysname: Linux
      nodename: sc-runner
      release: 6.8.0-1014-azure
      version: '#16-Ubuntu SMP Thu Aug 15 20:04:41 UTC 2024'
      machine: x86_64
      compiler: 'musl-gcc 13.2.1'
      uptime: 348
      totalram: 405534781440
      freeram: 394337124352
      sharedram: 38301696
      bufferram: 312532992
      totalswap: 0
      freeswap: 0
      pagesize: 4096
      cpus: 48
      cpus-online: 48
      ticks-per-second: 100

metrics:
    - stressor: cpu
      bogo-ops: 54081
      bogo-ops-per-second-usr-sys-time: 2704.067712
      bogo-ops-per-second-real-time: 2704.036365
      wall-clock-time: 20.000101
      user-time: 19.999869
      system-time: 0.000000
      cpu-usage-per-instance: 99.998841
      max-rss: 3200

...
