BaselineInfo:
  WebDBID: -1
  TimeStamp: 20241107084322
Version:
  Major: 11
  Minor: 0
  Build: 1002
  SpecialBuildName: ""
  ptArchitecture: x86_64_linux
Results:
  Results Complete: true
  NumTestProcesses: 2
  CPU_INTEGER_MATH: 6180.005666666666
  CPU_FLOATINGPOINT_MATH: 3315.1222063128266
  CPU_PRIME: 13.687511392271444
  CPU_SORTING: 3289.8948044190602
  CPU_ENCRYPTION: 846.7164503853935
  CPU_COMPRESSION: 27589.119765932533
  CPU_SINGLETHREAD: 1980.0628701516291
  CPU_PHYSICS: 288.63559721682122
  CPU_MATRIX_MULT_SSE: 1725.8602284141407
  CPU_mm: 187.96089240393098
  CPU_sse: 670.43392065967896
  CPU_fma: 2224.7927638395581
  CPU_avx: 1568.7053454794109
  CPU_avx512: 2439.508883677915
  m_CPU_enc_SHA: 279809841.23567563
  m_CPU_enc_AES: 2138077939.442723
  m_CPU_enc_ECDSA: 245651865.35954446
  ME_ALLOC_S: 687.47939047491468
  ME_READ_S: 23984.956249999999
  ME_READ_L: 7645.88916015625
  ME_WRITE: 7818.1728515625
  ME_LARGE: 6069
  ME_LATENCY: 56.860309787378675
  ME_THREADED: 10218.90869140625
  SUMM_CPU: 2228.3430935685446
  SUMM_ME: 1503.9829039668768
SystemInformation:
  OSName: Ubuntu 24.04.1 LTS
  Kernel: 6.8.0-1017-azure
  Device: ""
  Processor: Intel Xeon Platinum 8272CL CPU @ 2.60GHz
  NumSockets: 1
  Manufacturer: GenuineIntel
  NumCores: 1
  NumLogicals: 2
  CPUFrequency: 0
  Memory: 15990
  MemModuleInfo:
    iNumMemSticks: 2
    DIMM 1:
      manufacturer: Microsoft Corporation
      modulePartNo: None
      memType: Unknown
      size: 1
      clkspeed: 0
      moduleVoltage: 0
    DIMM 2:
      manufacturer: Microsoft Corporation
      modulePartNo: None
      memType: Unknown
      size: 15
      clkspeed: 0
      moduleVoltage: 0
Checksum: D0A59632AF6E42653DAF80E38B6460F1053969E6