---
system-info:
      stress-ng-version: 0.17.08
      run-by: root
      date-yyyy-mm-dd: 2024:09:16
      time-hh-mm-ss: 15:52:42
      epoch-secs: 1726501962
      hostname: sc-runner
      sysname: Linux
      nodename: sc-runner
      release: 6.8.0-1014-azure
      version: '#16-Ubuntu SMP Thu Aug 15 20:04:41 UTC 2024'
      machine: x86_64
      compiler: 'musl-gcc 13.2.1'
      uptime: 277
      totalram: 67424501760
      freeram: 57257414656
      sharedram: 54910976
      bufferram: 239730688
      totalswap: 0
      freeswap: 0
      pagesize: 4096
      cpus: 2
      cpus-online: 2
      ticks-per-second: 100

metrics:
    - stressor: cpu
      bogo-ops: 38638
      bogo-ops-per-second-usr-sys-time: 974.745937
      bogo-ops-per-second-real-time: 1931.893552
      wall-clock-time: 20.000067
      user-time: 39.630065
      system-time: 0.008982
      cpu-usage-per-instance: 99.097287
      max-rss: 3252

...
