BaselineInfo:
  WebDBID: -1
  TimeStamp: 20260611135203
Version:
  Major: 11
  Minor: 0
  Build: 1004
  SpecialBuildName: ""
  ptArchitecture: x86_64_linux
Results:
  Results Complete: true
  NumTestProcesses: 1
  CPU_INTEGER_MATH: 2912.8696666666665
  CPU_FLOATINGPOINT_MATH: 2465.6140241002349
  CPU_PRIME: 8.4440394658412252
  CPU_SORTING: 1811.6870401581666
  CPU_ENCRYPTION: 265.66149246979063
  CPU_COMPRESSION: 13891.944771841592
  CPU_SINGLETHREAD: 1385.8209512694227
  CPU_PHYSICS: 150.10323383443122
  CPU_MATRIX_MULT_SSE: 873.72940277337102
  CPU_mm: 128.55944823612398
  CPU_sse: 516.29350967428979
  CPU_fma: 1303.5236554153491
  CPU_avx: 801.37104323047413
  CPU_avx512: 0
  m_CPU_enc_SHA: 187171168.4472096
  m_CPU_enc_AES: 497777435.20752424
  m_CPU_enc_ECDSA: 150750191.72927564
  ME_ALLOC_S: 488.22667694793518
  ME_READ_S: 16986.785253906251
  ME_READ_L: 6423.771484375
  ME_WRITE: 5410.24755859375
  ME_LARGE: 536.08333333333337
  ME_LATENCY: 81.614901626523874
  ME_THREADED: 6567.2578125
  SUMM_CPU: 1061.647385922824
  SUMM_ME: 683.71996307088114
SystemInformation:
  OSName: Ubuntu 24.04.4 LTS
  Kernel: 6.8.0-124-generic
  Device: ""
  Processor: Intel Core Processor (Broadwell, no TSX, IBRS)
  NumSockets: 1
  Manufacturer: GenuineIntel
  NumCores: 1
  NumLogicals: 1
  CPUFrequency: 7
  CPUMaxFrequency: 832
  Memory: 955
  CPUInfo:
    number: 1
    Family: 6
    Model: 13
    stepping: 2
    features: 126614527
    manufacture: GenuineIntel
    typestring: Intel Core Processor (Broadwell, no TSX, IBRS)
    iCoresPerPackage: 1
    iThreadsPerPackage: 1
    featuresEx:
      - 126614527
      - 4294586883
      - 672139264
    bHybrid: false
    nPCore: 0
    nLogicalsPerPCore: 0
    nECore: 0
    nLogicalsPerECore: 0
  MemModuleInfo:
    iNumMemSticks: 1
    DIMM 1:
      manufacturer: QEMU
      modulePartNo: Not Specified
      memType: RAM
      size: 1
      clkspeed: 0
      moduleVoltage: 0
Checksum: BA97A64B0CE7311BF7CD635892FBDDF0D7FC0F83