---
system-info:
      stress-ng-version: 0.17.08
      run-by: root
      date-yyyy-mm-dd: 2024:06:05
      time-hh-mm-ss: 20:39:06
      epoch-secs: 1717619946
      hostname: 6e0c78cfd1a2
      sysname: Linux
      nodename: 6e0c78cfd1a2
      release: 6.8.0-1008-aws
      version: '#8-Ubuntu SMP Sat Apr 20 00:46:25 UTC 2024'
      machine: x86_64
      compiler: 'musl-gcc 13.2.1'
      uptime: 133
      totalram: 198485180416
      freeram: 193385447424
      sharedram: 78655488
      bufferram: 79212544
      totalswap: 0
      freeswap: 0
      pagesize: 4096
      cpus: 96
      cpus-online: 96
      ticks-per-second: 100

metrics:
    - stressor: cpu
      bogo-ops: 16930
      bogo-ops-per-second-usr-sys-time: 1692.851029
      bogo-ops-per-second-real-time: 1692.852966
      wall-clock-time: 10.000869
      user-time: 9.998881
      system-time: 0.001999
      cpu-usage-per-instance: 100.000114
      max-rss: 3072

...
