---
system-info:
      stress-ng-version: 0.17.08
      run-by: root
      date-yyyy-mm-dd: 2024:06:12
      time-hh-mm-ss: 17:55:52
      epoch-secs: 1718214952
      hostname: 0a727a2d01d0
      sysname: Linux
      nodename: 0a727a2d01d0
      release: 6.8.0-1008-aws
      version: '#8-Ubuntu SMP Sat Apr 20 00:46:25 UTC 2024'
      machine: x86_64
      compiler: 'musl-gcc 13.2.1'
      uptime: 162
      totalram: 198485147648
      freeram: 193255608320
      sharedram: 78663680
      bufferram: 112590848
      totalswap: 0
      freeswap: 0
      pagesize: 4096
      cpus: 96
      cpus-online: 96
      ticks-per-second: 100

metrics:
    - stressor: cpu
      bogo-ops: 32661
      bogo-ops-per-second-usr-sys-time: 1633.111078
      bogo-ops-per-second-real-time: 1633.052531
      wall-clock-time: 19.999969
      user-time: 19.997253
      system-time: 0.001999
      cpu-usage-per-instance: 99.996415
      max-rss: 768

...
