---
system-info:
      stress-ng-version: 0.17.08
      run-by: root
      date-yyyy-mm-dd: 2024:06:12
      time-hh-mm-ss: 20:40:42
      epoch-secs: 1718224842
      hostname: 413570bbebc2
      sysname: Linux
      nodename: 413570bbebc2
      release: 6.8.0-1008-aws
      version: '#8-Ubuntu SMP Sat Apr 20 00:46:25 UTC 2024'
      machine: x86_64
      compiler: 'musl-gcc 13.2.1'
      uptime: 153
      totalram: 198485151744
      freeram: 193071198208
      sharedram: 78655488
      bufferram: 112537600
      totalswap: 0
      freeswap: 0
      pagesize: 4096
      cpus: 96
      cpus-online: 96
      ticks-per-second: 100

metrics:
    - stressor: cpu
      bogo-ops: 31332
      bogo-ops-per-second-usr-sys-time: 1566.600078
      bogo-ops-per-second-real-time: 1566.597367
      wall-clock-time: 20.000034
      user-time: 19.999999
      system-time: 0.000000
      cpu-usage-per-instance: 99.999827
      max-rss: 768

...
