BaselineInfo:
  WebDBID: -1
  TimeStamp: 20241115025716
Version:
  Major: 11
  Minor: 0
  Build: 1002
  SpecialBuildName: ""
  ptArchitecture: aarch64_linux
Results:
  Results Complete: true
  NumTestProcesses: 4
  CPU_INTEGER_MATH: 15720.654333333332
  CPU_FLOATINGPOINT_MATH: 11951.768732556464
  CPU_PRIME: 30.950985132952862
  CPU_SORTING: 11328.53706177797
  CPU_ENCRYPTION: 538.98390395085733
  CPU_COMPRESSION: 18487.16875826761
  CPU_SINGLETHREAD: 1107.2929415648268
  CPU_PHYSICS: 580.95461583087456
  CPU_MATRIX_MULT_SSE: 2482.0830753263476
  CPU_mm: 416.04264919771595
  CPU_sse: 2079.2601556630398
  CPU_fma: 2884.9059949896564
  CPU_avx: 0
  CPU_avx512: 0
  m_CPU_enc_SHA: 801487792.21382141
  m_CPU_enc_AES: 374665301.4085291
  m_CPU_enc_ECDSA: 519343664.585172
  ME_ALLOC_S: 2546.606976804303
  ME_READ_S: 9469.4515625000004
  ME_READ_L: 9106.7490234375
  ME_WRITE: 12150.607421875
  ME_LARGE: 6893.75
  ME_LATENCY: 73.588783730412885
  ME_THREADED: 36224.478515625
  SUMM_CPU: 2678.443779011518
  SUMM_ME: 1551.8583596268243
SystemInformation:
  OSName: Ubuntu 24.04.1 LTS
  Kernel: 6.8.0-1018-aws
  Device: ""
  Processor: ARM Neoverse-N1 4 Core 0 MHz
  NumSockets: 1
  Manufacturer: ARM
  NumCores: 4
  NumLogicals: 4
  CPUFrequency: 0
  Memory: 15767
Checksum: 671BB43D6360B9E07AF244FBB92A9EE40EF14CC0