BaselineInfo:
  WebDBID: -1
  TimeStamp: 20241107053748
Version:
  Major: 11
  Minor: 0
  Build: 1002
  SpecialBuildName: ""
  ptArchitecture: aarch64_linux
Results:
  Results Complete: true
  NumTestProcesses: 4
  CPU_INTEGER_MATH: 15744.865333333333
  CPU_FLOATINGPOINT_MATH: 11934.137659403434
  CPU_PRIME: 28.201824366008267
  CPU_SORTING: 11382.542787719771
  CPU_ENCRYPTION: 542.50884823976401
  CPU_COMPRESSION: 18571.516198564925
  CPU_SINGLETHREAD: 1101.2780154772772
  CPU_PHYSICS: 570.50046762618319
  CPU_MATRIX_MULT_SSE: 2487.8419235762995
  CPU_mm: 414.50023063286477
  CPU_sse: 2085.3590303909214
  CPU_fma: 2890.3248167616775
  CPU_avx: 0
  CPU_avx512: 0
  m_CPU_enc_SHA: 816498594.05517542
  m_CPU_enc_AES: 377405981.10565412
  m_CPU_enc_ECDSA: 512680698.9947468
  ME_ALLOC_S: 2569.4686102476307
  ME_READ_S: 9459.1444335937504
  ME_READ_L: 9102.884765625
  ME_WRITE: 12404.89453125
  ME_LARGE: 5932.083333333333
  ME_LATENCY: 73.91215953153575
  ME_THREADED: 36112.845703125
  SUMM_CPU: 2683.2182003691073
  SUMM_ME: 1533.2403767471521
SystemInformation:
  OSName: Ubuntu 24.04.1 LTS
  Kernel: 6.8.0-1016-aws
  Device: ""
  Processor: ARM Neoverse-N1 4 Core 0 MHz
  NumSockets: 1
  Manufacturer: ARM
  NumCores: 4
  NumLogicals: 4
  CPUFrequency: 0
  Memory: 15767
Checksum: A1C7101170BD0AB0B2F9B4EB219F0C39A45578DE