BaselineInfo:
  WebDBID: -1
  TimeStamp: 20241115163220
Version:
  Major: 11
  Minor: 0
  Build: 1002
  SpecialBuildName: ""
  ptArchitecture: aarch64_linux
Results:
  Results Complete: true
  NumTestProcesses: 4
  CPU_INTEGER_MATH: 15744.179
  CPU_FLOATINGPOINT_MATH: 11953.64582171162
  CPU_PRIME: 28.88148835312462
  CPU_SORTING: 11386.501197742004
  CPU_ENCRYPTION: 541.09556026590985
  CPU_COMPRESSION: 18402.021129101777
  CPU_SINGLETHREAD: 1108.6695197088907
  CPU_PHYSICS: 599.32171131514656
  CPU_MATRIX_MULT_SSE: 2464.9412982119702
  CPU_mm: 412.93897843844621
  CPU_sse: 2052.2145055422734
  CPU_fma: 2877.6680908816661
  CPU_avx: 0
  CPU_avx512: 0
  m_CPU_enc_SHA: 805975415.50119603
  m_CPU_enc_AES: 374373821.77448606
  m_CPU_enc_ECDSA: 521790217.32847804
  ME_ALLOC_S: 2582.4377865144279
  ME_READ_S: 9455.7072265624993
  ME_READ_L: 9124.6748046875
  ME_WRITE: 12317.0380859375
  ME_LARGE: 6884.083333333333
  ME_LATENCY: 72.297972171035383
  ME_THREADED: 36144.408203125
  SUMM_CPU: 2675.8435855971375
  SUMM_ME: 1562.6330087288832
SystemInformation:
  OSName: Ubuntu 24.04.1 LTS
  Kernel: 6.8.0-1018-aws
  Device: ""
  Processor: ARM Neoverse-N1 4 Core 0 MHz
  NumSockets: 1
  Manufacturer: ARM
  NumCores: 4
  NumLogicals: 4
  CPUFrequency: 0
  Memory: 15767
Checksum: 85AF32BF82169BFC5DDF07A1CB8E361477106125