---
system-info:
      stress-ng-version: 0.17.08
      run-by: root
      date-yyyy-mm-dd: 2024:07:30
      time-hh-mm-ss: 08:46:38
      epoch-secs: 1722329198
      hostname: instance-20240730-083811
      sysname: Linux
      nodename: instance-20240730-083811
      release: 6.1.0-22-cloud-amd64
      version: '#1 SMP PREEMPT_DYNAMIC Debian 6.1.94-1 (2024-06-21)'
      machine: x86_64
      compiler: 'musl-gcc 13.2.1'
      uptime: 355
      totalram: 12446519140352
      freeram: 12426364186624
      sharedram: 324714496
      bufferram: 139948032
      totalswap: 0
      freeswap: 0
      pagesize: 4096
      cpus: 416
      cpus-online: 416
      ticks-per-second: 100

metrics:
    - stressor: cpu
      bogo-ops: 26961
      bogo-ops-per-second-usr-sys-time: 1348.641649
      bogo-ops-per-second-real-time: 1348.041579
      wall-clock-time: 20.000125
      user-time: 19.987228
      system-time: 0.003998
      cpu-usage-per-instance: 99.955506
      max-rss: 2496

...
