---
system-info:
      stress-ng-version: 0.17.08
      run-by: root
      date-yyyy-mm-dd: 2024:07:09
      time-hh-mm-ss: 23:59:48
      epoch-secs: 1720569588
      hostname: n1-ultramem-160-93e037f
      sysname: Linux
      nodename: n1-ultramem-160-93e037f
      release: 6.8.0-1009-gcp
      version: '#10-Ubuntu SMP Wed Jun 12 18:52:23 UTC 2024'
      machine: x86_64
      compiler: 'musl-gcc 13.2.1'
      uptime: 257
      totalram: 4062789685248
      freeram: 4053402181632
      sharedram: 232742912
      bufferram: 137478144
      totalswap: 0
      freeswap: 0
      pagesize: 4096
      cpus: 160
      cpus-online: 160
      ticks-per-second: 100

metrics:
    - stressor: cpu
      bogo-ops: 16954
      bogo-ops-per-second-usr-sys-time: 847.821323
      bogo-ops-per-second-real-time: 847.697625
      wall-clock-time: 20.000056
      user-time: 19.997138
      system-time: 0.000000
      cpu-usage-per-instance: 99.985410
      max-rss: 0

...
