BaselineInfo:
  WebDBID: -1
  TimeStamp: 20260621032013
Version:
  Major: 11
  Minor: 0
  Build: 1004
  SpecialBuildName: ""
  ptArchitecture: x86_64_linux
Results:
  Results Complete: true
  NumTestProcesses: 24
  CPU_INTEGER_MATH: 160032.296
  CPU_FLOATINGPOINT_MATH: 97474.281155331657
  CPU_PRIME: 275.29887557725749
  CPU_SORTING: 71112.445917214136
  CPU_ENCRYPTION: 31501.74982919715
  CPU_COMPRESSION: 564605.81927864021
  CPU_SINGLETHREAD: 3848.7010765619407
  CPU_PHYSICS: 5073.2142514475972
  CPU_MATRIX_MULT_SSE: 44850.016549188775
  CPU_mm: 4258.0483660426817
  CPU_sse: 15982.21639761502
  CPU_fma: 47818.462666193576
  CPU_avx: 46765.396339436513
  CPU_avx512: 68833.990793509933
  m_CPU_enc_SHA: 40266410061.511421
  m_CPU_enc_AES: 32979956297.08176
  m_CPU_enc_ECDSA: 25849570128.107494
  ME_ALLOC_S: 14638.405205099356
  ME_READ_S: 34212.140625
  ME_READ_L: 29967.451171875
  ME_WRITE: 30603.587890625
  ME_LARGE: 763649.33333333337
  ME_LATENCY: 81.514206121700354
  ME_THREADED: 111448.24365234375
  SUMM_CPU: 48197.744115872483
  SUMM_ME: 2834.4113122119265
SystemInformation:
  OSName: Ubuntu 24.04.4 LTS
  Kernel: 6.17.0-1018-azure
  Device: ""
  Processor: "AMD EPYC 9V45 96-Core Processor                "
  NumSockets: 1
  Manufacturer: AuthenticAMD
  NumCores: 12
  NumLogicals: 24
  CPUFrequency: 0
  CPUMaxFrequency: 0
  Memory: 774022
  CPUInfo:
    number: 1
    Family: 15
    Model: 2
    stepping: 1
    features: 395049983
    manufacture: AuthenticAMD
    typestring: "AMD EPYC 9V45 96-Core Processor                "
    iCoresPerPackage: 16
    iThreadsPerPackage: 2
    featuresEx:
      - 395049983
      - 4277809667
      - 802421759
    bHybrid: false
    nPCore: 0
    nLogicalsPerPCore: 0
    nECore: 0
    nLogicalsPerECore: 0
  MemModuleInfo:
    iNumMemSticks: 4
    DIMM 1:
      manufacturer: Microsoft Corporation
      modulePartNo: None
      memType: Unknown
      size: 1
      clkspeed: 0
      moduleVoltage: 0
    DIMM 2:
      manufacturer: Microsoft Corporation
      modulePartNo: None
      memType: Unknown
      size: 59
      clkspeed: 0
      moduleVoltage: 0
    DIMM 3:
      manufacturer: Microsoft Corporation
      modulePartNo: None
      memType: Unknown
      size: 324
      clkspeed: 0
      moduleVoltage: 0
    DIMM 4:
      manufacturer: Microsoft Corporation
      modulePartNo: None
      memType: Unknown
      size: 384
      clkspeed: 0
      moduleVoltage: 0
Checksum: 7CFB217B03DF9818602DD54F41A3B344ED891A4E