---
system-info:
      stress-ng-version: 0.17.08
      run-by: root
      date-yyyy-mm-dd: 2024:05:30
      time-hh-mm-ss: 21:35:58
      epoch-secs: 1717104958
      hostname: 234b8d27608f
      sysname: Linux
      nodename: 234b8d27608f
      release: 6.8.0-1008-aws
      version: '#8-Ubuntu SMP Sat Apr 20 02:43:14 UTC 2024'
      machine: aarch64
      compiler: 'musl-gcc 13.2.1'
      uptime: 1083
      totalram: 16434499584
      freeram: 10362830848
      sharedram: 35008512
      bufferram: 82534400
      totalswap: 0
      freeswap: 0
      pagesize: 4096
      cpus: 8
      cpus-online: 8
      ticks-per-second: 100

metrics:
    - stressor: cpu
      bogo-ops: 58788
      bogo-ops-per-second-usr-sys-time: 735.842164
      bogo-ops-per-second-real-time: 5875.635071
      wall-clock-time: 10.005387
      user-time: 79.887137
      system-time: 0.004996
      cpu-usage-per-instance: 99.811403
      max-rss: 1192

...
