---
system-info:
      stress-ng-version: 0.17.08
      run-by: root
      date-yyyy-mm-dd: 2024:06:04
      time-hh-mm-ss: 14:46:13
      epoch-secs: 1717512373
      hostname: 9b3e5f25f5d4
      sysname: Linux
      nodename: 9b3e5f25f5d4
      release: 6.8.0-1008-aws
      version: '#8-Ubuntu SMP Sat Apr 20 02:43:14 UTC 2024'
      machine: aarch64
      compiler: 'musl-gcc 13.2.1'
      uptime: 716
      totalram: 16434503680
      freeram: 11109236736
      sharedram: 35012608
      bufferram: 78745600
      totalswap: 0
      freeswap: 0
      pagesize: 4096
      cpus: 8
      cpus-online: 8
      ticks-per-second: 100

metrics:
    - stressor: cpu
      bogo-ops: 34097
      bogo-ops-per-second-usr-sys-time: 425.496087
      bogo-ops-per-second-real-time: 3396.153153
      wall-clock-time: 10.039889
      user-time: 80.124704
      system-time: 0.009993
      cpu-usage-per-instance: 99.770399
      max-rss: 4136

...
