---
system-info:
      stress-ng-version: 0.17.08
      run-by: root
      date-yyyy-mm-dd: 2024:06:04
      time-hh-mm-ss: 13:28:00
      epoch-secs: 1717507680
      hostname: 478dc5889edc
      sysname: Linux
      nodename: 478dc5889edc
      release: 6.8.0-1008-aws
      version: '#8-Ubuntu SMP Sat Apr 20 02:43:14 UTC 2024'
      machine: aarch64
      compiler: 'musl-gcc 13.2.1'
      uptime: 713
      totalram: 16434503680
      freeram: 11061182464
      sharedram: 35053568
      bufferram: 78942208
      totalswap: 0
      freeswap: 0
      pagesize: 4096
      cpus: 8
      cpus-online: 8
      ticks-per-second: 100

metrics:
    - stressor: cpu
      bogo-ops: 34107
      bogo-ops-per-second-usr-sys-time: 425.523293
      bogo-ops-per-second-real-time: 3396.346123
      wall-clock-time: 10.042263
      user-time: 80.144079
      system-time: 0.008995
      cpu-usage-per-instance: 99.769689
      max-rss: 4136

...
