---
system-info:
      stress-ng-version: 0.17.08
      run-by: root
      date-yyyy-mm-dd: 2024:05:31
      time-hh-mm-ss: 14:41:00
      epoch-secs: 1717166460
      hostname: cd2e1ac5f1d5
      sysname: Linux
      nodename: cd2e1ac5f1d5
      release: 6.8.0-1008-aws
      version: '#8-Ubuntu SMP Sat Apr 20 02:43:14 UTC 2024'
      machine: aarch64
      compiler: 'musl-gcc 13.2.1'
      uptime: 1014
      totalram: 16434499584
      freeram: 11039879168
      sharedram: 35020800
      bufferram: 81969152
      totalswap: 0
      freeswap: 0
      pagesize: 4096
      cpus: 8
      cpus-online: 8
      ticks-per-second: 100

metrics:
    - stressor: cpu
      bogo-ops: 58764
      bogo-ops-per-second-usr-sys-time: 735.856025
      bogo-ops-per-second-real-time: 5874.926595
      wall-clock-time: 10.002508
      user-time: 79.854017
      system-time: 0.003996
      cpu-usage-per-instance: 99.797487
      max-rss: 1192

...
