---
system-info:
      stress-ng-version: 0.17.08
      run-by: root
      date-yyyy-mm-dd: 2024:06:08
      time-hh-mm-ss: 09:54:31
      epoch-secs: 1717840471
      hostname: 9fb6080dbd58
      sysname: Linux
      nodename: 9fb6080dbd58
      release: 6.8.0-1008-aws
      version: '#8-Ubuntu SMP Sat Apr 20 02:43:14 UTC 2024'
      machine: aarch64
      compiler: 'musl-gcc 13.2.1'
      uptime: 102
      totalram: 16434495488
      freeram: 12083302400
      sharedram: 35016704
      bufferram: 99069952
      totalswap: 0
      freeswap: 0
      pagesize: 4096
      cpus: 8
      cpus-online: 8
      ticks-per-second: 100

metrics:
    - stressor: cpu
      bogo-ops: 34079
      bogo-ops-per-second-usr-sys-time: 425.194507
      bogo-ops-per-second-real-time: 3393.640935
      wall-clock-time: 10.042017
      user-time: 80.141207
      system-time: 0.007994
      cpu-usage-per-instance: 99.767309
      max-rss: 4136

...
