---
system-info:
      stress-ng-version: 0.17.08
      run-by: root
      date-yyyy-mm-dd: 2024:05:31
      time-hh-mm-ss: 22:55:50
      epoch-secs: 1717196150
      hostname: ec413a29669a
      sysname: Linux
      nodename: ec413a29669a
      release: 6.8.0-1008-aws
      version: '#8-Ubuntu SMP Sat Apr 20 02:43:14 UTC 2024'
      machine: aarch64
      compiler: 'musl-gcc 13.2.1'
      uptime: 750
      totalram: 16434503680
      freeram: 11147059200
      sharedram: 35053568
      bufferram: 78807040
      totalswap: 0
      freeswap: 0
      pagesize: 4096
      cpus: 8
      cpus-online: 8
      ticks-per-second: 100

metrics:
    - stressor: cpu
      bogo-ops: 34071
      bogo-ops-per-second-usr-sys-time: 424.743014
      bogo-ops-per-second-real-time: 3389.119686
      wall-clock-time: 10.053053
      user-time: 80.202571
      system-time: 0.012992
      cpu-usage-per-instance: 99.740301
      max-rss: 4136

...
