---
system-info:
      stress-ng-version: 0.17.08
      run-by: root
      date-yyyy-mm-dd: 2024:06:14
      time-hh-mm-ss: 08:24:12
      epoch-secs: 1718353452
      hostname: 991bb871c7fd
      sysname: Linux
      nodename: 991bb871c7fd
      release: 6.8.0-1008-aws
      version: '#8-Ubuntu SMP Sat Apr 20 02:43:14 UTC 2024'
      machine: aarch64
      compiler: 'musl-gcc 13.2.1'
      uptime: 123
      totalram: 16434499584
      freeram: 12147261440
      sharedram: 35016704
      bufferram: 106221568
      totalswap: 0
      freeswap: 0
      pagesize: 4096
      cpus: 8
      cpus-online: 8
      ticks-per-second: 100

metrics:
    - stressor: cpu
      bogo-ops: 244862
      bogo-ops-per-second-usr-sys-time: 1533.030646
      bogo-ops-per-second-real-time: 12243.062747
      wall-clock-time: 20.000061
      user-time: 159.718142
      system-time: 0.005997
      cpu-usage-per-instance: 99.827283
      max-rss: 1192

...
