---
system-info:
      stress-ng-version: 0.17.08
      run-by: root
      date-yyyy-mm-dd: 2024:06:06
      time-hh-mm-ss: 17:41:57
      epoch-secs: 1717695717
      hostname: 2e4a9e570beb
      sysname: Linux
      nodename: 2e4a9e570beb
      release: 6.8.0-1008-aws
      version: '#8-Ubuntu SMP Sat Apr 20 00:46:25 UTC 2024'
      machine: x86_64
      compiler: 'musl-gcc 13.2.1'
      uptime: 140
      totalram: 33086926848
      freeram: 28761755648
      sharedram: 113582080
      bufferram: 86003712
      totalswap: 0
      freeswap: 0
      pagesize: 4096
      cpus: 16
      cpus-online: 16
      ticks-per-second: 100

metrics:
    - stressor: cpu
      bogo-ops: 20087
      bogo-ops-per-second-usr-sys-time: 2008.252361
      bogo-ops-per-second-real-time: 2008.281949
      wall-clock-time: 10.002082
      user-time: 10.001229
      system-time: 0.001000
      cpu-usage-per-instance: 100.001473
      max-rss: 3920

...
