---
system-info:
      stress-ng-version: 0.17.08
      run-by: root
      date-yyyy-mm-dd: 2024:06:14
      time-hh-mm-ss: 11:30:55
      epoch-secs: 1718364655
      hostname: c2bdf4983193
      sysname: Linux
      nodename: c2bdf4983193
      release: 6.8.0-1008-aws
      version: '#8-Ubuntu SMP Sat Apr 20 00:46:25 UTC 2024'
      machine: x86_64
      compiler: 'musl-gcc 13.2.1'
      uptime: 201
      totalram: 33086935040
      freeram: 28570861568
      sharedram: 113582080
      bufferram: 108425216
      totalswap: 0
      freeswap: 0
      pagesize: 4096
      cpus: 16
      cpus-online: 16
      ticks-per-second: 100

metrics:
    - stressor: cpu
      bogo-ops: 37886
      bogo-ops-per-second-usr-sys-time: 1894.281057
      bogo-ops-per-second-real-time: 1894.295235
      wall-clock-time: 20.000050
      user-time: 20.000200
      system-time: 0.000000
      cpu-usage-per-instance: 100.000748
      max-rss: 1104

...
