BaselineInfo:
  WebDBID: -1
  TimeStamp: 20241107210442
Version:
  Major: 11
  Minor: 0
  Build: 1002
  SpecialBuildName: ""
  ptArchitecture: x86_64_linux
Results:
  Results Complete: true
  NumTestProcesses: 16
  CPU_INTEGER_MATH: 66336.152000000016
  CPU_FLOATINGPOINT_MATH: 36446.390915653392
  CPU_PRIME: 147.53336225532689
  CPU_SORTING: 36078.614123865511
  CPU_ENCRYPTION: 17245.444984253354
  CPU_COMPRESSION: 253374.26980366427
  CPU_SINGLETHREAD: 2393.3886124714013
  CPU_PHYSICS: 2819.9361198345514
  CPU_MATRIX_MULT_SSE: 14882.414317756598
  CPU_mm: 1751.0933893318434
  CPU_sse: 7560.8148752448787
  CPU_fma: 20806.358548126111
  CPU_avx: 16280.06952989881
  CPU_avx512: 0
  m_CPU_enc_SHA: 25008499118.723019
  m_CPU_enc_AES: 15978239313.723358
  m_CPU_enc_ECDSA: 13262740726.97896
  ME_ALLOC_S: 7239.3748598925504
  ME_READ_S: 24442.355664062499
  ME_READ_L: 19622.373046875
  ME_WRITE: 18363.76953125
  ME_LARGE: 54099
  ME_LATENCY: 61.746768889124276
  ME_THREADED: 117942.3935546875
  SUMM_CPU: 22215.684655173893
  SUMM_ME: 2852.0975306720893
SystemInformation:
  OSName: Ubuntu 24.04.1 LTS
  Kernel: 6.8.0-1017-azure
  Device: ""
  Processor: AMD EPYC 7763 64-Core Processor
  NumSockets: 1
  Manufacturer: AuthenticAMD
  NumCores: 8
  NumLogicals: 16
  CPUFrequency: 0
  Memory: 64297
  MemModuleInfo:
    iNumMemSticks: 3
    DIMM 1:
      manufacturer: Microsoft Corporation
      modulePartNo: None
      memType: Unknown
      size: 1
      clkspeed: 0
      moduleVoltage: 0
    DIMM 2:
      manufacturer: Microsoft Corporation
      modulePartNo: None
      memType: Unknown
      size: 60928
      clkspeed: 0
      moduleVoltage: 0
    DIMM 3:
      manufacturer: Microsoft Corporation
      modulePartNo: None
      memType: Unknown
      size: 3584
      clkspeed: 0
      moduleVoltage: 0
Checksum: 8CCAC70B790DF135543BEEC099D8D899A0A6DDDC