BaselineInfo:
  WebDBID: -1
  TimeStamp: 20260405055819
Version:
  Major: 11
  Minor: 0
  Build: 1004
  SpecialBuildName: ""
  ptArchitecture: x86_64_linux
Results:
  Results Complete: true
  NumTestProcesses: 32
  CPU_INTEGER_MATH: 134908.52000000002
  CPU_FLOATINGPOINT_MATH: 68987.940243963225
  CPU_PRIME: 182.44650010432389
  CPU_SORTING: 68758.181745370137
  CPU_ENCRYPTION: 29289.877309560139
  CPU_COMPRESSION: 491122.00370124716
  CPU_SINGLETHREAD: 2371.3677097615509
  CPU_PHYSICS: 3304.7978984431475
  CPU_MATRIX_MULT_SSE: 28413.448881693959
  CPU_mm: 2908.3150314777704
  CPU_sse: 12737.233486843477
  CPU_fma: 35113.604633971772
  CPU_avx: 25958.210368745455
  CPU_avx512: 39844.747037215129
  m_CPU_enc_SHA: 29581562942.868927
  m_CPU_enc_AES: 44508153012.619995
  m_CPU_enc_ECDSA: 18048271213.759071
  ME_ALLOC_S: 14663.557875624758
  ME_READ_S: 23892.289257812499
  ME_READ_L: 11671.36328125
  ME_WRITE: 10948.140625
  ME_LARGE: 109225.25
  ME_LATENCY: 60.05450086231496
  ME_THREADED: 141164.46337890625
  SUMM_CPU: 36647.594655319008
  SUMM_ME: 2588.2299669772988
SystemInformation:
  OSName: Ubuntu 24.04.4 LTS
  Kernel: 6.8.0-106-generic
  Device: ""
  Processor: Intel(R) Xeon(R) Platinum 8369B CPU @ 2.70GHz
  NumSockets: 1
  Manufacturer: GenuineIntel
  NumCores: 16
  NumLogicals: 32
  CPUFrequency: 0
  CPUMaxFrequency: 0
  Memory: 124228
  CPUInfo:
    number: 1
    Family: 6
    Model: 10
    stepping: 6
    features: 529267711
    manufacture: GenuineIntel
    typestring: Intel(R) Xeon(R) Platinum 8369B CPU @ 2.70GHz
    iCoresPerPackage: 16
    iThreadsPerPackage: 2
    featuresEx:
      - 529267711
      - 4277809667
      - 739248128
    bHybrid: false
    nPCore: 0
    nLogicalsPerPCore: 0
    nECore: 0
    nLogicalsPerECore: 0
  MemModuleInfo:
    iNumMemSticks: 8
    DIMM 1:
      manufacturer: Alibaba Cloud
      modulePartNo: Not Specified
      memType: RAM
      size: 16
      clkspeed: 0
      moduleVoltage: 0
    DIMM 2:
      manufacturer: Alibaba Cloud
      modulePartNo: Not Specified
      memType: RAM
      size: 16
      clkspeed: 0
      moduleVoltage: 0
    DIMM 3:
      manufacturer: Alibaba Cloud
      modulePartNo: Not Specified
      memType: RAM
      size: 16
      clkspeed: 0
      moduleVoltage: 0
    DIMM 4:
      manufacturer: Alibaba Cloud
      modulePartNo: Not Specified
      memType: RAM
      size: 16
      clkspeed: 0
      moduleVoltage: 0
    DIMM 5:
      manufacturer: Alibaba Cloud
      modulePartNo: Not Specified
      memType: RAM
      size: 16
      clkspeed: 0
      moduleVoltage: 0
    DIMM 6:
      manufacturer: Alibaba Cloud
      modulePartNo: Not Specified
      memType: RAM
      size: 16
      clkspeed: 0
      moduleVoltage: 0
    DIMM 7:
      manufacturer: Alibaba Cloud
      modulePartNo: Not Specified
      memType: RAM
      size: 16
      clkspeed: 0
      moduleVoltage: 0
    DIMM 8:
      manufacturer: Alibaba Cloud
      modulePartNo: Not Specified
      memType: RAM
      size: 16
      clkspeed: 0
      moduleVoltage: 0
Checksum: 9CD9D426E3A6067EF27BF94972BB657AE37F41C4