BaselineInfo:
  WebDBID: -1
  TimeStamp: 20241112155453
Version:
  Major: 11
  Minor: 0
  Build: 1002
  SpecialBuildName: ""
  ptArchitecture: aarch64_linux
Results:
  Results Complete: true
  NumTestProcesses: 96
  CPU_INTEGER_MATH: 501304.56433333328
  CPU_FLOATINGPOINT_MATH: 582575.26516456902
  CPU_PRIME: 864.55871893587084
  CPU_SORTING: 435549.21687109815
  CPU_ENCRYPTION: 18119.708166232223
  CPU_COMPRESSION: 639029.50608812307
  CPU_SINGLETHREAD: 1948.8437519231361
  CPU_PHYSICS: 19689.411563255406
  CPU_MATRIX_MULT_SSE: 80527.182235549699
  CPU_mm: 10942.185248001064
  CPU_sse: 63236.381100399114
  CPU_fma: 97817.983370700211
  CPU_avx: 0
  CPU_avx512: 0
  m_CPU_enc_SHA: 28406066823.995319
  m_CPU_enc_AES: 10312170045.913292
  m_CPU_enc_ECDSA: 18281436460.436749
  ME_ALLOC_S: 47629.332090578479
  ME_READ_S: 21176.666015625
  ME_READ_L: 20151.767578125
  ME_WRITE: 21251.1484375
  ME_LARGE: 372178.66666666669
  ME_LATENCY: 46.826282764071756
  ME_THREADED: 506007.10791015625
  SUMM_CPU: 56912.385472721187
  SUMM_ME: 3399.0367507497531
SystemInformation:
  OSName: Ubuntu 24.04.1 LTS
  Kernel: 6.8.0-1016-aws
  Device: ""
  Processor: ARM Neoverse-V2 96 Core 0 MHz
  NumSockets: 1
  Manufacturer: ARM
  NumCores: 96
  NumLogicals: 96
  CPUFrequency: 0
  Memory: 385964
Checksum: 67F286AB2DE68E4B7D70DFBE3F5C021F58E9B91B