BaselineInfo:
  WebDBID: -1
  TimeStamp: 20260630143425
Version:
  Major: 11
  Minor: 0
  Build: 1004
  SpecialBuildName: ""
  ptArchitecture: x86_64_linux
Results:
  Results Complete: true
  NumTestProcesses: 16
  CPU_INTEGER_MATH: 97845.786333333352
  CPU_FLOATINGPOINT_MATH: 88308.675272452994
  CPU_PRIME: 301.58902359841977
  CPU_SORTING: 60507.533671847843
  CPU_ENCRYPTION: 20876.320618134552
  CPU_COMPRESSION: 415707.98898115323
  CPU_SINGLETHREAD: 2947.7619752202786
  CPU_PHYSICS: 5495.9622246522867
  CPU_MATRIX_MULT_SSE: 38690.96082409814
  CPU_mm: 4060.6713832882597
  CPU_sse: 18205.247829250009
  CPU_fma: 52652.502269312194
  CPU_avx: 45215.132373732231
  CPU_avx512: 0
  m_CPU_enc_SHA: 29176707377.75922
  m_CPU_enc_AES: 18583859639.036697
  m_CPU_enc_ECDSA: 17910659288.647247
  ME_ALLOC_S: 7673.9376120462894
  ME_READ_S: 27401.597460937501
  ME_READ_L: 25495.025390625
  ME_WRITE: 23116.6484375
  ME_LARGE: 120139.5
  ME_LATENCY: 69.457971994845821
  ME_THREADED: 363913.65234375
  SUMM_CPU: 37081.083633748131
  SUMM_ME: 2944.7575262769915
SystemInformation:
  OSName: Ubuntu 24.04.4 LTS
  Kernel: 6.8.0-124-generic
  Device: ""
  Processor: AMD EPYC-Milan Processor
  NumSockets: 1
  Manufacturer: AuthenticAMD
  NumCores: 8
  NumLogicals: 16
  CPUFrequency: 0
  CPUMaxFrequency: 0
  Memory: 128806
  CPUInfo:
    number: 1
    Family: 15
    Model: 1
    stepping: 1
    features: 395049983
    manufacture: AuthenticAMD
    typestring: AMD EPYC-Milan Processor
    iCoresPerPackage: 8
    iThreadsPerPackage: 2
    featuresEx:
      - 395049983
      - 4277809667
      - 802421759
    bHybrid: false
    nPCore: 0
    nLogicalsPerPCore: 0
    nECore: 0
    nLogicalsPerECore: 0
  MemModuleInfo:
    iNumMemSticks: 8
    DIMM 1:
      manufacturer: QEMU
      modulePartNo: Not Specified
      memType: RAM
      size: 16
      clkspeed: 0
      moduleVoltage: 0
    DIMM 2:
      manufacturer: QEMU
      modulePartNo: Not Specified
      memType: RAM
      size: 16
      clkspeed: 0
      moduleVoltage: 0
    DIMM 3:
      manufacturer: QEMU
      modulePartNo: Not Specified
      memType: RAM
      size: 16
      clkspeed: 0
      moduleVoltage: 0
    DIMM 4:
      manufacturer: QEMU
      modulePartNo: Not Specified
      memType: RAM
      size: 16
      clkspeed: 0
      moduleVoltage: 0
    DIMM 5:
      manufacturer: QEMU
      modulePartNo: Not Specified
      memType: RAM
      size: 16
      clkspeed: 0
      moduleVoltage: 0
    DIMM 6:
      manufacturer: QEMU
      modulePartNo: Not Specified
      memType: RAM
      size: 16
      clkspeed: 0
      moduleVoltage: 0
    DIMM 7:
      manufacturer: QEMU
      modulePartNo: Not Specified
      memType: RAM
      size: 16
      clkspeed: 0
      moduleVoltage: 0
    DIMM 8:
      manufacturer: QEMU
      modulePartNo: Not Specified
      memType: RAM
      size: 16
      clkspeed: 0
      moduleVoltage: 0
Checksum: 4C834B357451C506E2983CD34B0A3BF9D5685F85