---
system-info:
      stress-ng-version: 0.17.08
      run-by: root
      date-yyyy-mm-dd: 2024:09:23
      time-hh-mm-ss: 02:32:09
      epoch-secs: 1727058729
      hostname: sc-runner
      sysname: Linux
      nodename: sc-runner
      release: 6.8.0-1014-azure
      version: '#16-Ubuntu SMP Thu Aug 15 20:04:41 UTC 2024'
      machine: x86_64
      compiler: 'musl-gcc 13.2.1'
      uptime: 339
      totalram: 270251397120
      freeram: 259550654464
      sharedram: 38211584
      bufferram: 251555840
      totalswap: 0
      freeswap: 0
      pagesize: 4096
      cpus: 32
      cpus-online: 32
      ticks-per-second: 100

metrics:
    - stressor: cpu
      bogo-ops: 54090
      bogo-ops-per-second-usr-sys-time: 2704.486883
      bogo-ops-per-second-real-time: 2704.477271
      wall-clock-time: 20.000168
      user-time: 20.000097
      system-time: 0.000000
      cpu-usage-per-instance: 99.999645
      max-rss: 2824

...
