BaselineInfo:
  WebDBID: -1
  TimeStamp: 20260616103159
Version:
  Major: 11
  Minor: 0
  Build: 1004
  SpecialBuildName: ""
  ptArchitecture: aarch64_linux
Results:
  Results Complete: true
  NumTestProcesses: 1
  CPU_INTEGER_MATH: 5407.6676666666672
  CPU_FLOATINGPOINT_MATH: 4526.5216597564558
  CPU_PRIME: 11.434458265843853
  CPU_SORTING: 4210.3835036720902
  CPU_ENCRYPTION: 158.47466720463535
  CPU_COMPRESSION: 5174.8843374911639
  CPU_SINGLETHREAD: 1499.2149363118647
  CPU_PHYSICS: 266.91326562668405
  CPU_MATRIX_MULT_SSE: 764.08902893033542
  CPU_mm: 123.86672964415105
  CPU_sse: 643.73066743006268
  CPU_fma: 884.44739043060804
  CPU_avx: 0
  CPU_avx512: 0
  m_CPU_enc_SHA: 237566897.38376105
  m_CPU_enc_AES: 104407819.25844453
  m_CPU_enc_ECDSA: 156543481.27409753
  ME_ALLOC_S: 1028.1554046846704
  ME_READ_S: 21725.1640625
  ME_READ_L: 16764.396484375
  ME_WRITE: 21225.595703125
  ME_LARGE: 540
  ME_LATENCY: 64.715953363945658
  ME_THREADED: 16930.294921875
  SUMM_CPU: 836.55823857359837
  SUMM_ME: 936.22735131553031
SystemInformation:
  OSName: Ubuntu 24.04.4 LTS
  Kernel: 6.8.0-117-generic
  Device: ""
  Processor: ARM Neoverse-N2 1 Core 3000 MHz
  NumSockets: 1
  Manufacturer: ARM
  NumCores: 1
  NumLogicals: 1
  CPUFrequency: 3000
  CPUMaxFrequency: 3000
  Memory: 1635
Checksum: B11FD76D9AB14D3DF7E96A290C76E1D47F700913