BaselineInfo:
  WebDBID: -1
  TimeStamp: 20260619200953
Version:
  Major: 11
  Minor: 0
  Build: 1004
  SpecialBuildName: ""
  ptArchitecture: x86_64_linux
Results:
  Results Complete: true
  NumTestProcesses: 16
  CPU_INTEGER_MATH: 106047.77733333333
  CPU_FLOATINGPOINT_MATH: 61645.559492900546
  CPU_PRIME: 143.32760478752297
  CPU_SORTING: 46338.293374386143
  CPU_ENCRYPTION: 20559.558827456796
  CPU_COMPRESSION: 367320.73576737108
  CPU_SINGLETHREAD: 3809.1219806209679
  CPU_PHYSICS: 3971.8754339892021
  CPU_MATRIX_MULT_SSE: 29160.896387452056
  CPU_mm: 2803.9568124936545
  CPU_sse: 10462.283486144714
  CPU_fma: 31337.551177089263
  CPU_avx: 30600.372138720864
  CPU_avx512: 44243.378747853385
  m_CPU_enc_SHA: 26571365371.549664
  m_CPU_enc_AES: 20913664121.115662
  m_CPU_enc_ECDSA: 17189750378.512676
  ME_ALLOC_S: 10084.213419430598
  ME_READ_S: 34081.701953124997
  ME_READ_L: 30210.361328125
  ME_WRITE: 30377.70703125
  ME_LARGE: 55726.583333333336
  ME_LATENCY: 80.56473284278276
  ME_THREADED: 108878.33740234375
  SUMM_CPU: 33162.552155402474
  SUMM_ME: 2797.3851593829909
SystemInformation:
  OSName: Ubuntu 24.04.4 LTS
  Kernel: 6.17.0-1018-azure
  Device: ""
  Processor: "AMD EPYC 9V45 96-Core Processor                "
  NumSockets: 1
  Manufacturer: AuthenticAMD
  NumCores: 8
  NumLogicals: 16
  CPUFrequency: 0
  CPUMaxFrequency: 0
  Memory: 64297
  CPUInfo:
    number: 1
    Family: 15
    Model: 2
    stepping: 1
    features: 395049983
    manufacture: AuthenticAMD
    typestring: "AMD EPYC 9V45 96-Core Processor                "
    iCoresPerPackage: 8
    iThreadsPerPackage: 2
    featuresEx:
      - 395049983
      - 4277809667
      - 802421759
    bHybrid: false
    nPCore: 0
    nLogicalsPerPCore: 0
    nECore: 0
    nLogicalsPerECore: 0
  MemModuleInfo:
    iNumMemSticks: 3
    DIMM 1:
      manufacturer: Microsoft Corporation
      modulePartNo: None
      memType: Unknown
      size: 1
      clkspeed: 0
      moduleVoltage: 0
    DIMM 2:
      manufacturer: Microsoft Corporation
      modulePartNo: None
      memType: Unknown
      size: 59
      clkspeed: 0
      moduleVoltage: 0
    DIMM 3:
      manufacturer: Microsoft Corporation
      modulePartNo: None
      memType: Unknown
      size: 4
      clkspeed: 0
      moduleVoltage: 0
Checksum: 3EE4170B5DC0D3DCA43E13E2FF53BE84116DDD79