---
system-info:
      stress-ng-version: 0.17.08
      run-by: root
      date-yyyy-mm-dd: 2024:06:14
      time-hh-mm-ss: 20:23:29
      epoch-secs: 1718396609
      hostname: 330fa108c0e5
      sysname: Linux
      nodename: 330fa108c0e5
      release: 6.8.0-1008-aws
      version: '#8-Ubuntu SMP Sat Apr 20 00:46:25 UTC 2024'
      machine: x86_64
      compiler: 'musl-gcc 13.2.1'
      uptime: 190
      totalram: 8200855552
      freeram: 3923296256
      sharedram: 40714240
      bufferram: 110313472
      totalswap: 0
      freeswap: 0
      pagesize: 4096
      cpus: 2
      cpus-online: 2
      ticks-per-second: 100

metrics:
    - stressor: cpu
      bogo-ops: 25517
      bogo-ops-per-second-usr-sys-time: 1276.005928
      bogo-ops-per-second-real-time: 1275.847673
      wall-clock-time: 20.000036
      user-time: 19.996556
      system-time: 0.001000
      cpu-usage-per-instance: 99.987598
      max-rss: 976

...
