---
system-info:
      stress-ng-version: 0.17.08
      run-by: root
      date-yyyy-mm-dd: 2024:06:08
      time-hh-mm-ss: 14:19:35
      epoch-secs: 1717856375
      hostname: 387a98c836f7
      sysname: Linux
      nodename: 387a98c836f7
      release: 6.8.0-1008-aws
      version: '#8-Ubuntu SMP Sat Apr 20 00:46:25 UTC 2024'
      machine: x86_64
      compiler: 'musl-gcc 13.2.1'
      uptime: 141
      totalram: 8200855552
      freeram: 3900153856
      sharedram: 40714240
      bufferram: 102436864
      totalswap: 0
      freeswap: 0
      pagesize: 4096
      cpus: 2
      cpus-online: 2
      ticks-per-second: 100

metrics:
    - stressor: cpu
      bogo-ops: 13745
      bogo-ops-per-second-usr-sys-time: 1374.676096
      bogo-ops-per-second-real-time: 1374.474276
      wall-clock-time: 10.000187
      user-time: 9.998719
      system-time: 0.000000
      cpu-usage-per-instance: 99.985319
      max-rss: 3792

...
