BaselineInfo:
  WebDBID: -1
  TimeStamp: 20241107134708
Version:
  Major: 11
  Minor: 0
  Build: 1002
  SpecialBuildName: ""
  ptArchitecture: x86_64_linux
Results:
  Results Complete: true
  NumTestProcesses: 8
  CPU_INTEGER_MATH: 33203.883666666668
  CPU_FLOATINGPOINT_MATH: 18348.75302405125
  CPU_PRIME: 77.949304118313052
  CPU_SORTING: 18190.584761488775
  CPU_ENCRYPTION: 8647.8745295985973
  CPU_COMPRESSION: 128205.5082869874
  CPU_SINGLETHREAD: 2396.294086990817
  CPU_PHYSICS: 1451.3288155487064
  CPU_MATRIX_MULT_SSE: 7362.144433076126
  CPU_mm: 897.77440368764928
  CPU_sse: 3785.7951700199196
  CPU_fma: 10400.190661687941
  CPU_avx: 7900.4474675205156
  CPU_avx512: 0
  m_CPU_enc_SHA: 12499203369.693754
  m_CPU_enc_AES: 7999013884.5845213
  m_CPU_enc_ECDSA: 6705643793.9668636
  ME_ALLOC_S: 3653.8323715561446
  ME_READ_S: 24413.596484375001
  ME_READ_L: 19959.8671875
  ME_WRITE: 20155.93359375
  ME_LARGE: 22086.583333333332
  ME_LATENCY: 59.053778260731406
  ME_THREADED: 64891.3056640625
  SUMM_CPU: 11935.853097662632
  SUMM_ME: 2748.5502755868056
SystemInformation:
  OSName: Ubuntu 24.04.1 LTS
  Kernel: 6.8.0-1017-azure
  Device: ""
  Processor: AMD EPYC 7763 64-Core Processor
  NumSockets: 1
  Manufacturer: AuthenticAMD
  NumCores: 4
  NumLogicals: 8
  CPUFrequency: 0
  Memory: 32092
  MemModuleInfo:
    iNumMemSticks: 2
    DIMM 1:
      manufacturer: Microsoft Corporation
      modulePartNo: None
      memType: Unknown
      size: 1
      clkspeed: 0
      moduleVoltage: 0
    DIMM 2:
      manufacturer: Microsoft Corporation
      modulePartNo: None
      memType: Unknown
      size: 31
      clkspeed: 0
      moduleVoltage: 0
Checksum: B214432AE2194CEF2BB35CC25CAADB9F494944D0