---
system-info:
      stress-ng-version: 0.17.08
      run-by: root
      date-yyyy-mm-dd: 2024:06:07
      time-hh-mm-ss: 22:40:24
      epoch-secs: 1717800024
      hostname: 473f5d05cd2f
      sysname: Linux
      nodename: 473f5d05cd2f
      release: 6.8.0-1008-aws
      version: '#8-Ubuntu SMP Sat Apr 20 02:43:14 UTC 2024'
      machine: aarch64
      compiler: 'musl-gcc 13.2.1'
      uptime: 134
      totalram: 132124868608
      freeram: 127596871680
      sharedram: 34963456
      bufferram: 93847552
      totalswap: 0
      freeswap: 0
      pagesize: 4096
      cpus: 32
      cpus-online: 32
      ticks-per-second: 100

metrics:
    - stressor: cpu
      bogo-ops: 2940
      bogo-ops-per-second-usr-sys-time: 292.786255
      bogo-ops-per-second-real-time: 292.756350
      wall-clock-time: 10.042481
      user-time: 10.041455
      system-time: 0.000000
      cpu-usage-per-instance: 99.989786
      max-rss: 3840

...
