---
system-info:
      stress-ng-version: 0.17.08
      run-by: root
      date-yyyy-mm-dd: 2024:06:15
      time-hh-mm-ss: 08:25:09
      epoch-secs: 1718439909
      hostname: f6b806e86af9
      sysname: Linux
      nodename: f6b806e86af9
      release: 6.8.0-1008-aws
      version: '#8-Ubuntu SMP Sat Apr 20 02:43:14 UTC 2024'
      machine: aarch64
      compiler: 'musl-gcc 13.2.1'
      uptime: 160
      totalram: 132124868608
      freeram: 127567851520
      sharedram: 34963456
      bufferram: 107073536
      totalswap: 0
      freeswap: 0
      pagesize: 4096
      cpus: 32
      cpus-online: 32
      ticks-per-second: 100

metrics:
    - stressor: cpu
      bogo-ops: 30393
      bogo-ops-per-second-usr-sys-time: 1519.674391
      bogo-ops-per-second-real-time: 1519.647192
      wall-clock-time: 20.000037
      user-time: 19.999679
      system-time: 0.000000
      cpu-usage-per-instance: 99.998210
      max-rss: 1280

...
