BaselineInfo:
  WebDBID: -1
  TimeStamp: 20251104223359
Version:
  Major: 11
  Minor: 0
  Build: 1002
  SpecialBuildName: ""
  ptArchitecture: x86_64_linux
Results:
  Results Complete: true
  NumTestProcesses: 8
  CPU_INTEGER_MATH: 60829.226333333339
  CPU_FLOATINGPOINT_MATH: 60914.196381231435
  CPU_PRIME: 217.95062578904304
  CPU_SORTING: 35776.799761398448
  CPU_ENCRYPTION: 12659.496132331396
  CPU_COMPRESSION: 263600.60197568603
  CPU_SINGLETHREAD: 3814.8237575447183
  CPU_PHYSICS: 3075.9973854870686
  CPU_MATRIX_MULT_SSE: 24460.908870451716
  CPU_mm: 2912.1772990902173
  CPU_sse: 8742.4631837860907
  CPU_fma: 34659.924878064623
  CPU_avx: 17615.668462454145
  CPU_avx512: 36825.578957502003
  m_CPU_enc_SHA: 17585577033.684845
  m_CPU_enc_AES: 10995187385.090265
  m_CPU_enc_ECDSA: 11242567030.591467
  ME_ALLOC_S: 10324.596618333613
  ME_READ_S: 33903.519335937497
  ME_READ_L: 32195.3984375
  ME_WRITE: 32866.6171875
  ME_LARGE: 53322.833333333336
  ME_LATENCY: 82.457572849122556
  ME_THREADED: 54656.66259765625
  SUMM_CPU: 25528.305693877115
  SUMM_ME: 2696.6859371758255
SystemInformation:
  OSName: Ubuntu 24.04.2 LTS
  Kernel: 6.14.0-1015-aws
  Device: ""
  Processor: AMD EPYC 9R45
  NumSockets: 1
  Manufacturer: AuthenticAMD
  NumCores: 8
  NumLogicals: 8
  CPUFrequency: 0
  Memory: 63090
  MemModuleInfo:
    iNumMemSticks: 1
    DIMM 1:
      manufacturer: Not Specified
      modulePartNo: Not Specified
      memType: DDR5
      size: 64
      clkspeed: 3200
      moduleVoltage: 0
Checksum: BE816492C001A483D3BCC9E717E338211AAB22D1