BaselineInfo:
  WebDBID: -1
  TimeStamp: 20241109225446
Version:
  Major: 11
  Minor: 0
  Build: 1002
  SpecialBuildName: ""
  ptArchitecture: x86_64_linux
Results:
  Results Complete: true
  NumTestProcesses: 64
  CPU_INTEGER_MATH: 386703.58266666671
  CPU_FLOATINGPOINT_MATH: 341237.07437188074
  CPU_PRIME: 1135.336260820812
  CPU_SORTING: 215825.28650531478
  CPU_ENCRYPTION: 83573.378893046567
  CPU_COMPRESSION: 1501529.4160907974
  CPU_SINGLETHREAD: 2890.1884378242003
  CPU_PHYSICS: 14807.803063829115
  CPU_MATRIX_MULT_SSE: 116746.2340541173
  CPU_mm: 13182.46035956074
  CPU_sse: 56138.553886883354
  CPU_fma: 151248.47240054575
  CPU_avx: 129784.94950169251
  CPU_avx512: 129812.96042734763
  m_CPU_enc_SHA: 115692396193.21567
  m_CPU_enc_AES: 73382562932.141235
  m_CPU_enc_ECDSA: 73824158913.108719
  ME_ALLOC_S: 29265.02149850539
  ME_READ_S: 27857.935156250001
  ME_READ_L: 26967.162109375
  ME_WRITE: 25578.4453125
  ME_LARGE: 492601.41666666669
  ME_LATENCY: 78.222103863369497
  ME_THREADED: 404489.14453125
  SUMM_CPU: 92120.103591010964
  SUMM_ME: 2836.0550535043462
SystemInformation:
  OSName: Ubuntu 24.04.1 LTS
  Kernel: 6.8.0-1016-aws
  Device: ""
  Processor: AMD EPYC 9R14
  NumSockets: 1
  Manufacturer: AuthenticAMD
  NumCores: 64
  NumLogicals: 64
  CPUFrequency: 0
  Memory: 504981
  MemModuleInfo:
    iNumMemSticks: 1
    DIMM 1:
      manufacturer: Not Specified
      modulePartNo: Not Specified
      memType: DDR5
      size: 512
      clkspeed: 2400
      moduleVoltage: 0
Checksum: 09B9F65F2EAC046B0C175B6291DF87302510DEBF