---
system-info:
      stress-ng-version: 0.17.08
      run-by: root
      date-yyyy-mm-dd: 2024:06:07
      time-hh-mm-ss: 11:41:48
      epoch-secs: 1717760508
      hostname: 70b7e101a2eb
      sysname: Linux
      nodename: 70b7e101a2eb
      release: 6.8.0-1008-aws
      version: '#8-Ubuntu SMP Sat Apr 20 00:46:25 UTC 2024'
      machine: x86_64
      compiler: 'musl-gcc 13.2.1'
      uptime: 119
      totalram: 401274134528
      freeram: 396488392704
      sharedram: 41181184
      bufferram: 90185728
      totalswap: 0
      freeswap: 0
      pagesize: 4096
      cpus: 48
      cpus-online: 48
      ticks-per-second: 100

metrics:
    - stressor: cpu
      bogo-ops: 483699
      bogo-ops-per-second-usr-sys-time: 1008.392337
      bogo-ops-per-second-real-time: 48361.911898
      wall-clock-time: 10.001652
      user-time: 479.586460
      system-time: 0.086959
      cpu-usage-per-instance: 99.915459
      max-rss: 3840

...
