BaselineInfo:
  WebDBID: -1
  TimeStamp: 20241122162438
Version:
  Major: 11
  Minor: 0
  Build: 1002
  SpecialBuildName: ""
  ptArchitecture: x86_64_linux
Results:
  Results Complete: true
  NumTestProcesses: 4
  CPU_INTEGER_MATH: 24141.82233333333
  CPU_FLOATINGPOINT_MATH: 21306.086122712804
  CPU_PRIME: 78.708873478564229
  CPU_SORTING: 15413.609072785468
  CPU_ENCRYPTION: 5243.3215539610592
  CPU_COMPRESSION: 104873.95332660977
  CPU_SINGLETHREAD: 2905.7299393404865
  CPU_PHYSICS: 1334.7013935234879
  CPU_MATRIX_MULT_SSE: 9663.8461580872972
  CPU_mm: 1040.6450358802426
  CPU_sse: 4520.2101430516796
  CPU_fma: 13657.879431103147
  CPU_avx: 11672.656672970486
  CPU_avx512: 8804.6383852238778
  m_CPU_enc_SHA: 7234608022.0335922
  m_CPU_enc_AES: 4581888883.9229965
  m_CPU_enc_ECDSA: 4677566519.3422279
  ME_ALLOC_S: 3746.9570158981496
  ME_READ_S: 27899.5595703125
  ME_READ_L: 27579.900390625
  ME_WRITE: 26847.09375
  ME_LARGE: 21262
  ME_LATENCY: 76.015836641278952
  ME_THREADED: 38178.4931640625
  SUMM_CPU: 10621.890130544469
  SUMM_ME: 2506.0065954390257
SystemInformation:
  OSName: Ubuntu 24.04.1 LTS
  Kernel: 6.8.0-1017-azure
  Device: ""
  Processor: AMD EPYC 9V74 80-Core Processor
  NumSockets: 1
  Manufacturer: AuthenticAMD
  NumCores: 4
  NumLogicals: 4
  CPUFrequency: 0
  Memory: 32093
  MemModuleInfo:
    iNumMemSticks: 2
    DIMM 1:
      manufacturer: Microsoft Corporation
      modulePartNo: None
      memType: Unknown
      size: 1
      clkspeed: 0
      moduleVoltage: 0
    DIMM 2:
      manufacturer: Microsoft Corporation
      modulePartNo: None
      memType: Unknown
      size: 31
      clkspeed: 0
      moduleVoltage: 0
Checksum: 6A3D41768B31C9C0B957CA35A269C684CBC353CB