---
system-info:
      stress-ng-version: 0.17.08
      run-by: root
      date-yyyy-mm-dd: 2024:09:03
      time-hh-mm-ss: 08:48:56
      epoch-secs: 1725353336
      hostname: sc-runner
      sysname: Linux
      nodename: sc-runner
      release: 6.8.0-1013-azure
      version: '#15-Ubuntu SMP Thu Aug  8 18:40:40 UTC 2024'
      machine: x86_64
      compiler: 'musl-gcc 13.2.1'
      uptime: 410
      totalram: 33650921472
      freeram: 25052942336
      sharedram: 56995840
      bufferram: 212791296
      totalswap: 0
      freeswap: 0
      pagesize: 4096
      cpus: 8
      cpus-online: 8
      ticks-per-second: 100

metrics:
    - stressor: cpu
      bogo-ops: 17859
      bogo-ops-per-second-usr-sys-time: 892.986077
      bogo-ops-per-second-real-time: 892.942857
      wall-clock-time: 20.000160
      user-time: 19.998191
      system-time: 0.001001
      cpu-usage-per-instance: 99.995160
      max-rss: 3152

...
