size_kb,operation,bandwidth_mb_s,latency_ns,latency_stddev_ns,latency_samples,threads,iterations,elapsed_s
32,read,388012.45,0,0,0,8,647668,0.417298
32,write,238635.85,0,0,0,8,485436,0.508553
32,copy,194342.32,0,0,0,8,294117,0.378349
32,latency,0,1.30,0.04,7,1,7,0.188980
128,read,386809.24,0,0,0,8,163612,0.422979
128,write,237497.68,0,0,0,8,114103,0.480438
128,copy,194711.42,0,0,0,8,89190,0.458063
128,latency,0,3.57,0.00,7,1,7,0.693577
1024,read,229558.69,0,0,0,8,21247,0.740447
1024,write,188957.60,0,0,0,8,13077,0.553648
1024,copy,45950.44,0,0,0,8,6375,1.109891
1024,latency,0,6.47,0.01,7,1,7,0.816300
2048,read,89274.65,0,0,0,8,5514,0.988231
2048,write,94200.24,0,0,0,8,4924,0.836346
2048,copy,43750.34,0,0,0,8,1914,0.699972
2048,latency,0,11.53,0.04,7,1,7,0.717004
4096,read,85541.86,0,0,0,8,1690,0.632205
4096,write,90095.49,0,0,0,8,1819,0.646070
4096,copy,43780.92,0,0,0,8,909,0.664399
4096,latency,0,22.17,0.03,7,1,7,0.714996
131072,read,59532.34,0,0,0,8,30,0.516022
131072,write,52908.91,0,0,0,8,25,0.483850
131072,copy,31248.91,0,0,0,8,17,0.557076
131072,latency,0,50.20,2.91,21,1,21,10.501619
262144,read,59025.86,0,0,0,8,18,0.624540
262144,write,51063.80,0,0,0,8,11,0.441174
262144,copy,17139.24,0,0,0,4,9,0.537714
262144,latency,0,100.82,1.47,7,1,7,17.432823
524288,read,33107.07,0,0,0,4,5,0.309299
524288,write,44628.29,0,0,0,4,10,0.458902
524288,copy,17470.80,0,0,0,2,4,0.234448
524288,latency,0,126.81,1.16,7,1,7,43.381034
