BaselineInfo:
  WebDBID: -1
  TimeStamp: 20241110070316
Version:
  Major: 11
  Minor: 0
  Build: 1002
  SpecialBuildName: ""
  ptArchitecture: x86_64_linux
Results:
  Results Complete: true
  NumTestProcesses: 96
  CPU_INTEGER_MATH: 272543.74766666675
  CPU_FLOATINGPOINT_MATH: 145908.28091968791
  CPU_PRIME: 347.19000317239937
  CPU_SORTING: 136952.21042553836
  CPU_ENCRYPTION: 37109.189719000853
  CPU_COMPRESSION: 1186093.9020253397
  CPU_SINGLETHREAD: 1956.3688331414648
  CPU_PHYSICS: 5150.0539780881527
  CPU_MATRIX_MULT_SSE: 74204.387862981996
  CPU_mm: 8284.1122170440485
  CPU_sse: 29427.027936599676
  CPU_fma: 87921.205663034154
  CPU_avx: 61990.344239865204
  CPU_avx512: 117478.9736124289
  m_CPU_enc_SHA: 12251407244.073828
  m_CPU_enc_AES: 93533053036.831192
  m_CPU_enc_ECDSA: 10950956875.468086
  ME_ALLOC_S: 21639.749655466567
  ME_READ_S: 23508.547656250001
  ME_READ_L: 9845.60546875
  ME_WRITE: 9681.57421875
  ME_LARGE: 752356.83333333337
  ME_LATENCY: 52.702525920803566
  ME_THREADED: 216983.34240722656
  SUMM_CPU: 55855.44266384581
  SUMM_ME: 2641.0148296947787
SystemInformation:
  OSName: Ubuntu 24.04.1 LTS
  Kernel: 6.8.0-1016-aws
  Device: ""
  Processor: Intel Xeon Platinum 8259CL CPU @ 2.50GHz
  NumSockets: 2
  Manufacturer: GenuineIntel
  NumCores: 48
  NumLogicals: 96
  CPUFrequency: 0
  Memory: 765865
  MemModuleInfo:
    iNumMemSticks: 2
    DIMM 1:
      manufacturer: Not Specified
      modulePartNo: Not Specified
      memType: DDR4
      size: 384
      clkspeed: 1466
      moduleVoltage: 0
    DIMM 2:
      manufacturer: Not Specified
      modulePartNo: Not Specified
      memType: DDR4
      size: 384
      clkspeed: 1466
      moduleVoltage: 0
Checksum: 55A9820714C37F6ED94254FB2FFD15E2F4525DE4