---
system-info:
      stress-ng-version: 0.17.08
      run-by: root
      date-yyyy-mm-dd: 2024:09:12
      time-hh-mm-ss: 21:06:57
      epoch-secs: 1726175217
      hostname: ip-172-31-41-237
      sysname: Linux
      nodename: ip-172-31-41-237
      release: 6.8.0-1014-aws
      version: '#15-Ubuntu SMP Thu Aug  8 19:13:06 UTC 2024'
      machine: x86_64
      compiler: 'musl-gcc 13.2.1'
      uptime: 258
      totalram: 2063029157888
      freeram: 2051425943552
      sharedram: 95956992
      bufferram: 225005568
      totalswap: 0
      freeswap: 0
      pagesize: 4096
      cpus: 64
      cpus-online: 64
      ticks-per-second: 100

metrics:
    - stressor: cpu
      bogo-ops: 14686
      bogo-ops-per-second-usr-sys-time: 734.314062
      bogo-ops-per-second-real-time: 734.294949
      wall-clock-time: 20.000138
      user-time: 19.999617
      system-time: 0.000000
      cpu-usage-per-instance: 99.997397
      max-rss: 512

...
