BaselineInfo:
  WebDBID: -1
  TimeStamp: 20241109021003
Version:
  Major: 11
  Minor: 0
  Build: 1002
  SpecialBuildName: ""
  ptArchitecture: x86_64_linux
Results:
  Results Complete: true
  NumTestProcesses: 44
  CPU_INTEGER_MATH: 175228.56799999997
  CPU_FLOATINGPOINT_MATH: 124926.42849210637
  CPU_PRIME: 245.9488379690859
  CPU_SORTING: 85572.78704760957
  CPU_ENCRYPTION: 38640.171598289089
  CPU_COMPRESSION: 650329.05743155931
  CPU_SINGLETHREAD: 2486.9649195792749
  CPU_PHYSICS: 3546.9572185613192
  CPU_MATRIX_MULT_SSE: 46184.273847539953
  CPU_mm: 4962.5109100933632
  CPU_sse: 21643.22902862087
  CPU_fma: 52447.900597126201
  CPU_avx: 40769.026902434875
  CPU_avx512: 69876.938861977935
  m_CPU_enc_SHA: 40942125658.213379
  m_CPU_enc_AES: 52953541013.929016
  m_CPU_enc_ECDSA: 27655803049.400349
  ME_ALLOC_S: 19265.147249835125
  ME_READ_S: 22401.877343749999
  ME_READ_L: 10588.12109375
  ME_WRITE: 9181.4072265625
  ME_LARGE: 77115.916666666672
  ME_LATENCY: 67.636171412702694
  ME_THREADED: 120057.52734375
  SUMM_CPU: 47734.784991090579
  SUMM_ME: 2316.2199563389695
SystemInformation:
  OSName: Ubuntu 24.04.1 LTS
  Kernel: 6.8.0-1015-gcp
  Device: ""
  Processor: Intel Xeon Platinum 8481C CPU @ 2.70GHz
  NumSockets: 1
  Manufacturer: GenuineIntel
  NumCores: 22
  NumLogicals: 44
  CPUFrequency: 0
  Memory: 88477
  MemModuleInfo:
    iNumMemSticks: 6
    DIMM 1:
      manufacturer: ""
      modulePartNo: ""
      memType: RAM
      size: 16
      clkspeed: 0
      moduleVoltage: 0
    DIMM 2:
      manufacturer: ""
      modulePartNo: ""
      memType: RAM
      size: 16
      clkspeed: 0
      moduleVoltage: 0
    DIMM 3:
      manufacturer: ""
      modulePartNo: ""
      memType: RAM
      size: 16
      clkspeed: 0
      moduleVoltage: 0
    DIMM 4:
      manufacturer: ""
      modulePartNo: ""
      memType: RAM
      size: 16
      clkspeed: 0
      moduleVoltage: 0
    DIMM 5:
      manufacturer: ""
      modulePartNo: ""
      memType: RAM
      size: 16
      clkspeed: 0
      moduleVoltage: 0
    DIMM 6:
      manufacturer: ""
      modulePartNo: ""
      memType: RAM
      size: 8
      clkspeed: 0
      moduleVoltage: 0
Checksum: D20F385FCD226CAD4775236979DEE4C1D173BD7C