---
system-info:
      stress-ng-version: 0.17.08
      run-by: root
      date-yyyy-mm-dd: 2024:06:07
      time-hh-mm-ss: 16:48:01
      epoch-secs: 1717778881
      hostname: 7961126310d1
      sysname: Linux
      nodename: 7961126310d1
      release: 6.8.0-1008-aws
      version: '#8-Ubuntu SMP Sat Apr 20 00:46:25 UTC 2024'
      machine: x86_64
      compiler: 'musl-gcc 13.2.1'
      uptime: 169
      totalram: 72032935936
      freeram: 67751051264
      sharedram: 22347776
      bufferram: 93863936
      totalswap: 0
      freeswap: 0
      pagesize: 4096
      cpus: 8
      cpus-online: 8
      ticks-per-second: 100

metrics:
    - stressor: cpu
      bogo-ops: 81204
      bogo-ops-per-second-usr-sys-time: 1018.136149
      bogo-ops-per-second-real-time: 8118.220443
      wall-clock-time: 10.002685
      user-time: 79.743186
      system-time: 0.014320
      cpu-usage-per-instance: 99.670123
      max-rss: 3920

...
