---
system-info:
      stress-ng-version: 0.17.08
      run-by: root
      date-yyyy-mm-dd: 2024:06:14
      time-hh-mm-ss: 15:56:36
      epoch-secs: 1718380596
      hostname: 303f85cb017f
      sysname: Linux
      nodename: 303f85cb017f
      release: 6.8.0-1008-aws
      version: '#8-Ubuntu SMP Sat Apr 20 00:46:25 UTC 2024'
      machine: x86_64
      compiler: 'musl-gcc 13.2.1'
      uptime: 184
      totalram: 72032931840
      freeram: 67621789696
      sharedram: 22347776
      bufferram: 109543424
      totalswap: 0
      freeswap: 0
      pagesize: 4096
      cpus: 8
      cpus-online: 8
      ticks-per-second: 100

metrics:
    - stressor: cpu
      bogo-ops: 129960
      bogo-ops-per-second-usr-sys-time: 815.592384
      bogo-ops-per-second-real-time: 6497.952836
      wall-clock-time: 20.000145
      user-time: 159.330008
      system-time: 0.014295
      cpu-usage-per-instance: 99.589467
      max-rss: 1104

...
