---
system-info:
      stress-ng-version: 0.17.08
      run-by: root
      date-yyyy-mm-dd: 2024:09:03
      time-hh-mm-ss: 10:05:57
      epoch-secs: 1725357957
      hostname: sc-runner
      sysname: Linux
      nodename: sc-runner
      release: 6.8.0-1013-azure
      version: '#15-Ubuntu SMP Thu Aug  8 18:40:40 UTC 2024'
      machine: x86_64
      compiler: 'musl-gcc 13.2.1'
      uptime: 439
      totalram: 67424137216
      freeram: 58828234752
      sharedram: 42209280
      bufferram: 212828160
      totalswap: 0
      freeswap: 0
      pagesize: 4096
      cpus: 8
      cpus-online: 8
      ticks-per-second: 100

metrics:
    - stressor: cpu
      bogo-ops: 68351
      bogo-ops-per-second-usr-sys-time: 429.640936
      bogo-ops-per-second-real-time: 3417.131388
      wall-clock-time: 20.002450
      user-time: 157.706828
      system-time: 1.381830
      cpu-usage-per-instance: 99.418232
      max-rss: 3124

...
