size_kb,operation,bandwidth_mb_s,latency_ns,latency_stddev_ns,latency_samples,threads,iterations,elapsed_s
16,read,1413067.19,0,0,0,16,735294,0.130088
16,write,788924.23,0,0,0,16,332446,0.105348
16,copy,652332.53,0,0,0,16,176928,0.067806
16,latency,0,1.12,0.06,21,1,21,0.247683
64,read,1352570.98,0,0,0,16,312110,0.230753
64,write,840418.99,0,0,0,16,179597,0.213699
64,copy,786767.42,0,0,0,16,145011,0.184312
64,latency,0,2.35,0.03,7,1,7,0.678930
256,read,1332770.34,0,0,0,16,87873,0.263730
256,write,876774.51,0,0,0,16,54241,0.247457
256,copy,586308.08,0,0,0,16,31191,0.212796
256,latency,0,3.40,0.04,7,1,7,0.644315
512,read,1056993.49,0,0,0,16,37302,0.282325
512,write,856198.66,0,0,0,16,28258,0.264032
512,copy,505875.41,0,0,0,16,20760,0.328302
512,latency,0,6.18,0.08,7,1,7,0.698432
1024,read,901589.44,0,0,0,16,17848,0.316738
1024,write,791353.12,0,0,0,16,12962,0.262073
1024,copy,515862.06,0,0,0,16,8176,0.253587
1024,latency,0,10.05,0.04,7,1,7,0.668471
4096,read,850440.61,0,0,0,16,4148,0.312158
4096,write,749708.03,0,0,0,16,2708,0.231173
4096,copy,223368.05,0,0,0,16,1519,0.435228
4096,latency,0,13.23,0.23,7,1,7,0.689017
8192,read,384632.35,0,0,0,16,1532,0.509827
8192,write,312918.70,0,0,0,16,1386,0.566946
8192,copy,70812.88,0,0,0,16,468,0.845948
8192,latency,0,13.94,0.14,7,1,7,0.700914
16384,read,184352.44,0,0,0,16,287,0.398541
16384,write,103423.36,0,0,0,16,545,1.349018
16384,copy,51569.82,0,0,0,16,225,1.116932
16384,latency,0,14.37,0.06,7,1,7,0.699001
32768,read,144480.95,0,0,0,16,207,0.733550
32768,write,75855.35,0,0,0,16,151,1.019203
32768,copy,41552.06,0,0,0,16,84,1.035039
32768,latency,0,19.51,2.47,21,1,21,1.935986
65536,read,128568.59,0,0,0,16,99,0.788497
65536,write,68058.56,0,0,0,16,79,1.188623
65536,copy,39722.93,0,0,0,16,46,1.185814
65536,latency,0,83.33,1.72,7,1,7,3.542407
