BaselineInfo:
  WebDBID: -1
  TimeStamp: 20241108053834
Version:
  Major: 11
  Minor: 0
  Build: 1002
  SpecialBuildName: ""
  ptArchitecture: x86_64_linux
Results:
  Results Complete: true
  NumTestProcesses: 32
  CPU_INTEGER_MATH: 132527.98466666669
  CPU_FLOATINGPOINT_MATH: 73200.462891254836
  CPU_PRIME: 269.12523965019227
  CPU_SORTING: 70815.947436802366
  CPU_ENCRYPTION: 34366.668324456281
  CPU_COMPRESSION: 506716.58859763196
  CPU_SINGLETHREAD: 2378.2718995158098
  CPU_PHYSICS: 4928.209962909702
  CPU_MATRIX_MULT_SSE: 29721.523584457216
  CPU_mm: 3577.2902502195816
  CPU_sse: 15099.846017707838
  CPU_fma: 41257.394323944165
  CPU_avx: 32807.330411719639
  CPU_avx512: 0
  m_CPU_enc_SHA: 49786812713.207336
  m_CPU_enc_AES: 31846785929.801777
  m_CPU_enc_ECDSA: 26474592171.946106
  ME_ALLOC_S: 13539.149913230882
  ME_READ_S: 24306.853710937499
  ME_READ_L: 17146.3984375
  ME_WRITE: 17767.07421875
  ME_LARGE: 21418.666666666668
  ME_LATENCY: 63.553336125930407
  ME_THREADED: 131980.4697265625
  SUMM_CPU: 39021.257036307878
  SUMM_ME: 2718.7718229689153
SystemInformation:
  OSName: Ubuntu 24.04.1 LTS
  Kernel: 6.8.0-1015-gcp
  Device: ""
  Processor: AMD EPYC 7B13
  NumSockets: 1
  Manufacturer: AuthenticAMD
  NumCores: 16
  NumLogicals: 32
  CPUFrequency: 0
  Memory: 32085
  MemModuleInfo:
    iNumMemSticks: 2
    DIMM 1:
      manufacturer: ""
      modulePartNo: ""
      memType: RAM
      size: 16
      clkspeed: 0
      moduleVoltage: 0
    DIMM 2:
      manufacturer: ""
      modulePartNo: ""
      memType: RAM
      size: 16
      clkspeed: 0
      moduleVoltage: 0
Checksum: C53AC22D7090F6CECC740BD1EC198EF525A1CEB9