---
system-info:
      stress-ng-version: 0.17.08
      run-by: root
      date-yyyy-mm-dd: 2024:09:14
      time-hh-mm-ss: 08:23:24
      epoch-secs: 1726302204
      hostname: ip-172-31-22-172
      sysname: Linux
      nodename: ip-172-31-22-172
      release: 6.8.0-1014-aws
      version: '#15-Ubuntu SMP Thu Aug  8 19:13:06 UTC 2024'
      machine: x86_64
      compiler: 'musl-gcc 13.2.1'
      uptime: 427
      totalram: 9713146773504
      freeram: 9693763960832
      sharedram: 328347648
      bufferram: 224620544
      totalswap: 0
      freeswap: 0
      pagesize: 4096
      cpus: 448
      cpus-online: 448
      ticks-per-second: 100

metrics:
    - stressor: cpu
      bogo-ops: 6794368
      bogo-ops-per-second-usr-sys-time: 759.677105
      bogo-ops-per-second-real-time: 339716.335747
      wall-clock-time: 20.000122
      user-time: 8943.562921
      system-time: 0.194833
      cpu-usage-per-instance: 99.818118
      max-rss: 0

...
