BaselineInfo:
  WebDBID: -1
  TimeStamp: 20241109044144
Version:
  Major: 11
  Minor: 0
  Build: 1002
  SpecialBuildName: ""
  ptArchitecture: x86_64_linux
Results:
  Results Complete: true
  NumTestProcesses: 32
  CPU_INTEGER_MATH: 87761.679999999993
  CPU_FLOATINGPOINT_MATH: 47106.399967324593
  CPU_PRIME: 112.74730065770839
  CPU_SORTING: 45139.294065676397
  CPU_ENCRYPTION: 12040.62279763993
  CPU_COMPRESSION: 386814.80614249897
  CPU_SINGLETHREAD: 1796.9799766951792
  CPU_PHYSICS: 2042.6754190072045
  CPU_MATRIX_MULT_SSE: 26485.181731346715
  CPU_mm: 2669.8535454222701
  CPU_sse: 9624.7346254835848
  CPU_fma: 32665.201153551763
  CPU_avx: 23099.540303227899
  CPU_avx512: 40551.250843123569
  m_CPU_enc_SHA: 3975892739.5525837
  m_CPU_enc_AES: 30347062841.32555
  m_CPU_enc_ECDSA: 3553568691.0961323
  ME_ALLOC_S: 9913.1776832275646
  ME_READ_S: 21731.862109375001
  ME_READ_L: 11584.0810546875
  ME_WRITE: 9698.072265625
  ME_LARGE: 246994
  ME_LATENCY: 57.308127644905873
  ME_THREADED: 85375.0048828125
  SUMM_CPU: 24732.983144026744
  SUMM_ME: 2513.3817357932899
SystemInformation:
  OSName: Ubuntu 24.04.1 LTS
  Kernel: 6.8.0-1017-azure
  Device: ""
  Processor: Intel Xeon Platinum 8272CL CPU @ 2.60GHz
  NumSockets: 1
  Manufacturer: GenuineIntel
  NumCores: 16
  NumLogicals: 32
  CPUFrequency: 0
  Memory: 257731
  MemModuleInfo:
    iNumMemSticks: 3
    DIMM 1:
      manufacturer: Microsoft Corporation
      modulePartNo: None
      memType: Unknown
      size: 1
      clkspeed: 0
      moduleVoltage: 0
    DIMM 2:
      manufacturer: Microsoft Corporation
      modulePartNo: None
      memType: Unknown
      size: 60928
      clkspeed: 0
      moduleVoltage: 0
    DIMM 3:
      manufacturer: Microsoft Corporation
      modulePartNo: None
      memType: Unknown
      size: 200192
      clkspeed: 0
      moduleVoltage: 0
Checksum: 9CFA4A1013894234B8EAA50E49F9DFB056413156