---
system-info:
      stress-ng-version: 0.17.08
      run-by: root
      date-yyyy-mm-dd: 2024:07:09
      time-hh-mm-ss: 22:57:41
      epoch-secs: 1720565861
      hostname: m3-megamem-128-43bedb7
      sysname: Linux
      nodename: m3-megamem-128-43bedb7
      release: 6.8.0-1009-gcp
      version: '#10-Ubuntu SMP Wed Jun 12 18:52:23 UTC 2024'
      machine: x86_64
      compiler: 'musl-gcc 13.2.1'
      uptime: 174
      totalram: 2063025668096
      freeram: 2055748317184
      sharedram: 115171328
      bufferram: 134717440
      totalswap: 0
      freeswap: 0
      pagesize: 4096
      cpus: 128
      cpus-online: 128
      ticks-per-second: 100

metrics:
    - stressor: cpu
      bogo-ops: 36898
      bogo-ops-per-second-usr-sys-time: 1845.006826
      bogo-ops-per-second-real-time: 1844.895997
      wall-clock-time: 20.000043
      user-time: 19.998842
      system-time: 0.000000
      cpu-usage-per-instance: 99.993993
      max-rss: 0

...
