---
system-info:
      stress-ng-version: 0.17.08
      run-by: root
      date-yyyy-mm-dd: 2024:09:20
      time-hh-mm-ss: 13:36:31
      epoch-secs: 1726839391
      hostname: ip-172-31-31-198
      sysname: Linux
      nodename: ip-172-31-31-198
      release: 6.8.0-1014-aws
      version: '#15-Ubuntu SMP Thu Aug  8 20:05:03 UTC 2024'
      machine: aarch64
      compiler: 'musl-gcc 13.2.1'
      uptime: 195
      totalram: 796907659264
      freeram: 786306875392
      sharedram: 39444480
      bufferram: 246829056
      totalswap: 0
      freeswap: 0
      pagesize: 4096
      cpus: 48
      cpus-online: 48
      ticks-per-second: 100

metrics:
    - stressor: cpu
      bogo-ops: 34131
      bogo-ops-per-second-usr-sys-time: 1706.499488
      bogo-ops-per-second-real-time: 1706.549044
      wall-clock-time: 20.000011
      user-time: 20.000592
      system-time: 0.000000
      cpu-usage-per-instance: 100.002904
      max-rss: 1152

...
