BaselineInfo:
  WebDBID: -1
  TimeStamp: 20241107030313
Version:
  Major: 11
  Minor: 0
  Build: 1002
  SpecialBuildName: ""
  ptArchitecture: aarch64_linux
Results:
  Results Complete: true
  NumTestProcesses: 2
  CPU_INTEGER_MATH: 7836.9563333333335
  CPU_FLOATINGPOINT_MATH: 5945.367995972123
  CPU_PRIME: 14.444640352624754
  CPU_SORTING: 5632.5535740012656
  CPU_ENCRYPTION: 267.18014797427361
  CPU_COMPRESSION: 8912.2951116263866
  CPU_SINGLETHREAD: 1108.2826778267181
  CPU_PHYSICS: 297.11051509126719
  CPU_MATRIX_MULT_SSE: 1235.1835938344684
  CPU_mm: 207.2318144086324
  CPU_sse: 1030.8605031358979
  CPU_fma: 1439.5066845330389
  CPU_avx: 0
  CPU_avx512: 0
  m_CPU_enc_SHA: 399746264.54084855
  m_CPU_enc_AES: 186320276.79292256
  m_CPU_enc_ECDSA: 254409531.19304469
  ME_ALLOC_S: 1276.1081405457278
  ME_READ_S: 9470.5329101562493
  ME_READ_L: 9121.1552734375
  ME_WRITE: 12478.345703125
  ME_LARGE: 640
  ME_LATENCY: 74.0665673336418
  ME_THREADED: 18063.7001953125
  SUMM_CPU: 1340.1867602320988
  SUMM_ME: 865.7085437624587
SystemInformation:
  OSName: Ubuntu 24.04.1 LTS
  Kernel: 6.8.0-1016-aws
  Device: ""
  Processor: ARM Neoverse-N1 2 Core 0 MHz
  NumSockets: 1
  Manufacturer: ARM
  NumCores: 2
  NumLogicals: 2
  CPUFrequency: 0
  Memory: 7732
Checksum: CE7C0FA596C5387C3FE4DEB096D022950CACBC3A