BaselineInfo:
  WebDBID: -1
  TimeStamp: 20241114205917
Version:
  Major: 11
  Minor: 0
  Build: 1002
  SpecialBuildName: ""
  ptArchitecture: aarch64_linux
Results:
  Results Complete: true
  NumTestProcesses: 2
  CPU_INTEGER_MATH: 7832.3649999999998
  CPU_FLOATINGPOINT_MATH: 5944.6205343822858
  CPU_PRIME: 15.11965326875869
  CPU_SORTING: 5524.8259263286291
  CPU_ENCRYPTION: 267.29376872909859
  CPU_COMPRESSION: 8883.7316814646638
  CPU_SINGLETHREAD: 1108.9100538533044
  CPU_PHYSICS: 332.61458595691346
  CPU_MATRIX_MULT_SSE: 1238.0881087004173
  CPU_mm: 206.17387010691002
  CPU_sse: 1038.8463037068575
  CPU_fma: 1437.3299136939768
  CPU_avx: 0
  CPU_avx512: 0
  m_CPU_enc_SHA: 406162314.65368712
  m_CPU_enc_AES: 187529574.32581586
  m_CPU_enc_ECDSA: 247141603.53714693
  ME_ALLOC_S: 1275.6669547149763
  ME_READ_S: 9072.0202148437493
  ME_READ_L: 9162.7509765625
  ME_WRITE: 12538.4033203125
  ME_LARGE: 622.33333333333337
  ME_LATENCY: 73.09744240439089
  ME_THREADED: 17892.8095703125
  SUMM_CPU: 1342.0399094345273
  SUMM_ME: 851.00475722000454
SystemInformation:
  OSName: Ubuntu 24.04.1 LTS
  Kernel: 6.8.0-1018-aws
  Device: ""
  Processor: ARM Neoverse-N1 2 Core 0 MHz
  NumSockets: 1
  Manufacturer: ARM
  NumCores: 2
  NumLogicals: 2
  CPUFrequency: 0
  Memory: 7732
Checksum: 36F66B5A5C2355BB1251B379AC4D9A772CF59B4B