BaselineInfo:
  WebDBID: -1
  TimeStamp: 20241115134348
Version:
  Major: 11
  Minor: 0
  Build: 1002
  SpecialBuildName: ""
  ptArchitecture: aarch64_linux
Results:
  Results Complete: true
  NumTestProcesses: 2
  CPU_INTEGER_MATH: 7832.3413333333338
  CPU_FLOATINGPOINT_MATH: 5949.4514633025965
  CPU_PRIME: 15.819639080061002
  CPU_SORTING: 5650.3068681611985
  CPU_ENCRYPTION: 266.82202379012972
  CPU_COMPRESSION: 8905.7994769306424
  CPU_SINGLETHREAD: 1110.0176396295815
  CPU_PHYSICS: 336.14422411531007
  CPU_MATRIX_MULT_SSE: 1233.7870702063287
  CPU_mm: 207.15308184451874
  CPU_sse: 1028.3551072929538
  CPU_fma: 1439.2190331197037
  CPU_avx: 0
  CPU_avx512: 0
  m_CPU_enc_SHA: 400954969.09723336
  m_CPU_enc_AES: 185692350.48735341
  m_CPU_enc_ECDSA: 252702191.66869053
  ME_ALLOC_S: 1289.3851974484533
  ME_READ_S: 9469.7164062499996
  ME_READ_L: 9176.8515625
  ME_WRITE: 12554.6953125
  ME_LARGE: 494.08333333333331
  ME_LATENCY: 71.33600385820283
  ME_THREADED: 18161.98046875
  SUMM_CPU: 1344.3849710350032
  SUMM_ME: 772.67468870670973
SystemInformation:
  OSName: Ubuntu 24.04.1 LTS
  Kernel: 6.8.0-1018-aws
  Device: ""
  Processor: ARM Neoverse-N1 2 Core 0 MHz
  NumSockets: 1
  Manufacturer: ARM
  NumCores: 2
  NumLogicals: 2
  CPUFrequency: 0
  Memory: 7732
Checksum: D6874E02789594ECB67F3D140348FFAFE009D83C