BaselineInfo:
  WebDBID: -1
  TimeStamp: 20241109025934
Version:
  Major: 11
  Minor: 0
  Build: 1002
  SpecialBuildName: ""
  ptArchitecture: x86_64_linux
Results:
  Results Complete: true
  NumTestProcesses: 32
  CPU_INTEGER_MATH: 93671.814666666658
  CPU_FLOATINGPOINT_MATH: 50243.553028387571
  CPU_PRIME: 132.46074376006106
  CPU_SORTING: 47822.122879763381
  CPU_ENCRYPTION: 12857.484734728478
  CPU_COMPRESSION: 408090.32102193561
  CPU_SINGLETHREAD: 1877.042432849767
  CPU_PHYSICS: 2360.272978460539
  CPU_MATRIX_MULT_SSE: 28179.684653644472
  CPU_mm: 2849.3544296881182
  CPU_sse: 10195.232610367255
  CPU_fma: 33601.855036684181
  CPU_avx: 23786.530916815551
  CPU_avx512: 45135.120050710902
  m_CPU_enc_SHA: 4229933854.1463189
  m_CPU_enc_AES: 32439506632.562195
  m_CPU_enc_ECDSA: 3776709252.8994408
  ME_ALLOC_S: 10828.060650896667
  ME_READ_S: 22893.012500000001
  ME_READ_L: 10376.1044921875
  ME_WRITE: 10084.58203125
  ME_LARGE: 116560.33333333333
  ME_LATENCY: 51.671249610759453
  ME_THREADED: 110459.9697265625
  SUMM_CPU: 26438.577898490414
  SUMM_ME: 2622.6518757607455
SystemInformation:
  OSName: Ubuntu 24.04.1 LTS
  Kernel: 6.8.0-1016-aws
  Device: ""
  Processor: Intel Xeon Platinum 8259CL CPU @ 2.50GHz
  NumSockets: 1
  Manufacturer: GenuineIntel
  NumCores: 16
  NumLogicals: 32
  CPUFrequency: 0
  Memory: 127426
  MemModuleInfo:
    iNumMemSticks: 1
    DIMM 1:
      manufacturer: Not Specified
      modulePartNo: Not Specified
      memType: DDR4
      size: 128
      clkspeed: 1600
      moduleVoltage: 0
Checksum: C4B355DE919697CAF9C0BDEE579C7312FC3BB1A7