---
system-info:
      stress-ng-version: 0.17.08
      run-by: root
      date-yyyy-mm-dd: 2024:06:14
      time-hh-mm-ss: 15:58:39
      epoch-secs: 1718380719
      hostname: 773fa55d12a8
      sysname: Linux
      nodename: 773fa55d12a8
      release: 6.8.0-1008-aws
      version: '#8-Ubuntu SMP Sat Apr 20 00:46:25 UTC 2024'
      machine: x86_64
      compiler: 'musl-gcc 13.2.1'
      uptime: 281
      totalram: 17893105664
      freeram: 13588414464
      sharedram: 22298624
      bufferram: 110985216
      totalswap: 0
      freeswap: 0
      pagesize: 4096
      cpus: 2
      cpus-online: 2
      ticks-per-second: 100

metrics:
    - stressor: cpu
      bogo-ops: 33474
      bogo-ops-per-second-usr-sys-time: 847.950735
      bogo-ops-per-second-real-time: 1673.673624
      wall-clock-time: 20.000315
      user-time: 39.476350
      system-time: 0.000000
      cpu-usage-per-instance: 98.689320
      max-rss: 1104

...
