---
system-info:
      stress-ng-version: 0.17.08
      run-by: root
      date-yyyy-mm-dd: 2024:06:07
      time-hh-mm-ss: 17:00:56
      epoch-secs: 1717779656
      hostname: 005e30034fd9
      sysname: Linux
      nodename: 005e30034fd9
      release: 6.8.0-1008-aws
      version: '#8-Ubuntu SMP Sat Apr 20 00:46:25 UTC 2024'
      machine: x86_64
      compiler: 'musl-gcc 13.2.1'
      uptime: 244
      totalram: 17893101568
      freeram: 13691879424
      sharedram: 22298624
      bufferram: 95842304
      totalswap: 0
      freeswap: 0
      pagesize: 4096
      cpus: 2
      cpus-online: 2
      ticks-per-second: 100

metrics:
    - stressor: cpu
      bogo-ops: 20226
      bogo-ops-per-second-usr-sys-time: 1023.099612
      bogo-ops-per-second-real-time: 2022.117865
      wall-clock-time: 10.002384
      user-time: 19.761237
      system-time: 0.008099
      cpu-usage-per-instance: 98.823118
      max-rss: 4048

...
