---
system-info:
      stress-ng-version: 0.17.08
      run-by: root
      date-yyyy-mm-dd: 2024:06:15
      time-hh-mm-ss: 02:21:47
      epoch-secs: 1718418107
      hostname: dc08c6b0ae41
      sysname: Linux
      nodename: dc08c6b0ae41
      release: 6.8.0-1008-aws
      version: '#8-Ubuntu SMP Sat Apr 20 00:46:25 UTC 2024'
      machine: x86_64
      compiler: 'musl-gcc 13.2.1'
      uptime: 136
      totalram: 540826689536
      freeram: 533663838208
      sharedram: 116760576
      bufferram: 110510080
      totalswap: 0
      freeswap: 0
      pagesize: 4096
      cpus: 128
      cpus-online: 128
      ticks-per-second: 100

metrics:
    - stressor: cpu
      bogo-ops: 38192
      bogo-ops-per-second-usr-sys-time: 1909.597995
      bogo-ops-per-second-real-time: 1909.593968
      wall-clock-time: 20.000063
      user-time: 19.999022
      system-time: 0.000999
      cpu-usage-per-instance: 99.999789
      max-rss: 0

...
