---
system-info:
      stress-ng-version: 0.17.08
      run-by: root
      date-yyyy-mm-dd: 2024:06:08
      time-hh-mm-ss: 18:24:29
      epoch-secs: 1717871069
      hostname: 68d38de6d594
      sysname: Linux
      nodename: 68d38de6d594
      release: 6.8.0-1008-aws
      version: '#8-Ubuntu SMP Sat Apr 20 00:46:25 UTC 2024'
      machine: x86_64
      compiler: 'musl-gcc 13.2.1'
      uptime: 116
      totalram: 540826734592
      freeram: 533454229504
      sharedram: 116760576
      bufferram: 104656896
      totalswap: 0
      freeswap: 0
      pagesize: 4096
      cpus: 128
      cpus-online: 128
      ticks-per-second: 100

metrics:
    - stressor: cpu
      bogo-ops: 16946
      bogo-ops-per-second-usr-sys-time: 1694.643891
      bogo-ops-per-second-real-time: 1694.597980
      wall-clock-time: 10.000012
      user-time: 9.998742
      system-time: 0.000999
      cpu-usage-per-instance: 99.997291
      max-rss: 3072

...
