---
system-info:
      stress-ng-version: 0.17.08
      run-by: root
      date-yyyy-mm-dd: 2024:07:12
      time-hh-mm-ss: 11:27:41
      epoch-secs: 1720783661
      hostname: ip-172-31-0-200
      sysname: Linux
      nodename: ip-172-31-0-200
      release: 6.8.0-1010-aws
      version: '#10-Ubuntu SMP Thu Jun 13 17:36:15 UTC 2024'
      machine: x86_64
      compiler: 'musl-gcc 13.2.1'
      uptime: 160
      totalram: 1589205495808
      freeram: 1581210648576
      sharedram: 138244096
      bufferram: 133521408
      totalswap: 0
      freeswap: 0
      pagesize: 4096
      cpus: 192
      cpus-online: 192
      ticks-per-second: 100

metrics:
    - stressor: cpu
      bogo-ops: 59903
      bogo-ops-per-second-usr-sys-time: 2995.297369
      bogo-ops-per-second-real-time: 2995.141788
      wall-clock-time: 20.000055
      user-time: 19.999016
      system-time: 0.000000
      cpu-usage-per-instance: 99.994806
      max-rss: 0

...
