---
system-info:
      stress-ng-version: 0.17.08
      run-by: root
      date-yyyy-mm-dd: 2024:06:10
      time-hh-mm-ss: 11:44:16
      epoch-secs: 1718019856
      hostname: aa1bb219d508
      sysname: Linux
      nodename: aa1bb219d508
      release: 6.8.0-1008-aws
      version: '#8-Ubuntu SMP Sat Apr 20 00:46:25 UTC 2024'
      machine: x86_64
      compiler: 'musl-gcc 13.2.1'
      uptime: 177
      totalram: 1589205471232
      freeram: 1581125554176
      sharedram: 138264576
      bufferram: 117063680
      totalswap: 0
      freeswap: 0
      pagesize: 4096
      cpus: 192
      cpus-online: 192
      ticks-per-second: 100

metrics:
    - stressor: cpu
      bogo-ops: 17110
      bogo-ops-per-second-usr-sys-time: 1710.496772
      bogo-ops-per-second-real-time: 1710.474457
      wall-clock-time: 10.003073
      user-time: 10.000943
      system-time: 0.001999
      cpu-usage-per-instance: 99.998695
      max-rss: 3072

...
