BaselineInfo:
  WebDBID: -1
  TimeStamp: 20250103132639
Version:
  Major: 11
  Minor: 0
  Build: 1002
  SpecialBuildName: ""
  ptArchitecture: x86_64_linux
Results:
  Results Complete: true
  NumTestProcesses: 32
  CPU_INTEGER_MATH: 152066.45099999997
  CPU_FLOATINGPOINT_MATH: 85076.638186711061
  CPU_PRIME: 244.17026546658485
  CPU_SORTING: 89232.568972700028
  CPU_ENCRYPTION: 38576.244584240718
  CPU_COMPRESSION: 618602.11737351038
  CPU_SINGLETHREAD: 2906.182542734005
  CPU_PHYSICS: 4593.6600546077252
  CPU_MATRIX_MULT_SSE: 43931.759926413608
  CPU_mm: 4069.6386713482102
  CPU_sse: 17869.769959458212
  CPU_fma: 56257.8189734689
  CPU_avx: 46331.526259959137
  CPU_avx512: 55267.924512768172
  m_CPU_enc_SHA: 53992091480.522995
  m_CPU_enc_AES: 36639316790.350922
  m_CPU_enc_ECDSA: 30718964452.620461
  ME_ALLOC_S: 14912.511467952205
  ME_READ_S: 27898.328320312499
  ME_READ_L: 27583.857421875
  ME_WRITE: 26882.333984375
  ME_LARGE: 117138.33333333333
  ME_LATENCY: 77.167275519687749
  ME_THREADED: 82710.1650390625
  SUMM_CPU: 46702.254482070457
  SUMM_ME: 2757.747680774728
SystemInformation:
  OSName: Ubuntu 24.04.1 LTS
  Kernel: 6.8.0-1017-azure
  Device: ""
  Processor: AMD EPYC 9V74 80-Core Processor
  NumSockets: 1
  Manufacturer: AuthenticAMD
  NumCores: 16
  NumLogicals: 32
  CPUFrequency: 0
  Memory: 128803
  MemModuleInfo:
    iNumMemSticks: 3
    DIMM 1:
      manufacturer: Microsoft Corporation
      modulePartNo: None
      memType: Unknown
      size: 1
      clkspeed: 0
      moduleVoltage: 0
    DIMM 2:
      manufacturer: Microsoft Corporation
      modulePartNo: None
      memType: Unknown
      size: 59
      clkspeed: 0
      moduleVoltage: 0
    DIMM 3:
      manufacturer: Microsoft Corporation
      modulePartNo: None
      memType: Unknown
      size: 68
      clkspeed: 0
      moduleVoltage: 0
Checksum: E0425A3E5A06DCD6089F83080424C10EA4E0D344