---
system-info:
      stress-ng-version: 0.17.08
      run-by: root
      date-yyyy-mm-dd: 2024:09:16
      time-hh-mm-ss: 17:39:31
      epoch-secs: 1726508371
      hostname: sc-runner
      sysname: Linux
      nodename: sc-runner
      release: 6.8.0-1014-azure
      version: '#16-Ubuntu SMP Thu Aug 15 20:04:41 UTC 2024'
      machine: x86_64
      compiler: 'musl-gcc 13.2.1'
      uptime: 350
      totalram: 58967719936
      freeram: 48803471360
      sharedram: 42053632
      bufferram: 235106304
      totalswap: 0
      freeswap: 0
      pagesize: 4096
      cpus: 8
      cpus-online: 8
      ticks-per-second: 100

metrics:
    - stressor: cpu
      bogo-ops: 24906
      bogo-ops-per-second-usr-sys-time: 1245.315131
      bogo-ops-per-second-real-time: 1245.289757
      wall-clock-time: 20.000165
      user-time: 19.998757
      system-time: 0.001000
      cpu-usage-per-instance: 99.997962
      max-rss: 3024

...
