---
system-info:
      stress-ng-version: 0.17.08
      run-by: root
      date-yyyy-mm-dd: 2024:09:03
      time-hh-mm-ss: 18:37:39
      epoch-secs: 1725388659
      hostname: sc-runner
      sysname: Linux
      nodename: sc-runner
      release: 6.8.0-1013-azure
      version: '#15-Ubuntu SMP Thu Aug  8 18:40:40 UTC 2024'
      machine: x86_64
      compiler: 'musl-gcc 13.2.1'
      uptime: 384
      totalram: 58967715840
      freeram: 50365927424
      sharedram: 42053632
      bufferram: 220053504
      totalswap: 0
      freeswap: 0
      pagesize: 4096
      cpus: 8
      cpus-online: 8
      ticks-per-second: 100

metrics:
    - stressor: cpu
      bogo-ops: 24943
      bogo-ops-per-second-usr-sys-time: 1247.162908
      bogo-ops-per-second-real-time: 1247.143488
      wall-clock-time: 20.000104
      user-time: 19.998794
      system-time: 0.000999
      cpu-usage-per-instance: 99.998443
      max-rss: 3024

...
