---
system-info:
      stress-ng-version: 0.17.08
      run-by: root
      date-yyyy-mm-dd: 2024:09:24
      time-hh-mm-ss: 07:25:16
      epoch-secs: 1727162716
      hostname: sc-runner
      sysname: Linux
      nodename: sc-runner
      release: 6.8.0-1014-azure
      version: '#16-Ubuntu SMP Thu Aug 15 20:04:41 UTC 2024'
      machine: x86_64
      compiler: 'musl-gcc 13.2.1'
      uptime: 323
      totalram: 405735219200
      freeram: 393429721088
      sharedram: 105627648
      bufferram: 293126144
      totalswap: 0
      freeswap: 0
      pagesize: 4096
      cpus: 48
      cpus-online: 48
      ticks-per-second: 100

metrics:
    - stressor: cpu
      bogo-ops: 366726
      bogo-ops-per-second-usr-sys-time: 382.344436
      bogo-ops-per-second-real-time: 18336.158535
      wall-clock-time: 20.000154
      user-time: 959.101904
      system-time: 0.048970
      cpu-usage-per-instance: 99.910779
      max-rss: 3200

...
