BaselineInfo:
  WebDBID: -1
  TimeStamp: 20250105050050
Version:
  Major: 11
  Minor: 0
  Build: 1002
  SpecialBuildName: ""
  ptArchitecture: aarch64_linux
Results:
  Results Complete: true
  NumTestProcesses: 96
  CPU_INTEGER_MATH: 603772.97133333341
  CPU_FLOATINGPOINT_MATH: 507335.43707031745
  CPU_PRIME: 632.32588623895663
  CPU_SORTING: 477752.16911478952
  CPU_ENCRYPTION: 18139.40756351344
  CPU_COMPRESSION: 657253.62571306142
  CPU_SINGLETHREAD: 1884.8093228541743
  CPU_PHYSICS: 18267.733297912662
  CPU_MATRIX_MULT_SSE: 85660.639182785962
  CPU_mm: 13791.431402198657
  CPU_sse: 72225.139031403771
  CPU_fma: 99096.139334168256
  CPU_avx: 0
  CPU_avx512: 0
  m_CPU_enc_SHA: 26845865490.482502
  m_CPU_enc_AES: 11787854703.577351
  m_CPU_enc_ECDSA: 18427922081.896175
  ME_ALLOC_S: 37968.903127983634
  ME_READ_S: 25608.023242187501
  ME_READ_L: 19751.802734375
  ME_WRITE: 25738.939453125
  ME_LARGE: 658469.25
  ME_LATENCY: 51.631472143061956
  ME_THREADED: 499196.8671875
  SUMM_CPU: 56680.740291508839
  SUMM_ME: 3448.1900982716761
SystemInformation:
  OSName: Ubuntu 24.04.1 LTS
  Kernel: 6.8.0-1017-azure
  Device: ""
  Processor: ARM Neoverse-N2 96 Core 0 MHz
  NumSockets: 1
  Manufacturer: ARM
  NumCores: 96
  NumLogicals: 96
  CPUFrequency: 0
  Memory: 675891
Checksum: 3EBD123020223AA67E2CFE488D40BB65D893D406