BaselineInfo:
  WebDBID: -1
  TimeStamp: 20260612224938
Version:
  Major: 11
  Minor: 0
  Build: 1004
  SpecialBuildName: ""
  ptArchitecture: x86_64_linux
Results:
  Results Complete: true
  NumTestProcesses: 24
  CPU_INTEGER_MATH: 70216.84633333332
  CPU_FLOATINGPOINT_MATH: 37674.372287253078
  CPU_PRIME: 115.27793219853498
  CPU_SORTING: 42619.291462954679
  CPU_ENCRYPTION: 9713.3414583127214
  CPU_COMPRESSION: 324197.85617760703
  CPU_SINGLETHREAD: 1973.6294291404779
  CPU_PHYSICS: 2068.0933391476274
  CPU_MATRIX_MULT_SSE: 19500.090118371452
  CPU_mm: 2136.332331889032
  CPU_sse: 7642.553644919044
  CPU_fma: 23616.153450813377
  CPU_avx: 16690.335610105471
  CPU_avx512: 30051.317767647939
  m_CPU_enc_SHA: 3174064410.3513675
  m_CPU_enc_AES: 24507612581.228825
  m_CPU_enc_ECDSA: 2873853207.3949652
  ME_ALLOC_S: 8237.5067316141649
  ME_READ_S: 22701.334765625001
  ME_READ_L: 9979.4833984375
  ME_WRITE: 9795.8017578125
  ME_LARGE: 37295.75
  ME_LATENCY: 52.98875322072891
  ME_THREADED: 109397.34912109375
  SUMM_CPU: 21643.615530638861
  SUMM_ME: 2511.5517589889851
SystemInformation:
  OSName: Ubuntu 24.04.4 LTS
  Kernel: 6.8.0-117-generic
  Device: ""
  Processor: Intel(R) Xeon(R) Platinum 8269CY CPU @ 2.50GHz
  NumSockets: 1
  Manufacturer: GenuineIntel
  NumCores: 12
  NumLogicals: 24
  CPUFrequency: 0
  CPUMaxFrequency: 0
  Memory: 46239
  CPUInfo:
    number: 1
    Family: 6
    Model: 5
    stepping: 7
    features: 529267711
    manufacture: GenuineIntel
    typestring: Intel(R) Xeon(R) Platinum 8269CY CPU @ 2.50GHz
    iCoresPerPackage: 12
    iThreadsPerPackage: 2
    featuresEx:
      - 529267711
      - 4277809667
      - 739248128
    bHybrid: false
    nPCore: 0
    nLogicalsPerPCore: 0
    nECore: 0
    nLogicalsPerECore: 0
  MemModuleInfo:
    iNumMemSticks: 3
    DIMM 1:
      manufacturer: Alibaba Cloud
      modulePartNo: Not Specified
      memType: RAM
      size: 16
      clkspeed: 0
      moduleVoltage: 0
    DIMM 2:
      manufacturer: Alibaba Cloud
      modulePartNo: Not Specified
      memType: RAM
      size: 16
      clkspeed: 0
      moduleVoltage: 0
    DIMM 3:
      manufacturer: Alibaba Cloud
      modulePartNo: Not Specified
      memType: RAM
      size: 16
      clkspeed: 0
      moduleVoltage: 0
Checksum: A9C16522914B7FC212E3A67AD8582969B56A00A5