---
system-info:
      stress-ng-version: 0.17.08
      run-by: root
      date-yyyy-mm-dd: 2024:06:08
      time-hh-mm-ss: 13:55:06
      epoch-secs: 1717854906
      hostname: e6060e163b01
      sysname: Linux
      nodename: e6060e163b01
      release: 6.8.0-1008-aws
      version: '#8-Ubuntu SMP Sat Apr 20 00:46:25 UTC 2024'
      machine: x86_64
      compiler: 'musl-gcc 13.2.1'
      uptime: 138
      totalram: 267549736960
      freeram: 262177607680
      sharedram: 78467072
      bufferram: 102391808
      totalswap: 0
      freeswap: 0
      pagesize: 4096
      cpus: 64
      cpus-online: 64
      ticks-per-second: 100

metrics:
    - stressor: cpu
      bogo-ops: 13875
      bogo-ops-per-second-usr-sys-time: 1387.498613
      bogo-ops-per-second-real-time: 1387.473437
      wall-clock-time: 10.000191
      user-time: 10.000010
      system-time: 0.000000
      cpu-usage-per-instance: 99.998186
      max-rss: 3072

...
