---
system-info:
      stress-ng-version: 0.17.08
      run-by: root
      date-yyyy-mm-dd: 2024:06:14
      time-hh-mm-ss: 19:55:32
      epoch-secs: 1718394932
      hostname: 1cda48a5c7d6
      sysname: Linux
      nodename: 1cda48a5c7d6
      release: 6.8.0-1008-aws
      version: '#8-Ubuntu SMP Sat Apr 20 00:46:25 UTC 2024'
      machine: x86_64
      compiler: 'musl-gcc 13.2.1'
      uptime: 170
      totalram: 267549720576
      freeram: 262165913600
      sharedram: 78467072
      bufferram: 110280704
      totalswap: 0
      freeswap: 0
      pagesize: 4096
      cpus: 64
      cpus-online: 64
      ticks-per-second: 100

metrics:
    - stressor: cpu
      bogo-ops: 26524
      bogo-ops-per-second-usr-sys-time: 1326.209615
      bogo-ops-per-second-real-time: 1326.195336
      wall-clock-time: 20.000070
      user-time: 19.999855
      system-time: 0.000000
      cpu-usage-per-instance: 99.998923
      max-rss: 512

...
