BaselineInfo:
  WebDBID: -1
  TimeStamp: 20251219073656
Version:
  Major: 11
  Minor: 0
  Build: 1002
  SpecialBuildName: ""
  ptArchitecture: x86_64_linux
Results:
  Results Complete: true
  NumTestProcesses: 32
  CPU_INTEGER_MATH: 91320.365666666665
  CPU_FLOATINGPOINT_MATH: 64399.828061008826
  CPU_PRIME: 144.05598679325115
  CPU_SORTING: 48806.838308880186
  CPU_ENCRYPTION: 12083.391019083883
  CPU_COMPRESSION: 431791.9392544743
  CPU_SINGLETHREAD: 1658.3253573098216
  CPU_PHYSICS: 2138.0312348120615
  CPU_MATRIX_MULT_SSE: 25214.344335723872
  CPU_mm: 3410.8895808197312
  CPU_sse: 12334.111206485755
  CPU_fma: 37093.521392937015
  CPU_avx: 26215.400407748861
  CPU_avx512: 0
  m_CPU_enc_SHA: 5425279047.3699589
  m_CPU_enc_AES: 27830646968.587948
  m_CPU_enc_ECDSA: 4755135447.722806
  ME_ALLOC_S: 12923.350629047816
  ME_READ_S: 19569.297656250001
  ME_READ_L: 9950.51953125
  ME_WRITE: 9625.388671875
  ME_LARGE: 165339.83333333334
  ME_LATENCY: 79.693849770895724
  ME_THREADED: 82478.1826171875
  SUMM_CPU: 26126.119568020804
  SUMM_ME: 2061.1474461255852
SystemInformation:
  OSName: Ubuntu 24.04.2 LTS
  Kernel: 6.8.0-86-generic
  Device: ""
  Processor: Intel Core Processor (Haswell, no TSX)
  NumSockets: 32
  Manufacturer: GenuineIntel
  NumCores: 32
  NumLogicals: 32
  CPUFrequency: 0
  Memory: 176872
  MemModuleInfo:
    iNumMemSticks: 1
    DIMM 1:
      manufacturer: QEMU
      modulePartNo: Not Specified
      memType: RAM
      size: 180000
      clkspeed: 0
      moduleVoltage: 0
Checksum: D191EA2AF583D581EEEACFC068B40A123FA30D9D