BaselineInfo:
  WebDBID: -1
  TimeStamp: 20260612224747
Version:
  Major: 11
  Minor: 0
  Build: 1004
  SpecialBuildName: ""
  ptArchitecture: x86_64_linux
Results:
  Results Complete: true
  NumTestProcesses: 8
  CPU_INTEGER_MATH: 23454.234666666664
  CPU_FLOATINGPOINT_MATH: 12599.844029469616
  CPU_PRIME: 56.447245403127511
  CPU_SORTING: 14720.307397376282
  CPU_ENCRYPTION: 3254.2841125201076
  CPU_COMPRESSION: 110541.58960123111
  CPU_SINGLETHREAD: 1980.0896303223562
  CPU_PHYSICS: 947.30431602092267
  CPU_MATRIX_MULT_SSE: 6404.9623042726716
  CPU_mm: 712.78217479606997
  CPU_sse: 2541.0498914008031
  CPU_fma: 7891.8111638298242
  CPU_avx: 5584.1204276557137
  CPU_avx512: 9602.8677342043466
  m_CPU_enc_SHA: 1061616978.5543507
  m_CPU_enc_AES: 8213803772.4766493
  m_CPU_enc_ECDSA: 961671901.67865229
  ME_ALLOC_S: 2851.3028040795161
  ME_READ_S: 22873.554882812499
  ME_READ_L: 9987.904296875
  ME_WRITE: 9726.3173828125
  ME_LARGE: 22214.666666666668
  ME_LATENCY: 54.531879318705414
  ME_THREADED: 46476.93408203125
  SUMM_CPU: 8301.5743606010001
  SUMM_ME: 2296.820618468842
SystemInformation:
  OSName: Ubuntu 24.04.4 LTS
  Kernel: 6.8.0-117-generic
  Device: ""
  Processor: Intel(R) Xeon(R) Platinum 8269CY CPU @ 2.50GHz
  NumSockets: 1
  Manufacturer: GenuineIntel
  NumCores: 4
  NumLogicals: 8
  CPUFrequency: 2500
  CPUMaxFrequency: 3800
  Memory: 30686
  CPUInfo:
    number: 1
    Family: 6
    Model: 5
    stepping: 7
    features: 529267711
    manufacture: GenuineIntel
    typestring: Intel(R) Xeon(R) Platinum 8269CY CPU @ 2.50GHz
    iCoresPerPackage: 0
    iThreadsPerPackage: 0
    featuresEx:
      - 529267711
      - 4277809667
      - 739248128
    bHybrid: false
    nPCore: 0
    nLogicalsPerPCore: 0
    nECore: 0
    nLogicalsPerECore: 0
  MemModuleInfo:
    iNumMemSticks: 2
    DIMM 1:
      manufacturer: Alibaba Cloud
      modulePartNo: Not Specified
      memType: RAM
      size: 16
      clkspeed: 0
      moduleVoltage: 0
    DIMM 2:
      manufacturer: Alibaba Cloud
      modulePartNo: Not Specified
      memType: RAM
      size: 16
      clkspeed: 0
      moduleVoltage: 0
Checksum: 5C6A5EE39894D322AA45C79DD26E9FEFCF150185