---
system-info:
      stress-ng-version: 0.17.08
      run-by: root
      date-yyyy-mm-dd: 2024:09:17
      time-hh-mm-ss: 03:49:16
      epoch-secs: 1726544956
      hostname: sc-runner
      sysname: Linux
      nodename: sc-runner
      release: 6.8.0-1014-azure
      version: '#16-Ubuntu SMP Thu Aug 15 20:04:41 UTC 2024'
      machine: x86_64
      compiler: 'musl-gcc 13.2.1'
      uptime: 275
      totalram: 270258798592
      freeram: 259908759552
      sharedram: 54935552
      bufferram: 240705536
      totalswap: 0
      freeswap: 0
      pagesize: 4096
      cpus: 8
      cpus-online: 8
      ticks-per-second: 100

metrics:
    - stressor: cpu
      bogo-ops: 155243
      bogo-ops-per-second-usr-sys-time: 972.163223
      bogo-ops-per-second-real-time: 7762.108662
      wall-clock-time: 20.000107
      user-time: 159.672214
      system-time: 0.015991
      cpu-usage-per-instance: 99.804597
      max-rss: 3256

...
