---
system-info:
      stress-ng-version: 0.17.08
      run-by: root
      date-yyyy-mm-dd: 2024:06:13
      time-hh-mm-ss: 16:46:29
      epoch-secs: 1718297189
      hostname: fb19cfe325bc
      sysname: Linux
      nodename: fb19cfe325bc
      release: 6.8.0-1008-aws
      version: '#8-Ubuntu SMP Sat Apr 20 00:46:25 UTC 2024'
      machine: x86_64
      compiler: 'musl-gcc 13.2.1'
      uptime: 121
      totalram: 267397980160
      freeram: 262765318144
      sharedram: 38129664
      bufferram: 105746432
      totalswap: 0
      freeswap: 0
      pagesize: 4096
      cpus: 32
      cpus-online: 32
      ticks-per-second: 100

metrics:
    - stressor: cpu
      bogo-ops: 540369
      bogo-ops-per-second-usr-sys-time: 844.862476
      bogo-ops-per-second-real-time: 27018.310276
      wall-clock-time: 20.000103
      user-time: 639.568047
      system-time: 0.025988
      cpu-usage-per-instance: 99.936051
      max-rss: 1032

...
