---
system-info:
      stress-ng-version: 0.17.08
      run-by: root
      date-yyyy-mm-dd: 2024:06:08
      time-hh-mm-ss: 03:22:26
      epoch-secs: 1717816946
      hostname: 047ec6883644
      sysname: Linux
      nodename: 047ec6883644
      release: 6.8.0-1008-aws
      version: '#8-Ubuntu SMP Sat Apr 20 00:46:25 UTC 2024'
      machine: x86_64
      compiler: 'musl-gcc 13.2.1'
      uptime: 134
      totalram: 267397963776
      freeram: 262829334528
      sharedram: 41013248
      bufferram: 95916032
      totalswap: 0
      freeswap: 0
      pagesize: 4096
      cpus: 32
      cpus-online: 32
      ticks-per-second: 100

metrics:
    - stressor: cpu
      bogo-ops: 316263
      bogo-ops-per-second-usr-sys-time: 989.040014
      bogo-ops-per-second-real-time: 31618.632882
      wall-clock-time: 10.002425
      user-time: 319.713669
      system-time: 0.053980
      cpu-usage-per-instance: 99.903165
      max-rss: 3848

...
