BaselineInfo:
  WebDBID: -1
  TimeStamp: 20260616200101
Version:
  Major: 11
  Minor: 0
  Build: 1004
  SpecialBuildName: ""
  ptArchitecture: x86_64_linux
Results:
  Results Complete: true
  NumTestProcesses: 2
  CPU_INTEGER_MATH: 9560.505000000001
  CPU_FLOATINGPOINT_MATH: 5357.9228133877314
  CPU_PRIME: 23.82093348482406
  CPU_SORTING: 5859.7597692601157
  CPU_ENCRYPTION: 2416.8642716831318
  CPU_COMPRESSION: 40049.592761573134
  CPU_SINGLETHREAD: 2863.2237534753012
  CPU_PHYSICS: 481.09633298866055
  CPU_MATRIX_MULT_SSE: 2658.504736424602
  CPU_mm: 256.29393547598283
  CPU_sse: 1124.5622525866506
  CPU_fma: 3529.8565954157702
  CPU_avx: 2911.9045640971326
  CPU_avx512: 3067.6955335988537
  m_CPU_enc_SHA: 3383987605.038003
  m_CPU_enc_AES: 2297434572.5980415
  m_CPU_enc_ECDSA: 1921375433.99719
  ME_ALLOC_S: 1075.1044795509247
  ME_READ_S: 27555.911914062501
  ME_READ_L: 26247.439453125
  ME_WRITE: 25804.244140625
  ME_LARGE: 2093.3333333333335
  ME_LATENCY: 70.900849462065551
  ME_THREADED: 27506.671875
  SUMM_CPU: 3870.8847397504942
  SUMM_ME: 1738.2718409737433
SystemInformation:
  OSName: Ubuntu 24.04.4 LTS
  Kernel: 6.8.0-117-generic
  Device: ""
  Processor: "AMD EPYC 9T34 64-Core Processor                "
  NumSockets: 1
  Manufacturer: AuthenticAMD
  NumCores: 1
  NumLogicals: 2
  CPUFrequency: 0
  CPUMaxFrequency: 0
  Memory: 3499
  CPUInfo:
    number: 1
    Family: 15
    Model: 1
    stepping: 1
    features: 395049983
    manufacture: AuthenticAMD
    typestring: "AMD EPYC 9T34 64-Core Processor                "
    iCoresPerPackage: 1
    iThreadsPerPackage: 2
    featuresEx:
      - 395049983
      - 4277809667
      - 802421759
    bHybrid: false
    nPCore: 0
    nLogicalsPerPCore: 0
    nECore: 0
    nLogicalsPerECore: 0
  MemModuleInfo:
    iNumMemSticks: 1
    DIMM 1:
      manufacturer: Alibaba Cloud
      modulePartNo: Not Specified
      memType: RAM
      size: 4
      clkspeed: 0
      moduleVoltage: 0
Checksum: 6F6B8F26C98EA301B5E20ADAA821608033ACE894