BaselineInfo:
  WebDBID: -1
  TimeStamp: 20260404182730
Version:
  Major: 11
  Minor: 0
  Build: 1004
  SpecialBuildName: ""
  ptArchitecture: x86_64_linux
Results:
  Results Complete: true
  NumTestProcesses: 16
  CPU_INTEGER_MATH: 39292.228333333347
  CPU_FLOATINGPOINT_MATH: 21078.864651375876
  CPU_PRIME: 89.567021175596636
  CPU_SORTING: 24322.131134149146
  CPU_ENCRYPTION: 5444.0354194256315
  CPU_COMPRESSION: 180621.19769902556
  CPU_SINGLETHREAD: 1682.3684762311932
  CPU_PHYSICS: 1541.6303240377415
  CPU_MATRIX_MULT_SSE: 12374.76565437207
  CPU_mm: 1196.4700285999656
  CPU_sse: 4270.6166049664771
  CPU_fma: 14592.38637092667
  CPU_avx: 10314.196122961444
  CPU_avx512: 20321.863518633672
  m_CPU_enc_SHA: 1776436009.9151268
  m_CPU_enc_AES: 13740938508.152514
  m_CPU_enc_ECDSA: 1608080133.8113096
  ME_ALLOC_S: 4417.3291709339273
  ME_READ_S: 19330.401953125001
  ME_READ_L: 6827.939453125
  ME_WRITE: 7134.18505859375
  ME_LARGE: 18660.25
  ME_LATENCY: 74.859168542297269
  ME_THREADED: 74594.8798828125
  SUMM_CPU: 13258.464082642056
  SUMM_ME: 1805.0522157933099
SystemInformation:
  OSName: Ubuntu 24.04.4 LTS
  Kernel: 6.8.0-106-generic
  Device: ""
  Processor: Intel(R) Xeon(R) Platinum 8269CY CPU @ 2.50GHz
  NumSockets: 1
  Manufacturer: GenuineIntel
  NumCores: 8
  NumLogicals: 16
  CPUFrequency: 2500
  CPUMaxFrequency: 3800
  Memory: 31707
  CPUInfo:
    number: 1
    Family: 6
    Model: 5
    stepping: 7
    features: 529267711
    manufacture: GenuineIntel
    typestring: Intel(R) Xeon(R) Platinum 8269CY CPU @ 2.50GHz
    iCoresPerPackage: 8
    iThreadsPerPackage: 2
    featuresEx:
      - 529267711
      - 4294586883
      - 739248128
    bHybrid: false
    nPCore: 0
    nLogicalsPerPCore: 0
    nECore: 0
    nLogicalsPerECore: 0
  MemModuleInfo:
    iNumMemSticks: 2
    DIMM 1:
      manufacturer: Alibaba Cloud
      modulePartNo: Not Specified
      memType: RAM
      size: 16
      clkspeed: 0
      moduleVoltage: 0
    DIMM 2:
      manufacturer: Alibaba Cloud
      modulePartNo: Not Specified
      memType: RAM
      size: 16
      clkspeed: 0
      moduleVoltage: 0
Checksum: 93F5DFB6136047A6183FE04521F0B2193275F607