BaselineInfo:
  WebDBID: -1
  TimeStamp: 20260405001752
Version:
  Major: 11
  Minor: 0
  Build: 1004
  SpecialBuildName: ""
  ptArchitecture: x86_64_linux
Results:
  Results Complete: true
  NumTestProcesses: 32
  CPU_INTEGER_MATH: 134775.37133333331
  CPU_FLOATINGPOINT_MATH: 68905.283719643499
  CPU_PRIME: 188.57904031006944
  CPU_SORTING: 68970.96395754478
  CPU_ENCRYPTION: 29253.291599115848
  CPU_COMPRESSION: 490571.81369451119
  CPU_SINGLETHREAD: 2365.7328771303742
  CPU_PHYSICS: 3395.6316966239615
  CPU_MATRIX_MULT_SSE: 28297.345074214314
  CPU_mm: 2904.1023604699285
  CPU_sse: 12764.900785569427
  CPU_fma: 34661.497670528166
  CPU_avx: 25931.679464810346
  CPU_avx512: 39831.302375949344
  m_CPU_enc_SHA: 29505090016.105766
  m_CPU_enc_AES: 44413581305.548271
  m_CPU_enc_ECDSA: 18104227153.849461
  ME_ALLOC_S: 15212.164468219793
  ME_READ_S: 24121.807031249999
  ME_READ_L: 11996.7197265625
  ME_WRITE: 11232.140625
  ME_LARGE: 112149.66666666667
  ME_LATENCY: 52.498351975866846
  ME_THREADED: 141509.0341796875
  SUMM_CPU: 36697.240734041377
  SUMM_ME: 2777.6682306309099
SystemInformation:
  OSName: Ubuntu 24.04.4 LTS
  Kernel: 6.8.0-106-generic
  Device: ""
  Processor: Intel(R) Xeon(R) Platinum 8369B CPU @ 2.90GHz
  NumSockets: 1
  Manufacturer: GenuineIntel
  NumCores: 16
  NumLogicals: 32
  CPUFrequency: 0
  CPUMaxFrequency: 0
  Memory: 126244
  CPUInfo:
    number: 1
    Family: 6
    Model: 10
    stepping: 6
    features: 529267711
    manufacture: GenuineIntel
    typestring: Intel(R) Xeon(R) Platinum 8369B CPU @ 2.90GHz
    iCoresPerPackage: 16
    iThreadsPerPackage: 2
    featuresEx:
      - 529267711
      - 4277809667
      - 739248128
    bHybrid: false
    nPCore: 0
    nLogicalsPerPCore: 0
    nECore: 0
    nLogicalsPerECore: 0
  MemModuleInfo:
    iNumMemSticks: 8
    DIMM 1:
      manufacturer: Alibaba Cloud
      modulePartNo: Not Specified
      memType: RAM
      size: 16
      clkspeed: 0
      moduleVoltage: 0
    DIMM 2:
      manufacturer: Alibaba Cloud
      modulePartNo: Not Specified
      memType: RAM
      size: 16
      clkspeed: 0
      moduleVoltage: 0
    DIMM 3:
      manufacturer: Alibaba Cloud
      modulePartNo: Not Specified
      memType: RAM
      size: 16
      clkspeed: 0
      moduleVoltage: 0
    DIMM 4:
      manufacturer: Alibaba Cloud
      modulePartNo: Not Specified
      memType: RAM
      size: 16
      clkspeed: 0
      moduleVoltage: 0
    DIMM 5:
      manufacturer: Alibaba Cloud
      modulePartNo: Not Specified
      memType: RAM
      size: 16
      clkspeed: 0
      moduleVoltage: 0
    DIMM 6:
      manufacturer: Alibaba Cloud
      modulePartNo: Not Specified
      memType: RAM
      size: 16
      clkspeed: 0
      moduleVoltage: 0
    DIMM 7:
      manufacturer: Alibaba Cloud
      modulePartNo: Not Specified
      memType: RAM
      size: 16
      clkspeed: 0
      moduleVoltage: 0
    DIMM 8:
      manufacturer: Alibaba Cloud
      modulePartNo: Not Specified
      memType: RAM
      size: 16
      clkspeed: 0
      moduleVoltage: 0
Checksum: FC1CD8203AE5733D8DF1960A11088B49895560EC