size_kb,operation,bandwidth_mb_s,latency_ns,latency_stddev_ns,latency_samples,threads,iterations,elapsed_s
32,read,347610.62,0,0,0,8,427350,0.307348
32,write,199980.02,0,0,0,8,391849,0.489860
32,copy,168914.23,0,0,0,8,300842,0.445259
32,latency,0,1.55,0.06,7,1,7,0.225386
128,read,359979.45,0,0,0,8,140449,0.390158
128,write,199601.93,0,0,0,8,104166,0.521869
128,copy,170090.19,0,0,0,8,83528,0.491081
128,latency,0,4.26,0.00,7,1,7,0.698773
1024,read,239065.35,0,0,0,8,19694,0.659033
1024,write,164973.41,0,0,0,8,12316,0.597236
1024,copy,56765.25,0,0,0,8,5542,0.781041
1024,latency,0,7.66,0.01,7,1,7,0.814421
2048,read,125285.09,0,0,0,8,5309,0.678006
2048,write,104665.75,0,0,0,8,4357,0.666044
2048,copy,56066.37,0,0,0,8,1591,0.454033
2048,latency,0,12.61,0.04,7,1,7,0.680612
4096,read,121097.90,0,0,0,8,1656,0.437596
4096,write,103247.09,0,0,0,8,1675,0.519143
4096,copy,55968.88,0,0,0,8,764,0.436814
4096,latency,0,23.28,0.02,7,1,7,0.709556
32768,read,58747.98,0,0,0,8,117,0.509839
32768,write,60141.48,0,0,0,8,111,0.472486
32768,copy,27181.59,0,0,0,8,51,0.480325
32768,latency,0,56.77,9.63,21,1,21,2.876938
65536,read,47932.56,0,0,0,8,47,0.502039
65536,write,51615.61,0,0,0,8,55,0.545571
65536,copy,26479.47,0,0,0,8,24,0.464058
65536,latency,0,112.67,5.39,10,1,10,6.154094
131072,read,46580.99,0,0,0,8,21,0.461648
131072,write,48845.92,0,0,0,8,24,0.503133
131072,copy,25984.03,0,0,0,8,12,0.472906
131072,latency,0,123.34,1.90,7,1,7,10.603363
262144,read,46473.49,0,0,0,8,10,0.440681
262144,write,49515.61,0,0,0,8,11,0.454968
262144,copy,26100.52,0,0,0,8,5,0.392329
262144,latency,0,127.44,1.44,7,1,7,21.890287
524288,read,46112.79,0,0,0,8,5,0.444128
524288,write,48749.53,0,0,0,8,5,0.420107
524288,copy,22694.70,0,0,0,4,3,0.270724
524288,latency,0,130.13,0.95,7,1,7,45.048373
