---
system-info:
      stress-ng-version: 0.17.08
      run-by: root
      date-yyyy-mm-dd: 2024:06:07
      time-hh-mm-ss: 19:39:09
      epoch-secs: 1717789149
      hostname: 51366f35e846
      sysname: Linux
      nodename: 51366f35e846
      release: 6.8.0-1008-aws
      version: '#8-Ubuntu SMP Sat Apr 20 00:46:25 UTC 2024'
      machine: x86_64
      compiler: 'musl-gcc 13.2.1'
      uptime: 106
      totalram: 4002344960
      freeram: 241623040
      sharedram: 113545216
      bufferram: 88580096
      totalswap: 0
      freeswap: 0
      pagesize: 4096
      cpus: 2
      cpus-online: 2
      ticks-per-second: 100

metrics:
    - stressor: cpu
      bogo-ops: 21324
      bogo-ops-per-second-usr-sys-time: 2132.572099
      bogo-ops-per-second-real-time: 2132.173378
      wall-clock-time: 10.001063
      user-time: 9.991194
      system-time: 0.007999
      cpu-usage-per-instance: 99.981303
      max-rss: 3920

...
