---
system-info:
      stress-ng-version: 0.17.08
      run-by: root
      date-yyyy-mm-dd: 2024:06:16
      time-hh-mm-ss: 08:43:17
      epoch-secs: 1718527397
      hostname: dcf6aba15c98
      sysname: Linux
      nodename: dcf6aba15c98
      release: 6.8.0-1008-aws
      version: '#8-Ubuntu SMP Sat Apr 20 00:46:25 UTC 2024'
      machine: x86_64
      compiler: 'musl-gcc 13.2.1'
      uptime: 129
      totalram: 4002340864
      freeram: 183996416
      sharedram: 113504256
      bufferram: 105308160
      totalswap: 0
      freeswap: 0
      pagesize: 4096
      cpus: 2
      cpus-online: 2
      ticks-per-second: 100

metrics:
    - stressor: cpu
      bogo-ops: 41033
      bogo-ops-per-second-usr-sys-time: 2051.824508
      bogo-ops-per-second-real-time: 2051.637038
      wall-clock-time: 20.000126
      user-time: 19.998299
      system-time: 0.000000
      cpu-usage-per-instance: 99.990863
      max-rss: 1104

...
