BaselineInfo:
  WebDBID: -1
  TimeStamp: 20241110050018
Version:
  Major: 11
  Minor: 0
  Build: 1002
  SpecialBuildName: ""
  ptArchitecture: x86_64_linux
Results:
  Results Complete: true
  NumTestProcesses: 128
  CPU_INTEGER_MATH: 772832.91733333375
  CPU_FLOATINGPOINT_MATH: 681417.26765335887
  CPU_PRIME: 2294.6772588669023
  CPU_SORTING: 440406.98751392786
  CPU_ENCRYPTION: 166619.64629626216
  CPU_COMPRESSION: 3057053.0558108878
  CPU_SINGLETHREAD: 2887.8969693929566
  CPU_PHYSICS: 30576.383733921059
  CPU_MATRIX_MULT_SSE: 242999.68692891151
  CPU_mm: 27477.870232334084
  CPU_sse: 116316.4309092935
  CPU_fma: 315287.7490514188
  CPU_avx: 270368.75487155479
  CPU_avx512: 270025.81288337859
  m_CPU_enc_SHA: 230862578526.68015
  m_CPU_enc_AES: 146466897146.48059
  m_CPU_enc_ECDSA: 146810611031.08783
  ME_ALLOC_S: 31870.762917757173
  ME_READ_S: 27815.113867187501
  ME_READ_L: 26987.5625
  ME_WRITE: 26306.826171875
  ME_LARGE: 238482.75
  ME_LATENCY: 77.483047851999729
  ME_THREADED: 710182.1865234375
  SUMM_CPU: 128733.17840999198
  SUMM_ME: 2862.9852975240128
SystemInformation:
  OSName: Ubuntu 24.04.1 LTS
  Kernel: 6.8.0-1016-aws
  Device: ""
  Processor: AMD EPYC 9R14
  NumSockets: 2
  Manufacturer: AuthenticAMD
  NumCores: 128
  NumLogicals: 128
  CPUFrequency: 0
  Memory: 252443
  MemModuleInfo:
    iNumMemSticks: 2
    DIMM 1:
      manufacturer: Not Specified
      modulePartNo: Not Specified
      memType: DDR5
      size: 128
      clkspeed: 2400
      moduleVoltage: 0
    DIMM 2:
      manufacturer: Not Specified
      modulePartNo: Not Specified
      memType: DDR5
      size: 128
      clkspeed: 2400
      moduleVoltage: 0
Checksum: 80E598BD236BFAA5F8F81057A7C5512254B9E79A