BaselineInfo:
  WebDBID: -1
  TimeStamp: 20241109155445
Version:
  Major: 11
  Minor: 0
  Build: 1002
  SpecialBuildName: ""
  ptArchitecture: x86_64_linux
Results:
  Results Complete: true
  NumTestProcesses: 48
  CPU_INTEGER_MATH: 136342.03366666668
  CPU_FLOATINGPOINT_MATH: 73008.396894775651
  CPU_PRIME: 154.70294830093633
  CPU_SORTING: 68706.245224304745
  CPU_ENCRYPTION: 18552.900785761907
  CPU_COMPRESSION: 598131.11593186238
  CPU_SINGLETHREAD: 1947.9736408915794
  CPU_PHYSICS: 2350.2241660768545
  CPU_MATRIX_MULT_SSE: 37052.479842362984
  CPU_mm: 4139.6665761389841
  CPU_sse: 14928.922557575004
  CPU_fma: 43983.320714548616
  CPU_avx: 31073.518900740473
  CPU_avx512: 58224.157196587868
  m_CPU_enc_SHA: 6129865348.2695704
  m_CPU_enc_AES: 46751637632.271584
  m_CPU_enc_ECDSA: 5480876502.4520636
  ME_ALLOC_S: 14837.957895187523
  ME_READ_S: 23570.589453125001
  ME_READ_L: 10414.2353515625
  ME_WRITE: 9794.77734375
  ME_LARGE: 370755.25
  ME_LATENCY: 57.475866198659048
  ME_THREADED: 98683.287841796875
  SUMM_CPU: 34377.862538768473
  SUMM_ME: 2530.3916971439749
SystemInformation:
  OSName: Ubuntu 24.04.1 LTS
  Kernel: 6.8.0-1016-aws
  Device: ""
  Processor: Intel Xeon Platinum 8259CL CPU @ 2.50GHz
  NumSockets: 1
  Manufacturer: GenuineIntel
  NumCores: 24
  NumLogicals: 48
  CPUFrequency: 0
  Memory: 382684
  MemModuleInfo:
    iNumMemSticks: 1
    DIMM 1:
      manufacturer: Not Specified
      modulePartNo: Not Specified
      memType: DDR4
      size: 384
      clkspeed: 1600
      moduleVoltage: 0
Checksum: A45F9FF58703E234C341664A116C8959561CF15B