BaselineInfo:
  WebDBID: -1
  TimeStamp: 20241111130532
Version:
  Major: 11
  Minor: 0
  Build: 1002
  SpecialBuildName: ""
  ptArchitecture: x86_64_linux
Results:
  Results Complete: true
  NumTestProcesses: 48
  CPU_INTEGER_MATH: 136282.79599999997
  CPU_FLOATINGPOINT_MATH: 73010.903298878606
  CPU_PRIME: 174.69221761615032
  CPU_SORTING: 69128.993602867107
  CPU_ENCRYPTION: 18577.665190045343
  CPU_COMPRESSION: 590495.97005632648
  CPU_SINGLETHREAD: 1943.6821984614496
  CPU_PHYSICS: 2563.1773207105111
  CPU_MATRIX_MULT_SSE: 37005.181702191992
  CPU_mm: 4139.2682487649208
  CPU_sse: 14814.938869875607
  CPU_fma: 43975.528540684776
  CPU_avx: 31070.540074299777
  CPU_avx512: 58159.719323907775
  m_CPU_enc_SHA: 6128092226.8303394
  m_CPU_enc_AES: 46833758427.307541
  m_CPU_enc_ECDSA: 5478430908.8130703
  ME_ALLOC_S: 15594.921769882225
  ME_READ_S: 23191.075781250001
  ME_READ_L: 10071.8974609375
  ME_WRITE: 9847.447265625
  ME_LARGE: 371076.33333333331
  ME_LATENCY: 52.902052853918519
  ME_THREADED: 114010.205078125
  SUMM_CPU: 34689.112391931463
  SUMM_ME: 2606.2308594161277
SystemInformation:
  OSName: Ubuntu 24.04.1 LTS
  Kernel: 6.8.0-1016-aws
  Device: ""
  Processor: Intel Xeon Platinum 8259CL CPU @ 2.50GHz
  NumSockets: 1
  Manufacturer: GenuineIntel
  NumCores: 24
  NumLogicals: 48
  CPUFrequency: 0
  Memory: 382684
  MemModuleInfo:
    iNumMemSticks: 1
    DIMM 1:
      manufacturer: Not Specified
      modulePartNo: Not Specified
      memType: DDR4
      size: 384
      clkspeed: 1466
      moduleVoltage: 0
Checksum: 40BB384780FE3B137959F248C4057437C1CE25FD