---
system-info:
      stress-ng-version: 0.17.08
      run-by: root
      date-yyyy-mm-dd: 2024:06:06
      time-hh-mm-ss: 21:55:40
      epoch-secs: 1717710940
      hostname: 51a0ad5d28f7
      sysname: Linux
      nodename: 51a0ad5d28f7
      release: 6.8.0-1008-aws
      version: '#8-Ubuntu SMP Sat Apr 20 00:46:25 UTC 2024'
      machine: x86_64
      compiler: 'musl-gcc 13.2.1'
      uptime: 138
      totalram: 803068563456
      freeram: 797301374976
      sharedram: 78643200
      bufferram: 89272320
      totalswap: 0
      freeswap: 0
      pagesize: 4096
      cpus: 96
      cpus-online: 96
      ticks-per-second: 100

metrics:
    - stressor: cpu
      bogo-ops: 15029
      bogo-ops-per-second-usr-sys-time: 1502.735601
      bogo-ops-per-second-real-time: 1502.747013
      wall-clock-time: 10.001018
      user-time: 10.000094
      system-time: 0.001000
      cpu-usage-per-instance: 100.000759
      max-rss: 3072

...
