---
system-info:
      stress-ng-version: 0.17.08
      run-by: root
      date-yyyy-mm-dd: 2024:06:16
      time-hh-mm-ss: 09:43:56
      epoch-secs: 1718531036
      hostname: 6840d8526d70
      sysname: Linux
      nodename: 6840d8526d70
      release: 6.8.0-1008-aws
      version: '#8-Ubuntu SMP Sat Apr 20 00:46:25 UTC 2024'
      machine: x86_64
      compiler: 'musl-gcc 13.2.1'
      uptime: 157
      totalram: 803068583936
      freeram: 797319856128
      sharedram: 78643200
      bufferram: 113594368
      totalswap: 0
      freeswap: 0
      pagesize: 4096
      cpus: 96
      cpus-online: 96
      ticks-per-second: 100

metrics:
    - stressor: cpu
      bogo-ops: 27600
      bogo-ops-per-second-usr-sys-time: 1380.008901
      bogo-ops-per-second-real-time: 1379.997401
      wall-clock-time: 20.000038
      user-time: 19.999871
      system-time: 0.000000
      cpu-usage-per-instance: 99.999167
      max-rss: 0

...
