BaselineInfo:
  WebDBID: -1
  TimeStamp: 20260404143215
Version:
  Major: 11
  Minor: 0
  Build: 1004
  SpecialBuildName: ""
  ptArchitecture: x86_64_linux
Results:
  Results Complete: true
  NumTestProcesses: 8
  CPU_INTEGER_MATH: 19636.825000000001
  CPU_FLOATINGPOINT_MATH: 10553.937762459329
  CPU_PRIME: 43.39552401642252
  CPU_SORTING: 12115.930312972874
  CPU_ENCRYPTION: 2722.8025123018606
  CPU_COMPRESSION: 91598.575398755362
  CPU_SINGLETHREAD: 1683.0400247065811
  CPU_PHYSICS: 762.17238759181146
  CPU_MATRIX_MULT_SSE: 6054.5020792157875
  CPU_mm: 598.89964764282502
  CPU_sse: 2122.3259587578109
  CPU_fma: 7306.843159656366
  CPU_avx: 5165.2012523128551
  CPU_avx512: 9623.6379461361157
  m_CPU_enc_SHA: 889040225.06050658
  m_CPU_enc_AES: 6868881456.4298649
  m_CPU_enc_ECDSA: 807274419.92793524
  ME_ALLOC_S: 2210.7283452884953
  ME_READ_S: 19365.170117187499
  ME_READ_L: 6403.27294921875
  ME_WRITE: 6633.458984375
  ME_LARGE: 18853.083333333332
  ME_LATENCY: 76.040735306518172
  ME_THREADED: 37457.08642578125
  SUMM_CPU: 6995.6652691160862
  SUMM_ME: 1670.7124679047038
SystemInformation:
  OSName: Ubuntu 24.04.4 LTS
  Kernel: 6.8.0-106-generic
  Device: ""
  Processor: Intel(R) Xeon(R) Platinum 8269CY CPU @ 2.50GHz
  NumSockets: 1
  Manufacturer: GenuineIntel
  NumCores: 4
  NumLogicals: 8
  CPUFrequency: 2500
  CPUMaxFrequency: 3800
  Memory: 31711
  CPUInfo:
    number: 1
    Family: 6
    Model: 5
    stepping: 7
    features: 529267711
    manufacture: GenuineIntel
    typestring: Intel(R) Xeon(R) Platinum 8269CY CPU @ 2.50GHz
    iCoresPerPackage: 4
    iThreadsPerPackage: 2
    featuresEx:
      - 529267711
      - 4294586883
      - 739248128
    bHybrid: false
    nPCore: 0
    nLogicalsPerPCore: 0
    nECore: 0
    nLogicalsPerECore: 0
  MemModuleInfo:
    iNumMemSticks: 2
    DIMM 1:
      manufacturer: Alibaba Cloud
      modulePartNo: Not Specified
      memType: RAM
      size: 16
      clkspeed: 0
      moduleVoltage: 0
    DIMM 2:
      manufacturer: Alibaba Cloud
      modulePartNo: Not Specified
      memType: RAM
      size: 16
      clkspeed: 0
      moduleVoltage: 0
Checksum: FDE341A862E2095BB0B6193C888911400211F6D8