---
system-info:
      stress-ng-version: 0.17.08
      run-by: root
      date-yyyy-mm-dd: 2024:06:19
      time-hh-mm-ss: 15:36:20
      epoch-secs: 1718811380
      hostname: d2eae3e031d1
      sysname: Linux
      nodename: d2eae3e031d1
      release: 6.8.0-1008-gcp
      version: '#9-Ubuntu SMP Wed May 22 18:09:04 UTC 2024'
      machine: x86_64
      compiler: 'musl-gcc 13.2.1'
      uptime: 161
      totalram: 33653624832
      freeram: 28658319360
      sharedram: 34975744
      bufferram: 128630784
      totalswap: 0
      freeswap: 0
      pagesize: 4096
      cpus: 4
      cpus-online: 4
      ticks-per-second: 100

metrics:
    - stressor: cpu
      bogo-ops: 58533
      bogo-ops-per-second-usr-sys-time: 2926.692144
      bogo-ops-per-second-real-time: 2926.638801
      wall-clock-time: 20.000077
      user-time: 19.999712
      system-time: 0.000000
      cpu-usage-per-instance: 99.998177
      max-rss: 1104

...
