BaselineInfo:
  WebDBID: -1
  TimeStamp: 20241110060358
Version:
  Major: 11
  Minor: 0
  Build: 1002
  SpecialBuildName: ""
  ptArchitecture: x86_64_linux
Results:
  Results Complete: true
  NumTestProcesses: 32
  CPU_INTEGER_MATH: 132253.02533333335
  CPU_FLOATINGPOINT_MATH: 70846.052873901353
  CPU_PRIME: 174.31278276588961
  CPU_SORTING: 65854.483489501712
  CPU_ENCRYPTION: 18211.775232613709
  CPU_COMPRESSION: 576780.87509072141
  CPU_SINGLETHREAD: 2645.5360312988614
  CPU_PHYSICS: 3401.3166813935309
  CPU_MATRIX_MULT_SSE: 35090.416109636186
  CPU_mm: 4014.830686181097
  CPU_sse: 14437.655437049309
  CPU_fma: 41394.061918237916
  CPU_avx: 29183.685667124915
  CPU_avx512: 55346.261416132598
  m_CPU_enc_SHA: 5968793264.6779575
  m_CPU_enc_AES: 45984767973.95134
  m_CPU_enc_ECDSA: 5335730040.3101616
  ME_ALLOC_S: 13398.650549587506
  ME_READ_S: 30521.516992187499
  ME_READ_L: 10787.5615234375
  ME_WRITE: 10353.5859375
  ME_LARGE: 1009135.25
  ME_LATENCY: 51.05782256211122
  ME_THREADED: 166716.19140625
  SUMM_CPU: 36745.160968503085
  SUMM_ME: 2872.2486817529207
SystemInformation:
  OSName: Ubuntu 24.04.1 LTS
  Kernel: 6.8.0-1016-aws
  Device: ""
  Processor: Intel Xeon Platinum 8252C CPU @ 3.80GHz
  NumSockets: 2
  Manufacturer: GenuineIntel
  NumCores: 16
  NumLogicals: 32
  CPUFrequency: 0
  Memory: 1021187
  MemModuleInfo:
    iNumMemSticks: 2
    DIMM 1:
      manufacturer: Not Specified
      modulePartNo: Not Specified
      memType: DDR4
      size: 512
      clkspeed: 1600
      moduleVoltage: 0
    DIMM 2:
      manufacturer: Not Specified
      modulePartNo: Not Specified
      memType: DDR4
      size: 512
      clkspeed: 1600
      moduleVoltage: 0
Checksum: 4170A39B3B9FCF49104B46F821159D4FA7EB543C