BaselineInfo:
  WebDBID: -1
  TimeStamp: 20250614095450
Version:
  Major: 11
  Minor: 0
  Build: 1002
  SpecialBuildName: ""
  ptArchitecture: x86_64_linux
Results:
  Results Complete: true
  NumTestProcesses: 16
  CPU_INTEGER_MATH: 75953.101999999999
  CPU_FLOATINGPOINT_MATH: 42473.494811825847
  CPU_PRIME: 116.7503157780623
  CPU_SORTING: 44823.74488392628
  CPU_ENCRYPTION: 19281.790730591623
  CPU_COMPRESSION: 309684.57238898665
  CPU_SINGLETHREAD: 2903.1021919470777
  CPU_PHYSICS: 2219.1952852170161
  CPU_MATRIX_MULT_SSE: 21923.444188933601
  CPU_mm: 2034.3080140286697
  CPU_sse: 8973.2518766861594
  CPU_fma: 28093.741618990633
  CPU_avx: 23198.433467891486
  CPU_avx512: 27428.34979216614
  m_CPU_enc_SHA: 26955859976.386604
  m_CPU_enc_AES: 18293897311.754345
  m_CPU_enc_ECDSA: 15405511703.221573
  ME_ALLOC_S: 7050.7257812514044
  ME_READ_S: 27834.683007812499
  ME_READ_L: 26038.36328125
  ME_WRITE: 25511.94921875
  ME_LARGE: 119076.25
  ME_LATENCY: 80.010080419201344
  ME_THREADED: 37858.48583984375
  SUMM_CPU: 26143.41279245296
  SUMM_ME: 2535.503458207962
SystemInformation:
  OSName: Ubuntu 24.04.2 LTS
  Kernel: 6.11.0-1015-azure
  Device: ""
  Processor: AMD EPYC 9V74 80-Core Processor
  NumSockets: 1
  Manufacturer: AuthenticAMD
  NumCores: 8
  NumLogicals: 16
  CPUFrequency: 0
  Memory: 128814
  MemModuleInfo:
    iNumMemSticks: 3
    DIMM 1:
      manufacturer: Microsoft Corporation
      modulePartNo: None
      memType: Unknown
      size: 1
      clkspeed: 0
      moduleVoltage: 0
    DIMM 2:
      manufacturer: Microsoft Corporation
      modulePartNo: None
      memType: Unknown
      size: 59
      clkspeed: 0
      moduleVoltage: 0
    DIMM 3:
      manufacturer: Microsoft Corporation
      modulePartNo: None
      memType: Unknown
      size: 68
      clkspeed: 0
      moduleVoltage: 0
Checksum: 3FF5CEA352DDBFBF4D929620E96025A3A04EB6CC