BaselineInfo:
  WebDBID: -1
  TimeStamp: 20241114171645
Version:
  Major: 11
  Minor: 0
  Build: 1002
  SpecialBuildName: ""
  ptArchitecture: aarch64_linux
Results:
  Results Complete: true
  NumTestProcesses: 1
  CPU_INTEGER_MATH: 3883.5816666666665
  CPU_FLOATINGPOINT_MATH: 2951.5085559220074
  CPU_PRIME: 8.2527171404819661
  CPU_SORTING: 2721.1616038054162
  CPU_ENCRYPTION: 132.009561912479
  CPU_COMPRESSION: 4099.8807364737731
  CPU_SINGLETHREAD: 997.32916610937309
  CPU_PHYSICS: 174.92017115010415
  CPU_MATRIX_MULT_SSE: 613.25971199771345
  CPU_mm: 102.69189473413242
  CPU_sse: 511.48737819646408
  CPU_fma: 715.03204579896283
  CPU_avx: 0
  CPU_avx512: 0
  m_CPU_enc_SHA: 199007761.07577473
  m_CPU_enc_AES: 92473569.430306584
  m_CPU_enc_ECDSA: 123784844.66973741
  ME_ALLOC_S: 633.12351649599498
  ME_READ_S: 9303.5101562500004
  ME_READ_L: 8946.705078125
  ME_WRITE: 12330.1337890625
  ME_LARGE: 594.83333333333337
  ME_LATENCY: 72.307064568777761
  ME_THREADED: 9007.3916015625
  SUMM_CPU: 656.69381719698754
  SUMM_ME: 767.79631764843054
SystemInformation:
  OSName: Ubuntu 24.04.1 LTS
  Kernel: 6.8.0-1018-aws
  Device: ""
  Processor: ARM Neoverse-N1 1 Core 0 MHz
  NumSockets: 1
  Manufacturer: ARM
  NumCores: 1
  NumLogicals: 1
  CPUFrequency: 0
  Memory: 1831
Checksum: DD71BF6FE6745D91889987591E56B88070235A33