BaselineInfo:
  WebDBID: -1
  TimeStamp: 20241115095256
Version:
  Major: 11
  Minor: 0
  Build: 1002
  SpecialBuildName: ""
  ptArchitecture: aarch64_linux
Results:
  Results Complete: true
  NumTestProcesses: 1
  CPU_INTEGER_MATH: 3889.7586666666666
  CPU_FLOATINGPOINT_MATH: 2953.0451352499499
  CPU_PRIME: 8.4061844731382749
  CPU_SORTING: 2751.542341734711
  CPU_ENCRYPTION: 131.5854008460966
  CPU_COMPRESSION: 4105.0396853133097
  CPU_SINGLETHREAD: 997.11814531598645
  CPU_PHYSICS: 177.11974447111587
  CPU_MATRIX_MULT_SSE: 612.27335239510455
  CPU_mm: 103.0362401283483
  CPU_sse: 510.03705697536105
  CPU_fma: 714.50964781484811
  CPU_avx: 0
  CPU_avx512: 0
  m_CPU_enc_SHA: 198916605.94245869
  m_CPU_enc_AES: 92450999.63317351
  m_CPU_enc_ECDSA: 122564274.25715755
  ME_ALLOC_S: 633.46902175731964
  ME_READ_S: 9306.662109375
  ME_READ_L: 8990.255859375
  ME_WRITE: 12342.119140625
  ME_LARGE: 542.41666666666663
  ME_LATENCY: 72.267383648691961
  ME_THREADED: 9022.193359375
  SUMM_CPU: 656.76920351258366
  SUMM_ME: 738.63089344191019
SystemInformation:
  OSName: Ubuntu 24.04.1 LTS
  Kernel: 6.8.0-1018-aws
  Device: ""
  Processor: ARM Neoverse-N1 1 Core 0 MHz
  NumSockets: 1
  Manufacturer: ARM
  NumCores: 1
  NumLogicals: 1
  CPUFrequency: 0
  Memory: 1831
Checksum: CF2AE8F25255594D63A5D7C3362431A238D37B7B