BaselineInfo:
  WebDBID: -1
  TimeStamp: 20241106221806
Version:
  Major: 11
  Minor: 0
  Build: 1002
  SpecialBuildName: ""
  ptArchitecture: aarch64_linux
Results:
  Results Complete: true
  NumTestProcesses: 1
  CPU_INTEGER_MATH: 3872.6003333333333
  CPU_FLOATINGPOINT_MATH: 2955.56998128139
  CPU_PRIME: 8.1103281442129678
  CPU_SORTING: 2729.2129548274411
  CPU_ENCRYPTION: 131.92956898706601
  CPU_COMPRESSION: 4098.6710680716906
  CPU_SINGLETHREAD: 990.31019682285796
  CPU_PHYSICS: 169.602853398783
  CPU_MATRIX_MULT_SSE: 614.21961062792354
  CPU_mm: 102.59335841375638
  CPU_sse: 514.19266726976957
  CPU_fma: 714.24655398607752
  CPU_avx: 0
  CPU_avx512: 0
  m_CPU_enc_SHA: 198185962.66506872
  m_CPU_enc_AES: 92279641.411199585
  m_CPU_enc_ECDSA: 124548935.1142769
  ME_ALLOC_S: 635.35888939956078
  ME_READ_S: 9293.9091796875
  ME_READ_L: 8947.208984375
  ME_WRITE: 12327.9765625
  ME_LARGE: 536.33333333333337
  ME_LATENCY: 73.330476949461925
  ME_THREADED: 8974.0625
  SUMM_CPU: 656.02517785118425
  SUMM_ME: 732.6555183347873
SystemInformation:
  OSName: Ubuntu 24.04.1 LTS
  Kernel: 6.8.0-1016-aws
  Device: ""
  Processor: ARM Neoverse-N1 1 Core 0 MHz
  NumSockets: 1
  Manufacturer: ARM
  NumCores: 1
  NumLogicals: 1
  CPUFrequency: 0
  Memory: 1831
Checksum: 3932416B64BD2BF45D09D8B75E0692157FC95D70