size_kb,operation,bandwidth_mb_s,latency_ns,latency_stddev_ns,latency_samples,threads,iterations,elapsed_s
32,read,6502003.90,0,0,0,96,373134,0.172163
32,write,7623637.01,0,0,0,96,582750,0.229320
32,copy,5368117.64,0,0,0,96,270270,0.151042
32,latency,0,2.15,0.00,7,1,7,0.308700
128,read,5411441.74,0,0,0,96,134048,0.297255
128,write,6785993.28,0,0,0,96,164149,0.290273
128,copy,4079810.38,0,0,0,96,101916,0.299767
128,latency,0,2.86,0.00,7,1,7,0.654776
1024,read,4810992.65,0,0,0,96,16830,0.335831
1024,write,6757743.35,0,0,0,96,20889,0.296748
1024,copy,1364725.04,0,0,0,96,12629,0.888372
1024,latency,0,5.65,0.01,7,1,7,0.699953
2048,read,1760183.30,0,0,0,96,5891,0.642588
2048,write,2560967.79,0,0,0,96,10292,0.771608
2048,copy,391315.11,0,0,0,96,3594,1.763408
2048,latency,0,11.01,0.04,7,1,7,0.673831
4096,read,834547.40,0,0,0,96,2058,0.946947
4096,write,844978.75,0,0,0,96,4777,2.170904
4096,copy,269155.92,0,0,0,96,1691,2.412520
4096,latency,0,19.20,0.04,7,1,7,0.691645
8192,read,583262.12,0,0,0,96,1014,1.335166
8192,write,554094.15,0,0,0,96,2139,2.964752
8192,copy,227517.36,0,0,0,96,839,2.832100
8192,latency,0,24.09,0.02,7,1,7,0.673339
16384,read,513973.45,0,0,0,96,486,1.452402
16384,write,466399.36,0,0,0,96,1068,3.517260
16384,copy,211555.38,0,0,0,96,404,2.933246
16384,latency,0,26.26,0.03,7,1,7,0.698074
32768,read,488109.58,0,0,0,96,208,1.309083
32768,write,427096.75,0,0,0,96,508,3.653917
32768,copy,211536.04,0,0,0,96,213,3.093260
32768,latency,0,30.36,0.35,7,1,7,0.738606
65536,read,475511.90,0,0,0,96,124,1.602181
65536,write,419483.36,0,0,0,96,257,3.764173
65536,copy,211821.20,0,0,0,96,106,3.074593
65536,latency,0,76.50,1.46,7,1,7,3.481861
131072,read,469667.31,0,0,0,96,62,1.622118
131072,write,419194.17,0,0,0,96,126,3.693487
131072,copy,211694.28,0,0,0,96,53,3.076437
131072,latency,0,98.23,0.48,7,1,7,8.819574
