---
system-info:
      stress-ng-version: 0.17.08
      run-by: root
      date-yyyy-mm-dd: 2024:06:16
      time-hh-mm-ss: 03:23:05
      epoch-secs: 1718508185
      hostname: d88337e17854
      sysname: Linux
      nodename: d88337e17854
      release: 6.8.0-1008-aws
      version: '#8-Ubuntu SMP Sat Apr 20 02:43:14 UTC 2024'
      machine: aarch64
      compiler: 'musl-gcc 13.2.1'
      uptime: 141
      totalram: 16435830784
      freeram: 12194426880
      sharedram: 35024896
      bufferram: 107651072
      totalswap: 0
      freeswap: 0
      pagesize: 4096
      cpus: 2
      cpus-online: 2
      ticks-per-second: 100

metrics:
    - stressor: cpu
      bogo-ops: 60941
      bogo-ops-per-second-usr-sys-time: 1531.819150
      bogo-ops-per-second-real-time: 3047.035362
      wall-clock-time: 20.000096
      user-time: 39.780422
      system-time: 0.002995
      cpu-usage-per-instance: 99.458065
      max-rss: 1192

...
