---
system-info:
      stress-ng-version: 0.17.08
      run-by: root
      date-yyyy-mm-dd: 2024:06:09
      time-hh-mm-ss: 22:54:55
      epoch-secs: 1717973695
      hostname: acd67e10e8c6
      sysname: Linux
      nodename: acd67e10e8c6
      release: 6.8.0-1008-aws
      version: '#8-Ubuntu SMP Sat Apr 20 02:43:14 UTC 2024'
      machine: aarch64
      compiler: 'musl-gcc 13.2.1'
      uptime: 114
      totalram: 16435826688
      freeram: 11955916800
      sharedram: 35024896
      bufferram: 112017408
      totalswap: 0
      freeswap: 0
      pagesize: 4096
      cpus: 2
      cpus-online: 2
      ticks-per-second: 100

metrics:
    - stressor: cpu
      bogo-ops: 8492
      bogo-ops-per-second-usr-sys-time: 425.635870
      bogo-ops-per-second-real-time: 846.263262
      wall-clock-time: 10.034702
      user-time: 19.948334
      system-time: 0.002992
      cpu-usage-per-instance: 99.411648
      max-rss: 4136

...
