---
system-info:
      stress-ng-version: 0.17.08
      run-by: root
      date-yyyy-mm-dd: 2024:07:02
      time-hh-mm-ss: 21:25:40
      epoch-secs: 1719955540
      hostname: n4-standard-48-d5a218d
      sysname: Linux
      nodename: n4-standard-48-d5a218d
      release: 6.8.0-1009-gcp
      version: '#10-Ubuntu SMP Wed Jun 12 18:52:23 UTC 2024'
      machine: x86_64
      compiler: 'musl-gcc 13.2.1'
      uptime: 116
      totalram: 202597765120
      freeram: 196897669120
      sharedram: 274427904
      bufferram: 128790528
      totalswap: 0
      freeswap: 0
      pagesize: 4096
      cpus: 48
      cpus-online: 48
      ticks-per-second: 100

metrics:
    - stressor: cpu
      bogo-ops: 848713
      bogo-ops-per-second-usr-sys-time: 884.378188
      bogo-ops-per-second-real-time: 42435.470332
      wall-clock-time: 20.000085
      user-time: 959.647030
      system-time: 0.024988
      cpu-usage-per-instance: 99.965412
      max-rss: 1152

...
