BaselineInfo:
  WebDBID: -1
  TimeStamp: 20241110062031
Version:
  Major: 11
  Minor: 0
  Build: 1002
  SpecialBuildName: ""
  ptArchitecture: x86_64_linux
Results:
  Results Complete: true
  NumTestProcesses: 96
  CPU_INTEGER_MATH: 272410.95399999991
  CPU_FLOATINGPOINT_MATH: 145903.89166198418
  CPU_PRIME: 347.00724112002854
  CPU_SORTING: 136784.7827804751
  CPU_ENCRYPTION: 37176.131691362643
  CPU_COMPRESSION: 1179417.8495991556
  CPU_SINGLETHREAD: 1955.5698883021375
  CPU_PHYSICS: 5104.7040876808514
  CPU_MATRIX_MULT_SSE: 74190.232139631175
  CPU_mm: 8284.6804182203978
  CPU_sse: 29313.294480374545
  CPU_fma: 87915.389603986943
  CPU_avx: 61986.933570876936
  CPU_avx512: 117545.3109032863
  m_CPU_enc_SHA: 12257918518.54129
  m_CPU_enc_AES: 93725918553.75708
  m_CPU_enc_ECDSA: 10962161320.90848
  ME_ALLOC_S: 21671.549845533289
  ME_READ_S: 23441.823828125001
  ME_READ_L: 10415.9755859375
  ME_WRITE: 10073.2998046875
  ME_LARGE: 751672.33333333337
  ME_LATENCY: 53.032195673118274
  ME_THREADED: 217909.26586914062
  SUMM_CPU: 55799.9226053452
  SUMM_ME: 2679.9184047174144
SystemInformation:
  OSName: Ubuntu 24.04.1 LTS
  Kernel: 6.8.0-1016-aws
  Device: ""
  Processor: Intel Xeon Platinum 8259CL CPU @ 2.50GHz
  NumSockets: 2
  Manufacturer: GenuineIntel
  NumCores: 48
  NumLogicals: 96
  CPUFrequency: 0
  Memory: 765865
  MemModuleInfo:
    iNumMemSticks: 2
    DIMM 1:
      manufacturer: Not Specified
      modulePartNo: Not Specified
      memType: DDR4
      size: 384
      clkspeed: 1466
      moduleVoltage: 0
    DIMM 2:
      manufacturer: Not Specified
      modulePartNo: Not Specified
      memType: DDR4
      size: 384
      clkspeed: 1466
      moduleVoltage: 0
Checksum: 7B8956CAE26227238820289DF43321E58F043944