BaselineInfo:
  WebDBID: -1
  TimeStamp: 20241109135133
Version:
  Major: 11
  Minor: 0
  Build: 1002
  SpecialBuildName: ""
  ptArchitecture: x86_64_linux
Results:
  Results Complete: true
  NumTestProcesses: 64
  CPU_INTEGER_MATH: 268504.74699999997
  CPU_FLOATINGPOINT_MATH: 137266.81433742732
  CPU_PRIME: 263.98658484389762
  CPU_SORTING: 122638.92168204143
  CPU_ENCRYPTION: 56252.888594946504
  CPU_COMPRESSION: 951022.03860232746
  CPU_SINGLETHREAD: 2423.7237920325642
  CPU_PHYSICS: 4149.015528736325
  CPU_MATRIX_MULT_SSE: 53508.66937658684
  CPU_mm: 5567.6827817110207
  CPU_sse: 23561.018092294049
  CPU_fma: 62531.628661429851
  CPU_avx: 48394.443814449864
  CPU_avx512: 79547.58693817367
  m_CPU_enc_SHA: 57765905685.04734
  m_CPU_enc_AES: 84330027161.046707
  m_CPU_enc_ECDSA: 34860353887.90992
  ME_ALLOC_S: 26275.833020551156
  ME_READ_S: 24181.189453125
  ME_READ_L: 11830.57421875
  ME_WRITE: 10566.00390625
  ME_LARGE: 114560.58333333333
  ME_LATENCY: 58.499740178843126
  ME_THREADED: 165156.33203125
  SUMM_CPU: 57561.787076097971
  SUMM_ME: 2641.6540156502142
SystemInformation:
  OSName: Ubuntu 24.04.1 LTS
  Kernel: 6.8.0-1016-aws
  Device: ""
  Processor: Intel Xeon Platinum 8375C CPU @ 2.90GHz
  NumSockets: 1
  Manufacturer: GenuineIntel
  NumCores: 32
  NumLogicals: 64
  CPUFrequency: 0
  Memory: 126743
  MemModuleInfo:
    iNumMemSticks: 1
    DIMM 1:
      manufacturer: Not Specified
      modulePartNo: Not Specified
      memType: DDR4
      size: 128
      clkspeed: 1600
      moduleVoltage: 0
Checksum: 427DE393836BB2990DA0E6B3B464513CB19F15BC