BaselineInfo:
  WebDBID: -1
  TimeStamp: 20251006230641
Version:
  Major: 11
  Minor: 0
  Build: 1002
  SpecialBuildName: ""
  ptArchitecture: x86_64_linux
Results:
  Results Complete: true
  NumTestProcesses: 32
  CPU_INTEGER_MATH: 165317.39400000003
  CPU_FLOATINGPOINT_MATH: 119771.74310012518
  CPU_PRIME: 352.45993736159329
  CPU_SORTING: 83821.442068625634
  CPU_ENCRYPTION: 36151.654737706536
  CPU_COMPRESSION: 636882.07904901926
  CPU_SINGLETHREAD: 3261.6494201519504
  CPU_PHYSICS: 6612.9956835689418
  CPU_MATRIX_MULT_SSE: 45002.824651531708
  CPU_mm: 4808.7902945914484
  CPU_sse: 20035.503051383028
  CPU_fma: 52265.65034400297
  CPU_avx: 41554.913769018145
  CPU_avx512: 66155.231441722644
  m_CPU_enc_SHA: 38346985842.858025
  m_CPU_enc_AES: 50138565192.217575
  m_CPU_enc_ECDSA: 25237721519.660454
  ME_ALLOC_S: 16206.593377442265
  ME_READ_S: 29019.198437499999
  ME_READ_L: 10459.4228515625
  ME_WRITE: 10915.4306640625
  ME_LARGE: 52668.75
  ME_LATENCY: 75.022272372426343
  ME_THREADED: 164048.0458984375
  SUMM_CPU: 51553.16725828738
  SUMM_ME: 2341.9105486780072
SystemInformation:
  OSName: Ubuntu 24.04.2 LTS
  Kernel: 6.14.0-1014-aws
  Device: ""
  Processor: Intel Xeon 6975P-C
  NumSockets: 1
  Manufacturer: GenuineIntel
  NumCores: 16
  NumLogicals: 32
  CPUFrequency: 0
  Memory: 63252
  MemModuleInfo:
    iNumMemSticks: 1
    DIMM 1:
      manufacturer: Not Specified
      modulePartNo: Not Specified
      memType: DDR5
      size: 64
      clkspeed: 3600
      moduleVoltage: 0
Checksum: A6F8414AD2832B3FF4FA9CFDF043C06F8BB9236C