BaselineInfo:
  WebDBID: -1
  TimeStamp: 20241109070346
Version:
  Major: 11
  Minor: 0
  Build: 1002
  SpecialBuildName: ""
  ptArchitecture: x86_64_linux
Results:
  Results Complete: true
  NumTestProcesses: 16
  CPU_INTEGER_MATH: 66477.418333333335
  CPU_FLOATINGPOINT_MATH: 36537.995502338425
  CPU_PRIME: 102.01576590177905
  CPU_SORTING: 35243.948622301563
  CPU_ENCRYPTION: 17124.773380910578
  CPU_COMPRESSION: 252753.34329405476
  CPU_SINGLETHREAD: 2407.322216176166
  CPU_PHYSICS: 2018.3931259080327
  CPU_MATRIX_MULT_SSE: 14939.570633550642
  CPU_mm: 1798.1765225308288
  CPU_sse: 7633.6811485413309
  CPU_fma: 20835.424943702103
  CPU_avx: 16349.605808408493
  CPU_avx512: 0
  m_CPU_enc_SHA: 24836684894.240376
  m_CPU_enc_AES: 15881051656.588991
  m_CPU_enc_ECDSA: 13152142567.155708
  ME_ALLOC_S: 7023.896792677926
  ME_READ_S: 24456.907617187499
  ME_READ_L: 20766.830078125
  ME_WRITE: 19992.498046875
  ME_LARGE: 505321.83333333331
  ME_LATENCY: 62.494003004882067
  ME_THREADED: 39066.2822265625
  SUMM_CPU: 21594.432218971477
  SUMM_ME: 2758.6138145727464
SystemInformation:
  OSName: Ubuntu 24.04.1 LTS
  Kernel: 6.8.0-1017-azure
  Device: ""
  Processor: AMD EPYC 7763 64-Core Processor
  NumSockets: 1
  Manufacturer: AuthenticAMD
  NumCores: 8
  NumLogicals: 16
  CPUFrequency: 0
  Memory: 515785
  MemModuleInfo:
    iNumMemSticks: 3
    DIMM 1:
      manufacturer: Microsoft Corporation
      modulePartNo: None
      memType: Unknown
      size: 1
      clkspeed: 0
      moduleVoltage: 0
    DIMM 2:
      manufacturer: Microsoft Corporation
      modulePartNo: None
      memType: Unknown
      size: 59
      clkspeed: 0
      moduleVoltage: 0
    DIMM 3:
      manufacturer: Microsoft Corporation
      modulePartNo: None
      memType: Unknown
      size: 452
      clkspeed: 0
      moduleVoltage: 0
Checksum: CB59642645C18F431BA8BF0ED7FBDFD1F4791BAA