---
system-info:
      stress-ng-version: 0.17.08
      run-by: root
      date-yyyy-mm-dd: 2024:09:22
      time-hh-mm-ss: 07:14:22
      epoch-secs: 1726989262
      hostname: sc-runner
      sysname: Linux
      nodename: sc-runner
      release: 6.8.0-1014-azure
      version: '#16-Ubuntu SMP Thu Aug 15 20:04:41 UTC 2024'
      machine: x86_64
      compiler: 'musl-gcc 13.2.1'
      uptime: 322
      totalram: 135066308608
      freeram: 124577832960
      sharedram: 38154240
      bufferram: 270225408
      totalswap: 0
      freeswap: 0
      pagesize: 4096
      cpus: 16
      cpus-online: 16
      ticks-per-second: 100

metrics:
    - stressor: cpu
      bogo-ops: 54059
      bogo-ops-per-second-usr-sys-time: 2702.951622
      bogo-ops-per-second-real-time: 2702.942041
      wall-clock-time: 20.000059
      user-time: 19.998989
      system-time: 0.000999
      cpu-usage-per-instance: 99.999646
      max-rss: 3024

...
