---
system-info:
      stress-ng-version: 0.17.08
      run-by: root
      date-yyyy-mm-dd: 2024:06:08
      time-hh-mm-ss: 11:41:54
      epoch-secs: 1717846914
      hostname: e479ab7bd3b6
      sysname: Linux
      nodename: e479ab7bd3b6
      release: 6.8.0-1008-aws
      version: '#8-Ubuntu SMP Sat Apr 20 00:46:25 UTC 2024'
      machine: x86_64
      compiler: 'musl-gcc 13.2.1'
      uptime: 173
      totalram: 199527890944
      freeram: 194354262016
      sharedram: 28614656
      bufferram: 101416960
      totalswap: 0
      freeswap: 0
      pagesize: 4096
      cpus: 48
      cpus-online: 48
      ticks-per-second: 100

metrics:
    - stressor: cpu
      bogo-ops: 9890
      bogo-ops-per-second-usr-sys-time: 988.434517
      bogo-ops-per-second-real-time: 988.399062
      wall-clock-time: 10.006080
      user-time: 10.005721
      system-time: 0.000000
      cpu-usage-per-instance: 99.996413
      max-rss: 3840

...
