---
system-info:
      stress-ng-version: 0.17.08
      run-by: root
      date-yyyy-mm-dd: 2024:06:14
      time-hh-mm-ss: 18:28:14
      epoch-secs: 1718389694
      hostname: 0c6b322cee32
      sysname: Linux
      nodename: 0c6b322cee32
      release: 6.8.0-1008-aws
      version: '#8-Ubuntu SMP Sat Apr 20 00:46:25 UTC 2024'
      machine: x86_64
      compiler: 'musl-gcc 13.2.1'
      uptime: 195
      totalram: 199527878656
      freeram: 194383069184
      sharedram: 28614656
      bufferram: 109850624
      totalswap: 0
      freeswap: 0
      pagesize: 4096
      cpus: 48
      cpus-online: 48
      ticks-per-second: 100

metrics:
    - stressor: cpu
      bogo-ops: 11825
      bogo-ops-per-second-usr-sys-time: 591.227090
      bogo-ops-per-second-real-time: 591.242141
      wall-clock-time: 20.000266
      user-time: 20.000775
      system-time: 0.000000
      cpu-usage-per-instance: 100.002546
      max-rss: 1152

...
