---
system-info:
      stress-ng-version: 0.17.08
      run-by: root
      date-yyyy-mm-dd: 2024:06:14
      time-hh-mm-ss: 21:41:18
      epoch-secs: 1718401278
      hostname: e8e71c230a84
      sysname: Linux
      nodename: e8e71c230a84
      release: 6.8.0-1008-aws
      version: '#8-Ubuntu SMP Sat Apr 20 00:46:25 UTC 2024'
      machine: x86_64
      compiler: 'musl-gcc 13.2.1'
      uptime: 142
      totalram: 198337052672
      freeram: 193688330240
      sharedram: 36978688
      bufferram: 110452736
      totalswap: 0
      freeswap: 0
      pagesize: 4096
      cpus: 48
      cpus-online: 48
      ticks-per-second: 100

metrics:
    - stressor: cpu
      bogo-ops: 59777
      bogo-ops-per-second-usr-sys-time: 2988.898121
      bogo-ops-per-second-real-time: 2988.840772
      wall-clock-time: 20.000062
      user-time: 19.998679
      system-time: 0.000999
      cpu-usage-per-instance: 99.998081
      max-rss: 1152

...
