---
system-info:
      stress-ng-version: 0.17.08
      run-by: root
      date-yyyy-mm-dd: 2024:06:08
      time-hh-mm-ss: 15:40:37
      epoch-secs: 1717861237
      hostname: 2422aef2d745
      sysname: Linux
      nodename: 2422aef2d745
      release: 6.8.0-1008-aws
      version: '#8-Ubuntu SMP Sat Apr 20 00:46:25 UTC 2024'
      machine: x86_64
      compiler: 'musl-gcc 13.2.1'
      uptime: 147
      totalram: 198337060864
      freeram: 193666711552
      sharedram: 36978688
      bufferram: 103161856
      totalswap: 0
      freeswap: 0
      pagesize: 4096
      cpus: 48
      cpus-online: 48
      ticks-per-second: 100

metrics:
    - stressor: cpu
      bogo-ops: 16647
      bogo-ops-per-second-usr-sys-time: 1664.544032
      bogo-ops-per-second-real-time: 1664.547487
      wall-clock-time: 10.000916
      user-time: 9.999938
      system-time: 0.000999
      cpu-usage-per-instance: 100.000208
      max-rss: 3840

...
