BaselineInfo:
  WebDBID: -1
  TimeStamp: 20241111134516
Version:
  Major: 11
  Minor: 0
  Build: 1002
  SpecialBuildName: ""
  ptArchitecture: aarch64_linux
Results:
  Results Complete: true
  NumTestProcesses: 64
  CPU_INTEGER_MATH: 253250.61000000002
  CPU_FLOATINGPOINT_MATH: 192216.82942667059
  CPU_PRIME: 250.84550505935994
  CPU_SORTING: 175846.5784871793
  CPU_ENCRYPTION: 8727.4470197764276
  CPU_COMPRESSION: 305910.30196775455
  CPU_SINGLETHREAD: 1113.4326780304714
  CPU_PHYSICS: 3876.8077611135568
  CPU_MATRIX_MULT_SSE: 39867.463739192433
  CPU_mm: 6690.8316355435736
  CPU_sse: 33293.634728856487
  CPU_fma: 46441.292749528409
  CPU_avx: 0
  CPU_avx512: 0
  m_CPU_enc_SHA: 12977737700.402063
  m_CPU_enc_AES: 6038892923.253726
  m_CPU_enc_ECDSA: 8437543834.9714766
  ME_ALLOC_S: 20421.912841575628
  ME_READ_S: 9511.2420898437504
  ME_READ_L: 9199.19921875
  ME_WRITE: 12452.537109375
  ME_LARGE: 1016745.0833333334
  ME_LATENCY: 73.103497149891993
  ME_THREADED: 157801.01293945312
  SUMM_CPU: 28108.133869399277
  SUMM_ME: 1818.1242326262004
SystemInformation:
  OSName: Ubuntu 24.04.1 LTS
  Kernel: 6.8.0-1016-aws
  Device: ""
  Processor: ARM Neoverse-N1 64 Core 0 MHz
  NumSockets: 1
  Manufacturer: ARM
  NumCores: 64
  NumLogicals: 64
  CPUFrequency: 0
  Memory: 1029621
Checksum: C56D16EDC61EF668CE5F8638996F43E794B6D679