---
system-info:
      stress-ng-version: 0.17.08
      run-by: root
      date-yyyy-mm-dd: 2024:06:13
      time-hh-mm-ss: 17:40:36
      epoch-secs: 1718300436
      hostname: 12b5be78d496
      sysname: Linux
      nodename: 12b5be78d496
      release: 6.8.0-1008-aws
      version: '#8-Ubuntu SMP Sat Apr 20 00:46:25 UTC 2024'
      machine: x86_64
      compiler: 'musl-gcc 13.2.1'
      uptime: 136
      totalram: 267397988352
      freeram: 262699855872
      sharedram: 41013248
      bufferram: 105771008
      totalswap: 0
      freeswap: 0
      pagesize: 4096
      cpus: 32
      cpus-online: 32
      ticks-per-second: 100

metrics:
    - stressor: cpu
      bogo-ops: 558378
      bogo-ops-per-second-usr-sys-time: 873.038655
      bogo-ops-per-second-real-time: 27918.753196
      wall-clock-time: 20.000105
      user-time: 639.549938
      system-time: 0.029990
      cpu-usage-per-instance: 99.933838
      max-rss: 1032

...
