---
system-info:
      stress-ng-version: 0.17.08
      run-by: root
      date-yyyy-mm-dd: 2024:06:08
      time-hh-mm-ss: 04:25:34
      epoch-secs: 1717820734
      hostname: 0ff1e9dade83
      sysname: Linux
      nodename: 0ff1e9dade83
      release: 6.8.0-1008-aws
      version: '#8-Ubuntu SMP Sat Apr 20 00:46:25 UTC 2024'
      machine: x86_64
      compiler: 'musl-gcc 13.2.1'
      uptime: 140
      totalram: 267397992448
      freeram: 262672343040
      sharedram: 41013248
      bufferram: 96387072
      totalswap: 0
      freeswap: 0
      pagesize: 4096
      cpus: 32
      cpus-online: 32
      ticks-per-second: 100

metrics:
    - stressor: cpu
      bogo-ops: 328768
      bogo-ops-per-second-usr-sys-time: 1028.272573
      bogo-ops-per-second-real-time: 32871.144094
      wall-clock-time: 10.001721
      user-time: 319.683476
      system-time: 0.044978
      cpu-usage-per-instance: 99.897953
      max-rss: 3848

...
