BaselineInfo:
  WebDBID: -1
  TimeStamp: 20241106212211
Version:
  Major: 11
  Minor: 0
  Build: 1002
  SpecialBuildName: ""
  ptArchitecture: aarch64_linux
Results:
  Results Complete: true
  NumTestProcesses: 2
  CPU_INTEGER_MATH: 7827.75
  CPU_FLOATINGPOINT_MATH: 5953.1456972948909
  CPU_PRIME: 15.986390206267053
  CPU_SORTING: 5630.6631631848304
  CPU_ENCRYPTION: 267.06544653556432
  CPU_COMPRESSION: 8839.1753758268715
  CPU_SINGLETHREAD: 1108.9447700479727
  CPU_PHYSICS: 310.40448123539318
  CPU_MATRIX_MULT_SSE: 1238.2300381810455
  CPU_mm: 206.37244368508567
  CPU_sse: 1035.9826931141506
  CPU_fma: 1440.47738324794
  CPU_avx: 0
  CPU_avx512: 0
  m_CPU_enc_SHA: 403142116.05152959
  m_CPU_enc_AES: 187708469.49543428
  m_CPU_enc_ECDSA: 249264667.45246384
  ME_ALLOC_S: 1273.2876476254696
  ME_READ_S: 9455.6721679687507
  ME_READ_L: 9114.2353515625
  ME_WRITE: 12259.03515625
  ME_LARGE: 542.91666666666663
  ME_LATENCY: 73.902146121709606
  ME_THREADED: 17975.0185546875
  SUMM_CPU: 1340.748554959386
  SUMM_ME: 802.44333242899461
SystemInformation:
  OSName: Ubuntu 24.04.1 LTS
  Kernel: 6.8.0-1016-aws
  Device: ""
  Processor: ARM Neoverse-N1 2 Core 0 MHz
  NumSockets: 1
  Manufacturer: ARM
  NumCores: 2
  NumLogicals: 2
  CPUFrequency: 0
  Memory: 912
Checksum: E0E038E76C3E2EA75BDC2C7D6E53A3A2CA7D011C