BaselineInfo:
  WebDBID: -1
  TimeStamp: 20241114230216
Version:
  Major: 11
  Minor: 0
  Build: 1002
  SpecialBuildName: ""
  ptArchitecture: aarch64_linux
Results:
  Results Complete: true
  NumTestProcesses: 2
  CPU_INTEGER_MATH: 7817.9993333333332
  CPU_FLOATINGPOINT_MATH: 5950.3255394805055
  CPU_PRIME: 15.172555087774541
  CPU_SORTING: 5599.4526172737933
  CPU_ENCRYPTION: 269.51026676497548
  CPU_COMPRESSION: 8886.0957615179286
  CPU_SINGLETHREAD: 1107.2065019523702
  CPU_PHYSICS: 316.1907346594686
  CPU_MATRIX_MULT_SSE: 1233.5236964761027
  CPU_mm: 199.69566876389973
  CPU_sse: 1028.6389138544621
  CPU_fma: 1438.4084790977436
  CPU_avx: 0
  CPU_avx512: 0
  m_CPU_enc_SHA: 406837053.68387192
  m_CPU_enc_AES: 187358245.15503609
  m_CPU_enc_ECDSA: 253610693.61114478
  ME_ALLOC_S: 0
  ME_READ_S: 0
  ME_READ_L: 0
  ME_WRITE: 0
  ME_LARGE: 0
  ME_LATENCY: 0
  ME_THREADED: 0
  SUMM_CPU: 1345.5557694121592
  SUMM_ME: 0
SystemInformation:
  OSName: Ubuntu 24.04.1 LTS
  Kernel: 6.8.0-1018-aws
  Device: ""
  Processor: ARM Neoverse-N1 2 Core 0 MHz
  NumSockets: 1
  Manufacturer: ARM
  NumCores: 2
  NumLogicals: 2
  CPUFrequency: 0
  Memory: 912
Checksum: 4627C3032674B55960634AE80DA1FEFBFC0D2C90