BaselineInfo:
  WebDBID: -1
  TimeStamp: 20241115081832
Version:
  Major: 11
  Minor: 0
  Build: 1002
  SpecialBuildName: ""
  ptArchitecture: aarch64_linux
Results:
  Results Complete: true
  NumTestProcesses: 2
  CPU_INTEGER_MATH: 7834.0926666666664
  CPU_FLOATINGPOINT_MATH: 5945.9395830824651
  CPU_PRIME: 13.770876313143827
  CPU_SORTING: 5588.2659959397615
  CPU_ENCRYPTION: 266.49558097353429
  CPU_COMPRESSION: 8747.5303001537068
  CPU_SINGLETHREAD: 1106.3458354007068
  CPU_PHYSICS: 277.90015236945055
  CPU_MATRIX_MULT_SSE: 1227.0853919079866
  CPU_mm: 207.13253527164201
  CPU_sse: 1026.4631715062931
  CPU_fma: 1427.7076123096801
  CPU_avx: 0
  CPU_avx512: 0
  m_CPU_enc_SHA: 402357623.20703638
  m_CPU_enc_AES: 186956371.19479769
  m_CPU_enc_ECDSA: 249008616.54288
  ME_ALLOC_S: 0
  ME_READ_S: 0
  ME_READ_L: 0
  ME_WRITE: 0
  ME_LARGE: 0
  ME_LATENCY: 0
  ME_THREADED: 0
  SUMM_CPU: 1327.3568780366306
  SUMM_ME: 0
SystemInformation:
  OSName: Ubuntu 24.04.1 LTS
  Kernel: 6.8.0-1018-aws
  Device: ""
  Processor: ARM Neoverse-N1 2 Core 0 MHz
  NumSockets: 1
  Manufacturer: ARM
  NumCores: 2
  NumLogicals: 2
  CPUFrequency: 0
  Memory: 912
Checksum: 960651F1A6DAC56020E136147F4B7EFDE324EF53