BaselineInfo:
  WebDBID: -1
  TimeStamp: 20241115102936
Version:
  Major: 11
  Minor: 0
  Build: 1002
  SpecialBuildName: ""
  ptArchitecture: aarch64_linux
Results:
  Results Complete: true
  NumTestProcesses: 2
  CPU_INTEGER_MATH: 7828.3180000000002
  CPU_FLOATINGPOINT_MATH: 5946.5655624060819
  CPU_PRIME: 14.251339462809748
  CPU_SORTING: 5577.2279338978733
  CPU_ENCRYPTION: 265.18759686198825
  CPU_COMPRESSION: 8888.7382145086704
  CPU_SINGLETHREAD: 1106.4144719431968
  CPU_PHYSICS: 264.32655323514382
  CPU_MATRIX_MULT_SSE: 1234.9934730849586
  CPU_mm: 207.10854137451881
  CPU_sse: 1030.0461998431865
  CPU_fma: 1439.9407463267312
  CPU_avx: 0
  CPU_avx512: 0
  m_CPU_enc_SHA: 400540339.53212404
  m_CPU_enc_AES: 185511060.46850169
  m_CPU_enc_ECDSA: 248156648.70084271
  ME_ALLOC_S: 1242.7844667886477
  ME_READ_S: 9443.9181640624993
  ME_READ_L: 9083.015625
  ME_WRITE: 12165.0390625
  ME_LARGE: 544.16666666666663
  ME_LATENCY: 75.569817585956017
  ME_THREADED: 17945.0595703125
  SUMM_CPU: 1331.4194957569164
  SUMM_ME: 798.83137436759296
SystemInformation:
  OSName: Ubuntu 24.04.1 LTS
  Kernel: 6.8.0-1018-aws
  Device: ""
  Processor: ARM Neoverse-N1 2 Core 0 MHz
  NumSockets: 1
  Manufacturer: ARM
  NumCores: 2
  NumLogicals: 2
  CPUFrequency: 0
  Memory: 912
Checksum: 0A19E8CB40478BB6BDDDE0A02E903AE5B765B90B