BaselineInfo:
  WebDBID: -1
  TimeStamp: 20241115014323
Version:
  Major: 11
  Minor: 0
  Build: 1002
  SpecialBuildName: ""
  ptArchitecture: aarch64_linux
Results:
  Results Complete: true
  NumTestProcesses: 2
  CPU_INTEGER_MATH: 7793.717333333334
  CPU_FLOATINGPOINT_MATH: 5950.6799119917487
  CPU_PRIME: 16.976365228412948
  CPU_SORTING: 5645.5293607301683
  CPU_ENCRYPTION: 268.78829394422223
  CPU_COMPRESSION: 8960.3983024717636
  CPU_SINGLETHREAD: 1105.3362123101488
  CPU_PHYSICS: 353.07038051647032
  CPU_MATRIX_MULT_SSE: 1235.2271744633067
  CPU_mm: 205.2652879973935
  CPU_sse: 1035.4018003563256
  CPU_fma: 1435.0525485702879
  CPU_avx: 0
  CPU_avx512: 0
  m_CPU_enc_SHA: 405948638.5615164
  m_CPU_enc_AES: 187387350.99146962
  m_CPU_enc_ECDSA: 252198872.7795845
  ME_ALLOC_S: 0
  ME_READ_S: 0
  ME_READ_L: 0
  ME_WRITE: 0
  ME_LARGE: 0
  ME_LATENCY: 0
  ME_THREADED: 0
  SUMM_CPU: 1352.8790831061417
  SUMM_ME: 0
SystemInformation:
  OSName: Ubuntu 24.04.1 LTS
  Kernel: 6.8.0-1018-aws
  Device: ""
  Processor: ARM Neoverse-N1 2 Core 0 MHz
  NumSockets: 1
  Manufacturer: ARM
  NumCores: 2
  NumLogicals: 2
  CPUFrequency: 0
  Memory: 912
Checksum: C3FA39568DFACD40FDC6DA21E861537D79B4A473