BaselineInfo:
  WebDBID: -1
  TimeStamp: 20241114081743
Version:
  Major: 11
  Minor: 0
  Build: 1002
  SpecialBuildName: ""
  ptArchitecture: aarch64_linux
Results:
  Results Complete: true
  NumTestProcesses: 2
  CPU_INTEGER_MATH: 7833.5246666666662
  CPU_FLOATINGPOINT_MATH: 5945.7858435655089
  CPU_PRIME: 15.450835703672418
  CPU_SORTING: 5518.8274759932283
  CPU_ENCRYPTION: 268.46036586343325
  CPU_COMPRESSION: 8824.8974512514033
  CPU_SINGLETHREAD: 1091.1577200798577
  CPU_PHYSICS: 288.90585013810312
  CPU_MATRIX_MULT_SSE: 1233.538147855948
  CPU_mm: 206.16555993842957
  CPU_sse: 1028.5219104352195
  CPU_fma: 1438.5543852766764
  CPU_avx: 0
  CPU_avx512: 0
  m_CPU_enc_SHA: 406414695.31314653
  m_CPU_enc_AES: 186856904.54139805
  m_CPU_enc_ECDSA: 251231689.93230158
  ME_ALLOC_S: 1260.6335717499205
  ME_READ_S: 9444.9958007812493
  ME_READ_L: 8998.8193359375
  ME_WRITE: 12221.0224609375
  ME_LARGE: 538
  ME_LATENCY: 74.870513727366273
  ME_THREADED: 17858.44921875
  SUMM_CPU: 1338.3115570038372
  SUMM_ME: 795.6366000745254
SystemInformation:
  OSName: Ubuntu 24.04.1 LTS
  Kernel: 6.8.0-1018-aws
  Device: ""
  Processor: ARM Neoverse-N1 2 Core 0 MHz
  NumSockets: 1
  Manufacturer: ARM
  NumCores: 2
  NumLogicals: 2
  CPUFrequency: 0
  Memory: 912
Checksum: 7485707E2190500C6A38EF8E92EFB0B5F454B4C0