BaselineInfo:
  WebDBID: -1
  TimeStamp: 20241114183401
Version:
  Major: 11
  Minor: 0
  Build: 1002
  SpecialBuildName: ""
  ptArchitecture: aarch64_linux
Results:
  Results Complete: true
  NumTestProcesses: 2
  CPU_INTEGER_MATH: 7829.217333333333
  CPU_FLOATINGPOINT_MATH: 5945.4409419380572
  CPU_PRIME: 12.684111918160387
  CPU_SORTING: 5588.6956821313051
  CPU_ENCRYPTION: 267.09349146626687
  CPU_COMPRESSION: 8839.9394752656081
  CPU_SINGLETHREAD: 1104.957261366962
  CPU_PHYSICS: 273.15374660960674
  CPU_MATRIX_MULT_SSE: 1233.6593476125797
  CPU_mm: 206.81689273549262
  CPU_sse: 1029.9239954711259
  CPU_fma: 1437.3946997540334
  CPU_avx: 0
  CPU_avx512: 0
  m_CPU_enc_SHA: 400442526.68459618
  m_CPU_enc_AES: 184801509.32539946
  m_CPU_enc_ECDSA: 254959438.71320099
  ME_ALLOC_S: 0
  ME_READ_S: 0
  ME_READ_L: 0
  ME_WRITE: 0
  ME_LARGE: 0
  ME_LATENCY: 0
  ME_THREADED: 0
  SUMM_CPU: 1330.2322578049059
  SUMM_ME: 0
SystemInformation:
  OSName: Ubuntu 24.04.1 LTS
  Kernel: 6.8.0-1018-aws
  Device: ""
  Processor: ARM Neoverse-N1 2 Core 0 MHz
  NumSockets: 1
  Manufacturer: ARM
  NumCores: 2
  NumLogicals: 2
  CPUFrequency: 0
  Memory: 912
Checksum: 0BB1E8B7AD6E9012740029E06BBBBAE5FCE13699