BaselineInfo:
  WebDBID: -1
  TimeStamp: 20241114204814
Version:
  Major: 11
  Minor: 0
  Build: 1002
  SpecialBuildName: ""
  ptArchitecture: aarch64_linux
Results:
  Results Complete: true
  NumTestProcesses: 2
  CPU_INTEGER_MATH: 7819.4903333333332
  CPU_FLOATINGPOINT_MATH: 5943.5622658374123
  CPU_PRIME: 15.768534139715836
  CPU_SORTING: 5598.9513930079702
  CPU_ENCRYPTION: 269.20023964227266
  CPU_COMPRESSION: 8901.5421938398031
  CPU_SINGLETHREAD: 1106.2881892663825
  CPU_PHYSICS: 301.6859325819978
  CPU_MATRIX_MULT_SSE: 1224.8399019325325
  CPU_mm: 207.00322640099427
  CPU_sse: 1023.5661508884571
  CPU_fma: 1426.1136529766079
  CPU_avx: 0
  CPU_avx512: 0
  m_CPU_enc_SHA: 406425450.1279819
  m_CPU_enc_AES: 185746000.67183042
  m_CPU_enc_ECDSA: 254659280.6495946
  ME_ALLOC_S: 0
  ME_READ_S: 0
  ME_READ_L: 0
  ME_WRITE: 0
  ME_LARGE: 0
  ME_LATENCY: 0
  ME_THREADED: 0
  SUMM_CPU: 1344.6144738132264
  SUMM_ME: 0
SystemInformation:
  OSName: Ubuntu 24.04.1 LTS
  Kernel: 6.8.0-1018-aws
  Device: ""
  Processor: ARM Neoverse-N1 2 Core 0 MHz
  NumSockets: 1
  Manufacturer: ARM
  NumCores: 2
  NumLogicals: 2
  CPUFrequency: 0
  Memory: 912
Checksum: F4FD00BF1C6168EAD67330CA0D8DE13504D5471E