---
system-info:
      stress-ng-version: 0.17.08
      run-by: root
      date-yyyy-mm-dd: 2024:06:06
      time-hh-mm-ss: 10:56:02
      epoch-secs: 1717671362
      hostname: a3d7a090aef0
      sysname: Linux
      nodename: a3d7a090aef0
      release: 6.8.0-1008-aws
      version: '#8-Ubuntu SMP Sat Apr 20 00:46:25 UTC 2024'
      machine: x86_64
      compiler: 'musl-gcc 13.2.1'
      uptime: 125
      totalram: 66325282816
      freeram: 62006648832
      sharedram: 59994112
      bufferram: 83030016
      totalswap: 0
      freeswap: 0
      pagesize: 4096
      cpus: 32
      cpus-online: 32
      ticks-per-second: 100

metrics:
    - stressor: cpu
      bogo-ops: 16707
      bogo-ops-per-second-usr-sys-time: 1670.454276
      bogo-ops-per-second-real-time: 1670.444354
      wall-clock-time: 10.001530
      user-time: 10.001471
      system-time: 0.000000
      cpu-usage-per-instance: 99.999406
      max-rss: 3848

...
