---
system-info:
      stress-ng-version: 0.17.08
      run-by: root
      date-yyyy-mm-dd: 2024:06:14
      time-hh-mm-ss: 06:28:12
      epoch-secs: 1718346492
      hostname: eb0631fbebe2
      sysname: Linux
      nodename: eb0631fbebe2
      release: 6.8.0-1008-aws
      version: '#8-Ubuntu SMP Sat Apr 20 00:46:25 UTC 2024'
      machine: x86_64
      compiler: 'musl-gcc 13.2.1'
      uptime: 150
      totalram: 66325278720
      freeram: 61728194560
      sharedram: 59998208
      bufferram: 108523520
      totalswap: 0
      freeswap: 0
      pagesize: 4096
      cpus: 32
      cpus-online: 32
      ticks-per-second: 100

metrics:
    - stressor: cpu
      bogo-ops: 37808
      bogo-ops-per-second-usr-sys-time: 1890.411059
      bogo-ops-per-second-real-time: 1890.392113
      wall-clock-time: 20.000083
      user-time: 19.999883
      system-time: 0.000000
      cpu-usage-per-instance: 99.998998
      max-rss: 1032

...
