---
system-info:
      stress-ng-version: 0.17.08
      run-by: root
      date-yyyy-mm-dd: 2024:06:09
      time-hh-mm-ss: 16:55:02
      epoch-secs: 1717952102
      hostname: faa785b7656c
      sysname: Linux
      nodename: faa785b7656c
      release: 6.8.0-1008-aws
      version: '#8-Ubuntu SMP Sat Apr 20 00:46:25 UTC 2024'
      machine: x86_64
      compiler: 'musl-gcc 13.2.1'
      uptime: 109
      totalram: 399160176640
      freeram: 394287337472
      sharedram: 60289024
      bufferram: 109920256
      totalswap: 0
      freeswap: 0
      pagesize: 4096
      cpus: 48
      cpus-online: 48
      ticks-per-second: 100

metrics:
    - stressor: cpu
      bogo-ops: 562893
      bogo-ops-per-second-usr-sys-time: 1173.158421
      bogo-ops-per-second-real-time: 56278.348361
      wall-clock-time: 10.001946
      user-time: 479.749907
      system-time: 0.059972
      cpu-usage-per-instance: 99.940943
      max-rss: 3840

...
