---
system-info:
      stress-ng-version: 0.17.08
      run-by: root
      date-yyyy-mm-dd: 2024:06:15
      time-hh-mm-ss: 19:29:51
      epoch-secs: 1718479791
      hostname: 2eece8929ab9
      sysname: Linux
      nodename: 2eece8929ab9
      release: 6.8.0-1008-aws
      version: '#8-Ubuntu SMP Sat Apr 20 00:46:25 UTC 2024'
      machine: x86_64
      compiler: 'musl-gcc 13.2.1'
      uptime: 117
      totalram: 399160176640
      freeram: 394453098496
      sharedram: 60289024
      bufferram: 108593152
      totalswap: 0
      freeswap: 0
      pagesize: 4096
      cpus: 48
      cpus-online: 48
      ticks-per-second: 100

metrics:
    - stressor: cpu
      bogo-ops: 926855
      bogo-ops-per-second-usr-sys-time: 965.929272
      bogo-ops-per-second-real-time: 46342.531692
      wall-clock-time: 20.000094
      user-time: 959.516504
      system-time: 0.030977
      cpu-usage-per-instance: 99.952392
      max-rss: 1152

...
