---
system-info:
      stress-ng-version: 0.17.08
      run-by: root
      date-yyyy-mm-dd: 2024:06:09
      time-hh-mm-ss: 10:54:57
      epoch-secs: 1717930497
      hostname: 431c19a0417c
      sysname: Linux
      nodename: 431c19a0417c
      release: 6.8.0-1008-aws
      version: '#8-Ubuntu SMP Sat Apr 20 00:46:25 UTC 2024'
      machine: x86_64
      compiler: 'musl-gcc 13.2.1'
      uptime: 114
      totalram: 405317804032
      freeram: 399516991488
      sharedram: 113086464
      bufferram: 107044864
      totalswap: 0
      freeswap: 0
      pagesize: 4096
      cpus: 96
      cpus-online: 96
      ticks-per-second: 100

metrics:
    - stressor: cpu
      bogo-ops: 21581
      bogo-ops-per-second-usr-sys-time: 2157.874071
      bogo-ops-per-second-real-time: 2157.847755
      wall-clock-time: 10.001169
      user-time: 10.001047
      system-time: 0.000000
      cpu-usage-per-instance: 99.998780
      max-rss: 3072

...
