---
system-info:
      stress-ng-version: 0.17.08
      run-by: root
      date-yyyy-mm-dd: 2024:06:15
      time-hh-mm-ss: 13:01:52
      epoch-secs: 1718456512
      hostname: 7b76914cd627
      sysname: Linux
      nodename: 7b76914cd627
      release: 6.8.0-1008-aws
      version: '#8-Ubuntu SMP Sat Apr 20 00:46:25 UTC 2024'
      machine: x86_64
      compiler: 'musl-gcc 13.2.1'
      uptime: 132
      totalram: 405317828608
      freeram: 399515414528
      sharedram: 113086464
      bufferram: 109969408
      totalswap: 0
      freeswap: 0
      pagesize: 4096
      cpus: 96
      cpus-online: 96
      ticks-per-second: 100

metrics:
    - stressor: cpu
      bogo-ops: 41410
      bogo-ops-per-second-usr-sys-time: 2070.492236
      bogo-ops-per-second-real-time: 2070.496816
      wall-clock-time: 20.000031
      user-time: 20.000075
      system-time: 0.000000
      cpu-usage-per-instance: 100.000221
      max-rss: 0

...
