BaselineInfo:
  WebDBID: -1
  TimeStamp: 20260617092018
Version:
  Major: 11
  Minor: 0
  Build: 1004
  SpecialBuildName: ""
  ptArchitecture: x86_64_linux
Results:
  Results Complete: true
  NumTestProcesses: 4
  CPU_INTEGER_MATH: 18937.687999999998
  CPU_FLOATINGPOINT_MATH: 10604.60867855873
  CPU_PRIME: 47.227955798888232
  CPU_SORTING: 11720.887394181102
  CPU_ENCRYPTION: 4793.6067254217332
  CPU_COMPRESSION: 78601.160730387201
  CPU_SINGLETHREAD: 2888.4076368608753
  CPU_PHYSICS: 942.68662369296919
  CPU_MATRIX_MULT_SSE: 5353.1304447133043
  CPU_mm: 507.45723217086709
  CPU_sse: 2214.8285748994999
  CPU_fma: 6996.0333045838906
  CPU_avx: 5767.8130195497251
  CPU_avx512: 6433.8468798201029
  m_CPU_enc_SHA: 6714706484.2683964
  m_CPU_enc_AES: 4558104673.4845028
  m_CPU_enc_ECDSA: 3806571739.3945589
  ME_ALLOC_S: 2100.9407689073405
  ME_READ_S: 27487.549218749999
  ME_READ_L: 25983.337890625
  ME_WRITE: 25856.416015625
  ME_LARGE: 22882.833333333332
  ME_LATENCY: 70.723472953744817
  ME_THREADED: 36816.783203125
  SUMM_CPU: 7541.7664422577482
  SUMM_ME: 2506.4314344442223
SystemInformation:
  OSName: Ubuntu 24.04.4 LTS
  Kernel: 6.8.0-117-generic
  Device: ""
  Processor: "AMD EPYC 9T24 96-Core Processor                "
  NumSockets: 1
  Manufacturer: AuthenticAMD
  NumCores: 2
  NumLogicals: 4
  CPUFrequency: 0
  CPUMaxFrequency: 0
  Memory: 31174
  CPUInfo:
    number: 1
    Family: 15
    Model: 1
    stepping: 1
    features: 395049983
    manufacture: AuthenticAMD
    typestring: "AMD EPYC 9T24 96-Core Processor                "
    iCoresPerPackage: 2
    iThreadsPerPackage: 2
    featuresEx:
      - 395049983
      - 4277809667
      - 802421759
    bHybrid: false
    nPCore: 0
    nLogicalsPerPCore: 0
    nECore: 0
    nLogicalsPerECore: 0
  MemModuleInfo:
    iNumMemSticks: 2
    DIMM 1:
      manufacturer: Alibaba Cloud
      modulePartNo: Not Specified
      memType: RAM
      size: 16
      clkspeed: 0
      moduleVoltage: 0
    DIMM 2:
      manufacturer: Alibaba Cloud
      modulePartNo: Not Specified
      memType: RAM
      size: 16
      clkspeed: 0
      moduleVoltage: 0
Checksum: DAF7D70652A83611FB0790B58A836FC9C406CEC5