BaselineInfo:
  WebDBID: -1
  TimeStamp: 20241109094411
Version:
  Major: 11
  Minor: 0
  Build: 1002
  SpecialBuildName: ""
  ptArchitecture: x86_64_linux
Results:
  Results Complete: true
  NumTestProcesses: 48
  CPU_INTEGER_MATH: 202104.05599999998
  CPU_FLOATINGPOINT_MATH: 103331.19686252976
  CPU_PRIME: 232.10555195767057
  CPU_SORTING: 97061.477579529761
  CPU_ENCRYPTION: 42548.750573673758
  CPU_COMPRESSION: 720451.88506195671
  CPU_SINGLETHREAD: 2433.9216237848086
  CPU_PHYSICS: 3808.4054186292124
  CPU_MATRIX_MULT_SSE: 40366.743141658255
  CPU_mm: 4260.2805808870044
  CPU_sse: 17594.941272170076
  CPU_fma: 47428.063512568646
  CPU_avx: 36677.120284610843
  CPU_avx512: 59766.847497283452
  m_CPU_enc_SHA: 43520064852.015541
  m_CPU_enc_AES: 64210613769.181541
  m_CPU_enc_ECDSA: 26116117423.424515
  ME_ALLOC_S: 21519.799030949132
  ME_READ_S: 23465.449609374999
  ME_READ_L: 11556.6376953125
  ME_WRITE: 10489.6591796875
  ME_LARGE: 181691
  ME_LATENCY: 51.899705556691629
  ME_THREADED: 153620.11279296875
  SUMM_CPU: 48327.07342039873
  SUMM_ME: 2751.9338671107562
SystemInformation:
  OSName: Ubuntu 24.04.1 LTS
  Kernel: 6.8.0-1017-azure
  Device: ""
  Processor: Intel Xeon Platinum 8370C CPU @ 2.80GHz
  NumSockets: 1
  Manufacturer: GenuineIntel
  NumCores: 24
  NumLogicals: 48
  CPUFrequency: 2800
  Memory: 193211
  MemModuleInfo:
    iNumMemSticks: 3
    DIMM 1:
      manufacturer: Microsoft Corporation
      modulePartNo: None
      memType: Unknown
      size: 1
      clkspeed: 0
      moduleVoltage: 0
    DIMM 2:
      manufacturer: Microsoft Corporation
      modulePartNo: None
      memType: Unknown
      size: 59
      clkspeed: 0
      moduleVoltage: 0
    DIMM 3:
      manufacturer: Microsoft Corporation
      modulePartNo: None
      memType: Unknown
      size: 132
      clkspeed: 0
      moduleVoltage: 0
Checksum: D802AB04736A234C551F63682DE11FCAA66675F2