---
system-info:
      stress-ng-version: 0.17.08
      run-by: root
      date-yyyy-mm-dd: 2024:08:30
      time-hh-mm-ss: 10:14:14
      epoch-secs: 1725012854
      hostname: sc-runner
      sysname: Linux
      nodename: sc-runner
      release: 6.8.0-1013-azure
      version: '#15-Ubuntu SMP Thu Aug  8 18:40:40 UTC 2024'
      machine: x86_64
      compiler: 'musl-gcc 13.2.1'
      uptime: 339
      totalram: 16766070784
      freeram: 8365215744
      sharedram: 38100992
      bufferram: 197799936
      totalswap: 0
      freeswap: 0
      pagesize: 4096
      cpus: 4
      cpus-online: 4
      ticks-per-second: 100

metrics:
    - stressor: cpu
      bogo-ops: 107769
      bogo-ops-per-second-usr-sys-time: 1352.373147
      bogo-ops-per-second-real-time: 5388.434054
      wall-clock-time: 20.000059
      user-time: 79.669819
      system-time: 0.018986
      cpu-usage-per-instance: 99.610711
      max-rss: 3128

...
