---
system-info:
      stress-ng-version: 0.17.08
      run-by: root
      date-yyyy-mm-dd: 2024:06:13
      time-hh-mm-ss: 08:43:13
      epoch-secs: 1718268193
      hostname: 08b3fc34cb6b
      sysname: Linux
      nodename: 08b3fc34cb6b
      release: 6.8.0-1008-aws
      version: '#8-Ubuntu SMP Sat Apr 20 00:46:25 UTC 2024'
      machine: x86_64
      compiler: 'musl-gcc 13.2.1'
      uptime: 179
      totalram: 200461893632
      freeram: 195870654464
      sharedram: 40837120
      bufferram: 107835392
      totalswap: 0
      freeswap: 0
      pagesize: 4096
      cpus: 24
      cpus-online: 24
      ticks-per-second: 100

metrics:
    - stressor: cpu
      bogo-ops: 25681
      bogo-ops-per-second-usr-sys-time: 1284.054366
      bogo-ops-per-second-real-time: 1284.047122
      wall-clock-time: 20.000045
      user-time: 19.999932
      system-time: 0.000000
      cpu-usage-per-instance: 99.999436
      max-rss: 1020

...
