---
system-info:
      stress-ng-version: 0.17.08
      run-by: root
      date-yyyy-mm-dd: 2024:06:07
      time-hh-mm-ss: 11:57:31
      epoch-secs: 1717761451
      hostname: 3ae9b3cb4d0b
      sysname: Linux
      nodename: 3ae9b3cb4d0b
      release: 6.8.0-1008-aws
      version: '#8-Ubuntu SMP Sat Apr 20 00:46:25 UTC 2024'
      machine: x86_64
      compiler: 'musl-gcc 13.2.1'
      uptime: 137
      totalram: 200461897728
      freeram: 195959787520
      sharedram: 40837120
      bufferram: 90812416
      totalswap: 0
      freeswap: 0
      pagesize: 4096
      cpus: 24
      cpus-online: 24
      ticks-per-second: 100

metrics:
    - stressor: cpu
      bogo-ops: 13875
      bogo-ops-per-second-usr-sys-time: 1387.466007
      bogo-ops-per-second-real-time: 1387.454020
      wall-clock-time: 10.000331
      user-time: 9.999245
      system-time: 0.001000
      cpu-usage-per-instance: 99.999136
      max-rss: 4092

...
