---
system-info:
      stress-ng-version: 0.17.08
      run-by: root
      date-yyyy-mm-dd: 2024:06:15
      time-hh-mm-ss: 15:42:31
      epoch-secs: 1718466151
      hostname: 439866e34100
      sysname: Linux
      nodename: 439866e34100
      release: 6.8.0-1008-aws
      version: '#8-Ubuntu SMP Sat Apr 20 00:46:25 UTC 2024'
      machine: x86_64
      compiler: 'musl-gcc 13.2.1'
      uptime: 207
      totalram: 536659943424
      freeram: 530942144512
      sharedram: 37101568
      bufferram: 111837184
      totalswap: 0
      freeswap: 0
      pagesize: 4096
      cpus: 64
      cpus-online: 64
      ticks-per-second: 100

metrics:
    - stressor: cpu
      bogo-ops: 11826
      bogo-ops-per-second-usr-sys-time: 591.268811
      bogo-ops-per-second-real-time: 591.293304
      wall-clock-time: 20.000226
      user-time: 20.000055
      system-time: 0.001000
      cpu-usage-per-instance: 100.004142
      max-rss: 512

...
