---
system-info:
      stress-ng-version: 0.17.08
      run-by: root
      date-yyyy-mm-dd: 2024:06:09
      time-hh-mm-ss: 13:25:39
      epoch-secs: 1717939539
      hostname: 624f52ee3ecf
      sysname: Linux
      nodename: 624f52ee3ecf
      release: 6.8.0-1008-aws
      version: '#8-Ubuntu SMP Sat Apr 20 00:46:25 UTC 2024'
      machine: x86_64
      compiler: 'musl-gcc 13.2.1'
      uptime: 182
      totalram: 536659951616
      freeram: 530899795968
      sharedram: 37101568
      bufferram: 110383104
      totalswap: 0
      freeswap: 0
      pagesize: 4096
      cpus: 64
      cpus-online: 64
      ticks-per-second: 100

metrics:
    - stressor: cpu
      bogo-ops: 9890
      bogo-ops-per-second-usr-sys-time: 988.360333
      bogo-ops-per-second-real-time: 988.319702
      wall-clock-time: 10.006883
      user-time: 10.005472
      system-time: 0.001000
      cpu-usage-per-instance: 99.995889
      max-rss: 3584

...
