BaselineInfo:
  WebDBID: -1
  TimeStamp: 20241112111744
Version:
  Major: 11
  Minor: 0
  Build: 1002
  SpecialBuildName: ""
  ptArchitecture: x86_64_linux
Results:
  Results Complete: true
  NumTestProcesses: 4
  CPU_INTEGER_MATH: 16772.590333333334
  CPU_FLOATINGPOINT_MATH: 8571.7165331102551
  CPU_PRIME: 37.027611878475305
  CPU_SORTING: 8823.1023424229643
  CPU_ENCRYPTION: 3618.5147515344943
  CPU_COMPRESSION: 63502.284977137031
  CPU_SINGLETHREAD: 2426.6458440088736
  CPU_PHYSICS: 717.09623110767654
  CPU_MATRIX_MULT_SSE: 3396.4039644472996
  CPU_mm: 361.24850888523406
  CPU_sse: 1575.7537694049086
  CPU_fma: 4352.8628662774954
  CPU_avx: 3216.2406861253844
  CPU_avx512: 4440.7585359814093
  m_CPU_enc_SHA: 3608917922.551877
  m_CPU_enc_AES: 5535167565.839057
  m_CPU_enc_ECDSA: 2238777683.9241681
  ME_ALLOC_S: 1982.7429750052379
  ME_READ_S: 24155.482421875
  ME_READ_L: 11331.2001953125
  ME_WRITE: 9738.5654296875
  ME_LARGE: 22030
  ME_LATENCY: 55.151114172294292
  ME_THREADED: 30547.81884765625
  SUMM_CPU: 5878.5147968109368
  SUMM_ME: 2249.1667588082373
SystemInformation:
  OSName: Ubuntu 24.04.1 LTS
  Kernel: 6.8.0-1017-azure
  Device: ""
  Processor: Intel Xeon Platinum 8370C CPU @ 2.80GHz
  NumSockets: 1
  Manufacturer: GenuineIntel
  NumCores: 2
  NumLogicals: 4
  CPUFrequency: 2800
  Memory: 32092
  MemModuleInfo:
    iNumMemSticks: 2
    DIMM 1:
      manufacturer: Microsoft Corporation
      modulePartNo: None
      memType: Unknown
      size: 1
      clkspeed: 0
      moduleVoltage: 0
    DIMM 2:
      manufacturer: Microsoft Corporation
      modulePartNo: None
      memType: Unknown
      size: 31
      clkspeed: 0
      moduleVoltage: 0
Checksum: 07A93AE18BF05131F3BF65C74815EEAF74796F18