---
system-info:
      stress-ng-version: 0.17.08
      run-by: root
      date-yyyy-mm-dd: 2024:06:09
      time-hh-mm-ss: 14:55:21
      epoch-secs: 1717944921
      hostname: d25a03aba52b
      sysname: Linux
      nodename: d25a03aba52b
      release: 6.8.0-1008-aws
      version: '#8-Ubuntu SMP Sat Apr 20 00:46:25 UTC 2024'
      machine: x86_64
      compiler: 'musl-gcc 13.2.1'
      uptime: 115
      totalram: 529676787712
      freeram: 524113821696
      sharedram: 70897664
      bufferram: 108867584
      totalswap: 0
      freeswap: 0
      pagesize: 4096
      cpus: 64
      cpus-online: 64
      ticks-per-second: 100

metrics:
    - stressor: cpu
      bogo-ops: 836966
      bogo-ops-per-second-usr-sys-time: 1308.552333
      bogo-ops-per-second-real-time: 83687.327054
      wall-clock-time: 10.001108
      user-time: 639.529219
      system-time: 0.082953
      cpu-usage-per-instance: 99.928329
      max-rss: 3584

...
