---
system-info:
      stress-ng-version: 0.17.08
      run-by: root
      date-yyyy-mm-dd: 2024:06:15
      time-hh-mm-ss: 17:40:39
      epoch-secs: 1718473239
      hostname: 689b41471454
      sysname: Linux
      nodename: 689b41471454
      release: 6.8.0-1008-aws
      version: '#8-Ubuntu SMP Sat Apr 20 00:46:25 UTC 2024'
      machine: x86_64
      compiler: 'musl-gcc 13.2.1'
      uptime: 126
      totalram: 529676791808
      freeram: 524319125504
      sharedram: 70897664
      bufferram: 108511232
      totalswap: 0
      freeswap: 0
      pagesize: 4096
      cpus: 64
      cpus-online: 64
      ticks-per-second: 100

metrics:
    - stressor: cpu
      bogo-ops: 1911086
      bogo-ops-per-second-usr-sys-time: 1493.657313
      bogo-ops-per-second-real-time: 95554.071202
      wall-clock-time: 20.000048
      user-time: 1279.426526
      system-time: 0.040982
      cpu-usage-per-instance: 99.958160
      max-rss: 512

...
