---
system-info:
      stress-ng-version: 0.17.08
      run-by: root
      date-yyyy-mm-dd: 2024:06:04
      time-hh-mm-ss: 13:28:00
      epoch-secs: 1717507680
      hostname: c4136927ea34
      sysname: Linux
      nodename: c4136927ea34
      release: 6.8.0-1008-aws
      version: '#8-Ubuntu SMP Sat Apr 20 00:46:25 UTC 2024'
      machine: x86_64
      compiler: 'musl-gcc 13.2.1'
      uptime: 740
      totalram: 32908677120
      freeram: 27482836992
      sharedram: 37097472
      bufferram: 79388672
      totalswap: 0
      freeswap: 0
      pagesize: 4096
      cpus: 16
      cpus-online: 16
      ticks-per-second: 100

metrics:
    - stressor: cpu
      bogo-ops: 285259
      bogo-ops-per-second-usr-sys-time: 1784.725333
      bogo-ops-per-second-real-time: 28522.404746
      wall-clock-time: 10.001225
      user-time: 159.815567
      system-time: 0.017991
      cpu-usage-per-instance: 99.883734
      max-rss: 3920

...
