---
system-info:
      stress-ng-version: 0.17.08
      run-by: root
      date-yyyy-mm-dd: 2024:06:06
      time-hh-mm-ss: 13:55:20
      epoch-secs: 1717682120
      hostname: 2e597b2f0b95
      sysname: Linux
      nodename: 2e597b2f0b95
      release: 6.8.0-1008-aws
      version: '#8-Ubuntu SMP Sat Apr 20 00:46:25 UTC 2024'
      machine: x86_64
      compiler: 'musl-gcc 13.2.1'
      uptime: 106
      totalram: 32908677120
      freeram: 28687687680
      sharedram: 37101568
      bufferram: 83709952
      totalswap: 0
      freeswap: 0
      pagesize: 4096
      cpus: 16
      cpus-online: 16
      ticks-per-second: 100

metrics:
    - stressor: cpu
      bogo-ops: 237793
      bogo-ops-per-second-usr-sys-time: 1487.933629
      bogo-ops-per-second-real-time: 23774.774887
      wall-clock-time: 10.001903
      user-time: 159.788267
      system-time: 0.025985
      cpu-usage-per-instance: 99.864900
      max-rss: 4176

...
