---
system-info:
      stress-ng-version: 0.17.08
      run-by: root
      date-yyyy-mm-dd: 2024:05:30
      time-hh-mm-ss: 21:36:27
      epoch-secs: 1717104987
      hostname: 118fb33f0c99
      sysname: Linux
      nodename: 118fb33f0c99
      release: 6.8.0-1008-aws
      version: '#8-Ubuntu SMP Sat Apr 20 00:46:25 UTC 2024'
      machine: x86_64
      compiler: 'musl-gcc 13.2.1'
      uptime: 1149
      totalram: 32908673024
      freeram: 27427397632
      sharedram: 37134336
      bufferram: 81211392
      totalswap: 0
      freeswap: 0
      pagesize: 4096
      cpus: 16
      cpus-online: 16
      ticks-per-second: 100

metrics:
    - stressor: cpu
      bogo-ops: 166280
      bogo-ops-per-second-usr-sys-time: 1040.639651
      bogo-ops-per-second-real-time: 16622.397110
      wall-clock-time: 10.003371
      user-time: 159.772348
      system-time: 0.013991
      cpu-usage-per-instance: 99.832811
      max-rss: 976

...
