---
system-info:
      stress-ng-version: 0.17.08
      run-by: root
      date-yyyy-mm-dd: 2024:06:14
      time-hh-mm-ss: 07:20:08
      epoch-secs: 1718349608
      hostname: 8dcf9aadd885
      sysname: Linux
      nodename: 8dcf9aadd885
      release: 6.8.0-1008-aws
      version: '#8-Ubuntu SMP Sat Apr 20 00:46:25 UTC 2024'
      machine: x86_64
      compiler: 'musl-gcc 13.2.1'
      uptime: 107
      totalram: 32908677120
      freeram: 28493209600
      sharedram: 37101568
      bufferram: 107212800
      totalswap: 0
      freeswap: 0
      pagesize: 4096
      cpus: 16
      cpus-online: 16
      ticks-per-second: 100

metrics:
    - stressor: cpu
      bogo-ops: 983613
      bogo-ops-per-second-usr-sys-time: 3076.953146
      bogo-ops-per-second-real-time: 49180.531132
      wall-clock-time: 20.000048
      user-time: 319.654109
      system-time: 0.016992
      cpu-usage-per-instance: 99.896978
      max-rss: 1104

...
