---
system-info:
      stress-ng-version: 0.17.08
      run-by: root
      date-yyyy-mm-dd: 2024:06:04
      time-hh-mm-ss: 14:25:01
      epoch-secs: 1717511101
      hostname: fc7020523736
      sysname: Linux
      nodename: fc7020523736
      release: 6.8.0-1008-aws
      version: '#8-Ubuntu SMP Sat Apr 20 00:46:25 UTC 2024'
      machine: x86_64
      compiler: 'musl-gcc 13.2.1'
      uptime: 718
      totalram: 32908668928
      freeram: 27454062592
      sharedram: 37138432
      bufferram: 79622144
      totalswap: 0
      freeswap: 0
      pagesize: 4096
      cpus: 16
      cpus-online: 16
      ticks-per-second: 100

metrics:
    - stressor: cpu
      bogo-ops: 285522
      bogo-ops-per-second-usr-sys-time: 1787.134494
      bogo-ops-per-second-real-time: 28549.103065
      wall-clock-time: 10.001085
      user-time: 159.741274
      system-time: 0.023982
      cpu-usage-per-instance: 99.842454
      max-rss: 3792

...
