---
system-info:
      stress-ng-version: 0.17.08
      run-by: root
      date-yyyy-mm-dd: 2024:09:20
      time-hh-mm-ss: 15:27:46
      epoch-secs: 1726846066
      hostname: sc-runner
      sysname: Linux
      nodename: sc-runner
      release: 6.8.0-1014-azure
      version: '#16-Ubuntu SMP Thu Aug 15 20:04:41 UTC 2024'
      machine: x86_64
      compiler: 'musl-gcc 13.2.1'
      uptime: 347
      totalram: 33650913280
      freeram: 23392980992
      sharedram: 38100992
      bufferram: 248786944
      totalswap: 0
      freeswap: 0
      pagesize: 4096
      cpus: 8
      cpus-online: 8
      ticks-per-second: 100

metrics:
    - stressor: cpu
      bogo-ops: 54049
      bogo-ops-per-second-usr-sys-time: 2702.459864
      bogo-ops-per-second-real-time: 2702.440593
      wall-clock-time: 20.000070
      user-time: 19.998928
      system-time: 0.000999
      cpu-usage-per-instance: 99.999287
      max-rss: 3024

...
