---
system-info:
      stress-ng-version: 0.17.08
      run-by: root
      date-yyyy-mm-dd: 2024:06:13
      time-hh-mm-ss: 13:04:02
      epoch-secs: 1718283842
      hostname: 49b430b13f15
      sysname: Linux
      nodename: 49b430b13f15
      release: 6.8.0-1008-aws
      version: '#8-Ubuntu SMP Sat Apr 20 02:43:14 UTC 2024'
      machine: aarch64
      compiler: 'musl-gcc 13.2.1'
      uptime: 199
      totalram: 8107868160
      freeram: 3890745344
      sharedram: 35008512
      bufferram: 106229760
      totalswap: 0
      freeswap: 0
      pagesize: 4096
      cpus: 2
      cpus-online: 2
      ticks-per-second: 100

metrics:
    - stressor: cpu
      bogo-ops: 30392
      bogo-ops-per-second-usr-sys-time: 1519.642474
      bogo-ops-per-second-real-time: 1519.592845
      wall-clock-time: 20.000094
      user-time: 19.999441
      system-time: 0.000000
      cpu-usage-per-instance: 99.996734
      max-rss: 1192

...
