---
system-info:
      stress-ng-version: 0.17.08
      run-by: root
      date-yyyy-mm-dd: 2024:06:07
      time-hh-mm-ss: 21:41:09
      epoch-secs: 1717796469
      hostname: 4a5b52fc7809
      sysname: Linux
      nodename: 4a5b52fc7809
      release: 6.8.0-1008-aws
      version: '#8-Ubuntu SMP Sat Apr 20 02:43:14 UTC 2024'
      machine: aarch64
      compiler: 'musl-gcc 13.2.1'
      uptime: 152
      totalram: 8107876352
      freeram: 3943931904
      sharedram: 35008512
      bufferram: 92897280
      totalswap: 0
      freeswap: 0
      pagesize: 4096
      cpus: 2
      cpus-online: 2
      ticks-per-second: 100

metrics:
    - stressor: cpu
      bogo-ops: 2940
      bogo-ops-per-second-usr-sys-time: 292.626849
      bogo-ops-per-second-real-time: 292.596302
      wall-clock-time: 10.047974
      user-time: 10.045926
      system-time: 0.000999
      cpu-usage-per-instance: 99.989561
      max-rss: 4008

...
