BaselineInfo:
  WebDBID: -1
  TimeStamp: 20241111115224
Version:
  Major: 11
  Minor: 0
  Build: 1002
  SpecialBuildName: ""
  ptArchitecture: aarch64_linux
Results:
  Results Complete: true
  NumTestProcesses: 64
  CPU_INTEGER_MATH: 403057.13100000011
  CPU_FLOATINGPOINT_MATH: 338670.61389621667
  CPU_PRIME: 553.33969698441376
  CPU_SORTING: 321538.61582081567
  CPU_ENCRYPTION: 12015.07636867496
  CPU_COMPRESSION: 443051.2472547557
  CPU_SINGLETHREAD: 1879.3373958156039
  CPU_PHYSICS: 15089.474299592199
  CPU_MATRIX_MULT_SSE: 57163.712539768705
  CPU_mm: 9190.6958261175077
  CPU_sse: 48175.72811573607
  CPU_fma: 66151.696963801267
  CPU_avx: 0
  CPU_avx512: 0
  m_CPU_enc_SHA: 17726973067.178185
  m_CPU_enc_AES: 7795204895.285677
  m_CPU_enc_ECDSA: 12273984192.61529
  ME_ALLOC_S: 36689.695774099891
  ME_READ_S: 25340.379101562499
  ME_READ_L: 19982.26171875
  ME_WRITE: 25747.04296875
  ME_LARGE: 241733.33333333334
  ME_LATENCY: 52.608643443349671
  ME_THREADED: 512202.7529296875
  SUMM_CPU: 44167.003326044542
  SUMM_ME: 3401.4572276068129
SystemInformation:
  OSName: Ubuntu 24.04.1 LTS
  Kernel: 6.8.0-1017-azure
  Device: ""
  Processor: ARM Neoverse-N2 64 Core 0 MHz
  NumSockets: 1
  Manufacturer: ARM
  NumCores: 64
  NumLogicals: 64
  CPUFrequency: 0
  Memory: 257214
Checksum: 550B2B0BAFF7E23F598A8824B201DACDAFA785C7