---
system-info:
      stress-ng-version: 0.17.08
      run-by: root
      date-yyyy-mm-dd: 2024:06:14
      time-hh-mm-ss: 09:55:14
      epoch-secs: 1718358914
      hostname: a54047afb4bd
      sysname: Linux
      nodename: a54047afb4bd
      release: 6.8.0-1008-aws
      version: '#8-Ubuntu SMP Sat Apr 20 02:43:14 UTC 2024'
      machine: aarch64
      compiler: 'musl-gcc 13.2.1'
      uptime: 127
      totalram: 8140918784
      freeram: 3895418880
      sharedram: 35012608
      bufferram: 107241472
      totalswap: 0
      freeswap: 0
      pagesize: 4096
      cpus: 4
      cpus-online: 4
      ticks-per-second: 100

metrics:
    - stressor: cpu
      bogo-ops: 30668
      bogo-ops-per-second-usr-sys-time: 1533.394326
      bogo-ops-per-second-real-time: 1533.391811
      wall-clock-time: 20.000107
      user-time: 20.000074
      system-time: 0.000000
      cpu-usage-per-instance: 99.999836
      max-rss: 1320

...
