---
system-info:
      stress-ng-version: 0.17.08
      run-by: root
      date-yyyy-mm-dd: 2024:06:06
      time-hh-mm-ss: 15:55:55
      epoch-secs: 1717689355
      hostname: 3040d5b013f2
      sysname: Linux
      nodename: 3040d5b013f2
      release: 6.8.0-1008-aws
      version: '#8-Ubuntu SMP Sat Apr 20 02:43:14 UTC 2024'
      machine: aarch64
      compiler: 'musl-gcc 13.2.1'
      uptime: 113
      totalram: 8140914688
      freeram: 4030787584
      sharedram: 35012608
      bufferram: 84201472
      totalswap: 0
      freeswap: 0
      pagesize: 4096
      cpus: 4
      cpus-online: 4
      ticks-per-second: 100

metrics:
    - stressor: cpu
      bogo-ops: 4267
      bogo-ops-per-second-usr-sys-time: 424.987047
      bogo-ops-per-second-real-time: 424.990929
      wall-clock-time: 10.040214
      user-time: 10.039306
      system-time: 0.001000
      cpu-usage-per-instance: 100.000913
      max-rss: 4008

...
