BaselineInfo:
  WebDBID: -1
  TimeStamp: 20241125153244
Version:
  Major: 11
  Minor: 0
  Build: 1002
  SpecialBuildName: ""
  ptArchitecture: x86_64_linux
Results:
  Results Complete: true
  NumTestProcesses: 8
  CPU_INTEGER_MATH: 37965.167333333338
  CPU_FLOATINGPOINT_MATH: 21253.015769090467
  CPU_PRIME: 94.934890585292237
  CPU_SORTING: 23215.976723201693
  CPU_ENCRYPTION: 9655.0147587167376
  CPU_COMPRESSION: 156054.23732181313
  CPU_SINGLETHREAD: 2907.4874274644912
  CPU_PHYSICS: 1505.3039098187173
  CPU_MATRIX_MULT_SSE: 10861.344124310686
  CPU_mm: 1016.3401975031477
  CPU_sse: 4454.2089631968356
  CPU_fma: 14043.745037420606
  CPU_avx: 11550.56990419803
  CPU_avx512: 13396.852592427269
  m_CPU_enc_SHA: 13476645538.551779
  m_CPU_enc_AES: 9148539506.3327217
  m_CPU_enc_ECDSA: 7746865222.0239887
  ME_ALLOC_S: 3921.8965183619503
  ME_READ_S: 27904.0830078125
  ME_READ_L: 27575.568359375
  ME_WRITE: 26779.326171875
  ME_LARGE: 21214.416666666668
  ME_LATENCY: 77.040864038261716
  ME_THREADED: 37322.318359375
  SUMM_CPU: 14478.208269238869
  SUMM_ME: 2486.7003869252512
SystemInformation:
  OSName: Ubuntu 24.04.1 LTS
  Kernel: 6.8.0-1017-azure
  Device: ""
  Processor: AMD EPYC 9V74 80-Core Processor
  NumSockets: 1
  Manufacturer: AuthenticAMD
  NumCores: 4
  NumLogicals: 8
  CPUFrequency: 0
  Memory: 32092
  MemModuleInfo:
    iNumMemSticks: 2
    DIMM 1:
      manufacturer: Microsoft Corporation
      modulePartNo: None
      memType: Unknown
      size: 1
      clkspeed: 0
      moduleVoltage: 0
    DIMM 2:
      manufacturer: Microsoft Corporation
      modulePartNo: None
      memType: Unknown
      size: 31
      clkspeed: 0
      moduleVoltage: 0
Checksum: 52180E4B616CD5FA45E395C3447A59A12B516EDF