---
system-info:
      stress-ng-version: 0.17.08
      run-by: root
      date-yyyy-mm-dd: 2024:09:21
      time-hh-mm-ss: 16:47:17
      epoch-secs: 1726937237
      hostname: sc-runner
      sysname: Linux
      nodename: sc-runner
      release: 6.8.0-1014-azure
      version: '#16-Ubuntu SMP Thu Aug 15 20:04:41 UTC 2024'
      machine: x86_64
      compiler: 'musl-gcc 13.2.1'
      uptime: 313
      totalram: 67420598272
      freeram: 57035108352
      sharedram: 38223872
      bufferram: 253276160
      totalswap: 0
      freeswap: 0
      pagesize: 4096
      cpus: 16
      cpus-online: 16
      ticks-per-second: 100

metrics:
    - stressor: cpu
      bogo-ops: 432441
      bogo-ops-per-second-usr-sys-time: 1354.046430
      bogo-ops-per-second-real-time: 21621.965086
      wall-clock-time: 20.000079
      user-time: 319.334422
      system-time: 0.034981
      cpu-usage-per-instance: 99.802546
      max-rss: 3252

...
