---
system-info:
      stress-ng-version: 0.17.08
      run-by: root
      date-yyyy-mm-dd: 2024:09:03
      time-hh-mm-ss: 14:02:55
      epoch-secs: 1725372175
      hostname: sc-runner
      sysname: Linux
      nodename: sc-runner
      release: 6.8.0-1013-azure
      version: '#15-Ubuntu SMP Thu Aug  8 18:40:40 UTC 2024'
      machine: x86_64
      compiler: 'musl-gcc 13.2.1'
      uptime: 335
      totalram: 67420610560
      freeram: 58763599872
      sharedram: 38223872
      bufferram: 216256512
      totalswap: 0
      freeswap: 0
      pagesize: 4096
      cpus: 16
      cpus-online: 16
      ticks-per-second: 100

metrics:
    - stressor: cpu
      bogo-ops: 432526
      bogo-ops-per-second-usr-sys-time: 1353.434509
      bogo-ops-per-second-real-time: 21626.228024
      wall-clock-time: 20.000067
      user-time: 319.542613
      system-time: 0.033988
      cpu-usage-per-instance: 99.867355
      max-rss: 3152

...
