BaselineInfo:
  WebDBID: -1
  TimeStamp: 20260702100915
Version:
  Major: 11
  Minor: 0
  Build: 1004
  SpecialBuildName: ""
  ptArchitecture: x86_64_linux
Results:
  Results Complete: true
  NumTestProcesses: 8
  CPU_INTEGER_MATH: 38318.084666666669
  CPU_FLOATINGPOINT_MATH: 21508.30722385439
  CPU_PRIME: 92.30300364606785
  CPU_SORTING: 23156.117947773368
  CPU_ENCRYPTION: 9725.2779129295523
  CPU_COMPRESSION: 160229.82856638712
  CPU_SINGLETHREAD: 2904.3884762812745
  CPU_PHYSICS: 1539.4930220145679
  CPU_MATRIX_MULT_SSE: 10954.017997921059
  CPU_mm: 1029.3957569203751
  CPU_sse: 4497.1744520608872
  CPU_fma: 14184.326487925953
  CPU_avx: 11708.415548457797
  CPU_avx512: 13426.155503239597
  m_CPU_enc_SHA: 13609853889.014969
  m_CPU_enc_AES: 9238934540.0743771
  m_CPU_enc_ECDSA: 7744290609.3947134
  ME_ALLOC_S: 3958.4747083228722
  ME_READ_S: 27806.2236328125
  ME_READ_L: 26382.7265625
  ME_WRITE: 25849.60546875
  ME_LARGE: 6650.166666666667
  ME_LATENCY: 73.230382597943972
  ME_THREADED: 48567.77001953125
  SUMM_CPU: 14617.844434013356
  SUMM_ME: 2384.9702281426812
SystemInformation:
  OSName: Ubuntu 24.04.4 LTS
  Kernel: 6.8.0-124-generic
  Device: ""
  Processor: "AMD EPYC 9T34 64-Core Processor                "
  NumSockets: 1
  Manufacturer: AuthenticAMD
  NumCores: 4
  NumLogicals: 8
  CPUFrequency: 0
  CPUMaxFrequency: 0
  Memory: 15069
  CPUInfo:
    number: 1
    Family: 15
    Model: 1
    stepping: 1
    features: 395049983
    manufacture: AuthenticAMD
    typestring: "AMD EPYC 9T34 64-Core Processor                "
    iCoresPerPackage: 4
    iThreadsPerPackage: 2
    featuresEx:
      - 395049983
      - 4277809667
      - 802421759
    bHybrid: false
    nPCore: 0
    nLogicalsPerPCore: 0
    nECore: 0
    nLogicalsPerECore: 0
  MemModuleInfo:
    iNumMemSticks: 1
    DIMM 1:
      manufacturer: Alibaba Cloud
      modulePartNo: Not Specified
      memType: RAM
      size: 16
      clkspeed: 0
      moduleVoltage: 0
Checksum: 117FB28BFB5D16A2AD6EC0AFC8A79C7DC1019E2A