BaselineInfo:
  WebDBID: -1
  TimeStamp: 20241107072302
Version:
  Major: 11
  Minor: 0
  Build: 1002
  SpecialBuildName: ""
  ptArchitecture: x86_64_linux
Results:
  Results Complete: true
  NumTestProcesses: 4
  CPU_INTEGER_MATH: 10319.897333333334
  CPU_FLOATINGPOINT_MATH: 5448.9314743231762
  CPU_PRIME: 16.169096862797719
  CPU_SORTING: 6462.8959630309109
  CPU_ENCRYPTION: 3248.9765903658672
  CPU_COMPRESSION: 43676.418060731849
  CPU_SINGLETHREAD: 1441.0889480451401
  CPU_PHYSICS: 382.13039547510289
  CPU_MATRIX_MULT_SSE: 1603.6557866700464
  CPU_mm: 312.9802110633741
  CPU_sse: 1271.4089929469628
  CPU_fma: 1872.7526281443543
  CPU_avx: 1666.8057389188218
  CPU_avx512: 0
  m_CPU_enc_SHA: 4595441412.6866713
  m_CPU_enc_AES: 3175157523.1442294
  m_CPU_enc_ECDSA: 2449797695.8275375
  ME_ALLOC_S: 991.42263043255207
  ME_READ_S: 14883.347460937501
  ME_READ_L: 11802.7333984375
  ME_WRITE: 8104.23046875
  ME_LARGE: 5811.416666666667
  ME_LATENCY: 61.800900268189821
  ME_THREADED: 28168.58642578125
  SUMM_CPU: 3670.1714476123625
  SUMM_ME: 1689.5043492731995
SystemInformation:
  OSName: Ubuntu 24.04.1 LTS
  Kernel: 6.8.0-1016-aws
  Device: ""
  Processor: AMD EPYC 7571
  NumSockets: 1
  Manufacturer: AuthenticAMD
  NumCores: 2
  NumLogicals: 4
  CPUFrequency: 0
  Memory: 15706
  MemModuleInfo:
    iNumMemSticks: 1
    DIMM 1:
      manufacturer: Not Specified
      modulePartNo: Not Specified
      memType: DDR4
      size: 16
      clkspeed: 1333
      moduleVoltage: 0
Checksum: 29C9BF3EE98E7083911EFE345C39C5997BF7E7EA