---
system-info:
      stress-ng-version: 0.17.08
      run-by: root
      date-yyyy-mm-dd: 2024:07:09
      time-hh-mm-ss: 19:14:44
      epoch-secs: 1720552484
      hostname: ip-172-31-29-153
      sysname: Linux
      nodename: ip-172-31-29-153
      release: 6.8.0-1009-aws
      version: '#9-Ubuntu SMP Fri May 17 20:15:49 UTC 2024'
      machine: aarch64
      compiler: 'musl-gcc 13.2.1'
      uptime: 143
      totalram: 809578856448
      freeram: 803382165504
      sharedram: 39686144
      bufferram: 134901760
      totalswap: 0
      freeswap: 0
      pagesize: 4096
      cpus: 96
      cpus-online: 96
      ticks-per-second: 100

metrics:
    - stressor: cpu
      bogo-ops: 34196
      bogo-ops-per-second-usr-sys-time: 1709.761701
      bogo-ops-per-second-real-time: 1709.793233
      wall-clock-time: 20.000079
      user-time: 20.000448
      system-time: 0.000000
      cpu-usage-per-instance: 100.001844
      max-rss: 768

...
