BaselineInfo:
  WebDBID: -1
  TimeStamp: 20260404052127
Version:
  Major: 11
  Minor: 0
  Build: 1004
  SpecialBuildName: ""
  ptArchitecture: x86_64_linux
Results:
  Results Complete: true
  NumTestProcesses: 4
  CPU_INTEGER_MATH: 13949.085999999999
  CPU_FLOATINGPOINT_MATH: 7468.5197189032933
  CPU_PRIME: 34.077754808018696
  CPU_SORTING: 8670.4422267896171
  CPU_ENCRYPTION: 1930.1581100792575
  CPU_COMPRESSION: 65196.421890960177
  CPU_SINGLETHREAD: 2346.3445297694584
  CPU_PHYSICS: 607.44027983511739
  CPU_MATRIX_MULT_SSE: 3564.4080885763551
  CPU_mm: 424.07890942926599
  CPU_sse: 1513.7241347861682
  CPU_fma: 4493.0072983112241
  CPU_avx: 3175.9287248643182
  CPU_avx512: 5074.9721963437105
  m_CPU_enc_SHA: 629983329.45067203
  m_CPU_enc_AES: 4872099983.133503
  m_CPU_enc_ECDSA: 569669098.71922839
  ME_ALLOC_S: 1583.5583667651983
  ME_READ_S: 24761.80078125
  ME_READ_L: 10611.814453125
  ME_WRITE: 10731.0400390625
  ME_LARGE: 18591
  ME_LATENCY: 51.22308595719668
  ME_THREADED: 26714.78125
  SUMM_CPU: 5040.0805145783352
  SUMM_ME: 2238.9970188757293
SystemInformation:
  OSName: Ubuntu 24.04.4 LTS
  Kernel: 6.8.0-106-generic
  Device: ""
  Processor: Intel(R) Xeon(R) Platinum 8369HB CPU @ 3.30GHz
  NumSockets: 1
  Manufacturer: GenuineIntel
  NumCores: 2
  NumLogicals: 4
  CPUFrequency: 0
  CPUMaxFrequency: 0
  Memory: 31192
  CPUInfo:
    number: 1
    Family: 6
    Model: 5
    stepping: 11
    features: 529267711
    manufacture: GenuineIntel
    typestring: Intel(R) Xeon(R) Platinum 8369HB CPU @ 3.30GHz
    iCoresPerPackage: 2
    iThreadsPerPackage: 2
    featuresEx:
      - 529267711
      - 4277809667
      - 739248128
    bHybrid: false
    nPCore: 0
    nLogicalsPerPCore: 0
    nECore: 0
    nLogicalsPerECore: 0
  MemModuleInfo:
    iNumMemSticks: 2
    DIMM 1:
      manufacturer: Alibaba Cloud
      modulePartNo: Not Specified
      memType: RAM
      size: 16
      clkspeed: 0
      moduleVoltage: 0
    DIMM 2:
      manufacturer: Alibaba Cloud
      modulePartNo: Not Specified
      memType: RAM
      size: 16
      clkspeed: 0
      moduleVoltage: 0
Checksum: E689B5B51AE91C016864BE976771FDCC657D7A0C