---
system-info:
      stress-ng-version: 0.17.08
      run-by: root
      date-yyyy-mm-dd: 2024:06:08
      time-hh-mm-ss: 21:41:35
      epoch-secs: 1717882895
      hostname: 08edd725b888
      sysname: Linux
      nodename: 08edd725b888
      release: 6.8.0-1008-aws
      version: '#8-Ubuntu SMP Sat Apr 20 02:43:14 UTC 2024'
      machine: aarch64
      compiler: 'musl-gcc 13.2.1'
      uptime: 127
      totalram: 66199494656
      freeram: 61638897664
      sharedram: 34963456
      bufferram: 105644032
      totalswap: 0
      freeswap: 0
      pagesize: 4096
      cpus: 16
      cpus-online: 16
      ticks-per-second: 100

metrics:
    - stressor: cpu
      bogo-ops: 4267
      bogo-ops-per-second-usr-sys-time: 424.624901
      bogo-ops-per-second-real-time: 424.626759
      wall-clock-time: 10.048825
      user-time: 10.048869
      system-time: 0.000000
      cpu-usage-per-instance: 100.000438
      max-rss: 4136

...
