---
system-info:
      stress-ng-version: 0.17.08
      run-by: root
      date-yyyy-mm-dd: 2024:06:15
      time-hh-mm-ss: 06:27:06
      epoch-secs: 1718432826
      hostname: 1d738577b79f
      sysname: Linux
      nodename: 1d738577b79f
      release: 6.8.0-1008-aws
      version: '#8-Ubuntu SMP Sat Apr 20 02:43:14 UTC 2024'
      machine: aarch64
      compiler: 'musl-gcc 13.2.1'
      uptime: 153
      totalram: 66199494656
      freeram: 61791010816
      sharedram: 34963456
      bufferram: 109117440
      totalswap: 0
      freeswap: 0
      pagesize: 4096
      cpus: 16
      cpus-online: 16
      ticks-per-second: 100

metrics:
    - stressor: cpu
      bogo-ops: 30672
      bogo-ops-per-second-usr-sys-time: 1533.590568
      bogo-ops-per-second-real-time: 1533.592212
      wall-clock-time: 20.000102
      user-time: 20.000123
      system-time: 0.000000
      cpu-usage-per-instance: 100.000107
      max-rss: 1192

...
