---
system-info:
      stress-ng-version: 0.17.08
      run-by: root
      date-yyyy-mm-dd: 2024:09:16
      time-hh-mm-ss: 20:57:04
      epoch-secs: 1726520224
      hostname: sc-runner
      sysname: Linux
      nodename: sc-runner
      release: 6.8.0-1014-azure
      version: '#16-Ubuntu SMP Thu Aug 15 20:04:41 UTC 2024'
      machine: x86_64
      compiler: 'musl-gcc 13.2.1'
      uptime: 318
      totalram: 135070523392
      freeram: 124975251456
      sharedram: 42033152
      bufferram: 231882752
      totalswap: 0
      freeswap: 0
      pagesize: 4096
      cpus: 4
      cpus-online: 4
      ticks-per-second: 100

metrics:
    - stressor: cpu
      bogo-ops: 74165
      bogo-ops-per-second-usr-sys-time: 934.302904
      bogo-ops-per-second-real-time: 3708.233589
      wall-clock-time: 20.000089
      user-time: 79.358058
      system-time: 0.021980
      cpu-usage-per-instance: 99.224608
      max-rss: 3128

...
