---
system-info:
      stress-ng-version: 0.17.08
      run-by: root
      date-yyyy-mm-dd: 2024:06:10
      time-hh-mm-ss: 08:27:52
      epoch-secs: 1718008072
      hostname: f335e840f221
      sysname: Linux
      nodename: f335e840f221
      release: 6.8.0-31-generic
      version: '#31-Ubuntu SMP PREEMPT_DYNAMIC Sat Apr 20 00:40:06 UTC 2024'
      machine: x86_64
      compiler: 'musl-gcc 13.2.1'
      uptime: 78
      totalram: 131889442816
      freeram: 127862599680
      sharedram: 38268928
      bufferram: 152252416
      totalswap: 0
      freeswap: 0
      pagesize: 4096
      cpus: 32
      cpus-online: 32
      ticks-per-second: 100

metrics:
    - stressor: cpu
      bogo-ops: 441160
      bogo-ops-per-second-usr-sys-time: 1379.777632
      bogo-ops-per-second-real-time: 44107.981853
      wall-clock-time: 10.001818
      user-time: 319.666693
      system-time: 0.065987
      cpu-usage-per-instance: 99.898303
      max-rss: 3848

...
