---
system-info:
      stress-ng-version: 0.17.08
      run-by: root
      date-yyyy-mm-dd: 2024:06:14
      time-hh-mm-ss: 21:52:00
      epoch-secs: 1718401920
      hostname: 5ea5ac3cc125
      sysname: Linux
      nodename: 5ea5ac3cc125
      release: 6.8.0-31-generic
      version: '#31-Ubuntu SMP PREEMPT_DYNAMIC Sat Apr 20 00:40:06 UTC 2024'
      machine: x86_64
      compiler: 'musl-gcc 13.2.1'
      uptime: 83
      totalram: 131889442816
      freeram: 128070348800
      sharedram: 38268928
      bufferram: 142766080
      totalswap: 0
      freeswap: 0
      pagesize: 4096
      cpus: 32
      cpus-online: 32
      ticks-per-second: 100

metrics:
    - stressor: cpu
      bogo-ops: 980479
      bogo-ops-per-second-usr-sys-time: 1533.043456
      bogo-ops-per-second-real-time: 49023.841227
      wall-clock-time: 20.000044
      user-time: 639.533756
      system-time: 0.029980
      cpu-usage-per-instance: 99.931612
      max-rss: 1032

...
