BaselineInfo:
  WebDBID: -1
  TimeStamp: 20241107113401
Version:
  Major: 11
  Minor: 0
  Build: 1002
  SpecialBuildName: ""
  ptArchitecture: x86_64_linux
Results:
  Results Complete: true
  NumTestProcesses: 4
  CPU_INTEGER_MATH: 16653.973000000002
  CPU_FLOATINGPOINT_MATH: 8523.3125924989254
  CPU_PRIME: 31.930954406349102
  CPU_SORTING: 8566.2019778716021
  CPU_ENCRYPTION: 3615.1346849210786
  CPU_COMPRESSION: 62433.984260961748
  CPU_SINGLETHREAD: 2412.9589807365996
  CPU_PHYSICS: 609.29457863649986
  CPU_MATRIX_MULT_SSE: 3409.562668181502
  CPU_mm: 359.70638603938983
  CPU_sse: 1582.4720601737301
  CPU_fma: 4343.0359654897766
  CPU_avx: 3213.9296224541258
  CPU_avx512: 4498.8130246083747
  m_CPU_enc_SHA: 3643970225.3583174
  m_CPU_enc_AES: 5488129517.9267607
  m_CPU_enc_ECDSA: 2240130658.8423362
  ME_ALLOC_S: 1641.7983808847555
  ME_READ_S: 23507.485937500001
  ME_READ_L: 7689.892578125
  ME_WRITE: 7193.04833984375
  ME_LARGE: 684.91666666666663
  ME_LATENCY: 90.586380660103302
  ME_THREADED: 21766.95849609375
  SUMM_CPU: 5765.908066694572
  SUMM_ME: 924.8725377310858
SystemInformation:
  OSName: Ubuntu 24.04.1 LTS
  Kernel: 6.8.0-1017-azure
  Device: ""
  Processor: Intel Xeon Platinum 8370C CPU @ 2.80GHz
  NumSockets: 1
  Manufacturer: GenuineIntel
  NumCores: 2
  NumLogicals: 4
  CPUFrequency: 2800
  Memory: 7936
  MemModuleInfo:
    iNumMemSticks: 2
    DIMM 1:
      manufacturer: Microsoft Corporation
      modulePartNo: None
      memType: Unknown
      size: 1
      clkspeed: 0
      moduleVoltage: 0
    DIMM 2:
      manufacturer: Microsoft Corporation
      modulePartNo: None
      memType: Unknown
      size: 7
      clkspeed: 0
      moduleVoltage: 0
Checksum: 5EFFE8BF502A02AEFA9507E57FD3AFC4F309E12F