---
system-info:
      stress-ng-version: 0.17.08
      run-by: root
      date-yyyy-mm-dd: 2024:08:30
      time-hh-mm-ss: 13:34:41
      epoch-secs: 1725024881
      hostname: sc-runner
      sysname: Linux
      nodename: sc-runner
      release: 6.8.0-1013-azure
      version: '#15-Ubuntu SMP Thu Aug  8 18:40:40 UTC 2024'
      machine: x86_64
      compiler: 'musl-gcc 13.2.1'
      uptime: 401
      totalram: 8323649536
      freeram: 231104512
      sharedram: 42033152
      bufferram: 201039872
      totalswap: 0
      freeswap: 0
      pagesize: 4096
      cpus: 2
      cpus-online: 2
      ticks-per-second: 100

metrics:
    - stressor: cpu
      bogo-ops: 28204
      bogo-ops-per-second-usr-sys-time: 1410.411985
      bogo-ops-per-second-real-time: 1410.196184
      wall-clock-time: 20.000054
      user-time: 19.992995
      system-time: 0.003999
      cpu-usage-per-instance: 99.984699
      max-rss: 3152

...
