size_kb,operation,bandwidth_mb_s,latency_ns,latency_stddev_ns,latency_samples,threads,iterations,elapsed_s
32,read,1446558.79,0,0,0,20,462107,0.199658
32,write,1046220.76,0,0,0,20,356633,0.213048
32,copy,725219.97,0,0,0,20,77543,0.066827
32,latency,0,1.09,0.08,21,1,21,0.480966
128,read,1516367.62,0,0,0,20,141803,0.233787
128,write,1469333.28,0,0,0,20,105797,0.180009
128,copy,790026.49,0,0,0,20,60459,0.191320
128,latency,0,2.78,0.05,7,1,7,0.723308
256,read,1232428.32,0,0,0,20,104036,0.422077
256,write,1509899.07,0,0,0,20,44271,0.146603
256,copy,981183.47,0,0,0,20,13947,0.071072
256,latency,0,3.32,0.03,7,1,7,0.721564
512,read,1322612.40,0,0,0,20,40729,0.307944
512,write,1258960.68,0,0,0,20,43645,0.346675
512,copy,586229.68,0,0,0,20,9417,0.160637
512,latency,0,4.70,0.26,21,1,21,2.569697
1024,read,1233670.27,0,0,0,20,18316,0.296935
1024,write,1210819.44,0,0,0,20,19674,0.324970
1024,copy,533282.65,0,0,0,20,4058,0.152189
1024,latency,0,8.93,0.42,7,1,7,1.020166
4096,read,962531.77,0,0,0,20,1629,0.135393
4096,write,405879.23,0,0,0,20,659,0.129891
4096,copy,75881.84,0,0,0,20,373,0.393243
4096,latency,0,248.68,5.73,7,1,7,0.661993
8192,read,81694.60,0,0,0,20,241,0.472002
8192,write,112672.14,0,0,0,20,184,0.261289
8192,copy,36969.46,0,0,0,20,179,0.774693
8192,latency,0,145.41,58.54,21,1,21,2.384038
16384,read,219144.59,0,0,0,20,483,0.705288
16384,write,117625.59,0,0,0,20,413,1.123565
16384,copy,58857.72,0,0,0,20,299,1.625615
16384,latency,0,147.47,2.30,7,1,7,1.593407
32768,read,172930.81,0,0,0,20,205,0.758685
32768,write,91187.38,0,0,0,20,101,0.708870
32768,copy,54445.08,0,0,0,20,67,0.787583
32768,latency,0,168.52,1.56,7,1,7,3.615449
65536,read,149137.57,0,0,0,20,69,0.592205
65536,write,78364.78,0,0,0,20,63,1.029034
65536,copy,53913.33,0,0,0,20,24,0.569803
65536,latency,0,171.28,6.92,7,1,7,8.737596
