BaselineInfo:
  WebDBID: -1
  TimeStamp: 20250228145307
Version:
  Major: 11
  Minor: 0
  Build: 1002
  SpecialBuildName: ""
  ptArchitecture: x86_64_linux
Results:
  Results Complete: true
  NumTestProcesses: 8
  CPU_INTEGER_MATH: 38314.842333333327
  CPU_FLOATINGPOINT_MATH: 27940.02384428362
  CPU_PRIME: 127.97891695334405
  CPU_SORTING: 22935.013888594305
  CPU_ENCRYPTION: 9303.3340731858279
  CPU_COMPRESSION: 169416.82043958674
  CPU_SINGLETHREAD: 2156.8622157902278
  CPU_PHYSICS: 2078.6954179439799
  CPU_MATRIX_MULT_SSE: 14420.790224759974
  CPU_mm: 1635.7758307230015
  CPU_sse: 6432.3201087756697
  CPU_fma: 21279.941325066255
  CPU_avx: 15550.109240438003
  CPU_avx512: 0
  m_CPU_enc_SHA: 13131279597.920717
  m_CPU_enc_AES: 8470091273.9423666
  m_CPU_enc_ECDSA: 7664387615.5116253
  ME_ALLOC_S: 4451.2194575570948
  ME_READ_S: 25268.292773437501
  ME_READ_L: 7600.43896484375
  ME_WRITE: 7717.60546875
  ME_LARGE: 12883.583333333334
  ME_LATENCY: 94.771077004252277
  ME_THREADED: 42173.1748046875
  SUMM_CPU: 15650.133833133237
  SUMM_ME: 1689.3466900958633
SystemInformation:
  OSName: Ubuntu 24.04.1 LTS
  Kernel: 6.8.0-31-generic
  Device: ""
  Processor: AMD EPYC 7542 32-Core Processor
  NumSockets: 1
  Manufacturer: AuthenticAMD
  NumCores: 8
  NumLogicals: 8
  CPUFrequency: 0
  Memory: 23986
  MemModuleInfo:
    iNumMemSticks: 2
    DIMM 1:
      manufacturer: QEMU
      modulePartNo: Not Specified
      memType: RAM
      size: 16
      clkspeed: 0
      moduleVoltage: 0
    DIMM 2:
      manufacturer: QEMU
      modulePartNo: Not Specified
      memType: RAM
      size: 8
      clkspeed: 0
      moduleVoltage: 0
Checksum: 5F6A544FB3CF605B85F3E267911F33BBD3C5F96F