BaselineInfo:
  WebDBID: -1
  TimeStamp: 20260522140326
Version:
  Major: 11
  Minor: 0
  Build: 1004
  SpecialBuildName: ""
  ptArchitecture: x86_64_linux
Results:
  Results Complete: true
  NumTestProcesses: 4
  CPU_INTEGER_MATH: 26654.417666666668
  CPU_FLOATINGPOINT_MATH: 28603.605302742675
  CPU_PRIME: 98.131647309296127
  CPU_SORTING: 15502.126517181918
  CPU_ENCRYPTION: 6037.2032190537557
  CPU_COMPRESSION: 119798.00329986413
  CPU_SINGLETHREAD: 3363.224082264805
  CPU_PHYSICS: 1137.4459328776775
  CPU_MATRIX_MULT_SSE: 9978.216706759782
  CPU_mm: 993.77876799903788
  CPU_sse: 3980.5828919443652
  CPU_fma: 13419.668197806579
  CPU_avx: 7482.1994017487077
  CPU_avx512: 15030.416335539478
  m_CPU_enc_SHA: 8425590358.2042837
  m_CPU_enc_AES: 5293835405.4319258
  m_CPU_enc_ECDSA: 5271973444.2313232
  ME_ALLOC_S: 4413.9004373569296
  ME_READ_S: 31527.402929687501
  ME_READ_L: 26160.595703125
  ME_WRITE: 22887.48828125
  ME_LARGE: 1712.1666666666667
  ME_LATENCY: 110.30618933541716
  ME_THREADED: 80050.251953125
  SUMM_CPU: 11887.954673230641
  SUMM_ME: 1532.0436231400136
SystemInformation:
  OSName: Ubuntu 24.04.4 LTS
  Kernel: 6.8.0-111-generic
  Device: ""
  Processor: "AMD EPYC 9575F 64-Core Processor               "
  NumSockets: 1
  Manufacturer: AuthenticAMD
  NumCores: 4
  NumLogicals: 4
  CPUFrequency: 0
  CPUMaxFrequency: 0
  Memory: 7845
  CPUInfo:
    number: 1
    Family: 15
    Model: 2
    stepping: 1
    features: 395049983
    manufacture: AuthenticAMD
    typestring: "AMD EPYC 9575F 64-Core Processor               "
    iCoresPerPackage: 255
    iThreadsPerPackage: 1
    featuresEx:
      - 395049983
      - 4294586883
      - 802421759
    bHybrid: false
    nPCore: 0
    nLogicalsPerPCore: 0
    nECore: 0
    nLogicalsPerECore: 0
  MemModuleInfo:
    iNumMemSticks: 1
    DIMM 1:
      manufacturer: QEMU
      modulePartNo: Not Specified
      memType: RAM
      size: 8
      clkspeed: 0
      moduleVoltage: 0
Checksum: 7E3A292FDEAF71981B1C6ADE0E49B29317AA941F