BaselineInfo:
  WebDBID: -1
  TimeStamp: 20241107220251
Version:
  Major: 11
  Minor: 0
  Build: 1002
  SpecialBuildName: ""
  ptArchitecture: x86_64_linux
Results:
  Results Complete: true
  NumTestProcesses: 8
  CPU_INTEGER_MATH: 24721.868666666669
  CPU_FLOATINGPOINT_MATH: 13272.262650498384
  CPU_PRIME: 42.783622121902539
  CPU_SORTING: 12919.848811548862
  CPU_ENCRYPTION: 3409.5944848950458
  CPU_COMPRESSION: 110227.62110969119
  CPU_SINGLETHREAD: 1982.9498256379866
  CPU_PHYSICS: 849.50906921260764
  CPU_MATRIX_MULT_SSE: 7291.7072883667306
  CPU_mm: 752.97701214708138
  CPU_sse: 2690.5609594882358
  CPU_fma: 8915.762813616946
  CPU_avx: 6296.6464807603879
  CPU_avx512: 11263.858899601355
  m_CPU_enc_SHA: 1117513416.767622
  m_CPU_enc_AES: 8607820171.2067299
  m_CPU_enc_ECDSA: 1000323251.8055735
  ME_ALLOC_S: 2840.9686743284915
  ME_READ_S: 24232.662304687499
  ME_READ_L: 9797.466796875
  ME_WRITE: 9854.1064453125
  ME_LARGE: 10538
  ME_LATENCY: 55.357492518443657
  ME_THREADED: 46032.16259765625
  SUMM_CPU: 8394.7270821989114
  SUMM_ME: 2219.0372074042302
SystemInformation:
  OSName: Ubuntu 24.04.1 LTS
  Kernel: 6.8.0-1016-aws
  Device: ""
  Processor: Intel Xeon Platinum 8124M CPU @ 3.00GHz
  NumSockets: 1
  Manufacturer: GenuineIntel
  NumCores: 4
  NumLogicals: 8
  CPUFrequency: 0
  Memory: 20530
  MemModuleInfo:
    iNumMemSticks: 1
    DIMM 1:
      manufacturer: Not Specified
      modulePartNo: Not Specified
      memType: DDR4
      size: 21
      clkspeed: 1333
      moduleVoltage: 0
Checksum: 34C0B8BAFD442C98539437DD81F08FDCE4987946