size_kb,operation,bandwidth_mb_s,latency_ns,latency_stddev_ns,latency_samples,threads,iterations,elapsed_s
32,read,104847.14,0,0,0,2,373691,0.222759
32,write,58866.64,0,0,0,2,372578,0.395574
32,copy,49247.91,0,0,0,2,300120,0.380879
32,latency,0,1.33,0.01,7,1,7,0.192890
128,read,104467.99,0,0,0,2,163826,0.392048
128,write,57987.47,0,0,0,2,110035,0.474391
128,copy,49354.31,0,0,0,2,93879,0.475536
128,latency,0,3.67,0.00,7,1,7,0.692764
1024,read,70289.06,0,0,0,2,23314,0.663375
1024,write,48227.43,0,0,0,2,6569,0.272418
1024,copy,16603.78,0,0,0,2,4318,0.520122
1024,latency,0,6.62,0.01,7,1,7,0.777194
2048,read,35801.95,0,0,0,2,6120,0.683762
2048,write,30129.17,0,0,0,2,5015,0.665800
2048,copy,16105.10,0,0,0,2,1659,0.412043
2048,latency,0,11.61,0.14,7,1,7,0.691554
4096,read,34524.59,0,0,0,2,1907,0.441888
4096,write,29570.91,0,0,0,2,1833,0.495893
4096,copy,16096.39,0,0,0,2,894,0.444323
4096,latency,0,22.32,0.04,7,1,7,0.720954
32768,read,31612.14,0,0,0,2,210,0.425153
32768,write,28195.31,0,0,0,2,133,0.301894
32768,copy,8237.36,0,0,0,2,50,0.388474
32768,latency,0,121.83,0.39,7,1,7,2.600545
65536,read,12861.95,0,0,0,2,42,0.417977
65536,write,16166.07,0,0,0,2,47,0.372137
65536,copy,7049.40,0,0,0,2,24,0.435782
65536,latency,0,123.86,4.08,7,1,7,5.347081
131072,read,11934.15,0,0,0,2,20,0.429021
131072,write,14854.60,0,0,0,2,23,0.396375
131072,copy,7215.98,0,0,0,2,12,0.425722
131072,latency,0,124.49,0.32,7,1,7,10.716070
262144,read,12072.70,0,0,0,2,9,0.381688
262144,write,14090.72,0,0,0,2,11,0.399696
262144,copy,7118.63,0,0,0,2,6,0.431544
262144,latency,0,127.38,0.46,7,1,7,22.105943
524288,read,11959.90,0,0,0,2,5,0.428097
524288,write,13990.63,0,0,0,2,5,0.365959
524288,copy,6135.72,0,0,0,1,3,0.250337
524288,latency,0,129.29,0.23,7,1,7,44.789442
