---
system-info:
      stress-ng-version: 0.17.08
      run-by: root
      date-yyyy-mm-dd: 2024:06:12
      time-hh-mm-ss: 15:42:29
      epoch-secs: 1718206949
      hostname: 28942ee90da9
      sysname: Linux
      nodename: 28942ee90da9
      release: 6.8.0-1008-aws
      version: '#8-Ubuntu SMP Sat Apr 20 00:46:25 UTC 2024'
      machine: x86_64
      compiler: 'musl-gcc 13.2.1'
      uptime: 175
      totalram: 3979276288
      freeram: 264097792
      sharedram: 40714240
      bufferram: 106668032
      totalswap: 0
      freeswap: 0
      pagesize: 4096
      cpus: 2
      cpus-online: 2
      ticks-per-second: 100

metrics:
    - stressor: cpu
      bogo-ops: 30786
      bogo-ops-per-second-usr-sys-time: 1539.376661
      bogo-ops-per-second-real-time: 1539.297229
      wall-clock-time: 20.000036
      user-time: 19.999004
      system-time: 0.000000
      cpu-usage-per-instance: 99.994840
      max-rss: 1104

...
