---
system-info:
      stress-ng-version: 0.17.08
      run-by: root
      date-yyyy-mm-dd: 2024:06:12
      time-hh-mm-ss: 18:43:07
      epoch-secs: 1718217787
      hostname: 5d103cda2146
      sysname: Linux
      nodename: 5d103cda2146
      release: 6.8.0-1008-aws
      version: '#8-Ubuntu SMP Sat Apr 20 00:46:25 UTC 2024'
      machine: x86_64
      compiler: 'musl-gcc 13.2.1'
      uptime: 144
      totalram: 3979276288
      freeram: 244588544
      sharedram: 40714240
      bufferram: 107520000
      totalswap: 0
      freeswap: 0
      pagesize: 4096
      cpus: 2
      cpus-online: 2
      ticks-per-second: 100

metrics:
    - stressor: cpu
      bogo-ops: 29715
      bogo-ops-per-second-usr-sys-time: 1485.845763
      bogo-ops-per-second-real-time: 1485.745253
      wall-clock-time: 20.000064
      user-time: 19.998711
      system-time: 0.000000
      cpu-usage-per-instance: 99.993236
      max-rss: 1104

...
