BaselineInfo:
  WebDBID: -1
  TimeStamp: 20260404211301
Version:
  Major: 11
  Minor: 0
  Build: 1004
  SpecialBuildName: ""
  ptArchitecture: x86_64_linux
Results:
  Results Complete: true
  NumTestProcesses: 16
  CPU_INTEGER_MATH: 39439.790000000001
  CPU_FLOATINGPOINT_MATH: 21141.858913706492
  CPU_PRIME: 70.011018769203943
  CPU_SORTING: 23906.633736969678
  CPU_ENCRYPTION: 5455.0723892067344
  CPU_COMPRESSION: 181403.06649434633
  CPU_SINGLETHREAD: 1690.0361303462037
  CPU_PHYSICS: 1256.0466974914382
  CPU_MATRIX_MULT_SSE: 12096.529362700347
  CPU_mm: 1198.4913424349102
  CPU_sse: 4305.229366037569
  CPU_fma: 14639.553894119228
  CPU_avx: 10344.150226109488
  CPU_avx512: 19097.183964535099
  m_CPU_enc_SHA: 1780981250.064029
  m_CPU_enc_AES: 13765359249.36043
  m_CPU_enc_ECDSA: 1613833457.3300607
  ME_ALLOC_S: 4346.3500734495265
  ME_READ_S: 19531.048828125
  ME_READ_L: 6523.0634765625
  ME_WRITE: 7158.591796875
  ME_LARGE: 50608
  ME_LATENCY: 79.048966378456839
  ME_THREADED: 67928.8427734375
  SUMM_CPU: 13022.865406683213
  SUMM_ME: 1780.5217370355144
SystemInformation:
  OSName: Ubuntu 24.04.4 LTS
  Kernel: 6.8.0-106-generic
  Device: ""
  Processor: Intel(R) Xeon(R) Platinum 8163 CPU @ 2.50GHz
  NumSockets: 1
  Manufacturer: GenuineIntel
  NumCores: 8
  NumLogicals: 16
  CPUFrequency: 2500
  CPUMaxFrequency: 3100
  Memory: 63787
  CPUInfo:
    number: 1
    Family: 6
    Model: 5
    stepping: 4
    features: 529267711
    manufacture: GenuineIntel
    typestring: Intel(R) Xeon(R) Platinum 8163 CPU @ 2.50GHz
    iCoresPerPackage: 8
    iThreadsPerPackage: 2
    featuresEx:
      - 529267711
      - 4294586883
      - 739248128
    bHybrid: false
    nPCore: 0
    nLogicalsPerPCore: 0
    nECore: 0
    nLogicalsPerECore: 0
  MemModuleInfo:
    iNumMemSticks: 4
    DIMM 1:
      manufacturer: Alibaba Cloud
      modulePartNo: Not Specified
      memType: RAM
      size: 16
      clkspeed: 0
      moduleVoltage: 0
    DIMM 2:
      manufacturer: Alibaba Cloud
      modulePartNo: Not Specified
      memType: RAM
      size: 16
      clkspeed: 0
      moduleVoltage: 0
    DIMM 3:
      manufacturer: Alibaba Cloud
      modulePartNo: Not Specified
      memType: RAM
      size: 16
      clkspeed: 0
      moduleVoltage: 0
    DIMM 4:
      manufacturer: Alibaba Cloud
      modulePartNo: Not Specified
      memType: RAM
      size: 16
      clkspeed: 0
      moduleVoltage: 0
Checksum: C75E6611D32C13C6A10ADFFE41A79E9F8A35CBF7