BaselineInfo:
  WebDBID: -1
  TimeStamp: 20241109103702
Version:
  Major: 11
  Minor: 0
  Build: 1002
  SpecialBuildName: ""
  ptArchitecture: aarch64_linux
Results:
  Results Complete: true
  NumTestProcesses: 64
  CPU_INTEGER_MATH: 305340.68299999996
  CPU_FLOATINGPOINT_MATH: 303582.90893856512
  CPU_PRIME: 335.52005952300328
  CPU_SORTING: 241294.75258717217
  CPU_ENCRYPTION: 8930.5789377736201
  CPU_COMPRESSION: 338373.03971730924
  CPU_SINGLETHREAD: 1564.377268173849
  CPU_PHYSICS: 8439.2547548187649
  CPU_MATRIX_MULT_SSE: 52837.306705650713
  CPU_mm: 6940.7280422603153
  CPU_sse: 44290.993069081545
  CPU_fma: 61383.620342219889
  CPU_avx: 0
  CPU_avx512: 0
  m_CPU_enc_SHA: 13524972661.572874
  m_CPU_enc_AES: 5219445577.2385054
  m_CPU_enc_ECDSA: 9348753981.9533424
  ME_ALLOC_S: 31336.221236490066
  ME_READ_S: 19684.116796875001
  ME_READ_L: 18997.6796875
  ME_WRITE: 19706.478515625
  ME_LARGE: 494130.41666666669
  ME_LATENCY: 49.781420570816351
  ME_THREADED: 261648.54370117188
  SUMM_CPU: 34630.893516813609
  SUMM_ME: 3160.904465597423
SystemInformation:
  OSName: Ubuntu 24.04.1 LTS
  Kernel: 6.8.0-1016-aws
  Device: ""
  Processor: ARM Neoverse-V1 64 Core 0 MHz
  NumSockets: 1
  Manufacturer: ARM
  NumCores: 64
  NumLogicals: 64
  CPUFrequency: 0
  Memory: 506668
Checksum: EC80538551DB8DEF33B81C9C8018C78D8ABB286C