---
system-info:
      stress-ng-version: 0.17.08
      run-by: root
      date-yyyy-mm-dd: 2024:06:12
      time-hh-mm-ss: 20:40:18
      epoch-secs: 1718224818
      hostname: 761d6b683fa3
      sysname: Linux
      nodename: 761d6b683fa3
      release: 6.8.0-1008-aws
      version: '#8-Ubuntu SMP Sat Apr 20 00:46:25 UTC 2024'
      machine: x86_64
      compiler: 'musl-gcc 13.2.1'
      uptime: 129
      totalram: 198485151744
      freeram: 193288413184
      sharedram: 79097856
      bufferram: 110891008
      totalswap: 0
      freeswap: 0
      pagesize: 4096
      cpus: 96
      cpus-online: 96
      ticks-per-second: 100

metrics:
    - stressor: cpu
      bogo-ops: 1887074
      bogo-ops-per-second-usr-sys-time: 983.213631
      bogo-ops-per-second-real-time: 94353.339754
      wall-clock-time: 20.000076
      user-time: 1919.257962
      system-time: 0.033980
      cpu-usage-per-instance: 99.962740
      max-rss: 768

...
