---
system-info:
      stress-ng-version: 0.17.08
      run-by: root
      date-yyyy-mm-dd: 2024:06:12
      time-hh-mm-ss: 17:55:27
      epoch-secs: 1718214927
      hostname: 516d8c816150
      sysname: Linux
      nodename: 516d8c816150
      release: 6.8.0-1008-aws
      version: '#8-Ubuntu SMP Sat Apr 20 00:46:25 UTC 2024'
      machine: x86_64
      compiler: 'musl-gcc 13.2.1'
      uptime: 137
      totalram: 198485147648
      freeram: 193300520960
      sharedram: 79106048
      bufferram: 110964736
      totalswap: 0
      freeswap: 0
      pagesize: 4096
      cpus: 96
      cpus-online: 96
      ticks-per-second: 100

metrics:
    - stressor: cpu
      bogo-ops: 1640839
      bogo-ops-per-second-usr-sys-time: 855.041728
      bogo-ops-per-second-real-time: 82041.876302
      wall-clock-time: 20.000018
      user-time: 1918.970320
      system-time: 0.045965
      cpu-usage-per-instance: 99.948675
      max-rss: 768

...
