---
system-info:
      stress-ng-version: 0.17.08
      run-by: root
      date-yyyy-mm-dd: 2024:06:05
      time-hh-mm-ss: 20:38:53
      epoch-secs: 1717619933
      hostname: b836bf3bb7c0
      sysname: Linux
      nodename: b836bf3bb7c0
      release: 6.8.0-1008-aws
      version: '#8-Ubuntu SMP Sat Apr 20 00:46:25 UTC 2024'
      machine: x86_64
      compiler: 'musl-gcc 13.2.1'
      uptime: 120
      totalram: 198485180416
      freeram: 193462665216
      sharedram: 79097856
      bufferram: 78712832
      totalswap: 0
      freeswap: 0
      pagesize: 4096
      cpus: 96
      cpus-online: 96
      ticks-per-second: 100

metrics:
    - stressor: cpu
      bogo-ops: 1112103
      bogo-ops-per-second-usr-sys-time: 1159.347005
      bogo-ops-per-second-real-time: 111193.628627
      wall-clock-time: 10.001499
      user-time: 959.104542
      system-time: 0.144928
      cpu-usage-per-instance: 99.906841
      max-rss: 3072

...
