BaselineInfo:
  WebDBID: -1
  TimeStamp: 20260611231241
Version:
  Major: 11
  Minor: 0
  Build: 1004
  SpecialBuildName: ""
  ptArchitecture: x86_64_linux
Results:
  Results Complete: true
  NumTestProcesses: 2
  CPU_INTEGER_MATH: 7411.4296666666669
  CPU_FLOATINGPOINT_MATH: 5146.3896344448203
  CPU_PRIME: 14.66097373647521
  CPU_SORTING: 2463.6034030949641
  CPU_ENCRYPTION: 937.54073417997461
  CPU_COMPRESSION: 28354.333965433769
  CPU_SINGLETHREAD: 1449.366045786802
  CPU_PHYSICS: 257.48561860457613
  CPU_MATRIX_MULT_SSE: 2269.1664242382676
  CPU_mm: 169.27234622359424
  CPU_sse: 996.64067789456794
  CPU_fma: 3117.1770915022898
  CPU_avx: 2303.9783383025147
  CPU_avx512: 2658.8695892536971
  m_CPU_enc_SHA: 486814100.15410614
  m_CPU_enc_AES: 2056133200.2745466
  m_CPU_enc_ECDSA: 406300838.22185016
  ME_ALLOC_S: 386.16743643634231
  ME_READ_S: 19675.358203125001
  ME_READ_L: 7120.359375
  ME_WRITE: 7625.296875
  ME_LARGE: 864.83333333333337
  ME_LATENCY: 63.218553403518001
  ME_THREADED: 13890.90966796875
  SUMM_CPU: 2453.9839301575639
  SUMM_ME: 938.79207707535204
SystemInformation:
  OSName: Ubuntu 24.04.4 LTS
  Kernel: 6.8.0-124-generic
  Device: ""
  Processor: Intel Xeon Processor (Skylake, IBRS)
  NumSockets: 1
  Manufacturer: GenuineIntel
  NumCores: 1
  NumLogicals: 2
  CPUFrequency: 743
  CPUMaxFrequency: 2696
  Memory: 1961
  CPUInfo:
    number: 1
    Family: 6
    Model: 5
    stepping: 4
    features: 395049983
    manufacture: GenuineIntel
    typestring: Intel Xeon Processor (Skylake, IBRS)
    iCoresPerPackage: 1
    iThreadsPerPackage: 2
    featuresEx:
      - 395049983
      - 4294586883
      - 739248128
    bHybrid: false
    nPCore: 0
    nLogicalsPerPCore: 0
    nECore: 0
    nLogicalsPerECore: 0
  MemModuleInfo:
    iNumMemSticks: 1
    DIMM 1:
      manufacturer: QEMU
      modulePartNo: Not Specified
      memType: RAM
      size: 2
      clkspeed: 0
      moduleVoltage: 0
Checksum: 0A0B13A18958B1D9A9B523FF404EBA5E03A231A0