---
system-info:
      stress-ng-version: 0.17.08
      run-by: root
      date-yyyy-mm-dd: 2024:06:07
      time-hh-mm-ss: 21:20:59
      epoch-secs: 1717795259
      hostname: da7282fc8987
      sysname: Linux
      nodename: da7282fc8987
      release: 6.8.0-1008-aws
      version: '#8-Ubuntu SMP Sat Apr 20 02:43:14 UTC 2024'
      machine: aarch64
      compiler: 'musl-gcc 13.2.1'
      uptime: 124
      totalram: 264400044032
      freeram: 259615694848
      sharedram: 35246080
      bufferram: 92454912
      totalswap: 0
      freeswap: 0
      pagesize: 4096
      cpus: 64
      cpus-online: 64
      ticks-per-second: 100

metrics:
    - stressor: cpu
      bogo-ops: 188139
      bogo-ops-per-second-usr-sys-time: 292.477258
      bogo-ops-per-second-real-time: 18706.983840
      wall-clock-time: 10.057153
      user-time: 643.196303
      system-time: 0.063968
      cpu-usage-per-instance: 99.938240
      max-rss: 3584

...
