---
system-info:
      stress-ng-version: 0.17.08
      run-by: root
      date-yyyy-mm-dd: 2024:06:13
      time-hh-mm-ss: 11:55:49
      epoch-secs: 1718279749
      hostname: 428962c3c2a1
      sysname: Linux
      nodename: 428962c3c2a1
      release: 6.8.0-1008-aws
      version: '#8-Ubuntu SMP Sat Apr 20 02:43:14 UTC 2024'
      machine: aarch64
      compiler: 'musl-gcc 13.2.1'
      uptime: 129
      totalram: 264400048128
      freeram: 259610550272
      sharedram: 35246080
      bufferram: 104878080
      totalswap: 0
      freeswap: 0
      pagesize: 4096
      cpus: 64
      cpus-online: 64
      ticks-per-second: 100

metrics:
    - stressor: cpu
      bogo-ops: 1940528
      bogo-ops-per-second-usr-sys-time: 1516.554754
      bogo-ops-per-second-real-time: 97026.062984
      wall-clock-time: 20.000069
      user-time: 1279.535443
      system-time: 0.027985
      cpu-usage-per-instance: 99.965546
      max-rss: 512

...
