---
system-info:
      stress-ng-version: 0.17.08
      run-by: root
      date-yyyy-mm-dd: 2024:06:12
      time-hh-mm-ss: 16:45:46
      epoch-secs: 1718210746
      hostname: 50cc8aec3c3b
      sysname: Linux
      nodename: 50cc8aec3c3b
      release: 6.8.0-1008-aws
      version: '#8-Ubuntu SMP Sat Apr 20 00:46:25 UTC 2024'
      machine: x86_64
      compiler: 'musl-gcc 13.2.1'
      uptime: 155
      totalram: 100140060672
      freeram: 95545004032
      sharedram: 20443136
      bufferram: 111063040
      totalswap: 0
      freeswap: 0
      pagesize: 4096
      cpus: 48
      cpus-online: 48
      ticks-per-second: 100

metrics:
    - stressor: cpu
      bogo-ops: 756260
      bogo-ops-per-second-usr-sys-time: 788.122522
      bogo-ops-per-second-real-time: 37812.959093
      wall-clock-time: 20.000022
      user-time: 959.535636
      system-time: 0.035977
      cpu-usage-per-instance: 99.955268
      max-rss: 1152

...
