---
system-info:
      stress-ng-version: 0.17.08
      run-by: root
      date-yyyy-mm-dd: 2024:06:12
      time-hh-mm-ss: 19:30:35
      epoch-secs: 1718220635
      hostname: c6af5dd83868
      sysname: Linux
      nodename: c6af5dd83868
      release: 6.8.0-1008-aws
      version: '#8-Ubuntu SMP Sat Apr 20 00:46:25 UTC 2024'
      machine: x86_64
      compiler: 'musl-gcc 13.2.1'
      uptime: 131
      totalram: 100140064768
      freeram: 95558242304
      sharedram: 20443136
      bufferram: 110727168
      totalswap: 0
      freeswap: 0
      pagesize: 4096
      cpus: 48
      cpus-online: 48
      ticks-per-second: 100

metrics:
    - stressor: cpu
      bogo-ops: 368148
      bogo-ops-per-second-usr-sys-time: 383.656089
      bogo-ops-per-second-real-time: 18407.223376
      wall-clock-time: 20.000192
      user-time: 959.542170
      system-time: 0.035980
      cpu-usage-per-instance: 99.955098
      max-rss: 768

...
