---
system-info:
      stress-ng-version: 0.17.08
      run-by: root
      date-yyyy-mm-dd: 2024:06:05
      time-hh-mm-ss: 17:29:59
      epoch-secs: 1717608599
      hostname: 363a8e69b065
      sysname: Linux
      nodename: 363a8e69b065
      release: 6.8.0-1008-aws
      version: '#8-Ubuntu SMP Sat Apr 20 00:46:25 UTC 2024'
      machine: x86_64
      compiler: 'musl-gcc 13.2.1'
      uptime: 118
      totalram: 100140068864
      freeram: 95774359552
      sharedram: 20443136
      bufferram: 78147584
      totalswap: 0
      freeswap: 0
      pagesize: 4096
      cpus: 48
      cpus-online: 48
      ticks-per-second: 100

metrics:
    - stressor: cpu
      bogo-ops: 522162
      bogo-ops-per-second-usr-sys-time: 1088.528010
      bogo-ops-per-second-real-time: 52207.928846
      wall-clock-time: 10.001584
      user-time: 479.629541
      system-time: 0.065970
      cpu-usage-per-instance: 99.920735
      max-rss: 3840

...
