---
system-info:
      stress-ng-version: 0.17.08
      run-by: root
      date-yyyy-mm-dd: 2024:06:14
      time-hh-mm-ss: 16:56:26
      epoch-secs: 1718384186
      hostname: 118e0d65b525
      sysname: Linux
      nodename: 118e0d65b525
      release: 6.8.0-1008-aws
      version: '#8-Ubuntu SMP Sat Apr 20 00:46:25 UTC 2024'
      machine: x86_64
      compiler: 'musl-gcc 13.2.1'
      uptime: 183
      totalram: 67380776960
      freeram: 62892707840
      sharedram: 48558080
      bufferram: 109985792
      totalswap: 0
      freeswap: 0
      pagesize: 4096
      cpus: 16
      cpus-online: 16
      ticks-per-second: 100

metrics:
    - stressor: cpu
      bogo-ops: 23554
      bogo-ops-per-second-usr-sys-time: 1177.765307
      bogo-ops-per-second-real-time: 1177.689092
      wall-clock-time: 20.000185
      user-time: 19.998891
      system-time: 0.000000
      cpu-usage-per-instance: 99.993529
      max-rss: 976

...
