---
system-info:
      stress-ng-version: 0.17.08
      run-by: root
      date-yyyy-mm-dd: 2024:06:08
      time-hh-mm-ss: 10:41:10
      epoch-secs: 1717843270
      hostname: 6e2f3d1e36c1
      sysname: Linux
      nodename: 6e2f3d1e36c1
      release: 6.8.0-1008-aws
      version: '#8-Ubuntu SMP Sat Apr 20 00:46:25 UTC 2024'
      machine: x86_64
      compiler: 'musl-gcc 13.2.1'
      uptime: 143
      totalram: 67380752384
      freeram: 62925119488
      sharedram: 48558080
      bufferram: 100614144
      totalswap: 0
      freeswap: 0
      pagesize: 4096
      cpus: 16
      cpus-online: 16
      ticks-per-second: 100

metrics:
    - stressor: cpu
      bogo-ops: 12750
      bogo-ops-per-second-usr-sys-time: 1274.865757
      bogo-ops-per-second-real-time: 1274.785120
      wall-clock-time: 10.001686
      user-time: 10.000010
      system-time: 0.001043
      cpu-usage-per-instance: 99.993675
      max-rss: 3920

...
