---
system-info:
      stress-ng-version: 0.17.08
      run-by: root
      date-yyyy-mm-dd: 2024:06:20
      time-hh-mm-ss: 21:51:19
      epoch-secs: 1718920279
      hostname: 0c205eef59de
      sysname: Linux
      nodename: 0c205eef59de
      release: 6.8.0-1008-gcp
      version: '#9-Ubuntu SMP Wed May 22 18:09:04 UTC 2024'
      machine: x86_64
      compiler: 'musl-gcc 13.2.1'
      uptime: 205
      totalram: 8324931584
      freeram: 3366055936
      sharedram: 59092992
      bufferram: 133570560
      totalswap: 0
      freeswap: 0
      pagesize: 4096
      cpus: 2
      cpus-online: 2
      ticks-per-second: 100

metrics:
    - stressor: cpu
      bogo-ops: 28473
      bogo-ops-per-second-usr-sys-time: 722.909351
      bogo-ops-per-second-real-time: 1423.644374
      wall-clock-time: 20.000079
      user-time: 39.374684
      system-time: 0.011997
      cpu-usage-per-instance: 98.466313
      max-rss: 1104

...
