BaselineInfo:
  WebDBID: -1
  TimeStamp: 20241110135655
Version:
  Major: 11
  Minor: 0
  Build: 1002
  SpecialBuildName: ""
  ptArchitecture: x86_64_linux
Results:
  Results Complete: true
  NumTestProcesses: 128
  CPU_INTEGER_MATH: 536586.7836666666
  CPU_FLOATINGPOINT_MATH: 274227.53265065991
  CPU_PRIME: 533.70896042536117
  CPU_SORTING: 243660.21857080038
  CPU_ENCRYPTION: 111070.90744894298
  CPU_COMPRESSION: 1862914.8423039946
  CPU_SINGLETHREAD: 2427.9067768251225
  CPU_PHYSICS: 8530.6783729476429
  CPU_MATRIX_MULT_SSE: 105776.55468822575
  CPU_mm: 10989.078121038774
  CPU_sse: 47005.574458449824
  CPU_fma: 124164.17237065577
  CPU_avx: 96233.871368473352
  CPU_avx512: 155702.60055532417
  m_CPU_enc_SHA: 114739600191.93292
  m_CPU_enc_AES: 165409514665.63712
  m_CPU_enc_ECDSA: 69249748689.978363
  ME_ALLOC_S: 29627.810568933946
  ME_READ_S: 23981.7099609375
  ME_READ_L: 11275.9921875
  ME_WRITE: 10254.244140625
  ME_LARGE: 1001453.9166666666
  ME_LATENCY: 59.007617923589002
  ME_THREADED: 331323.20288085938
  SUMM_CPU: 86687.715660769187
  SUMM_ME: 2635.587552836841
SystemInformation:
  OSName: Ubuntu 24.04.1 LTS
  Kernel: 6.8.0-1016-aws
  Device: ""
  Processor: Intel Xeon Platinum 8375C CPU @ 2.90GHz
  NumSockets: 2
  Manufacturer: GenuineIntel
  NumCores: 64
  NumLogicals: 128
  CPUFrequency: 0
  Memory: 1015774
  MemModuleInfo:
    iNumMemSticks: 2
    DIMM 1:
      manufacturer: Not Specified
      modulePartNo: Not Specified
      memType: DDR4
      size: 512
      clkspeed: 1600
      moduleVoltage: 0
    DIMM 2:
      manufacturer: Not Specified
      modulePartNo: Not Specified
      memType: DDR4
      size: 512
      clkspeed: 1600
      moduleVoltage: 0
Checksum: 90D3E9EBBB40C7440F0D13DF7D029123B06C8B21