---
system-info:
      stress-ng-version: 0.17.08
      run-by: root
      date-yyyy-mm-dd: 2024:07:03
      time-hh-mm-ss: 06:20:46
      epoch-secs: 1719987646
      hostname: g2-standard-96-edd2f9c
      sysname: Linux
      nodename: g2-standard-96-edd2f9c
      release: 6.8.0-1009-gcp
      version: '#10-Ubuntu SMP Wed Jun 12 18:52:23 UTC 2024'
      machine: x86_64
      compiler: 'musl-gcc 13.2.1'
      uptime: 218
      totalram: 405717573632
      freeram: 396412456960
      sharedram: 83091456
      bufferram: 122904576
      totalswap: 0
      freeswap: 0
      pagesize: 4096
      cpus: 96
      cpus-online: 96
      ticks-per-second: 100

metrics:
    - stressor: cpu
      bogo-ops: 1514056
      bogo-ops-per-second-usr-sys-time: 789.178481
      bogo-ops-per-second-real-time: 75702.396702
      wall-clock-time: 20.000107
      user-time: 1918.416604
      system-time: 0.105043
      cpu-usage-per-instance: 99.922470
      max-rss: 768

...
