BaselineInfo:
  WebDBID: -1
  TimeStamp: 20250421221639
Version:
  Major: 11
  Minor: 0
  Build: 1002
  SpecialBuildName: ""
  ptArchitecture: aarch64_linux
Results:
  Results Complete: true
  NumTestProcesses: 2
  CPU_INTEGER_MATH: 10407.298333333332
  CPU_FLOATINGPOINT_MATH: 12082.476284272856
  CPU_PRIME: 34.621482762597964
  CPU_SORTING: 9100.6719766827755
  CPU_ENCRYPTION: 373.73425244622251
  CPU_COMPRESSION: 13086.284591409825
  CPU_SINGLETHREAD: 1944.1555104419117
  CPU_PHYSICS: 682.99698763482388
  CPU_MATRIX_MULT_SSE: 1833.5095675327539
  CPU_mm: 224.98062796964746
  CPU_sse: 1436.2463086565551
  CPU_fma: 2230.7728264089528
  CPU_avx: 0
  CPU_avx512: 0
  m_CPU_enc_SHA: 591741147.40564156
  m_CPU_enc_AES: 213691496.59955382
  m_CPU_enc_ECDSA: 370233658.47395504
  ME_ALLOC_S: 3033.9489718519881
  ME_READ_S: 21171.697265625
  ME_READ_L: 19936.74609375
  ME_WRITE: 21211.61328125
  ME_LARGE: 6402.333333333333
  ME_LATENCY: 47.361351017636764
  ME_THREADED: 38664.740234375
  SUMM_CPU: 1987.7384246473948
  SUMM_ME: 2561.1678805722618
SystemInformation:
  OSName: Ubuntu 24.04.2 LTS
  Kernel: 6.8.0-1027-aws
  Device: ""
  Processor: ARM Neoverse-V2 2 Core 0 MHz
  NumSockets: 1
  Manufacturer: ARM
  NumCores: 2
  NumLogicals: 2
  CPUFrequency: 0
  Memory: 15674
Checksum: 4C3A299454912749B2E443511E33C7FBA90813FC