---
system-info:
      stress-ng-version: 0.17.08
      run-by: root
      date-yyyy-mm-dd: 2024:06:14
      time-hh-mm-ss: 11:55:27
      epoch-secs: 1718366127
      hostname: afb54e5619b5
      sysname: Linux
      nodename: afb54e5619b5
      release: 6.8.0-1008-aws
      version: '#8-Ubuntu SMP Sat Apr 20 00:46:25 UTC 2024'
      machine: x86_64
      compiler: 'musl-gcc 13.2.1'
      uptime: 123
      totalram: 133622259712
      freeram: 129105715200
      sharedram: 40996864
      bufferram: 106901504
      totalswap: 0
      freeswap: 0
      pagesize: 4096
      cpus: 16
      cpus-online: 16
      ticks-per-second: 100

metrics:
    - stressor: cpu
      bogo-ops: 279144
      bogo-ops-per-second-usr-sys-time: 873.364246
      bogo-ops-per-second-real-time: 13957.130816
      wall-clock-time: 20.000099
      user-time: 319.603229
      system-time: 0.015992
      cpu-usage-per-instance: 99.880511
      max-rss: 1104

...
