---
system-info:
      stress-ng-version: 0.17.08
      run-by: root
      date-yyyy-mm-dd: 2024:06:06
      time-hh-mm-ss: 20:41:13
      epoch-secs: 1717706473
      hostname: 0e84ea547ef9
      sysname: Linux
      nodename: 0e84ea547ef9
      release: 6.8.0-1008-aws
      version: '#8-Ubuntu SMP Sat Apr 20 00:46:25 UTC 2024'
      machine: x86_64
      compiler: 'musl-gcc 13.2.1'
      uptime: 143
      totalram: 133622255616
      freeram: 129294336000
      sharedram: 40996864
      bufferram: 86360064
      totalswap: 0
      freeswap: 0
      pagesize: 4096
      cpus: 16
      cpus-online: 16
      ticks-per-second: 100

metrics:
    - stressor: cpu
      bogo-ops: 160268
      bogo-ops-per-second-usr-sys-time: 1003.248633
      bogo-ops-per-second-real-time: 16024.444145
      wall-clock-time: 10.001470
      user-time: 159.713056
      system-time: 0.035978
      cpu-usage-per-instance: 99.828470
      max-rss: 4048

...
