BaselineInfo:
  WebDBID: -1
  TimeStamp: 20241108060459
Version:
  Major: 11
  Minor: 0
  Build: 1002
  SpecialBuildName: ""
  ptArchitecture: aarch64_linux
Results:
  Results Complete: true
  NumTestProcesses: 32
  CPU_INTEGER_MATH: 148856.80133333334
  CPU_FLOATINGPOINT_MATH: 113353.19811419027
  CPU_PRIME: 150.01491724601351
  CPU_SORTING: 104148.26166107084
  CPU_ENCRYPTION: 5124.6176422003209
  CPU_COMPRESSION: 179180.99885944143
  CPU_SINGLETHREAD: 1328.2345149826622
  CPU_PHYSICS: 2740.9696161684478
  CPU_MATRIX_MULT_SSE: 23455.30370322365
  CPU_mm: 3937.5527004553905
  CPU_sse: 19541.221705301123
  CPU_fma: 27369.385701146173
  CPU_avx: 0
  CPU_avx512: 0
  m_CPU_enc_SHA: 7597256242.5176392
  m_CPU_enc_AES: 3556308309.8119521
  m_CPU_enc_ECDSA: 4967088654.0339384
  ME_ALLOC_S: 20710.867745444568
  ME_READ_S: 11368.502636718749
  ME_READ_L: 8594.0869140625
  ME_WRITE: 14804.0859375
  ME_LARGE: 52326.583333333336
  ME_LATENCY: 75.031481959215071
  ME_THREADED: 144613.2724609375
  SUMM_CPU: 20154.196323940079
  SUMM_ME: 1884.8761157693134
SystemInformation:
  OSName: Ubuntu 24.04.1 LTS
  Kernel: 6.8.0-1017-azure
  Device: ""
  Processor: ARM Neoverse-N1 32 Core 0 MHz
  NumSockets: 1
  Manufacturer: ARM
  NumCores: 32
  NumLogicals: 32
  CPUFrequency: 0
  Memory: 64168
Checksum: D948CCB92926376D90A7EA2EF22A61E0A7C384FE