BaselineInfo:
  WebDBID: -1
  TimeStamp: 20241114204840
Version:
  Major: 11
  Minor: 0
  Build: 1002
  SpecialBuildName: ""
  ptArchitecture: x86_64_linux
Results:
  Results Complete: true
  NumTestProcesses: 1
  CPU_INTEGER_MATH: 5204.1580000000004
  CPU_FLOATINGPOINT_MATH: 4283.3362217015783
  CPU_PRIME: 16.417803516589764
  CPU_SORTING: 3047.7633085378679
  CPU_ENCRYPTION: 1151.4885619172428
  CPU_COMPRESSION: 21426.42977905571
  CPU_SINGLETHREAD: 2219.4482840202672
  CPU_PHYSICS: 278.64208574372873
  CPU_MATRIX_MULT_SSE: 1621.0139186476308
  CPU_mm: 237.50542664406541
  CPU_sse: 778.88648476171647
  CPU_fma: 2180.4959035750289
  CPU_avx: 1649.1816621993707
  CPU_avx512: 1875.4916240544069
  m_CPU_enc_SHA: 1359393025.4487135
  m_CPU_enc_AES: 1395519931.575459
  m_CPU_enc_ECDSA: 867356853.87863159
  ME_ALLOC_S: 1003.9340087009595
  ME_READ_S: 24110.188671874999
  ME_READ_L: 11199.6484375
  ME_WRITE: 10635.2705078125
  ME_LARGE: 682
  ME_LATENCY: 62.141820979123544
  ME_THREADED: 11196.3173828125
  SUMM_CPU: 2241.9044700358131
  SUMM_ME: 988.20196691724379
SystemInformation:
  OSName: Ubuntu 24.04.1 LTS
  Kernel: 6.8.0-1017-azure
  Device: ""
  Processor: Intel Xeon Platinum 8370C CPU @ 2.80GHz
  NumSockets: 1
  Manufacturer: GenuineIntel
  NumCores: 1
  NumLogicals: 1
  CPUFrequency: 2800
  Memory: 7937
  MemModuleInfo:
    iNumMemSticks: 3
    DIMM 1:
      manufacturer: Microsoft Corporation
      modulePartNo: None
      memType: Unknown
      size: 1
      clkspeed: 0
      moduleVoltage: 0
    DIMM 2:
      manufacturer: Microsoft Corporation
      modulePartNo: None
      memType: Unknown
      size: 7
      clkspeed: 0
      moduleVoltage: 0
    DIMM 3:
      manufacturer: Microsoft Corporation
      modulePartNo: None
      memType: Unknown
      size: 4
      clkspeed: 0
      moduleVoltage: 0
Checksum: 09E942C22BE96E6FA551EABEA8A7D2229CB37EA1