BaselineInfo:
  WebDBID: -1
  TimeStamp: 20241107021505
Version:
  Major: 11
  Minor: 0
  Build: 1002
  SpecialBuildName: ""
  ptArchitecture: x86_64_linux
Results:
  Results Complete: true
  NumTestProcesses: 1
  CPU_INTEGER_MATH: 5214.6423333333332
  CPU_FLOATINGPOINT_MATH: 4296.5726515922825
  CPU_PRIME: 16.537589046180059
  CPU_SORTING: 3068.9041109931923
  CPU_ENCRYPTION: 1156.0999697108957
  CPU_COMPRESSION: 21646.1058517005
  CPU_SINGLETHREAD: 2228.3380082789467
  CPU_PHYSICS: 279.72462156016365
  CPU_MATRIX_MULT_SSE: 1658.0906639058658
  CPU_mm: 217.74319966213136
  CPU_sse: 750.08799609176924
  CPU_fma: 2178.7324124557672
  CPU_avx: 1655.1146261244191
  CPU_avx512: 2048.4276209515078
  m_CPU_enc_SHA: 1360441063.8143709
  m_CPU_enc_AES: 1403882386.199054
  m_CPU_enc_ECDSA: 872452595.5052917
  ME_ALLOC_S: 996.71228918532267
  ME_READ_S: 24063.0703125
  ME_READ_L: 11240.8896484375
  ME_WRITE: 10554.720703125
  ME_LARGE: 579
  ME_LATENCY: 60.042669125878795
  ME_THREADED: 11258.029296875
  SUMM_CPU: 2258.7235038293193
  SUMM_ME: 917.50520846220468
SystemInformation:
  OSName: Ubuntu 24.04.1 LTS
  Kernel: 6.8.0-1017-azure
  Device: ""
  Processor: Intel Xeon Platinum 8370C CPU @ 2.80GHz
  NumSockets: 1
  Manufacturer: GenuineIntel
  NumCores: 1
  NumLogicals: 1
  CPUFrequency: 2800
  Memory: 7937
  MemModuleInfo:
    iNumMemSticks: 3
    DIMM 1:
      manufacturer: Microsoft Corporation
      modulePartNo: None
      memType: Unknown
      size: 1
      clkspeed: 0
      moduleVoltage: 0
    DIMM 2:
      manufacturer: Microsoft Corporation
      modulePartNo: None
      memType: Unknown
      size: 7
      clkspeed: 0
      moduleVoltage: 0
    DIMM 3:
      manufacturer: Microsoft Corporation
      modulePartNo: None
      memType: Unknown
      size: 4
      clkspeed: 0
      moduleVoltage: 0
Checksum: 99D35F35D04943045601CAC1A65E5B9D63C021A6