BaselineInfo:
  WebDBID: -1
  TimeStamp: 20241115132115
Version:
  Major: 11
  Minor: 0
  Build: 1002
  SpecialBuildName: ""
  ptArchitecture: x86_64_linux
Results:
  Results Complete: true
  NumTestProcesses: 1
  CPU_INTEGER_MATH: 5202.8090000000002
  CPU_FLOATINGPOINT_MATH: 4290.2404862601488
  CPU_PRIME: 16.64073456521502
  CPU_SORTING: 3062.8573516878232
  CPU_ENCRYPTION: 1154.0696952584401
  CPU_COMPRESSION: 21653.394277023814
  CPU_SINGLETHREAD: 2229.6983443864788
  CPU_PHYSICS: 281.6602229495162
  CPU_MATRIX_MULT_SSE: 1633.2544548356082
  CPU_mm: 240.60462100605977
  CPU_sse: 777.22528542457792
  CPU_fma: 2182.8480440623871
  CPU_avx: 1658.2795047708407
  CPU_avx512: 1914.6649850846275
  m_CPU_enc_SHA: 1357455399.5572627
  m_CPU_enc_AES: 1398983801.1371925
  m_CPU_enc_ECDSA: 873950153.63148677
  ME_ALLOC_S: 1001.8746113450675
  ME_READ_S: 23799.583203124999
  ME_READ_L: 11415.517578125
  ME_WRITE: 10445.8330078125
  ME_LARGE: 677.33333333333337
  ME_LATENCY: 60.228871460049184
  ME_THREADED: 11674.013671875
  SUMM_CPU: 2253.0636627849035
  SUMM_ME: 994.05107891972671
SystemInformation:
  OSName: Ubuntu 24.04.1 LTS
  Kernel: 6.8.0-1017-azure
  Device: ""
  Processor: Intel Xeon Platinum 8370C CPU @ 2.80GHz
  NumSockets: 1
  Manufacturer: GenuineIntel
  NumCores: 1
  NumLogicals: 1
  CPUFrequency: 2800
  Memory: 7937
  MemModuleInfo:
    iNumMemSticks: 3
    DIMM 1:
      manufacturer: Microsoft Corporation
      modulePartNo: None
      memType: Unknown
      size: 1
      clkspeed: 0
      moduleVoltage: 0
    DIMM 2:
      manufacturer: Microsoft Corporation
      modulePartNo: None
      memType: Unknown
      size: 7
      clkspeed: 0
      moduleVoltage: 0
    DIMM 3:
      manufacturer: Microsoft Corporation
      modulePartNo: None
      memType: Unknown
      size: 4
      clkspeed: 0
      moduleVoltage: 0
Checksum: 978D6887EB9BE7C22014F68C6FA581AF905F2F02