BaselineInfo:
  WebDBID: -1
  TimeStamp: 20260617182255
Version:
  Major: 11
  Minor: 0
  Build: 1004
  SpecialBuildName: ""
  ptArchitecture: x86_64_linux
Results:
  Results Complete: true
  NumTestProcesses: 8
  CPU_INTEGER_MATH: 26808.416666666664
  CPU_FLOATINGPOINT_MATH: 16001.835147638283
  CPU_PRIME: 38.27708070156369
  CPU_SORTING: 16804.371472164825
  CPU_ENCRYPTION: 8458.4053442457389
  CPU_COMPRESSION: 121545.74764493926
  CPU_SINGLETHREAD: 2119.170071139612
  CPU_PHYSICS: 856.67765802938948
  CPU_MATRIX_MULT_SSE: 7003.7898314611039
  CPU_mm: 758.42408345531157
  CPU_sse: 3139.993920401143
  CPU_fma: 10340.88592169502
  CPU_avx: 7530.4896522871504
  CPU_avx512: 0
  m_CPU_enc_SHA: 11980735466.324286
  m_CPU_enc_AES: 8220107677.9616795
  m_CPU_enc_ECDSA: 6406999382.4574947
  ME_ALLOC_S: 2710.0063509098263
  ME_READ_S: 24270.28125
  ME_READ_L: 11919.1494140625
  ME_WRITE: 11097.1650390625
  ME_LARGE: 54551.25
  ME_LATENCY: 48.693648023057619
  ME_THREADED: 30125.402587890625
  SUMM_CPU: 10308.345049277699
  SUMM_ME: 2504.4863197602294
SystemInformation:
  OSName: Ubuntu 24.04.4 LTS
  Kernel: 6.8.0-117-generic
  Device: ""
  Processor: "AMD EPYC 7H12 64-Core Processor                "
  NumSockets: 1
  Manufacturer: AuthenticAMD
  NumCores: 4
  NumLogicals: 8
  CPUFrequency: 7
  CPUMaxFrequency: 832
  Memory: 62894
  CPUInfo:
    number: 1
    Family: 15
    Model: 1
    stepping: 0
    features: 395049983
    manufacture: AuthenticAMD
    typestring: "AMD EPYC 7H12 64-Core Processor                "
    iCoresPerPackage: 4
    iThreadsPerPackage: 2
    featuresEx:
      - 395049983
      - 4277678595
      - 776996864
    bHybrid: false
    nPCore: 0
    nLogicalsPerPCore: 0
    nECore: 0
    nLogicalsPerECore: 0
  MemModuleInfo:
    iNumMemSticks: 4
    DIMM 1:
      manufacturer: Alibaba Cloud
      modulePartNo: Not Specified
      memType: RAM
      size: 16
      clkspeed: 0
      moduleVoltage: 0
    DIMM 2:
      manufacturer: Alibaba Cloud
      modulePartNo: Not Specified
      memType: RAM
      size: 16
      clkspeed: 0
      moduleVoltage: 0
    DIMM 3:
      manufacturer: Alibaba Cloud
      modulePartNo: Not Specified
      memType: RAM
      size: 16
      clkspeed: 0
      moduleVoltage: 0
    DIMM 4:
      manufacturer: Alibaba Cloud
      modulePartNo: Not Specified
      memType: RAM
      size: 16
      clkspeed: 0
      moduleVoltage: 0
Checksum: AED76DAE0298F89D748BD1F89CCB393DA743F4B5