---
system-info:
      stress-ng-version: 0.17.08
      run-by: root
      date-yyyy-mm-dd: 2024:06:06
      time-hh-mm-ss: 17:19:48
      epoch-secs: 1717694388
      hostname: 67a94dedf37f
      sysname: Linux
      nodename: 67a94dedf37f
      release: 6.8.0-1008-aws
      version: '#8-Ubuntu SMP Sat Apr 20 02:43:14 UTC 2024'
      machine: aarch64
      compiler: 'musl-gcc 13.2.1'
      uptime: 113
      totalram: 8140918784
      freeram: 4032921600
      sharedram: 35012608
      bufferram: 84496384
      totalswap: 0
      freeswap: 0
      pagesize: 4096
      cpus: 4
      cpus-online: 4
      ticks-per-second: 100

metrics:
    - stressor: cpu
      bogo-ops: 16992
      bogo-ops-per-second-usr-sys-time: 425.312906
      bogo-ops-per-second-real-time: 1693.794606
      wall-clock-time: 10.031913
      user-time: 39.945769
      system-time: 0.005993
      cpu-usage-per-instance: 99.561675
      max-rss: 4136

...
