---
system-info:
      stress-ng-version: 0.17.08
      run-by: root
      date-yyyy-mm-dd: 2024:06:14
      time-hh-mm-ss: 08:55:04
      epoch-secs: 1718355304
      hostname: 0e136a23dad9
      sysname: Linux
      nodename: 0e136a23dad9
      release: 6.8.0-1008-aws
      version: '#8-Ubuntu SMP Sat Apr 20 02:43:14 UTC 2024'
      machine: aarch64
      compiler: 'musl-gcc 13.2.1'
      uptime: 111
      totalram: 8140918784
      freeram: 3910696960
      sharedram: 35012608
      bufferram: 106201088
      totalswap: 0
      freeswap: 0
      pagesize: 4096
      cpus: 4
      cpus-online: 4
      ticks-per-second: 100

metrics:
    - stressor: cpu
      bogo-ops: 122134
      bogo-ops-per-second-usr-sys-time: 1532.576300
      bogo-ops-per-second-real-time: 6106.662455
      wall-clock-time: 20.000123
      user-time: 79.684958
      system-time: 0.006996
      cpu-usage-per-instance: 99.614330
      max-rss: 1320

...
