---
system-info:
      stress-ng-version: 0.17.08
      run-by: root
      date-yyyy-mm-dd: 2024:09:23
      time-hh-mm-ss: 05:54:26
      epoch-secs: 1727070866
      hostname: sc-runner
      sysname: Linux
      nodename: sc-runner
      release: 6.8.0-1014-azure
      version: '#16-Ubuntu SMP Thu Aug 15 20:04:41 UTC 2024'
      machine: x86_64
      compiler: 'musl-gcc 13.2.1'
      uptime: 341
      totalram: 270452543488
      freeram: 259307368448
      sharedram: 71786496
      bufferram: 269414400
      totalswap: 0
      freeswap: 0
      pagesize: 4096
      cpus: 32
      cpus-online: 32
      ticks-per-second: 100

metrics:
    - stressor: cpu
      bogo-ops: 54156
      bogo-ops-per-second-usr-sys-time: 2707.817601
      bogo-ops-per-second-real-time: 2707.797514
      wall-clock-time: 20.000018
      user-time: 19.999870
      system-time: 0.000000
      cpu-usage-per-instance: 99.999258
      max-rss: 3080

...
