BaselineInfo:
  WebDBID: -1
  TimeStamp: 20241107153822
Version:
  Major: 11
  Minor: 0
  Build: 1002
  SpecialBuildName: ""
  ptArchitecture: aarch64_linux
Results:
  Results Complete: true
  NumTestProcesses: 8
  CPU_INTEGER_MATH: 37690.586666666662
  CPU_FLOATINGPOINT_MATH: 28695.085204853684
  CPU_PRIME: 46.937816629399705
  CPU_SORTING: 26803.585120475189
  CPU_ENCRYPTION: 1302.9180672261614
  CPU_COMPRESSION: 44871.20636029818
  CPU_SINGLETHREAD: 1326.4718894117461
  CPU_PHYSICS: 912.38029365549357
  CPU_MATRIX_MULT_SSE: 5959.9490681536527
  CPU_mm: 997.22663545390242
  CPU_sse: 4988.0185428958057
  CPU_fma: 6931.8795934114987
  CPU_avx: 0
  CPU_avx512: 0
  m_CPU_enc_SHA: 1942650261.0968986
  m_CPU_enc_AES: 899693643.10657084
  m_CPU_enc_ECDSA: 1256281941.5757496
  ME_ALLOC_S: 5215.6790545907606
  ME_READ_S: 11242.547558593749
  ME_READ_L: 7849.55029296875
  ME_WRITE: 14949.330078125
  ME_LARGE: 21884.666666666668
  ME_LATENCY: 76.221997731385812
  ME_THREADED: 55902.0263671875
  SUMM_CPU: 6129.7795659398244
  SUMM_ME: 1742.4456423743854
SystemInformation:
  OSName: Ubuntu 24.04.1 LTS
  Kernel: 6.8.0-1017-azure
  Device: ""
  Processor: ARM Neoverse-N1 8 Core 0 MHz
  NumSockets: 1
  Manufacturer: ARM
  NumCores: 8
  NumLogicals: 8
  CPUFrequency: 0
  Memory: 32029
Checksum: DCAEBB55F015016C5C86975DC11DF9FB92F03758