---
system-info:
      stress-ng-version: 0.17.08
      run-by: root
      date-yyyy-mm-dd: 2024:06:06
      time-hh-mm-ss: 14:55:57
      epoch-secs: 1717685757
      hostname: 86c49dc3e175
      sysname: Linux
      nodename: 86c49dc3e175
      release: 6.8.0-1008-aws
      version: '#8-Ubuntu SMP Sat Apr 20 02:43:14 UTC 2024'
      machine: aarch64
      compiler: 'musl-gcc 13.2.1'
      uptime: 104
      totalram: 99418230784
      freeram: 94944673792
      sharedram: 35196928
      bufferram: 83324928
      totalswap: 0
      freeswap: 0
      pagesize: 4096
      cpus: 48
      cpus-online: 48
      ticks-per-second: 100

metrics:
    - stressor: cpu
      bogo-ops: 204751
      bogo-ops-per-second-usr-sys-time: 424.550164
      bogo-ops-per-second-real-time: 20367.100340
      wall-clock-time: 10.053027
      user-time: 482.237542
      system-time: 0.039978
      cpu-usage-per-instance: 99.944512
      max-rss: 3840

...
