---
system-info:
      stress-ng-version: 0.17.08
      run-by: root
      date-yyyy-mm-dd: 2024:06:14
      time-hh-mm-ss: 08:55:47
      epoch-secs: 1718355347
      hostname: 6d62f12cf235
      sysname: Linux
      nodename: 6d62f12cf235
      release: 6.8.0-1008-aws
      version: '#8-Ubuntu SMP Sat Apr 20 02:43:14 UTC 2024'
      machine: aarch64
      compiler: 'musl-gcc 13.2.1'
      uptime: 118
      totalram: 99418226688
      freeram: 94836584448
      sharedram: 35196928
      bufferram: 106184704
      totalswap: 0
      freeswap: 0
      pagesize: 4096
      cpus: 48
      cpus-online: 48
      ticks-per-second: 100

metrics:
    - stressor: cpu
      bogo-ops: 1469485
      bogo-ops-per-second-usr-sys-time: 1531.247256
      bogo-ops-per-second-real-time: 73473.992054
      wall-clock-time: 20.000070
      user-time: 959.646402
      system-time: 0.018991
      cpu-usage-per-instance: 99.964794
      max-rss: 1152

...
