BaselineInfo:
  WebDBID: -1
  TimeStamp: 20241115105035
Version:
  Major: 11
  Minor: 0
  Build: 1002
  SpecialBuildName: ""
  ptArchitecture: x86_64_linux
Results:
  Results Complete: true
  NumTestProcesses: 4
  CPU_INTEGER_MATH: 18906.661
  CPU_FLOATINGPOINT_MATH: 12038.529118449143
  CPU_PRIME: 47.751497755708471
  CPU_SORTING: 11558.810892952435
  CPU_ENCRYPTION: 4863.8686356674889
  CPU_COMPRESSION: 78553.305889768904
  CPU_SINGLETHREAD: 2897.3761939852329
  CPU_PHYSICS: 941.33149140025444
  CPU_MATRIX_MULT_SSE: 5009.6029876715229
  CPU_mm: 524.71899213712743
  CPU_sse: 2477.1664277648365
  CPU_fma: 6987.6032710831278
  CPU_avx: 5564.0392641666067
  CPU_avx512: 0
  m_CPU_enc_SHA: 6891459331.0802345
  m_CPU_enc_AES: 4547210296.3410578
  m_CPU_enc_ECDSA: 3861738128.1197243
  ME_ALLOC_S: 1981.2618814663222
  ME_READ_S: 27093.973828124999
  ME_READ_L: 25287.96875
  ME_WRITE: 25177.76171875
  ME_LARGE: 6638.5
  ME_LATENCY: 78.780020146468075
  ME_THREADED: 36317.51953125
  SUMM_CPU: 7638.7959189335706
  SUMM_ME: 2166.2125325188617
SystemInformation:
  OSName: Ubuntu 24.04.1 LTS
  Kernel: 6.8.0-45-generic
  Device: ""
  Processor: AMD EPYC Processor
  NumSockets: 1
  Manufacturer: AuthenticAMD
  NumCores: 2
  NumLogicals: 4
  CPUFrequency: 0
  Memory: 15611
  MemModuleInfo:
    iNumMemSticks: 1
    DIMM 1:
      manufacturer: QEMU
      modulePartNo: Not Specified
      memType: RAM
      size: 16000
      clkspeed: 0
      moduleVoltage: 0
Checksum: B87191790E727EE6B7120AC1A229063DCF116216