BaselineInfo:
  WebDBID: -1
  TimeStamp: 20241114175802
Version:
  Major: 11
  Minor: 0
  Build: 1002
  SpecialBuildName: ""
  ptArchitecture: x86_64_linux
Results:
  Results Complete: true
  NumTestProcesses: 4
  CPU_INTEGER_MATH: 18878.048000000003
  CPU_FLOATINGPOINT_MATH: 12026.464593177649
  CPU_PRIME: 48.142285915924354
  CPU_SORTING: 11572.605162250566
  CPU_ENCRYPTION: 4840.5870090391363
  CPU_COMPRESSION: 78922.744411778476
  CPU_SINGLETHREAD: 2924.6285459783257
  CPU_PHYSICS: 953.14210200983905
  CPU_MATRIX_MULT_SSE: 4948.6759380140311
  CPU_mm: 524.06456676798825
  CPU_sse: 2473.5817238522363
  CPU_fma: 6978.3983430784328
  CPU_avx: 5394.0477471114245
  CPU_avx512: 0
  m_CPU_enc_SHA: 6854837572.2787437
  m_CPU_enc_AES: 4510548515.3049622
  m_CPU_enc_ECDSA: 3861784003.1869583
  ME_ALLOC_S: 1919.7461307666417
  ME_READ_S: 27231.982617187499
  ME_READ_L: 25795.3671875
  ME_WRITE: 25363.615234375
  ME_LARGE: 6651.75
  ME_LATENCY: 79.060316794464299
  ME_THREADED: 36576.015625
  SUMM_CPU: 7633.7753172262901
  SUMM_ME: 2164.8287786563114
SystemInformation:
  OSName: Ubuntu 24.04.1 LTS
  Kernel: 6.8.0-45-generic
  Device: ""
  Processor: AMD EPYC Processor
  NumSockets: 1
  Manufacturer: AuthenticAMD
  NumCores: 2
  NumLogicals: 4
  CPUFrequency: 0
  Memory: 15611
  MemModuleInfo:
    iNumMemSticks: 1
    DIMM 1:
      manufacturer: QEMU
      modulePartNo: Not Specified
      memType: RAM
      size: 16000
      clkspeed: 0
      moduleVoltage: 0
Checksum: 00C3889B5F355842A2EE60F5857B75A143B29AE7