BaselineInfo:
  WebDBID: -1
  TimeStamp: 20241106225402
Version:
  Major: 11
  Minor: 0
  Build: 1002
  SpecialBuildName: ""
  ptArchitecture: x86_64_linux
Results:
  Results Complete: true
  NumTestProcesses: 4
  CPU_INTEGER_MATH: 18899.18233333333
  CPU_FLOATINGPOINT_MATH: 12031.77415910845
  CPU_PRIME: 47.250931110962398
  CPU_SORTING: 11583.089294004714
  CPU_ENCRYPTION: 4865.9696932355146
  CPU_COMPRESSION: 78069.955539736722
  CPU_SINGLETHREAD: 2903.5410866457028
  CPU_PHYSICS: 931.4580488521392
  CPU_MATRIX_MULT_SSE: 4970.9376028157558
  CPU_mm: 524.62525069524497
  CPU_sse: 2451.9711699762565
  CPU_fma: 6986.1488058846444
  CPU_avx: 5474.6928325863646
  CPU_avx512: 0
  m_CPU_enc_SHA: 6890946158.9843092
  m_CPU_enc_AES: 4545015789.6803951
  m_CPU_enc_ECDSA: 3871055162.4976654
  ME_ALLOC_S: 1942.0060178884689
  ME_READ_S: 27295.7265625
  ME_READ_L: 25795.82421875
  ME_WRITE: 24403.796875
  ME_LARGE: 5716.583333333333
  ME_LATENCY: 80.716971494215628
  ME_THREADED: 36386.072265625
  SUMM_CPU: 7618.0993331709542
  SUMM_ME: 2104.4283914829339
SystemInformation:
  OSName: Ubuntu 24.04.1 LTS
  Kernel: 6.8.0-45-generic
  Device: ""
  Processor: AMD EPYC Processor
  NumSockets: 1
  Manufacturer: AuthenticAMD
  NumCores: 2
  NumLogicals: 4
  CPUFrequency: 0
  Memory: 15611
  MemModuleInfo:
    iNumMemSticks: 1
    DIMM 1:
      manufacturer: QEMU
      modulePartNo: Not Specified
      memType: RAM
      size: 16000
      clkspeed: 0
      moduleVoltage: 0
Checksum: 3C8F0C894ED846E7797E1AD112BA4D2DFAF5E625