---
system-info:
      stress-ng-version: 0.17.08
      run-by: root
      date-yyyy-mm-dd: 2024:07:26
      time-hh-mm-ss: 08:30:18
      epoch-secs: 1721982618
      hostname: a2-ultragpu-8g-8ae0c84
      sysname: Linux
      nodename: a2-ultragpu-8g-8ae0c84
      release: 6.8.0-1010-gcp
      version: '#11-Ubuntu SMP Fri Jun 14 16:56:45 UTC 2024'
      machine: x86_64
      compiler: 'musl-gcc 13.2.1'
      uptime: 278
      totalram: 1437314392064
      freeram: 1427504660480
      sharedram: 82620416
      bufferram: 131219456
      totalswap: 0
      freeswap: 0
      pagesize: 4096
      cpus: 96
      cpus-online: 96
      ticks-per-second: 100

metrics:
    - stressor: cpu
      bogo-ops: 24027
      bogo-ops-per-second-usr-sys-time: 1201.528307
      bogo-ops-per-second-real-time: 1201.341207
      wall-clock-time: 20.000146
      user-time: 19.997032
      system-time: 0.000000
      cpu-usage-per-instance: 99.984428
      max-rss: 768

...
