---
system-info:
      stress-ng-version: 0.17.08
      run-by: root
      date-yyyy-mm-dd: 2024:06:15
      time-hh-mm-ss: 16:55:32
      epoch-secs: 1718470532
      hostname: 19ddf9510ef6
      sysname: Linux
      nodename: 19ddf9510ef6
      release: 6.8.0-1008-aws
      version: '#8-Ubuntu SMP Sat Apr 20 00:46:25 UTC 2024'
      machine: x86_64
      compiler: 'musl-gcc 13.2.1'
      uptime: 151
      totalram: 66684055552
      freeram: 62263152640
      sharedram: 40747008
      bufferram: 110219264
      totalswap: 0
      freeswap: 0
      pagesize: 4096
      cpus: 8
      cpus-online: 8
      ticks-per-second: 100

metrics:
    - stressor: cpu
      bogo-ops: 25684
      bogo-ops-per-second-usr-sys-time: 1284.205329
      bogo-ops-per-second-real-time: 1284.195943
      wall-clock-time: 20.000063
      user-time: 19.999917
      system-time: 0.000000
      cpu-usage-per-instance: 99.999269
      max-rss: 1104

...
