---
system-info:
      stress-ng-version: 0.17.08
      run-by: root
      date-yyyy-mm-dd: 2024:06:09
      time-hh-mm-ss: 14:32:02
      epoch-secs: 1717943522
      hostname: ec84a394e0a2
      sysname: Linux
      nodename: ec84a394e0a2
      release: 6.8.0-1008-aws
      version: '#8-Ubuntu SMP Sat Apr 20 00:46:25 UTC 2024'
      machine: x86_64
      compiler: 'musl-gcc 13.2.1'
      uptime: 139
      totalram: 66684051456
      freeram: 62158946304
      sharedram: 40738816
      bufferram: 108888064
      totalswap: 0
      freeswap: 0
      pagesize: 4096
      cpus: 8
      cpus-online: 8
      ticks-per-second: 100

metrics:
    - stressor: cpu
      bogo-ops: 13909
      bogo-ops-per-second-usr-sys-time: 1390.536514
      bogo-ops-per-second-real-time: 1390.539858
      wall-clock-time: 10.002590
      user-time: 10.002614
      system-time: 0.000000
      cpu-usage-per-instance: 100.000241
      max-rss: 3920

...
