BaselineInfo:
  WebDBID: -1
  TimeStamp: 20260619234923
Version:
  Major: 11
  Minor: 0
  Build: 1004
  SpecialBuildName: ""
  ptArchitecture: x86_64_linux
Results:
  Results Complete: true
  NumTestProcesses: 8
  CPU_INTEGER_MATH: 43176.449000000008
  CPU_FLOATINGPOINT_MATH: 31367.365068159488
  CPU_PRIME: 93.865717143612656
  CPU_SORTING: 22164.15449282432
  CPU_ENCRYPTION: 9671.7649867617474
  CPU_COMPRESSION: 172190.68549911398
  CPU_SINGLETHREAD: 3443.4308619157173
  CPU_PHYSICS: 2013.4687911464207
  CPU_MATRIX_MULT_SSE: 11053.800215696087
  CPU_mm: 1191.8778493445657
  CPU_sse: 5164.017404501561
  CPU_fma: 13656.961203450288
  CPU_avx: 10237.53479981788
  CPU_avx512: 15156.687455014619
  m_CPU_enc_SHA: 10111194475.540924
  m_CPU_enc_AES: 13200946360.894234
  m_CPU_enc_ECDSA: 7112601091.8408947
  ME_ALLOC_S: 4308.0245420831725
  ME_READ_S: 30311.314062500001
  ME_READ_L: 21227.693359375
  ME_WRITE: 8343.42578125
  ME_LARGE: 55909.75
  ME_LATENCY: 78.163896732394619
  ME_THREADED: 89182.9443359375
  SUMM_CPU: 16243.121753905878
  SUMM_ME: 2365.9190173679535
SystemInformation:
  OSName: Ubuntu 24.04.4 LTS
  Kernel: 6.17.0-1018-azure
  Device: ""
  Processor: Intel(R) Xeon(R) 6973P-C
  NumSockets: 1
  Manufacturer: GenuineIntel
  NumCores: 4
  NumLogicals: 8
  CPUFrequency: 2600
  CPUMaxFrequency: 2600
  Memory: 64299
  CPUInfo:
    number: 1
    Family: 6
    Model: 13
    stepping: 1
    features: 529267711
    manufacture: GenuineIntel
    typestring: Intel(R) Xeon(R) 6973P-C
    iCoresPerPackage: 4
    iThreadsPerPackage: 2
    featuresEx:
      - 529267711
      - 4294586915
      - 739248128
    bHybrid: false
    nPCore: 0
    nLogicalsPerPCore: 0
    nECore: 0
    nLogicalsPerECore: 0
  MemModuleInfo:
    iNumMemSticks: 3
    DIMM 1:
      manufacturer: Microsoft Corporation
      modulePartNo: None
      memType: Unknown
      size: 1
      clkspeed: 0
      moduleVoltage: 0
    DIMM 2:
      manufacturer: Microsoft Corporation
      modulePartNo: None
      memType: Unknown
      size: 59
      clkspeed: 0
      moduleVoltage: 0
    DIMM 3:
      manufacturer: Microsoft Corporation
      modulePartNo: None
      memType: Unknown
      size: 4
      clkspeed: 0
      moduleVoltage: 0
Checksum: 1A078C662B60A70DA101349FA178114AEAB0C4CE