---
system-info:
      stress-ng-version: 0.17.08
      run-by: root
      date-yyyy-mm-dd: 2024:06:06
      time-hh-mm-ss: 17:22:35
      epoch-secs: 1717694555
      hostname: 1a2bdc310fba
      sysname: Linux
      nodename: 1a2bdc310fba
      release: 6.8.0-1008-aws
      version: '#8-Ubuntu SMP Sat Apr 20 00:46:25 UTC 2024'
      machine: x86_64
      compiler: 'musl-gcc 13.2.1'
      uptime: 175
      totalram: 132900237312
      freeram: 128305643520
      sharedram: 113885184
      bufferram: 85590016
      totalswap: 0
      freeswap: 0
      pagesize: 4096
      cpus: 64
      cpus-online: 64
      ticks-per-second: 100

metrics:
    - stressor: cpu
      bogo-ops: 21003
      bogo-ops-per-second-usr-sys-time: 2100.222712
      bogo-ops-per-second-real-time: 2100.224289
      wall-clock-time: 10.000360
      user-time: 9.999369
      system-time: 0.000999
      cpu-usage-per-instance: 100.000075
      max-rss: 3072

...
