---
system-info:
      stress-ng-version: 0.17.08
      run-by: root
      date-yyyy-mm-dd: 2024:06:14
      time-hh-mm-ss: 10:56:46
      epoch-secs: 1718362606
      hostname: 6683e4390de6
      sysname: Linux
      nodename: 6683e4390de6
      release: 6.8.0-1008-aws
      version: '#8-Ubuntu SMP Sat Apr 20 00:46:25 UTC 2024'
      machine: x86_64
      compiler: 'musl-gcc 13.2.1'
      uptime: 169
      totalram: 132900208640
      freeram: 128135618560
      sharedram: 113893376
      bufferram: 108638208
      totalswap: 0
      freeswap: 0
      pagesize: 4096
      cpus: 64
      cpus-online: 64
      ticks-per-second: 100

metrics:
    - stressor: cpu
      bogo-ops: 40342
      bogo-ops-per-second-usr-sys-time: 2017.057642
      bogo-ops-per-second-real-time: 2017.085717
      wall-clock-time: 20.000142
      user-time: 20.000420
      system-time: 0.000000
      cpu-usage-per-instance: 100.001392
      max-rss: 512

...
