BaselineInfo:
  WebDBID: -1
  TimeStamp: 20241108110102
Version:
  Major: 11
  Minor: 0
  Build: 1002
  SpecialBuildName: ""
  ptArchitecture: x86_64_linux
Results:
  Results Complete: true
  NumTestProcesses: 32
  CPU_INTEGER_MATH: 133239.878
  CPU_FLOATINGPOINT_MATH: 73430.132490680233
  CPU_PRIME: 279.94498631550113
  CPU_SORTING: 71907.030907824548
  CPU_ENCRYPTION: 34539.714451336411
  CPU_COMPRESSION: 507038.24330200744
  CPU_SINGLETHREAD: 2394.3905017846482
  CPU_PHYSICS: 4954.677841910403
  CPU_MATRIX_MULT_SSE: 29962.419031874735
  CPU_mm: 3593.5795123312055
  CPU_sse: 15138.005020581724
  CPU_fma: 41711.021416103256
  CPU_avx: 33038.230658939217
  CPU_avx512: 0
  m_CPU_enc_SHA: 50084559053.312004
  m_CPU_enc_AES: 32038568238.85297
  m_CPU_enc_ECDSA: 26529419569.408619
  ME_ALLOC_S: 13948.871753072764
  ME_READ_S: 24487.3779296875
  ME_READ_L: 20916.099609375
  ME_WRITE: 20031.8671875
  ME_LARGE: 118149.91666666667
  ME_LATENCY: 60.885768039366155
  ME_THREADED: 131059.388671875
  SUMM_CPU: 39295.43291535286
  SUMM_ME: 2984.7711906751265
SystemInformation:
  OSName: Ubuntu 24.04.1 LTS
  Kernel: 6.8.0-1017-azure
  Device: ""
  Processor: AMD EPYC 7763 64-Core Processor
  NumSockets: 1
  Manufacturer: AuthenticAMD
  NumCores: 16
  NumLogicals: 32
  CPUFrequency: 0
  Memory: 128899
  MemModuleInfo:
    iNumMemSticks: 4
    DIMM 1:
      manufacturer: Microsoft Corporation
      modulePartNo: None
      memType: Unknown
      size: 1
      clkspeed: 0
      moduleVoltage: 0
    DIMM 2:
      manufacturer: Microsoft Corporation
      modulePartNo: None
      memType: Unknown
      size: 60928
      clkspeed: 0
      moduleVoltage: 0
    DIMM 3:
      manufacturer: Microsoft Corporation
      modulePartNo: None
      memType: Unknown
      size: 3584
      clkspeed: 0
      moduleVoltage: 0
    DIMM 4:
      manufacturer: Microsoft Corporation
      modulePartNo: None
      memType: Unknown
      size: 64
      clkspeed: 0
      moduleVoltage: 0
Checksum: 7C490872D20EE7E2F9ED0E4C71195D7F62A0BA90