BaselineInfo:
  WebDBID: -1
  TimeStamp: 20241108170042
Version:
  Major: 11
  Minor: 0
  Build: 1002
  SpecialBuildName: ""
  ptArchitecture: x86_64_linux
Results:
  Results Complete: true
  NumTestProcesses: 16
  CPU_INTEGER_MATH: 45380.880666666671
  CPU_FLOATINGPOINT_MATH: 24332.117475761406
  CPU_PRIME: 81.856759925230534
  CPU_SORTING: 23520.130257252222
  CPU_ENCRYPTION: 6241.7445632485451
  CPU_COMPRESSION: 199877.17183090822
  CPU_SINGLETHREAD: 1816.3511802832122
  CPU_PHYSICS: 1579.6268693310235
  CPU_MATRIX_MULT_SSE: 12242.791315924787
  CPU_mm: 1379.0618029373161
  CPU_sse: 4972.689406857171
  CPU_fma: 14657.047628340253
  CPU_avx: 10352.542170413568
  CPU_avx512: 18988.886058088152
  m_CPU_enc_SHA: 2049677273.062849
  m_CPU_enc_AES: 15754654050.597233
  m_CPU_enc_ECDSA: 1830499317.7986379
  ME_ALLOC_S: 5430.1771647762207
  ME_READ_S: 21932.173632812501
  ME_READ_L: 10348.958984375
  ME_WRITE: 9930.98828125
  ME_LARGE: 50892
  ME_LATENCY: 54.274725553387213
  ME_THREADED: 86830.6142578125
  SUMM_CPU: 14414.977203889188
  SUMM_ME: 2468.6899049688845
SystemInformation:
  OSName: Ubuntu 24.04.1 LTS
  Kernel: 6.8.0-1016-aws
  Device: ""
  Processor: Intel Xeon Platinum 8259CL CPU @ 2.50GHz
  NumSockets: 1
  Manufacturer: GenuineIntel
  NumCores: 8
  NumLogicals: 16
  CPUFrequency: 0
  Memory: 63592
  MemModuleInfo:
    iNumMemSticks: 1
    DIMM 1:
      manufacturer: Not Specified
      modulePartNo: Not Specified
      memType: DDR4
      size: 64
      clkspeed: 1333
      moduleVoltage: 0
Checksum: 9970E858C9608B7A769D4EA908ACA6B3AD269FB2