BaselineInfo:
  WebDBID: -1
  TimeStamp: 20241107035211
Version:
  Major: 11
  Minor: 0
  Build: 1002
  SpecialBuildName: ""
  ptArchitecture: x86_64_linux
Results:
  Results Complete: true
  NumTestProcesses: 2
  CPU_INTEGER_MATH: 8237.2070000000003
  CPU_FLOATINGPOINT_MATH: 4568.9778793317137
  CPU_PRIME: 19.326184319964604
  CPU_SORTING: 4607.1288600693824
  CPU_ENCRYPTION: 2133.2955162863555
  CPU_COMPRESSION: 32949.401714141466
  CPU_SINGLETHREAD: 2321.7969937733319
  CPU_PHYSICS: 380.66007926193964
  CPU_MATRIX_MULT_SSE: 1746.733437348767
  CPU_mm: 222.93650724448332
  CPU_sse: 938.54892587177926
  CPU_fma: 2578.6468691414302
  CPU_avx: 1723.0045170330918
  CPU_avx512: 0
  m_CPU_enc_SHA: 3095109351.7517405
  m_CPU_enc_AES: 1982145217.3723564
  m_CPU_enc_ECDSA: 1633512868.7323482
  ME_ALLOC_S: 905.45587829276064
  ME_READ_S: 24095.184960937499
  ME_READ_L: 18865.283203125
  ME_WRITE: 17966.09765625
  ME_LARGE: 693
  ME_LATENCY: 70.012822770924188
  ME_THREADED: 22291.841796875
  SUMM_CPU: 3131.6175900092776
  SUMM_ME: 1070.7805601280297
SystemInformation:
  OSName: Ubuntu 24.04.1 LTS
  Kernel: 6.8.0-1017-azure
  Device: ""
  Processor: AMD EPYC 7763 64-Core Processor
  NumSockets: 1
  Manufacturer: AuthenticAMD
  NumCores: 1
  NumLogicals: 2
  CPUFrequency: 0
  Memory: 7938
  MemModuleInfo:
    iNumMemSticks: 2
    DIMM 1:
      manufacturer: Microsoft Corporation
      modulePartNo: None
      memType: Unknown
      size: 1
      clkspeed: 0
      moduleVoltage: 0
    DIMM 2:
      manufacturer: Microsoft Corporation
      modulePartNo: None
      memType: Unknown
      size: 7
      clkspeed: 0
      moduleVoltage: 0
Checksum: 0D56EF87583FCAEBDBC802262A6634AF112B311C