BaselineInfo:
  WebDBID: -1
  TimeStamp: 20241114220208
Version:
  Major: 11
  Minor: 0
  Build: 1002
  SpecialBuildName: ""
  ptArchitecture: x86_64_linux
Results:
  Results Complete: true
  NumTestProcesses: 2
  CPU_INTEGER_MATH: 8243.6916666666657
  CPU_FLOATINGPOINT_MATH: 4574.8462407552233
  CPU_PRIME: 19.153137704767541
  CPU_SORTING: 4502.6260420231847
  CPU_ENCRYPTION: 2143.9211898306867
  CPU_COMPRESSION: 32089.953965584053
  CPU_SINGLETHREAD: 2326.0521497352925
  CPU_PHYSICS: 377.48524151716111
  CPU_MATRIX_MULT_SSE: 1736.6014803597952
  CPU_mm: 222.87162394897877
  CPU_sse: 937.72695329839098
  CPU_fma: 2578.7999065662179
  CPU_avx: 1693.277581214777
  CPU_avx512: 0
  m_CPU_enc_SHA: 3106052936.0320554
  m_CPU_enc_AES: 1984456865.143558
  m_CPU_enc_ECDSA: 1653683115.4680936
  ME_ALLOC_S: 897.13425874436302
  ME_READ_S: 24025.968359375001
  ME_READ_L: 18662.939453125
  ME_WRITE: 18153.060546875
  ME_LARGE: 652
  ME_LATENCY: 65.749191334009069
  ME_THREADED: 22410.2109375
  SUMM_CPU: 3106.1884835285018
  SUMM_ME: 1051.196718554854
SystemInformation:
  OSName: Ubuntu 24.04.1 LTS
  Kernel: 6.8.0-1017-azure
  Device: ""
  Processor: AMD EPYC 7763 64-Core Processor
  NumSockets: 1
  Manufacturer: AuthenticAMD
  NumCores: 1
  NumLogicals: 2
  CPUFrequency: 0
  Memory: 7938
  MemModuleInfo:
    iNumMemSticks: 2
    DIMM 1:
      manufacturer: Microsoft Corporation
      modulePartNo: None
      memType: Unknown
      size: 1
      clkspeed: 0
      moduleVoltage: 0
    DIMM 2:
      manufacturer: Microsoft Corporation
      modulePartNo: None
      memType: Unknown
      size: 7
      clkspeed: 0
      moduleVoltage: 0
Checksum: 0A493B6993578A7833E6AC4272576EC40CEF9EB6