BaselineInfo:
  WebDBID: -1
  TimeStamp: 20241115142822
Version:
  Major: 11
  Minor: 0
  Build: 1002
  SpecialBuildName: ""
  ptArchitecture: x86_64_linux
Results:
  Results Complete: true
  NumTestProcesses: 2
  CPU_INTEGER_MATH: 8237.3490000000002
  CPU_FLOATINGPOINT_MATH: 4572.8431696405096
  CPU_PRIME: 19.15540492435435
  CPU_SORTING: 4559.0044070366948
  CPU_ENCRYPTION: 2128.0650968871851
  CPU_COMPRESSION: 32833.863428670091
  CPU_SINGLETHREAD: 2325.4093613960613
  CPU_PHYSICS: 366.21766392150016
  CPU_MATRIX_MULT_SSE: 1760.2405780200559
  CPU_mm: 222.80723515530906
  CPU_sse: 945.75896970420717
  CPU_fma: 2577.8021697715799
  CPU_avx: 1757.1605945843808
  CPU_avx512: 0
  m_CPU_enc_SHA: 3102699494.1202517
  m_CPU_enc_AES: 1945060764.1823368
  m_CPU_enc_ECDSA: 1646553702.7981424
  ME_ALLOC_S: 900.65829593150806
  ME_READ_S: 24095.7939453125
  ME_READ_L: 18184.27734375
  ME_WRITE: 17739.248046875
  ME_LARGE: 626
  ME_LATENCY: 68.617095504413399
  ME_THREADED: 22405.4072265625
  SUMM_CPU: 3124.3987460201674
  SUMM_ME: 1018.6955891666991
SystemInformation:
  OSName: Ubuntu 24.04.1 LTS
  Kernel: 6.8.0-1017-azure
  Device: ""
  Processor: AMD EPYC 7763 64-Core Processor
  NumSockets: 1
  Manufacturer: AuthenticAMD
  NumCores: 1
  NumLogicals: 2
  CPUFrequency: 0
  Memory: 7938
  MemModuleInfo:
    iNumMemSticks: 2
    DIMM 1:
      manufacturer: Microsoft Corporation
      modulePartNo: None
      memType: Unknown
      size: 1
      clkspeed: 0
      moduleVoltage: 0
    DIMM 2:
      manufacturer: Microsoft Corporation
      modulePartNo: None
      memType: Unknown
      size: 7
      clkspeed: 0
      moduleVoltage: 0
Checksum: 50C338A1D232FE23561D34781A3AA20ADF0F6523