BaselineInfo:
  WebDBID: -1
  TimeStamp: 20260619200051
Version:
  Major: 11
  Minor: 0
  Build: 1004
  SpecialBuildName: ""
  ptArchitecture: x86_64_linux
Results:
  Results Complete: true
  NumTestProcesses: 8
  CPU_INTEGER_MATH: 60872.559999999998
  CPU_FLOATINGPOINT_MATH: 60168.48977302335
  CPU_PRIME: 207.47317719966338
  CPU_SORTING: 33845.382950240317
  CPU_ENCRYPTION: 12381.907714997533
  CPU_COMPRESSION: 250569.2836935505
  CPU_SINGLETHREAD: 3788.8610019426187
  CPU_PHYSICS: 2887.5712162006057
  CPU_MATRIX_MULT_SSE: 22486.089162292341
  CPU_mm: 2678.2493753044191
  CPU_sse: 8136.7010086184837
  CPU_fma: 31336.185444958777
  CPU_avx: 16313.837861101834
  CPU_avx512: 34157.632334490256
  m_CPU_enc_SHA: 17545941647.033062
  m_CPU_enc_AES: 10618539988.614864
  m_CPU_enc_ECDSA: 10785632156.835829
  ME_ALLOC_S: 10114.208942113417
  ME_READ_S: 33856.274804687499
  ME_READ_L: 29721.751953125
  ME_WRITE: 30516.5390625
  ME_LARGE: 55901
  ME_LATENCY: 84.083299711946907
  ME_THREADED: 105461.4091796875
  SUMM_CPU: 24701.477805690018
  SUMM_ME: 2710.846609148316
SystemInformation:
  OSName: Ubuntu 24.04.4 LTS
  Kernel: 6.17.0-1018-azure
  Device: ""
  Processor: "AMD EPYC 9V45 96-Core Processor                "
  NumSockets: 1
  Manufacturer: AuthenticAMD
  NumCores: 8
  NumLogicals: 8
  CPUFrequency: 0
  CPUMaxFrequency: 0
  Memory: 64300
  CPUInfo:
    number: 1
    Family: 15
    Model: 2
    stepping: 1
    features: 395049983
    manufacture: AuthenticAMD
    typestring: "AMD EPYC 9V45 96-Core Processor                "
    iCoresPerPackage: 8
    iThreadsPerPackage: 1
    featuresEx:
      - 395049983
      - 4277809667
      - 802421759
    bHybrid: false
    nPCore: 0
    nLogicalsPerPCore: 0
    nECore: 0
    nLogicalsPerECore: 0
  MemModuleInfo:
    iNumMemSticks: 3
    DIMM 1:
      manufacturer: Microsoft Corporation
      modulePartNo: None
      memType: Unknown
      size: 1
      clkspeed: 0
      moduleVoltage: 0
    DIMM 2:
      manufacturer: Microsoft Corporation
      modulePartNo: None
      memType: Unknown
      size: 59
      clkspeed: 0
      moduleVoltage: 0
    DIMM 3:
      manufacturer: Microsoft Corporation
      modulePartNo: None
      memType: Unknown
      size: 4
      clkspeed: 0
      moduleVoltage: 0
Checksum: F8C1B332FF77BC48A390BEFF02F5C596B6AEFA38