BaselineInfo:
  WebDBID: -1
  TimeStamp: 20260611100455
Version:
  Major: 11
  Minor: 0
  Build: 1004
  SpecialBuildName: ""
  ptArchitecture: aarch64_linux
Results:
  Results Complete: true
  NumTestProcesses: 1
  CPU_INTEGER_MATH: 6080.5583333333334
  CPU_FLOATINGPOINT_MATH: 7612.178570179125
  CPU_PRIME: 20.7745592479619
  CPU_SORTING: 5276.3947310849562
  CPU_ENCRYPTION: 290.62176076874601
  CPU_COMPRESSION: 8995.1748695484985
  CPU_SINGLETHREAD: 2319.4006326550116
  CPU_PHYSICS: 422.65918596130638
  CPU_MATRIX_MULT_SSE: 1339.8542960891518
  CPU_mm: 133.44098739571129
  CPU_sse: 1069.4802688020275
  CPU_fma: 1610.2283233762764
  CPU_avx: 0
  CPU_avx512: 0
  m_CPU_enc_SHA: 488903761.14350039
  m_CPU_enc_AES: 137647292.57286721
  m_CPU_enc_ECDSA: 287665956.54317832
  ME_ALLOC_S: 1989.2845971998886
  ME_READ_S: 24111.827734375001
  ME_READ_L: 24257.544921875
  ME_WRITE: 24696.349609375
  ME_LARGE: 1673.0833333333333
  ME_LATENCY: 28.804300610452248
  ME_THREADED: 24266.328125
  SUMM_CPU: 1408.63891077478
  SUMM_ME: 2066.4859136253544
SystemInformation:
  OSName: Ubuntu 24.04.4 LTS
  Kernel: 6.17.0-1017-aws
  Device: ""
  Processor: ARM Neoverse-V3 1 Core 0 MHz
  NumSockets: 1
  Manufacturer: ARM
  NumCores: 1
  NumLogicals: 1
  CPUFrequency: 0
  CPUMaxFrequency: 0
  Memory: 3772
Checksum: E670D644E7C1A829FF82BDD444D6115E43E02E37