---
system-info:
      stress-ng-version: 0.17.08
      run-by: root
      date-yyyy-mm-dd: 2024:06:15
      time-hh-mm-ss: 02:59:36
      epoch-secs: 1718420376
      hostname: a0511cfd9d6a
      sysname: Linux
      nodename: a0511cfd9d6a
      release: 6.8.0-1008-aws
      version: '#8-Ubuntu SMP Sat Apr 20 00:46:25 UTC 2024'
      machine: x86_64
      compiler: 'musl-gcc 13.2.1'
      uptime: 140
      totalram: 399308304384
      freeram: 393721016320
      sharedram: 116887552
      bufferram: 110559232
      totalswap: 0
      freeswap: 0
      pagesize: 4096
      cpus: 96
      cpus-online: 96
      ticks-per-second: 100

metrics:
    - stressor: cpu
      bogo-ops: 37827
      bogo-ops-per-second-usr-sys-time: 1891.322765
      bogo-ops-per-second-real-time: 1891.345107
      wall-clock-time: 20.000052
      user-time: 20.000288
      system-time: 0.000000
      cpu-usage-per-instance: 100.001181
      max-rss: 768

...
