---
system-info:
      stress-ng-version: 0.17.08
      run-by: root
      date-yyyy-mm-dd: 2024:06:08
      time-hh-mm-ss: 18:41:07
      epoch-secs: 1717872067
      hostname: 9f1c91659661
      sysname: Linux
      nodename: 9f1c91659661
      release: 6.8.0-1008-aws
      version: '#8-Ubuntu SMP Sat Apr 20 00:46:25 UTC 2024'
      machine: x86_64
      compiler: 'musl-gcc 13.2.1'
      uptime: 115
      totalram: 399308328960
      freeram: 393559654400
      sharedram: 116879360
      bufferram: 104833024
      totalswap: 0
      freeswap: 0
      pagesize: 4096
      cpus: 96
      cpus-online: 96
      ticks-per-second: 100

metrics:
    - stressor: cpu
      bogo-ops: 16723
      bogo-ops-per-second-usr-sys-time: 1672.214048
      bogo-ops-per-second-real-time: 1672.228953
      wall-clock-time: 10.000425
      user-time: 9.999514
      system-time: 0.001000
      cpu-usage-per-instance: 100.000891
      max-rss: 3072

...
