---
system-info:
      stress-ng-version: 0.17.08
      run-by: root
      date-yyyy-mm-dd: 2024:06:07
      time-hh-mm-ss: 13:57:33
      epoch-secs: 1717768653
      hostname: c49cc056c8fb
      sysname: Linux
      nodename: c49cc056c8fb
      release: 6.8.0-1008-aws
      version: '#8-Ubuntu SMP Sat Apr 20 00:46:25 UTC 2024'
      machine: x86_64
      compiler: 'musl-gcc 13.2.1'
      uptime: 105
      totalram: 798840717312
      freeram: 792793096192
      sharedram: 117395456
      bufferram: 91148288
      totalswap: 0
      freeswap: 0
      pagesize: 4096
      cpus: 96
      cpus-online: 96
      ticks-per-second: 100

metrics:
    - stressor: cpu
      bogo-ops: 1170784
      bogo-ops-per-second-usr-sys-time: 1220.141530
      bogo-ops-per-second-real-time: 117050.857815
      wall-clock-time: 10.002353
      user-time: 959.453758
      system-time: 0.093943
      cpu-usage-per-instance: 99.929372
      max-rss: 3072

...
