---
system-info:
      stress-ng-version: 0.17.08
      run-by: root
      date-yyyy-mm-dd: 2024:06:13
      time-hh-mm-ss: 08:56:07
      epoch-secs: 1718268967
      hostname: 2f55776a61fc
      sysname: Linux
      nodename: 2f55776a61fc
      release: 6.8.0-1008-aws
      version: '#8-Ubuntu SMP Sat Apr 20 00:46:25 UTC 2024'
      machine: x86_64
      compiler: 'musl-gcc 13.2.1'
      uptime: 121
      totalram: 798840700928
      freeram: 792816140288
      sharedram: 117395456
      bufferram: 105644032
      totalswap: 0
      freeswap: 0
      pagesize: 4096
      cpus: 96
      cpus-online: 96
      ticks-per-second: 100

metrics:
    - stressor: cpu
      bogo-ops: 1853261
      bogo-ops-per-second-usr-sys-time: 965.564883
      bogo-ops-per-second-real-time: 92662.680158
      wall-clock-time: 20.000080
      user-time: 1919.323203
      system-time: 0.030982
      cpu-usage-per-instance: 99.965965
      max-rss: 768

...
