BaselineInfo:
  WebDBID: -1
  TimeStamp: 20241111130815
Version:
  Major: 11
  Minor: 0
  Build: 1002
  SpecialBuildName: ""
  ptArchitecture: x86_64_linux
Results:
  Results Complete: true
  NumTestProcesses: 32
  CPU_INTEGER_MATH: 80743.661333333352
  CPU_FLOATINGPOINT_MATH: 43022.272672231782
  CPU_PRIME: 79.251056174020235
  CPU_SORTING: 46576.891428490497
  CPU_ENCRYPTION: 25334.996589536142
  CPU_COMPRESSION: 345957.96758323122
  CPU_SINGLETHREAD: 1842.0306643051515
  CPU_PHYSICS: 1884.9482423436727
  CPU_MATRIX_MULT_SSE: 12727.989440079582
  CPU_mm: 2429.0726986278041
  CPU_sse: 9830.1316226933614
  CPU_fma: 14641.675546804534
  CPU_avx: 13712.161150740863
  CPU_avx512: 0
  m_CPU_enc_SHA: 35794547744.584961
  m_CPU_enc_AES: 24913245090.783875
  m_CPU_enc_ECDSA: 18989215316.239513
  ME_ALLOC_S: 7964.8844637237517
  ME_READ_S: 21006.92041015625
  ME_READ_L: 13188.048828125
  ME_WRITE: 8997.673828125
  ME_LARGE: 246761.83333333334
  ME_LATENCY: 57.328350122638973
  ME_THREADED: 66097.442138671875
  SUMM_CPU: 23284.950062086227
  SUMM_ME: 2490.978894848859
SystemInformation:
  OSName: Ubuntu 24.04.1 LTS
  Kernel: 6.8.0-1017-azure
  Device: ""
  Processor: AMD EPYC 7551 32-Core Processor
  NumSockets: 1
  Manufacturer: AuthenticAMD
  NumCores: 16
  NumLogicals: 32
  CPUFrequency: 0
  Memory: 257923
  MemModuleInfo:
    iNumMemSticks: 6
    DIMM 1:
      manufacturer: Microsoft Corporation
      modulePartNo: None
      memType: Unknown
      size: 1
      clkspeed: 0
      moduleVoltage: 0
    DIMM 2:
      manufacturer: Microsoft Corporation
      modulePartNo: None
      memType: Unknown
      size: 60928
      clkspeed: 0
      moduleVoltage: 0
    DIMM 3:
      manufacturer: Microsoft Corporation
      modulePartNo: None
      memType: Unknown
      size: 3584
      clkspeed: 0
      moduleVoltage: 0
    DIMM 4:
      manufacturer: Microsoft Corporation
      modulePartNo: None
      memType: Unknown
      size: 64
      clkspeed: 0
      moduleVoltage: 0
    DIMM 5:
      manufacturer: Microsoft Corporation
      modulePartNo: None
      memType: Unknown
      size: 64
      clkspeed: 0
      moduleVoltage: 0
    DIMM 6:
      manufacturer: Microsoft Corporation
      modulePartNo: None
      memType: Unknown
      size: 64
      clkspeed: 0
      moduleVoltage: 0
Checksum: 638C560A3D5F6D320428764C39949D79F493FE1F