BaselineInfo:
  WebDBID: -1
  TimeStamp: 20241110154942
Version:
  Major: 11
  Minor: 0
  Build: 1002
  SpecialBuildName: ""
  ptArchitecture: x86_64_linux
Results:
  Results Complete: true
  NumTestProcesses: 128
  CPU_INTEGER_MATH: 536421.92166666687
  CPU_FLOATINGPOINT_MATH: 274135.36310654384
  CPU_PRIME: 536.6828283820239
  CPU_SORTING: 242535.10672361322
  CPU_ENCRYPTION: 110839.04929028306
  CPU_COMPRESSION: 1843294.0579070344
  CPU_SINGLETHREAD: 2426.9217322598943
  CPU_PHYSICS: 8560.2873558422725
  CPU_MATRIX_MULT_SSE: 106439.62505052159
  CPU_mm: 10976.985698304679
  CPU_sse: 46960.066820201842
  CPU_fma: 124136.58087928552
  CPU_avx: 96195.919084071953
  CPU_avx512: 158465.93341852693
  m_CPU_enc_SHA: 114565522967.96915
  m_CPU_enc_AES: 164740161927.16647
  m_CPU_enc_ECDSA: 69363815950.687958
  ME_ALLOC_S: 29803.580164669966
  ME_READ_S: 24193.88671875
  ME_READ_L: 11515.7841796875
  ME_WRITE: 10357.869140625
  ME_LARGE: 493607.25
  ME_LATENCY: 58.926737343151707
  ME_THREADED: 334458.1826171875
  SUMM_CPU: 86616.741731369664
  SUMM_ME: 2654.1515934491499
SystemInformation:
  OSName: Ubuntu 24.04.1 LTS
  Kernel: 6.8.0-1016-aws
  Device: ""
  Processor: Intel Xeon Platinum 8375C CPU @ 2.90GHz
  NumSockets: 2
  Manufacturer: GenuineIntel
  NumCores: 64
  NumLogicals: 128
  CPUFrequency: 0
  Memory: 507807
  MemModuleInfo:
    iNumMemSticks: 2
    DIMM 1:
      manufacturer: Not Specified
      modulePartNo: Not Specified
      memType: DDR4
      size: 256
      clkspeed: 1600
      moduleVoltage: 0
    DIMM 2:
      manufacturer: Not Specified
      modulePartNo: Not Specified
      memType: DDR4
      size: 256
      clkspeed: 1600
      moduleVoltage: 0
Checksum: 37C5F26730ADB34033799F721D710576877057A4