---
system-info:
      stress-ng-version: 0.17.08
      run-by: root
      date-yyyy-mm-dd: 2024:06:20
      time-hh-mm-ss: 08:08:18
      epoch-secs: 1718870898
      hostname: 0e53dd5fa040
      sysname: Linux
      nodename: 0e53dd5fa040
      release: 6.8.0-1008-gcp
      version: '#9-Ubuntu SMP Wed May 22 18:09:04 UTC 2024'
      machine: x86_64
      compiler: 'musl-gcc 13.2.1'
      uptime: 226
      totalram: 16767361024
      freeram: 9160503296
      sharedram: 41820160
      bufferram: 124497920
      totalswap: 0
      freeswap: 0
      pagesize: 4096
      cpus: 4
      cpus-online: 4
      ticks-per-second: 100

metrics:
    - stressor: cpu
      bogo-ops: 23943
      bogo-ops-per-second-usr-sys-time: 1197.285892
      bogo-ops-per-second-real-time: 1197.144691
      wall-clock-time: 20.000089
      user-time: 19.997730
      system-time: 0.000000
      cpu-usage-per-instance: 99.988207
      max-rss: 1104

...
