---
system-info:
      stress-ng-version: 0.17.08
      run-by: root
      date-yyyy-mm-dd: 2024:08:30
      time-hh-mm-ss: 13:47:21
      epoch-secs: 1725025641
      hostname: sc-runner
      sysname: Linux
      nodename: sc-runner
      release: 6.8.0-1013-azure
      version: '#15-Ubuntu SMP Thu Aug  8 18:40:40 UTC 2024'
      machine: x86_64
      compiler: 'musl-gcc 13.2.1'
      uptime: 339
      totalram: 8322613248
      freeram: 215969792
      sharedram: 54898688
      bufferram: 198557696
      totalswap: 0
      freeswap: 0
      pagesize: 4096
      cpus: 2
      cpus-online: 2
      ticks-per-second: 100

metrics:
    - stressor: cpu
      bogo-ops: 37802
      bogo-ops-per-second-usr-sys-time: 1890.163888
      bogo-ops-per-second-real-time: 1890.087765
      wall-clock-time: 20.000129
      user-time: 19.998325
      system-time: 0.000999
      cpu-usage-per-instance: 99.995973
      max-rss: 3152

...
