---
system-info:
      stress-ng-version: 0.17.08
      run-by: root
      date-yyyy-mm-dd: 2024:06:08
      time-hh-mm-ss: 19:29:22
      epoch-secs: 1717874962
      hostname: 4aaad9dbd460
      sysname: Linux
      nodename: 4aaad9dbd460
      release: 6.8.0-1008-aws
      version: '#8-Ubuntu SMP Sat Apr 20 00:46:25 UTC 2024'
      machine: x86_64
      compiler: 'musl-gcc 13.2.1'
      uptime: 117
      totalram: 397026824192
      freeram: 392058159104
      sharedram: 37539840
      bufferram: 105308160
      totalswap: 0
      freeswap: 0
      pagesize: 4096
      cpus: 96
      cpus-online: 96
      ticks-per-second: 100

metrics:
    - stressor: cpu
      bogo-ops: 17857
      bogo-ops-per-second-usr-sys-time: 1785.661608
      bogo-ops-per-second-real-time: 1785.661045
      wall-clock-time: 10.000218
      user-time: 10.000215
      system-time: 0.000000
      cpu-usage-per-instance: 99.999968
      max-rss: 3072

...
