---
system-info:
      stress-ng-version: 0.17.08
      run-by: root
      date-yyyy-mm-dd: 2024:06:15
      time-hh-mm-ss: 03:55:43
      epoch-secs: 1718423743
      hostname: f63b264fc0c2
      sysname: Linux
      nodename: f63b264fc0c2
      release: 6.8.0-1008-aws
      version: '#8-Ubuntu SMP Sat Apr 20 00:46:25 UTC 2024'
      machine: x86_64
      compiler: 'musl-gcc 13.2.1'
      uptime: 137
      totalram: 397026803712
      freeram: 391962251264
      sharedram: 37539840
      bufferram: 110428160
      totalswap: 0
      freeswap: 0
      pagesize: 4096
      cpus: 96
      cpus-online: 96
      ticks-per-second: 100

metrics:
    - stressor: cpu
      bogo-ops: 61502
      bogo-ops-per-second-usr-sys-time: 3075.198560
      bogo-ops-per-second-real-time: 3075.092925
      wall-clock-time: 20.000046
      user-time: 19.999359
      system-time: 0.000000
      cpu-usage-per-instance: 99.996565
      max-rss: 768

...
