BaselineInfo:
  WebDBID: -1
  TimeStamp: 20241107144121
Version:
  Major: 11
  Minor: 0
  Build: 1002
  SpecialBuildName: ""
  ptArchitecture: x86_64_linux
Results:
  Results Complete: true
  NumTestProcesses: 4
  CPU_INTEGER_MATH: 24096.382333333335
  CPU_FLOATINGPOINT_MATH: 21277.03479722052
  CPU_PRIME: 78.832396401761798
  CPU_SORTING: 15031.757053047839
  CPU_ENCRYPTION: 5213.7605418479234
  CPU_COMPRESSION: 104406.37538839766
  CPU_SINGLETHREAD: 2886.3574170943152
  CPU_PHYSICS: 1318.5526199502565
  CPU_MATRIX_MULT_SSE: 9683.9269193093787
  CPU_mm: 1040.9447940586513
  CPU_sse: 4632.223084408778
  CPU_fma: 13600.462963437885
  CPU_avx: 11772.396304831324
  CPU_avx512: 8730.625324559518
  m_CPU_enc_SHA: 7212374420.580267
  m_CPU_enc_AES: 4574148746.6779165
  m_CPU_enc_ECDSA: 4614549354.5280018
  ME_ALLOC_S: 3737.28392914085
  ME_READ_S: 27825.625781250001
  ME_READ_L: 27110.818359375
  ME_WRITE: 26595.671875
  ME_LARGE: 929.25
  ME_LATENCY: 78.101227587765379
  ME_THREADED: 37865.4541015625
  SUMM_CPU: 10561.068863339206
  SUMM_ME: 1354.9903465570635
SystemInformation:
  OSName: Ubuntu 24.04.1 LTS
  Kernel: 6.8.0-1016-aws
  Device: ""
  Processor: AMD EPYC 9R14
  NumSockets: 1
  Manufacturer: AuthenticAMD
  NumCores: 4
  NumLogicals: 4
  CPUFrequency: 0
  Memory: 7736
  MemModuleInfo:
    iNumMemSticks: 1
    DIMM 1:
      manufacturer: Not Specified
      modulePartNo: Not Specified
      memType: DDR5
      size: 8
      clkspeed: 2400
      moduleVoltage: 0
Checksum: EDB53074ABB4676661579708E667D00BFF25EB8A