---
system-info:
      stress-ng-version: 0.17.08
      run-by: root
      date-yyyy-mm-dd: 2024:09:17
      time-hh-mm-ss: 08:20:06
      epoch-secs: 1726561206
      hostname: sc-runner
      sysname: Linux
      nodename: sc-runner
      release: 6.8.0-1014-azure
      version: '#16-Ubuntu SMP Thu Aug 15 20:04:41 UTC 2024'
      machine: x86_64
      compiler: 'musl-gcc 13.2.1'
      uptime: 307
      totalram: 135146471424
      freeram: 123256999936
      sharedram: 105803776
      bufferram: 326148096
      totalswap: 0
      freeswap: 0
      pagesize: 4096
      cpus: 64
      cpus-online: 64
      ticks-per-second: 100

metrics:
    - stressor: cpu
      bogo-ops: 1242666
      bogo-ops-per-second-usr-sys-time: 971.345306
      bogo-ops-per-second-real-time: 62133.010150
      wall-clock-time: 20.000093
      user-time: 1279.261681
      system-time: 0.062975
      cpu-usage-per-instance: 99.946772
      max-rss: 3004

...
