---
system-info:
      stress-ng-version: 0.17.08
      run-by: root
      date-yyyy-mm-dd: 2024:06:06
      time-hh-mm-ss: 21:22:07
      epoch-secs: 1717708927
      hostname: b9061ca637e2
      sysname: Linux
      nodename: b9061ca637e2
      release: 6.8.0-1008-aws
      version: '#8-Ubuntu SMP Sat Apr 20 00:46:25 UTC 2024'
      machine: x86_64
      compiler: 'musl-gcc 13.2.1'
      uptime: 138
      totalram: 33265274880
      freeram: 29091737600
      sharedram: 40759296
      bufferram: 87056384
      totalswap: 0
      freeswap: 0
      pagesize: 4096
      cpus: 4
      cpus-online: 4
      ticks-per-second: 100

metrics:
    - stressor: cpu
      bogo-ops: 14349
      bogo-ops-per-second-usr-sys-time: 1434.822807
      bogo-ops-per-second-real-time: 1434.818070
      wall-clock-time: 10.000571
      user-time: 10.000538
      system-time: 0.000000
      cpu-usage-per-instance: 99.999670
      max-rss: 3792

...
