---
system-info:
      stress-ng-version: 0.17.08
      run-by: root
      date-yyyy-mm-dd: 2024:06:14
      time-hh-mm-ss: 12:36:53
      epoch-secs: 1718368613
      hostname: ed7e38036548
      sysname: Linux
      nodename: ed7e38036548
      release: 6.8.0-1008-aws
      version: '#8-Ubuntu SMP Sat Apr 20 00:46:25 UTC 2024'
      machine: x86_64
      compiler: 'musl-gcc 13.2.1'
      uptime: 152
      totalram: 33265278976
      freeram: 28883480576
      sharedram: 40759296
      bufferram: 108662784
      totalswap: 0
      freeswap: 0
      pagesize: 4096
      cpus: 4
      cpus-online: 4
      ticks-per-second: 100

metrics:
    - stressor: cpu
      bogo-ops: 26484
      bogo-ops-per-second-usr-sys-time: 1324.202516
      bogo-ops-per-second-real-time: 1324.195059
      wall-clock-time: 20.000075
      user-time: 19.999962
      system-time: 0.000000
      cpu-usage-per-instance: 99.999437
      max-rss: 1104

...
