BaselineInfo:
  WebDBID: -1
  TimeStamp: 20260212204034
Version:
  Major: 11
  Minor: 0
  Build: 1004
  SpecialBuildName: ""
  ptArchitecture: x86_64_linux
Results:
  Results Complete: true
  NumTestProcesses: 2
  CPU_INTEGER_MATH: 17079.428666666667
  CPU_FLOATINGPOINT_MATH: 17156.296154207033
  CPU_PRIME: 64.418773240035804
  CPU_SORTING: 10215.220682027571
  CPU_ENCRYPTION: 3560.9247774477817
  CPU_COMPRESSION: 75046.856655026932
  CPU_SINGLETHREAD: 4289.312531893509
  CPU_PHYSICS: 1111.5397485433291
  CPU_MATRIX_MULT_SSE: 6551.7889512024321
  CPU_mm: 824.98458259012727
  CPU_sse: 2478.7302675082774
  CPU_fma: 9775.3765711934702
  CPU_avx: 4995.4140824468495
  CPU_avx512: 8957.6348836611342
  m_CPU_enc_SHA: 4944277292.1341267
  m_CPU_enc_AES: 3087600499.8597674
  m_CPU_enc_ECDSA: 3169822986.3173614
  ME_ALLOC_S: 3047.2614584287694
  ME_READ_S: 38013.428515624997
  ME_READ_L: 36112.5703125
  ME_WRITE: 35872.8515625
  ME_LARGE: 1126.6666666666667
  ME_LATENCY: 81.959056756990421
  ME_THREADED: 71449.953125
  SUMM_CPU: 7773.6217380809485
  SUMM_ME: 1543.7848729531149
SystemInformation:
  OSName: Ubuntu 24.04.3 LTS
  Kernel: 6.14.0-1018-aws
  Device: ""
  Processor: AMD EPYC 9R05
  NumSockets: 1
  Manufacturer: AuthenticAMD
  NumCores: 2
  NumLogicals: 2
  CPUFrequency: 0
  CPUMaxFrequency: 0
  Memory: 7758
  CPUInfo:
    number: 1
    Family: 15
    Model: 2
    stepping: 1
    features: 395049983
    manufacture: AuthenticAMD
    typestring: AMD EPYC 9R05
    iCoresPerPackage: 2
    iThreadsPerPackage: 1
    featuresEx:
      - 395049983
      - 4277809667
      - 802421759
    bHybrid: false
    nPCore: 0
    nLogicalsPerPCore: 0
    nECore: 0
    nLogicalsPerECore: 0
  MemModuleInfo:
    iNumMemSticks: 1
    DIMM 1:
      manufacturer: Not Specified
      modulePartNo: Not Specified
      memType: DDR5
      size: 8
      clkspeed: 3200
      moduleVoltage: 0
Checksum: 2631315E12B704965B2153442D83C3AFFCA6A27B