---
system-info:
      stress-ng-version: 0.17.08
      run-by: root
      date-yyyy-mm-dd: 2024:08:30
      time-hh-mm-ss: 14:06:22
      epoch-secs: 1725026782
      hostname: sc-runner
      sysname: Linux
      nodename: sc-runner
      release: 6.8.0-1013-azure
      version: '#15-Ubuntu SMP Thu Aug  8 18:40:40 UTC 2024'
      machine: x86_64
      compiler: 'musl-gcc 13.2.1'
      uptime: 359
      totalram: 16766066688
      freeram: 8348340224
      sharedram: 38105088
      bufferram: 201699328
      totalswap: 0
      freeswap: 0
      pagesize: 4096
      cpus: 4
      cpus-online: 4
      ticks-per-second: 100

metrics:
    - stressor: cpu
      bogo-ops: 54055
      bogo-ops-per-second-usr-sys-time: 2702.755811
      bogo-ops-per-second-real-time: 2702.734889
      wall-clock-time: 20.000112
      user-time: 19.999957
      system-time: 0.000000
      cpu-usage-per-instance: 99.999226
      max-rss: 3024

...
