BaselineInfo:
  WebDBID: -1
  TimeStamp: 20241109145212
Version:
  Major: 11
  Minor: 0
  Build: 1002
  SpecialBuildName: ""
  ptArchitecture: x86_64_linux
Results:
  Results Complete: true
  NumTestProcesses: 24
  CPU_INTEGER_MATH: 99706.29399999998
  CPU_FLOATINGPOINT_MATH: 54852.698484742832
  CPU_PRIME: 179.00198823517252
  CPU_SORTING: 53481.962983718491
  CPU_ENCRYPTION: 25763.956138764621
  CPU_COMPRESSION: 381012.24636363483
  CPU_SINGLETHREAD: 2590.5113957964682
  CPU_PHYSICS: 3372.1017870181504
  CPU_MATRIX_MULT_SSE: 22427.963641686409
  CPU_mm: 2695.5716534836179
  CPU_sse: 11456.067489485793
  CPU_fma: 31253.68896324337
  CPU_avx: 24574.134472330083
  CPU_avx512: 0
  m_CPU_enc_SHA: 37357707989.647888
  m_CPU_enc_AES: 23889416877.994968
  m_CPU_enc_ECDSA: 19799273348.840908
  ME_ALLOC_S: 10580.045612905406
  ME_READ_S: 25769.345312500001
  ME_READ_L: 21617.435546875
  ME_WRITE: 20603.220703125
  ME_LARGE: 666307.5
  ME_LATENCY: 59.960556411796169
  ME_THREADED: 82808.76318359375
  SUMM_CPU: 31301.326313623977
  SUMM_ME: 3024.0792743276997
SystemInformation:
  OSName: Ubuntu 24.04.1 LTS
  Kernel: 6.8.0-1017-azure
  Device: ""
  Processor: AMD EPYC 7763 64-Core Processor
  NumSockets: 1
  Manufacturer: AuthenticAMD
  NumCores: 12
  NumLogicals: 24
  CPUFrequency: 0
  Memory: 676870
  MemModuleInfo:
    iNumMemSticks: 3
    DIMM 1:
      manufacturer: Microsoft Corporation
      modulePartNo: None
      memType: Unknown
      size: 1
      clkspeed: 0
      moduleVoltage: 0
    DIMM 2:
      manufacturer: Microsoft Corporation
      modulePartNo: None
      memType: Unknown
      size: 59
      clkspeed: 0
      moduleVoltage: 0
    DIMM 3:
      manufacturer: Microsoft Corporation
      modulePartNo: None
      memType: Unknown
      size: 612
      clkspeed: 0
      moduleVoltage: 0
Checksum: EA15A289EE7C8B412E6A46A261C650AF57A2D3AF