BaselineInfo:
  WebDBID: -1
  TimeStamp: 20241108113449
Version:
  Major: 11
  Minor: 0
  Build: 1002
  SpecialBuildName: ""
  ptArchitecture: x86_64_linux
Results:
  Results Complete: true
  NumTestProcesses: 4
  CPU_INTEGER_MATH: 16795.546999999999
  CPU_FLOATINGPOINT_MATH: 8588.6842040678366
  CPU_PRIME: 37.286193810011255
  CPU_SORTING: 8812.172936166291
  CPU_ENCRYPTION: 3660.3818583577777
  CPU_COMPRESSION: 63528.563998693789
  CPU_SINGLETHREAD: 2425.5111271415185
  CPU_PHYSICS: 725.16457245493825
  CPU_MATRIX_MULT_SSE: 3626.9574871513923
  CPU_mm: 361.89005775632114
  CPU_sse: 1577.5921272080586
  CPU_fma: 4372.2835737620717
  CPU_avx: 3232.0300111142437
  CPU_avx512: 5325.9242365211967
  m_CPU_enc_SHA: 3683295449.7276549
  m_CPU_enc_AES: 5542459302.3146019
  m_CPU_enc_ECDSA: 2288810950.4858394
  ME_ALLOC_S: 2065.7151624624676
  ME_READ_S: 24203.930273437501
  ME_READ_L: 11644.1962890625
  ME_WRITE: 10659.82421875
  ME_LARGE: 118783
  ME_LATENCY: 52.261227378255818
  ME_THREADED: 30301.755859375
  SUMM_CPU: 5951.4765384569282
  SUMM_ME: 2399.8411870211758
SystemInformation:
  OSName: Ubuntu 24.04.1 LTS
  Kernel: 6.8.0-1017-azure
  Device: ""
  Processor: Intel Xeon Platinum 8370C CPU @ 2.80GHz
  NumSockets: 1
  Manufacturer: GenuineIntel
  NumCores: 2
  NumLogicals: 4
  CPUFrequency: 2800
  Memory: 128812
  MemModuleInfo:
    iNumMemSticks: 3
    DIMM 1:
      manufacturer: Microsoft Corporation
      modulePartNo: None
      memType: Unknown
      size: 1
      clkspeed: 0
      moduleVoltage: 0
    DIMM 2:
      manufacturer: Microsoft Corporation
      modulePartNo: None
      memType: Unknown
      size: 59
      clkspeed: 0
      moduleVoltage: 0
    DIMM 3:
      manufacturer: Microsoft Corporation
      modulePartNo: None
      memType: Unknown
      size: 68
      clkspeed: 0
      moduleVoltage: 0
Checksum: E9147B255D9BC7F30855A844BE1E043AB3283FED