BaselineInfo:
  WebDBID: -1
  TimeStamp: 20260404084639
Version:
  Major: 11
  Minor: 0
  Build: 1004
  SpecialBuildName: ""
  ptArchitecture: x86_64_linux
Results:
  Results Complete: true
  NumTestProcesses: 4
  CPU_INTEGER_MATH: 11721.153333333334
  CPU_FLOATINGPOINT_MATH: 6292.1148948289892
  CPU_PRIME: 30.597897940221991
  CPU_SORTING: 7359.311454167052
  CPU_ENCRYPTION: 1623.9745981106851
  CPU_COMPRESSION: 54497.713330057224
  CPU_SINGLETHREAD: 1978.1949063447244
  CPU_PHYSICS: 553.72840684843243
  CPU_MATRIX_MULT_SSE: 3084.7391339949936
  CPU_mm: 356.11659040102273
  CPU_sse: 1285.5009151530271
  CPU_fma: 3944.7065205101267
  CPU_avx: 2775.9820871619895
  CPU_avx512: 4332.7670131548302
  m_CPU_enc_SHA: 530215261.34953886
  m_CPU_enc_AES: 4099473484.3593254
  m_CPU_enc_ECDSA: 478893618.85666531
  ME_ALLOC_S: 1445.615946283473
  ME_READ_S: 22905.103320312501
  ME_READ_L: 10144.6337890625
  ME_WRITE: 9856.9462890625
  ME_LARGE: 18441.25
  ME_LATENCY: 53.500785242387828
  ME_THREADED: 25037.60986328125
  SUMM_CPU: 4274.7219669424621
  SUMM_ME: 2111.5940227594806
SystemInformation:
  OSName: Ubuntu 24.04.4 LTS
  Kernel: 6.8.0-106-generic
  Device: ""
  Processor: Intel(R) Xeon(R) Platinum 8269CY CPU @ 2.50GHz
  NumSockets: 1
  Manufacturer: GenuineIntel
  NumCores: 2
  NumLogicals: 4
  CPUFrequency: 0
  CPUMaxFrequency: 0
  Memory: 31191
  CPUInfo:
    number: 1
    Family: 6
    Model: 5
    stepping: 7
    features: 529267711
    manufacture: GenuineIntel
    typestring: Intel(R) Xeon(R) Platinum 8269CY CPU @ 2.50GHz
    iCoresPerPackage: 2
    iThreadsPerPackage: 2
    featuresEx:
      - 529267711
      - 4277809667
      - 739248128
    bHybrid: false
    nPCore: 0
    nLogicalsPerPCore: 0
    nECore: 0
    nLogicalsPerECore: 0
  MemModuleInfo:
    iNumMemSticks: 2
    DIMM 1:
      manufacturer: Alibaba Cloud
      modulePartNo: Not Specified
      memType: RAM
      size: 16
      clkspeed: 0
      moduleVoltage: 0
    DIMM 2:
      manufacturer: Alibaba Cloud
      modulePartNo: Not Specified
      memType: RAM
      size: 16
      clkspeed: 0
      moduleVoltage: 0
Checksum: 140EF912C48C71324C7B2CF3FDD3D3A9D6BC3D9D