BaselineInfo:
  WebDBID: -1
  TimeStamp: 20241107074040
Version:
  Major: 11
  Minor: 0
  Build: 1002
  SpecialBuildName: ""
  ptArchitecture: x86_64_linux
Results:
  Results Complete: true
  NumTestProcesses: 2
  CPU_INTEGER_MATH: 6194.3240000000005
  CPU_FLOATINGPOINT_MATH: 3319.419289870063
  CPU_PRIME: 13.684304276044049
  CPU_SORTING: 3277.9585828773252
  CPU_ENCRYPTION: 846.68720240480366
  CPU_COMPRESSION: 27768.20193081256
  CPU_SINGLETHREAD: 1988.5120680957002
  CPU_PHYSICS: 259.11365561731498
  CPU_MATRIX_MULT_SSE: 1563.3585345941519
  CPU_mm: 187.9646497054413
  CPU_sse: 671.91834587460028
  CPU_fma: 2059.9073415924236
  CPU_avx: 1455.1669229641816
  CPU_avx512: 2066.4415279454024
  m_CPU_enc_SHA: 280081048.81800365
  m_CPU_enc_AES: 2138080003.9349167
  m_CPU_enc_ECDSA: 245286587.09353787
  ME_ALLOC_S: 714.58019378841675
  ME_READ_S: 23984.342187499999
  ME_READ_L: 10928.4521484375
  ME_WRITE: 10063.3994140625
  ME_LARGE: 674.58333333333337
  ME_LATENCY: 51.211336424891535
  ME_THREADED: 12273.4833984375
  SUMM_CPU: 2197.5396977727569
  SUMM_ME: 995.98601010586128
SystemInformation:
  OSName: Ubuntu 24.04.1 LTS
  Kernel: 6.8.0-1017-azure
  Device: ""
  Processor: Intel Xeon Platinum 8272CL CPU @ 2.60GHz
  NumSockets: 1
  Manufacturer: GenuineIntel
  NumCores: 1
  NumLogicals: 2
  CPUFrequency: 0
  Memory: 7938
  MemModuleInfo:
    iNumMemSticks: 2
    DIMM 1:
      manufacturer: Microsoft Corporation
      modulePartNo: None
      memType: Unknown
      size: 1
      clkspeed: 0
      moduleVoltage: 0
    DIMM 2:
      manufacturer: Microsoft Corporation
      modulePartNo: None
      memType: Unknown
      size: 7
      clkspeed: 0
      moduleVoltage: 0
Checksum: 938FC317434E4423B8723A58A28C81A712E4089E