---
system-info:
      stress-ng-version: 0.17.08
      run-by: root
      date-yyyy-mm-dd: 2024:06:08
      time-hh-mm-ss: 13:24:21
      epoch-secs: 1717853061
      hostname: 984e50abbf2d
      sysname: Linux
      nodename: 984e50abbf2d
      release: 6.8.0-1008-aws
      version: '#8-Ubuntu SMP Sat Apr 20 00:46:25 UTC 2024'
      machine: x86_64
      compiler: 'musl-gcc 13.2.1'
      uptime: 138
      totalram: 133616549888
      freeram: 128904400896
      sharedram: 40869888
      bufferram: 101900288
      totalswap: 0
      freeswap: 0
      pagesize: 4096
      cpus: 32
      cpus-online: 32
      ticks-per-second: 100

metrics:
    - stressor: cpu
      bogo-ops: 14379
      bogo-ops-per-second-usr-sys-time: 1437.092498
      bogo-ops-per-second-real-time: 1437.089614
      wall-clock-time: 10.005639
      user-time: 10.004620
      system-time: 0.000999
      cpu-usage-per-instance: 99.999799
      max-rss: 3848

...
