---
system-info:
      stress-ng-version: 0.17.08
      run-by: root
      date-yyyy-mm-dd: 2024:06:14
      time-hh-mm-ss: 19:29:28
      epoch-secs: 1718393368
      hostname: 7b5f96907182
      sysname: Linux
      nodename: 7b5f96907182
      release: 6.8.0-1008-aws
      version: '#8-Ubuntu SMP Sat Apr 20 00:46:25 UTC 2024'
      machine: x86_64
      compiler: 'musl-gcc 13.2.1'
      uptime: 143
      totalram: 133616562176
      freeram: 128952131584
      sharedram: 40869888
      bufferram: 110280704
      totalswap: 0
      freeswap: 0
      pagesize: 4096
      cpus: 32
      cpus-online: 32
      ticks-per-second: 100

metrics:
    - stressor: cpu
      bogo-ops: 26533
      bogo-ops-per-second-usr-sys-time: 1326.673084
      bogo-ops-per-second-real-time: 1326.643389
      wall-clock-time: 20.000100
      user-time: 19.999652
      system-time: 0.000000
      cpu-usage-per-instance: 99.997762
      max-rss: 1032

...
