---
system-info:
      stress-ng-version: 0.17.08
      run-by: root
      date-yyyy-mm-dd: 2024:06:07
      time-hh-mm-ss: 13:32:43
      epoch-secs: 1717767163
      hostname: 14a0ba731e3e
      sysname: Linux
      nodename: 14a0ba731e3e
      release: 6.8.0-1008-aws
      version: '#8-Ubuntu SMP Sat Apr 20 02:43:14 UTC 2024'
      machine: aarch64
      compiler: 'musl-gcc 13.2.1'
      uptime: 138
      totalram: 66596831232
      freeram: 62290284544
      sharedram: 34996224
      bufferram: 90341376
      totalswap: 0
      freeswap: 0
      pagesize: 4096
      cpus: 8
      cpus-online: 8
      ticks-per-second: 100

metrics:
    - stressor: cpu
      bogo-ops: 2875
      bogo-ops-per-second-usr-sys-time: 287.356437
      bogo-ops-per-second-real-time: 287.359784
      wall-clock-time: 10.004879
      user-time: 10.003997
      system-time: 0.000999
      cpu-usage-per-instance: 100.001165
      max-rss: 4008

...
