---
system-info:
      stress-ng-version: 0.17.08
      run-by: root
      date-yyyy-mm-dd: 2024:06:16
      time-hh-mm-ss: 08:56:37
      epoch-secs: 1718528197
      hostname: 0d810bf3d647
      sysname: Linux
      nodename: 0d810bf3d647
      release: 6.8.0-1008-aws
      version: '#8-Ubuntu SMP Sat Apr 20 02:43:14 UTC 2024'
      machine: aarch64
      compiler: 'musl-gcc 13.2.1'
      uptime: 150
      totalram: 66596839424
      freeram: 62195920896
      sharedram: 34996224
      bufferram: 110575616
      totalswap: 0
      freeswap: 0
      pagesize: 4096
      cpus: 8
      cpus-online: 8
      ticks-per-second: 100

metrics:
    - stressor: cpu
      bogo-ops: 30407
      bogo-ops-per-second-usr-sys-time: 1520.296638
      bogo-ops-per-second-real-time: 1520.340757
      wall-clock-time: 20.000122
      user-time: 19.999703
      system-time: 0.000999
      cpu-usage-per-instance: 100.002902
      max-rss: 1320

...
