---
system-info:
      stress-ng-version: 0.17.08
      run-by: root
      date-yyyy-mm-dd: 2024:06:15
      time-hh-mm-ss: 14:20:13
      epoch-secs: 1718461213
      hostname: b29547c0c20f
      sysname: Linux
      nodename: b29547c0c20f
      release: 6.8.0-1008-aws
      version: '#8-Ubuntu SMP Sat Apr 20 00:46:25 UTC 2024'
      machine: x86_64
      compiler: 'musl-gcc 13.2.1'
      uptime: 139
      totalram: 257533612032
      freeram: 252907405312
      sharedram: 48775168
      bufferram: 108613632
      totalswap: 0
      freeswap: 0
      pagesize: 4096
      cpus: 32
      cpus-online: 32
      ticks-per-second: 100

metrics:
    - stressor: cpu
      bogo-ops: 324656
      bogo-ops-per-second-usr-sys-time: 507.756714
      bogo-ops-per-second-real-time: 16232.670640
      wall-clock-time: 20.000159
      user-time: 639.370842
      system-time: 0.021984
      cpu-usage-per-instance: 99.904333
      max-rss: 1032

...
