---
system-info:
      stress-ng-version: 0.17.08
      run-by: root
      date-yyyy-mm-dd: 2024:06:07
      time-hh-mm-ss: 15:30:01
      epoch-secs: 1717774201
      hostname: 49269067caf5
      sysname: Linux
      nodename: 49269067caf5
      release: 6.1.91-99.172.amzn2023.x86_64
      version: '#1 SMP PREEMPT_DYNAMIC Tue May 21 16:55:08 UTC 2024'
      machine: x86_64
      compiler: 'musl-gcc 13.2.1'
      uptime: 137
      totalram: 257542479872
      freeram: 253393850368
      sharedram: 56758272
      bufferram: 2220032
      totalswap: 0
      freeswap: 0
      pagesize: 4096
      cpus: 32
      cpus-online: 32
      ticks-per-second: 100

metrics:
    - stressor: cpu
      bogo-ops: 262974
      bogo-ops-per-second-usr-sys-time: 822.724200
      bogo-ops-per-second-real-time: 26291.698178
      wall-clock-time: 10.002169
      user-time: 319.578132
      system-time: 0.059968
      cpu-usage-per-instance: 99.865249
      max-rss: 4316

...
