---
system-info:
      stress-ng-version: 0.17.08
      run-by: root
      date-yyyy-mm-dd: 2024:09:23
      time-hh-mm-ss: 21:09:05
      epoch-secs: 1727125745
      hostname: c4-standard-4-e98f779
      sysname: Linux
      nodename: c4-standard-4-e98f779
      release: 6.8.0-1014-gcp
      version: '#16-Ubuntu SMP Mon Aug 26 15:55:46 UTC 2024'
      machine: x86_64
      compiler: 'musl-gcc 13.2.1'
      uptime: 190
      totalram: 15709331456
      freeram: 5313863680
      sharedram: 274587648
      bufferram: 251658240
      totalswap: 0
      freeswap: 0
      pagesize: 4096
      cpus: 4
      cpus-online: 4
      ticks-per-second: 100

metrics:
    - stressor: cpu
      bogo-ops: 37278
      bogo-ops-per-second-usr-sys-time: 1863.913234
      bogo-ops-per-second-real-time: 1863.890446
      wall-clock-time: 20.000103
      user-time: 19.999858
      system-time: 0.000000
      cpu-usage-per-instance: 99.998777
      max-rss: 1104

...
