BaselineInfo:
  WebDBID: -1
  TimeStamp: 20250211113420
Version:
  Major: 11
  Minor: 0
  Build: 1002
  SpecialBuildName: ""
  ptArchitecture: x86_64_linux
Results:
  Results Complete: true
  NumTestProcesses: 4
  CPU_INTEGER_MATH: 19101.603333333333
  CPU_FLOATINGPOINT_MATH: 13546.823171055845
  CPU_PRIME: 40.119377111880333
  CPU_SORTING: 9694.0346683644093
  CPU_ENCRYPTION: 4198.6603012855749
  CPU_COMPRESSION: 71401.113137677676
  CPU_SINGLETHREAD: 2915.0030678303606
  CPU_PHYSICS: 931.78250918421588
  CPU_MATRIX_MULT_SSE: 5586.5528620025116
  CPU_mm: 540.39207265396817
  CPU_sse: 2342.5022737830591
  CPU_fma: 6347.2097117234289
  CPU_avx: 4934.8157347953693
  CPU_avx512: 8721.6837277081886
  m_CPU_enc_SHA: 4451852048.3418798
  m_CPU_enc_AES: 5792528580.4403486
  m_CPU_enc_ECDSA: 2963462643.4602394
  ME_ALLOC_S: 2890.8636237052128
  ME_READ_S: 26627.915429687499
  ME_READ_L: 10615.453125
  ME_WRITE: 9707.4208984375
  ME_LARGE: 53249
  ME_LATENCY: 58.435079863899261
  ME_THREADED: 32384.21142578125
  SUMM_CPU: 7392.4355196425468
  SUMM_ME: 2311.4796219885961
SystemInformation:
  OSName: Ubuntu 24.04.1 LTS
  Kernel: 6.8.0-1021-azure
  Device: ""
  Processor: INTEL XEON PLATINUM 8573C
  NumSockets: 1
  Manufacturer: GenuineIntel
  NumCores: 2
  NumLogicals: 4
  CPUFrequency: 2300
  Memory: 64300
  MemModuleInfo:
    iNumMemSticks: 3
    DIMM 1:
      manufacturer: Microsoft Corporation
      modulePartNo: None
      memType: Unknown
      size: 1
      clkspeed: 0
      moduleVoltage: 0
    DIMM 2:
      manufacturer: Microsoft Corporation
      modulePartNo: None
      memType: Unknown
      size: 59
      clkspeed: 0
      moduleVoltage: 0
    DIMM 3:
      manufacturer: Microsoft Corporation
      modulePartNo: None
      memType: Unknown
      size: 4
      clkspeed: 0
      moduleVoltage: 0
Checksum: 4C010D7AD8A1F1ED63195219F41A377B435ED3D3