---
system-info:
      stress-ng-version: 0.17.08
      run-by: root
      date-yyyy-mm-dd: 2024:09:16
      time-hh-mm-ss: 21:01:13
      epoch-secs: 1726520473
      hostname: sc-runner
      sysname: Linux
      nodename: sc-runner
      release: 6.8.0-1014-azure
      version: '#16-Ubuntu SMP Thu Aug 15 20:04:41 UTC 2024'
      machine: x86_64
      compiler: 'musl-gcc 13.2.1'
      uptime: 349
      totalram: 135069114368
      freeram: 124849025024
      sharedram: 42057728
      bufferram: 242151424
      totalswap: 0
      freeswap: 0
      pagesize: 4096
      cpus: 8
      cpus-online: 8
      ticks-per-second: 100

metrics:
    - stressor: cpu
      bogo-ops: 24928
      bogo-ops-per-second-usr-sys-time: 1246.430039
      bogo-ops-per-second-real-time: 1246.390833
      wall-clock-time: 20.000147
      user-time: 19.999518
      system-time: 0.000000
      cpu-usage-per-instance: 99.996855
      max-rss: 1104

...
