BaselineInfo:
  WebDBID: -1
  TimeStamp: 20250118092147
Version:
  Major: 11
  Minor: 0
  Build: 1002
  SpecialBuildName: ""
  ptArchitecture: x86_64_linux
Results:
  Results Complete: true
  NumTestProcesses: 128
  CPU_INTEGER_MATH: 536536.44466666679
  CPU_FLOATINGPOINT_MATH: 274205.45109581831
  CPU_PRIME: 536.84905118227039
  CPU_SORTING: 248792.6170144488
  CPU_ENCRYPTION: 111939.09992405487
  CPU_COMPRESSION: 1873855.5850112194
  CPU_SINGLETHREAD: 2421.3699474172845
  CPU_PHYSICS: 8549.7951121928654
  CPU_MATRIX_MULT_SSE: 108311.84949956009
  CPU_mm: 11150.365231684378
  CPU_sse: 48071.995089907126
  CPU_fma: 127256.62711814427
  CPU_avx: 98434.360034868296
  CPU_avx512: 159484.41575532049
  m_CPU_enc_SHA: 114139645383.7561
  m_CPU_enc_AES: 168207544090.2034
  m_CPU_enc_ECDSA: 69782771451.937759
  ME_ALLOC_S: 29875.254548257079
  ME_READ_S: 23734.876953125
  ME_READ_L: 11299.8447265625
  ME_WRITE: 10236.083984375
  ME_LARGE: 494142
  ME_LATENCY: 59.263381221237914
  ME_THREADED: 331900.41259765625
  SUMM_CPU: 86941.363770688418
  SUMM_ME: 2623.2093620992
SystemInformation:
  OSName: Ubuntu 24.04.1 LTS
  Kernel: 6.8.0-1021-aws
  Device: ""
  Processor: Intel Xeon Platinum 8375C CPU @ 2.90GHz
  NumSockets: 2
  Manufacturer: GenuineIntel
  NumCores: 64
  NumLogicals: 128
  CPUFrequency: 0
  Memory: 507842
  MemModuleInfo:
    iNumMemSticks: 2
    DIMM 1:
      manufacturer: Not Specified
      modulePartNo: Not Specified
      memType: DDR4
      size: 256
      clkspeed: 1600
      moduleVoltage: 0
    DIMM 2:
      manufacturer: Not Specified
      modulePartNo: Not Specified
      memType: DDR4
      size: 256
      clkspeed: 1600
      moduleVoltage: 0
Checksum: 9F802AAE1BC0EC3FF7DB0A81D6EF61FD5F878B26