---
system-info:
      stress-ng-version: 0.17.08
      run-by: root
      date-yyyy-mm-dd: 2024:09:20
      time-hh-mm-ss: 01:36:26
      epoch-secs: 1726796186
      hostname: sc-runner
      sysname: Linux
      nodename: sc-runner
      release: 6.8.0-1014-azure
      version: '#16-Ubuntu SMP Thu Aug 15 20:04:41 UTC 2024'
      machine: x86_64
      compiler: 'musl-gcc 13.2.1'
      uptime: 376
      totalram: 8323645440
      freeram: 363790336
      sharedram: 38096896
      bufferram: 234995712
      totalswap: 0
      freeswap: 0
      pagesize: 4096
      cpus: 2
      cpus-online: 2
      ticks-per-second: 100

metrics:
    - stressor: cpu
      bogo-ops: 54026
      bogo-ops-per-second-usr-sys-time: 2701.596635
      bogo-ops-per-second-real-time: 2701.288407
      wall-clock-time: 20.000086
      user-time: 19.996805
      system-time: 0.000999
      cpu-usage-per-instance: 99.988591
      max-rss: 3152

...
