BaselineInfo:
  WebDBID: -1
  TimeStamp: 20250424193002
Version:
  Major: 11
  Minor: 0
  Build: 1002
  SpecialBuildName: ""
  ptArchitecture: x86_64_linux
Results:
  Results Complete: true
  NumTestProcesses: 176
  CPU_INTEGER_MATH: 677421.34233333298
  CPU_FLOATINGPOINT_MATH: 482312.96240935416
  CPU_PRIME: 945.42128754527732
  CPU_SORTING: 319999.04741971818
  CPU_ENCRYPTION: 148692.98574680695
  CPU_COMPRESSION: 2460215.6237618607
  CPU_SINGLETHREAD: 3059.170090262337
  CPU_PHYSICS: 13756.503268487055
  CPU_MATRIX_MULT_SSE: 172343.10893558298
  CPU_mm: 18334.779576443707
  CPU_sse: 80074.190045367475
  CPU_fma: 190990.52601105315
  CPU_avx: 155132.25716839996
  CPU_avx512: 263175.46251751075
  m_CPU_enc_SHA: 157860709152.39944
  m_CPU_enc_AES: 203906361771.64926
  m_CPU_enc_ECDSA: 105980617743.28284
  ME_ALLOC_S: 33920.126728834039
  ME_READ_S: 27790.117578124999
  ME_READ_L: 9932.1552734375
  ME_WRITE: 9547.1064453125
  ME_LARGE: 3905003.5
  ME_LATENCY: 69.954578832479953
  ME_THREADED: 503093.5546875
  SUMM_CPU: 117203.86591117951
  SUMM_ME: 2420.1061343069955
SystemInformation:
  OSName: Ubuntu 24.04.2 LTS
  Kernel: 6.11.0-1012-azure
  Device: ""
  Processor: Intel Xeon Platinum 8473C
  NumSockets: 2
  Manufacturer: GenuineIntel
  NumCores: 88
  NumLogicals: 176
  CPUFrequency: 2100
  Memory: 3922953
  MemModuleInfo:
    iNumMemSticks: 6
    DIMM 1:
      manufacturer: Microsoft Corporation
      modulePartNo: None
      memType: Unknown
      size: 1
      clkspeed: 0
      moduleVoltage: 0
    DIMM 2:
      manufacturer: Microsoft Corporation
      modulePartNo: None
      memType: Unknown
      size: 59
      clkspeed: 0
      moduleVoltage: 0
    DIMM 3:
      manufacturer: Microsoft Corporation
      modulePartNo: None
      memType: Unknown
      size: 913
      clkspeed: 0
      moduleVoltage: 0
    DIMM 4:
      manufacturer: Microsoft Corporation
      modulePartNo: None
      memType: Unknown
      size: 973
      clkspeed: 0
      moduleVoltage: 0
    DIMM 5:
      manufacturer: Microsoft Corporation
      modulePartNo: None
      memType: Unknown
      size: 973
      clkspeed: 0
      moduleVoltage: 0
    DIMM 6:
      manufacturer: Microsoft Corporation
      modulePartNo: None
      memType: Unknown
      size: 973
      clkspeed: 0
      moduleVoltage: 0
Checksum: 092A831190CD09AEB6A1700D624DA19345A513CD