BaselineInfo:
  WebDBID: -1
  TimeStamp: 20241111111610
Version:
  Major: 11
  Minor: 0
  Build: 1002
  SpecialBuildName: ""
  ptArchitecture: aarch64_linux
Results:
  Results Complete: true
  NumTestProcesses: 16
  CPU_INTEGER_MATH: 63139.779333333339
  CPU_FLOATINGPOINT_MATH: 48066.118782494421
  CPU_PRIME: 99.357002480102395
  CPU_SORTING: 45618.701925076755
  CPU_ENCRYPTION: 2185.5358420640678
  CPU_COMPRESSION: 75949.347361718494
  CPU_SINGLETHREAD: 1108.7569216020559
  CPU_PHYSICS: 1887.6470516293562
  CPU_MATRIX_MULT_SSE: 9982.3436156494245
  CPU_mm: 1662.3633629136809
  CPU_sse: 8357.19497903917
  CPU_fma: 11607.492252259681
  CPU_avx: 0
  CPU_avx512: 0
  m_CPU_enc_SHA: 3283468171.3945341
  m_CPU_enc_AES: 1517268088.4229741
  m_CPU_enc_ECDSA: 2074365033.5670083
  ME_ALLOC_S: 10266.44718129476
  ME_READ_S: 9484.2232421874996
  ME_READ_L: 9166.7216796875
  ME_WRITE: 12550.4423828125
  ME_LARGE: 244080.16666666666
  ME_LATENCY: 77.195359834210805
  ME_THREADED: 132334.11083984375
  SUMM_CPU: 9790.3459413859982
  SUMM_ME: 1761.2238940957373
SystemInformation:
  OSName: Ubuntu 24.04.1 LTS
  Kernel: 6.8.0-1016-aws
  Device: ""
  Processor: ARM Neoverse-N1 16 Core 0 MHz
  NumSockets: 1
  Manufacturer: ARM
  NumCores: 16
  NumLogicals: 16
  CPUFrequency: 0
  Memory: 254678
Checksum: 1C71F36C246571EB8DA324BA5B04E9CF8564A31A