BaselineInfo:
  WebDBID: -1
  TimeStamp: 20241107093824
Version:
  Major: 11
  Minor: 0
  Build: 1002
  SpecialBuildName: ""
  ptArchitecture: x86_64_linux
Results:
  Results Complete: true
  NumTestProcesses: 4
  CPU_INTEGER_MATH: 16565.341333333334
  CPU_FLOATINGPOINT_MATH: 9175.355125129543
  CPU_PRIME: 38.976787333331458
  CPU_SORTING: 9180.6448222938925
  CPU_ENCRYPTION: 4312.4431104464029
  CPU_COMPRESSION: 64905.452966493875
  CPU_SINGLETHREAD: 2388.4334730601731
  CPU_PHYSICS: 748.27216711519213
  CPU_MATRIX_MULT_SSE: 3601.6425630195718
  CPU_mm: 448.12275118297566
  CPU_sse: 1904.3159833418053
  CPU_fma: 5188.7908478351956
  CPU_avx: 3711.8208578817148
  CPU_avx512: 0
  m_CPU_enc_SHA: 6241978866.5387535
  m_CPU_enc_AES: 3988439322.2541165
  m_CPU_enc_ECDSA: 3335354852.1454697
  ME_ALLOC_S: 1745.0182240537301
  ME_READ_S: 24317.397656249999
  ME_READ_L: 19274.267578125
  ME_WRITE: 18937.169921875
  ME_LARGE: 22151
  ME_LATENCY: 63.642801120035848
  ME_THREADED: 37112.95703125
  SUMM_CPU: 6180.9166573701341
  SUMM_ME: 2433.7819831303727
SystemInformation:
  OSName: Ubuntu 24.04.1 LTS
  Kernel: 6.8.0-1017-azure
  Device: ""
  Processor: AMD EPYC 7763 64-Core Processor
  NumSockets: 1
  Manufacturer: AuthenticAMD
  NumCores: 2
  NumLogicals: 4
  CPUFrequency: 0
  Memory: 32093
  MemModuleInfo:
    iNumMemSticks: 2
    DIMM 1:
      manufacturer: Microsoft Corporation
      modulePartNo: None
      memType: Unknown
      size: 1
      clkspeed: 0
      moduleVoltage: 0
    DIMM 2:
      manufacturer: Microsoft Corporation
      modulePartNo: None
      memType: Unknown
      size: 31
      clkspeed: 0
      moduleVoltage: 0
Checksum: 8389C13877EF09F53A47769FD06DA1D7D44A2295