---
system-info:
      stress-ng-version: 0.17.08
      run-by: root
      date-yyyy-mm-dd: 2024:06:15
      time-hh-mm-ss: 23:41:38
      epoch-secs: 1718494898
      hostname: 8369b8b5c9ee
      sysname: Linux
      nodename: 8369b8b5c9ee
      release: 6.8.0-1008-aws
      version: '#8-Ubuntu SMP Sat Apr 20 00:46:25 UTC 2024'
      machine: x86_64
      compiler: 'musl-gcc 13.2.1'
      uptime: 127
      totalram: 32912957440
      freeram: 28575490048
      sharedram: 20189184
      bufferram: 110731264
      totalswap: 0
      freeswap: 0
      pagesize: 4096
      cpus: 4
      cpus-online: 4
      ticks-per-second: 100

metrics:
    - stressor: cpu
      bogo-ops: 61454
      bogo-ops-per-second-usr-sys-time: 3072.896512
      bogo-ops-per-second-real-time: 3072.691722
      wall-clock-time: 20.000054
      user-time: 19.998721
      system-time: 0.000000
      cpu-usage-per-instance: 99.993336
      max-rss: 1104

...
