---
system-info:
      stress-ng-version: 0.17.08
      run-by: root
      date-yyyy-mm-dd: 2024:06:09
      time-hh-mm-ss: 21:19:22
      epoch-secs: 1717967962
      hostname: 18b49d6d20af
      sysname: Linux
      nodename: 18b49d6d20af
      release: 6.8.0-1008-aws
      version: '#8-Ubuntu SMP Sat Apr 20 00:46:25 UTC 2024'
      machine: x86_64
      compiler: 'musl-gcc 13.2.1'
      uptime: 116
      totalram: 32912957440
      freeram: 28393435136
      sharedram: 20189184
      bufferram: 112427008
      totalswap: 0
      freeswap: 0
      pagesize: 4096
      cpus: 4
      cpus-online: 4
      ticks-per-second: 100

metrics:
    - stressor: cpu
      bogo-ops: 17811
      bogo-ops-per-second-usr-sys-time: 1781.119592
      bogo-ops-per-second-real-time: 1781.061910
      wall-clock-time: 10.000214
      user-time: 9.998891
      system-time: 0.000999
      cpu-usage-per-instance: 99.996761
      max-rss: 3920

...
