---
system-info:
      stress-ng-version: 0.17.08
      run-by: root
      date-yyyy-mm-dd: 2024:07:03
      time-hh-mm-ss: 11:12:48
      epoch-secs: 1720005168
      hostname: c3-standard-88-lssd-4157501
      sysname: Linux
      nodename: c3-standard-88-lssd-4157501
      release: 6.8.0-1009-gcp
      version: '#10-Ubuntu SMP Wed Jun 12 18:52:23 UTC 2024'
      machine: x86_64
      compiler: 'musl-gcc 13.2.1'
      uptime: 143
      totalram: 371896528896
      freeram: 365589639168
      sharedram: 222097408
      bufferram: 131936256
      totalswap: 0
      freeswap: 0
      pagesize: 4096
      cpus: 88
      cpus-online: 88
      ticks-per-second: 100

metrics:
    - stressor: cpu
      bogo-ops: 32447
      bogo-ops-per-second-usr-sys-time: 1622.385530
      bogo-ops-per-second-real-time: 1622.342477
      wall-clock-time: 20.000093
      user-time: 19.999562
      system-time: 0.000000
      cpu-usage-per-instance: 99.997346
      max-rss: 704

...
