BaselineInfo:
  WebDBID: -1
  TimeStamp: 20260611232234
Version:
  Major: 11
  Minor: 0
  Build: 1004
  SpecialBuildName: ""
  ptArchitecture: x86_64_linux
Results:
  Results Complete: true
  NumTestProcesses: 2
  CPU_INTEGER_MATH: 7441.675666666667
  CPU_FLOATINGPOINT_MATH: 5434.017506556529
  CPU_PRIME: 17.450311789041212
  CPU_SORTING: 4917.1587504960744
  CPU_ENCRYPTION: 935.20279014582252
  CPU_COMPRESSION: 38935.931409557437
  CPU_SINGLETHREAD: 1668.7393453104908
  CPU_PHYSICS: 308.800296956701
  CPU_MATRIX_MULT_SSE: 2618.7025112057204
  CPU_mm: 297.10954223441877
  CPU_sse: 1141.9238245371801
  CPU_fma: 3826.6519856391978
  CPU_avx: 2591.0558747317682
  CPU_avx512: 2915.1783599147357
  m_CPU_enc_SHA: 495120095.4923532
  m_CPU_enc_AES: 2015600094.8004255
  m_CPU_enc_ECDSA: 431173412.34705943
  ME_ALLOC_S: 616.76276299102051
  ME_READ_S: 21851.502343749999
  ME_READ_L: 8953.3984375
  ME_WRITE: 8372.13671875
  ME_LARGE: 571.08333333333337
  ME_LATENCY: 59.125549133683968
  ME_THREADED: 17085.9833984375
  SUMM_CPU: 2938.6039250954736
  SUMM_ME: 880.98954384430192
SystemInformation:
  OSName: Ubuntu 24.04.4 LTS
  Kernel: 6.8.0-117-generic
  Device: ""
  Processor: Intel(R) Xeon(R) Platinum 8269CY CPU @ 2.50GHz
  NumSockets: 1
  Manufacturer: GenuineIntel
  NumCores: 1
  NumLogicals: 2
  CPUFrequency: 0
  CPUMaxFrequency: 0
  Memory: 1590
  CPUInfo:
    number: 1
    Family: 6
    Model: 5
    stepping: 7
    features: 529267711
    manufacture: GenuineIntel
    typestring: Intel(R) Xeon(R) Platinum 8269CY CPU @ 2.50GHz
    iCoresPerPackage: 1
    iThreadsPerPackage: 2
    featuresEx:
      - 529267711
      - 4277809667
      - 739248128
    bHybrid: false
    nPCore: 0
    nLogicalsPerPCore: 0
    nECore: 0
    nLogicalsPerECore: 0
  MemModuleInfo:
    iNumMemSticks: 1
    DIMM 1:
      manufacturer: Alibaba Cloud
      modulePartNo: Not Specified
      memType: RAM
      size: 2
      clkspeed: 0
      moduleVoltage: 0
Checksum: D91B8A3F3633726470712FD75CAA856A4D7DB085