---
system-info:
      stress-ng-version: 0.17.08
      run-by: root
      date-yyyy-mm-dd: 2024:06:08
      time-hh-mm-ss: 14:40:46
      epoch-secs: 1717857646
      hostname: cac02ecd2258
      sysname: Linux
      nodename: cac02ecd2258
      release: 6.8.0-1008-aws
      version: '#8-Ubuntu SMP Sat Apr 20 00:46:25 UTC 2024'
      machine: x86_64
      compiler: 'musl-gcc 13.2.1'
      uptime: 107
      totalram: 198504636416
      freeram: 193279455232
      sharedram: 55545856
      bufferram: 102223872
      totalswap: 0
      freeswap: 0
      pagesize: 4096
      cpus: 48
      cpus-online: 48
      ticks-per-second: 100

metrics:
    - stressor: cpu
      bogo-ops: 704336
      bogo-ops-per-second-usr-sys-time: 1468.421226
      bogo-ops-per-second-real-time: 70424.234044
      wall-clock-time: 10.001330
      user-time: 479.585318
      system-time: 0.069966
      cpu-usage-per-instance: 99.914896
      max-rss: 3840

...
