---
system-info:
      stress-ng-version: 0.17.08
      run-by: root
      date-yyyy-mm-dd: 2024:06:14
      time-hh-mm-ss: 20:42:13
      epoch-secs: 1718397733
      hostname: 643c1778c5aa
      sysname: Linux
      nodename: 643c1778c5aa
      release: 6.8.0-1008-aws
      version: '#8-Ubuntu SMP Sat Apr 20 00:46:25 UTC 2024'
      machine: x86_64
      compiler: 'musl-gcc 13.2.1'
      uptime: 113
      totalram: 198504636416
      freeram: 193384050688
      sharedram: 55545856
      bufferram: 108126208
      totalswap: 0
      freeswap: 0
      pagesize: 4096
      cpus: 48
      cpus-online: 48
      ticks-per-second: 100

metrics:
    - stressor: cpu
      bogo-ops: 1176195
      bogo-ops-per-second-usr-sys-time: 1225.730520
      bogo-ops-per-second-real-time: 58809.531414
      wall-clock-time: 20.000074
      user-time: 959.567949
      system-time: 0.018992
      cpu-usage-per-instance: 99.956601
      max-rss: 1152

...
