size_kb,operation,bandwidth_mb_s,latency_ns,latency_stddev_ns,latency_samples,threads,iterations,elapsed_s
16,read,2522798.02,0,0,0,48,624999,0.185805
16,write,1245543.91,0,0,0,48,227272,0.136851
16,copy,1119369.14,0,0,0,48,101626,0.068091
16,latency,0,1.19,0.20,21,1,21,0.265900
64,read,2457441.44,0,0,0,48,287356,0.350799
64,write,1254664.13,0,0,0,48,80645,0.192828
64,copy,1273271.60,0,0,0,48,162337,0.382488
64,latency,0,2.79,0.00,7,1,7,0.704822
256,read,2349561.17,0,0,0,48,78864,0.402785
256,write,1297244.25,0,0,0,48,50010,0.462611
256,copy,980507.20,0,0,0,48,35063,0.429121
256,latency,0,3.63,0.00,7,1,7,0.714123
512,read,1992466.69,0,0,0,48,39184,0.471986
512,write,1258674.72,0,0,0,48,12748,0.243075
512,copy,828345.41,0,0,0,48,7866,0.227905
512,latency,0,5.05,0.13,7,1,7,0.598442
1024,read,1635106.25,0,0,0,48,8890,0.260974
1024,write,1224868.55,0,0,0,48,7231,0.283368
1024,copy,694276.38,0,0,0,48,6485,0.448352
1024,latency,0,7.78,0.05,7,1,7,0.614511
8192,read,300515.82,0,0,0,48,1675,2.140320
8192,write,201918.53,0,0,0,48,936,1.780045
8192,copy,94075.49,0,0,0,48,579,2.363379
8192,latency,0,13.85,0.06,7,1,7,0.690288
16384,read,187168.18,0,0,0,48,600,2.461957
16384,write,133645.94,0,0,0,48,351,2.017031
16384,copy,75063.93,0,0,0,48,243,2.486201
16384,latency,0,15.71,0.79,9,1,9,0.973500
32768,read,156155.24,0,0,0,48,295,2.901728
32768,write,116163.54,0,0,0,48,245,3.239571
32768,copy,69483.99,0,0,0,48,121,2.674803
32768,latency,0,43.98,7.01,21,1,21,2.304683
65536,read,146486.15,0,0,0,48,109,2.285868
65536,write,108323.99,0,0,0,48,114,3.232968
65536,copy,68977.74,0,0,0,48,61,2.716703
65536,latency,0,93.71,2.95,7,1,7,4.041779
131072,read,143109.29,0,0,0,48,61,2.618866
131072,write,105445.01,0,0,0,48,40,2.330694
131072,copy,69028.14,0,0,0,48,30,2.670215
131072,latency,0,106.76,1.80,7,1,7,9.251809
