---
system-info:
      stress-ng-version: 0.17.08
      run-by: root
      date-yyyy-mm-dd: 2024:09:03
      time-hh-mm-ss: 16:55:43
      epoch-secs: 1725382543
      hostname: sc-runner
      sysname: Linux
      nodename: sc-runner
      release: 6.8.0-1013-azure
      version: '#15-Ubuntu SMP Thu Aug  8 18:40:40 UTC 2024'
      machine: x86_64
      compiler: 'musl-gcc 13.2.1'
      uptime: 380
      totalram: 67423424512
      freeram: 58845446144
      sharedram: 42057728
      bufferram: 225443840
      totalswap: 0
      freeswap: 0
      pagesize: 4096
      cpus: 8
      cpus-online: 8
      ticks-per-second: 100

metrics:
    - stressor: cpu
      bogo-ops: 28245
      bogo-ops-per-second-usr-sys-time: 1412.246893
      bogo-ops-per-second-real-time: 1412.239848
      wall-clock-time: 20.000144
      user-time: 20.000044
      system-time: 0.000000
      cpu-usage-per-instance: 99.999501
      max-rss: 1104

...
