BaselineInfo:
  WebDBID: -1
  TimeStamp: 20241115091715
Version:
  Major: 11
  Minor: 0
  Build: 1002
  SpecialBuildName: ""
  ptArchitecture: x86_64_linux
Results:
  Results Complete: true
  NumTestProcesses: 2
  CPU_INTEGER_MATH: 10205.445333333333
  CPU_FLOATINGPOINT_MATH: 8172.5535871270677
  CPU_PRIME: 31.548413179059114
  CPU_SORTING: 5961.1920876805943
  CPU_ENCRYPTION: 2214.5304124229551
  CPU_COMPRESSION: 42756.948996179577
  CPU_SINGLETHREAD: 2347.5459464107616
  CPU_PHYSICS: 558.59100891756327
  CPU_MATRIX_MULT_SSE: 3626.8623658606125
  CPU_mm: 385.26381379761659
  CPU_sse: 1743.6434104368336
  CPU_fma: 5721.1748143012501
  CPU_avx: 3415.7688728437524
  CPU_avx512: 0
  m_CPU_enc_SHA: 3121446744.7779284
  m_CPU_enc_AES: 1968873562.7544475
  m_CPU_enc_ECDSA: 1875990017.6780624
  ME_ALLOC_S: 1702.1321784883589
  ME_READ_S: 22893.814453125
  ME_READ_L: 15832.3720703125
  ME_WRITE: 15914.1689453125
  ME_LARGE: 609.83333333333337
  ME_LATENCY: 64.333295159789529
  ME_THREADED: 30437.486328125
  SUMM_CPU: 4396.2485912827042
  SUMM_ME: 1048.7348476720244
SystemInformation:
  OSName: Ubuntu 24.04.1 LTS
  Kernel: 6.8.0-45-generic
  Device: ""
  Processor: AMD EPYC Processor
  NumSockets: 1
  Manufacturer: AuthenticAMD
  NumCores: 2
  NumLogicals: 2
  CPUFrequency: 0
  Memory: 1919
  MemModuleInfo:
    iNumMemSticks: 1
    DIMM 1:
      manufacturer: QEMU
      modulePartNo: Not Specified
      memType: RAM
      size: 2000
      clkspeed: 0
      moduleVoltage: 0
Checksum: 494A2CE8861B7EB65C44C509559419EF11FC8190