BaselineInfo:
  WebDBID: -1
  TimeStamp: 20241114163114
Version:
  Major: 11
  Minor: 0
  Build: 1002
  SpecialBuildName: ""
  ptArchitecture: x86_64_linux
Results:
  Results Complete: true
  NumTestProcesses: 2
  CPU_INTEGER_MATH: 10276.445333333333
  CPU_FLOATINGPOINT_MATH: 8141.5079409951204
  CPU_PRIME: 30.451315571259236
  CPU_SORTING: 5960.9246844817153
  CPU_ENCRYPTION: 2211.0363985606946
  CPU_COMPRESSION: 43055.948609985877
  CPU_SINGLETHREAD: 2340.5667977031217
  CPU_PHYSICS: 556.68858584758368
  CPU_MATRIX_MULT_SSE: 3525.2514040374199
  CPU_mm: 365.85184152100089
  CPU_sse: 1718.827828850985
  CPU_fma: 5606.3113682178546
  CPU_avx: 3250.6150150434196
  CPU_avx512: 0
  m_CPU_enc_SHA: 3127819533.101006
  m_CPU_enc_AES: 1979391069.6015115
  m_CPU_enc_ECDSA: 1848108505.2690201
  ME_ALLOC_S: 1597.4561589712803
  ME_READ_S: 22510.325585937499
  ME_READ_L: 14383.837890625
  ME_WRITE: 15117.0029296875
  ME_LARGE: 558.08333333333337
  ME_LATENCY: 71.913683874644107
  ME_THREADED: 28634.451171875
  SUMM_CPU: 4385.4720083122911
  SUMM_ME: 963.60774865911435
SystemInformation:
  OSName: Ubuntu 24.04.1 LTS
  Kernel: 6.8.0-45-generic
  Device: ""
  Processor: AMD EPYC Processor
  NumSockets: 1
  Manufacturer: AuthenticAMD
  NumCores: 2
  NumLogicals: 2
  CPUFrequency: 0
  Memory: 1919
  MemModuleInfo:
    iNumMemSticks: 1
    DIMM 1:
      manufacturer: QEMU
      modulePartNo: Not Specified
      memType: RAM
      size: 2000
      clkspeed: 0
      moduleVoltage: 0
Checksum: 8897141EC52528768D3384DBF8B27760110D7DFB