BaselineInfo:
  WebDBID: -1
  TimeStamp: 20241106213333
Version:
  Major: 11
  Minor: 0
  Build: 1002
  SpecialBuildName: ""
  ptArchitecture: x86_64_linux
Results:
  Results Complete: true
  NumTestProcesses: 2
  CPU_INTEGER_MATH: 9391.0280000000002
  CPU_FLOATINGPOINT_MATH: 6720.446890209565
  CPU_PRIME: 27.970300947413261
  CPU_SORTING: 5408.895246802972
  CPU_ENCRYPTION: 2276.3328004344748
  CPU_COMPRESSION: 38948.920190435805
  CPU_SINGLETHREAD: 2030.1026437830194
  CPU_PHYSICS: 473.95486993457502
  CPU_MATRIX_MULT_SSE: 3124.0607933909187
  CPU_mm: 385.13630776380398
  CPU_sse: 1390.4839262463247
  CPU_fma: 4834.9529398913037
  CPU_avx: 3146.7455140351276
  CPU_avx512: 0
  m_CPU_enc_SHA: 3224706660.6046896
  m_CPU_enc_AES: 2076675685.8590984
  m_CPU_enc_ECDSA: 1859341481.1813514
  ME_ALLOC_S: 1223.4771936183886
  ME_READ_S: 23616.232617187499
  ME_READ_L: 10266.1494140625
  ME_WRITE: 10408.8974609375
  ME_LARGE: 616
  ME_LATENCY: 83.742909549714568
  ME_THREADED: 20164.74609375
  SUMM_CPU: 3980.0260466633604
  SUMM_ME: 925.54377402446221
SystemInformation:
  OSName: Ubuntu 24.04.1 LTS
  Kernel: 6.8.0-45-generic
  Device: ""
  Processor: AMD EPYC Processor
  NumSockets: 1
  Manufacturer: AuthenticAMD
  NumCores: 2
  NumLogicals: 2
  CPUFrequency: 0
  Memory: 1919
  MemModuleInfo:
    iNumMemSticks: 1
    DIMM 1:
      manufacturer: QEMU
      modulePartNo: Not Specified
      memType: RAM
      size: 2000
      clkspeed: 0
      moduleVoltage: 0
Checksum: 88D2F9BBA243A9312BE57D0CCD36B3580C6F42D0