BaselineInfo:
  WebDBID: -1
  TimeStamp: 20260611124418
Version:
  Major: 11
  Minor: 0
  Build: 1004
  SpecialBuildName: ""
  ptArchitecture: aarch64_linux
Results:
  Results Complete: true
  NumTestProcesses: 16
  CPU_INTEGER_MATH: 98012.210333333336
  CPU_FLOATINGPOINT_MATH: 122526.36306049507
  CPU_PRIME: 331.25642248633932
  CPU_SORTING: 86350.128505896457
  CPU_ENCRYPTION: 4749.9840914130136
  CPU_COMPRESSION: 147926.14280216859
  CPU_SINGLETHREAD: 2466.2185637284929
  CPU_PHYSICS: 6184.4652750090163
  CPU_MATRIX_MULT_SSE: 21605.759601746828
  CPU_mm: 2146.3897368592297
  CPU_sse: 17194.15592683091
  CPU_fma: 26017.363276662734
  CPU_avx: 0
  CPU_avx512: 0
  m_CPU_enc_SHA: 7947134016.6123476
  m_CPU_enc_AES: 2216689299.8301725
  m_CPU_enc_ECDSA: 4778334639.4699545
  ME_ALLOC_S: 29397.818412139593
  ME_READ_S: 22538.417773437501
  ME_READ_L: 24522.28515625
  ME_WRITE: 25051.353515625
  ME_LARGE: 54297.416666666664
  ME_LATENCY: 26.745574218410542
  ME_THREADED: 191024.626953125
  SUMM_CPU: 20499.182843392427
  SUMM_ME: 4380.5034571164388
SystemInformation:
  OSName: Ubuntu 24.04.4 LTS
  Kernel: 6.17.0-1017-aws
  Device: ""
  Processor: ARM Neoverse-V3 16 Core 0 MHz
  NumSockets: 1
  Manufacturer: ARM
  NumCores: 16
  NumLogicals: 16
  CPUFrequency: 0
  CPUMaxFrequency: 0
  Memory: 63094
Checksum: 84BD9AC555DB47C209FAC1AE27B0BBBC95127029