BaselineInfo:
  WebDBID: -1
  TimeStamp: 20241121103018
Version:
  Major: 11
  Minor: 0
  Build: 1002
  SpecialBuildName: ""
  ptArchitecture: x86_64_linux
Results:
  Results Complete: true
  NumTestProcesses: 2
  CPU_INTEGER_MATH: 9431.143
  CPU_FLOATINGPOINT_MATH: 5288.5152724049658
  CPU_PRIME: 24.22698069863435
  CPU_SORTING: 5868.4491631707542
  CPU_ENCRYPTION: 2389.8309895882257
  CPU_COMPRESSION: 39680.695479484173
  CPU_SINGLETHREAD: 2845.8022601690709
  CPU_PHYSICS: 488.38318711483987
  CPU_MATRIX_MULT_SSE: 2603.0750680563365
  CPU_mm: 253.03854372761322
  CPU_sse: 1108.7279688886285
  CPU_fma: 3488.7777009607648
  CPU_avx: 2875.876502114279
  CPU_avx512: 2938.9181002616742
  m_CPU_enc_SHA: 3347071670.6415591
  m_CPU_enc_AES: 2270342708.2436676
  m_CPU_enc_ECDSA: 1900343880.330163
  ME_ALLOC_S: 990.49499633994583
  ME_READ_S: 27619.986914062501
  ME_READ_L: 27267.255859375
  ME_WRITE: 26524.923828125
  ME_LARGE: 1372
  ME_LATENCY: 78.581541649284247
  ME_THREADED: 27399.7529296875
  SUMM_CPU: 3834.0374973500429
  SUMM_ME: 1466.9235224570432
SystemInformation:
  OSName: Ubuntu 24.04.1 LTS
  Kernel: 6.8.0-1017-azure
  Device: ""
  Processor: AMD EPYC 9V74 80-Core Processor
  NumSockets: 1
  Manufacturer: AuthenticAMD
  NumCores: 1
  NumLogicals: 2
  CPUFrequency: 0
  Memory: 7938
  MemModuleInfo:
    iNumMemSticks: 2
    DIMM 1:
      manufacturer: Microsoft Corporation
      modulePartNo: None
      memType: Unknown
      size: 1
      clkspeed: 0
      moduleVoltage: 0
    DIMM 2:
      manufacturer: Microsoft Corporation
      modulePartNo: None
      memType: Unknown
      size: 7
      clkspeed: 0
      moduleVoltage: 0
Checksum: 997601EA04E649FEDAB796B7D4BE8A513BE80E32