BaselineInfo:
  WebDBID: -1
  TimeStamp: 20241115124532
Version:
  Major: 11
  Minor: 0
  Build: 1002
  SpecialBuildName: ""
  ptArchitecture: aarch64_linux
Results:
  Results Complete: true
  NumTestProcesses: 2
  CPU_INTEGER_MATH: 7838.4236666666675
  CPU_FLOATINGPOINT_MATH: 5949.3161318232342
  CPU_PRIME: 16.899685881689432
  CPU_SORTING: 5623.9577743665104
  CPU_ENCRYPTION: 267.55883058705945
  CPU_COMPRESSION: 8847.5819001312939
  CPU_SINGLETHREAD: 1109.644931240686
  CPU_PHYSICS: 354.46423181181115
  CPU_MATRIX_MULT_SSE: 1238.356455577084
  CPU_mm: 206.20336746948303
  CPU_sse: 1040.3390198490767
  CPU_fma: 1436.3738913050915
  CPU_avx: 0
  CPU_avx512: 0
  m_CPU_enc_SHA: 407023576.08841991
  m_CPU_enc_AES: 187589017.54856509
  m_CPU_enc_ECDSA: 247054711.38798434
  ME_ALLOC_S: 1295.9844184406966
  ME_READ_S: 9479.02490234375
  ME_READ_L: 9160.6611328125
  ME_WRITE: 12561.4794921875
  ME_LARGE: 518.66666666666663
  ME_LATENCY: 71.645619936489808
  ME_THREADED: 18156.546875
  SUMM_CPU: 1346.2535869146398
  SUMM_ME: 791.1747372604151
SystemInformation:
  OSName: Ubuntu 24.04.1 LTS
  Kernel: 6.8.0-1018-aws
  Device: ""
  Processor: ARM Neoverse-N1 2 Core 0 MHz
  NumSockets: 1
  Manufacturer: ARM
  NumCores: 2
  NumLogicals: 2
  CPUFrequency: 0
  Memory: 7732
Checksum: 42371BCF2FEC573D2147B26180D6463D77912856