BaselineInfo:
  WebDBID: -1
  TimeStamp: 20241106235451
Version:
  Major: 11
  Minor: 0
  Build: 1002
  SpecialBuildName: ""
  ptArchitecture: aarch64_linux
Results:
  Results Complete: true
  NumTestProcesses: 2
  CPU_INTEGER_MATH: 7829.7853333333333
  CPU_FLOATINGPOINT_MATH: 5956.9083396712231
  CPU_PRIME: 17.525276694549255
  CPU_SORTING: 5660.1765984073691
  CPU_ENCRYPTION: 270.02141017160454
  CPU_COMPRESSION: 8821.9831534386503
  CPU_SINGLETHREAD: 1111.0118787559998
  CPU_PHYSICS: 363.07247271794233
  CPU_MATRIX_MULT_SSE: 1235.4906187270708
  CPU_mm: 207.34411861557811
  CPU_sse: 1029.3520013607626
  CPU_fma: 1441.6292360933792
  CPU_avx: 0
  CPU_avx512: 0
  m_CPU_enc_SHA: 407733076.59282649
  m_CPU_enc_AES: 187951124.52672192
  m_CPU_enc_ECDSA: 253729709.45675272
  ME_ALLOC_S: 1305.8372683618886
  ME_READ_S: 9475.38525390625
  ME_READ_L: 9222.9716796875
  ME_WRITE: 12368.2421875
  ME_LARGE: 513.16666666666663
  ME_LATENCY: 70.425192722892191
  ME_THREADED: 17990.3427734375
  SUMM_CPU: 1351.2625539586018
  SUMM_ME: 789.05509540770811
SystemInformation:
  OSName: Ubuntu 24.04.1 LTS
  Kernel: 6.8.0-1016-aws
  Device: ""
  Processor: ARM Neoverse-N1 2 Core 0 MHz
  NumSockets: 1
  Manufacturer: ARM
  NumCores: 2
  NumLogicals: 2
  CPUFrequency: 0
  Memory: 7732
Checksum: EB283E1D0CF92CA810774E971ACD4666A1EE3985