---
system-info:
      stress-ng-version: 0.17.08
      run-by: root
      date-yyyy-mm-dd: 2024:06:06
      time-hh-mm-ss: 02:31:39
      epoch-secs: 1717641099
      hostname: 9eaeb8fa4fed
      sysname: Linux
      nodename: 9eaeb8fa4fed
      release: 6.8.0-1008-aws
      version: '#8-Ubuntu SMP Sat Apr 20 00:46:25 UTC 2024'
      machine: x86_64
      compiler: 'musl-gcc 13.2.1'
      uptime: 123
      totalram: 132258349056
      freeram: 127499943936
      sharedram: 70602752
      bufferram: 80355328
      totalswap: 0
      freeswap: 0
      pagesize: 4096
      cpus: 64
      cpus-online: 64
      ticks-per-second: 100

metrics:
    - stressor: cpu
      bogo-ops: 16843
      bogo-ops-per-second-usr-sys-time: 1684.358447
      bogo-ops-per-second-real-time: 1684.277713
      wall-clock-time: 10.000132
      user-time: 9.998654
      system-time: 0.000999
      cpu-usage-per-instance: 99.995207
      max-rss: 3584

...
