---
system-info:
      stress-ng-version: 0.17.08
      run-by: root
      date-yyyy-mm-dd: 2024:06:14
      time-hh-mm-ss: 03:23:12
      epoch-secs: 1718335392
      hostname: 086fab030c9a
      sysname: Linux
      nodename: 086fab030c9a
      release: 6.8.0-1008-aws
      version: '#8-Ubuntu SMP Sat Apr 20 00:46:25 UTC 2024'
      machine: x86_64
      compiler: 'musl-gcc 13.2.1'
      uptime: 140
      totalram: 132258349056
      freeram: 127339323392
      sharedram: 70602752
      bufferram: 108335104
      totalswap: 0
      freeswap: 0
      pagesize: 4096
      cpus: 64
      cpus-online: 64
      ticks-per-second: 100

metrics:
    - stressor: cpu
      bogo-ops: 61874
      bogo-ops-per-second-usr-sys-time: 3093.757389
      bogo-ops-per-second-real-time: 3093.695279
      wall-clock-time: 20.000031
      user-time: 19.998630
      system-time: 0.000999
      cpu-usage-per-instance: 99.997992
      max-rss: 512

...
