BaselineInfo:
  WebDBID: -1
  TimeStamp: 20241107211930
Version:
  Major: 11
  Minor: 0
  Build: 1002
  SpecialBuildName: ""
  ptArchitecture: x86_64_linux
Results:
  Results Complete: true
  NumTestProcesses: 8
  CPU_INTEGER_MATH: 20678.442333333329
  CPU_FLOATINGPOINT_MATH: 11654.903723449263
  CPU_PRIME: 41.377973437220973
  CPU_SORTING: 11279.871186949991
  CPU_ENCRYPTION: 2883.7601792622459
  CPU_COMPRESSION: 95073.826324616995
  CPU_SINGLETHREAD: 1670.3605063959019
  CPU_PHYSICS: 833.07657293728698
  CPU_MATRIX_MULT_SSE: 4625.8341681271977
  CPU_mm: 668.61061456144103
  CPU_sse: 2493.3064835382015
  CPU_fma: 6855.7302121337561
  CPU_avx: 4528.4658087096395
  CPU_avx512: 0
  m_CPU_enc_SHA: 976964675.27824926
  m_CPU_enc_AES: 7221011611.4558506
  m_CPU_enc_ECDSA: 873548854.45616734
  ME_ALLOC_S: 2491.0386715497798
  ME_READ_S: 19936.2880859375
  ME_READ_L: 10199.296875
  ME_WRITE: 9419.8232421875
  ME_LARGE: 22077
  ME_LATENCY: 59.840079972478655
  ME_THREADED: 45022.7373046875
  SUMM_CPU: 7007.9047969490412
  SUMM_ME: 2143.1557540642202
SystemInformation:
  OSName: Ubuntu 24.04.1 LTS
  Kernel: 6.8.0-1016-aws
  Device: ""
  Processor: Intel Xeon CPU E5-2686 v4 @ 2.30GHz
  NumSockets: 1
  Manufacturer: GenuineIntel
  NumCores: 4
  NumLogicals: 8
  CPUFrequency: 0
  Memory: 32094
  MemModuleInfo:
    iNumMemSticks: 2
    DIMM 1:
      manufacturer: Not Specified
      modulePartNo: Not Specified
      memType: RAM
      size: 16
      clkspeed: 0
      moduleVoltage: 0
    DIMM 2:
      manufacturer: Not Specified
      modulePartNo: Not Specified
      memType: RAM
      size: 16
      clkspeed: 0
      moduleVoltage: 0
Checksum: 68ABABA7CAC9D0189543AEFE88764E11B354605E