---
system-info:
      stress-ng-version: 0.17.08
      run-by: root
      date-yyyy-mm-dd: 2024:07:03
      time-hh-mm-ss: 02:48:54
      epoch-secs: 1719974934
      hostname: n4-highmem-48-0fd8970
      sysname: Linux
      nodename: n4-highmem-48-0fd8970
      release: 6.8.0-1009-gcp
      version: '#10-Ubuntu SMP Wed Jun 12 18:52:23 UTC 2024'
      machine: x86_64
      compiler: 'musl-gcc 13.2.1'
      uptime: 143
      totalram: 405534846976
      freeram: 399777648640
      sharedram: 274214912
      bufferram: 130404352
      totalswap: 0
      freeswap: 0
      pagesize: 4096
      cpus: 48
      cpus-online: 48
      ticks-per-second: 100

metrics:
    - stressor: cpu
      bogo-ops: 34042
      bogo-ops-per-second-usr-sys-time: 1702.126043
      bogo-ops-per-second-real-time: 1702.090159
      wall-clock-time: 20.000116
      user-time: 19.999694
      system-time: 0.000000
      cpu-usage-per-instance: 99.997892
      max-rss: 1152

...
