---
system-info:
      stress-ng-version: 0.17.08
      run-by: root
      date-yyyy-mm-dd: 2024:06:16
      time-hh-mm-ss: 02:27:40
      epoch-secs: 1718504860
      hostname: 3384ef66140a
      sysname: Linux
      nodename: 3384ef66140a
      release: 6.8.0-1008-aws
      version: '#8-Ubuntu SMP Sat Apr 20 02:43:14 UTC 2024'
      machine: aarch64
      compiler: 'musl-gcc 13.2.1'
      uptime: 111
      totalram: 539744817152
      freeram: 534534754304
      sharedram: 35700736
      bufferram: 108077056
      totalswap: 0
      freeswap: 0
      pagesize: 4096
      cpus: 64
      cpus-online: 64
      ticks-per-second: 100

metrics:
    - stressor: cpu
      bogo-ops: 1961042
      bogo-ops-per-second-usr-sys-time: 1532.529038
      bogo-ops-per-second-real-time: 98051.767293
      wall-clock-time: 20.000068
      user-time: 1279.597654
      system-time: 0.013989
      cpu-usage-per-instance: 99.969320
      max-rss: 1024

...
