---
system-info:
      stress-ng-version: 0.17.08
      run-by: root
      date-yyyy-mm-dd: 2024:06:09
      time-hh-mm-ss: 21:55:52
      epoch-secs: 1717970152
      hostname: d30fd1df715b
      sysname: Linux
      nodename: d30fd1df715b
      release: 6.8.0-1008-aws
      version: '#8-Ubuntu SMP Sat Apr 20 02:43:14 UTC 2024'
      machine: aarch64
      compiler: 'musl-gcc 13.2.1'
      uptime: 107
      totalram: 539744825344
      freeram: 534329946112
      sharedram: 35700736
      bufferram: 111611904
      totalswap: 0
      freeswap: 0
      pagesize: 4096
      cpus: 64
      cpus-online: 64
      ticks-per-second: 100

metrics:
    - stressor: cpu
      bogo-ops: 273040
      bogo-ops-per-second-usr-sys-time: 425.032428
      bogo-ops-per-second-real-time: 27187.867535
      wall-clock-time: 10.042715
      user-time: 642.354068
      system-time: 0.043975
      cpu-usage-per-instance: 99.947769
      max-rss: 3584

...
