---
system-info:
      stress-ng-version: 0.17.08
      run-by: root
      date-yyyy-mm-dd: 2024:09:19
      time-hh-mm-ss: 11:07:07
      epoch-secs: 1726744027
      hostname: sc-runner
      sysname: Linux
      nodename: sc-runner
      release: 6.8.0-1014-azure
      version: '#16-Ubuntu SMP Thu Aug 15 21:06:50 UTC 2024'
      machine: aarch64
      compiler: 'musl-gcc 13.2.1'
      uptime: 320
      totalram: 134791057408
      freeram: 123398389760
      sharedram: 38658048
      bufferram: 248393728
      totalswap: 0
      freeswap: 0
      pagesize: 4096
      cpus: 64
      cpus-online: 64
      ticks-per-second: 100

metrics:
    - stressor: cpu
      bogo-ops: 2248078
      bogo-ops-per-second-usr-sys-time: 1757.041131
      bogo-ops-per-second-real-time: 112403.506137
      wall-clock-time: 20.000070
      user-time: 1279.442073
      system-time: 0.025983
      cpu-usage-per-instance: 99.958092
      max-rss: 1024

...
