---
system-info:
      stress-ng-version: 0.17.08
      run-by: root
      date-yyyy-mm-dd: 2024:06:16
      time-hh-mm-ss: 03:41:23
      epoch-secs: 1718509283
      hostname: fc9245ec2e1d
      sysname: Linux
      nodename: fc9245ec2e1d
      release: 6.8.0-1008-aws
      version: '#8-Ubuntu SMP Sat Apr 20 02:43:14 UTC 2024'
      machine: aarch64
      compiler: 'musl-gcc 13.2.1'
      uptime: 138
      totalram: 33024307200
      freeram: 28736303104
      sharedram: 35012608
      bufferram: 109076480
      totalswap: 0
      freeswap: 0
      pagesize: 4096
      cpus: 4
      cpus-online: 4
      ticks-per-second: 100

metrics:
    - stressor: cpu
      bogo-ops: 30646
      bogo-ops-per-second-usr-sys-time: 1532.274717
      bogo-ops-per-second-real-time: 1532.291287
      wall-clock-time: 20.000114
      user-time: 20.000330
      system-time: 0.000000
      cpu-usage-per-instance: 100.001081
      max-rss: 1192

...
