---
system-info:
      stress-ng-version: 0.17.08
      run-by: root
      date-yyyy-mm-dd: 2024:06:09
      time-hh-mm-ss: 23:19:53
      epoch-secs: 1717975193
      hostname: c35a75f7678a
      sysname: Linux
      nodename: c35a75f7678a
      release: 6.8.0-1008-aws
      version: '#8-Ubuntu SMP Sat Apr 20 02:43:14 UTC 2024'
      machine: aarch64
      compiler: 'musl-gcc 13.2.1'
      uptime: 126
      totalram: 33024311296
      freeram: 28504731648
      sharedram: 35012608
      bufferram: 112545792
      totalswap: 0
      freeswap: 0
      pagesize: 4096
      cpus: 4
      cpus-online: 4
      ticks-per-second: 100

metrics:
    - stressor: cpu
      bogo-ops: 4267
      bogo-ops-per-second-usr-sys-time: 424.702243
      bogo-ops-per-second-real-time: 424.684515
      wall-clock-time: 10.047458
      user-time: 10.047039
      system-time: 0.000000
      cpu-usage-per-instance: 99.995826
      max-rss: 4008

...
