---
system-info:
      stress-ng-version: 0.17.08
      run-by: root
      date-yyyy-mm-dd: 2024:09:06
      time-hh-mm-ss: 22:23:05
      epoch-secs: 1725661385
      hostname: ip-172-31-62-159
      sysname: Linux
      nodename: ip-172-31-62-159
      release: 6.8.0-1014-aws
      version: '#15-Ubuntu SMP Thu Aug  8 19:13:06 UTC 2024'
      machine: x86_64
      compiler: 'musl-gcc 13.2.1'
      uptime: 198
      totalram: 66325237760
      freeram: 57628160000
      sharedram: 113770496
      bufferram: 220872704
      totalswap: 0
      freeswap: 0
      pagesize: 4096
      cpus: 32
      cpus-online: 32
      ticks-per-second: 100

metrics:
    - stressor: cpu
      bogo-ops: 680070
      bogo-ops-per-second-usr-sys-time: 1063.068993
      bogo-ops-per-second-real-time: 34003.372264
      wall-clock-time: 20.000075
      user-time: 639.698301
      system-time: 0.024995
      cpu-usage-per-instance: 99.956390
      max-rss: 1032

...
