---
system-info:
      stress-ng-version: 0.17.08
      run-by: root
      date-yyyy-mm-dd: 2024:09:10
      time-hh-mm-ss: 14:53:17
      epoch-secs: 1725979997
      hostname: ip-172-31-57-46
      sysname: Linux
      nodename: ip-172-31-57-46
      release: 6.8.0-1014-aws
      version: '#15-Ubuntu SMP Thu Aug  8 19:13:06 UTC 2024'
      machine: x86_64
      compiler: 'musl-gcc 13.2.1'
      uptime: 184
      totalram: 66325237760
      freeram: 57590177792
      sharedram: 113774592
      bufferram: 219058176
      totalswap: 0
      freeswap: 0
      pagesize: 4096
      cpus: 32
      cpus-online: 32
      ticks-per-second: 100

metrics:
    - stressor: cpu
      bogo-ops: 634465
      bogo-ops-per-second-usr-sys-time: 991.996802
      bogo-ops-per-second-real-time: 31723.124058
      wall-clock-time: 20.000079
      user-time: 639.566713
      system-time: 0.017002
      cpu-usage-per-instance: 99.934559
      max-rss: 776

...
