---
system-info:
      stress-ng-version: 0.17.08
      run-by: root
      date-yyyy-mm-dd: 2024:06:06
      time-hh-mm-ss: 11:55:19
      epoch-secs: 1717674919
      hostname: 4a47526cb993
      sysname: Linux
      nodename: 4a47526cb993
      release: 6.8.0-1008-aws
      version: '#8-Ubuntu SMP Sat Apr 20 00:46:25 UTC 2024'
      machine: x86_64
      compiler: 'musl-gcc 13.2.1'
      uptime: 108
      totalram: 199542173696
      freeram: 194237321216
      sharedram: 117321728
      bufferram: 83030016
      totalswap: 0
      freeswap: 0
      pagesize: 4096
      cpus: 96
      cpus-online: 96
      ticks-per-second: 100

metrics:
    - stressor: cpu
      bogo-ops: 1174850
      bogo-ops-per-second-usr-sys-time: 1224.405834
      bogo-ops-per-second-real-time: 117468.424524
      wall-clock-time: 10.001411
      user-time: 959.431670
      system-time: 0.094957
      cpu-usage-per-instance: 99.936589
      max-rss: 3072

...
