---
system-info:
      stress-ng-version: 0.17.08
      run-by: root
      date-yyyy-mm-dd: 2024:06:13
      time-hh-mm-ss: 02:22:49
      epoch-secs: 1718245369
      hostname: 695ebfb5d21f
      sysname: Linux
      nodename: 695ebfb5d21f
      release: 6.8.0-1008-aws
      version: '#8-Ubuntu SMP Sat Apr 20 00:46:25 UTC 2024'
      machine: x86_64
      compiler: 'musl-gcc 13.2.1'
      uptime: 110
      totalram: 199542145024
      freeram: 194184949760
      sharedram: 117321728
      bufferram: 110858240
      totalswap: 0
      freeswap: 0
      pagesize: 4096
      cpus: 96
      cpus-online: 96
      ticks-per-second: 100

metrics:
    - stressor: cpu
      bogo-ops: 1853087
      bogo-ops-per-second-usr-sys-time: 965.550301
      bogo-ops-per-second-real-time: 92653.992722
      wall-clock-time: 20.000077
      user-time: 1919.163989
      system-time: 0.038975
      cpu-usage-per-instance: 99.958102
      max-rss: 768

...
