BaselineInfo:
  WebDBID: -1
  TimeStamp: 20251007002414
Version:
  Major: 11
  Minor: 0
  Build: 1002
  SpecialBuildName: ""
  ptArchitecture: x86_64_linux
Results:
  Results Complete: true
  NumTestProcesses: 64
  CPU_INTEGER_MATH: 330621.20333333331
  CPU_FLOATINGPOINT_MATH: 239456.94710713279
  CPU_PRIME: 543.93317725382303
  CPU_SORTING: 164039.38893812604
  CPU_ENCRYPTION: 72824.301585717214
  CPU_COMPRESSION: 1272706.2982047531
  CPU_SINGLETHREAD: 3280.5010909646703
  CPU_PHYSICS: 9465.644678493165
  CPU_MATRIX_MULT_SSE: 88634.688315196225
  CPU_mm: 9613.2187663383083
  CPU_sse: 40061.16388548071
  CPU_fma: 104565.20844617426
  CPU_avx: 83110.282541012391
  CPU_avx512: 126802.0983881178
  m_CPU_enc_SHA: 76664839145.162766
  m_CPU_enc_AES: 100234858342.41888
  m_CPU_enc_ECDSA: 52185747091.053345
  ME_ALLOC_S: 29707.68843280205
  ME_READ_S: 28278.044921875
  ME_READ_L: 11137.8388671875
  ME_WRITE: 11591.7548828125
  ME_LARGE: 115202.75
  ME_LATENCY: 66.465244961726853
  ME_THREADED: 216070.99877929688
  SUMM_CPU: 83206.179651025057
  SUMM_ME: 2568.7839257598821
SystemInformation:
  OSName: Ubuntu 24.04.2 LTS
  Kernel: 6.14.0-1014-aws
  Device: ""
  Processor: Intel Xeon 6975P-C
  NumSockets: 1
  Manufacturer: GenuineIntel
  NumCores: 32
  NumLogicals: 64
  CPUFrequency: 0
  Memory: 126742
  MemModuleInfo:
    iNumMemSticks: 1
    DIMM 1:
      manufacturer: Not Specified
      modulePartNo: Not Specified
      memType: DDR5
      size: 128
      clkspeed: 3600
      moduleVoltage: 0
Checksum: EF83F2B7245FA15F4E5BC3E20BD6EFB0BD4DB83F