---
system-info:
      stress-ng-version: 0.17.08
      run-by: root
      date-yyyy-mm-dd: 2024:07:02
      time-hh-mm-ss: 21:37:10
      epoch-secs: 1719956230
      hostname: c3-standard-44-d6879ea
      sysname: Linux
      nodename: c3-standard-44-d6879ea
      release: 6.8.0-1009-gcp
      version: '#10-Ubuntu SMP Wed Jun 12 18:52:23 UTC 2024'
      machine: x86_64
      compiler: 'musl-gcc 13.2.1'
      uptime: 135
      totalram: 185687752704
      freeram: 180260159488
      sharedram: 111665152
      bufferram: 129671168
      totalswap: 0
      freeswap: 0
      pagesize: 4096
      cpus: 44
      cpus-online: 44
      ticks-per-second: 100

metrics:
    - stressor: cpu
      bogo-ops: 32488
      bogo-ops-per-second-usr-sys-time: 1624.416569
      bogo-ops-per-second-real-time: 1624.391267
      wall-clock-time: 20.000108
      user-time: 19.999796
      system-time: 0.000000
      cpu-usage-per-instance: 99.998442
      max-rss: 1056

...
