BaselineInfo:
  WebDBID: -1
  TimeStamp: 20250426030404
Version:
  Major: 11
  Minor: 0
  Build: 1002
  SpecialBuildName: ""
  ptArchitecture: x86_64_linux
Results:
  Results Complete: true
  NumTestProcesses: 8
  CPU_INTEGER_MATH: 42058.601333333332
  CPU_FLOATINGPOINT_MATH: 29787.720734091461
  CPU_PRIME: 81.527312420431713
  CPU_SORTING: 21076.393242976927
  CPU_ENCRYPTION: 9301.0700539838108
  CPU_COMPRESSION: 154203.05338394034
  CPU_SINGLETHREAD: 3218.1146003819367
  CPU_PHYSICS: 1966.4870626436027
  CPU_MATRIX_MULT_SSE: 12238.621554783207
  CPU_mm: 1200.6336730609603
  CPU_sse: 5145.1540044449075
  CPU_fma: 12881.282715246685
  CPU_avx: 10519.597800270833
  CPU_avx512: 20408.4516991704
  m_CPU_enc_SHA: 9791986408.6230392
  m_CPU_enc_AES: 12746219640.294022
  m_CPU_enc_ECDSA: 6720430449.8613243
  ME_ALLOC_S: 5651.3445329619854
  ME_READ_S: 29006.068164062501
  ME_READ_L: 8632.8642578125
  ME_WRITE: 18471.23828125
  ME_LARGE: 53720.583333333336
  ME_LATENCY: 44.493417925344353
  ME_THREADED: 59981.916015625
  SUMM_CPU: 15577.331732360139
  SUMM_ME: 2830.2389523404067
SystemInformation:
  OSName: Ubuntu 24.04.2 LTS
  Kernel: 6.8.0-1027-aws
  Device: ""
  Processor: Intel Xeon Platinum 8559C
  NumSockets: 1
  Manufacturer: GenuineIntel
  NumCores: 4
  NumLogicals: 8
  CPUFrequency: 0
  Memory: 63260
  MemModuleInfo:
    iNumMemSticks: 1
    DIMM 1:
      manufacturer: Not Specified
      modulePartNo: Not Specified
      memType: DDR5
      size: 64
      clkspeed: 2800
      moduleVoltage: 0
Checksum: D93E6B93CB51429AB85E4F88F3239491EEE6E65B