---
system-info:
      stress-ng-version: 0.17.08
      run-by: root
      date-yyyy-mm-dd: 2024:09:17
      time-hh-mm-ss: 02:12:29
      epoch-secs: 1726539149
      hostname: sc-runner
      sysname: Linux
      nodename: sc-runner
      release: 6.8.0-1014-azure
      version: '#16-Ubuntu SMP Thu Aug 15 20:04:41 UTC 2024'
      machine: x86_64
      compiler: 'musl-gcc 13.2.1'
      uptime: 468
      totalram: 118158413824
      freeram: 107749126144
      sharedram: 46665728
      bufferram: 290258944
      totalswap: 0
      freeswap: 0
      pagesize: 4096
      cpus: 8
      cpus-online: 8
      ticks-per-second: 100

metrics:
    - stressor: cpu
      bogo-ops: 110889
      bogo-ops-per-second-usr-sys-time: 695.069824
      bogo-ops-per-second-real-time: 5544.411797
      wall-clock-time: 20.000138
      user-time: 159.484330
      system-time: 0.052160
      cpu-usage-per-instance: 99.709619
      max-rss: 3152

...
