---
system-info:
      stress-ng-version: 0.17.08
      run-by: root
      date-yyyy-mm-dd: 2024:09:03
      time-hh-mm-ss: 20:05:40
      epoch-secs: 1725393940
      hostname: sc-runner
      sysname: Linux
      nodename: sc-runner
      release: 6.8.0-1013-azure
      version: '#15-Ubuntu SMP Thu Aug  8 18:40:40 UTC 2024'
      machine: x86_64
      compiler: 'musl-gcc 13.2.1'
      uptime: 475
      totalram: 118158417920
      freeram: 109344595968
      sharedram: 46665728
      bufferram: 267407360
      totalswap: 0
      freeswap: 0
      pagesize: 4096
      cpus: 8
      cpus-online: 8
      ticks-per-second: 100

metrics:
    - stressor: cpu
      bogo-ops: 111234
      bogo-ops-per-second-usr-sys-time: 697.124512
      bogo-ops-per-second-real-time: 5561.651841
      wall-clock-time: 20.000173
      user-time: 159.531095
      system-time: 0.030071
      cpu-usage-per-instance: 99.724865
      max-rss: 3152

...
