BaselineInfo:
  WebDBID: -1
  TimeStamp: 20260404143101
Version:
  Major: 11
  Minor: 0
  Build: 1004
  SpecialBuildName: ""
  ptArchitecture: x86_64_linux
Results:
  Results Complete: true
  NumTestProcesses: 8
  CPU_INTEGER_MATH: 19652.776333333331
  CPU_FLOATINGPOINT_MATH: 10552.706028579703
  CPU_PRIME: 46.775899160209732
  CPU_SORTING: 12131.323380633647
  CPU_ENCRYPTION: 2721.0675644324897
  CPU_COMPRESSION: 92034.308167968644
  CPU_SINGLETHREAD: 1685.3742086915172
  CPU_PHYSICS: 792.49786161242605
  CPU_MATRIX_MULT_SSE: 6072.661260583337
  CPU_mm: 599.52293682581558
  CPU_sse: 2141.7463337721101
  CPU_fma: 7306.9901551476923
  CPU_avx: 5166.950647181844
  CPU_avx512: 9674.9579062317025
  m_CPU_enc_SHA: 889472503.15004599
  m_CPU_enc_AES: 6863133956.3948593
  m_CPU_enc_ECDSA: 807131967.7821815
  ME_ALLOC_S: 2200.8051564505754
  ME_READ_S: 19490.427539062501
  ME_READ_L: 7350.38134765625
  ME_WRITE: 7542.95703125
  ME_LARGE: 18824.166666666668
  ME_LATENCY: 74.926468771981789
  ME_THREADED: 38709.71826171875
  SUMM_CPU: 7032.0172969661653
  SUMM_ME: 1761.0091955622268
SystemInformation:
  OSName: Ubuntu 24.04.4 LTS
  Kernel: 6.8.0-106-generic
  Device: ""
  Processor: Intel(R) Xeon(R) Platinum 8269CY CPU @ 2.50GHz
  NumSockets: 1
  Manufacturer: GenuineIntel
  NumCores: 4
  NumLogicals: 8
  CPUFrequency: 2500
  CPUMaxFrequency: 3800
  Memory: 31710
  CPUInfo:
    number: 1
    Family: 6
    Model: 5
    stepping: 7
    features: 529267711
    manufacture: GenuineIntel
    typestring: Intel(R) Xeon(R) Platinum 8269CY CPU @ 2.50GHz
    iCoresPerPackage: 4
    iThreadsPerPackage: 2
    featuresEx:
      - 529267711
      - 4294586883
      - 739248128
    bHybrid: false
    nPCore: 0
    nLogicalsPerPCore: 0
    nECore: 0
    nLogicalsPerECore: 0
  MemModuleInfo:
    iNumMemSticks: 2
    DIMM 1:
      manufacturer: Alibaba Cloud
      modulePartNo: Not Specified
      memType: RAM
      size: 16
      clkspeed: 0
      moduleVoltage: 0
    DIMM 2:
      manufacturer: Alibaba Cloud
      modulePartNo: Not Specified
      memType: RAM
      size: 16
      clkspeed: 0
      moduleVoltage: 0
Checksum: 3A8FF4E76440BBD8DF9EA1B6BBFF1807748E7F10