BaselineInfo:
  WebDBID: -1
  TimeStamp: 20241108044132
Version:
  Major: 11
  Minor: 0
  Build: 1002
  SpecialBuildName: ""
  ptArchitecture: x86_64_linux
Results:
  Results Complete: true
  NumTestProcesses: 8
  CPU_INTEGER_MATH: 23769.403666666665
  CPU_FLOATINGPOINT_MATH: 19822.877879884491
  CPU_PRIME: 76.379596658083216
  CPU_SORTING: 14554.070164668139
  CPU_ENCRYPTION: 3068.6360317641752
  CPU_COMPRESSION: 121394.51010855808
  CPU_SINGLETHREAD: 1676.4704893027065
  CPU_PHYSICS: 1198.7575649476823
  CPU_MATRIX_MULT_SSE: 10333.245183611485
  CPU_mm: 1086.1849792582391
  CPU_sse: 4168.7858006442302
  CPU_fma: 13396.603906710156
  CPU_avx: 8998.5303835291943
  CPU_avx512: 14769.060643562365
  m_CPU_enc_SHA: 1698755088.4749882
  m_CPU_enc_AES: 6466986873.1372795
  m_CPU_enc_ECDSA: 1487352325.3171868
  ME_ALLOC_S: 4601.1389347937511
  ME_READ_S: 19691.049999999999
  ME_READ_L: 10268.0673828125
  ME_WRITE: 8923.919921875
  ME_LARGE: 46168.416666666664
  ME_LATENCY: 54.989423674060127
  ME_THREADED: 69120.2919921875
  SUMM_CPU: 9334.7368715309549
  SUMM_ME: 2331.1009113007813
SystemInformation:
  OSName: Ubuntu 24.04.1 LTS
  Kernel: 6.8.0-1017-azure
  Device: ""
  Processor: Intel Xeon Platinum 8171M CPU @ 2.60GHz
  NumSockets: 1
  Manufacturer: GenuineIntel
  NumCores: 8
  NumLogicals: 8
  CPUFrequency: 0
  Memory: 56235
  MemModuleInfo:
    iNumMemSticks: 2
    DIMM 1:
      manufacturer: Microsoft Corporation
      modulePartNo: None
      memType: Unknown
      size: 1
      clkspeed: 0
      moduleVoltage: 0
    DIMM 2:
      manufacturer: Microsoft Corporation
      modulePartNo: None
      memType: Unknown
      size: 55
      clkspeed: 0
      moduleVoltage: 0
Checksum: 1BF07584F77E49CE39926F4A0813B3F6EE741423