---
system-info:
      stress-ng-version: 0.17.08
      run-by: root
      date-yyyy-mm-dd: 2024:06:08
      time-hh-mm-ss: 17:43:06
      epoch-secs: 1717868586
      hostname: f8e28151dba1
      sysname: Linux
      nodename: f8e28151dba1
      release: 6.8.0-1008-aws
      version: '#8-Ubuntu SMP Sat Apr 20 00:46:25 UTC 2024'
      machine: x86_64
      compiler: 'musl-gcc 13.2.1'
      uptime: 103
      totalram: 33089789952
      freeram: 28601303040
      sharedram: 59920384
      bufferram: 103747584
      totalswap: 0
      freeswap: 0
      pagesize: 4096
      cpus: 8
      cpus-online: 8
      ticks-per-second: 100

metrics:
    - stressor: cpu
      bogo-ops: 95271
      bogo-ops-per-second-usr-sys-time: 1194.077897
      bogo-ops-per-second-real-time: 9525.395846
      wall-clock-time: 10.001789
      user-time: 79.764267
      system-time: 0.021985
      cpu-usage-per-instance: 99.714975
      max-rss: 3920

...
