---
system-info:
      stress-ng-version: 0.17.08
      run-by: root
      date-yyyy-mm-dd: 2024:06:15
      time-hh-mm-ss: 01:18:58
      epoch-secs: 1718414338
      hostname: ffd3b164bd63
      sysname: Linux
      nodename: ffd3b164bd63
      release: 6.8.0-1008-aws
      version: '#8-Ubuntu SMP Sat Apr 20 00:46:25 UTC 2024'
      machine: x86_64
      compiler: 'musl-gcc 13.2.1'
      uptime: 109
      totalram: 33089789952
      freeram: 28674277376
      sharedram: 59920384
      bufferram: 108142592
      totalswap: 0
      freeswap: 0
      pagesize: 4096
      cpus: 8
      cpus-online: 8
      ticks-per-second: 100

metrics:
    - stressor: cpu
      bogo-ops: 154263
      bogo-ops-per-second-usr-sys-time: 966.242174
      bogo-ops-per-second-real-time: 7713.132070
      wall-clock-time: 20.000046
      user-time: 159.636529
      system-time: 0.015993
      cpu-usage-per-instance: 99.782594
      max-rss: 1104

...
