BaselineInfo:
  WebDBID: -1
  TimeStamp: 20260404231939
Version:
  Major: 11
  Minor: 0
  Build: 1004
  SpecialBuildName: ""
  ptArchitecture: x86_64_linux
Results:
  Results Complete: true
  NumTestProcesses: 16
  CPU_INTEGER_MATH: 39237.368999999992
  CPU_FLOATINGPOINT_MATH: 21094.40595171001
  CPU_PRIME: 69.137816916686603
  CPU_SORTING: 24141.025618351698
  CPU_ENCRYPTION: 5441.249375735264
  CPU_COMPRESSION: 181003.37131078794
  CPU_SINGLETHREAD: 1684.3929205545464
  CPU_PHYSICS: 1272.1592565378605
  CPU_MATRIX_MULT_SSE: 12294.82764568005
  CPU_mm: 1195.6774118098231
  CPU_sse: 4300.7756673447684
  CPU_fma: 14612.35630798386
  CPU_avx: 10312.975987947088
  CPU_avx512: 19953.202619444492
  m_CPU_enc_SHA: 1777368178.7687981
  m_CPU_enc_AES: 13728646005.315088
  m_CPU_enc_ECDSA: 1610676332.1490548
  ME_ALLOC_S: 4272.4758820299248
  ME_READ_S: 19462.745898437501
  ME_READ_L: 6709.78271484375
  ME_WRITE: 6924.83642578125
  ME_LARGE: 115101.83333333333
  ME_LATENCY: 77.898836729668417
  ME_THREADED: 69272.5703125
  SUMM_CPU: 13025.113006079371
  SUMM_ME: 1805.8882553865722
SystemInformation:
  OSName: Ubuntu 24.04.4 LTS
  Kernel: 6.8.0-106-generic
  Device: ""
  Processor: Intel(R) Xeon(R) Platinum 8269CY CPU @ 2.50GHz
  NumSockets: 1
  Manufacturer: GenuineIntel
  NumCores: 8
  NumLogicals: 16
  CPUFrequency: 2500
  CPUMaxFrequency: 3800
  Memory: 128299
  CPUInfo:
    number: 1
    Family: 6
    Model: 5
    stepping: 7
    features: 529267711
    manufacture: GenuineIntel
    typestring: Intel(R) Xeon(R) Platinum 8269CY CPU @ 2.50GHz
    iCoresPerPackage: 8
    iThreadsPerPackage: 2
    featuresEx:
      - 529267711
      - 4294586883
      - 739248128
    bHybrid: false
    nPCore: 0
    nLogicalsPerPCore: 0
    nECore: 0
    nLogicalsPerECore: 0
  MemModuleInfo:
    iNumMemSticks: 8
    DIMM 1:
      manufacturer: Alibaba Cloud
      modulePartNo: Not Specified
      memType: RAM
      size: 16
      clkspeed: 0
      moduleVoltage: 0
    DIMM 2:
      manufacturer: Alibaba Cloud
      modulePartNo: Not Specified
      memType: RAM
      size: 16
      clkspeed: 0
      moduleVoltage: 0
    DIMM 3:
      manufacturer: Alibaba Cloud
      modulePartNo: Not Specified
      memType: RAM
      size: 16
      clkspeed: 0
      moduleVoltage: 0
    DIMM 4:
      manufacturer: Alibaba Cloud
      modulePartNo: Not Specified
      memType: RAM
      size: 16
      clkspeed: 0
      moduleVoltage: 0
    DIMM 5:
      manufacturer: Alibaba Cloud
      modulePartNo: Not Specified
      memType: RAM
      size: 16
      clkspeed: 0
      moduleVoltage: 0
    DIMM 6:
      manufacturer: Alibaba Cloud
      modulePartNo: Not Specified
      memType: RAM
      size: 16
      clkspeed: 0
      moduleVoltage: 0
    DIMM 7:
      manufacturer: Alibaba Cloud
      modulePartNo: Not Specified
      memType: RAM
      size: 16
      clkspeed: 0
      moduleVoltage: 0
    DIMM 8:
      manufacturer: Alibaba Cloud
      modulePartNo: Not Specified
      memType: RAM
      size: 16
      clkspeed: 0
      moduleVoltage: 0
Checksum: 24EC49F78C039125078A302D3D882EB0AB854256