---
system-info:
      stress-ng-version: 0.17.08
      run-by: root
      date-yyyy-mm-dd: 2024:09:06
      time-hh-mm-ss: 16:51:55
      epoch-secs: 1725641515
      hostname: ip-172-31-48-180
      sysname: Linux
      nodename: ip-172-31-48-180
      release: 6.8.0-1014-aws
      version: '#15-Ubuntu SMP Thu Aug  8 19:13:06 UTC 2024'
      machine: x86_64
      compiler: 'musl-gcc 13.2.1'
      uptime: 173
      totalram: 49416691712
      freeram: 40750104576
      sharedram: 40898560
      bufferram: 220610560
      totalswap: 0
      freeswap: 0
      pagesize: 4096
      cpus: 24
      cpus-online: 24
      ticks-per-second: 100

metrics:
    - stressor: cpu
      bogo-ops: 472975
      bogo-ops-per-second-usr-sys-time: 986.038818
      bogo-ops-per-second-real-time: 23648.637916
      wall-clock-time: 20.000095
      user-time: 479.657788
      system-time: 0.013997
      cpu-usage-per-instance: 99.931148
      max-rss: 1212

...
