---
system-info:
      stress-ng-version: 0.17.08
      run-by: root
      date-yyyy-mm-dd: 2024:09:10
      time-hh-mm-ss: 12:27:53
      epoch-secs: 1725971273
      hostname: ip-172-31-51-13
      sysname: Linux
      nodename: ip-172-31-51-13
      release: 6.8.0-1014-aws
      version: '#15-Ubuntu SMP Thu Aug  8 19:13:06 UTC 2024'
      machine: x86_64
      compiler: 'musl-gcc 13.2.1'
      uptime: 217
      totalram: 49416667136
      freeram: 40706621440
      sharedram: 40902656
      bufferram: 219844608
      totalswap: 0
      freeswap: 0
      pagesize: 4096
      cpus: 24
      cpus-online: 24
      ticks-per-second: 100

metrics:
    - stressor: cpu
      bogo-ops: 472885
      bogo-ops-per-second-usr-sys-time: 985.832228
      bogo-ops-per-second-real-time: 23644.149059
      wall-clock-time: 20.000085
      user-time: 479.663019
      system-time: 0.017992
      cpu-usage-per-instance: 99.933117
      max-rss: 1020

...
