---
system-info:
      stress-ng-version: 0.17.08
      run-by: root
      date-yyyy-mm-dd: 2024:06:13
      time-hh-mm-ss: 14:41:24
      epoch-secs: 1718289684
      hostname: 335936ca5aa6
      sysname: Linux
      nodename: 335936ca5aa6
      release: 6.8.0-1008-aws
      version: '#8-Ubuntu SMP Sat Apr 20 00:46:25 UTC 2024'
      machine: x86_64
      compiler: 'musl-gcc 13.2.1'
      uptime: 137
      totalram: 132914003968
      freeram: 128340684800
      sharedram: 59981824
      bufferram: 107163648
      totalswap: 0
      freeswap: 0
      pagesize: 4096
      cpus: 32
      cpus-online: 32
      ticks-per-second: 100

metrics:
    - stressor: cpu
      bogo-ops: 37829
      bogo-ops-per-second-usr-sys-time: 1891.454539
      bogo-ops-per-second-real-time: 1891.440507
      wall-clock-time: 20.000100
      user-time: 19.999952
      system-time: 0.000000
      cpu-usage-per-instance: 99.999258
      max-rss: 1032

...
