---
system-info:
      stress-ng-version: 0.17.08
      run-by: root
      date-yyyy-mm-dd: 2024:06:07
      time-hh-mm-ss: 23:41:21
      epoch-secs: 1717803681
      hostname: 3b21c48e9776
      sysname: Linux
      nodename: 3b21c48e9776
      release: 6.8.0-1008-aws
      version: '#8-Ubuntu SMP Sat Apr 20 00:46:25 UTC 2024'
      machine: x86_64
      compiler: 'musl-gcc 13.2.1'
      uptime: 121
      totalram: 132914016256
      freeram: 128407740416
      sharedram: 59981824
      bufferram: 95305728
      totalswap: 0
      freeswap: 0
      pagesize: 4096
      cpus: 32
      cpus-online: 32
      ticks-per-second: 100

metrics:
    - stressor: cpu
      bogo-ops: 16595
      bogo-ops-per-second-usr-sys-time: 1659.470130
      bogo-ops-per-second-real-time: 1659.481325
      wall-clock-time: 10.000113
      user-time: 9.998181
      system-time: 0.001999
      cpu-usage-per-instance: 100.000675
      max-rss: 3848

...
