---
system-info:
      stress-ng-version: 0.17.08
      run-by: root
      date-yyyy-mm-dd: 2024:09:11
      time-hh-mm-ss: 20:54:30
      epoch-secs: 1726088070
      hostname: ip-172-31-18-28
      sysname: Linux
      nodename: ip-172-31-18-28
      release: 6.8.0-1014-aws
      version: '#15-Ubuntu SMP Thu Aug  8 20:05:03 UTC 2024'
      machine: aarch64
      compiler: 'musl-gcc 13.2.1'
      uptime: 235
      totalram: 1079636283392
      freeram: 1069974601728
      sharedram: 36298752
      bufferram: 222052352
      totalswap: 0
      freeswap: 0
      pagesize: 4096
      cpus: 64
      cpus-online: 64
      ticks-per-second: 100

metrics:
    - stressor: cpu
      bogo-ops: 30459
      bogo-ops-per-second-usr-sys-time: 1522.906826
      bogo-ops-per-second-real-time: 1522.949001
      wall-clock-time: 20.000013
      user-time: 20.000567
      system-time: 0.000000
      cpu-usage-per-instance: 100.002769
      max-rss: 1024

...
