---
system-info:
      stress-ng-version: 0.17.08
      run-by: root
      date-yyyy-mm-dd: 2024:08:20
      time-hh-mm-ss: 21:00:35
      epoch-secs: 1724187635
      hostname: sc-runner
      sysname: Linux
      nodename: sc-runner
      release: 6.8.0-1012-azure
      version: '#14-Ubuntu SMP Mon Jul 29 21:12:56 UTC 2024'
      machine: x86_64
      compiler: 'musl-gcc 13.2.1'
      uptime: 467
      totalram: 14652850176
      freeram: 7820697600
      sharedram: 42074112
      bufferram: 170627072
      totalswap: 0
      freeswap: 0
      pagesize: 4096
      cpus: 2
      cpus-online: 2
      ticks-per-second: 100

metrics:
    - stressor: cpu
      bogo-ops: 49283
      bogo-ops-per-second-usr-sys-time: 1243.170201
      bogo-ops-per-second-real-time: 2464.131611
      wall-clock-time: 20.000149
      user-time: 39.632025
      system-time: 0.010978
      cpu-usage-per-instance: 99.106768
      max-rss: 3248

...
