BaselineInfo:
  WebDBID: -1
  TimeStamp: 20260714184522
Version:
  Major: 11
  Minor: 0
  Build: 1004
  SpecialBuildName: ""
  ptArchitecture: x86_64_linux
Results:
  Results Complete: true
  NumTestProcesses: 24
  CPU_INTEGER_MATH: 127446.89333333336
  CPU_FLOATINGPOINT_MATH: 90418.434818294569
  CPU_PRIME: 274.59744507661873
  CPU_SORTING: 63451.176842817164
  CPU_ENCRYPTION: 27513.383252417345
  CPU_COMPRESSION: 483491.24456045509
  CPU_SINGLETHREAD: 3450.3901397174377
  CPU_PHYSICS: 5475.5890274903268
  CPU_MATRIX_MULT_SSE: 32179.793970986109
  CPU_mm: 3496.6276037223161
  CPU_sse: 15125.028489678147
  CPU_fma: 39355.204804126006
  CPU_avx: 29525.299461339328
  CPU_avx512: 44713.643128800919
  m_CPU_enc_SHA: 28898224750.178352
  m_CPU_enc_AES: 37736426499.863159
  m_CPU_enc_ECDSA: 19914968821.818768
  ME_ALLOC_S: 12651.579550074255
  ME_READ_S: 30479.161328124999
  ME_READ_L: 16969.857421875
  ME_WRITE: 7830.79541015625
  ME_LARGE: 177843.16666666666
  ME_LATENCY: 68.631872953200812
  ME_THREADED: 166947.7626953125
  SUMM_CPU: 41625.105009849787
  SUMM_ME: 2567.8372643029925
SystemInformation:
  OSName: Ubuntu 24.04.4 LTS
  Kernel: 6.17.0-1020-gcp
  Device: ""
  Processor: Intel(R) Xeon(R) 6985P-C CPU @ 2.30GHz
  NumSockets: 1
  Manufacturer: GenuineIntel
  NumCores: 12
  NumLogicals: 24
  CPUFrequency: 2300
  CPUMaxFrequency: 4200
  Memory: 187171
  CPUInfo:
    number: 1
    Family: 6
    Model: 13
    stepping: 1
    features: 529267711
    manufacture: GenuineIntel
    typestring: Intel(R) Xeon(R) 6985P-C CPU @ 2.30GHz
    iCoresPerPackage: 12
    iThreadsPerPackage: 2
    featuresEx:
      - 529267711
      - 4277809699
      - 739248128
    bHybrid: false
    nPCore: 0
    nLogicalsPerPCore: 0
    nECore: 0
    nLogicalsPerECore: 0
  MemModuleInfo:
    iNumMemSticks: 12
    DIMM 1:
      manufacturer: ""
      modulePartNo: ""
      memType: RAM
      size: 16
      clkspeed: 0
      moduleVoltage: 0
    DIMM 2:
      manufacturer: ""
      modulePartNo: ""
      memType: RAM
      size: 16
      clkspeed: 0
      moduleVoltage: 0
    DIMM 3:
      manufacturer: ""
      modulePartNo: ""
      memType: RAM
      size: 16
      clkspeed: 0
      moduleVoltage: 0
    DIMM 4:
      manufacturer: ""
      modulePartNo: ""
      memType: RAM
      size: 16
      clkspeed: 0
      moduleVoltage: 0
    DIMM 5:
      manufacturer: ""
      modulePartNo: ""
      memType: RAM
      size: 16
      clkspeed: 0
      moduleVoltage: 0
    DIMM 6:
      manufacturer: ""
      modulePartNo: ""
      memType: RAM
      size: 16
      clkspeed: 0
      moduleVoltage: 0
    DIMM 7:
      manufacturer: ""
      modulePartNo: ""
      memType: RAM
      size: 16
      clkspeed: 0
      moduleVoltage: 0
    DIMM 8:
      manufacturer: ""
      modulePartNo: ""
      memType: RAM
      size: 16
      clkspeed: 0
      moduleVoltage: 0
    DIMM 9:
      manufacturer: ""
      modulePartNo: ""
      memType: RAM
      size: 16
      clkspeed: 0
      moduleVoltage: 0
    DIMM 10:
      manufacturer: ""
      modulePartNo: ""
      memType: RAM
      size: 16
      clkspeed: 0
      moduleVoltage: 0
    DIMM 11:
      manufacturer: ""
      modulePartNo: ""
      memType: RAM
      size: 16
      clkspeed: 0
      moduleVoltage: 0
    DIMM 12:
      manufacturer: ""
      modulePartNo: ""
      memType: RAM
      size: 10
      clkspeed: 0
      moduleVoltage: 0
Checksum: 9F9164B1DD0226DB94BD3795671BD2C4E73A270A