BaselineInfo:
  WebDBID: -1
  TimeStamp: 20260714213156
Version:
  Major: 11
  Minor: 0
  Build: 1004
  SpecialBuildName: ""
  ptArchitecture: x86_64_linux
Results:
  Results Complete: true
  NumTestProcesses: 24
  CPU_INTEGER_MATH: 124250.85200000003
  CPU_FLOATINGPOINT_MATH: 89962.897821583712
  CPU_PRIME: 275.93014872588236
  CPU_SORTING: 64053.710523785878
  CPU_ENCRYPTION: 27280.180107597538
  CPU_COMPRESSION: 487541.22127154394
  CPU_SINGLETHREAD: 3452.4407505393374
  CPU_PHYSICS: 5314.4214950853693
  CPU_MATRIX_MULT_SSE: 32297.082344091508
  CPU_mm: 3436.5427575203971
  CPU_sse: 15015.909848591322
  CPU_fma: 39348.452661134128
  CPU_avx: 29642.052161156338
  CPU_avx512: 45181.914705484262
  m_CPU_enc_SHA: 28897611373.255398
  m_CPU_enc_AES: 37849913101.952301
  m_CPU_enc_ECDSA: 19068501934.304878
  ME_ALLOC_S: 13056.016468177702
  ME_READ_S: 30395.474414062501
  ME_READ_L: 17617.09765625
  ME_WRITE: 8633.279296875
  ME_LARGE: 177896.58333333334
  ME_LATENCY: 64.913536743947802
  ME_THREADED: 161748.53271484375
  SUMM_CPU: 41495.56013515385
  SUMM_ME: 2696.1530626001763
SystemInformation:
  OSName: Ubuntu 24.04.4 LTS
  Kernel: 6.17.0-1020-gcp
  Device: ""
  Processor: Intel(R) Xeon(R) 6985P-C CPU @ 2.30GHz
  NumSockets: 1
  Manufacturer: GenuineIntel
  NumCores: 12
  NumLogicals: 24
  CPUFrequency: 2300
  CPUMaxFrequency: 4200
  Memory: 187171
  CPUInfo:
    number: 1
    Family: 6
    Model: 13
    stepping: 1
    features: 529267711
    manufacture: GenuineIntel
    typestring: Intel(R) Xeon(R) 6985P-C CPU @ 2.30GHz
    iCoresPerPackage: 12
    iThreadsPerPackage: 2
    featuresEx:
      - 529267711
      - 4277809699
      - 739248128
    bHybrid: false
    nPCore: 0
    nLogicalsPerPCore: 0
    nECore: 0
    nLogicalsPerECore: 0
  MemModuleInfo:
    iNumMemSticks: 12
    DIMM 1:
      manufacturer: ""
      modulePartNo: ""
      memType: RAM
      size: 16
      clkspeed: 0
      moduleVoltage: 0
    DIMM 2:
      manufacturer: ""
      modulePartNo: ""
      memType: RAM
      size: 16
      clkspeed: 0
      moduleVoltage: 0
    DIMM 3:
      manufacturer: ""
      modulePartNo: ""
      memType: RAM
      size: 16
      clkspeed: 0
      moduleVoltage: 0
    DIMM 4:
      manufacturer: ""
      modulePartNo: ""
      memType: RAM
      size: 16
      clkspeed: 0
      moduleVoltage: 0
    DIMM 5:
      manufacturer: ""
      modulePartNo: ""
      memType: RAM
      size: 16
      clkspeed: 0
      moduleVoltage: 0
    DIMM 6:
      manufacturer: ""
      modulePartNo: ""
      memType: RAM
      size: 16
      clkspeed: 0
      moduleVoltage: 0
    DIMM 7:
      manufacturer: ""
      modulePartNo: ""
      memType: RAM
      size: 16
      clkspeed: 0
      moduleVoltage: 0
    DIMM 8:
      manufacturer: ""
      modulePartNo: ""
      memType: RAM
      size: 16
      clkspeed: 0
      moduleVoltage: 0
    DIMM 9:
      manufacturer: ""
      modulePartNo: ""
      memType: RAM
      size: 16
      clkspeed: 0
      moduleVoltage: 0
    DIMM 10:
      manufacturer: ""
      modulePartNo: ""
      memType: RAM
      size: 16
      clkspeed: 0
      moduleVoltage: 0
    DIMM 11:
      manufacturer: ""
      modulePartNo: ""
      memType: RAM
      size: 16
      clkspeed: 0
      moduleVoltage: 0
    DIMM 12:
      manufacturer: ""
      modulePartNo: ""
      memType: RAM
      size: 10
      clkspeed: 0
      moduleVoltage: 0
Checksum: 57391F7AEEFBC317430CCA16065C68E6C65B3979