BaselineInfo:
  WebDBID: -1
  TimeStamp: 20241108080217
Version:
  Major: 11
  Minor: 0
  Build: 1002
  SpecialBuildName: ""
  ptArchitecture: aarch64_linux
Results:
  Results Complete: true
  NumTestProcesses: 32
  CPU_INTEGER_MATH: 126449.62733333335
  CPU_FLOATINGPOINT_MATH: 95961.525806236721
  CPU_PRIME: 157.77279311010997
  CPU_SORTING: 89558.812603250699
  CPU_ENCRYPTION: 4371.2709579627735
  CPU_COMPRESSION: 152382.93362356423
  CPU_SINGLETHREAD: 1109.8148283006853
  CPU_PHYSICS: 3094.6670776844658
  CPU_MATRIX_MULT_SSE: 19963.8526672798
  CPU_mm: 3321.9370049151853
  CPU_sse: 16730.93223936858
  CPU_fma: 23196.773095191027
  CPU_avx: 0
  CPU_avx512: 0
  m_CPU_enc_SHA: 6566129384.1688395
  m_CPU_enc_AES: 3035024440.5258627
  m_CPU_enc_ECDSA: 4149675623.3556166
  ME_ALLOC_S: 20441.90587407559
  ME_READ_S: 9487.37841796875
  ME_READ_L: 9226.5390625
  ME_WRITE: 12556.890625
  ME_LARGE: 51562.333333333336
  ME_LATENCY: 70.047965194804618
  ME_THREADED: 169398.07958984375
  SUMM_CPU: 17314.074491447132
  SUMM_ME: 1830.4040416179412
SystemInformation:
  OSName: Ubuntu 24.04.1 LTS
  Kernel: 6.8.0-1016-aws
  Device: ""
  Processor: ARM Neoverse-N1 32 Core 0 MHz
  NumSockets: 1
  Manufacturer: ARM
  NumCores: 32
  NumLogicals: 32
  CPUFrequency: 0
  Memory: 63129
Checksum: 7CC146519DDA7C4FA785D77920C488B46F3B13EB