BaselineInfo:
  WebDBID: -1
  TimeStamp: 20260404131253
Version:
  Major: 11
  Minor: 0
  Build: 1004
  SpecialBuildName: ""
  ptArchitecture: x86_64_linux
Results:
  Results Complete: true
  NumTestProcesses: 4
  CPU_INTEGER_MATH: 9804.6029999999992
  CPU_FLOATINGPOINT_MATH: 5268.1252148758758
  CPU_PRIME: 23.500167509430185
  CPU_SORTING: 6038.3955157251276
  CPU_ENCRYPTION: 1361.6614770102597
  CPU_COMPRESSION: 45633.412760948398
  CPU_SINGLETHREAD: 1654.3174673058581
  CPU_PHYSICS: 423.05844238122432
  CPU_MATRIX_MULT_SSE: 2878.1577580173389
  CPU_mm: 299.08280039794386
  CPU_sse: 1077.5396408909307
  CPU_fma: 3646.1962450072015
  CPU_avx: 2575.444896885082
  CPU_avx512: 4213.4502492861402
  m_CPU_enc_SHA: 443180091.78313345
  m_CPU_enc_AES: 3436892392.1336746
  m_CPU_enc_ECDSA: 403344150.83572209
  ME_ALLOC_S: 1083.5034055129349
  ME_READ_S: 19392.284765625001
  ME_READ_L: 7058.97265625
  ME_WRITE: 7592.595703125
  ME_LARGE: 3546.25
  ME_LATENCY: 78.940706673666213
  ME_THREADED: 18466.4970703125
  SUMM_CPU: 3597.2353817323265
  SUMM_ME: 1394.683826782441
SystemInformation:
  OSName: Ubuntu 24.04.4 LTS
  Kernel: 6.8.0-106-generic
  Device: ""
  Processor: Intel(R) Xeon(R) Platinum 8163 CPU @ 2.50GHz
  NumSockets: 1
  Manufacturer: GenuineIntel
  NumCores: 2
  NumLogicals: 4
  CPUFrequency: 0
  CPUMaxFrequency: 0
  Memory: 22606
  CPUInfo:
    number: 1
    Family: 6
    Model: 5
    stepping: 4
    features: 529267711
    manufacture: GenuineIntel
    typestring: Intel(R) Xeon(R) Platinum 8163 CPU @ 2.50GHz
    iCoresPerPackage: 2
    iThreadsPerPackage: 2
    featuresEx:
      - 529267711
      - 4277809667
      - 739248128
    bHybrid: false
    nPCore: 0
    nLogicalsPerPCore: 0
    nECore: 0
    nLogicalsPerECore: 0
  MemModuleInfo:
    iNumMemSticks: 2
    DIMM 1:
      manufacturer: Alibaba Cloud
      modulePartNo: Not Specified
      memType: RAM
      size: 16
      clkspeed: 0
      moduleVoltage: 0
    DIMM 2:
      manufacturer: Alibaba Cloud
      modulePartNo: Not Specified
      memType: RAM
      size: 7
      clkspeed: 0
      moduleVoltage: 0
Checksum: 9A7FB5BB38956F4DDAB90CA42AB585049CDCF4B1