BaselineInfo:
  WebDBID: -1
  TimeStamp: 20241107032442
Version:
  Major: 11
  Minor: 0
  Build: 1002
  SpecialBuildName: ""
  ptArchitecture: aarch64_linux
Results:
  Results Complete: true
  NumTestProcesses: 1
  CPU_INTEGER_MATH: 4722.3756666666668
  CPU_FLOATINGPOINT_MATH: 4703.7802878239745
  CPU_PRIME: 12.629551684645968
  CPU_SORTING: 3885.3805399816233
  CPU_ENCRYPTION: 134.40469967279435
  CPU_COMPRESSION: 5038.9216438513204
  CPU_SINGLETHREAD: 1455.4887574461745
  CPU_PHYSICS: 281.49874269582722
  CPU_MATRIX_MULT_SSE: 968.89862547411485
  CPU_mm: 107.64663744198623
  CPU_sse: 768.99943504174837
  CPU_fma: 1168.7978159064812
  CPU_avx: 0
  CPU_avx512: 0
  m_CPU_enc_SHA: 207812608.54916611
  m_CPU_enc_AES: 79993721.043391988
  m_CPU_enc_ECDSA: 134994297.49974194
  ME_ALLOC_S: 1029.557771311524
  ME_READ_S: 19424.230664062499
  ME_READ_L: 18609.228515625
  ME_WRITE: 19377.859375
  ME_LARGE: 552.25
  ME_LATENCY: 51.771876706266035
  ME_THREADED: 18642.990234375
  SUMM_CPU: 781.99072201844263
  SUMM_ME: 982.45731391649076
SystemInformation:
  OSName: Ubuntu 24.04.1 LTS
  Kernel: 6.8.0-1016-aws
  Device: ""
  Processor: ARM Neoverse-V1 1 Core 0 MHz
  NumSockets: 1
  Manufacturer: ARM
  NumCores: 1
  NumLogicals: 1
  CPUFrequency: 0
  Memory: 1831
Checksum: AE8261889628B536534C2B0ADE592AF88AF6E880