BaselineInfo:
  WebDBID: -1
  TimeStamp: 20241115140048
Version:
  Major: 11
  Minor: 0
  Build: 1002
  SpecialBuildName: ""
  ptArchitecture: aarch64_linux
Results:
  Results Complete: true
  NumTestProcesses: 1
  CPU_INTEGER_MATH: 4718.8729999999996
  CPU_FLOATINGPOINT_MATH: 4692.0656668633374
  CPU_PRIME: 12.89865258780436
  CPU_SORTING: 3855.1664093875429
  CPU_ENCRYPTION: 134.11667167713912
  CPU_COMPRESSION: 5015.5349575379105
  CPU_SINGLETHREAD: 1449.2977026636283
  CPU_PHYSICS: 284.37534566855851
  CPU_MATRIX_MULT_SSE: 965.1797992138778
  CPU_mm: 107.33685703120396
  CPU_sse: 767.20704933129468
  CPU_fma: 1163.1525490964609
  CPU_avx: 0
  CPU_avx512: 0
  m_CPU_enc_SHA: 208642126.6279183
  m_CPU_enc_AES: 80031583.050851449
  m_CPU_enc_ECDSA: 133220859.6828137
  ME_ALLOC_S: 1006.3131840165213
  ME_READ_S: 19358.341601562501
  ME_READ_L: 18643.2265625
  ME_WRITE: 19390.728515625
  ME_LARGE: 534.25
  ME_LATENCY: 50.442675926014545
  ME_THREADED: 18681.689453125
  SUMM_CPU: 779.8926293203624
  SUMM_ME: 966.20401974358356
SystemInformation:
  OSName: Ubuntu 24.04.1 LTS
  Kernel: 6.8.0-1018-aws
  Device: ""
  Processor: ARM Neoverse-V1 1 Core 0 MHz
  NumSockets: 1
  Manufacturer: ARM
  NumCores: 1
  NumLogicals: 1
  CPUFrequency: 0
  Memory: 1831
Checksum: 676C3E25739B314B98AC09F2CC9406DEEFCD55BB