BaselineInfo:
  WebDBID: -1
  TimeStamp: 20241114214653
Version:
  Major: 11
  Minor: 0
  Build: 1002
  SpecialBuildName: ""
  ptArchitecture: aarch64_linux
Results:
  Results Complete: true
  NumTestProcesses: 1
  CPU_INTEGER_MATH: 4729.5940000000001
  CPU_FLOATINGPOINT_MATH: 4701.7624899506136
  CPU_PRIME: 12.492456432477301
  CPU_SORTING: 3843.89131725487
  CPU_ENCRYPTION: 134.84952659928206
  CPU_COMPRESSION: 5033.0685876998195
  CPU_SINGLETHREAD: 1412.9793819407632
  CPU_PHYSICS: 283.80766018175768
  CPU_MATRIX_MULT_SSE: 969.04407349001895
  CPU_mm: 107.23460540004878
  CPU_sse: 769.00076922675964
  CPU_fma: 1169.0873777532784
  CPU_avx: 0
  CPU_avx512: 0
  m_CPU_enc_SHA: 209268924.18353918
  m_CPU_enc_AES: 80252631.783537179
  m_CPU_enc_ECDSA: 134678375.64302996
  ME_ALLOC_S: 1042.8459369347768
  ME_READ_S: 19433.4599609375
  ME_READ_L: 18673.65234375
  ME_WRITE: 19398.884765625
  ME_LARGE: 563.58333333333337
  ME_LATENCY: 51.32019920521126
  ME_THREADED: 18763.65625
  SUMM_CPU: 782.4369128551316
  SUMM_ME: 996.54861713521404
SystemInformation:
  OSName: Ubuntu 24.04.1 LTS
  Kernel: 6.8.0-1018-aws
  Device: ""
  Processor: ARM Neoverse-V1 1 Core 0 MHz
  NumSockets: 1
  Manufacturer: ARM
  NumCores: 1
  NumLogicals: 1
  CPUFrequency: 0
  Memory: 1831
Checksum: 59143781147CE1AF4DEB1689D91631DBFF122BAC