BaselineInfo:
  WebDBID: -1
  TimeStamp: 20241108074925
Version:
  Major: 11
  Minor: 0
  Build: 1002
  SpecialBuildName: ""
  ptArchitecture: x86_64_linux
Results:
  Results Complete: true
  NumTestProcesses: 16
  CPU_INTEGER_MATH: 67312.899000000005
  CPU_FLOATINGPOINT_MATH: 34408.59693900706
  CPU_PRIME: 131.825327130293
  CPU_SORTING: 34853.918725623575
  CPU_ENCRYPTION: 14601.741873989058
  CPU_COMPRESSION: 246438.32502892034
  CPU_SINGLETHREAD: 2426.6584657573412
  CPU_PHYSICS: 2234.6834448947343
  CPU_MATRIX_MULT_SSE: 14297.691487439244
  CPU_mm: 1450.0545149002614
  CPU_sse: 6381.2236916729507
  CPU_fma: 17544.946762059764
  CPU_avx: 12951.207251041606
  CPU_avx512: 20313.38824498266
  m_CPU_enc_SHA: 14774328463.508993
  m_CPU_enc_AES: 22239238507.903526
  m_CPU_enc_ECDSA: 8919541290.3673363
  ME_ALLOC_S: 7992.1042340031499
  ME_READ_S: 24304.231054687501
  ME_READ_L: 12214.3193359375
  ME_WRITE: 10771.037109375
  ME_LARGE: 54066.666666666664
  ME_LATENCY: 52.341564575811937
  ME_THREADED: 89019.3916015625
  SUMM_CPU: 21184.101988754177
  SUMM_ME: 2696.3331769136689
SystemInformation:
  OSName: Ubuntu 24.04.1 LTS
  Kernel: 6.8.0-1017-azure
  Device: ""
  Processor: Intel Xeon Platinum 8370C CPU @ 2.80GHz
  NumSockets: 1
  Manufacturer: GenuineIntel
  NumCores: 8
  NumLogicals: 16
  CPUFrequency: 2800
  Memory: 64296
  MemModuleInfo:
    iNumMemSticks: 3
    DIMM 1:
      manufacturer: Microsoft Corporation
      modulePartNo: None
      memType: Unknown
      size: 1
      clkspeed: 0
      moduleVoltage: 0
    DIMM 2:
      manufacturer: Microsoft Corporation
      modulePartNo: None
      memType: Unknown
      size: 59
      clkspeed: 0
      moduleVoltage: 0
    DIMM 3:
      manufacturer: Microsoft Corporation
      modulePartNo: None
      memType: Unknown
      size: 4
      clkspeed: 0
      moduleVoltage: 0
Checksum: 211BB444350CA5CF9EFFA5E9CD4E740F34038B10