---
system-info:
      stress-ng-version: 0.17.08
      run-by: root
      date-yyyy-mm-dd: 2024:06:12
      time-hh-mm-ss: 23:21:45
      epoch-secs: 1718234505
      hostname: bc831086759a
      sysname: Linux
      nodename: bc831086759a
      release: 6.8.0-1008-aws
      version: '#8-Ubuntu SMP Sat Apr 20 02:43:14 UTC 2024'
      machine: aarch64
      compiler: 'musl-gcc 13.2.1'
      uptime: 221
      totalram: 134781472768
      freeram: 129803304960
      sharedram: 36200448
      bufferram: 111611904
      totalswap: 0
      freeswap: 0
      pagesize: 4096
      cpus: 64
      cpus-online: 64
      ticks-per-second: 100

metrics:
    - stressor: cpu
      bogo-ops: 30459
      bogo-ops-per-second-usr-sys-time: 1522.921750
      bogo-ops-per-second-real-time: 1522.947712
      wall-clock-time: 20.000030
      user-time: 20.000371
      system-time: 0.000000
      cpu-usage-per-instance: 100.001705
      max-rss: 512

...
