---
system-info:
      stress-ng-version: 0.17.08
      run-by: root
      date-yyyy-mm-dd: 2024:06:06
      time-hh-mm-ss: 08:29:37
      epoch-secs: 1717662577
      hostname: 778afd96c25c
      sysname: Linux
      nodename: 778afd96c25c
      release: 6.8.0-1008-aws
      version: '#8-Ubuntu SMP Sat Apr 20 02:43:14 UTC 2024'
      machine: aarch64
      compiler: 'musl-gcc 13.2.1'
      uptime: 124
      totalram: 134781472768
      freeram: 129955020800
      sharedram: 36200448
      bufferram: 80982016
      totalswap: 0
      freeswap: 0
      pagesize: 4096
      cpus: 64
      cpus-online: 64
      ticks-per-second: 100

metrics:
    - stressor: cpu
      bogo-ops: 2940
      bogo-ops-per-second-usr-sys-time: 293.765957
      bogo-ops-per-second-real-time: 293.765712
      wall-clock-time: 10.007975
      user-time: 10.006968
      system-time: 0.000999
      cpu-usage-per-instance: 99.999917
      max-rss: 3584

...
