BaselineInfo:
  WebDBID: -1
  TimeStamp: 20241109164147
Version:
  Major: 11
  Minor: 0
  Build: 1002
  SpecialBuildName: ""
  ptArchitecture: x86_64_linux
Results:
  Results Complete: true
  NumTestProcesses: 64
  CPU_INTEGER_MATH: 269403.34666666662
  CPU_FLOATINGPOINT_MATH: 137725.60238952853
  CPU_PRIME: 379.73491641774018
  CPU_SORTING: 137118.56695304121
  CPU_ENCRYPTION: 58509.617862233557
  CPU_COMPRESSION: 974652.37029020966
  CPU_SINGLETHREAD: 2434.8464514799925
  CPU_PHYSICS: 6598.9070979881144
  CPU_MATRIX_MULT_SSE: 57504.645245274238
  CPU_mm: 5799.6324107850178
  CPU_sse: 25571.602734229287
  CPU_fma: 70170.092709562698
  CPU_avx: 51835.685699072434
  CPU_avx512: 82441.199838232511
  m_CPU_enc_SHA: 59038097389.435539
  m_CPU_enc_AES: 88961140434.468109
  m_CPU_enc_ECDSA: 36056105354.624619
  ME_ALLOC_S: 30451.828907406863
  ME_READ_S: 24339.839257812499
  ME_READ_L: 12792.3193359375
  ME_WRITE: 10173.4765625
  ME_LARGE: 245475.16666666666
  ME_LATENCY: 50.781576727638104
  ME_THREADED: 273944.02880859375
  SUMM_CPU: 61088.871291576521
  SUMM_ME: 2879.0448673556398
SystemInformation:
  OSName: Ubuntu 24.04.1 LTS
  Kernel: 6.8.0-1017-azure
  Device: ""
  Processor: Intel Xeon Platinum 8370C CPU @ 2.80GHz
  NumSockets: 2
  Manufacturer: GenuineIntel
  NumCores: 32
  NumLogicals: 64
  CPUFrequency: 2800
  Memory: 257909
  MemModuleInfo:
    iNumMemSticks: 4
    DIMM 1:
      manufacturer: Microsoft Corporation
      modulePartNo: None
      memType: Unknown
      size: 1
      clkspeed: 0
      moduleVoltage: 0
    DIMM 2:
      manufacturer: Microsoft Corporation
      modulePartNo: None
      memType: Unknown
      size: 59
      clkspeed: 0
      moduleVoltage: 0
    DIMM 3:
      manufacturer: Microsoft Corporation
      modulePartNo: None
      memType: Unknown
      size: 68
      clkspeed: 0
      moduleVoltage: 0
    DIMM 4:
      manufacturer: Microsoft Corporation
      modulePartNo: None
      memType: Unknown
      size: 128
      clkspeed: 0
      moduleVoltage: 0
Checksum: FE922D38D78A56E05520CFCCB9755E7A1A933207