"size","threads","connections","rps","latency","failed","server_usr","server_sys","client_usr","client_sys"
"1k",2,2,69695,0.000028460,0,3.36,6.21,1.67,8.81
"1k",2,4,77273,0.000046440,0,3.54,6.30,1.70,8.44
"1k",2,8,92036,0.000066750,0,3.62,6.23,1.77,8.44
"1k",2,16,137126,0.000447200,0,2.80,6.98,1.34,8.37
"1k",2,32,151870,0.000741820,0,2.74,7.18,1.41,8.43
"1k",2,64,154753,0.000850000,0,2.63,7.33,1.28,8.56
"1k",4,4,65555,0.000061660,0,2.82,6.58,1.84,8.91
"1k",4,8,78226,0.000102140,0,2.88,6.54,1.72,8.97
"1k",4,16,94387,0.000175000,0,2.89,6.71,1.57,8.94
"1k",4,32,114572,0.000413410,0,2.76,6.87,1.52,8.76
"1k",4,64,124893,0.000697870,0,2.69,6.92,1.52,8.76
"1k",8,8,70666,0.000112700,0,2.73,6.64,1.79,8.99
"1k",8,16,77126,0.000208590,0,2.75,6.62,1.69,9.11
"1k",8,32,90227,0.000366060,0,2.75,6.69,1.70,9.00
"1k",8,64,109451,0.000642910,0,2.89,6.84,1.54,8.79
"16k",2,2,61064,0.000032720,0,2.88,6.11,1.57,9.31
"16k",2,4,62591,0.000062540,0,2.42,5.80,1.21,7.18
"16k",2,8,103749,0.000277560,0,2.85,6.86,1.42,8.41
"16k",2,16,103930,0.000381440,0,2.86,6.66,1.30,8.31
"16k",2,32,114156,0.000506160,0,2.68,7.04,1.32,8.52
"16k",2,64,118687,0.000520170,0,3.14,6.64,1.42,8.58
"16k",4,4,62017,0.000065560,0,2.82,6.21,1.80,9.23
"16k",4,8,67076,0.000114550,0,2.84,6.60,1.62,9.10
"16k",4,16,81578,0.000192070,0,2.94,6.43,1.58,9.13
"16k",4,32,93686,0.000432630,0,2.81,6.51,1.57,8.97
"16k",4,64,101662,0.000710260,0,2.83,6.55,1.57,8.93
"16k",8,8,62160,0.000128130,0,2.62,6.59,1.75,9.17
"16k",8,16,70894,0.000236950,0,2.68,6.74,1.55,9.17
"16k",8,32,84604,0.000390570,0,2.70,6.51,1.67,9.15
"16k",8,64,90537,0.000751580,0,2.72,6.59,1.63,9.10
"64k",2,2,39772,0.000049320,0,2.90,6.38,1.51,9.36
"64k",2,4,38595,0.000092170,0,2.55,6.89,1.27,8.92
"64k",2,8,44841,0.000151710,0,2.62,6.71,1.21,9.18
"64k",2,16,50924,0.000288300,0,2.42,6.59,1.16,8.93
"64k",2,32,57214,0.000488350,0,2.57,6.71,1.16,9.17
"64k",2,64,62481,0.000960000,0,2.28,7.20,1.20,9.13
"64k",4,4,38328,0.000103370,0,2.19,6.93,1.53,9.50
"64k",4,8,42608,0.000185410,0,2.29,6.86,1.39,9.53
"64k",4,16,49224,0.000309910,0,2.48,6.71,1.35,9.51
"64k",4,32,54424,0.000561910,0,2.29,6.97,1.36,9.41
"64k",4,64,58039,0.001090000,0,2.19,7.02,1.30,9.36
"64k",8,8,40160,0.000203310,0,2.23,6.70,1.50,9.60
"64k",8,16,43335,0.000380320,0,2.24,6.87,1.37,9.59
"64k",8,32,45029,0.000702440,0,2.22,6.94,1.44,9.54
"64k",8,64,36329,0.001780000,0,1.68,5.07,1.03,7.11
"256k",2,2,19268,0.000104870,0,2.22,7.41,1.45,8.95
"256k",2,4,17776,0.000205980,0,2.11,7.16,1.14,8.51
"256k",2,8,19888,0.000385480,0,2.33,7.06,1.12,8.77
"256k",2,16,22247,0.000639910,0,2.44,7.21,1.15,8.98
"256k",2,32,23105,0.001110000,0,2.29,7.29,1.09,9.07
"256k",4,4,16868,0.000240270,0,2.07,7.08,1.36,9.48
"256k",4,8,18551,0.000423040,0,2.19,7.42,1.29,9.15
"256k",4,16,20329,0.000755370,0,2.30,7.35,1.27,9.13
"256k",4,32,22089,0.001410000,0,2.14,7.44,1.17,9.15
"256k",8,8,18105,0.000450410,0,2.15,7.17,1.27,9.44
"256k",8,16,19039,0.000870000,0,1.99,7.40,1.19,9.26
"256k",8,32,19374,0.001650000,0,2.03,7.41,1.33,9.14
"512k",2,2,10453,0.000192090,0,2.20,5.41,1.26,11.15
"512k",2,4,10793,0.000324260,0,2.10,6.96,1.23,9.68
"512k",2,8,11093,0.000634420,0,2.35,7.33,1.13,8.60
"512k",2,16,12165,0.001420000,0,2.18,7.74,1.09,8.85
"512k",2,32,12369,0.002000000,0,2.16,7.55,1.18,8.97
"512k",4,4,10117,0.000397330,0,2.18,6.89,1.19,9.70
"512k",4,8,10391,0.000762820,0,2.17,7.63,1.18,9.06
"512k",4,16,11327,0.001470000,0,2.18,7.53,1.17,9.00
"512k",4,32,11719,0.002600000,0,2.01,7.80,1.18,8.93
"512k",8,8,9767,0.000814460,0,1.96,7.65,1.23,9.24
"512k",8,16,10453,0.001540000,0,1.90,7.72,1.22,9.02
"512k",8,32,10893,0.002910000,0,1.89,7.79,1.24,9.00
