---
system-info:
      stress-ng-version: 0.17.08
      run-by: root
      date-yyyy-mm-dd: 2024:07:03
      time-hh-mm-ss: 05:39:46
      epoch-secs: 1719985186
      hostname: n2-highcpu-96-ec2c331
      sysname: Linux
      nodename: n2-highcpu-96-ec2c331
      release: 6.8.0-1009-gcp
      version: '#10-Ubuntu SMP Wed Jun 12 18:52:23 UTC 2024'
      machine: x86_64
      compiler: 'musl-gcc 13.2.1'
      uptime: 137
      totalram: 101311950848
      freeram: 95210491904
      sharedram: 115466240
      bufferram: 130277376
      totalswap: 0
      freeswap: 0
      pagesize: 4096
      cpus: 96
      cpus-online: 96
      ticks-per-second: 100

metrics:
    - stressor: cpu
      bogo-ops: 1809899
      bogo-ops-per-second-usr-sys-time: 942.957909
      bogo-ops-per-second-real-time: 90494.558133
      wall-clock-time: 20.000087
      user-time: 1919.341749
      system-time: 0.042969
      cpu-usage-per-instance: 99.967521
      max-rss: 768

...
