BaselineInfo:
  WebDBID: -1
  TimeStamp: 20241109235715
Version:
  Major: 11
  Minor: 0
  Build: 1002
  SpecialBuildName: ""
  ptArchitecture: x86_64_linux
Results:
  Results Complete: true
  NumTestProcesses: 64
  CPU_INTEGER_MATH: 251282.98699999994
  CPU_FLOATINGPOINT_MATH: 177226.57279910482
  CPU_PRIME: 410.09370447886243
  CPU_SORTING: 125703.02397365701
  CPU_ENCRYPTION: 54921.559010311656
  CPU_COMPRESSION: 914907.36097018898
  CPU_SINGLETHREAD: 3109.2623388770894
  CPU_PHYSICS: 6920.6957823373396
  CPU_MATRIX_MULT_SSE: 65331.360636398218
  CPU_mm: 6923.4317324588601
  CPU_sse: 29743.040325181461
  CPU_fma: 74668.437477552725
  CPU_avx: 58724.595156524454
  CPU_avx512: 98189.369586334215
  m_CPU_enc_SHA: 58449746695.938492
  m_CPU_enc_AES: 75163076018.27446
  m_CPU_enc_ECDSA: 39155463268.176811
  ME_ALLOC_S: 29566.232219033711
  ME_READ_S: 27740.257031249999
  ME_READ_L: 10474.08984375
  ME_WRITE: 9423.6845703125
  ME_LARGE: 504222.16666666669
  ME_LATENCY: 70.730463647034242
  ME_THREADED: 231270.26049804688
  SUMM_CPU: 66937.224048186225
  SUMM_ME: 2407.2077884658261
SystemInformation:
  OSName: Ubuntu 24.04.1 LTS
  Kernel: 6.8.0-1017-azure
  Device: ""
  Processor: Intel Xeon Platinum 8473C
  NumSockets: 1
  Manufacturer: GenuineIntel
  NumCores: 32
  NumLogicals: 64
  CPUFrequency: 2100
  Memory: 515765
  MemModuleInfo:
    iNumMemSticks: 3
    DIMM 1:
      manufacturer: Microsoft Corporation
      modulePartNo: None
      memType: Unknown
      size: 1
      clkspeed: 0
      moduleVoltage: 0
    DIMM 2:
      manufacturer: Microsoft Corporation
      modulePartNo: None
      memType: Unknown
      size: 59
      clkspeed: 0
      moduleVoltage: 0
    DIMM 3:
      manufacturer: Microsoft Corporation
      modulePartNo: None
      memType: Unknown
      size: 452
      clkspeed: 0
      moduleVoltage: 0
Checksum: 34F1C537E96CAD39B26165B9975D1F9C0AE64A17