BaselineInfo:
  WebDBID: -1
  TimeStamp: 20241111105742
Version:
  Major: 11
  Minor: 0
  Build: 1002
  SpecialBuildName: ""
  ptArchitecture: x86_64_linux
Results:
  Results Complete: true
  NumTestProcesses: 20
  CPU_INTEGER_MATH: 62357.761666666665
  CPU_FLOATINGPOINT_MATH: 33447.683772947974
  CPU_PRIME: 96.654488786716882
  CPU_SORTING: 32244.285505054075
  CPU_ENCRYPTION: 8545.5670187912201
  CPU_COMPRESSION: 271627.40678464487
  CPU_SINGLETHREAD: 2020.5256127380167
  CPU_PHYSICS: 1795.4161539766037
  CPU_MATRIX_MULT_SSE: 17840.666510026978
  CPU_mm: 1893.5124317896421
  CPU_sse: 6784.1280853571034
  CPU_fma: 21464.604276478884
  CPU_avx: 15361.603794450019
  CPU_avx512: 27752.329883821909
  m_CPU_enc_SHA: 2817814204.9967623
  m_CPU_enc_AES: 21533970625.476234
  m_CPU_enc_ECDSA: 2530244616.4150748
  ME_ALLOC_S: 7170.8904298367515
  ME_READ_S: 24345.668750000001
  ME_READ_L: 11289.2236328125
  ME_WRITE: 10364.4912109375
  ME_LARGE: 150626.91666666666
  ME_LATENCY: 48.186842385454128
  ME_THREADED: 87193.9384765625
  SUMM_CPU: 19123.192829168736
  SUMM_ME: 2753.3758526357046
SystemInformation:
  OSName: Ubuntu 24.04.1 LTS
  Kernel: 6.8.0-1017-azure
  Device: ""
  Processor: Intel Xeon Platinum 8272CL CPU @ 2.60GHz
  NumSockets: 1
  Manufacturer: GenuineIntel
  NumCores: 10
  NumLogicals: 20
  CPUFrequency: 0
  Memory: 160967
  MemModuleInfo:
    iNumMemSticks: 3
    DIMM 1:
      manufacturer: Microsoft Corporation
      modulePartNo: None
      memType: Unknown
      size: 1
      clkspeed: 0
      moduleVoltage: 0
    DIMM 2:
      manufacturer: Microsoft Corporation
      modulePartNo: None
      memType: Unknown
      size: 60928
      clkspeed: 0
      moduleVoltage: 0
    DIMM 3:
      manufacturer: Microsoft Corporation
      modulePartNo: None
      memType: Unknown
      size: 101888
      clkspeed: 0
      moduleVoltage: 0
Checksum: E2B1780210A6CCB5750431ED4BF508CB978BB60D