BaselineInfo:
  WebDBID: -1
  TimeStamp: 20260617211628
Version:
  Major: 11
  Minor: 0
  Build: 1004
  SpecialBuildName: ""
  ptArchitecture: x86_64_linux
Results:
  Results Complete: true
  NumTestProcesses: 8
  CPU_INTEGER_MATH: 38473.622000000003
  CPU_FLOATINGPOINT_MATH: 21533.922743417595
  CPU_PRIME: 89.874038686449808
  CPU_SORTING: 23578.35468797266
  CPU_ENCRYPTION: 9722.67259622247
  CPU_COMPRESSION: 160514.79665508334
  CPU_SINGLETHREAD: 2927.2203262121216
  CPU_PHYSICS: 1554.4667999930937
  CPU_MATRIX_MULT_SSE: 10986.434219811526
  CPU_mm: 1030.3098506347376
  CPU_sse: 4505.800106392292
  CPU_fma: 14219.355481357907
  CPU_avx: 11720.786281069477
  CPU_avx512: 13499.795010426429
  m_CPU_enc_SHA: 13624704068.148331
  m_CPU_enc_AES: 9247212363.9329605
  m_CPU_enc_ECDSA: 7712966988.6884298
  ME_ALLOC_S: 4121.1191466863511
  ME_READ_S: 27819.744921875001
  ME_READ_L: 26546.201171875
  ME_WRITE: 25819.359375
  ME_LARGE: 54458.666666666664
  ME_LATENCY: 70.405293614597653
  ME_THREADED: 47763.8828125
  SUMM_CPU: 14667.416463923413
  SUMM_ME: 2717.1102892552653
SystemInformation:
  OSName: Ubuntu 24.04.4 LTS
  Kernel: 6.8.0-117-generic
  Device: ""
  Processor: "AMD EPYC 9T34 64-Core Processor                "
  NumSockets: 1
  Manufacturer: AuthenticAMD
  NumCores: 4
  NumLogicals: 8
  CPUFrequency: 0
  CPUMaxFrequency: 0
  Memory: 62877
  CPUInfo:
    number: 1
    Family: 15
    Model: 1
    stepping: 1
    features: 395049983
    manufacture: AuthenticAMD
    typestring: "AMD EPYC 9T34 64-Core Processor                "
    iCoresPerPackage: 4
    iThreadsPerPackage: 2
    featuresEx:
      - 395049983
      - 4277809667
      - 802421759
    bHybrid: false
    nPCore: 0
    nLogicalsPerPCore: 0
    nECore: 0
    nLogicalsPerECore: 0
  MemModuleInfo:
    iNumMemSticks: 4
    DIMM 1:
      manufacturer: Alibaba Cloud
      modulePartNo: Not Specified
      memType: RAM
      size: 16
      clkspeed: 0
      moduleVoltage: 0
    DIMM 2:
      manufacturer: Alibaba Cloud
      modulePartNo: Not Specified
      memType: RAM
      size: 16
      clkspeed: 0
      moduleVoltage: 0
    DIMM 3:
      manufacturer: Alibaba Cloud
      modulePartNo: Not Specified
      memType: RAM
      size: 16
      clkspeed: 0
      moduleVoltage: 0
    DIMM 4:
      manufacturer: Alibaba Cloud
      modulePartNo: Not Specified
      memType: RAM
      size: 16
      clkspeed: 0
      moduleVoltage: 0
Checksum: A4251E9996F2B4579C6C3DEE7B09403A32B10646