---
system-info:
      stress-ng-version: 0.17.08
      run-by: root
      date-yyyy-mm-dd: 2024:06:08
      time-hh-mm-ss: 05:41:01
      epoch-secs: 1717825261
      hostname: 3ffc7b460baa
      sysname: Linux
      nodename: 3ffc7b460baa
      release: 6.8.0-1008-aws
      version: '#8-Ubuntu SMP Sat Apr 20 00:46:25 UTC 2024'
      machine: x86_64
      compiler: 'musl-gcc 13.2.1'
      uptime: 133
      totalram: 811214798848
      freeram: 804813000704
      sharedram: 78274560
      bufferram: 97181696
      totalswap: 0
      freeswap: 0
      pagesize: 4096
      cpus: 96
      cpus-online: 96
      ticks-per-second: 100

metrics:
    - stressor: cpu
      bogo-ops: 15773
      bogo-ops-per-second-usr-sys-time: 1577.317350
      bogo-ops-per-second-real-time: 1577.299474
      wall-clock-time: 10.000003
      user-time: 9.997891
      system-time: 0.001999
      cpu-usage-per-instance: 99.998867
      max-rss: 3072

...
