---
system-info:
      stress-ng-version: 0.17.08
      run-by: root
      date-yyyy-mm-dd: 2024:06:13
      time-hh-mm-ss: 18:56:05
      epoch-secs: 1718304965
      hostname: 38168d6b6127
      sysname: Linux
      nodename: 38168d6b6127
      release: 6.8.0-1008-aws
      version: '#8-Ubuntu SMP Sat Apr 20 00:46:25 UTC 2024'
      machine: x86_64
      compiler: 'musl-gcc 13.2.1'
      uptime: 177
      totalram: 811214786560
      freeram: 804815634432
      sharedram: 78274560
      bufferram: 107053056
      totalswap: 0
      freeswap: 0
      pagesize: 4096
      cpus: 96
      cpus-online: 96
      ticks-per-second: 100

metrics:
    - stressor: cpu
      bogo-ops: 29084
      bogo-ops-per-second-usr-sys-time: 1454.206617
      bogo-ops-per-second-real-time: 1454.193638
      wall-clock-time: 20.000087
      user-time: 19.999909
      system-time: 0.000000
      cpu-usage-per-instance: 99.999108
      max-rss: 768

...
