BaselineInfo:
  WebDBID: -1
  TimeStamp: 20250212082203
Version:
  Major: 11
  Minor: 0
  Build: 1002
  SpecialBuildName: ""
  ptArchitecture: x86_64_linux
Results:
  Results Complete: true
  NumTestProcesses: 4
  CPU_INTEGER_MATH: 19096.254666666668
  CPU_FLOATINGPOINT_MATH: 13547.628865318589
  CPU_PRIME: 39.438979857909331
  CPU_SORTING: 9690.0421442779407
  CPU_ENCRYPTION: 4251.4995663201671
  CPU_COMPRESSION: 70469.191405337129
  CPU_SINGLETHREAD: 2915.5410219728678
  CPU_PHYSICS: 936.30666446424914
  CPU_MATRIX_MULT_SSE: 5628.1443482192353
  CPU_mm: 540.11075026229651
  CPU_sse: 2340.100718154536
  CPU_fma: 6609.2214766341003
  CPU_avx: 4890.7544505512742
  CPU_avx512: 8672.5007475370294
  m_CPU_enc_SHA: 4451367027.4689226
  m_CPU_enc_AES: 5785520780.8143206
  m_CPU_enc_ECDSA: 3137173419.4779644
  ME_ALLOC_S: 2843.4316283429971
  ME_READ_S: 25839.197460937499
  ME_READ_L: 10767.3974609375
  ME_WRITE: 9972.2880859375
  ME_LARGE: 21089
  ME_LATENCY: 57.065526153152767
  ME_THREADED: 32371.4873046875
  SUMM_CPU: 7386.8670000283482
  SUMM_ME: 2284.3023384877229
SystemInformation:
  OSName: Ubuntu 24.04.1 LTS
  Kernel: 6.8.0-1021-azure
  Device: ""
  Processor: INTEL XEON PLATINUM 8573C
  NumSockets: 1
  Manufacturer: GenuineIntel
  NumCores: 2
  NumLogicals: 4
  CPUFrequency: 2300
  Memory: 32092
  MemModuleInfo:
    iNumMemSticks: 2
    DIMM 1:
      manufacturer: Microsoft Corporation
      modulePartNo: None
      memType: Unknown
      size: 1
      clkspeed: 0
      moduleVoltage: 0
    DIMM 2:
      manufacturer: Microsoft Corporation
      modulePartNo: None
      memType: Unknown
      size: 31
      clkspeed: 0
      moduleVoltage: 0
Checksum: 9F0FEC07FC502D2717438AEEFD34264D404E4341