---
system-info:
      stress-ng-version: 0.17.08
      run-by: root
      date-yyyy-mm-dd: 2024:06:13
      time-hh-mm-ss: 18:55:57
      epoch-secs: 1718304957
      hostname: 46357bfe2a5a
      sysname: Linux
      nodename: 46357bfe2a5a
      release: 6.8.0-1008-aws
      version: '#8-Ubuntu SMP Sat Apr 20 02:43:14 UTC 2024'
      machine: aarch64
      compiler: 'musl-gcc 13.2.1'
      uptime: 138
      totalram: 400744587264
      freeram: 395953594368
      sharedram: 35168256
      bufferram: 104869888
      totalswap: 0
      freeswap: 0
      pagesize: 4096
      cpus: 48
      cpus-online: 48
      ticks-per-second: 100

metrics:
    - stressor: cpu
      bogo-ops: 1456787
      bogo-ops-per-second-usr-sys-time: 1518.046483
      bogo-ops-per-second-real-time: 72839.075053
      wall-clock-time: 20.000075
      user-time: 959.627857
      system-time: 0.017988
      cpu-usage-per-instance: 99.962732
      max-rss: 1152

...
