BaselineInfo:
  WebDBID: -1
  TimeStamp: 20260620180104
Version:
  Major: 11
  Minor: 0
  Build: 1004
  SpecialBuildName: ""
  ptArchitecture: x86_64_linux
Results:
  Results Complete: true
  NumTestProcesses: 48
  CPU_INTEGER_MATH: 358867.72500000003
  CPU_FLOATINGPOINT_MATH: 357743.76052489574
  CPU_PRIME: 1170.4076403775957
  CPU_SORTING: 187562.30329363552
  CPU_ENCRYPTION: 73399.263594755626
  CPU_COMPRESSION: 1363043.4978977919
  CPU_SINGLETHREAD: 3798.7980480367733
  CPU_PHYSICS: 15778.041401392911
  CPU_MATRIX_MULT_SSE: 116704.75775494511
  CPU_mm: 13745.791575787114
  CPU_sse: 43406.854423517085
  CPU_fma: 154111.55630808402
  CPU_avx: 89996.836309109931
  CPU_avx512: 179303.78397906938
  m_CPU_enc_SHA: 103524699763.30415
  m_CPU_enc_AES: 64770327228.135826
  m_CPU_enc_ECDSA: 62599091677.963501
  ME_ALLOC_S: 39047.965285747545
  ME_READ_S: 34177.530078124997
  ME_READ_L: 30584.4453125
  ME_WRITE: 30791.85546875
  ME_LARGE: 183649.58333333334
  ME_LATENCY: 78.168752404503437
  ME_THREADED: 415471.435546875
  SUMM_CPU: 98684.407563339162
  SUMM_ME: 2995.865151733964
SystemInformation:
  OSName: Ubuntu 24.04.4 LTS
  Kernel: 6.17.0-1018-azure
  Device: ""
  Processor: "AMD EPYC 9V45 96-Core Processor                "
  NumSockets: 1
  Manufacturer: AuthenticAMD
  NumCores: 48
  NumLogicals: 48
  CPUFrequency: 0
  CPUMaxFrequency: 0
  Memory: 193212
  CPUInfo:
    number: 1
    Family: 15
    Model: 2
    stepping: 1
    features: 395049983
    manufacture: AuthenticAMD
    typestring: "AMD EPYC 9V45 96-Core Processor                "
    iCoresPerPackage: 64
    iThreadsPerPackage: 1
    featuresEx:
      - 395049983
      - 4277809667
      - 802421759
    bHybrid: false
    nPCore: 0
    nLogicalsPerPCore: 0
    nECore: 0
    nLogicalsPerECore: 0
  MemModuleInfo:
    iNumMemSticks: 3
    DIMM 1:
      manufacturer: Microsoft Corporation
      modulePartNo: None
      memType: Unknown
      size: 1
      clkspeed: 0
      moduleVoltage: 0
    DIMM 2:
      manufacturer: Microsoft Corporation
      modulePartNo: None
      memType: Unknown
      size: 59
      clkspeed: 0
      moduleVoltage: 0
    DIMM 3:
      manufacturer: Microsoft Corporation
      modulePartNo: None
      memType: Unknown
      size: 132
      clkspeed: 0
      moduleVoltage: 0
Checksum: 645A00BF934A69FB822D6435E8DF7C3272C91A2D