---
system-info:
      stress-ng-version: 0.17.08
      run-by: root
      date-yyyy-mm-dd: 2024:06:08
      time-hh-mm-ss: 21:40:41
      epoch-secs: 1717882841
      hostname: fe35c0c5b310
      sysname: Linux
      nodename: fe35c0c5b310
      release: 6.8.0-1008-aws
      version: '#8-Ubuntu SMP Sat Apr 20 02:43:14 UTC 2024'
      machine: aarch64
      compiler: 'musl-gcc 13.2.1'
      uptime: 108
      totalram: 33023422464
      freeram: 28574531584
      sharedram: 35028992
      bufferram: 105181184
      totalswap: 0
      freeswap: 0
      pagesize: 4096
      cpus: 8
      cpus-online: 8
      ticks-per-second: 100

metrics:
    - stressor: cpu
      bogo-ops: 34071
      bogo-ops-per-second-usr-sys-time: 424.867521
      bogo-ops-per-second-real-time: 3390.753623
      wall-clock-time: 10.048209
      user-time: 80.181066
      system-time: 0.010990
      cpu-usage-per-instance: 99.759144
      max-rss: 4136

...
