---
system-info:
      stress-ng-version: 0.17.08
      run-by: root
      date-yyyy-mm-dd: 2024:06:15
      time-hh-mm-ss: 06:25:51
      epoch-secs: 1718432751
      hostname: 06de8d19ba72
      sysname: Linux
      nodename: 06de8d19ba72
      release: 6.8.0-1008-aws
      version: '#8-Ubuntu SMP Sat Apr 20 02:43:14 UTC 2024'
      machine: aarch64
      compiler: 'musl-gcc 13.2.1'
      uptime: 115
      totalram: 33023426560
      freeram: 28697960448
      sharedram: 35028992
      bufferram: 107470848
      totalswap: 0
      freeswap: 0
      pagesize: 4096
      cpus: 8
      cpus-online: 8
      ticks-per-second: 100

metrics:
    - stressor: cpu
      bogo-ops: 244823
      bogo-ops-per-second-usr-sys-time: 1533.097079
      bogo-ops-per-second-real-time: 12241.095333
      wall-clock-time: 20.000089
      user-time: 159.674790
      system-time: 0.016989
      cpu-usage-per-instance: 99.806916
      max-rss: 1320

...
