---
system-info:
      stress-ng-version: 0.17.08
      run-by: root
      date-yyyy-mm-dd: 2024:06:06
      time-hh-mm-ss: 11:42:36
      epoch-secs: 1717674156
      hostname: 6b557e1df64f
      sysname: Linux
      nodename: 6b557e1df64f
      release: 6.8.0-1008-aws
      version: '#8-Ubuntu SMP Sat Apr 20 00:46:25 UTC 2024'
      machine: x86_64
      compiler: 'musl-gcc 13.2.1'
      uptime: 173
      totalram: 132900237312
      freeram: 128373067776
      sharedram: 60116992
      bufferram: 83148800
      totalswap: 0
      freeswap: 0
      pagesize: 4096
      cpus: 64
      cpus-online: 64
      ticks-per-second: 100

metrics:
    - stressor: cpu
      bogo-ops: 16782
      bogo-ops-per-second-usr-sys-time: 1678.137070
      bogo-ops-per-second-real-time: 1678.198119
      wall-clock-time: 10.000011
      user-time: 9.999375
      system-time: 0.001000
      cpu-usage-per-instance: 100.003638
      max-rss: 3072

...
