---
system-info:
      stress-ng-version: 0.17.08
      run-by: root
      date-yyyy-mm-dd: 2024:06:13
      time-hh-mm-ss: 02:23:46
      epoch-secs: 1718245426
      hostname: b78b9753cc5f
      sysname: Linux
      nodename: b78b9753cc5f
      release: 6.8.0-1008-aws
      version: '#8-Ubuntu SMP Sat Apr 20 00:46:25 UTC 2024'
      machine: x86_64
      compiler: 'musl-gcc 13.2.1'
      uptime: 196
      totalram: 132900265984
      freeram: 128159428608
      sharedram: 60116992
      bufferram: 113004544
      totalswap: 0
      freeswap: 0
      pagesize: 4096
      cpus: 64
      cpus-online: 64
      ticks-per-second: 100

metrics:
    - stressor: cpu
      bogo-ops: 37835
      bogo-ops-per-second-usr-sys-time: 1891.718125
      bogo-ops-per-second-real-time: 1891.741002
      wall-clock-time: 20.000095
      user-time: 20.000337
      system-time: 0.000000
      cpu-usage-per-instance: 100.001209
      max-rss: 512

...
