BaselineInfo:
  WebDBID: -1
  TimeStamp: 20241124005332
Version:
  Major: 11
  Minor: 0
  Build: 1002
  SpecialBuildName: ""
  ptArchitecture: x86_64_linux
Results:
  Results Complete: true
  NumTestProcesses: 20
  CPU_INTEGER_MATH: 95011.79766666668
  CPU_FLOATINGPOINT_MATH: 53160.118552837732
  CPU_PRIME: 223.04681636392417
  CPU_SORTING: 57027.517359678583
  CPU_ENCRYPTION: 24123.621237783787
  CPU_COMPRESSION: 387050.39194294397
  CPU_SINGLETHREAD: 2906.2376693453716
  CPU_PHYSICS: 3481.2739450851914
  CPU_MATRIX_MULT_SSE: 27419.364363839475
  CPU_mm: 2543.8229116052944
  CPU_sse: 11208.220920305925
  CPU_fma: 35148.706225188493
  CPU_avx: 28952.781959190339
  CPU_avx512: 34367.748350673137
  m_CPU_enc_SHA: 33728171410.01796
  m_CPU_enc_AES: 22895956384.354271
  m_CPU_enc_ECDSA: 19262222994.718884
  ME_ALLOC_S: 9694.5854344636391
  ME_READ_S: 27881.8798828125
  ME_READ_L: 27572.8515625
  ME_WRITE: 26838.935546875
  ME_LARGE: 149705.83333333334
  ME_LATENCY: 75.758011339172114
  ME_THREADED: 81071.703125
  SUMM_CPU: 32617.88769883577
  SUMM_ME: 2775.6051540845597
SystemInformation:
  OSName: Ubuntu 24.04.1 LTS
  Kernel: 6.8.0-1017-azure
  Device: ""
  Processor: AMD EPYC 9V74 80-Core Processor
  NumSockets: 1
  Manufacturer: AuthenticAMD
  NumCores: 10
  NumLogicals: 20
  CPUFrequency: 0
  Memory: 161159
  MemModuleInfo:
    iNumMemSticks: 4
    DIMM 1:
      manufacturer: Microsoft Corporation
      modulePartNo: None
      memType: Unknown
      size: 1
      clkspeed: 0
      moduleVoltage: 0
    DIMM 2:
      manufacturer: Microsoft Corporation
      modulePartNo: None
      memType: Unknown
      size: 59
      clkspeed: 0
      moduleVoltage: 0
    DIMM 3:
      manufacturer: Microsoft Corporation
      modulePartNo: None
      memType: Unknown
      size: 20
      clkspeed: 0
      moduleVoltage: 0
    DIMM 4:
      manufacturer: Microsoft Corporation
      modulePartNo: None
      memType: Unknown
      size: 80
      clkspeed: 0
      moduleVoltage: 0
Checksum: 7E26FE8AA30E0237272A881778EB67E3C1D04733