---
system-info:
      stress-ng-version: 0.17.08
      run-by: root
      date-yyyy-mm-dd: 2024:06:08
      time-hh-mm-ss: 11:18:09
      epoch-secs: 1717845489
      hostname: fde69d7ab4cc
      sysname: Linux
      nodename: fde69d7ab4cc
      release: 6.8.0-1008-aws
      version: '#8-Ubuntu SMP Sat Apr 20 00:46:25 UTC 2024'
      machine: x86_64
      compiler: 'musl-gcc 13.2.1'
      uptime: 160
      totalram: 33089781760
      freeram: 28714987520
      sharedram: 11640832
      bufferram: 100884480
      totalswap: 0
      freeswap: 0
      pagesize: 4096
      cpus: 8
      cpus-online: 8
      ticks-per-second: 100

metrics:
    - stressor: cpu
      bogo-ops: 9819
      bogo-ops-per-second-usr-sys-time: 981.294345
      bogo-ops-per-second-real-time: 981.278288
      wall-clock-time: 10.006336
      user-time: 10.005172
      system-time: 0.001000
      cpu-usage-per-instance: 99.998364
      max-rss: 3792

...
