---
system-info:
      stress-ng-version: 0.17.08
      run-by: root
      date-yyyy-mm-dd: 2024:06:14
      time-hh-mm-ss: 17:42:47
      epoch-secs: 1718386967
      hostname: 356222835c30
      sysname: Linux
      nodename: 356222835c30
      release: 6.8.0-1008-aws
      version: '#8-Ubuntu SMP Sat Apr 20 00:46:25 UTC 2024'
      machine: x86_64
      compiler: 'musl-gcc 13.2.1'
      uptime: 206
      totalram: 33089794048
      freeram: 28726673408
      sharedram: 11640832
      bufferram: 109805568
      totalswap: 0
      freeswap: 0
      pagesize: 4096
      cpus: 8
      cpus-online: 8
      ticks-per-second: 100

metrics:
    - stressor: cpu
      bogo-ops: 11831
      bogo-ops-per-second-usr-sys-time: 591.556980
      bogo-ops-per-second-real-time: 591.548244
      wall-clock-time: 20.000059
      user-time: 19.999764
      system-time: 0.000000
      cpu-usage-per-instance: 99.998523
      max-rss: 1104

...
