BaselineInfo:
  WebDBID: -1
  TimeStamp: 20241108225705
Version:
  Major: 11
  Minor: 0
  Build: 1002
  SpecialBuildName: ""
  ptArchitecture: x86_64_linux
Results:
  Results Complete: true
  NumTestProcesses: 32
  CPU_INTEGER_MATH: 89271.755333333305
  CPU_FLOATINGPOINT_MATH: 48951.487205671852
  CPU_PRIME: 126.77486456540505
  CPU_SORTING: 47472.150002983137
  CPU_ENCRYPTION: 12393.629888170599
  CPU_COMPRESSION: 399239.49789241055
  CPU_SINGLETHREAD: 1834.3430745177834
  CPU_PHYSICS: 2321.6832151000372
  CPU_MATRIX_MULT_SSE: 15202.861919254548
  CPU_mm: 2780.3587725649854
  CPU_sse: 10332.224056723453
  CPU_fma: 0
  CPU_avx: 20073.499781785635
  CPU_avx512: 0
  m_CPU_enc_SHA: 4031258490.2556462
  m_CPU_enc_AES: 31327546100.367489
  m_CPU_enc_ECDSA: 3628183970.2319837
  ME_ALLOC_S: 10304.00560800429
  ME_READ_S: 22170.484375
  ME_READ_L: 10832.7763671875
  ME_WRITE: 10415.154296875
  ME_LARGE: 49772.583333333336
  ME_LATENCY: 54.457199408617548
  ME_THREADED: 105754.03955078125
  SUMM_CPU: 24090.952531741146
  SUMM_ME: 2553.7663667989023
SystemInformation:
  OSName: Ubuntu 24.04.1 LTS
  Kernel: 6.8.0-1016-aws
  Device: ""
  Processor: Intel Xeon CPU E5-2680 v2 @ 2.80GHz
  NumSockets: 2
  Manufacturer: GenuineIntel
  NumCores: 16
  NumLogicals: 32
  CPUFrequency: 0
  Memory: 60322
  MemModuleInfo:
    iNumMemSticks: 4
    DIMM 1:
      manufacturer: Not Specified
      modulePartNo: Not Specified
      memType: RAM
      size: 16
      clkspeed: 0
      moduleVoltage: 0
    DIMM 2:
      manufacturer: Not Specified
      modulePartNo: Not Specified
      memType: RAM
      size: 16
      clkspeed: 0
      moduleVoltage: 0
    DIMM 3:
      manufacturer: Not Specified
      modulePartNo: Not Specified
      memType: RAM
      size: 16
      clkspeed: 0
      moduleVoltage: 0
    DIMM 4:
      manufacturer: Not Specified
      modulePartNo: Not Specified
      memType: RAM
      size: 12
      clkspeed: 0
      moduleVoltage: 0
Checksum: FDAE3981B7C7E59EC31A7C1D8E995541026085B3