---
system-info:
      stress-ng-version: 0.17.08
      run-by: root
      date-yyyy-mm-dd: 2024:09:15
      time-hh-mm-ss: 21:33:31
      epoch-secs: 1726436011
      hostname: sc-runner
      sysname: Linux
      nodename: sc-runner
      release: 6.8.0-1014-azure
      version: '#16-Ubuntu SMP Thu Aug 15 21:06:50 UTC 2024'
      machine: aarch64
      compiler: 'musl-gcc 13.2.1'
      uptime: 305
      totalram: 16737579008
      freeram: 6857105408
      sharedram: 38121472
      bufferram: 219729920
      totalswap: 0
      freeswap: 0
      pagesize: 4096
      cpus: 4
      cpus-online: 4
      ticks-per-second: 100

metrics:
    - stressor: cpu
      bogo-ops: 144730
      bogo-ops-per-second-usr-sys-time: 1820.087363
      bogo-ops-per-second-real-time: 7236.484666
      wall-clock-time: 20.000042
      user-time: 79.514165
      system-time: 0.003996
      cpu-usage-per-instance: 99.397491
      max-rss: 1320

...
