BaselineInfo:
  WebDBID: -1
  TimeStamp: 20241125174631
Version:
  Major: 11
  Minor: 0
  Build: 1002
  SpecialBuildName: ""
  ptArchitecture: x86_64_linux
Results:
  Results Complete: true
  NumTestProcesses: 8
  CPU_INTEGER_MATH: 48367.590333333334
  CPU_FLOATINGPOINT_MATH: 42680.328786360689
  CPU_PRIME: 156.29269505816919
  CPU_SORTING: 30502.904242812616
  CPU_ENCRYPTION: 10504.033712268658
  CPU_COMPRESSION: 210724.5058895041
  CPU_SINGLETHREAD: 2907.3949304322068
  CPU_PHYSICS: 2120.0593092381396
  CPU_MATRIX_MULT_SSE: 19741.824300004133
  CPU_mm: 2089.1998863418953
  CPU_sse: 9297.0809786117534
  CPU_fma: 27365.773749582611
  CPU_avx: 23486.904315642121
  CPU_avx512: 18817.538156180039
  m_CPU_enc_SHA: 14497462737.108589
  m_CPU_enc_AES: 9179173993.6337929
  m_CPU_enc_ECDSA: 9366196230.8850746
  ME_ALLOC_S: 7547.1465431573497
  ME_READ_S: 27896.896289062501
  ME_READ_L: 27585.5234375
  ME_WRITE: 26832.544921875
  ME_LARGE: 21185.333333333332
  ME_LATENCY: 75.784483545002118
  ME_THREADED: 37892.763671875
  SUMM_CPU: 20124.640324008695
  SUMM_ME: 2557.7474797354339
SystemInformation:
  OSName: Ubuntu 24.04.1 LTS
  Kernel: 6.8.0-1017-azure
  Device: ""
  Processor: AMD EPYC 9V74 80-Core Processor
  NumSockets: 1
  Manufacturer: AuthenticAMD
  NumCores: 8
  NumLogicals: 8
  CPUFrequency: 0
  Memory: 32092
  MemModuleInfo:
    iNumMemSticks: 2
    DIMM 1:
      manufacturer: Microsoft Corporation
      modulePartNo: None
      memType: Unknown
      size: 1
      clkspeed: 0
      moduleVoltage: 0
    DIMM 2:
      manufacturer: Microsoft Corporation
      modulePartNo: None
      memType: Unknown
      size: 31
      clkspeed: 0
      moduleVoltage: 0
Checksum: 152659FD8FA0DF74A561F54B3D232571417655B4