BaselineInfo:
  WebDBID: -1
  TimeStamp: 20241108173716
Version:
  Major: 11
  Minor: 0
  Build: 1002
  SpecialBuildName: ""
  ptArchitecture: x86_64_linux
Results:
  Results Complete: true
  NumTestProcesses: 20
  CPU_INTEGER_MATH: 84194.782000000007
  CPU_FLOATINGPOINT_MATH: 43044.167901699431
  CPU_PRIME: 152.84767490808593
  CPU_SORTING: 43622.015710316744
  CPU_ENCRYPTION: 18297.600780829682
  CPU_COMPRESSION: 306730.65198965342
  CPU_SINGLETHREAD: 2434.0210804455965
  CPU_PHYSICS: 2610.1292554668416
  CPU_MATRIX_MULT_SSE: 17930.07797212783
  CPU_mm: 1812.4314594091491
  CPU_sse: 7991.4208393776489
  CPU_fma: 21944.149210888801
  CPU_avx: 16194.401033110262
  CPU_avx512: 25590.340805134598
  m_CPU_enc_SHA: 18443558449.482521
  m_CPU_enc_AES: 27797716981.801582
  m_CPU_enc_ECDSA: 11317999677.793692
  ME_ALLOC_S: 9953.3413153226484
  ME_READ_S: 23431.977929687499
  ME_READ_L: 11276.087890625
  ME_WRITE: 10656.36328125
  ME_LARGE: 150585.41666666666
  ME_LATENCY: 52.054218152696478
  ME_THREADED: 107389.60009765625
  SUMM_CPU: 25596.457544778805
  SUMM_ME: 2690.9867964332984
SystemInformation:
  OSName: Ubuntu 24.04.1 LTS
  Kernel: 6.8.0-1017-azure
  Device: ""
  Processor: Intel Xeon Platinum 8370C CPU @ 2.80GHz
  NumSockets: 1
  Manufacturer: GenuineIntel
  NumCores: 10
  NumLogicals: 20
  CPUFrequency: 2800
  Memory: 160966
  MemModuleInfo:
    iNumMemSticks: 3
    DIMM 1:
      manufacturer: Microsoft Corporation
      modulePartNo: None
      memType: Unknown
      size: 1
      clkspeed: 0
      moduleVoltage: 0
    DIMM 2:
      manufacturer: Microsoft Corporation
      modulePartNo: None
      memType: Unknown
      size: 59
      clkspeed: 0
      moduleVoltage: 0
    DIMM 3:
      manufacturer: Microsoft Corporation
      modulePartNo: None
      memType: Unknown
      size: 100
      clkspeed: 0
      moduleVoltage: 0
Checksum: 47DC571AE56100C68B515C5027DFC7E25A90F161