---
system-info:
      stress-ng-version: 0.17.08
      run-by: root
      date-yyyy-mm-dd: 2024:06:15
      time-hh-mm-ss: 19:55:29
      epoch-secs: 1718481329
      hostname: 8b0ea64ba78c
      sysname: Linux
      nodename: 8b0ea64ba78c
      release: 6.8.0-1008-aws
      version: '#8-Ubuntu SMP Sat Apr 20 00:46:25 UTC 2024'
      machine: x86_64
      compiler: 'musl-gcc 13.2.1'
      uptime: 134
      totalram: 132919713792
      freeram: 128424091648
      sharedram: 59920384
      bufferram: 110284800
      totalswap: 0
      freeswap: 0
      pagesize: 4096
      cpus: 16
      cpus-online: 16
      ticks-per-second: 100

metrics:
    - stressor: cpu
      bogo-ops: 37813
      bogo-ops-per-second-usr-sys-time: 1890.658981
      bogo-ops-per-second-real-time: 1890.644974
      wall-clock-time: 20.000053
      user-time: 19.999905
      system-time: 0.000000
      cpu-usage-per-instance: 99.999259
      max-rss: 1084

...
