---
system-info:
      stress-ng-version: 0.17.08
      run-by: root
      date-yyyy-mm-dd: 2024:06:09
      time-hh-mm-ss: 17:39:44
      epoch-secs: 1717954784
      hostname: be4a13172501
      sysname: Linux
      nodename: be4a13172501
      release: 6.8.0-1008-aws
      version: '#8-Ubuntu SMP Sat Apr 20 00:46:25 UTC 2024'
      machine: x86_64
      compiler: 'musl-gcc 13.2.1'
      uptime: 119
      totalram: 132919709696
      freeram: 128266113024
      sharedram: 59920384
      bufferram: 110555136
      totalswap: 0
      freeswap: 0
      pagesize: 4096
      cpus: 16
      cpus-online: 16
      ticks-per-second: 100

metrics:
    - stressor: cpu
      bogo-ops: 16731
      bogo-ops-per-second-usr-sys-time: 1673.059177
      bogo-ops-per-second-real-time: 1673.054168
      wall-clock-time: 10.000274
      user-time: 10.000244
      system-time: 0.000000
      cpu-usage-per-instance: 99.999701
      max-rss: 3904

...
