---
system-info:
      stress-ng-version: 0.17.08
      run-by: root
      date-yyyy-mm-dd: 2024:07:12
      time-hh-mm-ss: 10:56:01
      epoch-secs: 1720781761
      hostname: ip-172-31-6-166
      sysname: Linux
      nodename: ip-172-31-6-166
      release: 6.8.0-1010-aws
      version: '#10-Ubuntu SMP Thu Jun 13 17:36:15 UTC 2024'
      machine: x86_64
      compiler: 'musl-gcc 13.2.1'
      uptime: 233
      totalram: 200450965504
      freeram: 192068988928
      sharedram: 20271104
      bufferram: 132382720
      totalswap: 0
      freeswap: 0
      pagesize: 4096
      cpus: 48
      cpus-online: 48
      ticks-per-second: 100

metrics:
    - stressor: cpu
      bogo-ops: 15179
      bogo-ops-per-second-usr-sys-time: 758.950455
      bogo-ops-per-second-real-time: 758.940681
      wall-clock-time: 20.000246
      user-time: 19.998989
      system-time: 0.000999
      cpu-usage-per-instance: 99.998712
      max-rss: 1152

...
