BaselineInfo:
  WebDBID: -1
  TimeStamp: 20260404064419
Version:
  Major: 11
  Minor: 0
  Build: 1004
  SpecialBuildName: ""
  ptArchitecture: x86_64_linux
Results:
  Results Complete: true
  NumTestProcesses: 8
  CPU_INTEGER_MATH: 33213.94200000001
  CPU_FLOATINGPOINT_MATH: 18374.582341199552
  CPU_PRIME: 71.539130742450951
  CPU_SORTING: 18099.437564239248
  CPU_ENCRYPTION: 8617.0593890170221
  CPU_COMPRESSION: 127918.1265052041
  CPU_SINGLETHREAD: 2388.2767046325635
  CPU_PHYSICS: 1294.4436538350774
  CPU_MATRIX_MULT_SSE: 7368.2400520388801
  CPU_mm: 899.62648855131988
  CPU_sse: 3821.0860137916361
  CPU_fma: 10392.845821068873
  CPU_avx: 7890.7883212561301
  CPU_avx512: 0
  m_CPU_enc_SHA: 12474318859.875486
  m_CPU_enc_AES: 7969261873.9749861
  m_CPU_enc_ECDSA: 6663344263.8432713
  ME_ALLOC_S: 3587.8970685376471
  ME_READ_S: 23789.3857421875
  ME_READ_L: 17699.759765625
  ME_WRITE: 15433.1455078125
  ME_LARGE: 18344.666666666668
  ME_LATENCY: 56.942541540673517
  ME_THREADED: 39908.865234375
  SUMM_CPU: 11840.305864646081
  SUMM_ME: 2585.4413961517575
SystemInformation:
  OSName: Ubuntu 24.04.4 LTS
  Kernel: 6.8.0-106-generic
  Device: ""
  Processor: "AMD EPYC 7T83 64-Core Processor                "
  NumSockets: 1
  Manufacturer: AuthenticAMD
  NumCores: 4
  NumLogicals: 8
  CPUFrequency: 0
  CPUMaxFrequency: 0
  Memory: 31190
  CPUInfo:
    number: 1
    Family: 15
    Model: 1
    stepping: 1
    features: 395049983
    manufacture: AuthenticAMD
    typestring: "AMD EPYC 7T83 64-Core Processor                "
    iCoresPerPackage: 4
    iThreadsPerPackage: 2
    featuresEx:
      - 395049983
      - 4277809667
      - 802421759
    bHybrid: false
    nPCore: 0
    nLogicalsPerPCore: 0
    nECore: 0
    nLogicalsPerECore: 0
  MemModuleInfo:
    iNumMemSticks: 2
    DIMM 1:
      manufacturer: Alibaba Cloud
      modulePartNo: Not Specified
      memType: RAM
      size: 16
      clkspeed: 0
      moduleVoltage: 0
    DIMM 2:
      manufacturer: Alibaba Cloud
      modulePartNo: Not Specified
      memType: RAM
      size: 16
      clkspeed: 0
      moduleVoltage: 0
Checksum: 242C530092C75CFA8572FACC6BA21C192A0C0032