size_kb,operation,bandwidth_mb_s,latency_ns,latency_stddev_ns,latency_samples,threads,iterations,elapsed_s
32,read,3901779.93,0,0,0,64,568181,0.291242
32,write,2926630.79,0,0,0,64,479846,0.327917
32,copy,2052200.44,0,0,0,64,311720,0.303791
32,latency,0,0.98,0.00,7,1,7,0.141090
128,read,3862769.60,0,0,0,64,158932,0.329157
128,write,3413210.78,0,0,0,64,149432,0.350244
128,copy,2337476.99,0,0,0,64,122369,0.418807
128,latency,0,2.68,0.00,7,1,7,0.704680
512,read,3425861.58,0,0,0,64,54860,0.512432
512,write,3526349.64,0,0,0,64,50332,0.456740
512,copy,1581911.41,0,0,0,64,21763,0.440237
512,latency,0,3.72,0.00,7,1,7,0.710504
1024,read,3130990.17,0,0,0,64,22208,0.453950
1024,write,3036620.27,0,0,0,64,25087,0.528735
1024,copy,1295842.80,0,0,0,64,6827,0.337177
1024,latency,0,5.45,0.01,7,1,7,0.655344
2048,read,2525101.52,0,0,0,64,5876,0.297860
2048,write,2249549.80,0,0,0,64,8160,0.464306
2048,copy,531427.90,0,0,0,64,3148,0.758229
2048,latency,0,9.87,0.04,7,1,7,0.677607
8192,read,482244.20,0,0,0,64,1134,1.203971
8192,write,410981.20,0,0,0,64,1255,1.563478
8192,copy,95012.86,0,0,0,64,715,3.852952
8192,latency,0,11.47,0.07,7,1,7,0.699218
16384,read,223302.69,0,0,0,64,605,2.774351
16384,write,141157.07,0,0,0,64,468,3.395026
16384,copy,74932.86,0,0,0,64,312,4.263657
16384,latency,0,12.52,0.30,7,1,7,0.707314
32768,read,191930.74,0,0,0,64,224,2.390196
32768,write,123942.59,0,0,0,64,270,4.461420
32768,copy,75996.63,0,0,0,64,164,4.419564
32768,latency,0,14.88,0.75,10,1,10,1.100556
65536,read,197076.51,0,0,0,64,153,3.179922
65536,write,122753.00,0,0,0,64,128,4.271081
65536,copy,74384.68,0,0,0,64,41,2.257669
65536,latency,0,76.18,0.51,7,1,7,3.299150
131072,read,194643.40,0,0,0,64,72,3.030280
131072,write,120035.93,0,0,0,64,62,4.231266
131072,copy,79243.36,0,0,0,64,42,4.341866
131072,latency,0,97.17,1.50,7,1,7,8.411349
