size_kb,operation,bandwidth_mb_s,latency_ns,latency_stddev_ns,latency_samples,threads,iterations,elapsed_s
32,read,155904.80,0,0,0,2,415973,0.166758
32,write,156397.29,0,0,0,2,529661,0.211665
32,copy,150023.09,0,0,0,2,475284,0.198005
32,latency,0,1.94,0.03,7,1,7,0.279451
128,read,110525.41,0,0,0,2,95565,0.216161
128,write,155642.18,0,0,0,2,142450,0.228810
128,copy,108153.83,0,0,0,2,99324,0.229590
128,latency,0,3.37,0.02,7,1,7,0.707303
512,read,106095.24,0,0,0,2,30925,0.291483
512,write,155028.08,0,0,0,2,39234,0.253077
512,copy,71739.01,0,0,0,2,22826,0.318181
512,latency,0,5.31,0.01,7,1,7,0.708454
1024,read,93212.99,0,0,0,2,14730,0.316050
1024,write,153147.51,0,0,0,2,18930,0.247213
1024,copy,50934.27,0,0,0,2,8203,0.322101
1024,latency,0,10.03,0.06,7,1,7,0.677271
2048,read,76075.35,0,0,0,2,5821,0.306065
2048,write,105933.15,0,0,0,2,8843,0.333909
2048,copy,40339.48,0,0,0,2,3816,0.378389
2048,latency,0,21.43,0.31,7,1,7,0.665839
8192,read,60668.30,0,0,0,2,885,0.233400
8192,write,66876.27,0,0,0,2,1971,0.471557
8192,copy,36612.19,0,0,0,2,796,0.347862
8192,latency,0,101.61,1.49,7,1,7,0.554244
16384,read,54398.09,0,0,0,2,457,0.268833
16384,write,61295.18,0,0,0,2,965,0.503792
16384,copy,39419.53,0,0,0,2,378,0.306853
16384,latency,0,109.85,1.13,7,1,7,1.243741
32768,read,48544.31,0,0,0,2,198,0.261040
32768,write,61680.40,0,0,0,2,477,0.494938
32768,copy,39679.72,0,0,0,2,192,0.309680
32768,latency,0,113.30,0.82,7,1,7,2.593115
65536,read,48117.01,0,0,0,2,105,0.279319
65536,write,60141.79,0,0,0,2,224,0.476740
65536,copy,38118.93,0,0,0,2,90,0.302212
65536,latency,0,117.88,1.75,7,1,7,5.395135
131072,read,47656.44,0,0,0,2,52,0.279333
131072,write,59083.88,0,0,0,2,113,0.489609
131072,copy,39471.78,0,0,0,2,48,0.311311
131072,latency,0,115.53,1.59,7,1,7,10.817900
