---
system-info:
      stress-ng-version: 0.17.08
      run-by: root
      date-yyyy-mm-dd: 2024:06:13
      time-hh-mm-ss: 10:21:54
      epoch-secs: 1718274114
      hostname: ffcc4ba78079
      sysname: Linux
      nodename: ffcc4ba78079
      release: 6.8.0-1008-aws
      version: '#8-Ubuntu SMP Sat Apr 20 00:46:25 UTC 2024'
      machine: x86_64
      compiler: 'musl-gcc 13.2.1'
      uptime: 153
      totalram: 33263849472
      freeram: 28869976064
      sharedram: 40738816
      bufferram: 107134976
      totalswap: 0
      freeswap: 0
      pagesize: 4096
      cpus: 8
      cpus-online: 8
      ticks-per-second: 100

metrics:
    - stressor: cpu
      bogo-ops: 25667
      bogo-ops-per-second-usr-sys-time: 1283.360909
      bogo-ops-per-second-real-time: 1283.340836
      wall-clock-time: 20.000143
      user-time: 19.999830
      system-time: 0.000000
      cpu-usage-per-instance: 99.998436
      max-rss: 1104

...
