---
system-info:
      stress-ng-version: 0.17.08
      run-by: root
      date-yyyy-mm-dd: 2024:06:07
      time-hh-mm-ss: 18:28:25
      epoch-secs: 1717784905
      hostname: bd2fa79d8933
      sysname: Linux
      nodename: bd2fa79d8933
      release: 6.8.0-1008-aws
      version: '#8-Ubuntu SMP Sat Apr 20 00:46:25 UTC 2024'
      machine: x86_64
      compiler: 'musl-gcc 13.2.1'
      uptime: 134
      totalram: 33263853568
      freeram: 28966240256
      sharedram: 40738816
      bufferram: 94056448
      totalswap: 0
      freeswap: 0
      pagesize: 4096
      cpus: 8
      cpus-online: 8
      ticks-per-second: 100

metrics:
    - stressor: cpu
      bogo-ops: 13873
      bogo-ops-per-second-usr-sys-time: 1387.269064
      bogo-ops-per-second-real-time: 1387.266760
      wall-clock-time: 10.000240
      user-time: 9.999223
      system-time: 0.001000
      cpu-usage-per-instance: 99.999834
      max-rss: 3920

...
