---
system-info:
      stress-ng-version: 0.17.08
      run-by: root
      date-yyyy-mm-dd: 2024:09:24
      time-hh-mm-ss: 03:59:58
      epoch-secs: 1727150398
      hostname: c4-standard-192-99baf84
      sysname: Linux
      nodename: c4-standard-192-99baf84
      release: 6.8.0-1014-gcp
      version: '#16-Ubuntu SMP Mon Aug 26 15:55:46 UTC 2024'
      machine: x86_64
      compiler: 'musl-gcc 13.2.1'
      uptime: 213
      totalram: 760821903360
      freeram: 747718942720
      sharedram: 1094152192
      bufferram: 252465152
      totalswap: 0
      freeswap: 0
      pagesize: 4096
      cpus: 192
      cpus-online: 192
      ticks-per-second: 100

metrics:
    - stressor: cpu
      bogo-ops: 3303842
      bogo-ops-per-second-usr-sys-time: 860.632990
      bogo-ops-per-second-real-time: 165191.389547
      wall-clock-time: 20.000086
      user-time: 3838.792260
      system-time: 0.058957
      cpu-usage-per-instance: 99.969654
      max-rss: 0

...
