BaselineInfo:
  WebDBID: -1
  TimeStamp: 20260621233536
Version:
  Major: 11
  Minor: 0
  Build: 1004
  SpecialBuildName: ""
  ptArchitecture: x86_64_linux
Results:
  Results Complete: true
  NumTestProcesses: 128
  CPU_INTEGER_MATH: 606448.51166666695
  CPU_FLOATINGPOINT_MATH: 438634.08285924169
  CPU_PRIME: 1159.8757950184786
  CPU_SORTING: 308016.78736581973
  CPU_ENCRYPTION: 134001.57939860376
  CPU_COMPRESSION: 2343690.5998993851
  CPU_SINGLETHREAD: 3537.3053980479508
  CPU_PHYSICS: 18968.298879806989
  CPU_MATRIX_MULT_SSE: 158056.48157329284
  CPU_mm: 16913.03577039477
  CPU_sse: 72637.794014555475
  CPU_fma: 187998.46406070769
  CPU_avx: 146950.58810887122
  CPU_avx512: 224639.08010903702
  m_CPU_enc_SHA: 142493161327.22971
  m_CPU_enc_AES: 185520047019.79156
  m_CPU_enc_ECDSA: 93519312011.389847
  ME_ALLOC_S: 28355.811622329329
  ME_READ_S: 30248.486914062501
  ME_READ_L: 20134.16015625
  ME_WRITE: 8442.4091796875
  ME_LARGE: 503551.75
  ME_LATENCY: 76.528735150240607
  ME_THREADED: 559865.923828125
  SUMM_CPU: 123481.89612634169
  SUMM_ME: 2548.7870607258697
SystemInformation:
  OSName: Ubuntu 24.04.4 LTS
  Kernel: 6.17.0-1018-azure
  Device: ""
  Processor: Intel(R) Xeon(R) 6973P-C
  NumSockets: 2
  Manufacturer: GenuineIntel
  NumCores: 64
  NumLogicals: 128
  CPUFrequency: 2600
  CPUMaxFrequency: 2600
  Memory: 515934
  CPUInfo:
    number: 2
    Family: 6
    Model: 13
    stepping: 1
    features: 529267711
    manufacture: GenuineIntel
    typestring: Intel(R) Xeon(R) 6973P-C
    iCoresPerPackage: 32
    iThreadsPerPackage: 2
    featuresEx:
      - 529267711
      - 4294586915
      - 739248128
    bHybrid: false
    nPCore: 0
    nLogicalsPerPCore: 0
    nECore: 0
    nLogicalsPerECore: 0
  MemModuleInfo:
    iNumMemSticks: 6
    DIMM 1:
      manufacturer: Microsoft Corporation
      modulePartNo: None
      memType: Unknown
      size: 1
      clkspeed: 0
      moduleVoltage: 0
    DIMM 2:
      manufacturer: Microsoft Corporation
      modulePartNo: None
      memType: Unknown
      size: 59
      clkspeed: 0
      moduleVoltage: 0
    DIMM 3:
      manufacturer: Microsoft Corporation
      modulePartNo: None
      memType: Unknown
      size: 68
      clkspeed: 0
      moduleVoltage: 0
    DIMM 4:
      manufacturer: Microsoft Corporation
      modulePartNo: None
      memType: Unknown
      size: 128
      clkspeed: 0
      moduleVoltage: 0
    DIMM 5:
      manufacturer: Microsoft Corporation
      modulePartNo: None
      memType: Unknown
      size: 128
      clkspeed: 0
      moduleVoltage: 0
    DIMM 6:
      manufacturer: Microsoft Corporation
      modulePartNo: None
      memType: Unknown
      size: 128
      clkspeed: 0
      moduleVoltage: 0
Checksum: 1630441CC08A25EB3CC4DB324D1D2559B56D0B97