BaselineInfo:
  WebDBID: -1
  TimeStamp: 20241108041923
Version:
  Major: 11
  Minor: 0
  Build: 1002
  SpecialBuildName: ""
  ptArchitecture: aarch64_linux
Results:
  Results Complete: true
  NumTestProcesses: 4
  CPU_INTEGER_MATH: 15753.527333333335
  CPU_FLOATINGPOINT_MATH: 11957.454535495457
  CPU_PRIME: 33.442622375897315
  CPU_SORTING: 11391.671386403727
  CPU_ENCRYPTION: 541.46429269968121
  CPU_COMPRESSION: 18585.171994617285
  CPU_SINGLETHREAD: 1109.6953743783872
  CPU_PHYSICS: 677.13779665332777
  CPU_MATRIX_MULT_SSE: 2483.6751534255736
  CPU_mm: 416.32853125777245
  CPU_sse: 2074.9067248941392
  CPU_fma: 2892.4435819570076
  CPU_avx: 0
  CPU_avx512: 0
  m_CPU_enc_SHA: 807015186.73045743
  m_CPU_enc_AES: 375288684.54056013
  m_CPU_enc_ECDSA: 520995515.27456522
  ME_ALLOC_S: 2615.5314687657819
  ME_READ_S: 9483.6644531250004
  ME_READ_L: 9207.8857421875
  ME_WRITE: 12541.33203125
  ME_LARGE: 13688
  ME_LATENCY: 71.526713938968953
  ME_THREADED: 36441.3095703125
  SUMM_CPU: 2699.2439626408568
  SUMM_ME: 1634.6993287533787
SystemInformation:
  OSName: Ubuntu 24.04.1 LTS
  Kernel: 6.8.0-1016-aws
  Device: ""
  Processor: ARM Neoverse-N1 4 Core 0 MHz
  NumSockets: 1
  Manufacturer: ARM
  NumCores: 4
  NumLogicals: 4
  CPUFrequency: 0
  Memory: 23572
Checksum: 1CDFB87EAD3DEBE7077B46323969D8EE704C47C6