BaselineInfo:
  WebDBID: -1
  TimeStamp: 20251219104230
Version:
  Major: 11
  Minor: 0
  Build: 1002
  SpecialBuildName: ""
  ptArchitecture: x86_64_linux
Results:
  Results Complete: true
  NumTestProcesses: 32
  CPU_INTEGER_MATH: 91316.12933333336
  CPU_FLOATINGPOINT_MATH: 58069.255085135366
  CPU_PRIME: 135.10533581079054
  CPU_SORTING: 48775.906742383973
  CPU_ENCRYPTION: 12042.610363517419
  CPU_COMPRESSION: 429254.84175442444
  CPU_SINGLETHREAD: 1838.0409166423326
  CPU_PHYSICS: 1914.5550930402344
  CPU_MATRIX_MULT_SSE: 25607.750588772644
  CPU_mm: 3324.0723021388762
  CPU_sse: 12156.272754011685
  CPU_fma: 37742.959422055879
  CPU_avx: 26258.76316472805
  CPU_avx512: 26273.007014294981
  m_CPU_enc_SHA: 5373842628.159688
  m_CPU_enc_AES: 27776296671.821007
  m_CPU_enc_ECDSA: 4732637313.6262112
  ME_ALLOC_S: 12685.340069427326
  ME_READ_S: 22473.264843749999
  ME_READ_L: 9777.451171875
  ME_WRITE: 9679.70703125
  ME_LARGE: 157591
  ME_LATENCY: 59.10648600695481
  ME_THREADED: 80882.6103515625
  SUMM_CPU: 26181.894106052918
  SUMM_ME: 2415.559615241174
SystemInformation:
  OSName: Ubuntu 24.04.2 LTS
  Kernel: 6.8.0-86-generic
  Device: ""
  Processor: Intel Xeon Silver 4214 CPU @ 2.20GHz
  NumSockets: 32
  Manufacturer: GenuineIntel
  NumCores: 32
  NumLogicals: 32
  CPUFrequency: 0
  Memory: 176873
  MemModuleInfo:
    iNumMemSticks: 1
    DIMM 1:
      manufacturer: QEMU
      modulePartNo: Not Specified
      memType: RAM
      size: 180000
      clkspeed: 0
      moduleVoltage: 0
Checksum: 6955D5E00BE814FF0EA7630CCFDCABF569B6ED47