BaselineInfo:
  WebDBID: -1
  TimeStamp: 20251208115747
Version:
  Major: 11
  Minor: 0
  Build: 1002
  SpecialBuildName: ""
  ptArchitecture: x86_64_linux
Results:
  Results Complete: true
  NumTestProcesses: 4
  CPU_INTEGER_MATH: 24083.91
  CPU_FLOATINGPOINT_MATH: 22048.031213964146
  CPU_PRIME: 76.837351014167268
  CPU_SORTING: 15404.020571599509
  CPU_ENCRYPTION: 5201.1187887997112
  CPU_COMPRESSION: 104229.57802030056
  CPU_SINGLETHREAD: 2940.3356257750224
  CPU_PHYSICS: 1404.2892588736433
  CPU_MATRIX_MULT_SSE: 9593.3031241438639
  CPU_mm: 1030.6123894418879
  CPU_sse: 4724.298452711555
  CPU_fma: 13557.407539366657
  CPU_avx: 10498.20338035338
  CPU_avx512: 0
  m_CPU_enc_SHA: 7175550551.7708092
  m_CPU_enc_AES: 4566062332.6313934
  m_CPU_enc_ECDSA: 4619692120.8511381
  ME_ALLOC_S: 4286.7927539684415
  ME_READ_S: 27725.584179687499
  ME_READ_L: 25090.595703125
  ME_WRITE: 24024.34375
  ME_LARGE: 3898
  ME_LATENCY: 68.25960489710441
  ME_THREADED: 99309.1875
  SUMM_CPU: 10640.612431310699
  SUMM_ME: 2330.2386240022574
SystemInformation:
  OSName: Ubuntu 24.04.2 LTS
  Kernel: 6.8.0-86-generic
  Device: ""
  Processor: AMD EPYC-Milan Processor
  NumSockets: 4
  Manufacturer: AuthenticAMD
  NumCores: 4
  NumLogicals: 4
  CPUFrequency: 0
  Memory: 15615
  MemModuleInfo:
    iNumMemSticks: 1
    DIMM 1:
      manufacturer: QEMU
      modulePartNo: Not Specified
      memType: RAM
      size: 16000
      clkspeed: 0
      moduleVoltage: 0
Checksum: 80C1DAFE4444409BA56CC1536A66BBA25C37873D