---
system-info:
      stress-ng-version: 0.17.08
      run-by: root
      date-yyyy-mm-dd: 2024:09:19
      time-hh-mm-ss: 11:45:38
      epoch-secs: 1726746338
      hostname: sc-runner
      sysname: Linux
      nodename: sc-runner
      release: 6.8.0-1014-azure
      version: '#16-Ubuntu SMP Thu Aug 15 20:04:41 UTC 2024'
      machine: x86_64
      compiler: 'musl-gcc 13.2.1'
      uptime: 284
      totalram: 168786034688
      freeram: 158145196032
      sharedram: 55066624
      bufferram: 274087936
      totalswap: 0
      freeswap: 0
      pagesize: 4096
      cpus: 20
      cpus-online: 20
      ticks-per-second: 100

metrics:
    - stressor: cpu
      bogo-ops: 388323
      bogo-ops-per-second-usr-sys-time: 971.571714
      bogo-ops-per-second-real-time: 19416.068967
      wall-clock-time: 20.000083
      user-time: 399.655381
      system-time: 0.029989
      cpu-usage-per-instance: 99.920925
      max-rss: 3188

...
