---
system-info:
      stress-ng-version: 0.17.08
      run-by: root
      date-yyyy-mm-dd: 2024:09:03
      time-hh-mm-ss: 06:50:50
      epoch-secs: 1725346250
      hostname: sc-runner
      sysname: Linux
      nodename: sc-runner
      release: 6.8.0-1013-azure
      version: '#15-Ubuntu SMP Thu Aug  8 18:40:40 UTC 2024'
      machine: x86_64
      compiler: 'musl-gcc 13.2.1'
      uptime: 407
      totalram: 29425176576
      freeram: 20934754304
      sharedram: 42029056
      bufferram: 211726336
      totalswap: 0
      freeswap: 0
      pagesize: 4096
      cpus: 2
      cpus-online: 2
      ticks-per-second: 100

metrics:
    - stressor: cpu
      bogo-ops: 20870
      bogo-ops-per-second-usr-sys-time: 1043.538246
      bogo-ops-per-second-real-time: 1043.497151
      wall-clock-time: 20.000055
      user-time: 19.998268
      system-time: 0.000999
      cpu-usage-per-instance: 99.996062
      max-rss: 3256

...
