BaselineInfo:
  WebDBID: -1
  TimeStamp: 20260714093345
Version:
  Major: 11
  Minor: 0
  Build: 1004
  SpecialBuildName: ""
  ptArchitecture: x86_64_linux
Results:
  Results Complete: true
  NumTestProcesses: 96
  CPU_INTEGER_MATH: 469020.58033333323
  CPU_FLOATINGPOINT_MATH: 332950.35546897864
  CPU_PRIME: 950.85517875792561
  CPU_SORTING: 228076.08086740455
  CPU_ENCRYPTION: 103380.24873939304
  CPU_COMPRESSION: 1673508.1167923457
  CPU_SINGLETHREAD: 3251.8982329531555
  CPU_PHYSICS: 19568.225731378167
  CPU_MATRIX_MULT_SSE: 137555.26806904719
  CPU_mm: 13277.689320333968
  CPU_sse: 56967.23375420479
  CPU_fma: 151876.76553080158
  CPU_avx: 114578.10620473989
  CPU_avx512: 226798.96678644244
  m_CPU_enc_SHA: 109000887865.347
  m_CPU_enc_AES: 141694797008.86932
  m_CPU_enc_ECDSA: 74510458232.256989
  ME_ALLOC_S: 37422.57826705341
  ME_READ_S: 29219.629296874999
  ME_READ_L: 10617.482421875
  ME_WRITE: 9883.8466796875
  ME_LARGE: 1832545.1666666667
  ME_LATENCY: 58.411247500276552
  ME_THREADED: 486127.96337890625
  SUMM_CPU: 103610.39978400231
  SUMM_ME: 2711.9676530047936
SystemInformation:
  OSName: Ubuntu 24.04.4 LTS
  Kernel: 6.17.0-1020-azure
  Device: ""
  Processor: INTEL(R) XEON(R) PLATINUM 8573C
  NumSockets: 2
  Manufacturer: GenuineIntel
  NumCores: 48
  NumLogicals: 96
  CPUFrequency: 2300
  CPUMaxFrequency: 2300
  Memory: 1846504
  CPUInfo:
    number: 2
    Family: 6
    Model: 15
    stepping: 2
    features: 529267711
    manufacture: GenuineIntel
    typestring: INTEL(R) XEON(R) PLATINUM 8573C
    iCoresPerPackage: 32
    iThreadsPerPackage: 2
    featuresEx:
      - 529267711
      - 4294586915
      - 739248128
    bHybrid: false
    nPCore: 0
    nLogicalsPerPCore: 0
    nECore: 0
    nLogicalsPerECore: 0
  MemModuleInfo:
    iNumMemSticks: 4
    DIMM 1:
      manufacturer: Microsoft Corporation
      modulePartNo: None
      memType: Unknown
      size: 1
      clkspeed: 0
      moduleVoltage: 0
    DIMM 2:
      manufacturer: Microsoft Corporation
      modulePartNo: None
      memType: Unknown
      size: 59
      clkspeed: 0
      moduleVoltage: 0
    DIMM 3:
      manufacturer: Microsoft Corporation
      modulePartNo: None
      memType: Unknown
      size: 856
      clkspeed: 0
      moduleVoltage: 0
    DIMM 4:
      manufacturer: Microsoft Corporation
      modulePartNo: None
      memType: Unknown
      size: 916
      clkspeed: 0
      moduleVoltage: 0
Checksum: F16177AA7EC850A7DBD7B6EC01A8E347017D49C7