---
system-info:
      stress-ng-version: 0.17.08
      run-by: root
      date-yyyy-mm-dd: 2024:07:02
      time-hh-mm-ss: 09:51:12
      epoch-secs: 1719913872
      hostname: c3d-highcpu-30-21f6256
      sysname: Linux
      nodename: c3d-highcpu-30-21f6256
      release: 6.8.0-1009-gcp
      version: '#10-Ubuntu SMP Wed Jun 12 18:52:23 UTC 2024'
      machine: x86_64
      compiler: 'musl-gcc 13.2.1'
      uptime: 138
      totalram: 62132047872
      freeram: 56831504384
      sharedram: 35057664
      bufferram: 127488000
      totalswap: 0
      freeswap: 0
      pagesize: 4096
      cpus: 30
      cpus-online: 30
      ticks-per-second: 100

metrics:
    - stressor: cpu
      bogo-ops: 56223
      bogo-ops-per-second-usr-sys-time: 2811.244036
      bogo-ops-per-second-real-time: 2811.141723
      wall-clock-time: 20.000059
      user-time: 19.999331
      system-time: 0.000000
      cpu-usage-per-instance: 99.996361
      max-rss: 972

...
