---
system-info:
      stress-ng-version: 0.17.08
      run-by: root
      date-yyyy-mm-dd: 2024:06:28
      time-hh-mm-ss: 15:51:57
      epoch-secs: 1719589917
      hostname: c3-standard-176-18593e1
      sysname: Linux
      nodename: c3-standard-176-18593e1
      release: 6.8.0-1009-gcp
      version: '#10-Ubuntu SMP Wed Jun 12 18:52:23 UTC 2024'
      machine: x86_64
      compiler: 'musl-gcc 13.2.1'
      uptime: 148
      totalram: 743916142592
      freeram: 736653504512
      sharedram: 442519552
      bufferram: 132448256
      totalswap: 0
      freeswap: 0
      pagesize: 4096
      cpus: 176
      cpus-online: 176
      ticks-per-second: 100

metrics:
    - stressor: cpu
      bogo-ops: 32483
      bogo-ops-per-second-usr-sys-time: 1624.261506
      bogo-ops-per-second-real-time: 1624.147560
      wall-clock-time: 20.000030
      user-time: 19.998627
      system-time: 0.000000
      cpu-usage-per-instance: 99.992985
      max-rss: 0

...
