BaselineInfo:
  WebDBID: -1
  TimeStamp: 20241107235825
Version:
  Major: 11
  Minor: 0
  Build: 1002
  SpecialBuildName: ""
  ptArchitecture: x86_64_linux
Results:
  Results Complete: true
  NumTestProcesses: 8
  CPU_INTEGER_MATH: 21942.431666666664
  CPU_FLOATINGPOINT_MATH: 11782.201412737104
  CPU_PRIME: 47.820983043623478
  CPU_SORTING: 11645.594481108787
  CPU_ENCRYPTION: 3027.8171009829484
  CPU_COMPRESSION: 98861.370176389071
  CPU_SINGLETHREAD: 1781.8925672837963
  CPU_PHYSICS: 850.16012844579257
  CPU_MATRIX_MULT_SSE: 6786.1094844259187
  CPU_mm: 667.04877225462405
  CPU_sse: 2379.5848929976542
  CPU_fma: 8157.2323406902269
  CPU_avx: 5763.4761476098993
  CPU_avx512: 10844.144556405896
  m_CPU_enc_SHA: 992968492.95029736
  m_CPU_enc_AES: 7643901082.222537
  m_CPU_enc_ECDSA: 887819458.26805604
  ME_ALLOC_S: 2668.4940523748351
  ME_READ_S: 21695.879101562499
  ME_READ_L: 10040.27734375
  ME_WRITE: 9043.5986328125
  ME_LARGE: 54261.75
  ME_LATENCY: 53.415785050761052
  ME_THREADED: 41230.70947265625
  SUMM_CPU: 7620.1807861089756
  SUMM_ME: 2294.3582803119234
SystemInformation:
  OSName: Ubuntu 24.04.1 LTS
  Kernel: 6.8.0-1017-azure
  Device: ""
  Processor: Intel Xeon Platinum 8272CL CPU @ 2.60GHz
  NumSockets: 1
  Manufacturer: GenuineIntel
  NumCores: 4
  NumLogicals: 8
  CPUFrequency: 0
  Memory: 64299
  MemModuleInfo:
    iNumMemSticks: 3
    DIMM 1:
      manufacturer: Microsoft Corporation
      modulePartNo: None
      memType: Unknown
      size: 1
      clkspeed: 0
      moduleVoltage: 0
    DIMM 2:
      manufacturer: Microsoft Corporation
      modulePartNo: None
      memType: Unknown
      size: 60928
      clkspeed: 0
      moduleVoltage: 0
    DIMM 3:
      manufacturer: Microsoft Corporation
      modulePartNo: None
      memType: Unknown
      size: 3584
      clkspeed: 0
      moduleVoltage: 0
Checksum: CF4BCC8486BD94DB2DA75AA0B9B93016754CE937