BaselineInfo:
  WebDBID: -1
  TimeStamp: 20260404142657
Version:
  Major: 11
  Minor: 0
  Build: 1004
  SpecialBuildName: ""
  ptArchitecture: x86_64_linux
Results:
  Results Complete: true
  NumTestProcesses: 8
  CPU_INTEGER_MATH: 24149.230000000003
  CPU_FLOATINGPOINT_MATH: 12927.129241754586
  CPU_PRIME: 41.181951186117459
  CPU_SORTING: 14854.68486440603
  CPU_ENCRYPTION: 3329.6962709226541
  CPU_COMPRESSION: 113344.75898795792
  CPU_SINGLETHREAD: 2057.7449157030951
  CPU_PHYSICS: 711.69116957588051
  CPU_MATRIX_MULT_SSE: 6463.649664950125
  CPU_mm: 733.82034112252529
  CPU_sse: 2594.7084180071338
  CPU_fma: 8405.5874699533961
  CPU_avx: 5940.0765702058306
  CPU_avx512: 8914.2262016341429
  m_CPU_enc_SHA: 1089681979.5213413
  m_CPU_enc_AES: 8395184387.9515114
  m_CPU_enc_ECDSA: 989452423.46412635
  ME_ALLOC_S: 2422.3745467030658
  ME_READ_S: 23641.242382812499
  ME_READ_L: 6704.81787109375
  ME_WRITE: 7346.09765625
  ME_LARGE: 3686.25
  ME_LATENCY: 77.35281311624361
  ME_THREADED: 35833.66162109375
  SUMM_CPU: 8280.792402415098
  SUMM_ME: 1558.9457362872056
SystemInformation:
  OSName: Ubuntu 24.04.4 LTS
  Kernel: 6.8.0-106-generic
  Device: ""
  Processor: Intel(R) Xeon(R) Gold 6149 CPU @ 3.10GHz
  NumSockets: 1
  Manufacturer: GenuineIntel
  NumCores: 4
  NumLogicals: 8
  CPUFrequency: 3100
  CPUMaxFrequency: 3400
  Memory: 15607
  CPUInfo:
    number: 1
    Family: 6
    Model: 5
    stepping: 4
    features: 529267711
    manufacture: GenuineIntel
    typestring: Intel(R) Xeon(R) Gold 6149 CPU @ 3.10GHz
    iCoresPerPackage: 4
    iThreadsPerPackage: 2
    featuresEx:
      - 529267711
      - 4294586883
      - 739248128
    bHybrid: false
    nPCore: 0
    nLogicalsPerPCore: 0
    nECore: 0
    nLogicalsPerECore: 0
  MemModuleInfo:
    iNumMemSticks: 1
    DIMM 1:
      manufacturer: Alibaba Cloud
      modulePartNo: Not Specified
      memType: RAM
      size: 16
      clkspeed: 0
      moduleVoltage: 0
Checksum: 0FCF036BFF7A9F000BCEF76BC4DF320469B69205