---
system-info:
      stress-ng-version: 0.17.08
      run-by: root
      date-yyyy-mm-dd: 2024:06:21
      time-hh-mm-ss: 01:49:07
      epoch-secs: 1718934547
      hostname: 7e31beb3a37c
      sysname: Linux
      nodename: 7e31beb3a37c
      release: 6.8.0-1008-gcp
      version: '#9-Ubuntu SMP Wed May 22 18:09:04 UTC 2024'
      machine: x86_64
      compiler: 'musl-gcc 13.2.1'
      uptime: 212
      totalram: 13597184000
      freeram: 8648728576
      sharedram: 48599040
      bufferram: 135475200
      totalswap: 0
      freeswap: 0
      pagesize: 4096
      cpus: 2
      cpus-online: 2
      ticks-per-second: 100

metrics:
    - stressor: cpu
      bogo-ops: 22120
      bogo-ops-per-second-usr-sys-time: 1106.096618
      bogo-ops-per-second-real-time: 1105.993091
      wall-clock-time: 20.000125
      user-time: 19.995254
      system-time: 0.002999
      cpu-usage-per-instance: 99.990640
      max-rss: 1104

...
