---
system-info:
      stress-ng-version: 0.17.08
      run-by: root
      date-yyyy-mm-dd: 2024:09:18
      time-hh-mm-ss: 20:04:47
      epoch-secs: 1726689887
      hostname: ip-172-31-23-241
      sysname: Linux
      nodename: ip-172-31-23-241
      release: 6.8.0-1014-aws
      version: '#15-Ubuntu SMP Thu Aug  8 20:05:03 UTC 2024'
      machine: aarch64
      compiler: 'musl-gcc 13.2.1'
      uptime: 171
      totalram: 66201886720
      freeram: 56174673920
      sharedram: 39260160
      bufferram: 244109312
      totalswap: 0
      freeswap: 0
      pagesize: 4096
      cpus: 4
      cpus-online: 4
      ticks-per-second: 100

metrics:
    - stressor: cpu
      bogo-ops: 136367
      bogo-ops-per-second-usr-sys-time: 1707.245682
      bogo-ops-per-second-real-time: 6818.333073
      wall-clock-time: 20.000050
      user-time: 79.874441
      system-time: 0.000999
      cpu-usage-per-instance: 99.844052
      max-rss: 1192

...
