BaselineInfo:
  WebDBID: -1
  TimeStamp: 20241109233343
Version:
  Major: 11
  Minor: 0
  Build: 1002
  SpecialBuildName: ""
  ptArchitecture: x86_64_linux
Results:
  Results Complete: true
  NumTestProcesses: 48
  CPU_INTEGER_MATH: 136396.18300000002
  CPU_FLOATINGPOINT_MATH: 72996.478800284545
  CPU_PRIME: 174.2540344463105
  CPU_SORTING: 68616.385381863787
  CPU_ENCRYPTION: 18586.489429124562
  CPU_COMPRESSION: 593605.54032557539
  CPU_SINGLETHREAD: 1950.6487453355687
  CPU_PHYSICS: 2547.7522090681555
  CPU_MATRIX_MULT_SSE: 37074.445423326724
  CPU_mm: 4143.3004546737729
  CPU_sse: 14735.446035464876
  CPU_fma: 43976.357592684893
  CPU_avx: 31068.258366736351
  CPU_avx512: 58517.71969842082
  m_CPU_enc_SHA: 6127440539.7693758
  m_CPU_enc_AES: 46861609241.047905
  m_CPU_enc_ECDSA: 5478990438.0838604
  ME_ALLOC_S: 15612.363010427809
  ME_READ_S: 23667.031835937501
  ME_READ_L: 11058.533203125
  ME_WRITE: 10622.1025390625
  ME_LARGE: 371041.75
  ME_LATENCY: 52.45259902360268
  ME_THREADED: 113791.00244140625
  SUMM_CPU: 34713.280309080081
  SUMM_ME: 2705.1340172950827
SystemInformation:
  OSName: Ubuntu 24.04.1 LTS
  Kernel: 6.8.0-1016-aws
  Device: ""
  Processor: Intel Xeon Platinum 8259CL CPU @ 2.50GHz
  NumSockets: 1
  Manufacturer: GenuineIntel
  NumCores: 24
  NumLogicals: 48
  CPUFrequency: 0
  Memory: 382684
  MemModuleInfo:
    iNumMemSticks: 1
    DIMM 1:
      manufacturer: Not Specified
      modulePartNo: Not Specified
      memType: DDR4
      size: 384
      clkspeed: 1600
      moduleVoltage: 0
Checksum: 7AFC732123D6C46A8A2065520A8AD44C7CEA9D7F