BaselineInfo:
  WebDBID: -1
  TimeStamp: 20241107111052
Version:
  Major: 11
  Minor: 0
  Build: 1002
  SpecialBuildName: ""
  ptArchitecture: aarch64_linux
Results:
  Results Complete: true
  NumTestProcesses: 8
  CPU_INTEGER_MATH: 50430.140333333329
  CPU_FLOATINGPOINT_MATH: 42375.554828658329
  CPU_PRIME: 110.01056440635998
  CPU_SORTING: 41082.113800848289
  CPU_ENCRYPTION: 1511.2434928927855
  CPU_COMPRESSION: 54019.035570671236
  CPU_SINGLETHREAD: 1885.4797561554235
  CPU_PHYSICS: 2609.5330482683526
  CPU_MATRIX_MULT_SSE: 7155.0126675454976
  CPU_mm: 1152.2618301594639
  CPU_sse: 6031.1753317930015
  CPU_fma: 8278.8500032979955
  CPU_avx: 0
  CPU_avx512: 0
  m_CPU_enc_SHA: 2240169502.4691257
  m_CPU_enc_AES: 982012726.43328071
  m_CPU_enc_ECDSA: 1531778741.5082295
  ME_ALLOC_S: 9850.0678131225322
  ME_READ_S: 25621.629492187501
  ME_READ_L: 18811.54296875
  ME_WRITE: 25733.478515625
  ME_LARGE: 5976.416666666667
  ME_LATENCY: 54.347695735653986
  ME_THREADED: 144568.0546875
  SUMM_CPU: 7771.7525419981948
  SUMM_ME: 2751.8955718221973
SystemInformation:
  OSName: Ubuntu 24.04.1 LTS
  Kernel: 6.8.0-1017-azure
  Device: ""
  Processor: ARM Neoverse-N2 8 Core 0 MHz
  NumSockets: 1
  Manufacturer: ARM
  NumCores: 8
  NumLogicals: 8
  CPUFrequency: 0
  Memory: 15958
Checksum: 31733C3FFF5D8193F45B3FA9A326DAFF6E7716DB