---
system-info:
      stress-ng-version: 0.17.08
      run-by: root
      date-yyyy-mm-dd: 2024:06:14
      time-hh-mm-ss: 03:22:48
      epoch-secs: 1718335368
      hostname: 93aad8f48d2a
      sysname: Linux
      nodename: 93aad8f48d2a
      release: 6.8.0-1008-aws
      version: '#8-Ubuntu SMP Sat Apr 20 00:46:25 UTC 2024'
      machine: x86_64
      compiler: 'musl-gcc 13.2.1'
      uptime: 116
      totalram: 132258349056
      freeram: 127367835648
      sharedram: 70897664
      bufferram: 106770432
      totalswap: 0
      freeswap: 0
      pagesize: 4096
      cpus: 64
      cpus-online: 64
      ticks-per-second: 100

metrics:
    - stressor: cpu
      bogo-ops: 1911011
      bogo-ops-per-second-usr-sys-time: 1493.480811
      bogo-ops-per-second-real-time: 95550.292522
      wall-clock-time: 20.000054
      user-time: 1279.543520
      system-time: 0.024979
      cpu-usage-per-instance: 99.966020
      max-rss: 512

...
