---
system-info:
      stress-ng-version: 0.17.08
      run-by: root
      date-yyyy-mm-dd: 2024:06:06
      time-hh-mm-ss: 02:31:27
      epoch-secs: 1717641087
      hostname: 01a0c9b94056
      sysname: Linux
      nodename: 01a0c9b94056
      release: 6.8.0-1008-aws
      version: '#8-Ubuntu SMP Sat Apr 20 00:46:25 UTC 2024'
      machine: x86_64
      compiler: 'musl-gcc 13.2.1'
      uptime: 112
      totalram: 132258349056
      freeram: 127491670016
      sharedram: 70897664
      bufferram: 79892480
      totalswap: 0
      freeswap: 0
      pagesize: 4096
      cpus: 64
      cpus-online: 64
      ticks-per-second: 100

metrics:
    - stressor: cpu
      bogo-ops: 826675
      bogo-ops-per-second-usr-sys-time: 1292.399099
      bogo-ops-per-second-real-time: 82654.776110
      wall-clock-time: 10.001539
      user-time: 639.532793
      system-time: 0.110952
      cpu-usage-per-instance: 99.928952
      max-rss: 3584

...
