BaselineInfo:
  WebDBID: -1
  TimeStamp: 20241108095126
Version:
  Major: 11
  Minor: 0
  Build: 1002
  SpecialBuildName: ""
  ptArchitecture: x86_64_linux
Results:
  Results Complete: true
  NumTestProcesses: 16
  CPU_INTEGER_MATH: 67320.803666666674
  CPU_FLOATINGPOINT_MATH: 34419.470599611486
  CPU_PRIME: 135.66217778737115
  CPU_SORTING: 34870.14531529769
  CPU_ENCRYPTION: 14614.015933490242
  CPU_COMPRESSION: 248260.31303587087
  CPU_SINGLETHREAD: 2430.5429645753989
  CPU_PHYSICS: 2202.4062940884523
  CPU_MATRIX_MULT_SSE: 14110.826506432799
  CPU_mm: 1448.5996840538528
  CPU_sse: 6383.3813625673838
  CPU_fma: 17533.398205346904
  CPU_avx: 12946.208174911206
  CPU_avx512: 19580.3182829057
  m_CPU_enc_SHA: 14773252645.553194
  m_CPU_enc_AES: 22241746485.114395
  m_CPU_enc_ECDSA: 8956719983.7588043
  ME_ALLOC_S: 7947.2844744470085
  ME_READ_S: 23482.677148437499
  ME_READ_L: 10938.4755859375
  ME_WRITE: 10250.2900390625
  ME_LARGE: 54015.916666666664
  ME_LATENCY: 54.576212668179288
  ME_THREADED: 89730.84814453125
  SUMM_CPU: 21192.146883046466
  SUMM_ME: 2561.5417683640262
SystemInformation:
  OSName: Ubuntu 24.04.1 LTS
  Kernel: 6.8.0-1017-azure
  Device: ""
  Processor: Intel Xeon Platinum 8370C CPU @ 2.80GHz
  NumSockets: 1
  Manufacturer: GenuineIntel
  NumCores: 8
  NumLogicals: 16
  CPUFrequency: 2800
  Memory: 64296
  MemModuleInfo:
    iNumMemSticks: 3
    DIMM 1:
      manufacturer: Microsoft Corporation
      modulePartNo: None
      memType: Unknown
      size: 1
      clkspeed: 0
      moduleVoltage: 0
    DIMM 2:
      manufacturer: Microsoft Corporation
      modulePartNo: None
      memType: Unknown
      size: 59
      clkspeed: 0
      moduleVoltage: 0
    DIMM 3:
      manufacturer: Microsoft Corporation
      modulePartNo: None
      memType: Unknown
      size: 4
      clkspeed: 0
      moduleVoltage: 0
Checksum: 0800573C2E1111380DB20332FDD6DA328378F98B