---
system-info:
      stress-ng-version: 0.17.08
      run-by: root
      date-yyyy-mm-dd: 2024:06:13
      time-hh-mm-ss: 08:26:06
      epoch-secs: 1718267166
      hostname: aeeb9ab75a8d
      sysname: Linux
      nodename: aeeb9ab75a8d
      release: 6.8.0-1008-aws
      version: '#8-Ubuntu SMP Sat Apr 20 00:46:25 UTC 2024'
      machine: x86_64
      compiler: 'musl-gcc 13.2.1'
      uptime: 163
      totalram: 803068563456
      freeram: 797147611136
      sharedram: 79151104
      bufferram: 106618880
      totalswap: 0
      freeswap: 0
      pagesize: 4096
      cpus: 96
      cpus-online: 96
      ticks-per-second: 100

metrics:
    - stressor: cpu
      bogo-ops: 1621788
      bogo-ops-per-second-usr-sys-time: 845.161148
      bogo-ops-per-second-real-time: 81088.985365
      wall-clock-time: 20.000102
      user-time: 1918.866811
      system-time: 0.042978
      cpu-usage-per-instance: 99.942707
      max-rss: 768

...
