---
system-info:
      stress-ng-version: 0.17.08
      run-by: root
      date-yyyy-mm-dd: 2024:06:07
      time-hh-mm-ss: 11:42:50
      epoch-secs: 1717760570
      hostname: 4cae2c2b6640
      sysname: Linux
      nodename: 4cae2c2b6640
      release: 6.8.0-1008-aws
      version: '#8-Ubuntu SMP Sat Apr 20 00:46:25 UTC 2024'
      machine: x86_64
      compiler: 'musl-gcc 13.2.1'
      uptime: 128
      totalram: 803068559360
      freeram: 797137272832
      sharedram: 79151104
      bufferram: 92332032
      totalswap: 0
      freeswap: 0
      pagesize: 4096
      cpus: 96
      cpus-online: 96
      ticks-per-second: 100

metrics:
    - stressor: cpu
      bogo-ops: 976979
      bogo-ops-per-second-usr-sys-time: 1018.748548
      bogo-ops-per-second-real-time: 97683.649702
      wall-clock-time: 10.001459
      user-time: 958.841225
      system-time: 0.157933
      cpu-usage-per-instance: 99.881175
      max-rss: 3072

...
