BaselineInfo:
  WebDBID: -1
  TimeStamp: 20241108064602
Version:
  Major: 11
  Minor: 0
  Build: 1002
  SpecialBuildName: ""
  ptArchitecture: x86_64_linux
Results:
  Results Complete: true
  NumTestProcesses: 20
  CPU_INTEGER_MATH: 83067.940999999992
  CPU_FLOATINGPOINT_MATH: 45792.31346280063
  CPU_PRIME: 175.67848289101482
  CPU_SORTING: 45280.608705902916
  CPU_ENCRYPTION: 21518.941000346946
  CPU_COMPRESSION: 316982.96390331787
  CPU_SINGLETHREAD: 2391.0417926747259
  CPU_PHYSICS: 3043.5262876137676
  CPU_MATRIX_MULT_SSE: 18650.832129044175
  CPU_mm: 2245.609605836129
  CPU_sse: 9544.3012747243647
  CPU_fma: 26036.845539270311
  CPU_avx: 20371.349573137846
  CPU_avx512: 0
  m_CPU_enc_SHA: 31201051499.256706
  m_CPU_enc_AES: 19953426468.553272
  m_CPU_enc_ECDSA: 16538257267.329411
  ME_ALLOC_S: 8804.5792867519231
  ME_READ_S: 24446.166015625
  ME_READ_L: 20223.5859375
  ME_WRITE: 19290.224609375
  ME_LARGE: 150623.83333333334
  ME_LATENCY: 63.317501725013585
  ME_THREADED: 74555.231689453125
  SUMM_CPU: 26788.446489085018
  SUMM_ME: 2832.7073800998633
SystemInformation:
  OSName: Ubuntu 24.04.1 LTS
  Kernel: 6.8.0-1017-azure
  Device: ""
  Processor: AMD EPYC 7763 64-Core Processor
  NumSockets: 2
  Manufacturer: AuthenticAMD
  NumCores: 10
  NumLogicals: 20
  CPUFrequency: 0
  Memory: 161159
  MemModuleInfo:
    iNumMemSticks: 4
    DIMM 1:
      manufacturer: Microsoft Corporation
      modulePartNo: None
      memType: Unknown
      size: 1
      clkspeed: 0
      moduleVoltage: 0
    DIMM 2:
      manufacturer: Microsoft Corporation
      modulePartNo: None
      memType: Unknown
      size: 59
      clkspeed: 0
      moduleVoltage: 0
    DIMM 3:
      manufacturer: Microsoft Corporation
      modulePartNo: None
      memType: Unknown
      size: 20
      clkspeed: 0
      moduleVoltage: 0
    DIMM 4:
      manufacturer: Microsoft Corporation
      modulePartNo: None
      memType: Unknown
      size: 80
      clkspeed: 0
      moduleVoltage: 0
Checksum: 1B23CD633A661E6B3041977BD9B24C9418CCFA5D