BaselineInfo:
  WebDBID: -1
  TimeStamp: 20241107082327
Version:
  Major: 11
  Minor: 0
  Build: 1002
  SpecialBuildName: ""
  ptArchitecture: x86_64_linux
Results:
  Results Complete: true
  NumTestProcesses: 2
  CPU_INTEGER_MATH: 5442.0079999999998
  CPU_FLOATINGPOINT_MATH: 2927.8497267652956
  CPU_PRIME: 12.578952683676304
  CPU_SORTING: 2904.0529607661983
  CPU_ENCRYPTION: 748.71310967932789
  CPU_COMPRESSION: 23508.897607483425
  CPU_SINGLETHREAD: 1705.4323528768173
  CPU_PHYSICS: 259.64740696204348
  CPU_MATRIX_MULT_SSE: 1641.793243295004
  CPU_mm: 165.78684808224864
  CPU_sse: 599.01828602106741
  CPU_fma: 2023.9409841022705
  CPU_avx: 1429.9783654013875
  CPU_avx512: 2514.2353376552906
  m_CPU_enc_SHA: 246558772.09789973
  m_CPU_enc_AES: 1890356404.2815294
  m_CPU_enc_ECDSA: 218332616.70590383
  ME_ALLOC_S: 634.33040168552714
  ME_READ_S: 21360.3603515625
  ME_READ_L: 9919.9765625
  ME_WRITE: 8172.25048828125
  ME_LARGE: 6080
  ME_LATENCY: 57.772007834288644
  ME_THREADED: 10399.6455078125
  SUMM_CPU: 1975.5800371600048
  SUMM_ME: 1528.6656235320077
SystemInformation:
  OSName: Ubuntu 24.04.1 LTS
  Kernel: 6.8.0-1017-azure
  Device: ""
  Processor: Intel Xeon Platinum 8272CL CPU @ 2.60GHz
  NumSockets: 1
  Manufacturer: GenuineIntel
  NumCores: 1
  NumLogicals: 2
  CPUFrequency: 0
  Memory: 15990
  MemModuleInfo:
    iNumMemSticks: 2
    DIMM 1:
      manufacturer: Microsoft Corporation
      modulePartNo: None
      memType: Unknown
      size: 1
      clkspeed: 0
      moduleVoltage: 0
    DIMM 2:
      manufacturer: Microsoft Corporation
      modulePartNo: None
      memType: Unknown
      size: 15
      clkspeed: 0
      moduleVoltage: 0
Checksum: D22F8B6A3C4911B6E322D73BAABD92970A58DE3C