BaselineInfo:
  WebDBID: -1
  TimeStamp: 20260619213759
Version:
  Major: 11
  Minor: 0
  Build: 1004
  SpecialBuildName: ""
  ptArchitecture: x86_64_linux
Results:
  Results Complete: true
  NumTestProcesses: 2
  CPU_INTEGER_MATH: 14282.833333333332
  CPU_FLOATINGPOINT_MATH: 14245.333972510181
  CPU_PRIME: 53.624611841315058
  CPU_SORTING: 8399.3502783301738
  CPU_ENCRYPTION: 2942.1521219306915
  CPU_COMPRESSION: 62411.398006541946
  CPU_SINGLETHREAD: 3556.5740845367363
  CPU_PHYSICS: 917.64227711716012
  CPU_MATRIX_MULT_SSE: 5385.3765088860464
  CPU_mm: 674.48788575648473
  CPU_sse: 2071.347187625373
  CPU_fma: 8149.8064626883342
  CPU_avx: 4146.0482461930078
  CPU_avx512: 7174.3041390374692
  m_CPU_enc_SHA: 4112163426.7125759
  m_CPU_enc_AES: 2522463507.9581761
  m_CPU_enc_ECDSA: 2620583375.5460396
  ME_ALLOC_S: 2605.7412925936769
  ME_READ_S: 31853.5810546875
  ME_READ_L: 28151.5703125
  ME_WRITE: 29830.939453125
  ME_LARGE: 56033
  ME_LATENCY: 84.257301945254511
  ME_THREADED: 46283.19140625
  SUMM_CPU: 6444.7730981152536
  SUMM_ME: 2470.6579747664
SystemInformation:
  OSName: Ubuntu 24.04.4 LTS
  Kernel: 6.17.0-1018-azure
  Device: ""
  Processor: "AMD EPYC 9V45 96-Core Processor                "
  NumSockets: 1
  Manufacturer: AuthenticAMD
  NumCores: 2
  NumLogicals: 2
  CPUFrequency: 0
  CPUMaxFrequency: 0
  Memory: 64302
  CPUInfo:
    number: 1
    Family: 15
    Model: 2
    stepping: 1
    features: 395049983
    manufacture: AuthenticAMD
    typestring: "AMD EPYC 9V45 96-Core Processor                "
    iCoresPerPackage: 8
    iThreadsPerPackage: 1
    featuresEx:
      - 395049983
      - 4277809667
      - 802421759
    bHybrid: false
    nPCore: 0
    nLogicalsPerPCore: 0
    nECore: 0
    nLogicalsPerECore: 0
  MemModuleInfo:
    iNumMemSticks: 3
    DIMM 1:
      manufacturer: Microsoft Corporation
      modulePartNo: None
      memType: Unknown
      size: 1
      clkspeed: 0
      moduleVoltage: 0
    DIMM 2:
      manufacturer: Microsoft Corporation
      modulePartNo: None
      memType: Unknown
      size: 59
      clkspeed: 0
      moduleVoltage: 0
    DIMM 3:
      manufacturer: Microsoft Corporation
      modulePartNo: None
      memType: Unknown
      size: 4
      clkspeed: 0
      moduleVoltage: 0
Checksum: 4CEE41F8ADC9E81EF4B24AA356C0962BBDA536B6