"size","threads","connections","rps","latency","failed","server_usr","server_sys","client_usr","client_sys"
"1k",4,4,188200,0.002140000,0,7.46,13.48,3.42,15.01
"1k",4,8,230009,0.000136610,0,5.98,13.67,2.87,15.14
"1k",4,16,224168,0.000080640,0,5.64,14.32,2.54,15.59
"1k",4,32,248582,0.000279390,0,5.11,14.57,2.40,15.96
"1k",4,64,345054,0.000622230,0,6.59,13.06,3.20,15.19
"1k",4,128,393440,0.000661450,0,6.84,13.22,3.19,15.60
"1k",8,8,229769,0.000042490,0,5.17,14.83,2.94,16.77
"1k",8,16,205387,0.000468840,0,4.62,14.98,2.77,17.49
"1k",8,32,245274,0.000182610,0,4.40,15.05,2.80,17.83
"1k",8,64,242978,0.000432870,0,4.33,15.00,2.63,17.87
"1k",8,128,248114,0.001310000,0,4.85,14.76,2.74,17.55
"1k",16,16,257197,0.000070620,0,5.17,14.35,3.34,17.24
"1k",16,32,199307,0.000240580,0,3.80,14.99,2.81,18.38
"1k",16,64,197171,0.000786220,0,3.79,14.88,2.64,18.46
"1k",16,128,193384,0.001190000,0,4.02,15.07,2.60,18.29
"16k",4,4,233768,0.000019430,0,6.34,12.98,3.56,15.63
"16k",4,8,222008,0.000035790,0,5.95,12.88,2.91,15.12
"16k",4,16,132740,0.002770000,0,5.25,12.71,2.65,14.72
"16k",4,32,213673,0.000270090,0,5.66,13.48,2.69,16.06
"16k",4,64,231996,0.000580890,0,5.29,14.01,2.41,16.49
"16k",4,128,209886,0.000890000,0,5.49,14.00,2.31,16.65
"16k",8,8,120591,0.002740000,0,5.44,13.09,2.99,15.53
"16k",8,16,71708,0.008470000,0,5.00,12.64,2.69,15.21
"16k",8,32,45491,0.015980000,0,5.03,12.55,2.77,14.72
"16k",8,64,42729,0.017390000,0,5.51,13.52,2.60,14.48
"16k",8,128,65771,0.017760000,0,5.83,13.47,2.48,14.06
"16k",16,16,66776,0.011530000,0,5.12,12.66,3.01,15.28
"16k",16,32,185814,0.000277020,0,4.21,14.12,3.22,18.30
"16k",16,64,185085,0.000512130,0,3.88,14.55,2.98,18.67
"16k",16,128,283377,0.000618080,0,5.64,12.57,3.83,17.77
"64k",4,4,123200,0.000696230,0,5.03,14.19,3.12,16.34
"64k",4,8,40363,0.005570000,0,4.71,12.41,2.38,14.95
"64k",4,16,27456,0.007910000,0,4.76,12.10,2.01,13.90
"64k",4,32,20090,0.010460000,0,5.42,12.72,1.86,14.51
"64k",4,64,17292,0.018460000,0,6.21,13.08,1.70,13.82
"64k",4,128,16138,0.020490000,0,6.95,13.64,1.34,13.66
"64k",8,8,25141,0.007640000,0,4.26,10.72,2.19,13.28
"64k",8,16,37147,0.009970000,0,4.87,13.11,2.43,15.13
"64k",8,32,101498,0.000361560,0,3.08,15.88,2.28,18.70
"64k",8,64,111625,0.000713460,0,3.74,15.62,2.30,18.18
"64k",8,128,102465,0.003400000,0,4.73,15.24,2.12,17.54
"64k",16,16,62232,0.004610000,0,4.87,13.54,2.82,15.73
"64k",16,32,37739,0.010230000,0,5.60,14.25,2.43,14.92
"64k",16,64,41780,0.010140000,0,5.93,14.62,2.24,14.42
"64k",16,128,31198,0.016540000,0,6.85,14.88,1.84,13.63
"256k",4,4,36781,0.002310000,0,5.59,13.12,2.55,15.16
"256k",4,8,13982,0.007680000,0,5.83,13.46,1.95,13.54
"256k",4,16,16172,0.009610000,0,5.36,13.96,1.63,13.50
"256k",4,32,16091,0.009240000,0,5.85,14.39,1.39,13.80
"256k",4,64,6139,0.022640000,0,7.66,13.82,1.02,13.01
"256k",8,8,19448,0.007800000,0,5.62,13.55,2.16,13.99
"256k",8,16,30818,0.004750000,0,4.74,15.41,2.04,15.21
"256k",8,32,37344,0.000990000,0,3.27,17.41,1.85,17.26
"256k",8,64,37661,0.001730000,0,4.82,16.61,1.87,16.53
"256k",16,16,37090,0.001260000,0,3.81,16.33,2.36,16.99
"256k",16,32,10272,0.014070000,0,7.07,14.94,1.73,13.31
"256k",16,64,7242,0.023430000,0,8.61,15.06,1.54,12.13
"512k",4,4,12924,0.004020000,0,6.04,15.84,2.20,12.69
"512k",4,8,14571,0.004960000,0,5.26,15.61,1.88,13.18
"512k",4,16,22130,0.000801270,0,3.96,16.36,1.86,14.99
"512k",4,32,19528,0.001580000,0,4.32,17.28,1.63,15.44
"512k",4,64,20920,0.002760000,0,5.57,16.44,1.55,15.86
"512k",8,8,27037,0.000301200,0,3.00,18.42,2.29,16.35
"512k",8,16,25845,0.000667530,0,3.31,17.70,2.05,16.80
"512k",8,32,21533,0.001520000,0,3.56,18.39,1.76,16.07
"512k",8,64,22507,0.002990000,0,5.33,17.05,1.84,15.80
"512k",16,16,20122,0.001910000,0,3.78,17.10,2.37,16.49
"512k",16,32,18739,0.002070000,0,3.91,17.40,2.06,16.48
"512k",16,64,16899,0.003890000,0,5.02,17.51,1.82,15.66
