---
system-info:
      stress-ng-version: 0.17.08
      run-by: root
      date-yyyy-mm-dd: 2024:06:05
      time-hh-mm-ss: 12:44:06
      epoch-secs: 1717591446
      hostname: c5f2cdda6f55
      sysname: Linux
      nodename: c5f2cdda6f55
      release: 6.8.0-1008-aws
      version: '#8-Ubuntu SMP Sat Apr 20 00:46:25 UTC 2024'
      machine: x86_64
      compiler: 'musl-gcc 13.2.1'
      uptime: 128
      totalram: 15710019584
      freeram: 11634966528
      sharedram: 27545600
      bufferram: 77484032
      totalswap: 0
      freeswap: 0
      pagesize: 4096
      cpus: 8
      cpus-online: 8
      ticks-per-second: 100

metrics:
    - stressor: cpu
      bogo-ops: 15611
      bogo-ops-per-second-usr-sys-time: 1560.962791
      bogo-ops-per-second-real-time: 1560.949945
      wall-clock-time: 10.000961
      user-time: 9.999863
      system-time: 0.001016
      cpu-usage-per-instance: 99.999177
      max-rss: 4048

...
