---
system-info:
      stress-ng-version: 0.17.08
      run-by: root
      date-yyyy-mm-dd: 2024:06:14
      time-hh-mm-ss: 02:24:03
      epoch-secs: 1718331843
      hostname: 0a40e77e0137
      sysname: Linux
      nodename: 0a40e77e0137
      release: 6.8.0-1008-aws
      version: '#8-Ubuntu SMP Sat Apr 20 00:46:25 UTC 2024'
      machine: x86_64
      compiler: 'musl-gcc 13.2.1'
      uptime: 148
      totalram: 15710023680
      freeram: 11376820224
      sharedram: 27545600
      bufferram: 108118016
      totalswap: 0
      freeswap: 0
      pagesize: 4096
      cpus: 8
      cpus-online: 8
      ticks-per-second: 100

metrics:
    - stressor: cpu
      bogo-ops: 28857
      bogo-ops-per-second-usr-sys-time: 1442.855483
      bogo-ops-per-second-real-time: 1442.840213
      wall-clock-time: 20.000136
      user-time: 19.999924
      system-time: 0.000000
      cpu-usage-per-instance: 99.998942
      max-rss: 1104

...
