BaselineInfo:
  WebDBID: -1
  TimeStamp: 20241109074207
Version:
  Major: 11
  Minor: 0
  Build: 1002
  SpecialBuildName: ""
  ptArchitecture: x86_64_linux
Results:
  Results Complete: true
  NumTestProcesses: 32
  CPU_INTEGER_MATH: 134695.07033333334
  CPU_FLOATINGPOINT_MATH: 68865.830335357576
  CPU_PRIME: 191.52013411739827
  CPU_SORTING: 68715.566585779685
  CPU_ENCRYPTION: 29245.207327585897
  CPU_COMPRESSION: 495219.09584089246
  CPU_SINGLETHREAD: 2431.9055391956426
  CPU_PHYSICS: 3255.1058868020245
  CPU_MATRIX_MULT_SSE: 28341.088274730566
  CPU_mm: 2894.8286707155926
  CPU_sse: 12662.098739358384
  CPU_fma: 35083.414305427243
  CPU_avx: 25915.771770888223
  CPU_avx512: 39703.068283248431
  m_CPU_enc_SHA: 29535291551.930473
  m_CPU_enc_AES: 44466378417.263565
  m_CPU_enc_ECDSA: 17995797586.998077
  ME_ALLOC_S: 15176.321783203648
  ME_READ_S: 23341.2265625
  ME_READ_L: 11840.4638671875
  ME_WRITE: 10735.779296875
  ME_LARGE: 246666
  ME_LATENCY: 51.773233440809122
  ME_THREADED: 127845.5615234375
  SUMM_CPU: 36908.385443812556
  SUMM_ME: 2756.9534691212834
SystemInformation:
  OSName: Ubuntu 24.04.1 LTS
  Kernel: 6.8.0-1017-azure
  Device: ""
  Processor: Intel Xeon Platinum 8370C CPU @ 2.80GHz
  NumSockets: 1
  Manufacturer: GenuineIntel
  NumCores: 16
  NumLogicals: 32
  CPUFrequency: 2800
  Memory: 257730
  MemModuleInfo:
    iNumMemSticks: 3
    DIMM 1:
      manufacturer: Microsoft Corporation
      modulePartNo: None
      memType: Unknown
      size: 1
      clkspeed: 0
      moduleVoltage: 0
    DIMM 2:
      manufacturer: Microsoft Corporation
      modulePartNo: None
      memType: Unknown
      size: 59
      clkspeed: 0
      moduleVoltage: 0
    DIMM 3:
      manufacturer: Microsoft Corporation
      modulePartNo: None
      memType: Unknown
      size: 196
      clkspeed: 0
      moduleVoltage: 0
Checksum: 0F2A7EFFC39CA51EA45059DCD1C8CD661C4F9A36