---
system-info:
      stress-ng-version: 0.17.08
      run-by: root
      date-yyyy-mm-dd: 2024:09:16
      time-hh-mm-ss: 11:43:53
      epoch-secs: 1726487033
      hostname: sc-runner
      sysname: Linux
      nodename: sc-runner
      release: 6.8.0-1014-azure
      version: '#16-Ubuntu SMP Thu Aug 15 21:06:50 UTC 2024'
      machine: aarch64
      compiler: 'musl-gcc 13.2.1'
      uptime: 303
      totalram: 33587560448
      freeram: 23457312768
      sharedram: 38227968
      bufferram: 225280000
      totalswap: 0
      freeswap: 0
      pagesize: 4096
      cpus: 16
      cpus-online: 16
      ticks-per-second: 100

metrics:
    - stressor: cpu
      bogo-ops: 577598
      bogo-ops-per-second-usr-sys-time: 1807.557103
      bogo-ops-per-second-real-time: 28879.795491
      wall-clock-time: 20.000072
      user-time: 319.534207
      system-time: 0.011991
      cpu-usage-per-instance: 99.857826
      max-rss: 1192

...
