---
system-info:
      stress-ng-version: 0.17.08
      run-by: root
      date-yyyy-mm-dd: 2024:07:11
      time-hh-mm-ss: 17:33:34
      epoch-secs: 1720719214
      hostname: ip-172-31-23-31
      sysname: Linux
      nodename: ip-172-31-23-31
      release: 6.8.0-1010-aws
      version: '#10-Ubuntu SMP Thu Jun 13 17:36:15 UTC 2024'
      machine: x86_64
      compiler: 'musl-gcc 13.2.1'
      uptime: 188
      totalram: 16379023360
      freeram: 11219996672
      sharedram: 11612160
      bufferram: 136540160
      totalswap: 0
      freeswap: 0
      pagesize: 4096
      cpus: 4
      cpus-online: 4
      ticks-per-second: 100

metrics:
    - stressor: cpu
      bogo-ops: 59577
      bogo-ops-per-second-usr-sys-time: 2979.083858
      bogo-ops-per-second-real-time: 2978.838921
      wall-clock-time: 20.000074
      user-time: 19.998430
      system-time: 0.000000
      cpu-usage-per-instance: 99.991778
      max-rss: 1104

...
