---
system-info:
      stress-ng-version: 0.17.08
      run-by: root
      date-yyyy-mm-dd: 2024:06:15
      time-hh-mm-ss: 23:42:05
      epoch-secs: 1718494925
      hostname: 3cd86d184348
      sysname: Linux
      nodename: 3cd86d184348
      release: 6.8.0-1008-aws
      version: '#8-Ubuntu SMP Sat Apr 20 02:43:14 UTC 2024'
      machine: aarch64
      compiler: 'musl-gcc 13.2.1'
      uptime: 121
      totalram: 398371147776
      freeram: 393603960832
      sharedram: 35168256
      bufferram: 107761664
      totalswap: 0
      freeswap: 0
      pagesize: 4096
      cpus: 48
      cpus-online: 48
      ticks-per-second: 100

metrics:
    - stressor: cpu
      bogo-ops: 1469581
      bogo-ops-per-second-usr-sys-time: 1531.516374
      bogo-ops-per-second-real-time: 73478.779299
      wall-clock-time: 20.000074
      user-time: 959.541459
      system-time: 0.017985
      cpu-usage-per-instance: 99.953741
      max-rss: 1152

...
