---
system-info:
      stress-ng-version: 0.17.08
      run-by: root
      date-yyyy-mm-dd: 2024:06:09
      time-hh-mm-ss: 21:20:22
      epoch-secs: 1717968022
      hostname: 69decb43c7d7
      sysname: Linux
      nodename: 69decb43c7d7
      release: 6.8.0-1008-aws
      version: '#8-Ubuntu SMP Sat Apr 20 02:43:14 UTC 2024'
      machine: aarch64
      compiler: 'musl-gcc 13.2.1'
      uptime: 147
      totalram: 398371147776
      freeram: 393312206848
      sharedram: 35168256
      bufferram: 111210496
      totalswap: 0
      freeswap: 0
      pagesize: 4096
      cpus: 48
      cpus-online: 48
      ticks-per-second: 100

metrics:
    - stressor: cpu
      bogo-ops: 204751
      bogo-ops-per-second-usr-sys-time: 424.298798
      bogo-ops-per-second-real-time: 20351.975711
      wall-clock-time: 10.060497
      user-time: 482.519257
      system-time: 0.043977
      cpu-usage-per-instance: 99.929459
      max-rss: 3840

...
