BaselineInfo:
  WebDBID: -1
  TimeStamp: 20260619153525
Version:
  Major: 11
  Minor: 0
  Build: 1004
  SpecialBuildName: ""
  ptArchitecture: x86_64_linux
Results:
  Results Complete: true
  NumTestProcesses: 4
  CPU_INTEGER_MATH: 22197.794999999998
  CPU_FLOATINGPOINT_MATH: 16096.200943749265
  CPU_PRIME: 48.019939445389141
  CPU_SORTING: 11674.790601424367
  CPU_ENCRYPTION: 4970.8382901438472
  CPU_COMPRESSION: 88616.226682176974
  CPU_SINGLETHREAD: 3533.3949736348536
  CPU_PHYSICS: 1031.748969610059
  CPU_MATRIX_MULT_SSE: 5701.503154736678
  CPU_mm: 614.78522161267949
  CPU_sse: 2667.0533270845572
  CPU_fma: 7003.6768918032485
  CPU_avx: 5299.0325543846557
  CPU_avx512: 7836.2498456742542
  m_CPU_enc_SHA: 5188615138.0864811
  m_CPU_enc_AES: 6775433025.6369534
  m_CPU_enc_ECDSA: 3672857029.0541911
  ME_ALLOC_S: 2790.2815990151703
  ME_READ_S: 30990.529296875
  ME_READ_L: 23600.310546875
  ME_WRITE: 8665.03515625
  ME_LARGE: 4112
  ME_LATENCY: 70.123608008257463
  ME_THREADED: 46490.169921875
  SUMM_CPU: 8656.7519327947903
  SUMM_ME: 2070.7038532835086
SystemInformation:
  OSName: Ubuntu 24.04.4 LTS
  Kernel: 6.17.0-1018-azure
  Device: ""
  Processor: Intel(R) Xeon(R) 6973P-C
  NumSockets: 1
  Manufacturer: GenuineIntel
  NumCores: 2
  NumLogicals: 4
  CPUFrequency: 2600
  CPUMaxFrequency: 2600
  Memory: 7936
  CPUInfo:
    number: 1
    Family: 6
    Model: 13
    stepping: 1
    features: 529267711
    manufacture: GenuineIntel
    typestring: Intel(R) Xeon(R) 6973P-C
    iCoresPerPackage: 2
    iThreadsPerPackage: 2
    featuresEx:
      - 529267711
      - 4294586915
      - 739248128
    bHybrid: false
    nPCore: 0
    nLogicalsPerPCore: 0
    nECore: 0
    nLogicalsPerECore: 0
  MemModuleInfo:
    iNumMemSticks: 2
    DIMM 1:
      manufacturer: Microsoft Corporation
      modulePartNo: None
      memType: Unknown
      size: 1
      clkspeed: 0
      moduleVoltage: 0
    DIMM 2:
      manufacturer: Microsoft Corporation
      modulePartNo: None
      memType: Unknown
      size: 7
      clkspeed: 0
      moduleVoltage: 0
Checksum: 6D45DD89A1FD22733907EEE0113B1E57F2F9EC28