---
system-info:
      stress-ng-version: 0.17.08
      run-by: root
      date-yyyy-mm-dd: 2024:09:15
      time-hh-mm-ss: 20:32:56
      epoch-secs: 1726432376
      hostname: sc-runner
      sysname: Linux
      nodename: sc-runner
      release: 6.8.0-1014-azure
      version: '#16-Ubuntu SMP Thu Aug 15 20:04:41 UTC 2024'
      machine: x86_64
      compiler: 'musl-gcc 13.2.1'
      uptime: 492
      totalram: 3573944320
      freeram: 249171968
      sharedram: 42024960
      bufferram: 201199616
      totalswap: 0
      freeswap: 0
      pagesize: 4096
      cpus: 1
      cpus-online: 1
      ticks-per-second: 100

metrics:
    - stressor: cpu
      bogo-ops: 24469
      bogo-ops-per-second-usr-sys-time: 1246.977345
      bogo-ops-per-second-real-time: 1223.446091
      wall-clock-time: 20.000064
      user-time: 19.621659
      system-time: 0.000991
      cpu-usage-per-instance: 98.112937
      max-rss: 1104

...
