BaselineInfo:
  WebDBID: -1
  TimeStamp: 20250821054246
Version:
  Major: 11
  Minor: 0
  Build: 1002
  SpecialBuildName: ""
  ptArchitecture: x86_64_linux
Results:
  Results Complete: true
  NumTestProcesses: 192
  CPU_INTEGER_MATH: 989771.97366666689
  CPU_FLOATINGPOINT_MATH: 716661.35997720552
  CPU_PRIME: 1574.0252886453659
  CPU_SORTING: 454241.65762672696
  CPU_ENCRYPTION: 209975.88028503576
  CPU_COMPRESSION: 3565980.4155287449
  CPU_SINGLETHREAD: 3252.3541394102958
  CPU_PHYSICS: 26562.10019138944
  CPU_MATRIX_MULT_SSE: 243183.47986290703
  CPU_mm: 27426.031842619024
  CPU_sse: 111850.20892895287
  CPU_fma: 283057.6692265161
  CPU_avx: 227781.49122250758
  CPU_avx512: 350044.55007365125
  m_CPU_enc_SHA: 229305163910.79239
  m_CPU_enc_AES: 287099815356.62836
  m_CPU_enc_ECDSA: 144122026669.86389
  ME_ALLOC_S: 34658.448255063282
  ME_READ_S: 27557.495898437501
  ME_READ_L: 14838.6884765625
  ME_WRITE: 10763.716796875
  ME_LARGE: 1508914.1666666667
  ME_LATENCY: 69.101377877590707
  ME_THREADED: 663047.60461425781
  SUMM_CPU: 143752.23062463093
  SUMM_ME: 2651.9301897706605
SystemInformation:
  OSName: Ubuntu 24.04.2 LTS
  Kernel: 6.14.0-1010-aws
  Device: ""
  Processor: Intel Xeon 6975P-C
  NumSockets: 1
  Manufacturer: GenuineIntel
  NumCores: 96
  NumLogicals: 192
  CPUFrequency: 0
  Memory: 1523718
  MemModuleInfo:
    iNumMemSticks: 3
    DIMM 1:
      manufacturer: Not Specified
      modulePartNo: Not Specified
      memType: DDR5
      size: 512
      clkspeed: 3600
      moduleVoltage: 0
    DIMM 2:
      manufacturer: Not Specified
      modulePartNo: Not Specified
      memType: DDR5
      size: 512
      clkspeed: 3600
      moduleVoltage: 0
    DIMM 3:
      manufacturer: Not Specified
      modulePartNo: Not Specified
      memType: DDR5
      size: 512
      clkspeed: 3600
      moduleVoltage: 0
Checksum: 1BC641D2C1F4937DC958894DF26A6A6A26E016B0