BaselineInfo:
  WebDBID: -1
  TimeStamp: 20241108174422
Version:
  Major: 11
  Minor: 0
  Build: 1002
  SpecialBuildName: ""
  ptArchitecture: x86_64_linux
Results:
  Results Complete: true
  NumTestProcesses: 32
  CPU_INTEGER_MATH: 139652.05366666667
  CPU_FLOATINGPOINT_MATH: 98654.463464195942
  CPU_PRIME: 290.20855524406676
  CPU_SORTING: 71148.508246745594
  CPU_ENCRYPTION: 30772.281372922502
  CPU_COMPRESSION: 520003.78025595949
  CPU_SINGLETHREAD: 2710.361210338297
  CPU_PHYSICS: 6691.8777930364631
  CPU_MATRIX_MULT_SSE: 39419.055216914305
  CPU_mm: 3962.5466250111967
  CPU_sse: 17190.615633242105
  CPU_fma: 41539.235513454878
  CPU_avx: 34268.414129336561
  CPU_avx512: 64677.955591623671
  m_CPU_enc_SHA: 32622530923.962601
  m_CPU_enc_AES: 42300760061.76255
  m_CPU_enc_ECDSA: 21877936152.955574
  ME_ALLOC_S: 17667.525968689864
  ME_READ_S: 23914.564453125
  ME_READ_L: 10233.861328125
  ME_WRITE: 9881.78515625
  ME_LARGE: 53339.916666666664
  ME_LATENCY: 55.903800863097047
  ME_THREADED: 205013.07958984375
  SUMM_CPU: 43429.571791667098
  SUMM_ME: 2570.7029948720319
SystemInformation:
  OSName: Ubuntu 24.04.1 LTS
  Kernel: 6.8.0-1015-gcp
  Device: ""
  Processor: INTEL XEON PLATINUM 8581C CPU @ 2.10GHz
  NumSockets: 1
  Manufacturer: GenuineIntel
  NumCores: 16
  NumLogicals: 32
  CPUFrequency: 0
  Memory: 64292
  MemModuleInfo:
    iNumMemSticks: 4
    DIMM 1:
      manufacturer: ""
      modulePartNo: ""
      memType: RAM
      size: 16
      clkspeed: 0
      moduleVoltage: 0
    DIMM 2:
      manufacturer: ""
      modulePartNo: ""
      memType: RAM
      size: 16
      clkspeed: 0
      moduleVoltage: 0
    DIMM 3:
      manufacturer: ""
      modulePartNo: ""
      memType: RAM
      size: 16
      clkspeed: 0
      moduleVoltage: 0
    DIMM 4:
      manufacturer: ""
      modulePartNo: ""
      memType: RAM
      size: 16
      clkspeed: 0
      moduleVoltage: 0
Checksum: 56D1CDD367F14BE9ABF3BACEFAA12CA4C564E797