BaselineInfo:
  WebDBID: -1
  TimeStamp: 20241109193524
Version:
  Major: 11
  Minor: 0
  Build: 1002
  SpecialBuildName: ""
  ptArchitecture: x86_64_linux
Results:
  Results Complete: true
  NumTestProcesses: 16
  CPU_INTEGER_MATH: 66646.61133333332
  CPU_FLOATINGPOINT_MATH: 36597.27837570331
  CPU_PRIME: 101.15583392349536
  CPU_SORTING: 35145.171523804558
  CPU_ENCRYPTION: 17158.104385435312
  CPU_COMPRESSION: 254541.50415320287
  CPU_SINGLETHREAD: 2432.4865592272768
  CPU_PHYSICS: 2091.0499605635928
  CPU_MATRIX_MULT_SSE: 14943.973830310691
  CPU_mm: 1803.093383638713
  CPU_sse: 7656.3817321051611
  CPU_fma: 20866.868994512701
  CPU_avx: 16308.670764314205
  CPU_avx512: 0
  m_CPU_enc_SHA: 24898968179.974567
  m_CPU_enc_AES: 15913957159.266794
  m_CPU_enc_ECDSA: 13161804052.945286
  ME_ALLOC_S: 7033.1898213992945
  ME_READ_S: 24673.8154296875
  ME_READ_L: 21015.224609375
  ME_WRITE: 20106.666015625
  ME_LARGE: 505245.33333333331
  ME_LATENCY: 60.647845440581655
  ME_THREADED: 39155.6328125
  SUMM_CPU: 21680.40184880203
  SUMM_ME: 2811.3303275197472
SystemInformation:
  OSName: Ubuntu 24.04.1 LTS
  Kernel: 6.8.0-1017-azure
  Device: ""
  Processor: AMD EPYC 7763 64-Core Processor
  NumSockets: 1
  Manufacturer: AuthenticAMD
  NumCores: 8
  NumLogicals: 16
  CPUFrequency: 0
  Memory: 515785
  MemModuleInfo:
    iNumMemSticks: 3
    DIMM 1:
      manufacturer: Microsoft Corporation
      modulePartNo: None
      memType: Unknown
      size: 1
      clkspeed: 0
      moduleVoltage: 0
    DIMM 2:
      manufacturer: Microsoft Corporation
      modulePartNo: None
      memType: Unknown
      size: 60928
      clkspeed: 0
      moduleVoltage: 0
    DIMM 3:
      manufacturer: Microsoft Corporation
      modulePartNo: None
      memType: Unknown
      size: 462336
      clkspeed: 0
      moduleVoltage: 0
Checksum: CC0A7FA2F370265BF210AC71822E5970F7623D9F