BaselineInfo:
  WebDBID: -1
  TimeStamp: 20241108160706
Version:
  Major: 11
  Minor: 0
  Build: 1002
  SpecialBuildName: ""
  ptArchitecture: x86_64_linux
Results:
  Results Complete: true
  NumTestProcesses: 16
  CPU_INTEGER_MATH: 49800.985666666682
  CPU_FLOATINGPOINT_MATH: 26728.498088099128
  CPU_PRIME: 81.843525775320174
  CPU_SORTING: 25771.317417652826
  CPU_ENCRYPTION: 6852.3162216383707
  CPU_COMPRESSION: 220097.94189387941
  CPU_SINGLETHREAD: 2019.3345224798252
  CPU_PHYSICS: 1574.1897782365836
  CPU_MATRIX_MULT_SSE: 14313.909616958719
  CPU_mm: 1512.3054923681666
  CPU_sse: 5467.9212142467541
  CPU_fma: 17381.288133181002
  CPU_avx: 12329.040775135232
  CPU_avx512: 22077.388345271898
  m_CPU_enc_SHA: 2251315876.2022147
  m_CPU_enc_AES: 17286885536.22197
  m_CPU_enc_ECDSA: 2017321590.8378448
  ME_ALLOC_S: 5749.2151154399216
  ME_READ_S: 23763.608789062499
  ME_READ_L: 11639.93359375
  ME_WRITE: 10524.3369140625
  ME_LARGE: 118533.66666666667
  ME_LATENCY: 49.742175542262864
  ME_THREADED: 74992.65966796875
  SUMM_CPU: 15834.075155836268
  SUMM_ME: 2693.0835240672741
SystemInformation:
  OSName: Ubuntu 24.04.1 LTS
  Kernel: 6.8.0-1017-azure
  Device: ""
  Processor: Intel Xeon Platinum 8272CL CPU @ 2.60GHz
  NumSockets: 1
  Manufacturer: GenuineIntel
  NumCores: 8
  NumLogicals: 16
  CPUFrequency: 0
  Memory: 128809
  MemModuleInfo:
    iNumMemSticks: 3
    DIMM 1:
      manufacturer: Microsoft Corporation
      modulePartNo: None
      memType: Unknown
      size: 1
      clkspeed: 0
      moduleVoltage: 0
    DIMM 2:
      manufacturer: Microsoft Corporation
      modulePartNo: None
      memType: Unknown
      size: 60928
      clkspeed: 0
      moduleVoltage: 0
    DIMM 3:
      manufacturer: Microsoft Corporation
      modulePartNo: None
      memType: Unknown
      size: 69120
      clkspeed: 0
      moduleVoltage: 0
Checksum: ADC3DE0B7BCE9E986882838E66B0AE3F8147F278