BaselineInfo:
  WebDBID: -1
  TimeStamp: 20241107145130
Version:
  Major: 11
  Minor: 0
  Build: 1002
  SpecialBuildName: ""
  ptArchitecture: x86_64_linux
Results:
  Results Complete: true
  NumTestProcesses: 8
  CPU_INTEGER_MATH: 33191.600666666665
  CPU_FLOATINGPOINT_MATH: 18227.558546604701
  CPU_PRIME: 75.368687376288477
  CPU_SORTING: 18036.70943668273
  CPU_ENCRYPTION: 8591.7198436188628
  CPU_COMPRESSION: 127813.98114603426
  CPU_SINGLETHREAD: 2397.7765692429366
  CPU_PHYSICS: 1280.4537547734662
  CPU_MATRIX_MULT_SSE: 7361.7467252179185
  CPU_mm: 897.25254649954468
  CPU_sse: 3808.6697566038001
  CPU_fma: 10398.850589519698
  CPU_avx: 7877.7198295302605
  CPU_avx512: 0
  m_CPU_enc_SHA: 12452775912.84997
  m_CPU_enc_AES: 7964497045.1809216
  m_CPU_enc_ECDSA: 6609940722.1965904
  ME_ALLOC_S: 3565.7890469739241
  ME_READ_S: 24389.7490234375
  ME_READ_L: 19758.865234375
  ME_WRITE: 19538.822265625
  ME_LARGE: 22116
  ME_LATENCY: 64.024099398751346
  ME_THREADED: 38547.89111328125
  SUMM_CPU: 11833.58871969983
  SUMM_ME: 2550.5874761221107
SystemInformation:
  OSName: Ubuntu 24.04.1 LTS
  Kernel: 6.8.0-1017-azure
  Device: ""
  Processor: AMD EPYC 7763 64-Core Processor
  NumSockets: 1
  Manufacturer: AuthenticAMD
  NumCores: 4
  NumLogicals: 8
  CPUFrequency: 0
  Memory: 32092
  MemModuleInfo:
    iNumMemSticks: 2
    DIMM 1:
      manufacturer: Microsoft Corporation
      modulePartNo: None
      memType: Unknown
      size: 1
      clkspeed: 0
      moduleVoltage: 0
    DIMM 2:
      manufacturer: Microsoft Corporation
      modulePartNo: None
      memType: Unknown
      size: 31
      clkspeed: 0
      moduleVoltage: 0
Checksum: 02164C5DBD31A4DBBD95F55077BE2780ED531E6D