BaselineInfo:
  WebDBID: -1
  TimeStamp: 20260618205115
Version:
  Major: 11
  Minor: 0
  Build: 1004
  SpecialBuildName: ""
  ptArchitecture: x86_64_linux
Results:
  Results Complete: true
  NumTestProcesses: 32
  CPU_INTEGER_MATH: 153916.71099999998
  CPU_FLOATINGPOINT_MATH: 86130.247422593413
  CPU_PRIME: 251.02343159945835
  CPU_SORTING: 92216.929815500509
  CPU_ENCRYPTION: 38961.533628829464
  CPU_COMPRESSION: 625519.74292806245
  CPU_SINGLETHREAD: 2924.1947397736349
  CPU_PHYSICS: 5066.5850213315189
  CPU_MATRIX_MULT_SSE: 44488.239555765627
  CPU_mm: 4122.0545314117953
  CPU_sse: 18181.439381224191
  CPU_fma: 56955.721932675973
  CPU_avx: 46784.402118148137
  CPU_avx512: 56031.394791014216
  m_CPU_enc_SHA: 54557165674.040344
  m_CPU_enc_AES: 37047992915.645775
  m_CPU_enc_ECDSA: 30957228669.464336
  ME_ALLOC_S: 15725.031220478324
  ME_READ_S: 27960.217382812501
  ME_READ_L: 26581.689453125
  ME_WRITE: 26156.03125
  ME_LARGE: 52385.75
  ME_LATENCY: 71.10092121924346
  ME_THREADED: 101119.544921875
  SUMM_CPU: 47465.600687553277
  SUMM_ME: 2882.2172060536063
SystemInformation:
  OSName: Ubuntu 24.04.4 LTS
  Kernel: 6.8.0-117-generic
  Device: ""
  Processor: "AMD EPYC 9T34 64-Core Processor                "
  NumSockets: 1
  Manufacturer: AuthenticAMD
  NumCores: 16
  NumLogicals: 32
  CPUFrequency: 0
  CPUMaxFrequency: 0
  Memory: 61860
  CPUInfo:
    number: 1
    Family: 15
    Model: 1
    stepping: 1
    features: 395049983
    manufacture: AuthenticAMD
    typestring: "AMD EPYC 9T34 64-Core Processor                "
    iCoresPerPackage: 16
    iThreadsPerPackage: 2
    featuresEx:
      - 395049983
      - 4277809667
      - 802421759
    bHybrid: false
    nPCore: 0
    nLogicalsPerPCore: 0
    nECore: 0
    nLogicalsPerECore: 0
  MemModuleInfo:
    iNumMemSticks: 4
    DIMM 1:
      manufacturer: Alibaba Cloud
      modulePartNo: Not Specified
      memType: RAM
      size: 16
      clkspeed: 0
      moduleVoltage: 0
    DIMM 2:
      manufacturer: Alibaba Cloud
      modulePartNo: Not Specified
      memType: RAM
      size: 16
      clkspeed: 0
      moduleVoltage: 0
    DIMM 3:
      manufacturer: Alibaba Cloud
      modulePartNo: Not Specified
      memType: RAM
      size: 16
      clkspeed: 0
      moduleVoltage: 0
    DIMM 4:
      manufacturer: Alibaba Cloud
      modulePartNo: Not Specified
      memType: RAM
      size: 16
      clkspeed: 0
      moduleVoltage: 0
Checksum: F3D9E94724ECC22DCB5A556D4CD97F1485092E08