---
system-info:
      stress-ng-version: 0.17.08
      run-by: root
      date-yyyy-mm-dd: 2024:09:05
      time-hh-mm-ss: 19:23:54
      epoch-secs: 1725564234
      hostname: sc-runner
      sysname: Linux
      nodename: sc-runner
      release: 6.8.0-1013-azure
      version: '#15-Ubuntu SMP Thu Aug  8 18:40:40 UTC 2024'
      machine: x86_64
      compiler: 'musl-gcc 13.2.1'
      uptime: 364
      totalram: 33648103424
      freeram: 24958054400
      sharedram: 42086400
      bufferram: 221937664
      totalswap: 0
      freeswap: 0
      pagesize: 4096
      cpus: 16
      cpus-online: 16
      ticks-per-second: 100

metrics:
    - stressor: cpu
      bogo-ops: 24939
      bogo-ops-per-second-usr-sys-time: 1246.963093
      bogo-ops-per-second-real-time: 1246.943549
      wall-clock-time: 20.000103
      user-time: 19.998791
      system-time: 0.000999
      cpu-usage-per-instance: 99.998433
      max-rss: 3152

...
