---
system-info:
      stress-ng-version: 0.17.08
      run-by: root
      date-yyyy-mm-dd: 2024:09:16
      time-hh-mm-ss: 18:59:06
      epoch-secs: 1726513146
      hostname: sc-runner
      sysname: Linux
      nodename: sc-runner
      release: 6.8.0-1014-azure
      version: '#16-Ubuntu SMP Thu Aug 15 20:04:41 UTC 2024'
      machine: x86_64
      compiler: 'musl-gcc 13.2.1'
      uptime: 327
      totalram: 33648082944
      freeram: 23431409664
      sharedram: 42086400
      bufferram: 235352064
      totalswap: 0
      freeswap: 0
      pagesize: 4096
      cpus: 16
      cpus-online: 16
      ticks-per-second: 100

metrics:
    - stressor: cpu
      bogo-ops: 24933
      bogo-ops-per-second-usr-sys-time: 1246.654613
      bogo-ops-per-second-real-time: 1246.644992
      wall-clock-time: 20.000080
      user-time: 19.998927
      system-time: 0.000999
      cpu-usage-per-instance: 99.999228
      max-rss: 3152

...
