---
system-info:
      stress-ng-version: 0.17.08
      run-by: root
      date-yyyy-mm-dd: 2024:07:11
      time-hh-mm-ss: 22:54:52
      epoch-secs: 1720738492
      hostname: ip-172-31-3-246
      sysname: Linux
      nodename: ip-172-31-3-246
      release: 6.8.0-1010-aws
      version: '#10-Ubuntu SMP Thu Jun 13 17:36:15 UTC 2024'
      machine: x86_64
      compiler: 'musl-gcc 13.2.1'
      uptime: 230
      totalram: 128684646400
      freeram: 120718651392
      sharedram: 48631808
      bufferram: 128532480
      totalswap: 0
      freeswap: 0
      pagesize: 4096
      cpus: 16
      cpus-online: 16
      ticks-per-second: 100

metrics:
    - stressor: cpu
      bogo-ops: 166581
      bogo-ops-per-second-usr-sys-time: 521.409706
      bogo-ops-per-second-real-time: 8328.986548
      wall-clock-time: 20.000152
      user-time: 319.473988
      system-time: 0.007982
      cpu-usage-per-instance: 99.837355
      max-rss: 1104

...
