---
system-info:
      stress-ng-version: 0.17.08
      run-by: root
      date-yyyy-mm-dd: 2024:09:16
      time-hh-mm-ss: 00:10:43
      epoch-secs: 1726445443
      hostname: sc-runner
      sysname: Linux
      nodename: sc-runner
      release: 6.8.0-1014-azure
      version: '#16-Ubuntu SMP Thu Aug 15 21:06:50 UTC 2024'
      machine: aarch64
      compiler: 'musl-gcc 13.2.1'
      uptime: 295
      totalram: 16736686080
      freeram: 6782550016
      sharedram: 38158336
      bufferram: 221605888
      totalswap: 0
      freeswap: 0
      pagesize: 4096
      cpus: 8
      cpus-online: 8
      ticks-per-second: 100

metrics:
    - stressor: cpu
      bogo-ops: 290100
      bogo-ops-per-second-usr-sys-time: 1816.685272
      bogo-ops-per-second-real-time: 14504.947024
      wall-clock-time: 20.000073
      user-time: 159.673442
      system-time: 0.012996
      cpu-usage-per-instance: 99.803659
      max-rss: 1192

...
