---
system-info:
      stress-ng-version: 0.17.08
      run-by: root
      date-yyyy-mm-dd: 2024:06:14
      time-hh-mm-ss: 21:40:19
      epoch-secs: 1718401219
      hostname: 3bd9d9a5fdb6
      sysname: Linux
      nodename: 3bd9d9a5fdb6
      release: 6.8.0-31-generic
      version: '#31-Ubuntu SMP PREEMPT_DYNAMIC Sat Apr 20 00:40:06 UTC 2024'
      machine: x86_64
      compiler: 'musl-gcc 13.2.1'
      uptime: 126
      totalram: 8128630784
      freeram: 4645253120
      sharedram: 17973248
      bufferram: 105771008
      totalswap: 0
      freeswap: 0
      pagesize: 4096
      cpus: 2
      cpus-online: 2
      ticks-per-second: 100

metrics:
    - stressor: cpu
      bogo-ops: 40529
      bogo-ops-per-second-usr-sys-time: 1029.047009
      bogo-ops-per-second-real-time: 2026.420275
      wall-clock-time: 20.000293
      user-time: 39.368039
      system-time: 0.016945
      cpu-usage-per-instance: 98.461016
      max-rss: 1104

...
