---
system-info:
      stress-ng-version: 0.17.08
      run-by: root
      date-yyyy-mm-dd: 2024:06:07
      time-hh-mm-ss: 21:05:00
      epoch-secs: 1717794300
      hostname: d08a908a0371
      sysname: Linux
      nodename: d08a908a0371
      release: 6.8.0-31-generic
      version: '#31-Ubuntu SMP PREEMPT_DYNAMIC Sat Apr 20 00:40:06 UTC 2024'
      machine: x86_64
      compiler: 'musl-gcc 13.2.1'
      uptime: 147
      totalram: 8128638976
      freeram: 4746416128
      sharedram: 17973248
      bufferram: 90443776
      totalswap: 0
      freeswap: 0
      pagesize: 4096
      cpus: 2
      cpus-online: 2
      ticks-per-second: 100

metrics:
    - stressor: cpu
      bogo-ops: 21858
      bogo-ops-per-second-usr-sys-time: 1109.692871
      bogo-ops-per-second-real-time: 2185.231303
      wall-clock-time: 10.002602
      user-time: 19.686377
      system-time: 0.010965
      cpu-usage-per-instance: 98.461086
      max-rss: 4048

...
