---
system-info:
      stress-ng-version: 0.17.08
      run-by: root
      date-yyyy-mm-dd: 2024:06:16
      time-hh-mm-ss: 04:42:17
      epoch-secs: 1718512937
      hostname: ea364bb8ba1b
      sysname: Linux
      nodename: ea364bb8ba1b
      release: 6.8.0-1008-aws
      version: '#8-Ubuntu SMP Sat Apr 20 00:46:25 UTC 2024'
      machine: x86_64
      compiler: 'musl-gcc 13.2.1'
      uptime: 142
      totalram: 1623107305472
      freeram: 1614841659392
      sharedram: 224747520
      bufferram: 111742976
      totalswap: 0
      freeswap: 0
      pagesize: 4096
      cpus: 192
      cpus-online: 192
      ticks-per-second: 100

metrics:
    - stressor: cpu
      bogo-ops: 41416
      bogo-ops-per-second-usr-sys-time: 2070.800725
      bogo-ops-per-second-real-time: 2070.794421
      wall-clock-time: 20.000054
      user-time: 19.999993
      system-time: 0.000000
      cpu-usage-per-instance: 99.999696
      max-rss: 0

...
