---
system-info:
      stress-ng-version: 0.17.08
      run-by: root
      date-yyyy-mm-dd: 2024:06:10
      time-hh-mm-ss: 01:22:04
      epoch-secs: 1717982524
      hostname: 06416d56ca2d
      sysname: Linux
      nodename: 06416d56ca2d
      release: 6.8.0-1008-aws
      version: '#8-Ubuntu SMP Sat Apr 20 00:46:25 UTC 2024'
      machine: x86_64
      compiler: 'musl-gcc 13.2.1'
      uptime: 130
      totalram: 1623107293184
      freeram: 1614429630464
      sharedram: 224747520
      bufferram: 114819072
      totalswap: 0
      freeswap: 0
      pagesize: 4096
      cpus: 192
      cpus-online: 192
      ticks-per-second: 100

metrics:
    - stressor: cpu
      bogo-ops: 21566
      bogo-ops-per-second-usr-sys-time: 2156.553418
      bogo-ops-per-second-real-time: 2156.562003
      wall-clock-time: 10.000176
      user-time: 10.000216
      system-time: 0.000000
      cpu-usage-per-instance: 100.000398
      max-rss: 3072

...
