---
system-info:
      stress-ng-version: 0.17.08
      run-by: root
      date-yyyy-mm-dd: 2024:07:03
      time-hh-mm-ss: 13:16:42
      epoch-secs: 1720012602
      hostname: c3d-highmem-90-63f6aee
      sysname: Linux
      nodename: c3d-highmem-90-63f6aee
      release: 6.8.0-1009-gcp
      version: '#10-Ubuntu SMP Wed Jun 12 18:52:23 UTC 2024'
      machine: x86_64
      compiler: 'musl-gcc 13.2.1'
      uptime: 152
      totalram: 760457162752
      freeram: 754842398720
      sharedram: 35319808
      bufferram: 132153344
      totalswap: 0
      freeswap: 0
      pagesize: 4096
      cpus: 90
      cpus-online: 90
      ticks-per-second: 100

metrics:
    - stressor: cpu
      bogo-ops: 57297
      bogo-ops-per-second-usr-sys-time: 2864.922626
      bogo-ops-per-second-real-time: 2864.841633
      wall-clock-time: 20.000058
      user-time: 19.999493
      system-time: 0.000000
      cpu-usage-per-instance: 99.997173
      max-rss: 720

...
