---
system-info:
      stress-ng-version: 0.17.08
      run-by: root
      date-yyyy-mm-dd: 2024:06:13
      time-hh-mm-ss: 21:41:26
      epoch-secs: 1718314886
      hostname: affaf898ff9c
      sysname: Linux
      nodename: affaf898ff9c
      release: 6.8.0-1008-aws
      version: '#8-Ubuntu SMP Sat Apr 20 02:43:14 UTC 2024'
      machine: aarch64
      compiler: 'musl-gcc 13.2.1'
      uptime: 152
      totalram: 8189501440
      freeram: 3986190336
      sharedram: 35012608
      bufferram: 105316352
      totalswap: 0
      freeswap: 0
      pagesize: 4096
      cpus: 2
      cpus-online: 2
      ticks-per-second: 100

metrics:
    - stressor: cpu
      bogo-ops: 60226
      bogo-ops-per-second-usr-sys-time: 1519.004135
      bogo-ops-per-second-real-time: 3011.293915
      wall-clock-time: 20.000040
      user-time: 39.647348
      system-time: 0.000997
      cpu-usage-per-instance: 99.120662
      max-rss: 1320

...
