---
system-info:
      stress-ng-version: 0.17.08
      run-by: root
      date-yyyy-mm-dd: 2024:06:08
      time-hh-mm-ss: 08:55:20
      epoch-secs: 1717836920
      hostname: 3dcd65a6dd1f
      sysname: Linux
      nodename: 3dcd65a6dd1f
      release: 6.8.0-1008-aws
      version: '#8-Ubuntu SMP Sat Apr 20 02:43:14 UTC 2024'
      machine: aarch64
      compiler: 'musl-gcc 13.2.1'
      uptime: 131
      totalram: 8189497344
      freeram: 3945795584
      sharedram: 35012608
      bufferram: 97353728
      totalswap: 0
      freeswap: 0
      pagesize: 4096
      cpus: 2
      cpus-online: 2
      ticks-per-second: 100

metrics:
    - stressor: cpu
      bogo-ops: 5806
      bogo-ops-per-second-usr-sys-time: 290.977381
      bogo-ops-per-second-real-time: 575.674401
      wall-clock-time: 10.085562
      user-time: 19.952446
      system-time: 0.000995
      cpu-usage-per-instance: 98.920816
      max-rss: 4136

...
