BaselineInfo:
  WebDBID: -1
  TimeStamp: 20241109062639
Version:
  Major: 11
  Minor: 0
  Build: 1002
  SpecialBuildName: ""
  ptArchitecture: aarch64_linux
Results:
  Results Complete: true
  NumTestProcesses: 64
  CPU_INTEGER_MATH: 305242.04033333331
  CPU_FLOATINGPOINT_MATH: 303542.43662524002
  CPU_PRIME: 338.95861484076914
  CPU_SORTING: 243474.4509917362
  CPU_ENCRYPTION: 8920.8053292691675
  CPU_COMPRESSION: 338493.49016252917
  CPU_SINGLETHREAD: 1560.1225078593559
  CPU_PHYSICS: 8746.6239662873959
  CPU_MATRIX_MULT_SSE: 52866.083581139821
  CPU_mm: 6940.1104017980861
  CPU_sse: 44359.579222177425
  CPU_fma: 61372.587940102298
  CPU_avx: 0
  CPU_avx512: 0
  m_CPU_enc_SHA: 13548704007.769602
  m_CPU_enc_AES: 5183834958.9930096
  m_CPU_enc_ECDSA: 9329888140.0686417
  ME_ALLOC_S: 31226.405315108885
  ME_READ_S: 19682.189648437499
  ME_READ_L: 19050.1875
  ME_WRITE: 19707.9609375
  ME_LARGE: 240437.66666666666
  ME_LATENCY: 50.209714712840572
  ME_THREADED: 258933.267578125
  SUMM_CPU: 34628.487348301722
  SUMM_ME: 3142.1418140988549
SystemInformation:
  OSName: Ubuntu 24.04.1 LTS
  Kernel: 6.8.0-1016-aws
  Device: ""
  Processor: ARM Neoverse-V1 64 Core 0 MHz
  NumSockets: 1
  Manufacturer: ARM
  NumCores: 64
  NumLogicals: 64
  CPUFrequency: 0
  Memory: 253157
Checksum: 878F1040A8AAC86C1BC7060EA404427C59A4C70D