---
system-info:
      stress-ng-version: 0.17.08
      run-by: root
      date-yyyy-mm-dd: 2024:09:16
      time-hh-mm-ss: 07:45:21
      epoch-secs: 1726472721
      hostname: sc-runner
      sysname: Linux
      nodename: sc-runner
      release: 6.8.0-1014-azure
      version: '#16-Ubuntu SMP Thu Aug 15 21:06:50 UTC 2024'
      machine: aarch64
      compiler: 'musl-gcc 13.2.1'
      uptime: 314
      totalram: 33589334016
      freeram: 23571075072
      sharedram: 38178816
      bufferram: 232669184
      totalswap: 0
      freeswap: 0
      pagesize: 4096
      cpus: 8
      cpus-online: 8
      ticks-per-second: 100

metrics:
    - stressor: cpu
      bogo-ops: 289785
      bogo-ops-per-second-usr-sys-time: 1816.709670
      bogo-ops-per-second-real-time: 14489.195829
      wall-clock-time: 20.000075
      user-time: 159.499910
      system-time: 0.010993
      cpu-usage-per-instance: 99.693942
      max-rss: 1192

...
