---
system-info:
      stress-ng-version: 0.17.08
      run-by: root
      date-yyyy-mm-dd: 2024:06:08
      time-hh-mm-ss: 12:34:27
      epoch-secs: 1717850067
      hostname: 0bea95764607
      sysname: Linux
      nodename: 0bea95764607
      release: 6.8.0-1008-aws
      version: '#8-Ubuntu SMP Sat Apr 20 00:46:25 UTC 2024'
      machine: x86_64
      compiler: 'musl-gcc 13.2.1'
      uptime: 163
      totalram: 16469204992
      freeram: 12121042944
      sharedram: 11636736
      bufferram: 101777408
      totalswap: 0
      freeswap: 0
      pagesize: 4096
      cpus: 4
      cpus-online: 4
      ticks-per-second: 100

metrics:
    - stressor: cpu
      bogo-ops: 9853
      bogo-ops-per-second-usr-sys-time: 984.968066
      bogo-ops-per-second-real-time: 984.977193
      wall-clock-time: 10.003277
      user-time: 10.002371
      system-time: 0.000999
      cpu-usage-per-instance: 100.000927
      max-rss: 3920

...
