---
system-info:
      stress-ng-version: 0.17.08
      run-by: root
      date-yyyy-mm-dd: 2024:06:14
      time-hh-mm-ss: 18:56:35
      epoch-secs: 1718391395
      hostname: eea7e3a54ff8
      sysname: Linux
      nodename: eea7e3a54ff8
      release: 6.8.0-1008-aws
      version: '#8-Ubuntu SMP Sat Apr 20 00:46:25 UTC 2024'
      machine: x86_64
      compiler: 'musl-gcc 13.2.1'
      uptime: 181
      totalram: 16469192704
      freeram: 12135677952
      sharedram: 11636736
      bufferram: 109891584
      totalswap: 0
      freeswap: 0
      pagesize: 4096
      cpus: 4
      cpus-online: 4
      ticks-per-second: 100

metrics:
    - stressor: cpu
      bogo-ops: 11819
      bogo-ops-per-second-usr-sys-time: 590.939422
      bogo-ops-per-second-real-time: 590.947626
      wall-clock-time: 20.000080
      user-time: 20.000358
      system-time: 0.000000
      cpu-usage-per-instance: 100.001388
      max-rss: 1160

...
