---
system-info:
      stress-ng-version: 0.17.08
      run-by: root
      date-yyyy-mm-dd: 2024:06:08
      time-hh-mm-ss: 06:42:28
      epoch-secs: 1717828948
      hostname: ffcf89b76788
      sysname: Linux
      nodename: ffcf89b76788
      release: 6.8.0-1008-aws
      version: '#8-Ubuntu SMP Sat Apr 20 02:43:14 UTC 2024'
      machine: aarch64
      compiler: 'musl-gcc 13.2.1'
      uptime: 115
      totalram: 539748093952
      freeram: 534490275840
      sharedram: 36532224
      bufferram: 97656832
      totalswap: 0
      freeswap: 0
      pagesize: 4096
      cpus: 64
      cpus-online: 64
      ticks-per-second: 100

metrics:
    - stressor: cpu
      bogo-ops: 188151
      bogo-ops-per-second-usr-sys-time: 293.108222
      bogo-ops-per-second-real-time: 18747.744376
      wall-clock-time: 10.035927
      user-time: 641.848522
      system-time: 0.067965
      cpu-usage-per-instance: 99.940392
      max-rss: 3584

...
