---
system-info:
      stress-ng-version: 0.17.08
      run-by: root
      date-yyyy-mm-dd: 2024:06:13
      time-hh-mm-ss: 19:40:09
      epoch-secs: 1718307609
      hostname: 794ea925722a
      sysname: Linux
      nodename: 794ea925722a
      release: 6.8.0-1008-aws
      version: '#8-Ubuntu SMP Sat Apr 20 02:43:14 UTC 2024'
      machine: aarch64
      compiler: 'musl-gcc 13.2.1'
      uptime: 129
      totalram: 539748102144
      freeram: 534514245632
      sharedram: 36532224
      bufferram: 104968192
      totalswap: 0
      freeswap: 0
      pagesize: 4096
      cpus: 64
      cpus-online: 64
      ticks-per-second: 100

metrics:
    - stressor: cpu
      bogo-ops: 1944301
      bogo-ops-per-second-usr-sys-time: 1519.558571
      bogo-ops-per-second-real-time: 97214.674665
      wall-clock-time: 20.000077
      user-time: 1279.499996
      system-time: 0.016988
      cpu-usage-per-instance: 99.961878
      max-rss: 1024

...
