---
system-info:
      stress-ng-version: 0.17.08
      run-by: root
      date-yyyy-mm-dd: 2024:06:08
      time-hh-mm-ss: 02:17:48
      epoch-secs: 1717813068
      hostname: 1605d00482d4
      sysname: Linux
      nodename: 1605d00482d4
      release: 6.8.0-1008-aws
      version: '#8-Ubuntu SMP Sat Apr 20 00:46:25 UTC 2024'
      machine: x86_64
      compiler: 'musl-gcc 13.2.1'
      uptime: 132
      totalram: 133622259712
      freeram: 129200676864
      sharedram: 40771584
      bufferram: 95690752
      totalswap: 0
      freeswap: 0
      pagesize: 4096
      cpus: 16
      cpus-online: 16
      ticks-per-second: 100

metrics:
    - stressor: cpu
      bogo-ops: 13909
      bogo-ops-per-second-usr-sys-time: 1390.816690
      bogo-ops-per-second-real-time: 1390.810304
      wall-clock-time: 10.000645
      user-time: 9.998599
      system-time: 0.002000
      cpu-usage-per-instance: 99.999541
      max-rss: 3920

...
