---
system-info:
      stress-ng-version: 0.17.08
      run-by: root
      date-yyyy-mm-dd: 2024:06:13
      time-hh-mm-ss: 15:41:06
      epoch-secs: 1718293266
      hostname: f4f9ba2d8898
      sysname: Linux
      nodename: f4f9ba2d8898
      release: 6.8.0-1008-aws
      version: '#8-Ubuntu SMP Sat Apr 20 00:46:25 UTC 2024'
      machine: x86_64
      compiler: 'musl-gcc 13.2.1'
      uptime: 172
      totalram: 133622259712
      freeram: 129146974208
      sharedram: 40771584
      bufferram: 107122688
      totalswap: 0
      freeswap: 0
      pagesize: 4096
      cpus: 16
      cpus-online: 16
      ticks-per-second: 100

metrics:
    - stressor: cpu
      bogo-ops: 25689
      bogo-ops-per-second-usr-sys-time: 1284.447752
      bogo-ops-per-second-real-time: 1284.445177
      wall-clock-time: 20.000075
      user-time: 19.999036
      system-time: 0.000999
      cpu-usage-per-instance: 99.999799
      max-rss: 1104

...
