---
system-info:
      stress-ng-version: 0.17.08
      run-by: root
      date-yyyy-mm-dd: 2024:07:02
      time-hh-mm-ss: 18:34:56
      epoch-secs: 1719945296
      hostname: c3-highcpu-44-8307c37
      sysname: Linux
      nodename: c3-highcpu-44-8307c37
      release: 6.8.0-1009-gcp
      version: '#10-Ubuntu SMP Wed Jun 12 18:52:23 UTC 2024'
      machine: x86_64
      compiler: 'musl-gcc 13.2.1'
      uptime: 110
      totalram: 92775604224
      freeram: 87366500352
      sharedram: 111865856
      bufferram: 127983616
      totalswap: 0
      freeswap: 0
      pagesize: 4096
      cpus: 44
      cpus-online: 44
      ticks-per-second: 100

metrics:
    - stressor: cpu
      bogo-ops: 732875
      bogo-ops-per-second-usr-sys-time: 833.124344
      bogo-ops-per-second-real-time: 36643.582269
      wall-clock-time: 20.000092
      user-time: 879.645625
      system-time: 0.024985
      cpu-usage-per-instance: 99.962112
      max-rss: 1056

...
