BaselineInfo:
  WebDBID: -1
  TimeStamp: 20241108080319
Version:
  Major: 11
  Minor: 0
  Build: 1002
  SpecialBuildName: ""
  ptArchitecture: x86_64_linux
Results:
  Results Complete: true
  NumTestProcesses: 8
  CPU_INTEGER_MATH: 33478.298666666669
  CPU_FLOATINGPOINT_MATH: 17116.489580351015
  CPU_PRIME: 71.303359780882886
  CPU_SORTING: 17445.285265992065
  CPU_ENCRYPTION: 7270.5878277419897
  CPU_COMPRESSION: 124670.34908895325
  CPU_SINGLETHREAD: 2360.1492039627265
  CPU_PHYSICS: 1390.6898879590685
  CPU_MATRIX_MULT_SSE: 6912.900887572202
  CPU_mm: 721.53290180075135
  CPU_sse: 3109.2469519909309
  CPU_fma: 8729.4671264726639
  CPU_avx: 6444.6275961168849
  CPU_avx512: 9368.261875708331
  m_CPU_enc_SHA: 7342895561.0418396
  m_CPU_enc_AES: 11041136037.73595
  m_CPU_enc_ECDSA: 4487260107.4093647
  ME_ALLOC_S: 3957.9911789717944
  ME_READ_S: 23725.4248046875
  ME_READ_L: 11003.1982421875
  ME_WRITE: 10028.7001953125
  ME_LARGE: 53185.916666666664
  ME_LATENCY: 63.401591622259069
  ME_THREADED: 53130.43017578125
  SUMM_CPU: 11310.699774785446
  SUMM_ME: 2313.2728117583324
SystemInformation:
  OSName: Ubuntu 24.04.1 LTS
  Kernel: 6.8.0-1016-aws
  Device: ""
  Processor: Intel Xeon Platinum 8375C CPU @ 2.90GHz
  NumSockets: 1
  Manufacturer: GenuineIntel
  NumCores: 4
  NumLogicals: 8
  CPUFrequency: 0
  Memory: 63260
  MemModuleInfo:
    iNumMemSticks: 1
    DIMM 1:
      manufacturer: Not Specified
      modulePartNo: Not Specified
      memType: DDR4
      size: 64
      clkspeed: 1600
      moduleVoltage: 0
Checksum: D87517CFD6A4D505A4C89443F380E065C690E2AF