BaselineInfo:
  WebDBID: -1
  TimeStamp: 20260404142336
Version:
  Major: 11
  Minor: 0
  Build: 1004
  SpecialBuildName: ""
  ptArchitecture: x86_64_linux
Results:
  Results Complete: true
  NumTestProcesses: 16
  CPU_INTEGER_MATH: 66964.05233333334
  CPU_FLOATINGPOINT_MATH: 34285.385983729917
  CPU_PRIME: 131.36125230686847
  CPU_SORTING: 34819.321487894893
  CPU_ENCRYPTION: 8465.2738848341069
  CPU_COMPRESSION: 245744.26379642409
  CPU_SINGLETHREAD: 2395.2038123229981
  CPU_PHYSICS: 2234.595353949886
  CPU_MATRIX_MULT_SSE: 14037.551022797612
  CPU_mm: 1445.069289208999
  CPU_sse: 6360.021882433527
  CPU_fma: 17439.416507746762
  CPU_avx: 12896.862573930017
  CPU_avx512: 19453.903127080139
  m_CPU_enc_SHA: 2405627100.7034187
  m_CPU_enc_AES: 22037470815.851616
  m_CPU_enc_ECDSA: 2186351170.6363883
  ME_ALLOC_S: 7964.4719422305952
  ME_READ_S: 23840.348828124999
  ME_READ_L: 11810.4326171875
  ME_WRITE: 11030.4892578125
  ME_LARGE: 112997.41666666667
  ME_LATENCY: 53.449011866300204
  ME_THREADED: 76481.5419921875
  SUMM_CPU: 19492.458513113383
  SUMM_ME: 2660.7387474088323
SystemInformation:
  OSName: Ubuntu 24.04.4 LTS
  Kernel: 6.8.0-106-generic
  Device: ""
  Processor: Intel(R) Xeon(R) Platinum
  NumSockets: 1
  Manufacturer: GenuineIntel
  NumCores: 8
  NumLogicals: 16
  CPUFrequency: 0
  CPUMaxFrequency: 0
  Memory: 126250
  CPUInfo:
    number: 1
    Family: 6
    Model: 5
    stepping: 4
    features: 529267711
    manufacture: GenuineIntel
    typestring: Intel(R) Xeon(R) Platinum
    iCoresPerPackage: 8
    iThreadsPerPackage: 2
    featuresEx:
      - 529267711
      - 4294586883
      - 739248128
    bHybrid: false
    nPCore: 0
    nLogicalsPerPCore: 0
    nECore: 0
    nLogicalsPerECore: 0
  MemModuleInfo:
    iNumMemSticks: 8
    DIMM 1:
      manufacturer: Alibaba Cloud
      modulePartNo: Not Specified
      memType: RAM
      size: 16
      clkspeed: 0
      moduleVoltage: 0
    DIMM 2:
      manufacturer: Alibaba Cloud
      modulePartNo: Not Specified
      memType: RAM
      size: 16
      clkspeed: 0
      moduleVoltage: 0
    DIMM 3:
      manufacturer: Alibaba Cloud
      modulePartNo: Not Specified
      memType: RAM
      size: 16
      clkspeed: 0
      moduleVoltage: 0
    DIMM 4:
      manufacturer: Alibaba Cloud
      modulePartNo: Not Specified
      memType: RAM
      size: 16
      clkspeed: 0
      moduleVoltage: 0
    DIMM 5:
      manufacturer: Alibaba Cloud
      modulePartNo: Not Specified
      memType: RAM
      size: 16
      clkspeed: 0
      moduleVoltage: 0
    DIMM 6:
      manufacturer: Alibaba Cloud
      modulePartNo: Not Specified
      memType: RAM
      size: 16
      clkspeed: 0
      moduleVoltage: 0
    DIMM 7:
      manufacturer: Alibaba Cloud
      modulePartNo: Not Specified
      memType: RAM
      size: 16
      clkspeed: 0
      moduleVoltage: 0
    DIMM 8:
      manufacturer: Alibaba Cloud
      modulePartNo: Not Specified
      memType: RAM
      size: 16
      clkspeed: 0
      moduleVoltage: 0
Checksum: 2CD87CF08A7765D1D6FA7BD382539DAB055D4F0F