BaselineInfo:
  WebDBID: -1
  TimeStamp: 20250916003254
Version:
  Major: 11
  Minor: 0
  Build: 1002
  SpecialBuildName: ""
  ptArchitecture: aarch64_linux
Results:
  Results Complete: true
  NumTestProcesses: 16
  CPU_INTEGER_MATH: 83469.375
  CPU_FLOATINGPOINT_MATH: 96959.904020730581
  CPU_PRIME: 240.08505966398948
  CPU_SORTING: 74238.341869042604
  CPU_ENCRYPTION: 3035.4146652326276
  CPU_COMPRESSION: 106268.58203693572
  CPU_SINGLETHREAD: 1942.8487673618113
  CPU_PHYSICS: 4811.303958057154
  CPU_MATRIX_MULT_SSE: 14724.394716793757
  CPU_mm: 1824.3231219774641
  CPU_sse: 11565.264841805314
  CPU_fma: 17883.524591782207
  CPU_avx: 0
  CPU_avx512: 0
  m_CPU_enc_SHA: 4789913145.7964983
  m_CPU_enc_AES: 1718400389.6931889
  m_CPU_enc_ECDSA: 3040275368.5432167
  ME_ALLOC_S: 24245.317107326464
  ME_READ_S: 21150.706640625001
  ME_READ_L: 19620.90234375
  ME_WRITE: 21266.333984375
  ME_LARGE: 116101.5
  ME_LATENCY: 47.189542437607891
  ME_THREADED: 274632.1298828125
  SUMM_CPU: 14590.992496148478
  SUMM_ME: 3317.4999826224835
SystemInformation:
  OSName: Ubuntu 24.04.2 LTS
  Kernel: 6.14.0-1012-aws
  Device: ""
  Processor: ARM Neoverse-V2 16 Core 0 MHz
  NumSockets: 1
  Manufacturer: ARM
  NumCores: 16
  NumLogicals: 16
  CPUFrequency: 0
  Memory: 126507
Checksum: D6CFA72E517CD49E269FB656B05B43DD6389D03B