---
system-info:
      stress-ng-version: 0.17.08
      run-by: root
      date-yyyy-mm-dd: 2024:08:30
      time-hh-mm-ss: 16:10:34
      epoch-secs: 1725034234
      hostname: sc-runner
      sysname: Linux
      nodename: sc-runner
      release: 6.8.0-1013-azure
      version: '#15-Ubuntu SMP Thu Aug  8 18:40:40 UTC 2024'
      machine: x86_64
      compiler: 'musl-gcc 13.2.1'
      uptime: 341
      totalram: 8321908736
      freeram: 264167424
      sharedram: 54882304
      bufferram: 197451776
      totalswap: 0
      freeswap: 0
      pagesize: 4096
      cpus: 4
      cpus-online: 4
      ticks-per-second: 100

metrics:
    - stressor: cpu
      bogo-ops: 37938
      bogo-ops-per-second-usr-sys-time: 1896.981096
      bogo-ops-per-second-real-time: 1896.893849
      wall-clock-time: 20.000065
      user-time: 19.998146
      system-time: 0.000999
      cpu-usage-per-instance: 99.995401
      max-rss: 3024

...
