---
system-info:
      stress-ng-version: 0.17.08
      run-by: root
      date-yyyy-mm-dd: 2024:06:13
      time-hh-mm-ss: 11:55:19
      epoch-secs: 1718279719
      hostname: 34d7b2b5dbf5
      sysname: Linux
      nodename: 34d7b2b5dbf5
      release: 6.8.0-1008-aws
      version: '#8-Ubuntu SMP Sat Apr 20 02:43:14 UTC 2024'
      machine: aarch64
      compiler: 'musl-gcc 13.2.1'
      uptime: 125
      totalram: 198210940928
      freeram: 193509605376
      sharedram: 35168256
      bufferram: 104685568
      totalswap: 0
      freeswap: 0
      pagesize: 4096
      cpus: 48
      cpus-online: 48
      ticks-per-second: 100

metrics:
    - stressor: cpu
      bogo-ops: 1456708
      bogo-ops-per-second-usr-sys-time: 1517.965895
      bogo-ops-per-second-real-time: 72835.152437
      wall-clock-time: 20.000068
      user-time: 959.619760
      system-time: 0.024989
      cpu-usage-per-instance: 99.962655
      max-rss: 1152

...
