BaselineInfo:
  WebDBID: -1
  TimeStamp: 20260630171952
Version:
  Major: 11
  Minor: 0
  Build: 1004
  SpecialBuildName: ""
  ptArchitecture: x86_64_linux
Results:
  Results Complete: true
  NumTestProcesses: 16
  CPU_INTEGER_MATH: 89959.626999999993
  CPU_FLOATINGPOINT_MATH: 70976.379299650536
  CPU_PRIME: 260.40476519916041
  CPU_SORTING: 51188.27563936053
  CPU_ENCRYPTION: 19340.55458196902
  CPU_COMPRESSION: 365005.83330752514
  CPU_SINGLETHREAD: 2506.2880613866232
  CPU_PHYSICS: 4732.6406970145554
  CPU_MATRIX_MULT_SSE: 29461.413296705628
  CPU_mm: 3231.0886157942523
  CPU_sse: 13891.574760153473
  CPU_fma: 41917.887939696542
  CPU_avx: 32574.777190266876
  CPU_avx512: 0
  m_CPU_enc_SHA: 27339649201.852085
  m_CPU_enc_AES: 17302160088.321075
  m_CPU_enc_ECDSA: 16198314793.855078
  ME_ALLOC_S: 7168.2909673602589
  ME_READ_S: 25524.647656249999
  ME_READ_L: 15448.224609375
  ME_WRITE: 15974.1767578125
  ME_LARGE: 119628.58333333333
  ME_LATENCY: 65.194071208133153
  ME_THREADED: 174820.4580078125
  SUMM_CPU: 31969.291961888794
  SUMM_ME: 2725.6850396283148
SystemInformation:
  OSName: Ubuntu 24.04.4 LTS
  Kernel: 6.8.0-124-generic
  Device: ""
  Processor: AMD EPYC-Rome Processor
  NumSockets: 1
  Manufacturer: AuthenticAMD
  NumCores: 8
  NumLogicals: 16
  CPUFrequency: 0
  CPUMaxFrequency: 0
  Memory: 128806
  CPUInfo:
    number: 1
    Family: 15
    Model: 1
    stepping: 0
    features: 395049983
    manufacture: AuthenticAMD
    typestring: AMD EPYC-Rome Processor
    iCoresPerPackage: 8
    iThreadsPerPackage: 2
    featuresEx:
      - 395049983
      - 4277678595
      - 802421759
    bHybrid: false
    nPCore: 0
    nLogicalsPerPCore: 0
    nECore: 0
    nLogicalsPerECore: 0
  MemModuleInfo:
    iNumMemSticks: 8
    DIMM 1:
      manufacturer: QEMU
      modulePartNo: Not Specified
      memType: RAM
      size: 16
      clkspeed: 0
      moduleVoltage: 0
    DIMM 2:
      manufacturer: QEMU
      modulePartNo: Not Specified
      memType: RAM
      size: 16
      clkspeed: 0
      moduleVoltage: 0
    DIMM 3:
      manufacturer: QEMU
      modulePartNo: Not Specified
      memType: RAM
      size: 16
      clkspeed: 0
      moduleVoltage: 0
    DIMM 4:
      manufacturer: QEMU
      modulePartNo: Not Specified
      memType: RAM
      size: 16
      clkspeed: 0
      moduleVoltage: 0
    DIMM 5:
      manufacturer: QEMU
      modulePartNo: Not Specified
      memType: RAM
      size: 16
      clkspeed: 0
      moduleVoltage: 0
    DIMM 6:
      manufacturer: QEMU
      modulePartNo: Not Specified
      memType: RAM
      size: 16
      clkspeed: 0
      moduleVoltage: 0
    DIMM 7:
      manufacturer: QEMU
      modulePartNo: Not Specified
      memType: RAM
      size: 16
      clkspeed: 0
      moduleVoltage: 0
    DIMM 8:
      manufacturer: QEMU
      modulePartNo: Not Specified
      memType: RAM
      size: 16
      clkspeed: 0
      moduleVoltage: 0
Checksum: 31DA9B66BC9A92D9D7B8CE504E9755D6BA0FACDB