---
system-info:
      stress-ng-version: 0.17.08
      run-by: root
      date-yyyy-mm-dd: 2024:06:20
      time-hh-mm-ss: 22:11:31
      epoch-secs: 1718921491
      hostname: d226e0e293ac
      sysname: Linux
      nodename: d226e0e293ac
      release: 6.8.0-1008-gcp
      version: '#9-Ubuntu SMP Wed May 22 18:09:04 UTC 2024'
      machine: x86_64
      compiler: 'musl-gcc 13.2.1'
      uptime: 185
      totalram: 2060492800
      freeram: 137584640
      sharedram: 36016128
      bufferram: 127377408
      totalswap: 0
      freeswap: 0
      pagesize: 4096
      cpus: 2
      cpus-online: 2
      ticks-per-second: 100

metrics:
    - stressor: cpu
      bogo-ops: 27970
      bogo-ops-per-second-usr-sys-time: 1398.795705
      bogo-ops-per-second-real-time: 1398.490931
      wall-clock-time: 20.000130
      user-time: 19.995772
      system-time: 0.000000
      cpu-usage-per-instance: 99.978212
      max-rss: 1104

...
