---
system-info:
      stress-ng-version: 0.17.08
      run-by: root
      date-yyyy-mm-dd: 2024:06:14
      time-hh-mm-ss: 23:42:29
      epoch-secs: 1718408549
      hostname: 65c556729f34
      sysname: Linux
      nodename: 65c556729f34
      release: 6.8.0-1008-aws
      version: '#8-Ubuntu SMP Sat Apr 20 00:46:25 UTC 2024'
      machine: x86_64
      compiler: 'musl-gcc 13.2.1'
      uptime: 111
      totalram: 16469204992
      freeram: 12101488640
      sharedram: 59883520
      bufferram: 108195840
      totalswap: 0
      freeswap: 0
      pagesize: 4096
      cpus: 4
      cpus-online: 4
      ticks-per-second: 100

metrics:
    - stressor: cpu
      bogo-ops: 76973
      bogo-ops-per-second-usr-sys-time: 966.199305
      bogo-ops-per-second-real-time: 3848.625455
      wall-clock-time: 20.000128
      user-time: 79.653764
      system-time: 0.011994
      cpu-usage-per-instance: 99.581562
      max-rss: 1104

...
