---
system-info:
      stress-ng-version: 0.17.08
      run-by: root
      date-yyyy-mm-dd: 2024:06:08
      time-hh-mm-ss: 17:31:00
      epoch-secs: 1717867860
      hostname: 6682289ce07e
      sysname: Linux
      nodename: 6682289ce07e
      release: 6.8.0-1008-aws
      version: '#8-Ubuntu SMP Sat Apr 20 00:46:25 UTC 2024'
      machine: x86_64
      compiler: 'musl-gcc 13.2.1'
      uptime: 104
      totalram: 16469192704
      freeram: 12045033472
      sharedram: 59883520
      bufferram: 104464384
      totalswap: 0
      freeswap: 0
      pagesize: 4096
      cpus: 4
      cpus-online: 4
      ticks-per-second: 100

metrics:
    - stressor: cpu
      bogo-ops: 49599
      bogo-ops-per-second-usr-sys-time: 1244.772228
      bogo-ops-per-second-real-time: 4959.197173
      wall-clock-time: 10.001417
      user-time: 39.829852
      system-time: 0.015992
      cpu-usage-per-instance: 99.600494
      max-rss: 4048

...
