---
system-info:
      stress-ng-version: 0.17.08
      run-by: root
      date-yyyy-mm-dd: 2024:06:21
      time-hh-mm-ss: 13:02:01
      epoch-secs: 1718974921
      hostname: 242140f6a09a
      sysname: Linux
      nodename: 242140f6a09a
      release: 6.8.0-1008-gcp
      version: '#9-Ubuntu SMP Wed May 22 18:09:04 UTC 2024'
      machine: x86_64
      compiler: 'musl-gcc 13.2.1'
      uptime: 174
      totalram: 135067545600
      freeram: 129800024064
      sharedram: 18251776
      bufferram: 136167424
      totalswap: 0
      freeswap: 0
      pagesize: 4096
      cpus: 16
      cpus-online: 16
      ticks-per-second: 100

metrics:
    - stressor: cpu
      bogo-ops: 53833
      bogo-ops-per-second-usr-sys-time: 2691.734655
      bogo-ops-per-second-real-time: 2691.627892
      wall-clock-time: 20.000164
      user-time: 19.999371
      system-time: 0.000000
      cpu-usage-per-instance: 99.996034
      max-rss: 1104

...
