BaselineInfo:
  WebDBID: -1
  TimeStamp: 20241115095333
Version:
  Major: 11
  Minor: 0
  Build: 1002
  SpecialBuildName: ""
  ptArchitecture: aarch64_linux
Results:
  Results Complete: true
  NumTestProcesses: 1
  CPU_INTEGER_MATH: 3906.0650000000001
  CPU_FLOATINGPOINT_MATH: 2967.237879826866
  CPU_PRIME: 8.0075681202278801
  CPU_SORTING: 2797.5252382816357
  CPU_ENCRYPTION: 132.39983813095526
  CPU_COMPRESSION: 4142.216342353765
  CPU_SINGLETHREAD: 1002.289705144326
  CPU_PHYSICS: 173.52552105563606
  CPU_MATRIX_MULT_SSE: 616.8849832542528
  CPU_mm: 103.30197418908568
  CPU_sse: 516.57303419885079
  CPU_fma: 717.19693230965481
  CPU_avx: 0
  CPU_avx512: 0
  m_CPU_enc_SHA: 199278668.81617042
  m_CPU_enc_AES: 93124572.08597222
  m_CPU_enc_ECDSA: 124090637.10187103
  ME_ALLOC_S: 645.23680053411272
  ME_READ_S: 9344.6930664062493
  ME_READ_L: 8994.2001953125
  ME_WRITE: 12416.474609375
  ME_LARGE: 568.83333333333337
  ME_LATENCY: 72.508308110118421
  ME_THREADED: 9035.7138671875
  SUMM_CPU: 660.70935080976517
  SUMM_ME: 755.25766160025887
SystemInformation:
  OSName: Ubuntu 24.04.1 LTS
  Kernel: 6.8.0-1018-aws
  Device: ""
  Processor: ARM Neoverse-N1 1 Core 0 MHz
  NumSockets: 1
  Manufacturer: ARM
  NumCores: 1
  NumLogicals: 1
  CPUFrequency: 0
  Memory: 1831
Checksum: 9FBDF4B2A24FD052106F25B65A6884879DD82D3D