BaselineInfo:
  WebDBID: -1
  TimeStamp: 20241114171654
Version:
  Major: 11
  Minor: 0
  Build: 1002
  SpecialBuildName: ""
  ptArchitecture: aarch64_linux
Results:
  Results Complete: true
  NumTestProcesses: 1
  CPU_INTEGER_MATH: 3881.4753333333333
  CPU_FLOATINGPOINT_MATH: 2950.763194441648
  CPU_PRIME: 8.214272261717154
  CPU_SORTING: 2732.3360434498054
  CPU_ENCRYPTION: 131.88512921036619
  CPU_COMPRESSION: 4090.3038408261136
  CPU_SINGLETHREAD: 995.28215804965191
  CPU_PHYSICS: 169.97192805912391
  CPU_MATRIX_MULT_SSE: 612.44409249213186
  CPU_mm: 101.8862935425886
  CPU_sse: 511.73250091513182
  CPU_fma: 713.15568406913201
  CPU_avx: 0
  CPU_avx512: 0
  m_CPU_enc_SHA: 198812485.08833566
  m_CPU_enc_AES: 92421741.666729838
  m_CPU_enc_ECDSA: 123640516.98560132
  ME_ALLOC_S: 637.43521518591706
  ME_READ_S: 9294.5787109374996
  ME_READ_L: 8980.0810546875
  ME_WRITE: 12352.2080078125
  ME_LARGE: 532
  ME_LATENCY: 72.832757282136924
  ME_THREADED: 8990.732421875
  SUMM_CPU: 655.63718898520779
  SUMM_ME: 731.33487272566003
SystemInformation:
  OSName: Ubuntu 24.04.1 LTS
  Kernel: 6.8.0-1018-aws
  Device: ""
  Processor: ARM Neoverse-N1 1 Core 0 MHz
  NumSockets: 1
  Manufacturer: ARM
  NumCores: 1
  NumLogicals: 1
  CPUFrequency: 0
  Memory: 1831
Checksum: CFE8D4F8E72CFA19A9E07EA7381555392E7C806D