BaselineInfo:
  WebDBID: -1
  TimeStamp: 20241106221115
Version:
  Major: 11
  Minor: 0
  Build: 1002
  SpecialBuildName: ""
  ptArchitecture: aarch64_linux
Results:
  Results Complete: true
  NumTestProcesses: 1
  CPU_INTEGER_MATH: 3876.1503333333335
  CPU_FLOATINGPOINT_MATH: 2948.4531999863652
  CPU_PRIME: 7.8577943762418583
  CPU_SORTING: 2725.2045760779206
  CPU_ENCRYPTION: 131.13939702900896
  CPU_COMPRESSION: 4085.2877112511851
  CPU_SINGLETHREAD: 995.6079896575045
  CPU_PHYSICS: 160.55644611424208
  CPU_MATRIX_MULT_SSE: 611.10633460172028
  CPU_mm: 102.72420246013938
  CPU_sse: 511.69610974504292
  CPU_fma: 710.51655945839764
  CPU_avx: 0
  CPU_avx512: 0
  m_CPU_enc_SHA: 198523124.6993117
  m_CPU_enc_AES: 91815791.519148678
  m_CPU_enc_ECDSA: 122189956.91880988
  ME_ALLOC_S: 621.24380694128888
  ME_READ_S: 9283.83349609375
  ME_READ_L: 8972.0888671875
  ME_WRITE: 12311.1201171875
  ME_LARGE: 529.33333333333337
  ME_LATENCY: 72.874661632513536
  ME_THREADED: 8998.8251953125
  SUMM_CPU: 652.57689274997711
  SUMM_ME: 728.22113598313138
SystemInformation:
  OSName: Ubuntu 24.04.1 LTS
  Kernel: 6.8.0-1016-aws
  Device: ""
  Processor: ARM Neoverse-N1 1 Core 0 MHz
  NumSockets: 1
  Manufacturer: ARM
  NumCores: 1
  NumLogicals: 1
  CPUFrequency: 0
  Memory: 1831
Checksum: 3C2E6D9F8DA44A89F2D95614AAFCF1A9D239CA28