---
system-info:
      stress-ng-version: 0.17.08
      run-by: root
      date-yyyy-mm-dd: 2024:06:08
      time-hh-mm-ss: 02:56:00
      epoch-secs: 1717815360
      hostname: 00517fb37225
      sysname: Linux
      nodename: 00517fb37225
      release: 6.8.0-1008-aws
      version: '#8-Ubuntu SMP Sat Apr 20 00:46:25 UTC 2024'
      machine: x86_64
      compiler: 'musl-gcc 13.2.1'
      uptime: 176
      totalram: 535313911808
      freeram: 530078314496
      sharedram: 78520320
      bufferram: 97030144
      totalswap: 0
      freeswap: 0
      pagesize: 4096
      cpus: 64
      cpus-online: 64
      ticks-per-second: 100

metrics:
    - stressor: cpu
      bogo-ops: 14359
      bogo-ops-per-second-usr-sys-time: 1435.798058
      bogo-ops-per-second-real-time: 1435.768517
      wall-clock-time: 10.000916
      user-time: 9.996711
      system-time: 0.003999
      cpu-usage-per-instance: 99.997943
      max-rss: 3584

...
