---
system-info:
      stress-ng-version: 0.17.08
      run-by: root
      date-yyyy-mm-dd: 2024:06:13
      time-hh-mm-ss: 16:26:57
      epoch-secs: 1718296017
      hostname: 05cd14d85a0e
      sysname: Linux
      nodename: 05cd14d85a0e
      release: 6.8.0-1008-aws
      version: '#8-Ubuntu SMP Sat Apr 20 00:46:25 UTC 2024'
      machine: x86_64
      compiler: 'musl-gcc 13.2.1'
      uptime: 164
      totalram: 535313911808
      freeram: 530118295552
      sharedram: 78520320
      bufferram: 107069440
      totalswap: 0
      freeswap: 0
      pagesize: 4096
      cpus: 64
      cpus-online: 64
      ticks-per-second: 100

metrics:
    - stressor: cpu
      bogo-ops: 25681
      bogo-ops-per-second-usr-sys-time: 1284.062905
      bogo-ops-per-second-real-time: 1284.046908
      wall-clock-time: 20.000048
      user-time: 19.999799
      system-time: 0.000000
      cpu-usage-per-instance: 99.998754
      max-rss: 512

...
