BaselineInfo:
  WebDBID: -1
  TimeStamp: 20260616135029
Version:
  Major: 11
  Minor: 0
  Build: 1004
  SpecialBuildName: ""
  ptArchitecture: x86_64_linux
Results:
  Results Complete: true
  NumTestProcesses: 2
  CPU_INTEGER_MATH: 5753.1773333333331
  CPU_FLOATINGPOINT_MATH: 3078.2673424336772
  CPU_PRIME: 6.2428982569237732
  CPU_SORTING: 2324.3530445517727
  CPU_ENCRYPTION: 737.12757509161293
  CPU_COMPRESSION: 26554.337438649534
  CPU_SINGLETHREAD: 1854.3933968202346
  CPU_PHYSICS: 61.730352300116309
  CPU_MATRIX_MULT_SSE: 1485.0499202306214
  CPU_mm: 174.48126191426132
  CPU_sse: 628.88190425467258
  CPU_fma: 1925.0707314708052
  CPU_avx: 1360.411986424938
  CPU_avx512: 2025.8350587720706
  m_CPU_enc_SHA: 259448718.82617903
  m_CPU_enc_AES: 1827272215.8929105
  m_CPU_enc_ECDSA: 232081917.81869966
  ME_ALLOC_S: 533.34513445708194
  ME_READ_S: 14778.498620605469
  ME_READ_L: 2035.296142578125
  ME_WRITE: 2015.5394287109375
  ME_LARGE: 722.5
  ME_LATENCY: 59.596642377046919
  ME_THREADED: 2034.3245849609375
  SUMM_CPU: 1740.405310931545
  SUMM_ME: 483.04916282617728
SystemInformation:
  OSName: Ubuntu 24.04.4 LTS
  Kernel: 6.8.0-117-generic
  Device: ""
  Processor: Intel(R) Xeon(R) Platinum
  NumSockets: 1
  Manufacturer: GenuineIntel
  NumCores: 1
  NumLogicals: 2
  CPUFrequency: 0
  CPUMaxFrequency: 0
  Memory: 1612
  CPUInfo:
    number: 1
    Family: 6
    Model: 5
    stepping: 4
    features: 529267711
    manufacture: GenuineIntel
    typestring: Intel(R) Xeon(R) Platinum
    iCoresPerPackage: 1
    iThreadsPerPackage: 2
    featuresEx:
      - 529267711
      - 4294586883
      - 739248128
    bHybrid: false
    nPCore: 0
    nLogicalsPerPCore: 0
    nECore: 0
    nLogicalsPerECore: 0
  MemModuleInfo:
    iNumMemSticks: 1
    DIMM 1:
      manufacturer: Alibaba Cloud
      modulePartNo: Not Specified
      memType: RAM
      size: 2
      clkspeed: 0
      moduleVoltage: 0
Checksum: EF8DBE1C02A5AD1E2D89FCB08CC61B713BA9A16C