---
system-info:
      stress-ng-version: 0.17.08
      run-by: root
      date-yyyy-mm-dd: 2024:06:06
      time-hh-mm-ss: 01:59:02
      epoch-secs: 1717639142
      hostname: 55cd794d7199
      sysname: Linux
      nodename: 55cd794d7199
      release: 6.8.0-1008-aws
      version: '#8-Ubuntu SMP Sat Apr 20 00:46:25 UTC 2024'
      machine: x86_64
      compiler: 'musl-gcc 13.2.1'
      uptime: 127
      totalram: 99083100160
      freeram: 94759456768
      sharedram: 36978688
      bufferram: 80273408
      totalswap: 0
      freeswap: 0
      pagesize: 4096
      cpus: 48
      cpus-online: 48
      ticks-per-second: 100

metrics:
    - stressor: cpu
      bogo-ops: 17519
      bogo-ops-per-second-usr-sys-time: 1751.938192
      bogo-ops-per-second-real-time: 1751.889098
      wall-clock-time: 10.000062
      user-time: 9.999782
      system-time: 0.000000
      cpu-usage-per-instance: 99.997198
      max-rss: 3840

...
