---
system-info:
      stress-ng-version: 0.17.08
      run-by: root
      date-yyyy-mm-dd: 2024:06:14
      time-hh-mm-ss: 03:22:57
      epoch-secs: 1718335377
      hostname: 7687a32cc4fd
      sysname: Linux
      nodename: 7687a32cc4fd
      release: 6.8.0-1008-aws
      version: '#8-Ubuntu SMP Sat Apr 20 00:46:25 UTC 2024'
      machine: x86_64
      compiler: 'musl-gcc 13.2.1'
      uptime: 150
      totalram: 99083100160
      freeram: 94474145792
      sharedram: 36978688
      bufferram: 108896256
      totalswap: 0
      freeswap: 0
      pagesize: 4096
      cpus: 48
      cpus-online: 48
      ticks-per-second: 100

metrics:
    - stressor: cpu
      bogo-ops: 59753
      bogo-ops-per-second-usr-sys-time: 2987.736794
      bogo-ops-per-second-real-time: 2987.632762
      wall-clock-time: 20.000115
      user-time: 19.998420
      system-time: 0.000999
      cpu-usage-per-instance: 99.996518
      max-rss: 1152

...
