BaselineInfo:
  WebDBID: -1
  TimeStamp: 20241115025756
Version:
  Major: 11
  Minor: 0
  Build: 1002
  SpecialBuildName: ""
  ptArchitecture: x86_64_linux
Results:
  Results Complete: true
  NumTestProcesses: 2
  CPU_INTEGER_MATH: 5123.028666666667
  CPU_FLOATINGPOINT_MATH: 2716.2343810864577
  CPU_PRIME: 9.6528269141719711
  CPU_SORTING: 3242.1483674553792
  CPU_ENCRYPTION: 1592.093990043802
  CPU_COMPRESSION: 21205.689241860629
  CPU_SINGLETHREAD: 1401.8810525021904
  CPU_PHYSICS: 218.22568109913442
  CPU_MATRIX_MULT_SSE: 778.83892558823072
  CPU_mm: 156.1091425898054
  CPU_sse: 633.30661902097063
  CPU_fma: 935.19584526143171
  CPU_avx: 768.01431248228971
  CPU_avx512: 0
  m_CPU_enc_SHA: 2252387954.2287998
  m_CPU_enc_AES: 1547707612.0301318
  m_CPU_enc_ECDSA: 1208199076.8535774
  ME_ALLOC_S: 0
  ME_READ_S: 0
  ME_READ_L: 0
  ME_WRITE: 0
  ME_LARGE: 0
  ME_LATENCY: 0
  ME_THREADED: 0
  SUMM_CPU: 1864.8292161524303
  SUMM_ME: 0
SystemInformation:
  OSName: Ubuntu 24.04.1 LTS
  Kernel: 6.8.0-1018-aws
  Device: ""
  Processor: AMD EPYC 7571
  NumSockets: 1
  Manufacturer: AuthenticAMD
  NumCores: 1
  NumLogicals: 2
  CPUFrequency: 0
  Memory: 918
  MemModuleInfo:
    iNumMemSticks: 1
    DIMM 1:
      manufacturer: Not Specified
      modulePartNo: Not Specified
      memType: DDR4
      size: 1
      clkspeed: 1333
      moduleVoltage: 0
Checksum: 673A8F0EA6BAA9A0F8750F62251C39A5F482CB80