BaselineInfo:
  WebDBID: -1
  TimeStamp: 20241114163437
Version:
  Major: 11
  Minor: 0
  Build: 1002
  SpecialBuildName: ""
  ptArchitecture: x86_64_linux
Results:
  Results Complete: true
  NumTestProcesses: 2
  CPU_INTEGER_MATH: 5120.7803333333341
  CPU_FLOATINGPOINT_MATH: 2710.0297446686482
  CPU_PRIME: 8.345823978398144
  CPU_SORTING: 3234.7619057725587
  CPU_ENCRYPTION: 1607.5104795697443
  CPU_COMPRESSION: 21109.057110328806
  CPU_SINGLETHREAD: 1382.8521693962493
  CPU_PHYSICS: 210.21370324727269
  CPU_MATRIX_MULT_SSE: 772.36773016441134
  CPU_mm: 156.44701197597473
  CPU_sse: 631.08855321663111
  CPU_fma: 934.48701109586659
  CPU_avx: 751.52762618073587
  CPU_avx512: 0
  m_CPU_enc_SHA: 2276998919.0312071
  m_CPU_enc_AES: 1580197370.4202547
  m_CPU_enc_ECDSA: 1199594436.4245112
  ME_ALLOC_S: 0
  ME_READ_S: 0
  ME_READ_L: 0
  ME_WRITE: 0
  ME_LARGE: 0
  ME_LATENCY: 0
  ME_THREADED: 0
  SUMM_CPU: 1845.0104449450682
  SUMM_ME: 0
SystemInformation:
  OSName: Ubuntu 24.04.1 LTS
  Kernel: 6.8.0-1018-aws
  Device: ""
  Processor: AMD EPYC 7571
  NumSockets: 1
  Manufacturer: AuthenticAMD
  NumCores: 1
  NumLogicals: 2
  CPUFrequency: 0
  Memory: 918
  MemModuleInfo:
    iNumMemSticks: 1
    DIMM 1:
      manufacturer: Not Specified
      modulePartNo: Not Specified
      memType: DDR4
      size: 1
      clkspeed: 1333
      moduleVoltage: 0
Checksum: 4378E7F77245CBCEB2348DD143A51B56BD4D3D0B