BaselineInfo:
  WebDBID: -1
  TimeStamp: 20241115204933
Version:
  Major: 11
  Minor: 0
  Build: 1002
  SpecialBuildName: ""
  ptArchitecture: x86_64_linux
Results:
  Results Complete: true
  NumTestProcesses: 2
  CPU_INTEGER_MATH: 5172.8233333333337
  CPU_FLOATINGPOINT_MATH: 2723.5140468450336
  CPU_PRIME: 9.2294199221895177
  CPU_SORTING: 3224.7249258683778
  CPU_ENCRYPTION: 1613.7091785063428
  CPU_COMPRESSION: 21310.472689304795
  CPU_SINGLETHREAD: 1393.4016807417324
  CPU_PHYSICS: 214.88992517553464
  CPU_MATRIX_MULT_SSE: 773.62007654867284
  CPU_mm: 156.10616845873676
  CPU_sse: 632.52172780901992
  CPU_fma: 934.80413522853007
  CPU_avx: 753.53436660846819
  CPU_avx512: 0
  m_CPU_enc_SHA: 2286168218.4854312
  m_CPU_enc_AES: 1581542086.6105161
  m_CPU_enc_ECDSA: 1208579841.5884538
  ME_ALLOC_S: 0
  ME_READ_S: 0
  ME_READ_L: 0
  ME_WRITE: 0
  ME_LARGE: 0
  ME_LATENCY: 0
  ME_THREADED: 0
  SUMM_CPU: 1863.8637126489371
  SUMM_ME: 0
SystemInformation:
  OSName: Ubuntu 24.04.1 LTS
  Kernel: 6.8.0-1018-aws
  Device: ""
  Processor: AMD EPYC 7571
  NumSockets: 1
  Manufacturer: AuthenticAMD
  NumCores: 1
  NumLogicals: 2
  CPUFrequency: 0
  Memory: 918
  MemModuleInfo:
    iNumMemSticks: 1
    DIMM 1:
      manufacturer: Not Specified
      modulePartNo: Not Specified
      memType: DDR4
      size: 1
      clkspeed: 1333
      moduleVoltage: 0
Checksum: A89FA69292DFFEE4B142F91248B73EB42D0F3279