BaselineInfo:
  WebDBID: -1
  TimeStamp: 20241114185555
Version:
  Major: 11
  Minor: 0
  Build: 1002
  SpecialBuildName: ""
  ptArchitecture: x86_64_linux
Results:
  Results Complete: true
  NumTestProcesses: 2
  CPU_INTEGER_MATH: 5067.9089999999997
  CPU_FLOATINGPOINT_MATH: 2711.3926833224627
  CPU_PRIME: 9.5438379635907076
  CPU_SORTING: 3234.0411934623289
  CPU_ENCRYPTION: 1608.2899801793242
  CPU_COMPRESSION: 21467.052433051438
  CPU_SINGLETHREAD: 1371.2663924597182
  CPU_PHYSICS: 208.09328961225089
  CPU_MATRIX_MULT_SSE: 778.86536178310996
  CPU_mm: 156.0590440062492
  CPU_sse: 632.69135422617296
  CPU_fma: 934.002123689379
  CPU_avx: 769.9026074337778
  CPU_avx512: 0
  m_CPU_enc_SHA: 2278336725.2407298
  m_CPU_enc_AES: 1581659010.957849
  m_CPU_enc_ECDSA: 1199247086.5709662
  ME_ALLOC_S: 0
  ME_READ_S: 0
  ME_READ_L: 0
  ME_WRITE: 0
  ME_LARGE: 0
  ME_LATENCY: 0
  ME_THREADED: 0
  SUMM_CPU: 1861.3901486810169
  SUMM_ME: 0
SystemInformation:
  OSName: Ubuntu 24.04.1 LTS
  Kernel: 6.8.0-1018-aws
  Device: ""
  Processor: AMD EPYC 7571
  NumSockets: 1
  Manufacturer: AuthenticAMD
  NumCores: 1
  NumLogicals: 2
  CPUFrequency: 0
  Memory: 918
  MemModuleInfo:
    iNumMemSticks: 1
    DIMM 1:
      manufacturer: Not Specified
      modulePartNo: Not Specified
      memType: DDR4
      size: 1
      clkspeed: 1600
      moduleVoltage: 0
Checksum: 14494755D46201C03BF9D9478DB3247131B9CF9C