BaselineInfo:
  WebDBID: -1
  TimeStamp: 20241114212659
Version:
  Major: 11
  Minor: 0
  Build: 1002
  SpecialBuildName: ""
  ptArchitecture: x86_64_linux
Results:
  Results Complete: true
  NumTestProcesses: 2
  CPU_INTEGER_MATH: 5114.0826666666671
  CPU_FLOATINGPOINT_MATH: 2720.5427345034677
  CPU_PRIME: 9.8039075173818269
  CPU_SORTING: 3252.9052325132961
  CPU_ENCRYPTION: 1582.4300088011955
  CPU_COMPRESSION: 21490.358201708696
  CPU_SINGLETHREAD: 1403.5480216831108
  CPU_PHYSICS: 217.92446157428768
  CPU_MATRIX_MULT_SSE: 779.59193324683451
  CPU_mm: 156.07135550123104
  CPU_sse: 634.027769488476
  CPU_fma: 934.38306587721604
  CPU_avx: 770.36496437481151
  CPU_avx512: 0
  m_CPU_enc_SHA: 2217364399.6309309
  m_CPU_enc_AES: 1582568538.2436314
  m_CPU_enc_ECDSA: 1177961448.8516059
  ME_ALLOC_S: 0
  ME_READ_S: 0
  ME_READ_L: 0
  ME_WRITE: 0
  ME_LARGE: 0
  ME_LATENCY: 0
  ME_THREADED: 0
  SUMM_CPU: 1870.1806929331797
  SUMM_ME: 0
SystemInformation:
  OSName: Ubuntu 24.04.1 LTS
  Kernel: 6.8.0-1018-aws
  Device: ""
  Processor: AMD EPYC 7571
  NumSockets: 1
  Manufacturer: AuthenticAMD
  NumCores: 1
  NumLogicals: 2
  CPUFrequency: 0
  Memory: 918
  MemModuleInfo:
    iNumMemSticks: 1
    DIMM 1:
      manufacturer: Not Specified
      modulePartNo: Not Specified
      memType: DDR4
      size: 1
      clkspeed: 1333
      moduleVoltage: 0
Checksum: 4E5F95ACE3DB88CBB7E6596ACACBEEEB93C93DB3