BaselineInfo:
  WebDBID: -1
  TimeStamp: 20241114234827
Version:
  Major: 11
  Minor: 0
  Build: 1002
  SpecialBuildName: ""
  ptArchitecture: x86_64_linux
Results:
  Results Complete: true
  NumTestProcesses: 2
  CPU_INTEGER_MATH: 5126.2000000000007
  CPU_FLOATINGPOINT_MATH: 2713.6822802894994
  CPU_PRIME: 10.140142561203955
  CPU_SORTING: 3214.7561034225719
  CPU_ENCRYPTION: 1570.9601112490036
  CPU_COMPRESSION: 22033.583415262932
  CPU_SINGLETHREAD: 1406.5776501942057
  CPU_PHYSICS: 209.46708425849033
  CPU_MATRIX_MULT_SSE: 773.61099458638705
  CPU_mm: 155.1741068641862
  CPU_sse: 633.70418008565389
  CPU_fma: 931.07581815849142
  CPU_avx: 756.05298551501528
  CPU_avx512: 0
  m_CPU_enc_SHA: 2217763822.5376596
  m_CPU_enc_AES: 1581166422.7068424
  m_CPU_enc_ECDSA: 1142882963.5946035
  ME_ALLOC_S: 0
  ME_READ_S: 0
  ME_READ_L: 0
  ME_WRITE: 0
  ME_LARGE: 0
  ME_LATENCY: 0
  ME_THREADED: 0
  SUMM_CPU: 1871.6373730622329
  SUMM_ME: 0
SystemInformation:
  OSName: Ubuntu 24.04.1 LTS
  Kernel: 6.8.0-1018-aws
  Device: ""
  Processor: AMD EPYC 7571
  NumSockets: 1
  Manufacturer: AuthenticAMD
  NumCores: 1
  NumLogicals: 2
  CPUFrequency: 0
  Memory: 918
  MemModuleInfo:
    iNumMemSticks: 1
    DIMM 1:
      manufacturer: Not Specified
      modulePartNo: Not Specified
      memType: DDR4
      size: 1
      clkspeed: 1333
      moduleVoltage: 0
Checksum: E65FAC9F754B4F4E6058FA4609B1B2A36BB51B28