BaselineInfo:
  WebDBID: -1
  TimeStamp: 20241106213857
Version:
  Major: 11
  Minor: 0
  Build: 1002
  SpecialBuildName: ""
  ptArchitecture: x86_64_linux
Results:
  Results Complete: true
  NumTestProcesses: 2
  CPU_INTEGER_MATH: 5079.1270000000004
  CPU_FLOATINGPOINT_MATH: 2719.1057866055694
  CPU_PRIME: 9.4926698584084495
  CPU_SORTING: 3192.5805249008595
  CPU_ENCRYPTION: 1611.37535164683
  CPU_COMPRESSION: 21395.701787172082
  CPU_SINGLETHREAD: 1408.9212413616126
  CPU_PHYSICS: 210.53756843810169
  CPU_MATRIX_MULT_SSE: 771.85304906994554
  CPU_mm: 155.7473355919858
  CPU_sse: 621.81851539987451
  CPU_fma: 934.05048082567532
  CPU_avx: 759.69015098428667
  CPU_avx512: 0
  m_CPU_enc_SHA: 2272948994.4008465
  m_CPU_enc_AES: 1581793884.5308919
  m_CPU_enc_ECDSA: 1214205683.2535405
  ME_ALLOC_S: 489.11869255951524
  ME_READ_S: 14532.140820312499
  ME_READ_L: 10669.00390625
  ME_WRITE: 7500.44775390625
  ME_LARGE: 588
  ME_LATENCY: 69.696514100723746
  ME_THREADED: 15935.44677734375
  SUMM_CPU: 1857.4965457406706
  SUMM_ME: 824.14900694456935
SystemInformation:
  OSName: Ubuntu 24.04.1 LTS
  Kernel: 6.8.0-1016-aws
  Device: ""
  Processor: AMD EPYC 7571
  NumSockets: 1
  Manufacturer: AuthenticAMD
  NumCores: 1
  NumLogicals: 2
  CPUFrequency: 0
  Memory: 918
  MemModuleInfo:
    iNumMemSticks: 1
    DIMM 1:
      manufacturer: Not Specified
      modulePartNo: Not Specified
      memType: DDR4
      size: 1
      clkspeed: 1333
      moduleVoltage: 0
Checksum: 6D0BEA6AFCD34F8F6D48DB22C39F574A1B002DF4