BaselineInfo:
  WebDBID: -1
  TimeStamp: 20241121115123
Version:
  Major: 11
  Minor: 0
  Build: 1002
  SpecialBuildName: ""
  ptArchitecture: x86_64_linux
Results:
  Results Complete: true
  NumTestProcesses: 4
  CPU_INTEGER_MATH: 18949.923666666669
  CPU_FLOATINGPOINT_MATH: 10595.813962144777
  CPU_PRIME: 47.894755544272513
  CPU_SORTING: 11777.208475080753
  CPU_ENCRYPTION: 4806.6304319105402
  CPU_COMPRESSION: 79589.062569524074
  CPU_SINGLETHREAD: 2890.3250280315829
  CPU_PHYSICS: 939.25233143130231
  CPU_MATRIX_MULT_SSE: 5331.5009411308374
  CPU_mm: 505.56501342697203
  CPU_sse: 2208.893677317441
  CPU_fma: 7005.9695829135371
  CPU_avx: 5756.8868062090778
  CPU_avx512: 6354.2536980832938
  m_CPU_enc_SHA: 6716707240.9591112
  m_CPU_enc_AES: 4562453056.7508402
  m_CPU_enc_ECDSA: 3841191637.6031265
  ME_ALLOC_S: 2048.0236961380056
  ME_READ_S: 27764.595507812501
  ME_READ_L: 27528.806640625
  ME_WRITE: 26774.0859375
  ME_LARGE: 21290.666666666668
  ME_LATENCY: 76.288620590938891
  ME_THREADED: 37261.21484375
  SUMM_CPU: 7564.687036511149
  SUMM_ME: 2417.5985333944368
SystemInformation:
  OSName: Ubuntu 24.04.1 LTS
  Kernel: 6.8.0-1017-azure
  Device: ""
  Processor: AMD EPYC 9V74 80-Core Processor
  NumSockets: 1
  Manufacturer: AuthenticAMD
  NumCores: 2
  NumLogicals: 4
  CPUFrequency: 0
  Memory: 32093
  MemModuleInfo:
    iNumMemSticks: 2
    DIMM 1:
      manufacturer: Microsoft Corporation
      modulePartNo: None
      memType: Unknown
      size: 1
      clkspeed: 0
      moduleVoltage: 0
    DIMM 2:
      manufacturer: Microsoft Corporation
      modulePartNo: None
      memType: Unknown
      size: 31
      clkspeed: 0
      moduleVoltage: 0
Checksum: D4C20DF9A2E67B9C2FCAF1D3788924D3741C67EB