BaselineInfo:
  WebDBID: -1
  TimeStamp: 20251008052656
Version:
  Major: 11
  Minor: 0
  Build: 1002
  SpecialBuildName: ""
  ptArchitecture: x86_64_linux
Results:
  Results Complete: true
  NumTestProcesses: 16
  CPU_INTEGER_MATH: 121370.38200000001
  CPU_FLOATINGPOINT_MATH: 121523.32751539264
  CPU_PRIME: 437.17082914539361
  CPU_SORTING: 72621.816272394513
  CPU_ENCRYPTION: 25264.960560435655
  CPU_COMPRESSION: 525478.34773881664
  CPU_SINGLETHREAD: 3815.4959845949124
  CPU_PHYSICS: 6171.0594236156221
  CPU_MATRIX_MULT_SSE: 49357.235570851713
  CPU_mm: 5822.7497736441092
  CPU_sse: 17482.773242402382
  CPU_fma: 69009.820489856589
  CPU_avx: 35203.436695268705
  CPU_avx512: 75732.911855879182
  m_CPU_enc_SHA: 35059191327.808891
  m_CPU_enc_AES: 21950251744.101486
  m_CPU_enc_ECDSA: 22467250781.947765
  ME_ALLOC_S: 20493.708597788023
  ME_READ_S: 33827.229101562501
  ME_READ_L: 31928.076171875
  ME_WRITE: 32827.87890625
  ME_LARGE: 53035.25
  ME_LATENCY: 83.23444190365349
  ME_THREADED: 113375.76318359375
  SUMM_CPU: 46813.888460811417
  SUMM_ME: 2777.5584059002917
SystemInformation:
  OSName: Ubuntu 24.04.2 LTS
  Kernel: 6.14.0-1014-aws
  Device: ""
  Processor: AMD EPYC 9R45
  NumSockets: 1
  Manufacturer: AuthenticAMD
  NumCores: 16
  NumLogicals: 16
  CPUFrequency: 0
  Memory: 63088
  MemModuleInfo:
    iNumMemSticks: 1
    DIMM 1:
      manufacturer: Not Specified
      modulePartNo: Not Specified
      memType: DDR5
      size: 64
      clkspeed: 3200
      moduleVoltage: 0
Checksum: 5613B07F3A13BC9360F9F1488B4FF764B17A4825