BaselineInfo:
  WebDBID: -1
  TimeStamp: 20250212000421
Version:
  Major: 11
  Minor: 0
  Build: 1002
  SpecialBuildName: ""
  ptArchitecture: x86_64_linux
Results:
  Results Complete: true
  NumTestProcesses: 4
  CPU_INTEGER_MATH: 19101.698
  CPU_FLOATINGPOINT_MATH: 13546.155824767622
  CPU_PRIME: 40.025598744767684
  CPU_SORTING: 9701.7810197250492
  CPU_ENCRYPTION: 4239.7080124044278
  CPU_COMPRESSION: 70845.673288428836
  CPU_SINGLETHREAD: 2914.5198943240298
  CPU_PHYSICS: 929.63555554087372
  CPU_MATRIX_MULT_SSE: 5639.1417698934456
  CPU_mm: 539.06384098632225
  CPU_sse: 2346.5100070679755
  CPU_fma: 6585.1029807919294
  CPU_avx: 4948.263730346207
  CPU_avx512: 8676.6903613676732
  m_CPU_enc_SHA: 4448461444.1776657
  m_CPU_enc_AES: 5784478955.88591
  m_CPU_enc_ECDSA: 3104027806.3813796
  ME_ALLOC_S: 2865.2679696090945
  ME_READ_S: 26238.669921875
  ME_READ_L: 10857.103515625
  ME_WRITE: 9814.3310546875
  ME_LARGE: 1901
  ME_LATENCY: 56.937389348262286
  ME_THREADED: 32526.84375
  SUMM_CPU: 7398.1131023203816
  SUMM_ME: 1693.7077904533658
SystemInformation:
  OSName: Ubuntu 24.04.1 LTS
  Kernel: 6.8.0-1021-azure
  Device: ""
  Processor: INTEL XEON PLATINUM 8573C
  NumSockets: 1
  Manufacturer: GenuineIntel
  NumCores: 2
  NumLogicals: 4
  CPUFrequency: 2300
  Memory: 7936
  MemModuleInfo:
    iNumMemSticks: 2
    DIMM 1:
      manufacturer: Microsoft Corporation
      modulePartNo: None
      memType: Unknown
      size: 1
      clkspeed: 0
      moduleVoltage: 0
    DIMM 2:
      manufacturer: Microsoft Corporation
      modulePartNo: None
      memType: Unknown
      size: 7
      clkspeed: 0
      moduleVoltage: 0
Checksum: 673F87080EAE8DAEE6CD8BE90F1B75980D61BBBA