BaselineInfo:
  WebDBID: -1
  TimeStamp: 20241109191944
Version:
  Major: 11
  Minor: 0
  Build: 1002
  SpecialBuildName: ""
  ptArchitecture: x86_64_linux
Results:
  Results Complete: true
  NumTestProcesses: 48
  CPU_INTEGER_MATH: 136454.261
  CPU_FLOATINGPOINT_MATH: 72991.926484010648
  CPU_PRIME: 174.3152564131808
  CPU_SORTING: 68654.584191051952
  CPU_ENCRYPTION: 18575.377274941424
  CPU_COMPRESSION: 590923.65760950546
  CPU_SINGLETHREAD: 1952.4098401922083
  CPU_PHYSICS: 2538.2390674043413
  CPU_MATRIX_MULT_SSE: 37147.408272768997
  CPU_mm: 4136.3750385081557
  CPU_sse: 14662.838944226345
  CPU_fma: 43965.638244738759
  CPU_avx: 31052.489837139863
  CPU_avx512: 58908.666064971003
  m_CPU_enc_SHA: 6122971250.6067028
  m_CPU_enc_AES: 46837739803.596931
  m_CPU_enc_ECDSA: 5472373350.1433153
  ME_ALLOC_S: 15574.729423422257
  ME_READ_S: 23782.932226562501
  ME_READ_L: 10352.234375
  ME_WRITE: 10129.59765625
  ME_LARGE: 370619.75
  ME_LATENCY: 51.80150849208362
  ME_THREADED: 113924.8505859375
  SUMM_CPU: 34702.84918880339
  SUMM_ME: 2667.9243524323824
SystemInformation:
  OSName: Ubuntu 24.04.1 LTS
  Kernel: 6.8.0-1016-aws
  Device: ""
  Processor: Intel Xeon Platinum 8259CL CPU @ 2.50GHz
  NumSockets: 1
  Manufacturer: GenuineIntel
  NumCores: 24
  NumLogicals: 48
  CPUFrequency: 0
  Memory: 382684
  MemModuleInfo:
    iNumMemSticks: 1
    DIMM 1:
      manufacturer: Not Specified
      modulePartNo: Not Specified
      memType: DDR4
      size: 384
      clkspeed: 1600
      moduleVoltage: 0
Checksum: 071A6CDF81C5C5F7CE31302C289073050A231148