BaselineInfo:
  WebDBID: -1
  TimeStamp: 20260404084613
Version:
  Major: 11
  Minor: 0
  Build: 1004
  SpecialBuildName: ""
  ptArchitecture: x86_64_linux
Results:
  Results Complete: true
  NumTestProcesses: 8
  CPU_INTEGER_MATH: 27898.881999999998
  CPU_FLOATINGPOINT_MATH: 14971.033678864458
  CPU_PRIME: 56.996358272895918
  CPU_SORTING: 17168.670502681023
  CPU_ENCRYPTION: 3868.6749482345567
  CPU_COMPRESSION: 129742.62096599351
  CPU_SINGLETHREAD: 2349.301678200372
  CPU_PHYSICS: 976.0346612750011
  CPU_MATRIX_MULT_SSE: 7298.5925889310274
  CPU_mm: 848.16562344262366
  CPU_sse: 3035.5494661672942
  CPU_fma: 8997.5634575972108
  CPU_avx: 6357.824858732577
  CPU_avx512: 10803.432573227032
  m_CPU_enc_SHA: 1259645695.5443497
  m_CPU_enc_AES: 9770064753.4393539
  m_CPU_enc_ECDSA: 1140088658.5762906
  ME_ALLOC_S: 3199.4035711793167
  ME_READ_S: 24919.901562499999
  ME_READ_L: 10064.220703125
  ME_WRITE: 10207.0869140625
  ME_LARGE: 3610.25
  ME_LATENCY: 48.672824407752955
  ME_THREADED: 49862.97900390625
  SUMM_CPU: 9677.0218040181026
  SUMM_ME: 2086.1106808301788
SystemInformation:
  OSName: Ubuntu 24.04.4 LTS
  Kernel: 6.8.0-106-generic
  Device: ""
  Processor: Intel(R) Xeon(R) Platinum 8369HB CPU @ 3.30GHz
  NumSockets: 1
  Manufacturer: GenuineIntel
  NumCores: 4
  NumLogicals: 8
  CPUFrequency: 0
  CPUMaxFrequency: 0
  Memory: 15069
  CPUInfo:
    number: 1
    Family: 6
    Model: 5
    stepping: 11
    features: 529267711
    manufacture: GenuineIntel
    typestring: Intel(R) Xeon(R) Platinum 8369HB CPU @ 3.30GHz
    iCoresPerPackage: 4
    iThreadsPerPackage: 2
    featuresEx:
      - 529267711
      - 4277809667
      - 739248128
    bHybrid: false
    nPCore: 0
    nLogicalsPerPCore: 0
    nECore: 0
    nLogicalsPerECore: 0
  MemModuleInfo:
    iNumMemSticks: 1
    DIMM 1:
      manufacturer: Alibaba Cloud
      modulePartNo: Not Specified
      memType: RAM
      size: 16
      clkspeed: 0
      moduleVoltage: 0
Checksum: E33C2769F6A32ED0BAC3223A00D24DF5814DFF7D