---
system-info:
      stress-ng-version: 0.17.08
      run-by: root
      date-yyyy-mm-dd: 2024:07:11
      time-hh-mm-ss: 20:23:14
      epoch-secs: 1720729394
      hostname: ip-172-31-56-28
      sysname: Linux
      nodename: ip-172-31-56-28
      release: 6.8.0-1010-aws
      version: '#10-Ubuntu SMP Thu Jun 13 17:36:15 UTC 2024'
      machine: x86_64
      compiler: 'musl-gcc 13.2.1'
      uptime: 200
      totalram: 32383037440
      freeram: 24495181824
      sharedram: 20254720
      bufferram: 129585152
      totalswap: 0
      freeswap: 0
      pagesize: 4096
      cpus: 8
      cpus-online: 8
      ticks-per-second: 100

metrics:
    - stressor: cpu
      bogo-ops: 61938
      bogo-ops-per-second-usr-sys-time: 3096.968443
      bogo-ops-per-second-real-time: 3096.892764
      wall-clock-time: 20.000047
      user-time: 19.999558
      system-time: 0.000000
      cpu-usage-per-instance: 99.997556
      max-rss: 1104

...
