---
system-info:
      stress-ng-version: 0.17.08
      run-by: root
      date-yyyy-mm-dd: 2024:06:10
      time-hh-mm-ss: 13:11:48
      epoch-secs: 1718025108
      hostname: 53e2b24a00f4
      sysname: Linux
      nodename: 53e2b24a00f4
      release: 6.8.0-1008-aws
      version: '#8-Ubuntu SMP Sat Apr 20 00:46:25 UTC 2024'
      machine: x86_64
      compiler: 'musl-gcc 13.2.1'
      uptime: 215
      totalram: 32383041536
      freeram: 25571090432
      sharedram: 20254720
      bufferram: 100589568
      totalswap: 0
      freeswap: 0
      pagesize: 4096
      cpus: 8
      cpus-online: 8
      ticks-per-second: 100

metrics:
    - stressor: cpu
      bogo-ops: 17654
      bogo-ops-per-second-usr-sys-time: 1764.495167
      bogo-ops-per-second-real-time: 1764.448134
      wall-clock-time: 10.005395
      user-time: 10.004128
      system-time: 0.001000
      cpu-usage-per-instance: 99.997334
      max-rss: 3792

...
