---
system-info:
      stress-ng-version: 0.17.08
      run-by: root
      date-yyyy-mm-dd: 2024:06:08
      time-hh-mm-ss: 16:56:36
      epoch-secs: 1717865796
      hostname: 4b3e92c93fb4
      sysname: Linux
      nodename: 4b3e92c93fb4
      release: 6.8.0-1008-aws
      version: '#8-Ubuntu SMP Sat Apr 20 00:46:25 UTC 2024'
      machine: x86_64
      compiler: 'musl-gcc 13.2.1'
      uptime: 103
      totalram: 66330976256
      freeram: 61798895616
      sharedram: 59990016
      bufferram: 103342080
      totalswap: 0
      freeswap: 0
      pagesize: 4096
      cpus: 16
      cpus-online: 16
      ticks-per-second: 100

metrics:
    - stressor: cpu
      bogo-ops: 189172
      bogo-ops-per-second-usr-sys-time: 1183.675722
      bogo-ops-per-second-real-time: 18914.600587
      wall-clock-time: 10.001374
      user-time: 159.791437
      system-time: 0.025983
      cpu-usage-per-instance: 99.872162
      max-rss: 4176

...
