---
system-info:
      stress-ng-version: 0.17.08
      run-by: root
      date-yyyy-mm-dd: 2024:06:14
      time-hh-mm-ss: 23:20:14
      epoch-secs: 1718407214
      hostname: d8c650ca89ea
      sysname: Linux
      nodename: d8c650ca89ea
      release: 6.8.0-1008-aws
      version: '#8-Ubuntu SMP Sat Apr 20 00:46:25 UTC 2024'
      machine: x86_64
      compiler: 'musl-gcc 13.2.1'
      uptime: 112
      totalram: 66330980352
      freeram: 61864038400
      sharedram: 59990016
      bufferram: 108822528
      totalswap: 0
      freeswap: 0
      pagesize: 4096
      cpus: 16
      cpus-online: 16
      ticks-per-second: 100

metrics:
    - stressor: cpu
      bogo-ops: 308915
      bogo-ops-per-second-usr-sys-time: 966.309142
      bogo-ops-per-second-real-time: 15445.685878
      wall-clock-time: 20.000083
      user-time: 319.666490
      system-time: 0.018988
      cpu-usage-per-instance: 99.901297
      max-rss: 1104

...
