---
system-info:
      stress-ng-version: 0.17.08
      run-by: root
      date-yyyy-mm-dd: 2024:09:21
      time-hh-mm-ss: 20:23:42
      epoch-secs: 1726950222
      hostname: sc-runner
      sysname: Linux
      nodename: sc-runner
      release: 6.8.0-1014-azure
      version: '#16-Ubuntu SMP Thu Aug 15 20:04:41 UTC 2024'
      machine: x86_64
      compiler: 'musl-gcc 13.2.1'
      uptime: 297
      totalram: 67420606464
      freeram: 56990568448
      sharedram: 38223872
      bufferram: 268664832
      totalswap: 0
      freeswap: 0
      pagesize: 4096
      cpus: 16
      cpus-online: 16
      ticks-per-second: 100

metrics:
    - stressor: cpu
      bogo-ops: 431252
      bogo-ops-per-second-usr-sys-time: 1349.048588
      bogo-ops-per-second-real-time: 21562.539016
      wall-clock-time: 20.000057
      user-time: 319.644232
      system-time: 0.026982
      cpu-usage-per-instance: 99.896972
      max-rss: 3252

...
