---
system-info:
      stress-ng-version: 0.17.08
      run-by: root
      date-yyyy-mm-dd: 2024:06:08
      time-hh-mm-ss: 08:40:54
      epoch-secs: 1717836054
      hostname: d5187fec5084
      sysname: Linux
      nodename: d5187fec5084
      release: 6.8.0-1008-aws
      version: '#8-Ubuntu SMP Sat Apr 20 00:46:25 UTC 2024'
      machine: x86_64
      compiler: 'musl-gcc 13.2.1'
      uptime: 179
      totalram: 2003509248
      freeram: 86880256
      sharedram: 40718336
      bufferram: 86786048
      totalswap: 0
      freeswap: 0
      pagesize: 4096
      cpus: 2
      cpus-online: 2
      ticks-per-second: 100

metrics:
    - stressor: cpu
      bogo-ops: 15372
      bogo-ops-per-second-usr-sys-time: 783.667576
      bogo-ops-per-second-real-time: 1537.054313
      wall-clock-time: 10.000948
      user-time: 19.606805
      system-time: 0.008655
      cpu-usage-per-instance: 98.068005
      max-rss: 4048

...
