---
system-info:
      stress-ng-version: 0.17.08
      run-by: root
      date-yyyy-mm-dd: 2024:06:13
      time-hh-mm-ss: 21:22:29
      epoch-secs: 1718313749
      hostname: 1315a77a4c6b
      sysname: Linux
      nodename: 1315a77a4c6b
      release: 6.8.0-1008-aws
      version: '#8-Ubuntu SMP Sat Apr 20 00:46:25 UTC 2024'
      machine: x86_64
      compiler: 'musl-gcc 13.2.1'
      uptime: 187
      totalram: 2003509248
      freeram: 120762368
      sharedram: 40718336
      bufferram: 90533888
      totalswap: 0
      freeswap: 0
      pagesize: 4096
      cpus: 2
      cpus-online: 2
      ticks-per-second: 100

metrics:
    - stressor: cpu
      bogo-ops: 27575
      bogo-ops-per-second-usr-sys-time: 701.620184
      bogo-ops-per-second-real-time: 1378.727401
      wall-clock-time: 20.000328
      user-time: 39.272108
      system-time: 0.029783
      cpu-usage-per-instance: 98.253117
      max-rss: 1104

...
