---
system-info:
      stress-ng-version: 0.17.08
      run-by: root
      date-yyyy-mm-dd: 2024:06:13
      time-hh-mm-ss: 19:30:02
      epoch-secs: 1718307002
      hostname: 85d842324ce2
      sysname: Linux
      nodename: 85d842324ce2
      release: 6.8.0-1008-aws
      version: '#8-Ubuntu SMP Sat Apr 20 02:43:14 UTC 2024'
      machine: aarch64
      compiler: 'musl-gcc 13.2.1'
      uptime: 184
      totalram: 16534200320
      freeram: 12295282688
      sharedram: 35008512
      bufferram: 106336256
      totalswap: 0
      freeswap: 0
      pagesize: 4096
      cpus: 2
      cpus-online: 2
      ticks-per-second: 100

metrics:
    - stressor: cpu
      bogo-ops: 30384
      bogo-ops-per-second-usr-sys-time: 1519.440072
      bogo-ops-per-second-real-time: 1519.192303
      wall-clock-time: 20.000101
      user-time: 19.996840
      system-time: 0.000000
      cpu-usage-per-instance: 99.983693
      max-rss: 1192

...
