---
system-info:
      stress-ng-version: 0.17.08
      run-by: root
      date-yyyy-mm-dd: 2024:06:08
      time-hh-mm-ss: 06:26:57
      epoch-secs: 1717828017
      hostname: 34df32257d17
      sysname: Linux
      nodename: 34df32257d17
      release: 6.8.0-1008-aws
      version: '#8-Ubuntu SMP Sat Apr 20 02:43:14 UTC 2024'
      machine: aarch64
      compiler: 'musl-gcc 13.2.1'
      uptime: 145
      totalram: 16534196224
      freeram: 12240957440
      sharedram: 35012608
      bufferram: 96612352
      totalswap: 0
      freeswap: 0
      pagesize: 4096
      cpus: 2
      cpus-online: 2
      ticks-per-second: 100

metrics:
    - stressor: cpu
      bogo-ops: 2940
      bogo-ops-per-second-usr-sys-time: 292.725415
      bogo-ops-per-second-real-time: 292.652098
      wall-clock-time: 10.046058
      user-time: 10.041543
      system-time: 0.001999
      cpu-usage-per-instance: 99.974954
      max-rss: 4008

...
