---
system-info:
      stress-ng-version: 0.17.08
      run-by: root
      date-yyyy-mm-dd: 2024:06:13
      time-hh-mm-ss: 08:44:05
      epoch-secs: 1718268245
      hostname: e8bf4ffd86ba
      sysname: Linux
      nodename: e8bf4ffd86ba
      release: 6.8.0-1008-aws
      version: '#8-Ubuntu SMP Sat Apr 20 00:46:25 UTC 2024'
      machine: x86_64
      compiler: 'musl-gcc 13.2.1'
      uptime: 150
      totalram: 811214798848
      freeram: 804584247296
      sharedram: 78389248
      bufferram: 107302912
      totalswap: 0
      freeswap: 0
      pagesize: 4096
      cpus: 96
      cpus-online: 96
      ticks-per-second: 100

metrics:
    - stressor: cpu
      bogo-ops: 29172
      bogo-ops-per-second-usr-sys-time: 1458.598906
      bogo-ops-per-second-real-time: 1458.593097
      wall-clock-time: 20.000095
      user-time: 20.000015
      system-time: 0.000000
      cpu-usage-per-instance: 99.999602
      max-rss: 768

...
