---
system-info:
      stress-ng-version: 0.17.08
      run-by: root
      date-yyyy-mm-dd: 2024:06:07
      time-hh-mm-ss: 12:40:39
      epoch-secs: 1717764039
      hostname: 68ad98011106
      sysname: Linux
      nodename: 68ad98011106
      release: 6.8.0-1008-aws
      version: '#8-Ubuntu SMP Sat Apr 20 00:46:25 UTC 2024'
      machine: x86_64
      compiler: 'musl-gcc 13.2.1'
      uptime: 145
      totalram: 811214770176
      freeram: 804791812096
      sharedram: 78389248
      bufferram: 91009024
      totalswap: 0
      freeswap: 0
      pagesize: 4096
      cpus: 96
      cpus-online: 96
      ticks-per-second: 100

metrics:
    - stressor: cpu
      bogo-ops: 15810
      bogo-ops-per-second-usr-sys-time: 1580.986404
      bogo-ops-per-second-real-time: 1580.998643
      wall-clock-time: 10.000009
      user-time: 9.998086
      system-time: 0.002000
      cpu-usage-per-instance: 100.000774
      max-rss: 3072

...
