---
system-info:
      stress-ng-version: 0.17.08
      run-by: root
      date-yyyy-mm-dd: 2024:09:09
      time-hh-mm-ss: 09:55:08
      epoch-secs: 1725875708
      hostname: ip-172-31-22-202
      sysname: Linux
      nodename: ip-172-31-22-202
      release: 6.8.0-1014-aws
      version: '#15-Ubuntu SMP Thu Aug  8 19:13:06 UTC 2024'
      machine: x86_64
      compiler: 'musl-gcc 13.2.1'
      uptime: 169
      totalram: 1622982971392
      freeram: 1611632185344
      sharedram: 55230464
      bufferram: 226054144
      totalswap: 0
      freeswap: 0
      pagesize: 4096
      cpus: 48
      cpus-online: 48
      ticks-per-second: 100

metrics:
    - stressor: cpu
      bogo-ops: 1177863
      bogo-ops-per-second-usr-sys-time: 1227.423405
      bogo-ops-per-second-real-time: 58892.874121
      wall-clock-time: 20.000094
      user-time: 959.604415
      system-time: 0.017990
      cpu-usage-per-instance: 99.960199
      max-rss: 1152

...
