---
system-info:
      stress-ng-version: 0.17.08
      run-by: root
      date-yyyy-mm-dd: 2024:09:12
      time-hh-mm-ss: 10:53:28
      epoch-secs: 1726138408
      hostname: ip-172-31-31-220
      sysname: Linux
      nodename: ip-172-31-31-220
      release: 6.8.0-1014-aws
      version: '#15-Ubuntu SMP Thu Aug  8 19:13:06 UTC 2024'
      machine: x86_64
      compiler: 'musl-gcc 13.2.1'
      uptime: 182
      totalram: 1622982955008
      freeram: 1610503704576
      sharedram: 55189504
      bufferram: 222617600
      totalswap: 0
      freeswap: 0
      pagesize: 4096
      cpus: 48
      cpus-online: 48
      ticks-per-second: 100

metrics:
    - stressor: cpu
      bogo-ops: 1178082
      bogo-ops-per-second-usr-sys-time: 1227.717514
      bogo-ops-per-second-real-time: 58903.919011
      wall-clock-time: 20.000061
      user-time: 959.555910
      system-time: 0.014990
      cpu-usage-per-instance: 99.954995
      max-rss: 1152

...
