BaselineInfo:
  WebDBID: -1
  TimeStamp: 20241111122641
Version:
  Major: 11
  Minor: 0
  Build: 1002
  SpecialBuildName: ""
  ptArchitecture: x86_64_linux
Results:
  Results Complete: true
  NumTestProcesses: 32
  CPU_INTEGER_MATH: 134207.86833333338
  CPU_FLOATINGPOINT_MATH: 68603.658675448096
  CPU_PRIME: 192.27039313044224
  CPU_SORTING: 68369.305681060869
  CPU_ENCRYPTION: 29095.818020084687
  CPU_COMPRESSION: 489062.52060128545
  CPU_SINGLETHREAD: 2395.2458846839522
  CPU_PHYSICS: 3428.5276762321905
  CPU_MATRIX_MULT_SSE: 28233.028365770322
  CPU_mm: 2892.5253914074883
  CPU_sse: 12616.041170364437
  CPU_fma: 34976.372473354975
  CPU_avx: 25822.15551245497
  CPU_avx512: 39517.544306906915
  m_CPU_enc_SHA: 29407785559.200672
  m_CPU_enc_AES: 44274369048.805473
  m_CPU_enc_ECDSA: 17845374820.678829
  ME_ALLOC_S: 14834.715072865054
  ME_READ_S: 24279.196093750001
  ME_READ_L: 12109.888671875
  ME_WRITE: 10780.5595703125
  ME_LARGE: 115877.75
  ME_LATENCY: 57.327901878057027
  ME_THREADED: 137096.63623046875
  SUMM_CPU: 36724.038742841149
  SUMM_ME: 2664.8141075999106
SystemInformation:
  OSName: Ubuntu 24.04.1 LTS
  Kernel: 6.8.0-1016-aws
  Device: ""
  Processor: Intel Xeon Platinum 8375C CPU @ 2.90GHz
  NumSockets: 1
  Manufacturer: GenuineIntel
  NumCores: 16
  NumLogicals: 32
  CPUFrequency: 0
  Memory: 126756
  MemModuleInfo:
    iNumMemSticks: 1
    DIMM 1:
      manufacturer: Not Specified
      modulePartNo: Not Specified
      memType: DDR4
      size: 128
      clkspeed: 1600
      moduleVoltage: 0
Checksum: 2D46095967530FD0E3D463A2FBBEF4A15A51822A