BaselineInfo:
  WebDBID: -1
  TimeStamp: 20241110142906
Version:
  Major: 11
  Minor: 0
  Build: 1002
  SpecialBuildName: ""
  ptArchitecture: x86_64_linux
Results:
  Results Complete: true
  NumTestProcesses: 104
  CPU_INTEGER_MATH: 437223.39599999995
  CPU_FLOATINGPOINT_MATH: 223464.28126784848
  CPU_PRIME: 495.21670380314134
  CPU_SORTING: 214638.76147875132
  CPU_ENCRYPTION: 94304.132133916544
  CPU_COMPRESSION: 1583625.9040261889
  CPU_SINGLETHREAD: 2437.0319061298792
  CPU_PHYSICS: 8016.8367322296062
  CPU_MATRIX_MULT_SSE: 90643.13781193427
  CPU_mm: 9418.2679145298043
  CPU_sse: 40158.287395826359
  CPU_fma: 108976.72804084557
  CPU_avx: 83461.28709908179
  CPU_avx512: 129976.24871198341
  m_CPU_enc_SHA: 95749376622.091858
  m_CPU_enc_AES: 142862523981.3963
  m_CPU_enc_ECDSA: 58043248365.872971
  ME_ALLOC_S: 30577.967047731621
  ME_READ_S: 23995.247656250001
  ME_READ_L: 12063.498046875
  ME_WRITE: 10782.9609375
  ME_LARGE: 662557.91666666663
  ME_LATENCY: 52.009735147394622
  ME_THREADED: 255572.49279785156
  SUMM_CPU: 79912.643023929719
  SUMM_ME: 2835.8921205375868
SystemInformation:
  OSName: Ubuntu 24.04.1 LTS
  Kernel: 6.8.0-1017-azure
  Device: ""
  Processor: Intel Xeon Platinum 8370C CPU @ 2.80GHz
  NumSockets: 2
  Manufacturer: GenuineIntel
  NumCores: 52
  NumLogicals: 104
  CPUFrequency: 2800
  Memory: 677221
  MemModuleInfo:
    iNumMemSticks: 4
    DIMM 1:
      manufacturer: Microsoft Corporation
      modulePartNo: None
      memType: Unknown
      size: 1
      clkspeed: 0
      moduleVoltage: 0
    DIMM 2:
      manufacturer: Microsoft Corporation
      modulePartNo: None
      memType: Unknown
      size: 59
      clkspeed: 0
      moduleVoltage: 0
    DIMM 3:
      manufacturer: Microsoft Corporation
      modulePartNo: None
      memType: Unknown
      size: 276
      clkspeed: 0
      moduleVoltage: 0
    DIMM 4:
      manufacturer: Microsoft Corporation
      modulePartNo: None
      memType: Unknown
      size: 336
      clkspeed: 0
      moduleVoltage: 0
Checksum: EDF10819741CB9514ABDF2C6A42D70792B0F3497