BaselineInfo:
  WebDBID: -1
  TimeStamp: 20241109221910
Version:
  Major: 11
  Minor: 0
  Build: 1002
  SpecialBuildName: ""
  ptArchitecture: x86_64_linux
Results:
  Results Complete: true
  NumTestProcesses: 64
  CPU_INTEGER_MATH: 199500.7226666667
  CPU_FLOATINGPOINT_MATH: 107006.6037227717
  CPU_PRIME: 243.47038721101606
  CPU_SORTING: 100713.42960993553
  CPU_ENCRYPTION: 27247.010989948627
  CPU_COMPRESSION: 874258.36591488041
  CPU_SINGLETHREAD: 2135.4129793632642
  CPU_PHYSICS: 4249.2612427612357
  CPU_MATRIX_MULT_SSE: 58095.879586474628
  CPU_mm: 6049.2558532550856
  CPU_sse: 21774.016715355479
  CPU_fma: 69896.453461995407
  CPU_avx: 49507.520545447813
  CPU_avx512: 91205.527623099755
  m_CPU_enc_SHA: 9016099197.9023228
  m_CPU_enc_AES: 68630139803.512337
  m_CPU_enc_ECDSA: 8065446385.9744825
  ME_ALLOC_S: 21446.619370398043
  ME_READ_S: 24707.708593750001
  ME_READ_L: 11590.2216796875
  ME_WRITE: 10209.541015625
  ME_LARGE: 495196.16666666669
  ME_LATENCY: 55.672652643131926
  ME_THREADED: 179748.3798828125
  SUMM_CPU: 47423.639593893517
  SUMM_ME: 2706.3480199531418
SystemInformation:
  OSName: Ubuntu 24.04.1 LTS
  Kernel: 6.8.0-1017-azure
  Device: ""
  Processor: Intel Xeon Platinum 8272CL CPU @ 2.60GHz
  NumSockets: 2
  Manufacturer: GenuineIntel
  NumCores: 32
  NumLogicals: 64
  CPUFrequency: 0
  Memory: 507894
  MemModuleInfo:
    iNumMemSticks: 4
    DIMM 1:
      manufacturer: Microsoft Corporation
      modulePartNo: None
      memType: Unknown
      size: 1
      clkspeed: 0
      moduleVoltage: 0
    DIMM 2:
      manufacturer: Microsoft Corporation
      modulePartNo: None
      memType: Unknown
      size: 60928
      clkspeed: 0
      moduleVoltage: 0
    DIMM 3:
      manufacturer: Microsoft Corporation
      modulePartNo: None
      memType: Unknown
      size: 196096
      clkspeed: 0
      moduleVoltage: 0
    DIMM 4:
      manufacturer: Microsoft Corporation
      modulePartNo: None
      memType: Unknown
      size: 252
      clkspeed: 0
      moduleVoltage: 0
Checksum: 512364AECEF5D54040F3A8E5D7C45235E6C73F1B