"size","threads","connections","rps","latency","failed","server_usr","server_sys","client_usr","client_sys"
"1k",64,64,4537912,0.000013420,0,141.43,188.92,77.85,230.27
"1k",64,128,4151797,0.000031370,0,133.56,177.33,58.01,210.14
"1k",64,256,4497831,0.000058080,0,142.14,190.10,55.32,215.10
"1k",64,512,3571223,0.000153320,0,103.32,220.65,41.17,239.21
"1k",64,1024,3646849,0.000436940,0,104.40,229.21,38.75,250.01
"1k",64,2048,3712526,0.000640030,0,111.98,230.61,38.96,253.58
"1k",128,128,4390415,0.000028810,0,133.90,196.82,69.42,234.14
"1k",128,256,2992898,0.000089390,0,75.20,243.47,42.46,270.32
"1k",128,512,3341374,0.000287130,0,82.91,241.19,44.67,274.07
"1k",128,1024,3435624,0.000533830,0,85.59,240.18,49.36,274.41
"1k",128,2048,3478034,0.000880000,0,85.83,247.09,43.10,278.38
"1k",256,256,3703461,0.000077390,0,103.93,216.12,58.90,253.80
"1k",256,512,3190836,0.000248520,0,77.19,240.43,53.41,275.26
"1k",256,1024,3061583,0.000548980,0,71.74,247.70,47.02,282.76
"1k",256,2048,3105355,0.000824450,0,72.69,249.68,47.00,285.26
"16k",64,64,3452966,0.000018810,0,115.34,185.83,57.89,235.64
"16k",64,128,3634015,0.000033820,0,118.36,177.25,54.34,219.03
"16k",64,256,3885612,0.000071360,0,126.23,188.34,54.21,227.70
"16k",64,512,2723758,0.000188580,0,88.99,223.18,37.01,257.98
"16k",64,1024,2627420,0.000456720,0,88.30,232.62,33.69,272.56
"16k",64,2048,2546093,0.000751570,0,94.67,228.30,32.21,282.35
"16k",128,128,3810803,0.000033420,0,117.66,196.20,65.88,252.15
"16k",128,256,2445990,0.000107400,0,69.21,239.60,40.12,283.16
"16k",128,512,2672399,0.000286420,0,74.46,238.40,41.56,288.47
"16k",128,1024,2649467,0.000607600,0,74.29,241.75,43.73,290.22
"16k",128,2048,2567663,0.001100000,0,76.74,247.23,38.43,296.05
"16k",256,256,3152680,0.000089130,0,94.46,217.37,56.34,268.22
"16k",256,512,2596463,0.000281820,0,70.97,238.31,49.24,288.66
"16k",256,1024,2490591,0.000618140,0,66.98,245.97,43.68,295.15
"16k",256,2048,2422498,0.001010000,0,69.39,247.87,42.07,295.37
"64k",64,64,2039992,0.000032040,0,88.91,209.99,44.55,256.72
"64k",64,128,2223627,0.000062900,0,90.20,200.54,46.60,258.48
"64k",64,256,2386500,0.000117390,0,98.19,210.83,46.82,266.04
"64k",64,512,1344633,0.000361380,0,67.75,248.74,27.66,267.24
"64k",64,1024,1096115,0.000960000,0,78.47,264.35,23.76,272.05
"64k",64,2048,954863,0.002130000,0,99.46,255.62,22.70,269.29
"64k",128,128,2241451,0.000056970,0,93.74,209.50,54.31,279.01
"64k",128,256,1375418,0.000193260,0,55.25,257.64,33.36,290.59
"64k",128,512,1446101,0.000487230,0,57.90,262.63,32.87,292.09
"64k",128,1024,1253702,0.000990000,0,63.82,264.93,33.23,288.77
"64k",128,2048,1005790,0.002240000,0,91.21,267.62,26.48,278.96
"64k",256,256,1783947,0.000158860,0,70.83,234.16,46.88,289.16
"64k",256,512,1456668,0.000451480,0,55.22,257.38,41.64,295.89
"64k",256,1024,1196594,0.001030000,0,58.03,268.74,32.25,295.53
"64k",256,2048,1003085,0.002140000,0,84.70,262.70,29.12,281.52
"256k",64,64,752998,0.000101660,0,84.84,231.36,36.40,258.82
"256k",64,128,868244,0.000150400,0,88.02,221.18,41.50,269.36
"256k",64,256,449179,0.000547310,0,82.62,266.13,22.69,242.54
"256k",64,512,275716,0.001780000,0,103.34,284.69,16.49,234.59
"256k",64,1024,230439,0.004090000,0,135.37,270.07,15.33,229.86
"256k",128,128,878924,0.000149750,0,89.41,225.77,45.15,283.20
"256k",128,256,426218,0.000691970,0,60.24,287.34,24.16,273.12
"256k",128,512,324610,0.001660000,0,97.48,284.04,22.07,245.62
"256k",128,1024,253486,0.004100000,0,131.13,279.69,18.37,232.92
"256k",256,256,527453,0.000563230,0,74.53,270.78,32.59,270.62
"256k",256,512,326749,0.001660000,0,93.60,286.87,24.07,250.77
"256k",256,1024,267019,0.003870000,0,138.56,268.82,21.30,227.54
"512k",64,64,398134,0.000770790,0,76.49,203.17,32.59,296.27
"512k",64,128,310323,0.000420000,0,106.68,248.05,26.88,231.86
"512k",64,256,146904,0.001660000,0,124.66,271.95,16.36,219.01
"512k",64,512,114452,0.004210000,0,152.37,269.12,13.56,211.60
"512k",64,1024,110108,0.008760000,0,160.60,261.20,13.80,215.21
"512k",128,128,316272,0.001210000,0,117.02,233.65,31.37,265.52
"512k",128,256,162332,0.001630000,0,117.98,278.90,20.20,229.77
"512k",128,512,131240,0.003890000,0,168.15,258.50,17.39,206.99
"512k",128,1024,118427,0.008680000,0,164.15,261.55,15.81,211.07
"512k",256,256,204501,0.001310000,0,155.42,255.29,27.08,213.30
"512k",256,512,134797,0.003830000,0,169.67,251.09,19.90,213.79
"512k",256,1024,130868,0.007900000,0,174.29,252.67,20.05,210.49
