---
system-info:
      stress-ng-version: 0.17.08
      run-by: root
      date-yyyy-mm-dd: 2024:07:02
      time-hh-mm-ss: 18:17:30
      epoch-secs: 1719944250
      hostname: t2a-standard-48-7684df6
      sysname: Linux
      nodename: t2a-standard-48-7684df6
      release: 6.8.0-1009-gcp
      version: '#10-Ubuntu SMP Thu Jun 13 02:33:24 UTC 2024'
      machine: aarch64
      compiler: 'musl-gcc 13.2.1'
      uptime: 157
      totalram: 202198065152
      freeram: 196639670272
      sharedram: 3891200
      bufferram: 128290816
      totalswap: 0
      freeswap: 0
      pagesize: 4096
      cpus: 48
      cpus-online: 48
      ticks-per-second: 100

metrics:
    - stressor: cpu
      bogo-ops: 1737880
      bogo-ops-per-second-usr-sys-time: 1801.583581
      bogo-ops-per-second-real-time: 86893.746237
      wall-clock-time: 20.000058
      user-time: 961.783924
      system-time: 2.856306
      cpu-usage-per-instance: 100.483064
      max-rss: 1176

...
