BaselineInfo:
  WebDBID: -1
  TimeStamp: 20260612130710
Version:
  Major: 11
  Minor: 0
  Build: 1004
  SpecialBuildName: ""
  ptArchitecture: x86_64_linux
Results:
  Results Complete: true
  NumTestProcesses: 2
  CPU_INTEGER_MATH: 9612.7846666666665
  CPU_FLOATINGPOINT_MATH: 7577.9018403349182
  CPU_PRIME: 29.560005701576117
  CPU_SORTING: 5577.4137156352053
  CPU_ENCRYPTION: 1185.8706757981549
  CPU_COMPRESSION: 42481.204816504949
  CPU_SINGLETHREAD: 2268.5306207964736
  CPU_PHYSICS: 531.1437645593976
  CPU_MATRIX_MULT_SSE: 2743.3045575485917
  CPU_mm: 447.61752921984419
  CPU_sse: 1459.3385097108144
  CPU_fma: 4154.9757905432434
  CPU_avx: 2615.5993723917172
  CPU_avx512: 0
  m_CPU_enc_SHA: 589234779.34203231
  m_CPU_enc_AES: 2621765285.5757828
  m_CPU_enc_ECDSA: 519426524.31936252
  ME_ALLOC_S: 956.65427791258708
  ME_READ_S: 22516.4619140625
  ME_READ_L: 10381.3779296875
  ME_WRITE: 9695.5537109375
  ME_LARGE: 4906.416666666667
  ME_LATENCY: 61.370167774011691
  ME_THREADED: 20175.1884765625
  SUMM_CPU: 3651.4550402574355
  SUMM_ME: 1734.7307753877612
SystemInformation:
  OSName: Ubuntu 24.04.4 LTS
  Kernel: 6.8.0-124-generic
  Device: ""
  Processor: Intel Core Processor (Broadwell, no TSX, IBRS)
  NumSockets: 1
  Manufacturer: GenuineIntel
  NumCores: 1
  NumLogicals: 2
  CPUFrequency: 7
  CPUMaxFrequency: 832
  Memory: 9940
  CPUInfo:
    number: 1
    Family: 6
    Model: 13
    stepping: 2
    features: 395049983
    manufacture: GenuineIntel
    typestring: Intel Core Processor (Broadwell, no TSX, IBRS)
    iCoresPerPackage: 1
    iThreadsPerPackage: 2
    featuresEx:
      - 395049983
      - 4294586883
      - 672139264
    bHybrid: false
    nPCore: 0
    nLogicalsPerPCore: 0
    nECore: 0
    nLogicalsPerECore: 0
  MemModuleInfo:
    iNumMemSticks: 1
    DIMM 1:
      manufacturer: QEMU
      modulePartNo: Not Specified
      memType: RAM
      size: 10
      clkspeed: 0
      moduleVoltage: 0
Checksum: 14C32C322EE14A4CA6DE204118A683833F8195ED