---
system-info:
      stress-ng-version: 0.17.08
      run-by: root
      date-yyyy-mm-dd: 2024:06:09
      time-hh-mm-ss: 10:55:23
      epoch-secs: 1717930523
      hostname: 44bd3780245d
      sysname: Linux
      nodename: 44bd3780245d
      release: 6.8.0-1008-aws
      version: '#8-Ubuntu SMP Sat Apr 20 00:46:25 UTC 2024'
      machine: x86_64
      compiler: 'musl-gcc 13.2.1'
      uptime: 101
      totalram: 16469209088
      freeram: 11958513664
      sharedram: 113528832
      bufferram: 106651648
      totalswap: 0
      freeswap: 0
      pagesize: 4096
      cpus: 4
      cpus-online: 4
      ticks-per-second: 100

metrics:
    - stressor: cpu
      bogo-ops: 65525
      bogo-ops-per-second-usr-sys-time: 1646.953660
      bogo-ops-per-second-real-time: 6551.722488
      wall-clock-time: 10.001187
      user-time: 39.777582
      system-time: 0.007994
      cpu-usage-per-instance: 99.452138
      max-rss: 4048

...
