---
system-info:
      stress-ng-version: 0.17.08
      run-by: root
      date-yyyy-mm-dd: 2024:06:15
      time-hh-mm-ss: 13:23:33
      epoch-secs: 1718457813
      hostname: 0675316ab794
      sysname: Linux
      nodename: 0675316ab794
      release: 6.8.0-1008-aws
      version: '#8-Ubuntu SMP Sat Apr 20 00:46:25 UTC 2024'
      machine: x86_64
      compiler: 'musl-gcc 13.2.1'
      uptime: 111
      totalram: 16469209088
      freeram: 12064071680
      sharedram: 113528832
      bufferram: 108457984
      totalswap: 0
      freeswap: 0
      pagesize: 4096
      cpus: 4
      cpus-online: 4
      ticks-per-second: 100

metrics:
    - stressor: cpu
      bogo-ops: 72142
      bogo-ops-per-second-usr-sys-time: 904.951947
      bogo-ops-per-second-real-time: 3607.077629
      wall-clock-time: 20.000124
      user-time: 79.696199
      system-time: 0.022951
      cpu-usage-per-instance: 99.648319
      max-rss: 1104

...
