BaselineInfo:
  WebDBID: -1
  TimeStamp: 20250916000811
Version:
  Major: 11
  Minor: 0
  Build: 1002
  SpecialBuildName: ""
  ptArchitecture: aarch64_linux
Results:
  Results Complete: true
  NumTestProcesses: 4
  CPU_INTEGER_MATH: 20838.310666666664
  CPU_FLOATINGPOINT_MATH: 24189.599247400663
  CPU_PRIME: 69.561115177373935
  CPU_SORTING: 18444.750060330094
  CPU_ENCRYPTION: 750.16839210407215
  CPU_COMPRESSION: 26423.86823434494
  CPU_SINGLETHREAD: 1941.6213364192158
  CPU_PHYSICS: 1310.089604230503
  CPU_MATRIX_MULT_SSE: 3680.5396266071407
  CPU_mm: 452.19324222673032
  CPU_sse: 2895.9377229529618
  CPU_fma: 4465.1415302613195
  CPU_avx: 0
  CPU_avx512: 0
  m_CPU_enc_SHA: 1173272160.4207711
  m_CPU_enc_AES: 429017246.68056136
  m_CPU_enc_ECDSA: 757536308.65542638
  ME_ALLOC_S: 6063.0745259009263
  ME_READ_S: 21127.62109375
  ME_READ_L: 19521.84375
  ME_WRITE: 21265.603515625
  ME_LARGE: 21859.5
  ME_LATENCY: 46.104548339483848
  ME_THREADED: 77693.4609375
  SUMM_CPU: 3939.11138463412
  SUMM_ME: 3048.4868377056405
SystemInformation:
  OSName: Ubuntu 24.04.2 LTS
  Kernel: 6.14.0-1012-aws
  Device: ""
  Processor: ARM Neoverse-V2 4 Core 0 MHz
  NumSockets: 1
  Manufacturer: ARM
  NumCores: 4
  NumLogicals: 4
  CPUFrequency: 0
  Memory: 31491
Checksum: EDCD903F41764D68C4C4C637CAC9EF3E43EBA83D