BaselineInfo:
  WebDBID: -1
  TimeStamp: 20241108231747
Version:
  Major: 11
  Minor: 0
  Build: 1002
  SpecialBuildName: ""
  ptArchitecture: x86_64_linux
Results:
  Results Complete: true
  NumTestProcesses: 48
  CPU_INTEGER_MATH: 220864.24400000001
  CPU_FLOATINGPOINT_MATH: 121263.55720414688
  CPU_PRIME: 263.65118111829594
  CPU_SORTING: 99234.747914089938
  CPU_ENCRYPTION: 56930.709876377194
  CPU_COMPRESSION: 838515.79284910939
  CPU_SINGLETHREAD: 2647.2999611157429
  CPU_PHYSICS: 3704.8007064039739
  CPU_MATRIX_MULT_SSE: 48965.064848585658
  CPU_mm: 5971.8640982083261
  CPU_sse: 25009.15051073474
  CPU_fma: 67000.020218226869
  CPU_avx: 54886.023816795394
  CPU_avx512: 0
  m_CPU_enc_SHA: 82636524755.500031
  m_CPU_enc_AES: 52831044628.360825
  m_CPU_enc_ECDSA: 43620958734.135422
  ME_ALLOC_S: 18038.74085511671
  ME_READ_S: 26391.330273437499
  ME_READ_L: 17371.72265625
  ME_WRITE: 16570.025390625
  ME_LARGE: 367191.75
  ME_LATENCY: 63.631446640039378
  ME_THREADED: 81174.77294921875
  SUMM_CPU: 54507.488386982142
  SUMM_ME: 2827.6057485400202
SystemInformation:
  OSName: Ubuntu 24.04.1 LTS
  Kernel: 6.8.0-1016-aws
  Device: ""
  Processor: AMD EPYC 7R13 Processor
  NumSockets: 1
  Manufacturer: AuthenticAMD
  NumCores: 24
  NumLogicals: 48
  CPUFrequency: 0
  Memory: 378650
  MemModuleInfo:
    iNumMemSticks: 1
    DIMM 1:
      manufacturer: Not Specified
      modulePartNo: Not Specified
      memType: DDR4
      size: 384
      clkspeed: 1600
      moduleVoltage: 0
Checksum: 4DF63F44CB5D8730B957645386673CB3423C5C69