---
system-info:
      stress-ng-version: 0.17.08
      run-by: root
      date-yyyy-mm-dd: 2024:06:14
      time-hh-mm-ss: 18:29:34
      epoch-secs: 1718389774
      hostname: 65b21823a0fd
      sysname: Linux
      nodename: 65b21823a0fd
      release: 6.8.0-1008-aws
      version: '#8-Ubuntu SMP Sat Apr 20 00:46:25 UTC 2024'
      machine: x86_64
      compiler: 'musl-gcc 13.2.1'
      uptime: 219
      totalram: 399173435392
      freeram: 393386524672
      sharedram: 54013952
      bufferram: 109920256
      totalswap: 0
      freeswap: 0
      pagesize: 4096
      cpus: 96
      cpus-online: 96
      ticks-per-second: 100

metrics:
    - stressor: cpu
      bogo-ops: 11827
      bogo-ops-per-second-usr-sys-time: 591.366351
      bogo-ops-per-second-real-time: 591.345777
      wall-clock-time: 20.000143
      user-time: 19.999447
      system-time: 0.000000
      cpu-usage-per-instance: 99.996521
      max-rss: 768

...
