---
system-info:
      stress-ng-version: 0.17.08
      run-by: root
      date-yyyy-mm-dd: 2024:06:08
      time-hh-mm-ss: 11:42:55
      epoch-secs: 1717846975
      hostname: 8079a60aa60b
      sysname: Linux
      nodename: 8079a60aa60b
      release: 6.8.0-1008-aws
      version: '#8-Ubuntu SMP Sat Apr 20 00:46:25 UTC 2024'
      machine: x86_64
      compiler: 'musl-gcc 13.2.1'
      uptime: 181
      totalram: 399173447680
      freeram: 393277468672
      sharedram: 54013952
      bufferram: 101117952
      totalswap: 0
      freeswap: 0
      pagesize: 4096
      cpus: 96
      cpus-online: 96
      ticks-per-second: 100

metrics:
    - stressor: cpu
      bogo-ops: 9882
      bogo-ops-per-second-usr-sys-time: 987.914295
      bogo-ops-per-second-real-time: 988.102563
      wall-clock-time: 10.000986
      user-time: 10.001892
      system-time: 0.001000
      cpu-usage-per-instance: 100.019057
      max-rss: 3072

...
