BaselineInfo:
  WebDBID: -1
  TimeStamp: 20260619153722
Version:
  Major: 11
  Minor: 0
  Build: 1004
  SpecialBuildName: ""
  ptArchitecture: x86_64_linux
Results:
  Results Complete: true
  NumTestProcesses: 4
  CPU_INTEGER_MATH: 21924.870999999999
  CPU_FLOATINGPOINT_MATH: 16085.786121827845
  CPU_PRIME: 47.780818668219503
  CPU_SORTING: 11670.376226384957
  CPU_ENCRYPTION: 4964.242785578771
  CPU_COMPRESSION: 89014.307046814298
  CPU_SINGLETHREAD: 3536.0393830066491
  CPU_PHYSICS: 1040.617548586441
  CPU_MATRIX_MULT_SSE: 5734.6802694087137
  CPU_mm: 614.54689114746111
  CPU_sse: 2675.6722042072342
  CPU_fma: 7005.2385517676985
  CPU_avx: 5298.5333299328558
  CPU_avx512: 7959.2769917270643
  m_CPU_enc_SHA: 5185015005.6015043
  m_CPU_enc_AES: 6772398836.7404404
  m_CPU_enc_ECDSA: 3658743687.0511923
  ME_ALLOC_S: 2860.8775297668972
  ME_READ_S: 30892.6884765625
  ME_READ_L: 20916.55078125
  ME_WRITE: 8654.361328125
  ME_LARGE: 7775
  ME_LATENCY: 70.046281043871559
  ME_THREADED: 49424.72265625
  SUMM_CPU: 8649.8762437707883
  SUMM_ME: 2229.1110666396562
SystemInformation:
  OSName: Ubuntu 24.04.4 LTS
  Kernel: 6.17.0-1018-azure
  Device: ""
  Processor: Intel(R) Xeon(R) 6973P-C
  NumSockets: 1
  Manufacturer: GenuineIntel
  NumCores: 2
  NumLogicals: 4
  CPUFrequency: 2600
  CPUMaxFrequency: 2600
  Memory: 15988
  CPUInfo:
    number: 1
    Family: 6
    Model: 13
    stepping: 1
    features: 529267711
    manufacture: GenuineIntel
    typestring: Intel(R) Xeon(R) 6973P-C
    iCoresPerPackage: 2
    iThreadsPerPackage: 2
    featuresEx:
      - 529267711
      - 4294586915
      - 739248128
    bHybrid: false
    nPCore: 0
    nLogicalsPerPCore: 0
    nECore: 0
    nLogicalsPerECore: 0
  MemModuleInfo:
    iNumMemSticks: 2
    DIMM 1:
      manufacturer: Microsoft Corporation
      modulePartNo: None
      memType: Unknown
      size: 1
      clkspeed: 0
      moduleVoltage: 0
    DIMM 2:
      manufacturer: Microsoft Corporation
      modulePartNo: None
      memType: Unknown
      size: 15
      clkspeed: 0
      moduleVoltage: 0
Checksum: 858061FD7E8FDB097D72FB88D4D54A70344A6E0E