BaselineInfo:
  WebDBID: -1
  TimeStamp: 20241110062220
Version:
  Major: 11
  Minor: 0
  Build: 1002
  SpecialBuildName: ""
  ptArchitecture: x86_64_linux
Results:
  Results Complete: true
  NumTestProcesses: 24
  CPU_INTEGER_MATH: 101024.43266666663
  CPU_FLOATINGPOINT_MATH: 51654.591599548774
  CPU_PRIME: 224.92001839226523
  CPU_SORTING: 52415.115547536887
  CPU_ENCRYPTION: 21963.084138397862
  CPU_COMPRESSION: 370700.69965246116
  CPU_SINGLETHREAD: 2437.9501026312487
  CPU_PHYSICS: 3710.0179966679534
  CPU_MATRIX_MULT_SSE: 22786.041905021386
  CPU_mm: 2175.2476118474447
  CPU_sse: 9494.4277037935153
  CPU_fma: 26320.315103756697
  CPU_avx: 19435.530730034636
  CPU_avx512: 35893.894082500687
  m_CPU_enc_SHA: 22173034836.258537
  m_CPU_enc_AES: 33365483924.685905
  m_CPU_enc_ECDSA: 13551369979.569569
  ME_ALLOC_S: 12261.719245420809
  ME_READ_S: 24515.131249999999
  ME_READ_L: 13194.3486328125
  ME_WRITE: 11509.744140625
  ME_LARGE: 665686
  ME_LATENCY: 51.828061773083697
  ME_THREADED: 154871.42822265625
  SUMM_CPU: 30489.481690777604
  SUMM_ME: 2879.7400179699184
SystemInformation:
  OSName: Ubuntu 24.04.1 LTS
  Kernel: 6.8.0-1017-azure
  Device: ""
  Processor: Intel Xeon Platinum 8370C CPU @ 2.80GHz
  NumSockets: 2
  Manufacturer: GenuineIntel
  NumCores: 12
  NumLogicals: 24
  CPUFrequency: 2800
  Memory: 677253
  MemModuleInfo:
    iNumMemSticks: 4
    DIMM 1:
      manufacturer: Microsoft Corporation
      modulePartNo: None
      memType: Unknown
      size: 1
      clkspeed: 0
      moduleVoltage: 0
    DIMM 2:
      manufacturer: Microsoft Corporation
      modulePartNo: None
      memType: Unknown
      size: 59
      clkspeed: 0
      moduleVoltage: 0
    DIMM 3:
      manufacturer: Microsoft Corporation
      modulePartNo: None
      memType: Unknown
      size: 276
      clkspeed: 0
      moduleVoltage: 0
    DIMM 4:
      manufacturer: Microsoft Corporation
      modulePartNo: None
      memType: Unknown
      size: 336
      clkspeed: 0
      moduleVoltage: 0
Checksum: 24CE1277695034B101817B512E2FD5ED5B0E9DE9