BaselineInfo:
  WebDBID: -1
  TimeStamp: 20241122095649
Version:
  Major: 11
  Minor: 0
  Build: 1002
  SpecialBuildName: ""
  ptArchitecture: x86_64_linux
Results:
  Results Complete: true
  NumTestProcesses: 32
  CPU_INTEGER_MATH: 193676.52166666664
  CPU_FLOATINGPOINT_MATH: 170887.61665834303
  CPU_PRIME: 628.50050727582891
  CPU_SORTING: 122239.01861213318
  CPU_ENCRYPTION: 42062.219193230441
  CPU_COMPRESSION: 844185.55744214775
  CPU_SINGLETHREAD: 2903.6990195771809
  CPU_PHYSICS: 8360.2544739908099
  CPU_MATRIX_MULT_SSE: 77851.17323277297
  CPU_mm: 8362.8423147619651
  CPU_sse: 37140.277307785465
  CPU_fma: 104748.84639547758
  CPU_avx: 90141.677183294829
  CPU_avx512: 79373.892044534063
  m_CPU_enc_SHA: 58055028217.739059
  m_CPU_enc_AES: 36781020793.154968
  m_CPU_enc_ECDSA: 37480251647.388329
  ME_ALLOC_S: 29552.73199090259
  ME_READ_S: 27900.027929687501
  ME_READ_L: 27564.396484375
  ME_WRITE: 26873.369140625
  ME_LARGE: 245893.33333333334
  ME_LATENCY: 77.760338367693478
  ME_THREADED: 182607.474609375
  SUMM_CPU: 62593.947742234297
  SUMM_ME: 2828.3922983013958
SystemInformation:
  OSName: Ubuntu 24.04.1 LTS
  Kernel: 6.8.0-1017-azure
  Device: ""
  Processor: AMD EPYC 9V74 80-Core Processor
  NumSockets: 1
  Manufacturer: AuthenticAMD
  NumCores: 32
  NumLogicals: 32
  CPUFrequency: 0
  Memory: 257731
  MemModuleInfo:
    iNumMemSticks: 3
    DIMM 1:
      manufacturer: Microsoft Corporation
      modulePartNo: None
      memType: Unknown
      size: 1
      clkspeed: 0
      moduleVoltage: 0
    DIMM 2:
      manufacturer: Microsoft Corporation
      modulePartNo: None
      memType: Unknown
      size: 59
      clkspeed: 0
      moduleVoltage: 0
    DIMM 3:
      manufacturer: Microsoft Corporation
      modulePartNo: None
      memType: Unknown
      size: 196
      clkspeed: 0
      moduleVoltage: 0
Checksum: 563F7D877AFBC02B5820A35387AA0F9E0604B716