BaselineInfo:
  WebDBID: -1
  TimeStamp: 20260404211636
Version:
  Major: 11
  Minor: 0
  Build: 1004
  SpecialBuildName: ""
  ptArchitecture: x86_64_linux
Results:
  Results Complete: true
  NumTestProcesses: 24
  CPU_INTEGER_MATH: 83803.784999999989
  CPU_FLOATINGPOINT_MATH: 44896.314938074946
  CPU_PRIME: 121.31656893311231
  CPU_SORTING: 50349.752553806909
  CPU_ENCRYPTION: 11575.278191068801
  CPU_COMPRESSION: 384145.82175141078
  CPU_SINGLETHREAD: 2349.8591949308729
  CPU_PHYSICS: 2239.4982478952929
  CPU_MATRIX_MULT_SSE: 22313.913501214647
  CPU_mm: 2549.2323763237878
  CPU_sse: 9069.837994953059
  CPU_fma: 26993.119354833019
  CPU_avx: 19078.187964211407
  CPU_avx512: 34114.508690861083
  m_CPU_enc_SHA: 3782204632.6198416
  m_CPU_enc_AES: 29208457521.690273
  m_CPU_enc_ECDSA: 3422014559.1243558
  ME_ALLOC_S: 9340.4145222133575
  ME_READ_S: 26775.058398437501
  ME_READ_L: 11083.6015625
  ME_WRITE: 10104.333984375
  ME_LARGE: 81009.166666666672
  ME_LATENCY: 45.765218239062676
  ME_THREADED: 91299.943603515625
  SUMM_CPU: 25408.194585269623
  SUMM_ME: 2847.0618662755137
SystemInformation:
  OSName: Ubuntu 24.04.4 LTS
  Kernel: 6.8.0-106-generic
  Device: ""
  Processor: Intel(R) Xeon(R) Platinum 8369HB CPU @ 3.30GHz
  NumSockets: 1
  Manufacturer: GenuineIntel
  NumCores: 12
  NumLogicals: 24
  CPUFrequency: 3300
  CPUMaxFrequency: 4200
  Memory: 94495
  CPUInfo:
    number: 1
    Family: 6
    Model: 5
    stepping: 11
    features: 529267711
    manufacture: GenuineIntel
    typestring: Intel(R) Xeon(R) Platinum 8369HB CPU @ 3.30GHz
    iCoresPerPackage: 12
    iThreadsPerPackage: 2
    featuresEx:
      - 529267711
      - 4277809667
      - 739248128
    bHybrid: false
    nPCore: 0
    nLogicalsPerPCore: 0
    nECore: 0
    nLogicalsPerECore: 0
  MemModuleInfo:
    iNumMemSticks: 6
    DIMM 1:
      manufacturer: Alibaba Cloud
      modulePartNo: Not Specified
      memType: RAM
      size: 16
      clkspeed: 0
      moduleVoltage: 0
    DIMM 2:
      manufacturer: Alibaba Cloud
      modulePartNo: Not Specified
      memType: RAM
      size: 16
      clkspeed: 0
      moduleVoltage: 0
    DIMM 3:
      manufacturer: Alibaba Cloud
      modulePartNo: Not Specified
      memType: RAM
      size: 16
      clkspeed: 0
      moduleVoltage: 0
    DIMM 4:
      manufacturer: Alibaba Cloud
      modulePartNo: Not Specified
      memType: RAM
      size: 16
      clkspeed: 0
      moduleVoltage: 0
    DIMM 5:
      manufacturer: Alibaba Cloud
      modulePartNo: Not Specified
      memType: RAM
      size: 16
      clkspeed: 0
      moduleVoltage: 0
    DIMM 6:
      manufacturer: Alibaba Cloud
      modulePartNo: Not Specified
      memType: RAM
      size: 16
      clkspeed: 0
      moduleVoltage: 0
Checksum: 6D8791A6B1A0638A8C6A0FE2310D4DA2546066CB