BaselineInfo:
  WebDBID: -1
  TimeStamp: 20241109180130
Version:
  Major: 11
  Minor: 0
  Build: 1002
  SpecialBuildName: ""
  ptArchitecture: aarch64_linux
Results:
  Results Complete: true
  NumTestProcesses: 64
  CPU_INTEGER_MATH: 333805.34033333324
  CPU_FLOATINGPOINT_MATH: 387855.38868817128
  CPU_PRIME: 678.7148168360718
  CPU_SORTING: 292540.6337943527
  CPU_ENCRYPTION: 12052.612928104059
  CPU_COMPRESSION: 425586.25873873394
  CPU_SINGLETHREAD: 1943.5987275114869
  CPU_PHYSICS: 15853.192661488414
  CPU_MATRIX_MULT_SSE: 56350.712607501569
  CPU_mm: 7261.525792891538
  CPU_sse: 44409.44983250778
  CPU_fma: 68291.975382495308
  CPU_avx: 0
  CPU_avx512: 0
  m_CPU_enc_SHA: 18793577604.883396
  m_CPU_enc_AES: 6881464861.4997187
  m_CPU_enc_ECDSA: 12239199494.715815
  ME_ALLOC_S: 47258.95684548073
  ME_READ_S: 21160.239453124999
  ME_READ_L: 19739.15234375
  ME_WRITE: 21272.5078125
  ME_LARGE: 494040.33333333331
  ME_LATENCY: 48.30161188513339
  ME_THREADED: 495264.8330078125
  SUMM_CPU: 44081.045399750088
  SUMM_ME: 3341.1061749539958
SystemInformation:
  OSName: Ubuntu 24.04.1 LTS
  Kernel: 6.8.0-1016-aws
  Device: ""
  Processor: ARM Neoverse-V2 64 Core 0 MHz
  NumSockets: 1
  Manufacturer: ARM
  NumCores: 64
  NumLogicals: 64
  CPUFrequency: 0
  Memory: 506668
Checksum: B4A607909EB17BE718EBFA86852A9A27D1266E2F