BaselineInfo:
  WebDBID: -1
  TimeStamp: 20241230200158
Version:
  Major: 11
  Minor: 0
  Build: 1002
  SpecialBuildName: ""
  ptArchitecture: aarch64_linux
Results:
  Results Complete: true
  NumTestProcesses: 192
  CPU_INTEGER_MATH: 950505.77866666683
  CPU_FLOATINGPOINT_MATH: 1118650.7232976346
  CPU_PRIME: 1584.4251011480962
  CPU_SORTING: 825299.94884203351
  CPU_ENCRYPTION: 34765.38985056938
  CPU_COMPRESSION: 1214504.6849986748
  CPU_SINGLETHREAD: 1872.7411354841565
  CPU_PHYSICS: 38115.013074039649
  CPU_MATRIX_MULT_SSE: 140349.22629558807
  CPU_mm: 20356.503857404434
  CPU_sse: 111075.72930945015
  CPU_fma: 169622.72328172598
  CPU_avx: 0
  CPU_avx512: 0
  m_CPU_enc_SHA: 54367172556.478539
  m_CPU_enc_AES: 19789538854.372093
  m_CPU_enc_ECDSA: 35205748873.001282
  ME_ALLOC_S: 45289.273541086302
  ME_READ_S: 20330.09375
  ME_READ_L: 17587.1484375
  ME_WRITE: 20493.6015625
  ME_LARGE: 3072201
  ME_LATENCY: 48.600454563428229
  ME_THREADED: 598893.373046875
  SUMM_CPU: 77514.477394144909
  SUMM_ME: 3237.2779344230157
SystemInformation:
  OSName: Ubuntu 24.04.1 LTS
  Kernel: 6.8.0-1021-aws
  Device: ""
  Processor: ARM Neoverse-V2 192 Core 0 MHz
  NumSockets: 2
  Manufacturer: ARM
  NumCores: 192
  NumLogicals: 192
  CPUFrequency: 0
  Memory: 3090247
Checksum: 5788EF10F094DEB2069B976A9B748A358522247A