BaselineInfo:
  WebDBID: -1
  TimeStamp: 20241107171813
Version:
  Major: 11
  Minor: 0
  Build: 1002
  SpecialBuildName: ""
  ptArchitecture: x86_64_linux
Results:
  Results Complete: true
  NumTestProcesses: 8
  CPU_INTEGER_MATH: 33185.163333333338
  CPU_FLOATINGPOINT_MATH: 18347.03399996983
  CPU_PRIME: 73.020741935230305
  CPU_SORTING: 18045.624661009366
  CPU_ENCRYPTION: 8617.5500466407211
  CPU_COMPRESSION: 128359.06420999934
  CPU_SINGLETHREAD: 2390.690330025986
  CPU_PHYSICS: 1248.8479034878071
  CPU_MATRIX_MULT_SSE: 7362.6481726055363
  CPU_mm: 895.74088805207487
  CPU_sse: 3778.3718312943938
  CPU_fma: 10403.370831722315
  CPU_avx: 7906.2018547998987
  CPU_avx512: 0
  m_CPU_enc_SHA: 12473104136.123463
  m_CPU_enc_AES: 7975119929.8801832
  m_CPU_enc_ECDSA: 6660244407.1153793
  ME_ALLOC_S: 3514.6051591464943
  ME_READ_S: 24356.589062499999
  ME_READ_L: 17650.181640625
  ME_WRITE: 16665.150390625
  ME_LARGE: 54284
  ME_LATENCY: 69.142507435336015
  ME_THREADED: 36216.77294921875
  SUMM_CPU: 11832.795152672494
  SUMM_ME: 2437.5221670963006
SystemInformation:
  OSName: Ubuntu 24.04.1 LTS
  Kernel: 6.8.0-1017-azure
  Device: ""
  Processor: AMD EPYC 7763 64-Core Processor
  NumSockets: 1
  Manufacturer: AuthenticAMD
  NumCores: 4
  NumLogicals: 8
  CPUFrequency: 0
  Memory: 64299
  MemModuleInfo:
    iNumMemSticks: 3
    DIMM 1:
      manufacturer: Microsoft Corporation
      modulePartNo: None
      memType: Unknown
      size: 1
      clkspeed: 0
      moduleVoltage: 0
    DIMM 2:
      manufacturer: Microsoft Corporation
      modulePartNo: None
      memType: Unknown
      size: 59
      clkspeed: 0
      moduleVoltage: 0
    DIMM 3:
      manufacturer: Microsoft Corporation
      modulePartNo: None
      memType: Unknown
      size: 4
      clkspeed: 0
      moduleVoltage: 0
Checksum: 1352529712E9C5705122C5FDE6B8C2C099D6BFA3