---
system-info:
      stress-ng-version: 0.17.08
      run-by: root
      date-yyyy-mm-dd: 2024:09:03
      time-hh-mm-ss: 08:07:32
      epoch-secs: 1725350852
      hostname: sc-runner
      sysname: Linux
      nodename: sc-runner
      release: 6.8.0-1013-azure
      version: '#15-Ubuntu SMP Thu Aug  8 18:40:40 UTC 2024'
      machine: x86_64
      compiler: 'musl-gcc 13.2.1'
      uptime: 536
      totalram: 29424472064
      freeram: 20792672256
      sharedram: 42041344
      bufferram: 212656128
      totalswap: 0
      freeswap: 0
      pagesize: 4096
      cpus: 4
      cpus-online: 4
      ticks-per-second: 100

metrics:
    - stressor: cpu
      bogo-ops: 22108
      bogo-ops-per-second-usr-sys-time: 1105.460248
      bogo-ops-per-second-real-time: 1105.392594
      wall-clock-time: 20.000134
      user-time: 19.998910
      system-time: 0.000000
      cpu-usage-per-instance: 99.993880
      max-rss: 1104

...
