---
system-info:
      stress-ng-version: 0.17.08
      run-by: root
      date-yyyy-mm-dd: 2024:06:07
      time-hh-mm-ss: 22:55:08
      epoch-secs: 1717800908
      hostname: b045b6bab02e
      sysname: Linux
      nodename: b045b6bab02e
      release: 6.8.0-1008-aws
      version: '#8-Ubuntu SMP Sat Apr 20 02:43:14 UTC 2024'
      machine: aarch64
      compiler: 'musl-gcc 13.2.1'
      uptime: 130
      totalram: 269703237632
      freeram: 264645599232
      sharedram: 36323328
      bufferram: 93913088
      totalswap: 0
      freeswap: 0
      pagesize: 4096
      cpus: 64
      cpus-online: 64
      ticks-per-second: 100

metrics:
    - stressor: cpu
      bogo-ops: 2940
      bogo-ops-per-second-usr-sys-time: 293.805119
      bogo-ops-per-second-real-time: 293.783608
      wall-clock-time: 10.007366
      user-time: 10.005634
      system-time: 0.000999
      cpu-usage-per-instance: 99.992678
      max-rss: 3584

...
