---
system-info:
      stress-ng-version: 0.17.08
      run-by: root
      date-yyyy-mm-dd: 2024:06:13
      time-hh-mm-ss: 13:41:39
      epoch-secs: 1718286099
      hostname: ae2bb9682ada
      sysname: Linux
      nodename: ae2bb9682ada
      release: 6.8.0-1008-aws
      version: '#8-Ubuntu SMP Sat Apr 20 02:43:14 UTC 2024'
      machine: aarch64
      compiler: 'musl-gcc 13.2.1'
      uptime: 148
      totalram: 269703237632
      freeram: 264527200256
      sharedram: 36323328
      bufferram: 106741760
      totalswap: 0
      freeswap: 0
      pagesize: 4096
      cpus: 64
      cpus-online: 64
      ticks-per-second: 100

metrics:
    - stressor: cpu
      bogo-ops: 30459
      bogo-ops-per-second-usr-sys-time: 1522.950381
      bogo-ops-per-second-real-time: 1522.945461
      wall-clock-time: 20.000060
      user-time: 19.999995
      system-time: 0.000000
      cpu-usage-per-instance: 99.999677
      max-rss: 1024

...
