---
system-info:
      stress-ng-version: 0.17.08
      run-by: root
      date-yyyy-mm-dd: 2024:06:20
      time-hh-mm-ss: 23:36:39
      epoch-secs: 1718926599
      hostname: 9ceb6636c7ef
      sysname: Linux
      nodename: 9ceb6636c7ef
      release: 6.8.0-1008-gcp
      version: '#9-Ubuntu SMP Wed May 22 18:09:04 UTC 2024'
      machine: x86_64
      compiler: 'musl-gcc 13.2.1'
      uptime: 187
      totalram: 8324927488
      freeram: 3380752384
      sharedram: 36016128
      bufferram: 134754304
      totalswap: 0
      freeswap: 0
      pagesize: 4096
      cpus: 2
      cpus-online: 2
      ticks-per-second: 100

metrics:
    - stressor: cpu
      bogo-ops: 27977
      bogo-ops-per-second-usr-sys-time: 1399.134164
      bogo-ops-per-second-real-time: 1398.839595
      wall-clock-time: 20.000149
      user-time: 19.994939
      system-time: 0.000999
      cpu-usage-per-instance: 99.978946
      max-rss: 1104

...
