BaselineInfo:
  WebDBID: -1
  TimeStamp: 20260612164537
Version:
  Major: 11
  Minor: 0
  Build: 1004
  SpecialBuildName: ""
  ptArchitecture: x86_64_linux
Results:
  Results Complete: true
  NumTestProcesses: 8
  CPU_INTEGER_MATH: 45293.266666666663
  CPU_FLOATINGPOINT_MATH: 36333.988423837072
  CPU_PRIME: 137.89386262813764
  CPU_SORTING: 26809.079196376148
  CPU_ENCRYPTION: 9768.6734426070889
  CPU_COMPRESSION: 188546.02464594482
  CPU_SINGLETHREAD: 2545.485351747709
  CPU_PHYSICS: 2512.5179534161862
  CPU_MATRIX_MULT_SSE: 16644.556448310439
  CPU_mm: 1720.2469001144705
  CPU_sse: 7839.9437384766079
  CPU_fma: 25191.531949001266
  CPU_avx: 16902.193657453441
  CPU_avx512: 0
  m_CPU_enc_SHA: 13756914152.460621
  m_CPU_enc_AES: 8700369090.0384426
  m_CPU_enc_ECDSA: 8272306328.766448
  ME_ALLOC_S: 3794.5378474142203
  ME_READ_S: 25058.307421875001
  ME_READ_L: 16036.9580078125
  ME_WRITE: 16476.849609375
  ME_LARGE: 23808.333333333332
  ME_LATENCY: 62.4706745774252
  ME_THREADED: 114185.23828125
  SUMM_CPU: 18127.636928475804
  SUMM_ME: 2641.2160764316209
SystemInformation:
  OSName: Ubuntu 24.04.4 LTS
  Kernel: 6.8.0-124-generic
  Device: ""
  Processor: AMD EPYC-Rome Processor
  NumSockets: 1
  Manufacturer: AuthenticAMD
  NumCores: 4
  NumLogicals: 8
  CPUFrequency: 0
  CPUMaxFrequency: 0
  Memory: 32089
  CPUInfo:
    number: 1
    Family: 15
    Model: 1
    stepping: 0
    features: 395049983
    manufacture: AuthenticAMD
    typestring: AMD EPYC-Rome Processor
    iCoresPerPackage: 4
    iThreadsPerPackage: 2
    featuresEx:
      - 395049983
      - 4277678595
      - 802421759
    bHybrid: false
    nPCore: 0
    nLogicalsPerPCore: 0
    nECore: 0
    nLogicalsPerECore: 0
  MemModuleInfo:
    iNumMemSticks: 2
    DIMM 1:
      manufacturer: QEMU
      modulePartNo: Not Specified
      memType: RAM
      size: 16
      clkspeed: 0
      moduleVoltage: 0
    DIMM 2:
      manufacturer: QEMU
      modulePartNo: Not Specified
      memType: RAM
      size: 16
      clkspeed: 0
      moduleVoltage: 0
Checksum: 2FFFC1900038620B421D9C708F79C717BF925C08