---
system-info:
      stress-ng-version: 0.17.08
      run-by: root
      date-yyyy-mm-dd: 2024:06:05
      time-hh-mm-ss: 21:58:59
      epoch-secs: 1717624739
      hostname: a7fde416a000
      sysname: Linux
      nodename: a7fde416a000
      release: 6.8.0-1008-aws
      version: '#8-Ubuntu SMP Sat Apr 20 00:46:25 UTC 2024'
      machine: x86_64
      compiler: 'musl-gcc 13.2.1'
      uptime: 109
      totalram: 202403540992
      freeram: 196729311232
      sharedram: 78635008
      bufferram: 79286272
      totalswap: 0
      freeswap: 0
      pagesize: 4096
      cpus: 96
      cpus-online: 96
      ticks-per-second: 100

metrics:
    - stressor: cpu
      bogo-ops: 1127788
      bogo-ops-per-second-usr-sys-time: 1175.603091
      bogo-ops-per-second-real-time: 112762.114364
      wall-clock-time: 10.001480
      user-time: 959.197247
      system-time: 0.129935
      cpu-usage-per-instance: 99.915130
      max-rss: 3072

...
