---
system-info:
      stress-ng-version: 0.17.08
      run-by: root
      date-yyyy-mm-dd: 2024:06:12
      time-hh-mm-ss: 20:56:57
      epoch-secs: 1718225817
      hostname: 2e81a44fe50f
      sysname: Linux
      nodename: 2e81a44fe50f
      release: 6.8.0-1008-aws
      version: '#8-Ubuntu SMP Sat Apr 20 00:46:25 UTC 2024'
      machine: x86_64
      compiler: 'musl-gcc 13.2.1'
      uptime: 138
      totalram: 202403540992
      freeram: 196556918784
      sharedram: 78635008
      bufferram: 110903296
      totalswap: 0
      freeswap: 0
      pagesize: 4096
      cpus: 96
      cpus-online: 96
      ticks-per-second: 100

metrics:
    - stressor: cpu
      bogo-ops: 1903927
      bogo-ops-per-second-usr-sys-time: 992.110218
      bogo-ops-per-second-real-time: 95196.016515
      wall-clock-time: 20.000070
      user-time: 1919.030051
      system-time: 0.037978
      cpu-usage-per-instance: 99.951110
      max-rss: 768

...
