BaselineInfo:
  WebDBID: -1
  TimeStamp: 20241109104909
Version:
  Major: 11
  Minor: 0
  Build: 1002
  SpecialBuildName: ""
  ptArchitecture: aarch64_linux
Results:
  Results Complete: true
  NumTestProcesses: 32
  CPU_INTEGER_MATH: 126278.18599999999
  CPU_FLOATINGPOINT_MATH: 96134.21082995036
  CPU_PRIME: 180.28940867675766
  CPU_SORTING: 90755.445431206317
  CPU_ENCRYPTION: 4345.1254727430214
  CPU_COMPRESSION: 152522.28089788495
  CPU_SINGLETHREAD: 1110.7042992453264
  CPU_PHYSICS: 3160.8703366390996
  CPU_MATRIX_MULT_SSE: 19896.625321032356
  CPU_mm: 3340.1908146072365
  CPU_sse: 16573.147076799312
  CPU_fma: 23220.103565265388
  CPU_avx: 0
  CPU_avx512: 0
  m_CPU_enc_SHA: 6442657131.4908123
  m_CPU_enc_AES: 3016696074.868269
  m_CPU_enc_ECDSA: 4209229656.7618799
  ME_ALLOC_S: 20399.248932574406
  ME_READ_S: 9483.8349609375
  ME_READ_L: 9218.337890625
  ME_WRITE: 12537.673828125
  ME_LARGE: 114835.5
  ME_LATENCY: 70.607822993058505
  ME_THREADED: 168510.8828125
  SUMM_CPU: 17353.524547720364
  SUMM_ME: 1835.5708502406167
SystemInformation:
  OSName: Ubuntu 24.04.1 LTS
  Kernel: 6.8.0-1016-aws
  Device: ""
  Processor: ARM Neoverse-N1 32 Core 0 MHz
  NumSockets: 1
  Manufacturer: ARM
  NumCores: 32
  NumLogicals: 32
  CPUFrequency: 0
  Memory: 126506
Checksum: 39CFF2E2EE415D6B0AC44DEBEF93CBF67B4AFEC0