---
system-info:
      stress-ng-version: 0.17.08
      run-by: root
      date-yyyy-mm-dd: 2024:06:13
      time-hh-mm-ss: 15:23:55
      epoch-secs: 1718292235
      hostname: c532b2eb1872
      sysname: Linux
      nodename: c532b2eb1872
      release: 6.8.0-1008-aws
      version: '#8-Ubuntu SMP Sat Apr 20 00:46:25 UTC 2024'
      machine: x86_64
      compiler: 'musl-gcc 13.2.1'
      uptime: 176
      totalram: 66684051456
      freeram: 62271655936
      sharedram: 40771584
      bufferram: 105590784
      totalswap: 0
      freeswap: 0
      pagesize: 4096
      cpus: 8
      cpus-online: 8
      ticks-per-second: 100

metrics:
    - stressor: cpu
      bogo-ops: 135043
      bogo-ops-per-second-usr-sys-time: 845.967828
      bogo-ops-per-second-real-time: 6752.123709
      wall-clock-time: 20.000078
      user-time: 159.606381
      system-time: 0.024985
      cpu-usage-per-instance: 99.769215
      max-rss: 1104

...
