---
system-info:
      stress-ng-version: 0.17.08
      run-by: root
      date-yyyy-mm-dd: 2024:06:08
      time-hh-mm-ss: 02:17:23
      epoch-secs: 1717813043
      hostname: 62e9c54bfbe7
      sysname: Linux
      nodename: 62e9c54bfbe7
      release: 6.8.0-1008-aws
      version: '#8-Ubuntu SMP Sat Apr 20 00:46:25 UTC 2024'
      machine: x86_64
      compiler: 'musl-gcc 13.2.1'
      uptime: 141
      totalram: 66684055552
      freeram: 62351458304
      sharedram: 40771584
      bufferram: 95129600
      totalswap: 0
      freeswap: 0
      pagesize: 4096
      cpus: 8
      cpus-online: 8
      ticks-per-second: 100

metrics:
    - stressor: cpu
      bogo-ops: 81723
      bogo-ops-per-second-usr-sys-time: 1024.642384
      bogo-ops-per-second-real-time: 8170.395782
      wall-clock-time: 10.002331
      user-time: 79.732602
      system-time: 0.024981
      cpu-usage-per-instance: 99.673748
      max-rss: 3920

...
