---
system-info:
      stress-ng-version: 0.17.08
      run-by: root
      date-yyyy-mm-dd: 2024:09:15
      time-hh-mm-ss: 20:32:28
      epoch-secs: 1726432348
      hostname: sc-runner
      sysname: Linux
      nodename: sc-runner
      release: 6.8.0-1014-azure
      version: '#16-Ubuntu SMP Thu Aug 15 20:04:41 UTC 2024'
      machine: x86_64
      compiler: 'musl-gcc 13.2.1'
      uptime: 465
      totalram: 3573944320
      freeram: 241373184
      sharedram: 42024960
      bufferram: 200675328
      totalswap: 0
      freeswap: 0
      pagesize: 4096
      cpus: 1
      cpus-online: 1
      ticks-per-second: 100

metrics:
    - stressor: cpu
      bogo-ops: 24489
      bogo-ops-per-second-usr-sys-time: 1246.947298
      bogo-ops-per-second-real-time: 1224.446716
      wall-clock-time: 20.000054
      user-time: 19.635196
      system-time: 0.003966
      cpu-usage-per-instance: 98.195547
      max-rss: 3256

...
