---
system-info:
      stress-ng-version: 0.17.08
      run-by: root
      date-yyyy-mm-dd: 2024:06:14
      time-hh-mm-ss: 13:57:12
      epoch-secs: 1718373432
      hostname: ad6de44d4183
      sysname: Linux
      nodename: ad6de44d4183
      release: 6.8.0-1008-aws
      version: '#8-Ubuntu SMP Sat Apr 20 00:46:25 UTC 2024'
      machine: x86_64
      compiler: 'musl-gcc 13.2.1'
      uptime: 204
      totalram: 32084475904
      freeram: 27718946816
      sharedram: 27541504
      bufferram: 111788032
      totalswap: 0
      freeswap: 0
      pagesize: 4096
      cpus: 4
      cpus-online: 4
      ticks-per-second: 100

metrics:
    - stressor: cpu
      bogo-ops: 15828
      bogo-ops-per-second-usr-sys-time: 791.427898
      bogo-ops-per-second-real-time: 791.397566
      wall-clock-time: 20.000062
      user-time: 19.999295
      system-time: 0.000000
      cpu-usage-per-instance: 99.996167
      max-rss: 1104

...
