---
system-info:
      stress-ng-version: 0.17.08
      run-by: root
      date-yyyy-mm-dd: 2024:06:09
      time-hh-mm-ss: 09:02:17
      epoch-secs: 1717923737
      hostname: 1fea896472a1
      sysname: Linux
      nodename: 1fea896472a1
      release: 6.8.0-1008-aws
      version: '#8-Ubuntu SMP Sat Apr 20 00:46:25 UTC 2024'
      machine: x86_64
      compiler: 'musl-gcc 13.2.1'
      uptime: 193
      totalram: 32084471808
      freeram: 27621363712
      sharedram: 27541504
      bufferram: 107999232
      totalswap: 0
      freeswap: 0
      pagesize: 4096
      cpus: 4
      cpus-online: 4
      ticks-per-second: 100

metrics:
    - stressor: cpu
      bogo-ops: 11633
      bogo-ops-per-second-usr-sys-time: 1163.251841
      bogo-ops-per-second-real-time: 1163.200079
      wall-clock-time: 10.000859
      user-time: 9.998415
      system-time: 0.001999
      cpu-usage-per-instance: 99.995550
      max-rss: 3920

...
