---
system-info:
      stress-ng-version: 0.17.08
      run-by: root
      date-yyyy-mm-dd: 2024:09:19
      time-hh-mm-ss: 07:13:02
      epoch-secs: 1726729982
      hostname: sc-runner
      sysname: Linux
      nodename: sc-runner
      release: 6.8.0-1014-azure
      version: '#16-Ubuntu SMP Thu Aug 15 20:04:41 UTC 2024'
      machine: x86_64
      compiler: 'musl-gcc 13.2.1'
      uptime: 314
      totalram: 135066300416
      freeram: 124647358464
      sharedram: 38260736
      bufferram: 252780544
      totalswap: 0
      freeswap: 0
      pagesize: 4096
      cpus: 16
      cpus-online: 16
      ticks-per-second: 100

metrics:
    - stressor: cpu
      bogo-ops: 433800
      bogo-ops-per-second-usr-sys-time: 1357.672633
      bogo-ops-per-second-real-time: 21689.939528
      wall-clock-time: 20.000056
      user-time: 319.496392
      system-time: 0.020986
      cpu-usage-per-instance: 99.848902
      max-rss: 3128

...
