size_kb,operation,bandwidth_mb_s,latency_ns,latency_stddev_ns,latency_samples,threads,iterations,elapsed_s
32,read,1587034.37,0,0,0,20,641024,0.252446
32,write,1436025.13,0,0,0,20,445632,0.193952
32,copy,1196210.72,0,0,0,20,453720,0.237061
32,latency,0,0.83,0.04,16,1,16,0.276437
128,read,2352603.28,0,0,0,20,262605,0.279058
128,write,2129855.60,0,0,0,20,184911,0.217046
128,copy,1516353.38,0,0,0,20,149521,0.246514
128,latency,0,2.30,0.04,7,1,7,0.664234
256,read,2500626.35,0,0,0,20,112968,0.225879
256,write,2363379.51,0,0,0,20,120019,0.253914
256,copy,1601088.87,0,0,0,20,68794,0.214835
256,latency,0,2.60,0.02,7,1,7,0.634558
512,read,2558908.83,0,0,0,20,65876,0.257438
512,write,2380006.56,0,0,0,20,66207,0.278180
512,copy,1209091.09,0,0,0,20,14250,0.117857
512,latency,0,3.35,0.06,7,1,7,0.679231
1024,read,2149486.68,0,0,0,20,25635,0.238522
1024,write,2098806.51,0,0,0,20,18117,0.172641
1024,copy,947193.15,0,0,0,20,6700,0.141471
1024,latency,0,4.85,0.11,7,1,7,0.718134
4096,read,1558271.96,0,0,0,20,5296,0.271891
4096,write,1271441.75,0,0,0,20,3029,0.190587
4096,copy,203181.77,0,0,0,20,1426,0.561468
4096,latency,0,8.40,0.05,7,1,7,0.705695
8192,read,556225.15,0,0,0,20,1094,0.314693
8192,write,244896.91,0,0,0,20,1222,0.798377
8192,copy,95377.08,0,0,0,20,619,1.038405
8192,latency,0,9.50,0.12,7,1,7,0.693889
16384,read,210535.88,0,0,0,20,568,0.863321
16384,write,112751.73,0,0,0,20,738,2.094513
16384,copy,58527.72,0,0,0,20,300,1.640248
16384,latency,0,10.16,1.93,21,1,21,1.763203
32768,read,155884.70,0,0,0,20,300,1.231680
32768,write,84289.60,0,0,0,20,269,2.042482
32768,copy,50048.14,0,0,0,20,153,1.956516
32768,latency,0,95.49,9.25,21,1,21,4.600743
65536,read,156191.48,0,0,0,20,143,1.171895
65536,write,76921.84,0,0,0,20,132,2.196515
65536,copy,46998.91,0,0,0,20,78,2.124304
65536,latency,0,122.51,5.23,7,1,7,5.223018
