BaselineInfo:
  WebDBID: -1
  TimeStamp: 20241107111757
Version:
  Major: 11
  Minor: 0
  Build: 1002
  SpecialBuildName: ""
  ptArchitecture: x86_64_linux
Results:
  Results Complete: true
  NumTestProcesses: 4
  CPU_INTEGER_MATH: 10277.959999999999
  CPU_FLOATINGPOINT_MATH: 5443.2263807465224
  CPU_PRIME: 12.148940265825843
  CPU_SORTING: 6437.3629799927639
  CPU_ENCRYPTION: 3221.2822668280455
  CPU_COMPRESSION: 43532.237148905719
  CPU_SINGLETHREAD: 1437.5601339933833
  CPU_PHYSICS: 358.97866402872324
  CPU_MATRIX_MULT_SSE: 1595.41661838658
  CPU_mm: 312.92306692941918
  CPU_sse: 1258.4854823634837
  CPU_fma: 1872.6733906177549
  CPU_avx: 1655.0909821785017
  CPU_avx512: 0
  m_CPU_enc_SHA: 4557204982.9730501
  m_CPU_enc_AES: 3154530926.5739198
  m_CPU_enc_ECDSA: 2421541913.1174846
  ME_ALLOC_S: 977.77428547369857
  ME_READ_S: 14565.51328125
  ME_READ_L: 10888.6572265625
  ME_WRITE: 7784.01318359375
  ME_LARGE: 21846.666666666668
  ME_LATENCY: 71.391225935493154
  ME_THREADED: 22800.25634765625
  SUMM_CPU: 3587.4704925560213
  SUMM_ME: 1664.1303605421701
SystemInformation:
  OSName: Ubuntu 24.04.1 LTS
  Kernel: 6.8.0-1016-aws
  Device: ""
  Processor: AMD EPYC 7571
  NumSockets: 1
  Manufacturer: AuthenticAMD
  NumCores: 2
  NumLogicals: 4
  CPUFrequency: 0
  Memory: 31810
  MemModuleInfo:
    iNumMemSticks: 1
    DIMM 1:
      manufacturer: Not Specified
      modulePartNo: Not Specified
      memType: DDR4
      size: 32
      clkspeed: 1333
      moduleVoltage: 0
Checksum: 0A17CD2D80A2E0FD99F9305A59D2A41C4F887436