---
system-info:
      stress-ng-version: 0.17.08
      run-by: root
      date-yyyy-mm-dd: 2024:06:16
      time-hh-mm-ss: 03:23:30
      epoch-secs: 1718508210
      hostname: 8b6c796b0592
      sysname: Linux
      nodename: 8b6c796b0592
      release: 6.8.0-1008-aws
      version: '#8-Ubuntu SMP Sat Apr 20 02:43:14 UTC 2024'
      machine: aarch64
      compiler: 'musl-gcc 13.2.1'
      uptime: 141
      totalram: 8141578240
      freeram: 3909173248
      sharedram: 35020800
      bufferram: 111214592
      totalswap: 0
      freeswap: 0
      pagesize: 4096
      cpus: 1
      cpus-online: 1
      ticks-per-second: 100

metrics:
    - stressor: cpu
      bogo-ops: 30338
      bogo-ops-per-second-usr-sys-time: 1532.763024
      bogo-ops-per-second-real-time: 1516.894394
      wall-clock-time: 20.000074
      user-time: 19.790036
      system-time: 0.002978
      cpu-usage-per-instance: 98.964704
      max-rss: 1320

...
