---
system-info:
      stress-ng-version: 0.17.08
      run-by: root
      date-yyyy-mm-dd: 2024:06:09
      time-hh-mm-ss: 22:55:38
      epoch-secs: 1717973738
      hostname: 8bc9b1459e07
      sysname: Linux
      nodename: 8bc9b1459e07
      release: 6.8.0-1008-aws
      version: '#8-Ubuntu SMP Sat Apr 20 02:43:14 UTC 2024'
      machine: aarch64
      compiler: 'musl-gcc 13.2.1'
      uptime: 131
      totalram: 8141586432
      freeram: 3716673536
      sharedram: 35020800
      bufferram: 114585600
      totalswap: 0
      freeswap: 0
      pagesize: 4096
      cpus: 1
      cpus-online: 1
      ticks-per-second: 100

metrics:
    - stressor: cpu
      bogo-ops: 4202
      bogo-ops-per-second-usr-sys-time: 424.821076
      bogo-ops-per-second-real-time: 420.176037
      wall-clock-time: 10.000570
      user-time: 9.890230
      system-time: 0.000993
      cpu-usage-per-instance: 98.906589
      max-rss: 4136

...
