---
system-info:
      stress-ng-version: 0.17.08
      run-by: root
      date-yyyy-mm-dd: 2024:07:12
      time-hh-mm-ss: 11:18:10
      epoch-secs: 1720783090
      hostname: ip-172-31-63-179
      sysname: Linux
      nodename: ip-172-31-63-179
      release: 6.8.0-1010-aws
      version: '#10-Ubuntu SMP Thu Jun 13 17:36:15 UTC 2024'
      machine: x86_64
      compiler: 'musl-gcc 13.2.1'
      uptime: 207
      totalram: 390684995584
      freeram: 382104027136
      sharedram: 37707776
      bufferram: 132550656
      totalswap: 0
      freeswap: 0
      pagesize: 4096
      cpus: 96
      cpus-online: 96
      ticks-per-second: 100

metrics:
    - stressor: cpu
      bogo-ops: 59344
      bogo-ops-per-second-usr-sys-time: 2967.412763
      bogo-ops-per-second-real-time: 2967.176478
      wall-clock-time: 20.000159
      user-time: 19.998566
      system-time: 0.000000
      cpu-usage-per-instance: 99.992037
      max-rss: 768

...
