BaselineInfo:
  WebDBID: -1
  TimeStamp: 20260617143107
Version:
  Major: 11
  Minor: 0
  Build: 1004
  SpecialBuildName: ""
  ptArchitecture: x86_64_linux
Results:
  Results Complete: true
  NumTestProcesses: 2
  CPU_INTEGER_MATH: 6330.6440000000002
  CPU_FLOATINGPOINT_MATH: 4743.8032691954486
  CPU_PRIME: 21.148406105681865
  CPU_SORTING: 4241.2687788125604
  CPU_ENCRYPTION: 812.85706957711386
  CPU_COMPRESSION: 32780.796981687665
  CPU_SINGLETHREAD: 1654.4853617357917
  CPU_PHYSICS: 351.6979272010945
  CPU_MATRIX_MULT_SSE: 2533.8760548836217
  CPU_mm: 282.02142071570847
  CPU_sse: 1065.0506326696591
  CPU_fma: 3524.9023110070075
  CPU_avx: 2424.8221540582285
  CPU_avx512: 3120.7291217995908
  m_CPU_enc_SHA: 442546452.66253781
  m_CPU_enc_AES: 1727409998.525816
  m_CPU_enc_ECDSA: 387070792.57832134
  ME_ALLOC_S: 554.18177403665811
  ME_READ_S: 18790.124414062499
  ME_READ_L: 6879.58251953125
  ME_WRITE: 7078.88720703125
  ME_LARGE: 7441.25
  ME_LATENCY: 76.522138045776771
  ME_THREADED: 13455.7080078125
  SUMM_CPU: 2616.1020021995837
  SUMM_ME: 1339.6417025062678
SystemInformation:
  OSName: Ubuntu 24.04.4 LTS
  Kernel: 6.8.0-117-generic
  Device: ""
  Processor: Intel(R) Xeon(R) Platinum 8269CY CPU @ 2.50GHz
  NumSockets: 1
  Manufacturer: GenuineIntel
  NumCores: 1
  NumLogicals: 2
  CPUFrequency: 0
  CPUMaxFrequency: 0
  Memory: 15609
  CPUInfo:
    number: 1
    Family: 6
    Model: 5
    stepping: 7
    features: 529267711
    manufacture: GenuineIntel
    typestring: Intel(R) Xeon(R) Platinum 8269CY CPU @ 2.50GHz
    iCoresPerPackage: 1
    iThreadsPerPackage: 2
    featuresEx:
      - 529267711
      - 4277809667
      - 739248128
    bHybrid: false
    nPCore: 0
    nLogicalsPerPCore: 0
    nECore: 0
    nLogicalsPerECore: 0
  MemModuleInfo:
    iNumMemSticks: 1
    DIMM 1:
      manufacturer: Alibaba Cloud
      modulePartNo: Not Specified
      memType: RAM
      size: 16
      clkspeed: 0
      moduleVoltage: 0
Checksum: EA07F896DF17BACB37BF3F86A4C6A19789C405FE