"size","threads","connections","rps","latency","failed","server_usr","server_sys","client_usr","client_sys"
"1k",64,64,1281864,0.001950000,0,94.61,145.26,34.13,155.31
"1k",64,128,1797361,0.001200000,0,101.44,189.90,39.95,206.04
"1k",64,256,1303707,0.001980000,0,86.89,201.77,35.04,212.08
"1k",64,512,1516625,0.001300000,0,77.26,239.57,33.79,224.70
"1k",64,1024,1240010,0.002150000,0,78.47,262.56,30.31,203.35
"1k",64,2048,1079767,0.003990000,0,81.48,269.56,28.84,194.24
"1k",128,128,2289791,0.001640000,0,124.02,177.93,50.72,206.71
"1k",128,256,1851126,0.001360000,0,89.51,196.10,43.90,222.89
"1k",128,512,1462299,0.001660000,0,67.28,225.15,37.52,223.73
"1k",128,1024,1364778,0.002230000,0,65.72,257.04,29.59,219.52
"1k",128,2048,1256402,0.002470000,0,62.71,263.44,35.74,212.07
"1k",256,256,2278933,0.001180000,0,111.84,177.10,49.78,214.39
"1k",256,512,1510693,0.001480000,0,61.58,223.12,37.66,241.16
"1k",256,1024,1488030,0.001580000,0,61.81,232.58,43.82,225.61
"1k",256,2048,1092597,0.003510000,0,65.19,251.97,39.83,212.25
"16k",64,64,2357084,0.000708560,0,133.71,180.07,52.52,225.65
"16k",64,128,1529883,0.001220000,0,93.83,187.48,41.16,213.15
"16k",64,256,895087,0.005310000,0,79.87,189.85,34.60,204.56
"16k",64,512,773106,0.003950000,0,80.63,215.78,32.55,217.69
"16k",64,1024,611162,0.005690000,0,83.51,240.57,28.78,206.23
"16k",64,2048,549057,0.008020000,0,86.44,256.07,26.71,199.10
"16k",128,128,2106761,0.001430000,0,118.91,174.04,53.22,222.81
"16k",128,256,1612911,0.001500000,0,88.21,191.68,44.65,231.75
"16k",128,512,1014004,0.003270000,0,71.24,215.24,36.89,223.45
"16k",128,1024,883457,0.003530000,0,66.77,240.45,30.66,229.91
"16k",128,2048,767785,0.004830000,0,75.65,255.81,35.36,217.80
"16k",256,256,2109914,0.001240000,0,111.42,174.21,54.42,229.32
"16k",256,512,1011620,0.002650000,0,57.47,215.38,34.14,246.62
"16k",256,1024,1024922,0.003240000,0,72.76,228.62,44.68,228.65
"16k",256,2048,678305,0.007620000,0,79.95,239.04,39.62,209.42
"64k",64,64,1228956,0.001870000,0,91.75,209.00,46.87,240.98
"64k",64,128,916905,0.001970000,0,78.35,201.74,37.29,228.40
"64k",64,256,696003,0.002310000,0,75.68,219.66,30.58,227.31
"64k",64,512,474261,0.003720000,0,76.28,235.10,25.70,214.77
"64k",64,1024,355706,0.006860000,0,83.80,257.51,23.43,193.09
"64k",64,2048,260274,0.015880000,0,88.14,255.52,21.34,188.90
"64k",128,128,1218475,0.002780000,0,91.15,204.66,47.92,249.10
"64k",128,256,819395,0.002730000,0,70.39,213.52,37.65,238.01
"64k",128,512,619399,0.004030000,0,62.99,234.67,30.79,230.63
"64k",128,1024,477881,0.005340000,0,75.14,246.97,30.82,206.42
"64k",128,2048,283708,0.015180000,0,87.78,240.46,26.61,179.93
"64k",256,256,1082572,0.004340000,0,82.23,206.74,48.06,244.88
"64k",256,512,678287,0.003710000,0,63.87,223.50,37.55,232.82
"64k",256,1024,615618,0.004850000,0,72.19,241.84,41.85,223.52
"64k",256,2048,478114,0.007450000,0,95.40,249.92,38.80,221.21
"256k",64,64,544387,0.002610000,0,87.85,228.08,44.70,257.80
"256k",64,128,203263,0.011370000,0,78.81,236.42,30.09,207.89
"256k",64,256,164283,0.007400000,0,78.87,257.15,22.54,194.73
"256k",64,512,131988,0.007340000,0,81.26,275.42,17.68,193.40
"256k",64,1024,101332,0.015120000,0,90.14,268.62,15.01,180.09
"256k",128,128,392988,0.003600000,0,68.34,247.36,41.16,276.94
"256k",128,256,249883,0.004100000,0,67.59,258.01,28.40,219.70
"256k",128,512,140786,0.014620000,0,83.08,254.07,24.68,189.07
"256k",128,1024,114924,0.018470000,0,96.87,270.03,23.14,182.28
"256k",256,256,323610,0.007060000,0,75.03,254.96,41.09,260.03
"256k",256,512,244566,0.006070000,0,91.67,265.45,34.45,209.71
"256k",256,1024,139162,0.015880000,0,111.19,257.87,30.17,184.34
"512k",64,64,62861,0.003090000,0,69.65,436.97,16.14,121.78
"512k",64,128,63751,0.007440000,0,85.42,334.65,19.33,158.68
"512k",64,256,55394,0.009620000,0,85.78,333.71,15.77,154.15
"512k",64,512,49334,0.017500000,0,90.80,316.58,13.81,154.11
"512k",64,1024,43731,0.029710000,0,101.37,312.49,12.23,147.68
"512k",128,128,63127,0.003590000,0,80.62,430.92,18.13,120.62
"512k",128,256,55631,0.010520000,0,86.94,373.40,18.98,142.58
"512k",128,512,49690,0.012970000,0,98.68,391.62,17.12,131.50
"512k",128,1024,46114,0.026990000,0,104.05,366.10,16.11,131.56
"512k",256,256,64647,0.008650000,0,97.20,424.71,22.07,148.99
"512k",256,512,52214,0.013630000,0,106.66,380.21,20.35,130.63
"512k",256,1024,48293,0.024480000,0,106.97,385.45,18.76,127.35
