BaselineInfo:
  WebDBID: -1
  TimeStamp: 20250527021518
Version:
  Major: 11
  Minor: 0
  Build: 1002
  SpecialBuildName: ""
  ptArchitecture: x86_64_linux
Results:
  Results Complete: true
  NumTestProcesses: 16
  CPU_INTEGER_MATH: 85051.965000000011
  CPU_FLOATINGPOINT_MATH: 60275.524087105594
  CPU_PRIME: 169.39682985624964
  CPU_SORTING: 42654.33891957048
  CPU_ENCRYPTION: 18741.909931012589
  CPU_COMPRESSION: 306374.59606726252
  CPU_SINGLETHREAD: 3248.1911415884483
  CPU_PHYSICS: 4005.9576701467481
  CPU_MATRIX_MULT_SSE: 24906.365179539258
  CPU_mm: 2406.2671171551037
  CPU_sse: 10382.257157044105
  CPU_fma: 27297.948497023193
  CPU_avx: 21355.569340055154
  CPU_avx512: 40589.685724034585
  m_CPU_enc_SHA: 19799921006.080116
  m_CPU_enc_AES: 25790373799.353966
  m_CPU_enc_ECDSA: 13366656038.030294
  ME_ALLOC_S: 11177.931747524006
  ME_READ_S: 29635.553906249999
  ME_READ_L: 10131.3935546875
  ME_WRITE: 9539.3876953125
  ME_LARGE: 666565
  ME_LATENCY: 56.356016493316268
  ME_THREADED: 181772.14111328125
  SUMM_CPU: 29487.256446407482
  SUMM_ME: 2665.2388879228897
SystemInformation:
  OSName: Ubuntu 24.04.2 LTS
  Kernel: 6.11.0-1015-azure
  Device: ""
  Processor: INTEL XEON PLATINUM 8573C
  NumSockets: 2
  Manufacturer: GenuineIntel
  NumCores: 8
  NumLogicals: 16
  CPUFrequency: 2300
  Memory: 677261
  MemModuleInfo:
    iNumMemSticks: 4
    DIMM 1:
      manufacturer: Microsoft Corporation
      modulePartNo: None
      memType: Unknown
      size: 1
      clkspeed: 0
      moduleVoltage: 0
    DIMM 2:
      manufacturer: Microsoft Corporation
      modulePartNo: None
      memType: Unknown
      size: 59
      clkspeed: 0
      moduleVoltage: 0
    DIMM 3:
      manufacturer: Microsoft Corporation
      modulePartNo: None
      memType: Unknown
      size: 276
      clkspeed: 0
      moduleVoltage: 0
    DIMM 4:
      manufacturer: Microsoft Corporation
      modulePartNo: None
      memType: Unknown
      size: 336
      clkspeed: 0
      moduleVoltage: 0
Checksum: 4B56C04A67CF86972552E9EDDF96E8FF3712EB5E