---
system-info:
      stress-ng-version: 0.17.08
      run-by: root
      date-yyyy-mm-dd: 2024:06:14
      time-hh-mm-ss: 06:29:17
      epoch-secs: 1718346557
      hostname: 93554bbcbf4e
      sysname: Linux
      nodename: 93554bbcbf4e
      release: 6.8.0-1008-aws
      version: '#8-Ubuntu SMP Sat Apr 20 00:46:25 UTC 2024'
      machine: x86_64
      compiler: 'musl-gcc 13.2.1'
      uptime: 148
      totalram: 270243966976
      freeram: 263269306368
      sharedram: 116690944
      bufferram: 109101056
      totalswap: 0
      freeswap: 0
      pagesize: 4096
      cpus: 128
      cpus-online: 128
      ticks-per-second: 100

metrics:
    - stressor: cpu
      bogo-ops: 38183
      bogo-ops-per-second-usr-sys-time: 1909.143127
      bogo-ops-per-second-real-time: 1909.148634
      wall-clock-time: 20.000014
      user-time: 20.000072
      system-time: 0.000000
      cpu-usage-per-instance: 100.000288
      max-rss: 0

...
