---
system-info:
      stress-ng-version: 0.17.08
      run-by: root
      date-yyyy-mm-dd: 2024:06:06
      time-hh-mm-ss: 11:19:12
      epoch-secs: 1717672752
      hostname: fec33b9384af
      sysname: Linux
      nodename: fec33b9384af
      release: 6.8.0-1008-aws
      version: '#8-Ubuntu SMP Sat Apr 20 00:46:25 UTC 2024'
      machine: x86_64
      compiler: 'musl-gcc 13.2.1'
      uptime: 130
      totalram: 270243971072
      freeram: 263601983488
      sharedram: 116686848
      bufferram: 83222528
      totalswap: 0
      freeswap: 0
      pagesize: 4096
      cpus: 128
      cpus-online: 128
      ticks-per-second: 100

metrics:
    - stressor: cpu
      bogo-ops: 16950
      bogo-ops-per-second-usr-sys-time: 1694.934067
      bogo-ops-per-second-real-time: 1694.936313
      wall-clock-time: 10.000376
      user-time: 10.000389
      system-time: 0.000000
      cpu-usage-per-instance: 100.000133
      max-rss: 2048

...
