BaselineInfo:
  WebDBID: -1
  TimeStamp: 20241107095202
Version:
  Major: 11
  Minor: 0
  Build: 1002
  SpecialBuildName: ""
  ptArchitecture: x86_64_linux
Results:
  Results Complete: true
  NumTestProcesses: 2
  CPU_INTEGER_MATH: 8343.4703333333327
  CPU_FLOATINGPOINT_MATH: 4270.160954450088
  CPU_PRIME: 18.046663503507737
  CPU_SORTING: 4304.4388153672426
  CPU_ENCRYPTION: 1803.9481779479834
  CPU_COMPRESSION: 32124.236802281936
  CPU_SINGLETHREAD: 2359.785845723397
  CPU_PHYSICS: 359.88245873072947
  CPU_MATRIX_MULT_SSE: 1659.6304558295533
  CPU_mm: 180.36771791244283
  CPU_sse: 785.93260387475118
  CPU_fma: 2179.6196042596612
  CPU_avx: 1609.663650865306
  CPU_avx512: 2063.3059643184961
  m_CPU_enc_SHA: 1816632000.245173
  m_CPU_enc_AES: 2746321856.1424022
  m_CPU_enc_ECDSA: 1111776437.5323782
  ME_ALLOC_S: 818.05616236379876
  ME_READ_S: 23821.646679687499
  ME_READ_L: 7711.51171875
  ME_WRITE: 7253.86767578125
  ME_LARGE: 6041
  ME_LATENCY: 92.234837222134857
  ME_THREADED: 11197.03564453125
  SUMM_CPU: 2966.4690765554501
  SUMM_ME: 1331.3252778229598
SystemInformation:
  OSName: Ubuntu 24.04.1 LTS
  Kernel: 6.8.0-1017-azure
  Device: ""
  Processor: Intel Xeon Platinum 8370C CPU @ 2.80GHz
  NumSockets: 1
  Manufacturer: GenuineIntel
  NumCores: 1
  NumLogicals: 2
  CPUFrequency: 2800
  Memory: 15989
  MemModuleInfo:
    iNumMemSticks: 2
    DIMM 1:
      manufacturer: Microsoft Corporation
      modulePartNo: None
      memType: Unknown
      size: 1
      clkspeed: 0
      moduleVoltage: 0
    DIMM 2:
      manufacturer: Microsoft Corporation
      modulePartNo: None
      memType: Unknown
      size: 15
      clkspeed: 0
      moduleVoltage: 0
Checksum: F95FA6C9EBD9E4860E3443E2EFE4BE2F29B40BA6