---
system-info:
      stress-ng-version: 0.17.08
      run-by: root
      date-yyyy-mm-dd: 2024:06:06
      time-hh-mm-ss: 12:38:54
      epoch-secs: 1717677534
      hostname: 737bf53cfa9b
      sysname: Linux
      nodename: 737bf53cfa9b
      release: 6.8.0-1008-aws
      version: '#8-Ubuntu SMP Sat Apr 20 00:46:25 UTC 2024'
      machine: x86_64
      compiler: 'musl-gcc 13.2.1'
      uptime: 102
      totalram: 4002340864
      freeram: 115249152
      sharedram: 59854848
      bufferram: 81121280
      totalswap: 0
      freeswap: 0
      pagesize: 4096
      cpus: 2
      cpus-online: 2
      ticks-per-second: 100

metrics:
    - stressor: cpu
      bogo-ops: 24525
      bogo-ops-per-second-usr-sys-time: 1240.773753
      bogo-ops-per-second-real-time: 2452.369351
      wall-clock-time: 10.000533
      user-time: 19.754924
      system-time: 0.010968
      cpu-usage-per-instance: 98.824195
      max-rss: 4048

...
