---
system-info:
      stress-ng-version: 0.17.08
      run-by: root
      date-yyyy-mm-dd: 2024:06:13
      time-hh-mm-ss: 03:22:27
      epoch-secs: 1718248947
      hostname: a77c7151a873
      sysname: Linux
      nodename: a77c7151a873
      release: 6.8.0-1008-aws
      version: '#8-Ubuntu SMP Sat Apr 20 00:46:25 UTC 2024'
      machine: x86_64
      compiler: 'musl-gcc 13.2.1'
      uptime: 106
      totalram: 4002353152
      freeram: 225677312
      sharedram: 59854848
      bufferram: 102883328
      totalswap: 0
      freeswap: 0
      pagesize: 4096
      cpus: 2
      cpus-online: 2
      ticks-per-second: 100

metrics:
    - stressor: cpu
      bogo-ops: 38352
      bogo-ops-per-second-usr-sys-time: 968.158071
      bogo-ops-per-second-real-time: 1917.589953
      wall-clock-time: 20.000105
      user-time: 39.603385
      system-time: 0.009981
      cpu-usage-per-instance: 99.032896
      max-rss: 1104

...
