---
system-info:
      stress-ng-version: 0.17.08
      run-by: root
      date-yyyy-mm-dd: 2024:06:07
      time-hh-mm-ss: 15:25:49
      epoch-secs: 1717773949
      hostname: 39e5027fa338
      sysname: Linux
      nodename: 39e5027fa338
      release: 6.1.91-99.172.amzn2023.x86_64
      version: '#1 SMP PREEMPT_DYNAMIC Tue May 21 16:55:08 UTC 2024'
      machine: x86_64
      compiler: 'musl-gcc 13.2.1'
      uptime: 176
      totalram: 64246571008
      freeram: 60175405056
      sharedram: 56508416
      bufferram: 2220032
      totalswap: 0
      freeswap: 0
      pagesize: 4096
      cpus: 8
      cpus-online: 8
      ticks-per-second: 100

metrics:
    - stressor: cpu
      bogo-ops: 11751
      bogo-ops-per-second-usr-sys-time: 1174.670658
      bogo-ops-per-second-real-time: 1174.648462
      wall-clock-time: 10.003844
      user-time: 10.003655
      system-time: 0.000000
      cpu-usage-per-instance: 99.998110
      max-rss: 4232

...
