BaselineInfo:
  WebDBID: -1
  TimeStamp: 20260619234017
Version:
  Major: 11
  Minor: 0
  Build: 1004
  SpecialBuildName: ""
  ptArchitecture: x86_64_linux
Results:
  Results Complete: true
  NumTestProcesses: 4
  CPU_INTEGER_MATH: 26678.037
  CPU_FLOATINGPOINT_MATH: 16218.34892967377
  CPU_PRIME: 70.919445580004037
  CPU_SORTING: 13051.456137055487
  CPU_ENCRYPTION: 5365.9997815483794
  CPU_COMPRESSION: 102993.60899080476
  CPU_SINGLETHREAD: 3836.111881978467
  CPU_PHYSICS: 1263.4439830829238
  CPU_MATRIX_MULT_SSE: 7872.6285993383544
  CPU_mm: 758.06302374052552
  CPU_sse: 2871.0134336962865
  CPU_fma: 8741.3165299284719
  CPU_avx: 8396.90340613224
  CPU_avx512: 11481.281027596422
  m_CPU_enc_SHA: 6739112560.572197
  m_CPU_enc_AES: 5512420898.6380959
  m_CPU_enc_ECDSA: 4628442301.6003256
  ME_ALLOC_S: 2857.7237542977359
  ME_READ_S: 34249.284765625001
  ME_READ_L: 30248.501953125
  ME_WRITE: 29868.8671875
  ME_LARGE: 120486
  ME_LATENCY: 80.395437898272448
  ME_THREADED: 48402.4130859375
  SUMM_CPU: 10054.49670113657
  SUMM_ME: 2623.4348564228726
SystemInformation:
  OSName: Ubuntu 24.04.4 LTS
  Kernel: 6.17.0-1018-azure
  Device: ""
  Processor: "AMD EPYC 9V45 96-Core Processor                "
  NumSockets: 1
  Manufacturer: AuthenticAMD
  NumCores: 2
  NumLogicals: 4
  CPUFrequency: 0
  CPUMaxFrequency: 0
  Memory: 128813
  CPUInfo:
    number: 1
    Family: 15
    Model: 2
    stepping: 1
    features: 395049983
    manufacture: AuthenticAMD
    typestring: "AMD EPYC 9V45 96-Core Processor                "
    iCoresPerPackage: 8
    iThreadsPerPackage: 2
    featuresEx:
      - 395049983
      - 4277809667
      - 802421759
    bHybrid: false
    nPCore: 0
    nLogicalsPerPCore: 0
    nECore: 0
    nLogicalsPerECore: 0
  MemModuleInfo:
    iNumMemSticks: 3
    DIMM 1:
      manufacturer: Microsoft Corporation
      modulePartNo: None
      memType: Unknown
      size: 1
      clkspeed: 0
      moduleVoltage: 0
    DIMM 2:
      manufacturer: Microsoft Corporation
      modulePartNo: None
      memType: Unknown
      size: 59
      clkspeed: 0
      moduleVoltage: 0
    DIMM 3:
      manufacturer: Microsoft Corporation
      modulePartNo: None
      memType: Unknown
      size: 68
      clkspeed: 0
      moduleVoltage: 0
Checksum: 82BC345C5D7AC0158BFAA4E003156A1B75A08F29