BaselineInfo:
  WebDBID: -1
  TimeStamp: 20241107205955
Version:
  Major: 11
  Minor: 0
  Build: 1002
  SpecialBuildName: ""
  ptArchitecture: aarch64_linux
Results:
  Results Complete: true
  NumTestProcesses: 16
  CPU_INTEGER_MATH: 76398.603333333333
  CPU_FLOATINGPOINT_MATH: 75926.884194671802
  CPU_PRIME: 155.18540081937545
  CPU_SORTING: 63283.414829429596
  CPU_ENCRYPTION: 2226.3463053463988
  CPU_COMPRESSION: 84659.286032391494
  CPU_SINGLETHREAD: 1557.4442432830467
  CPU_PHYSICS: 3907.8283538904416
  CPU_MATRIX_MULT_SSE: 13259.422499254866
  CPU_mm: 1739.4501556834875
  CPU_sse: 11116.937492183892
  CPU_fma: 15401.907506325837
  CPU_avx: 0
  CPU_avx512: 0
  m_CPU_enc_SHA: 3381430985.9007907
  m_CPU_enc_AES: 1296092165.3617046
  m_CPU_enc_ECDSA: 2325956759.1622214
  ME_ALLOC_S: 15974.201350505786
  ME_READ_S: 19530.3046875
  ME_READ_L: 18886.37890625
  ME_WRITE: 19681.076171875
  ME_LARGE: 20967.833333333332
  ME_LATENCY: 50.348143652858347
  ME_THREADED: 216199.4404296875
  SUMM_CPU: 11483.624697255167
  SUMM_ME: 2972.266452150513
SystemInformation:
  OSName: Ubuntu 24.04.1 LTS
  Kernel: 6.8.0-1016-aws
  Device: ""
  Processor: ARM Neoverse-V1 16 Core 0 MHz
  NumSockets: 1
  Manufacturer: ARM
  NumCores: 16
  NumLogicals: 16
  CPUFrequency: 0
  Memory: 31491
Checksum: 360446BDD8842A01D1BC5433E6607F74FBCFFD5F