---
system-info:
      stress-ng-version: 0.17.08
      run-by: root
      date-yyyy-mm-dd: 2024:09:23
      time-hh-mm-ss: 23:43:32
      epoch-secs: 1727135012
      hostname: c4-standard-48-f8d1e1f
      sysname: Linux
      nodename: c4-standard-48-f8d1e1f
      release: 6.8.0-1014-gcp
      version: '#16-Ubuntu SMP Mon Aug 26 15:55:46 UTC 2024'
      machine: x86_64
      compiler: 'musl-gcc 13.2.1'
      uptime: 208
      totalram: 189914173440
      freeram: 179183071232
      sharedram: 274984960
      bufferram: 251854848
      totalswap: 0
      freeswap: 0
      pagesize: 4096
      cpus: 48
      cpus-online: 48
      ticks-per-second: 100

metrics:
    - stressor: cpu
      bogo-ops: 877507
      bogo-ops-per-second-usr-sys-time: 914.361024
      bogo-ops-per-second-real-time: 43875.167396
      wall-clock-time: 20.000083
      user-time: 959.679244
      system-time: 0.014987
      cpu-usage-per-instance: 99.967733
      max-rss: 768

...
