---
system-info:
      stress-ng-version: 0.17.08
      run-by: root
      date-yyyy-mm-dd: 2024:06:07
      time-hh-mm-ss: 13:57:25
      epoch-secs: 1717768645
      hostname: 9f3b89a8f3cc
      sysname: Linux
      nodename: 9f3b89a8f3cc
      release: 6.8.0-1008-aws
      version: '#8-Ubuntu SMP Sat Apr 20 00:46:25 UTC 2024'
      machine: x86_64
      compiler: 'musl-gcc 13.2.1'
      uptime: 134
      totalram: 532331937792
      freeram: 527605932032
      sharedram: 60465152
      bufferram: 91164672
      totalswap: 0
      freeswap: 0
      pagesize: 4096
      cpus: 64
      cpus-online: 64
      ticks-per-second: 100

metrics:
    - stressor: cpu
      bogo-ops: 751213
      bogo-ops-per-second-usr-sys-time: 1174.451963
      bogo-ops-per-second-real-time: 75110.532100
      wall-clock-time: 10.001434
      user-time: 639.561574
      system-time: 0.066971
      cpu-usage-per-instance: 99.927634
      max-rss: 3584

...
