---
system-info:
      stress-ng-version: 0.17.08
      run-by: root
      date-yyyy-mm-dd: 2024:06:15
      time-hh-mm-ss: 07:57:24
      epoch-secs: 1718438244
      hostname: aa72d1eee522
      sysname: Linux
      nodename: aa72d1eee522
      release: 6.8.0-1008-aws
      version: '#8-Ubuntu SMP Sat Apr 20 00:46:25 UTC 2024'
      machine: x86_64
      compiler: 'musl-gcc 13.2.1'
      uptime: 140
      totalram: 532331966464
      freeram: 527511527424
      sharedram: 60465152
      bufferram: 105623552
      totalswap: 0
      freeswap: 0
      pagesize: 4096
      cpus: 64
      cpus-online: 64
      ticks-per-second: 100

metrics:
    - stressor: cpu
      bogo-ops: 1235723
      bogo-ops-per-second-usr-sys-time: 965.761149
      bogo-ops-per-second-real-time: 61785.877317
      wall-clock-time: 20.000088
      user-time: 1279.496745
      system-time: 0.035985
      cpu-usage-per-instance: 99.963053
      max-rss: 512

...
