---
system-info:
      stress-ng-version: 0.17.08
      run-by: root
      date-yyyy-mm-dd: 2024:07:02
      time-hh-mm-ss: 18:52:02
      epoch-secs: 1719946322
      hostname: n1-highmem-32-977d0a9
      sysname: Linux
      nodename: n1-highmem-32-977d0a9
      release: 6.8.0-1009-gcp
      version: '#10-Ubuntu SMP Wed Jun 12 18:52:23 UTC 2024'
      machine: x86_64
      compiler: 'musl-gcc 13.2.1'
      uptime: 190
      totalram: 219518279680
      freeram: 213945782272
      sharedram: 48701440
      bufferram: 129888256
      totalswap: 0
      freeswap: 0
      pagesize: 4096
      cpus: 32
      cpus-online: 32
      ticks-per-second: 100

metrics:
    - stressor: cpu
      bogo-ops: 23413
      bogo-ops-per-second-usr-sys-time: 1170.752090
      bogo-ops-per-second-real-time: 1170.639380
      wall-clock-time: 20.000181
      user-time: 19.998256
      system-time: 0.000000
      cpu-usage-per-instance: 99.990373
      max-rss: 776

...
