BaselineInfo:
  WebDBID: -1
  TimeStamp: 20241108172407
Version:
  Major: 11
  Minor: 0
  Build: 1002
  SpecialBuildName: ""
  ptArchitecture: x86_64_linux
Results:
  Results Complete: true
  NumTestProcesses: 16
  CPU_INTEGER_MATH: 66485.819999999992
  CPU_FLOATINGPOINT_MATH: 36543.354781162801
  CPU_PRIME: 100.42340492505723
  CPU_SORTING: 35276.70242486128
  CPU_ENCRYPTION: 17139.618516778562
  CPU_COMPRESSION: 253126.73242165957
  CPU_SINGLETHREAD: 2409.8169663159288
  CPU_PHYSICS: 1989.7104946320239
  CPU_MATRIX_MULT_SSE: 14916.81435792411
  CPU_mm: 1798.9160498931874
  CPU_sse: 7635.7607089769963
  CPU_fma: 20835.285510069116
  CPU_avx: 16279.396854726221
  CPU_avx512: 0
  m_CPU_enc_SHA: 24847418503.440651
  m_CPU_enc_AES: 15891199970.381538
  m_CPU_enc_ECDSA: 13177959403.726589
  ME_ALLOC_S: 7050.459207874419
  ME_READ_S: 24451.293554687501
  ME_READ_L: 20166.37890625
  ME_WRITE: 19810.8671875
  ME_LARGE: 118600.83333333333
  ME_LATENCY: 62.934116759271454
  ME_THREADED: 39216.2255859375
  SUMM_CPU: 21573.935419145244
  SUMM_ME: 2723.460800420391
SystemInformation:
  OSName: Ubuntu 24.04.1 LTS
  Kernel: 6.8.0-1017-azure
  Device: ""
  Processor: AMD EPYC 7763 64-Core Processor
  NumSockets: 1
  Manufacturer: AuthenticAMD
  NumCores: 8
  NumLogicals: 16
  CPUFrequency: 0
  Memory: 128809
  MemModuleInfo:
    iNumMemSticks: 3
    DIMM 1:
      manufacturer: Microsoft Corporation
      modulePartNo: None
      memType: Unknown
      size: 1
      clkspeed: 0
      moduleVoltage: 0
    DIMM 2:
      manufacturer: Microsoft Corporation
      modulePartNo: None
      memType: Unknown
      size: 60928
      clkspeed: 0
      moduleVoltage: 0
    DIMM 3:
      manufacturer: Microsoft Corporation
      modulePartNo: None
      memType: Unknown
      size: 69120
      clkspeed: 0
      moduleVoltage: 0
Checksum: C03421F4911E1936D0D4416D0ABF8434969AD63D