---
system-info:
      stress-ng-version: 0.17.08
      run-by: root
      date-yyyy-mm-dd: 2024:09:13
      time-hh-mm-ss: 06:57:11
      epoch-secs: 1726210631
      hostname: ip-172-31-42-184
      sysname: Linux
      nodename: ip-172-31-42-184
      release: 6.8.0-1014-aws
      version: '#15-Ubuntu SMP Thu Aug  8 19:13:06 UTC 2024'
      machine: x86_64
      compiler: 'musl-gcc 13.2.1'
      uptime: 598
      totalram: 19454126702592
      freeram: 19432320487424
      sharedram: 326238208
      bufferram: 225968128
      totalswap: 0
      freeswap: 0
      pagesize: 4096
      cpus: 448
      cpus-online: 448
      ticks-per-second: 100

metrics:
    - stressor: cpu
      bogo-ops: 31082
      bogo-ops-per-second-usr-sys-time: 1554.254959
      bogo-ops-per-second-real-time: 1554.091033
      wall-clock-time: 20.000115
      user-time: 19.997007
      system-time: 0.000999
      cpu-usage-per-instance: 99.989453
      max-rss: 0

...
