---
system-info:
      stress-ng-version: 0.17.08
      run-by: root
      date-yyyy-mm-dd: 2024:07:03
      time-hh-mm-ss: 16:52:03
      epoch-secs: 1720025523
      hostname: c3-highcpu-176-59b379c
      sysname: Linux
      nodename: c3-highcpu-176-59b379c
      release: 6.8.0-1009-gcp
      version: '#10-Ubuntu SMP Wed Jun 12 18:52:23 UTC 2024'
      machine: x86_64
      compiler: 'musl-gcc 13.2.1'
      uptime: 144
      totalram: 371864801280
      freeram: 364861673472
      sharedram: 442511360
      bufferram: 133095424
      totalswap: 0
      freeswap: 0
      pagesize: 4096
      cpus: 176
      cpus-online: 176
      ticks-per-second: 100

metrics:
    - stressor: cpu
      bogo-ops: 32484
      bogo-ops-per-second-usr-sys-time: 1624.275448
      bogo-ops-per-second-real-time: 1624.197541
      wall-clock-time: 20.000030
      user-time: 19.999071
      system-time: 0.000000
      cpu-usage-per-instance: 99.995204
      max-rss: 0

...
