---
system-info:
      stress-ng-version: 0.17.08
      run-by: root
      date-yyyy-mm-dd: 2024:06:06
      time-hh-mm-ss: 09:24:21
      epoch-secs: 1717665861
      hostname: 5f1b6112cbce
      sysname: Linux
      nodename: 5f1b6112cbce
      release: 6.8.0-1008-aws
      version: '#8-Ubuntu SMP Sat Apr 20 02:43:14 UTC 2024'
      machine: aarch64
      compiler: 'musl-gcc 13.2.1'
      uptime: 125
      totalram: 8140918784
      freeram: 4081037312
      sharedram: 35000320
      bufferram: 81403904
      totalswap: 0
      freeswap: 0
      pagesize: 4096
      cpus: 4
      cpus-online: 4
      ticks-per-second: 100

metrics:
    - stressor: cpu
      bogo-ops: 2940
      bogo-ops-per-second-usr-sys-time: 292.916006
      bogo-ops-per-second-real-time: 292.900564
      wall-clock-time: 10.037536
      user-time: 10.035008
      system-time: 0.001999
      cpu-usage-per-instance: 99.994728
      max-rss: 4008

...
