---
system-info:
      stress-ng-version: 0.17.08
      run-by: root
      date-yyyy-mm-dd: 2024:06:12
      time-hh-mm-ss: 23:21:06
      epoch-secs: 1718234466
      hostname: c9c707c45ad0
      sysname: Linux
      nodename: c9c707c45ad0
      release: 6.8.0-1008-aws
      version: '#8-Ubuntu SMP Sat Apr 20 02:43:14 UTC 2024'
      machine: aarch64
      compiler: 'musl-gcc 13.2.1'
      uptime: 160
      totalram: 8140922880
      freeram: 3887271936
      sharedram: 35000320
      bufferram: 111570944
      totalswap: 0
      freeswap: 0
      pagesize: 4096
      cpus: 4
      cpus-online: 4
      ticks-per-second: 100

metrics:
    - stressor: cpu
      bogo-ops: 30374
      bogo-ops-per-second-usr-sys-time: 1518.690812
      bogo-ops-per-second-real-time: 1518.697212
      wall-clock-time: 20.000037
      user-time: 19.999121
      system-time: 0.001000
      cpu-usage-per-instance: 100.000421
      max-rss: 1320

...
