---
system-info:
      stress-ng-version: 0.17.08
      run-by: root
      date-yyyy-mm-dd: 2024:07:11
      time-hh-mm-ss: 23:53:48
      epoch-secs: 1720742028
      hostname: ip-172-31-21-118
      sysname: Linux
      nodename: ip-172-31-21-118
      release: 6.8.0-1010-aws
      version: '#10-Ubuntu SMP Thu Jun 13 17:36:15 UTC 2024'
      machine: x86_64
      compiler: 'musl-gcc 13.2.1'
      uptime: 160
      totalram: 48397094912
      freeram: 43082121216
      sharedram: 38862848
      bufferram: 137302016
      totalswap: 0
      freeswap: 0
      pagesize: 4096
      cpus: 24
      cpus-online: 24
      ticks-per-second: 100

metrics:
    - stressor: cpu
      bogo-ops: 26522
      bogo-ops-per-second-usr-sys-time: 1326.099138
      bogo-ops-per-second-real-time: 1326.093313
      wall-clock-time: 20.000101
      user-time: 20.000013
      system-time: 0.000000
      cpu-usage-per-instance: 99.999561
      max-rss: 1212

...
