BaselineInfo:
  WebDBID: -1
  TimeStamp: 20241121105912
Version:
  Major: 11
  Minor: 0
  Build: 1002
  SpecialBuildName: ""
  ptArchitecture: x86_64_linux
Results:
  Results Complete: true
  NumTestProcesses: 4
  CPU_INTEGER_MATH: 18943.81766666667
  CPU_FLOATINGPOINT_MATH: 10608.346619436101
  CPU_PRIME: 47.186342724486018
  CPU_SORTING: 11575.023499630926
  CPU_ENCRYPTION: 4812.5381329486427
  CPU_COMPRESSION: 78679.731764627548
  CPU_SINGLETHREAD: 2897.7083637080714
  CPU_PHYSICS: 952.24431723817452
  CPU_MATRIX_MULT_SSE: 5337.3509029666711
  CPU_mm: 505.06886536818899
  CPU_sse: 2187.2822572646746
  CPU_fma: 7003.7356721658398
  CPU_avx: 5689.0290835076021
  CPU_avx512: 6469.3565989285662
  m_CPU_enc_SHA: 6724570369.7863026
  m_CPU_enc_AES: 4562471604.7689381
  m_CPU_enc_ECDSA: 3851893981.32903
  ME_ALLOC_S: 2003.1647641650936
  ME_READ_S: 27813.932421875001
  ME_READ_L: 27462.26953125
  ME_WRITE: 26739.951171875
  ME_LARGE: 1911.3333333333333
  ME_LATENCY: 77.983994610828944
  ME_THREADED: 37290.8642578125
  SUMM_CPU: 7537.282876164506
  SUMM_ME: 1746.1380355394135
SystemInformation:
  OSName: Ubuntu 24.04.1 LTS
  Kernel: 6.8.0-1017-azure
  Device: ""
  Processor: AMD EPYC 9V74 80-Core Processor
  NumSockets: 1
  Manufacturer: AuthenticAMD
  NumCores: 2
  NumLogicals: 4
  CPUFrequency: 0
  Memory: 7937
  MemModuleInfo:
    iNumMemSticks: 2
    DIMM 1:
      manufacturer: Microsoft Corporation
      modulePartNo: None
      memType: Unknown
      size: 1
      clkspeed: 0
      moduleVoltage: 0
    DIMM 2:
      manufacturer: Microsoft Corporation
      modulePartNo: None
      memType: Unknown
      size: 7
      clkspeed: 0
      moduleVoltage: 0
Checksum: 2604BDBF72012E0B6922DB04355A7237F3D22269