BaselineInfo:
  WebDBID: -1
  TimeStamp: 20260624171707
Version:
  Major: 11
  Minor: 0
  Build: 1004
  SpecialBuildName: ""
  ptArchitecture: x86_64_linux
Results:
  Results Complete: true
  NumTestProcesses: 32
  CPU_INTEGER_MATH: 152028.01633333336
  CPU_FLOATINGPOINT_MATH: 110208.77455668016
  CPU_PRIME: 330.99696896287372
  CPU_SORTING: 77422.637447784728
  CPU_ENCRYPTION: 33718.165224225035
  CPU_COMPRESSION: 593805.91501939343
  CPU_SINGLETHREAD: 3449.3740361447663
  CPU_PHYSICS: 5825.2846191656818
  CPU_MATRIX_MULT_SSE: 39864.897803644257
  CPU_mm: 4289.1992991527814
  CPU_sse: 18409.296083016194
  CPU_fma: 48075.790564072209
  CPU_avx: 36959.234037556009
  CPU_avx512: 56015.270529932583
  m_CPU_enc_SHA: 35484263647.82621
  m_CPU_enc_AES: 46360921819.840149
  m_CPU_enc_ECDSA: 24222990986.804607
  ME_ALLOC_S: 15537.825068028395
  ME_READ_S: 29838.929101562499
  ME_READ_L: 19586.5546875
  ME_WRITE: 8347.5595703125
  ME_LARGE: 55250.416666666664
  ME_LATENCY: 78.283709845973362
  ME_THREADED: 154310.4091796875
  SUMM_CPU: 48774.222355835045
  SUMM_ME: 2425.064849852336
SystemInformation:
  OSName: Ubuntu 24.04.4 LTS
  Kernel: 6.17.0-1018-azure
  Device: ""
  Processor: Intel(R) Xeon(R) 6973P-C
  NumSockets: 1
  Manufacturer: GenuineIntel
  NumCores: 16
  NumLogicals: 32
  CPUFrequency: 2600
  CPUMaxFrequency: 2600
  Memory: 64291
  CPUInfo:
    number: 1
    Family: 6
    Model: 13
    stepping: 1
    features: 529267711
    manufacture: GenuineIntel
    typestring: Intel(R) Xeon(R) 6973P-C
    iCoresPerPackage: 16
    iThreadsPerPackage: 2
    featuresEx:
      - 529267711
      - 4294586915
      - 739248128
    bHybrid: false
    nPCore: 0
    nLogicalsPerPCore: 0
    nECore: 0
    nLogicalsPerECore: 0
  MemModuleInfo:
    iNumMemSticks: 3
    DIMM 1:
      manufacturer: Microsoft Corporation
      modulePartNo: None
      memType: Unknown
      size: 1
      clkspeed: 0
      moduleVoltage: 0
    DIMM 2:
      manufacturer: Microsoft Corporation
      modulePartNo: None
      memType: Unknown
      size: 59
      clkspeed: 0
      moduleVoltage: 0
    DIMM 3:
      manufacturer: Microsoft Corporation
      modulePartNo: None
      memType: Unknown
      size: 4
      clkspeed: 0
      moduleVoltage: 0
Checksum: 4F294F39FA4AE35BFA31483A405AB55BEC2E8112