---
system-info:
      stress-ng-version: 0.17.08
      run-by: root
      date-yyyy-mm-dd: 2024:06:10
      time-hh-mm-ss: 01:21:58
      epoch-secs: 1717982518
      hostname: b0abfa3030b9
      sysname: Linux
      nodename: b0abfa3030b9
      release: 6.8.0-1008-aws
      version: '#8-Ubuntu SMP Sat Apr 20 00:46:25 UTC 2024'
      machine: x86_64
      compiler: 'musl-gcc 13.2.1'
      uptime: 120
      totalram: 33091215360
      freeram: 28454924288
      sharedram: 113516544
      bufferram: 113872896
      totalswap: 0
      freeswap: 0
      pagesize: 4096
      cpus: 4
      cpus-online: 4
      ticks-per-second: 100

metrics:
    - stressor: cpu
      bogo-ops: 19374
      bogo-ops-per-second-usr-sys-time: 1937.337811
      bogo-ops-per-second-real-time: 1937.278479
      wall-clock-time: 10.000627
      user-time: 9.999321
      system-time: 0.001000
      cpu-usage-per-instance: 99.996937
      max-rss: 3792

...
