---
system-info:
      stress-ng-version: 0.17.08
      run-by: root
      date-yyyy-mm-dd: 2024:06:16
      time-hh-mm-ss: 04:55:29
      epoch-secs: 1718513729
      hostname: 66a4477686e5
      sysname: Linux
      nodename: 66a4477686e5
      release: 6.8.0-1008-aws
      version: '#8-Ubuntu SMP Sat Apr 20 00:46:25 UTC 2024'
      machine: x86_64
      compiler: 'musl-gcc 13.2.1'
      uptime: 139
      totalram: 33091219456
      freeram: 28648738816
      sharedram: 113516544
      bufferram: 110129152
      totalswap: 0
      freeswap: 0
      pagesize: 4096
      cpus: 4
      cpus-online: 4
      ticks-per-second: 100

metrics:
    - stressor: cpu
      bogo-ops: 35297
      bogo-ops-per-second-usr-sys-time: 1764.879650
      bogo-ops-per-second-real-time: 1764.838786
      wall-clock-time: 20.000127
      user-time: 19.999664
      system-time: 0.000000
      cpu-usage-per-instance: 99.997685
      max-rss: 1104

...
