BaselineInfo:
  WebDBID: -1
  TimeStamp: 20241109070503
Version:
  Major: 11
  Minor: 0
  Build: 1002
  SpecialBuildName: ""
  ptArchitecture: x86_64_linux
Results:
  Results Complete: true
  NumTestProcesses: 32
  CPU_INTEGER_MATH: 132861.94500000001
  CPU_FLOATINGPOINT_MATH: 73024.722495475769
  CPU_PRIME: 197.21906229863612
  CPU_SORTING: 69445.207231773995
  CPU_ENCRYPTION: 34269.567564252167
  CPU_COMPRESSION: 503919.56798511534
  CPU_SINGLETHREAD: 2463.2209745715322
  CPU_PHYSICS: 3860.5090817178789
  CPU_MATRIX_MULT_SSE: 29930.314346728741
  CPU_mm: 3576.6186553464149
  CPU_sse: 15148.124920817021
  CPU_fma: 41665.675239855249
  CPU_avx: 32977.142879513973
  CPU_avx512: 0
  m_CPU_enc_SHA: 49720879728.621841
  m_CPU_enc_AES: 31781150246.867577
  m_CPU_enc_ECDSA: 26300708259.270393
  ME_ALLOC_S: 13698.571559380011
  ME_READ_S: 24944.990820312501
  ME_READ_L: 21233.51953125
  ME_WRITE: 20184.181640625
  ME_LARGE: 504919.91666666669
  ME_LATENCY: 62.478874049359689
  ME_THREADED: 76409.26220703125
  SUMM_CPU: 38458.199622607572
  SUMM_ME: 2926.2416683302781
SystemInformation:
  OSName: Ubuntu 24.04.1 LTS
  Kernel: 6.8.0-1017-azure
  Device: ""
  Processor: AMD EPYC 7763 64-Core Processor
  NumSockets: 1
  Manufacturer: AuthenticAMD
  NumCores: 16
  NumLogicals: 32
  CPUFrequency: 0
  Memory: 515779
  MemModuleInfo:
    iNumMemSticks: 3
    DIMM 1:
      manufacturer: Microsoft Corporation
      modulePartNo: None
      memType: Unknown
      size: 1
      clkspeed: 0
      moduleVoltage: 0
    DIMM 2:
      manufacturer: Microsoft Corporation
      modulePartNo: None
      memType: Unknown
      size: 59
      clkspeed: 0
      moduleVoltage: 0
    DIMM 3:
      manufacturer: Microsoft Corporation
      modulePartNo: None
      memType: Unknown
      size: 452
      clkspeed: 0
      moduleVoltage: 0
Checksum: EFBA4A54952B39C97FF0B108C3D4E12D4BEE3911