---
system-info:
      stress-ng-version: 0.17.08
      run-by: root
      date-yyyy-mm-dd: 2024:06:08
      time-hh-mm-ss: 17:55:04
      epoch-secs: 1717869304
      hostname: 8fa84ac38f22
      sysname: Linux
      nodename: 8fa84ac38f22
      release: 6.8.0-1008-aws
      version: '#8-Ubuntu SMP Sat Apr 20 00:46:25 UTC 2024'
      machine: x86_64
      compiler: 'musl-gcc 13.2.1'
      uptime: 111
      totalram: 132914003968
      freeram: 128243273728
      sharedram: 59994112
      bufferram: 104521728
      totalswap: 0
      freeswap: 0
      pagesize: 4096
      cpus: 32
      cpus-online: 32
      ticks-per-second: 100

metrics:
    - stressor: cpu
      bogo-ops: 16620
      bogo-ops-per-second-usr-sys-time: 1662.077951
      bogo-ops-per-second-real-time: 1661.991322
      wall-clock-time: 10.000052
      user-time: 9.999531
      system-time: 0.000000
      cpu-usage-per-instance: 99.994788
      max-rss: 3848

...
