---
system-info:
      stress-ng-version: 0.17.08
      run-by: root
      date-yyyy-mm-dd: 2024:06:15
      time-hh-mm-ss: 02:20:42
      epoch-secs: 1718418042
      hostname: 0917c5e6fc4c
      sysname: Linux
      nodename: 0917c5e6fc4c
      release: 6.8.0-1008-aws
      version: '#8-Ubuntu SMP Sat Apr 20 00:46:25 UTC 2024'
      machine: x86_64
      compiler: 'musl-gcc 13.2.1'
      uptime: 142
      totalram: 132914012160
      freeram: 128318164992
      sharedram: 59994112
      bufferram: 109727744
      totalswap: 0
      freeswap: 0
      pagesize: 4096
      cpus: 32
      cpus-online: 32
      ticks-per-second: 100

metrics:
    - stressor: cpu
      bogo-ops: 37833
      bogo-ops-per-second-usr-sys-time: 1891.607628
      bogo-ops-per-second-real-time: 1891.638590
      wall-clock-time: 20.000121
      user-time: 20.000448
      system-time: 0.000000
      cpu-usage-per-instance: 100.001637
      max-rss: 776

...
