BaselineInfo:
  WebDBID: -1
  TimeStamp: 20241111132603
Version:
  Major: 11
  Minor: 0
  Build: 1002
  SpecialBuildName: ""
  ptArchitecture: aarch64_linux
Results:
  Results Complete: true
  NumTestProcesses: 64
  CPU_INTEGER_MATH: 305242.67933333333
  CPU_FLOATINGPOINT_MATH: 303488.84500374191
  CPU_PRIME: 325.52425441679856
  CPU_SORTING: 241792.79546109738
  CPU_ENCRYPTION: 8899.3795871020902
  CPU_COMPRESSION: 337822.03534906323
  CPU_SINGLETHREAD: 1559.8916711499103
  CPU_PHYSICS: 8413.3996140495983
  CPU_MATRIX_MULT_SSE: 62533.665664780201
  CPU_mm: 6951.2906154854545
  CPU_sse: 49677.490744617768
  CPU_fma: 75389.840584942649
  CPU_avx: 0
  CPU_avx512: 0
  m_CPU_enc_SHA: 13517038378.689564
  m_CPU_enc_AES: 5180267500.210063
  m_CPU_enc_ECDSA: 9297721670.8758488
  ME_ALLOC_S: 31297.460012007945
  ME_READ_S: 19675.5126953125
  ME_READ_L: 19068.76953125
  ME_WRITE: 19703.927734375
  ME_LARGE: 113635.66666666667
  ME_LATENCY: 49.102840942520864
  ME_THREADED: 288248.04052734375
  SUMM_CPU: 34841.376058217029
  SUMM_ME: 3164.2368792715838
SystemInformation:
  OSName: Ubuntu 24.04.1 LTS
  Kernel: 6.8.0-1016-aws
  Device: ""
  Processor: ARM Neoverse-V1 64 Core 0 MHz
  NumSockets: 1
  Manufacturer: ARM
  NumCores: 64
  NumLogicals: 64
  CPUFrequency: 0
  Memory: 126497
Checksum: 17A8BFAAE7A41684386CE93131D913C4AFB6C4A8