BaselineInfo:
  WebDBID: -1
  TimeStamp: 20260611225259
Version:
  Major: 11
  Minor: 0
  Build: 1004
  SpecialBuildName: ""
  ptArchitecture: x86_64_linux
Results:
  Results Complete: true
  NumTestProcesses: 2
  CPU_INTEGER_MATH: 12255.168
  CPU_FLOATINGPOINT_MATH: 9832.0367591970426
  CPU_PRIME: 36.53277962664707
  CPU_SORTING: 7120.3143664077816
  CPU_ENCRYPTION: 2633.9741344517347
  CPU_COMPRESSION: 51143.906558396651
  CPU_SINGLETHREAD: 2773.4597871439405
  CPU_PHYSICS: 665.15361424587627
  CPU_MATRIX_MULT_SSE: 4278.5564499458978
  CPU_mm: 465.58783684056334
  CPU_sse: 2093.1333564430943
  CPU_fma: 6740.2869663174561
  CPU_avx: 4002.2490270771441
  CPU_avx512: 0
  m_CPU_enc_SHA: 3721410773.8999009
  m_CPU_enc_AES: 2357202057.1119738
  m_CPU_enc_ECDSA: 2207153355.0087109
  ME_ALLOC_S: 971.49660569947662
  ME_READ_S: 27375.684179687501
  ME_READ_L: 17460.45703125
  ME_WRITE: 17554.08984375
  ME_LARGE: 844
  ME_LATENCY: 62.901268957788339
  ME_THREADED: 30837.779296875
  SUMM_CPU: 5245.3676381639734
  SUMM_ME: 1240.0136259472818
SystemInformation:
  OSName: Ubuntu 24.04.4 LTS
  Kernel: 6.8.0-124-generic
  Device: ""
  Processor: AMD EPYC-Rome Processor
  NumSockets: 1
  Manufacturer: AuthenticAMD
  NumCores: 1
  NumLogicals: 2
  CPUFrequency: 0
  CPUMaxFrequency: 0
  Memory: 1961
  CPUInfo:
    number: 1
    Family: 15
    Model: 1
    stepping: 0
    features: 395049983
    manufacture: AuthenticAMD
    typestring: AMD EPYC-Rome Processor
    iCoresPerPackage: 1
    iThreadsPerPackage: 2
    featuresEx:
      - 395049983
      - 4277678595
      - 802421759
    bHybrid: false
    nPCore: 0
    nLogicalsPerPCore: 0
    nECore: 0
    nLogicalsPerECore: 0
  MemModuleInfo:
    iNumMemSticks: 1
    DIMM 1:
      manufacturer: QEMU
      modulePartNo: Not Specified
      memType: RAM
      size: 2
      clkspeed: 0
      moduleVoltage: 0
Checksum: 35AF75B3104D9D2D195961022FB09C682970FE50