---
system-info:
      stress-ng-version: 0.17.08
      run-by: root
      date-yyyy-mm-dd: 2024:09:23
      time-hh-mm-ss: 20:57:17
      epoch-secs: 1727125037
      hostname: c4-highcpu-2-5d0033b.us-east4-a.c.algebraic-pier-412621.internal
      sysname: Linux
      nodename: c4-highcpu-2-5d0033b.us-east4-a.c.algebraic-pier-412621.internal
      release: 6.8.0-1014-gcp
      version: '#16-Ubuntu SMP Mon Aug 26 15:55:46 UTC 2024'
      machine: x86_64
      compiler: 'musl-gcc 13.2.1'
      uptime: 191
      totalram: 4102307840
      freeram: 131137536
      sharedram: 274558976
      bufferram: 233340928
      totalswap: 0
      freeswap: 0
      pagesize: 4096
      cpus: 2
      cpus-online: 2
      ticks-per-second: 100

metrics:
    - stressor: cpu
      bogo-ops: 43260
      bogo-ops-per-second-usr-sys-time: 2163.073545
      bogo-ops-per-second-real-time: 2162.992239
      wall-clock-time: 20.000072
      user-time: 19.999320
      system-time: 0.000000
      cpu-usage-per-instance: 99.996241
      max-rss: 976

...
