---
system-info:
      stress-ng-version: 0.17.08
      run-by: root
      date-yyyy-mm-dd: 2024:06:07
      time-hh-mm-ss: 23:22:18
      epoch-secs: 1717802538
      hostname: 1578c5ae9243
      sysname: Linux
      nodename: 1578c5ae9243
      release: 6.8.0-1008-aws
      version: '#8-Ubuntu SMP Sat Apr 20 00:46:25 UTC 2024'
      machine: x86_64
      compiler: 'musl-gcc 13.2.1'
      uptime: 124
      totalram: 399308365824
      freeram: 393774227456
      sharedram: 116879360
      bufferram: 95068160
      totalswap: 0
      freeswap: 0
      pagesize: 4096
      cpus: 96
      cpus-online: 96
      ticks-per-second: 100

metrics:
    - stressor: cpu
      bogo-ops: 16633
      bogo-ops-per-second-usr-sys-time: 1662.788692
      bogo-ops-per-second-real-time: 1662.800482
      wall-clock-time: 10.003004
      user-time: 10.001076
      system-time: 0.001999
      cpu-usage-per-instance: 100.000709
      max-rss: 3072

...
