---
system-info:
      stress-ng-version: 0.17.08
      run-by: root
      date-yyyy-mm-dd: 2024:06:13
      time-hh-mm-ss: 14:20:09
      epoch-secs: 1718288409
      hostname: 730d625506a8
      sysname: Linux
      nodename: 730d625506a8
      release: 6.8.0-1008-aws
      version: '#8-Ubuntu SMP Sat Apr 20 00:46:25 UTC 2024'
      machine: x86_64
      compiler: 'musl-gcc 13.2.1'
      uptime: 148
      totalram: 399308320768
      freeram: 393876250624
      sharedram: 116879360
      bufferram: 107069440
      totalswap: 0
      freeswap: 0
      pagesize: 4096
      cpus: 96
      cpus-online: 96
      ticks-per-second: 100

metrics:
    - stressor: cpu
      bogo-ops: 37814
      bogo-ops-per-second-usr-sys-time: 1890.716355
      bogo-ops-per-second-real-time: 1890.695943
      wall-clock-time: 20.000043
      user-time: 19.999827
      system-time: 0.000000
      cpu-usage-per-instance: 99.998920
      max-rss: 768

...
