---
system-info:
      stress-ng-version: 0.17.08
      run-by: root
      date-yyyy-mm-dd: 2024:06:16
      time-hh-mm-ss: 07:42:22
      epoch-secs: 1718523742
      hostname: 4ecb4d2d19ed
      sysname: Linux
      nodename: 4ecb4d2d19ed
      release: 6.8.0-1008-aws
      version: '#8-Ubuntu SMP Sat Apr 20 00:46:25 UTC 2024'
      machine: x86_64
      compiler: 'musl-gcc 13.2.1'
      uptime: 196
      totalram: 16601317376
      freeram: 12305424384
      sharedram: 11624448
      bufferram: 110764032
      totalswap: 0
      freeswap: 0
      pagesize: 4096
      cpus: 4
      cpus-online: 4
      ticks-per-second: 100

metrics:
    - stressor: cpu
      bogo-ops: 11401
      bogo-ops-per-second-usr-sys-time: 570.061373
      bogo-ops-per-second-real-time: 570.042919
      wall-clock-time: 20.000248
      user-time: 19.998575
      system-time: 0.001026
      cpu-usage-per-instance: 99.996763
      max-rss: 976

...
