---
system-info:
      stress-ng-version: 0.17.08
      run-by: root
      date-yyyy-mm-dd: 2024:06:10
      time-hh-mm-ss: 05:21:46
      epoch-secs: 1717996906
      hostname: 4656bcc56b1b
      sysname: Linux
      nodename: 4656bcc56b1b
      release: 6.8.0-1008-aws
      version: '#8-Ubuntu SMP Sat Apr 20 00:46:25 UTC 2024'
      machine: x86_64
      compiler: 'musl-gcc 13.2.1'
      uptime: 206
      totalram: 16601325568
      freeram: 12127526912
      sharedram: 11624448
      bufferram: 115441664
      totalswap: 0
      freeswap: 0
      pagesize: 4096
      cpus: 4
      cpus-online: 4
      ticks-per-second: 100

metrics:
    - stressor: cpu
      bogo-ops: 9816
      bogo-ops-per-second-usr-sys-time: 981.387039
      bogo-ops-per-second-real-time: 981.283948
      wall-clock-time: 10.003221
      user-time: 10.001169
      system-time: 0.001001
      cpu-usage-per-instance: 99.989495
      max-rss: 3920

...
