BaselineInfo:
  WebDBID: -1
  TimeStamp: 20250101204354
Version:
  Major: 11
  Minor: 0
  Build: 1002
  SpecialBuildName: ""
  ptArchitecture: x86_64_linux
Results:
  Results Complete: true
  NumTestProcesses: 192
  CPU_INTEGER_MATH: 646437.20266666648
  CPU_FLOATINGPOINT_MATH: 385752.64674338012
  CPU_PRIME: 863.43255500893383
  CPU_SORTING: 349079.04227801337
  CPU_ENCRYPTION: 202749.99222378226
  CPU_COMPRESSION: 2724707.7888604016
  CPU_SINGLETHREAD: 2099.3568494809506
  CPU_PHYSICS: 13100.184298368673
  CPU_MATRIX_MULT_SSE: 155611.13920981009
  CPU_mm: 18063.318503128507
  CPU_sse: 72529.298791503606
  CPU_fma: 219511.77828613934
  CPU_avx: 174792.34055178703
  CPU_avx512: 0
  m_CPU_enc_SHA: 288926391103.41254
  m_CPU_enc_AES: 197836956721.64948
  m_CPU_enc_ECDSA: 151032979713.07211
  ME_ALLOC_S: 22764.931204683147
  ME_READ_S: 24183.623046875
  ME_READ_L: 11944.71484375
  ME_WRITE: 12941.19140625
  ME_LARGE: 749012.91666666663
  ME_LATENCY: 52.366256935843317
  ME_THREADED: 249443.13122558594
  SUMM_CPU: 94547.148950870163
  SUMM_ME: 2884.9630427979178
SystemInformation:
  OSName: Ubuntu 24.04.1 LTS
  Kernel: 6.8.0-1021-aws
  Device: ""
  Processor: AMD EPYC 7R32
  NumSockets: 2
  Manufacturer: AuthenticAMD
  NumCores: 96
  NumLogicals: 192
  CPUFrequency: 0
  Memory: 765833
  MemModuleInfo:
    iNumMemSticks: 2
    DIMM 1:
      manufacturer: Not Specified
      modulePartNo: Not Specified
      memType: DDR4
      size: 384
      clkspeed: 1600
      moduleVoltage: 0
    DIMM 2:
      manufacturer: Not Specified
      modulePartNo: Not Specified
      memType: DDR4
      size: 384
      clkspeed: 1600
      moduleVoltage: 0
Checksum: BA233B53469FDFCA9B0696F908BD76ADD2948CA6