BaselineInfo:
  WebDBID: -1
  TimeStamp: 20241219004131
Version:
  Major: 11
  Minor: 0
  Build: 1002
  SpecialBuildName: ""
  ptArchitecture: x86_64_linux
Results:
  Results Complete: true
  NumTestProcesses: 16
  CPU_INTEGER_MATH: 76754.550000000003
  CPU_FLOATINGPOINT_MATH: 55605.178713717825
  CPU_PRIME: 263.00300244213241
  CPU_SORTING: 44280.452133658153
  CPU_ENCRYPTION: 18673.971445144263
  CPU_COMPRESSION: 339252.6140811629
  CPU_SINGLETHREAD: 2175.9286002720351
  CPU_PHYSICS: 4162.8202555386588
  CPU_MATRIX_MULT_SSE: 29271.823004094578
  CPU_mm: 3270.0926835235964
  CPU_sse: 12921.758050960781
  CPU_fma: 42647.258059378502
  CPU_avx: 32246.452901944445
  CPU_avx512: 0
  m_CPU_enc_SHA: 26308775348.615326
  m_CPU_enc_AES: 16956390334.146135
  m_CPU_enc_ECDSA: 15478069163.429306
  ME_ALLOC_S: 9528.8050499520778
  ME_READ_S: 25349.391796874999
  ME_READ_L: 11513.453125
  ME_WRITE: 10848.3232421875
  ME_LARGE: 20913.666666666668
  ME_LATENCY: 57.778194676601764
  ME_THREADED: 46136.2724609375
  SUMM_CPU: 28467.63977681848
  SUMM_ME: 2452.6416644623264
SystemInformation:
  OSName: Ubuntu 24.04.1 LTS
  Kernel: 6.8.0-31-generic
  Device: ""
  Processor: AMD EPYC 7542 32-Core Processor
  NumSockets: 1
  Manufacturer: AuthenticAMD
  NumCores: 16
  NumLogicals: 16
  CPUFrequency: 0
  Memory: 32050
  MemModuleInfo:
    iNumMemSticks: 2
    DIMM 1:
      manufacturer: QEMU
      modulePartNo: Not Specified
      memType: RAM
      size: 16
      clkspeed: 0
      moduleVoltage: 0
    DIMM 2:
      manufacturer: QEMU
      modulePartNo: Not Specified
      memType: RAM
      size: 16
      clkspeed: 0
      moduleVoltage: 0
Checksum: 57610CD6E8A971C8B7A75DAB1DED4283B34C2AF7