---
system-info:
      stress-ng-version: 0.17.08
      run-by: root
      date-yyyy-mm-dd: 2024:06:15
      time-hh-mm-ss: 02:59:12
      epoch-secs: 1718420352
      hostname: 81e620f990e4
      sysname: Linux
      nodename: 81e620f990e4
      release: 6.8.0-1008-aws
      version: '#8-Ubuntu SMP Sat Apr 20 00:46:25 UTC 2024'
      machine: x86_64
      compiler: 'musl-gcc 13.2.1'
      uptime: 116
      totalram: 399308304384
      freeram: 393824051200
      sharedram: 117329920
      bufferram: 108896256
      totalswap: 0
      freeswap: 0
      pagesize: 4096
      cpus: 96
      cpus-online: 96
      ticks-per-second: 100

metrics:
    - stressor: cpu
      bogo-ops: 1853386
      bogo-ops-per-second-usr-sys-time: 966.124053
      bogo-ops-per-second-real-time: 92668.886405
      wall-clock-time: 20.000089
      user-time: 1918.336714
      system-time: 0.035977
      cpu-usage-per-instance: 99.914798
      max-rss: 768

...
