---
system-info:
      stress-ng-version: 0.17.08
      run-by: root
      date-yyyy-mm-dd: 2024:06:08
      time-hh-mm-ss: 18:40:54
      epoch-secs: 1717872054
      hostname: 2ca4b50d1c87
      sysname: Linux
      nodename: 2ca4b50d1c87
      release: 6.8.0-1008-aws
      version: '#8-Ubuntu SMP Sat Apr 20 00:46:25 UTC 2024'
      machine: x86_64
      compiler: 'musl-gcc 13.2.1'
      uptime: 102
      totalram: 399308328960
      freeram: 393639849984
      sharedram: 117321728
      bufferram: 104390656
      totalswap: 0
      freeswap: 0
      pagesize: 4096
      cpus: 96
      cpus-online: 96
      ticks-per-second: 100

metrics:
    - stressor: cpu
      bogo-ops: 1173064
      bogo-ops-per-second-usr-sys-time: 1222.517307
      bogo-ops-per-second-real-time: 117286.841143
      wall-clock-time: 10.001668
      user-time: 959.460025
      system-time: 0.087945
      cpu-usage-per-instance: 99.936248
      max-rss: 3072

...
