BaselineInfo:
  WebDBID: -1
  TimeStamp: 20250916043204
Version:
  Major: 11
  Minor: 0
  Build: 1002
  SpecialBuildName: ""
  ptArchitecture: aarch64_linux
Results:
  Results Complete: true
  NumTestProcesses: 64
  CPU_INTEGER_MATH: 333671.45799999993
  CPU_FLOATINGPOINT_MATH: 387653.95655784826
  CPU_PRIME: 694.96445786965944
  CPU_SORTING: 293346.09232691012
  CPU_ENCRYPTION: 12103.335610996561
  CPU_COMPRESSION: 425174.41732254013
  CPU_SINGLETHREAD: 1943.3137864230891
  CPU_PHYSICS: 16839.788378416408
  CPU_MATRIX_MULT_SSE: 56201.37188577051
  CPU_mm: 7293.3744344061688
  CPU_sse: 44124.71916468595
  CPU_fma: 68278.024606855019
  CPU_avx: 0
  CPU_avx512: 0
  m_CPU_enc_SHA: 19085689673.914982
  m_CPU_enc_AES: 6868405176.1442146
  m_CPU_enc_ECDSA: 12119706874.849813
  ME_ALLOC_S: 48122.383530273757
  ME_READ_S: 21163.165820312501
  ME_READ_L: 20364.451171875
  ME_WRITE: 21292.5078125
  ME_LARGE: 494218.91666666669
  ME_LATENCY: 45.213344720897162
  ME_THREADED: 526262.06201171875
  SUMM_CPU: 44158.203991115137
  SUMM_ME: 3463.6733135029363
SystemInformation:
  OSName: Ubuntu 24.04.2 LTS
  Kernel: 6.14.0-1012-aws
  Device: ""
  Processor: ARM Neoverse-V2 64 Core 0 MHz
  NumSockets: 1
  Manufacturer: ARM
  NumCores: 64
  NumLogicals: 64
  CPUFrequency: 0
  Memory: 506664
Checksum: FBDD4177728FE7B4686E4AD7184F4B160377F223