---
system-info:
      stress-ng-version: 0.17.08
      run-by: root
      date-yyyy-mm-dd: 2024:06:06
      time-hh-mm-ss: 16:56:09
      epoch-secs: 1717692969
      hostname: e07e7b22bbcd
      sysname: Linux
      nodename: e07e7b22bbcd
      release: 6.8.0-1008-aws
      version: '#8-Ubuntu SMP Sat Apr 20 02:43:14 UTC 2024'
      machine: aarch64
      compiler: 'musl-gcc 13.2.1'
      uptime: 138
      totalram: 66195955712
      freeram: 61714857984
      sharedram: 34951168
      bufferram: 84893696
      totalswap: 0
      freeswap: 0
      pagesize: 4096
      cpus: 32
      cpus-online: 32
      ticks-per-second: 100

metrics:
    - stressor: cpu
      bogo-ops: 4267
      bogo-ops-per-second-usr-sys-time: 424.553880
      bogo-ops-per-second-real-time: 424.561747
      wall-clock-time: 10.050364
      user-time: 10.050550
      system-time: 0.000000
      cpu-usage-per-instance: 100.001853
      max-rss: 4096

...
