---
system-info:
      stress-ng-version: 0.17.08
      run-by: root
      date-yyyy-mm-dd: 2024:06:14
      time-hh-mm-ss: 10:23:33
      epoch-secs: 1718360613
      hostname: 725169d5f847
      sysname: Linux
      nodename: 725169d5f847
      release: 6.8.0-1008-aws
      version: '#8-Ubuntu SMP Sat Apr 20 02:43:14 UTC 2024'
      machine: aarch64
      compiler: 'musl-gcc 13.2.1'
      uptime: 199
      totalram: 66195955712
      freeram: 61592719360
      sharedram: 34951168
      bufferram: 107663360
      totalswap: 0
      freeswap: 0
      pagesize: 4096
      cpus: 32
      cpus-online: 32
      ticks-per-second: 100

metrics:
    - stressor: cpu
      bogo-ops: 30651
      bogo-ops-per-second-usr-sys-time: 1532.582491
      bogo-ops-per-second-real-time: 1532.542035
      wall-clock-time: 20.000104
      user-time: 19.999576
      system-time: 0.000000
      cpu-usage-per-instance: 99.997360
      max-rss: 1024

...
