"size","threads","connections","rps","latency","failed","server_usr","server_sys","client_usr","client_sys"
"1k",2,2,175968,0.000013530,0,3.79,6.33,2.08,7.83
"1k",2,4,174138,0.000023680,0,3.38,6.63,1.75,7.81
"1k",2,8,204327,0.000042590,0,3.69,6.68,1.92,7.79
"1k",2,16,221640,0.000087260,0,4.04,6.40,1.92,7.67
"1k",2,32,227671,0.000152750,0,4.13,6.37,1.89,7.62
"1k",2,64,225440,0.000245040,0,3.93,6.57,1.73,7.60
"1k",4,4,175068,0.000023430,0,3.33,6.38,2.10,8.36
"1k",4,8,180756,0.000044290,0,3.08,6.62,2.07,8.41
"1k",4,16,197620,0.000079640,0,3.47,6.47,2.01,8.22
"1k",4,32,206627,0.000188600,0,3.64,6.38,2.00,8.10
"1k",4,64,213112,0.000352710,0,3.70,6.29,1.99,7.97
"1k",8,8,157803,0.000056690,0,2.62,6.73,2.06,8.71
"1k",8,16,169102,0.000095570,0,2.89,6.56,2.02,8.69
"1k",8,32,184214,0.000177520,0,3.14,6.50,2.05,8.48
"1k",8,64,193731,0.000334420,0,3.28,6.56,2.02,8.34
"16k",2,2,93486,0.000102310,0,2.53,4.20,1.25,5.37
"16k",2,4,78536,0.000052860,0,1.87,3.20,0.98,4.02
"16k",2,8,106878,0.000088210,0,2.36,4.25,1.20,5.31
"16k",2,16,177677,0.000743010,0,3.75,6.18,2.00,7.93
"16k",2,32,175323,0.000149920,0,3.79,6.26,1.88,8.09
"16k",2,64,175040,0.000900000,0,3.79,6.14,1.92,8.01
"16k",4,4,141787,0.000030150,0,3.10,6.31,2.08,8.65
"16k",4,8,146774,0.000053270,0,3.02,6.45,2.05,8.63
"16k",4,16,154906,0.000102730,0,3.28,6.31,1.97,8.59
"16k",4,32,161135,0.000314090,0,3.28,6.14,2.05,8.50
"16k",4,64,166414,0.000570040,0,3.53,6.01,1.90,8.45
"16k",8,8,137119,0.000065580,0,2.76,6.39,2.07,8.95
"16k",8,16,137090,0.000116160,0,2.83,6.32,1.98,9.03
"16k",8,32,146994,0.000228860,0,3.02,6.39,1.98,8.75
"16k",8,64,151566,0.001340000,0,3.10,6.17,1.99,8.57
"64k",2,2,81781,0.000026880,0,3.20,6.74,1.58,8.54
"64k",2,4,74741,0.000052130,0,2.70,5.97,1.40,7.87
"64k",2,8,82301,0.000112940,0,3.10,6.55,1.51,8.60
"64k",2,16,86116,0.000155850,0,3.07,6.50,1.50,8.93
"64k",2,32,86592,0.000272930,0,3.35,6.34,1.39,8.92
"64k",2,64,88068,0.000579230,0,3.07,6.42,1.48,9.03
"64k",4,4,74928,0.000055520,0,2.58,6.86,1.73,8.96
"64k",4,8,77003,0.000104870,0,2.53,6.71,1.67,9.20
"64k",4,16,82218,0.000187900,0,2.79,6.48,1.65,9.22
"64k",4,32,85437,0.000370780,0,2.86,6.36,1.57,9.23
"64k",4,64,86432,0.000736370,0,2.83,6.28,1.58,9.12
"64k",8,8,72620,0.000113230,0,2.38,6.79,1.84,9.17
"64k",8,16,74701,0.000216670,0,2.30,6.77,1.80,9.30
"64k",8,32,78597,0.000405140,0,2.44,6.65,1.67,9.40
"64k",8,64,81846,0.000776710,0,2.61,6.46,1.74,9.30
"256k",2,2,29329,0.000070580,0,3.50,7.18,1.37,8.02
"256k",2,4,29755,0.000123840,0,3.10,6.89,1.37,8.42
"256k",2,8,30850,0.000217800,0,3.12,7.00,1.30,8.53
"256k",2,16,31721,0.000453370,0,3.04,6.89,1.43,8.57
"256k",2,32,30668,0.000850000,0,3.00,6.98,1.33,8.48
"256k",4,4,28496,0.000141990,0,2.74,7.00,1.49,8.91
"256k",4,8,29784,0.000275900,0,2.71,6.98,1.46,9.00
"256k",4,16,30696,0.000526100,0,2.77,6.91,1.40,8.93
"256k",4,32,30453,0.001050000,0,2.73,6.95,1.44,8.71
"256k",8,8,28803,0.000281280,0,2.50,7.04,1.60,9.02
"256k",8,16,29372,0.000577930,0,2.56,6.92,1.47,9.18
"256k",8,32,29529,0.001100000,0,2.59,6.90,1.44,8.98
"512k",2,2,15031,0.000135170,0,3.43,5.51,1.15,9.86
"512k",2,4,15173,0.000232710,0,3.08,5.78,1.21,9.87
"512k",2,8,16535,0.000387070,0,2.89,6.57,1.23,9.25
"512k",2,16,16800,0.000796990,0,3.02,7.14,1.27,8.38
"512k",2,32,13620,0.002000000,0,2.70,7.94,1.03,8.19
"512k",4,4,15804,0.000890000,0,2.63,6.61,1.41,9.41
"512k",4,8,15990,0.000492370,0,2.62,6.39,1.35,9.65
"512k",4,16,16319,0.000970000,0,2.58,7.15,1.37,8.70
"512k",4,32,14525,0.002130000,0,2.65,7.65,1.19,8.38
"512k",8,8,15905,0.000519700,0,2.39,7.02,1.39,9.29
"512k",8,16,15915,0.001040000,0,2.41,7.11,1.41,8.90
"512k",8,32,14564,0.002220000,0,2.59,7.49,1.23,8.53
