BaselineInfo:
  WebDBID: -1
  TimeStamp: 20241107083954
Version:
  Major: 11
  Minor: 0
  Build: 1002
  SpecialBuildName: ""
  ptArchitecture: x86_64_linux
Results:
  Results Complete: true
  NumTestProcesses: 2
  CPU_INTEGER_MATH: 9072.7350000000006
  CPU_FLOATINGPOINT_MATH: 6350.6797550714691
  CPU_PRIME: 20.096211524067765
  CPU_SORTING: 4710.5417280527745
  CPU_ENCRYPTION: 2063.8858132760674
  CPU_COMPRESSION: 34657.50832337996
  CPU_SINGLETHREAD: 2790.6124139026233
  CPU_PHYSICS: 473.89039636207428
  CPU_MATRIX_MULT_SSE: 2456.6068437769254
  CPU_mm: 267.34649092021948
  CPU_sse: 1140.2592473069255
  CPU_fma: 2901.2315952578601
  CPU_avx: 2222.3178737415387
  CPU_avx512: 3562.6186588013779
  m_CPU_enc_SHA: 2170422430.9062119
  m_CPU_enc_AES: 2804834269.722878
  m_CPU_enc_ECDSA: 1517166690.9962063
  ME_ALLOC_S: 1440.7406685593078
  ME_READ_S: 25610.242578124999
  ME_READ_L: 7712.32666015625
  ME_WRITE: 7267.0791015625
  ME_LARGE: 5045.583333333333
  ME_LATENCY: 64.594534131434656
  ME_THREADED: 12371.94287109375
  SUMM_CPU: 3591.1906480001844
  SUMM_ME: 1575.1755682737964
SystemInformation:
  OSName: Ubuntu 24.04.1 LTS
  Kernel: 6.8.0-1015-gcp
  Device: ""
  Processor: INTEL XEON PLATINUM 8581C CPU @ 2.30GHz
  NumSockets: 1
  Manufacturer: GenuineIntel
  NumCores: 1
  NumLogicals: 2
  CPUFrequency: 0
  Memory: 14982
  MemModuleInfo:
    iNumMemSticks: 1
    DIMM 1:
      manufacturer: ""
      modulePartNo: ""
      memType: RAM
      size: 15
      clkspeed: 0
      moduleVoltage: 0
Checksum: 6A9D500993B05CFCAA1EA1C3C6A8F8CD63A99776