---
system-info:
      stress-ng-version: 0.17.08
      run-by: root
      date-yyyy-mm-dd: 2024:06:09
      time-hh-mm-ss: 10:20:24
      epoch-secs: 1717928424
      hostname: 113d990a65d6
      sysname: Linux
      nodename: 113d990a65d6
      release: 6.8.0-1008-aws
      version: '#8-Ubuntu SMP Sat Apr 20 00:46:25 UTC 2024'
      machine: x86_64
      compiler: 'musl-gcc 13.2.1'
      uptime: 149
      totalram: 399140732928
      freeram: 394012594176
      sharedram: 114089984
      bufferram: 106737664
      totalswap: 0
      freeswap: 0
      pagesize: 4096
      cpus: 96
      cpus-online: 96
      ticks-per-second: 100

metrics:
    - stressor: cpu
      bogo-ops: 21062
      bogo-ops-per-second-usr-sys-time: 2106.137658
      bogo-ops-per-second-real-time: 2106.149785
      wall-clock-time: 10.000238
      user-time: 10.000296
      system-time: 0.000000
      cpu-usage-per-instance: 100.000576
      max-rss: 3072

...
