---
system-info:
      stress-ng-version: 0.17.08
      run-by: root
      date-yyyy-mm-dd: 2024:06:15
      time-hh-mm-ss: 11:56:26
      epoch-secs: 1718452586
      hostname: b6c242182b63
      sysname: Linux
      nodename: b6c242182b63
      release: 6.8.0-1008-aws
      version: '#8-Ubuntu SMP Sat Apr 20 00:46:25 UTC 2024'
      machine: x86_64
      compiler: 'musl-gcc 13.2.1'
      uptime: 163
      totalram: 399140732928
      freeram: 394021535744
      sharedram: 114089984
      bufferram: 109780992
      totalswap: 0
      freeswap: 0
      pagesize: 4096
      cpus: 96
      cpus-online: 96
      ticks-per-second: 100

metrics:
    - stressor: cpu
      bogo-ops: 40375
      bogo-ops-per-second-usr-sys-time: 2018.731327
      bogo-ops-per-second-real-time: 2018.739652
      wall-clock-time: 20.000103
      user-time: 20.000185
      system-time: 0.000000
      cpu-usage-per-instance: 100.000412
      max-rss: 768

...
