BaselineInfo:
  WebDBID: -1
  TimeStamp: 20241108161914
Version:
  Major: 11
  Minor: 0
  Build: 1002
  SpecialBuildName: ""
  ptArchitecture: aarch64_linux
Results:
  Results Complete: true
  NumTestProcesses: 48
  CPU_INTEGER_MATH: 229062.75600000002
  CPU_FLOATINGPOINT_MATH: 227771.62291921253
  CPU_PRIME: 281.36810229830559
  CPU_SORTING: 186389.39823597291
  CPU_ENCRYPTION: 6672.032001886254
  CPU_COMPRESSION: 254003.29361653325
  CPU_SINGLETHREAD: 1559.7040680889693
  CPU_PHYSICS: 7850.1554038499671
  CPU_MATRIX_MULT_SSE: 39846.41154631113
  CPU_mm: 5205.895600022669
  CPU_sse: 33556.965065693381
  CPU_fma: 46135.858026928872
  CPU_avx: 0
  CPU_avx512: 0
  m_CPU_enc_SHA: 10087074807.288506
  m_CPU_enc_AES: 3886742048.1095114
  m_CPU_enc_ECDSA: 7014581029.831624
  ME_ALLOC_S: 31237.957084388254
  ME_READ_S: 19686.932226562501
  ME_READ_L: 18926.388671875
  ME_WRITE: 19704.53515625
  ME_LARGE: 82473
  ME_LATENCY: 49.938746928562459
  ME_THREADED: 281876.75244140625
  SUMM_CPU: 28256.212824965576
  SUMM_ME: 3125.6453669665198
SystemInformation:
  OSName: Ubuntu 24.04.1 LTS
  Kernel: 6.8.0-1016-aws
  Device: ""
  Processor: ARM Neoverse-V1 48 Core 0 MHz
  NumSockets: 1
  Manufacturer: ARM
  NumCores: 48
  NumLogicals: 48
  CPUFrequency: 0
  Memory: 94812
Checksum: 5078F6D2346A7AC1EDC14B7550FD5ACFC36ADEF0