BaselineInfo:
  WebDBID: -1
  TimeStamp: 20241114163422
Version:
  Major: 11
  Minor: 0
  Build: 1002
  SpecialBuildName: ""
  ptArchitecture: x86_64_linux
Results:
  Results Complete: true
  NumTestProcesses: 2
  CPU_INTEGER_MATH: 8363.2556666666678
  CPU_FLOATINGPOINT_MATH: 4278.9482080367943
  CPU_PRIME: 18.666786428763437
  CPU_SORTING: 4371.7952577300166
  CPU_ENCRYPTION: 1784.6746548602291
  CPU_COMPRESSION: 32383.586791416805
  CPU_SINGLETHREAD: 2372.3285992970855
  CPU_PHYSICS: 364.30828244200779
  CPU_MATRIX_MULT_SSE: 1695.2103449709075
  CPU_mm: 180.32964338930594
  CPU_sse: 794.42297456667291
  CPU_fma: 2181.9467422105809
  CPU_avx: 1611.6523507568372
  CPU_avx512: 2192.8193123495389
  m_CPU_enc_SHA: 1831458916.0766461
  m_CPU_enc_AES: 2651484917.3551426
  m_CPU_enc_ECDSA: 1131157199.2523701
  ME_ALLOC_S: 1017.1060196633214
  ME_READ_S: 24109.486132812501
  ME_READ_L: 11102.6923828125
  ME_WRITE: 10296.6025390625
  ME_LARGE: 664
  ME_LATENCY: 54.196779988686593
  ME_THREADED: 15680.64599609375
  SUMM_CPU: 2989.3636220121834
  SUMM_ME: 1026.8200394687055
SystemInformation:
  OSName: Ubuntu 24.04.1 LTS
  Kernel: 6.8.0-1017-azure
  Device: ""
  Processor: Intel Xeon Platinum 8370C CPU @ 2.80GHz
  NumSockets: 1
  Manufacturer: GenuineIntel
  NumCores: 1
  NumLogicals: 2
  CPUFrequency: 2800
  Memory: 3911
  MemModuleInfo:
    iNumMemSticks: 2
    DIMM 1:
      manufacturer: Microsoft Corporation
      modulePartNo: None
      memType: Unknown
      size: 1
      clkspeed: 0
      moduleVoltage: 0
    DIMM 2:
      manufacturer: Microsoft Corporation
      modulePartNo: None
      memType: Unknown
      size: 3
      clkspeed: 0
      moduleVoltage: 0
Checksum: CDB3A89355D2683D3F93E864D09466758D2673F5