BaselineInfo:
  WebDBID: -1
  TimeStamp: 20241115085816
Version:
  Major: 11
  Minor: 0
  Build: 1002
  SpecialBuildName: ""
  ptArchitecture: x86_64_linux
Results:
  Results Complete: true
  NumTestProcesses: 2
  CPU_INTEGER_MATH: 8366.4033333333318
  CPU_FLOATINGPOINT_MATH: 4280.1025430808968
  CPU_PRIME: 18.810147190010568
  CPU_SORTING: 4399.9289573440565
  CPU_ENCRYPTION: 1816.1486763966791
  CPU_COMPRESSION: 32303.351083278416
  CPU_SINGLETHREAD: 2369.9560317332853
  CPU_PHYSICS: 358.66474598459985
  CPU_MATRIX_MULT_SSE: 1704.170717505498
  CPU_mm: 180.49795600902416
  CPU_sse: 786.31760318672491
  CPU_fma: 2181.2625232804385
  CPU_avx: 1611.744043994348
  CPU_avx512: 2237.358699560481
  m_CPU_enc_SHA: 1835042481.1168814
  m_CPU_enc_AES: 2741477271.6064687
  m_CPU_enc_ECDSA: 1136589990.7806225
  ME_ALLOC_S: 1034.4094141134192
  ME_READ_S: 24219.052929687499
  ME_READ_L: 11367.39453125
  ME_WRITE: 10730.482421875
  ME_LARGE: 607
  ME_LATENCY: 53.285251184215667
  ME_THREADED: 15657.49267578125
  SUMM_CPU: 2999.0856445852969
  SUMM_ME: 988.28062014133843
SystemInformation:
  OSName: Ubuntu 24.04.1 LTS
  Kernel: 6.8.0-1017-azure
  Device: ""
  Processor: Intel Xeon Platinum 8370C CPU @ 2.80GHz
  NumSockets: 1
  Manufacturer: GenuineIntel
  NumCores: 1
  NumLogicals: 2
  CPUFrequency: 2800
  Memory: 3911
  MemModuleInfo:
    iNumMemSticks: 2
    DIMM 1:
      manufacturer: Microsoft Corporation
      modulePartNo: None
      memType: Unknown
      size: 1
      clkspeed: 0
      moduleVoltage: 0
    DIMM 2:
      manufacturer: Microsoft Corporation
      modulePartNo: None
      memType: Unknown
      size: 3
      clkspeed: 0
      moduleVoltage: 0
Checksum: 92319AB888C44F844AF08FEA6B05835872684A88