BaselineInfo:
  WebDBID: -1
  TimeStamp: 20241106213527
Version:
  Major: 11
  Minor: 0
  Build: 1002
  SpecialBuildName: ""
  ptArchitecture: x86_64_linux
Results:
  Results Complete: true
  NumTestProcesses: 2
  CPU_INTEGER_MATH: 8368.8173333333325
  CPU_FLOATINGPOINT_MATH: 4279.8389091812351
  CPU_PRIME: 18.868362693874083
  CPU_SORTING: 4401.2375821579517
  CPU_ENCRYPTION: 1801.4401152891455
  CPU_COMPRESSION: 31782.48158927542
  CPU_SINGLETHREAD: 2375.6441663587107
  CPU_PHYSICS: 365.96107763620637
  CPU_MATRIX_MULT_SSE: 1645.2749074148142
  CPU_mm: 180.46342333102837
  CPU_sse: 794.18302426515675
  CPU_fma: 2181.0899277247654
  CPU_avx: 1611.6914263050787
  CPU_avx512: 1994.1352513642548
  m_CPU_enc_SHA: 1783315492.451957
  m_CPU_enc_AES: 2745351496.203269
  m_CPU_enc_ECDSA: 1138173622.3330684
  ME_ALLOC_S: 1038.9930018741497
  ME_READ_S: 23953.415625000001
  ME_READ_L: 11054.96875
  ME_WRITE: 10207.6513671875
  ME_LARGE: 629
  ME_LATENCY: 53.928830340736027
  ME_THREADED: 14957.6689453125
  SUMM_CPU: 2973.2057699703182
  SUMM_ME: 996.35945070395235
SystemInformation:
  OSName: Ubuntu 24.04.1 LTS
  Kernel: 6.8.0-1017-azure
  Device: ""
  Processor: Intel Xeon Platinum 8370C CPU @ 2.80GHz
  NumSockets: 1
  Manufacturer: GenuineIntel
  NumCores: 1
  NumLogicals: 2
  CPUFrequency: 2800
  Memory: 3911
  MemModuleInfo:
    iNumMemSticks: 2
    DIMM 1:
      manufacturer: Microsoft Corporation
      modulePartNo: None
      memType: Unknown
      size: 1
      clkspeed: 0
      moduleVoltage: 0
    DIMM 2:
      manufacturer: Microsoft Corporation
      modulePartNo: None
      memType: Unknown
      size: 3
      clkspeed: 0
      moduleVoltage: 0
Checksum: AE0C8577A3260EDFB0077F3A1CFA79957DFFF53A