---
system-info:
      stress-ng-version: 0.17.08
      run-by: root
      date-yyyy-mm-dd: 2024:06:28
      time-hh-mm-ss: 18:51:49
      epoch-secs: 1719600709
      hostname: c3-highmem-176-aafae23
      sysname: Linux
      nodename: c3-highmem-176-aafae23
      release: 6.8.0-1009-gcp
      version: '#10-Ubuntu SMP Wed Jun 12 18:52:23 UTC 2024'
      machine: x86_64
      compiler: 'musl-gcc 13.2.1'
      uptime: 130
      totalram: 1488018817024
      freeram: 1480239652864
      sharedram: 443342848
      bufferram: 131940352
      totalswap: 0
      freeswap: 0
      pagesize: 4096
      cpus: 176
      cpus-online: 176
      ticks-per-second: 100

metrics:
    - stressor: cpu
      bogo-ops: 2926958
      bogo-ops-per-second-usr-sys-time: 831.986723
      bogo-ops-per-second-real-time: 146347.207763
      wall-clock-time: 20.000095
      user-time: 3517.977547
      system-time: 0.056958
      cpu-usage-per-instance: 99.943689
      max-rss: 0

...
