---
system-info:
      stress-ng-version: 0.17.08
      run-by: root
      date-yyyy-mm-dd: 2024:06:07
      time-hh-mm-ss: 01:25:18
      epoch-secs: 1717723518
      hostname: ead8bf5ad771
      sysname: Linux
      nodename: ead8bf5ad771
      release: 6.8.0-1008-aws
      version: '#8-Ubuntu SMP Sat Apr 20 00:46:25 UTC 2024'
      machine: x86_64
      compiler: 'musl-gcc 13.2.1'
      uptime: 162
      totalram: 16110223360
      freeram: 11661746176
      sharedram: 9711616
      bufferram: 93597696
      totalswap: 0
      freeswap: 0
      pagesize: 4096
      cpus: 4
      cpus-online: 4
      ticks-per-second: 100

metrics:
    - stressor: cpu
      bogo-ops: 43924
      bogo-ops-per-second-usr-sys-time: 1103.717453
      bogo-ops-per-second-real-time: 4391.737779
      wall-clock-time: 10.001508
      user-time: 39.793426
      system-time: 0.002991
      cpu-usage-per-instance: 99.476043
      max-rss: 4048

...
