---
system-info:
      stress-ng-version: 0.17.08
      run-by: root
      date-yyyy-mm-dd: 2024:06:14
      time-hh-mm-ss: 13:29:54
      epoch-secs: 1718371794
      hostname: c012e207c082
      sysname: Linux
      nodename: c012e207c082
      release: 6.8.0-1008-aws
      version: '#8-Ubuntu SMP Sat Apr 20 00:46:25 UTC 2024'
      machine: x86_64
      compiler: 'musl-gcc 13.2.1'
      uptime: 142
      totalram: 16110223360
      freeram: 11531923456
      sharedram: 9711616
      bufferram: 113606656
      totalswap: 0
      freeswap: 0
      pagesize: 4096
      cpus: 4
      cpus-online: 4
      ticks-per-second: 100

metrics:
    - stressor: cpu
      bogo-ops: 30521
      bogo-ops-per-second-usr-sys-time: 382.917736
      bogo-ops-per-second-real-time: 1526.041432
      wall-clock-time: 20.000112
      user-time: 79.700403
      system-time: 0.006012
      cpu-usage-per-instance: 99.632459
      max-rss: 1104

...
