BaselineInfo:
  WebDBID: -1
  TimeStamp: 20241107155803
Version:
  Major: 11
  Minor: 0
  Build: 1002
  SpecialBuildName: ""
  ptArchitecture: x86_64_linux
Results:
  Results Complete: true
  NumTestProcesses: 4
  CPU_INTEGER_MATH: 12381.690000000001
  CPU_FLOATINGPOINT_MATH: 6615.7675805434365
  CPU_PRIME: 25.87220285298141
  CPU_SORTING: 6599.1752647607473
  CPU_ENCRYPTION: 1708.0867977686883
  CPU_COMPRESSION: 55733.632038762575
  CPU_SINGLETHREAD: 2008.0213326409673
  CPU_PHYSICS: 490.14198093202742
  CPU_MATRIX_MULT_SSE: 3496.0069208313339
  CPU_mm: 376.08144728799277
  CPU_sse: 1341.3297921520393
  CPU_fma: 4376.0642678788672
  CPU_avx: 3080.1614326086265
  CPU_avx512: 5186.472190685804
  m_CPU_enc_SHA: 558934690.34931397
  m_CPU_enc_AES: 4314479485.2518196
  m_CPU_enc_ECDSA: 499762290.57016677
  ME_ALLOC_S: 1327.179251198821
  ME_READ_S: 24221.7412109375
  ME_READ_L: 7439.92041015625
  ME_WRITE: 7139.35986328125
  ME_LARGE: 22154
  ME_LATENCY: 58.40515425778127
  ME_THREADED: 17763.140625
  SUMM_CPU: 4380.6939035784426
  SUMM_ME: 1810.9489247901292
SystemInformation:
  OSName: Ubuntu 24.04.1 LTS
  Kernel: 6.8.0-1017-azure
  Device: ""
  Processor: Intel Xeon Platinum 8272CL CPU @ 2.60GHz
  NumSockets: 1
  Manufacturer: GenuineIntel
  NumCores: 2
  NumLogicals: 4
  CPUFrequency: 0
  Memory: 32093
  MemModuleInfo:
    iNumMemSticks: 2
    DIMM 1:
      manufacturer: Microsoft Corporation
      modulePartNo: None
      memType: Unknown
      size: 1
      clkspeed: 0
      moduleVoltage: 0
    DIMM 2:
      manufacturer: Microsoft Corporation
      modulePartNo: None
      memType: Unknown
      size: 31
      clkspeed: 0
      moduleVoltage: 0
Checksum: 3412744B603AAC50429D2B3BE1CDDB6FA224106D