---
system-info:
      stress-ng-version: 0.17.08
      run-by: root
      date-yyyy-mm-dd: 2024:06:08
      time-hh-mm-ss: 17:19:15
      epoch-secs: 1717867155
      hostname: 467e17ef2dbf
      sysname: Linux
      nodename: 467e17ef2dbf
      release: 6.8.0-1008-aws
      version: '#8-Ubuntu SMP Sat Apr 20 00:46:25 UTC 2024'
      machine: x86_64
      compiler: 'musl-gcc 13.2.1'
      uptime: 120
      totalram: 540826705920
      freeram: 533846528000
      sharedram: 116686848
      bufferram: 104079360
      totalswap: 0
      freeswap: 0
      pagesize: 4096
      cpus: 128
      cpus-online: 128
      ticks-per-second: 100

metrics:
    - stressor: cpu
      bogo-ops: 16952
      bogo-ops-per-second-usr-sys-time: 1695.097616
      bogo-ops-per-second-real-time: 1695.131133
      wall-clock-time: 10.000406
      user-time: 10.000604
      system-time: 0.000000
      cpu-usage-per-instance: 100.001977
      max-rss: 3072

...
