---
system-info:
      stress-ng-version: 0.17.08
      run-by: root
      date-yyyy-mm-dd: 2024:06:14
      time-hh-mm-ss: 23:42:36
      epoch-secs: 1718408556
      hostname: 973e37e4b237
      sysname: Linux
      nodename: 973e37e4b237
      release: 6.8.0-1008-aws
      version: '#8-Ubuntu SMP Sat Apr 20 00:46:25 UTC 2024'
      machine: x86_64
      compiler: 'musl-gcc 13.2.1'
      uptime: 134
      totalram: 540826714112
      freeram: 533956005888
      sharedram: 116686848
      bufferram: 110297088
      totalswap: 0
      freeswap: 0
      pagesize: 4096
      cpus: 128
      cpus-online: 128
      ticks-per-second: 100

metrics:
    - stressor: cpu
      bogo-ops: 38201
      bogo-ops-per-second-usr-sys-time: 1910.049331
      bogo-ops-per-second-real-time: 1910.048770
      wall-clock-time: 20.000013
      user-time: 20.000007
      system-time: 0.000000
      cpu-usage-per-instance: 99.999971
      max-rss: 0

...
