---
system-info:
      stress-ng-version: 0.17.08
      run-by: root
      date-yyyy-mm-dd: 2024:06:07
      time-hh-mm-ss: 18:45:12
      epoch-secs: 1717785912
      hostname: 4aeca3d07dda
      sysname: Linux
      nodename: 4aeca3d07dda
      release: 6.8.0-1008-aws
      version: '#8-Ubuntu SMP Sat Apr 20 00:46:25 UTC 2024'
      machine: x86_64
      compiler: 'musl-gcc 13.2.1'
      uptime: 134
      totalram: 16555192320
      freeram: 12328181760
      sharedram: 40734720
      bufferram: 93577216
      totalswap: 0
      freeswap: 0
      pagesize: 4096
      cpus: 4
      cpus-online: 4
      ticks-per-second: 100

metrics:
    - stressor: cpu
      bogo-ops: 40000
      bogo-ops-per-second-usr-sys-time: 1006.026324
      bogo-ops-per-second-real-time: 3999.327367
      wall-clock-time: 10.001682
      user-time: 39.743399
      system-time: 0.016992
      cpu-usage-per-instance: 99.384262
      max-rss: 4048

...
