---
system-info:
      stress-ng-version: 0.17.08
      run-by: root
      date-yyyy-mm-dd: 2024:06:13
      time-hh-mm-ss: 10:55:29
      epoch-secs: 1718276129
      hostname: 81de5e8b7796
      sysname: Linux
      nodename: 81de5e8b7796
      release: 6.8.0-1008-aws
      version: '#8-Ubuntu SMP Sat Apr 20 00:46:25 UTC 2024'
      machine: x86_64
      compiler: 'musl-gcc 13.2.1'
      uptime: 146
      totalram: 16555192320
      freeram: 12249726976
      sharedram: 40734720
      bufferram: 106209280
      totalswap: 0
      freeswap: 0
      pagesize: 4096
      cpus: 4
      cpus-online: 4
      ticks-per-second: 100

metrics:
    - stressor: cpu
      bogo-ops: 67208
      bogo-ops-per-second-usr-sys-time: 844.673516
      bogo-ops-per-second-real-time: 3360.384147
      wall-clock-time: 20.000094
      user-time: 79.547861
      system-time: 0.018976
      cpu-usage-per-instance: 99.458077
      max-rss: 976

...
