BaselineInfo:
  WebDBID: -1
  TimeStamp: 20241114185611
Version:
  Major: 11
  Minor: 0
  Build: 1002
  SpecialBuildName: ""
  ptArchitecture: x86_64_linux
Results:
  Results Complete: true
  NumTestProcesses: 1
  CPU_INTEGER_MATH: 3930.2759999999998
  CPU_FLOATINGPOINT_MATH: 2835.7947791903475
  CPU_PRIME: 11.884102746755746
  CPU_SORTING: 2272.7894383148819
  CPU_ENCRYPTION: 483.76295757461497
  CPU_COMPRESSION: 16421.31570939556
  CPU_SINGLETHREAD: 1669.2379038186684
  CPU_PHYSICS: 208.59048486763751
  CPU_MATRIX_MULT_SSE: 897.16724014198383
  CPU_mm: 153.07919010654098
  CPU_sse: 590.51144848678041
  CPU_fma: 1378.4958929454397
  CPU_avx: 722.4943789937314
  CPU_avx512: 0
  m_CPU_enc_SHA: 240776608.46346614
  m_CPU_enc_AES: 1071442893.1119362
  m_CPU_enc_ECDSA: 209567179.42987609
  ME_ALLOC_S: 0
  ME_READ_S: 0
  ME_READ_L: 0
  ME_WRITE: 0
  ME_LARGE: 0
  ME_LATENCY: 0
  ME_THREADED: 0
  SUMM_CPU: 1431.6180229401339
  SUMM_ME: 0
SystemInformation:
  OSName: Ubuntu 24.04.1 LTS
  Kernel: 6.8.0-1018-aws
  Device: ""
  Processor: Intel Xeon CPU E5-2686 v4 @ 2.30GHz
  NumSockets: 1
  Manufacturer: GenuineIntel
  NumCores: 1
  NumLogicals: 1
  CPUFrequency: 0
  Memory: 957
  MemModuleInfo:
    iNumMemSticks: 1
    DIMM 1:
      manufacturer: Not Specified
      modulePartNo: Not Specified
      memType: RAM
      size: 1
      clkspeed: 0
      moduleVoltage: 0
Checksum: 554CAD3E470661E267AE73D0063C487AAEAE166C