BaselineInfo:
  WebDBID: -1
  TimeStamp: 20241106214629
Version:
  Major: 11
  Minor: 0
  Build: 1002
  SpecialBuildName: ""
  ptArchitecture: x86_64_linux
Results:
  Results Complete: true
  NumTestProcesses: 1
  CPU_INTEGER_MATH: 3989.5610000000001
  CPU_FLOATINGPOINT_MATH: 2909.272274315701
  CPU_PRIME: 12.240803265552053
  CPU_SORTING: 2350.625402879868
  CPU_ENCRYPTION: 492.71426763982817
  CPU_COMPRESSION: 17115.881117159151
  CPU_SINGLETHREAD: 1600.8797023068521
  CPU_PHYSICS: 214.64268286857887
  CPU_MATRIX_MULT_SSE: 916.1619731698238
  CPU_mm: 186.70371353296522
  CPU_sse: 604.01934637891793
  CPU_fma: 1413.6905480649955
  CPU_avx: 730.77602506555763
  CPU_avx512: 0
  m_CPU_enc_SHA: 246593907.02477005
  m_CPU_enc_AES: 1088979507.7441912
  m_CPU_enc_ECDSA: 214371652.94514024
  ME_ALLOC_S: 722.61164915925622
  ME_READ_S: 18696.199023437501
  ME_READ_L: 7976.69091796875
  ME_WRITE: 7613.46875
  ME_LARGE: 549
  ME_LATENCY: 81.220186923151076
  ME_THREADED: 8240.123046875
  SUMM_CPU: 1466.968596184782
  SUMM_ME: 762.13571205888218
SystemInformation:
  OSName: Ubuntu 24.04.1 LTS
  Kernel: 6.8.0-1016-aws
  Device: ""
  Processor: Intel Xeon CPU E5-2686 v4 @ 2.30GHz
  NumSockets: 1
  Manufacturer: GenuineIntel
  NumCores: 1
  NumLogicals: 1
  CPUFrequency: 0
  Memory: 957
  MemModuleInfo:
    iNumMemSticks: 1
    DIMM 1:
      manufacturer: Not Specified
      modulePartNo: Not Specified
      memType: RAM
      size: 1
      clkspeed: 0
      moduleVoltage: 0
Checksum: CFBDC89E9E12CE1569C572EFE684436032D8266C