BaselineInfo:
  WebDBID: -1
  TimeStamp: 20241114234803
Version:
  Major: 11
  Minor: 0
  Build: 1002
  SpecialBuildName: ""
  ptArchitecture: x86_64_linux
Results:
  Results Complete: true
  NumTestProcesses: 1
  CPU_INTEGER_MATH: 3933.9443333333334
  CPU_FLOATINGPOINT_MATH: 2866.0802708323245
  CPU_PRIME: 11.793787184570022
  CPU_SORTING: 2327.5069236552113
  CPU_ENCRYPTION: 484.07337564350064
  CPU_COMPRESSION: 16540.480868085389
  CPU_SINGLETHREAD: 1679.7929737831871
  CPU_PHYSICS: 212.4479117804826
  CPU_MATRIX_MULT_SSE: 887.4551078890795
  CPU_mm: 184.96850115903212
  CPU_sse: 594.9777239625206
  CPU_fma: 1352.1723226988011
  CPU_avx: 715.21527700591685
  CPU_avx512: 0
  m_CPU_enc_SHA: 242732417.08138803
  m_CPU_enc_AES: 1073947475.2728441
  m_CPU_enc_ECDSA: 206083279.46204603
  ME_ALLOC_S: 0
  ME_READ_S: 0
  ME_READ_L: 0
  ME_WRITE: 0
  ME_LARGE: 0
  ME_LATENCY: 0
  ME_THREADED: 0
  SUMM_CPU: 1437.597503097609
  SUMM_ME: 0
SystemInformation:
  OSName: Ubuntu 24.04.1 LTS
  Kernel: 6.8.0-1018-aws
  Device: ""
  Processor: Intel Xeon CPU E5-2686 v4 @ 2.30GHz
  NumSockets: 1
  Manufacturer: GenuineIntel
  NumCores: 1
  NumLogicals: 1
  CPUFrequency: 0
  Memory: 957
  MemModuleInfo:
    iNumMemSticks: 1
    DIMM 1:
      manufacturer: Not Specified
      modulePartNo: Not Specified
      memType: RAM
      size: 1
      clkspeed: 0
      moduleVoltage: 0
Checksum: 22510CDB21E36705D3D59CB7C5B5A0903798033F