BaselineInfo:
  WebDBID: -1
  TimeStamp: 20241114163605
Version:
  Major: 11
  Minor: 0
  Build: 1002
  SpecialBuildName: ""
  ptArchitecture: x86_64_linux
Results:
  Results Complete: true
  NumTestProcesses: 1
  CPU_INTEGER_MATH: 3932.2166666666667
  CPU_FLOATINGPOINT_MATH: 2856.4858430187828
  CPU_PRIME: 12.032383944135502
  CPU_SORTING: 2277.2518423801853
  CPU_ENCRYPTION: 477.05694696524102
  CPU_COMPRESSION: 16457.379378281479
  CPU_SINGLETHREAD: 1676.3331763220051
  CPU_PHYSICS: 211.30461956649924
  CPU_MATRIX_MULT_SSE: 906.40129972552074
  CPU_mm: 186.60728491691816
  CPU_sse: 593.44061443996225
  CPU_fma: 1393.8851953778096
  CPU_avx: 731.87808935879002
  CPU_avx512: 0
  m_CPU_enc_SHA: 242071856.5681898
  m_CPU_enc_AES: 1051325695.8061438
  m_CPU_enc_ECDSA: 207293843.28874025
  ME_ALLOC_S: 0
  ME_READ_S: 0
  ME_READ_L: 0
  ME_WRITE: 0
  ME_LARGE: 0
  ME_LATENCY: 0
  ME_THREADED: 0
  SUMM_CPU: 1432.3872437026384
  SUMM_ME: 0
SystemInformation:
  OSName: Ubuntu 24.04.1 LTS
  Kernel: 6.8.0-1018-aws
  Device: ""
  Processor: Intel Xeon CPU E5-2686 v4 @ 2.30GHz
  NumSockets: 1
  Manufacturer: GenuineIntel
  NumCores: 1
  NumLogicals: 1
  CPUFrequency: 0
  Memory: 957
  MemModuleInfo:
    iNumMemSticks: 1
    DIMM 1:
      manufacturer: Not Specified
      modulePartNo: Not Specified
      memType: RAM
      size: 1
      clkspeed: 0
      moduleVoltage: 0
Checksum: 6A74E40CAC35AE59577FB7D3E5B753B5B0C57C7C