BaselineInfo:
  WebDBID: -1
  TimeStamp: 20241114212704
Version:
  Major: 11
  Minor: 0
  Build: 1002
  SpecialBuildName: ""
  ptArchitecture: x86_64_linux
Results:
  Results Complete: true
  NumTestProcesses: 1
  CPU_INTEGER_MATH: 3924.6196666666665
  CPU_FLOATINGPOINT_MATH: 2848.5952897502407
  CPU_PRIME: 11.920774957795054
  CPU_SORTING: 2281.5399552548979
  CPU_ENCRYPTION: 484.9523899574981
  CPU_COMPRESSION: 16401.929001582477
  CPU_SINGLETHREAD: 1673.6482445251752
  CPU_PHYSICS: 211.15118708303325
  CPU_MATRIX_MULT_SSE: 893.3956566350688
  CPU_mm: 184.22481241519699
  CPU_sse: 594.98195657718475
  CPU_fma: 1367.3366520596028
  CPU_avx: 717.86836126841877
  CPU_avx512: 0
  m_CPU_enc_SHA: 242206293.58051619
  m_CPU_enc_AES: 1074276768.9397881
  m_CPU_enc_ECDSA: 209045249.23591641
  ME_ALLOC_S: 0
  ME_READ_S: 0
  ME_READ_L: 0
  ME_WRITE: 0
  ME_LARGE: 0
  ME_LATENCY: 0
  ME_THREADED: 0
  SUMM_CPU: 1432.9525716951387
  SUMM_ME: 0
SystemInformation:
  OSName: Ubuntu 24.04.1 LTS
  Kernel: 6.8.0-1018-aws
  Device: ""
  Processor: Intel Xeon CPU E5-2686 v4 @ 2.30GHz
  NumSockets: 1
  Manufacturer: GenuineIntel
  NumCores: 1
  NumLogicals: 1
  CPUFrequency: 0
  Memory: 957
  MemModuleInfo:
    iNumMemSticks: 1
    DIMM 1:
      manufacturer: Not Specified
      modulePartNo: Not Specified
      memType: RAM
      size: 1
      clkspeed: 0
      moduleVoltage: 0
Checksum: 620674C4EFEDA6B990105BB9F0A5510AEA20B8B1