BaselineInfo:
  WebDBID: -1
  TimeStamp: 20241115081855
Version:
  Major: 11
  Minor: 0
  Build: 1002
  SpecialBuildName: ""
  ptArchitecture: x86_64_linux
Results:
  Results Complete: true
  NumTestProcesses: 1
  CPU_INTEGER_MATH: 3917.1410000000001
  CPU_FLOATINGPOINT_MATH: 2806.4526691757346
  CPU_PRIME: 11.894734960967284
  CPU_SORTING: 2267.5406897288231
  CPU_ENCRYPTION: 482.14423081605378
  CPU_COMPRESSION: 16246.761121799953
  CPU_SINGLETHREAD: 1657.1073077543831
  CPU_PHYSICS: 209.38637497364502
  CPU_MATRIX_MULT_SSE: 889.96875735411595
  CPU_mm: 182.92666367966106
  CPU_sse: 592.9989672922984
  CPU_fma: 1358.3206597028482
  CPU_avx: 718.5866450672014
  CPU_avx512: 0
  m_CPU_enc_SHA: 239892595.78709176
  m_CPU_enc_AES: 1067090156.493856
  m_CPU_enc_ECDSA: 209711854.63557544
  ME_ALLOC_S: 0
  ME_READ_S: 0
  ME_READ_L: 0
  ME_WRITE: 0
  ME_LARGE: 0
  ME_LATENCY: 0
  ME_THREADED: 0
  SUMM_CPU: 1423.3793054262335
  SUMM_ME: 0
SystemInformation:
  OSName: Ubuntu 24.04.1 LTS
  Kernel: 6.8.0-1018-aws
  Device: ""
  Processor: Intel Xeon CPU E5-2686 v4 @ 2.30GHz
  NumSockets: 1
  Manufacturer: GenuineIntel
  NumCores: 1
  NumLogicals: 1
  CPUFrequency: 0
  Memory: 957
  MemModuleInfo:
    iNumMemSticks: 1
    DIMM 1:
      manufacturer: Not Specified
      modulePartNo: Not Specified
      memType: RAM
      size: 1
      clkspeed: 0
      moduleVoltage: 0
Checksum: 00DD32159A961A1D215289EB00634E3474BE24BE