BaselineInfo:
  WebDBID: -1
  TimeStamp: 20241115025844
Version:
  Major: 11
  Minor: 0
  Build: 1002
  SpecialBuildName: ""
  ptArchitecture: x86_64_linux
Results:
  Results Complete: true
  NumTestProcesses: 1
  CPU_INTEGER_MATH: 3918.5846666666666
  CPU_FLOATINGPOINT_MATH: 2851.2559624584633
  CPU_PRIME: 11.478481222899438
  CPU_SORTING: 2231.1920537878682
  CPU_ENCRYPTION: 484.15309254364462
  CPU_COMPRESSION: 16362.304264210603
  CPU_SINGLETHREAD: 1663.5385934137989
  CPU_PHYSICS: 209.70478717348939
  CPU_MATRIX_MULT_SSE: 903.51034166180489
  CPU_mm: 184.72875233696865
  CPU_sse: 594.74283721464008
  CPU_fma: 1385.2201392625316
  CPU_avx: 730.56804850824312
  CPU_avx512: 0
  m_CPU_enc_SHA: 241912049.38944739
  m_CPU_enc_AES: 1076029596.0731235
  m_CPU_enc_ECDSA: 205072294.03856328
  ME_ALLOC_S: 0
  ME_READ_S: 0
  ME_READ_L: 0
  ME_WRITE: 0
  ME_LARGE: 0
  ME_LATENCY: 0
  ME_THREADED: 0
  SUMM_CPU: 1428.5816101481562
  SUMM_ME: 0
SystemInformation:
  OSName: Ubuntu 24.04.1 LTS
  Kernel: 6.8.0-1018-aws
  Device: ""
  Processor: Intel Xeon CPU E5-2686 v4 @ 2.30GHz
  NumSockets: 1
  Manufacturer: GenuineIntel
  NumCores: 1
  NumLogicals: 1
  CPUFrequency: 0
  Memory: 957
  MemModuleInfo:
    iNumMemSticks: 1
    DIMM 1:
      manufacturer: Not Specified
      modulePartNo: Not Specified
      memType: RAM
      size: 1
      clkspeed: 0
      moduleVoltage: 0
Checksum: 6FE9A265829003999AECC9256D2D494365CD03B4