BaselineInfo:
  WebDBID: -1
  TimeStamp: 20241115103128
Version:
  Major: 11
  Minor: 0
  Build: 1002
  SpecialBuildName: ""
  ptArchitecture: x86_64_linux
Results:
  Results Complete: true
  NumTestProcesses: 1
  CPU_INTEGER_MATH: 3943.8606666666665
  CPU_FLOATINGPOINT_MATH: 2862.5292299542743
  CPU_PRIME: 12.030957758232086
  CPU_SORTING: 2259.0414479760957
  CPU_ENCRYPTION: 485.28466957339441
  CPU_COMPRESSION: 16547.33843400659
  CPU_SINGLETHREAD: 1689.3771332256943
  CPU_PHYSICS: 202.47538140125434
  CPU_MATRIX_MULT_SSE: 909.31734883082606
  CPU_mm: 183.88064214927837
  CPU_sse: 593.41403756577711
  CPU_fma: 1414.3618181478548
  CPU_avx: 720.17619077884626
  CPU_avx512: 0
  m_CPU_enc_SHA: 243187618.64998293
  m_CPU_enc_AES: 1073117949.9674476
  m_CPU_enc_ECDSA: 210268004.43034419
  ME_ALLOC_S: 707.66559496280797
  ME_READ_S: 18119.247460937499
  ME_READ_L: 8003.62109375
  ME_WRITE: 7824.0625
  ME_LARGE: 540
  ME_LATENCY: 82.247274476677788
  ME_THREADED: 8498.5703125
  SUMM_CPU: 1438.3130612200134
  SUMM_ME: 755.63519527710594
SystemInformation:
  OSName: Ubuntu 24.04.1 LTS
  Kernel: 6.8.0-1018-aws
  Device: ""
  Processor: Intel Xeon CPU E5-2686 v4 @ 2.30GHz
  NumSockets: 1
  Manufacturer: GenuineIntel
  NumCores: 1
  NumLogicals: 1
  CPUFrequency: 0
  Memory: 957
  MemModuleInfo:
    iNumMemSticks: 1
    DIMM 1:
      manufacturer: Not Specified
      modulePartNo: Not Specified
      memType: RAM
      size: 1
      clkspeed: 0
      moduleVoltage: 0
Checksum: 030632BAD4993355DB6683625F7C891C8B57D6EF