BaselineInfo:
  WebDBID: -1
  TimeStamp: 20241107184556
Version:
  Major: 11
  Minor: 0
  Build: 1002
  SpecialBuildName: ""
  ptArchitecture: x86_64_linux
Results:
  Results Complete: true
  NumTestProcesses: 4
  CPU_INTEGER_MATH: 16653.570666666667
  CPU_FLOATINGPOINT_MATH: 8522.1148884580252
  CPU_PRIME: 34.678556152299642
  CPU_SORTING: 8760.5379916097063
  CPU_ENCRYPTION: 3619.9826364971118
  CPU_COMPRESSION: 62483.211749828624
  CPU_SINGLETHREAD: 2358.4573577072133
  CPU_PHYSICS: 725.09771891958758
  CPU_MATRIX_MULT_SSE: 3625.6464874798558
  CPU_mm: 360.23657131822824
  CPU_sse: 1571.3292563068403
  CPU_fma: 4348.9944654832507
  CPU_avx: 3216.5246225388305
  CPU_avx512: 5365.7376055905024
  m_CPU_enc_SHA: 3660552433.082459
  m_CPU_enc_AES: 5509391810.1918154
  m_CPU_enc_ECDSA: 2217536495.8685112
  ME_ALLOC_S: 1979.8052154694633
  ME_READ_S: 23620.354687499999
  ME_READ_L: 10448.6826171875
  ME_WRITE: 10103.9990234375
  ME_LARGE: 5758
  ME_LATENCY: 63.626438097482655
  ME_THREADED: 30180.51611328125
  SUMM_CPU: 5883.5496058357703
  SUMM_ME: 1932.4425859898879
SystemInformation:
  OSName: Ubuntu 24.04.1 LTS
  Kernel: 6.8.0-1016-aws
  Device: ""
  Processor: Intel Xeon Platinum 8375C CPU @ 2.90GHz
  NumSockets: 1
  Manufacturer: GenuineIntel
  NumCores: 2
  NumLogicals: 4
  CPUFrequency: 0
  Memory: 15706
  MemModuleInfo:
    iNumMemSticks: 1
    DIMM 1:
      manufacturer: Not Specified
      modulePartNo: Not Specified
      memType: DDR4
      size: 16
      clkspeed: 1600
      moduleVoltage: 0
Checksum: A48D4F48FCCA0A20CBAA6799AFE55F2CD5F270CD