BaselineInfo:
  WebDBID: -1
  TimeStamp: 20260701220434
Version:
  Major: 11
  Minor: 0
  Build: 1004
  SpecialBuildName: ""
  ptArchitecture: x86_64_linux
Results:
  Results Complete: true
  NumTestProcesses: 1
  CPU_INTEGER_MATH: 4985.2886666666673
  CPU_FLOATINGPOINT_MATH: 4124.8482694474142
  CPU_PRIME: 15.397422257343706
  CPU_SORTING: 3032.2824849383519
  CPU_ENCRYPTION: 638.11363998365687
  CPU_COMPRESSION: 24061.94844184873
  CPU_SINGLETHREAD: 2379.8815505322173
  CPU_PHYSICS: 258.60454898726766
  CPU_MATRIX_MULT_SSE: 1681.7452744453888
  CPU_mm: 231.61247623111331
  CPU_sse: 890.62317511311426
  CPU_fma: 2749.1323065844745
  CPU_avx: 1405.4803416385773
  CPU_avx512: 0
  m_CPU_enc_SHA: 343529208.65976787
  m_CPU_enc_AES: 1362825958.1145434
  m_CPU_enc_ECDSA: 300976777.7041977
  ME_ALLOC_S: 902.13980927312969
  ME_READ_S: 27792.209179687499
  ME_READ_L: 13518.9208984375
  ME_WRITE: 12696.240234375
  ME_LARGE: 555
  ME_LATENCY: 42.059618360213477
  ME_THREADED: 13482.1982421875
  SUMM_CPU: 2017.049169820787
  SUMM_ME: 980.80890988297551
SystemInformation:
  OSName: Ubuntu 24.04.4 LTS
  Kernel: 6.8.0-124-generic
  Device: ""
  Processor: Intel Core Processor (Skylake, IBRS)
  NumSockets: 1
  Manufacturer: GenuineIntel
  NumCores: 1
  NumLogicals: 1
  CPUFrequency: 7
  CPUMaxFrequency: 832
  Memory: 1962
  CPUInfo:
    number: 1
    Family: 6
    Model: 14
    stepping: 3
    features: 126614527
    manufacture: GenuineIntel
    typestring: Intel Core Processor (Skylake, IBRS)
    iCoresPerPackage: 1
    iThreadsPerPackage: 1
    featuresEx:
      - 126614527
      - 4294586883
      - 672139264
    bHybrid: false
    nPCore: 0
    nLogicalsPerPCore: 0
    nECore: 0
    nLogicalsPerECore: 0
  MemModuleInfo:
    iNumMemSticks: 1
    DIMM 1:
      manufacturer: QEMU
      modulePartNo: Not Specified
      memType: RAM
      size: 2
      clkspeed: 0
      moduleVoltage: 0
Checksum: E7326E6C1D45D5BB1C06E675C788CD1FD1EC7ED7