"size","threads","connections","rps","latency","failed","server_usr","server_sys","client_usr","client_sys"
"1k",16,16,1421933,0.000010870,0,30.70,50.54,17.27,62.96
"1k",16,32,1315860,0.000023110,0,27.54,53.35,14.22,64.86
"1k",16,64,1490913,0.000043740,0,29.47,50.79,14.21,59.07
"1k",16,128,1586148,0.000098210,0,30.01,52.32,14.56,61.03
"1k",16,256,1674882,0.000285630,0,30.96,52.68,14.46,61.81
"1k",16,512,1720297,0.000482900,0,31.60,53.04,14.09,61.72
"1k",32,32,1336303,0.000024070,0,26.46,52.20,16.10,64.48
"1k",32,64,1328317,0.000052000,0,24.11,53.30,14.82,66.92
"1k",32,128,1417466,0.000152160,0,24.51,53.93,15.23,67.51
"1k",32,256,1449590,0.000393220,0,24.52,53.65,15.95,67.76
"1k",32,512,1507685,0.000639240,0,25.97,53.23,15.48,67.35
"1k",64,64,1356300,0.000052850,0,24.84,52.31,16.50,66.85
"1k",64,128,1310601,0.000185500,0,22.00,54.09,16.20,68.85
"1k",64,256,1323947,0.000387260,0,21.32,54.38,15.99,69.78
"1k",64,512,1337656,0.000578020,0,21.52,54.05,16.07,70.03
"16k",16,16,1073882,0.000014830,0,27.71,49.42,14.60,62.79
"16k",16,32,1080217,0.000027240,0,25.63,49.06,13.85,61.52
"16k",16,64,1160316,0.000053690,0,26.83,49.96,13.84,61.73
"16k",16,128,1226282,0.000111670,0,28.16,51.32,14.28,63.76
"16k",16,256,1235133,0.000293170,0,28.67,51.89,13.89,64.12
"16k",16,512,1208631,0.000482900,0,28.52,54.50,13.03,64.12
"16k",32,32,1124478,0.000028890,0,25.08,50.01,16.66,67.54
"16k",32,64,1081137,0.000061060,0,22.71,52.37,15.15,69.46
"16k",32,128,1141497,0.000163600,0,23.55,52.18,15.38,69.92
"16k",32,256,1145954,0.000507070,0,24.39,52.38,15.03,69.78
"16k",32,512,1119139,0.000710900,0,24.35,53.95,14.32,69.28
"16k",64,64,1112052,0.000061900,0,23.81,50.99,16.35,69.29
"16k",64,128,1072015,0.000191680,0,21.88,52.29,16.17,71.10
"16k",64,256,1049144,0.000432430,0,21.11,52.39,16.11,71.81
"16k",64,512,1016655,0.000676340,0,21.61,52.95,15.59,71.89
"64k",16,16,603972,0.000026110,0,22.96,52.11,12.08,66.16
"64k",16,32,621352,0.000045230,0,24.35,52.58,12.39,68.48
"64k",16,64,617804,0.000094950,0,23.15,50.92,11.60,67.50
"64k",16,128,638087,0.000193370,0,24.10,53.07,11.89,69.11
"64k",16,256,552047,0.000470940,0,27.92,55.21,10.01,67.12
"64k",16,512,357524,0.001430000,0,33.37,55.14,8.04,63.55
"64k",32,32,608069,0.000053470,0,25.94,51.92,12.88,70.24
"64k",32,64,598312,0.000109250,0,20.58,53.41,12.80,72.71
"64k",32,128,611866,0.000290130,0,21.10,54.51,12.84,72.49
"64k",32,256,583465,0.000694630,0,22.79,55.20,12.11,71.49
"64k",32,512,401235,0.001420000,0,30.84,54.86,9.88,66.13
"64k",64,64,598138,0.000114600,0,20.60,52.52,13.80,73.10
"64k",64,128,586482,0.000297580,0,19.19,54.47,13.77,74.07
"64k",64,256,560902,0.000664600,0,20.54,54.77,13.27,72.64
"64k",64,512,430465,0.001310000,0,29.09,54.26,11.08,67.36
"256k",16,16,218253,0.000073110,0,25.15,54.18,10.19,63.88
"256k",16,32,231299,0.000128990,0,24.64,55.05,10.46,68.99
"256k",16,64,169783,0.000357200,0,31.40,55.87,7.95,61.66
"256k",16,128,94537,0.001300000,0,41.32,54.96,5.59,57.33
"256k",16,256,69382,0.003380000,0,44.79,55.89,5.07,54.88
"256k",32,32,226878,0.000155580,0,23.93,55.21,11.33,70.25
"256k",32,64,194213,0.000363710,0,26.37,58.32,9.83,66.00
"256k",32,128,115807,0.001200000,0,39.06,56.56,7.63,58.33
"256k",32,256,77106,0.003270000,0,45.07,60.95,5.80,49.42
"256k",64,64,184294,0.000412560,0,26.03,58.02,10.76,66.51
"256k",64,128,119797,0.001160000,0,38.38,56.87,8.32,58.24
"256k",64,256,80520,0.003210000,0,44.74,61.45,6.34,49.62
"512k",16,16,113272,0.001070000,0,21.67,45.19,9.03,74.93
"512k",16,32,77946,0.000404860,0,32.14,56.25,7.13,60.36
"512k",16,64,46424,0.001350000,0,42.11,61.07,5.00,50.02
"512k",16,128,35367,0.003500000,0,50.71,62.33,4.40,43.51
"512k",16,256,32635,0.007520000,0,49.95,61.80,3.95,45.73
"512k",32,32,76301,0.000450810,0,32.36,56.39,7.71,64.92
"512k",32,64,52229,0.001270000,0,41.06,61.55,6.56,51.87
"512k",32,128,37096,0.003420000,0,48.90,62.35,4.91,44.43
"512k",32,256,35609,0.007240000,0,50.03,62.39,4.82,43.89
"512k",64,64,53563,0.001240000,0,41.93,61.13,6.82,51.58
"512k",64,128,38456,0.003320000,0,50.17,60.95,5.77,44.95
"512k",64,256,37461,0.006810000,0,50.34,60.93,5.64,45.00
