---
system-info:
      stress-ng-version: 0.17.08
      run-by: root
      date-yyyy-mm-dd: 2024:06:14
      time-hh-mm-ss: 18:29:02
      epoch-secs: 1718389742
      hostname: 54cbfe657898
      sysname: Linux
      nodename: 54cbfe657898
      release: 6.8.0-1008-aws
      version: '#8-Ubuntu SMP Sat Apr 20 00:46:25 UTC 2024'
      machine: x86_64
      compiler: 'musl-gcc 13.2.1'
      uptime: 216
      totalram: 266077192192
      freeram: 260619927552
      sharedram: 37101568
      bufferram: 110190592
      totalswap: 0
      freeswap: 0
      pagesize: 4096
      cpus: 64
      cpus-online: 64
      ticks-per-second: 100

metrics:
    - stressor: cpu
      bogo-ops: 11832
      bogo-ops-per-second-usr-sys-time: 591.618577
      bogo-ops-per-second-real-time: 591.594457
      wall-clock-time: 20.000187
      user-time: 19.999372
      system-time: 0.000000
      cpu-usage-per-instance: 99.995923
      max-rss: 512

...
