---
system-info:
      stress-ng-version: 0.17.08
      run-by: root
      date-yyyy-mm-dd: 2024:06:08
      time-hh-mm-ss: 11:42:21
      epoch-secs: 1717846941
      hostname: f528e74730b0
      sysname: Linux
      nodename: f528e74730b0
      release: 6.8.0-1008-aws
      version: '#8-Ubuntu SMP Sat Apr 20 00:46:25 UTC 2024'
      machine: x86_64
      compiler: 'musl-gcc 13.2.1'
      uptime: 172
      totalram: 266077188096
      freeram: 260740194304
      sharedram: 37101568
      bufferram: 101380096
      totalswap: 0
      freeswap: 0
      pagesize: 4096
      cpus: 64
      cpus-online: 64
      ticks-per-second: 100

metrics:
    - stressor: cpu
      bogo-ops: 9890
      bogo-ops-per-second-usr-sys-time: 988.345814
      bogo-ops-per-second-real-time: 988.353940
      wall-clock-time: 10.006537
      user-time: 10.003620
      system-time: 0.002999
      cpu-usage-per-instance: 100.000822
      max-rss: 3584

...
