BaselineInfo:
  WebDBID: -1
  TimeStamp: 20241109053810
Version:
  Major: 11
  Minor: 0
  Build: 1002
  SpecialBuildName: ""
  ptArchitecture: x86_64_linux
Results:
  Results Complete: true
  NumTestProcesses: 32
  CPU_INTEGER_MATH: 167353.24800000002
  CPU_FLOATINGPOINT_MATH: 138090.71981295574
  CPU_PRIME: 329.96302391503735
  CPU_SORTING: 92680.39577240264
  CPU_ENCRYPTION: 36927.968229458471
  CPU_COMPRESSION: 696313.88961586682
  CPU_SINGLETHREAD: 2439.1548259153428
  CPU_PHYSICS: 4156.207679641052
  CPU_MATRIX_MULT_SSE: 53627.122644613504
  CPU_mm: 6886.8157016145769
  CPU_sse: 22173.374363229272
  CPU_fma: 59654.8555095134
  CPU_avx: 46960.334958395768
  CPU_avx512: 85719.925747315559
  m_CPU_enc_SHA: 43507546372.513298
  m_CPU_enc_AES: 45187081580.750496
  m_CPU_enc_ECDSA: 27470715689.254169
  ME_ALLOC_S: 25047.252167856212
  ME_READ_S: 23863.250195312499
  ME_READ_L: 11394.69140625
  ME_WRITE: 10729.880859375
  ME_LARGE: 245119.41666666666
  ME_LATENCY: 59.226728612056455
  ME_THREADED: 155225.35888671875
  SUMM_CPU: 49816.657869308707
  SUMM_ME: 2612.92691894056
SystemInformation:
  OSName: Ubuntu 24.04.1 LTS
  Kernel: 6.8.0-1017-azure
  Device: ""
  Processor: Intel Xeon Platinum 8370C CPU @ 2.80GHz
  NumSockets: 1
  Manufacturer: GenuineIntel
  NumCores: 32
  NumLogicals: 32
  CPUFrequency: 2800
  Memory: 257730
  MemModuleInfo:
    iNumMemSticks: 4
    DIMM 1:
      manufacturer: Microsoft Corporation
      modulePartNo: None
      memType: Unknown
      size: 1
      clkspeed: 0
      moduleVoltage: 0
    DIMM 2:
      manufacturer: Microsoft Corporation
      modulePartNo: None
      memType: Unknown
      size: 60928
      clkspeed: 0
      moduleVoltage: 0
    DIMM 3:
      manufacturer: Microsoft Corporation
      modulePartNo: None
      memType: Unknown
      size: 200192
      clkspeed: 0
      moduleVoltage: 0
    DIMM 4:
      manufacturer: Microsoft Corporation
      modulePartNo: None
      memType: Unknown
      size: 180
      clkspeed: 0
      moduleVoltage: 0
Checksum: D274BFD3EDB303A3A3F746B6B20B27D0DE087C3F