BaselineInfo:
  WebDBID: -1
  TimeStamp: 20260403224143
Version:
  Major: 11
  Minor: 0
  Build: 1004
  SpecialBuildName: ""
  ptArchitecture: x86_64_linux
Results:
  Results Complete: true
  NumTestProcesses: 2
  CPU_INTEGER_MATH: 4877.0609999999997
  CPU_FLOATINGPOINT_MATH: 2624.1036866690492
  CPU_PRIME: 12.918600108236063
  CPU_SORTING: 3057.992160817621
  CPU_ENCRYPTION: 674.75170036533109
  CPU_COMPRESSION: 22714.938844313208
  CPU_SINGLETHREAD: 1606.1196991400579
  CPU_PHYSICS: 244.13092138918813
  CPU_MATRIX_MULT_SSE: 1401.509722804924
  CPU_mm: 148.58905216724145
  CPU_sse: 536.27431428930777
  CPU_fma: 1814.2054562866142
  CPU_avx: 1284.0562681355241
  CPU_avx512: 1971.5028525082507
  m_CPU_enc_SHA: 221010440.82500362
  m_CPU_enc_AES: 1704317163.5579658
  m_CPU_enc_ECDSA: 197257712.50386298
  ME_ALLOC_S: 543.01801069587918
  ME_READ_S: 19208.675585937501
  ME_READ_L: 6543.712890625
  ME_WRITE: 6828.94189453125
  ME_LARGE: 1010.1666666666666
  ME_LATENCY: 77.066878959262439
  ME_THREADED: 9361.75830078125
  SUMM_CPU: 1828.2717825319064
  SUMM_ME: 935.07832773794701
SystemInformation:
  OSName: Ubuntu 24.04.4 LTS
  Kernel: 6.8.0-106-generic
  Device: ""
  Processor: Intel(R) Xeon(R) Platinum 8269CY CPU @ 2.50GHz
  NumSockets: 1
  Manufacturer: GenuineIntel
  NumCores: 1
  NumLogicals: 2
  CPUFrequency: 2500
  CPUMaxFrequency: 3800
  Memory: 7557
  CPUInfo:
    number: 1
    Family: 6
    Model: 5
    stepping: 7
    features: 529267711
    manufacture: GenuineIntel
    typestring: Intel(R) Xeon(R) Platinum 8269CY CPU @ 2.50GHz
    iCoresPerPackage: 1
    iThreadsPerPackage: 2
    featuresEx:
      - 529267711
      - 4294586883
      - 739248128
    bHybrid: false
    nPCore: 0
    nLogicalsPerPCore: 0
    nECore: 0
    nLogicalsPerECore: 0
  MemModuleInfo:
    iNumMemSticks: 1
    DIMM 1:
      manufacturer: Alibaba Cloud
      modulePartNo: Not Specified
      memType: RAM
      size: 8
      clkspeed: 0
      moduleVoltage: 0
Checksum: 8E723C5667DB38B198532FCCD78056350294F87E