---
system-info:
      stress-ng-version: 0.17.08
      run-by: root
      date-yyyy-mm-dd: 2024:06:14
      time-hh-mm-ss: 20:42:40
      epoch-secs: 1718397760
      hostname: ce90ea926986
      sysname: Linux
      nodename: ce90ea926986
      release: 6.8.0-1008-aws
      version: '#8-Ubuntu SMP Sat Apr 20 00:46:25 UTC 2024'
      machine: x86_64
      compiler: 'musl-gcc 13.2.1'
      uptime: 166
      totalram: 405340643328
      freeram: 399254360064
      sharedram: 78303232
      bufferram: 110440448
      totalswap: 0
      freeswap: 0
      pagesize: 4096
      cpus: 96
      cpus-online: 96
      ticks-per-second: 100

metrics:
    - stressor: cpu
      bogo-ops: 29168
      bogo-ops-per-second-usr-sys-time: 1458.389937
      bogo-ops-per-second-real-time: 1458.392994
      wall-clock-time: 20.000096
      user-time: 20.000138
      system-time: 0.000000
      cpu-usage-per-instance: 100.000210
      max-rss: 768

...
