---
system-info:
      stress-ng-version: 0.17.08
      run-by: root
      date-yyyy-mm-dd: 2024:06:08
      time-hh-mm-ss: 14:41:12
      epoch-secs: 1717857672
      hostname: 57f3cc30a875
      sysname: Linux
      nodename: 57f3cc30a875
      release: 6.8.0-1008-aws
      version: '#8-Ubuntu SMP Sat Apr 20 00:46:25 UTC 2024'
      machine: x86_64
      compiler: 'musl-gcc 13.2.1'
      uptime: 156
      totalram: 405340639232
      freeram: 399171510272
      sharedram: 78303232
      bufferram: 102645760
      totalswap: 0
      freeswap: 0
      pagesize: 4096
      cpus: 96
      cpus-online: 96
      ticks-per-second: 100

metrics:
    - stressor: cpu
      bogo-ops: 15828
      bogo-ops-per-second-usr-sys-time: 1582.707412
      bogo-ops-per-second-real-time: 1582.708229
      wall-clock-time: 10.000580
      user-time: 9.999586
      system-time: 0.000999
      cpu-usage-per-instance: 100.000052
      max-rss: 3072

...
