---
system-info:
      stress-ng-version: 0.17.08
      run-by: root
      date-yyyy-mm-dd: 2024:06:08
      time-hh-mm-ss: 07:40:54
      epoch-secs: 1717832454
      hostname: ed99e88915a2
      sysname: Linux
      nodename: ed99e88915a2
      release: 6.8.0-1008-aws
      version: '#8-Ubuntu SMP Sat Apr 20 00:46:25 UTC 2024'
      machine: x86_64
      compiler: 'musl-gcc 13.2.1'
      uptime: 129
      totalram: 16469917696
      freeram: 12194758656
      sharedram: 59850752
      bufferram: 98066432
      totalswap: 0
      freeswap: 0
      pagesize: 4096
      cpus: 2
      cpus-online: 2
      ticks-per-second: 100

metrics:
    - stressor: cpu
      bogo-ops: 16552
      bogo-ops-per-second-usr-sys-time: 1655.272170
      bogo-ops-per-second-real-time: 1655.073965
      wall-clock-time: 10.000762
      user-time: 9.998564
      system-time: 0.001000
      cpu-usage-per-instance: 99.988026
      max-rss: 4048

...
