---
system-info:
      stress-ng-version: 0.17.08
      run-by: root
      date-yyyy-mm-dd: 2024:06:13
      time-hh-mm-ss: 20:41:49
      epoch-secs: 1718311309
      hostname: 1b590259601c
      sysname: Linux
      nodename: 1b590259601c
      release: 6.8.0-1008-aws
      version: '#8-Ubuntu SMP Sat Apr 20 00:46:25 UTC 2024'
      machine: x86_64
      compiler: 'musl-gcc 13.2.1'
      uptime: 153
      totalram: 16469917696
      freeram: 12174618624
      sharedram: 59850752
      bufferram: 107065344
      totalswap: 0
      freeswap: 0
      pagesize: 4096
      cpus: 2
      cpus-online: 2
      ticks-per-second: 100

metrics:
    - stressor: cpu
      bogo-ops: 37595
      bogo-ops-per-second-usr-sys-time: 1879.850384
      bogo-ops-per-second-real-time: 1879.740073
      wall-clock-time: 20.000106
      user-time: 19.998932
      system-time: 0.000000
      cpu-usage-per-instance: 99.994132
      max-rss: 1104

...
