BaselineInfo:
  WebDBID: -1
  TimeStamp: 20241109115616
Version:
  Major: 11
  Minor: 0
  Build: 1002
  SpecialBuildName: ""
  ptArchitecture: x86_64_linux
Results:
  Results Complete: true
  NumTestProcesses: 64
  CPU_INTEGER_MATH: 268425.36900000001
  CPU_FLOATINGPOINT_MATH: 137175.73501790827
  CPU_PRIME: 266.80428402217933
  CPU_SORTING: 120488.73350056694
  CPU_ENCRYPTION: 55642.562246017966
  CPU_COMPRESSION: 912558.74135273823
  CPU_SINGLETHREAD: 2427.3139202726616
  CPU_PHYSICS: 4253.8977444601023
  CPU_MATRIX_MULT_SSE: 53217.797609983194
  CPU_mm: 5505.1784566928636
  CPU_sse: 23339.358325788384
  CPU_fma: 62051.384231978976
  CPU_avx: 48010.072280925524
  CPU_avx512: 79470.37560123991
  m_CPU_enc_SHA: 57390262375.11647
  m_CPU_enc_AES: 83088462129.413208
  m_CPU_enc_ECDSA: 34557641544.511871
  ME_ALLOC_S: 26214.43816405653
  ME_READ_S: 24328.540820312501
  ME_READ_L: 11502.8583984375
  ME_WRITE: 10340.61328125
  ME_LARGE: 241144.33333333334
  ME_LATENCY: 59.23840225565295
  ME_THREADED: 166542.27587890625
  SUMM_CPU: 57244.994745817974
  SUMM_ME: 2619.241768077512
SystemInformation:
  OSName: Ubuntu 24.04.1 LTS
  Kernel: 6.8.0-1016-aws
  Device: ""
  Processor: Intel Xeon Platinum 8375C CPU @ 2.90GHz
  NumSockets: 1
  Manufacturer: GenuineIntel
  NumCores: 32
  NumLogicals: 64
  CPUFrequency: 0
  Memory: 253655
  MemModuleInfo:
    iNumMemSticks: 1
    DIMM 1:
      manufacturer: Not Specified
      modulePartNo: Not Specified
      memType: DDR4
      size: 256
      clkspeed: 1600
      moduleVoltage: 0
Checksum: 9AC980B933D635B76553BE5B94798C7597F296CF