---
system-info:
      stress-ng-version: 0.17.08
      run-by: root
      date-yyyy-mm-dd: 2024:09:12
      time-hh-mm-ss: 02:55:20
      epoch-secs: 1726109720
      hostname: ip-172-31-5-111
      sysname: Linux
      nodename: ip-172-31-5-111
      release: 6.8.0-1014-aws
      version: '#15-Ubuntu SMP Thu Aug  8 19:13:06 UTC 2024'
      machine: x86_64
      compiler: 'musl-gcc 13.2.1'
      uptime: 187
      totalram: 1077504221184
      freeram: 1068338864128
      sharedram: 59969536
      bufferram: 222879744
      totalswap: 0
      freeswap: 0
      pagesize: 4096
      cpus: 32
      cpus-online: 32
      ticks-per-second: 100

metrics:
    - stressor: cpu
      bogo-ops: 37844
      bogo-ops-per-second-usr-sys-time: 1892.204068
      bogo-ops-per-second-real-time: 1892.193368
      wall-clock-time: 20.000070
      user-time: 19.999957
      system-time: 0.000000
      cpu-usage-per-instance: 99.999435
      max-rss: 1032

...
