---
system-info:
      stress-ng-version: 0.17.08
      run-by: root
      date-yyyy-mm-dd: 2024:07:11
      time-hh-mm-ss: 23:53:23
      epoch-secs: 1720742003
      hostname: ip-172-31-21-118
      sysname: Linux
      nodename: ip-172-31-21-118
      release: 6.8.0-1010-aws
      version: '#10-Ubuntu SMP Thu Jun 13 17:36:15 UTC 2024'
      machine: x86_64
      compiler: 'musl-gcc 13.2.1'
      uptime: 136
      totalram: 48397094912
      freeram: 43079172096
      sharedram: 38969344
      bufferram: 136138752
      totalswap: 0
      freeswap: 0
      pagesize: 4096
      cpus: 24
      cpus-online: 24
      ticks-per-second: 100

metrics:
    - stressor: cpu
      bogo-ops: 411722
      bogo-ops-per-second-usr-sys-time: 858.511674
      bogo-ops-per-second-real-time: 20585.975253
      wall-clock-time: 20.000121
      user-time: 479.556488
      system-time: 0.019984
      cpu-usage-per-instance: 99.911160
      max-rss: 1212

...
