BaselineInfo:
  WebDBID: -1
  TimeStamp: 20241109032408
Version:
  Major: 11
  Minor: 0
  Build: 1002
  SpecialBuildName: ""
  ptArchitecture: x86_64_linux
Results:
  Results Complete: true
  NumTestProcesses: 64
  CPU_INTEGER_MATH: 266487.40033333324
  CPU_FLOATINGPOINT_MATH: 146623.78013374846
  CPU_PRIME: 460.52530370757205
  CPU_SORTING: 140195.62215858104
  CPU_ENCRYPTION: 68938.969981489456
  CPU_COMPRESSION: 1013540.8195905585
  CPU_SINGLETHREAD: 2398.970576095121
  CPU_PHYSICS: 7541.5004996003463
  CPU_MATRIX_MULT_SSE: 58659.573350810519
  CPU_mm: 7188.136386371053
  CPU_sse: 30238.590920318624
  CPU_fma: 79922.072470291139
  CPU_avx: 65818.0566618218
  CPU_avx512: 0
  m_CPU_enc_SHA: 99869337813.248047
  m_CPU_enc_AES: 63881268682.129456
  m_CPU_enc_ECDSA: 53112641666.553337
  ME_ALLOC_S: 26742.751680433885
  ME_READ_S: 24508.865234375
  ME_READ_L: 21145.021484375
  ME_WRITE: 20581.052734375
  ME_LARGE: 245717.75
  ME_LATENCY: 60.064741440071892
  ME_THREADED: 170404.0546875
  SUMM_CPU: 63075.824084151878
  SUMM_ME: 3066.8164648013953
SystemInformation:
  OSName: Ubuntu 24.04.1 LTS
  Kernel: 6.8.0-1017-azure
  Device: ""
  Processor: AMD EPYC 7763 64-Core Processor
  NumSockets: 1
  Manufacturer: AuthenticAMD
  NumCores: 32
  NumLogicals: 64
  CPUFrequency: 0
  Memory: 257910
  MemModuleInfo:
    iNumMemSticks: 6
    DIMM 1:
      manufacturer: Microsoft Corporation
      modulePartNo: None
      memType: Unknown
      size: 1
      clkspeed: 0
      moduleVoltage: 0
    DIMM 2:
      manufacturer: Microsoft Corporation
      modulePartNo: None
      memType: Unknown
      size: 60928
      clkspeed: 0
      moduleVoltage: 0
    DIMM 3:
      manufacturer: Microsoft Corporation
      modulePartNo: None
      memType: Unknown
      size: 3584
      clkspeed: 0
      moduleVoltage: 0
    DIMM 4:
      manufacturer: Microsoft Corporation
      modulePartNo: None
      memType: Unknown
      size: 64
      clkspeed: 0
      moduleVoltage: 0
    DIMM 5:
      manufacturer: Microsoft Corporation
      modulePartNo: None
      memType: Unknown
      size: 64
      clkspeed: 0
      moduleVoltage: 0
    DIMM 6:
      manufacturer: Microsoft Corporation
      modulePartNo: None
      memType: Unknown
      size: 64
      clkspeed: 0
      moduleVoltage: 0
Checksum: 7406D2DB3F95987A682D06B7F3704E67EB9B821B