BaselineInfo:
  WebDBID: -1
  TimeStamp: 20241107192751
Version:
  Major: 11
  Minor: 0
  Build: 1002
  SpecialBuildName: ""
  ptArchitecture: x86_64_linux
Results:
  Results Complete: true
  NumTestProcesses: 8
  CPU_INTEGER_MATH: 31772.973333333335
  CPU_FLOATINGPOINT_MATH: 22678.056687564775
  CPU_PRIME: 70.940686423516965
  CPU_SORTING: 16234.996928859382
  CPU_ENCRYPTION: 7071.689090224032
  CPU_COMPRESSION: 119151.24159072762
  CPU_SINGLETHREAD: 2471.7176738234448
  CPU_PHYSICS: 1533.9063945885741
  CPU_MATRIX_MULT_SSE: 8295.3286617854428
  CPU_mm: 900.84119264898754
  CPU_sse: 3927.1979104065022
  CPU_fma: 9586.3039475294572
  CPU_avx: 7421.9487363539283
  CPU_avx512: 12245.864052851884
  m_CPU_enc_SHA: 7438454033.873518
  m_CPU_enc_AES: 9602423727.2708702
  m_CPU_enc_ECDSA: 5204732617.2678785
  ME_ALLOC_S: 3980.5060554253855
  ME_READ_S: 22376.700000000001
  ME_READ_L: 10410.1015625
  ME_WRITE: 8726.9228515625
  ME_LARGE: 6015.833333333333
  ME_LATENCY: 70.454415229099013
  ME_THREADED: 47698.828125
  SUMM_CPU: 11808.291551704266
  SUMM_ME: 1925.1183787184123
SystemInformation:
  OSName: Ubuntu 24.04.1 LTS
  Kernel: 6.8.0-1015-gcp
  Device: ""
  Processor: Intel Xeon Platinum 8481C CPU @ 2.70GHz
  NumSockets: 1
  Manufacturer: GenuineIntel
  NumCores: 4
  NumLogicals: 8
  CPUFrequency: 0
  Memory: 15988
  MemModuleInfo:
    iNumMemSticks: 1
    DIMM 1:
      manufacturer: ""
      modulePartNo: ""
      memType: RAM
      size: 16
      clkspeed: 0
      moduleVoltage: 0
Checksum: BA0298BF81BC3BFB325B4FAB3C90D0359DE0256E