BaselineInfo:
  WebDBID: -1
  TimeStamp: 20250424093230
Version:
  Major: 11
  Minor: 0
  Build: 1002
  SpecialBuildName: ""
  ptArchitecture: x86_64_linux
Results:
  Results Complete: true
  NumTestProcesses: 96
  CPU_INTEGER_MATH: 403965.93099999998
  CPU_FLOATINGPOINT_MATH: 206532.94358865009
  CPU_PRIME: 475.59792333882729
  CPU_SORTING: 196971.02016189133
  CPU_ENCRYPTION: 86109.533390991724
  CPU_COMPRESSION: 1446762.6397532651
  CPU_SINGLETHREAD: 2417.3461147771091
  CPU_PHYSICS: 7599.9721836027593
  CPU_MATRIX_MULT_SSE: 83426.195477162983
  CPU_mm: 8631.0275072945915
  CPU_sse: 37224.228454554002
  CPU_fma: 99555.890385167862
  CPU_avx: 76698.836330126971
  CPU_avx512: 120225.82673880304
  m_CPU_enc_SHA: 87506763177.887543
  m_CPU_enc_AES: 130547722645.67477
  m_CPU_enc_ECDSA: 52822684431.415298
  ME_ALLOC_S: 30901.734067055437
  ME_READ_S: 24066.445117187501
  ME_READ_L: 12545.7958984375
  ME_WRITE: 11359.6865234375
  ME_LARGE: 664153.41666666663
  ME_LATENCY: 51.784561649154561
  ME_THREADED: 310194.076171875
  SUMM_CPU: 76164.589050700233
  SUMM_ME: 2891.0632485744159
SystemInformation:
  OSName: Ubuntu 24.04.2 LTS
  Kernel: 6.11.0-1012-azure
  Device: ""
  Processor: Intel Xeon Platinum 8370C CPU @ 2.80GHz
  NumSockets: 2
  Manufacturer: GenuineIntel
  NumCores: 48
  NumLogicals: 96
  CPUFrequency: 2800
  Memory: 677223
  MemModuleInfo:
    iNumMemSticks: 4
    DIMM 1:
      manufacturer: Microsoft Corporation
      modulePartNo: None
      memType: Unknown
      size: 1
      clkspeed: 0
      moduleVoltage: 0
    DIMM 2:
      manufacturer: Microsoft Corporation
      modulePartNo: None
      memType: Unknown
      size: 59
      clkspeed: 0
      moduleVoltage: 0
    DIMM 3:
      manufacturer: Microsoft Corporation
      modulePartNo: None
      memType: Unknown
      size: 276
      clkspeed: 0
      moduleVoltage: 0
    DIMM 4:
      manufacturer: Microsoft Corporation
      modulePartNo: None
      memType: Unknown
      size: 336
      clkspeed: 0
      moduleVoltage: 0
Checksum: EC2B576FF13C6194FE1859899E42465F607C7C98