BaselineInfo:
  WebDBID: -1
  TimeStamp: 20260402234120
Version:
  Major: 11
  Minor: 0
  Build: 1004
  SpecialBuildName: ""
  ptArchitecture: aarch64_linux
Results:
  Results Complete: true
  NumTestProcesses: 2
  CPU_INTEGER_MATH: 10976.102999999999
  CPU_FLOATINGPOINT_MATH: 9205.3389125710837
  CPU_PRIME: 24.764795770849418
  CPU_SORTING: 8748.0749319597835
  CPU_ENCRYPTION: 323.77668348947304
  CPU_COMPRESSION: 11277.146010988243
  CPU_SINGLETHREAD: 1638.7393215564562
  CPU_PHYSICS: 562.10196512414814
  CPU_MATRIX_MULT_SSE: 1558.9413140971119
  CPU_mm: 251.75317365926011
  CPU_sse: 1314.2224119818029
  CPU_fma: 1803.6602162124209
  CPU_avx: 0
  CPU_avx512: 0
  m_CPU_enc_SHA: 479368472.8176474
  m_CPU_enc_AES: 210511761.33453989
  m_CPU_enc_ECDSA: 328633144.84778595
  ME_ALLOC_S: 2172.7062873590803
  ME_READ_S: 22526.114062500001
  ME_READ_L: 17666.96484375
  ME_WRITE: 22479.134765625
  ME_LARGE: 894.16666666666663
  ME_LATENCY: 58.246844563370836
  ME_THREADED: 33757.748046875
  SUMM_CPU: 1733.1609079569498
  SUMM_ME: 1345.6067798682918
SystemInformation:
  OSName: Ubuntu 24.04.4 LTS
  Kernel: 6.8.0-106-generic
  Device: ""
  Processor: ARM Neoverse-N2 2 Core 3000 MHz
  NumSockets: 1
  Manufacturer: ARM
  NumCores: 2
  NumLogicals: 2
  CPUFrequency: 3000
  CPUMaxFrequency: 3000
  Memory: 3411
Checksum: E3F60B7971661ABAEF57DADE5A01F308CC82F108