---
system-info:
      stress-ng-version: 0.17.08
      run-by: root
      date-yyyy-mm-dd: 2024:06:15
      time-hh-mm-ss: 10:23:13
      epoch-secs: 1718446993
      hostname: 8d35dd474107
      sysname: Linux
      nodename: 8d35dd474107
      release: 6.8.0-1008-aws
      version: '#8-Ubuntu SMP Sat Apr 20 00:46:25 UTC 2024'
      machine: x86_64
      compiler: 'musl-gcc 13.2.1'
      uptime: 167
      totalram: 399274131456
      freeram: 393076117504
      sharedram: 224866304
      bufferram: 109768704
      totalswap: 0
      freeswap: 0
      pagesize: 4096
      cpus: 192
      cpus-online: 192
      ticks-per-second: 100

metrics:
    - stressor: cpu
      bogo-ops: 40332
      bogo-ops-per-second-usr-sys-time: 2016.584371
      bogo-ops-per-second-real-time: 2016.580312
      wall-clock-time: 20.000195
      user-time: 20.000155
      system-time: 0.000000
      cpu-usage-per-instance: 99.999799
      max-rss: 0

...
