---
system-info:
      stress-ng-version: 0.17.08
      run-by: root
      date-yyyy-mm-dd: 2024:06:06
      time-hh-mm-ss: 17:41:49
      epoch-secs: 1717695709
      hostname: bee25b471a34
      sysname: Linux
      nodename: bee25b471a34
      release: 6.8.0-1008-aws
      version: '#8-Ubuntu SMP Sat Apr 20 00:46:25 UTC 2024'
      machine: x86_64
      compiler: 'musl-gcc 13.2.1'
      uptime: 164
      totalram: 399274131456
      freeram: 393084514304
      sharedram: 224866304
      bufferram: 86016000
      totalswap: 0
      freeswap: 0
      pagesize: 4096
      cpus: 192
      cpus-online: 192
      ticks-per-second: 100

metrics:
    - stressor: cpu
      bogo-ops: 21030
      bogo-ops-per-second-usr-sys-time: 2102.930814
      bogo-ops-per-second-real-time: 2102.864382
      wall-clock-time: 10.000645
      user-time: 10.000329
      system-time: 0.000000
      cpu-usage-per-instance: 99.996841
      max-rss: 3072

...
