BaselineInfo:
  WebDBID: -1
  TimeStamp: 20251216224039
Version:
  Major: 11
  Minor: 0
  Build: 1002
  SpecialBuildName: ""
  ptArchitecture: x86_64_linux
Results:
  Results Complete: true
  NumTestProcesses: 64
  CPU_INTEGER_MATH: 381829.14866666665
  CPU_FLOATINGPOINT_MATH: 348117.57252394559
  CPU_PRIME: 1215.5766237735829
  CPU_SORTING: 227599.21945633824
  CPU_ENCRYPTION: 82965.039835551142
  CPU_COMPRESSION: 1564580.619599737
  CPU_SINGLETHREAD: 2939.3020453468957
  CPU_PHYSICS: 18355.478711424279
  CPU_MATRIX_MULT_SSE: 119637.08538383736
  CPU_mm: 13216.909658799514
  CPU_sse: 58384.85429864702
  CPU_fma: 171379.31059561259
  CPU_avx: 129147.09125725241
  CPU_avx512: 0
  m_CPU_enc_SHA: 114505048128.57491
  m_CPU_enc_AES: 73165617105.31723
  m_CPU_enc_ECDSA: 73314783597.91658
  ME_ALLOC_S: 31626.799964071233
  ME_READ_S: 27871.0078125
  ME_READ_L: 27090.37890625
  ME_WRITE: 23582.392578125
  ME_LARGE: 111094.08333333333
  ME_LATENCY: 68.996985140333877
  ME_THREADED: 403344.064453125
  SUMM_CPU: 94254.094312799411
  SUMM_ME: 3039.3497116602916
SystemInformation:
  OSName: Ubuntu 24.04.2 LTS
  Kernel: 6.8.0-86-generic
  Device: ""
  Processor: AMD EPYC-Milan Processor
  NumSockets: 64
  Manufacturer: AuthenticAMD
  NumCores: 64
  NumLogicals: 64
  CPUFrequency: 0
  Memory: 125770
  MemModuleInfo:
    iNumMemSticks: 1
    DIMM 1:
      manufacturer: QEMU
      modulePartNo: Not Specified
      memType: RAM
      size: 125
      clkspeed: 0
      moduleVoltage: 0
Checksum: EEBC814FC0CE6C3398311510DA5801F155448008