BaselineInfo:
  WebDBID: -1
  TimeStamp: 20241114194637
Version:
  Major: 11
  Minor: 0
  Build: 1002
  SpecialBuildName: ""
  ptArchitecture: aarch64_linux
Results:
  Results Complete: true
  NumTestProcesses: 2
  CPU_INTEGER_MATH: 7832.0100000000002
  CPU_FLOATINGPOINT_MATH: 5949.4027875874026
  CPU_PRIME: 13.827275215007118
  CPU_SORTING: 5563.781369596647
  CPU_ENCRYPTION: 268.6844787539477
  CPU_COMPRESSION: 8792.9312843710759
  CPU_SINGLETHREAD: 1102.8250678544609
  CPU_PHYSICS: 286.18796012278472
  CPU_MATRIX_MULT_SSE: 1232.5461840362755
  CPU_mm: 207.48636145672504
  CPU_sse: 1026.5744352652898
  CPU_fma: 1438.5179328072613
  CPU_avx: 0
  CPU_avx512: 0
  m_CPU_enc_SHA: 405654813.3194809
  m_CPU_enc_AES: 186823912.9760935
  m_CPU_enc_ECDSA: 252729561.68612406
  ME_ALLOC_S: 1246.0167217232774
  ME_READ_S: 9430.3996093749993
  ME_READ_L: 9048.8837890625
  ME_WRITE: 12468.201171875
  ME_LARGE: 615
  ME_LATENCY: 76.9111020863741
  ME_THREADED: 17928.2333984375
  SUMM_CPU: 1334.6213684538563
  SUMM_ME: 842.37338001819876
SystemInformation:
  OSName: Ubuntu 24.04.1 LTS
  Kernel: 6.8.0-1018-aws
  Device: ""
  Processor: ARM Neoverse-N1 2 Core 0 MHz
  NumSockets: 1
  Manufacturer: ARM
  NumCores: 2
  NumLogicals: 2
  CPUFrequency: 0
  Memory: 3807
Checksum: C3A2D29CF887B19708DA704FBB3199C273AE1E17