BaselineInfo:
  WebDBID: -1
  TimeStamp: 20241115114510
Version:
  Major: 11
  Minor: 0
  Build: 1002
  SpecialBuildName: ""
  ptArchitecture: aarch64_linux
Results:
  Results Complete: true
  NumTestProcesses: 2
  CPU_INTEGER_MATH: 7836.7906666666659
  CPU_FLOATINGPOINT_MATH: 5947.4196530573772
  CPU_PRIME: 17.544608267040608
  CPU_SORTING: 5620.3993661036311
  CPU_ENCRYPTION: 268.20698155792161
  CPU_COMPRESSION: 8891.4874182073145
  CPU_SINGLETHREAD: 1108.9143892447046
  CPU_PHYSICS: 364.0707695486368
  CPU_MATRIX_MULT_SSE: 1237.5367141083932
  CPU_mm: 207.17276243566477
  CPU_sse: 1035.6521105104662
  CPU_fma: 1439.4213177063202
  CPU_avx: 0
  CPU_avx512: 0
  m_CPU_enc_SHA: 399211315.85569757
  m_CPU_enc_AES: 186757047.94123447
  m_CPU_enc_ECDSA: 257737847.8853057
  ME_ALLOC_S: 1304.5615917883229
  ME_READ_S: 9481.02734375
  ME_READ_L: 9200.0498046875
  ME_WRITE: 12564.53125
  ME_LARGE: 548.08333333333337
  ME_LATENCY: 70.901979098524777
  ME_THREADED: 18191.14453125
  SUMM_CPU: 1350.6978580874218
  SUMM_ME: 814.62912981227021
SystemInformation:
  OSName: Ubuntu 24.04.1 LTS
  Kernel: 6.8.0-1018-aws
  Device: ""
  Processor: ARM Neoverse-N1 2 Core 0 MHz
  NumSockets: 1
  Manufacturer: ARM
  NumCores: 2
  NumLogicals: 2
  CPUFrequency: 0
  Memory: 3807
Checksum: 434FA551E339C7B2ACD265E3496C8127F99F090B