BaselineInfo:
  WebDBID: -1
  TimeStamp: 20241106234012
Version:
  Major: 11
  Minor: 0
  Build: 1002
  SpecialBuildName: ""
  ptArchitecture: aarch64_linux
Results:
  Results Complete: true
  NumTestProcesses: 2
  CPU_INTEGER_MATH: 7827.3950000000004
  CPU_FLOATINGPOINT_MATH: 5959.200480512488
  CPU_PRIME: 17.219210241422296
  CPU_SORTING: 5665.3477142729116
  CPU_ENCRYPTION: 267.8730644564796
  CPU_COMPRESSION: 8897.4339714482776
  CPU_SINGLETHREAD: 1110.1988361480335
  CPU_PHYSICS: 352.47798655839097
  CPU_MATRIX_MULT_SSE: 1234.1028499742142
  CPU_mm: 206.94717376583861
  CPU_sse: 1028.0199062992717
  CPU_fma: 1440.1857936491569
  CPU_avx: 0
  CPU_avx512: 0
  m_CPU_enc_SHA: 399252971.75637007
  m_CPU_enc_AES: 186501407.15046346
  m_CPU_enc_ECDSA: 256901420.39971909
  ME_ALLOC_S: 1294.9158174083905
  ME_READ_S: 9479.5999023437507
  ME_READ_L: 9172.8857421875
  ME_WRITE: 12517.6611328125
  ME_LARGE: 579.83333333333337
  ME_LATENCY: 71.143409579582496
  ME_THREADED: 18086.9326171875
  SUMM_CPU: 1349.3704975934202
  SUMM_ME: 835.28291467901158
SystemInformation:
  OSName: Ubuntu 24.04.1 LTS
  Kernel: 6.8.0-1016-aws
  Device: ""
  Processor: ARM Neoverse-N1 2 Core 0 MHz
  NumSockets: 1
  Manufacturer: ARM
  NumCores: 2
  NumLogicals: 2
  CPUFrequency: 0
  Memory: 3807
Checksum: F3EC2F853A7843AA1F17B72BAD65E211AF6FE7D5