BaselineInfo:
  WebDBID: -1
  TimeStamp: 20250527063010
Version:
  Major: 11
  Minor: 0
  Build: 1002
  SpecialBuildName: ""
  ptArchitecture: x86_64_linux
Results:
  Results Complete: true
  NumTestProcesses: 12
  CPU_INTEGER_MATH: 63835.082333333346
  CPU_FLOATINGPOINT_MATH: 45249.945543176618
  CPU_PRIME: 127.60930434096142
  CPU_SORTING: 32148.083111103122
  CPU_ENCRYPTION: 14144.995745785127
  CPU_COMPRESSION: 230581.68013663575
  CPU_SINGLETHREAD: 3254.1027850836876
  CPU_PHYSICS: 3015.2582178850066
  CPU_MATRIX_MULT_SSE: 18889.266652375238
  CPU_mm: 1804.9222188142344
  CPU_sse: 7812.8849960213247
  CPU_fma: 21102.173983775869
  CPU_avx: 16084.638057296543
  CPU_avx512: 30557.369572407217
  m_CPU_enc_SHA: 14865879384.017139
  m_CPU_enc_AES: 19354713946.935989
  m_CPU_enc_ECDSA: 10275715846.444027
  ME_ALLOC_S: 8794.8911739351897
  ME_READ_S: 29539.356054687501
  ME_READ_L: 10437.6259765625
  ME_WRITE: 9605.578125
  ME_LARGE: 1004689.75
  ME_LATENCY: 56.564774448490802
  ME_THREADED: 132787.1533203125
  SUMM_CPU: 22916.451061377888
  SUMM_ME: 2654.1970752754219
SystemInformation:
  OSName: Ubuntu 24.04.2 LTS
  Kernel: 6.11.0-1015-azure
  Device: ""
  Processor: INTEL XEON PLATINUM 8573C
  NumSockets: 2
  Manufacturer: GenuineIntel
  NumCores: 6
  NumLogicals: 12
  CPUFrequency: 2300
  Memory: 1015950
  MemModuleInfo:
    iNumMemSticks: 4
    DIMM 1:
      manufacturer: Microsoft Corporation
      modulePartNo: None
      memType: Unknown
      size: 1
      clkspeed: 0
      moduleVoltage: 0
    DIMM 2:
      manufacturer: Microsoft Corporation
      modulePartNo: None
      memType: Unknown
      size: 59
      clkspeed: 0
      moduleVoltage: 0
    DIMM 3:
      manufacturer: Microsoft Corporation
      modulePartNo: None
      memType: Unknown
      size: 444
      clkspeed: 0
      moduleVoltage: 0
    DIMM 4:
      manufacturer: Microsoft Corporation
      modulePartNo: None
      memType: Unknown
      size: 504
      clkspeed: 0
      moduleVoltage: 0
Checksum: C1154B9AB7441883BD2A5A6DFF5AA8336975CDD7