"size","threads","connections","rps","latency","failed","server_usr","server_sys","client_usr","client_sys"
"1k",64,64,2582474,0.000024550,0,286.99,152.19,43.43,162.80
"1k",64,128,2040724,0.000249960,0,196.87,169.20,38.13,175.82
"1k",64,256,2043838,0.000141860,0,192.95,185.53,36.29,193.94
"1k",64,512,2125893,0.000340620,0,205.29,190.87,36.05,201.26
"1k",64,1024,2173368,0.000717990,0,218.40,187.55,27.96,204.55
"1k",64,2048,2171629,0.001130000,0,223.81,183.48,28.37,198.74
"1k",128,128,2552556,0.000049860,0,326.70,132.78,40.94,147.20
"1k",128,256,2053283,0.000178880,0,188.35,183.96,34.37,201.91
"1k",128,512,2037750,0.000401800,0,180.00,201.10,39.32,222.50
"1k",128,1024,2069990,0.000596640,0,188.22,193.05,49.10,215.93
"1k",128,2048,2082154,0.001050000,0,189.44,194.16,45.82,217.16
"1k",256,256,2492811,0.000112950,0,299.38,147.64,42.12,157.88
"1k",256,512,2064901,0.000304750,0,186.79,187.00,50.52,208.75
"1k",256,1024,2020028,0.000593460,0,170.59,200.60,50.13,227.19
"1k",256,2048,1990378,0.001100000,0,154.56,210.46,42.01,240.48
"16k",64,64,2444086,0.000025910,0,264.97,154.96,38.09,177.55
"16k",64,128,1917647,0.000239260,0,166.95,181.63,34.87,193.54
"16k",64,256,1920806,0.000141370,0,165.31,197.72,35.07,212.03
"16k",64,512,1947382,0.000333350,0,163.17,209.21,31.47,225.21
"16k",64,1024,1730193,0.000680520,0,128.43,197.27,20.26,296.18
"16k",64,2048,1557215,0.001340000,0,103.45,186.45,15.72,342.33
"16k",128,128,2495650,0.000051400,0,305.60,137.67,41.50,162.68
"16k",128,256,1931815,0.000211450,0,155.63,187.28,37.00,209.47
"16k",128,512,1900553,0.000505500,0,135.27,219.03,28.96,253.91
"16k",128,1024,1929083,0.000659270,0,146.15,207.81,43.39,247.22
"16k",128,2048,1647461,0.001510000,0,101.90,191.96,24.84,328.99
"16k",256,256,2435616,0.000118350,0,279.46,150.94,40.93,174.78
"16k",256,512,1989038,0.000318780,0,157.95,200.17,49.98,230.55
"16k",256,1024,1946729,0.000603020,0,142.63,209.01,54.13,244.51
"16k",256,2048,1903602,0.001140000,0,131.34,215.89,47.00,257.84
"64k",64,64,1816787,0.000035170,0,149.10,210.20,37.95,239.15
"64k",64,128,1458308,0.000237950,0,99.66,226.93,30.52,228.71
"64k",64,256,1267845,0.000200120,0,85.91,263.54,28.15,238.92
"64k",64,512,984425,0.000506890,0,52.60,274.68,18.40,289.35
"64k",64,1024,699429,0.001470000,0,39.55,261.33,11.79,330.09
"64k",64,2048,486890,0.004050000,0,41.33,248.89,9.03,310.49
"64k",128,128,1880544,0.000069380,0,165.75,206.28,39.73,236.16
"64k",128,256,1368342,0.000280890,0,74.78,245.25,34.58,240.80
"64k",128,512,1261192,0.000584540,0,63.62,282.15,27.16,268.70
"64k",128,1024,1148451,0.001030000,0,51.95,279.19,28.47,285.77
"64k",128,2048,565192,0.003820000,0,29.52,240.11,13.13,352.31
"64k",256,256,1877297,0.000137870,0,158.46,205.71,43.04,242.38
"64k",256,512,1399025,0.000425100,0,68.56,264.42,44.46,269.55
"64k",256,1024,1363118,0.000818780,0,63.81,266.81,47.54,273.71
"64k",256,2048,1227382,0.001740000,0,54.87,274.03,39.83,283.88
"256k",64,64,762033,0.000092180,0,52.07,290.70,31.68,263.64
"256k",64,128,309176,0.000498590,0,25.76,263.33,12.02,318.48
"256k",64,256,189866,0.001500000,0,19.33,289.51,7.33,310.11
"256k",64,512,128521,0.004090000,0,18.78,302.10,5.20,282.93
"256k",64,1024,114346,0.009050000,0,17.99,291.53,4.55,236.43
"256k",128,128,422457,0.000442430,0,21.01,272.72,16.78,337.56
"256k",128,256,234176,0.001410000,0,15.86,247.31,9.68,363.30
"256k",128,512,153941,0.003680000,0,13.06,263.15,6.83,338.94
"256k",128,1024,116051,0.009120000,0,11.21,260.39,5.43,287.00
"256k",256,256,180827,0.001570000,0,5.69,220.43,7.25,418.77
"256k",256,512,182275,0.003280000,0,9.70,232.96,8.41,384.96
"256k",256,1024,166535,0.006550000,0,7.78,270.74,9.06,323.50
"512k",64,64,56630,0.001130000,0,0.00,289.95,5.30,351.11
"512k",64,128,53205,0.002260000,0,0.00,305.57,3.72,319.35
"512k",64,256,49872,0.004940000,0,0.00,359.32,3.58,259.12
"512k",64,512,46692,0.010570000,0,0.00,376.10,3.21,219.10
"512k",64,1024,46210,0.021200000,0,0.77,368.67,2.88,195.58
"512k",128,128,52986,0.002490000,0,0.01,297.42,4.05,346.64
"512k",128,256,50186,0.005020000,0,0.16,280.39,3.77,353.37
"512k",128,512,47204,0.010600000,0,3.29,326.46,3.87,293.25
"512k",128,1024,48614,0.020690000,0,2.42,354.78,4.05,268.95
"512k",256,256,49329,0.005310000,0,0.00,268.70,3.81,382.63
"512k",256,512,48466,0.010570000,0,0.00,278.65,4.20,358.37
"512k",256,1024,53805,0.019110000,0,0.00,386.64,6.34,264.15
