BaselineInfo:
  WebDBID: -1
  TimeStamp: 20241114200140
Version:
  Major: 11
  Minor: 0
  Build: 1002
  SpecialBuildName: ""
  ptArchitecture: aarch64_linux
Results:
  Results Complete: true
  NumTestProcesses: 2
  CPU_INTEGER_MATH: 9398.743333333332
  CPU_FLOATINGPOINT_MATH: 7154.490523153554
  CPU_PRIME: 17.727660038764508
  CPU_SORTING: 6783.4976680874379
  CPU_ENCRYPTION: 318.65450629452505
  CPU_COMPRESSION: 10451.916605795752
  CPU_SINGLETHREAD: 1326.8655023222445
  CPU_PHYSICS: 361.77348028973921
  CPU_MATRIX_MULT_SSE: 1480.6515299840876
  CPU_mm: 248.41635336468761
  CPU_sse: 1233.0210033954104
  CPU_fma: 1728.2820565727648
  CPU_avx: 0
  CPU_avx512: 0
  m_CPU_enc_SHA: 479614294.97231591
  m_CPU_enc_AES: 216850519.33985692
  m_CPU_enc_ECDSA: 305935588.46469098
  ME_ALLOC_S: 1387.6708563893826
  ME_READ_S: 11370.4888671875
  ME_READ_L: 8515.265625
  ME_WRITE: 14988.6181640625
  ME_LARGE: 614
  ME_LATENCY: 73.775214178524564
  ME_THREADED: 16566.712890625
  SUMM_CPU: 1595.0387888348491
  SUMM_ME: 873.39310513903604
SystemInformation:
  OSName: Ubuntu 24.04.1 LTS
  Kernel: 6.8.0-1017-azure
  Device: ""
  Processor: ARM Neoverse-N1 2 Core 0 MHz
  NumSockets: 1
  Manufacturer: ARM
  NumCores: 2
  NumLogicals: 2
  CPUFrequency: 0
  Memory: 7923
Checksum: F38408F185A75BC4D9D11BA437EA1B7D115000AD