BaselineInfo:
  WebDBID: -1
  TimeStamp: 20241115124708
Version:
  Major: 11
  Minor: 0
  Build: 1002
  SpecialBuildName: ""
  ptArchitecture: aarch64_linux
Results:
  Results Complete: true
  NumTestProcesses: 2
  CPU_INTEGER_MATH: 9380.4726666666684
  CPU_FLOATINGPOINT_MATH: 7140.0181503883086
  CPU_PRIME: 14.888996330224899
  CPU_SORTING: 6598.107557193689
  CPU_ENCRYPTION: 318.54847132484787
  CPU_COMPRESSION: 10544.719694070667
  CPU_SINGLETHREAD: 1326.7004976189896
  CPU_PHYSICS: 312.53631640786057
  CPU_MATRIX_MULT_SSE: 1484.0834922701092
  CPU_mm: 248.23584014156904
  CPU_sse: 1242.7388090676563
  CPU_fma: 1725.4281754725623
  CPU_avx: 0
  CPU_avx512: 0
  m_CPU_enc_SHA: 481253986.24326992
  m_CPU_enc_AES: 223200668.56036186
  m_CPU_enc_ECDSA: 297612190.80013919
  ME_ALLOC_S: 1355.6164273952413
  ME_READ_S: 11346.078417968751
  ME_READ_L: 7397.66357421875
  ME_WRITE: 14662.66796875
  ME_LARGE: 631
  ME_LATENCY: 79.251654961732513
  ME_THREADED: 14709.84716796875
  SUMM_CPU: 1586.7191243160564
  SUMM_ME: 852.92379203174301
SystemInformation:
  OSName: Ubuntu 24.04.1 LTS
  Kernel: 6.8.0-1017-azure
  Device: ""
  Processor: ARM Neoverse-N1 2 Core 0 MHz
  NumSockets: 1
  Manufacturer: ARM
  NumCores: 2
  NumLogicals: 2
  CPUFrequency: 0
  Memory: 7923
Checksum: 9B729DA1F092C8A023586D39B045BB64EEC904F0