BaselineInfo:
  WebDBID: -1
  TimeStamp: 20241107005417
Version:
  Major: 11
  Minor: 0
  Build: 1002
  SpecialBuildName: ""
  ptArchitecture: aarch64_linux
Results:
  Results Complete: true
  NumTestProcesses: 2
  CPU_INTEGER_MATH: 9383.005000000001
  CPU_FLOATINGPOINT_MATH: 7055.8598971039082
  CPU_PRIME: 16.931555951134413
  CPU_SORTING: 6730.5575658261923
  CPU_ENCRYPTION: 321.18556977464232
  CPU_COMPRESSION: 10527.067527035375
  CPU_SINGLETHREAD: 1327.6463082935725
  CPU_PHYSICS: 345.769428804597
  CPU_MATRIX_MULT_SSE: 1480.8014973081565
  CPU_mm: 248.55767415485175
  CPU_sse: 1233.3999284352062
  CPU_fma: 1728.2030661811068
  CPU_avx: 0
  CPU_avx512: 0
  m_CPU_enc_SHA: 479515692.03206432
  m_CPU_enc_AES: 223786931.87587279
  m_CPU_enc_ECDSA: 307059816.12810874
  ME_ALLOC_S: 1401.745802515768
  ME_READ_S: 11352.475
  ME_READ_L: 8734.1767578125
  ME_WRITE: 14801.783203125
  ME_LARGE: 625.41666666666663
  ME_LATENCY: 74.496359307160176
  ME_THREADED: 17430.248046875
  SUMM_CPU: 1598.5467768446824
  SUMM_ME: 883.44192465984668
SystemInformation:
  OSName: Ubuntu 24.04.1 LTS
  Kernel: 6.8.0-1017-azure
  Device: ""
  Processor: ARM Neoverse-N1 2 Core 0 MHz
  NumSockets: 1
  Manufacturer: ARM
  NumCores: 2
  NumLogicals: 2
  CPUFrequency: 0
  Memory: 7923
Checksum: AC02C57C2F1BAA2FAF64B46C44A440134908206B