---
system-info:
      stress-ng-version: 0.17.08
      run-by: root
      date-yyyy-mm-dd: 2024:09:17
      time-hh-mm-ss: 08:19:26
      epoch-secs: 1726561166
      hostname: sc-runner
      sysname: Linux
      nodename: sc-runner
      release: 6.8.0-1014-azure
      version: '#16-Ubuntu SMP Thu Aug 15 20:04:41 UTC 2024'
      machine: x86_64
      compiler: 'musl-gcc 13.2.1'
      uptime: 398
      totalram: 270438895616
      freeram: 258669527040
      sharedram: 79777792
      bufferram: 247721984
      totalswap: 0
      freeswap: 0
      pagesize: 4096
      cpus: 64
      cpus-online: 64
      ticks-per-second: 100

metrics:
    - stressor: cpu
      bogo-ops: 28912
      bogo-ops-per-second-usr-sys-time: 1445.591182
      bogo-ops-per-second-real-time: 1445.591780
      wall-clock-time: 20.000114
      user-time: 19.999122
      system-time: 0.001000
      cpu-usage-per-instance: 100.000041
      max-rss: 2560

...
