---
system-info:
      stress-ng-version: 0.17.08
      run-by: root
      date-yyyy-mm-dd: 2024:06:14
      time-hh-mm-ss: 19:17:07
      epoch-secs: 1718392627
      hostname: c37d3eb1124e
      sysname: Linux
      nodename: c37d3eb1124e
      release: 6.8.0-1008-aws
      version: '#8-Ubuntu SMP Sat Apr 20 00:46:25 UTC 2024'
      machine: x86_64
      compiler: 'musl-gcc 13.2.1'
      uptime: 143
      totalram: 267549704192
      freeram: 262274461696
      sharedram: 78815232
      bufferram: 108163072
      totalswap: 0
      freeswap: 0
      pagesize: 4096
      cpus: 64
      cpus-online: 64
      ticks-per-second: 100

metrics:
    - stressor: cpu
      bogo-ops: 1116352
      bogo-ops-per-second-usr-sys-time: 872.587419
      bogo-ops-per-second-real-time: 55817.316022
      wall-clock-time: 20.000102
      user-time: 1279.318368
      system-time: 0.039981
      cpu-usage-per-instance: 99.949363
      max-rss: 512

...
