---
system-info:
      stress-ng-version: 0.17.08
      run-by: root
      date-yyyy-mm-dd: 2024:06:08
      time-hh-mm-ss: 13:00:09
      epoch-secs: 1717851609
      hostname: 0c35cb566ec1
      sysname: Linux
      nodename: 0c35cb566ec1
      release: 6.8.0-1008-aws
      version: '#8-Ubuntu SMP Sat Apr 20 00:46:25 UTC 2024'
      machine: x86_64
      compiler: 'musl-gcc 13.2.1'
      uptime: 116
      totalram: 267549749248
      freeram: 262128664576
      sharedram: 78815232
      bufferram: 101425152
      totalswap: 0
      freeswap: 0
      pagesize: 4096
      cpus: 64
      cpus-online: 64
      ticks-per-second: 100

metrics:
    - stressor: cpu
      bogo-ops: 665800
      bogo-ops-per-second-usr-sys-time: 1041.256251
      bogo-ops-per-second-real-time: 66566.605166
      wall-clock-time: 10.002012
      user-time: 639.324981
      system-time: 0.094950
      cpu-usage-per-instance: 99.889264
      max-rss: 3584

...
