---
system-info:
      stress-ng-version: 0.17.08
      run-by: root
      date-yyyy-mm-dd: 2024:07:03
      time-hh-mm-ss: 11:36:41
      epoch-secs: 1720006601
      hostname: n2-standard-96-af14652
      sysname: Linux
      nodename: n2-standard-96-af14652
      release: 6.8.0-1009-gcp
      version: '#10-Ubuntu SMP Wed Jun 12 18:52:23 UTC 2024'
      machine: x86_64
      compiler: 'musl-gcc 13.2.1'
      uptime: 135
      totalram: 405717569536
      freeram: 399328337920
      sharedram: 115470336
      bufferram: 131465216
      totalswap: 0
      freeswap: 0
      pagesize: 4096
      cpus: 96
      cpus-online: 96
      ticks-per-second: 100

metrics:
    - stressor: cpu
      bogo-ops: 1811423
      bogo-ops-per-second-usr-sys-time: 943.745097
      bogo-ops-per-second-real-time: 90570.773268
      wall-clock-time: 20.000083
      user-time: 1919.360602
      system-time: 0.037980
      cpu-usage-per-instance: 99.968260
      max-rss: 0

...
