BaselineInfo:
  WebDBID: -1
  TimeStamp: 20241122081843
Version:
  Major: 11
  Minor: 0
  Build: 1002
  SpecialBuildName: ""
  ptArchitecture: x86_64_linux
Results:
  Results Complete: true
  NumTestProcesses: 4
  CPU_INTEGER_MATH: 18953.663
  CPU_FLOATINGPOINT_MATH: 10614.58931154387
  CPU_PRIME: 47.336921760730149
  CPU_SORTING: 11616.996448455027
  CPU_ENCRYPTION: 4808.5042739399832
  CPU_COMPRESSION: 78354.786867460294
  CPU_SINGLETHREAD: 2903.0858332925618
  CPU_PHYSICS: 926.30731025401724
  CPU_MATRIX_MULT_SSE: 5345.8121696666112
  CPU_mm: 507.86879448123199
  CPU_sse: 2225.1498061183247
  CPU_fma: 7008.3502369981106
  CPU_avx: 5768.7936567421684
  CPU_avx512: 6380.9549788078402
  m_CPU_enc_SHA: 6714520379.962326
  m_CPU_enc_AES: 4562515799.3827915
  m_CPU_enc_ECDSA: 3849210353.3075604
  ME_ALLOC_S: 1971.8038442766397
  ME_READ_S: 27788.917382812499
  ME_READ_L: 27478.001953125
  ME_WRITE: 26761.837890625
  ME_LARGE: 21290
  ME_LATENCY: 77.707125763444509
  ME_THREADED: 37231.7275390625
  SUMM_CPU: 7531.8409656526055
  SUMM_ME: 2387.0590268949595
SystemInformation:
  OSName: Ubuntu 24.04.1 LTS
  Kernel: 6.8.0-1017-azure
  Device: ""
  Processor: AMD EPYC 9V74 80-Core Processor
  NumSockets: 1
  Manufacturer: AuthenticAMD
  NumCores: 2
  NumLogicals: 4
  CPUFrequency: 0
  Memory: 32093
  MemModuleInfo:
    iNumMemSticks: 2
    DIMM 1:
      manufacturer: Microsoft Corporation
      modulePartNo: None
      memType: Unknown
      size: 1
      clkspeed: 0
      moduleVoltage: 0
    DIMM 2:
      manufacturer: Microsoft Corporation
      modulePartNo: None
      memType: Unknown
      size: 31
      clkspeed: 0
      moduleVoltage: 0
Checksum: 31AF95AD0F8BD14531DFE0B73710D6F9CB74100F