---
system-info:
      stress-ng-version: 0.17.08
      run-by: root
      date-yyyy-mm-dd: 2024:06:13
      time-hh-mm-ss: 03:56:39
      epoch-secs: 1718250999
      hostname: 2ab9d31567f3
      sysname: Linux
      nodename: 2ab9d31567f3
      release: 6.8.0-1008-aws
      version: '#8-Ubuntu SMP Sat Apr 20 00:46:25 UTC 2024'
      machine: x86_64
      compiler: 'musl-gcc 13.2.1'
      uptime: 184
      totalram: 32067796992
      freeram: 27701219328
      sharedram: 32788480
      bufferram: 114069504
      totalswap: 0
      freeswap: 0
      pagesize: 4096
      cpus: 4
      cpus-online: 4
      ticks-per-second: 100

metrics:
    - stressor: cpu
      bogo-ops: 14777
      bogo-ops-per-second-usr-sys-time: 738.822146
      bogo-ops-per-second-real-time: 738.842839
      wall-clock-time: 20.000194
      user-time: 20.000754
      system-time: 0.000000
      cpu-usage-per-instance: 100.002801
      max-rss: 1104

...
