---
system-info:
      stress-ng-version: 0.17.08
      run-by: root
      date-yyyy-mm-dd: 2024:06:06
      time-hh-mm-ss: 20:25:09
      epoch-secs: 1717705509
      hostname: df49a6ec5766
      sysname: Linux
      nodename: df49a6ec5766
      release: 6.8.0-1008-aws
      version: '#8-Ubuntu SMP Sat Apr 20 00:46:25 UTC 2024'
      machine: x86_64
      compiler: 'musl-gcc 13.2.1'
      uptime: 172
      totalram: 32067801088
      freeram: 27864379392
      sharedram: 32788480
      bufferram: 88592384
      totalswap: 0
      freeswap: 0
      pagesize: 4096
      cpus: 4
      cpus-online: 4
      ticks-per-second: 100

metrics:
    - stressor: cpu
      bogo-ops: 11517
      bogo-ops-per-second-usr-sys-time: 1151.296586
      bogo-ops-per-second-real-time: 1151.307969
      wall-clock-time: 10.003405
      user-time: 10.003504
      system-time: 0.000000
      cpu-usage-per-instance: 100.000989
      max-rss: 3920

...
