---
system-info:
      stress-ng-version: 0.17.08
      run-by: root
      date-yyyy-mm-dd: 2024:07:29
      time-hh-mm-ss: 09:52:39
      epoch-secs: 1722246759
      hostname: c3d-highmem-8-lssd-d0a26c0
      sysname: Linux
      nodename: c3d-highmem-8-lssd-d0a26c0
      release: 6.8.0-1011-gcp
      version: '#12-Ubuntu SMP Wed Jul 10 21:47:53 UTC 2024'
      machine: x86_64
      compiler: 'musl-gcc 13.2.1'
      uptime: 143
      totalram: 67424690176
      freeram: 62055211008
      sharedram: 35024896
      bufferram: 143863808
      totalswap: 0
      freeswap: 0
      pagesize: 4096
      cpus: 8
      cpus-online: 8
      ticks-per-second: 100

metrics:
    - stressor: cpu
      bogo-ops: 57261
      bogo-ops-per-second-usr-sys-time: 2863.142193
      bogo-ops-per-second-real-time: 2863.036758
      wall-clock-time: 20.000093
      user-time: 19.999356
      system-time: 0.000000
      cpu-usage-per-instance: 99.996317
      max-rss: 976

...
