---
system-info:
      stress-ng-version: 0.17.08
      run-by: root
      date-yyyy-mm-dd: 2024:07:03
      time-hh-mm-ss: 04:32:36
      epoch-secs: 1719981156
      hostname: n2-highmem-48-c6bd0f7
      sysname: Linux
      nodename: n2-highmem-48-c6bd0f7
      release: 6.8.0-1009-gcp
      version: '#10-Ubuntu SMP Wed Jun 12 18:52:23 UTC 2024'
      machine: x86_64
      compiler: 'musl-gcc 13.2.1'
      uptime: 159
      totalram: 405737029632
      freeram: 399588855808
      sharedram: 71008256
      bufferram: 129658880
      totalswap: 0
      freeswap: 0
      pagesize: 4096
      cpus: 48
      cpus-online: 48
      ticks-per-second: 100

metrics:
    - stressor: cpu
      bogo-ops: 892385
      bogo-ops-per-second-usr-sys-time: 930.229775
      bogo-ops-per-second-real-time: 44619.018989
      wall-clock-time: 20.000104
      user-time: 959.274771
      system-time: 0.041974
      cpu-usage-per-instance: 99.928310
      max-rss: 1152

...
