---
system-info:
      stress-ng-version: 0.17.08
      run-by: root
      date-yyyy-mm-dd: 2024:09:18
      time-hh-mm-ss: 22:19:02
      epoch-secs: 1726697942
      hostname: sc-runner
      sysname: Linux
      nodename: sc-runner
      release: 6.8.0-1014-azure
      version: '#16-Ubuntu SMP Thu Aug 15 20:04:41 UTC 2024'
      machine: x86_64
      compiler: 'musl-gcc 13.2.1'
      uptime: 353
      totalram: 67425529856
      freeram: 57241202688
      sharedram: 42037248
      bufferram: 249032704
      totalswap: 0
      freeswap: 0
      pagesize: 4096
      cpus: 2
      cpus-online: 2
      ticks-per-second: 100

metrics:
    - stressor: cpu
      bogo-ops: 32579
      bogo-ops-per-second-usr-sys-time: 823.842501
      bogo-ops-per-second-real-time: 1628.935096
      wall-clock-time: 20.000183
      user-time: 39.530211
      system-time: 0.014969
      cpu-usage-per-instance: 98.862045
      max-rss: 3252

...
