---
system-info:
      stress-ng-version: 0.17.08
      run-by: root
      date-yyyy-mm-dd: 2024:09:03
      time-hh-mm-ss: 14:11:05
      epoch-secs: 1725372665
      hostname: sc-runner
      sysname: Linux
      nodename: sc-runner
      release: 6.8.0-1013-azure
      version: '#15-Ubuntu SMP Thu Aug  8 18:40:40 UTC 2024'
      machine: x86_64
      compiler: 'musl-gcc 13.2.1'
      uptime: 448
      totalram: 67425538048
      freeram: 58858098688
      sharedram: 56979456
      bufferram: 216489984
      totalswap: 0
      freeswap: 0
      pagesize: 4096
      cpus: 2
      cpus-online: 2
      ticks-per-second: 100

metrics:
    - stressor: cpu
      bogo-ops: 19087
      bogo-ops-per-second-usr-sys-time: 485.857405
      bogo-ops-per-second-real-time: 954.334926
      wall-clock-time: 20.000316
      user-time: 39.265117
      system-time: 0.020072
      cpu-usage-per-instance: 98.211421
      max-rss: 3256

...
