---
system-info:
      stress-ng-version: 0.17.08
      run-by: root
      date-yyyy-mm-dd: 2024:07:12
      time-hh-mm-ss: 13:55:53
      epoch-secs: 1720792553
      hostname: ip-172-31-35-214
      sysname: Linux
      nodename: ip-172-31-35-214
      release: 6.8.0-1010-aws
      version: '#10-Ubuntu SMP Thu Jun 13 17:36:15 UTC 2024'
      machine: x86_64
      compiler: 'musl-gcc 13.2.1'
      uptime: 276
      totalram: 257533632512
      freeram: 249396998144
      sharedram: 48676864
      bufferram: 133050368
      totalswap: 0
      freeswap: 0
      pagesize: 4096
      cpus: 32
      cpus-online: 32
      ticks-per-second: 100

metrics:
    - stressor: cpu
      bogo-ops: 17669
      bogo-ops-per-second-usr-sys-time: 883.470717
      bogo-ops-per-second-real-time: 883.448557
      wall-clock-time: 20.000033
      user-time: 19.999531
      system-time: 0.000000
      cpu-usage-per-instance: 99.997492
      max-rss: 1032

...
