BaselineInfo:
  WebDBID: -1
  TimeStamp: 20241107151749
Version:
  Major: 11
  Minor: 0
  Build: 1002
  SpecialBuildName: ""
  ptArchitecture: x86_64_linux
Results:
  Results Complete: true
  NumTestProcesses: 4
  CPU_INTEGER_MATH: 13786.708999999999
  CPU_FLOATINGPOINT_MATH: 7410.4847428725025
  CPU_PRIME: 24.253195709747871
  CPU_SORTING: 7240.7105768146766
  CPU_ENCRYPTION: 1899.6892065337602
  CPU_COMPRESSION: 61561.748800450296
  CPU_SINGLETHREAD: 2200.4513656280214
  CPU_PHYSICS: 493.79907505921017
  CPU_MATRIX_MULT_SSE: 3545.3760460813473
  CPU_mm: 415.70814763981065
  CPU_sse: 1512.5284417750463
  CPU_fma: 4439.2997983555633
  CPU_avx: 3136.3888116566159
  CPU_avx512: 5093.2871325381666
  m_CPU_enc_SHA: 621052007.34709704
  m_CPU_enc_AES: 4802016029.2866907
  m_CPU_enc_ECDSA: 552837491.65724492
  ME_ALLOC_S: 1545.886410662552
  ME_READ_S: 26246.510351562501
  ME_READ_L: 10743.5283203125
  ME_WRITE: 9963.7177734375
  ME_LARGE: 6112
  ME_LATENCY: 51.133195816691739
  ME_THREADED: 25592.71044921875
  SUMM_CPU: 4761.9418025128125
  SUMM_ME: 2070.5022261659165
SystemInformation:
  OSName: Ubuntu 24.04.1 LTS
  Kernel: 6.8.0-1015-gcp
  Device: ""
  Processor: Intel Xeon CPU @ 3.10GHz
  NumSockets: 1
  Manufacturer: GenuineIntel
  NumCores: 2
  NumLogicals: 4
  CPUFrequency: 0
  Memory: 15990
  MemModuleInfo:
    iNumMemSticks: 1
    DIMM 1:
      manufacturer: ""
      modulePartNo: ""
      memType: RAM
      size: 16
      clkspeed: 0
      moduleVoltage: 0
Checksum: 4EFFF4FF39D052A92B55C7060DA78293FBF12EBA