---
system-info:
      stress-ng-version: 0.17.08
      run-by: root
      date-yyyy-mm-dd: 2024:06:08
      time-hh-mm-ss: 02:44:34
      epoch-secs: 1717814674
      hostname: 73875fa607c6
      sysname: Linux
      nodename: 73875fa607c6
      release: 6.8.0-1008-aws
      version: '#8-Ubuntu SMP Sat Apr 20 00:46:25 UTC 2024'
      machine: x86_64
      compiler: 'musl-gcc 13.2.1'
      uptime: 133
      totalram: 811214790656
      freeram: 805061046272
      sharedram: 72335360
      bufferram: 95748096
      totalswap: 0
      freeswap: 0
      pagesize: 4096
      cpus: 96
      cpus-online: 96
      ticks-per-second: 100

metrics:
    - stressor: cpu
      bogo-ops: 15862
      bogo-ops-per-second-usr-sys-time: 1585.766927
      bogo-ops-per-second-real-time: 1585.756217
      wall-clock-time: 10.002799
      user-time: 10.000732
      system-time: 0.001999
      cpu-usage-per-instance: 99.999325
      max-rss: 3072

...
