---
system-info:
      stress-ng-version: 0.17.08
      run-by: root
      date-yyyy-mm-dd: 2024:06:14
      time-hh-mm-ss: 12:36:51
      epoch-secs: 1718368611
      hostname: d209bb108bc4
      sysname: Linux
      nodename: d209bb108bc4
      release: 6.8.0-1008-aws
      version: '#8-Ubuntu SMP Sat Apr 20 00:46:25 UTC 2024'
      machine: x86_64
      compiler: 'musl-gcc 13.2.1'
      uptime: 122
      totalram: 200450957312
      freeram: 195656200192
      sharedram: 41439232
      bufferram: 107356160
      totalswap: 0
      freeswap: 0
      pagesize: 4096
      cpus: 48
      cpus-online: 48
      ticks-per-second: 100

metrics:
    - stressor: cpu
      bogo-ops: 811049
      bogo-ops-per-second-usr-sys-time: 845.257995
      bogo-ops-per-second-real-time: 40552.232753
      wall-clock-time: 20.000107
      user-time: 959.499356
      system-time: 0.028983
      cpu-usage-per-instance: 99.950333
      max-rss: 1152

...
