---
system-info:
      stress-ng-version: 0.17.08
      run-by: root
      date-yyyy-mm-dd: 2024:06:06
      time-hh-mm-ss: 20:41:53
      epoch-secs: 1717706513
      hostname: d25042adcdaa
      sysname: Linux
      nodename: d25042adcdaa
      release: 6.8.0-1008-aws
      version: '#8-Ubuntu SMP Sat Apr 20 00:46:25 UTC 2024'
      machine: x86_64
      compiler: 'musl-gcc 13.2.1'
      uptime: 126
      totalram: 200450973696
      freeram: 195777380352
      sharedram: 41439232
      bufferram: 86384640
      totalswap: 0
      freeswap: 0
      pagesize: 4096
      cpus: 48
      cpus-online: 48
      ticks-per-second: 100

metrics:
    - stressor: cpu
      bogo-ops: 485010
      bogo-ops-per-second-usr-sys-time: 1011.010918
      bogo-ops-per-second-real-time: 48492.316253
      wall-clock-time: 10.001791
      user-time: 479.655808
      system-time: 0.071949
      cpu-usage-per-instance: 99.925389
      max-rss: 3840

...
