BaselineInfo:
  WebDBID: -1
  TimeStamp: 20241109093631
Version:
  Major: 11
  Minor: 0
  Build: 1002
  SpecialBuildName: ""
  ptArchitecture: x86_64_linux
Results:
  Results Complete: true
  NumTestProcesses: 96
  CPU_INTEGER_MATH: 441344.3780000002
  CPU_FLOATINGPOINT_MATH: 242353.09134825238
  CPU_PRIME: 525.86689128611397
  CPU_SORTING: 186050.04810172663
  CPU_ENCRYPTION: 110483.5965259745
  CPU_COMPRESSION: 1491999.3982476706
  CPU_SINGLETHREAD: 2635.6822981047071
  CPU_PHYSICS: 7446.2027111926982
  CPU_MATRIX_MULT_SSE: 77183.047810752571
  CPU_mm: 9654.9052680414607
  CPU_sse: 39818.600481689449
  CPU_fma: 104373.86794368419
  CPU_avx: 87356.675006884107
  CPU_avx512: 0
  m_CPU_enc_SHA: 161678261272.62143
  m_CPU_enc_AES: 104407630125.2861
  m_CPU_enc_ECDSA: 81465451734.553116
  ME_ALLOC_S: 27205.270244390282
  ME_READ_S: 26395.853320312501
  ME_READ_L: 17254.091796875
  ME_WRITE: 17406.896484375
  ME_LARGE: 365212.66666666669
  ME_LATENCY: 61.350823291300081
  ME_THREADED: 133327.33203125
  SUMM_CPU: 81621.716257650594
  SUMM_ME: 2947.610142282163
SystemInformation:
  OSName: Ubuntu 24.04.1 LTS
  Kernel: 6.8.0-1016-aws
  Device: ""
  Processor: AMD EPYC 7R13 Processor
  NumSockets: 1
  Manufacturer: AuthenticAMD
  NumCores: 48
  NumLogicals: 96
  CPUFrequency: 0
  Memory: 378794
  MemModuleInfo:
    iNumMemSticks: 2
    DIMM 1:
      manufacturer: Not Specified
      modulePartNo: Not Specified
      memType: DDR4
      size: 192
      clkspeed: 1600
      moduleVoltage: 0
    DIMM 2:
      manufacturer: Not Specified
      modulePartNo: Not Specified
      memType: DDR4
      size: 192
      clkspeed: 1600
      moduleVoltage: 0
Checksum: B1124AA1116FA4E4A74E9F6AA91341002BCFE055