BaselineInfo:
  WebDBID: -1
  TimeStamp: 20250212100453
Version:
  Major: 11
  Minor: 0
  Build: 1002
  SpecialBuildName: ""
  ptArchitecture: x86_64_linux
Results:
  Results Complete: true
  NumTestProcesses: 8
  CPU_INTEGER_MATH: 38250.682000000001
  CPU_FLOATINGPOINT_MATH: 27121.702008072811
  CPU_PRIME: 80.539506273706721
  CPU_SORTING: 19353.090729038442
  CPU_ENCRYPTION: 8475.5164254337233
  CPU_COMPRESSION: 138835.27300169002
  CPU_SINGLETHREAD: 2922.0524428542822
  CPU_PHYSICS: 1838.6065767576033
  CPU_MATRIX_MULT_SSE: 11449.303633244679
  CPU_mm: 1081.5353595989573
  CPU_sse: 4683.8665407559611
  CPU_fma: 12813.653814107307
  CPU_avx: 9913.6604706584676
  CPU_avx512: 18386.033707456976
  m_CPU_enc_SHA: 8908377089.7554359
  m_CPU_enc_AES: 11602468561.304907
  m_CPU_enc_ECDSA: 6150823682.8864346
  ME_ALLOC_S: 5299.0074331671012
  ME_READ_S: 26044.840039062499
  ME_READ_L: 10360.5546875
  ME_WRITE: 9478.3251953125
  ME_LARGE: 53197
  ME_LATENCY: 57.575402323905429
  ME_THREADED: 62607.19287109375
  SUMM_CPU: 14266.065067159998
  SUMM_ME: 2445.1972433544088
SystemInformation:
  OSName: Ubuntu 24.04.1 LTS
  Kernel: 6.8.0-1021-azure
  Device: ""
  Processor: INTEL XEON PLATINUM 8573C
  NumSockets: 1
  Manufacturer: GenuineIntel
  NumCores: 4
  NumLogicals: 8
  CPUFrequency: 2300
  Memory: 64299
  MemModuleInfo:
    iNumMemSticks: 3
    DIMM 1:
      manufacturer: Microsoft Corporation
      modulePartNo: None
      memType: Unknown
      size: 1
      clkspeed: 0
      moduleVoltage: 0
    DIMM 2:
      manufacturer: Microsoft Corporation
      modulePartNo: None
      memType: Unknown
      size: 59
      clkspeed: 0
      moduleVoltage: 0
    DIMM 3:
      manufacturer: Microsoft Corporation
      modulePartNo: None
      memType: Unknown
      size: 4
      clkspeed: 0
      moduleVoltage: 0
Checksum: B6E9F3E876D9EF736BD8CAA1DC79AED7D2997E79