---
system-info:
      stress-ng-version: 0.17.08
      run-by: root
      date-yyyy-mm-dd: 2024:07:11
      time-hh-mm-ss: 14:42:00
      epoch-secs: 1720708920
      hostname: ip-172-31-42-128
      sysname: Linux
      nodename: ip-172-31-42-128
      release: 6.8.0-1010-aws
      version: '#10-Ubuntu SMP Thu Jun 13 17:36:15 UTC 2024'
      machine: x86_64
      compiler: 'musl-gcc 13.2.1'
      uptime: 141
      totalram: 33091211264
      freeram: 28061749248
      sharedram: 66314240
      bufferram: 129847296
      totalswap: 0
      freeswap: 0
      pagesize: 4096
      cpus: 4
      cpus-online: 4
      ticks-per-second: 100

metrics:
    - stressor: cpu
      bogo-ops: 42186
      bogo-ops-per-second-usr-sys-time: 2109.292301
      bogo-ops-per-second-real-time: 2109.291174
      wall-clock-time: 20.000084
      user-time: 19.998074
      system-time: 0.001999
      cpu-usage-per-instance: 99.999947
      max-rss: 1104

...
