---
system-info:
      stress-ng-version: 0.17.08
      run-by: root
      date-yyyy-mm-dd: 2024:06:10
      time-hh-mm-ss: 03:40:50
      epoch-secs: 1717990850
      hostname: 958c1516c9b1
      sysname: Linux
      nodename: 958c1516c9b1
      release: 6.8.0-1008-aws
      version: '#8-Ubuntu SMP Sat Apr 20 00:46:25 UTC 2024'
      machine: x86_64
      compiler: 'musl-gcc 13.2.1'
      uptime: 112
      totalram: 33091219456
      freeram: 28502212608
      sharedram: 66330624
      bufferram: 114671616
      totalswap: 0
      freeswap: 0
      pagesize: 4096
      cpus: 4
      cpus-online: 4
      ticks-per-second: 100

metrics:
    - stressor: cpu
      bogo-ops: 21941
      bogo-ops-per-second-usr-sys-time: 2194.089468
      bogo-ops-per-second-real-time: 2194.088910
      wall-clock-time: 10.000051
      user-time: 9.998047
      system-time: 0.002001
      cpu-usage-per-instance: 99.999975
      max-rss: 3920

...
