BaselineInfo:
  WebDBID: -1
  TimeStamp: 20260404065322
Version:
  Major: 11
  Minor: 0
  Build: 1004
  SpecialBuildName: ""
  ptArchitecture: x86_64_linux
Results:
  Results Complete: true
  NumTestProcesses: 4
  CPU_INTEGER_MATH: 9813.8566666666666
  CPU_FLOATINGPOINT_MATH: 5262.511698015629
  CPU_PRIME: 25.572734509286093
  CPU_SORTING: 6159.783220459336
  CPU_ENCRYPTION: 1357.5002468580096
  CPU_COMPRESSION: 45390.38150383153
  CPU_SINGLETHREAD: 1676.8341585764354
  CPU_PHYSICS: 462.77298257064297
  CPU_MATRIX_MULT_SSE: 2983.309675810814
  CPU_mm: 298.75541072697274
  CPU_sse: 1066.0134473912008
  CPU_fma: 3644.2164827046927
  CPU_avx: 2575.9188369349499
  CPU_avx512: 4647.0899362124137
  m_CPU_enc_SHA: 443376720.77179897
  m_CPU_enc_AES: 3429191985.5923247
  m_CPU_enc_ECDSA: 397757830.18402928
  ME_ALLOC_S: 1105.7866552851342
  ME_READ_S: 19523.701171875
  ME_READ_L: 6629.1025390625
  ME_WRITE: 6855.91796875
  ME_LARGE: 2877.8333333333335
  ME_LATENCY: 75.205909580399407
  ME_THREADED: 20106.6748046875
  SUMM_CPU: 3635.2084490058155
  SUMM_ME: 1360.1382618782611
SystemInformation:
  OSName: Ubuntu 24.04.4 LTS
  Kernel: 6.8.0-106-generic
  Device: ""
  Processor: Intel(R) Xeon(R) Platinum 8269CY CPU @ 2.50GHz
  NumSockets: 1
  Manufacturer: GenuineIntel
  NumCores: 2
  NumLogicals: 4
  CPUFrequency: 2500
  CPUMaxFrequency: 3800
  Memory: 15609
  CPUInfo:
    number: 1
    Family: 6
    Model: 5
    stepping: 7
    features: 529267711
    manufacture: GenuineIntel
    typestring: Intel(R) Xeon(R) Platinum 8269CY CPU @ 2.50GHz
    iCoresPerPackage: 2
    iThreadsPerPackage: 2
    featuresEx:
      - 529267711
      - 4294586883
      - 739248128
    bHybrid: false
    nPCore: 0
    nLogicalsPerPCore: 0
    nECore: 0
    nLogicalsPerECore: 0
  MemModuleInfo:
    iNumMemSticks: 1
    DIMM 1:
      manufacturer: Alibaba Cloud
      modulePartNo: Not Specified
      memType: RAM
      size: 16
      clkspeed: 0
      moduleVoltage: 0
Checksum: 08C72F80706046972804DB16A28A1A2BBDBC4F75