BaselineInfo:
  WebDBID: -1
  TimeStamp: 20251208123439
Version:
  Major: 11
  Minor: 0
  Build: 1002
  SpecialBuildName: ""
  ptArchitecture: x86_64_linux
Results:
  Results Complete: true
  NumTestProcesses: 2
  CPU_INTEGER_MATH: 8036.1350000000002
  CPU_FLOATINGPOINT_MATH: 6867.7738441886559
  CPU_PRIME: 29.102062922206894
  CPU_SORTING: 5586.6492698663151
  CPU_ENCRYPTION: 755.64878142541579
  CPU_COMPRESSION: 41729.316876263969
  CPU_SINGLETHREAD: 2186.2094944969226
  CPU_PHYSICS: 462.33921962984203
  CPU_MATRIX_MULT_SSE: 2562.9320051016871
  CPU_mm: 359.48412489558052
  CPU_sse: 1473.3680764835494
  CPU_fma: 3764.4349912242551
  CPU_avx: 2450.9929475972567
  CPU_avx512: 0
  m_CPU_enc_SHA: 551003227.23993051
  m_CPU_enc_AES: 1345279957.8493996
  m_CPU_enc_ECDSA: 480782344.80648029
  ME_ALLOC_S: 1436.349501865976
  ME_READ_S: 24163.347070312499
  ME_READ_L: 10580.359375
  ME_WRITE: 8229.2802734375
  ME_LARGE: 2946.5
  ME_LATENCY: 47.620286412884774
  ME_THREADED: 19623.8515625
  SUMM_CPU: 3050.6088881265114
  SUMM_ME: 1774.6763131230039
SystemInformation:
  OSName: Ubuntu 24.04.2 LTS
  Kernel: 6.8.0-86-generic
  Device: ""
  Processor: Intel Core Processor (Haswell, no TSX)
  NumSockets: 2
  Manufacturer: GenuineIntel
  NumCores: 2
  NumLogicals: 2
  CPUFrequency: 0
  Memory: 14629
  MemModuleInfo:
    iNumMemSticks: 1
    DIMM 1:
      manufacturer: QEMU
      modulePartNo: Not Specified
      memType: RAM
      size: 15000
      clkspeed: 0
      moduleVoltage: 0
Checksum: 17ADEC504769F9976B8E9D9E1AB432D17C6E5172