---
system-info:
      stress-ng-version: 0.17.08
      run-by: root
      date-yyyy-mm-dd: 2024:09:20
      time-hh-mm-ss: 13:55:45
      epoch-secs: 1726840545
      hostname: ip-172-31-23-194
      sysname: Linux
      nodename: ip-172-31-23-194
      release: 6.8.0-1014-aws
      version: '#15-Ubuntu SMP Thu Aug  8 20:05:03 UTC 2024'
      machine: aarch64
      compiler: 'musl-gcc 13.2.1'
      uptime: 168
      totalram: 1062696046592
      freeram: 1051591901184
      sharedram: 39899136
      bufferram: 245723136
      totalswap: 0
      freeswap: 0
      pagesize: 4096
      cpus: 64
      cpus-online: 64
      ticks-per-second: 100

metrics:
    - stressor: cpu
      bogo-ops: 2181677
      bogo-ops-per-second-usr-sys-time: 1704.779053
      bogo-ops-per-second-real-time: 109083.501844
      wall-clock-time: 20.000064
      user-time: 1279.729800
      system-time: 0.011992
      cpu-usage-per-instance: 99.979508
      max-rss: 1024

...
