BaselineInfo:
  WebDBID: -1
  TimeStamp: 20250415004134
Version:
  Major: 11
  Minor: 0
  Build: 1002
  SpecialBuildName: ""
  ptArchitecture: x86_64_linux
Results:
  Results Complete: true
  NumTestProcesses: 48
  CPU_INTEGER_MATH: 224064.45066666667
  CPU_FLOATINGPOINT_MATH: 158722.69465814994
  CPU_PRIME: 470.39180860262513
  CPU_SORTING: 109944.00819013805
  CPU_ENCRYPTION: 49282.671414956174
  CPU_COMPRESSION: 800893.17400079046
  CPU_SINGLETHREAD: 2920.554877947457
  CPU_PHYSICS: 9660.1447826012791
  CPU_MATRIX_MULT_SSE: 65945.925816502204
  CPU_mm: 6335.9493931940706
  CPU_sse: 27284.482662283957
  CPU_fma: 73017.929888997212
  CPU_avx: 56481.776823345142
  CPU_avx512: 106999.51389138256
  m_CPU_enc_SHA: 52105216214.249405
  m_CPU_enc_AES: 67986022020.100052
  m_CPU_enc_ECDSA: 34938641150.477821
  ME_ALLOC_S: 25573.302395875762
  ME_READ_S: 26659.207226562499
  ME_READ_L: 9901.443359375
  ME_WRITE: 9276.9921875
  ME_LARGE: 181545.83333333334
  ME_LATENCY: 65.253531820810849
  ME_THREADED: 248925.99560546875
  SUMM_CPU: 62410.333831753363
  SUMM_ME: 2448.023090254228
SystemInformation:
  OSName: Ubuntu 24.04.2 LTS
  Kernel: 6.8.0-1021-azure
  Device: ""
  Processor: INTEL XEON PLATINUM 8573C
  NumSockets: 1
  Manufacturer: GenuineIntel
  NumCores: 24
  NumLogicals: 48
  CPUFrequency: 2300
  Memory: 193211
  MemModuleInfo:
    iNumMemSticks: 3
    DIMM 1:
      manufacturer: Microsoft Corporation
      modulePartNo: None
      memType: Unknown
      size: 1
      clkspeed: 0
      moduleVoltage: 0
    DIMM 2:
      manufacturer: Microsoft Corporation
      modulePartNo: None
      memType: Unknown
      size: 59
      clkspeed: 0
      moduleVoltage: 0
    DIMM 3:
      manufacturer: Microsoft Corporation
      modulePartNo: None
      memType: Unknown
      size: 132
      clkspeed: 0
      moduleVoltage: 0
Checksum: BFC4D9A4FC78D4BE15AE8F87590DCBA7D21A48D1