---
system-info:
      stress-ng-version: 0.17.08
      run-by: root
      date-yyyy-mm-dd: 2024:09:16
      time-hh-mm-ss: 13:14:42
      epoch-secs: 1726492482
      hostname: sc-runner
      sysname: Linux
      nodename: sc-runner
      release: 6.8.0-1014-azure
      version: '#16-Ubuntu SMP Thu Aug 15 20:04:41 UTC 2024'
      machine: x86_64
      compiler: 'musl-gcc 13.2.1'
      uptime: 311
      totalram: 33649868800
      freeram: 23427297280
      sharedram: 54931456
      bufferram: 238792704
      totalswap: 0
      freeswap: 0
      pagesize: 4096
      cpus: 8
      cpus-online: 8
      ticks-per-second: 100

metrics:
    - stressor: cpu
      bogo-ops: 37982
      bogo-ops-per-second-usr-sys-time: 1899.076736
      bogo-ops-per-second-real-time: 1899.095314
      wall-clock-time: 20.000049
      user-time: 19.999245
      system-time: 0.001000
      cpu-usage-per-instance: 100.000978
      max-rss: 3152

...
