BaselineInfo:
  WebDBID: -1
  TimeStamp: 20260611235722
Version:
  Major: 11
  Minor: 0
  Build: 1004
  SpecialBuildName: ""
  ptArchitecture: x86_64_linux
Results:
  Results Complete: true
  NumTestProcesses: 4
  CPU_INTEGER_MATH: 14997.353666666666
  CPU_FLOATINGPOINT_MATH: 10434.453151168271
  CPU_PRIME: 23.935625513933168
  CPU_SORTING: 4868.5797818716374
  CPU_ENCRYPTION: 1868.0705678536847
  CPU_COMPRESSION: 58780.140570321164
  CPU_SINGLETHREAD: 1464.4907565144649
  CPU_PHYSICS: 423.5490122644178
  CPU_MATRIX_MULT_SSE: 5011.9442112840879
  CPU_mm: 343.13823834799973
  CPU_sse: 2244.3936736289015
  CPU_fma: 7044.6808328374864
  CPU_avx: 4935.2971721720733
  CPU_avx512: 5823.4051664978879
  m_CPU_enc_SHA: 968919213.50984454
  m_CPU_enc_AES: 4102491635.390698
  m_CPU_enc_ECDSA: 805031042.37269318
  ME_ALLOC_S: 637.68042200721902
  ME_READ_S: 21519.744824218749
  ME_READ_L: 5239.29931640625
  ME_WRITE: 5857.99267578125
  ME_LARGE: 3931.6666666666665
  ME_LATENCY: 97.879101800161735
  ME_THREADED: 18400.4833984375
  SUMM_CPU: 4794.7869823356223
  SUMM_ME: 1173.1762617299539
SystemInformation:
  OSName: Ubuntu 24.04.4 LTS
  Kernel: 6.8.0-124-generic
  Device: ""
  Processor: Intel Xeon Processor (Skylake, IBRS)
  NumSockets: 1
  Manufacturer: GenuineIntel
  NumCores: 2
  NumLogicals: 4
  CPUFrequency: 743
  CPUMaxFrequency: 2696
  Memory: 7935
  CPUInfo:
    number: 1
    Family: 6
    Model: 5
    stepping: 4
    features: 395049983
    manufacture: GenuineIntel
    typestring: Intel Xeon Processor (Skylake, IBRS)
    iCoresPerPackage: 2
    iThreadsPerPackage: 2
    featuresEx:
      - 395049983
      - 4294586883
      - 739248128
    bHybrid: false
    nPCore: 0
    nLogicalsPerPCore: 0
    nECore: 0
    nLogicalsPerECore: 0
  MemModuleInfo:
    iNumMemSticks: 1
    DIMM 1:
      manufacturer: QEMU
      modulePartNo: Not Specified
      memType: RAM
      size: 8
      clkspeed: 0
      moduleVoltage: 0
Checksum: 761EA809EDB004D39CE1E5CC78F1B8459DB1BEF9