BaselineInfo:
  WebDBID: -1
  TimeStamp: 20241115145038
Version:
  Major: 11
  Minor: 0
  Build: 1002
  SpecialBuildName: ""
  ptArchitecture: x86_64_linux
Results:
  Results Complete: true
  NumTestProcesses: 2
  CPU_INTEGER_MATH: 4789.5889999999999
  CPU_FLOATINGPOINT_MATH: 2956.5577638165555
  CPU_PRIME: 5.6861380746101045
  CPU_SORTING: 2327.58205137185
  CPU_ENCRYPTION: 652.65067163888966
  CPU_COMPRESSION: 21614.822545228133
  CPU_SINGLETHREAD: 1535.0580697189948
  CPU_PHYSICS: 146.38803733388761
  CPU_MATRIX_MULT_SSE: 1158.9186431588928
  CPU_mm: 149.34295836157872
  CPU_sse: 563.54343804212772
  CPU_fma: 1789.8682866776417
  CPU_avx: 1123.3442047569088
  CPU_avx512: 0
  m_CPU_enc_SHA: 215596355.28296453
  m_CPU_enc_AES: 1649606347.3258736
  m_CPU_enc_ECDSA: 187858789.3844232
  ME_ALLOC_S: 451.25167965069045
  ME_READ_S: 18549.420214843751
  ME_READ_L: 5856.6416015625
  ME_WRITE: 6270.453125
  ME_LARGE: 597.83333333333337
  ME_LATENCY: 94.407954550202916
  ME_THREADED: 10984.78857421875
  SUMM_CPU: 1638.8538881392733
  SUMM_ME: 730.42937798255741
SystemInformation:
  OSName: Ubuntu 24.04.1 LTS
  Kernel: 6.8.0-1017-gcp
  Device: ""
  Processor: Intel Xeon CPU @ 2.30GHz
  NumSockets: 1
  Manufacturer: GenuineIntel
  NumCores: 1
  NumLogicals: 2
  CPUFrequency: 0
  Memory: 1762
  MemModuleInfo:
    iNumMemSticks: 1
    DIMM 1:
      manufacturer: ""
      modulePartNo: ""
      memType: RAM
      size: 1843
      clkspeed: 0
      moduleVoltage: 0
Checksum: 270A2D6BF97A55DB6B9B13911B365FE20EFE6917