BaselineInfo:
  WebDBID: -1
  TimeStamp: 20241114220121
Version:
  Major: 11
  Minor: 0
  Build: 1002
  SpecialBuildName: ""
  ptArchitecture: x86_64_linux
Results:
  Results Complete: true
  NumTestProcesses: 2
  CPU_INTEGER_MATH: 4813.4686666666666
  CPU_FLOATINGPOINT_MATH: 2959.40224052546
  CPU_PRIME: 7.9262768890068731
  CPU_SORTING: 2454.9255034508224
  CPU_ENCRYPTION: 660.94273164712342
  CPU_COMPRESSION: 21989.993104947724
  CPU_SINGLETHREAD: 1568.918412317141
  CPU_PHYSICS: 185.8740053067342
  CPU_MATRIX_MULT_SSE: 1036.0897231224067
  CPU_mm: 149.5671988851052
  CPU_sse: 555.65728907489529
  CPU_fma: 1571.5790306579925
  CPU_avx: 981.03284963433214
  CPU_avx512: 0
  m_CPU_enc_SHA: 217198246.48254478
  m_CPU_enc_AES: 1672049448.0007844
  m_CPU_enc_ECDSA: 189898362.85551304
  ME_ALLOC_S: 560.83181592119161
  ME_READ_S: 18506.755566406249
  ME_READ_L: 8210.0908203125
  ME_WRITE: 8071.8115234375
  ME_LARGE: 580
  ME_LATENCY: 62.513545427935441
  ME_THREADED: 10911.76220703125
  SUMM_CPU: 1680.9095380023614
  SUMM_ME: 827.13215961140054
SystemInformation:
  OSName: Ubuntu 24.04.1 LTS
  Kernel: 6.8.0-1015-gcp
  Device: ""
  Processor: Intel Xeon CPU @ 2.30GHz
  NumSockets: 1
  Manufacturer: GenuineIntel
  NumCores: 1
  NumLogicals: 2
  CPUFrequency: 0
  Memory: 1762
  MemModuleInfo:
    iNumMemSticks: 1
    DIMM 1:
      manufacturer: ""
      modulePartNo: ""
      memType: RAM
      size: 1843
      clkspeed: 0
      moduleVoltage: 0
Checksum: 4C56600121BB9522B1FFBFDD582F7A9AD1E460F0