BaselineInfo:
  WebDBID: -1
  TimeStamp: 20241107034955
Version:
  Major: 11
  Minor: 0
  Build: 1002
  SpecialBuildName: ""
  ptArchitecture: x86_64_linux
Results:
  Results Complete: true
  NumTestProcesses: 2
  CPU_INTEGER_MATH: 4825.5859999999993
  CPU_FLOATINGPOINT_MATH: 2968.2398724126838
  CPU_PRIME: 7.3138596149018529
  CPU_SORTING: 2501.8946163616611
  CPU_ENCRYPTION: 664.80419237508977
  CPU_COMPRESSION: 21986.529288438636
  CPU_SINGLETHREAD: 1570.5668189558166
  CPU_PHYSICS: 180.79021237689904
  CPU_MATRIX_MULT_SSE: 1051.3883594779441
  CPU_mm: 143.90771289530284
  CPU_sse: 560.04223846170748
  CPU_fma: 1591.6030868415755
  CPU_avx: 1002.5197531305494
  CPU_avx512: 0
  m_CPU_enc_SHA: 218242028.1830979
  m_CPU_enc_AES: 1682262724.4156199
  m_CPU_enc_ECDSA: 190788409.87298852
  ME_ALLOC_S: 561.7752040902036
  ME_READ_S: 18800.562695312499
  ME_READ_L: 7898.7080078125
  ME_WRITE: 7921.03955078125
  ME_LARGE: 641
  ME_LATENCY: 63.870806858330013
  ME_THREADED: 10554.9404296875
  SUMM_CPU: 1683.0082118991841
  SUMM_ME: 856.82538761658839
SystemInformation:
  OSName: Ubuntu 24.04.1 LTS
  Kernel: 6.8.0-1015-gcp
  Device: ""
  Processor: Intel Xeon CPU @ 2.30GHz
  NumSockets: 1
  Manufacturer: GenuineIntel
  NumCores: 1
  NumLogicals: 2
  CPUFrequency: 0
  Memory: 1762
  MemModuleInfo:
    iNumMemSticks: 1
    DIMM 1:
      manufacturer: ""
      modulePartNo: ""
      memType: RAM
      size: 1843
      clkspeed: 0
      moduleVoltage: 0
Checksum: 5D19B2D77F219EF6BD44FD0E5FC33B413F010C32