BaselineInfo:
  WebDBID: -1
  TimeStamp: 20241107144929
Version:
  Major: 11
  Minor: 0
  Build: 1002
  SpecialBuildName: ""
  ptArchitecture: x86_64_linux
Results:
  Results Complete: true
  NumTestProcesses: 2
  CPU_INTEGER_MATH: 5793.7656666666662
  CPU_FLOATINGPOINT_MATH: 3116.3875271149209
  CPU_PRIME: 12.5776402229837
  CPU_SORTING: 3089.3418399005895
  CPU_ENCRYPTION: 796.52967747119806
  CPU_COMPRESSION: 25987.588427159521
  CPU_SINGLETHREAD: 1782.1819583885529
  CPU_PHYSICS: 268.96261548034374
  CPU_MATRIX_MULT_SSE: 1655.2993679830913
  CPU_mm: 168.51568272011031
  CPU_sse: 629.27278926593931
  CPU_fma: 2086.0344711128655
  CPU_avx: 1475.2254917974296
  CPU_avx512: 2430.6647197561315
  m_CPU_enc_SHA: 262223632.45657241
  m_CPU_enc_AES: 2012840220.95171
  m_CPU_enc_ECDSA: 230601855.84383434
  ME_ALLOC_S: 690.77673391536621
  ME_READ_S: 22614.2236328125
  ME_READ_L: 11388.8837890625
  ME_WRITE: 9924.95703125
  ME_LARGE: 5833
  ME_LATENCY: 55.461895522672826
  ME_THREADED: 12501.10986328125
  SUMM_CPU: 2095.542258786531
  SUMM_ME: 1673.9278247494619
SystemInformation:
  OSName: Ubuntu 24.04.1 LTS
  Kernel: 6.8.0-1016-aws
  Device: ""
  Processor: Intel Xeon Platinum 8259CL CPU @ 2.50GHz
  NumSockets: 1
  Manufacturer: GenuineIntel
  NumCores: 1
  NumLogicals: 2
  CPUFrequency: 0
  Memory: 15788
  MemModuleInfo:
    iNumMemSticks: 1
    DIMM 1:
      manufacturer: Not Specified
      modulePartNo: Not Specified
      memType: DDR4
      size: 16
      clkspeed: 1466
      moduleVoltage: 0
Checksum: 353F64AAA77BBC8FC0A240A44F8E92247FD331A8