---
system-info:
      stress-ng-version: 0.17.08
      run-by: root
      date-yyyy-mm-dd: 2024:06:21
      time-hh-mm-ss: 08:41:03
      epoch-secs: 1718959263
      hostname: d19e1a6adb88
      sysname: Linux
      nodename: d19e1a6adb88
      release: 6.8.0-1008-gcp
      version: '#9-Ubuntu SMP Wed May 22 18:09:04 UTC 2024'
      machine: x86_64
      compiler: 'musl-gcc 13.2.1'
      uptime: 181
      totalram: 31538270208
      freeram: 26418630656
      sharedram: 48656384
      bufferram: 134115328
      totalswap: 0
      freeswap: 0
      pagesize: 4096
      cpus: 8
      cpus-online: 8
      ticks-per-second: 100

metrics:
    - stressor: cpu
      bogo-ops: 116166
      bogo-ops-per-second-usr-sys-time: 728.858218
      bogo-ops-per-second-real-time: 5808.247404
      wall-clock-time: 20.000181
      user-time: 159.348823
      system-time: 0.031969
      cpu-usage-per-instance: 99.612093
      max-rss: 1104

...
