---
system-info:
      stress-ng-version: 0.17.08
      run-by: root
      date-yyyy-mm-dd: 2024:09:16
      time-hh-mm-ss: 22:24:31
      epoch-secs: 1726525471
      hostname: sc-runner
      sysname: Linux
      nodename: sc-runner
      release: 6.8.0-1014-azure
      version: '#16-Ubuntu SMP Thu Aug 15 20:04:41 UTC 2024'
      machine: x86_64
      compiler: 'musl-gcc 13.2.1'
      uptime: 289
      totalram: 135069491200
      freeram: 124852649984
      sharedram: 54927360
      bufferram: 254676992
      totalswap: 0
      freeswap: 0
      pagesize: 4096
      cpus: 4
      cpus-online: 4
      ticks-per-second: 100

metrics:
    - stressor: cpu
      bogo-ops: 77309
      bogo-ops-per-second-usr-sys-time: 970.901013
      bogo-ops-per-second-real-time: 3865.430266
      wall-clock-time: 20.000102
      user-time: 79.607049
      system-time: 0.018988
      cpu-usage-per-instance: 99.532038
      max-rss: 3280

...
