---
system-info:
      stress-ng-version: 0.17.08
      run-by: root
      date-yyyy-mm-dd: 2024:09:23
      time-hh-mm-ss: 21:24:33
      epoch-secs: 1727126673
      hostname: c4-highcpu-16-8dd22b5
      sysname: Linux
      nodename: c4-highcpu-16-8dd22b5
      release: 6.8.0-1014-gcp
      version: '#16-Ubuntu SMP Mon Aug 26 15:55:46 UTC 2024'
      machine: x86_64
      compiler: 'musl-gcc 13.2.1'
      uptime: 164
      totalram: 33648275456
      freeram: 23069302784
      sharedram: 274706432
      bufferram: 251674624
      totalswap: 0
      freeswap: 0
      pagesize: 4096
      cpus: 16
      cpus-online: 16
      ticks-per-second: 100

metrics:
    - stressor: cpu
      bogo-ops: 353966
      bogo-ops-per-second-usr-sys-time: 1106.768670
      bogo-ops-per-second-real-time: 17698.237748
      wall-clock-time: 20.000070
      user-time: 319.811323
      system-time: 0.007994
      cpu-usage-per-instance: 99.943185
      max-rss: 1104

...
