BaselineInfo:
  WebDBID: -1
  TimeStamp: 20260404030837
Version:
  Major: 11
  Minor: 0
  Build: 1004
  SpecialBuildName: ""
  ptArchitecture: x86_64_linux
Results:
  Results Complete: true
  NumTestProcesses: 4
  CPU_INTEGER_MATH: 9794.3316666666669
  CPU_FLOATINGPOINT_MATH: 5264.5464559813918
  CPU_PRIME: 24.661154252819045
  CPU_SORTING: 6086.8813049280934
  CPU_ENCRYPTION: 1357.1288623372488
  CPU_COMPRESSION: 45318.718549281068
  CPU_SINGLETHREAD: 1673.294348561569
  CPU_PHYSICS: 447.88496888149047
  CPU_MATRIX_MULT_SSE: 2960.8989104539769
  CPU_mm: 298.41949074550638
  CPU_sse: 1075.5552234099105
  CPU_fma: 3638.8218201718382
  CPU_avx: 2571.9812233702769
  CPU_avx512: 4557.237374863882
  m_CPU_enc_SHA: 443422745.54038596
  m_CPU_enc_AES: 3426999062.8607802
  m_CPU_enc_ECDSA: 398736453.46126294
  ME_ALLOC_S: 1099.9034017124018
  ME_READ_S: 19262.279296875
  ME_READ_L: 6632.5927734375
  ME_WRITE: 6808.6015625
  ME_LARGE: 1798.6666666666667
  ME_LATENCY: 75.253406834697103
  ME_THREADED: 19888.51123046875
  SUMM_CPU: 3617.6840727407448
  SUMM_ME: 1241.9770812691322
SystemInformation:
  OSName: Ubuntu 24.04.4 LTS
  Kernel: 6.8.0-106-generic
  Device: ""
  Processor: Intel(R) Xeon(R) Platinum 8269CY CPU @ 2.50GHz
  NumSockets: 1
  Manufacturer: GenuineIntel
  NumCores: 2
  NumLogicals: 4
  CPUFrequency: 2500
  CPUMaxFrequency: 3800
  Memory: 7555
  CPUInfo:
    number: 1
    Family: 6
    Model: 5
    stepping: 7
    features: 529267711
    manufacture: GenuineIntel
    typestring: Intel(R) Xeon(R) Platinum 8269CY CPU @ 2.50GHz
    iCoresPerPackage: 2
    iThreadsPerPackage: 2
    featuresEx:
      - 529267711
      - 4294586883
      - 739248128
    bHybrid: false
    nPCore: 0
    nLogicalsPerPCore: 0
    nECore: 0
    nLogicalsPerECore: 0
  MemModuleInfo:
    iNumMemSticks: 1
    DIMM 1:
      manufacturer: Alibaba Cloud
      modulePartNo: Not Specified
      memType: RAM
      size: 8
      clkspeed: 0
      moduleVoltage: 0
Checksum: 0433FB2BFD30EAE78AB33A8D73FDBB5EE67C115C