---
system-info:
      stress-ng-version: 0.17.08
      run-by: root
      date-yyyy-mm-dd: 2024:06:14
      time-hh-mm-ss: 14:41:56
      epoch-secs: 1718376116
      hostname: 05b27d4dcc22
      sysname: Linux
      nodename: 05b27d4dcc22
      release: 6.8.0-1008-aws
      version: '#8-Ubuntu SMP Sat Apr 20 02:43:14 UTC 2024'
      machine: aarch64
      compiler: 'musl-gcc 13.2.1'
      uptime: 191
      totalram: 8141369344
      freeram: 3904937984
      sharedram: 35028992
      bufferram: 109146112
      totalswap: 0
      freeswap: 0
      pagesize: 4096
      cpus: 2
      cpus-online: 2
      ticks-per-second: 100

metrics:
    - stressor: cpu
      bogo-ops: 30399
      bogo-ops-per-second-usr-sys-time: 1519.994992
      bogo-ops-per-second-real-time: 1519.946376
      wall-clock-time: 20.000048
      user-time: 19.999408
      system-time: 0.000000
      cpu-usage-per-instance: 99.996802
      max-rss: 1320

...
