---
system-info:
      stress-ng-version: 0.17.08
      run-by: root
      date-yyyy-mm-dd: 2024:06:07
      time-hh-mm-ss: 15:25:25
      epoch-secs: 1717773925
      hostname: 1864799670d9
      sysname: Linux
      nodename: 1864799670d9
      release: 6.8.0-1008-aws
      version: '#8-Ubuntu SMP Sat Apr 20 02:43:14 UTC 2024'
      machine: aarch64
      compiler: 'musl-gcc 13.2.1'
      uptime: 138
      totalram: 8141365248
      freeram: 3977388032
      sharedram: 35020800
      bufferram: 91389952
      totalswap: 0
      freeswap: 0
      pagesize: 4096
      cpus: 2
      cpus-online: 2
      ticks-per-second: 100

metrics:
    - stressor: cpu
      bogo-ops: 2940
      bogo-ops-per-second-usr-sys-time: 292.767274
      bogo-ops-per-second-real-time: 292.745050
      wall-clock-time: 10.042868
      user-time: 10.042106
      system-time: 0.000000
      cpu-usage-per-instance: 99.992409
      max-rss: 4008

...
